[name]
unknown

[dist]
# distance from previous block
# <min> <max>
4	736

[block]
# block no. 0 follows, 30 sequences, length 79
# corresponding to MSA columns:
# 811-889
name=unknown_A
#
# <colnr> <probs for GDERKNQSTAVLIFYWHMCP>
#	G	D	E	R	K	N	Q	S	T	A	V	L	I	F	Y	W	H	M	C	P
0	0.04207	0.04651	0.17040	0.02165	0.17390	0.09465	0.04777	0.04109	0.01726	0.11111	0.09025	0.02182	0.01757	0.00790	0.00681	0.00206	0.00819	0.02248	0.00470	0.05182
1	0.14373	0.03270	0.01747	0.05849	0.01969	0.06737	0.04248	0.17863	0.06838	0.08875	0.03307	0.02087	0.01447	0.09205	0.01020	0.00261	0.03287	0.00640	0.00535	0.06444
2	0.15171	0.01613	0.03738	0.05306	0.02034	0.11032	0.11010	0.05272	0.06854	0.07584	0.06330	0.02944	0.16300	0.00979	0.00695	0.00221	0.00732	0.00817	0.00529	0.00837
3	0.12031	0.04987	0.07035	0.11305	0.05837	0.01372	0.08856	0.03974	0.03067	0.14460	0.02355	0.07068	0.09226	0.00915	0.00682	0.00219	0.00710	0.00785	0.00512	0.04604
4	0.20185	0.01296	0.03469	0.01201	0.01674	0.01184	0.07037	0.05308	0.03162	0.07055	0.07701	0.05083	0.11015	0.00906	0.00633	0.00194	0.00575	0.00748	0.00527	0.21047
5	0.29498	0.06143	0.08638	0.01345	0.01887	0.01645	0.04325	0.16041	0.03500	0.11631	0.03239	0.01848	0.01299	0.00777	0.00600	0.00213	0.00683	0.02839	0.00537	0.03310
6	0.08516	0.01969	0.05190	0.01570	0.02040	0.19043	0.08550	0.11029	0.03628	0.07806	0.01520	0.01812	0.01209	0.03820	0.08895	0.00313	0.00997	0.00589	0.00466	0.11038
7	0.01881	0.01963	0.15335	0.07168	0.02242	0.11360	0.03030	0.04399	0.07644	0.14587	0.12750	0.02341	0.02086	0.00843	0.00687	0.00204	0.00765	0.00690	0.00543	0.09483
8	0.01881	0.04144	0.09649	0.15219	0.02412	0.04408	0.01357	0.08125	0.01731	0.18307	0.05043	0.04178	0.01619	0.01414	0.10385	0.00330	0.00905	0.00680	0.00522	0.07691
9	0.02329	0.01800	0.01843	0.11405	0.05561	0.17439	0.01277	0.09801	0.03809	0.22318	0.01735	0.01798	0.01239	0.00739	0.00653	0.00191	0.00806	0.00576	0.00553	0.14127
10	0.16014	0.01352	0.01667	0.01824	0.17123	0.01384	0.01157	0.15147	0.01832	0.05218	0.08653	0.08190	0.02009	0.05774	0.00843	0.00236	0.00626	0.00761	0.00530	0.09659
11	0.19390	0.01501	0.01697	0.01401	0.01870	0.03434	0.06496	0.08623	0.25137	0.11746	0.02057	0.02168	0.01553	0.00826	0.00647	0.00218	0.00643	0.02925	0.00604	0.07062
12	0.01788	0.01658	0.02393	0.16091	0.19797	0.06836	0.10506	0.15915	0.01872	0.02482	0.01453	0.01878	0.01162	0.01366	0.11365	0.00350	0.01067	0.00656	0.00419	0.00945
13	0.01162	0.01045	0.01663	0.50004	0.03560	0.01232	0.01504	0.01522	0.01405	0.01794	0.02454	0.18031	0.09601	0.01136	0.00753	0.00244	0.00753	0.01008	0.00420	0.00710
14	0.01447	0.01240	0.01447	0.01034	0.01654	0.00930	0.00827	0.01757	0.01447	0.02274	0.01240	0.01447	0.01034	0.00517	0.00517	0.00103	0.00517	0.00413	0.00413	0.79742
15	0.01736	0.01499	0.01578	0.01420	0.01815	0.01736	0.01105	0.03708	0.69862	0.02919	0.02840	0.02604	0.02130	0.00947	0.00710	0.00237	0.00552	0.00789	0.00710	0.01105
16	0.00862	0.00612	0.00806	0.00956	0.00994	0.00575	0.00631	0.00975	0.01313	0.01750	0.03726	0.69891	0.04464	0.07522	0.01084	0.00312	0.00425	0.01913	0.00631	0.00556
17	0.00958	0.00665	0.00765	0.00800	0.00835	0.00643	0.00483	0.01004	0.01148	0.01505	0.03100	0.19854	0.10683	0.51513	0.02676	0.00543	0.00582	0.01273	0.00496	0.00472
18	0.02418	0.08889	0.10006	0.01746	0.02227	0.49652	0.01472	0.11563	0.02052	0.02122	0.01170	0.01328	0.00936	0.00719	0.00628	0.00186	0.01126	0.00475	0.00393	0.00892
19	0.00850	0.00607	0.00810	0.00972	0.01012	0.00567	0.00648	0.00972	0.01336	0.01781	0.03846	0.75020	0.04615	0.02186	0.00891	0.00283	0.00405	0.01984	0.00648	0.00567
20	0.00850	0.00607	0.00810	0.00972	0.01012	0.00567	0.00648	0.00972	0.01336	0.01781	0.03846	0.75020	0.04615	0.02186	0.00891	0.00283	0.00405	0.01984	0.00648	0.00567
21	0.01852	0.11351	0.41499	0.01811	0.02603	0.15009	0.02020	0.11675	0.01815	0.02362	0.01248	0.01423	0.00931	0.00691	0.00638	0.00204	0.01005	0.00503	0.00364	0.00997
22	0.08139	0.00953	0.01218	0.01046	0.01378	0.00876	0.00821	0.02223	0.01851	0.31994	0.28772	0.11556	0.03836	0.01211	0.00748	0.00225	0.00467	0.01035	0.00769	0.00881
23	0.00850	0.00607	0.00810	0.00972	0.01012	0.00567	0.00648	0.00972	0.01336	0.01781	0.03846	0.75020	0.04615	0.02186	0.00891	0.00283	0.00405	0.01984	0.00648	0.00567
24	0.02511	0.01049	0.01326	0.01066	0.01484	0.00958	0.00864	0.05942	0.01884	0.45883	0.02546	0.02416	0.01722	0.00846	0.00632	0.00198	0.00514	0.00681	0.26467	0.01012
25	0.02519	0.02180	0.02076	0.01669	0.02126	0.16198	0.01353	0.48202	0.02776	0.03561	0.01472	0.01576	0.01099	0.00857	0.00861	0.00214	0.09020	0.00591	0.00587	0.01065
26	0.01730	0.57477	0.03182	0.01281	0.01743	0.02483	0.01212	0.01946	0.01337	0.01645	0.01051	0.01340	0.00982	0.01147	0.07848	0.00268	0.11727	0.00445	0.00307	0.00849
27	0.02361	0.02010	0.02203	0.07953	0.19400	0.15619	0.01548	0.27084	0.02321	0.10398	0.01551	0.01697	0.01149	0.00753	0.00683	0.00206	0.00873	0.00599	0.00532	0.01061
28	0.00944	0.00721	0.00895	0.00902	0.01080	0.00672	0.00697	0.01202	0.01676	0.02223	0.30037	0.09077	0.27459	0.02053	0.08605	0.00338	0.00547	0.09583	0.00663	0.00625
29	0.01736	0.01499	0.01578	0.01420	0.01815	0.01736	0.01105	0.03708	0.69862	0.02919	0.02840	0.02604	0.02130	0.00947	0.00710	0.00237	0.00552	0.00789	0.00710	0.01105
30	0.01736	0.01499	0.01578	0.01420	0.01815	0.01736	0.01105	0.03708	0.69862	0.02919	0.02840	0.02604	0.02130	0.00947	0.00710	0.00237	0.00552	0.00789	0.00710	0.01105
31	0.18422	0.01319	0.01406	0.01066	0.01618	0.01192	0.00860	0.09359	0.01623	0.02721	0.04502	0.01583	0.01253	0.00624	0.00534	0.00145	0.00541	0.00470	0.00466	0.50296
32	0.01759	0.31265	0.21105	0.09829	0.02699	0.02144	0.08931	0.10569	0.01691	0.02220	0.01211	0.01448	0.00951	0.00655	0.00604	0.00194	0.00890	0.00519	0.00355	0.00959
33	0.01647	0.01882	0.04118	0.02941	0.03647	0.01765	0.68588	0.02235	0.01647	0.02235	0.01412	0.01882	0.01059	0.00588	0.00824	0.00235	0.01176	0.00824	0.00353	0.00941
34	0.01318	0.01240	0.02093	0.73798	0.04806	0.01550	0.01938	0.01783	0.01395	0.01783	0.01240	0.01860	0.00930	0.00698	0.00698	0.00233	0.00930	0.00620	0.00310	0.00775
35	0.01751	0.01905	0.02451	0.05873	0.19432	0.18836	0.15290	0.02105	0.01697	0.02123	0.11609	0.04702	0.01956	0.00860	0.00847	0.00219	0.06289	0.00763	0.00419	0.00874
36	0.01687	0.01514	0.09621	0.06679	0.02077	0.01346	0.10616	0.17955	0.01923	0.02879	0.01819	0.02096	0.01377	0.00762	0.00621	0.00196	0.00675	0.00652	0.34633	0.00872
37	0.00825	0.00707	0.00707	0.00707	0.00943	0.00589	0.00530	0.01001	0.01591	0.01885	0.07069	0.06716	0.70839	0.01767	0.00825	0.00236	0.00353	0.01473	0.00648	0.00589
38	0.01318	0.01240	0.02093	0.73798	0.04806	0.01550	0.01938	0.01783	0.01395	0.01783	0.01240	0.01860	0.00930	0.00698	0.00698	0.00233	0.00930	0.00620	0.00310	0.00775
39	0.36174	0.35204	0.02337	0.01119	0.01640	0.02174	0.01018	0.09480	0.01524	0.02597	0.01049	0.01187	0.00867	0.00646	0.00469	0.00185	0.00659	0.00404	0.00401	0.00867
40	0.01137	0.00805	0.00931	0.00868	0.01111	0.00734	0.00662	0.01512	0.06744	0.07811	0.31497	0.05483	0.35094	0.01502	0.00806	0.00228	0.00377	0.01279	0.00717	0.00701
41	0.00959	0.00712	0.00893	0.00848	0.01025	0.00646	0.00636	0.01262	0.01908	0.02639	0.59626	0.05475	0.17813	0.01486	0.00823	0.00222	0.00333	0.01299	0.00747	0.00646
42	0.02068	0.02084	0.01710	0.01537	0.01925	0.24859	0.01181	0.03397	0.45349	0.04914	0.02262	0.02157	0.01714	0.00870	0.00683	0.00217	0.00784	0.00675	0.00601	0.01011
43	0.01456	0.34372	0.18783	0.01344	0.01874	0.01804	0.01395	0.01807	0.01435	0.01855	0.01958	0.17745	0.02039	0.01102	0.00651	0.00214	0.00729	0.08199	0.00411	0.00829
44	0.01013	0.00685	0.00802	0.00802	0.00816	0.00699	0.00474	0.01041	0.01027	0.01383	0.02162	0.04361	0.02448	0.67555	0.11350	0.00727	0.00811	0.00985	0.00417	0.00445
45	0.00850	0.00607	0.00810	0.00972	0.01012	0.00567	0.00648	0.00972	0.01336	0.01781	0.03846	0.75020	0.04615	0.02186	0.00891	0.00283	0.00405	0.01984	0.00648	0.00567
46	0.02088	0.02042	0.01567	0.01456	0.01769	0.34268	0.01140	0.02415	0.05076	0.10872	0.09831	0.03368	0.02400	0.01089	0.00731	0.00221	0.00872	0.14685	0.03295	0.00813
47	0.27730	0.02242	0.01706	0.01519	0.01814	0.32275	0.01198	0.02277	0.01498	0.02165	0.01004	0.01283	0.00856	0.00818	0.00970	0.00222	0.18805	0.00465	0.00370	0.00780
48	0.01667	0.10920	0.40396	0.02398	0.18786	0.01815	0.02184	0.09575	0.01695	0.02407	0.01282	0.01516	0.00971	0.00665	0.00650	0.00209	0.00923	0.00537	0.00352	0.01051
49	0.00911	0.00662	0.00803	0.00856	0.00946	0.00614	0.00576	0.01053	0.01429	0.01894	0.16860	0.32683	0.16545	0.19179	0.01491	0.00355	0.00445	0.01525	0.00618	0.00555
50	0.01424	0.01835	0.18204	0.16895	0.02672	0.01379	0.01561	0.01905	0.02954	0.02102	0.01243	0.01577	0.00988	0.00679	0.00794	0.00184	0.09035	0.00512	0.00358	0.33699
51	0.01354	0.01273	0.01806	0.01600	0.01641	0.01725	0.01313	0.01538	0.01086	0.01660	0.01227	0.01923	0.01186	0.02531	0.25269	0.00572	0.50597	0.00655	0.00328	0.00718
52	0.17697	0.17696	0.02154	0.01365	0.01882	0.10000	0.01156	0.26828	0.02185	0.10722	0.01440	0.01482	0.01068	0.00739	0.00585	0.00195	0.00755	0.00513	0.00541	0.00998
53	0.01772	0.25883	0.03101	0.03275	0.48499	0.02018	0.01832	0.02125	0.01533	0.02072	0.01201	0.01529	0.01037	0.00614	0.00612	0.00188	0.00802	0.00541	0.00330	0.01037
54	0.00931	0.00703	0.00859	0.00837	0.01012	0.00632	0.00621	0.01200	0.01816	0.02460	0.47476	0.11136	0.24599	0.01583	0.00829	0.00229	0.00342	0.01378	0.00725	0.00632
55	0.01001	0.00732	0.01045	0.01045	0.01143	0.00830	0.00776	0.01197	0.01099	0.01563	0.01940	0.03131	0.01914	0.20234	0.57942	0.01026	0.01614	0.00805	0.00384	0.00580
56	0.02209	0.01488	0.01716	0.01425	0.01830	0.01629	0.01142	0.27046	0.17496	0.16608	0.02379	0.11893	0.01944	0.01079	0.00853	0.00234	0.06420	0.00860	0.00695	0.01052
57	0.00945	0.00717	0.00898	0.00898	0.01029	0.00732	0.00651	0.01110	0.01249	0.01641	0.03646	0.04483	0.24484	0.21226	0.32394	0.00724	0.01084	0.01049	0.00475	0.00563
58	0.00868	0.00689	0.00730	0.00748	0.00912	0.00605	0.00521	0.01001	0.01439	0.01760	0.05666	0.13959	0.48786	0.17555	0.01415	0.00335	0.00428	0.01433	0.00600	0.00551
59	0.54959	0.01626	0.09175	0.01134	0.01658	0.01539	0.01041	0.07118	0.01486	0.12757	0.01305	0.01386	0.00938	0.00694	0.00515	0.00216	0.00619	0.00457	0.00497	0.00879
60	0.02662	0.01373	0.02196	0.02045	0.14912	0.01247	0.10742	0.03003	0.01872	0.48978	0.02297	0.02186	0.01518	0.00780	0.00717	0.00217	0.00719	0.00704	0.00696	0.01138
61	0.00891	0.00710	0.00799	0.00777	0.00983	0.00617	0.00582	0.01130	0.01747	0.02257	0.33031	0.06103	0.44646	0.01628	0.00824	0.00229	0.00344	0.01387	0.00697	0.00617
62	0.00932	0.00690	0.00870	0.00871	0.01020	0.00628	0.00636	0.01193	0.01777	0.02435	0.46289	0.20360	0.16432	0.01643	0.00838	0.00236	0.00349	0.01450	0.00723	0.00628
63	0.80405	0.01350	0.01026	0.00918	0.01350	0.01565	0.00756	0.02051	0.01188	0.03131	0.00972	0.01134	0.00756	0.00648	0.00432	0.00216	0.00540	0.00378	0.00432	0.00756
64	0.01622	0.17423	0.02540	0.01972	0.09637	0.02217	0.01525	0.01819	0.01202	0.01739	0.00972	0.01462	0.00933	0.01020	0.01716	0.00261	0.50240	0.00561	0.00308	0.00830
65	0.01732	0.52182	0.20980	0.01523	0.02238	0.02400	0.06451	0.02131	0.01449	0.01829	0.01074	0.01265	0.00904	0.00613	0.00530	0.00174	0.00850	0.00442	0.00301	0.00933
66	0.01036	0.00808	0.01078	0.10165	0.01556	0.00809	0.00842	0.01418	0.04967	0.02432	0.41649	0.12799	0.12615	0.01453	0.00815	0.00235	0.00438	0.03535	0.00676	0.00676
67	0.00850	0.00607	0.00810	0.00972	0.01012	0.00567	0.00648	0.00972	0.01336	0.01781	0.03846	0.75020	0.04615	0.02186	0.00891	0.00283	0.00405	0.01984	0.00648	0.00567
68	0.01449	0.01433	0.02187	0.01835	0.01937	0.01876	0.09033	0.01668	0.01144	0.01732	0.01137	0.01777	0.01075	0.01843	0.14292	0.00438	0.53403	0.00659	0.00323	0.00759
69	0.02129	0.10010	0.02027	0.01492	0.01840	0.07602	0.01235	0.11557	0.10814	0.16870	0.01755	0.01895	0.01346	0.01262	0.06732	0.00301	0.19005	0.00627	0.00539	0.00963
70	0.01012	0.00787	0.00937	0.00956	0.01140	0.00757	0.00722	0.01439	0.09345	0.02260	0.23483	0.20543	0.23414	0.01686	0.00841	0.00251	0.00412	0.08658	0.00688	0.00668
71	0.00864	0.00708	0.00762	0.00749	0.00967	0.00606	0.00561	0.01078	0.01684	0.02108	0.22594	0.06349	0.55176	0.01684	0.00824	0.00232	0.00348	0.01421	0.00677	0.00606
72	0.01681	0.01284	0.02015	0.30365	0.20082	0.01391	0.01658	0.02171	0.05809	0.12597	0.02067	0.02799	0.03954	0.00895	0.00732	0.00234	0.00778	0.08094	0.00477	0.00918
73	0.02054	0.01821	0.02859	0.02968	0.29528	0.01872	0.17444	0.27049	0.02234	0.03060	0.01471	0.01744	0.01125	0.00695	0.00725	0.00215	0.00888	0.00672	0.00479	0.01097
74	0.00847	0.00619	0.00798	0.00942	0.01004	0.00569	0.00635	0.00975	0.01365	0.01793	0.04210	0.67318	0.12083	0.02139	0.00883	0.00278	0.00399	0.01926	0.00648	0.00569
75	0.16531	0.03177	0.58293	0.01784	0.02700	0.01610	0.02229	0.02180	0.01419	0.02386	0.01199	0.01408	0.00859	0.00660	0.00619	0.00220	0.00937	0.00489	0.00321	0.00979
76	0.19014	0.02291	0.09642	0.01918	0.12251	0.22415	0.01441	0.11524	0.01875	0.09413	0.01356	0.01492	0.01018	0.00714	0.00616	0.00204	0.00884	0.00516	0.00462	0.00955
77	0.01867	0.33854	0.12160	0.01547	0.02210	0.02131	0.08835	0.14454	0.01801	0.02384	0.01226	0.01400	0.00986	0.00638	0.00574	0.00173	0.00804	0.00495	0.00394	0.12070
78	0.01442	0.01168	0.01363	0.01088	0.01550	0.01002	0.00845	0.09184	0.03591	0.02451	0.05161	0.17394	0.02108	0.00964	0.00637	0.00163	0.00513	0.00824	0.00521	0.48031

[dist]
# distance from previous block
# <min> <max>
2	5

[block]
# block no. 1 follows, 30 sequences, length 9
# corresponding to MSA columns:
# 895-903
name=unknown_B
#
# <colnr> <probs for GDERKNQSTAVLIFYWHMCP>
#	G	D	E	R	K	N	Q	S	T	A	V	L	I	F	Y	W	H	M	C	P
0	0.01830	0.23077	0.02147	0.01315	0.01677	0.10848	0.01093	0.13627	0.01857	0.04755	0.09245	0.15854	0.02302	0.01103	0.00783	0.00211	0.06054	0.00860	0.00514	0.00848
1	0.39494	0.01273	0.01234	0.01015	0.01469	0.01303	0.00821	0.07425	0.01580	0.06945	0.11174	0.01907	0.01747	0.00756	0.00545	0.00189	0.00526	0.00552	0.00522	0.19521
2	0.01608	0.01087	0.01282	0.01129	0.01416	0.01099	0.00871	0.20916	0.02175	0.08818	0.24470	0.20601	0.08826	0.01413	0.00793	0.00233	0.00498	0.01217	0.00719	0.00830
3	0.01276	0.01055	0.01262	0.01005	0.01458	0.00827	0.00773	0.01548	0.01475	0.02221	0.08574	0.17399	0.02334	0.00959	0.00626	0.00153	0.00475	0.00829	0.00498	0.55255
4	0.01866	0.75896	0.03657	0.01194	0.01791	0.02761	0.01194	0.02090	0.01418	0.01642	0.00970	0.01119	0.00896	0.00597	0.00448	0.00149	0.00746	0.00373	0.00299	0.00896
5	0.01886	0.01257	0.02125	0.01639	0.02071	0.01181	0.20122	0.02199	0.01563	0.23273	0.02088	0.06947	0.01735	0.10968	0.08188	0.00368	0.03665	0.00834	0.00542	0.07347
6	0.17363	0.08914	0.02152	0.01546	0.02066	0.12082	0.06699	0.30126	0.02293	0.08234	0.01446	0.01528	0.01065	0.00743	0.00624	0.00203	0.00813	0.00552	0.00545	0.01003
7	0.57489	0.01134	0.00992	0.00915	0.01222	0.01288	0.00712	0.01721	0.01107	0.02576	0.01041	0.01419	0.00888	0.01162	0.01096	0.23216	0.00559	0.00444	0.00395	0.00625
8	0.00930	0.00664	0.00901	0.01062	0.01138	0.00635	0.00786	0.01109	0.01414	0.01870	0.03802	0.55589	0.04442	0.02111	0.00912	0.00294	0.00474	0.20632	0.00646	0.00589

[dist]
# distance from previous block
# <min> <max>
0	3

[block]
# block no. 2 follows, 30 sequences, length 14
# corresponding to MSA columns:
# 909-922
name=unknown_C
#
# <colnr> <probs for GDERKNQSTAVLIFYWHMCP>
#	G	D	E	R	K	N	Q	S	T	A	V	L	I	F	Y	W	H	M	C	P
0	0.01476	0.02716	0.48716	0.01631	0.02437	0.01334	0.01966	0.02090	0.01558	0.10088	0.02659	0.02689	0.15827	0.00920	0.00702	0.00224	0.00837	0.00740	0.00435	0.00955
1	0.02055	0.01432	0.01956	0.17196	0.15993	0.01535	0.01452	0.18195	0.06559	0.14720	0.01845	0.02014	0.01342	0.00775	0.00674	0.00211	0.00719	0.00651	0.09660	0.01017
2	0.02954	0.01472	0.01795	0.01376	0.01923	0.01448	0.01137	0.27635	0.02473	0.46699	0.02354	0.02116	0.01527	0.00854	0.00700	0.00214	0.00658	0.00675	0.00802	0.01187
3	0.00996	0.00669	0.00767	0.00785	0.00790	0.00664	0.00449	0.01010	0.01052	0.01403	0.02389	0.12703	0.02777	0.67011	0.03244	0.00631	0.00645	0.01127	0.00449	0.00439
4	0.29292	0.10944	0.17989	0.06266	0.02209	0.18642	0.01447	0.02249	0.01482	0.02318	0.01080	0.01289	0.00847	0.00666	0.00552	0.00202	0.00874	0.00442	0.00359	0.00850
5	0.00904	0.00630	0.00794	0.00903	0.00930	0.00603	0.00574	0.00986	0.01231	0.01641	0.03308	0.52000	0.03936	0.26133	0.01760	0.00412	0.00494	0.01667	0.00574	0.00520
6	0.02198	0.01901	0.02119	0.02192	0.17933	0.08758	0.01459	0.30247	0.19984	0.03268	0.01835	0.01887	0.01384	0.00805	0.00693	0.00213	0.00774	0.00651	0.00587	0.01110
7	0.01753	0.01725	0.02516	0.22246	0.43352	0.08526	0.01969	0.05590	0.01664	0.02204	0.01290	0.01714	0.01043	0.00662	0.00687	0.00211	0.00894	0.00605	0.00356	0.00994
8	0.01866	0.02364	0.24609	0.01626	0.02234	0.09370	0.01615	0.13338	0.18423	0.06337	0.06501	0.02322	0.01792	0.00881	0.00702	0.00222	0.00812	0.03429	0.00543	0.01017
9	0.01892	0.01507	0.01488	0.01298	0.01630	0.11903	0.01012	0.16172	0.09114	0.10451	0.02533	0.02816	0.09505	0.06964	0.18036	0.00460	0.01007	0.00778	0.00567	0.00868
10	0.06259	0.01903	0.01971	0.04882	0.12776	0.15647	0.01371	0.25212	0.02201	0.09186	0.01570	0.01774	0.01202	0.01297	0.09334	0.00315	0.00985	0.00600	0.00523	0.00993
11	0.05119	0.10328	0.01987	0.01353	0.01869	0.01465	0.06934	0.10214	0.09276	0.13209	0.01925	0.08848	0.01600	0.00839	0.00640	0.00187	0.00638	0.00707	0.00554	0.22308
12	0.11726	0.01132	0.01547	0.01259	0.01574	0.01122	0.11396	0.03943	0.06159	0.05156	0.10307	0.03157	0.02321	0.26971	0.01682	0.00371	0.00671	0.00834	0.00502	0.08169
13	0.06526	0.02097	0.17725	0.01507	0.02039	0.11738	0.01439	0.06625	0.07801	0.05805	0.03429	0.02620	0.01675	0.00926	0.00748	0.00217	0.03886	0.10374	0.00485	0.12338

[dist]
# distance from previous block
# <min> <max>
9	352

[block]
# block no. 3 follows, 30 sequences, length 16
# corresponding to MSA columns:
# 1285-1300
name=unknown_D
#
# <colnr> <probs for GDERKNQSTAVLIFYWHMCP>
#	G	D	E	R	K	N	Q	S	T	A	V	L	I	F	Y	W	H	M	C	P
0	0.18621	0.11005	0.01996	0.06842	0.10459	0.11559	0.01257	0.12525	0.05258	0.05837	0.07000	0.01819	0.01502	0.00769	0.00611	0.00203	0.00749	0.00580	0.00488	0.00921
1	0.05143	0.16301	0.01667	0.01058	0.01343	0.01438	0.00829	0.15179	0.01743	0.02377	0.13371	0.06290	0.02615	0.25917	0.01619	0.00359	0.00633	0.00860	0.00522	0.00736
2	0.00919	0.00659	0.00843	0.00899	0.00988	0.00614	0.00618	0.01102	0.01538	0.02097	0.27753	0.37806	0.08382	0.11047	0.01196	0.00307	0.00409	0.01579	0.00663	0.00583
3	0.01093	0.00845	0.01242	0.01342	0.06636	0.00826	0.05620	0.01259	0.01297	0.01735	0.02774	0.22887	0.03129	0.31814	0.01970	0.00442	0.00648	0.13342	0.00510	0.00591
4	0.17800	0.32768	0.11597	0.01684	0.02329	0.02121	0.18608	0.02134	0.01437	0.02168	0.01119	0.01362	0.00908	0.00613	0.00568	0.00194	0.00850	0.00507	0.00339	0.00895
5	0.01935	0.01830	0.02397	0.19775	0.32432	0.10609	0.01824	0.16121	0.01947	0.02536	0.01342	0.01689	0.01055	0.00697	0.00686	0.00210	0.00894	0.00601	0.00413	0.01008
6	0.01637	0.01003	0.01189	0.01022	0.01346	0.00954	0.00804	0.10206	0.05140	0.17296	0.26672	0.04476	0.22810	0.01308	0.00777	0.00223	0.00457	0.01102	0.00743	0.00837
7	0.01538	0.01318	0.02128	0.16841	0.40168	0.01378	0.01677	0.01939	0.01519	0.02266	0.01546	0.01978	0.01247	0.00686	0.00640	0.00201	0.00719	0.00629	0.20658	0.00924
8	0.01091	0.00606	0.00876	0.00930	0.00944	0.00593	0.00620	0.00930	0.01052	0.01403	0.02094	0.26519	0.02351	0.02345	0.02113	0.53119	0.00539	0.01067	0.00418	0.00391
9	0.00931	0.00671	0.00921	0.01029	0.01101	0.00680	0.00741	0.01098	0.01286	0.01741	0.03193	0.43509	0.03650	0.08645	0.19552	0.00533	0.00829	0.08753	0.00559	0.00578
10	0.01504	0.01326	0.01730	0.01698	0.15848	0.01079	0.01096	0.01836	0.01476	0.02275	0.01255	0.01504	0.01048	0.00538	0.00552	0.00125	0.00581	0.00456	0.00400	0.63674
11	0.00874	0.00675	0.00798	0.00838	0.00991	0.00599	0.00602	0.01070	0.01601	0.02078	0.21883	0.29201	0.32641	0.01822	0.00846	0.00248	0.00365	0.01591	0.00678	0.00599
12	0.01507	0.01523	0.01726	0.34770	0.03094	0.16207	0.01488	0.01866	0.01633	0.01956	0.10390	0.03381	0.02260	0.01045	0.00753	0.00238	0.00865	0.14110	0.00446	0.00741
13	0.28050	0.01703	0.01712	0.34695	0.03108	0.16088	0.01422	0.02078	0.01445	0.02219	0.01117	0.01494	0.00865	0.00685	0.00595	0.00216	0.00867	0.00504	0.00361	0.00776
14	0.01634	0.01644	0.15736	0.01272	0.01759	0.01204	0.01181	0.10672	0.05938	0.09424	0.10433	0.02772	0.02169	0.16489	0.01276	0.00296	0.00675	0.00747	0.00536	0.14145
15	0.01499	0.17056	0.10539	0.01263	0.01659	0.01486	0.01137	0.15220	0.01779	0.02345	0.02616	0.32374	0.05549	0.01369	0.00727	0.00230	0.00627	0.01163	0.00541	0.00821

[dist]
# distance from previous block
# <min> <max>
0	2

[block]
# block no. 4 follows, 30 sequences, length 26
# corresponding to MSA columns:
# 1304-1315,1324-1337
name=unknown_E
#
# <colnr> <probs for GDERKNQSTAVLIFYWHMCP>
#	G	D	E	R	K	N	Q	S	T	A	V	L	I	F	Y	W	H	M	C	P
0	0.01759	0.01802	0.11855	0.01618	0.06187	0.01586	0.01348	0.15517	0.26862	0.02882	0.02080	0.06549	0.01672	0.00869	0.00678	0.00207	0.00665	0.00719	0.00571	0.14575
1	0.06765	0.10577	0.01977	0.01529	0.07507	0.01574	0.01162	0.06835	0.05879	0.14004	0.01556	0.01708	0.01208	0.00900	0.03130	0.00220	0.10939	0.00549	0.00492	0.21490
2	0.25133	0.01002	0.01071	0.00958	0.01265	0.01018	0.00751	0.03853	0.01719	0.12536	0.30071	0.07814	0.07896	0.01163	0.00689	0.00222	0.00449	0.00956	0.00664	0.00769
3	0.01730	0.01196	0.01464	0.01122	0.01640	0.01021	0.00902	0.06556	0.01608	0.13743	0.01628	0.01838	0.01281	0.01406	0.12952	0.00304	0.00779	0.00533	0.00500	0.47796
4	0.01291	0.01175	0.01096	0.01098	0.01269	0.13970	0.00799	0.01492	0.01630	0.04290	0.18684	0.30207	0.10720	0.01910	0.06786	0.00312	0.00668	0.01339	0.00606	0.00660
5	0.00986	0.00719	0.00958	0.00948	0.01057	0.00758	0.00687	0.01179	0.01291	0.01790	0.15131	0.04004	0.08591	0.22532	0.35426	0.00765	0.01148	0.00973	0.00482	0.00575
6	0.80405	0.01350	0.01026	0.00918	0.01350	0.01565	0.00756	0.02051	0.01188	0.03131	0.00972	0.01134	0.00756	0.00648	0.00432	0.00216	0.00540	0.00378	0.00432	0.00756
7	0.01429	0.01383	0.01949	0.01701	0.01724	0.01903	0.01406	0.01599	0.01078	0.01668	0.01092	0.01751	0.01069	0.01964	0.15317	0.00456	0.60818	0.00636	0.00318	0.00737
8	0.02519	0.01888	0.02019	0.01578	0.02113	0.02101	0.01294	0.59286	0.13009	0.04182	0.01846	0.01811	0.01325	0.00854	0.00700	0.00213	0.00736	0.00652	0.00700	0.01175
9	0.01271	0.00964	0.01113	0.01096	0.01308	0.00980	0.00821	0.13785	0.07462	0.02402	0.03983	0.37399	0.16734	0.01734	0.00832	0.00259	0.00491	0.05970	0.00662	0.00736
10	0.00980	0.00760	0.00898	0.00855	0.01057	0.00703	0.00643	0.01361	0.06098	0.02500	0.45189	0.05552	0.27809	0.01511	0.00817	0.00226	0.00351	0.01303	0.00724	0.00663
11	0.01759	0.01469	0.01766	0.10770	0.18203	0.07330	0.01317	0.11914	0.09610	0.02651	0.01801	0.02059	0.01401	0.00765	0.00629	0.00198	0.00685	0.00636	0.24122	0.00916
12	0.01045	0.00683	0.00752	0.00748	0.00865	0.00659	0.00507	0.01210	0.01340	0.01926	0.08045	0.04474	0.18344	0.29243	0.05940	0.00431	0.00553	0.01024	0.21659	0.00550
13	0.60159	0.01507	0.01304	0.01097	0.01562	0.01721	0.00904	0.19431	0.01733	0.03461	0.01155	0.01275	0.00868	0.00697	0.00501	0.00214	0.00599	0.00443	0.00501	0.00868
14	0.07559	0.02335	0.01872	0.01560	0.02016	0.35254	0.05363	0.10640	0.01932	0.02303	0.01575	0.01722	0.05343	0.00745	0.00626	0.00177	0.00933	0.00547	0.00436	0.17063
15	0.01438	0.01299	0.02060	0.19164	0.29148	0.01431	0.01636	0.01998	0.09222	0.02061	0.01620	0.02130	0.01353	0.01913	0.20006	0.00462	0.01100	0.00674	0.00387	0.00900
16	0.02126	0.00941	0.01255	0.01101	0.01437	0.00826	0.00850	0.02335	0.01728	0.40906	0.03502	0.28645	0.08504	0.01411	0.00779	0.00242	0.00506	0.01223	0.00769	0.00916
17	0.00925	0.00727	0.00928	0.00922	0.01097	0.00731	0.00706	0.01153	0.01413	0.01864	0.11896	0.04670	0.30920	0.03363	0.34716	0.00651	0.01065	0.01107	0.00532	0.00613
18	0.00974	0.00685	0.00829	0.00896	0.00958	0.00663	0.00608	0.01077	0.01254	0.01638	0.03365	0.22231	0.10516	0.37503	0.02182	0.00475	0.00571	0.12523	0.00538	0.00513
19	0.00918	0.00650	0.00776	0.00848	0.00895	0.00617	0.00536	0.00994	0.01229	0.01609	0.03533	0.36141	0.11900	0.33799	0.02032	0.00447	0.00516	0.01502	0.00551	0.00507
20	0.80405	0.01350	0.01026	0.00918	0.01350	0.01565	0.00756	0.02051	0.01188	0.03131	0.00972	0.01134	0.00756	0.00648	0.00432	0.00216	0.00540	0.00378	0.00432	0.00756
21	0.80405	0.01350	0.01026	0.00918	0.01350	0.01565	0.00756	0.02051	0.01188	0.03131	0.00972	0.01134	0.00756	0.00648	0.00432	0.00216	0.00540	0.00378	0.00432	0.00756
22	0.01893	0.01486	0.01570	0.01310	0.01734	0.01616	0.01048	0.31475	0.22409	0.03289	0.03464	0.03300	0.20141	0.01119	0.00736	0.00224	0.00593	0.00902	0.00688	0.01002
23	0.02349	0.02759	0.02169	0.06731	0.16567	0.48771	0.01547	0.07136	0.01951	0.02016	0.01178	0.01421	0.00963	0.00706	0.00651	0.00191	0.01116	0.00508	0.00377	0.00894
24	0.22042	0.02275	0.15056	0.01504	0.02058	0.14056	0.01385	0.16173	0.13885	0.02930	0.01517	0.01590	0.01135	0.00755	0.00614	0.00213	0.00807	0.00540	0.00497	0.00967
25	0.01737	0.01886	0.10066	0.26784	0.14902	0.08962	0.01755	0.14329	0.01863	0.02402	0.01803	0.02101	0.06812	0.00798	0.00696	0.00217	0.00880	0.00663	0.00419	0.00925

[dist]
# distance from previous block
# <min> <max>
1	11

[block]
# block no. 5 follows, 30 sequences, length 52
# corresponding to MSA columns:
# 1349-1400
name=unknown_F
#
# <colnr> <probs for GDERKNQSTAVLIFYWHMCP>
#	G	D	E	R	K	N	Q	S	T	A	V	L	I	F	Y	W	H	M	C	P
0	0.29912	0.01206	0.01410	0.01585	0.13507	0.01246	0.01023	0.04498	0.01477	0.09725	0.02026	0.21123	0.01980	0.01076	0.00643	0.00226	0.00567	0.00894	0.00529	0.05347
1	0.01201	0.01050	0.01120	0.01048	0.01227	0.08114	0.00786	0.01442	0.01637	0.02192	0.32469	0.06304	0.08090	0.10350	0.09379	0.00375	0.04425	0.03040	0.00583	0.05166
2	0.02350	0.09749	0.02108	0.01518	0.02035	0.21673	0.01232	0.31911	0.02408	0.02997	0.01361	0.01463	0.01050	0.00724	0.00622	0.00177	0.00859	0.00515	0.00513	0.14735
3	0.00991	0.00666	0.00768	0.00792	0.00798	0.00661	0.00456	0.01009	0.01062	0.01415	0.02438	0.14818	0.02839	0.64812	0.03165	0.00619	0.00637	0.01156	0.00456	0.00444
4	0.04939	0.14233	0.09348	0.17621	0.02700	0.11816	0.01513	0.16073	0.01947	0.11273	0.01447	0.01615	0.01064	0.00729	0.00634	0.00203	0.00866	0.00548	0.00469	0.00963
5	0.01750	0.01581	0.02310	0.13451	0.18344	0.01836	0.05659	0.13863	0.08677	0.02470	0.01449	0.01822	0.01170	0.01004	0.03515	0.00271	0.18785	0.00653	0.00431	0.00959
6	0.01988	0.01088	0.01320	0.01137	0.01519	0.01048	0.00909	0.02642	0.17592	0.29980	0.10776	0.03950	0.16755	0.01192	0.00757	0.00232	0.00510	0.04887	0.00760	0.00957
7	0.01549	0.01303	0.01548	0.01476	0.05023	0.05249	0.01087	0.12412	0.01594	0.02242	0.01928	0.14861	0.01932	0.09152	0.05563	0.00342	0.21213	0.00899	0.09866	0.00761
8	0.01205	0.00915	0.01104	0.01019	0.01239	0.00927	0.00774	0.05575	0.13838	0.02852	0.51080	0.08617	0.05385	0.01354	0.00800	0.00226	0.00398	0.01185	0.00747	0.00761
9	0.00918	0.00677	0.00818	0.00843	0.00962	0.00621	0.00585	0.01099	0.01548	0.02063	0.26180	0.24079	0.20263	0.14607	0.01317	0.00320	0.00416	0.01460	0.00648	0.00577
10	0.02548	0.10223	0.02191	0.01666	0.02122	0.39827	0.01325	0.26794	0.02396	0.02682	0.01285	0.01396	0.01004	0.00750	0.00636	0.00187	0.01027	0.00507	0.00477	0.00956
11	0.01178	0.00938	0.01094	0.01138	0.01310	0.01000	0.00817	0.01986	0.26731	0.02203	0.03473	0.48183	0.03694	0.01727	0.00824	0.00266	0.00459	0.01541	0.00671	0.00766
12	0.06188	0.01718	0.08697	0.01298	0.01601	0.17004	0.01112	0.01751	0.01658	0.02140	0.17787	0.07794	0.14722	0.01254	0.00901	0.00232	0.08179	0.04709	0.00525	0.00729
13	0.01766	0.24499	0.02132	0.01309	0.01663	0.18465	0.01068	0.02246	0.12739	0.01830	0.01607	0.02090	0.01443	0.10411	0.13491	0.00403	0.01022	0.00601	0.00409	0.00806
14	0.00985	0.00678	0.00832	0.00859	0.00887	0.00693	0.00538	0.01048	0.01086	0.01470	0.02413	0.15869	0.02742	0.51152	0.15159	0.00689	0.00839	0.01128	0.00451	0.00481
15	0.02444	0.09627	0.02253	0.01845	0.09314	0.14361	0.01371	0.35856	0.06419	0.07378	0.01593	0.01647	0.01185	0.00778	0.00661	0.00200	0.00835	0.00584	0.00572	0.01078
16	0.01731	0.01284	0.01471	0.01234	0.01578	0.01374	0.00987	0.31990	0.02382	0.03228	0.20818	0.03325	0.09834	0.01856	0.13288	0.00374	0.00800	0.00905	0.00655	0.00886
17	0.01723	0.01547	0.02428	0.30396	0.34416	0.01700	0.01929	0.12999	0.01794	0.02439	0.01345	0.01770	0.01052	0.00686	0.00695	0.00217	0.00858	0.00622	0.00390	0.00993
18	0.13700	0.01362	0.01991	0.01589	0.02023	0.01372	0.19081	0.09547	0.08636	0.02570	0.02543	0.16444	0.08766	0.01085	0.00730	0.00230	0.00692	0.00991	0.00531	0.06117
19	0.00986	0.00715	0.00825	0.00862	0.00947	0.00693	0.00577	0.01150	0.03921	0.01666	0.03639	0.17510	0.16869	0.37920	0.02180	0.00468	0.00556	0.07447	0.00540	0.00529
20	0.05983	0.01372	0.01506	0.05828	0.08811	0.09454	0.01097	0.01853	0.04068	0.02281	0.12379	0.03286	0.06077	0.00994	0.00688	0.00198	0.00644	0.10252	0.00505	0.22722
21	0.01264	0.00870	0.01020	0.01014	0.01152	0.00890	0.00727	0.12089	0.01602	0.02202	0.02849	0.28688	0.03115	0.22488	0.01576	0.00374	0.00557	0.08035	0.08846	0.00643
22	0.15151	0.01473	0.01513	0.01276	0.01682	0.01639	0.01019	0.30232	0.15275	0.03422	0.02074	0.09349	0.01717	0.00961	0.00650	0.00218	0.00599	0.00758	0.10020	0.00972
23	0.80405	0.01350	0.01026	0.00918	0.01350	0.01565	0.00756	0.02051	0.01188	0.03131	0.00972	0.01134	0.00756	0.00648	0.00432	0.00216	0.00540	0.00378	0.00432	0.00756
24	0.01661	0.16115	0.28351	0.01539	0.02218	0.13994	0.01626	0.02123	0.01598	0.02089	0.08253	0.01748	0.01494	0.00714	0.00610	0.00181	0.00862	0.00537	0.00375	0.13912
25	0.01236	0.00915	0.01121	0.00990	0.01288	0.00860	0.00772	0.01586	0.05198	0.06296	0.12977	0.03738	0.19135	0.02144	0.17881	0.00415	0.02366	0.00923	0.03206	0.16955
26	0.01400	0.01187	0.01395	0.01018	0.01591	0.00903	0.00810	0.01712	0.01501	0.02327	0.08326	0.01831	0.01599	0.00610	0.00548	0.00115	0.00498	0.00500	0.00450	0.71681
27	0.01898	0.01984	0.11708	0.01910	0.13402	0.08791	0.01449	0.17874	0.07928	0.02797	0.01587	0.01752	0.01221	0.00719	0.00634	0.00187	0.00758	0.00574	0.08660	0.14168
28	0.01650	0.02377	0.29764	0.01733	0.02420	0.01631	0.05584	0.13010	0.01716	0.02510	0.01279	0.01532	0.00984	0.00734	0.00880	0.00204	0.11521	0.00542	0.00394	0.19533
29	0.01523	0.01356	0.02008	0.54502	0.04043	0.01644	0.01738	0.08931	0.12880	0.02237	0.01549	0.01964	0.01154	0.00753	0.00700	0.00231	0.00851	0.00649	0.00416	0.00871
30	0.01462	0.31545	0.25835	0.01390	0.02029	0.01820	0.01543	0.01885	0.01484	0.01918	0.02349	0.02850	0.12746	0.00948	0.00635	0.00205	0.00767	0.07335	0.00390	0.00865
31	0.54757	0.01283	0.01224	0.01101	0.01413	0.01549	0.00901	0.01862	0.01157	0.02651	0.01105	0.01454	0.00940	0.01472	0.12242	0.00375	0.12901	0.00475	0.00402	0.00736
32	0.01890	0.02131	0.02084	0.01821	0.01941	0.25844	0.01467	0.02051	0.01374	0.01689	0.00971	0.01437	0.00910	0.01053	0.01732	0.00263	0.49684	0.00556	0.00324	0.00779
33	0.02254	0.01757	0.01870	0.01525	0.02012	0.01978	0.01230	0.40505	0.32221	0.03755	0.02182	0.02079	0.01597	0.00885	0.00703	0.00221	0.00674	0.00698	0.00703	0.01151
34	0.02078	0.01407	0.01533	0.01290	0.01700	0.01535	0.01028	0.20615	0.29176	0.12410	0.02403	0.02325	0.01755	0.00879	0.00661	0.00212	0.00569	0.00706	0.16669	0.01045
35	0.02328	0.02823	0.01964	0.01765	0.02065	0.53030	0.01354	0.02689	0.08860	0.01829	0.01233	0.01445	0.01030	0.00830	0.00927	0.00208	0.13890	0.00513	0.00386	0.00832
36	0.18621	0.00806	0.00882	0.00916	0.01078	0.00819	0.00658	0.01301	0.01451	0.02313	0.19796	0.35103	0.06178	0.05836	0.00922	0.00274	0.00430	0.01376	0.00617	0.00624
37	0.01539	0.00850	0.01062	0.01004	0.01258	0.00773	0.00752	0.01833	0.05559	0.21384	0.08210	0.30328	0.19447	0.01602	0.00808	0.00247	0.00449	0.01394	0.00719	0.00781
38	0.01432	0.01101	0.01260	0.01158	0.01429	0.01161	0.00902	0.13543	0.17156	0.02790	0.21524	0.11515	0.09618	0.04257	0.00904	0.00258	0.00512	0.07963	0.00694	0.00824
39	0.01335	0.01033	0.01173	0.01128	0.01360	0.01079	0.00839	0.12746	0.15822	0.02523	0.07780	0.34752	0.12413	0.01607	0.00809	0.00251	0.00484	0.01403	0.00676	0.00788
40	0.01921	0.01902	0.02928	0.11520	0.15008	0.13017	0.27138	0.02340	0.01662	0.09266	0.01431	0.01783	0.01087	0.00694	0.00825	0.00223	0.05237	0.00678	0.00398	0.00943
41	0.06588	0.01911	0.02477	0.01937	0.02412	0.11424	0.20023	0.15206	0.11579	0.08029	0.01638	0.01813	0.01230	0.00804	0.00900	0.00229	0.09639	0.00670	0.00508	0.00980
42	0.43137	0.01497	0.01389	0.01175	0.01620	0.01698	0.00955	0.19965	0.12353	0.03415	0.05439	0.01737	0.01415	0.00789	0.00568	0.00218	0.00590	0.00558	0.00565	0.00918
43	0.01370	0.01226	0.01568	0.01291	0.01602	0.01273	0.01031	0.01594	0.01301	0.01988	0.01585	0.14289	0.01618	0.01044	0.01178	0.00203	0.25261	0.00753	0.00418	0.39406
44	0.11798	0.01594	0.02035	0.02139	0.20366	0.01648	0.01394	0.25245	0.02230	0.21988	0.01788	0.01815	0.01261	0.00765	0.00665	0.00211	0.00710	0.00617	0.00617	0.01114
45	0.00909	0.00710	0.00823	0.00795	0.00994	0.00625	0.00596	0.01164	0.01789	0.02355	0.39845	0.05942	0.37770	0.01592	0.00824	0.00227	0.00341	0.01364	0.00710	0.00625
46	0.00907	0.00687	0.00795	0.00807	0.00950	0.00620	0.00566	0.01086	0.01554	0.02026	0.23191	0.17194	0.30360	0.14582	0.01310	0.00316	0.00412	0.01419	0.00642	0.00576
47	0.00850	0.00631	0.00794	0.00916	0.00999	0.00575	0.00625	0.00990	0.01409	0.01838	0.06884	0.58975	0.17817	0.02076	0.00875	0.00272	0.00392	0.01857	0.00652	0.00575
48	0.01452	0.01018	0.01117	0.00986	0.01136	0.01074	0.00664	0.19104	0.01620	0.02166	0.02059	0.03795	0.02177	0.55557	0.02790	0.00552	0.00701	0.00912	0.00496	0.00627
49	0.80405	0.01350	0.01026	0.00918	0.01350	0.01565	0.00756	0.02051	0.01188	0.03131	0.00972	0.01134	0.00756	0.00648	0.00432	0.00216	0.00540	0.00378	0.00432	0.00756
50	0.80405	0.01350	0.01026	0.00918	0.01350	0.01565	0.00756	0.02051	0.01188	0.03131	0.00972	0.01134	0.00756	0.00648	0.00432	0.00216	0.00540	0.00378	0.00432	0.00756
51	0.01291	0.00837	0.00976	0.00943	0.01097	0.00833	0.00661	0.09006	0.01534	0.06181	0.03131	0.24062	0.09778	0.23668	0.04393	0.00403	0.00582	0.01226	0.08752	0.00645

[dist]
# distance from previous block
# <min> <max>
0	8

[block]
# block no. 6 follows, 30 sequences, length 20
# corresponding to MSA columns:
# 1409-1428
name=unknown_G
#
# <colnr> <probs for GDERKNQSTAVLIFYWHMCP>
#	G	D	E	R	K	N	Q	S	T	A	V	L	I	F	Y	W	H	M	C	P
0	0.02329	0.06611	0.02443	0.02289	0.15942	0.28457	0.06693	0.21915	0.02225	0.02647	0.01320	0.01514	0.01036	0.00717	0.00666	0.00196	0.00994	0.00561	0.00452	0.00994
1	0.31611	0.05087	0.26962	0.01666	0.02349	0.08008	0.10747	0.02200	0.01431	0.02498	0.01142	0.01368	0.00861	0.00650	0.00586	0.00215	0.00874	0.00494	0.00361	0.00889
2	0.01773	0.12422	0.16048	0.01440	0.01878	0.22509	0.01307	0.04271	0.05438	0.01859	0.01528	0.02286	0.01427	0.21329	0.01424	0.00325	0.00926	0.00634	0.00386	0.00788
3	0.01626	0.01280	0.01908	0.15049	0.14794	0.01376	0.05418	0.04656	0.09141	0.09177	0.08739	0.04534	0.06183	0.00946	0.00825	0.00226	0.05791	0.00811	0.06621	0.00899
4	0.01012	0.00687	0.00813	0.00813	0.00831	0.00705	0.00487	0.01048	0.01030	0.01391	0.02152	0.04305	0.02424	0.65418	0.13454	0.00740	0.00847	0.00977	0.00416	0.00452
5	0.01478	0.01016	0.01143	0.01040	0.01235	0.01074	0.00753	0.19813	0.01779	0.02487	0.02365	0.16988	0.02401	0.24720	0.06015	0.00419	0.00667	0.01022	0.12875	0.00709
6	0.02392	0.17588	0.02280	0.01649	0.02058	0.53310	0.01299	0.02719	0.07119	0.01788	0.01193	0.01335	0.00993	0.00712	0.00599	0.00178	0.01102	0.00461	0.00375	0.00849
7	0.01813	0.52816	0.05496	0.01285	0.01841	0.02438	0.01218	0.02540	0.20300	0.02014	0.01496	0.01541	0.01236	0.00696	0.00528	0.00176	0.00703	0.00493	0.00412	0.00958
8	0.01141	0.00922	0.01041	0.00985	0.01226	0.00931	0.00745	0.01869	0.20558	0.02519	0.30470	0.08884	0.23146	0.01432	0.00796	0.00232	0.00402	0.01231	0.00712	0.00757
9	0.01545	0.01215	0.01565	0.01377	0.01600	0.01446	0.01110	0.19954	0.01708	0.02396	0.01652	0.02238	0.01448	0.03331	0.40732	0.00730	0.14008	0.00691	0.00451	0.00803
10	0.01010	0.00813	0.00918	0.00925	0.01134	0.00779	0.00698	0.01473	0.11553	0.02179	0.15846	0.17582	0.34419	0.01676	0.00829	0.00248	0.00408	0.06158	0.00676	0.00675
11	0.00896	0.00626	0.00796	0.00914	0.00943	0.00597	0.00586	0.00984	0.01247	0.01663	0.03392	0.55586	0.04042	0.22403	0.01625	0.00392	0.00480	0.01717	0.00586	0.00527
12	0.01729	0.54718	0.23638	0.01427	0.02151	0.02427	0.01600	0.02125	0.01434	0.01808	0.01053	0.01223	0.00892	0.00616	0.00511	0.00170	0.00830	0.00415	0.00297	0.00935
13	0.01007	0.00721	0.00985	0.01117	0.01235	0.00698	0.00889	0.01258	0.01560	0.02075	0.12914	0.31644	0.04582	0.01952	0.00918	0.00294	0.00514	0.34357	0.00662	0.00618
14	0.01684	0.22497	0.34456	0.02209	0.16341	0.01975	0.02026	0.07122	0.01616	0.02234	0.01220	0.01444	0.00954	0.00650	0.00613	0.00198	0.00894	0.00507	0.00336	0.01021
15	0.01650	0.01401	0.01726	0.01860	0.15733	0.01476	0.01187	0.07549	0.30924	0.02566	0.02124	0.02505	0.01765	0.12462	0.01123	0.00279	0.00639	0.00727	0.00550	0.11752
16	0.01438	0.01363	0.02310	0.53433	0.24235	0.01582	0.01998	0.01888	0.01452	0.01929	0.01261	0.01821	0.00982	0.00675	0.00696	0.00225	0.00901	0.00621	0.00320	0.00872
17	0.06426	0.01569	0.07506	0.32284	0.20475	0.01585	0.01792	0.06194	0.06686	0.02329	0.05345	0.01987	0.01387	0.00742	0.00685	0.00222	0.00816	0.00647	0.00405	0.00920
18	0.01212	0.00606	0.00909	0.00909	0.00909	0.00606	0.00606	0.00909	0.00909	0.01212	0.01212	0.02121	0.01212	0.02424	0.02727	0.79697	0.00606	0.00606	0.00303	0.00303
19	0.01655	0.01352	0.01476	0.01398	0.05834	0.05709	0.01018	0.20146	0.08685	0.02898	0.20928	0.03683	0.09739	0.06262	0.02958	0.00277	0.00642	0.03842	0.00640	0.00859

[dist]
# distance from previous block
# <min> <max>
4	7

[block]
# block no. 7 follows, 30 sequences, length 20
# corresponding to MSA columns:
# 1436-1455
name=unknown_H
#
# <colnr> <probs for GDERKNQSTAVLIFYWHMCP>
#	G	D	E	R	K	N	Q	S	T	A	V	L	I	F	Y	W	H	M	C	P
0	0.01407	0.01201	0.01820	0.13922	0.19545	0.01258	0.03401	0.01742	0.01433	0.02137	0.01757	0.11071	0.01617	0.00909	0.00811	0.00208	0.07670	0.00774	0.15361	0.11955
1	0.01864	0.01041	0.01295	0.01097	0.01468	0.00935	0.00853	0.08390	0.01830	0.24845	0.08666	0.20806	0.09184	0.01266	0.00741	0.00217	0.00507	0.01086	0.00696	0.13215
2	0.01778	0.01835	0.01598	0.01251	0.01797	0.21382	0.00976	0.02051	0.01598	0.02113	0.01194	0.01393	0.00995	0.00574	0.00549	0.00125	0.00728	0.00424	0.00398	0.57240
3	0.01705	0.01251	0.01653	0.01417	0.01792	0.01286	0.08110	0.02699	0.30683	0.13260	0.02831	0.20613	0.02512	0.01181	0.00754	0.00237	0.00586	0.01056	0.00663	0.05710
4	0.01447	0.01240	0.01447	0.01034	0.01654	0.00930	0.00827	0.01757	0.01447	0.02274	0.01240	0.01447	0.01034	0.00517	0.00517	0.00103	0.00517	0.00413	0.00413	0.79742
5	0.01318	0.01240	0.02093	0.73798	0.04806	0.01550	0.01938	0.01783	0.01395	0.01783	0.01240	0.01860	0.00930	0.00698	0.00698	0.00233	0.00930	0.00620	0.00310	0.00775
6	0.01674	0.44864	0.02654	0.01202	0.01594	0.07646	0.01071	0.01858	0.01385	0.01637	0.01469	0.02450	0.01506	0.14961	0.01196	0.00276	0.04608	0.06821	0.00360	0.00768
7	0.01352	0.01993	0.21780	0.02118	0.02724	0.01384	0.31091	0.01868	0.01511	0.02099	0.02062	0.22619	0.02025	0.01064	0.00799	0.00245	0.00917	0.01070	0.00421	0.00859
8	0.01527	0.01527	0.02137	0.01832	0.01832	0.02137	0.01527	0.01679	0.01069	0.01679	0.00916	0.01527	0.00916	0.01221	0.02290	0.00305	0.74198	0.00611	0.00305	0.00763
9	0.02073	0.01307	0.01456	0.01204	0.01593	0.01382	0.00964	0.24713	0.12548	0.14061	0.09489	0.02532	0.02137	0.00914	0.00661	0.00204	0.00550	0.00737	0.20491	0.00984
10	0.02837	0.01475	0.01775	0.01381	0.01913	0.01476	0.01134	0.25403	0.08909	0.42464	0.02399	0.02162	0.01584	0.00863	0.00701	0.00216	0.00648	0.00685	0.00793	0.01179
11	0.01385	0.00888	0.01107	0.01092	0.01276	0.00873	0.00795	0.11861	0.01764	0.09673	0.08982	0.50024	0.03938	0.01772	0.00835	0.00259	0.00475	0.01576	0.00689	0.00737
12	0.01173	0.00936	0.01078	0.01003	0.01245	0.00954	0.00763	0.01944	0.21261	0.02675	0.40398	0.04728	0.16410	0.01349	0.00791	0.00227	0.00397	0.01164	0.00731	0.00774
13	0.01003	0.00722	0.00993	0.00993	0.01073	0.00802	0.00711	0.01163	0.01083	0.01524	0.01987	0.03394	0.02028	0.30364	0.47967	0.00962	0.01442	0.00843	0.00391	0.00551
14	0.01447	0.01240	0.01447	0.01034	0.01654	0.00930	0.00827	0.01757	0.01447	0.02274	0.01240	0.01447	0.01034	0.00517	0.00517	0.00103	0.00517	0.00413	0.00413	0.79742
15	0.02470	0.01393	0.02307	0.01697	0.02295	0.01223	0.20258	0.02837	0.01820	0.42047	0.02157	0.02104	0.01439	0.00736	0.00710	0.00206	0.00749	0.00696	0.00655	0.12202
16	0.01384	0.01266	0.02066	0.32042	0.23859	0.01447	0.01692	0.01742	0.01363	0.01865	0.01416	0.02173	0.01242	0.08436	0.10410	0.00387	0.05377	0.00674	0.00340	0.00821
