[name]
unknown

[dist]
# distance from previous block
# <min> <max>
1	477

[block]
# block no. 0 follows, 30 sequences, length 7
# corresponding to MSA columns:
# 705-711
name=unknown_A
#
# <colnr> <probs for GDERKNQSTAVLIFYWHMCP>
#	G	D	E	R	K	N	Q	S	T	A	V	L	I	F	Y	W	H	M	C	P
0	0.01720	0.30134	0.11876	0.01377	0.01972	0.08430	0.04853	0.02060	0.01562	0.04569	0.06053	0.01881	0.04883	0.00726	0.00580	0.00169	0.00760	0.00557	0.00397	0.15441
1	0.09022	0.01202	0.01178	0.01030	0.01363	0.06939	0.00793	0.08085	0.01666	0.07747	0.02109	0.14299	0.01896	0.00974	0.00604	0.00187	0.00533	0.00792	0.24232	0.15348
2	0.01603	0.01357	0.01472	0.01286	0.01565	0.05140	0.01014	0.17196	0.11997	0.02736	0.15534	0.08804	0.14321	0.01270	0.00981	0.00237	0.11006	0.01002	0.00627	0.00849
3	0.01671	0.12690	0.02475	0.26786	0.12264	0.06785	0.06121	0.07834	0.01605	0.02064	0.01281	0.01728	0.01045	0.01094	0.06837	0.00291	0.05601	0.00596	0.00359	0.00874
4	0.08077	0.30473	0.02051	0.01056	0.01383	0.01686	0.00873	0.07552	0.01444	0.01958	0.01845	0.14596	0.01974	0.20686	0.01364	0.00322	0.00655	0.00839	0.00437	0.00729
5	0.01488	0.13601	0.01762	0.10890	0.01881	0.10117	0.01067	0.01787	0.01755	0.04829	0.34765	0.03282	0.03678	0.01072	0.00800	0.00210	0.04835	0.00871	0.00556	0.00758
6	0.05829	0.10333	0.01846	0.11144	0.05668	0.01353	0.06408	0.01616	0.01340	0.01959	0.01903	0.15451	0.01864	0.01847	0.14352	0.00394	0.05834	0.00870	0.09252	0.00738

[dist]
# distance from previous block
# <min> <max>
34	301

[block]
# block no. 1 follows, 30 sequences, length 60
# corresponding to MSA columns:
# 1133-1178,1180-1193
name=unknown_B
#
# <colnr> <probs for GDERKNQSTAVLIFYWHMCP>
#	G	D	E	R	K	N	Q	S	T	A	V	L	I	F	Y	W	H	M	C	P
0	0.04867	0.06206	0.03776	0.06765	0.04090	0.07687	0.01146	0.15775	0.10347	0.08166	0.01942	0.07376	0.01697	0.12138	0.01102	0.00280	0.00730	0.00753	0.00539	0.04617
1	0.01759	0.09211	0.01953	0.16585	0.02452	0.12196	0.03820	0.04227	0.05799	0.07680	0.01923	0.06465	0.01729	0.00954	0.00693	0.00213	0.00793	0.10215	0.00479	0.10854
2	0.10773	0.01270	0.01419	0.09012	0.08215	0.06842	0.01027	0.07339	0.01609	0.09060	0.04289	0.09195	0.07859	0.15287	0.01233	0.00308	0.00675	0.00874	0.02941	0.00772
3	0.03567	0.03923	0.03253	0.06742	0.01555	0.00995	0.00907	0.03689	0.09258	0.04709	0.03227	0.43723	0.06067	0.01624	0.00789	0.00254	0.00512	0.01434	0.03050	0.00723
4	0.07817	0.05007	0.01229	0.01109	0.01319	0.05436	0.00833	0.04234	0.03457	0.04113	0.02768	0.38729	0.03036	0.02029	0.09353	0.00351	0.00700	0.03504	0.00560	0.04418
5	0.04518	0.07995	0.10016	0.11329	0.05125	0.16474	0.01415	0.07832	0.07342	0.04951	0.04737	0.01828	0.01387	0.00749	0.00631	0.00195	0.00827	0.00577	0.04640	0.07431
6	0.01677	0.01417	0.01680	0.01410	0.01754	0.11029	0.10722	0.04739	0.06235	0.09436	0.06858	0.10343	0.07773	0.08685	0.01027	0.00266	0.00713	0.04023	0.04763	0.05450
7	0.02010	0.01449	0.01621	0.01252	0.01764	0.01418	0.01019	0.30422	0.02286	0.07295	0.03630	0.02134	0.03247	0.00800	0.00632	0.00174	0.00606	0.02641	0.07564	0.28036
8	0.04809	0.01452	0.01729	0.01444	0.01802	0.06339	0.06436	0.09025	0.09576	0.04265	0.06280	0.06633	0.06812	0.01070	0.00944	0.00224	0.11459	0.05527	0.00532	0.13641
9	0.06755	0.01469	0.01964	0.02306	0.25144	0.01553	0.01414	0.15378	0.10593	0.07109	0.07376	0.05248	0.04284	0.00946	0.00759	0.00224	0.02855	0.03053	0.00562	0.01006
10	0.01090	0.00752	0.00899	0.00842	0.01011	0.00682	0.00591	0.01281	0.01559	0.05370	0.28404	0.07563	0.16438	0.23783	0.01625	0.00355	0.00465	0.01174	0.00620	0.05495
11	0.01818	0.46520	0.08708	0.01778	0.11560	0.07988	0.01463	0.02108	0.01458	0.01783	0.01073	0.01322	0.00952	0.00801	0.02862	0.00206	0.05924	0.00453	0.00312	0.00911
12	0.01701	0.01750	0.12211	0.01923	0.07722	0.01549	0.09284	0.18874	0.01969	0.02712	0.02098	0.03483	0.01938	0.01110	0.00903	0.00252	0.06660	0.19621	0.03320	0.00919
13	0.01669	0.00943	0.01157	0.01049	0.01308	0.00915	0.00799	0.11087	0.01889	0.16954	0.16200	0.25123	0.03498	0.01368	0.00751	0.00228	0.00468	0.01186	0.12596	0.00812
14	0.00919	0.00711	0.00837	0.00805	0.01000	0.00629	0.00604	0.01183	0.01812	0.02411	0.43767	0.05850	0.33814	0.01571	0.00824	0.00226	0.00339	0.01351	0.00717	0.00629
15	0.00841	0.00673	0.00753	0.00807	0.00971	0.00585	0.00577	0.01006	0.01520	0.01892	0.08955	0.30326	0.44849	0.01896	0.00848	0.00251	0.00370	0.01640	0.00654	0.00585
16	0.00887	0.00695	0.00750	0.00753	0.00916	0.00616	0.00527	0.01038	0.01490	0.01862	0.12957	0.09704	0.44600	0.18455	0.01446	0.00336	0.00427	0.01373	0.00610	0.00558
17	0.01866	0.75896	0.03657	0.01194	0.01791	0.02761	0.01194	0.02090	0.01418	0.01642	0.00970	0.01119	0.00896	0.00597	0.00448	0.00149	0.00746	0.00373	0.00299	0.00896
18	0.01318	0.01240	0.02093	0.73798	0.04806	0.01550	0.01938	0.01783	0.01395	0.01783	0.01240	0.01860	0.00930	0.00698	0.00698	0.00233	0.00930	0.00620	0.00310	0.00775
19	0.01433	0.01329	0.02202	0.55007	0.17578	0.01568	0.01918	0.04165	0.01489	0.01965	0.01293	0.01860	0.01003	0.00854	0.03331	0.00259	0.00939	0.00625	0.00333	0.00849
20	0.01355	0.00897	0.01024	0.00916	0.01162	0.00875	0.00704	0.10964	0.01952	0.06002	0.29476	0.04336	0.17037	0.03896	0.00831	0.00226	0.00420	0.01058	0.16136	0.00735
21	0.01866	0.75896	0.03657	0.01194	0.01791	0.02761	0.01194	0.02090	0.01418	0.01642	0.00970	0.01119	0.00896	0.00597	0.00448	0.00149	0.00746	0.00373	0.00299	0.00896
22	0.00960	0.00689	0.00947	0.01096	0.01186	0.00676	0.00837	0.01164	0.01416	0.01879	0.03634	0.45170	0.04172	0.02336	0.06642	0.00364	0.00607	0.25002	0.00624	0.00598
23	0.00937	0.00716	0.00886	0.00856	0.01038	0.00665	0.00646	0.01207	0.01739	0.02351	0.41340	0.05362	0.26369	0.02042	0.10390	0.00345	0.00542	0.01261	0.00677	0.00632
24	0.01843	0.01553	0.01639	0.01442	0.01856	0.01786	0.01131	0.11357	0.62038	0.03093	0.02703	0.02494	0.02019	0.00934	0.00709	0.00233	0.00578	0.00770	0.00709	0.01114
25	0.01368	0.01156	0.01362	0.01025	0.01568	0.00882	0.00803	0.01653	0.01432	0.02208	0.01587	0.11238	0.01510	0.00739	0.00567	0.00127	0.00502	0.00622	0.00445	0.69205
26	0.00985	0.00691	0.00904	0.01024	0.01095	0.00674	0.00752	0.01143	0.01346	0.01777	0.03378	0.34501	0.03887	0.20630	0.01588	0.00396	0.00554	0.23528	0.00589	0.00556
27	0.01525	0.00816	0.00862	0.00789	0.01013	0.00827	0.00610	0.08632	0.01700	0.06476	0.04956	0.02598	0.01914	0.00843	0.00534	0.00173	0.00385	0.00675	0.63939	0.00735
28	0.01737	0.01434	0.01539	0.01381	0.01747	0.01626	0.01069	0.12531	0.50458	0.02963	0.02822	0.13009	0.02358	0.01112	0.00735	0.00240	0.00561	0.00940	0.00699	0.01038
29	0.02167	0.09342	0.01901	0.01360	0.01877	0.21693	0.01093	0.07753	0.05046	0.12072	0.01492	0.01565	0.01144	0.00677	0.00592	0.00160	0.00783	0.00495	0.00487	0.28300
30	0.01144	0.00780	0.00874	0.00833	0.00884	0.00794	0.00504	0.06430	0.01234	0.01654	0.04915	0.04362	0.02592	0.66547	0.03215	0.00621	0.00670	0.00994	0.00459	0.00493
31	0.02014	0.01584	0.01695	0.01452	0.01891	0.01793	0.01150	0.18170	0.51430	0.06913	0.02576	0.02385	0.01899	0.00918	0.00707	0.00230	0.00602	0.00749	0.00716	0.01127
32	0.00997	0.00748	0.01121	0.01121	0.01246	0.00872	0.00872	0.01246	0.01121	0.01620	0.01869	0.02741	0.01745	0.05234	0.72710	0.01121	0.01869	0.00748	0.00374	0.00623
33	0.01405	0.02790	0.45768	0.01972	0.02690	0.01652	0.08802	0.02010	0.01400	0.02074	0.01409	0.07388	0.01205	0.00886	0.01016	0.00244	0.15343	0.00682	0.00331	0.00933
34	0.54305	0.01295	0.01226	0.01027	0.01495	0.01383	0.00847	0.02507	0.01461	0.26259	0.01573	0.01553	0.01084	0.00721	0.00523	0.00216	0.00558	0.00487	0.00578	0.00902
35	0.00855	0.00614	0.00804	0.00954	0.01001	0.00571	0.00635	0.00974	0.01336	0.01771	0.03922	0.69876	0.07243	0.04627	0.00977	0.00295	0.00412	0.01930	0.00640	0.00563
36	0.00848	0.00616	0.00801	0.00949	0.01006	0.00569	0.00638	0.00974	0.01358	0.01790	0.04126	0.69093	0.10362	0.02150	0.00885	0.00279	0.00400	0.01939	0.00648	0.00569
37	0.01866	0.75896	0.03657	0.01194	0.01791	0.02761	0.01194	0.02090	0.01418	0.01642	0.00970	0.01119	0.00896	0.00597	0.00448	0.00149	0.00746	0.00373	0.00299	0.00896
38	0.01976	0.01644	0.01632	0.01385	0.01683	0.11872	0.01073	0.24456	0.03974	0.06228	0.03979	0.04793	0.03753	0.15747	0.04005	0.00345	0.09276	0.00774	0.00546	0.00858
39	0.01025	0.00773	0.00951	0.00973	0.01117	0.00764	0.00706	0.01436	0.09445	0.02223	0.25302	0.26705	0.10670	0.07700	0.03611	0.00316	0.00478	0.04486	0.00666	0.00654
40	0.01001	0.00658	0.00782	0.00811	0.00818	0.00651	0.00478	0.00999	0.01064	0.01419	0.02418	0.17110	0.02807	0.56401	0.03005	0.06905	0.00622	0.01157	0.00454	0.00439
41	0.67258	0.01431	0.01125	0.00990	0.01415	0.04093	0.00808	0.07376	0.01397	0.03153	0.01101	0.01259	0.00850	0.00674	0.00463	0.00211	0.00572	0.00415	0.04623	0.00786
42	0.01069	0.00744	0.00879	0.00848	0.01067	0.00655	0.00646	0.01309	0.01742	0.07399	0.28619	0.09515	0.36661	0.01611	0.00825	0.00235	0.00379	0.04432	0.00706	0.00659
43	0.01676	0.16867	0.20779	0.03764	0.06293	0.06060	0.14796	0.06334	0.04448	0.02293	0.08628	0.01946	0.01604	0.00740	0.00673	0.00206	0.00894	0.00649	0.00406	0.00945
44	0.13500	0.04248	0.01959	0.02044	0.17759	0.15115	0.03757	0.08174	0.01706	0.06008	0.01450	0.01731	0.01162	0.01082	0.06413	0.00274	0.03378	0.00569	0.08772	0.00898
45	0.13471	0.01723	0.07073	0.01350	0.01779	0.11280	0.01131	0.05813	0.17668	0.16609	0.02275	0.12946	0.01908	0.01014	0.00680	0.00226	0.00683	0.00815	0.00609	0.00946
46	0.10958	0.01364	0.01777	0.01481	0.01828	0.03892	0.08825	0.10110	0.05747	0.12253	0.01909	0.06059	0.01601	0.01795	0.14980	0.00409	0.08734	0.02457	0.02948	0.00871
47	0.01003	0.00706	0.00886	0.00878	0.01043	0.00638	0.00644	0.01254	0.01757	0.04907	0.40707	0.21004	0.18690	0.01643	0.00834	0.00237	0.00361	0.01445	0.00721	0.00644
48	0.01695	0.15952	0.34302	0.04232	0.02586	0.09784	0.04601	0.04194	0.06998	0.02120	0.01303	0.01516	0.01006	0.00723	0.00749	0.00212	0.06185	0.00531	0.00351	0.00961
49	0.00944	0.00701	0.00848	0.00827	0.01003	0.00632	0.00614	0.01215	0.01800	0.02458	0.45105	0.10518	0.24532	0.01553	0.00815	0.00226	0.00341	0.01349	0.03886	0.00632
50	0.01505	0.11637	0.01755	0.01056	0.01673	0.01185	0.00878	0.01803	0.01443	0.02186	0.01203	0.01401	0.01014	0.00528	0.00507	0.00110	0.00549	0.00408	0.00397	0.68761
51	0.01663	0.01512	0.02320	0.17391	0.10825	0.01606	0.14224	0.10717	0.16073	0.02564	0.04108	0.05007	0.01604	0.00809	0.00723	0.00220	0.00795	0.00757	0.00491	0.06590
52	0.15713	0.10620	0.07495	0.01871	0.04409	0.05583	0.17950	0.01994	0.01375	0.02124	0.01210	0.01624	0.01018	0.01264	0.09239	0.00332	0.14397	0.00594	0.00350	0.00838
53	0.01289	0.00921	0.01297	0.01570	0.14832	0.00855	0.00957	0.01542	0.01656	0.09513	0.19019	0.22069	0.18779	0.01475	0.00802	0.00236	0.00480	0.01305	0.00638	0.00764
54	0.00892	0.00667	0.00829	0.00880	0.01007	0.00604	0.00625	0.01098	0.01615	0.02158	0.27837	0.35416	0.20162	0.01828	0.00852	0.00250	0.00367	0.01618	0.00690	0.00604
55	0.01740	0.15005	0.09995	0.01923	0.07761	0.01616	0.18620	0.02110	0.01500	0.10695	0.01568	0.02115	0.01316	0.11947	0.01149	0.00273	0.03127	0.00672	0.00414	0.06457
56	0.30587	0.01869	0.02248	0.01759	0.02256	0.12417	0.20523	0.09063	0.01659	0.02677	0.01195	0.01458	0.00929	0.00686	0.00705	0.00216	0.04785	0.00557	0.00418	0.03995
57	0.01756	0.15237	0.14629	0.02406	0.17680	0.01864	0.15572	0.11796	0.01828	0.02495	0.06851	0.01878	0.01470	0.00713	0.00682	0.00206	0.00872	0.00653	0.00415	0.00998
58	0.05957	0.01495	0.02007	0.01613	0.02028	0.07649	0.16400	0.11416	0.04650	0.09909	0.14338	0.09172	0.05405	0.01071	0.00762	0.00229	0.00735	0.03690	0.00597	0.00877
59	0.13364	0.01482	0.01964	0.01809	0.09887	0.05737	0.11025	0.09548	0.01807	0.14018	0.07969	0.06224	0.05540	0.01068	0.03020	0.00251	0.03022	0.00796	0.00553	0.00914

[dist]
# distance from previous block
# <min> <max>
9	49

[block]
# block no. 2 follows, 30 sequences, length 33
# corresponding to MSA columns:
# 1245-1277
name=unknown_C
#
# <colnr> <probs for GDERKNQSTAVLIFYWHMCP>
#	G	D	E	R	K	N	Q	S	T	A	V	L	I	F	Y	W	H	M	C	P
0	0.01689	0.01156	0.01428	0.01247	0.01524	0.01187	0.03722	0.22895	0.02010	0.08762	0.05597	0.29176	0.02908	0.11923	0.01184	0.00305	0.00605	0.01222	0.00644	0.00818
1	0.27294	0.01744	0.01708	0.03658	0.05844	0.13264	0.05499	0.15447	0.01904	0.02906	0.09250	0.02092	0.04958	0.00835	0.00629	0.00211	0.00741	0.00642	0.00508	0.00865
2	0.02091	0.46003	0.02966	0.01355	0.01907	0.07091	0.01227	0.18381	0.08631	0.02436	0.01331	0.01408	0.01087	0.00697	0.00546	0.00174	0.00766	0.00481	0.00439	0.00981
3	0.15719	0.01439	0.01942	0.01573	0.04057	0.01442	0.13445	0.14810	0.04682	0.02932	0.12574	0.02408	0.02061	0.00833	0.00672	0.00203	0.00676	0.03096	0.00535	0.14901
4	0.00849	0.00614	0.00803	0.00954	0.01008	0.00568	0.00640	0.00974	0.01353	0.01788	0.04057	0.70550	0.08949	0.02159	0.00886	0.00280	0.00401	0.01950	0.00648	0.00568
5	0.01005	0.00715	0.00957	0.00957	0.01024	0.00783	0.00667	0.01140	0.01073	0.01498	0.02020	0.03577	0.02107	0.37389	0.41051	0.00918	0.01323	0.00870	0.00396	0.00531
6	0.02155	0.06254	0.06094	0.09736	0.13035	0.12945	0.01489	0.11458	0.05672	0.15078	0.01749	0.02054	0.01344	0.00795	0.00676	0.00208	0.00827	0.03689	0.00517	0.04225
7	0.01863	0.20897	0.21657	0.01517	0.02162	0.04447	0.01545	0.13164	0.13842	0.05491	0.01909	0.01937	0.05060	0.00796	0.00632	0.00203	0.00785	0.00605	0.00480	0.01009
8	0.00837	0.00660	0.00755	0.00832	0.00975	0.00579	0.00586	0.00987	0.01470	0.01836	0.05548	0.38948	0.39589	0.01965	0.00856	0.00258	0.00378	0.01714	0.00648	0.00579
9	0.01466	0.01392	0.02361	0.48610	0.28835	0.01589	0.02012	0.01913	0.01465	0.01963	0.01267	0.01812	0.00994	0.00670	0.00695	0.00223	0.00894	0.00621	0.00323	0.00895
10	0.01679	0.47222	0.02642	0.01114	0.01504	0.05036	0.00997	0.01745	0.01290	0.01550	0.01096	0.01483	0.01024	0.01164	0.01147	0.24243	0.00710	0.00457	0.03194	0.00703
11	0.00887	0.00624	0.00817	0.00966	0.01026	0.00585	0.00664	0.01031	0.01366	0.01842	0.03870	0.65395	0.06640	0.02092	0.00874	0.00278	0.00413	0.05698	0.04354	0.00576
12	0.09750	0.10545	0.02215	0.04838	0.10215	0.16728	0.01417	0.07263	0.01615	0.06682	0.01200	0.01489	0.00991	0.00842	0.01067	0.00224	0.21096	0.00536	0.00400	0.00888
13	0.01245	0.01155	0.02097	0.01668	0.01999	0.01107	0.25089	0.01547	0.01347	0.01859	0.02043	0.14259	0.02072	0.17789	0.15079	0.00496	0.01028	0.01004	0.00424	0.06693
14	0.02168	0.06750	0.02152	0.02023	0.15437	0.10691	0.01385	0.31813	0.07357	0.03115	0.02099	0.02160	0.08031	0.00864	0.00685	0.00206	0.00783	0.00683	0.00557	0.01040
15	0.01746	0.15949	0.28053	0.02308	0.18862	0.01730	0.05357	0.02249	0.01552	0.09926	0.01514	0.05056	0.01219	0.00732	0.00653	0.00208	0.00859	0.00621	0.00391	0.01015
16	0.01178	0.00756	0.00974	0.00899	0.01104	0.00685	0.00681	0.01480	0.01920	0.09440	0.55737	0.07081	0.12529	0.01427	0.00813	0.00223	0.00360	0.01249	0.00762	0.00701
17	0.72810	0.01334	0.01084	0.00950	0.01392	0.01512	0.00782	0.02184	0.01267	0.09861	0.01147	0.01256	0.00851	0.00669	0.00458	0.00216	0.00545	0.00410	0.00474	0.00798
18	0.10212	0.08699	0.01735	0.01537	0.10213	0.06060	0.01072	0.12066	0.01835	0.11811	0.06068	0.08861	0.11034	0.04792	0.00824	0.00237	0.00645	0.00853	0.00565	0.00880
19	0.01247	0.00987	0.01422	0.01405	0.04647	0.01189	0.01045	0.01458	0.01195	0.04694	0.03888	0.05649	0.01848	0.09494	0.37985	0.00740	0.19219	0.00797	0.00405	0.00686
20	0.00850	0.00607	0.00810	0.00972	0.01012	0.00567	0.00648	0.00972	0.01336	0.01781	0.03846	0.75020	0.04615	0.02186	0.00891	0.00283	0.00405	0.01984	0.00648	0.00567
21	0.01546	0.01540	0.02206	0.02073	0.08642	0.02090	0.01587	0.01725	0.01120	0.01738	0.00955	0.01546	0.00935	0.01162	0.02133	0.00296	0.66987	0.00612	0.00309	0.00797
22	0.01715	0.09289	0.10971	0.16106	0.21907	0.07178	0.15727	0.04947	0.01635	0.02153	0.01276	0.01657	0.01004	0.00648	0.00688	0.00212	0.00965	0.00614	0.00346	0.00961
23	0.01409	0.01303	0.02112	0.18835	0.36983	0.01349	0.01669	0.01790	0.01598	0.02183	0.11468	0.02930	0.11635	0.00909	0.00729	0.00219	0.00717	0.00828	0.00437	0.00899
24	0.03131	0.01188	0.01619	0.01242	0.01781	0.01026	0.01026	0.03401	0.01997	0.71606	0.02753	0.02375	0.01727	0.00864	0.00702	0.00216	0.00594	0.00702	0.00864	0.01188
25	0.01921	0.01761	0.01592	0.01425	0.01722	0.18451	0.01090	0.24757	0.02140	0.02653	0.02250	0.26510	0.02295	0.01461	0.03749	0.00268	0.03487	0.01050	0.00572	0.00847
26	0.01512	0.12096	0.39852	0.10581	0.09844	0.01779	0.10530	0.02141	0.01490	0.02098	0.01241	0.01549	0.00934	0.00645	0.00663	0.00214	0.00982	0.00559	0.00309	0.00980
27	0.00868	0.00693	0.00778	0.00790	0.00978	0.00602	0.00580	0.01073	0.01643	0.02089	0.21913	0.17252	0.44777	0.01752	0.00835	0.00239	0.00356	0.01503	0.00677	0.00602
28	0.01745	0.01927	0.03356	0.03007	0.19219	0.08756	0.37902	0.02198	0.01594	0.02125	0.01294	0.01740	0.01036	0.00688	0.00956	0.00232	0.10223	0.00712	0.00346	0.00945
29	0.01786	0.01969	0.11244	0.03300	0.38153	0.01740	0.15624	0.10429	0.04286	0.02546	0.01426	0.01754	0.01117	0.00658	0.00716	0.00216	0.00907	0.00657	0.00398	0.01073
30	0.28226	0.01232	0.01207	0.01144	0.01474	0.01390	0.00894	0.02465	0.28734	0.02719	0.02572	0.14150	0.04615	0.01136	0.00665	0.00243	0.00523	0.05160	0.00599	0.00852
31	0.00997	0.00748	0.01121	0.01121	0.01246	0.00872	0.00872	0.01246	0.01121	0.01620	0.01869	0.02741	0.01745	0.05234	0.72710	0.01121	0.01869	0.00748	0.00374	0.00623
32	0.01630	0.09380	0.19644	0.07964	0.21583	0.01697	0.16967	0.02147	0.01560	0.05049	0.01613	0.01913	0.04319	0.00691	0.00697	0.00215	0.00923	0.00660	0.00364	0.00985

[dist]
# distance from previous block
# <min> <max>
0	1

[block]
# block no. 3 follows, 30 sequences, length 40
# corresponding to MSA columns:
# 1279,1281-1319
name=unknown_D
#
# <colnr> <probs for GDERKNQSTAVLIFYWHMCP>
#	G	D	E	R	K	N	Q	S	T	A	V	L	I	F	Y	W	H	M	C	P
0	0.11190	0.01581	0.02447	0.14122	0.47433	0.01670	0.01881	0.07236	0.01643	0.02471	0.01289	0.01672	0.01043	0.00653	0.00661	0.00212	0.00805	0.00593	0.00378	0.01020
1	0.23018	0.26628	0.24885	0.01408	0.02098	0.02023	0.01533	0.07282	0.01518	0.02442	0.01116	0.01281	0.00877	0.00651	0.00532	0.00195	0.00784	0.00440	0.00364	0.00924
2	0.19462	0.14181	0.08192	0.06730	0.12619	0.07382	0.01431	0.11218	0.08078	0.02624	0.01343	0.01520	0.01052	0.00699	0.00589	0.00203	0.00774	0.00520	0.00433	0.00952
3	0.00896	0.00640	0.00862	0.01024	0.01085	0.00606	0.00728	0.01051	0.01381	0.01833	0.03821	0.63769	0.04515	0.02143	0.00903	0.00290	0.00445	0.12782	0.00647	0.00579
4	0.01726	0.01576	0.02727	0.22938	0.28939	0.01654	0.15066	0.06480	0.04218	0.05660	0.01462	0.01856	0.01121	0.00674	0.00721	0.00221	0.00900	0.00672	0.00399	0.00990
5	0.01912	0.25730	0.02323	0.01382	0.01859	0.05053	0.01167	0.10129	0.37728	0.02614	0.02036	0.01967	0.01578	0.00812	0.00620	0.00203	0.00668	0.00623	0.00561	0.01033
6	0.00829	0.00692	0.00722	0.00747	0.00953	0.00586	0.00548	0.00997	0.01552	0.01870	0.06585	0.16984	0.60884	0.01830	0.00835	0.00243	0.00361	0.01550	0.00648	0.00586
7	0.27315	0.08385	0.16657	0.01581	0.02219	0.01775	0.10371	0.14115	0.01759	0.07774	0.01341	0.01488	0.00981	0.00688	0.00600	0.00213	0.00790	0.00533	0.00459	0.00957
8	0.01713	0.12655	0.46746	0.01883	0.02760	0.01708	0.08929	0.02353	0.01552	0.11227	0.01428	0.01586	0.01014	0.00673	0.00656	0.00212	0.00951	0.00553	0.00376	0.01025
9	0.00943	0.00745	0.00872	0.00935	0.01141	0.00674	0.00765	0.01177	0.01597	0.01965	0.05735	0.07173	0.44424	0.01831	0.00880	0.00269	0.00468	0.27148	0.00646	0.00610
10	0.34942	0.09459	0.01763	0.01298	0.01768	0.15701	0.01065	0.18232	0.01905	0.06252	0.01245	0.01345	0.00947	0.00712	0.00549	0.00201	0.00758	0.00467	0.00488	0.00904
11	0.01872	0.11682	0.18642	0.01782	0.09540	0.03712	0.03733	0.08927	0.03904	0.12901	0.11907	0.02244	0.01987	0.00824	0.00671	0.00206	0.00750	0.00679	0.03050	0.00985
12	0.01015	0.00677	0.00761	0.00761	0.00761	0.00677	0.00423	0.01015	0.01015	0.01353	0.02199	0.04567	0.02537	0.75476	0.03552	0.00677	0.00677	0.01015	0.00423	0.00423
13	0.01013	0.00738	0.00975	0.01029	0.01187	0.00700	0.00827	0.01306	0.01737	0.02344	0.32630	0.12900	0.11263	0.01723	0.00884	0.00266	0.00460	0.26680	0.00697	0.00637
14	0.01677	0.01714	0.02285	0.15019	0.32922	0.12478	0.04463	0.02097	0.03831	0.02137	0.06386	0.02242	0.05673	0.00780	0.00700	0.00209	0.00845	0.00697	0.00403	0.03441
15	0.01724	0.01667	0.02886	0.04228	0.68323	0.01662	0.04898	0.02146	0.01591	0.02278	0.01317	0.01734	0.01103	0.00620	0.00696	0.00208	0.00843	0.00630	0.00346	0.01099
16	0.00962	0.00665	0.00766	0.00801	0.00831	0.00645	0.00480	0.01004	0.01136	0.01493	0.03002	0.19665	0.09353	0.53097	0.02735	0.00552	0.00589	0.01262	0.00491	0.00469
17	0.01727	0.01658	0.02832	0.04283	0.71123	0.01658	0.02142	0.02142	0.01589	0.02280	0.01313	0.01727	0.01105	0.00622	0.00691	0.00207	0.00829	0.00622	0.00345	0.01105
18	0.15188	0.01688	0.05899	0.03814	0.04759	0.09481	0.04351	0.15523	0.04175	0.05045	0.14042	0.07325	0.03882	0.00978	0.00687	0.00218	0.00703	0.00799	0.00560	0.00881
19	0.01380	0.01243	0.02033	0.02974	0.43408	0.01227	0.01551	0.01679	0.01489	0.02083	0.02314	0.30700	0.02493	0.01240	0.00770	0.00237	0.00661	0.01160	0.00465	0.00892
20	0.01624	0.01813	0.03731	0.02724	0.03292	0.01838	0.55483	0.02127	0.01534	0.02127	0.01315	0.01813	0.01031	0.00712	0.01110	0.00249	0.15446	0.00782	0.00344	0.00906
21	0.01579	0.01569	0.02939	0.08068	0.10657	0.01611	0.33261	0.07313	0.01612	0.02217	0.01478	0.02051	0.01215	0.03875	0.12527	0.00391	0.05620	0.00750	0.00379	0.00888
22	0.01400	0.03610	0.71860	0.01989	0.03020	0.01621	0.02578	0.02210	0.01473	0.02210	0.01252	0.01473	0.00884	0.00663	0.00663	0.00221	0.01031	0.00516	0.00295	0.01031
23	0.01631	0.01726	0.02462	0.02018	0.02166	0.07534	0.12915	0.01860	0.01237	0.01776	0.01013	0.01566	0.00939	0.01075	0.01912	0.00284	0.56137	0.00634	0.00318	0.00797
24	0.15706	0.01827	0.01639	0.01356	0.01803	0.15448	0.01085	0.24780	0.02256	0.14359	0.05952	0.02207	0.06843	0.00892	0.00657	0.00208	0.00740	0.00664	0.00614	0.00964
25	0.02125	0.02091	0.12368	0.01577	0.02126	0.06339	0.01414	0.34618	0.17924	0.03439	0.07185	0.02103	0.01755	0.00874	0.00701	0.00216	0.00756	0.00685	0.00624	0.01080
26	0.00849	0.00611	0.00806	0.00961	0.01009	0.00568	0.00643	0.00973	0.01346	0.01786	0.03974	0.72304	0.07249	0.02170	0.00888	0.00282	0.00403	0.01963	0.00648	0.00568
27	0.02629	0.01694	0.01916	0.01489	0.02010	0.01817	0.01226	0.49347	0.02835	0.18797	0.01925	0.01910	0.01347	0.01184	0.06273	0.00281	0.00815	0.00653	0.00709	0.01143
28	0.01422	0.01252	0.01510	0.06015	0.10792	0.04049	0.01138	0.02340	0.27509	0.02397	0.09826	0.17397	0.06235	0.01255	0.00767	0.00241	0.00581	0.03784	0.00612	0.00877
29	0.01527	0.01527	0.02137	0.01832	0.01832	0.02137	0.01527	0.01679	0.01069	0.01679	0.00916	0.01527	0.00916	0.01221	0.02290	0.00305	0.74198	0.00611	0.00305	0.00763
30	0.00970	0.00715	0.00922	0.00878	0.01047	0.00667	0.00661	0.01276	0.01867	0.02606	0.58364	0.05188	0.13331	0.01759	0.06388	0.00291	0.00451	0.01246	0.00724	0.00648
31	0.02352	0.02882	0.02103	0.09851	0.11542	0.55672	0.01516	0.02594	0.01864	0.01791	0.01127	0.01385	0.00929	0.00704	0.00645	0.00189	0.01167	0.00490	0.00352	0.00844
32	0.00857	0.00669	0.00781	0.00857	0.01001	0.00593	0.00615	0.01022	0.01496	0.01886	0.07992	0.36383	0.36319	0.01944	0.00860	0.00260	0.00389	0.04841	0.00652	0.00585
33	0.02433	0.01054	0.01447	0.01257	0.01665	0.00948	0.01060	0.02721	0.01861	0.47423	0.03081	0.04287	0.02524	0.01234	0.00793	0.00253	0.00611	0.23565	0.00787	0.00998
34	0.11741	0.01933	0.07278	0.01521	0.02073	0.01977	0.01317	0.44556	0.14210	0.03825	0.01756	0.01752	0.01272	0.00820	0.00665	0.00216	0.00724	0.00617	0.00637	0.01109
35	0.01062	0.00734	0.00989	0.00975	0.01024	0.00812	0.00678	0.01121	0.01043	0.01452	0.01861	0.03342	0.01951	0.33521	0.30397	0.12712	0.04619	0.00830	0.00380	0.00499
36	0.00866	0.00650	0.00806	0.00911	0.01017	0.00590	0.00641	0.01025	0.01457	0.01889	0.08967	0.49302	0.22157	0.02015	0.00873	0.00269	0.00398	0.04932	0.00655	0.00582
37	0.02233	0.01898	0.01708	0.01628	0.07141	0.23243	0.01166	0.15420	0.02068	0.14595	0.02239	0.13221	0.04629	0.01034	0.00702	0.00212	0.00799	0.00830	0.04316	0.00919
38	0.02360	0.04991	0.11231	0.01796	0.07539	0.06945	0.01490	0.32846	0.08793	0.12376	0.01772	0.01780	0.01268	0.00794	0.00680	0.00210	0.00798	0.00615	0.00601	0.01114
39	0.01067	0.00953	0.05297	0.01065	0.01255	0.00860	0.00850	0.01478	0.07824	0.02080	0.19034	0.15047	0.06117	0.12311	0.17967	0.00508	0.00826	0.04229	0.00567	0.00665

[dist]
# distance from previous block
# <min> <max>
3	4

[block]
# block no. 4 follows, 30 sequences, length 18
# corresponding to MSA columns:
# 1324-1341
name=unknown_E
#
# <colnr> <probs for GDERKNQSTAVLIFYWHMCP>
#	G	D	E	R	K	N	Q	S	T	A	V	L	I	F	Y	W	H	M	C	P
0	0.01494	0.16604	0.21487	0.01394	0.02005	0.01593	0.01433	0.02088	0.08528	0.02119	0.01457	0.01703	0.01184	0.01173	0.08540	0.00280	0.03484	0.00527	0.03656	0.19251
1	0.01747	0.01454	0.03766	0.13019	0.05501	0.07337	0.10155	0.04710	0.01668	0.13734	0.02507	0.12181	0.08908	0.01048	0.00803	0.00228	0.03916	0.00911	0.03625	0.02783
2	0.01584	0.01450	0.01350	0.04120	0.01583	0.13702	0.00937	0.08619	0.13600	0.02109	0.02438	0.03364	0.07400	0.23045	0.08732	0.00443	0.00868	0.03407	0.00507	0.00742
3	0.01316	0.01274	0.02317	0.01828	0.02125	0.01319	0.27339	0.01615	0.01370	0.01895	0.05617	0.12349	0.02171	0.17920	0.04927	0.00390	0.12077	0.01008	0.00424	0.00719
4	0.01662	0.01655	0.01812	0.11808	0.16001	0.16893	0.01371	0.07852	0.01700	0.02098	0.02071	0.24834	0.02148	0.01191	0.00803	0.00233	0.03565	0.01015	0.00470	0.00820
5	0.01189	0.01067	0.01657	0.31990	0.13791	0.01164	0.01404	0.01525	0.01490	0.01942	0.06872	0.14662	0.16125	0.01183	0.00760	0.00236	0.00678	0.01048	0.00465	0.00750
6	0.01093	0.00983	0.01700	0.01507	0.01702	0.00976	0.16830	0.01328	0.01389	0.01881	0.03036	0.51838	0.03478	0.01731	0.00986	0.00274	0.06449	0.01600	0.00551	0.00671
7	0.01753	0.01844	0.06137	0.05498	0.22426	0.10458	0.11143	0.04485	0.09106	0.02309	0.01558	0.01869	0.01238	0.00748	0.00806	0.00215	0.06698	0.00644	0.10118	0.00947
8	0.00875	0.00649	0.00822	0.00938	0.01035	0.00596	0.00663	0.01037	0.01448	0.01889	0.08579	0.51750	0.17914	0.02035	0.00879	0.00273	0.00409	0.06971	0.00655	0.00583
9	0.01400	0.03610	0.71860	0.01989	0.03020	0.01621	0.02578	0.02210	0.01473	0.02210	0.01252	0.01473	0.00884	0.00663	0.00663	0.00221	0.01031	0.00516	0.00295	0.01031
10	0.01775	0.68066	0.03393	0.01186	0.01734	0.02564	0.01161	0.02002	0.01387	0.01640	0.01064	0.01288	0.00984	0.01080	0.07977	0.00251	0.00863	0.00412	0.00306	0.00867
11	0.04959	0.13206	0.17898	0.04081	0.05942	0.01925	0.04100	0.24068	0.07504	0.02947	0.01532	0.01670	0.01151	0.00737	0.00636	0.00204	0.00796	0.00576	0.05040	0.01027
12	0.00830	0.00688	0.00727	0.00759	0.00956	0.00585	0.00553	0.00996	0.01541	0.01865	0.06441	0.20027	0.57934	0.01849	0.00838	0.00245	0.00363	0.01572	0.00648	0.00585
13	0.01003	0.00757	0.00951	0.01061	0.01188	0.00746	0.00793	0.01370	0.08568	0.01983	0.04075	0.44068	0.11793	0.01949	0.00881	0.00282	0.00470	0.16766	0.00653	0.00643
14	0.01822	0.01774	0.03427	0.10012	0.03400	0.01770	0.46483	0.11058	0.01834	0.06216	0.01483	0.01866	0.01093	0.00672	0.00843	0.00233	0.03869	0.00762	0.00420	0.00963
15	0.21734	0.08682	0.04090	0.01211	0.01622	0.05370	0.01014	0.13521	0.04910	0.09921	0.01927	0.13367	0.01717	0.01151	0.03494	0.00252	0.00684	0.00764	0.03689	0.00877
16	0.08994	0.05342	0.02030	0.01786	0.09188	0.14316	0.01308	0.28257	0.09290	0.10223	0.01671	0.01704	0.01230	0.00781	0.00653	0.00205	0.00800	0.00588	0.00580	0.01054
17	0.11440	0.01399	0.01399	0.01223	0.01547	0.06473	0.00940	0.13449	0.14078	0.02693	0.08878	0.10911	0.02335	0.08804	0.01044	0.00266	0.03664	0.00854	0.00573	0.08029

[dist]
# distance from previous block
# <min> <max>
0	20

[block]
# block no. 5 follows, 30 sequences, length 10
# corresponding to MSA columns:
# 1362-1371
name=unknown_F
#
# <colnr> <probs for GDERKNQSTAVLIFYWHMCP>
#	G	D	E	R	K	N	Q	S	T	A	V	L	I	F	Y	W	H	M	C	P
0	0.01755	0.02009	0.13586	0.02740	0.23767	0.01744	0.16332	0.09322	0.16514	0.02614	0.01692	0.01905	0.01290	0.00713	0.00720	0.00222	0.00870	0.00686	0.00454	0.01066
1	0.01723	0.01543	0.06910	0.01445	0.01897	0.01447	0.05682	0.15553	0.16973	0.05824	0.02473	0.07471	0.06468	0.04630	0.00916	0.00243	0.03441	0.03823	0.00581	0.10956
2	0.08420	0.04590	0.01039	0.00916	0.01081	0.00885	0.00667	0.04024	0.01546	0.02295	0.21805	0.24510	0.03916	0.13065	0.01181	0.00301	0.00464	0.01228	0.07430	0.00636
3	0.01708	0.27458	0.18253	0.01506	0.02073	0.02063	0.01515	0.08371	0.07769	0.02195	0.01388	0.04260	0.01185	0.00812	0.00832	0.00204	0.11418	0.00565	0.00394	0.06034
4	0.14181	0.02070	0.07194	0.04903	0.08252	0.20446	0.01293	0.05478	0.01675	0.05508	0.01253	0.01447	0.00984	0.00652	0.00586	0.00176	0.00821	0.00477	0.00416	0.22187
5	0.00985	0.00691	0.00857	0.00907	0.01030	0.00659	0.00667	0.01197	0.01506	0.02069	0.17501	0.21732	0.14184	0.10952	0.04622	0.00345	0.00511	0.10579	0.08414	0.00593
6	0.00921	0.00703	0.00845	0.00826	0.01006	0.00627	0.00613	0.01181	0.01792	0.02403	0.43481	0.11165	0.28697	0.01604	0.00829	0.00230	0.00344	0.01391	0.00717	0.00627
7	0.01986	0.23872	0.08249	0.10223	0.14473	0.01896	0.08774	0.05704	0.01672	0.14535	0.01484	0.01671	0.01116	0.00677	0.00633	0.00199	0.00824	0.00575	0.00435	0.01001
8	0.01657	0.06850	0.23205	0.01956	0.02609	0.01469	0.23046	0.02159	0.01575	0.11937	0.01959	0.14775	0.01723	0.00934	0.00746	0.00231	0.00886	0.00892	0.00457	0.00933
9	0.01311	0.01018	0.01093	0.01002	0.01261	0.01026	0.00750	0.15052	0.08306	0.02412	0.04496	0.14692	0.32098	0.10919	0.01144	0.00293	0.00505	0.01250	0.00635	0.00735

[dist]
# distance from previous block
# <min> <max>
0	52

[block]
# block no. 6 follows, 30 sequences, length 30
# corresponding to MSA columns:
# 1426-1455
name=unknown_G
#
# <colnr> <probs for GDERKNQSTAVLIFYWHMCP>
#	G	D	E	R	K	N	Q	S	T	A	V	L	I	F	Y	W	H	M	C	P
0	0.11318	0.08502	0.10799	0.01531	0.02033	0.01381	0.14585	0.04424	0.01505	0.02254	0.02093	0.20068	0.04347	0.01048	0.00691	0.00217	0.00714	0.00939	0.00456	0.11095
1	0.04528	0.26612	0.04206	0.01096	0.01455	0.01534	0.00955	0.01869	0.04078	0.08417	0.02371	0.21174	0.04797	0.01148	0.00678	0.00209	0.02734	0.00933	0.10411	0.00797
2	0.01038	0.00761	0.01053	0.03446	0.08170	0.00742	0.00846	0.01240	0.01402	0.01950	0.03371	0.45119	0.06306	0.04449	0.00915	0.00275	0.00482	0.07305	0.10488	0.00640
3	0.01327	0.13696	0.01498	0.00960	0.01342	0.01206	0.00793	0.09831	0.01789	0.02291	0.10252	0.04313	0.35415	0.01259	0.00705	0.00199	0.00491	0.01023	0.00575	0.11034
4	0.01720	0.01246	0.01715	0.01414	0.01718	0.07375	0.12317	0.01964	0.01482	0.16988	0.04590	0.02948	0.01936	0.21092	0.17818	0.00541	0.01053	0.00812	0.00503	0.00766
5	0.01962	0.03872	0.08300	0.01386	0.04416	0.01228	0.01135	0.10358	0.06901	0.19941	0.01847	0.02112	0.01412	0.01663	0.07662	0.22993	0.00785	0.00644	0.00533	0.00850
6	0.14438	0.08984	0.01949	0.07981	0.05559	0.27071	0.01252	0.02645	0.01738	0.19844	0.01507	0.01589	0.01102	0.00727	0.00610	0.00198	0.00880	0.00520	0.00489	0.00918
7	0.01298	0.01442	0.13179	0.01159	0.01608	0.01059	0.01073	0.01978	0.14716	0.04998	0.17256	0.03880	0.21041	0.01156	0.00730	0.00212	0.00532	0.00969	0.00602	0.11112
8	0.01843	0.21706	0.12240	0.01612	0.02151	0.17127	0.09787	0.02418	0.10181	0.02096	0.01494	0.01674	0.01187	0.00704	0.00602	0.00189	0.00871	0.00554	0.10669	0.00896
9	0.00918	0.00794	0.03381	0.00878	0.01073	0.00651	0.00681	0.01170	0.01695	0.02256	0.32692	0.19739	0.28186	0.01671	0.00832	0.00238	0.00378	0.01454	0.00685	0.00629
10	0.01553	0.11495	0.23611	0.06442	0.02287	0.08556	0.03443	0.06720	0.03448	0.02083	0.01926	0.02301	0.07369	0.05953	0.09543	0.00347	0.01002	0.00666	0.00393	0.00859
11	0.01630	0.21624	0.34608	0.01817	0.02582	0.01979	0.09512	0.04656	0.08441	0.02197	0.01362	0.01552	0.01045	0.00692	0.00690	0.00208	0.03509	0.00549	0.00359	0.00990
12	0.00914	0.00705	0.00834	0.00814	0.01000	0.00625	0.00606	0.01169	0.01782	0.02369	0.41041	0.09909	0.32495	0.01609	0.00828	0.00230	0.00343	0.01390	0.00712	0.00625
13	0.00988	0.00733	0.01076	0.01087	0.01197	0.00838	0.00826	0.01212	0.01129	0.01613	0.02026	0.07781	0.01994	0.09821	0.63107	0.01034	0.01688	0.00850	0.00396	0.00606
14	0.01318	0.01240	0.02093	0.73798	0.04806	0.01550	0.01938	0.01783	0.01395	0.01783	0.01240	0.01860	0.00930	0.00698	0.00698	0.00233	0.00930	0.00620	0.00310	0.00775
15	0.00847	0.00621	0.00795	0.00934	0.01002	0.00570	0.00631	0.00976	0.01372	0.01796	0.04303	0.65344	0.13997	0.02127	0.00881	0.00277	0.00398	0.01911	0.00648	0.00570
16	0.00868	0.00630	0.00822	0.00957	0.01025	0.00584	0.00657	0.01015	0.01409	0.01870	0.08638	0.62493	0.09821	0.02093	0.00884	0.00277	0.00405	0.04320	0.00656	0.00578
17	0.01385	0.00795	0.00861	0.00796	0.01017	0.00779	0.00611	0.06752	0.01726	0.06099	0.13471	0.03462	0.11522	0.01037	0.00611	0.00187	0.00377	0.00854	0.46949	0.00712
18	0.00850	0.00607	0.00810	0.00972	0.01012	0.00567	0.00648	0.00972	0.01336	0.01781	0.03846	0.75020	0.04615	0.02186	0.00891	0.00283	0.00405	0.01984	0.00648	0.00567
19	0.01797	0.00975	0.01224	0.01100	0.01352	0.00950	0.00816	0.10522	0.01706	0.22566	0.02794	0.25687	0.02732	0.16460	0.05663	0.00383	0.00650	0.01162	0.00656	0.00805
20	0.02297	0.01650	0.01756	0.01396	0.01859	0.01819	0.01137	0.49410	0.08825	0.03903	0.01901	0.01945	0.01392	0.00842	0.00657	0.00202	0.00659	0.00647	0.16631	0.01071
21	0.01126	0.01026	0.01786	0.01461	0.01766	0.00947	0.20038	0.01467	0.01702	0.02308	0.28774	0.18115	0.13809	0.01384	0.00837	0.00239	0.00589	0.01308	0.00609	0.00711
22	0.01226	0.01001	0.01119	0.01046	0.01307	0.01042	0.00796	0.02127	0.27228	0.02601	0.28612	0.07199	0.19226	0.01352	0.00784	0.00232	0.00421	0.01160	0.00715	0.00806
23	0.06196	0.01956	0.11040	0.09794	0.02324	0.15889	0.03870	0.02417	0.15235	0.04339	0.01957	0.02708	0.01670	0.01316	0.07102	0.00311	0.00955	0.09579	0.00475	0.00868
24	0.25302	0.23281	0.02128	0.01297	0.01769	0.25306	0.01083	0.02279	0.01537	0.02160	0.01030	0.01199	0.00868	0.00645	0.00509	0.00175	0.00834	0.00403	0.00368	0.07827
25	0.73365	0.01301	0.01034	0.00950	0.01358	0.01498	0.00788	0.01998	0.01225	0.03038	0.01213	0.01732	0.01045	0.00761	0.00479	0.00225	0.00549	0.06243	0.00451	0.00746
26	0.00928	0.00664	0.00796	0.00847	0.00912	0.00635	0.00549	0.01027	0.01269	0.01671	0.07275	0.28235	0.13940	0.32197	0.05527	0.00475	0.00576	0.01408	0.00549	0.00519
27	0.04226	0.01796	0.02531	0.05569	0.49191	0.07186	0.01874	0.11103	0.05212	0.02559	0.01406	0.01714	0.01136	0.00677	0.00681	0.00208	0.00835	0.00610	0.00413	0.01073
28	0.21556	0.07844	0.10809	0.01671	0.02251	0.13781	0.12845	0.09917	0.01755	0.07329	0.01310	0.01480	0.00982	0.00680	0.00613	0.00205	0.00876	0.00535	0.00438	0.03121
29	0.04604	0.04305	0.02274	0.02634	0.31419	0.05199	0.01572	0.12661	0.11455	0.14216	0.01787	0.01886	0.01336	0.00745	0.00677	0.00210	0.00751	0.00634	0.00538	0.01098

[dist]
# distance from previous block
# <min> <max>
0	1

[block]
# block no. 7 follows, 30 sequences, length 35
# corresponding to MSA columns:
# 1457-1491
name=unknown_H
#
# <colnr> <probs for GDERKNQSTAVLIFYWHMCP>
#	G	D	E	R	K	N	Q	S	T	A	V	L	I	F	Y	W	H	M	C	P
0	0.01458	0.21260	0.07988	0.01670	0.02155	0.01650	0.20419	0.01839	0.01462	0.01981	0.07539	0.02262	0.01720	0.04987	0.14867	0.00400	0.01053	0.00705	0.03773	0.00813
1	0.01001	0.00736	0.00896	0.00963	0.01049	0.00740	0.00656	0.01288	0.07913	0.01783	0.03368	0.37068	0.07702	0.22535	0.05852	0.00436	0.00588	0.04264	0.00575	0.00587
2	0.01873	0.07224	0.26998	0.02178	0.09684	0.25453	0.08967	0.02348	0.01653	0.01992	0.01229	0.01507	0.00970	0.00871	0.03888	0.00243	0.01123	0.00539	0.00332	0.00929
3	0.10035	0.02070	0.16114	0.05156	0.02408	0.06885	0.10383	0.09826	0.11725	0.02599	0.01725	0.01874	0.03737	0.00739	0.00656	0.00205	0.00814	0.00616	0.00459	0.11973
4	0.00852	0.00655	0.00772	0.00853	0.00976	0.00584	0.00593	0.01001	0.01456	0.01854	0.08091	0.41758	0.31429	0.04575	0.00955	0.00275	0.00390	0.01710	0.00645	0.00575
5	0.01561	0.01466	0.02470	0.11289	0.54199	0.01494	0.01911	0.01940	0.01533	0.02157	0.01659	0.11985	0.01577	0.00849	0.00720	0.00221	0.00781	0.00812	0.00384	0.00995
6	0.01568	0.01496	0.02456	0.27471	0.38504	0.01674	0.01964	0.02040	0.04404	0.02077	0.01313	0.01789	0.01070	0.00723	0.00859	0.00227	0.08433	0.00627	0.00345	0.00958
7	0.15396	0.16409	0.02140	0.01352	0.01823	0.01691	0.04362	0.05008	0.01652	0.30988	0.01748	0.01753	0.01238	0.00807	0.00823	0.00215	0.10461	0.00573	0.00573	0.00988
8	0.00849	0.00684	0.00756	0.00789	0.00970	0.00592	0.00572	0.01029	0.01573	0.01962	0.13382	0.22799	0.47942	0.01829	0.00840	0.00245	0.00363	0.01571	0.00661	0.00592
9	0.00904	0.00695	0.00827	0.00825	0.00999	0.00618	0.00607	0.01143	0.01732	0.02293	0.36093	0.15995	0.31410	0.01671	0.00834	0.00235	0.00350	0.01450	0.00704	0.00618
10	0.01704	0.12610	0.16851	0.05430	0.02688	0.01831	0.20752	0.13387	0.01758	0.02386	0.01410	0.01852	0.01139	0.05371	0.05119	0.00296	0.03437	0.00654	0.00394	0.00932
11	0.01620	0.01810	0.03331	0.02455	0.03029	0.08447	0.49720	0.02122	0.01739	0.02286	0.13978	0.02427	0.02047	0.00753	0.00805	0.00227	0.01030	0.00867	0.00429	0.00877
12	0.01145	0.00948	0.01335	0.01251	0.01319	0.01184	0.00970	0.01323	0.01088	0.01588	0.01668	0.02740	0.01661	0.16895	0.40828	0.00817	0.21494	0.00759	0.00364	0.00625
13	0.80405	0.01350	0.01026	0.00918	0.01350	0.01565	0.00756	0.02051	0.01188	0.03131	0.00972	0.01134	0.00756	0.00648	0.00432	0.00216	0.00540	0.00378	0.00432	0.00756
14	0.00998	0.00736	0.00818	0.00825	0.00922	0.00717	0.00534	0.01209	0.06182	0.01696	0.05807	0.13834	0.19782	0.40353	0.02253	0.00472	0.00543	0.01241	0.00538	0.00538
15	0.05261	0.04722	0.11104	0.17491	0.12422	0.13209	0.11864	0.02173	0.01596	0.04250	0.03266	0.01757	0.01169	0.00686	0.00670	0.00208	0.00935	0.00604	0.02844	0.03768
16	0.01457	0.03051	0.51355	0.02058	0.02902	0.03830	0.11778	0.02140	0.01467	0.02129	0.01284	0.01603	0.00962	0.00958	0.05000	0.00280	0.05890	0.00577	0.00310	0.00970
17	0.01118	0.00688	0.00928	0.01019	0.01126	0.00643	0.00720	0.01276	0.01427	0.09318	0.05448	0.59034	0.04203	0.02148	0.04091	0.00314	0.00500	0.04696	0.00662	0.00642
18	0.01494	0.01180	0.01662	0.11841	0.13102	0.01280	0.01270	0.11489	0.05959	0.04420	0.09298	0.10737	0.02372	0.01984	0.16245	0.00423	0.00929	0.02944	0.00523	0.00848
19	0.01519	0.01271	0.01966	0.52360	0.06465	0.01510	0.01707	0.02187	0.11661	0.07227	0.04125	0.02127	0.01381	0.00771	0.00704	0.00231	0.00823	0.00675	0.00429	0.00863
20	0.00928	0.00705	0.00871	0.00967	0.01117	0.00648	0.00748	0.01136	0.01530	0.01946	0.07374	0.28265	0.28035	0.01933	0.00887	0.00275	0.00455	0.20928	0.00651	0.00601
21	0.02439	0.02236	0.02326	0.01871	0.02317	0.28861	0.14139	0.07860	0.01924	0.18872	0.01575	0.01708	0.01154	0.00791	0.00865	0.00215	0.08782	0.00613	0.00501	0.00950
22	0.01704	0.01804	0.07172	0.04382	0.23111	0.12976	0.01508	0.04404	0.01612	0.04599	0.02154	0.02502	0.10464	0.04650	0.03258	0.00269	0.08595	0.00725	0.03234	0.00879
23	0.00890	0.00629	0.00818	0.00947	0.00990	0.00596	0.00630	0.01008	0.01319	0.01763	0.06022	0.59183	0.04344	0.13488	0.01303	0.00343	0.00453	0.04106	0.00617	0.00551
24	0.01548	0.05342	0.18499	0.01913	0.02423	0.01680	0.17532	0.02101	0.06529	0.05430	0.01996	0.04892	0.07363	0.00960	0.01107	0.00246	0.18354	0.00773	0.00414	0.00897
25	0.01421	0.01328	0.02165	0.25389	0.20362	0.01434	0.08290	0.02015	0.10012	0.02114	0.02195	0.09855	0.05957	0.00963	0.00748	0.00236	0.00782	0.03414	0.00441	0.00879
26	0.01346	0.00871	0.01050	0.00986	0.01204	0.00866	0.00777	0.09580	0.01929	0.05076	0.31208	0.07833	0.04179	0.01300	0.00748	0.00222	0.00438	0.10344	0.19312	0.00731
27	0.64695	0.01695	0.01222	0.01088	0.01513	0.13182	0.00875	0.04769	0.01398	0.02948	0.01016	0.01175	0.00796	0.00667	0.00474	0.00210	0.00666	0.00399	0.00430	0.00781
28	0.00866	0.00642	0.00812	0.00942	0.01031	0.00589	0.00660	0.01013	0.01408	0.01825	0.04486	0.56207	0.17945	0.02082	0.00883	0.00277	0.00412	0.06697	0.00647	0.00577
29	0.00869	0.00644	0.00791	0.00886	0.00976	0.00588	0.00602	0.01008	0.01414	0.01844	0.09441	0.47965	0.19748	0.08475	0.01104	0.00302	0.00411	0.01728	0.00637	0.00566
30	0.01537	0.04828	0.02516	0.37422	0.36228	0.01657	0.02001	0.01968	0.01489	0.02013	0.01262	0.01763	0.01012	0.00657	0.00683	0.00217	0.00874	0.00610	0.00326	0.00938
31	0.01274	0.01430	0.11468	0.01467	0.01854	0.01159	0.11992	0.07146	0.01635	0.02234	0.11893	0.08751	0.13643	0.06197	0.12021	0.00397	0.03157	0.01008	0.00505	0.00766
32	0.02157	0.08791	0.06115	0.02095	0.05496	0.23408	0.21454	0.07388	0.01887	0.09526	0.04000	0.01759	0.01275	0.00713	0.00696	0.00204	0.01019	0.00635	0.00442	0.00942
33	0.02010	0.25833	0.02399	0.01397	0.01895	0.20128	0.03579	0.06856	0.01728	0.05390	0.01415	0.06831	0.01265	0.00761	0.00584	0.00169	0.00819	0.00570	0.00419	0.15952
