[name]
unknown

[dist]
# distance from previous block
# <min> <max>
4	10

[block]
# block no. 0 follows, 27 sequences, length 19
# corresponding to MSA columns:
# 10-28
name=unknown_A
#
# <colnr> <probs for GDERKNQSTAVLIFYWHMCP>
#	G	D	E	R	K	N	Q	S	T	A	V	L	I	F	Y	W	H	M	C	P
0	0.08232	0.01516	0.01849	0.01504	0.01902	0.04200	0.05195	0.14583	0.04998	0.17897	0.14050	0.02841	0.05562	0.01081	0.00997	0.00244	0.10838	0.00837	0.00675	0.00998
1	0.01122	0.00953	0.01471	0.05777	0.01719	0.01022	0.06895	0.01332	0.01428	0.01937	0.03252	0.50151	0.03761	0.01922	0.01135	0.00298	0.10405	0.04146	0.00588	0.00685
2	0.01767	0.01662	0.02747	0.04039	0.58917	0.01673	0.02067	0.02302	0.05842	0.02518	0.07615	0.02231	0.01772	0.00761	0.00749	0.00224	0.00815	0.00734	0.00432	0.01133
3	0.01752	0.02003	0.04380	0.03129	0.03880	0.01877	0.66583	0.02378	0.01752	0.02378	0.01502	0.02003	0.01126	0.00626	0.00876	0.00250	0.01252	0.00876	0.00375	0.01001
4	0.01814	0.01820	0.02455	0.26081	0.13561	0.11208	0.08455	0.07105	0.04337	0.02335	0.05830	0.02090	0.01491	0.00843	0.00905	0.00240	0.07355	0.00709	0.00427	0.00939
5	0.02474	0.03011	0.02253	0.02279	0.11397	0.51253	0.01578	0.02695	0.01903	0.01896	0.01156	0.01449	0.00989	0.00830	0.00941	0.00215	0.11882	0.00529	0.00372	0.00896
6	0.01798	0.01724	0.02942	0.10682	0.63463	0.01753	0.02259	0.02244	0.01672	0.02377	0.01389	0.01850	0.01159	0.00669	0.00736	0.00223	0.00892	0.00661	0.00364	0.01144
7	0.01847	0.01510	0.01959	0.01565	0.05371	0.01369	0.05402	0.10886	0.01829	0.06339	0.01460	0.01678	0.01158	0.00684	0.00761	0.00163	0.06115	0.00543	0.00491	0.48870
8	0.01212	0.00832	0.00946	0.00897	0.00968	0.00841	0.00559	0.06276	0.01408	0.01903	0.11390	0.04711	0.03175	0.58293	0.03144	0.00614	0.00677	0.01083	0.00523	0.00548
9	0.02041	0.01695	0.02837	0.04114	0.60071	0.01672	0.02116	0.02461	0.01750	0.11632	0.01606	0.01932	0.01266	0.00697	0.00737	0.00222	0.00848	0.00673	0.00443	0.01188
10	0.31216	0.01721	0.01871	0.02224	0.21323	0.09882	0.01379	0.04103	0.01539	0.02640	0.01303	0.01675	0.01095	0.01389	0.10295	0.00358	0.04095	0.00559	0.00418	0.00914
11	0.18142	0.01753	0.01994	0.11598	0.13394	0.06331	0.01454	0.22911	0.02171	0.05179	0.01668	0.07126	0.01390	0.00893	0.00694	0.00231	0.00800	0.00710	0.00544	0.01017
12	0.02213	0.01837	0.02504	0.02999	0.33746	0.01942	0.01770	0.29489	0.06339	0.03441	0.05029	0.02054	0.01568	0.00821	0.00746	0.00224	0.00811	0.00709	0.00571	0.01189
13	0.17071	0.01876	0.01976	0.01925	0.12014	0.09657	0.01347	0.20475	0.06590	0.17199	0.01831	0.01851	0.01314	0.00818	0.00681	0.00223	0.00787	0.00623	0.00630	0.01112
14	0.05991	0.01631	0.02178	0.02204	0.14845	0.05190	0.05717	0.06093	0.07729	0.08994	0.06238	0.02516	0.06758	0.01044	0.01185	0.00255	0.19143	0.00785	0.00525	0.00978
15	0.10290	0.01647	0.02158	0.18026	0.22763	0.05669	0.01637	0.07972	0.04674	0.02630	0.04796	0.01954	0.01418	0.00753	0.00688	0.00214	0.00811	0.00636	0.00452	0.10810
16	0.01762	0.01355	0.01950	0.02385	0.26060	0.01332	0.01400	0.04766	0.09340	0.10065	0.20667	0.03253	0.05937	0.01020	0.00773	0.00224	0.00631	0.00906	0.00628	0.05548
17	0.02277	0.01968	0.02429	0.04914	0.31654	0.11547	0.01742	0.18051	0.02203	0.08946	0.01749	0.06003	0.01439	0.00855	0.00741	0.00223	0.00885	0.00730	0.00528	0.01117
18	0.09084	0.01692	0.02287	0.02290	0.17576	0.06747	0.10269	0.07893	0.01875	0.12685	0.01997	0.05921	0.04076	0.00848	0.00718	0.00215	0.00806	0.00750	0.00533	0.11737

[dist]
# distance from previous block
# <min> <max>
29	55

[block]
# block no. 1 follows, 27 sequences, length 41
# corresponding to MSA columns:
# 93-133
name=unknown_B
#
# <colnr> <probs for GDERKNQSTAVLIFYWHMCP>
#	G	D	E	R	K	N	Q	S	T	A	V	L	I	F	Y	W	H	M	C	P
0	0.01932	0.05097	0.06532	0.01974	0.15316	0.01501	0.01379	0.16175	0.02007	0.09050	0.02070	0.09715	0.01780	0.01391	0.07230	0.00308	0.00826	0.00812	0.10290	0.04613
1	0.15412	0.05095	0.05801	0.05354	0.07322	0.04220	0.01277	0.13244	0.01922	0.09696	0.06799	0.02496	0.06233	0.01542	0.10102	0.00355	0.00900	0.00727	0.00555	0.00949
2	0.07246	0.01431	0.01527	0.04871	0.05328	0.09282	0.01098	0.04832	0.01784	0.10843	0.09080	0.06266	0.19122	0.01258	0.00973	0.00244	0.09675	0.00978	0.03317	0.00845
3	0.05691	0.07895	0.05525	0.09089	0.06614	0.01605	0.14736	0.06649	0.01804	0.10984	0.04803	0.01985	0.01452	0.00729	0.00697	0.00203	0.00823	0.00662	0.00495	0.17560
4	0.14024	0.04064	0.09633	0.05417	0.01865	0.01255	0.01149	0.05173	0.01659	0.16210	0.02813	0.14073	0.09081	0.06957	0.03160	0.00310	0.00705	0.00978	0.00595	0.00880
5	0.06502	0.01942	0.23563	0.01650	0.06546	0.01224	0.01533	0.01802	0.01466	0.02240	0.02060	0.18854	0.02042	0.01712	0.10135	0.00357	0.00915	0.00933	0.00449	0.14075
6	0.06814	0.01648	0.01646	0.01314	0.01855	0.10563	0.01045	0.05822	0.08891	0.19725	0.02191	0.02156	0.04643	0.00810	0.00658	0.00186	0.00686	0.00629	0.00616	0.28102
7	0.01600	0.01314	0.01513	0.01102	0.01721	0.01041	0.00882	0.05530	0.01651	0.02574	0.01431	0.01648	0.01171	0.00593	0.00558	0.00121	0.00549	0.00472	0.06464	0.68064
8	0.01318	0.01200	0.01909	0.34408	0.16782	0.01324	0.01623	0.01689	0.01549	0.02022	0.02829	0.15180	0.12817	0.01186	0.00798	0.00252	0.00771	0.01060	0.00459	0.00825
9	0.01599	0.01322	0.01262	0.01224	0.01438	0.13590	0.00897	0.04394	0.01873	0.08944	0.19910	0.33041	0.04274	0.01638	0.00850	0.00254	0.00611	0.01424	0.00691	0.00767
10	0.01166	0.00814	0.00933	0.00877	0.01095	0.00764	0.00665	0.04873	0.01955	0.02763	0.35250	0.05213	0.22399	0.01450	0.00797	0.00225	0.00381	0.01235	0.16436	0.00709
11	0.01207	0.00837	0.00969	0.00977	0.01122	0.00853	0.00687	0.01702	0.11765	0.02382	0.15855	0.22268	0.03890	0.15078	0.01348	0.00333	0.00476	0.01286	0.16263	0.00699
12	0.00933	0.00713	0.00840	0.00891	0.01036	0.00638	0.00627	0.01118	0.01631	0.02110	0.17438	0.30396	0.29981	0.06835	0.01098	0.00297	0.00414	0.01686	0.00697	0.00620
13	0.00964	0.00709	0.00903	0.00952	0.01081	0.00648	0.00677	0.01197	0.01752	0.02378	0.32553	0.35004	0.14609	0.01916	0.00907	0.00265	0.00388	0.01704	0.00744	0.00648
14	0.14082	0.01548	0.01660	0.01249	0.01859	0.01459	0.01015	0.19888	0.02036	0.03188	0.01403	0.01554	0.01098	0.00666	0.00589	0.00160	0.00628	0.00497	0.00527	0.44897
15	0.01089	0.00718	0.00817	0.00820	0.00844	0.00712	0.00480	0.01138	0.01190	0.01640	0.06906	0.07481	0.03030	0.61884	0.03278	0.00638	0.00661	0.01115	0.05072	0.00487
16	0.02195	0.11392	0.02420	0.01815	0.02101	0.22465	0.01490	0.12469	0.01839	0.02248	0.01160	0.01511	0.01012	0.00995	0.01405	0.00249	0.31341	0.00571	0.00407	0.00915
17	0.01850	0.11910	0.29932	0.01682	0.02432	0.01850	0.01809	0.19353	0.02113	0.02936	0.07543	0.04742	0.01735	0.00871	0.00700	0.00216	0.00854	0.00686	0.00497	0.06291
18	0.02165	0.14473	0.02503	0.03324	0.02231	0.10331	0.07585	0.18672	0.08060	0.05669	0.01672	0.01984	0.01353	0.04669	0.05675	0.00311	0.07142	0.00664	0.00517	0.01000
19	0.02089	0.01162	0.01409	0.01186	0.01561	0.01147	0.00940	0.09945	0.10475	0.23577	0.25135	0.03524	0.03586	0.01124	0.00765	0.00226	0.00519	0.00945	0.09688	0.00996
20	0.02344	0.31731	0.02843	0.01708	0.06033	0.21352	0.01370	0.16170	0.02108	0.02478	0.01310	0.01469	0.01077	0.00738	0.00604	0.00186	0.00933	0.00507	0.04046	0.00994
21	0.01940	0.01364	0.01578	0.01259	0.01733	0.01300	0.01001	0.21702	0.02280	0.09872	0.13036	0.09589	0.05701	0.01081	0.00735	0.00201	0.00588	0.00900	0.00677	0.23463
22	0.01537	0.08062	0.07184	0.10250	0.02119	0.04179	0.01287	0.08055	0.01728	0.04389	0.07107	0.19020	0.08089	0.01577	0.04703	0.00303	0.07958	0.01087	0.00537	0.00830
23	0.01923	0.08566	0.17368	0.01799	0.08187	0.01695	0.01575	0.17635	0.02087	0.07445	0.07960	0.05634	0.01957	0.01103	0.03141	0.00257	0.03168	0.00758	0.06716	0.01026
24	0.01058	0.00723	0.00882	0.00885	0.00967	0.00694	0.00585	0.01228	0.01546	0.02162	0.28182	0.15108	0.04641	0.31994	0.02087	0.00445	0.00517	0.01313	0.04405	0.00580
25	0.01304	0.00954	0.01320	0.01619	0.13868	0.00905	0.00965	0.01516	0.01574	0.06619	0.09872	0.18412	0.15691	0.17226	0.01490	0.00358	0.00586	0.04378	0.00604	0.00739
26	0.01956	0.01930	0.10423	0.13915	0.22030	0.05797	0.01882	0.04608	0.04924	0.11141	0.01625	0.01945	0.01247	0.00999	0.03466	0.00275	0.09677	0.00660	0.00456	0.01043
27	0.02311	0.01799	0.11167	0.01926	0.09264	0.04706	0.06642	0.04993	0.01923	0.28980	0.06868	0.04972	0.05200	0.00986	0.00858	0.00238	0.04616	0.00826	0.00647	0.01077
28	0.01387	0.00801	0.01002	0.00992	0.01181	0.00722	0.00707	0.01555	0.01610	0.14647	0.08732	0.32503	0.17591	0.11505	0.01270	0.00329	0.00490	0.01551	0.00709	0.00718
29	0.02045	0.01235	0.01442	0.01235	0.01617	0.01242	0.00971	0.14736	0.11464	0.19676	0.10287	0.12457	0.11715	0.01294	0.00792	0.00241	0.00556	0.01088	0.04913	0.00992
30	0.02157	0.05515	0.02578	0.09891	0.13854	0.15725	0.12755	0.04828	0.07131	0.10507	0.01735	0.01967	0.01311	0.00764	0.00723	0.00220	0.00954	0.00675	0.05697	0.01014
31	0.01408	0.04821	0.08722	0.01690	0.02062	0.01365	0.13805	0.01784	0.01416	0.04619	0.04473	0.02622	0.01770	0.06587	0.33570	0.00708	0.06560	0.00792	0.00416	0.00809
32	0.00925	0.00715	0.00854	0.00910	0.01064	0.00644	0.00652	0.01121	0.01632	0.02108	0.15966	0.31862	0.31251	0.02170	0.04316	0.00313	0.00471	0.01699	0.00696	0.00631
33	0.08387	0.01247	0.01619	0.10193	0.02048	0.01389	0.04951	0.12538	0.01830	0.05388	0.05039	0.05484	0.01832	0.01347	0.06657	0.00308	0.06477	0.00770	0.21643	0.00856
34	0.08949	0.05532	0.14161	0.06757	0.08079	0.06600	0.11611	0.07559	0.01823	0.06178	0.06199	0.06791	0.01766	0.00887	0.00726	0.00230	0.00878	0.00774	0.03534	0.00967
35	0.02016	0.22293	0.07460	0.01963	0.05846	0.11250	0.09978	0.02601	0.10826	0.05746	0.01517	0.01730	0.01219	0.00822	0.00926	0.00225	0.11546	0.00612	0.00430	0.00995
36	0.01741	0.10544	0.01808	0.01383	0.01692	0.10830	0.01095	0.12599	0.07572	0.02404	0.02580	0.18817	0.06197	0.01983	0.11655	0.00387	0.04268	0.01030	0.00555	0.00859
37	0.19445	0.01391	0.05346	0.01264	0.01743	0.01233	0.03221	0.05375	0.01677	0.19783	0.02155	0.11933	0.01857	0.04716	0.03535	0.00283	0.00691	0.00818	0.00605	0.12929
38	0.16845	0.15704	0.04931	0.05105	0.07302	0.04872	0.05672	0.10952	0.01808	0.02658	0.04090	0.10886	0.04315	0.00985	0.00675	0.00225	0.00761	0.00802	0.00492	0.00918
39	0.04883	0.08487	0.02337	0.03477	0.05849	0.21130	0.08137	0.05616	0.10263	0.10860	0.01740	0.01886	0.01332	0.00965	0.03259	0.00248	0.02635	0.00631	0.02281	0.03984
40	0.01889	0.15243	0.11222	0.01605	0.05260	0.01846	0.01404	0.15759	0.09095	0.05819	0.11879	0.02755	0.07584	0.01012	0.00802	0.00225	0.04209	0.00793	0.00584	0.01015

[dist]
# distance from previous block
# <min> <max>
7	87

[block]
# block no. 2 follows, 27 sequences, length 22
# corresponding to MSA columns:
# 235-256
name=unknown_C
#
# <colnr> <probs for GDERKNQSTAVLIFYWHMCP>
#	G	D	E	R	K	N	Q	S	T	A	V	L	I	F	Y	W	H	M	C	P
0	0.02374	0.20953	0.11659	0.01900	0.07332	0.21024	0.01606	0.16082	0.02143	0.06293	0.01394	0.01528	0.01083	0.00751	0.00650	0.00200	0.00985	0.00536	0.00461	0.01046
1	0.01013	0.00794	0.00929	0.00966	0.01150	0.00743	0.00713	0.01372	0.06853	0.02252	0.17303	0.25951	0.29529	0.01886	0.00897	0.00268	0.00423	0.05560	0.00718	0.00680
2	0.01380	0.00998	0.01244	0.04608	0.01554	0.01047	0.00921	0.10121	0.07096	0.05008	0.03362	0.36212	0.06969	0.05133	0.10321	0.00414	0.00745	0.01447	0.00645	0.00776
3	0.12363	0.20428	0.05913	0.12423	0.02474	0.06301	0.01378	0.11499	0.01846	0.07679	0.01386	0.01573	0.01067	0.00719	0.00607	0.00197	0.00807	0.00522	0.00463	0.10355
4	0.01619	0.01094	0.01272	0.01150	0.01466	0.01101	0.00889	0.08277	0.13854	0.12003	0.12081	0.12692	0.20644	0.01792	0.06295	0.00323	0.00621	0.01214	0.00731	0.00884
5	0.00924	0.00676	0.00873	0.01022	0.01103	0.00626	0.00712	0.01077	0.01480	0.01935	0.04536	0.59529	0.13393	0.02245	0.00944	0.00298	0.00443	0.06883	0.00689	0.00612
6	0.01894	0.55891	0.03293	0.01293	0.01838	0.02542	0.01223	0.07313	0.01615	0.01981	0.01257	0.01534	0.01133	0.01501	0.12570	0.00341	0.01000	0.00487	0.00366	0.00928
7	0.12178	0.01019	0.01222	0.01108	0.01451	0.00945	0.00859	0.02121	0.01686	0.24597	0.03527	0.24958	0.10659	0.01467	0.00787	0.00252	0.00529	0.04272	0.00719	0.05644
8	0.02096	0.01050	0.01271	0.01103	0.01470	0.01001	0.00882	0.02636	0.10671	0.28111	0.07434	0.03677	0.09711	0.01130	0.00730	0.00228	0.00511	0.04856	0.20471	0.00966
9	0.02204	0.01802	0.02713	0.03584	0.47119	0.01843	0.01966	0.18466	0.02174	0.08457	0.01617	0.01880	0.01251	0.00740	0.00738	0.00222	0.00845	0.00670	0.00506	0.01205
10	0.01504	0.00881	0.00977	0.00897	0.01130	0.00886	0.00689	0.06918	0.04759	0.05637	0.20263	0.03427	0.03236	0.01051	0.00652	0.00199	0.00406	0.00873	0.44835	0.00783
11	0.02940	0.01313	0.01648	0.01289	0.01804	0.01235	0.01056	0.14107	0.02269	0.48216	0.02654	0.02437	0.01750	0.00906	0.00710	0.00220	0.00619	0.00725	0.12928	0.01174
12	0.01985	0.74357	0.03890	0.01270	0.01905	0.02937	0.01270	0.02223	0.01508	0.01747	0.01032	0.01191	0.00953	0.00635	0.00476	0.00159	0.00794	0.00397	0.00318	0.00953
13	0.00968	0.00735	0.00864	0.00869	0.01032	0.00661	0.00621	0.01186	0.01735	0.02286	0.29143	0.16408	0.29041	0.09676	0.01204	0.00303	0.00412	0.01513	0.00710	0.00631
14	0.00925	0.00714	0.00844	0.00895	0.01053	0.00634	0.00640	0.01126	0.01680	0.02174	0.19467	0.31332	0.31919	0.01967	0.00903	0.00266	0.00391	0.01720	0.00717	0.00634
15	0.00957	0.00710	0.00877	0.00926	0.01055	0.00647	0.00651	0.01163	0.01681	0.02244	0.25884	0.32665	0.19357	0.06369	0.01083	0.00294	0.00410	0.01678	0.00716	0.00631
16	0.06715	0.00912	0.01034	0.00917	0.01224	0.00862	0.00713	0.02179	0.01668	0.19393	0.02535	0.08278	0.02017	0.00968	0.00608	0.00198	0.00450	0.00788	0.43386	0.05154
17	0.01375	0.00929	0.01125	0.01104	0.01313	0.00905	0.00809	0.09543	0.03835	0.07737	0.12290	0.39512	0.12934	0.01837	0.00882	0.00269	0.00482	0.01618	0.00732	0.00769
18	0.01079	0.00724	0.00830	0.00830	0.00837	0.00731	0.00475	0.01092	0.01085	0.01454	0.02321	0.04757	0.02655	0.70344	0.07285	0.00744	0.00786	0.01065	0.00447	0.00461
19	0.27261	0.07503	0.01965	0.13797	0.11275	0.05113	0.01356	0.10054	0.01754	0.06583	0.01419	0.01669	0.01087	0.00742	0.00610	0.00219	0.00759	0.00553	0.05334	0.00946
20	0.36779	0.15146	0.01790	0.01160	0.01578	0.01823	0.00972	0.08360	0.01534	0.05668	0.01387	0.01841	0.01201	0.09031	0.05298	0.00333	0.04226	0.00552	0.00469	0.00850
21	0.12735	0.02120	0.10027	0.01556	0.02081	0.13425	0.01368	0.15857	0.02119	0.19319	0.01953	0.07596	0.01535	0.00961	0.00779	0.00232	0.03964	0.00721	0.00612	0.01040

[dist]
# distance from previous block
# <min> <max>
0	2

[block]
# block no. 3 follows, 27 sequences, length 25
# corresponding to MSA columns:
# 259-283
name=unknown_D
#
# <colnr> <probs for GDERKNQSTAVLIFYWHMCP>
#	G	D	E	R	K	N	Q	S	T	A	V	L	I	F	Y	W	H	M	C	P
0	0.01409	0.06452	0.04328	0.06327	0.01892	0.07541	0.04851	0.05188	0.01676	0.02163	0.09794	0.19047	0.07505	0.02283	0.15676	0.00446	0.00990	0.01129	0.00532	0.00770
1	0.01824	0.29468	0.26931	0.01743	0.04503	0.02231	0.01816	0.06128	0.14009	0.02397	0.01562	0.01671	0.01217	0.00744	0.00633	0.00209	0.00868	0.00556	0.00422	0.01069
2	0.01986	0.19649	0.08332	0.08630	0.06050	0.20336	0.03161	0.06353	0.01743	0.02024	0.01411	0.02035	0.01279	0.12698	0.01156	0.00284	0.00991	0.00614	0.00389	0.00879
3	0.02185	0.06785	0.02397	0.01651	0.02295	0.01679	0.11845	0.21755	0.02224	0.10291	0.01642	0.01770	0.01222	0.00711	0.00677	0.00183	0.00771	0.00610	0.00564	0.28743
4	0.11092	0.01285	0.01592	0.01276	0.01772	0.01214	0.01036	0.09632	0.02115	0.46245	0.06921	0.08151	0.02243	0.01042	0.00740	0.00235	0.00611	0.00848	0.00826	0.01125
5	0.01051	0.00721	0.00834	0.00848	0.00875	0.00717	0.00506	0.01090	0.01153	0.01530	0.02789	0.10348	0.07065	0.59345	0.07546	0.00686	0.00754	0.01175	0.00481	0.00487
6	0.10352	0.60479	0.03450	0.01275	0.01888	0.02748	0.01232	0.07613	0.01648	0.02162	0.01095	0.01242	0.00963	0.00662	0.00497	0.00172	0.00772	0.00420	0.00368	0.00963
7	0.01893	0.11472	0.34030	0.05910	0.14694	0.05499	0.02176	0.05963	0.01756	0.07743	0.01449	0.01667	0.01076	0.00721	0.00688	0.00221	0.00977	0.00575	0.00400	0.01090
8	0.01286	0.06340	0.01633	0.04861	0.01653	0.01177	0.07584	0.03552	0.03985	0.01897	0.02677	0.14416	0.07111	0.26921	0.09500	0.00517	0.02596	0.01117	0.00493	0.00684
9	0.79154	0.01436	0.01091	0.00976	0.01436	0.01665	0.00804	0.02182	0.01263	0.03331	0.01034	0.01206	0.00804	0.00689	0.00459	0.00230	0.00574	0.00402	0.00459	0.00804
10	0.01244	0.01087	0.01275	0.01250	0.01413	0.08437	0.00964	0.01508	0.01363	0.01833	0.07229	0.02956	0.02169	0.04729	0.57824	0.01009	0.01788	0.00805	0.00429	0.00687
11	0.01720	0.07384	0.18943	0.20210	0.26089	0.06672	0.04216	0.02249	0.01628	0.02185	0.01322	0.01732	0.01041	0.00696	0.00711	0.00225	0.00998	0.00609	0.00343	0.01027
12	0.01244	0.00773	0.00969	0.00986	0.01149	0.00704	0.00704	0.01426	0.01618	0.10154	0.13443	0.31867	0.16385	0.11142	0.01267	0.00329	0.00480	0.03974	0.00704	0.00684
13	0.01026	0.00763	0.00973	0.01108	0.01201	0.00754	0.00777	0.01382	0.08594	0.02048	0.03965	0.61259	0.04581	0.02165	0.00932	0.00299	0.00465	0.06341	0.00696	0.00670
14	0.02349	0.01898	0.02421	0.07261	0.15686	0.02070	0.04909	0.38227	0.11182	0.03722	0.01819	0.01945	0.01348	0.00837	0.00750	0.00229	0.00834	0.00699	0.00623	0.01190
15	0.05922	0.01143	0.01349	0.01163	0.01519	0.01126	0.00912	0.12746	0.04019	0.20566	0.15261	0.14165	0.08289	0.01301	0.00778	0.00238	0.00533	0.01097	0.06935	0.00938
16	0.01020	0.00768	0.00918	0.00997	0.01134	0.00718	0.00700	0.05252	0.01631	0.02105	0.04916	0.50051	0.22838	0.02108	0.00915	0.00282	0.00440	0.01864	0.00693	0.00652
17	0.01722	0.01654	0.02766	0.18651	0.48389	0.01794	0.02162	0.02144	0.01587	0.02244	0.01335	0.01845	0.01115	0.00747	0.00919	0.00237	0.08611	0.00660	0.00355	0.01062
18	0.01133	0.00963	0.01536	0.01664	0.08785	0.00910	0.08791	0.01385	0.01553	0.02058	0.03896	0.42244	0.11865	0.01860	0.00916	0.00285	0.00597	0.08221	0.00616	0.00724
19	0.01752	0.02003	0.04380	0.03129	0.03880	0.01877	0.66583	0.02378	0.01752	0.02378	0.01502	0.02003	0.01126	0.00626	0.00876	0.00250	0.01252	0.00876	0.00375	0.01001
20	0.79154	0.01436	0.01091	0.00976	0.01436	0.01665	0.00804	0.02182	0.01263	0.03331	0.01034	0.01206	0.00804	0.00689	0.00459	0.00230	0.00574	0.00402	0.00459	0.00804
21	0.01118	0.00925	0.01510	0.01363	0.01580	0.00865	0.11515	0.01425	0.01748	0.02399	0.27703	0.31974	0.05023	0.01728	0.00915	0.00271	0.00553	0.05991	0.00685	0.00710
22	0.01620	0.01340	0.01513	0.01155	0.01728	0.01157	0.00918	0.05696	0.11595	0.02652	0.01911	0.02033	0.03974	0.00709	0.00602	0.00147	0.00550	0.00572	0.05479	0.54649
23	0.02178	0.15384	0.02179	0.01370	0.01946	0.05555	0.01145	0.16911	0.07808	0.10054	0.01767	0.03991	0.01401	0.00789	0.00637	0.00180	0.00707	0.00605	0.00568	0.24824
24	0.01318	0.01011	0.01212	0.01054	0.01357	0.00954	0.00813	0.07094	0.06724	0.02994	0.45387	0.04525	0.08579	0.01305	0.00808	0.00216	0.00437	0.01129	0.00744	0.12341

[dist]
# distance from previous block
# <min> <max>
0	1

[block]
# block no. 4 follows, 27 sequences, length 9
# corresponding to MSA columns:
# 285-293
name=unknown_E
#
# <colnr> <probs for GDERKNQSTAVLIFYWHMCP>
#	G	D	E	R	K	N	Q	S	T	A	V	L	I	F	Y	W	H	M	C	P
0	0.00987	0.00746	0.00823	0.00806	0.01006	0.00662	0.00590	0.01219	0.01746	0.02302	0.24612	0.06117	0.39493	0.08094	0.01106	0.00281	0.00397	0.01387	0.06989	0.00638
1	0.72630	0.01373	0.01058	0.00952	0.01388	0.01584	0.00780	0.02144	0.01288	0.03284	0.01150	0.01337	0.00896	0.00704	0.00464	0.00225	0.00555	0.00426	0.06967	0.00795
2	0.01139	0.00778	0.00971	0.00926	0.01131	0.00699	0.00693	0.01428	0.01948	0.06788	0.45006	0.11919	0.20521	0.01636	0.00875	0.00243	0.00381	0.01427	0.00783	0.00710
3	0.24670	0.08550	0.01524	0.01190	0.01510	0.10590	0.00940	0.05780	0.01578	0.02456	0.05781	0.02925	0.01966	0.14746	0.07454	0.00402	0.00858	0.05834	0.00485	0.00760
4	0.01487	0.01044	0.01207	0.01121	0.01342	0.01100	0.00836	0.17137	0.01880	0.02615	0.02980	0.19360	0.07986	0.12013	0.12856	0.00465	0.00806	0.01152	0.11849	0.00767
5	0.06429	0.08594	0.14421	0.01643	0.02213	0.09077	0.05417	0.06604	0.07571	0.02479	0.04427	0.01892	0.01436	0.01095	0.05142	0.00270	0.06498	0.00612	0.00450	0.13728
6	0.06635	0.14297	0.04919	0.01363	0.01780	0.11273	0.01155	0.05499	0.11766	0.08044	0.07883	0.04866	0.05128	0.01174	0.00885	0.06576	0.00741	0.04552	0.00564	0.00898
7	0.24448	0.05265	0.12102	0.01472	0.02039	0.12248	0.01340	0.08592	0.09962	0.08130	0.01651	0.03512	0.01277	0.00813	0.00631	0.00220	0.00803	0.00587	0.00523	0.04383
8	0.08519	0.05402	0.17370	0.01460	0.01940	0.05569	0.01374	0.07974	0.07844	0.05235	0.02502	0.26664	0.02498	0.01321	0.00764	0.00252	0.00727	0.01113	0.00566	0.00907

[dist]
# distance from previous block
# <min> <max>
0	71

[block]
# block no. 5 follows, 27 sequences, length 13
# corresponding to MSA columns:
# 368-380
name=unknown_F
#
# <colnr> <probs for GDERKNQSTAVLIFYWHMCP>
#	G	D	E	R	K	N	Q	S	T	A	V	L	I	F	Y	W	H	M	C	P
0	0.05998	0.01769	0.15246	0.01618	0.05184	0.03723	0.04455	0.08453	0.04167	0.02458	0.02295	0.13424	0.02251	0.11493	0.03548	0.00348	0.00820	0.06494	0.05405	0.00851
1	0.02006	0.14654	0.06418	0.09171	0.31713	0.09701	0.01871	0.05048	0.05599	0.04830	0.01461	0.01745	0.01174	0.00717	0.00684	0.00212	0.00910	0.00602	0.00412	0.01073
2	0.01002	0.00723	0.00866	0.00888	0.00983	0.00687	0.00592	0.01145	0.01465	0.01949	0.16745	0.18716	0.15857	0.28998	0.05717	0.00483	0.00596	0.01406	0.00610	0.00572
3	0.01391	0.00978	0.01453	0.01263	0.01514	0.00926	0.08075	0.03906	0.01876	0.08456	0.33019	0.11318	0.04696	0.11592	0.01284	0.00317	0.00575	0.05904	0.00701	0.00757
4	0.01873	0.01893	0.02635	0.27979	0.21556	0.11445	0.09107	0.06947	0.04986	0.02339	0.01451	0.01878	0.01131	0.00734	0.00746	0.00231	0.01007	0.00668	0.00402	0.00992
5	0.01471	0.01390	0.02352	0.61383	0.15315	0.01668	0.02096	0.01957	0.01517	0.01981	0.01332	0.01957	0.01019	0.00729	0.00741	0.00243	0.00972	0.00660	0.00336	0.00881
6	0.01656	0.01223	0.01514	0.01338	0.01617	0.01376	0.01056	0.23397	0.01960	0.02699	0.01945	0.02677	0.01718	0.09043	0.42310	0.00831	0.01499	0.00774	0.00518	0.00849
7	0.01076	0.00725	0.00835	0.00827	0.00852	0.00717	0.00485	0.01124	0.01222	0.01654	0.11640	0.04954	0.03301	0.63793	0.03373	0.00652	0.00668	0.01116	0.00501	0.00485
8	0.01870	0.02605	0.23263	0.01975	0.02579	0.12786	0.10833	0.10684	0.04966	0.02468	0.01661	0.05983	0.01425	0.06073	0.01113	0.00275	0.07279	0.00747	0.00442	0.00972
9	0.02288	0.14348	0.02246	0.01533	0.02034	0.02042	0.01311	0.34791	0.08395	0.05977	0.02228	0.03096	0.01913	0.01087	0.00753	0.00238	0.00760	0.13209	0.00665	0.01087
10	0.01746	0.03480	0.60512	0.02005	0.03029	0.01636	0.02512	0.02528	0.01645	0.11777	0.01555	0.01701	0.01066	0.00735	0.00711	0.00234	0.01032	0.00576	0.00398	0.01120
11	0.01043	0.00704	0.00821	0.00857	0.00866	0.00695	0.00500	0.01070	0.01152	0.01535	0.02708	0.19304	0.03165	0.58829	0.03182	0.00632	0.00659	0.01297	0.00500	0.00482
12	0.43976	0.05436	0.05022	0.01258	0.01782	0.04478	0.01084	0.11447	0.09621	0.03251	0.01412	0.01515	0.01080	0.00748	0.00561	0.00220	0.00675	0.00504	0.00516	0.05412

[dist]
# distance from previous block
# <min> <max>
0	1

[block]
# block no. 6 follows, 27 sequences, length 7
# corresponding to MSA columns:
# 382-388
name=unknown_G
#
# <colnr> <probs for GDERKNQSTAVLIFYWHMCP>
#	G	D	E	R	K	N	Q	S	T	A	V	L	I	F	Y	W	H	M	C	P
0	0.12370	0.30346	0.13198	0.01594	0.02189	0.12663	0.04188	0.02449	0.06219	0.02187	0.01251	0.01445	0.01032	0.00740	0.00697	0.00206	0.05396	0.00500	0.00379	0.00950
1	0.01825	0.12683	0.07467	0.09727	0.32519	0.01921	0.01897	0.06757	0.09181	0.02485	0.01678	0.02197	0.01407	0.00800	0.00714	0.00225	0.00846	0.04151	0.00439	0.01082
2	0.01697	0.01621	0.02760	0.26341	0.48592	0.01727	0.02208	0.02155	0.01624	0.02255	0.01372	0.01883	0.01116	0.00687	0.00737	0.00229	0.00917	0.00661	0.00355	0.01063
3	0.01041	0.00723	0.00837	0.00859	0.00942	0.00707	0.00561	0.01153	0.01296	0.01752	0.03551	0.13663	0.15871	0.37015	0.09868	0.00579	0.00721	0.01243	0.07071	0.00548
4	0.01160	0.00779	0.00883	0.00862	0.00941	0.00784	0.00549	0.01398	0.05551	0.01984	0.14411	0.04595	0.03352	0.47321	0.02666	0.00536	0.00599	0.01065	0.09992	0.00570
5	0.05583	0.07655	0.01960	0.10874	0.02260	0.01728	0.01224	0.26526	0.02286	0.11683	0.04881	0.02451	0.01723	0.11788	0.01162	0.00293	0.00758	0.00726	0.00610	0.03831
6	0.01145	0.00761	0.00936	0.00947	0.01134	0.00678	0.00689	0.01362	0.01739	0.08135	0.21500	0.29572	0.24916	0.01860	0.00890	0.00262	0.00411	0.01629	0.00742	0.00693

[dist]
# distance from previous block
# <min> <max>
0	23

[block]
# block no. 7 follows, 27 sequences, length 14
# corresponding to MSA columns:
# 412-425
name=unknown_H
#
# <colnr> <probs for GDERKNQSTAVLIFYWHMCP>
#	G	D	E	R	K	N	Q	S	T	A	V	L	I	F	Y	W	H	M	C	P
0	0.13074	0.09563	0.02117	0.01692	0.05935	0.14530	0.01301	0.20013	0.09875	0.09633	0.01795	0.01987	0.01386	0.00858	0.00674	0.00220	0.00831	0.02871	0.00589	0.01058
1	0.02043	0.43609	0.13461	0.01677	0.02356	0.11499	0.07516	0.06241	0.01737	0.02080	0.01180	0.01376	0.00986	0.00677	0.00588	0.00187	0.00954	0.00490	0.00356	0.00985
2	0.01189	0.00838	0.01001	0.01005	0.01141	0.00840	0.00716	0.01495	0.10543	0.01911	0.05696	0.10142	0.16878	0.16938	0.01966	0.19028	0.00573	0.06938	0.00565	0.00599
3	0.01756	0.01774	0.05007	0.18132	0.12637	0.07972	0.15066	0.05404	0.01738	0.04842	0.04133	0.06245	0.01595	0.01195	0.05601	0.00307	0.04420	0.00806	0.00436	0.00934
4	0.02326	0.02153	0.02771	0.02770	0.20893	0.16927	0.15520	0.08677	0.06009	0.12021	0.01714	0.01911	0.01284	0.00755	0.00754	0.00224	0.01002	0.00690	0.00508	0.01090
5	0.01303	0.00771	0.01015	0.01026	0.01177	0.00710	0.00727	0.01505	0.01680	0.11723	0.21975	0.38066	0.04863	0.08473	0.01159	0.00311	0.00463	0.01608	0.00736	0.00709
6	0.00929	0.00725	0.00871	0.00920	0.01080	0.00667	0.00667	0.01125	0.01582	0.02035	0.12160	0.27639	0.33032	0.02473	0.10190	0.00390	0.00605	0.01615	0.00664	0.00632
7	0.01921	0.01578	0.02119	0.37025	0.03622	0.01851	0.01689	0.25215	0.07188	0.02971	0.01657	0.02029	0.01240	0.01129	0.05309	0.00300	0.00963	0.00685	0.00514	0.00997
8	0.06837	0.01764	0.10844	0.01569	0.02054	0.01592	0.01422	0.13176	0.03940	0.25243	0.02204	0.06491	0.01731	0.01080	0.01040	0.00256	0.13063	0.03977	0.00651	0.01066
9	0.00932	0.00755	0.00820	0.00839	0.01054	0.00657	0.00633	0.01135	0.01682	0.02068	0.11614	0.10134	0.51773	0.05535	0.01041	0.00284	0.00422	0.07308	0.00687	0.00628
10	0.33627	0.01207	0.01165	0.01039	0.01437	0.01257	0.00850	0.05729	0.01601	0.05760	0.02306	0.02998	0.06987	0.00996	0.00617	0.00223	0.00552	0.09041	0.12333	0.10276
11	0.16146	0.02148	0.01757	0.01498	0.01926	0.22926	0.01185	0.17440	0.04953	0.09536	0.01653	0.01755	0.01241	0.00838	0.00718	0.00215	0.03827	0.00579	0.08684	0.00976
12	0.01732	0.01086	0.01549	0.01348	0.01660	0.01062	0.06198	0.02136	0.05679	0.18493	0.17591	0.08596	0.09627	0.04420	0.01080	0.00283	0.04924	0.10950	0.00718	0.00868
13	0.13232	0.01887	0.01924	0.01848	0.10858	0.10850	0.01301	0.23380	0.04496	0.09832	0.01719	0.01820	0.01277	0.00800	0.00663	0.00210	0.00781	0.00606	0.06784	0.05732

[dist]
# distance from previous block
# <min> <max>
0	22

[block]
# block no. 8 follows, 27 sequences, length 9
# corresponding to MSA columns:
# 448-456
name=unknown_I
#
# <colnr> <probs for GDERKNQSTAVLIFYWHMCP>
#	G	D	E	R	K	N	Q	S	T	A	V	L	I	F	Y	W	H	M	C	P
0	0.11298	0.05396	0.01463	0.08935	0.01794	0.01230	0.01004	0.01667	0.01519	0.04074	0.11462	0.14532	0.07326	0.01588	0.06349	0.00310	0.06678	0.00997	0.03402	0.08976
1	0.11140	0.01703	0.01972	0.07939	0.10726	0.05892	0.01382	0.16138	0.10656	0.19064	0.01985	0.02009	0.01418	0.00827	0.00700	0.00224	0.00760	0.00657	0.00637	0.04170
2	0.06866	0.12340	0.19461	0.05142	0.16266	0.09203	0.06133	0.04431	0.06491	0.02403	0.01412	0.01661	0.01108	0.00711	0.00673	0.00215	0.00946	0.00581	0.00396	0.03561
3	0.01442	0.00814	0.01044	0.01029	0.01243	0.00726	0.00754	0.01646	0.01717	0.16690	0.13308	0.36408	0.16621	0.01829	0.00881	0.00267	0.00453	0.01610	0.00756	0.00763
4	0.02655	0.01871	0.02215	0.01721	0.02278	0.05947	0.08148	0.33530	0.09107	0.18053	0.02112	0.02081	0.01481	0.00872	0.00744	0.00226	0.00810	0.00714	0.04260	0.01177
5	0.01633	0.00800	0.01116	0.01053	0.01193	0.00769	0.00748	0.01592	0.01310	0.16182	0.02202	0.12120	0.02107	0.11107	0.08165	0.35108	0.00739	0.00927	0.00521	0.00607
6	0.01516	0.01333	0.02071	0.56858	0.04343	0.01616	0.01816	0.08634	0.01651	0.02139	0.01481	0.02276	0.01207	0.08823	0.01077	0.00297	0.00942	0.00707	0.00387	0.00829
7	0.01750	0.06530	0.20187	0.24712	0.12044	0.04486	0.02035	0.08057	0.01748	0.04824	0.01450	0.01838	0.01105	0.01023	0.04876	0.00286	0.01036	0.00620	0.00395	0.00997
8	0.43078	0.12022	0.02056	0.08788	0.02202	0.01853	0.08294	0.02143	0.01388	0.02723	0.01131	0.01412	0.00907	0.00696	0.00626	0.00220	0.03725	0.00493	0.00409	0.05835

[dist]
# distance from previous block
# <min> <max>
0	1

[block]
# block no. 9 follows, 27 sequences, length 12
# corresponding to MSA columns:
# 458-469
name=unknown_J
#
# <colnr> <probs for GDERKNQSTAVLIFYWHMCP>
#	G	D	E	R	K	N	Q	S	T	A	V	L	I	F	Y	W	H	M	C	P
0	0.01402	0.01319	0.02227	0.72126	0.05113	0.01649	0.02062	0.01897	0.01484	0.01897	0.01319	0.01979	0.00990	0.00742	0.00742	0.00247	0.00990	0.00660	0.00330	0.00825
1	0.65246	0.01459	0.01241	0.01065	0.01547	0.01642	0.00878	0.06705	0.01513	0.11102	0.01303	0.01397	0.00954	0.00729	0.00512	0.00229	0.00597	0.00460	0.00532	0.00888
2	0.01117	0.00879	0.01302	0.01269	0.01388	0.01063	0.00998	0.01372	0.01187	0.01730	0.01886	0.02786	0.01767	0.05138	0.64069	0.01106	0.09093	0.00781	0.00390	0.00678
3	0.08037	0.00802	0.00998	0.01124	0.01268	0.00793	0.00871	0.01331	0.01553	0.02189	0.06505	0.36978	0.08599	0.02021	0.00924	0.00303	0.00526	0.23851	0.00672	0.00655
4	0.01196	0.00876	0.01076	0.01136	0.01297	0.00864	0.00856	0.08753	0.01744	0.02281	0.04166	0.38238	0.12928	0.05648	0.01074	0.00316	0.00539	0.15637	0.00682	0.00693
5	0.17150	0.01471	0.01600	0.01293	0.01767	0.01537	0.01052	0.25172	0.02412	0.18862	0.13241	0.02793	0.06471	0.01023	0.00719	0.00229	0.00624	0.00802	0.00738	0.01043
6	0.01423	0.06222	0.13008	0.01488	0.01903	0.06345	0.06041	0.04960	0.01641	0.02179	0.02669	0.36334	0.02907	0.01479	0.00806	0.00248	0.00722	0.01310	0.00538	0.07778
7	0.07454	0.16643	0.02701	0.01739	0.02315	0.08136	0.10908	0.26333	0.02367	0.09151	0.01674	0.04345	0.01310	0.00832	0.00692	0.00215	0.00875	0.00671	0.00566	0.01072
8	0.08498	0.01134	0.01403	0.01260	0.01445	0.01308	0.00979	0.10261	0.04010	0.02397	0.09318	0.02526	0.02006	0.02208	0.12750	0.21308	0.11970	0.00741	0.03767	0.00712
9	0.02437	0.04142	0.11750	0.08741	0.02566	0.01763	0.03614	0.25528	0.05175	0.20089	0.02007	0.02131	0.01429	0.04196	0.00874	0.00252	0.00826	0.00695	0.00647	0.01136
10	0.01097	0.00904	0.01376	0.01228	0.01464	0.00894	0.08350	0.01329	0.01464	0.01931	0.07670	0.04376	0.25384	0.03210	0.28299	0.07632	0.01126	0.01091	0.00514	0.00661
11	0.02214	0.17737	0.10212	0.01676	0.04602	0.16230	0.04380	0.02552	0.01836	0.16892	0.07404	0.07332	0.01958	0.00932	0.00699	0.00213	0.00868	0.00745	0.00536	0.00982

[dist]
# distance from previous block
# <min> <max>
2	39

[block]
# block no. 10 follows, 27 sequences, length 16
# corresponding to MSA columns:
# 509-524
name=unknown_K
#
# <colnr> <probs for GDERKNQSTAVLIFYWHMCP>
#	G	D	E	R	K	N	Q	S	T	A	V	L	I	F	Y	W	H	M	C	P
0	0.01760	0.01732	0.07037	0.02430	0.13480	0.01607	0.21550	0.13601	0.01925	0.02697	0.01860	0.07322	0.01605	0.03645	0.07871	0.00346	0.01028	0.00856	0.06672	0.00978
1	0.00909	0.00662	0.00856	0.01000	0.01071	0.00610	0.00677	0.01055	0.01482	0.01959	0.07586	0.63307	0.11612	0.02241	0.00937	0.00293	0.00421	0.02017	0.00695	0.00610
2	0.01588	0.01460	0.07363	0.05926	0.02167	0.01402	0.09112	0.06776	0.01746	0.07909	0.14677	0.05180	0.04833	0.01933	0.13617	0.00423	0.11565	0.00913	0.00541	0.00869
3	0.01303	0.00801	0.01001	0.00971	0.01189	0.00712	0.00719	0.01540	0.01810	0.12322	0.25148	0.24277	0.21880	0.01747	0.00877	0.00256	0.00421	0.01525	0.00763	0.00738
4	0.01803	0.01684	0.08747	0.09264	0.20663	0.01540	0.05811	0.09955	0.03842	0.07496	0.06824	0.02368	0.01783	0.01446	0.09973	0.00355	0.00985	0.00747	0.03698	0.01016
5	0.74182	0.01399	0.01098	0.01001	0.01442	0.01614	0.00829	0.02141	0.01292	0.03260	0.01218	0.01663	0.01025	0.00776	0.00496	0.00237	0.00581	0.04477	0.00474	0.00796
6	0.01101	0.00823	0.01112	0.01099	0.01164	0.00934	0.00787	0.01248	0.01164	0.01636	0.02205	0.09174	0.02343	0.30489	0.34673	0.00874	0.07154	0.00995	0.00435	0.00591
7	0.01447	0.00858	0.01131	0.01052	0.01299	0.00785	0.00831	0.01775	0.02021	0.14110	0.44169	0.05555	0.09734	0.01518	0.00876	0.00250	0.00449	0.10548	0.00806	0.00788
8	0.01522	0.01442	0.02444	0.53452	0.22846	0.01681	0.02122	0.02002	0.01541	0.02043	0.01341	0.01940	0.01041	0.00720	0.00740	0.00240	0.00960	0.00660	0.00340	0.00922
9	0.74118	0.01574	0.01158	0.01038	0.01492	0.06232	0.00846	0.02234	0.01319	0.03231	0.01041	0.01215	0.00814	0.00694	0.00473	0.00227	0.00625	0.00407	0.00454	0.00808
10	0.01669	0.01020	0.01261	0.01154	0.01440	0.00996	0.00887	0.06268	0.09728	0.15868	0.23593	0.19108	0.08427	0.01517	0.00849	0.00254	0.00495	0.03805	0.00784	0.00877
11	0.79154	0.01436	0.01091	0.00976	0.01436	0.01665	0.00804	0.02182	0.01263	0.03331	0.01034	0.01206	0.00804	0.00689	0.00459	0.00230	0.00574	0.00402	0.00459	0.00804
12	0.01048	0.00718	0.00874	0.00943	0.00977	0.00706	0.00612	0.01127	0.01254	0.01665	0.03020	0.23760	0.03500	0.45218	0.02655	0.00558	0.00637	0.09661	0.00545	0.00522
13	0.02483	0.02089	0.01955	0.01638	0.02126	0.14318	0.01299	0.26266	0.27681	0.08886	0.02234	0.02140	0.01637	0.00915	0.00735	0.00229	0.00808	0.00706	0.00697	0.01157
14	0.01503	0.00896	0.01042	0.00989	0.01233	0.00888	0.00761	0.02047	0.10537	0.09894	0.16753	0.09697	0.07713	0.01278	0.00736	0.00227	0.00438	0.04766	0.27793	0.00807
15	0.01847	0.09088	0.04838	0.21235	0.10089	0.11039	0.07073	0.02205	0.01556	0.04655	0.01273	0.01727	0.01041	0.00856	0.01122	0.00246	0.18203	0.00625	0.00365	0.00917

[dist]
# distance from previous block
# <min> <max>
0	8

[block]
# block no. 11 follows, 27 sequences, length 27
# corresponding to MSA columns:
# 533-559
name=unknown_L
#
# <colnr> <probs for GDERKNQSTAVLIFYWHMCP>
#	G	D	E	R	K	N	Q	S	T	A	V	L	I	F	Y	W	H	M	C	P
0	0.01524	0.01527	0.01607	0.01466	0.01615	0.15400	0.05447	0.01682	0.01430	0.01763	0.02174	0.18655	0.02376	0.20507	0.06967	0.00453	0.13186	0.01080	0.00460	0.00683
1	0.01505	0.01283	0.01502	0.01096	0.01722	0.00968	0.00869	0.01823	0.01533	0.02390	0.01472	0.05484	0.01309	0.00647	0.00572	0.00120	0.00543	0.00532	0.00454	0.74176
2	0.01000	0.00749	0.00927	0.00899	0.01082	0.00676	0.00668	0.01296	0.01956	0.02671	0.49831	0.10857	0.21338	0.01661	0.00881	0.00242	0.00362	0.01451	0.00778	0.00676
3	0.01624	0.01624	0.02274	0.01949	0.01949	0.02274	0.01624	0.01787	0.01137	0.01787	0.00975	0.01624	0.00975	0.01299	0.02436	0.00325	0.72552	0.00650	0.00325	0.00812
4	0.00914	0.00746	0.00807	0.00807	0.01029	0.00640	0.00600	0.01130	0.01755	0.02191	0.19468	0.11343	0.52311	0.01839	0.00882	0.00251	0.00375	0.01559	0.00715	0.00640
5	0.01846	0.01595	0.01679	0.01511	0.01930	0.01846	0.01175	0.03945	0.67938	0.03105	0.03022	0.02770	0.02266	0.01007	0.00755	0.00252	0.00588	0.00839	0.00755	0.01175
6	0.55680	0.05865	0.01509	0.01214	0.01678	0.14386	0.00987	0.06845	0.01585	0.03063	0.01107	0.01270	0.00872	0.00714	0.00518	0.00218	0.00742	0.00434	0.00457	0.00855
7	0.01194	0.00786	0.00949	0.00909	0.01110	0.00705	0.00664	0.01423	0.01783	0.08530	0.28843	0.13140	0.25160	0.10028	0.01208	0.00302	0.00436	0.01412	0.00730	0.00690
8	0.79154	0.01436	0.01091	0.00976	0.01436	0.01665	0.00804	0.02182	0.01263	0.03331	0.01034	0.01206	0.00804	0.00689	0.00459	0.00230	0.00574	0.00402	0.00459	0.00804
9	0.01985	0.74357	0.03890	0.01270	0.01905	0.02937	0.01270	0.02223	0.01508	0.01747	0.01032	0.01191	0.00953	0.00635	0.00476	0.00159	0.00794	0.00397	0.00318	0.00953
10	0.01075	0.00737	0.00895	0.00895	0.00924	0.00766	0.00556	0.01134	0.01105	0.01503	0.02261	0.04427	0.02512	0.58724	0.18708	0.00825	0.01002	0.01016	0.00438	0.00497
11	0.01350	0.04659	0.01239	0.01032	0.01308	0.00927	0.00802	0.01685	0.04366	0.09563	0.21484	0.11255	0.18935	0.02102	0.11302	0.00377	0.00682	0.01205	0.00674	0.05053
12	0.01323	0.00807	0.01011	0.01006	0.01223	0.00721	0.00755	0.01545	0.01742	0.12792	0.15493	0.27492	0.23036	0.01825	0.00890	0.00267	0.00452	0.06137	0.00746	0.00735
13	0.01870	0.25573	0.20644	0.01932	0.05177	0.04717	0.10371	0.04890	0.03544	0.05465	0.01536	0.05564	0.01293	0.00810	0.00737	0.00217	0.03584	0.00658	0.00408	0.01011
14	0.01902	0.12957	0.13397	0.24136	0.12487	0.05560	0.01926	0.14401	0.01941	0.02542	0.01368	0.01706	0.01052	0.00739	0.00692	0.00221	0.00948	0.00595	0.00411	0.01020
15	0.00900	0.00753	0.00784	0.00776	0.01017	0.00637	0.00582	0.01110	0.01746	0.02135	0.15677	0.06932	0.60742	0.01832	0.00877	0.00248	0.00373	0.01537	0.00706	0.00637
16	0.05743	0.10363	0.28386	0.08715	0.07432	0.01656	0.01867	0.01988	0.01448	0.02128	0.01551	0.05584	0.01362	0.03918	0.11884	0.00399	0.03610	0.00682	0.00365	0.00919
17	0.01573	0.00994	0.01243	0.01070	0.01401	0.00879	0.00821	0.04274	0.01877	0.13419	0.26780	0.10808	0.05843	0.06573	0.01007	0.00254	0.00501	0.03332	0.00706	0.16644
18	0.00984	0.00762	0.00886	0.00931	0.01092	0.00704	0.00668	0.01260	0.04815	0.02123	0.14056	0.27490	0.29756	0.07175	0.01110	0.00302	0.00437	0.04112	0.00692	0.00645
19	0.01936	0.22478	0.11981	0.03285	0.02178	0.05542	0.01445	0.11001	0.05002	0.04817	0.01470	0.01689	0.01185	0.01137	0.06398	0.00274	0.04572	0.00551	0.00446	0.12613
20	0.05307	0.26824	0.08063	0.01328	0.01849	0.09273	0.01218	0.03942	0.01702	0.06057	0.07952	0.06080	0.04549	0.01151	0.04253	0.00245	0.00821	0.00699	0.00474	0.08215
21	0.01937	0.13079	0.02064	0.05382	0.05224	0.01595	0.01234	0.12570	0.01973	0.10208	0.06850	0.03030	0.02109	0.01009	0.00773	0.00216	0.03279	0.10151	0.03297	0.14019
22	0.10360	0.16039	0.04962	0.01426	0.05537	0.05143	0.01158	0.02339	0.07718	0.09207	0.02111	0.04736	0.01816	0.01145	0.03422	0.00257	0.00730	0.07212	0.13773	0.00909
23	0.01783	0.01675	0.04369	0.08855	0.02141	0.11582	0.01224	0.07911	0.01757	0.05307	0.04535	0.04816	0.05030	0.01356	0.05513	0.06224	0.05748	0.00715	0.00481	0.18976
24	0.01975	0.01759	0.02219	0.12087	0.19511	0.10343	0.04707	0.06945	0.11725	0.08243	0.08549	0.02544	0.04317	0.00899	0.00758	0.00230	0.00834	0.00781	0.00549	0.01026
25	0.01704	0.10013	0.02339	0.27272	0.14637	0.01781	0.01697	0.09803	0.07318	0.02432	0.01896	0.06454	0.01683	0.00967	0.00749	0.00242	0.00834	0.06749	0.00473	0.00956
26	0.05022	0.04538	0.02238	0.22555	0.10585	0.12202	0.01637	0.17173	0.08274	0.06233	0.01628	0.01867	0.01222	0.00798	0.00712	0.00226	0.00912	0.00637	0.00510	0.01028

[dist]
# distance from previous block
# <min> <max>
45	244

[block]
# block no. 12 follows, 27 sequences, length 9
# corresponding to MSA columns:
# 867-875
name=unknown_M
#
# <colnr> <probs for GDERKNQSTAVLIFYWHMCP>
#	G	D	E	R	K	N	Q	S	T	A	V	L	I	F	Y	W	H	M	C	P
0	0.09125	0.17601	0.16797	0.01590	0.05475	0.06030	0.01472	0.05102	0.01708	0.09118	0.03583	0.06581	0.01546	0.00848	0.00639	0.00205	0.00785	0.00655	0.04091	0.07048
1	0.13716	0.16312	0.22463	0.01497	0.02082	0.01794	0.01546	0.05052	0.01547	0.05645	0.01696	0.10564	0.01572	0.05029	0.00957	0.00260	0.06164	0.00742	0.00441	0.00921
2	0.11778	0.08119	0.15357	0.01557	0.03917	0.09371	0.04982	0.05971	0.01780	0.02485	0.08688	0.06433	0.14486	0.01083	0.00722	0.00229	0.00780	0.00877	0.00507	0.00878
3	0.06232	0.17466	0.19674	0.02042	0.09376	0.06694	0.06600	0.10929	0.05475	0.02636	0.04985	0.01818	0.01410	0.00767	0.00674	0.00215	0.00906	0.00614	0.00445	0.01041
4	0.01969	0.25881	0.11875	0.01567	0.02099	0.15858	0.01466	0.06731	0.06757	0.02225	0.04278	0.02241	0.05263	0.00916	0.00766	0.00213	0.05343	0.03160	0.00446	0.00945
5	0.01856	0.43291	0.12426	0.01461	0.02046	0.10471	0.01452	0.02185	0.01564	0.01866	0.01374	0.01899	0.01258	0.01305	0.08532	0.00301	0.01029	0.04414	0.00356	0.00913
6	0.04640	0.19659	0.26413	0.01668	0.02411	0.01996	0.03850	0.08859	0.10610	0.02609	0.04633	0.01842	0.01442	0.00772	0.00656	0.00210	0.00847	0.00598	0.00454	0.05829
7	0.01346	0.05431	0.01301	0.01114	0.01263	0.01044	0.00835	0.07219	0.01455	0.01973	0.02546	0.18468	0.07230	0.02446	0.10897	0.25202	0.04122	0.01050	0.04437	0.00620
8	0.01981	0.15696	0.10820	0.02180	0.13876	0.16947	0.05548	0.02311	0.01644	0.05285	0.01450	0.02010	0.01279	0.10496	0.01181	0.00279	0.05063	0.00631	0.00391	0.00932

[dist]
# distance from previous block
# <min> <max>
12	32

[block]
# block no. 13 follows, 27 sequences, length 41
# corresponding to MSA columns:
# 943-983
name=unknown_N
#
# <colnr> <probs for GDERKNQSTAVLIFYWHMCP>
#	G	D	E	R	K	N	Q	S	T	A	V	L	I	F	Y	W	H	M	C	P
