[name]
unknown

[dist]
# distance from previous block
# <min> <max>
152	739

[block]
# block no. 0 follows, 29 sequences, length 8
# corresponding to MSA columns:
# 1301-1308
name=unknown_A
#
# <colnr> <probs for GDERKNQSTAVLIFYWHMCP>
#	G	D	E	R	K	N	Q	S	T	A	V	L	I	F	Y	W	H	M	C	P
0	0.05742	0.01228	0.01421	0.06109	0.07142	0.05392	0.01025	0.04853	0.07945	0.08488	0.02763	0.24356	0.06392	0.05241	0.00900	0.00256	0.00614	0.01107	0.00577	0.08448
1	0.01699	0.01689	0.08663	0.11054	0.14371	0.01618	0.05917	0.15114	0.05206	0.02547	0.01576	0.02046	0.01291	0.04734	0.10723	0.00369	0.04903	0.00671	0.00443	0.05366
2	0.01693	0.01437	0.01864	0.05499	0.02099	0.01452	0.08032	0.16740	0.10883	0.02750	0.02405	0.08155	0.08596	0.00975	0.00780	0.00207	0.03893	0.00825	0.00553	0.21161
3	0.01584	0.05383	0.05476	0.01523	0.03858	0.03333	0.03772	0.07618	0.07197	0.05132	0.09644	0.07536	0.02296	0.04896	0.08589	0.00357	0.14524	0.02459	0.03984	0.00839
4	0.01742	0.04982	0.15122	0.01416	0.01937	0.01270	0.05078	0.06663	0.05939	0.15354	0.14953	0.07366	0.07650	0.01090	0.00748	0.00225	0.00662	0.03036	0.00619	0.04149
5	0.02043	0.01308	0.01491	0.01232	0.01631	0.01358	0.00993	0.20768	0.09875	0.14324	0.07169	0.02740	0.04290	0.00967	0.00732	0.00209	0.02903	0.02915	0.16454	0.06596
6	0.10374	0.13785	0.01761	0.01301	0.04627	0.01309	0.04927	0.01602	0.05759	0.01767	0.01296	0.01874	0.01177	0.01645	0.01762	0.42824	0.00678	0.00578	0.00357	0.00599
7	0.01770	0.04616	0.10799	0.01936	0.14373	0.05462	0.01414	0.12616	0.05436	0.06416	0.02106	0.17008	0.01993	0.04519	0.00858	0.00243	0.00737	0.00909	0.00525	0.06265

[dist]
# distance from previous block
# <min> <max>
0	3

[block]
# block no. 1 follows, 29 sequences, length 36
# corresponding to MSA columns:
# 1312-1318,1320-1348
name=unknown_B
#
# <colnr> <probs for GDERKNQSTAVLIFYWHMCP>
#	G	D	E	R	K	N	Q	S	T	A	V	L	I	F	Y	W	H	M	C	P
0	0.01653	0.37885	0.02545	0.01220	0.01596	0.08533	0.04715	0.01817	0.01367	0.01611	0.01472	0.02451	0.01520	0.27087	0.01623	0.00352	0.00810	0.00647	0.00359	0.00736
1	0.00942	0.00719	0.00828	0.00862	0.01000	0.00665	0.00598	0.01168	0.04142	0.01971	0.14021	0.25647	0.28223	0.14362	0.01332	0.00329	0.00437	0.01516	0.00641	0.00596
2	0.02105	0.27431	0.08090	0.02027	0.11481	0.24569	0.04422	0.05545	0.01745	0.01992	0.01147	0.01376	0.00965	0.00693	0.00667	0.00189	0.03773	0.00493	0.00353	0.00936
3	0.02141	0.13395	0.07657	0.04349	0.05174	0.01579	0.09029	0.07314	0.04009	0.23735	0.06715	0.02398	0.01818	0.01063	0.04142	0.00261	0.00814	0.02806	0.00584	0.01017
4	0.01599	0.01251	0.01660	0.21958	0.05193	0.01373	0.01313	0.02489	0.22760	0.08051	0.06274	0.03043	0.04994	0.00978	0.00729	0.00231	0.00663	0.05703	0.03337	0.06402
5	0.01904	0.75404	0.03731	0.01218	0.01828	0.02818	0.01218	0.02132	0.01447	0.01675	0.00990	0.01142	0.00914	0.00609	0.00457	0.00152	0.00761	0.00381	0.00305	0.00914
6	0.07644	0.19057	0.02168	0.01369	0.01719	0.01670	0.08453	0.07197	0.05296	0.02121	0.01770	0.07802	0.01718	0.14746	0.10438	0.00419	0.04403	0.00781	0.00438	0.00790
7	0.06456	0.01929	0.02172	0.01769	0.02228	0.13778	0.13440	0.19465	0.16969	0.02909	0.02025	0.10005	0.01716	0.00955	0.00733	0.00228	0.00843	0.00823	0.00570	0.00985
8	0.34169	0.01346	0.01724	0.19240	0.18588	0.01510	0.01387	0.01934	0.01376	0.02512	0.01447	0.09147	0.01310	0.00831	0.00618	0.00230	0.00703	0.00676	0.00413	0.00840
9	0.02083	0.01808	0.01917	0.13967	0.07748	0.13676	0.01387	0.25563	0.02263	0.05804	0.03596	0.11680	0.03368	0.01015	0.00732	0.00224	0.00824	0.00833	0.00559	0.00955
10	0.01885	0.01769	0.01662	0.01499	0.01897	0.10808	0.01159	0.03663	0.60610	0.02820	0.02667	0.02480	0.02012	0.00936	0.00714	0.00234	0.00656	0.00761	0.00679	0.01088
11	0.01637	0.00842	0.01073	0.01000	0.01263	0.00745	0.00753	0.01849	0.01698	0.24056	0.10238	0.27959	0.17654	0.01581	0.00810	0.00246	0.00453	0.01373	0.03974	0.00797
12	0.00863	0.00637	0.00808	0.00945	0.01021	0.00582	0.00640	0.00997	0.01408	0.01836	0.04487	0.62937	0.15920	0.02158	0.00897	0.00281	0.00404	0.01935	0.00661	0.00582
13	0.01520	0.01500	0.02096	0.01802	0.01813	0.02076	0.01496	0.01688	0.01155	0.01793	0.05750	0.01819	0.01337	0.01261	0.02233	0.00305	0.68571	0.00669	0.00344	0.00771
14	0.01299	0.01155	0.01855	0.19508	0.25796	0.01210	0.01496	0.01628	0.01527	0.02077	0.07675	0.24137	0.05243	0.01242	0.00784	0.00243	0.00682	0.01136	0.00482	0.00826
15	0.05804	0.01114	0.01438	0.01159	0.01589	0.01020	0.00937	0.06404	0.02069	0.43373	0.23395	0.03220	0.03214	0.01047	0.00742	0.00221	0.00530	0.00874	0.00823	0.01027
16	0.01473	0.00706	0.00741	0.00711	0.00906	0.00693	0.00540	0.01800	0.01536	0.07971	0.02361	0.02637	0.01820	0.00834	0.00515	0.00170	0.00353	0.00668	0.72860	0.00706
17	0.08274	0.01763	0.02166	0.06799	0.05032	0.11101	0.13005	0.18721	0.02061	0.08071	0.01942	0.14169	0.01733	0.00997	0.00737	0.00230	0.00843	0.00873	0.00545	0.00939
18	0.04179	0.00811	0.01003	0.05947	0.01323	0.00810	0.00730	0.01413	0.04451	0.04789	0.20520	0.20205	0.10419	0.18526	0.01465	0.00349	0.00509	0.01292	0.00618	0.00641
19	0.33442	0.01567	0.01908	0.09567	0.21144	0.01752	0.01424	0.13375	0.01708	0.02967	0.01237	0.01514	0.00971	0.00717	0.00671	0.00222	0.03887	0.00535	0.00444	0.00948
20	0.08156	0.37825	0.02636	0.01308	0.01799	0.16369	0.01148	0.05455	0.01742	0.06901	0.09079	0.01766	0.01640	0.00766	0.00567	0.00180	0.00793	0.00536	0.00442	0.00892
21	0.05868	0.01225	0.01479	0.01206	0.01610	0.01210	0.00972	0.13119	0.02025	0.25514	0.12639	0.05623	0.10892	0.01110	0.00841	0.00222	0.05655	0.00885	0.00706	0.07199
22	0.02093	0.09522	0.11817	0.05337	0.16515	0.21859	0.04206	0.05012	0.01784	0.07489	0.01353	0.01570	0.01054	0.00688	0.00652	0.00195	0.00964	0.00543	0.00404	0.06943
23	0.01068	0.00731	0.00877	0.00899	0.01085	0.00646	0.00661	0.01265	0.01626	0.07401	0.14559	0.28443	0.32058	0.01828	0.00859	0.00256	0.00404	0.03985	0.00695	0.00653
24	0.01137	0.00807	0.00931	0.00871	0.01116	0.00728	0.00663	0.01488	0.05619	0.07595	0.30885	0.05689	0.36727	0.01552	0.00825	0.00233	0.00381	0.01321	0.00729	0.00704
25	0.01786	0.07068	0.15463	0.09382	0.16489	0.01721	0.01683	0.19096	0.01918	0.02625	0.01535	0.02100	0.01294	0.10968	0.03599	0.00311	0.00890	0.00657	0.00441	0.00974
26	0.00949	0.00649	0.00840	0.00947	0.01025	0.00605	0.00658	0.01052	0.01387	0.01849	0.06786	0.47532	0.12632	0.02106	0.01126	0.10426	0.00438	0.04759	0.03677	0.00558
27	0.00888	0.00642	0.00843	0.00983	0.01050	0.00597	0.00676	0.01039	0.01436	0.01910	0.08739	0.62828	0.08662	0.02140	0.00903	0.00283	0.00415	0.04707	0.00669	0.00590
28	0.00866	0.00628	0.00818	0.00971	0.01027	0.00580	0.00652	0.00994	0.01383	0.01826	0.04178	0.69306	0.09751	0.02198	0.00904	0.00285	0.00409	0.01984	0.00661	0.00580
29	0.09316	0.01955	0.14913	0.07312	0.05626	0.05811	0.05318	0.06660	0.01555	0.06792	0.01530	0.06826	0.01339	0.04162	0.01191	0.00267	0.17405	0.00709	0.00426	0.00890
30	0.01834	0.01074	0.01329	0.01168	0.01455	0.01113	0.00916	0.14111	0.01892	0.17035	0.07182	0.14886	0.02489	0.01855	0.12016	0.00371	0.03763	0.00961	0.13685	0.00866
31	0.66775	0.01722	0.01213	0.01090	0.01518	0.13660	0.00875	0.02221	0.01350	0.02946	0.01010	0.01179	0.00796	0.00673	0.00475	0.00214	0.00676	0.00398	0.00428	0.00780
32	0.02006	0.00921	0.01180	0.01000	0.01296	0.00838	0.00758	0.02239	0.01735	0.32133	0.16717	0.03568	0.02996	0.17845	0.01375	0.00321	0.00533	0.00902	0.10785	0.00851
33	0.02032	0.15309	0.02133	0.06458	0.02081	0.16101	0.01258	0.21407	0.02118	0.02582	0.02012	0.10434	0.04506	0.01056	0.00749	0.00218	0.03158	0.04970	0.00516	0.00902
34	0.01703	0.01106	0.01366	0.01078	0.01560	0.00887	0.00843	0.01979	0.01613	0.16800	0.06839	0.14437	0.02224	0.00958	0.00654	0.00169	0.00511	0.00818	0.00585	0.43869
35	0.01200	0.06146	0.01217	0.01078	0.01272	0.05949	0.00818	0.01503	0.07170	0.01889	0.03784	0.25204	0.18456	0.02100	0.07720	0.06345	0.00675	0.06245	0.00567	0.00662

[dist]
# distance from previous block
# <min> <max>
2	3

[block]
# block no. 2 follows, 29 sequences, length 22
# corresponding to MSA columns:
# 1352-1373
name=unknown_C
#
# <colnr> <probs for GDERKNQSTAVLIFYWHMCP>
#	G	D	E	R	K	N	Q	S	T	A	V	L	I	F	Y	W	H	M	C	P
0	0.02223	0.30341	0.02572	0.01516	0.01960	0.35264	0.01253	0.06594	0.01831	0.01899	0.01340	0.07535	0.01260	0.00823	0.00599	0.00183	0.00979	0.00575	0.00391	0.00862
1	0.05963	0.20797	0.26908	0.03819	0.07043	0.01816	0.01722	0.01995	0.01435	0.02076	0.01458	0.09374	0.01341	0.00853	0.00733	0.00211	0.05499	0.00655	0.00361	0.05938
2	0.02003	0.01727	0.01926	0.07009	0.14839	0.13831	0.01386	0.08244	0.10018	0.11033	0.09706	0.06383	0.02122	0.00971	0.00830	0.00226	0.05436	0.00788	0.00559	0.00963
3	0.51493	0.01545	0.01258	0.01113	0.01528	0.07271	0.00894	0.08252	0.08187	0.03089	0.01367	0.01513	0.01061	0.00880	0.02887	0.00246	0.00663	0.00486	0.05428	0.00839
4	0.01668	0.27992	0.25897	0.01730	0.02382	0.06578	0.07416	0.02111	0.01482	0.01939	0.01332	0.06504	0.01192	0.00815	0.00792	0.00212	0.08087	0.00612	0.00338	0.00922
5	0.01031	0.01016	0.06858	0.01295	0.01495	0.00814	0.07105	0.01277	0.01428	0.01920	0.03399	0.50632	0.03908	0.04628	0.00995	0.00299	0.00580	0.10069	0.00595	0.00657
6	0.01587	0.01262	0.01488	0.01068	0.01696	0.00955	0.00857	0.01901	0.01513	0.06738	0.01365	0.01537	0.01100	0.00550	0.00539	0.00113	0.00532	0.00441	0.00451	0.74305
7	0.00931	0.00685	0.00873	0.00911	0.01038	0.00626	0.00651	0.01164	0.01708	0.02327	0.35969	0.32709	0.14165	0.01805	0.00867	0.00252	0.00369	0.01605	0.00720	0.00626
8	0.01545	0.01767	0.08988	0.01885	0.01989	0.02129	0.01664	0.01767	0.01131	0.01767	0.00969	0.01553	0.00932	0.01190	0.02173	0.00303	0.66519	0.00614	0.00311	0.00806
9	0.01472	0.01113	0.01360	0.01234	0.01422	0.01271	0.00977	0.13889	0.01764	0.02535	0.07295	0.15291	0.06932	0.01613	0.05667	0.00306	0.15759	0.04132	0.15199	0.00770
10	0.02733	0.01301	0.01615	0.01294	0.01790	0.01262	0.01051	0.08048	0.16623	0.47186	0.02719	0.02438	0.01816	0.00894	0.00704	0.00221	0.00592	0.00727	0.05828	0.01158
11	0.00915	0.00722	0.00829	0.00843	0.01040	0.00637	0.00639	0.01145	0.01707	0.02183	0.23569	0.12653	0.41566	0.01762	0.00859	0.00248	0.00384	0.06982	0.00694	0.00623
12	0.01982	0.35930	0.07931	0.01334	0.01874	0.02056	0.01263	0.11718	0.01745	0.10916	0.01518	0.01724	0.01225	0.01568	0.13928	0.00361	0.00981	0.00543	0.00451	0.00953
13	0.07611	0.01890	0.01929	0.01626	0.04868	0.10459	0.01262	0.32830	0.06908	0.20536	0.01926	0.01864	0.01344	0.00832	0.00688	0.00214	0.00775	0.00632	0.00681	0.01127
14	0.09375	0.12561	0.02129	0.21901	0.13958	0.07988	0.01451	0.02126	0.05788	0.02187	0.01505	0.03870	0.01247	0.00755	0.00620	0.00207	0.00779	0.00610	0.10078	0.00866
15	0.01934	0.50776	0.05917	0.01337	0.01875	0.11321	0.01252	0.06727	0.01646	0.01918	0.01355	0.08442	0.01308	0.00805	0.00552	0.00177	0.00807	0.00577	0.00376	0.00896
16	0.01603	0.08718	0.06254	0.03747	0.06219	0.01261	0.01126	0.02013	0.03878	0.06146	0.06198	0.01839	0.01506	0.00658	0.00586	0.00148	0.00610	0.00535	0.00456	0.46498
17	0.11939	0.12102	0.04177	0.01185	0.01545	0.01421	0.01009	0.07979	0.04106	0.08221	0.05692	0.04749	0.04307	0.05264	0.20831	0.00496	0.00994	0.02651	0.00511	0.00822
18	0.05242	0.01065	0.01124	0.01023	0.01327	0.01103	0.00785	0.06351	0.18942	0.02678	0.02925	0.11375	0.08683	0.01089	0.00652	0.00207	0.00462	0.00904	0.25509	0.08555
19	0.01041	0.00695	0.00829	0.00877	0.00952	0.00681	0.00580	0.01249	0.03747	0.01975	0.11579	0.29724	0.03758	0.25465	0.01712	0.00391	0.00486	0.01363	0.12321	0.00575
20	0.01226	0.00902	0.01126	0.01203	0.03256	0.00905	0.00840	0.12688	0.01751	0.02340	0.05477	0.53496	0.05799	0.01903	0.00868	0.00272	0.00495	0.04081	0.00664	0.00710
21	0.01330	0.01033	0.01200	0.01169	0.01387	0.01095	0.00864	0.08464	0.21009	0.02591	0.14885	0.34888	0.03991	0.01601	0.00825	0.00257	0.00479	0.01413	0.00705	0.00813

[dist]
# distance from previous block
# <min> <max>
0	1

[block]
# block no. 3 follows, 29 sequences, length 13
# corresponding to MSA columns:
# 1375-1387
name=unknown_D
#
# <colnr> <probs for GDERKNQSTAVLIFYWHMCP>
#	G	D	E	R	K	N	Q	S	T	A	V	L	I	F	Y	W	H	M	C	P
0	0.00928	0.00705	0.00867	0.00960	0.01106	0.00645	0.00725	0.01129	0.01555	0.01987	0.09148	0.32086	0.27655	0.01976	0.00897	0.00276	0.00443	0.15635	0.00668	0.00609
1	0.00877	0.00631	0.00816	0.00960	0.01011	0.00587	0.00638	0.00996	0.01359	0.01796	0.04029	0.65509	0.08852	0.06974	0.01083	0.00312	0.00428	0.01925	0.00646	0.00570
2	0.02054	0.10292	0.02362	0.11209	0.04820	0.08782	0.03845	0.11129	0.01732	0.11051	0.01379	0.01680	0.01088	0.00908	0.01202	0.00240	0.24243	0.00603	0.00447	0.00933
3	0.02280	0.01875	0.05741	0.01628	0.02023	0.09477	0.01388	0.23610	0.02151	0.14802	0.01788	0.02235	0.01423	0.01166	0.03636	0.00276	0.17622	0.05306	0.00573	0.01000
4	0.15534	0.01460	0.01496	0.01356	0.01752	0.01673	0.01079	0.06873	0.47021	0.03019	0.02580	0.02861	0.02059	0.01003	0.00699	0.00245	0.00583	0.07017	0.00667	0.01023
5	0.14954	0.01099	0.06074	0.01109	0.01309	0.01030	0.00899	0.01405	0.01337	0.02096	0.06331	0.26743	0.06848	0.12796	0.01361	0.00332	0.07636	0.05452	0.00533	0.00655
6	0.02026	0.01916	0.12251	0.02045	0.12263	0.01590	0.07958	0.20566	0.02122	0.09857	0.04612	0.01895	0.01410	0.00739	0.00689	0.00198	0.00786	0.00637	0.00531	0.15909
7	0.07081	0.17257	0.10797	0.01609	0.08490	0.01685	0.01344	0.08782	0.01704	0.13686	0.01665	0.01861	0.01281	0.01250	0.08479	0.00303	0.02738	0.00582	0.08445	0.00962
8	0.08905	0.12839	0.01548	0.05821	0.01599	0.01226	0.00892	0.03845	0.01482	0.02122	0.02782	0.28626	0.09326	0.01328	0.00697	0.00217	0.00545	0.01128	0.00520	0.14551
9	0.01062	0.00728	0.00902	0.06037	0.01168	0.00740	0.00630	0.01187	0.01267	0.01756	0.09054	0.14132	0.03155	0.43197	0.02396	0.00497	0.00604	0.03581	0.07380	0.00530
10	0.01241	0.00961	0.01403	0.01543	0.10593	0.00995	0.03659	0.01429	0.01318	0.04810	0.02714	0.14630	0.08980	0.22369	0.14927	0.00539	0.05647	0.01082	0.00479	0.00682
11	0.01413	0.01549	0.11081	0.01829	0.11403	0.01431	0.01397	0.06034	0.04269	0.02165	0.06614	0.06782	0.06852	0.08137	0.10198	0.00401	0.16303	0.00860	0.00454	0.00828
12	0.01863	0.01621	0.01836	0.06074	0.04120	0.10589	0.05556	0.21695	0.04400	0.02646	0.02136	0.02706	0.06419	0.01783	0.11893	0.07299	0.00999	0.04984	0.00516	0.00866

[dist]
# distance from previous block
# <min> <max>
0	117

[block]
# block no. 4 follows, 29 sequences, length 31
# corresponding to MSA columns:
# 1554-1584
name=unknown_E
#
# <colnr> <probs for GDERKNQSTAVLIFYWHMCP>
#	G	D	E	R	K	N	Q	S	T	A	V	L	I	F	Y	W	H	M	C	P
0	0.01794	0.01353	0.01875	0.07830	0.20823	0.01410	0.01391	0.09426	0.12917	0.10639	0.02580	0.10588	0.05954	0.03886	0.00866	0.00254	0.00682	0.04171	0.00582	0.00980
1	0.01223	0.01248	0.09325	0.01158	0.01376	0.04307	0.00938	0.06962	0.01521	0.02034	0.02912	0.40390	0.03278	0.15881	0.01364	0.00344	0.00613	0.01420	0.03031	0.00674
2	0.01213	0.00970	0.01288	0.01448	0.09429	0.01019	0.00946	0.01737	0.12588	0.02143	0.13267	0.09661	0.07102	0.13912	0.17146	0.00515	0.00860	0.03462	0.00555	0.00742
3	0.01575	0.01780	0.21878	0.05562	0.02080	0.01203	0.01432	0.02173	0.09515	0.13420	0.02401	0.17433	0.02199	0.07755	0.06039	0.00345	0.00811	0.00970	0.00539	0.00891
4	0.02059	0.02026	0.03088	0.07618	0.11131	0.09448	0.29711	0.20727	0.02158	0.02813	0.01455	0.01773	0.01096	0.00698	0.00758	0.00223	0.01033	0.00705	0.00455	0.01024
5	0.00866	0.00650	0.00803	0.00917	0.01015	0.00588	0.00630	0.01012	0.01455	0.01883	0.07155	0.54136	0.22128	0.02090	0.00889	0.00274	0.00396	0.01860	0.00665	0.00588
6	0.01286	0.00903	0.01044	0.01010	0.01200	0.00909	0.00728	0.01812	0.15169	0.06969	0.11020	0.14484	0.13569	0.21473	0.01582	0.00371	0.00529	0.04589	0.00640	0.00712
7	0.01330	0.01158	0.01868	0.18841	0.23430	0.01256	0.01495	0.01703	0.01510	0.02126	0.12859	0.02682	0.02202	0.02047	0.19755	0.00467	0.01054	0.00777	0.02609	0.00830
8	0.01368	0.01188	0.01922	0.37428	0.18412	0.01344	0.01637	0.01764	0.01461	0.02037	0.01757	0.10597	0.01577	0.01039	0.03011	0.00258	0.00812	0.00806	0.10762	0.00819
9	0.09111	0.00847	0.00851	0.00790	0.01041	0.00848	0.00612	0.05071	0.01617	0.07283	0.03002	0.03138	0.12980	0.00979	0.00574	0.00190	0.00399	0.00777	0.49161	0.00728
10	0.00913	0.00734	0.00821	0.00829	0.01044	0.00642	0.00641	0.01144	0.01709	0.02147	0.20269	0.06664	0.48823	0.01748	0.00858	0.00247	0.00390	0.09065	0.00687	0.00623
11	0.01541	0.13942	0.13925	0.27144	0.18426	0.01803	0.01941	0.02000	0.01483	0.01994	0.01370	0.02018	0.01157	0.00767	0.00746	0.00224	0.03925	0.04333	0.00339	0.00921
12	0.01660	0.01249	0.01895	0.23351	0.13879	0.01394	0.01490	0.04703	0.01587	0.11949	0.04569	0.14099	0.01993	0.03245	0.01026	0.00260	0.09370	0.00911	0.00497	0.00873
13	0.34311	0.01599	0.01758	0.01411	0.01878	0.04587	0.08900	0.19756	0.01901	0.06465	0.01397	0.01593	0.01054	0.00861	0.00760	0.06130	0.00720	0.00555	0.03470	0.00896
14	0.05766	0.01928	0.01907	0.01514	0.02039	0.13317	0.01228	0.32266	0.02590	0.27270	0.01967	0.01869	0.01339	0.00837	0.00692	0.00211	0.00795	0.00628	0.00704	0.01131
15	0.01188	0.00639	0.00912	0.00912	0.00919	0.00646	0.00599	0.00966	0.00959	0.01285	0.01456	0.02652	0.01512	0.15816	0.06666	0.60785	0.00701	0.00702	0.00335	0.00349
16	0.01592	0.05126	0.28500	0.29532	0.08988	0.01739	0.02139	0.09883	0.01698	0.02335	0.01318	0.01687	0.00975	0.00705	0.00688	0.00225	0.00953	0.00584	0.00360	0.00971
17	0.01523	0.00866	0.00959	0.00889	0.01106	0.00878	0.00662	0.03904	0.09603	0.09232	0.07876	0.05637	0.02434	0.10547	0.00999	0.00258	0.00449	0.00831	0.40592	0.00756
18	0.00907	0.00643	0.00808	0.00923	0.00967	0.00607	0.00598	0.01004	0.01300	0.01719	0.03716	0.53586	0.08129	0.19769	0.01560	0.00383	0.00477	0.01754	0.00606	0.00544
19	0.01430	0.01076	0.01600	0.11003	0.13182	0.01154	0.01224	0.01675	0.01503	0.08873	0.09258	0.16410	0.09135	0.01567	0.04516	0.04857	0.09174	0.01056	0.00525	0.00782
20	0.02311	0.01112	0.01403	0.01157	0.01560	0.01038	0.00920	0.06427	0.08078	0.37994	0.06532	0.03243	0.13247	0.01256	0.00988	0.09589	0.00560	0.00866	0.00748	0.00970
21	0.00946	0.00680	0.00934	0.01080	0.01158	0.00668	0.00794	0.01130	0.01398	0.01867	0.03652	0.51486	0.04229	0.02541	0.09363	0.00399	0.00643	0.15802	0.00627	0.00602
22	0.01058	0.00706	0.00900	0.00954	0.01061	0.00692	0.00674	0.01217	0.01345	0.04668	0.03508	0.30841	0.11254	0.15953	0.13749	0.00498	0.00732	0.04491	0.05099	0.00599
23	0.02297	0.01993	0.02147	0.01731	0.02214	0.13440	0.09137	0.31044	0.12885	0.06235	0.01999	0.08068	0.01619	0.00941	0.00735	0.00223	0.00842	0.00781	0.00619	0.01051
24	0.01252	0.13166	0.01749	0.09732	0.01804	0.01388	0.01093	0.01497	0.01213	0.01658	0.01622	0.02467	0.01533	0.09607	0.39780	0.00760	0.07928	0.00695	0.00359	0.00695
25	0.02049	0.02220	0.01684	0.01487	0.01873	0.33751	0.01126	0.07906	0.07964	0.02213	0.01817	0.13675	0.01714	0.00973	0.00677	0.00193	0.00881	0.00759	0.00488	0.16550
26	0.01646	0.02230	0.22990	0.02254	0.13711	0.04511	0.09646	0.08066	0.09546	0.02550	0.07061	0.05159	0.01909	0.00905	0.00747	0.00232	0.00864	0.04501	0.00475	0.00997
27	0.06496	0.01639	0.12220	0.01500	0.03735	0.01439	0.01323	0.12164	0.07156	0.12065	0.09554	0.02433	0.02002	0.01819	0.15132	0.00414	0.06684	0.00727	0.00558	0.00941
28	0.01447	0.01434	0.09888	0.03975	0.01980	0.01144	0.10424	0.08810	0.01766	0.07161	0.03663	0.17910	0.21357	0.01326	0.00794	0.00238	0.00662	0.01173	0.00575	0.04274
29	0.11083	0.01415	0.01957	0.04835	0.06026	0.01489	0.12056	0.08258	0.16855	0.09636	0.04435	0.02591	0.01816	0.13054	0.01189	0.00306	0.00737	0.00775	0.00560	0.00928
30	0.04553	0.01075	0.01468	0.01341	0.04470	0.01157	0.03450	0.02019	0.01446	0.18544	0.02026	0.02635	0.01684	0.13234	0.09755	0.00408	0.12766	0.00736	0.16422	0.00809

[dist]
# distance from previous block
# <min> <max>
4	84

[block]
# block no. 5 follows, 29 sequences, length 6
# corresponding to MSA columns:
# 1674-1679
name=unknown_F
#
# <colnr> <probs for GDERKNQSTAVLIFYWHMCP>
#	G	D	E	R	K	N	Q	S	T	A	V	L	I	F	Y	W	H	M	C	P
0	0.10017	0.14946	0.09925	0.01435	0.01890	0.01476	0.08930	0.01960	0.01488	0.07910	0.02022	0.05174	0.01885	0.06815	0.05654	0.00325	0.00830	0.12059	0.04434	0.00823
1	0.01132	0.00762	0.00986	0.01067	0.01181	0.00766	0.00807	0.01422	0.06867	0.02018	0.06516	0.25861	0.03550	0.04905	0.01279	0.12631	0.00526	0.19611	0.07503	0.00609
2	0.01469	0.01570	0.07461	0.13209	0.02387	0.05926	0.05975	0.06474	0.01506	0.02033	0.01881	0.18287	0.01894	0.01594	0.07443	0.00341	0.18373	0.00953	0.00433	0.00791
3	0.01333	0.01311	0.09478	0.17070	0.02214	0.01165	0.01221	0.08331	0.01679	0.02350	0.17437	0.03232	0.02716	0.14292	0.07232	0.00381	0.00794	0.00855	0.06158	0.00752
4	0.00938	0.00655	0.00825	0.00911	0.00954	0.00625	0.00588	0.01046	0.01332	0.01795	0.10919	0.44087	0.04254	0.25627	0.01778	0.00411	0.00494	0.01621	0.00601	0.00542
5	0.01337	0.01114	0.01614	0.12519	0.02073	0.01195	0.08615	0.06894	0.01668	0.02317	0.07765	0.08641	0.17837	0.01200	0.00908	0.00234	0.08055	0.01009	0.14253	0.00753

[dist]
# distance from previous block
# <min> <max>
0	2

[block]
# block no. 6 follows, 29 sequences, length 15
# corresponding to MSA columns:
# 1682-1696
name=unknown_G
#
# <colnr> <probs for GDERKNQSTAVLIFYWHMCP>
#	G	D	E	R	K	N	Q	S	T	A	V	L	I	F	Y	W	H	M	C	P
0	0.03111	0.01346	0.01736	0.01331	0.01885	0.01246	0.01099	0.14575	0.02263	0.59605	0.02620	0.02301	0.01668	0.00877	0.00715	0.00219	0.00636	0.00703	0.00852	0.01212
1	0.01667	0.01747	0.10054	0.18014	0.02784	0.06225	0.09448	0.10232	0.04267	0.04748	0.07462	0.02513	0.07105	0.01021	0.00953	0.05664	0.03995	0.00765	0.00472	0.00865
2	0.01464	0.04439	0.01763	0.14694	0.10410	0.01357	0.01378	0.09415	0.01709	0.02260	0.02567	0.06410	0.05457	0.06595	0.01097	0.00296	0.04517	0.22855	0.00516	0.00799
3	0.01419	0.01049	0.01194	0.01161	0.01379	0.05680	0.00904	0.05428	0.04301	0.07674	0.08889	0.15595	0.08419	0.02461	0.18385	0.00471	0.00900	0.09860	0.04089	0.00741
4	0.53708	0.02063	0.01377	0.01242	0.01657	0.25573	0.00977	0.02348	0.01486	0.02701	0.01029	0.01200	0.00821	0.00686	0.00509	0.00208	0.00800	0.00410	0.00416	0.00790
5	0.02137	0.01952	0.01534	0.01366	0.01682	0.27374	0.01034	0.14104	0.02015	0.07728	0.01984	0.10718	0.01775	0.06295	0.00880	0.00238	0.00822	0.00778	0.14749	0.00838
6	0.10906	0.06461	0.01527	0.01295	0.04016	0.01289	0.03262	0.14040	0.01873	0.02732	0.11592	0.19311	0.05992	0.01316	0.00740	0.00236	0.00569	0.06176	0.05866	0.00803
7	0.03956	0.13455	0.02286	0.02015	0.14676	0.12213	0.05094	0.06631	0.07028	0.03936	0.01789	0.10548	0.01636	0.01123	0.03840	0.00255	0.04091	0.00763	0.03750	0.00914
8	0.01480	0.10970	0.29372	0.01780	0.05377	0.01561	0.05179	0.01971	0.01520	0.05097	0.07146	0.09956	0.02001	0.01172	0.03467	0.00268	0.06710	0.03641	0.00428	0.00906
9	0.01022	0.00674	0.00779	0.00813	0.00834	0.00665	0.00484	0.01071	0.01136	0.01563	0.02598	0.19011	0.02974	0.54555	0.02836	0.00569	0.00607	0.01214	0.06116	0.00479
10	0.01335	0.01248	0.06136	0.01493	0.04283	0.01138	0.06516	0.09804	0.01728	0.02313	0.05207	0.18514	0.11803	0.04875	0.04211	0.00324	0.03919	0.13814	0.00572	0.00767
11	0.01901	0.07914	0.10400	0.17362	0.07974	0.10651	0.01638	0.07144	0.16142	0.06453	0.01688	0.01870	0.01278	0.00792	0.00745	0.00222	0.03749	0.00620	0.00471	0.00987
12	0.01237	0.01083	0.01527	0.01330	0.01579	0.01145	0.08828	0.01817	0.13735	0.02268	0.16962	0.10967	0.15360	0.05336	0.06273	0.00337	0.07714	0.01144	0.00596	0.00762
13	0.01188	0.00721	0.00918	0.00942	0.01067	0.00689	0.00671	0.01387	0.01506	0.07605	0.15548	0.28425	0.03961	0.13885	0.04529	0.00363	0.00530	0.04689	0.10736	0.00640
14	0.04110	0.12235	0.07117	0.04791	0.02416	0.20153	0.12381	0.10880	0.04777	0.04187	0.01588	0.06857	0.01354	0.00968	0.02898	0.00239	0.00993	0.00688	0.00448	0.00922

[dist]
# distance from previous block
# <min> <max>
1	155

[block]
# block no. 7 follows, 29 sequences, length 26
# corresponding to MSA columns:
# 1896-1921
name=unknown_H
#
# <colnr> <probs for GDERKNQSTAVLIFYWHMCP>
#	G	D	E	R	K	N	Q	S	T	A	V	L	I	F	Y	W	H	M	C	P
0	0.05217	0.16892	0.07179	0.04376	0.17099	0.01854	0.04681	0.10576	0.09612	0.04822	0.01741	0.06621	0.01466	0.00823	0.00656	0.00210	0.00751	0.00691	0.03729	0.01002
1	0.25577	0.03422	0.01848	0.04471	0.19022	0.01617	0.01301	0.12687	0.03706	0.06215	0.01642	0.01868	0.03459	0.01136	0.06663	0.00292	0.00792	0.00596	0.00486	0.03201
2	0.01570	0.03211	0.01783	0.13879	0.04909	0.03795	0.05594	0.04145	0.03435	0.06176	0.10566	0.04893	0.02073	0.04027	0.00798	0.00209	0.00675	0.00735	0.04182	0.23346
3	0.01753	0.01678	0.04094	0.06363	0.10789	0.11635	0.03602	0.10873	0.08113	0.04986	0.05867	0.03520	0.16795	0.01111	0.00759	0.00229	0.00751	0.05625	0.00560	0.00899
4	0.04277	0.20658	0.11594	0.05374	0.02072	0.01657	0.01326	0.04653	0.01668	0.15923	0.05058	0.02308	0.03839	0.00851	0.00691	0.00200	0.03138	0.03989	0.00506	0.10220
5	0.23468	0.10748	0.09609	0.08029	0.09365	0.06475	0.01382	0.02272	0.01518	0.11326	0.01564	0.01728	0.03554	0.00746	0.00642	0.00210	0.02843	0.00546	0.00444	0.03532
6	0.05117	0.01916	0.08130	0.08704	0.04471	0.17226	0.07210	0.02068	0.01609	0.06560	0.04270	0.14459	0.03940	0.01077	0.00888	0.00234	0.07916	0.00879	0.00462	0.02865
7	0.09250	0.01809	0.01822	0.01818	0.11722	0.15221	0.01251	0.11803	0.08888	0.14604	0.06909	0.04586	0.01818	0.00875	0.00683	0.00210	0.00758	0.00697	0.00589	0.04687
8	0.15459	0.01711	0.03987	0.17426	0.12792	0.08464	0.03718	0.11299	0.01751	0.05500	0.01454	0.04108	0.01180	0.01010	0.04172	0.00269	0.03707	0.00634	0.00443	0.00916
9	0.01537	0.01295	0.01403	0.01276	0.01615	0.01446	0.00986	0.03051	0.49611	0.02880	0.18296	0.03536	0.07758	0.01132	0.00758	0.00238	0.00499	0.00960	0.00734	0.00990
10	0.01259	0.01383	0.14865	0.13193	0.02098	0.01060	0.01315	0.01494	0.01303	0.01843	0.01914	0.11782	0.01869	0.01546	0.01389	0.22745	0.03649	0.06639	0.08001	0.00653
11	0.00899	0.00711	0.00809	0.00810	0.01004	0.00622	0.00598	0.01124	0.01721	0.02216	0.27415	0.14359	0.41707	0.01740	0.00849	0.00241	0.00359	0.01494	0.00701	0.00622
12	0.01158	0.00750	0.00864	0.00822	0.00965	0.00692	0.00555	0.01289	0.01451	0.07672	0.15034	0.05205	0.22465	0.35618	0.02122	0.00445	0.00530	0.01184	0.00594	0.00586
13	0.01665	0.01400	0.01542	0.01398	0.01754	0.01618	0.01091	0.06072	0.53138	0.02786	0.02654	0.02643	0.02055	0.01813	0.14638	0.00416	0.00835	0.00790	0.00657	0.01035
14	0.01953	0.01770	0.02138	0.01783	0.01983	0.05450	0.01472	0.21230	0.04537	0.02575	0.01248	0.01634	0.01064	0.01097	0.01719	0.00274	0.46076	0.00628	0.00448	0.00921
15	0.05898	0.01787	0.07602	0.01634	0.08517	0.10438	0.01261	0.04307	0.01630	0.08447	0.01673	0.01866	0.04348	0.00921	0.03492	0.00216	0.05667	0.00565	0.00452	0.29281
16	0.01664	0.01577	0.12851	0.01343	0.01791	0.01287	0.03216	0.07965	0.18508	0.09269	0.02851	0.12222	0.07323	0.01100	0.00714	0.00228	0.00612	0.00930	0.13613	0.00935
17	0.01327	0.00664	0.00664	0.00664	0.00830	0.00664	0.00498	0.01659	0.01493	0.02655	0.02323	0.02655	0.01825	0.00830	0.00498	0.00166	0.00332	0.00664	0.78928	0.00664
18	0.01451	0.00947	0.01178	0.01139	0.01349	0.00952	0.00859	0.12285	0.01780	0.09219	0.05893	0.33372	0.06901	0.05507	0.07887	0.00370	0.00665	0.06833	0.00658	0.00755
19	0.01615	0.08270	0.13992	0.05277	0.15500	0.07918	0.01719	0.01976	0.01488	0.02043	0.07912	0.04372	0.01652	0.00962	0.01166	0.00240	0.21937	0.00686	0.00380	0.00892
20	0.01558	0.01558	0.02181	0.01869	0.01869	0.02181	0.01558	0.01714	0.01091	0.01714	0.00935	0.01558	0.00935	0.01246	0.02337	0.00312	0.73672	0.00623	0.00312	0.00779
21	0.00858	0.00657	0.00788	0.00892	0.01007	0.00587	0.00617	0.01003	0.01459	0.01857	0.05132	0.49673	0.28768	0.02074	0.00884	0.00271	0.00394	0.01833	0.00661	0.00587
22	0.09626	0.01220	0.01416	0.01135	0.01572	0.01141	0.00892	0.10463	0.01767	0.22041	0.02042	0.02672	0.01690	0.15251	0.01221	0.00287	0.00622	0.03711	0.00604	0.20627
23	0.01004	0.00756	0.00940	0.00995	0.01125	0.00736	0.00706	0.01397	0.08878	0.02252	0.23352	0.42073	0.09403	0.01840	0.00864	0.00262	0.00403	0.01643	0.00704	0.00666
24	0.01472	0.01500	0.08240	0.01149	0.01823	0.01017	0.01017	0.01838	0.01479	0.02314	0.01267	0.01479	0.01040	0.00542	0.00542	0.00117	0.00578	0.00432	0.00410	0.71745
25	0.01433	0.03449	0.64523	0.01935	0.02947	0.01585	0.02458	0.02210	0.01501	0.02261	0.01277	0.01501	0.00917	0.00662	0.00662	0.00214	0.01001	0.00516	0.00312	0.08636

[dist]
# distance from previous block
# <min> <max>
0	18

[block]
# block no. 8 follows, 29 sequences, length 7
# corresponding to MSA columns:
# 1940-1946
name=unknown_I
#
# <colnr> <probs for GDERKNQSTAVLIFYWHMCP>
#	G	D	E	R	K	N	Q	S	T	A	V	L	I	F	Y	W	H	M	C	P
0	0.01514	0.01386	0.01979	0.01413	0.02062	0.01106	0.13205	0.01883	0.01514	0.02313	0.01298	0.01558	0.01059	0.00541	0.00585	0.00130	0.00651	0.00499	0.00411	0.64891
1	0.01880	0.01425	0.01564	0.01384	0.01783	0.01570	0.01106	0.13064	0.40253	0.08619	0.03186	0.03457	0.08196	0.01127	0.00761	0.00245	0.00593	0.08017	0.00722	0.01048
2	0.01860	0.68777	0.09973	0.01293	0.01943	0.02710	0.01349	0.02144	0.01452	0.01729	0.01017	0.01176	0.00913	0.00615	0.00477	0.00159	0.00788	0.00394	0.00304	0.00927
3	0.01368	0.01023	0.04723	0.01175	0.01402	0.00935	0.00977	0.01606	0.01502	0.11656	0.03631	0.15997	0.15288	0.07982	0.06971	0.00379	0.07345	0.14714	0.00599	0.00723
4	0.01452	0.01266	0.01598	0.14357	0.02280	0.01066	0.01053	0.01798	0.01467	0.02228	0.01266	0.01554	0.01035	0.00561	0.00561	0.00130	0.00605	0.00461	0.00402	0.64860
5	0.01374	0.01400	0.01803	0.01546	0.01838	0.12568	0.15023	0.01663	0.01577	0.01972	0.08793	0.17020	0.10683	0.02215	0.16712	0.00441	0.01041	0.01110	0.00498	0.00723
6	0.01325	0.01163	0.01862	0.26260	0.20122	0.01251	0.01537	0.01730	0.01685	0.02312	0.23974	0.03475	0.03132	0.01036	0.00774	0.00234	0.00699	0.06096	0.00506	0.00827

[dist]
# distance from previous block
# <min> <max>
0	1

[block]
# block no. 9 follows, 29 sequences, length 34
# corresponding to MSA columns:
# 1948-1981
name=unknown_J
#
# <colnr> <probs for GDERKNQSTAVLIFYWHMCP>
#	G	D	E	R	K	N	Q	S	T	A	V	L	I	F	Y	W	H	M	C	P
0	0.01834	0.01649	0.01857	0.07648	0.06377	0.11554	0.01312	0.11896	0.01662	0.05383	0.01507	0.02248	0.01370	0.14309	0.05989	0.00379	0.21075	0.00690	0.00435	0.00824
1	0.01668	0.01661	0.02512	0.32045	0.38300	0.07491	0.02034	0.02092	0.01574	0.02073	0.01290	0.01778	0.01038	0.00674	0.00703	0.00220	0.00924	0.00619	0.00339	0.00966
2	0.00878	0.00664	0.00815	0.00929	0.01039	0.00601	0.00655	0.01032	0.01460	0.01870	0.04920	0.49576	0.24706	0.02083	0.00893	0.00277	0.00413	0.05938	0.00661	0.00590
3	0.01351	0.01238	0.01433	0.01687	0.13519	0.06928	0.01113	0.01852	0.10282	0.02239	0.09939	0.05077	0.24154	0.01407	0.00816	0.00248	0.00608	0.14711	0.00600	0.00797
4	0.08364	0.06579	0.02239	0.01742	0.02176	0.19403	0.15227	0.06518	0.07652	0.02391	0.06892	0.02921	0.04697	0.00972	0.00733	0.00227	0.00893	0.09009	0.00499	0.00864
5	0.01944	0.01895	0.02192	0.25194	0.16639	0.14774	0.01693	0.12768	0.11210	0.02485	0.01544	0.01832	0.01189	0.00758	0.00699	0.00219	0.00911	0.00626	0.00451	0.00977
6	0.00974	0.00717	0.00847	0.00844	0.00949	0.00706	0.00572	0.01096	0.01276	0.01666	0.06818	0.04936	0.22367	0.35368	0.17229	0.00633	0.00836	0.01126	0.00505	0.00536
7	0.01440	0.01231	0.01474	0.04441	0.01799	0.00961	0.00886	0.01765	0.01509	0.02331	0.05670	0.01742	0.01412	0.00595	0.00556	0.00119	0.00535	0.00487	0.00440	0.70605
8	0.01428	0.03683	0.71286	0.02030	0.03082	0.01654	0.02631	0.02255	0.01503	0.02255	0.01278	0.01503	0.00902	0.00677	0.00677	0.00226	0.01052	0.00526	0.00301	0.01052
9	0.02660	0.03394	0.02018	0.01834	0.02201	0.72116	0.01376	0.02843	0.02018	0.01743	0.01101	0.01284	0.00917	0.00734	0.00642	0.00183	0.01284	0.00459	0.00367	0.00825
10	0.01693	0.01394	0.01593	0.01157	0.01779	0.01170	0.00933	0.13454	0.01805	0.02701	0.01344	0.01518	0.01082	0.00585	0.00560	0.00124	0.00572	0.00460	0.00473	0.65602
11	0.02042	0.01639	0.01756	0.01503	0.01946	0.01856	0.01204	0.25013	0.43101	0.03426	0.02559	0.02681	0.01975	0.00992	0.00737	0.00238	0.00642	0.04846	0.00716	0.01125
12	0.01345	0.01266	0.02136	0.73264	0.04904	0.01582	0.01978	0.01819	0.01424	0.01819	0.01266	0.01898	0.00949	0.00712	0.00712	0.00237	0.00949	0.00633	0.00316	0.00791
13	0.00915	0.00654	0.00881	0.01046	0.01108	0.00620	0.00744	0.01074	0.01410	0.01871	0.03898	0.63144	0.04605	0.02186	0.00922	0.00296	0.00455	0.12918	0.00660	0.00592
14	0.01534	0.19659	0.56238	0.01849	0.02803	0.01913	0.02316	0.02228	0.01491	0.02126	0.01214	0.01423	0.00905	0.00662	0.00628	0.00209	0.00988	0.00494	0.00302	0.01021
15	0.01096	0.00747	0.00980	0.00911	0.01094	0.00687	0.00687	0.01430	0.02017	0.05617	0.67429	0.05202	0.06518	0.01432	0.00835	0.00224	0.00347	0.01265	0.00788	0.00694
16	0.00873	0.00661	0.00807	0.00900	0.01014	0.00594	0.00626	0.01035	0.01506	0.01951	0.11357	0.47229	0.24820	0.02026	0.00882	0.00268	0.00390	0.01794	0.00673	0.00594
17	0.01057	0.00859	0.00955	0.00924	0.01156	0.00828	0.00693	0.01604	0.13770	0.02370	0.24225	0.11279	0.34451	0.01590	0.00826	0.00240	0.00394	0.01360	0.00708	0.00713
18	0.02349	0.07983	0.02388	0.01966	0.10133	0.02137	0.04081	0.43222	0.09494	0.03652	0.01685	0.01767	0.01258	0.00826	0.00761	0.00216	0.03691	0.00643	0.00608	0.01141
19	0.02061	0.09072	0.01956	0.01462	0.01943	0.33181	0.01152	0.02364	0.04084	0.02004	0.01212	0.01403	0.01015	0.00668	0.00641	0.00157	0.03385	0.00455	0.00393	0.31393
20	0.01865	0.14308	0.19306	0.11594	0.12454	0.13402	0.07368	0.07524	0.01746	0.02211	0.01258	0.01549	0.00984	0.00682	0.00661	0.00207	0.00992	0.00556	0.00359	0.00974
21	0.01877	0.01870	0.01674	0.01482	0.01733	0.22904	0.01161	0.11627	0.01887	0.02366	0.12637	0.02364	0.02096	0.01638	0.11417	0.00356	0.13805	0.00707	0.05589	0.00810
22	0.72969	0.01362	0.01102	0.00967	0.01417	0.01547	0.00796	0.02219	0.01288	0.09408	0.01158	0.01273	0.00862	0.00681	0.00466	0.00220	0.00556	0.00416	0.00481	0.00812
23	0.00858	0.00708	0.00754	0.00772	0.00980	0.00604	0.00568	0.01043	0.01619	0.01983	0.11784	0.16007	0.56191	0.01834	0.00851	0.00246	0.00366	0.01557	0.00671	0.00604
24	0.00878	0.00624	0.00823	0.00978	0.01017	0.00585	0.00647	0.00994	0.01343	0.01790	0.03819	0.70105	0.04576	0.06819	0.01080	0.00314	0.00431	0.01962	0.00647	0.00569
25	0.01452	0.01375	0.02329	0.55602	0.21729	0.01610	0.02031	0.01913	0.01474	0.01949	0.01285	0.01864	0.00995	0.00692	0.00710	0.00231	0.00923	0.00633	0.00326	0.00877
26	0.02208	0.01560	0.01794	0.07411	0.02152	0.01708	0.01228	0.33214	0.15620	0.11229	0.02343	0.12241	0.01933	0.01061	0.00743	0.00232	0.00682	0.00876	0.00694	0.01071
27	0.02286	0.27037	0.04553	0.10901	0.02393	0.21578	0.01383	0.06525	0.01816	0.13188	0.01405	0.01534	0.01075	0.00718	0.00606	0.00189	0.00916	0.00510	0.00442	0.00944
28	0.01724	0.02399	0.27650	0.01622	0.02260	0.07414	0.01653	0.02868	0.28058	0.06804	0.02521	0.02469	0.07620	0.00907	0.00710	0.00229	0.00791	0.00728	0.00540	0.01033
29	0.00971	0.00663	0.00796	0.00860	0.00876	0.00647	0.00520	0.01018	0.01162	0.01550	0.02894	0.31683	0.03409	0.46833	0.02574	0.00535	0.00583	0.01418	0.00520	0.00488
30	0.01836	0.02147	0.20088	0.07383	0.05154	0.05989	0.01594	0.19356	0.02089	0.05071	0.11161	0.02261	0.01915	0.03427	0.00803	0.00226	0.00808	0.00687	0.00518	0.07487
31	0.06818	0.01955	0.01678	0.03931	0.01867	0.26888	0.03196	0.02081	0.04751	0.01927	0.01980	0.08488	0.07138	0.03221	0.01120	0.05222	0.10615	0.00758	0.00431	0.05935
32	0.00946	0.00674	0.00859	0.00912	0.00997	0.00632	0.00621	0.01126	0.01547	0.02115	0.27423	0.35514	0.06961	0.14723	0.01359	0.00335	0.00433	0.01572	0.00665	0.00587
33	0.01539	0.07696	0.12753	0.02816	0.28341	0.01614	0.12610	0.01975	0.01517	0.02125	0.01681	0.11307	0.01575	0.01165	0.05355	0.00287	0.03482	0.00822	0.00383	0.00957

[dist]
# distance from previous block
# <min> <max>
0	3

[block]
# block no. 10 follows, 29 sequences, length 29
# corresponding to MSA columns:
# 1988-2016
name=unknown_K
#
# <colnr> <probs for GDERKNQSTAVLIFYWHMCP>
#	G	D	E	R	K	N	Q	S	T	A	V	L	I	F	Y	W	H	M	C	P
0	0.02110	0.10782	0.01971	0.01389	0.01838	0.08657	0.01140	0.33935	0.04664	0.03319	0.14592	0.02712	0.07854	0.01004	0.00709	0.00208	0.00706	0.00786	0.00638	0.00986
1	0.01709	0.01816	0.12214	0.01437	0.02056	0.06647	0.06674	0.02256	0.07255	0.07137	0.01600	0.01764	0.01230	0.00658	0.00612	0.00165	0.00712	0.00547	0.06909	0.36602
2	0.01519	0.01472	0.07179	0.22550	0.10613	0.01307	0.01514	0.02021	0.05068	0.04825	0.01646	0.02325	0.01381	0.00771	0.00672	0.00197	0.00743	0.06449	0.00429	0.27319
3	0.01677	0.01528	0.01872	0.01903	0.17769	0.05380	0.01214	0.05425	0.01640	0.02401	0.01296	0.01544	0.01072	0.00582	0.00585	0.00140	0.00660	0.00485	0.00418	0.52408
4	0.02991	0.01200	0.01609	0.01255	0.01775	0.01062	0.01029	0.03361	0.05559	0.63444	0.06781	0.02606	0.02076	0.00920	0.00724	0.00222	0.00588	0.00754	0.00867	0.01176
5	0.01935	0.01570	0.01615	0.05602	0.01938	0.06989	0.01125	0.21340	0.22881	0.04804	0.04390	0.08552	0.05815	0.01054	0.00721	0.00226	0.00657	0.00862	0.06940	0.00986
6	0.01357	0.00777	0.01038	0.01073	0.01247	0.00703	0.00783	0.01535	0.01519	0.14911	0.03584	0.52087	0.03941	0.01879	0.00862	0.00271	0.00475	0.07077	0.00691	0.04190
7	0.02596	0.01651	0.01751	0.01415	0.01882	0.08973	0.01136	0.27211	0.02468	0.27869	0.07484	0.08178	0.02089	0.01011	0.00732	0.00220	0.00708	0.00812	0.00738	0.01077
8	0.01904	0.75404	0.03731	0.01218	0.01828	0.02818	0.01218	0.02132	0.01447	0.01675	0.00990	0.01142	0.00914	0.00609	0.00457	0.00152	0.00761	0.00381	0.00305	0.00914
9	0.00870	0.00710	0.00768	0.00780	0.00986	0.00609	0.00575	0.01066	0.01650	0.02050	0.16198	0.14819	0.52837	0.01803	0.00849	0.00244	0.00363	0.01534	0.00679	0.00609
10	0.00868	0.00620	0.00826	0.00991	0.01033	0.00578	0.00661	0.00991	0.01363	0.01818	0.03925	0.74510	0.04710	0.02231	0.00909	0.00289	0.00413	0.02024	0.00661	0.00578
11	0.01345	0.01266	0.02136	0.73264	0.04904	0.01582	0.01978	0.01819	0.01424	0.01819	0.01266	0.01898	0.00949	0.00712	0.00712	0.00237	0.00949	0.00633	0.00316	0.00791
12	0.01008	0.00728	0.00952	0.00896	0.01064	0.00672	0.00672	0.01344	0.02016	0.02855	0.70158	0.05319	0.06719	0.01456	0.00840	0.00224	0.00336	0.01288	0.00784	0.00672
13	0.01558	0.01558	0.02181	0.01869	0.01869	0.02181	0.01558	0.01714	0.01091	0.01714	0.00935	0.01558	0.00935	0.01246	0.02337	0.00312	0.73672	0.00623	0.00312	0.00779
14	0.01989	0.63562	0.03476	0.01295	0.01876	0.02718	0.01248	0.10213	0.01666	0.02022	0.01076	0.01228	0.00951	0.00664	0.00561	0.00166	0.03567	0.00422	0.00355	0.00945
15	0.01117	0.00679	0.00920	0.00931	0.01022	0.00648	0.00677	0.01076	0.01310	0.01720	0.13129	0.04238	0.15297	0.02132	0.01905	0.42845	0.00532	0.08872	0.00489	0.00461
16	0.16888	0.04206	0.01872	0.01404	0.01947	0.01829	0.01166	0.37764	0.02568	0.20706	0.01828	0.01767	0.01258	0.00818	0.00655	0.00214	0.00696	0.00604	0.00691	0.01121
17	0.01017	0.00763	0.01144	0.01144	0.01272	0.00890	0.00890	0.01272	0.01144	0.01653	0.01907	0.02797	0.01780	0.05340	0.72153	0.01144	0.01907	0.00763	0.00381	0.00636
18	0.00873	0.00697	0.00782	0.00815	0.00995	0.00606	0.00591	0.01063	0.01617	0.02037	0.15833	0.23573	0.44295	0.01858	0.00858	0.00250	0.00370	0.01601	0.00680	0.00606
19	0.01850	0.16267	0.05177	0.14176	0.22367	0.04317	0.01637	0.02182	0.01533	0.10401	0.01459	0.01902	0.01204	0.05909	0.00984	0.00246	0.06427	0.00610	0.00403	0.00951
20	0.01561	0.01304	0.01937	0.11138	0.24652	0.01368	0.01541	0.11647	0.01817	0.02458	0.02381	0.15307	0.02404	0.01252	0.00806	0.00255	0.00733	0.16020	0.00524	0.00898
21	0.00868	0.00620	0.00826	0.00991	0.01033	0.00578	0.00661	0.00991	0.01363	0.01818	0.03925	0.74510	0.04710	0.02231	0.00909	0.00289	0.00413	0.02024	0.00661	0.00578
22	0.01216	0.01086	0.01866	0.08477	0.12994	0.01073	0.12232	0.01523	0.01509	0.02040	0.05357	0.36459	0.03220	0.01516	0.00850	0.00264	0.00678	0.06347	0.00534	0.00759
23	0.01571	0.07157	0.08729	0.09599	0.04956	0.07360	0.16535	0.03488	0.01533	0.02019	0.01757	0.14037	0.01710	0.01062	0.01025	0.00249	0.12994	0.02971	0.00407	0.00844
24	0.01731	0.01565	0.02768	0.23652	0.32904	0.01646	0.12827	0.02177	0.01587	0.07431	0.01433	0.01871	0.01110	0.00692	0.00789	0.00228	0.03534	0.00674	0.00383	0.00997
25	0.01142	0.00771	0.00959	0.00911	0.01128	0.00694	0.00704	0.01430	0.01879	0.07781	0.42360	0.05738	0.23451	0.01548	0.00843	0.00237	0.00390	0.06596	0.00747	0.00693
26	0.01810	0.10449	0.19263	0.07596	0.18778	0.01756	0.17636	0.02336	0.01620	0.09837	0.01468	0.01752	0.01097	0.00666	0.00704	0.00218	0.00950	0.00638	0.00393	0.01032
27	0.01662	0.10883	0.17593	0.09332	0.07958	0.01571	0.01591	0.06783	0.07425	0.07665	0.08202	0.05230	0.04010	0.00980	0.00717	0.00227	0.00756	0.05955	0.00511	0.00948
28	0.02365	0.01265	0.01513	0.01239	0.01655	0.01262	0.00988	0.18578	0.06888	0.30078	0.06531	0.08464	0.02228	0.03676	0.00818	0.00237	0.00586	0.00851	0.09747	0.01031

[dist]
# distance from previous block
# <min> <max>
1	275

[block]
# block no. 11 follows, 29 sequences, length 45
# corresponding to MSA columns:
# 2294-2338
name=unknown_L
#
