[name]
unknown

[dist]
# distance from previous block
# <min> <max>
0	1

[block]
# block no. 0 follows, 22 sequences, length 9
# corresponding to MSA columns:
# 1-9
name=unknown_A
#
# <colnr> <probs for GDERKNQSTAVLIFYWHMCP>
#	G	D	E	R	K	N	Q	S	T	A	V	L	I	F	Y	W	H	M	C	P
0	0.01094	0.00766	0.00980	0.01119	0.01165	0.00735	0.00745	0.01219	0.01511	0.02010	0.04017	0.47021	0.04744	0.21589	0.01951	0.00472	0.00596	0.06936	0.00696	0.00635
1	0.02152	0.16842	0.03746	0.02955	0.16953	0.02287	0.21786	0.11447	0.02113	0.02816	0.01668	0.02240	0.01403	0.06708	0.01103	0.00291	0.01076	0.00797	0.00473	0.01144
2	0.01925	0.01428	0.01769	0.01551	0.01892	0.01614	0.01241	0.24454	0.02297	0.03166	0.02139	0.02789	0.01828	0.04272	0.42554	0.00929	0.01734	0.00837	0.00590	0.00993
3	0.01273	0.00973	0.01141	0.01205	0.01348	0.00999	0.00828	0.01865	0.14909	0.02321	0.04182	0.39892	0.07981	0.15167	0.01609	0.00411	0.00577	0.01803	0.00736	0.00781
4	0.01803	0.01261	0.01439	0.01298	0.01653	0.01277	0.00999	0.09422	0.15407	0.09965	0.16253	0.14101	0.18453	0.01645	0.00930	0.00279	0.00562	0.01402	0.00849	0.01003
5	0.29911	0.02092	0.01842	0.01494	0.02088	0.10417	0.01205	0.19894	0.02320	0.03724	0.01483	0.01635	0.01140	0.00814	0.00658	0.00221	0.00826	0.00556	0.00590	0.17091
6	0.01931	0.01846	0.03146	0.21450	0.50248	0.01941	0.02487	0.02440	0.01832	0.02562	0.01541	0.02097	0.01262	0.00763	0.00825	0.00254	0.01018	0.00740	0.00400	0.01215
7	0.05964	0.01748	0.01522	0.01445	0.01695	0.15367	0.01044	0.12079	0.02065	0.02622	0.02901	0.28665	0.03167	0.14131	0.01496	0.00376	0.00839	0.01388	0.00646	0.00842
8	0.12385	0.01590	0.01505	0.01302	0.01657	0.07797	0.00955	0.12248	0.01930	0.02798	0.02163	0.09172	0.02182	0.24219	0.01892	0.00418	0.00807	0.00942	0.00576	0.13458

[dist]
# distance from previous block
# <min> <max>
0	5

[block]
# block no. 1 follows, 22 sequences, length 18
# corresponding to MSA columns:
# 16-33
name=unknown_B
#
# <colnr> <probs for GDERKNQSTAVLIFYWHMCP>
#	G	D	E	R	K	N	Q	S	T	A	V	L	I	F	Y	W	H	M	C	P
0	0.07062	0.00911	0.01129	0.01202	0.01350	0.00905	0.00844	0.01672	0.05892	0.06719	0.03755	0.47254	0.04197	0.02287	0.01261	0.09729	0.00552	0.01808	0.00724	0.00748
1	0.02033	0.01636	0.01829	0.01373	0.02034	0.01469	0.01107	0.19023	0.02356	0.03359	0.02486	0.02580	0.09263	0.00908	0.00721	0.00178	0.00675	0.00721	0.00622	0.45626
2	0.02732	0.01893	0.02109	0.01605	0.02256	0.01910	0.01313	0.35879	0.03005	0.11328	0.02048	0.02089	0.01484	0.00896	0.00757	0.00213	0.00776	0.00691	0.05674	0.21343
3	0.18689	0.19514	0.02612	0.01712	0.02257	0.29403	0.01406	0.10704	0.02194	0.02796	0.01318	0.01491	0.01077	0.00821	0.00657	0.00219	0.01091	0.00523	0.00482	0.01033
4	0.01403	0.00990	0.01145	0.01092	0.01211	0.01025	0.00725	0.08451	0.01616	0.02157	0.03045	0.09853	0.07207	0.44670	0.11252	0.00735	0.00944	0.01240	0.00573	0.00666
5	0.49232	0.02189	0.01595	0.01407	0.01914	0.18646	0.01119	0.02855	0.01768	0.10603	0.01438	0.01561	0.01079	0.00823	0.00612	0.00246	0.00870	0.00517	0.00552	0.00976
6	0.01192	0.00869	0.01230	0.01230	0.01343	0.00982	0.00908	0.01416	0.01304	0.01851	0.02321	0.03794	0.02307	0.21985	0.52073	0.01206	0.01879	0.00968	0.00459	0.00684
7	0.01903	0.01490	0.01598	0.01423	0.01797	0.04727	0.01102	0.06512	0.26229	0.07782	0.28355	0.04349	0.06512	0.01361	0.00898	0.00266	0.00603	0.01155	0.00862	0.01076
8	0.01408	0.01905	0.15866	0.01956	0.06498	0.01310	0.12194	0.01919	0.01961	0.02636	0.15970	0.04916	0.25227	0.01409	0.00929	0.00271	0.00798	0.01259	0.00623	0.00944
9	0.38834	0.01818	0.08406	0.01651	0.07304	0.01686	0.01323	0.02700	0.06473	0.10768	0.09621	0.02363	0.02075	0.00943	0.00690	0.00259	0.00711	0.00705	0.00623	0.01047
10	0.07451	0.03496	0.45332	0.02973	0.19383	0.01936	0.02771	0.02596	0.01764	0.02735	0.01484	0.01801	0.01109	0.00775	0.00777	0.00258	0.01122	0.00634	0.00379	0.01226
11	0.02210	0.02093	0.07981	0.11893	0.20393	0.06043	0.04750	0.06165	0.02021	0.10154	0.01739	0.02039	0.01320	0.00784	0.00781	0.00226	0.00960	0.00685	0.00516	0.17245
12	0.01116	0.00826	0.01042	0.01031	0.01216	0.00752	0.00757	0.01436	0.02147	0.02947	0.45576	0.17519	0.16722	0.01920	0.00994	0.00277	0.00412	0.01691	0.00867	0.00752
13	0.01913	0.03191	0.37428	0.02700	0.15612	0.01897	0.02499	0.10025	0.02074	0.03010	0.04417	0.02041	0.01469	0.00831	0.00795	0.00246	0.01051	0.00685	0.00460	0.07657
14	0.09944	0.01648	0.04878	0.01511	0.01931	0.01693	0.01241	0.18249	0.14281	0.03387	0.02531	0.11320	0.02230	0.02053	0.10523	0.04647	0.00942	0.00978	0.04972	0.01042
15	0.06264	0.18914	0.09551	0.05450	0.02588	0.07565	0.06126	0.02520	0.05414	0.02489	0.01530	0.01816	0.01253	0.01014	0.04000	0.00257	0.00993	0.00592	0.00446	0.21220
16	0.08070	0.08793	0.01674	0.01254	0.01497	0.05375	0.00930	0.08619	0.01696	0.02335	0.02373	0.03830	0.05271	0.34162	0.06859	0.00580	0.04433	0.00952	0.00524	0.00773
17	0.36056	0.01483	0.01528	0.01425	0.05460	0.01540	0.01061	0.05136	0.01722	0.08499	0.02179	0.02374	0.06687	0.01470	0.07761	0.00351	0.00826	0.00678	0.00577	0.13187

[dist]
# distance from previous block
# <min> <max>
1	5

[block]
# block no. 2 follows, 22 sequences, length 12
# corresponding to MSA columns:
# 52-63
name=unknown_C
#
# <colnr> <probs for GDERKNQSTAVLIFYWHMCP>
#	G	D	E	R	K	N	Q	S	T	A	V	L	I	F	Y	W	H	M	C	P
0	0.14264	0.01498	0.01598	0.01378	0.01790	0.01636	0.01102	0.23538	0.02392	0.03543	0.03064	0.06402	0.11524	0.02297	0.14721	0.00482	0.01011	0.00962	0.05796	0.01000
1	0.01246	0.00827	0.01138	0.01138	0.01206	0.00895	0.00792	0.01309	0.01241	0.01722	0.02202	0.03856	0.02271	0.27579	0.32996	0.16148	0.01438	0.00965	0.00448	0.00584
2	0.01926	0.06798	0.11122	0.01898	0.07493	0.05135	0.01533	0.06830	0.15459	0.06199	0.12710	0.13523	0.03256	0.01312	0.00862	0.00267	0.00776	0.01115	0.00690	0.01093
3	0.01370	0.00974	0.01334	0.01302	0.01364	0.01090	0.00969	0.01330	0.01374	0.01846	0.03127	0.14715	0.12126	0.02398	0.02319	0.32481	0.14437	0.04331	0.00514	0.00597
4	0.01326	0.01075	0.01524	0.01446	0.01539	0.01324	0.01118	0.01549	0.01301	0.01892	0.02046	0.03310	0.02020	0.15802	0.43212	0.01039	0.16395	0.00907	0.00437	0.00738
5	0.02317	0.07503	0.08070	0.15568	0.05792	0.23157	0.01864	0.06159	0.12247	0.02529	0.01713	0.01985	0.01346	0.00920	0.00902	0.00252	0.05434	0.00675	0.00489	0.01078
6	0.41245	0.01501	0.01428	0.01206	0.01710	0.01619	0.00985	0.08810	0.01927	0.17194	0.01952	0.02019	0.01402	0.00882	0.00626	0.00246	0.00642	0.00616	0.12949	0.01041
7	0.01736	0.01367	0.01738	0.01605	0.04958	0.01427	0.04316	0.12171	0.12245	0.03263	0.21833	0.04323	0.08122	0.08112	0.05746	0.00385	0.00768	0.01141	0.03761	0.00982
8	0.13372	0.10231	0.02549	0.17637	0.11430	0.05568	0.01703	0.11949	0.02155	0.13204	0.01761	0.01987	0.01297	0.00854	0.00744	0.00247	0.00924	0.00667	0.00574	0.01145
9	0.02056	0.01974	0.03372	0.05099	0.65622	0.01974	0.02550	0.02550	0.01892	0.02714	0.01563	0.02056	0.01316	0.00740	0.00822	0.00247	0.00987	0.00740	0.00411	0.01316
10	0.10239	0.03043	0.02183	0.01905	0.02399	0.38465	0.01473	0.13178	0.09839	0.06938	0.01762	0.01839	0.01345	0.00914	0.00756	0.00235	0.01169	0.00628	0.00590	0.01101
11	0.07279	0.18763	0.02951	0.05492	0.15589	0.25960	0.01726	0.05464	0.02081	0.05416	0.01437	0.01682	0.01172	0.00806	0.00710	0.00221	0.01116	0.00584	0.00456	0.01095

[dist]
# distance from previous block
# <min> <max>
0	2

[block]
# block no. 3 follows, 22 sequences, length 15
# corresponding to MSA columns:
# 94-108
name=unknown_D
#
# <colnr> <probs for GDERKNQSTAVLIFYWHMCP>
#	G	D	E	R	K	N	Q	S	T	A	V	L	I	F	Y	W	H	M	C	P
0	0.01962	0.02514	0.24093	0.02172	0.02929	0.01715	0.13502	0.02941	0.13661	0.10488	0.02592	0.09803	0.02173	0.01141	0.00891	0.00284	0.00985	0.04384	0.00608	0.01162
1	0.07538	0.10569	0.01987	0.01334	0.01918	0.01600	0.01083	0.05582	0.10360	0.02847	0.02117	0.11088	0.01948	0.00998	0.00700	0.00198	0.00657	0.00810	0.00580	0.36086
2	0.02346	0.01070	0.01376	0.01164	0.01548	0.00967	0.00920	0.02707	0.02217	0.29902	0.23987	0.04030	0.04021	0.01239	0.00823	0.00243	0.00524	0.01045	0.18824	0.01048
3	0.02806	0.02047	0.02182	0.01727	0.02304	0.02266	0.01409	0.47490	0.10721	0.04731	0.02258	0.02278	0.01645	0.01009	0.00798	0.00245	0.00811	0.00774	0.11187	0.01313
4	0.01026	0.00799	0.00932	0.00992	0.01173	0.00706	0.00708	0.01243	0.01861	0.02384	0.16690	0.30468	0.33619	0.02217	0.01010	0.00298	0.00438	0.01933	0.00796	0.00706
5	0.01208	0.00805	0.00906	0.00906	0.00906	0.00805	0.00503	0.01208	0.01208	0.01611	0.02618	0.05436	0.03020	0.70804	0.04228	0.00805	0.00805	0.01208	0.00503	0.00503
6	0.01432	0.01288	0.01990	0.02458	0.22058	0.01217	0.05459	0.01794	0.01953	0.02617	0.16168	0.11844	0.23305	0.01547	0.00938	0.00272	0.00669	0.01392	0.00659	0.00940
7	0.01128	0.00818	0.01046	0.01089	0.01184	0.00836	0.00749	0.01282	0.01423	0.01908	0.03686	0.19561	0.11375	0.26196	0.23128	0.00800	0.01132	0.01436	0.00580	0.00643
8	0.02299	0.24227	0.11542	0.02182	0.09138	0.02490	0.05518	0.18876	0.06144	0.03222	0.05331	0.02085	0.01676	0.00883	0.00749	0.00233	0.00939	0.00703	0.00555	0.01209
9	0.02057	0.01658	0.02630	0.03649	0.40805	0.01643	0.01955	0.06152	0.01998	0.09094	0.02441	0.17505	0.02338	0.01205	0.00878	0.00268	0.00841	0.01116	0.00580	0.01187
10	0.02221	0.02153	0.06961	0.03918	0.42301	0.02086	0.02247	0.13076	0.10771	0.03243	0.01881	0.02170	0.01483	0.00840	0.00825	0.00253	0.00944	0.00761	0.00539	0.01327
11	0.08114	0.02614	0.06478	0.02053	0.02610	0.20459	0.09904	0.11712	0.10320	0.03029	0.01793	0.02004	0.01390	0.00911	0.00898	0.00247	0.05338	0.00701	0.04629	0.04798
12	0.02225	0.09381	0.03054	0.12390	0.27839	0.11419	0.05742	0.08424	0.02095	0.02722	0.01590	0.01994	0.01283	0.00803	0.00778	0.00238	0.01047	0.00698	0.05128	0.01149
13	0.07067	0.16492	0.17618	0.01816	0.02566	0.12829	0.01777	0.11179	0.05260	0.09487	0.01718	0.01814	0.01285	0.00844	0.00719	0.00229	0.01011	0.00608	0.00543	0.05137
14	0.11005	0.01571	0.01745	0.01794	0.08371	0.08153	0.01239	0.02361	0.05600	0.08942	0.08823	0.07166	0.02570	0.06774	0.12788	0.00485	0.05311	0.00935	0.00602	0.03765

[dist]
# distance from previous block
# <min> <max>
1	17

[block]
# block no. 4 follows, 22 sequences, length 47
# corresponding to MSA columns:
# 139-185
name=unknown_E
#
# <colnr> <probs for GDERKNQSTAVLIFYWHMCP>
#	G	D	E	R	K	N	Q	S	T	A	V	L	I	F	Y	W	H	M	C	P
0	0.01807	0.01650	0.01678	0.06624	0.02115	0.10501	0.01234	0.08255	0.14794	0.02722	0.06313	0.12406	0.08790	0.02410	0.14371	0.00488	0.01090	0.01139	0.00656	0.00958
1	0.02115	0.30279	0.16446	0.01536	0.02241	0.02110	0.01590	0.02552	0.01924	0.13026	0.10945	0.02855	0.07109	0.01024	0.00734	0.00229	0.00826	0.00792	0.00576	0.01092
2	0.01662	0.01572	0.02764	0.11458	0.23694	0.01566	0.13644	0.02161	0.02016	0.02797	0.21254	0.03627	0.05964	0.01093	0.00909	0.00263	0.00878	0.01062	0.00576	0.01040
3	0.02020	0.16372	0.15531	0.12877	0.18831	0.02189	0.02135	0.08640	0.01979	0.02712	0.01489	0.01836	0.01184	0.00772	0.00739	0.00229	0.00989	0.00632	0.00433	0.08411
4	0.01479	0.00881	0.01165	0.01177	0.01334	0.00858	0.00834	0.01656	0.01590	0.11248	0.03696	0.30419	0.06765	0.16463	0.15840	0.00628	0.00947	0.01571	0.00686	0.00764
5	0.13587	0.01348	0.01632	0.01334	0.01854	0.01280	0.01080	0.03291	0.06907	0.38844	0.13143	0.03458	0.06323	0.01165	0.00821	0.00261	0.00628	0.00944	0.00908	0.01192
6	0.02080	0.02537	0.15357	0.13100	0.31341	0.07406	0.02396	0.07259	0.05443	0.02790	0.01646	0.02027	0.01288	0.00813	0.00813	0.00254	0.01070	0.00710	0.00451	0.01220
7	0.02460	0.02622	0.02401	0.17928	0.03226	0.27046	0.01780	0.11512	0.07000	0.02623	0.01563	0.01915	0.01245	0.00987	0.01105	0.00263	0.12117	0.00676	0.00494	0.01037
8	0.01852	0.01921	0.03119	0.02503	0.02708	0.02436	0.16642	0.02161	0.01440	0.02161	0.01234	0.01921	0.01132	0.01270	0.02301	0.00343	0.52729	0.00789	0.00377	0.00960
9	0.01222	0.00805	0.01032	0.01115	0.01192	0.00779	0.00749	0.01359	0.01538	0.04703	0.06406	0.37158	0.04440	0.24407	0.05713	0.00537	0.00701	0.04796	0.00685	0.00664
10	0.02137	0.02101	0.03599	0.16444	0.20067	0.07349	0.25625	0.02687	0.01948	0.07353	0.01699	0.02172	0.01290	0.00774	0.00880	0.00264	0.01192	0.00823	0.00455	0.01141
11	0.05526	0.01714	0.02039	0.16839	0.10109	0.09331	0.01575	0.04939	0.04855	0.02447	0.02133	0.02793	0.04732	0.07035	0.10391	0.00453	0.06976	0.00819	0.04356	0.00937
12	0.01982	0.01225	0.01335	0.01146	0.01539	0.01195	0.00907	0.14959	0.02357	0.12336	0.04910	0.04772	0.27099	0.01435	0.00831	0.00249	0.00559	0.01167	0.19025	0.00974
13	0.02019	0.01936	0.03304	0.10009	0.61006	0.01964	0.02531	0.02517	0.01874	0.02668	0.01556	0.02068	0.01300	0.00747	0.00823	0.00249	0.00996	0.00740	0.00408	0.01286
14	0.02160	0.01751	0.02170	0.02347	0.15619	0.01880	0.01527	0.21859	0.16795	0.03557	0.03025	0.15411	0.05578	0.01329	0.00883	0.00274	0.00765	0.01144	0.00730	0.01195
15	0.01039	0.00772	0.00970	0.01073	0.01196	0.00702	0.00746	0.01247	0.01804	0.02390	0.17595	0.45121	0.17662	0.02322	0.01029	0.00311	0.00452	0.02069	0.00800	0.00702
16	0.01128	0.00943	0.01232	0.14693	0.02085	0.00935	0.01019	0.01410	0.01820	0.02300	0.11840	0.21520	0.32198	0.01924	0.00970	0.00291	0.00571	0.01668	0.00704	0.00748
17	0.01818	0.01818	0.02545	0.02181	0.02181	0.02545	0.01818	0.01999	0.01272	0.01999	0.01091	0.01818	0.01091	0.01454	0.02726	0.00364	0.69284	0.00727	0.00364	0.00909
18	0.01723	0.01477	0.01723	0.01230	0.01969	0.01107	0.00984	0.02092	0.01723	0.02707	0.01477	0.01723	0.01230	0.00615	0.00615	0.00123	0.00615	0.00492	0.00492	0.75883
19	0.02480	0.12600	0.02259	0.01671	0.02080	0.31475	0.01309	0.09686	0.02188	0.02488	0.01714	0.02204	0.01486	0.07250	0.05990	0.00345	0.01196	0.00661	0.09967	0.00951
20	0.01048	0.00844	0.00933	0.00911	0.01163	0.00729	0.00683	0.01320	0.02049	0.02614	0.27723	0.07386	0.45747	0.01966	0.00981	0.00274	0.00411	0.01668	0.00820	0.00729
21	0.01010	0.00732	0.00955	0.01132	0.01199	0.00677	0.00760	0.01159	0.01614	0.02130	0.04874	0.65464	0.10102	0.02564	0.01054	0.00333	0.00477	0.02315	0.00771	0.00677
22	0.02056	0.01974	0.03372	0.05099	0.65622	0.01974	0.02550	0.02550	0.01892	0.02714	0.01563	0.02056	0.01316	0.00740	0.00822	0.00247	0.00987	0.00740	0.00411	0.01316
23	0.01271	0.00972	0.01183	0.01130	0.01360	0.00951	0.00845	0.01906	0.11166	0.03138	0.45308	0.11965	0.12138	0.01738	0.00968	0.00273	0.00441	0.01525	0.00878	0.00843
24	0.01055	0.00764	0.01054	0.01200	0.01273	0.00763	0.00836	0.01236	0.01528	0.02074	0.04005	0.53923	0.04661	0.03487	0.17266	0.00581	0.00907	0.02003	0.00692	0.00691
25	0.01910	0.25066	0.17039	0.02332	0.14730	0.02165	0.01913	0.02382	0.01696	0.04955	0.01626	0.02042	0.01370	0.01926	0.14968	0.00461	0.01260	0.00651	0.00413	0.01096
26	0.02145	0.01614	0.01787	0.01564	0.02014	0.01767	0.01240	0.13025	0.34193	0.08452	0.12355	0.03946	0.06452	0.01296	0.00885	0.00277	0.00658	0.04271	0.00859	0.01200
27	0.01404	0.01189	0.01788	0.02199	0.16669	0.01284	0.01344	0.01681	0.01537	0.02151	0.02872	0.14572	0.07330	0.08924	0.24662	0.00702	0.07139	0.01179	0.00514	0.00859
28	0.01770	0.09428	0.49322	0.02511	0.03621	0.02075	0.14576	0.02625	0.01789	0.02581	0.01500	0.01814	0.01094	0.00765	0.00805	0.00259	0.01234	0.00672	0.00365	0.01193
29	0.02480	0.02180	0.02026	0.01706	0.02179	0.14187	0.01345	0.26896	0.13416	0.03875	0.17506	0.03115	0.03106	0.01164	0.00854	0.00251	0.00853	0.00924	0.00778	0.01159
30	0.02057	0.49860	0.13000	0.01528	0.02319	0.02725	0.01589	0.02442	0.01703	0.02179	0.01258	0.01459	0.01092	0.00706	0.00584	0.00181	0.00892	0.00477	0.00378	0.13570
31	0.02747	0.02651	0.02550	0.02627	0.15982	0.21408	0.01755	0.23968	0.11818	0.03500	0.01896	0.02024	0.01456	0.00920	0.00807	0.00243	0.01063	0.00712	0.00625	0.01246
32	0.20175	0.01617	0.01978	0.15886	0.02801	0.01822	0.01469	0.12715	0.02087	0.17742	0.01927	0.02161	0.01398	0.01341	0.05883	0.00349	0.06210	0.00704	0.00638	0.01097
33	0.01056	0.00843	0.01007	0.01045	0.01255	0.00794	0.00790	0.01287	0.01715	0.02163	0.06131	0.15917	0.37903	0.03193	0.17227	0.00552	0.00889	0.04833	0.00691	0.00711
34	0.01390	0.01055	0.01393	0.01357	0.01572	0.01217	0.01053	0.02095	0.13648	0.02331	0.02493	0.03217	0.02171	0.04782	0.48750	0.01031	0.01761	0.00890	0.06936	0.00857
35	0.01010	0.00843	0.00880	0.00871	0.01139	0.00713	0.00653	0.01247	0.01960	0.02401	0.16621	0.07736	0.56981	0.02045	0.00982	0.00278	0.00417	0.01717	0.00792	0.00713
36	0.01733	0.00981	0.01237	0.01097	0.01420	0.00867	0.00849	0.02063	0.02242	0.18002	0.36142	0.05854	0.20960	0.01641	0.00946	0.00265	0.00474	0.01407	0.00905	0.00913
37	0.02066	0.01785	0.01878	0.01691	0.02160	0.02066	0.01315	0.04414	0.64121	0.03475	0.03381	0.03099	0.02536	0.01127	0.00845	0.00282	0.00657	0.00939	0.00845	0.01315
38	0.01666	0.04297	0.66500	0.02368	0.03596	0.01929	0.03069	0.02631	0.01754	0.02631	0.01491	0.01754	0.01052	0.00789	0.00789	0.00263	0.01228	0.00614	0.00351	0.01228
39	0.01772	0.01681	0.02767	0.29354	0.20334	0.01724	0.07881	0.02279	0.01765	0.02472	0.01519	0.02056	0.01207	0.00742	0.00790	0.00232	0.00984	0.00702	0.00415	0.19325
40	0.01549	0.00774	0.00774	0.00774	0.00968	0.00774	0.00581	0.01936	0.01742	0.03097	0.02710	0.03097	0.02129	0.00968	0.00581	0.00194	0.00387	0.00774	0.75416	0.00774
41	0.01185	0.00846	0.01149	0.01131	0.01294	0.00862	0.00850	0.01399	0.01685	0.02313	0.21140	0.04811	0.14514	0.03743	0.27784	0.11615	0.01174	0.01189	0.00623	0.00692
42	0.02073	0.01684	0.01911	0.01397	0.02117	0.01466	0.01129	0.16909	0.02255	0.03324	0.01603	0.01789	0.01275	0.00708	0.00668	0.00154	0.00688	0.00555	0.00575	0.57722
43	0.01044	0.00736	0.00955	0.01117	0.01157	0.00696	0.00728	0.01165	0.01529	0.02039	0.04265	0.59876	0.05098	0.13530	0.01568	0.00412	0.00534	0.02177	0.00728	0.00647
44	0.01928	0.04578	0.02080	0.01913	0.09311	0.01703	0.01353	0.16350	0.02123	0.02976	0.05344	0.02745	0.01983	0.08013	0.17480	0.00548	0.06364	0.00809	0.00560	0.11839
45	0.02145	0.01981	0.01906	0.01660	0.02033	0.14954	0.04221	0.17025	0.08614	0.02954	0.02926	0.12672	0.07141	0.11129	0.04522	0.00390	0.00980	0.01111	0.00654	0.00981
46	0.01691	0.02062	0.18498	0.02205	0.12348	0.01460	0.01764	0.05395	0.07569	0.05807	0.02990	0.28601	0.03024	0.01539	0.00909	0.00290	0.00805	0.01361	0.00627	0.01054

[dist]
# distance from previous block
# <min> <max>
0	60

[block]
# block no. 5 follows, 22 sequences, length 20
# corresponding to MSA columns:
# 278-297
name=unknown_F
#
# <colnr> <probs for GDERKNQSTAVLIFYWHMCP>
#	G	D	E	R	K	N	Q	S	T	A	V	L	I	F	Y	W	H	M	C	P
0	0.01280	0.00843	0.00984	0.00987	0.01155	0.00780	0.00693	0.01478	0.01745	0.05614	0.13458	0.15678	0.20601	0.20141	0.01815	0.00420	0.00552	0.03729	0.07345	0.00703
1	0.02276	0.01744	0.02164	0.05836	0.11206	0.01772	0.01471	0.25642	0.02675	0.06326	0.07944	0.06240	0.05617	0.01090	0.00825	0.00236	0.00778	0.00909	0.00695	0.14555
2	0.09193	0.01855	0.02278	0.02347	0.15685	0.01956	0.01568	0.21127	0.12756	0.15330	0.02624	0.02595	0.04945	0.01007	0.00812	0.00258	0.00800	0.00819	0.00749	0.01295
3	0.02221	0.71304	0.04353	0.01421	0.02132	0.03287	0.01421	0.02488	0.01688	0.01955	0.01155	0.01333	0.01066	0.00711	0.00533	0.00178	0.00888	0.00444	0.00355	0.01066
4	0.01600	0.01203	0.01386	0.01084	0.01602	0.00974	0.00849	0.01977	0.01816	0.02898	0.10749	0.02716	0.02396	0.00861	0.00657	0.00161	0.00524	0.00709	0.20367	0.45473
5	0.01824	0.01242	0.01416	0.01283	0.01650	0.01248	0.00988	0.05243	0.19313	0.12558	0.13516	0.12142	0.20951	0.01620	0.00924	0.00279	0.00554	0.01376	0.00853	0.01019
6	0.01581	0.01016	0.01279	0.01241	0.01376	0.01044	0.00873	0.12164	0.01773	0.02369	0.02721	0.25976	0.02966	0.08269	0.02147	0.29924	0.00681	0.01332	0.00598	0.00669
7	0.76672	0.01607	0.01221	0.01092	0.01607	0.01864	0.00900	0.02442	0.01414	0.03727	0.01157	0.01350	0.00900	0.00771	0.00514	0.00257	0.00643	0.00450	0.00514	0.00900
8	0.01035	0.00797	0.00924	0.00985	0.01148	0.00710	0.00689	0.01227	0.01784	0.02280	0.13488	0.29900	0.31681	0.07912	0.01278	0.00342	0.00471	0.01896	0.00767	0.00685
9	0.05024	0.01214	0.01594	0.01433	0.01749	0.01330	0.01141	0.11047	0.01881	0.12353	0.02308	0.02928	0.01926	0.04426	0.44566	0.00963	0.01731	0.00842	0.00595	0.00951
10	0.01856	0.09041	0.31341	0.02836	0.03832	0.02129	0.31764	0.02633	0.01848	0.02588	0.01554	0.01954	0.01154	0.00739	0.00860	0.00264	0.01282	0.00777	0.00385	0.01162
11	0.01041	0.00844	0.00924	0.00904	0.01159	0.00727	0.00678	0.01307	0.02034	0.02578	0.25820	0.07446	0.47673	0.01980	0.00981	0.00275	0.00412	0.01676	0.00815	0.00727
12	0.01315	0.01019	0.01092	0.01073	0.01313	0.01014	0.00791	0.01918	0.13680	0.02428	0.05374	0.06222	0.29320	0.17036	0.01656	0.00399	0.00578	0.06392	0.06593	0.00787
13	0.02918	0.02424	0.02666	0.02614	0.15997	0.09311	0.01788	0.43719	0.03313	0.04360	0.01827	0.01955	0.01356	0.00928	0.00821	0.00245	0.00991	0.00724	0.00699	0.01345
14	0.12958	0.01517	0.01886	0.01466	0.02094	0.01419	0.01211	0.08882	0.02386	0.53028	0.02898	0.02568	0.01854	0.00993	0.00794	0.00256	0.00716	0.00779	0.00946	0.01348
15	0.01098	0.00789	0.01041	0.01098	0.01224	0.00732	0.00778	0.01372	0.01989	0.02755	0.36349	0.36682	0.06723	0.02129	0.01018	0.00297	0.00435	0.01911	0.00846	0.00732
16	0.02510	0.02256	0.02495	0.02727	0.19004	0.17442	0.01770	0.08373	0.02101	0.11506	0.01777	0.02121	0.01419	0.01542	0.08385	0.00378	0.11809	0.00720	0.00537	0.01129
17	0.01208	0.00805	0.00906	0.00906	0.00906	0.00805	0.00503	0.01208	0.01208	0.01611	0.02618	0.05436	0.03020	0.70804	0.04228	0.00805	0.00805	0.01208	0.00503	0.00503
18	0.01026	0.00754	0.00963	0.01100	0.01197	0.00690	0.00753	0.01207	0.01717	0.02270	0.11741	0.54427	0.14240	0.02433	0.01040	0.00321	0.00463	0.02181	0.00787	0.00690
19	0.02146	0.02177	0.02512	0.02146	0.02279	0.11767	0.01761	0.08831	0.01713	0.02357	0.01217	0.01791	0.01123	0.01319	0.02239	0.00330	0.52194	0.00702	0.00424	0.00972

[dist]
# distance from previous block
# <min> <max>
0	1

[block]
# block no. 6 follows, 22 sequences, length 19
# corresponding to MSA columns:
# 299-317
name=unknown_G
#
# <colnr> <probs for GDERKNQSTAVLIFYWHMCP>
#	G	D	E	R	K	N	Q	S	T	A	V	L	I	F	Y	W	H	M	C	P
0	0.02300	0.21096	0.03282	0.03125	0.29202	0.07983	0.01934	0.11241	0.02168	0.02795	0.01690	0.02319	0.01486	0.00889	0.00761	0.00235	0.00978	0.04841	0.00483	0.01192
1	0.13336	0.00989	0.01029	0.00956	0.01249	0.01018	0.00746	0.02228	0.01733	0.10654	0.02497	0.02810	0.01927	0.01398	0.06359	0.00309	0.00623	0.00742	0.48530	0.00867
2	0.05662	0.03085	0.02609	0.06063	0.20274	0.40168	0.01884	0.02945	0.02100	0.02295	0.01356	0.01698	0.01135	0.00849	0.00863	0.00235	0.04697	0.00608	0.00421	0.01054
3	0.01231	0.00972	0.01442	0.01865	0.12522	0.00965	0.01114	0.01454	0.01587	0.02173	0.03600	0.45112	0.04124	0.05679	0.11573	0.00497	0.00857	0.01799	0.00646	0.00790
4	0.01534	0.01016	0.01259	0.01206	0.01452	0.00984	0.00897	0.04652	0.07740	0.09206	0.28090	0.25435	0.09535	0.01857	0.00972	0.00287	0.00500	0.01635	0.00862	0.00883
5	0.01660	0.01586	0.02242	0.01970	0.02007	0.02168	0.01623	0.01870	0.01288	0.01982	0.01374	0.02179	0.01337	0.02648	0.18924	0.00606	0.52518	0.00768	0.00384	0.00867
6	0.30133	0.01384	0.01271	0.01111	0.01516	0.01529	0.00892	0.13775	0.02032	0.03743	0.01989	0.02229	0.01529	0.00899	0.00604	0.00228	0.00584	0.00647	0.32961	0.00944
7	0.01674	0.01722	0.01615	0.01603	0.01816	0.19067	0.04695	0.01895	0.01855	0.02167	0.03488	0.41101	0.03960	0.01981	0.00980	0.00305	0.00844	0.07789	0.00656	0.00789
8	0.01065	0.00845	0.00957	0.00929	0.01173	0.00737	0.00696	0.01353	0.02089	0.02709	0.32686	0.07230	0.40725	0.01931	0.00981	0.00272	0.00408	0.01646	0.00833	0.00737
9	0.03124	0.03326	0.02408	0.02051	0.02571	0.42301	0.01595	0.26407	0.02956	0.03275	0.01560	0.01691	0.01203	0.00911	0.00781	0.00228	0.01272	0.00618	0.00584	0.01137
10	0.01723	0.01477	0.01723	0.01230	0.01969	0.01107	0.00984	0.02092	0.01723	0.02707	0.01477	0.01723	0.01230	0.00615	0.00615	0.00123	0.00615	0.00492	0.00492	0.75883
11	0.01264	0.01001	0.01147	0.01225	0.01346	0.03566	0.00859	0.01616	0.07208	0.02152	0.03890	0.36084	0.06860	0.15367	0.08540	0.00518	0.00794	0.05157	0.00680	0.00726
12	0.34295	0.02158	0.01870	0.01567	0.02119	0.09994	0.01265	0.23790	0.09091	0.04023	0.01701	0.01779	0.01273	0.00898	0.00688	0.00252	0.00841	0.00616	0.00650	0.01130
13	0.01109	0.00847	0.01017	0.00975	0.01200	0.00755	0.00731	0.01438	0.02193	0.02955	0.45550	0.06824	0.27707	0.01839	0.00981	0.00268	0.00402	0.01589	0.00865	0.00755
14	0.09326	0.00979	0.01188	0.01119	0.01320	0.01016	0.00816	0.01793	0.01606	0.08755	0.13390	0.04183	0.03248	0.23551	0.20084	0.00715	0.01076	0.01036	0.04038	0.00763
15	0.01136	0.00840	0.01060	0.01021	0.01221	0.00764	0.00760	0.01485	0.02234	0.03089	0.52703	0.10517	0.16454	0.01817	0.00985	0.00269	0.00402	0.01595	0.00884	0.00764
16	0.02263	0.02455	0.02395	0.23748	0.10056	0.24515	0.01862	0.03106	0.16309	0.02465	0.01858	0.02155	0.01445	0.00898	0.00805	0.00253	0.01126	0.00715	0.00503	0.01068
17	0.02120	0.08955	0.28260	0.01822	0.02586	0.01883	0.01938	0.14110	0.02121	0.09409	0.01955	0.02521	0.01585	0.11914	0.04932	0.00394	0.01072	0.00754	0.00542	0.01130
18	0.02155	0.32207	0.16820	0.06946	0.08361	0.11972	0.05959	0.02628	0.01831	0.02230	0.01336	0.01628	0.01101	0.00758	0.00693	0.00220	0.01105	0.00574	0.00375	0.01100

[dist]
# distance from previous block
# <min> <max>
0	10

[block]
# block no. 7 follows, 22 sequences, length 27
# corresponding to MSA columns:
# 328-345,356-364
name=unknown_H
#
# <colnr> <probs for GDERKNQSTAVLIFYWHMCP>
#	G	D	E	R	K	N	Q	S	T	A	V	L	I	F	Y	W	H	M	C	P
0	0.71026	0.01634	0.01384	0.01396	0.06451	0.01872	0.01025	0.02450	0.01450	0.03651	0.01187	0.01403	0.00931	0.00769	0.00537	0.00256	0.00669	0.00472	0.00506	0.00931
1	0.02683	0.02065	0.02480	0.12911	0.07780	0.02308	0.01733	0.44291	0.03215	0.04316	0.01894	0.02121	0.01402	0.01309	0.05388	0.00328	0.01040	0.00756	0.00698	0.01280
2	0.01443	0.00722	0.01082	0.01082	0.01082	0.00722	0.00722	0.01082	0.01082	0.01443	0.01443	0.02525	0.01443	0.02886	0.03247	0.75830	0.00722	0.00722	0.00361	0.00361
3	0.01793	0.01473	0.02325	0.15445	0.32504	0.01542	0.01834	0.02261	0.01798	0.02735	0.01937	0.02440	0.01554	0.00834	0.00742	0.00234	0.00805	0.00751	0.25933	0.01059
4	0.01012	0.00723	0.00964	0.01157	0.01205	0.00675	0.00771	0.01157	0.01591	0.02121	0.04579	0.70262	0.05495	0.02603	0.01060	0.00337	0.00482	0.02362	0.00771	0.00675
5	0.20227	0.01683	0.01818	0.01515	0.02030	0.01840	0.01229	0.19963	0.10623	0.15419	0.02255	0.02348	0.01667	0.01810	0.11507	0.00432	0.00989	0.00742	0.00732	0.01170
6	0.19768	0.01751	0.01488	0.01364	0.01722	0.12082	0.01045	0.13008	0.02115	0.03227	0.02427	0.18152	0.02337	0.01296	0.00751	0.00256	0.00744	0.01030	0.14512	0.00925
7	0.01232	0.00833	0.00986	0.01022	0.01057	0.00833	0.00658	0.01303	0.01339	0.01773	0.02948	0.06166	0.03347	0.58096	0.03657	0.00727	0.00798	0.12120	0.00552	0.00552
8	0.01798	0.20184	0.51766	0.02143	0.03249	0.02251	0.02679	0.02597	0.01738	0.02471	0.01411	0.01654	0.01056	0.00771	0.00729	0.00243	0.01147	0.00574	0.00352	0.01189
9	0.01588	0.01305	0.01150	0.01177	0.01346	0.12013	0.00842	0.01835	0.01732	0.02420	0.03040	0.24907	0.03104	0.06498	0.05584	0.00363	0.00759	0.01289	0.28294	0.00753
10	0.01796	0.01129	0.01327	0.01177	0.01526	0.01089	0.00914	0.05070	0.10488	0.13835	0.25875	0.05241	0.19092	0.01523	0.00904	0.00263	0.00511	0.01290	0.05980	0.00970
11	0.01828	0.01447	0.01894	0.14014	0.02553	0.01669	0.01423	0.11890	0.07089	0.05831	0.11095	0.07999	0.08265	0.01789	0.06776	0.00376	0.11351	0.01074	0.00653	0.00984
12	0.01903	0.23608	0.15308	0.01711	0.02429	0.06975	0.05641	0.02332	0.01748	0.02310	0.01692	0.07592	0.01574	0.03909	0.00852	0.00232	0.00935	0.00726	0.00437	0.18085
13	0.02017	0.01451	0.01878	0.02211	0.16767	0.05630	0.01366	0.02319	0.01882	0.14262	0.03280	0.18956	0.08076	0.01437	0.00989	0.00272	0.05302	0.01220	0.09672	0.01013
14	0.08531	0.15516	0.02631	0.01808	0.02337	0.22900	0.01485	0.17126	0.06120	0.06799	0.01647	0.01769	0.01284	0.00923	0.00856	0.00236	0.05717	0.00617	0.00572	0.01127
15	0.02140	0.11102	0.14472	0.02306	0.12619	0.02029	0.01857	0.10077	0.15082	0.07246	0.02420	0.05937	0.02035	0.01093	0.00824	0.00265	0.00881	0.05786	0.00621	0.01209
16	0.02513	0.02066	0.02022	0.01665	0.02214	0.09939	0.01324	0.22900	0.18405	0.07879	0.05293	0.02818	0.06304	0.01074	0.00816	0.00241	0.00816	0.00845	0.00757	0.10108
17	0.01668	0.01302	0.01449	0.01226	0.01649	0.01231	0.00957	0.16030	0.02383	0.03196	0.14016	0.10551	0.24212	0.01546	0.00885	0.00246	0.00575	0.01295	0.00756	0.14827
18	0.02650	0.02382	0.07271	0.02013	0.02464	0.09810	0.01733	0.23742	0.02486	0.10812	0.01719	0.01958	0.01313	0.01125	0.01464	0.00286	0.24266	0.00717	0.00613	0.01176
19	0.02419	0.02118	0.02606	0.10968	0.03024	0.16456	0.13692	0.05408	0.02099	0.14304	0.04876	0.02459	0.01756	0.01401	0.06811	0.00351	0.03852	0.00809	0.03535	0.01055
20	0.01153	0.00909	0.01176	0.01180	0.01319	0.00954	0.00874	0.01374	0.01647	0.02217	0.12539	0.20337	0.18605	0.08183	0.17163	0.00587	0.06879	0.01527	0.00658	0.00719
21	0.01281	0.01170	0.01428	0.01369	0.01617	0.05815	0.06235	0.01535	0.01795	0.02222	0.05237	0.26902	0.25491	0.02380	0.06039	0.00383	0.00773	0.06881	0.00690	0.00757
22	0.11687	0.14541	0.06901	0.01796	0.02392	0.28233	0.01537	0.09863	0.02268	0.11135	0.01606	0.01703	0.01218	0.00856	0.00708	0.00226	0.01104	0.00579	0.00546	0.01102
23	0.02083	0.31765	0.24760	0.01823	0.02619	0.12862	0.01952	0.02589	0.01874	0.02316	0.06860	0.01925	0.01651	0.00846	0.00693	0.00220	0.01057	0.00608	0.00414	0.01080
24	0.01522	0.00924	0.01103	0.01051	0.01340	0.00802	0.00789	0.01762	0.01977	0.14218	0.13768	0.19908	0.33784	0.01958	0.00971	0.00286	0.00483	0.01680	0.00837	0.00838
25	0.02140	0.01974	0.03248	0.16183	0.36360	0.02067	0.09706	0.12656	0.02197	0.03023	0.01634	0.02098	0.01287	0.00795	0.00845	0.00257	0.01048	0.00771	0.00475	0.01235
26	0.02138	0.15850	0.02784	0.20027	0.13009	0.15147	0.01785	0.05170	0.01868	0.02218	0.01407	0.01903	0.01183	0.01079	0.01075	0.10283	0.01063	0.00638	0.00405	0.00969

[dist]
# distance from previous block
# <min> <max>
0	2

[block]
# block no. 8 follows, 22 sequences, length 13
# corresponding to MSA columns:
# 367-379
name=unknown_I
#
# <colnr> <probs for GDERKNQSTAVLIFYWHMCP>
#	G	D	E	R	K	N	Q	S	T	A	V	L	I	F	Y	W	H	M	C	P
0	0.01991	0.01817	0.02304	0.01967	0.02162	0.02341	0.01616	0.10652	0.13237	0.02726	0.02110	0.02479	0.05569	0.01374	0.02010	0.00328	0.42901	0.00836	0.00542	0.01038
1	0.02548	0.01248	0.01555	0.01312	0.01775	0.01140	0.01038	0.06174	0.05798	0.34614	0.04663	0.13369	0.18148	0.01515	0.00903	0.00275	0.00614	0.01274	0.00908	0.01130
2	0.02253	0.01476	0.01735	0.01451	0.01850	0.01556	0.01140	0.24554	0.02551	0.12001	0.09284	0.03607	0.06113	0.11776	0.14287	0.00541	0.01043	0.00986	0.00743	0.01051
3	0.02128	0.01649	0.01426	0.01312	0.01535	0.17435	0.00937	0.02200	0.01704	0.10670	0.02119	0.03077	0.01906	0.17695	0.02123	0.17771	0.00882	0.00812	0.11870	0.00750
4	0.01995	0.01874	0.01776	0.05441	0.02131	0.13428	0.01263	0.12646	0.11684	0.02933	0.07632	0.12721	0.14212	0.01475	0.00993	0.00274	0.04649	0.01190	0.00694	0.00988
5	0.01802	0.11029	0.06885	0.01849	0.02292	0.12958	0.09695	0.02191	0.01827	0.02274	0.06295	0.06851	0.02497	0.02450	0.17039	0.00525	0.01342	0.08778	0.00510	0.00910
6	0.76672	0.01607	0.01221	0.01092	0.01607	0.01864	0.00900	0.02442	0.01414	0.03727	0.01157	0.01350	0.00900	0.00771	0.00514	0.00257	0.00643	0.00450	0.00514	0.00900
7	0.01381	0.00762	0.01144	0.01144	0.01180	0.00798	0.00798	0.01180	0.01144	0.01561	0.01633	0.02704	0.01597	0.03698	0.18841	0.57753	0.01086	0.00762	0.00381	0.00453
8	0.02058	0.01787	0.03138	0.25522	0.30884	0.01870	0.10483	0.02581	0.01876	0.09166	0.01730	0.02214	0.01317	0.00795	0.00848	0.00262	0.01053	0.00782	0.00463	0.01170
9	0.01359	0.01046	0.01265	0.01146	0.01457	0.00903	0.00849	0.01604	0.01674	0.02371	0.09523	0.13832	0.05862	0.18761	0.01700	0.00378	0.00634	0.09102	0.00625	0.25910
10	0.01951	0.01617	0.01726	0.01383	0.01917	0.06782	0.01090	0.05576	0.04208	0.07764	0.06894	0.06203	0.07846	0.01067	0.00867	0.00202	0.04639	0.00846	0.00622	0.36801
11	0.01657	0.01995	0.10431	0.13887	0.02645	0.11631	0.01513	0.04454	0.04413	0.02452	0.07336	0.12464	0.18923	0.01455	0.00890	0.00272	0.00860	0.01213	0.00600	0.00908
12	0.01921	0.01767	0.02111	0.07816	0.02451	0.09090	0.07677	0.10456	0.02065	0.02738	0.06977	0.08115	0.02342	0.11227	0.01387	0.00318	0.03425	0.00946	0.00565	0.16606

[dist]
# distance from previous block
# <min> <max>
2	5

[block]
# block no. 9 follows, 22 sequences, length 25
# corresponding to MSA columns:
# 415-431,433-440
name=unknown_J
#
# <colnr> <probs for GDERKNQSTAVLIFYWHMCP>
#	G	D	E	R	K	N	Q	S	T	A	V	L	I	F	Y	W	H	M	C	P
0	0.02524	0.05153	0.02491	0.02245	0.08700	0.26031	0.01636	0.12209	0.02230	0.02701	0.01412	0.01721	0.01177	0.00939	0.01116	0.00236	0.14039	0.00616	0.00485	0.12340
1	0.02456	0.01598	0.01882	0.01438	0.02056	0.01477	0.01165	0.18711	0.02542	0.17096	0.11487	0.02700	0.02440	0.00967	0.00775	0.00206	0.00682	0.00785	0.00761	0.28778
2	0.01668	0.01524	0.02508	0.10334	0.18564	0.01559	0.10810	0.02363	0.09133	0.02835	0.17901	0.06907	0.03490	0.01227	0.00924	0.00277	0.00838	0.05475	0.00625	0.01039
3	0.02027	0.01566	0.02155	0.01792	0.02092	0.06657	0.10303	0.06212	0.01739	0.08666	0.01819	0.02421	0.01519	0.02140	0.09757	0.20462	0.11188	0.00783	0.05847	0.00854
4	0.01034	0.00794	0.00924	0.00990	0.01150	0.00709	0.00692	0.01223	0.01776	0.02272	0.13022	0.31261	0.30978	0.07727	0.01270	0.00342	0.00471	0.01912	0.00766	0.00685
5	0.02221	0.71304	0.04353	0.01421	0.02132	0.03287	0.01421	0.02488	0.01688	0.01955	0.01155	0.01333	0.01066	0.00711	0.00533	0.00178	0.00888	0.00444	0.00355	0.01066
6	0.02116	0.01496	0.02024	0.01894	0.06355	0.06521	0.08239	0.02506	0.06484	0.16017	0.02952	0.13017	0.04706	0.01838	0.04310	0.11703	0.00898	0.05298	0.00663	0.00962
7	0.01409	0.00830	0.01233	0.01210	0.01243	0.00910	0.00863	0.01231	0.01151	0.01588	0.01597	0.02647	0.01563	0.03549	0.17708	0.54202	0.05445	0.00760	0.00380	0.00482
8	0.49620	0.02096	0.02022	0.01660	0.02221	0.11540	0.10174	0.06919	0.01810	0.03430	0.01313	0.01549	0.01015	0.00789	0.00640	0.00254	0.00899	0.00562	0.00510	0.00978
9	0.01008	0.00739	0.00948	0.01115	0.01194	0.00678	0.00753	0.01161	0.01630	0.02137	0.05082	0.62101	0.13331	0.02537	0.01050	0.00330	0.00474	0.02282	0.00771	0.00678
10	0.41416	0.01581	0.01604	0.01311	0.01889	0.01654	0.01081	0.07594	0.01993	0.29347	0.02085	0.02001	0.01410	0.00893	0.00669	0.00256	0.00689	0.00629	0.00748	0.01148
11	0.02466	0.01269	0.01552	0.01294	0.01705	0.01236	0.01018	0.11689	0.02239	0.26492	0.05849	0.03614	0.07036	0.09667	0.07877	0.00419	0.00820	0.00958	0.11730	0.01068
12	0.01057	0.00748	0.00970	0.01109	0.01164	0.00705	0.00733	0.01205	0.01610	0.02166	0.10319	0.54304	0.05362	0.12596	0.01521	0.00399	0.00521	0.02106	0.00746	0.00660
13	0.01167	0.00893	0.01100	0.01174	0.01403	0.00825	0.00964	0.01481	0.01971	0.02514	0.15199	0.08329	0.30114	0.02127	0.01054	0.00322	0.00567	0.27263	0.00790	0.00742
14	0.01711	0.01015	0.01235	0.01146	0.01417	0.01047	0.00887	0.02318	0.09673	0.10193	0.15222	0.03723	0.03300	0.02286	0.15289	0.00474	0.00859	0.00973	0.26323	0.00910
15	0.01443	0.00722	0.01082	0.01082	0.01082	0.00722	0.00722	0.01082	0.01082	0.01443	0.01443	0.02525	0.01443	0.02886	0.03247	0.75830	0.00722	0.00722	0.00361	0.00361
16	0.02277	0.01632	0.01855	0.01552	0.02007	0.01762	0.01238	0.24507	0.16345	0.08630	0.19742	0.03544	0.03516	0.01594	0.05640	0.00338	0.00793	0.01013	0.00844	0.01171
17	0.01239	0.00953	0.01381	0.01352	0.01471	0.01130	0.01038	0.01492	0.01315	0.01897	0.02181	0.03402	0.02109	0.13344	0.55068	0.01197	0.07344	0.00914	0.00445	0.00727
18	0.06577	0.06749	0.02944	0.02788	0.19487	0.01849	0.11879	0.03259	0.09169	0.23402	0.02297	0.02368	0.01647	0.00871	0.00819	0.00255	0.00902	0.00798	0.00664	0.01275
19	0.01874	0.01687	0.01583	0.01482	0.01773	0.12809	0.01108	0.12189	0.08496	0.03021	0.16645	0.26307	0.04261	0.01688	0.00929	0.00279	0.00729	0.01446	0.00760	0.00935
20	0.01534	0.01156	0.01386	0.01293	0.01568	0.01207	0.00993	0.14714	0.02142	0.02854	0.08338	0.17411	0.17448	0.03128	0.20224	0.00589	0.01061	0.01387	0.00700	0.00868
21	0.02380	0.01656	0.02045	0.01679	0.02171	0.01710	0.05615	0.27203	0.05512	0.12002	0.03557	0.14618	0.10417	0.01455	0.00915	0.00279	0.00769	0.04064	0.00808	0.01144
22	0.29353	0.08015	0.09490	0.01883	0.07193	0.15988	0.01529	0.02942	0.08038	0.06180	0.01585	0.01732	0.01222	0.00833	0.00671	0.00244	0.00944	0.00578	0.00516	0.01065
23	0.05429	0.01949	0.05670	0.06440	0.07330	0.11186	0.13656	0.02224	0.01882	0.02488	0.02907	0.11006	0.08814	0.01271	0.00881	0.00270	0.00964	0.06914	0.03955	0.04762
24	0.06049	0.02554	0.11616	0.06330	0.07124	0.16301	0.01744	0.14617	0.05533	0.03077	0.04988	0.03083	0.07151	0.01114	0.00832	0.00260	0.01007	0.04945	0.00590	0.01086

[dist]
# distance from previous block
# <min> <max>
27	112

[block]
# block no. 10 follows, 22 sequences, length 13
# corresponding to MSA columns:
# 558-570
name=unknown_K
#
# <colnr> <probs for GDERKNQSTAVLIFYWHMCP>
#	G	D	E	R	K	N	Q	S	T	A	V	L	I	F	Y	W	H	M	C	P
0	0.07900	0.01950	0.05082	0.08007	0.17698	0.05026	0.04325	0.14303	0.02203	0.03097	0.02645	0.02892	0.10973	0.01078	0.00966	0.00263	0.06224	0.00868	0.03405	0.01096
1	0.07053	0.25931	0.32300	0.01970	0.05461	0.02295	0.02145	0.02514	0.01711	0.02494	0.01358	0.01596	0.01075	0.00743	0.00670	0.00220	0.01004	0.00540	0.00380	0.08541
2	0.01181	0.00960	0.01258	0.12389	0.01985	0.00944	0.01024	0.01530	0.02029	0.02652	0.28360	0.06453	0.28232	0.01752	0.00968	0.00280	0.00551	0.05918	0.00757	0.00775
3	0.02430	0.30647	0.02957	0.01620	0.02136	0.21621	0.01361	0.10453	0.02173	0.02469	0.05870	0.02211	0.01774	0.07794	0.01032	0.00266	0.01028	0.00659	0.00492	0.01006
4	0.01041	0.00764	0.00927	0.01043	0.01133	0.00704	0.00692	0.01174	0.01587	0.02055	0.05058	0.44948	0.18060	0.14868	0.01618	0.00410	0.00527	0.02020	0.00723	0.00649
5	0.02178	0.11399	0.28791	0.02049	0.02878	0.07038	0.05517	0.17291	0.02278	0.03047	0.01677	0.02123	0.01344	0.07535	0.01106	0.00299	0.01100	0.00698	0.00493	0.01159
6	0.02261	0.19159	0.08248	0.04062	0.05197	0.11502	0.03957	0.05844	0.20999	0.04592	0.02163	0.02433	0.01733	0.00958	0.00767	0.00246	0.00954	0.03184	0.00578	0.01162
7	0.23179	0.01046	0.01016	0.00992	0.01287	0.01058	0.00755	0.01677	0.01790	0.02930	0.16355	0.13791	0.22917	0.01625	0.00828	0.00272	0.00486	0.01339	0.05880	0.00777
8	0.01008	0.00741	0.00946	0.01109	0.01192	0.00679	0.00750	0.01162	0.01636	0.02139	0.05156	0.60889	0.14495	0.02528	0.01049	0.00329	0.00473	0.02270	0.00771	0.00679
9	0.02488	0.05751	0.02696	0.10522	0.22924	0.21771	0.01898	0.07724	0.02224	0.07379	0.05412	0.02171	0.01658	0.00884	0.00798	0.00239	0.01088	0.00717	0.00519	0.01136
10	0.01972	0.12229	0.02090	0.01542	0.01950	0.04770	0.01220	0.10856	0.25674	0.03018	0.03117	0.22239	0.02964	0.01466	0.00854	0.00275	0.00712	0.01236	0.00729	0.01088
11	0.01732	0.20909	0.05589	0.01596	0.01948	0.04837	0.01422	0.02015	0.01677	0.02183	0.07415	0.03500	0.11914	0.01632	0.05108	0.00336	0.20375	0.04406	0.00498	0.00910
12	0.02617	0.02558	0.07190	0.05769	0.02618	0.20831	0.01540	0.13095	0.02363	0.11174	0.01744	0.01879	0.01301	0.00831	0.00746	0.00209	0.01013	0.00617	0.00583	0.21321

[dist]
# distance from previous block
# <min> <max>
0	2

[block]
# block no. 11 follows, 22 sequences, length 34
# corresponding to MSA columns:
# 573,576-608
name=unknown_L
#
# <colnr> <probs for GDERKNQSTAVLIFYWHMCP>
#	G	D	E	R	K	N	Q	S	T	A	V	L	I	F	Y	W	H	M	C	P
0	0.02518	0.02591	0.02473	0.14320	0.14758	0.26829	0.01835	0.05641	0.11800	0.06465	0.01847	0.02079	0.01425	0.00888	0.00801	0.00246	0.01131	0.00699	0.00533	0.01122
1	0.08339	0.08369	0.12354	0.05776	0.09528	0.20622	0.01878	0.14786	0.05470	0.03036	0.01582	0.01789	0.01224	0.00856	0.00753	0.00239	0.01108	0.00628	0.00513	0.01149
2	0.03035	0.10198	0.02617	0.01971	0.02527	0.33835	0.01575	0.28040	0.02932	0.03360	0.01567	0.01688	0.01212	0.00900	0.00761	0.00225	0.01192	0.00614	0.00589	0.01161
3	0.01792	0.01896	0.09240	0.01439	0.01985	0.07477	0.01267	0.07800	0.05851	0.02857	0.07063	0.03317	0.11794	0.01496	0.05998	0.00304	0.00863	0.00878	0.06773	0.19911
4	0.10703	0.01419	0.01470	0.01317	0.01695	0.01535	0.01000	0.06817	0.25670	0.06894	0.03854	0.04166	0.14424	0.13751	0.01437	0.00369	0.00657	0.01068	0.00741	0.01015
5	0.01184	0.00831	0.00977	0.00945	0.01129	0.00768	0.00681	0.01475	0.01997	0.02795	0.35152	0.06094	0.19078	0.12406	0.01434	0.00341	0.00462	0.01421	0.10107	0.00721
6	0.02216	0.02621	0.18471	0.02250	0.10090	0.07119	0.01910	0.20937	0.07285	0.03502	0.09039	0.02805	0.05973	0.01056	0.00839	0.00255	0.00942	0.00853	0.00634	0.01200
7	0.01986	0.01266	0.01465	0.01347	0.01686	0.01324	0.01019	0.03031	0.25354	0.14312	0.07550	0.16673	0.03361	0.05246	0.01048	0.00305	0.00589	0.01233	0.10145	0.01059
8	0.01239	0.00892	0.01196	0.01359	0.01516	0.00871	0.01113	0.01534	0.01798	0.02333	0.04619	0.20580	0.09566	0.07374	0.01344	0.00397	0.00687	0.40112	0.00747	0.00724
