[name]
unknown

[dist]
# distance from previous block
# <min> <max>
0	126

[block]
# block no. 0 follows, 27 sequences, length 52
# corresponding to MSA columns:
# 176-199,204-231
name=unknown_A
#
# <colnr> <probs for GDERKNQSTAVLIFYWHMCP>
#	G	D	E	R	K	N	Q	S	T	A	V	L	I	F	Y	W	H	M	C	P
0	0.00949	0.00728	0.00873	0.00921	0.01084	0.00652	0.00675	0.01169	0.01715	0.02231	0.21809	0.26932	0.29945	0.01934	0.00907	0.00267	0.00405	0.05443	0.00721	0.00642
1	0.05607	0.09754	0.02297	0.02119	0.15459	0.05199	0.04360	0.09063	0.07372	0.04630	0.07466	0.02357	0.01858	0.05583	0.05359	0.00319	0.09007	0.00730	0.00498	0.00964
2	0.00954	0.00755	0.00858	0.00832	0.01050	0.00659	0.00624	0.01214	0.01873	0.02435	0.34627	0.06438	0.41604	0.01720	0.00877	0.00243	0.00365	0.01468	0.00746	0.00659
3	0.01682	0.01458	0.01742	0.07895	0.10211	0.01634	0.01289	0.03153	0.43910	0.02785	0.03125	0.03052	0.09074	0.01028	0.00753	0.00244	0.00624	0.00872	0.04407	0.01063
4	0.01228	0.00893	0.01106	0.00983	0.01279	0.00772	0.00763	0.01547	0.01910	0.05626	0.39973	0.05064	0.14607	0.01394	0.00818	0.00219	0.00426	0.05158	0.00723	0.15511
5	0.00904	0.00646	0.00861	0.01034	0.01077	0.00603	0.00689	0.01034	0.01421	0.01895	0.04092	0.73426	0.04910	0.02326	0.00948	0.00301	0.00431	0.02110	0.00689	0.00603
6	0.79154	0.01436	0.01091	0.00976	0.01436	0.01665	0.00804	0.02182	0.01263	0.03331	0.01034	0.01206	0.00804	0.00689	0.00459	0.00230	0.00574	0.00402	0.00459	0.00804
7	0.03331	0.01263	0.01723	0.01321	0.01895	0.01091	0.01091	0.03618	0.02125	0.69794	0.02929	0.02527	0.01838	0.00919	0.00747	0.00230	0.00632	0.00747	0.00919	0.01263
8	0.74555	0.01474	0.01160	0.01020	0.01488	0.01704	0.00841	0.06076	0.01398	0.03412	0.01079	0.01241	0.00832	0.00701	0.00476	0.00229	0.00589	0.00418	0.00476	0.00832
9	0.01752	0.02003	0.04380	0.03129	0.03880	0.01877	0.66583	0.02378	0.01752	0.02378	0.01502	0.02003	0.01126	0.00626	0.00876	0.00250	0.01252	0.00876	0.00375	0.01001
10	0.01956	0.59226	0.03430	0.01320	0.01911	0.02711	0.01250	0.02581	0.15323	0.02029	0.01446	0.01519	0.01226	0.00712	0.00534	0.00178	0.00751	0.00489	0.00409	0.00999
11	0.01051	0.00759	0.00992	0.00934	0.01109	0.00700	0.00700	0.01401	0.02101	0.02977	0.68888	0.05545	0.07005	0.01518	0.00876	0.00233	0.00350	0.01343	0.00817	0.00700
12	0.79154	0.01436	0.01091	0.00976	0.01436	0.01665	0.00804	0.02182	0.01263	0.03331	0.01034	0.01206	0.00804	0.00689	0.00459	0.00230	0.00574	0.00402	0.00459	0.00804
13	0.01402	0.01319	0.02227	0.72126	0.05113	0.01649	0.02062	0.01897	0.01484	0.01897	0.01319	0.01979	0.00990	0.00742	0.00742	0.00247	0.00990	0.00660	0.00330	0.00825
14	0.02822	0.02079	0.02228	0.01708	0.02302	0.02302	0.01411	0.66804	0.03490	0.04679	0.01782	0.01782	0.01262	0.00891	0.00743	0.00223	0.00817	0.00668	0.00743	0.01262
15	0.01796	0.00813	0.00910	0.00825	0.01083	0.00776	0.00640	0.02130	0.01677	0.16962	0.02529	0.02717	0.01889	0.00876	0.00567	0.00185	0.00406	0.00703	0.61701	0.00813
16	0.00995	0.00757	0.00915	0.00875	0.01075	0.00677	0.00656	0.01293	0.01969	0.02663	0.49066	0.06062	0.27023	0.01635	0.00876	0.00239	0.00359	0.01415	0.00776	0.00677
17	0.00984	0.00739	0.00911	0.00926	0.01094	0.00697	0.00684	0.01227	0.01668	0.02245	0.23012	0.17908	0.25614	0.02433	0.12627	0.00410	0.00648	0.01435	0.04087	0.00652
18	0.01225	0.00817	0.01051	0.00980	0.01187	0.00759	0.00739	0.01612	0.04336	0.07615	0.55677	0.09375	0.08723	0.01520	0.00867	0.00239	0.00384	0.01338	0.00810	0.00748
19	0.01636	0.02002	0.16258	0.23524	0.12860	0.01749	0.01929	0.02751	0.24413	0.02484	0.01919	0.02145	0.01446	0.00814	0.00738	0.00242	0.00858	0.00699	0.00478	0.01053
20	0.01122	0.00793	0.01008	0.07899	0.01419	0.00775	0.00747	0.01286	0.01469	0.04968	0.09257	0.24006	0.16763	0.23132	0.01736	0.00401	0.00563	0.01429	0.00604	0.00622
21	0.32901	0.02020	0.18767	0.01347	0.02006	0.01509	0.01356	0.02114	0.01416	0.02741	0.01191	0.01416	0.00934	0.00680	0.00640	0.00200	0.04036	0.00462	0.00410	0.23854
22	0.09546	0.02419	0.11785	0.06569	0.02449	0.16272	0.01536	0.25019	0.08371	0.03199	0.01624	0.01752	0.01210	0.00818	0.00687	0.00221	0.00913	0.00602	0.03960	0.01048
23	0.01557	0.01478	0.02507	0.48071	0.27957	0.01690	0.02139	0.02033	0.01558	0.02085	0.01347	0.01929	0.01056	0.00713	0.00740	0.00238	0.00951	0.00660	0.00343	0.00950
24	0.09122	0.01292	0.01758	0.32789	0.06365	0.01509	0.01471	0.02316	0.15589	0.02509	0.07502	0.02455	0.01863	0.00869	0.00703	0.00236	0.00731	0.00734	0.09299	0.00888
25	0.00992	0.00740	0.00922	0.00912	0.01082	0.00670	0.00670	0.01273	0.01909	0.02604	0.45885	0.16623	0.19544	0.01721	0.00887	0.00248	0.00368	0.01511	0.00770	0.00670
26	0.01062	0.00776	0.01027	0.01147	0.01297	0.00741	0.00922	0.01330	0.01681	0.02201	0.12279	0.24276	0.13600	0.02033	0.00968	0.00306	0.00538	0.32459	0.00702	0.00658
27	0.01061	0.00712	0.00815	0.00834	0.00838	0.00707	0.00475	0.01075	0.01116	0.01488	0.02526	0.12156	0.02934	0.66291	0.03477	0.00675	0.00689	0.01189	0.00475	0.00466
28	0.01985	0.74357	0.03890	0.01270	0.01905	0.02937	0.01270	0.02223	0.01508	0.01747	0.01032	0.01191	0.00953	0.00635	0.00476	0.00159	0.00794	0.00397	0.00318	0.00953
29	0.01384	0.00692	0.00692	0.00692	0.00865	0.00692	0.00519	0.01730	0.01557	0.02768	0.02422	0.02768	0.01903	0.00865	0.00519	0.00173	0.00346	0.00692	0.78031	0.00692
30	0.79154	0.01436	0.01091	0.00976	0.01436	0.01665	0.00804	0.02182	0.01263	0.03331	0.01034	0.01206	0.00804	0.00689	0.00459	0.00230	0.00574	0.00402	0.00459	0.00804
31	0.02364	0.01455	0.05723	0.01396	0.01864	0.01329	0.01217	0.18366	0.02241	0.26140	0.02641	0.03444	0.02114	0.01321	0.03973	0.00287	0.00745	0.12804	0.09527	0.01051
32	0.01693	0.01739	0.02264	0.01947	0.01970	0.06410	0.01613	0.01858	0.01195	0.01788	0.00985	0.01607	0.00973	0.01267	0.02330	0.00317	0.68261	0.00639	0.00328	0.00815
33	0.01255	0.00826	0.01005	0.01042	0.01225	0.00800	0.00806	0.04616	0.01678	0.02463	0.07221	0.25241	0.03591	0.01603	0.00801	0.00253	0.00486	0.16142	0.23569	0.05376
34	0.79154	0.01436	0.01091	0.00976	0.01436	0.01665	0.00804	0.02182	0.01263	0.03331	0.01034	0.01206	0.00804	0.00689	0.00459	0.00230	0.00574	0.00402	0.00459	0.00804
35	0.01309	0.00810	0.01051	0.01031	0.01144	0.00830	0.00732	0.01450	0.01286	0.08322	0.02479	0.04483	0.02556	0.39390	0.22036	0.00762	0.01063	0.08144	0.00508	0.00616
36	0.01682	0.01623	0.02234	0.03041	0.38744	0.07954	0.01657	0.02162	0.05816	0.02511	0.17577	0.03045	0.06848	0.00968	0.00772	0.00225	0.00751	0.00871	0.00517	0.01001
37	0.01962	0.67250	0.03938	0.01453	0.02099	0.02833	0.07685	0.02238	0.01532	0.01809	0.01078	0.01271	0.00970	0.00634	0.00516	0.00168	0.00839	0.00444	0.00323	0.00957
38	0.02012	0.05915	0.29298	0.01919	0.02570	0.05137	0.05794	0.02511	0.01618	0.16448	0.01573	0.01781	0.01151	0.00886	0.01121	0.00250	0.17899	0.00623	0.00452	0.01041
39	0.01428	0.01346	0.02274	0.68066	0.08968	0.01656	0.02075	0.01920	0.01497	0.01929	0.01324	0.01971	0.01001	0.00737	0.00742	0.00246	0.00983	0.00660	0.00332	0.00846
40	0.01637	0.01559	0.02651	0.35648	0.39754	0.01711	0.02179	0.02103	0.01596	0.02182	0.01361	0.01903	0.01090	0.00699	0.00738	0.00233	0.00931	0.00661	0.00350	0.01014
41	0.01062	0.00782	0.01133	0.01150	0.01265	0.00885	0.00875	0.01294	0.01217	0.01724	0.02227	0.06878	0.02220	0.12996	0.56465	0.01054	0.01704	0.04000	0.00432	0.00637
42	0.01539	0.01319	0.01539	0.01100	0.01759	0.00990	0.00880	0.01869	0.01539	0.02419	0.01319	0.01539	0.01100	0.00550	0.00550	0.00110	0.00550	0.00440	0.00440	0.78449
43	0.01980	0.26123	0.04651	0.01479	0.01928	0.16261	0.04178	0.06072	0.01812	0.06166	0.05214	0.16860	0.02165	0.01097	0.00693	0.00214	0.00831	0.00886	0.00498	0.00891
44	0.01011	0.00691	0.00830	0.00898	0.00915	0.00674	0.00544	0.01061	0.01214	0.01619	0.03030	0.31882	0.03570	0.45697	0.02663	0.00555	0.00606	0.01486	0.00544	0.00510
45	0.05698	0.10595	0.02968	0.06969	0.05402	0.23146	0.20725	0.08156	0.05008	0.02380	0.01397	0.01679	0.01097	0.00722	0.00717	0.00217	0.01095	0.00636	0.00421	0.00969
46	0.01181	0.00855	0.01207	0.01476	0.08930	0.00823	0.00963	0.01395	0.01526	0.05086	0.03811	0.39127	0.09543	0.04909	0.05270	0.00361	0.00632	0.11560	0.00635	0.00711
47	0.00899	0.00666	0.00841	0.00980	0.01063	0.00607	0.00665	0.01040	0.01473	0.01916	0.04744	0.60810	0.17104	0.02241	0.00934	0.00292	0.00420	0.02007	0.00689	0.00607
48	0.24765	0.01406	0.04672	0.01205	0.01621	0.01375	0.01008	0.14342	0.02028	0.10856	0.18911	0.09677	0.02991	0.01125	0.00711	0.00237	0.00581	0.00905	0.00672	0.00912
49	0.09482	0.14641	0.02438	0.01599	0.02171	0.12197	0.07622	0.13520	0.02093	0.20121	0.01730	0.01760	0.01247	0.00770	0.00662	0.00205	0.00848	0.00595	0.00580	0.05719
50	0.01723	0.05975	0.01801	0.01579	0.05050	0.11656	0.03616	0.07326	0.14738	0.02464	0.04716	0.20781	0.04518	0.01283	0.00776	0.00237	0.00715	0.03063	0.00594	0.07388
51	0.06691	0.08128	0.05281	0.05986	0.02178	0.13467	0.05166	0.04493	0.06970	0.13246	0.02196	0.15458	0.01973	0.01072	0.00728	0.00229	0.00807	0.00892	0.00563	0.04475

[dist]
# distance from previous block
# <min> <max>
1	139

[block]
# block no. 1 follows, 27 sequences, length 25
# corresponding to MSA columns:
# 374-398
name=unknown_B
#
# <colnr> <probs for GDERKNQSTAVLIFYWHMCP>
#	G	D	E	R	K	N	Q	S	T	A	V	L	I	F	Y	W	H	M	C	P
0	0.01440	0.01287	0.06615	0.09974	0.02042	0.01118	0.01160	0.09035	0.01709	0.04787	0.02613	0.31304	0.02733	0.01680	0.05150	0.00300	0.00719	0.01221	0.00569	0.14545
1	0.11281	0.01683	0.01867	0.08422	0.14321	0.10566	0.01362	0.05550	0.05728	0.02492	0.05252	0.04660	0.07810	0.00959	0.00824	0.00223	0.05964	0.00753	0.00487	0.09796
2	0.01555	0.09095	0.01668	0.12501	0.02083	0.18411	0.01111	0.01799	0.01730	0.01948	0.06813	0.11792	0.24043	0.01329	0.00771	0.00231	0.00760	0.01084	0.00524	0.00750
3	0.01161	0.00888	0.00990	0.00948	0.01148	0.00860	0.00682	0.06300	0.05864	0.02330	0.16748	0.12897	0.27855	0.16306	0.01454	0.00346	0.00493	0.01372	0.00673	0.00684
4	0.02482	0.02464	0.01985	0.01868	0.06290	0.32753	0.01362	0.06607	0.23443	0.10207	0.02006	0.01991	0.01510	0.00861	0.00714	0.00219	0.00960	0.00647	0.00582	0.01049
5	0.01939	0.06749	0.19144	0.01678	0.02185	0.14243	0.01596	0.14066	0.01916	0.02507	0.01636	0.06336	0.01447	0.06492	0.01142	0.00269	0.09747	0.00708	0.05264	0.00936
6	0.01713	0.06737	0.01585	0.01369	0.05678	0.03350	0.01012	0.05932	0.06578	0.10694	0.05602	0.06689	0.14689	0.01591	0.07244	0.00317	0.05108	0.00941	0.12294	0.00875
7	0.01090	0.00924	0.01152	0.01045	0.01319	0.00863	0.04774	0.01565	0.09385	0.02410	0.22875	0.08350	0.38219	0.01622	0.00865	0.00248	0.00450	0.01401	0.00712	0.00732
8	0.01985	0.74357	0.03890	0.01270	0.01905	0.02937	0.01270	0.02223	0.01508	0.01747	0.01032	0.01191	0.00953	0.00635	0.00476	0.00159	0.00794	0.00397	0.00318	0.00953
9	0.01878	0.00964	0.01127	0.01000	0.01298	0.00929	0.00776	0.08403	0.01898	0.18733	0.06167	0.12158	0.06566	0.01163	0.00689	0.00216	0.00473	0.00971	0.33722	0.00868
10	0.01858	0.01044	0.01262	0.01084	0.01416	0.01006	0.00852	0.08074	0.06205	0.19420	0.27663	0.03986	0.08847	0.01210	0.00770	0.00225	0.00478	0.01021	0.12668	0.00912
11	0.00921	0.00741	0.00820	0.00826	0.01036	0.00641	0.00610	0.01139	0.01756	0.02218	0.21330	0.14368	0.47295	0.01847	0.00885	0.00253	0.00376	0.01577	0.00719	0.00641
12	0.00906	0.00745	0.00797	0.00801	0.01025	0.00636	0.00595	0.01115	0.01734	0.02146	0.16691	0.11935	0.54586	0.01858	0.00882	0.00252	0.00376	0.01574	0.00709	0.00636
13	0.02698	0.02018	0.02158	0.01683	0.02255	0.02244	0.01381	0.58786	0.11711	0.04478	0.01940	0.01908	0.01391	0.00906	0.00744	0.00226	0.00788	0.00690	0.00744	0.01251
14	0.01624	0.01624	0.02274	0.01949	0.01949	0.02274	0.01624	0.01787	0.01137	0.01787	0.00975	0.01624	0.00975	0.01299	0.02436	0.00325	0.72552	0.00650	0.00325	0.00812
15	0.01076	0.00733	0.00878	0.00878	0.00901	0.00757	0.00534	0.01123	0.01100	0.01490	0.02277	0.04515	0.02550	0.61818	0.15667	0.00803	0.00944	0.01029	0.00441	0.00488
16	0.01624	0.01624	0.02274	0.01949	0.01949	0.02274	0.01624	0.01787	0.01137	0.01787	0.00975	0.01624	0.00975	0.01299	0.02436	0.00325	0.72552	0.00650	0.00325	0.00812
17	0.00981	0.00715	0.00941	0.01094	0.01195	0.00675	0.00814	0.01175	0.01530	0.01997	0.04431	0.48201	0.11898	0.02201	0.00961	0.00307	0.00494	0.19075	0.00688	0.00628
18	0.01985	0.74357	0.03890	0.01270	0.01905	0.02937	0.01270	0.02223	0.01508	0.01747	0.01032	0.01191	0.00953	0.00635	0.00476	0.00159	0.00794	0.00397	0.00318	0.00953
19	0.01624	0.01624	0.02274	0.01949	0.01949	0.02274	0.01624	0.01787	0.01137	0.01787	0.00975	0.01624	0.00975	0.01299	0.02436	0.00325	0.72552	0.00650	0.00325	0.00812
20	0.01193	0.00722	0.00789	0.00772	0.00960	0.00682	0.00579	0.01511	0.01737	0.02683	0.22279	0.04385	0.16031	0.01242	0.00688	0.00205	0.00353	0.01042	0.41464	0.00682
21	0.79154	0.01436	0.01091	0.00976	0.01436	0.01665	0.00804	0.02182	0.01263	0.03331	0.01034	0.01206	0.00804	0.00689	0.00459	0.00230	0.00574	0.00402	0.00459	0.00804
22	0.03254	0.01387	0.01799	0.01379	0.01957	0.01274	0.01139	0.13152	0.02331	0.59968	0.02756	0.02414	0.01751	0.00915	0.00746	0.00229	0.00660	0.00735	0.00892	0.01263
23	0.00904	0.00646	0.00861	0.01034	0.01077	0.00603	0.00689	0.01034	0.01421	0.01895	0.04092	0.73426	0.04910	0.02326	0.00948	0.00301	0.00431	0.02110	0.00689	0.00603
24	0.01539	0.01319	0.01539	0.01100	0.01759	0.00990	0.00880	0.01869	0.01539	0.02419	0.01319	0.01539	0.01100	0.00550	0.00550	0.00110	0.00550	0.00440	0.00440	0.78449

[dist]
# distance from previous block
# <min> <max>
0	7

[block]
# block no. 2 follows, 27 sequences, length 33
# corresponding to MSA columns:
# 424-456
name=unknown_C
#
# <colnr> <probs for GDERKNQSTAVLIFYWHMCP>
#	G	D	E	R	K	N	Q	S	T	A	V	L	I	F	Y	W	H	M	C	P
0	0.01061	0.00792	0.01174	0.01174	0.01300	0.00918	0.00905	0.01314	0.01188	0.01709	0.02006	0.03012	0.01897	0.08916	0.67677	0.01170	0.01926	0.00809	0.00400	0.00652
1	0.02068	0.05344	0.02439	0.19967	0.18882	0.09653	0.01766	0.17814	0.07104	0.02760	0.01532	0.01836	0.01190	0.00798	0.00786	0.00228	0.03667	0.00643	0.00475	0.01049
2	0.73115	0.01602	0.01171	0.01050	0.01504	0.07142	0.00854	0.02244	0.01330	0.03211	0.01043	0.01216	0.00816	0.00695	0.00476	0.00227	0.00635	0.00408	0.00453	0.00808
3	0.01550	0.01321	0.01523	0.01145	0.01741	0.01088	0.00909	0.02123	0.10633	0.02548	0.05861	0.01963	0.01635	0.00674	0.00599	0.00137	0.00542	0.00552	0.00507	0.62948
4	0.00942	0.00755	0.00842	0.00820	0.01043	0.00654	0.00615	0.01191	0.01845	0.02369	0.30473	0.06546	0.45799	0.01745	0.00877	0.00244	0.00366	0.01483	0.00737	0.00654
5	0.01162	0.00786	0.00987	0.00974	0.01154	0.00759	0.00716	0.01358	0.01505	0.07268	0.08687	0.14140	0.24250	0.11965	0.20274	0.00570	0.00883	0.01289	0.00607	0.00666
6	0.01164	0.00831	0.01159	0.01330	0.01487	0.00827	0.01140	0.01482	0.01677	0.02186	0.03948	0.15556	0.04343	0.02081	0.01017	0.00337	0.00656	0.57418	0.00684	0.00675
7	0.02124	0.01733	0.01835	0.01567	0.02036	0.01976	0.01242	0.21828	0.49603	0.03553	0.02669	0.02489	0.01981	0.00974	0.00752	0.00244	0.00653	0.00791	0.00752	0.01200
8	0.01074	0.00778	0.01133	0.01133	0.01242	0.00887	0.00853	0.01277	0.01167	0.01666	0.01999	0.03132	0.01936	0.14161	0.59041	0.04915	0.01760	0.00824	0.00401	0.00619
9	0.01539	0.01319	0.01539	0.01100	0.01759	0.00990	0.00880	0.01869	0.01539	0.02419	0.01319	0.01539	0.01100	0.00550	0.00550	0.00110	0.00550	0.00440	0.00440	0.78449
10	0.01909	0.01626	0.01714	0.01523	0.01954	0.01876	0.01190	0.07954	0.63828	0.03206	0.02942	0.02707	0.02202	0.01000	0.00755	0.00250	0.00602	0.00828	0.00755	0.01181
11	0.01688	0.01611	0.02743	0.27793	0.47213	0.01724	0.02204	0.02147	0.01620	0.02244	0.01370	0.01886	0.01112	0.00689	0.00737	0.00230	0.00919	0.00661	0.00355	0.01055
12	0.14684	0.01414	0.01705	0.01328	0.01888	0.01363	0.01097	0.13079	0.02204	0.49800	0.02467	0.02214	0.01594	0.00880	0.00703	0.00229	0.00651	0.00683	0.00823	0.01194
13	0.00925	0.00667	0.00876	0.01007	0.01078	0.00618	0.00686	0.01089	0.01532	0.02059	0.13756	0.60718	0.07858	0.02189	0.00934	0.00289	0.00417	0.01975	0.00708	0.00618
14	0.06882	0.01810	0.01960	0.01533	0.02078	0.01965	0.01259	0.47061	0.06095	0.13172	0.02002	0.01970	0.01409	0.00888	0.00712	0.00222	0.00734	0.00674	0.06382	0.01192
15	0.01736	0.01436	0.01645	0.01193	0.01842	0.01191	0.00961	0.11815	0.01838	0.02765	0.01390	0.01577	0.01125	0.00602	0.00579	0.00127	0.00591	0.00475	0.00486	0.66626
16	0.00993	0.00756	0.00917	0.00928	0.01099	0.00694	0.00676	0.01302	0.03970	0.02449	0.33979	0.22666	0.23245	0.01800	0.00890	0.00256	0.00385	0.01577	0.00749	0.00672
17	0.00920	0.00657	0.00880	0.01052	0.01102	0.00617	0.00717	0.01061	0.01437	0.01913	0.04083	0.69895	0.04875	0.02311	0.00952	0.00304	0.00444	0.05485	0.00689	0.00607
18	0.00904	0.00646	0.00861	0.01034	0.01077	0.00603	0.00689	0.01034	0.01421	0.01895	0.04092	0.73426	0.04910	0.02326	0.00948	0.00301	0.00431	0.02110	0.00689	0.00603
19	0.01505	0.01186	0.01690	0.26885	0.05971	0.01313	0.01378	0.11569	0.01809	0.04729	0.02704	0.28330	0.05114	0.01391	0.00822	0.00262	0.00717	0.01230	0.00561	0.00835
20	0.01985	0.74357	0.03890	0.01270	0.01905	0.02937	0.01270	0.02223	0.01508	0.01747	0.01032	0.01191	0.00953	0.00635	0.00476	0.00159	0.00794	0.00397	0.00318	0.00953
21	0.12857	0.01562	0.01640	0.01326	0.01783	0.01705	0.01080	0.36031	0.02551	0.08076	0.01910	0.02029	0.01411	0.01067	0.03767	0.00256	0.00715	0.00648	0.18544	0.01042
22	0.05983	0.01012	0.01205	0.01019	0.01374	0.00961	0.00811	0.05290	0.01917	0.27721	0.12114	0.02958	0.02533	0.00972	0.00662	0.00208	0.00485	0.00791	0.31052	0.00936
23	0.01617	0.01639	0.03061	0.26588	0.24081	0.01704	0.22065	0.02121	0.01641	0.02212	0.01708	0.02200	0.04466	0.00738	0.00788	0.00240	0.01008	0.00772	0.00373	0.00977
24	0.01097	0.00781	0.00936	0.00883	0.01107	0.00691	0.00667	0.01381	0.01944	0.05920	0.41852	0.06014	0.30742	0.01628	0.00870	0.00240	0.00374	0.01400	0.00773	0.00700
25	0.08555	0.01266	0.01548	0.01364	0.01723	0.01324	0.04124	0.08340	0.16681	0.11806	0.12698	0.04113	0.03062	0.06976	0.01041	0.00295	0.00637	0.12809	0.00704	0.00933
26	0.02140	0.16569	0.15304	0.10756	0.11272	0.01923	0.01755	0.10325	0.05497	0.14902	0.01718	0.01846	0.01255	0.00768	0.00683	0.00218	0.00848	0.00613	0.00510	0.01099
27	0.01781	0.08044	0.07864	0.01837	0.02364	0.01678	0.18404	0.11982	0.10002	0.05189	0.02416	0.09524	0.05825	0.05833	0.03612	0.00307	0.00890	0.00940	0.00543	0.00966
28	0.01909	0.01500	0.02479	0.31486	0.31990	0.01605	0.01993	0.02346	0.01679	0.13413	0.01620	0.02010	0.01210	0.00737	0.00740	0.00233	0.00884	0.00675	0.00444	0.01048
29	0.01678	0.01161	0.01428	0.01284	0.01494	0.03572	0.03351	0.07737	0.09645	0.08672	0.02359	0.15541	0.02296	0.12584	0.01837	0.18971	0.04075	0.01015	0.00561	0.00740
30	0.01398	0.04507	0.13661	0.12165	0.02433	0.05728	0.07060	0.01884	0.04779	0.02217	0.13708	0.13839	0.05198	0.06936	0.01032	0.00282	0.00789	0.01050	0.00515	0.00819
31	0.01639	0.08226	0.02400	0.18491	0.19967	0.05916	0.05749	0.04169	0.01668	0.02182	0.02003	0.12298	0.04637	0.00975	0.00741	0.00226	0.00837	0.00872	0.00434	0.06570
32	0.10396	0.07117	0.02756	0.02356	0.13465	0.06229	0.18337	0.10392	0.06093	0.08722	0.05588	0.02064	0.01572	0.00782	0.00731	0.00227	0.00888	0.00718	0.00522	0.01045

[dist]
# distance from previous block
# <min> <max>
1	82

[block]
# block no. 3 follows, 27 sequences, length 25
# corresponding to MSA columns:
# 541-565
name=unknown_D
#
# <colnr> <probs for GDERKNQSTAVLIFYWHMCP>
#	G	D	E	R	K	N	Q	S	T	A	V	L	I	F	Y	W	H	M	C	P
0	0.26355	0.02104	0.01616	0.01440	0.01788	0.24501	0.01113	0.08006	0.04812	0.02558	0.01402	0.01852	0.01216	0.08319	0.04525	0.00321	0.06198	0.00576	0.00459	0.00839
1	0.01029	0.00759	0.00964	0.00964	0.01074	0.00791	0.00681	0.01183	0.01256	0.01680	0.03266	0.04492	0.16140	0.29261	0.32320	0.00827	0.01198	0.01058	0.00477	0.00579
2	0.05662	0.01969	0.07423	0.04897	0.02262	0.05634	0.01393	0.17316	0.38670	0.03272	0.02340	0.02269	0.01740	0.00917	0.00729	0.00240	0.00738	0.00730	0.00663	0.01137
3	0.01360	0.02032	0.27128	0.01598	0.05144	0.01224	0.01565	0.01980	0.07078	0.04622	0.13817	0.13183	0.08753	0.06017	0.00992	0.00278	0.00723	0.01061	0.00551	0.00893
4	0.15486	0.12375	0.13675	0.01753	0.04719	0.09983	0.04664	0.17891	0.02089	0.08590	0.01470	0.01590	0.01090	0.00757	0.00649	0.00215	0.00887	0.00559	0.00505	0.01051
5	0.01985	0.29964	0.10751	0.01439	0.02000	0.06993	0.01375	0.12762	0.01868	0.02491	0.01411	0.01617	0.01149	0.00765	0.00694	0.00191	0.05282	0.00526	0.11605	0.05136
6	0.01328	0.00827	0.01043	0.00949	0.01195	0.00739	0.00726	0.01636	0.02019	0.11972	0.47025	0.05463	0.19203	0.01511	0.00858	0.00237	0.00394	0.01307	0.00805	0.00763
7	0.01820	0.01243	0.04952	0.01427	0.01764	0.01164	0.06543	0.04348	0.05201	0.17397	0.09908	0.02771	0.02213	0.02245	0.15868	0.14595	0.04313	0.00808	0.00573	0.00846
8	0.02193	0.08247	0.17205	0.08101	0.11285	0.06799	0.05942	0.20265	0.02198	0.08407	0.01568	0.01755	0.01151	0.00765	0.00716	0.00222	0.00947	0.00625	0.00499	0.01109
9	0.01986	0.01272	0.01335	0.01117	0.01466	0.01366	0.00892	0.28956	0.02366	0.03567	0.02154	0.02355	0.01635	0.00876	0.00613	0.00194	0.00543	0.00682	0.45695	0.00931
10	0.01066	0.00779	0.01032	0.01150	0.01301	0.00744	0.00927	0.01339	0.01691	0.02219	0.13242	0.23386	0.13039	0.02022	0.00968	0.00306	0.00539	0.32887	0.00704	0.00659
11	0.16830	0.02210	0.14374	0.11313	0.13971	0.09823	0.01752	0.08363	0.01790	0.08150	0.01422	0.01672	0.01067	0.00763	0.00733	0.00230	0.03500	0.00577	0.00450	0.01010
12	0.01595	0.01516	0.02575	0.42180	0.33551	0.01700	0.02158	0.02066	0.01576	0.02131	0.01354	0.01916	0.01072	0.00706	0.00739	0.00235	0.00942	0.00660	0.00347	0.00980
13	0.02017	0.01071	0.01329	0.01115	0.01476	0.01007	0.00884	0.09694	0.02189	0.25003	0.28678	0.04022	0.09492	0.01225	0.00788	0.00227	0.00498	0.01033	0.07307	0.00943
14	0.01451	0.01258	0.01784	0.10072	0.14761	0.01315	0.03449	0.07140	0.06427	0.02611	0.19626	0.03987	0.17438	0.01219	0.00884	0.00241	0.03807	0.01047	0.00601	0.00882
15	0.18307	0.01267	0.01445	0.01166	0.01662	0.01200	0.00940	0.02678	0.07605	0.26968	0.11731	0.02511	0.02257	0.00891	0.00667	0.00208	0.00559	0.00707	0.00698	0.16531
16	0.00956	0.00696	0.00910	0.01046	0.01139	0.00650	0.00751	0.01140	0.01546	0.02043	0.09772	0.51909	0.11288	0.02175	0.00946	0.00297	0.00455	0.10959	0.00699	0.00625
17	0.01678	0.01857	0.03923	0.17785	0.04142	0.01829	0.52878	0.02276	0.01695	0.02276	0.01463	0.01998	0.01097	0.00651	0.00848	0.00250	0.01196	0.00830	0.00366	0.00964
18	0.00911	0.00669	0.00855	0.00988	0.01069	0.00613	0.00673	0.01064	0.01506	0.01986	0.09116	0.59507	0.13903	0.02207	0.00933	0.00290	0.00417	0.01981	0.00698	0.00613
19	0.01804	0.01943	0.02321	0.17219	0.05752	0.16330	0.05167	0.02086	0.01474	0.01874	0.01182	0.01735	0.01035	0.01214	0.04928	0.00315	0.31795	0.00636	0.00346	0.00844
20	0.04820	0.02849	0.37165	0.02103	0.02975	0.01770	0.13835	0.12692	0.01957	0.10384	0.01604	0.01775	0.01121	0.00744	0.00738	0.00235	0.01009	0.00644	0.00466	0.01114
21	0.02076	0.05148	0.01859	0.01512	0.01974	0.01908	0.01204	0.11890	0.52149	0.07628	0.02761	0.02551	0.02046	0.00969	0.00740	0.00242	0.00630	0.00790	0.00743	0.01181
22	0.01319	0.01376	0.09601	0.05299	0.01998	0.01171	0.10550	0.01643	0.04594	0.01945	0.05595	0.05792	0.08170	0.08904	0.08735	0.16994	0.04253	0.00911	0.00443	0.00706
23	0.01659	0.02222	0.22693	0.07927	0.12368	0.01729	0.01896	0.07483	0.13462	0.02600	0.05902	0.05668	0.01809	0.00960	0.00923	0.00248	0.08159	0.00771	0.00485	0.01035
24	0.01297	0.01098	0.06690	0.01103	0.01395	0.00867	0.00929	0.04547	0.01802	0.07997	0.16293	0.18913	0.22380	0.04305	0.00978	0.00279	0.00524	0.07153	0.00694	0.00756

[dist]
# distance from previous block
# <min> <max>
0	18

[block]
# block no. 4 follows, 27 sequences, length 23
# corresponding to MSA columns:
# 584-606
name=unknown_E
#
# <colnr> <probs for GDERKNQSTAVLIFYWHMCP>
#	G	D	E	R	K	N	Q	S	T	A	V	L	I	F	Y	W	H	M	C	P
0	0.50258	0.02102	0.15862	0.01344	0.01953	0.04264	0.01314	0.10462	0.01641	0.03240	0.01196	0.01360	0.00897	0.00721	0.00555	0.00229	0.00743	0.00470	0.00462	0.00926
1	0.24957	0.11522	0.04808	0.01487	0.01983	0.24632	0.01243	0.07815	0.07314	0.05856	0.01398	0.01501	0.01085	0.00761	0.00602	0.00210	0.00898	0.00506	0.00479	0.00943
2	0.00972	0.00720	0.00875	0.00948	0.01095	0.00652	0.00697	0.01122	0.01563	0.01985	0.08833	0.28487	0.30574	0.02090	0.01101	0.07319	0.00454	0.09248	0.00663	0.00603
3	0.02105	0.02105	0.06674	0.09778	0.08790	0.09542	0.09675	0.18609	0.19292	0.03020	0.01885	0.02029	0.01414	0.00826	0.00751	0.00233	0.00911	0.00708	0.00555	0.01097
4	0.01125	0.00778	0.00890	0.00881	0.01111	0.00673	0.00653	0.01330	0.01727	0.08210	0.13888	0.19671	0.42695	0.01838	0.00879	0.00257	0.00407	0.01573	0.00726	0.00688
5	0.01848	0.01560	0.01707	0.05475	0.02082	0.01790	0.01211	0.09134	0.53674	0.03165	0.07696	0.02844	0.02457	0.01020	0.00762	0.00248	0.00613	0.00852	0.00735	0.01128
6	0.01682	0.01315	0.01554	0.01117	0.01770	0.00998	0.00897	0.02009	0.01586	0.07788	0.01448	0.01618	0.01158	0.00579	0.00565	0.00119	0.00556	0.00464	0.00478	0.72298
7	0.01064	0.00783	0.01128	0.01128	0.01238	0.00893	0.00847	0.01284	0.01174	0.01675	0.02048	0.03247	0.01999	0.17190	0.59542	0.01113	0.01773	0.00844	0.00407	0.00627
8	0.01061	0.00795	0.01193	0.01193	0.01326	0.00928	0.00928	0.01326	0.01193	0.01723	0.01988	0.02916	0.01856	0.05568	0.70968	0.01193	0.01988	0.00795	0.00398	0.00663
9	0.03331	0.01263	0.01723	0.01321	0.01895	0.01091	0.01091	0.03618	0.02125	0.69794	0.02929	0.02527	0.01838	0.00919	0.00747	0.00230	0.00632	0.00747	0.00919	0.01263
10	0.79154	0.01436	0.01091	0.00976	0.01436	0.01665	0.00804	0.02182	0.01263	0.03331	0.01034	0.01206	0.00804	0.00689	0.00459	0.00230	0.00574	0.00402	0.00459	0.00804
11	0.01624	0.01624	0.02274	0.01949	0.01949	0.02274	0.01624	0.01787	0.01137	0.01787	0.00975	0.01624	0.00975	0.01299	0.02436	0.00325	0.72552	0.00650	0.00325	0.00812
12	0.01051	0.00759	0.00992	0.00934	0.01109	0.00700	0.00700	0.01401	0.02101	0.02977	0.68888	0.05545	0.07005	0.01518	0.00876	0.00233	0.00350	0.01343	0.00817	0.00700
13	0.00904	0.00646	0.00861	0.01034	0.01077	0.00603	0.00689	0.01034	0.01421	0.01895	0.04092	0.73426	0.04910	0.02326	0.00948	0.00301	0.00431	0.02110	0.00689	0.00603
14	0.79154	0.01436	0.01091	0.00976	0.01436	0.01665	0.00804	0.02182	0.01263	0.03331	0.01034	0.01206	0.00804	0.00689	0.00459	0.00230	0.00574	0.00402	0.00459	0.00804
15	0.03331	0.01263	0.01723	0.01321	0.01895	0.01091	0.01091	0.03618	0.02125	0.69794	0.02929	0.02527	0.01838	0.00919	0.00747	0.00230	0.00632	0.00747	0.00919	0.01263
16	0.02771	0.01460	0.01716	0.01346	0.01852	0.01468	0.01102	0.26864	0.02527	0.32756	0.02404	0.02294	0.01635	0.00898	0.00702	0.00216	0.00647	0.00707	0.15479	0.01155
17	0.01112	0.00828	0.01080	0.01206	0.01397	0.00795	0.01030	0.01414	0.01705	0.02165	0.04874	0.08051	0.21271	0.02006	0.00986	0.00318	0.00603	0.47806	0.00685	0.00669
18	0.01046	0.00721	0.00837	0.00852	0.00885	0.00716	0.00514	0.01092	0.01167	0.01546	0.02885	0.11082	0.08121	0.56922	0.08009	0.00678	0.00755	0.01191	0.00487	0.00493
19	0.01605	0.07484	0.10603	0.06944	0.10199	0.01769	0.01636	0.01918	0.01420	0.05800	0.01802	0.15346	0.01791	0.01231	0.01364	0.00273	0.26592	0.00903	0.00431	0.00889
20	0.01526	0.00923	0.01144	0.01046	0.01311	0.00856	0.00795	0.06506	0.02000	0.14573	0.28242	0.18219	0.16742	0.01589	0.00857	0.00248	0.00455	0.01378	0.00781	0.00809
21	0.01571	0.02895	0.40436	0.12183	0.13831	0.01743	0.12277	0.02282	0.01603	0.02305	0.01366	0.01731	0.01012	0.00691	0.00741	0.00237	0.01073	0.00631	0.00334	0.01058
22	0.01229	0.00842	0.00997	0.00961	0.01156	0.00826	0.00719	0.07078	0.01890	0.02706	0.26708	0.16409	0.12291	0.01739	0.04762	0.00288	0.00500	0.01276	0.16903	0.00720

[dist]
# distance from previous block
# <min> <max>
0	1

[block]
# block no. 5 follows, 27 sequences, length 8
# corresponding to MSA columns:
# 608,619-625
name=unknown_F
#
# <colnr> <probs for GDERKNQSTAVLIFYWHMCP>
#	G	D	E	R	K	N	Q	S	T	A	V	L	I	F	Y	W	H	M	C	P
0	0.22693	0.21514	0.02498	0.02001	0.15136	0.17023	0.01388	0.05846	0.01714	0.02474	0.01169	0.01386	0.00974	0.00696	0.00579	0.00200	0.00872	0.00482	0.00402	0.00954
1	0.26940	0.22534	0.02369	0.01632	0.07452	0.17527	0.01254	0.08350	0.01761	0.02597	0.01158	0.01337	0.00953	0.00707	0.00560	0.00200	0.00854	0.00464	0.00421	0.00932
2	0.01461	0.01633	0.15239	0.01443	0.01876	0.01202	0.07221	0.02074	0.11327	0.06945	0.07625	0.08267	0.09224	0.19382	0.01547	0.00366	0.00739	0.01032	0.00560	0.00841
3	0.02313	0.01824	0.02197	0.02100	0.12492	0.02033	0.01487	0.40455	0.06377	0.03683	0.01921	0.08453	0.01612	0.01037	0.00938	0.00242	0.08254	0.00808	0.00637	0.01136
4	0.01013	0.00753	0.00916	0.00878	0.01053	0.00685	0.00642	0.01288	0.01898	0.02586	0.47375	0.05854	0.21277	0.09148	0.01179	0.00288	0.00395	0.01368	0.00749	0.00657
5	0.00991	0.00734	0.00926	0.00926	0.01085	0.00668	0.00676	0.01268	0.01890	0.02589	0.45134	0.20305	0.16566	0.01749	0.00891	0.00251	0.00372	0.01543	0.00769	0.00668
6	0.01061	0.00795	0.01193	0.01193	0.01326	0.00928	0.00928	0.01326	0.01193	0.01723	0.01988	0.02916	0.01856	0.05568	0.70968	0.01193	0.01988	0.00795	0.00398	0.00663
7	0.01846	0.01595	0.01679	0.01511	0.01930	0.01846	0.01175	0.03945	0.67938	0.03105	0.03022	0.02770	0.02266	0.01007	0.00755	0.00252	0.00588	0.00839	0.00755	0.01175

[dist]
# distance from previous block
# <min> <max>
0	5

[block]
# block no. 6 follows, 27 sequences, length 108
# corresponding to MSA columns:
# 631-641,643-719,721-740
name=unknown_G
#
# <colnr> <probs for GDERKNQSTAVLIFYWHMCP>
#	G	D	E	R	K	N	Q	S	T	A	V	L	I	F	Y	W	H	M	C	P
0	0.01415	0.01030	0.01206	0.01096	0.01375	0.01023	0.00853	0.10226	0.08299	0.05564	0.33028	0.07724	0.17740	0.01497	0.00853	0.00246	0.00471	0.04766	0.00768	0.00821
1	0.01584	0.01362	0.01714	0.15253	0.02456	0.01194	0.01144	0.05495	0.01637	0.02441	0.01345	0.01640	0.01087	0.00607	0.00599	0.00144	0.00652	0.00496	0.00435	0.58715
2	0.01985	0.74357	0.03890	0.01270	0.01905	0.02937	0.01270	0.02223	0.01508	0.01747	0.01032	0.01191	0.00953	0.00635	0.00476	0.00159	0.00794	0.00397	0.00318	0.00953
3	0.01648	0.01571	0.02672	0.33877	0.41436	0.01714	0.02184	0.02113	0.01601	0.02196	0.01363	0.01899	0.01095	0.00696	0.00738	0.00232	0.00929	0.00661	0.00351	0.01023
4	0.01624	0.01624	0.02274	0.01949	0.01949	0.02274	0.01624	0.01787	0.01137	0.01787	0.00975	0.01624	0.00975	0.01299	0.02436	0.00325	0.72552	0.00650	0.00325	0.00812
5	0.00904	0.00646	0.00861	0.01034	0.01077	0.00603	0.00689	0.01034	0.01421	0.01895	0.04092	0.73426	0.04910	0.02326	0.00948	0.00301	0.00431	0.02110	0.00689	0.00603
6	0.79154	0.01436	0.01091	0.00976	0.01436	0.01665	0.00804	0.02182	0.01263	0.03331	0.01034	0.01206	0.00804	0.00689	0.00459	0.00230	0.00574	0.00402	0.00459	0.00804
7	0.02034	0.01584	0.01764	0.01316	0.01924	0.01489	0.01069	0.27336	0.02306	0.03324	0.01560	0.01700	0.01207	0.00701	0.00624	0.00158	0.00644	0.00543	0.04715	0.44003
8	0.03079	0.01320	0.01715	0.01353	0.01901	0.01219	0.01105	0.03673	0.13299	0.58471	0.02945	0.02568	0.01910	0.00934	0.00748	0.00233	0.00624	0.00762	0.00891	0.01248
9	0.01912	0.01557	0.02349	0.09473	0.33435	0.01638	0.01750	0.12954	0.01950	0.07317	0.04363	0.07220	0.01746	0.01206	0.05214	0.00295	0.03250	0.00806	0.00506	0.01060
10	0.00917	0.00738	0.00816	0.00829	0.01035	0.00638	0.00609	0.01129	0.01737	0.02188	0.19549	0.16169	0.47304	0.01869	0.00887	0.00254	0.00378	0.01598	0.00715	0.00638
11	0.01559	0.01356	0.01649	0.01323	0.05482	0.01083	0.00986	0.01889	0.01532	0.02395	0.01310	0.01559	0.01099	0.00585	0.00634	0.00124	0.03401	0.00460	0.00431	0.71143
12	0.01905	0.01568	0.02222	0.18718	0.15020	0.01712	0.05646	0.20381	0.06195	0.03050	0.06412	0.02280	0.01704	0.00846	0.00736	0.00227	0.00800	0.00738	0.08818	0.01022
13	0.00903	0.00650	0.00857	0.01023	0.01074	0.00604	0.00685	0.01035	0.01431	0.01899	0.04218	0.70982	0.07273	0.02309	0.00945	0.00300	0.00429	0.02090	0.00689	0.00604
14	0.01660	0.02018	0.14532	0.18569	0.11974	0.08963	0.01739	0.04705	0.08431	0.02264	0.01833	0.07290	0.01608	0.07376	0.01005	0.00278	0.00898	0.00781	0.03151	0.00926
15	0.01539	0.01319	0.01539	0.01100	0.01759	0.00990	0.00880	0.01869	0.01539	0.02419	0.01319	0.01539	0.01100	0.00550	0.00550	0.00110	0.00550	0.00440	0.00440	0.78449
16	0.02002	0.48097	0.14800	0.01513	0.02187	0.02605	0.01559	0.11506	0.01783	0.02273	0.01188	0.01363	0.00996	0.00719	0.00658	0.00190	0.04693	0.00475	0.00378	0.01014
17	0.00988	0.00733	0.00922	0.00924	0.01083	0.00666	0.00674	0.01262	0.01881	0.02571	0.44018	0.20656	0.17365	0.01758	0.00892	0.00251	0.00372	0.01549	0.00767	0.00666
18	0.00946	0.00667	0.00866	0.01009	0.01050	0.00633	0.00669	0.01062	0.01375	0.01831	0.03788	0.59198	0.04509	0.14469	0.01431	0.00374	0.00490	0.04407	0.00648	0.00580
19	0.00880	0.00742	0.00762	0.00778	0.01010	0.00624	0.00576	0.01062	0.01667	0.01995	0.07200	0.13332	0.62997	0.01922	0.00884	0.00255	0.00381	0.01618	0.00689	0.00624
20	0.02311	0.01586	0.01682	0.01347	0.01791	0.01730	0.01094	0.43680	0.02803	0.04000	0.02010	0.02132	0.01490	0.00882	0.00663	0.00205	0.00650	0.00677	0.28207	0.01060
21	0.01489	0.03840	0.70064	0.02116	0.03213	0.01724	0.02743	0.02351	0.01567	0.02351	0.01332	0.01567	0.00940	0.00705	0.00705	0.00235	0.01097	0.00549	0.00313	0.01097
22	0.02494	0.01794	0.01911	0.01510	0.02016	0.01979	0.01233	0.50690	0.07546	0.04224	0.01983	0.02029	0.01447	0.00894	0.00703	0.00216	0.00716	0.00684	0.14777	0.01153
23	0.01846	0.01595	0.01679	0.01511	0.01930	0.01846	0.01175	0.03945	0.67938	0.03105	0.03022	0.02770	0.02266	0.01007	0.00755	0.00252	0.00588	0.00839	0.00755	0.01175
24	0.01061	0.00795	0.01193	0.01193	0.01326	0.00928	0.00928	0.01326	0.01193	0.01723	0.01988	0.02916	0.01856	0.05568	0.70968	0.01193	0.01988	0.00795	0.00398	0.00663
25	0.08997	0.01276	0.01676	0.01295	0.01861	0.01134	0.01070	0.03511	0.02060	0.64827	0.02787	0.02428	0.01760	0.00902	0.00725	0.00230	0.00627	0.00721	0.00884	0.01229
26	0.02276	0.01808	0.01921	0.01598	0.02094	0.02047	0.01279	0.31627	0.39557	0.03798	0.02476	0.02335	0.01824	0.00956	0.00750	0.00239	0.00689	0.00764	0.00750	0.01214
27	0.01048	0.00763	0.01006	0.00998	0.01106	0.00805	0.00715	0.01234	0.01324	0.01826	0.11368	0.04267	0.09201	0.25923	0.34236	0.00831	0.01226	0.01029	0.00497	0.00598
28	0.01022	0.00758	0.00952	0.00904	0.01091	0.00688	0.00678	0.01345	0.02033	0.02815	0.58676	0.05811	0.17317	0.01578	0.00876	0.00236	0.00355	0.01380	0.00796	0.00688
29	0.01402	0.01319	0.02227	0.72126	0.05113	0.01649	0.02062	0.01897	0.01484	0.01897	0.01319	0.01979	0.00990	0.00742	0.00742	0.00247	0.00990	0.00660	0.00330	0.00825
30	0.01615	0.01561	0.02543	0.01816	0.02508	0.01303	0.24084	0.02049	0.01615	0.02405	0.01384	0.01703	0.01109	0.00577	0.00665	0.00160	0.00798	0.00594	0.00417	0.51096
31	0.02469	0.01846	0.02002	0.01572	0.02137	0.01986	0.01279	0.42561	0.16762	0.06640	0.02029	0.01988	0.01476	0.00872	0.00720	0.00214	0.00726	0.00678	0.00713	0.11331
32	0.01578	0.01500	0.02545	0.44744	0.31116	0.01696	0.02149	0.02051	0.01568	0.02111	0.01351	0.01922	0.01065	0.00709	0.00739	0.00236	0.00946	0.00660	0.00345	0.00967
33	0.01555	0.01476	0.02504	0.48343	0.27698	0.01690	0.02138	0.02031	0.01557	0.02083	0.01347	0.01929	0.01055	0.00714	0.00740	0.00238	0.00952	0.00660	0.00343	0.00948
34	0.02739	0.01662	0.01894	0.01489	0.02032	0.01733	0.01218	0.34526	0.09796	0.25590	0.02718	0.02532	0.06618	0.00987	0.00755	0.00230	0.00699	0.00779	0.00798	0.01206
35	0.02050	0.01589	0.01724	0.01480	0.01919	0.01778	0.01169	0.16901	0.43654	0.07141	0.09793	0.02845	0.02537	0.01032	0.00765	0.00242	0.00613	0.00852	0.00768	0.01148
36	0.01489	0.03840	0.70064	0.02116	0.03213	0.01724	0.02743	0.02351	0.01567	0.02351	0.01332	0.01567	0.00940	0.00705	0.00705	0.00235	0.01097	0.00549	0.00313	0.01097
37	0.01206	0.01000	0.01547	0.31947	0.02939	0.01127	0.01403	0.01570	0.01600	0.02106	0.10894	0.18956	0.03321	0.01475	0.00868	0.00279	0.00722	0.15762	0.00548	0.00730
38	0.01615	0.21680	0.39172	0.01722	0.02541	0.01957	0.02003	0.02397	0.08599	0.02332	0.07739	0.01967	0.01650	0.00795	0.00667	0.00217	0.00895	0.00614	0.00408	0.01031
39	0.00980	0.00678	0.00839	0.00936	0.00961	0.00654	0.00585	0.01054	0.01273	0.01697	0.03331	0.43672	0.03951	0.33388	0.02176	0.00483	0.00556	0.01663	0.00585	0.00537
40	0.01384	0.00692	0.00692	0.00692	0.00865	0.00692	0.00519	0.01730	0.01557	0.02768	0.02422	0.02768	0.01903	0.00865	0.00519	0.00173	0.00346	0.00692	0.78031	0.00692
41	0.02184	0.10338	0.13374	0.01838	0.05971	0.21087	0.01570	0.02965	0.17132	0.09514	0.01952	0.02223	0.01540	0.00877	0.00705	0.00223	0.00930	0.04021	0.00523	0.01033
42	0.01468	0.00932	0.01191	0.01162	0.01390	0.00911	0.00899	0.05253	0.05878	0.11285	0.19280	0.23957	0.06856	0.01863	0.03757	0.00310	0.00570	0.11495	0.00744	0.00799
43	0.01041	0.00758	0.00979	0.00924	0.01103	0.00696	0.00693	0.01382	0.02079	0.02924	0.65511	0.05633	0.10414	0.01538	0.00876	0.00234	0.00352	0.01355	0.00810	0.00696
44	0.01616	0.01635	0.02207	0.02015	0.05704	0.06762	0.04990	0.01825	0.01299	0.01862	0.01402	0.08432	0.01423	0.01592	0.06905	0.00366	0.47980	0.00797	0.00373	0.00816
45	0.01965	0.39098	0.19583	0.01815	0.05995	0.02432	0.05293	0.11550	0.01831	0.02385	0.01258	0.01446	0.01016	0.00690	0.00606	0.00195	0.00900	0.00513	0.00384	0.01047
46	0.01705	0.01078	0.01144	0.01050	0.01347	0.01161	0.00811	0.02713	0.26845	0.07905	0.02688	0.02750	0.02036	0.00923	0.00626	0.00207	0.00459	0.00752	0.42881	0.00918
47	0.00941	0.00674	0.00897	0.01030	0.01101	0.00630	0.00712	0.01117	0.01549	0.02092	0.15087	0.59238	0.05240	0.02177	0.00939	0.00292	0.00427	0.04525	0.00711	0.00623
48	0.01485	0.05674	0.09388	0.02131	0.16521	0.01601	0.01522	0.02003	0.08615	0.02216	0.05182	0.10502	0.12335	0.01236	0.01128	0.00258	0.15825	0.00973	0.00492	0.00914
49	0.06874	0.01937	0.02490	0.13216	0.35750	0.13486	0.01888	0.02404	0.01705	0.07172	0.01408	0.01772	0.01125	0.00747	0.00803	0.00226	0.04933	0.00619	0.00408	0.01035
50	0.79154	0.01436	0.01091	0.00976	0.01436	0.01665	0.00804	0.02182	0.01263	0.03331	0.01034	0.01206	0.00804	0.00689	0.00459	0.00230	0.00574	0.00402	0.00459	0.00804
51	0.75092	0.01426	0.01125	0.00995	0.01460	0.01635	0.00819	0.02259	0.01310	0.06891	0.01135	0.01277	0.00859	0.00701	0.00475	0.00230	0.00577	0.00420	0.00484	0.00829
52	0.01837	0.01764	0.03013	0.04557	0.69279	0.01764	0.02278	0.02278	0.01690	0.02425	0.01396	0.01837	0.01176	0.00661	0.00735	0.00220	0.00882	0.00661	0.00367	0.01176
53	0.01041	0.00758	0.00979	0.00924	0.01103	0.00697	0.00693	0.01383	0.02079	0.02925	0.65600	0.05631	0.10324	0.01537	0.00876	0.00234	0.00352	0.01355	0.00810	0.00697
54	0.00904	0.00646	0.00861	0.01034	0.01077	0.00603	0.00689	0.01034	0.01421	0.01895	0.04092	0.73426	0.04910	0.02326	0.00948	0.00301	0.00431	0.02110	0.00689	0.00603
55	0.00877	0.00752	0.00752	0.00752	0.01003	0.00627	0.00564	0.01065	0.01692	0.02005	0.07520	0.07144	0.68978	0.01880	0.00877	0.00251	0.00376	0.01567	0.00689	0.00627
56	0.01539	0.01319	0.01539	0.01100	0.01759	0.00990	0.00880	0.01869	0.01539	0.02419	0.01319	0.01539	0.01100	0.00550	0.00550	0.00110	0.00550	0.00440	0.00440	0.78449
57	0.01051	0.00759	0.00992	0.00934	0.01109	0.00700	0.00700	0.01401	0.02101	0.02977	0.68888	0.05545	0.07005	0.01518	0.00876	0.00233	0.00350	0.01343	0.00817	0.00700
58	0.01080	0.00720	0.00810	0.00810	0.00810	0.00720	0.00450	0.01080	0.01080	0.01439	0.02339	0.04858	0.02699	0.73910	0.03779	0.00720	0.00720	0.01080	0.00450	0.00450
59	0.03331	0.01263	0.01723	0.01321	0.01895	0.01091	0.01091	0.03618	0.02125	0.69794	0.02929	0.02527	0.01838	0.00919	0.00747	0.00230	0.00632	0.00747	0.00919	0.01263
60	0.00989	0.00756	0.00907	0.00869	0.01071	0.00674	0.00652	0.01282	0.01956	0.02633	0.47134	0.06112	0.28974	0.01646	0.00876	0.00240	0.00359	0.01422	0.00772	0.00674
61	0.79154	0.01436	0.01091	0.00976	0.01436	0.01665	0.00804	0.02182	0.01263	0.03331	0.01034	0.01206	0.00804	0.00689	0.00459	0.00230	0.00574	0.00402	0.00459	0.00804
62	0.01402	0.01319	0.02227	0.72126	0.05113	0.01649	0.02062	0.01897	0.01484	0.01897	0.01319	0.01979	0.00990	0.00742	0.00742	0.00247	0.00990	0.00660	0.00330	0.00825
63	0.03331	0.01263	0.01723	0.01321	0.01895	0.01091	0.01091	0.03618	0.02125	0.69794	0.02929	0.02527	0.01838	0.00919	0.00747	0.00230	0.00632	0.00747	0.00919	0.01263
64	0.01752	0.02003	0.04380	0.03129	0.03880	0.01877	0.66583	0.02378	0.01752	0.02378	0.01502	0.02003	0.01126	0.00626	0.00876	0.00250	0.01252	0.00876	0.00375	0.01001
65	0.01489	0.03840	0.70064	0.02116	0.03213	0.01724	0.02743	0.02351	0.01567	0.02351	0.01332	0.01567	0.00940	0.00705	0.00705	0.00235	0.01097	0.00549	0.00313	0.01097
66	0.00904	0.00646	0.00861	0.01034	0.01077	0.00603	0.00689	0.01034	0.01421	0.01895	0.04092	0.73426	0.04910	0.02326	0.00948	0.00301	0.00431	0.02110	0.00689	0.00603
67	0.02379	0.01187	0.01382	0.01130	0.01534	0.01173	0.00910	0.16113	0.02166	0.26988	0.02467	0.02474	0.01745	0.00890	0.00647	0.00204	0.00547	0.00706	0.34343	0.01015
