[name]
unknown

[dist]
# distance from previous block
# <min> <max>
0	2

[block]
# block no. 0 follows, 27 sequences, length 19
# corresponding to MSA columns:
# 3-21
name=unknown_A
#
# <colnr> <probs for GDERKNQSTAVLIFYWHMCP>
#	G	D	E	R	K	N	Q	S	T	A	V	L	I	F	Y	W	H	M	C	P
0	0.01112	0.00803	0.01111	0.01187	0.01345	0.00802	0.00971	0.01430	0.01730	0.02353	0.23289	0.11096	0.04776	0.02441	0.11562	0.00435	0.00763	0.31432	0.00681	0.00680
1	0.01121	0.00952	0.01300	0.01431	0.05882	0.01051	0.00983	0.01288	0.01418	0.01924	0.03742	0.42872	0.13432	0.01921	0.01249	0.00293	0.16252	0.01610	0.00588	0.00691
2	0.01463	0.01238	0.01833	0.19642	0.16680	0.01312	0.01436	0.07937	0.01964	0.02685	0.27040	0.03612	0.07905	0.01106	0.00800	0.00234	0.00670	0.00977	0.00584	0.00881
3	0.02276	0.01795	0.02441	0.01905	0.02466	0.01911	0.15566	0.22492	0.27082	0.10466	0.02306	0.02279	0.01669	0.00879	0.00777	0.00240	0.00807	0.00786	0.00686	0.01173
4	0.01485	0.01196	0.01491	0.01306	0.01538	0.04013	0.06103	0.13212	0.01707	0.02257	0.02532	0.10194	0.06355	0.25552	0.17138	0.00605	0.01035	0.01030	0.00520	0.00730
5	0.02059	0.02011	0.01762	0.01550	0.01936	0.18354	0.01209	0.12754	0.28185	0.02790	0.02932	0.02862	0.11753	0.01081	0.00855	0.00237	0.05209	0.00824	0.00627	0.01008
6	0.02182	0.01647	0.01625	0.01421	0.01801	0.11826	0.01100	0.13685	0.15471	0.15664	0.10054	0.15027	0.02808	0.01222	0.00786	0.00240	0.00694	0.01017	0.00724	0.01006
7	0.24428	0.13555	0.02008	0.01454	0.01894	0.30699	0.01168	0.06437	0.01856	0.02510	0.06569	0.01643	0.01416	0.00791	0.00600	0.00203	0.00924	0.00525	0.00452	0.00871
8	0.62130	0.06705	0.01437	0.01141	0.01600	0.12444	0.00933	0.02306	0.01410	0.02990	0.01051	0.01225	0.00838	0.00697	0.00493	0.00219	0.00707	0.00413	0.00438	0.00823
9	0.01894	0.01498	0.01937	0.01685	0.03902	0.10252	0.11182	0.02170	0.01715	0.16613	0.02999	0.16871	0.10288	0.01606	0.05989	0.00321	0.06509	0.01096	0.00591	0.00881
10	0.01710	0.01603	0.02579	0.13385	0.45385	0.01578	0.01941	0.02135	0.01628	0.02349	0.01369	0.01792	0.01133	0.00648	0.00695	0.00200	0.00824	0.00613	0.00378	0.18054
11	0.00940	0.00754	0.00839	0.00818	0.01041	0.00653	0.00613	0.01186	0.01840	0.02356	0.29632	0.06568	0.46648	0.01750	0.00877	0.00244	0.00367	0.01486	0.00735	0.00653
12	0.01061	0.00795	0.01193	0.01193	0.01326	0.00928	0.00928	0.01326	0.01193	0.01723	0.01988	0.02916	0.01856	0.05568	0.70968	0.01193	0.01988	0.00795	0.00398	0.00663
13	0.02426	0.23798	0.02621	0.01578	0.02094	0.12954	0.01341	0.22669	0.08582	0.07691	0.01606	0.01674	0.01240	0.00836	0.00768	0.00209	0.05720	0.00578	0.00545	0.01069
14	0.00943	0.00662	0.00850	0.00985	0.01018	0.00629	0.00637	0.01044	0.01346	0.01795	0.03708	0.58405	0.04426	0.18007	0.01568	0.00393	0.00494	0.01885	0.00637	0.00569
15	0.02509	0.01877	0.02010	0.01593	0.02104	0.02082	0.01284	0.51070	0.12955	0.04133	0.02022	0.02225	0.01551	0.07884	0.01035	0.00275	0.00773	0.00733	0.00717	0.01172
16	0.21673	0.01516	0.01733	0.12048	0.02333	0.01646	0.01234	0.21592	0.02171	0.18968	0.01950	0.06692	0.01488	0.00922	0.00687	0.00235	0.00713	0.00716	0.00647	0.01037
17	0.65507	0.01393	0.01125	0.01014	0.01433	0.01607	0.00811	0.02262	0.07618	0.03158	0.01328	0.01648	0.01096	0.06592	0.00754	0.00271	0.00587	0.00498	0.00487	0.00811
18	0.08003	0.01636	0.02551	0.24003	0.38442	0.01773	0.02013	0.08322	0.01767	0.02557	0.01381	0.01823	0.01099	0.00710	0.00716	0.00229	0.00883	0.00641	0.00400	0.01050

[dist]
# distance from previous block
# <min> <max>
1	26

[block]
# block no. 1 follows, 27 sequences, length 39
# corresponding to MSA columns:
# 54-92
name=unknown_B
#
# <colnr> <probs for GDERKNQSTAVLIFYWHMCP>
#	G	D	E	R	K	N	Q	S	T	A	V	L	I	F	Y	W	H	M	C	P
0	0.05202	0.06646	0.09197	0.14894	0.23209	0.05056	0.03957	0.07961	0.01825	0.09012	0.01508	0.01796	0.01146	0.00722	0.00699	0.00218	0.00891	0.00618	0.00447	0.04997
1	0.14919	0.08737	0.01861	0.01454	0.03867	0.01711	0.01161	0.10513	0.01711	0.08735	0.04825	0.02452	0.07353	0.01705	0.11317	0.00383	0.15156	0.00724	0.00521	0.00895
2	0.02141	0.21476	0.11116	0.01575	0.02109	0.20476	0.01441	0.08583	0.01894	0.06504	0.01955	0.02081	0.07664	0.01051	0.03269	0.00242	0.04394	0.00626	0.00453	0.00948
3	0.17155	0.08160	0.10442	0.01654	0.04882	0.04744	0.04487	0.16705	0.02101	0.15784	0.05616	0.01950	0.01531	0.00822	0.00672	0.00222	0.00786	0.00635	0.00589	0.01062
4	0.04228	0.08133	0.35634	0.04290	0.04813	0.12235	0.02013	0.05017	0.01712	0.02351	0.01292	0.01522	0.00985	0.00694	0.00657	0.00204	0.00994	0.00519	0.00367	0.12340
5	0.05071	0.11549	0.07624	0.01330	0.01705	0.04376	0.01159	0.10423	0.01645	0.05457	0.01785	0.02496	0.01595	0.11788	0.28070	0.00650	0.01278	0.00705	0.00459	0.00836
6	0.01867	0.08595	0.23586	0.21243	0.05518	0.04158	0.07093	0.02479	0.04046	0.12038	0.01606	0.01866	0.01156	0.00746	0.00716	0.00231	0.00969	0.00632	0.00432	0.01024
7	0.02221	0.02520	0.02572	0.06687	0.02677	0.31182	0.13177	0.07977	0.01880	0.02161	0.01234	0.01608	0.01020	0.00882	0.01155	0.00241	0.18887	0.00620	0.00394	0.00906
8	0.01859	0.14716	0.06022	0.35635	0.07982	0.02038	0.01822	0.16625	0.01958	0.02554	0.01378	0.01764	0.01054	0.00749	0.00692	0.00224	0.00914	0.00609	0.00422	0.00983
9	0.00985	0.00756	0.00901	0.00865	0.01069	0.00672	0.00649	0.01273	0.01946	0.02607	0.45544	0.06154	0.30579	0.01656	0.00876	0.00240	0.00360	0.01428	0.00769	0.00672
10	0.01529	0.12317	0.58678	0.01956	0.02953	0.01824	0.02465	0.02290	0.01586	0.02307	0.04516	0.01711	0.01231	0.00735	0.00685	0.00226	0.01024	0.00568	0.00338	0.01061
11	0.00907	0.00695	0.00832	0.00920	0.01052	0.00620	0.00644	0.01077	0.01581	0.02030	0.10997	0.42839	0.28958	0.02090	0.00915	0.00277	0.00403	0.01841	0.00700	0.00620
12	0.00917	0.00693	0.00852	0.00972	0.01087	0.00628	0.00688	0.01080	0.01524	0.01952	0.05122	0.48598	0.24336	0.02171	0.00932	0.00289	0.00432	0.06421	0.00689	0.00616
13	0.01759	0.01927	0.03255	0.02502	0.02881	0.06551	0.32195	0.02142	0.01489	0.02067	0.01234	0.01784	0.01045	0.00947	0.01587	0.00281	0.34353	0.00745	0.00352	0.00904
14	0.02130	0.50506	0.09769	0.01497	0.02124	0.16405	0.01449	0.05026	0.01714	0.01938	0.01114	0.01281	0.00965	0.00678	0.00548	0.00175	0.00933	0.00439	0.00348	0.00961
15	0.00998	0.00686	0.00834	0.00914	0.00934	0.00666	0.00561	0.01058	0.01238	0.01651	0.03153	0.36686	0.03725	0.40682	0.02464	0.00526	0.00586	0.01558	0.00561	0.00521
16	0.01573	0.15763	0.58875	0.01973	0.02992	0.01929	0.02494	0.02329	0.01557	0.02249	0.01281	0.01504	0.00942	0.00693	0.00667	0.00222	0.01046	0.00523	0.00314	0.01073
17	0.01080	0.00720	0.00810	0.00810	0.00810	0.00720	0.00450	0.01080	0.01080	0.01439	0.02339	0.04858	0.02699	0.73910	0.03779	0.00720	0.00720	0.01080	0.00450	0.00450
18	0.02153	0.01907	0.01852	0.01444	0.02024	0.11689	0.01153	0.22947	0.07199	0.03105	0.01569	0.01680	0.01218	0.00724	0.00644	0.00168	0.00753	0.00548	0.00552	0.36671
19	0.01419	0.01401	0.02684	0.02179	0.06822	0.01312	0.31377	0.01894	0.01892	0.02614	0.30103	0.03741	0.07045	0.01066	0.00867	0.00241	0.00804	0.01093	0.00576	0.00867
20	0.02443	0.01453	0.01913	0.02008	0.16950	0.01455	0.01313	0.18515	0.02240	0.23878	0.02189	0.02240	0.01561	0.00842	0.00693	0.00214	0.00671	0.00696	0.17608	0.01119
21	0.02385	0.01658	0.01761	0.01399	0.01865	0.01813	0.01140	0.47026	0.02903	0.04098	0.01977	0.02082	0.01457	0.00883	0.00675	0.00208	0.00674	0.00676	0.24233	0.01089
22	0.08948	0.13881	0.13655	0.01873	0.02507	0.10195	0.13365	0.16269	0.02034	0.02755	0.01563	0.06747	0.01322	0.00842	0.00699	0.00222	0.00950	0.00701	0.00467	0.01003
23	0.01784	0.07938	0.02172	0.10896	0.09923	0.09004	0.07637	0.02579	0.17495	0.02470	0.01962	0.02199	0.01532	0.00806	0.00675	0.00215	0.00779	0.00689	0.18295	0.00950
24	0.00960	0.00755	0.00866	0.00839	0.01053	0.00662	0.00629	0.01225	0.01887	0.02467	0.36687	0.06384	0.39523	0.01708	0.00877	0.00243	0.00364	0.01460	0.00750	0.00662
25	0.01847	0.12397	0.02588	0.26883	0.21636	0.01878	0.01804	0.04440	0.09872	0.07144	0.01639	0.01953	0.01263	0.00754	0.00702	0.00225	0.00850	0.00650	0.00446	0.01029
26	0.00974	0.00756	0.00886	0.00853	0.01062	0.00668	0.00640	0.01252	0.01920	0.02545	0.41629	0.06256	0.34533	0.01679	0.00876	0.00241	0.00362	0.01442	0.00760	0.00668
27	0.02822	0.02079	0.02228	0.01708	0.02302	0.02302	0.01411	0.66804	0.03490	0.04679	0.01782	0.01782	0.01262	0.00891	0.00743	0.00223	0.00817	0.00668	0.00743	0.01262
28	0.01731	0.14950	0.05062	0.01530	0.06814	0.01549	0.03377	0.06223	0.01680	0.02439	0.01309	0.01529	0.01083	0.00605	0.00580	0.00144	0.00682	0.00482	0.00424	0.47807
29	0.02042	0.69259	0.03762	0.01316	0.01933	0.07832	0.01282	0.02276	0.01551	0.01752	0.01040	0.01202	0.00953	0.00644	0.00490	0.00161	0.00833	0.00403	0.00322	0.00946
30	0.46339	0.01564	0.06285	0.01397	0.05980	0.01579	0.01102	0.07682	0.01530	0.03031	0.01643	0.13154	0.01556	0.00995	0.00669	0.00244	0.03151	0.00741	0.00501	0.00857
31	0.01696	0.01950	0.08565	0.28732	0.10383	0.05077	0.25859	0.04533	0.01711	0.02257	0.01404	0.01903	0.01062	0.00695	0.00784	0.00241	0.01095	0.00722	0.00366	0.00963
32	0.01067	0.00768	0.01055	0.01055	0.01140	0.00853	0.00756	0.01237	0.01152	0.01621	0.02115	0.03616	0.02160	0.30186	0.46765	0.01023	0.01531	0.00898	0.00416	0.00586
33	0.00911	0.00744	0.00805	0.00809	0.01028	0.00638	0.00599	0.01123	0.01742	0.02170	0.18253	0.12614	0.52274	0.01854	0.00883	0.00252	0.00376	0.01574	0.00712	0.00638
34	0.01990	0.00962	0.01165	0.01015	0.01355	0.00882	0.00795	0.02361	0.05187	0.27557	0.07483	0.08227	0.14568	0.01209	0.00729	0.00224	0.00476	0.01008	0.21896	0.00912
35	0.15614	0.01178	0.01418	0.01150	0.01626	0.01090	0.00936	0.02829	0.01917	0.43370	0.08973	0.03205	0.11405	0.01065	0.00727	0.00233	0.00562	0.00854	0.00801	0.01049
36	0.02031	0.01628	0.01738	0.01477	0.01923	0.01821	0.01172	0.23746	0.37625	0.03521	0.07696	0.02974	0.07186	0.01071	0.00769	0.00241	0.00629	0.00874	0.00751	0.01129
37	0.79154	0.01436	0.01091	0.00976	0.01436	0.01665	0.00804	0.02182	0.01263	0.03331	0.01034	0.01206	0.00804	0.00689	0.00459	0.00230	0.00574	0.00402	0.00459	0.00804
38	0.01498	0.01118	0.01299	0.01219	0.01516	0.01167	0.00961	0.04455	0.23936	0.06611	0.21566	0.07264	0.12076	0.01445	0.00849	0.00260	0.00516	0.10591	0.00760	0.00894

[dist]
# distance from previous block
# <min> <max>
0	20

[block]
# block no. 2 follows, 27 sequences, length 75
# corresponding to MSA columns:
# 113-187
name=unknown_C
#
# <colnr> <probs for GDERKNQSTAVLIFYWHMCP>
#	G	D	E	R	K	N	Q	S	T	A	V	L	I	F	Y	W	H	M	C	P
0	0.01067	0.00769	0.01058	0.01058	0.01144	0.00855	0.00760	0.01239	0.01153	0.01623	0.02112	0.03599	0.02152	0.29604	0.47337	0.01027	0.01542	0.00895	0.00416	0.00588
1	0.01969	0.61986	0.12783	0.01387	0.02082	0.02702	0.01463	0.02294	0.01540	0.04441	0.01146	0.01293	0.00985	0.00656	0.00518	0.00172	0.00829	0.00431	0.00340	0.00984
2	0.01513	0.01270	0.01378	0.01261	0.01597	0.01392	0.00972	0.02912	0.42381	0.02917	0.19749	0.04074	0.12971	0.01257	0.00802	0.00247	0.00499	0.01066	0.00761	0.00981
3	0.01810	0.02043	0.11179	0.02274	0.15414	0.10966	0.06704	0.11469	0.04213	0.02565	0.04559	0.15844	0.02134	0.01296	0.03886	0.00281	0.00924	0.00958	0.00511	0.00970
4	0.07182	0.03279	0.50362	0.02012	0.02961	0.01828	0.05347	0.13558	0.01889	0.02826	0.01398	0.01600	0.00996	0.00733	0.00703	0.00233	0.01019	0.00574	0.00401	0.01101
5	0.00994	0.00710	0.00965	0.01137	0.01219	0.00681	0.00846	0.01189	0.01510	0.01996	0.04042	0.53356	0.04713	0.02241	0.00972	0.00314	0.00509	0.21291	0.00687	0.00628
6	0.24729	0.01659	0.01638	0.01339	0.01821	0.01857	0.01092	0.33322	0.08624	0.03881	0.01767	0.01841	0.01310	0.00840	0.00631	0.00221	0.00661	0.00610	0.11114	0.01044
7	0.00960	0.00712	0.00909	0.01045	0.01159	0.00661	0.00770	0.01147	0.01539	0.01987	0.04774	0.45839	0.18153	0.02175	0.00949	0.00299	0.00473	0.15135	0.00688	0.00625
8	0.01837	0.01764	0.03013	0.04557	0.69279	0.01764	0.02278	0.02278	0.01690	0.02425	0.01396	0.01837	0.01176	0.00661	0.00735	0.00220	0.00882	0.00661	0.00367	0.01176
9	0.01372	0.01205	0.01595	0.01421	0.01421	0.01553	0.01080	0.01459	0.01110	0.01626	0.01607	0.03124	0.01774	0.34967	0.03059	0.00508	0.39245	0.00849	0.00383	0.00644
10	0.01444	0.01313	0.02185	0.51756	0.04257	0.01547	0.06386	0.04868	0.01623	0.02102	0.01812	0.05953	0.01608	0.00979	0.00797	0.00261	0.00936	0.08929	0.00414	0.00829
11	0.01402	0.01319	0.02227	0.72126	0.05113	0.01649	0.02062	0.01897	0.01484	0.01897	0.01319	0.01979	0.00990	0.00742	0.00742	0.00247	0.00990	0.00660	0.00330	0.00825
12	0.45900	0.01450	0.01587	0.16796	0.02350	0.01789	0.01251	0.02037	0.01285	0.02694	0.01084	0.01463	0.00880	0.00828	0.00934	0.00253	0.15695	0.00510	0.00403	0.00810
13	0.00962	0.00709	0.00806	0.00856	0.00951	0.00655	0.00557	0.01062	0.01380	0.01757	0.04546	0.25542	0.25049	0.29507	0.02005	0.00445	0.00523	0.01539	0.00598	0.00552
14	0.01985	0.74357	0.03890	0.01270	0.01905	0.02937	0.01270	0.02223	0.01508	0.01747	0.01032	0.01191	0.00953	0.00635	0.00476	0.00159	0.00794	0.00397	0.00318	0.00953
15	0.01874	0.02404	0.16062	0.01707	0.02099	0.19000	0.01543	0.08556	0.01698	0.02138	0.01472	0.02196	0.01345	0.13822	0.05949	0.00385	0.15819	0.00671	0.00405	0.00857
16	0.01497	0.03702	0.65856	0.02106	0.03135	0.01758	0.02673	0.02316	0.01541	0.02316	0.01310	0.01571	0.00943	0.00742	0.00813	0.00241	0.05532	0.00555	0.00314	0.01079
17	0.01204	0.00794	0.01034	0.00954	0.01160	0.00725	0.00723	0.01544	0.02088	0.07628	0.61943	0.05394	0.08983	0.01489	0.00867	0.00234	0.00371	0.01309	0.00820	0.00737
18	0.01030	0.00859	0.01050	0.01020	0.01181	0.00878	0.00774	0.01243	0.01644	0.02161	0.19386	0.16758	0.33075	0.01917	0.03479	0.00297	0.10471	0.01453	0.00657	0.00666
19	0.02048	0.35687	0.03136	0.10910	0.16042	0.14320	0.01607	0.04596	0.01715	0.02018	0.01188	0.01467	0.01014	0.00685	0.00605	0.00190	0.00932	0.00507	0.00355	0.00977
20	0.01379	0.01031	0.01132	0.01067	0.01219	0.01109	0.00719	0.05917	0.19001	0.02115	0.02609	0.08923	0.02650	0.45004	0.02589	0.00535	0.00670	0.01063	0.00566	0.00704
21	0.01309	0.01313	0.10923	0.06219	0.01841	0.01009	0.05146	0.01755	0.04325	0.04479	0.07623	0.21326	0.09123	0.01344	0.00769	0.00241	0.00597	0.01182	0.18690	0.00787
22	0.01080	0.00720	0.00810	0.00810	0.00810	0.00720	0.00450	0.01080	0.01080	0.01439	0.02339	0.04858	0.02699	0.73910	0.03779	0.00720	0.00720	0.01080	0.00450	0.00450
23	0.00904	0.00646	0.00861	0.01034	0.01077	0.00603	0.00689	0.01034	0.01421	0.01895	0.04092	0.73426	0.04910	0.02326	0.00948	0.00301	0.00431	0.02110	0.00689	0.00603
24	0.02337	0.02229	0.15134	0.01705	0.02348	0.01979	0.01581	0.32760	0.20478	0.08522	0.02114	0.02062	0.01514	0.00889	0.00739	0.00234	0.00795	0.00697	0.00676	0.01207
25	0.02273	0.02800	0.31055	0.01868	0.02675	0.02015	0.01966	0.37228	0.02626	0.05926	0.01630	0.01716	0.01145	0.00813	0.00727	0.00228	0.00930	0.00620	0.00566	0.01192
26	0.02149	0.59569	0.03517	0.01404	0.01987	0.17135	0.01305	0.02378	0.01633	0.01761	0.01056	0.01222	0.00953	0.00662	0.00517	0.00166	0.00908	0.00414	0.00331	0.00933
27	0.01061	0.00795	0.01193	0.01193	0.01326	0.00928	0.00928	0.01326	0.01193	0.01723	0.01988	0.02916	0.01856	0.05568	0.70968	0.01193	0.01988	0.00795	0.00398	0.00663
28	0.01632	0.01972	0.16311	0.18921	0.17657	0.01675	0.01908	0.02607	0.19192	0.02490	0.01868	0.02127	0.01423	0.00796	0.00721	0.00235	0.00837	0.00687	0.05899	0.01042
29	0.01837	0.01764	0.03013	0.04557	0.69279	0.01764	0.02278	0.02278	0.01690	0.02425	0.01396	0.01837	0.01176	0.00661	0.00735	0.00220	0.00882	0.00661	0.00367	0.01176
30	0.00903	0.00650	0.00857	0.01023	0.01074	0.00604	0.00684	0.01035	0.01432	0.01899	0.04227	0.70811	0.07437	0.02308	0.00945	0.00299	0.00429	0.02089	0.00689	0.00604
31	0.02419	0.01052	0.01402	0.01154	0.01540	0.00934	0.00901	0.02676	0.01952	0.42886	0.17735	0.06428	0.03241	0.10817	0.01187	0.00299	0.00572	0.00981	0.00824	0.01001
32	0.01073	0.00730	0.00830	0.00840	0.00868	0.00722	0.00504	0.01107	0.01162	0.01528	0.02801	0.05237	0.07446	0.64397	0.03404	0.00663	0.00693	0.05037	0.00481	0.00477
33	0.00904	0.00646	0.00861	0.01034	0.01077	0.00603	0.00689	0.01034	0.01421	0.01895	0.04092	0.73426	0.04910	0.02326	0.00948	0.00301	0.00431	0.02110	0.00689	0.00603
34	0.01446	0.01187	0.04909	0.01470	0.01827	0.01058	0.16872	0.01884	0.01631	0.02559	0.02407	0.03494	0.02078	0.01004	0.00702	0.00224	0.00660	0.11727	0.42075	0.00785
35	0.01894	0.09621	0.07234	0.14077	0.18746	0.01858	0.01734	0.02712	0.17456	0.09204	0.01852	0.02049	0.01417	0.00830	0.00835	0.00235	0.06004	0.00675	0.00497	0.01070
36	0.04576	0.20918	0.03175	0.02049	0.02616	0.27398	0.19662	0.07067	0.01926	0.02203	0.01259	0.01515	0.01020	0.00700	0.00677	0.00203	0.01116	0.00580	0.00392	0.00950
37	0.01402	0.01319	0.02227	0.72126	0.05113	0.01649	0.02062	0.01897	0.01484	0.01897	0.01319	0.01979	0.00990	0.00742	0.00742	0.00247	0.00990	0.00660	0.00330	0.00825
38	0.01395	0.01191	0.01414	0.01292	0.01427	0.06130	0.00994	0.04559	0.01602	0.02202	0.21975	0.03426	0.03186	0.09368	0.16017	0.05977	0.15697	0.00920	0.00525	0.00702
39	0.00897	0.00730	0.00795	0.00828	0.01027	0.00628	0.00602	0.01086	0.01667	0.02060	0.11721	0.21327	0.50155	0.01947	0.00892	0.00260	0.00386	0.01666	0.00700	0.00628
40	0.01575	0.16112	0.58547	0.01969	0.02985	0.01935	0.02487	0.02329	0.01557	0.02246	0.01280	0.01502	0.00943	0.00693	0.00665	0.00222	0.01044	0.00522	0.00314	0.01072
41	0.01020	0.00722	0.00800	0.00812	0.00874	0.00690	0.00494	0.01073	0.01248	0.01605	0.03685	0.10208	0.18503	0.51882	0.02895	0.00580	0.00618	0.01267	0.00523	0.00502
42	0.01624	0.01624	0.02274	0.01949	0.01949	0.02274	0.01624	0.01787	0.01137	0.01787	0.00975	0.01624	0.00975	0.01299	0.02436	0.00325	0.72552	0.00650	0.00325	0.00812
43	0.02632	0.09442	0.02156	0.01659	0.02131	0.32310	0.01315	0.11387	0.13686	0.13341	0.01831	0.01822	0.01365	0.00836	0.00688	0.00209	0.00975	0.00601	0.00574	0.01041
44	0.01989	0.01667	0.03254	0.21066	0.03793	0.01653	0.35781	0.02509	0.01759	0.16327	0.01751	0.02106	0.01239	0.00718	0.00814	0.00245	0.01053	0.00792	0.00477	0.01009
45	0.63321	0.01400	0.01223	0.01048	0.01532	0.01545	0.00864	0.02482	0.01443	0.17209	0.01429	0.01482	0.01020	0.00737	0.00519	0.00230	0.00586	0.00474	0.00555	0.00900
46	0.79154	0.01436	0.01091	0.00976	0.01436	0.01665	0.00804	0.02182	0.01263	0.03331	0.01034	0.01206	0.00804	0.00689	0.00459	0.00230	0.00574	0.00402	0.00459	0.00804
47	0.01626	0.01508	0.02283	0.35367	0.19620	0.01753	0.01876	0.02488	0.17900	0.02317	0.01742	0.02124	0.01348	0.00813	0.00819	0.00245	0.04028	0.00704	0.00444	0.00995
48	0.01364	0.01242	0.01775	0.01600	0.01661	0.01653	0.01303	0.01574	0.01163	0.01757	0.01442	0.02220	0.01381	0.03269	0.34059	0.00725	0.39992	0.00717	0.00358	0.00743
49	0.01432	0.01242	0.01712	0.01530	0.01595	0.01641	0.01247	0.01654	0.01225	0.01939	0.01495	0.02166	0.01370	0.02362	0.20378	0.00530	0.41250	0.00696	0.13782	0.00752
50	0.01864	0.01647	0.02483	0.29227	0.28044	0.01829	0.01961	0.14646	0.06118	0.02702	0.01544	0.01939	0.01191	0.00758	0.00740	0.00233	0.00891	0.00673	0.00450	0.01060
51	0.00977	0.00742	0.00897	0.00978	0.01132	0.00679	0.00736	0.01180	0.01608	0.02049	0.09516	0.25983	0.28850	0.06490	0.01109	0.00312	0.00476	0.14979	0.00682	0.00626
52	0.01402	0.01319	0.02227	0.72126	0.05113	0.01649	0.02062	0.01897	0.01484	0.01897	0.01319	0.01979	0.00990	0.00742	0.00742	0.00247	0.00990	0.00660	0.00330	0.00825
53	0.00943	0.00755	0.00843	0.00821	0.01043	0.00655	0.00616	0.01192	0.01847	0.02372	0.30694	0.06541	0.45576	0.01743	0.00877	0.00244	0.00366	0.01482	0.00738	0.00655
54	0.01539	0.01319	0.01539	0.01100	0.01759	0.00990	0.00880	0.01869	0.01539	0.02419	0.01319	0.01539	0.01100	0.00550	0.00550	0.00110	0.00550	0.00440	0.00440	0.78449
55	0.01763	0.01703	0.02695	0.20908	0.46444	0.04110	0.02119	0.02325	0.06301	0.02322	0.01483	0.01921	0.01199	0.00709	0.00736	0.00228	0.00903	0.00667	0.00386	0.01078
56	0.01700	0.03200	0.49099	0.02290	0.03263	0.01709	0.17612	0.02460	0.01656	0.07813	0.01501	0.01747	0.01057	0.00704	0.00749	0.00238	0.01096	0.00642	0.00377	0.01088
57	0.74448	0.01425	0.01130	0.00998	0.01464	0.01630	0.00822	0.02271	0.01317	0.07456	0.01151	0.01288	0.00868	0.00703	0.00477	0.00230	0.00578	0.00423	0.00488	0.00832
58	0.01465	0.01359	0.02148	0.62055	0.04659	0.01677	0.01935	0.02189	0.10962	0.02069	0.01562	0.02092	0.01172	0.00780	0.00744	0.00248	0.00932	0.00685	0.00391	0.00875
59	0.21688	0.28404	0.02464	0.01337	0.01871	0.09353	0.01167	0.17330	0.01972	0.02885	0.01284	0.01421	0.01032	0.00733	0.00556	0.00196	0.00779	0.00484	0.04077	0.00966
60	0.01056	0.00764	0.01029	0.01186	0.01314	0.00737	0.00946	0.01302	0.01595	0.02076	0.04288	0.33749	0.09826	0.02144	0.00983	0.00319	0.00559	0.34793	0.00686	0.00647
61	0.01493	0.01516	0.13255	0.01748	0.12353	0.01138	0.01339	0.02015	0.06278	0.06584	0.03027	0.13180	0.09392	0.01213	0.00749	0.00238	0.00634	0.05309	0.17652	0.00888
62	0.01062	0.00789	0.01163	0.01163	0.01285	0.00911	0.00890	0.01306	0.01184	0.01701	0.02016	0.03071	0.01923	0.10998	0.65630	0.01155	0.01888	0.00818	0.00402	0.00646
63	0.01438	0.01314	0.01184	0.01205	0.01387	0.15338	0.00876	0.01633	0.01729	0.05214	0.12707	0.36541	0.10255	0.01768	0.00867	0.00263	0.00625	0.04297	0.00653	0.00707
64	0.06867	0.01723	0.02018	0.06748	0.11578	0.04033	0.01351	0.24029	0.02221	0.03187	0.01464	0.01666	0.01135	0.00711	0.00653	0.00183	0.00746	0.00563	0.00524	0.28602
65	0.02152	0.21572	0.16612	0.01586	0.02206	0.10683	0.01539	0.09514	0.09421	0.09710	0.01641	0.01751	0.01253	0.00903	0.00808	0.05693	0.00877	0.00574	0.00486	0.01019
66	0.02238	0.02127	0.01791	0.01596	0.01917	0.27388	0.01231	0.13422	0.02053	0.08759	0.02012	0.14261	0.01876	0.01618	0.08220	0.00335	0.06845	0.00867	0.00546	0.00899
67	0.03141	0.01429	0.01808	0.01401	0.01969	0.01354	0.01153	0.14685	0.06855	0.53860	0.02735	0.02413	0.01766	0.00920	0.00746	0.00230	0.00661	0.00739	0.00877	0.01257
68	0.02411	0.02809	0.17024	0.01832	0.02460	0.20716	0.01684	0.28593	0.09636	0.03223	0.01645	0.01721	0.01217	0.00829	0.00716	0.00220	0.00995	0.00609	0.00552	0.01108
69	0.01159	0.00744	0.00954	0.01018	0.01166	0.00675	0.00730	0.01347	0.01623	0.08473	0.11911	0.45157	0.15431	0.02015	0.00912	0.00280	0.00443	0.04553	0.00725	0.00684
70	0.01119	0.00732	0.00896	0.00906	0.01017	0.00752	0.00639	0.01321	0.01362	0.02014	0.06953	0.09452	0.07481	0.22181	0.20569	0.00617	0.00901	0.01041	0.19439	0.00607
71	0.01270	0.00943	0.01004	0.00954	0.01242	0.00904	0.00725	0.01853	0.14888	0.06765	0.05750	0.09774	0.42559	0.01599	0.00824	0.00247	0.00436	0.01340	0.06143	0.00781
72	0.01988	0.01108	0.01331	0.01138	0.01465	0.01104	0.00878	0.09024	0.09090	0.20991	0.16130	0.03465	0.03011	0.11348	0.03542	0.00325	0.00606	0.00911	0.11618	0.00925
73	0.24336	0.01632	0.01674	0.01364	0.01883	0.04040	0.01111	0.18552	0.11113	0.23950	0.02069	0.01967	0.01435	0.00854	0.00663	0.00230	0.00679	0.00634	0.00706	0.01108
74	0.02801	0.01965	0.02139	0.01656	0.02236	0.02152	0.01363	0.56119	0.08028	0.10882	0.01983	0.01926	0.01391	0.00902	0.00744	0.00226	0.00782	0.00688	0.00761	0.01256

[dist]
# distance from previous block
# <min> <max>
0	7

[block]
# block no. 3 follows, 27 sequences, length 42
# corresponding to MSA columns:
# 195-216,218-237
name=unknown_D
#
# <colnr> <probs for GDERKNQSTAVLIFYWHMCP>
#	G	D	E	R	K	N	Q	S	T	A	V	L	I	F	Y	W	H	M	C	P
0	0.12507	0.01500	0.01559	0.01326	0.01716	0.04015	0.01043	0.20578	0.12918	0.09275	0.02092	0.02463	0.01679	0.09757	0.09575	0.00400	0.00853	0.00725	0.05045	0.00974
1	0.02502	0.11389	0.12379	0.01834	0.02388	0.41078	0.01605	0.13841	0.02197	0.02383	0.01272	0.01433	0.01007	0.00763	0.00665	0.00200	0.01151	0.00512	0.00427	0.00976
2	0.01709	0.18340	0.38493	0.01996	0.04630	0.02027	0.06987	0.06747	0.01667	0.02327	0.01333	0.01664	0.01051	0.03373	0.00870	0.00241	0.04575	0.00577	0.00356	0.01035
3	0.01054	0.00823	0.00943	0.00912	0.01132	0.00757	0.00682	0.03781	0.04097	0.02511	0.30740	0.12643	0.33780	0.01716	0.00874	0.00248	0.00395	0.01474	0.00743	0.00695
4	0.01062	0.00788	0.01156	0.01156	0.01275	0.00908	0.00881	0.01302	0.01182	0.01696	0.02023	0.03106	0.01938	0.12240	0.64409	0.01147	0.01865	0.00823	0.00403	0.00642
5	0.01286	0.01135	0.01734	0.37485	0.06632	0.01290	0.01539	0.01749	0.04435	0.02078	0.05582	0.08784	0.12378	0.01241	0.00821	0.00263	0.00768	0.09515	0.00497	0.00788
6	0.00960	0.00693	0.00914	0.01032	0.01122	0.00647	0.00733	0.01156	0.01598	0.02150	0.17425	0.50778	0.08034	0.02117	0.00937	0.00289	0.00435	0.07635	0.00715	0.00631
7	0.02382	0.38700	0.02991	0.01594	0.02102	0.37171	0.01353	0.02596	0.01808	0.01782	0.01090	0.01265	0.00954	0.00701	0.00574	0.00175	0.01068	0.00438	0.00350	0.00906
8	0.00912	0.00652	0.00868	0.01029	0.01078	0.00608	0.00690	0.01052	0.01455	0.01949	0.07329	0.70034	0.05015	0.02285	0.00944	0.00298	0.00427	0.02072	0.00696	0.00608
9	0.01714	0.03307	0.48289	0.02268	0.03223	0.04566	0.15050	0.08294	0.01801	0.02549	0.01399	0.01663	0.01007	0.00709	0.00741	0.00235	0.01111	0.00621	0.00368	0.01084
10	0.01972	0.11465	0.02722	0.08837	0.26505	0.01907	0.05686	0.14720	0.01977	0.05293	0.01716	0.08350	0.01505	0.00891	0.00785	0.00228	0.03124	0.00776	0.00481	0.01061
11	0.79154	0.01436	0.01091	0.00976	0.01436	0.01665	0.00804	0.02182	0.01263	0.03331	0.01034	0.01206	0.00804	0.00689	0.00459	0.00230	0.00574	0.00402	0.00459	0.00804
12	0.07594	0.01090	0.01415	0.01440	0.07653	0.01086	0.03350	0.06464	0.01871	0.09819	0.14110	0.03950	0.05544	0.01165	0.00740	0.00233	0.00562	0.10548	0.20515	0.00853
13	0.01078	0.00726	0.00840	0.00840	0.00850	0.00736	0.00487	0.01099	0.01088	0.01462	0.02312	0.04706	0.02633	0.68540	0.09058	0.00757	0.00819	0.01057	0.00446	0.00467
14	0.01370	0.02519	0.35818	0.01659	0.02264	0.07619	0.01792	0.01874	0.01557	0.02117	0.02432	0.30632	0.02549	0.01367	0.00800	0.00258	0.00850	0.01174	0.00472	0.00875
15	0.02118	0.02313	0.19771	0.01737	0.04873	0.09658	0.01602	0.10379	0.12612	0.14463	0.04870	0.02589	0.07815	0.00955	0.00744	0.00231	0.00828	0.00762	0.00603	0.01076
16	0.01841	0.01498	0.01701	0.01243	0.01887	0.01299	0.01005	0.17153	0.01999	0.02951	0.01428	0.01597	0.01138	0.00630	0.00595	0.00137	0.00613	0.00494	0.00511	0.60281
17	0.01007	0.00681	0.00890	0.00995	0.01070	0.00638	0.00692	0.01065	0.01382	0.01799	0.03984	0.41373	0.14023	0.04570	0.01433	0.16294	0.00495	0.06455	0.00606	0.00551
18	0.01910	0.02348	0.20006	0.02308	0.13921	0.06728	0.06354	0.10327	0.13356	0.05207	0.05914	0.02388	0.01784	0.00878	0.00756	0.00236	0.00890	0.03075	0.00525	0.01087
19	0.02237	0.01742	0.01848	0.01539	0.02017	0.01963	0.01231	0.31022	0.35386	0.03763	0.02443	0.02342	0.01806	0.00947	0.00733	0.00234	0.00670	0.00755	0.06143	0.01179
20	0.09214	0.04411	0.02112	0.10313	0.16230	0.05406	0.01474	0.16911	0.04103	0.10212	0.10380	0.02315	0.01978	0.00879	0.00719	0.00225	0.00768	0.00722	0.00584	0.01043
21	0.02153	0.01810	0.01531	0.01353	0.01674	0.20136	0.01024	0.15940	0.02100	0.08812	0.02185	0.11191	0.01965	0.08990	0.01037	0.00269	0.00793	0.00853	0.15308	0.00874
22	0.05768	0.11860	0.29349	0.01670	0.02475	0.01887	0.01800	0.17995	0.02010	0.02904	0.01387	0.01549	0.01042	0.00713	0.00645	0.00200	0.00866	0.00532	0.00449	0.14901
23	0.01604	0.01858	0.17210	0.01658	0.02108	0.01500	0.06448	0.08718	0.01679	0.06211	0.05430	0.02771	0.06396	0.07463	0.13851	0.00459	0.12459	0.00810	0.00477	0.00891
24	0.07084	0.01838	0.01336	0.01291	0.01563	0.26769	0.00955	0.01947	0.04225	0.02044	0.03749	0.19714	0.21759	0.01454	0.00783	0.00239	0.00767	0.01181	0.00562	0.00741
25	0.02693	0.03405	0.02116	0.01915	0.02271	0.66139	0.01448	0.02882	0.02036	0.01815	0.01135	0.01359	0.00958	0.00802	0.00793	0.00201	0.06308	0.00490	0.00378	0.00857
26	0.01520	0.00974	0.01022	0.00947	0.01158	0.01035	0.00692	0.07910	0.12505	0.02686	0.02442	0.03170	0.02091	0.18084	0.01345	0.00319	0.00517	0.00805	0.40011	0.00766
27	0.16669	0.00858	0.00854	0.00856	0.01086	0.00852	0.00640	0.01456	0.01575	0.02514	0.11309	0.16879	0.23198	0.01475	0.00733	0.00238	0.00417	0.01228	0.16486	0.00679
28	0.01887	0.01187	0.01556	0.01747	0.15353	0.01189	0.01069	0.10374	0.01806	0.12857	0.02185	0.02915	0.01852	0.18426	0.01412	0.00330	0.00651	0.00784	0.21526	0.00895
29	0.01414	0.01939	0.20031	0.09911	0.10566	0.01459	0.01698	0.02114	0.10550	0.02336	0.07669	0.05722	0.14206	0.01119	0.00893	0.00248	0.05766	0.00922	0.00501	0.00934
30	0.02789	0.03058	0.02145	0.01845	0.02297	0.48322	0.01427	0.23995	0.02561	0.02760	0.01357	0.01485	0.01057	0.00807	0.00694	0.00202	0.01167	0.00541	0.00501	0.00993
31	0.01680	0.01580	0.08243	0.01631	0.08068	0.01281	0.01288	0.09760	0.05254	0.04701	0.06941	0.05888	0.02168	0.00976	0.00719	0.00201	0.00665	0.08228	0.00555	0.30174
32	0.01489	0.01305	0.01892	0.01543	0.01920	0.01319	0.13940	0.10302	0.10327	0.02740	0.16575	0.08985	0.19183	0.01331	0.00906	0.00250	0.03284	0.01182	0.00654	0.00872
33	0.00901	0.00660	0.00848	0.00998	0.01067	0.00606	0.00673	0.01038	0.01456	0.01909	0.04527	0.65004	0.13051	0.02269	0.00939	0.00295	0.00424	0.02041	0.00689	0.00606
34	0.01539	0.01319	0.01539	0.01100	0.01759	0.00990	0.00880	0.01869	0.01539	0.02419	0.01319	0.01539	0.01100	0.00550	0.00550	0.00110	0.00550	0.00440	0.00440	0.78449
35	0.00937	0.00710	0.00865	0.00919	0.01063	0.00638	0.00654	0.01147	0.01696	0.02233	0.23363	0.33974	0.25186	0.01962	0.00906	0.00267	0.00391	0.01727	0.00725	0.00638
36	0.00968	0.00711	0.00868	0.00930	0.01039	0.00656	0.00643	0.01139	0.01563	0.02064	0.17185	0.32233	0.18267	0.14257	0.01404	0.00350	0.00462	0.03983	0.00673	0.00604
37	0.02507	0.01366	0.01632	0.01346	0.01792	0.01374	0.01074	0.20017	0.08369	0.29819	0.02781	0.13992	0.02232	0.01146	0.00761	0.00237	0.00622	0.00953	0.06878	0.01102
38	0.01824	0.01137	0.01338	0.01191	0.01537	0.01135	0.00922	0.05294	0.19153	0.18558	0.14225	0.13093	0.14709	0.01384	0.00818	0.00249	0.00514	0.01181	0.00783	0.00956
39	0.72198	0.01420	0.01149	0.01008	0.01478	0.01613	0.00830	0.02314	0.01342	0.09428	0.01208	0.01327	0.00899	0.00710	0.00486	0.00230	0.00580	0.00434	0.00502	0.00846
40	0.79154	0.01436	0.01091	0.00976	0.01436	0.01665	0.00804	0.02182	0.01263	0.03331	0.01034	0.01206	0.00804	0.00689	0.00459	0.00230	0.00574	0.00402	0.00459	0.00804
41	0.02201	0.07747	0.18956	0.01795	0.02445	0.13550	0.05922	0.24380	0.02321	0.03059	0.01562	0.01734	0.01170	0.00786	0.00687	0.00212	0.00950	0.00604	0.08866	0.01053

[dist]
# distance from previous block
# <min> <max>
0	11

[block]
# block no. 4 follows, 27 sequences, length 19
# corresponding to MSA columns:
# 249-267
name=unknown_E
#
# <colnr> <probs for GDERKNQSTAVLIFYWHMCP>
#	G	D	E	R	K	N	Q	S	T	A	V	L	I	F	Y	W	H	M	C	P
0	0.65392	0.01466	0.01200	0.01045	0.01502	0.01680	0.00858	0.09751	0.01543	0.03455	0.01207	0.01370	0.00926	0.00724	0.00496	0.00225	0.00589	0.00451	0.05269	0.00851
1	0.01348	0.01107	0.01585	0.01623	0.09740	0.01093	0.06027	0.08028	0.01868	0.02524	0.19834	0.07300	0.15986	0.07785	0.08201	0.00379	0.00748	0.03416	0.00614	0.00795
2	0.00970	0.00708	0.00915	0.00983	0.01102	0.00653	0.00703	0.01199	0.01720	0.02334	0.29230	0.38293	0.11832	0.01962	0.00917	0.00272	0.00405	0.04418	0.00738	0.00646
3	0.01489	0.03840	0.70064	0.02116	0.03213	0.01724	0.02743	0.02351	0.01567	0.02351	0.01332	0.01567	0.00940	0.00705	0.00705	0.00235	0.01097	0.00549	0.00313	0.01097
4	0.01697	0.01288	0.01270	0.01157	0.01444	0.06298	0.00883	0.17666	0.05656	0.02900	0.03197	0.18351	0.10632	0.01315	0.00735	0.00228	0.00570	0.01095	0.22772	0.00843
5	0.01243	0.00661	0.00932	0.00932	0.00932	0.00661	0.00602	0.00992	0.00992	0.01323	0.01521	0.02831	0.01601	0.18338	0.03095	0.61239	0.00661	0.00741	0.00351	0.00351
6	0.01985	0.74357	0.03890	0.01270	0.01905	0.02937	0.01270	0.02223	0.01508	0.01747	0.01032	0.01191	0.00953	0.00635	0.00476	0.00159	0.00794	0.00397	0.00318	0.00953
7	0.01436	0.01570	0.14015	0.01484	0.01791	0.01302	0.01332	0.01916	0.08110	0.07303	0.02770	0.33447	0.02899	0.01584	0.01163	0.00283	0.14878	0.01301	0.00572	0.00843
8	0.01402	0.01319	0.02227	0.72126	0.05113	0.01649	0.02062	0.01897	0.01484	0.01897	0.01319	0.01979	0.00990	0.00742	0.00742	0.00247	0.00990	0.00660	0.00330	0.00825
9	0.01861	0.10528	0.06429	0.01378	0.01834	0.04182	0.01187	0.15001	0.21699	0.03055	0.12143	0.02813	0.04718	0.01001	0.00710	0.00221	0.00650	0.00804	0.08780	0.01009
10	0.08126	0.06047	0.04992	0.04988	0.23079	0.14467	0.08205	0.06777	0.05585	0.08432	0.01560	0.01784	0.01200	0.00739	0.00704	0.00220	0.00943	0.00629	0.00467	0.01059
11	0.01914	0.01903	0.07979	0.09371	0.31729	0.01813	0.07317	0.14936	0.06325	0.02883	0.05231	0.02093	0.01540	0.00783	0.00755	0.00230	0.00879	0.00720	0.00483	0.01115
12	0.02438	0.01637	0.01862	0.01483	0.01990	0.01709	0.01220	0.39246	0.02825	0.13305	0.10345	0.02917	0.02304	0.01050	0.00770	0.00227	0.00702	0.06390	0.00749	0.06830
13	0.01845	0.00931	0.01209	0.01058	0.01377	0.00822	0.00821	0.02124	0.01977	0.27222	0.28498	0.11652	0.14538	0.01437	0.00836	0.00242	0.00466	0.01238	0.00821	0.00885
14	0.02911	0.01919	0.02005	0.01585	0.02137	0.08824	0.01289	0.34475	0.07854	0.25928	0.02195	0.02061	0.01500	0.00896	0.00737	0.00224	0.00791	0.00688	0.00766	0.01215
15	0.02093	0.01608	0.02158	0.04283	0.15151	0.01689	0.06206	0.28315	0.02393	0.05530	0.06983	0.02523	0.01887	0.08274	0.01051	0.00272	0.00776	0.00780	0.06987	0.01040
16	0.00925	0.00658	0.00867	0.01013	0.01062	0.00616	0.00675	0.01060	0.01444	0.01937	0.08174	0.64815	0.04909	0.06681	0.01117	0.00323	0.00443	0.01997	0.00683	0.00600
17	0.02077	0.16498	0.02822	0.02349	0.15814	0.14705	0.08835	0.10508	0.04640	0.02443	0.03768	0.04565	0.01471	0.00849	0.00810	0.00218	0.05488	0.00686	0.00449	0.01004
18	0.01259	0.00762	0.00906	0.00880	0.01071	0.00703	0.00647	0.01526	0.01750	0.07667	0.24435	0.14260	0.15443	0.05409	0.00946	0.00257	0.00406	0.01268	0.19702	0.00702

[dist]
# distance from previous block
# <min> <max>
2	45

[block]
# block no. 5 follows, 27 sequences, length 57
# corresponding to MSA columns:
# 315-326,329-348,350-374
name=unknown_F
#
# <colnr> <probs for GDERKNQSTAVLIFYWHMCP>
#	G	D	E	R	K	N	Q	S	T	A	V	L	I	F	Y	W	H	M	C	P
0	0.08433	0.18271	0.12700	0.01678	0.02236	0.09438	0.09641	0.06401	0.05014	0.02295	0.01504	0.01943	0.01275	0.06156	0.09622	0.00366	0.01073	0.00624	0.00412	0.00920
1	0.04922	0.11575	0.31797	0.01599	0.02312	0.06498	0.01758	0.02230	0.01731	0.06760	0.15482	0.02380	0.02270	0.00876	0.00694	0.00215	0.00841	0.00692	0.00476	0.04892
2	0.02094	0.07532	0.18329	0.02179	0.05171	0.02030	0.17478	0.26970	0.02329	0.03172	0.01567	0.01870	0.01189	0.03698	0.00869	0.00248	0.00983	0.00688	0.00500	0.01104
3	0.00995	0.00738	0.00928	0.00921	0.01085	0.00671	0.00675	0.01279	0.01911	0.02620	0.46966	0.17883	0.17138	0.01723	0.00889	0.00248	0.00369	0.01517	0.00773	0.00671
4	0.01780	0.01527	0.01621	0.01477	0.01870	0.01758	0.01141	0.03738	0.63212	0.03019	0.03098	0.07790	0.02454	0.01101	0.00769	0.00255	0.00576	0.00930	0.00751	0.01134
5	0.02147	0.01310	0.01461	0.03375	0.01711	0.03461	0.01000	0.11376	0.15438	0.18745	0.02480	0.02598	0.01846	0.03923	0.04187	0.00282	0.00670	0.00744	0.22245	0.01000
6	0.30694	0.01280	0.01185	0.01026	0.01400	0.01416	0.00825	0.16498	0.01881	0.03406	0.01761	0.01965	0.01350	0.00805	0.00547	0.00205	0.00537	0.00579	0.31778	0.00862
7	0.07535	0.01299	0.04338	0.01414	0.06400	0.01213	0.01072	0.02769	0.13836	0.23308	0.09883	0.02778	0.02348	0.00946	0.00690	0.00221	0.00563	0.00779	0.17593	0.01014
8	0.01073	0.00747	0.00948	0.00948	0.00996	0.00795	0.00623	0.01168	0.01121	0.01542	0.02212	0.04156	0.02394	0.49215	0.28057	0.00891	0.01178	0.00977	0.00431	0.00527
9	0.02744	0.05549	0.02287	0.01679	0.02269	0.02315	0.01395	0.61284	0.05859	0.04477	0.01794	0.01792	0.01286	0.00883	0.00730	0.00221	0.00807	0.00662	0.00723	0.01244
10	0.02007	0.15572	0.06225	0.01889	0.13625	0.01706	0.01386	0.08235	0.06133	0.11299	0.06394	0.02037	0.01677	0.00771	0.00656	0.00189	0.00709	0.00626	0.00533	0.18333
11	0.05723	0.18962	0.06875	0.01688	0.02233	0.30202	0.01449	0.19586	0.02267	0.02655	0.01296	0.01432	0.01029	0.00762	0.00639	0.00197	0.01031	0.00512	0.00462	0.01000
12	0.71278	0.01502	0.01208	0.01052	0.01525	0.01731	0.00867	0.08850	0.01493	0.03470	0.01111	0.01265	0.00851	0.00710	0.00489	0.00229	0.00599	0.00429	0.00489	0.00851
13	0.00949	0.00684	0.00909	0.01072	0.01146	0.00644	0.00763	0.01115	0.01480	0.01952	0.04240	0.59823	0.08051	0.02260	0.00956	0.00305	0.00468	0.11878	0.00688	0.00617
14	0.01680	0.01798	0.07260	0.15668	0.39104	0.01734	0.10761	0.02163	0.01608	0.02262	0.01407	0.01913	0.01148	0.00946	0.04373	0.00283	0.03796	0.00689	0.00358	0.01046
15	0.01052	0.00756	0.00970	0.01041	0.01164	0.00721	0.00785	0.01278	0.01634	0.02182	0.19732	0.20450	0.10606	0.14439	0.01438	0.00365	0.00529	0.19558	0.00677	0.00625
16	0.09182	0.01227	0.01475	0.01197	0.01656	0.01183	0.00970	0.07745	0.06279	0.38765	0.07211	0.02627	0.02106	0.00935	0.00692	0.00221	0.00569	0.00749	0.14130	0.01081
17	0.01141	0.00765	0.01007	0.00971	0.01143	0.00703	0.00718	0.01449	0.01985	0.06170	0.54301	0.17177	0.06380	0.01628	0.00882	0.00245	0.00378	0.01446	0.00800	0.00712
18	0.79154	0.01436	0.01091	0.00976	0.01436	0.01665	0.00804	0.02182	0.01263	0.03331	0.01034	0.01206	0.00804	0.00689	0.00459	0.00230	0.00574	0.00402	0.00459	0.00804
19	0.01645	0.06552	0.01653	0.01387	0.01737	0.01645	0.01073	0.03170	0.48305	0.02738	0.03120	0.18499	0.02766	0.01276	0.00779	0.00256	0.00567	0.01093	0.00709	0.01031
20	0.02413	0.05659	0.22424	0.01805	0.02536	0.06368	0.01787	0.37943	0.02684	0.06830	0.01633	0.01702	0.01163	0.00819	0.00716	0.00222	0.00923	0.00613	0.00584	0.01176
21	0.01957	0.01679	0.02063	0.02093	0.13923	0.07329	0.05536	0.13831	0.16133	0.05629	0.06784	0.02612	0.02022	0.06514	0.08211	0.00364	0.00924	0.00795	0.00582	0.01020
22	0.79154	0.01436	0.01091	0.00976	0.01436	0.01665	0.00804	0.02182	0.01263	0.03331	0.01034	0.01206	0.00804	0.00689	0.00459	0.00230	0.00574	0.00402	0.00459	0.00804
23	0.04589	0.01705	0.01610	0.01554	0.06062	0.13474	0.01134	0.14399	0.12119	0.02812	0.06369	0.03382	0.13868	0.01345	0.04138	0.00276	0.00785	0.03536	0.05921	0.00924
24	0.01082	0.00724	0.00867	0.00867	0.01031	0.00673	0.00637	0.01374	0.01808	0.02622	0.34404	0.15899	0.13999	0.01542	0.00803	0.00232	0.00366	0.01342	0.19055	0.00673
25	0.01438	0.01306	0.02186	0.07800	0.32259	0.01301	0.06020	0.01798	0.01664	0.02317	0.11493	0.21814	0.02982	0.01235	0.00822	0.00248	0.00719	0.01164	0.00515	0.00917
26	0.00938	0.00693	0.00881	0.00989	0.01095	0.00636	0.00698	0.01123	0.01587	0.02095	0.14387	0.48023	0.16310	0.02112	0.00929	0.00285	0.00424	0.05460	0.00708	0.00626
27	0.01065	0.00778	0.01103	0.01103	0.01204	0.00879	0.00815	0.01268	0.01166	0.01656	0.02071	0.03375	0.02055	0.21708	0.55100	0.01081	0.01689	0.00863	0.00410	0.00613
28	0.01985	0.74357	0.03890	0.01270	0.01905	0.02937	0.01270	0.02223	0.01508	0.01747	0.01032	0.01191	0.00953	0.00635	0.00476	0.00159	0.00794	0.00397	0.00318	0.00953
29	0.00914	0.00728	0.00820	0.00851	0.01039	0.00634	0.00618	0.01117	0.01700	0.02151	0.17569	0.22549	0.42847	0.01921	0.00894	0.00260	0.00384	0.01656	0.00712	0.00634
30	0.01402	0.01319	0.02227	0.72126	0.05113	0.01649	0.02062	0.01897	0.01484	0.01897	0.01319	0.01979	0.00990	0.00742	0.00742	0.00247	0.00990	0.00660	0.00330	0.00825
31	0.02628	0.02369	0.02167	0.01785	0.02211	0.22141	0.01435	0.32641	0.02581	0.07531	0.01528	0.01673	0.01159	0.00929	0.01023	0.00232	0.13709	0.00615	0.00575	0.01066
32	0.02380	0.01936	0.02315	0.11205	0.02728	0.04143	0.06112	0.41057	0.10467	0.03730	0.01786	0.01919	0.01310	0.00883	0.00837	0.00236	0.04489	0.00695	0.00631	0.01141
33	0.01719	0.01704	0.02603	0.31779	0.36055	0.06649	0.02107	0.02155	0.01617	0.02145	0.01333	0.01852	0.01077	0.00724	0.00793	0.00233	0.03458	0.00647	0.00352	0.00998
34	0.01537	0.01424	0.04389	0.01142	0.01820	0.01020	0.00957	0.01889	0.01541	0.02416	0.01320	0.01541	0.01093	0.00556	0.00556	0.00115	0.00573	0.00444	0.00435	0.75232
35	0.00908	0.00654	0.00861	0.01018	0.01075	0.00607	0.00684	0.01047	0.01456	0.01936	0.06434	0.68329	0.07683	0.02280	0.00942	0.00297	0.00426	0.02061	0.00693	0.00607
36	0.01433	0.01111	0.06504	0.01274	0.01517	0.00934	0.07331	0.04204	0.01439	0.04664	0.02168	0.16544	0.02107	0.01745	0.01533	0.28482	0.00647	0.00968	0.14747	0.00647
37	0.01415	0.02252	0.29891	0.06847	0.02589	0.01400	0.08254	0.01979	0.01670	0.04259	0.12759	0.03080	0.10994	0.01029	0.00868	0.00242	0.04973	0.00865	0.03719	0.00915
38	0.01637	0.01566	0.02373	0.11376	0.33905	0.04537	0.01810	0.01974	0.01483	0.02071	0.01443	0.02133	0.01297	0.06151	0.10445	0.00400	0.13392	0.00696	0.00366	0.00944
39	0.02225	0.18661	0.09674	0.06403	0.02362	0.06976	0.01481	0.26707	0.04384	0.05057	0.01696	0.05155	0.01366	0.00866	0.00674	0.00212	0.00841	0.00658	0.03543	0.01059
40	0.01856	0.06932	0.02375	0.01868	0.02007	0.05220	0.01563	0.10405	0.01513	0.02165	0.01092	0.01602	0.01010	0.01176	0.02000	0.00294	0.55030	0.00627	0.00382	0.00883
41	0.01294	0.01001	0.01397	0.16404	0.07105	0.01067	0.01117	0.04309	0.01721	0.02431	0.16945	0.03748	0.12651	0.01727	0.09907	0.00352	0.00763	0.00964	0.14329	0.00769
