[name]
unknown

[dist]
# distance from previous block
# <min> <max>
0	248

[block]
# block no. 0 follows, 30 sequences, length 13
# corresponding to MSA columns:
# 327-339
name=unknown_A
#
# <colnr> <probs for GDERKNQSTAVLIFYWHMCP>
#	G	D	E	R	K	N	Q	S	T	A	V	L	I	F	Y	W	H	M	C	P
0	0.05707	0.07550	0.03746	0.03814	0.01872	0.07078	0.01146	0.26841	0.04988	0.05759	0.10854	0.06116	0.07006	0.01041	0.00704	0.00216	0.00684	0.03333	0.00611	0.00934
1	0.01629	0.14762	0.09618	0.02023	0.11619	0.06798	0.14273	0.01996	0.01549	0.04338	0.05662	0.06009	0.04318	0.04351	0.00901	0.00233	0.04733	0.00756	0.03562	0.00869
2	0.02123	0.13809	0.02279	0.01876	0.11470	0.10792	0.01354	0.21548	0.22253	0.02895	0.01783	0.01816	0.01372	0.00787	0.00652	0.00204	0.00770	0.00612	0.00547	0.01058
3	0.01163	0.00777	0.00873	0.00832	0.00966	0.00749	0.00552	0.01377	0.05902	0.06613	0.07533	0.04859	0.19842	0.42373	0.02316	0.00477	0.00561	0.01107	0.00550	0.00578
4	0.01422	0.01840	0.21708	0.03858	0.04204	0.01289	0.05012	0.13554	0.01804	0.02488	0.07496	0.24985	0.04867	0.01259	0.00768	0.00240	0.00712	0.01105	0.00529	0.00861
5	0.03836	0.13042	0.20278	0.05320	0.09210	0.09497	0.06782	0.05239	0.05327	0.02145	0.01393	0.01709	0.01122	0.01302	0.10537	0.00330	0.01064	0.00575	0.00369	0.00923
6	0.00984	0.00669	0.00764	0.00785	0.00802	0.00658	0.00457	0.01009	0.01086	0.01435	0.02662	0.13574	0.06386	0.62353	0.03073	0.00604	0.00625	0.01161	0.00463	0.00450
7	0.38638	0.06904	0.06797	0.01166	0.01641	0.01550	0.01041	0.09337	0.01554	0.12283	0.01438	0.01611	0.01093	0.01334	0.10588	0.00337	0.00809	0.00511	0.00492	0.00874
8	0.15984	0.02185	0.15562	0.14863	0.07402	0.14562	0.01608	0.07639	0.01711	0.10187	0.01375	0.01579	0.01007	0.00710	0.00631	0.00212	0.00883	0.00535	0.00433	0.00930
9	0.01818	0.01476	0.01677	0.04418	0.05894	0.04283	0.01171	0.29221	0.04379	0.02968	0.04865	0.12680	0.12229	0.01218	0.00873	0.00235	0.06264	0.02814	0.00605	0.00911
10	0.01622	0.01567	0.01497	0.04014	0.01680	0.16539	0.01066	0.10835	0.01706	0.02083	0.02685	0.13468	0.14023	0.01646	0.06355	0.04973	0.12073	0.00946	0.00488	0.00734
11	0.00883	0.00621	0.00800	0.00930	0.00962	0.00589	0.00603	0.00980	0.01272	0.01696	0.03516	0.60921	0.04199	0.16853	0.01423	0.00362	0.00459	0.01790	0.00603	0.00538
12	0.02045	0.42903	0.02953	0.01431	0.01908	0.09655	0.01285	0.15181	0.01788	0.02195	0.01111	0.01303	0.00956	0.00750	0.00791	0.00187	0.11783	0.00466	0.00384	0.00924

[dist]
# distance from previous block
# <min> <max>
0	5

[block]
# block no. 1 follows, 30 sequences, length 9
# corresponding to MSA columns:
# 345-353
name=unknown_B
#
# <colnr> <probs for GDERKNQSTAVLIFYWHMCP>
#	G	D	E	R	K	N	Q	S	T	A	V	L	I	F	Y	W	H	M	C	P
0	0.01537	0.10061	0.01993	0.31319	0.02967	0.01525	0.01373	0.10211	0.01720	0.02329	0.09962	0.02080	0.01688	0.00756	0.00645	0.00190	0.00724	0.00628	0.00437	0.17855
1	0.01513	0.01230	0.01866	0.48983	0.03716	0.01430	0.01599	0.02136	0.10258	0.08153	0.06667	0.02224	0.01573	0.00788	0.00699	0.00224	0.00786	0.00685	0.00449	0.05019
2	0.00900	0.00704	0.00938	0.09493	0.01444	0.00688	0.00773	0.01074	0.01400	0.01805	0.04263	0.51060	0.19054	0.01917	0.00853	0.00267	0.00455	0.01708	0.00608	0.00596
3	0.01334	0.00917	0.01194	0.10145	0.01698	0.00938	0.00914	0.01836	0.11893	0.10424	0.14965	0.28344	0.09625	0.01489	0.00799	0.00247	0.00498	0.01312	0.00661	0.00765
4	0.01450	0.02179	0.26271	0.14099	0.19077	0.01526	0.11762	0.02024	0.01572	0.02231	0.09477	0.02095	0.01640	0.00738	0.00717	0.00222	0.00906	0.00690	0.00373	0.00950
5	0.02601	0.01592	0.01648	0.01343	0.01791	0.12703	0.01073	0.15086	0.02202	0.36570	0.10583	0.05488	0.02206	0.00960	0.00712	0.00212	0.00693	0.00770	0.00731	0.01036
6	0.01147	0.00708	0.00921	0.00958	0.01103	0.00642	0.00683	0.01334	0.01571	0.10288	0.17789	0.45264	0.11256	0.01832	0.00848	0.00258	0.00407	0.01633	0.00698	0.00662
7	0.01416	0.00999	0.01130	0.01092	0.01308	0.04257	0.00807	0.04407	0.10425	0.10552	0.17846	0.32487	0.07339	0.01566	0.00808	0.00246	0.00482	0.01374	0.00696	0.00766
8	0.04294	0.07567	0.10386	0.01670	0.02092	0.03986	0.11892	0.10090	0.06603	0.02285	0.01716	0.08361	0.01554	0.04995	0.10043	0.00366	0.10028	0.00773	0.00439	0.00860

[dist]
# distance from previous block
# <min> <max>
1	3

[block]
# block no. 2 follows, 30 sequences, length 49
# corresponding to MSA columns:
# 357-405
name=unknown_C
#
# <colnr> <probs for GDERKNQSTAVLIFYWHMCP>
#	G	D	E	R	K	N	Q	S	T	A	V	L	I	F	Y	W	H	M	C	P
0	0.00992	0.00668	0.00833	0.00879	0.00929	0.00681	0.00578	0.01104	0.01168	0.01642	0.02606	0.23840	0.02900	0.34445	0.15716	0.00603	0.00795	0.01202	0.07898	0.00523
1	0.04489	0.01521	0.02201	0.02455	0.24367	0.06037	0.11227	0.04991	0.08994	0.04775	0.05197	0.13745	0.04915	0.01007	0.00743	0.00227	0.00748	0.00931	0.00502	0.00930
2	0.01545	0.01423	0.01959	0.15166	0.06217	0.01801	0.01479	0.06358	0.12175	0.02107	0.01622	0.02036	0.03513	0.01319	0.06400	0.00324	0.32612	0.00680	0.00414	0.00851
3	0.01308	0.01068	0.01246	0.00966	0.01404	0.00847	0.00721	0.01533	0.01339	0.02027	0.01633	0.06960	0.01617	0.18085	0.01248	0.00249	0.00547	0.00656	0.00431	0.56116
4	0.01792	0.01618	0.01604	0.01445	0.01837	0.06350	0.01120	0.03648	0.65446	0.02840	0.02726	0.02516	0.02050	0.00932	0.00705	0.00233	0.00598	0.00767	0.00687	0.01085
5	0.01626	0.10810	0.02189	0.04335	0.20295	0.01622	0.01407	0.01998	0.04914	0.06515	0.01676	0.02017	0.04191	0.01388	0.10106	0.00327	0.14287	0.00632	0.00407	0.09257
6	0.01110	0.00748	0.00892	0.00845	0.01067	0.00657	0.00637	0.01355	0.01770	0.08809	0.32641	0.10133	0.33612	0.01570	0.00817	0.00230	0.00369	0.01347	0.00718	0.00672
7	0.01647	0.01882	0.04118	0.02941	0.03647	0.01765	0.68588	0.02235	0.01647	0.02235	0.01412	0.01882	0.01059	0.00588	0.00824	0.00235	0.01176	0.00824	0.00353	0.00941
8	0.01951	0.01625	0.06881	0.07953	0.20003	0.01497	0.11616	0.10349	0.04341	0.15557	0.06536	0.02331	0.04512	0.00810	0.00727	0.00219	0.00788	0.00745	0.00534	0.01024
9	0.01804	0.05163	0.16006	0.02835	0.31160	0.01545	0.10466	0.02271	0.01627	0.12443	0.01913	0.02115	0.05997	0.00740	0.00703	0.00214	0.00841	0.00688	0.00432	0.01037
10	0.02140	0.01106	0.01401	0.01173	0.01557	0.01060	0.00943	0.07222	0.10113	0.33077	0.24615	0.03548	0.03417	0.01107	0.00755	0.00224	0.00518	0.04252	0.00792	0.00980
11	0.00833	0.00698	0.00725	0.00738	0.00953	0.00590	0.00546	0.01010	0.01581	0.01908	0.09076	0.13084	0.62282	0.01794	0.00831	0.00240	0.00357	0.01513	0.00652	0.00590
12	0.12343	0.01299	0.01535	0.01361	0.08952	0.01095	0.00956	0.01838	0.01426	0.02392	0.01211	0.01433	0.01003	0.00546	0.00523	0.00130	0.00553	0.00431	0.00409	0.60563
13	0.01391	0.01136	0.01652	0.01706	0.11856	0.01130	0.05848	0.06254	0.01663	0.04799	0.12413	0.17498	0.08655	0.03186	0.00968	0.00245	0.06400	0.04430	0.00555	0.08214
14	0.01828	0.00915	0.01111	0.00945	0.01309	0.00781	0.00750	0.02052	0.01782	0.32060	0.07865	0.04777	0.38280	0.01362	0.00772	0.00226	0.00456	0.01131	0.00746	0.00851
15	0.00845	0.00626	0.00790	0.00921	0.00999	0.00571	0.00625	0.00977	0.01385	0.01801	0.04465	0.61902	0.17334	0.02106	0.00878	0.00274	0.00395	0.01886	0.00648	0.00571
16	0.01980	0.02321	0.22966	0.02199	0.10332	0.03729	0.12112	0.17304	0.04444	0.09587	0.01563	0.01737	0.01135	0.00746	0.00787	0.00222	0.04671	0.00632	0.00474	0.01059
17	0.69600	0.01352	0.01203	0.07914	0.04662	0.01568	0.00926	0.02030	0.01224	0.02968	0.01012	0.01227	0.00787	0.00651	0.00468	0.00217	0.00589	0.00411	0.00417	0.00773
18	0.01619	0.01601	0.02467	0.32853	0.38899	0.06560	0.02002	0.02038	0.01536	0.02035	0.01266	0.01750	0.01019	0.00660	0.00689	0.00216	0.00901	0.00609	0.00332	0.00948
19	0.01866	0.75896	0.03657	0.01194	0.01791	0.02761	0.01194	0.02090	0.01418	0.01642	0.00970	0.01119	0.00896	0.00597	0.00448	0.00149	0.00746	0.00373	0.00299	0.00896
20	0.01082	0.00764	0.00942	0.00950	0.01126	0.00719	0.00704	0.01432	0.06424	0.05726	0.27253	0.25908	0.17638	0.01680	0.00837	0.00248	0.00401	0.04791	0.00704	0.00675
21	0.00858	0.00647	0.00798	0.00914	0.01017	0.00586	0.00641	0.01007	0.01424	0.01828	0.04758	0.51755	0.23489	0.02052	0.00876	0.00272	0.00404	0.05450	0.00648	0.00577
22	0.01140	0.00752	0.00867	0.00839	0.01072	0.00649	0.00628	0.01338	0.01648	0.10779	0.13862	0.17162	0.43343	0.01680	0.00820	0.00239	0.00389	0.01433	0.00690	0.00670
23	0.02029	0.02152	0.08724	0.10842	0.18746	0.17202	0.10173	0.07624	0.01798	0.08745	0.01407	0.01685	0.01071	0.00717	0.00762	0.00214	0.04111	0.00607	0.00416	0.00974
24	0.12433	0.01547	0.01756	0.01363	0.01897	0.01595	0.01125	0.32142	0.02465	0.33467	0.02057	0.01913	0.01369	0.00826	0.00667	0.00213	0.00664	0.00629	0.00737	0.01134
25	0.01496	0.01460	0.02607	0.21951	0.23693	0.01494	0.17288	0.01927	0.01483	0.02055	0.01382	0.01956	0.01141	0.04047	0.05427	0.00289	0.00968	0.00673	0.00349	0.08313
26	0.01736	0.01499	0.01578	0.01420	0.01815	0.01736	0.01105	0.03708	0.69862	0.02919	0.02840	0.02604	0.02130	0.00947	0.00710	0.00237	0.00552	0.00789	0.00710	0.01105
27	0.80405	0.01350	0.01026	0.00918	0.01350	0.01565	0.00756	0.02051	0.01188	0.03131	0.00972	0.01134	0.00756	0.00648	0.00432	0.00216	0.00540	0.00378	0.00432	0.00756
28	0.02482	0.01849	0.01976	0.01548	0.02071	0.02055	0.01268	0.57658	0.12331	0.04136	0.01855	0.01833	0.01336	0.00852	0.00693	0.00212	0.00724	0.00651	0.03313	0.01158
29	0.80405	0.01350	0.01026	0.00918	0.01350	0.01565	0.00756	0.02051	0.01188	0.03131	0.00972	0.01134	0.00756	0.00648	0.00432	0.00216	0.00540	0.00378	0.00432	0.00756
30	0.01727	0.01658	0.02832	0.04283	0.71123	0.01658	0.02142	0.02142	0.01589	0.02280	0.01313	0.01727	0.01105	0.00622	0.00691	0.00207	0.00829	0.00622	0.00345	0.01105
31	0.01736	0.01499	0.01578	0.01420	0.01815	0.01736	0.01105	0.03708	0.69862	0.02919	0.02840	0.02604	0.02130	0.00947	0.00710	0.00237	0.00552	0.00789	0.00710	0.01105
32	0.00890	0.00642	0.00851	0.01005	0.01073	0.00603	0.00713	0.01044	0.01389	0.01832	0.03989	0.61541	0.07917	0.02126	0.00898	0.00287	0.00438	0.11538	0.00647	0.00579
33	0.07074	0.01218	0.01603	0.01235	0.01770	0.01086	0.01020	0.05190	0.01992	0.66190	0.02631	0.02292	0.01662	0.00852	0.00688	0.00216	0.00596	0.00683	0.00837	0.01165
34	0.01634	0.00876	0.01254	0.01142	0.01384	0.00909	0.00898	0.01878	0.01378	0.22463	0.02147	0.02712	0.01774	0.06994	0.48239	0.00832	0.01437	0.00746	0.00522	0.00783
35	0.01381	0.00769	0.01004	0.00983	0.01181	0.00690	0.00721	0.01585	0.01644	0.17465	0.17957	0.36906	0.11583	0.01689	0.00828	0.00250	0.00425	0.01493	0.00721	0.00726
36	0.00869	0.00687	0.00782	0.00804	0.00981	0.00601	0.00586	0.01069	0.01626	0.02078	0.21371	0.21121	0.41397	0.01778	0.00839	0.00242	0.00359	0.01534	0.00676	0.00601
37	0.01447	0.01240	0.01447	0.01034	0.01654	0.00930	0.00827	0.01757	0.01447	0.02274	0.01240	0.01447	0.01034	0.00517	0.00517	0.00103	0.00517	0.00413	0.00413	0.79742
38	0.01134	0.00789	0.00965	0.00991	0.01173	0.00751	0.00740	0.01503	0.08004	0.06957	0.14410	0.31036	0.19000	0.01746	0.00843	0.00258	0.00433	0.07895	0.00686	0.00687
39	0.01175	0.00710	0.00888	0.00916	0.01074	0.00653	0.00669	0.01392	0.01573	0.08995	0.15421	0.33880	0.12225	0.01658	0.00795	0.00244	0.00403	0.04231	0.12436	0.00662
40	0.01832	0.02212	0.07633	0.02384	0.02896	0.15884	0.35189	0.04556	0.01642	0.02093	0.01245	0.01654	0.00992	0.00755	0.01064	0.00237	0.15806	0.00680	0.00353	0.00894
41	0.01842	0.01664	0.01764	0.22220	0.06129	0.17661	0.01352	0.08563	0.01731	0.08572	0.01794	0.10395	0.01615	0.06459	0.04943	0.00302	0.00927	0.00781	0.00464	0.00821
42	0.00846	0.00625	0.00792	0.00926	0.01000	0.00571	0.00627	0.00977	0.01380	0.01799	0.04404	0.63201	0.16074	0.02114	0.00879	0.00275	0.00396	0.01895	0.00648	0.00571
43	0.00927	0.00700	0.00889	0.00981	0.01085	0.00687	0.00690	0.01198	0.05819	0.01877	0.05828	0.49781	0.13271	0.02414	0.09989	0.00378	0.00591	0.01659	0.00620	0.00615
44	0.01839	0.07267	0.24645	0.02269	0.15616	0.11790	0.05436	0.12829	0.01852	0.02437	0.01478	0.06634	0.01246	0.00789	0.00680	0.00211	0.00929	0.00654	0.00406	0.00993
45	0.01751	0.06693	0.11522	0.08405	0.06136	0.08222	0.03881	0.16735	0.04749	0.02495	0.01921	0.09017	0.01782	0.06183	0.00917	0.00258	0.00822	0.07129	0.00488	0.00894
46	0.09125	0.04842	0.05222	0.08428	0.02460	0.21994	0.10193	0.17517	0.02045	0.02603	0.03944	0.01961	0.03241	0.00802	0.00676	0.00210	0.00937	0.02436	0.00464	0.00902
47	0.03862	0.07377	0.23203	0.07334	0.06767	0.04662	0.03505	0.08546	0.08086	0.02351	0.02135	0.10937	0.06378	0.00964	0.00695	0.00223	0.00796	0.00804	0.00454	0.00921
48	0.01953	0.07328	0.08725	0.04378	0.10868	0.19252	0.07489	0.08811	0.08048	0.04790	0.01991	0.02118	0.07615	0.00811	0.00679	0.00204	0.00891	0.00663	0.00456	0.02928

[dist]
# distance from previous block
# <min> <max>
0	12

[block]
# block no. 3 follows, 30 sequences, length 26
# corresponding to MSA columns:
# 418-443
name=unknown_D
#
# <colnr> <probs for GDERKNQSTAVLIFYWHMCP>
#	G	D	E	R	K	N	Q	S	T	A	V	L	I	F	Y	W	H	M	C	P
0	0.10403	0.01537	0.09966	0.04988	0.14491	0.01257	0.03604	0.02109	0.03991	0.11770	0.01879	0.12504	0.01657	0.00887	0.00662	0.00205	0.00672	0.00766	0.00490	0.16163
1	0.04788	0.07509	0.07704	0.01263	0.01670	0.08066	0.03950	0.09373	0.01669	0.11150	0.01982	0.02623	0.04223	0.19515	0.01360	0.00314	0.00738	0.00708	0.05882	0.05513
2	0.08514	0.17624	0.02129	0.05824	0.04051	0.04012	0.06346	0.07104	0.04316	0.05616	0.01543	0.02143	0.01367	0.14409	0.04263	0.00315	0.00793	0.00624	0.00431	0.08576
3	0.00945	0.00705	0.00912	0.00963	0.01091	0.00676	0.00701	0.01134	0.01404	0.01889	0.10733	0.31828	0.13489	0.07459	0.14046	0.00443	0.00696	0.06268	0.00585	0.04034
4	0.01500	0.01535	0.08151	0.14105	0.27391	0.01424	0.04254	0.07105	0.01666	0.02320	0.07266	0.02467	0.06341	0.01239	0.07551	0.00302	0.00883	0.00742	0.02841	0.00916
5	0.09987	0.01026	0.01248	0.01067	0.01418	0.00978	0.00841	0.06363	0.01838	0.30979	0.14730	0.13633	0.02900	0.01134	0.00703	0.00221	0.00497	0.00952	0.08582	0.00903
6	0.00864	0.00642	0.00809	0.00928	0.01020	0.00587	0.00647	0.01015	0.01427	0.01857	0.07045	0.54687	0.18564	0.02057	0.00878	0.00273	0.00403	0.05068	0.00652	0.00579
7	0.00877	0.00709	0.00779	0.00762	0.00974	0.00611	0.00571	0.01102	0.01713	0.02177	0.27410	0.06236	0.50317	0.01658	0.00824	0.00230	0.00346	0.01405	0.00686	0.00611
8	0.00882	0.00644	0.00830	0.00922	0.01013	0.00592	0.00639	0.01061	0.01521	0.02045	0.20856	0.50802	0.11706	0.01955	0.00867	0.00263	0.00381	0.01753	0.00678	0.00592
9	0.01399	0.00850	0.01095	0.00981	0.01220	0.00797	0.00752	0.03777	0.04429	0.13692	0.52633	0.07503	0.05409	0.01334	0.00799	0.00222	0.00396	0.01167	0.00774	0.00770
10	0.01447	0.01240	0.01447	0.01034	0.01654	0.00930	0.00827	0.01757	0.01447	0.02274	0.01240	0.01447	0.01034	0.00517	0.00517	0.00103	0.00517	0.00413	0.00413	0.79742
11	0.02137	0.01698	0.01804	0.01501	0.01967	0.01923	0.01202	0.32161	0.40756	0.03566	0.02331	0.02198	0.01718	0.00899	0.00705	0.00225	0.00647	0.00719	0.00705	0.01140
12	0.01913	0.09434	0.08055	0.09083	0.23496	0.12478	0.01689	0.09912	0.12616	0.02417	0.01515	0.01721	0.01191	0.00720	0.00660	0.00206	0.00860	0.00590	0.00433	0.01012
13	0.01517	0.21832	0.54667	0.01789	0.02710	0.01908	0.02229	0.02180	0.01459	0.02067	0.01181	0.01384	0.00887	0.00646	0.00609	0.00203	0.00959	0.00480	0.00296	0.00997
14	0.00850	0.00607	0.00810	0.00972	0.01012	0.00567	0.00648	0.00972	0.01336	0.01781	0.03846	0.75020	0.04615	0.02186	0.00891	0.00283	0.00405	0.01984	0.00648	0.00567
15	0.01290	0.00719	0.00813	0.00768	0.00972	0.00673	0.00584	0.01590	0.01665	0.08059	0.21731	0.03914	0.13452	0.01128	0.00647	0.00193	0.00352	0.00945	0.39818	0.00686
16	0.01366	0.01435	0.09524	0.03929	0.01649	0.08221	0.01098	0.01679	0.03985	0.06640	0.03286	0.25684	0.14273	0.04341	0.01025	0.00268	0.06917	0.03403	0.00544	0.00733
17	0.01647	0.01882	0.04118	0.02941	0.03647	0.01765	0.68588	0.02235	0.01647	0.02235	0.01412	0.01882	0.01059	0.00588	0.00824	0.00235	0.01176	0.00824	0.00353	0.00941
18	0.01111	0.00901	0.01009	0.00949	0.01194	0.00895	0.00721	0.01784	0.18268	0.02504	0.31748	0.05114	0.28279	0.01431	0.00796	0.00229	0.00392	0.01222	0.00712	0.00742
19	0.01345	0.01168	0.01433	0.01308	0.01483	0.04376	0.01040	0.06950	0.06202	0.02026	0.05132	0.02845	0.08964	0.03010	0.33253	0.00641	0.16837	0.00797	0.00453	0.00738
20	0.13237	0.24699	0.17268	0.01689	0.02350	0.06575	0.12309	0.10109	0.01690	0.02403	0.01191	0.01393	0.00934	0.00653	0.00592	0.00197	0.00880	0.00511	0.00377	0.00940
21	0.01112	0.00805	0.01017	0.00943	0.01130	0.00773	0.00711	0.06707	0.02035	0.02856	0.60543	0.09801	0.06014	0.01432	0.00818	0.00223	0.00370	0.01262	0.00754	0.00694
22	0.06248	0.00751	0.00907	0.00926	0.01065	0.00717	0.00643	0.01386	0.01406	0.10086	0.08274	0.36510	0.06965	0.16249	0.01340	0.00337	0.00478	0.01409	0.03668	0.00634
23	0.01713	0.07812	0.08883	0.02159	0.15865	0.10990	0.07313	0.07766	0.04233	0.02296	0.07646	0.09337	0.01977	0.00969	0.00822	0.00223	0.05835	0.02798	0.00456	0.00906
24	0.01885	0.01697	0.06572	0.07056	0.14725	0.01668	0.08527	0.19749	0.10112	0.06501	0.04586	0.02364	0.06826	0.00874	0.00784	0.00224	0.03543	0.00750	0.00541	0.01018
25	0.00887	0.00631	0.00831	0.00964	0.01016	0.00594	0.00654	0.01025	0.01372	0.01838	0.08697	0.60833	0.04566	0.07971	0.01102	0.00312	0.00433	0.05071	0.00639	0.00566

[dist]
# distance from previous block
# <min> <max>
0	3

[block]
# block no. 4 follows, 30 sequences, length 14
# corresponding to MSA columns:
# 447-460
name=unknown_E
#
# <colnr> <probs for GDERKNQSTAVLIFYWHMCP>
#	G	D	E	R	K	N	Q	S	T	A	V	L	I	F	Y	W	H	M	C	P
0	0.01108	0.00717	0.00821	0.00882	0.01013	0.00716	0.00627	0.01494	0.08204	0.02211	0.03297	0.37143	0.06330	0.01521	0.00716	0.00231	0.00387	0.01334	0.30595	0.00653
1	0.08990	0.01945	0.11953	0.14696	0.18622	0.06119	0.05585	0.11671	0.01784	0.05870	0.01369	0.01649	0.01035	0.00684	0.00660	0.00209	0.00858	0.00579	0.00420	0.05300
2	0.16554	0.29135	0.04796	0.01394	0.01886	0.27985	0.01209	0.02413	0.01614	0.05789	0.01117	0.01254	0.00916	0.00668	0.00533	0.00179	0.00897	0.00425	0.00376	0.00859
3	0.07954	0.01423	0.07630	0.08338	0.05716	0.01348	0.01236	0.12835	0.05679	0.04656	0.05290	0.11645	0.13358	0.01201	0.00827	0.00240	0.04879	0.04344	0.00553	0.00846
4	0.00885	0.00679	0.00811	0.00843	0.00996	0.00605	0.00608	0.01094	0.01637	0.02149	0.26665	0.27111	0.29829	0.01785	0.00844	0.00245	0.00361	0.01561	0.00687	0.00605
5	0.02143	0.01657	0.01818	0.05431	0.02118	0.01871	0.01237	0.30062	0.36268	0.06278	0.02276	0.02176	0.01665	0.00885	0.00704	0.00225	0.00662	0.00711	0.00690	0.01123
6	0.01144	0.00743	0.00927	0.00872	0.01052	0.00677	0.00638	0.01389	0.01753	0.08416	0.41712	0.08948	0.16003	0.11244	0.01176	0.00286	0.00406	0.01254	0.00705	0.00657
7	0.16226	0.05832	0.01891	0.04452	0.14633	0.19082	0.01266	0.10041	0.01783	0.04915	0.05353	0.01943	0.01447	0.07274	0.00875	0.00242	0.00824	0.00597	0.00452	0.00873
8	0.01942	0.01519	0.01865	0.03849	0.04385	0.07809	0.01304	0.02267	0.05366	0.17495	0.05550	0.02013	0.01528	0.01128	0.03345	0.00271	0.32038	0.00658	0.00494	0.05172
9	0.08214	0.01508	0.01528	0.01526	0.07529	0.10363	0.01077	0.05465	0.23211	0.08752	0.10279	0.10501	0.04971	0.01073	0.00711	0.00225	0.00629	0.00892	0.00623	0.00922
10	0.01763	0.01017	0.01225	0.01061	0.01376	0.00974	0.00825	0.09483	0.05612	0.21162	0.17475	0.07263	0.16020	0.08191	0.01032	0.00270	0.00512	0.03173	0.00719	0.00845
11	0.08703	0.16236	0.09797	0.09712	0.05267	0.14961	0.01400	0.10439	0.04093	0.02283	0.01657	0.03392	0.04941	0.03433	0.00722	0.00217	0.00844	0.00605	0.00419	0.00881
12	0.01907	0.01539	0.05389	0.03481	0.05015	0.09979	0.01158	0.10952	0.01820	0.14919	0.07662	0.14829	0.02241	0.01238	0.00995	0.07170	0.04936	0.00891	0.00568	0.03309
13	0.01934	0.12723	0.08104	0.08026	0.08300	0.03837	0.01440	0.15636	0.10438	0.07523	0.01665	0.04111	0.01322	0.00810	0.00742	0.00206	0.04989	0.00627	0.00498	0.07069

[dist]
# distance from previous block
# <min> <max>
1	29

[block]
# block no. 5 follows, 30 sequences, length 18
# corresponding to MSA columns:
# 490-507
name=unknown_F
#
# <colnr> <probs for GDERKNQSTAVLIFYWHMCP>
#	G	D	E	R	K	N	Q	S	T	A	V	L	I	F	Y	W	H	M	C	P
0	0.03659	0.07910	0.07616	0.01333	0.01742	0.09082	0.04321	0.09132	0.06256	0.06415	0.04878	0.12295	0.07137	0.08913	0.00996	0.00260	0.00710	0.00890	0.00525	0.05929
1	0.01427	0.01212	0.01541	0.01492	0.07297	0.01294	0.01059	0.08342	0.06071	0.02213	0.02365	0.17223	0.07120	0.06657	0.01243	0.00261	0.15470	0.00960	0.00500	0.16252
2	0.07806	0.01356	0.01536	0.01194	0.01694	0.03813	0.00966	0.06377	0.04189	0.20817	0.01727	0.01779	0.01269	0.00723	0.00703	0.00172	0.05646	0.00540	0.04236	0.33457
3	0.02287	0.07798	0.01998	0.01596	0.02024	0.31214	0.01256	0.16143	0.23558	0.02619	0.01744	0.01754	0.01343	0.00805	0.00655	0.00201	0.00901	0.00586	0.00533	0.00983
4	0.00897	0.00710	0.00807	0.00783	0.00987	0.00620	0.00587	0.01142	0.01762	0.02292	0.35419	0.06047	0.42236	0.01616	0.00824	0.00228	0.00343	0.01379	0.00702	0.00620
5	0.00901	0.00663	0.00847	0.00921	0.01032	0.00609	0.00657	0.01103	0.01578	0.02118	0.24487	0.40968	0.14631	0.01885	0.00864	0.00259	0.00386	0.04804	0.00684	0.00601
6	0.00913	0.00704	0.00834	0.00815	0.01000	0.00625	0.00606	0.01168	0.01779	0.02365	0.40809	0.10329	0.32308	0.01613	0.00828	0.00230	0.00344	0.01393	0.00712	0.00625
7	0.22740	0.01480	0.01477	0.01247	0.01679	0.01660	0.01004	0.21111	0.22759	0.06460	0.01959	0.01948	0.01450	0.00819	0.00609	0.00215	0.00586	0.00617	0.09191	0.00990
8	0.01733	0.01541	0.01905	0.02167	0.19906	0.01715	0.01375	0.03299	0.52040	0.02752	0.02441	0.02375	0.01863	0.00862	0.00705	0.00229	0.00625	0.00745	0.00615	0.01105
9	0.01447	0.01240	0.01447	0.01034	0.01654	0.00930	0.00827	0.01757	0.01447	0.02274	0.01240	0.01447	0.01034	0.00517	0.00517	0.00103	0.00517	0.00413	0.00413	0.79742
10	0.10299	0.01574	0.01938	0.06085	0.14400	0.04287	0.03802	0.12181	0.21169	0.10535	0.01939	0.02021	0.01451	0.00996	0.04035	0.00262	0.00768	0.00660	0.00566	0.01030
11	0.21040	0.12880	0.01774	0.01250	0.01637	0.08537	0.01034	0.15077	0.04233	0.02710	0.06005	0.06780	0.05895	0.00985	0.00714	0.00216	0.04724	0.03149	0.00514	0.00848
12	0.01577	0.00827	0.01053	0.00971	0.01220	0.00734	0.00725	0.01779	0.01666	0.23317	0.14508	0.22983	0.17167	0.06950	0.01004	0.00272	0.00460	0.01305	0.00716	0.00765
13	0.00957	0.00800	0.04055	0.00942	0.01104	0.00674	0.00727	0.01199	0.01534	0.02131	0.21002	0.32040	0.13726	0.02006	0.06901	0.00318	0.00524	0.01444	0.07289	0.00626
14	0.04562	0.04573	0.14966	0.07107	0.06752	0.11212	0.04041	0.15764	0.01877	0.05604	0.01504	0.01913	0.01204	0.01279	0.08647	0.00317	0.04559	0.02737	0.00443	0.00939
15	0.01345	0.06447	0.01476	0.01214	0.01395	0.01227	0.00968	0.04625	0.01339	0.06597	0.02220	0.09624	0.05967	0.06642	0.33377	0.00661	0.12845	0.00865	0.00451	0.00713
16	0.01534	0.00975	0.01247	0.03772	0.03790	0.00960	0.00920	0.07364	0.05645	0.14002	0.12412	0.20258	0.10816	0.04817	0.00931	0.00267	0.00531	0.08288	0.00675	0.00795
17	0.12383	0.07075	0.07123	0.08678	0.22851	0.07652	0.01532	0.07202	0.03939	0.02454	0.07300	0.05644	0.01678	0.00817	0.00654	0.00211	0.00766	0.00679	0.00439	0.00924

[dist]
# distance from previous block
# <min> <max>
1	15

[block]
# block no. 6 follows, 30 sequences, length 16
# corresponding to MSA columns:
# 523-538
name=unknown_G
#
# <colnr> <probs for GDERKNQSTAVLIFYWHMCP>
#	G	D	E	R	K	N	Q	S	T	A	V	L	I	F	Y	W	H	M	C	P
0	0.06050	0.08208	0.02491	0.11498	0.14151	0.01686	0.12908	0.14473	0.01884	0.11568	0.01715	0.07227	0.01395	0.00813	0.00697	0.00218	0.00806	0.00734	0.00497	0.00983
1	0.04183	0.04246	0.05672	0.03763	0.02122	0.36666	0.03293	0.07602	0.05545	0.05460	0.01472	0.03558	0.01217	0.01269	0.08363	0.00299	0.03389	0.00587	0.00432	0.00861
2	0.00877	0.00625	0.00798	0.00925	0.00997	0.00578	0.00629	0.01024	0.01400	0.01884	0.07563	0.61164	0.11074	0.02039	0.00861	0.00270	0.00392	0.01831	0.04491	0.00578
3	0.01513	0.01779	0.14043	0.06532	0.31523	0.01455	0.05417	0.05419	0.03816	0.02294	0.04459	0.06687	0.07795	0.03239	0.00813	0.00236	0.00786	0.00811	0.00427	0.00956
4	0.01156	0.00921	0.01197	0.01288	0.06910	0.00968	0.00897	0.01553	0.07625	0.02126	0.15427	0.04459	0.15573	0.09779	0.11026	0.00408	0.05554	0.07780	0.04656	0.00697
5	0.00884	0.00634	0.00840	0.00948	0.01020	0.00589	0.00650	0.01057	0.01494	0.02033	0.20395	0.57755	0.05102	0.01998	0.00874	0.00268	0.00386	0.01805	0.00678	0.00589
6	0.00922	0.00700	0.00848	0.00834	0.01008	0.00627	0.00617	0.01181	0.01786	0.02402	0.43541	0.13108	0.26656	0.01615	0.00831	0.00231	0.00345	0.01405	0.00717	0.00627
7	0.01084	0.00732	0.00906	0.00872	0.01066	0.00654	0.00650	0.01338	0.01784	0.07517	0.39142	0.15170	0.23310	0.01583	0.00824	0.00233	0.00366	0.01378	0.00726	0.00666
8	0.01866	0.75896	0.03657	0.01194	0.01791	0.02761	0.01194	0.02090	0.01418	0.01642	0.00970	0.01119	0.00896	0.00597	0.00448	0.00149	0.00746	0.00373	0.00299	0.00896
9	0.01400	0.03610	0.71860	0.01989	0.03020	0.01621	0.02578	0.02210	0.01473	0.02210	0.01252	0.01473	0.00884	0.00663	0.00663	0.00221	0.01031	0.00516	0.00295	0.01031
10	0.11345	0.01205	0.01556	0.01207	0.01735	0.01083	0.00997	0.03257	0.01911	0.64327	0.02564	0.02243	0.01624	0.00841	0.00673	0.00216	0.00588	0.00667	0.00818	0.01142
11	0.01866	0.75896	0.03657	0.01194	0.01791	0.02761	0.01194	0.02090	0.01418	0.01642	0.00970	0.01119	0.00896	0.00597	0.00448	0.00149	0.00746	0.00373	0.00299	0.00896
12	0.00898	0.00657	0.00851	0.00959	0.01055	0.00609	0.00686	0.01081	0.01497	0.01989	0.14948	0.48660	0.12641	0.01988	0.00880	0.00272	0.00412	0.08658	0.00667	0.00592
13	0.00860	0.00629	0.00808	0.00932	0.01007	0.00578	0.00635	0.01006	0.01424	0.01885	0.10240	0.60592	0.12703	0.02068	0.00877	0.00272	0.00392	0.01858	0.00659	0.00578
14	0.01075	0.00821	0.01031	0.01009	0.01017	0.00927	0.00680	0.01130	0.01095	0.01508	0.02318	0.19396	0.02686	0.45488	0.02733	0.00521	0.14446	0.01151	0.00450	0.00518
15	0.04795	0.01926	0.16668	0.01497	0.02076	0.01559	0.01413	0.23826	0.09106	0.18556	0.02153	0.09662	0.01690	0.00954	0.00704	0.00224	0.00717	0.00773	0.00636	0.01065

[dist]
# distance from previous block
# <min> <max>
0	1

[block]
# block no. 7 follows, 30 sequences, length 12
# corresponding to MSA columns:
# 540-551
name=unknown_H
#
# <colnr> <probs for GDERKNQSTAVLIFYWHMCP>
#	G	D	E	R	K	N	Q	S	T	A	V	L	I	F	Y	W	H	M	C	P
0	0.01189	0.00920	0.01246	0.04397	0.11065	0.00968	0.00891	0.01475	0.06464	0.01710	0.02145	0.03892	0.02236	0.41399	0.11948	0.00593	0.00857	0.05539	0.00438	0.00629
1	0.59876	0.01705	0.13929	0.01117	0.01628	0.01499	0.01080	0.01997	0.01251	0.02859	0.01244	0.06879	0.01076	0.00769	0.00509	0.00222	0.00619	0.00527	0.00423	0.00791
2	0.01010	0.00697	0.00864	0.00864	0.00899	0.00732	0.00551	0.01081	0.01045	0.01429	0.02105	0.04046	0.02311	0.55455	0.23264	0.00803	0.01016	0.00939	0.00409	0.00480
3	0.01575	0.08138	0.32143	0.02657	0.15585	0.01760	0.23788	0.02197	0.01547	0.02188	0.01294	0.01626	0.00982	0.00626	0.00704	0.00218	0.01020	0.00624	0.00323	0.01005
4	0.01863	0.02049	0.07583	0.07902	0.40191	0.12137	0.06617	0.07105	0.01739	0.02295	0.01292	0.01650	0.01046	0.00674	0.00733	0.00211	0.02924	0.00603	0.00367	0.01020
5	0.01500	0.27705	0.27502	0.01430	0.02072	0.01770	0.01567	0.01891	0.01355	0.01851	0.01219	0.01558	0.01030	0.01323	0.08889	0.08430	0.00943	0.00494	0.00315	0.07157
6	0.01163	0.00890	0.01118	0.01204	0.01412	0.00904	0.01017	0.01704	0.11740	0.02176	0.04161	0.06886	0.15478	0.01754	0.00902	0.00294	0.00578	0.45265	0.00654	0.00702
7	0.01851	0.02173	0.09547	0.06041	0.17695	0.22915	0.05906	0.04837	0.01739	0.03997	0.03723	0.12942	0.01727	0.00936	0.00713	0.00216	0.00919	0.00802	0.00430	0.00890
8	0.01549	0.01402	0.02116	0.13375	0.25067	0.03496	0.07098	0.02144	0.11596	0.05013	0.02510	0.09986	0.09656	0.00984	0.00740	0.00228	0.00737	0.00899	0.00482	0.00921
9	0.00865	0.00640	0.00808	0.00910	0.01004	0.00584	0.00628	0.01025	0.01472	0.01942	0.13761	0.52851	0.16949	0.02004	0.00869	0.00266	0.00385	0.01790	0.00665	0.00584
10	0.01572	0.00869	0.01102	0.01058	0.01304	0.00818	0.00813	0.01935	0.07093	0.19912	0.08444	0.26705	0.10149	0.01535	0.00799	0.00250	0.00476	0.08561	0.05815	0.00791
11	0.04954	0.04137	0.20617	0.07633	0.07384	0.01632	0.06027	0.11387	0.06524	0.09516	0.01746	0.07384	0.01413	0.00873	0.00798	0.00229	0.05569	0.00715	0.00479	0.00985

[dist]
# distance from previous block
# <min> <max>
0	1

[block]
# block no. 8 follows, 30 sequences, length 44
# corresponding to MSA columns:
# 553-596
name=unknown_I
#
# <colnr> <probs for GDERKNQSTAVLIFYWHMCP>
#	G	D	E	R	K	N	Q	S	T	A	V	L	I	F	Y	W	H	M	C	P
0	0.01047	0.00805	0.01092	0.05082	0.01332	0.00893	0.00842	0.01228	0.01332	0.01877	0.08367	0.37794	0.03481	0.07593	0.05585	0.00351	0.11098	0.03087	0.06500	0.00615
1	0.00996	0.00790	0.01163	0.21239	0.02045	0.00851	0.00985	0.01202	0.01322	0.01740	0.02961	0.47831	0.03388	0.08854	0.01094	0.00307	0.00577	0.01510	0.00532	0.00611
2	0.01676	0.01522	0.01621	0.01231	0.01765	0.07557	0.00986	0.08414	0.01639	0.02377	0.01239	0.01460	0.01026	0.00631	0.00707	0.00139	0.07350	0.00456	0.00427	0.57777
3	0.02173	0.01901	0.01948	0.02025	0.15933	0.16746	0.01327	0.21191	0.07004	0.07943	0.03876	0.02180	0.01551	0.09890	0.01035	0.00262	0.00831	0.00673	0.00536	0.00974
4	0.11823	0.01964	0.01802	0.07384	0.02182	0.16238	0.01247	0.24109	0.17517	0.06266	0.01745	0.01781	0.01292	0.00805	0.00654	0.00212	0.00797	0.00600	0.00576	0.01005
5	0.01952	0.01307	0.01999	0.10670	0.11869	0.01341	0.08265	0.05442	0.09217	0.21368	0.02030	0.02350	0.01546	0.05918	0.11190	0.00378	0.00919	0.00725	0.00550	0.00964
6	0.06268	0.12167	0.09415	0.07896	0.02110	0.01725	0.01279	0.22723	0.05156	0.06957	0.01948	0.04501	0.04636	0.09094	0.00972	0.00261	0.00734	0.00702	0.00525	0.00933
7	0.04180	0.01593	0.02915	0.23052	0.32270	0.01654	0.19963	0.02065	0.01538	0.02158	0.01308	0.01786	0.01033	0.00635	0.00720	0.00222	0.00941	0.00668	0.00341	0.00958
8	0.01831	0.01750	0.02576	0.03038	0.35128	0.05074	0.05820	0.11077	0.01693	0.02369	0.01246	0.01652	0.01051	0.00822	0.01147	0.00236	0.21486	0.00624	0.00383	0.00997
9	0.01002	0.00724	0.00999	0.00996	0.01085	0.00800	0.00721	0.01178	0.01136	0.01602	0.05772	0.03444	0.02257	0.26801	0.47302	0.00934	0.01414	0.00859	0.00411	0.00563
10	0.01647	0.01882	0.04118	0.02941	0.03647	0.01765	0.68588	0.02235	0.01647	0.02235	0.01412	0.01882	0.01059	0.00588	0.00824	0.00235	0.01176	0.00824	0.00353	0.00941
11	0.01790	0.01129	0.01269	0.01101	0.01456	0.01153	0.00867	0.08171	0.21238	0.16773	0.09037	0.03527	0.16262	0.01108	0.00708	0.00218	0.00488	0.00916	0.11866	0.00923
12	0.00889	0.00689	0.00800	0.00813	0.00979	0.00610	0.00588	0.01095	0.01638	0.02129	0.26230	0.19050	0.35212	0.04936	0.00955	0.00259	0.00370	0.01483	0.00676	0.00599
13	0.00938	0.00668	0.00896	0.01038	0.01114	0.00639	0.00761	0.01115	0.01419	0.01886	0.06816	0.50171	0.04433	0.06152	0.01055	0.00312	0.00479	0.18885	0.00639	0.00583
14	0.07857	0.00802	0.00990	0.00979	0.01180	0.00760	0.00719	0.01659	0.01544	0.16296	0.10799	0.39033	0.03651	0.01568	0.00767	0.00245	0.00438	0.01376	0.08611	0.00727
15	0.02653	0.01955	0.02094	0.01606	0.02164	0.02164	0.01326	0.68796	0.03281	0.04398	0.01675	0.01675	0.01187	0.00838	0.00698	0.00209	0.00768	0.00628	0.00698	0.01187
16	0.03131	0.01188	0.01619	0.01242	0.01781	0.01026	0.01026	0.03401	0.01997	0.71606	0.02753	0.02375	0.01727	0.00864	0.00702	0.00216	0.00594	0.00702	0.00864	0.01188
17	0.01736	0.01499	0.01578	0.01420	0.01815	0.01736	0.01105	0.03708	0.69862	0.02919	0.02840	0.02604	0.02130	0.00947	0.00710	0.00237	0.00552	0.00789	0.00710	0.01105
18	0.00946	0.00743	0.01124	0.01154	0.01276	0.00695	0.06632	0.01134	0.01418	0.01884	0.05932	0.57714	0.07396	0.01981	0.00886	0.00278	0.00487	0.07086	0.00625	0.00610
19	0.02246	0.22978	0.02589	0.01974	0.12874	0.27172	0.01419	0.14541	0.03944	0.02304	0.01244	0.01408	0.01018	0.00698	0.00603	0.00183	0.00939	0.00498	0.00412	0.00957
20	0.01631	0.05569	0.20629	0.02440	0.17663	0.01673	0.13677	0.07490	0.01629	0.02326	0.01325	0.01668	0.01051	0.00906	0.04490	0.00256	0.05424	0.00603	0.00366	0.09185
21	0.01819	0.20929	0.31722	0.01696	0.02394	0.15764	0.01813	0.04570	0.06947	0.02084	0.01277	0.01442	0.00998	0.00703	0.00658	0.00199	0.03178	0.00496	0.00354	0.00958
22	0.00918	0.00693	0.00848	0.00846	0.01009	0.00623	0.00621	0.01168	0.01755	0.02363	0.41085	0.17907	0.24305	0.01656	0.00835	0.00235	0.00349	0.01448	0.00713	0.00623
23	0.01777	0.09634	0.12853	0.06285	0.13668	0.01563	0.05642	0.11580	0.01868	0.09896	0.08801	0.02573	0.09093	0.00885	0.00699	0.00212	0.00746	0.00754	0.00510	0.00964
24	0.04421	0.02407	0.17169	0.02154	0.09142	0.17395	0.14352	0.08134	0.04978	0.06511	0.01585	0.05725	0.01280	0.00782	0.00702	0.00216	0.00968	0.00680	0.00437	0.00964
25	0.01067	0.00910	0.01170	0.01501	0.12065	0.04091	0.00902	0.01243	0.01434	0.01868	0.03676	0.52545	0.11203	0.01826	0.00840	0.00261	0.00505	0.01642	0.00587	0.00665
26	0.02306	0.01790	0.02336	0.04257	0.07660	0.12634	0.15962	0.05038	0.13555	0.24090	0.02021	0.02044	0.01431	0.00771	0.00717	0.00218	0.00852	0.00693	0.00585	0.01041
27	0.05746	0.02263	0.06243	0.02388	0.17078	0.20646	0.08768	0.15768	0.01959	0.02522	0.01272	0.01546	0.01013	0.00757	0.00852	0.00215	0.08999	0.00581	0.00418	0.00968
28	0.00956	0.00712	0.00985	0.01210	0.04994	0.00679	0.00827	0.01139	0.01419	0.01879	0.03819	0.53545	0.07283	0.02025	0.00892	0.00285	0.00477	0.15629	0.00630	0.00614
29	0.00929	0.00677	0.00837	0.00927	0.01022	0.00636	0.00660	0.01077	0.01386	0.01798	0.06204	0.33879	0.17019	0.16949	0.01430	0.00359	0.00488	0.12559	0.00605	0.00558
30	0.00850	0.00607	0.00810	0.00972	0.01012	0.00567	0.00648	0.00972	0.01336	0.01781	0.03846	0.75020	0.04615	0.02186	0.00891	0.00283	0.00405	0.01984	0.00648	0.00567
31	0.01337	0.01244	0.01760	0.01564	0.01605	0.01675	0.01276	0.01516	0.01084	0.01649	0.01270	0.02024	0.01240	0.04962	0.25384	0.00585	0.48117	0.00669	0.00332	0.00706
32	0.01886	0.01990	0.02580	0.09745	0.50175	0.17315	0.01949	0.02253	0.01658	0.02111	0.01255	0.01635	0.01045	0.00650	0.00678	0.00203	0.00932	0.00584	0.00345	0.01011
33	0.01694	0.01274	0.01501	0.01087	0.01696	0.01009	0.00876	0.05632	0.01607	0.09809	0.01426	0.01559	0.01116	0.00572	0.00547	0.00121	0.00539	0.00456	0.00477	0.67002
34	0.04568	0.00941	0.05213	0.01076	0.04393	0.00771	0.00812	0.01304	0.01687	0.02352	0.32807	0.16503	0.21947	0.01521	0.00801	0.00234	0.00423	0.01320	0.00654	0.00673
35	0.01096	0.00821	0.01064	0.06913	0.01404	0.00867	0.00813	0.04935	0.01369	0.01812	0.02989	0.11554	0.11583	0.23834	0.18311	0.00581	0.00905	0.08057	0.00494	0.00601
36	0.00901	0.00682	0.00812	0.00834	0.00978	0.00614	0.00593	0.01100	0.01609	0.02120	0.27088	0.23022	0.27403	0.07764	0.01063	0.00278	0.00384	0.01492	0.00670	0.00593
37	0.01858	0.20160	0.16360	0.11997	0.06777	0.05952	0.05375	0.14776	0.05961	0.02444	0.01360	0.01574	0.01049	0.00698	0.00634	0.00202	0.00878	0.00553	0.00409	0.00983
38	0.05807	0.01002	0.03380	0.01018	0.01308	0.00903	0.00823	0.03881	0.05820	0.13004	0.17130	0.07878	0.20251	0.07423	0.01006	0.00273	0.00499	0.07167	0.00668	0.00759
39	0.01515	0.14493	0.33717	0.02075	0.11629	0.01690	0.08049	0.02067	0.01499	0.02118	0.01551	0.01775	0.04832	0.00685	0.00639	0.00197	0.00877	0.00577	0.00340	0.09676
40	0.01452	0.13011	0.15186	0.01240	0.01693	0.04585	0.01172	0.01771	0.01444	0.05769	0.07386	0.09423	0.02092	0.11967	0.07481	0.00343	0.00807	0.00781	0.00445	0.11953
41	0.01815	0.14600	0.23363	0.01811	0.06567	0.01835	0.05381	0.06374	0.20604	0.08092	0.01804	0.01851	0.01341	0.00750	0.00656	0.00212	0.00796	0.00613	0.00486	0.01050
42	0.01609	0.01619	0.09332	0.02107	0.19403	0.03335	0.04863	0.05707	0.05660	0.06186	0.04012	0.10049	0.07091	0.00930	0.00699	0.00204	0.00696	0.00821	0.00490	0.15186
43	0.06220	0.02150	0.11191	0.04850	0.21333	0.12246	0.08853	0.14097	0.04052	0.02590	0.01640	0.01864	0.04304	0.00744	0.00687	0.00212	0.00901	0.00637	0.00434	0.00995

[dist]
# distance from previous block
# <min> <max>
1	56

[block]
# block no. 9 follows, 30 sequences, length 13
# corresponding to MSA columns:
# 657-669
name=unknown_J
#
# <colnr> <probs for GDERKNQSTAVLIFYWHMCP>
#	G	D	E	R	K	N	Q	S	T	A	V	L	I	F	Y	W	H	M	C	P
0	0.39622	0.01361	0.01227	0.01057	0.01416	0.04492	0.00819	0.12484	0.01584	0.08926	0.01528	0.02126	0.01327	0.17954	0.01226	0.00320	0.00643	0.00596	0.00507	0.00787
1	0.01642	0.01493	0.01726	0.08937	0.02093	0.10280	0.07753	0.13604	0.06027	0.02558	0.11182	0.08109	0.09807	0.01086	0.00737	0.00219	0.00711	0.03367	0.04416	0.04253
2	0.19203	0.00821	0.00843	0.00868	0.01073	0.00815	0.00638	0.01271	0.01454	0.02245	0.12094	0.29082	0.23950	0.01615	0.00757	0.00246	0.00411	0.01374	0.00612	0.00628
3	0.07307	0.01991	0.08366	0.02506	0.26005	0.08844	0.01659	0.21866	0.02106	0.05365	0.01580	0.02040	0.01284	0.00797	0.00686	0.00215	0.00832	0.05020	0.00491	0.01042
4	0.01612	0.03039	0.51694	0.01892	0.02769	0.01652	0.06113	0.13037	0.01778	0.02595	0.01400	0.01606	0.01005	0.00697	0.00666	0.00216	0.00949	0.00561	0.05693	0.01026
5	0.01096	0.00839	0.01154	0.01273	0.07237	0.00916	0.00806	0.01229	0.01125	0.01570	0.02041	0.08296	0.02192	0.36791	0.24788	0.00723	0.06003	0.00934	0.00408	0.00579
6	0.01008	0.00737	0.01058	0.01058	0.01193	0.00836	0.00820	0.01259	0.01179	0.01713	0.02252	0.02999	0.06416	0.04662	0.62345	0.00989	0.01649	0.00789	0.06417	0.00623
7	0.01045	0.00793	0.00997	0.01005	0.01159	0.00815	0.00752	0.01445	0.08672	0.02064	0.17093	0.14135	0.12248	0.10579	0.17709	0.00499	0.00787	0.06964	0.00590	0.00649
8	0.01449	0.01297	0.03309	0.03576	0.09234	0.05033	0.08464	0.08751	0.03979	0.04190	0.02850	0.29471	0.07539	0.06360	0.00979	0.00273	0.00674	0.01233	0.00549	0.00789
9	0.01024	0.00693	0.00905	0.00908	0.01043	0.00692	0.00675	0.01301	0.01583	0.02327	0.31731	0.15408	0.04285	0.02316	0.17349	0.00427	0.00696	0.01149	0.14852	0.00634
10	0.01842	0.09598	0.12583	0.01794	0.10521	0.17458	0.01432	0.05795	0.01684	0.02191	0.01212	0.01423	0.00984	0.00623	0.00588	0.00161	0.00835	0.00470	0.00379	0.28426
11	0.08210	0.14830	0.24989	0.01947	0.11555	0.05751	0.01741	0.07655	0.12348	0.02455	0.01463	0.01602	0.01125	0.00706	0.00620	0.00206	0.00833	0.00543	0.00414	0.01007
12	0.01742	0.23375	0.18581	0.01677	0.06276	0.06536	0.05485	0.02147	0.01565	0.07602	0.01785	0.02212	0.05036	0.00795	0.00631	0.00195	0.00816	0.05280	0.00407	0.07857

[dist]
# distance from previous block
# <min> <max>
0	1

[block]
# block no. 10 follows, 30 sequences, length 18
# corresponding to MSA columns:
# 671-688
name=unknown_K
#
# <colnr> <probs for GDERKNQSTAVLIFYWHMCP>
#	G	D	E	R	K	N	Q	S	T	A	V	L	I	F	Y	W	H	M	C	P
0	0.01833	0.30741	0.21289	0.01513	0.02159	0.08578	0.01554	0.02588	0.16197	0.04992	0.01532	0.01598	0.01192	0.00712	0.00589	0.00193	0.00822	0.00521	0.00415	0.00981
1	0.01727	0.01658	0.02832	0.04283	0.71123	0.01658	0.02142	0.02142	0.01589	0.02280	0.01313	0.01727	0.01105	0.00622	0.00691	0.00207	0.00829	0.00622	0.00345	0.01105
2	0.01115	0.00717	0.00998	0.01011	0.01085	0.00757	0.00720	0.04069	0.01183	0.01618	0.02084	0.18336	0.02213	0.08238	0.24638	0.28323	0.00978	0.00980	0.00427	0.00510
3	0.00992	0.00743	0.00897	0.00945	0.01091	0.00699	0.00682	0.05496	0.01628	0.02134	0.13892	0.40528	0.21441	0.01875	0.00855	0.00259	0.00414	0.04132	0.00668	0.00629
4	0.01125	0.00905	0.01077	0.01067	0.01233	0.03831	0.00814	0.01526	0.07772	0.02101	0.20294	0.08039	0.08215	0.08656	0.22491	0.00541	0.00916	0.08159	0.00572	0.00665
5	0.01114	0.00717	0.00923	0.00991	0.01118	0.00671	0.00696	0.01353	0.04528	0.08495	0.09387	0.54533	0.08962	0.01915	0.00855	0.00266	0.00419	0.01716	0.00681	0.00658
6	0.00997	0.00748	0.01121	0.01121	0.01246	0.00872	0.00872	0.01246	0.01121	0.01620	0.01869	0.02741	0.01745	0.05234	0.72710	0.01121	0.01869	0.00748	0.00374	0.00623
7	0.07145	0.04870	0.01387	0.01111	0.01465	0.07455	0.00880	0.02226	0.01755	0.27811	0.13438	0.10768	0.11445	0.01335	0.03530	0.00255	0.00617	0.00962	0.00678	0.00866
8	0.00979	0.00691	0.00861	0.00952	0.01008	0.00672	0.00627	0.04336	0.01355	0.01807	0.03341	0.54363	0.03943	0.19835	0.01524	0.00375	0.00488	0.01683	0.00596	0.00563
9	0.00850	0.00644	0.00773	0.00872	0.00976	0.00580	0.00597	0.00984	0.01405	0.01795	0.04845	0.48603	0.26720	0.05698	0.01001	0.00287	0.00401	0.01764	0.00637	0.00567
10	0.01783	0.01823	0.02592	0.15275	0.50666	0.11567	0.01998	0.02173	0.01612	0.02119	0.01268	0.01683	0.01048	0.00648	0.00683	0.00208	0.00906	0.00597	0.00342	0.01010
11	0.01282	0.07946	0.04824	0.01238	0.01456	0.09124	0.01034	0.01520	0.01501	0.01866	0.02973	0.26521	0.03306	0.06760	0.01020	0.00298	0.00671	0.25446	0.00548	0.00665
12	0.14386	0.10509	0.20427	0.05705	0.13761	0.11532	0.05065	0.06813	0.01639	0.02368	0.01199	0.01446	0.00935	0.00664	0.00615	0.00205	0.00903	0.00515	0.00366	0.00947
13	0.01377	0.00919	0.01089	0.01024	0.01260	0.00913	0.00771	0.05922	0.11743	0.09198	0.21616	0.21164	0.11706	0.01444	0.00780	0.00234	0.00435	0.01254	0.06374	0.00777
