[name]
unknown

[dist]
# distance from previous block
# <min> <max>
0	186

[block]
# block no. 0 follows, 26 sequences, length 15
# corresponding to MSA columns:
# 186-200
name=unknown_A
#
# <colnr> <probs for GDERKNQSTAVLIFYWHMCP>
#	G	D	E	R	K	N	Q	S	T	A	V	L	I	F	Y	W	H	M	C	P
0	0.01983	0.06062	0.01826	0.01587	0.01882	0.26231	0.01262	0.08123	0.01983	0.02269	0.04555	0.11740	0.05640	0.01378	0.00949	0.00258	0.06420	0.14470	0.00549	0.00833
1	0.06706	0.01693	0.11856	0.01710	0.07184	0.01382	0.01431	0.04549	0.08672	0.22207	0.08431	0.05588	0.04508	0.01131	0.00862	0.00255	0.03803	0.06298	0.00679	0.01055
2	0.02415	0.01918	0.02018	0.15056	0.02708	0.12083	0.01445	0.24064	0.09210	0.12421	0.02111	0.07502	0.01667	0.00992	0.00766	0.00238	0.00867	0.00795	0.00645	0.01081
3	0.01687	0.20402	0.19559	0.24176	0.15592	0.02059	0.02116	0.02210	0.01583	0.02114	0.01292	0.01687	0.01024	0.00706	0.00679	0.00222	0.00968	0.00578	0.00337	0.01011
4	0.06129	0.01653	0.02321	0.17374	0.09729	0.01829	0.09659	0.11131	0.22640	0.02908	0.02282	0.02451	0.04738	0.00894	0.00770	0.00248	0.00827	0.00792	0.00565	0.01063
5	0.02237	0.01682	0.02768	0.03876	0.52896	0.01640	0.02042	0.02650	0.01832	0.18190	0.01796	0.02043	0.01361	0.00738	0.00754	0.00227	0.00841	0.00696	0.00508	0.01223
6	0.01318	0.00659	0.00988	0.00988	0.00988	0.00659	0.00659	0.00988	0.00988	0.01318	0.01318	0.02306	0.01318	0.02635	0.02964	0.77931	0.00659	0.00659	0.00329	0.00329
7	0.02973	0.01893	0.17222	0.01535	0.02244	0.01263	0.01501	0.03401	0.02041	0.53885	0.02620	0.02358	0.01668	0.00889	0.00753	0.00236	0.00754	0.00717	0.00797	0.01252
8	0.01988	0.68334	0.09093	0.01365	0.02051	0.02904	0.01416	0.02281	0.01546	0.01833	0.01078	0.01247	0.00972	0.00655	0.00505	0.00168	0.00835	0.00418	0.00324	0.00985
9	0.01089	0.01505	0.16961	0.01110	0.01514	0.00925	0.01075	0.01401	0.01562	0.02005	0.05033	0.05444	0.38057	0.17300	0.01505	0.00357	0.00635	0.01246	0.00560	0.00714
10	0.01811	0.43922	0.31955	0.01667	0.02518	0.02471	0.01941	0.02327	0.01567	0.02049	0.01186	0.01381	0.00968	0.00680	0.00587	0.00196	0.00944	0.00472	0.00323	0.01037
11	0.02090	0.00985	0.01281	0.01130	0.01479	0.00862	0.00872	0.02326	0.01895	0.33466	0.09255	0.22194	0.15877	0.01553	0.00853	0.00258	0.00519	0.01337	0.00824	0.00944
12	0.01911	0.57723	0.19030	0.01497	0.02254	0.02716	0.01644	0.02301	0.01555	0.01927	0.01125	0.01305	0.00971	0.00665	0.00541	0.00180	0.00882	0.00441	0.00324	0.01007
13	0.01898	0.55847	0.20787	0.01520	0.02290	0.02683	0.01684	0.02305	0.01557	0.01943	0.01133	0.01316	0.00970	0.00667	0.00547	0.00182	0.00891	0.00445	0.00323	0.01011
14	0.01771	0.51168	0.08299	0.01254	0.01786	0.02371	0.01217	0.02006	0.01443	0.01758	0.01393	0.02130	0.01393	0.17789	0.01300	0.00303	0.00817	0.00582	0.00356	0.00864

[dist]
# distance from previous block
# <min> <max>
9	15

[block]
# block no. 1 follows, 26 sequences, length 58
# corresponding to MSA columns:
# 216-262,264-274
name=unknown_B
#
# <colnr> <probs for GDERKNQSTAVLIFYWHMCP>
#	G	D	E	R	K	N	Q	S	T	A	V	L	I	F	Y	W	H	M	C	P
0	0.01926	0.01499	0.01602	0.01377	0.01739	0.01661	0.01048	0.21509	0.27792	0.03151	0.02787	0.03325	0.05773	0.19582	0.01567	0.00371	0.00692	0.00910	0.00684	0.01006
1	0.08162	0.01586	0.02212	0.11210	0.23119	0.01666	0.01631	0.07101	0.13655	0.18819	0.02090	0.02183	0.01517	0.00831	0.00737	0.00238	0.00771	0.00709	0.00610	0.01154
2	0.01732	0.01688	0.01586	0.01257	0.01802	0.13449	0.00980	0.02133	0.05356	0.02405	0.06299	0.02315	0.06724	0.00797	0.00643	0.00155	0.00682	0.00628	0.00502	0.48869
3	0.01858	0.60698	0.03480	0.01284	0.01840	0.02633	0.01235	0.02107	0.01483	0.01780	0.01230	0.01533	0.01139	0.01554	0.13025	0.00352	0.01030	0.00479	0.00339	0.00920
4	0.02237	0.04784	0.27848	0.02384	0.15439	0.01826	0.02068	0.16765	0.02160	0.14580	0.01752	0.01863	0.01241	0.00790	0.00735	0.00231	0.00922	0.00641	0.00537	0.01199
5	0.01989	0.25355	0.11296	0.02083	0.02710	0.14504	0.19745	0.02397	0.01687	0.02044	0.01291	0.01685	0.01087	0.03282	0.00916	0.00235	0.05758	0.00619	0.00358	0.00960
6	0.78701	0.01467	0.01115	0.00997	0.01467	0.01702	0.00821	0.02230	0.01291	0.03403	0.01056	0.01232	0.00821	0.00704	0.00469	0.00235	0.00587	0.00411	0.00469	0.00821
7	0.00933	0.00770	0.00820	0.00807	0.01047	0.00656	0.00605	0.01160	0.01816	0.02256	0.20315	0.06959	0.55543	0.01844	0.00896	0.00252	0.00379	0.01553	0.00732	0.00656
8	0.01877	0.01802	0.03079	0.04656	0.68612	0.01802	0.02328	0.02328	0.01727	0.02478	0.01427	0.01877	0.01201	0.00676	0.00751	0.00225	0.00901	0.00676	0.00375	0.01201
9	0.01678	0.01416	0.01627	0.01442	0.01751	0.01636	0.01139	0.08485	0.31590	0.02933	0.14362	0.03461	0.08666	0.01446	0.04254	0.00306	0.11151	0.00966	0.00694	0.00996
10	0.01053	0.00763	0.00957	0.00925	0.01078	0.00706	0.00666	0.01332	0.01921	0.02666	0.49739	0.09429	0.12011	0.11871	0.01322	0.00315	0.00419	0.01398	0.00762	0.00667
11	0.01539	0.01319	0.01387	0.01274	0.01636	0.01441	0.00983	0.02988	0.43627	0.02822	0.08092	0.04352	0.22744	0.01330	0.00817	0.00256	0.00521	0.01113	0.00755	0.01003
12	0.02608	0.02248	0.02287	0.02136	0.11079	0.12806	0.01530	0.39457	0.11671	0.03803	0.01838	0.01894	0.01367	0.00875	0.00748	0.00226	0.00895	0.00675	0.00652	0.01202
13	0.01084	0.00813	0.01219	0.01219	0.01354	0.00948	0.00948	0.01354	0.01219	0.01761	0.02032	0.02980	0.01896	0.05689	0.70337	0.01219	0.02032	0.00813	0.00406	0.00677
14	0.01896	0.01496	0.01614	0.01357	0.01796	0.01583	0.01075	0.23790	0.19949	0.03373	0.08551	0.06169	0.15790	0.01226	0.00794	0.00236	0.00607	0.01008	0.00731	0.06958
15	0.01756	0.02290	0.18087	0.07298	0.33230	0.01815	0.14980	0.02455	0.06010	0.02467	0.01538	0.01920	0.01200	0.00706	0.00775	0.00238	0.01012	0.00705	0.00389	0.01128
16	0.02566	0.16959	0.02451	0.01779	0.02224	0.49200	0.01402	0.03001	0.09717	0.01998	0.01376	0.01511	0.01134	0.00785	0.00656	0.00196	0.01170	0.00516	0.00423	0.00935
17	0.02072	0.01604	0.01788	0.12018	0.02364	0.06847	0.01289	0.24915	0.05257	0.07906	0.02544	0.23053	0.02422	0.01321	0.00816	0.00255	0.00761	0.01119	0.00664	0.00987
18	0.01758	0.01734	0.02794	0.25433	0.38653	0.04621	0.04823	0.02204	0.01642	0.02236	0.01367	0.01894	0.01116	0.00749	0.00874	0.00241	0.05782	0.00676	0.00361	0.01042
19	0.64911	0.01527	0.01467	0.01654	0.13519	0.01720	0.01092	0.02247	0.01369	0.03237	0.01123	0.01348	0.00890	0.00699	0.00520	0.00233	0.00643	0.00458	0.00453	0.00890
20	0.05397	0.02344	0.16667	0.02525	0.03275	0.01920	0.34391	0.11474	0.01967	0.06214	0.01565	0.01896	0.01147	0.00750	0.00903	0.00251	0.05028	0.00757	0.00454	0.01075
21	0.02084	0.01727	0.01826	0.01584	0.02048	0.01979	0.01248	0.16312	0.54638	0.03491	0.02837	0.02630	0.02112	0.01006	0.00769	0.00251	0.00647	0.00823	0.00769	0.01218
22	0.01000	0.00746	0.00930	0.00940	0.01103	0.00676	0.00684	0.01269	0.01891	0.02566	0.40041	0.22360	0.19348	0.01829	0.00913	0.00259	0.00383	0.01610	0.00776	0.00676
23	0.01877	0.01802	0.03079	0.04656	0.68612	0.01802	0.02328	0.02328	0.01727	0.02478	0.01427	0.01877	0.01201	0.00676	0.00751	0.00225	0.00901	0.00676	0.00375	0.01201
24	0.00984	0.00802	0.00876	0.00868	0.01099	0.00714	0.00646	0.01300	0.04879	0.02312	0.20520	0.11768	0.46881	0.01833	0.00896	0.00256	0.00393	0.01558	0.00736	0.00681
25	0.01777	0.01522	0.01617	0.01462	0.01863	0.01737	0.01134	0.03690	0.59063	0.03114	0.08648	0.03256	0.05552	0.01110	0.00787	0.00256	0.00571	0.00932	0.00774	0.01137
26	0.01877	0.01802	0.03079	0.04656	0.68612	0.01802	0.02328	0.02328	0.01727	0.02478	0.01427	0.01877	0.01201	0.00676	0.00751	0.00225	0.00901	0.00676	0.00375	0.01201
27	0.01628	0.01547	0.02628	0.42183	0.33036	0.01737	0.02204	0.02109	0.01609	0.02175	0.01383	0.01959	0.01095	0.00722	0.00755	0.00241	0.00963	0.00675	0.00354	0.01000
28	0.00968	0.00771	0.00867	0.00843	0.01068	0.00671	0.00633	0.01227	0.01898	0.02450	0.32102	0.06641	0.43636	0.01772	0.00896	0.00249	0.00374	0.01508	0.00757	0.00671
29	0.01897	0.01877	0.02939	0.11006	0.58064	0.06297	0.02250	0.02336	0.01734	0.02384	0.01402	0.01858	0.01168	0.00691	0.00747	0.00226	0.00943	0.00663	0.00373	0.01145
30	0.01412	0.03157	0.52763	0.01868	0.02760	0.01507	0.02294	0.02166	0.01734	0.02558	0.17635	0.02591	0.02469	0.00923	0.00763	0.00240	0.00935	0.00758	0.00446	0.01022
31	0.01165	0.00939	0.01036	0.00983	0.01251	0.00898	0.00756	0.04278	0.10134	0.02586	0.23379	0.06113	0.37776	0.01672	0.00881	0.00254	0.00436	0.03951	0.00751	0.00761
32	0.01412	0.01313	0.02120	0.47722	0.12036	0.01544	0.01849	0.01851	0.01593	0.02084	0.06471	0.02829	0.09080	0.00957	0.00857	0.00252	0.03934	0.00825	0.00416	0.00854
33	0.01498	0.01500	0.01434	0.01555	0.09351	0.14356	0.01032	0.01892	0.06227	0.02391	0.20909	0.04799	0.27328	0.01400	0.00829	0.00236	0.00643	0.01169	0.00643	0.00809
34	0.01456	0.01198	0.01591	0.01858	0.17817	0.01106	0.01126	0.05261	0.01837	0.02600	0.11621	0.03871	0.20166	0.01138	0.00748	0.00209	0.00562	0.00975	0.09670	0.15191
35	0.01582	0.01538	0.02604	0.22618	0.25025	0.01687	0.09440	0.02006	0.01623	0.02222	0.05033	0.02605	0.07821	0.00936	0.01009	0.00254	0.09809	0.00820	0.00413	0.00956
36	0.01626	0.01568	0.02728	0.41398	0.29436	0.01745	0.06385	0.02120	0.01615	0.02177	0.01391	0.01968	0.01093	0.00719	0.00764	0.00242	0.00987	0.00689	0.00355	0.00992
37	0.01059	0.00879	0.00942	0.00935	0.01181	0.00824	0.00696	0.01540	0.11201	0.02284	0.11888	0.15195	0.44990	0.01820	0.00888	0.00262	0.00421	0.01547	0.00726	0.00725
38	0.02584	0.03097	0.02195	0.01948	0.02269	0.51220	0.01506	0.06918	0.02030	0.02042	0.01177	0.01460	0.01002	0.00907	0.01077	0.00227	0.16502	0.00539	0.00402	0.00896
39	0.01843	0.01754	0.02983	0.04487	0.65148	0.01754	0.02271	0.02289	0.01728	0.02467	0.01561	0.02222	0.01365	0.00749	0.00766	0.00232	0.00891	0.03922	0.00392	0.01175
40	0.02567	0.06925	0.20195	0.01888	0.05565	0.14982	0.01745	0.11315	0.02140	0.22596	0.01859	0.01869	0.01295	0.00817	0.00719	0.00223	0.00959	0.00620	0.00580	0.01142
41	0.01511	0.00884	0.01083	0.00970	0.01266	0.00774	0.00750	0.01793	0.01995	0.16963	0.31385	0.05612	0.28970	0.01557	0.00867	0.00244	0.00430	0.01326	0.00808	0.00812
42	0.01563	0.01542	0.06136	0.01841	0.11662	0.08982	0.01276	0.01847	0.01611	0.05101	0.11807	0.10882	0.02791	0.11445	0.12004	0.00463	0.06716	0.00995	0.00515	0.00818
43	0.02145	0.05700	0.26658	0.05418	0.02640	0.20390	0.01864	0.02626	0.01832	0.12826	0.01857	0.06811	0.01529	0.00940	0.00740	0.00234	0.01031	0.03269	0.00481	0.01010
44	0.01432	0.01348	0.02275	0.71520	0.05224	0.01685	0.02107	0.01938	0.01517	0.01938	0.01348	0.02022	0.01011	0.00758	0.00758	0.00253	0.01011	0.00674	0.00337	0.00843
45	0.01627	0.06837	0.04746	0.24855	0.26298	0.01611	0.01856	0.02031	0.01611	0.04931	0.01931	0.14634	0.01829	0.01018	0.00772	0.00245	0.00844	0.00921	0.00440	0.00966
46	0.02378	0.13607	0.02476	0.02006	0.06658	0.42265	0.04756	0.02711	0.04946	0.01996	0.01561	0.06217	0.01428	0.00902	0.00704	0.00211	0.01133	0.02705	0.00427	0.00915
47	0.04320	0.00855	0.00979	0.01031	0.01211	0.00826	0.00758	0.04261	0.03785	0.02210	0.04894	0.31843	0.24651	0.06688	0.01107	0.00316	0.00499	0.08403	0.00682	0.00681
48	0.01599	0.01452	0.06174	0.01932	0.13736	0.01286	0.01372	0.11443	0.02046	0.02854	0.16113	0.09350	0.03337	0.01288	0.00830	0.00246	0.00675	0.13056	0.00622	0.10590
49	0.01611	0.01970	0.14558	0.01356	0.01927	0.10244	0.01254	0.01999	0.01633	0.02311	0.01992	0.07942	0.04351	0.03993	0.00795	0.00204	0.00744	0.00721	0.08840	0.31559
50	0.01192	0.01008	0.04613	0.07848	0.04491	0.00928	0.00824	0.01306	0.01197	0.01610	0.02193	0.04366	0.02426	0.59294	0.03258	0.00640	0.00789	0.01014	0.00437	0.00565
51	0.21109	0.02726	0.02085	0.02267	0.15526	0.39754	0.01483	0.02693	0.01855	0.02359	0.01196	0.01438	0.00985	0.00741	0.00645	0.00211	0.01083	0.00507	0.00407	0.00930
52	0.00976	0.00718	0.00919	0.01012	0.01129	0.00661	0.00723	0.01186	0.01680	0.02242	0.20108	0.42694	0.14773	0.02092	0.00945	0.00286	0.00430	0.06040	0.00735	0.00649
53	0.09631	0.36668	0.14452	0.01502	0.02171	0.09214	0.01505	0.02600	0.05281	0.08588	0.01418	0.01520	0.01118	0.00729	0.00587	0.00198	0.00871	0.00500	0.00428	0.01017
54	0.02449	0.21592	0.07118	0.02112	0.15541	0.05159	0.01555	0.05131	0.06210	0.23044	0.01917	0.01933	0.01399	0.00789	0.00679	0.00213	0.00811	0.00625	0.00573	0.01149
55	0.05303	0.02293	0.16089	0.11758	0.05824	0.15349	0.06580	0.02323	0.01736	0.06786	0.04202	0.02404	0.04352	0.05669	0.00935	0.00262	0.00966	0.00719	0.05530	0.00921
56	0.01954	0.10590	0.10425	0.01538	0.02005	0.12433	0.01355	0.13091	0.11857	0.02619	0.05066	0.02771	0.01961	0.11452	0.04765	0.00350	0.00935	0.03346	0.00538	0.00953
57	0.15061	0.21522	0.14183	0.01603	0.02213	0.12281	0.01542	0.12754	0.01919	0.02683	0.01352	0.01686	0.01118	0.00815	0.00710	0.00218	0.04180	0.02724	0.00442	0.00995

[dist]
# distance from previous block
# <min> <max>
0	7

[block]
# block no. 2 follows, 26 sequences, length 18
# corresponding to MSA columns:
# 284-301
name=unknown_C
#
# <colnr> <probs for GDERKNQSTAVLIFYWHMCP>
#	G	D	E	R	K	N	Q	S	T	A	V	L	I	F	Y	W	H	M	C	P
0	0.01637	0.01341	0.01468	0.01306	0.01687	0.01430	0.01025	0.08910	0.32126	0.03041	0.14720	0.04113	0.13390	0.01267	0.00811	0.00246	0.00550	0.04092	0.00746	0.06094
1	0.01243	0.00949	0.01192	0.01130	0.01396	0.00877	0.00885	0.01677	0.06145	0.02597	0.28018	0.11223	0.04677	0.04848	0.01003	0.00271	0.00515	0.15493	0.00699	0.15161
2	0.01565	0.01838	0.16945	0.17946	0.15200	0.01394	0.01812	0.02066	0.01756	0.07582	0.13298	0.03181	0.10209	0.01019	0.00788	0.00241	0.00803	0.00883	0.00514	0.00961
3	0.02225	0.01678	0.01859	0.01478	0.01995	0.01729	0.01183	0.39642	0.02727	0.03735	0.02157	0.15038	0.01949	0.01107	0.00754	0.00217	0.00700	0.00906	0.00680	0.18240
4	0.16264	0.01923	0.02215	0.01825	0.02244	0.13172	0.13909	0.02669	0.16294	0.02676	0.08883	0.02301	0.01951	0.00942	0.00942	0.00249	0.09312	0.00753	0.00530	0.00945
5	0.01763	0.37273	0.38181	0.01750	0.02645	0.02353	0.02084	0.02340	0.01573	0.02107	0.01215	0.01418	0.00967	0.00686	0.00609	0.00203	0.00973	0.00487	0.00322	0.01051
6	0.01508	0.15200	0.42966	0.01745	0.02575	0.01741	0.02080	0.02164	0.01713	0.02439	0.16194	0.02441	0.02343	0.00893	0.00719	0.00226	0.00898	0.00715	0.00436	0.01005
7	0.00936	0.00770	0.00823	0.00810	0.01049	0.00657	0.00607	0.01165	0.01822	0.02270	0.21161	0.06936	0.54688	0.01839	0.00896	0.00252	0.00378	0.01550	0.00733	0.00657
8	0.01785	0.01625	0.01583	0.01518	0.06094	0.12034	0.01082	0.15843	0.02150	0.02709	0.05805	0.14983	0.18735	0.01354	0.00799	0.00231	0.00699	0.01123	0.00622	0.09226
9	0.00902	0.00747	0.00790	0.00825	0.01039	0.00636	0.00601	0.01082	0.01675	0.02027	0.06998	0.20129	0.55917	0.02010	0.00910	0.00266	0.00395	0.01710	0.00704	0.00636
10	0.01617	0.17128	0.57047	0.01999	0.03030	0.01996	0.02518	0.02377	0.01590	0.02285	0.01303	0.01529	0.00963	0.00707	0.00676	0.00225	0.01062	0.00531	0.00321	0.01093
11	0.01232	0.01079	0.01569	0.01281	0.01666	0.00929	0.10215	0.01561	0.01788	0.02457	0.21248	0.11033	0.20711	0.01367	0.00826	0.00223	0.00553	0.01226	0.00634	0.18401
12	0.01954	0.01574	0.01778	0.01304	0.01959	0.01401	0.01057	0.20585	0.02153	0.03144	0.01486	0.01645	0.01172	0.00663	0.00619	0.00146	0.00641	0.00517	0.00539	0.55662
13	0.01648	0.01538	0.02575	0.21003	0.42767	0.01614	0.02037	0.02099	0.01735	0.02424	0.11142	0.02466	0.02022	0.00824	0.00774	0.00234	0.00850	0.00777	0.00433	0.01040
14	0.05770	0.07721	0.09548	0.01842	0.02367	0.34719	0.01576	0.18921	0.02325	0.02721	0.01337	0.01508	0.01049	0.00824	0.00777	0.00215	0.04748	0.00546	0.00473	0.01012
15	0.02157	0.02311	0.13205	0.11918	0.02765	0.12532	0.01662	0.10643	0.23373	0.08534	0.02088	0.02138	0.01531	0.00878	0.00745	0.00239	0.00899	0.00695	0.00586	0.01103
16	0.01429	0.14697	0.02186	0.23561	0.10611	0.01560	0.01492	0.01756	0.01548	0.02003	0.02370	0.23131	0.02499	0.01321	0.00794	0.00257	0.00766	0.06710	0.00479	0.00831
17	0.01755	0.01557	0.01985	0.13276	0.02527	0.07466	0.08920	0.15374	0.04410	0.02606	0.02430	0.20158	0.02427	0.07641	0.01107	0.00303	0.00842	0.03769	0.00570	0.00878

[dist]
# distance from previous block
# <min> <max>
3	9

[block]
# block no. 3 follows, 26 sequences, length 14
# corresponding to MSA columns:
# 312-325
name=unknown_D
#
# <colnr> <probs for GDERKNQSTAVLIFYWHMCP>
#	G	D	E	R	K	N	Q	S	T	A	V	L	I	F	Y	W	H	M	C	P
0	0.01972	0.29691	0.19174	0.01783	0.02495	0.08322	0.07069	0.05508	0.12558	0.02356	0.01548	0.01685	0.01221	0.00751	0.00654	0.00210	0.00940	0.00578	0.00427	0.01056
1	0.01914	0.31039	0.26209	0.01707	0.02432	0.14211	0.01822	0.02373	0.01642	0.02010	0.01264	0.01525	0.01047	0.01119	0.06450	0.00284	0.01119	0.00508	0.00342	0.00983
2	0.01780	0.17021	0.12841	0.01427	0.01929	0.01674	0.01347	0.12003	0.01859	0.07644	0.02430	0.14662	0.05459	0.01925	0.12216	0.00395	0.00965	0.00939	0.00540	0.00943
3	0.01996	0.69421	0.08075	0.01352	0.02031	0.02924	0.01392	0.02279	0.01545	0.01823	0.01074	0.01241	0.00973	0.00653	0.00501	0.00167	0.00831	0.00415	0.00324	0.00983
4	0.01035	0.00758	0.01016	0.01054	0.01151	0.00799	0.00752	0.01209	0.01294	0.01763	0.03127	0.18993	0.09227	0.19449	0.33941	0.00822	0.01242	0.01245	0.00512	0.00613
5	0.01081	0.00886	0.01358	0.01269	0.01471	0.00890	0.07123	0.01349	0.01503	0.02032	0.09353	0.20013	0.14998	0.03387	0.28905	0.00655	0.01146	0.01322	0.00564	0.00694
6	0.01115	0.00782	0.01019	0.01046	0.01118	0.00828	0.00740	0.01259	0.01241	0.01691	0.02520	0.04853	0.02717	0.39745	0.25670	0.00838	0.01163	0.10607	0.00479	0.00569
7	0.09480	0.01463	0.01696	0.01440	0.01916	0.01522	0.01184	0.14548	0.16645	0.25882	0.02795	0.03365	0.02184	0.01124	0.00784	0.00257	0.00673	0.11125	0.00787	0.01130
8	0.08225	0.34008	0.11824	0.01332	0.02038	0.02058	0.01329	0.02165	0.01539	0.02234	0.01195	0.01389	0.01009	0.00634	0.00542	0.00162	0.00751	0.00442	0.00378	0.26746
9	0.01599	0.01388	0.01827	0.01572	0.01901	0.07154	0.11631	0.07230	0.04768	0.05422	0.09886	0.31896	0.03483	0.01522	0.00867	0.00260	0.00706	0.01388	0.00643	0.04857
10	0.02240	0.32245	0.02749	0.01460	0.02024	0.19338	0.01252	0.02668	0.07878	0.06868	0.01461	0.01562	0.01189	0.00724	0.00595	0.00176	0.00878	0.00501	0.00448	0.13743
11	0.01848	0.13205	0.01844	0.01182	0.01691	0.01428	0.00980	0.04465	0.10870	0.12678	0.06317	0.03258	0.15904	0.01045	0.00702	0.00200	0.00583	0.00842	0.00631	0.20325
12	0.02612	0.02429	0.02200	0.02192	0.13121	0.26899	0.01489	0.21379	0.02418	0.09339	0.01676	0.01981	0.01331	0.06425	0.00970	0.00255	0.01015	0.00651	0.00555	0.01061
13	0.01825	0.01585	0.01845	0.02201	0.18479	0.10431	0.01375	0.02414	0.12561	0.07917	0.02899	0.14171	0.05938	0.04276	0.00952	0.00278	0.00763	0.08534	0.00600	0.00956

[dist]
# distance from previous block
# <min> <max>
0	8

[block]
# block no. 4 follows, 26 sequences, length 8
# corresponding to MSA columns:
# 339-346
name=unknown_E
#
# <colnr> <probs for GDERKNQSTAVLIFYWHMCP>
#	G	D	E	R	K	N	Q	S	T	A	V	L	I	F	Y	W	H	M	C	P
0	0.01954	0.01271	0.01430	0.01232	0.01526	0.01341	0.00902	0.14220	0.15921	0.12801	0.02526	0.03557	0.02255	0.33269	0.02147	0.00462	0.00711	0.00920	0.00656	0.00900
1	0.01699	0.01620	0.02757	0.31450	0.43210	0.01755	0.02239	0.02172	0.01643	0.02262	0.01395	0.01935	0.01125	0.00709	0.00754	0.00236	0.00945	0.00675	0.00360	0.01058
2	0.01818	0.29261	0.15044	0.10959	0.24344	0.02233	0.01997	0.02273	0.01610	0.02139	0.01265	0.01597	0.01050	0.00683	0.00647	0.00207	0.00919	0.00553	0.00342	0.01058
3	0.01217	0.00894	0.01078	0.01126	0.01280	0.00881	0.00800	0.10882	0.01805	0.02379	0.04244	0.54268	0.12035	0.02100	0.00928	0.00290	0.00493	0.01867	0.00712	0.00721
4	0.26859	0.01493	0.02058	0.16110	0.26294	0.01636	0.01660	0.02130	0.01546	0.02651	0.01598	0.02489	0.01416	0.00870	0.00696	0.00248	0.00796	0.08065	0.00437	0.00947
5	0.02260	0.02708	0.02335	0.02023	0.02422	0.42641	0.13089	0.02547	0.01965	0.02016	0.01877	0.09786	0.01817	0.01072	0.00794	0.00236	0.01178	0.07919	0.00457	0.00857
6	0.02242	0.02365	0.02556	0.13651	0.29341	0.24271	0.01906	0.10084	0.02052	0.02466	0.01378	0.01726	0.01109	0.00751	0.00731	0.00220	0.01063	0.00615	0.00420	0.01052
7	0.10374	0.00834	0.00922	0.00908	0.01014	0.00888	0.00607	0.01374	0.01212	0.01937	0.02172	0.03850	0.02252	0.41919	0.16001	0.00696	0.00920	0.00912	0.10628	0.00578

[dist]
# distance from previous block
# <min> <max>
13	87

[block]
# block no. 5 follows, 26 sequences, length 7
# corresponding to MSA columns:
# 442-448
name=unknown_F
#
# <colnr> <probs for GDERKNQSTAVLIFYWHMCP>
#	G	D	E	R	K	N	Q	S	T	A	V	L	I	F	Y	W	H	M	C	P
0	0.13981	0.07503	0.09642	0.08193	0.02363	0.07135	0.01388	0.10113	0.01860	0.09668	0.01528	0.01723	0.01158	0.00963	0.03838	0.00248	0.00866	0.00555	0.00499	0.16776
1	0.01957	0.02043	0.09390	0.10519	0.10235	0.13676	0.01561	0.11515	0.02146	0.06424	0.16380	0.02915	0.05982	0.01014	0.00777	0.00230	0.00852	0.00836	0.00572	0.00974
2	0.16500	0.13624	0.13097	0.01925	0.10631	0.14280	0.01566	0.02593	0.01722	0.11033	0.01440	0.01590	0.01098	0.00731	0.00631	0.00209	0.00896	0.00530	0.00456	0.05449
3	0.20411	0.01642	0.06886	0.01378	0.01825	0.04832	0.01178	0.08496	0.10657	0.13141	0.02494	0.14415	0.02239	0.01202	0.00743	0.00257	0.00686	0.05895	0.00652	0.00971
4	0.12411	0.01568	0.01811	0.01616	0.07244	0.04624	0.01195	0.07977	0.08482	0.31699	0.02230	0.02125	0.01542	0.00836	0.00694	0.00217	0.00691	0.00659	0.00711	0.11667
5	0.13179	0.01775	0.01882	0.01882	0.12222	0.13617	0.01286	0.02910	0.01945	0.29630	0.06787	0.02242	0.01810	0.00863	0.00706	0.00220	0.00781	0.00680	0.00657	0.04925
6	0.13659	0.01613	0.02530	0.24360	0.38979	0.01751	0.02027	0.02194	0.01596	0.02458	0.01345	0.01821	0.01085	0.00705	0.00710	0.00235	0.00886	0.00634	0.00378	0.01034

[dist]
# distance from previous block
# <min> <max>
12	25

[block]
# block no. 6 follows, 26 sequences, length 40
# corresponding to MSA columns:
# 474-494,497-505,509-514,529-532
name=unknown_G
#
# <colnr> <probs for GDERKNQSTAVLIFYWHMCP>
#	G	D	E	R	K	N	Q	S	T	A	V	L	I	F	Y	W	H	M	C	P
0	0.01680	0.01714	0.01907	0.33591	0.06939	0.16662	0.01539	0.01980	0.01559	0.01826	0.01590	0.02650	0.01478	0.20042	0.01566	0.00367	0.01011	0.00747	0.00384	0.00769
1	0.01857	0.38807	0.21587	0.02278	0.17101	0.02398	0.01936	0.02319	0.01599	0.02106	0.01221	0.01468	0.01021	0.00674	0.00609	0.00197	0.00915	0.00508	0.00335	0.01064
2	0.01671	0.24538	0.50107	0.01907	0.02889	0.02127	0.02359	0.02364	0.01584	0.02220	0.01271	0.01488	0.00965	0.00699	0.00652	0.00217	0.01030	0.00515	0.00322	0.01077
3	0.02112	0.01628	0.01304	0.01173	0.01480	0.19335	0.00900	0.05908	0.01919	0.10650	0.02154	0.02354	0.01643	0.00865	0.00612	0.00191	0.00685	0.00654	0.43577	0.00855
4	0.01887	0.01629	0.01715	0.01544	0.01972	0.01887	0.01201	0.04031	0.67241	0.03173	0.03087	0.02830	0.02315	0.01029	0.00772	0.00257	0.00600	0.00858	0.00772	0.01201
5	0.00987	0.00772	0.00894	0.00864	0.01080	0.00679	0.00648	0.01264	0.01943	0.02558	0.38716	0.06462	0.36955	0.01731	0.00896	0.00247	0.00371	0.01483	0.00771	0.00679
6	0.01432	0.01348	0.02275	0.71520	0.05224	0.01685	0.02107	0.01938	0.01517	0.01938	0.01348	0.02022	0.01011	0.00758	0.00758	0.00253	0.01011	0.00674	0.00337	0.00843
7	0.01049	0.00774	0.00979	0.00928	0.01118	0.00705	0.00696	0.01383	0.02088	0.02902	0.59724	0.05895	0.15731	0.01603	0.00895	0.00241	0.00362	0.01404	0.00817	0.00705
8	0.02194	0.01561	0.01724	0.01504	0.01965	0.01730	0.01183	0.03963	0.54041	0.16554	0.03068	0.02780	0.02227	0.01011	0.00770	0.00253	0.00609	0.00838	0.00806	0.01219
9	0.02833	0.03615	0.02149	0.01954	0.02345	0.70298	0.01466	0.03029	0.02149	0.01856	0.01172	0.01368	0.00977	0.00782	0.00684	0.00195	0.01368	0.00489	0.00391	0.00879
10	0.00924	0.00660	0.00880	0.01056	0.01100	0.00616	0.00704	0.01056	0.01452	0.01936	0.04181	0.72848	0.05017	0.02376	0.00968	0.00308	0.00440	0.02156	0.00704	0.00616
11	0.02795	0.02078	0.02276	0.05973	0.02526	0.02312	0.01482	0.62196	0.03442	0.04608	0.01792	0.01833	0.01273	0.00901	0.00759	0.00229	0.00845	0.00682	0.00733	0.01263
12	0.01521	0.03923	0.69413	0.02162	0.03283	0.01762	0.02802	0.02402	0.01601	0.02402	0.01361	0.01601	0.00961	0.00721	0.00721	0.00240	0.01121	0.00560	0.00320	0.01121
13	0.01984	0.67765	0.09626	0.01372	0.02062	0.02894	0.01428	0.02283	0.01546	0.01838	0.01081	0.01250	0.00972	0.00655	0.00507	0.00169	0.00838	0.00419	0.00324	0.00986
14	0.01807	0.00941	0.01229	0.01062	0.01381	0.00837	0.00830	0.02126	0.02110	0.24288	0.40601	0.04846	0.12058	0.01393	0.00852	0.00239	0.00454	0.01200	0.00854	0.00893
15	0.01922	0.01930	0.02410	0.14225	0.30074	0.12790	0.01857	0.02677	0.15052	0.02419	0.01867	0.02417	0.01552	0.00864	0.00764	0.00239	0.00921	0.04489	0.00472	0.01061
16	0.01589	0.13276	0.60655	0.02046	0.03104	0.01927	0.02601	0.02385	0.01593	0.02319	0.01320	0.01550	0.00963	0.00711	0.00689	0.00230	0.01080	0.00540	0.00321	0.01101
17	0.01961	0.05996	0.30258	0.02832	0.24001	0.01962	0.02280	0.16500	0.02075	0.02926	0.01470	0.01721	0.01112	0.00745	0.00728	0.00229	0.00973	0.00618	0.00435	0.01178
18	0.01946	0.62531	0.14528	0.01437	0.02162	0.02801	0.01541	0.02292	0.01551	0.01884	0.01104	0.01279	0.00971	0.00660	0.00524	0.00175	0.00861	0.00431	0.00324	0.00997
19	0.00924	0.00660	0.00880	0.01056	0.01100	0.00616	0.00704	0.01056	0.01452	0.01936	0.04181	0.72848	0.05017	0.02376	0.00968	0.00308	0.00440	0.02156	0.00704	0.00616
20	0.02014	0.01617	0.02254	0.01813	0.02307	0.01701	0.14289	0.13223	0.26526	0.08653	0.10780	0.03162	0.02599	0.01048	0.00825	0.00253	0.00754	0.04375	0.00709	0.01098
21	0.01896	0.14835	0.44131	0.01966	0.02864	0.13047	0.02266	0.06341	0.01799	0.02360	0.01310	0.01516	0.00985	0.00731	0.00680	0.00220	0.01094	0.00532	0.00359	0.01069
22	0.00924	0.00660	0.00880	0.01056	0.01100	0.00616	0.00704	0.01056	0.01452	0.01936	0.04181	0.72848	0.05017	0.02376	0.00968	0.00308	0.00440	0.02156	0.00704	0.00616
23	0.01103	0.00735	0.00827	0.00827	0.00827	0.00735	0.00460	0.01103	0.01103	0.01471	0.02390	0.04964	0.02758	0.73343	0.03861	0.00735	0.00735	0.01103	0.00460	0.00460
24	0.53607	0.01617	0.01659	0.01833	0.15199	0.01804	0.01205	0.10259	0.01665	0.03388	0.01227	0.01437	0.00957	0.00724	0.00563	0.00232	0.00682	0.00499	0.00487	0.00957
25	0.01780	0.01674	0.02278	0.25013	0.20758	0.04877	0.01805	0.02856	0.25645	0.02530	0.01997	0.02250	0.01537	0.00836	0.00758	0.00245	0.00848	0.00733	0.00509	0.01071
26	0.01669	0.00907	0.01131	0.00997	0.01304	0.00802	0.00775	0.01967	0.02013	0.20351	0.31509	0.05089	0.20972	0.01442	0.00838	0.00238	0.00441	0.01228	0.05478	0.00849
27	0.78701	0.01467	0.01115	0.00997	0.01467	0.01702	0.00821	0.02230	0.01291	0.03403	0.01056	0.01232	0.00821	0.00704	0.00469	0.00235	0.00587	0.00411	0.00469	0.00821
28	0.01625	0.01618	0.02967	0.39374	0.21049	0.01767	0.16306	0.02146	0.01631	0.02184	0.01409	0.01991	0.01090	0.00711	0.00787	0.00246	0.01043	0.00724	0.00357	0.00974
29	0.00936	0.00757	0.00832	0.00841	0.01056	0.00653	0.00620	0.01154	0.01780	0.02237	0.19541	0.14849	0.48291	0.01901	0.00905	0.00259	0.00386	0.01621	0.00731	0.00653
30	0.01929	0.14236	0.07874	0.01620	0.02016	0.05850	0.01442	0.16192	0.02051	0.02770	0.14864	0.02411	0.02303	0.01083	0.01192	0.00246	0.19681	0.00749	0.00530	0.00960
31	0.01523	0.01440	0.02438	0.57956	0.18083	0.01709	0.02151	0.02017	0.01559	0.02048	0.01364	0.01993	0.01050	0.00742	0.00757	0.00247	0.00989	0.00674	0.00345	0.00915
32	0.01831	0.00962	0.01267	0.01155	0.01474	0.00869	0.00938	0.02144	0.02010	0.23969	0.24918	0.05535	0.13026	0.01525	0.00886	0.00264	0.00529	0.14992	0.00821	0.00887
33	0.01093	0.00773	0.01020	0.01020	0.01087	0.00840	0.00700	0.01227	0.01160	0.01614	0.02213	0.03987	0.02333	0.40023	0.36601	0.00974	0.01374	0.00960	0.00433	0.00567
34	0.00924	0.00660	0.00880	0.01056	0.01100	0.00616	0.00704	0.01056	0.01452	0.01936	0.04181	0.72848	0.05017	0.02376	0.00968	0.00308	0.00440	0.02156	0.00704	0.00616
35	0.03403	0.01291	0.01760	0.01350	0.01936	0.01115	0.01115	0.03697	0.02171	0.69137	0.02992	0.02582	0.01878	0.00939	0.00763	0.00235	0.00645	0.00763	0.00939	0.01291
36	0.01877	0.01802	0.03079	0.04656	0.68612	0.01802	0.02328	0.02328	0.01727	0.02478	0.01427	0.01877	0.01201	0.00676	0.00751	0.00225	0.00901	0.00676	0.00375	0.01201
37	0.01856	0.05973	0.02260	0.01862	0.01992	0.16001	0.01523	0.02043	0.01389	0.01822	0.01147	0.01718	0.01088	0.01650	0.09342	0.00391	0.46128	0.00630	0.00351	0.00831
38	0.01877	0.01802	0.03079	0.04656	0.68612	0.01802	0.02328	0.02328	0.01727	0.02478	0.01427	0.01877	0.01201	0.00676	0.00751	0.00225	0.00901	0.00676	0.00375	0.01201
39	0.01848	0.12262	0.47901	0.02016	0.02932	0.15814	0.02350	0.02514	0.01705	0.02217	0.01286	0.01508	0.00966	0.00724	0.00685	0.00222	0.01134	0.00527	0.00335	0.01054

[dist]
# distance from previous block
# <min> <max>
0	1

[block]
# block no. 7 follows, 26 sequences, length 36
# corresponding to MSA columns:
# 534-569
name=unknown_H
#
# <colnr> <probs for GDERKNQSTAVLIFYWHMCP>
#	G	D	E	R	K	N	Q	S	T	A	V	L	I	F	Y	W	H	M	C	P
0	0.02018	0.01738	0.02122	0.02327	0.18230	0.01928	0.01507	0.11923	0.42784	0.03219	0.02514	0.02463	0.01907	0.00927	0.00765	0.00246	0.00705	0.00790	0.00674	0.01213
1	0.01826	0.01947	0.03906	0.03791	0.30308	0.01871	0.39969	0.02388	0.01765	0.02449	0.01491	0.01977	0.01172	0.00654	0.00836	0.00243	0.01125	0.00806	0.00380	0.01096
2	0.02476	0.02405	0.01764	0.01557	0.01919	0.35783	0.01181	0.10399	0.02113	0.09546	0.01775	0.02163	0.01451	0.08131	0.03488	0.00291	0.01049	0.00643	0.10963	0.00902
3	0.02649	0.02001	0.02146	0.01679	0.02260	0.02203	0.01373	0.52422	0.13920	0.04392	0.02004	0.01973	0.01449	0.00911	0.00750	0.00226	0.00781	0.00699	0.00744	0.05417
4	0.01877	0.01802	0.03079	0.04656	0.68612	0.01802	0.02328	0.02328	0.01727	0.02478	0.01427	0.01877	0.01201	0.00676	0.00751	0.00225	0.00901	0.00676	0.00375	0.01201
5	0.78701	0.01467	0.01115	0.00997	0.01467	0.01702	0.00821	0.02230	0.01291	0.03403	0.01056	0.01232	0.00821	0.00704	0.00469	0.00235	0.00587	0.00411	0.00469	0.00821
6	0.01103	0.00735	0.00827	0.00827	0.00827	0.00735	0.00460	0.01103	0.01103	0.01471	0.02390	0.04964	0.02758	0.73343	0.03861	0.00735	0.00735	0.01103	0.00460	0.00460
7	0.03403	0.01291	0.01760	0.01350	0.01936	0.01115	0.01115	0.03697	0.02171	0.69137	0.02992	0.02582	0.01878	0.00939	0.00763	0.00235	0.00645	0.00763	0.00939	0.01291
8	0.01103	0.00735	0.00827	0.00827	0.00827	0.00735	0.00460	0.01103	0.01103	0.01471	0.02390	0.04964	0.02758	0.73343	0.03861	0.00735	0.00735	0.01103	0.00460	0.00460
9	0.00940	0.00770	0.00829	0.00815	0.01052	0.00659	0.00611	0.01174	0.01833	0.02296	0.22720	0.06894	0.53113	0.01829	0.00896	0.00252	0.00378	0.01544	0.00737	0.00659
10	0.01887	0.01629	0.01715	0.01544	0.01972	0.01887	0.01201	0.04031	0.67241	0.03173	0.03087	0.02830	0.02315	0.01029	0.00772	0.00257	0.00600	0.00858	0.00772	0.01201
11	0.01084	0.00813	0.01219	0.01219	0.01354	0.00948	0.00948	0.01354	0.01219	0.01761	0.02032	0.02980	0.01896	0.05689	0.70337	0.01219	0.02032	0.00813	0.00406	0.00677
12	0.02620	0.01678	0.02242	0.01713	0.02273	0.01699	0.09974	0.30107	0.02718	0.22670	0.11822	0.02632	0.02297	0.00975	0.00798	0.00235	0.00771	0.00835	0.00771	0.01170
13	0.02212	0.02407	0.02366	0.14648	0.20428	0.27956	0.01769	0.05637	0.10717	0.02345	0.01557	0.01833	0.01236	0.00788	0.00730	0.00223	0.01055	0.00629	0.00445	0.01020
14	0.01539	0.01457	0.02467	0.55509	0.20402	0.01713	0.02160	0.02031	0.01567	0.02067	0.01367	0.01988	0.01057	0.00739	0.00757	0.00246	0.00985	0.00674	0.00346	0.00929
15	0.01667	0.03397	0.48047	0.02431	0.03416	0.05617	0.19841	0.02444	0.01683	0.02379	0.01398	0.01709	0.01013	0.00702	0.00766	0.00242	0.01178	0.00647	0.00341	0.01081
16	0.01724	0.40449	0.27502	0.01587	0.02343	0.02293	0.01783	0.02188	0.01554	0.02026	0.01503	0.09067	0.01404	0.00861	0.00624	0.00206	0.00884	0.00651	0.00364	0.00989
17	0.03403	0.01291	0.01760	0.01350	0.01936	0.01115	0.01115	0.03697	0.02171	0.69137	0.02992	0.02582	0.01878	0.00939	0.00763	0.00235	0.00645	0.00763	0.00939	0.01291
18	0.01587	0.01265	0.02120	0.05961	0.16159	0.01212	0.11862	0.01953	0.01798	0.09575	0.14780	0.16635	0.09240	0.01298	0.00857	0.00254	0.00708	0.01213	0.00611	0.00912
19	0.02058	0.02816	0.14681	0.21661	0.03548	0.29120	0.10878	0.02526	0.01823	0.02058	0.01306	0.01688	0.01008	0.00744	0.00741	0.00228	0.01211	0.00610	0.00362	0.00933
20	0.03403	0.01291	0.01760	0.01350	0.01936	0.01115	0.01115	0.03697	0.02171	0.69137	0.02992	0.02582	0.01878	0.00939	0.00763	0.00235	0.00645	0.00763	0.00939	0.01291
21	0.00896	0.00768	0.00768	0.00768	0.01025	0.00640	0.00576	0.01089	0.01729	0.02049	0.07684	0.07300	0.68304	0.01921	0.00896	0.00256	0.00384	0.01601	0.00704	0.00640
22	0.02153	0.02493	0.11919	0.27758	0.05985	0.24680	0.01889	0.02583	0.01823	0.09523	0.01478	0.01799	0.01097	0.00778	0.00728	0.00229	0.01102	0.00605	0.00421	0.00959
23	0.01788	0.01742	0.03091	0.10439	0.50276	0.01755	0.10858	0.02264	0.01717	0.02410	0.01578	0.02285	0.01353	0.00757	0.00788	0.00239	0.00951	0.04201	0.00391	0.01116
24	0.00968	0.00679	0.00867	0.01000	0.01033	0.00646	0.00644	0.01068	0.01366	0.01821	0.03738	0.56081	0.04459	0.19904	0.01683	0.00414	0.00513	0.01896	0.00644	0.00577
25	0.02833	0.03615	0.02149	0.01954	0.02345	0.70298	0.01466	0.03029	0.02149	0.01856	0.01172	0.01368	0.00977	0.00782	0.00684	0.00195	0.01368	0.00489	0.00391	0.00879
26	0.01432	0.01348	0.02275	0.71520	0.05224	0.01685	0.02107	0.01938	0.01517	0.01938	0.01348	0.02022	0.01011	0.00758	0.00758	0.00253	0.01011	0.00674	0.00337	0.00843
27	0.01563	0.01503	0.02344	0.05835	0.02254	0.01911	0.10102	0.01759	0.01275	0.01873	0.01413	0.08356	0.01420	0.01430	0.02086	0.08013	0.44871	0.00832	0.00373	0.00787
28	0.73540	0.01416	0.01088	0.00978	0.01428	0.01635	0.00802	0.02199	0.01311	0.03365	0.01151	0.01339	0.00896	0.00716	0.00473	0.00231	0.00571	0.00431	0.05617	0.00814
29	0.01088	0.00796	0.01136	0.01136	0.01243	0.00903	0.00845	0.01301	0.01194	0.01699	0.02107	0.03399	0.02078	0.19995	0.56280	0.01117	0.01758	0.00874	0.00418	0.00631
30	0.02075	0.45593	0.17463	0.01606	0.02306	0.15617	0.01648	0.02444	0.01670	0.01929	0.01142	0.01327	0.00971	0.00689	0.00574	0.00185	0.00983	0.00454	0.00336	0.00987
31	0.02833	0.03615	0.02149	0.01954	0.02345	0.70298	0.01466	0.03029	0.02149	0.01856	0.01172	0.01368	0.00977	0.00782	0.00684	0.00195	0.01368	0.00489	0.00391	0.00879
32	0.00924	0.00660	0.00880	0.01056	0.01100	0.00616	0.00704	0.01056	0.01452	0.01936	0.04181	0.72848	0.05017	0.02376	0.00968	0.00308	0.00440	0.02156	0.00704	0.00616
33	0.00934	0.00668	0.00889	0.01049	0.01102	0.00623	0.00705	0.01081	0.01499	0.02010	0.08457	0.68362	0.05160	0.02321	0.00963	0.00303	0.00435	0.02104	0.00713	0.00623
34	0.00924	0.00660	0.00880	0.01056	0.01100	0.00616	0.00704	0.01056	0.01452	0.01936	0.04181	0.72848	0.05017	0.02376	0.00968	0.00308	0.00440	0.02156	0.00704	0.00616
35	0.02841	0.03399	0.02168	0.01924	0.02346	0.60467	0.01462	0.12152	0.02354	0.02279	0.01266	0.01433	0.01022	0.00800	0.00695	0.00200	0.01291	0.00517	0.00444	0.00939

[dist]
# distance from previous block
# <min> <max>
0	12

[block]
# block no. 8 follows, 26 sequences, length 9
# corresponding to MSA columns:
# 582-590
name=unknown_I
#
# <colnr> <probs for GDERKNQSTAVLIFYWHMCP>
#	G	D	E	R	K	N	Q	S	T	A	V	L	I	F	Y	W	H	M	C	P
0	0.01154	0.00759	0.00942	0.00896	0.01074	0.00714	0.00672	0.01511	0.02016	0.02991	0.52731	0.04998	0.05929	0.01394	0.00809	0.00224	0.00357	0.01215	0.18902	0.00714
1	0.02282	0.02885	0.37853	0.01874	0.02749	0.01747	0.02088	0.17530	0.02193	0.18671	0.01852	0.01883	0.01253	0.00816	0.00739	0.00236	0.00942	0.00637	0.00568	0.01200
2	0.19353	0.00858	0.00951	0.00924	0.01075	0.00913	0.00666	0.01461	0.01200	0.02159	0.01529	0.02179	0.01350	0.01773	0.01810	0.41535	0.00570	0.00612	0.18548	0.00533
3	0.21003	0.01873	0.01699	0.01407	0.01921	0.17357	0.01127	0.03196	0.01959	0.37996	0.02113	0.01981	0.01419	0.00847	0.00675	0.00226	0.00800	0.00616	0.00701	0.01085
4	0.19633	0.01614	0.02307	0.14512	0.26547	0.01882	0.01782	0.02121	0.01457	0.02448	0.01226	0.01700	0.01032	0.00850	0.01096	0.00257	0.17579	0.00611	0.00381	0.00965
5	0.01465	0.01227	0.01431	0.01166	0.01659	0.01040	0.00895	0.02003	0.10596	0.02444	0.02247	0.18337	0.02194	0.01049	0.00685	0.00178	0.00539	0.00903	0.00553	0.49389
6	0.02066	0.01788	0.02463	0.18999	0.27674	0.06168	0.01853	0.12772	0.02019	0.06906	0.01548	0.01882	0.01192	0.00745	0.00731	0.00219	0.00895	0.00647	0.00474	0.08960
7	0.19751	0.07909	0.05659	0.01677	0.07851	0.18239	0.03108	0.02240	0.03803	0.02401	0.02774	0.02846	0.16863	0.01012	0.00685	0.00225	0.00826	0.00770	0.00484	0.00874
8	0.01630	0.07914	0.02206	0.19511	0.15527	0.01685	0.01657	0.02451	0.17091	0.02396	0.02367	0.03633	0.02132	0.01108	0.00803	0.00263	0.00802	0.15319	0.00530	0.00974

[dist]
# distance from previous block
# <min> <max>
0	1595

# created by:
# /home/berkeley/.conda/envs/busco_data_prod/bin/msa2prfl.pl pipeline/OGs_align_augustus/5794/11416.fs
