[name]
unknown

[dist]
# distance from previous block
# <min> <max>
9	34

[block]
# block no. 0 follows, 27 sequences, length 84
# corresponding to MSA columns:
# 55-120,126-143
name=unknown_A
#
# <colnr> <probs for GDERKNQSTAVLIFYWHMCP>
#	G	D	E	R	K	N	Q	S	T	A	V	L	I	F	Y	W	H	M	C	P
0	0.01631	0.01472	0.08675	0.01834	0.13168	0.01265	0.01286	0.12889	0.01911	0.06314	0.10580	0.19244	0.03001	0.11863	0.01243	0.00316	0.00686	0.01134	0.00598	0.00891
1	0.01641	0.01153	0.01374	0.05688	0.01719	0.01188	0.00980	0.12183	0.10635	0.06427	0.08541	0.13830	0.07441	0.01374	0.00924	0.05863	0.00572	0.03257	0.08658	0.06553
2	0.02111	0.06889	0.07485	0.07786	0.05039	0.01597	0.01371	0.20258	0.02162	0.13889	0.02169	0.14076	0.01887	0.01049	0.00736	0.00224	0.00732	0.00874	0.00614	0.09052
3	0.15123	0.01530	0.01463	0.04861	0.01794	0.09379	0.01035	0.12948	0.08279	0.06680	0.10839	0.10088	0.02476	0.01081	0.00702	0.00229	0.00658	0.00867	0.09066	0.00901
4	0.01327	0.06994	0.03745	0.01055	0.01317	0.04914	0.00832	0.06216	0.01703	0.02177	0.14095	0.04600	0.20882	0.19420	0.07200	0.00425	0.00731	0.01094	0.00572	0.00701
5	0.01977	0.05626	0.02372	0.01732	0.02228	0.01760	0.15468	0.27400	0.02404	0.03254	0.07765	0.02901	0.10988	0.01017	0.00831	0.00230	0.03426	0.00876	0.06750	0.00995
6	0.14849	0.12516	0.06024	0.05095	0.01785	0.01530	0.01093	0.07007	0.06942	0.02571	0.09401	0.12088	0.08191	0.04887	0.00866	0.00261	0.00636	0.02860	0.00560	0.00839
7	0.16059	0.01743	0.01762	0.07331	0.10790	0.13832	0.01283	0.06670	0.06024	0.11330	0.02214	0.11378	0.04493	0.01030	0.00711	0.00234	0.00781	0.00831	0.00560	0.00944
8	0.17206	0.02320	0.06196	0.01571	0.02116	0.20176	0.01320	0.22492	0.02309	0.11013	0.01552	0.01615	0.01132	0.00792	0.00657	0.00211	0.00891	0.00556	0.00570	0.05305
9	0.07443	0.00860	0.00965	0.00898	0.01102	0.00817	0.00635	0.01554	0.01524	0.08453	0.13229	0.08773	0.11920	0.24728	0.01718	0.00384	0.00531	0.01093	0.08759	0.04615
10	0.02083	0.46539	0.08556	0.05931	0.02257	0.08340	0.01441	0.07069	0.01732	0.05768	0.01272	0.01452	0.01053	0.00842	0.02690	0.00213	0.00906	0.00484	0.00390	0.00979
11	0.01043	0.00687	0.00885	0.00937	0.00997	0.00654	0.00622	0.01091	0.01381	0.01853	0.13715	0.28801	0.08238	0.17796	0.01946	0.16294	0.00521	0.01429	0.00583	0.00530
12	0.09982	0.02371	0.14127	0.02041	0.06190	0.13599	0.13058	0.10443	0.07190	0.02731	0.04139	0.02047	0.03802	0.00809	0.00720	0.00224	0.00948	0.00684	0.00480	0.04415
13	0.06167	0.01514	0.02445	0.19674	0.35169	0.01578	0.03819	0.02326	0.01668	0.11187	0.01627	0.01991	0.01243	0.00728	0.00713	0.00226	0.00835	0.00666	0.05375	0.01047
14	0.01127	0.00864	0.01138	0.01274	0.04978	0.00872	0.00884	0.01498	0.06834	0.02138	0.11616	0.23726	0.09681	0.09927	0.10793	0.00452	0.00732	0.10143	0.00627	0.00698
15	0.01159	0.00809	0.00969	0.01036	0.01162	0.00809	0.00741	0.03775	0.06301	0.02180	0.03627	0.36847	0.07073	0.11544	0.01253	0.00335	0.00507	0.08036	0.11170	0.00669
16	0.06052	0.22627	0.13848	0.04541	0.11518	0.06532	0.01687	0.12600	0.01913	0.07435	0.01403	0.01586	0.01089	0.00750	0.00702	0.00210	0.03453	0.00550	0.00447	0.01056
17	0.01495	0.11067	0.08717	0.01808	0.07305	0.01562	0.09042	0.04044	0.01439	0.01977	0.01744	0.07985	0.01706	0.11240	0.12204	0.06191	0.08437	0.00829	0.00403	0.00803
18	0.00988	0.00689	0.00835	0.00905	0.00975	0.00645	0.00591	0.01046	0.01335	0.01728	0.04031	0.32875	0.17390	0.22357	0.01930	0.08483	0.00522	0.01555	0.00584	0.00536
19	0.01980	0.65648	0.09058	0.01366	0.02026	0.05835	0.01394	0.02266	0.01539	0.01798	0.01061	0.01227	0.00952	0.00646	0.00503	0.00166	0.00842	0.00413	0.00320	0.00960
20	0.04041	0.06777	0.21104	0.10040	0.09697	0.03776	0.01810	0.07355	0.03572	0.07464	0.01825	0.02113	0.04004	0.01375	0.08921	0.00343	0.03676	0.00664	0.00445	0.00997
21	0.01528	0.01431	0.02411	0.05023	0.18256	0.01606	0.12378	0.01886	0.01430	0.02098	0.01539	0.02162	0.01340	0.02063	0.18913	0.00493	0.17758	0.00731	0.06070	0.00885
22	0.01959	0.00974	0.01271	0.01163	0.01453	0.00903	0.00872	0.02306	0.06622	0.29028	0.08635	0.30862	0.03541	0.05544	0.01004	0.00287	0.00532	0.01357	0.00782	0.00907
23	0.01759	0.02425	0.21519	0.07232	0.24535	0.08821	0.05340	0.04963	0.04273	0.02419	0.04235	0.02210	0.05364	0.00814	0.00742	0.00228	0.00952	0.00707	0.00417	0.01044
24	0.14837	0.06044	0.02327	0.01953	0.08323	0.16782	0.09207	0.10835	0.02036	0.18205	0.01679	0.01765	0.01214	0.00771	0.00683	0.00218	0.00906	0.00612	0.00558	0.01046
25	0.01126	0.00758	0.01025	0.01057	0.01174	0.00775	0.00760	0.01308	0.01365	0.05545	0.05525	0.26527	0.07155	0.13770	0.27839	0.00690	0.01067	0.01329	0.00562	0.00645
26	0.05959	0.04489	0.01781	0.01255	0.01880	0.01400	0.01028	0.16195	0.02006	0.09585	0.01553	0.01658	0.01187	0.00671	0.00604	0.00154	0.00627	0.00516	0.00549	0.46903
27	0.01064	0.00733	0.00919	0.00940	0.01033	0.00691	0.00625	0.01135	0.01330	0.01797	0.08211	0.25919	0.08273	0.23780	0.04897	0.10664	0.00607	0.01349	0.00551	0.05483
28	0.01128	0.00771	0.00984	0.01012	0.01189	0.00706	0.00769	0.01385	0.01790	0.06074	0.26959	0.23489	0.17666	0.01843	0.00910	0.00271	0.00442	0.11177	0.00745	0.00690
29	0.01898	0.07770	0.10952	0.07281	0.14697	0.06101	0.10341	0.02608	0.11873	0.09345	0.04472	0.02390	0.05279	0.00849	0.00743	0.00229	0.00870	0.00753	0.00506	0.01042
30	0.01943	0.10109	0.05993	0.06075	0.02271	0.01862	0.06383	0.23180	0.04689	0.03032	0.05380	0.05219	0.04469	0.00978	0.00855	0.00227	0.06565	0.00777	0.06652	0.03341
31	0.01491	0.00846	0.01033	0.00962	0.01205	0.00752	0.00708	0.01688	0.01716	0.17391	0.13974	0.16658	0.24651	0.11995	0.01275	0.00319	0.00489	0.01370	0.00725	0.00752
32	0.13176	0.01766	0.04286	0.01472	0.02043	0.01785	0.01249	0.35157	0.02654	0.22822	0.02017	0.01949	0.01379	0.00864	0.00695	0.00224	0.00722	0.00651	0.03917	0.01171
33	0.01593	0.03963	0.17452	0.18260	0.17729	0.06894	0.01929	0.02060	0.01592	0.02151	0.06698	0.02255	0.01621	0.05591	0.02924	0.00291	0.04982	0.00698	0.00386	0.00931
34	0.01669	0.01482	0.02084	0.11277	0.26946	0.03948	0.01580	0.10399	0.03746	0.02566	0.07173	0.11088	0.07567	0.01274	0.03670	0.00277	0.00808	0.00960	0.00521	0.00965
35	0.01009	0.00745	0.00939	0.01008	0.01113	0.00728	0.00700	0.01284	0.05158	0.02082	0.14400	0.39845	0.10072	0.10155	0.06826	0.00400	0.00578	0.01653	0.00664	0.00640
36	0.45674	0.01931	0.01771	0.04747	0.11817	0.15745	0.04097	0.02352	0.01527	0.02789	0.01142	0.01393	0.00911	0.00700	0.00573	0.00222	0.00822	0.00487	0.00421	0.00880
37	0.01001	0.00729	0.00833	0.00865	0.01046	0.00656	0.00641	0.01237	0.01697	0.02281	0.17481	0.19507	0.32117	0.01771	0.00850	0.00252	0.00394	0.04701	0.11294	0.00648
38	0.01865	0.01597	0.02236	0.29850	0.14756	0.01758	0.01733	0.17595	0.06886	0.02804	0.01568	0.01912	0.01194	0.00760	0.00718	0.00220	0.00846	0.00648	0.00480	0.10575
39	0.04835	0.01324	0.01562	0.06328	0.01976	0.01112	0.00977	0.05115	0.01652	0.05011	0.01785	0.01963	0.05432	0.00685	0.00598	0.00144	0.00588	0.00549	0.00481	0.57883
40	0.35853	0.01618	0.01532	0.01257	0.01737	0.01814	0.01030	0.30164	0.02268	0.03842	0.01540	0.01660	0.01147	0.00800	0.00590	0.00219	0.00650	0.00556	0.10735	0.00988
41	0.01162	0.00845	0.01076	0.01035	0.01222	0.00870	0.00797	0.01402	0.01560	0.05519	0.12919	0.09048	0.25204	0.02773	0.21127	0.00523	0.06153	0.01192	0.04877	0.00695
42	0.00953	0.00711	0.00886	0.00936	0.01073	0.00644	0.00666	0.01176	0.01731	0.02319	0.28788	0.33995	0.19542	0.01931	0.00906	0.00265	0.00389	0.01709	0.00737	0.00644
43	0.01371	0.00795	0.01032	0.01053	0.01210	0.00736	0.00758	0.01547	0.01579	0.13092	0.09297	0.35021	0.07342	0.13931	0.01385	0.00355	0.00527	0.07571	0.00697	0.00703
44	0.01463	0.00918	0.01122	0.01054	0.01274	0.00878	0.00786	0.07187	0.01847	0.10991	0.18876	0.16407	0.12938	0.14274	0.01379	0.00339	0.00534	0.06271	0.00710	0.00749
45	0.34658	0.01084	0.00989	0.00929	0.01248	0.01152	0.00718	0.01825	0.04202	0.05109	0.06528	0.08895	0.17171	0.05208	0.00824	0.00264	0.00498	0.00940	0.07014	0.00746
46	0.08724	0.01128	0.01273	0.01156	0.01425	0.01161	0.00871	0.15693	0.01924	0.09122	0.06888	0.18854	0.06337	0.16464	0.01423	0.00354	0.00615	0.05123	0.00660	0.00808
47	0.10450	0.01314	0.01431	0.01217	0.01589	0.01386	0.00964	0.20202	0.07447	0.09701	0.13928	0.03499	0.07490	0.07420	0.01005	0.00275	0.00599	0.03524	0.05626	0.00933
48	0.06174	0.01199	0.01374	0.01178	0.01517	0.01213	0.00914	0.18563	0.02196	0.14026	0.16244	0.12241	0.08491	0.07191	0.01029	0.00277	0.00571	0.01087	0.03612	0.00904
49	0.01370	0.00926	0.01081	0.01047	0.01249	0.00899	0.00772	0.08980	0.01733	0.07019	0.04166	0.19489	0.19796	0.18976	0.01575	0.00379	0.00574	0.08609	0.00654	0.00706
50	0.00957	0.00699	0.00905	0.01007	0.01112	0.00647	0.00718	0.01158	0.01624	0.02174	0.18968	0.46217	0.12071	0.02076	0.00930	0.00284	0.00426	0.06675	0.00717	0.00634
51	0.01035	0.00720	0.00853	0.00907	0.01039	0.00654	0.00625	0.01190	0.01525	0.04412	0.08638	0.34015	0.24054	0.12532	0.01314	0.00336	0.00456	0.01648	0.03428	0.00621
52	0.00946	0.00707	0.00846	0.00922	0.01039	0.00646	0.00640	0.01103	0.01528	0.01975	0.10619	0.35007	0.24258	0.12060	0.01317	0.00340	0.00458	0.04321	0.00667	0.00601
53	0.01764	0.01327	0.01454	0.01252	0.01585	0.01414	0.00964	0.27129	0.07360	0.03021	0.03393	0.09846	0.16202	0.13111	0.06428	0.00388	0.00743	0.01072	0.00656	0.00891
54	0.00986	0.00691	0.00857	0.00930	0.00984	0.00659	0.00601	0.01101	0.01402	0.01885	0.12453	0.37403	0.06664	0.27677	0.01943	0.00439	0.00521	0.01619	0.00621	0.00563
55	0.14049	0.01206	0.01345	0.05611	0.01713	0.01232	0.00948	0.13235	0.02062	0.13019	0.15175	0.03964	0.21061	0.01238	0.00759	0.00236	0.00557	0.01005	0.00696	0.00887
56	0.01583	0.01226	0.01261	0.01183	0.01406	0.05567	0.00889	0.12032	0.08800	0.02469	0.02811	0.06475	0.05484	0.24360	0.01739	0.00400	0.00690	0.11832	0.09033	0.00760
57	0.62956	0.01447	0.01391	0.10473	0.07291	0.01671	0.01084	0.02153	0.01326	0.03073	0.01099	0.01356	0.00858	0.00694	0.00518	0.00231	0.00652	0.00456	0.00435	0.00836
58	0.01363	0.00886	0.01323	0.01553	0.11528	0.00887	0.00952	0.01383	0.01275	0.05132	0.02279	0.08490	0.07087	0.06565	0.13902	0.32576	0.00877	0.00891	0.00438	0.00613
59	0.60433	0.01430	0.01341	0.01299	0.06498	0.01574	0.00962	0.02436	0.01443	0.14696	0.01386	0.01480	0.01009	0.00727	0.00529	0.00229	0.00607	0.00480	0.00532	0.00910
60	0.43697	0.01392	0.01339	0.01162	0.01591	0.01557	0.00944	0.02590	0.11633	0.14453	0.02134	0.02134	0.06223	0.00903	0.00710	0.00241	0.05149	0.00629	0.00591	0.00927
61	0.14965	0.01656	0.01785	0.05907	0.02144	0.06655	0.01205	0.16449	0.06970	0.31558	0.02163	0.02058	0.01466	0.00860	0.00695	0.00228	0.00733	0.00657	0.00721	0.01127
62	0.00918	0.00703	0.00847	0.00954	0.01086	0.00632	0.00683	0.01087	0.01547	0.01963	0.05376	0.43083	0.29097	0.02135	0.00927	0.00286	0.00430	0.06939	0.00689	0.00618
63	0.00920	0.00751	0.00794	0.00785	0.01005	0.00645	0.00577	0.01120	0.01712	0.02118	0.16861	0.06723	0.54293	0.07114	0.01090	0.00282	0.00397	0.01495	0.00692	0.00625
64	0.01384	0.00692	0.00692	0.00692	0.00865	0.00692	0.00519	0.01730	0.01557	0.02768	0.02422	0.02768	0.01903	0.00865	0.00519	0.00173	0.00346	0.00692	0.78031	0.00692
65	0.02313	0.44878	0.03147	0.01538	0.02068	0.31240	0.01339	0.02532	0.01756	0.01776	0.01080	0.01252	0.00954	0.00689	0.00557	0.00172	0.01021	0.00431	0.00345	0.00914
66	0.01766	0.01044	0.01281	0.01175	0.01454	0.01026	0.00882	0.07223	0.10094	0.18155	0.12261	0.26688	0.05978	0.06150	0.01029	0.00288	0.00533	0.01334	0.00757	0.00884
67	0.01609	0.00945	0.01169	0.01038	0.01330	0.00891	0.00804	0.02107	0.08831	0.16762	0.37102	0.04637	0.12217	0.01340	0.00814	0.00233	0.00436	0.01151	0.05728	0.00858
68	0.79154	0.01436	0.01091	0.00976	0.01436	0.01665	0.00804	0.02182	0.01263	0.03331	0.01034	0.01206	0.00804	0.00689	0.00459	0.00230	0.00574	0.00402	0.00459	0.00804
69	0.01027	0.00705	0.00818	0.00857	0.00882	0.00687	0.00511	0.01068	0.01196	0.01579	0.03065	0.20528	0.07415	0.53122	0.02953	0.00595	0.00632	0.01344	0.00519	0.00496
70	0.01331	0.00778	0.01008	0.01033	0.01210	0.00700	0.00742	0.01519	0.01652	0.13625	0.11402	0.44873	0.13378	0.01937	0.00896	0.00275	0.00449	0.01720	0.00742	0.00730
71	0.01061	0.00795	0.01193	0.01193	0.01326	0.00928	0.00928	0.01326	0.01193	0.01723	0.01988	0.02916	0.01856	0.05568	0.70968	0.01193	0.01988	0.00795	0.00398	0.00663
72	0.01539	0.01319	0.01539	0.01100	0.01759	0.00990	0.00880	0.01869	0.01539	0.02419	0.01319	0.01539	0.01100	0.00550	0.00550	0.00110	0.00550	0.00440	0.00440	0.78449
73	0.14848	0.01419	0.01706	0.01329	0.01889	0.01370	0.01098	0.13379	0.02209	0.49342	0.02458	0.02207	0.01589	0.00879	0.00702	0.00229	0.00652	0.00681	0.00821	0.01193
74	0.01113	0.00756	0.01115	0.01115	0.01208	0.00850	0.00830	0.01228	0.01135	0.01606	0.01859	0.02913	0.01792	0.09924	0.50922	0.18298	0.01597	0.00783	0.00385	0.00572
75	0.01628	0.01565	0.02860	0.03238	0.31661	0.01531	0.19596	0.02091	0.01713	0.02353	0.02162	0.03782	0.02062	0.01055	0.00858	0.00264	0.00926	0.19209	0.00462	0.00985
76	0.02611	0.01974	0.02109	0.01665	0.02222	0.02203	0.01360	0.53191	0.17447	0.04338	0.02051	0.01996	0.01480	0.00916	0.00745	0.00229	0.00767	0.00705	0.00745	0.01244
77	0.01114	0.00808	0.01026	0.01002	0.01039	0.00893	0.00671	0.01201	0.01116	0.01545	0.02140	0.04071	0.02334	0.49230	0.22700	0.00825	0.06355	0.00968	0.00426	0.00537
78	0.01813	0.01739	0.02970	0.08274	0.65749	0.01758	0.02266	0.02257	0.01679	0.02396	0.01392	0.01845	0.01166	0.00666	0.00735	0.00222	0.00888	0.00661	0.00365	0.01157
79	0.02454	0.01069	0.01442	0.01172	0.01593	0.00941	0.00941	0.02766	0.02116	0.44111	0.28281	0.03687	0.03824	0.01149	0.00796	0.00231	0.00524	0.00976	0.00880	0.01047
80	0.00932	0.00710	0.00857	0.00914	0.01060	0.00635	0.00650	0.01136	0.01682	0.02201	0.21343	0.34129	0.27121	0.01974	0.00906	0.00267	0.00392	0.01736	0.00721	0.00635
81	0.01554	0.02836	0.40693	0.05720	0.24295	0.01651	0.02415	0.02212	0.01593	0.02322	0.01555	0.06949	0.01309	0.00812	0.00734	0.00236	0.00975	0.00704	0.00359	0.01075
82	0.01883	0.01543	0.01883	0.01575	0.01954	0.01709	0.06278	0.22075	0.20372	0.03086	0.02777	0.11448	0.07018	0.05828	0.01122	0.00285	0.06510	0.01000	0.00654	0.01002
83	0.01583	0.03988	0.01999	0.01468	0.01929	0.01326	0.12102	0.06898	0.01637	0.02376	0.01910	0.02521	0.04861	0.11962	0.01265	0.00266	0.05989	0.00721	0.06606	0.28593

[dist]
# distance from previous block
# <min> <max>
0	47

[block]
# block no. 1 follows, 27 sequences, length 85
# corresponding to MSA columns:
# 191-275
name=unknown_B
#
# <colnr> <probs for GDERKNQSTAVLIFYWHMCP>
#	G	D	E	R	K	N	Q	S	T	A	V	L	I	F	Y	W	H	M	C	P
0	0.24042	0.04756	0.04230	0.01246	0.01680	0.06061	0.01048	0.05075	0.06558	0.02712	0.05499	0.02296	0.07542	0.00919	0.00783	0.00215	0.07432	0.00654	0.03785	0.13467
1	0.01761	0.02034	0.09425	0.13146	0.26539	0.05449	0.18398	0.02371	0.05722	0.02311	0.01473	0.01895	0.01160	0.00725	0.00846	0.00239	0.04380	0.00705	0.00382	0.01041
2	0.16195	0.15446	0.16265	0.01785	0.09314	0.01786	0.01564	0.06752	0.01714	0.09281	0.01801	0.04505	0.01558	0.00923	0.00671	0.00231	0.00788	0.07939	0.00491	0.00990
3	0.01837	0.35541	0.18856	0.02006	0.02768	0.04896	0.19941	0.02323	0.01612	0.02062	0.01236	0.01509	0.00999	0.00653	0.00647	0.00203	0.01011	0.00569	0.00335	0.00995
4	0.01440	0.24790	0.02010	0.01156	0.01519	0.01568	0.00950	0.01895	0.10458	0.02070	0.03001	0.27653	0.08686	0.01391	0.00725	0.00226	0.00576	0.01175	0.00554	0.08160
5	0.01641	0.01413	0.02101	0.02794	0.32702	0.01433	0.01629	0.08125	0.05375	0.02601	0.05326	0.04217	0.09203	0.01210	0.00830	0.00257	0.00738	0.16867	0.00553	0.00985
6	0.01148	0.00955	0.01585	0.01405	0.01592	0.00958	0.12710	0.01374	0.01330	0.01819	0.02572	0.22800	0.02783	0.21038	0.21787	0.00654	0.01101	0.01247	0.00488	0.00654
7	0.01289	0.00645	0.00967	0.00967	0.00967	0.00645	0.00645	0.00967	0.00967	0.01289	0.01289	0.02257	0.01289	0.02579	0.02901	0.78401	0.00645	0.00645	0.00322	0.00322
8	0.01550	0.01075	0.01191	0.01202	0.01402	0.06090	0.00868	0.01942	0.09448	0.13067	0.03556	0.48161	0.03802	0.01825	0.00871	0.00276	0.00550	0.01616	0.00711	0.00797
9	0.01711	0.01550	0.02115	0.08891	0.26072	0.01684	0.01589	0.02895	0.32127	0.02651	0.02716	0.02781	0.08074	0.00943	0.00758	0.00240	0.00708	0.00829	0.00573	0.01092
10	0.01114	0.00874	0.01295	0.01265	0.01385	0.01055	0.00994	0.01369	0.01188	0.01729	0.01893	0.02794	0.01773	0.05164	0.64486	0.01111	0.08663	0.00782	0.00391	0.00677
11	0.01289	0.00645	0.00967	0.00967	0.00967	0.00645	0.00645	0.00967	0.00967	0.01289	0.01289	0.02257	0.01289	0.02579	0.02901	0.78401	0.00645	0.00645	0.00322	0.00322
12	0.01006	0.00747	0.00937	0.00911	0.01087	0.00678	0.00675	0.01306	0.01963	0.02699	0.51679	0.12255	0.17995	0.01660	0.00883	0.00243	0.00363	0.01456	0.00782	0.00678
13	0.01051	0.00759	0.00992	0.00934	0.01109	0.00700	0.00700	0.01401	0.02101	0.02977	0.68888	0.05545	0.07005	0.01518	0.00876	0.00233	0.00350	0.01343	0.00817	0.00700
14	0.01066	0.00775	0.01092	0.01092	0.01190	0.00873	0.00802	0.01261	0.01163	0.01648	0.02081	0.03428	0.02078	0.23587	0.53253	0.01068	0.01654	0.00870	0.00411	0.00607
15	0.06365	0.01854	0.02055	0.01582	0.02165	0.01982	0.01307	0.48710	0.03062	0.20281	0.02025	0.01936	0.01380	0.00889	0.00731	0.00225	0.00761	0.00675	0.00772	0.01242
16	0.01269	0.00761	0.00969	0.01009	0.01159	0.00691	0.00706	0.01425	0.01555	0.11586	0.06808	0.44689	0.13497	0.08801	0.01174	0.00321	0.00476	0.01711	0.00704	0.00690
17	0.19752	0.00960	0.01020	0.00945	0.01134	0.01006	0.00653	0.01666	0.01258	0.10098	0.02070	0.03543	0.02073	0.41744	0.08693	0.00588	0.00789	0.00854	0.00504	0.00650
18	0.01620	0.01367	0.01275	0.01163	0.01346	0.11024	0.00811	0.13336	0.01792	0.02269	0.08521	0.10045	0.02795	0.36870	0.02252	0.00470	0.00765	0.01037	0.00550	0.00694
19	0.00956	0.00725	0.00825	0.00849	0.00991	0.00655	0.00585	0.01117	0.01569	0.02015	0.15668	0.19115	0.31668	0.18120	0.01544	0.00363	0.00460	0.01525	0.00656	0.00594
20	0.00986	0.00703	0.00833	0.00886	0.00955	0.00664	0.00569	0.01089	0.01378	0.01811	0.09288	0.28347	0.14461	0.32234	0.02119	0.00463	0.00537	0.01527	0.00599	0.00551
21	0.01940	0.03064	0.33724	0.02526	0.13754	0.12887	0.08333	0.10381	0.01928	0.02567	0.01385	0.01642	0.01038	0.00723	0.00725	0.00226	0.01081	0.00601	0.00392	0.01083
22	0.01227	0.00826	0.01176	0.01137	0.01321	0.00891	0.00885	0.01496	0.01406	0.07397	0.09333	0.03532	0.08429	0.04448	0.51858	0.00933	0.01567	0.00916	0.00509	0.00712
23	0.01092	0.00800	0.00946	0.00950	0.01075	0.00755	0.00635	0.01285	0.03988	0.01861	0.05748	0.23868	0.08787	0.32627	0.02107	0.00455	0.00575	0.03942	0.00570	0.07933
24	0.01425	0.00861	0.01042	0.00993	0.01250	0.00774	0.00744	0.01723	0.04650	0.15246	0.14302	0.22876	0.27811	0.01720	0.00865	0.00257	0.00445	0.01485	0.00755	0.00778
25	0.05928	0.41971	0.02731	0.01253	0.01690	0.11850	0.01091	0.02044	0.01489	0.01792	0.01434	0.04782	0.01440	0.13522	0.03985	0.00312	0.00881	0.00610	0.00375	0.00820
26	0.01369	0.00877	0.01028	0.00958	0.01253	0.00751	0.00732	0.01580	0.01685	0.13033	0.05274	0.15024	0.35889	0.04904	0.00976	0.00269	0.00476	0.05490	0.00693	0.07741
27	0.00966	0.00734	0.00817	0.00823	0.00971	0.00663	0.00564	0.01120	0.01557	0.01987	0.15494	0.12210	0.34270	0.22577	0.01718	0.00387	0.00476	0.01440	0.00641	0.00585
28	0.00947	0.00675	0.00838	0.00951	0.01001	0.00635	0.00616	0.01048	0.01358	0.01788	0.03950	0.49819	0.10120	0.20690	0.01669	0.00404	0.00500	0.01796	0.00628	0.00566
29	0.01326	0.00925	0.01066	0.00992	0.01095	0.00975	0.00654	0.10508	0.01440	0.01942	0.02210	0.04146	0.02375	0.53889	0.12768	0.00715	0.00912	0.00981	0.00484	0.00596
30	0.01289	0.00645	0.00967	0.00967	0.00967	0.00645	0.00645	0.00967	0.00967	0.01289	0.01289	0.02257	0.01289	0.02579	0.02901	0.78401	0.00645	0.00645	0.00322	0.00322
31	0.00996	0.00736	0.00915	0.00937	0.01083	0.00676	0.00681	0.01238	0.01766	0.02379	0.33342	0.20756	0.18138	0.07713	0.01138	0.00298	0.00424	0.05416	0.00726	0.00643
32	0.01539	0.01319	0.01539	0.01100	0.01759	0.00990	0.00880	0.01869	0.01539	0.02419	0.01319	0.01539	0.01100	0.00550	0.00550	0.00110	0.00550	0.00440	0.00440	0.78449
33	0.01047	0.00706	0.00819	0.00851	0.00859	0.00698	0.00494	0.01071	0.01143	0.01524	0.02663	0.17528	0.03108	0.60683	0.03255	0.00642	0.00666	0.01270	0.00494	0.00478
34	0.01103	0.00878	0.01354	0.01253	0.01427	0.00947	0.06130	0.01351	0.01267	0.01760	0.02500	0.03510	0.07975	0.14893	0.49096	0.00962	0.01597	0.00913	0.00430	0.00656
35	0.01536	0.12987	0.01823	0.01301	0.01600	0.01508	0.01073	0.13571	0.01669	0.02273	0.01795	0.02426	0.01599	0.03902	0.46536	0.00846	0.01578	0.00707	0.00448	0.00821
36	0.00988	0.00752	0.00914	0.00950	0.01111	0.00664	0.00665	0.01168	0.01554	0.02071	0.12372	0.38986	0.19052	0.06645	0.01071	0.00291	0.00439	0.01669	0.00666	0.07974
37	0.09505	0.00785	0.00875	0.00917	0.01037	0.00773	0.00623	0.01223	0.01405	0.02032	0.09543	0.27353	0.13020	0.24089	0.01753	0.00410	0.00527	0.02936	0.00602	0.00592
38	0.01798	0.01724	0.02942	0.10651	0.63492	0.01754	0.02259	0.02244	0.01672	0.02378	0.01389	0.01850	0.01159	0.00669	0.00736	0.00223	0.00892	0.00661	0.00364	0.01144
39	0.00970	0.00674	0.00844	0.00955	0.01040	0.00628	0.00651	0.01140	0.01506	0.02068	0.10018	0.51058	0.10767	0.05276	0.01019	0.00297	0.00423	0.01805	0.08246	0.00616
40	0.08402	0.00812	0.00910	0.00899	0.01082	0.00801	0.00648	0.01668	0.01529	0.08986	0.07730	0.20970	0.03045	0.10926	0.01102	0.00293	0.00466	0.01130	0.27899	0.00704
41	0.01077	0.00723	0.00827	0.00821	0.00838	0.00718	0.00474	0.01110	0.01176	0.01585	0.08634	0.04923	0.03106	0.67062	0.03504	0.00674	0.00685	0.01104	0.00485	0.00474
42	0.01196	0.00825	0.00989	0.01014	0.01206	0.00775	0.00733	0.01559	0.07903	0.07676	0.10102	0.36695	0.22721	0.01895	0.00887	0.00271	0.00440	0.01663	0.00725	0.00726
43	0.00981	0.00699	0.00888	0.00950	0.01035	0.00656	0.00644	0.01158	0.01583	0.02155	0.24185	0.36862	0.07900	0.15104	0.01438	0.00354	0.00456	0.01659	0.00686	0.00607
44	0.01351	0.00826	0.01163	0.01142	0.01289	0.00867	0.00865	0.01555	0.04851	0.07383	0.07225	0.07947	0.02500	0.03320	0.27202	0.22245	0.01102	0.06009	0.00512	0.00645
45	0.00952	0.00680	0.00916	0.01088	0.01152	0.00644	0.00772	0.01116	0.01468	0.01948	0.04065	0.62854	0.04806	0.02281	0.00960	0.00308	0.00472	0.12214	0.00688	0.00616
46	0.04536	0.00769	0.00992	0.01020	0.01105	0.00826	0.00711	0.01223	0.01201	0.01731	0.02472	0.17117	0.02689	0.28289	0.31127	0.00815	0.01187	0.01130	0.00475	0.00584
47	0.01326	0.01156	0.01580	0.01508	0.01567	0.01436	0.01197	0.03530	0.01399	0.01979	0.02607	0.30370	0.02954	0.01786	0.01615	0.00315	0.32621	0.09800	0.00528	0.00728
48	0.01544	0.01336	0.01578	0.01144	0.01769	0.01057	0.00919	0.01865	0.01518	0.02386	0.01301	0.01544	0.01093	0.00589	0.00649	0.00121	0.04347	0.00451	0.00434	0.74354
49	0.01655	0.01675	0.05840	0.03232	0.32637	0.01560	0.19535	0.02070	0.01580	0.02250	0.01511	0.02051	0.01257	0.01293	0.07309	0.07953	0.01045	0.00727	0.03846	0.00973
50	0.01275	0.00992	0.01148	0.01150	0.01328	0.01053	0.00825	0.02056	0.23170	0.02337	0.10601	0.26794	0.03827	0.15547	0.01424	0.00360	0.00540	0.04120	0.00679	0.00775
51	0.01692	0.01612	0.02930	0.27267	0.18740	0.01701	0.20541	0.02298	0.05742	0.04792	0.01658	0.02276	0.01311	0.00765	0.00791	0.00246	0.00990	0.03248	0.00414	0.00987
52	0.79154	0.01436	0.01091	0.00976	0.01436	0.01665	0.00804	0.02182	0.01263	0.03331	0.01034	0.01206	0.00804	0.00689	0.00459	0.00230	0.00574	0.00402	0.00459	0.00804
53	0.03283	0.01341	0.01771	0.01357	0.01934	0.01206	0.01121	0.09595	0.02254	0.63634	0.02820	0.02456	0.01783	0.00916	0.00746	0.00229	0.00649	0.00739	0.00902	0.01263
54	0.01570	0.03189	0.47999	0.02157	0.09084	0.07824	0.02292	0.02254	0.01685	0.02358	0.08272	0.02187	0.04252	0.00834	0.00729	0.00230	0.00996	0.00672	0.00390	0.01025
55	0.01618	0.01081	0.01295	0.01215	0.01491	0.01113	0.00917	0.05202	0.19641	0.12206	0.13086	0.25572	0.06178	0.01708	0.03837	0.00301	0.00572	0.01319	0.00749	0.00899
56	0.00946	0.00735	0.00860	0.00870	0.01055	0.00649	0.00637	0.01183	0.01793	0.02342	0.29419	0.18641	0.34552	0.01828	0.00890	0.00254	0.00377	0.01584	0.00736	0.00649
57	0.01064	0.00783	0.01131	0.01131	0.01242	0.00894	0.00850	0.01286	0.01175	0.01677	0.02045	0.03232	0.01993	0.16674	0.60049	0.01116	0.01782	0.00842	0.00406	0.00628
58	0.02436	0.02743	0.01977	0.05464	0.02290	0.44445	0.01375	0.12694	0.04775	0.02314	0.01534	0.04781	0.01311	0.01294	0.07040	0.00297	0.01228	0.00631	0.00465	0.00905
59	0.01595	0.01486	0.01605	0.01433	0.01673	0.13797	0.07321	0.07834	0.01669	0.02108	0.02266	0.16533	0.02328	0.16480	0.14551	0.00513	0.01059	0.01041	0.03971	0.00736
60	0.01021	0.00714	0.00861	0.00891	0.01035	0.00658	0.00637	0.01262	0.01711	0.02387	0.26787	0.25293	0.17135	0.04709	0.00968	0.00268	0.00393	0.01511	0.11111	0.00647
61	0.00950	0.00748	0.00812	0.00800	0.00990	0.00659	0.00571	0.01138	0.01665	0.02104	0.19299	0.06396	0.44047	0.14937	0.01406	0.00333	0.00433	0.01431	0.00672	0.00610
62	0.01823	0.01323	0.01926	0.40541	0.03561	0.01513	0.01571	0.11282	0.01795	0.11743	0.01777	0.02496	0.01425	0.12679	0.01236	0.00318	0.00871	0.00741	0.00491	0.00888
63	0.01534	0.01319	0.01565	0.03767	0.01885	0.01014	0.00924	0.01870	0.01537	0.02399	0.01319	0.01556	0.01095	0.00557	0.00557	0.00115	0.00566	0.00448	0.00436	0.75533
64	0.01016	0.00804	0.00970	0.00977	0.01093	0.00807	0.00697	0.01172	0.01507	0.01975	0.12748	0.23508	0.25656	0.14896	0.01572	0.00354	0.07501	0.01505	0.00627	0.00616
65	0.00904	0.00646	0.00861	0.01034	0.01077	0.00603	0.00689	0.01034	0.01421	0.01895	0.04092	0.73426	0.04910	0.02326	0.00948	0.00301	0.00431	0.02110	0.00689	0.00603
66	0.01243	0.06452	0.01461	0.01209	0.01435	0.01114	0.04301	0.07183	0.01684	0.02182	0.04212	0.35743	0.20600	0.01796	0.00969	0.00269	0.05242	0.01549	0.00626	0.00730
67	0.01647	0.01892	0.09677	0.24768	0.26045	0.01754	0.18980	0.02194	0.01631	0.02243	0.01394	0.01898	0.01083	0.00681	0.00771	0.00238	0.01032	0.00706	0.00353	0.01015
68	0.01537	0.01518	0.01591	0.01466	0.01584	0.14199	0.01127	0.01711	0.01325	0.01706	0.01616	0.02620	0.01599	0.15956	0.26718	0.00681	0.21212	0.00748	0.00384	0.00702
69	0.01504	0.03048	0.45990	0.02284	0.03189	0.01659	0.19584	0.02234	0.01603	0.02315	0.01639	0.08481	0.01366	0.00837	0.00774	0.00245	0.01075	0.00784	0.00366	0.01025
70	0.02115	0.05801	0.02856	0.08350	0.34231	0.07696	0.07323	0.17467	0.02128	0.02825	0.01450	0.01773	0.01148	0.00726	0.00730	0.00220	0.00939	0.00652	0.00452	0.01118
71	0.01809	0.01752	0.04672	0.13523	0.15588	0.08128	0.01534	0.08723	0.14311	0.04037	0.02684	0.02800	0.11893	0.00964	0.00747	0.00229	0.00790	0.00806	0.00536	0.04473
72	0.00877	0.00752	0.00752	0.00752	0.01003	0.00627	0.00564	0.01065	0.01692	0.02005	0.07520	0.07144	0.68978	0.01880	0.00877	0.00251	0.00376	0.01567	0.00689	0.00627
73	0.01940	0.67997	0.09858	0.01347	0.02023	0.02828	0.01403	0.02234	0.01514	0.01801	0.01059	0.01225	0.00952	0.00641	0.00497	0.00166	0.00821	0.00411	0.00317	0.00966
74	0.23385	0.16084	0.02420	0.01690	0.05026	0.13761	0.07121	0.13873	0.01956	0.06386	0.01343	0.01497	0.01040	0.00733	0.00613	0.00210	0.00867	0.00533	0.00482	0.00982
75	0.05426	0.01388	0.01657	0.01382	0.01867	0.01422	0.01108	0.03599	0.29656	0.36300	0.02855	0.02597	0.01980	0.01156	0.03886	0.00282	0.00672	0.00775	0.00810	0.01182
76	0.00963	0.00721	0.00895	0.00925	0.01074	0.00652	0.00666	0.01205	0.01786	0.02402	0.33735	0.28019	0.20510	0.01864	0.00899	0.00260	0.00382	0.01644	0.00746	0.00652
77	0.04965	0.23418	0.22513	0.01665	0.03672	0.01919	0.04422	0.02119	0.01558	0.04720	0.08271	0.02042	0.01696	0.01273	0.07424	0.00309	0.06027	0.00634	0.00408	0.00944
78	0.01955	0.04995	0.02260	0.02171	0.14129	0.11302	0.07719	0.12995	0.12587	0.02610	0.01961	0.06080	0.01729	0.09835	0.04110	0.00328	0.00924	0.00807	0.00520	0.00980
79	0.00955	0.00729	0.00853	0.00871	0.01032	0.00653	0.00620	0.01163	0.01704	0.02227	0.25100	0.19958	0.30686	0.08674	0.01166	0.00300	0.00412	0.01563	0.00706	0.00628
80	0.01750	0.11083	0.27388	0.01958	0.08707	0.01792	0.01849	0.14029	0.05155	0.02681	0.01964	0.11913	0.01784	0.01025	0.00738	0.00237	0.00854	0.03570	0.00488	0.01035
81	0.09373	0.12305	0.02925	0.08702	0.13264	0.09220	0.16666	0.08605	0.04346	0.05551	0.01468	0.01745	0.01136	0.00717	0.00701	0.00221	0.00955	0.00641	0.00444	0.01016
82	0.01836	0.01249	0.01650	0.01756	0.12565	0.01264	0.01163	0.02669	0.20154	0.15761	0.27123	0.03599	0.03761	0.01123	0.00795	0.00236	0.00556	0.00979	0.00747	0.01016
83	0.13475	0.01318	0.01561	0.01295	0.01753	0.01312	0.01067	0.14379	0.02198	0.31182	0.11628	0.03318	0.02587	0.01099	0.00756	0.00242	0.00625	0.08375	0.00779	0.01051
84	0.12750	0.17874	0.02160	0.01441	0.01889	0.12437	0.01207	0.05311	0.16233	0.09080	0.01959	0.02381	0.01619	0.00938	0.00736	0.00227	0.03902	0.06324	0.00552	0.00979

[dist]
# distance from previous block
# <min> <max>
2	10

[block]
# block no. 2 follows, 27 sequences, length 12
# corresponding to MSA columns:
# 286-297
name=unknown_C
#
# <colnr> <probs for GDERKNQSTAVLIFYWHMCP>
#	G	D	E	R	K	N	Q	S	T	A	V	L	I	F	Y	W	H	M	C	P
0	0.01801	0.01080	0.01547	0.01321	0.01630	0.01050	0.06029	0.02055	0.01754	0.22790	0.10723	0.18487	0.15677	0.01480	0.01023	0.00261	0.08456	0.01252	0.00708	0.00874
1	0.06301	0.07198	0.18422	0.13096	0.02981	0.06027	0.11935	0.04267	0.07537	0.04319	0.01590	0.01930	0.01226	0.01269	0.08427	0.00337	0.01098	0.00657	0.00418	0.00966
2	0.08638	0.01679	0.02491	0.12192	0.22350	0.06116	0.10137	0.02666	0.01789	0.21977	0.01799	0.01994	0.01291	0.00752	0.00731	0.00230	0.00877	0.00681	0.00532	0.01079
3	0.01007	0.00741	0.00960	0.01043	0.01163	0.00724	0.00776	0.01206	0.01489	0.01963	0.07959	0.27494	0.15114	0.10321	0.12244	0.00481	0.00740	0.13330	0.00624	0.00621
4	0.02251	0.07611	0.02476	0.01826	0.02374	0.05861	0.10985	0.26547	0.25756	0.03398	0.02085	0.02093	0.01556	0.00866	0.00742	0.00230	0.00827	0.00728	0.00640	0.01147
5	0.22271	0.06247	0.10773	0.01960	0.09412	0.05202	0.11075	0.02473	0.06756	0.06612	0.01483	0.01679	0.01133	0.00703	0.00643	0.00215	0.00826	0.00580	0.00455	0.09503
6	0.12814	0.01886	0.02260	0.09031	0.26232	0.12147	0.01663	0.06722	0.01829	0.12517	0.01533	0.01776	0.01168	0.00774	0.00776	0.00227	0.04506	0.00611	0.00483	0.01045
7	0.00995	0.00790	0.01159	0.01176	0.01322	0.00730	0.06058	0.01200	0.01547	0.02039	0.08624	0.50212	0.13724	0.02056	0.00931	0.00288	0.00498	0.05328	0.00672	0.00650
8	0.01764	0.01635	0.02039	0.15035	0.12869	0.11225	0.05759	0.02356	0.10969	0.06408	0.02569	0.10472	0.06377	0.01122	0.00795	0.00249	0.00837	0.06065	0.00532	0.00924
9	0.02052	0.21750	0.23151	0.02016	0.07974	0.06597	0.06106	0.09581	0.04175	0.07704	0.01490	0.01644	0.01128	0.00729	0.00665	0.00211	0.00940	0.00573	0.00437	0.01077
10	0.21245	0.01344	0.01775	0.09673	0.15544	0.01517	0.01345	0.01863	0.01372	0.02349	0.01556	0.07711	0.01471	0.04635	0.08492	0.00365	0.10693	0.00729	0.00419	0.05906
11	0.01815	0.01195	0.01516	0.01463	0.05030	0.01224	0.01096	0.09908	0.06215	0.15206	0.03469	0.18266	0.11204	0.01488	0.00972	0.00266	0.06441	0.09370	0.00689	0.03167

[dist]
# distance from previous block
# <min> <max>
0	27

# created by:
# /home/berkeley/.conda/envs/busco_data_prod/bin/msa2prfl.pl pipeline/OGs_align_augustus/5794/11488.fs
