[name]
unknown

[dist]
# distance from previous block
# <min> <max>
0	154

[block]
# block no. 0 follows, 30 sequences, length 9
# corresponding to MSA columns:
# 183-191
name=unknown_A
#
# <colnr> <probs for GDERKNQSTAVLIFYWHMCP>
#	G	D	E	R	K	N	Q	S	T	A	V	L	I	F	Y	W	H	M	C	P
0	0.04013	0.08343	0.05976	0.01320	0.01758	0.07266	0.01139	0.18408	0.04507	0.12515	0.06448	0.07602	0.10005	0.01115	0.00718	0.00222	0.00678	0.06429	0.00617	0.00923
1	0.01862	0.43451	0.10996	0.01381	0.01936	0.15291	0.01332	0.02244	0.05023	0.01890	0.07451	0.01633	0.01473	0.00720	0.00554	0.00174	0.00827	0.00506	0.00373	0.00884
2	0.02022	0.05821	0.30908	0.01669	0.02406	0.03407	0.04429	0.14330	0.03560	0.15827	0.01679	0.01745	0.01178	0.00734	0.00660	0.00207	0.00839	0.00583	0.03476	0.04520
3	0.10152	0.01797	0.17096	0.28429	0.11701	0.01509	0.01800	0.05556	0.01572	0.02323	0.06837	0.02213	0.01526	0.00797	0.00682	0.00227	0.00827	0.03681	0.00397	0.00877
4	0.01503	0.00865	0.01052	0.00962	0.01152	0.00845	0.00679	0.01800	0.07614	0.16558	0.08374	0.07857	0.07435	0.33386	0.06472	0.00478	0.00657	0.01016	0.00595	0.00698
5	0.01807	0.66744	0.12291	0.01295	0.01947	0.02617	0.01369	0.02105	0.01425	0.01714	0.01006	0.01164	0.00894	0.00605	0.00475	0.00158	0.00782	0.00391	0.00298	0.00913
6	0.31076	0.01796	0.01640	0.01387	0.01749	0.15507	0.05243	0.12463	0.01665	0.02641	0.01278	0.01753	0.01106	0.10061	0.01094	0.00275	0.07458	0.00559	0.00442	0.00804
7	0.01098	0.00812	0.00980	0.01014	0.01169	0.00791	0.00737	0.09614	0.01691	0.02230	0.09791	0.45343	0.15353	0.01869	0.00853	0.00262	0.00447	0.04619	0.00664	0.00660
8	0.00949	0.00679	0.00844	0.00938	0.01015	0.00648	0.00660	0.01081	0.01327	0.01729	0.03742	0.32590	0.12274	0.23545	0.01676	0.00400	0.00524	0.14256	0.00581	0.00542

[dist]
# distance from previous block
# <min> <max>
0	7

[block]
# block no. 1 follows, 30 sequences, length 30
# corresponding to MSA columns:
# 199-205,207-229
name=unknown_B
#
# <colnr> <probs for GDERKNQSTAVLIFYWHMCP>
#	G	D	E	R	K	N	Q	S	T	A	V	L	I	F	Y	W	H	M	C	P
0	0.03779	0.00843	0.01016	0.01015	0.01201	0.00840	0.00736	0.01661	0.10016	0.09854	0.03619	0.32229	0.12758	0.08766	0.07991	0.00378	0.00608	0.01357	0.00626	0.00706
1	0.01886	0.01763	0.01545	0.01408	0.01751	0.20722	0.01098	0.08557	0.14434	0.06131	0.02368	0.13193	0.02226	0.01158	0.00733	0.00224	0.00757	0.11001	0.00574	0.08470
2	0.00966	0.00766	0.01010	0.01191	0.07761	0.00704	0.00762	0.01189	0.01610	0.02143	0.23193	0.29389	0.23309	0.01706	0.00834	0.00245	0.00410	0.01508	0.00652	0.00651
3	0.02454	0.01263	0.01643	0.01528	0.08399	0.01215	0.01107	0.03133	0.18018	0.42254	0.03029	0.02764	0.08082	0.00943	0.00714	0.00222	0.00585	0.00785	0.00758	0.01105
4	0.01542	0.02539	0.31711	0.05467	0.11711	0.01684	0.30731	0.02196	0.01559	0.02213	0.01327	0.01694	0.00988	0.00627	0.00736	0.00226	0.01065	0.00664	0.00326	0.00992
5	0.04078	0.02167	0.20673	0.11577	0.10605	0.01748	0.20053	0.07552	0.03668	0.02349	0.01343	0.01706	0.01022	0.00716	0.00860	0.00232	0.07674	0.00646	0.00368	0.00964
6	0.02190	0.01077	0.01286	0.01073	0.01436	0.01048	0.00854	0.13886	0.01970	0.29167	0.02505	0.09337	0.01933	0.00969	0.00645	0.00203	0.00512	0.00795	0.28174	0.00940
7	0.47128	0.01969	0.05920	0.01519	0.08054	0.16370	0.01157	0.06482	0.01540	0.02781	0.01088	0.01270	0.00853	0.00673	0.00528	0.00208	0.00761	0.00440	0.00417	0.00844
8	0.57389	0.13354	0.01541	0.07980	0.01736	0.01726	0.00931	0.02017	0.01254	0.02742	0.01042	0.01252	0.00830	0.00650	0.00462	0.00205	0.00603	0.00410	0.03099	0.00777
9	0.00929	0.00799	0.00936	0.01070	0.07720	0.00700	0.00700	0.01146	0.01632	0.02022	0.13437	0.06071	0.57131	0.01620	0.00812	0.00231	0.00397	0.01368	0.00632	0.00646
10	0.01835	0.22764	0.35695	0.01728	0.02471	0.20250	0.01893	0.02327	0.01589	0.01929	0.01132	0.01324	0.00891	0.00660	0.00597	0.00191	0.01014	0.00461	0.00312	0.00938
11	0.17787	0.15949	0.02083	0.01519	0.06195	0.20908	0.01164	0.09414	0.01754	0.04413	0.01187	0.01341	0.00957	0.00664	0.00553	0.00176	0.00813	0.00453	0.00420	0.12250
12	0.00975	0.00725	0.00993	0.01240	0.07712	0.00699	0.00737	0.01095	0.01283	0.01726	0.03203	0.50892	0.03774	0.19783	0.01516	0.00371	0.00512	0.01618	0.00564	0.00584
13	0.01098	0.00916	0.00963	0.01058	0.01140	0.07581	0.00745	0.01232	0.01374	0.01734	0.03208	0.42243	0.03723	0.17421	0.01437	0.00362	0.00583	0.12039	0.00572	0.00572
14	0.11780	0.35283	0.19327	0.01465	0.02100	0.15758	0.01500	0.02247	0.01510	0.01978	0.01059	0.01233	0.00876	0.00643	0.00532	0.00181	0.00887	0.00422	0.00326	0.00894
15	0.05095	0.01501	0.01343	0.01256	0.01495	0.17135	0.00960	0.01990	0.12134	0.02053	0.08422	0.05901	0.12479	0.03908	0.16302	0.00428	0.05476	0.00869	0.00508	0.00745
16	0.00995	0.00685	0.00782	0.00774	0.00818	0.00666	0.00467	0.01059	0.01207	0.01614	0.12847	0.04844	0.08902	0.58202	0.02914	0.00571	0.00597	0.01090	0.00493	0.00472
17	0.01015	0.00677	0.00761	0.00761	0.00761	0.00677	0.00423	0.01015	0.01015	0.01353	0.02199	0.04567	0.02537	0.75476	0.03552	0.00677	0.00677	0.01015	0.00423	0.00423
18	0.32361	0.01874	0.08063	0.01377	0.01930	0.01885	0.01222	0.37107	0.02313	0.03712	0.01367	0.01449	0.00994	0.00749	0.00593	0.00213	0.00704	0.00522	0.00559	0.01007
19	0.01015	0.00677	0.00761	0.00761	0.00761	0.00677	0.00423	0.01015	0.01015	0.01353	0.02199	0.04567	0.02537	0.75476	0.03552	0.00677	0.00677	0.01015	0.00423	0.00423
20	0.00850	0.00607	0.00810	0.00972	0.01012	0.00567	0.00648	0.00972	0.01336	0.01781	0.03846	0.75020	0.04615	0.02186	0.00891	0.00283	0.00405	0.01984	0.00648	0.00567
21	0.13885	0.01047	0.01482	0.04557	0.01719	0.01030	0.09340	0.01954	0.01518	0.17795	0.02551	0.26501	0.02432	0.01226	0.00714	0.00236	0.00580	0.01087	0.09545	0.00801
22	0.01318	0.01240	0.02093	0.73798	0.04806	0.01550	0.01938	0.01783	0.01395	0.01783	0.01240	0.01860	0.00930	0.00698	0.00698	0.00233	0.00930	0.00620	0.00310	0.00775
23	0.01632	0.01561	0.02660	0.20460	0.55690	0.01633	0.02094	0.02058	0.01544	0.02164	0.01296	0.01758	0.01065	0.00639	0.00692	0.00213	0.00853	0.00621	0.00337	0.01029
24	0.01820	0.01541	0.01625	0.01437	0.01847	0.01775	0.01125	0.09659	0.63775	0.03054	0.02734	0.02519	0.02044	0.00937	0.00709	0.00234	0.00572	0.00774	0.00709	0.01112
25	0.01866	0.75896	0.03657	0.01194	0.01791	0.02761	0.01194	0.02090	0.01418	0.01642	0.00970	0.01119	0.00896	0.00597	0.00448	0.00149	0.00746	0.00373	0.00299	0.00896
26	0.01015	0.00677	0.00761	0.00761	0.00761	0.00677	0.00423	0.01015	0.01015	0.01353	0.02199	0.04567	0.02537	0.75476	0.03552	0.00677	0.00677	0.01015	0.00423	0.00423
27	0.00977	0.00711	0.00902	0.00902	0.00991	0.00744	0.00627	0.01109	0.01152	0.01550	0.02849	0.04157	0.13239	0.34448	0.31786	0.00790	0.01119	0.00978	0.00439	0.00533
28	0.01808	0.08371	0.02002	0.15586	0.05608	0.04005	0.01357	0.11279	0.36780	0.02702	0.02089	0.02126	0.01582	0.00831	0.00679	0.00221	0.00704	0.00680	0.00566	0.01023
29	0.01939	0.01433	0.01462	0.01192	0.01630	0.12491	0.00937	0.02216	0.01727	0.19548	0.13005	0.02382	0.02157	0.01216	0.07232	0.00256	0.00749	0.00661	0.00572	0.27196

[dist]
# distance from previous block
# <min> <max>
3	11

[block]
# block no. 2 follows, 30 sequences, length 21
# corresponding to MSA columns:
# 241-261
name=unknown_C
#
# <colnr> <probs for GDERKNQSTAVLIFYWHMCP>
#	G	D	E	R	K	N	Q	S	T	A	V	L	I	F	Y	W	H	M	C	P
0	0.01925	0.05512	0.13969	0.02006	0.07520	0.06012	0.10857	0.09263	0.01695	0.12017	0.01491	0.01770	0.01146	0.01136	0.06231	0.00296	0.15123	0.00629	0.00441	0.00962
1	0.01327	0.01047	0.08698	0.00869	0.01146	0.00839	0.00776	0.01827	0.06495	0.02592	0.05932	0.02618	0.01974	0.00839	0.00542	0.00178	0.00421	0.00679	0.60478	0.00727
2	0.01391	0.01983	0.25987	0.14295	0.12292	0.01335	0.01779	0.01977	0.04010	0.04735	0.20274	0.02663	0.02546	0.00888	0.00719	0.00221	0.00763	0.00768	0.00467	0.00904
3	0.05490	0.10647	0.25222	0.06093	0.15639	0.13148	0.01865	0.02229	0.01580	0.04343	0.01418	0.01950	0.01183	0.00757	0.00653	0.00211	0.00926	0.05335	0.00367	0.00944
4	0.00995	0.00699	0.00898	0.00955	0.01095	0.00644	0.00711	0.01217	0.01617	0.04319	0.23291	0.32470	0.15679	0.01825	0.00865	0.00261	0.00415	0.10729	0.00688	0.00627
5	0.00965	0.00693	0.00922	0.00964	0.01090	0.00651	0.00721	0.01229	0.01727	0.02386	0.40795	0.27023	0.05619	0.01730	0.00864	0.00253	0.00396	0.10630	0.00714	0.00628
6	0.01719	0.29997	0.02272	0.01269	0.01669	0.01835	0.01113	0.17382	0.01877	0.02402	0.02198	0.15883	0.02258	0.01206	0.00689	0.00222	0.00669	0.13962	0.00524	0.00854
7	0.01631	0.01643	0.02451	0.18565	0.35394	0.09111	0.06674	0.02023	0.01532	0.02022	0.01352	0.01850	0.01125	0.01247	0.10086	0.00331	0.01058	0.00634	0.00344	0.00927
8	0.01461	0.01202	0.01550	0.09054	0.01890	0.01411	0.01140	0.11282	0.12378	0.02508	0.17410	0.02846	0.02608	0.01968	0.16277	0.00427	0.12401	0.00819	0.00544	0.00824
9	0.01094	0.00663	0.00745	0.00774	0.00842	0.00658	0.00505	0.01235	0.01237	0.01869	0.02515	0.13776	0.02630	0.36798	0.02030	0.00432	0.00518	0.03733	0.27416	0.00530
10	0.01426	0.01766	0.14311	0.42565	0.14537	0.01624	0.06026	0.01933	0.01436	0.01955	0.01246	0.01756	0.00956	0.00702	0.00785	0.00231	0.04936	0.00614	0.00315	0.00880
11	0.01755	0.02170	0.14616	0.03364	0.43278	0.08898	0.06899	0.02321	0.05774	0.02245	0.01379	0.01700	0.01105	0.00656	0.00691	0.00211	0.00916	0.00611	0.00361	0.01050
12	0.14965	0.00920	0.01097	0.01005	0.01221	0.00973	0.00768	0.01608	0.01333	0.11573	0.07204	0.03140	0.11128	0.09230	0.15362	0.11635	0.04857	0.00809	0.00506	0.00665
13	0.31651	0.01248	0.01611	0.01352	0.01707	0.01362	0.12075	0.02008	0.10876	0.02414	0.01473	0.01857	0.01215	0.01619	0.10926	0.13996	0.00843	0.00600	0.00428	0.00740
14	0.02062	0.05179	0.06210	0.11970	0.14102	0.08803	0.01488	0.05137	0.01771	0.21098	0.02164	0.02790	0.03850	0.00926	0.00715	0.00224	0.00790	0.09215	0.00541	0.00963
15	0.01466	0.01372	0.06540	0.21059	0.22728	0.01293	0.03558	0.01846	0.01525	0.07064	0.02336	0.13729	0.06885	0.01055	0.00751	0.00236	0.00752	0.04480	0.00455	0.00870
16	0.02354	0.01282	0.01752	0.01697	0.11311	0.01273	0.01196	0.13988	0.01956	0.34014	0.02161	0.02251	0.01552	0.01851	0.17600	0.00426	0.00956	0.00689	0.00649	0.01044
17	0.04076	0.13767	0.10760	0.03710	0.02061	0.01566	0.07229	0.06391	0.11305	0.12759	0.04531	0.07855	0.06857	0.00985	0.00695	0.00220	0.00701	0.03043	0.00552	0.00937
18	0.01496	0.11412	0.53701	0.02145	0.07914	0.01763	0.07734	0.02194	0.01490	0.02154	0.01238	0.01485	0.00916	0.00647	0.00654	0.00213	0.00996	0.00532	0.00304	0.01014
19	0.01575	0.01314	0.02121	0.06958	0.30461	0.01378	0.04712	0.04146	0.01524	0.07140	0.01887	0.13755	0.01782	0.01584	0.10808	0.00357	0.06274	0.00874	0.00443	0.00908
20	0.01554	0.01167	0.01801	0.14170	0.24216	0.01172	0.01424	0.01877	0.01589	0.11820	0.02946	0.11290	0.12963	0.01158	0.00765	0.00237	0.00671	0.07781	0.00525	0.00873

[dist]
# distance from previous block
# <min> <max>
0	10

[block]
# block no. 3 follows, 30 sequences, length 6
# corresponding to MSA columns:
# 272-277
name=unknown_D
#
# <colnr> <probs for GDERKNQSTAVLIFYWHMCP>
#	G	D	E	R	K	N	Q	S	T	A	V	L	I	F	Y	W	H	M	C	P
0	0.01819	0.08347	0.21902	0.06143	0.10659	0.10686	0.08320	0.06481	0.01715	0.07381	0.01620	0.05178	0.01356	0.00819	0.00694	0.00218	0.00923	0.04363	0.00419	0.00957
1	0.01882	0.01907	0.18829	0.09167	0.11257	0.01416	0.03595	0.10178	0.01794	0.15645	0.01837	0.06346	0.01463	0.00838	0.00696	0.00214	0.00784	0.02925	0.00505	0.08724
2	0.02028	0.02442	0.29900	0.02105	0.08792	0.01659	0.10419	0.16864	0.01988	0.14556	0.01626	0.01746	0.01136	0.00722	0.00700	0.00218	0.00900	0.00621	0.00491	0.01087
3	0.01892	0.08785	0.02521	0.16455	0.24385	0.01674	0.07620	0.10115	0.01794	0.11187	0.01827	0.02066	0.05085	0.00753	0.00690	0.00212	0.00807	0.00674	0.00460	0.00997
4	0.01602	0.01332	0.01732	0.09320	0.14059	0.08115	0.04172	0.01871	0.01571	0.10814	0.02761	0.20436	0.10310	0.01212	0.00819	0.00231	0.03850	0.01052	0.00521	0.04220
5	0.01768	0.01434	0.04013	0.12641	0.16988	0.01468	0.04955	0.08208	0.09884	0.11278	0.07873	0.08416	0.02038	0.00955	0.00817	0.00230	0.04701	0.00829	0.00540	0.00962

[dist]
# distance from previous block
# <min> <max>
24	132

[block]
# block no. 4 follows, 30 sequences, length 51
# corresponding to MSA columns:
# 442-492
name=unknown_E
#
# <colnr> <probs for GDERKNQSTAVLIFYWHMCP>
#	G	D	E	R	K	N	Q	S	T	A	V	L	I	F	Y	W	H	M	C	P
0	0.06461	0.07934	0.02397	0.02147	0.15491	0.06855	0.11416	0.08095	0.01767	0.12925	0.04013	0.04343	0.01525	0.00832	0.00787	0.00215	0.05453	0.02809	0.00492	0.04041
1	0.04601	0.11193	0.12285	0.07207	0.14364	0.06691	0.03691	0.09167	0.12043	0.02482	0.06252	0.02068	0.03416	0.00792	0.00664	0.00209	0.00792	0.00652	0.00461	0.00971
2	0.11661	0.04832	0.11633	0.04071	0.08619	0.13275	0.03267	0.08788	0.10782	0.05099	0.01493	0.01630	0.01141	0.00707	0.00623	0.00197	0.00813	0.00546	0.00458	0.10365
3	0.03942	0.07083	0.05756	0.05845	0.08251	0.12640	0.03806	0.07278	0.10230	0.04531	0.09907	0.02441	0.04248	0.00892	0.00744	0.00210	0.03647	0.02483	0.00500	0.05569
4	0.07959	0.07247	0.18922	0.10125	0.02643	0.15504	0.08417	0.04894	0.01677	0.07981	0.04493	0.01724	0.01244	0.00743	0.00715	0.00213	0.03595	0.00583	0.00411	0.00911
5	0.04538	0.10728	0.26716	0.02032	0.09609	0.19219	0.04281	0.05051	0.07362	0.02209	0.01331	0.01515	0.01030	0.00693	0.00638	0.00203	0.00974	0.00529	0.00373	0.00969
6	0.08890	0.13100	0.18283	0.01797	0.12555	0.04327	0.01489	0.04430	0.01641	0.04869	0.13920	0.07816	0.02261	0.00916	0.00661	0.00210	0.00721	0.00753	0.00466	0.00897
7	0.12969	0.12655	0.16800	0.01380	0.01978	0.01661	0.01362	0.11175	0.08106	0.09604	0.01901	0.02183	0.04053	0.00829	0.00626	0.00207	0.00709	0.04499	0.00508	0.06796
8	0.04162	0.08366	0.18393	0.07893	0.06911	0.03819	0.04033	0.13815	0.01845	0.08278	0.01720	0.01880	0.04022	0.00746	0.00643	0.00200	0.00794	0.00599	0.04735	0.07147
9	0.04784	0.25150	0.15545	0.01490	0.02074	0.06640	0.01458	0.12928	0.07741	0.02416	0.01418	0.01702	0.01165	0.00769	0.00694	0.00197	0.05139	0.02893	0.00426	0.05369
10	0.01856	0.11785	0.32969	0.01672	0.02413	0.01890	0.01812	0.23628	0.05989	0.02916	0.05332	0.01768	0.01373	0.00770	0.00659	0.00209	0.00845	0.00592	0.00475	0.01048
11	0.01979	0.37161	0.20633	0.01512	0.02191	0.08465	0.01574	0.11922	0.01776	0.05125	0.01229	0.01355	0.00970	0.00671	0.00566	0.00182	0.00861	0.00467	0.00385	0.00977
12	0.08791	0.36008	0.21290	0.01540	0.02232	0.04505	0.05310	0.09053	0.01636	0.02245	0.01146	0.01319	0.00919	0.00647	0.00556	0.00186	0.00846	0.00465	0.00356	0.00949
13	0.04700	0.11477	0.44513	0.01714	0.02530	0.01777	0.02001	0.11225	0.04848	0.02541	0.05226	0.01707	0.01297	0.00734	0.00645	0.00211	0.00882	0.00563	0.00401	0.01008
14	0.04211	0.39350	0.10994	0.01424	0.02035	0.04183	0.03832	0.08797	0.09933	0.04752	0.01390	0.01482	0.01108	0.00682	0.00559	0.00181	0.00770	0.00497	0.00418	0.03403
15	0.02025	0.22342	0.25381	0.01623	0.02314	0.11949	0.01682	0.14360	0.03844	0.06284	0.01358	0.01468	0.01027	0.00704	0.00611	0.00194	0.00902	0.00507	0.00421	0.01003
16	0.05404	0.09067	0.17543	0.03926	0.06334	0.05945	0.03465	0.31623	0.04828	0.03152	0.01458	0.01583	0.01079	0.00744	0.00656	0.00207	0.00853	0.00571	0.00503	0.01060
17	0.01995	0.01837	0.12557	0.04101	0.02082	0.05491	0.01313	0.18707	0.06180	0.13117	0.04720	0.06387	0.03901	0.00890	0.00681	0.00201	0.00711	0.00718	0.00579	0.13833
18	0.01419	0.01240	0.01588	0.16912	0.02342	0.01066	0.01069	0.01763	0.01436	0.02167	0.01240	0.01537	0.01011	0.00556	0.00556	0.00132	0.00607	0.00459	0.00391	0.62510
19	0.01447	0.01240	0.01447	0.01034	0.01654	0.00930	0.00827	0.01757	0.01447	0.02274	0.01240	0.01447	0.01034	0.00517	0.00517	0.00103	0.00517	0.00413	0.00413	0.79742
20	0.01495	0.01865	0.21736	0.01780	0.12712	0.01178	0.01497	0.01931	0.01538	0.08136	0.02388	0.06837	0.11385	0.00888	0.00669	0.00193	0.00689	0.00749	0.00456	0.21878
21	0.80405	0.01350	0.01026	0.00918	0.01350	0.01565	0.00756	0.02051	0.01188	0.03131	0.00972	0.01134	0.00756	0.00648	0.00432	0.00216	0.00540	0.00378	0.00432	0.00756
22	0.02607	0.03326	0.01978	0.01798	0.02157	0.72674	0.01348	0.02787	0.01978	0.01708	0.01079	0.01258	0.00899	0.00719	0.00629	0.00180	0.01258	0.00449	0.00360	0.00809
23	0.80405	0.01350	0.01026	0.00918	0.01350	0.01565	0.00756	0.02051	0.01188	0.03131	0.00972	0.01134	0.00756	0.00648	0.00432	0.00216	0.00540	0.00378	0.00432	0.00756
24	0.80405	0.01350	0.01026	0.00918	0.01350	0.01565	0.00756	0.02051	0.01188	0.03131	0.00972	0.01134	0.00756	0.00648	0.00432	0.00216	0.00540	0.00378	0.00432	0.00756
25	0.01906	0.01711	0.02573	0.02987	0.34786	0.01789	0.09584	0.15895	0.16233	0.02835	0.01717	0.01919	0.01331	0.00729	0.00712	0.00217	0.00800	0.00682	0.00494	0.01102
26	0.01736	0.01499	0.01578	0.01420	0.01815	0.01736	0.01105	0.03708	0.69862	0.02919	0.02840	0.02604	0.02130	0.00947	0.00710	0.00237	0.00552	0.00789	0.00710	0.01105
27	0.01652	0.29071	0.36427	0.01879	0.06396	0.02061	0.06249	0.04955	0.01547	0.02105	0.01183	0.01396	0.00924	0.00640	0.00600	0.00195	0.00917	0.00495	0.00320	0.00988
28	0.01587	0.01385	0.02334	0.05492	0.51768	0.01394	0.01755	0.01826	0.01415	0.02001	0.01286	0.01829	0.01127	0.01071	0.01196	0.19911	0.00777	0.00618	0.00334	0.00897
29	0.00997	0.00748	0.01121	0.01121	0.01246	0.00872	0.00872	0.01246	0.01121	0.01620	0.01869	0.02741	0.01745	0.05234	0.72710	0.01121	0.01869	0.00748	0.00374	0.00623
30	0.01489	0.06779	0.08775	0.13005	0.02263	0.01554	0.01302	0.02649	0.34032	0.02478	0.10329	0.05000	0.05448	0.00984	0.00709	0.00228	0.00636	0.00827	0.00576	0.00938
31	0.01212	0.00606	0.00909	0.00909	0.00909	0.00606	0.00606	0.00909	0.00909	0.01212	0.01212	0.02121	0.01212	0.02424	0.02727	0.79697	0.00606	0.00606	0.00303	0.00303
32	0.01778	0.01520	0.01601	0.01429	0.01831	0.01755	0.01115	0.06677	0.66825	0.02987	0.02787	0.02561	0.02087	0.00942	0.00710	0.00235	0.00562	0.00782	0.00710	0.01108
33	0.01647	0.01882	0.04118	0.02941	0.03647	0.01765	0.68588	0.02235	0.01647	0.02235	0.01412	0.01882	0.01059	0.00588	0.00824	0.00235	0.01176	0.00824	0.00353	0.00941
34	0.01736	0.01499	0.01578	0.01420	0.01815	0.01736	0.01105	0.03708	0.69862	0.02919	0.02840	0.02604	0.02130	0.00947	0.00710	0.00237	0.00552	0.00789	0.00710	0.01105
35	0.00848	0.00617	0.00799	0.00945	0.01005	0.00569	0.00636	0.00975	0.01362	0.01792	0.04172	0.68106	0.11319	0.02144	0.00884	0.00279	0.00400	0.01932	0.00648	0.00569
36	0.32232	0.01995	0.12839	0.01504	0.05843	0.08799	0.01295	0.14242	0.01785	0.06999	0.01621	0.01719	0.04867	0.00766	0.00590	0.00213	0.00742	0.00547	0.00483	0.00920
37	0.11291	0.01611	0.01710	0.01403	0.01878	0.01782	0.01133	0.29738	0.25779	0.11032	0.03998	0.02105	0.01668	0.00872	0.00675	0.00221	0.00636	0.00680	0.00692	0.01095
38	0.00936	0.00674	0.00887	0.00913	0.01031	0.00624	0.00654	0.01188	0.01737	0.02420	0.45852	0.31194	0.05852	0.01709	0.00848	0.00243	0.00357	0.01531	0.00723	0.00624
39	0.01632	0.39631	0.37873	0.01593	0.02408	0.02189	0.01888	0.02150	0.01446	0.01927	0.01112	0.01297	0.00890	0.00630	0.00556	0.00185	0.00889	0.00445	0.00297	0.00964
40	0.01024	0.00736	0.00987	0.01014	0.01170	0.00700	0.00807	0.01339	0.01821	0.02514	0.45495	0.09971	0.05650	0.01630	0.00872	0.00256	0.00434	0.22210	0.00721	0.00648
41	0.01377	0.01080	0.01506	0.01354	0.01607	0.01171	0.06233	0.13833	0.05562	0.02311	0.02316	0.15409	0.02257	0.03074	0.32616	0.00637	0.01203	0.05169	0.00516	0.00770
42	0.01030	0.00732	0.00861	0.00825	0.01038	0.00642	0.00620	0.01273	0.01760	0.06382	0.33132	0.09743	0.36223	0.01596	0.00821	0.00230	0.00361	0.01369	0.00711	0.00652
43	0.01657	0.10591	0.01943	0.03759	0.10513	0.08010	0.01142	0.04233	0.03892	0.02199	0.01424	0.04891	0.01245	0.00697	0.00623	0.00157	0.02681	0.00551	0.03718	0.36073
44	0.01053	0.00795	0.00975	0.00981	0.01140	0.00786	0.00721	0.01522	0.10903	0.02372	0.32559	0.22980	0.09236	0.05845	0.00989	0.00271	0.00418	0.05083	0.00695	0.00676
45	0.11784	0.06111	0.05550	0.01367	0.04518	0.04255	0.05824	0.03915	0.01533	0.02358	0.03812	0.04356	0.05544	0.00735	0.00589	0.00165	0.00640	0.00602	0.00435	0.35906
46	0.01705	0.06505	0.28228	0.01663	0.02417	0.01495	0.08366	0.04739	0.07001	0.09144	0.01537	0.01673	0.01133	0.00663	0.00638	0.00189	0.00808	0.00556	0.00434	0.21107
47	0.52545	0.01701	0.07629	0.01489	0.08679	0.06414	0.03922	0.02076	0.01317	0.02732	0.01123	0.01450	0.00921	0.04705	0.00677	0.00239	0.00696	0.00473	0.00402	0.00809
48	0.01304	0.01064	0.01211	0.01154	0.01411	0.01152	0.00881	0.02340	0.32916	0.02542	0.18463	0.13563	0.09467	0.01577	0.04900	0.00293	0.00544	0.03690	0.00687	0.00842
49	0.01573	0.01526	0.02249	0.19615	0.36650	0.06946	0.01757	0.01961	0.01598	0.02158	0.09641	0.02167	0.01728	0.00910	0.03350	0.00242	0.00852	0.00682	0.00393	0.04004
50	0.02525	0.01578	0.01828	0.05571	0.02105	0.01684	0.01212	0.33786	0.13091	0.23242	0.02161	0.02063	0.01494	0.00853	0.00694	0.00215	0.00679	0.00675	0.03410	0.01132

[dist]
# distance from previous block
# <min> <max>
0	4

[block]
# block no. 5 follows, 30 sequences, length 19
# corresponding to MSA columns:
# 497-515
name=unknown_F
#
# <colnr> <probs for GDERKNQSTAVLIFYWHMCP>
#	G	D	E	R	K	N	Q	S	T	A	V	L	I	F	Y	W	H	M	C	P
0	0.01969	0.01557	0.02373	0.20068	0.34108	0.01651	0.01808	0.14636	0.01907	0.10827	0.01535	0.01827	0.01153	0.00709	0.00695	0.00215	0.00814	0.00632	0.00465	0.01051
1	0.01959	0.22435	0.04793	0.10040	0.02646	0.19169	0.16222	0.04462	0.01687	0.04976	0.01358	0.04686	0.01143	0.00726	0.00648	0.00198	0.00974	0.00616	0.00380	0.00883
2	0.01041	0.00671	0.00744	0.00752	0.00916	0.00618	0.00550	0.01245	0.01520	0.02187	0.13202	0.11292	0.26942	0.01491	0.00869	0.06558	0.00366	0.01146	0.27296	0.00594
3	0.01931	0.13218	0.02834	0.03082	0.38843	0.12016	0.06545	0.06803	0.04086	0.02263	0.01311	0.01605	0.01081	0.00655	0.00656	0.00198	0.00889	0.00580	0.00377	0.01025
4	0.00926	0.00705	0.00852	0.00829	0.01008	0.00630	0.00616	0.01193	0.01811	0.02439	0.45964	0.10126	0.27189	0.01585	0.00828	0.00229	0.00342	0.01376	0.00722	0.00630
5	0.01749	0.21577	0.13430	0.02386	0.23163	0.08009	0.03994	0.02325	0.09341	0.02102	0.01482	0.04797	0.01267	0.00734	0.00633	0.00199	0.00837	0.00611	0.00382	0.00984
6	0.00828	0.00696	0.00719	0.00737	0.00951	0.00587	0.00544	0.00998	0.01562	0.01873	0.06701	0.14510	0.63282	0.01815	0.00832	0.00241	0.00359	0.01531	0.00648	0.00587
7	0.22092	0.01512	0.01454	0.01334	0.03644	0.05676	0.01001	0.09233	0.29976	0.04811	0.02024	0.02249	0.01618	0.09339	0.00956	0.00274	0.00634	0.00666	0.00578	0.00930
8	0.07509	0.01232	0.01462	0.01209	0.01643	0.01225	0.00960	0.04709	0.18697	0.28736	0.02325	0.02385	0.01714	0.05811	0.07573	0.00320	0.00700	0.00688	0.00664	0.10435
9	0.11074	0.02440	0.10106	0.02129	0.12919	0.25556	0.06376	0.10111	0.08331	0.02476	0.01382	0.01561	0.01074	0.00715	0.00650	0.00206	0.00955	0.00555	0.00430	0.00955
10	0.01821	0.01577	0.02157	0.18415	0.22583	0.01756	0.01634	0.15639	0.21762	0.02772	0.01813	0.02002	0.01381	0.00776	0.00699	0.00222	0.00759	0.00671	0.00513	0.01048
11	0.00862	0.00629	0.00815	0.00958	0.01028	0.00582	0.00660	0.01001	0.01380	0.01810	0.04206	0.63594	0.12140	0.02124	0.00887	0.00280	0.00412	0.05411	0.00648	0.00573
12	0.01734	0.01516	0.01989	0.07567	0.25620	0.05708	0.01478	0.06220	0.16401	0.04633	0.01931	0.02168	0.03046	0.01086	0.05315	0.00273	0.03974	0.00681	0.07688	0.00972
13	0.01148	0.00746	0.00963	0.00900	0.01095	0.00677	0.00678	0.01444	0.01896	0.08592	0.54268	0.10097	0.11897	0.01463	0.00818	0.00225	0.00360	0.01284	0.00757	0.00691
14	0.25590	0.01365	0.01463	0.01639	0.13767	0.05869	0.01068	0.01986	0.08421	0.02471	0.08125	0.02751	0.11916	0.03475	0.03151	0.00266	0.04624	0.00749	0.00492	0.00809
15	0.00897	0.00667	0.00838	0.00901	0.01024	0.00608	0.00645	0.01101	0.01592	0.02123	0.24783	0.37273	0.18746	0.01860	0.00860	0.00256	0.00381	0.04158	0.00684	0.00602
16	0.01932	0.10512	0.02667	0.07977	0.41791	0.19258	0.01825	0.02270	0.01652	0.02033	0.01211	0.01551	0.01019	0.00648	0.00648	0.00196	0.00932	0.00551	0.00341	0.00986
17	0.44318	0.10426	0.01698	0.01357	0.04665	0.21016	0.01046	0.04505	0.01516	0.02581	0.01039	0.01210	0.00840	0.00667	0.00507	0.00198	0.00778	0.00416	0.00402	0.00816
18	0.01731	0.02612	0.28444	0.04479	0.08109	0.08340	0.23363	0.08057	0.03777	0.02374	0.01375	0.01665	0.01022	0.00666	0.00719	0.00221	0.01044	0.00637	0.00371	0.00995

[dist]
# distance from previous block
# <min> <max>
0	2

[block]
# block no. 6 follows, 30 sequences, length 118
# corresponding to MSA columns:
# 518-566,568-574,576-637
name=unknown_G
#
# <colnr> <probs for GDERKNQSTAVLIFYWHMCP>
#	G	D	E	R	K	N	Q	S	T	A	V	L	I	F	Y	W	H	M	C	P
0	0.01247	0.01337	0.08898	0.01205	0.04080	0.03524	0.00991	0.01570	0.01572	0.02219	0.14722	0.13111	0.11727	0.01104	0.00691	0.00186	0.00541	0.00944	0.00523	0.29807
1	0.00944	0.00683	0.00821	0.00873	0.01002	0.00632	0.00611	0.01088	0.01389	0.03853	0.04595	0.32434	0.28105	0.11135	0.08172	0.00393	0.00567	0.01522	0.00601	0.00582
2	0.00906	0.00679	0.00771	0.00808	0.00923	0.00621	0.00548	0.01030	0.01381	0.01756	0.08239	0.21014	0.29975	0.24308	0.01674	0.00382	0.00471	0.03389	0.00586	0.00539
3	0.14664	0.33924	0.07183	0.01397	0.03810	0.10828	0.01247	0.11735	0.01727	0.02387	0.01175	0.01329	0.00963	0.00670	0.00526	0.00179	0.00780	0.00449	0.04118	0.00908
4	0.80405	0.01350	0.01026	0.00918	0.01350	0.01565	0.00756	0.02051	0.01188	0.03131	0.00972	0.01134	0.00756	0.00648	0.00432	0.00216	0.00540	0.00378	0.00432	0.00756
5	0.01483	0.12402	0.42559	0.04275	0.10656	0.01711	0.07123	0.02109	0.01528	0.02177	0.06431	0.01778	0.01352	0.00702	0.00663	0.00211	0.00926	0.00591	0.00341	0.00980
6	0.00924	0.00638	0.00788	0.00877	0.00899	0.00616	0.00546	0.00991	0.01191	0.01588	0.03104	0.43264	0.03679	0.35221	0.02090	0.00461	0.00527	0.01547	0.00546	0.00502
7	0.01641	0.01498	0.01860	0.01609	0.01755	0.05708	0.01314	0.13004	0.01507	0.02126	0.01299	0.01850	0.01174	0.02162	0.20059	0.00492	0.39107	0.00640	0.00393	0.00802
8	0.01846	0.23026	0.07328	0.02085	0.13625	0.01921	0.10997	0.12689	0.01827	0.04941	0.01680	0.02464	0.01482	0.00845	0.00679	0.00213	0.00822	0.10114	0.00448	0.00966
9	0.01626	0.01440	0.02162	0.13989	0.27939	0.01621	0.01652	0.04213	0.11284	0.04705	0.01758	0.08823	0.01551	0.00944	0.00979	0.00239	0.12906	0.00776	0.00444	0.00951
10	0.00946	0.00712	0.00874	0.00834	0.01017	0.00641	0.00625	0.01235	0.01876	0.02563	0.54308	0.05601	0.23178	0.01515	0.00823	0.00224	0.00335	0.01316	0.00737	0.00641
11	0.01671	0.01630	0.02830	0.10476	0.55302	0.01685	0.07610	0.02089	0.01545	0.02195	0.01291	0.01741	0.01074	0.00661	0.00796	0.00218	0.05167	0.00638	0.00340	0.01041
12	0.02142	0.01513	0.01649	0.01257	0.01808	0.05933	0.01014	0.18186	0.02059	0.17228	0.04806	0.01854	0.01458	0.00720	0.00620	0.00162	0.00633	0.00566	0.00588	0.35803
13	0.01704	0.53031	0.22524	0.01403	0.02105	0.02367	0.01559	0.02095	0.01454	0.01842	0.03612	0.01368	0.01101	0.00646	0.00521	0.00172	0.00810	0.00445	0.00315	0.00925
14	0.01743	0.56807	0.21668	0.01404	0.02116	0.02460	0.01560	0.02121	0.01433	0.01792	0.01045	0.01213	0.00892	0.00614	0.00505	0.00168	0.00822	0.00411	0.00297	0.00931
15	0.01945	0.01271	0.01338	0.01105	0.01456	0.01371	0.00887	0.33609	0.02329	0.03457	0.01990	0.02161	0.01502	0.00825	0.00588	0.00185	0.00536	0.00640	0.41899	0.00906
16	0.00969	0.00724	0.00919	0.00992	0.01139	0.00690	0.00775	0.01194	0.01521	0.01977	0.11564	0.17703	0.21611	0.06913	0.06671	0.00367	0.00592	0.22454	0.00623	0.00602
17	0.01212	0.00606	0.00909	0.00909	0.00909	0.00606	0.00606	0.00909	0.00909	0.01212	0.01212	0.02121	0.01212	0.02424	0.02727	0.79697	0.00606	0.00606	0.00303	0.00303
18	0.02074	0.01523	0.01661	0.01422	0.01862	0.01698	0.01127	0.13449	0.50123	0.12988	0.02653	0.02431	0.01931	0.00918	0.00707	0.00230	0.00591	0.00752	0.00730	0.01129
19	0.00849	0.00634	0.00791	0.00908	0.00997	0.00575	0.00621	0.00990	0.01416	0.01840	0.06901	0.57001	0.19809	0.02064	0.00873	0.00270	0.00390	0.01842	0.00652	0.00575
20	0.01329	0.02186	0.36248	0.01438	0.02068	0.01151	0.01623	0.01860	0.01639	0.07694	0.18119	0.06651	0.12935	0.01090	0.00737	0.00225	0.00707	0.00913	0.00516	0.00871
21	0.01866	0.75896	0.03657	0.01194	0.01791	0.02761	0.01194	0.02090	0.01418	0.01642	0.00970	0.01119	0.00896	0.00597	0.00448	0.00149	0.00746	0.00373	0.00299	0.00896
22	0.28745	0.02129	0.01926	0.07949	0.13243	0.27056	0.05264	0.02318	0.01579	0.02320	0.01113	0.01378	0.00895	0.00670	0.00589	0.00204	0.00913	0.00489	0.00377	0.00843
23	0.01762	0.01942	0.05825	0.19672	0.38658	0.13522	0.04424	0.02174	0.01606	0.02065	0.01258	0.01673	0.01018	0.00656	0.00686	0.00210	0.00946	0.00595	0.00338	0.00970
24	0.01345	0.01156	0.01224	0.01147	0.01422	0.04495	0.00888	0.02293	0.28898	0.02547	0.22604	0.04291	0.14537	0.01463	0.04043	0.00275	0.00556	0.05305	0.00680	0.00829
25	0.00846	0.00672	0.00760	0.00813	0.00975	0.00587	0.00581	0.01015	0.01530	0.01918	0.10804	0.30636	0.42624	0.01889	0.00848	0.00251	0.00370	0.01636	0.00657	0.00587
26	0.01593	0.01722	0.03222	0.02440	0.02826	0.01933	0.38257	0.01984	0.01385	0.01984	0.01188	0.01722	0.00994	0.00875	0.01487	0.00267	0.34204	0.00727	0.00331	0.00861
27	0.00847	0.00678	0.00758	0.00800	0.00972	0.00589	0.00577	0.01022	0.01551	0.01939	0.12004	0.26612	0.45482	0.01859	0.00844	0.00248	0.00366	0.01603	0.00659	0.00589
28	0.02106	0.01799	0.01705	0.01437	0.01850	0.11995	0.01137	0.28458	0.22188	0.03285	0.09813	0.02344	0.02070	0.00918	0.00693	0.00211	0.00699	0.00722	0.05555	0.01015
29	0.00845	0.00628	0.00788	0.00915	0.00997	0.00572	0.00623	0.00978	0.01390	0.01803	0.04532	0.60483	0.18709	0.02097	0.00877	0.00273	0.00394	0.01875	0.00648	0.00572
30	0.01421	0.06892	0.68763	0.01953	0.02964	0.01672	0.02515	0.02204	0.01471	0.02184	0.01239	0.01457	0.00885	0.00660	0.00653	0.00218	0.01018	0.00509	0.00295	0.01025
31	0.01727	0.01658	0.02832	0.04283	0.71123	0.01658	0.02142	0.02142	0.01589	0.02280	0.01313	0.01727	0.01105	0.00622	0.00691	0.00207	0.00829	0.00622	0.00345	0.01105
32	0.01375	0.01139	0.01864	0.16605	0.06934	0.01185	0.11321	0.01865	0.07242	0.06352	0.12103	0.17244	0.02831	0.01370	0.04057	0.00283	0.00748	0.04144	0.00537	0.00803
33	0.02155	0.30044	0.10576	0.01714	0.05376	0.35464	0.01469	0.02434	0.01696	0.01768	0.01069	0.01254	0.00906	0.00663	0.00569	0.00174	0.01023	0.00437	0.00329	0.00880
34	0.16149	0.01846	0.02306	0.15284	0.12980	0.13875	0.13746	0.04266	0.08664	0.02365	0.01384	0.01680	0.01074	0.00691	0.00661	0.00217	0.00902	0.00602	0.00406	0.00903
35	0.01183	0.00977	0.01114	0.01225	0.01406	0.06373	0.01032	0.01462	0.01620	0.02014	0.03997	0.10354	0.13686	0.01822	0.00914	0.00296	0.00637	0.48623	0.00622	0.00644
36	0.06572	0.02258	0.13898	0.22591	0.03261	0.18124	0.13711	0.04313	0.01661	0.05250	0.01301	0.01634	0.00972	0.00686	0.00683	0.00216	0.01024	0.00589	0.00371	0.00885
37	0.01212	0.00606	0.00909	0.00909	0.00909	0.00606	0.00606	0.00909	0.00909	0.01212	0.01212	0.02121	0.01212	0.02424	0.02727	0.79697	0.00606	0.00606	0.00303	0.00303
38	0.01212	0.00606	0.00909	0.00909	0.00909	0.00606	0.00606	0.00909	0.00909	0.01212	0.01212	0.02121	0.01212	0.02424	0.02727	0.79697	0.00606	0.00606	0.00303	0.00303
39	0.02469	0.01610	0.01832	0.01386	0.01955	0.01611	0.01138	0.37960	0.02551	0.18941	0.01812	0.01777	0.01271	0.00766	0.00655	0.00185	0.00668	0.00593	0.00666	0.20154
40	0.03703	0.00964	0.01044	0.06595	0.01432	0.01063	0.00788	0.02257	0.21374	0.02645	0.02322	0.02502	0.01791	0.00838	0.00567	0.00191	0.00445	0.00681	0.48001	0.00795
41	0.00988	0.00713	0.00933	0.00878	0.01043	0.00658	0.00658	0.01317	0.01975	0.02798	0.70754	0.05213	0.06584	0.01427	0.00823	0.00219	0.00329	0.01262	0.00768	0.00658
42	0.00859	0.00686	0.00769	0.00795	0.00975	0.00596	0.00578	0.01050	0.01602	0.02022	0.17508	0.21453	0.45050	0.01800	0.00839	0.00243	0.00361	0.01548	0.00669	0.00596
43	0.01716	0.01691	0.03019	0.04089	0.61342	0.01673	0.11773	0.02155	0.01597	0.02273	0.01327	0.01750	0.01099	0.00617	0.00710	0.00211	0.00879	0.00651	0.00347	0.01082
44	0.80405	0.01350	0.01026	0.00918	0.01350	0.01565	0.00756	0.02051	0.01188	0.03131	0.00972	0.01134	0.00756	0.00648	0.00432	0.00216	0.00540	0.00378	0.00432	0.00756
45	0.01775	0.55908	0.03248	0.01366	0.01802	0.02594	0.01283	0.01979	0.01324	0.01652	0.00956	0.01229	0.00901	0.00765	0.00943	0.00191	0.20488	0.00437	0.00300	0.00860
46	0.01627	0.01434	0.01703	0.01251	0.01853	0.03764	0.05220	0.08263	0.03968	0.02474	0.01341	0.01529	0.01082	0.00574	0.00564	0.00129	0.00611	0.00474	0.00445	0.61695
47	0.01443	0.03342	0.62815	0.02021	0.05410	0.01633	0.02426	0.02346	0.07812	0.02278	0.01402	0.01587	0.01008	0.00688	0.00668	0.00222	0.00980	0.00545	0.00335	0.01041
48	0.00825	0.00707	0.00707	0.00707	0.00943	0.00589	0.00530	0.01001	0.01591	0.01885	0.07069	0.06716	0.70839	0.01767	0.00825	0.00236	0.00353	0.01473	0.00648	0.00589
49	0.01923	0.70299	0.03527	0.01241	0.01819	0.08153	0.01206	0.02143	0.01461	0.01647	0.00979	0.01130	0.00896	0.00606	0.00462	0.00152	0.00786	0.00379	0.00303	0.00889
50	0.01315	0.01057	0.01215	0.01115	0.01380	0.01129	0.00853	0.02362	0.31643	0.02851	0.41075	0.04072	0.04638	0.01217	0.00774	0.00227	0.00427	0.01055	0.00743	0.00853
51	0.01804	0.01630	0.02679	0.05814	0.50068	0.01658	0.07122	0.04429	0.09828	0.05675	0.01580	0.01877	0.01251	0.00678	0.00704	0.00214	0.00813	0.00661	0.00424	0.01088
52	0.01728	0.01635	0.02655	0.03877	0.61300	0.01669	0.01995	0.02364	0.11265	0.02370	0.01529	0.01851	0.01251	0.00668	0.00694	0.00211	0.00790	0.00645	0.00397	0.01105
53	0.00825	0.00707	0.00707	0.00707	0.00943	0.00589	0.00530	0.01001	0.01591	0.01885	0.07069	0.06716	0.70839	0.01767	0.00825	0.00236	0.00353	0.01473	0.00648	0.00589
54	0.00988	0.00713	0.00933	0.00878	0.01043	0.00658	0.00658	0.01317	0.01975	0.02798	0.70754	0.05213	0.06584	0.01427	0.00823	0.00219	0.00329	0.01262	0.00768	0.00658
55	0.01447	0.01240	0.01447	0.01034	0.01654	0.00930	0.00827	0.01757	0.01447	0.02274	0.01240	0.01447	0.01034	0.00517	0.00517	0.00103	0.00517	0.00413	0.00413	0.79742
56	0.01400	0.03610	0.71860	0.01989	0.03020	0.01621	0.02578	0.02210	0.01473	0.02210	0.01252	0.01473	0.00884	0.00663	0.00663	0.00221	0.01031	0.00516	0.00295	0.01031
57	0.02607	0.03326	0.01978	0.01798	0.02157	0.72674	0.01348	0.02787	0.01978	0.01708	0.01079	0.01258	0.00899	0.00719	0.00629	0.00180	0.01258	0.00449	0.00360	0.00809
58	0.02653	0.01955	0.02094	0.01606	0.02164	0.02164	0.01326	0.68796	0.03281	0.04398	0.01675	0.01675	0.01187	0.00838	0.00698	0.00209	0.00768	0.00628	0.00698	0.01187
59	0.01717	0.01597	0.02625	0.18140	0.52319	0.01676	0.02037	0.07274	0.01682	0.02345	0.01326	0.01750	0.01076	0.00654	0.00693	0.00213	0.00845	0.00622	0.00366	0.01045
60	0.00894	0.00644	0.00857	0.01012	0.01081	0.00607	0.00721	0.01052	0.01392	0.01837	0.03967	0.60797	0.07524	0.02124	0.00900	0.00288	0.00442	0.12633	0.00647	0.00580
61	0.04970	0.02209	0.13614	0.01647	0.02279	0.02055	0.01515	0.55601	0.02914	0.03994	0.01582	0.01624	0.01123	0.00803	0.00684	0.00212	0.00804	0.00601	0.00623	0.01147
62	0.01866	0.75896	0.03657	0.01194	0.01791	0.02761	0.01194	0.02090	0.01418	0.01642	0.00970	0.01119	0.00896	0.00597	0.00448	0.00149	0.00746	0.00373	0.00299	0.00896
63	0.00850	0.00607	0.00810	0.00972	0.01012	0.00567	0.00648	0.00972	0.01336	0.01781	0.03846	0.75020	0.04615	0.02186	0.00891	0.00283	0.00405	0.01984	0.00648	0.00567
64	0.01866	0.75896	0.03657	0.01194	0.01791	0.02761	0.01194	0.02090	0.01418	0.01642	0.00970	0.01119	0.00896	0.00597	0.00448	0.00149	0.00746	0.00373	0.00299	0.00896
65	0.02057	0.01380	0.01610	0.01225	0.01779	0.01260	0.00989	0.16907	0.06441	0.17129	0.01850	0.04468	0.01414	0.00749	0.00621	0.00165	0.00586	0.00603	0.00597	0.38169
66	0.01400	0.03610	0.71860	0.01989	0.03020	0.01621	0.02578	0.02210	0.01473	0.02210	0.01252	0.01473	0.00884	0.00663	0.00663	0.00221	0.01031	0.00516	0.00295	0.01031
67	0.01736	0.01499	0.01578	0.01420	0.01815	0.01736	0.01105	0.03708	0.69862	0.02919	0.02840	0.02604	0.02130	0.00947	0.00710	0.00237	0.00552	0.00789	0.00710	0.01105
68	0.01318	0.01240	0.02093	0.73798	0.04806	0.01550	0.01938	0.01783	0.01395	0.01783	0.01240	0.01860	0.00930	0.00698	0.00698	0.00233	0.00930	0.00620	0.00310	0.00775
69	0.02611	0.01693	0.02162	0.01648	0.02193	0.01772	0.08674	0.37812	0.05100	0.23595	0.01978	0.01931	0.01356	0.00834	0.00765	0.00218	0.03143	0.00677	0.00696	0.01143
70	0.01612	0.01369	0.01471	0.01330	0.01687	0.01557	0.01031	0.03312	0.58619	0.02899	0.14088	0.03036	0.02868	0.01026	0.00729	0.00234	0.00515	0.00867	0.00720	0.01031
71	0.00988	0.00713	0.00933	0.00878	0.01043	0.00658	0.00658	0.01317	0.01975	0.02798	0.70754	0.05213	0.06584	0.01427	0.00823	0.00219	0.00329	0.01262	0.00768	0.00658
72	0.01400	0.03610	0.71860	0.01989	0.03020	0.01621	0.02578	0.02210	0.01473	0.02210	0.01252	0.01473	0.00884	0.00663	0.00663	0.00221	0.01031	0.00516	0.00295	0.01031
73	0.01712	0.01643	0.02806	0.06785	0.68736	0.01654	0.02134	0.02129	0.01582	0.02262	0.01310	0.01732	0.01099	0.00624	0.00691	0.00208	0.00833	0.00622	0.00344	0.01093
74	0.01124	0.00803	0.01124	0.01285	0.01446	0.00803	0.01124	0.01446	0.01606	0.02088	0.03695	0.07871	0.04016	0.01928	0.00964	0.00321	0.00643	0.66426	0.00643	0.00643
75	0.01049	0.00749	0.01037	0.01198	0.01326	0.00738	0.00993	0.01315	0.01532	0.02003	0.03737	0.26441	0.04182	0.01999	0.00944	0.00311	0.00577	0.48605	0.00644	0.00622
76	0.01005	0.00715	0.00953	0.00953	0.01020	0.00781	0.00663	0.01138	0.01072	0.01496	0.02023	0.03592	0.02114	0.37977	0.40472	0.00914	0.01313	0.00872	0.00397	0.00530
77	0.01829	0.70250	0.08983	0.01256	0.01887	0.02672	0.01302	0.02099	0.01422	0.01686	0.00992	0.01147	0.00895	0.00602	0.00465	0.00155	0.00769	0.00384	0.00298	0.00906
78	0.01647	0.01882	0.04118	0.02941	0.03647	0.01765	0.68588	0.02235	0.01647	0.02235	0.01412	0.01882	0.01059	0.00588	0.00824	0.00235	0.01176	0.00824	0.00353	0.00941
79	0.01525	0.01450	0.02462	0.46219	0.11100	0.01678	0.11429	0.07111	0.01578	0.02097	0.01286	0.01814	0.00986	0.00719	0.00817	0.00233	0.05634	0.00649	0.00350	0.00864
80	0.01585	0.01756	0.03751	0.07454	0.03551	0.01676	0.58954	0.02144	0.01627	0.02194	0.01579	0.02349	0.01281	0.00700	0.00826	0.00242	0.01119	0.05933	0.00373	0.00907
81	0.01695	0.01625	0.02775	0.09712	0.65944	0.01650	0.02126	0.02114	0.01574	0.02241	0.01307	0.01738	0.01092	0.00628	0.00691	0.00209	0.00837	0.00622	0.00343	0.01080
82	0.02745	0.01540	0.07499	0.01571	0.02175	0.01272	0.10747	0.08632	0.02014	0.50714	0.02355	0.02176	0.01521	0.00807	0.00716	0.00219	0.00725	0.00698	0.00733	0.01140
83	0.01983	0.01028	0.01477	0.07652	0.05699	0.00983	0.01161	0.02280	0.01722	0.31031	0.02974	0.11661	0.02696	0.01332	0.00809	0.00259	0.00633	0.23030	0.00690	0.00899
84	0.67520	0.01677	0.01183	0.01063	0.01483	0.13342	0.00854	0.02173	0.01318	0.02895	0.00989	0.01154	0.00779	0.00660	0.00465	0.00210	0.00659	0.00390	0.00420	0.00765
85	0.00848	0.00615	0.00802	0.00951	0.01007	0.00569	0.00639	0.00974	0.01356	0.01789	0.04098	0.69686	0.09787	0.02154	0.00886	0.00280	0.00401	0.01944	0.00648	0.00569
86	0.01447	0.01240	0.01447	0.01034	0.01654	0.00930	0.00827	0.01757	0.01447	0.02274	0.01240	0.01447	0.01034	0.00517	0.00517	0.00103	0.00517	0.00413	0.00413	0.79742
87	0.01665	0.01437	0.01510	0.01364	0.01746	0.01646	0.01060	0.03497	0.64530	0.02838	0.03170	0.02925	0.07496	0.01011	0.00719	0.00237	0.00537	0.00842	0.00705	0.01064
88	0.02591	0.07729	0.02216	0.01573	0.02135	0.02211	0.01316	0.63587	0.03135	0.04183	0.01620	0.01632	0.01164	0.00819	0.00679	0.00205	0.00766	0.00608	0.00667	0.01164
89	0.02074	0.50623	0.10266	0.01323	0.01953	0.02338	0.01326	0.08703	0.01686	0.11977	0.01322	0.01389	0.01041	0.00665	0.00530	0.00172	0.00756	0.00459	0.00417	0.00979
90	0.01655	0.02231	0.14762	0.02459	0.03104	0.10144	0.42247	0.02181	0.01616	0.02115	0.01520	0.07441	0.01284	0.00760	0.00824	0.00232	0.03342	0.00812	0.00366	0.00906
91	0.01669	0.01557	0.02987	0.06685	0.06056	0.01511	0.38531	0.07263	0.01738	0.06821	0.01974	0.11304	0.01764	0.00930	0.00811	0.00243	0.00941	0.05839	0.00468	0.00906
92	0.01864	0.01656	0.02568	0.17341	0.38434	0.01763	0.04924	0.18021	0.01958	0.02686	0.01390	0.01748	0.01088	0.00687	0.00700	0.00214	0.00850	0.00632	0.00423	0.01052
93	0.01660	0.01845	0.03905	0.03163	0.14822	0.01747	0.57584	0.02220	0.01637	0.02243	0.01395	0.01857	0.01067	0.00594	0.00802	0.00231	0.01119	0.00790	0.00352	0.00968
94	0.01763	0.01022	0.01340	0.01173	0.01373	0.01096	0.00891	0.04911	0.01447	0.21752	0.02213	0.08580	0.02041	0.23791	0.11293	0.00491	0.12616	0.00883	0.00554	0.00769
95	0.01414	0.05762	0.69830	0.01965	0.02984	0.01655	0.02537	0.02206	0.01472	0.02193	0.01244	0.01463	0.00884	0.00661	0.00657	0.00219	0.01023	0.00511	0.00295	0.01027
96	0.01446	0.00815	0.01072	0.01084	0.01307	0.00746	0.00859	0.01671	0.01610	0.17718	0.04086	0.26846	0.14747	0.01739	0.00859	0.00272	0.00511	0.21183	0.00695	0.00734
97	0.00877	0.00619	0.00802	0.00937	0.00971	0.00585	0.00611	0.00979	0.01283	0.01710	0.03573	0.63352	0.04271	0.14324	0.01331	0.00349	0.00450	0.01823	0.00611	0.00543
