[name]
unknown

[dist]
# distance from previous block
# <min> <max>
0	330

[block]
# block no. 0 follows, 28 sequences, length 37
# corresponding to MSA columns:
# 382-418
name=unknown_A
#
# <colnr> <probs for GDERKNQSTAVLIFYWHMCP>
#	G	D	E	R	K	N	Q	S	T	A	V	L	I	F	Y	W	H	M	C	P
0	0.21941	0.01965	0.08429	0.05414	0.21121	0.09839	0.01593	0.07874	0.04195	0.02701	0.01538	0.02133	0.01305	0.00821	0.00666	0.00229	0.00830	0.05991	0.00450	0.00966
1	0.01573	0.01732	0.08298	0.46075	0.03918	0.09980	0.01818	0.02084	0.04154	0.03911	0.04517	0.05721	0.01488	0.00854	0.00731	0.00236	0.00939	0.00726	0.00399	0.00845
2	0.01862	0.01655	0.05470	0.08116	0.08813	0.01595	0.24663	0.02548	0.11297	0.12935	0.02058	0.08174	0.01663	0.00902	0.00878	0.00247	0.04721	0.00874	0.00521	0.01007
3	0.01866	0.01308	0.01615	0.03807	0.01770	0.01465	0.01117	0.10884	0.12333	0.14233	0.10457	0.06242	0.08643	0.05092	0.01256	0.00278	0.15128	0.00931	0.00649	0.00928
4	0.07863	0.02041	0.06371	0.04130	0.04089	0.16114	0.06554	0.16687	0.04812	0.08378	0.07545	0.08336	0.01970	0.00970	0.00729	0.00225	0.00852	0.00797	0.00570	0.00968
5	0.01608	0.01602	0.02288	0.02124	0.07648	0.02184	0.01644	0.01790	0.01159	0.01802	0.00989	0.01608	0.00971	0.01220	0.02245	0.00309	0.67025	0.00637	0.00322	0.00825
6	0.01176	0.00768	0.00940	0.01107	0.06765	0.00735	0.00714	0.01444	0.01556	0.02362	0.07771	0.21732	0.13227	0.01390	0.00710	0.00221	0.00409	0.01203	0.35086	0.00686
7	0.01459	0.01418	0.02031	0.12103	0.17168	0.07177	0.09003	0.01865	0.04060	0.02202	0.11545	0.13699	0.08963	0.03016	0.00870	0.00250	0.00761	0.01059	0.00509	0.00842
8	0.02017	0.01889	0.02005	0.04807	0.06505	0.17114	0.06175	0.14958	0.09303	0.05057	0.01972	0.02250	0.03956	0.01866	0.16369	0.00428	0.01162	0.00709	0.00513	0.00944
9	0.00983	0.00732	0.00914	0.00887	0.01063	0.00663	0.00658	0.01276	0.01922	0.02637	0.51652	0.11526	0.19157	0.01623	0.00864	0.00238	0.00355	0.01422	0.00765	0.00663
10	0.00900	0.00639	0.00839	0.00994	0.01032	0.00600	0.00655	0.01016	0.01363	0.01818	0.03862	0.68138	0.04625	0.08368	0.01162	0.00330	0.00446	0.01981	0.00655	0.00578
11	0.04585	0.04406	0.06583	0.08672	0.50539	0.01660	0.02020	0.02100	0.01589	0.02298	0.01555	0.07839	0.01412	0.00793	0.00717	0.00223	0.00832	0.00742	0.00382	0.01053
12	0.01503	0.00947	0.01173	0.01050	0.01314	0.00903	0.00806	0.09333	0.02100	0.12098	0.38547	0.13271	0.11116	0.01466	0.00834	0.00237	0.00446	0.01272	0.00778	0.00807
13	0.01982	0.10582	0.03085	0.02656	0.17658	0.08700	0.20347	0.10155	0.08329	0.02511	0.01503	0.01792	0.01192	0.00743	0.00832	0.00224	0.05563	0.00677	0.00435	0.01035
14	0.01054	0.00910	0.03646	0.00974	0.01215	0.00761	0.00766	0.01422	0.04621	0.02512	0.37471	0.16062	0.17754	0.01567	0.00837	0.00235	0.00411	0.01368	0.00711	0.05702
15	0.70297	0.01655	0.01188	0.01067	0.01507	0.10080	0.00862	0.02229	0.01337	0.03082	0.01026	0.01197	0.00805	0.00684	0.00475	0.00220	0.00653	0.00403	0.00441	0.00794
16	0.05018	0.10445	0.02739	0.02453	0.19419	0.03863	0.09504	0.26627	0.05125	0.05470	0.01578	0.01751	0.01200	0.00750	0.00699	0.00214	0.00854	0.00642	0.00530	0.01119
17	0.01605	0.01710	0.10658	0.13235	0.11479	0.01569	0.05164	0.09727	0.12120	0.02630	0.10240	0.06984	0.04618	0.01012	0.00833	0.00240	0.03809	0.00872	0.00531	0.00963
18	0.00936	0.00686	0.00879	0.00943	0.01058	0.00629	0.00665	0.01150	0.01671	0.02263	0.28836	0.40573	0.13162	0.01931	0.00893	0.00265	0.00386	0.01724	0.00722	0.00629
19	0.01690	0.01682	0.02482	0.30962	0.35371	0.08241	0.02002	0.02103	0.01592	0.02079	0.01349	0.01918	0.01115	0.03448	0.00828	0.00242	0.00941	0.00645	0.00350	0.00960
20	0.01040	0.00736	0.00929	0.00882	0.01043	0.00683	0.00649	0.01346	0.01925	0.02730	0.57073	0.05310	0.09567	0.07449	0.01071	0.00265	0.00374	0.01270	0.04995	0.00661
21	0.79588	0.01406	0.01068	0.00956	0.01406	0.01631	0.00787	0.02137	0.01237	0.03261	0.01012	0.01181	0.00787	0.00675	0.00450	0.00225	0.00562	0.00394	0.00450	0.00787
22	0.00979	0.00741	0.00902	0.00862	0.01055	0.00665	0.00646	0.01275	0.01939	0.02634	0.51166	0.05892	0.25404	0.01591	0.00858	0.00234	0.00350	0.01379	0.00763	0.00665
23	0.01386	0.00955	0.01210	0.01294	0.07727	0.00907	0.00861	0.01770	0.07195	0.10319	0.17810	0.07279	0.22483	0.11764	0.01230	0.00307	0.00517	0.03542	0.00669	0.00774
24	0.11273	0.02858	0.01887	0.01688	0.02089	0.51042	0.01296	0.06331	0.02028	0.07907	0.01407	0.01708	0.01146	0.00813	0.00657	0.00203	0.01114	0.03210	0.00459	0.00884
25	0.20958	0.01614	0.01868	0.05835	0.08738	0.01770	0.01290	0.25444	0.02191	0.14607	0.01668	0.01831	0.01226	0.03058	0.00839	0.00242	0.04559	0.00615	0.00599	0.01048
26	0.56865	0.01414	0.01270	0.01211	0.04502	0.01606	0.00920	0.02461	0.12784	0.05861	0.04064	0.01683	0.01320	0.00767	0.00538	0.00228	0.00572	0.00527	0.00527	0.00879
27	0.01329	0.01190	0.01855	0.07001	0.18912	0.01210	0.06684	0.01733	0.04340	0.02312	0.15616	0.11785	0.14177	0.01250	0.00887	0.00242	0.04469	0.01111	0.03061	0.00836
28	0.52329	0.16629	0.01585	0.00977	0.01423	0.01756	0.00843	0.02082	0.01328	0.02860	0.01204	0.01394	0.00970	0.00688	0.00462	0.00203	0.00576	0.00433	0.11459	0.00802
29	0.01637	0.02252	0.26290	0.01735	0.04576	0.01619	0.01692	0.09499	0.23422	0.02750	0.05794	0.06093	0.01976	0.01275	0.05847	0.00305	0.00865	0.00786	0.00545	0.01041
30	0.24097	0.01283	0.01518	0.01201	0.01733	0.01222	0.00992	0.03159	0.01850	0.52089	0.02361	0.02121	0.01523	0.00838	0.00654	0.00225	0.00603	0.00639	0.00777	0.01114
31	0.01468	0.01993	0.19834	0.04715	0.04090	0.04985	0.03735	0.02384	0.19657	0.02474	0.11563	0.03368	0.14523	0.01081	0.00762	0.00236	0.00725	0.00909	0.00561	0.00937
32	0.00993	0.00742	0.00922	0.00877	0.01064	0.00671	0.00658	0.01302	0.01973	0.02714	0.56413	0.05760	0.20107	0.01561	0.00858	0.00232	0.00348	0.01361	0.00774	0.00671
33	0.01304	0.01241	0.06275	0.01342	0.05104	0.01125	0.01036	0.02156	0.21096	0.02744	0.33282	0.08578	0.09144	0.01315	0.00809	0.00239	0.00497	0.01144	0.00707	0.00861
34	0.02261	0.04940	0.21064	0.02092	0.13650	0.05310	0.01751	0.12526	0.02008	0.20333	0.01826	0.01894	0.01288	0.00775	0.00691	0.00216	0.00840	0.00622	0.04796	0.01115
35	0.01117	0.01129	0.09354	0.01121	0.03742	0.00828	0.00939	0.01455	0.01683	0.02362	0.19998	0.08710	0.22313	0.03912	0.00885	0.00250	0.00495	0.05395	0.13599	0.00713
36	0.06999	0.08867	0.16439	0.03794	0.07074	0.14266	0.01608	0.14659	0.09642	0.02701	0.01876	0.01979	0.05364	0.00830	0.00675	0.00216	0.00888	0.00629	0.00483	0.01011

[dist]
# distance from previous block
# <min> <max>
2	77

[block]
# block no. 1 follows, 28 sequences, length 15
# corresponding to MSA columns:
# 514-528
name=unknown_B
#
# <colnr> <probs for GDERKNQSTAVLIFYWHMCP>
#	G	D	E	R	K	N	Q	S	T	A	V	L	I	F	Y	W	H	M	C	P
0	0.01732	0.01601	0.09026	0.05731	0.12470	0.01452	0.04977	0.13774	0.01918	0.06546	0.09146	0.02814	0.05763	0.06989	0.03899	0.00304	0.04489	0.00812	0.05624	0.00931
1	0.00929	0.00729	0.00867	0.00877	0.01060	0.00667	0.00650	0.01155	0.01656	0.02152	0.21845	0.15552	0.35753	0.02286	0.10120	0.00369	0.00576	0.01455	0.00669	0.00633
2	0.01602	0.01472	0.02165	0.12533	0.18815	0.01587	0.07648	0.02629	0.26401	0.02533	0.06428	0.05122	0.05948	0.00955	0.00764	0.00239	0.00732	0.00870	0.00551	0.01008
3	0.00908	0.00686	0.00839	0.00910	0.01040	0.00617	0.00641	0.01096	0.01609	0.02109	0.18692	0.39859	0.24392	0.01983	0.00893	0.00267	0.00389	0.01752	0.00701	0.00617
4	0.01485	0.01620	0.07628	0.13863	0.22452	0.01520	0.15588	0.01914	0.01541	0.02133	0.01903	0.16986	0.01852	0.01034	0.00887	0.00250	0.05030	0.00981	0.00416	0.00917
5	0.01189	0.01100	0.05219	0.01351	0.01582	0.00978	0.07353	0.05261	0.07639	0.02189	0.03385	0.52356	0.03792	0.01830	0.00879	0.00278	0.00572	0.01670	0.00633	0.00743
6	0.01721	0.19443	0.13590	0.16443	0.02677	0.01887	0.01579	0.15037	0.01843	0.02432	0.01708	0.11122	0.01554	0.01181	0.04486	0.00271	0.00887	0.00761	0.00448	0.00931
7	0.01726	0.09086	0.12664	0.12912	0.06650	0.01611	0.04176	0.08956	0.08154	0.07804	0.02692	0.03014	0.12059	0.00998	0.00737	0.00232	0.00778	0.04266	0.00524	0.00962
8	0.01958	0.28705	0.07939	0.01540	0.06340	0.04129	0.01317	0.05155	0.07739	0.08356	0.01500	0.01602	0.01187	0.00682	0.00583	0.00172	0.00735	0.00510	0.00453	0.19398
9	0.01015	0.00772	0.00867	0.00900	0.01025	0.00744	0.00606	0.01294	0.07462	0.01857	0.04420	0.24934	0.24102	0.24653	0.01758	0.00404	0.00508	0.01471	0.00607	0.00601
10	0.01654	0.01414	0.01949	0.10941	0.08022	0.05497	0.04189	0.01991	0.03570	0.08428	0.05686	0.11545	0.02210	0.01256	0.01264	0.00272	0.21538	0.07228	0.00500	0.00846
11	0.01768	0.05391	0.01813	0.10746	0.08310	0.05180	0.01243	0.08338	0.12041	0.07553	0.02279	0.16545	0.02082	0.01078	0.00722	0.00222	0.00683	0.00921	0.03360	0.09726
12	0.04302	0.06595	0.19929	0.01612	0.02147	0.03753	0.04881	0.02354	0.07672	0.12749	0.04170	0.06463	0.04555	0.03346	0.01001	0.00259	0.08381	0.04357	0.00522	0.00949
13	0.01654	0.04166	0.09629	0.02500	0.25318	0.01429	0.07543	0.02151	0.03823	0.04898	0.07415	0.02161	0.01716	0.00739	0.00682	0.00197	0.00747	0.00676	0.07517	0.15040
14	0.01792	0.01445	0.04587	0.01347	0.01859	0.01289	0.04732	0.16730	0.01967	0.06697	0.04692	0.04659	0.01678	0.01343	0.08902	0.00292	0.00799	0.00683	0.06489	0.28017

[dist]
# distance from previous block
# <min> <max>
0	1

[block]
# block no. 2 follows, 28 sequences, length 22
# corresponding to MSA columns:
# 530-551
name=unknown_C
#
# <colnr> <probs for GDERKNQSTAVLIFYWHMCP>
#	G	D	E	R	K	N	Q	S	T	A	V	L	I	F	Y	W	H	M	C	P
0	0.07657	0.12389	0.01969	0.01389	0.01818	0.13974	0.01130	0.13981	0.06679	0.02524	0.01655	0.01983	0.03067	0.01230	0.05102	0.06165	0.03202	0.02232	0.00479	0.11376
1	0.01800	0.10939	0.18023	0.01938	0.09689	0.07814	0.04891	0.02633	0.16565	0.04178	0.01739	0.01873	0.01340	0.00744	0.00659	0.00205	0.00826	0.00608	0.04919	0.08617
2	0.05942	0.03354	0.03702	0.05434	0.05359	0.04227	0.04420	0.01902	0.06280	0.04990	0.09749	0.04701	0.02261	0.11620	0.13626	0.00461	0.07704	0.00828	0.00485	0.02956
3	0.03523	0.01145	0.01463	0.01334	0.06440	0.00978	0.02813	0.03453	0.01639	0.02421	0.11755	0.14057	0.07251	0.01063	0.00693	0.00182	0.00532	0.00926	0.00540	0.37793
4	0.01231	0.01441	0.14484	0.01227	0.01629	0.00973	0.01129	0.04810	0.01751	0.02496	0.23978	0.23335	0.03968	0.01381	0.00790	0.00229	0.00559	0.01210	0.00609	0.12770
5	0.00902	0.00720	0.00808	0.00824	0.01018	0.00626	0.00604	0.01111	0.01700	0.02158	0.20689	0.18330	0.44273	0.01838	0.00871	0.00250	0.00372	0.01578	0.00703	0.00626
6	0.01914	0.70628	0.07817	0.01293	0.01942	0.02805	0.01330	0.02184	0.01480	0.01746	0.01028	0.01188	0.00932	0.00626	0.00480	0.00160	0.00795	0.00398	0.00311	0.00941
7	0.00917	0.00678	0.00857	0.00940	0.01050	0.00618	0.00656	0.01107	0.01604	0.02139	0.20937	0.45196	0.16626	0.02004	0.00898	0.00270	0.00393	0.01786	0.00706	0.00618
8	0.01215	0.00749	0.00984	0.00997	0.01156	0.00682	0.00719	0.01441	0.01727	0.10285	0.27896	0.37483	0.08248	0.01807	0.00876	0.00260	0.00414	0.01611	0.00747	0.00702
9	0.00922	0.00682	0.00833	0.00908	0.01012	0.00624	0.00621	0.01081	0.01518	0.01995	0.14912	0.39701	0.19730	0.10515	0.01226	0.00321	0.00430	0.01708	0.00667	0.00593
10	0.22388	0.01123	0.01264	0.01052	0.01470	0.01099	0.00851	0.02596	0.01761	0.33125	0.10116	0.02528	0.02142	0.00901	0.00634	0.00215	0.00522	0.00703	0.14550	0.00957
11	0.00964	0.00769	0.00876	0.00924	0.01118	0.00702	0.00699	0.01258	0.04958	0.02079	0.09677	0.21386	0.39778	0.01894	0.00887	0.00267	0.00428	0.10005	0.00685	0.00647
12	0.01537	0.01319	0.01521	0.01116	0.01739	0.01052	0.00890	0.02031	0.08137	0.02435	0.01457	0.01626	0.01190	0.00583	0.00558	0.00121	0.00542	0.00469	0.00461	0.71216
13	0.01373	0.01292	0.02180	0.72707	0.05006	0.01615	0.02019	0.01857	0.01453	0.01857	0.01292	0.01938	0.00969	0.00727	0.00727	0.00242	0.00969	0.00646	0.00323	0.00807
14	0.01507	0.01292	0.01507	0.01077	0.01723	0.00969	0.00861	0.01830	0.01507	0.02369	0.01292	0.01507	0.01077	0.00538	0.00538	0.00108	0.00538	0.00431	0.00431	0.78898
15	0.01745	0.01672	0.02852	0.13162	0.61644	0.01713	0.02204	0.02183	0.01629	0.02309	0.01358	0.01817	0.01128	0.00658	0.00721	0.00219	0.00877	0.00647	0.00355	0.01108
16	0.01697	0.01143	0.01345	0.01156	0.01485	0.01156	0.00907	0.14247	0.10508	0.11078	0.35730	0.04188	0.09801	0.01270	0.00804	0.00230	0.00491	0.01080	0.00780	0.00905
17	0.00905	0.00654	0.00824	0.00951	0.01012	0.00608	0.00630	0.01022	0.01379	0.01810	0.04176	0.57072	0.12124	0.11667	0.01282	0.00343	0.00452	0.01872	0.00644	0.00574
18	0.01938	0.41015	0.23376	0.01594	0.02314	0.12014	0.01700	0.04862	0.01651	0.02008	0.01142	0.01318	0.00942	0.00670	0.00569	0.00185	0.00940	0.00454	0.00335	0.00974
19	0.01794	0.01816	0.02643	0.22185	0.44839	0.09882	0.02078	0.02211	0.01649	0.02168	0.01319	0.01779	0.01078	0.00680	0.00714	0.00219	0.00944	0.00626	0.00352	0.01024
20	0.01438	0.01018	0.01174	0.01094	0.01347	0.01018	0.00825	0.12542	0.06732	0.06538	0.12681	0.21742	0.18363	0.06675	0.01040	0.00285	0.00513	0.03490	0.00701	0.00786
21	0.00881	0.00650	0.00826	0.00967	0.01042	0.00594	0.00655	0.01017	0.01435	0.01873	0.04558	0.62979	0.15453	0.02206	0.00917	0.00287	0.00413	0.01979	0.00675	0.00594

[dist]
# distance from previous block
# <min> <max>
0	12

[block]
# block no. 3 follows, 28 sequences, length 44
# corresponding to MSA columns:
# 564-607
name=unknown_D
#
# <colnr> <probs for GDERKNQSTAVLIFYWHMCP>
#	G	D	E	R	K	N	Q	S	T	A	V	L	I	F	Y	W	H	M	C	P
0	0.01718	0.01928	0.04103	0.03134	0.09117	0.01844	0.59515	0.02299	0.01688	0.02310	0.01443	0.01934	0.01101	0.00640	0.00904	0.00245	0.03892	0.00832	0.00365	0.00987
1	0.01285	0.01198	0.01698	0.01469	0.01745	0.05676	0.13157	0.01698	0.06515	0.02037	0.07194	0.14315	0.11739	0.06797	0.19529	0.00517	0.01045	0.01127	0.00522	0.00737
2	0.02167	0.01192	0.01418	0.01210	0.01572	0.01190	0.00949	0.19591	0.02157	0.22858	0.02776	0.20940	0.02444	0.01242	0.00741	0.00231	0.00565	0.01049	0.14740	0.00968
3	0.02760	0.01322	0.01664	0.01314	0.01813	0.01261	0.01071	0.14277	0.06275	0.45104	0.12495	0.02798	0.02472	0.00987	0.00749	0.00226	0.00607	0.00809	0.00846	0.01151
4	0.02143	0.01662	0.01797	0.01485	0.01940	0.01848	0.01189	0.33771	0.27379	0.03755	0.12582	0.02668	0.02462	0.01009	0.00752	0.00230	0.00647	0.00818	0.00743	0.01120
5	0.01091	0.00745	0.00939	0.00969	0.01139	0.00676	0.00722	0.01323	0.01715	0.06308	0.23734	0.27840	0.20146	0.01838	0.00887	0.00264	0.00423	0.07847	0.00724	0.00670
6	0.79588	0.01406	0.01068	0.00956	0.01406	0.01631	0.00787	0.02137	0.01237	0.03261	0.01012	0.01181	0.00787	0.00675	0.00450	0.00225	0.00562	0.00394	0.00450	0.00787
7	0.01060	0.00791	0.00990	0.00932	0.01124	0.00746	0.00701	0.01490	0.05989	0.02835	0.59860	0.05411	0.12343	0.01489	0.00850	0.00231	0.00359	0.01305	0.00785	0.00707
8	0.48772	0.01451	0.01626	0.09551	0.14571	0.01640	0.01242	0.02188	0.01382	0.06746	0.01213	0.01471	0.00940	0.00714	0.00630	0.00229	0.03812	0.00498	0.00439	0.00883
9	0.01595	0.01552	0.02345	0.44470	0.24096	0.06563	0.01981	0.02037	0.01560	0.02040	0.01344	0.01882	0.01056	0.00709	0.00711	0.00228	0.00937	0.00635	0.03352	0.00908
10	0.00890	0.00727	0.00786	0.00793	0.01006	0.00623	0.00586	0.01095	0.01698	0.02111	0.17377	0.13240	0.52892	0.01824	0.00865	0.00247	0.00369	0.01549	0.00696	0.00623
11	0.01314	0.06252	0.01376	0.01313	0.07782	0.03339	0.00853	0.06735	0.01615	0.02080	0.07867	0.14850	0.17123	0.22447	0.01628	0.00371	0.00614	0.01190	0.00554	0.00698
12	0.00907	0.00663	0.00816	0.00927	0.01000	0.00612	0.00616	0.01025	0.01389	0.01807	0.04365	0.50857	0.16509	0.13338	0.01343	0.00349	0.00455	0.01812	0.00639	0.00572
13	0.00989	0.00736	0.00919	0.00884	0.01064	0.00667	0.00659	0.01290	0.01947	0.02678	0.54198	0.09056	0.19040	0.01594	0.00861	0.00235	0.00352	0.01394	0.00770	0.00667
14	0.01442	0.00724	0.00774	0.00745	0.00912	0.00712	0.00537	0.01714	0.01479	0.07526	0.02393	0.03072	0.02003	0.14518	0.01117	0.00273	0.00428	0.00752	0.58202	0.00675
15	0.02628	0.01779	0.01965	0.01558	0.02096	0.01933	0.01270	0.40863	0.18550	0.16186	0.02235	0.02106	0.01570	0.00904	0.00731	0.00226	0.00714	0.00708	0.00761	0.01216
16	0.05153	0.18137	0.21285	0.01754	0.02465	0.08225	0.06584	0.17598	0.02052	0.08040	0.01452	0.01577	0.01076	0.00733	0.00654	0.00208	0.00924	0.00560	0.00468	0.01056
17	0.01487	0.01436	0.02076	0.43091	0.14079	0.07186	0.01764	0.01880	0.01474	0.01881	0.01434	0.02163	0.01207	0.06206	0.09338	0.00375	0.01079	0.00675	0.00349	0.00820
18	0.01909	0.01374	0.01543	0.01292	0.01682	0.01455	0.01027	0.24946	0.14596	0.07952	0.24328	0.03584	0.08836	0.01172	0.00782	0.00229	0.00565	0.00974	0.00760	0.00993
19	0.01728	0.09018	0.52950	0.01973	0.02884	0.14746	0.02340	0.02404	0.01628	0.02161	0.01249	0.01466	0.00925	0.00696	0.00667	0.00217	0.01096	0.00513	0.00320	0.01021
20	0.01651	0.01550	0.02609	0.03903	0.58764	0.01543	0.01979	0.02033	0.01612	0.02291	0.01795	0.13491	0.01744	0.00912	0.00753	0.00229	0.00792	0.00877	0.00411	0.01061
21	0.23308	0.11146	0.01912	0.01305	0.01807	0.01978	0.01099	0.33499	0.02350	0.03629	0.01526	0.01632	0.01150	0.00783	0.00592	0.00206	0.00678	0.00552	0.09839	0.01009
22	0.01041	0.00767	0.01111	0.01111	0.01221	0.00877	0.00837	0.01261	0.01151	0.01645	0.02000	0.03147	0.01944	0.16025	0.61173	0.01097	0.01757	0.00821	0.00397	0.00617
23	0.01004	0.01218	0.13809	0.01193	0.01424	0.00802	0.01031	0.01255	0.01394	0.01907	0.03382	0.55593	0.03932	0.07128	0.01081	0.00312	0.00563	0.01711	0.00590	0.00670
24	0.02332	0.01983	0.01980	0.01904	0.10771	0.14782	0.01339	0.32523	0.02534	0.05670	0.02045	0.07834	0.03936	0.00968	0.00719	0.00216	0.00820	0.00769	0.05834	0.01040
25	0.02763	0.02036	0.02182	0.01672	0.02254	0.02254	0.01382	0.67496	0.03418	0.04581	0.01745	0.01745	0.01236	0.00873	0.00727	0.00218	0.00800	0.00654	0.00727	0.01236
26	0.02054	0.01716	0.02177	0.04650	0.12240	0.01898	0.01480	0.27421	0.02179	0.03067	0.01401	0.01679	0.01117	0.00862	0.01076	0.00221	0.17602	0.00606	0.00505	0.16050
27	0.01565	0.01503	0.02582	0.13892	0.33104	0.01579	0.10318	0.01981	0.01616	0.02241	0.06357	0.02769	0.05012	0.00916	0.00910	0.00243	0.06743	0.05294	0.00418	0.00956
28	0.00920	0.00664	0.00864	0.01011	0.01080	0.00622	0.00702	0.01065	0.01424	0.01874	0.04182	0.58779	0.09925	0.05711	0.01064	0.00315	0.00455	0.08089	0.00663	0.00593
29	0.04109	0.02007	0.13400	0.05349	0.25895	0.01755	0.01841	0.13649	0.09767	0.10278	0.01748	0.01911	0.01302	0.00782	0.00761	0.00227	0.02918	0.00653	0.00517	0.01129
30	0.02055	0.01840	0.01977	0.15433	0.10906	0.16690	0.01444	0.07249	0.03786	0.10144	0.04245	0.02121	0.01489	0.00799	0.00692	0.00202	0.00856	0.02763	0.00496	0.14813
31	0.01548	0.11272	0.55552	0.01966	0.02926	0.01832	0.04563	0.02416	0.07001	0.02299	0.01413	0.01605	0.01034	0.00705	0.00676	0.00224	0.01006	0.00555	0.00345	0.01062
32	0.05408	0.02807	0.14819	0.01795	0.02374	0.25886	0.01616	0.28605	0.02444	0.03055	0.01396	0.01531	0.01048	0.00802	0.00739	0.00213	0.03359	0.00558	0.00504	0.01040
33	0.00876	0.00726	0.00767	0.00781	0.00998	0.00617	0.00577	0.01067	0.01660	0.02029	0.12062	0.14226	0.57389	0.01860	0.00867	0.00250	0.00372	0.01575	0.00685	0.00617
34	0.01669	0.11589	0.27590	0.04263	0.15019	0.04283	0.01958	0.06969	0.01661	0.02291	0.01577	0.09520	0.01420	0.00907	0.00819	0.00230	0.06124	0.00724	0.00393	0.00994
35	0.01848	0.02487	0.23708	0.02555	0.20072	0.09746	0.04294	0.07576	0.01761	0.04995	0.01562	0.06752	0.01325	0.00868	0.00868	0.00233	0.07206	0.00703	0.00415	0.01026
36	0.02196	0.01604	0.02284	0.01743	0.02256	0.01643	0.16168	0.26361	0.02351	0.13510	0.02575	0.02636	0.09904	0.00954	0.00828	0.00229	0.03913	0.00824	0.06985	0.01035
37	0.00919	0.00670	0.00845	0.00941	0.01028	0.00618	0.00641	0.01078	0.01508	0.02004	0.14854	0.48117	0.13840	0.08005	0.01134	0.00311	0.00425	0.01790	0.00676	0.00597
38	0.01444	0.01437	0.02738	0.14999	0.11161	0.01434	0.27664	0.01894	0.01624	0.02179	0.04676	0.12649	0.04527	0.01073	0.00842	0.00256	0.00911	0.07171	0.00456	0.00864
39	0.01172	0.00918	0.01189	0.01390	0.06841	0.00934	0.00902	0.03976	0.11975	0.02182	0.03546	0.54347	0.03976	0.01892	0.00874	0.00278	0.00495	0.01705	0.00661	0.00747
40	0.75007	0.01443	0.01135	0.00999	0.01456	0.01668	0.00823	0.06034	0.01367	0.03340	0.01056	0.01214	0.00814	0.00687	0.00466	0.00225	0.00576	0.00409	0.00466	0.00814
41	0.00923	0.00659	0.00886	0.01054	0.01113	0.00622	0.00739	0.01076	0.01428	0.01897	0.03986	0.65454	0.04727	0.02242	0.00938	0.00300	0.00454	0.10227	0.00674	0.00601
42	0.01485	0.03574	0.63836	0.02174	0.03213	0.01704	0.09351	0.02305	0.01553	0.02305	0.01322	0.01579	0.00940	0.00683	0.00708	0.00232	0.01090	0.00570	0.00313	0.01065
43	0.01716	0.01961	0.04289	0.03064	0.03799	0.01838	0.67279	0.02328	0.01716	0.02328	0.01471	0.01961	0.01103	0.00613	0.00858	0.00245	0.01225	0.00858	0.00368	0.00980

[dist]
# distance from previous block
# <min> <max>
0	1

[block]
# block no. 4 follows, 28 sequences, length 25
# corresponding to MSA columns:
# 609-633
name=unknown_E
#
# <colnr> <probs for GDERKNQSTAVLIFYWHMCP>
#	G	D	E	R	K	N	Q	S	T	A	V	L	I	F	Y	W	H	M	C	P
0	0.48501	0.01341	0.01282	0.01074	0.01547	0.01434	0.00882	0.05543	0.01608	0.23443	0.01683	0.01686	0.01176	0.00762	0.00550	0.00221	0.00577	0.00524	0.05230	0.00936
1	0.01240	0.00869	0.01112	0.01110	0.01311	0.00859	0.00905	0.06388	0.01968	0.02743	0.33872	0.05962	0.04996	0.01581	0.00872	0.00263	0.00500	0.25218	0.07511	0.00720
2	0.01776	0.17465	0.01975	0.01427	0.06671	0.04536	0.01075	0.10522	0.13480	0.02680	0.06516	0.04833	0.04369	0.00930	0.00638	0.00201	0.00617	0.00743	0.18621	0.00924
3	0.01808	0.01561	0.01644	0.01479	0.01890	0.01808	0.01151	0.03863	0.68606	0.03041	0.02959	0.02712	0.02219	0.00986	0.00740	0.00247	0.00575	0.00822	0.00740	0.01151
4	0.01349	0.01143	0.01773	0.18510	0.04775	0.01230	0.08014	0.06940	0.03899	0.02211	0.05516	0.21487	0.02694	0.06167	0.06630	0.00361	0.00836	0.05165	0.00523	0.00777
5	0.01197	0.00850	0.01037	0.00991	0.01205	0.00777	0.00752	0.01439	0.01518	0.02189	0.13234	0.07193	0.03361	0.19916	0.01513	0.00347	0.00553	0.16282	0.09981	0.15666
6	0.01507	0.01292	0.01507	0.01077	0.01723	0.00969	0.00861	0.01830	0.01507	0.02369	0.01292	0.01507	0.01077	0.00538	0.00538	0.00108	0.00538	0.00431	0.00431	0.78898
7	0.01646	0.12954	0.44679	0.05016	0.10543	0.01891	0.04771	0.06131	0.01656	0.02348	0.01303	0.01559	0.00976	0.00686	0.00673	0.00219	0.00995	0.00553	0.00341	0.01059
8	0.00973	0.00727	0.00903	0.00889	0.01059	0.00657	0.00655	0.01252	0.01881	0.02566	0.47226	0.14894	0.20305	0.01669	0.00867	0.00241	0.00359	0.01463	0.00756	0.00657
9	0.01461	0.05966	0.08455	0.01888	0.05224	0.04852	0.13791	0.01809	0.01371	0.01892	0.01544	0.02276	0.01397	0.07510	0.25259	0.00591	0.12817	0.00725	0.00363	0.00808
10	0.01275	0.00797	0.01010	0.00996	0.01211	0.00720	0.00765	0.01526	0.01781	0.11361	0.24096	0.19563	0.20524	0.01720	0.00874	0.00259	0.00443	0.09617	0.00741	0.00721
11	0.01172	0.00924	0.01217	0.01146	0.01181	0.01102	0.00826	0.01278	0.01100	0.01561	0.01897	0.03528	0.02039	0.39241	0.21875	0.00744	0.17308	0.00887	0.00399	0.00577
12	0.02258	0.01238	0.01918	0.08922	0.12112	0.01207	0.04661	0.02587	0.01736	0.34218	0.02304	0.05755	0.01732	0.01736	0.13807	0.00404	0.00956	0.00789	0.00631	0.01030
13	0.02686	0.01998	0.02138	0.01657	0.02225	0.02218	0.01363	0.62346	0.08693	0.04456	0.01843	0.01823	0.01316	0.00882	0.00728	0.00220	0.00782	0.00668	0.00728	0.01229
14	0.01173	0.00685	0.00953	0.01001	0.01037	0.00681	0.00705	0.01082	0.01149	0.01521	0.02204	0.10386	0.02407	0.15665	0.02468	0.42039	0.00633	0.13339	0.00440	0.00432
15	0.24243	0.04625	0.08693	0.03484	0.06301	0.08835	0.05463	0.18428	0.04614	0.03049	0.01426	0.01698	0.01120	0.04138	0.00773	0.00242	0.00831	0.00578	0.00489	0.00970
16	0.12601	0.01843	0.11691	0.05965	0.02212	0.01661	0.01395	0.21984	0.02107	0.17557	0.01796	0.02057	0.01338	0.07140	0.01039	0.00271	0.05065	0.00652	0.00592	0.01032
17	0.01042	0.00694	0.00848	0.00891	0.00938	0.00702	0.00575	0.01147	0.01207	0.01698	0.02686	0.21868	0.02993	0.38498	0.12452	0.00612	0.00774	0.01234	0.08609	0.00533
18	0.01153	0.01333	0.11437	0.01427	0.01770	0.00984	0.10387	0.01492	0.01549	0.02073	0.08123	0.20437	0.13732	0.09942	0.01198	0.00319	0.00684	0.10682	0.00559	0.00720
19	0.01790	0.05605	0.02032	0.26562	0.11172	0.01432	0.01573	0.02166	0.01660	0.15679	0.05262	0.03287	0.02023	0.01039	0.00834	0.00250	0.03644	0.12550	0.00528	0.00911
20	0.02048	0.06466	0.09422	0.01698	0.05400	0.14455	0.01398	0.04923	0.01653	0.14314	0.01667	0.02119	0.01376	0.07867	0.10171	0.00389	0.12602	0.00652	0.00470	0.00909
21	0.01087	0.00816	0.00949	0.01000	0.01152	0.00801	0.00707	0.04380	0.08097	0.02138	0.04373	0.42078	0.18387	0.05603	0.01007	0.00291	0.00453	0.01646	0.04360	0.00676
22	0.04256	0.08987	0.05270	0.20932	0.13570	0.08198	0.09545	0.02169	0.01628	0.06460	0.04966	0.05247	0.01528	0.00829	0.00771	0.00227	0.03358	0.00721	0.00418	0.00919
23	0.02152	0.04996	0.04819	0.13258	0.11927	0.12635	0.07284	0.13005	0.09058	0.09236	0.01682	0.01870	0.01255	0.00767	0.00711	0.00218	0.00912	0.00645	0.00506	0.03065
24	0.01938	0.04609	0.04619	0.06198	0.08682	0.08812	0.01329	0.11828	0.01840	0.11433	0.01921	0.07267	0.01631	0.01954	0.16637	0.00435	0.03607	0.00758	0.03578	0.00925

[dist]
# distance from previous block
# <min> <max>
25	129

[block]
# block no. 5 follows, 28 sequences, length 20
# corresponding to MSA columns:
# 793-812
name=unknown_F
#
# <colnr> <probs for GDERKNQSTAVLIFYWHMCP>
#	G	D	E	R	K	N	Q	S	T	A	V	L	I	F	Y	W	H	M	C	P
0	0.05820	0.04786	0.02177	0.23097	0.14270	0.07863	0.04387	0.05318	0.06424	0.02320	0.04819	0.02141	0.03160	0.01010	0.04143	0.00263	0.00902	0.00674	0.00433	0.05992
1	0.67440	0.01417	0.01184	0.01047	0.01481	0.01642	0.00858	0.02310	0.06159	0.06196	0.01234	0.01366	0.00943	0.00731	0.00560	0.00230	0.03434	0.00449	0.00486	0.00834
2	0.16027	0.01605	0.01858	0.09421	0.13327	0.05348	0.01297	0.10878	0.01765	0.02744	0.01305	0.01563	0.01038	0.00658	0.00604	0.00181	0.00720	0.00515	0.00448	0.28697
3	0.01093	0.00774	0.00891	0.00842	0.01083	0.00673	0.00639	0.01343	0.01836	0.07173	0.30196	0.06092	0.41442	0.01642	0.00849	0.00238	0.00377	0.01395	0.00738	0.00685
4	0.00895	0.00656	0.00830	0.00957	0.01032	0.00603	0.00646	0.01033	0.01441	0.01891	0.06943	0.58103	0.14434	0.05591	0.01046	0.00305	0.00424	0.01911	0.00669	0.00590
5	0.00929	0.00675	0.00876	0.00962	0.01059	0.00622	0.00670	0.01127	0.01619	0.02196	0.24802	0.47724	0.10048	0.01998	0.00901	0.00271	0.00393	0.01793	0.00714	0.00622
6	0.02686	0.01125	0.01528	0.01276	0.01736	0.00995	0.01066	0.02974	0.01971	0.52112	0.03302	0.03951	0.05622	0.01189	0.00797	0.00250	0.00618	0.14884	0.00838	0.01082
7	0.00915	0.00724	0.00824	0.00829	0.01024	0.00633	0.00611	0.01141	0.01745	0.02244	0.26190	0.15696	0.41265	0.01791	0.00868	0.00247	0.00368	0.01539	0.00714	0.00633
8	0.79588	0.01406	0.01068	0.00956	0.01406	0.01631	0.00787	0.02137	0.01237	0.03261	0.01012	0.01181	0.00787	0.00675	0.00450	0.00225	0.00562	0.00394	0.00450	0.00787
9	0.01474	0.01157	0.01325	0.00989	0.01530	0.00905	0.00784	0.01800	0.01511	0.02444	0.01529	0.01771	0.01249	0.00606	0.00532	0.00121	0.00495	0.00485	0.17565	0.61728
10	0.01458	0.03760	0.70688	0.02072	0.03146	0.01688	0.02686	0.02302	0.01535	0.02302	0.01304	0.01535	0.00921	0.00691	0.00691	0.00230	0.01074	0.00537	0.00307	0.01074
11	0.58615	0.01375	0.01367	0.20196	0.02371	0.01626	0.01117	0.02062	0.01295	0.02885	0.01087	0.01384	0.00836	0.00689	0.00524	0.00230	0.00671	0.00461	0.00416	0.00793
12	0.79588	0.01406	0.01068	0.00956	0.01406	0.01631	0.00787	0.02137	0.01237	0.03261	0.01012	0.01181	0.00787	0.00675	0.00450	0.00225	0.00562	0.00394	0.00450	0.00787
13	0.01204	0.00652	0.00903	0.00903	0.00903	0.00652	0.00577	0.00978	0.00978	0.01304	0.01555	0.02935	0.01655	0.22998	0.03085	0.56609	0.00652	0.00752	0.00351	0.00351
14	0.01557	0.01186	0.01327	0.01205	0.01498	0.01240	0.00920	0.20721	0.10509	0.02925	0.10654	0.25484	0.14706	0.01550	0.00827	0.00251	0.00533	0.01331	0.00711	0.00862
15	0.01845	0.32638	0.10292	0.01741	0.07707	0.05916	0.06093	0.05009	0.01638	0.02147	0.01205	0.01423	0.01007	0.00630	0.00577	0.00169	0.00825	0.00484	0.00367	0.18289
16	0.01757	0.04444	0.07686	0.01734	0.05017	0.01546	0.08338	0.14568	0.01863	0.05887	0.02025	0.17569	0.01935	0.01117	0.00940	0.00232	0.09287	0.00934	0.00527	0.12594
17	0.01458	0.03760	0.70688	0.02072	0.03146	0.01688	0.02686	0.02302	0.01535	0.02302	0.01304	0.01535	0.00921	0.00691	0.00691	0.00230	0.01074	0.00537	0.00307	0.01074
18	0.00962	0.00736	0.00894	0.00944	0.01117	0.00667	0.00722	0.01201	0.01704	0.02210	0.21030	0.20105	0.29727	0.01872	0.00899	0.00268	0.00428	0.13175	0.00704	0.00637
19	0.01619	0.24089	0.16370	0.01795	0.08203	0.04993	0.04151	0.02140	0.06323	0.02013	0.01559	0.03945	0.01357	0.01778	0.16200	0.00414	0.01119	0.00630	0.00378	0.00922

[dist]
# distance from previous block
# <min> <max>
0	1

[block]
# block no. 6 follows, 28 sequences, length 46
# corresponding to MSA columns:
# 814-817,819-860
name=unknown_G
#
# <colnr> <probs for GDERKNQSTAVLIFYWHMCP>
#	G	D	E	R	K	N	Q	S	T	A	V	L	I	F	Y	W	H	M	C	P
0	0.01337	0.19568	0.01824	0.01354	0.06225	0.04866	0.00965	0.01515	0.01419	0.01800	0.02604	0.35108	0.02947	0.08145	0.06740	0.00355	0.00736	0.01271	0.00502	0.00721
1	0.01167	0.01007	0.01659	0.04881	0.03591	0.01005	0.12684	0.03026	0.01467	0.01967	0.03092	0.29017	0.09111	0.07550	0.14813	0.00474	0.00923	0.01339	0.00524	0.00704
2	0.01634	0.10477	0.15512	0.06508	0.08368	0.03546	0.13091	0.04321	0.05500	0.04255	0.05497	0.02654	0.10911	0.00917	0.00798	0.00228	0.03585	0.00795	0.00456	0.00947
3	0.07642	0.02000	0.07796	0.04416	0.19283	0.03585	0.09096	0.23567	0.09844	0.03189	0.01645	0.01831	0.01241	0.00765	0.00717	0.00225	0.00859	0.00662	0.00525	0.01111
4	0.01127	0.01109	0.04896	0.01393	0.01601	0.04167	0.09448	0.01369	0.01491	0.01957	0.03396	0.53219	0.03909	0.01892	0.00899	0.00283	0.00617	0.05943	0.00602	0.00682
5	0.56165	0.01698	0.01506	0.09310	0.02059	0.10944	0.04720	0.02218	0.01398	0.02853	0.01084	0.01327	0.00845	0.00687	0.00531	0.00223	0.00745	0.00458	0.00421	0.00808
6	0.01368	0.00762	0.00876	0.00830	0.00926	0.00742	0.00526	0.01463	0.01262	0.09673	0.02372	0.04114	0.02401	0.52331	0.02766	0.00550	0.00627	0.00949	0.14884	0.00577
7	0.01507	0.01657	0.10560	0.17186	0.09268	0.08847	0.01484	0.01880	0.01646	0.05542	0.10039	0.13481	0.06602	0.03935	0.00888	0.00258	0.00783	0.03107	0.00503	0.00826
8	0.10451	0.01146	0.01477	0.01448	0.08830	0.01103	0.04754	0.04823	0.01556	0.02352	0.11362	0.03392	0.07184	0.21843	0.01542	0.00343	0.00638	0.00864	0.00507	0.14384
9	0.01045	0.00699	0.00818	0.00833	0.00870	0.00686	0.00509	0.01125	0.01262	0.01739	0.11731	0.13961	0.03470	0.51243	0.02785	0.00559	0.00600	0.01208	0.04352	0.00506
10	0.11433	0.02419	0.02032	0.09861	0.06418	0.29836	0.01436	0.20806	0.04293	0.02820	0.01375	0.01560	0.01059	0.00774	0.00666	0.00210	0.00993	0.00553	0.00487	0.00970
11	0.00919	0.00679	0.00864	0.00982	0.01084	0.00625	0.00698	0.01093	0.01523	0.01994	0.10175	0.49875	0.16903	0.02105	0.00916	0.00284	0.00427	0.07559	0.00685	0.00610
12	0.49481	0.01530	0.01364	0.01185	0.01643	0.01759	0.00959	0.11336	0.18689	0.03382	0.01606	0.01646	0.01212	0.00781	0.00561	0.00230	0.00597	0.00538	0.00561	0.00940
13	0.01986	0.35527	0.24225	0.01603	0.02356	0.02360	0.01725	0.17673	0.01954	0.02574	0.01276	0.01418	0.01001	0.00703	0.00598	0.00194	0.00875	0.00498	0.00408	0.01049
14	0.01465	0.01386	0.02347	0.57968	0.19025	0.01639	0.02065	0.01938	0.01497	0.01969	0.01308	0.01908	0.01008	0.00710	0.00725	0.00237	0.00946	0.00646	0.00331	0.00882
15	0.00909	0.00738	0.00805	0.00788	0.01012	0.00635	0.00591	0.01139	0.01774	0.02241	0.25478	0.06539	0.51337	0.01738	0.00859	0.00241	0.00361	0.01470	0.00711	0.00635
16	0.00886	0.00633	0.00843	0.01012	0.01054	0.00590	0.00675	0.01012	0.01392	0.01856	0.04006	0.73979	0.04808	0.02277	0.00928	0.00295	0.00422	0.02066	0.00675	0.00590
17	0.01662	0.01575	0.02608	0.26325	0.44072	0.01697	0.02085	0.02226	0.06362	0.02255	0.01456	0.01909	0.01168	0.00697	0.00723	0.00227	0.00877	0.00660	0.00375	0.01040
18	0.01502	0.00834	0.00959	0.00885	0.01118	0.00819	0.00678	0.01983	0.07501	0.10148	0.22779	0.03507	0.03397	0.01058	0.00658	0.00200	0.00391	0.00888	0.39914	0.00781
19	0.01551	0.03637	0.65804	0.02043	0.03083	0.01729	0.02593	0.06949	0.01669	0.02464	0.01336	0.01550	0.00943	0.00704	0.00693	0.00229	0.01055	0.00546	0.00337	0.01086
20	0.01740	0.01387	0.01802	0.01531	0.01935	0.01484	0.08743	0.03062	0.39046	0.08664	0.15756	0.03391	0.03047	0.01081	0.00788	0.00245	0.00614	0.03940	0.00719	0.01025
21	0.03261	0.01237	0.01687	0.01293	0.01856	0.01068	0.01068	0.03543	0.02081	0.70423	0.02868	0.02474	0.01799	0.00900	0.00731	0.00225	0.00619	0.00731	0.00900	0.01237
22	0.01603	0.00837	0.01125	0.01088	0.01310	0.00758	0.00813	0.01828	0.01738	0.21522	0.17232	0.36305	0.04349	0.01710	0.00861	0.00263	0.00473	0.04623	0.00764	0.00797
23	0.01277	0.00948	0.01109	0.01050	0.01286	0.00942	0.00788	0.06385	0.11761	0.04808	0.27386	0.19085	0.17176	0.01581	0.00842	0.00247	0.00440	0.01373	0.00739	0.00778
24	0.02548	0.01430	0.01690	0.01335	0.01823	0.01428	0.01088	0.27472	0.02547	0.29850	0.11360	0.03021	0.08980	0.01058	0.00758	0.00225	0.00628	0.00856	0.00799	0.01105
25	0.01375	0.00856	0.00996	0.00944	0.01184	0.00797	0.00710	0.06202	0.01805	0.10319	0.12984	0.20251	0.24253	0.01568	0.00798	0.00239	0.00432	0.01342	0.12203	0.00744
26	0.01002	0.00802	0.00982	0.00998	0.01125	0.00828	0.00736	0.01171	0.01432	0.01890	0.04592	0.26742	0.28687	0.05610	0.07525	0.00370	0.09000	0.01465	0.04416	0.00626
27	0.19967	0.01730	0.02043	0.01603	0.02146	0.01874	0.08842	0.28972	0.12203	0.10735	0.01845	0.01862	0.01323	0.00817	0.00682	0.00228	0.00743	0.00652	0.00643	0.01092
28	0.01577	0.01665	0.03377	0.02957	0.16425	0.01582	0.41860	0.02062	0.01643	0.02249	0.01926	0.15436	0.01807	0.00932	0.00843	0.00249	0.01003	0.01043	0.00424	0.00941
29	0.01192	0.00764	0.00989	0.01035	0.01168	0.00725	0.00734	0.01463	0.04737	0.08255	0.16572	0.43728	0.04643	0.07074	0.01087	0.00304	0.00459	0.03679	0.00706	0.00685
30	0.01833	0.02140	0.14777	0.01760	0.02295	0.08846	0.08601	0.12832	0.21366	0.02753	0.02273	0.13190	0.01973	0.01049	0.00762	0.00240	0.00826	0.00904	0.00569	0.01013
31	0.01155	0.00987	0.01157	0.01243	0.01330	0.05887	0.00933	0.01332	0.01464	0.01902	0.03414	0.47144	0.03958	0.01997	0.01093	0.00298	0.08988	0.14457	0.00611	0.00648
32	0.00975	0.00648	0.00813	0.00937	0.00993	0.00617	0.00623	0.01118	0.01372	0.01930	0.03566	0.55415	0.04121	0.10458	0.01188	0.00324	0.00442	0.01744	0.12129	0.00586
33	0.01052	0.00799	0.01016	0.01108	0.01220	0.00827	0.00783	0.01497	0.11803	0.02015	0.03540	0.52411	0.03964	0.02545	0.11323	0.00416	0.00671	0.01683	0.00643	0.00686
34	0.01755	0.02385	0.22800	0.05270	0.02543	0.09651	0.08136	0.04888	0.20802	0.02557	0.01910	0.02050	0.01433	0.00800	0.00699	0.00225	0.00874	0.00668	0.09549	0.01006
35	0.02062	0.50431	0.11189	0.01483	0.02101	0.18301	0.01448	0.02356	0.01616	0.01795	0.01070	0.01242	0.00932	0.00659	0.00535	0.00171	0.00933	0.00424	0.00325	0.00929
36	0.01764	0.01392	0.01802	0.01877	0.15976	0.01332	0.01217	0.12262	0.07303	0.06449	0.14173	0.02718	0.05518	0.00900	0.00704	0.00193	0.00611	0.00769	0.00589	0.22448
37	0.01706	0.01606	0.10920	0.01353	0.01840	0.01336	0.01214	0.09025	0.18766	0.08688	0.09288	0.03451	0.09067	0.03855	0.00861	0.00245	0.00635	0.05467	0.00640	0.10036
38	0.00999	0.00811	0.01233	0.01194	0.01346	0.00752	0.08386	0.01191	0.01471	0.01944	0.07314	0.48396	0.12491	0.07513	0.01120	0.00311	0.00526	0.01744	0.00627	0.00632
39	0.01373	0.01283	0.02145	0.62217	0.04552	0.01561	0.04422	0.01890	0.03903	0.01903	0.01496	0.04774	0.01222	0.03331	0.00842	0.00260	0.00935	0.00728	0.00357	0.00806
40	0.06287	0.01986	0.02008	0.10910	0.05128	0.19194	0.04938	0.09883	0.01893	0.05768	0.01376	0.01607	0.01070	0.00688	0.00644	0.00182	0.00876	0.00539	0.00455	0.24566
41	0.40095	0.05121	0.01410	0.01141	0.01541	0.03787	0.00913	0.12658	0.01701	0.07134	0.01797	0.13749	0.01676	0.03533	0.00712	0.00247	0.00620	0.00764	0.00550	0.00852
42	0.10411	0.01017	0.01303	0.13065	0.04475	0.01041	0.01014	0.04058	0.01533	0.02266	0.06174	0.32704	0.06270	0.01451	0.00770	0.00245	0.00568	0.01270	0.00558	0.09807
43	0.04198	0.03881	0.12740	0.17036	0.09502	0.01525	0.03819	0.04114	0.01622	0.12022	0.01559	0.01840	0.01164	0.00751	0.00789	0.00214	0.05959	0.00603	0.04387	0.12274
44	0.01752	0.01461	0.01852	0.03946	0.15627	0.01412	0.01250	0.15907	0.06015	0.02777	0.02179	0.04726	0.07533	0.03715	0.00798	0.00207	0.00662	0.00730	0.00526	0.26925
45	0.02187	0.01198	0.01610	0.09538	0.02127	0.01066	0.01132	0.02513	0.01771	0.31286	0.02361	0.03009	0.01855	0.00943	0.00715	0.00209	0.00643	0.10621	0.00655	0.24561

[dist]
# distance from previous block
# <min> <max>
2	331

# created by:
# /home/berkeley/.conda/envs/busco_data_prod/bin/msa2prfl.pl pipeline/OGs_align_augustus/5794/11538.fs
