[name]
unknown

[dist]
# distance from previous block
# <min> <max>
0	175

[block]
# block no. 0 follows, 29 sequences, length 69
# corresponding to MSA columns:
# 227-249,297-342
name=unknown_A
#
# <colnr> <probs for GDERKNQSTAVLIFYWHMCP>
#	G	D	E	R	K	N	Q	S	T	A	V	L	I	F	Y	W	H	M	C	P
0	0.05801	0.01483	0.16695	0.01211	0.01560	0.01059	0.01133	0.03739	0.01389	0.04592	0.05600	0.03546	0.04860	0.25834	0.14429	0.00546	0.00948	0.04404	0.00459	0.00712
1	0.01571	0.30037	0.06378	0.04275	0.05399	0.01970	0.03527	0.01927	0.03845	0.01952	0.05730	0.04975	0.04260	0.01035	0.00926	0.00226	0.12413	0.08287	0.00418	0.00849
2	0.01148	0.00784	0.01155	0.01134	0.01285	0.00890	0.00884	0.01407	0.01206	0.05509	0.01972	0.02772	0.01781	0.04930	0.65604	0.01058	0.01778	0.00757	0.03277	0.00669
3	0.01904	0.75404	0.03731	0.01218	0.01828	0.02818	0.01218	0.02132	0.01447	0.01675	0.00990	0.01142	0.00914	0.00609	0.00457	0.00152	0.00761	0.00381	0.00305	0.00914
4	0.00935	0.00662	0.00871	0.00967	0.01014	0.00661	0.00647	0.01052	0.01245	0.01683	0.03159	0.44858	0.03675	0.20320	0.14295	0.00539	0.00747	0.01561	0.00556	0.00553
5	0.01983	0.00952	0.01219	0.01024	0.01388	0.00828	0.00813	0.02251	0.01925	0.34356	0.22541	0.04367	0.20820	0.01278	0.00783	0.00227	0.00468	0.01077	0.00798	0.00905
6	0.01008	0.00728	0.00952	0.00896	0.01064	0.00672	0.00672	0.01344	0.02016	0.02855	0.70158	0.05319	0.06719	0.01456	0.00840	0.00224	0.00336	0.01288	0.00784	0.00672
7	0.00845	0.00709	0.00734	0.00753	0.00970	0.00598	0.00555	0.01018	0.01592	0.01911	0.06826	0.14817	0.62530	0.01854	0.00849	0.00246	0.00367	0.01564	0.00661	0.00598
8	0.80005	0.01377	0.01047	0.00936	0.01377	0.01597	0.00771	0.02093	0.01212	0.03195	0.00991	0.01157	0.00771	0.00661	0.00441	0.00220	0.00551	0.00386	0.00441	0.00771
9	0.74428	0.01365	0.01091	0.00960	0.01409	0.01557	0.00791	0.02193	0.01272	0.08120	0.01123	0.01249	0.00843	0.00677	0.00461	0.00220	0.00555	0.00410	0.00473	0.00803
10	0.80005	0.01377	0.01047	0.00936	0.01377	0.01597	0.00771	0.02093	0.01212	0.03195	0.00991	0.01157	0.00771	0.00661	0.00441	0.00220	0.00551	0.00386	0.00441	0.00771
11	0.02065	0.01550	0.01700	0.01294	0.01837	0.01534	0.01052	0.34499	0.02401	0.03431	0.01617	0.01739	0.01228	0.00727	0.00615	0.00166	0.00629	0.00560	0.10386	0.30970
12	0.71582	0.01384	0.01128	0.00985	0.01438	0.01574	0.00811	0.04323	0.01344	0.08481	0.01155	0.01272	0.00862	0.00684	0.00471	0.00220	0.00563	0.00419	0.00483	0.00819
13	0.80005	0.01377	0.01047	0.00936	0.01377	0.01597	0.00771	0.02093	0.01212	0.03195	0.00991	0.01157	0.00771	0.00661	0.00441	0.00220	0.00551	0.00386	0.00441	0.00771
14	0.01021	0.00730	0.01003	0.01167	0.01276	0.00711	0.00928	0.01257	0.01515	0.01990	0.03840	0.37985	0.04374	0.02086	0.00950	0.00310	0.00546	0.37032	0.00658	0.00621
15	0.03158	0.01271	0.01689	0.01295	0.01847	0.01135	0.01070	0.08371	0.02137	0.65985	0.02726	0.02370	0.01721	0.00879	0.00716	0.00220	0.00619	0.00710	0.00869	0.01212
16	0.02825	0.01301	0.01615	0.01260	0.01761	0.01240	0.01034	0.17026	0.02240	0.47095	0.02505	0.02304	0.01654	0.00868	0.00684	0.00211	0.00605	0.00693	0.11945	0.01134
17	0.03195	0.01212	0.01652	0.01267	0.01818	0.01047	0.01047	0.03470	0.02038	0.71026	0.02809	0.02424	0.01763	0.00881	0.00716	0.00220	0.00606	0.00716	0.00881	0.01212
18	0.01762	0.01692	0.02890	0.04371	0.70533	0.01692	0.02185	0.02185	0.01621	0.02326	0.01339	0.01762	0.01128	0.00634	0.00705	0.00211	0.00846	0.00634	0.00352	0.01128
19	0.01530	0.03078	0.55730	0.01866	0.02752	0.01486	0.02293	0.02242	0.01566	0.07750	0.01755	0.02506	0.01426	0.00876	0.00723	0.00240	0.00960	0.09816	0.00398	0.01009
20	0.03195	0.01212	0.01652	0.01267	0.01818	0.01047	0.01047	0.03470	0.02038	0.71026	0.02809	0.02424	0.01763	0.00881	0.00716	0.00220	0.00606	0.00716	0.00881	0.01212
21	0.09317	0.01280	0.01638	0.01267	0.01810	0.01173	0.01046	0.07920	0.02064	0.60899	0.02586	0.02272	0.01644	0.00862	0.00694	0.00220	0.00614	0.00684	0.00834	0.01176
22	0.02263	0.01438	0.02020	0.21904	0.10855	0.01543	0.01511	0.12472	0.07523	0.25717	0.01985	0.02083	0.01384	0.00820	0.00767	0.00228	0.03145	0.00676	0.00604	0.01063
23	0.01221	0.01084	0.01494	0.01396	0.01500	0.03719	0.05789	0.01412	0.01330	0.01867	0.02592	0.37417	0.02902	0.01878	0.05486	0.00330	0.20772	0.01329	0.05803	0.00679
24	0.80005	0.01377	0.01047	0.00936	0.01377	0.01597	0.00771	0.02093	0.01212	0.03195	0.00991	0.01157	0.00771	0.00661	0.00441	0.00220	0.00551	0.00386	0.00441	0.00771
25	0.02699	0.01378	0.02081	0.02341	0.25590	0.01270	0.01441	0.03026	0.01894	0.47259	0.02301	0.02195	0.01543	0.00796	0.00712	0.00217	0.00689	0.00688	0.00698	0.01183
26	0.01669	0.01686	0.05369	0.17529	0.55325	0.01669	0.02162	0.02118	0.01579	0.02226	0.01323	0.01779	0.01085	0.00651	0.00705	0.00217	0.00874	0.00630	0.00344	0.01060
27	0.01328	0.01065	0.01228	0.01128	0.01395	0.01134	0.00863	0.02369	0.30260	0.02907	0.41902	0.04201	0.04809	0.01250	0.00791	0.00231	0.00432	0.01085	0.00759	0.00863
28	0.01253	0.00770	0.00987	0.00943	0.01146	0.00693	0.00702	0.01512	0.01820	0.11836	0.37397	0.20302	0.14703	0.01597	0.00838	0.00240	0.00393	0.01402	0.00753	0.00715
29	0.00944	0.00666	0.00864	0.00965	0.01060	0.00623	0.00687	0.01143	0.01544	0.02114	0.18039	0.47144	0.08227	0.01947	0.00874	0.00269	0.00409	0.06874	0.04996	0.00610
30	0.01029	0.00688	0.00778	0.00784	0.00786	0.00686	0.00440	0.01034	0.01047	0.01396	0.02304	0.07186	0.02665	0.72345	0.03526	0.00676	0.00680	0.01071	0.00440	0.00437
31	0.01904	0.75404	0.03731	0.01218	0.01828	0.02818	0.01218	0.02132	0.01447	0.01675	0.00990	0.01142	0.00914	0.00609	0.00457	0.00152	0.00761	0.00381	0.00305	0.00914
32	0.01053	0.00770	0.01030	0.01015	0.01078	0.00865	0.00716	0.01187	0.01092	0.01533	0.02010	0.03577	0.02103	0.36608	0.37665	0.00897	0.04970	0.00879	0.00401	0.00551
33	0.01002	0.00728	0.00944	0.00890	0.01060	0.00669	0.00667	0.01332	0.02002	0.02823	0.67950	0.05373	0.08947	0.01468	0.00840	0.00225	0.00337	0.01295	0.00780	0.00669
34	0.01729	0.01855	0.06645	0.09756	0.38747	0.04553	0.13720	0.02376	0.09066	0.02317	0.01509	0.01868	0.01198	0.00678	0.00728	0.00222	0.00916	0.00677	0.00389	0.01051
35	0.01473	0.01459	0.07072	0.01133	0.01799	0.01006	0.00987	0.01830	0.01479	0.02315	0.01267	0.01479	0.01042	0.00539	0.00539	0.00115	0.00569	0.00430	0.00412	0.73054
36	0.02707	0.01995	0.02137	0.01638	0.02208	0.02208	0.01353	0.68159	0.03348	0.04488	0.01710	0.01710	0.01211	0.00855	0.00712	0.00214	0.00784	0.00641	0.00712	0.01211
37	0.01876	0.01639	0.01677	0.01369	0.01855	0.08200	0.01084	0.08622	0.25510	0.05384	0.01908	0.01935	0.01471	0.00781	0.00723	0.00185	0.04320	0.00602	0.00562	0.30296
38	0.01553	0.01641	0.03205	0.23557	0.09773	0.01719	0.35267	0.02051	0.01551	0.02093	0.01526	0.02030	0.03263	0.00727	0.00911	0.00242	0.06877	0.00765	0.00352	0.00900
39	0.80005	0.01377	0.01047	0.00936	0.01377	0.01597	0.00771	0.02093	0.01212	0.03195	0.00991	0.01157	0.00771	0.00661	0.00441	0.00220	0.00551	0.00386	0.00441	0.00771
40	0.02072	0.01708	0.01753	0.01504	0.01949	0.04811	0.01188	0.18886	0.48875	0.05341	0.02540	0.02369	0.01882	0.00928	0.00718	0.00232	0.00647	0.00749	0.00711	0.01137
41	0.01951	0.01719	0.02450	0.02970	0.35182	0.01839	0.04064	0.16264	0.18110	0.02908	0.01778	0.01963	0.01386	0.00780	0.00773	0.00224	0.03314	0.00683	0.00515	0.01127
42	0.01237	0.00618	0.00928	0.00928	0.00928	0.00618	0.00618	0.00928	0.00928	0.01237	0.01237	0.02165	0.01237	0.02474	0.02783	0.79283	0.00618	0.00618	0.00309	0.00309
43	0.80005	0.01377	0.01047	0.00936	0.01377	0.01597	0.00771	0.02093	0.01212	0.03195	0.00991	0.01157	0.00771	0.00661	0.00441	0.00220	0.00551	0.00386	0.00441	0.00771
44	0.00900	0.00659	0.00834	0.00923	0.01016	0.00606	0.00634	0.01068	0.01513	0.02016	0.17414	0.47659	0.14342	0.05678	0.01022	0.00290	0.00404	0.01754	0.00674	0.00593
45	0.80005	0.01377	0.01047	0.00936	0.01377	0.01597	0.00771	0.02093	0.01212	0.03195	0.00991	0.01157	0.00771	0.00661	0.00441	0.00220	0.00551	0.00386	0.00441	0.00771
46	0.80005	0.01377	0.01047	0.00936	0.01377	0.01597	0.00771	0.02093	0.01212	0.03195	0.00991	0.01157	0.00771	0.00661	0.00441	0.00220	0.00551	0.00386	0.00441	0.00771
47	0.01733	0.01489	0.01577	0.01421	0.01812	0.01716	0.01104	0.03661	0.65863	0.02973	0.06284	0.02791	0.02402	0.00991	0.00730	0.00241	0.00552	0.00829	0.00728	0.01104
48	0.01327	0.00664	0.00664	0.00664	0.00830	0.00664	0.00498	0.01659	0.01493	0.02655	0.02323	0.02655	0.01825	0.00830	0.00498	0.00166	0.00332	0.00664	0.78928	0.00664
49	0.01008	0.00728	0.00952	0.00896	0.01064	0.00672	0.00672	0.01344	0.02016	0.02855	0.70158	0.05319	0.06719	0.01456	0.00840	0.00224	0.00336	0.01288	0.00784	0.00672
50	0.02660	0.03394	0.02018	0.01834	0.02201	0.72116	0.01376	0.02843	0.02018	0.01743	0.01101	0.01284	0.00917	0.00734	0.00642	0.00183	0.01284	0.00459	0.00367	0.00825
51	0.01008	0.00728	0.00952	0.00896	0.01064	0.00672	0.00672	0.01344	0.02016	0.02855	0.70158	0.05319	0.06719	0.01456	0.00840	0.00224	0.00336	0.01288	0.00784	0.00672
52	0.80005	0.01377	0.01047	0.00936	0.01377	0.01597	0.00771	0.02093	0.01212	0.03195	0.00991	0.01157	0.00771	0.00661	0.00441	0.00220	0.00551	0.00386	0.00441	0.00771
53	0.01327	0.00664	0.00664	0.00664	0.00830	0.00664	0.00498	0.01659	0.01493	0.02655	0.02323	0.02655	0.01825	0.00830	0.00498	0.00166	0.00332	0.00664	0.78928	0.00664
54	0.00939	0.00725	0.00857	0.00824	0.01022	0.00643	0.00618	0.01211	0.01853	0.02471	0.44156	0.05953	0.32961	0.01599	0.00841	0.00231	0.00346	0.01377	0.00733	0.00643
55	0.01477	0.01266	0.01477	0.01055	0.01687	0.00949	0.00844	0.01793	0.01477	0.02320	0.01266	0.01477	0.01055	0.00527	0.00527	0.00105	0.00527	0.00422	0.00422	0.79328
56	0.01762	0.01692	0.02890	0.04371	0.70533	0.01692	0.02185	0.02185	0.01621	0.02326	0.01339	0.01762	0.01128	0.00634	0.00705	0.00211	0.00846	0.00634	0.00352	0.01128
57	0.01606	0.01506	0.02523	0.03711	0.56853	0.01518	0.01911	0.01991	0.01554	0.02208	0.01744	0.02190	0.05026	0.01368	0.10874	0.00346	0.00970	0.00701	0.00374	0.01029
58	0.00866	0.00625	0.00820	0.00977	0.01029	0.00580	0.00654	0.00993	0.01378	0.01824	0.04106	0.70785	0.08318	0.02207	0.00905	0.00287	0.00410	0.01996	0.00661	0.00580
59	0.01122	0.00798	0.01082	0.01218	0.01360	0.00795	0.01027	0.01399	0.01553	0.02018	0.03657	0.07517	0.05873	0.12345	0.01355	0.00377	0.00652	0.54607	0.00624	0.00622
60	0.01558	0.01558	0.02181	0.01869	0.01869	0.02181	0.01558	0.01714	0.01091	0.01714	0.00935	0.01558	0.00935	0.01246	0.02337	0.00312	0.73672	0.00623	0.00312	0.00779
61	0.01185	0.01021	0.01340	0.01285	0.01408	0.04995	0.01012	0.01421	0.01185	0.01667	0.01725	0.02538	0.01612	0.04505	0.58287	0.00973	0.12079	0.00726	0.00371	0.00667
62	0.02908	0.01392	0.01730	0.01357	0.01890	0.01351	0.01111	0.14710	0.11823	0.49833	0.02632	0.02333	0.01726	0.00889	0.00717	0.00222	0.00631	0.00716	0.00830	0.01200
63	0.37480	0.01386	0.01443	0.01167	0.01671	0.01441	0.00963	0.11113	0.01836	0.32200	0.01856	0.01766	0.01249	0.00779	0.00592	0.00219	0.00604	0.00559	0.00663	0.01015
64	0.04138	0.01352	0.01339	0.01474	0.07326	0.13230	0.00995	0.03810	0.04332	0.02051	0.03296	0.34347	0.11414	0.01586	0.00861	0.00254	0.03275	0.03621	0.00567	0.00731
65	0.01156	0.00756	0.01016	0.01109	0.01258	0.00716	0.00870	0.01394	0.01599	0.07040	0.10667	0.32764	0.08352	0.01929	0.00913	0.00290	0.00509	0.26312	0.00687	0.00665
66	0.58911	0.01432	0.01399	0.09594	0.01960	0.01640	0.03312	0.07905	0.01466	0.05168	0.01157	0.01358	0.00871	0.00689	0.00519	0.00222	0.00642	0.00463	0.00460	0.00832
67	0.02113	0.01680	0.02175	0.01926	0.09301	0.03898	0.07311	0.22079	0.07987	0.09823	0.05139	0.02011	0.01545	0.00860	0.00911	0.00219	0.09873	0.00680	0.00571	0.09897
68	0.04573	0.01332	0.01388	0.01230	0.01558	0.08190	0.00946	0.12854	0.04546	0.17928	0.10585	0.21850	0.07354	0.01340	0.00772	0.00236	0.00602	0.01132	0.00698	0.00887

[dist]
# distance from previous block
# <min> <max>
0	1

[block]
# block no. 1 follows, 29 sequences, length 12
# corresponding to MSA columns:
# 344-355
name=unknown_B
#
# <colnr> <probs for GDERKNQSTAVLIFYWHMCP>
#	G	D	E	R	K	N	Q	S	T	A	V	L	I	F	Y	W	H	M	C	P
0	0.01816	0.07502	0.09327	0.07199	0.15164	0.08924	0.04719	0.08255	0.01609	0.02174	0.01182	0.01586	0.00998	0.00876	0.01231	0.00242	0.25303	0.00593	0.00363	0.00935
1	0.01545	0.01370	0.01794	0.01576	0.01714	0.07378	0.05723	0.01710	0.01304	0.05117	0.01673	0.09397	0.01640	0.01898	0.10572	0.08868	0.29974	0.03077	0.02953	0.00720
2	0.01963	0.69945	0.03613	0.01250	0.01856	0.02772	0.01228	0.07042	0.01588	0.01884	0.01043	0.01184	0.00936	0.00627	0.00476	0.00157	0.00763	0.00400	0.00335	0.00936
3	0.12036	0.01453	0.01816	0.19424	0.06014	0.01587	0.01349	0.19191	0.05575	0.16451	0.02144	0.02231	0.05954	0.00859	0.00688	0.00225	0.00723	0.00688	0.00592	0.01000
4	0.07896	0.01801	0.15992	0.01748	0.09158	0.01374	0.04806	0.05666	0.07618	0.09144	0.04759	0.02255	0.01618	0.08006	0.04416	0.00297	0.00803	0.00671	0.00490	0.11482
5	0.01902	0.01611	0.02116	0.04205	0.12787	0.08536	0.07678	0.06349	0.01743	0.10679	0.01835	0.02679	0.01592	0.00932	0.00893	0.00222	0.08355	0.10375	0.00495	0.15016
6	0.01001	0.00721	0.00998	0.01063	0.01151	0.00765	0.00786	0.01186	0.01250	0.01713	0.02742	0.22122	0.02995	0.16539	0.31801	0.00731	0.01134	0.10216	0.00500	0.00587
7	0.80005	0.01377	0.01047	0.00936	0.01377	0.01597	0.00771	0.02093	0.01212	0.03195	0.00991	0.01157	0.00771	0.00661	0.00441	0.00220	0.00551	0.00386	0.00441	0.00771
8	0.01162	0.00720	0.01005	0.00995	0.01027	0.00767	0.00694	0.01039	0.01063	0.01428	0.02082	0.09894	0.07054	0.09492	0.07225	0.46006	0.06654	0.00876	0.00388	0.00431
9	0.06533	0.10958	0.05794	0.02251	0.16517	0.01939	0.09586	0.17393	0.13595	0.05931	0.01702	0.01829	0.01291	0.00748	0.00680	0.00215	0.00798	0.00643	0.00519	0.01079
10	0.15602	0.09618	0.01541	0.01141	0.01519	0.08576	0.00917	0.06991	0.10130	0.02566	0.05850	0.05838	0.08541	0.01115	0.03135	0.00235	0.00654	0.00743	0.08757	0.06530
11	0.05829	0.05776	0.02090	0.01964	0.12103	0.16523	0.01374	0.15509	0.13915	0.06412	0.01683	0.01874	0.01329	0.03509	0.00912	0.00235	0.06816	0.00623	0.00522	0.01004

[dist]
# distance from previous block
# <min> <max>
0	27

[block]
# block no. 2 follows, 29 sequences, length 29
# corresponding to MSA columns:
# 383-411
name=unknown_C
#
# <colnr> <probs for GDERKNQSTAVLIFYWHMCP>
#	G	D	E	R	K	N	Q	S	T	A	V	L	I	F	Y	W	H	M	C	P
0	0.12181	0.01819	0.15022	0.01448	0.03770	0.04186	0.01295	0.15804	0.04259	0.02829	0.08911	0.15149	0.05213	0.01119	0.00712	0.00228	0.00680	0.00921	0.00557	0.03897
1	0.03805	0.01653	0.02306	0.02143	0.13177	0.01742	0.11066	0.14838	0.18689	0.05567	0.01821	0.01959	0.01389	0.00796	0.00825	0.00219	0.06183	0.00679	0.00541	0.10604
2	0.01229	0.01055	0.01365	0.01228	0.01300	0.01283	0.00950	0.01389	0.01323	0.01892	0.12954	0.03735	0.13064	0.18394	0.02080	0.00367	0.30462	0.00960	0.04320	0.00649
3	0.02083	0.36785	0.08542	0.04064	0.02143	0.20801	0.01392	0.08988	0.01821	0.02088	0.04402	0.01492	0.01220	0.00716	0.00577	0.00179	0.00912	0.00492	0.00385	0.00916
4	0.01237	0.00618	0.00928	0.00928	0.00928	0.00618	0.00618	0.00928	0.00928	0.01237	0.01237	0.02165	0.01237	0.02474	0.02783	0.79283	0.00618	0.00618	0.00309	0.00309
5	0.20777	0.04852	0.01731	0.01381	0.01822	0.11284	0.04209	0.10898	0.15583	0.09125	0.07027	0.02232	0.04421	0.00876	0.00650	0.00218	0.00705	0.00675	0.00587	0.00947
6	0.01800	0.05121	0.02621	0.14342	0.33022	0.04203	0.08328	0.04887	0.06189	0.06022	0.05277	0.02040	0.01490	0.00735	0.00715	0.00218	0.00847	0.00688	0.00436	0.01019
7	0.00926	0.00639	0.00814	0.00950	0.01023	0.00598	0.00654	0.01084	0.01405	0.01927	0.03963	0.59711	0.08711	0.02041	0.00863	0.00274	0.00410	0.04280	0.09134	0.00592
8	0.01068	0.00821	0.01080	0.01128	0.05679	0.00773	0.00775	0.01456	0.04470	0.02724	0.56224	0.05151	0.13097	0.01421	0.00827	0.00226	0.00381	0.01250	0.00740	0.00711
9	0.05656	0.10962	0.21206	0.02409	0.12972	0.06523	0.18233	0.05762	0.05279	0.02371	0.01377	0.01644	0.01060	0.00671	0.00686	0.00216	0.00975	0.00613	0.00379	0.01008
10	0.01833	0.01747	0.01717	0.01759	0.09239	0.13041	0.01220	0.03169	0.43206	0.02615	0.02478	0.07092	0.02007	0.00969	0.00710	0.00228	0.00690	0.00804	0.04455	0.01019
11	0.00977	0.00721	0.00913	0.00878	0.01048	0.00657	0.00653	0.01279	0.01923	0.02667	0.57658	0.09645	0.15237	0.01549	0.00844	0.00230	0.00344	0.01361	0.00760	0.00657
12	0.01712	0.01855	0.03841	0.10538	0.03750	0.01804	0.56379	0.06590	0.01763	0.02377	0.01439	0.01904	0.01075	0.00629	0.00818	0.00238	0.01146	0.00805	0.00379	0.00959
13	0.02460	0.02658	0.01878	0.01681	0.02057	0.46079	0.01299	0.13976	0.02181	0.05657	0.01687	0.05548	0.01503	0.00955	0.00704	0.00210	0.01061	0.07027	0.00494	0.00883
14	0.01246	0.01090	0.01544	0.01413	0.01474	0.01413	0.01126	0.01434	0.01111	0.01652	0.01531	0.02460	0.01504	0.10498	0.36010	0.00749	0.31979	0.00731	0.00357	0.00676
15	0.00899	0.00724	0.00801	0.00781	0.00997	0.00625	0.00586	0.01132	0.01758	0.02244	0.28833	0.06326	0.48425	0.01684	0.00841	0.00235	0.00352	0.01429	0.00703	0.00625
16	0.01586	0.01515	0.02557	0.31923	0.41260	0.01669	0.02075	0.02018	0.01519	0.02097	0.01293	0.01808	0.01048	0.00692	0.00777	0.00226	0.03989	0.00633	0.00336	0.00978
17	0.01816	0.01431	0.01967	0.01893	0.08776	0.01496	0.07761	0.25428	0.02251	0.03006	0.02570	0.04567	0.02483	0.01307	0.00845	0.00267	0.00773	0.29814	0.00617	0.00930
18	0.00868	0.00620	0.00826	0.00991	0.01033	0.00578	0.00661	0.00991	0.01363	0.01818	0.03925	0.74510	0.04710	0.02231	0.00909	0.00289	0.00413	0.02024	0.00661	0.00578
19	0.02660	0.03394	0.02018	0.01834	0.02201	0.72116	0.01376	0.02843	0.02018	0.01743	0.01101	0.01284	0.00917	0.00734	0.00642	0.00183	0.01284	0.00459	0.00367	0.00825
20	0.01036	0.00690	0.00777	0.00777	0.00777	0.00690	0.00431	0.01036	0.01036	0.01381	0.02244	0.04660	0.02589	0.74975	0.03624	0.00690	0.00690	0.01036	0.00431	0.00431
21	0.11011	0.02036	0.01974	0.01570	0.02095	0.09021	0.01278	0.50471	0.07165	0.03981	0.01647	0.01668	0.01195	0.00829	0.00677	0.00213	0.00794	0.00606	0.00650	0.01120
22	0.01017	0.00763	0.01144	0.01144	0.01272	0.00890	0.00890	0.01272	0.01144	0.01653	0.01907	0.02797	0.01780	0.05340	0.72153	0.01144	0.01907	0.00763	0.00381	0.00636
23	0.01395	0.01279	0.02071	0.53990	0.10820	0.01526	0.01853	0.01954	0.06118	0.01982	0.01647	0.02580	0.01381	0.00853	0.00741	0.00245	0.00882	0.07468	0.00384	0.00833
24	0.04972	0.01529	0.01781	0.05083	0.08738	0.01695	0.01249	0.20840	0.27896	0.03265	0.12864	0.02632	0.02408	0.00956	0.00726	0.00227	0.00634	0.00794	0.00663	0.01049
25	0.65140	0.01496	0.01256	0.01071	0.01537	0.01715	0.00883	0.14798	0.01623	0.03443	0.01130	0.01263	0.00856	0.00698	0.00493	0.00219	0.00596	0.00435	0.00493	0.00856
26	0.00876	0.00627	0.00834	0.00985	0.01035	0.00584	0.00662	0.01014	0.01405	0.01884	0.08126	0.70122	0.04837	0.02182	0.00904	0.00285	0.00408	0.01978	0.00669	0.00584
27	0.01353	0.01277	0.01794	0.42648	0.06949	0.05812	0.01563	0.01779	0.04026	0.01894	0.02277	0.09777	0.07820	0.03696	0.00857	0.00259	0.00821	0.04209	0.00423	0.00766
28	0.09710	0.01477	0.01715	0.01652	0.09182	0.01583	0.01190	0.26417	0.09760	0.06682	0.11973	0.04910	0.04516	0.01050	0.00731	0.00229	0.00638	0.04924	0.00660	0.01000

[dist]
# distance from previous block
# <min> <max>
0	1

[block]
# block no. 3 follows, 29 sequences, length 13
# corresponding to MSA columns:
# 413-425
name=unknown_D
#
# <colnr> <probs for GDERKNQSTAVLIFYWHMCP>
#	G	D	E	R	K	N	Q	S	T	A	V	L	I	F	Y	W	H	M	C	P
0	0.45056	0.01802	0.01784	0.01847	0.13815	0.12033	0.05484	0.06345	0.01565	0.02851	0.01142	0.01365	0.00902	0.00675	0.00559	0.00214	0.00767	0.00485	0.00426	0.00881
1	0.01028	0.00717	0.00921	0.00881	0.01043	0.00667	0.00657	0.01353	0.01940	0.02789	0.61251	0.08426	0.06210	0.01440	0.00814	0.00222	0.00339	0.01271	0.07365	0.00667
2	0.01648	0.08463	0.18887	0.02435	0.18659	0.01805	0.08892	0.02516	0.17185	0.02378	0.04100	0.01985	0.01480	0.00785	0.00807	0.00227	0.05608	0.00671	0.00436	0.01034
3	0.01017	0.00763	0.01144	0.01144	0.01272	0.00890	0.00890	0.01272	0.01144	0.01653	0.01907	0.02797	0.01780	0.05340	0.72153	0.01144	0.01907	0.00763	0.00381	0.00636
4	0.00904	0.00731	0.00808	0.00809	0.01028	0.00635	0.00621	0.01131	0.01711	0.02146	0.20779	0.06615	0.50685	0.01741	0.00853	0.00244	0.00380	0.06870	0.00688	0.00621
5	0.02660	0.03394	0.02018	0.01834	0.02201	0.72116	0.01376	0.02843	0.02018	0.01743	0.01101	0.01284	0.00917	0.00734	0.00642	0.00183	0.01284	0.00459	0.00367	0.00825
6	0.13232	0.01294	0.01643	0.06666	0.02019	0.01244	0.01102	0.07813	0.01976	0.52019	0.02372	0.02164	0.01530	0.00837	0.00679	0.00221	0.00637	0.00660	0.00768	0.01122
7	0.01064	0.00818	0.01130	0.06605	0.04155	0.00867	0.00884	0.01365	0.05678	0.01825	0.02870	0.33575	0.03158	0.13129	0.16755	0.00524	0.00853	0.03566	0.00533	0.00645
8	0.09653	0.01190	0.01548	0.01210	0.01723	0.01066	0.00995	0.03192	0.01965	0.60049	0.07719	0.02532	0.02050	0.00906	0.00702	0.00221	0.00581	0.00731	0.00836	0.01133
9	0.01937	0.01673	0.02059	0.06866	0.20227	0.04299	0.01478	0.18836	0.23059	0.02960	0.02216	0.02352	0.04881	0.03003	0.00802	0.00237	0.00737	0.00737	0.00572	0.01070
10	0.00902	0.00647	0.00818	0.00927	0.00987	0.00605	0.00614	0.01024	0.01374	0.01823	0.08262	0.52883	0.10019	0.14012	0.01342	0.00346	0.00449	0.01771	0.00632	0.00562
11	0.01731	0.01737	0.11613	0.02896	0.35686	0.01447	0.03784	0.02275	0.06109	0.09784	0.09000	0.05243	0.03793	0.00867	0.00733	0.00222	0.00757	0.00792	0.00492	0.01039
12	0.07142	0.37028	0.02775	0.01433	0.03916	0.04225	0.01238	0.13664	0.01798	0.07389	0.01275	0.01415	0.01036	0.00729	0.00698	0.00186	0.07029	0.00484	0.00438	0.06102

[dist]
# distance from previous block
# <min> <max>
0	11

[block]
# block no. 4 follows, 29 sequences, length 8
# corresponding to MSA columns:
# 437-444
name=unknown_E
#
# <colnr> <probs for GDERKNQSTAVLIFYWHMCP>
#	G	D	E	R	K	N	Q	S	T	A	V	L	I	F	Y	W	H	M	C	P
0	0.08808	0.10949	0.05193	0.06985	0.12117	0.09821	0.01363	0.05100	0.01695	0.12050	0.01508	0.01787	0.01186	0.00714	0.00618	0.00188	0.00773	0.02361	0.00463	0.16321
1	0.01877	0.02045	0.02313	0.08163	0.13971	0.20066	0.04553	0.02233	0.05231	0.01929	0.01204	0.01626	0.01039	0.00922	0.01334	0.00248	0.29406	0.00603	0.00358	0.00879
2	0.01671	0.01913	0.15827	0.06304	0.02335	0.01628	0.05387	0.11617	0.28124	0.02844	0.08329	0.02694	0.06274	0.00949	0.00736	0.00233	0.00723	0.00803	0.00590	0.01019
3	0.00954	0.00705	0.00890	0.00887	0.01041	0.00642	0.00649	0.01223	0.01825	0.02503	0.47085	0.19211	0.16423	0.01664	0.00854	0.00239	0.00355	0.01467	0.00740	0.00642
4	0.01925	0.02000	0.19693	0.01695	0.05951	0.01532	0.01533	0.15352	0.14720	0.12470	0.05965	0.09911	0.02062	0.01001	0.00733	0.00231	0.00726	0.00836	0.00610	0.01052
5	0.01019	0.00754	0.01101	0.01101	0.01213	0.00866	0.00836	0.01244	0.01131	0.01621	0.01947	0.03019	0.01876	0.13610	0.64015	0.01090	0.01763	0.00795	0.00387	0.00612
6	0.01671	0.05083	0.17969	0.01691	0.04981	0.06046	0.01519	0.06362	0.27042	0.02497	0.02096	0.06368	0.01719	0.01355	0.07644	0.00320	0.03378	0.00746	0.00519	0.00995
7	0.06007	0.15084	0.03758	0.06584	0.06186	0.04273	0.01078	0.03502	0.01442	0.01949	0.02340	0.30537	0.02584	0.08260	0.01040	0.00280	0.02728	0.01147	0.00484	0.00738

[dist]
# distance from previous block
# <min> <max>
4	7

[block]
# block no. 5 follows, 29 sequences, length 22
# corresponding to MSA columns:
# 453-474
name=unknown_F
#
# <colnr> <probs for GDERKNQSTAVLIFYWHMCP>
#	G	D	E	R	K	N	Q	S	T	A	V	L	I	F	Y	W	H	M	C	P
0	0.01592	0.01950	0.14589	0.03029	0.35575	0.03865	0.06417	0.02109	0.03972	0.02266	0.04015	0.02594	0.06696	0.00868	0.00798	0.00229	0.03520	0.04508	0.00410	0.00999
1	0.01555	0.03699	0.06804	0.11744	0.06358	0.01460	0.09070	0.10768	0.09848	0.02647	0.14378	0.02910	0.06631	0.01135	0.03654	0.00261	0.00767	0.00843	0.04565	0.00901
2	0.01063	0.00725	0.00865	0.00852	0.01039	0.00664	0.00634	0.01317	0.01697	0.04948	0.27163	0.13555	0.25456	0.01784	0.04955	0.00283	0.00454	0.01313	0.10575	0.00656
3	0.01681	0.01441	0.01834	0.07484	0.17434	0.01591	0.01355	0.05555	0.36146	0.02744	0.05325	0.02596	0.03983	0.00903	0.00710	0.00227	0.00632	0.00777	0.06548	0.01035
4	0.23127	0.01340	0.01533	0.01223	0.01738	0.01332	0.01006	0.08667	0.05850	0.43653	0.02246	0.02045	0.01480	0.00826	0.00644	0.00221	0.00604	0.00629	0.00743	0.01092
5	0.01619	0.11386	0.12819	0.22224	0.34055	0.01802	0.02070	0.02090	0.01528	0.02095	0.01265	0.01681	0.01019	0.00658	0.00671	0.00213	0.00893	0.00585	0.00329	0.00998
6	0.01657	0.01710	0.01851	0.01895	0.10076	0.17512	0.01345	0.01889	0.01398	0.01814	0.01376	0.01946	0.01250	0.02298	0.23144	0.00521	0.23400	0.00632	0.03505	0.00783
7	0.00873	0.00723	0.00765	0.00754	0.00981	0.00614	0.00566	0.01082	0.01697	0.02098	0.19011	0.06565	0.58338	0.01738	0.00841	0.00237	0.00356	0.01463	0.00684	0.00614
8	0.00880	0.00654	0.00821	0.00924	0.01022	0.00595	0.00638	0.01042	0.01499	0.01970	0.12957	0.51969	0.18337	0.02046	0.00886	0.00271	0.00393	0.01825	0.00677	0.00595
9	0.00890	0.00691	0.00811	0.00850	0.01009	0.00611	0.00611	0.01091	0.01636	0.02117	0.21513	0.27931	0.33981	0.01854	0.00862	0.00252	0.00371	0.01616	0.00691	0.00611
10	0.03195	0.01212	0.01652	0.01267	0.01818	0.01047	0.01047	0.03470	0.02038	0.71026	0.02809	0.02424	0.01763	0.00881	0.00716	0.00220	0.00606	0.00716	0.00881	0.01212
11	0.01321	0.01026	0.01150	0.01033	0.01345	0.01014	0.00795	0.02102	0.21432	0.04971	0.23323	0.04365	0.20505	0.01269	0.00760	0.00220	0.00436	0.01076	0.03525	0.08333
12	0.80005	0.01377	0.01047	0.00936	0.01377	0.01597	0.00771	0.02093	0.01212	0.03195	0.00991	0.01157	0.00771	0.00661	0.00441	0.00220	0.00551	0.00386	0.00441	0.00771
13	0.40243	0.07241	0.11896	0.01140	0.01651	0.01535	0.01089	0.02264	0.05770	0.07627	0.01480	0.01613	0.01116	0.00719	0.00524	0.00209	0.00615	0.00497	0.11908	0.00863
14	0.01345	0.01266	0.02136	0.73264	0.04904	0.01582	0.01978	0.01819	0.01424	0.01819	0.01266	0.01898	0.00949	0.00712	0.00712	0.00237	0.00949	0.00633	0.00316	0.00791
15	0.01477	0.01266	0.01477	0.01055	0.01687	0.00949	0.00844	0.01793	0.01477	0.02320	0.01266	0.01477	0.01055	0.00527	0.00527	0.00105	0.00527	0.00422	0.00422	0.79328
16	0.01757	0.01622	0.01723	0.01513	0.01738	0.11455	0.01200	0.14544	0.06515	0.02318	0.01817	0.04758	0.03582	0.05707	0.16742	0.00466	0.20497	0.00743	0.00469	0.00832
17	0.00957	0.00784	0.00851	0.00823	0.01057	0.00709	0.00621	0.01318	0.06863	0.02253	0.23738	0.06124	0.48067	0.01647	0.00832	0.00236	0.00369	0.01392	0.00699	0.00660
18	0.01477	0.01266	0.01477	0.01055	0.01687	0.00949	0.00844	0.01793	0.01477	0.02320	0.01266	0.01477	0.01055	0.00527	0.00527	0.00105	0.00527	0.00422	0.00422	0.79328
19	0.01705	0.10044	0.34415	0.07210	0.02935	0.01817	0.10857	0.12349	0.01798	0.02517	0.01335	0.01582	0.00990	0.00678	0.00673	0.00210	0.00954	0.00571	0.00383	0.06975
20	0.01773	0.36574	0.18780	0.01441	0.02084	0.06245	0.01492	0.06264	0.07431	0.02121	0.01866	0.01945	0.07673	0.00792	0.00594	0.00191	0.00806	0.00579	0.00402	0.00947
21	0.01040	0.00779	0.00985	0.00898	0.01116	0.00693	0.00678	0.01362	0.01934	0.02733	0.58784	0.05068	0.11000	0.01393	0.00810	0.00214	0.00356	0.01221	0.00740	0.08195

[dist]
# distance from previous block
# <min> <max>
1	3

[block]
# block no. 6 follows, 29 sequences, length 78
# corresponding to MSA columns:
# 478-555
name=unknown_G
#
# <colnr> <probs for GDERKNQSTAVLIFYWHMCP>
#	G	D	E	R	K	N	Q	S	T	A	V	L	I	F	Y	W	H	M	C	P
0	0.01423	0.01319	0.02044	0.04494	0.25981	0.03892	0.06763	0.01699	0.01483	0.02024	0.05171	0.15291	0.06273	0.01534	0.06057	0.05657	0.06647	0.00981	0.00441	0.00825
1	0.01549	0.08377	0.54322	0.02093	0.03048	0.01778	0.11655	0.04939	0.01600	0.02309	0.01298	0.01545	0.00941	0.00668	0.00686	0.00222	0.01042	0.00565	0.00326	0.01036
2	0.01044	0.00824	0.01034	0.01094	0.01178	0.03589	0.00791	0.01217	0.01293	0.01764	0.02863	0.38356	0.03201	0.06425	0.25224	0.00590	0.04227	0.01380	0.03294	0.00613
3	0.02921	0.01488	0.01807	0.01392	0.01935	0.01471	0.01147	0.27854	0.02533	0.43075	0.05141	0.02272	0.01756	0.00895	0.00720	0.00218	0.00662	0.00711	0.00813	0.01189
4	0.00903	0.00766	0.00847	0.00907	0.04123	0.00659	0.00631	0.01113	0.01670	0.02053	0.14458	0.06439	0.59536	0.01709	0.00835	0.00237	0.00380	0.01438	0.00662	0.00633
5	0.01771	0.01530	0.01610	0.01449	0.01852	0.01771	0.01127	0.03784	0.69247	0.02979	0.02898	0.02657	0.02174	0.00966	0.00725	0.00242	0.00564	0.00805	0.00725	0.01127
6	0.02707	0.01995	0.02137	0.01638	0.02208	0.02208	0.01353	0.68159	0.03348	0.04488	0.01710	0.01710	0.01211	0.00855	0.00712	0.00214	0.00784	0.00641	0.00712	0.01211
7	0.01904	0.75404	0.03731	0.01218	0.01828	0.02818	0.01218	0.02132	0.01447	0.01675	0.00990	0.01142	0.00914	0.00609	0.00457	0.00152	0.00761	0.00381	0.00305	0.00914
8	0.01904	0.75404	0.03731	0.01218	0.01828	0.02818	0.01218	0.02132	0.01447	0.01675	0.00990	0.01142	0.00914	0.00609	0.00457	0.00152	0.00761	0.00381	0.00305	0.00914
9	0.00855	0.00668	0.00776	0.00863	0.00999	0.00589	0.00604	0.01006	0.01487	0.01868	0.05487	0.42378	0.35834	0.02028	0.00877	0.00266	0.00388	0.01777	0.00661	0.00589
10	0.01051	0.00708	0.00828	0.00850	0.00873	0.00708	0.00530	0.01096	0.01119	0.01484	0.02454	0.05125	0.02797	0.64901	0.03260	0.00640	0.00686	0.09964	0.00462	0.00462
11	0.02373	0.01762	0.02081	0.01768	0.06735	0.01916	0.03758	0.49409	0.02798	0.05889	0.01758	0.02017	0.01351	0.05761	0.06993	0.00323	0.00888	0.00685	0.00635	0.01099
12	0.00929	0.00693	0.00970	0.07964	0.01429	0.00688	0.00814	0.01097	0.01384	0.01835	0.03660	0.63941	0.04315	0.02070	0.00894	0.00286	0.00478	0.05323	0.00628	0.00603
13	0.02024	0.01886	0.02621	0.08761	0.34729	0.09505	0.07748	0.13775	0.01965	0.04969	0.01429	0.01737	0.01120	0.00691	0.00705	0.00210	0.00903	0.00629	0.00436	0.04158
14	0.01713	0.01854	0.07080	0.10388	0.24976	0.07143	0.07816	0.02503	0.16992	0.02312	0.01850	0.02103	0.03687	0.00806	0.00826	0.00230	0.05574	0.00700	0.00440	0.01007
15	0.02346	0.08809	0.04960	0.01346	0.01925	0.06452	0.01156	0.17389	0.02092	0.21672	0.01787	0.01783	0.01279	0.00737	0.00628	0.00179	0.00700	0.00563	0.03037	0.21159
16	0.01412	0.01191	0.01404	0.01033	0.01601	0.00911	0.00820	0.01731	0.01551	0.02394	0.10772	0.02007	0.01836	0.00655	0.00570	0.00122	0.00501	0.00541	0.00472	0.68475
17	0.58238	0.01642	0.01399	0.06622	0.07510	0.10249	0.01052	0.02173	0.01360	0.02844	0.01054	0.01277	0.00832	0.00671	0.00507	0.00216	0.00694	0.00433	0.00415	0.00809
18	0.01762	0.01692	0.02890	0.04371	0.70533	0.01692	0.02185	0.02185	0.01621	0.02326	0.01339	0.01762	0.01128	0.00634	0.00705	0.00211	0.00846	0.00634	0.00352	0.01128
19	0.01736	0.01460	0.01534	0.01386	0.01770	0.01683	0.01077	0.03614	0.63829	0.02953	0.02852	0.02657	0.02146	0.00955	0.00706	0.00235	0.00545	0.00794	0.06978	0.01090
20	0.00868	0.00620	0.00826	0.00991	0.01033	0.00578	0.00661	0.00991	0.01363	0.01818	0.03925	0.74510	0.04710	0.02231	0.00909	0.00289	0.00413	0.02024	0.00661	0.00578
21	0.01000	0.00718	0.00852	0.00818	0.01006	0.00651	0.00614	0.01292	0.01841	0.02568	0.44101	0.05425	0.24024	0.01477	0.00798	0.00221	0.00342	0.01272	0.10329	0.00651
22	0.00992	0.00727	0.00930	0.00879	0.01054	0.00665	0.00659	0.01313	0.01978	0.02765	0.64072	0.05467	0.12860	0.01489	0.00840	0.00226	0.00338	0.01309	0.00772	0.00665
23	0.80005	0.01377	0.01047	0.00936	0.01377	0.01597	0.00771	0.02093	0.01212	0.03195	0.00991	0.01157	0.00771	0.00661	0.00441	0.00220	0.00551	0.00386	0.00441	0.00771
24	0.22068	0.01252	0.01504	0.01186	0.01709	0.01182	0.00979	0.03132	0.01835	0.54360	0.02363	0.02112	0.01519	0.00827	0.00648	0.00220	0.00592	0.00635	0.00773	0.01104
25	0.02762	0.01906	0.02082	0.01596	0.02164	0.02077	0.01319	0.60859	0.03200	0.11997	0.01834	0.01790	0.01273	0.00858	0.00713	0.00214	0.00764	0.00650	0.00731	0.01211
26	0.01020	0.00753	0.01094	0.01094	0.01203	0.00863	0.00827	0.01239	0.01129	0.01615	0.01954	0.03054	0.01892	0.14949	0.62697	0.01082	0.01739	0.00801	0.00388	0.00608
27	0.00925	0.00725	0.00836	0.00809	0.01013	0.00636	0.00606	0.01183	0.01819	0.02389	0.38655	0.06087	0.38512	0.01630	0.00841	0.00232	0.00348	0.01395	0.00722	0.00636
28	0.16654	0.01337	0.01605	0.01254	0.01788	0.01286	0.01036	0.11158	0.02053	0.50930	0.02354	0.02113	0.01521	0.00839	0.00667	0.00220	0.00618	0.00649	0.00783	0.01134
29	0.00868	0.00620	0.00826	0.00991	0.01033	0.00578	0.00661	0.00991	0.01363	0.01818	0.03925	0.74510	0.04710	0.02231	0.00909	0.00289	0.00413	0.02024	0.00661	0.00578
30	0.01428	0.03683	0.71286	0.02030	0.03082	0.01654	0.02631	0.02255	0.01503	0.02255	0.01278	0.01503	0.00902	0.00677	0.00677	0.00226	0.01052	0.00526	0.00301	0.01052
31	0.01460	0.00869	0.00888	0.00840	0.01064	0.00920	0.00642	0.04659	0.13492	0.02784	0.02400	0.02618	0.01862	0.00855	0.00546	0.00181	0.00390	0.00688	0.62075	0.00767
32	0.03195	0.01212	0.01652	0.01267	0.01818	0.01047	0.01047	0.03470	0.02038	0.71026	0.02809	0.02424	0.01763	0.00881	0.00716	0.00220	0.00606	0.00716	0.00881	0.01212
33	0.80005	0.01377	0.01047	0.00936	0.01377	0.01597	0.00771	0.02093	0.01212	0.03195	0.00991	0.01157	0.00771	0.00661	0.00441	0.00220	0.00551	0.00386	0.00441	0.00771
34	0.01028	0.00687	0.00779	0.00786	0.00788	0.00685	0.00442	0.01034	0.01050	0.01400	0.02320	0.07821	0.02685	0.71683	0.03501	0.00672	0.00678	0.01080	0.00442	0.00438
35	0.00868	0.00620	0.00826	0.00991	0.01033	0.00578	0.00661	0.00991	0.01363	0.01818	0.03925	0.74510	0.04710	0.02231	0.00909	0.00289	0.00413	0.02024	0.00661	0.00578
36	0.01990	0.01936	0.01775	0.10339	0.02309	0.18740	0.01288	0.03303	0.42011	0.05225	0.02260	0.02222	0.01703	0.00875	0.00703	0.00226	0.00787	0.00697	0.00594	0.01016
37	0.13380	0.02432	0.28002	0.01686	0.02347	0.01825	0.01754	0.20935	0.01970	0.07791	0.01424	0.01583	0.01035	0.00810	0.00861	0.00232	0.09856	0.00564	0.00480	0.01034
38	0.00914	0.00651	0.00871	0.01031	0.01089	0.00617	0.00724	0.01063	0.01393	0.01849	0.03847	0.62573	0.04551	0.04586	0.01009	0.00308	0.00457	0.11231	0.00653	0.00585
39	0.70412	0.01473	0.01201	0.04261	0.03959	0.04742	0.00900	0.02118	0.01271	0.03040	0.01020	0.01216	0.00798	0.00666	0.00471	0.00219	0.00611	0.00408	0.00429	0.00787
40	0.01053	0.00755	0.00998	0.00982	0.01057	0.00828	0.00694	0.01208	0.01179	0.01672	0.07483	0.03720	0.02481	0.33501	0.33292	0.00821	0.03762	0.00909	0.03044	0.00560
41	0.01879	0.63942	0.09064	0.01333	0.01944	0.05250	0.01352	0.02151	0.01458	0.01726	0.01015	0.01194	0.00914	0.00645	0.00558	0.00166	0.03779	0.00405	0.00307	0.00916
42	0.01254	0.00922	0.01122	0.01031	0.01264	0.00927	0.00786	0.01957	0.16836	0.05306	0.52938	0.04629	0.05541	0.01327	0.00810	0.00228	0.00396	0.01161	0.00774	0.00791
43	0.01802	0.06705	0.01743	0.01408	0.01817	0.04556	0.01115	0.07162	0.52601	0.02884	0.05823	0.02712	0.04606	0.00978	0.00711	0.00231	0.00601	0.00799	0.00681	0.01066
44	0.00997	0.00727	0.00937	0.00885	0.01057	0.00667	0.00663	0.01323	0.01990	0.02795	0.66105	0.05418	0.10809	0.01478	0.00840	0.00225	0.00338	0.01302	0.00776	0.00667
45	0.02783	0.01398	0.01707	0.01329	0.01839	0.01370	0.01090	0.23815	0.02429	0.41400	0.07823	0.02438	0.01986	0.00917	0.00715	0.00216	0.00629	0.00736	0.04236	0.01144
46	0.01027	0.00741	0.00979	0.00954	0.01122	0.00693	0.00739	0.01362	0.01963	0.02754	0.60833	0.05700	0.06351	0.01528	0.00860	0.00239	0.00381	0.10341	0.00766	0.00670
47	0.01345	0.01266	0.02136	0.73264	0.04904	0.01582	0.01978	0.01819	0.01424	0.01819	0.01266	0.01898	0.00949	0.00712	0.00712	0.00237	0.00949	0.00633	0.00316	0.00791
48	0.02707	0.01995	0.02137	0.01638	0.02208	0.02208	0.01353	0.68159	0.03348	0.04488	0.01710	0.01710	0.01211	0.00855	0.00712	0.00214	0.00784	0.00641	0.00712	0.01211
49	0.00864	0.00711	0.00760	0.00772	0.00982	0.00607	0.00570	0.01056	0.01639	0.02020	0.14172	0.14318	0.55443	0.01811	0.00849	0.00244	0.00364	0.01537	0.00675	0.00607
50	0.01134	0.00825	0.01020	0.00956	0.01205	0.00706	0.00704	0.01369	0.01625	0.05297	0.21379	0.28463	0.13037	0.01548	0.00792	0.00223	0.00418	0.01362	0.00653	0.17284
51	0.00868	0.00620	0.00826	0.00991	0.01033	0.00578	0.00661	0.00991	0.01363	0.01818	0.03925	0.74510	0.04710	0.02231	0.00909	0.00289	0.00413	0.02024	0.00661	0.00578
52	0.01345	0.01266	0.02136	0.73264	0.04904	0.01582	0.01978	0.01819	0.01424	0.01819	0.01266	0.01898	0.00949	0.00712	0.00712	0.00237	0.00949	0.00633	0.00316	0.00791
53	0.80005	0.01377	0.01047	0.00936	0.01377	0.01597	0.00771	0.02093	0.01212	0.03195	0.00991	0.01157	0.00771	0.00661	0.00441	0.00220	0.00551	0.00386	0.00441	0.00771
54	0.01036	0.00690	0.00777	0.00777	0.00777	0.00690	0.00431	0.01036	0.01036	0.01381	0.02244	0.04660	0.02589	0.74975	0.03624	0.00690	0.00690	0.01036	0.00431	0.00431
55	0.01904	0.75404	0.03731	0.01218	0.01828	0.02818	0.01218	0.02132	0.01447	0.01675	0.00990	0.01142	0.00914	0.00609	0.00457	0.00152	0.00761	0.00381	0.00305	0.00914
56	0.01489	0.01387	0.02330	0.60763	0.04571	0.01654	0.08122	0.07329	0.01606	0.02083	0.01319	0.01885	0.00983	0.00713	0.00724	0.00236	0.00959	0.00653	0.00353	0.00842
57	0.01644	0.01863	0.04051	0.02912	0.03602	0.01746	0.64950	0.02223	0.01667	0.02260	0.01551	0.05155	0.01242	0.00673	0.00843	0.00242	0.01165	0.00893	0.00374	0.00943
58	0.01327	0.00664	0.00664	0.00664	0.00830	0.00664	0.00498	0.01659	0.01493	0.02655	0.02323	0.02655	0.01825	0.00830	0.00498	0.00166	0.00332	0.00664	0.78928	0.00664
59	0.02849	0.01331	0.01682	0.01308	0.01821	0.01261	0.01073	0.17433	0.02323	0.48991	0.09914	0.02583	0.02182	0.00938	0.00729	0.00219	0.00615	0.00762	0.00834	0.01153
60	0.01588	0.19153	0.35893	0.04116	0.05001	0.08394	0.01908	0.02105	0.01523	0.02010	0.01537	0.10745	0.01402	0.00865	0.00656	0.00213	0.00916	0.00686	0.00356	0.00934
61	0.01743	0.01714	0.03020	0.04093	0.59337	0.01727	0.10220	0.02176	0.01605	0.02294	0.01334	0.01773	0.01114	0.00657	0.00793	0.00219	0.04077	0.00659	0.00352	0.01092
62	0.00973	0.00727	0.00904	0.00859	0.01042	0.00657	0.00644	0.01276	0.01933	0.02660	0.56988	0.05640	0.20010	0.01528	0.00840	0.00227	0.00341	0.01333	0.00758	0.00657
63	0.22760	0.01496	0.06758	0.01945	0.13997	0.01369	0.11287	0.02064	0.01645	0.07995	0.18985	0.02566	0.02489	0.00869	0.00687	0.00223	0.00685	0.00764	0.00525	0.00891
64	0.01652	0.10552	0.20974	0.04893	0.02338	0.08380	0.06165	0.09687	0.05580	0.02320	0.01991	0.18423	0.01906	0.01066	0.00722	0.00229	0.00841	0.00905	0.00467	0.00910
65	0.01007	0.00688	0.00885	0.00947	0.01055	0.00693	0.00686	0.01213	0.01368	0.01954	0.06194	0.29047	0.08654	0.07276	0.19100	0.00506	0.00797	0.03604	0.13718	0.00607
66	0.01113	0.00795	0.01108	0.01272	0.01421	0.00790	0.01088	0.01416	0.01605	0.02093	0.03789	0.16182	0.04173	0.01999	0.00974	0.00323	0.00626	0.57929	0.00656	0.00646
67	0.01528	0.02588	0.38407	0.05588	0.17647	0.01544	0.02136	0.02260	0.06954	0.04532	0.01825	0.06802	0.03390	0.00837	0.00710	0.00229	0.00885	0.00714	0.00401	0.01023
68	0.02106	0.02717	0.39023	0.01721	0.02514	0.06712	0.01921	0.05576	0.01807	0.23521	0.04269	0.01919	0.01394	0.00780	0.00694	0.00220	0.00894	0.00613	0.00520	0.01078
69	0.01871	0.01456	0.02126	0.01740	0.02189	0.01513	0.15827	0.09883	0.23432	0.11110	0.02576	0.05706	0.02157	0.01221	0.03334	0.00283	0.00790	0.11150	0.00637	0.00999
70	0.80005	0.01377	0.01047	0.00936	0.01377	0.01597	0.00771	0.02093	0.01212	0.03195	0.00991	0.01157	0.00771	0.00661	0.00441	0.00220	0.00551	0.00386	0.00441	0.00771
71	0.01425	0.01166	0.01312	0.01198	0.01495	0.01273	0.00921	0.02678	0.38774	0.02923	0.33383	0.03863	0.04234	0.01188	0.00777	0.00234	0.00460	0.01024	0.00751	0.00921
72	0.01587	0.01452	0.02271	0.14130	0.37361	0.01555	0.01757	0.04266	0.09002	0.02289	0.01879	0.12695	0.01742	0.00953	0.00805	0.00235	0.03736	0.00859	0.00444	0.00982
73	0.01023	0.00692	0.00773	0.00773	0.00788	0.00685	0.00438	0.01035	0.01073	0.01415	0.02557	0.04798	0.06854	0.70362	0.03449	0.00662	0.00670	0.01065	0.00446	0.00442
74	0.01259	0.01017	0.01471	0.06788	0.15501	0.01031	0.01166	0.06715	0.01617	0.02172	0.03134	0.39340	0.05591	0.01649	0.00844	0.00266	0.00592	0.08504	0.00578	0.00764
75	0.01475	0.03882	0.10503	0.15388	0.02510	0.08118	0.05150	0.02036	0.08858	0.02058	0.08166	0.02423	0.01845	0.04602	0.13719	0.00413	0.06877	0.00727	0.00426	0.00822
76	0.46904	0.01794	0.10165	0.01495	0.04332	0.01738	0.06030	0.09555	0.01527	0.03009	0.01148	0.01371	0.00885	0.00727	0.00691	0.00229	0.06590	0.00492	0.00435	0.00882
77	0.01383	0.01122	0.04382	0.01429	0.08894	0.01013	0.01012	0.06401	0.06204	0.06805	0.36852	0.09810	0.09194	0.01311	0.00800	0.00229	0.00493	0.01147	0.00694	0.00825

[dist]
# distance from previous block
# <min> <max>
0	1

[block]
# block no. 7 follows, 29 sequences, length 6
# corresponding to MSA columns:
# 557-562
name=unknown_H
#
# <colnr> <probs for GDERKNQSTAVLIFYWHMCP>
#	G	D	E	R	K	N	Q	S	T	A	V	L	I	F	Y	W	H	M	C	P
0	0.01376	0.01150	0.01364	0.01021	0.01554	0.00890	0.00807	0.01697	0.01592	0.02435	0.16050	0.02301	0.02270	0.00727	0.00594	0.00131	0.00486	0.00608	0.00500	0.62448
1	0.01649	0.01498	0.06912	0.02171	0.21255	0.01351	0.03951	0.08236	0.09068	0.07615	0.14335	0.03324	0.13494	0.01040	0.00757	0.00224	0.00655	0.00912	0.00584	0.00966
