[name]
unknown

[dist]
# distance from previous block
# <min> <max>
7	245

[block]
# block no. 0 follows, 26 sequences, length 9
# corresponding to MSA columns:
# 271-279
name=unknown_A
#
# <colnr> <probs for GDERKNQSTAVLIFYWHMCP>
#	G	D	E	R	K	N	Q	S	T	A	V	L	I	F	Y	W	H	M	C	P
0	0.02139	0.01952	0.02444	0.02503	0.18211	0.09704	0.08182	0.19745	0.07006	0.03071	0.03978	0.02726	0.01803	0.00951	0.00788	0.00236	0.00896	0.07640	0.00565	0.05459
1	0.15407	0.01751	0.01738	0.16918	0.02563	0.11924	0.01312	0.10329	0.10911	0.05053	0.06987	0.02611	0.07503	0.00972	0.00720	0.00237	0.00799	0.00760	0.00568	0.00937
2	0.01970	0.02074	0.12469	0.08908	0.24988	0.01873	0.01927	0.15315	0.14444	0.03021	0.01839	0.02051	0.01403	0.00811	0.00745	0.00235	0.00855	0.00695	0.03220	0.01158
3	0.07083	0.01365	0.01349	0.01485	0.05945	0.11669	0.00996	0.06576	0.01731	0.02287	0.03121	0.46339	0.03543	0.01781	0.00857	0.00274	0.00656	0.01558	0.00621	0.00763
4	0.01521	0.01858	0.12792	0.07765	0.19162	0.01511	0.19199	0.02008	0.01639	0.02274	0.02156	0.20323	0.02129	0.01120	0.00842	0.00259	0.00925	0.01102	0.00452	0.00963
5	0.01874	0.17528	0.02405	0.01739	0.05671	0.02063	0.01384	0.16090	0.01907	0.02565	0.01966	0.13207	0.01977	0.01275	0.01204	0.00263	0.19231	0.06194	0.00516	0.00941
6	0.12822	0.01025	0.01371	0.01750	0.14099	0.01033	0.01069	0.01545	0.01564	0.02383	0.08968	0.38038	0.03806	0.01706	0.00850	0.00278	0.00561	0.05742	0.00617	0.00774
7	0.00956	0.00696	0.00878	0.00984	0.01070	0.00643	0.00667	0.01114	0.01548	0.02054	0.12870	0.49227	0.13470	0.08630	0.01211	0.00331	0.00449	0.01885	0.00699	0.00618
8	0.01705	0.21518	0.10387	0.01671	0.02204	0.01899	0.09662	0.06382	0.12060	0.02412	0.02322	0.15860	0.02232	0.01162	0.00759	0.00243	0.00797	0.05232	0.00528	0.00966

[dist]
# distance from previous block
# <min> <max>
10	17

[block]
# block no. 1 follows, 26 sequences, length 6
# corresponding to MSA columns:
# 297-302
name=unknown_B
#
# <colnr> <probs for GDERKNQSTAVLIFYWHMCP>
#	G	D	E	R	K	N	Q	S	T	A	V	L	I	F	Y	W	H	M	C	P
0	0.09241	0.10237	0.02355	0.07686	0.02477	0.08675	0.01431	0.41874	0.02830	0.03803	0.01566	0.01677	0.01160	0.00838	0.00696	0.00220	0.00876	0.00609	0.00614	0.01136
1	0.01815	0.01424	0.01847	0.30271	0.03176	0.05400	0.01494	0.07828	0.09220	0.10277	0.02373	0.17193	0.02136	0.01169	0.00801	0.00257	0.00805	0.01011	0.00575	0.00929
2	0.02276	0.02304	0.02413	0.02448	0.16438	0.22332	0.07110	0.15895	0.07468	0.02887	0.09118	0.02231	0.01909	0.00880	0.00763	0.00223	0.00975	0.00733	0.00544	0.01053
3	0.18195	0.01685	0.10396	0.01589	0.05717	0.01480	0.06215	0.05542	0.07472	0.02929	0.05142	0.02184	0.01651	0.00837	0.00707	0.00221	0.03258	0.00665	0.18328	0.05788
4	0.04998	0.10303	0.04697	0.01486	0.01914	0.01525	0.07186	0.04280	0.01770	0.19795	0.07732	0.03241	0.07971	0.08286	0.01263	0.00295	0.08768	0.02933	0.00610	0.00945
5	0.15581	0.01844	0.02097	0.02357	0.20959	0.09390	0.01494	0.15606	0.02156	0.09989	0.06443	0.02355	0.01772	0.00898	0.00722	0.00232	0.00811	0.03647	0.00579	0.01069

[dist]
# distance from previous block
# <min> <max>
8	205

[block]
# block no. 2 follows, 26 sequences, length 15
# corresponding to MSA columns:
# 535-549
name=unknown_C
#
# <colnr> <probs for GDERKNQSTAVLIFYWHMCP>
#	G	D	E	R	K	N	Q	S	T	A	V	L	I	F	Y	W	H	M	C	P
0	0.01911	0.07205	0.12020	0.15454	0.20192	0.01721	0.04609	0.06551	0.01801	0.08627	0.01582	0.01890	0.01201	0.00730	0.00709	0.00217	0.00880	0.00636	0.03303	0.08762
1	0.01885	0.13924	0.02499	0.07909	0.20816	0.04909	0.01548	0.09513	0.06883	0.02679	0.10653	0.02308	0.02039	0.00844	0.00707	0.00209	0.00777	0.00709	0.00508	0.08681
2	0.10739	0.11607	0.08220	0.01275	0.01648	0.04471	0.01149	0.01769	0.01617	0.02308	0.13117	0.03673	0.19504	0.01470	0.04261	0.00290	0.10610	0.00939	0.00526	0.00805
3	0.06950	0.05532	0.01661	0.01355	0.01774	0.01654	0.01075	0.03285	0.41749	0.08665	0.09755	0.03256	0.07887	0.01102	0.00757	0.00246	0.00573	0.00906	0.00742	0.01077
4	0.01386	0.07246	0.08875	0.29821	0.07505	0.01464	0.01619	0.01803	0.01609	0.02160	0.13513	0.08038	0.02570	0.08007	0.01071	0.00291	0.00814	0.00915	0.00464	0.00829
5	0.01423	0.01056	0.01191	0.05109	0.01544	0.05434	0.00886	0.04374	0.01824	0.08723	0.14696	0.32099	0.15167	0.01764	0.00884	0.00267	0.00548	0.01541	0.00709	0.00761
6	0.01589	0.01399	0.01973	0.01625	0.02028	0.01450	0.13084	0.09428	0.16874	0.02827	0.12762	0.04311	0.17701	0.01301	0.00928	0.00260	0.03630	0.05229	0.00668	0.00934
7	0.01894	0.15644	0.02438	0.02139	0.17583	0.01768	0.04143	0.04858	0.13116	0.08009	0.11497	0.02706	0.02368	0.04325	0.00868	0.00245	0.00715	0.00793	0.03857	0.01033
8	0.01768	0.01979	0.04105	0.02989	0.03624	0.01988	0.54790	0.02326	0.01682	0.02326	0.01442	0.01979	0.01124	0.00758	0.01170	0.00269	0.13463	0.00855	0.00375	0.00990
9	0.01573	0.01348	0.01573	0.01123	0.01798	0.01011	0.00899	0.01910	0.01573	0.02472	0.01348	0.01573	0.01123	0.00562	0.00562	0.00112	0.00562	0.00449	0.00449	0.77980
10	0.02477	0.01781	0.02337	0.10374	0.18450	0.01903	0.01657	0.28081	0.08009	0.14247	0.01969	0.02066	0.01419	0.00851	0.00759	0.00234	0.00820	0.00708	0.00649	0.01210
11	0.01754	0.01780	0.01309	0.01221	0.01518	0.24009	0.00920	0.05552	0.01936	0.02280	0.04049	0.07114	0.26817	0.01310	0.00753	0.00222	0.00735	0.01036	0.14919	0.00768
12	0.00912	0.00706	0.00833	0.00935	0.01068	0.00626	0.00650	0.01070	0.01569	0.01984	0.05661	0.45154	0.31755	0.02184	0.00938	0.00286	0.00416	0.01922	0.00704	0.00626
13	0.01689	0.01684	0.04730	0.09078	0.14509	0.08075	0.05772	0.06872	0.08029	0.02721	0.20752	0.03350	0.07373	0.01072	0.00806	0.00237	0.00772	0.00942	0.00587	0.00952
14	0.54825	0.01635	0.01188	0.01080	0.01488	0.11071	0.00861	0.02261	0.01462	0.03089	0.01317	0.01526	0.01037	0.00746	0.00510	0.00219	0.00655	0.00473	0.13747	0.00810

[dist]
# distance from previous block
# <min> <max>
0	1

[block]
# block no. 3 follows, 26 sequences, length 95
# corresponding to MSA columns:
# 551-645
name=unknown_D
#
# <colnr> <probs for GDERKNQSTAVLIFYWHMCP>
#	G	D	E	R	K	N	Q	S	T	A	V	L	I	F	Y	W	H	M	C	P
0	0.01693	0.01497	0.04702	0.01762	0.04739	0.01384	0.15539	0.02533	0.16449	0.05021	0.06921	0.02586	0.02040	0.00851	0.00721	0.00214	0.00707	0.00789	0.17880	0.11970
1	0.01825	0.01180	0.01455	0.01310	0.01678	0.01123	0.01047	0.11187	0.04528	0.13436	0.03069	0.21498	0.03034	0.01497	0.00843	0.00257	0.00616	0.15161	0.00706	0.14551
2	0.01877	0.01802	0.03079	0.04656	0.68612	0.01802	0.02328	0.02328	0.01727	0.02478	0.01427	0.01877	0.01201	0.00676	0.00751	0.00225	0.00901	0.00676	0.00375	0.01201
3	0.01652	0.01491	0.01609	0.01176	0.01832	0.05368	0.00934	0.01980	0.01609	0.02433	0.01337	0.01560	0.01114	0.00576	0.00569	0.00118	0.00612	0.00452	0.00446	0.73132
4	0.01084	0.00813	0.01219	0.01219	0.01354	0.00948	0.00948	0.01354	0.01219	0.01761	0.02032	0.02980	0.01896	0.05689	0.70337	0.01219	0.02032	0.00813	0.00406	0.00677
5	0.01790	0.02046	0.04476	0.03197	0.03964	0.01918	0.65857	0.02430	0.01790	0.02430	0.01535	0.02046	0.01151	0.00639	0.00895	0.00256	0.01279	0.00895	0.00384	0.01023
6	0.00914	0.00700	0.00839	0.00950	0.01072	0.00625	0.00657	0.01068	0.01554	0.01978	0.05470	0.48715	0.28318	0.02209	0.00942	0.00289	0.00419	0.01952	0.00704	0.00625
7	0.01521	0.03923	0.69413	0.02162	0.03283	0.01762	0.02802	0.02402	0.01601	0.02402	0.01361	0.01601	0.00961	0.00721	0.00721	0.00240	0.01121	0.00560	0.00320	0.01121
8	0.78701	0.01467	0.01115	0.00997	0.01467	0.01702	0.00821	0.02230	0.01291	0.03403	0.01056	0.01232	0.00821	0.00704	0.00469	0.00235	0.00587	0.00411	0.00469	0.00821
9	0.00924	0.00660	0.00880	0.01056	0.01100	0.00616	0.00704	0.01056	0.01452	0.01936	0.04181	0.72848	0.05017	0.02376	0.00968	0.00308	0.00440	0.02156	0.00704	0.00616
10	0.02432	0.02918	0.02339	0.13703	0.14897	0.46703	0.01727	0.02724	0.01970	0.01983	0.01247	0.01567	0.01023	0.00759	0.00708	0.00210	0.01225	0.00553	0.00379	0.00932
11	0.01318	0.00659	0.00988	0.00988	0.00988	0.00659	0.00659	0.00988	0.00988	0.01318	0.01318	0.02306	0.01318	0.02635	0.02964	0.77931	0.00659	0.00659	0.00329	0.00329
12	0.00924	0.00660	0.00880	0.01056	0.01100	0.00616	0.00704	0.01056	0.01452	0.01936	0.04181	0.72848	0.05017	0.02376	0.00968	0.00308	0.00440	0.02156	0.00704	0.00616
13	0.01006	0.00781	0.00963	0.00940	0.01140	0.00738	0.00713	0.01278	0.01773	0.02361	0.29378	0.05709	0.30172	0.02628	0.16509	0.00466	0.00745	0.01337	0.00687	0.00677
14	0.28459	0.02037	0.02698	0.02081	0.02653	0.12118	0.27091	0.06410	0.01761	0.02799	0.01354	0.01688	0.01050	0.00906	0.03537	0.00277	0.01057	0.00651	0.00439	0.00935
15	0.00924	0.00660	0.00880	0.01056	0.01100	0.00616	0.00704	0.01056	0.01452	0.01936	0.04181	0.72848	0.05017	0.02376	0.00968	0.00308	0.00440	0.02156	0.00704	0.00616
16	0.01186	0.00963	0.01415	0.01356	0.01467	0.01192	0.01074	0.01438	0.01209	0.01772	0.01848	0.02746	0.01737	0.04915	0.58307	0.01062	0.14430	0.00786	0.00393	0.00704
17	0.01567	0.14498	0.31306	0.17433	0.03157	0.04174	0.02050	0.02159	0.01670	0.02268	0.10883	0.02207	0.01863	0.00838	0.00714	0.00228	0.00944	0.00674	0.00401	0.00967
18	0.13390	0.01721	0.02247	0.23438	0.14803	0.06220	0.01759	0.07212	0.01644	0.02451	0.01266	0.01739	0.01033	0.00877	0.01098	0.00257	0.16887	0.00621	0.00400	0.00938
19	0.49142	0.01848	0.01652	0.07952	0.11039	0.12786	0.01244	0.02346	0.01509	0.02897	0.01151	0.01412	0.00915	0.00718	0.00568	0.00229	0.00793	0.00483	0.00432	0.00884
20	0.01009	0.00749	0.00959	0.01095	0.01226	0.00700	0.00833	0.01220	0.01604	0.02063	0.04918	0.38559	0.19048	0.02189	0.00976	0.00309	0.00506	0.20688	0.00702	0.00647
21	0.02833	0.03615	0.02149	0.01954	0.02345	0.70298	0.01466	0.03029	0.02149	0.01856	0.01172	0.01368	0.00977	0.00782	0.00684	0.00195	0.01368	0.00489	0.00391	0.00879
22	0.78701	0.01467	0.01115	0.00997	0.01467	0.01702	0.00821	0.02230	0.01291	0.03403	0.01056	0.01232	0.00821	0.00704	0.00469	0.00235	0.00587	0.00411	0.00469	0.00821
23	0.00896	0.00768	0.00768	0.00768	0.01025	0.00640	0.00576	0.01089	0.01729	0.02049	0.07684	0.07300	0.68304	0.01921	0.00896	0.00256	0.00384	0.01601	0.00704	0.00640
24	0.00924	0.00660	0.00880	0.01056	0.01100	0.00616	0.00704	0.01056	0.01452	0.01936	0.04181	0.72848	0.05017	0.02376	0.00968	0.00308	0.00440	0.02156	0.00704	0.00616
25	0.03403	0.01291	0.01760	0.01350	0.01936	0.01115	0.01115	0.03697	0.02171	0.69137	0.02992	0.02582	0.01878	0.00939	0.00763	0.00235	0.00645	0.00763	0.00939	0.01291
26	0.02028	0.73799	0.03975	0.01298	0.01947	0.03001	0.01298	0.02271	0.01541	0.01785	0.01055	0.01217	0.00973	0.00649	0.00487	0.00162	0.00811	0.00406	0.00324	0.00973
27	0.01521	0.03923	0.69413	0.02162	0.03283	0.01762	0.02802	0.02402	0.01601	0.02402	0.01361	0.01601	0.00961	0.00721	0.00721	0.00240	0.01121	0.00560	0.00320	0.01121
28	0.01222	0.00873	0.01222	0.01397	0.01572	0.00873	0.01222	0.01572	0.01746	0.02270	0.04016	0.08556	0.04365	0.02095	0.01048	0.00349	0.00698	0.63506	0.00698	0.00698
29	0.78701	0.01467	0.01115	0.00997	0.01467	0.01702	0.00821	0.02230	0.01291	0.03403	0.01056	0.01232	0.00821	0.00704	0.00469	0.00235	0.00587	0.00411	0.00469	0.00821
30	0.00924	0.00660	0.00880	0.01056	0.01100	0.00616	0.00704	0.01056	0.01452	0.01936	0.04181	0.72848	0.05017	0.02376	0.00968	0.00308	0.00440	0.02156	0.00704	0.00616
31	0.78701	0.01467	0.01115	0.00997	0.01467	0.01702	0.00821	0.02230	0.01291	0.03403	0.01056	0.01232	0.00821	0.00704	0.00469	0.00235	0.00587	0.00411	0.00469	0.00821
32	0.01877	0.01802	0.03079	0.04656	0.68612	0.01802	0.02328	0.02328	0.01727	0.02478	0.01427	0.01877	0.01201	0.00676	0.00751	0.00225	0.00901	0.00676	0.00375	0.01201
33	0.01887	0.01629	0.01715	0.01544	0.01972	0.01887	0.01201	0.04031	0.67241	0.03173	0.03087	0.02830	0.02315	0.01029	0.00772	0.00257	0.00600	0.00858	0.00772	0.01201
34	0.01046	0.00734	0.00905	0.00944	0.00994	0.00740	0.00608	0.01136	0.01241	0.01663	0.03062	0.20023	0.07235	0.40926	0.14785	0.00695	0.00876	0.01320	0.00521	0.00545
35	0.01790	0.02046	0.04476	0.03197	0.03964	0.01918	0.65857	0.02430	0.01790	0.02430	0.01535	0.02046	0.01151	0.00639	0.00895	0.00256	0.01279	0.00895	0.00384	0.01023
36	0.02037	0.01704	0.01800	0.01574	0.02030	0.01957	0.01237	0.13365	0.57663	0.03415	0.02897	0.02678	0.02161	0.01011	0.00770	0.00253	0.00636	0.00831	0.00770	0.01214
37	0.00896	0.00768	0.00768	0.00768	0.01025	0.00640	0.00576	0.01089	0.01729	0.02049	0.07684	0.07300	0.68304	0.01921	0.00896	0.00256	0.00384	0.01601	0.00704	0.00640
38	0.02821	0.02093	0.02241	0.01733	0.02328	0.02323	0.01427	0.62181	0.07570	0.04679	0.01901	0.01885	0.01354	0.00918	0.00760	0.00229	0.00820	0.00694	0.00760	0.01284
39	0.00950	0.00671	0.00873	0.01023	0.01061	0.00633	0.00669	0.01063	0.01402	0.01870	0.03924	0.63118	0.04693	0.12548	0.01383	0.00369	0.00482	0.02005	0.00669	0.00594
40	0.00977	0.00694	0.00924	0.01089	0.01148	0.00659	0.00760	0.01130	0.01471	0.01953	0.04045	0.59694	0.04785	0.06800	0.01161	0.00341	0.00494	0.10569	0.00688	0.00618
41	0.02956	0.01160	0.01523	0.01205	0.01700	0.01023	0.00983	0.03263	0.02041	0.54228	0.02876	0.02637	0.01893	0.00926	0.00710	0.00222	0.00580	0.00750	0.18165	0.01160
42	0.01088	0.00796	0.01134	0.01134	0.01241	0.00902	0.00843	0.01300	0.01194	0.01698	0.02109	0.03408	0.02082	0.20300	0.55980	0.01115	0.01752	0.00875	0.00418	0.00630
43	0.00924	0.00660	0.00880	0.01056	0.01100	0.00616	0.00704	0.01056	0.01452	0.01936	0.04181	0.72848	0.05017	0.02376	0.00968	0.00308	0.00440	0.02156	0.00704	0.00616
44	0.01710	0.01632	0.02777	0.29748	0.44824	0.01758	0.02245	0.02182	0.01648	0.02275	0.01397	0.01932	0.01130	0.00707	0.00754	0.00236	0.00942	0.00675	0.00361	0.01067
45	0.01427	0.03207	0.53992	0.01862	0.02731	0.01531	0.02276	0.02110	0.01489	0.02193	0.01593	0.02357	0.01365	0.17049	0.01427	0.00352	0.01034	0.00682	0.00352	0.00972
46	0.15687	0.01934	0.01669	0.01473	0.01853	0.17077	0.01147	0.15255	0.11368	0.02864	0.01797	0.02179	0.01492	0.06330	0.14188	0.00447	0.01100	0.00667	0.00541	0.00933
47	0.01603	0.01487	0.02443	0.32155	0.29994	0.01676	0.01991	0.02021	0.01549	0.02144	0.01468	0.02177	0.01244	0.05981	0.01094	0.00279	0.06000	0.00706	0.03035	0.00954
48	0.34082	0.10283	0.01973	0.01572	0.04566	0.25039	0.01212	0.08826	0.01851	0.02802	0.01186	0.01360	0.00952	0.00743	0.00583	0.00212	0.00912	0.00474	0.00452	0.00919
49	0.00928	0.00770	0.00813	0.00802	0.01044	0.00654	0.00601	0.01150	0.01804	0.02228	0.18589	0.07005	0.57287	0.01854	0.00896	0.00253	0.00379	0.01560	0.00728	0.00654
50	0.02030	0.22688	0.09890	0.02798	0.27171	0.11198	0.01891	0.04659	0.01742	0.02227	0.01264	0.01577	0.01071	0.00742	0.00789	0.00213	0.06057	0.00562	0.00368	0.01063
51	0.61328	0.01440	0.01376	0.16854	0.02312	0.01698	0.01110	0.02164	0.01342	0.03074	0.01122	0.01410	0.00864	0.00716	0.00534	0.00239	0.00682	0.00470	0.00440	0.00826
52	0.01441	0.01236	0.01696	0.01892	0.16600	0.01067	0.01159	0.01747	0.01597	0.02348	0.04875	0.21595	0.02468	0.01131	0.00731	0.00197	0.00596	0.01012	0.00519	0.36093
53	0.01935	0.01764	0.02313	0.01936	0.02073	0.02330	0.01611	0.16273	0.01702	0.02490	0.01181	0.01696	0.01062	0.01234	0.02100	0.00308	0.55964	0.00668	0.00428	0.00933
54	0.00961	0.00715	0.00904	0.01040	0.01151	0.00658	0.00750	0.01137	0.01557	0.02009	0.04945	0.48895	0.19153	0.02234	0.00963	0.00302	0.00465	0.10825	0.00703	0.00633
55	0.01008	0.00773	0.00923	0.00885	0.01093	0.00688	0.00664	0.01304	0.01992	0.02674	0.45778	0.06271	0.29820	0.01688	0.00895	0.00245	0.00368	0.01457	0.00787	0.00688
56	0.00917	0.00688	0.00851	0.00982	0.01081	0.00622	0.00671	0.01064	0.01523	0.01965	0.05079	0.56047	0.21239	0.02260	0.00950	0.00295	0.00426	0.02014	0.00704	0.00622
57	0.02857	0.01319	0.01622	0.01281	0.01779	0.01260	0.01046	0.15188	0.02307	0.41925	0.02652	0.02492	0.01780	0.00921	0.00710	0.00220	0.00616	0.00735	0.18131	0.01159
58	0.01573	0.01348	0.01573	0.01123	0.01798	0.01011	0.00899	0.01910	0.01573	0.02472	0.01348	0.01573	0.01123	0.00562	0.00562	0.00112	0.00562	0.00449	0.00449	0.77980
59	0.01777	0.01700	0.02898	0.19690	0.54359	0.01776	0.02278	0.02240	0.01680	0.02357	0.01409	0.01910	0.01159	0.00694	0.00753	0.00231	0.00926	0.00675	0.00367	0.01121
60	0.02883	0.02125	0.02276	0.01745	0.02352	0.02352	0.01442	0.66082	0.03566	0.04780	0.01821	0.01821	0.01290	0.00911	0.00759	0.00228	0.00835	0.00683	0.00759	0.01290
61	0.01887	0.01629	0.01715	0.01544	0.01972	0.01887	0.01201	0.04031	0.67241	0.03173	0.03087	0.02830	0.02315	0.01029	0.00772	0.00257	0.00600	0.00858	0.00772	0.01201
62	0.00909	0.00721	0.00817	0.00895	0.01058	0.00630	0.00632	0.01074	0.01607	0.02000	0.06145	0.36091	0.40506	0.02121	0.00928	0.00279	0.00409	0.01845	0.00704	0.00630
63	0.61462	0.17730	0.01758	0.01065	0.01575	0.01994	0.00929	0.02239	0.01347	0.03039	0.01056	0.01229	0.00856	0.00692	0.00473	0.00218	0.00637	0.00410	0.00437	0.00856
64	0.02833	0.03615	0.02149	0.01954	0.02345	0.70298	0.01466	0.03029	0.02149	0.01856	0.01172	0.01368	0.00977	0.00782	0.00684	0.00195	0.01368	0.00489	0.00391	0.00879
65	0.01318	0.00659	0.00988	0.00988	0.00988	0.00659	0.00659	0.00988	0.00988	0.01318	0.01318	0.02306	0.01318	0.02635	0.02964	0.77931	0.00659	0.00659	0.00329	0.00329
66	0.01060	0.00810	0.01043	0.01118	0.01304	0.00793	0.00905	0.01323	0.01603	0.02058	0.04849	0.10910	0.25966	0.02861	0.16570	0.00510	0.00873	0.24141	0.00635	0.00668
67	0.02349	0.02669	0.08550	0.01962	0.02516	0.26549	0.10031	0.17869	0.09330	0.02833	0.02052	0.02158	0.05918	0.00894	0.00757	0.00226	0.01055	0.00713	0.00534	0.01036
68	0.01521	0.03923	0.69413	0.02162	0.03283	0.01762	0.02802	0.02402	0.01601	0.02402	0.01361	0.01601	0.00961	0.00721	0.00721	0.00240	0.01121	0.00560	0.00320	0.01121
69	0.00936	0.00756	0.00796	0.00807	0.01007	0.00655	0.00576	0.01104	0.01639	0.02004	0.09435	0.11763	0.51526	0.12058	0.01322	0.00327	0.00437	0.01561	0.00676	0.00616
70	0.02280	0.02465	0.02362	0.14810	0.17266	0.30732	0.01758	0.05090	0.04317	0.04555	0.01406	0.01730	0.01127	0.00813	0.00850	0.00227	0.06203	0.00606	0.00421	0.00982
71	0.01629	0.01549	0.02630	0.42006	0.33204	0.01737	0.02204	0.02110	0.01610	0.02176	0.01383	0.01958	0.01095	0.00722	0.00755	0.00241	0.00963	0.00675	0.00354	0.01001
72	0.01151	0.00718	0.00863	0.00863	0.00863	0.00718	0.00504	0.01077	0.01077	0.01436	0.02149	0.04366	0.02434	0.57445	0.03659	0.18092	0.00718	0.01003	0.00430	0.00430
73	0.01414	0.00707	0.00707	0.00707	0.00884	0.00707	0.00530	0.01767	0.01591	0.02828	0.02474	0.02828	0.01944	0.00884	0.00530	0.00177	0.00353	0.00707	0.77554	0.00707
74	0.01643	0.01411	0.01605	0.01218	0.01837	0.01208	0.00967	0.02387	0.16338	0.02629	0.01739	0.01856	0.01391	0.00667	0.00609	0.00145	0.00570	0.00541	0.00522	0.60717
75	0.02391	0.09194	0.19536	0.01693	0.02401	0.02016	0.01677	0.32687	0.02583	0.10010	0.01794	0.01858	0.01282	0.00838	0.00706	0.00221	0.00851	0.00635	0.06455	0.01172
76	0.00980	0.00751	0.00912	0.01018	0.01176	0.00684	0.00769	0.01185	0.01629	0.02056	0.05546	0.32144	0.30213	0.02131	0.00957	0.00297	0.00476	0.15728	0.00703	0.00644
77	0.01914	0.02021	0.02570	0.29665	0.29997	0.16591	0.02056	0.02330	0.01738	0.02137	0.01342	0.01822	0.01080	0.00730	0.00739	0.00229	0.01044	0.00635	0.00364	0.00994
78	0.02536	0.01162	0.01520	0.01216	0.01690	0.01023	0.00979	0.02923	0.04599	0.41909	0.18555	0.03252	0.03101	0.01053	0.00767	0.00223	0.00555	0.00882	0.03854	0.08200
79	0.01017	0.00719	0.00899	0.00950	0.01028	0.00680	0.00632	0.01179	0.01563	0.02125	0.22226	0.31389	0.07491	0.22540	0.01776	0.00409	0.00499	0.01606	0.00671	0.00601
80	0.01845	0.01769	0.03020	0.09527	0.63994	0.01794	0.02312	0.02299	0.01712	0.02439	0.01421	0.01888	0.01188	0.00682	0.00751	0.00227	0.00909	0.00676	0.00373	0.01175
81	0.01093	0.00760	0.00948	0.00938	0.01000	0.00780	0.00615	0.01218	0.01314	0.01814	0.13955	0.04642	0.03342	0.45430	0.18283	0.00756	0.00960	0.01085	0.00514	0.00554
82	0.01034	0.00831	0.01081	0.01109	0.01230	0.00878	0.00824	0.01225	0.01469	0.01955	0.06599	0.29703	0.21025	0.02860	0.16701	0.00499	0.08190	0.01522	0.00603	0.00662
83	0.78701	0.01467	0.01115	0.00997	0.01467	0.01702	0.00821	0.02230	0.01291	0.03403	0.01056	0.01232	0.00821	0.00704	0.00469	0.00235	0.00587	0.00411	0.00469	0.00821
84	0.02640	0.15640	0.02468	0.01775	0.02252	0.41912	0.01415	0.14259	0.06389	0.02451	0.01388	0.01514	0.01117	0.00797	0.00668	0.00199	0.01126	0.00532	0.00469	0.00990
85	0.10380	0.01720	0.02715	0.06596	0.53324	0.01766	0.02052	0.04863	0.01762	0.02676	0.04046	0.01959	0.01392	0.00726	0.00726	0.00228	0.00846	0.00674	0.00418	0.01130
86	0.01655	0.17565	0.49190	0.02159	0.05465	0.02021	0.07159	0.02375	0.01608	0.02284	0.01316	0.01568	0.00986	0.00699	0.00688	0.00225	0.01063	0.00559	0.00328	0.01087
87	0.01635	0.03177	0.45640	0.02241	0.03175	0.01812	0.13973	0.02695	0.13249	0.02543	0.01698	0.01900	0.01235	0.00760	0.00761	0.00246	0.01058	0.00674	0.00412	0.01117
88	0.01432	0.01348	0.02275	0.71520	0.05224	0.01685	0.02107	0.01938	0.01517	0.01938	0.01348	0.02022	0.01011	0.00758	0.00758	0.00253	0.01011	0.00674	0.00337	0.00843
89	0.02289	0.01988	0.06465	0.23595	0.09338	0.08989	0.01762	0.18641	0.04565	0.12330	0.01753	0.01971	0.01262	0.00825	0.00749	0.00235	0.00934	0.00669	0.00553	0.01087
90	0.01624	0.07321	0.20021	0.06855	0.02590	0.01514	0.10776	0.02105	0.01616	0.09098	0.02498	0.07076	0.09031	0.01656	0.10195	0.00378	0.03352	0.00880	0.00474	0.00939
91	0.01163	0.00880	0.01106	0.01220	0.01362	0.00900	0.00911	0.01700	0.13159	0.02232	0.03949	0.45730	0.04390	0.02074	0.00952	0.00308	0.00528	0.15982	0.00715	0.00738
92	0.01469	0.01466	0.01345	0.01455	0.05679	0.16413	0.01024	0.01710	0.01823	0.02174	0.12750	0.19707	0.18029	0.01659	0.00876	0.00262	0.00691	0.10095	0.00630	0.00743
93	0.02480	0.06982	0.05011	0.05446	0.14195	0.06726	0.05602	0.06822	0.01988	0.26407	0.02117	0.02466	0.01589	0.00912	0.00830	0.00238	0.03752	0.04700	0.00615	0.01120
94	0.02137	0.02284	0.02052	0.01903	0.04789	0.25332	0.01439	0.05357	0.19181	0.02333	0.01737	0.01981	0.01425	0.01332	0.06146	0.00321	0.18124	0.00667	0.00493	0.00968

[dist]
# distance from previous block
# <min> <max>
0	136

[block]
# block no. 4 follows, 26 sequences, length 47
# corresponding to MSA columns:
# 782-828
name=unknown_E
#
# <colnr> <probs for GDERKNQSTAVLIFYWHMCP>
#	G	D	E	R	K	N	Q	S	T	A	V	L	I	F	Y	W	H	M	C	P
0	0.05355	0.00846	0.01029	0.01039	0.01202	0.00815	0.00741	0.04322	0.01751	0.02503	0.24596	0.35754	0.04983	0.06774	0.01089	0.00298	0.00465	0.01586	0.00708	0.04143
1	0.01661	0.28264	0.08109	0.01311	0.01729	0.05441	0.01176	0.01914	0.01586	0.06565	0.02530	0.31339	0.02728	0.01406	0.00738	0.00237	0.00702	0.01181	0.00529	0.00853
2	0.01846	0.05047	0.02056	0.01540	0.02018	0.11406	0.03346	0.04285	0.01635	0.02282	0.01251	0.01572	0.01073	0.00787	0.01036	0.00186	0.17100	0.00525	0.00417	0.40593
3	0.20522	0.21607	0.10105	0.03956	0.02166	0.02192	0.01388	0.11812	0.14293	0.02948	0.01599	0.01688	0.01238	0.00785	0.00613	0.00219	0.00763	0.00560	0.00507	0.01038
4	0.02032	0.15540	0.02755	0.15197	0.24747	0.05741	0.01778	0.05571	0.09989	0.07020	0.01662	0.01915	0.01301	0.00765	0.00702	0.00221	0.00871	0.00643	0.00466	0.01086
5	0.01139	0.00788	0.01094	0.01083	0.01234	0.00865	0.00834	0.01439	0.01451	0.02176	0.14069	0.03439	0.02855	0.04115	0.45792	0.00863	0.01441	0.00896	0.13739	0.00689
6	0.02108	0.66820	0.03793	0.01363	0.01986	0.09694	0.01315	0.02347	0.01602	0.01792	0.01066	0.01232	0.00974	0.00662	0.00506	0.00166	0.00867	0.00414	0.00331	0.00964
7	0.01151	0.00797	0.01010	0.00944	0.01153	0.00722	0.00712	0.01480	0.02084	0.05848	0.56038	0.05778	0.16269	0.01580	0.00889	0.00241	0.00375	0.01380	0.00820	0.00730
8	0.00981	0.00747	0.00875	0.00898	0.01049	0.00686	0.00632	0.01165	0.01613	0.02092	0.16692	0.18851	0.29773	0.13957	0.06201	0.00408	0.00562	0.01529	0.00667	0.00622
9	0.01023	0.00752	0.00958	0.00951	0.01113	0.00687	0.00696	0.01317	0.01962	0.02707	0.48478	0.18710	0.14318	0.01754	0.00909	0.00254	0.00377	0.01550	0.00794	0.00687
10	0.01887	0.01629	0.01715	0.01544	0.01972	0.01887	0.01201	0.04031	0.67241	0.03173	0.03087	0.02830	0.02315	0.01029	0.00772	0.00257	0.00600	0.00858	0.00772	0.01201
11	0.02693	0.02030	0.02169	0.01707	0.02280	0.02263	0.01396	0.54221	0.15738	0.04473	0.02063	0.02014	0.01486	0.00933	0.00761	0.00233	0.00790	0.00716	0.00761	0.01273
12	0.01087	0.00799	0.01148	0.01148	0.01259	0.00910	0.00860	0.01309	0.01198	0.01708	0.02096	0.03338	0.02052	0.17917	0.58322	0.01132	0.01797	0.00865	0.00416	0.00638
13	0.01521	0.03923	0.69413	0.02162	0.03283	0.01762	0.02802	0.02402	0.01601	0.02402	0.01361	0.01601	0.00961	0.00721	0.00721	0.00240	0.01121	0.00560	0.00320	0.01121
14	0.01319	0.01040	0.01244	0.01274	0.01522	0.01082	0.01033	0.02121	0.19679	0.02535	0.10576	0.10964	0.13894	0.01743	0.00929	0.00296	0.00573	0.26621	0.00733	0.00823
15	0.01265	0.00712	0.00795	0.00814	0.00969	0.00693	0.00596	0.01581	0.01673	0.02716	0.15333	0.15401	0.03469	0.01268	0.00675	0.00211	0.00369	0.01083	0.49685	0.00693
16	0.01087	0.00724	0.00790	0.00826	0.01002	0.00662	0.00600	0.01331	0.01649	0.02351	0.09346	0.20543	0.27679	0.01654	0.00791	0.00240	0.00385	0.01414	0.26265	0.00662
17	0.01650	0.01540	0.02582	0.12283	0.48562	0.01573	0.02007	0.02050	0.01651	0.02313	0.01915	0.14722	0.01867	0.00993	0.00791	0.00244	0.00831	0.00943	0.00430	0.01051
18	0.01952	0.16470	0.34402	0.01764	0.02587	0.01932	0.01970	0.02872	0.14308	0.11772	0.01863	0.01902	0.01352	0.00797	0.00692	0.00228	0.00895	0.00616	0.00495	0.01132
19	0.01741	0.01663	0.02833	0.25105	0.49225	0.01766	0.02260	0.02209	0.01663	0.02313	0.01403	0.01922	0.01143	0.00701	0.00753	0.00234	0.00935	0.00675	0.00364	0.01092
20	0.15274	0.02028	0.01900	0.03875	0.02178	0.13359	0.01276	0.23812	0.10599	0.15399	0.01941	0.01918	0.01386	0.00870	0.00701	0.00229	0.00826	0.00641	0.00669	0.01118
21	0.02167	0.01250	0.01984	0.01544	0.02007	0.01105	0.12649	0.02378	0.01686	0.26102	0.02161	0.07117	0.01712	0.01306	0.01266	0.17818	0.00735	0.00808	0.00604	0.13600
22	0.00997	0.00691	0.00859	0.00963	0.00989	0.00665	0.00605	0.01075	0.01310	0.01747	0.03451	0.45207	0.04097	0.31273	0.02146	0.00482	0.00560	0.01727	0.00605	0.00552
23	0.10705	0.01157	0.01393	0.01305	0.01550	0.04173	0.05376	0.05895	0.01645	0.04599	0.02782	0.21816	0.02911	0.10055	0.06520	0.00399	0.00778	0.10282	0.05905	0.00752
24	0.01834	0.15491	0.03119	0.14898	0.45550	0.02012	0.02095	0.02254	0.01657	0.02258	0.01343	0.01775	0.01127	0.00684	0.00702	0.00218	0.00902	0.00624	0.00359	0.01099
25	0.01125	0.00922	0.01297	0.10295	0.08364	0.00911	0.01051	0.01406	0.01699	0.02240	0.15935	0.24738	0.19404	0.01726	0.00895	0.00271	0.00548	0.05792	0.00648	0.00733
26	0.02272	0.27982	0.02898	0.12536	0.02680	0.25567	0.03707	0.05374	0.01851	0.04222	0.01253	0.01510	0.01032	0.00756	0.00703	0.00202	0.03595	0.00526	0.00391	0.00942
27	0.01239	0.00690	0.00948	0.00948	0.00955	0.00696	0.00610	0.01041	0.01035	0.01386	0.01688	0.03173	0.01797	0.25012	0.06394	0.50073	0.00747	0.00806	0.00374	0.00387
28	0.01598	0.01980	0.14267	0.07015	0.12430	0.04841	0.01761	0.01930	0.01385	0.01971	0.01426	0.02326	0.01358	0.14820	0.01965	0.00365	0.26601	0.00724	0.00364	0.00872
29	0.01495	0.01095	0.01384	0.01263	0.01480	0.01225	0.00967	0.15964	0.01728	0.02389	0.02052	0.03097	0.01924	0.17539	0.41874	0.00902	0.01513	0.00839	0.00496	0.00774
30	0.00939	0.00728	0.00855	0.00911	0.01073	0.00645	0.00650	0.01138	0.01699	0.02185	0.17231	0.31921	0.33259	0.02028	0.00923	0.00273	0.00401	0.01771	0.00728	0.00645
31	0.00970	0.00769	0.00855	0.00835	0.01048	0.00672	0.00616	0.01205	0.01828	0.02346	0.27799	0.06590	0.43211	0.06604	0.01095	0.00282	0.00399	0.01490	0.00732	0.00654
32	0.00896	0.00768	0.00768	0.00768	0.01025	0.00640	0.00576	0.01089	0.01729	0.02049	0.07684	0.07300	0.68304	0.01921	0.00896	0.00256	0.00384	0.01601	0.00704	0.00640
33	0.02028	0.73799	0.03975	0.01298	0.01947	0.03001	0.01298	0.02271	0.01541	0.01785	0.01055	0.01217	0.00973	0.00649	0.00487	0.00162	0.00811	0.00406	0.00324	0.00973
34	0.01521	0.03923	0.69413	0.02162	0.03283	0.01762	0.02802	0.02402	0.01601	0.02402	0.01361	0.01601	0.00961	0.00721	0.00721	0.00240	0.01121	0.00560	0.00320	0.01121
35	0.03403	0.01291	0.01760	0.01350	0.01936	0.01115	0.01115	0.03697	0.02171	0.69137	0.02992	0.02582	0.01878	0.00939	0.00763	0.00235	0.00645	0.00763	0.00939	0.01291
36	0.01659	0.01659	0.02323	0.01991	0.01991	0.02323	0.01659	0.01825	0.01162	0.01825	0.00996	0.01659	0.00996	0.01328	0.02489	0.00332	0.71955	0.00664	0.00332	0.00830
37	0.01432	0.01348	0.02275	0.71520	0.05224	0.01685	0.02107	0.01938	0.01517	0.01938	0.01348	0.02022	0.01011	0.00758	0.00758	0.00253	0.01011	0.00674	0.00337	0.00843
38	0.00896	0.00768	0.00768	0.00768	0.01025	0.00640	0.00576	0.01089	0.01729	0.02049	0.07684	0.07300	0.68304	0.01921	0.00896	0.00256	0.00384	0.01601	0.00704	0.00640
39	0.01877	0.01802	0.03079	0.04656	0.68612	0.01802	0.02328	0.02328	0.01727	0.02478	0.01427	0.01877	0.01201	0.00676	0.00751	0.00225	0.00901	0.00676	0.00375	0.01201
40	0.02833	0.03615	0.02149	0.01954	0.02345	0.70298	0.01466	0.03029	0.02149	0.01856	0.01172	0.01368	0.00977	0.00782	0.00684	0.00195	0.01368	0.00489	0.00391	0.00879
41	0.01854	0.16951	0.48441	0.01895	0.02859	0.01918	0.02304	0.02539	0.01661	0.10632	0.01507	0.01651	0.01078	0.00734	0.00681	0.00225	0.01002	0.00556	0.00398	0.01114
42	0.02265	0.02605	0.21604	0.02371	0.15180	0.10356	0.01935	0.17544	0.02216	0.10622	0.01774	0.04983	0.01374	0.00864	0.00747	0.00231	0.00957	0.00697	0.00532	0.01143
43	0.02883	0.02125	0.02276	0.01745	0.02352	0.02352	0.01442	0.66082	0.03566	0.04780	0.01821	0.01821	0.01290	0.00911	0.00759	0.00228	0.00835	0.00683	0.00759	0.01290
44	0.01724	0.01606	0.02684	0.03948	0.55713	0.01595	0.02020	0.02156	0.01807	0.02586	0.14193	0.02602	0.02340	0.00843	0.00778	0.00228	0.00797	0.00809	0.00463	0.01109
45	0.00924	0.00660	0.00880	0.01056	0.01100	0.00616	0.00704	0.01056	0.01452	0.01936	0.04181	0.72848	0.05017	0.02376	0.00968	0.00308	0.00440	0.02156	0.00704	0.00616
46	0.02977	0.01974	0.02183	0.01674	0.02277	0.02129	0.01383	0.54807	0.03314	0.16412	0.02033	0.01959	0.01396	0.00916	0.00760	0.00229	0.00800	0.00697	0.00791	0.01290

[dist]
# distance from previous block
# <min> <max>
0	8

[block]
# block no. 5 follows, 26 sequences, length 45
# corresponding to MSA columns:
# 837-881
name=unknown_F
#
# <colnr> <probs for GDERKNQSTAVLIFYWHMCP>
#	G	D	E	R	K	N	Q	S	T	A	V	L	I	F	Y	W	H	M	C	P
0	0.01580	0.02883	0.39473	0.17779	0.15548	0.01760	0.05790	0.02289	0.01615	0.02316	0.01379	0.01766	0.01025	0.00717	0.00743	0.00241	0.01065	0.00623	0.00337	0.01070
1	0.01543	0.01509	0.01512	0.04445	0.01679	0.15235	0.01079	0.01723	0.01383	0.01722	0.01771	0.02937	0.01765	0.21525	0.25930	0.00714	0.11639	0.00795	0.00403	0.00691
2	0.01432	0.01348	0.02275	0.71520	0.05224	0.01685	0.02107	0.01938	0.01517	0.01938	0.01348	0.02022	0.01011	0.00758	0.00758	0.00253	0.01011	0.00674	0.00337	0.00843
3	0.00924	0.00660	0.00880	0.01056	0.01100	0.00616	0.00704	0.01056	0.01452	0.01936	0.04181	0.72848	0.05017	0.02376	0.00968	0.00308	0.00440	0.02156	0.00704	0.00616
4	0.00924	0.00660	0.00880	0.01056	0.01100	0.00616	0.00704	0.01056	0.01452	0.01936	0.04181	0.72848	0.05017	0.02376	0.00968	0.00308	0.00440	0.02156	0.00704	0.00616
5	0.00908	0.00724	0.00815	0.00887	0.01056	0.00630	0.00629	0.01075	0.01614	0.02002	0.06234	0.34428	0.42112	0.02109	0.00926	0.00278	0.00407	0.01831	0.00704	0.00630
6	0.01887	0.01629	0.01715	0.01544	0.01972	0.01887	0.01201	0.04031	0.67241	0.03173	0.03087	0.02830	0.02315	0.01029	0.00772	0.00257	0.00600	0.00858	0.00772	0.01201
7	0.78701	0.01467	0.01115	0.00997	0.01467	0.01702	0.00821	0.02230	0.01291	0.03403	0.01056	0.01232	0.00821	0.00704	0.00469	0.00235	0.00587	0.00411	0.00469	0.00821
8	0.01887	0.01629	0.01715	0.01544	0.01972	0.01887	0.01201	0.04031	0.67241	0.03173	0.03087	0.02830	0.02315	0.01029	0.00772	0.00257	0.00600	0.00858	0.00772	0.01201
9	0.01573	0.01348	0.01573	0.01123	0.01798	0.01011	0.00899	0.01910	0.01573	0.02472	0.01348	0.01573	0.01123	0.00562	0.00562	0.00112	0.00562	0.00449	0.00449	0.77980
10	0.00924	0.00660	0.00880	0.01056	0.01100	0.00616	0.00704	0.01056	0.01452	0.01936	0.04181	0.72848	0.05017	0.02376	0.00968	0.00308	0.00440	0.02156	0.00704	0.00616
11	0.01764	0.01967	0.04038	0.02952	0.03563	0.02001	0.52794	0.02307	0.01662	0.02307	0.01425	0.01967	0.01119	0.00779	0.01219	0.00271	0.15659	0.00848	0.00373	0.00984
12	0.02833	0.03615	0.02149	0.01954	0.02345	0.70298	0.01466	0.03029	0.02149	0.01856	0.01172	0.01368	0.00977	0.00782	0.00684	0.00195	0.01368	0.00489	0.00391	0.00879
13	0.02842	0.03355	0.02172	0.01918	0.02346	0.58457	0.01461	0.14017	0.02396	0.02366	0.01285	0.01447	0.01032	0.00804	0.00697	0.00201	0.01275	0.00522	0.00455	0.00951
14	0.00924	0.00660	0.00880	0.01056	0.01100	0.00616	0.00704	0.01056	0.01452	0.01936	0.04181	0.72848	0.05017	0.02376	0.00968	0.00308	0.00440	0.02156	0.00704	0.00616
15	0.01728	0.01654	0.02791	0.25223	0.45577	0.01793	0.02225	0.02181	0.01633	0.02277	0.01380	0.01911	0.01132	0.00735	0.00842	0.00239	0.04570	0.00675	0.00361	0.01071
16	0.01521	0.03923	0.69413	0.02162	0.03283	0.01762	0.02802	0.02402	0.01601	0.02402	0.01361	0.01601	0.00961	0.00721	0.00721	0.00240	0.01121	0.00560	0.00320	0.01121
17	0.00924	0.00660	0.00880	0.01056	0.01100	0.00616	0.00704	0.01056	0.01452	0.01936	0.04181	0.72848	0.05017	0.02376	0.00968	0.00308	0.00440	0.02156	0.00704	0.00616
18	0.01318	0.00659	0.00988	0.00988	0.00988	0.00659	0.00659	0.00988	0.00988	0.01318	0.01318	0.02306	0.01318	0.02635	0.02964	0.77931	0.00659	0.00659	0.00329	0.00329
19	0.03162	0.01678	0.02000	0.01533	0.02130	0.01690	0.01267	0.32695	0.02820	0.39223	0.02448	0.02228	0.01604	0.00926	0.00761	0.00231	0.00733	0.00726	0.00855	0.01290
20	0.00924	0.00660	0.00880	0.01056	0.01100	0.00616	0.00704	0.01056	0.01452	0.01936	0.04181	0.72848	0.05017	0.02376	0.00968	0.00308	0.00440	0.02156	0.00704	0.00616
21	0.00924	0.00660	0.00880	0.01056	0.01100	0.00616	0.00704	0.01056	0.01452	0.01936	0.04181	0.72848	0.05017	0.02376	0.00968	0.00308	0.00440	0.02156	0.00704	0.00616
22	0.02833	0.03615	0.02149	0.01954	0.02345	0.70298	0.01466	0.03029	0.02149	0.01856	0.01172	0.01368	0.00977	0.00782	0.00684	0.00195	0.01368	0.00489	0.00391	0.00879
23	0.01103	0.00735	0.00827	0.00827	0.00827	0.00735	0.00460	0.01103	0.01103	0.01471	0.02390	0.04964	0.02758	0.73343	0.03861	0.00735	0.00735	0.01103	0.00460	0.00460
24	0.00924	0.00660	0.00880	0.01056	0.01100	0.00616	0.00704	0.01056	0.01452	0.01936	0.04181	0.72848	0.05017	0.02376	0.00968	0.00308	0.00440	0.02156	0.00704	0.00616
25	0.01124	0.00777	0.00976	0.01011	0.01071	0.00800	0.00700	0.01242	0.01254	0.01684	0.02658	0.05349	0.02935	0.47056	0.14873	0.00741	0.00954	0.13750	0.00499	0.00546
26	0.01573	0.01348	0.01573	0.01123	0.01798	0.01011	0.00899	0.01910	0.01573	0.02472	0.01348	0.01573	0.01123	0.00562	0.00562	0.00112	0.00562	0.00449	0.00449	0.77980
27	0.01743	0.02728	0.34423	0.02416	0.16102	0.01724	0.02163	0.11864	0.04478	0.02823	0.06219	0.02366	0.05844	0.00883	0.00757	0.00237	0.00917	0.00733	0.00472	0.01109
28	0.00955	0.00750	0.00863	0.00878	0.01071	0.00658	0.00642	0.01185	0.01802	0.02324	0.25081	0.19164	0.38136	0.01896	0.00909	0.00261	0.00387	0.01637	0.00743	0.00658
29	0.01103	0.00735	0.00827	0.00827	0.00827	0.00735	0.00460	0.01103	0.01103	0.01471	0.02390	0.04964	0.02758	0.73343	0.03861	0.00735	0.00735	0.01103	0.00460	0.00460
30	0.02816	0.16538	0.02516	0.01573	0.02185	0.02231	0.01346	0.40339	0.02869	0.17334	0.01905	0.01854	0.01346	0.00863	0.00704	0.00216	0.00791	0.00643	0.00707	0.01226
31	0.02873	0.02428	0.02251	0.01788	0.02351	0.16177	0.01447	0.53253	0.03278	0.04185	0.01689	0.01729	0.01226	0.00884	0.00744	0.00221	0.00943	0.00643	0.00684	0.01206
32	0.02938	0.02037	0.02222	0.01704	0.02309	0.02222	0.01407	0.59534	0.03420	0.11536	0.01944	0.01901	0.01352	0.00914	0.00759	0.00228	0.00815	0.00691	0.00778	0.01290
33	0.01855	0.09661	0.50839	0.01940	0.02912	0.01784	0.02354	0.02649	0.04542	0.12045	0.01645	0.01763	0.01154	0.00759	0.00708	0.00233	0.01002	0.00589	0.00430	0.01136
34	0.01521	0.03923	0.69413	0.02162	0.03283	0.01762	0.02802	0.02402	0.01601	0.02402	0.01361	0.01601	0.00961	0.00721	0.00721	0.00240	0.01121	0.00560	0.00320	0.01121
35	0.01103	0.00735	0.00827	0.00827	0.00827	0.00735	0.00460	0.01103	0.01103	0.01471	0.02390	0.04964	0.02758	0.73343	0.03861	0.00735	0.00735	0.01103	0.00460	0.00460
36	0.01624	0.18141	0.56098	0.01986	0.03011	0.02014	0.02496	0.02375	0.01589	0.02276	0.01299	0.01523	0.00963	0.00706	0.00673	0.00224	0.01058	0.00529	0.00321	0.01091
37	0.06312	0.02066	0.05331	0.01784	0.02211	0.15655	0.06295	0.06076	0.12658	0.12737	0.02104	0.02670	0.01714	0.01052	0.01020	0.00258	0.11195	0.07272	0.00580	0.01010
38	0.01052	0.01143	0.10329	0.01203	0.01429	0.00807	0.01020	0.01345	0.01634	0.02251	0.17377	0.45699	0.04883	0.01960	0.00922	0.00286	0.00529	0.04741	0.00679	0.00710
39	0.01103	0.00735	0.00827	0.00827	0.00827	0.00735	0.00460	0.01103	0.01103	0.01471	0.02390	0.04964	0.02758	0.73343	0.03861	0.00735	0.00735	0.01103	0.00460	0.00460
40	0.02143	0.43944	0.14919	0.01614	0.02280	0.19736	0.01602	0.02485	0.01705	0.01910	0.01138	0.01322	0.00972	0.00695	0.00577	0.00184	0.01005	0.00453	0.00340	0.00975
41	0.01332	0.00840	0.01036	0.01059	0.01239	0.00779	0.00755	0.04836	0.01691	0.10232	0.04538	0.43938	0.17206	0.05467	0.01058	0.00305	0.00489	0.01745	0.00724	0.00731
42	0.01827	0.01563	0.02200	0.01756	0.02218	0.01639	0.14696	0.15544	0.21108	0.03305	0.21932	0.03306	0.03306	0.01079	0.00832	0.00245	0.00718	0.00983	0.00706	0.01037
43	0.39486	0.01718	0.01774	0.01941	0.15337	0.05414	0.01276	0.08141	0.09659	0.06407	0.01544	0.01681	0.01180	0.00771	0.00614	0.00233	0.00718	0.00564	0.00531	0.01011
44	0.14335	0.01423	0.01514	0.01240	0.01730	0.04892	0.04216	0.02246	0.11144	0.05818	0.03148	0.03132	0.17359	0.01012	0.00690	0.00206	0.00612	0.00818	0.00578	0.23888

[dist]
# distance from previous block
# <min> <max>
1	18

[block]
# block no. 6 follows, 26 sequences, length 42
# corresponding to MSA columns:
# 900-941
name=unknown_G
#
# <colnr> <probs for GDERKNQSTAVLIFYWHMCP>
#	G	D	E	R	K	N	Q	S	T	A	V	L	I	F	Y	W	H	M	C	P
0	0.01629	0.05124	0.10415	0.33895	0.25165	0.01835	0.02192	0.02126	0.01572	0.02152	0.01338	0.01865	0.01064	0.00761	0.00856	0.00244	0.05775	0.00648	0.00347	0.00996
1	0.02384	0.03231	0.13575	0.02263	0.02869	0.40155	0.16468	0.05898	0.02048	0.02220	0.01318	0.01584	0.01030	0.00745	0.00742	0.00218	0.01281	0.00603	0.00396	0.00972
2	0.01727	0.01356	0.01764	0.01557	0.01871	0.04415	0.08559	0.16436	0.02068	0.05695	0.03028	0.29006	0.03178	0.05157	0.01044	0.00302	0.00733	0.10578	0.00663	0.00865
3	0.04297	0.02694	0.28949	0.05114	0.12845	0.03977	0.12910	0.07362	0.06807	0.05382	0.01616	0.01863	0.01191	0.00750	0.00755	0.00240	0.01021	0.00671	0.00439	0.01115
4	0.00896	0.00768	0.00768	0.00768	0.01025	0.00640	0.00576	0.01089	0.01729	0.02049	0.07684	0.07300	0.68304	0.01921	0.00896	0.00256	0.00384	0.01601	0.00704	0.00640
5	0.00974	0.00771	0.00876	0.00850	0.01072	0.00673	0.00637	0.01239	0.01912	0.02483	0.34158	0.06585	0.41559	0.01759	0.00896	0.00248	0.00373	0.01501	0.00761	0.00673
6	0.09084	0.01614	0.05109	0.01665	0.06485	0.01570	0.01291	0.03554	0.29558	0.27751	0.02679	0.02474	0.01880	0.00928	0.00738	0.00244	0.00662	0.00757	0.00759	0.01198
7	0.01515	0.01508	0.02780	0.55830	0.04935	0.01739	0.16746	0.02051	0.01580	0.02051	0.01391	0.02028	0.01043	0.00731	0.00790	0.00253	0.01073	0.00725	0.00348	0.00884
8	0.00953	0.00672	0.00872	0.01019	0.01056	0.00635	0.00665	0.01064	0.01396	0.01861	0.03891	0.61863	0.04651	0.13860	0.01436	0.00377	0.00488	0.01986	0.00665	0.00591
9	0.01659	0.01659	0.02323	0.01991	0.01991	0.02323	0.01659	0.01825	0.01162	0.01825	0.00996	0.01659	0.00996	0.01328	0.02489	0.00332	0.71955	0.00664	0.00332	0.00830
10	0.12572	0.01923	0.12725	0.18288	0.12205	0.01745	0.01773	0.04733	0.16730	0.07208	0.01846	0.02042	0.01370	0.00812	0.00714	0.00243	0.00829	0.00668	0.00512	0.01061
11	0.00909	0.00769	0.00786	0.00782	0.01032	0.00646	0.00586	0.01113	0.01759	0.02121	0.12079	0.07181	0.63864	0.01894	0.00896	0.00255	0.00382	0.01584	0.00714	0.00646
12	0.00924	0.00660	0.00880	0.01056	0.01100	0.00616	0.00704	0.01056	0.01452	0.01936	0.04181	0.72848	0.05017	0.02376	0.00968	0.00308	0.00440	0.02156	0.00704	0.00616
13	0.01535	0.01452	0.02460	0.56165	0.19781	0.01712	0.02157	0.02028	0.01565	0.02062	0.01366	0.01989	0.01055	0.00739	0.00757	0.00246	0.00986	0.00674	0.00346	0.00925
14	0.01573	0.01348	0.01573	0.01123	0.01798	0.01011	0.00899	0.01910	0.01573	0.02472	0.01348	0.01573	0.01123	0.00562	0.00562	0.00112	0.00562	0.00449	0.00449	0.77980
15	0.01103	0.00735	0.00827	0.00827	0.00827	0.00735	0.00460	0.01103	0.01103	0.01471	0.02390	0.04964	0.02758	0.73343	0.03861	0.00735	0.00735	0.01103	0.00460	0.00460
16	0.01222	0.00873	0.01222	0.01397	0.01572	0.00873	0.01222	0.01572	0.01746	0.02270	0.04016	0.08556	0.04365	0.02095	0.01048	0.00349	0.00698	0.63506	0.00698	0.00698
