[name]
unknown

[dist]
# distance from previous block
# <min> <max>
5	143

[block]
# block no. 0 follows, 28 sequences, length 15
# corresponding to MSA columns:
# 143-157
name=unknown_A
#
# <colnr> <probs for GDERKNQSTAVLIFYWHMCP>
#	G	D	E	R	K	N	Q	S	T	A	V	L	I	F	Y	W	H	M	C	P
0	0.01970	0.03805	0.12029	0.10416	0.18075	0.04715	0.07217	0.09000	0.01852	0.12107	0.01788	0.05489	0.01409	0.00817	0.00717	0.00223	0.00855	0.00720	0.05771	0.01028
1	0.01043	0.00761	0.01076	0.01076	0.01174	0.00858	0.00793	0.01239	0.01141	0.01619	0.02032	0.03324	0.02020	0.22432	0.54871	0.01054	0.01641	0.00847	0.00402	0.00598
2	0.00967	0.00679	0.00841	0.00927	0.00976	0.00649	0.00605	0.01070	0.01330	0.01768	0.07059	0.38984	0.07243	0.28550	0.01936	0.00440	0.00529	0.04306	0.00596	0.00545
3	0.04644	0.01709	0.04701	0.04953	0.08242	0.11965	0.11644	0.04741	0.04080	0.02290	0.08274	0.15523	0.07953	0.01184	0.00870	0.00243	0.04595	0.01033	0.00511	0.00844
4	0.02099	0.06989	0.09010	0.15757	0.11645	0.17364	0.05208	0.08422	0.01867	0.09136	0.01501	0.01849	0.01167	0.03917	0.00825	0.00236	0.00981	0.00617	0.00440	0.00971
5	0.01217	0.00982	0.01328	0.01166	0.01391	0.00965	0.07478	0.04504	0.07962	0.02274	0.18451	0.10653	0.15067	0.21445	0.01626	0.00371	0.00586	0.01224	0.00616	0.00697
6	0.01072	0.00839	0.00986	0.01020	0.01180	0.00847	0.00729	0.01549	0.12874	0.02068	0.06797	0.31033	0.18785	0.08713	0.07696	0.00391	0.00600	0.01493	0.00643	0.00687
7	0.07104	0.01897	0.02369	0.02528	0.21371	0.15483	0.11650	0.04954	0.01797	0.02369	0.07047	0.02659	0.07747	0.00927	0.00825	0.00229	0.04401	0.03264	0.00457	0.00923
8	0.12848	0.07951	0.14947	0.08296	0.10780	0.01626	0.09104	0.02283	0.01589	0.12058	0.05093	0.02049	0.01467	0.03926	0.00854	0.00246	0.02801	0.00658	0.00459	0.00965
9	0.45393	0.01421	0.01490	0.01533	0.10804	0.01538	0.01061	0.07898	0.01666	0.11813	0.07683	0.01871	0.01565	0.00792	0.00584	0.00223	0.00611	0.00579	0.00551	0.00924
10	0.01022	0.00783	0.01004	0.01151	0.04208	0.00748	0.00782	0.01312	0.05060	0.02099	0.12598	0.38097	0.15315	0.05525	0.01033	0.00296	0.00466	0.07174	0.00668	0.00660
11	0.10673	0.04652	0.04536	0.01923	0.10968	0.10377	0.05788	0.09989	0.03970	0.04515	0.10502	0.05633	0.02035	0.00942	0.00839	0.00224	0.06738	0.00751	0.00512	0.04433
12	0.01687	0.01533	0.04460	0.04698	0.07877	0.07713	0.01206	0.17422	0.04421	0.02666	0.07905	0.23278	0.02804	0.05037	0.03649	0.00301	0.00754	0.01127	0.00592	0.00870
13	0.01291	0.01073	0.01258	0.04909	0.06660	0.07490	0.00945	0.01499	0.01545	0.04641	0.11669	0.34355	0.03691	0.08246	0.06964	0.00373	0.00715	0.01392	0.00586	0.00698
14	0.08960	0.07737	0.02182	0.09131	0.07740	0.05175	0.07011	0.20746	0.05646	0.02924	0.01651	0.02055	0.01334	0.06945	0.00919	0.00255	0.00802	0.00661	0.07166	0.00959

[dist]
# distance from previous block
# <min> <max>
4	61

[block]
# block no. 1 follows, 28 sequences, length 26
# corresponding to MSA columns:
# 222-247
name=unknown_B
#
# <colnr> <probs for GDERKNQSTAVLIFYWHMCP>
#	G	D	E	R	K	N	Q	S	T	A	V	L	I	F	Y	W	H	M	C	P
0	0.01754	0.05594	0.14399	0.02363	0.13779	0.06509	0.14592	0.06781	0.01756	0.04778	0.05021	0.10520	0.01806	0.00958	0.00875	0.00237	0.06010	0.00849	0.00452	0.00967
1	0.01626	0.01268	0.01656	0.01427	0.01674	0.04678	0.06412	0.06537	0.04977	0.09166	0.05537	0.07754	0.04887	0.12822	0.16049	0.00509	0.10771	0.00923	0.00530	0.00799
2	0.01711	0.07133	0.43347	0.01980	0.02807	0.10549	0.07502	0.06656	0.01729	0.02327	0.01501	0.06695	0.01236	0.00813	0.00707	0.00226	0.01035	0.00663	0.00375	0.01006
3	0.05087	0.05137	0.02478	0.02202	0.13393	0.06961	0.07986	0.33042	0.05757	0.08259	0.01694	0.01799	0.01247	0.00791	0.00714	0.00218	0.00856	0.00653	0.00592	0.01136
4	0.01586	0.01339	0.03806	0.01380	0.01750	0.01309	0.07841	0.17839	0.06822	0.02818	0.11568	0.03986	0.14924	0.08979	0.04515	0.00330	0.00722	0.04235	0.03395	0.00855
5	0.00968	0.00674	0.00850	0.00947	0.00982	0.00656	0.00614	0.01060	0.01266	0.01691	0.03262	0.42162	0.03837	0.29927	0.04848	0.00488	0.00601	0.04054	0.00574	0.00539
6	0.00879	0.00687	0.00798	0.00875	0.01021	0.00606	0.00616	0.01043	0.01548	0.01954	0.08500	0.38797	0.36026	0.02033	0.00892	0.00268	0.00393	0.01778	0.00680	0.00606
7	0.07633	0.01683	0.01883	0.01832	0.10995	0.06101	0.01298	0.26506	0.02205	0.03209	0.01624	0.01870	0.01268	0.00872	0.00892	0.00220	0.11054	0.00626	0.17244	0.00986
8	0.76628	0.01399	0.01092	0.00969	0.01423	0.01609	0.00798	0.02191	0.01270	0.05866	0.01084	0.01231	0.00826	0.00683	0.00461	0.00225	0.00564	0.00407	0.00467	0.00805
9	0.01445	0.00999	0.01188	0.01097	0.01375	0.00972	0.00875	0.12273	0.02080	0.07573	0.23244	0.08958	0.21098	0.01564	0.00856	0.00252	0.00503	0.12122	0.00735	0.00789
10	0.01045	0.00754	0.01044	0.01044	0.01131	0.00841	0.00754	0.01218	0.01131	0.01595	0.02061	0.03485	0.02091	0.28298	0.49101	0.01015	0.01536	0.00871	0.00406	0.00580
11	0.01263	0.00631	0.00947	0.00947	0.00947	0.00631	0.00631	0.00947	0.00947	0.01263	0.01263	0.02210	0.01263	0.02525	0.02841	0.78851	0.00631	0.00631	0.00316	0.00316
12	0.01866	0.01219	0.01427	0.01237	0.01585	0.01267	0.00961	0.10092	0.21895	0.15434	0.23465	0.06593	0.03602	0.04886	0.00931	0.00259	0.00537	0.01005	0.00768	0.00972
13	0.00900	0.00658	0.00820	0.00942	0.01013	0.00607	0.00629	0.01022	0.01398	0.01823	0.04364	0.55278	0.15178	0.10270	0.01226	0.00333	0.00445	0.01867	0.00649	0.00577
14	0.07675	0.01299	0.01407	0.01159	0.01531	0.01367	0.00913	0.25238	0.02196	0.13498	0.02117	0.02500	0.01660	0.10808	0.01047	0.00271	0.00610	0.00709	0.23058	0.00936
15	0.30147	0.01369	0.01386	0.01141	0.01594	0.01457	0.00932	0.16730	0.01968	0.19301	0.01864	0.01895	0.01325	0.00803	0.00588	0.00213	0.00586	0.00583	0.15146	0.00972
16	0.01083	0.00795	0.00985	0.01057	0.01181	0.00779	0.00745	0.07833	0.01617	0.02138	0.04041	0.55593	0.11447	0.02246	0.04474	0.00326	0.00532	0.01798	0.00666	0.00662
17	0.02060	0.06458	0.01951	0.01684	0.07230	0.04168	0.01248	0.12381	0.17393	0.13162	0.02359	0.06831	0.04199	0.04592	0.01095	0.00263	0.10481	0.00816	0.00613	0.01015
18	0.01005	0.00702	0.00863	0.00936	0.01074	0.00628	0.00659	0.01174	0.01559	0.05307	0.10418	0.44973	0.23998	0.02015	0.00892	0.00272	0.00409	0.01781	0.00696	0.00637
19	0.01050	0.00781	0.00967	0.01037	0.01172	0.00755	0.00747	0.04448	0.04543	0.02213	0.12918	0.45793	0.12929	0.01977	0.00897	0.00277	0.00445	0.05689	0.00696	0.00667
20	0.04261	0.02134	0.07592	0.08125	0.11124	0.13832	0.14620	0.09725	0.01793	0.02364	0.01343	0.01748	0.01083	0.01076	0.05255	0.00293	0.11637	0.00649	0.00398	0.00947
21	0.08588	0.03871	0.04968	0.04486	0.17444	0.07106	0.03470	0.04049	0.01604	0.07127	0.01654	0.02315	0.01429	0.06064	0.03848	0.04100	0.00832	0.03876	0.03113	0.10057
22	0.06848	0.13097	0.08595	0.08837	0.04700	0.19143	0.01470	0.09694	0.04571	0.02404	0.04596	0.01712	0.01319	0.00776	0.00701	0.00202	0.03475	0.00562	0.00435	0.06864
23	0.01444	0.07825	0.01572	0.11002	0.06075	0.03890	0.01060	0.01698	0.01562	0.09013	0.03683	0.08870	0.23355	0.04828	0.10576	0.00379	0.00815	0.01043	0.00537	0.00773
24	0.07632	0.01974	0.07548	0.02303	0.17923	0.13501	0.08210	0.07080	0.01801	0.02459	0.07290	0.04827	0.04411	0.03412	0.00887	0.00240	0.03792	0.00765	0.03025	0.00921
25	0.01718	0.15401	0.02379	0.04572	0.02155	0.06385	0.11369	0.10867	0.04428	0.02368	0.02766	0.05623	0.14402	0.01083	0.00815	0.00226	0.04272	0.04730	0.00506	0.03932

[dist]
# distance from previous block
# <min> <max>
22	171

[block]
# block no. 2 follows, 28 sequences, length 9
# corresponding to MSA columns:
# 458-466
name=unknown_C
#
# <colnr> <probs for GDERKNQSTAVLIFYWHMCP>
#	G	D	E	R	K	N	Q	S	T	A	V	L	I	F	Y	W	H	M	C	P
0	0.12204	0.08027	0.04999	0.05159	0.05797	0.12437	0.01200	0.11256	0.04595	0.02593	0.02203	0.10590	0.06503	0.01014	0.00667	0.00218	0.00741	0.00800	0.08121	0.00876
1	0.04873	0.01415	0.04856	0.01430	0.04114	0.04117	0.05343	0.09351	0.04712	0.07855	0.09868	0.02980	0.02274	0.17516	0.07438	0.00399	0.00825	0.00810	0.00543	0.09280
2	0.05382	0.01461	0.06061	0.04658	0.04919	0.01427	0.01202	0.13808	0.10749	0.05234	0.05743	0.03017	0.08772	0.01248	0.04112	0.00272	0.04423	0.03662	0.09815	0.04037
3	0.01168	0.00732	0.00917	0.00925	0.01072	0.00674	0.00658	0.01362	0.01627	0.07335	0.22411	0.26654	0.12572	0.07977	0.01168	0.03505	0.00434	0.01436	0.06723	0.00652
4	0.01681	0.01588	0.01840	0.02204	0.21649	0.11639	0.01334	0.04054	0.07147	0.02383	0.07303	0.12941	0.02355	0.01060	0.00731	0.00216	0.00720	0.03725	0.05315	0.10113
5	0.55093	0.01274	0.01126	0.00984	0.01399	0.01392	0.00788	0.02205	0.01386	0.14117	0.01821	0.02071	0.05312	0.07441	0.00815	0.00269	0.00573	0.00579	0.00537	0.00820
6	0.01100	0.01085	0.09138	0.01042	0.01202	0.00874	0.00828	0.01267	0.01142	0.01587	0.02084	0.03881	0.02224	0.47746	0.21054	0.00770	0.01072	0.00923	0.00411	0.00570
7	0.02219	0.01343	0.01599	0.04889	0.01865	0.01397	0.01094	0.25779	0.02283	0.18604	0.02442	0.07695	0.02081	0.09751	0.01100	0.00290	0.00681	0.06896	0.07012	0.00980
8	0.01597	0.01806	0.11141	0.01799	0.09999	0.07259	0.04659	0.06829	0.01747	0.02373	0.02385	0.09072	0.08868	0.01009	0.00720	0.00205	0.00750	0.05005	0.00483	0.22294

[dist]
# distance from previous block
# <min> <max>
2	3

[block]
# block no. 3 follows, 28 sequences, length 23
# corresponding to MSA columns:
# 470-492
name=unknown_D
#
# <colnr> <probs for GDERKNQSTAVLIFYWHMCP>
#	G	D	E	R	K	N	Q	S	T	A	V	L	I	F	Y	W	H	M	C	P
0	0.02112	0.09023	0.09347	0.10541	0.07023	0.14023	0.04618	0.09138	0.01847	0.12631	0.01666	0.02126	0.01343	0.10209	0.01073	0.00276	0.00922	0.00655	0.00479	0.00948
1	0.05316	0.11625	0.08361	0.10331	0.06518	0.11010	0.01365	0.04499	0.01644	0.09012	0.01777	0.02117	0.04834	0.04894	0.00959	0.05515	0.00823	0.00623	0.00443	0.08334
2	0.06339	0.01278	0.05711	0.10015	0.01937	0.01228	0.01098	0.10832	0.06654	0.02397	0.02422	0.23099	0.02479	0.11804	0.05020	0.00361	0.00732	0.01101	0.00545	0.04949
3	0.01349	0.00867	0.01164	0.01112	0.01291	0.00914	0.00837	0.01661	0.04992	0.10528	0.08726	0.11869	0.05684	0.12142	0.30918	0.00693	0.02930	0.01040	0.00560	0.00723
4	0.05396	0.04130	0.18668	0.04591	0.05292	0.04380	0.01592	0.16802	0.10133	0.07223	0.05968	0.02019	0.01598	0.00814	0.00688	0.00213	0.00793	0.00645	0.00544	0.08511
5	0.02388	0.09155	0.01858	0.01240	0.01825	0.03978	0.01028	0.02760	0.04978	0.32316	0.02030	0.01947	0.01429	0.00736	0.00630	0.00174	0.00631	0.00579	0.00637	0.29682
6	0.02502	0.02486	0.01944	0.01683	0.02123	0.32850	0.01307	0.16701	0.21222	0.07049	0.01884	0.01872	0.01417	0.00852	0.00699	0.00213	0.00952	0.00624	0.00585	0.01037
7	0.01339	0.00880	0.01005	0.00923	0.01200	0.00796	0.00707	0.05972	0.01882	0.10955	0.17591	0.10667	0.38040	0.01596	0.00829	0.00240	0.00428	0.01348	0.02855	0.00748
8	0.01200	0.00993	0.01483	0.01360	0.01584	0.00964	0.10513	0.06984	0.04187	0.02213	0.03731	0.47979	0.10222	0.01822	0.00887	0.00275	0.00572	0.01669	0.00637	0.00726
9	0.02536	0.01826	0.02008	0.01560	0.02084	0.01999	0.01283	0.50760	0.04493	0.07645	0.01801	0.01844	0.01303	0.00876	0.00792	0.00215	0.04667	0.00649	0.05590	0.06070
10	0.01613	0.01376	0.01468	0.01359	0.01710	0.01556	0.01041	0.03270	0.54596	0.02802	0.03460	0.11948	0.08220	0.01219	0.00773	0.00253	0.00539	0.01037	0.00726	0.01036
11	0.00945	0.00638	0.00823	0.00970	0.01028	0.00601	0.00654	0.01098	0.01408	0.01963	0.03800	0.65002	0.04437	0.02097	0.00875	0.00279	0.00411	0.01891	0.10477	0.00601
12	0.02161	0.01683	0.01911	0.01593	0.01977	0.03669	0.01314	0.39500	0.02540	0.03422	0.01916	0.02672	0.01640	0.01733	0.11368	0.00384	0.10300	0.08595	0.00609	0.01013
13	0.30396	0.01256	0.01390	0.01127	0.01619	0.01240	0.00926	0.02902	0.01738	0.41359	0.02167	0.02030	0.01442	0.00815	0.00614	0.00221	0.00578	0.00606	0.06540	0.01034
14	0.00942	0.00747	0.00856	0.00912	0.01087	0.00681	0.00666	0.01216	0.04919	0.02045	0.09304	0.30143	0.36534	0.01940	0.00885	0.00267	0.00412	0.05120	0.00685	0.00639
15	0.01825	0.02261	0.08582	0.02910	0.06477	0.10408	0.51797	0.02393	0.01743	0.02261	0.01412	0.01844	0.01072	0.00637	0.00815	0.00236	0.01210	0.00778	0.00364	0.00978
16	0.01153	0.00871	0.00944	0.00890	0.01165	0.00800	0.00679	0.01598	0.09992	0.06551	0.16083	0.05943	0.47417	0.01622	0.00836	0.00242	0.00406	0.01362	0.00716	0.00730
17	0.01302	0.01233	0.01304	0.01473	0.07146	0.12342	0.00983	0.01504	0.01476	0.01847	0.02925	0.32887	0.06500	0.02740	0.20288	0.00508	0.01021	0.01303	0.00521	0.00696
18	0.01525	0.00992	0.01343	0.09933	0.01772	0.01060	0.00986	0.01837	0.04457	0.14003	0.11578	0.08888	0.08427	0.13919	0.09717	0.00434	0.06751	0.01021	0.00588	0.00769
19	0.00906	0.00664	0.00853	0.00983	0.01068	0.00612	0.00682	0.01065	0.01488	0.01959	0.09018	0.56798	0.13901	0.02149	0.00917	0.00286	0.00421	0.04943	0.00683	0.00604
20	0.00935	0.00723	0.00929	0.01103	0.04464	0.00660	0.00721	0.01108	0.01525	0.01989	0.09645	0.47521	0.21967	0.02022	0.00894	0.00273	0.00424	0.01799	0.00668	0.00632
21	0.29030	0.03801	0.06903	0.06809	0.12368	0.16033	0.01406	0.05828	0.01650	0.02623	0.01190	0.01434	0.00945	0.00690	0.00592	0.00207	0.00844	0.00492	0.00412	0.06744
22	0.02178	0.13114	0.06015	0.10325	0.09640	0.20714	0.01503	0.05506	0.06846	0.10746	0.01880	0.02002	0.04842	0.00814	0.00674	0.00208	0.00914	0.00625	0.00479	0.00976

[dist]
# distance from previous block
# <min> <max>
4	18

[block]
# block no. 4 follows, 28 sequences, length 6
# corresponding to MSA columns:
# 512-517
name=unknown_E
#
# <colnr> <probs for GDERKNQSTAVLIFYWHMCP>
#	G	D	E	R	K	N	Q	S	T	A	V	L	I	F	Y	W	H	M	C	P
0	0.05209	0.10300	0.13921	0.04325	0.09181	0.01831	0.04483	0.13064	0.06957	0.02569	0.01636	0.04692	0.01375	0.01453	0.10000	0.00351	0.06542	0.00684	0.00452	0.00977
1	0.01817	0.10689	0.10306	0.04337	0.04758	0.10584	0.09993	0.05214	0.08240	0.05276	0.01955	0.10760	0.01782	0.01032	0.00868	0.00239	0.06476	0.04263	0.00478	0.00930
2	0.01299	0.01023	0.01345	0.01573	0.11809	0.01014	0.00988	0.08720	0.04501	0.02355	0.08765	0.30304	0.15757	0.01690	0.00953	0.04573	0.00534	0.01405	0.00625	0.00768
3	0.01738	0.07350	0.15422	0.05327	0.07494	0.09415	0.04495	0.04673	0.01667	0.07459	0.02298	0.09644	0.08417	0.01227	0.03653	0.00272	0.07234	0.00842	0.00465	0.00908
4	0.01725	0.02215	0.24950	0.05281	0.09483	0.01547	0.11577	0.05291	0.01692	0.08368	0.01751	0.02342	0.01396	0.00845	0.00825	0.00235	0.04925	0.05631	0.06375	0.03546
5	0.00972	0.00778	0.00878	0.00907	0.01096	0.00720	0.00658	0.01322	0.07500	0.02145	0.13758	0.26588	0.36333	0.01853	0.00869	0.00258	0.00399	0.01604	0.00696	0.00663

[dist]
# distance from previous block
# <min> <max>
0	1

[block]
# block no. 5 follows, 28 sequences, length 11
# corresponding to MSA columns:
# 519-529
name=unknown_F
#
# <colnr> <probs for GDERKNQSTAVLIFYWHMCP>
#	G	D	E	R	K	N	Q	S	T	A	V	L	I	F	Y	W	H	M	C	P
0	0.01389	0.01309	0.01789	0.08221	0.07386	0.07225	0.09584	0.04378	0.01676	0.02146	0.06979	0.14971	0.13095	0.01859	0.09537	0.00364	0.00896	0.05895	0.00526	0.00775
1	0.02199	0.02264	0.01973	0.17399	0.05902	0.32546	0.01479	0.08091	0.01978	0.07038	0.04297	0.05557	0.01601	0.00918	0.00722	0.00219	0.01012	0.03444	0.00475	0.00886
2	0.01052	0.00720	0.00868	0.00863	0.00898	0.00736	0.00535	0.01121	0.01154	0.01573	0.07517	0.04502	0.02840	0.57556	0.14459	0.00742	0.00877	0.01032	0.00460	0.00493
3	0.01034	0.00742	0.00846	0.00854	0.01054	0.00647	0.00621	0.01223	0.01647	0.06039	0.13615	0.21324	0.41119	0.04679	0.00978	0.00271	0.00405	0.01560	0.00694	0.00647
4	0.01820	0.01596	0.02257	0.02565	0.24987	0.06141	0.07977	0.10932	0.04471	0.05917	0.02219	0.12703	0.04474	0.01408	0.06895	0.00314	0.00907	0.00922	0.00514	0.00983
5	0.01639	0.01295	0.01711	0.12997	0.02248	0.01367	0.04998	0.21173	0.02007	0.02700	0.02378	0.24750	0.02417	0.07612	0.01040	0.00281	0.00705	0.01126	0.00576	0.06980
6	0.01073	0.00926	0.01145	0.01202	0.01311	0.05973	0.04803	0.01234	0.01461	0.01879	0.03636	0.64140	0.04292	0.02061	0.00903	0.00284	0.00537	0.01873	0.00634	0.00633
7	0.01319	0.01154	0.01991	0.01612	0.01931	0.01139	0.20577	0.04676	0.01534	0.02102	0.05196	0.08581	0.09043	0.11171	0.17047	0.03894	0.01051	0.01014	0.04236	0.00730
8	0.01712	0.24172	0.04280	0.06496	0.07176	0.08129	0.06464	0.02025	0.01663	0.04905	0.12371	0.06822	0.05424	0.00980	0.00768	0.00213	0.04262	0.00801	0.00466	0.00871
9	0.01589	0.04780	0.10376	0.04118	0.10150	0.01384	0.05060	0.10923	0.01723	0.02413	0.01881	0.13220	0.01818	0.08044	0.01070	0.03005	0.00744	0.00852	0.00471	0.16379
10	0.01951	0.12340	0.10520	0.16047	0.23433	0.13902	0.01885	0.04866	0.01733	0.04806	0.01327	0.01647	0.01051	0.00700	0.00672	0.00210	0.00961	0.00571	0.00378	0.01000

[dist]
# distance from previous block
# <min> <max>
1	6

[block]
# block no. 6 follows, 28 sequences, length 7
# corresponding to MSA columns:
# 536-542
name=unknown_G
#
# <colnr> <probs for GDERKNQSTAVLIFYWHMCP>
#	G	D	E	R	K	N	Q	S	T	A	V	L	I	F	Y	W	H	M	C	P
0	0.01810	0.01064	0.01325	0.01171	0.01449	0.01114	0.00898	0.08445	0.08717	0.17482	0.02336	0.02994	0.01958	0.16128	0.23401	0.00607	0.01042	0.00805	0.06403	0.00853
1	0.01027	0.00735	0.00919	0.00919	0.00993	0.00766	0.00619	0.01140	0.01167	0.01573	0.02768	0.04351	0.10253	0.41559	0.27295	0.00814	0.01103	0.01015	0.00450	0.00534
2	0.01884	0.01979	0.09255	0.14205	0.10125	0.13625	0.01617	0.07903	0.01711	0.06867	0.01518	0.02046	0.01260	0.06650	0.07786	0.00355	0.09233	0.00652	0.00424	0.00904
3	0.10400	0.09518	0.02097	0.01908	0.10137	0.37293	0.01325	0.02399	0.01703	0.01958	0.01253	0.01748	0.01141	0.09093	0.01062	0.00257	0.04945	0.00550	0.00379	0.00835
4	0.01949	0.09289	0.02131	0.08623	0.02252	0.01841	0.04829	0.26304	0.09072	0.03107	0.06986	0.09095	0.02046	0.01031	0.00816	0.00230	0.04603	0.00839	0.03969	0.00988
5	0.01298	0.01143	0.01261	0.01422	0.09324	0.07885	0.00907	0.01529	0.01606	0.02141	0.10758	0.24471	0.12489	0.05365	0.00934	0.00254	0.00566	0.01252	0.07141	0.08254
6	0.02043	0.04126	0.02267	0.07319	0.08811	0.17618	0.08394	0.09974	0.10407	0.04956	0.01889	0.02589	0.01604	0.00934	0.00805	0.00232	0.03522	0.08439	0.00508	0.03564

[dist]
# distance from previous block
# <min> <max>
1	33

[block]
# block no. 7 follows, 28 sequences, length 27
# corresponding to MSA columns:
# 585-611
name=unknown_H
#
# <colnr> <probs for GDERKNQSTAVLIFYWHMCP>
#	G	D	E	R	K	N	Q	S	T	A	V	L	I	F	Y	W	H	M	C	P
0	0.01865	0.01673	0.06696	0.01713	0.04884	0.06098	0.09578	0.04567	0.11965	0.12397	0.02427	0.10942	0.05224	0.01015	0.00810	0.00224	0.03741	0.00876	0.00570	0.12735
1	0.01811	0.04043	0.06591	0.04485	0.07686	0.04297	0.03793	0.07302	0.01709	0.13085	0.06409	0.07606	0.04905	0.13772	0.01436	0.00320	0.08444	0.00888	0.00541	0.00876
2	0.04987	0.14971	0.22332	0.01719	0.02367	0.06645	0.09548	0.07467	0.05049	0.02422	0.01522	0.01783	0.01191	0.01063	0.05784	0.00278	0.00978	0.00595	0.08344	0.00956
3	0.22683	0.01507	0.05006	0.01302	0.01770	0.01468	0.03786	0.11108	0.06610	0.10404	0.04872	0.02328	0.04402	0.06694	0.00952	0.00256	0.03639	0.00679	0.00564	0.09971
4	0.01943	0.74891	0.03809	0.01244	0.01866	0.02876	0.01244	0.02177	0.01477	0.01710	0.01011	0.01166	0.00933	0.00622	0.00466	0.00155	0.00777	0.00389	0.00311	0.00933
5	0.00962	0.00747	0.00888	0.00934	0.01123	0.00673	0.00726	0.01202	0.01706	0.02180	0.18188	0.15036	0.35618	0.01861	0.00898	0.00267	0.00435	0.15220	0.00698	0.00637
6	0.01373	0.01292	0.02180	0.72707	0.05006	0.01615	0.02019	0.01857	0.01453	0.01857	0.01292	0.01938	0.00969	0.00727	0.00727	0.00242	0.00969	0.00646	0.00323	0.00807
7	0.01370	0.05949	0.01414	0.01144	0.01242	0.01297	0.00841	0.06144	0.01322	0.01853	0.01976	0.07765	0.02127	0.38102	0.02579	0.00483	0.17021	0.00925	0.05809	0.00637
8	0.01808	0.01341	0.01424	0.01287	0.01642	0.05643	0.01013	0.02825	0.29731	0.13488	0.13418	0.04007	0.11098	0.01228	0.00789	0.00245	0.00577	0.06734	0.00737	0.00967
9	0.01488	0.00881	0.01181	0.01170	0.01365	0.00886	0.00919	0.01780	0.03920	0.13771	0.02940	0.09288	0.02926	0.17047	0.16485	0.00561	0.00920	0.21137	0.00607	0.00730
10	0.02333	0.01424	0.01564	0.01256	0.01686	0.01504	0.01019	0.33959	0.02530	0.14047	0.02143	0.02205	0.01549	0.00868	0.00649	0.00202	0.00606	0.00675	0.28748	0.01035
11	0.02745	0.01363	0.01668	0.01332	0.01825	0.01334	0.01080	0.17582	0.07574	0.41108	0.02666	0.07121	0.01912	0.00989	0.00729	0.00226	0.00623	0.00807	0.06171	0.01148
12	0.00934	0.00671	0.00870	0.00961	0.01042	0.00624	0.00657	0.01111	0.01555	0.02110	0.21338	0.48679	0.07685	0.06871	0.01092	0.00303	0.00418	0.01780	0.00692	0.00607
13	0.07026	0.01158	0.01455	0.01266	0.01594	0.01172	0.05023	0.13338	0.04815	0.14022	0.02768	0.26063	0.02620	0.01316	0.00751	0.00241	0.00573	0.01143	0.12772	0.00885
14	0.02142	0.01505	0.01646	0.01346	0.01782	0.01615	0.01083	0.33113	0.12569	0.08510	0.10889	0.02950	0.08211	0.01050	0.00736	0.00222	0.00615	0.00846	0.08124	0.01048
15	0.01144	0.00875	0.01018	0.01020	0.01183	0.00891	0.00725	0.04245	0.11098	0.02134	0.08287	0.25270	0.15915	0.15463	0.06991	0.00416	0.00617	0.01392	0.00629	0.00685
16	0.01810	0.01634	0.01956	0.04518	0.06707	0.11485	0.06399	0.11378	0.04344	0.05329	0.04600	0.06705	0.01803	0.02118	0.18662	0.00471	0.07908	0.00797	0.00493	0.00883
17	0.00927	0.00664	0.00853	0.00988	0.01048	0.00625	0.00672	0.01057	0.01387	0.01828	0.04002	0.55382	0.08972	0.11728	0.01294	0.00349	0.00473	0.06530	0.00644	0.00578
18	0.01539	0.01104	0.01231	0.01137	0.01432	0.01129	0.00865	0.12223	0.14733	0.07446	0.04215	0.22684	0.21056	0.01533	0.00810	0.00250	0.00507	0.01308	0.03944	0.00855
19	0.01801	0.06545	0.05155	0.01802	0.03810	0.18761	0.08945	0.06201	0.01668	0.02043	0.01796	0.14852	0.01805	0.04976	0.04117	0.00305	0.13268	0.00888	0.00438	0.00826
20	0.06412	0.01473	0.07532	0.12050	0.14445	0.04042	0.01432	0.04581	0.01632	0.06917	0.02605	0.18493	0.07285	0.01394	0.03579	0.00284	0.00775	0.03689	0.00517	0.00865
21	0.01256	0.03908	0.01141	0.01053	0.01242	0.00877	0.00776	0.06555	0.01681	0.06868	0.08844	0.41705	0.13824	0.02038	0.04398	0.00310	0.00543	0.01594	0.00674	0.00714
22	0.08804	0.10042	0.01502	0.01148	0.01449	0.04310	0.00895	0.06479	0.06143	0.10123	0.02876	0.29990	0.04925	0.01403	0.00734	0.00240	0.00567	0.01188	0.06358	0.00824
23	0.15617	0.01592	0.01874	0.06375	0.12439	0.09676	0.06092	0.06942	0.03988	0.05523	0.08789	0.07976	0.02088	0.04176	0.03542	0.00284	0.00817	0.00811	0.00514	0.00884
24	0.01618	0.01539	0.05413	0.08567	0.20629	0.04390	0.01541	0.06783	0.01626	0.04596	0.02167	0.02629	0.08691	0.04309	0.13862	0.00422	0.09108	0.00770	0.00439	0.00900
25	0.01905	0.06583	0.05241	0.16448	0.02884	0.04373	0.13533	0.14957	0.04537	0.07892	0.02031	0.02376	0.05556	0.04687	0.03571	0.00287	0.00931	0.00753	0.00502	0.00954
26	0.04456	0.08114	0.11997	0.07078	0.02398	0.15691	0.05560	0.08469	0.06769	0.05476	0.04613	0.02131	0.04271	0.01135	0.05421	0.00275	0.00977	0.00661	0.00475	0.04032

[dist]
# distance from previous block
# <min> <max>
4	87

[block]
# block no. 8 follows, 28 sequences, length 8
# corresponding to MSA columns:
# 717-724
name=unknown_I
#
# <colnr> <probs for GDERKNQSTAVLIFYWHMCP>
#	G	D	E	R	K	N	Q	S	T	A	V	L	I	F	Y	W	H	M	C	P
0	0.01353	0.07247	0.01553	0.06051	0.10096	0.05435	0.01026	0.01622	0.01715	0.04432	0.21152	0.10900	0.17593	0.05534	0.00953	0.00256	0.00587	0.01143	0.00591	0.00762
1	0.01920	0.20383	0.16833	0.05006	0.12992	0.06524	0.05814	0.11810	0.01855	0.02456	0.01303	0.01541	0.01032	0.00682	0.00643	0.00197	0.00906	0.00546	0.00396	0.07161
2	0.01604	0.01878	0.16795	0.12985	0.24893	0.01464	0.05333	0.02090	0.01606	0.06715	0.01951	0.09882	0.01776	0.00978	0.00770	0.00244	0.00862	0.06753	0.00441	0.00979
3	0.01163	0.00880	0.01142	0.01356	0.09702	0.00856	0.00848	0.01531	0.06187	0.02308	0.15620	0.23009	0.13991	0.05709	0.00964	0.00267	0.00469	0.01326	0.11947	0.00724
4	0.01390	0.00925	0.01117	0.01056	0.01272	0.00933	0.00776	0.01909	0.13308	0.10117	0.14659	0.13871	0.11355	0.14588	0.09018	0.00427	0.00667	0.01188	0.00662	0.00763
5	0.01973	0.06868	0.13116	0.09999	0.10326	0.13297	0.01656	0.06670	0.03879	0.09494	0.02041	0.02212	0.07480	0.00894	0.00843	0.00226	0.06910	0.00679	0.00466	0.00970
6	0.01363	0.01007	0.01178	0.04395	0.01331	0.06326	0.00819	0.01354	0.04212	0.01525	0.01826	0.06425	0.04090	0.12990	0.02405	0.41122	0.05946	0.00800	0.00391	0.00496
7	0.00918	0.00702	0.00849	0.00931	0.01073	0.00632	0.00677	0.01109	0.01588	0.02041	0.12380	0.35894	0.28681	0.02006	0.00902	0.00273	0.00416	0.07623	0.00688	0.00617

[dist]
# distance from previous block
# <min> <max>
4	12

[block]
# block no. 9 follows, 28 sequences, length 34
# corresponding to MSA columns:
# 737-770
name=unknown_J
#
# <colnr> <probs for GDERKNQSTAVLIFYWHMCP>
#	G	D	E	R	K	N	Q	S	T	A	V	L	I	F	Y	W	H	M	C	P
0	0.06859	0.03252	0.01990	0.01797	0.02184	0.64555	0.01356	0.02891	0.02017	0.05010	0.01198	0.01357	0.00968	0.00752	0.00648	0.00191	0.01239	0.00476	0.00403	0.00858
1	0.01767	0.18385	0.05237	0.01656	0.08550	0.01659	0.04039	0.09869	0.05385	0.07221	0.04082	0.17039	0.04735	0.01105	0.00709	0.00217	0.00681	0.00940	0.00543	0.06181
2	0.01943	0.74891	0.03809	0.01244	0.01866	0.02876	0.01244	0.02177	0.01477	0.01710	0.01011	0.01166	0.00933	0.00622	0.00466	0.00155	0.00777	0.00389	0.00311	0.00933
3	0.79588	0.01406	0.01068	0.00956	0.01406	0.01631	0.00787	0.02137	0.01237	0.03261	0.01012	0.01181	0.00787	0.00675	0.00450	0.00225	0.00562	0.00394	0.00450	0.00787
4	0.79588	0.01406	0.01068	0.00956	0.01406	0.01631	0.00787	0.02137	0.01237	0.03261	0.01012	0.01181	0.00787	0.00675	0.00450	0.00225	0.00562	0.00394	0.00450	0.00787
5	0.01017	0.00725	0.00859	0.00843	0.00937	0.00699	0.00557	0.01160	0.01440	0.01939	0.22088	0.05169	0.14091	0.38175	0.06830	0.00529	0.00631	0.01185	0.00575	0.00550
6	0.52539	0.01548	0.01411	0.01171	0.01665	0.01731	0.00965	0.18767	0.01872	0.10341	0.01383	0.01453	0.01002	0.00747	0.00548	0.00223	0.00628	0.00493	0.00565	0.00946
7	0.04060	0.01175	0.01364	0.09463	0.09596	0.08351	0.01065	0.01611	0.01578	0.02174	0.09295	0.31235	0.03226	0.01433	0.00774	0.00243	0.00614	0.01260	0.10748	0.00734
8	0.01910	0.01412	0.01910	0.18630	0.02628	0.01519	0.05834	0.22636	0.02204	0.09344	0.10188	0.02958	0.07020	0.07369	0.01020	0.00272	0.00759	0.00851	0.00601	0.00935
9	0.01478	0.01272	0.01620	0.01473	0.09751	0.01036	0.01015	0.01812	0.01541	0.02363	0.06059	0.01901	0.01533	0.00936	0.05195	0.00198	0.00655	0.00540	0.00445	0.59178
10	0.50794	0.01995	0.01531	0.01566	0.08711	0.20517	0.01103	0.02353	0.01502	0.02769	0.01079	0.01280	0.00865	0.00692	0.00533	0.00214	0.00796	0.00440	0.00420	0.00840
11	0.17872	0.11755	0.08969	0.01290	0.01835	0.04058	0.01184	0.11135	0.01875	0.20483	0.01804	0.01831	0.01290	0.00779	0.00602	0.00206	0.00688	0.00570	0.10773	0.01001
12	0.01491	0.03531	0.62221	0.02198	0.03229	0.01707	0.10922	0.02305	0.01558	0.02305	0.01326	0.01589	0.00944	0.00681	0.00712	0.00232	0.01094	0.00578	0.00315	0.01062
13	0.02638	0.01962	0.02114	0.01613	0.02201	0.02126	0.01330	0.60963	0.03228	0.04361	0.01700	0.01722	0.01220	0.00839	0.00708	0.00207	0.00774	0.00632	0.00698	0.08963
14	0.01668	0.01720	0.02215	0.01906	0.01932	0.07015	0.01577	0.01829	0.01179	0.01751	0.00966	0.01571	0.00953	0.01236	0.02266	0.00309	0.68162	0.00625	0.00322	0.00798
15	0.07088	0.01060	0.01336	0.01092	0.01512	0.00959	0.00880	0.02702	0.01921	0.42040	0.13235	0.03176	0.06895	0.01030	0.00710	0.00219	0.00517	0.00845	0.11777	0.01006
16	0.64582	0.01373	0.01190	0.01022	0.01494	0.01520	0.00842	0.02413	0.01403	0.16465	0.01377	0.01435	0.00986	0.00719	0.00505	0.00225	0.00573	0.00460	0.00538	0.00876
17	0.16502	0.01291	0.01481	0.01282	0.01680	0.01392	0.01025	0.02907	0.20824	0.24134	0.02389	0.04816	0.01807	0.01571	0.10479	0.00367	0.03633	0.00744	0.00670	0.01008
18	0.02282	0.01324	0.01531	0.01304	0.01738	0.01385	0.01035	0.03455	0.35174	0.27788	0.02847	0.02624	0.02017	0.00936	0.00706	0.00228	0.00560	0.00769	0.11179	0.01119
19	0.01057	0.00705	0.00793	0.00793	0.00793	0.00705	0.00440	0.01057	0.01057	0.01409	0.02290	0.04757	0.02643	0.74454	0.03700	0.00705	0.00705	0.01057	0.00440	0.00440
20	0.01355	0.00678	0.00678	0.00678	0.00847	0.00678	0.00508	0.01694	0.01524	0.02710	0.02371	0.02710	0.01863	0.00847	0.00508	0.00169	0.00339	0.00678	0.78489	0.00678
21	0.02703	0.01130	0.01477	0.01192	0.01636	0.01018	0.00953	0.05875	0.01965	0.50313	0.02833	0.08927	0.02093	0.04956	0.00883	0.00251	0.00583	0.00858	0.09281	0.01076
22	0.01183	0.00847	0.00985	0.00928	0.01171	0.00776	0.00711	0.05587	0.01916	0.06130	0.27854	0.09948	0.33543	0.01638	0.00853	0.00243	0.00415	0.03827	0.00733	0.00713
23	0.25486	0.01657	0.01529	0.01288	0.01742	0.12310	0.01029	0.09165	0.01919	0.26179	0.04911	0.06264	0.01710	0.00915	0.00653	0.00223	0.00704	0.00688	0.00649	0.00979
24	0.02012	0.01445	0.01525	0.01243	0.01660	0.01535	0.01003	0.37976	0.02606	0.03561	0.03263	0.03239	0.18325	0.01108	0.00717	0.00215	0.00601	0.00877	0.16120	0.00971
25	0.01041	0.00761	0.00937	0.01017	0.01133	0.00730	0.00719	0.05350	0.01575	0.02069	0.06419	0.47357	0.13685	0.07846	0.01129	0.00316	0.00475	0.06143	0.00663	0.00632
26	0.05030	0.01614	0.01690	0.01546	0.06155	0.12226	0.02934	0.08410	0.08519	0.21235	0.08429	0.02917	0.09574	0.01002	0.00724	0.00220	0.00701	0.00814	0.05272	0.00989
27	0.00899	0.00675	0.00835	0.00941	0.01051	0.00612	0.00658	0.01064	0.01524	0.01979	0.10179	0.48872	0.21997	0.02091	0.00906	0.00278	0.00409	0.03739	0.00685	0.00607
28	0.01019	0.00827	0.01013	0.01173	0.05545	0.00780	0.00782	0.01351	0.06957	0.02040	0.05096	0.34272	0.30400	0.01883	0.00874	0.00268	0.00450	0.03927	0.00660	0.00684
29	0.22921	0.04983	0.10278	0.11158	0.17250	0.04842	0.04106	0.04748	0.03684	0.02566	0.01682	0.01935	0.05428	0.00769	0.00645	0.00224	0.00807	0.00617	0.00419	0.00938
30	0.01515	0.07396	0.04392	0.20799	0.18387	0.01476	0.01558	0.02003	0.06151	0.05130	0.07184	0.09562	0.06394	0.01189	0.03537	0.00269	0.00790	0.00888	0.00478	0.00900
31	0.01168	0.01046	0.01334	0.18171	0.04239	0.04577	0.01096	0.01420	0.01529	0.01932	0.06616	0.23605	0.19219	0.04358	0.01006	0.00278	0.03484	0.03686	0.00548	0.00688
32	0.13988	0.11960	0.02050	0.01675	0.08030	0.16080	0.01228	0.04553	0.08448	0.02329	0.01475	0.04272	0.01297	0.03726	0.00885	0.00226	0.07211	0.00596	0.00440	0.09529
33	0.02169	0.01808	0.04020	0.07212	0.09623	0.07448	0.05816	0.22160	0.09721	0.09765	0.06149	0.02345	0.01776	0.05599	0.00930	0.00255	0.00819	0.00742	0.00597	0.01046

[dist]
# distance from previous block
# <min> <max>
3	13

[block]
# block no. 10 follows, 28 sequences, length 14
# corresponding to MSA columns:
# 784-791,797-802
name=unknown_K
#
# <colnr> <probs for GDERKNQSTAVLIFYWHMCP>
#	G	D	E	R	K	N	Q	S	T	A	V	L	I	F	Y	W	H	M	C	P
0	0.01679	0.01429	0.01547	0.01484	0.06412	0.09294	0.03554	0.15023	0.01925	0.02521	0.04801	0.10426	0.11536	0.07833	0.03497	0.04497	0.00738	0.00963	0.07539	0.03303
1	0.01925	0.08136	0.04928	0.14487	0.05028	0.10469	0.01325	0.02219	0.01683	0.17357	0.02563	0.14908	0.07405	0.01134	0.00791	0.00234	0.03032	0.00935	0.00550	0.00892
2	0.01270	0.01117	0.01659	0.22364	0.07991	0.01224	0.04182	0.01719	0.07476	0.02010	0.04983	0.13805	0.11951	0.11212	0.01246	0.00314	0.03135	0.01085	0.00498	0.00760
3	0.10960	0.03953	0.01939	0.07414	0.09336	0.08183	0.07664	0.05369	0.01738	0.02467	0.15310	0.10562	0.05240	0.01107	0.00850	0.00236	0.05386	0.00934	0.00519	0.00833
4	0.07682	0.01493	0.02095	0.24274	0.17816	0.01647	0.01629	0.17100	0.01962	0.06372	0.01772	0.09689	0.01520	0.00917	0.00727	0.00234	0.00798	0.00789	0.00503	0.00980
5	0.00922	0.00660	0.00883	0.01034	0.01097	0.00620	0.00720	0.01085	0.01469	0.01967	0.09132	0.62705	0.04913	0.02191	0.00929	0.00294	0.00438	0.07652	0.00684	0.00605
6	0.01396	0.01987	0.21609	0.07007	0.07159	0.05681	0.05055	0.01928	0.03899	0.02293	0.09876	0.03340	0.16764	0.01049	0.00742	0.00226	0.00761	0.00888	0.07475	0.00866
7	0.12756	0.01661	0.01996	0.33417	0.09358	0.09237	0.01619	0.09521	0.06368	0.02481	0.01502	0.04289	0.01206	0.00803	0.00687	0.00231	0.00874	0.00654	0.00436	0.00904
8	0.01263	0.00631	0.00947	0.00947	0.00947	0.00631	0.00631	0.00947	0.00947	0.01263	0.01263	0.02210	0.01263	0.02525	0.02841	0.78851	0.00631	0.00631	0.00316	0.00316
9	0.00886	0.00633	0.00843	0.01012	0.01054	0.00590	0.00675	0.01012	0.01392	0.01856	0.04006	0.73979	0.04808	0.02277	0.00928	0.00295	0.00422	0.02066	0.00675	0.00590
10	0.09830	0.00999	0.01224	0.04505	0.07528	0.01045	0.00927	0.05795	0.05198	0.02524	0.07728	0.30076	0.03131	0.01414	0.00745	0.00243	0.00512	0.01232	0.14578	0.00765
11	0.08930	0.13026	0.21540	0.02420	0.21123	0.01772	0.04465	0.02458	0.01632	0.13772	0.01522	0.01697	0.01129	0.00699	0.00657	0.00214	0.00855	0.00578	0.00437	0.01073
12	0.01373	0.01292	0.02180	0.72707	0.05006	0.01615	0.02019	0.01857	0.01453	0.01857	0.01292	0.01938	0.00969	0.00727	0.00727	0.00242	0.00969	0.00646	0.00323	0.00807
13	0.01243	0.01211	0.02232	0.01782	0.02166	0.01144	0.26755	0.01610	0.01584	0.02093	0.05888	0.14259	0.18342	0.01953	0.11349	0.00392	0.00956	0.03760	0.00517	0.00764

[dist]
# distance from previous block
# <min> <max>
1	22

[block]
# block no. 11 follows, 28 sequences, length 31
# corresponding to MSA columns:
# 825-855
name=unknown_L
#
# <colnr> <probs for GDERKNQSTAVLIFYWHMCP>
#	G	D	E	R	K	N	Q	S	T	A	V	L	I	F	Y	W	H	M	C	P
0	0.11849	0.02258	0.05366	0.03924	0.02050	0.23840	0.01254	0.22488	0.02183	0.02843	0.01511	0.01958	0.01264	0.10410	0.01050	0.00273	0.00925	0.00610	0.03033	0.00911
1	0.47789	0.01287	0.01319	0.01163	0.01547	0.01429	0.05185	0.05700	0.01438	0.02877	0.01890	0.08914	0.05126	0.01439	0.08075	0.00336	0.00745	0.02467	0.00494	0.00780
2	0.56237	0.01281	0.01072	0.00950	0.01353	0.01443	0.00772	0.05529	0.01446	0.06005	0.01408	0.01580	0.01075	0.00730	0.00488	0.00213	0.00531	0.00480	0.16599	0.00807
3	0.00972	0.00725	0.00859	0.00891	0.01029	0.00666	0.00640	0.01157	0.01576	0.02054	0.18520	0.17167	0.25461	0.16849	0.01471	0.00354	0.00471	0.07891	0.00652	0.00595
4	0.02638	0.02839	0.02311	0.01917	0.02395	0.41485	0.07584	0.24762	0.02488	0.02781	0.01367	0.01519	0.01054	0.00778	0.00699	0.00203	0.01129	0.00568	0.00494	0.00989
5	0.79588	0.01406	0.01068	0.00956	0.01406	0.01631	0.00787	0.02137	0.01237	0.03261	0.01012	0.01181	0.00787	0.00675	0.00450	0.00225	0.00562	0.00394	0.00450	0.00787
6	0.01389	0.01314	0.02184	0.67420	0.04775	0.01661	0.01987	0.01849	0.01428	0.01849	0.01267	0.01912	0.00968	0.00767	0.00851	0.00248	0.06357	0.00645	0.00323	0.00807
7	0.07053	0.00999	0.01140	0.00964	0.01329	0.00880	0.00747	0.01623	0.04377	0.02625	0.30446	0.03993	0.14018	0.01158	0.00721	0.00193	0.00435	0.00978	0.00634	0.25688
8	0.68749	0.06935	0.01346	0.01024	0.01496	0.01765	0.00860	0.06429	0.01398	0.03232	0.01060	0.01217	0.00828	0.00684	0.00469	0.00219	0.00594	0.00410	0.00458	0.00828
9	0.01799	0.01727	0.02950	0.04462	0.69919	0.01727	0.02231	0.02231	0.01655	0.02375	0.01367	0.01799	0.01151	0.00648	0.00720	0.00216	0.00864	0.00648	0.00360	0.01151
10	0.02281	0.15808	0.06113	0.08893	0.09497	0.03827	0.01497	0.20017	0.02130	0.14643	0.01670	0.01796	0.01230	0.00792	0.00727	0.00211	0.03513	0.00604	0.03683	0.01068
11	0.09241	0.01804	0.10608	0.01521	0.05005	0.08780	0.01289	0.04139	0.01635	0.12086	0.01665	0.01877	0.01270	0.00827	0.00859	0.00210	0.10950	0.00584	0.16586	0.09065
12	0.01943	0.74891	0.03809	0.01244	0.01866	0.02876	0.01244	0.02177	0.01477	0.01710	0.01011	0.01166	0.00933	0.00622	0.00466	0.00155	0.00777	0.00389	0.00311	0.00933
13	0.01399	0.01043	0.01208	0.01075	0.01353	0.01039	0.00840	0.16715	0.02252	0.03038	0.35802	0.07578	0.18306	0.01467	0.00836	0.00236	0.00471	0.03800	0.00747	0.00795
14	0.01355	0.00678	0.00678	0.00678	0.00847	0.00678	0.00508	0.01694	0.01524	0.02710	0.02371	0.02710	0.01863	0.00847	0.00508	0.00169	0.00339	0.00678	0.78489	0.00678
15	0.01038	0.00779	0.01168	0.01168	0.01298	0.00909	0.00909	0.01298	0.01168	0.01687	0.01947	0.02856	0.01817	0.05452	0.71573	0.01168	0.01947	0.00779	0.00389	0.00649
16	0.02267	0.01552	0.01699	0.01386	0.01844	0.01663	0.01127	0.35635	0.10870	0.10675	0.02773	0.02903	0.08844	0.01042	0.00732	0.00225	0.00651	0.03791	0.09249	0.01072
17	0.01193	0.00661	0.00924	0.00924	0.00934	0.00671	0.00603	0.01001	0.00992	0.01332	0.01578	0.02913	0.01659	0.21236	0.08194	0.52960	0.00748	0.00752	0.00353	0.00373
18	0.01263	0.00631	0.00947	0.00947	0.00947	0.00631	0.00631	0.00947	0.00947	0.01263	0.01263	0.02210	0.01263	0.02525	0.02841	0.78851	0.00631	0.00631	0.00316	0.00316
19	0.01209	0.00953	0.01061	0.01022	0.01228	0.04102	0.00778	0.06127	0.01958	0.02627	0.35578	0.14095	0.15787	0.01585	0.00847	0.00243	0.00461	0.06295	0.03335	0.00707
20	0.01087	0.00833	0.01011	0.01100	0.01230	0.00848	0.00781	0.01601	0.14586	0.02094	0.03890	0.50825	0.07251	0.04571	0.00991	0.00300	0.00473	0.05150	0.00679	0.00700
21	0.15294	0.01343	0.01638	0.01277	0.01824	0.01275	0.01055	0.09663	0.02080	0.53261	0.02463	0.02197	0.01583	0.00861	0.00686	0.00224	0.00628	0.00670	0.00811	0.01166
22	0.02364	0.01623	0.01785	0.01471	0.01954	0.01775	0.01182	0.25724	0.30999	0.15128	0.02491	0.02336	0.01787	0.00925	0.00721	0.00229	0.00648	0.00741	0.04948	0.01170
23	0.01226	0.00730	0.00969	0.01051	0.01180	0.00668	0.00743	0.01385	0.01511	0.11422	0.04000	0.58308	0.07427	0.02054	0.00900	0.00285	0.00456	0.04295	0.00706	0.00685
24	0.01840	0.04384	0.01893	0.02069	0.19129	0.05752	0.01292	0.09723	0.05059	0.09857	0.13609	0.09676	0.02781	0.06400	0.00976	0.00263	0.00693	0.03062	0.00598	0.00943
25	0.01278	0.00844	0.01018	0.01026	0.01240	0.00783	0.00773	0.05702	0.01716	0.09268	0.04860	0.32160	0.26160	0.01865	0.00879	0.00270	0.00475	0.08266	0.00701	0.00717
26	0.00985	0.00740	0.00926	0.01034	0.01149	0.00712	0.00738	0.01295	0.06513	0.02055	0.08674	0.49925	0.12948	0.02050	0.00907	0.00284	0.00443	0.07286	0.00687	0.00648
27	0.22333	0.04477	0.08001	0.05421	0.16120	0.10851	0.03683	0.10609	0.01830	0.02797	0.06203	0.01796	0.01414	0.00763	0.00645	0.00217	0.00830	0.00595	0.00457	0.00957
28	0.05435	0.01657	0.02102	0.02468	0.24316	0.09224	0.05017	0.07229	0.08922	0.02593	0.06133	0.02846	0.01988	0.01114	0.03523	0.00266	0.00837	0.07741	0.05624	0.00965
29	0.01843	0.20528	0.02186	0.01390	0.01786	0.19175	0.04529	0.04312	0.06888	0.02049	0.02298	0.02566	0.10136	0.05117	0.05931	0.00292	0.00913	0.00709	0.06519	0.00832
30	0.17283	0.01088	0.01129	0.01087	0.01328	0.03813	0.00814	0.01618	0.04988	0.02220	0.02847	0.24935	0.08959	0.05311	0.08423	0.00364	0.04077	0.01138	0.00539	0.08037

[dist]
# distance from previous block
# <min> <max>
6	16

[block]
# block no. 12 follows, 28 sequences, length 13
# corresponding to MSA columns:
# 872-884
name=unknown_M
#
# <colnr> <probs for GDERKNQSTAVLIFYWHMCP>
#	G	D	E	R	K	N	Q	S	T	A	V	L	I	F	Y	W	H	M	C	P
0	0.04744	0.07339	0.02235	0.14511	0.09357	0.09734	0.06922	0.05818	0.01799	0.15691	0.02030	0.05603	0.04737	0.00863	0.00705	0.00216	0.00831	0.00732	0.00516	0.05619
1	0.01767	0.01878	0.14393	0.13462	0.16524	0.01570	0.04952	0.08441	0.08843	0.08371	0.02430	0.02580	0.09802	0.00893	0.00744	0.00232	0.00816	0.00775	0.00505	0.01023
2	0.00931	0.00696	0.00874	0.00984	0.01104	0.00639	0.00717	0.01119	0.01549	0.02010	0.09873	0.42732	0.20801	0.02070	0.00916	0.00284	0.00438	0.10963	0.00684	0.00615
3	0.01630	0.01155	0.03704	0.01411	0.07514	0.01019	0.02967	0.04700	0.04802	0.16456	0.08392	0.07441	0.29407	0.01560	0.04259	0.00283	0.00618	0.01140	0.00671	0.00872
4	0.01856	0.10494	0.10770	0.15475	0.10386	0.18008	0.07999	0.02347	0.05449	0.02020	0.01381	0.01815	0.01138	0.04359	0.00892	0.00241	0.03470	0.00613	0.00369	0.00918
5	0.15655	0.00886	0.00970	0.00919	0.01065	0.00934	0.00625	0.01485	0.01186	0.07126	0.02047	0.03631	0.02110	0.44599	0.13312	0.00651	0.00863	0.00867	0.00470	0.00598
6	0.00920	0.00739	0.00821	0.00800	0.01019	0.00640	0.00600	0.01161	0.01800	0.02304	0.29625	0.06435	0.47151	0.01714	0.00858	0.00239	0.00359	0.01456	0.00720	0.00640
7	0.05053	0.01454	0.11091	0.01239	0.01579	0.06399	0.01068	0.01838	0.01581	0.13843	0.03266	0.32082	0.09007	0.05890	0.00976	0.00282	0.00637	0.01308	0.00614	0.00793
8	0.02152	0.01837	0.07981	0.05807	0.12311	0.05046	0.04249	0.19712	0.08207	0.11829	0.02141	0.02231	0.04326	0.00852	0.00712	0.00220	0.00780	0.00707	0.07829	0.01070
9	0.01898	0.01161	0.01362	0.01162	0.01425	0.01295	0.00936	0.13705	0.01860	0.11688	0.02064	0.02301	0.01576	0.00937	0.00921	0.00213	0.13832	0.00673	0.40121	0.00872
10	0.01836	0.01905	0.04087	0.02926	0.03648	0.01778	0.62135	0.02423	0.01744	0.07620	0.01579	0.02001	0.01157	0.00635	0.00848	0.00244	0.01178	0.00848	0.00409	0.01000
11	0.02393	0.10959	0.02250	0.01699	0.02078	0.29605	0.01370	0.11476	0.07154	0.08012	0.01451	0.01612	0.01152	0.00881	0.00984	0.00220	0.14705	0.00565	0.00477	0.00955
12	0.01855	0.01978	0.13259	0.05464	0.13533	0.05736	0.01553	0.09723	0.04617	0.06629	0.01705	0.01879	0.03337	0.00724	0.00662	0.00187	0.00780	0.00592	0.00472	0.25314

[dist]
# distance from previous block
# <min> <max>
1	2

[block]
# block no. 13 follows, 28 sequences, length 7
# corresponding to MSA columns:
# 887-893
name=unknown_N
#
# <colnr> <probs for GDERKNQSTAVLIFYWHMCP>
