[name]
unknown

[dist]
# distance from previous block
# <min> <max>
0	28

[block]
# block no. 0 follows, 29 sequences, length 78
# corresponding to MSA columns:
# 28-105
name=unknown_A
#
# <colnr> <probs for GDERKNQSTAVLIFYWHMCP>
#	G	D	E	R	K	N	Q	S	T	A	V	L	I	F	Y	W	H	M	C	P
0	0.01147	0.00820	0.01147	0.01311	0.01475	0.00820	0.01147	0.01475	0.01639	0.02131	0.03770	0.08032	0.04098	0.01967	0.00984	0.00328	0.00656	0.65741	0.00656	0.00656
1	0.01762	0.01692	0.02890	0.04371	0.70533	0.01692	0.02185	0.02185	0.01621	0.02326	0.01339	0.01762	0.01128	0.00634	0.00705	0.00211	0.00846	0.00634	0.00352	0.01128
2	0.00865	0.00631	0.00815	0.00962	0.01025	0.00581	0.00648	0.00995	0.01391	0.01829	0.04279	0.67229	0.11763	0.02185	0.00902	0.00284	0.00407	0.01968	0.00661	0.00581
3	0.02660	0.03394	0.02018	0.01834	0.02201	0.72116	0.01376	0.02843	0.02018	0.01743	0.01101	0.01284	0.00917	0.00734	0.00642	0.00183	0.01284	0.00459	0.00367	0.00825
4	0.00866	0.00684	0.00781	0.00838	0.00997	0.00599	0.00598	0.01038	0.01559	0.01964	0.11406	0.32244	0.40037	0.01935	0.00867	0.00257	0.00378	0.01681	0.00672	0.00599
5	0.03035	0.01467	0.01811	0.01388	0.01945	0.01426	0.01147	0.24598	0.02466	0.49294	0.02450	0.02190	0.01582	0.00873	0.00715	0.00218	0.00664	0.00692	0.00826	0.01212
6	0.02664	0.03273	0.02028	0.01818	0.02202	0.66082	0.01374	0.08482	0.02133	0.01980	0.01153	0.01321	0.00943	0.00744	0.00648	0.00186	0.01241	0.00474	0.00397	0.00859
7	0.01477	0.01266	0.01477	0.01055	0.01687	0.00949	0.00844	0.01793	0.01477	0.02320	0.01266	0.01477	0.01055	0.00527	0.00527	0.00105	0.00527	0.00422	0.00422	0.79328
8	0.01540	0.01388	0.07762	0.01695	0.07113	0.01226	0.10025	0.02151	0.13454	0.09347	0.02405	0.14467	0.02247	0.14201	0.07362	0.00398	0.00829	0.00999	0.00537	0.00856
9	0.02116	0.01725	0.01672	0.01466	0.01838	0.13106	0.01150	0.03258	0.36312	0.14430	0.02382	0.02297	0.01767	0.00929	0.00834	0.00229	0.06984	0.00708	0.05766	0.01032
10	0.64752	0.01775	0.01238	0.01114	0.01540	0.15504	0.00890	0.02241	0.01371	0.02908	0.01013	0.01182	0.00800	0.00675	0.00480	0.00213	0.00695	0.00400	0.00426	0.00782
11	0.01081	0.00811	0.01155	0.01397	0.07216	0.00787	0.00991	0.01348	0.01604	0.02158	0.14464	0.30043	0.04481	0.01860	0.00910	0.00287	0.00536	0.27546	0.00652	0.00672
12	0.01623	0.01818	0.03921	0.02819	0.03492	0.01703	0.62140	0.02200	0.01710	0.02331	0.07372	0.02214	0.01567	0.00674	0.00840	0.00239	0.01126	0.00879	0.00397	0.00935
13	0.01683	0.01594	0.02697	0.06397	0.62320	0.01600	0.02048	0.02100	0.01649	0.02355	0.07278	0.02074	0.01604	0.00708	0.00717	0.00213	0.00805	0.00691	0.00388	0.01077
14	0.01839	0.01482	0.01728	0.01460	0.01873	0.01649	0.06188	0.13813	0.41286	0.03114	0.02490	0.02445	0.01871	0.00896	0.00691	0.00223	0.00607	0.00756	0.14543	0.01046
15	0.00951	0.00738	0.00873	0.00875	0.01076	0.00660	0.00680	0.01213	0.01778	0.02317	0.31236	0.06427	0.35886	0.01692	0.00862	0.00247	0.00394	0.10752	0.00708	0.00637
16	0.01488	0.12728	0.62766	0.01927	0.02924	0.01800	0.02453	0.02240	0.01496	0.02182	0.01242	0.01458	0.00904	0.00668	0.00649	0.00216	0.01016	0.00508	0.00301	0.01035
17	0.00915	0.00724	0.00823	0.00799	0.01007	0.00632	0.00599	0.01164	0.01797	0.02336	0.35080	0.06174	0.42120	0.01649	0.00841	0.00233	0.00350	0.01408	0.00716	0.00632
18	0.01904	0.75404	0.03731	0.01218	0.01828	0.02818	0.01218	0.02132	0.01447	0.01675	0.00990	0.01142	0.00914	0.00609	0.00457	0.00152	0.00761	0.00381	0.00305	0.00914
19	0.01867	0.69892	0.08923	0.01281	0.01924	0.02728	0.01327	0.02142	0.01451	0.01720	0.01012	0.01170	0.00913	0.00614	0.00474	0.00158	0.00784	0.00392	0.00304	0.00924
20	0.01428	0.03683	0.71286	0.02030	0.03082	0.01654	0.02631	0.02255	0.01503	0.02255	0.01278	0.01503	0.00902	0.00677	0.00677	0.00226	0.01052	0.00526	0.00301	0.01052
21	0.01762	0.01692	0.02890	0.04371	0.70533	0.01692	0.02185	0.02185	0.01621	0.02326	0.01339	0.01762	0.01128	0.00634	0.00705	0.00211	0.00846	0.00634	0.00352	0.01128
22	0.01459	0.01347	0.02244	0.21048	0.38599	0.01418	0.01796	0.01829	0.01514	0.02086	0.01891	0.17849	0.01873	0.01006	0.00752	0.00235	0.00777	0.00941	0.00411	0.00921
23	0.00868	0.00620	0.00826	0.00991	0.01033	0.00578	0.00661	0.00991	0.01363	0.01818	0.03925	0.74510	0.04710	0.02231	0.00909	0.00289	0.00413	0.02024	0.00661	0.00578
24	0.00880	0.00625	0.00822	0.00975	0.01013	0.00587	0.00643	0.00995	0.01338	0.01784	0.03795	0.69142	0.04547	0.07821	0.01118	0.00320	0.00434	0.01948	0.00643	0.00567
25	0.01477	0.01266	0.01477	0.01055	0.01687	0.00949	0.00844	0.01793	0.01477	0.02320	0.01266	0.01477	0.01055	0.00527	0.00527	0.00105	0.00527	0.00422	0.00422	0.79328
26	0.01028	0.00687	0.00779	0.00786	0.00788	0.00686	0.00441	0.01034	0.01050	0.01399	0.02315	0.07645	0.02679	0.71866	0.03508	0.00673	0.00678	0.01078	0.00441	0.00438
27	0.01050	0.00728	0.00920	0.00947	0.01003	0.00757	0.00652	0.01161	0.01159	0.01565	0.02417	0.04790	0.02653	0.47302	0.18683	0.00734	0.00960	0.11549	0.00457	0.00514
28	0.01428	0.03683	0.71286	0.02030	0.03082	0.01654	0.02631	0.02255	0.01503	0.02255	0.01278	0.01503	0.00902	0.00677	0.00677	0.00226	0.01052	0.00526	0.00301	0.01052
29	0.01587	0.01513	0.02573	0.33307	0.42968	0.01646	0.02098	0.02032	0.01538	0.02113	0.01308	0.01820	0.01053	0.00667	0.00708	0.00222	0.00889	0.00634	0.00337	0.00986
30	0.01345	0.01266	0.02136	0.73264	0.04904	0.01582	0.01978	0.01819	0.01424	0.01819	0.01266	0.01898	0.00949	0.00712	0.00712	0.00237	0.00949	0.00633	0.00316	0.00791
31	0.00993	0.00770	0.00933	0.01014	0.01217	0.00710	0.00842	0.01247	0.01631	0.02027	0.05505	0.07438	0.37415	0.01885	0.00912	0.00284	0.00507	0.33385	0.00658	0.00628
32	0.80005	0.01377	0.01047	0.00936	0.01377	0.01597	0.00771	0.02093	0.01212	0.03195	0.00991	0.01157	0.00771	0.00661	0.00441	0.00220	0.00551	0.00386	0.00441	0.00771
33	0.02753	0.01798	0.01768	0.01456	0.01942	0.15753	0.01161	0.09977	0.15556	0.36630	0.02368	0.02166	0.01617	0.00866	0.00702	0.00216	0.00753	0.00674	0.00728	0.01116
34	0.01359	0.03200	0.59791	0.01844	0.02752	0.01493	0.02311	0.02106	0.01587	0.02353	0.12535	0.02127	0.01853	0.00804	0.00703	0.00225	0.00935	0.00651	0.00380	0.00990
35	0.00989	0.00713	0.00935	0.00909	0.01060	0.00659	0.00670	0.01296	0.01928	0.02716	0.61260	0.14614	0.06449	0.01560	0.00849	0.00233	0.00346	0.01387	0.00767	0.00659
36	0.01893	0.11317	0.04800	0.01163	0.01793	0.01251	0.01013	0.02211	0.01592	0.16674	0.01554	0.01632	0.01178	0.00619	0.00564	0.00141	0.00598	0.00483	0.00498	0.49027
37	0.59442	0.01236	0.01031	0.00917	0.01318	0.01385	0.00747	0.02135	0.01333	0.08955	0.01384	0.01531	0.01043	0.00710	0.00475	0.00211	0.00517	0.00463	0.14377	0.00790
38	0.02046	0.62404	0.03449	0.01293	0.01895	0.02710	0.01242	0.13824	0.01783	0.02173	0.01117	0.01243	0.00966	0.00653	0.00502	0.00163	0.00765	0.00427	0.00377	0.00966
39	0.02330	0.01723	0.01851	0.01469	0.01924	0.01902	0.01171	0.50716	0.08627	0.03807	0.01907	0.02314	0.01538	0.13990	0.01229	0.00301	0.00748	0.00725	0.00664	0.01066
40	0.00857	0.00661	0.00783	0.00881	0.01004	0.00588	0.00612	0.01004	0.01469	0.01861	0.05266	0.46923	0.31432	0.02057	0.00881	0.00269	0.00392	0.01812	0.00661	0.00588
41	0.80005	0.01377	0.01047	0.00936	0.01377	0.01597	0.00771	0.02093	0.01212	0.03195	0.00991	0.01157	0.00771	0.00661	0.00441	0.00220	0.00551	0.00386	0.00441	0.00771
42	0.01763	0.54170	0.23731	0.01459	0.02199	0.02473	0.01637	0.02169	0.01464	0.01847	0.01075	0.01249	0.00910	0.00629	0.00522	0.00174	0.00848	0.00424	0.00303	0.00955
43	0.01450	0.03531	0.65495	0.02113	0.03137	0.01666	0.08269	0.02257	0.01519	0.02257	0.01292	0.01539	0.00917	0.00670	0.00691	0.00227	0.01065	0.00553	0.00306	0.01044
44	0.01053	0.00684	0.00790	0.00790	0.00790	0.00684	0.00448	0.01026	0.01026	0.01368	0.02157	0.04444	0.02472	0.68717	0.03552	0.07475	0.00684	0.01000	0.00421	0.00421
45	0.01704	0.01510	0.02478	0.03583	0.53903	0.01502	0.01857	0.04230	0.01700	0.04916	0.06937	0.08877	0.01919	0.00864	0.00735	0.00220	0.00755	0.00818	0.00446	0.01047
46	0.80005	0.01377	0.01047	0.00936	0.01377	0.01597	0.00771	0.02093	0.01212	0.03195	0.00991	0.01157	0.00771	0.00661	0.00441	0.00220	0.00551	0.00386	0.00441	0.00771
47	0.01147	0.00858	0.01221	0.01182	0.01344	0.00991	0.00926	0.06412	0.01314	0.01871	0.01892	0.02714	0.01736	0.04996	0.66663	0.01073	0.01821	0.00754	0.00407	0.00680
48	0.00956	0.00748	0.00870	0.00856	0.01051	0.00679	0.00635	0.01276	0.04657	0.02362	0.33996	0.12914	0.33091	0.01660	0.00843	0.00238	0.00364	0.01433	0.00717	0.00652
49	0.01019	0.00692	0.00822	0.00865	0.00889	0.00685	0.00541	0.01072	0.01150	0.01527	0.02671	0.16386	0.03086	0.55788	0.02917	0.00589	0.00642	0.07692	0.00491	0.00478
50	0.01529	0.01454	0.02468	0.42890	0.33839	0.01630	0.02069	0.01981	0.01511	0.02043	0.01298	0.01838	0.01028	0.00678	0.00709	0.00226	0.00904	0.00634	0.00332	0.00940
51	0.00856	0.00722	0.00741	0.00736	0.00971	0.00607	0.00552	0.01050	0.01657	0.02004	0.12647	0.06720	0.64761	0.01773	0.00841	0.00239	0.00359	0.01484	0.00672	0.00607
52	0.02279	0.01782	0.01896	0.01552	0.02045	0.02008	0.01250	0.38690	0.33514	0.03797	0.02254	0.02143	0.01652	0.00906	0.00718	0.00226	0.00683	0.00716	0.00718	0.01173
53	0.80005	0.01377	0.01047	0.00936	0.01377	0.01597	0.00771	0.02093	0.01212	0.03195	0.00991	0.01157	0.00771	0.00661	0.00441	0.00220	0.00551	0.00386	0.00441	0.00771
54	0.80005	0.01377	0.01047	0.00936	0.01377	0.01597	0.00771	0.02093	0.01212	0.03195	0.00991	0.01157	0.00771	0.00661	0.00441	0.00220	0.00551	0.00386	0.00441	0.00771
55	0.02664	0.03286	0.02027	0.01819	0.02202	0.66744	0.01374	0.07863	0.02120	0.01954	0.01147	0.01317	0.00940	0.00743	0.00647	0.00186	0.01246	0.00473	0.00393	0.00855
56	0.01904	0.75404	0.03731	0.01218	0.01828	0.02818	0.01218	0.02132	0.01447	0.01675	0.00990	0.01142	0.00914	0.00609	0.00457	0.00152	0.00761	0.00381	0.00305	0.00914
57	0.01762	0.01692	0.02890	0.04371	0.70533	0.01692	0.02185	0.02185	0.01621	0.02326	0.01339	0.01762	0.01128	0.00634	0.00705	0.00211	0.00846	0.00634	0.00352	0.01128
58	0.01760	0.01926	0.04043	0.02896	0.03605	0.01832	0.62830	0.07344	0.01809	0.02450	0.01461	0.01905	0.01090	0.00620	0.00830	0.00238	0.01168	0.00825	0.00387	0.00980
59	0.80005	0.01377	0.01047	0.00936	0.01377	0.01597	0.00771	0.02093	0.01212	0.03195	0.00991	0.01157	0.00771	0.00661	0.00441	0.00220	0.00551	0.00386	0.00441	0.00771
60	0.01036	0.00690	0.00777	0.00777	0.00777	0.00690	0.00431	0.01036	0.01036	0.01381	0.02244	0.04660	0.02589	0.74975	0.03624	0.00690	0.00690	0.01036	0.00431	0.00431
61	0.01477	0.01266	0.01477	0.01055	0.01687	0.00949	0.00844	0.01793	0.01477	0.02320	0.01266	0.01477	0.01055	0.00527	0.00527	0.00105	0.00527	0.00422	0.00422	0.79328
62	0.01147	0.00820	0.01147	0.01311	0.01475	0.00820	0.01147	0.01475	0.01639	0.02131	0.03770	0.08032	0.04098	0.01967	0.00984	0.00328	0.00656	0.65741	0.00656	0.00656
63	0.01126	0.00804	0.01123	0.01287	0.01441	0.00801	0.01110	0.01438	0.01618	0.02107	0.03782	0.13121	0.04145	0.01987	0.00978	0.00325	0.00637	0.60863	0.00656	0.00650
64	0.01681	0.01921	0.04202	0.03001	0.03721	0.01801	0.67947	0.02281	0.01681	0.02281	0.01441	0.01921	0.01080	0.00600	0.00840	0.00240	0.01200	0.00840	0.00360	0.00960
65	0.80005	0.01377	0.01047	0.00936	0.01377	0.01597	0.00771	0.02093	0.01212	0.03195	0.00991	0.01157	0.00771	0.00661	0.00441	0.00220	0.00551	0.00386	0.00441	0.00771
66	0.00984	0.00727	0.00919	0.00871	0.01049	0.00662	0.00653	0.01298	0.01960	0.02723	0.61209	0.05537	0.15750	0.01505	0.00840	0.00226	0.00339	0.01318	0.00766	0.00662
67	0.00866	0.00627	0.00818	0.00971	0.01027	0.00580	0.00652	0.00994	0.01383	0.01826	0.04177	0.69311	0.09746	0.02198	0.00904	0.00285	0.00409	0.01984	0.00661	0.00580
68	0.01858	0.01433	0.01565	0.01381	0.01779	0.01605	0.01080	0.06057	0.53268	0.09296	0.10009	0.02881	0.02582	0.01006	0.00736	0.00237	0.00552	0.00842	0.00745	0.01090
69	0.02493	0.02570	0.01926	0.01640	0.02093	0.39085	0.01272	0.16646	0.08367	0.06572	0.01511	0.01587	0.01158	0.00767	0.00656	0.00189	0.00991	0.00540	0.00509	0.09428
70	0.13697	0.01929	0.01899	0.01626	0.01902	0.15775	0.01315	0.11053	0.07258	0.06136	0.01341	0.01601	0.01090	0.00964	0.01286	0.00249	0.28944	0.00578	0.00459	0.00896
71	0.01345	0.01266	0.02136	0.73264	0.04904	0.01582	0.01978	0.01819	0.01424	0.01819	0.01266	0.01898	0.00949	0.00712	0.00712	0.00237	0.00949	0.00633	0.00316	0.00791
72	0.01008	0.00728	0.00952	0.00896	0.01064	0.00672	0.00672	0.01344	0.02016	0.02855	0.70158	0.05319	0.06719	0.01456	0.00840	0.00224	0.00336	0.01288	0.00784	0.00672
73	0.01408	0.01308	0.02166	0.68058	0.07423	0.01608	0.01964	0.04116	0.01498	0.01931	0.01284	0.01887	0.00965	0.00714	0.00712	0.00235	0.00939	0.00633	0.00331	0.00819
74	0.00868	0.00620	0.00826	0.00991	0.01033	0.00578	0.00661	0.00991	0.01363	0.01818	0.03925	0.74510	0.04710	0.02231	0.00909	0.00289	0.00413	0.02024	0.00661	0.00578
75	0.00868	0.00620	0.00826	0.00991	0.01033	0.00578	0.00661	0.00991	0.01363	0.01818	0.03925	0.74510	0.04710	0.02231	0.00909	0.00289	0.00413	0.02024	0.00661	0.00578
76	0.00996	0.00674	0.00788	0.00827	0.00837	0.00664	0.00486	0.01025	0.01113	0.01484	0.02641	0.21162	0.03090	0.57790	0.02983	0.00596	0.00625	0.01269	0.00486	0.00466
77	0.01526	0.01450	0.02463	0.43414	0.33339	0.01630	0.02068	0.01978	0.01509	0.02039	0.01298	0.01839	0.01027	0.00678	0.00709	0.00226	0.00904	0.00634	0.00332	0.00937

[dist]
# distance from previous block
# <min> <max>
0	42

[block]
# block no. 1 follows, 29 sequences, length 85
# corresponding to MSA columns:
# 180-264
name=unknown_B
#
# <colnr> <probs for GDERKNQSTAVLIFYWHMCP>
#	G	D	E	R	K	N	Q	S	T	A	V	L	I	F	Y	W	H	M	C	P
0	0.01805	0.01653	0.02719	0.03891	0.58581	0.01711	0.02035	0.02270	0.04638	0.05180	0.01436	0.01813	0.01185	0.00713	0.00848	0.00222	0.07166	0.00645	0.00388	0.01101
1	0.73154	0.01367	0.01141	0.07236	0.01684	0.01596	0.00876	0.02069	0.01230	0.03075	0.01015	0.01221	0.00787	0.00665	0.00464	0.00222	0.00586	0.00407	0.00430	0.00773
2	0.01121	0.00811	0.01110	0.01260	0.01431	0.00801	0.01095	0.01436	0.01638	0.02113	0.04070	0.07929	0.09859	0.01953	0.00971	0.00320	0.00630	0.60145	0.00656	0.00651
3	0.01738	0.01656	0.02770	0.04090	0.64698	0.01629	0.02072	0.02152	0.01609	0.02326	0.01333	0.01738	0.01122	0.00625	0.00690	0.00202	0.00819	0.00616	0.00358	0.07756
4	0.01347	0.00742	0.00796	0.00769	0.00920	0.00796	0.00590	0.01664	0.01458	0.02573	0.02202	0.02559	0.01748	0.00866	0.00658	0.00179	0.06720	0.00660	0.72081	0.00674
5	0.01021	0.00747	0.01065	0.01065	0.01164	0.00847	0.00791	0.01220	0.01121	0.01594	0.01980	0.03201	0.01956	0.20444	0.57289	0.01046	0.01643	0.00822	0.00392	0.00591
6	0.01345	0.01266	0.02136	0.73264	0.04904	0.01582	0.01978	0.01819	0.01424	0.01819	0.01266	0.01898	0.00949	0.00712	0.00712	0.00237	0.00949	0.00633	0.00316	0.00791
7	0.01508	0.01585	0.07871	0.01478	0.02162	0.01158	0.12749	0.01918	0.01515	0.02308	0.01297	0.01557	0.01046	0.00553	0.00595	0.00139	0.00690	0.00504	0.00401	0.58967
8	0.01374	0.01323	0.02316	0.67144	0.04801	0.01601	0.07724	0.01860	0.01446	0.01860	0.01281	0.01900	0.00961	0.00702	0.00723	0.00238	0.00971	0.00651	0.00320	0.00806
9	0.01399	0.01321	0.02234	0.64266	0.13475	0.01596	0.02005	0.01867	0.01450	0.01886	0.01275	0.01881	0.00973	0.00702	0.00711	0.00234	0.00936	0.00633	0.00321	0.00835
10	0.01761	0.01613	0.02224	0.02471	0.22850	0.01750	0.07268	0.03168	0.42847	0.02720	0.02298	0.02321	0.01761	0.00834	0.00729	0.00232	0.00705	0.00756	0.00580	0.01113
11	0.80005	0.01377	0.01047	0.00936	0.01377	0.01597	0.00771	0.02093	0.01212	0.03195	0.00991	0.01157	0.00771	0.00661	0.00441	0.00220	0.00551	0.00386	0.00441	0.00771
12	0.01608	0.03262	0.57311	0.02082	0.03052	0.01620	0.10357	0.02361	0.01570	0.08087	0.01427	0.01632	0.00996	0.00685	0.00700	0.00227	0.01032	0.00580	0.00357	0.01055
13	0.01525	0.01177	0.01880	0.09894	0.21457	0.01192	0.03726	0.01893	0.01638	0.07988	0.02662	0.07014	0.02643	0.01327	0.00846	0.00272	0.00747	0.30717	0.00543	0.00858
14	0.01613	0.01539	0.02620	0.29073	0.47001	0.01652	0.02111	0.02054	0.01551	0.02145	0.01313	0.01811	0.01064	0.00662	0.00707	0.00221	0.00883	0.00634	0.00340	0.01007
15	0.01345	0.01266	0.02136	0.73264	0.04904	0.01582	0.01978	0.01819	0.01424	0.01819	0.01266	0.01898	0.00949	0.00712	0.00712	0.00237	0.00949	0.00633	0.00316	0.00791
16	0.01762	0.01692	0.02890	0.04371	0.70533	0.01692	0.02185	0.02185	0.01621	0.02326	0.01339	0.01762	0.01128	0.00634	0.00705	0.00211	0.00846	0.00634	0.00352	0.01128
17	0.02707	0.01995	0.02137	0.01638	0.02208	0.02208	0.01353	0.68159	0.03348	0.04488	0.01710	0.01710	0.01211	0.00855	0.00712	0.00214	0.00784	0.00641	0.00712	0.01211
18	0.00993	0.00727	0.00932	0.00881	0.01055	0.00666	0.00660	0.01316	0.01981	0.02774	0.64675	0.05453	0.12252	0.01486	0.00840	0.00225	0.00338	0.01306	0.00773	0.00666
19	0.01344	0.01243	0.02081	0.70555	0.04752	0.01548	0.01922	0.01813	0.01426	0.01851	0.01305	0.01927	0.00982	0.00716	0.00704	0.00235	0.00926	0.00634	0.03250	0.00786
20	0.80005	0.01377	0.01047	0.00936	0.01377	0.01597	0.00771	0.02093	0.01212	0.03195	0.00991	0.01157	0.00771	0.00661	0.00441	0.00220	0.00551	0.00386	0.00441	0.00771
21	0.01693	0.00873	0.00939	0.00840	0.01095	0.00878	0.00655	0.09189	0.01760	0.10696	0.02311	0.02524	0.01750	0.00838	0.00546	0.00177	0.00413	0.00667	0.61367	0.00787
22	0.00860	0.00722	0.00746	0.00740	0.00973	0.00609	0.00555	0.01057	0.01665	0.02024	0.14015	0.06687	0.63380	0.01766	0.00841	0.00239	0.00358	0.01480	0.00674	0.00609
23	0.01263	0.00784	0.01034	0.00939	0.01152	0.00716	0.00716	0.01592	0.02018	0.10814	0.62295	0.04981	0.06140	0.01389	0.00825	0.00224	0.00367	0.01221	0.00795	0.00735
24	0.45036	0.01590	0.01499	0.01223	0.01720	0.01776	0.01009	0.26533	0.02068	0.09420	0.01410	0.01468	0.01017	0.00751	0.00564	0.00218	0.00641	0.00508	0.00578	0.00970
25	0.01786	0.01515	0.02130	0.01588	0.02129	0.01451	0.12080	0.11158	0.01743	0.06243	0.01391	0.01645	0.01101	0.00710	0.00882	0.00179	0.11483	0.00567	0.00461	0.39759
26	0.01884	0.60339	0.03684	0.01506	0.02100	0.04817	0.10374	0.02159	0.01483	0.01762	0.01053	0.01269	0.00938	0.00636	0.00585	0.00171	0.03558	0.00455	0.00314	0.00912
27	0.00868	0.00620	0.00826	0.00991	0.01033	0.00578	0.00661	0.00991	0.01363	0.01818	0.03925	0.74510	0.04710	0.02231	0.00909	0.00289	0.00413	0.02024	0.00661	0.00578
28	0.02817	0.01818	0.02028	0.01555	0.02120	0.01947	0.01284	0.53608	0.03053	0.19455	0.01957	0.01870	0.01335	0.00861	0.00713	0.00215	0.00744	0.00658	0.00750	0.01211
29	0.01505	0.00847	0.01060	0.00938	0.01222	0.00745	0.00727	0.01780	0.01907	0.19588	0.35043	0.05043	0.23968	0.01414	0.00809	0.00228	0.00410	0.01208	0.00772	0.00786
30	0.00868	0.00620	0.00826	0.00991	0.01033	0.00578	0.00661	0.00991	0.01363	0.01818	0.03925	0.74510	0.04710	0.02231	0.00909	0.00289	0.00413	0.02024	0.00661	0.00578
31	0.02665	0.03234	0.02032	0.01812	0.02202	0.64114	0.01373	0.10320	0.02170	0.02057	0.01170	0.01333	0.00951	0.00748	0.00650	0.00187	0.01227	0.00480	0.00406	0.00870
32	0.00868	0.00620	0.00826	0.00991	0.01033	0.00578	0.00661	0.00991	0.01363	0.01818	0.03925	0.74510	0.04710	0.02231	0.00909	0.00289	0.00413	0.02024	0.00661	0.00578
33	0.01278	0.00911	0.01092	0.01007	0.01239	0.00919	0.00767	0.01968	0.16287	0.05352	0.47470	0.04414	0.05144	0.01276	0.00781	0.00223	0.00394	0.01110	0.07581	0.00788
34	0.00914	0.00669	0.00861	0.00949	0.01053	0.00616	0.00672	0.01109	0.01577	0.02116	0.21649	0.45533	0.12821	0.01966	0.00886	0.00268	0.00398	0.04640	0.00693	0.00609
35	0.01252	0.00832	0.01064	0.00998	0.01208	0.00796	0.00759	0.01710	0.07804	0.08530	0.50572	0.10949	0.05639	0.01449	0.00830	0.00234	0.00396	0.03457	0.00772	0.00749
36	0.01709	0.01996	0.13052	0.03963	0.57561	0.01691	0.05213	0.02200	0.01607	0.02314	0.01335	0.01731	0.01092	0.00639	0.00707	0.00215	0.00892	0.00628	0.00345	0.01109
37	0.01703	0.01631	0.02783	0.14188	0.61181	0.01676	0.02156	0.02133	0.01593	0.02254	0.01329	0.01782	0.01102	0.00645	0.00706	0.00215	0.00861	0.00634	0.00347	0.01080
38	0.80005	0.01377	0.01047	0.00936	0.01377	0.01597	0.00771	0.02093	0.01212	0.03195	0.00991	0.01157	0.00771	0.00661	0.00441	0.00220	0.00551	0.00386	0.00441	0.00771
39	0.01656	0.07937	0.12008	0.01277	0.01935	0.01323	0.01189	0.02255	0.10201	0.06831	0.01554	0.01665	0.01210	0.00636	0.00581	0.00152	0.00635	0.00502	0.00463	0.45990
40	0.02136	0.02704	0.14348	0.02252	0.02881	0.27997	0.26356	0.02590	0.01808	0.08051	0.01405	0.01657	0.01049	0.00687	0.00728	0.00215	0.01155	0.00634	0.00398	0.00947
41	0.01636	0.21778	0.31908	0.01585	0.02304	0.01882	0.01753	0.02480	0.14837	0.04274	0.07402	0.01985	0.01672	0.00788	0.00643	0.00209	0.00806	0.00613	0.00443	0.01003
42	0.00860	0.00722	0.00746	0.00740	0.00973	0.00609	0.00555	0.01057	0.01665	0.02024	0.14015	0.06687	0.63380	0.01766	0.00841	0.00239	0.00358	0.01480	0.00674	0.00609
43	0.01620	0.01867	0.18499	0.01370	0.02100	0.01155	0.03388	0.02065	0.01538	0.08239	0.01407	0.01579	0.01080	0.00596	0.00590	0.00149	0.00682	0.00486	0.00430	0.51159
44	0.73449	0.01548	0.01129	0.01013	0.01447	0.07575	0.00822	0.02157	0.01280	0.03072	0.01001	0.01168	0.00784	0.00667	0.00458	0.00217	0.00613	0.00392	0.00434	0.00776
45	0.00865	0.00629	0.00817	0.00968	0.01027	0.00580	0.00651	0.00994	0.01386	0.01827	0.04211	0.68617	0.10418	0.02194	0.00903	0.00285	0.00409	0.01979	0.00661	0.00580
46	0.01771	0.01530	0.01610	0.01449	0.01852	0.01771	0.01127	0.03784	0.69247	0.02979	0.02898	0.02657	0.02174	0.00966	0.00725	0.00242	0.00564	0.00805	0.00725	0.01127
47	0.08693	0.68969	0.03498	0.01194	0.01788	0.02711	0.01180	0.02129	0.01426	0.01807	0.00990	0.01144	0.00901	0.00614	0.00455	0.00158	0.00743	0.00381	0.00316	0.00901
48	0.24993	0.01960	0.14165	0.02095	0.13530	0.01663	0.10626	0.10264	0.01742	0.10399	0.01447	0.01627	0.01057	0.00699	0.00643	0.00222	0.00809	0.00580	0.00472	0.01006
49	0.01840	0.12272	0.39029	0.01681	0.02476	0.01710	0.01919	0.10306	0.01833	0.11482	0.07331	0.01925	0.01546	0.00782	0.00671	0.00214	0.00863	0.00610	0.00468	0.01042
50	0.01646	0.01302	0.01924	0.26340	0.18804	0.03931	0.01536	0.02022	0.01691	0.11592	0.13350	0.02910	0.08087	0.00935	0.00741	0.00225	0.00738	0.00822	0.00511	0.00893
51	0.14407	0.01284	0.01406	0.01035	0.01636	0.01056	0.00832	0.01842	0.01433	0.02464	0.01220	0.01424	0.01008	0.00549	0.00513	0.00124	0.00531	0.00416	0.00425	0.66393
52	0.01413	0.01336	0.02260	0.61920	0.15711	0.01600	0.02012	0.01880	0.01456	0.01903	0.01278	0.01876	0.00979	0.00699	0.00711	0.00233	0.00932	0.00633	0.00322	0.00846
53	0.01413	0.01336	0.02260	0.61920	0.15711	0.01600	0.02012	0.01880	0.01456	0.01903	0.01278	0.01876	0.00979	0.00699	0.00711	0.00233	0.00932	0.00633	0.00322	0.00846
54	0.00868	0.00620	0.00826	0.00991	0.01033	0.00578	0.00661	0.00991	0.01363	0.01818	0.03925	0.74510	0.04710	0.02231	0.00909	0.00289	0.00413	0.02024	0.00661	0.00578
55	0.80005	0.01377	0.01047	0.00936	0.01377	0.01597	0.00771	0.02093	0.01212	0.03195	0.00991	0.01157	0.00771	0.00661	0.00441	0.00220	0.00551	0.00386	0.00441	0.00771
56	0.01477	0.01266	0.01477	0.01055	0.01687	0.00949	0.00844	0.01793	0.01477	0.02320	0.01266	0.01477	0.01055	0.00527	0.00527	0.00105	0.00527	0.00422	0.00422	0.79328
57	0.01762	0.01692	0.02890	0.04371	0.70533	0.01692	0.02185	0.02185	0.01621	0.02326	0.01339	0.01762	0.01128	0.00634	0.00705	0.00211	0.00846	0.00634	0.00352	0.01128
58	0.01345	0.01266	0.02136	0.73264	0.04904	0.01582	0.01978	0.01819	0.01424	0.01819	0.01266	0.01898	0.00949	0.00712	0.00712	0.00237	0.00949	0.00633	0.00316	0.00791
59	0.03195	0.01212	0.01652	0.01267	0.01818	0.01047	0.01047	0.03470	0.02038	0.71026	0.02809	0.02424	0.01763	0.00881	0.00716	0.00220	0.00606	0.00716	0.00881	0.01212
60	0.09158	0.02152	0.01971	0.01596	0.02101	0.14898	0.01286	0.44248	0.09441	0.03727	0.01655	0.01679	0.01215	0.00827	0.00678	0.00211	0.00834	0.00602	0.00627	0.01095
61	0.01932	0.02038	0.02635	0.03583	0.49190	0.16637	0.01951	0.02277	0.01652	0.02141	0.01248	0.01641	0.01064	0.00717	0.00855	0.00216	0.08246	0.00596	0.00351	0.01029
62	0.00842	0.00721	0.00721	0.00721	0.00962	0.00601	0.00541	0.01022	0.01623	0.01924	0.07213	0.06853	0.70244	0.01803	0.00842	0.00240	0.00361	0.01503	0.00661	0.00601
63	0.01345	0.01266	0.02136	0.73264	0.04904	0.01582	0.01978	0.01819	0.01424	0.01819	0.01266	0.01898	0.00949	0.00712	0.00712	0.00237	0.00949	0.00633	0.00316	0.00791
64	0.01738	0.01667	0.02847	0.08333	0.66758	0.01686	0.02173	0.02164	0.01610	0.02297	0.01335	0.01770	0.01118	0.00639	0.00705	0.00213	0.00852	0.00634	0.00350	0.01109
65	0.00891	0.00637	0.00853	0.01019	0.01070	0.00599	0.00702	0.01032	0.01387	0.01844	0.03912	0.68876	0.04658	0.02208	0.00915	0.00292	0.00434	0.07425	0.00661	0.00585
66	0.01036	0.00690	0.00777	0.00777	0.00777	0.00690	0.00431	0.01036	0.01036	0.01381	0.02244	0.04660	0.02589	0.74975	0.03624	0.00690	0.00690	0.01036	0.00431	0.00431
67	0.09216	0.03223	0.01936	0.01758	0.02131	0.66139	0.01325	0.02780	0.01950	0.01866	0.01091	0.01273	0.00905	0.00728	0.00625	0.00187	0.01222	0.00452	0.00373	0.00821
68	0.00868	0.00620	0.00826	0.00991	0.01033	0.00578	0.00661	0.00991	0.01363	0.01818	0.03925	0.74510	0.04710	0.02231	0.00909	0.00289	0.00413	0.02024	0.00661	0.00578
69	0.29207	0.20379	0.08005	0.01310	0.01885	0.02064	0.01216	0.20898	0.01929	0.05354	0.01279	0.01381	0.00976	0.00712	0.00551	0.00202	0.00714	0.00480	0.00486	0.00970
70	0.01632	0.01498	0.02247	0.02862	0.39203	0.01354	0.01575	0.02007	0.01555	0.02324	0.01306	0.01632	0.01095	0.00586	0.00624	0.00163	0.00701	0.00538	0.00384	0.36716
71	0.08632	0.14331	0.10335	0.01956	0.12060	0.07654	0.03364	0.12338	0.15504	0.04670	0.01640	0.01735	0.01259	0.00751	0.00642	0.00209	0.00803	0.00588	0.00491	0.01039
72	0.01927	0.50074	0.11859	0.01567	0.02241	0.02381	0.10574	0.02284	0.01537	0.07858	0.01245	0.01405	0.01009	0.00640	0.00559	0.00179	0.00844	0.00491	0.00362	0.00963
73	0.01904	0.75404	0.03731	0.01218	0.01828	0.02818	0.01218	0.02132	0.01447	0.01675	0.00990	0.01142	0.00914	0.00609	0.00457	0.00152	0.00761	0.00381	0.00305	0.00914
74	0.01008	0.00728	0.00952	0.00896	0.01064	0.00672	0.00672	0.01344	0.02016	0.02855	0.70158	0.05319	0.06719	0.01456	0.00840	0.00224	0.00336	0.01288	0.00784	0.00672
75	0.01409	0.01317	0.02140	0.62461	0.08983	0.01606	0.01917	0.02014	0.07332	0.01954	0.01412	0.01955	0.01067	0.00729	0.00713	0.00236	0.00909	0.00648	0.00354	0.00843
76	0.01708	0.01631	0.02686	0.05973	0.56716	0.01668	0.02011	0.02100	0.01557	0.02257	0.01296	0.01724	0.01099	0.00681	0.00832	0.00212	0.07165	0.00615	0.00354	0.07716
77	0.01058	0.00789	0.01086	0.01065	0.01141	0.00905	0.00776	0.01219	0.01104	0.01564	0.01959	0.03354	0.02002	0.28897	0.44197	0.00935	0.06130	0.00847	0.00394	0.00575
78	0.01008	0.00728	0.00952	0.00896	0.01064	0.00672	0.00672	0.01344	0.02016	0.02855	0.70158	0.05319	0.06719	0.01456	0.00840	0.00224	0.00336	0.01288	0.00784	0.00672
79	0.00924	0.00725	0.00835	0.00807	0.01012	0.00636	0.00606	0.01181	0.01817	0.02383	0.38241	0.06097	0.38930	0.01632	0.00841	0.00232	0.00348	0.01397	0.00722	0.00636
80	0.14334	0.01321	0.02022	0.55353	0.10040	0.01594	0.01797	0.01896	0.01406	0.02090	0.01227	0.01764	0.00935	0.00697	0.00667	0.00232	0.00875	0.00592	0.00340	0.00817
81	0.01345	0.01266	0.02136	0.73264	0.04904	0.01582	0.01978	0.01819	0.01424	0.01819	0.01266	0.01898	0.00949	0.00712	0.00712	0.00237	0.00949	0.00633	0.00316	0.00791
82	0.01952	0.01506	0.02539	0.03023	0.36371	0.01459	0.10797	0.02426	0.04593	0.16286	0.09836	0.02375	0.01953	0.00790	0.00743	0.00220	0.00774	0.00764	0.00527	0.01068
83	0.00874	0.00726	0.00766	0.00766	0.00995	0.00618	0.00581	0.01078	0.01669	0.02040	0.14316	0.06726	0.60160	0.01770	0.00847	0.00242	0.00370	0.04169	0.00675	0.00612
84	0.01521	0.05559	0.45332	0.07842	0.02818	0.01629	0.02110	0.08361	0.04202	0.02506	0.09712	0.02047	0.01687	0.00799	0.00696	0.00223	0.00903	0.00643	0.00415	0.00997

[dist]
# distance from previous block
# <min> <max>
0	3

[block]
# block no. 2 follows, 29 sequences, length 53
# corresponding to MSA columns:
# 271-323
name=unknown_C
#
# <colnr> <probs for GDERKNQSTAVLIFYWHMCP>
#	G	D	E	R	K	N	Q	S	T	A	V	L	I	F	Y	W	H	M	C	P
0	0.01609	0.01673	0.06701	0.26284	0.45529	0.01654	0.02145	0.02072	0.01551	0.02160	0.01312	0.01791	0.01057	0.00662	0.00705	0.00221	0.00891	0.00628	0.00338	0.01016
1	0.06732	0.02682	0.10520	0.05572	0.12031	0.36381	0.04422	0.02505	0.04118	0.02109	0.05338	0.01714	0.01333	0.00753	0.00670	0.00204	0.01050	0.00573	0.00396	0.00898
2	0.01766	0.01760	0.02691	0.15792	0.53822	0.07477	0.02084	0.02178	0.01621	0.02193	0.01307	0.01746	0.01080	0.00656	0.00701	0.00214	0.00899	0.00620	0.00348	0.01046
3	0.01676	0.01520	0.05628	0.01361	0.01738	0.01569	0.01098	0.09017	0.44433	0.02798	0.05810	0.02967	0.02298	0.13457	0.01216	0.00313	0.00623	0.00836	0.00652	0.00991
4	0.01555	0.01475	0.02430	0.12391	0.50560	0.01494	0.01882	0.01943	0.01597	0.02195	0.02322	0.02639	0.12774	0.00842	0.00729	0.00220	0.00777	0.00781	0.00400	0.00997
5	0.02953	0.01293	0.01861	0.01791	0.13419	0.01156	0.01239	0.03253	0.01968	0.59428	0.02561	0.02312	0.01655	0.00840	0.00714	0.00219	0.00646	0.00702	0.00792	0.01198
6	0.01477	0.01266	0.01477	0.01055	0.01687	0.00949	0.00844	0.01793	0.01477	0.02320	0.01266	0.01477	0.01055	0.00527	0.00527	0.00105	0.00527	0.00422	0.00422	0.79328
7	0.01727	0.01656	0.02827	0.10140	0.65037	0.01683	0.02168	0.02155	0.01605	0.02284	0.01333	0.01774	0.01113	0.00641	0.00706	0.00214	0.00855	0.00634	0.00349	0.01100
8	0.00842	0.00721	0.00721	0.00721	0.00962	0.00601	0.00541	0.01022	0.01623	0.01924	0.07213	0.06853	0.70244	0.01803	0.00842	0.00240	0.00361	0.01503	0.00661	0.00601
9	0.01681	0.01921	0.04202	0.03001	0.03721	0.01801	0.67947	0.02281	0.01681	0.02281	0.01441	0.01921	0.01080	0.00600	0.00840	0.00240	0.01200	0.00840	0.00360	0.00960
10	0.01345	0.01266	0.02136	0.73264	0.04904	0.01582	0.01978	0.01819	0.01424	0.01819	0.01266	0.01898	0.00949	0.00712	0.00712	0.00237	0.00949	0.00633	0.00316	0.00791
11	0.00868	0.00620	0.00826	0.00991	0.01033	0.00578	0.00661	0.00991	0.01363	0.01818	0.03925	0.74510	0.04710	0.02231	0.00909	0.00289	0.00413	0.02024	0.00661	0.00578
12	0.00966	0.00726	0.00894	0.00852	0.01038	0.00654	0.00639	0.01264	0.01918	0.02624	0.54500	0.05701	0.22521	0.01542	0.00840	0.00228	0.00342	0.01341	0.00753	0.00654
13	0.01771	0.01530	0.01610	0.01449	0.01852	0.01771	0.01127	0.03784	0.69247	0.02979	0.02898	0.02657	0.02174	0.00966	0.00725	0.00242	0.00564	0.00805	0.00725	0.01127
14	0.02072	0.01878	0.16783	0.07861	0.20952	0.01380	0.01739	0.02525	0.01693	0.23781	0.01772	0.01889	0.01256	0.00713	0.00681	0.00206	0.00783	0.00610	0.00513	0.10916
15	0.01788	0.02121	0.14551	0.02650	0.14404	0.01801	0.26911	0.10255	0.13117	0.02660	0.01671	0.01922	0.01256	0.00710	0.00756	0.00230	0.00960	0.00724	0.00451	0.01061
16	0.01345	0.01266	0.02136	0.73264	0.04904	0.01582	0.01978	0.01819	0.01424	0.01819	0.01266	0.01898	0.00949	0.00712	0.00712	0.00237	0.00949	0.00633	0.00316	0.00791
17	0.00872	0.00656	0.00808	0.00911	0.01016	0.00592	0.00630	0.01028	0.01485	0.01929	0.10085	0.50840	0.22457	0.02054	0.00885	0.00271	0.00393	0.01826	0.00671	0.00592
18	0.01529	0.01673	0.03542	0.05712	0.03319	0.01585	0.53724	0.02043	0.01616	0.02183	0.01852	0.14175	0.01687	0.00880	0.00846	0.00248	0.01057	0.01031	0.00409	0.00889
19	0.01345	0.01266	0.02136	0.73264	0.04904	0.01582	0.01978	0.01819	0.01424	0.01819	0.01266	0.01898	0.00949	0.00712	0.00712	0.00237	0.00949	0.00633	0.00316	0.00791
20	0.01762	0.01692	0.02890	0.04371	0.70533	0.01692	0.02185	0.02185	0.01621	0.02326	0.01339	0.01762	0.01128	0.00634	0.00705	0.00211	0.00846	0.00634	0.00352	0.01128
21	0.01455	0.01556	0.06963	0.50037	0.16946	0.01625	0.07416	0.01954	0.01487	0.01980	0.01294	0.01849	0.00990	0.00686	0.00719	0.00232	0.00957	0.00643	0.00326	0.00885
22	0.01947	0.01364	0.01998	0.34825	0.09080	0.01509	0.01593	0.13326	0.01910	0.16235	0.04551	0.05251	0.01568	0.00859	0.00726	0.00229	0.00796	0.00738	0.00533	0.00961
23	0.01130	0.01042	0.04058	0.10499	0.05989	0.01057	0.05105	0.01417	0.01322	0.01829	0.02362	0.25899	0.02486	0.02848	0.26022	0.00575	0.04058	0.01141	0.00456	0.00706
24	0.01242	0.01036	0.01313	0.15613	0.06030	0.05135	0.01066	0.01490	0.01546	0.05231	0.05867	0.29586	0.16866	0.01558	0.00819	0.00254	0.00601	0.03467	0.00571	0.00709
25	0.02459	0.01528	0.02045	0.10568	0.15634	0.04336	0.01457	0.10772	0.05982	0.31499	0.02061	0.02076	0.01429	0.00825	0.00781	0.00224	0.03912	0.00672	0.00636	0.01106
26	0.01746	0.04239	0.06390	0.04789	0.21542	0.01453	0.09905	0.02350	0.10650	0.11633	0.02543	0.09489	0.08155	0.00977	0.00748	0.00230	0.00746	0.00895	0.00528	0.00992
27	0.01529	0.01250	0.02070	0.11125	0.17115	0.01258	0.10757	0.01997	0.05681	0.08244	0.11996	0.14989	0.02793	0.01145	0.00797	0.00243	0.00714	0.04865	0.00549	0.00884
28	0.01617	0.01804	0.13980	0.15457	0.34829	0.01498	0.01962	0.02093	0.01628	0.06331	0.07944	0.02278	0.03903	0.00784	0.00719	0.00221	0.00822	0.00710	0.00419	0.01001
29	0.01703	0.02288	0.24028	0.18385	0.24155	0.05804	0.02138	0.02232	0.01573	0.06520	0.01370	0.01718	0.01039	0.00707	0.00750	0.00224	0.03406	0.00595	0.00361	0.01006
30	0.01693	0.01572	0.02626	0.35306	0.21300	0.01730	0.11377	0.11355	0.01783	0.02393	0.01372	0.01840	0.01051	0.00696	0.00729	0.00228	0.00935	0.00664	0.00388	0.00962
31	0.01875	0.01503	0.10285	0.12877	0.02286	0.01272	0.01311	0.13168	0.02004	0.18410	0.12313	0.06534	0.10942	0.01087	0.00752	0.00229	0.00668	0.00909	0.00637	0.00940
32	0.01747	0.01624	0.11386	0.02213	0.16546	0.01276	0.13357	0.02160	0.01694	0.16061	0.05649	0.09446	0.11595	0.01031	0.00772	0.00232	0.00758	0.00952	0.00544	0.00960
33	0.02192	0.01879	0.13721	0.15892	0.12386	0.04892	0.01695	0.06597	0.05984	0.24761	0.01900	0.01990	0.01321	0.00775	0.00704	0.00222	0.00823	0.00645	0.00554	0.01067
34	0.06186	0.01985	0.02125	0.02051	0.13649	0.09672	0.01432	0.37370	0.09072	0.06829	0.01713	0.01771	0.01263	0.00807	0.00692	0.00213	0.00808	0.00627	0.00610	0.01125
35	0.01722	0.01418	0.02337	0.31273	0.32824	0.01518	0.01887	0.02137	0.01592	0.10303	0.01769	0.02141	0.04472	0.00751	0.00716	0.00224	0.00835	0.00685	0.00416	0.00978
36	0.01899	0.02630	0.29393	0.02314	0.15192	0.12929	0.05871	0.02421	0.01705	0.11101	0.04328	0.04043	0.01419	0.00779	0.00705	0.00218	0.00954	0.00655	0.00430	0.01015
37	0.02453	0.01835	0.11542	0.01599	0.06051	0.09791	0.01344	0.06971	0.02016	0.34898	0.11804	0.02482	0.02170	0.00900	0.00718	0.00216	0.00738	0.00730	0.00681	0.01061
38	0.01567	0.01152	0.05570	0.01686	0.13028	0.00970	0.01175	0.01864	0.01662	0.15925	0.06706	0.20222	0.12100	0.01462	0.00822	0.00255	0.00591	0.11759	0.00637	0.00846
39	0.01815	0.01903	0.09318	0.10565	0.47968	0.05045	0.04324	0.02267	0.01636	0.06310	0.01405	0.01772	0.01114	0.00664	0.00705	0.00216	0.00895	0.00627	0.00376	0.01072
40	0.01899	0.03024	0.52716	0.01826	0.02745	0.01492	0.02208	0.02579	0.01646	0.20595	0.01686	0.01749	0.01132	0.00731	0.00687	0.00224	0.00933	0.00577	0.00456	0.01095
41	0.01017	0.00763	0.01144	0.01144	0.01272	0.00890	0.00890	0.01272	0.01144	0.01653	0.01907	0.02797	0.01780	0.05340	0.72153	0.01144	0.01907	0.00763	0.00381	0.00636
42	0.01632	0.01479	0.02608	0.11424	0.34715	0.01494	0.13554	0.02024	0.01527	0.05420	0.01566	0.02259	0.01349	0.10101	0.05489	0.00337	0.00956	0.00732	0.00387	0.00946
43	0.01788	0.10813	0.14095	0.03132	0.39330	0.01762	0.04238	0.05009	0.01664	0.05622	0.01502	0.05172	0.01270	0.00735	0.00686	0.00212	0.00847	0.00664	0.00394	0.01065
44	0.01027	0.00766	0.01059	0.01245	0.05287	0.00732	0.00880	0.01274	0.01611	0.02171	0.18828	0.33764	0.07578	0.01872	0.00898	0.00278	0.00485	0.18922	0.00669	0.00654
45	0.00940	0.00679	0.00885	0.01003	0.01093	0.00639	0.00724	0.01119	0.01483	0.01967	0.11179	0.45883	0.09882	0.06391	0.01071	0.00309	0.00460	0.13038	0.00660	0.00595
46	0.06609	0.02360	0.22360	0.04438	0.07853	0.08216	0.03707	0.09843	0.03629	0.09837	0.01456	0.01672	0.01089	0.00821	0.00950	0.00234	0.12889	0.00590	0.00444	0.01001
47	0.01916	0.06529	0.21219	0.02767	0.30236	0.01682	0.01970	0.04789	0.07439	0.12107	0.01655	0.01823	0.01235	0.00715	0.00686	0.00216	0.00837	0.00616	0.00454	0.01109
48	0.01022	0.00783	0.01065	0.01075	0.01219	0.00860	0.00814	0.01346	0.05278	0.01777	0.02920	0.11950	0.11225	0.06790	0.47481	0.00853	0.01400	0.01024	0.00474	0.00646
49	0.01758	0.01514	0.02469	0.15391	0.46275	0.01558	0.01907	0.02239	0.04869	0.08002	0.01873	0.02185	0.05296	0.00753	0.00716	0.00220	0.00801	0.00701	0.00427	0.01047
50	0.04508	0.01942	0.10042	0.04771	0.04619	0.08100	0.03666	0.14667	0.01973	0.21025	0.01702	0.01804	0.01217	0.00838	0.00918	0.00223	0.11115	0.00614	0.00556	0.05698
51	0.04401	0.09295	0.28389	0.06263	0.08448	0.05760	0.04328	0.13823	0.07888	0.02638	0.01462	0.01646	0.01095	0.00726	0.00668	0.00216	0.00914	0.00576	0.00426	0.01040
52	0.01628	0.01500	0.02264	0.08222	0.27638	0.07311	0.09753	0.01964	0.01599	0.06172	0.02143	0.22329	0.02139	0.01110	0.00775	0.00237	0.00799	0.01042	0.00470	0.00905

[dist]
# distance from previous block
# <min> <max>
0	174

# created by:
# /home/berkeley/.conda/envs/busco_data_prod/bin/msa2prfl.pl pipeline/OGs_align_augustus/5794/12091.fs
