[name]
unknown

[dist]
# distance from previous block
# <min> <max>
22	254

[block]
# block no. 0 follows, 26 sequences, length 32
# corresponding to MSA columns:
# 364-395
name=unknown_A
#
# <colnr> <probs for GDERKNQSTAVLIFYWHMCP>
#	G	D	E	R	K	N	Q	S	T	A	V	L	I	F	Y	W	H	M	C	P
0	0.07263	0.01437	0.01874	0.09176	0.02255	0.07088	0.08916	0.06935	0.01920	0.08851	0.19497	0.03093	0.02912	0.01859	0.13156	0.00411	0.01002	0.00886	0.00590	0.00879
1	0.01428	0.01128	0.03629	0.01108	0.01415	0.00989	0.00855	0.07667	0.01784	0.04502	0.19276	0.09056	0.03466	0.19439	0.05356	0.00395	0.00672	0.01037	0.00608	0.16190
2	0.01692	0.01560	0.01477	0.01325	0.01632	0.11991	0.01042	0.12381	0.05940	0.02701	0.15088	0.04588	0.23138	0.01428	0.00965	0.00251	0.06108	0.05184	0.00662	0.00848
3	0.25115	0.01224	0.01400	0.01244	0.01583	0.01355	0.00998	0.06226	0.01584	0.15268	0.01987	0.06810	0.01682	0.02505	0.23088	0.00560	0.05171	0.00753	0.00564	0.00881
4	0.02302	0.02748	0.02213	0.02265	0.11682	0.44173	0.05590	0.02552	0.01946	0.01996	0.01749	0.13766	0.01714	0.01031	0.00756	0.00223	0.01136	0.00828	0.00442	0.00889
5	0.07600	0.01036	0.01266	0.01103	0.01421	0.00945	0.00838	0.01877	0.01479	0.13957	0.02183	0.03487	0.02040	0.16760	0.01772	0.13678	0.00650	0.08896	0.00552	0.18458
6	0.02232	0.19206	0.02564	0.01979	0.10766	0.28544	0.01421	0.02645	0.06826	0.02127	0.01355	0.01546	0.01133	0.00718	0.00632	0.00182	0.00980	0.00515	0.00413	0.14215
7	0.01836	0.41338	0.22822	0.01828	0.02605	0.02473	0.10443	0.02314	0.01578	0.02051	0.01205	0.01456	0.00995	0.00693	0.00683	0.00204	0.03602	0.00526	0.00332	0.01017
8	0.01508	0.15624	0.42060	0.01731	0.02551	0.01742	0.02055	0.02156	0.01716	0.02439	0.16669	0.02467	0.02387	0.00899	0.00719	0.00226	0.00891	0.00719	0.00439	0.01002
9	0.01084	0.00813	0.01219	0.01219	0.01354	0.00948	0.00948	0.01354	0.01219	0.01761	0.02032	0.02980	0.01896	0.05689	0.70337	0.01219	0.02032	0.00813	0.00406	0.00677
10	0.02028	0.73799	0.03975	0.01298	0.01947	0.03001	0.01298	0.02271	0.01541	0.01785	0.01055	0.01217	0.00973	0.00649	0.00487	0.00162	0.00811	0.00406	0.00324	0.00973
11	0.01573	0.01348	0.01573	0.01123	0.01798	0.01011	0.00899	0.01910	0.01573	0.02472	0.01348	0.01573	0.01123	0.00562	0.00562	0.00112	0.00562	0.00449	0.00449	0.77980
12	0.12171	0.01779	0.01848	0.12437	0.02488	0.09960	0.01405	0.23046	0.02310	0.05616	0.02118	0.03297	0.01876	0.01118	0.00779	0.00257	0.00856	0.15063	0.00604	0.00974
13	0.01568	0.01434	0.01987	0.04930	0.27861	0.05899	0.01476	0.01976	0.05719	0.02103	0.01972	0.06825	0.01897	0.14985	0.15549	0.00527	0.01091	0.00867	0.00441	0.00892
14	0.01573	0.01348	0.01573	0.01123	0.01798	0.01011	0.00899	0.01910	0.01573	0.02472	0.01348	0.01573	0.01123	0.00562	0.00562	0.00112	0.00562	0.00449	0.00449	0.77980
15	0.02744	0.03466	0.02163	0.01957	0.02318	0.65105	0.01480	0.02937	0.02074	0.01854	0.01159	0.01390	0.00978	0.00823	0.00822	0.00206	0.06760	0.00502	0.00386	0.00876
16	0.01881	0.53569	0.22921	0.01548	0.02334	0.02642	0.01733	0.02309	0.01559	0.01963	0.01143	0.01328	0.00970	0.00670	0.00554	0.00185	0.00901	0.00450	0.00323	0.01016
17	0.01055	0.00786	0.01159	0.01190	0.01309	0.00889	0.00905	0.01301	0.01260	0.01792	0.02414	0.15402	0.02451	0.05100	0.58003	0.01057	0.01749	0.01052	0.00459	0.00666
18	0.02198	0.12566	0.28314	0.01831	0.02588	0.14143	0.01903	0.11046	0.07402	0.08568	0.01635	0.01726	0.01202	0.00792	0.00696	0.00221	0.01001	0.00585	0.00483	0.01102
19	0.02262	0.01578	0.02501	0.11215	0.33536	0.01639	0.01860	0.02639	0.01773	0.22483	0.01842	0.02083	0.01360	0.00838	0.00951	0.00243	0.08816	0.00701	0.00536	0.01145
20	0.00967	0.00752	0.00878	0.00887	0.01078	0.00664	0.00650	0.01210	0.01836	0.02397	0.29464	0.17990	0.34787	0.01862	0.00908	0.00259	0.00384	0.01612	0.00753	0.00664
21	0.01735	0.01392	0.01643	0.01423	0.01717	0.01582	0.01137	0.20630	0.07624	0.02939	0.08082	0.07957	0.14012	0.01940	0.10174	0.00388	0.13048	0.01024	0.00633	0.00920
22	0.01797	0.01812	0.02643	0.32127	0.35039	0.09247	0.02142	0.02243	0.01686	0.02186	0.01366	0.01882	0.01098	0.00722	0.00747	0.00233	0.00998	0.00655	0.00361	0.01017
23	0.01390	0.03240	0.54743	0.01888	0.02806	0.01520	0.02337	0.02118	0.01605	0.02317	0.02419	0.08328	0.10044	0.01016	0.00764	0.00248	0.00968	0.00830	0.00402	0.01016
24	0.01488	0.01634	0.09618	0.22660	0.20737	0.01483	0.06047	0.01924	0.01556	0.02125	0.01908	0.08643	0.01818	0.10113	0.01188	0.00316	0.00910	0.04513	0.00416	0.00905
25	0.02130	0.01372	0.01816	0.01932	0.13635	0.01360	0.01317	0.15887	0.02205	0.18156	0.03342	0.09303	0.10957	0.01323	0.00842	0.00260	0.00691	0.11726	0.00710	0.01037
26	0.01554	0.01430	0.02564	0.39247	0.04062	0.01548	0.17838	0.02032	0.01657	0.05991	0.02477	0.02882	0.11569	0.00920	0.00814	0.00253	0.00960	0.00879	0.00441	0.00883
27	0.01723	0.01712	0.03115	0.24835	0.36128	0.01790	0.15108	0.02229	0.01675	0.02303	0.01424	0.01956	0.01133	0.00694	0.00782	0.00240	0.01011	0.00720	0.00365	0.01055
28	0.02294	0.01745	0.02947	0.02784	0.19510	0.01699	0.21010	0.12526	0.02159	0.17685	0.06250	0.02325	0.01741	0.00817	0.00808	0.00238	0.00912	0.00808	0.00593	0.01149
29	0.01633	0.01502	0.02628	0.05664	0.02639	0.01555	0.25641	0.02139	0.05262	0.06179	0.02921	0.03465	0.13422	0.01129	0.01111	0.00268	0.11940	0.05060	0.04942	0.00901
30	0.01619	0.01445	0.02377	0.22911	0.03239	0.01508	0.17583	0.05856	0.07316	0.06041	0.03239	0.03431	0.18002	0.01060	0.00829	0.00252	0.00857	0.00982	0.00534	0.00918
31	0.01551	0.02362	0.27653	0.02415	0.16699	0.01475	0.05512	0.02124	0.01643	0.02389	0.01864	0.06606	0.01694	0.00939	0.00762	0.00233	0.00895	0.08255	0.00426	0.14504

[dist]
# distance from previous block
# <min> <max>
39	193

[block]
# block no. 1 follows, 26 sequences, length 19
# corresponding to MSA columns:
# 592-610
name=unknown_B
#
# <colnr> <probs for GDERKNQSTAVLIFYWHMCP>
#	G	D	E	R	K	N	Q	S	T	A	V	L	I	F	Y	W	H	M	C	P
0	0.01924	0.01666	0.10153	0.07141	0.02403	0.01359	0.08942	0.07098	0.01898	0.17050	0.03263	0.03278	0.17294	0.01074	0.00863	0.00236	0.04017	0.00904	0.00603	0.08834
1	0.05712	0.19197	0.14101	0.01822	0.08960	0.01918	0.01571	0.07521	0.07011	0.15355	0.01763	0.01820	0.01305	0.00764	0.00656	0.00207	0.00793	0.00589	0.00533	0.08402
2	0.01750	0.15370	0.02737	0.02143	0.15254	0.01675	0.10423	0.02134	0.01628	0.02336	0.01334	0.01631	0.01114	0.00612	0.00632	0.00164	0.00777	0.00548	0.00402	0.37336
3	0.17967	0.01709	0.01729	0.08233	0.07400	0.11255	0.01247	0.05482	0.10259	0.09249	0.11938	0.02438	0.02195	0.00914	0.00700	0.00227	0.00745	0.00721	0.00591	0.05002
4	0.02074	0.01939	0.09276	0.02902	0.31312	0.01675	0.01830	0.13409	0.02036	0.08166	0.01597	0.01832	0.01230	0.00718	0.00711	0.00205	0.00821	0.00625	0.00496	0.17147
5	0.01940	0.01876	0.03289	0.04138	0.50649	0.01869	0.14734	0.07415	0.01886	0.02652	0.01479	0.01906	0.01199	0.00687	0.00780	0.00231	0.00970	0.00719	0.00408	0.01173
6	0.08147	0.27727	0.02580	0.01374	0.01973	0.02206	0.01200	0.16604	0.11303	0.02909	0.01571	0.01651	0.01252	0.00748	0.00601	0.00186	0.00720	0.00540	0.00520	0.16188
7	0.01034	0.00758	0.00870	0.00851	0.00982	0.00702	0.00575	0.01204	0.01618	0.02141	0.25036	0.05859	0.22980	0.29804	0.02058	0.00438	0.00513	0.01332	0.00650	0.00594
8	0.24957	0.01341	0.01575	0.01249	0.01802	0.01283	0.01031	0.03277	0.01919	0.50320	0.02438	0.02195	0.01575	0.00872	0.00679	0.00235	0.00629	0.00662	0.00804	0.01156
9	0.01903	0.01140	0.01610	0.01450	0.01790	0.01106	0.06175	0.02472	0.11841	0.21338	0.03433	0.24075	0.03276	0.01568	0.00889	0.00283	0.00640	0.13309	0.00755	0.00946
10	0.01555	0.01473	0.02497	0.53074	0.22711	0.01717	0.02168	0.02046	0.01575	0.02087	0.01370	0.01982	0.01064	0.00736	0.00756	0.00245	0.00981	0.00675	0.00348	0.00942
11	0.01129	0.00843	0.01092	0.01217	0.01415	0.00806	0.01037	0.01433	0.01741	0.02207	0.05066	0.08196	0.22668	0.02045	0.01004	0.00323	0.00608	0.45786	0.00700	0.00682
12	0.01222	0.00873	0.01222	0.01397	0.01572	0.00873	0.01222	0.01572	0.01746	0.02270	0.04016	0.08556	0.04365	0.02095	0.01048	0.00349	0.00698	0.63506	0.00698	0.00698
13	0.01598	0.03386	0.50824	0.02458	0.03478	0.01806	0.20852	0.02410	0.01655	0.02410	0.01411	0.01729	0.01015	0.00697	0.00771	0.00245	0.01166	0.00656	0.00338	0.01093
14	0.01877	0.01802	0.03079	0.04656	0.68612	0.01802	0.02328	0.02328	0.01727	0.02478	0.01427	0.01877	0.01201	0.00676	0.00751	0.00225	0.00901	0.00676	0.00375	0.01201
15	0.01137	0.00812	0.01124	0.01299	0.01437	0.00799	0.01074	0.01424	0.01662	0.02174	0.04063	0.26960	0.04552	0.02176	0.01025	0.00337	0.00624	0.45945	0.00700	0.00675
16	0.78701	0.01467	0.01115	0.00997	0.01467	0.01702	0.00821	0.02230	0.01291	0.03403	0.01056	0.01232	0.00821	0.00704	0.00469	0.00235	0.00587	0.00411	0.00469	0.00821
17	0.01318	0.00659	0.00988	0.00988	0.00988	0.00659	0.00659	0.00988	0.00988	0.01318	0.01318	0.02306	0.01318	0.02635	0.02964	0.77931	0.00659	0.00659	0.00329	0.00329
18	0.01880	0.01753	0.02688	0.03765	0.49536	0.01826	0.02005	0.02815	0.20481	0.02677	0.01902	0.02150	0.01520	0.00777	0.00757	0.00234	0.00815	0.00728	0.00489	0.01201

[dist]
# distance from previous block
# <min> <max>
0	1

[block]
# block no. 2 follows, 26 sequences, length 36
# corresponding to MSA columns:
# 612-647
name=unknown_C
#
# <colnr> <probs for GDERKNQSTAVLIFYWHMCP>
#	G	D	E	R	K	N	Q	S	T	A	V	L	I	F	Y	W	H	M	C	P
0	0.78701	0.01467	0.01115	0.00997	0.01467	0.01702	0.00821	0.02230	0.01291	0.03403	0.01056	0.01232	0.00821	0.00704	0.00469	0.00235	0.00587	0.00411	0.00469	0.00821
1	0.01528	0.02981	0.43448	0.05594	0.11423	0.01657	0.09507	0.02230	0.01618	0.02344	0.01692	0.09370	0.01451	0.00886	0.00772	0.00248	0.01033	0.00789	0.00376	0.01053
2	0.78701	0.01467	0.01115	0.00997	0.01467	0.01702	0.00821	0.02230	0.01291	0.03403	0.01056	0.01232	0.00821	0.00704	0.00469	0.00235	0.00587	0.00411	0.00469	0.00821
3	0.00924	0.00660	0.00880	0.01056	0.01100	0.00616	0.00704	0.01056	0.01452	0.01936	0.04181	0.72848	0.05017	0.02376	0.00968	0.00308	0.00440	0.02156	0.00704	0.00616
4	0.78701	0.01467	0.01115	0.00997	0.01467	0.01702	0.00821	0.02230	0.01291	0.03403	0.01056	0.01232	0.00821	0.00704	0.00469	0.00235	0.00587	0.00411	0.00469	0.00821
5	0.02265	0.01484	0.02350	0.08220	0.34119	0.01444	0.01729	0.02657	0.01906	0.24753	0.09289	0.02540	0.02068	0.00866	0.00771	0.00232	0.00764	0.00781	0.00611	0.01151
6	0.02412	0.16378	0.07689	0.02087	0.08109	0.41471	0.01626	0.02688	0.01883	0.01936	0.01174	0.01424	0.00996	0.00784	0.00792	0.00206	0.06529	0.00508	0.00367	0.00940
7	0.07533	0.02603	0.28779	0.03408	0.38090	0.01779	0.02399	0.02349	0.01645	0.02518	0.01373	0.01721	0.01079	0.00695	0.00718	0.00232	0.00963	0.00611	0.00361	0.01141
8	0.01790	0.02046	0.04476	0.03197	0.03964	0.01918	0.65857	0.02430	0.01790	0.02430	0.01535	0.02046	0.01151	0.00639	0.00895	0.00256	0.01279	0.00895	0.00384	0.01023
9	0.78701	0.01467	0.01115	0.00997	0.01467	0.01702	0.00821	0.02230	0.01291	0.03403	0.01056	0.01232	0.00821	0.00704	0.00469	0.00235	0.00587	0.00411	0.00469	0.00821
10	0.01017	0.00807	0.00936	0.01001	0.01227	0.00727	0.00815	0.01267	0.01735	0.02131	0.06326	0.07765	0.44628	0.01986	0.00952	0.00291	0.00501	0.24524	0.00702	0.00662
11	0.01683	0.01289	0.01584	0.01616	0.08419	0.01364	0.01120	0.02819	0.30306	0.08027	0.28288	0.03819	0.04056	0.01190	0.00817	0.00245	0.00540	0.01032	0.00769	0.01019
12	0.08672	0.01404	0.01698	0.01380	0.01911	0.01387	0.01118	0.03684	0.21260	0.44728	0.02873	0.02552	0.01926	0.00948	0.00743	0.00241	0.00628	0.00764	0.00854	0.01229
13	0.01522	0.01304	0.01512	0.01097	0.01739	0.00983	0.00874	0.01848	0.01585	0.02440	0.01829	0.02008	0.06223	0.00665	0.00587	0.00123	0.00548	0.00537	0.00469	0.72109
14	0.00924	0.00660	0.00880	0.01056	0.01100	0.00616	0.00704	0.01056	0.01452	0.01936	0.04181	0.72848	0.05017	0.02376	0.00968	0.00308	0.00440	0.02156	0.00704	0.00616
15	0.01020	0.00773	0.00940	0.00898	0.01100	0.00693	0.00674	0.01328	0.02021	0.02741	0.49905	0.06160	0.25651	0.01663	0.00895	0.00244	0.00366	0.01441	0.00795	0.00693
16	0.09526	0.01189	0.01540	0.01264	0.01740	0.01073	0.01013	0.03077	0.01960	0.50899	0.03044	0.15525	0.02369	0.01185	0.00775	0.00248	0.00602	0.00991	0.00854	0.01124
17	0.01748	0.01757	0.03252	0.20258	0.36566	0.01805	0.18876	0.02261	0.01693	0.02336	0.01436	0.01956	0.01143	0.00686	0.00790	0.00240	0.01026	0.00733	0.00368	0.01069
18	0.02219	0.02198	0.02921	0.03494	0.37967	0.13610	0.08851	0.14367	0.02150	0.02797	0.01469	0.01798	0.01174	0.00734	0.00756	0.00224	0.01009	0.00669	0.00451	0.01144
19	0.01462	0.01198	0.01323	0.01218	0.01517	0.01293	0.00923	0.02666	0.34519	0.02878	0.23994	0.04379	0.11217	0.06747	0.01057	0.00287	0.00510	0.01120	0.00761	0.00930
20	0.32374	0.17664	0.02044	0.01271	0.01803	0.09791	0.01082	0.02732	0.01686	0.20819	0.01598	0.01613	0.01162	0.00765	0.00578	0.00214	0.00743	0.00515	0.00556	0.00990
21	0.01698	0.01548	0.02572	0.03766	0.50302	0.01548	0.02026	0.02121	0.01732	0.02421	0.02134	0.03701	0.02066	0.01064	0.00832	0.00259	0.00846	0.17836	0.00464	0.01064
22	0.01749	0.01849	0.02241	0.41698	0.07713	0.15582	0.01870	0.02132	0.01619	0.01943	0.01529	0.02049	0.03748	0.00880	0.00974	0.00250	0.10278	0.00673	0.00364	0.00861
23	0.02424	0.01819	0.01976	0.01580	0.02087	0.02002	0.01281	0.45655	0.12960	0.04240	0.13346	0.02630	0.02447	0.01038	0.00784	0.00234	0.00718	0.00827	0.00774	0.01178
24	0.62214	0.01428	0.01256	0.01075	0.01570	0.01573	0.00886	0.02551	0.01484	0.17796	0.01480	0.01528	0.01053	0.00755	0.00534	0.00235	0.00600	0.00488	0.00572	0.00924
25	0.01067	0.00850	0.01076	0.01162	0.06182	0.00769	0.00784	0.01368	0.01956	0.02620	0.40047	0.06004	0.30071	0.01626	0.00884	0.00244	0.00409	0.01407	0.00750	0.00724
26	0.00896	0.00768	0.00768	0.00768	0.01025	0.00640	0.00576	0.01089	0.01729	0.02049	0.07684	0.07300	0.68304	0.01921	0.00896	0.00256	0.00384	0.01601	0.00704	0.00640
27	0.01063	0.00780	0.00999	0.00960	0.01147	0.00717	0.00730	0.01401	0.02077	0.02886	0.57684	0.06018	0.13802	0.01624	0.00904	0.00247	0.00381	0.05063	0.00812	0.00706
28	0.02097	0.02508	0.03791	0.02831	0.03487	0.22048	0.46901	0.02606	0.01896	0.02261	0.01428	0.01846	0.01100	0.00681	0.00833	0.00238	0.01305	0.00775	0.00386	0.00981
29	0.32893	0.01360	0.01507	0.01212	0.01752	0.01345	0.01000	0.03122	0.01826	0.43393	0.02234	0.02053	0.01464	0.00847	0.00648	0.00235	0.00622	0.00625	0.00755	0.01107
30	0.02179	0.01382	0.01844	0.01456	0.01948	0.01313	0.04825	0.05173	0.06783	0.23521	0.02296	0.09702	0.01866	0.01011	0.00915	0.00219	0.08152	0.00821	0.00652	0.23942
31	0.01928	0.17817	0.11467	0.01534	0.04826	0.09306	0.01347	0.04820	0.01754	0.08046	0.02156	0.02427	0.08083	0.06342	0.00899	0.00232	0.00811	0.00673	0.00477	0.15055
32	0.01272	0.01084	0.01463	0.05700	0.12274	0.00983	0.01056	0.01597	0.01787	0.02464	0.21399	0.07300	0.20498	0.01294	0.00799	0.00219	0.00535	0.01124	0.00614	0.16539
33	0.05014	0.01410	0.04423	0.01427	0.01883	0.01292	0.05958	0.05513	0.15446	0.09487	0.09782	0.15672	0.02826	0.01179	0.00775	0.00232	0.00625	0.01033	0.00662	0.15361
34	0.02026	0.01574	0.02321	0.09911	0.19831	0.01618	0.06859	0.15572	0.04169	0.10326	0.09717	0.02898	0.07834	0.00977	0.00796	0.00237	0.00787	0.00869	0.00606	0.01073
35	0.10350	0.01806	0.02089	0.02524	0.25083	0.12415	0.01502	0.06032	0.01849	0.09854	0.01986	0.13363	0.01823	0.01009	0.00737	0.00230	0.00816	0.00857	0.00530	0.05144

[dist]
# distance from previous block
# <min> <max>
3	31

[block]
# block no. 3 follows, 26 sequences, length 17
# corresponding to MSA columns:
# 679-695
name=unknown_D
#
# <colnr> <probs for GDERKNQSTAVLIFYWHMCP>
#	G	D	E	R	K	N	Q	S	T	A	V	L	I	F	Y	W	H	M	C	P
0	0.02273	0.01789	0.09036	0.09194	0.02545	0.01616	0.04220	0.13117	0.16313	0.19716	0.05683	0.02423	0.01882	0.00906	0.00759	0.00234	0.00762	0.00757	0.00683	0.06091
1	0.02331	0.05655	0.05448	0.08614	0.02579	0.08960	0.09441	0.11090	0.06358	0.19410	0.10212	0.02510	0.02120	0.00919	0.00770	0.00232	0.00855	0.00784	0.00643	0.01067
2	0.02060	0.01836	0.01775	0.01623	0.05442	0.16254	0.01200	0.07910	0.08890	0.09203	0.13662	0.02909	0.07021	0.01053	0.00880	0.00221	0.06017	0.00819	0.00617	0.10607
3	0.05013	0.01841	0.05953	0.01824	0.02390	0.05244	0.14987	0.10548	0.09068	0.09856	0.02433	0.02531	0.08356	0.00928	0.00867	0.00231	0.05220	0.00792	0.00572	0.11347
4	0.09417	0.13520	0.01733	0.01155	0.01510	0.05063	0.00901	0.07540	0.01680	0.04808	0.06583	0.10280	0.02348	0.19110	0.01463	0.00338	0.00693	0.00883	0.00530	0.10447
5	0.08892	0.03026	0.17762	0.02138	0.06686	0.28067	0.06251	0.13524	0.02142	0.02693	0.01358	0.01566	0.01040	0.00767	0.00706	0.00221	0.01118	0.00572	0.00443	0.01030
6	0.11820	0.05523	0.02004	0.11705	0.09347	0.11436	0.01439	0.05312	0.04928	0.15528	0.02095	0.02871	0.01736	0.00992	0.00740	0.00244	0.00843	0.09869	0.00574	0.00992
7	0.02173	0.09303	0.01924	0.01396	0.01873	0.13253	0.01119	0.09794	0.07263	0.12455	0.10287	0.07253	0.02334	0.00991	0.00714	0.00204	0.00738	0.00791	0.00625	0.15510
8	0.01826	0.01326	0.01764	0.01881	0.14690	0.01249	0.01205	0.02450	0.12782	0.12524	0.08231	0.09967	0.02470	0.04100	0.00877	0.00235	0.00623	0.00898	0.00624	0.20277
9	0.02470	0.01919	0.02043	0.01662	0.02195	0.02159	0.01342	0.40335	0.29987	0.04113	0.02346	0.02240	0.01715	0.00960	0.00764	0.00240	0.00737	0.00755	0.00764	0.01253
10	0.01432	0.01348	0.02275	0.71520	0.05224	0.01685	0.02107	0.01938	0.01517	0.01938	0.01348	0.02022	0.01011	0.00758	0.00758	0.00253	0.01011	0.00674	0.00337	0.00843
11	0.00928	0.00770	0.00813	0.00802	0.01044	0.00654	0.00601	0.01150	0.01804	0.02228	0.18594	0.07005	0.57282	0.01854	0.00896	0.00253	0.00379	0.01560	0.00728	0.00654
12	0.01230	0.00887	0.01024	0.01026	0.01220	0.00859	0.00749	0.09317	0.01872	0.02531	0.11413	0.33751	0.19589	0.01839	0.00871	0.00264	0.00458	0.01603	0.08769	0.00726
13	0.01304	0.01197	0.01966	0.09581	0.16540	0.01172	0.09789	0.01642	0.01675	0.02223	0.08269	0.21140	0.17512	0.01445	0.00868	0.00261	0.00694	0.01331	0.00561	0.00833
14	0.00939	0.00699	0.00880	0.01016	0.01117	0.00640	0.00712	0.01100	0.01535	0.01985	0.04950	0.53660	0.19079	0.02255	0.00958	0.00299	0.00446	0.06398	0.00704	0.00627
15	0.01577	0.05935	0.06236	0.01325	0.01686	0.04329	0.01095	0.11819	0.13110	0.02624	0.03729	0.25983	0.14411	0.01550	0.00831	0.00259	0.00628	0.01319	0.00660	0.00892
16	0.12128	0.02235	0.01515	0.01415	0.01671	0.34880	0.01015	0.02190	0.01662	0.01943	0.01734	0.07077	0.01778	0.23752	0.01676	0.00378	0.01006	0.00779	0.00443	0.00722

[dist]
# distance from previous block
# <min> <max>
2	8

[block]
# block no. 4 follows, 26 sequences, length 26
# corresponding to MSA columns:
# 704-729
name=unknown_E
#
# <colnr> <probs for GDERKNQSTAVLIFYWHMCP>
#	G	D	E	R	K	N	Q	S	T	A	V	L	I	F	Y	W	H	M	C	P
0	0.01882	0.19917	0.31248	0.02149	0.11488	0.01973	0.02063	0.05200	0.01747	0.07790	0.01646	0.02150	0.01337	0.00825	0.00698	0.00227	0.00934	0.05215	0.00426	0.01086
1	0.01682	0.20942	0.11900	0.05796	0.02081	0.01737	0.01346	0.02331	0.11624	0.06659	0.15791	0.06458	0.02822	0.04627	0.00876	0.00250	0.00709	0.00863	0.00564	0.00943
2	0.01248	0.17892	0.06957	0.01184	0.01471	0.01273	0.01007	0.01497	0.01585	0.02097	0.12482	0.40984	0.04072	0.01728	0.00827	0.00259	0.00567	0.01513	0.00605	0.00753
3	0.01574	0.01548	0.02882	0.05209	0.23828	0.01503	0.23394	0.02021	0.01707	0.02324	0.02474	0.12607	0.05539	0.01135	0.00873	0.00265	0.00919	0.08761	0.00478	0.00960
4	0.08130	0.21630	0.46905	0.01843	0.02788	0.02074	0.02250	0.02354	0.01560	0.02328	0.01257	0.01472	0.00952	0.00701	0.00640	0.00220	0.00997	0.00508	0.00334	0.01058
5	0.01594	0.14014	0.59964	0.02037	0.03090	0.01941	0.02585	0.02383	0.01593	0.02313	0.01317	0.01546	0.00963	0.00710	0.00687	0.00229	0.01076	0.00538	0.00321	0.01100
6	0.01146	0.00896	0.01024	0.01051	0.01221	0.00899	0.00741	0.01690	0.14681	0.02212	0.08566	0.30415	0.18102	0.12202	0.01326	0.00344	0.00497	0.01573	0.00691	0.00722
7	0.01539	0.03798	0.65057	0.02231	0.03329	0.01772	0.07032	0.02404	0.01614	0.02404	0.01373	0.01631	0.00974	0.00715	0.00732	0.00241	0.01132	0.00583	0.00325	0.01114
8	0.01555	0.08611	0.65023	0.02104	0.03193	0.01845	0.02702	0.02393	0.01597	0.02361	0.01341	0.01576	0.00962	0.00716	0.00705	0.00235	0.01100	0.00550	0.00321	0.01111
9	0.01785	0.02522	0.29998	0.01689	0.02409	0.01673	0.01800	0.19537	0.07051	0.03099	0.07821	0.02969	0.12271	0.01049	0.00776	0.00240	0.00829	0.00843	0.00574	0.01065
10	0.04143	0.01022	0.01326	0.01220	0.01547	0.00950	0.00962	0.02372	0.05101	0.28444	0.08467	0.22299	0.06863	0.01576	0.00867	0.00273	0.00561	0.10271	0.00802	0.00935
11	0.08153	0.01547	0.01684	0.01367	0.01846	0.01651	0.01108	0.27103	0.11287	0.16942	0.02306	0.02276	0.01648	0.00911	0.00692	0.00223	0.00647	0.00707	0.16780	0.01122
12	0.01725	0.02467	0.23766	0.03313	0.30629	0.01745	0.14279	0.02335	0.01687	0.02445	0.01420	0.01798	0.01111	0.00673	0.00753	0.00226	0.01012	0.00662	0.00366	0.07588
13	0.01076	0.00744	0.00927	0.00949	0.00987	0.00771	0.00607	0.01157	0.01174	0.01598	0.02529	0.12996	0.02835	0.48331	0.19339	0.00797	0.01007	0.01166	0.00478	0.00531
14	0.78701	0.01467	0.01115	0.00997	0.01467	0.01702	0.00821	0.02230	0.01291	0.03403	0.01056	0.01232	0.00821	0.00704	0.00469	0.00235	0.00587	0.00411	0.00469	0.00821
15	0.02644	0.02640	0.02101	0.01789	0.02266	0.30689	0.01399	0.26121	0.16898	0.03205	0.01826	0.01852	0.01383	0.00883	0.00730	0.00221	0.01007	0.00640	0.00608	0.01099
16	0.00937	0.00696	0.00879	0.01018	0.01115	0.00638	0.00711	0.01096	0.01529	0.01981	0.04901	0.55053	0.18183	0.02263	0.00958	0.00300	0.00445	0.05967	0.00704	0.00626
17	0.00997	0.00740	0.00939	0.01024	0.01161	0.00682	0.00756	0.01227	0.01716	0.02271	0.20158	0.34526	0.17964	0.02048	0.00948	0.00287	0.00447	0.10718	0.00735	0.00657
18	0.02369	0.12656	0.07177	0.02309	0.07120	0.38608	0.14479	0.02720	0.01933	0.02038	0.01258	0.01532	0.01025	0.00724	0.00706	0.00208	0.01228	0.00576	0.00375	0.00958
19	0.01005	0.00773	0.00919	0.00882	0.01091	0.00687	0.00662	0.01299	0.01985	0.02657	0.44782	0.06298	0.30826	0.01694	0.00895	0.00245	0.00368	0.01460	0.00784	0.00687
20	0.01693	0.01701	0.02202	0.14939	0.29163	0.11825	0.01710	0.02046	0.01741	0.02220	0.06395	0.12661	0.06357	0.01087	0.00792	0.00240	0.00857	0.00964	0.00469	0.00939
21	0.01050	0.06156	0.01112	0.00916	0.01143	0.00840	0.00699	0.01299	0.01834	0.02384	0.29284	0.15074	0.32004	0.01750	0.00875	0.00250	0.00413	0.01502	0.00725	0.00690
22	0.01321	0.00968	0.01400	0.07138	0.01713	0.01003	0.04820	0.01595	0.03630	0.06696	0.11129	0.29563	0.03722	0.15475	0.01569	0.00369	0.05126	0.01423	0.00618	0.00721
23	0.02023	0.02619	0.24970	0.06197	0.02679	0.07183	0.01838	0.22622	0.08821	0.03125	0.02303	0.02378	0.08013	0.00940	0.00755	0.00237	0.00916	0.00736	0.00550	0.01097
24	0.12979	0.17408	0.18173	0.01540	0.02253	0.01930	0.01559	0.12068	0.01987	0.20600	0.01758	0.01763	0.01238	0.00789	0.00653	0.00220	0.00812	0.00579	0.00572	0.01119
25	0.18191	0.13801	0.07641	0.01938	0.11061	0.08488	0.05736	0.02562	0.01699	0.13232	0.01511	0.01661	0.01143	0.00721	0.00635	0.00209	0.00837	0.00557	0.00482	0.07895

[dist]
# distance from previous block
# <min> <max>
1	24

[block]
# block no. 5 follows, 26 sequences, length 21
# corresponding to MSA columns:
# 754-774
name=unknown_F
#
# <colnr> <probs for GDERKNQSTAVLIFYWHMCP>
#	G	D	E	R	K	N	Q	S	T	A	V	L	I	F	Y	W	H	M	C	P
0	0.01570	0.01106	0.01411	0.01446	0.07972	0.01110	0.00959	0.07955	0.07507	0.07690	0.31010	0.04312	0.04279	0.16626	0.01480	0.00343	0.00579	0.01092	0.00705	0.00847
1	0.01501	0.01370	0.02038	0.20902	0.13708	0.01484	0.06204	0.02250	0.15586	0.02300	0.02982	0.03407	0.13546	0.08164	0.01101	0.00298	0.00786	0.00938	0.00517	0.00917
2	0.01138	0.00878	0.01004	0.00947	0.01186	0.00814	0.00715	0.06705	0.02033	0.02675	0.31543	0.10996	0.33135	0.01719	0.00889	0.00250	0.00416	0.01471	0.00762	0.00724
3	0.01059	0.00767	0.00994	0.01001	0.01099	0.00797	0.00702	0.01226	0.01334	0.01823	0.09136	0.09491	0.09476	0.28209	0.28691	0.00796	0.01143	0.01143	0.00517	0.00597
4	0.01414	0.00707	0.00707	0.00707	0.00884	0.00707	0.00530	0.01767	0.01591	0.02828	0.02474	0.02828	0.01944	0.00884	0.00530	0.00177	0.00353	0.00707	0.77554	0.00707
5	0.01492	0.03719	0.64962	0.02083	0.03143	0.01693	0.02667	0.02339	0.01637	0.02444	0.05711	0.01866	0.01364	0.00775	0.00732	0.00240	0.01071	0.00613	0.00354	0.01095
6	0.01088	0.00795	0.01128	0.01128	0.01232	0.00899	0.00834	0.01296	0.01192	0.01693	0.02115	0.03442	0.02097	0.21459	0.54841	0.01106	0.01730	0.00880	0.00419	0.00627
7	0.01521	0.03923	0.69413	0.02162	0.03283	0.01762	0.02802	0.02402	0.01601	0.02402	0.01361	0.01601	0.00961	0.00721	0.00721	0.00240	0.01121	0.00560	0.00320	0.01121
8	0.02065	0.23162	0.02632	0.15897	0.02720	0.02284	0.01471	0.17350	0.19537	0.02876	0.01834	0.01952	0.01412	0.00833	0.00681	0.00221	0.00801	0.00645	0.00546	0.01080
9	0.01898	0.08304	0.15332	0.02314	0.15897	0.07171	0.01779	0.09892	0.10898	0.02652	0.04231	0.07196	0.01763	0.00973	0.00874	0.00240	0.06249	0.00775	0.00498	0.01063
10	0.01776	0.14559	0.34088	0.07033	0.02768	0.01917	0.02005	0.12264	0.01929	0.02708	0.05804	0.01948	0.01485	0.00806	0.00690	0.00222	0.00917	0.00625	0.05405	0.01049
11	0.01715	0.02570	0.22598	0.02908	0.03774	0.01874	0.48260	0.02422	0.01738	0.02422	0.01486	0.01922	0.01098	0.00662	0.00846	0.00251	0.01235	0.00802	0.00366	0.01050
12	0.03264	0.01513	0.01898	0.01455	0.02047	0.01445	0.01202	0.20347	0.02543	0.51960	0.02680	0.02379	0.01721	0.00931	0.00762	0.00233	0.00696	0.00741	0.00891	0.01291
13	0.01635	0.06454	0.11336	0.02294	0.16743	0.01644	0.06547	0.02562	0.19468	0.02646	0.12021	0.08616	0.02660	0.01046	0.00786	0.00243	0.00753	0.00937	0.00569	0.01040
14	0.01708	0.07169	0.07499	0.45297	0.08474	0.10630	0.01999	0.02239	0.04005	0.02031	0.01373	0.01867	0.01060	0.00755	0.00726	0.00236	0.01029	0.00629	0.00360	0.00914
15	0.02924	0.01169	0.01590	0.01293	0.01775	0.01018	0.01035	0.03186	0.02032	0.56145	0.03222	0.16166	0.02484	0.01217	0.00802	0.00249	0.00606	0.01032	0.00893	0.01160
16	0.07089	0.05599	0.01197	0.01044	0.01237	0.01032	0.00770	0.06035	0.01592	0.02185	0.03744	0.25164	0.14489	0.18384	0.01549	0.00381	0.00585	0.06636	0.00609	0.00679
17	0.01636	0.01654	0.01677	0.06976	0.11256	0.18282	0.01308	0.01916	0.01797	0.02174	0.10236	0.21872	0.03327	0.01482	0.00856	0.00263	0.00809	0.11109	0.00567	0.00805
18	0.07248	0.02412	0.13173	0.01676	0.02241	0.17674	0.01493	0.03352	0.26118	0.13553	0.02204	0.02139	0.01608	0.00884	0.00722	0.00235	0.00873	0.00677	0.00615	0.01103
19	0.01048	0.00738	0.00960	0.01049	0.01120	0.00729	0.00737	0.01207	0.01434	0.01931	0.08841	0.31548	0.04160	0.22781	0.08363	0.00516	0.00707	0.10916	0.00616	0.00598
20	0.02264	0.13940	0.02786	0.07658	0.13518	0.32250	0.06352	0.02562	0.01823	0.01993	0.01220	0.01553	0.01030	0.00779	0.00842	0.00216	0.07330	0.00565	0.00368	0.00951

[dist]
# distance from previous block
# <min> <max>
0	1

[block]
# block no. 6 follows, 26 sequences, length 21
# corresponding to MSA columns:
# 776-796
name=unknown_G
#
# <colnr> <probs for GDERKNQSTAVLIFYWHMCP>
#	G	D	E	R	K	N	Q	S	T	A	V	L	I	F	Y	W	H	M	C	P
0	0.01753	0.01663	0.02848	0.32894	0.28325	0.01809	0.10098	0.07043	0.01785	0.02417	0.01437	0.01956	0.01120	0.00725	0.00773	0.00241	0.00990	0.00703	0.00389	0.01032
1	0.01885	0.01216	0.01578	0.06477	0.06399	0.01244	0.01124	0.06852	0.13171	0.16584	0.17113	0.12583	0.03429	0.05643	0.01007	0.00280	0.00610	0.01099	0.00734	0.00972
2	0.01016	0.00730	0.00854	0.00886	0.00973	0.00686	0.00575	0.01135	0.01455	0.01914	0.13047	0.21209	0.17084	0.32570	0.02183	0.00471	0.00544	0.01484	0.00618	0.00568
3	0.21636	0.01321	0.01425	0.06114	0.01893	0.05042	0.01099	0.02211	0.01666	0.13966	0.02444	0.08909	0.02286	0.01220	0.00748	0.00255	0.00684	0.16774	0.00611	0.09696
4	0.47415	0.02182	0.19093	0.01625	0.02306	0.01749	0.11086	0.02304	0.01445	0.03001	0.01206	0.01449	0.00907	0.00699	0.00598	0.00239	0.00827	0.00522	0.00418	0.00928
5	0.01831	0.01478	0.02023	0.31509	0.03344	0.01730	0.01608	0.23109	0.02126	0.02840	0.01669	0.02185	0.01316	0.01989	0.17416	0.00476	0.01197	0.00710	0.00494	0.00952
6	0.01959	0.01866	0.02191	0.17420	0.14146	0.10399	0.01657	0.10091	0.18467	0.02660	0.02096	0.02309	0.04442	0.00926	0.00881	0.00245	0.05937	0.00740	0.00526	0.01041
7	0.01133	0.00851	0.01166	0.01227	0.06103	0.00796	0.00834	0.01497	0.02116	0.03000	0.63292	0.05387	0.06718	0.01486	0.00884	0.00238	0.00398	0.01320	0.00801	0.00751
8	0.01897	0.11958	0.10110	0.05540	0.20187	0.01923	0.01718	0.12482	0.11849	0.02885	0.10014	0.02368	0.02058	0.00880	0.00733	0.00226	0.00795	0.00740	0.00537	0.01097
9	0.09936	0.01187	0.01411	0.01142	0.01616	0.01071	0.00919	0.05099	0.01976	0.30672	0.11188	0.03575	0.15240	0.01131	0.00750	0.00224	0.00552	0.00921	0.00765	0.10625
10	0.01817	0.07039	0.02169	0.10125	0.11582	0.01825	0.01477	0.16304	0.06793	0.02713	0.02335	0.10568	0.06528	0.01349	0.03915	0.00295	0.10734	0.00913	0.00539	0.00980
11	0.01099	0.00752	0.00912	0.00912	0.00941	0.00781	0.00565	0.01157	0.01128	0.01533	0.02313	0.04536	0.02572	0.58742	0.18208	0.00840	0.01015	0.01040	0.00448	0.00507
12	0.01482	0.00859	0.01123	0.01060	0.01259	0.00835	0.00778	0.01683	0.01561	0.14508	0.10665	0.12247	0.10350	0.18131	0.19371	0.00607	0.00936	0.01173	0.00634	0.00738
13	0.02117	0.07095	0.01932	0.01434	0.01952	0.06615	0.01159	0.19832	0.19903	0.03224	0.02024	0.02064	0.01551	0.00836	0.00671	0.00199	0.00700	0.00648	0.08336	0.17706
14	0.01532	0.07958	0.44769	0.01918	0.02807	0.01643	0.04886	0.02221	0.01622	0.02350	0.01716	0.02560	0.01463	0.00885	0.00739	0.00236	0.00982	0.09328	0.00391	0.09995
15	0.02033	0.11940	0.38701	0.01991	0.02882	0.04905	0.08499	0.02666	0.01747	0.15169	0.01646	0.01776	0.01159	0.00748	0.00715	0.00229	0.01017	0.00610	0.00450	0.01115
16	0.01321	0.02193	0.29403	0.19611	0.03061	0.01375	0.01928	0.01888	0.01627	0.02282	0.11223	0.16012	0.02620	0.01165	0.00802	0.00256	0.00855	0.01010	0.00470	0.00896
17	0.01110	0.00785	0.01134	0.01134	0.01235	0.00886	0.00842	0.01278	0.01178	0.01671	0.02016	0.03223	0.01973	0.15994	0.53157	0.08833	0.01691	0.00843	0.00407	0.00608
18	0.07715	0.01835	0.06859	0.01939	0.11272	0.06642	0.01417	0.15206	0.09399	0.13643	0.02363	0.14138	0.02044	0.01108	0.00767	0.00245	0.00762	0.00924	0.00646	0.01076
19	0.02401	0.02100	0.02576	0.14247	0.13800	0.14417	0.09162	0.17982	0.02276	0.11146	0.01670	0.01902	0.01228	0.00795	0.00760	0.00230	0.01001	0.00679	0.00536	0.01093
20	0.04539	0.14897	0.02169	0.01791	0.10989	0.03418	0.07525	0.01741	0.01558	0.02088	0.02892	0.20668	0.10115	0.05900	0.04180	0.00316	0.00773	0.01149	0.02470	0.00820

[dist]
# distance from previous block
# <min> <max>
0	18

# created by:
# /home/berkeley/.conda/envs/busco_data_prod/bin/msa2prfl.pl pipeline/OGs_align_augustus/5794/12206.fs
