[name]
unknown

[dist]
# distance from previous block
# <min> <max>
23	377

[block]
# block no. 0 follows, 29 sequences, length 24
# corresponding to MSA columns:
# 618-641
name=unknown_A
#
# <colnr> <probs for GDERKNQSTAVLIFYWHMCP>
#	G	D	E	R	K	N	Q	S	T	A	V	L	I	F	Y	W	H	M	C	P
0	0.37629	0.09483	0.07843	0.01157	0.01653	0.01627	0.01047	0.10825	0.01626	0.02903	0.04125	0.06559	0.05047	0.00868	0.00571	0.00212	0.00622	0.00634	0.00487	0.05081
1	0.12944	0.08569	0.08620	0.06688	0.05457	0.07331	0.01367	0.18508	0.02011	0.11427	0.01641	0.05547	0.01297	0.00819	0.00644	0.00209	0.00775	0.00629	0.00529	0.04988
2	0.01786	0.01431	0.01813	0.15921	0.09564	0.01578	0.01344	0.17602	0.17760	0.05206	0.06584	0.02833	0.08491	0.03909	0.00851	0.00247	0.00694	0.00818	0.00593	0.00977
3	0.01461	0.00828	0.00982	0.00894	0.01171	0.00723	0.00682	0.01682	0.01729	0.18567	0.14227	0.09978	0.34338	0.04427	0.00909	0.00251	0.00431	0.01260	0.04708	0.00752
4	0.01461	0.00839	0.01097	0.01003	0.01236	0.00808	0.00765	0.01688	0.01563	0.17067	0.14406	0.04143	0.15923	0.11581	0.22576	0.00560	0.00915	0.01016	0.00617	0.00736
5	0.02172	0.01729	0.01836	0.01530	0.02004	0.01958	0.01224	0.31340	0.41038	0.03625	0.02389	0.02251	0.01762	0.00918	0.00719	0.00230	0.00658	0.00735	0.00719	0.01163
6	0.80005	0.01377	0.01047	0.00936	0.01377	0.01597	0.00771	0.02093	0.01212	0.03195	0.00991	0.01157	0.00771	0.00661	0.00441	0.00220	0.00551	0.00386	0.00441	0.00771
7	0.61981	0.01203	0.01019	0.00934	0.01274	0.01373	0.00736	0.01826	0.01147	0.02747	0.01048	0.01387	0.00878	0.01076	0.00977	0.18311	0.00566	0.00439	0.00411	0.00665
8	0.01914	0.01741	0.02769	0.03931	0.59529	0.01775	0.02051	0.12811	0.01899	0.02674	0.01399	0.01754	0.01141	0.00670	0.00706	0.00212	0.00836	0.00636	0.00410	0.01141
9	0.01904	0.75404	0.03731	0.01218	0.01828	0.02818	0.01218	0.02132	0.01447	0.01675	0.00990	0.01142	0.00914	0.00609	0.00457	0.00152	0.00761	0.00381	0.00305	0.00914
10	0.29679	0.01395	0.01389	0.01143	0.01585	0.01510	0.00933	0.21857	0.02030	0.13976	0.01748	0.01812	0.01262	0.00786	0.00575	0.00208	0.00586	0.00567	0.16011	0.00949
11	0.01989	0.01192	0.01578	0.06500	0.12804	0.01218	0.01144	0.02670	0.15343	0.20947	0.02339	0.02398	0.01707	0.00832	0.00650	0.00208	0.00577	0.00699	0.24216	0.00988
12	0.00920	0.00729	0.00830	0.00816	0.01025	0.00639	0.00620	0.01167	0.01774	0.02291	0.31174	0.06321	0.42739	0.01678	0.00848	0.00238	0.00365	0.04487	0.00708	0.00631
13	0.01003	0.00983	0.05346	0.17510	0.02021	0.00880	0.01045	0.01266	0.01464	0.01876	0.04144	0.33167	0.23305	0.01661	0.00830	0.00259	0.00559	0.01459	0.00560	0.00662
14	0.01664	0.01481	0.12464	0.05090	0.06946	0.01111	0.07646	0.02031	0.01629	0.17829	0.03002	0.21420	0.08580	0.01287	0.00796	0.00249	0.00696	0.04603	0.00588	0.00889
15	0.01228	0.05253	0.01208	0.01028	0.01083	0.00949	0.00737	0.01147	0.01030	0.01400	0.01523	0.02711	0.01579	0.19259	0.12932	0.37940	0.07462	0.00721	0.00348	0.00464
16	0.01723	0.44488	0.03125	0.01490	0.02002	0.04891	0.11210	0.02110	0.06085	0.01881	0.01664	0.13185	0.01636	0.00898	0.00613	0.00195	0.00778	0.00747	0.00401	0.00878
17	0.01133	0.00866	0.01090	0.04354	0.04473	0.00775	0.00791	0.01368	0.01459	0.02093	0.03299	0.31348	0.12180	0.01436	0.00734	0.00217	0.00464	0.01260	0.12014	0.18648
18	0.01947	0.02229	0.24241	0.01861	0.02545	0.01600	0.12377	0.11009	0.05950	0.14389	0.01738	0.01897	0.01253	0.01010	0.04603	0.00273	0.04650	0.00653	0.00501	0.05274
19	0.01831	0.04349	0.08311	0.15068	0.02657	0.05275	0.05459	0.13167	0.19953	0.05076	0.04384	0.04886	0.01702	0.00874	0.00713	0.00224	0.00784	0.00737	0.00546	0.04004
20	0.46465	0.01745	0.11062	0.01307	0.01840	0.01610	0.04686	0.08216	0.05613	0.05474	0.01450	0.05167	0.01166	0.00784	0.00570	0.00226	0.00672	0.00573	0.00486	0.00887
21	0.11860	0.02168	0.19346	0.14369	0.17682	0.05075	0.03641	0.06765	0.05271	0.02467	0.01352	0.01661	0.01039	0.00722	0.00729	0.00225	0.03679	0.00581	0.00389	0.00979
22	0.01232	0.01067	0.01662	0.06124	0.26906	0.01055	0.01302	0.01498	0.01496	0.02027	0.03115	0.35172	0.09012	0.01511	0.00820	0.00255	0.00606	0.03816	0.00528	0.00798
23	0.01441	0.01356	0.06386	0.09460	0.12334	0.01275	0.01310	0.09950	0.08635	0.02565	0.14212	0.14930	0.08422	0.01247	0.00784	0.00240	0.00632	0.03364	0.00586	0.00870

[dist]
# distance from previous block
# <min> <max>
8	22

[block]
# block no. 1 follows, 29 sequences, length 6
# corresponding to MSA columns:
# 664-669
name=unknown_B
#
# <colnr> <probs for GDERKNQSTAVLIFYWHMCP>
#	G	D	E	R	K	N	Q	S	T	A	V	L	I	F	Y	W	H	M	C	P
0	0.08011	0.11747	0.13769	0.02029	0.16900	0.01766	0.01538	0.11166	0.10431	0.02715	0.01640	0.01819	0.01275	0.00739	0.00621	0.00204	0.00730	0.00589	0.11306	0.01005
1	0.12672	0.02287	0.02299	0.01958	0.05547	0.26620	0.14620	0.13319	0.05463	0.02632	0.01418	0.01625	0.01098	0.00729	0.00666	0.00208	0.00982	0.00592	0.04333	0.00930
2	0.01149	0.00765	0.00964	0.00893	0.01104	0.00688	0.00677	0.01451	0.01945	0.08033	0.53274	0.05374	0.18036	0.01475	0.00830	0.00227	0.00362	0.01283	0.00769	0.00701
3	0.01700	0.01236	0.01619	0.01816	0.13180	0.01292	0.01223	0.02596	0.25418	0.11654	0.02951	0.15024	0.02708	0.01288	0.00798	0.00257	0.00610	0.13007	0.00660	0.00963
4	0.02527	0.17806	0.02339	0.01457	0.02015	0.02077	0.01243	0.34903	0.09485	0.16285	0.01883	0.01818	0.01350	0.00818	0.00659	0.00204	0.00722	0.00615	0.00657	0.01138
5	0.01219	0.00774	0.00941	0.00895	0.01122	0.00682	0.00672	0.01457	0.01776	0.11501	0.27918	0.15652	0.29466	0.01622	0.00834	0.00239	0.00393	0.01399	0.00733	0.00704

[dist]
# distance from previous block
# <min> <max>
0	3

[block]
# block no. 2 follows, 29 sequences, length 23
# corresponding to MSA columns:
# 673-695
name=unknown_C
#
# <colnr> <probs for GDERKNQSTAVLIFYWHMCP>
#	G	D	E	R	K	N	Q	S	T	A	V	L	I	F	Y	W	H	M	C	P
0	0.01750	0.23845	0.02503	0.01568	0.01896	0.07425	0.03913	0.02345	0.15964	0.02006	0.01602	0.06441	0.01447	0.00995	0.01145	0.00235	0.22926	0.00677	0.00427	0.00892
1	0.01470	0.04665	0.02084	0.09700	0.17322	0.03395	0.08673	0.01800	0.01525	0.04611	0.02355	0.13811	0.07905	0.01450	0.07626	0.00308	0.00854	0.00931	0.00454	0.09061
2	0.01784	0.18788	0.09810	0.01897	0.15594	0.01655	0.01401	0.04590	0.05105	0.10574	0.08868	0.02401	0.01940	0.07653	0.04727	0.00296	0.00792	0.00694	0.00486	0.00947
3	0.17584	0.09165	0.06635	0.01643	0.04776	0.11920	0.04704	0.19094	0.09373	0.02962	0.01464	0.01577	0.01121	0.00739	0.00621	0.00205	0.00812	0.00550	0.00499	0.04556
4	0.06057	0.12353	0.08615	0.13355	0.13691	0.17900	0.01658	0.13803	0.01927	0.02440	0.01267	0.01527	0.00998	0.00709	0.00643	0.00203	0.00943	0.00538	0.00406	0.00966
5	0.01108	0.00922	0.01305	0.25935	0.02369	0.01012	0.01090	0.01455	0.04892	0.01899	0.07545	0.21082	0.12947	0.11886	0.01203	0.00314	0.00633	0.01213	0.00520	0.00669
6	0.00926	0.00697	0.00823	0.00842	0.00982	0.00631	0.00592	0.01117	0.01605	0.02112	0.25289	0.20754	0.26703	0.12209	0.01252	0.00310	0.00411	0.01483	0.00666	0.00594
7	0.01089	0.00713	0.00852	0.00866	0.01021	0.00661	0.00631	0.01319	0.01613	0.04676	0.21103	0.18856	0.17331	0.08179	0.01049	0.00278	0.00414	0.04760	0.13956	0.00635
8	0.02338	0.01595	0.01729	0.01392	0.01857	0.01738	0.01128	0.38451	0.14517	0.10307	0.02137	0.02118	0.01546	0.00872	0.00676	0.00211	0.00645	0.00681	0.14967	0.01097
9	0.44242	0.01251	0.01168	0.01008	0.01406	0.01364	0.00816	0.08473	0.01657	0.11004	0.11259	0.02105	0.01885	0.00836	0.00561	0.00215	0.00526	0.00606	0.08781	0.00839
10	0.53065	0.01373	0.01178	0.01061	0.01473	0.01585	0.00852	0.02536	0.20177	0.03099	0.01610	0.01673	0.01231	0.00757	0.00523	0.00223	0.00540	0.00521	0.05660	0.00863
11	0.09996	0.04058	0.09999	0.01326	0.01779	0.05041	0.01191	0.13795	0.09857	0.07436	0.07510	0.05244	0.06492	0.01054	0.00700	0.00227	0.00662	0.06218	0.06495	0.00919
12	0.01843	0.38735	0.02527	0.01189	0.01645	0.01984	0.01066	0.09007	0.04260	0.07051	0.05322	0.09060	0.01929	0.00943	0.00600	0.00192	0.00646	0.03338	0.07767	0.00895
13	0.45488	0.01613	0.01502	0.08683	0.05154	0.11546	0.04089	0.02070	0.01404	0.02622	0.01379	0.08991	0.01253	0.00837	0.00576	0.00224	0.00725	0.00625	0.00433	0.00786
14	0.01486	0.01196	0.01869	0.01687	0.06337	0.01174	0.14188	0.04486	0.11090	0.07743	0.15913	0.20306	0.06832	0.01302	0.00817	0.00245	0.00629	0.01209	0.00633	0.00858
15	0.00940	0.00715	0.00849	0.00833	0.01006	0.00641	0.00608	0.01182	0.01761	0.02347	0.38232	0.10989	0.28930	0.06562	0.01032	0.00266	0.00374	0.01403	0.00707	0.00624
16	0.01825	0.08907	0.02293	0.27805	0.06193	0.13827	0.03588	0.10480	0.01795	0.02227	0.05755	0.01881	0.01362	0.00820	0.00851	0.00222	0.08259	0.00628	0.00407	0.00874
17	0.00986	0.00766	0.00910	0.00937	0.01118	0.00717	0.00705	0.01335	0.06219	0.02244	0.22746	0.20768	0.27673	0.01762	0.00863	0.00256	0.00410	0.08233	0.00698	0.00656
18	0.01106	0.00655	0.00901	0.00913	0.00978	0.00640	0.00634	0.00988	0.01125	0.01464	0.02726	0.08589	0.15617	0.02619	0.09508	0.49096	0.00685	0.00919	0.00415	0.00423
19	0.01930	0.49914	0.09771	0.01350	0.01990	0.05264	0.01336	0.09226	0.01683	0.02103	0.01128	0.01279	0.00959	0.00639	0.00520	0.00162	0.00789	0.00430	0.00363	0.09163
20	0.01569	0.01423	0.01459	0.03623	0.01687	0.11265	0.02981	0.04761	0.15935	0.04986	0.17031	0.11023	0.13337	0.01280	0.00851	0.00236	0.04029	0.01066	0.00632	0.00827
21	0.09977	0.04537	0.02011	0.43343	0.03604	0.08995	0.01617	0.01959	0.01447	0.01994	0.01186	0.01660	0.00935	0.00723	0.00756	0.00219	0.05764	0.00557	0.00344	0.08373
22	0.08084	0.09597	0.13040	0.01532	0.02091	0.01753	0.05706	0.23096	0.05765	0.05310	0.11533	0.05490	0.02108	0.00925	0.00695	0.00218	0.00734	0.00756	0.00574	0.00993

[dist]
# distance from previous block
# <min> <max>
2	7

[block]
# block no. 3 follows, 29 sequences, length 18
# corresponding to MSA columns:
# 717-734
name=unknown_D
#
# <colnr> <probs for GDERKNQSTAVLIFYWHMCP>
#	G	D	E	R	K	N	Q	S	T	A	V	L	I	F	Y	W	H	M	C	P
0	0.01741	0.01175	0.01359	0.01206	0.01528	0.01202	0.00942	0.20064	0.07524	0.10808	0.10061	0.20396	0.12834	0.01443	0.00805	0.00245	0.00547	0.04516	0.00718	0.00886
1	0.04937	0.14659	0.07782	0.01385	0.01819	0.12348	0.01229	0.02333	0.01705	0.18221	0.09965	0.02481	0.07243	0.00970	0.00869	0.00216	0.09685	0.00707	0.00539	0.00907
2	0.02035	0.01871	0.06623	0.13327	0.15985	0.01948	0.06148	0.29065	0.02232	0.03054	0.01435	0.01733	0.01095	0.00808	0.00906	0.00231	0.09321	0.00643	0.00487	0.01054
3	0.00989	0.00742	0.00954	0.04220	0.03630	0.00714	0.00697	0.01156	0.01454	0.01936	0.16523	0.26355	0.14317	0.21233	0.01591	0.00371	0.00503	0.01427	0.00597	0.00590
4	0.01472	0.01392	0.01732	0.01995	0.17681	0.06878	0.01258	0.01934	0.09415	0.02202	0.09705	0.13890	0.09723	0.01219	0.00987	0.00237	0.11148	0.01001	0.00521	0.05612
5	0.38716	0.01776	0.15082	0.01263	0.01861	0.01423	0.01230	0.02588	0.01547	0.25808	0.01659	0.01651	0.01130	0.00738	0.00580	0.00221	0.00668	0.00524	0.00561	0.00975
6	0.01558	0.01558	0.02181	0.01869	0.01869	0.02181	0.01558	0.01714	0.01091	0.01714	0.00935	0.01558	0.00935	0.01246	0.02337	0.00312	0.73672	0.00623	0.00312	0.00779
7	0.01696	0.01614	0.02250	0.30503	0.24384	0.07006	0.01803	0.06336	0.09747	0.02317	0.04310	0.02028	0.01400	0.00759	0.00711	0.00224	0.00861	0.00668	0.00424	0.00959
8	0.15145	0.11139	0.02337	0.01681	0.02170	0.22609	0.08968	0.17223	0.02042	0.05588	0.01312	0.01474	0.01014	0.00744	0.00693	0.00206	0.03705	0.00540	0.00468	0.00944
9	0.01477	0.01321	0.02094	0.12637	0.05552	0.01311	0.15470	0.02101	0.11331	0.04853	0.06115	0.05743	0.09721	0.01126	0.03802	0.00257	0.00783	0.00871	0.00506	0.12929
10	0.00958	0.00786	0.00868	0.00805	0.01072	0.00660	0.00610	0.01194	0.01707	0.02209	0.22703	0.05835	0.45889	0.01566	0.00805	0.00221	0.00374	0.01322	0.00665	0.09752
11	0.01961	0.01446	0.01587	0.01344	0.01715	0.01595	0.01057	0.29447	0.20904	0.03296	0.06131	0.06532	0.02051	0.01187	0.00958	0.09424	0.00620	0.00803	0.06970	0.00971
12	0.16751	0.01302	0.01382	0.01144	0.01548	0.01388	0.00927	0.22324	0.02078	0.14875	0.01944	0.02056	0.01427	0.01088	0.04939	0.00259	0.00653	0.00620	0.22351	0.00942
13	0.00903	0.00688	0.00831	0.00871	0.01019	0.00616	0.00624	0.01113	0.01657	0.02182	0.26038	0.30002	0.27192	0.01842	0.00865	0.00252	0.00371	0.01617	0.00700	0.00616
14	0.01353	0.01179	0.01926	0.08441	0.23216	0.01169	0.07449	0.01746	0.01754	0.02496	0.28569	0.03446	0.05982	0.01020	0.00759	0.00219	0.00628	0.00944	0.06856	0.00847
15	0.14690	0.00990	0.01137	0.01062	0.01261	0.01064	0.00794	0.08783	0.01544	0.04963	0.09975	0.16792	0.02641	0.07538	0.05667	0.12490	0.03754	0.00983	0.03193	0.00677
16	0.01491	0.01752	0.14137	0.15530	0.02389	0.09437	0.01413	0.07073	0.01635	0.02200	0.02045	0.17488	0.01946	0.01425	0.06338	0.00300	0.00872	0.00907	0.10821	0.00801
17	0.01858	0.10329	0.07939	0.07559	0.10229	0.13548	0.01430	0.07443	0.05841	0.02315	0.01350	0.01566	0.01083	0.00664	0.00613	0.00174	0.00819	0.00514	0.00414	0.24311

[dist]
# distance from previous block
# <min> <max>
3	45

[block]
# block no. 4 follows, 29 sequences, length 17
# corresponding to MSA columns:
# 780-796
name=unknown_E
#
# <colnr> <probs for GDERKNQSTAVLIFYWHMCP>
#	G	D	E	R	K	N	Q	S	T	A	V	L	I	F	Y	W	H	M	C	P
0	0.01568	0.00851	0.01041	0.00932	0.01201	0.00752	0.00700	0.01774	0.01712	0.21599	0.16475	0.09050	0.25715	0.11967	0.01208	0.00299	0.00476	0.01205	0.00713	0.00761
1	0.01141	0.00738	0.00879	0.00855	0.01006	0.00693	0.00601	0.01318	0.01498	0.06772	0.16737	0.10455	0.19211	0.22707	0.06448	0.00424	0.00574	0.01206	0.06123	0.00614
2	0.02406	0.01845	0.01968	0.01578	0.02094	0.02068	0.01281	0.47481	0.24516	0.04003	0.02091	0.02014	0.01520	0.00891	0.00716	0.00223	0.00713	0.00694	0.00716	0.01184
3	0.02245	0.01339	0.01560	0.01288	0.01716	0.01385	0.01032	0.16704	0.19131	0.23974	0.13751	0.02828	0.02577	0.00989	0.00723	0.00221	0.00569	0.00814	0.06090	0.01063
4	0.26474	0.01679	0.01724	0.01363	0.01890	0.01833	0.01125	0.37451	0.02481	0.14852	0.01667	0.01656	0.01165	0.00800	0.00630	0.00217	0.00684	0.00575	0.00656	0.01076
5	0.01486	0.01158	0.06795	0.01160	0.01466	0.00978	0.00952	0.06153	0.01497	0.11256	0.02300	0.14994	0.02239	0.15980	0.19138	0.00538	0.00953	0.00957	0.00526	0.09475
6	0.01904	0.75404	0.03731	0.01218	0.01828	0.02818	0.01218	0.02132	0.01447	0.01675	0.00990	0.01142	0.00914	0.00609	0.00457	0.00152	0.00761	0.00381	0.00305	0.00914
7	0.34745	0.01590	0.01747	0.06392	0.22975	0.08463	0.01302	0.02062	0.01411	0.02500	0.01265	0.01790	0.01108	0.08914	0.00912	0.00267	0.00753	0.00557	0.00398	0.00850
8	0.02055	0.01763	0.02407	0.02462	0.20531	0.01891	0.08901	0.23551	0.22825	0.03204	0.01944	0.02036	0.01468	0.00802	0.00728	0.00225	0.00779	0.00712	0.00581	0.01135
9	0.01151	0.00753	0.00908	0.00890	0.01099	0.00663	0.00659	0.01368	0.01708	0.09786	0.22080	0.21936	0.30920	0.01713	0.00843	0.00245	0.00394	0.01484	0.00717	0.00681
10	0.01405	0.01310	0.02106	0.19794	0.35266	0.01357	0.01680	0.01768	0.01557	0.02085	0.02755	0.07824	0.16124	0.01012	0.00750	0.00229	0.00737	0.00914	0.00431	0.00897
11	0.01087	0.00914	0.01493	0.01289	0.01527	0.00848	0.12702	0.01411	0.01778	0.02457	0.38842	0.21940	0.07823	0.01509	0.00857	0.00244	0.00511	0.01399	0.00673	0.00697
12	0.01237	0.00618	0.00928	0.00928	0.00928	0.00618	0.00618	0.00928	0.00928	0.01237	0.01237	0.02165	0.01237	0.02474	0.02783	0.79283	0.00618	0.00618	0.00309	0.00309
13	0.02151	0.52813	0.03241	0.01348	0.01945	0.02630	0.01260	0.22451	0.02032	0.02541	0.01211	0.01317	0.01005	0.00685	0.00536	0.00171	0.00768	0.00461	0.00430	0.01005
14	0.01004	0.00707	0.00885	0.00990	0.01094	0.00686	0.00705	0.01297	0.05514	0.02082	0.08407	0.49333	0.07032	0.01907	0.00851	0.00269	0.00425	0.06816	0.09363	0.00634
15	0.09988	0.04145	0.02035	0.36060	0.11378	0.01642	0.01619	0.02392	0.14411	0.07019	0.01653	0.01956	0.01240	0.00754	0.00675	0.00229	0.00790	0.00636	0.00450	0.00927
16	0.01903	0.01839	0.01780	0.01557	0.01815	0.15521	0.01213	0.10732	0.21026	0.02380	0.01812	0.02281	0.01556	0.11559	0.01526	0.00308	0.19088	0.00704	0.00508	0.00892

[dist]
# distance from previous block
# <min> <max>
24	40

[block]
# block no. 5 follows, 29 sequences, length 10
# corresponding to MSA columns:
# 837-846
name=unknown_F
#
# <colnr> <probs for GDERKNQSTAVLIFYWHMCP>
#	G	D	E	R	K	N	Q	S	T	A	V	L	I	F	Y	W	H	M	C	P
0	0.01073	0.00856	0.01031	0.00958	0.01236	0.00711	0.00701	0.01287	0.01499	0.02087	0.09222	0.33389	0.14832	0.01538	0.00767	0.00216	0.00435	0.01352	0.00594	0.26215
1	0.00913	0.00667	0.00820	0.00893	0.00984	0.00616	0.00605	0.01062	0.01465	0.01938	0.15138	0.39807	0.16490	0.13645	0.01319	0.00334	0.00435	0.01651	0.00645	0.00574
2	0.02210	0.01538	0.01702	0.01442	0.01901	0.01692	0.01146	0.13913	0.45073	0.17128	0.02692	0.02459	0.01937	0.00931	0.00721	0.00233	0.00607	0.00761	0.00755	0.01158
3	0.24126	0.01436	0.01468	0.01245	0.01672	0.01583	0.00999	0.16501	0.19814	0.09685	0.12108	0.02407	0.02212	0.00921	0.00658	0.00225	0.00576	0.00715	0.00665	0.00984
4	0.43934	0.01598	0.01514	0.01232	0.01732	0.01782	0.01017	0.27373	0.02097	0.09545	0.01422	0.01477	0.01024	0.00754	0.00568	0.00218	0.00644	0.00511	0.00582	0.00977
5	0.02286	0.02674	0.24627	0.01784	0.02492	0.08546	0.01771	0.40624	0.02624	0.03505	0.01512	0.01603	0.01083	0.00785	0.00694	0.00215	0.00918	0.00587	0.00546	0.01123
6	0.01904	0.75404	0.03731	0.01218	0.01828	0.02818	0.01218	0.02132	0.01447	0.01675	0.00990	0.01142	0.00914	0.00609	0.00457	0.00152	0.00761	0.00381	0.00305	0.00914
7	0.05118	0.01623	0.01881	0.33281	0.03191	0.12791	0.01516	0.11043	0.01757	0.05772	0.01475	0.01920	0.01153	0.01513	0.12592	0.00375	0.01105	0.00622	0.00424	0.00849
8	0.01769	0.01563	0.01872	0.02046	0.15892	0.01755	0.01343	0.03457	0.55422	0.02845	0.02580	0.02474	0.01960	0.00898	0.00721	0.00235	0.00621	0.00770	0.00648	0.01127
9	0.01673	0.01011	0.01237	0.01120	0.01408	0.00987	0.00878	0.11385	0.04048	0.15515	0.19122	0.16997	0.09401	0.01437	0.00806	0.00243	0.00504	0.07207	0.04182	0.00840

[dist]
# distance from previous block
# <min> <max>
0	5

[block]
# block no. 6 follows, 29 sequences, length 11
# corresponding to MSA columns:
# 852-862
name=unknown_G
#
# <colnr> <probs for GDERKNQSTAVLIFYWHMCP>
#	G	D	E	R	K	N	Q	S	T	A	V	L	I	F	Y	W	H	M	C	P
0	0.01886	0.02091	0.08129	0.06279	0.10267	0.20828	0.01440	0.11826	0.04944	0.02298	0.01707	0.07400	0.01531	0.05206	0.10665	0.00366	0.01075	0.00727	0.00450	0.00886
1	0.02259	0.18806	0.08894	0.04544	0.02160	0.10247	0.01365	0.15284	0.08132	0.15275	0.01826	0.05071	0.01417	0.00839	0.00653	0.00205	0.00801	0.00641	0.00552	0.01028
2	0.37379	0.24941	0.12633	0.01264	0.01844	0.07796	0.01243	0.02192	0.01396	0.02459	0.01044	0.01215	0.00847	0.00653	0.00498	0.00197	0.00753	0.00411	0.00371	0.00863
3	0.16797	0.01914	0.01692	0.01460	0.01902	0.13422	0.01153	0.18058	0.30329	0.03161	0.01973	0.01933	0.01483	0.00845	0.00655	0.00222	0.00730	0.00632	0.00610	0.01030
4	0.01612	0.01593	0.02367	0.02526	0.19897	0.02053	0.01723	0.01837	0.01230	0.01875	0.01041	0.01612	0.00985	0.01086	0.01908	0.00285	0.54552	0.00626	0.00322	0.00871
5	0.00963	0.00782	0.00927	0.00961	0.01098	0.00775	0.00701	0.01176	0.03702	0.01877	0.04941	0.30703	0.32161	0.06379	0.01161	0.00295	0.06456	0.03707	0.00620	0.00616
6	0.01211	0.00882	0.01238	0.19912	0.02106	0.00903	0.01014	0.01489	0.01606	0.07992	0.14932	0.22182	0.18814	0.01488	0.00814	0.00248	0.00546	0.01304	0.00610	0.00710
7	0.01243	0.13608	0.04458	0.01057	0.01230	0.01253	0.00832	0.01381	0.01193	0.01607	0.05228	0.03441	0.02186	0.39892	0.11490	0.00580	0.07466	0.00843	0.00405	0.00610
8	0.01605	0.01669	0.01925	0.02176	0.19297	0.15566	0.04168	0.01858	0.01540	0.01909	0.02474	0.02930	0.14195	0.07043	0.08893	0.00362	0.10350	0.00813	0.00417	0.00811
9	0.07771	0.01726	0.19571	0.01295	0.01774	0.01203	0.01284	0.06039	0.01685	0.02479	0.16030	0.08584	0.14605	0.01177	0.00828	0.00227	0.05096	0.00953	0.00535	0.07137
10	0.08603	0.04539	0.01810	0.01572	0.08021	0.13169	0.01142	0.09345	0.01901	0.15420	0.06721	0.01922	0.01584	0.00756	0.00631	0.00181	0.00721	0.00586	0.00547	0.20828

[dist]
# distance from previous block
# <min> <max>
0	15

[block]
# block no. 7 follows, 29 sequences, length 8
# corresponding to MSA columns:
# 878-885
name=unknown_H
#
# <colnr> <probs for GDERKNQSTAVLIFYWHMCP>
#	G	D	E	R	K	N	Q	S	T	A	V	L	I	F	Y	W	H	M	C	P
0	0.25188	0.00997	0.01017	0.00947	0.01237	0.01019	0.00731	0.04599	0.01653	0.07404	0.18531	0.14784	0.16671	0.01338	0.00715	0.00236	0.00457	0.01103	0.00639	0.00735
1	0.01635	0.34863	0.41917	0.01677	0.02537	0.02160	0.02017	0.02202	0.01479	0.02003	0.01153	0.01346	0.00907	0.00647	0.00581	0.00194	0.00926	0.00463	0.00302	0.00992
2	0.02154	0.01383	0.01545	0.01264	0.01680	0.01458	0.01017	0.27805	0.10897	0.14250	0.10413	0.02746	0.05115	0.00980	0.00699	0.00213	0.00581	0.00790	0.13993	0.01019
3	0.05203	0.01266	0.01150	0.01090	0.01268	0.12925	0.00829	0.01756	0.01578	0.02337	0.11606	0.11799	0.02573	0.01122	0.00836	0.00212	0.09129	0.00873	0.31750	0.00700
4	0.01716	0.00919	0.01019	0.00897	0.01166	0.00921	0.00702	0.10768	0.01869	0.11678	0.09717	0.02790	0.02270	0.00908	0.00592	0.00186	0.00428	0.00736	0.49911	0.00808
5	0.01206	0.00845	0.00944	0.00897	0.01125	0.00809	0.00672	0.05279	0.05704	0.02500	0.15508	0.15565	0.17770	0.01367	0.00726	0.00216	0.00404	0.01166	0.21670	0.05629
6	0.01463	0.00902	0.01105	0.01077	0.01305	0.00865	0.00815	0.05586	0.05638	0.13739	0.04006	0.28352	0.15591	0.06995	0.01047	0.00295	0.00516	0.09258	0.00688	0.00758
7	0.06660	0.04221	0.01613	0.01365	0.01697	0.18975	0.04113	0.10421	0.05058	0.02330	0.02743	0.10400	0.13244	0.01630	0.09102	0.00327	0.00906	0.00896	0.03496	0.00803

[dist]
# distance from previous block
# <min> <max>
0	3

[block]
# block no. 8 follows, 29 sequences, length 30
# corresponding to MSA columns:
# 889-918
name=unknown_I
#
# <colnr> <probs for GDERKNQSTAVLIFYWHMCP>
#	G	D	E	R	K	N	Q	S	T	A	V	L	I	F	Y	W	H	M	C	P
0	0.13950	0.05455	0.02062	0.05800	0.02222	0.27124	0.05625	0.06128	0.04201	0.10840	0.01404	0.01580	0.01076	0.00796	0.00819	0.00217	0.08784	0.00551	0.00462	0.00903
1	0.01684	0.01499	0.02021	0.09623	0.11750	0.07201	0.06244	0.10139	0.01770	0.04584	0.09582	0.02595	0.01985	0.01717	0.13277	0.00393	0.09156	0.03434	0.00476	0.00871
2	0.01427	0.01382	0.01288	0.01219	0.01442	0.14766	0.00933	0.04588	0.04964	0.02117	0.12542	0.10673	0.17345	0.02113	0.13609	0.00399	0.04822	0.03093	0.00557	0.00722
3	0.01085	0.00763	0.00893	0.00875	0.00934	0.00788	0.00553	0.01290	0.06120	0.01668	0.08795	0.04384	0.02872	0.55266	0.10258	0.00660	0.00773	0.01015	0.00482	0.00527
4	0.01811	0.00876	0.01068	0.00933	0.01247	0.00781	0.00730	0.02078	0.01772	0.26561	0.11802	0.07353	0.18570	0.01219	0.00716	0.00215	0.00440	0.01019	0.19971	0.00839
5	0.02150	0.01409	0.01612	0.01342	0.01769	0.01495	0.01071	0.18660	0.25130	0.18115	0.16293	0.02921	0.02779	0.01021	0.00743	0.00227	0.00579	0.00845	0.00768	0.01073
6	0.80005	0.01377	0.01047	0.00936	0.01377	0.01597	0.00771	0.02093	0.01212	0.03195	0.00991	0.01157	0.00771	0.00661	0.00441	0.00220	0.00551	0.00386	0.00441	0.00771
7	0.20810	0.05636	0.01788	0.01421	0.01811	0.01530	0.10045	0.05881	0.19530	0.02664	0.02303	0.19315	0.02165	0.01119	0.00699	0.00241	0.00634	0.00966	0.00565	0.00877
8	0.01768	0.41751	0.03499	0.01741	0.02316	0.02247	0.21935	0.04381	0.01542	0.01931	0.01293	0.01789	0.01159	0.08745	0.00932	0.00241	0.00891	0.00605	0.00350	0.00886
9	0.02291	0.34479	0.02903	0.01506	0.02086	0.05251	0.05126	0.25316	0.04672	0.07802	0.01474	0.01540	0.01135	0.00732	0.00604	0.00188	0.00798	0.00541	0.00510	0.01046
10	0.41954	0.01948	0.13638	0.08662	0.12389	0.06370	0.01461	0.02159	0.01398	0.02672	0.01127	0.01387	0.00874	0.00670	0.00561	0.00219	0.00769	0.00476	0.00386	0.00879
11	0.01797	0.01624	0.01538	0.01383	0.01665	0.15995	0.01076	0.11752	0.08198	0.05450	0.02403	0.04754	0.08031	0.05950	0.18145	0.00473	0.05674	0.02741	0.00522	0.00827
12	0.00868	0.00659	0.00801	0.00899	0.01012	0.00592	0.00623	0.01024	0.01489	0.01919	0.09301	0.48293	0.25863	0.02043	0.00883	0.00269	0.00391	0.01809	0.00669	0.00592
13	0.01255	0.01141	0.01614	0.15976	0.05198	0.04123	0.04424	0.01617	0.05049	0.01889	0.02477	0.24950	0.04781	0.02057	0.12889	0.00409	0.07811	0.01132	0.00475	0.00733
14	0.00891	0.00690	0.00823	0.00868	0.01021	0.00621	0.00624	0.01086	0.01587	0.02055	0.18060	0.29541	0.32133	0.02053	0.04316	0.00298	0.00449	0.01604	0.00671	0.00609
15	0.01130	0.00666	0.00902	0.00902	0.00920	0.00684	0.00587	0.01017	0.00999	0.01350	0.01709	0.03188	0.01820	0.30023	0.12905	0.38811	0.00828	0.00795	0.00365	0.00401
16	0.09624	0.09432	0.05856	0.01625	0.02196	0.05907	0.05197	0.39359	0.08053	0.03570	0.01596	0.01657	0.01179	0.00791	0.00664	0.00211	0.00807	0.00600	0.00587	0.01090
17	0.01696	0.01418	0.02074	0.01794	0.06005	0.01493	0.13449	0.20702	0.06423	0.02789	0.05835	0.07487	0.04605	0.02068	0.18304	0.00456	0.01060	0.00882	0.00544	0.00917
18	0.06236	0.02020	0.19073	0.02190	0.16173	0.01567	0.06496	0.15067	0.01822	0.02622	0.01709	0.05319	0.01529	0.11442	0.01130	0.00294	0.00846	0.03059	0.00452	0.00954
19	0.01862	0.01476	0.01948	0.05247	0.18551	0.01588	0.01387	0.27972	0.02171	0.02958	0.01947	0.11764	0.01784	0.04507	0.11172	0.00377	0.00915	0.00858	0.00542	0.00974
20	0.21015	0.01664	0.02341	0.07074	0.45298	0.04258	0.01770	0.04292	0.01580	0.02560	0.01253	0.01602	0.01026	0.00656	0.00638	0.00214	0.00793	0.00567	0.00384	0.01014
21	0.01814	0.05950	0.15966	0.03272	0.42618	0.06407	0.02042	0.02269	0.01630	0.06204	0.01479	0.04512	0.01235	0.00724	0.00691	0.00213	0.00880	0.00647	0.00384	0.01065
22	0.01495	0.01289	0.01573	0.01230	0.01656	0.01254	0.00994	0.01848	0.04354	0.02236	0.01359	0.01661	0.01149	0.00748	0.00968	0.00167	0.18086	0.00510	0.07967	0.49454
23	0.00868	0.00686	0.00783	0.00836	0.00998	0.00600	0.00597	0.01045	0.01572	0.01984	0.12677	0.30748	0.40248	0.01919	0.00865	0.00256	0.00377	0.01666	0.00674	0.00600
24	0.15086	0.01019	0.01204	0.01212	0.05277	0.01083	0.00856	0.06561	0.01486	0.08969	0.02074	0.09004	0.01900	0.11664	0.17812	0.00496	0.00883	0.00811	0.11843	0.00757
25	0.01819	0.01523	0.02129	0.08246	0.10635	0.01612	0.10161	0.16963	0.16897	0.05256	0.07487	0.02819	0.09340	0.00955	0.00755	0.00229	0.00728	0.00846	0.00595	0.01006
26	0.15733	0.01118	0.01168	0.01066	0.01299	0.03455	0.00823	0.06585	0.01584	0.06044	0.07867	0.12183	0.09206	0.06499	0.01067	0.00265	0.08817	0.00939	0.13546	0.00737
27	0.05360	0.01850	0.06819	0.07759	0.09581	0.12243	0.01350	0.17944	0.04100	0.02815	0.07401	0.02434	0.06834	0.00898	0.00682	0.00210	0.00765	0.00716	0.09315	0.00924
28	0.01955	0.06062	0.01618	0.05264	0.05049	0.14298	0.01047	0.04251	0.01690	0.17217	0.02676	0.10182	0.10513	0.06217	0.01116	0.07863	0.00733	0.00884	0.00552	0.00812
29	0.25273	0.01245	0.01441	0.01244	0.01548	0.01405	0.01009	0.02173	0.01455	0.21008	0.02278	0.09674	0.07101	0.01120	0.01062	0.00252	0.18491	0.00794	0.00569	0.00859

[dist]
# distance from previous block
# <min> <max>
1	4

[block]
# block no. 9 follows, 29 sequences, length 6
# corresponding to MSA columns:
# 923-928
name=unknown_J
#
# <colnr> <probs for GDERKNQSTAVLIFYWHMCP>
#	G	D	E	R	K	N	Q	S	T	A	V	L	I	F	Y	W	H	M	C	P
0	0.12433	0.01186	0.01329	0.01123	0.01482	0.01207	0.00878	0.13267	0.07174	0.13997	0.02423	0.02554	0.09447	0.01292	0.01135	0.17910	0.00584	0.00714	0.03477	0.06390
1	0.00988	0.00788	0.00909	0.00835	0.01091	0.00672	0.00633	0.01251	0.01774	0.02370	0.33530	0.05563	0.34852	0.01504	0.00804	0.00218	0.00370	0.01284	0.00686	0.09879
2	0.01805	0.01780	0.01907	0.07369	0.02215	0.13372	0.05512	0.05727	0.29958	0.02421	0.02203	0.02333	0.04384	0.01247	0.05817	0.00300	0.09435	0.00733	0.00534	0.00947
3	0.02160	0.01143	0.01293	0.01067	0.01435	0.01155	0.00857	0.19002	0.02105	0.20797	0.02293	0.02355	0.01653	0.00849	0.00609	0.00192	0.00517	0.00671	0.38902	0.00944
4	0.01137	0.00740	0.00885	0.00894	0.01088	0.00666	0.00671	0.01365	0.01652	0.07684	0.16241	0.21451	0.26836	0.01679	0.00821	0.00246	0.00406	0.06085	0.08786	0.00667
5	0.01488	0.01033	0.01433	0.14841	0.12592	0.01078	0.01126	0.01935	0.05352	0.07334	0.07101	0.02954	0.08666	0.00927	0.00655	0.00206	0.00562	0.00790	0.29107	0.00819

[dist]
# distance from previous block
# <min> <max>
0	2

[block]
# block no. 10 follows, 29 sequences, length 24
# corresponding to MSA columns:
# 931-954
name=unknown_K
#
# <colnr> <probs for GDERKNQSTAVLIFYWHMCP>
#	G	D	E	R	K	N	Q	S	T	A	V	L	I	F	Y	W	H	M	C	P
0	0.01442	0.01286	0.01564	0.05050	0.06474	0.03936	0.01024	0.01718	0.01465	0.02148	0.06604	0.05421	0.01766	0.07459	0.01043	0.00212	0.07459	0.00661	0.00438	0.42830
1	0.06189	0.17133	0.01673	0.04469	0.01441	0.04996	0.00871	0.01554	0.01260	0.01719	0.01837	0.02884	0.04244	0.25403	0.11078	0.03645	0.04257	0.00734	0.03966	0.00649
2	0.19510	0.04727	0.05320	0.05048	0.02304	0.08138	0.11389	0.10508	0.20799	0.02850	0.01718	0.01823	0.01299	0.00768	0.00656	0.00224	0.00797	0.00628	0.00516	0.00977
3	0.09508	0.25886	0.02424	0.01406	0.01930	0.18743	0.01191	0.14907	0.04290	0.02493	0.01253	0.01379	0.01019	0.00693	0.00566	0.00175	0.00835	0.00469	0.00439	0.10393
4	0.01132	0.00924	0.01213	0.01380	0.07458	0.00965	0.00917	0.01601	0.11744	0.02064	0.05786	0.34738	0.11730	0.02160	0.09643	0.00372	0.03426	0.01416	0.00600	0.00732
5	0.00924	0.00648	0.00825	0.00927	0.00970	0.00616	0.00603	0.01035	0.01338	0.01800	0.09540	0.50185	0.04346	0.20912	0.01603	0.00387	0.00478	0.01702	0.00613	0.00549
6	0.00924	0.00687	0.00809	0.00845	0.00963	0.00628	0.00578	0.01081	0.01503	0.01965	0.17936	0.25228	0.24334	0.17556	0.01457	0.00347	0.00441	0.01507	0.00637	0.00573
7	0.01906	0.01430	0.01581	0.01312	0.01686	0.01550	0.01034	0.32025	0.13515	0.03483	0.22014	0.03187	0.03106	0.07712	0.01013	0.00264	0.00608	0.00893	0.00710	0.00969
8	0.68146	0.01387	0.01134	0.01007	0.01448	0.01594	0.00822	0.02338	0.08828	0.05944	0.01278	0.01376	0.00968	0.00704	0.00484	0.00223	0.00554	0.00446	0.00490	0.00829
9	0.24445	0.01612	0.01629	0.01350	0.01832	0.01802	0.01094	0.24699	0.21938	0.09659	0.01953	0.01894	0.01418	0.00835	0.00639	0.00224	0.00637	0.00623	0.00654	0.01061
10	0.01981	0.12473	0.05183	0.10114	0.02547	0.20939	0.09740	0.12153	0.01871	0.02231	0.01371	0.01723	0.01118	0.01426	0.11725	0.00347	0.01173	0.00593	0.00403	0.00889
11	0.04182	0.29644	0.16174	0.01327	0.01916	0.03525	0.01347	0.04354	0.04735	0.08023	0.07496	0.02465	0.10298	0.00892	0.00626	0.00198	0.00720	0.00681	0.00474	0.00921
12	0.69557	0.01501	0.03895	0.01130	0.01592	0.01634	0.04638	0.02095	0.01244	0.03050	0.01025	0.01228	0.00800	0.00681	0.00547	0.00225	0.03513	0.00426	0.00426	0.00793
13	0.01744	0.11686	0.11887	0.01911	0.15468	0.01427	0.01432	0.02105	0.01546	0.14599	0.06151	0.02369	0.01762	0.05594	0.16771	0.00440	0.01016	0.00690	0.00473	0.00928
14	0.00943	0.00794	0.01095	0.01040	0.01245	0.00708	0.06656	0.01157	0.01576	0.02012	0.11876	0.30225	0.34404	0.01812	0.00865	0.00256	0.00452	0.01606	0.00646	0.00632
15	0.01575	0.01534	0.01753	0.09916	0.13126	0.13392	0.01304	0.01808	0.01427	0.01875	0.01688	0.08450	0.01655	0.12427	0.04085	0.00338	0.14342	0.00790	0.07755	0.00759
16	0.01517	0.01026	0.01088	0.00999	0.01176	0.07158	0.00702	0.01688	0.01606	0.13266	0.23192	0.07772	0.03682	0.29875	0.01886	0.00404	0.00607	0.01060	0.00619	0.00676
17	0.01129	0.00656	0.00889	0.00881	0.00939	0.00631	0.00599	0.01014	0.01199	0.01592	0.12734	0.03519	0.11555	0.09029	0.02300	0.49050	0.00547	0.00880	0.00441	0.00416
18	0.01709	0.04906	0.12159	0.25392	0.19264	0.01796	0.08126	0.11463	0.01769	0.02412	0.01342	0.01746	0.01032	0.00711	0.00757	0.00225	0.03193	0.00628	0.00382	0.00986
19	0.01184	0.00783	0.01016	0.01014	0.01166	0.00801	0.00753	0.01430	0.04883	0.06026	0.03182	0.13441	0.12850	0.10298	0.23493	0.08148	0.00947	0.04385	0.03565	0.00634
20	0.01771	0.04397	0.01970	0.01759	0.10401	0.01503	0.06270	0.16438	0.10073	0.02816	0.03916	0.02331	0.01656	0.03785	0.04165	0.00258	0.00740	0.02658	0.07577	0.15516
21	0.01796	0.12073	0.15964	0.01573	0.04349	0.12877	0.01398	0.10661	0.07797	0.02245	0.01639	0.02254	0.01449	0.15769	0.04901	0.00348	0.00936	0.00653	0.00435	0.00882
22	0.11724	0.01962	0.12042	0.01617	0.04670	0.14238	0.07219	0.04562	0.01729	0.02450	0.14072	0.04172	0.06594	0.00965	0.00767	0.00220	0.04104	0.00778	0.05283	0.00832
23	0.04591	0.20202	0.02238	0.01586	0.07908	0.07325	0.05604	0.08616	0.05838	0.02219	0.02504	0.07332	0.12009	0.07933	0.00946	0.00253	0.00733	0.00831	0.00479	0.00852

[dist]
# distance from previous block
# <min> <max>
9	131

# created by:
# /home/berkeley/.conda/envs/busco_data_prod/bin/msa2prfl.pl pipeline/OGs_align_augustus/5794/12214.fs
