[name]
unknown

[dist]
# distance from previous block
# <min> <max>
0	378

[block]
# block no. 0 follows, 27 sequences, length 19
# corresponding to MSA columns:
# 409-427
name=unknown_A
#
# <colnr> <probs for GDERKNQSTAVLIFYWHMCP>
#	G	D	E	R	K	N	Q	S	T	A	V	L	I	F	Y	W	H	M	C	P
0	0.01489	0.03840	0.70064	0.02116	0.03213	0.01724	0.02743	0.02351	0.01567	0.02351	0.01332	0.01567	0.00940	0.00705	0.00705	0.00235	0.01097	0.00549	0.00313	0.01097
1	0.01812	0.01738	0.02967	0.08545	0.65491	0.01757	0.02266	0.02256	0.01678	0.02394	0.01392	0.01846	0.01165	0.00666	0.00735	0.00222	0.00888	0.00661	0.00365	0.01155
2	0.01062	0.00791	0.01172	0.01172	0.01298	0.00917	0.00902	0.01312	0.01187	0.01708	0.02007	0.03022	0.01902	0.09272	0.67327	0.01167	0.01920	0.00811	0.00401	0.00651
3	0.01402	0.01319	0.02227	0.72126	0.05113	0.01649	0.02062	0.01897	0.01484	0.01897	0.01319	0.01979	0.00990	0.00742	0.00742	0.00247	0.00990	0.00660	0.00330	0.00825
4	0.01539	0.01319	0.01539	0.01100	0.01759	0.00990	0.00880	0.01869	0.01539	0.02419	0.01319	0.01539	0.01100	0.00550	0.00550	0.00110	0.00550	0.00440	0.00440	0.78449
5	0.06104	0.02873	0.27647	0.01969	0.06462	0.16118	0.01870	0.08092	0.13040	0.02622	0.01604	0.01736	0.01209	0.00773	0.00690	0.00220	0.00970	0.00586	0.00456	0.04959
6	0.08283	0.12537	0.01944	0.12207	0.02212	0.01670	0.01197	0.08344	0.14480	0.08679	0.17911	0.02826	0.02748	0.00986	0.00713	0.00226	0.00648	0.00804	0.00626	0.00958
7	0.00939	0.00677	0.00854	0.00964	0.01034	0.00630	0.00643	0.01076	0.01461	0.01937	0.09871	0.50974	0.11402	0.12295	0.01333	0.00349	0.00459	0.01842	0.00667	0.00592
8	0.02179	0.14013	0.07351	0.05073	0.08264	0.20957	0.18460	0.10532	0.02000	0.02395	0.01339	0.01623	0.01056	0.00711	0.00712	0.00213	0.01098	0.00619	0.00408	0.01001
9	0.01848	0.45238	0.27716	0.01598	0.02398	0.02467	0.01809	0.05521	0.01630	0.02113	0.01178	0.01357	0.00964	0.00673	0.00572	0.00190	0.00905	0.00465	0.00337	0.01020
10	0.00925	0.00730	0.00834	0.00859	0.01045	0.00639	0.00625	0.01140	0.01731	0.02216	0.21617	0.21452	0.39771	0.01891	0.00893	0.00258	0.00382	0.01633	0.00720	0.00639
11	0.00908	0.00698	0.00810	0.00893	0.01021	0.00623	0.00614	0.01051	0.01508	0.01903	0.05415	0.38879	0.32308	0.08400	0.01165	0.00316	0.00432	0.01786	0.00668	0.00600
12	0.09356	0.01793	0.01937	0.01535	0.02059	0.01949	0.01251	0.48010	0.02945	0.10808	0.02070	0.09210	0.01657	0.01025	0.00739	0.00232	0.00737	0.00802	0.00730	0.01154
13	0.01637	0.01663	0.02492	0.02071	0.02149	0.02233	0.08337	0.01848	0.01200	0.01848	0.01029	0.01663	0.00990	0.01230	0.02275	0.00317	0.65184	0.00673	0.00330	0.00832
14	0.09697	0.17465	0.26394	0.08313	0.13967	0.01980	0.01971	0.02385	0.06939	0.02361	0.01386	0.01631	0.01081	0.00709	0.00645	0.00219	0.00893	0.00554	0.00376	0.01033
15	0.09922	0.55413	0.03678	0.01533	0.02168	0.02639	0.11521	0.02243	0.01522	0.02010	0.01106	0.01320	0.00965	0.00639	0.00538	0.00181	0.00843	0.00473	0.00341	0.00945
16	0.00984	0.00822	0.00865	0.00842	0.01095	0.00738	0.00635	0.01353	0.07148	0.02248	0.16831	0.06536	0.53777	0.01752	0.00867	0.00248	0.00389	0.01472	0.00715	0.00683
17	0.00911	0.00756	0.00804	0.00832	0.01061	0.00648	0.00635	0.01111	0.01677	0.02020	0.06943	0.11477	0.58417	0.01926	0.00897	0.00263	0.00410	0.07894	0.00689	0.00631
18	0.05077	0.07883	0.02408	0.09960	0.05230	0.07615	0.05306	0.32930	0.08335	0.05484	0.01703	0.01826	0.01259	0.00822	0.00714	0.00222	0.00871	0.00650	0.00592	0.01112

[dist]
# distance from previous block
# <min> <max>
0	11

[block]
# block no. 1 follows, 27 sequences, length 74
# corresponding to MSA columns:
# 439-512
name=unknown_B
#
# <colnr> <probs for GDERKNQSTAVLIFYWHMCP>
#	G	D	E	R	K	N	Q	S	T	A	V	L	I	F	Y	W	H	M	C	P
0	0.05996	0.01477	0.01527	0.01383	0.01784	0.01679	0.01076	0.03476	0.55715	0.02976	0.03491	0.03247	0.10782	0.01102	0.00755	0.00250	0.00560	0.00909	0.00731	0.01084
1	0.00900	0.00705	0.00802	0.00877	0.01024	0.00622	0.00612	0.01053	0.01541	0.01927	0.05755	0.35603	0.37683	0.06055	0.01068	0.00299	0.00419	0.01774	0.00676	0.00607
2	0.01673	0.01900	0.14470	0.20514	0.07060	0.01629	0.09431	0.12682	0.01922	0.02595	0.01996	0.03269	0.01772	0.01029	0.00813	0.00261	0.00938	0.14611	0.00480	0.00956
3	0.01754	0.01625	0.02201	0.17723	0.22900	0.06101	0.01685	0.11061	0.01903	0.02516	0.06499	0.02698	0.09783	0.00979	0.00911	0.00239	0.07179	0.00804	0.00478	0.00961
4	0.01074	0.00743	0.00927	0.00927	0.00967	0.00783	0.00596	0.01155	0.01114	0.01526	0.02232	0.04265	0.02441	0.53020	0.24317	0.00864	0.01108	0.00993	0.00434	0.00515
5	0.01494	0.00917	0.01124	0.01024	0.01302	0.00852	0.00784	0.01935	0.07928	0.15086	0.31038	0.10754	0.19808	0.01511	0.00847	0.00244	0.00437	0.01302	0.00790	0.00823
6	0.04515	0.11288	0.34741	0.02120	0.10338	0.06399	0.02070	0.06634	0.01795	0.11125	0.01517	0.01665	0.01102	0.00735	0.00679	0.00220	0.00958	0.00568	0.00435	0.01096
7	0.02117	0.01972	0.02514	0.09489	0.34277	0.10739	0.01844	0.18261	0.02194	0.02888	0.05322	0.01985	0.01486	0.00788	0.00737	0.00220	0.00904	0.00678	0.00485	0.01097
8	0.73951	0.06352	0.01280	0.00996	0.01467	0.01751	0.00835	0.02185	0.01280	0.03224	0.01034	0.01205	0.00814	0.00685	0.00461	0.00225	0.00589	0.00402	0.00450	0.00814
9	0.01707	0.02315	0.15558	0.02957	0.03766	0.01851	0.55719	0.02373	0.01721	0.02373	0.01473	0.01928	0.01095	0.00639	0.00847	0.00248	0.01225	0.00820	0.00365	0.01018
10	0.00903	0.00652	0.00855	0.01018	0.01073	0.00604	0.00682	0.01035	0.01437	0.01901	0.04288	0.69626	0.08583	0.02300	0.00944	0.00299	0.00428	0.02079	0.00689	0.00604
11	0.01539	0.01319	0.01539	0.01100	0.01759	0.00990	0.00880	0.01869	0.01539	0.02419	0.01319	0.01539	0.01100	0.00550	0.00550	0.00110	0.00550	0.00440	0.00440	0.78449
12	0.01624	0.01624	0.02274	0.01949	0.01949	0.02274	0.01624	0.01787	0.01137	0.01787	0.00975	0.01624	0.00975	0.01299	0.02436	0.00325	0.72552	0.00650	0.00325	0.00812
13	0.00902	0.00655	0.00852	0.01010	0.01071	0.00605	0.00679	0.01036	0.01444	0.01904	0.04377	0.67909	0.10243	0.02289	0.00942	0.00297	0.00426	0.02065	0.00689	0.00605
14	0.00904	0.00646	0.00861	0.01034	0.01077	0.00603	0.00689	0.01034	0.01421	0.01895	0.04092	0.73426	0.04910	0.02326	0.00948	0.00301	0.00431	0.02110	0.00689	0.00603
15	0.01035	0.00701	0.00823	0.00866	0.00877	0.00690	0.00510	0.01068	0.01166	0.01555	0.02783	0.22234	0.03259	0.55770	0.03061	0.00614	0.00646	0.01341	0.00510	0.00489
16	0.01624	0.01624	0.02274	0.01949	0.01949	0.02274	0.01624	0.01787	0.01137	0.01787	0.00975	0.01624	0.00975	0.01299	0.02436	0.00325	0.72552	0.00650	0.00325	0.00812
17	0.79154	0.01436	0.01091	0.00976	0.01436	0.01665	0.00804	0.02182	0.01263	0.03331	0.01034	0.01206	0.00804	0.00689	0.00459	0.00230	0.00574	0.00402	0.00459	0.00804
18	0.01539	0.01319	0.01539	0.01100	0.01759	0.00990	0.00880	0.01869	0.01539	0.02419	0.01319	0.01539	0.01100	0.00550	0.00550	0.00110	0.00550	0.00440	0.00440	0.78449
19	0.01539	0.01319	0.01539	0.01100	0.01759	0.00990	0.00880	0.01869	0.01539	0.02419	0.01319	0.01539	0.01100	0.00550	0.00550	0.00110	0.00550	0.00440	0.00440	0.78449
20	0.79154	0.01436	0.01091	0.00976	0.01436	0.01665	0.00804	0.02182	0.01263	0.03331	0.01034	0.01206	0.00804	0.00689	0.00459	0.00230	0.00574	0.00402	0.00459	0.00804
21	0.02081	0.01676	0.01784	0.01542	0.02000	0.01908	0.01217	0.15851	0.53537	0.05616	0.02784	0.02574	0.02062	0.00982	0.00753	0.00246	0.00632	0.00804	0.00758	0.01195
22	0.79154	0.01436	0.01091	0.00976	0.01436	0.01665	0.00804	0.02182	0.01263	0.03331	0.01034	0.01206	0.00804	0.00689	0.00459	0.00230	0.00574	0.00402	0.00459	0.00804
23	0.01837	0.01764	0.03013	0.04557	0.69279	0.01764	0.02278	0.02278	0.01690	0.02425	0.01396	0.01837	0.01176	0.00661	0.00735	0.00220	0.00882	0.00661	0.00367	0.01176
24	0.01846	0.01595	0.01679	0.01511	0.01930	0.01846	0.01175	0.03945	0.67938	0.03105	0.03022	0.02770	0.02266	0.01007	0.00755	0.00252	0.00588	0.00839	0.00755	0.01175
25	0.02696	0.02017	0.02157	0.01683	0.02254	0.02243	0.01381	0.58704	0.11795	0.04476	0.01942	0.01910	0.01392	0.00906	0.00744	0.00227	0.00787	0.00690	0.00744	0.01251
26	0.01972	0.01482	0.01627	0.01438	0.01858	0.01654	0.01125	0.03691	0.53977	0.11689	0.08492	0.02969	0.02605	0.01038	0.00764	0.00247	0.00573	0.00869	0.00782	0.01147
27	0.01208	0.00819	0.00897	0.00840	0.01127	0.00693	0.00643	0.01422	0.01782	0.10822	0.12037	0.06416	0.55168	0.01726	0.00860	0.00247	0.00407	0.01442	0.00730	0.00715
28	0.01250	0.01090	0.01706	0.01854	0.10300	0.01165	0.06596	0.01493	0.01473	0.02027	0.02996	0.38316	0.03387	0.01767	0.01169	0.00296	0.12446	0.09355	0.00561	0.00754
29	0.03331	0.01263	0.01723	0.01321	0.01895	0.01091	0.01091	0.03618	0.02125	0.69794	0.02929	0.02527	0.01838	0.00919	0.00747	0.00230	0.00632	0.00747	0.00919	0.01263
30	0.00958	0.00738	0.00876	0.00879	0.01062	0.00655	0.00645	0.01209	0.01828	0.02417	0.34093	0.17368	0.31006	0.01793	0.00888	0.00251	0.00374	0.01557	0.00746	0.00655
31	0.02308	0.01392	0.01598	0.01290	0.01719	0.01434	0.01041	0.28590	0.02580	0.17665	0.16365	0.02904	0.02710	0.01025	0.00734	0.00218	0.00599	0.00832	0.13948	0.01046
32	0.01682	0.01605	0.02732	0.28726	0.46327	0.01723	0.02201	0.02142	0.01617	0.02236	0.01369	0.01888	0.01109	0.00690	0.00738	0.00230	0.00920	0.00661	0.00354	0.01050
33	0.01409	0.02241	0.30361	0.01683	0.02267	0.01432	0.05309	0.02081	0.06961	0.02223	0.01779	0.02333	0.01477	0.06921	0.16347	0.00479	0.05256	0.00701	0.07835	0.00903
34	0.00951	0.00710	0.00861	0.00962	0.01076	0.00653	0.00682	0.01106	0.01492	0.01910	0.04866	0.38186	0.23358	0.10862	0.01280	0.00342	0.00479	0.08964	0.00659	0.00601
35	0.01135	0.00896	0.01300	0.01259	0.01363	0.01084	0.00978	0.01365	0.01176	0.01708	0.01887	0.02912	0.01812	0.10706	0.56544	0.01042	0.10976	0.00800	0.00393	0.00664
36	0.69230	0.01478	0.01338	0.01436	0.10144	0.01678	0.00993	0.02195	0.01318	0.03215	0.01080	0.01287	0.00852	0.00686	0.00495	0.00229	0.00614	0.00435	0.00448	0.00852
37	0.02117	0.14021	0.23148	0.01732	0.02416	0.10247	0.01740	0.23845	0.02253	0.02933	0.01643	0.07534	0.01382	0.00898	0.00698	0.00219	0.00929	0.00686	0.00497	0.01060
38	0.01947	0.01463	0.02245	0.10881	0.04944	0.01563	0.12750	0.13289	0.01877	0.12602	0.01966	0.06368	0.01680	0.10617	0.05357	0.00365	0.07755	0.00853	0.00538	0.00939
39	0.01750	0.01451	0.02296	0.25530	0.16156	0.01561	0.07134	0.10384	0.01936	0.06449	0.09930	0.02925	0.02125	0.00949	0.00792	0.00244	0.00845	0.06063	0.00517	0.00963
40	0.02284	0.02258	0.07674	0.10357	0.04954	0.20822	0.01545	0.13568	0.06134	0.10791	0.01710	0.01924	0.01295	0.01288	0.07530	0.00317	0.03391	0.00636	0.00519	0.01004
41	0.11572	0.01674	0.02196	0.01758	0.02193	0.01861	0.11949	0.22962	0.10205	0.03240	0.05730	0.08026	0.01901	0.01045	0.00974	0.00252	0.10016	0.00847	0.00595	0.01007
42	0.01234	0.00981	0.01358	0.07169	0.01662	0.01143	0.01083	0.01445	0.01325	0.01812	0.02426	0.04782	0.02585	0.23480	0.12733	0.00572	0.13626	0.19461	0.00478	0.00646
43	0.01279	0.00929	0.01152	0.01034	0.01263	0.00907	0.00792	0.09829	0.02280	0.03196	0.60240	0.05060	0.06265	0.01437	0.00858	0.00232	0.00410	0.01256	0.00808	0.00773
44	0.00932	0.00666	0.00893	0.01065	0.01121	0.00627	0.00737	0.01082	0.01449	0.01926	0.04076	0.67230	0.04849	0.02300	0.00955	0.00305	0.00455	0.08032	0.00689	0.00611
45	0.01489	0.03840	0.70064	0.02116	0.03213	0.01724	0.02743	0.02351	0.01567	0.02351	0.01332	0.01567	0.00940	0.00705	0.00705	0.00235	0.01097	0.00549	0.00313	0.01097
46	0.00929	0.00663	0.00889	0.01061	0.01115	0.00624	0.00731	0.01076	0.01445	0.01922	0.04078	0.68011	0.04857	0.02303	0.00954	0.00305	0.00452	0.07285	0.00689	0.00610
47	0.02773	0.03538	0.02104	0.01913	0.02295	0.70930	0.01434	0.02964	0.02104	0.01817	0.01148	0.01339	0.00956	0.00765	0.00669	0.00191	0.01339	0.00478	0.00383	0.00861
48	0.03331	0.01263	0.01723	0.01321	0.01895	0.01091	0.01091	0.03618	0.02125	0.69794	0.02929	0.02527	0.01838	0.00919	0.00747	0.00230	0.00632	0.00747	0.00919	0.01263
49	0.02822	0.02079	0.02228	0.01708	0.02302	0.02302	0.01411	0.66804	0.03490	0.04679	0.01782	0.01782	0.01262	0.00891	0.00743	0.00223	0.00817	0.00668	0.00743	0.01262
50	0.01985	0.74357	0.03890	0.01270	0.01905	0.02937	0.01270	0.02223	0.01508	0.01747	0.01032	0.01191	0.00953	0.00635	0.00476	0.00159	0.00794	0.00397	0.00318	0.00953
51	0.01812	0.49815	0.26921	0.01565	0.02360	0.02515	0.01783	0.02268	0.01529	0.01957	0.01137	0.01322	0.00948	0.00660	0.00556	0.00185	0.00899	0.00450	0.00316	0.01003
52	0.01402	0.01319	0.02227	0.72126	0.05113	0.01649	0.02062	0.01897	0.01484	0.01897	0.01319	0.01979	0.00990	0.00742	0.00742	0.00247	0.00990	0.00660	0.00330	0.00825
53	0.79154	0.01436	0.01091	0.00976	0.01436	0.01665	0.00804	0.02182	0.01263	0.03331	0.01034	0.01206	0.00804	0.00689	0.00459	0.00230	0.00574	0.00402	0.00459	0.00804
54	0.00877	0.00752	0.00752	0.00752	0.01003	0.00627	0.00564	0.01065	0.01692	0.02005	0.07520	0.07144	0.68978	0.01880	0.00877	0.00251	0.00376	0.01567	0.00689	0.00627
55	0.22943	0.13640	0.06549	0.01537	0.02045	0.27679	0.01310	0.08056	0.05629	0.02561	0.01272	0.01415	0.01015	0.00745	0.00597	0.00206	0.00948	0.00487	0.00440	0.00927
56	0.01522	0.01224	0.01383	0.01248	0.01561	0.01327	0.00963	0.06212	0.33092	0.03131	0.34250	0.04034	0.04462	0.01243	0.00812	0.00241	0.00487	0.01069	0.00784	0.00954
57	0.01051	0.00759	0.00992	0.00934	0.01109	0.00700	0.00700	0.01401	0.02101	0.02977	0.68888	0.05545	0.07005	0.01518	0.00876	0.00233	0.00350	0.01343	0.00817	0.00700
58	0.01402	0.01319	0.02227	0.72126	0.05113	0.01649	0.02062	0.01897	0.01484	0.01897	0.01319	0.01979	0.00990	0.00742	0.00742	0.00247	0.00990	0.00660	0.00330	0.00825
59	0.01790	0.46689	0.29854	0.01602	0.02418	0.02461	0.01848	0.02273	0.01532	0.01984	0.01150	0.01339	0.00948	0.00663	0.00566	0.00189	0.00913	0.00456	0.00316	0.01009
60	0.01982	0.01740	0.03322	0.02589	0.06897	0.01667	0.40057	0.02704	0.10321	0.13532	0.02069	0.06127	0.01602	0.00819	0.00835	0.00248	0.00998	0.00906	0.00531	0.01055
61	0.00887	0.00752	0.00765	0.00762	0.01009	0.00631	0.00572	0.01084	0.01715	0.02059	0.10914	0.07056	0.65552	0.01860	0.00877	0.00250	0.00375	0.01554	0.00696	0.00631
62	0.01837	0.01764	0.03013	0.04557	0.69279	0.01764	0.02278	0.02278	0.01690	0.02425	0.01396	0.01837	0.01176	0.00661	0.00735	0.00220	0.00882	0.00661	0.00367	0.01176
63	0.02117	0.01625	0.01862	0.10632	0.02411	0.01843	0.01328	0.16071	0.40668	0.09313	0.02549	0.02451	0.01864	0.00942	0.00750	0.00243	0.00689	0.00774	0.00713	0.01155
64	0.01080	0.00720	0.00810	0.00810	0.00810	0.00720	0.00450	0.01080	0.01080	0.01439	0.02339	0.04858	0.02699	0.73910	0.03779	0.00720	0.00720	0.01080	0.00450	0.00450
65	0.02804	0.01497	0.01801	0.01424	0.01951	0.01502	0.01161	0.21527	0.10994	0.37036	0.08103	0.02597	0.02159	0.00972	0.00757	0.00231	0.00655	0.00786	0.00839	0.01205
66	0.01489	0.03840	0.70064	0.02116	0.03213	0.01724	0.02743	0.02351	0.01567	0.02351	0.01332	0.01567	0.00940	0.00705	0.00705	0.00235	0.01097	0.00549	0.00313	0.01097
67	0.02159	0.01625	0.01753	0.01476	0.01908	0.01810	0.01156	0.24589	0.33986	0.07241	0.02514	0.02695	0.01962	0.10358	0.01140	0.00301	0.00684	0.00808	0.00721	0.01116
68	0.02330	0.01654	0.02135	0.11142	0.13881	0.01776	0.01521	0.25867	0.10203	0.14297	0.02124	0.06164	0.01635	0.00933	0.00755	0.00235	0.00771	0.00782	0.00653	0.01143
69	0.02473	0.02523	0.01961	0.01641	0.02121	0.32648	0.01282	0.24449	0.02470	0.02887	0.01917	0.01999	0.06741	0.00873	0.00696	0.00196	0.00979	0.00629	0.00538	0.10977
70	0.01837	0.01453	0.01760	0.05571	0.02061	0.01657	0.01281	0.05048	0.30741	0.08575	0.02501	0.03095	0.02063	0.01126	0.01057	0.00261	0.12878	0.08925	0.00636	0.07473
71	0.08101	0.01297	0.01473	0.10355	0.01952	0.03870	0.01056	0.11295	0.10166	0.04648	0.02023	0.02938	0.01824	0.21852	0.13508	0.00532	0.00975	0.00798	0.00521	0.00815
72	0.01834	0.01571	0.01520	0.01389	0.01680	0.11196	0.01070	0.17669	0.10119	0.02739	0.06365	0.10578	0.02771	0.14163	0.01345	0.00338	0.00760	0.11403	0.00631	0.00860
73	0.02312	0.04549	0.02111	0.04036	0.04193	0.12763	0.03293	0.18360	0.09661	0.11499	0.02118	0.02188	0.05200	0.00941	0.00913	0.00228	0.08852	0.00700	0.00591	0.05492

[dist]
# distance from previous block
# <min> <max>
1	123

[block]
# block no. 2 follows, 27 sequences, length 114
# corresponding to MSA columns:
# 636-715,724-757
name=unknown_C
#
# <colnr> <probs for GDERKNQSTAVLIFYWHMCP>
#	G	D	E	R	K	N	Q	S	T	A	V	L	I	F	Y	W	H	M	C	P
0	0.13074	0.01807	0.13006	0.01313	0.01824	0.08031	0.01193	0.02073	0.01610	0.09097	0.05470	0.12150	0.04051	0.04885	0.00848	0.00238	0.00709	0.00834	0.00525	0.17262
1	0.06552	0.01126	0.01628	0.19819	0.13724	0.01211	0.01316	0.01767	0.03676	0.02232	0.02190	0.19241	0.02143	0.01222	0.00848	0.04386	0.00670	0.00993	0.11289	0.03968
2	0.10009	0.01862	0.11361	0.08550	0.02469	0.01692	0.04889	0.05300	0.29897	0.05580	0.02108	0.02149	0.01570	0.00832	0.00701	0.00231	0.00738	0.00687	0.00575	0.08801
3	0.02624	0.02555	0.02066	0.01854	0.04924	0.33342	0.01393	0.16555	0.12581	0.09850	0.01766	0.01810	0.01327	0.00858	0.00765	0.00217	0.03278	0.00616	0.00571	0.01048
4	0.00911	0.00682	0.00846	0.00956	0.01061	0.00617	0.00659	0.01074	0.01548	0.02019	0.10712	0.51099	0.20827	0.02144	0.00924	0.00283	0.00410	0.01908	0.00701	0.00617
5	0.01837	0.01764	0.03013	0.04557	0.69279	0.01764	0.02278	0.02278	0.01690	0.02425	0.01396	0.01837	0.01176	0.00661	0.00735	0.00220	0.00882	0.00661	0.00367	0.01176
6	0.00902	0.00657	0.00851	0.01006	0.01069	0.00605	0.00677	0.01037	0.01448	0.01906	0.04430	0.66886	0.11231	0.02282	0.00941	0.00296	0.00425	0.02057	0.00689	0.00605
7	0.00913	0.00753	0.00801	0.00789	0.01024	0.00642	0.00592	0.01134	0.01776	0.02204	0.20082	0.06817	0.56293	0.01806	0.00877	0.00247	0.00371	0.01521	0.00716	0.00642
8	0.00901	0.00753	0.00784	0.00777	0.01017	0.00637	0.00582	0.01111	0.01747	0.02136	0.15791	0.06929	0.60626	0.01831	0.00877	0.00248	0.00373	0.01537	0.00707	0.00637
9	0.00904	0.00646	0.00861	0.01034	0.01077	0.00603	0.00689	0.01034	0.01421	0.01895	0.04092	0.73426	0.04910	0.02326	0.00948	0.00301	0.00431	0.02110	0.00689	0.00603
10	0.01985	0.74357	0.03890	0.01270	0.01905	0.02937	0.01270	0.02223	0.01508	0.01747	0.01032	0.01191	0.00953	0.00635	0.00476	0.00159	0.00794	0.00397	0.00318	0.00953
11	0.01489	0.03840	0.70064	0.02116	0.03213	0.01724	0.02743	0.02351	0.01567	0.02351	0.01332	0.01567	0.00940	0.00705	0.00705	0.00235	0.01097	0.00549	0.00313	0.01097
12	0.03106	0.01214	0.01651	0.01283	0.01818	0.01053	0.01053	0.03399	0.02122	0.63201	0.09437	0.02825	0.02347	0.00978	0.00759	0.00230	0.00604	0.00805	0.00909	0.01208
13	0.01985	0.74357	0.03890	0.01270	0.01905	0.02937	0.01270	0.02223	0.01508	0.01747	0.01032	0.01191	0.00953	0.00635	0.00476	0.00159	0.00794	0.00397	0.00318	0.00953
14	0.01623	0.01717	0.03409	0.02589	0.03101	0.01748	0.42954	0.02116	0.01639	0.02247	0.01880	0.03165	0.01706	0.01015	0.01170	0.00281	0.13257	0.13047	0.00426	0.00908
15	0.01165	0.00832	0.01161	0.01332	0.01489	0.00828	0.01143	0.01485	0.01678	0.02187	0.03948	0.15271	0.04340	0.02080	0.01017	0.00338	0.00657	0.57691	0.00684	0.00675
16	0.01846	0.01595	0.01679	0.01511	0.01930	0.01846	0.01175	0.03945	0.67938	0.03105	0.03022	0.02770	0.02266	0.01007	0.00755	0.00252	0.00588	0.00839	0.00755	0.01175
17	0.02359	0.02451	0.01882	0.01634	0.02030	0.33643	0.01251	0.17894	0.07298	0.02589	0.01626	0.02005	0.01365	0.07667	0.06685	0.00327	0.01113	0.00628	0.00507	0.05046
18	0.02281	0.01178	0.01499	0.01204	0.01673	0.01053	0.00963	0.02784	0.09018	0.34031	0.19667	0.03163	0.03090	0.01020	0.00747	0.00213	0.00541	0.00858	0.00794	0.14224
19	0.03305	0.01305	0.01748	0.01340	0.01916	0.01152	0.01107	0.06815	0.02194	0.66499	0.02871	0.02489	0.01809	0.00917	0.00746	0.00229	0.00641	0.00743	0.00910	0.01263
20	0.01752	0.02003	0.04380	0.03129	0.03880	0.01877	0.66583	0.02378	0.01752	0.02378	0.01502	0.02003	0.01126	0.00626	0.00876	0.00250	0.01252	0.00876	0.00375	0.01001
21	0.06076	0.02439	0.01740	0.01663	0.01990	0.39685	0.01306	0.02596	0.08439	0.02141	0.02158	0.03574	0.02068	0.01169	0.00774	0.00244	0.01030	0.19561	0.00513	0.00836
22	0.03283	0.01339	0.01770	0.01357	0.01933	0.01204	0.01121	0.09508	0.02252	0.63724	0.02822	0.02457	0.01784	0.00916	0.00746	0.00229	0.00649	0.00739	0.00902	0.01263
23	0.00954	0.00681	0.00918	0.01090	0.01155	0.00646	0.00775	0.01119	0.01470	0.01951	0.04064	0.62372	0.04802	0.02279	0.00961	0.00308	0.00474	0.12675	0.00688	0.00617
24	0.01402	0.01319	0.02227	0.72126	0.05113	0.01649	0.02062	0.01897	0.01484	0.01897	0.01319	0.01979	0.00990	0.00742	0.00742	0.00247	0.00990	0.00660	0.00330	0.00825
25	0.01402	0.01319	0.02227	0.72126	0.05113	0.01649	0.02062	0.01897	0.01484	0.01897	0.01319	0.01979	0.00990	0.00742	0.00742	0.00247	0.00990	0.00660	0.00330	0.00825
26	0.00896	0.00753	0.00778	0.00771	0.01014	0.00635	0.00578	0.01101	0.01735	0.02108	0.14027	0.06975	0.62407	0.01842	0.00877	0.00249	0.00373	0.01543	0.00703	0.00635
27	0.01147	0.00833	0.01131	0.01284	0.01457	0.00817	0.01102	0.01461	0.01692	0.02181	0.04320	0.11696	0.11167	0.02047	0.01006	0.00330	0.00638	0.54334	0.00684	0.00673
28	0.01489	0.03840	0.70064	0.02116	0.03213	0.01724	0.02743	0.02351	0.01567	0.02351	0.01332	0.01567	0.00940	0.00705	0.00705	0.00235	0.01097	0.00549	0.00313	0.01097
29	0.01889	0.01706	0.01770	0.11651	0.12381	0.16626	0.01322	0.02251	0.04520	0.11271	0.03507	0.03526	0.22289	0.01123	0.00768	0.00230	0.00795	0.00921	0.00556	0.00898
30	0.01118	0.00869	0.01259	0.01227	0.01332	0.01039	0.00946	0.01345	0.01176	0.01699	0.01926	0.02995	0.01858	0.12393	0.57083	0.01057	0.08816	0.00811	0.00396	0.00655
31	0.03074	0.01675	0.01977	0.01516	0.02100	0.01702	0.01252	0.35466	0.02813	0.36973	0.02351	0.02152	0.01548	0.00905	0.00745	0.00226	0.00725	0.00707	0.00830	0.01263
32	0.09679	0.02184	0.15288	0.14767	0.17615	0.07398	0.01882	0.10375	0.01890	0.09778	0.01524	0.01774	0.01124	0.00751	0.00700	0.00228	0.00915	0.00609	0.00465	0.01056
33	0.02454	0.02964	0.02091	0.01877	0.02190	0.50385	0.01443	0.02842	0.08898	0.01948	0.01313	0.01545	0.01099	0.00894	0.01019	0.00223	0.14972	0.00549	0.00411	0.00885
34	0.01353	0.00897	0.01127	0.01026	0.01269	0.00858	0.00784	0.01876	0.09067	0.09544	0.52897	0.05018	0.08517	0.01419	0.00850	0.00236	0.00404	0.01240	0.00815	0.00803
35	0.01402	0.01319	0.02227	0.72126	0.05113	0.01649	0.02062	0.01897	0.01484	0.01897	0.01319	0.01979	0.00990	0.00742	0.00742	0.00247	0.00990	0.00660	0.00330	0.00825
36	0.01080	0.00720	0.00810	0.00810	0.00810	0.00720	0.00450	0.01080	0.01080	0.01439	0.02339	0.04858	0.02699	0.73910	0.03779	0.00720	0.00720	0.01080	0.00450	0.00450
37	0.01354	0.00695	0.00704	0.00704	0.00859	0.00695	0.00512	0.01666	0.01510	0.02637	0.02414	0.02974	0.01981	0.08072	0.00841	0.00227	0.00383	0.00730	0.70377	0.00668
38	0.00899	0.00666	0.00840	0.00979	0.01062	0.00608	0.00665	0.01040	0.01473	0.01916	0.04752	0.60662	0.17247	0.02240	0.00934	0.00292	0.00420	0.02006	0.00689	0.00608
39	0.00912	0.00750	0.00809	0.00845	0.01064	0.00646	0.00641	0.01108	0.01662	0.02014	0.06768	0.14972	0.55145	0.01949	0.00900	0.00266	0.00413	0.07818	0.00689	0.00630
40	0.01384	0.00692	0.00692	0.00692	0.00865	0.00692	0.00519	0.01730	0.01557	0.02768	0.02422	0.02768	0.01903	0.00865	0.00519	0.00173	0.00346	0.00692	0.78031	0.00692
41	0.02773	0.03538	0.02104	0.01913	0.02295	0.70930	0.01434	0.02964	0.02104	0.01817	0.01148	0.01339	0.00956	0.00765	0.00669	0.00191	0.01339	0.00478	0.00383	0.00861
42	0.01111	0.01062	0.07815	0.01111	0.01279	0.00912	0.00891	0.01316	0.01179	0.01657	0.02082	0.03661	0.02147	0.35989	0.33656	0.00885	0.01327	0.00900	0.00413	0.00609
43	0.01053	0.00782	0.00996	0.01008	0.01197	0.00725	0.00800	0.01368	0.01918	0.02588	0.39893	0.06592	0.18791	0.01727	0.00914	0.00265	0.00441	0.17503	0.00757	0.00681
44	0.02624	0.03250	0.02070	0.01875	0.02242	0.60640	0.01418	0.03002	0.08551	0.01942	0.01324	0.01494	0.01086	0.00816	0.00767	0.00204	0.04868	0.00522	0.00416	0.00889
45	0.01788	0.01721	0.02886	0.08505	0.58129	0.01811	0.02195	0.02202	0.01619	0.02325	0.01347	0.01824	0.01143	0.00734	0.00916	0.00233	0.08487	0.00660	0.00361	0.01115
46	0.00880	0.00741	0.00764	0.00782	0.01011	0.00624	0.00577	0.01062	0.01663	0.01994	0.07157	0.14172	0.62185	0.01927	0.00885	0.00256	0.00382	0.01624	0.00689	0.00624
47	0.01737	0.01732	0.01479	0.01358	0.01718	0.15610	0.01039	0.02854	0.33985	0.02502	0.04029	0.03829	0.22619	0.01227	0.00775	0.00239	0.00676	0.00990	0.00659	0.00941
48	0.01597	0.01290	0.01513	0.01131	0.01724	0.01021	0.00894	0.05126	0.01644	0.04550	0.01666	0.08675	0.01506	0.00754	0.00605	0.00138	0.00554	0.00626	0.00494	0.64493
49	0.02695	0.01283	0.01658	0.01242	0.01847	0.01055	0.01016	0.02998	0.01917	0.45895	0.02358	0.02177	0.01576	0.00788	0.00677	0.00187	0.00603	0.00638	0.00749	0.28642
50	0.00883	0.00732	0.00773	0.00806	0.01017	0.00622	0.00588	0.01059	0.01640	0.01984	0.06860	0.19908	0.56641	0.01966	0.00891	0.00260	0.00387	0.01671	0.00689	0.00622
51	0.01752	0.02003	0.04380	0.03129	0.03880	0.01877	0.66583	0.02378	0.01752	0.02378	0.01502	0.02003	0.01126	0.00626	0.00876	0.00250	0.01252	0.00876	0.00375	0.01001
52	0.02822	0.02079	0.02228	0.01708	0.02302	0.02302	0.01411	0.66804	0.03490	0.04679	0.01782	0.01782	0.01262	0.00891	0.00743	0.00223	0.00817	0.00668	0.00743	0.01262
53	0.01402	0.01319	0.02227	0.72126	0.05113	0.01649	0.02062	0.01897	0.01484	0.01897	0.01319	0.01979	0.00990	0.00742	0.00742	0.00247	0.00990	0.00660	0.00330	0.00825
54	0.01384	0.00692	0.00692	0.00692	0.00865	0.00692	0.00519	0.01730	0.01557	0.02768	0.02422	0.02768	0.01903	0.00865	0.00519	0.00173	0.00346	0.00692	0.78031	0.00692
55	0.02004	0.01560	0.01683	0.01491	0.01927	0.01766	0.01166	0.03910	0.60960	0.10176	0.03012	0.02744	0.02221	0.00998	0.00754	0.00249	0.00592	0.00829	0.00773	0.01184
56	0.32298	0.01602	0.01951	0.13310	0.18327	0.01778	0.01472	0.13578	0.01822	0.05441	0.01363	0.01627	0.01039	0.00735	0.00630	0.00229	0.00758	0.00564	0.00483	0.00992
57	0.01084	0.00725	0.00825	0.00832	0.00839	0.00725	0.00480	0.01098	0.01105	0.01471	0.02404	0.05002	0.02763	0.70974	0.03666	0.00704	0.00718	0.03662	0.00459	0.00459
58	0.01402	0.01319	0.02227	0.72126	0.05113	0.01649	0.02062	0.01897	0.01484	0.01897	0.01319	0.01979	0.00990	0.00742	0.00742	0.00247	0.00990	0.00660	0.00330	0.00825
59	0.01080	0.00720	0.00810	0.00810	0.00810	0.00720	0.00450	0.01080	0.01080	0.01439	0.02339	0.04858	0.02699	0.73910	0.03779	0.00720	0.00720	0.01080	0.00450	0.00450
60	0.02155	0.01778	0.02297	0.01988	0.08901	0.01826	0.08664	0.29077	0.11928	0.03441	0.01870	0.02124	0.01450	0.00826	0.00730	0.00211	0.00782	0.02778	0.00604	0.16572
61	0.01539	0.01319	0.01539	0.01100	0.01759	0.00990	0.00880	0.01869	0.01539	0.02419	0.01319	0.01539	0.01100	0.00550	0.00550	0.00110	0.00550	0.00440	0.00440	0.78449
62	0.00912	0.00664	0.00859	0.00999	0.01072	0.00612	0.00678	0.01061	0.01493	0.01978	0.08751	0.62360	0.11371	0.02228	0.00936	0.00292	0.00420	0.02006	0.00698	0.00612
63	0.17810	0.05270	0.02228	0.02587	0.29821	0.01682	0.01515	0.09175	0.01770	0.07430	0.01494	0.01848	0.01217	0.04584	0.00810	0.00236	0.00749	0.00602	0.00474	0.08697
64	0.01838	0.01896	0.11479	0.05976	0.17068	0.03657	0.01595	0.14591	0.02024	0.04840	0.04477	0.02502	0.09361	0.00880	0.00720	0.00208	0.00775	0.00734	0.00514	0.14866
65	0.01809	0.20786	0.35160	0.01802	0.02608	0.09124	0.04148	0.02423	0.04024	0.04396	0.01451	0.03951	0.01167	0.00759	0.00657	0.00211	0.00978	0.00581	0.00377	0.03588
66	0.01725	0.15422	0.12733	0.01332	0.01792	0.01521	0.01247	0.08519	0.01751	0.09739	0.09566	0.07107	0.02358	0.11014	0.10590	0.00414	0.00906	0.00842	0.00534	0.00887
67	0.01013	0.00747	0.00965	0.01060	0.01203	0.00699	0.00815	0.01259	0.01691	0.02230	0.17955	0.29267	0.16328	0.02003	0.00943	0.00290	0.00477	0.19688	0.00714	0.00650
68	0.01544	0.01574	0.06049	0.28403	0.21269	0.01569	0.08755	0.04309	0.01688	0.02287	0.05465	0.06304	0.03544	0.00915	0.00784	0.00244	0.00896	0.03035	0.00427	0.00939
69	0.07785	0.02214	0.05941	0.14990	0.05011	0.21458	0.12630	0.02693	0.01834	0.15995	0.01613	0.01831	0.01167	0.00757	0.00723	0.00225	0.01034	0.00638	0.00483	0.00978
70	0.01650	0.01572	0.02674	0.33678	0.41625	0.01715	0.02185	0.02114	0.01602	0.02198	0.01363	0.01898	0.01096	0.00696	0.00738	0.00232	0.00928	0.00661	0.00351	0.01025
71	0.02157	0.01108	0.01368	0.01187	0.01577	0.01040	0.00928	0.02705	0.13093	0.32863	0.04084	0.15779	0.16165	0.01374	0.00810	0.00250	0.00537	0.01166	0.00804	0.01004
72	0.01901	0.08548	0.04723	0.05788	0.12796	0.01407	0.01309	0.08931	0.01840	0.15673	0.02674	0.21679	0.04702	0.03560	0.00871	0.00258	0.00686	0.01088	0.00608	0.00959
73	0.01650	0.23501	0.26322	0.01669	0.02380	0.04350	0.06037	0.02329	0.08659	0.02238	0.05625	0.02368	0.08132	0.00873	0.00680	0.00216	0.00863	0.00697	0.00432	0.00981
74	0.00995	0.00774	0.00815	0.00793	0.01050	0.00653	0.00599	0.01203	0.01750	0.04871	0.13388	0.06798	0.60120	0.01805	0.00872	0.00248	0.00384	0.01511	0.00711	0.00660
75	0.03018	0.01270	0.01676	0.01311	0.01841	0.01148	0.01073	0.06766	0.04876	0.57029	0.09380	0.02795	0.02334	0.00980	0.00759	0.00231	0.00612	0.00805	0.00893	0.01204
76	0.01879	0.09441	0.09111	0.02863	0.31990	0.01644	0.03916	0.02366	0.05032	0.10963	0.02010	0.11870	0.01789	0.00944	0.00742	0.00230	0.00796	0.00852	0.00493	0.01070
77	0.02140	0.04171	0.04032	0.01461	0.01868	0.11842	0.01192	0.22106	0.02255	0.10697	0.02591	0.13880	0.06170	0.01682	0.08217	0.00338	0.00913	0.02854	0.00631	0.00961
78	0.01489	0.03840	0.70064	0.02116	0.03213	0.01724	0.02743	0.02351	0.01567	0.02351	0.01332	0.01567	0.00940	0.00705	0.00705	0.00235	0.01097	0.00549	0.00313	0.01097
79	0.22525	0.01991	0.02002	0.22185	0.13689	0.19158	0.01574	0.02372	0.03845	0.02384	0.01270	0.01615	0.01005	0.00730	0.00648	0.00224	0.00936	0.00552	0.00398	0.00897
80	0.00984	0.00748	0.00916	0.00971	0.01141	0.00680	0.00739	0.01226	0.01736	0.02263	0.21563	0.22164	0.27225	0.01921	0.00919	0.00274	0.00436	0.12722	0.00721	0.00650
81	0.01748	0.08135	0.02166	0.16448	0.14715	0.09726	0.01501	0.04234	0.12099	0.02169	0.01740	0.02370	0.01511	0.11245	0.04907	0.00346	0.02878	0.00710	0.00442	0.00912
82	0.00985	0.00764	0.00902	0.00934	0.01105	0.00704	0.00674	0.01298	0.05229	0.02290	0.22738	0.28258	0.27641	0.01882	0.00893	0.00263	0.00398	0.01646	0.00727	0.00668
83	0.02084	0.01792	0.05259	0.01552	0.02042	0.01883	0.01288	0.25125	0.36029	0.03593	0.09011	0.02645	0.02323	0.01003	0.00760	0.00239	0.00668	0.00816	0.00735	0.01154
84	0.01764	0.17676	0.19721	0.06793	0.13424	0.06974	0.05839	0.02245	0.01615	0.02179	0.01273	0.01563	0.01025	0.00658	0.00645	0.00193	0.00923	0.00538	0.00355	0.14597
85	0.01945	0.35480	0.11735	0.01468	0.04651	0.09254	0.01361	0.02294	0.01629	0.05778	0.01488	0.01680	0.01204	0.00722	0.00561	0.00182	0.00794	0.00516	0.16324	0.00935
86	0.50343	0.01370	0.01331	0.01107	0.01610	0.01447	0.00913	0.02728	0.01591	0.28585	0.01754	0.01708	0.01197	0.00776	0.00569	0.00230	0.00596	0.00533	0.00634	0.00979
87	0.01138	0.00971	0.01591	0.01672	0.08222	0.00924	0.10060	0.01396	0.01546	0.02083	0.07031	0.44010	0.07378	0.01980	0.03773	0.00318	0.00655	0.03916	0.00608	0.00727
88	0.01907	0.24593	0.31891	0.01861	0.04889	0.08972	0.01962	0.07852	0.05290	0.02355	0.01354	0.01523	0.01051	0.00720	0.00640	0.00207	0.00972	0.00526	0.00383	0.01051
89	0.02711	0.01833	0.08614	0.01555	0.02158	0.01671	0.01369	0.23105	0.14953	0.30365	0.02434	0.02248	0.01652	0.00906	0.00743	0.00232	0.00727	0.00720	0.00774	0.01230
90	0.00904	0.00646	0.00861	0.01034	0.01077	0.00603	0.00689	0.01034	0.01421	0.01895	0.04092	0.73426	0.04910	0.02326	0.00948	0.00301	0.00431	0.02110	0.00689	0.00603
91	0.01249	0.00879	0.01006	0.00972	0.01228	0.00815	0.00737	0.01670	0.08780	0.08578	0.15146	0.15301	0.35344	0.01712	0.00867	0.00256	0.00436	0.03533	0.00737	0.00754
92	0.09835	0.04590	0.25988	0.19944	0.12144	0.04584	0.06327	0.02217	0.01551	0.02297	0.01291	0.01677	0.00983	0.00719	0.00743	0.00235	0.02955	0.00593	0.00347	0.00980
93	0.01337	0.00980	0.01210	0.08008	0.01644	0.00968	0.00893	0.08407	0.02021	0.06228	0.28669	0.05085	0.26258	0.01599	0.03166	0.00271	0.00541	0.01229	0.00710	0.00776
94	0.31721	0.01442	0.01556	0.01246	0.01779	0.01476	0.01028	0.11893	0.01992	0.35763	0.02058	0.01927	0.01369	0.00829	0.00638	0.00229	0.00636	0.00606	0.00722	0.01091
95	0.04236	0.01716	0.02911	0.28072	0.16182	0.05500	0.20634	0.02156	0.01624	0.02187	0.01462	0.02147	0.01189	0.00766	0.00837	0.00246	0.03533	0.03295	0.00371	0.00936
96	0.79154	0.01436	0.01091	0.00976	0.01436	0.01665	0.00804	0.02182	0.01263	0.03331	0.01034	0.01206	0.00804	0.00689	0.00459	0.00230	0.00574	0.00402	0.00459	0.00804
97	0.01985	0.74357	0.03890	0.01270	0.01905	0.02937	0.01270	0.02223	0.01508	0.01747	0.01032	0.01191	0.00953	0.00635	0.00476	0.00159	0.00794	0.00397	0.00318	0.00953
98	0.01185	0.00841	0.01158	0.01312	0.01466	0.00841	0.01123	0.01493	0.01647	0.02144	0.03774	0.08027	0.04117	0.09141	0.01297	0.00379	0.00687	0.58047	0.00661	0.00661
99	0.01402	0.01319	0.02227	0.72126	0.05113	0.01649	0.02062	0.01897	0.01484	0.01897	0.01319	0.01979	0.00990	0.00742	0.00742	0.00247	0.00990	0.00660	0.00330	0.00825
100	0.01551	0.01471	0.02496	0.49029	0.27047	0.01688	0.02136	0.02027	0.01555	0.02077	0.01346	0.01931	0.01053	0.00715	0.00740	0.00238	0.00953	0.00660	0.00343	0.00945
101	0.00981	0.00727	0.00915	0.00931	0.01082	0.00661	0.00674	0.01243	0.01845	0.02514	0.40612	0.24515	0.16958	0.01802	0.00896	0.00255	0.00377	0.01592	0.00760	0.00661
102	0.00902	0.00657	0.00850	0.01004	0.01069	0.00605	0.00676	0.01037	0.01450	0.01907	0.04455	0.66398	0.11703	0.02279	0.00940	0.00296	0.00425	0.02053	0.00689	0.00605
103	0.02773	0.03538	0.02104	0.01913	0.02295	0.70930	0.01434	0.02964	0.02104	0.01817	0.01148	0.01339	0.00956	0.00765	0.00669	0.00191	0.01339	0.00478	0.00383	0.00861
104	0.01329	0.00834	0.00902	0.00887	0.01088	0.00853	0.00663	0.01905	0.11534	0.02714	0.12231	0.10879	0.06547	0.01186	0.00668	0.00211	0.00393	0.01002	0.43421	0.00752
105	0.00965	0.00687	0.00918	0.01081	0.01145	0.00653	0.00767	0.01125	0.01455	0.01930	0.03975	0.58456	0.04685	0.05899	0.01105	0.00330	0.00490	0.13049	0.00676	0.00609
106	0.01752	0.02003	0.04380	0.03129	0.03880	0.01877	0.66583	0.02378	0.01752	0.02378	0.01502	0.02003	0.01126	0.00626	0.00876	0.00250	0.01252	0.00876	0.00375	0.01001
107	0.01857	0.01298	0.01748	0.01418	0.01819	0.01298	0.07917	0.14645	0.08810	0.12604	0.29938	0.03827	0.07217	0.01186	0.00820	0.00235	0.00600	0.01041	0.00758	0.00963
108	0.01854	0.01186	0.01311	0.01138	0.01473	0.01252	0.00894	0.13797	0.15681	0.09341	0.13772	0.03044	0.02725	0.01015	0.00688	0.00213	0.00506	0.00834	0.28329	0.00946
109	0.02398	0.01648	0.02017	0.01624	0.01997	0.01889	0.01339	0.28291	0.02381	0.16930	0.08399	0.02259	0.01861	0.01079	0.01256	0.00255	0.21896	0.00745	0.00663	0.01074
110	0.01107	0.00791	0.01094	0.01265	0.01397	0.00778	0.01041	0.01384	0.01621	0.02122	0.03980	0.28269	0.04467	0.02135	0.01002	0.00329	0.00606	0.45268	0.00685	0.00659
111	0.02762	0.05763	0.02439	0.01757	0.02365	0.02080	0.07777	0.45850	0.02972	0.15807	0.01918	0.01904	0.01334	0.00856	0.00742	0.00223	0.00826	0.00688	0.00715	0.01220
112	0.01794	0.01896	0.02009	0.09330	0.05648	0.17604	0.01483	0.02209	0.08052	0.01977	0.01731	0.06450	0.03502	0.01395	0.05572	0.00322	0.26994	0.00759	0.00422	0.00851
113	0.08917	0.01412	0.02020	0.01968	0.13357	0.01375	0.07663	0.05637	0.01628	0.06245	0.01668	0.05523	0.01441	0.01511	0.11416	0.00350	0.03842	0.00694	0.00468	0.22866

[dist]
# distance from previous block
# <min> <max>
1	37

[block]
# block no. 3 follows, 27 sequences, length 29
# corresponding to MSA columns:
# 795-823
name=unknown_D
#
# <colnr> <probs for GDERKNQSTAVLIFYWHMCP>
#	G	D	E	R	K	N	Q	S	T	A	V	L	I	F	Y	W	H	M	C	P
0	0.07690	0.02065	0.14482	0.02010	0.07734	0.07916	0.10440	0.02514	0.15433	0.02498	0.04173	0.03098	0.01997	0.04768	0.00929	0.00275	0.00876	0.09635	0.00510	0.00958
1	0.01301	0.01525	0.13732	0.01286	0.01699	0.01167	0.01185	0.02067	0.15771	0.02495	0.19205	0.03865	0.11894	0.04971	0.10793	0.00391	0.00795	0.00992	0.00604	0.04260
2	0.00901	0.00748	0.00789	0.00789	0.01020	0.00635	0.00588	0.01108	0.01733	0.02128	0.15429	0.10043	0.57824	0.01853	0.00880	0.00251	0.00375	0.01563	0.00706	0.00635
3	0.06324	0.39441	0.02907	0.01460	0.01976	0.16358	0.01278	0.04614	0.12648	0.02162	0.01405	0.01515	0.01173	0.00756	0.00634	0.00192	0.03260	0.00503	0.00424	0.00968
4	0.09606	0.02057	0.16370	0.01934	0.07579	0.01615	0.07933	0.14868	0.02115	0.21626	0.05527	0.02120	0.01604	0.00831	0.00729	0.00231	0.00823	0.00696	0.00614	0.01122
5	0.02332	0.18464	0.11662	0.01822	0.04769	0.25048	0.04807	0.05437	0.01931	0.11065	0.04793	0.01773	0.01399	0.00781	0.00668	0.00203	0.01001	0.00583	0.00466	0.00994
6	0.01360	0.12484	0.01532	0.01118	0.01386	0.01151	0.00916	0.04621	0.01852	0.05124	0.24174	0.16361	0.10397	0.01589	0.00841	0.00254	0.00530	0.12865	0.00681	0.00763
7	0.00949	0.00755	0.00852	0.00828	0.01047	0.00657	0.00621	0.01205	0.01862	0.02409	0.32983	0.06481	0.43264	0.01730	0.00877	0.00244	0.00365	0.01474	0.00742	0.00657
8	0.01257	0.01131	0.01622	0.14251	0.02125	0.01406	0.01275	0.01467	0.01340	0.01860	0.02587	0.31453	0.05381	0.01644	0.01453	0.00298	0.26948	0.01290	0.00491	0.00721
9	0.01985	0.01551	0.01956	0.23961	0.06319	0.05367	0.01525	0.17772	0.06153	0.09205	0.02174	0.09906	0.01884	0.01074	0.00782	0.00249	0.00821	0.05754	0.00581	0.00979
10	0.02075	0.01551	0.01633	0.01420	0.01850	0.04593	0.01115	0.08351	0.40809	0.13618	0.06127	0.03110	0.08295	0.01075	0.00766	0.00243	0.00615	0.00884	0.00761	0.01112
11	0.01745	0.01025	0.01280	0.01211	0.01461	0.01001	0.00899	0.13051	0.01929	0.16540	0.03446	0.46138	0.03633	0.01782	0.00870	0.00273	0.00540	0.01574	0.00746	0.00856
12	0.65794	0.14061	0.01576	0.01027	0.01517	0.01886	0.00885	0.02189	0.01306	0.03056	0.01033	0.01203	0.00830	0.00680	0.00462	0.00217	0.00612	0.00401	0.00435	0.00830
13	0.00974	0.00753	0.00909	0.00998	0.01142	0.00711	0.00721	0.01251	0.05135	0.02011	0.05042	0.40210	0.25473	0.02242	0.04203	0.00327	0.00512	0.06058	0.00679	0.00650
14	0.01539	0.01319	0.01539	0.01100	0.01759	0.00990	0.00880	0.01869	0.01539	0.02419	0.01319	0.01539	0.01100	0.00550	0.00550	0.00110	0.00550	0.00440	0.00440	0.78449
15	0.01768	0.01671	0.02046	0.01915	0.08405	0.09660	0.09888	0.09015	0.14039	0.02569	0.02407	0.20408	0.02308	0.01174	0.00785	0.00236	0.00772	0.01052	0.00571	0.09310
16	0.01700	0.01812	0.10763	0.01653	0.08082	0.03916	0.01330	0.08659	0.03807	0.02589	0.01561	0.04555	0.01318	0.00926	0.03682	0.00210	0.00768	0.00593	0.00463	0.41611
17	0.02116	0.08339	0.09619	0.01848	0.05647	0.01936	0.06508	0.32516	0.05181	0.03355	0.02059	0.13609	0.01830	0.01058	0.00760	0.00235	0.00809	0.00893	0.00603	0.01080
18	0.01516	0.03649	0.63243	0.02221	0.03282	0.01740	0.09372	0.02354	0.01587	0.02354	0.01350	0.01613	0.00960	0.00697	0.00723	0.00237	0.01113	0.00583	0.00320	0.01087
19	0.00959	0.00744	0.00873	0.00866	0.01059	0.00658	0.00640	0.01215	0.01849	0.02435	0.35053	0.13680	0.33774	0.01764	0.00884	0.00248	0.00370	0.01524	0.00747	0.00658
20	0.02038	0.31052	0.05601	0.02375	0.21909	0.05067	0.01636	0.10110	0.08987	0.02466	0.01459	0.01642	0.01197	0.00721	0.00631	0.00199	0.00833	0.00564	0.00432	0.01081
21	0.07817	0.07756	0.04693	0.01942	0.10756	0.03963	0.06581	0.08443	0.03788	0.06487	0.04430	0.06140	0.01784	0.08020	0.05369	0.00341	0.09488	0.00789	0.00491	0.00923
22	0.00942	0.00717	0.00873	0.00955	0.01098	0.00647	0.00694	0.01141	0.01633	0.02111	0.14107	0.35585	0.26988	0.02038	0.00921	0.00279	0.00424	0.07510	0.00706	0.00632
23	0.00999	0.00701	0.00853	0.00928	0.00981	0.00672	0.00603	0.01097	0.01340	0.01772	0.06439	0.32530	0.08985	0.33039	0.02161	0.00477	0.00560	0.04726	0.00592	0.00547
24	0.11659	0.02424	0.19024	0.09718	0.11698	0.09029	0.15964	0.05186	0.03899	0.02513	0.01394	0.01718	0.01058	0.00708	0.00718	0.00233	0.01022	0.00634	0.00395	0.01006
25	0.01714	0.01361	0.01770	0.18578	0.02527	0.01564	0.01341	0.14068	0.07771	0.06325	0.09863	0.03171	0.11838	0.01307	0.03596	0.00287	0.10534	0.00892	0.00584	0.00911
26	0.00927	0.00656	0.00855	0.01004	0.01042	0.00618	0.00658	0.01040	0.01377	0.01836	0.03863	0.64478	0.04621	0.11668	0.01317	0.00356	0.00468	0.01976	0.00658	0.00583
27	0.01711	0.01490	0.01605	0.01664	0.06950	0.08563	0.01209	0.10901	0.16761	0.02703	0.06516	0.16709	0.03102	0.01442	0.00845	0.00268	0.00699	0.15288	0.00660	0.00914
28	0.01658	0.02045	0.12860	0.08965	0.14601	0.05131	0.22719	0.02329	0.06886	0.02450	0.10869	0.02424	0.01989	0.00814	0.00794	0.00237	0.00969	0.00813	0.00452	0.00994

[dist]
# distance from previous block
# <min> <max>
0	2

[block]
# block no. 4 follows, 27 sequences, length 8
# corresponding to MSA columns:
# 826-833
name=unknown_E
#
# <colnr> <probs for GDERKNQSTAVLIFYWHMCP>
#	G	D	E	R	K	N	Q	S	T	A	V	L	I	F	Y	W	H	M	C	P
0	0.02158	0.05698	0.26125	0.02127	0.11147	0.12128	0.01899	0.12048	0.02011	0.10683	0.01622	0.01770	0.01186	0.00768	0.00694	0.00217	0.00951	0.00596	0.05085	0.01086
