[name]
unknown

[dist]
# distance from previous block
# <min> <max>
0	136

[block]
# block no. 0 follows, 33 sequences, length 74
# corresponding to MSA columns:
# 136-209
name=unknown_A
#
# <colnr> <probs for GDERKNQSTAVLIFYWHMCP>
#	G	D	E	R	K	N	Q	S	T	A	V	L	I	F	Y	W	H	M	C	P
0	0.01281	0.00872	0.01165	0.01237	0.01440	0.00882	0.01073	0.07619	0.01674	0.05600	0.03273	0.06655	0.03447	0.01679	0.00875	0.00289	0.00615	0.59027	0.00621	0.00677
1	0.02573	0.01581	0.01890	0.01627	0.08224	0.01646	0.01226	0.42287	0.02554	0.26701	0.01885	0.01802	0.01281	0.00780	0.00659	0.00199	0.00676	0.00615	0.00680	0.01113
2	0.06263	0.08234	0.01792	0.01314	0.01780	0.01698	0.01080	0.23459	0.26502	0.17787	0.02083	0.01951	0.01492	0.00802	0.00629	0.00203	0.00606	0.00627	0.00649	0.01047
3	0.00894	0.00657	0.00838	0.00823	0.00968	0.00601	0.00606	0.01159	0.01731	0.02396	0.54465	0.15790	0.13643	0.01491	0.00786	0.00218	0.00324	0.01316	0.00695	0.00601
4	0.01615	0.01562	0.02556	0.02869	0.33830	0.01611	0.17058	0.02526	0.24541	0.02340	0.01733	0.01934	0.01351	0.00680	0.00686	0.00211	0.00770	0.00681	0.00441	0.01008
5	0.01637	0.01414	0.01489	0.01340	0.01712	0.01637	0.01042	0.03498	0.71568	0.02754	0.02679	0.02456	0.02010	0.00893	0.00670	0.00223	0.00521	0.00744	0.00670	0.01042
6	0.01637	0.01414	0.01489	0.01340	0.01712	0.01637	0.01042	0.03498	0.71568	0.02754	0.02679	0.02456	0.02010	0.00893	0.00670	0.00223	0.00521	0.00744	0.00670	0.01042
7	0.00809	0.00660	0.00716	0.00720	0.00913	0.00566	0.00533	0.00998	0.01548	0.01932	0.18816	0.12314	0.53898	0.01642	0.00783	0.00223	0.00333	0.01395	0.00633	0.00566
8	0.01629	0.01564	0.02672	0.04041	0.72757	0.01564	0.02020	0.02020	0.01499	0.02151	0.01238	0.01629	0.01043	0.00587	0.00652	0.00196	0.00782	0.00587	0.00326	0.01043
9	0.01529	0.01304	0.01395	0.01278	0.01609	0.01490	0.00983	0.03160	0.61960	0.02653	0.06108	0.09167	0.02420	0.01019	0.00690	0.00226	0.00499	0.00866	0.00667	0.00977
10	0.01476	0.29522	0.48699	0.01611	0.02439	0.01909	0.01971	0.02045	0.01371	0.01895	0.01087	0.01272	0.00838	0.00603	0.00554	0.00185	0.00878	0.00439	0.00279	0.00928
11	0.01361	0.00993	0.01432	0.01262	0.01494	0.01029	0.07916	0.01729	0.07698	0.11987	0.08342	0.23942	0.12094	0.01389	0.00962	0.00244	0.10672	0.04138	0.00581	0.00736
12	0.01281	0.08413	0.00902	0.00666	0.00861	0.00816	0.00528	0.01578	0.01376	0.02362	0.02022	0.02312	0.01602	0.00746	0.00456	0.00152	0.00347	0.00587	0.72353	0.00637
13	0.02500	0.01920	0.01969	0.01525	0.02041	0.06303	0.01252	0.66551	0.03023	0.03999	0.01547	0.01557	0.01104	0.00784	0.00655	0.00196	0.00752	0.00583	0.00640	0.01099
14	0.00954	0.00650	0.00777	0.00777	0.00798	0.00670	0.00473	0.00995	0.00975	0.01320	0.02020	0.04008	0.02263	0.64336	0.15700	0.00711	0.00834	0.00913	0.00391	0.00432
15	0.02386	0.01786	0.01910	0.01491	0.01997	0.01987	0.01223	0.61493	0.12355	0.03960	0.01729	0.01699	0.01240	0.00804	0.00660	0.00201	0.00697	0.00613	0.00660	0.01109
16	0.01405	0.17556	0.60040	0.01733	0.02627	0.01735	0.02182	0.02063	0.01380	0.01982	0.01130	0.01326	0.00836	0.00614	0.00587	0.00196	0.00921	0.00461	0.00279	0.00948
17	0.00970	0.00737	0.01094	0.01096	0.01213	0.00861	0.00867	0.01207	0.01097	0.01570	0.01884	0.02975	0.01808	0.04520	0.65067	0.00962	0.04379	0.06726	0.00373	0.00594
18	0.01278	0.01205	0.02037	0.68933	0.10614	0.01472	0.01845	0.01712	0.01333	0.01724	0.01176	0.01744	0.00892	0.00652	0.00658	0.00217	0.00869	0.00585	0.00295	0.00759
19	0.00916	0.00749	0.00821	0.00800	0.01018	0.00691	0.00611	0.01296	0.08719	0.02094	0.21877	0.05653	0.46128	0.01519	0.00773	0.00223	0.00360	0.04486	0.00644	0.00623
20	0.00940	0.00705	0.01058	0.01058	0.01176	0.00823	0.00823	0.01176	0.01058	0.01528	0.01763	0.02586	0.01646	0.04937	0.74255	0.01058	0.01763	0.00705	0.00353	0.00588
21	0.01365	0.01170	0.01365	0.00975	0.01560	0.00878	0.00780	0.01658	0.01365	0.02145	0.01170	0.01365	0.00975	0.00488	0.00488	0.00098	0.00488	0.00390	0.00390	0.80888
22	0.81514	0.01273	0.00968	0.00866	0.01273	0.01477	0.00713	0.01935	0.01120	0.02954	0.00917	0.01069	0.00713	0.00611	0.00407	0.00204	0.00509	0.00356	0.00407	0.00713
23	0.01243	0.01170	0.01975	0.75282	0.04534	0.01463	0.01828	0.01682	0.01316	0.01682	0.01170	0.01755	0.00878	0.00658	0.00658	0.00219	0.00878	0.00585	0.00293	0.00731
24	0.81514	0.01273	0.00968	0.00866	0.01273	0.01477	0.00713	0.01935	0.01120	0.02954	0.00917	0.01069	0.00713	0.00611	0.00407	0.00204	0.00509	0.00356	0.00407	0.00713
25	0.01518	0.01588	0.03049	0.11405	0.12454	0.01592	0.40741	0.02221	0.11992	0.02148	0.01565	0.03907	0.01234	0.00664	0.00732	0.00220	0.00930	0.00754	0.00385	0.00903
26	0.01466	0.01382	0.02330	0.22383	0.48522	0.01454	0.01845	0.01863	0.01484	0.02072	0.07563	0.01955	0.01460	0.00673	0.00665	0.00203	0.00765	0.00640	0.00353	0.00924
27	0.00953	0.00652	0.00785	0.00783	0.00811	0.00670	0.00484	0.01009	0.01019	0.01386	0.05412	0.04037	0.02447	0.60676	0.15594	0.00691	0.00819	0.00925	0.00407	0.00443
28	0.00993	0.00693	0.00862	0.00808	0.00995	0.00623	0.00610	0.01268	0.01781	0.05826	0.53938	0.05115	0.21240	0.01394	0.00771	0.00210	0.00328	0.01211	0.00703	0.00630
29	0.02859	0.01273	0.01622	0.01244	0.01757	0.01194	0.01027	0.17401	0.02139	0.58660	0.02383	0.02102	0.01522	0.00810	0.00661	0.00202	0.00595	0.00647	0.00782	0.01120
30	0.01345	0.01277	0.02142	0.54800	0.20615	0.01513	0.01855	0.01758	0.01345	0.01789	0.01172	0.01710	0.00916	0.00665	0.00729	0.00217	0.04461	0.00585	0.00300	0.00805
31	0.01760	0.77260	0.03450	0.01126	0.01690	0.02605	0.01126	0.01971	0.01338	0.01549	0.00915	0.01056	0.00845	0.00563	0.00422	0.00141	0.00704	0.00352	0.00282	0.00845
32	0.74513	0.01260	0.01018	0.00893	0.01309	0.01431	0.00736	0.02049	0.01188	0.09215	0.01066	0.01174	0.00795	0.00629	0.00430	0.00204	0.00514	0.00384	0.00444	0.00749
33	0.01573	0.01507	0.02570	0.14438	0.62800	0.01549	0.01992	0.01971	0.01472	0.02082	0.01228	0.01648	0.01019	0.00597	0.00653	0.00199	0.00796	0.00586	0.00321	0.00997
34	0.01154	0.00858	0.01046	0.00944	0.01156	0.00856	0.00723	0.08498	0.08200	0.02804	0.58988	0.04359	0.05319	0.01249	0.00755	0.00208	0.00371	0.01090	0.00713	0.00709
35	0.01332	0.01102	0.01467	0.01307	0.01434	0.01368	0.01042	0.11412	0.01329	0.01903	0.01477	0.02244	0.01392	0.10427	0.32971	0.00641	0.25407	0.00673	0.00381	0.00689
36	0.01214	0.00936	0.01026	0.00964	0.01120	0.01017	0.00663	0.01949	0.27898	0.01960	0.08572	0.03658	0.02588	0.41235	0.02102	0.00442	0.00564	0.00897	0.00531	0.00663
37	0.00952	0.00658	0.00816	0.00816	0.00850	0.00692	0.00522	0.01021	0.00986	0.01349	0.01984	0.03810	0.02177	0.56049	0.23870	0.00760	0.00964	0.00884	0.00386	0.00454
38	0.00936	0.00839	0.01322	0.01173	0.01404	0.00759	0.13882	0.01155	0.01411	0.01801	0.04382	0.34700	0.30428	0.01620	0.00804	0.00241	0.00502	0.01474	0.00558	0.00610
39	0.05817	0.01971	0.01704	0.01481	0.01760	0.25571	0.01171	0.13701	0.10096	0.02316	0.01384	0.01587	0.01115	0.00840	0.00958	0.00208	0.18368	0.00542	0.08583	0.00828
40	0.10926	0.01814	0.02165	0.09992	0.05848	0.09182	0.11382	0.35074	0.02251	0.03089	0.01351	0.01534	0.00999	0.00700	0.00641	0.00201	0.00824	0.00575	0.00494	0.00957
41	0.01629	0.01564	0.02672	0.04041	0.72757	0.01564	0.02020	0.02020	0.01499	0.02151	0.01238	0.01629	0.01043	0.00587	0.00652	0.00196	0.00782	0.00587	0.00326	0.01043
42	0.01614	0.01668	0.16485	0.01360	0.01820	0.01322	0.06338	0.19900	0.05211	0.04794	0.08026	0.02427	0.01825	0.11513	0.01022	0.00260	0.00680	0.00701	0.12185	0.00848
43	0.02583	0.01456	0.08028	0.08820	0.02114	0.03841	0.01217	0.07820	0.01870	0.51949	0.02194	0.02029	0.01416	0.00775	0.00656	0.00204	0.00664	0.00625	0.00685	0.01054
44	0.02465	0.01573	0.01859	0.10495	0.02254	0.01691	0.01248	0.44551	0.02561	0.21833	0.01795	0.01774	0.01223	0.00780	0.00659	0.00202	0.00700	0.00610	0.00654	0.01072
45	0.00903	0.00681	0.00953	0.01213	0.08236	0.00651	0.00731	0.01033	0.01251	0.01684	0.03213	0.60835	0.03800	0.10195	0.01099	0.00301	0.00451	0.01640	0.00559	0.00571
46	0.15243	0.01079	0.01325	0.01156	0.01332	0.01265	0.00903	0.01754	0.01184	0.15285	0.01593	0.02369	0.01446	0.20824	0.08308	0.00416	0.22710	0.00664	0.00442	0.00700
47	0.01362	0.01196	0.01890	0.17550	0.17478	0.01379	0.03958	0.01634	0.01302	0.05224	0.01781	0.19800	0.01794	0.01109	0.01075	0.00242	0.19143	0.00906	0.00403	0.00772
48	0.01444	0.01567	0.03248	0.10647	0.06587	0.01532	0.50589	0.01922	0.01481	0.02006	0.01531	0.09355	0.01325	0.00737	0.00801	0.00227	0.02955	0.00853	0.00355	0.00838
49	0.01584	0.01518	0.02591	0.12358	0.64793	0.01552	0.01998	0.01981	0.01478	0.02096	0.01230	0.01644	0.01023	0.00595	0.00652	0.00198	0.00793	0.00586	0.00322	0.01006
50	0.01079	0.00946	0.01369	0.09188	0.19802	0.00923	0.01069	0.01356	0.01526	0.02007	0.15402	0.09298	0.29207	0.01264	0.00741	0.00218	0.00511	0.02861	0.00524	0.00710
51	0.01617	0.01551	0.02649	0.06376	0.70521	0.01561	0.02014	0.02009	0.01493	0.02135	0.01236	0.01633	0.01037	0.00589	0.00652	0.00196	0.00785	0.00587	0.00325	0.01033
52	0.01749	0.01158	0.01404	0.01022	0.01589	0.00899	0.00825	0.02032	0.01491	0.19312	0.01515	0.01577	0.01133	0.00567	0.00530	0.00123	0.00505	0.00456	0.00493	0.61619
53	0.02186	0.01050	0.01560	0.01222	0.01642	0.00930	0.07918	0.02482	0.01827	0.44384	0.20636	0.03079	0.06143	0.00966	0.00709	0.00207	0.00541	0.00845	0.00733	0.00941
54	0.01629	0.01564	0.02672	0.04041	0.72757	0.01564	0.02020	0.02020	0.01499	0.02151	0.01238	0.01629	0.01043	0.00587	0.00652	0.00196	0.00782	0.00587	0.00326	0.01043
55	0.00809	0.00595	0.00759	0.00872	0.00947	0.00545	0.00595	0.00947	0.01345	0.01773	0.09647	0.60136	0.14724	0.01945	0.00826	0.00256	0.00369	0.01744	0.00620	0.00545
56	0.01415	0.01340	0.02148	0.39368	0.24500	0.01570	0.01776	0.01927	0.07309	0.01903	0.01285	0.01742	0.01022	0.00712	0.00825	0.00220	0.09156	0.00598	0.00334	0.00850
57	0.01144	0.00572	0.00858	0.00858	0.00858	0.00572	0.00572	0.00858	0.00858	0.01144	0.01144	0.02001	0.01144	0.02287	0.02573	0.80846	0.00572	0.00572	0.00286	0.00286
58	0.01863	0.01672	0.01606	0.01406	0.01799	0.09737	0.01100	0.13858	0.53174	0.02845	0.02324	0.02179	0.01742	0.00853	0.00660	0.00213	0.00626	0.00685	0.00631	0.01023
59	0.01183	0.01099	0.01907	0.01556	0.01881	0.01048	0.23423	0.01658	0.08605	0.02096	0.12682	0.29880	0.03102	0.01258	0.00773	0.00230	0.00629	0.01217	0.00530	0.05244
60	0.15669	0.01205	0.01360	0.01124	0.01526	0.01241	0.00906	0.12898	0.11756	0.26081	0.16699	0.02528	0.02403	0.00898	0.00643	0.00206	0.00519	0.00721	0.00682	0.00936
61	0.01144	0.00572	0.00858	0.00858	0.00858	0.00572	0.00572	0.00858	0.00858	0.01144	0.01144	0.02001	0.01144	0.02287	0.02573	0.80846	0.00572	0.00572	0.00286	0.00286
62	0.01243	0.01170	0.01975	0.75282	0.04534	0.01463	0.01828	0.01682	0.01316	0.01682	0.01170	0.01755	0.00878	0.00658	0.00658	0.00219	0.00878	0.00585	0.00293	0.00731
63	0.01317	0.01246	0.02108	0.61632	0.17606	0.01482	0.01865	0.01747	0.01351	0.01772	0.01183	0.01731	0.00909	0.00644	0.00657	0.00215	0.00859	0.00585	0.00299	0.00791
64	0.02261	0.01474	0.01463	0.01305	0.01665	0.17756	0.01066	0.02511	0.01767	0.34964	0.02505	0.03583	0.02110	0.01090	0.00722	0.00226	0.00718	0.21290	0.00642	0.00881
65	0.02356	0.02965	0.01881	0.01699	0.02004	0.66873	0.01289	0.02523	0.01778	0.01608	0.01002	0.01213	0.00850	0.00727	0.00753	0.00182	0.08766	0.00439	0.00334	0.00759
66	0.01629	0.01564	0.02672	0.04041	0.72757	0.01564	0.02020	0.02020	0.01499	0.02151	0.01238	0.01629	0.01043	0.00587	0.00652	0.00196	0.00782	0.00587	0.00326	0.01043
67	0.01629	0.01564	0.02672	0.04041	0.72757	0.01564	0.02020	0.02020	0.01499	0.02151	0.01238	0.01629	0.01043	0.00587	0.00652	0.00196	0.00782	0.00587	0.00326	0.01043
68	0.10327	0.00973	0.01090	0.01034	0.01258	0.01019	0.00776	0.08299	0.11358	0.08537	0.02677	0.21463	0.04508	0.15801	0.01221	0.00315	0.00534	0.07517	0.00578	0.00716
69	0.10387	0.01430	0.02346	0.11166	0.12458	0.01544	0.21193	0.02097	0.11659	0.02245	0.07735	0.02019	0.01557	0.00759	0.00829	0.00221	0.08397	0.00691	0.00415	0.00853
70	0.11693	0.01460	0.01547	0.01525	0.09529	0.07481	0.01075	0.10089	0.22295	0.12372	0.07370	0.02405	0.06613	0.00870	0.00642	0.00207	0.00604	0.00701	0.00590	0.00934
71	0.01556	0.10886	0.32668	0.01746	0.02429	0.08108	0.11752	0.05471	0.08693	0.02155	0.03741	0.01853	0.04612	0.00720	0.00640	0.00201	0.00873	0.00604	0.00380	0.00911
72	0.08468	0.08970	0.04172	0.01164	0.01552	0.01348	0.00971	0.07152	0.19552	0.17592	0.09626	0.12314	0.02353	0.01008	0.00653	0.00211	0.00537	0.00834	0.00622	0.00901
73	0.12341	0.00985	0.01070	0.00976	0.01223	0.01034	0.00733	0.07341	0.13393	0.06516	0.19059	0.10839	0.08023	0.12329	0.01078	0.00279	0.00478	0.00971	0.00604	0.00727

[dist]
# distance from previous block
# <min> <max>
0	1

[block]
# block no. 1 follows, 33 sequences, length 36
# corresponding to MSA columns:
# 211-246
name=unknown_B
#
# <colnr> <probs for GDERKNQSTAVLIFYWHMCP>
#	G	D	E	R	K	N	Q	S	T	A	V	L	I	F	Y	W	H	M	C	P
0	0.10035	0.01658	0.02173	0.01989	0.11267	0.10644	0.14512	0.08761	0.03973	0.11981	0.01593	0.02076	0.01287	0.00812	0.00832	0.00219	0.09031	0.05801	0.00464	0.00893
1	0.01371	0.01300	0.02205	0.51784	0.27037	0.01496	0.01892	0.01794	0.01377	0.01837	0.01193	0.01714	0.00932	0.00635	0.00656	0.00212	0.00846	0.00586	0.00304	0.00834
2	0.01358	0.01287	0.02182	0.54089	0.24829	0.01493	0.01885	0.01783	0.01371	0.01821	0.01190	0.01718	0.00927	0.00637	0.00656	0.00212	0.00849	0.00586	0.00302	0.00824
3	0.01409	0.01341	0.02006	0.60607	0.09086	0.05238	0.01763	0.05378	0.03321	0.01869	0.01229	0.01727	0.00931	0.00667	0.00655	0.00214	0.00869	0.00582	0.00326	0.00784
4	0.01782	0.01541	0.01715	0.11172	0.07556	0.09005	0.01249	0.16120	0.23284	0.04862	0.01841	0.02008	0.01424	0.01403	0.11739	0.00335	0.00885	0.00640	0.00515	0.00923
5	0.01472	0.01408	0.02365	0.30462	0.42211	0.01559	0.01907	0.01863	0.01396	0.01935	0.01186	0.01663	0.00968	0.00654	0.00762	0.00211	0.06179	0.00585	0.00311	0.00903
6	0.01687	0.01500	0.02368	0.16244	0.46760	0.01583	0.01815	0.09068	0.06203	0.04302	0.01393	0.01718	0.01101	0.00646	0.00655	0.00202	0.00770	0.00599	0.00390	0.00997
7	0.12106	0.01384	0.01662	0.06668	0.01998	0.01536	0.06382	0.05318	0.40944	0.11578	0.02192	0.02118	0.01605	0.00801	0.00642	0.00217	0.00602	0.00670	0.00601	0.00978
8	0.06369	0.01081	0.01540	0.01496	0.10729	0.01023	0.06272	0.05195	0.01758	0.21173	0.21807	0.03372	0.13347	0.01025	0.00703	0.00207	0.00534	0.00893	0.00628	0.00848
9	0.01488	0.01399	0.02261	0.30023	0.38315	0.01536	0.01822	0.02087	0.10530	0.02056	0.01400	0.01783	0.01107	0.00653	0.00656	0.00208	0.00783	0.00606	0.00358	0.00928
10	0.01104	0.00834	0.01017	0.00938	0.01144	0.00812	0.00700	0.05876	0.06667	0.02356	0.34151	0.13730	0.06487	0.07266	0.06424	0.00302	0.00512	0.01092	0.00614	0.07973
11	0.01607	0.01736	0.03501	0.02546	0.03114	0.01738	0.56309	0.06941	0.01592	0.02186	0.01288	0.01717	0.00990	0.00651	0.00951	0.00229	0.10934	0.00737	0.00350	0.00882
12	0.01629	0.01564	0.02672	0.04041	0.72757	0.01564	0.02020	0.02020	0.01499	0.02151	0.01238	0.01629	0.01043	0.00587	0.00652	0.00196	0.00782	0.00587	0.00326	0.01043
13	0.02954	0.01120	0.01528	0.01171	0.01681	0.00968	0.00968	0.03208	0.01884	0.73213	0.02597	0.02241	0.01630	0.00815	0.00662	0.00204	0.00560	0.00662	0.00815	0.01120
14	0.00810	0.00666	0.00697	0.00690	0.00888	0.00570	0.00507	0.00982	0.01504	0.01846	0.14366	0.06011	0.59150	0.07242	0.00970	0.00251	0.00353	0.01333	0.00609	0.00552
15	0.03451	0.01271	0.15925	0.01049	0.01395	0.00849	0.01001	0.01576	0.01642	0.07036	0.37348	0.08942	0.03951	0.01124	0.00693	0.00205	0.00475	0.00967	0.10380	0.00722
16	0.81514	0.01273	0.00968	0.00866	0.01273	0.01477	0.00713	0.01935	0.01120	0.02954	0.00917	0.01069	0.00713	0.00611	0.00407	0.00204	0.00509	0.00356	0.00407	0.00713
17	0.00816	0.00597	0.00771	0.00904	0.00973	0.00552	0.00626	0.00949	0.01308	0.01712	0.04012	0.62894	0.13110	0.01996	0.00837	0.00264	0.00390	0.06137	0.00611	0.00542
18	0.02339	0.01763	0.01884	0.01482	0.01979	0.01965	0.01212	0.57897	0.16027	0.03885	0.01788	0.01746	0.01288	0.00810	0.00661	0.00202	0.00686	0.00621	0.00661	0.01105
19	0.00822	0.00588	0.00781	0.00903	0.00959	0.00548	0.00613	0.00966	0.01351	0.01825	0.13987	0.65663	0.04634	0.01955	0.00831	0.00258	0.00371	0.01769	0.00628	0.00548
20	0.01546	0.41285	0.37549	0.01492	0.02255	0.02081	0.01763	0.02027	0.01363	0.01810	0.01045	0.01219	0.00840	0.00594	0.00521	0.00174	0.00835	0.00418	0.00280	0.00907
21	0.01606	0.51362	0.27997	0.01389	0.02096	0.02228	0.01584	0.02011	0.01356	0.01737	0.01009	0.01173	0.00841	0.00585	0.00494	0.00165	0.00798	0.00399	0.00280	0.00890
22	0.00786	0.00637	0.00698	0.00746	0.00910	0.00549	0.00535	0.00936	0.01424	0.01747	0.05702	0.28635	0.50815	0.01793	0.00798	0.00237	0.00349	0.01543	0.00611	0.00549
23	0.01539	0.01613	0.07156	0.16769	0.55880	0.01544	0.02013	0.01963	0.01459	0.02062	0.01222	0.01636	0.00999	0.00602	0.00651	0.00201	0.00812	0.00580	0.00317	0.00982
24	0.01874	0.01770	0.02477	0.17101	0.14998	0.12531	0.17694	0.11277	0.04168	0.07556	0.01409	0.01690	0.01057	0.00662	0.00676	0.00204	0.00906	0.00618	0.00415	0.00918
25	0.01501	0.01418	0.02260	0.24746	0.37738	0.01578	0.01792	0.02078	0.10505	0.02046	0.01376	0.01760	0.01105	0.00691	0.00772	0.00213	0.06532	0.00606	0.00358	0.00925
26	0.01361	0.01293	0.02239	0.49730	0.21380	0.01473	0.06737	0.01792	0.01381	0.01856	0.01232	0.01749	0.00955	0.00637	0.00658	0.00211	0.00851	0.00600	0.03047	0.00816
27	0.02628	0.01219	0.01622	0.01425	0.07149	0.01142	0.01065	0.09188	0.06929	0.53463	0.02448	0.05201	0.01677	0.00852	0.00669	0.00207	0.00582	0.00706	0.00744	0.01085
28	0.01642	0.01703	0.12240	0.01908	0.02475	0.01419	0.28298	0.04693	0.07560	0.10852	0.01618	0.01889	0.01218	0.01182	0.09732	0.00312	0.03101	0.00669	0.00431	0.07057
29	0.01831	0.01299	0.01774	0.02096	0.25008	0.06448	0.01269	0.02132	0.01663	0.21009	0.17790	0.02560	0.02391	0.01124	0.05372	0.00257	0.03787	0.00739	0.00547	0.00905
30	0.01792	0.01455	0.02156	0.01615	0.02164	0.04260	0.20797	0.02405	0.13020	0.14895	0.01712	0.01810	0.01263	0.00639	0.00636	0.00176	0.00713	0.00609	0.00493	0.27389
31	0.01863	0.13740	0.14867	0.02041	0.16298	0.04720	0.05882	0.15661	0.03633	0.07058	0.01363	0.01521	0.01038	0.00647	0.00607	0.00184	0.00785	0.00533	0.00423	0.07136
32	0.01786	0.01312	0.01521	0.01518	0.11629	0.06416	0.01032	0.04868	0.11774	0.17532	0.05141	0.02764	0.14370	0.00899	0.00651	0.00188	0.00576	0.00746	0.00571	0.14708
33	0.08051	0.07321	0.12757	0.11799	0.09658	0.04335	0.01495	0.19446	0.07557	0.09109	0.01491	0.01620	0.01093	0.00703	0.00615	0.00200	0.00756	0.00552	0.00474	0.00966
34	0.10243	0.10216	0.01836	0.01584	0.12683	0.01364	0.01123	0.05011	0.06174	0.25230	0.01866	0.02136	0.01429	0.00764	0.00602	0.00190	0.00604	0.05396	0.00550	0.10999
35	0.01958	0.01451	0.02061	0.02640	0.36852	0.06055	0.01520	0.04366	0.03966	0.19776	0.01912	0.04279	0.01578	0.00830	0.00683	0.00210	0.00715	0.07653	0.00506	0.00988

[dist]
# distance from previous block
# <min> <max>
12	153

# created by:
# /home/berkeley/.conda/envs/busco_data_prod/bin/msa2prfl.pl pipeline/OGs_align_augustus/5794/12484.fs
