[name]
unknown

[dist]
# distance from previous block
# <min> <max>
12	106

[block]
# block no. 0 follows, 26 sequences, length 55
# corresponding to MSA columns:
# 296-350
name=unknown_A
#
# <colnr> <probs for GDERKNQSTAVLIFYWHMCP>
#	G	D	E	R	K	N	Q	S	T	A	V	L	I	F	Y	W	H	M	C	P
0	0.05621	0.01488	0.01646	0.01641	0.08123	0.05965	0.01125	0.07144	0.14250	0.02528	0.02184	0.09899	0.02050	0.13220	0.01392	0.00317	0.06512	0.00884	0.03455	0.10556
1	0.07056	0.01933	0.01870	0.08799	0.05590	0.16560	0.01313	0.17771	0.03941	0.08691	0.08461	0.05411	0.02083	0.06060	0.00965	0.00265	0.00863	0.00794	0.00598	0.00975
2	0.01953	0.01364	0.01478	0.01303	0.01566	0.07626	0.00978	0.08179	0.06308	0.15050	0.02250	0.03175	0.01998	0.23960	0.15456	0.00583	0.04500	0.00845	0.00579	0.00850
3	0.07115	0.02033	0.15416	0.02261	0.11849	0.01669	0.13089	0.07162	0.11476	0.02618	0.01850	0.02435	0.01545	0.11188	0.04714	0.00361	0.00973	0.00768	0.00474	0.01003
4	0.01940	0.13228	0.14476	0.04992	0.16845	0.01918	0.01784	0.08620	0.05432	0.06717	0.01742	0.01950	0.03323	0.00816	0.00817	0.00220	0.05833	0.00637	0.00465	0.08245
5	0.04078	0.14416	0.16293	0.08381	0.08924	0.01809	0.01646	0.02477	0.14934	0.02480	0.07009	0.02456	0.05447	0.00888	0.00702	0.00223	0.00781	0.00722	0.00492	0.05844
6	0.05258	0.01037	0.01211	0.01107	0.01333	0.03852	0.04273	0.01523	0.01491	0.06160	0.03585	0.19244	0.15319	0.23843	0.01769	0.00401	0.00636	0.01286	0.00582	0.06091
7	0.21610	0.01173	0.01138	0.01149	0.01402	0.04778	0.00870	0.01860	0.08844	0.02477	0.03258	0.26834	0.09330	0.01871	0.05669	0.00339	0.00669	0.05355	0.00612	0.00762
8	0.02169	0.09184	0.02187	0.01585	0.01964	0.01978	0.01318	0.23355	0.02213	0.09266	0.06742	0.07048	0.01925	0.01129	0.01209	0.00250	0.19809	0.00798	0.00601	0.05270
9	0.02032	0.36169	0.03005	0.01547	0.02077	0.10100	0.05792	0.08619	0.07999	0.02322	0.04863	0.01900	0.01547	0.01263	0.07445	0.00295	0.00986	0.00608	0.00454	0.00976
10	0.01151	0.00687	0.00946	0.00977	0.01038	0.00656	0.00669	0.01079	0.01337	0.01784	0.12433	0.19230	0.09706	0.02346	0.02003	0.41218	0.00538	0.01196	0.00526	0.00482
11	0.01798	0.13585	0.06144	0.02042	0.12422	0.06048	0.08367	0.04926	0.11404	0.02484	0.06218	0.02527	0.01919	0.07925	0.01012	0.00268	0.00814	0.00755	0.08374	0.00968
12	0.02079	0.09376	0.02017	0.01761	0.10055	0.05303	0.01232	0.14338	0.02059	0.13092	0.02484	0.22394	0.02385	0.01248	0.00770	0.00234	0.00705	0.01062	0.00633	0.06771
13	0.02105	0.01186	0.01629	0.08129	0.08458	0.01154	0.01188	0.06788	0.01924	0.24355	0.05724	0.03658	0.11822	0.01304	0.00999	0.07466	0.00658	0.05575	0.04924	0.00956
14	0.01497	0.00997	0.01284	0.01391	0.07839	0.00973	0.00918	0.07612	0.01895	0.07635	0.17064	0.21612	0.07905	0.05454	0.00987	0.00273	0.00520	0.01297	0.12035	0.00814
15	0.01930	0.02047	0.13850	0.06085	0.07234	0.01790	0.07835	0.17477	0.13785	0.04698	0.04660	0.08837	0.01961	0.01024	0.00848	0.00251	0.03137	0.00879	0.00586	0.01087
16	0.01574	0.01424	0.02275	0.64694	0.04943	0.01750	0.02041	0.08213	0.01717	0.02216	0.01394	0.02003	0.01038	0.00773	0.00758	0.00250	0.00994	0.00675	0.00378	0.00886
17	0.01008	0.00744	0.00943	0.00953	0.01109	0.00679	0.00692	0.01283	0.01904	0.02607	0.42579	0.23441	0.15610	0.01821	0.00914	0.00259	0.00383	0.01610	0.00782	0.00679
18	0.05607	0.23353	0.40960	0.02103	0.09204	0.02113	0.02230	0.02349	0.01581	0.02286	0.01265	0.01501	0.00981	0.00695	0.00645	0.00216	0.00985	0.00520	0.00334	0.01072
19	0.02191	0.02524	0.13206	0.19218	0.07817	0.20010	0.01886	0.11546	0.02027	0.06639	0.01461	0.01758	0.01100	0.00814	0.00820	0.00233	0.04674	0.00613	0.00449	0.01014
20	0.58698	0.05302	0.04787	0.06110	0.01925	0.08143	0.01092	0.02294	0.01414	0.03028	0.01102	0.01318	0.00863	0.00713	0.00523	0.00229	0.00726	0.00444	0.00438	0.00850
21	0.01546	0.01240	0.01789	0.32382	0.03173	0.01433	0.01486	0.08111	0.04503	0.05668	0.02549	0.21594	0.04817	0.01312	0.00917	0.00269	0.04688	0.01127	0.00541	0.00854
22	0.01561	0.01638	0.08493	0.13994	0.30326	0.01496	0.01902	0.02102	0.04930	0.02398	0.07032	0.07600	0.02338	0.01084	0.00817	0.00256	0.00826	0.09731	0.00485	0.00992
23	0.01700	0.01088	0.01205	0.01177	0.01408	0.05733	0.00888	0.05407	0.01823	0.13668	0.06491	0.31363	0.03541	0.01631	0.00834	0.00262	0.00568	0.07151	0.13251	0.00813
24	0.11239	0.01453	0.01538	0.01356	0.01670	0.11393	0.07217	0.02156	0.04195	0.09076	0.04506	0.16877	0.02439	0.05932	0.00934	0.00269	0.00706	0.01012	0.15213	0.00820
25	0.08880	0.07117	0.48480	0.01890	0.02796	0.08113	0.02257	0.02345	0.01629	0.02388	0.01743	0.01925	0.05679	0.00805	0.00694	0.00233	0.01026	0.00605	0.00368	0.01029
26	0.01877	0.01721	0.02332	0.16175	0.02926	0.09886	0.13433	0.10797	0.01941	0.05838	0.02166	0.14620	0.02042	0.01175	0.00932	0.00263	0.05066	0.05366	0.00529	0.00914
27	0.00954	0.00682	0.00913	0.01080	0.01140	0.00641	0.00747	0.01113	0.01503	0.02006	0.06628	0.64983	0.05045	0.02322	0.00972	0.00309	0.00458	0.07167	0.00709	0.00627
28	0.07915	0.02259	0.02359	0.20303	0.20297	0.23208	0.01803	0.08628	0.01951	0.02439	0.01338	0.01701	0.01063	0.00755	0.00712	0.00224	0.01045	0.00598	0.00415	0.00990
29	0.06028	0.01744	0.11224	0.13197	0.06386	0.01478	0.06542	0.07038	0.04394	0.21180	0.02280	0.11254	0.01846	0.01018	0.00778	0.00249	0.00815	0.00887	0.00609	0.01054
30	0.01833	0.00994	0.01242	0.01086	0.01431	0.00894	0.00863	0.04620	0.02066	0.23424	0.23889	0.05201	0.22351	0.01475	0.00859	0.00249	0.00496	0.05311	0.00819	0.00896
31	0.00996	0.00705	0.00862	0.00943	0.01000	0.00668	0.00607	0.01104	0.01405	0.01864	0.08647	0.38126	0.09862	0.27375	0.01979	0.00449	0.00534	0.01677	0.00627	0.00570
32	0.01733	0.06871	0.09788	0.11074	0.02819	0.01742	0.14342	0.12016	0.10549	0.02673	0.02248	0.16499	0.02065	0.01113	0.00807	0.00254	0.00864	0.01016	0.00541	0.00987
33	0.01601	0.19005	0.41136	0.01962	0.02831	0.01937	0.08709	0.02238	0.01592	0.02219	0.01599	0.08850	0.01398	0.00866	0.00712	0.00231	0.00998	0.00723	0.00367	0.01026
34	0.01207	0.01008	0.01590	0.24935	0.02655	0.01095	0.05252	0.01480	0.01457	0.01905	0.02804	0.26009	0.04856	0.12550	0.01392	0.02450	0.00752	0.05399	0.00512	0.00692
35	0.02336	0.01100	0.01340	0.01108	0.01505	0.01033	0.00888	0.08561	0.02090	0.31301	0.09824	0.03185	0.06259	0.01040	0.00710	0.00217	0.00526	0.00850	0.25116	0.01008
36	0.02446	0.06217	0.07306	0.09272	0.08731	0.14991	0.01606	0.23048	0.02395	0.09759	0.01691	0.01846	0.01248	0.00821	0.00713	0.00219	0.00934	0.00629	0.05035	0.01092
37	0.01416	0.00851	0.00996	0.00951	0.01228	0.00732	0.00715	0.01615	0.01758	0.15757	0.05945	0.20904	0.40639	0.01821	0.00885	0.00263	0.00450	0.01553	0.00752	0.00768
38	0.13414	0.03018	0.45381	0.01822	0.02736	0.01620	0.02162	0.02641	0.01672	0.16212	0.01650	0.01747	0.01128	0.00763	0.00692	0.00238	0.00944	0.00580	0.00469	0.01111
39	0.01721	0.01729	0.12005	0.12241	0.13373	0.01488	0.04824	0.06101	0.01789	0.08722	0.11157	0.02729	0.02191	0.05359	0.07501	0.00362	0.04419	0.00812	0.00510	0.00966
40	0.01704	0.09261	0.29300	0.02324	0.09259	0.01712	0.14250	0.02300	0.01682	0.06494	0.01908	0.07374	0.01667	0.00946	0.00784	0.00248	0.00985	0.06328	0.00437	0.01034
41	0.01185	0.00983	0.01657	0.01475	0.01692	0.01073	0.10137	0.01491	0.01293	0.01838	0.01984	0.02972	0.01844	0.09211	0.56308	0.01052	0.01844	0.00843	0.00406	0.00713
42	0.02400	0.01708	0.12646	0.01424	0.02000	0.01293	0.01324	0.12064	0.02248	0.31460	0.15326	0.03230	0.07313	0.01085	0.00790	0.00237	0.00678	0.00893	0.00775	0.01108
43	0.02206	0.05309	0.13260	0.06641	0.05624	0.09020	0.11678	0.16773	0.02229	0.10424	0.06006	0.02239	0.03401	0.00864	0.00767	0.00232	0.00956	0.00740	0.00552	0.01078
44	0.21031	0.02041	0.02242	0.12286	0.12304	0.13054	0.06043	0.17065	0.02087	0.03052	0.01381	0.01656	0.01061	0.00764	0.00684	0.00229	0.00927	0.00597	0.00484	0.01011
45	0.00981	0.00701	0.00945	0.01121	0.01190	0.00665	0.00803	0.01154	0.01508	0.02000	0.04149	0.60585	0.04892	0.02323	0.00983	0.00316	0.00489	0.13858	0.00703	0.00632
46	0.01712	0.02408	0.22057	0.29703	0.06571	0.06090	0.11738	0.06454	0.01765	0.02349	0.01403	0.01844	0.01041	0.00738	0.00763	0.00243	0.01089	0.00663	0.00372	0.00996
47	0.02516	0.02294	0.08711	0.05664	0.08660	0.15456	0.01599	0.16733	0.12245	0.15479	0.01998	0.02022	0.01439	0.00860	0.00742	0.00229	0.00913	0.00673	0.00620	0.01146
48	0.01157	0.00786	0.00971	0.01034	0.01187	0.00726	0.00731	0.03827	0.01670	0.06329	0.07283	0.48438	0.18823	0.02095	0.00928	0.00286	0.00453	0.01856	0.00726	0.00694
49	0.02333	0.01378	0.01758	0.06513	0.08177	0.01396	0.01220	0.18093	0.02311	0.22212	0.09218	0.02834	0.04800	0.00987	0.00741	0.00225	0.00654	0.00815	0.13262	0.01071
50	0.02374	0.20486	0.09536	0.02002	0.04762	0.19589	0.10700	0.12012	0.02089	0.07465	0.01453	0.01624	0.01120	0.00750	0.00687	0.00209	0.01044	0.00588	0.00461	0.01049
51	0.05574	0.01517	0.02062	0.25943	0.16397	0.04243	0.01651	0.05978	0.11078	0.02535	0.06334	0.05362	0.06213	0.00976	0.00767	0.00245	0.00808	0.00843	0.00510	0.00962
52	0.01019	0.00749	0.00851	0.00892	0.01002	0.00699	0.00605	0.01136	0.01426	0.01808	0.04606	0.15442	0.25719	0.32367	0.02181	0.00476	0.00571	0.07284	0.00600	0.00566
53	0.01828	0.21488	0.08747	0.01912	0.12510	0.14597	0.01423	0.02129	0.01695	0.02060	0.08495	0.02636	0.04580	0.11541	0.01143	0.00282	0.00884	0.00728	0.00432	0.00891
54	0.04654	0.03265	0.04114	0.01250	0.01665	0.01135	0.02930	0.04400	0.07823	0.09315	0.07420	0.21204	0.09024	0.01340	0.00779	0.00231	0.00574	0.01158	0.00647	0.17073

[dist]
# distance from previous block
# <min> <max>
0	1

[block]
# block no. 1 follows, 26 sequences, length 8
# corresponding to MSA columns:
# 352-359
name=unknown_B
#
# <colnr> <probs for GDERKNQSTAVLIFYWHMCP>
#	G	D	E	R	K	N	Q	S	T	A	V	L	I	F	Y	W	H	M	C	P
0	0.01779	0.01425	0.01615	0.01340	0.01699	0.01515	0.01026	0.14941	0.15182	0.02737	0.02046	0.02813	0.01833	0.20678	0.01740	0.00357	0.07895	0.00779	0.00568	0.18032
1	0.16404	0.02035	0.10083	0.01625	0.05425	0.10201	0.01355	0.07048	0.11034	0.13991	0.02322	0.02311	0.06564	0.00899	0.00692	0.00227	0.00779	0.00688	0.00594	0.05723
2	0.20123	0.06227	0.01462	0.01251	0.01567	0.05605	0.00964	0.02350	0.19034	0.02596	0.02633	0.24164	0.02608	0.01570	0.04287	0.00307	0.00681	0.01101	0.00606	0.00865
3	0.01457	0.03467	0.59405	0.02024	0.03000	0.01642	0.02530	0.02248	0.01545	0.02308	0.01460	0.01804	0.01098	0.01450	0.10938	0.00384	0.01255	0.00598	0.00333	0.01056
4	0.02665	0.01914	0.02043	0.01591	0.02134	0.02108	0.01306	0.56536	0.03273	0.04491	0.01918	0.01971	0.01387	0.00907	0.00725	0.00220	0.00763	0.00686	0.12157	0.01203
5	0.02114	0.16753	0.02696	0.06482	0.10781	0.02206	0.05529	0.17791	0.22122	0.03050	0.01951	0.02038	0.01500	0.00836	0.00714	0.00226	0.00806	0.00691	0.00574	0.01141
6	0.25918	0.12577	0.11982	0.01456	0.02056	0.02036	0.01366	0.11195	0.18867	0.03140	0.01732	0.01779	0.01316	0.00811	0.00626	0.00230	0.00735	0.00585	0.00543	0.01049
7	0.13023	0.01118	0.01221	0.01125	0.01450	0.01135	0.00907	0.11147	0.02006	0.07513	0.12797	0.07488	0.18013	0.01455	0.00809	0.00258	0.00548	0.11631	0.05527	0.00831

[dist]
# distance from previous block
# <min> <max>
1	4

[block]
# block no. 2 follows, 26 sequences, length 31
# corresponding to MSA columns:
# 374-404
name=unknown_C
#
# <colnr> <probs for GDERKNQSTAVLIFYWHMCP>
#	G	D	E	R	K	N	Q	S	T	A	V	L	I	F	Y	W	H	M	C	P
0	0.04716	0.01982	0.05002	0.09425	0.02430	0.14009	0.01413	0.17588	0.05579	0.15687	0.02182	0.04912	0.01774	0.03461	0.00873	0.00259	0.00880	0.06155	0.00634	0.01038
1	0.24931	0.01235	0.01413	0.01189	0.01653	0.01208	0.00978	0.02759	0.01856	0.35032	0.08932	0.03193	0.05029	0.01069	0.00720	0.00246	0.00595	0.06181	0.00761	0.01020
2	0.00994	0.00750	0.00906	0.00911	0.01079	0.00676	0.00659	0.01243	0.01841	0.02461	0.34895	0.18577	0.24938	0.05348	0.01055	0.00281	0.00400	0.01573	0.00753	0.00662
3	0.07797	0.02092	0.06883	0.06721	0.11934	0.14435	0.06055	0.11040	0.02031	0.10088	0.02213	0.02385	0.07725	0.01117	0.03952	0.00276	0.00979	0.00735	0.00528	0.01015
4	0.08324	0.01638	0.01871	0.01480	0.02006	0.01714	0.01204	0.30860	0.06916	0.25824	0.02198	0.02142	0.01523	0.01062	0.00931	0.06956	0.00723	0.00699	0.00762	0.01167
5	0.00988	0.00702	0.00880	0.00976	0.01029	0.00678	0.00637	0.01094	0.01348	0.01789	0.03731	0.42299	0.08665	0.24433	0.06733	0.00500	0.00639	0.01697	0.00608	0.00574
6	0.01832	0.01524	0.02541	0.36757	0.30360	0.01668	0.02084	0.02292	0.01675	0.09682	0.01564	0.02027	0.01185	0.00745	0.00756	0.00240	0.00926	0.00685	0.00420	0.01037
7	0.02290	0.01876	0.02039	0.04700	0.11585	0.09989	0.01428	0.28341	0.04982	0.05930	0.02140	0.09149	0.01842	0.01057	0.00767	0.00236	0.00820	0.03711	0.06045	0.01074
8	0.01532	0.02221	0.21225	0.01635	0.02102	0.13686	0.01595	0.01966	0.01574	0.02034	0.02055	0.07826	0.01954	0.02719	0.24833	0.00587	0.01385	0.07798	0.00432	0.00841
9	0.01367	0.00986	0.01123	0.01091	0.01361	0.00963	0.00843	0.04781	0.11493	0.06927	0.07983	0.16650	0.28827	0.01722	0.00880	0.00269	0.00497	0.08380	0.03053	0.00805
10	0.06964	0.09784	0.13995	0.01638	0.07615	0.01503	0.01388	0.02214	0.10508	0.04521	0.11610	0.08028	0.05889	0.01490	0.06744	0.00320	0.00803	0.00900	0.03150	0.00935
11	0.01803	0.01725	0.02359	0.31305	0.15734	0.06696	0.01888	0.07003	0.09061	0.02363	0.01529	0.01973	0.01208	0.00868	0.01002	0.00254	0.11138	0.00681	0.00427	0.00983
12	0.01446	0.01284	0.02051	0.32415	0.03379	0.01452	0.07819	0.06270	0.01732	0.02280	0.05671	0.12135	0.05671	0.01246	0.00926	0.00273	0.04124	0.08494	0.00504	0.00829
13	0.06764	0.01364	0.01642	0.01296	0.01807	0.01323	0.01061	0.16004	0.02306	0.40680	0.02561	0.02402	0.01716	0.00911	0.00705	0.00223	0.00628	0.00719	0.14724	0.01161
14	0.01812	0.20821	0.29301	0.09774	0.03088	0.02068	0.09917	0.02383	0.01619	0.06863	0.01400	0.01677	0.01059	0.00742	0.00776	0.00228	0.04464	0.00594	0.00375	0.01038
15	0.10744	0.02458	0.02933	0.02318	0.02793	0.25599	0.25506	0.02513	0.01753	0.02239	0.01265	0.01655	0.01028	0.00812	0.01043	0.00245	0.13131	0.00661	0.00387	0.00918
16	0.01778	0.01182	0.01626	0.01368	0.01628	0.01298	0.05737	0.02061	0.01619	0.14477	0.03039	0.03216	0.13608	0.01184	0.01199	0.00250	0.19987	0.00881	0.23005	0.00858
17	0.01848	0.01835	0.09864	0.33814	0.13152	0.05010	0.04439	0.05133	0.01759	0.09685	0.01701	0.05424	0.01340	0.00845	0.00765	0.00244	0.00959	0.00743	0.00449	0.00992
18	0.01740	0.28239	0.38818	0.01789	0.02666	0.02212	0.02094	0.02538	0.08933	0.02271	0.01447	0.01604	0.01117	0.00730	0.00644	0.00215	0.00954	0.00539	0.00372	0.01078
19	0.01084	0.00737	0.00881	0.00919	0.00944	0.00737	0.00572	0.01141	0.01205	0.01609	0.02752	0.15154	0.03165	0.54727	0.06302	0.00667	0.00749	0.05635	0.00510	0.00510
20	0.02087	0.01107	0.01379	0.01190	0.01554	0.01051	0.00954	0.10118	0.02173	0.24762	0.18590	0.07609	0.08510	0.01327	0.00818	0.00245	0.00548	0.06876	0.08138	0.00962
21	0.01903	0.23773	0.38615	0.01878	0.02733	0.14501	0.02132	0.02478	0.01683	0.02128	0.01240	0.01450	0.00967	0.00711	0.00647	0.00210	0.01077	0.00503	0.00334	0.01035
22	0.02664	0.01582	0.01724	0.01437	0.01900	0.09045	0.01149	0.08622	0.11744	0.34191	0.02545	0.02483	0.01796	0.01609	0.10692	0.00372	0.00923	0.00744	0.03655	0.01122
23	0.01249	0.00798	0.01000	0.00984	0.01188	0.00713	0.00724	0.01493	0.01846	0.09885	0.27713	0.25482	0.20429	0.01813	0.00902	0.00263	0.00421	0.01589	0.00777	0.00733
24	0.01892	0.01953	0.14342	0.27007	0.03474	0.01708	0.05096	0.16335	0.02119	0.07722	0.09075	0.02352	0.01823	0.00881	0.00774	0.00242	0.00906	0.00751	0.00530	0.01020
25	0.02067	0.01869	0.02028	0.16594	0.02714	0.11113	0.01487	0.21536	0.07916	0.02962	0.06719	0.04323	0.04355	0.01048	0.00985	0.00248	0.09684	0.00793	0.00569	0.00989
26	0.01786	0.40455	0.35201	0.01710	0.02584	0.02410	0.02016	0.02334	0.01570	0.02079	0.01201	0.01400	0.00967	0.00683	0.00598	0.00199	0.00959	0.00480	0.00322	0.01044
27	0.01134	0.00749	0.00829	0.00809	0.01012	0.00689	0.00607	0.01438	0.01821	0.02650	0.26096	0.05208	0.24945	0.01439	0.00769	0.00223	0.00365	0.01215	0.27313	0.00689
28	0.01095	0.00827	0.01053	0.04477	0.01352	0.00815	0.00784	0.01479	0.06551	0.02453	0.30595	0.25968	0.09744	0.07920	0.01156	0.00306	0.00467	0.01534	0.00724	0.00700
29	0.01739	0.01954	0.11350	0.01875	0.11536	0.14655	0.01394	0.02071	0.01723	0.06826	0.05332	0.09208	0.10894	0.07669	0.05909	0.00346	0.00924	0.00956	0.02766	0.00873
30	0.13335	0.06759	0.12662	0.01730	0.05455	0.12965	0.01501	0.14621	0.02081	0.10357	0.01539	0.01648	0.01141	0.00762	0.00658	0.00208	0.00878	0.00555	0.00525	0.10619

[dist]
# distance from previous block
# <min> <max>
49	67

[block]
# block no. 3 follows, 26 sequences, length 15
# corresponding to MSA columns:
# 601-615
name=unknown_D
#
# <colnr> <probs for GDERKNQSTAVLIFYWHMCP>
#	G	D	E	R	K	N	Q	S	T	A	V	L	I	F	Y	W	H	M	C	P
0	0.02653	0.10655	0.14216	0.01752	0.02400	0.18816	0.03906	0.10564	0.02147	0.22893	0.01840	0.01842	0.01293	0.00814	0.00709	0.00218	0.00973	0.00614	0.00582	0.01113
1	0.05749	0.01605	0.02165	0.12185	0.13895	0.01652	0.01537	0.18953	0.02318	0.29049	0.02112	0.02133	0.01445	0.00851	0.00747	0.00234	0.00788	0.00701	0.00691	0.01191
2	0.02031	0.08903	0.15639	0.01811	0.06060	0.01776	0.04819	0.11958	0.14243	0.10511	0.02076	0.02468	0.01656	0.11340	0.01184	0.00305	0.00836	0.00746	0.00569	0.01070
3	0.05370	0.01613	0.02091	0.02300	0.17888	0.06807	0.01517	0.06787	0.01723	0.11498	0.01779	0.02353	0.01495	0.01932	0.15147	0.00451	0.14560	0.03211	0.00496	0.00982
4	0.01927	0.01962	0.14158	0.01920	0.02468	0.01673	0.13035	0.11631	0.06835	0.10433	0.01997	0.05791	0.01614	0.01725	0.12160	0.00412	0.07878	0.00816	0.00536	0.01029
5	0.02147	0.05671	0.08290	0.01494	0.01975	0.09304	0.01306	0.10160	0.01995	0.16125	0.05296	0.06255	0.09465	0.01102	0.00941	0.00232	0.08713	0.00837	0.00607	0.08086
6	0.16471	0.01478	0.01999	0.01713	0.08365	0.01333	0.10426	0.02078	0.01566	0.02666	0.01392	0.01678	0.01125	0.00630	0.00609	0.00171	0.00691	0.00543	0.04953	0.40111
7	0.02379	0.02181	0.11695	0.01622	0.02211	0.08537	0.01456	0.30198	0.02610	0.11189	0.06123	0.05865	0.05342	0.01023	0.00764	0.00228	0.00824	0.00808	0.00666	0.04277
8	0.01761	0.08233	0.02174	0.02451	0.27093	0.01445	0.01439	0.02204	0.05203	0.10306	0.17033	0.03514	0.11837	0.01083	0.00779	0.00229	0.00658	0.00948	0.00602	0.01007
9	0.01463	0.01358	0.02097	0.30386	0.21822	0.01482	0.01732	0.02002	0.06593	0.02210	0.03025	0.03312	0.17346	0.01035	0.00790	0.00246	0.00798	0.00911	0.00469	0.00922
10	0.01669	0.01567	0.01456	0.01337	0.01698	0.09465	0.01026	0.02927	0.37233	0.02693	0.07982	0.04093	0.21160	0.01284	0.00804	0.00249	0.00615	0.01055	0.00712	0.00976
11	0.04337	0.02181	0.24502	0.04006	0.12794	0.01461	0.01800	0.08182	0.01837	0.02608	0.05632	0.08417	0.11114	0.01135	0.00786	0.00247	0.00809	0.04514	0.00508	0.03129
12	0.00939	0.00684	0.00885	0.01017	0.01097	0.00630	0.00693	0.01103	0.01560	0.02077	0.12038	0.58704	0.11302	0.02236	0.00953	0.00295	0.00425	0.02011	0.00720	0.00630
13	0.12629	0.01546	0.01845	0.01503	0.01896	0.01732	0.01236	0.18312	0.02165	0.21139	0.09610	0.02361	0.02005	0.01062	0.01136	0.00256	0.17089	0.00744	0.00679	0.01055
14	0.10070	0.01997	0.01909	0.04942	0.11276	0.19156	0.01361	0.10804	0.06082	0.08775	0.02102	0.14254	0.01909	0.01084	0.00747	0.00237	0.00862	0.00881	0.00571	0.00982

[dist]
# distance from previous block
# <min> <max>
0	7

[block]
# block no. 4 follows, 26 sequences, length 14
# corresponding to MSA columns:
# 627-640
name=unknown_E
#
# <colnr> <probs for GDERKNQSTAVLIFYWHMCP>
#	G	D	E	R	K	N	Q	S	T	A	V	L	I	F	Y	W	H	M	C	P
0	0.02144	0.02668	0.15735	0.02541	0.18621	0.21832	0.03857	0.08121	0.02034	0.05160	0.05836	0.02159	0.04248	0.00851	0.00746	0.00223	0.01023	0.00690	0.00468	0.01043
1	0.01554	0.00967	0.01065	0.00960	0.01174	0.00956	0.00682	0.09945	0.01733	0.08233	0.03440	0.04419	0.15415	0.30010	0.01982	0.00427	0.00601	0.01045	0.14668	0.00723
2	0.00997	0.00763	0.00909	0.00975	0.01144	0.00694	0.00735	0.01209	0.01670	0.02125	0.11769	0.21505	0.31669	0.06923	0.01145	0.00317	0.00479	0.13633	0.00699	0.00641
3	0.01848	0.06758	0.09218	0.28455	0.17021	0.01837	0.06023	0.04906	0.01708	0.08326	0.01504	0.01918	0.01140	0.00781	0.00851	0.00242	0.05359	0.00667	0.00417	0.01022
4	0.01750	0.01391	0.02164	0.19153	0.19429	0.01453	0.04697	0.07838	0.01915	0.08610	0.11076	0.09813	0.05289	0.01080	0.00809	0.00246	0.00776	0.00975	0.00561	0.00975
5	0.01834	0.01795	0.01455	0.01357	0.01645	0.21920	0.01028	0.06812	0.08273	0.02369	0.02845	0.09266	0.10347	0.01864	0.11268	0.00374	0.00984	0.00915	0.12822	0.00828
6	0.12021	0.01535	0.01371	0.01271	0.01564	0.13363	0.00961	0.10351	0.01988	0.06004	0.12946	0.22161	0.03221	0.01370	0.00771	0.00244	0.00666	0.01138	0.06221	0.00834
7	0.01518	0.02275	0.31303	0.01824	0.06824	0.01299	0.01824	0.02061	0.01672	0.08366	0.06339	0.10528	0.08183	0.01532	0.05844	0.00327	0.00916	0.05888	0.00519	0.00958
8	0.01979	0.01004	0.01315	0.01172	0.01490	0.00927	0.00899	0.02386	0.06697	0.27853	0.22894	0.20930	0.04273	0.01485	0.00854	0.00256	0.00505	0.01298	0.00837	0.00944
9	0.02062	0.09133	0.04933	0.12294	0.18682	0.12694	0.07592	0.12704	0.02007	0.02549	0.01459	0.01837	0.01174	0.01134	0.06232	0.00300	0.01101	0.00648	0.00431	0.01032
10	0.01995	0.06012	0.02697	0.06666	0.26546	0.01621	0.11575	0.04449	0.01798	0.12881	0.02034	0.02335	0.04054	0.01148	0.05789	0.00299	0.00945	0.00756	0.05335	0.01065
11	0.01981	0.01384	0.01731	0.09245	0.04891	0.01489	0.01259	0.14418	0.12503	0.13416	0.03201	0.09790	0.11035	0.01411	0.03392	0.00292	0.03791	0.03079	0.00682	0.01010
12	0.01693	0.20771	0.43207	0.02005	0.02934	0.02088	0.08044	0.02475	0.05727	0.02301	0.01410	0.01624	0.01066	0.00715	0.00682	0.00224	0.01026	0.00571	0.00355	0.01081
13	0.01913	0.07473	0.31159	0.02148	0.10960	0.01754	0.02019	0.12127	0.01933	0.08709	0.01802	0.06711	0.01462	0.01181	0.05050	0.00296	0.00995	0.00727	0.00483	0.01100

[dist]
# distance from previous block
# <min> <max>
5	14

[block]
# block no. 5 follows, 26 sequences, length 69
# corresponding to MSA columns:
# 683-751
name=unknown_F
#
# <colnr> <probs for GDERKNQSTAVLIFYWHMCP>
#	G	D	E	R	K	N	Q	S	T	A	V	L	I	F	Y	W	H	M	C	P
0	0.01961	0.01969	0.17698	0.02004	0.12845	0.01459	0.01599	0.12532	0.01947	0.13286	0.02403	0.07060	0.05525	0.12830	0.01277	0.00321	0.00817	0.00876	0.00567	0.01023
1	0.01461	0.01225	0.01482	0.01664	0.10674	0.06109	0.01051	0.07127	0.01560	0.02073	0.02257	0.12601	0.02342	0.22624	0.21683	0.00663	0.01146	0.01021	0.00487	0.00749
2	0.01921	0.13609	0.23656	0.08610	0.02710	0.23051	0.01833	0.02364	0.01735	0.02037	0.01608	0.10408	0.01479	0.00939	0.00709	0.00224	0.01055	0.00725	0.00392	0.00934
3	0.01975	0.02480	0.12693	0.09532	0.22873	0.19669	0.01915	0.02626	0.09931	0.02313	0.01900	0.02139	0.04995	0.00832	0.00740	0.00228	0.01002	0.00683	0.00435	0.01038
4	0.01720	0.02346	0.20829	0.11499	0.35700	0.01793	0.10507	0.02316	0.01677	0.02390	0.01414	0.01842	0.01109	0.00693	0.00762	0.00236	0.01020	0.00673	0.00357	0.01116
5	0.01498	0.01106	0.01266	0.01252	0.01501	0.04841	0.00999	0.02030	0.10054	0.08382	0.20883	0.11893	0.08867	0.01657	0.00910	0.00280	0.00584	0.20434	0.00748	0.00816
6	0.02294	0.12579	0.03123	0.02850	0.24149	0.04233	0.13535	0.13800	0.02108	0.11556	0.01660	0.01877	0.01256	0.00745	0.00739	0.00222	0.00927	0.00683	0.00512	0.01152
7	0.06652	0.01592	0.01839	0.07726	0.08401	0.05337	0.01318	0.18134	0.02117	0.06532	0.02960	0.03074	0.16163	0.01133	0.00972	0.00246	0.09615	0.00862	0.04366	0.00962
8	0.01007	0.00793	0.00920	0.00962	0.01155	0.00727	0.00717	0.01319	0.04941	0.02244	0.15315	0.23566	0.34248	0.01952	0.00921	0.00275	0.00433	0.07100	0.00727	0.00678
9	0.01269	0.00873	0.01068	0.01053	0.01251	0.00826	0.00772	0.06907	0.01919	0.06290	0.22674	0.32343	0.16138	0.01856	0.00905	0.00268	0.00452	0.01632	0.00759	0.00744
10	0.06577	0.04471	0.08205	0.06306	0.05249	0.22141	0.10249	0.08943	0.01945	0.06163	0.01480	0.01794	0.01162	0.01211	0.06730	0.00313	0.05006	0.00634	0.00449	0.00974
11	0.02361	0.05828	0.02011	0.01507	0.02022	0.02011	0.01237	0.41892	0.11937	0.03931	0.02721	0.02669	0.09774	0.01036	0.00748	0.00229	0.00716	0.00807	0.05419	0.01143
12	0.00936	0.00669	0.00894	0.01070	0.01119	0.00626	0.00725	0.01076	0.01464	0.01949	0.04174	0.70311	0.04991	0.02365	0.00971	0.00310	0.00450	0.04578	0.00704	0.00619
13	0.05472	0.02761	0.32701	0.11991	0.03277	0.06397	0.10795	0.05784	0.01759	0.02469	0.01644	0.02389	0.01344	0.00865	0.00769	0.00251	0.01060	0.06864	0.00405	0.01004
14	0.01984	0.28344	0.24812	0.01670	0.02419	0.02262	0.01782	0.17437	0.02037	0.02713	0.01570	0.06813	0.01345	0.00863	0.00664	0.00214	0.00891	0.00653	0.00455	0.01071
15	0.01097	0.00794	0.01071	0.01231	0.01370	0.00769	0.00997	0.01361	0.01648	0.02142	0.04385	0.29520	0.10076	0.02172	0.01009	0.00328	0.00587	0.38077	0.00701	0.00666
16	0.01923	0.59331	0.17525	0.01477	0.02223	0.02745	0.01609	0.02298	0.01554	0.01912	0.01118	0.01296	0.00971	0.00664	0.00535	0.00178	0.00875	0.00438	0.00324	0.01004
17	0.01811	0.01823	0.11159	0.18599	0.13671	0.03818	0.01774	0.06619	0.09242	0.08173	0.01974	0.06475	0.01615	0.01421	0.08169	0.00348	0.01003	0.00787	0.00502	0.01017
18	0.01946	0.05010	0.05586	0.03683	0.47708	0.01835	0.02041	0.02701	0.13486	0.05844	0.01782	0.02042	0.01414	0.00753	0.00742	0.00229	0.00840	0.00696	0.00470	0.01192
19	0.01477	0.01393	0.02355	0.64883	0.11516	0.01697	0.02128	0.01977	0.01538	0.01992	0.01356	0.02008	0.01030	0.00750	0.00758	0.00250	0.01000	0.00674	0.00341	0.00878
20	0.01330	0.00984	0.01136	0.01120	0.01370	0.00966	0.00891	0.11280	0.01985	0.02605	0.07683	0.15833	0.25829	0.01787	0.00898	0.00276	0.00536	0.16764	0.05969	0.00759
21	0.01957	0.01481	0.01956	0.01912	0.10181	0.06083	0.06891	0.07602	0.01861	0.12709	0.02573	0.12974	0.05317	0.01194	0.00979	0.00250	0.08981	0.02619	0.11536	0.00945
22	0.12488	0.04890	0.08209	0.01228	0.01636	0.01215	0.08882	0.02002	0.01571	0.02767	0.01977	0.02304	0.01542	0.00800	0.00583	0.00200	0.00599	0.00659	0.45630	0.00816
23	0.00976	0.00741	0.00868	0.00919	0.01065	0.00670	0.00652	0.01157	0.01628	0.02093	0.14412	0.25127	0.29474	0.11647	0.01325	0.00338	0.00461	0.05134	0.00690	0.00623
24	0.01777	0.01753	0.02334	0.35659	0.15953	0.10199	0.01905	0.06443	0.01738	0.02212	0.01504	0.05900	0.01288	0.00898	0.00912	0.00249	0.07212	0.00736	0.00400	0.00930
25	0.02002	0.70163	0.07381	0.01343	0.02016	0.02937	0.01376	0.02278	0.01544	0.01817	0.01070	0.01237	0.00973	0.00653	0.00499	0.00166	0.00827	0.00414	0.00324	0.00981
26	0.08980	0.01765	0.01708	0.01430	0.01883	0.11084	0.01137	0.18191	0.10528	0.16252	0.12747	0.02884	0.06041	0.01051	0.00755	0.00232	0.00722	0.00828	0.00729	0.01056
27	0.00973	0.00705	0.00898	0.00984	0.01080	0.00653	0.00675	0.01156	0.01625	0.02186	0.20338	0.44316	0.11635	0.07678	0.01169	0.00319	0.00437	0.01824	0.00718	0.00631
28	0.01976	0.01390	0.01795	0.17075	0.02619	0.01524	0.01431	0.19141	0.06212	0.09582	0.02605	0.04090	0.02311	0.01244	0.00836	0.00270	0.00776	0.19706	0.04438	0.00977
29	0.01820	0.01743	0.02975	0.13309	0.60409	0.01787	0.02299	0.02277	0.01700	0.02408	0.01417	0.01896	0.01177	0.00687	0.00752	0.00229	0.00915	0.00676	0.00370	0.01155
30	0.01476	0.00872	0.01124	0.01096	0.01261	0.00861	0.00793	0.01723	0.04044	0.12622	0.07219	0.16407	0.03314	0.25734	0.11514	0.00560	0.00816	0.07214	0.00631	0.00718
31	0.05988	0.00922	0.01150	0.01215	0.01418	0.00929	0.00972	0.01744	0.07465	0.04894	0.13100	0.22159	0.06911	0.01856	0.00931	0.00301	0.00559	0.26013	0.00721	0.00752
32	0.01019	0.00773	0.00938	0.00897	0.01100	0.00692	0.00673	0.01326	0.02018	0.02736	0.49561	0.06169	0.25998	0.01665	0.00895	0.00244	0.00366	0.01442	0.00795	0.00692
33	0.01130	0.00777	0.01043	0.01043	0.01145	0.00857	0.00756	0.01333	0.01231	0.01809	0.02189	0.03532	0.02150	0.24559	0.42615	0.00951	0.01452	0.00883	0.09925	0.00618
34	0.01530	0.12476	0.40548	0.01889	0.02698	0.01737	0.08347	0.02148	0.01576	0.02232	0.05563	0.02309	0.01609	0.10841	0.01153	0.00300	0.00995	0.00698	0.00378	0.00975
35	0.02045	0.01349	0.01605	0.01473	0.01862	0.01431	0.01212	0.08569	0.26580	0.15939	0.03274	0.04644	0.02838	0.01364	0.00863	0.00282	0.00663	0.22173	0.00778	0.01055
36	0.03176	0.01656	0.01986	0.01523	0.02118	0.01656	0.01258	0.30986	0.02781	0.40986	0.02480	0.02249	0.01621	0.00926	0.00761	0.00232	0.00728	0.00728	0.00860	0.01290
37	0.01442	0.01315	0.01901	0.12177	0.20207	0.05491	0.01498	0.01778	0.01477	0.02002	0.01906	0.08573	0.01799	0.03036	0.31212	0.00669	0.01399	0.00854	0.00413	0.00850
38	0.00941	0.00715	0.00867	0.00946	0.01082	0.00641	0.00665	0.01132	0.01662	0.02164	0.16411	0.40083	0.25776	0.02086	0.00932	0.00279	0.00408	0.01841	0.00727	0.00641
39	0.01503	0.01404	0.02281	0.60814	0.09271	0.01711	0.02042	0.02148	0.07295	0.02083	0.01506	0.02083	0.01139	0.00776	0.00759	0.00251	0.00968	0.00690	0.00378	0.00899
40	0.02670	0.03358	0.02364	0.02065	0.02465	0.60150	0.07124	0.02903	0.02058	0.01905	0.01193	0.01445	0.00993	0.00802	0.00813	0.00209	0.05671	0.00535	0.00387	0.00889
41	0.01136	0.00956	0.01033	0.01128	0.01242	0.06761	0.00800	0.01329	0.01665	0.02151	0.15474	0.48507	0.07061	0.02057	0.00933	0.00287	0.00521	0.05598	0.00700	0.00663
42	0.01765	0.02256	0.12352	0.03197	0.09550	0.01889	0.52519	0.02417	0.01761	0.02431	0.01504	0.01976	0.01132	0.00653	0.00861	0.00251	0.01226	0.00835	0.00375	0.01051
43	0.01084	0.00813	0.01219	0.01219	0.01354	0.00948	0.00948	0.01354	0.01219	0.01761	0.02032	0.02980	0.01896	0.05689	0.70337	0.01219	0.02032	0.00813	0.00406	0.00677
44	0.01965	0.65109	0.12114	0.01405	0.02113	0.02847	0.01485	0.02288	0.01549	0.01861	0.01093	0.01265	0.00972	0.00658	0.00516	0.00172	0.00850	0.00425	0.00324	0.00992
45	0.01367	0.01013	0.01220	0.01217	0.01413	0.01040	0.00899	0.12038	0.07681	0.02684	0.12650	0.42072	0.04433	0.01887	0.00911	0.00283	0.00522	0.05139	0.00737	0.00796
46	0.02305	0.20784	0.13206	0.01707	0.02270	0.33328	0.01555	0.05730	0.01933	0.02153	0.01317	0.01515	0.01072	0.00754	0.00631	0.00194	0.01077	0.00508	0.07015	0.00947
47	0.04030	0.05644	0.05671	0.06194	0.02534	0.07273	0.11456	0.10085	0.01825	0.07440	0.01798	0.02364	0.03508	0.01168	0.03214	0.00292	0.19967	0.04098	0.00480	0.00959
48	0.01294	0.00922	0.01096	0.01122	0.01294	0.00946	0.00826	0.05616	0.10562	0.02522	0.10369	0.32623	0.04041	0.05772	0.01030	0.00298	0.00505	0.07012	0.11391	0.00758
49	0.00917	0.00769	0.00797	0.00790	0.01037	0.00649	0.00592	0.01128	0.01777	0.02164	0.14673	0.07111	0.61243	0.01878	0.00896	0.00254	0.00381	0.01574	0.00719	0.00649
50	0.01939	0.19207	0.11183	0.08612	0.19816	0.04761	0.05748	0.02633	0.11005	0.05602	0.01633	0.01859	0.01280	0.00747	0.00695	0.00220	0.00903	0.00633	0.00438	0.01086
51	0.01919	0.01618	0.08371	0.01467	0.01948	0.01451	0.03587	0.10667	0.20832	0.12609	0.15899	0.05306	0.08674	0.01171	0.00808	0.00246	0.00642	0.00993	0.00740	0.01051
52	0.01061	0.00784	0.00966	0.01031	0.01141	0.00765	0.00709	0.01399	0.07325	0.02203	0.16590	0.40376	0.08488	0.11928	0.01334	0.00346	0.00476	0.01711	0.00702	0.00667
53	0.02264	0.14061	0.12079	0.02364	0.09718	0.32496	0.11845	0.02657	0.01879	0.02076	0.01264	0.01537	0.01026	0.00719	0.00699	0.00209	0.01184	0.00569	0.00368	0.00984
54	0.02174	0.19634	0.19204	0.01968	0.08923	0.10391	0.01754	0.02699	0.05433	0.13703	0.01709	0.03590	0.01330	0.00827	0.00745	0.00220	0.03525	0.00623	0.00478	0.01074
55	0.01153	0.04355	0.01099	0.00950	0.01147	0.04420	0.00695	0.01373	0.01773	0.02288	0.28303	0.09380	0.24162	0.13997	0.01380	0.00328	0.00509	0.01347	0.00676	0.00664
56	0.07235	0.48627	0.06838	0.08531	0.06085	0.07774	0.01495	0.02303	0.01582	0.01987	0.01130	0.01366	0.00979	0.00679	0.00555	0.00186	0.00879	0.00462	0.00343	0.00963
57	0.06007	0.01279	0.01491	0.01144	0.01690	0.01088	0.00914	0.06420	0.01873	0.11055	0.13387	0.02627	0.04861	0.00864	0.00666	0.00170	0.00550	0.00706	0.00609	0.42597
58	0.03762	0.09195	0.19547	0.02191	0.14335	0.01729	0.04126	0.11177	0.01898	0.02642	0.03947	0.02762	0.08139	0.01363	0.06764	0.00320	0.00968	0.03640	0.00476	0.01018
59	0.08523	0.06476	0.04610	0.08967	0.20046	0.01600	0.01530	0.04931	0.07741	0.13159	0.02551	0.06504	0.08213	0.00988	0.00739	0.00237	0.00739	0.00836	0.00566	0.01045
60	0.01892	0.42126	0.21980	0.01579	0.02304	0.05962	0.01696	0.05277	0.01679	0.02114	0.01397	0.06256	0.01261	0.00806	0.00608	0.00199	0.00903	0.00586	0.00373	0.01001
61	0.01030	0.00938	0.05545	0.01009	0.01208	0.00726	0.00798	0.01174	0.01502	0.01916	0.04897	0.25929	0.29498	0.05456	0.01346	0.11339	0.00519	0.03940	0.00613	0.00615
62	0.05960	0.02760	0.25913	0.02229	0.03001	0.08496	0.19072	0.13968	0.02024	0.02804	0.01495	0.01797	0.01119	0.01021	0.04720	0.00293	0.01159	0.00672	0.00436	0.01061
63	0.01621	0.03668	0.61105	0.02097	0.03142	0.01802	0.02618	0.06006	0.06195	0.02585	0.01504	0.01697	0.01071	0.00752	0.00726	0.00241	0.01070	0.00588	0.00375	0.01136
64	0.01182	0.01124	0.07803	0.01118	0.01295	0.00965	0.00882	0.01469	0.04815	0.01745	0.02217	0.03908	0.02292	0.41546	0.23644	0.00807	0.01161	0.00947	0.00447	0.00632
65	0.01474	0.01345	0.10810	0.01179	0.01541	0.01003	0.01040	0.04879	0.01648	0.08011	0.05498	0.12829	0.09110	0.11981	0.08104	0.00400	0.00761	0.01050	0.11270	0.06068
66	0.17843	0.08497	0.05376	0.01394	0.01868	0.08252	0.03505	0.11266	0.05185	0.08681	0.08432	0.06015	0.02053	0.00960	0.00675	0.00225	0.00726	0.00749	0.07342	0.00957
67	0.10612	0.01803	0.06647	0.26080	0.13232	0.08452	0.01737	0.02344	0.09358	0.02351	0.01698	0.05672	0.01419	0.01098	0.04145	0.00291	0.00960	0.00724	0.00437	0.00940
68	0.12485	0.01563	0.05364	0.09442	0.10406	0.07932	0.01319	0.01881	0.01525	0.02259	0.09570	0.02822	0.02136	0.13363	0.10029	0.00443	0.05417	0.00784	0.00453	0.00804

[dist]
# distance from previous block
# <min> <max>
31	499

[block]
# block no. 6 follows, 26 sequences, length 24
# corresponding to MSA columns:
# 1313-1336
name=unknown_G
#
# <colnr> <probs for GDERKNQSTAVLIFYWHMCP>
#	G	D	E	R	K	N	Q	S	T	A	V	L	I	F	Y	W	H	M	C	P
0	0.01963	0.01552	0.07965	0.01818	0.10284	0.01330	0.03485	0.13256	0.02160	0.15503	0.14481	0.12411	0.08017	0.01244	0.00822	0.00245	0.00677	0.01080	0.00694	0.01014
1	0.08420	0.01407	0.09112	0.01378	0.04520	0.05353	0.01121	0.01580	0.01612	0.02216	0.04010	0.26958	0.17815	0.01711	0.00860	0.00276	0.00634	0.09661	0.00602	0.00753
2	0.01779	0.03825	0.07635	0.14235	0.08534	0.06880	0.01482	0.07892	0.01756	0.04591	0.01851	0.02406	0.04321	0.09305	0.01164	0.00274	0.04693	0.00700	0.02707	0.13970
3	0.01967	0.12940	0.12689	0.06859	0.11225	0.19539	0.08346	0.02383	0.01770	0.02137	0.01692	0.01953	0.05296	0.00777	0.00699	0.00208	0.01027	0.00633	0.00389	0.07472
4	0.01170	0.05541	0.01604	0.01294	0.01524	0.01001	0.10526	0.01390	0.01549	0.02030	0.09746	0.27364	0.14145	0.15881	0.01480	0.00361	0.00632	0.01484	0.00595	0.00682
5	0.01989	0.15308	0.05863	0.04509	0.21171	0.06159	0.04277	0.07878	0.01904	0.07602	0.07744	0.05406	0.01964	0.03983	0.00859	0.00242	0.00841	0.00772	0.00501	0.01029
6	0.12315	0.12961	0.11389	0.01511	0.02082	0.06347	0.01400	0.19842	0.02091	0.02997	0.03711	0.01877	0.01389	0.01517	0.10935	0.00359	0.01018	0.00604	0.00504	0.05151
7	0.24670	0.23597	0.18385	0.01382	0.02001	0.01972	0.01434	0.02129	0.01423	0.02397	0.01306	0.01705	0.01120	0.05141	0.08233	0.00347	0.00946	0.00526	0.00383	0.00904
8	0.01036	0.00732	0.00895	0.00980	0.01046	0.00703	0.00663	0.01150	0.01378	0.01803	0.03778	0.29403	0.10411	0.31418	0.02159	0.00484	0.00592	0.10200	0.00603	0.00566
9	0.05771	0.02125	0.02529	0.08005	0.06325	0.17451	0.14180	0.10424	0.04812	0.12454	0.04164	0.02045	0.01475	0.00843	0.00835	0.00235	0.04037	0.00711	0.00543	0.01035
10	0.02234	0.02159	0.13231	0.01709	0.02337	0.01909	0.04657	0.39972	0.02828	0.03810	0.06671	0.02744	0.10236	0.01036	0.00785	0.00235	0.00816	0.00835	0.00666	0.01129
11	0.02141	0.01571	0.01817	0.01500	0.01941	0.01718	0.01212	0.33087	0.07985	0.05841	0.02008	0.02297	0.01585	0.02464	0.23553	0.00548	0.01182	0.00728	0.00630	0.06193
12	0.01708	0.01752	0.08570	0.01692	0.06002	0.12585	0.01313	0.01976	0.01660	0.08705	0.05057	0.30579	0.02940	0.01526	0.01055	0.00270	0.09928	0.01263	0.00572	0.00847
13	0.02095	0.02371	0.02053	0.02164	0.12916	0.33140	0.01453	0.02367	0.01946	0.02240	0.17306	0.02524	0.02502	0.01023	0.00989	0.00229	0.10554	0.00755	0.00487	0.00886
14	0.01428	0.01211	0.01939	0.56330	0.04293	0.01475	0.01768	0.01901	0.01533	0.02129	0.01590	0.02195	0.01211	0.00785	0.00709	0.00236	0.00870	0.00681	0.16901	0.00814
15	0.01476	0.19843	0.05321	0.01542	0.01953	0.01585	0.13803	0.01790	0.01513	0.02032	0.02335	0.16194	0.04404	0.08641	0.07511	0.00371	0.00898	0.01021	0.06958	0.00808
16	0.01419	0.00841	0.01082	0.01015	0.01247	0.00773	0.00766	0.01633	0.01773	0.13271	0.22595	0.11910	0.20405	0.02181	0.08795	0.06913	0.00632	0.01288	0.00715	0.00744
17	0.01082	0.00745	0.00916	0.00933	0.00966	0.00770	0.00587	0.01153	0.01160	0.01576	0.02480	0.10848	0.02783	0.52235	0.17851	0.00799	0.00986	0.01139	0.00471	0.00521
18	0.01332	0.00807	0.00912	0.00942	0.01099	0.00808	0.00680	0.06894	0.01699	0.02617	0.03137	0.32212	0.03182	0.01514	0.00734	0.00236	0.00431	0.01315	0.38732	0.00718
19	0.02109	0.06656	0.16578	0.02447	0.16248	0.08203	0.04843	0.18829	0.07716	0.02986	0.01742	0.05106	0.01409	0.00861	0.00744	0.00231	0.00938	0.00715	0.00510	0.01129
20	0.01695	0.01003	0.01241	0.01249	0.04957	0.00978	0.00869	0.04206	0.07526	0.14436	0.09354	0.16944	0.07896	0.07433	0.01038	0.00282	0.00525	0.01167	0.16340	0.00858
21	0.00951	0.00706	0.00888	0.00978	0.01093	0.00643	0.00682	0.01145	0.01658	0.02200	0.18884	0.45420	0.17761	0.02107	0.00938	0.00283	0.00411	0.01877	0.00733	0.00643
22	0.01576	0.01667	0.12827	0.01599	0.02073	0.01314	0.07347	0.08856	0.07895	0.05486	0.06217	0.10430	0.12449	0.01436	0.00876	0.00275	0.00743	0.15379	0.00637	0.00918
23	0.01867	0.12653	0.02675	0.18854	0.14316	0.09116	0.07631	0.02418	0.07633	0.04941	0.01616	0.02008	0.01298	0.01282	0.08206	0.00332	0.01082	0.00670	0.00424	0.00978

[dist]
# distance from previous block
# <min> <max>
17	35

[block]
# block no. 7 follows, 26 sequences, length 33
# corresponding to MSA columns:
# 1372-1404
name=unknown_H
#
# <colnr> <probs for GDERKNQSTAVLIFYWHMCP>
#	G	D	E	R	K	N	Q	S	T	A	V	L	I	F	Y	W	H	M	C	P
0	0.25702	0.01326	0.01435	0.01335	0.05223	0.01386	0.00975	0.08051	0.06299	0.17004	0.06778	0.02924	0.06522	0.10620	0.01103	0.00304	0.00630	0.00792	0.00649	0.00942
1	0.01832	0.15600	0.16304	0.15315	0.20058	0.01880	0.03572	0.02327	0.01691	0.07894	0.05315	0.02006	0.01474	0.00767	0.00709	0.00224	0.00905	0.00654	0.00422	0.01051
2	0.01140	0.00920	0.01174	0.01171	0.01302	0.00994	0.00910	0.01362	0.01596	0.02169	0.11890	0.22363	0.20397	0.01843	0.01213	0.00289	0.13903	0.09593	0.05080	0.00690
3	0.01244	0.00921	0.01058	0.01015	0.01247	0.00885	0.00776	0.08835	0.01986	0.02646	0.21067	0.12968	0.25969	0.04764	0.01007	0.00278	0.00477	0.06957	0.05164	0.00734
4	0.10524	0.06310	0.15574	0.01532	0.01985	0.13538	0.01425	0.05173	0.01740	0.02401	0.07555	0.12391	0.02384	0.05141	0.01008	0.00275	0.04506	0.05175	0.00502	0.00860
5	0.01777	0.01023	0.01324	0.01251	0.01494	0.01012	0.00984	0.10460	0.01828	0.13402	0.03072	0.13542	0.06337	0.01910	0.01438	0.20378	0.00646	0.16702	0.00652	0.00768
6	0.01177	0.00768	0.00931	0.00953	0.01103	0.00698	0.00661	0.01339	0.01596	0.07678	0.11906	0.29700	0.20669	0.15533	0.01474	0.00362	0.00490	0.01608	0.00692	0.00661
7	0.00964	0.00688	0.00926	0.01102	0.01163	0.00650	0.00773	0.01125	0.01491	0.01981	0.04159	0.64274	0.04930	0.02339	0.00979	0.00314	0.00475	0.10338	0.00703	0.00627
8	0.02033	0.28200	0.17311	0.01588	0.02261	0.02192	0.01606	0.09620	0.13347	0.07352	0.01892	0.02222	0.01525	0.00874	0.00673	0.00220	0.00825	0.04657	0.00518	0.01085
9	0.01549	0.00922	0.01190	0.01105	0.01296	0.00937	0.00820	0.03258	0.01614	0.13559	0.11467	0.13077	0.06357	0.16484	0.13323	0.00514	0.04714	0.01134	0.05920	0.00759
10	0.02096	0.01238	0.01364	0.01136	0.01526	0.01250	0.00909	0.20907	0.02299	0.14813	0.03353	0.03330	0.14228	0.01096	0.00707	0.00217	0.00552	0.00878	0.27135	0.00968
11	0.01877	0.20199	0.21082	0.07212	0.03187	0.10344	0.21113	0.02420	0.01703	0.02161	0.01315	0.01643	0.01026	0.00689	0.00714	0.00221	0.01114	0.00622	0.00350	0.01007
12	0.01969	0.07212	0.14803	0.19059	0.12121	0.11658	0.01899	0.08416	0.01883	0.06221	0.01654	0.06735	0.01377	0.00874	0.00736	0.00233	0.00976	0.00718	0.00447	0.01010
13	0.01721	0.02221	0.16021	0.02703	0.06689	0.01778	0.37303	0.06641	0.01794	0.02496	0.01585	0.02068	0.01231	0.01375	0.10471	0.00383	0.01304	0.00795	0.00400	0.01021
14	0.07407	0.01458	0.01598	0.01666	0.09134	0.08139	0.01124	0.11680	0.01919	0.10229	0.02758	0.20787	0.05839	0.06679	0.05792	0.00351	0.00806	0.01119	0.00617	0.00898
15	0.02184	0.60445	0.03644	0.01401	0.02022	0.08955	0.01327	0.08641	0.01796	0.02087	0.01141	0.01290	0.01005	0.00687	0.00531	0.00172	0.00863	0.00440	0.00373	0.00996
16	0.01665	0.01052	0.01331	0.01201	0.01481	0.01092	0.00928	0.05254	0.10487	0.13908	0.14093	0.03759	0.07454	0.08762	0.23393	0.00598	0.01034	0.00978	0.00662	0.00868
