[name]
unknown

[dist]
# distance from previous block
# <min> <max>
0	260

[block]
# block no. 0 follows, 28 sequences, length 14
# corresponding to MSA columns:
# 349-362
name=unknown_A
#
# <colnr> <probs for GDERKNQSTAVLIFYWHMCP>
#	G	D	E	R	K	N	Q	S	T	A	V	L	I	F	Y	W	H	M	C	P
0	0.01154	0.01281	0.10139	0.01455	0.05424	0.00961	0.06140	0.01536	0.01750	0.02360	0.22929	0.08788	0.19749	0.01483	0.00857	0.00254	0.00596	0.11763	0.00622	0.00759
1	0.01803	0.22679	0.06838	0.07148	0.11278	0.05578	0.01380	0.06341	0.01672	0.06019	0.04991	0.02172	0.01590	0.07167	0.05938	0.00307	0.00876	0.00640	0.04677	0.00907
2	0.01903	0.07870	0.01869	0.09811	0.04025	0.07778	0.04092	0.06794	0.01767	0.14255	0.02297	0.12531	0.04048	0.01325	0.05384	0.00280	0.00807	0.00866	0.07441	0.04858
3	0.14404	0.09904	0.01953	0.01608	0.08276	0.05609	0.01185	0.18517	0.05845	0.11157	0.02172	0.07517	0.05237	0.00953	0.00668	0.00219	0.00697	0.00747	0.02329	0.01001
4	0.01529	0.01233	0.01365	0.01385	0.05305	0.04958	0.00959	0.16773	0.04899	0.02565	0.04844	0.33174	0.08756	0.07480	0.01062	0.00292	0.00606	0.01372	0.00640	0.00803
5	0.02159	0.02053	0.08111	0.02040	0.13701	0.13531	0.01477	0.13648	0.10782	0.10901	0.02226	0.05358	0.05358	0.00916	0.00720	0.00218	0.00818	0.00744	0.00570	0.04668
6	0.01685	0.01281	0.01568	0.13062	0.06470	0.05060	0.01153	0.07005	0.08096	0.10048	0.07039	0.10231	0.06028	0.14670	0.01351	0.00326	0.02544	0.00974	0.00573	0.00838
7	0.06007	0.07822	0.18554	0.01918	0.04443	0.08625	0.03858	0.02044	0.01389	0.02009	0.01237	0.04969	0.01129	0.01008	0.01391	0.00260	0.31465	0.00640	0.00348	0.00884
8	0.01696	0.05807	0.14237	0.11131	0.02533	0.08356	0.06801	0.05601	0.01681	0.07314	0.02394	0.02642	0.11574	0.01448	0.08533	0.00334	0.05807	0.00768	0.00454	0.00887
9	0.09522	0.05679	0.02130	0.21554	0.13151	0.07971	0.06202	0.01948	0.01554	0.02146	0.01991	0.08633	0.06872	0.00913	0.00700	0.00221	0.00820	0.00788	0.00417	0.06787
10	0.01826	0.07053	0.14875	0.01535	0.02063	0.15584	0.03184	0.06227	0.03890	0.04533	0.06760	0.05329	0.01803	0.06471	0.00954	0.00238	0.02894	0.00697	0.00467	0.13616
11	0.01490	0.12915	0.10765	0.01388	0.01955	0.01437	0.05763	0.03533	0.01572	0.02198	0.02269	0.06421	0.09754	0.00942	0.00742	0.00191	0.04045	0.03789	0.00449	0.28383
12	0.04185	0.12796	0.02527	0.09948	0.02565	0.19357	0.11904	0.05860	0.01762	0.07276	0.01575	0.01881	0.02859	0.01233	0.07691	0.00307	0.04320	0.00632	0.00426	0.00897
13	0.05374	0.07477	0.04604	0.04144	0.09690	0.05329	0.08544	0.06520	0.10110	0.07192	0.13558	0.09689	0.02608	0.01032	0.00746	0.00229	0.00728	0.00908	0.00573	0.00943

[dist]
# distance from previous block
# <min> <max>
31	120

[block]
# block no. 1 follows, 28 sequences, length 7
# corresponding to MSA columns:
# 489-495
name=unknown_B
#
# <colnr> <probs for GDERKNQSTAVLIFYWHMCP>
#	G	D	E	R	K	N	Q	S	T	A	V	L	I	F	Y	W	H	M	C	P
0	0.07393	0.04129	0.06706	0.01587	0.02066	0.15731	0.05174	0.18603	0.02131	0.08043	0.02113	0.07692	0.04513	0.01188	0.03580	0.00262	0.00901	0.04438	0.00556	0.03192
1	0.01776	0.01720	0.08086	0.01999	0.16897	0.07974	0.01367	0.12720	0.04638	0.02751	0.07710	0.06010	0.02052	0.03884	0.00811	0.00231	0.00719	0.00780	0.16943	0.00932
2	0.01705	0.15133	0.10319	0.07661	0.02150	0.05798	0.04508	0.04634	0.01607	0.08236	0.01997	0.15825	0.01884	0.01311	0.03676	0.04648	0.00815	0.00867	0.03620	0.03606
3	0.04731	0.01891	0.15735	0.01846	0.08083	0.03221	0.07009	0.08397	0.03788	0.12455	0.04484	0.08925	0.06981	0.02904	0.00889	0.00247	0.03717	0.00867	0.00547	0.03282
4	0.05641	0.04315	0.09386	0.09382	0.02106	0.12948	0.01277	0.06793	0.01769	0.06220	0.04504	0.05971	0.01842	0.01108	0.03056	0.00249	0.00809	0.04651	0.17129	0.00845
5	0.06008	0.12482	0.06277	0.02031	0.14532	0.05270	0.03567	0.18597	0.02122	0.08840	0.07502	0.06029	0.01847	0.00893	0.00695	0.00215	0.00775	0.00734	0.00550	0.01034
6	0.16224	0.01461	0.05912	0.25413	0.05255	0.01486	0.01424	0.07848	0.04533	0.08725	0.02172	0.02387	0.08077	0.00871	0.00674	0.00230	0.00736	0.00700	0.04974	0.00897

[dist]
# distance from previous block
# <min> <max>
0	2

[block]
# block no. 2 follows, 28 sequences, length 9
# corresponding to MSA columns:
# 498-506
name=unknown_C
#
# <colnr> <probs for GDERKNQSTAVLIFYWHMCP>
#	G	D	E	R	K	N	Q	S	T	A	V	L	I	F	Y	W	H	M	C	P
0	0.04476	0.01821	0.09339	0.11439	0.04440	0.09014	0.08033	0.04915	0.04264	0.02225	0.02223	0.06334	0.07541	0.01086	0.01005	0.00252	0.11805	0.05663	0.03272	0.00854
1	0.08787	0.05097	0.07832	0.04656	0.10125	0.14004	0.01306	0.01981	0.01538	0.02125	0.04590	0.06114	0.01681	0.09719	0.03238	0.00292	0.03810	0.00701	0.00419	0.11986
2	0.12116	0.01828	0.02122	0.01898	0.09194	0.11722	0.10678	0.13874	0.01969	0.02782	0.04706	0.04332	0.04528	0.00826	0.00684	0.00203	0.00814	0.00697	0.00497	0.14532
3	0.01475	0.01196	0.01473	0.12885	0.05227	0.04035	0.01132	0.07656	0.07156	0.04820	0.05474	0.20915	0.09394	0.04374	0.00922	0.00267	0.00647	0.05293	0.00590	0.05071
4	0.01578	0.04654	0.13732	0.04997	0.11363	0.06554	0.01479	0.02079	0.06674	0.05608	0.05177	0.12550	0.04385	0.04587	0.00952	0.00263	0.03373	0.05405	0.03708	0.00883
5	0.01311	0.06013	0.07100	0.07093	0.09617	0.01123	0.01173	0.01644	0.01657	0.04647	0.11381	0.06658	0.24918	0.01261	0.00765	0.00224	0.00593	0.03677	0.00556	0.08591
6	0.02060	0.16571	0.12699	0.06478	0.02360	0.15522	0.01536	0.16106	0.05359	0.02539	0.01533	0.04993	0.01277	0.00853	0.00741	0.00212	0.04448	0.00623	0.03119	0.00972
7	0.01294	0.00892	0.01142	0.01250	0.05887	0.00854	0.00829	0.04708	0.04032	0.07927	0.09639	0.34858	0.14739	0.07164	0.01069	0.00295	0.00498	0.01516	0.00670	0.00736
8	0.01707	0.10350	0.05055	0.04158	0.04476	0.03531	0.01085	0.07962	0.01722	0.12473	0.02820	0.27115	0.05594	0.07395	0.01010	0.00280	0.00652	0.01179	0.00595	0.00843

[dist]
# distance from previous block
# <min> <max>
2	4

[block]
# block no. 3 follows, 28 sequences, length 29
# corresponding to MSA columns:
# 511-539
name=unknown_D
#
# <colnr> <probs for GDERKNQSTAVLIFYWHMCP>
#	G	D	E	R	K	N	Q	S	T	A	V	L	I	F	Y	W	H	M	C	P
0	0.01237	0.01031	0.01483	0.06649	0.16274	0.01042	0.01130	0.01674	0.07498	0.02317	0.19195	0.23802	0.07733	0.04462	0.00946	0.00268	0.00557	0.01299	0.00609	0.00794
1	0.05667	0.01889	0.12284	0.17517	0.11426	0.01677	0.07018	0.14639	0.04544	0.02757	0.01513	0.01819	0.01145	0.00726	0.00688	0.00215	0.00849	0.00624	0.04565	0.08435
2	0.16802	0.02005	0.01826	0.04540	0.14798	0.23682	0.01309	0.02294	0.01673	0.05669	0.01606	0.10246	0.01473	0.00887	0.00657	0.00209	0.00856	0.00697	0.00452	0.08319
3	0.01529	0.01484	0.02088	0.34916	0.10791	0.07143	0.01772	0.01901	0.01503	0.01945	0.01674	0.02905	0.01544	0.01037	0.01055	0.00264	0.13380	0.11856	0.00391	0.00822
4	0.01334	0.01226	0.01456	0.06362	0.01831	0.04201	0.04369	0.01632	0.01607	0.02184	0.05408	0.03502	0.24076	0.01029	0.00691	0.00178	0.00579	0.00865	0.00510	0.36960
5	0.01722	0.01942	0.04183	0.03175	0.09044	0.01829	0.62120	0.02321	0.01711	0.02332	0.01462	0.01948	0.01107	0.00616	0.00847	0.00243	0.01197	0.00841	0.00367	0.00994
6	0.02059	0.15229	0.02462	0.08218	0.05957	0.10460	0.04452	0.17674	0.03706	0.04250	0.03531	0.01899	0.01357	0.03651	0.03266	0.00268	0.09493	0.00634	0.00472	0.00959
7	0.01999	0.01849	0.02672	0.12117	0.12967	0.10115	0.18102	0.09176	0.04667	0.08453	0.01720	0.05939	0.01395	0.00845	0.00847	0.00235	0.04662	0.00773	0.00476	0.00991
8	0.01246	0.00637	0.00934	0.00934	0.00934	0.00637	0.00616	0.00956	0.00956	0.01275	0.01346	0.02416	0.01374	0.08347	0.02910	0.72526	0.00637	0.00666	0.00326	0.00326
9	0.02012	0.01432	0.01889	0.04935	0.19783	0.04003	0.01355	0.13640	0.02010	0.16033	0.02835	0.15236	0.09349	0.01162	0.00773	0.00235	0.00693	0.01005	0.00620	0.01000
10	0.01840	0.17361	0.02352	0.01616	0.01857	0.13840	0.01346	0.05723	0.01485	0.01884	0.01208	0.01754	0.01137	0.05321	0.08431	0.00360	0.30705	0.00593	0.00363	0.00825
11	0.01164	0.00854	0.01079	0.01126	0.01227	0.00899	0.00809	0.07469	0.01571	0.02175	0.03391	0.54990	0.03892	0.01940	0.01002	0.00280	0.06813	0.01694	0.06947	0.00677
12	0.00891	0.00738	0.00779	0.00779	0.00994	0.00647	0.00574	0.01067	0.01566	0.01895	0.06479	0.06452	0.58269	0.08034	0.07277	0.00363	0.00534	0.01429	0.00631	0.00603
13	0.02216	0.49669	0.03191	0.01466	0.02000	0.27121	0.01301	0.02433	0.01683	0.01735	0.01050	0.01217	0.00934	0.00667	0.00533	0.00167	0.00966	0.00417	0.00333	0.00901
14	0.02715	0.03464	0.02060	0.01873	0.02247	0.71536	0.01404	0.02903	0.02060	0.01779	0.01124	0.01311	0.00936	0.00749	0.00655	0.00187	0.01311	0.00468	0.00375	0.00843
15	0.01166	0.03188	0.01033	0.00943	0.01010	0.04448	0.00616	0.01239	0.01146	0.01498	0.02116	0.04057	0.02323	0.53455	0.18105	0.00761	0.01006	0.00946	0.00422	0.00522
16	0.02481	0.01697	0.01925	0.05341	0.02195	0.01846	0.01278	0.38074	0.14506	0.14503	0.06746	0.02294	0.01869	0.00931	0.00739	0.00226	0.00709	0.00741	0.00740	0.01161
17	0.01617	0.01377	0.01644	0.05820	0.10695	0.04294	0.01182	0.08851	0.18548	0.02527	0.05057	0.11941	0.02432	0.11005	0.01157	0.00298	0.00680	0.03909	0.00578	0.06389
18	0.01393	0.01350	0.05574	0.32441	0.13384	0.01390	0.01620	0.05169	0.01534	0.02047	0.02013	0.07210	0.05444	0.09378	0.06691	0.00364	0.00928	0.00839	0.00410	0.00819
19	0.01091	0.00793	0.01026	0.00964	0.01046	0.00762	0.04030	0.01161	0.01170	0.01583	0.02460	0.15341	0.02813	0.54934	0.02931	0.00582	0.00678	0.01170	0.00473	0.04991
20	0.01169	0.04942	0.01260	0.01077	0.01255	0.03670	0.00837	0.01380	0.01614	0.02102	0.20185	0.10105	0.24427	0.07483	0.01294	0.00290	0.11034	0.04601	0.00604	0.00671
21	0.01749	0.07496	0.01857	0.01288	0.01852	0.07456	0.03490	0.10190	0.01806	0.02495	0.01792	0.05178	0.05177	0.00764	0.00615	0.00154	0.00669	0.00614	0.00476	0.44880
22	0.01699	0.01505	0.02049	0.37843	0.03499	0.05662	0.01673	0.07915	0.01657	0.05314	0.01479	0.02155	0.01209	0.00891	0.00990	0.00242	0.12544	0.04079	0.00416	0.07179
23	0.01361	0.01083	0.01508	0.10316	0.11237	0.01132	0.01170	0.07250	0.01677	0.04633	0.03493	0.29055	0.14523	0.01554	0.00917	0.00262	0.04425	0.03031	0.00582	0.00791
24	0.01428	0.01406	0.04520	0.28134	0.08814	0.01456	0.06684	0.01945	0.06083	0.02136	0.04581	0.10724	0.01801	0.00962	0.00862	0.00234	0.06043	0.00842	0.00433	0.10911
25	0.01474	0.01274	0.03843	0.07821	0.05859	0.01276	0.06272	0.09589	0.03113	0.04579	0.07617	0.03625	0.16875	0.07834	0.09543	0.00389	0.05112	0.00959	0.02129	0.00818
26	0.01712	0.01600	0.02534	0.06985	0.48558	0.01553	0.01868	0.02186	0.04262	0.02374	0.01410	0.01776	0.01168	0.00640	0.00680	0.00194	0.00784	0.00605	0.00389	0.18722
27	0.01638	0.01540	0.02378	0.02787	0.31598	0.01530	0.05135	0.01998	0.01511	0.02249	0.01312	0.01728	0.01124	0.00904	0.03875	0.00238	0.11494	0.00593	0.00378	0.25992
28	0.01604	0.01580	0.01542	0.01517	0.05154	0.17320	0.01075	0.01775	0.01388	0.01768	0.01652	0.02675	0.01626	0.20851	0.14294	0.00521	0.15519	0.00736	0.06705	0.00698

[dist]
# distance from previous block
# <min> <max>
0	2

[block]
# block no. 4 follows, 28 sequences, length 9
# corresponding to MSA columns:
# 542-550
name=unknown_E
#
# <colnr> <probs for GDERKNQSTAVLIFYWHMCP>
#	G	D	E	R	K	N	Q	S	T	A	V	L	I	F	Y	W	H	M	C	P
0	0.12052	0.02120	0.07857	0.01429	0.01858	0.24227	0.01206	0.05311	0.01848	0.11121	0.08025	0.02544	0.08372	0.01368	0.07281	0.00303	0.00963	0.00714	0.00530	0.00871
1	0.01750	0.14919	0.13207	0.01677	0.09809	0.01560	0.01385	0.05145	0.01614	0.06803	0.01460	0.01826	0.01218	0.06686	0.00852	0.00210	0.00736	0.00547	0.00427	0.28167
2	0.01109	0.07097	0.07229	0.01107	0.01365	0.00991	0.00917	0.01501	0.07334	0.02089	0.09265	0.38215	0.15546	0.01751	0.00835	0.00260	0.00505	0.01534	0.00629	0.00721
3	0.06626	0.07558	0.16395	0.03759	0.06625	0.07680	0.01549	0.06365	0.05753	0.02452	0.07639	0.05011	0.01994	0.01011	0.00863	0.00236	0.07581	0.05966	0.04029	0.00910
4	0.01699	0.01964	0.12453	0.05866	0.08362	0.05925	0.08896	0.06239	0.01702	0.02428	0.01339	0.01615	0.01058	0.00625	0.00643	0.00171	0.00816	0.00543	0.00408	0.37249
5	0.06185	0.06831	0.06801	0.02305	0.17083	0.11860	0.10959	0.05707	0.01816	0.12250	0.01649	0.01858	0.01243	0.00730	0.00675	0.00209	0.00875	0.00630	0.09327	0.01006
6	0.10384	0.06968	0.01209	0.00968	0.01193	0.01081	0.00712	0.01675	0.07670	0.05321	0.09627	0.13013	0.12370	0.22888	0.01607	0.00375	0.00559	0.01110	0.00579	0.00692
7	0.01599	0.03844	0.01622	0.07733	0.07763	0.10489	0.01149	0.05448	0.15714	0.02455	0.11472	0.08629	0.13484	0.01178	0.00755	0.00229	0.00664	0.00987	0.03916	0.00870
8	0.05223	0.03660	0.12683	0.11691	0.09589	0.01360	0.05653	0.01910	0.06548	0.02229	0.06949	0.09030	0.09483	0.01574	0.08929	0.00346	0.00893	0.00918	0.00473	0.00859

[dist]
# distance from previous block
# <min> <max>
33	186

[block]
# block no. 5 follows, 28 sequences, length 21
# corresponding to MSA columns:
# 808-828
name=unknown_F
#
# <colnr> <probs for GDERKNQSTAVLIFYWHMCP>
#	G	D	E	R	K	N	Q	S	T	A	V	L	I	F	Y	W	H	M	C	P
0	0.01717	0.06245	0.01962	0.01507	0.04489	0.04344	0.08085	0.11578	0.01965	0.05564	0.14868	0.02866	0.07876	0.01136	0.03888	0.00236	0.00727	0.00803	0.00563	0.19580
1	0.01161	0.01027	0.01156	0.01320	0.05964	0.06969	0.00863	0.01323	0.01491	0.01908	0.06689	0.43051	0.11426	0.07131	0.01153	0.00302	0.04223	0.01587	0.00597	0.00658
2	0.21726	0.07720	0.01877	0.06870	0.02089	0.01500	0.05818	0.04495	0.04377	0.02610	0.01297	0.01521	0.01038	0.00632	0.00563	0.00173	0.00660	0.00490	0.00436	0.34108
3	0.01936	0.02166	0.02175	0.01897	0.02012	0.23499	0.01533	0.02103	0.01404	0.01758	0.01006	0.01505	0.00949	0.01112	0.01854	0.00278	0.51082	0.00585	0.00335	0.00810
4	0.01268	0.01047	0.01239	0.01003	0.01442	0.00829	0.00772	0.01550	0.01591	0.02330	0.12811	0.13401	0.10367	0.01088	0.00681	0.00170	0.00472	0.00933	0.00551	0.46453
5	0.01040	0.00774	0.01142	0.01142	0.01263	0.00894	0.00876	0.01281	0.01160	0.01668	0.01971	0.02988	0.01875	0.10249	0.66854	0.01136	0.01861	0.00798	0.00393	0.00635
6	0.01823	0.02313	0.21663	0.04864	0.13795	0.04724	0.04365	0.13480	0.14233	0.02770	0.01899	0.05708	0.01548	0.00886	0.00738	0.00234	0.00869	0.02518	0.00501	0.01069
7	0.08737	0.01445	0.01974	0.04436	0.05142	0.06225	0.10280	0.02448	0.06223	0.19398	0.01957	0.02244	0.01497	0.02034	0.19495	0.00479	0.03802	0.00709	0.00537	0.00937
8	0.01458	0.03760	0.70688	0.02072	0.03146	0.01688	0.02686	0.02302	0.01535	0.02302	0.01304	0.01535	0.00921	0.00691	0.00691	0.00230	0.01074	0.00537	0.00307	0.01074
9	0.00884	0.00673	0.00814	0.00914	0.01031	0.00603	0.00634	0.01041	0.01515	0.01946	0.08463	0.47812	0.26873	0.02089	0.00901	0.00275	0.00400	0.01848	0.00681	0.00603
10	0.02166	0.07235	0.02314	0.02374	0.18327	0.34815	0.03671	0.05256	0.01878	0.02073	0.01548	0.07266	0.01435	0.01043	0.03263	0.00244	0.01079	0.02686	0.00415	0.00913
11	0.02470	0.14076	0.05144	0.01437	0.01954	0.07751	0.01236	0.21412	0.02210	0.21623	0.01911	0.02079	0.01435	0.05973	0.05798	0.00305	0.00875	0.00645	0.00614	0.01052
12	0.00907	0.00656	0.00863	0.01021	0.01086	0.00612	0.00707	0.01054	0.01432	0.01889	0.04214	0.64228	0.09016	0.02227	0.00929	0.00295	0.00438	0.07152	0.00674	0.00598
13	0.01559	0.07663	0.12259	0.03746	0.01962	0.10431	0.04135	0.06489	0.05182	0.02399	0.17141	0.03470	0.13857	0.03493	0.02871	0.00263	0.00779	0.00913	0.00544	0.00843
14	0.01541	0.01166	0.01179	0.01137	0.01226	0.12555	0.00795	0.01465	0.05579	0.01466	0.01351	0.02092	0.01271	0.02127	0.02338	0.60542	0.00741	0.00617	0.00353	0.00459
15	0.07995	0.01587	0.01879	0.11609	0.05334	0.01753	0.01359	0.33031	0.05761	0.06436	0.02097	0.08626	0.01797	0.01053	0.00748	0.00240	0.00745	0.06288	0.00632	0.01030
16	0.11205	0.04173	0.12844	0.03259	0.04269	0.02985	0.01231	0.01828	0.04376	0.03868	0.12451	0.07461	0.07124	0.02114	0.17210	0.00449	0.00964	0.00876	0.00504	0.00809
17	0.01985	0.12792	0.12204	0.01677	0.02193	0.24803	0.04274	0.04803	0.05855	0.02108	0.01818	0.01978	0.06933	0.00856	0.00800	0.00206	0.06834	0.00614	0.00416	0.06850
18	0.21765	0.10541	0.13353	0.02005	0.14503	0.14093	0.01534	0.02385	0.05831	0.02410	0.01324	0.01624	0.01090	0.03845	0.00734	0.00231	0.00865	0.00532	0.00399	0.00936
19	0.13463	0.10490	0.04836	0.01562	0.05808	0.01609	0.05178	0.02283	0.18093	0.02366	0.02051	0.12339	0.01881	0.01366	0.04183	0.06674	0.03610	0.00837	0.00502	0.00869
20	0.01607	0.24466	0.10054	0.06971	0.06592	0.03939	0.04268	0.01954	0.01602	0.04570	0.09368	0.06084	0.09667	0.01001	0.00775	0.00216	0.04733	0.00802	0.00453	0.00877

[dist]
# distance from previous block
# <min> <max>
8	28

[block]
# block no. 6 follows, 28 sequences, length 7
# corresponding to MSA columns:
# 869-875
name=unknown_G
#
# <colnr> <probs for GDERKNQSTAVLIFYWHMCP>
#	G	D	E	R	K	N	Q	S	T	A	V	L	I	F	Y	W	H	M	C	P
0	0.01101	0.00909	0.00920	0.00950	0.01071	0.05694	0.00658	0.01233	0.01452	0.01809	0.07646	0.18141	0.20431	0.27043	0.01856	0.00417	0.00587	0.06931	0.00579	0.00574
1	0.01753	0.13047	0.05589	0.05871	0.17109	0.01770	0.04081	0.06458	0.18194	0.04545	0.02154	0.12437	0.01914	0.00990	0.00721	0.00229	0.00733	0.00862	0.00526	0.01015
2	0.01236	0.01187	0.06456	0.01391	0.06401	0.00968	0.01057	0.01611	0.04206	0.02163	0.07753	0.17214	0.05950	0.04796	0.11026	0.00376	0.00776	0.06084	0.00530	0.18819
3	0.04985	0.07236	0.08800	0.02127	0.14071	0.07458	0.04233	0.17850	0.05449	0.02807	0.01648	0.05539	0.01377	0.00882	0.00834	0.00224	0.07147	0.00689	0.05631	0.01011
4	0.01493	0.05554	0.15815	0.01811	0.11625	0.03689	0.01445	0.08207	0.01759	0.02403	0.07858	0.17403	0.07532	0.01330	0.03114	0.00259	0.00753	0.01011	0.00514	0.06425
5	0.01984	0.08763	0.07219	0.01530	0.02114	0.14888	0.04867	0.06788	0.04444	0.06107	0.01415	0.01587	0.01118	0.00692	0.00690	0.00172	0.03780	0.00521	0.00450	0.30872
6	0.01613	0.05391	0.06132	0.08480	0.24980	0.01489	0.04094	0.02185	0.08695	0.04529	0.08783	0.02581	0.04689	0.04368	0.00858	0.00235	0.00742	0.00758	0.00478	0.08921

[dist]
# distance from previous block
# <min> <max>
7	26

[block]
# block no. 7 follows, 28 sequences, length 12
# corresponding to MSA columns:
# 902-913
name=unknown_H
#
# <colnr> <probs for GDERKNQSTAVLIFYWHMCP>
#	G	D	E	R	K	N	Q	S	T	A	V	L	I	F	Y	W	H	M	C	P
0	0.01053	0.00698	0.00919	0.00983	0.01083	0.00728	0.00710	0.01270	0.01329	0.01971	0.02833	0.29677	0.02988	0.06064	0.26054	0.00594	0.00957	0.01252	0.18213	0.00625
1	0.01475	0.01473	0.05789	0.07470	0.25096	0.01386	0.05604	0.02133	0.11456	0.02499	0.17042	0.03303	0.10139	0.01017	0.00775	0.00231	0.00695	0.00923	0.00541	0.00951
2	0.01030	0.00798	0.01066	0.10600	0.01616	0.00807	0.00885	0.01251	0.01486	0.01925	0.08069	0.22986	0.17474	0.12170	0.04121	0.00372	0.00619	0.11510	0.00590	0.00624
3	0.00931	0.00739	0.00836	0.00812	0.01026	0.00644	0.00609	0.01182	0.01826	0.02366	0.33640	0.06334	0.43097	0.01691	0.00858	0.00238	0.00358	0.01441	0.00728	0.00644
4	0.02060	0.16197	0.15094	0.02026	0.08462	0.14930	0.07989	0.10138	0.04395	0.05549	0.01571	0.05537	0.01302	0.00806	0.00681	0.00211	0.00950	0.00654	0.00444	0.01006
5	0.02047	0.15174	0.13584	0.01641	0.02201	0.18419	0.01495	0.07039	0.26090	0.02485	0.01838	0.01858	0.01417	0.00811	0.00663	0.00212	0.00880	0.00606	0.00507	0.01033
6	0.01418	0.01712	0.14897	0.02298	0.23089	0.01238	0.01582	0.01829	0.01562	0.02269	0.05749	0.18701	0.02261	0.01059	0.00732	0.00215	0.00703	0.00949	0.00462	0.17273
7	0.11718	0.15646	0.20450	0.04075	0.08535	0.08779	0.07049	0.05379	0.01674	0.05519	0.01308	0.01524	0.01006	0.00685	0.00631	0.00207	0.00915	0.00535	0.00394	0.03973
8	0.16078	0.22603	0.24761	0.01727	0.02464	0.05163	0.09557	0.05805	0.01611	0.02418	0.01206	0.01421	0.00939	0.00672	0.00605	0.00208	0.00912	0.00512	0.00367	0.00970
9	0.00900	0.00645	0.00833	0.00977	0.01026	0.00602	0.00646	0.01018	0.01375	0.01820	0.04027	0.63951	0.08090	0.08957	0.01182	0.00331	0.00445	0.01944	0.00653	0.00578
10	0.01642	0.01987	0.08908	0.16998	0.10902	0.15098	0.12091	0.02055	0.01695	0.02074	0.04673	0.05058	0.11804	0.00948	0.00761	0.00229	0.00943	0.00841	0.00425	0.00868
11	0.04635	0.05233	0.24218	0.06019	0.06353	0.08663	0.01821	0.16099	0.02044	0.13506	0.01599	0.01720	0.01140	0.00781	0.00739	0.00222	0.03035	0.00591	0.00504	0.01077

[dist]
# distance from previous block
# <min> <max>
5	21

[block]
# block no. 8 follows, 28 sequences, length 30
# corresponding to MSA columns:
# 935-964
name=unknown_I
#
# <colnr> <probs for GDERKNQSTAVLIFYWHMCP>
#	G	D	E	R	K	N	Q	S	T	A	V	L	I	F	Y	W	H	M	C	P
0	0.18474	0.04284	0.09749	0.02824	0.30779	0.11043	0.05085	0.05275	0.01685	0.02555	0.01265	0.01561	0.01016	0.00679	0.00650	0.00215	0.00894	0.00561	0.00391	0.01013
1	0.09871	0.06233	0.02086	0.08573	0.12880	0.18638	0.01440	0.09326	0.09145	0.06840	0.03248	0.02150	0.01489	0.00847	0.00685	0.00219	0.00871	0.03980	0.00506	0.00974
2	0.01537	0.01388	0.04981	0.01248	0.01519	0.06542	0.01044	0.04364	0.01516	0.02308	0.01882	0.02275	0.03736	0.01415	0.08639	0.00310	0.16151	0.00653	0.27716	0.10776
3	0.01885	0.18177	0.02340	0.08642	0.10352	0.04023	0.01325	0.14652	0.10430	0.02537	0.01660	0.02117	0.01416	0.10188	0.01033	0.00262	0.00773	0.00642	0.00480	0.07065
4	0.01210	0.01051	0.01538	0.02058	0.24012	0.00995	0.01158	0.01498	0.01691	0.02268	0.16865	0.15745	0.24187	0.01444	0.00823	0.00240	0.00537	0.01282	0.00594	0.00803
5	0.00932	0.00715	0.00857	0.00897	0.01060	0.00640	0.00658	0.01154	0.01699	0.02218	0.24070	0.25181	0.30075	0.01869	0.00886	0.00259	0.00392	0.05094	0.00711	0.00631
6	0.05919	0.01649	0.01914	0.01473	0.02041	0.01692	0.01217	0.35940	0.02727	0.34453	0.02227	0.02055	0.01475	0.00877	0.00718	0.00221	0.00708	0.00679	0.00795	0.01219
7	0.00911	0.00711	0.00821	0.00867	0.01032	0.00630	0.00628	0.01103	0.01623	0.02067	0.15529	0.25715	0.36913	0.04364	0.00980	0.00276	0.00403	0.04127	0.00686	0.00614
8	0.01823	0.50304	0.02990	0.01246	0.01769	0.02324	0.01175	0.08975	0.01728	0.02100	0.02112	0.02691	0.08780	0.00945	0.00600	0.00193	0.00723	0.08186	0.00437	0.00900
9	0.01249	0.00928	0.01129	0.01076	0.01278	0.00933	0.00801	0.08654	0.08192	0.02810	0.37650	0.24003	0.05245	0.01595	0.00852	0.00248	0.00436	0.01408	0.00751	0.00762
10	0.01279	0.02741	0.47388	0.01675	0.02443	0.01335	0.02002	0.01914	0.01590	0.02279	0.09626	0.10434	0.10103	0.01084	0.00754	0.00239	0.00842	0.00904	0.00443	0.00926
11	0.01386	0.01295	0.01793	0.01588	0.01630	0.01701	0.01287	0.01581	0.01350	0.02013	0.16083	0.10979	0.02681	0.01437	0.01884	0.00296	0.48853	0.00951	0.00464	0.00747
12	0.01866	0.09893	0.02295	0.01780	0.01932	0.17841	0.01462	0.02015	0.01358	0.01727	0.01014	0.01513	0.00963	0.01147	0.01811	0.04243	0.45442	0.00571	0.00330	0.00797
13	0.02128	0.06966	0.01963	0.01473	0.01907	0.01851	0.01214	0.40616	0.02525	0.03405	0.01759	0.02073	0.01408	0.02382	0.24343	0.00530	0.01181	0.00676	0.00584	0.01018
14	0.06375	0.01618	0.05537	0.04277	0.27912	0.06652	0.01519	0.02107	0.08113	0.02222	0.02091	0.02767	0.05834	0.10105	0.07647	0.00371	0.00909	0.02588	0.00441	0.00914
15	0.02036	0.02895	0.17578	0.02184	0.02757	0.30325	0.18301	0.02465	0.01743	0.02017	0.01275	0.01664	0.01034	0.03231	0.00966	0.00240	0.07410	0.00616	0.00355	0.00910
16	0.02305	0.01808	0.01923	0.01580	0.02079	0.02040	0.01271	0.36953	0.34707	0.03842	0.02328	0.02209	0.01708	0.00927	0.00733	0.00232	0.00692	0.00735	0.00733	0.01195
17	0.01041	0.00768	0.01115	0.01115	0.01227	0.00880	0.00843	0.01264	0.01153	0.01648	0.01995	0.03124	0.01934	0.15181	0.62003	0.01103	0.01772	0.00818	0.00397	0.00620
18	0.01428	0.01336	0.02195	0.45151	0.15111	0.01616	0.01877	0.01842	0.01417	0.01912	0.01346	0.01986	0.01098	0.01331	0.09284	0.00356	0.08872	0.00661	0.00336	0.00845
19	0.70353	0.01392	0.01120	0.00970	0.01443	0.01552	0.00796	0.02101	0.01269	0.03156	0.01045	0.01219	0.00821	0.00659	0.00460	0.00211	0.00559	0.00398	0.00448	0.10026
20	0.01047	0.00706	0.00790	0.00790	0.00802	0.00700	0.00446	0.01056	0.01087	0.01437	0.02547	0.04870	0.06031	0.70781	0.03556	0.00681	0.00688	0.01081	0.00452	0.00449
21	0.01479	0.01170	0.01317	0.01176	0.01484	0.01241	0.00911	0.09996	0.24491	0.03062	0.33144	0.04235	0.10749	0.01280	0.00803	0.00235	0.00477	0.01093	0.00759	0.00900
22	0.01763	0.01109	0.01165	0.01004	0.01284	0.01177	0.00775	0.22338	0.02065	0.03145	0.02165	0.02648	0.01758	0.09561	0.00955	0.00248	0.00527	0.00715	0.44773	0.00825
23	0.00904	0.00650	0.00882	0.01031	0.01083	0.00628	0.00702	0.01046	0.01365	0.01836	0.03763	0.65567	0.04454	0.02653	0.09283	0.00398	0.00602	0.01914	0.00641	0.00597
24	0.00919	0.00721	0.00832	0.00842	0.01029	0.00633	0.00617	0.01146	0.01743	0.02258	0.27239	0.17957	0.37874	0.01799	0.00870	0.00248	0.00369	0.01553	0.00716	0.00633
25	0.01439	0.01518	0.03140	0.02379	0.02883	0.01422	0.45060	0.01889	0.01608	0.02171	0.02317	0.25987	0.02339	0.01168	0.00881	0.00262	0.00957	0.01261	0.00470	0.00850
26	0.00925	0.00702	0.00846	0.00922	0.01058	0.00636	0.00664	0.01107	0.01563	0.02012	0.12104	0.33802	0.27597	0.05778	0.01047	0.00295	0.00431	0.07226	0.00676	0.00608
27	0.28274	0.01767	0.01743	0.01409	0.01926	0.01991	0.01155	0.37779	0.10797	0.03949	0.01652	0.01677	0.01209	0.00821	0.00636	0.00224	0.00693	0.00588	0.00636	0.01076
28	0.11530	0.01567	0.01600	0.01424	0.01849	0.01809	0.01117	0.06965	0.56831	0.03148	0.02653	0.02471	0.01990	0.00942	0.00703	0.00242	0.00585	0.00760	0.00703	0.01110
29	0.01777	0.01776	0.13925	0.19509	0.10232	0.01434	0.05115	0.05611	0.01698	0.10838	0.01631	0.01918	0.01204	0.00718	0.00679	0.00207	0.00814	0.00620	0.07687	0.12605

[dist]
# distance from previous block
# <min> <max>
0	5

[block]
# block no. 9 follows, 28 sequences, length 65
# corresponding to MSA columns:
# 970-984,991-996,1000-1004,1013-1020,1022-1052
name=unknown_J
#
# <colnr> <probs for GDERKNQSTAVLIFYWHMCP>
#	G	D	E	R	K	N	Q	S	T	A	V	L	I	F	Y	W	H	M	C	P
0	0.09129	0.14376	0.19721	0.05797	0.05482	0.01737	0.07728	0.02319	0.05281	0.08551	0.01549	0.01804	0.01194	0.01202	0.08113	0.00313	0.00977	0.00595	0.00422	0.03710
1	0.01446	0.06035	0.12606	0.02169	0.21033	0.01396	0.01517	0.01848	0.01593	0.02323	0.11293	0.04943	0.07227	0.01146	0.03200	0.00254	0.06750	0.00823	0.11506	0.00892
2	0.02110	0.59444	0.03431	0.01380	0.01948	0.17725	0.01279	0.02334	0.01603	0.01725	0.01035	0.01197	0.00934	0.00649	0.00507	0.00162	0.00893	0.00406	0.00325	0.00913
3	0.01080	0.00739	0.01055	0.01055	0.01136	0.00820	0.00767	0.01190	0.01108	0.01559	0.01900	0.03131	0.01890	0.18926	0.46173	0.14251	0.01472	0.00810	0.00387	0.00550
4	0.00891	0.00722	0.00782	0.00799	0.00998	0.00623	0.00582	0.01080	0.01650	0.02049	0.14497	0.15960	0.50596	0.04296	0.00964	0.00266	0.00384	0.01564	0.00683	0.00614
5	0.00899	0.00738	0.00791	0.00778	0.01006	0.00630	0.00583	0.01120	0.01750	0.02185	0.21861	0.06630	0.54989	0.01758	0.00859	0.00242	0.00362	0.01483	0.00704	0.00630
6	0.01943	0.74891	0.03809	0.01244	0.01866	0.02876	0.01244	0.02177	0.01477	0.01710	0.01011	0.01166	0.00933	0.00622	0.00466	0.00155	0.00777	0.00389	0.00311	0.00933
7	0.01664	0.01303	0.01519	0.01139	0.01712	0.01089	0.00910	0.06910	0.05612	0.06340	0.08688	0.02060	0.01802	0.00709	0.00608	0.00143	0.00544	0.00579	0.00535	0.56133
8	0.01089	0.00759	0.00864	0.00875	0.00912	0.00771	0.00527	0.01261	0.06163	0.01595	0.02584	0.14428	0.02918	0.58709	0.03085	0.00612	0.00655	0.01183	0.00496	0.00515
9	0.04594	0.08608	0.08954	0.01989	0.10495	0.22509	0.01533	0.12714	0.01988	0.05838	0.01350	0.01539	0.01062	0.00753	0.00747	0.00200	0.05115	0.00536	0.00447	0.09029
10	0.00970	0.00731	0.00916	0.01031	0.01177	0.00677	0.00797	0.01181	0.01566	0.01993	0.05010	0.31722	0.24955	0.02053	0.00931	0.00292	0.00485	0.22218	0.00673	0.00623
11	0.01057	0.00705	0.00793	0.00793	0.00793	0.00705	0.00440	0.01057	0.01057	0.01409	0.02290	0.04757	0.02643	0.74454	0.03700	0.00705	0.00705	0.01057	0.00440	0.00440
12	0.13570	0.12837	0.29421	0.01600	0.02275	0.07584	0.01718	0.02341	0.05792	0.04653	0.05387	0.01794	0.01397	0.00943	0.03179	0.00252	0.03317	0.00571	0.00414	0.00955
13	0.01641	0.09940	0.23506	0.02299	0.13618	0.01853	0.07333	0.04954	0.01512	0.02154	0.01270	0.01690	0.01051	0.01084	0.03547	0.06157	0.14490	0.00605	0.00345	0.00948
14	0.01006	0.00738	0.00969	0.01110	0.01239	0.00701	0.00871	0.01232	0.01557	0.02012	0.04479	0.34579	0.14985	0.02090	0.00950	0.00304	0.00521	0.29358	0.00672	0.00628
15	0.01686	0.01605	0.01833	0.03635	0.01904	0.12385	0.04784	0.05843	0.05825	0.02047	0.03720	0.02086	0.01457	0.01967	0.14130	0.10229	0.18063	0.00670	0.00417	0.05715
16	0.01388	0.01391	0.11179	0.12575	0.07526	0.01104	0.03677	0.01764	0.01624	0.08448	0.09632	0.21013	0.09411	0.01368	0.00817	0.00254	0.00679	0.04756	0.00567	0.00825
17	0.00886	0.00633	0.00843	0.01012	0.01054	0.00590	0.00675	0.01012	0.01392	0.01856	0.04006	0.73979	0.04808	0.02277	0.00928	0.00295	0.00422	0.02066	0.00675	0.00590
18	0.02715	0.03464	0.02060	0.01873	0.02247	0.71536	0.01404	0.02903	0.02060	0.01779	0.01124	0.01311	0.00936	0.00749	0.00655	0.00187	0.01311	0.00468	0.00375	0.00843
19	0.01567	0.07271	0.47755	0.12060	0.03143	0.01690	0.02283	0.02339	0.04881	0.05654	0.03689	0.01804	0.01232	0.00743	0.00692	0.00228	0.00970	0.00593	0.00377	0.01027
20	0.00931	0.00702	0.00861	0.00899	0.01046	0.00632	0.00645	0.01154	0.01712	0.02278	0.29203	0.29975	0.23588	0.01863	0.00883	0.00257	0.00378	0.01640	0.00721	0.00632
21	0.01780	0.01529	0.01623	0.01473	0.01873	0.01765	0.01151	0.03757	0.65615	0.03002	0.02998	0.02957	0.02307	0.01032	0.00751	0.00250	0.00579	0.03691	0.00737	0.01129
22	0.02293	0.01453	0.01658	0.01417	0.01879	0.01561	0.01123	0.03756	0.46392	0.25541	0.02928	0.02633	0.02079	0.00957	0.00737	0.00239	0.00590	0.00791	0.00793	0.01179
23	0.02223	0.49066	0.03177	0.01471	0.02004	0.27701	0.01302	0.02439	0.01688	0.01735	0.01051	0.01218	0.00934	0.00668	0.00535	0.00167	0.00970	0.00417	0.00334	0.00900
24	0.01507	0.01292	0.01507	0.01077	0.01723	0.00969	0.00861	0.01830	0.01507	0.02369	0.01292	0.01507	0.01077	0.00538	0.00538	0.00108	0.00538	0.00431	0.00431	0.78898
25	0.01803	0.01968	0.05487	0.25779	0.31017	0.14717	0.01971	0.02221	0.01656	0.02104	0.01328	0.01771	0.01066	0.00701	0.00702	0.00218	0.00973	0.00610	0.02946	0.00963
26	0.00859	0.00736	0.00736	0.00736	0.00982	0.00614	0.00552	0.01043	0.01657	0.01964	0.07364	0.06996	0.69624	0.01841	0.00859	0.00245	0.00368	0.01534	0.00675	0.00614
27	0.00886	0.00633	0.00843	0.01012	0.01054	0.00590	0.00675	0.01012	0.01392	0.01856	0.04006	0.73979	0.04808	0.02277	0.00928	0.00295	0.00422	0.02066	0.00675	0.00590
28	0.01799	0.01727	0.02950	0.04462	0.69919	0.01727	0.02231	0.02231	0.01655	0.02375	0.01367	0.01799	0.01151	0.00648	0.00720	0.00216	0.00864	0.00648	0.00360	0.01151
29	0.00936	0.00736	0.00845	0.00824	0.01031	0.00645	0.00616	0.01189	0.01829	0.02387	0.35115	0.08265	0.39602	0.01695	0.00860	0.00239	0.00358	0.01451	0.00731	0.00645
30	0.01185	0.00884	0.01082	0.01139	0.01282	0.00915	0.00857	0.01704	0.13541	0.02120	0.06947	0.21624	0.03766	0.18558	0.01552	0.00389	0.00585	0.20546	0.00638	0.00686
31	0.01429	0.01353	0.01917	0.01692	0.01730	0.01841	0.01391	0.01617	0.01129	0.01731	0.01244	0.01960	0.01206	0.02494	0.22611	0.00567	0.52317	0.00678	0.00339	0.00752
32	0.56945	0.01682	0.01525	0.01708	0.14314	0.09003	0.01122	0.02235	0.01402	0.02940	0.01090	0.01310	0.00871	0.00678	0.00522	0.00219	0.00697	0.00449	0.00425	0.00861
33	0.02851	0.01624	0.01877	0.01451	0.01994	0.01676	0.01195	0.37755	0.02757	0.29987	0.02228	0.02100	0.01502	0.00881	0.00712	0.00217	0.00695	0.00686	0.06618	0.01195
34	0.01894	0.28070	0.25335	0.01886	0.09902	0.02041	0.01788	0.04975	0.04008	0.08532	0.01469	0.01616	0.01127	0.00705	0.00615	0.00200	0.00847	0.00535	0.03413	0.01042
35	0.02414	0.02421	0.02130	0.01771	0.02211	0.29975	0.06241	0.26875	0.02410	0.02850	0.01515	0.01812	0.01218	0.03772	0.08793	0.00331	0.01164	0.00622	0.00510	0.00966
36	0.01818	0.53241	0.03006	0.01176	0.01686	0.02250	0.01100	0.02047	0.01555	0.06952	0.05567	0.09493	0.05693	0.00934	0.00579	0.00185	0.00681	0.00707	0.00441	0.00888
37	0.00988	0.00812	0.00879	0.00849	0.01090	0.00739	0.00641	0.01380	0.07717	0.02310	0.23346	0.06202	0.47099	0.01671	0.00848	0.00241	0.00380	0.01413	0.00714	0.00680
38	0.00979	0.00862	0.03178	0.00927	0.01162	0.00689	0.00704	0.01186	0.01554	0.02032	0.09521	0.28800	0.31001	0.04201	0.00936	0.00261	0.00438	0.01527	0.00636	0.09406
39	0.01198	0.00663	0.00950	0.00944	0.00973	0.00666	0.00638	0.01033	0.01100	0.01495	0.09084	0.02887	0.02077	0.10195	0.07856	0.55988	0.00705	0.00764	0.00389	0.00395
40	0.00936	0.00663	0.00875	0.01026	0.01078	0.00630	0.00706	0.01072	0.01388	0.01845	0.03808	0.59315	0.04510	0.09840	0.01228	0.00343	0.00479	0.09026	0.00650	0.00583
41	0.01716	0.01961	0.04289	0.03064	0.03799	0.01838	0.67279	0.02328	0.01716	0.02328	0.01471	0.01961	0.01103	0.00613	0.00858	0.00245	0.01225	0.00858	0.00368	0.00980
42	0.01497	0.01419	0.02405	0.52757	0.23982	0.01648	0.02081	0.01966	0.01512	0.02009	0.01314	0.01897	0.01022	0.00704	0.00725	0.00235	0.00938	0.00646	0.00334	0.00908
43	0.01943	0.74891	0.03809	0.01244	0.01866	0.02876	0.01244	0.02177	0.01477	0.01710	0.01011	0.01166	0.00933	0.00622	0.00466	0.00155	0.00777	0.00389	0.00311	0.00933
44	0.01057	0.00705	0.00793	0.00793	0.00793	0.00705	0.00440	0.01057	0.01057	0.01409	0.02290	0.04757	0.02643	0.74454	0.03700	0.00705	0.00705	0.01057	0.00440	0.00440
45	0.20652	0.02001	0.01913	0.01521	0.02056	0.07519	0.01245	0.47229	0.02804	0.04055	0.01526	0.01580	0.01108	0.00817	0.00657	0.00217	0.00784	0.00579	0.00635	0.01101
46	0.00966	0.00741	0.00885	0.00849	0.01047	0.00659	0.00636	0.01250	0.01909	0.02563	0.46506	0.06010	0.30108	0.01618	0.00858	0.00235	0.00352	0.01396	0.00754	0.00659
47	0.01040	0.00773	0.01139	0.01139	0.01259	0.00893	0.00872	0.01279	0.01160	0.01666	0.01974	0.03004	0.01882	0.10840	0.66273	0.01132	0.01850	0.00801	0.00393	0.00633
48	0.00995	0.00719	0.00859	0.00852	0.00969	0.00670	0.00581	0.01177	0.01597	0.02155	0.30404	0.11826	0.16449	0.25515	0.01795	0.00394	0.00473	0.01339	0.00649	0.00584
49	0.01011	0.00742	0.00947	0.00896	0.01075	0.00678	0.00672	0.01337	0.02015	0.02815	0.62995	0.05595	0.13462	0.01523	0.00858	0.00230	0.00346	0.01338	0.00787	0.00678
50	0.02715	0.03464	0.02060	0.01873	0.02247	0.71536	0.01404	0.02903	0.02060	0.01779	0.01124	0.01311	0.00936	0.00749	0.00655	0.00187	0.01311	0.00468	0.00375	0.00843
51	0.01056	0.00790	0.01009	0.01102	0.01261	0.00764	0.00869	0.01401	0.05208	0.02192	0.12802	0.25637	0.15336	0.01934	0.00926	0.00291	0.00504	0.25558	0.00692	0.00666
52	0.00999	0.00714	0.00776	0.00776	0.00848	0.00678	0.00473	0.01053	0.01232	0.01571	0.03773	0.05411	0.22223	0.53227	0.02869	0.00570	0.00606	0.01197	0.00509	0.00491
53	0.01943	0.74891	0.03809	0.01244	0.01866	0.02876	0.01244	0.02177	0.01477	0.01710	0.01011	0.01166	0.00933	0.00622	0.00466	0.00155	0.00777	0.00389	0.00311	0.00933
54	0.01533	0.01309	0.01390	0.01291	0.01632	0.01456	0.00989	0.03035	0.49007	0.02715	0.03893	0.11011	0.15104	0.01282	0.00782	0.00251	0.00520	0.01086	0.00721	0.00991
55	0.13203	0.01233	0.01497	0.11412	0.05043	0.01321	0.01113	0.14197	0.01873	0.11447	0.02298	0.18527	0.02100	0.01137	0.00706	0.00235	0.00625	0.00952	0.10192	0.00889
56	0.01354	0.01340	0.07237	0.03845	0.12666	0.01121	0.11021	0.01744	0.01754	0.05422	0.21839	0.11264	0.13848	0.01253	0.00821	0.00239	0.00655	0.01149	0.00586	0.00840
57	0.02704	0.01073	0.01392	0.01113	0.01561	0.00954	0.00905	0.03002	0.01918	0.50629	0.02723	0.02543	0.01818	0.00884	0.00666	0.00209	0.00537	0.00715	0.23581	0.01073
58	0.03025	0.01311	0.01690	0.01310	0.01833	0.01210	0.01066	0.12476	0.02195	0.55866	0.02664	0.02541	0.01782	0.06404	0.00953	0.00260	0.00651	0.00745	0.00841	0.01177
59	0.01698	0.19308	0.10796	0.27793	0.12434	0.09255	0.01822	0.02116	0.01568	0.01942	0.01453	0.01817	0.03621	0.00732	0.00657	0.00211	0.00935	0.00588	0.00342	0.00912
60	0.01387	0.00903	0.01083	0.01005	0.01232	0.00902	0.00752	0.01916	0.11838	0.09234	0.25433	0.06596	0.09811	0.09829	0.06408	0.00352	0.00571	0.01091	0.08888	0.00770
61	0.00886	0.00633	0.00843	0.01012	0.01054	0.00590	0.00675	0.01012	0.01392	0.01856	0.04006	0.73979	0.04808	0.02277	0.00928	0.00295	0.00422	0.02066	0.00675	0.00590
62	0.04911	0.02231	0.01784	0.01645	0.04947	0.32671	0.01218	0.06515	0.04319	0.16931	0.01786	0.01900	0.01342	0.01151	0.05973	0.00273	0.01020	0.00597	0.07843	0.00943
63	0.01199	0.00923	0.01080	0.01054	0.01263	0.00925	0.00780	0.06519	0.11602	0.02563	0.23543	0.26629	0.15751	0.01677	0.00853	0.00254	0.00440	0.01467	0.00725	0.00753
64	0.01676	0.03852	0.01994	0.09869	0.16642	0.01309	0.01319	0.03973	0.01612	0.05049	0.01375	0.01652	0.01109	0.00610	0.00609	0.00155	0.00675	0.00518	0.00427	0.45574

[dist]
# distance from previous block
# <min> <max>
0	2

[block]
# block no. 10 follows, 28 sequences, length 25
# corresponding to MSA columns:
# 1055-1079
name=unknown_K
#
# <colnr> <probs for GDERKNQSTAVLIFYWHMCP>
#	G	D	E	R	K	N	Q	S	T	A	V	L	I	F	Y	W	H	M	C	P
0	0.02144	0.01946	0.04317	0.05278	0.10069	0.18484	0.05620	0.02441	0.01688	0.15821	0.01654	0.02019	0.01313	0.04671	0.07247	0.00329	0.09866	0.00651	0.00474	0.03966
1	0.02763	0.02036	0.02182	0.01672	0.02254	0.02254	0.01382	0.67496	0.03418	0.04581	0.01745	0.01745	0.01236	0.00873	0.00727	0.00218	0.00800	0.00654	0.00727	0.01236
2	0.00882	0.00647	0.00829	0.00974	0.01044	0.00594	0.00658	0.01016	0.01428	0.01870	0.04466	0.64806	0.13684	0.02218	0.00918	0.00288	0.00414	0.01994	0.00675	0.00594
3	0.04486	0.05036	0.01912	0.01669	0.09081	0.09516	0.01207	0.10464	0.01965	0.20687	0.01923	0.04811	0.01511	0.00834	0.00670	0.00193	0.00727	0.02716	0.00590	0.19999
4	0.01869	0.01919	0.01782	0.01878	0.10954	0.24936	0.01282	0.07799	0.01745	0.02101	0.01588	0.02090	0.01381	0.02657	0.29431	0.00591	0.01430	0.00642	0.03092	0.00835
5	0.00883	0.00645	0.00831	0.00980	0.01046	0.00593	0.00661	0.01016	0.01422	0.01868	0.04396	0.66201	0.12335	0.02227	0.00920	0.00289	0.00416	0.02005	0.00675	0.00593
6	0.00948	0.00707	0.00884	0.00925	0.01068	0.00643	0.00671	0.01181	0.01726	0.02316	0.31055	0.29709	0.19531	0.01856	0.00887	0.00259	0.00387	0.03886	0.00725	0.00637
7	0.01818	0.09504	0.02392	0.05488	0.06589	0.07271	0.08304	0.11956	0.01712	0.02262	0.01510	0.02357	0.01404	0.11020	0.01556	0.00311	0.19589	0.03662	0.00426	0.00870
8	0.01900	0.02101	0.01841	0.01912	0.10995	0.29741	0.03268	0.02266	0.06924	0.01988	0.04553	0.04679	0.07834	0.08974	0.05402	0.00325	0.03224	0.00789	0.00458	0.00824
9	0.01034	0.00763	0.01107	0.01115	0.01225	0.00869	0.00841	0.01255	0.01165	0.01661	0.02084	0.06380	0.02057	0.13741	0.60005	0.01071	0.01725	0.00872	0.00409	0.00621
10	0.01106	0.00683	0.00771	0.00805	0.00860	0.00674	0.00506	0.01225	0.01254	0.01861	0.02658	0.18095	0.02861	0.39479	0.02255	0.00474	0.00546	0.01154	0.22197	0.00537
11	0.14090	0.07759	0.02213	0.01972	0.09205	0.31487	0.02895	0.08882	0.01858	0.02347	0.01172	0.01424	0.00972	0.00792	0.00845	0.00214	0.10038	0.00518	0.00407	0.00909
12	0.01159	0.00933	0.01195	0.01316	0.08386	0.00907	0.00864	0.01652	0.09588	0.02562	0.35728	0.08338	0.18716	0.04289	0.00943	0.00255	0.00448	0.01260	0.00700	0.00759
13	0.01833	0.11512	0.11116	0.07542	0.10792	0.11406	0.07607	0.09056	0.01798	0.02281	0.01981	0.02221	0.08988	0.00889	0.00864	0.00224	0.07832	0.00697	0.00418	0.00942
14	0.01340	0.00897	0.01213	0.01358	0.08439	0.00825	0.00915	0.01607	0.01760	0.10856	0.20384	0.18089	0.19479	0.01609	0.00856	0.00254	0.00488	0.08162	0.00700	0.00768
15	0.12950	0.30310	0.02588	0.01508	0.01987	0.35885	0.01259	0.02522	0.01726	0.01956	0.01065	0.01238	0.00915	0.00691	0.00555	0.00180	0.01006	0.00428	0.00361	0.00869
16	0.01876	0.01628	0.02428	0.05317	0.41417	0.01688	0.01789	0.16617	0.04056	0.02799	0.01859	0.11704	0.01698	0.00934	0.00751	0.00229	0.00783	0.00849	0.00495	0.01083
17	0.01974	0.10169	0.02616	0.11748	0.14599	0.01887	0.09808	0.13517	0.13474	0.06324	0.01743	0.01933	0.01324	0.00755	0.00704	0.00216	0.00823	0.00668	0.00510	0.05208
18	0.09743	0.09620	0.01553	0.01191	0.01460	0.01363	0.00964	0.10545	0.01558	0.02268	0.01958	0.03147	0.01885	0.12664	0.29513	0.00670	0.01206	0.07472	0.00469	0.00751
19	0.01701	0.01928	0.03325	0.02484	0.03032	0.09806	0.43511	0.02158	0.01684	0.02153	0.02183	0.02535	0.10452	0.00867	0.00997	0.00246	0.08758	0.00882	0.00405	0.00894
20	0.09539	0.09512	0.01354	0.01109	0.01336	0.01190	0.00836	0.01790	0.13711	0.02209	0.03271	0.42292	0.05815	0.01662	0.00786	0.00261	0.00504	0.01446	0.00621	0.00755
21	0.02598	0.01326	0.01618	0.01299	0.01774	0.01278	0.01049	0.19898	0.02312	0.37773	0.03214	0.10404	0.09847	0.01148	0.00766	0.00233	0.00617	0.00946	0.00804	0.01096
22	0.02018	0.46253	0.02968	0.01361	0.01858	0.20344	0.01209	0.02254	0.01707	0.01893	0.10425	0.01787	0.01745	0.00773	0.00569	0.00174	0.00856	0.00536	0.00394	0.00876
23	0.01584	0.00861	0.01175	0.01088	0.01251	0.00836	0.00808	0.05905	0.01359	0.09020	0.01769	0.02853	0.01644	0.02043	0.02101	0.50602	0.00640	0.08108	0.00455	0.05899
24	0.01403	0.01173	0.01738	0.37369	0.03243	0.01370	0.01477	0.10451	0.01671	0.02205	0.02089	0.19540	0.02037	0.01672	0.09003	0.00359	0.00927	0.01008	0.00471	0.00794

[dist]
# distance from previous block
