[name]
unknown

[dist]
# distance from previous block
# <min> <max>
6	18

[block]
# block no. 0 follows, 28 sequences, length 38
# corresponding to MSA columns:
# 20-57
name=unknown_A
#
# <colnr> <probs for GDERKNQSTAVLIFYWHMCP>
#	G	D	E	R	K	N	Q	S	T	A	V	L	I	F	Y	W	H	M	C	P
0	0.07500	0.01858	0.02023	0.01613	0.02092	0.08818	0.05103	0.23052	0.09817	0.06113	0.01629	0.01759	0.01243	0.00838	0.00885	0.00214	0.09829	0.00612	0.00559	0.14444
1	0.02201	0.02034	0.15364	0.04618	0.02462	0.01634	0.06009	0.20747	0.07178	0.15476	0.01847	0.01895	0.01306	0.00774	0.00701	0.00209	0.00798	0.00636	0.00590	0.13523
2	0.02099	0.01320	0.01601	0.01176	0.01794	0.01075	0.00953	0.06260	0.01790	0.22542	0.01783	0.01806	0.01299	0.00665	0.00606	0.00149	0.00578	0.00532	0.00587	0.51385
3	0.01475	0.01183	0.01433	0.01198	0.01592	0.01117	0.03642	0.13355	0.04992	0.02759	0.14941	0.08157	0.16944	0.01261	0.00771	0.00216	0.00548	0.05369	0.00641	0.18406
4	0.01029	0.01021	0.07956	0.01179	0.01382	0.00766	0.00974	0.01276	0.01462	0.01986	0.03548	0.50998	0.04090	0.01969	0.00894	0.00285	0.00537	0.12781	0.00623	0.05244
5	0.01355	0.00678	0.00678	0.00678	0.00847	0.00678	0.00508	0.01694	0.01524	0.02710	0.02371	0.02710	0.01863	0.00847	0.00508	0.00169	0.00339	0.00678	0.78489	0.00678
6	0.02167	0.03735	0.12063	0.02416	0.24020	0.01424	0.01651	0.06005	0.01833	0.24539	0.02187	0.10991	0.01785	0.00951	0.00739	0.00229	0.00753	0.00830	0.00586	0.01097
7	0.10438	0.03258	0.01960	0.01781	0.02163	0.64513	0.01342	0.02826	0.01977	0.01928	0.01112	0.01298	0.00921	0.00742	0.00635	0.00191	0.01236	0.00461	0.00382	0.00837
8	0.13777	0.03102	0.01950	0.01837	0.04663	0.58828	0.01346	0.02767	0.01926	0.02015	0.01117	0.01310	0.00923	0.00735	0.00628	0.00194	0.01186	0.00464	0.00385	0.00846
9	0.01355	0.00678	0.00678	0.00678	0.00847	0.00678	0.00508	0.01694	0.01524	0.02710	0.02371	0.02710	0.01863	0.00847	0.00508	0.00169	0.00339	0.00678	0.78489	0.00678
10	0.79588	0.01406	0.01068	0.00956	0.01406	0.01631	0.00787	0.02137	0.01237	0.03261	0.01012	0.01181	0.00787	0.00675	0.00450	0.00225	0.00562	0.00394	0.00450	0.00787
11	0.01057	0.00705	0.00793	0.00793	0.00793	0.00705	0.00440	0.01057	0.01057	0.01409	0.02290	0.04757	0.02643	0.74454	0.03700	0.00705	0.00705	0.01057	0.00440	0.00440
12	0.01094	0.00761	0.01083	0.01083	0.01219	0.00868	0.00839	0.01367	0.01230	0.01866	0.02021	0.02830	0.01825	0.04650	0.59198	0.00994	0.01667	0.00761	0.13990	0.00654
13	0.79588	0.01406	0.01068	0.00956	0.01406	0.01631	0.00787	0.02137	0.01237	0.03261	0.01012	0.01181	0.00787	0.00675	0.00450	0.00225	0.00562	0.00394	0.00450	0.00787
14	0.02730	0.03013	0.02098	0.01809	0.02249	0.49633	0.01397	0.23323	0.02489	0.02665	0.01320	0.01448	0.01031	0.00788	0.00678	0.00197	0.01149	0.00527	0.00486	0.00967
15	0.02006	0.01318	0.01629	0.05444	0.01981	0.01101	0.01010	0.05773	0.01750	0.19495	0.01711	0.01788	0.01260	0.00658	0.00608	0.00151	0.00598	0.00531	0.00558	0.50632
16	0.03002	0.01295	0.01679	0.01327	0.01862	0.01200	0.01083	0.03600	0.13962	0.58389	0.02884	0.02517	0.01874	0.00915	0.00733	0.00229	0.00611	0.00747	0.00871	0.01222
17	0.02462	0.02933	0.01944	0.01763	0.02148	0.52078	0.01334	0.03171	0.20630	0.02131	0.01636	0.01702	0.01294	0.00815	0.00679	0.00204	0.01106	0.00567	0.00476	0.00929
18	0.01938	0.20807	0.14533	0.10721	0.06266	0.22673	0.04403	0.02315	0.01672	0.01922	0.01344	0.05705	0.01182	0.00783	0.00651	0.00204	0.01014	0.00602	0.00357	0.00909
19	0.10438	0.03258	0.01960	0.01781	0.02163	0.64513	0.01342	0.02826	0.01977	0.01928	0.01112	0.01298	0.00921	0.00742	0.00635	0.00191	0.01236	0.00461	0.00382	0.00837
20	0.00931	0.00671	0.00915	0.01035	0.01095	0.00671	0.00715	0.01081	0.01321	0.01791	0.03431	0.53512	0.03991	0.07241	0.17389	0.00521	0.00790	0.01710	0.00595	0.00595
21	0.01355	0.00678	0.00678	0.00678	0.00847	0.00678	0.00508	0.01694	0.01524	0.02710	0.02371	0.02710	0.01863	0.00847	0.00508	0.00169	0.00339	0.00678	0.78489	0.00678
22	0.02763	0.02036	0.02182	0.01672	0.02254	0.02254	0.01382	0.67496	0.03418	0.04581	0.01745	0.01745	0.01236	0.00873	0.00727	0.00218	0.00800	0.00654	0.00727	0.01236
23	0.01722	0.01628	0.02752	0.04105	0.63004	0.01623	0.02076	0.02145	0.01696	0.02429	0.08215	0.02164	0.01725	0.00732	0.00733	0.00217	0.00811	0.00715	0.00404	0.01105
24	0.01355	0.00678	0.00678	0.00678	0.00847	0.00678	0.00508	0.01694	0.01524	0.02710	0.02371	0.02710	0.01863	0.00847	0.00508	0.00169	0.00339	0.00678	0.78489	0.00678
25	0.01040	0.00773	0.01137	0.01137	0.01257	0.00892	0.00870	0.01278	0.01159	0.01665	0.01975	0.03012	0.01885	0.11115	0.66003	0.01130	0.01845	0.00802	0.00394	0.00632
26	0.01551	0.01477	0.02518	0.29377	0.32269	0.01611	0.05788	0.01993	0.01600	0.02206	0.08003	0.02207	0.01631	0.00783	0.00813	0.00233	0.03876	0.00724	0.00388	0.00953
27	0.01643	0.26946	0.42047	0.01899	0.02791	0.02094	0.08701	0.02263	0.01534	0.02110	0.01225	0.01456	0.00943	0.00660	0.00634	0.00207	0.00992	0.00521	0.00314	0.01018
28	0.01619	0.01318	0.01965	0.08722	0.02139	0.01476	0.11008	0.09914	0.01561	0.05757	0.01762	0.02874	0.01668	0.25987	0.05175	0.00450	0.14550	0.00826	0.00453	0.00777
29	0.01130	0.01001	0.04408	0.01281	0.01518	0.00852	0.08267	0.01432	0.03839	0.04557	0.04084	0.44014	0.14949	0.01841	0.00886	0.00275	0.00553	0.03774	0.00634	0.00706
30	0.01886	0.02287	0.21270	0.05706	0.34521	0.01748	0.04882	0.10476	0.01861	0.06250	0.01479	0.01768	0.01125	0.00702	0.00719	0.00223	0.00919	0.00632	0.00419	0.01126
31	0.11934	0.01493	0.02016	0.17426	0.17039	0.01615	0.01520	0.11337	0.08441	0.13963	0.04811	0.02106	0.01544	0.00811	0.00698	0.00228	0.00748	0.00677	0.00559	0.01035
32	0.02073	0.06103	0.06772	0.02856	0.19214	0.14588	0.25810	0.02523	0.01779	0.09045	0.01489	0.01789	0.01135	0.00680	0.00745	0.00220	0.01060	0.00681	0.00414	0.01025
33	0.05017	0.01815	0.02131	0.02171	0.17339	0.06357	0.01446	0.28467	0.05350	0.12746	0.01856	0.04338	0.01418	0.00845	0.00708	0.00214	0.00776	0.00686	0.00617	0.05703
34	0.04412	0.01388	0.01920	0.01917	0.13525	0.01389	0.05727	0.12614	0.07497	0.11326	0.14146	0.07083	0.02591	0.01195	0.03858	0.00263	0.00716	0.00876	0.00625	0.06931
35	0.01981	0.01959	0.11150	0.01940	0.11492	0.06569	0.01486	0.17052	0.12693	0.06941	0.02107	0.11280	0.01803	0.00983	0.00729	0.00223	0.00765	0.00821	0.00576	0.07451
36	0.12524	0.10807	0.04355	0.01312	0.01762	0.13991	0.01113	0.06874	0.04167	0.14928	0.04577	0.02775	0.08759	0.00983	0.00670	0.00216	0.00738	0.04531	0.03998	0.00918
37	0.02146	0.12839	0.05601	0.04670	0.09196	0.06210	0.10269	0.15759	0.09035	0.10280	0.01858	0.05709	0.01478	0.00846	0.00711	0.00220	0.00846	0.00726	0.00542	0.01057

[dist]
# distance from previous block
# <min> <max>
3	4

[block]
# block no. 1 follows, 28 sequences, length 6
# corresponding to MSA columns:
# 62-67
name=unknown_B
#
# <colnr> <probs for GDERKNQSTAVLIFYWHMCP>
#	G	D	E	R	K	N	Q	S	T	A	V	L	I	F	Y	W	H	M	C	P
0	0.05884	0.09735	0.02091	0.01799	0.10647	0.13991	0.01281	0.11778	0.05486	0.08499	0.10691	0.02169	0.01951	0.00861	0.00731	0.00203	0.03266	0.00664	0.00545	0.07728
1	0.01762	0.06707	0.05082	0.01332	0.01787	0.06015	0.04399	0.06772	0.10058	0.09537	0.05978	0.03193	0.13254	0.01257	0.04307	0.00259	0.00727	0.02732	0.04605	0.10237
2	0.09228	0.04944	0.02153	0.01998	0.12737	0.07504	0.08158	0.06984	0.04481	0.18625	0.01999	0.07110	0.01612	0.01325	0.07595	0.00316	0.00908	0.00760	0.00562	0.01001
3	0.01914	0.07000	0.09184	0.06443	0.02126	0.01562	0.01281	0.16441	0.10072	0.09809	0.02264	0.07139	0.04772	0.06006	0.00907	0.00247	0.00709	0.00784	0.00580	0.10759
4	0.05879	0.05586	0.05690	0.07021	0.11090	0.06955	0.04914	0.13491	0.04652	0.11260	0.01774	0.02229	0.01413	0.00862	0.00787	0.00224	0.04352	0.05052	0.00528	0.06241
5	0.09715	0.12952	0.02276	0.01737	0.07131	0.11254	0.04596	0.12618	0.15814	0.06295	0.01711	0.01779	0.01314	0.00767	0.00645	0.00204	0.00791	0.00594	0.00532	0.07274

[dist]
# distance from previous block
# <min> <max>
15	155

[block]
# block no. 2 follows, 28 sequences, length 28
# corresponding to MSA columns:
# 385-412
name=unknown_C
#
# <colnr> <probs for GDERKNQSTAVLIFYWHMCP>
#	G	D	E	R	K	N	Q	S	T	A	V	L	I	F	Y	W	H	M	C	P
0	0.01791	0.03595	0.11527	0.01661	0.06799	0.05958	0.01364	0.11310	0.17250	0.05200	0.15173	0.05402	0.02624	0.00995	0.00734	0.00221	0.00697	0.00828	0.00610	0.06264
1	0.07465	0.06644	0.03672	0.01962	0.13379	0.13730	0.01381	0.08654	0.05379	0.19228	0.04611	0.01968	0.01522	0.00820	0.00738	0.00212	0.03462	0.00630	0.00569	0.03973
2	0.05108	0.10309	0.15946	0.04172	0.02205	0.04395	0.03445	0.06379	0.09458	0.10550	0.04373	0.08705	0.01794	0.00915	0.00685	0.00214	0.00756	0.00749	0.00530	0.09312
3	0.01950	0.06091	0.20115	0.01563	0.02196	0.04293	0.03650	0.04863	0.10918	0.16186	0.06060	0.02207	0.01737	0.01149	0.05757	0.00280	0.00866	0.00673	0.00554	0.08891
4	0.08151	0.02433	0.18391	0.04274	0.02409	0.12572	0.01603	0.19492	0.06666	0.12222	0.01692	0.01749	0.01209	0.00791	0.00682	0.00217	0.00886	0.00592	0.00551	0.03418
5	0.09534	0.11269	0.04896	0.02094	0.16762	0.01848	0.03716	0.14528	0.11101	0.02857	0.01648	0.03951	0.01343	0.00772	0.00651	0.00204	0.00737	0.00633	0.00500	0.10957
6	0.02223	0.01905	0.11398	0.01659	0.02247	0.04868	0.07566	0.15182	0.10509	0.18967	0.02400	0.02670	0.04380	0.00940	0.00748	0.00229	0.00789	0.05309	0.00639	0.05373
7	0.02092	0.11965	0.14099	0.01505	0.02070	0.05316	0.01418	0.17546	0.04387	0.12442	0.10182	0.04842	0.02051	0.00939	0.00758	0.00216	0.03279	0.00730	0.00587	0.03577
8	0.02037	0.05400	0.12424	0.01732	0.06790	0.05979	0.03695	0.12089	0.09602	0.13784	0.12090	0.04615	0.02291	0.00942	0.00730	0.00221	0.00750	0.00784	0.00613	0.03435
9	0.05875	0.01887	0.12871	0.01901	0.11570	0.01601	0.01509	0.20293	0.06289	0.15465	0.08610	0.02449	0.04610	0.00912	0.00726	0.00225	0.00733	0.00745	0.00633	0.01094
10	0.07018	0.02036	0.12263	0.01693	0.04523	0.12536	0.08942	0.02320	0.06493	0.07009	0.06473	0.02468	0.08310	0.00863	0.00697	0.00206	0.00814	0.00722	0.00497	0.14119
11	0.01983	0.07231	0.13104	0.05195	0.29907	0.03965	0.01850	0.07278	0.01796	0.10353	0.01516	0.01745	0.01160	0.00693	0.00678	0.00203	0.00840	0.00593	0.00445	0.09464
12	0.07247	0.04439	0.14905	0.01942	0.07467	0.01604	0.12615	0.09079	0.03756	0.02676	0.08179	0.02031	0.01654	0.00774	0.00761	0.00208	0.03850	0.00667	0.00462	0.15686
13	0.07604	0.01887	0.12988	0.08184	0.06583	0.05090	0.08705	0.10503	0.04038	0.05142	0.16519	0.02551	0.02378	0.00894	0.00733	0.00223	0.00794	0.00773	0.00534	0.03876
14	0.01584	0.28576	0.06864	0.06096	0.13067	0.04381	0.01365	0.01917	0.01662	0.02129	0.14997	0.02827	0.09904	0.00946	0.00665	0.00201	0.00712	0.00767	0.00457	0.00883
15	0.01839	0.01620	0.05525	0.07269	0.17718	0.01498	0.01464	0.06694	0.16254	0.07748	0.01819	0.01956	0.01390	0.00731	0.00672	0.00195	0.00702	0.00623	0.00521	0.23761
16	0.12243	0.15559	0.04439	0.01651	0.06255	0.14534	0.01301	0.16845	0.07371	0.02735	0.01569	0.04669	0.01318	0.01117	0.05143	0.00268	0.00909	0.00614	0.00491	0.00969
17	0.01550	0.01430	0.02340	0.54003	0.18325	0.01679	0.02022	0.06109	0.01620	0.02138	0.01336	0.01897	0.01024	0.00720	0.00725	0.00235	0.00936	0.00647	0.00356	0.00906
18	0.01355	0.00678	0.00678	0.00678	0.00847	0.00678	0.00508	0.01694	0.01524	0.02710	0.02371	0.02710	0.01863	0.00847	0.00508	0.00169	0.00339	0.00678	0.78489	0.00678
19	0.01456	0.01248	0.01575	0.01424	0.01520	0.05016	0.01115	0.05674	0.01297	0.01813	0.01491	0.02367	0.01443	0.09722	0.23803	0.11314	0.25948	0.00713	0.00381	0.00681
20	0.01465	0.04879	0.04910	0.01974	0.13027	0.01428	0.07967	0.06358	0.01602	0.02202	0.06546	0.11975	0.05786	0.11327	0.03545	0.00342	0.09908	0.03451	0.00485	0.00823
21	0.01355	0.00678	0.00678	0.00678	0.00847	0.00678	0.00508	0.01694	0.01524	0.02710	0.02371	0.02710	0.01863	0.00847	0.00508	0.00169	0.00339	0.00678	0.78489	0.00678
22	0.07286	0.11530	0.02150	0.04446	0.05594	0.34836	0.01322	0.12506	0.02049	0.02419	0.01337	0.01535	0.01074	0.00751	0.00622	0.00192	0.00989	0.00518	0.07935	0.00909
23	0.01725	0.01557	0.02631	0.27303	0.44802	0.01658	0.02104	0.02168	0.01608	0.05448	0.01414	0.01878	0.01121	0.00686	0.00723	0.00225	0.00887	0.00651	0.00373	0.01040
24	0.01587	0.01433	0.02077	0.17958	0.27777	0.06352	0.01671	0.01939	0.01610	0.04717	0.02165	0.15919	0.02147	0.01140	0.00788	0.00248	0.00805	0.08301	0.00468	0.00899
25	0.01024	0.00801	0.01003	0.00950	0.01121	0.00780	0.00721	0.01305	0.01861	0.02550	0.46431	0.08406	0.21649	0.01590	0.00976	0.00242	0.05841	0.01349	0.00728	0.00672
26	0.73716	0.01448	0.01311	0.01115	0.01586	0.01646	0.05802	0.02151	0.01273	0.03191	0.01047	0.01240	0.00811	0.00670	0.00481	0.00226	0.00612	0.00429	0.00444	0.00802
27	0.00963	0.00760	0.01105	0.01119	0.01256	0.00699	0.05683	0.01160	0.01533	0.02037	0.12378	0.51321	0.13227	0.01997	0.00905	0.00277	0.00466	0.01813	0.00667	0.00635

[dist]
# distance from previous block
# <min> <max>
0	23

[block]
# block no. 3 follows, 28 sequences, length 26
# corresponding to MSA columns:
# 436-461
name=unknown_D
#
# <colnr> <probs for GDERKNQSTAVLIFYWHMCP>
#	G	D	E	R	K	N	Q	S	T	A	V	L	I	F	Y	W	H	M	C	P
0	0.00906	0.00652	0.00887	0.01033	0.01087	0.00633	0.00706	0.01050	0.01362	0.01833	0.03732	0.64497	0.04409	0.02701	0.10347	0.00412	0.00625	0.01895	0.00637	0.00598
1	0.57843	0.01499	0.04836	0.17342	0.02313	0.01630	0.01163	0.02081	0.01301	0.02893	0.01091	0.01371	0.00835	0.00687	0.00525	0.00229	0.00681	0.00458	0.00414	0.00806
2	0.01021	0.00704	0.00789	0.00801	0.00833	0.00686	0.00470	0.01052	0.01153	0.01507	0.03023	0.09707	0.10925	0.60756	0.03167	0.00621	0.00645	0.01183	0.00485	0.00472
3	0.04428	0.01583	0.02297	0.02535	0.23336	0.05040	0.10279	0.10173	0.05235	0.07152	0.02186	0.18288	0.02062	0.01082	0.00776	0.00239	0.00785	0.00997	0.00537	0.00989
4	0.01355	0.00678	0.00678	0.00678	0.00847	0.00678	0.00508	0.01694	0.01524	0.02710	0.02371	0.02710	0.01863	0.00847	0.00508	0.00169	0.00339	0.00678	0.78489	0.00678
5	0.19174	0.01318	0.01927	0.56377	0.04187	0.01619	0.01738	0.01921	0.01404	0.02177	0.01228	0.01766	0.00928	0.00715	0.00664	0.00238	0.00876	0.00589	0.00352	0.00803
6	0.01437	0.00970	0.01500	0.01221	0.01519	0.00942	0.15705	0.01838	0.01568	0.02623	0.02166	0.02540	0.01690	0.00794	0.00588	0.00187	0.00541	0.00719	0.60709	0.00746
7	0.42036	0.18687	0.08250	0.01275	0.01809	0.13473	0.01168	0.02288	0.01455	0.02575	0.01057	0.01231	0.00857	0.00676	0.00510	0.00203	0.00782	0.00418	0.00393	0.00856
8	0.01708	0.01516	0.01513	0.01376	0.01589	0.12667	0.01039	0.02291	0.16686	0.06366	0.02046	0.02818	0.01838	0.18948	0.13949	0.00513	0.11051	0.00781	0.00502	0.00804
9	0.01512	0.01431	0.01400	0.01244	0.01578	0.12405	0.00956	0.02021	0.10948	0.02168	0.08278	0.02830	0.06394	0.04246	0.21239	0.00482	0.01051	0.00760	0.00502	0.18555
10	0.01099	0.00745	0.00935	0.00973	0.01043	0.00767	0.00690	0.01241	0.01246	0.01714	0.02593	0.05090	0.02805	0.41654	0.14278	0.00664	0.00882	0.15545	0.05495	0.00543
11	0.01248	0.00667	0.00715	0.00754	0.00894	0.00658	0.00546	0.01539	0.01494	0.02516	0.02743	0.18931	0.02533	0.01172	0.00604	0.00198	0.00358	0.00994	0.60779	0.00658
12	0.12727	0.02159	0.17577	0.06278	0.05119	0.01795	0.01624	0.27116	0.02292	0.13908	0.01678	0.01750	0.01172	0.00791	0.00682	0.00224	0.00815	0.00604	0.00581	0.01108
13	0.01631	0.03815	0.09981	0.02162	0.05270	0.01534	0.26795	0.04235	0.05044	0.05739	0.02059	0.16167	0.01902	0.01019	0.00869	0.00242	0.04123	0.00990	0.00479	0.05942
14	0.01619	0.01675	0.02696	0.02171	0.02339	0.02138	0.16541	0.01881	0.01250	0.01881	0.01072	0.01675	0.00988	0.01122	0.02038	0.00301	0.56760	0.00687	0.00329	0.00837
15	0.01309	0.01205	0.02004	0.63259	0.04486	0.01480	0.01842	0.01746	0.01445	0.01857	0.01650	0.11431	0.01475	0.00931	0.00753	0.00249	0.00897	0.00833	0.00369	0.00779
16	0.01378	0.01860	0.17905	0.01939	0.02415	0.01488	0.18092	0.01839	0.01379	0.01989	0.01559	0.02213	0.01341	0.04407	0.26751	0.00598	0.10913	0.00732	0.00357	0.00843
17	0.02778	0.01464	0.04067	0.01395	0.01936	0.01367	0.01167	0.07907	0.19910	0.45659	0.02763	0.02456	0.01843	0.00914	0.00732	0.00230	0.00635	0.00743	0.00825	0.01208
18	0.02375	0.35526	0.09867	0.01455	0.02064	0.14577	0.01376	0.02676	0.01745	0.19705	0.01546	0.01571	0.01158	0.00724	0.00592	0.00187	0.00862	0.00508	0.00475	0.01011
19	0.01944	0.01913	0.21761	0.04154	0.07082	0.01275	0.01605	0.04261	0.03926	0.22444	0.05337	0.12335	0.02255	0.01104	0.00769	0.00244	0.00750	0.05218	0.00608	0.01016
20	0.01537	0.01383	0.01874	0.01628	0.01667	0.01874	0.01344	0.01737	0.01207	0.01968	0.01277	0.01845	0.01161	0.01175	0.01958	0.00284	0.56558	0.00646	0.18109	0.00768
21	0.08369	0.17858	0.07746	0.06219	0.02025	0.24381	0.01247	0.02143	0.01554	0.01852	0.01382	0.02114	0.01312	0.17484	0.01298	0.00309	0.00954	0.00597	0.00373	0.00783
22	0.01355	0.00678	0.00678	0.00678	0.00847	0.00678	0.00508	0.01694	0.01524	0.02710	0.02371	0.02710	0.01863	0.00847	0.00508	0.00169	0.00339	0.00678	0.78489	0.00678
23	0.01600	0.01596	0.07087	0.01736	0.05496	0.01503	0.11070	0.02781	0.32737	0.04838	0.03531	0.03432	0.17228	0.01083	0.00780	0.00243	0.00679	0.00956	0.00623	0.01000
24	0.01178	0.00906	0.01119	0.01047	0.01047	0.01051	0.00702	0.01215	0.01070	0.01487	0.01986	0.04036	0.02258	0.57798	0.03401	0.00617	0.17187	0.00961	0.00413	0.00521
25	0.01703	0.57990	0.03134	0.01191	0.01681	0.02356	0.01114	0.01912	0.01458	0.01743	0.01692	0.17738	0.01815	0.00999	0.00571	0.00187	0.00696	0.00771	0.00394	0.00855

[dist]
# distance from previous block
# <min> <max>
0	1

[block]
# block no. 4 follows, 28 sequences, length 6
# corresponding to MSA columns:
# 463-468
name=unknown_E
#
# <colnr> <probs for GDERKNQSTAVLIFYWHMCP>
#	G	D	E	R	K	N	Q	S	T	A	V	L	I	F	Y	W	H	M	C	P
0	0.01119	0.00851	0.01158	0.01087	0.01279	0.00883	0.00818	0.01343	0.01205	0.01751	0.01899	0.02969	0.01841	0.16838	0.47822	0.00911	0.01494	0.00770	0.00405	0.13557
1	0.01854	0.01907	0.02640	0.03480	0.45315	0.13159	0.06763	0.02206	0.01654	0.02155	0.01447	0.02092	0.01294	0.09674	0.01083	0.00273	0.00945	0.00684	0.00373	0.01001
2	0.18499	0.01789	0.01661	0.01413	0.01880	0.11306	0.01124	0.11626	0.23678	0.16517	0.02124	0.02027	0.01533	0.00857	0.00664	0.00226	0.00712	0.00644	0.00659	0.01061
3	0.01026	0.00716	0.00913	0.00962	0.01012	0.00734	0.00647	0.01134	0.01200	0.01623	0.02705	0.19318	0.03050	0.38815	0.17250	0.00687	0.00905	0.06272	0.00497	0.00534
4	0.01637	0.02035	0.12053	0.01621	0.01898	0.16107	0.04837	0.01876	0.01388	0.01757	0.01508	0.02583	0.01508	0.25070	0.02121	0.00401	0.19752	0.00736	0.00371	0.00740
5	0.01851	0.01491	0.02581	0.32504	0.23252	0.01584	0.09892	0.02302	0.01648	0.13408	0.01596	0.01989	0.01176	0.00718	0.00741	0.00232	0.00912	0.00686	0.00435	0.01000

[dist]
# distance from previous block
# <min> <max>
0	1

[block]
# block no. 5 follows, 28 sequences, length 17
# corresponding to MSA columns:
# 470-486
name=unknown_F
#
# <colnr> <probs for GDERKNQSTAVLIFYWHMCP>
#	G	D	E	R	K	N	Q	S	T	A	V	L	I	F	Y	W	H	M	C	P
0	0.01915	0.01706	0.06811	0.02299	0.02920	0.01479	0.39152	0.02414	0.01798	0.16885	0.08567	0.06689	0.02026	0.00863	0.00826	0.00241	0.00953	0.00930	0.00539	0.00988
1	0.00916	0.00656	0.00871	0.00991	0.01061	0.00611	0.00677	0.01089	0.01534	0.02082	0.17988	0.59353	0.05245	0.02108	0.00913	0.00281	0.00405	0.01906	0.00702	0.00611
2	0.01912	0.01838	0.18736	0.20860	0.05117	0.01350	0.03445	0.02385	0.01693	0.22383	0.02471	0.04338	0.08453	0.00919	0.00741	0.00235	0.00818	0.00778	0.00538	0.00990
3	0.01970	0.01450	0.02185	0.11100	0.31178	0.01476	0.01638	0.02584	0.11334	0.16888	0.02493	0.02599	0.08117	0.00876	0.00739	0.00228	0.00734	0.00777	0.00556	0.01076
4	0.02283	0.01755	0.02245	0.11161	0.18100	0.10621	0.04167	0.04809	0.07649	0.21263	0.01867	0.02009	0.01360	0.00825	0.00854	0.00230	0.06523	0.00670	0.00549	0.01060
5	0.02407	0.18260	0.02423	0.01685	0.02115	0.38612	0.01358	0.10131	0.07607	0.02188	0.01313	0.01465	0.01079	0.00790	0.00743	0.00198	0.05756	0.00513	0.00428	0.00930
6	0.01986	0.01593	0.02224	0.02003	0.10596	0.09511	0.14553	0.02361	0.01889	0.16945	0.18270	0.02774	0.02637	0.00900	0.00758	0.00213	0.00779	0.00828	0.00592	0.08588
7	0.02250	0.01548	0.02428	0.11516	0.37270	0.01550	0.01801	0.06833	0.01874	0.22904	0.01834	0.02015	0.01330	0.00748	0.00724	0.00222	0.00798	0.00673	0.00542	0.01141
8	0.01009	0.00742	0.00944	0.00893	0.01074	0.00677	0.00670	0.01332	0.02010	0.02801	0.62107	0.05617	0.14358	0.01528	0.00858	0.00231	0.00346	0.01341	0.00785	0.00677
9	0.01480	0.00847	0.01090	0.00969	0.01235	0.00757	0.00748	0.01787	0.02004	0.17179	0.46168	0.05029	0.15010	0.01413	0.00831	0.00230	0.00405	0.01222	0.00803	0.00793
10	0.02848	0.01277	0.01754	0.11564	0.02311	0.01219	0.01213	0.03332	0.08496	0.53990	0.02650	0.02420	0.01721	0.00883	0.00731	0.00230	0.00665	0.00728	0.00801	0.01167
11	0.02126	0.44781	0.16891	0.01422	0.02123	0.02250	0.01498	0.02493	0.01617	0.16491	0.01466	0.01520	0.01115	0.00695	0.00568	0.00185	0.00804	0.00492	0.00436	0.01026
12	0.02111	0.01623	0.02681	0.03786	0.55397	0.01587	0.01983	0.02511	0.01746	0.16894	0.01687	0.01943	0.01290	0.00701	0.00722	0.00218	0.00811	0.00665	0.00475	0.01170
13	0.01398	0.00798	0.01006	0.00992	0.01209	0.00706	0.00728	0.01590	0.01664	0.16602	0.10121	0.35510	0.21250	0.01803	0.00862	0.00262	0.00443	0.01580	0.00733	0.00742
14	0.01752	0.12371	0.19909	0.02302	0.08676	0.04848	0.19653	0.02644	0.15919	0.02370	0.01660	0.01865	0.01270	0.00722	0.00717	0.00224	0.00960	0.00672	0.00424	0.01043
15	0.01909	0.01416	0.02316	0.36156	0.24607	0.01533	0.01882	0.02333	0.01650	0.16648	0.01652	0.02009	0.01203	0.00739	0.00725	0.00230	0.00861	0.00665	0.00458	0.01007
16	0.01393	0.00833	0.00952	0.00879	0.01155	0.00718	0.00660	0.01576	0.01671	0.16509	0.05685	0.10266	0.44294	0.08770	0.01114	0.00289	0.00458	0.01352	0.00700	0.00728

[dist]
# distance from previous block
# <min> <max>
0	8

# created by:
# /home/berkeley/.conda/envs/busco_data_prod/bin/msa2prfl.pl pipeline/OGs_align_augustus/5794/12975.fs
