[name]
unknown

[dist]
# distance from previous block
# <min> <max>
0	82

[block]
# block no. 0 follows, 27 sequences, length 32
# corresponding to MSA columns:
# 82-113
name=unknown_A
#
# <colnr> <probs for GDERKNQSTAVLIFYWHMCP>
#	G	D	E	R	K	N	Q	S	T	A	V	L	I	F	Y	W	H	M	C	P
0	0.04628	0.01269	0.01456	0.04730	0.01789	0.04128	0.01047	0.06751	0.12182	0.18850	0.15202	0.06734	0.09850	0.01272	0.00804	0.00248	0.00602	0.06767	0.00742	0.00950
1	0.01466	0.01385	0.02343	0.62160	0.14577	0.01666	0.02094	0.01953	0.01515	0.01975	0.01331	0.01958	0.01017	0.00730	0.00741	0.00243	0.00974	0.00660	0.00335	0.00876
2	0.01744	0.01617	0.02421	0.13334	0.30449	0.01706	0.04630	0.02689	0.21537	0.02548	0.01870	0.02119	0.01466	0.00766	0.00732	0.00225	0.00796	0.00704	0.00485	0.08162
3	0.01456	0.01182	0.01658	0.11072	0.08721	0.01127	0.01193	0.01792	0.01463	0.04787	0.01686	0.04572	0.01479	0.02158	0.21592	0.00473	0.01070	0.00667	0.00433	0.31419
4	0.01211	0.00673	0.00908	0.00908	0.00908	0.00673	0.00572	0.01009	0.01009	0.01346	0.01683	0.03232	0.01818	0.29321	0.03230	0.49278	0.00673	0.00808	0.00370	0.00370
5	0.00969	0.00740	0.00890	0.00886	0.01068	0.00661	0.00652	0.01231	0.01859	0.02481	0.38078	0.16213	0.28054	0.01763	0.00887	0.00250	0.00371	0.01534	0.00754	0.00661
6	0.65799	0.01548	0.01290	0.01104	0.01587	0.01777	0.00910	0.13489	0.01653	0.03567	0.01165	0.01307	0.00884	0.00724	0.00509	0.00228	0.00617	0.00449	0.00509	0.00884
7	0.65888	0.01406	0.01202	0.01037	0.01516	0.01565	0.00854	0.02433	0.01414	0.14960	0.01365	0.01437	0.00985	0.00729	0.00510	0.00230	0.00584	0.00462	0.00540	0.00884
8	0.02773	0.03538	0.02104	0.01913	0.02295	0.70930	0.01434	0.02964	0.02104	0.01817	0.01148	0.01339	0.00956	0.00765	0.00669	0.00191	0.01339	0.00478	0.00383	0.00861
9	0.01248	0.00660	0.00936	0.00936	0.00936	0.00660	0.00606	0.00990	0.00990	0.01319	0.01499	0.02777	0.01571	0.16841	0.03077	0.62870	0.00660	0.00732	0.00348	0.00348
10	0.01837	0.01764	0.03013	0.04557	0.69279	0.01764	0.02278	0.02278	0.01690	0.02425	0.01396	0.01837	0.01176	0.00661	0.00735	0.00220	0.00882	0.00661	0.00367	0.01176
11	0.01641	0.00940	0.00967	0.00874	0.01122	0.00980	0.00679	0.13381	0.01903	0.03110	0.02307	0.02591	0.01788	0.00870	0.00559	0.00182	0.00430	0.00688	0.64194	0.00794
12	0.02773	0.03538	0.02104	0.01913	0.02295	0.70930	0.01434	0.02964	0.02104	0.01817	0.01148	0.01339	0.00956	0.00765	0.00669	0.00191	0.01339	0.00478	0.00383	0.00861
13	0.79154	0.01436	0.01091	0.00976	0.01436	0.01665	0.00804	0.02182	0.01263	0.03331	0.01034	0.01206	0.00804	0.00689	0.00459	0.00230	0.00574	0.00402	0.00459	0.00804
14	0.02139	0.01875	0.01834	0.01589	0.02043	0.08243	0.01249	0.17244	0.48209	0.03323	0.02587	0.02429	0.01933	0.00960	0.00745	0.00240	0.00705	0.00770	0.00719	0.01165
15	0.01546	0.01409	0.02222	0.06215	0.28604	0.01431	0.07072	0.02190	0.11258	0.02554	0.17557	0.03246	0.06061	0.04285	0.00928	0.00256	0.00722	0.00926	0.00545	0.00974
16	0.11948	0.12622	0.30331	0.02049	0.08685	0.01809	0.08303	0.02413	0.01604	0.09083	0.01466	0.01667	0.01083	0.00708	0.00659	0.00221	0.00913	0.00575	0.02822	0.01040
17	0.02388	0.01755	0.01919	0.01555	0.02025	0.01918	0.01248	0.51920	0.03022	0.04049	0.02305	0.17996	0.02088	0.01216	0.00789	0.00241	0.00730	0.00995	0.00731	0.01113
18	0.00906	0.00732	0.00806	0.00833	0.01032	0.00632	0.00607	0.01104	0.01693	0.02115	0.15127	0.20180	0.47795	0.01920	0.00891	0.00259	0.00383	0.01645	0.00707	0.00632
19	0.09075	0.01676	0.02186	0.08423	0.24403	0.01824	0.01596	0.19107	0.13220	0.03182	0.01800	0.01998	0.01382	0.00802	0.00701	0.00226	0.00760	0.00671	0.05867	0.01101
20	0.02099	0.21131	0.08805	0.01534	0.02105	0.04599	0.01384	0.11678	0.29338	0.06743	0.02099	0.02042	0.01589	0.00851	0.00672	0.00218	0.00750	0.00654	0.00593	0.01115
21	0.00902	0.00656	0.00851	0.01008	0.01070	0.00605	0.00678	0.01037	0.01446	0.01905	0.04404	0.67382	0.10752	0.02285	0.00941	0.00297	0.00426	0.02061	0.00689	0.00605
22	0.04933	0.01143	0.01307	0.01166	0.01494	0.01152	0.00900	0.14255	0.06290	0.15354	0.03426	0.22354	0.10323	0.01400	0.00775	0.00245	0.00540	0.01186	0.10848	0.00910
23	0.10040	0.13083	0.05101	0.02325	0.22063	0.05174	0.01534	0.08389	0.01874	0.16567	0.01794	0.05808	0.01439	0.00835	0.00678	0.00218	0.00785	0.00680	0.00535	0.01079
24	0.02244	0.02384	0.17790	0.01785	0.02382	0.08164	0.03596	0.26537	0.02396	0.08886	0.07669	0.02085	0.01693	0.00928	0.00911	0.00235	0.07956	0.00695	0.00580	0.01085
25	0.01047	0.00710	0.00841	0.00887	0.00905	0.00701	0.00540	0.01093	0.01187	0.01580	0.02807	0.20198	0.03267	0.54455	0.03014	0.00608	0.00654	0.04497	0.00515	0.00495
26	0.08260	0.09098	0.10562	0.02273	0.14018	0.39379	0.01678	0.02647	0.01852	0.02098	0.01195	0.01431	0.00981	0.00723	0.00653	0.00202	0.01125	0.00506	0.00372	0.00948
27	0.04993	0.05243	0.17678	0.06651	0.19997	0.07738	0.12374	0.02547	0.05342	0.08068	0.01563	0.01828	0.01179	0.00720	0.00727	0.00228	0.00981	0.00651	0.00426	0.01067
28	0.01956	0.01237	0.01495	0.01305	0.01626	0.01294	0.01012	0.13639	0.11350	0.16977	0.13447	0.17964	0.03267	0.04645	0.01043	0.00275	0.04624	0.01140	0.00745	0.00958
29	0.04111	0.15529	0.17844	0.02297	0.11745	0.11039	0.10935	0.07222	0.07853	0.02452	0.01465	0.01683	0.01144	0.00724	0.00688	0.00216	0.00985	0.00605	0.00415	0.01049
30	0.01333	0.00962	0.01051	0.00976	0.01106	0.01003	0.00640	0.08524	0.08440	0.02015	0.02788	0.04497	0.08092	0.52209	0.02885	0.00577	0.00687	0.01051	0.00534	0.00630
31	0.02106	0.41705	0.03074	0.01714	0.08584	0.13077	0.01359	0.06754	0.07360	0.02184	0.01372	0.01527	0.01153	0.00717	0.00575	0.00183	0.00849	0.00505	0.04213	0.00987

[dist]
# distance from previous block
# <min> <max>
1	54

[block]
# block no. 1 follows, 27 sequences, length 20
# corresponding to MSA columns:
# 168-187
name=unknown_B
#
# <colnr> <probs for GDERKNQSTAVLIFYWHMCP>
#	G	D	E	R	K	N	Q	S	T	A	V	L	I	F	Y	W	H	M	C	P
0	0.01435	0.01109	0.01257	0.01204	0.01463	0.01153	0.00911	0.13511	0.13776	0.02687	0.06150	0.30371	0.15356	0.01710	0.00865	0.00269	0.00529	0.04692	0.00714	0.00836
1	0.01927	0.49904	0.12881	0.01700	0.02401	0.06463	0.11259	0.02306	0.01587	0.01927	0.01150	0.01372	0.00977	0.00651	0.00578	0.00185	0.00935	0.00494	0.00329	0.00974
2	0.01040	0.00758	0.00977	0.00922	0.01102	0.00696	0.00692	0.01380	0.02075	0.02915	0.64974	0.05647	0.10957	0.01541	0.00876	0.00235	0.00352	0.01357	0.00809	0.00696
3	0.01045	0.00767	0.01028	0.00985	0.01154	0.00749	0.00746	0.01369	0.01876	0.02648	0.50908	0.05015	0.08547	0.02459	0.16894	0.00454	0.00726	0.01227	0.00716	0.00689
4	0.00952	0.00722	0.00878	0.00909	0.01066	0.00647	0.00655	0.01183	0.01764	0.02341	0.29834	0.27177	0.25413	0.01881	0.00899	0.00260	0.00383	0.01651	0.00738	0.00647
5	0.01080	0.00720	0.00810	0.00810	0.00810	0.00720	0.00450	0.01080	0.01080	0.01439	0.02339	0.04858	0.02699	0.73910	0.03779	0.00720	0.00720	0.01080	0.00450	0.00450
6	0.01539	0.01319	0.01539	0.01100	0.01759	0.00990	0.00880	0.01869	0.01539	0.02419	0.01319	0.01539	0.01100	0.00550	0.00550	0.00110	0.00550	0.00440	0.00440	0.78449
7	0.01830	0.01470	0.01621	0.01364	0.01801	0.01562	0.01076	0.16310	0.30043	0.03308	0.17217	0.03003	0.02943	0.01030	0.00750	0.00221	0.00577	0.00858	0.00721	0.12296
8	0.02714	0.01786	0.01832	0.01470	0.01941	0.10123	0.01163	0.28382	0.02508	0.24948	0.02161	0.02440	0.01631	0.12065	0.01200	0.00297	0.00806	0.00733	0.00711	0.01089
9	0.00927	0.00690	0.00864	0.00955	0.01067	0.00627	0.00665	0.01112	0.01610	0.02128	0.17388	0.46348	0.18754	0.02075	0.00919	0.00278	0.00404	0.01847	0.00714	0.00627
10	0.01494	0.01427	0.02001	0.01752	0.01776	0.01949	0.01436	0.01666	0.01144	0.01757	0.01230	0.02030	0.01225	0.05948	0.14844	0.00502	0.56012	0.00699	0.00345	0.00766
11	0.01249	0.00825	0.01024	0.00965	0.01210	0.00772	0.00744	0.01499	0.01696	0.10218	0.17206	0.05230	0.32391	0.02621	0.18435	0.00481	0.00806	0.01233	0.00668	0.00726
12	0.01987	0.06266	0.17642	0.01585	0.02237	0.03733	0.01530	0.16992	0.09007	0.06682	0.05451	0.01987	0.01577	0.00827	0.00756	0.00207	0.03703	0.00633	0.00547	0.16653
13	0.01221	0.01045	0.01498	0.01629	0.08538	0.01092	0.03697	0.01532	0.05209	0.02058	0.03213	0.42688	0.06111	0.01753	0.01085	0.00278	0.10135	0.01526	0.00584	0.05109
14	0.02540	0.01195	0.01522	0.01247	0.01697	0.01127	0.01001	0.03157	0.13531	0.42027	0.15168	0.03143	0.02876	0.01042	0.00759	0.00231	0.00556	0.00870	0.05199	0.01111
15	0.01417	0.01260	0.02067	0.28214	0.20162	0.01360	0.04847	0.01812	0.01560	0.02153	0.02285	0.13836	0.05898	0.01052	0.00765	0.00242	0.00781	0.00963	0.08463	0.00862
16	0.06580	0.03323	0.43447	0.02022	0.02891	0.12164	0.05876	0.10543	0.01882	0.02625	0.01353	0.01563	0.00986	0.00732	0.00699	0.00228	0.01075	0.00563	0.00390	0.01059
17	0.01477	0.01266	0.04232	0.02297	0.24655	0.01191	0.01368	0.01776	0.01592	0.06010	0.05312	0.17035	0.09453	0.06795	0.01119	0.00288	0.04497	0.04251	0.04517	0.00869
18	0.00944	0.00670	0.00843	0.00964	0.01009	0.00632	0.00625	0.01046	0.01357	0.01794	0.03886	0.53197	0.08278	0.19215	0.01612	0.00397	0.00496	0.01834	0.00633	0.00568
19	0.11586	0.14162	0.09608	0.02465	0.22553	0.11688	0.04307	0.02317	0.01637	0.02329	0.01244	0.01524	0.01026	0.00665	0.00629	0.00197	0.00891	0.00530	0.00376	0.10265

[dist]
# distance from previous block
# <min> <max>
1	5

[block]
# block no. 2 follows, 27 sequences, length 61
# corresponding to MSA columns:
# 193-253
name=unknown_C
#
# <colnr> <probs for GDERKNQSTAVLIFYWHMCP>
#	G	D	E	R	K	N	Q	S	T	A	V	L	I	F	Y	W	H	M	C	P
0	0.04800	0.01740	0.11850	0.17705	0.23889	0.01493	0.05201	0.02049	0.01680	0.04569	0.10447	0.02704	0.06937	0.00893	0.00757	0.00235	0.00828	0.00803	0.00455	0.00966
1	0.01066	0.00743	0.00882	0.00889	0.00969	0.00748	0.00591	0.01177	0.01246	0.01682	0.03141	0.04893	0.12720	0.43375	0.15412	0.00690	0.00879	0.03806	0.04552	0.00539
2	0.07157	0.02126	0.12526	0.02762	0.20831	0.04832	0.10460	0.05565	0.01605	0.02381	0.01265	0.01692	0.01047	0.00863	0.01213	0.00256	0.21396	0.00645	0.00375	0.01003
3	0.01147	0.00913	0.01050	0.01018	0.01245	0.00903	0.00760	0.01782	0.15468	0.02584	0.29330	0.15280	0.22435	0.01628	0.00862	0.00252	0.00418	0.01411	0.00751	0.00764
4	0.79154	0.01436	0.01091	0.00976	0.01436	0.01665	0.00804	0.02182	0.01263	0.03331	0.01034	0.01206	0.00804	0.00689	0.00459	0.00230	0.00574	0.00402	0.00459	0.00804
5	0.01477	0.01055	0.01195	0.01076	0.01346	0.01064	0.00826	0.17309	0.02200	0.03043	0.23917	0.14586	0.14929	0.01459	0.00807	0.00236	0.00480	0.01243	0.10945	0.00810
6	0.01752	0.02003	0.04380	0.03129	0.03880	0.01877	0.66583	0.02378	0.01752	0.02378	0.01502	0.02003	0.01126	0.00626	0.00876	0.00250	0.01252	0.00876	0.00375	0.01001
7	0.02707	0.09481	0.02254	0.01859	0.02262	0.65224	0.01421	0.02902	0.02054	0.01811	0.01138	0.01326	0.00956	0.00754	0.00653	0.00189	0.01293	0.00471	0.00377	0.00868
8	0.01040	0.00737	0.00849	0.00835	0.01012	0.00672	0.00608	0.01296	0.01767	0.02448	0.30368	0.09141	0.25524	0.07792	0.01076	0.00275	0.00394	0.01335	0.12182	0.00649
9	0.02822	0.02079	0.02228	0.01708	0.02302	0.02302	0.01411	0.66804	0.03490	0.04679	0.01782	0.01782	0.01262	0.00891	0.00743	0.00223	0.00817	0.00668	0.00743	0.01262
10	0.01895	0.01783	0.03103	0.05891	0.36461	0.01789	0.19371	0.10453	0.01920	0.02703	0.01538	0.01941	0.01215	0.00697	0.00760	0.00227	0.00942	0.00722	0.05494	0.01096
11	0.01945	0.01412	0.01586	0.01377	0.01771	0.01539	0.01068	0.09116	0.36528	0.11128	0.02630	0.02825	0.02066	0.09355	0.07893	0.00381	0.00763	0.00813	0.00690	0.05114
12	0.42825	0.01569	0.01884	0.02271	0.23307	0.01787	0.01399	0.02154	0.01382	0.02811	0.01141	0.01471	0.00949	0.00771	0.00841	0.00241	0.11341	0.00522	0.00410	0.00925
13	0.02491	0.02689	0.01899	0.01637	0.02078	0.43006	0.01256	0.10898	0.02149	0.04723	0.01426	0.01590	0.01129	0.00762	0.00650	0.00183	0.01042	0.00524	0.07120	0.12745
14	0.79154	0.01436	0.01091	0.00976	0.01436	0.01665	0.00804	0.02182	0.01263	0.03331	0.01034	0.01206	0.00804	0.00689	0.00459	0.00230	0.00574	0.00402	0.00459	0.00804
15	0.03226	0.01432	0.01827	0.01401	0.01979	0.01341	0.01157	0.16647	0.02406	0.56367	0.02692	0.02373	0.01719	0.00913	0.00746	0.00228	0.00670	0.00730	0.00882	0.01263
16	0.01071	0.00753	0.00977	0.00977	0.01034	0.00810	0.00658	0.01187	0.01129	0.01563	0.02187	0.04013	0.02332	0.44172	0.33015	0.00926	0.01272	0.00956	0.00427	0.00543
17	0.01846	0.01595	0.01679	0.01511	0.01930	0.01846	0.01175	0.03945	0.67938	0.03105	0.03022	0.02770	0.02266	0.01007	0.00755	0.00252	0.00588	0.00839	0.00755	0.01175
18	0.79154	0.01436	0.01091	0.00976	0.01436	0.01665	0.00804	0.02182	0.01263	0.03331	0.01034	0.01206	0.00804	0.00689	0.00459	0.00230	0.00574	0.00402	0.00459	0.00804
19	0.01489	0.03840	0.70064	0.02116	0.03213	0.01724	0.02743	0.02351	0.01567	0.02351	0.01332	0.01567	0.00940	0.00705	0.00705	0.00235	0.01097	0.00549	0.00313	0.01097
20	0.00949	0.00731	0.00867	0.00884	0.01060	0.00649	0.00644	0.01185	0.01785	0.02347	0.29891	0.21470	0.31177	0.01844	0.00893	0.00256	0.00379	0.01605	0.00738	0.00649
21	0.02684	0.02070	0.05642	0.01664	0.02250	0.05021	0.01411	0.44587	0.11663	0.12259	0.02036	0.01974	0.01436	0.00895	0.00740	0.00227	0.00801	0.00686	0.00728	0.01225
22	0.01983	0.00932	0.01196	0.01040	0.01361	0.00839	0.00811	0.02279	0.01924	0.28848	0.21597	0.10262	0.06551	0.01250	0.00763	0.00227	0.00468	0.01067	0.15696	0.00906
23	0.08156	0.09020	0.43786	0.01748	0.02645	0.01705	0.02065	0.02326	0.04876	0.02433	0.01365	0.01561	0.01023	0.00687	0.00642	0.00208	0.00910	0.00520	0.00370	0.13953
24	0.01104	0.00825	0.01067	0.01189	0.01383	0.00788	0.01013	0.01401	0.01704	0.02159	0.04972	0.08017	0.23045	0.02001	0.00982	0.00315	0.00594	0.46087	0.00685	0.00667
25	0.01518	0.00833	0.01066	0.01024	0.01241	0.00749	0.00746	0.01715	0.01701	0.18245	0.13991	0.29951	0.13782	0.08506	0.01143	0.00306	0.00485	0.01491	0.00741	0.00765
26	0.02148	0.01823	0.02681	0.03616	0.48030	0.04824	0.01961	0.10426	0.05310	0.09402	0.01667	0.01924	0.01297	0.00737	0.00735	0.00222	0.00854	0.00672	0.00488	0.01181
27	0.05219	0.58274	0.10008	0.01396	0.02046	0.08754	0.01408	0.02299	0.01556	0.01877	0.01071	0.01241	0.00946	0.00656	0.00515	0.00172	0.00862	0.00419	0.00329	0.00952
28	0.01040	0.00738	0.00956	0.01057	0.01140	0.00729	0.00769	0.01203	0.01397	0.01846	0.03572	0.28326	0.07239	0.22148	0.07617	0.00499	0.00704	0.17834	0.00598	0.00588
29	0.47089	0.07171	0.01646	0.01325	0.01754	0.23181	0.01064	0.02411	0.01535	0.02691	0.01066	0.01263	0.00868	0.00733	0.00604	0.00217	0.03693	0.00435	0.00420	0.00832
30	0.01045	0.00737	0.00888	0.00941	0.01110	0.00656	0.00680	0.01234	0.01638	0.05610	0.11508	0.35291	0.29795	0.01993	0.00906	0.00273	0.00421	0.03903	0.00713	0.00659
31	0.01675	0.07171	0.24874	0.13040	0.21553	0.04795	0.02170	0.02209	0.01571	0.02198	0.01290	0.01672	0.01026	0.00738	0.00840	0.00227	0.06980	0.00586	0.00342	0.05044
32	0.01260	0.00685	0.00961	0.00961	0.01021	0.00712	0.00679	0.01188	0.01127	0.01663	0.01651	0.02491	0.01524	0.02865	0.16479	0.47428	0.00864	0.00685	0.15290	0.00464
33	0.01699	0.01262	0.01441	0.01249	0.01591	0.01334	0.00978	0.15267	0.19525	0.05984	0.33758	0.03995	0.06301	0.01246	0.00812	0.00236	0.00518	0.01059	0.00786	0.00957
34	0.00931	0.00677	0.00884	0.01039	0.01115	0.00630	0.00727	0.01087	0.01476	0.01938	0.04409	0.60524	0.11071	0.02255	0.00948	0.00301	0.00451	0.08235	0.00689	0.00613
35	0.01275	0.00842	0.01008	0.00928	0.01186	0.00754	0.00709	0.01612	0.04049	0.10382	0.35761	0.05714	0.29838	0.01570	0.00857	0.00240	0.00400	0.01343	0.00778	0.00753
36	0.79154	0.01436	0.01091	0.00976	0.01436	0.01665	0.00804	0.02182	0.01263	0.03331	0.01034	0.01206	0.00804	0.00689	0.00459	0.00230	0.00574	0.00402	0.00459	0.00804
37	0.01624	0.01624	0.02274	0.01949	0.01949	0.02274	0.01624	0.01787	0.01137	0.01787	0.00975	0.01624	0.00975	0.01299	0.02436	0.00325	0.72552	0.00650	0.00325	0.00812
38	0.02463	0.01799	0.01935	0.01523	0.01994	0.01976	0.01213	0.53251	0.02993	0.04011	0.01897	0.02417	0.01559	0.15948	0.01369	0.00325	0.00797	0.00753	0.00682	0.01095
39	0.01489	0.03840	0.70064	0.02116	0.03213	0.01724	0.02743	0.02351	0.01567	0.02351	0.01332	0.01567	0.00940	0.00705	0.00705	0.00235	0.01097	0.00549	0.00313	0.01097
40	0.01402	0.01319	0.02227	0.72126	0.05113	0.01649	0.02062	0.01897	0.01484	0.01897	0.01319	0.01979	0.00990	0.00742	0.00742	0.00247	0.00990	0.00660	0.00330	0.00825
41	0.01402	0.01319	0.02227	0.72126	0.05113	0.01649	0.02062	0.01897	0.01484	0.01897	0.01319	0.01979	0.00990	0.00742	0.00742	0.00247	0.00990	0.00660	0.00330	0.00825
42	0.01868	0.01908	0.03597	0.03230	0.20480	0.01879	0.38513	0.07604	0.08229	0.02642	0.01643	0.02016	0.01259	0.00693	0.00817	0.00241	0.01058	0.00801	0.00439	0.01084
43	0.01032	0.00755	0.01076	0.01122	0.01221	0.00828	0.00832	0.01240	0.01253	0.01752	0.02585	0.19636	0.02742	0.11913	0.45041	0.00905	0.01445	0.03513	0.00481	0.00627
44	0.01070	0.00759	0.01011	0.01011	0.01080	0.00829	0.00701	0.01209	0.01139	0.01588	0.02155	0.03840	0.02257	0.38073	0.39011	0.00968	0.01385	0.00931	0.00422	0.00562
45	0.30896	0.02121	0.01660	0.01457	0.01822	0.22994	0.01157	0.09261	0.01764	0.02752	0.01243	0.01483	0.01005	0.00833	0.00836	0.00226	0.10927	0.00510	0.06188	0.00863
46	0.01489	0.03840	0.70064	0.02116	0.03213	0.01724	0.02743	0.02351	0.01567	0.02351	0.01332	0.01567	0.00940	0.00705	0.00705	0.00235	0.01097	0.00549	0.00313	0.01097
47	0.01967	0.08463	0.01946	0.01510	0.01969	0.01999	0.01210	0.10720	0.54605	0.03152	0.02698	0.02513	0.02032	0.00960	0.00728	0.00240	0.00632	0.00779	0.00713	0.01164
48	0.02123	0.61950	0.03577	0.01383	0.01974	0.14849	0.01299	0.02353	0.01613	0.01759	0.01052	0.01217	0.00953	0.00658	0.00510	0.00164	0.00889	0.00411	0.00329	0.00937
49	0.01914	0.02645	0.33748	0.02051	0.02855	0.01647	0.14518	0.10298	0.01888	0.11866	0.01800	0.04977	0.01382	0.03978	0.00892	0.00260	0.00984	0.00743	0.00483	0.01073
50	0.01328	0.25697	0.01930	0.01020	0.01366	0.01453	0.00874	0.01600	0.01762	0.02276	0.28595	0.04300	0.18761	0.01505	0.04273	0.00260	0.00589	0.01045	0.00598	0.00767
51	0.01092	0.00802	0.01028	0.00964	0.01152	0.00760	0.00725	0.01533	0.05514	0.02984	0.65474	0.05401	0.06759	0.01491	0.00869	0.00234	0.00363	0.01316	0.00814	0.00725
52	0.05163	0.01735	0.01926	0.12491	0.08941	0.14678	0.01382	0.02958	0.01924	0.34279	0.02105	0.02117	0.01444	0.00827	0.00709	0.00221	0.00830	0.00659	0.04543	0.01067
53	0.01930	0.09906	0.33516	0.02007	0.05463	0.09239	0.06991	0.02577	0.04529	0.10574	0.05067	0.01925	0.01448	0.00778	0.00709	0.00223	0.00979	0.00634	0.00447	0.01056
54	0.01837	0.01764	0.03013	0.04557	0.69279	0.01764	0.02278	0.02278	0.01690	0.02425	0.01396	0.01837	0.01176	0.00661	0.00735	0.00220	0.00882	0.00661	0.00367	0.01176
55	0.01062	0.00779	0.01001	0.00984	0.01145	0.00740	0.00723	0.01457	0.05374	0.02761	0.52113	0.19399	0.06327	0.01658	0.00884	0.00248	0.00379	0.01475	0.00788	0.00705
56	0.04467	0.06071	0.07642	0.02424	0.15827	0.08630	0.15764	0.02359	0.01750	0.11487	0.02184	0.08405	0.04583	0.00964	0.00773	0.00237	0.00906	0.04036	0.00499	0.00990
57	0.01331	0.01237	0.01995	0.04861	0.06496	0.01254	0.14633	0.01761	0.04581	0.02191	0.03936	0.05175	0.22258	0.01449	0.01026	0.00278	0.06762	0.17412	0.00559	0.00803
58	0.07274	0.01094	0.01304	0.01106	0.01505	0.01025	0.00878	0.05298	0.04376	0.32342	0.03628	0.09925	0.14195	0.01204	0.00739	0.00233	0.00530	0.00993	0.11375	0.00975
59	0.01189	0.00982	0.01668	0.01500	0.01737	0.00914	0.15027	0.01449	0.01554	0.04391	0.03716	0.46799	0.08377	0.01860	0.00925	0.00287	0.00628	0.05648	0.00629	0.00719
60	0.01812	0.09371	0.20314	0.03086	0.25650	0.04666	0.17601	0.04450	0.01732	0.02380	0.01373	0.01725	0.01077	0.00673	0.00734	0.00224	0.01032	0.00652	0.00364	0.01083

[dist]
# distance from previous block
# <min> <max>
0	1

[block]
# block no. 3 follows, 27 sequences, length 80
# corresponding to MSA columns:
# 255-334
name=unknown_D
#
# <colnr> <probs for GDERKNQSTAVLIFYWHMCP>
#	G	D	E	R	K	N	Q	S	T	A	V	L	I	F	Y	W	H	M	C	P
0	0.06086	0.05190	0.08452	0.02207	0.11980	0.26838	0.01653	0.02556	0.04612	0.05422	0.01322	0.01605	0.01084	0.00872	0.01063	0.00234	0.16894	0.00572	0.00406	0.00952
1	0.28419	0.12585	0.02223	0.05555	0.16137	0.16390	0.01412	0.02340	0.01570	0.02454	0.01145	0.01421	0.00952	0.00721	0.00664	0.00214	0.03994	0.00495	0.00391	0.00917
2	0.00947	0.00676	0.00856	0.00967	0.01026	0.00634	0.00638	0.01075	0.01433	0.01909	0.09394	0.51036	0.08729	0.15319	0.01455	0.00369	0.00473	0.01824	0.00656	0.00585
3	0.02096	0.02413	0.06597	0.06148	0.21342	0.24924	0.01754	0.04548	0.10334	0.02272	0.01509	0.01794	0.01225	0.00952	0.02945	0.00255	0.06841	0.00619	0.00426	0.01005
4	0.01692	0.00904	0.01180	0.01028	0.01326	0.00806	0.00800	0.02008	0.02068	0.22179	0.43772	0.04832	0.11638	0.01381	0.00838	0.00234	0.00434	0.01193	0.00834	0.00856
5	0.01672	0.00887	0.01166	0.01021	0.01301	0.00803	0.00792	0.02005	0.02073	0.20557	0.47320	0.04575	0.05322	0.01319	0.00819	0.00229	0.00424	0.01145	0.05723	0.00848
6	0.00956	0.00709	0.00892	0.00944	0.01076	0.00645	0.00671	0.01181	0.01732	0.02331	0.29605	0.35275	0.17388	0.01934	0.00907	0.00266	0.00390	0.01716	0.00738	0.00645
7	0.01384	0.00692	0.00692	0.00692	0.00865	0.00692	0.00519	0.01730	0.01557	0.02768	0.02422	0.02768	0.01903	0.00865	0.00519	0.00173	0.00346	0.00692	0.78031	0.00692
8	0.00957	0.00744	0.00803	0.00794	0.00966	0.00663	0.00553	0.01118	0.01587	0.01995	0.15076	0.06295	0.42071	0.21244	0.01659	0.00375	0.00465	0.01403	0.00643	0.00590
9	0.79154	0.01436	0.01091	0.00976	0.01436	0.01665	0.00804	0.02182	0.01263	0.03331	0.01034	0.01206	0.00804	0.00689	0.00459	0.00230	0.00574	0.00402	0.00459	0.00804
10	0.01489	0.03840	0.70064	0.02116	0.03213	0.01724	0.02743	0.02351	0.01567	0.02351	0.01332	0.01567	0.00940	0.00705	0.00705	0.00235	0.01097	0.00549	0.00313	0.01097
11	0.02355	0.02099	0.02291	0.02059	0.08390	0.11971	0.05222	0.30666	0.12203	0.03353	0.01829	0.02110	0.01435	0.00933	0.00901	0.00237	0.07219	0.03021	0.00598	0.01108
12	0.00904	0.00646	0.00861	0.01034	0.01077	0.00603	0.00689	0.01034	0.01421	0.01895	0.04092	0.73426	0.04910	0.02326	0.00948	0.00301	0.00431	0.02110	0.00689	0.00603
13	0.05283	0.02725	0.31742	0.02263	0.08661	0.01878	0.10402	0.15958	0.08611	0.02965	0.01609	0.01796	0.01178	0.00759	0.00732	0.00235	0.00966	0.00648	0.00466	0.01121
14	0.01596	0.11768	0.50078	0.02205	0.03184	0.01895	0.14453	0.02341	0.01595	0.02285	0.01329	0.01604	0.00976	0.00682	0.00710	0.00229	0.01090	0.00592	0.00325	0.01062
15	0.01402	0.01319	0.02227	0.72126	0.05113	0.01649	0.02062	0.01897	0.01484	0.01897	0.01319	0.01979	0.00990	0.00742	0.00742	0.00247	0.00990	0.00660	0.00330	0.00825
16	0.01516	0.07655	0.66484	0.02070	0.03142	0.01790	0.02663	0.02344	0.01564	0.02318	0.01316	0.01547	0.00941	0.00702	0.00693	0.00231	0.01081	0.00540	0.00314	0.01089
17	0.05363	0.05443	0.05389	0.02058	0.10652	0.01904	0.06905	0.27894	0.06874	0.17118	0.01944	0.01966	0.01379	0.00826	0.00729	0.00226	0.00810	0.00684	0.00652	0.01185
18	0.48856	0.02286	0.05786	0.01359	0.01834	0.24693	0.01136	0.02453	0.01562	0.02766	0.01090	0.01273	0.00863	0.00715	0.00545	0.00217	0.00861	0.00437	0.00425	0.00841
19	0.01766	0.01628	0.02929	0.12524	0.36976	0.01634	0.15424	0.02224	0.01688	0.05955	0.01750	0.05774	0.01515	0.00830	0.00791	0.00241	0.00927	0.03952	0.00426	0.01046
20	0.01732	0.01475	0.01580	0.01428	0.01812	0.01682	0.01107	0.03579	0.58475	0.03087	0.12489	0.03169	0.02947	0.01081	0.00773	0.00249	0.00553	0.00912	0.00764	0.01107
21	0.05695	0.02264	0.07770	0.01489	0.01868	0.29325	0.01244	0.04972	0.01892	0.02182	0.05697	0.03725	0.14400	0.05123	0.00927	0.00259	0.00917	0.08935	0.00514	0.00802
22	0.01904	0.34237	0.32266	0.01692	0.02503	0.07992	0.01912	0.02411	0.01615	0.05456	0.01268	0.01434	0.00992	0.00691	0.00605	0.00198	0.00962	0.00487	0.00352	0.01023
23	0.01038	0.00758	0.00974	0.00920	0.01101	0.00695	0.00690	0.01375	0.02070	0.02903	0.64237	0.05667	0.11702	0.01545	0.00876	0.00235	0.00352	0.01360	0.00808	0.00695
24	0.01004	0.00723	0.00795	0.00817	0.01005	0.00646	0.00598	0.01236	0.01678	0.02273	0.14887	0.17872	0.35702	0.01712	0.00821	0.00242	0.00376	0.01463	0.15504	0.00646
25	0.01849	0.10255	0.04501	0.11401	0.18771	0.01957	0.05986	0.06901	0.25272	0.02657	0.01950	0.02110	0.01508	0.00805	0.00722	0.00230	0.00808	0.00705	0.00517	0.01096
26	0.01862	0.01466	0.02178	0.22698	0.19823	0.01626	0.01701	0.02557	0.13488	0.12148	0.02186	0.02416	0.05065	0.00900	0.00884	0.00245	0.06453	0.00753	0.00520	0.01028
27	0.01752	0.02003	0.04380	0.03129	0.03880	0.01877	0.66583	0.02378	0.01752	0.02378	0.01502	0.02003	0.01126	0.00626	0.00876	0.00250	0.01252	0.00876	0.00375	0.01001
28	0.00939	0.00680	0.00890	0.01008	0.01093	0.00631	0.00700	0.01120	0.01574	0.02114	0.16364	0.54509	0.09328	0.02138	0.00932	0.00287	0.00420	0.03934	0.00713	0.00625
29	0.04333	0.21507	0.13120	0.02142	0.15393	0.14287	0.01651	0.02441	0.03897	0.06064	0.04831	0.04191	0.01520	0.00806	0.00657	0.00206	0.00898	0.00627	0.00429	0.00999
30	0.02814	0.01618	0.09725	0.01582	0.05643	0.01277	0.01325	0.08664	0.02072	0.47264	0.02514	0.02497	0.01716	0.06638	0.00980	0.00268	0.00722	0.00738	0.00766	0.01175
31	0.05357	0.00836	0.00965	0.00890	0.01065	0.00812	0.00621	0.01699	0.01527	0.12042	0.14503	0.04025	0.03097	0.31173	0.01961	0.00421	0.00554	0.00964	0.16806	0.00682
32	0.01011	0.00725	0.00921	0.00975	0.01114	0.00673	0.00719	0.01264	0.01748	0.02397	0.28836	0.29049	0.13681	0.01858	0.00896	0.00266	0.00414	0.07877	0.04921	0.00656
33	0.09161	0.12887	0.06693	0.02245	0.20710	0.01771	0.01531	0.04132	0.01605	0.05726	0.01334	0.01602	0.01091	0.00710	0.00770	0.00195	0.06959	0.00538	0.00417	0.19922
34	0.01897	0.09500	0.02362	0.02653	0.29192	0.05046	0.01577	0.05006	0.01747	0.09855	0.02146	0.15464	0.02062	0.01109	0.00828	0.00239	0.03679	0.04120	0.00515	0.01003
35	0.00962	0.00755	0.00869	0.00841	0.01055	0.00663	0.00631	0.01229	0.01892	0.02480	0.37512	0.06363	0.38691	0.01703	0.00877	0.00242	0.00363	0.01457	0.00752	0.00663
36	0.04861	0.06100	0.06334	0.01943	0.10244	0.04001	0.01473	0.23304	0.20217	0.03283	0.01945	0.02018	0.01478	0.00879	0.00796	0.00230	0.04642	0.00676	0.04458	0.01120
37	0.02257	0.49878	0.03273	0.01492	0.02040	0.26439	0.01327	0.02479	0.01714	0.01771	0.01072	0.01242	0.00954	0.00680	0.00543	0.00170	0.00982	0.00425	0.00340	0.00921
38	0.01175	0.00659	0.00917	0.00951	0.00959	0.00651	0.00617	0.01001	0.01077	0.01436	0.02032	0.16648	0.02259	0.15807	0.02683	0.48681	0.00617	0.01012	0.00418	0.00401
39	0.05122	0.39355	0.03021	0.05296	0.02217	0.12923	0.01355	0.18112	0.02073	0.02541	0.01249	0.01401	0.01026	0.00725	0.00584	0.00187	0.00884	0.00490	0.00437	0.01002
40	0.01976	0.04889	0.02184	0.19349	0.14608	0.25700	0.01616	0.05460	0.01842	0.02100	0.01857	0.08609	0.04827	0.00944	0.00731	0.00224	0.00993	0.00768	0.00427	0.00895
41	0.01057	0.00783	0.00991	0.00948	0.01130	0.00732	0.00707	0.01447	0.04523	0.02833	0.57225	0.10091	0.11576	0.01581	0.00876	0.00240	0.00367	0.01392	0.00796	0.00706
42	0.01032	0.00758	0.00967	0.00915	0.01098	0.00693	0.00686	0.01366	0.02058	0.02875	0.62425	0.05714	0.13531	0.01556	0.00876	0.00235	0.00353	0.01366	0.00804	0.00693
43	0.00885	0.00723	0.00782	0.00828	0.01023	0.00620	0.00598	0.01057	0.01619	0.01976	0.06596	0.25012	0.51707	0.02000	0.00896	0.00264	0.00391	0.01713	0.00689	0.00620
44	0.03331	0.01263	0.01723	0.01321	0.01895	0.01091	0.01091	0.03618	0.02125	0.69794	0.02929	0.02527	0.01838	0.00919	0.00747	0.00230	0.00632	0.00747	0.00919	0.01263
45	0.01061	0.00795	0.01193	0.01193	0.01326	0.00928	0.00928	0.01326	0.01193	0.01723	0.01988	0.02916	0.01856	0.05568	0.70968	0.01193	0.01988	0.00795	0.00398	0.00663
46	0.01489	0.03840	0.70064	0.02116	0.03213	0.01724	0.02743	0.02351	0.01567	0.02351	0.01332	0.01567	0.00940	0.00705	0.00705	0.00235	0.01097	0.00549	0.00313	0.01097
47	0.01539	0.01319	0.01539	0.01100	0.01759	0.00990	0.00880	0.01869	0.01539	0.02419	0.01319	0.01539	0.01100	0.00550	0.00550	0.00110	0.00550	0.00440	0.00440	0.78449
48	0.00975	0.00756	0.00888	0.00855	0.01063	0.00668	0.00641	0.01255	0.01923	0.02554	0.42154	0.06242	0.34003	0.01676	0.00876	0.00241	0.00361	0.01440	0.00762	0.00668
49	0.01289	0.00645	0.00967	0.00967	0.00967	0.00645	0.00645	0.00967	0.00967	0.01289	0.01289	0.02257	0.01289	0.02579	0.02901	0.78401	0.00645	0.00645	0.00322	0.00322
50	0.03331	0.01263	0.01723	0.01321	0.01895	0.01091	0.01091	0.03618	0.02125	0.69794	0.02929	0.02527	0.01838	0.00919	0.00747	0.00230	0.00632	0.00747	0.00919	0.01263
51	0.00877	0.00752	0.00752	0.00752	0.01003	0.00627	0.00564	0.01065	0.01692	0.02005	0.07520	0.07144	0.68978	0.01880	0.00877	0.00251	0.00376	0.01567	0.00689	0.00627
52	0.79154	0.01436	0.01091	0.00976	0.01436	0.01665	0.00804	0.02182	0.01263	0.03331	0.01034	0.01206	0.00804	0.00689	0.00459	0.00230	0.00574	0.00402	0.00459	0.00804
53	0.01846	0.01595	0.01679	0.01511	0.01930	0.01846	0.01175	0.03945	0.67938	0.03105	0.03022	0.02770	0.02266	0.01007	0.00755	0.00252	0.00588	0.00839	0.00755	0.01175
54	0.79154	0.01436	0.01091	0.00976	0.01436	0.01665	0.00804	0.02182	0.01263	0.03331	0.01034	0.01206	0.00804	0.00689	0.00459	0.00230	0.00574	0.00402	0.00459	0.00804
55	0.01632	0.01513	0.02497	0.03644	0.52265	0.01495	0.01878	0.02043	0.01773	0.02515	0.15178	0.02842	0.05719	0.00893	0.00770	0.00225	0.00751	0.00843	0.00473	0.01054
56	0.01199	0.00914	0.01120	0.01041	0.01262	0.00914	0.00789	0.01874	0.14356	0.03001	0.56628	0.05029	0.06123	0.01423	0.00853	0.00237	0.00394	0.01249	0.00806	0.00789
57	0.03331	0.01263	0.01723	0.01321	0.01895	0.01091	0.01091	0.03618	0.02125	0.69794	0.02929	0.02527	0.01838	0.00919	0.00747	0.00230	0.00632	0.00747	0.00919	0.01263
58	0.01908	0.01625	0.01713	0.01523	0.01954	0.01875	0.01190	0.07917	0.63866	0.03205	0.02943	0.02707	0.02203	0.01000	0.00755	0.00250	0.00602	0.00829	0.00755	0.01181
59	0.01557	0.01306	0.01649	0.01255	0.01814	0.01099	0.05053	0.04795	0.04961	0.02603	0.07270	0.02406	0.01871	0.00770	0.00640	0.00157	0.00588	0.04039	0.04434	0.51733
60	0.02018	0.13299	0.40014	0.01868	0.02751	0.01758	0.06169	0.02637	0.01704	0.18387	0.01681	0.01770	0.01168	0.00741	0.00693	0.00224	0.00952	0.00595	0.00463	0.01110
61	0.01704	0.02336	0.16315	0.02945	0.03759	0.01849	0.54983	0.02373	0.01719	0.02373	0.01471	0.01923	0.01093	0.00640	0.00845	0.00248	0.01224	0.00817	0.00364	0.01019
62	0.02689	0.01121	0.01517	0.01212	0.01674	0.00981	0.00981	0.02994	0.02118	0.51000	0.21481	0.03376	0.03291	0.01087	0.00783	0.00231	0.00553	0.00914	0.00890	0.01105
63	0.01740	0.01957	0.03945	0.06522	0.06391	0.04757	0.54677	0.02309	0.01735	0.02308	0.01601	0.05479	0.01300	0.00723	0.00858	0.00249	0.01187	0.00900	0.00389	0.00974
64	0.01508	0.08100	0.60436	0.02054	0.03075	0.01766	0.05303	0.02295	0.01576	0.02301	0.01555	0.01774	0.03532	0.00742	0.00705	0.00232	0.01057	0.00592	0.00331	0.01066
65	0.02094	0.01018	0.01345	0.01130	0.01492	0.00923	0.00894	0.02492	0.04986	0.32524	0.36850	0.04090	0.04513	0.01231	0.00813	0.00233	0.00485	0.01057	0.00859	0.00970
66	0.01624	0.01624	0.02274	0.01949	0.01949	0.02274	0.01624	0.01787	0.01137	0.01787	0.00975	0.01624	0.00975	0.01299	0.02436	0.00325	0.72552	0.00650	0.00325	0.00812
67	0.01865	0.02170	0.17125	0.06593	0.26269	0.01737	0.16840	0.02406	0.01679	0.09308	0.01536	0.01884	0.01162	0.00732	0.00867	0.00239	0.05394	0.00695	0.00411	0.01089
68	0.01451	0.04475	0.20443	0.01451	0.01834	0.01337	0.01410	0.01779	0.01381	0.06170	0.02087	0.06896	0.02098	0.25383	0.02017	0.00420	0.11283	0.06850	0.00452	0.00782
69	0.00903	0.00739	0.00797	0.00811	0.01026	0.00633	0.00597	0.01104	0.01710	0.02115	0.14900	0.15432	0.52874	0.01891	0.00886	0.00255	0.00380	0.01608	0.00706	0.00633
70	0.01402	0.01319	0.02227	0.72126	0.05113	0.01649	0.02062	0.01897	0.01484	0.01897	0.01319	0.01979	0.00990	0.00742	0.00742	0.00247	0.00990	0.00660	0.00330	0.00825
71	0.06586	0.19198	0.14037	0.06189	0.20419	0.08564	0.01806	0.04325	0.01723	0.08537	0.01405	0.01626	0.01095	0.00709	0.00649	0.00209	0.00903	0.00556	0.00414	0.01050
72	0.01124	0.00839	0.01065	0.01039	0.01153	0.00925	0.00771	0.01313	0.01315	0.01867	0.03142	0.07417	0.14587	0.17812	0.24231	0.00652	0.08620	0.01034	0.10465	0.00629
73	0.00968	0.00716	0.00908	0.00965	0.01099	0.00656	0.00697	0.01200	0.01733	0.02329	0.28545	0.33721	0.16675	0.01937	0.00913	0.00270	0.00404	0.04879	0.00736	0.00647
74	0.01894	0.01482	0.02096	0.08337	0.24456	0.01559	0.01565	0.08436	0.15821	0.09448	0.05910	0.08285	0.02228	0.01035	0.00781	0.00244	0.00724	0.04030	0.00601	0.01068
75	0.08375	0.06433	0.33016	0.02221	0.11344	0.07266	0.04519	0.07691	0.03726	0.06495	0.01471	0.01660	0.01085	0.00733	0.00688	0.00225	0.00971	0.00580	0.00423	0.01079
76	0.01441	0.01283	0.02054	0.11735	0.31654	0.01316	0.01663	0.01809	0.01618	0.02194	0.02749	0.09693	0.08859	0.01469	0.04624	0.00310	0.00829	0.13312	0.00485	0.00904
77	0.01313	0.00791	0.01022	0.00978	0.01174	0.00768	0.00741	0.01611	0.01740	0.09021	0.27904	0.10719	0.07398	0.02224	0.14501	0.00417	0.00706	0.01140	0.15099	0.00733
78	0.45387	0.08015	0.01711	0.01298	0.01784	0.13767	0.01064	0.14355	0.01843	0.03190	0.01192	0.01335	0.00928	0.00735	0.00550	0.00216	0.00769	0.00464	0.00487	0.00912
79	0.02250	0.05282	0.20988	0.02307	0.13953	0.04195	0.05973	0.12062	0.02006	0.17942	0.01748	0.01869	0.01246	0.00794	0.00801	0.00230	0.04039	0.00647	0.00530	0.01140

[dist]
# distance from previous block
# <min> <max>
0	1

[block]
# block no. 4 follows, 27 sequences, length 49
# corresponding to MSA columns:
# 336-344,350-389
name=unknown_E
#
# <colnr> <probs for GDERKNQSTAVLIFYWHMCP>
#	G	D	E	R	K	N	Q	S	T	A	V	L	I	F	Y	W	H	M	C	P
0	0.01325	0.01467	0.09053	0.01320	0.01675	0.06804	0.05610	0.01824	0.05672	0.02709	0.43062	0.04459	0.09442	0.01299	0.00833	0.00234	0.00594	0.01137	0.00682	0.00801
1	0.03078	0.01506	0.01853	0.01439	0.02006	0.01472	0.01183	0.20385	0.07732	0.47226	0.02632	0.02349	0.01719	0.00919	0.00746	0.00230	0.00677	0.00733	0.00859	0.01256
2	0.02279	0.18115	0.20248	0.01802	0.02484	0.20304	0.03966	0.13629	0.02066	0.06446	0.01397	0.01536	0.01062	0.00748	0.00662	0.00206	0.01027	0.00542	0.00444	0.01039
3	0.02096	0.02140	0.08020	0.02984	0.29355	0.08941	0.07250	0.12585	0.11871	0.04813	0.01721	0.01929	0.01326	0.00767	0.00742	0.00226	0.00915	0.00682	0.00497	0.01139
4	0.01036	0.00797	0.00954	0.00947	0.01135	0.00747	0.00697	0.01430	0.06720	0.02523	0.35421	0.18627	0.22752	0.01730	0.00881	0.00252	0.00390	0.01511	0.00754	0.00697
5	0.01450	0.01382	0.02374	0.64031	0.10179	0.01667	0.04613	0.01946	0.01511	0.01958	0.01333	0.01969	0.01010	0.00731	0.00747	0.00245	0.00991	0.00668	0.00335	0.00860
6	0.00892	0.00748	0.00775	0.00777	0.01014	0.00631	0.00579	0.01090	0.01712	0.02075	0.12054	0.09695	0.61677	0.01870	0.00880	0.00251	0.00376	0.01572	0.00699	0.00631
7	0.00989	0.00737	0.00921	0.00916	0.01082	0.00668	0.00671	0.01267	0.01895	0.02585	0.44759	0.18423	0.18875	0.01739	0.00889	0.00249	0.00370	0.01529	0.00768	0.00668
8	0.01061	0.00795	0.01193	0.01193	0.01326	0.00928	0.00928	0.01326	0.01193	0.01723	0.01988	0.02916	0.01856	0.05568	0.70968	0.01193	0.01988	0.00795	0.00398	0.00663
9	0.79154	0.01436	0.01091	0.00976	0.01436	0.01665	0.00804	0.02182	0.01263	0.03331	0.01034	0.01206	0.00804	0.00689	0.00459	0.00230	0.00574	0.00402	0.00459	0.00804
10	0.79154	0.01436	0.01091	0.00976	0.01436	0.01665	0.00804	0.02182	0.01263	0.03331	0.01034	0.01206	0.00804	0.00689	0.00459	0.00230	0.00574	0.00402	0.00459	0.00804
11	0.02822	0.02079	0.02228	0.01708	0.02302	0.02302	0.01411	0.66804	0.03490	0.04679	0.01782	0.01782	0.01262	0.00891	0.00743	0.00223	0.00817	0.00668	0.00743	0.01262
12	0.01051	0.00759	0.00992	0.00934	0.01109	0.00700	0.00700	0.01401	0.02101	0.02977	0.68888	0.05545	0.07005	0.01518	0.00876	0.00233	0.00350	0.01343	0.00817	0.00700
13	0.02637	0.02947	0.02061	0.01809	0.02239	0.46640	0.01389	0.15638	0.12697	0.02580	0.01566	0.01650	0.01222	0.00828	0.00697	0.00207	0.01119	0.00572	0.00512	0.00989
14	0.01997	0.13507	0.18109	0.01452	0.02130	0.01574	0.01450	0.02634	0.09358	0.17376	0.06551	0.02131	0.01750	0.00802	0.00665	0.00199	0.00726	0.00636	0.00560	0.16392
15	0.02110	0.07456	0.23969	0.02488	0.16751	0.05508	0.07486	0.11595	0.01975	0.11251	0.01597	0.01776	0.01168	0.00741	0.00719	0.00223	0.00958	0.00628	0.00472	0.01128
16	0.02773	0.03538	0.02104	0.01913	0.02295	0.70930	0.01434	0.02964	0.02104	0.01817	0.01148	0.01339	0.00956	0.00765	0.00669	0.00191	0.01339	0.00478	0.00383	0.00861
17	0.01589	0.00889	0.00911	0.00837	0.01070	0.00921	0.00646	0.10994	0.01832	0.03040	0.02331	0.02627	0.01812	0.00869	0.00551	0.00180	0.00413	0.00689	0.67028	0.00773
18	0.01878	0.01814	0.04690	0.01975	0.08024	0.11364	0.09913	0.02609	0.15860	0.08101	0.13695	0.05548	0.02565	0.01042	0.00936	0.00243	0.07303	0.00881	0.00584	0.00973
19	0.04874	0.06855	0.41489	0.01865	0.02741	0.01895	0.02126	0.18043	0.04222	0.06716	0.01558	0.01679	0.01107	0.00768	0.00697	0.00228	0.00951	0.00585	0.00471	0.01130
20	0.00921	0.00658	0.00880	0.01052	0.01103	0.00617	0.00717	0.01062	0.01437	0.01913	0.04083	0.69787	0.04874	0.02310	0.00952	0.00304	0.00445	0.05588	0.00689	0.00607
21	0.01300	0.00978	0.01061	0.00996	0.01288	0.00928	0.00770	0.09259	0.05609	0.05578	0.05846	0.12438	0.44398	0.01719	0.00863	0.00256	0.00474	0.04766	0.00710	0.00764
22	0.04309	0.01712	0.02539	0.02991	0.30966	0.06717	0.10389	0.07210	0.01777	0.02445	0.01924	0.15983	0.01878	0.01047	0.00871	0.00244	0.04586	0.00956	0.00464	0.00991
23	0.01490	0.01182	0.02000	0.01582	0.01957	0.01148	0.22228	0.02021	0.05207	0.02657	0.08561	0.02994	0.02245	0.00901	0.00702	0.00215	0.00668	0.03215	0.38208	0.00819
24	0.01936	0.04097	0.14675	0.01687	0.04817	0.04643	0.06856	0.04944	0.01755	0.12004	0.01571	0.01725	0.01175	0.00668	0.00652	0.00176	0.00789	0.00558	0.00482	0.34790
25	0.02062	0.58204	0.08899	0.01433	0.02068	0.12953	0.01412	0.02343	0.01602	0.01805	0.01073	0.01243	0.00952	0.00660	0.00523	0.00170	0.00899	0.00421	0.00327	0.00951
26	0.00966	0.00756	0.00881	0.00892	0.01094	0.00671	0.00679	0.01217	0.01806	0.02334	0.26883	0.11961	0.37576	0.01814	0.00896	0.00258	0.00401	0.07530	0.00730	0.00654
27	0.02048	0.68712	0.03748	0.01321	0.01936	0.08357	0.01283	0.02282	0.01556	0.01752	0.01041	0.01203	0.00953	0.00645	0.00492	0.00161	0.00837	0.00403	0.00323	0.00945
28	0.79154	0.01436	0.01091	0.00976	0.01436	0.01665	0.00804	0.02182	0.01263	0.03331	0.01034	0.01206	0.00804	0.00689	0.00459	0.00230	0.00574	0.00402	0.00459	0.00804
29	0.01080	0.00720	0.00810	0.00810	0.00810	0.00720	0.00450	0.01080	0.01080	0.01439	0.02339	0.04858	0.02699	0.73910	0.03779	0.00720	0.00720	0.01080	0.00450	0.00450
30	0.00904	0.00646	0.00861	0.01034	0.01077	0.00603	0.00689	0.01034	0.01421	0.01895	0.04092	0.73426	0.04910	0.02326	0.00948	0.00301	0.00431	0.02110	0.00689	0.00603
31	0.01051	0.00759	0.00992	0.00934	0.01109	0.00700	0.00700	0.01401	0.02101	0.02977	0.68888	0.05545	0.07005	0.01518	0.00876	0.00233	0.00350	0.01343	0.00817	0.00700
32	0.79154	0.01436	0.01091	0.00976	0.01436	0.01665	0.00804	0.02182	0.01263	0.03331	0.01034	0.01206	0.00804	0.00689	0.00459	0.00230	0.00574	0.00402	0.00459	0.00804
33	0.64955	0.01689	0.01249	0.01121	0.01569	0.09656	0.00903	0.02395	0.06019	0.03141	0.01186	0.01331	0.00924	0.00720	0.00504	0.00227	0.00663	0.00441	0.00471	0.00836
34	0.03003	0.01410	0.01948	0.01838	0.11947	0.01311	0.01294	0.07849	0.05251	0.52088	0.02625	0.02384	0.01719	0.00883	0.00745	0.00229	0.00680	0.00733	0.00817	0.01246
35	0.02822	0.02079	0.02228	0.01708	0.02302	0.02302	0.01411	0.66804	0.03490	0.04679	0.01782	0.01782	0.01262	0.00891	0.00743	0.00223	0.00817	0.00668	0.00743	0.01262
36	0.00900	0.00662	0.00845	0.00992	0.01066	0.00607	0.00671	0.01038	0.01462	0.01911	0.04602	0.63568	0.14438	0.02260	0.00937	0.00294	0.00423	0.02030	0.00689	0.00607
37	0.01843	0.01632	0.02646	0.03813	0.53825	0.01643	0.01983	0.02410	0.08023	0.06029	0.01848	0.07669	0.01613	0.00841	0.00754	0.00230	0.00805	0.00798	0.00459	0.01135
38	0.01706	0.01519	0.02089	0.02362	0.25495	0.01363	0.01408	0.04230	0.06294	0.02541	0.01480	0.01738	0.01213	0.00632	0.00635	0.00162	0.00678	0.00553	0.00446	0.43456
39	0.06471	0.18121	0.11275	0.01531	0.02177	0.02046	0.01439	0.22977	0.06782	0.17360	0.01845	0.01818	0.01318	0.00813	0.00666	0.00214	0.00781	0.00607	0.00616	0.01142
40	0.01080	0.00720	0.00810	0.00810	0.00810	0.00720	0.00450	0.01080	0.01080	0.01439	0.02339	0.04858	0.02699	0.73910	0.03779	0.00720	0.00720	0.01080	0.00450	0.00450
41	0.01494	0.00976	0.01173	0.01091	0.01349	0.00962	0.00825	0.04813	0.11814	0.10784	0.26458	0.17851	0.10351	0.01498	0.00832	0.00247	0.00458	0.01302	0.04885	0.00837
42	0.01744	0.32431	0.32916	0.01887	0.07074	0.02234	0.01982	0.02421	0.06842	0.02168	0.01348	0.01527	0.01067	0.00698	0.00617	0.00204	0.00918	0.00517	0.00354	0.01049
43	0.00892	0.00753	0.00772	0.00767	0.01011	0.00633	0.00575	0.01093	0.01725	0.02085	0.12526	0.07014	0.63923	0.01851	0.00877	0.00249	0.00374	0.01548	0.00700	0.00633
