[name]
unknown

[dist]
# distance from previous block
# <min> <max>
0	70

[block]
# block no. 0 follows, 30 sequences, length 17
# corresponding to MSA columns:
# 78-94
name=unknown_A
#
# <colnr> <probs for GDERKNQSTAVLIFYWHMCP>
#	G	D	E	R	K	N	Q	S	T	A	V	L	I	F	Y	W	H	M	C	P
0	0.04176	0.06506	0.03763	0.01223	0.01508	0.01085	0.06345	0.01683	0.09868	0.02209	0.13038	0.21769	0.12875	0.01483	0.00797	0.00249	0.00548	0.09537	0.00603	0.00735
1	0.01695	0.16785	0.31381	0.01718	0.02397	0.05793	0.06502	0.05366	0.01587	0.06383	0.01550	0.08769	0.01337	0.00850	0.00747	0.00216	0.04914	0.00674	0.00393	0.00943
2	0.07600	0.09759	0.19432	0.11109	0.05192	0.15990	0.01657	0.08981	0.06808	0.02324	0.01422	0.04147	0.01149	0.00762	0.00639	0.00208	0.00907	0.00580	0.00406	0.00927
3	0.00912	0.00689	0.00786	0.00795	0.00974	0.00611	0.00583	0.01137	0.01657	0.02195	0.25291	0.16425	0.36410	0.01660	0.00810	0.00233	0.00352	0.01428	0.06441	0.00611
4	0.01289	0.01305	0.05061	0.04380	0.06089	0.05021	0.10477	0.01820	0.11327	0.02105	0.05967	0.34028	0.05351	0.01429	0.00805	0.00250	0.00652	0.01309	0.00557	0.00778
5	0.01581	0.01886	0.15153	0.10641	0.17273	0.06703	0.07718	0.02131	0.06568	0.05294	0.06024	0.09376	0.01868	0.03711	0.00832	0.00242	0.00832	0.00813	0.00443	0.00913
6	0.01034	0.00721	0.00849	0.00888	0.01077	0.00636	0.00663	0.01215	0.01542	0.07061	0.05393	0.28140	0.38109	0.01849	0.00850	0.00258	0.00416	0.08006	0.00663	0.00632
7	0.01603	0.01687	0.07617	0.21115	0.45212	0.01634	0.02055	0.02160	0.05998	0.02194	0.01390	0.01799	0.01113	0.00665	0.00692	0.00216	0.00851	0.00625	0.00357	0.01018
8	0.05536	0.02045	0.14484	0.04937	0.20940	0.04908	0.13351	0.09359	0.06201	0.02486	0.01732	0.01984	0.04925	0.00758	0.00756	0.00221	0.03291	0.00677	0.00419	0.00992
9	0.01357	0.05408	0.04856	0.17633	0.05649	0.03979	0.03794	0.05840	0.06761	0.02204	0.09763	0.05881	0.21830	0.01136	0.00740	0.00225	0.00663	0.00967	0.00519	0.00795
10	0.00963	0.00852	0.01224	0.01091	0.01333	0.00760	0.10332	0.01173	0.01499	0.01873	0.05179	0.21013	0.41035	0.07176	0.01042	0.00279	0.00507	0.01459	0.00589	0.00622
11	0.01587	0.23118	0.42662	0.01767	0.04759	0.01912	0.02001	0.06261	0.01567	0.02170	0.01344	0.05391	0.01116	0.00737	0.00619	0.00204	0.00896	0.00567	0.00342	0.00981
12	0.06096	0.04737	0.15609	0.23465	0.10026	0.10444	0.04026	0.07121	0.01653	0.05340	0.01298	0.01628	0.00983	0.00716	0.00730	0.00218	0.04040	0.00568	0.00378	0.00919
13	0.01433	0.00780	0.00976	0.00943	0.01129	0.00706	0.00668	0.01573	0.01467	0.18548	0.03774	0.29642	0.15024	0.18349	0.01435	0.00348	0.00503	0.01366	0.00649	0.00688
14	0.01400	0.01090	0.01498	0.01848	0.19786	0.01054	0.01100	0.08223	0.01739	0.06496	0.06395	0.20517	0.23249	0.01400	0.00784	0.00235	0.00547	0.01227	0.00590	0.00820
15	0.07537	0.09010	0.10179	0.01439	0.05175	0.05482	0.01220	0.12309	0.01817	0.07063	0.07229	0.09079	0.01849	0.00879	0.00638	0.00190	0.00678	0.00707	0.00508	0.17012
16	0.01915	0.01700	0.03704	0.06358	0.25147	0.06494	0.01546	0.14525	0.07276	0.06295	0.06608	0.02011	0.01590	0.00789	0.00757	0.00207	0.04096	0.00654	0.00499	0.07828

[dist]
# distance from previous block
# <min> <max>
9	75

[block]
# block no. 1 follows, 30 sequences, length 33
# corresponding to MSA columns:
# 172-204
name=unknown_B
#
# <colnr> <probs for GDERKNQSTAVLIFYWHMCP>
#	G	D	E	R	K	N	Q	S	T	A	V	L	I	F	Y	W	H	M	C	P
0	0.00968	0.00734	0.00885	0.00872	0.01047	0.00679	0.00653	0.01274	0.03936	0.02349	0.37963	0.09790	0.24185	0.06029	0.00997	0.00263	0.00389	0.05659	0.00696	0.00633
1	0.01211	0.07900	0.05867	0.04740	0.04793	0.01085	0.01019	0.06705	0.01635	0.02164	0.10488	0.31473	0.11703	0.01546	0.00790	0.00245	0.00548	0.04780	0.00579	0.00727
2	0.18459	0.04149	0.13648	0.01818	0.10585	0.09146	0.03598	0.09496	0.03398	0.07027	0.01706	0.06569	0.03455	0.00849	0.00693	0.00218	0.03132	0.00660	0.00465	0.00928
3	0.01852	0.09716	0.03761	0.01222	0.01579	0.03359	0.01032	0.02301	0.09387	0.20816	0.02863	0.08255	0.09540	0.01378	0.05035	0.00280	0.06210	0.05193	0.05334	0.00885
4	0.00860	0.00611	0.00807	0.00959	0.00997	0.00573	0.00634	0.00974	0.01317	0.01756	0.03748	0.70833	0.04492	0.06542	0.01049	0.00307	0.00421	0.01926	0.00634	0.00558
5	0.06555	0.11511	0.13125	0.08052	0.02291	0.08152	0.03230	0.16730	0.07005	0.04629	0.02007	0.02106	0.07516	0.00831	0.00648	0.00207	0.00790	0.00643	0.03030	0.00943
6	0.01653	0.04828	0.18314	0.04447	0.14550	0.01362	0.03502	0.07309	0.01737	0.10952	0.07750	0.10771	0.07800	0.01017	0.00725	0.00223	0.00725	0.00880	0.00516	0.00940
7	0.00906	0.00685	0.00936	0.01170	0.05660	0.00641	0.00738	0.01052	0.01373	0.01823	0.03934	0.64724	0.09649	0.02049	0.00872	0.00275	0.00429	0.01853	0.00628	0.00604
8	0.05159	0.15271	0.28903	0.01973	0.12246	0.06301	0.01807	0.05448	0.01663	0.07791	0.05941	0.01750	0.01373	0.00724	0.00633	0.00203	0.00852	0.00566	0.00409	0.00988
9	0.08595	0.14317	0.07029	0.09516	0.07309	0.07490	0.01389	0.18243	0.06457	0.02655	0.01584	0.07398	0.01354	0.00834	0.00636	0.00205	0.00774	0.00653	0.00474	0.03089
10	0.00954	0.00718	0.00873	0.00863	0.01027	0.00642	0.00617	0.01168	0.01611	0.02186	0.30021	0.21869	0.18743	0.09040	0.01093	0.00276	0.00400	0.01397	0.00656	0.05847
11	0.01896	0.14549	0.17892	0.01937	0.10126	0.12595	0.05585	0.10488	0.03976	0.04606	0.04526	0.01874	0.03430	0.00759	0.00649	0.00200	0.00874	0.00606	0.02467	0.00965
12	0.00918	0.00724	0.00837	0.00848	0.01052	0.00643	0.00662	0.01160	0.01699	0.02168	0.23962	0.06492	0.42360	0.01700	0.00847	0.00245	0.00394	0.11991	0.00680	0.00617
13	0.02153	0.25516	0.02411	0.01495	0.01954	0.26579	0.01235	0.08241	0.19468	0.02222	0.01549	0.01597	0.01240	0.00749	0.00599	0.00187	0.00875	0.00528	0.00459	0.00944
14	0.01404	0.01328	0.02249	0.59144	0.18786	0.01573	0.01981	0.01859	0.01436	0.01888	0.01256	0.01832	0.00967	0.00682	0.00696	0.00227	0.00909	0.00620	0.00318	0.00845
15	0.01787	0.19723	0.30593	0.01704	0.02426	0.06337	0.04996	0.12785	0.05501	0.02415	0.01448	0.04641	0.01171	0.00756	0.00637	0.00204	0.00892	0.00589	0.00404	0.00990
16	0.00895	0.00692	0.00821	0.00886	0.01030	0.00631	0.00636	0.01127	0.03669	0.01990	0.13123	0.36422	0.29520	0.01890	0.00855	0.00258	0.00389	0.03896	0.00664	0.00606
17	0.00850	0.00607	0.00810	0.00972	0.01012	0.00567	0.00648	0.00972	0.01336	0.01781	0.03846	0.75020	0.04615	0.02186	0.00891	0.00283	0.00405	0.01984	0.00648	0.00567
18	0.02126	0.01632	0.02728	0.02706	0.23911	0.01605	0.19860	0.09856	0.07311	0.18292	0.01828	0.01981	0.01324	0.00717	0.00732	0.00219	0.00842	0.00709	0.00533	0.01088
19	0.02018	0.02168	0.08243	0.02673	0.21152	0.12405	0.16586	0.16950	0.06117	0.02681	0.01466	0.01713	0.01126	0.00699	0.00712	0.00213	0.00956	0.00644	0.00444	0.01036
20	0.01859	0.01560	0.01647	0.01445	0.01862	0.01793	0.01134	0.12445	0.60924	0.03118	0.02684	0.02479	0.02004	0.00932	0.00708	0.00233	0.00581	0.00767	0.00708	0.01116
21	0.01548	0.01476	0.02510	0.34625	0.42177	0.01611	0.02053	0.01985	0.01504	0.02063	0.01281	0.01785	0.01029	0.00655	0.00694	0.00218	0.00873	0.00621	0.00330	0.00961
22	0.00838	0.00707	0.00725	0.00721	0.00951	0.00595	0.00540	0.01027	0.01621	0.01958	0.12133	0.06596	0.65730	0.01740	0.00825	0.00234	0.00352	0.01456	0.00658	0.00595
23	0.80405	0.01350	0.01026	0.00918	0.01350	0.01565	0.00756	0.02051	0.01188	0.03131	0.00972	0.01134	0.00756	0.00648	0.00432	0.00216	0.00540	0.00378	0.00432	0.00756
24	0.01341	0.00950	0.01290	0.01117	0.01386	0.00912	0.05257	0.05946	0.06045	0.08484	0.43360	0.08632	0.09798	0.01328	0.00802	0.00226	0.00455	0.01176	0.00725	0.00771
25	0.01943	0.01274	0.01441	0.01207	0.01589	0.01321	0.00960	0.22646	0.12073	0.14238	0.13222	0.06691	0.11475	0.01130	0.00732	0.00220	0.00545	0.00935	0.05402	0.00956
26	0.00973	0.00699	0.00931	0.00971	0.01101	0.00658	0.00733	0.01244	0.01739	0.02402	0.41304	0.24717	0.05619	0.01718	0.00865	0.00254	0.00402	0.12324	0.00714	0.00631
27	0.17343	0.01862	0.01760	0.01509	0.01939	0.16606	0.06448	0.03051	0.31653	0.07808	0.01985	0.01959	0.01487	0.00806	0.00647	0.00219	0.00751	0.00633	0.00565	0.00968
28	0.02108	0.01548	0.02446	0.03293	0.48034	0.01528	0.01786	0.05244	0.05042	0.19335	0.01753	0.01925	0.01310	0.00705	0.00695	0.00211	0.00756	0.00650	0.00504	0.01129
29	0.00883	0.00641	0.00807	0.00904	0.00979	0.00594	0.00609	0.01024	0.01411	0.01873	0.12472	0.49986	0.12594	0.10389	0.01177	0.00314	0.00420	0.01721	0.00637	0.00565
30	0.02040	0.01520	0.02146	0.18652	0.21678	0.01638	0.01609	0.15130	0.11793	0.13958	0.01820	0.01980	0.01330	0.00766	0.00698	0.00219	0.00762	0.00660	0.00541	0.01059
31	0.01690	0.01560	0.02474	0.20745	0.43222	0.01673	0.01931	0.06640	0.08714	0.02365	0.01477	0.01847	0.01174	0.00688	0.00695	0.00217	0.00821	0.00639	0.00398	0.01030
32	0.07834	0.01596	0.07226	0.01519	0.03910	0.04981	0.01264	0.11579	0.01650	0.06958	0.02198	0.06326	0.09772	0.01251	0.03655	0.00275	0.22685	0.00773	0.03700	0.00845

[dist]
# distance from previous block
# <min> <max>
5	9

[block]
# block no. 2 follows, 30 sequences, length 23
# corresponding to MSA columns:
# 217-239
name=unknown_C
#
# <colnr> <probs for GDERKNQSTAVLIFYWHMCP>
#	G	D	E	R	K	N	Q	S	T	A	V	L	I	F	Y	W	H	M	C	P
0	0.01862	0.01561	0.02426	0.10847	0.16655	0.01620	0.14587	0.20538	0.02082	0.05777	0.09484	0.02317	0.01819	0.04249	0.00868	0.00240	0.00818	0.00758	0.00515	0.00977
1	0.02187	0.12973	0.07300	0.01753	0.02306	0.15859	0.11113	0.17880	0.12430	0.06989	0.01633	0.01714	0.01226	0.00749	0.00666	0.00204	0.00895	0.00606	0.00508	0.01011
2	0.01397	0.01310	0.02187	0.27402	0.21161	0.01406	0.08468	0.01898	0.05534	0.02117	0.06786	0.05724	0.07000	0.00925	0.00747	0.00232	0.00788	0.03626	0.00432	0.00862
3	0.02335	0.01172	0.01436	0.01163	0.01578	0.01127	0.00937	0.16086	0.02143	0.34598	0.11109	0.06268	0.05595	0.01027	0.00705	0.00213	0.00545	0.00847	0.10115	0.01001
4	0.01802	0.13305	0.06860	0.01761	0.12448	0.04910	0.01303	0.05256	0.19258	0.09319	0.08272	0.02628	0.08121	0.00914	0.00678	0.00210	0.00667	0.00750	0.00559	0.00980
5	0.05647	0.09826	0.15667	0.01832	0.06174	0.12498	0.09465	0.07089	0.05011	0.11292	0.01644	0.01928	0.01264	0.00759	0.00658	0.00208	0.00874	0.03042	0.04156	0.00966
6	0.00856	0.00631	0.00802	0.00923	0.01003	0.00577	0.00630	0.01000	0.01421	0.01868	0.08984	0.59195	0.15423	0.02066	0.00875	0.00271	0.00391	0.01852	0.00656	0.00577
7	0.01000	0.00810	0.00900	0.00860	0.01090	0.00760	0.00650	0.01460	0.10390	0.02349	0.29749	0.05646	0.38701	0.01539	0.00810	0.00230	0.00370	0.01309	0.00700	0.00680
8	0.02058	0.10691	0.10580	0.09129	0.09559	0.12826	0.03879	0.06256	0.06511	0.13234	0.01549	0.01717	0.01163	0.00770	0.00793	0.00213	0.07054	0.00584	0.00458	0.00976
9	0.07191	0.01742	0.02537	0.12325	0.51719	0.08303	0.01947	0.02152	0.01574	0.02224	0.01258	0.01658	0.01040	0.00642	0.00668	0.00208	0.00862	0.00589	0.00348	0.01013
10	0.01212	0.00606	0.00909	0.00909	0.00909	0.00606	0.00606	0.00909	0.00909	0.01212	0.01212	0.02121	0.01212	0.02424	0.02727	0.79697	0.00606	0.00606	0.00303	0.00303
11	0.01727	0.01658	0.02832	0.04283	0.71123	0.01658	0.02142	0.02142	0.01589	0.02280	0.01313	0.01727	0.01105	0.00622	0.00691	0.00207	0.00829	0.00622	0.00345	0.01105
12	0.02288	0.13603	0.07621	0.01790	0.06905	0.17059	0.05479	0.12785	0.05258	0.15245	0.01696	0.01906	0.01295	0.00782	0.00660	0.00203	0.00872	0.03034	0.00517	0.01004
13	0.18094	0.01358	0.01788	0.01408	0.01879	0.01371	0.12484	0.11688	0.05699	0.16968	0.02774	0.02746	0.13892	0.00935	0.00681	0.00221	0.00651	0.00789	0.03652	0.00923
14	0.01171	0.00719	0.00897	0.00935	0.01103	0.00639	0.00669	0.01330	0.01504	0.11860	0.04608	0.45077	0.23095	0.01876	0.00845	0.00260	0.00417	0.01653	0.00679	0.00663
15	0.04249	0.06411	0.01892	0.23078	0.08383	0.01428	0.01351	0.07858	0.04107	0.20072	0.02539	0.02618	0.11266	0.00900	0.00692	0.00219	0.00701	0.00746	0.00553	0.00936
16	0.08634	0.01798	0.02196	0.07065	0.10382	0.11658	0.11083	0.14019	0.07834	0.07580	0.01813	0.05017	0.03252	0.00843	0.00758	0.00221	0.03678	0.00709	0.00504	0.00957
17	0.06237	0.02102	0.15537	0.01973	0.02622	0.05696	0.23293	0.10812	0.07332	0.05009	0.04765	0.01896	0.01382	0.00716	0.00705	0.00213	0.00900	0.00673	0.00462	0.07674
18	0.14484	0.04811	0.02071	0.02142	0.19884	0.07392	0.05424	0.09140	0.10307	0.07545	0.04690	0.02038	0.03374	0.00781	0.00650	0.00210	0.00730	0.00649	0.02704	0.00975
19	0.02116	0.01890	0.02207	0.05404	0.09198	0.12010	0.08534	0.21856	0.12181	0.06081	0.01739	0.04015	0.01360	0.00829	0.00777	0.00216	0.04302	0.00681	0.00537	0.04066
20	0.07404	0.01634	0.04898	0.09510	0.08275	0.03554	0.05188	0.16278	0.17007	0.06759	0.04987	0.02280	0.04871	0.00850	0.00691	0.00218	0.00719	0.00710	0.00564	0.03604
21	0.07806	0.07122	0.02140	0.07535	0.17086	0.15809	0.01427	0.14960	0.04821	0.04629	0.01458	0.03745	0.01186	0.00747	0.00639	0.00197	0.00829	0.00588	0.00461	0.06816
22	0.05327	0.06033	0.09828	0.03699	0.07746	0.08572	0.01386	0.17886	0.05219	0.08531	0.04586	0.02134	0.06161	0.00857	0.00741	0.00208	0.04253	0.00656	0.00524	0.05653

[dist]
# distance from previous block
# <min> <max>
10	141

[block]
# block no. 3 follows, 30 sequences, length 37
# corresponding to MSA columns:
# 399-435
name=unknown_D
#
# <colnr> <probs for GDERKNQSTAVLIFYWHMCP>
#	G	D	E	R	K	N	Q	S	T	A	V	L	I	F	Y	W	H	M	C	P
0	0.11344	0.12112	0.21186	0.01915	0.14150	0.01626	0.01607	0.01981	0.01437	0.04560	0.01784	0.06105	0.06195	0.00855	0.00753	0.00213	0.06342	0.00660	0.00393	0.04783
1	0.07818	0.04222	0.12170	0.01831	0.07866	0.09950	0.10348	0.02319	0.07733	0.07446	0.01781	0.04320	0.03008	0.00786	0.00663	0.00202	0.00808	0.02759	0.00455	0.13518
2	0.04486	0.06408	0.16157	0.01583	0.06547	0.01440	0.01398	0.12581	0.01896	0.16847	0.10310	0.07733	0.02106	0.00943	0.00733	0.00214	0.02736	0.00766	0.00573	0.04542
3	0.04120	0.05219	0.06855	0.04615	0.01904	0.07440	0.01183	0.08933	0.15075	0.11707	0.04062	0.09205	0.03712	0.03336	0.00798	0.00239	0.00687	0.06172	0.00590	0.04146
4	0.05834	0.03762	0.01783	0.01488	0.04043	0.04385	0.04295	0.12966	0.11867	0.15047	0.04472	0.09322	0.04083	0.01147	0.03030	0.00252	0.06286	0.00819	0.00605	0.04517
5	0.01502	0.09872	0.17733	0.01437	0.01853	0.04950	0.01380	0.01898	0.03825	0.06651	0.07435	0.15574	0.05292	0.01166	0.00988	0.00235	0.13721	0.00904	0.00474	0.03112
6	0.04313	0.01623	0.08426	0.01542	0.08503	0.06722	0.01176	0.06971	0.04918	0.02279	0.01495	0.06134	0.01315	0.00957	0.00887	0.10503	0.00681	0.00602	0.00428	0.30525
7	0.03981	0.10559	0.14064	0.08403	0.12064	0.10806	0.03493	0.04313	0.01664	0.06497	0.06599	0.01821	0.01439	0.00715	0.00636	0.00191	0.00827	0.00579	0.00417	0.10932
8	0.00998	0.00744	0.01105	0.01105	0.01224	0.00863	0.00852	0.01236	0.01117	0.01608	0.01884	0.02824	0.01780	0.08406	0.69587	0.01101	0.01815	0.00760	0.00376	0.00614
9	0.01879	0.01842	0.07448	0.05818	0.06015	0.07392	0.10273	0.15811	0.07192	0.04861	0.01635	0.02009	0.01296	0.00748	0.00677	0.00195	0.00807	0.03820	0.00489	0.19792
10	0.65464	0.01280	0.01100	0.00996	0.01363	0.01505	0.00814	0.01924	0.01172	0.02849	0.01088	0.01369	0.00896	0.01288	0.10130	0.00341	0.04825	0.00440	0.00417	0.00739
11	0.01554	0.01254	0.01643	0.01656	0.14207	0.01079	0.01075	0.05524	0.01585	0.05720	0.01762	0.13120	0.01652	0.00833	0.00626	0.00162	0.00574	0.00724	0.00476	0.44774
12	0.01167	0.00746	0.00956	0.01003	0.01132	0.00719	0.00717	0.01402	0.04495	0.08640	0.05627	0.39645	0.07678	0.12174	0.05235	0.00374	0.00562	0.06457	0.00629	0.00645
13	0.01669	0.01440	0.01808	0.09579	0.02098	0.01789	0.01317	0.11098	0.20950	0.02467	0.01746	0.02028	0.01403	0.01201	0.04779	0.00295	0.26426	0.00674	0.06331	0.00902
14	0.31150	0.02273	0.01709	0.01649	0.07096	0.31933	0.01197	0.07835	0.01721	0.02495	0.01098	0.01295	0.00886	0.00719	0.00646	0.00204	0.04385	0.00459	0.00410	0.00841
15	0.01827	0.52287	0.08001	0.01639	0.02275	0.05909	0.15367	0.02162	0.01497	0.01805	0.01086	0.01308	0.00929	0.00605	0.00549	0.00173	0.00879	0.00480	0.00313	0.00909
16	0.01686	0.21025	0.05363	0.01150	0.01599	0.03763	0.01014	0.04292	0.03889	0.11024	0.18064	0.06783	0.06032	0.00988	0.00653	0.00190	0.00588	0.00803	0.00559	0.10538
17	0.01193	0.00972	0.01237	0.01321	0.06588	0.01011	0.00932	0.04611	0.09292	0.02285	0.15907	0.16342	0.17940	0.01705	0.04438	0.00293	0.05223	0.07349	0.00620	0.00740
18	0.01318	0.01240	0.02093	0.73798	0.04806	0.01550	0.01938	0.01783	0.01395	0.01783	0.01240	0.01860	0.00930	0.00698	0.00698	0.00233	0.00930	0.00620	0.00310	0.00775
19	0.01992	0.63519	0.03370	0.01297	0.01854	0.14685	0.01220	0.02208	0.01513	0.01653	0.00989	0.01143	0.00896	0.00618	0.00479	0.00154	0.00834	0.00386	0.00309	0.00881
20	0.01643	0.01572	0.02680	0.18622	0.57444	0.01636	0.02100	0.02068	0.01549	0.02177	0.01298	0.01755	0.01069	0.00637	0.00692	0.00212	0.00850	0.00621	0.00338	0.01037
21	0.02970	0.01149	0.01554	0.01205	0.01704	0.00999	0.00980	0.03219	0.01922	0.66257	0.02711	0.02542	0.01789	0.06545	0.00919	0.00251	0.00600	0.00726	0.00830	0.01129
22	0.01171	0.01031	0.01637	0.33759	0.11805	0.01147	0.01409	0.01486	0.01409	0.01853	0.02538	0.29167	0.06215	0.01298	0.00775	0.00248	0.00691	0.01172	0.00458	0.00731
23	0.11621	0.01493	0.01996	0.15430	0.02547	0.04539	0.12129	0.13165	0.08560	0.02668	0.08264	0.05354	0.05658	0.00922	0.00747	0.00228	0.02497	0.00795	0.00513	0.00872
24	0.00985	0.00707	0.00892	0.00892	0.00968	0.00740	0.00607	0.01101	0.01125	0.01519	0.02665	0.04134	0.10530	0.39814	0.29519	0.00792	0.01091	0.00969	0.00432	0.00519
25	0.00847	0.00621	0.00796	0.00937	0.01003	0.00570	0.00632	0.00976	0.01370	0.01795	0.04274	0.65953	0.13406	0.02131	0.00882	0.00277	0.00398	0.01916	0.00648	0.00570
26	0.01087	0.00654	0.00832	0.00832	0.00838	0.00659	0.00511	0.00986	0.00981	0.01313	0.01820	0.03583	0.02013	0.45385	0.06381	0.29804	0.00705	0.00852	0.00376	0.00388
27	0.01675	0.05309	0.02541	0.27709	0.38680	0.08196	0.01953	0.02075	0.01550	0.02026	0.01250	0.01700	0.01016	0.00655	0.00676	0.00211	0.00899	0.00593	0.00332	0.00955
28	0.02850	0.01314	0.01638	0.01270	0.01779	0.01252	0.01044	0.18280	0.02243	0.49685	0.02460	0.02235	0.01609	0.00853	0.00681	0.00209	0.00609	0.00680	0.08172	0.01137
29	0.00961	0.00663	0.00800	0.00864	0.00896	0.00645	0.00548	0.01028	0.01180	0.01562	0.03004	0.28474	0.05502	0.43723	0.02403	0.00507	0.00573	0.05657	0.00520	0.00491
30	0.00954	0.00725	0.00884	0.00888	0.01050	0.00673	0.00648	0.01280	0.05048	0.02354	0.37015	0.22021	0.20550	0.01661	0.00834	0.00239	0.00364	0.01459	0.00709	0.00643
31	0.04040	0.09381	0.12591	0.01506	0.05019	0.01490	0.03164	0.05736	0.16793	0.12691	0.07913	0.05092	0.07554	0.00990	0.00700	0.00222	0.00657	0.02909	0.00586	0.00965
32	0.73113	0.01291	0.01017	0.00914	0.01321	0.01482	0.00747	0.01984	0.01260	0.03100	0.07379	0.01508	0.01291	0.00719	0.00468	0.00216	0.00520	0.00459	0.00463	0.00747
33	0.01484	0.01274	0.01718	0.01654	0.08921	0.04116	0.07362	0.10324	0.01777	0.02426	0.15155	0.09121	0.02872	0.10167	0.01179	0.00281	0.04279	0.07314	0.00540	0.08035
34	0.09059	0.24626	0.11671	0.01479	0.02097	0.01878	0.07860	0.07043	0.01596	0.07553	0.01283	0.01455	0.01007	0.00663	0.00649	0.00182	0.04245	0.00498	0.00408	0.14747
35	0.01857	0.11135	0.02090	0.04412	0.01979	0.05556	0.09239	0.15021	0.08311	0.07601	0.04034	0.02394	0.01669	0.11729	0.05816	0.00332	0.00839	0.00714	0.04387	0.00884
36	0.20764	0.07625	0.06959	0.04808	0.04832	0.15853	0.01262	0.11026	0.04048	0.10134	0.05278	0.01720	0.01358	0.00762	0.00607	0.00204	0.00789	0.00553	0.00497	0.00921

[dist]
# distance from previous block
# <min> <max>
0	43

[block]
# block no. 4 follows, 30 sequences, length 24
# corresponding to MSA columns:
# 479-502
name=unknown_E
#
# <colnr> <probs for GDERKNQSTAVLIFYWHMCP>
#	G	D	E	R	K	N	Q	S	T	A	V	L	I	F	Y	W	H	M	C	P
0	0.01345	0.08283	0.01402	0.01048	0.01406	0.01039	0.00861	0.01695	0.04892	0.06638	0.09312	0.03943	0.15876	0.01710	0.10232	0.00322	0.00692	0.09579	0.00550	0.19175
1	0.01898	0.27705	0.15660	0.07125	0.10907	0.02078	0.01630	0.12654	0.06242	0.05783	0.01405	0.01560	0.01089	0.00693	0.00605	0.00194	0.00806	0.00532	0.00421	0.01011
2	0.01799	0.01745	0.08720	0.11738	0.05610	0.09472	0.01421	0.13788	0.01843	0.07835	0.02082	0.10100	0.04589	0.01175	0.03015	0.00257	0.06227	0.04525	0.00503	0.03556
3	0.10403	0.04025	0.11230	0.07613	0.21706	0.08864	0.01651	0.09305	0.05340	0.05446	0.04728	0.01805	0.01345	0.00750	0.00700	0.00213	0.02855	0.00600	0.00443	0.00979
4	0.01495	0.02168	0.24386	0.06545	0.25218	0.01533	0.14125	0.02057	0.01602	0.02289	0.10103	0.02124	0.01712	0.00735	0.00723	0.00220	0.00897	0.00706	0.00383	0.00978
5	0.01431	0.00913	0.01130	0.01087	0.01311	0.00909	0.00807	0.02018	0.16145	0.13295	0.19223	0.31715	0.04095	0.01535	0.00807	0.00248	0.00448	0.01357	0.00723	0.00801
6	0.17921	0.08858	0.01739	0.01292	0.01727	0.15110	0.01050	0.17546	0.05864	0.09631	0.01607	0.01680	0.01205	0.00760	0.00581	0.00195	0.00725	0.00539	0.11046	0.00925
7	0.01698	0.07493	0.24922	0.20084	0.12288	0.08471	0.05276	0.05767	0.01634	0.04089	0.01294	0.01615	0.00976	0.00678	0.00668	0.00213	0.00962	0.00566	0.00352	0.00955
8	0.00917	0.00715	0.00916	0.01066	0.04991	0.00652	0.00700	0.01108	0.01538	0.02020	0.16480	0.38365	0.24289	0.01839	0.00848	0.00254	0.00400	0.01628	0.00652	0.00620
9	0.02027	0.00984	0.01221	0.01015	0.01403	0.00862	0.00811	0.04497	0.01883	0.36064	0.10922	0.04283	0.28578	0.01262	0.00760	0.00224	0.00482	0.01048	0.00766	0.00908
10	0.02106	0.01222	0.01433	0.01248	0.01580	0.08804	0.00991	0.02357	0.01598	0.32230	0.02169	0.02419	0.01644	0.02828	0.33330	0.00622	0.01245	0.00695	0.00586	0.00890
11	0.02031	0.13248	0.27633	0.01647	0.02307	0.17644	0.01692	0.07909	0.01787	0.11050	0.01548	0.05697	0.01234	0.00793	0.00646	0.00203	0.00928	0.00597	0.00436	0.00968
12	0.00894	0.00709	0.00809	0.00825	0.01020	0.00624	0.00627	0.01117	0.01663	0.02115	0.21797	0.12228	0.43488	0.01736	0.00843	0.00244	0.00379	0.07595	0.00676	0.00609
13	0.01400	0.03610	0.71860	0.01989	0.03020	0.01621	0.02578	0.02210	0.01473	0.02210	0.01252	0.01473	0.00884	0.00663	0.00663	0.00221	0.01031	0.00516	0.00295	0.01031
14	0.05302	0.05738	0.09779	0.02044	0.12828	0.15442	0.07125	0.11518	0.07022	0.05393	0.01653	0.05557	0.01351	0.00800	0.00666	0.00208	0.00856	0.00661	0.05096	0.00960
15	0.14660	0.01720	0.14361	0.01380	0.01912	0.01402	0.01305	0.09780	0.01833	0.27992	0.08688	0.02148	0.01775	0.00876	0.00798	0.00224	0.06870	0.00656	0.00617	0.01002
16	0.00862	0.00616	0.00820	0.00964	0.01015	0.00575	0.00649	0.01001	0.01390	0.01867	0.09493	0.69129	0.04782	0.02122	0.00885	0.00278	0.00398	0.01923	0.00658	0.00575
17	0.01139	0.00796	0.01118	0.01076	0.01119	0.00922	0.00784	0.01153	0.01027	0.01446	0.01610	0.02782	0.01641	0.19052	0.26814	0.24793	0.11130	0.00744	0.00354	0.00502
18	0.01884	0.17760	0.08580	0.07325	0.14440	0.07893	0.10143	0.07497	0.07948	0.05300	0.01483	0.01698	0.01155	0.00692	0.00645	0.00201	0.00860	0.00591	0.02925	0.00980
19	0.01432	0.01802	0.18019	0.16236	0.08810	0.01523	0.01685	0.07396	0.01489	0.02087	0.01659	0.02216	0.04470	0.06292	0.10674	0.00383	0.11927	0.00678	0.00374	0.00845
20	0.01029	0.00758	0.01032	0.01018	0.01089	0.00858	0.00732	0.01178	0.01078	0.01521	0.01950	0.03381	0.02008	0.31911	0.42878	0.00912	0.04881	0.00843	0.00389	0.00553
21	0.00979	0.00759	0.00898	0.00879	0.01042	0.00742	0.00661	0.01203	0.01607	0.02178	0.23322	0.14495	0.31588	0.01589	0.00924	0.00236	0.06583	0.01329	0.08359	0.00626
22	0.01128	0.01395	0.15047	0.01230	0.01606	0.00983	0.04025	0.01665	0.07831	0.02386	0.29163	0.11265	0.13628	0.01481	0.03794	0.00269	0.00600	0.01135	0.00606	0.00764
23	0.01810	0.04838	0.12324	0.07973	0.35440	0.14953	0.05241	0.02230	0.01606	0.02079	0.01231	0.01591	0.01006	0.00674	0.00744	0.00209	0.04155	0.00575	0.00336	0.00987

[dist]
# distance from previous block
# <min> <max>
0	20

[block]
# block no. 5 follows, 30 sequences, length 75
# corresponding to MSA columns:
# 523-597
name=unknown_F
#
# <colnr> <probs for GDERKNQSTAVLIFYWHMCP>
#	G	D	E	R	K	N	Q	S	T	A	V	L	I	F	Y	W	H	M	C	P
0	0.01688	0.01669	0.02600	0.20648	0.50777	0.06345	0.02041	0.02099	0.01569	0.02124	0.01280	0.01728	0.01050	0.00646	0.00688	0.00211	0.00882	0.00610	0.00338	0.01007
1	0.04752	0.22169	0.42951	0.01630	0.02428	0.01814	0.01933	0.02122	0.01456	0.04691	0.01423	0.07067	0.01201	0.00770	0.00616	0.00207	0.00872	0.00593	0.00350	0.00955
2	0.00997	0.00748	0.01121	0.01121	0.01246	0.00872	0.00872	0.01246	0.01121	0.01620	0.01869	0.02741	0.01745	0.05234	0.72710	0.01121	0.01869	0.00748	0.00374	0.00623
3	0.02389	0.02675	0.01809	0.01627	0.02001	0.49764	0.01235	0.02923	0.15134	0.07337	0.01851	0.01880	0.04717	0.00827	0.00660	0.00196	0.01025	0.00586	0.00481	0.00884
4	0.01273	0.00999	0.01548	0.01419	0.01662	0.00978	0.11406	0.05977	0.03931	0.04407	0.06580	0.33292	0.03605	0.01660	0.00871	0.00274	0.00617	0.18154	0.00619	0.00728
5	0.01657	0.01854	0.03954	0.03113	0.12264	0.01751	0.60103	0.02223	0.01640	0.02241	0.01399	0.01863	0.01065	0.00593	0.00807	0.00232	0.01132	0.00798	0.00352	0.00962
6	0.00848	0.00615	0.00802	0.00951	0.01007	0.00569	0.00639	0.00974	0.01356	0.01789	0.04094	0.69758	0.09717	0.02154	0.00886	0.00280	0.00401	0.01944	0.00648	0.00569
7	0.01700	0.01630	0.02783	0.08896	0.66722	0.01651	0.02128	0.02118	0.01576	0.02247	0.01308	0.01736	0.01094	0.00627	0.00691	0.00209	0.00836	0.00622	0.00343	0.01083
8	0.02107	0.01590	0.01726	0.05039	0.01994	0.01783	0.01168	0.35626	0.23508	0.03550	0.02100	0.02105	0.01552	0.00861	0.00671	0.00212	0.00646	0.00681	0.12016	0.01063
9	0.00832	0.00680	0.00735	0.00780	0.00962	0.00583	0.00562	0.00993	0.01521	0.01857	0.06185	0.25462	0.52664	0.01882	0.00843	0.00249	0.00368	0.01613	0.00648	0.00583
10	0.08553	0.01542	0.02375	0.08679	0.44184	0.01571	0.01772	0.06692	0.01719	0.13929	0.01541	0.01792	0.01171	0.00684	0.00672	0.00212	0.00770	0.00615	0.00459	0.01070
11	0.01184	0.00740	0.00895	0.00863	0.00900	0.00753	0.00539	0.05480	0.01133	0.01512	0.01859	0.03619	0.02038	0.47938	0.03108	0.25075	0.00661	0.00863	0.00404	0.00436
12	0.02607	0.03326	0.01978	0.01798	0.02157	0.72674	0.01348	0.02787	0.01978	0.01708	0.01079	0.01258	0.00899	0.00719	0.00629	0.00180	0.01258	0.00449	0.00360	0.00809
13	0.00880	0.00620	0.00801	0.00933	0.00966	0.00587	0.00607	0.00980	0.01277	0.01703	0.03546	0.62171	0.04236	0.15553	0.01376	0.00355	0.00454	0.01807	0.00607	0.00541
14	0.07763	0.01476	0.02110	0.06431	0.19778	0.01501	0.06559	0.15439	0.01975	0.19963	0.01810	0.01937	0.01301	0.00746	0.00668	0.00210	0.00724	0.00644	0.07922	0.01042
15	0.01866	0.75896	0.03657	0.01194	0.01791	0.02761	0.01194	0.02090	0.01418	0.01642	0.00970	0.01119	0.00896	0.00597	0.00448	0.00149	0.00746	0.00373	0.00299	0.00896
16	0.01530	0.01511	0.01958	0.01982	0.16146	0.09538	0.09020	0.01847	0.01577	0.02136	0.04601	0.11385	0.06286	0.00900	0.00681	0.00185	0.00713	0.00810	0.00445	0.26748
17	0.01833	0.01858	0.02730	0.03985	0.62855	0.10172	0.02047	0.02219	0.01636	0.02211	0.01285	0.01671	0.01081	0.00633	0.00683	0.00204	0.00880	0.00601	0.00347	0.01070
18	0.02607	0.03326	0.01978	0.01798	0.02157	0.72674	0.01348	0.02787	0.01978	0.01708	0.01079	0.01258	0.00899	0.00719	0.00629	0.00180	0.01258	0.00449	0.00360	0.00809
19	0.01661	0.01338	0.01590	0.03708	0.04796	0.01209	0.01011	0.04675	0.16679	0.06574	0.01702	0.01791	0.01322	0.00654	0.00590	0.00152	0.00565	0.00537	0.00509	0.48936
20	0.01701	0.18742	0.19335	0.01565	0.02162	0.05155	0.06629	0.09721	0.12070	0.02332	0.02000	0.02224	0.06719	0.05708	0.00839	0.00236	0.00811	0.00666	0.00447	0.00937
21	0.00930	0.00641	0.00786	0.00870	0.00891	0.00620	0.00539	0.00993	0.01181	0.01574	0.03050	0.40962	0.03611	0.37615	0.02177	0.00473	0.00536	0.01515	0.00539	0.00497
22	0.02469	0.03004	0.01998	0.09659	0.02447	0.60058	0.01411	0.07205	0.02003	0.01901	0.01137	0.01353	0.00922	0.00725	0.00641	0.00188	0.01189	0.00480	0.00377	0.00831
23	0.01602	0.07436	0.11477	0.01389	0.01764	0.05619	0.01240	0.14649	0.01737	0.04611	0.02053	0.18273	0.02001	0.02082	0.16718	0.00428	0.04680	0.00914	0.00493	0.00835
24	0.01871	0.01737	0.02654	0.06868	0.58367	0.07083	0.01998	0.02259	0.01638	0.06815	0.01387	0.01740	0.01123	0.00649	0.00687	0.00207	0.00851	0.00614	0.00379	0.01074
25	0.00889	0.00674	0.00820	0.00857	0.01001	0.00605	0.00615	0.01098	0.01633	0.02160	0.27605	0.30049	0.25867	0.01798	0.00847	0.00247	0.00363	0.01579	0.00689	0.00605
26	0.00997	0.00769	0.01114	0.01135	0.01227	0.00886	0.00861	0.01204	0.01176	0.01669	0.02338	0.22485	0.02469	0.04088	0.47574	0.00829	0.07040	0.01076	0.00444	0.00618
27	0.01835	0.01432	0.01383	0.01332	0.04455	0.15705	0.00985	0.06377	0.01820	0.12003	0.14235	0.03334	0.04543	0.01232	0.00934	0.08757	0.00675	0.08411	0.09778	0.00775
28	0.60541	0.01735	0.11054	0.01222	0.04239	0.04432	0.01079	0.02093	0.01284	0.02894	0.01072	0.01258	0.00827	0.00657	0.00484	0.00213	0.00642	0.00418	0.03049	0.00806
29	0.06640	0.10856	0.10089	0.01570	0.10408	0.01280	0.01228	0.01757	0.01511	0.06679	0.10343	0.09751	0.07492	0.01702	0.10802	0.00349	0.00808	0.05424	0.00498	0.00812
30	0.00872	0.00718	0.00821	0.00821	0.01026	0.00667	0.00624	0.01069	0.01462	0.01812	0.05642	0.05625	0.51876	0.02719	0.20554	0.00479	0.00769	0.01274	0.00573	0.00598
31	0.01961	0.06220	0.06718	0.01511	0.02028	0.04865	0.02851	0.19623	0.33839	0.03042	0.02078	0.02028	0.01560	0.00823	0.00671	0.00209	0.00693	0.00658	0.00605	0.08019
32	0.01724	0.01149	0.01391	0.01059	0.01568	0.00942	0.00846	0.04845	0.01729	0.15968	0.13600	0.02491	0.04952	0.00804	0.00625	0.00155	0.00504	0.00666	0.00583	0.44399
33	0.01657	0.09590	0.24428	0.11300	0.08375	0.06721	0.09841	0.08404	0.01696	0.02256	0.01509	0.05034	0.01277	0.00798	0.00694	0.00220	0.00936	0.03942	0.00384	0.00940
34	0.04261	0.10303	0.21695	0.02144	0.06754	0.01786	0.21882	0.06214	0.09665	0.02431	0.04968	0.01894	0.01397	0.00712	0.00697	0.00218	0.00909	0.00671	0.00416	0.00983
35	0.00867	0.00641	0.00810	0.00912	0.01005	0.00584	0.00629	0.01029	0.01477	0.01953	0.14489	0.52658	0.16393	0.01999	0.00869	0.00265	0.00385	0.01786	0.00666	0.00584
36	0.02640	0.01132	0.01495	0.01173	0.01660	0.00989	0.00955	0.02980	0.04510	0.54109	0.10211	0.02806	0.05029	0.00942	0.00708	0.00210	0.00549	0.00778	0.00809	0.06316
37	0.01728	0.01494	0.03934	0.11238	0.02147	0.05463	0.01210	0.04993	0.32621	0.08095	0.06716	0.02716	0.06372	0.00967	0.00770	0.00228	0.03623	0.00785	0.03942	0.00957
38	0.01124	0.00803	0.01124	0.01285	0.01446	0.00803	0.01124	0.01446	0.01606	0.02088	0.03695	0.07871	0.04016	0.01928	0.00964	0.00321	0.00643	0.66426	0.00643	0.00643
39	0.02201	0.02287	0.12937	0.04992	0.07076	0.14002	0.06444	0.23583	0.06935	0.08186	0.01588	0.01713	0.01165	0.00772	0.00736	0.00214	0.03004	0.00610	0.00515	0.01039
40	0.02577	0.01872	0.02028	0.01549	0.02111	0.02029	0.01277	0.61317	0.03094	0.06612	0.01680	0.01683	0.01194	0.00814	0.00684	0.00201	0.00742	0.00614	0.00682	0.07239
41	0.01912	0.01375	0.05591	0.08989	0.04192	0.01225	0.15818	0.05065	0.01763	0.23716	0.07005	0.12967	0.05120	0.01036	0.00766	0.00232	0.00735	0.00960	0.00601	0.00932
42	0.01591	0.27499	0.39323	0.01861	0.02700	0.02022	0.11628	0.02173	0.01480	0.02024	0.01181	0.01414	0.00913	0.00630	0.00614	0.00199	0.00957	0.00512	0.00304	0.00973
43	0.01049	0.00749	0.01038	0.01199	0.01327	0.00738	0.00994	0.01316	0.01532	0.02004	0.03736	0.26301	0.04181	0.01999	0.00944	0.00311	0.00577	0.48740	0.00644	0.00622
44	0.03131	0.01188	0.01619	0.01242	0.01781	0.01026	0.01026	0.03401	0.01997	0.71606	0.02753	0.02375	0.01727	0.00864	0.00702	0.00216	0.00594	0.00702	0.00864	0.01188
45	0.02653	0.01955	0.02094	0.01606	0.02164	0.02164	0.01326	0.68796	0.03281	0.04398	0.01675	0.01675	0.01187	0.00838	0.00698	0.00209	0.00768	0.00628	0.00698	0.01187
46	0.01746	0.57373	0.21133	0.01398	0.02106	0.02469	0.01549	0.02120	0.01432	0.01787	0.01042	0.01210	0.00893	0.00614	0.00503	0.00168	0.00819	0.00410	0.00298	0.00930
47	0.01978	0.02685	0.44089	0.01927	0.07871	0.01433	0.02048	0.02585	0.01650	0.24398	0.01737	0.01781	0.01171	0.00724	0.00678	0.00218	0.00876	0.00583	0.00480	0.01087
48	0.01660	0.01577	0.02677	0.04028	0.65721	0.01574	0.02027	0.02051	0.01569	0.02241	0.01508	0.07374	0.01376	0.00742	0.00706	0.00213	0.00796	0.00727	0.00369	0.01064
49	0.01717	0.01687	0.02996	0.04112	0.62536	0.01672	0.10597	0.02154	0.01596	0.02274	0.01325	0.01747	0.01099	0.00617	0.00708	0.00211	0.00873	0.00647	0.00346	0.01084
50	0.01407	0.01333	0.02110	0.25157	0.18085	0.04668	0.08297	0.01791	0.01524	0.01993	0.02056	0.11840	0.02024	0.01089	0.00780	0.00248	0.00829	0.13524	0.00430	0.00815
51	0.01439	0.02809	0.45622	0.02262	0.08200	0.01555	0.14716	0.02120	0.01530	0.02206	0.01572	0.02316	0.01299	0.00793	0.00730	0.00234	0.00997	0.08274	0.00350	0.00975
52	0.01318	0.01240	0.02093	0.73798	0.04806	0.01550	0.01938	0.01783	0.01395	0.01783	0.01240	0.01860	0.00930	0.00698	0.00698	0.00233	0.00930	0.00620	0.00310	0.00775
53	0.01727	0.08080	0.27006	0.02005	0.08674	0.15154	0.08272	0.06526	0.01726	0.02183	0.01990	0.02152	0.09878	0.00810	0.00682	0.00209	0.00945	0.00662	0.00389	0.00931
54	0.01701	0.01862	0.07707	0.05677	0.27435	0.13525	0.07259	0.02075	0.01641	0.04401	0.04052	0.10808	0.01874	0.00959	0.00739	0.00225	0.00864	0.05853	0.00432	0.00911
55	0.01372	0.01158	0.01895	0.01504	0.01843	0.01152	0.19372	0.01697	0.01578	0.06753	0.08681	0.03748	0.23570	0.01154	0.00955	0.00232	0.09987	0.01002	0.11584	0.00762
56	0.01248	0.01135	0.01961	0.02308	0.23106	0.01095	0.11906	0.01534	0.01464	0.02008	0.02676	0.40739	0.02965	0.01449	0.00818	0.00252	0.00659	0.01378	0.00507	0.00793
57	0.01634	0.02067	0.13512	0.03188	0.22876	0.01713	0.40051	0.02205	0.01605	0.02244	0.01360	0.01779	0.01047	0.00609	0.00762	0.00225	0.01056	0.00721	0.00342	0.01001
58	0.01497	0.07940	0.49034	0.02193	0.03108	0.01735	0.20319	0.02209	0.01517	0.02179	0.01277	0.01560	0.00932	0.00638	0.00692	0.00220	0.01052	0.00589	0.00311	0.00998
59	0.06543	0.01836	0.01978	0.01536	0.02074	0.02014	0.01271	0.58915	0.03036	0.08719	0.01777	0.01896	0.01293	0.00865	0.00694	0.00214	0.00741	0.02756	0.00694	0.01147
60	0.00903	0.00645	0.00871	0.01032	0.01096	0.00613	0.00740	0.01064	0.01388	0.01841	0.03817	0.62010	0.04499	0.02136	0.00905	0.00291	0.00451	0.14469	0.00647	0.00581
61	0.01346	0.02971	0.53749	0.01945	0.02793	0.01481	0.09682	0.02029	0.01472	0.02149	0.01654	0.12416	0.01456	0.00880	0.00715	0.00232	0.00955	0.00768	0.00354	0.00952
62	0.03131	0.01188	0.01619	0.01242	0.01781	0.01026	0.01026	0.03401	0.01997	0.71606	0.02753	0.02375	0.01727	0.00864	0.00702	0.00216	0.00594	0.00702	0.00864	0.01188
63	0.01301	0.00650	0.00650	0.00650	0.00813	0.00650	0.00488	0.01626	0.01463	0.02602	0.02276	0.02602	0.01789	0.00813	0.00488	0.00163	0.00325	0.00650	0.79350	0.00650
64	0.01633	0.01855	0.04032	0.05937	0.03696	0.01756	0.65770	0.02216	0.01636	0.02216	0.01405	0.01881	0.01053	0.00593	0.00818	0.00235	0.01166	0.00815	0.00351	0.00934
65	0.02653	0.01955	0.02094	0.01606	0.02164	0.02164	0.01326	0.68796	0.03281	0.04398	0.01675	0.01675	0.01187	0.00838	0.00698	0.00209	0.00768	0.00628	0.00698	0.01187
66	0.01866	0.75896	0.03657	0.01194	0.01791	0.02761	0.01194	0.02090	0.01418	0.01642	0.00970	0.01119	0.00896	0.00597	0.00448	0.00149	0.00746	0.00373	0.00299	0.00896
67	0.01212	0.00606	0.00909	0.00909	0.00909	0.00606	0.00606	0.00909	0.00909	0.01212	0.01212	0.02121	0.01212	0.02424	0.02727	0.79697	0.00606	0.00606	0.00303	0.00303
68	0.02163	0.26892	0.24428	0.01461	0.02175	0.01792	0.01571	0.02588	0.01639	0.26386	0.01685	0.01672	0.01184	0.00711	0.00605	0.00195	0.00783	0.00533	0.00496	0.01041
69	0.00944	0.00699	0.00898	0.00931	0.01076	0.00653	0.00699	0.01194	0.01674	0.02263	0.32962	0.22119	0.16393	0.01913	0.04469	0.00295	0.00465	0.09047	0.00685	0.00622
70	0.01583	0.01511	0.02573	0.28708	0.47822	0.01620	0.02070	0.02016	0.01521	0.02105	0.01287	0.01774	0.01044	0.00648	0.00693	0.00216	0.00865	0.00621	0.00333	0.00989
71	0.02301	0.02802	0.02096	0.13445	0.10624	0.53167	0.01534	0.02553	0.01840	0.01786	0.01131	0.01408	0.00928	0.00704	0.00647	0.00191	0.01157	0.00496	0.00350	0.00838
72	0.00867	0.00687	0.00786	0.00841	0.01010	0.00605	0.00621	0.01050	0.01545	0.01933	0.10096	0.26263	0.42142	0.01878	0.00855	0.00255	0.00390	0.06929	0.00655	0.00592
73	0.01080	0.00765	0.01006	0.01163	0.05705	0.00723	0.00774	0.01254	0.01436	0.04804	0.07471	0.29452	0.14236	0.15583	0.01364	0.00344	0.00515	0.11103	0.00601	0.00622
74	0.01300	0.03684	0.07538	0.06236	0.01941	0.03451	0.09664	0.03684	0.01530	0.04932	0.02830	0.38197	0.03073	0.01533	0.00820	0.00259	0.00672	0.07371	0.00547	0.00739

[dist]
# distance from previous block
# <min> <max>
0	6

[block]
# block no. 6 follows, 30 sequences, length 40
# corresponding to MSA columns:
# 604-643
name=unknown_G
#
# <colnr> <probs for GDERKNQSTAVLIFYWHMCP>
#	G	D	E	R	K	N	Q	S	T	A	V	L	I	F	Y	W	H	M	C	P
0	0.01985	0.05758	0.06081	0.17735	0.21249	0.03841	0.01683	0.13686	0.07709	0.11002	0.01636	0.01840	0.01215	0.00736	0.00680	0.00213	0.00807	0.00622	0.00487	0.01034
1	0.10382	0.04155	0.10438	0.03079	0.41253	0.03737	0.04151	0.02220	0.01558	0.06658	0.01341	0.01632	0.01063	0.00640	0.00646	0.00203	0.00812	0.00571	0.00384	0.05075
2	0.80405	0.01350	0.01026	0.00918	0.01350	0.01565	0.00756	0.02051	0.01188	0.03131	0.00972	0.01134	0.00756	0.00648	0.00432	0.00216	0.00540	0.00378	0.00432	0.00756
3	0.01594	0.02252	0.18629	0.02737	0.03513	0.01734	0.54448	0.02230	0.01610	0.02230	0.01378	0.01795	0.01021	0.00604	0.00789	0.00232	0.01145	0.00758	0.00340	0.00960
4	0.01015	0.00677	0.00761	0.00761	0.00761	0.00677	0.00423	0.01015	0.01015	0.01353	0.02199	0.04567	0.02537	0.75476	0.03552	0.00677	0.00677	0.01015	0.00423	0.00423
5	0.01615	0.01537	0.02424	0.04650	0.20179	0.01475	0.15771	0.02344	0.14988	0.02379	0.01611	0.01853	0.01270	0.00650	0.00671	0.00189	0.00759	0.00636	0.00438	0.24562
6	0.01301	0.00650	0.00650	0.00650	0.00813	0.00650	0.00488	0.01626	0.01463	0.02602	0.02276	0.02602	0.01789	0.00813	0.00488	0.00163	0.00325	0.00650	0.79350	0.00650
7	0.22660	0.01040	0.00919	0.00884	0.01027	0.05907	0.00586	0.01417	0.01141	0.01877	0.01853	0.06174	0.02022	0.47107	0.02398	0.00502	0.00669	0.00841	0.00430	0.00546
8	0.01698	0.01628	0.02779	0.09296	0.66341	0.01650	0.02127	0.02116	0.01575	0.02244	0.01307	0.01737	0.01093	0.00627	0.00691	0.00209	0.00836	0.00622	0.00343	0.01082
9	0.01301	0.00650	0.00650	0.00650	0.00813	0.00650	0.00488	0.01626	0.01463	0.02602	0.02276	0.02602	0.01789	0.00813	0.00488	0.00163	0.00325	0.00650	0.79350	0.00650
10	0.01853	0.01959	0.02511	0.13639	0.43735	0.17239	0.01914	0.02213	0.01626	0.02059	0.01235	0.01636	0.01027	0.00678	0.00741	0.00209	0.03820	0.00583	0.00342	0.00979
11	0.18904	0.01646	0.01771	0.01455	0.01931	0.01851	0.04568	0.26088	0.28320	0.03448	0.01958	0.01926	0.01450	0.00826	0.00652	0.00223	0.00657	0.00646	0.00628	0.01050
12	0.01856	0.06255	0.01915	0.06414	0.06812	0.16564	0.01303	0.13321	0.09252	0.02325	0.01653	0.02133	0.01402	0.01795	0.16208	0.00410	0.05843	0.03201	0.00457	0.00879
13	0.01666	0.13134	0.18128	0.02838	0.32334	0.06033	0.06295	0.02126	0.01579	0.02137	0.03886	0.01856	0.03580	0.00698	0.00663	0.00203	0.00876	0.00616	0.00354	0.00996
14	0.01736	0.01499	0.01578	0.01420	0.01815	0.01736	0.01105	0.03708	0.69862	0.02919	0.02840	0.02604	0.02130	0.00947	0.00710	0.00237	0.00552	0.00789	0.00710	0.01105
15	0.01243	0.00981	0.01153	0.01063	0.01306	0.01025	0.00810	0.02132	0.25104	0.02840	0.47616	0.04324	0.05067	0.01263	0.00785	0.00225	0.00405	0.01101	0.00748	0.00810
16	0.00997	0.00748	0.01121	0.01121	0.01246	0.00872	0.00872	0.01246	0.01121	0.01620	0.01869	0.02741	0.01745	0.05234	0.72710	0.01121	0.01869	0.00748	0.00374	0.00623
17	0.01220	0.01044	0.01495	0.01329	0.01443	0.01246	0.04924	0.01501	0.04722	0.01792	0.08447	0.03019	0.02156	0.19580	0.22600	0.00611	0.20956	0.00829	0.00421	0.00662
18	0.01647	0.01882	0.04118	0.02941	0.03647	0.01765	0.68588	0.02235	0.01647	0.02235	0.01412	0.01882	0.01059	0.00588	0.00824	0.00235	0.01176	0.00824	0.00353	0.00941
19	0.00993	0.00710	0.00972	0.01122	0.01229	0.00689	0.00885	0.01225	0.01503	0.01986	0.07202	0.38123	0.04419	0.02019	0.00924	0.00299	0.00519	0.33921	0.00651	0.00609
20	0.01647	0.01882	0.04118	0.02941	0.03647	0.01765	0.68588	0.02235	0.01647	0.02235	0.01412	0.01882	0.01059	0.00588	0.00824	0.00235	0.01176	0.00824	0.00353	0.00941
21	0.01736	0.01499	0.01578	0.01420	0.01815	0.01736	0.01105	0.03708	0.69862	0.02919	0.02840	0.02604	0.02130	0.00947	0.00710	0.00237	0.00552	0.00789	0.00710	0.01105
22	0.01318	0.01240	0.02093	0.73798	0.04806	0.01550	0.01938	0.01783	0.01395	0.01783	0.01240	0.01860	0.00930	0.00698	0.00698	0.00233	0.00930	0.00620	0.00310	0.00775
23	0.02653	0.01955	0.02094	0.01606	0.02164	0.02164	0.01326	0.68796	0.03281	0.04398	0.01675	0.01675	0.01187	0.00838	0.00698	0.00209	0.00768	0.00628	0.00698	0.01187
24	0.02740	0.01814	0.02007	0.01539	0.02094	0.01956	0.01271	0.56830	0.03046	0.16696	0.01873	0.01803	0.01286	0.00842	0.00699	0.00211	0.00736	0.00642	0.00728	0.01187
