[name]
unknown

[dist]
# distance from previous block
# <min> <max>
0	132

[block]
# block no. 0 follows, 28 sequences, length 82
# corresponding to MSA columns:
# 838-919
name=unknown_A
#
# <colnr> <probs for GDERKNQSTAVLIFYWHMCP>
#	G	D	E	R	K	N	Q	S	T	A	V	L	I	F	Y	W	H	M	C	P
0	0.12515	0.07379	0.14504	0.04203	0.02166	0.03904	0.08144	0.01969	0.01573	0.04722	0.06999	0.08094	0.04739	0.01089	0.00799	0.00242	0.03777	0.09014	0.00485	0.03681
1	0.31155	0.10371	0.01872	0.17090	0.02443	0.08784	0.01230	0.07098	0.01591	0.02622	0.01171	0.01438	0.00925	0.00688	0.00564	0.00204	0.00769	0.00480	0.00417	0.09089
2	0.01297	0.01136	0.01802	0.37898	0.05474	0.01310	0.03696	0.01708	0.01623	0.02223	0.19504	0.03094	0.05434	0.01002	0.00841	0.00237	0.04424	0.00867	0.05654	0.00775
3	0.00868	0.00737	0.00748	0.00745	0.00987	0.00617	0.00559	0.01060	0.01677	0.02012	0.10535	0.06916	0.66423	0.01823	0.00859	0.00245	0.00367	0.01523	0.00681	0.00617
4	0.01390	0.01304	0.02107	0.43697	0.17164	0.01507	0.01803	0.01803	0.01522	0.02001	0.04122	0.02673	0.10373	0.00910	0.00832	0.00241	0.04530	0.00785	0.00391	0.00846
5	0.01542	0.01411	0.02200	0.16023	0.32586	0.01385	0.01667	0.01921	0.01550	0.02217	0.01632	0.09893	0.01511	0.00818	0.00698	0.00202	0.00751	0.00752	0.00406	0.20835
6	0.00886	0.00633	0.00843	0.01012	0.01054	0.00590	0.00675	0.01012	0.01392	0.01856	0.04006	0.73979	0.04808	0.02277	0.00928	0.00295	0.00422	0.02066	0.00675	0.00590
7	0.01910	0.14509	0.04912	0.01296	0.01864	0.01620	0.01135	0.12279	0.01817	0.07775	0.01471	0.01634	0.01161	0.00711	0.00711	0.00167	0.05997	0.00515	0.04960	0.33556
8	0.01731	0.19086	0.15678	0.06276	0.06152	0.01638	0.01473	0.02140	0.01554	0.07847	0.01471	0.04403	0.01216	0.00705	0.00605	0.00175	0.00749	0.00558	0.00416	0.26126
9	0.01822	0.15532	0.39103	0.02013	0.07629	0.01977	0.02114	0.11460	0.01801	0.04974	0.01362	0.01556	0.01018	0.00733	0.00731	0.00218	0.03945	0.00547	0.00393	0.01072
10	0.01171	0.12866	0.01425	0.00960	0.01209	0.01041	0.00771	0.01488	0.01945	0.02675	0.55521	0.04803	0.08728	0.01361	0.00794	0.00217	0.00415	0.01173	0.00715	0.00723
11	0.01035	0.00762	0.00872	0.00832	0.01062	0.00663	0.00628	0.01286	0.01834	0.05435	0.31704	0.06173	0.41780	0.01658	0.00853	0.00238	0.00370	0.01411	0.00735	0.00670
12	0.02227	0.02050	0.07002	0.13808	0.10212	0.13103	0.10963	0.10776	0.01966	0.14993	0.01632	0.01856	0.01186	0.00778	0.00806	0.00227	0.04233	0.00656	0.00498	0.01026
13	0.01452	0.01362	0.02293	0.50136	0.21695	0.01576	0.01985	0.01899	0.01502	0.01992	0.01491	0.06675	0.01271	0.00809	0.00738	0.00239	0.00905	0.00741	0.00356	0.00883
14	0.00859	0.00736	0.00736	0.00736	0.00982	0.00614	0.00552	0.01043	0.01657	0.01964	0.07364	0.06996	0.69624	0.01841	0.00859	0.00245	0.00368	0.01534	0.00675	0.00614
15	0.03261	0.01237	0.01687	0.01293	0.01856	0.01068	0.01068	0.03543	0.02081	0.70423	0.02868	0.02474	0.01799	0.00900	0.00731	0.00225	0.00619	0.00731	0.00900	0.01237
16	0.03261	0.01237	0.01687	0.01293	0.01856	0.01068	0.01068	0.03543	0.02081	0.70423	0.02868	0.02474	0.01799	0.00900	0.00731	0.00225	0.00619	0.00731	0.00900	0.01237
17	0.79588	0.01406	0.01068	0.00956	0.01406	0.01631	0.00787	0.02137	0.01237	0.03261	0.01012	0.01181	0.00787	0.00675	0.00450	0.00225	0.00562	0.00394	0.00450	0.00787
18	0.01458	0.03760	0.70688	0.02072	0.03146	0.01688	0.02686	0.02302	0.01535	0.02302	0.01304	0.01535	0.00921	0.00691	0.00691	0.00230	0.01074	0.00537	0.00307	0.01074
19	0.01003	0.00742	0.00936	0.00887	0.01070	0.00675	0.00665	0.01321	0.01996	0.02769	0.60000	0.05670	0.16486	0.01540	0.00858	0.00231	0.00347	0.01348	0.00781	0.00675
20	0.00949	0.00736	0.00864	0.00841	0.01039	0.00651	0.00627	0.01214	0.01856	0.02458	0.39814	0.08957	0.34032	0.01673	0.00861	0.00239	0.00357	0.01441	0.00741	0.00651
21	0.01312	0.00938	0.01225	0.01120	0.01368	0.00892	0.04150	0.06514	0.04343	0.07450	0.22614	0.23823	0.18135	0.01625	0.00854	0.00251	0.00478	0.01433	0.00717	0.00759
22	0.01678	0.01595	0.02169	0.56921	0.04393	0.08406	0.01879	0.10263	0.01760	0.02194	0.01333	0.01853	0.01000	0.00747	0.00720	0.00234	0.00980	0.00630	0.00379	0.00865
23	0.01507	0.01292	0.01507	0.01077	0.01723	0.00969	0.00861	0.01830	0.01507	0.02369	0.01292	0.01507	0.01077	0.00538	0.00538	0.00108	0.00538	0.00431	0.00431	0.78898
24	0.02660	0.01611	0.01810	0.01413	0.01923	0.01695	0.01159	0.40471	0.02768	0.21022	0.02133	0.02088	0.01482	0.00875	0.00692	0.00212	0.00678	0.00678	0.13485	0.01145
25	0.07821	0.01910	0.01942	0.01579	0.02018	0.13170	0.01283	0.22304	0.02268	0.23888	0.01814	0.01837	0.01286	0.00912	0.00965	0.00232	0.12435	0.00627	0.00639	0.01071
26	0.03261	0.01237	0.01687	0.01293	0.01856	0.01068	0.01068	0.03543	0.02081	0.70423	0.02868	0.02474	0.01799	0.00900	0.00731	0.00225	0.00619	0.00731	0.00900	0.01237
27	0.00883	0.00664	0.00819	0.00935	0.01036	0.00600	0.00642	0.01033	0.01485	0.01921	0.07144	0.53735	0.22200	0.02134	0.00907	0.00280	0.00405	0.01898	0.00679	0.00600
28	0.01799	0.01727	0.02950	0.04462	0.69919	0.01727	0.02231	0.02231	0.01655	0.02375	0.01367	0.01799	0.01151	0.00648	0.00720	0.00216	0.00864	0.00648	0.00360	0.01151
29	0.01458	0.03760	0.70688	0.02072	0.03146	0.01688	0.02686	0.02302	0.01535	0.02302	0.01304	0.01535	0.00921	0.00691	0.00691	0.00230	0.01074	0.00537	0.00307	0.01074
30	0.00884	0.00640	0.00836	0.00992	0.01049	0.00592	0.00666	0.01014	0.01411	0.01864	0.04254	0.69035	0.09592	0.02245	0.00923	0.00292	0.00418	0.02027	0.00675	0.00592
31	0.00885	0.00694	0.00802	0.00867	0.01021	0.00611	0.00615	0.01060	0.01583	0.02004	0.11567	0.34647	0.37082	0.01990	0.00887	0.00265	0.00388	0.01735	0.00686	0.00611
32	0.01458	0.03760	0.70688	0.02072	0.03146	0.01688	0.02686	0.02302	0.01535	0.02302	0.01304	0.01535	0.00921	0.00691	0.00691	0.00230	0.01074	0.00537	0.00307	0.01074
33	0.02715	0.03464	0.02060	0.01873	0.02247	0.71536	0.01404	0.02903	0.02060	0.01779	0.01124	0.01311	0.00936	0.00749	0.00655	0.00187	0.01311	0.00468	0.00375	0.00843
34	0.02715	0.01840	0.02010	0.01553	0.02101	0.01996	0.01279	0.55026	0.03118	0.12161	0.01924	0.01904	0.01350	0.00874	0.00711	0.00215	0.00744	0.00665	0.06621	0.01194
35	0.00894	0.00679	0.00826	0.00930	0.01049	0.00611	0.00654	0.01056	0.01516	0.01945	0.07640	0.46542	0.26357	0.02092	0.00905	0.00278	0.00411	0.04332	0.00679	0.00605
36	0.01943	0.74891	0.03809	0.01244	0.01866	0.02876	0.01244	0.02177	0.01477	0.01710	0.01011	0.01166	0.00933	0.00622	0.00466	0.00155	0.00777	0.00389	0.00311	0.00933
37	0.03261	0.01237	0.01687	0.01293	0.01856	0.01068	0.01068	0.03543	0.02081	0.70423	0.02868	0.02474	0.01799	0.00900	0.00731	0.00225	0.00619	0.00731	0.00900	0.01237
38	0.47834	0.01732	0.01489	0.11356	0.02104	0.13076	0.01127	0.02250	0.01426	0.05287	0.01137	0.01386	0.00887	0.00743	0.00662	0.00227	0.05562	0.00471	0.00428	0.00817
39	0.02948	0.01739	0.01998	0.01532	0.02106	0.01814	0.01265	0.43745	0.02921	0.29033	0.02162	0.02016	0.01445	0.00883	0.00729	0.00221	0.00733	0.00683	0.00791	0.01237
40	0.01817	0.01506	0.01716	0.10473	0.02254	0.01725	0.01247	0.14485	0.41056	0.03028	0.02652	0.10483	0.02180	0.01079	0.00757	0.00246	0.00647	0.00911	0.00677	0.01059
41	0.02004	0.02183	0.11725	0.11474	0.02549	0.14050	0.01533	0.20748	0.09908	0.02882	0.06326	0.07642	0.01866	0.00968	0.00735	0.00228	0.00867	0.00777	0.00551	0.00987
42	0.00878	0.00737	0.00763	0.00756	0.00994	0.00622	0.00567	0.01080	0.01702	0.02071	0.14377	0.06819	0.62544	0.01801	0.00859	0.00244	0.00365	0.01509	0.00689	0.00622
43	0.02194	0.01922	0.02366	0.09852	0.12764	0.08774	0.07852	0.31693	0.02501	0.03273	0.05871	0.02150	0.03747	0.00855	0.00744	0.00221	0.00877	0.00723	0.00561	0.01059
44	0.00949	0.00714	0.00878	0.00892	0.01051	0.00643	0.00648	0.01197	0.01788	0.02404	0.37062	0.22782	0.22785	0.01775	0.00875	0.00249	0.00369	0.01558	0.00736	0.00643
45	0.02023	0.02155	0.02722	0.07395	0.02792	0.17981	0.20211	0.10057	0.06896	0.02359	0.01409	0.01760	0.01122	0.00856	0.01112	0.00245	0.16865	0.00677	0.00425	0.00938
46	0.00963	0.00683	0.00831	0.00911	0.01035	0.00628	0.00648	0.01164	0.01569	0.02137	0.13848	0.39134	0.19035	0.01898	0.00858	0.00262	0.00398	0.03904	0.09470	0.00622
47	0.04902	0.01816	0.02161	0.06373	0.08946	0.13019	0.07317	0.11581	0.02020	0.15889	0.09314	0.02234	0.01850	0.00906	0.00902	0.00230	0.08260	0.00720	0.00566	0.00991
48	0.10869	0.06816	0.05868	0.02410	0.21753	0.06889	0.03973	0.09417	0.01800	0.10406	0.01455	0.01681	0.01127	0.00769	0.00832	0.00219	0.08098	0.00590	0.00466	0.04561
49	0.51135	0.02073	0.01443	0.01282	0.01718	0.22908	0.01014	0.06708	0.01632	0.02899	0.01095	0.01258	0.00862	0.00710	0.00531	0.00213	0.00805	0.00434	0.00445	0.00834
50	0.55868	0.01371	0.01202	0.00993	0.01502	0.01430	0.00810	0.02044	0.01319	0.02990	0.01097	0.01280	0.00875	0.00633	0.00477	0.00189	0.00555	0.00405	0.00444	0.24516
51	0.00930	0.00674	0.00830	0.00936	0.01008	0.00629	0.00628	0.01049	0.01378	0.01795	0.04195	0.45559	0.15008	0.17219	0.01497	0.00374	0.00483	0.04615	0.00626	0.00567
52	0.01715	0.13227	0.12825	0.08351	0.31707	0.01940	0.10312	0.02182	0.01563	0.02172	0.01281	0.01680	0.01051	0.00697	0.00818	0.00222	0.06268	0.00618	0.00340	0.01033
53	0.04316	0.01236	0.01462	0.04916	0.01725	0.01362	0.01027	0.23552	0.04424	0.02776	0.02337	0.18106	0.02301	0.10121	0.16442	0.00496	0.00948	0.01030	0.00582	0.00842
54	0.01245	0.00719	0.00927	0.00984	0.01118	0.00668	0.00696	0.01442	0.01553	0.09994	0.09683	0.48461	0.04199	0.01826	0.00834	0.00262	0.00424	0.01630	0.12648	0.00687
55	0.01845	0.06081	0.23927	0.07042	0.03307	0.01722	0.30567	0.02454	0.01683	0.11913	0.01583	0.01862	0.01129	0.00685	0.00760	0.00233	0.01054	0.00704	0.00419	0.01031
56	0.00922	0.00739	0.00824	0.00803	0.01021	0.00640	0.00602	0.01165	0.01806	0.02317	0.30455	0.06414	0.46313	0.01709	0.00858	0.00239	0.00359	0.01453	0.00722	0.00640
57	0.02132	0.01520	0.01637	0.01316	0.01778	0.01590	0.01067	0.39397	0.02700	0.08573	0.03801	0.03643	0.25287	0.01215	0.00774	0.00228	0.00635	0.00969	0.00722	0.01018
58	0.01943	0.74891	0.03809	0.01244	0.01866	0.02876	0.01244	0.02177	0.01477	0.01710	0.01011	0.01166	0.00933	0.00622	0.00466	0.00155	0.00777	0.00389	0.00311	0.00933
59	0.02355	0.36843	0.02877	0.01579	0.02069	0.39450	0.01329	0.02563	0.01788	0.01747	0.01071	0.01243	0.00935	0.00690	0.00567	0.00172	0.01062	0.00431	0.00345	0.00885
60	0.79588	0.01406	0.01068	0.00956	0.01406	0.01631	0.00787	0.02137	0.01237	0.03261	0.01012	0.01181	0.00787	0.00675	0.00450	0.00225	0.00562	0.00394	0.00450	0.00787
61	0.01716	0.13181	0.01669	0.01116	0.01407	0.01511	0.00909	0.15441	0.01804	0.02650	0.01871	0.02432	0.01602	0.10621	0.03555	0.00294	0.06874	0.00675	0.29857	0.00814
62	0.79588	0.01406	0.01068	0.00956	0.01406	0.01631	0.00787	0.02137	0.01237	0.03261	0.01012	0.01181	0.00787	0.00675	0.00450	0.00225	0.00562	0.00394	0.00450	0.00787
63	0.00924	0.00745	0.00827	0.00823	0.01044	0.00647	0.00628	0.01160	0.01763	0.02227	0.23404	0.06666	0.48851	0.01759	0.00868	0.00247	0.00382	0.05692	0.00707	0.00636
64	0.02195	0.13365	0.02208	0.01497	0.01883	0.02000	0.01261	0.25301	0.02126	0.10544	0.01641	0.01916	0.01302	0.03776	0.03940	0.00284	0.17404	0.00637	0.05724	0.00997
65	0.01811	0.01743	0.09692	0.04788	0.26585	0.01395	0.04998	0.02245	0.01637	0.10022	0.01507	0.01761	0.01166	0.00645	0.00664	0.00184	0.00771	0.00583	0.00438	0.27366
66	0.02115	0.16604	0.17583	0.04269	0.07492	0.12185	0.08275	0.04671	0.01775	0.13077	0.01546	0.01707	0.01149	0.00721	0.00662	0.00207	0.00938	0.00582	0.03425	0.01016
67	0.01943	0.74891	0.03809	0.01244	0.01866	0.02876	0.01244	0.02177	0.01477	0.01710	0.01011	0.01166	0.00933	0.00622	0.00466	0.00155	0.00777	0.00389	0.00311	0.00933
68	0.00958	0.00676	0.00887	0.01028	0.01083	0.00647	0.00715	0.01097	0.01382	0.01834	0.03706	0.52580	0.04362	0.13835	0.01385	0.00367	0.00506	0.11738	0.00636	0.00579
69	0.01547	0.01271	0.01770	0.04084	0.06926	0.01199	0.06141	0.05261	0.06053	0.05174	0.02128	0.15182	0.02029	0.01296	0.04835	0.00260	0.02861	0.03349	0.00520	0.28112
70	0.01013	0.00784	0.00908	0.00939	0.01128	0.00720	0.00703	0.04506	0.01720	0.02196	0.12975	0.25485	0.34533	0.01889	0.00885	0.00264	0.00431	0.07577	0.00692	0.00652
71	0.01080	0.00728	0.00913	0.00940	0.01101	0.00655	0.00677	0.01293	0.01693	0.06744	0.23998	0.34053	0.19701	0.01855	0.00879	0.00260	0.00400	0.01637	0.00727	0.00667
72	0.01355	0.00678	0.00678	0.00678	0.00847	0.00678	0.00508	0.01694	0.01524	0.02710	0.02371	0.02710	0.01863	0.00847	0.00508	0.00169	0.00339	0.00678	0.78489	0.00678
73	0.01660	0.02244	0.24720	0.10288	0.15251	0.01630	0.11756	0.02215	0.01572	0.07275	0.01561	0.02087	0.01233	0.01026	0.04477	0.00289	0.06211	0.03116	0.00390	0.01000
74	0.01373	0.01292	0.02180	0.72707	0.05006	0.01615	0.02019	0.01857	0.01453	0.01857	0.01292	0.01938	0.00969	0.00727	0.00727	0.00242	0.00969	0.00646	0.00323	0.00807
75	0.01113	0.00820	0.01033	0.00997	0.01025	0.00919	0.00668	0.01186	0.01087	0.01506	0.02068	0.04001	0.02279	0.51735	0.17778	0.00758	0.09134	0.00951	0.00416	0.00524
76	0.01893	0.01431	0.01539	0.01371	0.01769	0.01611	0.01070	0.03588	0.54791	0.09332	0.02884	0.02689	0.02139	0.00962	0.00713	0.00236	0.00553	0.00797	0.09525	0.01105
77	0.01871	0.01593	0.01679	0.01492	0.01914	0.01838	0.01166	0.08087	0.64279	0.03143	0.02878	0.02648	0.02154	0.00979	0.00739	0.00245	0.00590	0.00811	0.00739	0.01156
78	0.02763	0.02036	0.02182	0.01672	0.02254	0.02254	0.01382	0.67496	0.03418	0.04581	0.01745	0.01745	0.01236	0.00873	0.00727	0.00218	0.00800	0.00654	0.00727	0.01236
79	0.01799	0.01727	0.02950	0.04462	0.69919	0.01727	0.02231	0.02231	0.01655	0.02375	0.01367	0.01799	0.01151	0.00648	0.00720	0.00216	0.00864	0.00648	0.00360	0.01151
80	0.01294	0.01128	0.01163	0.01179	0.01393	0.05684	0.00867	0.02028	0.21909	0.02241	0.04039	0.33972	0.14337	0.01702	0.00844	0.00267	0.00528	0.03966	0.00674	0.00784
81	0.01739	0.01636	0.02277	0.09562	0.09650	0.05240	0.11808	0.06283	0.19948	0.02503	0.01858	0.02133	0.01462	0.01163	0.06084	0.00300	0.06448	0.00715	0.03033	0.06158

[dist]
# distance from previous block
# <min> <max>
0	2

[block]
# block no. 1 follows, 28 sequences, length 51
# corresponding to MSA columns:
# 922-972
name=unknown_B
#
# <colnr> <probs for GDERKNQSTAVLIFYWHMCP>
#	G	D	E	R	K	N	Q	S	T	A	V	L	I	F	Y	W	H	M	C	P
0	0.06258	0.13278	0.10522	0.04852	0.19066	0.07840	0.10677	0.09276	0.01846	0.07593	0.01430	0.01669	0.01099	0.00699	0.00678	0.00212	0.00924	0.00602	0.00432	0.01044
1	0.02101	0.43765	0.03364	0.01624	0.02225	0.08108	0.10288	0.12968	0.05137	0.02332	0.01297	0.01456	0.01068	0.00689	0.00591	0.00185	0.00875	0.00523	0.00412	0.00992
2	0.00869	0.00697	0.00777	0.00842	0.01010	0.00605	0.00599	0.01031	0.01556	0.01922	0.06082	0.32565	0.44882	0.02008	0.00885	0.00264	0.00389	0.01737	0.00675	0.00605
3	0.01575	0.07634	0.17315	0.20512	0.05113	0.06311	0.15845	0.02086	0.01594	0.02095	0.04468	0.02156	0.04950	0.00805	0.00816	0.00233	0.04502	0.00712	0.00371	0.00906
4	0.29895	0.01676	0.01773	0.01545	0.05036	0.04702	0.04450	0.22789	0.02023	0.03343	0.01421	0.01623	0.01091	0.00805	0.00752	0.00224	0.06953	0.00564	0.08387	0.00948
5	0.00963	0.00726	0.00899	0.00950	0.01108	0.00662	0.00714	0.01201	0.01711	0.02255	0.24846	0.24249	0.24159	0.01872	0.00897	0.00266	0.00418	0.10757	0.00712	0.00638
6	0.01866	0.01926	0.05657	0.12902	0.34813	0.06608	0.10479	0.08808	0.01809	0.02446	0.01368	0.01778	0.01095	0.00717	0.00817	0.00227	0.04588	0.00658	0.00390	0.01049
7	0.02228	0.01770	0.01880	0.01564	0.02050	0.02004	0.01252	0.31860	0.39925	0.03718	0.02425	0.02287	0.01787	0.00936	0.00734	0.00234	0.00674	0.00748	0.00734	0.01188
8	0.01030	0.00693	0.00801	0.00827	0.00834	0.00687	0.00477	0.01050	0.01110	0.01480	0.02560	0.15641	0.02983	0.63105	0.03264	0.00640	0.00660	0.01216	0.00477	0.00464
9	0.79588	0.01406	0.01068	0.00956	0.01406	0.01631	0.00787	0.02137	0.01237	0.03261	0.01012	0.01181	0.00787	0.00675	0.00450	0.00225	0.00562	0.00394	0.00450	0.00787
10	0.01057	0.00705	0.00793	0.00793	0.00793	0.00705	0.00440	0.01057	0.01057	0.01409	0.02290	0.04757	0.02643	0.74454	0.03700	0.00705	0.00705	0.01057	0.00440	0.00440
11	0.01373	0.01292	0.02180	0.72707	0.05006	0.01615	0.02019	0.01857	0.01453	0.01857	0.01292	0.01938	0.00969	0.00727	0.00727	0.00242	0.00969	0.00646	0.00323	0.00807
12	0.79588	0.01406	0.01068	0.00956	0.01406	0.01631	0.00787	0.02137	0.01237	0.03261	0.01012	0.01181	0.00787	0.00675	0.00450	0.00225	0.00562	0.00394	0.00450	0.00787
13	0.01458	0.03760	0.70688	0.02072	0.03146	0.01688	0.02686	0.02302	0.01535	0.02302	0.01304	0.01535	0.00921	0.00691	0.00691	0.00230	0.01074	0.00537	0.00307	0.01074
14	0.07394	0.01246	0.01653	0.01275	0.01831	0.01099	0.01053	0.03466	0.02035	0.66787	0.02767	0.02404	0.01745	0.00888	0.00716	0.00225	0.00615	0.00713	0.00875	0.01213
15	0.00886	0.00633	0.00843	0.01012	0.01054	0.00590	0.00675	0.01012	0.01392	0.01856	0.04006	0.73979	0.04808	0.02277	0.00928	0.00295	0.00422	0.02066	0.00675	0.00590
16	0.03062	0.01557	0.01885	0.01445	0.02015	0.01544	0.01194	0.29189	0.02617	0.44019	0.02418	0.02182	0.01574	0.00889	0.00729	0.00222	0.00691	0.00700	0.00831	0.01237
17	0.02955	0.01728	0.01991	0.01526	0.02101	0.01797	0.01261	0.42841	0.02902	0.29964	0.02178	0.02026	0.01453	0.00883	0.00729	0.00221	0.00730	0.00684	0.00794	0.01237
18	0.00876	0.00670	0.00805	0.00912	0.01028	0.00599	0.00630	0.01023	0.01488	0.01895	0.05221	0.49746	0.28257	0.02119	0.00903	0.00277	0.00402	0.01874	0.00675	0.00599
19	0.02798	0.01981	0.02147	0.01646	0.02227	0.02173	0.01360	0.63093	0.03326	0.09114	0.01822	0.01795	0.01275	0.00874	0.00727	0.00219	0.00787	0.00660	0.00739	0.01236
20	0.01328	0.01234	0.02027	0.01698	0.01903	0.01388	0.15041	0.01606	0.01441	0.02038	0.11702	0.12597	0.02739	0.08548	0.07122	0.00391	0.21721	0.04257	0.00480	0.00740
21	0.01599	0.01223	0.01328	0.01155	0.01441	0.06047	0.00896	0.15210	0.02339	0.06001	0.47917	0.04254	0.05068	0.01283	0.00811	0.00223	0.00517	0.01094	0.00759	0.00834
22	0.14011	0.01661	0.01845	0.01434	0.01990	0.01742	0.01184	0.35295	0.02627	0.27846	0.02039	0.01924	0.01372	0.00854	0.00689	0.00222	0.00701	0.00644	0.00749	0.01172
23	0.01628	0.01687	0.02279	0.10721	0.11105	0.11835	0.10020	0.01941	0.01466	0.01916	0.01494	0.05827	0.01371	0.01817	0.14657	0.00428	0.17854	0.00748	0.00372	0.00834
24	0.00964	0.00693	0.00914	0.00959	0.01072	0.00643	0.00681	0.01209	0.01757	0.02437	0.39964	0.36365	0.05933	0.01843	0.00889	0.00259	0.00378	0.01654	0.00744	0.00643
25	0.02091	0.09939	0.04219	0.01506	0.02006	0.01988	0.01257	0.17642	0.41442	0.06364	0.02415	0.02277	0.01797	0.00907	0.00704	0.00229	0.00665	0.00723	0.00682	0.01147
26	0.00905	0.00738	0.00800	0.00785	0.01010	0.00633	0.00589	0.01133	0.01766	0.02222	0.24268	0.06570	0.52559	0.01744	0.00859	0.00241	0.00361	0.01474	0.00709	0.00633
27	0.02111	0.01672	0.01899	0.01585	0.02053	0.01864	0.04305	0.23014	0.40152	0.06031	0.02561	0.05454	0.01963	0.00987	0.00749	0.00239	0.00669	0.00823	0.00722	0.01148
28	0.02377	0.01806	0.01936	0.01577	0.02086	0.02022	0.01273	0.38257	0.30941	0.06323	0.02299	0.02181	0.01672	0.00922	0.00733	0.00230	0.00698	0.00728	0.00739	0.01200
29	0.01525	0.01428	0.02405	0.40245	0.30292	0.01598	0.02036	0.01977	0.01550	0.02086	0.01522	0.02374	0.01293	0.00796	0.00746	0.00239	0.00904	0.05689	0.00365	0.00932
30	0.01568	0.01497	0.04559	0.01993	0.15194	0.01478	0.04604	0.02682	0.30765	0.02649	0.09051	0.03247	0.11866	0.01035	0.00758	0.00232	0.00632	0.00906	0.00611	0.04674
31	0.01991	0.04524	0.16439	0.16877	0.07825	0.01478	0.01672	0.07823	0.01864	0.19191	0.08145	0.02289	0.01786	0.00840	0.00713	0.00224	0.00791	0.00699	0.03810	0.01019
32	0.20135	0.03505	0.04638	0.01807	0.08057	0.04240	0.05487	0.21379	0.05721	0.09932	0.01672	0.01908	0.01271	0.00836	0.00751	0.00230	0.04288	0.02537	0.00567	0.01039
33	0.02165	0.07221	0.10337	0.05107	0.02327	0.05226	0.06110	0.21811	0.02178	0.13429	0.02037	0.12198	0.01731	0.01023	0.00803	0.00233	0.03610	0.00841	0.00587	0.01026
34	0.04205	0.04008	0.09813	0.04929	0.05052	0.03895	0.04637	0.12334	0.04653	0.05143	0.01606	0.05030	0.01313	0.00752	0.00650	0.00183	0.00742	0.00621	0.00488	0.29945
35	0.01506	0.01263	0.01789	0.04669	0.15768	0.01461	0.01349	0.04779	0.01503	0.02213	0.02080	0.03099	0.04896	0.06335	0.03267	0.00312	0.21022	0.07978	0.13891	0.00818
36	0.34723	0.01245	0.01431	0.22736	0.02478	0.01417	0.01158	0.02173	0.01454	0.11548	0.01533	0.01798	0.01128	0.00744	0.00579	0.00222	0.00661	0.00555	0.11580	0.00837
37	0.01213	0.00950	0.01201	0.01189	0.01365	0.01068	0.00889	0.01896	0.18847	0.02050	0.02623	0.16178	0.02546	0.09465	0.34249	0.00726	0.01201	0.01052	0.00538	0.00752
38	0.01513	0.01298	0.01834	0.20253	0.07483	0.01425	0.04652	0.07806	0.15369	0.02686	0.20198	0.03338	0.05409	0.01055	0.00782	0.00238	0.00684	0.02479	0.00596	0.00904
39	0.01590	0.00812	0.00992	0.00957	0.01189	0.00774	0.00765	0.01911	0.01709	0.14271	0.10867	0.06782	0.03026	0.01219	0.00703	0.00224	0.00457	0.13685	0.37296	0.00770
40	0.02156	0.08181	0.02266	0.15399	0.09145	0.01993	0.01511	0.26967	0.16162	0.06122	0.01858	0.01968	0.01378	0.00826	0.00706	0.00223	0.00782	0.00667	0.00588	0.01102
41	0.01042	0.00766	0.01103	0.01103	0.01211	0.00873	0.00828	0.01256	0.01149	0.01640	0.02006	0.03183	0.01960	0.17349	0.59870	0.01088	0.01733	0.00827	0.00398	0.00613
42	0.01921	0.12142	0.02369	0.02049	0.14244	0.01886	0.04481	0.15515	0.11073	0.05511	0.02288	0.06187	0.07334	0.01002	0.00897	0.00231	0.08513	0.00800	0.00541	0.01018
43	0.02088	0.30039	0.12868	0.01918	0.11885	0.12056	0.01577	0.05682	0.01746	0.08023	0.01385	0.01549	0.01098	0.00701	0.00601	0.00190	0.00876	0.00516	0.04200	0.01001
44	0.63632	0.01299	0.01034	0.00937	0.01341	0.01489	0.00760	0.02148	0.04448	0.03164	0.01317	0.01493	0.01024	0.00716	0.00473	0.00217	0.00528	0.00458	0.12734	0.00787
45	0.01559	0.05417	0.33876	0.06998	0.19631	0.04999	0.02138	0.02153	0.01654	0.02327	0.10612	0.02133	0.01793	0.00791	0.00713	0.00222	0.00915	0.00669	0.00392	0.01007
46	0.01345	0.01125	0.01439	0.01156	0.01628	0.00912	0.04422	0.01648	0.01531	0.02261	0.02435	0.12535	0.07283	0.01033	0.00676	0.00176	0.00550	0.06852	0.03876	0.47117
47	0.01396	0.01000	0.01140	0.01047	0.01333	0.00987	0.00801	0.05235	0.15023	0.08456	0.22040	0.10413	0.25301	0.01484	0.00823	0.00242	0.00450	0.01265	0.00743	0.00821
48	0.05420	0.06569	0.11480	0.01650	0.02164	0.01585	0.10695	0.16842	0.04913	0.05461	0.07542	0.14766	0.02401	0.01136	0.00770	0.00241	0.00761	0.04073	0.00579	0.00951
49	0.08084	0.25295	0.22249	0.01731	0.07160	0.05299	0.01661	0.08760	0.01721	0.02389	0.01557	0.01715	0.04690	0.00741	0.00608	0.00198	0.00847	0.00545	0.00394	0.04357
50	0.01731	0.05622	0.22699	0.01471	0.02114	0.01459	0.01495	0.11816	0.06285	0.08200	0.04767	0.06876	0.09835	0.00991	0.00711	0.00214	0.00727	0.00806	0.00546	0.11634

[dist]
# distance from previous block
# <min> <max>
2	65

[block]
# block no. 2 follows, 28 sequences, length 24
# corresponding to MSA columns:
# 1038-1061
name=unknown_C
#
# <colnr> <probs for GDERKNQSTAVLIFYWHMCP>
#	G	D	E	R	K	N	Q	S	T	A	V	L	I	F	Y	W	H	M	C	P
0	0.02442	0.10847	0.04549	0.01393	0.01942	0.04107	0.01195	0.22213	0.02300	0.22955	0.06260	0.05159	0.01832	0.00903	0.00689	0.00204	0.00701	0.00712	0.00670	0.08926
1	0.34826	0.01367	0.01501	0.21925	0.02513	0.03609	0.01194	0.04524	0.01534	0.11127	0.01483	0.01732	0.01089	0.00743	0.00587	0.00223	0.00698	0.00548	0.07923	0.00856
2	0.01969	0.05619	0.02397	0.02432	0.23479	0.01690	0.05430	0.14014	0.09342	0.05769	0.01645	0.01826	0.01280	0.00707	0.00675	0.00193	0.00749	0.00619	0.00506	0.19660
3	0.05566	0.11930	0.02163	0.30001	0.06047	0.04452	0.03775	0.01986	0.01662	0.06257	0.16600	0.02570	0.02333	0.00882	0.00706	0.00221	0.00778	0.00751	0.00474	0.00846
4	0.79588	0.01406	0.01068	0.00956	0.01406	0.01631	0.00787	0.02137	0.01237	0.03261	0.01012	0.01181	0.00787	0.00675	0.00450	0.00225	0.00562	0.00394	0.00450	0.00787
5	0.01622	0.01350	0.01433	0.01309	0.01619	0.01535	0.00975	0.03169	0.51898	0.02637	0.02793	0.03218	0.02324	0.19158	0.01472	0.00360	0.00607	0.00880	0.00666	0.00975
6	0.01427	0.01246	0.01406	0.01276	0.01552	0.01415	0.00999	0.02491	0.32582	0.02541	0.11621	0.04025	0.20883	0.01319	0.01032	0.00255	0.11322	0.01045	0.00666	0.00897
7	0.00897	0.00707	0.00810	0.00850	0.01022	0.00620	0.00612	0.01093	0.01650	0.02101	0.17446	0.26563	0.39237	0.01907	0.00879	0.00257	0.00380	0.01653	0.00697	0.00620
8	0.01648	0.01729	0.06441	0.22921	0.28233	0.01722	0.12415	0.02367	0.10706	0.02308	0.01576	0.01974	0.01225	0.00713	0.00745	0.00233	0.00923	0.00698	0.00399	0.01023
9	0.01369	0.00823	0.01091	0.01022	0.01203	0.00827	0.00756	0.01572	0.01446	0.12402	0.11921	0.03981	0.08636	0.20913	0.28031	0.00699	0.01078	0.00980	0.00562	0.00690
10	0.01946	0.13144	0.25219	0.01775	0.02476	0.08092	0.04455	0.13614	0.17056	0.02721	0.01701	0.01781	0.01278	0.00780	0.00679	0.00218	0.00900	0.00607	0.00484	0.01074
11	0.05047	0.40945	0.03109	0.06474	0.02310	0.22972	0.05832	0.02378	0.01655	0.01841	0.01095	0.01317	0.00942	0.00668	0.00566	0.00180	0.00971	0.00462	0.00340	0.00895
12	0.00886	0.00633	0.00843	0.01012	0.01054	0.00590	0.00675	0.01012	0.01392	0.01856	0.04006	0.73979	0.04808	0.02277	0.00928	0.00295	0.00422	0.02066	0.00675	0.00590
13	0.01057	0.00705	0.00793	0.00793	0.00793	0.00705	0.00440	0.01057	0.01057	0.01409	0.02290	0.04757	0.02643	0.74454	0.03700	0.00705	0.00705	0.01057	0.00440	0.00440
14	0.01150	0.00928	0.01325	0.01263	0.01349	0.01140	0.00979	0.01354	0.01142	0.01662	0.01798	0.02865	0.01760	0.14005	0.48743	0.00938	0.15777	0.00789	0.00382	0.00649
15	0.02592	0.02783	0.01833	0.01641	0.02013	0.52242	0.01244	0.02813	0.02012	0.11333	0.04300	0.01773	0.01387	0.00809	0.00660	0.00192	0.01084	0.00559	0.07855	0.00875
16	0.01149	0.00907	0.01084	0.01179	0.01313	0.04595	0.00927	0.01384	0.01535	0.01984	0.06847	0.20735	0.06255	0.09835	0.08862	0.00438	0.00765	0.28965	0.00607	0.00635
17	0.04273	0.05048	0.11919	0.01679	0.05303	0.09023	0.06868	0.07572	0.01745	0.02478	0.01311	0.01537	0.01043	0.00630	0.00618	0.00165	0.00804	0.00511	0.00419	0.37056
18	0.02158	0.01765	0.11120	0.01467	0.02009	0.01548	0.01314	0.14112	0.24225	0.19046	0.06421	0.02778	0.06766	0.00993	0.00744	0.00233	0.00665	0.00809	0.00715	0.01112
19	0.01373	0.01292	0.02180	0.72707	0.05006	0.01615	0.02019	0.01857	0.01453	0.01857	0.01292	0.01938	0.00969	0.00727	0.00727	0.00242	0.00969	0.00646	0.00323	0.00807
20	0.06359	0.01501	0.07096	0.25413	0.05468	0.01508	0.09703	0.06394	0.01585	0.02238	0.01929	0.18312	0.01874	0.01109	0.00890	0.00256	0.06110	0.00974	0.00445	0.00839
21	0.01710	0.01519	0.02558	0.32388	0.39131	0.01642	0.02074	0.02155	0.01597	0.06208	0.01425	0.01896	0.01115	0.00695	0.00723	0.00227	0.00892	0.00652	0.00377	0.01015
22	0.02074	0.01407	0.01609	0.01393	0.01800	0.01497	0.01124	0.20414	0.20821	0.13863	0.05926	0.07738	0.05948	0.01224	0.00794	0.00250	0.00626	0.09704	0.00747	0.01041
23	0.00945	0.00668	0.00874	0.01017	0.01067	0.00637	0.00697	0.01077	0.01373	0.01824	0.03724	0.55618	0.04401	0.13366	0.01364	0.00363	0.00494	0.09277	0.00638	0.00577

[dist]
# distance from previous block
# <min> <max>
0	26

[block]
# block no. 3 follows, 28 sequences, length 32
# corresponding to MSA columns:
# 1099-1130
name=unknown_D
#
# <colnr> <probs for GDERKNQSTAVLIFYWHMCP>
#	G	D	E	R	K	N	Q	S	T	A	V	L	I	F	Y	W	H	M	C	P
0	0.05613	0.02346	0.02226	0.01782	0.02307	0.23317	0.07102	0.31660	0.02606	0.11539	0.01640	0.01699	0.01185	0.00808	0.00707	0.00212	0.00963	0.00615	0.00598	0.01076
1	0.15024	0.01355	0.01542	0.01237	0.01693	0.01367	0.01002	0.08107	0.04972	0.16861	0.02161	0.02259	0.06680	0.02729	0.00908	0.00219	0.08954	0.00653	0.00580	0.21698
2	0.02577	0.02362	0.02334	0.01868	0.02391	0.23336	0.09886	0.28961	0.07876	0.08638	0.01707	0.01776	0.01251	0.00812	0.00723	0.00215	0.00979	0.00643	0.00587	0.01075
3	0.01613	0.27795	0.20676	0.01442	0.02020	0.01901	0.01495	0.07088	0.01686	0.02261	0.10806	0.08429	0.02169	0.03825	0.00842	0.00230	0.03611	0.00758	0.00447	0.00906
4	0.01470	0.03570	0.64688	0.02058	0.03038	0.01735	0.02590	0.02254	0.01498	0.02254	0.01274	0.01540	0.00924	0.00742	0.00839	0.00238	0.07388	0.00546	0.00308	0.01050
5	0.01044	0.00757	0.01058	0.01058	0.01150	0.00849	0.00771	0.01227	0.01136	0.01606	0.02048	0.03414	0.02060	0.25708	0.51648	0.01032	0.01582	0.00861	0.00404	0.00588
6	0.02278	0.02090	0.01659	0.01481	0.01836	0.29570	0.01128	0.12118	0.02094	0.13048	0.02589	0.17277	0.07347	0.01199	0.00751	0.00225	0.00864	0.00957	0.00597	0.00893
7	0.01638	0.01442	0.02251	0.16629	0.33821	0.01523	0.01763	0.09597	0.01778	0.02433	0.01985	0.14825	0.01920	0.01044	0.00773	0.00241	0.00789	0.04109	0.00467	0.00972
8	0.01355	0.00678	0.00678	0.00678	0.00847	0.00678	0.00508	0.01694	0.01524	0.02710	0.02371	0.02710	0.01863	0.00847	0.00508	0.00169	0.00339	0.00678	0.78489	0.00678
9	0.00886	0.00633	0.00843	0.01012	0.01054	0.00590	0.00675	0.01012	0.01392	0.01856	0.04006	0.73979	0.04808	0.02277	0.00928	0.00295	0.00422	0.02066	0.00675	0.00590
10	0.01601	0.17408	0.41205	0.02007	0.02822	0.02007	0.10054	0.02214	0.01495	0.02121	0.01224	0.01520	0.00949	0.00737	0.00869	0.00228	0.09663	0.00558	0.00316	0.01001
11	0.00934	0.00680	0.00880	0.00955	0.01060	0.00626	0.00669	0.01142	0.01649	0.02240	0.27535	0.44261	0.10749	0.01961	0.00897	0.00268	0.00389	0.01757	0.00719	0.00626
12	0.01181	0.00753	0.00939	0.00900	0.01090	0.00691	0.00671	0.01476	0.01868	0.07052	0.41961	0.12974	0.12678	0.01496	0.00812	0.00230	0.00372	0.01305	0.10848	0.00702
13	0.07950	0.01823	0.03570	0.02622	0.03271	0.01776	0.50590	0.05147	0.06301	0.02538	0.01693	0.02324	0.01349	0.00740	0.00821	0.00248	0.01076	0.04758	0.00433	0.00968
14	0.01694	0.01634	0.02541	0.21140	0.41128	0.04895	0.02000	0.02099	0.01569	0.02178	0.01350	0.01838	0.01113	0.00737	0.00854	0.00228	0.07217	0.00639	0.04149	0.00996
15	0.01038	0.00779	0.01168	0.01168	0.01298	0.00909	0.00909	0.01298	0.01168	0.01687	0.01947	0.02856	0.01817	0.05452	0.71573	0.01168	0.01947	0.00779	0.00389	0.00649
16	0.02904	0.01382	0.01698	0.01320	0.01841	0.01335	0.01085	0.20202	0.02368	0.45024	0.02513	0.02310	0.01658	0.00886	0.00704	0.00217	0.00633	0.00704	0.10046	0.01171
17	0.00897	0.00729	0.00798	0.00819	0.01027	0.00630	0.00612	0.01101	0.01675	0.02077	0.14406	0.14848	0.51215	0.01857	0.00874	0.00253	0.00385	0.04484	0.00690	0.00622
18	0.01887	0.11794	0.14713	0.01917	0.02340	0.13315	0.07441	0.02227	0.01488	0.05239	0.01189	0.01556	0.00997	0.00924	0.01342	0.00249	0.29533	0.00583	0.00357	0.00908
19	0.01470	0.01419	0.01208	0.01160	0.01288	0.18614	0.00803	0.01584	0.01338	0.01573	0.01909	0.03405	0.02003	0.38329	0.20188	0.00692	0.01173	0.00838	0.00411	0.00595
20	0.01510	0.01290	0.01502	0.01117	0.01716	0.01040	0.00889	0.01982	0.07370	0.02394	0.01471	0.01680	0.01214	0.00823	0.04100	0.00173	0.00612	0.00482	0.00456	0.68181
21	0.01870	0.08371	0.08482	0.02057	0.08127	0.13709	0.01655	0.04692	0.04760	0.02027	0.01183	0.01582	0.01036	0.00993	0.01491	0.00258	0.35846	0.00589	0.00366	0.00906
22	0.00954	0.00731	0.00862	0.00845	0.01029	0.00652	0.00621	0.01204	0.01810	0.02402	0.37694	0.10476	0.31258	0.05026	0.00993	0.00261	0.00375	0.01438	0.00726	0.00640
23	0.06271	0.02102	0.06614	0.02215	0.16685	0.11818	0.01555	0.24079	0.05524	0.11592	0.03370	0.01880	0.01387	0.00809	0.00703	0.00217	0.00848	0.00639	0.00580	0.01111
24	0.01057	0.00705	0.00793	0.00793	0.00793	0.00705	0.00440	0.01057	0.01057	0.01409	0.02290	0.04757	0.02643	0.74454	0.03700	0.00705	0.00705	0.01057	0.00440	0.00440
25	0.01850	0.01525	0.01579	0.01359	0.01737	0.05564	0.01067	0.19966	0.25219	0.03300	0.22219	0.03338	0.05894	0.01122	0.00771	0.00230	0.00601	0.00929	0.00731	0.00998
26	0.01159	0.00722	0.00854	0.00879	0.00993	0.00710	0.00639	0.01390	0.01502	0.02239	0.14588	0.07639	0.03492	0.22824	0.01608	0.00370	0.00506	0.11847	0.25433	0.00604
27	0.01650	0.01667	0.02284	0.28094	0.20511	0.09927	0.01828	0.02009	0.01492	0.01947	0.01290	0.01848	0.01084	0.01219	0.07216	0.00323	0.13750	0.00635	0.00343	0.00884
28	0.01621	0.01545	0.02628	0.33029	0.42747	0.01680	0.02142	0.02074	0.01571	0.02158	0.01336	0.01857	0.01075	0.00681	0.00723	0.00227	0.00908	0.00647	0.00344	0.01007
29	0.01297	0.01113	0.01865	0.01544	0.01807	0.01115	0.17509	0.01658	0.06744	0.02059	0.11514	0.12287	0.05382	0.11829	0.05031	0.11406	0.03553	0.01081	0.00509	0.00698
30	0.33056	0.11088	0.01959	0.01405	0.01851	0.07114	0.09079	0.04868	0.07404	0.02668	0.01698	0.11670	0.01565	0.00927	0.00622	0.00227	0.00720	0.00739	0.00484	0.00856
31	0.02300	0.02097	0.02653	0.02302	0.11304	0.10822	0.15407	0.31240	0.02488	0.03267	0.01519	0.01722	0.01145	0.00743	0.00728	0.00210	0.00941	0.00653	0.00532	0.07926

[dist]
# distance from previous block
# <min> <max>
13	124

[block]
# block no. 4 follows, 28 sequences, length 21
# corresponding to MSA columns:
# 1271-1291
name=unknown_E
#
# <colnr> <probs for GDERKNQSTAVLIFYWHMCP>
#	G	D	E	R	K	N	Q	S	T	A	V	L	I	F	Y	W	H	M	C	P
0	0.05195	0.01221	0.01571	0.12305	0.05351	0.01318	0.01168	0.06728	0.11794	0.11021	0.20109	0.03458	0.09630	0.01128	0.00851	0.00238	0.04427	0.00934	0.00650	0.00905
1	0.01366	0.01390	0.06565	0.20481	0.26204	0.01320	0.01692	0.01737	0.01509	0.02067	0.02218	0.25712	0.02300	0.01210	0.00788	0.00250	0.00758	0.01110	0.00451	0.00873
2	0.05124	0.07025	0.10814	0.07476	0.05288	0.18101	0.01474	0.04756	0.05702	0.19258	0.01915	0.06662	0.01500	0.00882	0.00693	0.00219	0.00879	0.00691	0.00543	0.00999
3	0.01640	0.01143	0.01265	0.01111	0.01411	0.05164	0.00861	0.07596	0.06603	0.12815	0.38671	0.04420	0.11732	0.01308	0.00808	0.00228	0.00499	0.01112	0.00766	0.00847
4	0.00891	0.00730	0.00786	0.00787	0.01005	0.00625	0.00585	0.01100	0.01710	0.02126	0.18199	0.11358	0.53960	0.01808	0.00864	0.00246	0.00367	0.01532	0.00697	0.00625
5	0.12323	0.02200	0.19142	0.02793	0.22782	0.01700	0.16981	0.04252	0.01665	0.07245	0.01443	0.01735	0.01083	0.00678	0.00709	0.00228	0.00938	0.00641	0.00409	0.01053
6	0.01571	0.01675	0.06264	0.25286	0.14601	0.07501	0.07554	0.04577	0.04081	0.02162	0.02074	0.12610	0.04935	0.00998	0.00765	0.00240	0.00880	0.00900	0.00436	0.00889
7	0.01299	0.00830	0.00977	0.00933	0.01185	0.00742	0.00701	0.01593	0.04656	0.12608	0.15271	0.18571	0.34510	0.01689	0.00847	0.00249	0.00422	0.01448	0.00731	0.00739
8	0.01111	0.00866	0.01230	0.01190	0.01279	0.01035	0.00905	0.01309	0.01140	0.01643	0.01888	0.03058	0.01866	0.18005	0.50051	0.00974	0.10620	0.00814	0.00390	0.00628
9	0.79588	0.01406	0.01068	0.00956	0.01406	0.01631	0.00787	0.02137	0.01237	0.03261	0.01012	0.01181	0.00787	0.00675	0.00450	0.00225	0.00562	0.00394	0.00450	0.00787
10	0.01873	0.05494	0.05232	0.15217	0.02643	0.01736	0.05978	0.20083	0.06419	0.05742	0.02118	0.09251	0.04717	0.01014	0.00859	0.00236	0.05967	0.00833	0.00544	0.04045
11	0.02314	0.01978	0.06616	0.01946	0.09723	0.14702	0.04592	0.10098	0.04581	0.19615	0.06733	0.05470	0.01868	0.00944	0.00841	0.00228	0.05372	0.00757	0.00595	0.01030
12	0.01122	0.00911	0.01025	0.00987	0.01171	0.04467	0.00732	0.01496	0.04957	0.02657	0.50012	0.13093	0.11523	0.01546	0.00850	0.00236	0.00416	0.01353	0.00750	0.00698
13	0.02345	0.01527	0.01830	0.09261	0.02248	0.01633	0.01253	0.31390	0.06065	0.17741	0.08882	0.02577	0.04456	0.01175	0.04014	0.00270	0.00760	0.00781	0.00710	0.01081
14	0.02163	0.04849	0.02442	0.05647	0.30804	0.15276	0.01716	0.07734	0.01864	0.10178	0.01579	0.04507	0.01302	0.00823	0.00823	0.00220	0.05907	0.00666	0.00461	0.01040
15	0.10330	0.06874	0.19636	0.01497	0.02056	0.01653	0.01484	0.06300	0.12704	0.09285	0.06256	0.02477	0.07486	0.00966	0.00850	0.00236	0.07662	0.00726	0.00539	0.00982
16	0.00908	0.00650	0.00864	0.00997	0.01059	0.00606	0.00677	0.01069	0.01497	0.02023	0.14389	0.63118	0.05133	0.02152	0.00917	0.00285	0.00409	0.01947	0.00695	0.00606
17	0.01227	0.01006	0.01320	0.01215	0.01455	0.01037	0.04798	0.07161	0.06471	0.02260	0.06902	0.18003	0.22465	0.02304	0.13220	0.00419	0.03663	0.03724	0.00607	0.00742
18	0.01693	0.07190	0.25225	0.01727	0.05223	0.04870	0.04934	0.05601	0.01659	0.04949	0.01481	0.01739	0.01150	0.00993	0.05356	0.00253	0.00918	0.00559	0.05643	0.18836
19	0.00962	0.00718	0.00801	0.00803	0.00930	0.00658	0.00538	0.01096	0.01470	0.01888	0.14576	0.10360	0.30202	0.29614	0.01951	0.00422	0.00497	0.01354	0.00604	0.00557
20	0.01637	0.12790	0.02262	0.01701	0.05163	0.09989	0.09583	0.02060	0.07369	0.02086	0.11457	0.02688	0.02217	0.10430	0.06202	0.00351	0.09949	0.00784	0.00459	0.00823

[dist]
# distance from previous block
# <min> <max>
7	170

[block]
# block no. 5 follows, 28 sequences, length 13
# corresponding to MSA columns:
# 1468-1480
name=unknown_F
#
# <colnr> <probs for GDERKNQSTAVLIFYWHMCP>
#	G	D	E	R	K	N	Q	S	T	A	V	L	I	F	Y	W	H	M	C	P
0	0.01317	0.13245	0.12831	0.01392	0.05928	0.01313	0.01185	0.01642	0.01483	0.02040	0.13260	0.03263	0.06465	0.15494	0.11514	0.00437	0.00877	0.00836	0.00459	0.05022
1	0.01117	0.00710	0.00991	0.00991	0.01042	0.00761	0.00687	0.01115	0.01065	0.01470	0.01819	0.03176	0.01866	0.23793	0.30035	0.26527	0.01168	0.00808	0.00379	0.00481
2	0.15034	0.05191	0.02307	0.13690	0.15751	0.19811	0.05459	0.10072	0.01862	0.02516	0.01269	0.01569	0.01004	0.00715	0.00658	0.00214	0.00956	0.00561	0.00415	0.00946
3	0.01524	0.00801	0.00989	0.00925	0.01152	0.00775	0.00710	0.01816	0.01633	0.14180	0.11883	0.08240	0.07033	0.01871	0.12477	0.00367	0.00663	0.00940	0.31262	0.00761
4	0.01960	0.09603	0.09950	0.01941	0.15057	0.01484	0.01430	0.05210	0.04983	0.18265	0.02256	0.02517	0.05545	0.05496	0.10742	0.00376	0.00917	0.00728	0.00537	0.01002
5	0.49046	0.01284	0.01133	0.01033	0.01408	0.01428	0.00818	0.09784	0.01568	0.03053	0.02212	0.14790	0.07797	0.01091	0.00606	0.00239	0.00548	0.00828	0.00544	0.00791
6	0.01035	0.00786	0.01113	0.12926	0.01695	0.00846	0.00886	0.01216	0.01282	0.01720	0.02773	0.32644	0.03111	0.19676	0.14424	0.00542	0.00858	0.01356	0.00509	0.00602
7	0.00950	0.00731	0.00826	0.00838	0.01004	0.00657	0.00604	0.01135	0.01603	0.02044	0.17620	0.10972	0.36704	0.15390	0.01404	0.00337	0.00449	0.05480	0.00654	0.00597
8	0.02643	0.01976	0.02114	0.01648	0.02209	0.02198	0.01353	0.59507	0.11602	0.04388	0.01898	0.01867	0.01360	0.00887	0.00729	0.00222	0.00772	0.00675	0.00729	0.01225
9	0.19492	0.01931	0.05115	0.01501	0.01911	0.15835	0.01258	0.02704	0.03828	0.22787	0.01658	0.01742	0.01207	0.00884	0.00973	0.00236	0.14851	0.00578	0.00546	0.00961
10	0.14743	0.01213	0.01362	0.01134	0.01582	0.01132	0.00887	0.05980	0.05297	0.13568	0.02227	0.17955	0.02054	0.01054	0.00664	0.00202	0.00547	0.00875	0.00599	0.26924
11	0.11467	0.02186	0.01762	0.01547	0.01892	0.29040	0.01208	0.06098	0.07625	0.09419	0.09863	0.02099	0.01863	0.00938	0.00888	0.00224	0.09798	0.00651	0.00533	0.00899
12	0.01439	0.01369	0.04780	0.08423	0.13849	0.01372	0.11659	0.06257	0.01528	0.02134	0.01687	0.02382	0.01467	0.04961	0.32618	0.00665	0.01415	0.00747	0.00397	0.00851

[dist]
# distance from previous block
# <min> <max>
0	2

[block]
# block no. 6 follows, 28 sequences, length 28
# corresponding to MSA columns:
# 1483-1510
name=unknown_G
#
# <colnr> <probs for GDERKNQSTAVLIFYWHMCP>
#	G	D	E	R	K	N	Q	S	T	A	V	L	I	F	Y	W	H	M	C	P
0	0.06438	0.01599	0.02573	0.13825	0.49167	0.01626	0.01969	0.02129	0.01585	0.02353	0.01327	0.01751	0.01095	0.00649	0.00685	0.00209	0.00827	0.00609	0.00367	0.09218
1	0.01577	0.01422	0.02195	0.02499	0.25583	0.03777	0.10840	0.02021	0.03933	0.02423	0.06937	0.08421	0.02030	0.00883	0.00711	0.00209	0.00720	0.00832	0.13896	0.09090
2	0.21607	0.13652	0.02060	0.01429	0.01872	0.13040	0.01188	0.11762	0.06716	0.09840	0.01464	0.01573	0.01128	0.00819	0.00791	0.00219	0.08838	0.00535	0.00509	0.00958
3	0.01956	0.01584	0.01642	0.01423	0.01825	0.04847	0.01134	0.26790	0.21449	0.03251	0.03166	0.08681	0.11184	0.01232	0.00784	0.00244	0.00662	0.06435	0.00699	0.01013
4	0.01074	0.00760	0.00918	0.00929	0.00989	0.00786	0.00601	0.01273	0.05280	0.01689	0.05822	0.14341	0.03010	0.45509	0.13318	0.00665	0.00828	0.01158	0.00502	0.00549
5	0.00914	0.00730	0.00730	0.00730	0.00967	0.00621	0.00547	0.01115	0.01642	0.02046	0.06816	0.06525	0.62185	0.01732	0.00821	0.00237	0.00365	0.01440	0.09219	0.00621
6	0.00992	0.00731	0.00850	0.00916	0.01022	0.00699	0.00617	0.01229	0.05471	0.01886	0.04259	0.36209	0.18773	0.18160	0.01503	0.00368	0.00479	0.01591	0.03646	0.00600
7	0.01056	0.00710	0.00821	0.00821	0.00831	0.00720	0.00476	0.01075	0.01065	0.01430	0.02265	0.04614	0.02581	0.69273	0.08796	0.00740	0.00798	0.01036	0.00437	0.00456
8	0.00898	0.00738	0.00790	0.00777	0.01005	0.00630	0.00583	0.01118	0.01748	0.02179	0.21430	0.06641	0.55424	0.01761	0.00859	0.00242	0.00362	0.01484	0.00703	0.00630
9	0.02715	0.03464	0.02060	0.01873	0.02247	0.71536	0.01404	0.02903	0.02060	0.01779	0.01124	0.01311	0.00936	0.00749	0.00655	0.00187	0.01311	0.00468	0.00375	0.00843
10	0.26006	0.15578	0.02195	0.01518	0.01998	0.27592	0.04413	0.08782	0.01818	0.02518	0.01146	0.01319	0.00927	0.00709	0.00575	0.00199	0.00932	0.00468	0.00420	0.00887
