[name]
unknown

[dist]
# distance from previous block
# <min> <max>
18	904

[block]
# block no. 0 follows, 28 sequences, length 41
# corresponding to MSA columns:
# 916-956
name=unknown_A
#
# <colnr> <probs for GDERKNQSTAVLIFYWHMCP>
#	G	D	E	R	K	N	Q	S	T	A	V	L	I	F	Y	W	H	M	C	P
0	0.72656	0.01347	0.01039	0.00937	0.01368	0.01541	0.00767	0.02040	0.01274	0.03147	0.01571	0.01693	0.06849	0.00777	0.00486	0.00227	0.00545	0.00494	0.00470	0.00772
1	0.00921	0.00724	0.00832	0.00836	0.01028	0.00635	0.00615	0.01151	0.01757	0.02274	0.28177	0.15803	0.39099	0.01780	0.00868	0.00247	0.00367	0.01533	0.00718	0.00635
2	0.02059	0.68405	0.03622	0.01248	0.01865	0.02717	0.01228	0.02297	0.01530	0.07761	0.01174	0.01281	0.01009	0.00646	0.00490	0.00162	0.00763	0.00419	0.00363	0.00960
3	0.01175	0.00795	0.00978	0.00977	0.01093	0.00784	0.00680	0.06891	0.01480	0.01948	0.06457	0.23039	0.14002	0.13361	0.04414	0.18934	0.00593	0.01276	0.00554	0.00570
4	0.72867	0.01391	0.01123	0.00986	0.01445	0.01581	0.00812	0.02261	0.01311	0.09175	0.01176	0.01295	0.00876	0.00695	0.00475	0.00225	0.00567	0.00423	0.00489	0.00827
5	0.02271	0.02879	0.18203	0.01787	0.02357	0.29115	0.01636	0.20933	0.02262	0.02705	0.01597	0.07886	0.01359	0.00905	0.00708	0.00216	0.01032	0.00678	0.00485	0.00987
6	0.01649	0.14312	0.47799	0.01778	0.02644	0.01719	0.02136	0.02283	0.01563	0.08430	0.01640	0.07943	0.01346	0.00839	0.00680	0.00224	0.00929	0.00667	0.00394	0.01025
7	0.01368	0.01206	0.01435	0.01284	0.01462	0.08772	0.06640	0.04447	0.01371	0.01772	0.01944	0.03325	0.01965	0.32218	0.26862	0.00748	0.01259	0.00858	0.00422	0.00642
8	0.01389	0.01077	0.01229	0.01121	0.01408	0.01103	0.00882	0.11327	0.13473	0.02904	0.28838	0.05026	0.18622	0.01437	0.00832	0.00244	0.00484	0.07037	0.00740	0.00828
9	0.01700	0.02320	0.22697	0.03765	0.50453	0.01716	0.02363	0.02252	0.01620	0.02354	0.01349	0.01722	0.01084	0.00660	0.00711	0.00220	0.00925	0.00615	0.00344	0.01129
10	0.01371	0.00822	0.01065	0.00959	0.01200	0.00740	0.00735	0.01689	0.02024	0.13635	0.53150	0.05100	0.11816	0.01425	0.00837	0.00230	0.00389	0.01241	0.00805	0.00767
11	0.03058	0.01563	0.01888	0.01448	0.02018	0.01552	0.01196	0.29605	0.02625	0.43590	0.02410	0.02177	0.01570	0.00889	0.00729	0.00222	0.00692	0.00700	0.00829	0.01237
12	0.01024	0.00809	0.00894	0.00887	0.01103	0.00737	0.00656	0.05935	0.01774	0.02244	0.13606	0.21285	0.42776	0.01825	0.00864	0.00252	0.00409	0.01562	0.00694	0.00663
13	0.11401	0.01027	0.01205	0.01043	0.01392	0.00984	0.00823	0.02230	0.06685	0.22591	0.27105	0.04088	0.14053	0.01233	0.00762	0.00231	0.00471	0.01029	0.00762	0.00882
14	0.01976	0.01172	0.01510	0.12302	0.02036	0.01216	0.01075	0.13148	0.01841	0.19926	0.02335	0.03533	0.02067	0.24827	0.01718	0.00392	0.00736	0.06718	0.00611	0.00860
15	0.01708	0.01284	0.01751	0.24340	0.02806	0.01192	0.01266	0.02078	0.01570	0.11696	0.01512	0.01782	0.01143	0.00650	0.00626	0.00168	0.00689	0.00542	0.00461	0.42737
16	0.79588	0.01406	0.01068	0.00956	0.01406	0.01631	0.00787	0.02137	0.01237	0.03261	0.01012	0.01181	0.00787	0.00675	0.00450	0.00225	0.00562	0.00394	0.00450	0.00787
17	0.01521	0.01457	0.02273	0.23277	0.17519	0.01817	0.01793	0.01844	0.01336	0.01911	0.01235	0.01854	0.01081	0.01360	0.07892	0.00352	0.29626	0.00655	0.00335	0.00863
18	0.24123	0.01461	0.01897	0.15730	0.19362	0.01522	0.01425	0.04444	0.01526	0.02611	0.01247	0.01578	0.00997	0.00654	0.00602	0.00199	0.00719	0.00524	0.00409	0.18971
19	0.01144	0.00916	0.01032	0.00905	0.01210	0.00769	0.00668	0.01335	0.01453	0.01965	0.03814	0.04716	0.25157	0.20434	0.01509	0.00327	0.00533	0.05616	0.00534	0.25963
20	0.01946	0.30006	0.29267	0.01702	0.02454	0.14032	0.01839	0.07045	0.01738	0.02157	0.01196	0.01375	0.00951	0.00688	0.00604	0.00194	0.00984	0.00479	0.00350	0.00994
21	0.00926	0.00752	0.00832	0.00875	0.01095	0.00659	0.00687	0.01138	0.01648	0.02003	0.06472	0.10401	0.52910	0.01896	0.00893	0.00266	0.00434	0.14814	0.00674	0.00624
22	0.00924	0.00673	0.00871	0.00962	0.01057	0.00619	0.00668	0.01117	0.01603	0.02165	0.22893	0.48996	0.10727	0.02017	0.00902	0.00272	0.00395	0.01809	0.00710	0.00619
23	0.00886	0.00633	0.00843	0.01012	0.01054	0.00590	0.00675	0.01012	0.01392	0.01856	0.04006	0.73979	0.04808	0.02277	0.00928	0.00295	0.00422	0.02066	0.00675	0.00590
24	0.02514	0.09683	0.02166	0.01748	0.02160	0.51797	0.01352	0.06018	0.11774	0.02089	0.01410	0.01522	0.01137	0.00778	0.00654	0.00194	0.01131	0.00521	0.00439	0.00914
25	0.10939	0.15114	0.02162	0.01516	0.01947	0.18915	0.01256	0.14688	0.07616	0.02620	0.01606	0.02129	0.01387	0.00908	0.00772	0.00217	0.06054	0.06453	0.00494	0.03206
26	0.01967	0.01708	0.02733	0.02110	0.02620	0.01817	0.25739	0.07052	0.24442	0.10051	0.02083	0.02214	0.01547	0.00865	0.00976	0.00250	0.09405	0.00793	0.00568	0.01060
27	0.27679	0.01884	0.01816	0.01447	0.01979	0.04605	0.01190	0.43917	0.02660	0.04050	0.01485	0.01546	0.01080	0.00804	0.00635	0.00219	0.00742	0.00563	0.00624	0.01076
28	0.02138	0.01895	0.02969	0.03108	0.29753	0.01948	0.16706	0.26495	0.02324	0.03184	0.01531	0.01816	0.01172	0.00723	0.00754	0.00223	0.00922	0.00698	0.00498	0.01144
29	0.01373	0.01292	0.02180	0.72707	0.05006	0.01615	0.02019	0.01857	0.01453	0.01857	0.01292	0.01938	0.00969	0.00727	0.00727	0.00242	0.00969	0.00646	0.00323	0.00807
30	0.01799	0.01727	0.02950	0.04462	0.69919	0.01727	0.02231	0.02231	0.01655	0.02375	0.01367	0.01799	0.01151	0.00648	0.00720	0.00216	0.00864	0.00648	0.00360	0.01151
31	0.01437	0.01137	0.01212	0.01112	0.01355	0.01227	0.00802	0.06917	0.27460	0.02363	0.03371	0.04129	0.13753	0.28411	0.01859	0.00415	0.00604	0.01018	0.00617	0.00802
32	0.01832	0.01710	0.09496	0.06581	0.02197	0.05301	0.03454	0.07862	0.13175	0.10588	0.05825	0.08530	0.02011	0.01109	0.03216	0.00247	0.00762	0.00800	0.00577	0.14728
33	0.02426	0.02857	0.01927	0.01747	0.02133	0.49275	0.01323	0.03209	0.23305	0.02182	0.01709	0.01758	0.01346	0.00825	0.00682	0.00206	0.01076	0.00581	0.00491	0.00941
34	0.05633	0.01191	0.01591	0.01242	0.01760	0.01048	0.01019	0.03267	0.02049	0.61061	0.09786	0.02739	0.02295	0.00953	0.00735	0.00225	0.00588	0.00781	0.00874	0.01164
35	0.00969	0.00727	0.00898	0.00885	0.01057	0.00656	0.00652	0.01245	0.01873	0.02546	0.45935	0.14880	0.21657	0.01676	0.00867	0.00241	0.00359	0.01467	0.00754	0.00656
36	0.02475	0.01787	0.01908	0.01539	0.02012	0.06819	0.01250	0.41658	0.02703	0.11918	0.01880	0.02027	0.01401	0.01788	0.14963	0.00408	0.01045	0.00675	0.00655	0.01090
37	0.00989	0.00676	0.00813	0.00880	0.00896	0.00659	0.00533	0.01039	0.01190	0.01586	0.02970	0.32185	0.03501	0.45855	0.02601	0.00542	0.00593	0.01457	0.00533	0.00500
38	0.09774	0.12083	0.04391	0.01358	0.01849	0.01765	0.01162	0.26956	0.02320	0.12684	0.08207	0.10204	0.02138	0.01030	0.00697	0.00221	0.00673	0.00818	0.00651	0.01020
39	0.33572	0.14149	0.11480	0.01341	0.01937	0.01956	0.01276	0.15704	0.04385	0.06153	0.01361	0.01460	0.01023	0.00731	0.00567	0.00213	0.00721	0.00498	0.00495	0.00978
40	0.01919	0.14253	0.17092	0.02365	0.20704	0.01907	0.01793	0.12505	0.06687	0.04730	0.01507	0.01689	0.01169	0.00710	0.00658	0.00202	0.00826	0.00578	0.00448	0.08258

[dist]
# distance from previous block
# <min> <max>
0	4

[block]
# block no. 1 follows, 28 sequences, length 29
# corresponding to MSA columns:
# 961-989
name=unknown_B
#
# <colnr> <probs for GDERKNQSTAVLIFYWHMCP>
#	G	D	E	R	K	N	Q	S	T	A	V	L	I	F	Y	W	H	M	C	P
0	0.01509	0.01330	0.01851	0.01865	0.11181	0.01395	0.08080	0.02558	0.28440	0.02719	0.18872	0.06807	0.05918	0.01147	0.00800	0.00243	0.00615	0.03059	0.00655	0.00958
1	0.01371	0.01243	0.02061	0.66997	0.04677	0.01541	0.01899	0.01844	0.01459	0.01925	0.01378	0.01999	0.01040	0.00736	0.00709	0.00236	0.00919	0.00648	0.06520	0.00797
2	0.01731	0.01823	0.18207	0.01454	0.01955	0.01356	0.01376	0.10938	0.13694	0.10912	0.02830	0.20259	0.05501	0.03486	0.00867	0.00262	0.00688	0.01069	0.00624	0.00968
3	0.01026	0.00708	0.00875	0.00911	0.00945	0.00721	0.00582	0.01102	0.01157	0.01561	0.02603	0.17316	0.02960	0.47753	0.13949	0.00691	0.00850	0.03299	0.00483	0.00509
4	0.39390	0.33737	0.02361	0.01139	0.01675	0.02227	0.01035	0.07336	0.01515	0.02685	0.01070	0.01219	0.00887	0.00667	0.00479	0.00194	0.00676	0.00412	0.00411	0.00887
5	0.01782	0.19169	0.30824	0.02261	0.10449	0.02043	0.11756	0.09108	0.01760	0.02419	0.01316	0.01567	0.01010	0.00678	0.00672	0.00213	0.00977	0.00576	0.00367	0.01054
6	0.01752	0.25471	0.30100	0.02246	0.12665	0.05885	0.07870	0.02287	0.01579	0.02102	0.01227	0.01485	0.00976	0.00659	0.00638	0.00204	0.00977	0.00532	0.00325	0.01021
7	0.13734	0.01326	0.01642	0.01278	0.01826	0.01243	0.01055	0.08569	0.02073	0.55797	0.02521	0.02236	0.01614	0.00866	0.00692	0.00224	0.00626	0.00678	0.00824	0.01175
8	0.05134	0.01166	0.01574	0.01740	0.13589	0.01156	0.01126	0.09382	0.01830	0.16081	0.05827	0.20923	0.07938	0.01699	0.07112	0.00326	0.00717	0.01126	0.00640	0.00912
9	0.10230	0.01274	0.01461	0.01240	0.01676	0.01279	0.01012	0.11372	0.10856	0.26446	0.03437	0.03676	0.13946	0.01167	0.00754	0.00242	0.00592	0.07585	0.00745	0.01009
10	0.01686	0.01890	0.07811	0.09562	0.08458	0.11862	0.16414	0.06180	0.01659	0.02132	0.01565	0.02228	0.01343	0.08150	0.15378	0.00459	0.01242	0.00723	0.00392	0.00866
11	0.02100	0.01581	0.09043	0.01553	0.02046	0.01346	0.07151	0.16739	0.02159	0.20566	0.08946	0.11514	0.02621	0.01187	0.00803	0.00246	0.00717	0.07987	0.00690	0.01005
12	0.06037	0.01223	0.01424	0.01248	0.01565	0.01310	0.00981	0.10799	0.14388	0.12157	0.17423	0.11335	0.08707	0.01289	0.00908	0.00246	0.06277	0.01055	0.00711	0.00918
13	0.01624	0.01526	0.02576	0.23291	0.45631	0.01616	0.02077	0.02061	0.01600	0.02212	0.01568	0.02410	0.01371	0.00791	0.00747	0.00234	0.00876	0.06399	0.00377	0.01012
14	0.02156	0.10537	0.02375	0.02072	0.11434	0.23532	0.04199	0.10481	0.11306	0.02371	0.01543	0.01850	0.01284	0.04854	0.00978	0.00241	0.06745	0.00618	0.00458	0.00966
15	0.01507	0.01292	0.01507	0.01077	0.01723	0.00969	0.00861	0.01830	0.01507	0.02369	0.01292	0.01507	0.01077	0.00538	0.00538	0.00108	0.00538	0.00431	0.00431	0.78898
16	0.08902	0.11773	0.02348	0.01828	0.07372	0.04963	0.05969	0.15778	0.03445	0.04405	0.03833	0.05253	0.03624	0.00982	0.01041	0.00237	0.16089	0.00717	0.00492	0.00950
17	0.01482	0.01312	0.01993	0.24118	0.19264	0.04554	0.03506	0.01829	0.01525	0.04867	0.02084	0.19271	0.02048	0.01507	0.07104	0.00328	0.00908	0.01001	0.00450	0.00850
18	0.01454	0.01190	0.01338	0.01223	0.01525	0.01298	0.00939	0.02731	0.38373	0.02984	0.33205	0.03947	0.04327	0.01213	0.00793	0.00238	0.00470	0.01046	0.00767	0.00939
19	0.00970	0.00697	0.00819	0.00855	0.00937	0.00655	0.00556	0.01085	0.01395	0.01835	0.12718	0.23209	0.16905	0.31770	0.02045	0.00445	0.00517	0.01446	0.00595	0.00546
20	0.01500	0.01412	0.02452	0.01972	0.02321	0.01470	0.25047	0.08594	0.01692	0.02311	0.02391	0.26785	0.02492	0.01366	0.01101	0.00274	0.11551	0.03921	0.00516	0.00833
21	0.07947	0.01841	0.02050	0.05287	0.16852	0.16810	0.01513	0.02052	0.01472	0.02005	0.01293	0.01804	0.01149	0.01763	0.14861	0.00422	0.19050	0.00611	0.00364	0.00855
22	0.08086	0.01399	0.01507	0.01243	0.01656	0.01436	0.00973	0.28714	0.02233	0.03149	0.02583	0.13394	0.08894	0.07689	0.00984	0.00259	0.00628	0.00937	0.00618	0.13620
23	0.02730	0.02244	0.01856	0.01534	0.02032	0.30736	0.01203	0.08088	0.02092	0.26210	0.01811	0.01783	0.01284	0.00780	0.00670	0.00191	0.00912	0.00570	0.00595	0.12677
24	0.01928	0.11597	0.02089	0.01582	0.01850	0.18538	0.01270	0.11747	0.01793	0.02198	0.01783	0.17201	0.01826	0.01219	0.01154	0.00245	0.19789	0.00876	0.00469	0.00846
25	0.01021	0.00781	0.01024	0.01222	0.07142	0.00753	0.00746	0.01162	0.01356	0.01788	0.03764	0.30646	0.15685	0.21854	0.07312	0.00460	0.00650	0.01464	0.00560	0.00609
26	0.00919	0.00671	0.00883	0.00988	0.01075	0.00635	0.00687	0.01095	0.01495	0.02010	0.14019	0.51501	0.10423	0.02404	0.07223	0.00359	0.00541	0.01792	0.00668	0.00612
27	0.54379	0.01462	0.01341	0.01120	0.01610	0.01611	0.00924	0.11537	0.01702	0.16181	0.01466	0.01505	0.01042	0.00745	0.00542	0.00224	0.00606	0.00494	0.00574	0.00935
28	0.01245	0.00985	0.01402	0.01283	0.01526	0.00986	0.06794	0.08290	0.01785	0.02400	0.15265	0.17572	0.12262	0.02310	0.13411	0.00424	0.00816	0.09886	0.00624	0.00734

[dist]
# distance from previous block
# <min> <max>
3	45

[block]
# block no. 2 follows, 28 sequences, length 14
# corresponding to MSA columns:
# 1035-1048
name=unknown_C
#
# <colnr> <probs for GDERKNQSTAVLIFYWHMCP>
#	G	D	E	R	K	N	Q	S	T	A	V	L	I	F	Y	W	H	M	C	P
0	0.01168	0.00820	0.00990	0.00982	0.01134	0.00786	0.00683	0.05058	0.01471	0.04319	0.03521	0.29582	0.12500	0.20991	0.07709	0.00452	0.00655	0.01394	0.00586	0.05198
1	0.02098	0.08126	0.04087	0.11009	0.02364	0.04476	0.01309	0.11524	0.06200	0.15000	0.01696	0.01822	0.01259	0.00778	0.00772	0.00198	0.05840	0.00587	0.00539	0.20317
2	0.05603	0.01673	0.12326	0.01693	0.07672	0.01465	0.01381	0.08922	0.09071	0.09183	0.01930	0.02218	0.04659	0.01305	0.01394	0.18348	0.09102	0.00685	0.00491	0.00879
3	0.02017	0.42014	0.06340	0.07809	0.15167	0.02264	0.01540	0.02343	0.01590	0.10770	0.01356	0.01537	0.01089	0.00675	0.00581	0.00187	0.00803	0.00511	0.00397	0.01010
4	0.01012	0.00745	0.01072	0.01103	0.01205	0.00830	0.00820	0.01222	0.01199	0.01692	0.02359	0.16114	0.02447	0.11522	0.52040	0.00963	0.01547	0.01042	0.00447	0.00618
5	0.01593	0.01281	0.01375	0.01255	0.01438	0.08223	0.00932	0.04945	0.08905	0.06875	0.02051	0.03105	0.01932	0.26097	0.19285	0.00621	0.08039	0.00820	0.00489	0.00740
6	0.09220	0.08212	0.01726	0.01124	0.01742	0.01289	0.00928	0.05781	0.01612	0.05195	0.01327	0.01496	0.01073	0.00593	0.00542	0.00134	0.00581	0.00448	0.00457	0.56520
7	0.01061	0.00764	0.01146	0.01146	0.01263	0.00881	0.00881	0.01263	0.01146	0.01645	0.01878	0.02791	0.01762	0.05158	0.64683	0.08955	0.01815	0.00764	0.00382	0.00616
8	0.01569	0.19480	0.22020	0.10027	0.05991	0.01849	0.07159	0.02229	0.08052	0.02224	0.07634	0.02255	0.04874	0.00823	0.00684	0.00217	0.00848	0.00689	0.00420	0.00957
9	0.01058	0.00786	0.00953	0.00962	0.01078	0.00802	0.00667	0.01357	0.06897	0.01896	0.09987	0.16007	0.12251	0.26223	0.15280	0.00578	0.00803	0.01241	0.00562	0.00612
10	0.13920	0.07523	0.10877	0.01296	0.01720	0.01329	0.04359	0.01983	0.05029	0.07271	0.17676	0.02926	0.02687	0.06543	0.11451	0.00396	0.00850	0.00800	0.00535	0.00830
11	0.01793	0.08296	0.01917	0.01602	0.07303	0.01346	0.04375	0.02107	0.01792	0.17287	0.23791	0.03649	0.03372	0.01183	0.01000	0.00243	0.10355	0.07053	0.00640	0.00897
12	0.02201	0.43934	0.08736	0.01472	0.02089	0.11845	0.01401	0.13497	0.01916	0.05072	0.01252	0.01368	0.01020	0.00699	0.00566	0.00179	0.00871	0.00471	0.00414	0.00997
13	0.09987	0.10449	0.07190	0.05980	0.17058	0.08592	0.01592	0.02194	0.01512	0.05338	0.01240	0.01564	0.01026	0.00784	0.00954	0.00218	0.14628	0.00545	0.00383	0.08763

[dist]
# distance from previous block
# <min> <max>
0	5

[block]
# block no. 3 follows, 28 sequences, length 6
# corresponding to MSA columns:
# 1054-1059
name=unknown_D
#
# <colnr> <probs for GDERKNQSTAVLIFYWHMCP>
#	G	D	E	R	K	N	Q	S	T	A	V	L	I	F	Y	W	H	M	C	P
0	0.01772	0.01381	0.01920	0.01796	0.07752	0.04348	0.06768	0.07233	0.01702	0.11265	0.08722	0.06339	0.02266	0.06542	0.09396	0.00391	0.15008	0.03992	0.00537	0.00870
1	0.00947	0.00688	0.00867	0.00925	0.01029	0.00636	0.00640	0.01137	0.01604	0.02166	0.25473	0.36637	0.12942	0.09441	0.01184	0.00310	0.00419	0.01655	0.00691	0.00609
2	0.01746	0.01738	0.02719	0.10889	0.32017	0.07319	0.13958	0.05825	0.01743	0.02318	0.01728	0.11335	0.01593	0.00886	0.00769	0.00232	0.00917	0.00860	0.00421	0.00987
3	0.01245	0.00795	0.00968	0.00936	0.01168	0.00703	0.00713	0.01486	0.01783	0.11261	0.22936	0.16101	0.29905	0.01696	0.00861	0.00251	0.00421	0.05317	0.00738	0.00716
4	0.09038	0.17276	0.02423	0.21486	0.16914	0.01847	0.01563	0.05726	0.04389	0.02270	0.01606	0.09402	0.01460	0.00868	0.00665	0.00221	0.00782	0.00727	0.00418	0.00920
5	0.18702	0.19823	0.12252	0.01984	0.14359	0.10528	0.01542	0.02444	0.07895	0.02385	0.01316	0.01501	0.01062	0.00698	0.00590	0.00205	0.00835	0.00509	0.00398	0.00971

[dist]
# distance from previous block
# <min> <max>
0	1

[block]
# block no. 4 follows, 28 sequences, length 21
# corresponding to MSA columns:
# 1061-1081
name=unknown_E
#
# <colnr> <probs for GDERKNQSTAVLIFYWHMCP>
#	G	D	E	R	K	N	Q	S	T	A	V	L	I	F	Y	W	H	M	C	P
0	0.12327	0.01408	0.07761	0.01375	0.01671	0.01360	0.01194	0.09132	0.01686	0.05167	0.07970	0.19359	0.02808	0.01425	0.01060	0.00272	0.12847	0.09791	0.00574	0.00814
1	0.10645	0.08186	0.01497	0.01204	0.01504	0.03965	0.00992	0.07761	0.01759	0.06011	0.11757	0.09307	0.05508	0.01938	0.10773	0.00380	0.00807	0.14623	0.00594	0.00788
2	0.00973	0.00709	0.00926	0.01014	0.01133	0.00662	0.00751	0.01203	0.01657	0.02227	0.23329	0.36810	0.11250	0.01962	0.00914	0.00278	0.00436	0.12423	0.00710	0.00634
3	0.17932	0.01466	0.01704	0.01644	0.11160	0.01463	0.01142	0.16486	0.01995	0.09574	0.06741	0.02194	0.05113	0.00826	0.00645	0.00198	0.00631	0.00652	0.00574	0.17860
4	0.16473	0.01229	0.01365	0.01129	0.01562	0.01189	0.00896	0.10985	0.01891	0.15026	0.11686	0.10647	0.05456	0.01061	0.00685	0.00210	0.00545	0.00866	0.00649	0.16449
5	0.08632	0.03544	0.64295	0.01969	0.02986	0.01683	0.02511	0.02287	0.01507	0.02390	0.01278	0.01502	0.00909	0.00689	0.00668	0.00230	0.01027	0.00524	0.00320	0.01048
6	0.01493	0.05763	0.53259	0.01862	0.02737	0.01619	0.02252	0.07008	0.01654	0.02389	0.01709	0.11772	0.01494	0.00926	0.00719	0.00236	0.00951	0.00757	0.00391	0.01013
7	0.01296	0.00777	0.01026	0.01018	0.01201	0.00721	0.00748	0.01521	0.01674	0.12558	0.20944	0.31954	0.10956	0.02124	0.07637	0.00346	0.00572	0.01493	0.00714	0.00721
8	0.01874	0.01468	0.01505	0.01369	0.01731	0.07161	0.01061	0.03078	0.37648	0.12006	0.03216	0.09895	0.07411	0.01349	0.03508	0.00282	0.00668	0.03058	0.00705	0.01008
9	0.27662	0.01236	0.01410	0.01159	0.01637	0.01206	0.00942	0.02857	0.01745	0.42464	0.02374	0.08623	0.01749	0.00954	0.00658	0.00231	0.00582	0.00745	0.00734	0.01033
10	0.01994	0.01852	0.02052	0.01775	0.01961	0.13461	0.01457	0.09470	0.01656	0.07268	0.01492	0.02261	0.01356	0.01183	0.01656	0.00280	0.40719	0.06783	0.00451	0.00874
11	0.01038	0.00754	0.00969	0.00988	0.01099	0.00773	0.00723	0.01217	0.01336	0.01793	0.08144	0.05007	0.12081	0.27296	0.23879	0.00698	0.01014	0.10092	0.00516	0.00580
12	0.00935	0.00654	0.00829	0.00948	0.00978	0.00624	0.00607	0.01025	0.01294	0.01726	0.03508	0.53865	0.04179	0.23250	0.01733	0.00414	0.00504	0.01773	0.00607	0.00547
13	0.10277	0.19449	0.02289	0.01442	0.01951	0.17385	0.01208	0.17354	0.02150	0.13715	0.05001	0.01760	0.01431	0.00801	0.00629	0.00199	0.00831	0.00570	0.00554	0.01004
14	0.01163	0.00945	0.01304	0.01243	0.01302	0.01150	0.00939	0.01323	0.01149	0.01652	0.01985	0.09816	0.02092	0.20782	0.31566	0.00766	0.18848	0.00934	0.00412	0.00629
15	0.01130	0.00771	0.00897	0.00893	0.01118	0.00673	0.00672	0.01339	0.01696	0.08621	0.13410	0.18863	0.40358	0.01799	0.00867	0.00255	0.00415	0.04831	0.00711	0.00680
16	0.01656	0.01581	0.02692	0.27366	0.48133	0.01689	0.02160	0.02105	0.01587	0.02201	0.01342	0.01846	0.01090	0.00674	0.00722	0.00225	0.00899	0.00647	0.00347	0.01036
17	0.04150	0.13541	0.02745	0.14620	0.26037	0.05616	0.06666	0.04642	0.03546	0.02227	0.01442	0.01986	0.01225	0.00894	0.02853	0.00249	0.03078	0.03122	0.00386	0.00976
18	0.01021	0.00768	0.00963	0.01049	0.01188	0.00741	0.00779	0.01368	0.06621	0.02174	0.14320	0.37830	0.13808	0.01954	0.00906	0.00281	0.00456	0.12409	0.00698	0.00663
19	0.02553	0.01215	0.01543	0.01250	0.01712	0.01144	0.01008	0.05966	0.11687	0.43526	0.14469	0.03160	0.05348	0.01048	0.00759	0.00229	0.00563	0.00872	0.00843	0.01106
20	0.01680	0.01559	0.13112	0.07921	0.02107	0.01261	0.01323	0.04258	0.13781	0.13941	0.04765	0.13534	0.04846	0.04247	0.07998	0.00355	0.00814	0.00973	0.00599	0.00927

[dist]
# distance from previous block
# <min> <max>
13	50

[block]
# block no. 5 follows, 28 sequences, length 34
# corresponding to MSA columns:
# 1148-1154,1160-1186
name=unknown_F
#
# <colnr> <probs for GDERKNQSTAVLIFYWHMCP>
#	G	D	E	R	K	N	Q	S	T	A	V	L	I	F	Y	W	H	M	C	P
0	0.01622	0.01772	0.03566	0.02647	0.03248	0.04006	0.51299	0.02155	0.01665	0.02226	0.01749	0.02661	0.01483	0.01275	0.08433	0.00351	0.01250	0.07281	0.00401	0.00909
1	0.01688	0.01798	0.02157	0.51896	0.04172	0.17270	0.01851	0.02083	0.01565	0.01832	0.01231	0.01773	0.00961	0.00770	0.00828	0.00235	0.06137	0.00606	0.00334	0.00814
2	0.01695	0.01854	0.03852	0.10294	0.15062	0.01797	0.49764	0.02265	0.01679	0.02289	0.01435	0.01931	0.01098	0.00630	0.00821	0.00240	0.01139	0.00801	0.00362	0.00992
3	0.01434	0.01355	0.02291	0.62901	0.14334	0.01631	0.02049	0.01911	0.01482	0.01932	0.01303	0.01918	0.00995	0.00715	0.00726	0.00238	0.00954	0.00646	0.00328	0.00857
4	0.01725	0.02037	0.13119	0.13319	0.17035	0.01722	0.31988	0.02298	0.01658	0.05767	0.01472	0.01890	0.01103	0.00662	0.00780	0.00236	0.01062	0.00732	0.00378	0.01016
5	0.03021	0.01374	0.01806	0.01406	0.01911	0.01339	0.01163	0.11264	0.02142	0.54927	0.02524	0.02289	0.01639	0.00936	0.00908	0.00234	0.08400	0.00711	0.00816	0.01190
6	0.00895	0.00664	0.00835	0.00947	0.01043	0.00605	0.00651	0.01054	0.01511	0.01984	0.11257	0.53740	0.17936	0.02111	0.00907	0.00279	0.00403	0.01885	0.00687	0.00605
7	0.01112	0.00840	0.01190	0.15763	0.01901	0.00857	0.00960	0.01412	0.01722	0.04272	0.31094	0.23622	0.09361	0.01556	0.00846	0.00251	0.00504	0.01382	0.00661	0.00695
8	0.01787	0.33257	0.02704	0.01436	0.01854	0.13710	0.08132	0.02002	0.01485	0.01717	0.01433	0.02208	0.01401	0.17892	0.05863	0.00362	0.00974	0.00631	0.00362	0.00791
9	0.02920	0.01312	0.01683	0.01330	0.01840	0.01225	0.01081	0.14474	0.02241	0.51552	0.02793	0.09999	0.02023	0.01042	0.00751	0.00231	0.00629	0.00861	0.00845	0.01168
10	0.02475	0.01305	0.01591	0.01291	0.01740	0.01287	0.01039	0.16747	0.08147	0.33427	0.13008	0.06484	0.02657	0.01061	0.00751	0.00227	0.00589	0.00879	0.04208	0.01086
11	0.01836	0.02980	0.45012	0.02354	0.14173	0.01693	0.02307	0.09391	0.01811	0.09400	0.01519	0.01696	0.01082	0.00724	0.00703	0.00226	0.00964	0.00588	0.00420	0.01121
12	0.01639	0.01258	0.01339	0.01130	0.01502	0.01279	0.00898	0.27714	0.02403	0.03108	0.11356	0.04734	0.35907	0.01417	0.00806	0.00233	0.00539	0.01159	0.00708	0.00870
13	0.03001	0.01219	0.01632	0.01269	0.01791	0.01079	0.01041	0.06102	0.02136	0.60324	0.09953	0.02759	0.02316	0.00961	0.00744	0.00225	0.00597	0.00790	0.00882	0.01178
14	0.74587	0.06140	0.01245	0.00974	0.01435	0.01711	0.00817	0.02139	0.01253	0.03161	0.01012	0.01180	0.00797	0.00671	0.00451	0.00220	0.00576	0.00393	0.00441	0.00797
15	0.00989	0.00724	0.00955	0.01074	0.01186	0.00704	0.00813	0.01191	0.01467	0.01921	0.04106	0.34940	0.12946	0.06193	0.08643	0.00414	0.00663	0.19824	0.00631	0.00615
16	0.01922	0.02502	0.13699	0.09858	0.14375	0.24697	0.01781	0.02420	0.06408	0.02071	0.01515	0.06305	0.01316	0.00879	0.00851	0.00228	0.07172	0.00672	0.00395	0.00933
17	0.01280	0.00868	0.01092	0.01057	0.01270	0.00821	0.00776	0.01714	0.08882	0.08232	0.26233	0.31531	0.04722	0.01627	0.00839	0.00248	0.00436	0.01446	0.00727	0.06200
18	0.01442	0.00897	0.01219	0.01324	0.08077	0.00830	0.00860	0.01678	0.01711	0.13872	0.22391	0.19691	0.10711	0.10540	0.01189	0.00302	0.00507	0.01303	0.00688	0.00768
19	0.45518	0.10431	0.01685	0.01303	0.05991	0.01647	0.01008	0.02507	0.01509	0.20172	0.01509	0.01549	0.01087	0.00724	0.00541	0.00216	0.00623	0.00496	0.00542	0.00944
20	0.00992	0.00718	0.00896	0.00990	0.01075	0.00692	0.00687	0.01202	0.03819	0.01917	0.08090	0.40280	0.09563	0.17018	0.01491	0.00374	0.00503	0.08460	0.00636	0.00596
21	0.01141	0.00995	0.01088	0.01015	0.01206	0.05444	0.00775	0.01411	0.01858	0.02462	0.41000	0.05267	0.24027	0.01521	0.00981	0.00239	0.06931	0.01262	0.00693	0.00685
22	0.02093	0.02186	0.02165	0.01813	0.02105	0.22338	0.03677	0.12099	0.01803	0.02274	0.01178	0.01536	0.01010	0.00958	0.01378	0.00240	0.30922	0.00575	0.00410	0.09241
23	0.37989	0.01560	0.01835	0.01489	0.01903	0.01792	0.07735	0.10314	0.01620	0.10206	0.01336	0.01552	0.01017	0.00840	0.00955	0.00245	0.15646	0.00559	0.00497	0.00912
24	0.05369	0.01076	0.01190	0.01028	0.01381	0.01003	0.00795	0.11617	0.01912	0.02667	0.14967	0.12768	0.22664	0.01355	0.00759	0.00215	0.00483	0.01139	0.00642	0.16969
25	0.11586	0.01328	0.01475	0.01306	0.01703	0.01430	0.01048	0.06093	0.29556	0.15576	0.10779	0.03347	0.02687	0.01096	0.00744	0.00246	0.00575	0.07674	0.00733	0.01018
26	0.03036	0.01287	0.01680	0.01322	0.01861	0.01183	0.01081	0.03592	0.12395	0.59976	0.02882	0.02511	0.01864	0.00913	0.00732	0.00228	0.00612	0.00745	0.00875	0.01224
27	0.03261	0.01237	0.01687	0.01293	0.01856	0.01068	0.01068	0.03543	0.02081	0.70423	0.02868	0.02474	0.01799	0.00900	0.00731	0.00225	0.00619	0.00731	0.00900	0.01237
28	0.07102	0.01382	0.01740	0.01341	0.01901	0.01300	0.01107	0.14388	0.02265	0.55729	0.02581	0.02283	0.01651	0.00883	0.00716	0.00224	0.00647	0.00701	0.00847	0.01214
29	0.01051	0.00787	0.00946	0.00951	0.01119	0.00752	0.00690	0.01411	0.08357	0.02276	0.24912	0.21442	0.21568	0.01813	0.01050	0.07678	0.00419	0.01435	0.00686	0.00656
30	0.01571	0.01299	0.02171	0.01765	0.02039	0.01406	0.17606	0.01859	0.01483	0.09309	0.06798	0.11158	0.02309	0.10207	0.05239	0.00372	0.18833	0.03275	0.00499	0.00803
31	0.01783	0.01942	0.02442	0.14131	0.02736	0.15251	0.09756	0.02059	0.01426	0.01845	0.01108	0.01642	0.00972	0.00998	0.01584	0.00271	0.38256	0.00633	0.00336	0.00829
32	0.05452	0.01425	0.01709	0.01355	0.01860	0.01423	0.01104	0.19868	0.08679	0.36991	0.10029	0.02595	0.02227	0.00959	0.00735	0.00226	0.00628	0.00773	0.00813	0.01151
33	0.01184	0.01001	0.01131	0.01139	0.01239	0.04866	0.00813	0.01474	0.06802	0.01969	0.09853	0.34432	0.06616	0.14199	0.01525	0.00349	0.08711	0.01445	0.00596	0.00657

[dist]
# distance from previous block
# <min> <max>
2	18

[block]
# block no. 6 follows, 28 sequences, length 28
# corresponding to MSA columns:
# 1238-1265
name=unknown_G
#
# <colnr> <probs for GDERKNQSTAVLIFYWHMCP>
#	G	D	E	R	K	N	Q	S	T	A	V	L	I	F	Y	W	H	M	C	P
0	0.05910	0.11822	0.03557	0.01396	0.01858	0.07260	0.03229	0.09334	0.08131	0.19668	0.02249	0.12114	0.01898	0.01242	0.04283	0.00268	0.00776	0.00826	0.00616	0.03561
1	0.02286	0.09166	0.02139	0.01785	0.08975	0.25677	0.01290	0.07661	0.01924	0.09702	0.01423	0.01561	0.01114	0.00696	0.00626	0.00172	0.00890	0.00512	0.00467	0.21933
2	0.22797	0.01884	0.07573	0.02084	0.15469	0.05299	0.04392	0.07870	0.20229	0.02934	0.01729	0.01842	0.01324	0.00774	0.00654	0.00228	0.00754	0.00619	0.00515	0.01030
3	0.02082	0.01710	0.01874	0.01835	0.10447	0.07358	0.01284	0.08358	0.34892	0.10252	0.02318	0.02247	0.01730	0.00856	0.00706	0.00218	0.00690	0.00704	0.00644	0.09798
4	0.02065	0.01752	0.09718	0.07169	0.28562	0.01534	0.01753	0.10647	0.01983	0.16371	0.09295	0.02312	0.01891	0.00830	0.00735	0.00223	0.00778	0.00727	0.00556	0.01097
5	0.01547	0.01345	0.01755	0.04852	0.17391	0.01463	0.01308	0.02662	0.32987	0.02531	0.02803	0.21153	0.02603	0.01237	0.00784	0.00252	0.00617	0.01101	0.00619	0.00990
6	0.01434	0.01247	0.01759	0.02289	0.26710	0.01268	0.01281	0.02033	0.13829	0.02304	0.09312	0.05440	0.12342	0.14086	0.01290	0.00316	0.00648	0.00983	0.00540	0.00887
7	0.00948	0.00677	0.00915	0.01083	0.01153	0.00644	0.00783	0.01120	0.01453	0.01925	0.03972	0.59606	0.04671	0.02218	0.00944	0.00304	0.00476	0.15824	0.00674	0.00608
8	0.01130	0.00833	0.01061	0.01043	0.01149	0.00921	0.00737	0.01476	0.08478	0.01718	0.02203	0.03644	0.02210	0.34143	0.35145	0.00872	0.01272	0.00901	0.00449	0.00616
9	0.01010	0.00719	0.01014	0.01074	0.01176	0.00778	0.00794	0.01229	0.01276	0.01829	0.02708	0.27934	0.02876	0.03962	0.40940	0.00780	0.01280	0.01225	0.06767	0.00631
10	0.02028	0.67100	0.03618	0.01312	0.01907	0.10366	0.01261	0.02256	0.01541	0.01718	0.01023	0.01182	0.00933	0.00636	0.00487	0.00159	0.00836	0.00397	0.00318	0.00923
11	0.01004	0.00736	0.00954	0.01004	0.01154	0.00686	0.00768	0.01275	0.01771	0.02394	0.32755	0.22352	0.13491	0.01825	0.00905	0.00269	0.00433	0.14844	0.00728	0.00651
12	0.79588	0.01406	0.01068	0.00956	0.01406	0.01631	0.00787	0.02137	0.01237	0.03261	0.01012	0.01181	0.00787	0.00675	0.00450	0.00225	0.00562	0.00394	0.00450	0.00787
13	0.02921	0.01783	0.02025	0.01552	0.02128	0.01878	0.01282	0.47213	0.02994	0.25462	0.02101	0.01976	0.01415	0.00881	0.00728	0.00220	0.00742	0.00679	0.00782	0.01236
14	0.02360	0.01959	0.02315	0.02548	0.24494	0.09478	0.01600	0.30779	0.02459	0.07353	0.01645	0.01893	0.01274	0.03355	0.02999	0.00260	0.00898	0.00654	0.00558	0.01121
15	0.24525	0.05509	0.01806	0.01462	0.01817	0.11718	0.01189	0.09531	0.10376	0.04857	0.01448	0.01655	0.01161	0.01075	0.03936	0.00277	0.15700	0.00565	0.00485	0.00909
16	0.01610	0.00933	0.01109	0.00991	0.01312	0.00843	0.00768	0.01995	0.07289	0.20591	0.15319	0.09254	0.32131	0.01489	0.00819	0.00240	0.00452	0.01258	0.00760	0.00835
17	0.02405	0.19514	0.02798	0.01858	0.02377	0.33632	0.10582	0.14101	0.02118	0.02337	0.01256	0.01445	0.01012	0.00722	0.00653	0.00193	0.01085	0.00537	0.00421	0.00953
18	0.01910	0.01054	0.01330	0.01117	0.01460	0.00996	0.00883	0.10381	0.02220	0.23313	0.38435	0.04142	0.07198	0.01247	0.00803	0.00227	0.00484	0.01065	0.00816	0.00918
19	0.46451	0.01156	0.01012	0.00904	0.01278	0.01267	0.00729	0.02150	0.01420	0.10413	0.01646	0.01807	0.01239	0.00754	0.00499	0.00207	0.00498	0.00520	0.25249	0.00801
20	0.01099	0.00759	0.00931	0.00895	0.01098	0.00677	0.00668	0.01367	0.01868	0.06618	0.39918	0.13192	0.24923	0.01642	0.00858	0.00241	0.00376	0.01426	0.00755	0.00688
21	0.03911	0.00870	0.01115	0.01004	0.01270	0.00791	0.00770	0.01855	0.01934	0.19073	0.39187	0.12190	0.10272	0.01434	0.00822	0.00236	0.00427	0.01245	0.00790	0.00806
22	0.01780	0.11971	0.35433	0.06731	0.02772	0.01959	0.02016	0.13363	0.10168	0.02654	0.01536	0.01699	0.01141	0.00768	0.00725	0.00224	0.02977	0.00584	0.00433	0.01066
23	0.01242	0.00782	0.00934	0.00886	0.01037	0.00742	0.00611	0.01379	0.01426	0.09172	0.10306	0.04918	0.19183	0.34086	0.09714	0.00543	0.00711	0.01134	0.00578	0.00616
24	0.08254	0.01890	0.02468	0.05443	0.14303	0.09025	0.12947	0.20510	0.02117	0.04571	0.01602	0.05061	0.01327	0.03184	0.00893	0.00244	0.03927	0.00726	0.00499	0.01009
25	0.01562	0.01184	0.01405	0.01160	0.01538	0.03938	0.00911	0.01851	0.01682	0.09792	0.19972	0.07147	0.02963	0.01295	0.04986	0.00247	0.06588	0.00839	0.00582	0.30356
26	0.07563	0.01156	0.04125	0.01066	0.01465	0.00981	0.00875	0.01882	0.06819	0.06168	0.32774	0.03566	0.05742	0.01077	0.00717	0.00198	0.00476	0.00911	0.00649	0.21789
27	0.01875	0.02456	0.23335	0.01684	0.02330	0.13809	0.06140	0.06213	0.01753	0.07672	0.03182	0.02052	0.01382	0.08763	0.01008	0.00254	0.00926	0.00627	0.00443	0.14096

[dist]
# distance from previous block
# <min> <max>
1	12

[block]
# block no. 7 follows, 28 sequences, length 16
# corresponding to MSA columns:
# 1313-1328
name=unknown_H
#
# <colnr> <probs for GDERKNQSTAVLIFYWHMCP>
#	G	D	E	R	K	N	Q	S	T	A	V	L	I	F	Y	W	H	M	C	P
0	0.09494	0.01496	0.05833	0.05241	0.21106	0.05968	0.01365	0.01894	0.03911	0.02454	0.17237	0.09596	0.09263	0.01122	0.00749	0.00231	0.00668	0.00970	0.00534	0.00868
1	0.01931	0.06544	0.21922	0.14795	0.06123	0.01716	0.12051	0.07243	0.04645	0.13490	0.01671	0.01882	0.01190	0.00739	0.00722	0.00229	0.00936	0.00655	0.00468	0.01048
2	0.01542	0.04071	0.06727	0.01331	0.01670	0.07129	0.01106	0.05733	0.20686	0.02609	0.19628	0.10586	0.05240	0.03311	0.03004	0.00278	0.02812	0.01021	0.00637	0.00881
3	0.01553	0.01481	0.01696	0.14203	0.02292	0.08609	0.01246	0.02099	0.11508	0.02186	0.06077	0.11605	0.02048	0.01064	0.00972	0.00226	0.11927	0.00835	0.00489	0.17883
4	0.01942	0.01634	0.02661	0.02184	0.06751	0.01705	0.23006	0.13773	0.06344	0.09652	0.02098	0.06520	0.04216	0.01155	0.04113	0.00289	0.09559	0.00862	0.00535	0.00999
5	0.00939	0.00740	0.00847	0.00820	0.01031	0.00648	0.00615	0.01198	0.01846	0.02412	0.36673	0.06257	0.40035	0.01674	0.00858	0.00238	0.00356	0.01431	0.00734	0.00648
6	0.02076	0.02119	0.02457	0.16860	0.11739	0.18871	0.10280	0.12707	0.10890	0.02549	0.01576	0.01843	0.01210	0.00764	0.00727	0.00223	0.00994	0.00655	0.00465	0.00996
7	0.01189	0.00948	0.01288	0.01226	0.01452	0.00944	0.04988	0.01773	0.12382	0.02525	0.27645	0.16911	0.08435	0.01605	0.00879	0.00265	0.00512	0.13567	0.00710	0.00755
8	0.01092	0.00749	0.01022	0.01106	0.01186	0.00763	0.00785	0.01245	0.01389	0.05934	0.03503	0.56833	0.04033	0.02490	0.09048	0.00392	0.05403	0.01746	0.00632	0.00649
9	0.32127	0.01547	0.01604	0.01282	0.01807	0.01647	0.01058	0.22677	0.02171	0.24638	0.01817	0.01758	0.01241	0.00806	0.00623	0.00223	0.00653	0.00579	0.00676	0.01066
10	0.01355	0.00678	0.00678	0.00678	0.00847	0.00678	0.00508	0.01694	0.01524	0.02710	0.02371	0.02710	0.01863	0.00847	0.00508	0.00169	0.00339	0.00678	0.78489	0.00678
11	0.09524	0.01992	0.23027	0.01481	0.01995	0.01445	0.01503	0.09892	0.01834	0.02780	0.22321	0.02809	0.02831	0.01306	0.05289	0.00294	0.07453	0.00800	0.00531	0.00893
12	0.01810	0.01473	0.01886	0.01580	0.01974	0.01617	0.07940	0.12088	0.29863	0.05921	0.14516	0.03194	0.02804	0.01089	0.00887	0.00247	0.05154	0.04253	0.00687	0.01018
13	0.01540	0.04398	0.05225	0.03735	0.01815	0.08686	0.03644	0.08676	0.09203	0.02463	0.13433	0.12493	0.08575	0.01757	0.08889	0.00344	0.00834	0.02872	0.00586	0.00833
14	0.01822	0.06538	0.16811	0.01760	0.04303	0.01589	0.09110	0.09324	0.08672	0.08312	0.01721	0.01922	0.01312	0.01203	0.07942	0.00300	0.00939	0.00632	0.00486	0.15300
15	0.53853	0.02095	0.01400	0.01263	0.01687	0.25033	0.00994	0.02393	0.01513	0.02765	0.01049	0.01224	0.00837	0.00700	0.00519	0.00212	0.00813	0.00419	0.00425	0.00806

[dist]
# distance from previous block
# <min> <max>
1	14

[block]
# block no. 8 follows, 28 sequences, length 21
# corresponding to MSA columns:
# 1343-1363
name=unknown_I
#
# <colnr> <probs for GDERKNQSTAVLIFYWHMCP>
#	G	D	E	R	K	N	Q	S	T	A	V	L	I	F	Y	W	H	M	C	P
0	0.66909	0.01510	0.01252	0.01074	0.01546	0.01734	0.00885	0.12924	0.01597	0.03479	0.01133	0.01274	0.00861	0.00707	0.00496	0.00224	0.00602	0.00437	0.00496	0.00861
1	0.67419	0.01447	0.01209	0.01042	0.01511	0.01642	0.00858	0.07772	0.01484	0.08360	0.01212	0.01325	0.00900	0.00708	0.00494	0.00224	0.00587	0.00441	0.00507	0.00859
2	0.01507	0.01444	0.01929	0.21211	0.08777	0.06988	0.01528	0.01975	0.07256	0.01934	0.01541	0.02123	0.01319	0.02133	0.20241	0.00502	0.15699	0.00682	0.00384	0.00826
3	0.01491	0.06709	0.02146	0.01925	0.09574	0.01466	0.10220	0.01747	0.01446	0.06183	0.02325	0.27888	0.02464	0.01517	0.03108	0.00294	0.17005	0.01176	0.00496	0.00821
4	0.01761	0.01051	0.01396	0.01225	0.01467	0.01100	0.00969	0.01994	0.01713	0.22302	0.17197	0.13853	0.12662	0.01432	0.01153	0.00258	0.15789	0.01139	0.00692	0.00848
5	0.01943	0.74891	0.03809	0.01244	0.01866	0.02876	0.01244	0.02177	0.01477	0.01710	0.01011	0.01166	0.00933	0.00622	0.00466	0.00155	0.00777	0.00389	0.00311	0.00933
6	0.01128	0.00966	0.01382	0.01247	0.01495	0.00937	0.08634	0.01563	0.07745	0.02288	0.18142	0.19784	0.22446	0.01630	0.00915	0.00260	0.02599	0.05453	0.00660	0.00725
7	0.02023	0.01013	0.01336	0.01207	0.01528	0.00943	0.00957	0.06645	0.01925	0.29642	0.11051	0.22472	0.03508	0.01498	0.00839	0.00260	0.00554	0.10899	0.00782	0.00916
8	0.00884	0.00681	0.00809	0.00897	0.01027	0.00606	0.00627	0.01047	0.01538	0.01964	0.09395	0.43126	0.30685	0.02055	0.00896	0.00271	0.00396	0.01808	0.00683	0.00606
9	0.02849	0.01278	0.01650	0.01291	0.01796	0.01183	0.01056	0.12533	0.02272	0.50541	0.12862	0.02818	0.02488	0.00985	0.00750	0.00224	0.00603	0.00809	0.00859	0.01153
10	0.01718	0.21812	0.34815	0.07903	0.02952	0.05197	0.08403	0.05216	0.01639	0.02192	0.01255	0.01514	0.00961	0.00679	0.00652	0.00211	0.01001	0.00541	0.00337	0.01003
11	0.01287	0.01148	0.01657	0.01782	0.10125	0.01372	0.01251	0.01508	0.01325	0.01880	0.02495	0.16215	0.07880	0.02310	0.15534	0.00466	0.25566	0.04993	0.00456	0.00750
12	0.00971	0.00710	0.00929	0.01062	0.01173	0.00668	0.00798	0.01177	0.01547	0.02027	0.08634	0.42628	0.13062	0.02095	0.00936	0.00296	0.00479	0.19504	0.00681	0.00622
13	0.01209	0.01048	0.01646	0.41488	0.03345	0.01211	0.01495	0.01586	0.01532	0.01986	0.07536	0.14800	0.06903	0.01278	0.00815	0.00263	0.00755	0.09886	0.00485	0.00732
14	0.04280	0.12116	0.15742	0.02514	0.21142	0.10027	0.05877	0.07326	0.03592	0.08483	0.01479	0.01679	0.01132	0.00711	0.00676	0.00211	0.00924	0.00589	0.00433	0.01064
15	0.01609	0.01692	0.13350	0.21481	0.19809	0.01404	0.01818	0.02069	0.01638	0.09335	0.04266	0.02980	0.09628	0.00952	0.00756	0.00238	0.00816	0.04745	0.00467	0.00948
16	0.01003	0.00713	0.00778	0.00778	0.00844	0.00680	0.00471	0.01053	0.01220	0.01560	0.03664	0.05363	0.20783	0.54789	0.02930	0.00580	0.00614	0.01186	0.00504	0.00487
17	0.01516	0.02766	0.41035	0.10790	0.13429	0.01624	0.08230	0.02196	0.01559	0.02293	0.01407	0.01749	0.01048	0.00693	0.00701	0.00226	0.00989	0.00606	0.06128	0.01016
18	0.06721	0.02274	0.19367	0.07841	0.23875	0.06434	0.01944	0.07129	0.08197	0.06958	0.01584	0.01800	0.01194	0.00738	0.00695	0.00224	0.00888	0.00615	0.00448	0.01075
19	0.08659	0.04931	0.07339	0.10060	0.25986	0.01673	0.07690	0.06869	0.01789	0.15621	0.01634	0.01856	0.01202	0.00721	0.00700	0.00222	0.00841	0.00643	0.00487	0.01076
20	0.01973	0.02042	0.01807	0.01553	0.01890	0.23612	0.01210	0.07818	0.08229	0.02213	0.01493	0.01907	0.01292	0.05869	0.06637	0.00313	0.13704	0.00602	0.00446	0.15391

[dist]
# distance from previous block
# <min> <max>
0	5

[block]
# block no. 9 follows, 28 sequences, length 46
# corresponding to MSA columns:
# 1383-1407,1419,1421-1440
name=unknown_J
#
# <colnr> <probs for GDERKNQSTAVLIFYWHMCP>
#	G	D	E	R	K	N	Q	S	T	A	V	L	I	F	Y	W	H	M	C	P
0	0.14737	0.01524	0.01435	0.01380	0.05320	0.12329	0.01001	0.08938	0.01901	0.11307	0.09864	0.11587	0.13406	0.01202	0.00729	0.00230	0.00658	0.00973	0.00620	0.00859
1	0.09691	0.01594	0.09172	0.02409	0.25035	0.01391	0.03410	0.06203	0.01767	0.05116	0.12647	0.10420	0.02579	0.01059	0.00753	0.00237	0.00711	0.04329	0.00528	0.00949
2	0.01741	0.01528	0.04110	0.01321	0.01665	0.08693	0.01047	0.19594	0.04017	0.04494	0.07185	0.26554	0.08042	0.01422	0.00794	0.00239	0.00651	0.01207	0.00645	0.05050
3	0.01195	0.05960	0.08747	0.01216	0.01566	0.00996	0.01101	0.01512	0.01565	0.02091	0.03620	0.18629	0.13687	0.01596	0.00832	0.00258	0.00606	0.22565	0.00576	0.11682
4	0.01448	0.01733	0.14552	0.04206	0.02123	0.03583	0.05563	0.05295	0.01596	0.02273	0.01952	0.17122	0.01899	0.01336	0.05906	0.00271	0.00819	0.00874	0.00462	0.26988
5	0.19806	0.19977	0.05029	0.01648	0.04710	0.07495	0.10241	0.09298	0.01767	0.06598	0.01708	0.01845	0.05468	0.00769	0.00618	0.00208	0.00813	0.00599	0.00461	0.00943
6	0.01728	0.13505	0.05611	0.01438	0.01799	0.20240	0.01225	0.02007	0.01657	0.01985	0.08701	0.02925	0.04667	0.01653	0.10653	0.00347	0.05959	0.07595	0.00449	0.05855
7	0.01899	0.01611	0.01878	0.06811	0.07936	0.04265	0.01221	0.19068	0.02037	0.02886	0.01410	0.01618	0.01111	0.00657	0.00622	0.00159	0.00697	0.00525	0.00492	0.43095
8	0.01690	0.01735	0.02377	0.43209	0.22682	0.11997	0.01987	0.02116	0.01599	0.01990	0.01288	0.01806	0.01015	0.00708	0.00714	0.00227	0.00990	0.00620	0.00341	0.00909
9	0.02614	0.01264	0.01602	0.01270	0.01739	0.01195	0.01032	0.14956	0.02325	0.41372	0.19196	0.03071	0.02949	0.01040	0.00762	0.00225	0.00584	0.00861	0.00843	0.01100
10	0.00989	0.00707	0.00960	0.01115	0.01206	0.00678	0.00840	0.01197	0.01524	0.02024	0.07836	0.48132	0.04722	0.02141	0.00949	0.00304	0.00499	0.22875	0.00680	0.00622
11	0.01768	0.01774	0.03332	0.18746	0.16701	0.01812	0.33005	0.09226	0.01829	0.02475	0.01440	0.01901	0.01097	0.00673	0.00788	0.00236	0.01052	0.00748	0.00395	0.01002
12	0.01726	0.01652	0.02818	0.16239	0.58717	0.01708	0.02194	0.02166	0.01620	0.02285	0.01354	0.01823	0.01120	0.00661	0.00721	0.00220	0.00882	0.00647	0.00353	0.01092
13	0.00892	0.00650	0.00841	0.00978	0.01049	0.00599	0.00663	0.01039	0.01461	0.01935	0.08590	0.62841	0.11419	0.02182	0.00916	0.00286	0.00411	0.01965	0.00683	0.00599
14	0.01443	0.01037	0.04833	0.01111	0.01380	0.00888	0.00883	0.01895	0.08929	0.13437	0.20144	0.25922	0.09266	0.04239	0.00941	0.00270	0.00492	0.01367	0.00721	0.00802
15	0.01734	0.01547	0.02583	0.10374	0.52894	0.01561	0.01980	0.02132	0.01639	0.05746	0.01836	0.07322	0.03778	0.00828	0.00741	0.00226	0.00812	0.00786	0.00418	0.01064
16	0.02368	0.02103	0.14519	0.02079	0.02778	0.05791	0.23496	0.07164	0.01953	0.27357	0.01950	0.02021	0.01325	0.00757	0.00762	0.00230	0.00954	0.00719	0.00576	0.01099
17	0.02854	0.01376	0.01721	0.01341	0.01859	0.01319	0.01099	0.19389	0.02415	0.45310	0.10995	0.02663	0.02296	0.00967	0.00746	0.00224	0.00629	0.00785	0.00844	0.01167
18	0.01959	0.02100	0.01524	0.01411	0.01693	0.35661	0.01054	0.02192	0.01972	0.05821	0.22627	0.10688	0.05977	0.01190	0.00759	0.00216	0.00845	0.00955	0.00577	0.00780
