[name]
unknown

[dist]
# distance from previous block
# <min> <max>
5	28

[block]
# block no. 0 follows, 27 sequences, length 6
# corresponding to MSA columns:
# 40-45
name=unknown_A
#
# <colnr> <probs for GDERKNQSTAVLIFYWHMCP>
#	G	D	E	R	K	N	Q	S	T	A	V	L	I	F	Y	W	H	M	C	P
0	0.06901	0.06026	0.19737	0.01629	0.02260	0.15796	0.01581	0.13563	0.02068	0.13139	0.01696	0.01788	0.01227	0.00794	0.00666	0.00213	0.00905	0.00584	0.08390	0.01037
1	0.01176	0.00915	0.01213	0.01152	0.01197	0.01082	0.00831	0.01295	0.01128	0.01600	0.01965	0.03600	0.02092	0.37372	0.26030	0.00804	0.14647	0.00904	0.00409	0.00589
2	0.02053	0.48347	0.08349	0.01871	0.11029	0.13420	0.01538	0.02357	0.01631	0.01892	0.01121	0.01328	0.00982	0.00664	0.00558	0.00178	0.00914	0.00456	0.00334	0.00978
3	0.01289	0.00645	0.00967	0.00967	0.00967	0.00645	0.00645	0.00967	0.00967	0.01289	0.01289	0.02257	0.01289	0.02579	0.02901	0.78401	0.00645	0.00645	0.00322	0.00322
4	0.14655	0.02002	0.13450	0.01469	0.02033	0.06035	0.01363	0.19270	0.02242	0.13405	0.14330	0.02444	0.02279	0.00940	0.00711	0.00227	0.00744	0.00731	0.00640	0.01029
5	0.02299	0.06896	0.12552	0.02552	0.18799	0.24104	0.05329	0.09223	0.02014	0.07237	0.01441	0.01652	0.01111	0.00740	0.00704	0.00212	0.01051	0.00589	0.00440	0.01055

[dist]
# distance from previous block
# <min> <max>
0	1

[block]
# block no. 1 follows, 27 sequences, length 49
# corresponding to MSA columns:
# 47-95
name=unknown_B
#
# <colnr> <probs for GDERKNQSTAVLIFYWHMCP>
#	G	D	E	R	K	N	Q	S	T	A	V	L	I	F	Y	W	H	M	C	P
0	0.01999	0.01960	0.11155	0.02452	0.16815	0.04401	0.12136	0.04972	0.07378	0.12697	0.05865	0.02183	0.01663	0.00817	0.00832	0.00228	0.04326	0.00727	0.00523	0.06870
1	0.06760	0.07625	0.16756	0.02378	0.17514	0.05742	0.07247	0.08098	0.01797	0.05458	0.01819	0.12070	0.01646	0.00947	0.00732	0.00233	0.00877	0.00823	0.00465	0.01014
2	0.01289	0.00645	0.00967	0.00967	0.00967	0.00645	0.00645	0.00967	0.00967	0.01289	0.01289	0.02257	0.01289	0.02579	0.02901	0.78401	0.00645	0.00645	0.00322	0.00322
3	0.01708	0.01833	0.03685	0.07675	0.17927	0.01814	0.42068	0.02239	0.01672	0.02303	0.01533	0.04649	0.01263	0.00746	0.00935	0.00250	0.05470	0.00849	0.00380	0.01001
4	0.01787	0.01738	0.12071	0.01868	0.02362	0.01455	0.16759	0.02318	0.06437	0.14505	0.02621	0.14982	0.06276	0.01182	0.01027	0.00263	0.09794	0.01036	0.00562	0.00958
5	0.01061	0.00795	0.01193	0.01193	0.01326	0.00928	0.00928	0.01326	0.01193	0.01723	0.01988	0.02916	0.01856	0.05568	0.70968	0.01193	0.01988	0.00795	0.00398	0.00663
6	0.01018	0.00714	0.00978	0.01046	0.01110	0.00745	0.00728	0.01143	0.01247	0.01710	0.02830	0.30748	0.03168	0.16749	0.26892	0.05668	0.01061	0.01352	0.00516	0.00578
7	0.02463	0.21686	0.02731	0.01671	0.02234	0.13410	0.06197	0.27412	0.02455	0.07259	0.04469	0.01779	0.01407	0.00811	0.00675	0.00203	0.00896	0.00614	0.00557	0.01070
8	0.02785	0.03180	0.02134	0.01862	0.02297	0.54081	0.01429	0.18638	0.02444	0.02519	0.01303	0.01448	0.01031	0.00796	0.00687	0.00199	0.01211	0.00525	0.00471	0.00959
9	0.00913	0.00650	0.00859	0.01023	0.01064	0.00608	0.00678	0.01036	0.01405	0.01874	0.04009	0.70195	0.04806	0.05699	0.01081	0.00321	0.00444	0.02062	0.00678	0.00596
10	0.01064	0.00780	0.01116	0.01116	0.01222	0.00886	0.00832	0.01276	0.01170	0.01667	0.02059	0.03305	0.02024	0.19232	0.57535	0.01098	0.01735	0.00852	0.00408	0.00620
11	0.01539	0.01319	0.01539	0.01100	0.01759	0.00990	0.00880	0.01869	0.01539	0.02419	0.01319	0.01539	0.01100	0.00550	0.00550	0.00110	0.00550	0.00440	0.00440	0.78449
12	0.02052	0.01576	0.01698	0.01471	0.01910	0.01764	0.01155	0.12970	0.48063	0.08894	0.03004	0.02853	0.04960	0.03153	0.00846	0.00259	0.00620	0.00845	0.00756	0.01151
13	0.01539	0.01319	0.01539	0.01100	0.01759	0.00990	0.00880	0.01869	0.01539	0.02419	0.01319	0.01539	0.01100	0.00550	0.00550	0.00110	0.00550	0.00440	0.00440	0.78449
14	0.01939	0.06825	0.01904	0.01315	0.01930	0.01566	0.01079	0.19035	0.09299	0.03034	0.01605	0.01712	0.01259	0.00695	0.00617	0.00158	0.00641	0.00540	0.00544	0.44303
15	0.01726	0.00952	0.01210	0.01108	0.01403	0.00863	0.00846	0.05037	0.01863	0.21155	0.12810	0.26423	0.12945	0.01610	0.00849	0.00255	0.00501	0.03695	0.00763	0.03986
16	0.08262	0.04961	0.02206	0.01736	0.02187	0.17714	0.03757	0.26714	0.05571	0.07222	0.01561	0.01695	0.01185	0.00892	0.00937	0.00231	0.10943	0.00613	0.00563	0.01049
17	0.01967	0.02104	0.03082	0.06775	0.42009	0.13994	0.14539	0.02402	0.01766	0.02286	0.01369	0.01787	0.01119	0.00676	0.00751	0.00222	0.01039	0.00670	0.00370	0.01071
18	0.00977	0.00722	0.00921	0.01005	0.01136	0.00667	0.00740	0.01202	0.01680	0.02232	0.20980	0.35631	0.16662	0.02006	0.00928	0.00281	0.00436	0.10432	0.00721	0.00643
19	0.01448	0.06444	0.16906	0.01402	0.01905	0.05461	0.01337	0.04555	0.01648	0.02237	0.02585	0.22968	0.05326	0.01305	0.00762	0.00231	0.00717	0.06088	0.00515	0.16159
20	0.01742	0.01641	0.02676	0.03907	0.56187	0.01661	0.02016	0.02298	0.07223	0.02423	0.01935	0.02291	0.05433	0.01002	0.04137	0.00272	0.00880	0.00738	0.00421	0.01118
21	0.01125	0.00732	0.01005	0.01005	0.01059	0.00785	0.00693	0.01151	0.01097	0.01517	0.01933	0.03416	0.02002	0.28242	0.30816	0.20452	0.01216	0.00855	0.00397	0.00504
22	0.01837	0.01764	0.03013	0.04557	0.69279	0.01764	0.02278	0.02278	0.01690	0.02425	0.01396	0.01837	0.01176	0.00661	0.00735	0.00220	0.00882	0.00661	0.00367	0.01176
23	0.01621	0.01543	0.02622	0.38148	0.37380	0.01707	0.02171	0.02089	0.01588	0.02163	0.01358	0.01908	0.01083	0.00702	0.00739	0.00234	0.00935	0.00661	0.00349	0.01001
24	0.02092	0.01701	0.02648	0.03619	0.48824	0.01721	0.01947	0.06741	0.09326	0.11249	0.01800	0.02027	0.01389	0.00748	0.00739	0.00225	0.00813	0.00693	0.00505	0.01192
25	0.01196	0.00690	0.00967	0.00967	0.00991	0.00714	0.00646	0.01059	0.01035	0.01404	0.01677	0.03028	0.01744	0.21050	0.15141	0.45227	0.00901	0.00781	0.00368	0.00415
26	0.01074	0.00743	0.00928	0.00928	0.00969	0.00784	0.00598	0.01156	0.01115	0.01527	0.02231	0.04258	0.02438	0.52795	0.24538	0.00866	0.01112	0.00992	0.00434	0.00516
27	0.01735	0.01717	0.03097	0.17817	0.44899	0.01761	0.13590	0.02220	0.01660	0.02311	0.01400	0.01895	0.01130	0.00671	0.00761	0.00231	0.00969	0.00699	0.00361	0.01075
28	0.01869	0.01567	0.02546	0.24204	0.27939	0.01673	0.06732	0.02552	0.10854	0.09973	0.01779	0.02100	0.01341	0.00760	0.00752	0.00236	0.00873	0.00711	0.00473	0.01066
29	0.02295	0.02609	0.02075	0.01839	0.02095	0.39442	0.01438	0.02570	0.04614	0.04476	0.04430	0.01737	0.01337	0.00992	0.01267	0.00241	0.24657	0.00601	0.00420	0.00866
30	0.01136	0.01336	0.11298	0.01284	0.01677	0.00952	0.07972	0.01540	0.01862	0.02526	0.33176	0.05079	0.24421	0.01416	0.00851	0.00241	0.00562	0.01246	0.00658	0.00768
31	0.02227	0.52580	0.03341	0.01468	0.02025	0.23845	0.01321	0.02451	0.01691	0.01768	0.01068	0.01236	0.00954	0.00675	0.00536	0.00169	0.00961	0.00422	0.00338	0.00924
32	0.02059	0.01586	0.02086	0.08609	0.10294	0.01522	0.03991	0.18493	0.02107	0.09157	0.01601	0.01788	0.01208	0.00705	0.00670	0.00182	0.00735	0.00591	0.00539	0.32075
33	0.02448	0.07478	0.02271	0.06313	0.08341	0.40157	0.01503	0.09939	0.10158	0.02343	0.01471	0.01635	0.01171	0.00789	0.00686	0.00206	0.01092	0.00565	0.00459	0.00975
34	0.00977	0.00684	0.00833	0.00921	0.00959	0.00654	0.00580	0.01055	0.01294	0.01710	0.03569	0.40248	0.08051	0.32534	0.02139	0.00475	0.00549	0.01640	0.00588	0.00540
35	0.01926	0.32099	0.15810	0.01456	0.02144	0.04622	0.01472	0.08589	0.01797	0.04871	0.04890	0.01667	0.01360	0.00722	0.00598	0.00179	0.00804	0.00526	0.00431	0.14037
36	0.01572	0.06722	0.06936	0.01148	0.01580	0.01116	0.00997	0.05933	0.01864	0.10905	0.16078	0.11454	0.17008	0.01296	0.00768	0.00220	0.00551	0.01091	0.00652	0.12108
37	0.02177	0.31057	0.02953	0.01707	0.02202	0.24482	0.06810	0.02686	0.10887	0.02013	0.01380	0.01551	0.01151	0.00768	0.00730	0.00200	0.05352	0.00540	0.00404	0.00949
38	0.02482	0.01682	0.01839	0.01456	0.01986	0.03845	0.01179	0.29585	0.12037	0.16748	0.05029	0.02232	0.01765	0.00893	0.00715	0.00212	0.00690	0.00704	0.04121	0.10802
39	0.01981	0.01709	0.04572	0.02139	0.15693	0.04140	0.03886	0.11059	0.19190	0.08298	0.05106	0.06790	0.01990	0.00937	0.00744	0.00224	0.00728	0.00811	0.00608	0.09395
40	0.01775	0.04270	0.04510	0.01442	0.06633	0.01272	0.01064	0.09373	0.08960	0.12423	0.18582	0.03740	0.07181	0.13977	0.01308	0.00317	0.00626	0.00971	0.00668	0.00910
41	0.26367	0.01639	0.11805	0.01478	0.01978	0.01352	0.10441	0.01910	0.01507	0.02638	0.08895	0.12439	0.02212	0.01295	0.04975	0.00294	0.00788	0.00866	0.00492	0.06630
42	0.02189	0.25733	0.07316	0.04348	0.02168	0.09244	0.01361	0.11316	0.08790	0.10443	0.05933	0.01955	0.01625	0.00817	0.00648	0.00201	0.00805	0.00612	0.00534	0.03963
43	0.06714	0.09033	0.12828	0.01586	0.05215	0.05514	0.04193	0.06086	0.01879	0.09805	0.17799	0.02869	0.05305	0.01174	0.03751	0.00260	0.00789	0.00805	0.00567	0.03830
44	0.02239	0.11077	0.05045	0.01945	0.11336	0.10740	0.05334	0.02754	0.08198	0.20007	0.11581	0.02490	0.02221	0.00895	0.00726	0.00218	0.00792	0.00749	0.00607	0.01046
45	0.01670	0.01593	0.01789	0.01755	0.08198	0.12245	0.05299	0.08263	0.04340	0.02412	0.07899	0.20345	0.05536	0.01466	0.03699	0.00276	0.03719	0.01097	0.00559	0.07842
46	0.04815	0.06837	0.15387	0.04920	0.07776	0.13908	0.01587	0.05638	0.11482	0.02464	0.01615	0.01821	0.01269	0.00959	0.03691	0.00247	0.00931	0.00587	0.03610	0.10455
47	0.20674	0.04853	0.18448	0.02088	0.08265	0.05849	0.12967	0.07500	0.04593	0.05939	0.01457	0.01666	0.01086	0.00722	0.00675	0.00229	0.00917	0.00601	0.00449	0.01021
48	0.01835	0.02322	0.17131	0.02158	0.09955	0.10105	0.08623	0.06596	0.15886	0.02549	0.01781	0.02007	0.01386	0.01207	0.07135	0.00311	0.01034	0.00671	0.00472	0.06836

[dist]
# distance from previous block
# <min> <max>
23	66

[block]
# block no. 2 follows, 27 sequences, length 12
# corresponding to MSA columns:
# 165-176
name=unknown_C
#
# <colnr> <probs for GDERKNQSTAVLIFYWHMCP>
#	G	D	E	R	K	N	Q	S	T	A	V	L	I	F	Y	W	H	M	C	P
0	0.31727	0.01423	0.01362	0.01195	0.01595	0.01591	0.00943	0.13956	0.15539	0.03242	0.05790	0.06097	0.06525	0.04999	0.00828	0.00265	0.00596	0.00793	0.00617	0.00916
1	0.01092	0.00780	0.00951	0.00991	0.01090	0.00766	0.00683	0.04336	0.01509	0.02009	0.09556	0.28444	0.09621	0.25197	0.04867	0.00462	0.00615	0.05814	0.00614	0.00605
2	0.01120	0.00781	0.00914	0.00935	0.01091	0.00735	0.00656	0.01402	0.05386	0.04830	0.12491	0.26668	0.20943	0.13021	0.01319	0.00332	0.00464	0.01513	0.04738	0.00661
3	0.01542	0.01007	0.01352	0.01485	0.09174	0.00984	0.00966	0.05958	0.01672	0.11873	0.05398	0.21086	0.09995	0.13558	0.08248	0.00425	0.00737	0.03119	0.00625	0.00797
4	0.02223	0.01573	0.01739	0.01406	0.01879	0.01646	0.01119	0.32101	0.11235	0.10018	0.02659	0.07317	0.07181	0.05714	0.00944	0.00255	0.00675	0.00869	0.00705	0.08742
5	0.01578	0.01168	0.01330	0.01232	0.01533	0.01233	0.00937	0.06582	0.26739	0.07613	0.15126	0.18866	0.10077	0.01453	0.00828	0.00256	0.00509	0.01255	0.00756	0.00927
6	0.01226	0.00899	0.01175	0.01137	0.01315	0.00894	0.03610	0.01636	0.09367	0.05019	0.09412	0.24748	0.10540	0.16306	0.05938	0.00421	0.00650	0.04365	0.00638	0.00705
7	0.12977	0.01451	0.01426	0.01275	0.01626	0.08647	0.00998	0.12338	0.04911	0.12101	0.11860	0.14979	0.06385	0.01300	0.00771	0.00245	0.00643	0.04485	0.00684	0.00898
8	0.01279	0.00779	0.01021	0.01037	0.01184	0.00727	0.00750	0.01489	0.01670	0.10036	0.21831	0.30202	0.04758	0.12379	0.01325	0.00339	0.00497	0.07288	0.00716	0.00692
9	0.01367	0.00835	0.01051	0.04541	0.01350	0.00817	0.00769	0.01667	0.03927	0.10058	0.12851	0.20032	0.10003	0.09927	0.04815	0.00347	0.00571	0.01257	0.13088	0.00727
10	0.01765	0.01235	0.01441	0.01249	0.01639	0.01223	0.00967	0.05156	0.22292	0.11954	0.10616	0.11313	0.02911	0.04955	0.00918	0.00252	0.00559	0.03182	0.00699	0.15674
11	0.01958	0.01485	0.01654	0.05061	0.01911	0.01604	0.01094	0.30608	0.10250	0.03215	0.02501	0.08338	0.05825	0.15576	0.01362	0.00328	0.00710	0.00921	0.00641	0.04956

[dist]
# distance from previous block
# <min> <max>
1	26

[block]
# block no. 3 follows, 27 sequences, length 10
# corresponding to MSA columns:
# 203-212
name=unknown_D
#
# <colnr> <probs for GDERKNQSTAVLIFYWHMCP>
#	G	D	E	R	K	N	Q	S	T	A	V	L	I	F	Y	W	H	M	C	P
0	0.08436	0.01077	0.01364	0.06563	0.06247	0.01104	0.01005	0.01798	0.04292	0.05755	0.12435	0.16155	0.07499	0.01266	0.00847	0.00234	0.05080	0.01060	0.08459	0.09323
1	0.16989	0.08969	0.05653	0.06213	0.02005	0.04348	0.01200	0.09542	0.15507	0.02842	0.08340	0.02560	0.06179	0.01241	0.05118	0.00289	0.00770	0.00737	0.00561	0.00937
2	0.01534	0.01256	0.01632	0.01537	0.06011	0.04218	0.06328	0.02038	0.10555	0.06712	0.02764	0.15032	0.06918	0.09922	0.08857	0.00391	0.00820	0.01042	0.00559	0.11875
3	0.04641	0.00963	0.01168	0.01115	0.01401	0.00904	0.00871	0.01855	0.07014	0.10766	0.12136	0.19747	0.13140	0.01589	0.00842	0.00258	0.00511	0.11910	0.00704	0.08469
4	0.13736	0.06230	0.01880	0.01384	0.01890	0.01842	0.01148	0.34465	0.02534	0.12756	0.01862	0.01924	0.01353	0.01060	0.03871	0.00259	0.00756	0.00631	0.09335	0.01085
5	0.01836	0.01487	0.01690	0.04740	0.05762	0.04854	0.01232	0.22429	0.09678	0.02965	0.02823	0.12123	0.06571	0.03611	0.05752	0.00334	0.00812	0.09721	0.00637	0.00944
6	0.01990	0.01266	0.01497	0.01321	0.01652	0.01310	0.01027	0.20851	0.07552	0.13948	0.04915	0.20762	0.02864	0.06420	0.01107	0.03110	0.00633	0.06116	0.00722	0.00938
7	0.01271	0.00920	0.01095	0.01077	0.01249	0.00949	0.00780	0.09479	0.04884	0.02337	0.06628	0.27383	0.09784	0.12026	0.11042	0.00453	0.00728	0.01360	0.05839	0.00714
8	0.01121	0.00777	0.00970	0.01010	0.01104	0.00786	0.00694	0.04913	0.01480	0.02052	0.07551	0.33428	0.03679	0.20029	0.11290	0.00509	0.00728	0.01446	0.05808	0.00624
9	0.01318	0.00903	0.01024	0.00980	0.01182	0.00895	0.00703	0.04302	0.08256	0.06568	0.04085	0.13147	0.21435	0.20048	0.06284	0.00431	0.00632	0.01235	0.05861	0.00710

[dist]
# distance from previous block
# <min> <max>
0	1

[block]
# block no. 4 follows, 27 sequences, length 16
# corresponding to MSA columns:
# 214-229
name=unknown_E
#
# <colnr> <probs for GDERKNQSTAVLIFYWHMCP>
#	G	D	E	R	K	N	Q	S	T	A	V	L	I	F	Y	W	H	M	C	P
0	0.22930	0.01329	0.01396	0.01188	0.01566	0.01427	0.00920	0.12922	0.08401	0.15548	0.02057	0.02623	0.01704	0.17695	0.04912	0.00391	0.00731	0.00728	0.00617	0.00915
1	0.00974	0.00687	0.00829	0.00913	0.00959	0.00653	0.00578	0.01056	0.01308	0.01719	0.03713	0.38586	0.10396	0.31747	0.02106	0.00469	0.00544	0.01632	0.00591	0.00542
2	0.11365	0.00859	0.00942	0.00980	0.01154	0.00852	0.00703	0.04304	0.01555	0.02240	0.06365	0.34281	0.18164	0.09316	0.01151	0.00319	0.00491	0.03662	0.00641	0.00656
3	0.01550	0.01033	0.01200	0.01120	0.01375	0.01038	0.00852	0.12949	0.05095	0.07639	0.09513	0.21524	0.12337	0.06317	0.01020	0.00284	0.00532	0.05376	0.08435	0.00810
4	0.09742	0.01454	0.06120	0.10239	0.02189	0.01552	0.01362	0.02201	0.08066	0.11354	0.02014	0.11262	0.01794	0.01583	0.07776	0.00358	0.18676	0.00853	0.00516	0.00888
5	0.00918	0.00678	0.00859	0.00973	0.01068	0.00619	0.00669	0.01085	0.01552	0.02049	0.12758	0.53721	0.16031	0.02149	0.00927	0.00284	0.00411	0.01922	0.00705	0.00619
6	0.01040	0.00754	0.01049	0.01072	0.01165	0.00821	0.00776	0.01232	0.01252	0.01756	0.05948	0.14402	0.02784	0.19521	0.41964	0.00902	0.01388	0.01089	0.00476	0.00610
7	0.03580	0.08215	0.07755	0.11781	0.11303	0.01459	0.01400	0.04230	0.06538	0.06619	0.02681	0.07076	0.09798	0.08342	0.01045	0.00285	0.00735	0.03733	0.02532	0.00893
8	0.01583	0.28178	0.12089	0.01611	0.09309	0.01822	0.01363	0.02032	0.04626	0.02237	0.10243	0.02827	0.10827	0.00954	0.00654	0.00203	0.00691	0.00760	0.07078	0.00913
9	0.01435	0.01148	0.01599	0.08152	0.09912	0.01274	0.01199	0.10097	0.01620	0.02223	0.02252	0.15478	0.02307	0.13200	0.17444	0.00546	0.05735	0.03094	0.00498	0.00787
10	0.47593	0.04986	0.01740	0.04650	0.17168	0.04985	0.01232	0.02181	0.01441	0.02861	0.01427	0.01656	0.04001	0.00740	0.00563	0.00224	0.00699	0.00528	0.00433	0.00892
11	0.08174	0.01244	0.01743	0.08223	0.20576	0.01305	0.01332	0.02027	0.10098	0.04508	0.02727	0.15226	0.08758	0.01486	0.04069	0.05356	0.00723	0.01017	0.00528	0.00881
12	0.01575	0.01438	0.01980	0.01447	0.02052	0.01233	0.09448	0.01927	0.01527	0.02351	0.01309	0.01608	0.01091	0.00634	0.00780	0.00150	0.07828	0.00517	0.00420	0.60686
13	0.01592	0.01377	0.02013	0.16157	0.22867	0.01339	0.01508	0.04105	0.01689	0.04755	0.02526	0.02764	0.13281	0.00885	0.00716	0.00204	0.00719	0.00771	0.00468	0.20263
14	0.01329	0.01145	0.01818	0.05168	0.14835	0.01168	0.07382	0.01587	0.01569	0.02126	0.10728	0.10619	0.11884	0.05159	0.01325	0.07982	0.06002	0.06888	0.00520	0.00764
15	0.01917	0.05645	0.02008	0.10221	0.10550	0.14047	0.01369	0.14949	0.01955	0.02461	0.01777	0.08309	0.01649	0.08111	0.08014	0.00361	0.01001	0.00783	0.00480	0.04394

[dist]
# distance from previous block
# <min> <max>
8	24

[block]
# block no. 5 follows, 27 sequences, length 22
# corresponding to MSA columns:
# 255-276
name=unknown_F
#
# <colnr> <probs for GDERKNQSTAVLIFYWHMCP>
#	G	D	E	R	K	N	Q	S	T	A	V	L	I	F	Y	W	H	M	C	P
0	0.02034	0.22175	0.14299	0.01641	0.02242	0.09734	0.03748	0.16462	0.07422	0.02648	0.01768	0.09329	0.01557	0.00929	0.00683	0.00216	0.00872	0.00728	0.00495	0.01017
1	0.05634	0.35905	0.17632	0.01517	0.02185	0.02218	0.04574	0.05262	0.05247	0.02198	0.01381	0.01738	0.01185	0.06645	0.00843	0.00235	0.00845	0.00547	0.00386	0.03821
2	0.06452	0.01797	0.01924	0.05728	0.09534	0.13406	0.01363	0.14420	0.02144	0.21004	0.02127	0.05061	0.01696	0.01190	0.04062	0.00278	0.00892	0.05254	0.00627	0.01042
3	0.09884	0.00976	0.01100	0.01070	0.01294	0.01004	0.00803	0.01876	0.11740	0.05919	0.15987	0.13307	0.09199	0.14043	0.01333	0.00342	0.00539	0.08164	0.00668	0.00750
4	0.01607	0.01653	0.02784	0.02390	0.07882	0.01961	0.19825	0.01922	0.01396	0.02021	0.01627	0.05376	0.04590	0.01135	0.01713	0.00291	0.39746	0.00828	0.00378	0.00876
5	0.16765	0.01268	0.01477	0.01283	0.01643	0.01396	0.01034	0.16248	0.01845	0.12345	0.01893	0.02283	0.01521	0.02940	0.31985	0.00658	0.01266	0.00685	0.00560	0.00907
6	0.00947	0.00724	0.00875	0.00970	0.01095	0.00669	0.00676	0.01192	0.04387	0.02051	0.09388	0.47523	0.22603	0.02092	0.00915	0.00281	0.00417	0.01854	0.00701	0.00641
7	0.01605	0.01086	0.01282	0.01211	0.01481	0.01098	0.00940	0.13087	0.06939	0.09050	0.03862	0.21603	0.13486	0.07444	0.01107	0.00310	0.00588	0.12284	0.00706	0.00830
8	0.01270	0.00927	0.01185	0.01122	0.01279	0.01019	0.00830	0.09185	0.01465	0.02015	0.02351	0.03558	0.05507	0.24514	0.39443	0.00890	0.01397	0.00902	0.00470	0.00672
9	0.23129	0.01419	0.01389	0.01241	0.01589	0.04006	0.00960	0.18647	0.06734	0.03155	0.07230	0.19316	0.02564	0.04354	0.00852	0.00267	0.00621	0.01015	0.00632	0.00880
10	0.01248	0.00777	0.00957	0.00982	0.01141	0.00722	0.00717	0.01439	0.01573	0.08556	0.08878	0.23711	0.15608	0.14867	0.01402	0.00352	0.00514	0.09676	0.06212	0.00667
11	0.02013	0.01088	0.01304	0.01117	0.01451	0.01028	0.00849	0.10915	0.01933	0.25083	0.03788	0.11738	0.16946	0.15671	0.01395	0.00338	0.00596	0.01132	0.00727	0.00891
12	0.01274	0.01008	0.01181	0.01164	0.01366	0.01083	0.00852	0.02095	0.23670	0.02376	0.11806	0.22655	0.06444	0.09490	0.09656	0.00425	0.00689	0.01298	0.00668	0.00799
13	0.09938	0.00872	0.01004	0.00986	0.01162	0.00864	0.00709	0.01543	0.01409	0.09684	0.03261	0.14098	0.10621	0.28528	0.05185	0.00480	0.00669	0.07741	0.00587	0.00658
14	0.15388	0.01516	0.01654	0.01414	0.01767	0.06694	0.04645	0.15531	0.01928	0.10078	0.02165	0.10584	0.02031	0.11833	0.01269	0.00319	0.04309	0.05400	0.00591	0.00882
15	0.01404	0.00934	0.01170	0.01158	0.01390	0.00915	0.00910	0.06295	0.04664	0.08901	0.12204	0.21240	0.14084	0.01979	0.04769	0.00329	0.00609	0.15553	0.00717	0.00776
16	0.01652	0.01320	0.01680	0.01625	0.11604	0.01145	0.01091	0.02161	0.08202	0.07324	0.07575	0.02519	0.06826	0.00816	0.00662	0.00169	0.00579	0.00691	0.00544	0.41815
17	0.01850	0.12450	0.02230	0.01994	0.16131	0.11927	0.01317	0.05493	0.03604	0.02272	0.01757	0.02089	0.04967	0.04349	0.03628	0.00243	0.00845	0.00616	0.00435	0.21803
18	0.02458	0.01698	0.02162	0.07140	0.14643	0.01800	0.01498	0.29119	0.08449	0.16368	0.05489	0.02233	0.01725	0.00886	0.00750	0.00229	0.00761	0.00732	0.00683	0.01178
19	0.01282	0.00996	0.01047	0.01037	0.01187	0.06422	0.00710	0.01428	0.01505	0.05126	0.10358	0.29346	0.06124	0.22567	0.01694	0.00387	0.00595	0.01391	0.00602	0.06194
20	0.01446	0.01048	0.01290	0.01065	0.01480	0.00853	0.00817	0.01738	0.01702	0.08036	0.18438	0.16563	0.03338	0.01161	0.00723	0.00187	0.00485	0.01010	0.00620	0.38004
21	0.01054	0.00758	0.00969	0.01023	0.01186	0.00721	0.00771	0.01273	0.01573	0.04355	0.09827	0.26433	0.22697	0.02616	0.13111	0.00439	0.00717	0.09161	0.00656	0.00660

[dist]
# distance from previous block
# <min> <max>
0	2

[block]
# block no. 6 follows, 27 sequences, length 15
# corresponding to MSA columns:
# 279-293
name=unknown_G
#
# <colnr> <probs for GDERKNQSTAVLIFYWHMCP>
#	G	D	E	R	K	N	Q	S	T	A	V	L	I	F	Y	W	H	M	C	P
0	0.01466	0.00852	0.01059	0.01031	0.01208	0.00812	0.00732	0.01692	0.04346	0.14411	0.03561	0.22847	0.10362	0.23915	0.05135	0.00453	0.00643	0.04114	0.00647	0.00712
1	0.05505	0.01360	0.01533	0.01293	0.01693	0.01399	0.01022	0.27157	0.02406	0.14084	0.06289	0.17785	0.12594	0.01363	0.00800	0.00245	0.00608	0.01136	0.00743	0.00984
2	0.01496	0.01274	0.01493	0.01095	0.01713	0.00963	0.00867	0.01813	0.01531	0.02384	0.01507	0.06407	0.01358	0.00670	0.00577	0.00123	0.00542	0.00553	0.00457	0.73177
3	0.01808	0.01300	0.02083	0.01647	0.02100	0.01205	0.17261	0.07232	0.01944	0.15395	0.11557	0.11848	0.09724	0.01232	0.00836	0.00244	0.00712	0.05041	0.00658	0.06172
4	0.01036	0.00773	0.00912	0.00937	0.01065	0.00740	0.00645	0.01329	0.06045	0.02132	0.18611	0.24851	0.17051	0.18649	0.01565	0.00371	0.00480	0.01509	0.00666	0.00632
5	0.01597	0.01262	0.01404	0.01304	0.01590	0.01382	0.00978	0.11624	0.29626	0.02847	0.08263	0.23012	0.03277	0.07038	0.01051	0.00296	0.00567	0.01233	0.00716	0.00932
6	0.11449	0.01588	0.01717	0.01440	0.01930	0.01737	0.01154	0.14797	0.33983	0.18300	0.02547	0.02357	0.01821	0.00929	0.00716	0.00239	0.00636	0.00737	0.00755	0.01167
7	0.01474	0.00913	0.01060	0.01002	0.01239	0.00883	0.00753	0.09156	0.01889	0.08837	0.12036	0.22983	0.14519	0.01523	0.00788	0.00240	0.00456	0.01309	0.18164	0.00777
8	0.00954	0.00670	0.00857	0.00976	0.01016	0.00636	0.00634	0.01066	0.01381	0.01851	0.07421	0.53474	0.04514	0.19019	0.01605	0.00395	0.00494	0.01825	0.00641	0.00573
9	0.00918	0.00732	0.00823	0.00846	0.01039	0.00637	0.00617	0.01127	0.01720	0.02180	0.19246	0.20287	0.43417	0.01897	0.00891	0.00258	0.00382	0.01632	0.00715	0.00637
10	0.19127	0.01285	0.01199	0.01101	0.01392	0.07250	0.00829	0.06310	0.03562	0.08151	0.08149	0.12342	0.09415	0.09197	0.01116	0.02865	0.00613	0.00986	0.04335	0.00776
11	0.05695	0.01272	0.01458	0.01308	0.01646	0.01340	0.01016	0.15637	0.15010	0.12090	0.07074	0.21320	0.03040	0.03826	0.00911	0.00274	0.00595	0.04800	0.00733	0.00956
12	0.01964	0.10419	0.02526	0.02008	0.07707	0.09791	0.10900	0.14074	0.09149	0.02582	0.01685	0.02024	0.01377	0.01753	0.14795	0.00417	0.04679	0.00687	0.00479	0.00983
13	0.01577	0.01111	0.01497	0.05613	0.08403	0.01156	0.01097	0.09193	0.01740	0.09751	0.03170	0.22358	0.10411	0.06492	0.09255	0.00398	0.04128	0.01214	0.00602	0.00833
14	0.01231	0.00996	0.01498	0.01423	0.01644	0.00975	0.09316	0.05530	0.03978	0.02254	0.03724	0.38882	0.07376	0.01886	0.00933	0.00295	0.00621	0.16051	0.00653	0.00735

[dist]
# distance from previous block
# <min> <max>
6	16

[block]
# block no. 7 follows, 27 sequences, length 27
# corresponding to MSA columns:
# 310-336
name=unknown_H
#
# <colnr> <probs for GDERKNQSTAVLIFYWHMCP>
#	G	D	E	R	K	N	Q	S	T	A	V	L	I	F	Y	W	H	M	C	P
0	0.01354	0.01142	0.01618	0.01808	0.13926	0.01160	0.03305	0.05630	0.01573	0.02152	0.03020	0.16320	0.12531	0.11352	0.09434	0.00418	0.05470	0.01129	0.00517	0.06143
1	0.01077	0.00757	0.00912	0.00925	0.01105	0.00678	0.00676	0.01294	0.01723	0.05609	0.22054	0.22297	0.27680	0.05850	0.01054	0.00287	0.00427	0.04210	0.00721	0.00665
2	0.05465	0.01871	0.02110	0.20820	0.13884	0.18118	0.03775	0.02107	0.01682	0.02103	0.05238	0.05976	0.06438	0.00972	0.00868	0.00237	0.06263	0.00786	0.00425	0.00863
3	0.01922	0.02150	0.12619	0.04968	0.17027	0.07891	0.09711	0.07364	0.08472	0.05898	0.01870	0.02092	0.04065	0.00820	0.00835	0.00229	0.04926	0.00700	0.00471	0.05968
4	0.04038	0.00919	0.01165	0.01245	0.06858	0.00864	0.00805	0.01702	0.01580	0.13671	0.08409	0.15348	0.14614	0.19419	0.01540	0.00363	0.00559	0.01213	0.04938	0.00749
5	0.01438	0.00909	0.01107	0.01051	0.01239	0.00901	0.00757	0.01855	0.10846	0.10241	0.16363	0.12282	0.07050	0.20905	0.01762	0.05334	0.00560	0.04010	0.00664	0.00727
6	0.07546	0.01683	0.02179	0.06127	0.15366	0.04377	0.05593	0.16432	0.10831	0.11379	0.02079	0.02589	0.01659	0.02846	0.00832	0.00252	0.00804	0.05748	0.00601	0.01078
7	0.01297	0.01128	0.01812	0.02017	0.15698	0.01118	0.08559	0.03275	0.01591	0.02166	0.06699	0.18435	0.10599	0.05270	0.14297	0.00455	0.00934	0.03319	0.00529	0.00801
8	0.01300	0.00828	0.01065	0.01052	0.01249	0.00775	0.00788	0.01647	0.04987	0.10119	0.29557	0.25961	0.09979	0.01734	0.00887	0.00263	0.00443	0.05846	0.00768	0.00751
9	0.01924	0.40008	0.07202	0.01904	0.08246	0.10156	0.10104	0.02271	0.01678	0.02037	0.06846	0.01760	0.01503	0.00729	0.00621	0.00191	0.00905	0.00581	0.00379	0.00956
10	0.03967	0.08336	0.02821	0.06485	0.09155	0.09133	0.18965	0.05880	0.03518	0.06165	0.07179	0.02279	0.01715	0.00877	0.00937	0.00238	0.08541	0.02375	0.00470	0.00963
11	0.02118	0.02312	0.02215	0.05087	0.09733	0.28154	0.04244	0.06721	0.06859	0.02183	0.01440	0.01804	0.01207	0.01375	0.08439	0.00335	0.13805	0.00627	0.00422	0.00921
12	0.04910	0.01275	0.01820	0.30683	0.11687	0.01416	0.01506	0.05494	0.05910	0.02348	0.06690	0.03403	0.17756	0.01071	0.00769	0.00242	0.00739	0.00916	0.00504	0.00862
13	0.01349	0.01074	0.01205	0.01180	0.01348	0.06475	0.00892	0.06353	0.01709	0.02258	0.17435	0.12307	0.03606	0.09354	0.14765	0.07035	0.00892	0.09496	0.00587	0.00679
14	0.01850	0.06156	0.09386	0.07035	0.02446	0.18066	0.11333	0.04641	0.01731	0.04871	0.01992	0.09330	0.04369	0.04585	0.04994	0.04042	0.01039	0.00835	0.00447	0.00851
15	0.01045	0.00754	0.00904	0.00948	0.01133	0.00673	0.00708	0.01257	0.01684	0.04975	0.13869	0.26636	0.32190	0.01944	0.00908	0.00272	0.00432	0.08291	0.00715	0.00662
16	0.01104	0.00833	0.01153	0.01202	0.01291	0.00929	0.00917	0.01313	0.01349	0.01892	0.02908	0.27153	0.03186	0.07131	0.23149	0.00606	0.08587	0.10630	0.04016	0.00651
17	0.06670	0.01917	0.07701	0.02606	0.09772	0.01775	0.33405	0.06108	0.11635	0.02652	0.01875	0.05474	0.01533	0.00826	0.00806	0.00248	0.00985	0.02508	0.00475	0.01027
18	0.01234	0.01031	0.01601	0.09550	0.04818	0.01052	0.07672	0.01634	0.04761	0.02151	0.06983	0.19264	0.07577	0.05878	0.03367	0.00342	0.00733	0.19021	0.00589	0.00742
19	0.01360	0.01263	0.02112	0.66166	0.04775	0.01562	0.01947	0.01824	0.01479	0.01897	0.01552	0.07969	0.01318	0.00875	0.00759	0.00252	0.00943	0.00781	0.00360	0.00806
20	0.11732	0.01329	0.01681	0.01305	0.01867	0.01224	0.01077	0.07059	0.02107	0.58693	0.02653	0.02337	0.01690	0.00892	0.00714	0.00229	0.00636	0.00704	0.00858	0.01212
21	0.01913	0.22930	0.02222	0.01350	0.01725	0.14443	0.01111	0.04992	0.05892	0.05821	0.05320	0.02573	0.05468	0.09660	0.08014	0.00359	0.04157	0.00712	0.00478	0.00858
22	0.01014	0.00744	0.00923	0.00973	0.01107	0.00694	0.00716	0.01229	0.01651	0.02187	0.21600	0.20625	0.17793	0.13088	0.01367	0.00345	0.00486	0.12149	0.00685	0.00623
23	0.01489	0.03840	0.70064	0.02116	0.03213	0.01724	0.02743	0.02351	0.01567	0.02351	0.01332	0.01567	0.00940	0.00705	0.00705	0.00235	0.01097	0.00549	0.00313	0.01097
24	0.01287	0.00799	0.00988	0.00919	0.01145	0.00723	0.00697	0.01592	0.01947	0.09720	0.41458	0.07639	0.17245	0.01482	0.00828	0.00232	0.00387	0.01281	0.08890	0.00741
25	0.01683	0.00906	0.01220	0.01120	0.01357	0.00889	0.00859	0.01911	0.01572	0.20307	0.09010	0.04094	0.05473	0.17725	0.22560	0.00632	0.01026	0.06247	0.00625	0.00785
26	0.07928	0.01227	0.01150	0.01105	0.01319	0.10782	0.00800	0.01722	0.01628	0.08508	0.12330	0.19275	0.10443	0.13932	0.04258	0.00366	0.00688	0.01212	0.00613	0.00711

[dist]
# distance from previous block
# <min> <max>
0	1

[block]
# block no. 8 follows, 27 sequences, length 8
# corresponding to MSA columns:
# 338-345
name=unknown_I
#
# <colnr> <probs for GDERKNQSTAVLIFYWHMCP>
#	G	D	E	R	K	N	Q	S	T	A	V	L	I	F	Y	W	H	M	C	P
0	0.39866	0.01050	0.00988	0.00996	0.01259	0.01141	0.00747	0.01641	0.01408	0.02714	0.08801	0.30952	0.03068	0.01433	0.00698	0.00259	0.00494	0.01186	0.00587	0.00712
1	0.01067	0.00807	0.00972	0.00939	0.01131	0.00712	0.00658	0.01260	0.01563	0.02144	0.17982	0.24438	0.13668	0.15425	0.01397	0.00328	0.00479	0.01401	0.00632	0.12996
2	0.01168	0.00914	0.01248	0.01213	0.01280	0.01077	0.00911	0.01333	0.01199	0.01693	0.02167	0.06944	0.02290	0.25489	0.29676	0.00789	0.13705	0.05845	0.00437	0.00622
3	0.00986	0.00733	0.00872	0.00950	0.01073	0.00681	0.00683	0.01142	0.01483	0.01886	0.04789	0.25072	0.25207	0.18216	0.01574	0.00386	0.00522	0.12522	0.00634	0.00590
4	0.01200	0.00791	0.00939	0.00922	0.01120	0.00711	0.00676	0.01400	0.01681	0.08614	0.16852	0.14281	0.28968	0.13017	0.01335	0.00331	0.00475	0.05317	0.00697	0.00674
5	0.00990	0.00718	0.00882	0.00919	0.01018	0.00684	0.00624	0.01150	0.01494	0.01999	0.17440	0.24649	0.14674	0.21952	0.07043	0.00462	0.00603	0.01482	0.00628	0.00590
6	0.15098	0.01671	0.01504	0.01310	0.01687	0.13444	0.01020	0.12312	0.06992	0.12939	0.02001	0.06485	0.01612	0.01082	0.00856	0.07005	0.00721	0.00708	0.10642	0.00913
7	0.06341	0.01031	0.01316	0.10945	0.01896	0.01084	0.01039	0.07316	0.04292	0.07525	0.05961	0.29499	0.05833	0.04454	0.00962	0.00291	0.00605	0.08178	0.00645	0.00784

[dist]
# distance from previous block
# <min> <max>
0	5

[block]
# block no. 9 follows, 27 sequences, length 21
# corresponding to MSA columns:
# 351-371
name=unknown_J
#
# <colnr> <probs for GDERKNQSTAVLIFYWHMCP>
#	G	D	E	R	K	N	Q	S	T	A	V	L	I	F	Y	W	H	M	C	P
0	0.01012	0.00719	0.00822	0.00842	0.00913	0.00683	0.00529	0.01099	0.01340	0.01753	0.09562	0.15222	0.16325	0.43092	0.02546	0.00525	0.00578	0.01346	0.00564	0.00529
1	0.01855	0.01451	0.01596	0.01426	0.01782	0.01608	0.01110	0.20570	0.29045	0.03157	0.02885	0.15312	0.02625	0.06120	0.01006	0.00290	0.00640	0.05793	0.00715	0.01015
2	0.20236	0.01430	0.01791	0.16750	0.16465	0.04818	0.01411	0.05071	0.01631	0.02554	0.06138	0.14635	0.02080	0.01052	0.00714	0.00242	0.00735	0.00891	0.00487	0.00869
3	0.10461	0.01549	0.01991	0.23669	0.09155	0.01751	0.01530	0.20388	0.07539	0.04733	0.05029	0.05560	0.01673	0.00912	0.00728	0.00238	0.00785	0.00755	0.00555	0.01001
4	0.05332	0.06366	0.04837	0.01386	0.01739	0.07758	0.01156	0.12498	0.07494	0.04895	0.07444	0.02975	0.12916	0.01303	0.01186	0.08860	0.09610	0.00827	0.00556	0.00865
5	0.05980	0.01902	0.01903	0.01544	0.02028	0.07791	0.01233	0.37982	0.12303	0.08042	0.04464	0.02276	0.01716	0.06306	0.00955	0.00262	0.00781	0.00725	0.00693	0.01114
6	0.00949	0.00736	0.00843	0.00866	0.01039	0.00655	0.00626	0.01149	0.01675	0.02146	0.19259	0.17951	0.36364	0.08685	0.01168	0.00303	0.00424	0.03844	0.00693	0.00624
7	0.01153	0.00772	0.00937	0.00961	0.01145	0.00696	0.00709	0.01352	0.01655	0.07629	0.12781	0.24932	0.27053	0.07470	0.01124	0.00306	0.00465	0.07485	0.00704	0.00673
8	0.05618	0.01744	0.01633	0.01376	0.01816	0.15190	0.01079	0.09571	0.06058	0.02475	0.01600	0.01932	0.01338	0.01913	0.18077	0.00423	0.01099	0.00586	0.00474	0.25999
9	0.01544	0.00941	0.01168	0.01095	0.01358	0.00867	0.00816	0.06984	0.01834	0.14342	0.11132	0.34201	0.12648	0.01701	0.00853	0.00256	0.00489	0.01490	0.00733	0.05548
10	0.01208	0.00875	0.01034	0.01013	0.01156	0.00884	0.00718	0.08040	0.01583	0.02094	0.06659	0.15367	0.13456	0.28383	0.09698	0.00535	0.00752	0.05325	0.00582	0.00637
11	0.01090	0.00716	0.00944	0.01058	0.01167	0.00662	0.00752	0.01261	0.01536	0.06348	0.06504	0.55806	0.09385	0.02150	0.00934	0.00294	0.00460	0.07567	0.00708	0.00658
12	0.01096	0.00841	0.01234	0.01214	0.01330	0.00996	0.00939	0.01337	0.01182	0.01708	0.01950	0.02966	0.01858	0.09842	0.62320	0.01109	0.06219	0.00805	0.00397	0.00658
13	0.01350	0.00893	0.01104	0.01060	0.01203	0.00907	0.00764	0.08479	0.04791	0.02119	0.09013	0.10596	0.09770	0.11064	0.01963	0.28360	0.00596	0.04817	0.00548	0.00600
14	0.02303	0.02465	0.02352	0.01968	0.02304	0.30649	0.08654	0.09793	0.01925	0.04647	0.01320	0.01640	0.01082	0.00927	0.01205	0.00240	0.21664	0.00611	0.03334	0.00916
15	0.01031	0.00694	0.00814	0.00874	0.00919	0.00671	0.00546	0.01116	0.01275	0.01741	0.03271	0.28622	0.07453	0.38671	0.02351	0.00501	0.00568	0.01435	0.06912	0.00534
16	0.01117	0.00926	0.01283	0.01180	0.01388	0.00882	0.07956	0.01438	0.06091	0.01975	0.04334	0.19414	0.23226	0.19463	0.01605	0.00382	0.00603	0.05475	0.00600	0.00662
17	0.01635	0.01557	0.02648	0.35946	0.39471	0.01711	0.02178	0.02101	0.01595	0.02180	0.01361	0.01903	0.01089	0.00699	0.00738	0.00233	0.00932	0.00661	0.00350	0.01013
18	0.01034	0.00793	0.00951	0.01015	0.01165	0.00762	0.00732	0.01401	0.07999	0.02166	0.12339	0.35957	0.19441	0.05231	0.01038	0.00299	0.00454	0.05851	0.00699	0.00674
19	0.01642	0.01542	0.02591	0.24964	0.43991	0.01643	0.02062	0.02063	0.01577	0.02182	0.01450	0.02129	0.01244	0.06695	0.00987	0.00270	0.00902	0.00695	0.00363	0.01009
20	0.01079	0.00801	0.01084	0.01070	0.01203	0.00874	0.00810	0.01320	0.01392	0.01978	0.11651	0.06926	0.10088	0.09627	0.37734	0.00779	0.04261	0.01022	0.05651	0.00652

[dist]
# distance from previous block
# <min> <max>
0	13

[block]
# block no. 10 follows, 27 sequences, length 15
# corresponding to MSA columns:
# 385-399
name=unknown_K
#
# <colnr> <probs for GDERKNQSTAVLIFYWHMCP>
#	G	D	E	R	K	N	Q	S	T	A	V	L	I	F	Y	W	H	M	C	P
0	0.01981	0.01488	0.01973	0.06947	0.02275	0.01492	0.08368	0.22875	0.02306	0.09199	0.06271	0.03314	0.12008	0.01070	0.00780	0.00227	0.00727	0.05162	0.00640	0.10899
1	0.05326	0.01995	0.01815	0.01698	0.06059	0.17161	0.01242	0.19109	0.17078	0.02937	0.02410	0.02777	0.06569	0.07003	0.00988	0.00270	0.00831	0.03138	0.00600	0.00994
2	0.01837	0.56200	0.03102	0.01128	0.01649	0.02384	0.01085	0.02101	0.01520	0.01998	0.01375	0.01580	0.01187	0.00692	0.00487	0.00162	0.00683	0.00470	0.19473	0.00888
3	0.12109	0.01242	0.01374	0.01122	0.01565	0.01172	0.00884	0.09685	0.04592	0.02975	0.20809	0.06654	0.03018	0.01002	0.00684	0.00191	0.00524	0.00827	0.00613	0.28956
4	0.01253	0.01084	0.01225	0.01204	0.01341	0.08603	0.00899	0.01463	0.01273	0.01683	0.01958	0.03087	0.01906	0.17163	0.51304	0.00999	0.01692	0.00811	0.00405	0.00647
5	0.01282	0.00973	0.01131	0.01105	0.01300	0.00999	0.00810	0.06681	0.12987	0.02469	0.15636	0.22040	0.10316	0.13369	0.01342	0.00340	0.00529	0.05253	0.00689	0.00751
6	0.01482	0.01456	0.02442	0.09729	0.02614	0.01651	0.18694	0.01932	0.04975	0.02142	0.05126	0.06988	0.06940	0.01229	0.01339	0.00284	0.22236	0.07435	0.00466	0.00840
7	0.09363	0.01572	0.01596	0.01389	0.01783	0.09439	0.01090	0.12823	0.11011	0.18314	0.02418	0.12003	0.02033	0.01675	0.09713	0.00360	0.00877	0.00878	0.00666	0.00994
8	0.02219	0.01408	0.01506	0.01280	0.01694	0.05095	0.01013	0.10016	0.19968	0.21332	0.05869	0.03011	0.07848	0.01031	0.00724	0.00226	0.00598	0.00836	0.13281	0.01046
9	0.01140	0.00753	0.00956	0.00956	0.01054	0.00756	0.00655	0.01297	0.01381	0.04539	0.12532	0.13931	0.05617	0.30540	0.17177	0.00637	0.00871	0.01188	0.03418	0.00601
10	0.01831	0.01530	0.02301	0.35882	0.14806	0.01788	0.01857	0.10100	0.05139	0.07160	0.01551	0.01971	0.01177	0.00834	0.00929	0.00247	0.08788	0.00675	0.00449	0.00984
11	0.06545	0.01810	0.02597	0.19840	0.16744	0.09337	0.14473	0.02467	0.10898	0.02393	0.04477	0.02100	0.01475	0.00772	0.00749	0.00235	0.00949	0.00721	0.00440	0.00977
12	0.01425	0.01257	0.01183	0.01168	0.01381	0.12127	0.00871	0.01748	0.05401	0.05117	0.17297	0.20219	0.14750	0.05403	0.01012	0.00281	0.00609	0.07357	0.00666	0.00728
13	0.14511	0.21765	0.02504	0.01575	0.01926	0.08889	0.01353	0.09245	0.01610	0.02347	0.01105	0.01428	0.00971	0.00923	0.01224	0.00240	0.26557	0.00526	0.00396	0.00904
14	0.21930	0.02182	0.13492	0.01628	0.04788	0.12990	0.01426	0.09755	0.01876	0.11935	0.01807	0.06397	0.01502	0.00932	0.00680	0.00234	0.00836	0.04097	0.00539	0.00975

[dist]
# distance from previous block
# <min> <max>
0	12

[block]
# block no. 11 follows, 27 sequences, length 7
# corresponding to MSA columns:
# 412-418
name=unknown_L
#
# <colnr> <probs for GDERKNQSTAVLIFYWHMCP>
#	G	D	E	R	K	N	Q	S	T	A	V	L	I	F	Y	W	H	M	C	P
0	0.04909	0.01149	0.01620	0.07371	0.10545	0.01204	0.04467	0.01981	0.10026	0.04510	0.08389	0.06430	0.04957	0.13493	0.06032	0.00392	0.00774	0.07037	0.03897	0.00819
1	0.00919	0.00742	0.00786	0.00792	0.00991	0.00643	0.00569	0.01092	0.01629	0.02004	0.11586	0.11017	0.51369	0.11074	0.01252	0.00312	0.00421	0.01522	0.00669	0.00609
2	0.05446	0.01831	0.01792	0.14631	0.02458	0.15665	0.01316	0.15427	0.11878	0.02682	0.04762	0.08003	0.01831	0.01141	0.00930	0.07126	0.00843	0.00788	0.00544	0.00904
3	0.06022	0.05507	0.02417	0.17256	0.11665	0.09381	0.08415	0.14422	0.01986	0.05228	0.01664	0.06666	0.01397	0.01046	0.03494	0.00268	0.00965	0.00744	0.00479	0.00977
4	0.04552	0.00738	0.00886	0.00936	0.01026	0.00735	0.00632	0.01203	0.01373	0.01958	0.09040	0.28557	0.07611	0.23631	0.09019	0.00499	0.00670	0.01411	0.04934	0.00588
5	0.01056	0.00795	0.00994	0.01070	0.01208	0.00776	0.00779	0.01456	0.08421	0.02275	0.17107	0.40641	0.10642	0.01965	0.00915	0.00282	0.00450	0.07756	0.00721	0.00691
6	0.02270	0.01944	0.01849	0.06345	0.02192	0.16869	0.01300	0.23054	0.07891	0.08127	0.02115	0.05778	0.01802	0.03693	0.06023	0.00321	0.00965	0.05864	0.00608	0.00991

[dist]
# distance from previous block
# <min> <max>
0	4

[block]
# block no. 12 follows, 27 sequences, length 18
# corresponding to MSA columns:
# 423-440
name=unknown_M
#
# <colnr> <probs for GDERKNQSTAVLIFYWHMCP>
#	G	D	E	R	K	N	Q	S	T	A	V	L	I	F	Y	W	H	M	C	P
0	0.01812	0.01173	0.01551	0.01500	0.04606	0.01232	0.01176	0.11990	0.01924	0.13984	0.04681	0.04402	0.06048	0.02315	0.16092	0.00474	0.04681	0.18821	0.00643	0.00893
1	0.01172	0.00752	0.00878	0.00852	0.01038	0.00693	0.00625	0.01441	0.01765	0.05251	0.28038	0.09681	0.19162	0.06953	0.01015	0.00265	0.00400	0.01255	0.18086	0.00679
2	0.07514	0.01393	0.01564	0.01142	0.01781	0.01153	0.00919	0.07435	0.01685	0.02681	0.01337	0.01535	0.01091	0.00589	0.00559	0.00129	0.00574	0.00456	0.00467	0.65994
3	0.10337	0.01554	0.01928	0.05252	0.08155	0.03365	0.04040	0.11325	0.01829	0.07679	0.01600	0.05402	0.01331	0.00818	0.00789	0.00199	0.06135	0.00644	0.00508	0.27111
4	0.01446	0.00964	0.01184	0.01157	0.04126	0.00947	0.00788	0.08087	0.01801	0.07690	0.22145	0.04751	0.08748	0.28171	0.01925	0.00417	0.00594	0.03689	0.00647	0.00723
5	0.01035	0.00778	0.00952	0.00935	0.01118	0.00697	0.00679	0.01274	0.01733	0.02359	0.30523	0.18789	0.17342	0.08912	0.01160	0.00293	0.00435	0.03769	0.00698	0.06517
6	0.08564	0.01289	0.01909	0.16109	0.05474	0.01296	0.08445	0.04981	0.01668	0.10846	0.02216	0.19281	0.02084	0.01109	0.00756	0.00236	0.00728	0.00995	0.00544	0.11470
7	0.08743	0.02165	0.01987	0.13621	0.08661	0.24603	0.01472	0.14362	0.02087	0.02607	0.03807	0.07225	0.01620	0.00950	0.00722	0.00227	0.00956	0.02769	0.00493	0.00924
8	0.12099	0.00907	0.01033	0.01031	0.01245	0.00918	0.00792	0.04394	0.01695	0.02492	0.18113	0.17360	0.15583	0.04296	0.06917	0.00358	0.00614	0.08802	0.00654	0.00697
9	0.01064	0.00783	0.01129	0.01129	0.01239	0.00893	0.00848	0.01284	0.01174	0.01676	0.02047	0.03242	0.01997	0.17023	0.59706	0.01114	0.01776	0.00843	0.00406	0.00627
10	0.08275	0.17147	0.06838	0.08910	0.08143	0.10444	0.06758	0.06005	0.05117	0.02301	0.01536	0.07038	0.01363	0.00883	0.00803	0.00226	0.06158	0.00691	0.00423	0.00941
11	0.01754	0.01531	0.02327	0.21043	0.32848	0.05504	0.01838	0.02077	0.01585	0.05640	0.01542	0.02234	0.01305	0.01028	0.01044	0.10973	0.00881	0.03519	0.00396	0.00932
12	0.01367	0.00834	0.01031	0.00947	0.01205	0.00737	0.00722	0.01643	0.01939	0.13701	0.35097	0.09467	0.25312	0.01578	0.00859	0.00242	0.00410	0.01358	0.00787	0.00765
13	0.02211	0.01670	0.02212	0.08421	0.02514	0.01785	0.09734	0.29882	0.09869	0.09238	0.12274	0.02582	0.02263	0.00954	0.00782	0.00234	0.00776	0.00824	0.00684	0.01091
14	0.04381	0.01758	0.07262	0.13372	0.08426	0.03967	0.04522	0.10772	0.06307	0.09252	0.03948	0.05009	0.03612	0.00995	0.01035	0.00252	0.12848	0.00773	0.00520	0.00988
15	0.04813	0.01119	0.01222	0.01160	0.01377	0.04270	0.00853	0.07176	0.08955	0.05778	0.05916	0.18203	0.06940	0.15249	0.13105	0.00496	0.00845	0.01156	0.00603	0.00764
16	0.01170	0.00936	0.03794	0.07581	0.04964	0.00854	0.00889	0.01433	0.01514	0.02179	0.09733	0.19871	0.09508	0.13578	0.01273	0.00319	0.00547	0.01221	0.17957	0.00679
