[name]
unknown

[dist]
# distance from previous block
# <min> <max>
0	51

[block]
# block no. 0 follows, 25 sequences, length 49
# corresponding to MSA columns:
# 64-112
name=unknown_A
#
# <colnr> <probs for GDERKNQSTAVLIFYWHMCP>
#	G	D	E	R	K	N	Q	S	T	A	V	L	I	F	Y	W	H	M	C	P
0	0.07184	0.05883	0.01584	0.01253	0.01624	0.01339	0.00994	0.14119	0.02067	0.16437	0.03402	0.16392	0.10705	0.08098	0.01111	0.00306	0.00644	0.05206	0.00715	0.00936
1	0.09056	0.01123	0.01314	0.01206	0.01455	0.01201	0.00927	0.08717	0.01749	0.02605	0.08851	0.17956	0.09290	0.04698	0.10087	0.00405	0.07415	0.01162	0.04202	0.06579
2	0.01427	0.01014	0.01264	0.03588	0.03627	0.01019	0.00912	0.05848	0.07722	0.06814	0.13395	0.23255	0.12407	0.09683	0.04113	0.00365	0.00621	0.01420	0.00702	0.00805
3	0.01518	0.01081	0.03596	0.01259	0.01526	0.00962	0.03909	0.04888	0.04013	0.11193	0.17544	0.29319	0.07022	0.07091	0.01137	0.00310	0.00569	0.01502	0.00738	0.00823
4	0.06467	0.00973	0.01127	0.01098	0.01318	0.00964	0.00796	0.05973	0.04782	0.09739	0.06169	0.31087	0.09531	0.09896	0.01210	0.00327	0.00538	0.01463	0.05753	0.00788
5	0.08549	0.01273	0.05543	0.01179	0.01491	0.03303	0.00950	0.05939	0.01819	0.09669	0.11007	0.23134	0.13351	0.07917	0.01122	0.00309	0.00598	0.01350	0.00685	0.00813
6	0.08320	0.00854	0.00989	0.00996	0.01159	0.00821	0.00689	0.01484	0.01501	0.08618	0.05923	0.27817	0.12914	0.19843	0.01726	0.03000	0.00557	0.01466	0.00650	0.00674
7	0.09212	0.01416	0.01360	0.01252	0.01580	0.09797	0.00948	0.02497	0.10020	0.16588	0.03165	0.18801	0.06859	0.03653	0.00876	0.00267	0.00647	0.01111	0.09036	0.00914
8	0.01649	0.01018	0.01328	0.01385	0.05803	0.00945	0.00955	0.02022	0.05972	0.14189	0.03465	0.32922	0.05503	0.01612	0.00843	0.00260	0.00541	0.03476	0.07630	0.08483
9	0.01594	0.01387	0.01593	0.03644	0.01763	0.08380	0.05215	0.05789	0.08989	0.02236	0.02367	0.12222	0.02315	0.15817	0.12173	0.03707	0.03339	0.01016	0.05673	0.00783
10	0.01795	0.01289	0.03946	0.01329	0.01667	0.01265	0.01072	0.06616	0.14239	0.13726	0.12236	0.10715	0.08421	0.04714	0.10038	0.00410	0.03749	0.01105	0.00716	0.00953
11	0.01767	0.01454	0.04163	0.06814	0.13218	0.01409	0.04009	0.06402	0.08130	0.08674	0.12531	0.05460	0.05830	0.06085	0.03391	0.00310	0.02857	0.00947	0.00608	0.05939
12	0.24448	0.01421	0.01695	0.01630	0.07784	0.01514	0.04230	0.07054	0.08710	0.05457	0.09481	0.02534	0.02115	0.03666	0.09803	0.00381	0.00855	0.00745	0.00574	0.05901
13	0.02300	0.01333	0.01635	0.01347	0.01745	0.01348	0.01072	0.18783	0.02435	0.22685	0.21282	0.06042	0.03458	0.05055	0.03292	0.00304	0.03023	0.01007	0.00808	0.01044
14	0.09378	0.01853	0.02225	0.01757	0.02260	0.05209	0.09577	0.28597	0.05180	0.09299	0.02000	0.04888	0.01595	0.05692	0.01047	0.00277	0.03803	0.00793	0.03479	0.01090
15	0.28347	0.01627	0.01567	0.01315	0.01792	0.07698	0.01049	0.10135	0.01977	0.25181	0.02126	0.06600	0.01654	0.04651	0.00847	0.00267	0.00721	0.00733	0.00684	0.01030
16	0.01865	0.01019	0.01271	0.01088	0.01427	0.00886	0.00810	0.02082	0.01747	0.22111	0.09774	0.12015	0.09688	0.17136	0.01501	0.00345	0.00585	0.01125	0.00709	0.12816
17	0.01179	0.00923	0.01332	0.01292	0.01398	0.01109	0.00997	0.01411	0.01225	0.01773	0.01995	0.03123	0.01933	0.13074	0.54148	0.01082	0.10060	0.00847	0.00413	0.00685
18	0.01114	0.00754	0.00842	0.00842	0.00859	0.00745	0.00478	0.01127	0.01170	0.01542	0.02800	0.05232	0.07095	0.68078	0.03746	0.00719	0.00728	0.01161	0.00486	0.00482
19	0.01295	0.01150	0.01513	0.01429	0.01623	0.07052	0.05298	0.01574	0.01397	0.01876	0.02223	0.10972	0.02179	0.04628	0.50896	0.00978	0.01774	0.00969	0.00448	0.00727
20	0.01027	0.00780	0.00946	0.00926	0.01121	0.00698	0.00686	0.01319	0.01997	0.02691	0.43229	0.12383	0.25810	0.01780	0.00922	0.00256	0.00382	0.01548	0.00800	0.00698
21	0.01985	0.10294	0.10690	0.02772	0.11711	0.01953	0.30824	0.05573	0.01869	0.06804	0.01576	0.01911	0.01195	0.00696	0.00788	0.00231	0.01065	0.00738	0.00438	0.06889
22	0.01552	0.07859	0.46432	0.02126	0.03041	0.01774	0.09785	0.02284	0.01595	0.02315	0.01498	0.01883	0.01155	0.01511	0.11457	0.00398	0.01289	0.00643	0.00349	0.01054
23	0.38175	0.02154	0.01708	0.01450	0.01952	0.17548	0.01161	0.17477	0.02131	0.07653	0.01420	0.01523	0.01060	0.00804	0.00620	0.00229	0.00848	0.00527	0.00562	0.00998
24	0.14463	0.12722	0.02382	0.01609	0.02122	0.01908	0.09393	0.09970	0.11816	0.10569	0.10355	0.02445	0.02163	0.00943	0.00796	0.00238	0.03670	0.00764	0.00624	0.01046
25	0.01687	0.16972	0.46308	0.05080	0.07388	0.02051	0.05437	0.02407	0.01639	0.02321	0.01343	0.01619	0.01012	0.00717	0.00703	0.00231	0.01073	0.00571	0.00336	0.01106
26	0.01765	0.01685	0.02869	0.27177	0.46701	0.01802	0.02303	0.02244	0.01693	0.02346	0.01431	0.01969	0.01162	0.00719	0.00770	0.00240	0.00959	0.00690	0.00370	0.01104
27	0.01445	0.00723	0.00723	0.00723	0.00903	0.00723	0.00542	0.01807	0.01626	0.02891	0.02529	0.02891	0.01987	0.00903	0.00542	0.00181	0.00361	0.00723	0.77055	0.00723
28	0.01128	0.00752	0.00846	0.00846	0.00846	0.00752	0.00470	0.01128	0.01128	0.01503	0.02443	0.05074	0.02819	0.72751	0.03946	0.00752	0.00752	0.01128	0.00470	0.00470
29	0.01236	0.01078	0.04415	0.01092	0.01357	0.00967	0.00879	0.07178	0.01827	0.02433	0.16825	0.05083	0.24334	0.10905	0.16391	0.00529	0.00879	0.01215	0.00636	0.00741
30	0.01598	0.03714	0.58818	0.02373	0.03463	0.01825	0.12483	0.02460	0.01667	0.02460	0.01419	0.01707	0.01012	0.00724	0.00764	0.00248	0.01171	0.00626	0.00337	0.01130
31	0.02549	0.06431	0.09141	0.01857	0.02410	0.24482	0.01593	0.23947	0.11455	0.03139	0.01698	0.01790	0.01294	0.00888	0.00808	0.00228	0.03983	0.00629	0.00566	0.01113
32	0.01312	0.00875	0.01112	0.01051	0.01269	0.00824	0.00787	0.01750	0.06241	0.08146	0.46348	0.14638	0.09363	0.01637	0.00906	0.00256	0.00418	0.01441	0.00832	0.00793
33	0.13859	0.01401	0.01558	0.01165	0.01804	0.01186	0.00938	0.02254	0.03853	0.09056	0.01554	0.01697	0.01216	0.00651	0.00587	0.00152	0.00588	0.00498	0.00522	0.55461
34	0.01729	0.01983	0.14404	0.05806	0.13638	0.04826	0.07286	0.06191	0.03865	0.05422	0.16450	0.05139	0.02758	0.01343	0.05447	0.00311	0.00940	0.00906	0.00551	0.01005
35	0.11953	0.05035	0.02223	0.06860	0.16003	0.17496	0.01605	0.08839	0.01945	0.02609	0.01753	0.02736	0.01601	0.01017	0.00867	0.00251	0.05514	0.10237	0.00484	0.00973
36	0.01814	0.01045	0.01284	0.01146	0.01478	0.00986	0.00885	0.02362	0.11077	0.20655	0.22944	0.11899	0.16247	0.01500	0.00868	0.00256	0.00495	0.01288	0.00834	0.00936
37	0.01650	0.01076	0.01339	0.01161	0.01572	0.00896	0.00908	0.01926	0.01737	0.13594	0.05388	0.19561	0.09314	0.01407	0.00804	0.00227	0.00551	0.07807	0.00671	0.28411
38	0.00943	0.00727	0.00862	0.00953	0.01095	0.00646	0.00667	0.01118	0.01646	0.02099	0.09826	0.41568	0.30703	0.02185	0.00955	0.00289	0.00421	0.01921	0.00729	0.00646
39	0.02008	0.01625	0.01834	0.01568	0.01955	0.01865	0.01251	0.20034	0.29032	0.03454	0.12757	0.02957	0.02706	0.01380	0.04532	0.00310	0.08004	0.00889	0.00730	0.01107
40	0.01693	0.00987	0.01262	0.01100	0.01400	0.00917	0.00855	0.05956	0.02271	0.16551	0.47357	0.04977	0.08669	0.01434	0.00878	0.00243	0.00458	0.01241	0.00864	0.00885
41	0.02678	0.02337	0.02254	0.02214	0.12407	0.20256	0.01535	0.20542	0.13092	0.11892	0.01991	0.02018	0.01470	0.00882	0.00756	0.00229	0.00946	0.00683	0.00640	0.01176
42	0.01108	0.00831	0.01246	0.01246	0.01385	0.00969	0.00969	0.01385	0.01246	0.01800	0.02077	0.03046	0.01938	0.05815	0.69678	0.01246	0.02077	0.00831	0.00415	0.00692
43	0.01981	0.22524	0.30486	0.02273	0.11732	0.10706	0.02140	0.05454	0.01803	0.02338	0.01313	0.01549	0.01038	0.00727	0.00673	0.00215	0.01046	0.00543	0.00367	0.01093
44	0.02138	0.05316	0.01838	0.01635	0.01951	0.34030	0.01239	0.05567	0.07875	0.02194	0.02295	0.18389	0.02301	0.01587	0.05339	0.00308	0.01073	0.03515	0.00539	0.00870
45	0.01290	0.07578	0.01495	0.04561	0.01568	0.01189	0.00932	0.01607	0.04879	0.02134	0.09819	0.18972	0.10779	0.10939	0.05998	0.00383	0.05708	0.01236	0.00578	0.08356
46	0.17277	0.05068	0.11038	0.01648	0.02176	0.27986	0.01444	0.09915	0.02081	0.02752	0.07583	0.02080	0.04056	0.00901	0.00691	0.00223	0.00992	0.00639	0.00501	0.00949
47	0.02406	0.12194	0.07513	0.01845	0.02389	0.31566	0.07055	0.02789	0.04168	0.08679	0.01688	0.06122	0.01422	0.00876	0.00715	0.00212	0.01080	0.00676	0.00478	0.06129
48	0.01699	0.02066	0.20037	0.01946	0.10788	0.01379	0.01649	0.05175	0.04632	0.06897	0.02370	0.12997	0.05099	0.01052	0.00757	0.00224	0.00768	0.00899	0.00529	0.19036

[dist]
# distance from previous block
# <min> <max>
2	14

[block]
# block no. 1 follows, 25 sequences, length 21
# corresponding to MSA columns:
# 127-147
name=unknown_B
#
# <colnr> <probs for GDERKNQSTAVLIFYWHMCP>
#	G	D	E	R	K	N	Q	S	T	A	V	L	I	F	Y	W	H	M	C	P
0	0.10982	0.24156	0.02889	0.02054	0.12075	0.02276	0.06103	0.09808	0.14586	0.05359	0.01743	0.01856	0.01366	0.00791	0.00666	0.00221	0.00805	0.00630	0.00525	0.01110
1	0.01445	0.00723	0.00723	0.00723	0.00903	0.00723	0.00542	0.01807	0.01626	0.02891	0.02529	0.02891	0.01987	0.00903	0.00542	0.00181	0.00361	0.00723	0.77055	0.00723
2	0.01900	0.01399	0.01804	0.01504	0.01900	0.01440	0.06699	0.18781	0.10340	0.08239	0.19821	0.13920	0.06169	0.01360	0.00864	0.00256	0.00643	0.01192	0.00767	0.01001
3	0.01021	0.00787	0.00940	0.00961	0.01160	0.00706	0.00731	0.01288	0.01885	0.02461	0.27806	0.14683	0.31870	0.01907	0.00942	0.00273	0.00427	0.08699	0.00766	0.00685
4	0.01797	0.01502	0.01738	0.11871	0.02304	0.09461	0.04317	0.09454	0.02045	0.08378	0.12616	0.05853	0.14258	0.01775	0.08812	0.00362	0.00926	0.01025	0.00621	0.00886
5	0.01026	0.00774	0.00850	0.00844	0.00988	0.00713	0.00568	0.01161	0.01527	0.01936	0.10863	0.06176	0.33383	0.30776	0.04734	0.00496	0.00599	0.01378	0.00619	0.00588
6	0.02112	0.01832	0.02696	0.17313	0.34301	0.01978	0.02036	0.19868	0.04817	0.03103	0.01622	0.01972	0.01259	0.00789	0.00772	0.00238	0.00913	0.00700	0.00501	0.01178
7	0.02172	0.45691	0.03198	0.01462	0.02002	0.15022	0.01301	0.07888	0.01863	0.02126	0.01540	0.09556	0.01503	0.00917	0.00616	0.00195	0.00892	0.00663	0.00428	0.00964
8	0.01937	0.07238	0.07358	0.01828	0.08183	0.09521	0.05168	0.02406	0.04501	0.05654	0.01513	0.01721	0.01205	0.00674	0.00653	0.00170	0.00816	0.00551	0.00460	0.38442
9	0.04077	0.12860	0.18012	0.05690	0.06179	0.14379	0.16400	0.04995	0.05709	0.02417	0.01469	0.01750	0.01137	0.00744	0.00738	0.00230	0.01110	0.00645	0.00408	0.01050
10	0.43982	0.04786	0.01789	0.17483	0.07106	0.09041	0.01340	0.02306	0.01508	0.02829	0.01187	0.01505	0.00935	0.00737	0.00592	0.00236	0.00817	0.00509	0.00427	0.00885
11	0.01509	0.01409	0.02247	0.17113	0.22118	0.01538	0.04661	0.01899	0.01721	0.02364	0.13710	0.03362	0.11336	0.01126	0.01059	0.00259	0.10192	0.00953	0.00498	0.00926
12	0.01453	0.01732	0.16706	0.01355	0.01832	0.01214	0.01313	0.11046	0.02231	0.03103	0.35787	0.04455	0.11969	0.01338	0.00854	0.00245	0.00619	0.01136	0.00706	0.00904
13	0.01327	0.01099	0.01141	0.01152	0.01317	0.08690	0.00830	0.01575	0.01898	0.04840	0.30980	0.33047	0.05472	0.01826	0.00916	0.00268	0.00531	0.01612	0.00749	0.00729
14	0.01628	0.01268	0.02005	0.01950	0.09683	0.01303	0.10758	0.02159	0.09050	0.08016	0.02307	0.03375	0.02076	0.15813	0.21430	0.00639	0.01215	0.03915	0.00524	0.00886
15	0.02496	0.02192	0.02124	0.09753	0.02595	0.14938	0.01468	0.34889	0.08648	0.03574	0.02010	0.08110	0.01656	0.01031	0.00781	0.00239	0.00921	0.00808	0.00650	0.01116
16	0.01579	0.01428	0.02120	0.20390	0.16028	0.01651	0.01694	0.02237	0.11410	0.02420	0.09602	0.06315	0.02436	0.01156	0.01090	0.00274	0.11418	0.05278	0.00522	0.00952
17	0.02125	0.17270	0.16422	0.05262	0.07214	0.12345	0.01822	0.08015	0.01857	0.05595	0.01373	0.01636	0.01095	0.00836	0.00933	0.00228	0.10673	0.00574	0.00422	0.04306
18	0.01302	0.00860	0.01083	0.01054	0.01262	0.00804	0.00779	0.01689	0.05809	0.08633	0.33888	0.23385	0.12928	0.01767	0.00915	0.00266	0.00433	0.01557	0.00808	0.00778
19	0.02135	0.17745	0.02504	0.01971	0.11878	0.07112	0.01403	0.22019	0.02346	0.03040	0.07732	0.12400	0.02299	0.01103	0.00750	0.00228	0.00797	0.00903	0.00588	0.01048
20	0.01934	0.07567	0.23981	0.01901	0.02738	0.01649	0.12019	0.05140	0.01809	0.10187	0.01607	0.01800	0.01185	0.00706	0.00709	0.00204	0.00918	0.00614	0.00468	0.22865

[dist]
# distance from previous block
# <min> <max>
3	16

[block]
# block no. 2 follows, 25 sequences, length 41
# corresponding to MSA columns:
# 164-204
name=unknown_C
#
# <colnr> <probs for GDERKNQSTAVLIFYWHMCP>
#	G	D	E	R	K	N	Q	S	T	A	V	L	I	F	Y	W	H	M	C	P
0	0.66815	0.01648	0.04372	0.01464	0.08532	0.01753	0.01091	0.02298	0.01380	0.03334	0.01133	0.01345	0.00887	0.00717	0.00521	0.00239	0.00658	0.00455	0.00463	0.00894
1	0.02015	0.01832	0.02672	0.22877	0.32964	0.04417	0.02070	0.13963	0.04603	0.02814	0.01567	0.01970	0.01225	0.00777	0.00770	0.00239	0.00946	0.00692	0.00461	0.01128
2	0.01263	0.00809	0.01018	0.01000	0.01187	0.00734	0.00724	0.01505	0.01855	0.08938	0.29483	0.23065	0.15997	0.07430	0.01161	0.00305	0.00452	0.01568	0.00776	0.00729
3	0.02875	0.01776	0.02020	0.01604	0.02174	0.01883	0.01307	0.30833	0.18240	0.24982	0.02557	0.02359	0.01763	0.00969	0.00780	0.00242	0.00733	0.00767	0.00838	0.01297
4	0.01197	0.00943	0.01331	0.01274	0.01376	0.01119	0.00976	0.01427	0.01326	0.01912	0.09294	0.03455	0.02535	0.14675	0.42178	0.00925	0.11993	0.00916	0.00461	0.00687
5	0.01090	0.00793	0.01044	0.01105	0.01262	0.00746	0.00857	0.01390	0.01895	0.02569	0.31891	0.21331	0.10832	0.01950	0.00973	0.00291	0.00480	0.18028	0.00776	0.00698
6	0.11014	0.01679	0.01830	0.01482	0.02034	0.01773	0.01197	0.19838	0.22232	0.16880	0.02362	0.02242	0.01691	0.00911	0.00725	0.00231	0.00681	0.00712	0.00749	0.09739
7	0.01951	0.10161	0.15510	0.02583	0.17183	0.01890	0.10751	0.02627	0.08069	0.08242	0.01693	0.01931	0.01301	0.00777	0.00838	0.00230	0.04919	0.00673	0.00463	0.08208
8	0.01958	0.02063	0.11492	0.05772	0.06019	0.08119	0.04198	0.11452	0.15014	0.06102	0.11824	0.05398	0.05055	0.01072	0.00804	0.00246	0.00820	0.00902	0.00632	0.01057
9	0.02237	0.07454	0.13860	0.01697	0.02356	0.09705	0.03865	0.09739	0.13373	0.11888	0.03833	0.02094	0.01606	0.00843	0.00722	0.00217	0.00860	0.00668	0.00590	0.12393
10	0.70259	0.09004	0.01445	0.01052	0.01551	0.01878	0.00891	0.02284	0.01346	0.03306	0.01079	0.01258	0.00856	0.00714	0.00482	0.00232	0.00624	0.00419	0.00464	0.00856
11	0.02066	0.11654	0.18760	0.01736	0.02409	0.10719	0.04293	0.02854	0.13735	0.09811	0.02003	0.05819	0.01600	0.00893	0.00721	0.00224	0.00898	0.00715	0.00531	0.08559
12	0.01311	0.01133	0.01634	0.01520	0.01606	0.01456	0.01218	0.01543	0.01235	0.01831	0.01792	0.05469	0.01744	0.04084	0.42872	0.00884	0.26689	0.00834	0.00401	0.00745
13	0.01928	0.01882	0.02343	0.07997	0.19507	0.13872	0.05507	0.07102	0.01771	0.02263	0.01496	0.02051	0.01284	0.01804	0.11879	0.09033	0.06254	0.00689	0.00411	0.00925
14	0.00992	0.00788	0.00891	0.00865	0.01094	0.00687	0.00649	0.01259	0.01946	0.02519	0.32825	0.06763	0.42364	0.01805	0.00916	0.00254	0.00381	0.01538	0.00776	0.00687
15	0.01445	0.00723	0.00723	0.00723	0.00903	0.00723	0.00542	0.01807	0.01626	0.02891	0.02529	0.02891	0.01987	0.00903	0.00542	0.00181	0.00361	0.00723	0.77055	0.00723
16	0.01244	0.00847	0.00956	0.00895	0.01177	0.00726	0.00683	0.01491	0.01915	0.09750	0.20930	0.06541	0.46495	0.01765	0.00901	0.00255	0.00416	0.01487	0.00777	0.00747
17	0.02013	0.06434	0.07044	0.16276	0.02843	0.02024	0.01650	0.24587	0.02226	0.03013	0.01728	0.06628	0.01473	0.01417	0.06476	0.00336	0.11506	0.00777	0.00527	0.01023
18	0.01445	0.00723	0.00723	0.00723	0.00903	0.00723	0.00542	0.01807	0.01626	0.02891	0.02529	0.02891	0.01987	0.00903	0.00542	0.00181	0.00361	0.00723	0.77055	0.00723
19	0.01897	0.04501	0.13562	0.09229	0.02557	0.01475	0.01488	0.09450	0.01907	0.08318	0.03444	0.01887	0.01361	0.00730	0.00672	0.00183	0.00768	0.00585	0.00509	0.35476
20	0.24243	0.02004	0.01835	0.01511	0.02024	0.09547	0.01216	0.33032	0.02576	0.03837	0.01737	0.07189	0.01441	0.00961	0.00692	0.00233	0.00800	0.00707	0.00633	0.03779
21	0.08517	0.02091	0.02531	0.12261	0.02996	0.06689	0.10202	0.38154	0.02804	0.03814	0.01643	0.01845	0.01197	0.00844	0.00766	0.00239	0.00959	0.00691	0.00610	0.01147
22	0.02089	0.02150	0.02118	0.02311	0.14546	0.24198	0.01544	0.02340	0.01782	0.05834	0.02011	0.13274	0.01996	0.01247	0.01141	0.00264	0.14416	0.05330	0.00490	0.00920
23	0.01347	0.00673	0.01010	0.01010	0.01010	0.00673	0.00673	0.01010	0.01010	0.01347	0.01347	0.02357	0.01347	0.02694	0.03030	0.77441	0.00673	0.00673	0.00337	0.00337
24	0.01186	0.00834	0.01062	0.01077	0.01162	0.00879	0.00755	0.03525	0.01352	0.01837	0.02648	0.10098	0.02880	0.37628	0.22058	0.00796	0.01106	0.08000	0.00512	0.00603
25	0.13683	0.01931	0.07311	0.02399	0.19840	0.07425	0.01631	0.10292	0.06162	0.02971	0.06682	0.03105	0.02135	0.01043	0.00773	0.00253	0.00831	0.09948	0.00554	0.01033
26	0.02663	0.06830	0.02257	0.01687	0.02251	0.06063	0.01381	0.38150	0.19221	0.08189	0.02176	0.02105	0.01582	0.00938	0.00756	0.00234	0.00810	0.00718	0.00740	0.01250
27	0.01895	0.02485	0.19902	0.02657	0.08343	0.01987	0.24948	0.09655	0.09838	0.02798	0.01702	0.02007	0.01281	0.00808	0.00945	0.00258	0.06141	0.00765	0.00463	0.01124
28	0.01834	0.01447	0.02117	0.01983	0.07326	0.01473	0.10764	0.18406	0.02226	0.04909	0.02938	0.18622	0.02963	0.01515	0.00921	0.00288	0.00798	0.17845	0.00665	0.00962
29	0.01611	0.00871	0.01103	0.01063	0.01307	0.00794	0.00809	0.01880	0.01846	0.16670	0.15464	0.22821	0.11635	0.01659	0.00861	0.00263	0.00479	0.05848	0.12195	0.00819
30	0.01891	0.01814	0.03096	0.08856	0.64038	0.01835	0.02366	0.02355	0.01752	0.02499	0.01453	0.01928	0.01216	0.00696	0.00768	0.00232	0.00928	0.00691	0.00381	0.01205
31	0.01207	0.00712	0.00933	0.00933	0.01008	0.00674	0.00633	0.01049	0.01236	0.01573	0.03293	0.04030	0.20391	0.08019	0.02499	0.49333	0.00599	0.00984	0.00457	0.00438
32	0.07886	0.02130	0.06186	0.01951	0.09475	0.09478	0.01464	0.31118	0.02599	0.05700	0.02177	0.02444	0.06157	0.06611	0.01003	0.00273	0.00874	0.00752	0.00619	0.01101
33	0.01012	0.00728	0.00971	0.01121	0.01209	0.00686	0.00809	0.01210	0.01616	0.02154	0.10610	0.52645	0.07146	0.02281	0.00994	0.00314	0.00486	0.12622	0.00732	0.00655
34	0.02800	0.02346	0.02313	0.01844	0.02362	0.12442	0.01502	0.48935	0.03154	0.04102	0.01668	0.01774	0.01237	0.00959	0.00962	0.00240	0.08819	0.00666	0.00671	0.01203
35	0.01063	0.00845	0.00923	0.00896	0.01113	0.00779	0.00650	0.01413	0.06431	0.02325	0.20597	0.06388	0.39194	0.12382	0.01359	0.00331	0.00456	0.01451	0.00719	0.00686
36	0.01672	0.24735	0.44972	0.01855	0.02800	0.02113	0.02259	0.02332	0.01626	0.02242	0.01697	0.01879	0.05113	0.00791	0.00675	0.00222	0.01003	0.00591	0.00353	0.01070
37	0.01345	0.01046	0.01238	0.01312	0.05445	0.01048	0.00889	0.01996	0.16425	0.04743	0.10098	0.17854	0.21923	0.09617	0.01226	0.00323	0.00534	0.01406	0.00707	0.00825
38	0.37645	0.01576	0.05620	0.01239	0.01827	0.01445	0.01083	0.02800	0.01700	0.27004	0.01854	0.01825	0.01277	0.00792	0.00616	0.00226	0.00653	0.00565	0.00643	0.09609
39	0.16222	0.49626	0.03253	0.01361	0.01960	0.10076	0.01262	0.04867	0.01677	0.02257	0.01122	0.01288	0.00980	0.00699	0.00527	0.00186	0.00850	0.00436	0.00384	0.00969
40	0.12289	0.01350	0.01463	0.01293	0.01667	0.01439	0.01008	0.14852	0.14484	0.08436	0.13078	0.14952	0.07823	0.01356	0.00806	0.00258	0.00581	0.01131	0.00751	0.00981

[dist]
# distance from previous block
# <min> <max>
0	10

[block]
# block no. 3 follows, 25 sequences, length 87
# corresponding to MSA columns:
# 215-301
name=unknown_D
#
# <colnr> <probs for GDERKNQSTAVLIFYWHMCP>
#	G	D	E	R	K	N	Q	S	T	A	V	L	I	F	Y	W	H	M	C	P
0	0.01879	0.41825	0.10268	0.01511	0.02061	0.06900	0.01474	0.02176	0.01586	0.01935	0.01899	0.02089	0.08750	0.00938	0.00899	0.00214	0.11651	0.00620	0.00382	0.00943
1	0.01245	0.00931	0.01090	0.01029	0.01251	0.00892	0.00764	0.08729	0.02081	0.02787	0.31082	0.15893	0.21231	0.06140	0.01098	0.00289	0.00466	0.01485	0.00766	0.00749
2	0.02314	0.42212	0.03513	0.01772	0.02363	0.24701	0.08805	0.02594	0.01808	0.01925	0.01174	0.01393	0.01017	0.00707	0.00612	0.00188	0.01071	0.00501	0.00361	0.00969
3	0.01412	0.01193	0.01415	0.04107	0.07999	0.05222	0.01027	0.01735	0.03760	0.04667	0.09014	0.15801	0.17385	0.04542	0.08049	0.00364	0.00763	0.01222	0.00604	0.09718
4	0.01955	0.25606	0.26525	0.01869	0.02654	0.10332	0.06840	0.06522	0.01839	0.02326	0.01713	0.01894	0.05150	0.00803	0.00683	0.00216	0.01022	0.00614	0.00396	0.01041
5	0.02236	0.14736	0.10719	0.01717	0.02275	0.18750	0.01522	0.12529	0.17514	0.02739	0.01971	0.06464	0.01641	0.00955	0.00721	0.00227	0.00937	0.00726	0.00550	0.01071
6	0.01362	0.01069	0.01193	0.01118	0.01424	0.01054	0.00845	0.02136	0.19595	0.05004	0.14161	0.14858	0.25253	0.01603	0.00866	0.00257	0.00479	0.01372	0.00751	0.05601
7	0.03479	0.01320	0.01799	0.01380	0.01979	0.01140	0.01140	0.03779	0.02219	0.68451	0.03059	0.02639	0.01919	0.00960	0.00780	0.00240	0.00660	0.00780	0.00960	0.01320
8	0.02087	0.06562	0.03081	0.04079	0.53565	0.02009	0.02172	0.12020	0.02041	0.02847	0.01495	0.01866	0.01227	0.00726	0.00751	0.00226	0.00905	0.00674	0.00440	0.01227
9	0.16733	0.01745	0.02703	0.08358	0.50901	0.01814	0.02065	0.02334	0.01665	0.02681	0.01380	0.01800	0.01140	0.00702	0.00712	0.00234	0.00866	0.00638	0.00400	0.01129
10	0.02100	0.29506	0.10632	0.01780	0.04574	0.02414	0.03685	0.18427	0.02086	0.02748	0.01589	0.07091	0.01416	0.00946	0.00856	0.00226	0.07680	0.00697	0.00480	0.01063
11	0.01793	0.05072	0.35439	0.02302	0.03158	0.01972	0.16300	0.07528	0.09358	0.02688	0.01641	0.01894	0.01215	0.00806	0.00890	0.00254	0.05439	0.00696	0.00431	0.01124
12	0.01426	0.00858	0.01124	0.01130	0.01346	0.00786	0.00872	0.01693	0.01866	0.12523	0.20225	0.24994	0.12712	0.01882	0.00945	0.00287	0.00504	0.13257	0.00789	0.00780
13	0.02117	0.13319	0.18847	0.02557	0.18982	0.13467	0.01981	0.11333	0.02044	0.02613	0.01697	0.01912	0.04202	0.00809	0.00716	0.00221	0.01008	0.00634	0.00436	0.01104
14	0.02258	0.05024	0.08624	0.04527	0.07803	0.24468	0.01573	0.15848	0.02203	0.02647	0.03614	0.02123	0.01495	0.05820	0.08280	0.00362	0.01184	0.00671	0.00487	0.00988
15	0.01276	0.01097	0.01147	0.01158	0.01350	0.06236	0.00840	0.01778	0.10948	0.02482	0.22037	0.30735	0.12301	0.01816	0.00909	0.00272	0.00517	0.01593	0.00742	0.00767
16	0.01994	0.12876	0.12270	0.01776	0.02337	0.09859	0.06833	0.13223	0.08719	0.02693	0.02409	0.07112	0.08056	0.01066	0.00871	0.00241	0.05266	0.00844	0.00532	0.01023
17	0.01954	0.02235	0.18151	0.02009	0.07499	0.04060	0.04649	0.17288	0.09690	0.05313	0.02381	0.16809	0.02160	0.01179	0.00816	0.00257	0.00850	0.01012	0.00602	0.01086
18	0.01769	0.06302	0.11081	0.02003	0.11529	0.09500	0.01507	0.02279	0.08254	0.04634	0.04469	0.08177	0.04208	0.12072	0.01439	0.00328	0.08122	0.00898	0.00500	0.00930
19	0.00952	0.00727	0.00877	0.00984	0.01116	0.00652	0.00693	0.01125	0.01623	0.02075	0.07861	0.44177	0.27590	0.02220	0.00964	0.00295	0.00436	0.04262	0.00725	0.00646
20	0.01872	0.01946	0.02874	0.10268	0.03078	0.11360	0.24762	0.08303	0.01902	0.02425	0.01968	0.14842	0.01861	0.01108	0.01022	0.00267	0.07703	0.01024	0.00480	0.00935
21	0.02393	0.01907	0.02458	0.07203	0.22994	0.06508	0.01759	0.16956	0.07272	0.12575	0.01847	0.02038	0.01388	0.00894	0.00952	0.00246	0.08144	0.00706	0.00582	0.01176
22	0.01227	0.00895	0.01025	0.01029	0.01174	0.00878	0.00705	0.08579	0.01689	0.02199	0.04199	0.30221	0.17178	0.23260	0.01837	0.00425	0.00575	0.01586	0.00651	0.00667
23	0.02149	0.01609	0.02144	0.02048	0.11384	0.04671	0.08700	0.06938	0.15318	0.16895	0.03520	0.03429	0.15518	0.01106	0.00820	0.00248	0.00754	0.00964	0.00689	0.01097
24	0.02328	0.07529	0.02425	0.09224	0.19046	0.14417	0.01642	0.04895	0.01953	0.15562	0.05002	0.02302	0.04074	0.00911	0.00860	0.00233	0.05273	0.00720	0.00540	0.01065
25	0.02099	0.02032	0.02620	0.17536	0.27379	0.11128	0.01984	0.12722	0.02021	0.02642	0.01422	0.01845	0.01147	0.00840	0.00968	0.00245	0.09193	0.00664	0.00437	0.01077
26	0.01353	0.00839	0.01015	0.00970	0.01189	0.00751	0.00705	0.01567	0.01797	0.11527	0.20170	0.16530	0.24674	0.11796	0.01336	0.00332	0.00484	0.01480	0.00750	0.00736
27	0.02254	0.02981	0.19480	0.01885	0.02496	0.25742	0.01775	0.14113	0.06609	0.02728	0.02037	0.02590	0.04004	0.00998	0.00773	0.00240	0.01075	0.06668	0.00518	0.01035
28	0.05840	0.01964	0.01844	0.09599	0.02344	0.17978	0.01309	0.15240	0.04048	0.10613	0.08964	0.02730	0.06289	0.01394	0.06151	0.00312	0.00980	0.00795	0.00619	0.00986
29	0.01111	0.00948	0.01330	0.01254	0.01533	0.00860	0.07662	0.01398	0.01761	0.02193	0.05875	0.11496	0.38329	0.01906	0.00965	0.00293	0.00586	0.19105	0.00683	0.00712
30	0.01560	0.01496	0.02693	0.10738	0.22489	0.01484	0.17422	0.02021	0.01819	0.02502	0.14310	0.07823	0.05180	0.01086	0.00867	0.00256	0.00867	0.03904	0.00519	0.00964
31	0.02524	0.06494	0.08953	0.01642	0.02225	0.06905	0.01440	0.21070	0.14985	0.17124	0.02383	0.06892	0.01829	0.01015	0.00767	0.00240	0.00808	0.00807	0.00712	0.01185
32	0.01531	0.02565	0.30810	0.02162	0.02823	0.01746	0.13605	0.02124	0.01509	0.02215	0.01510	0.02039	0.01234	0.01943	0.16214	0.00484	0.13437	0.00710	0.00361	0.00977
33	0.13814	0.02588	0.10837	0.02419	0.03102	0.17082	0.29615	0.06698	0.01930	0.02659	0.01409	0.01741	0.01072	0.00724	0.00770	0.00241	0.01171	0.00692	0.00425	0.01011
34	0.01527	0.06628	0.27189	0.10937	0.02678	0.01461	0.01805	0.02065	0.01676	0.07102	0.06770	0.03160	0.12939	0.01607	0.08796	0.00361	0.01007	0.00857	0.00486	0.00949
35	0.01327	0.01015	0.01393	0.01348	0.01516	0.01170	0.01058	0.07986	0.01554	0.02179	0.02399	0.12602	0.02395	0.04300	0.44117	0.00894	0.06733	0.04746	0.00507	0.00761
36	0.01679	0.07651	0.43196	0.02510	0.03505	0.01933	0.23657	0.02457	0.01698	0.02426	0.01432	0.01765	0.01048	0.00704	0.00782	0.00246	0.01180	0.00678	0.00349	0.01103
37	0.01881	0.06482	0.07492	0.20227	0.12202	0.13820	0.01744	0.05998	0.01742	0.02167	0.01509	0.02267	0.01338	0.11832	0.01342	0.00317	0.05624	0.00697	0.00403	0.00917
38	0.01796	0.01914	0.12386	0.08959	0.02656	0.04148	0.10793	0.09517	0.04306	0.06638	0.09836	0.09639	0.02448	0.05548	0.01138	0.00290	0.05489	0.00973	0.00560	0.00964
39	0.01913	0.02063	0.07743	0.02421	0.12572	0.08707	0.14985	0.09819	0.10778	0.02747	0.02771	0.03217	0.10542	0.01045	0.00834	0.00252	0.00934	0.05058	0.00551	0.01047
40	0.02142	0.10517	0.17626	0.01987	0.02708	0.01831	0.15531	0.09173	0.06054	0.14562	0.08275	0.02375	0.01930	0.00872	0.00780	0.00238	0.00918	0.00779	0.00581	0.01120
41	0.01860	0.12458	0.22488	0.05009	0.16723	0.06250	0.02065	0.02681	0.12732	0.02421	0.01622	0.01863	0.01279	0.00824	0.00859	0.00239	0.06458	0.00636	0.00425	0.01108
42	0.16732	0.04946	0.15623	0.12516	0.19086	0.08923	0.01933	0.02511	0.06172	0.02578	0.01437	0.01744	0.01122	0.00753	0.00691	0.00236	0.00945	0.00597	0.00413	0.01040
43	0.01104	0.00766	0.00970	0.01073	0.01135	0.00752	0.00755	0.01241	0.01413	0.01868	0.03448	0.26601	0.03966	0.32323	0.02272	0.00512	0.00649	0.17956	0.00612	0.00584
44	0.01415	0.01329	0.02110	0.01822	0.01979	0.01606	0.10548	0.01672	0.01360	0.01965	0.02056	0.17492	0.02154	0.02526	0.17589	0.00534	0.29521	0.01082	0.00448	0.00793
45	0.01715	0.16587	0.14778	0.16753	0.12950	0.02045	0.11694	0.02225	0.01609	0.02174	0.01390	0.01853	0.01126	0.01071	0.05323	0.00302	0.04383	0.00657	0.00356	0.01009
46	0.01705	0.01675	0.02103	0.01779	0.02110	0.08436	0.10967	0.02548	0.19936	0.02562	0.12471	0.08553	0.06817	0.01264	0.01148	0.00271	0.13062	0.01041	0.00611	0.00943
47	0.02128	0.01723	0.01656	0.01455	0.01804	0.14652	0.01132	0.11192	0.06239	0.12575	0.02760	0.03086	0.09363	0.06660	0.17438	0.00509	0.03232	0.00850	0.00607	0.00938
48	0.01826	0.02075	0.12166	0.02950	0.27238	0.05843	0.06828	0.09486	0.01936	0.02631	0.02104	0.17228	0.02037	0.01109	0.00820	0.00252	0.00903	0.01011	0.00496	0.01061
49	0.13833	0.02112	0.02072	0.04879	0.02358	0.09195	0.01379	0.39060	0.06861	0.08072	0.01810	0.01847	0.01304	0.00888	0.00726	0.00234	0.00855	0.00652	0.00685	0.01178
50	0.01069	0.00792	0.01012	0.01067	0.01237	0.00735	0.00825	0.01355	0.01877	0.02506	0.28635	0.19744	0.17802	0.01955	0.00967	0.00288	0.00470	0.16202	0.00769	0.00693
51	0.02248	0.02514	0.02130	0.09905	0.02530	0.33550	0.01541	0.07348	0.01902	0.02121	0.01353	0.01795	0.01159	0.01597	0.10405	0.00379	0.15603	0.00618	0.00412	0.00889
52	0.02368	0.02522	0.06648	0.08162	0.22092	0.20619	0.01899	0.17769	0.02288	0.02849	0.01454	0.01746	0.01147	0.00819	0.00832	0.00231	0.04342	0.00632	0.00474	0.01108
53	0.01709	0.01516	0.01995	0.23880	0.10433	0.06545	0.01584	0.07089	0.09232	0.02311	0.01753	0.02304	0.01441	0.02002	0.14575	0.08403	0.01153	0.00724	0.00452	0.00897
54	0.00997	0.00798	0.00901	0.00922	0.01149	0.00701	0.00713	0.01245	0.01837	0.02307	0.18056	0.09792	0.45343	0.01937	0.00941	0.00274	0.00435	0.10231	0.00743	0.00676
55	0.01068	0.00797	0.00983	0.01027	0.01166	0.00760	0.00724	0.01412	0.05983	0.02417	0.25396	0.33431	0.13015	0.06762	0.01143	0.00311	0.00446	0.01711	0.00752	0.00695
56	0.07225	0.00869	0.01107	0.01106	0.01278	0.00909	0.00824	0.01493	0.03620	0.04390	0.07523	0.16084	0.10576	0.03268	0.24441	0.11842	0.01044	0.01161	0.00562	0.00679
57	0.01368	0.00915	0.01048	0.00998	0.01114	0.00954	0.00670	0.08720	0.01531	0.02162	0.02492	0.09424	0.02614	0.41625	0.09871	0.00629	0.00826	0.01073	0.11326	0.00640
58	0.02171	0.01691	0.01794	0.01540	0.01920	0.09498	0.01228	0.25064	0.02307	0.08143	0.01973	0.02391	0.01602	0.03073	0.31167	0.00677	0.01441	0.00740	0.00587	0.00993
59	0.00991	0.00782	0.00900	0.00930	0.01136	0.00690	0.00702	0.01230	0.01819	0.02314	0.19571	0.16459	0.39854	0.01967	0.00941	0.00275	0.00426	0.07592	0.00748	0.00673
60	0.01141	0.00766	0.00947	0.00991	0.01134	0.00697	0.00690	0.01321	0.01664	0.06247	0.14954	0.35462	0.18454	0.10287	0.01293	0.00338	0.00472	0.01739	0.00727	0.00676
61	0.01667	0.02378	0.19661	0.02646	0.03388	0.01811	0.37453	0.02310	0.01775	0.02501	0.09157	0.02380	0.01831	0.00837	0.00999	0.00262	0.06630	0.00870	0.00426	0.01018
62	0.01073	0.00839	0.00960	0.01012	0.01176	0.00805	0.00711	0.01463	0.09139	0.02159	0.07391	0.33515	0.25678	0.08917	0.01226	0.00331	0.00476	0.01726	0.00708	0.00696
63	0.07495	0.00937	0.01081	0.01031	0.01286	0.00882	0.00757	0.01804	0.04025	0.14043	0.08691	0.21670	0.20965	0.10312	0.01238	0.00328	0.00520	0.01425	0.00725	0.00785
64	0.01398	0.00832	0.01034	0.01034	0.01255	0.00735	0.00755	0.01597	0.01752	0.13944	0.09472	0.35149	0.24150	0.01965	0.00924	0.00280	0.00464	0.01719	0.00772	0.00767
65	0.01326	0.00882	0.01085	0.01063	0.01274	0.00823	0.00782	0.05626	0.01948	0.08070	0.23007	0.29848	0.17549	0.01873	0.00922	0.00272	0.00458	0.01643	0.00782	0.00767
66	0.12364	0.01208	0.01259	0.01113	0.01471	0.01265	0.00875	0.09595	0.11910	0.08026	0.12127	0.03715	0.13942	0.01185	0.00732	0.00235	0.00519	0.00957	0.16584	0.00919
67	0.15060	0.01119	0.01308	0.01158	0.01540	0.01077	0.00922	0.02417	0.04269	0.25269	0.13020	0.11103	0.11884	0.01378	0.00808	0.00260	0.00551	0.05126	0.00783	0.00948
68	0.10573	0.01243	0.01273	0.01158	0.01530	0.01321	0.00903	0.02707	0.26806	0.07984	0.04212	0.04027	0.21306	0.01256	0.00759	0.00248	0.00519	0.01020	0.10196	0.00958
69	0.02203	0.01569	0.01752	0.01487	0.01940	0.01708	0.01179	0.16436	0.33178	0.12371	0.14345	0.03159	0.02969	0.01109	0.00807	0.00250	0.00626	0.00920	0.00821	0.01170
70	0.16748	0.00969	0.01122	0.01093	0.01329	0.00990	0.00813	0.01759	0.01562	0.10965	0.09309	0.24327	0.05682	0.07811	0.11605	0.00458	0.00770	0.01269	0.00650	0.00769
71	0.01183	0.00790	0.01009	0.01011	0.01119	0.00811	0.00705	0.01353	0.01375	0.04010	0.06770	0.11500	0.07072	0.28213	0.23933	0.00748	0.01069	0.01158	0.05544	0.00629
72	0.11589	0.02006	0.02118	0.01660	0.02232	0.02233	0.01367	0.53807	0.03218	0.04521	0.01785	0.01869	0.01303	0.01226	0.05249	0.00300	0.00904	0.00674	0.00718	0.01222
73	0.01221	0.00942	0.01064	0.00990	0.01251	0.00885	0.00753	0.08713	0.02123	0.02782	0.28686	0.10439	0.33803	0.01736	0.00904	0.00255	0.00440	0.01479	0.00775	0.00758
74	0.07269	0.01105	0.01267	0.09230	0.01773	0.05252	0.00988	0.01579	0.01576	0.02177	0.11912	0.04439	0.12521	0.12845	0.17682	0.00566	0.01019	0.05547	0.00547	0.00705
75	0.01570	0.01529	0.01939	0.01737	0.01820	0.07105	0.01409	0.01782	0.01288	0.01844	0.01428	0.02178	0.01361	0.02981	0.27514	0.00668	0.39960	0.00721	0.00372	0.00794
76	0.00985	0.00734	0.00926	0.01063	0.01180	0.00676	0.00770	0.01168	0.01598	0.02059	0.05101	0.47087	0.19905	0.02274	0.00985	0.00309	0.00477	0.11337	0.00719	0.00649
77	0.01772	0.01732	0.02024	0.08084	0.20366	0.11038	0.01518	0.02547	0.17224	0.02502	0.06777	0.10979	0.07835	0.01163	0.00811	0.00249	0.00791	0.01007	0.00576	0.01003
78	0.02133	0.02170	0.02423	0.32040	0.14088	0.19329	0.01916	0.12042	0.02072	0.02493	0.01419	0.01840	0.01099	0.00792	0.00754	0.00235	0.01082	0.00642	0.00431	0.00999
79	0.01119	0.00785	0.01017	0.01017	0.01076	0.00845	0.00683	0.01237	0.01178	0.01630	0.02287	0.04208	0.02443	0.44183	0.32001	0.00963	0.01317	0.01001	0.00447	0.00565
80	0.01100	0.00740	0.00854	0.00882	0.00888	0.00733	0.00508	0.01120	0.01182	0.01576	0.02723	0.15365	0.03173	0.61977	0.03493	0.00685	0.00705	0.01293	0.00508	0.00494
81	0.01819	0.01752	0.02913	0.14138	0.49069	0.01902	0.02247	0.02246	0.01650	0.02354	0.01382	0.01908	0.01169	0.00800	0.01028	0.00250	0.11193	0.00689	0.00372	0.01119
82	0.02649	0.01628	0.02244	0.10301	0.16865	0.01667	0.01597	0.14224	0.08926	0.28296	0.02311	0.02303	0.01605	0.00884	0.00777	0.00241	0.00790	0.00745	0.00712	0.01237
83	0.01973	0.02075	0.08504	0.02523	0.03150	0.06715	0.35528	0.02490	0.01769	0.09986	0.01736	0.02173	0.01328	0.01447	0.10257	0.00391	0.05671	0.00816	0.00454	0.01015
84	0.01711	0.01564	0.02609	0.27499	0.39092	0.01685	0.02111	0.02181	0.01676	0.02377	0.01541	0.02071	0.01238	0.00742	0.00747	0.00235	0.00903	0.00694	0.08277	0.01048
85	0.00982	0.00751	0.00867	0.00907	0.01060	0.00673	0.00633	0.01163	0.01672	0.02149	0.15850	0.25085	0.31564	0.11478	0.01341	0.00339	0.00452	0.01690	0.00708	0.00635
86	0.01023	0.00803	0.00934	0.00939	0.01163	0.00714	0.00729	0.01298	0.01911	0.02461	0.26985	0.07093	0.38822	0.01864	0.00938	0.00269	0.00429	0.10175	0.00763	0.00688

[dist]
# distance from previous block
# <min> <max>
0	0

# created by:
# /home/berkeley/.conda/envs/busco_data_prod/bin/msa2prfl.pl pipeline/OGs_align_augustus/5794/13369.fs
