[name]
unknown

[dist]
# distance from previous block
# <min> <max>
0	299

[block]
# block no. 0 follows, 34 sequences, length 52
# corresponding to MSA columns:
# 305-356
name=unknown_A
#
# <colnr> <probs for GDERKNQSTAVLIFYWHMCP>
#	G	D	E	R	K	N	Q	S	T	A	V	L	I	F	Y	W	H	M	C	P
0	0.01717	0.03130	0.02386	0.02916	0.41441	0.03334	0.09337	0.05234	0.01598	0.09747	0.01668	0.02422	0.01438	0.00771	0.00682	0.00208	0.00763	0.09834	0.00423	0.00949
1	0.01854	0.01266	0.01873	0.01996	0.21416	0.01200	0.05797	0.08669	0.03403	0.20469	0.06621	0.08572	0.01813	0.00821	0.00655	0.00191	0.00619	0.00736	0.00540	0.11488
2	0.12956	0.01335	0.01889	0.02290	0.32012	0.01295	0.01338	0.03829	0.03233	0.20580	0.01545	0.01660	0.01142	0.00635	0.00588	0.00183	0.00629	0.00541	0.00478	0.11845
3	0.03962	0.01203	0.01578	0.01706	0.17291	0.01191	0.01093	0.07751	0.12960	0.15869	0.11511	0.02635	0.07098	0.03287	0.00733	0.00207	0.00551	0.00737	0.00572	0.08065
4	0.04497	0.01053	0.01341	0.01299	0.07702	0.01022	0.00936	0.05375	0.10675	0.23300	0.18240	0.03356	0.09247	0.01027	0.00686	0.00207	0.00496	0.05253	0.00653	0.03635
5	0.20591	0.01322	0.01860	0.04831	0.31790	0.01355	0.03150	0.05134	0.01515	0.08033	0.09348	0.01875	0.01558	0.00689	0.00594	0.00193	0.00631	0.00592	0.00437	0.04501
6	0.01819	0.01278	0.01750	0.01977	0.22891	0.01263	0.01223	0.10084	0.11174	0.17062	0.06867	0.06410	0.04273	0.00844	0.00653	0.00194	0.00587	0.00733	0.00558	0.08360
7	0.17096	0.01255	0.01395	0.01288	0.06210	0.03773	0.00945	0.02108	0.13251	0.09002	0.07797	0.02003	0.01643	0.04297	0.00844	0.00208	0.08151	0.00587	0.00485	0.17662
8	0.01446	0.01338	0.01988	0.06226	0.18162	0.01424	0.09448	0.02233	0.22128	0.02249	0.09066	0.02314	0.01865	0.00815	0.00795	0.00208	0.07279	0.02594	0.00468	0.07955
9	0.10617	0.01307	0.01942	0.16191	0.32504	0.01419	0.01512	0.02060	0.10910	0.04584	0.01459	0.01790	0.01167	0.01093	0.08482	0.00291	0.00815	0.00586	0.00388	0.00885
10	0.01220	0.00982	0.01326	0.01121	0.01396	0.00973	0.07798	0.11033	0.07550	0.02611	0.39397	0.06528	0.13033	0.01197	0.00740	0.00209	0.00462	0.01060	0.00641	0.00725
11	0.01542	0.01486	0.02511	0.13278	0.50219	0.01538	0.07913	0.02100	0.08949	0.02108	0.01365	0.01715	0.01099	0.00614	0.00653	0.00200	0.00781	0.00608	0.00352	0.00969
12	0.00919	0.00651	0.00860	0.00873	0.00929	0.00700	0.00599	0.01033	0.01011	0.01400	0.02031	0.09844	0.02185	0.37768	0.35527	0.00782	0.01106	0.00906	0.00389	0.00487
13	0.01205	0.00858	0.01005	0.00957	0.01187	0.00855	0.00729	0.01804	0.18326	0.08498	0.21055	0.15994	0.19186	0.01373	0.00744	0.00224	0.00405	0.04214	0.00658	0.00722
14	0.00834	0.00624	0.00774	0.00806	0.00934	0.00565	0.00578	0.01038	0.01536	0.02059	0.32764	0.30584	0.21253	0.01644	0.00785	0.00228	0.00335	0.01451	0.00646	0.00565
15	0.01727	0.77681	0.03386	0.01106	0.01658	0.02557	0.01106	0.01935	0.01313	0.01520	0.00898	0.01036	0.00829	0.00553	0.00415	0.00138	0.00691	0.00345	0.00276	0.00829
16	0.01177	0.00600	0.00612	0.00622	0.00765	0.00597	0.00461	0.01465	0.01347	0.02359	0.02204	0.07342	0.01830	0.00837	0.00476	0.00158	0.00306	0.00684	0.75561	0.00597
17	0.01691	0.01671	0.09764	0.01715	0.02232	0.01556	0.18750	0.04816	0.38723	0.08752	0.02104	0.02089	0.01543	0.00756	0.00678	0.00215	0.00713	0.00700	0.00546	0.00986
18	0.07250	0.01285	0.01919	0.02234	0.28219	0.01288	0.03275	0.02341	0.04834	0.26137	0.07985	0.02076	0.01672	0.00767	0.00740	0.00204	0.05625	0.00649	0.00533	0.00966
19	0.01312	0.01116	0.01308	0.00947	0.01494	0.00845	0.00755	0.01600	0.01372	0.02138	0.05903	0.01571	0.01298	0.00534	0.00497	0.00103	0.00467	0.00435	0.00405	0.75901
20	0.01426	0.00819	0.01071	0.00973	0.01218	0.00771	0.00772	0.01818	0.06442	0.18574	0.42973	0.04406	0.04486	0.01236	0.00747	0.00216	0.00413	0.10180	0.00712	0.00746
21	0.01820	0.17924	0.10271	0.01932	0.12610	0.16623	0.10785	0.02149	0.01523	0.09423	0.01418	0.06456	0.01204	0.00798	0.02146	0.00203	0.00868	0.00603	0.00379	0.00864
22	0.01727	0.77681	0.03386	0.01106	0.01658	0.02557	0.01106	0.01935	0.01313	0.01520	0.00898	0.01036	0.00829	0.00553	0.00415	0.00138	0.00691	0.00345	0.00276	0.00829
23	0.10760	0.02504	0.01661	0.01492	0.01848	0.51231	0.01137	0.02672	0.12142	0.06665	0.01332	0.01406	0.01038	0.00699	0.00579	0.00180	0.00957	0.00471	0.00419	0.00808
24	0.00766	0.00645	0.00665	0.00681	0.00880	0.00543	0.00502	0.00924	0.01448	0.01735	0.06229	0.13719	0.65704	0.01678	0.00770	0.00223	0.00332	0.01414	0.00600	0.00543
25	0.00811	0.00620	0.00750	0.00835	0.00957	0.00560	0.00607	0.00971	0.01379	0.01759	0.07859	0.39841	0.29898	0.01822	0.00806	0.00247	0.00377	0.08751	0.00605	0.00544
26	0.01837	0.35622	0.20664	0.01446	0.02051	0.17030	0.01470	0.09439	0.01615	0.01936	0.01054	0.01200	0.00856	0.00615	0.00524	0.00167	0.00857	0.00418	0.00326	0.00873
27	0.02057	0.01022	0.01280	0.01044	0.01447	0.00930	0.00837	0.02514	0.11170	0.39767	0.11656	0.03082	0.12709	0.00975	0.00669	0.00198	0.00477	0.00811	0.00711	0.06645
28	0.02109	0.01774	0.09667	0.02167	0.22373	0.03475	0.01505	0.25827	0.06747	0.15380	0.01646	0.01706	0.01187	0.00709	0.00641	0.00196	0.00723	0.00586	0.00533	0.01048
29	0.61065	0.14476	0.01457	0.00950	0.01386	0.01689	0.00816	0.07987	0.01307	0.02764	0.00957	0.01091	0.00757	0.00607	0.00424	0.00189	0.00551	0.00369	0.00400	0.00757
30	0.00801	0.00568	0.00746	0.00883	0.00917	0.00534	0.00581	0.00903	0.01211	0.01615	0.03427	0.70487	0.04104	0.08638	0.01041	0.00294	0.00397	0.01758	0.00581	0.00513
31	0.01288	0.03109	0.66300	0.09687	0.02972	0.01494	0.02324	0.02004	0.01357	0.02004	0.01158	0.01402	0.00823	0.00617	0.00617	0.00206	0.00945	0.00488	0.00274	0.00930
32	0.01539	0.01568	0.02778	0.16352	0.40997	0.03870	0.19434	0.01965	0.01464	0.02002	0.01220	0.01644	0.00978	0.00583	0.00670	0.00202	0.00879	0.00618	0.00316	0.00922
33	0.00939	0.00629	0.00720	0.00720	0.00725	0.00635	0.00411	0.00950	0.00944	0.01264	0.02022	0.04150	0.02315	0.73949	0.06586	0.00645	0.00677	0.00928	0.00389	0.00400
34	0.00829	0.00580	0.00737	0.00846	0.00873	0.00553	0.00542	0.00911	0.01155	0.01540	0.03139	0.56774	0.03741	0.22847	0.01506	0.00363	0.00444	0.01589	0.00542	0.00488
35	0.01430	0.01472	0.02607	0.13008	0.13178	0.01686	0.23271	0.01775	0.01279	0.01815	0.01165	0.03704	0.01013	0.00821	0.01228	0.00239	0.28529	0.00666	0.00312	0.00802
36	0.01813	0.58544	0.02984	0.03041	0.01781	0.02372	0.01134	0.12303	0.07113	0.01995	0.01137	0.01238	0.00960	0.00614	0.00474	0.00155	0.00684	0.00416	0.00361	0.00882
37	0.01314	0.01251	0.02075	0.54169	0.17514	0.01511	0.01792	0.01705	0.01296	0.01730	0.01130	0.01667	0.00891	0.00682	0.00797	0.00218	0.08615	0.00574	0.00293	0.00776
38	0.00780	0.00655	0.00677	0.00671	0.00883	0.00552	0.00504	0.00958	0.01511	0.01835	0.13592	0.06071	0.65897	0.01603	0.00763	0.00217	0.00325	0.01343	0.00612	0.00552
39	0.01599	0.01535	0.02623	0.03966	0.73262	0.01535	0.01983	0.01983	0.01471	0.02111	0.01215	0.01599	0.01023	0.00576	0.00640	0.00192	0.00768	0.00576	0.00320	0.01023
40	0.00894	0.00660	0.00836	0.00792	0.00953	0.00601	0.00594	0.01180	0.01781	0.02478	0.64040	0.05013	0.15048	0.01363	0.00762	0.00205	0.00308	0.01195	0.00696	0.00601
41	0.01876	0.55507	0.10137	0.01226	0.01797	0.07560	0.01226	0.02140	0.01421	0.10267	0.01131	0.01219	0.00921	0.00597	0.00475	0.00154	0.00735	0.00401	0.00343	0.00868
42	0.64742	0.01439	0.01242	0.01326	0.10767	0.07524	0.00914	0.01967	0.01209	0.02686	0.00949	0.01131	0.00753	0.00602	0.00446	0.00196	0.00590	0.00385	0.00384	0.00746
43	0.01528	0.01447	0.02448	0.05754	0.64929	0.01451	0.01857	0.01906	0.01498	0.02140	0.07514	0.01886	0.01465	0.00643	0.00651	0.00194	0.00730	0.00628	0.00353	0.00978
44	0.01355	0.01028	0.01121	0.03606	0.01395	0.01147	0.00820	0.02434	0.38499	0.02425	0.02565	0.13429	0.02183	0.01003	0.00622	0.00205	0.00442	0.00852	0.24056	0.00816
45	0.50126	0.01980	0.01302	0.01175	0.01548	0.30706	0.00919	0.02171	0.01392	0.02373	0.00939	0.01096	0.00753	0.00626	0.00473	0.00187	0.00766	0.00376	0.00373	0.00719
46	0.02294	0.02899	0.02099	0.01808	0.02184	0.64821	0.10666	0.02511	0.01790	0.01647	0.01040	0.01243	0.00852	0.00649	0.00607	0.00173	0.01155	0.00463	0.00332	0.00766
47	0.00824	0.00578	0.00739	0.00852	0.00881	0.00550	0.00549	0.00909	0.01165	0.01553	0.03191	0.59220	0.03806	0.20312	0.01423	0.00351	0.00436	0.01619	0.00549	0.00492
48	0.58899	0.01341	0.01532	0.03891	0.12223	0.01481	0.08378	0.01922	0.01206	0.02655	0.00998	0.01226	0.00783	0.00592	0.00482	0.00201	0.00613	0.00434	0.00377	0.00766
49	0.01780	0.15569	0.10738	0.01705	0.09485	0.18983	0.01357	0.02646	0.26968	0.02087	0.01611	0.01661	0.01261	0.00706	0.00590	0.00188	0.00778	0.00541	0.00431	0.00916
50	0.01671	0.01601	0.02207	0.19416	0.36801	0.08324	0.01699	0.08680	0.09110	0.02207	0.01362	0.01669	0.01077	0.00651	0.00638	0.00198	0.00793	0.00578	0.00381	0.00936
51	0.01005	0.00915	0.00871	0.00831	0.01032	0.08446	0.00623	0.01230	0.01666	0.02097	0.34884	0.05075	0.36181	0.01396	0.00744	0.00206	0.00406	0.01178	0.00620	0.00595

[dist]
# distance from previous block
# <min> <max>
0	9

[block]
# block no. 1 follows, 34 sequences, length 6
# corresponding to MSA columns:
# 366-371
name=unknown_B
#
# <colnr> <probs for GDERKNQSTAVLIFYWHMCP>
#	G	D	E	R	K	N	Q	S	T	A	V	L	I	F	Y	W	H	M	C	P
0	0.01219	0.01319	0.11642	0.01296	0.01679	0.01044	0.12097	0.05667	0.07614	0.02265	0.12815	0.10834	0.13845	0.01068	0.00686	0.00207	0.00573	0.00952	0.12432	0.00743
1	0.00990	0.00780	0.00915	0.00899	0.01103	0.00759	0.00703	0.01475	0.12077	0.02237	0.30481	0.05302	0.26072	0.01429	0.00768	0.00225	0.00389	0.12098	0.00650	0.00648
2	0.01743	0.01405	0.01650	0.01662	0.13166	0.01511	0.01132	0.27874	0.19222	0.02883	0.02673	0.02719	0.14201	0.04265	0.00784	0.00223	0.00599	0.00772	0.00577	0.00938
3	0.01601	0.01297	0.01801	0.45040	0.03313	0.01526	0.01481	0.23128	0.01839	0.02478	0.01372	0.01740	0.01017	0.00697	0.00626	0.00202	0.00757	0.00579	0.08681	0.00824
4	0.01724	0.14527	0.29993	0.02046	0.13841	0.04762	0.08909	0.02207	0.01482	0.12576	0.01341	0.01503	0.00986	0.00621	0.00605	0.00191	0.00845	0.00524	0.00367	0.00950
5	0.14543	0.13778	0.02619	0.06268	0.36429	0.01696	0.11842	0.01959	0.01385	0.02115	0.01124	0.01447	0.00926	0.00575	0.00583	0.00190	0.00764	0.00530	0.00325	0.00903

[dist]
# distance from previous block
# <min> <max>
0	1

[block]
# block no. 2 follows, 34 sequences, length 52
# corresponding to MSA columns:
# 373-424
name=unknown_C
#
# <colnr> <probs for GDERKNQSTAVLIFYWHMCP>
#	G	D	E	R	K	N	Q	S	T	A	V	L	I	F	Y	W	H	M	C	P
0	0.13301	0.01873	0.01507	0.08486	0.01913	0.30843	0.01074	0.02381	0.03152	0.17134	0.01484	0.01613	0.01106	0.00906	0.04320	0.00227	0.00862	0.00507	0.06511	0.00800
1	0.01624	0.01499	0.02440	0.15568	0.54616	0.01567	0.01875	0.08989	0.01602	0.02235	0.01239	0.01615	0.01004	0.00608	0.00641	0.00196	0.00777	0.00576	0.00348	0.00981
2	0.00808	0.00656	0.00717	0.00702	0.00900	0.00565	0.00526	0.01014	0.01579	0.01997	0.26252	0.05805	0.53136	0.01543	0.00763	0.00214	0.00321	0.01306	0.00633	0.00565
3	0.01355	0.00945	0.01158	0.01060	0.01254	0.01054	0.00814	0.01953	0.18411	0.08798	0.10634	0.04885	0.02323	0.10119	0.14583	0.00409	0.08259	0.00790	0.10462	0.00732
4	0.00868	0.00644	0.00786	0.00775	0.00914	0.00587	0.00559	0.01087	0.01588	0.02151	0.42397	0.13421	0.20882	0.09235	0.01028	0.00257	0.00351	0.01267	0.00640	0.00563
5	0.01609	0.09230	0.08377	0.01270	0.01682	0.01489	0.01096	0.02794	0.42031	0.09270	0.04121	0.10286	0.02061	0.00947	0.00649	0.00212	0.00555	0.00790	0.00591	0.00940
6	0.02377	0.01162	0.01456	0.01162	0.01594	0.01118	0.00943	0.12359	0.09979	0.44713	0.13527	0.02548	0.02282	0.00887	0.00668	0.00202	0.00529	0.00731	0.00748	0.01013
7	0.03405	0.04378	0.45012	0.01885	0.09042	0.01510	0.01958	0.02056	0.01359	0.09301	0.01273	0.01500	0.00944	0.00828	0.03168	0.00238	0.10365	0.00516	0.00338	0.00924
8	0.00809	0.00616	0.00744	0.00797	0.00922	0.00551	0.00565	0.00983	0.01454	0.01900	0.20670	0.36271	0.27922	0.01730	0.00790	0.00234	0.00343	0.01522	0.00626	0.00551
9	0.01340	0.01148	0.01340	0.00957	0.01531	0.00861	0.00766	0.01627	0.01340	0.02105	0.01148	0.01340	0.00957	0.00479	0.00479	0.00096	0.00479	0.00383	0.00383	0.81242
10	0.00937	0.00637	0.00729	0.00741	0.00765	0.00631	0.00449	0.00971	0.01015	0.01337	0.02415	0.04592	0.06668	0.66748	0.02947	0.00576	0.00606	0.06400	0.00420	0.00417
11	0.02452	0.01929	0.01929	0.01503	0.02003	0.08831	0.01230	0.64671	0.02925	0.03838	0.01499	0.01515	0.01074	0.00765	0.00640	0.00191	0.00754	0.00566	0.00617	0.01066
12	0.01599	0.01535	0.02623	0.03966	0.73262	0.01535	0.01983	0.01983	0.01471	0.02111	0.01215	0.01599	0.01023	0.00576	0.00640	0.00192	0.00768	0.00576	0.00320	0.01023
13	0.01220	0.01148	0.01938	0.75739	0.04450	0.01436	0.01794	0.01651	0.01292	0.01651	0.01148	0.01723	0.00861	0.00646	0.00646	0.00215	0.00861	0.00574	0.00287	0.00718
14	0.00923	0.00692	0.01038	0.01038	0.01154	0.00808	0.00808	0.01154	0.01038	0.01500	0.01731	0.02538	0.01615	0.04846	0.74732	0.01038	0.01731	0.00692	0.00346	0.00577
15	0.00789	0.00612	0.00718	0.00783	0.00911	0.00542	0.00552	0.00942	0.01397	0.01781	0.11401	0.38723	0.34971	0.01786	0.00792	0.00237	0.00347	0.01564	0.00610	0.00542
16	0.01599	0.01535	0.02623	0.03966	0.73262	0.01535	0.01983	0.01983	0.01471	0.02111	0.01215	0.01599	0.01023	0.00576	0.00640	0.00192	0.00768	0.00576	0.00320	0.01023
17	0.00927	0.00677	0.00962	0.00962	0.01051	0.00766	0.00713	0.01105	0.01016	0.01444	0.01800	0.02924	0.01783	0.21365	0.58441	0.00944	0.01479	0.00749	0.00356	0.00535
18	0.00787	0.00562	0.00750	0.00900	0.00937	0.00525	0.00600	0.00900	0.01237	0.01649	0.03561	0.76871	0.04274	0.02024	0.00825	0.00262	0.00375	0.01837	0.00600	0.00525
19	0.01725	0.01253	0.01393	0.01227	0.01587	0.01380	0.00960	0.03115	0.52326	0.13898	0.11300	0.02676	0.02423	0.00919	0.00669	0.00214	0.00492	0.00772	0.00687	0.00984
20	0.01563	0.01498	0.02556	0.10907	0.66607	0.01526	0.01965	0.01951	0.01454	0.02066	0.01209	0.01611	0.01008	0.00583	0.00640	0.00194	0.00777	0.00576	0.00317	0.00994
21	0.01599	0.01535	0.02623	0.03966	0.73262	0.01535	0.01983	0.01983	0.01471	0.02111	0.01215	0.01599	0.01023	0.00576	0.00640	0.00192	0.00768	0.00576	0.00320	0.01023
22	0.00923	0.00692	0.01038	0.01038	0.01154	0.00808	0.00808	0.01154	0.01038	0.01500	0.01731	0.02538	0.01615	0.04846	0.74732	0.01038	0.01731	0.00692	0.00346	0.00577
23	0.00787	0.00562	0.00750	0.00900	0.00937	0.00525	0.00600	0.00900	0.01237	0.01649	0.03561	0.76871	0.04274	0.02024	0.00825	0.00262	0.00375	0.01837	0.00600	0.00525
24	0.01562	0.01443	0.02400	0.03576	0.64452	0.01450	0.01812	0.01979	0.03433	0.02155	0.01339	0.01698	0.01109	0.00601	0.00623	0.00189	0.00717	0.00583	0.07895	0.00984
25	0.01448	0.01353	0.02228	0.11636	0.46602	0.01444	0.01754	0.01799	0.01404	0.01973	0.01518	0.02493	0.01412	0.00831	0.00832	0.00221	0.08447	0.11362	0.00356	0.00888
26	0.01575	0.01769	0.03072	0.02313	0.02739	0.08600	0.43358	0.01962	0.01392	0.01868	0.01139	0.01589	0.00927	0.00733	0.01156	0.00233	0.23780	0.00670	0.00314	0.00810
27	0.01412	0.01509	0.03165	0.02365	0.02900	0.01426	0.54574	0.01899	0.01516	0.02038	0.01802	0.03040	0.01621	0.00835	0.00793	0.00236	0.00974	0.16700	0.00390	0.00807
28	0.00778	0.00598	0.00712	0.00804	0.00912	0.00533	0.00557	0.00910	0.01329	0.01687	0.04729	0.49224	0.31166	0.01873	0.00801	0.00245	0.00356	0.01652	0.00600	0.00533
29	0.01220	0.01148	0.01938	0.75739	0.04450	0.01436	0.01794	0.01651	0.01292	0.01651	0.01148	0.01723	0.00861	0.00646	0.00646	0.00215	0.00861	0.00574	0.00287	0.00718
30	0.01727	0.77681	0.03386	0.01106	0.01658	0.02557	0.01106	0.01935	0.01313	0.01520	0.00898	0.01036	0.00829	0.00553	0.00415	0.00138	0.00691	0.00345	0.00276	0.00829
31	0.00938	0.00633	0.00737	0.00737	0.00748	0.00644	0.00432	0.00960	0.00949	0.01277	0.02006	0.04065	0.02278	0.70287	0.10197	0.00666	0.00733	0.00916	0.00387	0.00409
32	0.00813	0.00591	0.00773	0.00909	0.00975	0.00551	0.00638	0.00951	0.01287	0.01690	0.03826	0.62558	0.10667	0.01961	0.00826	0.00262	0.00395	0.09193	0.00599	0.00534
33	0.01220	0.01148	0.01938	0.75739	0.04450	0.01436	0.01794	0.01651	0.01292	0.01651	0.01148	0.01723	0.00861	0.00646	0.00646	0.00215	0.00861	0.00574	0.00287	0.00718
34	0.00900	0.00660	0.00843	0.00798	0.00956	0.00603	0.00598	0.01191	0.01795	0.02509	0.66502	0.04961	0.12566	0.01351	0.00762	0.00205	0.00307	0.01187	0.00701	0.00603
35	0.00863	0.00649	0.00799	0.00781	0.00939	0.00585	0.00578	0.01112	0.01678	0.02280	0.48940	0.12540	0.22941	0.01473	0.00769	0.00213	0.00318	0.01286	0.00672	0.00585
36	0.10860	0.01283	0.01547	0.01199	0.01692	0.01250	0.00990	0.19073	0.02054	0.50027	0.02145	0.01929	0.01389	0.00774	0.00623	0.00199	0.00583	0.00603	0.00723	0.01059
37	0.01840	0.01854	0.01721	0.01785	0.13025	0.21702	0.01208	0.10193	0.27113	0.02359	0.02216	0.02212	0.08280	0.00833	0.00643	0.00197	0.00736	0.00664	0.00508	0.00910
38	0.14593	0.09593	0.02014	0.10006	0.14648	0.16473	0.01325	0.17368	0.03990	0.02469	0.01200	0.01396	0.00942	0.00657	0.00570	0.00186	0.00788	0.00490	0.00410	0.00880
39	0.01622	0.10245	0.15065	0.02732	0.38745	0.01625	0.01762	0.09015	0.01582	0.02234	0.01198	0.01466	0.00967	0.00591	0.00595	0.00179	0.00758	0.00515	0.00346	0.08755
40	0.10589	0.01687	0.01620	0.01631	0.08935	0.18245	0.01156	0.04210	0.17962	0.02119	0.01704	0.11072	0.01547	0.00952	0.00879	0.00218	0.13507	0.00708	0.00449	0.00810
41	0.02126	0.01538	0.08354	0.01298	0.01776	0.01417	0.01138	0.28882	0.09418	0.21156	0.11456	0.02252	0.01976	0.00849	0.00655	0.00199	0.00605	0.00684	0.03224	0.00996
42	0.00939	0.00671	0.00967	0.00981	0.01092	0.00760	0.00752	0.01166	0.01089	0.01607	0.01941	0.09506	0.01869	0.04163	0.60203	0.00875	0.01457	0.00791	0.08596	0.00575
43	0.09269	0.02730	0.52678	0.01627	0.02425	0.01455	0.01950	0.02277	0.08609	0.08926	0.01415	0.01519	0.00998	0.00657	0.00601	0.00205	0.00828	0.00507	0.00374	0.00951
44	0.00837	0.00595	0.00763	0.00844	0.00904	0.00559	0.00566	0.00973	0.01320	0.01785	0.17766	0.48425	0.06355	0.13749	0.01199	0.00306	0.00399	0.01543	0.00590	0.00522
45	0.01295	0.01210	0.02037	0.48977	0.22864	0.01402	0.01750	0.01693	0.01316	0.01762	0.01223	0.01768	0.00978	0.01033	0.07809	0.00289	0.00920	0.00586	0.00302	0.00787
46	0.00925	0.00686	0.01006	0.01006	0.01110	0.00790	0.00767	0.01133	0.01029	0.01476	0.01760	0.02702	0.01686	0.11852	0.67823	0.00999	0.01624	0.00716	0.00351	0.00559
47	0.00936	0.00639	0.00768	0.00768	0.00790	0.00661	0.00471	0.00980	0.00958	0.01300	0.01978	0.03906	0.02209	0.63483	0.16907	0.00705	0.00837	0.00892	0.00383	0.00427
48	0.01677	0.09237	0.03255	0.02275	0.02845	0.11915	0.47304	0.02267	0.08756	0.02013	0.01360	0.01662	0.01046	0.00596	0.00693	0.00203	0.01002	0.00671	0.00357	0.00866
49	0.00932	0.00743	0.00882	0.00873	0.01102	0.00638	0.00674	0.01132	0.01393	0.01827	0.04202	0.22570	0.29503	0.01538	0.00749	0.00221	0.00418	0.14113	0.00558	0.15932
50	0.01969	0.02047	0.08580	0.01359	0.01834	0.25717	0.01152	0.11797	0.01841	0.09559	0.08039	0.01729	0.01470	0.00708	0.00594	0.00164	0.00777	0.00532	0.00466	0.19665
51	0.02066	0.08407	0.09139	0.01990	0.08990	0.21022	0.17644	0.04544	0.01680	0.16204	0.01423	0.01566	0.01044	0.00645	0.00634	0.00190	0.00915	0.00564	0.00423	0.00910

[dist]
# distance from previous block
# <min> <max>
0	8

# created by:
# /home/berkeley/.conda/envs/busco_data_prod/bin/msa2prfl.pl pipeline/OGs_align_augustus/5794/13548.fs
