[name]
unknown

[dist]
# distance from previous block
# <min> <max>
3	58

[block]
# block no. 0 follows, 32 sequences, length 59
# corresponding to MSA columns:
# 64-122
name=unknown_A
#
# <colnr> <probs for GDERKNQSTAVLIFYWHMCP>
#	G	D	E	R	K	N	Q	S	T	A	V	L	I	F	Y	W	H	M	C	P
0	0.01624	0.24155	0.22157	0.13743	0.02687	0.01889	0.07674	0.02060	0.01402	0.07171	0.01212	0.01483	0.00940	0.00687	0.00757	0.00203	0.08412	0.00521	0.00334	0.00890
1	0.01604	0.13139	0.40193	0.01634	0.02333	0.17040	0.01819	0.02099	0.01495	0.01884	0.01495	0.01773	0.04926	0.04900	0.00765	0.00220	0.00945	0.00542	0.00323	0.00872
2	0.01011	0.01069	0.08960	0.04333	0.01431	0.00849	0.00913	0.01466	0.09502	0.02066	0.14996	0.29116	0.18651	0.01530	0.00779	0.00238	0.00473	0.01338	0.00596	0.00682
3	0.01429	0.01341	0.02256	0.27874	0.40938	0.01438	0.01827	0.01812	0.01436	0.01974	0.01519	0.10279	0.01395	0.00796	0.00689	0.00216	0.00783	0.00748	0.00354	0.00895
4	0.01416	0.01714	0.11311	0.14648	0.13386	0.04950	0.22779	0.01869	0.01512	0.02035	0.06354	0.11487	0.01776	0.00856	0.00732	0.00222	0.00877	0.00847	0.00388	0.00841
5	0.01756	0.14557	0.13954	0.10817	0.02191	0.05094	0.01358	0.09431	0.05352	0.09849	0.01455	0.01729	0.01134	0.01161	0.04215	0.13332	0.00813	0.00552	0.00418	0.00832
6	0.01318	0.00845	0.01005	0.00908	0.01173	0.00789	0.00700	0.01760	0.09757	0.13839	0.31423	0.04748	0.26437	0.01337	0.00760	0.00217	0.00390	0.01139	0.00710	0.00744
7	0.01088	0.00779	0.01040	0.06381	0.01344	0.00833	0.00777	0.01383	0.05944	0.04754	0.05968	0.15713	0.06411	0.18811	0.25090	0.00601	0.00952	0.01031	0.00485	0.00614
8	0.02113	0.05408	0.02192	0.01867	0.10163	0.01482	0.12526	0.08673	0.15828	0.24251	0.02171	0.02412	0.01625	0.00829	0.00698	0.00217	0.00707	0.05207	0.00605	0.01027
9	0.01930	0.01296	0.01442	0.01250	0.01596	0.04013	0.00975	0.20768	0.13320	0.16529	0.02686	0.20643	0.04706	0.01367	0.03997	0.00264	0.00636	0.00995	0.00664	0.00922
10	0.01026	0.00799	0.01130	0.01093	0.01172	0.00953	0.00828	0.01205	0.01051	0.01511	0.01747	0.02853	0.01735	0.19390	0.50095	0.00890	0.10828	0.00756	0.00361	0.00576
11	0.01386	0.01455	0.09647	0.01100	0.01742	0.00971	0.00989	0.01740	0.01394	0.02179	0.01194	0.01394	0.00977	0.00513	0.00513	0.00112	0.00554	0.00409	0.00384	0.71345
12	0.70954	0.01414	0.01076	0.00965	0.01374	0.05530	0.00783	0.02129	0.06313	0.02920	0.01072	0.01200	0.00831	0.00648	0.00445	0.00207	0.00558	0.00396	0.00431	0.00754
13	0.01018	0.00678	0.00862	0.00924	0.01064	0.00618	0.00679	0.01200	0.01480	0.07085	0.11663	0.40085	0.18841	0.01815	0.00831	0.00255	0.00411	0.09229	0.00650	0.00611
14	0.01400	0.03399	0.69764	0.01896	0.02867	0.01582	0.02425	0.05166	0.01495	0.02219	0.01222	0.01425	0.00863	0.00645	0.00639	0.00212	0.00980	0.00501	0.00301	0.00998
15	0.01566	0.05640	0.06265	0.02132	0.06440	0.01611	0.32360	0.07118	0.10284	0.02298	0.02116	0.02323	0.09321	0.00782	0.00776	0.00216	0.03558	0.00775	0.00434	0.03987
16	0.01636	0.11478	0.02892	0.14087	0.02938	0.13414	0.30573	0.02044	0.01604	0.01984	0.09360	0.01983	0.01565	0.00698	0.00695	0.00205	0.00958	0.00694	0.00373	0.00821
17	0.00825	0.00602	0.00777	0.00900	0.00968	0.00554	0.00611	0.00962	0.01356	0.01795	0.09039	0.63232	0.11900	0.02005	0.00845	0.00263	0.00379	0.01803	0.00631	0.00554
18	0.01731	0.19034	0.33944	0.05853	0.10227	0.01763	0.01868	0.05792	0.01563	0.10243	0.01338	0.01499	0.00987	0.00652	0.00603	0.00195	0.00842	0.00509	0.00374	0.00982
19	0.05976	0.03542	0.01392	0.01216	0.01556	0.03809	0.01010	0.08835	0.12464	0.16339	0.03086	0.04269	0.09645	0.01240	0.00746	0.00242	0.00597	0.22537	0.00645	0.00855
20	0.01816	0.00965	0.01198	0.01045	0.01373	0.00908	0.00815	0.02306	0.12514	0.29501	0.14958	0.12955	0.14322	0.01238	0.00738	0.00223	0.00461	0.01057	0.00732	0.00874
21	0.00976	0.00651	0.00732	0.00732	0.00732	0.00651	0.00407	0.00976	0.00976	0.01301	0.02114	0.04391	0.02439	0.76419	0.03415	0.00651	0.00651	0.00976	0.00407	0.00407
22	0.02266	0.05276	0.01809	0.01615	0.09864	0.10716	0.01160	0.15115	0.06709	0.25027	0.06107	0.02384	0.07213	0.00872	0.00668	0.00201	0.00683	0.00700	0.00623	0.00993
23	0.01391	0.00973	0.01436	0.01211	0.01493	0.01001	0.12097	0.01931	0.10371	0.05995	0.02063	0.02405	0.01634	0.01668	0.16121	0.00376	0.00805	0.00693	0.35587	0.00750
24	0.01557	0.01611	0.01923	0.01697	0.01759	0.11150	0.01401	0.01726	0.01200	0.01664	0.01209	0.02139	0.01223	0.01190	0.01849	0.00280	0.57046	0.08312	0.00338	0.00726
25	0.01756	0.64441	0.03098	0.01098	0.01619	0.02380	0.01069	0.04584	0.01438	0.01796	0.01115	0.01274	0.00979	0.00609	0.00445	0.00147	0.00668	0.00401	0.10240	0.00843
26	0.01168	0.00773	0.00936	0.00867	0.01103	0.00688	0.00656	0.01458	0.03832	0.10363	0.30329	0.12865	0.25642	0.01436	0.00768	0.00217	0.00377	0.01238	0.00682	0.04603
27	0.06249	0.22712	0.12992	0.01404	0.01964	0.01792	0.05897	0.16412	0.01881	0.08616	0.11959	0.01986	0.01813	0.00777	0.00611	0.00191	0.00707	0.00616	0.00493	0.00925
28	0.37524	0.01730	0.01503	0.01463	0.07742	0.17260	0.01060	0.02384	0.04585	0.13134	0.01323	0.01430	0.00995	0.00708	0.00622	0.00205	0.04551	0.00475	0.00462	0.00846
29	0.01653	0.30207	0.18483	0.01378	0.01967	0.01830	0.03935	0.02278	0.12142	0.07794	0.07862	0.02040	0.04204	0.00772	0.00594	0.00189	0.00706	0.00607	0.00445	0.00915
30	0.60894	0.08690	0.01262	0.00961	0.01349	0.05532	0.00789	0.01910	0.01220	0.02663	0.01221	0.08703	0.01124	0.00772	0.00472	0.00206	0.00564	0.00524	0.00420	0.00724
31	0.01285	0.01071	0.04543	0.05734	0.16379	0.00971	0.03599	0.01557	0.02577	0.07829	0.02729	0.32507	0.05803	0.09028	0.01034	0.00280	0.00598	0.01219	0.00516	0.00743
32	0.00830	0.00606	0.00782	0.00898	0.00970	0.00557	0.00612	0.00976	0.01381	0.01836	0.11886	0.60589	0.11652	0.01976	0.00842	0.00261	0.00376	0.01777	0.00636	0.00557
33	0.01556	0.11092	0.10023	0.01286	0.04401	0.01331	0.01126	0.08213	0.01561	0.02295	0.01203	0.01385	0.00977	0.00556	0.00527	0.00131	0.00616	0.00431	0.00394	0.50897
34	0.00941	0.00708	0.00999	0.00999	0.01119	0.00789	0.00759	0.01149	0.01120	0.01562	0.02405	0.03248	0.09861	0.11622	0.58468	0.00938	0.01517	0.00824	0.00394	0.00577
35	0.07243	0.14704	0.14698	0.01538	0.07071	0.01648	0.01352	0.12272	0.09171	0.12377	0.09721	0.02034	0.01775	0.00788	0.00622	0.00198	0.00676	0.00622	0.00525	0.00966
36	0.01246	0.01303	0.09410	0.01156	0.01502	0.01139	0.00996	0.02212	0.29717	0.02426	0.17793	0.10081	0.15834	0.01224	0.00736	0.00226	0.00492	0.01045	0.00632	0.00828
37	0.00988	0.00674	0.00863	0.00870	0.01016	0.00613	0.00632	0.01217	0.01651	0.05700	0.37799	0.28430	0.13772	0.01627	0.00807	0.00233	0.00356	0.01441	0.00690	0.00621
38	0.01379	0.08855	0.67847	0.01856	0.02817	0.01639	0.02381	0.02116	0.01413	0.02085	0.01184	0.01392	0.00851	0.00633	0.00622	0.00207	0.00972	0.00486	0.00284	0.00982
39	0.01714	0.01198	0.01598	0.01587	0.13102	0.01044	0.01079	0.04900	0.01597	0.15052	0.01886	0.06356	0.01640	0.00826	0.00632	0.00173	0.00577	0.08075	0.00514	0.36451
40	0.00837	0.00643	0.00766	0.00816	0.00954	0.00572	0.00581	0.01017	0.01513	0.01964	0.19690	0.33684	0.30975	0.01788	0.00818	0.00241	0.00354	0.01567	0.00648	0.00572
41	0.01113	0.00784	0.00947	0.00978	0.01129	0.00759	0.00700	0.09753	0.01586	0.04657	0.03920	0.52116	0.15338	0.01823	0.00816	0.00253	0.00432	0.01614	0.00637	0.00646
42	0.01267	0.01193	0.02013	0.74806	0.04621	0.01491	0.01863	0.01714	0.01342	0.01714	0.01193	0.01789	0.00894	0.00671	0.00671	0.00224	0.00894	0.00596	0.00298	0.00745
43	0.01525	0.01562	0.02047	0.01760	0.01779	0.05957	0.01459	0.01673	0.01075	0.01616	0.00889	0.01454	0.00880	0.01148	0.02115	0.00287	0.71163	0.00579	0.00296	0.00736
44	0.00962	0.00729	0.00967	0.01000	0.01038	0.00802	0.00700	0.01072	0.01132	0.01559	0.02589	0.34248	0.02973	0.23080	0.14977	0.00526	0.09348	0.01281	0.00477	0.00538
45	0.00853	0.00621	0.00769	0.00852	0.00929	0.00575	0.00573	0.00983	0.01349	0.01780	0.11832	0.45689	0.15371	0.13125	0.01223	0.00315	0.00412	0.01607	0.00604	0.00538
46	0.01037	0.00762	0.01020	0.01128	0.01277	0.00765	0.00930	0.01387	0.05173	0.02012	0.08221	0.18569	0.07261	0.01979	0.04851	0.00330	0.00604	0.41452	0.00617	0.00626
47	0.01639	0.02221	0.14779	0.02359	0.02988	0.13340	0.42430	0.02143	0.01586	0.02031	0.01452	0.07091	0.01216	0.00711	0.00741	0.00219	0.01067	0.00766	0.00352	0.00872
48	0.01186	0.00869	0.01285	0.01132	0.01324	0.00892	0.09556	0.04983	0.01343	0.01990	0.02109	0.11221	0.02032	0.15745	0.20382	0.00513	0.00901	0.00882	0.21020	0.00633
49	0.81159	0.01298	0.00986	0.00882	0.01298	0.01505	0.00727	0.01972	0.01142	0.03010	0.00934	0.01090	0.00727	0.00623	0.00415	0.00208	0.00519	0.00363	0.00415	0.00727
50	0.00894	0.00634	0.00841	0.00933	0.00985	0.00635	0.00641	0.01019	0.01194	0.01611	0.02993	0.42689	0.03459	0.19129	0.14653	0.00505	0.00716	0.05413	0.00527	0.00528
51	0.01230	0.09527	0.05565	0.01296	0.01649	0.01204	0.09802	0.01795	0.12860	0.02109	0.10402	0.12341	0.17589	0.01272	0.00748	0.00230	0.00585	0.08487	0.00552	0.00757
52	0.01553	0.37459	0.40773	0.01558	0.02356	0.02066	0.01862	0.02071	0.01392	0.01872	0.01078	0.01259	0.00855	0.00608	0.00542	0.00181	0.00865	0.00432	0.00285	0.00931
53	0.01058	0.00874	0.01414	0.01287	0.01451	0.00970	0.08790	0.01311	0.01181	0.01696	0.02006	0.14414	0.01995	0.03573	0.45044	0.00751	0.06814	0.00908	0.03826	0.00637
54	0.00883	0.00665	0.00822	0.00866	0.01010	0.00605	0.00645	0.01101	0.01583	0.02092	0.26751	0.25473	0.24265	0.01722	0.00825	0.00243	0.00377	0.08824	0.00660	0.00588
55	0.06736	0.01123	0.01204	0.08257	0.01618	0.04709	0.00895	0.02122	0.24238	0.02184	0.02345	0.14512	0.02172	0.10992	0.04882	0.00322	0.00634	0.00898	0.09404	0.00752
56	0.01348	0.01547	0.10773	0.48018	0.06852	0.01484	0.06809	0.01912	0.05252	0.01913	0.01295	0.01750	0.00977	0.00656	0.00663	0.00212	0.00870	0.00593	0.00330	0.06747
57	0.00952	0.00672	0.00785	0.00773	0.00845	0.00648	0.00492	0.01046	0.01218	0.01636	0.14200	0.07358	0.11115	0.47708	0.05670	0.00522	0.00598	0.01078	0.00492	0.02192
58	0.01520	0.01121	0.01245	0.01125	0.01418	0.01198	0.00864	0.12243	0.25435	0.05281	0.10532	0.16158	0.05884	0.01172	0.00701	0.00218	0.00479	0.00999	0.09841	0.02564

[dist]
# distance from previous block
# <min> <max>
0	3

[block]
# block no. 1 follows, 32 sequences, length 21
# corresponding to MSA columns:
# 126-146
name=unknown_B
#
# <colnr> <probs for GDERKNQSTAVLIFYWHMCP>
#	G	D	E	R	K	N	Q	S	T	A	V	L	I	F	Y	W	H	M	C	P
0	0.01923	0.27432	0.02449	0.01642	0.06625	0.25666	0.01283	0.02256	0.06858	0.01753	0.01246	0.03376	0.01125	0.00792	0.00797	0.00192	0.11474	0.01925	0.00356	0.00832
1	0.04077	0.06628	0.13263	0.01421	0.02025	0.01554	0.03815	0.22710	0.04956	0.15070	0.01813	0.01825	0.03590	0.00740	0.00625	0.00187	0.00696	0.00585	0.00548	0.13873
2	0.02108	0.11255	0.18270	0.01717	0.02288	0.30867	0.05928	0.10227	0.03883	0.05496	0.01276	0.01415	0.00975	0.00684	0.00618	0.00188	0.00995	0.00502	0.00395	0.00911
3	0.74513	0.07621	0.01198	0.00905	0.01333	0.01602	0.00762	0.01975	0.01160	0.02891	0.00934	0.01089	0.00738	0.00619	0.00417	0.00202	0.00536	0.00363	0.00405	0.00738
4	0.01691	0.01438	0.06530	0.05046	0.15554	0.01372	0.08830	0.04459	0.10228	0.11994	0.02075	0.05248	0.03970	0.00880	0.00808	0.00219	0.06923	0.02637	0.09182	0.00915
5	0.00842	0.00614	0.00800	0.00938	0.01010	0.00571	0.00659	0.00985	0.01338	0.01754	0.04017	0.61333	0.11665	0.02033	0.00857	0.00271	0.00408	0.08728	0.00622	0.00555
6	0.01905	0.60659	0.03152	0.01231	0.01779	0.10213	0.01158	0.06660	0.01544	0.01790	0.01001	0.01140	0.00886	0.00599	0.00468	0.00149	0.00763	0.00385	0.00324	0.04195
7	0.01509	0.01295	0.01376	0.01242	0.01455	0.09400	0.00941	0.05932	0.07279	0.06026	0.02178	0.23277	0.02240	0.09364	0.01260	0.00274	0.13571	0.00989	0.00505	0.09887
8	0.05426	0.01813	0.03431	0.10278	0.21101	0.16318	0.01461	0.11640	0.01839	0.12669	0.01506	0.01694	0.01127	0.00702	0.00631	0.00196	0.00811	0.00566	0.05844	0.00946
9	0.01305	0.01480	0.09598	0.12589	0.02301	0.01562	0.07241	0.01630	0.01245	0.01810	0.07102	0.02034	0.01482	0.01659	0.13670	0.00395	0.31135	0.00671	0.00345	0.00747
10	0.00887	0.00675	0.00815	0.00797	0.00968	0.00604	0.00592	0.01138	0.01726	0.02319	0.44701	0.11431	0.27823	0.01541	0.00797	0.00221	0.00330	0.01338	0.00691	0.00604
11	0.02145	0.01670	0.12651	0.23055	0.02830	0.01458	0.01534	0.17021	0.01939	0.26299	0.01776	0.01861	0.01200	0.00749	0.00667	0.00212	0.00766	0.00609	0.00556	0.01002
12	0.02142	0.06630	0.07167	0.01588	0.06408	0.12330	0.01281	0.09902	0.01757	0.20538	0.01569	0.01674	0.01162	0.00914	0.03498	0.00226	0.09345	0.00549	0.00500	0.10818
13	0.10020	0.01430	0.17116	0.01192	0.01531	0.01076	0.01127	0.03994	0.01235	0.01908	0.01704	0.02740	0.01623	0.18659	0.28310	0.00631	0.01139	0.03503	0.00381	0.00680
14	0.01040	0.00754	0.00950	0.01032	0.01148	0.00743	0.00752	0.08452	0.01532	0.02029	0.03576	0.55688	0.06693	0.01912	0.00844	0.00268	0.00457	0.10882	0.00627	0.00620
15	0.01841	0.01405	0.01805	0.09457	0.05100	0.07439	0.06905	0.08376	0.07667	0.16155	0.11338	0.02528	0.04808	0.01176	0.05507	0.00272	0.06032	0.00751	0.00554	0.00883
16	0.19960	0.01838	0.20537	0.01289	0.01752	0.05932	0.01283	0.04863	0.01472	0.02360	0.08131	0.04207	0.07075	0.01188	0.05408	0.00272	0.04853	0.02961	0.03840	0.00779
17	0.01372	0.01105	0.01344	0.01507	0.12018	0.03160	0.00939	0.07349	0.14855	0.02057	0.02465	0.13767	0.06632	0.18133	0.01531	0.08982	0.00607	0.00954	0.00502	0.00722
18	0.29567	0.05365	0.01902	0.01726	0.10958	0.14419	0.06881	0.09498	0.04523	0.02591	0.01195	0.01379	0.00942	0.00648	0.00557	0.00192	0.00761	0.00486	0.00417	0.05991
19	0.00968	0.00833	0.05496	0.00973	0.01121	0.00680	0.00770	0.01177	0.01474	0.02029	0.26863	0.26082	0.04358	0.09763	0.01227	0.05873	0.00470	0.08670	0.00594	0.00580
20	0.01581	0.10364	0.18319	0.09348	0.03850	0.07958	0.01397	0.03747	0.01504	0.10002	0.01988	0.20062	0.01914	0.04046	0.00785	0.00233	0.00748	0.00879	0.00454	0.00820

[dist]
# distance from previous block
# <min> <max>
0	10

[block]
# block no. 2 follows, 32 sequences, length 30
# corresponding to MSA columns:
# 157-186
name=unknown_C
#
# <colnr> <probs for GDERKNQSTAVLIFYWHMCP>
#	G	D	E	R	K	N	Q	S	T	A	V	L	I	F	Y	W	H	M	C	P
0	0.18033	0.01234	0.09714	0.02941	0.01435	0.01055	0.00943	0.01520	0.01395	0.02279	0.12004	0.10678	0.14581	0.01126	0.00763	0.00216	0.06414	0.00893	0.08357	0.04417
1	0.08774	0.27305	0.18960	0.19289	0.07787	0.01923	0.01661	0.03707	0.01408	0.01981	0.01100	0.01385	0.00876	0.00624	0.00558	0.00190	0.00812	0.00472	0.00314	0.00873
2	0.10118	0.01423	0.01788	0.10744	0.16252	0.04767	0.01323	0.09110	0.10068	0.08604	0.05846	0.02002	0.01531	0.00923	0.02890	0.00238	0.06618	0.00634	0.04215	0.00905
3	0.01487	0.01263	0.01594	0.01425	0.02920	0.07165	0.08231	0.05386	0.05022	0.05532	0.06617	0.09444	0.02615	0.01200	0.00755	0.00227	0.00668	0.23073	0.00546	0.14833
4	0.00852	0.00649	0.00795	0.00868	0.00997	0.00592	0.00632	0.01032	0.01458	0.01886	0.13044	0.35818	0.27148	0.01951	0.03184	0.00279	0.00429	0.07187	0.00628	0.00571
5	0.01992	0.01741	0.01720	0.01628	0.07398	0.12307	0.01183	0.15263	0.36671	0.05922	0.02132	0.02074	0.01598	0.00825	0.00657	0.00208	0.00682	0.00660	0.04321	0.01018
6	0.01275	0.00810	0.00956	0.00914	0.01091	0.00797	0.00667	0.09449	0.01663	0.06598	0.15905	0.24772	0.07064	0.09282	0.01006	0.00265	0.00439	0.01190	0.15187	0.00670
7	0.06381	0.34038	0.35760	0.01645	0.05942	0.02017	0.01792	0.02064	0.01383	0.01953	0.01077	0.01267	0.00858	0.00608	0.00539	0.00183	0.00838	0.00436	0.00295	0.00925
8	0.01644	0.22755	0.40568	0.01609	0.02361	0.01833	0.01866	0.02225	0.03998	0.08692	0.01306	0.01451	0.00976	0.00681	0.00682	0.00199	0.05352	0.00491	0.00352	0.00958
9	0.01014	0.00711	0.00935	0.01017	0.01104	0.00721	0.00781	0.01191	0.01272	0.01684	0.02851	0.10030	0.03147	0.29448	0.09487	0.00512	0.00740	0.32305	0.00514	0.00534
10	0.01609	0.01432	0.02374	0.03468	0.57976	0.01416	0.01777	0.01972	0.01556	0.05479	0.07175	0.02240	0.04342	0.03378	0.00777	0.00218	0.00725	0.00696	0.00402	0.00990
11	0.01925	0.04745	0.01754	0.01628	0.09123	0.14709	0.01157	0.19190	0.13217	0.05811	0.04211	0.08670	0.08992	0.00990	0.00682	0.00207	0.00707	0.00802	0.00562	0.00919
12	0.00859	0.00609	0.00798	0.00904	0.00954	0.00581	0.00605	0.00986	0.01299	0.01754	0.10571	0.55816	0.04251	0.11977	0.04413	0.00352	0.00478	0.01659	0.00595	0.00538
13	0.02343	0.00994	0.01343	0.01081	0.01483	0.00872	0.00872	0.02621	0.01914	0.50034	0.25060	0.03167	0.03173	0.01006	0.00713	0.00209	0.00489	0.00849	0.00801	0.00977
14	0.00954	0.00721	0.00887	0.00866	0.01033	0.00680	0.00641	0.01324	0.06423	0.02414	0.46770	0.15529	0.16238	0.01500	0.00794	0.00224	0.00345	0.01317	0.00699	0.00638
15	0.01256	0.00797	0.00944	0.00882	0.01113	0.00747	0.00685	0.04275	0.03754	0.09772	0.25726	0.07249	0.22036	0.01345	0.00740	0.00217	0.00396	0.05866	0.11502	0.00697
16	0.01190	0.00683	0.00921	0.00905	0.00945	0.00707	0.00607	0.01172	0.08262	0.01358	0.01470	0.02435	0.01446	0.13097	0.02535	0.60282	0.00587	0.00659	0.00349	0.00389
17	0.00830	0.00589	0.00775	0.00918	0.00954	0.00553	0.00606	0.00938	0.01260	0.01680	0.03573	0.70303	0.04279	0.07996	0.01059	0.00302	0.00410	0.01834	0.00606	0.00534
18	0.01608	0.14814	0.02854	0.15822	0.41609	0.01773	0.08149	0.01999	0.01471	0.01996	0.01201	0.01594	0.00994	0.00603	0.00636	0.00196	0.00831	0.00573	0.00319	0.00957
19	0.01390	0.01268	0.02089	0.13230	0.42235	0.01297	0.01622	0.01755	0.01555	0.02183	0.15616	0.08730	0.02385	0.00892	0.00707	0.00211	0.00680	0.00833	0.00434	0.00887
20	0.00805	0.00632	0.00728	0.00805	0.00939	0.00556	0.00566	0.00949	0.01409	0.01763	0.05268	0.40757	0.38648	0.01898	0.00824	0.00249	0.00364	0.01659	0.00623	0.00556
21	0.01841	0.01314	0.01508	0.01268	0.01598	0.01423	0.01011	0.31597	0.02180	0.09191	0.02936	0.16567	0.14276	0.01249	0.00889	0.00230	0.08412	0.00998	0.00628	0.00884
22	0.01652	0.53580	0.25515	0.01390	0.02097	0.02307	0.01570	0.02046	0.01380	0.01752	0.01019	0.01184	0.00858	0.00594	0.00496	0.00165	0.00804	0.00402	0.00286	0.00902
23	0.01499	0.01064	0.01221	0.01095	0.01369	0.01117	0.00848	0.10235	0.20333	0.07726	0.22231	0.03838	0.06375	0.09059	0.01014	0.00266	0.00501	0.05892	0.03499	0.00817
24	0.01379	0.01087	0.01788	0.01496	0.01725	0.01213	0.13099	0.01642	0.01239	0.09129	0.01667	0.02379	0.01474	0.08760	0.34554	0.00659	0.14869	0.00723	0.00397	0.00719
25	0.10060	0.14498	0.01922	0.01376	0.04901	0.01453	0.06098	0.06502	0.01548	0.13215	0.07282	0.08147	0.03505	0.05208	0.06671	0.00300	0.05233	0.00758	0.00500	0.00821
26	0.01799	0.19641	0.09766	0.13296	0.11971	0.01836	0.14356	0.08695	0.01654	0.08782	0.01349	0.01599	0.01023	0.00643	0.00633	0.00197	0.00848	0.00575	0.00392	0.00944
27	0.08022	0.55490	0.11657	0.01475	0.07884	0.02340	0.01354	0.02025	0.01366	0.01811	0.00994	0.01169	0.00866	0.00588	0.00474	0.00162	0.00742	0.00396	0.00301	0.00884
28	0.01550	0.05119	0.08067	0.01816	0.02323	0.03946	0.28327	0.04756	0.07628	0.04833	0.11388	0.02488	0.04768	0.00803	0.00704	0.00208	0.00788	0.00786	0.08846	0.00856
29	0.02082	0.01763	0.21556	0.01375	0.01937	0.01182	0.01364	0.08246	0.01725	0.32671	0.02129	0.07192	0.01621	0.05154	0.06616	0.00305	0.00793	0.00722	0.00589	0.00977

[dist]
# distance from previous block
# <min> <max>
0	8

[block]
# block no. 3 follows, 32 sequences, length 18
# corresponding to MSA columns:
# 195-212
name=unknown_D
#
# <colnr> <probs for GDERKNQSTAVLIFYWHMCP>
#	G	D	E	R	K	N	Q	S	T	A	V	L	I	F	Y	W	H	M	C	P
0	0.13902	0.01674	0.06850	0.01893	0.10897	0.09986	0.15381	0.02028	0.07438	0.02199	0.05512	0.07438	0.03534	0.07319	0.00905	0.00252	0.00784	0.00769	0.00431	0.00810
1	0.01222	0.00904	0.01053	0.01054	0.01103	0.06998	0.00755	0.01153	0.01113	0.01424	0.01856	0.15983	0.02025	0.07433	0.02011	0.39693	0.07014	0.06361	0.00392	0.00452
2	0.01453	0.01306	0.01383	0.01269	0.01515	0.15310	0.08158	0.01759	0.01603	0.02160	0.08655	0.05475	0.02535	0.01113	0.00691	0.00216	0.00662	0.18660	0.25395	0.00682
3	0.12393	0.05555	0.13534	0.01459	0.07268	0.01392	0.01221	0.07855	0.11642	0.04490	0.12039	0.02439	0.02075	0.07351	0.06213	0.00307	0.00728	0.00693	0.00495	0.00851
4	0.07747	0.01541	0.02003	0.02158	0.21189	0.07609	0.06738	0.10337	0.06363	0.13355	0.07788	0.06654	0.01846	0.00846	0.00678	0.00209	0.00713	0.00739	0.00533	0.00954
5	0.13183	0.01369	0.01297	0.01220	0.01501	0.11857	0.00956	0.13213	0.01766	0.07999	0.02445	0.23781	0.02497	0.01317	0.00722	0.00238	0.00643	0.12654	0.00576	0.00766
6	0.01773	0.07204	0.07689	0.09839	0.10813	0.11876	0.04115	0.12659	0.06318	0.02353	0.01466	0.04824	0.01212	0.00727	0.00624	0.00186	0.00790	0.00596	0.02230	0.12708
7	0.01824	0.01686	0.07433	0.01352	0.01784	0.11566	0.01158	0.08148	0.20321	0.10998	0.02563	0.03039	0.07365	0.00994	0.00692	0.00214	0.00682	0.09848	0.00581	0.07750
8	0.01682	0.11901	0.20200	0.06785	0.05015	0.07804	0.01512	0.15183	0.01819	0.02420	0.07210	0.06612	0.01618	0.00814	0.00634	0.00194	0.00779	0.00649	0.00436	0.06733
9	0.01806	0.01904	0.03319	0.02768	0.14299	0.07916	0.43684	0.11373	0.01815	0.02394	0.01349	0.01707	0.01029	0.00614	0.00739	0.00214	0.01031	0.00704	0.00384	0.00952
10	0.01458	0.02233	0.26982	0.08301	0.10171	0.07715	0.07414	0.01940	0.01483	0.02055	0.10595	0.01978	0.01629	0.00815	0.00912	0.00222	0.12224	0.00644	0.00362	0.00866
11	0.01489	0.05306	0.38331	0.02012	0.08121	0.04717	0.08946	0.02297	0.11783	0.02184	0.01620	0.02104	0.01302	0.00764	0.00676	0.00218	0.00892	0.05902	0.00382	0.00955
12	0.01671	0.01939	0.08982	0.02206	0.02791	0.07812	0.38261	0.06576	0.12510	0.02374	0.06569	0.02048	0.01537	0.00709	0.00738	0.00218	0.00950	0.00749	0.00438	0.00921
13	0.10675	0.08108	0.07122	0.01709	0.10242	0.16976	0.01301	0.06879	0.01669	0.11035	0.04388	0.01618	0.01241	0.00736	0.00718	0.00192	0.06690	0.00529	0.00443	0.07731
14	0.01774	0.01610	0.11411	0.01819	0.09672	0.04424	0.11447	0.02229	0.04394	0.17305	0.12642	0.02377	0.02048	0.00842	0.00793	0.00212	0.06014	0.00726	0.07356	0.00907
15	0.02103	0.01358	0.01633	0.10202	0.06597	0.06205	0.01141	0.16390	0.01960	0.24133	0.07770	0.06966	0.01991	0.07394	0.00924	0.00248	0.00678	0.00776	0.00611	0.00922
16	0.01030	0.00887	0.01221	0.01115	0.01317	0.00926	0.05803	0.01387	0.06909	0.01905	0.09679	0.11981	0.26105	0.02297	0.17786	0.00433	0.06909	0.01125	0.00529	0.00655
17	0.07202	0.01509	0.12618	0.01434	0.03525	0.01369	0.01261	0.02070	0.10816	0.10034	0.02016	0.12889	0.01821	0.01093	0.01027	0.00240	0.17976	0.03453	0.06815	0.00832

[dist]
# distance from previous block
# <min> <max>
20	82

[block]
# block no. 4 follows, 32 sequences, length 14
# corresponding to MSA columns:
# 295-308
name=unknown_E
#
# <colnr> <probs for GDERKNQSTAVLIFYWHMCP>
#	G	D	E	R	K	N	Q	S	T	A	V	L	I	F	Y	W	H	M	C	P
0	0.07014	0.01279	0.04793	0.01136	0.01441	0.09054	0.03033	0.01833	0.07441	0.11105	0.03549	0.23498	0.19465	0.01355	0.00731	0.00229	0.00567	0.01151	0.00583	0.00744
1	0.01337	0.00869	0.01022	0.00954	0.01195	0.00835	0.00729	0.03907	0.09403	0.12271	0.14407	0.09759	0.23671	0.09651	0.01063	0.00278	0.00465	0.06812	0.00654	0.00719
2	0.01729	0.08685	0.13415	0.09652	0.07896	0.09872	0.15113	0.06397	0.01597	0.05163	0.01367	0.01864	0.01116	0.00764	0.00842	0.00218	0.09086	0.03963	0.00374	0.00887
3	0.01591	0.07207	0.05117	0.06930	0.12854	0.06671	0.05642	0.13568	0.01761	0.02270	0.02607	0.06000	0.17125	0.01004	0.00808	0.00214	0.06504	0.00819	0.00460	0.00845
4	0.00977	0.00707	0.00983	0.00990	0.01127	0.00781	0.00771	0.01220	0.01188	0.01711	0.02496	0.03285	0.09891	0.04038	0.54011	0.00844	0.01413	0.03810	0.09159	0.00599
5	0.01376	0.01164	0.01703	0.09677	0.09542	0.01187	0.08288	0.12480	0.01811	0.02383	0.09300	0.04268	0.17988	0.01209	0.00773	0.00235	0.00651	0.14638	0.00544	0.00783
6	0.01816	0.08059	0.21009	0.02246	0.13682	0.14305	0.11519	0.09931	0.03218	0.02242	0.01249	0.01499	0.00972	0.00678	0.00728	0.00204	0.04776	0.00556	0.00364	0.00949
7	0.01773	0.02148	0.13991	0.02632	0.22136	0.10331	0.18037	0.08365	0.09496	0.02355	0.01444	0.01693	0.01111	0.00661	0.00686	0.00208	0.00923	0.00626	0.00397	0.00986
8	0.00989	0.00925	0.00846	0.00877	0.01056	0.08590	0.00633	0.01142	0.01491	0.01762	0.05162	0.28372	0.42313	0.01719	0.00793	0.00236	0.00451	0.01467	0.00593	0.00583
9	0.01798	0.01573	0.13715	0.07068	0.16574	0.01275	0.01529	0.02187	0.01603	0.21192	0.09702	0.02681	0.02000	0.00920	0.00832	0.00225	0.07042	0.06627	0.00524	0.00934
10	0.01728	0.11251	0.17880	0.10447	0.21413	0.11635	0.07880	0.06199	0.01617	0.02094	0.01201	0.01500	0.00948	0.00634	0.00635	0.00197	0.00923	0.00542	0.00335	0.00940
11	0.01592	0.10323	0.24522	0.01398	0.01965	0.07580	0.01427	0.02278	0.13970	0.08686	0.02615	0.05760	0.13213	0.00944	0.00659	0.00209	0.00723	0.00755	0.00484	0.00895
12	0.02097	0.00971	0.01247	0.01010	0.01385	0.00843	0.00788	0.02312	0.01675	0.40504	0.09082	0.03290	0.10590	0.13085	0.01124	0.00272	0.00527	0.00836	0.00693	0.07670
13	0.01773	0.01775	0.13887	0.04139	0.26951	0.01478	0.07746	0.05993	0.08026	0.12229	0.01655	0.01883	0.01252	0.01054	0.06900	0.00283	0.00886	0.00635	0.00447	0.01006

[dist]
# distance from previous block
# <min> <max>
0	3

[block]
# block no. 5 follows, 32 sequences, length 15
# corresponding to MSA columns:
# 312-326
name=unknown_F
#
# <colnr> <probs for GDERKNQSTAVLIFYWHMCP>
#	G	D	E	R	K	N	Q	S	T	A	V	L	I	F	Y	W	H	M	C	P
0	0.13295	0.13058	0.02398	0.04649	0.02213	0.01773	0.16823	0.16702	0.03437	0.03969	0.01503	0.02026	0.01249	0.01025	0.05001	0.00264	0.03854	0.05429	0.00450	0.00880
1	0.13938	0.08798	0.16861	0.07075	0.12822	0.01544	0.01497	0.02081	0.04058	0.08133	0.01401	0.01653	0.01087	0.00910	0.04166	0.00247	0.06168	0.00537	0.06143	0.00883
2	0.39589	0.13277	0.01745	0.11806	0.02020	0.10339	0.01083	0.09233	0.01509	0.02567	0.01055	0.01259	0.00832	0.00650	0.00504	0.00195	0.00710	0.00430	0.00397	0.00800
3	0.26642	0.01131	0.01127	0.00999	0.01322	0.01225	0.00789	0.09975	0.11788	0.02906	0.24657	0.03142	0.09731	0.01032	0.00642	0.00213	0.00464	0.00825	0.00609	0.00779
4	0.01420	0.01259	0.01890	0.02566	0.37215	0.01281	0.01389	0.01976	0.12289	0.02240	0.13826	0.02888	0.04667	0.10961	0.01061	0.00267	0.00639	0.00806	0.00475	0.00885
5	0.12184	0.01081	0.01392	0.01134	0.01461	0.01120	0.11366	0.11625	0.01652	0.02765	0.01808	0.02076	0.01394	0.00730	0.00541	0.00181	0.00529	0.00613	0.45590	0.00757
6	0.01032	0.00826	0.01242	0.01090	0.01236	0.00827	0.09809	0.01185	0.01145	0.01535	0.02473	0.03857	0.10030	0.40387	0.19831	0.00649	0.00957	0.00939	0.00411	0.00538
7	0.01664	0.00862	0.01133	0.01000	0.01274	0.00789	0.00772	0.02007	0.05078	0.26313	0.35243	0.14251	0.04270	0.01272	0.00756	0.00220	0.00424	0.01110	0.00750	0.00813
8	0.01166	0.01051	0.01189	0.01165	0.01315	0.10592	0.00900	0.01396	0.01189	0.01569	0.01696	0.02445	0.01569	0.04451	0.63971	0.00957	0.01719	0.00681	0.00358	0.00623
9	0.01709	0.01381	0.01562	0.01145	0.01725	0.01220	0.00927	0.20409	0.01875	0.02746	0.01307	0.01452	0.01034	0.00581	0.00545	0.00127	0.00563	0.00454	0.00473	0.58767
10	0.02291	0.01227	0.01481	0.01200	0.01611	0.01247	0.00974	0.21046	0.05350	0.30927	0.02187	0.02189	0.01548	0.01383	0.10424	0.00316	0.00742	0.00658	0.12209	0.00990
11	0.13579	0.04793	0.14100	0.01331	0.01878	0.01512	0.01256	0.22693	0.02066	0.17347	0.11029	0.02072	0.01819	0.00821	0.00635	0.00204	0.00659	0.00636	0.00592	0.00976
12	0.01423	0.01007	0.01183	0.01275	0.06704	0.04347	0.00880	0.09640	0.01652	0.07357	0.02894	0.32039	0.05075	0.01417	0.00734	0.00231	0.00520	0.06987	0.13906	0.00731
13	0.01753	0.01290	0.01427	0.01225	0.01640	0.01357	0.00963	0.03023	0.44594	0.13285	0.02897	0.02695	0.08463	0.00917	0.00667	0.00207	0.00514	0.00760	0.00661	0.11660
14	0.01533	0.12164	0.01713	0.01046	0.01623	0.01199	0.00870	0.01911	0.05487	0.05042	0.01305	0.01448	0.01064	0.00546	0.00506	0.00118	0.00534	0.00424	0.00416	0.61052

[dist]
# distance from previous block
# <min> <max>
0	4

[block]
# block no. 6 follows, 32 sequences, length 13
# corresponding to MSA columns:
# 331-343
name=unknown_G
#
# <colnr> <probs for GDERKNQSTAVLIFYWHMCP>
#	G	D	E	R	K	N	Q	S	T	A	V	L	I	F	Y	W	H	M	C	P
0	0.04823	0.01314	0.01189	0.01100	0.01284	0.15542	0.00809	0.08794	0.01450	0.01917	0.01549	0.02284	0.01423	0.12662	0.13729	0.17552	0.00903	0.00630	0.10437	0.00608
1	0.64023	0.01167	0.00967	0.00874	0.01235	0.01319	0.00707	0.01822	0.01304	0.02942	0.16091	0.01928	0.01924	0.00783	0.00496	0.00208	0.00476	0.00545	0.00484	0.00707
2	0.09344	0.01035	0.01294	0.01060	0.01440	0.00971	0.00852	0.06375	0.01915	0.37026	0.27437	0.03121	0.03232	0.01006	0.00693	0.00208	0.00484	0.00837	0.00750	0.00920
3	0.01286	0.00767	0.00817	0.00717	0.00984	0.00693	0.00551	0.01595	0.01403	0.02423	0.01940	0.02224	0.01538	0.00711	0.00476	0.00142	0.00359	0.00568	0.60211	0.20595
4	0.01725	0.17198	0.01710	0.01077	0.01452	0.01337	0.00897	0.02297	0.14857	0.18339	0.23783	0.03167	0.07425	0.01012	0.00667	0.00200	0.00502	0.00835	0.00645	0.00875
5	0.02209	0.01624	0.01775	0.01394	0.01850	0.01772	0.01138	0.55313	0.02887	0.03900	0.16623	0.02338	0.02250	0.00926	0.00697	0.00203	0.00648	0.00734	0.00686	0.01033
6	0.10858	0.01039	0.01330	0.01105	0.01511	0.00947	0.00881	0.02633	0.01702	0.50117	0.02689	0.17901	0.02155	0.01080	0.00686	0.00221	0.00527	0.00905	0.00742	0.00970
7	0.81159	0.01298	0.00986	0.00882	0.01298	0.01505	0.00727	0.01972	0.01142	0.03010	0.00934	0.01090	0.00727	0.00623	0.00415	0.00208	0.00519	0.00363	0.00415	0.00727
8	0.02665	0.01153	0.01522	0.01151	0.01687	0.00967	0.00945	0.02932	0.01807	0.57634	0.02336	0.02093	0.01518	0.00759	0.00637	0.00184	0.00555	0.00616	0.00738	0.18100
9	0.01576	0.01694	0.16986	0.01505	0.02045	0.01242	0.12766	0.11624	0.01829	0.10845	0.09501	0.03269	0.20152	0.01019	0.00728	0.00216	0.00695	0.00890	0.00545	0.00872
10	0.01515	0.01682	0.17309	0.01916	0.16850	0.01275	0.01456	0.02236	0.15727	0.09263	0.08529	0.09767	0.07595	0.00994	0.00703	0.00219	0.00646	0.00861	0.00529	0.00928
11	0.01992	0.01409	0.01617	0.01201	0.01767	0.01294	0.00978	0.24157	0.02039	0.12572	0.01529	0.01586	0.01134	0.00643	0.00578	0.00148	0.00586	0.00503	0.00546	0.43722
12	0.01375	0.01026	0.01464	0.01244	0.01485	0.01079	0.09051	0.01717	0.06181	0.09423	0.02993	0.03582	0.16727	0.12198	0.06043	0.00347	0.11302	0.03640	0.08411	0.00713

[dist]
# distance from previous block
# <min> <max>
0	29

# created by:
# /home/berkeley/.conda/envs/busco_data_prod/bin/msa2prfl.pl pipeline/OGs_align_augustus/5794/13630.fs
