[name]
unknown

[dist]
# distance from previous block
# <min> <max>
0	4

[block]
# block no. 0 follows, 28 sequences, length 18
# corresponding to MSA columns:
# 4-21
name=unknown_A
#
# <colnr> <probs for GDERKNQSTAVLIFYWHMCP>
#	G	D	E	R	K	N	Q	S	T	A	V	L	I	F	Y	W	H	M	C	P
0	0.01410	0.01010	0.01214	0.01096	0.01350	0.01036	0.00863	0.14790	0.02130	0.02980	0.33544	0.04430	0.08373	0.01833	0.09179	0.00341	0.00649	0.05500	0.07484	0.00787
1	0.01964	0.62237	0.03390	0.01254	0.01815	0.08910	0.01197	0.02202	0.01534	0.01800	0.01134	0.01308	0.01011	0.00652	0.00487	0.00160	0.00789	0.00420	0.06833	0.00903
2	0.01428	0.01349	0.02280	0.63841	0.13439	0.01630	0.02046	0.01906	0.01480	0.01924	0.01302	0.01920	0.00993	0.00716	0.00726	0.00239	0.00955	0.00646	0.00328	0.00852
3	0.01755	0.01501	0.01604	0.01468	0.01858	0.01727	0.01152	0.03666	0.63027	0.02969	0.03033	0.03169	0.02383	0.01071	0.00762	0.00254	0.00583	0.06174	0.00734	0.01110
4	0.06489	0.08252	0.11184	0.06573	0.04937	0.13973	0.06092	0.07229	0.01870	0.20059	0.01665	0.01775	0.01194	0.00788	0.00772	0.00220	0.04785	0.00603	0.00519	0.01024
5	0.01392	0.18407	0.28396	0.01403	0.02000	0.01558	0.01533	0.01839	0.01545	0.02116	0.13634	0.02972	0.06465	0.12453	0.01152	0.00289	0.00779	0.00782	0.00437	0.00847
6	0.01047	0.00700	0.00796	0.00806	0.00809	0.00698	0.00455	0.01054	0.01078	0.01437	0.02395	0.08984	0.02775	0.70046	0.03530	0.00680	0.00687	0.01119	0.00455	0.00450
7	0.01220	0.00831	0.01102	0.01194	0.04106	0.00843	0.00803	0.01364	0.01387	0.06254	0.06555	0.27586	0.03536	0.25996	0.01923	0.00426	0.05057	0.08603	0.00582	0.00633
8	0.07506	0.06818	0.06004	0.11031	0.11362	0.11149	0.07477	0.07500	0.04263	0.12718	0.01633	0.01862	0.01227	0.01035	0.05061	0.00277	0.00969	0.00629	0.00484	0.00995
9	0.01634	0.01738	0.18429	0.01578	0.02099	0.01176	0.11224	0.02036	0.01579	0.15088	0.02796	0.09358	0.10288	0.11264	0.06094	0.00368	0.00876	0.00968	0.00531	0.00877
10	0.01443	0.00843	0.01057	0.00946	0.01217	0.00746	0.00730	0.01732	0.01958	0.16533	0.39596	0.05232	0.22221	0.01458	0.00832	0.00232	0.00406	0.01252	0.00788	0.00780
11	0.02224	0.07783	0.34390	0.01763	0.02536	0.14377	0.01903	0.02749	0.01779	0.21165	0.01688	0.01731	0.01169	0.00755	0.00680	0.00216	0.00971	0.00569	0.00485	0.01068
12	0.06850	0.01516	0.02509	0.40864	0.18256	0.01707	0.09349	0.06257	0.01639	0.02291	0.01339	0.01848	0.01028	0.00703	0.00722	0.00234	0.00937	0.00654	0.00371	0.00927
13	0.01905	0.01622	0.01581	0.01425	0.01680	0.14918	0.01089	0.14346	0.01896	0.08274	0.02304	0.21654	0.02308	0.06421	0.07046	0.00355	0.08728	0.01044	0.00568	0.00836
14	0.11219	0.18438	0.02325	0.01449	0.01971	0.02182	0.01238	0.29167	0.09381	0.05427	0.01587	0.01654	0.01213	0.00817	0.00736	0.00210	0.05407	0.00573	0.00568	0.04440
15	0.06898	0.01962	0.01806	0.06462	0.07721	0.21484	0.01246	0.11103	0.01942	0.07174	0.04134	0.05824	0.01604	0.05612	0.00870	0.00232	0.00856	0.00684	0.00503	0.11884
16	0.18112	0.03669	0.04784	0.01335	0.01765	0.10223	0.01108	0.14412	0.09349	0.07438	0.15328	0.05082	0.02483	0.00989	0.00687	0.00223	0.00685	0.00772	0.00621	0.00936
17	0.06490	0.02161	0.06593	0.12876	0.02625	0.20879	0.03877	0.06848	0.11403	0.16381	0.01826	0.01906	0.01316	0.00805	0.00697	0.00221	0.00920	0.00627	0.00547	0.01004

[dist]
# distance from previous block
# <min> <max>
4	15

[block]
# block no. 1 follows, 28 sequences, length 72
# corresponding to MSA columns:
# 61-132
name=unknown_B
#
# <colnr> <probs for GDERKNQSTAVLIFYWHMCP>
#	G	D	E	R	K	N	Q	S	T	A	V	L	I	F	Y	W	H	M	C	P
0	0.02040	0.01847	0.02199	0.12517	0.09150	0.09061	0.05176	0.20985	0.07252	0.02886	0.01534	0.01769	0.01182	0.00767	0.00768	0.00206	0.04159	0.00615	0.00502	0.15383
1	0.01840	0.01951	0.02041	0.11798	0.20930	0.22278	0.01500	0.02149	0.01726	0.02102	0.08673	0.02286	0.01796	0.07086	0.00953	0.00243	0.00909	0.00679	0.00420	0.08637
2	0.01980	0.08943	0.09219	0.09151	0.02350	0.04926	0.01428	0.21694	0.10608	0.05506	0.07441	0.02472	0.06528	0.00955	0.00778	0.00225	0.03462	0.00744	0.00579	0.01012
3	0.07793	0.07543	0.01642	0.01244	0.01592	0.04428	0.02850	0.02059	0.06277	0.10843	0.06974	0.03160	0.09741	0.06622	0.08450	0.00354	0.06480	0.03028	0.00547	0.08373
4	0.01900	0.09608	0.23897	0.02125	0.02873	0.09090	0.21385	0.02576	0.06822	0.08241	0.01570	0.01775	0.01159	0.00704	0.00718	0.00220	0.01022	0.00647	0.00421	0.03247
5	0.13511	0.26777	0.02417	0.01604	0.08888	0.10740	0.01207	0.04649	0.04585	0.02267	0.01494	0.08416	0.01392	0.00826	0.00588	0.00191	0.00755	0.00622	0.00427	0.08646
6	0.02279	0.02054	0.02083	0.04956	0.04978	0.14688	0.04373	0.29444	0.16189	0.03249	0.01990	0.06910	0.01610	0.00944	0.00736	0.00226	0.00851	0.00762	0.00612	0.01067
7	0.01918	0.02264	0.13392	0.02465	0.03128	0.04713	0.34774	0.15581	0.01987	0.02702	0.01434	0.01789	0.01081	0.00752	0.00958	0.00243	0.08642	0.00730	0.00427	0.01022
8	0.00999	0.00700	0.00823	0.00847	0.00907	0.00670	0.00534	0.01094	0.01334	0.01778	0.13177	0.18465	0.10697	0.42035	0.02443	0.00507	0.00561	0.01340	0.00564	0.00524
9	0.07746	0.13352	0.12332	0.01863	0.02413	0.40075	0.07891	0.02604	0.01810	0.02002	0.01159	0.01376	0.00939	0.00704	0.00639	0.00197	0.01140	0.00499	0.00360	0.00898
10	0.01792	0.01895	0.19350	0.01693	0.02262	0.01344	0.10299	0.07088	0.06471	0.14783	0.06589	0.16226	0.02444	0.01151	0.00793	0.00247	0.00773	0.03225	0.00597	0.00977
11	0.01572	0.25093	0.08035	0.01446	0.01899	0.01741	0.08062	0.08780	0.01673	0.02170	0.02313	0.21704	0.04866	0.03927	0.03315	0.00275	0.00776	0.01021	0.00483	0.00848
12	0.02993	0.01273	0.01670	0.01296	0.01823	0.01155	0.01064	0.10024	0.02218	0.57008	0.09195	0.02684	0.02230	0.00954	0.00743	0.00225	0.00611	0.00779	0.00872	0.01184
13	0.02417	0.14399	0.02659	0.08619	0.02604	0.09308	0.10387	0.24550	0.02317	0.13314	0.01646	0.01761	0.01195	0.00771	0.00694	0.00211	0.00896	0.00628	0.00558	0.01067
14	0.01721	0.10077	0.27900	0.09210	0.12787	0.09050	0.01976	0.06718	0.01740	0.02314	0.04480	0.05829	0.01468	0.00824	0.00695	0.00220	0.00938	0.00671	0.00396	0.00987
15	0.00914	0.00729	0.00824	0.00857	0.01053	0.00639	0.00644	0.01125	0.01673	0.02100	0.15370	0.17500	0.44818	0.01874	0.00882	0.00259	0.00399	0.07023	0.00692	0.00625
16	0.27333	0.01498	0.01636	0.01611	0.08813	0.01699	0.01159	0.16082	0.11781	0.03129	0.01660	0.01879	0.01311	0.01395	0.09629	0.00347	0.04038	0.00609	0.03438	0.00953
17	0.01800	0.08022	0.13950	0.02310	0.13934	0.14967	0.11467	0.02412	0.08899	0.02256	0.05888	0.07360	0.01789	0.00877	0.00730	0.00222	0.00935	0.00772	0.00443	0.00966
18	0.01545	0.02849	0.44768	0.02006	0.02834	0.01540	0.11619	0.04763	0.01639	0.05453	0.01821	0.12447	0.01579	0.00933	0.00754	0.00241	0.00967	0.00825	0.00414	0.01002
19	0.00926	0.00670	0.00885	0.01042	0.01117	0.00629	0.00740	0.01088	0.01452	0.01911	0.04216	0.59488	0.09223	0.02207	0.00934	0.00298	0.00455	0.11440	0.00674	0.00604
20	0.02209	0.02280	0.07095	0.01933	0.02314	0.19648	0.08187	0.11312	0.01857	0.09169	0.01375	0.01663	0.01086	0.00940	0.01280	0.00248	0.25381	0.00621	0.00451	0.00950
21	0.02209	0.01660	0.02312	0.15671	0.23473	0.01780	0.01702	0.22031	0.06923	0.12271	0.01784	0.01965	0.01307	0.00788	0.00726	0.00225	0.00810	0.00673	0.00564	0.01125
22	0.13584	0.01311	0.01401	0.01230	0.01617	0.01417	0.00967	0.09107	0.24716	0.14538	0.02565	0.09806	0.02061	0.01030	0.00682	0.00231	0.00554	0.00837	0.11349	0.00996
23	0.07061	0.09771	0.05017	0.11256	0.08012	0.12438	0.05253	0.27060	0.02313	0.03036	0.01409	0.01619	0.01071	0.00757	0.00677	0.00212	0.00921	0.00588	0.00496	0.01034
24	0.01441	0.01097	0.01615	0.01433	0.01713	0.01078	0.10746	0.08323	0.06747	0.07076	0.03439	0.39513	0.07361	0.01660	0.00868	0.00270	0.00610	0.03553	0.00655	0.00805
25	0.01743	0.01670	0.02849	0.13441	0.61378	0.01712	0.02203	0.02182	0.01629	0.02307	0.01357	0.01817	0.01127	0.00658	0.00721	0.00219	0.00877	0.00647	0.00355	0.01106
26	0.00882	0.00645	0.00831	0.00979	0.01046	0.00593	0.00660	0.01016	0.01423	0.01868	0.04407	0.65993	0.12535	0.02225	0.00920	0.00289	0.00415	0.02003	0.00675	0.00593
27	0.01925	0.09788	0.11100	0.02345	0.09941	0.06769	0.20751	0.13525	0.06384	0.02615	0.01547	0.01840	0.01204	0.01047	0.05722	0.00287	0.01062	0.00678	0.00442	0.01027
28	0.01543	0.03149	0.48605	0.16328	0.03491	0.06604	0.05823	0.02256	0.01565	0.02177	0.01298	0.01622	0.00941	0.00698	0.00704	0.00230	0.01078	0.00571	0.00318	0.00999
29	0.00886	0.00633	0.00843	0.01012	0.01054	0.00590	0.00675	0.01012	0.01392	0.01856	0.04006	0.73979	0.04808	0.02277	0.00928	0.00295	0.00422	0.02066	0.00675	0.00590
30	0.06021	0.02200	0.12221	0.01884	0.08752	0.12103	0.01533	0.16404	0.08795	0.19970	0.01919	0.01908	0.01355	0.00814	0.00700	0.00220	0.00844	0.00632	0.00608	0.01116
31	0.01757	0.01791	0.09891	0.25670	0.23955	0.01640	0.13182	0.02265	0.01630	0.08962	0.01503	0.01911	0.01125	0.00697	0.00744	0.00232	0.00957	0.00680	0.00397	0.01012
32	0.00980	0.00659	0.00816	0.00932	0.01004	0.00624	0.00632	0.01134	0.01398	0.01950	0.03764	0.50299	0.07789	0.09779	0.01161	0.00319	0.00444	0.03476	0.12249	0.00591
33	0.02228	0.01103	0.01424	0.01166	0.01559	0.01024	0.00933	0.09279	0.02210	0.33854	0.32062	0.03697	0.03965	0.01155	0.00786	0.00226	0.00516	0.00980	0.00838	0.00995
34	0.01565	0.01488	0.02527	0.41957	0.34254	0.01666	0.02114	0.02026	0.01544	0.02090	0.01326	0.01875	0.01051	0.00691	0.00724	0.00230	0.00921	0.00647	0.00340	0.00962
35	0.01786	0.01791	0.03359	0.10588	0.24013	0.01793	0.32090	0.08518	0.01818	0.02492	0.01461	0.01915	0.01138	0.00807	0.02928	0.00261	0.01068	0.00749	0.00396	0.01030
36	0.09205	0.01458	0.02174	0.31798	0.23394	0.01637	0.01767	0.08849	0.01704	0.02505	0.01427	0.01869	0.01110	0.00724	0.00679	0.00224	0.00827	0.00626	0.07081	0.00942
37	0.47740	0.01667	0.01530	0.01253	0.01757	0.01889	0.01034	0.29231	0.02141	0.03808	0.01316	0.01415	0.00973	0.00757	0.00565	0.00222	0.00661	0.00502	0.00565	0.00973
38	0.00867	0.00706	0.00768	0.00817	0.01003	0.00607	0.00588	0.01034	0.01579	0.01932	0.06383	0.26558	0.50695	0.01968	0.00879	0.00260	0.00384	0.01690	0.00675	0.00607
39	0.01046	0.00750	0.01020	0.01020	0.01098	0.00828	0.00724	0.01203	0.01124	0.01578	0.02083	0.03607	0.02143	0.32722	0.44749	0.00985	0.01456	0.00889	0.00410	0.00567
40	0.01864	0.02170	0.08376	0.12176	0.02387	0.25307	0.01396	0.08935	0.01984	0.02363	0.14777	0.10553	0.02557	0.01070	0.00747	0.00223	0.00895	0.00867	0.00514	0.00842
41	0.01943	0.74891	0.03809	0.01244	0.01866	0.02876	0.01244	0.02177	0.01477	0.01710	0.01011	0.01166	0.00933	0.00622	0.00466	0.00155	0.00777	0.00389	0.00311	0.00933
42	0.02027	0.02268	0.02368	0.16632	0.22637	0.27724	0.01794	0.02341	0.01692	0.01966	0.01205	0.01616	0.01008	0.00786	0.00925	0.00224	0.10933	0.00579	0.00352	0.00920
43	0.01970	0.01642	0.01735	0.01512	0.01952	0.01884	0.01190	0.14655	0.57550	0.03302	0.02753	0.02548	0.02052	0.00967	0.00738	0.00242	0.00613	0.00793	0.00738	0.01165
44	0.02712	0.09546	0.02285	0.01610	0.02158	0.11264	0.05893	0.24446	0.02416	0.25378	0.01995	0.03798	0.01435	0.00857	0.00706	0.00214	0.00827	0.00678	0.00666	0.01116
45	0.01739	0.02212	0.18959	0.02484	0.07703	0.01772	0.27471	0.06750	0.01704	0.05404	0.01579	0.05872	0.01293	0.00847	0.01004	0.00249	0.10760	0.00787	0.00412	0.00997
46	0.01025	0.00805	0.00869	0.00856	0.01096	0.00724	0.00640	0.01365	0.06809	0.04231	0.12547	0.13385	0.49527	0.01758	0.00853	0.00248	0.00395	0.01489	0.00699	0.00678
47	0.01797	0.02925	0.34032	0.02287	0.03082	0.09124	0.20824	0.08643	0.01800	0.02444	0.01356	0.01657	0.01007	0.00725	0.00834	0.00234	0.05196	0.00639	0.00373	0.01023
48	0.05458	0.10215	0.20621	0.17304	0.03165	0.05784	0.12595	0.02142	0.01511	0.02121	0.01275	0.01671	0.00995	0.00747	0.00858	0.00231	0.08543	0.00602	0.03247	0.00915
49	0.00886	0.00633	0.00843	0.01012	0.01054	0.00590	0.00675	0.01012	0.01392	0.01856	0.04006	0.73979	0.04808	0.02277	0.00928	0.00295	0.00422	0.02066	0.00675	0.00590
50	0.01633	0.01396	0.01484	0.01347	0.01717	0.01575	0.01043	0.03327	0.55169	0.02916	0.09855	0.03423	0.09720	0.01124	0.00764	0.00245	0.00531	0.00944	0.00739	0.01049
51	0.06691	0.11499	0.09769	0.01425	0.01864	0.11552	0.01264	0.12696	0.01780	0.05376	0.01613	0.02123	0.01384	0.08264	0.19082	0.00493	0.01164	0.00633	0.00453	0.00875
52	0.01574	0.14825	0.50134	0.02088	0.03039	0.01900	0.12085	0.02286	0.01552	0.02212	0.01282	0.01539	0.00950	0.00668	0.00680	0.00221	0.01050	0.00561	0.00317	0.01038
53	0.00914	0.00739	0.00812	0.00793	0.01015	0.00637	0.00595	0.01149	0.01785	0.02269	0.27294	0.06494	0.49504	0.01727	0.00859	0.00240	0.00360	0.01464	0.00715	0.00637
54	0.01748	0.01675	0.02858	0.12674	0.62108	0.01714	0.02205	0.02186	0.01631	0.02313	0.01358	0.01816	0.01129	0.00657	0.00720	0.00219	0.00876	0.00647	0.00355	0.01110
55	0.05461	0.01932	0.09480	0.02807	0.25156	0.01758	0.13533	0.13842	0.05751	0.07927	0.01653	0.01904	0.01251	0.00891	0.03193	0.00259	0.00928	0.00685	0.00488	0.01101
56	0.12387	0.09160	0.01752	0.01263	0.01722	0.01733	0.01041	0.23607	0.13164	0.05097	0.03155	0.03053	0.17798	0.01073	0.00697	0.00224	0.00620	0.00833	0.00641	0.00980
57	0.00892	0.00709	0.00801	0.00838	0.01017	0.00618	0.00605	0.01084	0.01645	0.02077	0.15748	0.24904	0.42687	0.01906	0.00877	0.00256	0.00379	0.01645	0.00694	0.00618
58	0.02017	0.01840	0.01750	0.01547	0.01971	0.10246	0.01205	0.10405	0.53778	0.03050	0.02611	0.02442	0.01962	0.00946	0.00728	0.00236	0.00687	0.00762	0.00694	0.01122
59	0.01837	0.22790	0.17835	0.01469	0.02057	0.04925	0.01470	0.05555	0.07538	0.09038	0.07287	0.02117	0.01748	0.01395	0.09580	0.00325	0.00947	0.00637	0.00480	0.00969
60	0.01978	0.01075	0.01328	0.01189	0.01522	0.01034	0.00912	0.06962	0.10276	0.26651	0.03660	0.27411	0.09939	0.01479	0.00813	0.00253	0.00532	0.01278	0.00767	0.00939
61	0.02533	0.02571	0.02010	0.01720	0.02171	0.33129	0.01341	0.24707	0.17063	0.02992	0.01733	0.01762	0.01317	0.00842	0.00698	0.00211	0.00979	0.00608	0.00572	0.01042
62	0.02294	0.02614	0.09057	0.01662	0.02112	0.32668	0.01402	0.16943	0.04668	0.02615	0.01678	0.01833	0.03269	0.00848	0.00747	0.00207	0.04296	0.00595	0.09555	0.00937
63	0.01953	0.07579	0.02488	0.22213	0.23128	0.09185	0.01787	0.13432	0.06647	0.02539	0.01469	0.01792	0.01151	0.00740	0.00698	0.00218	0.00902	0.00622	0.00437	0.01021
64	0.00934	0.00731	0.00851	0.00908	0.01066	0.00667	0.00647	0.01198	0.04662	0.02080	0.13106	0.34830	0.31802	0.01944	0.00882	0.00264	0.00397	0.01700	0.00693	0.00637
65	0.01791	0.52602	0.24766	0.01503	0.02267	0.02504	0.01696	0.02216	0.01495	0.01896	0.01103	0.01282	0.00929	0.00643	0.00537	0.00179	0.00870	0.00435	0.00310	0.00977
66	0.02068	0.01396	0.04156	0.01358	0.01762	0.01381	0.01115	0.15033	0.14690	0.19482	0.08832	0.10502	0.04553	0.01494	0.06244	0.00312	0.02939	0.00949	0.00717	0.01017
67	0.00946	0.00663	0.00842	0.00944	0.00987	0.00630	0.00613	0.01059	0.01366	0.01838	0.09878	0.48667	0.04422	0.21684	0.01669	0.00399	0.00491	0.01721	0.00624	0.00559
68	0.01725	0.05455	0.37594	0.01979	0.02793	0.01715	0.11811	0.09216	0.06550	0.05746	0.06915	0.02039	0.01580	0.00788	0.00729	0.00229	0.00944	0.00682	0.00457	0.01054
69	0.09418	0.01843	0.04798	0.02549	0.16537	0.04224	0.19584	0.06636	0.14223	0.05178	0.01698	0.01936	0.01303	0.00776	0.00850	0.00238	0.05982	0.00706	0.00480	0.01039
70	0.01694	0.01510	0.01899	0.15875	0.09852	0.08276	0.01466	0.08735	0.01691	0.04900	0.02009	0.05865	0.04839	0.01729	0.11560	0.00388	0.11818	0.04574	0.00460	0.00858
71	0.05746	0.01312	0.01409	0.01214	0.01593	0.08370	0.00958	0.02580	0.06649	0.29832	0.18232	0.06673	0.07936	0.01178	0.00766	0.00231	0.00597	0.03014	0.00757	0.00951

[dist]
# distance from previous block
# <min> <max>
0	7

[block]
# block no. 2 follows, 28 sequences, length 55
# corresponding to MSA columns:
# 140-194
name=unknown_C
#
# <colnr> <probs for GDERKNQSTAVLIFYWHMCP>
#	G	D	E	R	K	N	Q	S	T	A	V	L	I	F	Y	W	H	M	C	P
0	0.23390	0.01307	0.01362	0.09069	0.01787	0.05150	0.01007	0.04867	0.01427	0.02301	0.02328	0.02930	0.11992	0.13024	0.05354	0.00370	0.10374	0.00777	0.00458	0.00725
1	0.25273	0.05553	0.01956	0.20634	0.09348	0.05167	0.01423	0.14611	0.01840	0.02883	0.04012	0.01728	0.01216	0.00757	0.00631	0.00222	0.00785	0.00576	0.00463	0.00921
2	0.02292	0.02717	0.05719	0.01882	0.02322	0.40367	0.08692	0.11091	0.02039	0.02223	0.01378	0.01686	0.01127	0.01460	0.11439	0.00349	0.01318	0.00587	0.00419	0.00892
3	0.16025	0.07137	0.15471	0.01592	0.05833	0.06673	0.01418	0.09301	0.01670	0.02573	0.01365	0.01662	0.01107	0.01403	0.11355	0.00342	0.00983	0.00535	0.00420	0.13138
4	0.01837	0.07110	0.03529	0.02498	0.03032	0.01940	0.40828	0.02283	0.01585	0.08082	0.01434	0.01858	0.01115	0.00798	0.01188	0.00254	0.18517	0.00759	0.00398	0.00955
5	0.08691	0.09738	0.01950	0.01402	0.01870	0.01907	0.01167	0.34534	0.09482	0.03551	0.04410	0.04810	0.01822	0.00980	0.00689	0.00222	0.00683	0.04749	0.06305	0.01038
6	0.01745	0.01978	0.10042	0.29121	0.28172	0.08545	0.02076	0.05668	0.01701	0.02235	0.01329	0.01771	0.01042	0.00704	0.00713	0.00225	0.00966	0.00618	0.00361	0.00990
7	0.01580	0.01587	0.02932	0.02586	0.13486	0.01557	0.32168	0.02309	0.12183	0.02463	0.09495	0.09980	0.02311	0.00948	0.00825	0.00244	0.00884	0.00996	0.00505	0.00961
8	0.01590	0.01590	0.02226	0.01908	0.01908	0.02226	0.01590	0.01749	0.01113	0.01749	0.00954	0.01590	0.00954	0.01272	0.02385	0.00318	0.73123	0.00636	0.00318	0.00795
9	0.01100	0.00893	0.01278	0.01242	0.01352	0.01070	0.00972	0.01327	0.01214	0.01731	0.02355	0.08924	0.06857	0.04258	0.49492	0.00893	0.13036	0.00919	0.00423	0.00665
10	0.01970	0.11750	0.14545	0.09487	0.02475	0.18985	0.01572	0.07035	0.04882	0.06082	0.04466	0.02499	0.04302	0.00920	0.00702	0.00220	0.00926	0.05781	0.00472	0.00928
11	0.02419	0.02468	0.01888	0.01667	0.02086	0.34352	0.01283	0.08941	0.27093	0.07402	0.01989	0.01956	0.01504	0.00859	0.00699	0.00215	0.00941	0.00636	0.00580	0.01020
12	0.01071	0.00890	0.01302	0.01234	0.01475	0.00822	0.08166	0.01358	0.01676	0.02156	0.11831	0.15541	0.26741	0.01776	0.00912	0.00277	0.00560	0.20884	0.00653	0.00676
13	0.01012	0.00813	0.00914	0.00903	0.01118	0.00759	0.00670	0.01434	0.08888	0.02335	0.24138	0.14996	0.35947	0.01707	0.00855	0.00247	0.00390	0.01466	0.00718	0.00688
14	0.18181	0.13778	0.17676	0.01363	0.01936	0.01731	0.01348	0.11612	0.01700	0.08209	0.01558	0.02061	0.01308	0.13344	0.01128	0.00296	0.00778	0.00605	0.00470	0.00920
15	0.01787	0.01500	0.02017	0.01676	0.02098	0.01611	0.11705	0.16863	0.24295	0.03031	0.07750	0.06626	0.02497	0.01362	0.04794	0.00302	0.00790	0.07643	0.00652	0.01000
16	0.00886	0.00633	0.00843	0.01012	0.01054	0.00590	0.00675	0.01012	0.01392	0.01856	0.04006	0.73979	0.04808	0.02277	0.00928	0.00295	0.00422	0.02066	0.00675	0.00590
17	0.01606	0.01530	0.02602	0.35311	0.40576	0.01676	0.02135	0.02062	0.01564	0.02141	0.01333	0.01862	0.01069	0.00683	0.00723	0.00228	0.00911	0.00647	0.00343	0.00996
18	0.10549	0.02389	0.02032	0.02129	0.14344	0.31535	0.01423	0.06535	0.11940	0.07889	0.01606	0.01713	0.01238	0.00777	0.00668	0.00210	0.00957	0.00577	0.00496	0.00993
19	0.01578	0.08123	0.09802	0.37669	0.08805	0.01781	0.11732	0.05704	0.01627	0.02152	0.01404	0.03872	0.01119	0.00744	0.00725	0.00232	0.00969	0.00685	0.00362	0.00915
20	0.00945	0.00692	0.00882	0.00998	0.01099	0.00645	0.00718	0.01121	0.01506	0.01973	0.09183	0.44416	0.15105	0.06176	0.01079	0.00311	0.00461	0.11414	0.00670	0.00605
21	0.01017	0.00674	0.00823	0.00891	0.00954	0.00648	0.00586	0.01162	0.01398	0.01976	0.11745	0.35435	0.04048	0.23073	0.01673	0.00390	0.00483	0.01490	0.10966	0.00570
22	0.01909	0.42948	0.23882	0.01574	0.02310	0.08468	0.01704	0.05959	0.01655	0.02058	0.01151	0.01323	0.00947	0.00668	0.00566	0.00184	0.00915	0.00456	0.00339	0.00985
23	0.01204	0.00935	0.01388	0.01325	0.05229	0.00865	0.08101	0.01460	0.01663	0.05496	0.21742	0.14055	0.18799	0.12923	0.01298	0.00317	0.00556	0.01307	0.00631	0.00704
24	0.01808	0.01561	0.01644	0.01479	0.01890	0.01808	0.01151	0.03863	0.68606	0.03041	0.02959	0.02712	0.02219	0.00986	0.00740	0.00247	0.00575	0.00822	0.00740	0.01151
25	0.01837	0.01881	0.02653	0.19118	0.45910	0.11724	0.02066	0.02245	0.01669	0.02175	0.01316	0.01760	0.01080	0.00680	0.00712	0.00218	0.00951	0.00622	0.00354	0.01031
26	0.05214	0.12868	0.22644	0.02275	0.16801	0.01999	0.01881	0.16731	0.07803	0.02839	0.01504	0.01672	0.01149	0.00737	0.00667	0.00215	0.00861	0.00584	0.00455	0.01101
27	0.01007	0.00684	0.00808	0.00857	0.00869	0.00671	0.00509	0.01044	0.01155	0.01540	0.02792	0.24978	0.03275	0.53369	0.02890	0.00585	0.00622	0.01352	0.00509	0.00484
28	0.01781	0.01709	0.02918	0.07341	0.67181	0.01722	0.02222	0.02215	0.01647	0.02353	0.01364	0.01805	0.01144	0.00651	0.00720	0.00217	0.00868	0.00648	0.00358	0.01137
29	0.02012	0.55354	0.14269	0.01382	0.02069	0.02486	0.01455	0.02348	0.01553	0.09419	0.01263	0.01370	0.01027	0.00664	0.00532	0.00175	0.00807	0.00450	0.00376	0.00989
30	0.01847	0.01098	0.01319	0.01156	0.01507	0.01083	0.00902	0.02602	0.19900	0.22072	0.21006	0.07381	0.12510	0.01270	0.00793	0.00238	0.00492	0.01081	0.00789	0.00954
31	0.00886	0.00633	0.00843	0.01012	0.01054	0.00590	0.00675	0.01012	0.01392	0.01856	0.04006	0.73979	0.04808	0.02277	0.00928	0.00295	0.00422	0.02066	0.00675	0.00590
32	0.01500	0.09550	0.02480	0.01843	0.02109	0.01799	0.14991	0.01850	0.03915	0.01935	0.01713	0.09713	0.01681	0.01743	0.10780	0.00393	0.27374	0.03410	0.00405	0.00816
33	0.01341	0.01316	0.02366	0.02224	0.12436	0.01291	0.22596	0.01683	0.01558	0.02097	0.03086	0.23890	0.12918	0.01348	0.00969	0.00261	0.06027	0.01271	0.00501	0.00821
34	0.01373	0.01292	0.02180	0.72707	0.05006	0.01615	0.02019	0.01857	0.01453	0.01857	0.01292	0.01938	0.00969	0.00727	0.00727	0.00242	0.00969	0.00646	0.00323	0.00807
35	0.02411	0.01555	0.01756	0.01461	0.01948	0.01674	0.01169	0.15595	0.37010	0.23059	0.02706	0.02463	0.01913	0.00940	0.00735	0.00235	0.00630	0.00764	0.00784	0.01192
36	0.01584	0.02921	0.40525	0.02675	0.10768	0.01744	0.24676	0.02303	0.01610	0.02319	0.01368	0.01709	0.01009	0.00659	0.00751	0.00234	0.01103	0.00659	0.00334	0.01051
37	0.01661	0.01598	0.01521	0.01350	0.01616	0.14195	0.01056	0.09219	0.08539	0.02532	0.19828	0.03708	0.16232	0.01271	0.01034	0.00239	0.11994	0.00975	0.00608	0.00824
38	0.01031	0.00783	0.00982	0.01086	0.01273	0.00733	0.00899	0.01293	0.01645	0.02071	0.05185	0.12892	0.28889	0.01966	0.00943	0.00298	0.00537	0.36179	0.00672	0.00642
39	0.01513	0.01499	0.02740	0.02990	0.29207	0.01440	0.21788	0.01928	0.01645	0.02237	0.02619	0.11128	0.10804	0.01048	0.00818	0.00244	0.00849	0.04108	0.00455	0.00940
40	0.01687	0.10291	0.17476	0.08548	0.24579	0.01869	0.20706	0.02238	0.01612	0.02232	0.01338	0.01731	0.01051	0.00650	0.00725	0.00223	0.01009	0.00656	0.00343	0.01036
41	0.01678	0.01887	0.04056	0.10781	0.03933	0.01813	0.60048	0.02276	0.01687	0.02276	0.01451	0.01958	0.01088	0.00625	0.00843	0.00245	0.01197	0.00834	0.00363	0.00961
42	0.01618	0.35008	0.29969	0.01552	0.02283	0.02072	0.01765	0.02110	0.01563	0.02080	0.07085	0.02181	0.01662	0.00822	0.00627	0.00204	0.00851	0.05221	0.00376	0.00949
43	0.02173	0.02409	0.09111	0.04465	0.04896	0.27630	0.01441	0.16726	0.02084	0.02458	0.03752	0.01998	0.01379	0.01105	0.01031	0.12133	0.00982	0.02894	0.00459	0.00874
44	0.01373	0.01292	0.02180	0.72707	0.05006	0.01615	0.02019	0.01857	0.01453	0.01857	0.01292	0.01938	0.00969	0.00727	0.00727	0.00242	0.00969	0.00646	0.00323	0.00807
45	0.01373	0.01292	0.02180	0.72707	0.05006	0.01615	0.02019	0.01857	0.01453	0.01857	0.01292	0.01938	0.00969	0.00727	0.00727	0.00242	0.00969	0.00646	0.00323	0.00807
46	0.02177	0.02472	0.02675	0.03275	0.36764	0.30983	0.06610	0.02519	0.01829	0.02122	0.01273	0.01606	0.01058	0.00688	0.00703	0.00206	0.01077	0.00588	0.00367	0.01010
47	0.01086	0.00824	0.01190	0.01507	0.08842	0.00802	0.01019	0.01318	0.01518	0.02024	0.03659	0.43231	0.04187	0.02004	0.00931	0.00300	0.00556	0.23684	0.00638	0.00680
48	0.01038	0.00779	0.01168	0.01168	0.01298	0.00909	0.00909	0.01298	0.01168	0.01687	0.01947	0.02856	0.01817	0.05452	0.71573	0.01168	0.01947	0.00779	0.00389	0.00649
49	0.02538	0.09995	0.02251	0.01576	0.02133	0.02196	0.01314	0.46890	0.13874	0.06986	0.01914	0.01873	0.01390	0.00865	0.00700	0.00216	0.00752	0.00656	0.00691	0.01189
50	0.01280	0.01102	0.01320	0.01205	0.01332	0.06150	0.04023	0.01447	0.01282	0.01734	0.02356	0.03549	0.07810	0.27864	0.18672	0.00624	0.10637	0.00897	0.06094	0.00624
51	0.16692	0.01762	0.01620	0.05411	0.01998	0.11164	0.01146	0.10493	0.28814	0.04760	0.02424	0.02381	0.06475	0.00927	0.00680	0.00230	0.00707	0.00713	0.00610	0.00994
52	0.20637	0.21451	0.07287	0.09270	0.02286	0.02122	0.01348	0.16929	0.07490	0.02897	0.01392	0.01542	0.01077	0.00738	0.00589	0.00209	0.00757	0.00525	0.00475	0.00981
53	0.01822	0.04641	0.04401	0.01755	0.09330	0.11206	0.01265	0.10214	0.15953	0.04963	0.02691	0.18165	0.05173	0.01237	0.00769	0.00241	0.00727	0.03906	0.00597	0.00943
54	0.01815	0.20666	0.13016	0.01505	0.02023	0.04899	0.01413	0.12647	0.12993	0.02498	0.01884	0.09382	0.01667	0.01291	0.05895	0.00289	0.03902	0.00745	0.00495	0.00973

[dist]
# distance from previous block
# <min> <max>
3	30

[block]
# block no. 3 follows, 28 sequences, length 6
# corresponding to MSA columns:
# 226-231
name=unknown_D
#
# <colnr> <probs for GDERKNQSTAVLIFYWHMCP>
#	G	D	E	R	K	N	Q	S	T	A	V	L	I	F	Y	W	H	M	C	P
0	0.01726	0.17632	0.05645	0.01726	0.02258	0.06090	0.19049	0.04572	0.01661	0.04750	0.02126	0.02739	0.07697	0.08879	0.01033	0.00262	0.00870	0.03495	0.00442	0.07349
1	0.01013	0.00735	0.00927	0.00975	0.01079	0.00728	0.00704	0.01180	0.01381	0.01827	0.07778	0.15744	0.13905	0.24370	0.13845	0.00562	0.00793	0.11317	0.00563	0.00577
2	0.01943	0.74891	0.03809	0.01244	0.01866	0.02876	0.01244	0.02177	0.01477	0.01710	0.01011	0.01166	0.00933	0.00622	0.00466	0.00155	0.00777	0.00389	0.00311	0.00933
3	0.00887	0.00689	0.00807	0.00880	0.01025	0.00610	0.00621	0.01059	0.01572	0.02002	0.11550	0.37732	0.33954	0.02009	0.00891	0.00267	0.00391	0.01759	0.00686	0.00610
4	0.01458	0.03760	0.70688	0.02072	0.03146	0.01688	0.02686	0.02302	0.01535	0.02302	0.01304	0.01535	0.00921	0.00691	0.00691	0.00230	0.01074	0.00537	0.00307	0.01074
5	0.29033	0.01698	0.01739	0.07978	0.02176	0.01931	0.01210	0.31925	0.09603	0.03706	0.01583	0.01674	0.01164	0.00803	0.00633	0.00226	0.00709	0.00582	0.00595	0.01032

[dist]
# distance from previous block
# <min> <max>
0	37

[block]
# block no. 4 follows, 28 sequences, length 65
# corresponding to MSA columns:
# 269-333
name=unknown_E
#
# <colnr> <probs for GDERKNQSTAVLIFYWHMCP>
#	G	D	E	R	K	N	Q	S	T	A	V	L	I	F	Y	W	H	M	C	P
0	0.02361	0.01891	0.01916	0.01553	0.01995	0.07490	0.01233	0.42766	0.11140	0.03624	0.01894	0.02239	0.01518	0.10946	0.01192	0.00290	0.03524	0.00715	0.00646	0.01069
1	0.02108	0.01350	0.01594	0.01312	0.01710	0.01404	0.01052	0.27298	0.04340	0.15310	0.22273	0.05485	0.03203	0.01474	0.06402	0.00301	0.00704	0.00926	0.00751	0.01002
2	0.00965	0.00761	0.00991	0.00991	0.01168	0.00787	0.00762	0.01193	0.01369	0.01801	0.04172	0.04556	0.29667	0.03969	0.42530	0.00789	0.01299	0.01089	0.00507	0.00634
3	0.02616	0.01310	0.01695	0.01380	0.01799	0.01316	0.01116	0.13232	0.02077	0.41190	0.02649	0.13542	0.02087	0.01155	0.00950	0.00246	0.08866	0.00919	0.00770	0.01085
4	0.01782	0.21219	0.03401	0.09958	0.02968	0.06804	0.26119	0.02168	0.01536	0.01970	0.01211	0.01636	0.01005	0.00758	0.01008	0.00231	0.14339	0.00644	0.00339	0.00905
5	0.03041	0.01590	0.01905	0.01461	0.02032	0.01592	0.01207	0.31779	0.02671	0.41352	0.02372	0.02152	0.01551	0.00888	0.00729	0.00222	0.00699	0.00697	0.00824	0.01237
6	0.01460	0.01381	0.02338	0.58765	0.18268	0.01638	0.02062	0.01934	0.01495	0.01963	0.01307	0.01910	0.01006	0.00711	0.00725	0.00237	0.00947	0.00646	0.00331	0.00878
7	0.02764	0.01406	0.06410	0.01443	0.02008	0.01127	0.06393	0.03116	0.02013	0.52792	0.10238	0.02707	0.02261	0.00930	0.00753	0.00227	0.00666	0.00795	0.00807	0.01143
8	0.01535	0.14987	0.60132	0.01941	0.02944	0.01876	0.02458	0.02282	0.01526	0.02209	0.01258	0.01477	0.00923	0.00680	0.00655	0.00218	0.01027	0.00514	0.00308	0.01052
9	0.11946	0.01256	0.01617	0.01255	0.01804	0.01132	0.01036	0.03383	0.01985	0.62781	0.02657	0.02327	0.01684	0.00874	0.00699	0.00225	0.00612	0.00693	0.00849	0.01186
10	0.00989	0.00728	0.00935	0.00981	0.01129	0.00674	0.00740	0.01250	0.01762	0.02379	0.32745	0.24236	0.15063	0.01830	0.00899	0.00265	0.00419	0.11601	0.00728	0.00647
11	0.02021	0.02685	0.42291	0.01722	0.02555	0.01403	0.01991	0.02639	0.01757	0.24917	0.07243	0.02155	0.01684	0.00823	0.00717	0.00228	0.00865	0.00663	0.00542	0.01097
12	0.02587	0.03251	0.02079	0.01877	0.02209	0.63649	0.01426	0.02771	0.01952	0.01776	0.01104	0.01343	0.00938	0.00809	0.00852	0.00202	0.09482	0.00487	0.00368	0.00837
13	0.00983	0.00741	0.00908	0.00866	0.01058	0.00666	0.00650	0.01283	0.01949	0.02657	0.52649	0.05855	0.23907	0.01582	0.00858	0.00233	0.00350	0.01374	0.00766	0.00666
14	0.01716	0.01961	0.04289	0.03064	0.03799	0.01838	0.67279	0.02328	0.01716	0.02328	0.01471	0.01961	0.01103	0.00613	0.00858	0.00245	0.01225	0.00858	0.00368	0.00980
15	0.01440	0.01361	0.02302	0.61936	0.15252	0.01633	0.02052	0.01916	0.01485	0.01939	0.01304	0.01916	0.00998	0.00714	0.00726	0.00238	0.00952	0.00646	0.00329	0.00862
16	0.01955	0.00958	0.01278	0.01117	0.01453	0.00859	0.00901	0.02261	0.01989	0.30481	0.29283	0.04692	0.08348	0.01339	0.00826	0.00243	0.00502	0.09794	0.00815	0.00905
17	0.00862	0.00725	0.00749	0.00768	0.00990	0.00611	0.00566	0.01040	0.01627	0.01951	0.06982	0.14617	0.62250	0.01891	0.00867	0.00251	0.00374	0.01595	0.00675	0.00611
18	0.54166	0.01411	0.01281	0.01092	0.01537	0.01573	0.00888	0.11148	0.01608	0.10925	0.01344	0.01487	0.01002	0.00874	0.00710	0.06471	0.00607	0.00487	0.00528	0.00862
19	0.01651	0.32032	0.44106	0.01743	0.02637	0.02160	0.02113	0.02252	0.01512	0.02067	0.01188	0.01388	0.00926	0.00663	0.00602	0.00201	0.00956	0.00478	0.00309	0.01018
20	0.00886	0.00633	0.00843	0.01012	0.01054	0.00590	0.00675	0.01012	0.01392	0.01856	0.04006	0.73979	0.04808	0.02277	0.00928	0.00295	0.00422	0.02066	0.00675	0.00590
21	0.11528	0.01478	0.01700	0.01368	0.01887	0.01520	0.01113	0.15439	0.17092	0.35395	0.02467	0.02244	0.01672	0.00888	0.00700	0.00228	0.00636	0.00699	0.00780	0.01166
22	0.01793	0.01898	0.03714	0.02715	0.03356	0.01890	0.51028	0.07128	0.09115	0.02530	0.01619	0.02003	0.01225	0.00715	0.00935	0.00248	0.05827	0.00825	0.00431	0.01005
23	0.00908	0.00752	0.00805	0.00831	0.01065	0.00649	0.00650	0.01116	0.01659	0.01997	0.06809	0.07186	0.59296	0.01867	0.00882	0.00260	0.00416	0.11555	0.00674	0.00622
24	0.01057	0.00705	0.00793	0.00793	0.00793	0.00705	0.00440	0.01057	0.01057	0.01409	0.02290	0.04757	0.02643	0.74454	0.03700	0.00705	0.00705	0.01057	0.00440	0.00440
25	0.01914	0.02089	0.03872	0.02811	0.03500	0.07423	0.54548	0.09789	0.01937	0.02541	0.01474	0.01885	0.01105	0.00653	0.00827	0.00237	0.01184	0.00804	0.00409	0.00999
26	0.01586	0.01510	0.02566	0.38523	0.37521	0.01671	0.02125	0.02044	0.01555	0.02116	0.01330	0.01868	0.01060	0.00687	0.00723	0.00229	0.00916	0.00647	0.00341	0.00980
27	0.01040	0.00750	0.00987	0.00947	0.01118	0.00697	0.00723	0.01382	0.02029	0.02859	0.64575	0.05639	0.06657	0.01525	0.00868	0.00237	0.00368	0.06127	0.00790	0.00685
28	0.02780	0.01345	0.01673	0.01355	0.01867	0.01313	0.01096	0.03649	0.24118	0.48101	0.02898	0.02553	0.01938	0.00928	0.00734	0.00232	0.00604	0.00761	0.00847	0.01208
29	0.12525	0.01550	0.01778	0.01521	0.01973	0.01737	0.06349	0.03484	0.49654	0.07504	0.02568	0.02427	0.01907	0.00908	0.00709	0.00242	0.00628	0.00760	0.00681	0.01093
30	0.01121	0.00807	0.01138	0.01279	0.01427	0.00823	0.01079	0.01423	0.01564	0.02065	0.03560	0.13964	0.03867	0.02587	0.12300	0.00464	0.00849	0.48399	0.00625	0.00658
31	0.00998	0.00742	0.00929	0.00882	0.01067	0.00673	0.00662	0.01312	0.01985	0.02743	0.58281	0.05713	0.18221	0.01550	0.00858	0.00232	0.00348	0.01354	0.00778	0.00673
32	0.02130	0.01527	0.01689	0.01435	0.01879	0.01678	0.01139	0.15598	0.40241	0.13276	0.08944	0.02749	0.02405	0.00999	0.00747	0.00236	0.00602	0.00823	0.00767	0.01136
33	0.01673	0.02037	0.09191	0.02776	0.03405	0.01897	0.50255	0.02222	0.01592	0.02222	0.01364	0.01860	0.01062	0.00738	0.01121	0.00257	0.14229	0.00792	0.00354	0.00954
34	0.01716	0.01961	0.04289	0.03064	0.03799	0.01838	0.67279	0.02328	0.01716	0.02328	0.01471	0.01961	0.01103	0.00613	0.00858	0.00245	0.01225	0.00858	0.00368	0.00980
35	0.01787	0.51982	0.25348	0.01510	0.02278	0.02494	0.01708	0.02217	0.01496	0.01901	0.01105	0.01285	0.00929	0.00644	0.00539	0.00180	0.00873	0.00436	0.00310	0.00978
36	0.01435	0.03528	0.65164	0.02014	0.03016	0.01621	0.02565	0.02239	0.01546	0.02292	0.01507	0.02064	0.01180	0.00795	0.00716	0.00239	0.01042	0.05661	0.00336	0.01042
37	0.01171	0.00837	0.01171	0.01339	0.01506	0.00837	0.01171	0.01506	0.01673	0.02175	0.03849	0.08199	0.04183	0.02008	0.01004	0.00335	0.00669	0.65027	0.00669	0.00669
38	0.00878	0.00737	0.00763	0.00757	0.00994	0.00622	0.00567	0.01081	0.01702	0.02072	0.14438	0.06817	0.62483	0.01801	0.00859	0.00244	0.00365	0.01509	0.00689	0.00622
39	0.01830	0.02021	0.03378	0.09307	0.10017	0.10653	0.38944	0.02523	0.09340	0.02301	0.01569	0.01946	0.01201	0.00687	0.00793	0.00235	0.01103	0.00764	0.00406	0.00983
40	0.01373	0.01292	0.02180	0.72707	0.05006	0.01615	0.02019	0.01857	0.01453	0.01857	0.01292	0.01938	0.00969	0.00727	0.00727	0.00242	0.00969	0.00646	0.00323	0.00807
41	0.00859	0.00736	0.00736	0.00736	0.00982	0.00614	0.00552	0.01043	0.01657	0.01964	0.07364	0.06996	0.69624	0.01841	0.00859	0.00245	0.00368	0.01534	0.00675	0.00614
42	0.01943	0.74891	0.03809	0.01244	0.01866	0.02876	0.01244	0.02177	0.01477	0.01710	0.01011	0.01166	0.00933	0.00622	0.00466	0.00155	0.00777	0.00389	0.00311	0.00933
43	0.01941	0.02227	0.27824	0.01843	0.02541	0.01384	0.13584	0.02459	0.01664	0.21042	0.01997	0.02556	0.01550	0.10155	0.01127	0.00296	0.00912	0.03379	0.00514	0.01005
44	0.01905	0.69240	0.09123	0.01310	0.01967	0.02782	0.01358	0.02187	0.01482	0.01757	0.01034	0.01195	0.00932	0.00627	0.00484	0.00161	0.00801	0.00400	0.00311	0.00944
45	0.01525	0.01122	0.01228	0.01133	0.01462	0.01154	0.00869	0.02482	0.29175	0.10184	0.04697	0.11627	0.27541	0.01428	0.00803	0.00249	0.00487	0.01205	0.00727	0.00903
46	0.01809	0.43684	0.23463	0.01529	0.02261	0.02389	0.01668	0.04336	0.08729	0.02114	0.01328	0.01458	0.01076	0.00689	0.00570	0.00189	0.00845	0.00487	0.00368	0.01007
47	0.01598	0.07285	0.08156	0.01333	0.01722	0.12897	0.01135	0.04683	0.15679	0.02377	0.11663	0.11432	0.14635	0.01250	0.00758	0.00230	0.00684	0.01028	0.00594	0.00861
48	0.02524	0.01917	0.02047	0.01624	0.02163	0.02142	0.01324	0.51561	0.19742	0.04195	0.02049	0.01987	0.01482	0.00901	0.00730	0.00225	0.00744	0.00696	0.00730	0.01215
49	0.00983	0.00706	0.00920	0.01050	0.01141	0.00673	0.00772	0.01161	0.01470	0.01930	0.05878	0.41548	0.09609	0.10114	0.01247	0.00345	0.00513	0.18690	0.00651	0.00599
50	0.02214	0.12583	0.02210	0.01555	0.01984	0.08698	0.01290	0.26969	0.09131	0.05777	0.01688	0.01872	0.01330	0.01459	0.09820	0.00340	0.08871	0.00632	0.00553	0.01023
51	0.02635	0.03330	0.02072	0.01875	0.02223	0.66570	0.01418	0.02820	0.01992	0.01777	0.01111	0.01331	0.00938	0.00787	0.00779	0.00197	0.06456	0.00480	0.00370	0.00839
52	0.01086	0.00858	0.00994	0.00962	0.01179	0.00831	0.00719	0.01627	0.12367	0.02535	0.33313	0.13260	0.24327	0.01601	0.00847	0.00244	0.00396	0.01387	0.00740	0.00727
53	0.01385	0.01624	0.11453	0.36631	0.17486	0.01477	0.01903	0.01856	0.01541	0.02043	0.02348	0.02719	0.12746	0.00896	0.00743	0.00236	0.00859	0.00783	0.00389	0.00882
54	0.02066	0.02135	0.18012	0.07515	0.02703	0.01799	0.08898	0.15337	0.08219	0.13276	0.01758	0.01918	0.01269	0.00860	0.00961	0.00243	0.10756	0.00674	0.00531	0.01069
55	0.54155	0.01317	0.01226	0.01043	0.01504	0.01419	0.00855	0.02458	0.01515	0.21026	0.06055	0.01806	0.01459	0.00788	0.00551	0.00225	0.00563	0.00544	0.00592	0.00900
56	0.01609	0.01970	0.11089	0.07462	0.09544	0.01787	0.36112	0.02137	0.01553	0.02176	0.01391	0.01905	0.01105	0.01044	0.05723	0.00312	0.11029	0.00752	0.00352	0.00948
57	0.02413	0.02444	0.01801	0.01596	0.01986	0.37960	0.01221	0.10117	0.09419	0.09812	0.02274	0.06920	0.06920	0.00994	0.00715	0.00213	0.00962	0.00748	0.00556	0.00929
58	0.01550	0.03166	0.52306	0.01884	0.02741	0.06179	0.02253	0.02235	0.01534	0.04984	0.01458	0.01767	0.01100	0.01455	0.11877	0.00375	0.01209	0.00579	0.00349	0.00999
59	0.01007	0.00821	0.00924	0.01069	0.01134	0.05303	0.00723	0.01138	0.01436	0.01851	0.03815	0.69152	0.04551	0.02176	0.00910	0.00288	0.00481	0.01960	0.00655	0.00607
60	0.01300	0.00972	0.01208	0.05878	0.01564	0.00996	0.00916	0.13394	0.01906	0.02541	0.13310	0.36300	0.09529	0.01747	0.00866	0.00266	0.00527	0.05357	0.00679	0.00744
61	0.07129	0.01943	0.02339	0.18215	0.28234	0.14388	0.01790	0.08403	0.06199	0.02460	0.01422	0.01755	0.01126	0.00728	0.00694	0.00219	0.00923	0.00610	0.00419	0.01004
62	0.01062	0.00808	0.01209	0.05893	0.01508	0.00941	0.00949	0.01318	0.01179	0.01679	0.01928	0.02931	0.01820	0.10082	0.62004	0.01074	0.01793	0.00790	0.00389	0.00645
63	0.01036	0.00765	0.01072	0.05790	0.01362	0.00840	0.00812	0.01216	0.01201	0.01657	0.02393	0.17046	0.02559	0.22963	0.35080	0.00814	0.01255	0.01093	0.00454	0.00592
64	0.07293	0.02400	0.02399	0.11642	0.22775	0.31512	0.05236	0.02455	0.01762	0.02094	0.01224	0.01570	0.01004	0.00719	0.00730	0.00212	0.03108	0.00565	0.00367	0.00933

[dist]
# distance from previous block
# <min> <max>
0	1

[block]
# block no. 5 follows, 28 sequences, length 10
# corresponding to MSA columns:
# 335-344
name=unknown_F
#
# <colnr> <probs for GDERKNQSTAVLIFYWHMCP>
#	G	D	E	R	K	N	Q	S	T	A	V	L	I	F	Y	W	H	M	C	P
0	0.01489	0.19028	0.02473	0.40288	0.07935	0.01822	0.01679	0.01875	0.01430	0.01830	0.01327	0.01880	0.01099	0.01402	0.11252	0.00358	0.01062	0.00604	0.00332	0.00837
1	0.00898	0.00685	0.00826	0.00903	0.01034	0.00613	0.00634	0.01077	0.01582	0.02051	0.14950	0.40794	0.27312	0.02010	0.00894	0.00268	0.00392	0.01772	0.00694	0.00613
2	0.21047	0.01770	0.01951	0.01889	0.12111	0.01961	0.01332	0.32921	0.11876	0.03714	0.01684	0.01754	0.01254	0.00807	0.00661	0.00223	0.00720	0.00614	0.00607	0.01103
3	0.02457	0.01947	0.02011	0.01541	0.02125	0.06327	0.01257	0.47542	0.02870	0.03869	0.01596	0.01660	0.01179	0.00784	0.00677	0.00189	0.00769	0.00589	0.00633	0.19977
4	0.02257	0.02689	0.02547	0.06733	0.02752	0.40233	0.17326	0.02832	0.11378	0.02096	0.01479	0.01708	0.01161	0.00748	0.00721	0.00213	0.01164	0.00624	0.00421	0.00917
5	0.01255	0.01133	0.01857	0.55383	0.04051	0.01367	0.01694	0.01653	0.01439	0.01857	0.01948	0.19346	0.01897	0.01101	0.00775	0.00255	0.00837	0.00989	0.00408	0.00755
6	0.25145	0.01269	0.01254	0.01121	0.01495	0.01400	0.00900	0.07708	0.17815	0.08140	0.02187	0.02505	0.01719	0.00908	0.00612	0.00223	0.00541	0.04701	0.19446	0.00910
7	0.01460	0.00779	0.01047	0.01080	0.01248	0.00706	0.00770	0.01624	0.01558	0.18424	0.03731	0.56701	0.04081	0.01944	0.00880	0.00278	0.00469	0.01744	0.00729	0.00747
8	0.00880	0.00706	0.00786	0.00831	0.01011	0.00612	0.00599	0.01060	0.01610	0.02006	0.11227	0.26542	0.45697	0.01941	0.00879	0.00259	0.00382	0.01673	0.00685	0.00612
9	0.00918	0.00693	0.00866	0.00956	0.01080	0.00641	0.00686	0.01100	0.01525	0.01985	0.10476	0.40677	0.22882	0.02282	0.05604	0.00336	0.00516	0.05496	0.00666	0.00614

[dist]
# distance from previous block
# <min> <max>
0	8

[block]
# block no. 6 follows, 28 sequences, length 7
# corresponding to MSA columns:
# 353-359
name=unknown_G
#
# <colnr> <probs for GDERKNQSTAVLIFYWHMCP>
#	G	D	E	R	K	N	Q	S	T	A	V	L	I	F	Y	W	H	M	C	P
0	0.01719	0.01683	0.02954	0.09420	0.46244	0.01654	0.12879	0.02173	0.01633	0.02324	0.01370	0.01806	0.01120	0.00636	0.00724	0.00211	0.00897	0.00659	0.00366	0.09526
1	0.01273	0.00864	0.01139	0.01256	0.06958	0.00788	0.00856	0.01526	0.01744	0.09762	0.19788	0.19181	0.23587	0.01656	0.00858	0.00254	0.00467	0.06598	0.00702	0.00744
2	0.13110	0.00964	0.01147	0.08898	0.01526	0.01088	0.00836	0.01377	0.01228	0.01886	0.02455	0.14470	0.06919	0.30918	0.02107	0.00443	0.08499	0.01054	0.00468	0.00608
3	0.05096	0.00927	0.01308	0.01154	0.01387	0.00880	0.07993	0.01641	0.01523	0.10370	0.08641	0.19750	0.07994	0.17120	0.01409	0.00342	0.00581	0.01206	0.09972	0.00709
4	0.01255	0.00933	0.01107	0.01081	0.01252	0.00985	0.00824	0.08451	0.01679	0.02324	0.03917	0.27278	0.18399	0.01661	0.00985	0.00259	0.08466	0.04859	0.13578	0.00707
5	0.01013	0.06944	0.01098	0.00944	0.01125	0.00825	0.00710	0.01207	0.01584	0.02033	0.14081	0.29579	0.25199	0.04731	0.00972	0.00277	0.00452	0.05935	0.00652	0.00640
6	0.10053	0.01236	0.01222	0.01109	0.01389	0.05941	0.00841	0.09066	0.06721	0.07134	0.09524	0.04206	0.14351	0.17700	0.01417	0.00343	0.00630	0.05730	0.00615	0.00771

[dist]
# distance from previous block
# <min> <max>
2	106

# created by:
# /home/berkeley/.conda/envs/busco_data_prod/bin/msa2prfl.pl pipeline/OGs_align_augustus/5794/13731.fs
