[name]
unknown

[dist]
# distance from previous block
# <min> <max>
0	57

[block]
# block no. 0 follows, 24 sequences, length 30
# corresponding to MSA columns:
# 57-86
name=unknown_A
#
# <colnr> <probs for GDERKNQSTAVLIFYWHMCP>
#	G	D	E	R	K	N	Q	S	T	A	V	L	I	F	Y	W	H	M	C	P
0	0.21517	0.05424	0.01593	0.01276	0.01740	0.01432	0.01064	0.03918	0.07127	0.09449	0.07159	0.03641	0.02472	0.01142	0.00737	0.00245	0.00643	0.13773	0.00641	0.15007
1	0.02709	0.16426	0.02519	0.01651	0.02222	0.17628	0.01367	0.20914	0.05663	0.12005	0.03497	0.01919	0.01495	0.00871	0.00710	0.00212	0.00926	0.00633	0.00621	0.06014
2	0.01916	0.11570	0.14713	0.05075	0.06439	0.01918	0.06403	0.14987	0.05860	0.02898	0.02090	0.07753	0.01840	0.01324	0.04698	0.00308	0.00970	0.04725	0.03449	0.01065
3	0.06121	0.04815	0.06035	0.09707	0.02639	0.03580	0.01502	0.24300	0.13768	0.08357	0.02001	0.02065	0.01465	0.00880	0.00742	0.00231	0.00821	0.00686	0.00652	0.09628
4	0.05756	0.01949	0.02040	0.09729	0.09636	0.15986	0.01490	0.07939	0.02097	0.14032	0.06183	0.02949	0.05643	0.01066	0.00882	0.00248	0.04300	0.04651	0.00604	0.02819
5	0.01977	0.06529	0.12256	0.11852	0.06724	0.05894	0.07845	0.06118	0.01997	0.11236	0.11661	0.07885	0.02489	0.01051	0.00816	0.00249	0.00896	0.00920	0.00577	0.01029
6	0.06660	0.05393	0.14055	0.18483	0.08172	0.06052	0.04961	0.05857	0.01797	0.02562	0.01411	0.01773	0.01097	0.00729	0.00709	0.00216	0.00953	0.00600	0.00418	0.18101
7	0.01962	0.05716	0.01783	0.01632	0.08081	0.06506	0.01127	0.06935	0.05645	0.10512	0.07012	0.03392	0.02409	0.16577	0.05801	0.00409	0.00850	0.03189	0.05164	0.05300
8	0.19209	0.01918	0.01839	0.01559	0.01982	0.14868	0.05916	0.12831	0.02130	0.06949	0.09360	0.08898	0.02365	0.05642	0.00966	0.00279	0.00846	0.00886	0.00614	0.00942
9	0.04602	0.01748	0.06954	0.01782	0.05990	0.05325	0.04934	0.02405	0.11225	0.04951	0.02150	0.10701	0.01933	0.01503	0.07224	0.00328	0.05378	0.00867	0.00539	0.19462
10	0.01798	0.01167	0.01342	0.01135	0.01429	0.01130	0.00816	0.12336	0.01889	0.10184	0.06777	0.04088	0.06269	0.34306	0.02302	0.00475	0.00706	0.01000	0.00631	0.10219
11	0.01364	0.01068	0.01384	0.05187	0.01690	0.01104	0.01006	0.07343	0.01892	0.02634	0.19718	0.21577	0.06518	0.02171	0.09423	0.00389	0.05230	0.01335	0.00666	0.08303
12	0.06428	0.12168	0.47314	0.02017	0.03015	0.02081	0.02420	0.10787	0.01922	0.02827	0.01429	0.01632	0.01043	0.00770	0.00713	0.00239	0.01058	0.00574	0.00406	0.01158
13	0.01117	0.00781	0.00891	0.00880	0.00951	0.00751	0.00545	0.01212	0.01439	0.01914	0.14696	0.05662	0.12656	0.49784	0.03051	0.00606	0.00647	0.01276	0.00586	0.00555
14	0.01879	0.01907	0.03429	0.03062	0.16985	0.01846	0.30956	0.02752	0.13571	0.02700	0.01852	0.02186	0.01435	0.00741	0.00833	0.00241	0.01021	0.00817	0.00483	0.11306
15	0.14079	0.01126	0.01369	0.01160	0.01554	0.01067	0.00922	0.02516	0.02113	0.27452	0.32575	0.03985	0.04371	0.01242	0.00814	0.00247	0.00524	0.01037	0.00854	0.00991
16	0.01109	0.00810	0.01041	0.00983	0.01176	0.00742	0.00737	0.01470	0.02212	0.03103	0.62414	0.06050	0.11883	0.01650	0.00935	0.00251	0.00376	0.01452	0.00863	0.00742
17	0.01063	0.00808	0.00977	0.00935	0.01148	0.00723	0.00701	0.01381	0.02104	0.02846	0.47867	0.06473	0.26590	0.01746	0.00936	0.00255	0.00383	0.01511	0.00829	0.00723
18	0.00984	0.00697	0.00915	0.01082	0.01124	0.00656	0.00712	0.01109	0.01484	0.01979	0.04196	0.65432	0.05025	0.08966	0.01294	0.00364	0.00489	0.02152	0.00712	0.00629
19	0.03134	0.01537	0.01896	0.01508	0.02087	0.01507	0.01228	0.11447	0.16712	0.45503	0.02999	0.02659	0.01990	0.00999	0.00799	0.00250	0.00689	0.00809	0.00919	0.01328
20	0.46542	0.02002	0.01539	0.01339	0.01835	0.16750	0.01070	0.02816	0.01730	0.15647	0.01524	0.01594	0.01110	0.00802	0.00601	0.00236	0.00809	0.00519	0.00568	0.00968
21	0.54897	0.17449	0.01846	0.01131	0.01637	0.02024	0.00981	0.02271	0.01403	0.03047	0.01182	0.01424	0.00980	0.01121	0.05725	0.00307	0.00781	0.00460	0.00452	0.00883
22	0.08320	0.02392	0.16876	0.01763	0.02474	0.02006	0.01687	0.32157	0.06398	0.11783	0.04898	0.02145	0.01648	0.00932	0.00769	0.00245	0.00859	0.00717	0.00694	0.01239
23	0.21256	0.06627	0.01843	0.01438	0.01902	0.16937	0.01157	0.19106	0.02267	0.03355	0.01633	0.01808	0.01265	0.00845	0.00636	0.00218	0.00834	0.00584	0.15299	0.00991
24	0.07947	0.18490	0.02690	0.16389	0.02892	0.10636	0.01601	0.17453	0.02135	0.02803	0.01372	0.01679	0.01098	0.00870	0.00896	0.00236	0.08718	0.00596	0.00473	0.01028
25	0.01820	0.01899	0.01740	0.18205	0.02625	0.22687	0.01373	0.02079	0.01732	0.01944	0.02204	0.07648	0.02247	0.17145	0.01557	0.00378	0.01025	0.10445	0.00480	0.00766
26	0.01543	0.00922	0.01175	0.01189	0.01364	0.00885	0.00848	0.06311	0.01764	0.12027	0.03761	0.45343	0.04142	0.10746	0.01341	0.00361	0.00572	0.04175	0.00745	0.00786
27	0.09319	0.01875	0.01789	0.01525	0.01954	0.09906	0.01198	0.31167	0.02688	0.03628	0.06720	0.15915	0.06344	0.01319	0.00816	0.00253	0.00776	0.01065	0.00709	0.01035
28	0.02154	0.04852	0.14459	0.01623	0.02389	0.01796	0.01537	0.25044	0.02413	0.03429	0.01582	0.01731	0.01201	0.00756	0.00691	0.00189	0.00811	0.00579	0.00558	0.32206
29	0.00972	0.00700	0.00922	0.01087	0.01149	0.00650	0.00731	0.01123	0.01563	0.02081	0.07344	0.66072	0.07817	0.02426	0.01006	0.00317	0.00454	0.02194	0.00742	0.00650

[dist]
# distance from previous block
# <min> <max>
0	8

[block]
# block no. 1 follows, 24 sequences, length 58
# corresponding to MSA columns:
# 95-124,136-156,158-164
name=unknown_B
#
# <colnr> <probs for GDERKNQSTAVLIFYWHMCP>
#	G	D	E	R	K	N	Q	S	T	A	V	L	I	F	Y	W	H	M	C	P
0	0.12934	0.01546	0.01697	0.01752	0.09181	0.01732	0.01216	0.05445	0.35563	0.03265	0.02561	0.02565	0.01955	0.00953	0.00713	0.00246	0.00624	0.00773	0.14171	0.01109
1	0.08773	0.05647	0.13668	0.07267	0.12700	0.14168	0.06085	0.10238	0.05440	0.06280	0.01612	0.01836	0.01219	0.00803	0.00743	0.00237	0.01033	0.00645	0.00491	0.01113
2	0.18821	0.05122	0.06345	0.01690	0.05155	0.07532	0.01383	0.20297	0.02393	0.16169	0.06118	0.02113	0.01700	0.00908	0.00717	0.00237	0.00814	0.00678	0.00669	0.01137
3	0.01715	0.01337	0.01537	0.01494	0.04522	0.01457	0.01089	0.09294	0.27267	0.03164	0.13458	0.12824	0.03416	0.01504	0.03490	0.00298	0.00632	0.01126	0.09359	0.01017
4	0.01735	0.01178	0.01287	0.01040	0.01477	0.01076	0.00820	0.09839	0.01917	0.03075	0.02058	0.02331	0.01624	0.00801	0.00597	0.00166	0.00515	0.00635	0.38390	0.29440
5	0.01963	0.01884	0.03219	0.04867	0.67185	0.01884	0.02434	0.02434	0.01806	0.02591	0.01492	0.01963	0.01256	0.00707	0.00785	0.00236	0.00942	0.00707	0.00393	0.01256
6	0.18992	0.01313	0.01553	0.01248	0.01787	0.01227	0.01022	0.03159	0.02010	0.44961	0.03378	0.03083	0.10737	0.01072	0.00752	0.00248	0.00624	0.00841	0.00843	0.01151
7	0.01015	0.00725	0.00976	0.01160	0.01227	0.00686	0.00820	0.01188	0.01566	0.02079	0.04344	0.61871	0.05139	0.02439	0.01025	0.00329	0.00502	0.11519	0.00735	0.00657
8	0.00955	0.00734	0.00875	0.00988	0.01120	0.00654	0.00684	0.01117	0.01630	0.02070	0.05787	0.46872	0.29073	0.02300	0.00983	0.00301	0.00437	0.02030	0.00736	0.00654
9	0.01814	0.01663	0.02485	0.03146	0.36742	0.01499	0.01737	0.02230	0.01730	0.02588	0.01453	0.01814	0.01218	0.00651	0.00693	0.00180	0.00777	0.00596	0.00429	0.36555
10	0.01096	0.00810	0.01023	0.00970	0.01168	0.00737	0.00727	0.01445	0.02181	0.03030	0.58276	0.06170	0.16066	0.01677	0.00936	0.00252	0.00378	0.01469	0.00853	0.00737
11	0.38101	0.01502	0.01437	0.01215	0.01683	0.01657	0.00990	0.15619	0.01998	0.10500	0.01772	0.01924	0.01321	0.01122	0.04350	0.00291	0.00721	0.00599	0.12210	0.00989
12	0.02827	0.03325	0.02287	0.02017	0.02410	0.51978	0.01552	0.11539	0.02333	0.02361	0.01298	0.01531	0.01069	0.00902	0.00945	0.00226	0.09411	0.00560	0.00455	0.00973
13	0.01828	0.01868	0.02590	0.42912	0.21900	0.11121	0.02172	0.02296	0.01738	0.02168	0.01406	0.01978	0.01106	0.00773	0.00780	0.00248	0.01077	0.00678	0.00371	0.00989
14	0.01904	0.01455	0.01606	0.01261	0.01807	0.01372	0.01005	0.13659	0.10927	0.03205	0.02003	0.02153	0.01562	0.00793	0.00648	0.00175	0.00598	0.00631	0.16775	0.36461
15	0.01164	0.00832	0.01147	0.01331	0.01463	0.00815	0.01080	0.01447	0.01713	0.02246	0.04261	0.31789	0.04812	0.02298	0.01065	0.00349	0.00632	0.40125	0.00732	0.00699
16	0.00946	0.00770	0.00837	0.00891	0.01094	0.00662	0.00641	0.01128	0.01723	0.02108	0.06966	0.26267	0.48916	0.02147	0.00959	0.00284	0.00419	0.01843	0.00736	0.00662
17	0.01411	0.00852	0.01172	0.01136	0.01249	0.00917	0.00833	0.05435	0.01368	0.01962	0.01815	0.02689	0.01665	0.03546	0.25831	0.36346	0.01169	0.00753	0.09268	0.00584
18	0.15164	0.01092	0.01387	0.01317	0.01493	0.01319	0.01036	0.01633	0.01272	0.02142	0.01813	0.02731	0.01708	0.08828	0.42924	0.00924	0.11274	0.00772	0.00430	0.00742
19	0.01536	0.01199	0.01286	0.01138	0.01527	0.01182	0.00876	0.02458	0.22249	0.02785	0.03778	0.06363	0.15912	0.01195	0.00742	0.00221	0.00508	0.00992	0.17355	0.16698
20	0.01004	0.00742	0.00939	0.01025	0.01146	0.00677	0.00717	0.01217	0.01765	0.02359	0.22015	0.42950	0.16194	0.02169	0.00979	0.00293	0.00427	0.01933	0.00773	0.00677
21	0.02077	0.10068	0.02738	0.26223	0.20524	0.06415	0.01944	0.08599	0.05439	0.06112	0.01625	0.01989	0.01255	0.00800	0.00754	0.00238	0.00964	0.00676	0.00468	0.01091
22	0.02962	0.03779	0.02247	0.02043	0.02451	0.68948	0.01532	0.03166	0.02247	0.01941	0.01226	0.01430	0.01021	0.00817	0.00715	0.00204	0.01430	0.00511	0.00409	0.00919
23	0.00962	0.00707	0.00903	0.01060	0.01139	0.00648	0.00717	0.01109	0.01560	0.02041	0.04904	0.62301	0.14214	0.02415	0.01001	0.00314	0.00452	0.02170	0.00736	0.00648
24	0.01326	0.01240	0.02026	0.05369	0.02207	0.01183	0.17260	0.01845	0.06452	0.02541	0.18216	0.09407	0.24703	0.01476	0.00924	0.00267	0.00693	0.01360	0.00663	0.00842
25	0.01801	0.02693	0.33228	0.05959	0.09451	0.01617	0.05357	0.02557	0.05990	0.10086	0.02673	0.02782	0.10389	0.00968	0.00802	0.00254	0.00950	0.00819	0.00507	0.01116
26	0.02744	0.02146	0.02675	0.02094	0.02617	0.14806	0.14809	0.10028	0.02185	0.23953	0.01978	0.02097	0.01409	0.00942	0.01086	0.00257	0.11669	0.00746	0.00629	0.01133
27	0.15588	0.01675	0.02610	0.25830	0.18578	0.01850	0.10531	0.02480	0.08454	0.02645	0.01593	0.02022	0.01233	0.00775	0.00757	0.00255	0.00943	0.00707	0.00442	0.01030
28	0.01029	0.00765	0.00853	0.00892	0.01006	0.00704	0.00582	0.01137	0.01486	0.01877	0.05053	0.20287	0.28304	0.29988	0.02185	0.00479	0.00560	0.01590	0.00635	0.00589
29	0.21410	0.01626	0.02354	0.17062	0.29782	0.01811	0.01854	0.02233	0.01577	0.02641	0.01385	0.01873	0.01142	0.01077	0.04785	0.00311	0.05007	0.00642	0.00409	0.01021
30	0.01813	0.28092	0.18575	0.01842	0.06545	0.06048	0.01732	0.02360	0.05336	0.02152	0.01553	0.01914	0.01317	0.01852	0.15200	0.00437	0.01225	0.00605	0.00391	0.01013
31	0.01208	0.00852	0.00955	0.00903	0.01181	0.00731	0.00686	0.01460	0.01954	0.08032	0.21954	0.06791	0.46786	0.01826	0.00925	0.00261	0.00418	0.01540	0.00791	0.00747
32	0.01318	0.01086	0.01237	0.01180	0.01414	0.01173	0.00906	0.01963	0.15279	0.02414	0.04898	0.12939	0.28157	0.01904	0.04802	0.00331	0.08726	0.01327	0.08121	0.00823
33	0.01019	0.00807	0.00917	0.00889	0.01121	0.00704	0.00667	0.01296	0.02000	0.02600	0.33956	0.06878	0.40655	0.01837	0.00936	0.00260	0.00390	0.01568	0.00797	0.00704
34	0.01067	0.00766	0.00939	0.00967	0.01075	0.00717	0.00655	0.01256	0.01701	0.02301	0.25635	0.23552	0.12536	0.21154	0.01803	0.00413	0.00508	0.01605	0.00713	0.00638
35	0.01694	0.01186	0.01336	0.01216	0.01535	0.01260	0.00937	0.02805	0.27374	0.07429	0.24014	0.03918	0.03977	0.01218	0.00796	0.00244	0.00494	0.01034	0.16546	0.00987
36	0.02387	0.02931	0.15248	0.08063	0.03111	0.21474	0.10256	0.18465	0.02363	0.02916	0.01495	0.01765	0.01130	0.00842	0.00861	0.00242	0.04216	0.00659	0.00484	0.01092
37	0.02179	0.11315	0.17248	0.02168	0.06934	0.06515	0.11313	0.11530	0.02171	0.09771	0.09256	0.02333	0.01960	0.00886	0.00781	0.00236	0.00970	0.00761	0.00552	0.01120
38	0.01925	0.10743	0.16740	0.05051	0.17812	0.11263	0.08637	0.02414	0.01772	0.02319	0.01776	0.02106	0.04740	0.00852	0.00871	0.00238	0.05623	0.00699	0.03367	0.01053
39	0.01540	0.19585	0.09945	0.01625	0.02085	0.01782	0.08033	0.01906	0.01517	0.02027	0.02170	0.02945	0.06015	0.06203	0.22459	0.00591	0.05110	0.03167	0.00422	0.00873
40	0.01856	0.02031	0.09609	0.02574	0.06599	0.01828	0.29256	0.10990	0.05465	0.02775	0.01821	0.02304	0.01439	0.01865	0.15377	0.00475	0.01364	0.00838	0.00476	0.01062
41	0.02690	0.17233	0.09452	0.01939	0.06219	0.05565	0.05240	0.18933	0.02396	0.19871	0.01925	0.01945	0.01372	0.00843	0.00734	0.00226	0.00906	0.00663	0.00633	0.01217
42	0.01844	0.10330	0.25734	0.01683	0.02357	0.01777	0.01772	0.15731	0.02101	0.02959	0.02188	0.11934	0.01984	0.01127	0.00766	0.00247	0.00854	0.04188	0.09380	0.01046
43	0.01040	0.00811	0.00957	0.01014	0.01220	0.00729	0.00786	0.01290	0.01830	0.02318	0.14837	0.16975	0.36394	0.02063	0.00982	0.00294	0.00476	0.14540	0.00754	0.00690
44	0.01845	0.11672	0.10047	0.08553	0.06083	0.01835	0.05669	0.14587	0.04963	0.02971	0.12967	0.10459	0.02747	0.01136	0.00807	0.00247	0.00815	0.00977	0.00594	0.01027
45	0.02651	0.10499	0.11863	0.02111	0.07047	0.05453	0.08531	0.19081	0.02415	0.19652	0.01959	0.02006	0.01380	0.00845	0.00767	0.00235	0.00945	0.00697	0.00635	0.01227
46	0.01497	0.01414	0.01604	0.01512	0.01659	0.10677	0.01182	0.01738	0.01394	0.01855	0.01817	0.02711	0.01713	0.06991	0.44888	0.00937	0.14456	0.00786	0.00411	0.00757
47	0.01002	0.00761	0.00923	0.00977	0.01135	0.00682	0.00697	0.01228	0.01820	0.02396	0.23551	0.32212	0.25576	0.02083	0.00966	0.00284	0.00417	0.01832	0.00776	0.00682
48	0.02044	0.06311	0.10960	0.29555	0.03943	0.16251	0.08638	0.08534	0.01980	0.02406	0.01424	0.01849	0.01085	0.00789	0.00771	0.00242	0.01151	0.00659	0.00410	0.00999
49	0.01805	0.02784	0.31020	0.02253	0.03049	0.01846	0.15822	0.11958	0.02039	0.02882	0.06134	0.07094	0.01843	0.00982	0.00931	0.00263	0.04850	0.00865	0.00486	0.01094
50	0.02043	0.03096	0.39220	0.01989	0.02886	0.01894	0.02226	0.11597	0.15339	0.08856	0.02018	0.02065	0.01432	0.00868	0.00774	0.00252	0.00973	0.00687	0.00554	0.01230
51	0.01127	0.00758	0.00873	0.00898	0.00904	0.00751	0.00516	0.01146	0.01204	0.01605	0.02758	0.14410	0.03211	0.62464	0.03616	0.00707	0.00726	0.01306	0.00516	0.00503
52	0.02250	0.01961	0.02244	0.09141	0.06172	0.13475	0.07224	0.08624	0.02053	0.10245	0.01712	0.01939	0.01298	0.00764	0.00718	0.00199	0.00903	0.00635	0.04678	0.23765
53	0.02272	0.11979	0.08855	0.01753	0.05663	0.11049	0.01440	0.11716	0.09271	0.10313	0.02172	0.07196	0.01828	0.05787	0.00962	0.00268	0.00865	0.00803	0.04740	0.01068
54	0.02291	0.13119	0.10004	0.01859	0.05742	0.16158	0.01550	0.09126	0.02050	0.10624	0.03778	0.11558	0.01949	0.01108	0.00882	0.00242	0.05516	0.00854	0.00555	0.01035
55	0.14474	0.05896	0.01789	0.11254	0.11947	0.01453	0.01249	0.01808	0.01402	0.02198	0.01784	0.02903	0.01721	0.20319	0.16085	0.00596	0.01103	0.00786	0.00430	0.00803
56	0.01724	0.11424	0.02724	0.11878	0.12107	0.01875	0.11104	0.04383	0.09229	0.02472	0.05526	0.06602	0.08786	0.01083	0.00929	0.00255	0.05438	0.00945	0.00517	0.01000
57	0.01358	0.01506	0.10742	0.19150	0.02690	0.01278	0.01477	0.05956	0.01801	0.02399	0.08942	0.12750	0.15346	0.01935	0.08793	0.00385	0.00916	0.01166	0.00561	0.00848

[dist]
# distance from previous block
# <min> <max>
13	78

[block]
# block no. 2 follows, 24 sequences, length 17
# corresponding to MSA columns:
# 243-259
name=unknown_C
#
# <colnr> <probs for GDERKNQSTAVLIFYWHMCP>
#	G	D	E	R	K	N	Q	S	T	A	V	L	I	F	Y	W	H	M	C	P
0	0.02082	0.27508	0.19810	0.01671	0.02400	0.02358	0.01720	0.14605	0.09754	0.02850	0.01701	0.01892	0.01347	0.02991	0.00773	0.00235	0.00888	0.00614	0.03679	0.01122
1	0.05418	0.15949	0.05314	0.08425	0.02329	0.04163	0.01364	0.17419	0.02106	0.02939	0.01669	0.01990	0.01343	0.01464	0.09446	0.00343	0.00988	0.00627	0.08693	0.08012
2	0.05350	0.39067	0.04995	0.01567	0.02183	0.13353	0.01416	0.11451	0.06713	0.05042	0.01477	0.01576	0.01197	0.00784	0.00621	0.00200	0.00922	0.00532	0.00479	0.01077
3	0.11705	0.15213	0.13910	0.04807	0.02464	0.14321	0.05821	0.04542	0.01774	0.02401	0.01773	0.12630	0.01691	0.01042	0.00770	0.00242	0.02666	0.00823	0.00455	0.00952
4	0.07193	0.05580	0.27027	0.09489	0.02896	0.01684	0.05184	0.07456	0.01878	0.02727	0.06943	0.06477	0.02206	0.01104	0.00811	0.00266	0.00933	0.08639	0.00503	0.01004
5	0.01519	0.01797	0.15983	0.01380	0.01886	0.01286	0.01327	0.13730	0.02210	0.02961	0.16190	0.09565	0.24027	0.01490	0.00874	0.00259	0.00661	0.01246	0.00685	0.00924
6	0.01522	0.01074	0.01216	0.01112	0.01411	0.01045	0.00850	0.11383	0.01945	0.02784	0.03538	0.16310	0.12440	0.04738	0.04518	0.00314	0.00626	0.04226	0.18347	0.10601
7	0.60424	0.01639	0.01385	0.01201	0.01706	0.01886	0.00982	0.10525	0.08198	0.03719	0.01423	0.01537	0.01080	0.00798	0.00562	0.00247	0.00648	0.00513	0.00562	0.00962
8	0.02140	0.01772	0.01891	0.01607	0.02120	0.01967	0.01270	0.15763	0.46573	0.03565	0.02769	0.02608	0.02074	0.00998	0.00780	0.00246	0.00671	0.00814	0.00767	0.09605
9	0.02190	0.01240	0.01507	0.01287	0.01655	0.01235	0.00999	0.10491	0.11292	0.20614	0.08027	0.03528	0.11708	0.01599	0.01361	0.17981	0.00634	0.00951	0.00741	0.00959
10	0.02020	0.15758	0.18472	0.02202	0.02900	0.05656	0.15667	0.09255	0.06577	0.02618	0.01528	0.01816	0.01197	0.00850	0.00992	0.00249	0.10030	0.00679	0.00439	0.01094
11	0.02194	0.01314	0.01541	0.01293	0.01703	0.01326	0.01027	0.14727	0.10294	0.18514	0.21114	0.03788	0.07044	0.01219	0.00818	0.00243	0.00574	0.01015	0.09192	0.01063
12	0.00986	0.00706	0.00938	0.01090	0.01155	0.00657	0.00738	0.01155	0.01612	0.02173	0.12397	0.63163	0.05533	0.02373	0.01002	0.00313	0.00449	0.02149	0.00754	0.00657
13	0.01669	0.01519	0.02046	0.10336	0.10726	0.07098	0.07172	0.08607	0.02002	0.02620	0.10548	0.22839	0.03312	0.01454	0.00895	0.00273	0.00806	0.04561	0.00609	0.00908
14	0.01553	0.02075	0.16113	0.02424	0.07540	0.01635	0.22485	0.02087	0.01656	0.02307	0.02440	0.02889	0.09746	0.01902	0.13720	0.00456	0.06663	0.00908	0.00430	0.00969
15	0.01645	0.00992	0.01228	0.01124	0.01420	0.00944	0.00886	0.01881	0.01782	0.17179	0.05213	0.05582	0.32285	0.05929	0.09574	0.00425	0.04593	0.05762	0.00719	0.00836
16	0.19755	0.01585	0.02077	0.18509	0.13716	0.01723	0.01584	0.10898	0.01978	0.14721	0.01862	0.05080	0.01434	0.00896	0.00732	0.00251	0.00815	0.00729	0.00581	0.01076

[dist]
# distance from previous block
# <min> <max>
0	2

[block]
# block no. 3 follows, 24 sequences, length 44
# corresponding to MSA columns:
# 262-305
name=unknown_D
#
# <colnr> <probs for GDERKNQSTAVLIFYWHMCP>
#	G	D	E	R	K	N	Q	S	T	A	V	L	I	F	Y	W	H	M	C	P
0	0.01735	0.11661	0.14287	0.01763	0.02169	0.05650	0.01647	0.02237	0.06853	0.02122	0.01553	0.02153	0.01391	0.06915	0.08907	0.00415	0.23750	0.00688	0.00409	0.03694
1	0.01298	0.01087	0.01653	0.06387	0.16446	0.01125	0.01318	0.01557	0.01595	0.02175	0.03318	0.41997	0.03768	0.01885	0.01050	0.00304	0.04883	0.06725	0.00610	0.00818
2	0.01185	0.00965	0.01186	0.06395	0.04422	0.00927	0.00934	0.05345	0.01842	0.02320	0.05703	0.22873	0.35583	0.01924	0.00939	0.00284	0.00539	0.05188	0.00696	0.00752
3	0.01996	0.10704	0.10625	0.02798	0.24974	0.11859	0.01871	0.02721	0.11800	0.02574	0.08596	0.02341	0.02004	0.00880	0.00757	0.00232	0.00922	0.00736	0.00497	0.01114
4	0.02609	0.02216	0.02139	0.01771	0.02306	0.10504	0.01414	0.33835	0.27302	0.03976	0.02327	0.02249	0.01719	0.00983	0.00789	0.00246	0.00848	0.00759	0.00751	0.01260
5	0.02088	0.66647	0.04010	0.01418	0.02039	0.03078	0.01389	0.02335	0.01578	0.01869	0.01097	0.01311	0.01020	0.00738	0.00685	0.00185	0.06722	0.00447	0.00340	0.01005
6	0.01153	0.00769	0.00865	0.00865	0.00865	0.00769	0.00480	0.01153	0.01153	0.01538	0.02499	0.05189	0.02883	0.72131	0.04036	0.00769	0.00769	0.01153	0.00480	0.00480
7	0.01042	0.00785	0.00882	0.00912	0.01055	0.00718	0.00628	0.01190	0.01586	0.02007	0.09103	0.14876	0.31008	0.24875	0.01964	0.00442	0.00546	0.05107	0.00661	0.00613
8	0.01109	0.00810	0.01042	0.00984	0.01177	0.00743	0.00738	0.01471	0.02214	0.03107	0.62618	0.06044	0.11677	0.01648	0.00935	0.00251	0.00376	0.01451	0.00863	0.00743
9	0.01067	0.00777	0.01011	0.01067	0.01209	0.00721	0.00785	0.01341	0.01905	0.02599	0.33280	0.30115	0.11077	0.02021	0.00979	0.00289	0.00443	0.07812	0.00798	0.00703
10	0.02170	0.02100	0.01898	0.01535	0.02114	0.16752	0.01204	0.10135	0.14723	0.02871	0.01787	0.01887	0.01407	0.00779	0.00684	0.00181	0.00820	0.00593	0.00561	0.35800
11	0.01514	0.00808	0.00815	0.00802	0.01006	0.00828	0.00605	0.02018	0.06262	0.02982	0.02633	0.02957	0.02060	0.00935	0.00572	0.00191	0.00388	0.00750	0.71099	0.00776
12	0.02120	0.72609	0.04155	0.01357	0.02035	0.03138	0.01357	0.02374	0.01611	0.01866	0.01102	0.01272	0.01018	0.00678	0.00509	0.00170	0.00848	0.00424	0.00339	0.01018
13	0.01003	0.00755	0.00929	0.00994	0.01139	0.00681	0.00704	0.01226	0.01803	0.02388	0.23272	0.35838	0.22158	0.02111	0.00970	0.00287	0.00420	0.01865	0.00776	0.00681
14	0.01013	0.00773	0.00884	0.00926	0.01067	0.00715	0.00635	0.01157	0.01537	0.01942	0.05349	0.21116	0.31767	0.19665	0.07439	0.00488	0.00650	0.01608	0.00647	0.00621
15	0.77733	0.01534	0.01166	0.01043	0.01534	0.01779	0.00859	0.02331	0.01350	0.03558	0.01104	0.01288	0.00859	0.00736	0.00491	0.00245	0.00613	0.00429	0.00491	0.00859
16	0.02118	0.01894	0.01836	0.01548	0.01919	0.17794	0.03856	0.02456	0.05497	0.10417	0.01937	0.02683	0.01713	0.17145	0.03896	0.00376	0.06937	0.00753	0.00527	0.14698
17	0.01081	0.00765	0.00977	0.01002	0.01108	0.00721	0.00689	0.01306	0.01796	0.02486	0.34390	0.25789	0.05844	0.16544	0.01603	0.00380	0.00482	0.01626	0.00750	0.00661
18	0.02293	0.58440	0.03763	0.01498	0.02121	0.16685	0.01393	0.02538	0.01742	0.01881	0.01128	0.01305	0.01018	0.00707	0.00551	0.00177	0.00968	0.00442	0.00353	0.00997
19	0.01093	0.00759	0.00868	0.00901	0.00942	0.00734	0.00542	0.01142	0.01300	0.01700	0.03515	0.17642	0.11104	0.50850	0.03105	0.00626	0.00668	0.01418	0.00558	0.00533
20	0.01420	0.01256	0.01963	0.10288	0.10202	0.01406	0.06590	0.01670	0.01431	0.01981	0.02238	0.15608	0.02385	0.20103	0.05694	0.00472	0.12910	0.01131	0.00468	0.00784
21	0.24570	0.01888	0.01947	0.01536	0.02126	0.02063	0.01268	0.37250	0.02818	0.14318	0.01864	0.01850	0.01303	0.00894	0.00707	0.00241	0.00767	0.00645	0.00736	0.01208
22	0.00999	0.00708	0.00922	0.01068	0.01117	0.00666	0.00705	0.01135	0.01520	0.02038	0.08137	0.59182	0.05096	0.11051	0.01382	0.00373	0.00493	0.02065	0.00713	0.00631
23	0.02564	0.01122	0.01494	0.01245	0.01680	0.00982	0.00987	0.02853	0.02133	0.42088	0.15519	0.12245	0.08854	0.01373	0.00861	0.00257	0.00569	0.01170	0.00910	0.01093
24	0.02413	0.03179	0.10288	0.02057	0.02558	0.42418	0.06900	0.02880	0.06144	0.02181	0.01788	0.06344	0.01604	0.01001	0.00786	0.00237	0.01236	0.04564	0.00465	0.00956
25	0.01728	0.11922	0.06328	0.10945	0.09148	0.05878	0.01478	0.09581	0.01928	0.02488	0.04335	0.23391	0.04941	0.01369	0.00820	0.00257	0.00798	0.01173	0.00556	0.00935
26	0.01603	0.01517	0.02075	0.01807	0.01807	0.02054	0.01451	0.01738	0.01201	0.01825	0.01370	0.02516	0.01457	0.17380	0.02926	0.00442	0.54876	0.00798	0.00377	0.00780
27	0.01321	0.01179	0.01890	0.47421	0.04035	0.01395	0.01710	0.01724	0.01582	0.02033	0.02617	0.20980	0.06333	0.01320	0.00860	0.00280	0.00857	0.01179	0.00479	0.00804
28	0.19063	0.01442	0.01649	0.01694	0.09758	0.01518	0.01162	0.14920	0.04273	0.06973	0.11475	0.11261	0.09165	0.01257	0.00784	0.00255	0.00640	0.01036	0.00685	0.00990
29	0.01994	0.02975	0.34187	0.01971	0.02809	0.02006	0.02122	0.15401	0.22168	0.03259	0.02084	0.02123	0.01517	0.00894	0.00778	0.00254	0.00942	0.00709	0.00574	0.01233
30	0.11295	0.08477	0.02768	0.02340	0.10427	0.26609	0.12961	0.02652	0.01890	0.02395	0.01325	0.01621	0.01083	0.00727	0.00704	0.00211	0.01103	0.00590	0.00417	0.10405
31	0.02879	0.01369	0.02018	0.24095	0.03157	0.01362	0.01507	0.03259	0.02044	0.46074	0.02562	0.02506	0.01664	0.00919	0.00796	0.00252	0.00801	0.00767	0.00774	0.01195
32	0.01686	0.00908	0.01194	0.01154	0.01404	0.00816	0.00866	0.01930	0.01893	0.19436	0.15822	0.31785	0.10931	0.01870	0.00939	0.00286	0.00509	0.04891	0.00825	0.00855
33	0.01478	0.00739	0.00739	0.00739	0.00924	0.00739	0.00554	0.01848	0.01663	0.02956	0.02587	0.02956	0.02033	0.00924	0.00554	0.00185	0.00370	0.00739	0.76534	0.00739
34	0.02525	0.01720	0.01913	0.01607	0.02127	0.01880	0.01282	0.15353	0.39868	0.18191	0.02959	0.02704	0.02118	0.01031	0.00802	0.00258	0.00684	0.00840	0.00844	0.01294
35	0.01082	0.00797	0.01014	0.01003	0.01182	0.00730	0.00747	0.01400	0.02071	0.02851	0.47913	0.15071	0.15280	0.01812	0.00952	0.00266	0.00403	0.03874	0.00830	0.00723
36	0.01864	0.00949	0.01316	0.01250	0.01508	0.00907	0.00944	0.02096	0.01702	0.23637	0.03374	0.30998	0.03310	0.02894	0.18704	0.00546	0.00966	0.01407	0.00736	0.00893
37	0.00976	0.00694	0.00917	0.01091	0.01135	0.00651	0.00722	0.01107	0.01498	0.01998	0.04269	0.68018	0.05117	0.06254	0.01176	0.00346	0.00477	0.02195	0.00722	0.00635
38	0.01116	0.00836	0.01013	0.01092	0.01246	0.00788	0.00786	0.05228	0.01783	0.02316	0.07836	0.44324	0.20508	0.02211	0.00981	0.00303	0.00485	0.05695	0.00745	0.00705
39	0.01687	0.11764	0.38807	0.09440	0.07401	0.01909	0.04616	0.02378	0.01669	0.02395	0.01391	0.01703	0.01055	0.00722	0.00716	0.00226	0.01041	0.00585	0.00359	0.10135
40	0.01730	0.06902	0.22872	0.19646	0.03269	0.07919	0.01969	0.07221	0.01919	0.02490	0.06425	0.02770	0.09617	0.00992	0.00782	0.00246	0.00975	0.00799	0.00468	0.00988
41	0.02400	0.24191	0.02983	0.02350	0.15607	0.29963	0.01620	0.02686	0.01917	0.02100	0.01257	0.01508	0.01080	0.00735	0.00657	0.00194	0.01089	0.00522	0.00389	0.06754
42	0.01969	0.15131	0.02545	0.06089	0.05838	0.01955	0.05407	0.17402	0.02093	0.02828	0.01827	0.07814	0.01639	0.01671	0.10519	0.00373	0.03532	0.00791	0.00520	0.10056
43	0.01685	0.01521	0.05057	0.01581	0.05829	0.09324	0.01154	0.02143	0.08186	0.07824	0.10004	0.23119	0.03607	0.09973	0.01265	0.00334	0.00727	0.05141	0.00664	0.00863

[dist]
# distance from previous block
# <min> <max>
6	28

[block]
# block no. 4 follows, 24 sequences, length 18
# corresponding to MSA columns:
# 334-351
name=unknown_E
#
# <colnr> <probs for GDERKNQSTAVLIFYWHMCP>
#	G	D	E	R	K	N	Q	S	T	A	V	L	I	F	Y	W	H	M	C	P
0	0.34884	0.02110	0.14983	0.02172	0.12939	0.01748	0.08186	0.02440	0.01603	0.06720	0.01540	0.04680	0.01241	0.00817	0.00677	0.00251	0.00849	0.00658	0.00474	0.01026
1	0.01776	0.12054	0.02728	0.08923	0.13298	0.10333	0.12369	0.02154	0.01826	0.02224	0.03063	0.03583	0.16098	0.01111	0.00818	0.00246	0.00935	0.05033	0.00484	0.00943
2	0.02136	0.08852	0.10879	0.01788	0.06594	0.06292	0.01500	0.14567	0.06367	0.07794	0.12217	0.02519	0.02317	0.00939	0.00749	0.00218	0.00801	0.00753	0.00617	0.12103
3	0.01513	0.15803	0.10712	0.01888	0.13042	0.01558	0.01412	0.01892	0.01797	0.02449	0.20956	0.07808	0.06581	0.07985	0.01102	0.00286	0.00716	0.01031	0.00560	0.00909
4	0.01718	0.10035	0.27442	0.06462	0.16904	0.01811	0.02112	0.04931	0.01753	0.02504	0.03952	0.02227	0.01524	0.05367	0.03404	0.00304	0.01002	0.00692	0.04792	0.01065
5	0.12650	0.26931	0.05471	0.01292	0.01728	0.05730	0.01144	0.01955	0.01573	0.02199	0.02433	0.18121	0.06404	0.01700	0.07140	0.00332	0.00865	0.00982	0.00491	0.00858
6	0.01921	0.01276	0.02009	0.01670	0.02033	0.01251	0.13258	0.02444	0.12744	0.15022	0.02672	0.16115	0.02399	0.01659	0.01422	0.18711	0.00756	0.01102	0.00637	0.00898
7	0.13492	0.02431	0.02195	0.09850	0.07804	0.21873	0.01559	0.21547	0.06363	0.03249	0.01579	0.01768	0.01206	0.00851	0.00726	0.00234	0.01012	0.00622	0.00554	0.01084
8	0.05185	0.11586	0.02142	0.16123	0.12845	0.01567	0.01447	0.01817	0.01519	0.02109	0.02135	0.15930	0.02162	0.05460	0.14111	0.00475	0.01062	0.01005	0.00459	0.00861
9	0.29808	0.02191	0.15204	0.02946	0.30460	0.01837	0.01951	0.02411	0.01612	0.02931	0.01335	0.01657	0.01060	0.00727	0.00670	0.00242	0.00866	0.00581	0.00417	0.01093
10	0.02522	0.03075	0.02013	0.01858	0.02202	0.52604	0.01402	0.02745	0.02013	0.01917	0.01442	0.01835	0.01253	0.02051	0.17135	0.00462	0.01597	0.00592	0.00412	0.00868
11	0.01854	0.01841	0.02160	0.17883	0.14140	0.12302	0.01608	0.02245	0.01768	0.02339	0.01578	0.02255	0.01361	0.00798	0.00723	0.00202	0.00903	0.04621	0.00437	0.28981
12	0.01403	0.01050	0.01252	0.01125	0.01395	0.01041	0.00864	0.09737	0.06580	0.03316	0.48241	0.05386	0.12429	0.01539	0.00909	0.00251	0.00458	0.01331	0.00844	0.00851
13	0.01913	0.01114	0.01377	0.01246	0.01557	0.01096	0.00966	0.06108	0.10661	0.16755	0.09152	0.08265	0.12840	0.01748	0.01323	0.15344	0.00607	0.06305	0.00737	0.00887
14	0.01439	0.00943	0.01139	0.01048	0.01279	0.00902	0.00769	0.01889	0.08058	0.09456	0.33709	0.05389	0.13468	0.15263	0.01512	0.00354	0.00510	0.01294	0.00783	0.00797
15	0.02237	0.01196	0.01453	0.01251	0.01642	0.01177	0.00999	0.06395	0.11844	0.24347	0.16245	0.03780	0.03310	0.01187	0.00797	0.00244	0.00560	0.04521	0.15761	0.01054
16	0.01059	0.00779	0.00979	0.01057	0.01184	0.00737	0.00766	0.01263	0.01652	0.02176	0.13225	0.28518	0.17058	0.11758	0.05585	0.00426	0.00617	0.09804	0.00701	0.00657
17	0.02049	0.63449	0.12695	0.01478	0.02222	0.02964	0.01567	0.02393	0.01620	0.01952	0.01145	0.01326	0.01016	0.00688	0.00542	0.00181	0.00891	0.00446	0.00339	0.01038

[dist]
# distance from previous block
# <min> <max>
0	1

[block]
# block no. 5 follows, 24 sequences, length 17
# corresponding to MSA columns:
# 353-367,369,370
name=unknown_F
#
# <colnr> <probs for GDERKNQSTAVLIFYWHMCP>
#	G	D	E	R	K	N	Q	S	T	A	V	L	I	F	Y	W	H	M	C	P
0	0.02250	0.13075	0.07058	0.03036	0.29904	0.02186	0.01929	0.16180	0.08837	0.05357	0.01754	0.01953	0.01369	0.00806	0.00745	0.00231	0.00885	0.00679	0.00531	0.01237
1	0.08981	0.02911	0.12489	0.06044	0.02838	0.28263	0.09634	0.02863	0.08652	0.02396	0.01502	0.01769	0.01179	0.00851	0.00886	0.00244	0.06427	0.00635	0.00438	0.01001
2	0.02152	0.07001	0.09454	0.01588	0.02118	0.01948	0.01425	0.27021	0.09164	0.03587	0.08297	0.02725	0.05547	0.01066	0.00879	0.00242	0.05140	0.00818	0.08721	0.01108
3	0.01762	0.01680	0.02931	0.02924	0.20972	0.01636	0.21801	0.08697	0.02023	0.02739	0.05959	0.10198	0.10804	0.01125	0.00886	0.00260	0.00911	0.01108	0.00543	0.01038
4	0.01003	0.00752	0.00931	0.01000	0.01140	0.00680	0.00707	0.01224	0.01796	0.02381	0.22967	0.37205	0.21077	0.02122	0.00972	0.00288	0.00421	0.01878	0.00775	0.00680
5	0.01020	0.00732	0.00969	0.01067	0.01162	0.00680	0.00740	0.01240	0.01770	0.02425	0.25985	0.48859	0.06020	0.02185	0.00986	0.00297	0.00430	0.01970	0.00784	0.00680
6	0.19548	0.01741	0.01865	0.01477	0.02029	0.01856	0.01203	0.30664	0.02644	0.20561	0.02084	0.02206	0.01508	0.05985	0.00959	0.00279	0.00757	0.00704	0.00752	0.01179
7	0.01023	0.00824	0.00927	0.00983	0.01217	0.00728	0.00777	0.01261	0.01795	0.02192	0.06876	0.11648	0.47941	0.02081	0.00981	0.00295	0.00486	0.16549	0.00735	0.00683
8	0.02424	0.01805	0.03139	0.07402	0.22676	0.01757	0.19539	0.07518	0.02083	0.20560	0.01998	0.02219	0.01429	0.00795	0.00832	0.00249	0.00983	0.00797	0.00584	0.01212
9	0.02133	0.59861	0.03745	0.01389	0.02050	0.07884	0.01326	0.02394	0.01663	0.01948	0.01144	0.01323	0.01035	0.00679	0.00533	0.00167	0.00864	0.00435	0.00358	0.09068
10	0.04223	0.01251	0.01713	0.18575	0.02554	0.01419	0.01318	0.09418	0.01820	0.08190	0.08001	0.05769	0.02322	0.10111	0.15562	0.00533	0.04876	0.00914	0.00558	0.00874
11	0.01239	0.01036	0.01447	0.01414	0.01483	0.01245	0.01083	0.01443	0.01436	0.02047	0.08332	0.29165	0.03444	0.02952	0.18223	0.00558	0.20766	0.01394	0.00561	0.00732
12	0.02840	0.02134	0.02281	0.01789	0.02393	0.02377	0.01465	0.54420	0.14133	0.04716	0.02126	0.02081	0.01528	0.00973	0.00796	0.00243	0.00831	0.00745	0.00796	0.01333
13	0.01658	0.01017	0.01264	0.01212	0.01510	0.00954	0.00976	0.06303	0.02043	0.14006	0.11525	0.13940	0.20858	0.01815	0.00953	0.00292	0.00574	0.17444	0.00796	0.00859
14	0.02053	0.02122	0.09402	0.07247	0.27844	0.07172	0.01918	0.14291	0.02187	0.02979	0.04155	0.02421	0.05266	0.00895	0.00774	0.00235	0.00906	0.00762	0.06245	0.01124
15	0.02094	0.02309	0.11935	0.02443	0.03023	0.02222	0.21897	0.18590	0.02145	0.03001	0.01499	0.01901	0.01169	0.00958	0.01346	0.00280	0.20848	0.00762	0.00480	0.01099
16	0.43324	0.08524	0.18059	0.01473	0.02157	0.04376	0.01492	0.07685	0.01686	0.03216	0.01255	0.01439	0.00956	0.00757	0.00591	0.00238	0.00823	0.00495	0.00462	0.00994

[dist]
# distance from previous block
# <min> <max>
0	1

[block]
# block no. 6 follows, 24 sequences, length 41
# corresponding to MSA columns:
# 372-412
name=unknown_G
#
# <colnr> <probs for GDERKNQSTAVLIFYWHMCP>
#	G	D	E	R	K	N	Q	S	T	A	V	L	I	F	Y	W	H	M	C	P
0	0.15979	0.02511	0.27533	0.01655	0.02419	0.01668	0.01775	0.11380	0.02010	0.13433	0.02212	0.02270	0.05619	0.00908	0.00719	0.00245	0.00850	0.00690	0.05015	0.01109
1	0.02260	0.01857	0.02444	0.08418	0.11969	0.06158	0.08311	0.15858	0.09482	0.09663	0.07781	0.02464	0.01991	0.00911	0.00801	0.00237	0.00871	0.00797	0.00631	0.07096
2	0.01330	0.00893	0.01131	0.01176	0.01316	0.00899	0.00826	0.03709	0.06600	0.06511	0.03617	0.42866	0.03997	0.11783	0.09004	0.00476	0.00729	0.01696	0.00691	0.00748
3	0.02186	0.02368	0.15427	0.02766	0.14775	0.06991	0.19253	0.02840	0.05371	0.13385	0.01911	0.02142	0.01395	0.00790	0.00807	0.00246	0.01043	0.00759	0.04395	0.01151
4	0.00976	0.00761	0.00887	0.00949	0.01119	0.00672	0.00676	0.01179	0.01762	0.02254	0.15513	0.32079	0.34077	0.02133	0.00966	0.00286	0.00420	0.01862	0.00757	0.00672
5	0.02193	0.09709	0.02117	0.01446	0.02001	0.04093	0.01170	0.24727	0.06611	0.03262	0.01816	0.02256	0.01529	0.10451	0.01139	0.00268	0.00775	0.00675	0.00594	0.23169
6	0.01900	0.01820	0.03105	0.13711	0.58833	0.01868	0.02402	0.02379	0.01776	0.02514	0.01480	0.01983	0.01229	0.00718	0.00786	0.00239	0.00958	0.00706	0.00387	0.01205
7	0.01101	0.00790	0.01044	0.01111	0.01193	0.00798	0.00786	0.01171	0.01442	0.01902	0.04095	0.37363	0.15272	0.02620	0.06260	0.14983	0.05194	0.01649	0.00614	0.00611
8	0.02153	0.02217	0.02649	0.02168	0.02567	0.14392	0.13438	0.07990	0.19033	0.02664	0.01838	0.02098	0.01463	0.01028	0.01312	0.00276	0.20365	0.00762	0.00528	0.01059
9	0.01272	0.00770	0.01019	0.01120	0.01226	0.00712	0.00764	0.01418	0.01574	0.09363	0.04084	0.58672	0.04691	0.07772	0.01225	0.00348	0.00508	0.02004	0.00744	0.00710
10	0.01268	0.00997	0.01362	0.14252	0.01999	0.01060	0.03058	0.01583	0.05258	0.01979	0.07329	0.08627	0.07142	0.36128	0.02433	0.00518	0.00763	0.03032	0.00540	0.00671
11	0.01828	0.01563	0.01626	0.13204	0.02275	0.15552	0.01236	0.01998	0.01614	0.07774	0.02078	0.12148	0.01965	0.02421	0.14378	0.15018	0.01153	0.00917	0.00488	0.00762
12	0.01668	0.01636	0.02300	0.01992	0.02007	0.02268	0.01652	0.01853	0.01221	0.01901	0.01162	0.01889	0.01146	0.01898	0.10028	0.00451	0.63011	0.00711	0.00356	0.00850
13	0.02006	0.01723	0.02022	0.07955	0.08370	0.06757	0.01360	0.06063	0.06102	0.07192	0.01649	0.01882	0.01299	0.00769	0.00807	0.00190	0.05330	0.00596	0.00516	0.37414
14	0.02701	0.02809	0.02481	0.06476	0.15043	0.32160	0.01736	0.21446	0.02570	0.02991	0.01492	0.01715	0.01167	0.00835	0.00757	0.00224	0.01147	0.00621	0.00518	0.01111
15	0.01540	0.01162	0.01634	0.01363	0.01661	0.01151	0.09789	0.10139	0.02019	0.02872	0.18118	0.07598	0.07239	0.14223	0.01415	0.00338	0.00656	0.01138	0.15131	0.00815
16	0.01535	0.01234	0.01448	0.01312	0.01545	0.01359	0.01003	0.10776	0.09953	0.02753	0.14061	0.13504	0.15114	0.09226	0.01481	0.00333	0.10529	0.01283	0.00693	0.00857
17	0.00991	0.00758	0.00910	0.00972	0.01130	0.00677	0.00691	0.01205	0.01786	0.02327	0.19763	0.33786	0.27908	0.02118	0.00968	0.00286	0.00420	0.01860	0.00767	0.00677
18	0.01742	0.01576	0.02454	0.24141	0.22074	0.01726	0.05059	0.06493	0.10480	0.02589	0.02143	0.12050	0.01922	0.01051	0.00831	0.00263	0.00883	0.00964	0.00512	0.01048
19	0.02219	0.01778	0.01791	0.01512	0.01951	0.09181	0.01184	0.10287	0.21603	0.09968	0.02334	0.02524	0.01823	0.05937	0.01086	0.00267	0.05309	0.00753	0.06612	0.11881
20	0.02326	0.47283	0.06051	0.01603	0.02211	0.17331	0.01483	0.06667	0.01876	0.02117	0.01193	0.01384	0.01041	0.00760	0.00670	0.00192	0.03931	0.00480	0.00385	0.01018
21	0.01001	0.00723	0.00994	0.01140	0.01206	0.00717	0.00789	0.01169	0.01467	0.01986	0.03902	0.57323	0.04564	0.03207	0.15195	0.00521	0.00807	0.01961	0.00671	0.00657
22	0.01091	0.00818	0.01121	0.01119	0.01281	0.00849	0.00849	0.01377	0.01648	0.02289	0.22105	0.10676	0.11896	0.03874	0.34414	0.00762	0.01246	0.01250	0.00623	0.00709
23	0.02120	0.72609	0.04155	0.01357	0.02035	0.03138	0.01357	0.02374	0.01611	0.01866	0.01102	0.01272	0.01018	0.00678	0.00509	0.00170	0.00848	0.00424	0.00339	0.01018
24	0.02035	0.01328	0.01565	0.01275	0.01765	0.01203	0.01002	0.13504	0.02143	0.15278	0.03286	0.15996	0.11019	0.01282	0.00793	0.00223	0.00607	0.01079	0.00713	0.23904
25	0.01735	0.01735	0.02429	0.02082	0.02082	0.02429	0.01735	0.01908	0.01214	0.01908	0.01041	0.01735	0.01041	0.01388	0.02602	0.00347	0.70680	0.00694	0.00347	0.00867
26	0.01078	0.00809	0.00998	0.00951	0.01157	0.00729	0.00713	0.01410	0.02139	0.02929	0.52570	0.06336	0.21835	0.01715	0.00936	0.00254	0.00381	0.01492	0.00840	0.00729
27	0.01133	0.00850	0.01274	0.01274	0.01416	0.00991	0.00991	0.01416	0.01274	0.01841	0.02124	0.03115	0.01982	0.05947	0.68989	0.01274	0.02124	0.00850	0.00425	0.00708
28	0.01329	0.00908	0.01108	0.01072	0.01295	0.00848	0.00794	0.05876	0.02046	0.06966	0.27469	0.24882	0.18649	0.01866	0.00939	0.00273	0.00459	0.01631	0.00806	0.00783
29	0.01153	0.00769	0.00865	0.00865	0.00865	0.00769	0.00480	0.01153	0.01153	0.01538	0.02499	0.05189	0.02883	0.72131	0.04036	0.00769	0.00769	0.01153	0.00480	0.00480
30	0.02465	0.01933	0.02747	0.03393	0.36828	0.02003	0.01955	0.22895	0.05173	0.09920	0.01863	0.02059	0.01406	0.00830	0.00790	0.00239	0.00879	0.00726	0.00599	0.01296
31	0.02046	0.02044	0.02372	0.02432	0.14570	0.14119	0.05746	0.10024	0.06158	0.02589	0.02297	0.09810	0.06281	0.01193	0.01171	0.00268	0.14413	0.00932	0.00525	0.01011
32	0.02571	0.07446	0.02184	0.01653	0.02094	0.10948	0.01354	0.19212	0.02305	0.17454	0.01967	0.02171	0.01497	0.01881	0.13435	0.00431	0.08968	0.00705	0.00630	0.01094
33	0.01456	0.01031	0.01160	0.01079	0.01391	0.00988	0.00824	0.02090	0.14276	0.09636	0.17101	0.09626	0.32940	0.01674	0.00901	0.00265	0.00473	0.01419	0.00801	0.00869
34	0.01084	0.00805	0.01057	0.08763	0.01535	0.00812	0.00807	0.01226	0.01430	0.01875	0.03716	0.37190	0.08834	0.24914	0.01965	0.00457	0.00623	0.01677	0.00610	0.00619
35	0.02163	0.14979	0.03088	0.06805	0.35420	0.10205	0.01988	0.02532	0.01793	0.06079	0.01444	0.01805	0.01198	0.00789	0.00870	0.00230	0.06438	0.00635	0.00413	0.01128
36	0.00979	0.00806	0.00865	0.00886	0.01128	0.00693	0.00673	0.01201	0.01823	0.02226	0.11632	0.11358	0.54219	0.02023	0.00954	0.00277	0.00429	0.06405	0.00745	0.00678
37	0.01391	0.01233	0.09443	0.01285	0.01560	0.00900	0.01091	0.01664	0.01640	0.09462	0.03866	0.36757	0.07667	0.09206	0.01273	0.00353	0.00635	0.09104	0.00686	0.00785
38	0.01802	0.13020	0.33480	0.11494	0.07620	0.05962	0.05497	0.02594	0.06726	0.02390	0.01519	0.01806	0.01152	0.00770	0.00737	0.00240	0.01076	0.00625	0.00386	0.01103
39	0.01638	0.07387	0.07386	0.08081	0.08375	0.04882	0.10288	0.02039	0.01744	0.04109	0.06790	0.10690	0.06524	0.05276	0.00983	0.00274	0.00822	0.01015	0.10799	0.00899
40	0.01900	0.11123	0.02347	0.02184	0.18902	0.01583	0.01396	0.05369	0.01833	0.06784	0.02140	0.06250	0.05841	0.00880	0.00701	0.00192	0.00716	0.00744	0.00515	0.28602

[dist]
# distance from previous block
# <min> <max>
1	14

[block]
# block no. 7 follows, 24 sequences, length 6
# corresponding to MSA columns:
# 427-432
name=unknown_H
#
# <colnr> <probs for GDERKNQSTAVLIFYWHMCP>
#	G	D	E	R	K	N	Q	S	T	A	V	L	I	F	Y	W	H	M	C	P
0	0.13136	0.02150	0.05446	0.02009	0.09090	0.10176	0.01511	0.21588	0.07670	0.08781	0.01939	0.05693	0.01547	0.00989	0.00850	0.00249	0.04668	0.00746	0.00627	0.01136
1	0.01389	0.01315	0.01570	0.01426	0.01615	0.08423	0.07583	0.01573	0.01573	0.01967	0.03637	0.23384	0.14291	0.18142	0.01809	0.00400	0.07204	0.01421	0.00569	0.00706
2	0.02153	0.06418	0.09648	0.01696	0.02262	0.02062	0.01498	0.21635	0.28442	0.03468	0.02366	0.02410	0.01800	0.01539	0.08644	0.00367	0.00950	0.00772	0.00676	0.01196
3	0.03014	0.02221	0.02380	0.01825	0.02459	0.02459	0.01507	0.64541	0.03728	0.04998	0.01904	0.01904	0.01349	0.00952	0.00793	0.00238	0.00873	0.00714	0.00793	0.01349
4	0.00942	0.00784	0.00823	0.00854	0.01084	0.00665	0.00625	0.01132	0.01759	0.02122	0.07419	0.18356	0.56535	0.02088	0.00950	0.00277	0.00411	0.01771	0.00736	0.00665
5	0.01606	0.01520	0.02574	0.55007	0.19834	0.01790	0.02256	0.02121	0.01637	0.02158	0.01429	0.02079	0.01103	0.00773	0.00791	0.00258	0.01030	0.00705	0.00362	0.00968

[dist]
# distance from previous block
# <min> <max>
12	18

[block]
# block no. 8 follows, 24 sequences, length 9
# corresponding to MSA columns:
# 455-463
name=unknown_I
#
# <colnr> <probs for GDERKNQSTAVLIFYWHMCP>
#	G	D	E	R	K	N	Q	S	T	A	V	L	I	F	Y	W	H	M	C	P
