[name]
unknown

[dist]
# distance from previous block
# <min> <max>
89	2437

[block]
# block no. 0 follows, 30 sequences, length 6
# corresponding to MSA columns:
# 3733-3738
name=unknown_A
#
# <colnr> <probs for GDERKNQSTAVLIFYWHMCP>
#	G	D	E	R	K	N	Q	S	T	A	V	L	I	F	Y	W	H	M	C	P
0	0.14315	0.01514	0.11820	0.01236	0.01709	0.01194	0.01113	0.09857	0.01669	0.11553	0.02170	0.21946	0.02068	0.01106	0.00674	0.00216	0.00606	0.00922	0.00556	0.13757
1	0.02017	0.18165	0.02035	0.01277	0.01725	0.09265	0.01071	0.23487	0.02208	0.07721	0.09822	0.02795	0.13586	0.00995	0.00670	0.00199	0.00685	0.00769	0.00584	0.00924
2	0.01229	0.00979	0.01383	0.11274	0.09189	0.01008	0.01132	0.06262	0.01740	0.02335	0.18667	0.14983	0.09317	0.01452	0.00825	0.00253	0.00580	0.16054	0.00600	0.00737
3	0.11307	0.02009	0.07439	0.11286	0.02290	0.21167	0.01352	0.10415	0.01792	0.06065	0.01638	0.04574	0.01412	0.01307	0.07669	0.00306	0.00996	0.05672	0.00458	0.00845
4	0.23584	0.09719	0.15175	0.01395	0.01896	0.17427	0.01312	0.02218	0.04952	0.02345	0.06895	0.01860	0.04179	0.00804	0.00652	0.00208	0.03557	0.00563	0.00420	0.00838
5	0.01164	0.01087	0.08493	0.01006	0.01173	0.00909	0.00785	0.05787	0.01234	0.01693	0.02011	0.03754	0.02145	0.51418	0.13882	0.00666	0.00907	0.00893	0.00420	0.00571

[dist]
# distance from previous block
# <min> <max>
2	16

[block]
# block no. 1 follows, 30 sequences, length 12
# corresponding to MSA columns:
# 3755-3760,3765-3770
name=unknown_B
#
# <colnr> <probs for GDERKNQSTAVLIFYWHMCP>
#	G	D	E	R	K	N	Q	S	T	A	V	L	I	F	Y	W	H	M	C	P
0	0.00931	0.00639	0.00895	0.00998	0.01052	0.00642	0.00694	0.01027	0.01231	0.01670	0.03046	0.48824	0.03508	0.02919	0.17665	0.10887	0.00768	0.01519	0.00540	0.00545
1	0.01604	0.01165	0.01450	0.01542	0.11511	0.01203	0.01039	0.19363	0.02069	0.02959	0.15641	0.07701	0.05150	0.01104	0.00707	0.00213	0.00544	0.05353	0.18832	0.00853
2	0.01505	0.04900	0.09572	0.13250	0.17483	0.07263	0.01505	0.03652	0.01624	0.02174	0.09061	0.06480	0.06602	0.00889	0.00685	0.00202	0.00747	0.00760	0.00434	0.11211
3	0.01393	0.01234	0.10306	0.01100	0.01467	0.00919	0.00970	0.01853	0.09088	0.13720	0.04423	0.19564	0.28255	0.01471	0.00785	0.00241	0.00516	0.01253	0.00645	0.00799
4	0.02118	0.01657	0.01774	0.01479	0.01928	0.01861	0.01180	0.35035	0.32828	0.03556	0.02347	0.07219	0.01847	0.00981	0.00717	0.00227	0.00646	0.00795	0.00700	0.01107
5	0.40836	0.01443	0.01508	0.01393	0.05878	0.01655	0.01061	0.14438	0.01638	0.07758	0.01310	0.01525	0.01019	0.01116	0.06327	0.00294	0.08920	0.00516	0.00487	0.00878
6	0.01447	0.01079	0.01179	0.01103	0.01286	0.04191	0.00843	0.09565	0.06359	0.02484	0.05395	0.20694	0.02516	0.01245	0.00874	0.00225	0.09623	0.01007	0.28139	0.00745
7	0.07510	0.11544	0.02317	0.02077	0.17380	0.06387	0.01418	0.27678	0.06943	0.07772	0.01571	0.01663	0.01185	0.00747	0.00643	0.00202	0.00767	0.00582	0.00540	0.01072
8	0.01575	0.01504	0.01803	0.06569	0.10209	0.09837	0.05822	0.07722	0.05861	0.02233	0.02490	0.11991	0.10709	0.01209	0.03435	0.00247	0.03694	0.00891	0.00486	0.11712
9	0.01453	0.22977	0.18382	0.11015	0.02472	0.01749	0.07113	0.01959	0.05294	0.01931	0.01694	0.12317	0.01582	0.01200	0.05694	0.00276	0.00889	0.00760	0.00383	0.00860
10	0.01849	0.06280	0.08518	0.11521	0.14867	0.17404	0.01577	0.06312	0.14797	0.02326	0.06396	0.01991	0.01588	0.00786	0.00675	0.00209	0.00860	0.00637	0.00456	0.00951
11	0.01471	0.00729	0.00786	0.00736	0.00959	0.00691	0.00564	0.01768	0.01552	0.11544	0.03037	0.03171	0.11833	0.00959	0.00565	0.00180	0.00365	0.00777	0.57602	0.00712

[dist]
# distance from previous block
# <min> <max>
0	4

[block]
# block no. 2 follows, 30 sequences, length 11
# corresponding to MSA columns:
# 3775-3785
name=unknown_C
#
# <colnr> <probs for GDERKNQSTAVLIFYWHMCP>
#	G	D	E	R	K	N	Q	S	T	A	V	L	I	F	Y	W	H	M	C	P
0	0.01741	0.01731	0.02772	0.07663	0.56644	0.05762	0.06234	0.02151	0.01599	0.02217	0.01299	0.01706	0.01078	0.00625	0.00689	0.00205	0.00870	0.00616	0.00347	0.04050
1	0.00937	0.01021	0.09428	0.01002	0.01242	0.00719	0.00851	0.01199	0.01552	0.02065	0.17737	0.32926	0.23264	0.01732	0.00831	0.00250	0.00451	0.01518	0.00629	0.00648
2	0.01274	0.00653	0.00661	0.00661	0.00808	0.00653	0.00482	0.01568	0.01421	0.02484	0.02269	0.02787	0.01859	0.07848	0.00777	0.00211	0.00358	0.00685	0.71913	0.00629
3	0.22892	0.06317	0.02010	0.01771	0.10573	0.13236	0.07505	0.10382	0.01727	0.02652	0.01272	0.01492	0.01008	0.00668	0.00580	0.00191	0.00778	0.00514	0.05515	0.08919
4	0.02354	0.02580	0.02015	0.09176	0.06005	0.41990	0.01420	0.17437	0.02146	0.02347	0.01284	0.01517	0.01023	0.00979	0.04500	0.00244	0.01125	0.00532	0.00431	0.00896
5	0.01697	0.29139	0.04377	0.01263	0.01645	0.11940	0.01082	0.05843	0.05672	0.01873	0.01600	0.05911	0.01529	0.11133	0.12088	0.00390	0.00964	0.00655	0.00402	0.00796
6	0.01409	0.01284	0.07618	0.01133	0.01449	0.04784	0.00963	0.08854	0.01749	0.07300	0.11413	0.09408	0.19979	0.07889	0.07789	0.00353	0.00713	0.04573	0.00591	0.00749
7	0.01881	0.12945	0.06855	0.01306	0.04217	0.05438	0.01095	0.09559	0.05476	0.12586	0.08365	0.02299	0.01902	0.01014	0.03590	0.00229	0.00677	0.00659	0.19001	0.00903
8	0.02321	0.08050	0.12396	0.01816	0.10849	0.01565	0.01484	0.16702	0.02059	0.26532	0.02046	0.02361	0.01528	0.00863	0.00694	0.00217	0.00742	0.06078	0.00612	0.01084
9	0.02189	0.01365	0.01734	0.01433	0.01853	0.01392	0.05199	0.27267	0.02294	0.19744	0.02534	0.12071	0.02210	0.01169	0.00765	0.00238	0.00669	0.11238	0.03648	0.00988
10	0.01364	0.05639	0.04926	0.01132	0.01352	0.04976	0.00883	0.01673	0.06417	0.08942	0.03005	0.39862	0.03257	0.09893	0.01105	0.00301	0.00574	0.03393	0.00593	0.00713

[dist]
# distance from previous block
# <min> <max>
218	1235

[block]
# block no. 3 follows, 30 sequences, length 16
# corresponding to MSA columns:
# 5326-5341
name=unknown_D
#
# <colnr> <probs for GDERKNQSTAVLIFYWHMCP>
#	G	D	E	R	K	N	Q	S	T	A	V	L	I	F	Y	W	H	M	C	P
0	0.02060	0.11635	0.01838	0.01434	0.07873	0.05169	0.01056	0.02379	0.03712	0.25860	0.09688	0.06486	0.06088	0.00940	0.00669	0.00195	0.00609	0.00775	0.00615	0.10919
1	0.01614	0.01782	0.13854	0.10455	0.26404	0.01418	0.07399	0.02083	0.01595	0.06997	0.07425	0.02021	0.01554	0.00706	0.00686	0.00202	0.00800	0.00653	0.00415	0.11938
2	0.01659	0.01822	0.13685	0.10527	0.35365	0.01535	0.01917	0.02285	0.08506	0.06036	0.01682	0.02216	0.01376	0.00765	0.00702	0.00220	0.00810	0.04918	0.00420	0.03556
3	0.01844	0.01509	0.02037	0.02508	0.30848	0.05284	0.01457	0.04101	0.11211	0.11170	0.07783	0.02401	0.05049	0.00819	0.00691	0.00203	0.00686	0.00718	0.00528	0.09153
4	0.01310	0.00934	0.01253	0.12960	0.01849	0.00948	0.00967	0.08221	0.01597	0.06861	0.02931	0.45180	0.03201	0.01592	0.00799	0.00250	0.00549	0.01419	0.00595	0.06584
5	0.01395	0.01185	0.01392	0.01028	0.01598	0.00899	0.00811	0.01689	0.01437	0.02231	0.01467	0.07839	0.01345	0.00662	0.00549	0.00119	0.00507	0.00550	0.00434	0.72863
6	0.00944	0.00692	0.00872	0.00989	0.01056	0.00680	0.00665	0.01214	0.07257	0.01837	0.03591	0.61569	0.04188	0.09526	0.01145	0.00319	0.00445	0.01782	0.00630	0.00599
7	0.69433	0.01353	0.01207	0.07934	0.04798	0.01568	0.00929	0.02030	0.01225	0.02966	0.01012	0.01229	0.00788	0.00651	0.00468	0.00217	0.00590	0.00412	0.00417	0.00773
8	0.01133	0.00985	0.01482	0.39167	0.02973	0.01116	0.01282	0.01471	0.01499	0.01942	0.14995	0.03674	0.15561	0.08634	0.01035	0.00276	0.00685	0.00940	0.00469	0.00683
9	0.01618	0.01547	0.02636	0.22793	0.53464	0.01629	0.02087	0.02046	0.01537	0.02147	0.01293	0.01763	0.01059	0.00642	0.00693	0.00214	0.00856	0.00621	0.00336	0.01017
10	0.00841	0.00644	0.00772	0.00874	0.00986	0.00575	0.00604	0.00983	0.01430	0.01820	0.05040	0.49720	0.29145	0.02031	0.00866	0.00266	0.00386	0.01795	0.00648	0.00575
11	0.01492	0.01469	0.02043	0.01759	0.01759	0.02037	0.01451	0.01634	0.01065	0.01657	0.01004	0.01735	0.01027	0.06301	0.02376	0.00331	0.69169	0.00638	0.00313	0.00740
12	0.01212	0.00606	0.00909	0.00909	0.00909	0.00606	0.00606	0.00909	0.00909	0.01212	0.01212	0.02121	0.01212	0.02424	0.02727	0.79697	0.00606	0.00606	0.00303	0.00303
13	0.01762	0.01786	0.02996	0.03928	0.56317	0.05567	0.12957	0.02192	0.01620	0.02241	0.01316	0.01727	0.01086	0.00622	0.00709	0.00210	0.00909	0.00645	0.00347	0.01062
14	0.01504	0.01133	0.01351	0.01114	0.01552	0.01009	0.00865	0.02054	0.12936	0.08238	0.02120	0.13857	0.01925	0.01302	0.06898	0.00253	0.00629	0.00787	0.00537	0.39935
15	0.00848	0.00617	0.00799	0.00945	0.01005	0.00569	0.00636	0.00975	0.01362	0.01792	0.04174	0.68079	0.11345	0.02144	0.00884	0.00279	0.00400	0.01932	0.00648	0.00569

[dist]
# distance from previous block
# <min> <max>
0	2

[block]
# block no. 4 follows, 30 sequences, length 13
# corresponding to MSA columns:
# 5344-5356
name=unknown_E
#
# <colnr> <probs for GDERKNQSTAVLIFYWHMCP>
#	G	D	E	R	K	N	Q	S	T	A	V	L	I	F	Y	W	H	M	C	P
0	0.02146	0.08315	0.18234	0.01859	0.06716	0.24930	0.01631	0.06119	0.01764	0.11074	0.01383	0.01560	0.01057	0.00883	0.02752	0.00232	0.07446	0.00535	0.00419	0.00947
1	0.01882	0.07639	0.02536	0.06218	0.32318	0.01664	0.07166	0.07282	0.08194	0.09686	0.01798	0.02325	0.01472	0.00795	0.00707	0.00219	0.00786	0.05797	0.00479	0.01037
2	0.01210	0.00747	0.00906	0.00891	0.01087	0.00663	0.00647	0.01391	0.01581	0.12279	0.13347	0.25945	0.27370	0.07403	0.01036	0.00279	0.00426	0.01447	0.00678	0.00667
3	0.01807	0.02753	0.29275	0.02350	0.11619	0.14413	0.11914	0.07730	0.01721	0.02272	0.01261	0.01549	0.00969	0.00714	0.00813	0.00220	0.06705	0.00580	0.00355	0.00980
4	0.43191	0.12388	0.07577	0.01634	0.11986	0.08956	0.01233	0.02158	0.01383	0.02573	0.01056	0.01260	0.00853	0.00645	0.00512	0.00202	0.00725	0.00432	0.00381	0.00856
5	0.01836	0.01549	0.01634	0.01440	0.01853	0.01782	0.01129	0.10807	0.62600	0.03080	0.02713	0.02502	0.02027	0.00935	0.00709	0.00234	0.00576	0.00771	0.00709	0.01114
6	0.00905	0.00716	0.00818	0.00811	0.01015	0.00630	0.00620	0.01147	0.01729	0.02226	0.29540	0.06265	0.42975	0.01658	0.00834	0.00236	0.00366	0.06200	0.00690	0.00618
7	0.01015	0.00677	0.00761	0.00761	0.00761	0.00677	0.00423	0.01015	0.01015	0.01353	0.02199	0.04567	0.02537	0.75476	0.03552	0.00677	0.00677	0.01015	0.00423	0.00423
8	0.08508	0.02215	0.14424	0.12747	0.13373	0.14437	0.01693	0.12638	0.01880	0.09509	0.01423	0.01626	0.01050	0.00718	0.00657	0.00210	0.00900	0.00561	0.00448	0.00982
9	0.01881	0.08898	0.36916	0.01945	0.07017	0.08317	0.01986	0.14169	0.01855	0.05809	0.01352	0.01522	0.00996	0.00722	0.00714	0.00211	0.03719	0.00537	0.00404	0.01030
10	0.00907	0.00691	0.00833	0.00903	0.01039	0.00643	0.00664	0.01075	0.01425	0.01810	0.04764	0.26441	0.29833	0.09635	0.06455	0.00372	0.00555	0.10775	0.00604	0.00576
11	0.01709	0.01908	0.12163	0.01923	0.13219	0.08649	0.01457	0.12326	0.01768	0.02420	0.01667	0.12438	0.01556	0.00928	0.00799	0.00204	0.06429	0.00748	0.00450	0.17239
12	0.08253	0.09040	0.07265	0.06481	0.06214	0.01601	0.01297	0.12265	0.08006	0.09063	0.01825	0.07301	0.01538	0.01544	0.11427	0.00355	0.04392	0.00711	0.00503	0.00919

[dist]
# distance from previous block
# <min> <max>
3	63

[block]
# block no. 5 follows, 30 sequences, length 8
# corresponding to MSA columns:
# 5425-5432
name=unknown_F
#
# <colnr> <probs for GDERKNQSTAVLIFYWHMCP>
#	G	D	E	R	K	N	Q	S	T	A	V	L	I	F	Y	W	H	M	C	P
0	0.02037	0.15423	0.05207	0.01791	0.08731	0.17421	0.03716	0.17277	0.01963	0.02447	0.01333	0.01576	0.01089	0.01154	0.08054	0.00277	0.00992	0.00536	0.00428	0.08548
1	0.07631	0.13885	0.07536	0.08560	0.09451	0.16985	0.01446	0.05089	0.11500	0.09149	0.01549	0.01669	0.01182	0.00730	0.00623	0.00201	0.00847	0.00552	0.00457	0.00958
2	0.00898	0.00660	0.00850	0.00966	0.01066	0.00612	0.00698	0.01076	0.01474	0.01936	0.10613	0.48328	0.15027	0.02013	0.00884	0.00275	0.00423	0.10952	0.00658	0.00590
3	0.00948	0.00696	0.00792	0.00777	0.00897	0.00644	0.00523	0.01095	0.01465	0.01926	0.22984	0.05422	0.25100	0.31554	0.01930	0.00410	0.00478	0.01228	0.00590	0.00541
4	0.01832	0.56406	0.09153	0.01375	0.01923	0.06944	0.01361	0.02094	0.01416	0.01699	0.00994	0.01206	0.00897	0.00684	0.00696	0.00176	0.09535	0.00418	0.00303	0.00886
5	0.07737	0.01200	0.01328	0.01166	0.01521	0.01226	0.00912	0.09056	0.18783	0.02633	0.08391	0.07668	0.02497	0.08054	0.00963	0.00257	0.00559	0.08176	0.00592	0.17281
6	0.01771	0.02065	0.22657	0.01839	0.09278	0.01532	0.01639	0.12814	0.15136	0.08232	0.08466	0.02657	0.02035	0.00924	0.00721	0.00228	0.00746	0.05673	0.00559	0.01025
7	0.01839	0.01293	0.01448	0.07395	0.01863	0.05721	0.01042	0.02698	0.25943	0.18129	0.06083	0.13898	0.07314	0.01162	0.00743	0.00234	0.00592	0.00986	0.00678	0.00938

[dist]
# distance from previous block
# <min> <max>
0	3

[block]
# block no. 6 follows, 30 sequences, length 12
# corresponding to MSA columns:
# 5436-5447
name=unknown_G
#
# <colnr> <probs for GDERKNQSTAVLIFYWHMCP>
#	G	D	E	R	K	N	Q	S	T	A	V	L	I	F	Y	W	H	M	C	P
0	0.01197	0.00747	0.00923	0.00903	0.01106	0.00662	0.00667	0.01411	0.01675	0.11848	0.22252	0.25306	0.25316	0.01672	0.00826	0.00242	0.00395	0.01456	0.00710	0.00685
1	0.01916	0.01599	0.02097	0.02289	0.21526	0.01773	0.01475	0.26320	0.06791	0.02945	0.01987	0.08317	0.04837	0.01002	0.00955	0.00233	0.11599	0.00793	0.00534	0.01013
2	0.01519	0.01470	0.02569	0.38468	0.33095	0.01613	0.07276	0.01972	0.01498	0.02031	0.01285	0.01805	0.01015	0.00657	0.00705	0.00222	0.00906	0.00637	0.00329	0.00930
3	0.00886	0.00635	0.00842	0.00947	0.01020	0.00591	0.00651	0.01061	0.01502	0.02046	0.21236	0.56876	0.05127	0.01989	0.00873	0.00267	0.00385	0.01796	0.00679	0.00591
4	0.01015	0.00677	0.00761	0.00761	0.00761	0.00677	0.00423	0.01015	0.01015	0.01353	0.02199	0.04567	0.02537	0.75476	0.03552	0.00677	0.00677	0.01015	0.00423	0.00423
5	0.02366	0.01654	0.01810	0.01456	0.01949	0.01803	0.01181	0.37676	0.21951	0.13257	0.02432	0.02294	0.05080	0.00920	0.00708	0.00219	0.00661	0.00727	0.00722	0.01133
6	0.01636	0.01400	0.02306	0.39279	0.28869	0.01554	0.01904	0.02126	0.04225	0.07828	0.01456	0.01884	0.01109	0.00693	0.00696	0.00222	0.00850	0.00634	0.00385	0.00944
7	0.01918	0.04584	0.06499	0.01447	0.05125	0.01453	0.01171	0.13938	0.18197	0.13532	0.11536	0.02672	0.05613	0.00930	0.00694	0.00208	0.00607	0.00766	0.00645	0.08466
8	0.05333	0.01685	0.02180	0.02123	0.14757	0.08560	0.11641	0.15689	0.07313	0.05201	0.01888	0.10796	0.01642	0.00903	0.00707	0.00216	0.00784	0.00804	0.04061	0.03720
9	0.05845	0.01813	0.06073	0.01683	0.06693	0.09644	0.04588	0.16793	0.12610	0.05650	0.07027	0.02407	0.07123	0.00913	0.00768	0.00215	0.04216	0.00727	0.00559	0.04653
10	0.04285	0.04508	0.12475	0.02074	0.15337	0.04502	0.06112	0.10620	0.07895	0.11847	0.05571	0.02159	0.04139	0.00798	0.00685	0.00209	0.00766	0.00679	0.00522	0.04815
11	0.04356	0.01285	0.01905	0.13143	0.27034	0.01331	0.01484	0.04013	0.06331	0.07037	0.07252	0.03252	0.11378	0.00998	0.00735	0.00228	0.00682	0.06134	0.00509	0.00912

[dist]
# distance from previous block
# <min> <max>
5	89

[block]
# block no. 7 follows, 30 sequences, length 21
# corresponding to MSA columns:
# 5540-5560
name=unknown_H
#
# <colnr> <probs for GDERKNQSTAVLIFYWHMCP>
#	G	D	E	R	K	N	Q	S	T	A	V	L	I	F	Y	W	H	M	C	P
0	0.01793	0.01863	0.07573	0.02590	0.24607	0.07654	0.12157	0.06571	0.01707	0.05321	0.01630	0.01898	0.04338	0.00718	0.00758	0.00200	0.04241	0.00642	0.00413	0.13326
1	0.01736	0.07613	0.24198	0.10376	0.22068	0.01659	0.04662	0.02378	0.06855	0.09534	0.01535	0.01761	0.01145	0.00691	0.00673	0.00214	0.00865	0.00600	0.00406	0.01033
2	0.01564	0.06450	0.20429	0.02142	0.11671	0.01586	0.14617	0.07308	0.07395	0.02533	0.14949	0.02401	0.02183	0.00824	0.00723	0.00218	0.00819	0.00757	0.00471	0.00961
3	0.01569	0.01508	0.02404	0.02883	0.33915	0.04352	0.12298	0.05024	0.04117	0.02248	0.02187	0.17224	0.05122	0.01021	0.00758	0.00229	0.00779	0.00976	0.00454	0.00935
4	0.01339	0.01080	0.01654	0.01731	0.12199	0.01008	0.08179	0.01683	0.04640	0.05813	0.04506	0.31033	0.02860	0.04398	0.00891	0.00250	0.00602	0.03383	0.00545	0.12206
5	0.01037	0.00866	0.01145	0.01185	0.04608	0.00856	0.03044	0.01327	0.04299	0.02071	0.15508	0.20497	0.26766	0.03388	0.01003	0.00262	0.05605	0.05254	0.00616	0.00665
6	0.01718	0.01962	0.16624	0.07389	0.13878	0.01665	0.04804	0.04636	0.31153	0.05763	0.02036	0.02099	0.01518	0.00792	0.00701	0.00226	0.00763	0.00685	0.00524	0.01064
7	0.00991	0.00759	0.00858	0.00823	0.01010	0.00697	0.00599	0.04278	0.01707	0.02227	0.27053	0.08290	0.34397	0.11815	0.01198	0.00292	0.00411	0.01320	0.00659	0.00616
8	0.00854	0.00629	0.00789	0.00913	0.00986	0.00577	0.00615	0.00979	0.01364	0.01777	0.04337	0.58948	0.16406	0.06060	0.01022	0.00296	0.00410	0.01840	0.00636	0.00563
9	0.02088	0.49987	0.06014	0.01367	0.01958	0.06724	0.01294	0.18888	0.01921	0.02362	0.01166	0.01282	0.00968	0.00667	0.00530	0.00169	0.00794	0.00448	0.00402	0.00969
10	0.02020	0.07392	0.02318	0.12735	0.02599	0.19652	0.11060	0.09348	0.01850	0.07738	0.05490	0.01828	0.01373	0.00766	0.00760	0.00203	0.04872	0.00617	0.00448	0.06932
11	0.04959	0.01588	0.02600	0.12588	0.48071	0.01655	0.05897	0.02271	0.09121	0.02320	0.01464	0.01826	0.01179	0.00667	0.00691	0.00216	0.00820	0.00642	0.00385	0.01039
12	0.01318	0.01240	0.02093	0.73798	0.04806	0.01550	0.01938	0.01783	0.01395	0.01783	0.01240	0.01860	0.00930	0.00698	0.00698	0.00233	0.00930	0.00620	0.00310	0.00775
13	0.02954	0.01148	0.01563	0.01212	0.01720	0.00995	0.00995	0.03229	0.01995	0.65934	0.08359	0.02609	0.02128	0.00910	0.00712	0.00216	0.00572	0.00748	0.00856	0.01144
14	0.01647	0.01882	0.04118	0.02941	0.03647	0.01765	0.68588	0.02235	0.01647	0.02235	0.01412	0.01882	0.01059	0.00588	0.00824	0.00235	0.01176	0.00824	0.00353	0.00941
15	0.02607	0.03326	0.01978	0.01798	0.02157	0.72674	0.01348	0.02787	0.01978	0.01708	0.01079	0.01258	0.00899	0.00719	0.00629	0.00180	0.01258	0.00449	0.00360	0.00809
16	0.00928	0.00706	0.00859	0.00873	0.01044	0.00637	0.00660	0.01177	0.01723	0.02284	0.33691	0.15493	0.27629	0.01694	0.00847	0.00244	0.00378	0.07815	0.00699	0.00621
17	0.32435	0.01268	0.01369	0.01127	0.01588	0.01290	0.00918	0.08088	0.01743	0.34496	0.02068	0.07472	0.01535	0.00882	0.00613	0.00221	0.00573	0.00671	0.00668	0.00974
18	0.00825	0.00707	0.00707	0.00707	0.00943	0.00589	0.00530	0.01001	0.01591	0.01885	0.07069	0.06716	0.70839	0.01767	0.00825	0.00236	0.00353	0.01473	0.00648	0.00589
19	0.00906	0.00689	0.00833	0.00841	0.01003	0.00617	0.00614	0.01142	0.01717	0.02288	0.35967	0.20126	0.27334	0.01696	0.00838	0.00238	0.00353	0.01480	0.00704	0.00617
20	0.00860	0.00615	0.00819	0.00965	0.01014	0.00574	0.00649	0.00997	0.01383	0.01856	0.08753	0.69901	0.04760	0.02131	0.00886	0.00279	0.00399	0.01931	0.00657	0.00574

[dist]
# distance from previous block
# <min> <max>
6	8

[block]
# block no. 8 follows, 30 sequences, length 12
# corresponding to MSA columns:
# 5570-5581
name=unknown_I
#
# <colnr> <probs for GDERKNQSTAVLIFYWHMCP>
#	G	D	E	R	K	N	Q	S	T	A	V	L	I	F	Y	W	H	M	C	P
0	0.01526	0.32104	0.11112	0.01743	0.08579	0.01872	0.11083	0.01876	0.01494	0.01904	0.02260	0.07949	0.11951	0.00909	0.00643	0.00199	0.00764	0.00773	0.00391	0.00866
1	0.01527	0.02324	0.35466	0.04486	0.05351	0.01398	0.01811	0.02287	0.10389	0.08924	0.04032	0.02300	0.05460	0.01363	0.09494	0.00333	0.00957	0.00683	0.00450	0.00963
2	0.01156	0.00725	0.00878	0.00901	0.01077	0.00642	0.00644	0.01311	0.01501	0.11166	0.04787	0.36750	0.28225	0.05664	0.00980	0.00277	0.00426	0.01575	0.00665	0.00651
3	0.01635	0.00845	0.01090	0.00988	0.01261	0.00746	0.00754	0.01868	0.01765	0.25148	0.21143	0.20508	0.16469	0.01477	0.00799	0.00236	0.00438	0.01281	0.00750	0.00800
4	0.01719	0.16665	0.21985	0.05806	0.14062	0.04009	0.18281	0.02235	0.01560	0.05361	0.01312	0.01601	0.01008	0.00638	0.00668	0.00207	0.00960	0.00593	0.00348	0.00983
5	0.01690	0.09706	0.02344	0.12043	0.24505	0.07054	0.06339	0.02049	0.01631	0.06531	0.07242	0.02576	0.04736	0.00846	0.00694	0.00212	0.00786	0.04499	0.03612	0.00905
6	0.00891	0.00655	0.00839	0.00937	0.01037	0.00603	0.00665	0.01073	0.01512	0.02009	0.16904	0.47411	0.14555	0.01965	0.00873	0.00267	0.00399	0.06142	0.00670	0.00592
7	0.01808	0.11984	0.09556	0.03729	0.04106	0.21619	0.08773	0.06483	0.01754	0.02060	0.02010	0.09468	0.05245	0.01004	0.00707	0.00217	0.00913	0.07290	0.00436	0.00839
8	0.07645	0.01792	0.01834	0.04653	0.11184	0.14024	0.01286	0.20811	0.04841	0.02885	0.09545	0.02087	0.01778	0.00866	0.00773	0.00211	0.05736	0.00659	0.06461	0.00929
9	0.00922	0.00643	0.00817	0.00927	0.00963	0.00619	0.00610	0.01019	0.01253	0.01667	0.03309	0.47702	0.03909	0.25567	0.01746	0.00412	0.00509	0.06305	0.00576	0.00526
10	0.01927	0.33545	0.04793	0.05829	0.06630	0.11116	0.06150	0.05136	0.04429	0.06253	0.06716	0.01763	0.01479	0.00727	0.00600	0.00186	0.00818	0.00567	0.00418	0.00918
11	0.01249	0.00972	0.01124	0.01078	0.01306	0.01011	0.00811	0.10555	0.12186	0.02369	0.07766	0.24765	0.18895	0.02070	0.10149	0.00360	0.00650	0.01297	0.00636	0.00750

[dist]
# distance from previous block
# <min> <max>
2	90

[block]
# block no. 9 follows, 30 sequences, length 25
# corresponding to MSA columns:
# 5673-5697
name=unknown_J
#
# <colnr> <probs for GDERKNQSTAVLIFYWHMCP>
#	G	D	E	R	K	N	Q	S	T	A	V	L	I	F	Y	W	H	M	C	P
0	0.00960	0.00968	0.08168	0.01052	0.01250	0.00721	0.00874	0.01212	0.01510	0.02036	0.15871	0.38282	0.12163	0.04166	0.00940	0.00276	0.00481	0.07810	0.00625	0.00636
1	0.02013	0.05365	0.01748	0.01434	0.01828	0.20716	0.01126	0.16372	0.22435	0.02725	0.07737	0.02608	0.08971	0.00969	0.00694	0.00210	0.00758	0.00753	0.00593	0.00945
2	0.01075	0.00863	0.01124	0.01314	0.08339	0.00844	0.00856	0.01496	0.09424	0.02180	0.16237	0.31564	0.15926	0.01659	0.00828	0.00252	0.00453	0.04211	0.00646	0.00708
3	0.01616	0.37137	0.40226	0.01620	0.02450	0.02150	0.01936	0.02154	0.01448	0.01946	0.01121	0.01309	0.00889	0.00632	0.00563	0.00188	0.00899	0.00450	0.00296	0.00968
4	0.01667	0.11251	0.04351	0.01302	0.01590	0.26451	0.01038	0.01855	0.01583	0.01731	0.02485	0.13691	0.09146	0.11782	0.01112	0.00282	0.00829	0.06698	0.00455	0.00701
5	0.00877	0.00658	0.00839	0.00921	0.01029	0.00620	0.00651	0.01049	0.01432	0.01889	0.11215	0.43304	0.19365	0.02399	0.09957	0.00372	0.00571	0.01638	0.00626	0.00588
6	0.01688	0.06711	0.16877	0.01988	0.02573	0.08933	0.23897	0.02260	0.06847	0.05266	0.01768	0.02194	0.04017	0.07702	0.01047	0.00265	0.03944	0.00721	0.00406	0.00898
7	0.01634	0.01563	0.02664	0.20081	0.56052	0.01634	0.02095	0.02060	0.01545	0.02167	0.01296	0.01757	0.01066	0.00639	0.00692	0.00213	0.00852	0.00621	0.00337	0.01030
8	0.01011	0.00696	0.00855	0.00888	0.01045	0.00622	0.00638	0.01204	0.01595	0.06249	0.19709	0.34639	0.24648	0.01812	0.00844	0.00251	0.00384	0.01593	0.00688	0.00631
9	0.01398	0.02198	0.31260	0.01891	0.05560	0.01375	0.10650	0.01914	0.01436	0.04877	0.01765	0.12215	0.01599	0.01475	0.09840	0.00344	0.05048	0.00809	0.00393	0.03952
10	0.01584	0.01546	0.05127	0.01893	0.02300	0.01549	0.23863	0.11267	0.06588	0.02343	0.02146	0.09769	0.06912	0.01161	0.01176	0.07286	0.11279	0.00902	0.00467	0.00843
11	0.01626	0.00982	0.01199	0.01043	0.01339	0.00938	0.00812	0.11712	0.02063	0.16479	0.31956	0.10520	0.13796	0.01343	0.00787	0.00225	0.00457	0.01150	0.00749	0.00824
12	0.01202	0.00717	0.00930	0.00963	0.01097	0.00702	0.00698	0.01391	0.01377	0.09032	0.03123	0.32189	0.05811	0.08864	0.14011	0.00444	0.00709	0.03948	0.12149	0.00644
13	0.01409	0.01190	0.01386	0.01009	0.01575	0.00908	0.00791	0.01691	0.01409	0.02192	0.01325	0.01723	0.01167	0.07157	0.00786	0.00154	0.00531	0.00467	0.00414	0.72715
14	0.01890	0.01801	0.01939	0.01648	0.02057	0.14308	0.10077	0.06645	0.35698	0.04999	0.02369	0.09501	0.01952	0.00974	0.00728	0.00229	0.00760	0.00841	0.00598	0.00983
15	0.12227	0.08585	0.18592	0.01814	0.11921	0.01627	0.01532	0.10394	0.03929	0.05292	0.01359	0.01525	0.01041	0.00658	0.00595	0.00187	0.00742	0.00509	0.00430	0.17043
16	0.01506	0.09003	0.32056	0.01700	0.03989	0.07075	0.01765	0.02034	0.03593	0.02050	0.01591	0.08827	0.01452	0.00917	0.00832	0.00219	0.08411	0.03687	0.00377	0.08917
17	0.01400	0.03610	0.71860	0.01989	0.03020	0.01621	0.02578	0.02210	0.01473	0.02210	0.01252	0.01473	0.00884	0.00663	0.00663	0.00221	0.01031	0.00516	0.00295	0.01031
18	0.01318	0.01181	0.07430	0.06896	0.01693	0.01010	0.01027	0.10983	0.01799	0.05560	0.11873	0.24423	0.17131	0.01494	0.00799	0.00244	0.00550	0.03209	0.00621	0.00759
19	0.01658	0.11277	0.42632	0.01702	0.02498	0.01737	0.01962	0.09831	0.07782	0.04940	0.06160	0.01840	0.01445	0.00759	0.00659	0.00213	0.00863	0.00593	0.00430	0.01020
20	0.07824	0.01518	0.08012	0.04469	0.20957	0.01366	0.01423	0.11330	0.01787	0.13102	0.02042	0.14228	0.01799	0.00974	0.00692	0.00222	0.00679	0.00839	0.05773	0.00964
21	0.00913	0.00660	0.00765	0.00822	0.00891	0.00618	0.00526	0.00997	0.01263	0.01628	0.03922	0.29586	0.19393	0.32567	0.01982	0.00436	0.00506	0.01460	0.00554	0.00512
22	0.01422	0.01560	0.07926	0.08777	0.09252	0.08387	0.06096	0.02000	0.11287	0.02143	0.06334	0.18583	0.05822	0.01226	0.00773	0.00242	0.00729	0.06102	0.00518	0.00823
23	0.02158	0.02334	0.18649	0.01964	0.05309	0.11083	0.12179	0.16023	0.02015	0.14025	0.01581	0.01710	0.01130	0.00735	0.00737	0.00212	0.02931	0.00612	0.00495	0.04117
24	0.01799	0.01457	0.01642	0.01699	0.11484	0.10279	0.01156	0.13945	0.01837	0.09172	0.04563	0.02674	0.07503	0.05102	0.21967	0.00495	0.01091	0.00756	0.00513	0.00863

[dist]
# distance from previous block
# <min> <max>
0	133

[block]
# block no. 10 follows, 30 sequences, length 15
# corresponding to MSA columns:
# 5831-5845
name=unknown_K
#
# <colnr> <probs for GDERKNQSTAVLIFYWHMCP>
#	G	D	E	R	K	N	Q	S	T	A	V	L	I	F	Y	W	H	M	C	P
0	0.05604	0.01523	0.09597	0.01572	0.08368	0.03843	0.01217	0.09010	0.10294	0.09606	0.06435	0.16894	0.05605	0.03807	0.00840	0.00251	0.00643	0.03410	0.00590	0.00890
1	0.05673	0.02247	0.28179	0.06844	0.09417	0.04969	0.01737	0.04111	0.03690	0.07908	0.01637	0.07010	0.01335	0.00794	0.00656	0.00208	0.00810	0.00651	0.02846	0.09276
2	0.01521	0.06162	0.30998	0.01830	0.06203	0.04166	0.06403	0.04599	0.04686	0.02238	0.01592	0.09119	0.01388	0.00819	0.00702	0.00205	0.02441	0.00687	0.00395	0.13847
3	0.00912	0.00647	0.00855	0.00953	0.01000	0.00645	0.00640	0.01030	0.01229	0.01661	0.03142	0.47072	0.03659	0.18421	0.14241	0.00517	0.00724	0.01556	0.00551	0.00546
4	0.01380	0.01340	0.02249	0.55467	0.04178	0.01673	0.06726	0.01797	0.01354	0.01797	0.01194	0.01801	0.00937	0.00785	0.00998	0.00246	0.14348	0.00633	0.00312	0.00785
5	0.01738	0.51948	0.03326	0.01430	0.02025	0.02285	0.11352	0.02025	0.01453	0.01820	0.01183	0.04124	0.01082	0.00646	0.00531	0.00161	0.00768	0.00509	0.00335	0.11258
6	0.00938	0.00693	0.00876	0.00869	0.01022	0.00631	0.00637	0.01206	0.01800	0.02473	0.48815	0.18208	0.16015	0.01617	0.00836	0.00234	0.00347	0.01426	0.00728	0.00631
7	0.01405	0.03366	0.64610	0.01891	0.02880	0.01550	0.02398	0.02163	0.01471	0.02217	0.01251	0.01471	0.00899	0.00648	0.00648	0.00209	0.00978	0.00505	0.00307	0.09136
8	0.01686	0.01766	0.09962	0.20732	0.19229	0.01623	0.20197	0.02175	0.01555	0.08390	0.01426	0.01826	0.01073	0.00688	0.00807	0.00228	0.04626	0.00672	0.00378	0.00960
9	0.01576	0.06786	0.04171	0.06984	0.31767	0.01399	0.03201	0.01898	0.01485	0.06303	0.01858	0.03079	0.01766	0.14506	0.01237	0.00307	0.00776	0.09594	0.00425	0.00881
10	0.00976	0.00739	0.01020	0.08507	0.01498	0.00735	0.00879	0.01210	0.01508	0.01994	0.12699	0.37609	0.09732	0.01840	0.00873	0.00274	0.00498	0.16160	0.00628	0.00619
11	0.01237	0.00938	0.01058	0.01016	0.01216	0.00949	0.00738	0.11566	0.08313	0.02325	0.08785	0.26689	0.18415	0.12050	0.01200	0.00308	0.00496	0.01360	0.00639	0.00704
12	0.01578	0.01580	0.11348	0.15179	0.17228	0.01265	0.01549	0.01983	0.01513	0.08828	0.01672	0.09252	0.01446	0.00798	0.00663	0.00195	0.00725	0.00699	0.00432	0.22067
13	0.00979	0.00729	0.00860	0.00877	0.01013	0.00661	0.00602	0.01106	0.01315	0.01736	0.03702	0.25863	0.17238	0.25605	0.01704	0.00385	0.00510	0.05883	0.00551	0.08683
14	0.01362	0.00936	0.01108	0.01035	0.01269	0.00915	0.00778	0.13626	0.01930	0.07280	0.19192	0.27872	0.16751	0.01597	0.00815	0.00242	0.00457	0.01388	0.00699	0.00748

[dist]
# distance from previous block
# <min> <max>
1	5

[block]
# block no. 11 follows, 30 sequences, length 61
# corresponding to MSA columns:
# 5851-5911
name=unknown_L
#
# <colnr> <probs for GDERKNQSTAVLIFYWHMCP>
#	G	D	E	R	K	N	Q	S	T	A	V	L	I	F	Y	W	H	M	C	P
0	0.02037	0.15299	0.11880	0.01932	0.12363	0.12519	0.01522	0.11842	0.10378	0.06628	0.01533	0.01638	0.01179	0.00717	0.00628	0.00193	0.00830	0.00551	0.00463	0.05868
1	0.04307	0.07745	0.02060	0.24018	0.10597	0.18091	0.01498	0.02109	0.01561	0.06052	0.01491	0.02232	0.01300	0.05855	0.00923	0.00248	0.03652	0.05048	0.00392	0.00821
2	0.06048	0.00855	0.01027	0.01021	0.01270	0.00797	0.00827	0.01481	0.01538	0.04292	0.07610	0.11736	0.12296	0.03156	0.00839	0.00253	0.00507	0.24533	0.08161	0.11751
3	0.01703	0.06684	0.10372	0.01678	0.02116	0.01589	0.10790	0.15953	0.03896	0.04155	0.01991	0.05485	0.01837	0.01195	0.01055	0.06090	0.07663	0.14374	0.00500	0.00873
4	0.01965	0.06579	0.02012	0.01502	0.01921	0.06332	0.09780	0.19299	0.09585	0.07737	0.06972	0.04520	0.01864	0.00892	0.00736	0.00210	0.03450	0.00740	0.12964	0.00942
5	0.01536	0.01463	0.02487	0.36718	0.40180	0.01608	0.02047	0.01974	0.01499	0.02048	0.01279	0.01789	0.01024	0.00657	0.00694	0.00219	0.00876	0.00621	0.00329	0.00951
6	0.00965	0.00754	0.00884	0.00899	0.01073	0.00710	0.00655	0.01337	0.08001	0.02218	0.24296	0.25549	0.26655	0.01712	0.00833	0.00245	0.00380	0.01495	0.00689	0.00651
7	0.01474	0.01765	0.11929	0.42056	0.15469	0.06753	0.01941	0.01949	0.01518	0.01985	0.05520	0.01945	0.01299	0.00726	0.00694	0.00222	0.00914	0.00633	0.00346	0.00863
8	0.00902	0.00691	0.00795	0.00801	0.00956	0.00618	0.00569	0.01091	0.01586	0.02062	0.24504	0.15502	0.33282	0.12072	0.01216	0.00299	0.00399	0.01418	0.00651	0.00583
9	0.01422	0.00790	0.00982	0.00965	0.01160	0.00755	0.00732	0.04333	0.01657	0.12432	0.12222	0.25938	0.03493	0.01436	0.00743	0.00232	0.00437	0.07276	0.22269	0.00724
10	0.01463	0.01544	0.07068	0.09204	0.24472	0.01479	0.11973	0.01978	0.06892	0.02101	0.01824	0.12239	0.01710	0.04107	0.03658	0.00288	0.05820	0.00870	0.00413	0.00900
11	0.01118	0.00837	0.01094	0.01007	0.01104	0.00869	0.04743	0.01373	0.07475	0.01590	0.02164	0.03964	0.02298	0.54137	0.12764	0.00671	0.00862	0.00945	0.00438	0.00546
12	0.02135	0.08547	0.11737	0.01592	0.06210	0.01561	0.01358	0.15288	0.09327	0.21089	0.02099	0.06801	0.01626	0.01209	0.05979	0.00282	0.00794	0.00724	0.00601	0.01042
13	0.01133	0.00807	0.01015	0.01017	0.01147	0.00833	0.00755	0.01303	0.01432	0.06619	0.05599	0.35288	0.20304	0.01729	0.01024	0.00259	0.10755	0.01453	0.06878	0.00651
14	0.01625	0.12035	0.02482	0.06481	0.11964	0.11910	0.15599	0.02065	0.06231	0.02010	0.02392	0.09125	0.11206	0.00957	0.00715	0.00216	0.00836	0.00861	0.00435	0.00856
15	0.01223	0.00729	0.01026	0.01031	0.01148	0.00743	0.00762	0.01309	0.01233	0.08023	0.02464	0.15786	0.04554	0.08053	0.24908	0.19172	0.00981	0.05796	0.00482	0.00577
16	0.01550	0.17810	0.24449	0.02183	0.19558	0.01693	0.01776	0.02014	0.01477	0.02088	0.01382	0.06448	0.01218	0.00720	0.00618	0.00189	0.00799	0.00596	0.00350	0.13082
17	0.06887	0.01838	0.07710	0.02442	0.24497	0.06497	0.01625	0.09499	0.06369	0.13030	0.01577	0.01763	0.01199	0.00799	0.00895	0.00224	0.11027	0.00609	0.00483	0.01031
18	0.01474	0.01164	0.01672	0.06309	0.01931	0.01186	0.10389	0.11143	0.08076	0.05217	0.07901	0.14106	0.12613	0.01380	0.00923	0.05134	0.00643	0.07351	0.00592	0.00796
19	0.01130	0.01122	0.10846	0.01059	0.01351	0.00777	0.00930	0.01411	0.01580	0.07588	0.14582	0.28648	0.21562	0.01634	0.00818	0.00248	0.00488	0.02892	0.00634	0.00703
20	0.01657	0.05507	0.26029	0.06303	0.08690	0.18988	0.01712	0.02073	0.01536	0.01902	0.01521	0.04923	0.01397	0.11276	0.01075	0.00277	0.00964	0.02964	0.00360	0.00845
21	0.01508	0.20387	0.26545	0.07242	0.02337	0.01725	0.01643	0.06486	0.04365	0.02207	0.06751	0.09611	0.01892	0.00937	0.00664	0.00214	0.00784	0.03375	0.00426	0.00900
22	0.06262	0.00731	0.00796	0.00810	0.01005	0.00665	0.00596	0.01131	0.01590	0.02135	0.19027	0.19982	0.39411	0.01707	0.00811	0.00241	0.00372	0.01460	0.00658	0.00610
23	0.01958	0.10545	0.16538	0.01909	0.05168	0.24243	0.10968	0.04010	0.05935	0.04720	0.01751	0.01899	0.05785	0.00766	0.00669	0.00203	0.00986	0.00618	0.00407	0.00921
24	0.01975	0.11510	0.09131	0.08345	0.20983	0.14153	0.06639	0.12953	0.03522	0.02405	0.01320	0.01581	0.01042	0.00685	0.00659	0.00202	0.00929	0.00570	0.00400	0.00995
25	0.02062	0.10627	0.03154	0.02216	0.02781	0.21744	0.33977	0.02455	0.01732	0.08392	0.01403	0.01688	0.01075	0.00774	0.02611	0.00231	0.01115	0.00654	0.00396	0.00913
26	0.00885	0.00616	0.00791	0.00931	0.00992	0.00575	0.00628	0.01025	0.01361	0.01852	0.03903	0.65401	0.08131	0.02053	0.00855	0.00271	0.00396	0.01849	0.06909	0.00575
27	0.10328	0.26465	0.06438	0.07389	0.07265	0.18931	0.01394	0.07128	0.01703	0.05358	0.01193	0.01376	0.00959	0.00675	0.00569	0.00186	0.00878	0.00472	0.00386	0.00908
28	0.01289	0.00944	0.01101	0.01071	0.01299	0.00965	0.00795	0.02016	0.21911	0.07039	0.15922	0.26800	0.12988	0.01535	0.00803	0.00247	0.00441	0.01343	0.00703	0.00788
29	0.00979	0.00738	0.00983	0.01008	0.01085	0.00789	0.00722	0.01138	0.01273	0.01750	0.09149	0.26091	0.07431	0.16495	0.21563	0.00584	0.05861	0.01267	0.00517	0.00579
30	0.01591	0.21921	0.07962	0.01865	0.10790	0.06909	0.11192	0.01934	0.01473	0.01947	0.01561	0.06781	0.01424	0.03502	0.08663	0.00311	0.00939	0.00683	0.07708	0.00844
31	0.01833	0.04548	0.02191	0.19112	0.12382	0.11920	0.06602	0.09630	0.09748	0.05111	0.01776	0.08837	0.01513	0.00872	0.00707	0.00221	0.00849	0.00756	0.00469	0.00924
32	0.03131	0.01188	0.01619	0.01242	0.01781	0.01026	0.01026	0.03401	0.01997	0.71606	0.02753	0.02375	0.01727	0.00864	0.00702	0.00216	0.00594	0.00702	0.00864	0.01188
33	0.02128	0.01467	0.01454	0.01228	0.01610	0.11526	0.00976	0.15684	0.02140	0.21002	0.12210	0.03311	0.12601	0.01082	0.00720	0.00213	0.00637	0.03068	0.06029	0.00916
34	0.01759	0.16591	0.18144	0.02075	0.15561	0.08227	0.03662	0.07023	0.01755	0.04525	0.10339	0.02156	0.01812	0.00799	0.00661	0.00203	0.00826	0.02497	0.00432	0.00953
35	0.01535	0.07791	0.38899	0.02333	0.03199	0.01758	0.30093	0.02212	0.01542	0.02182	0.01300	0.01620	0.00958	0.00627	0.00716	0.00222	0.01073	0.00635	0.00319	0.00984
36	0.06408	0.00879	0.01064	0.00968	0.01263	0.00802	0.00773	0.01799	0.01774	0.19463	0.22716	0.05023	0.23748	0.01400	0.00786	0.00235	0.00452	0.08952	0.00720	0.00773
37	0.01494	0.04049	0.02086	0.41894	0.13040	0.01528	0.01690	0.01858	0.01414	0.06542	0.01528	0.06890	0.01321	0.03863	0.00964	0.00253	0.07658	0.00724	0.00379	0.00824
38	0.08302	0.02412	0.01898	0.01609	0.02054	0.31044	0.01263	0.27985	0.11496	0.03000	0.01534	0.01588	0.01163	0.00789	0.00652	0.00201	0.00924	0.00558	0.00541	0.00988
39	0.02453	0.02025	0.01869	0.01507	0.01972	0.15051	0.01212	0.47055	0.02782	0.03645	0.01649	0.01729	0.01218	0.00812	0.00656	0.00197	0.00797	0.00598	0.11732	0.01041
40	0.01556	0.01946	0.14670	0.24963	0.02934	0.11422	0.01597	0.05078	0.09041	0.02182	0.06249	0.02432	0.08119	0.00868	0.00696	0.00217	0.00838	0.00708	0.00439	0.04044
41	0.01401	0.01262	0.02073	0.12646	0.30115	0.01312	0.06041	0.01731	0.01460	0.02052	0.04153	0.10729	0.04203	0.08772	0.01085	0.00273	0.03702	0.00882	0.05267	0.00841
42	0.00895	0.00626	0.00797	0.00915	0.00944	0.00596	0.00587	0.00983	0.01249	0.01666	0.03401	0.56002	0.04054	0.21970	0.01609	0.00390	0.00478	0.01722	0.00587	0.00528
43	0.01409	0.01288	0.01886	0.35404	0.07209	0.01360	0.01480	0.01786	0.01401	0.01997	0.01219	0.01664	0.00980	0.00664	0.00753	0.00186	0.06590	0.00538	0.00352	0.31835
44	0.01528	0.01113	0.01336	0.01338	0.06916	0.01119	0.00932	0.17193	0.04729	0.06880	0.09933	0.19379	0.19622	0.03645	0.00868	0.00248	0.00529	0.01211	0.00656	0.00824
45	0.00897	0.00679	0.00817	0.00886	0.01019	0.00617	0.00641	0.01074	0.01505	0.01939	0.12665	0.31500	0.27654	0.06897	0.01048	0.00290	0.00421	0.08223	0.00646	0.00583
46	0.00912	0.00659	0.00867	0.01011	0.01091	0.00623	0.00733	0.01077	0.01404	0.01841	0.04017	0.53008	0.09689	0.04447	0.00986	0.00300	0.00460	0.15655	0.00639	0.00580
47	0.13566	0.01940	0.02446	0.02443	0.20014	0.13282	0.13886	0.13665	0.01924	0.08177	0.01419	0.01636	0.01076	0.00691	0.00670	0.00210	0.00892	0.00603	0.00463	0.00996
48	0.14009	0.01205	0.01444	0.01149	0.01632	0.01134	0.00941	0.08072	0.01925	0.46578	0.03010	0.02744	0.11181	0.00956	0.00679	0.00218	0.00566	0.00756	0.00758	0.01041
49	0.00938	0.00707	0.00840	0.00809	0.00979	0.00638	0.00591	0.01181	0.01744	0.02342	0.42477	0.05630	0.27037	0.09707	0.01125	0.00275	0.00375	0.01303	0.00691	0.00610
50	0.00850	0.00607	0.00810	0.00972	0.01012	0.00567	0.00648	0.00972	0.01336	0.01781	0.03846	0.75020	0.04615	0.02186	0.00891	0.00283	0.00405	0.01984	0.00648	0.00567
51	0.01458	0.01659	0.07706	0.07004	0.12583	0.01488	0.35763	0.01937	0.01526	0.02099	0.01755	0.12166	0.01599	0.01199	0.06514	0.00307	0.01050	0.00919	0.00388	0.00882
52	0.01086	0.00658	0.00955	0.00973	0.01018	0.00694	0.00683	0.01034	0.01034	0.01419	0.01795	0.10560	0.01866	0.09123	0.25353	0.39093	0.01000	0.00837	0.00374	0.00446
53	0.80405	0.01350	0.01026	0.00918	0.01350	0.01565	0.00756	0.02051	0.01188	0.03131	0.00972	0.01134	0.00756	0.00648	0.00432	0.00216	0.00540	0.00378	0.00432	0.00756
54	0.02607	0.03326	0.01978	0.01798	0.02157	0.72674	0.01348	0.02787	0.01978	0.01708	0.01079	0.01258	0.00899	0.00719	0.00629	0.00180	0.01258	0.00449	0.00360	0.00809
55	0.01029	0.00708	0.00920	0.00920	0.00991	0.00766	0.00637	0.01171	0.01100	0.01577	0.02051	0.03560	0.02108	0.36816	0.35524	0.00843	0.01204	0.00861	0.06679	0.00534
56	0.00975	0.00713	0.00915	0.00864	0.01035	0.00653	0.00648	0.01292	0.01945	0.02726	0.65688	0.05332	0.11696	0.01454	0.00823	0.00221	0.00331	0.01279	0.00759	0.00653
57	0.02607	0.03326	0.01978	0.01798	0.02157	0.72674	0.01348	0.02787	0.01978	0.01708	0.01079	0.01258	0.00899	0.00719	0.00629	0.00180	0.01258	0.00449	0.00360	0.00809
58	0.01304	0.01199	0.01710	0.01533	0.01585	0.01605	0.01251	0.01497	0.01091	0.01654	0.01317	0.02038	0.01265	0.02910	0.31927	0.00649	0.43758	0.00668	0.00334	0.00704
59	0.80405	0.01350	0.01026	0.00918	0.01350	0.01565	0.00756	0.02051	0.01188	0.03131	0.00972	0.01134	0.00756	0.00648	0.00432	0.00216	0.00540	0.00378	0.00432	0.00756
60	0.01548	0.15115	0.01677	0.01097	0.01454	0.06618	0.00902	0.14656	0.02015	0.02550	0.20665	0.03907	0.22730	0.01204	0.00715	0.00206	0.00568	0.00975	0.00602	0.00797

[dist]
# distance from previous block
# <min> <max>
1	48

[block]
# block no. 12 follows, 30 sequences, length 19
# corresponding to MSA columns:
# 5960-5978
name=unknown_M
#
# <colnr> <probs for GDERKNQSTAVLIFYWHMCP>
#	G	D	E	R	K	N	Q	S	T	A	V	L	I	F	Y	W	H	M	C	P
0	0.00967	0.00872	0.05205	0.01207	0.05351	0.00716	0.00846	0.01178	0.01458	0.01997	0.15176	0.51079	0.04439	0.04895	0.00963	0.00280	0.00466	0.01648	0.00620	0.00637
1	0.06265	0.01621	0.11353	0.02054	0.17399	0.01329	0.05824	0.01963	0.01583	0.06543	0.14457	0.02297	0.02096	0.00822	0.00801	0.00203	0.06545	0.00692	0.00465	0.15689
2	0.01725	0.01553	0.09857	0.01324	0.01785	0.01395	0.01158	0.02958	0.38381	0.12779	0.03457	0.03232	0.15248	0.01060	0.00725	0.00232	0.00577	0.00876	0.00671	0.01008
3	0.01381	0.01234	0.01983	0.08736	0.34960	0.01248	0.01517	0.01718	0.01486	0.02106	0.07029	0.12961	0.02115	0.01595	0.11366	0.00350	0.00870	0.00876	0.00428	0.06040
4	0.74243	0.01337	0.01073	0.00944	0.01384	0.01522	0.00777	0.02159	0.01252	0.08591	0.01114	0.01233	0.00833	0.00665	0.00453	0.00216	0.00544	0.00404	0.00466	0.00790
5	0.01000	0.00679	0.00757	0.00757	0.00776	0.00670	0.00431	0.01014	0.01061	0.01395	0.02587	0.04738	0.07983	0.69598	0.03334	0.00641	0.00651	0.01051	0.00441	0.00436
6	0.02131	0.01572	0.01840	0.01699	0.09010	0.01665	0.01231	0.21247	0.28114	0.11835	0.02168	0.02096	0.01589	0.00824	0.00682	0.00208	0.00641	0.00674	0.00655	0.10121
7	0.00846	0.00623	0.00794	0.00930	0.01001	0.00570	0.00629	0.00976	0.01376	0.01798	0.04352	0.64295	0.15014	0.02120	0.00880	0.00276	0.00397	0.01904	0.00648	0.00570
8	0.02529	0.01795	0.02052	0.01587	0.02124	0.01947	0.04133	0.51611	0.08671	0.11036	0.04035	0.01945	0.01486	0.00857	0.00709	0.00214	0.00736	0.00678	0.00704	0.01153
9	0.02510	0.02144	0.10064	0.01649	0.02262	0.02102	0.01469	0.61190	0.03074	0.04148	0.01627	0.01652	0.01152	0.00818	0.00694	0.00211	0.00798	0.00615	0.00652	0.01169
10	0.01471	0.00869	0.01089	0.01051	0.01283	0.00827	0.00785	0.01884	0.09823	0.17160	0.11883	0.32572	0.11477	0.01605	0.00815	0.00251	0.00455	0.03202	0.00716	0.00781
11	0.01131	0.00963	0.04988	0.01034	0.01258	0.00821	0.00813	0.04155	0.07154	0.05027	0.11833	0.36036	0.18683	0.01711	0.00825	0.00253	0.00455	0.01501	0.00658	0.00703
12	0.01632	0.01596	0.02824	0.18693	0.49521	0.01648	0.09689	0.02077	0.01555	0.02171	0.01309	0.01773	0.01063	0.00634	0.00707	0.00216	0.00890	0.00644	0.00339	0.01017
