[name]
unknown

[dist]
# distance from previous block
# <min> <max>
0	952

[block]
# block no. 0 follows, 33 sequences, length 36
# corresponding to MSA columns:
# 959-994
name=unknown_A
#
# <colnr> <probs for GDERKNQSTAVLIFYWHMCP>
#	G	D	E	R	K	N	Q	S	T	A	V	L	I	F	Y	W	H	M	C	P
0	0.07845	0.01766	0.14226	0.01293	0.01772	0.09603	0.01200	0.11656	0.01762	0.10116	0.07907	0.02719	0.05934	0.03178	0.00729	0.00212	0.00690	0.07227	0.00512	0.09653
1	0.15454	0.23443	0.29538	0.01433	0.02119	0.01906	0.01575	0.13372	0.01611	0.02427	0.01127	0.01273	0.00863	0.00633	0.00537	0.00187	0.00777	0.00444	0.00364	0.00917
2	0.00868	0.00662	0.00808	0.00866	0.01015	0.00602	0.00659	0.01075	0.01512	0.01956	0.17968	0.24134	0.29162	0.01735	0.00819	0.00246	0.00394	0.14313	0.00632	0.00573
3	0.00862	0.00725	0.00755	0.00737	0.00963	0.00646	0.00556	0.01175	0.06911	0.01953	0.13972	0.05874	0.59420	0.01571	0.00770	0.00221	0.00345	0.01317	0.00629	0.00601
4	0.00951	0.00675	0.00857	0.00872	0.00946	0.00695	0.00613	0.01081	0.01142	0.01542	0.06526	0.04403	0.07496	0.38851	0.21721	0.00656	0.00896	0.09133	0.00445	0.00498
5	0.01365	0.01170	0.01365	0.00975	0.01560	0.00878	0.00780	0.01658	0.01365	0.02145	0.01170	0.01365	0.00975	0.00488	0.00488	0.00098	0.00488	0.00390	0.00390	0.80888
6	0.01365	0.01170	0.01365	0.00975	0.01560	0.00878	0.00780	0.01658	0.01365	0.02145	0.01170	0.01365	0.00975	0.00488	0.00488	0.00098	0.00488	0.00390	0.00390	0.80888
7	0.01886	0.04878	0.01622	0.01416	0.07731	0.11857	0.01008	0.09075	0.01676	0.15270	0.01766	0.09006	0.01545	0.07669	0.00857	0.00214	0.00667	0.00675	0.00500	0.20683
8	0.01687	0.24466	0.12572	0.01359	0.01845	0.04986	0.04679	0.11938	0.01590	0.06131	0.01414	0.01814	0.01199	0.07279	0.13916	0.00370	0.00964	0.00559	0.00394	0.00838
9	0.00861	0.00653	0.00804	0.00876	0.01014	0.00596	0.00660	0.01057	0.01475	0.01906	0.14550	0.30024	0.27060	0.01783	0.00823	0.00250	0.00397	0.14018	0.00627	0.00568
10	0.01336	0.01264	0.02141	0.58236	0.20858	0.01487	0.01874	0.01763	0.01360	0.01794	0.01186	0.01725	0.00917	0.00641	0.00657	0.00214	0.00855	0.00585	0.00301	0.00806
11	0.22216	0.01546	0.05609	0.01250	0.01714	0.01574	0.01067	0.25267	0.13927	0.10477	0.07436	0.01928	0.01618	0.00801	0.00605	0.00206	0.00599	0.00608	0.00596	0.00955
12	0.00974	0.00760	0.00895	0.00845	0.01045	0.00725	0.00639	0.01432	0.10146	0.02417	0.45959	0.05011	0.23919	0.01380	0.00764	0.00213	0.00342	0.01192	0.00687	0.00654
13	0.00785	0.00667	0.00677	0.00675	0.00894	0.00559	0.00506	0.00959	0.01518	0.01819	0.09789	0.06268	0.69344	0.01652	0.00778	0.00222	0.00332	0.01380	0.00617	0.00559
14	0.01661	0.60586	0.19254	0.01296	0.01951	0.02362	0.01421	0.01997	0.01349	0.01670	0.00975	0.01131	0.00842	0.00577	0.00468	0.00156	0.00765	0.00382	0.00281	0.00874
15	0.01629	0.01564	0.02672	0.04041	0.72757	0.01564	0.02020	0.02020	0.01499	0.02151	0.01238	0.01629	0.01043	0.00587	0.00652	0.00196	0.00782	0.00587	0.00326	0.01043
16	0.01637	0.01414	0.01489	0.01340	0.01712	0.01637	0.01042	0.03498	0.71568	0.02754	0.02679	0.02456	0.02010	0.00893	0.00670	0.00223	0.00521	0.00744	0.00670	0.01042
17	0.02954	0.01120	0.01528	0.01171	0.01681	0.00968	0.00968	0.03208	0.01884	0.73213	0.02597	0.02241	0.01630	0.00815	0.00662	0.00204	0.00560	0.00662	0.00815	0.01120
18	0.01896	0.01875	0.08574	0.02270	0.02905	0.04869	0.43528	0.10523	0.01789	0.12762	0.01522	0.01764	0.01086	0.00632	0.00726	0.00213	0.00976	0.00700	0.00439	0.00951
19	0.00957	0.00638	0.00718	0.00718	0.00718	0.00638	0.00399	0.00957	0.00957	0.01276	0.02074	0.04308	0.02393	0.76864	0.03351	0.00638	0.00638	0.00957	0.00399	0.00399
20	0.00932	0.00673	0.00880	0.00828	0.00984	0.00621	0.00621	0.01242	0.01863	0.02640	0.72410	0.04918	0.06212	0.01346	0.00776	0.00207	0.00311	0.01191	0.00725	0.00621
21	0.02684	0.01231	0.01763	0.01734	0.15326	0.01120	0.01180	0.05358	0.01853	0.57145	0.02301	0.02100	0.01499	0.00770	0.00660	0.00202	0.00609	0.00645	0.00716	0.01105
22	0.01629	0.01564	0.02672	0.04041	0.72757	0.01564	0.02020	0.02020	0.01499	0.02151	0.01238	0.01629	0.01043	0.00587	0.00652	0.00196	0.00782	0.00587	0.00326	0.01043
23	0.02459	0.03138	0.01866	0.01696	0.02035	0.74221	0.01272	0.02629	0.01866	0.01611	0.01018	0.01187	0.00848	0.00678	0.00594	0.00170	0.01187	0.00424	0.00339	0.00763
24	0.81514	0.01273	0.00968	0.00866	0.01273	0.01477	0.00713	0.01935	0.01120	0.02954	0.00917	0.01069	0.00713	0.00611	0.00407	0.00204	0.00509	0.00356	0.00407	0.00713
25	0.01569	0.05656	0.20361	0.05132	0.12465	0.01357	0.03794	0.06874	0.01645	0.10086	0.13812	0.05905	0.02093	0.00859	0.00716	0.00205	0.03179	0.00727	0.00472	0.03095
26	0.01306	0.02274	0.34789	0.01963	0.05865	0.01413	0.18231	0.01857	0.01456	0.02062	0.06860	0.02346	0.09983	0.00819	0.00794	0.00218	0.05809	0.00726	0.00366	0.00864
27	0.00957	0.00638	0.00718	0.00718	0.00718	0.00638	0.00399	0.00957	0.00957	0.01276	0.02074	0.04308	0.02393	0.76864	0.03351	0.00638	0.00638	0.00957	0.00399	0.00399
28	0.01290	0.03195	0.67865	0.01796	0.02706	0.01459	0.02293	0.02020	0.01426	0.02128	0.06665	0.01661	0.01248	0.00681	0.00637	0.00208	0.00922	0.00541	0.00312	0.00946
29	0.01959	0.01878	0.02996	0.02323	0.06827	0.06590	0.37039	0.26733	0.02125	0.02811	0.01395	0.01658	0.01035	0.00649	0.00715	0.00208	0.00958	0.00676	0.00450	0.00972
30	0.01357	0.01286	0.02180	0.54300	0.24627	0.01493	0.01885	0.01782	0.01370	0.01820	0.01190	0.01718	0.00926	0.00637	0.00656	0.00212	0.00849	0.00585	0.00302	0.00823
31	0.00851	0.00664	0.00775	0.00782	0.00957	0.00588	0.00587	0.01069	0.01601	0.02079	0.29042	0.13776	0.37807	0.01608	0.00792	0.00227	0.00347	0.05220	0.00650	0.00579
32	0.01035	0.00864	0.01352	0.32090	0.02530	0.00997	0.01199	0.01325	0.01267	0.01677	0.02230	0.25156	0.02332	0.02006	0.14851	0.00402	0.00873	0.06754	0.00428	0.00633
33	0.01616	0.01306	0.02063	0.24354	0.16277	0.01395	0.08678	0.11770	0.01654	0.08334	0.01695	0.09589	0.01479	0.05848	0.00866	0.00243	0.00767	0.00770	0.00441	0.00855
34	0.01404	0.17478	0.60114	0.01733	0.02628	0.01734	0.02183	0.02063	0.01380	0.01983	0.01131	0.01326	0.00836	0.00614	0.00587	0.00196	0.00922	0.00461	0.00279	0.00949
35	0.01726	0.01677	0.03233	0.02790	0.18355	0.01609	0.43065	0.08056	0.01688	0.06381	0.01400	0.01740	0.01054	0.00595	0.00723	0.00209	0.00952	0.00700	0.00389	0.03658

[dist]
# distance from previous block
# <min> <max>
0	7

[block]
# block no. 1 follows, 33 sequences, length 29
# corresponding to MSA columns:
# 1002-1030
name=unknown_B
#
# <colnr> <probs for GDERKNQSTAVLIFYWHMCP>
#	G	D	E	R	K	N	Q	S	T	A	V	L	I	F	Y	W	H	M	C	P
0	0.04691	0.02429	0.12992	0.01771	0.05250	0.29141	0.06647	0.13577	0.01933	0.13262	0.01408	0.01505	0.01026	0.00694	0.00630	0.00192	0.00938	0.00529	0.00456	0.00928
1	0.01733	0.01718	0.09469	0.02175	0.16136	0.05701	0.17170	0.07664	0.06537	0.10545	0.04695	0.02389	0.09430	0.00802	0.00696	0.00208	0.00784	0.00743	0.00477	0.00929
2	0.01516	0.01505	0.02732	0.22048	0.41623	0.01558	0.15431	0.01951	0.01463	0.02022	0.01239	0.01690	0.00992	0.00599	0.00678	0.00207	0.00871	0.00624	0.00319	0.00932
3	0.00957	0.00638	0.00718	0.00718	0.00718	0.00638	0.00399	0.00957	0.00957	0.01276	0.02074	0.04308	0.02393	0.76864	0.03351	0.00638	0.00638	0.00957	0.00399	0.00399
4	0.19146	0.01553	0.01538	0.01253	0.01713	0.09394	0.01014	0.17039	0.08558	0.29489	0.01866	0.01762	0.01281	0.00759	0.00601	0.00201	0.00649	0.00565	0.00631	0.00988
5	0.00957	0.00638	0.00718	0.00718	0.00718	0.00638	0.00399	0.00957	0.00957	0.01276	0.02074	0.04308	0.02393	0.76864	0.03351	0.00638	0.00638	0.00957	0.00399	0.00399
6	0.00796	0.00596	0.00740	0.00856	0.00939	0.00540	0.00584	0.00923	0.01319	0.01704	0.04366	0.59420	0.20892	0.01967	0.00825	0.00256	0.00370	0.01754	0.00611	0.00540
7	0.01610	0.10802	0.08829	0.01287	0.01592	0.26014	0.01063	0.03888	0.01492	0.01687	0.01839	0.19469	0.01950	0.14314	0.01119	0.00276	0.00809	0.00861	0.00411	0.00687
8	0.01520	0.01351	0.01632	0.05076	0.11954	0.04261	0.01060	0.07491	0.01553	0.02256	0.01389	0.01596	0.03345	0.00582	0.00548	0.00133	0.00594	0.00479	0.00404	0.52775
9	0.16211	0.19983	0.02184	0.01424	0.01875	0.24461	0.05197	0.11349	0.07578	0.02294	0.01207	0.01328	0.00965	0.00665	0.00546	0.00180	0.00831	0.00465	0.00407	0.00851
10	0.02203	0.02710	0.01904	0.01704	0.01958	0.56033	0.01314	0.02366	0.01650	0.01604	0.00979	0.01251	0.00852	0.00798	0.00988	0.00199	0.19946	0.00462	0.00326	0.00752
11	0.06113	0.01165	0.01378	0.01012	0.01570	0.00930	0.00817	0.02008	0.01464	0.17560	0.01465	0.01538	0.01102	0.00565	0.00521	0.00126	0.00504	0.00447	0.00483	0.59230
12	0.00944	0.00691	0.00984	0.00984	0.01075	0.00782	0.00730	0.01128	0.01036	0.01473	0.01831	0.02964	0.01810	0.20700	0.58717	0.00966	0.01517	0.00761	0.00363	0.00546
13	0.01448	0.01471	0.01654	0.13365	0.01992	0.13859	0.01221	0.01623	0.01198	0.01540	0.01248	0.02102	0.01225	0.16196	0.07472	0.00385	0.30384	0.00637	0.00324	0.00656
14	0.01894	0.05125	0.01331	0.01057	0.01371	0.00965	0.00820	0.02209	0.06933	0.32556	0.02557	0.17910	0.02261	0.10992	0.06180	0.00327	0.00620	0.00935	0.00634	0.03322
15	0.00942	0.00698	0.01020	0.01020	0.01125	0.00802	0.00776	0.01151	0.01047	0.01500	0.01798	0.02778	0.01729	0.12948	0.66358	0.01011	0.01638	0.00733	0.00358	0.00567
16	0.00940	0.00705	0.01058	0.01058	0.01176	0.00823	0.00823	0.01176	0.01058	0.01528	0.01763	0.02586	0.01646	0.04937	0.74255	0.01058	0.01763	0.00705	0.00353	0.00588
17	0.01536	0.11475	0.05152	0.13669	0.25523	0.01670	0.23604	0.01970	0.01459	0.02001	0.01258	0.01652	0.01003	0.00594	0.00653	0.00199	0.00874	0.00615	0.04196	0.00898
18	0.01026	0.00832	0.01269	0.05637	0.14982	0.00851	0.01005	0.01249	0.01302	0.01789	0.05455	0.38260	0.03051	0.02231	0.15252	0.00405	0.00762	0.03489	0.00492	0.00659
19	0.01526	0.01459	0.02486	0.23100	0.54505	0.01537	0.01969	0.01930	0.01450	0.02025	0.01220	0.01663	0.00999	0.00606	0.00653	0.00202	0.00808	0.00586	0.00317	0.00959
20	0.00845	0.00619	0.00794	0.00857	0.00958	0.00568	0.00602	0.01036	0.01502	0.02033	0.28423	0.42979	0.12826	0.01762	0.00810	0.00241	0.00351	0.01574	0.00652	0.00568
21	0.01594	0.05242	0.12693	0.16737	0.10363	0.01757	0.07581	0.11752	0.06749	0.02234	0.01291	0.01623	0.01014	0.00766	0.00949	0.00223	0.15572	0.00588	0.00376	0.00895
22	0.01474	0.19515	0.54654	0.01695	0.02556	0.01790	0.02089	0.05373	0.01461	0.02067	0.01142	0.01326	0.00850	0.00620	0.00583	0.00193	0.00902	0.00462	0.00297	0.00952
23	0.00953	0.00722	0.01029	0.00979	0.01071	0.00704	0.06357	0.01073	0.01172	0.01576	0.06464	0.25523	0.05265	0.36220	0.07533	0.00488	0.00659	0.01222	0.00478	0.00512
24	0.01441	0.01348	0.02378	0.15585	0.20102	0.01396	0.19655	0.01948	0.07413	0.03762	0.01549	0.02169	0.01307	0.09983	0.06801	0.00330	0.00918	0.00705	0.00374	0.00836
25	0.13051	0.07492	0.07852	0.01280	0.01681	0.14139	0.01090	0.08516	0.17811	0.02356	0.02173	0.11414	0.06587	0.00960	0.00625	0.00207	0.00677	0.00755	0.00498	0.00834
26	0.70255	0.01539	0.01095	0.00984	0.01382	0.11837	0.00793	0.02034	0.01226	0.02762	0.00931	0.01086	0.00732	0.00621	0.00434	0.00199	0.00606	0.00366	0.00398	0.00720
27	0.01368	0.01548	0.15907	0.01833	0.18011	0.01157	0.01358	0.01948	0.10263	0.07202	0.14842	0.03249	0.16569	0.00999	0.00697	0.00210	0.00600	0.00858	0.00520	0.00863
28	0.05091	0.10981	0.17852	0.01402	0.01928	0.01445	0.07042	0.08768	0.06994	0.10305	0.15560	0.02391	0.02182	0.04301	0.00769	0.00220	0.00681	0.00699	0.00509	0.00879

[dist]
# distance from previous block
# <min> <max>
0	3

[block]
# block no. 2 follows, 33 sequences, length 19
# corresponding to MSA columns:
# 1034-1052
name=unknown_C
#
# <colnr> <probs for GDERKNQSTAVLIFYWHMCP>
#	G	D	E	R	K	N	Q	S	T	A	V	L	I	F	Y	W	H	M	C	P
0	0.04738	0.01419	0.13395	0.01153	0.01594	0.01045	0.01048	0.08669	0.03829	0.08177	0.02478	0.19186	0.08450	0.04421	0.00779	0.00218	0.00570	0.00914	0.00515	0.17403
1	0.16537	0.01511	0.01717	0.07144	0.23061	0.11204	0.01281	0.02097	0.10030	0.02360	0.14606	0.02188	0.02025	0.00787	0.00624	0.00201	0.00673	0.00653	0.00457	0.00843
2	0.01491	0.01334	0.01470	0.01164	0.04235	0.05276	0.00882	0.04335	0.04050	0.02210	0.01234	0.01413	0.01014	0.00528	0.00513	0.00114	0.00549	0.00420	0.00405	0.67366
3	0.01670	0.01335	0.01890	0.01501	0.01909	0.01368	0.15323	0.19366	0.13210	0.07013	0.14030	0.08253	0.08122	0.01016	0.00728	0.00216	0.00637	0.00917	0.00606	0.00888
4	0.00855	0.00670	0.00774	0.00748	0.00936	0.00588	0.00561	0.01094	0.01682	0.02210	0.39578	0.05626	0.39312	0.01506	0.00777	0.00215	0.00322	0.01290	0.00668	0.00588
5	0.01365	0.01170	0.01365	0.00975	0.01560	0.00878	0.00780	0.01658	0.01365	0.02145	0.01170	0.01365	0.00975	0.00488	0.00488	0.00098	0.00488	0.00390	0.00390	0.80888
6	0.01585	0.14146	0.03352	0.08202	0.21487	0.01779	0.35855	0.02031	0.01486	0.01996	0.01226	0.01617	0.00976	0.00572	0.00677	0.00201	0.00939	0.00642	0.00320	0.00910
7	0.02620	0.01046	0.01421	0.01115	0.01565	0.00910	0.00910	0.02884	0.01881	0.61554	0.14131	0.02683	0.02387	0.00903	0.00681	0.00204	0.00519	0.00749	0.00800	0.01038
8	0.00803	0.00668	0.00702	0.00694	0.00905	0.00567	0.00520	0.00994	0.01561	0.01921	0.17530	0.06101	0.61540	0.01614	0.00778	0.00220	0.00330	0.01357	0.00630	0.00567
9	0.00997	0.00817	0.01227	0.10436	0.13250	0.00822	0.00987	0.01207	0.01342	0.01803	0.05921	0.48965	0.06465	0.01601	0.00782	0.00245	0.00503	0.01454	0.00530	0.00647
10	0.01664	0.52259	0.15165	0.01735	0.13627	0.02251	0.01495	0.01999	0.01373	0.01739	0.01014	0.01207	0.00876	0.00578	0.00495	0.00161	0.00762	0.00414	0.00288	0.00899
11	0.01053	0.00841	0.01189	0.07752	0.08634	0.00835	0.01033	0.01349	0.01551	0.02033	0.15117	0.05708	0.18133	0.01484	0.00812	0.00252	0.00541	0.30458	0.00572	0.00653
12	0.01563	0.01563	0.02275	0.20138	0.23675	0.11788	0.12136	0.01847	0.01410	0.01788	0.01189	0.01680	0.00985	0.00893	0.00982	0.13526	0.00879	0.00590	0.00314	0.00779
13	0.01748	0.02039	0.17266	0.02840	0.32675	0.04610	0.11354	0.09092	0.01670	0.06313	0.01332	0.01606	0.01022	0.00643	0.00704	0.00204	0.02915	0.00590	0.00378	0.00999
14	0.01408	0.01338	0.02272	0.44944	0.33587	0.01506	0.01910	0.01826	0.01394	0.01882	0.01199	0.01702	0.00948	0.00628	0.00655	0.00209	0.00837	0.00586	0.00307	0.00864
15	0.01405	0.02377	0.39582	0.02107	0.12565	0.01365	0.10247	0.01961	0.01433	0.06055	0.01666	0.13125	0.01473	0.00844	0.00683	0.00217	0.00848	0.00760	0.00373	0.00913
16	0.01794	0.15129	0.32885	0.01811	0.05553	0.01674	0.10102	0.07315	0.01614	0.13904	0.01421	0.01545	0.01018	0.00648	0.00619	0.00197	0.00849	0.00540	0.00404	0.00979
17	0.01495	0.01650	0.19466	0.01868	0.12118	0.01136	0.09780	0.01886	0.01465	0.13718	0.02234	0.25914	0.02155	0.01108	0.00723	0.00227	0.00703	0.01014	0.00488	0.00855
18	0.01896	0.02017	0.12120	0.08946	0.18602	0.13766	0.16468	0.02317	0.01605	0.13740	0.01432	0.01666	0.01054	0.00645	0.00668	0.00202	0.00919	0.00599	0.00401	0.00938

[dist]
# distance from previous block
# <min> <max>
0	6

[block]
# block no. 3 follows, 33 sequences, length 13
# corresponding to MSA columns:
# 1059-1071
name=unknown_D
#
# <colnr> <probs for GDERKNQSTAVLIFYWHMCP>
#	G	D	E	R	K	N	Q	S	T	A	V	L	I	F	Y	W	H	M	C	P
0	0.01694	0.02038	0.09778	0.10139	0.31567	0.14700	0.16427	0.02122	0.01548	0.01992	0.01206	0.01569	0.00961	0.00607	0.00666	0.00200	0.00953	0.00587	0.00322	0.00922
1	0.01535	0.02724	0.47536	0.02235	0.11924	0.01507	0.12631	0.02175	0.01471	0.08124	0.01332	0.01552	0.00954	0.00626	0.00655	0.00208	0.00934	0.00559	0.00338	0.00982
2	0.01426	0.01878	0.17051	0.19125	0.12803	0.01641	0.19087	0.01900	0.01360	0.01918	0.01167	0.01612	0.00919	0.00705	0.00952	0.00227	0.14454	0.00612	0.00303	0.00860
3	0.01059	0.00721	0.00941	0.07747	0.01322	0.00688	0.00716	0.01260	0.01475	0.07935	0.18383	0.27448	0.18796	0.07282	0.00972	0.00263	0.00437	0.01332	0.00607	0.00615
4	0.00802	0.00573	0.00764	0.00917	0.00955	0.00535	0.00611	0.00917	0.01260	0.01681	0.03628	0.76434	0.04354	0.02062	0.00840	0.00267	0.00382	0.01872	0.00611	0.00535
5	0.01825	0.01092	0.01558	0.01734	0.14408	0.01062	0.01222	0.07286	0.01740	0.22950	0.02675	0.04421	0.02460	0.01225	0.00772	0.00247	0.00634	0.31194	0.00620	0.00874
6	0.00798	0.00590	0.00746	0.00872	0.00943	0.00539	0.00591	0.00922	0.01304	0.01698	0.04178	0.63768	0.16665	0.01991	0.00829	0.00259	0.00373	0.01784	0.00611	0.00539
7	0.01657	0.01330	0.01493	0.01478	0.08166	0.01490	0.01050	0.10331	0.44909	0.02796	0.02330	0.02284	0.01765	0.00831	0.00629	0.00205	0.00529	0.00689	0.15064	0.00973
8	0.01859	0.33761	0.09098	0.01701	0.02297	0.08838	0.17852	0.13253	0.01729	0.02158	0.01155	0.01354	0.00926	0.00614	0.00579	0.00178	0.00872	0.00511	0.00360	0.00903
9	0.01230	0.00789	0.00954	0.00892	0.01031	0.00800	0.00623	0.06505	0.01302	0.08292	0.02619	0.06512	0.10361	0.37671	0.17011	0.00588	0.00822	0.00936	0.00481	0.00583
10	0.35297	0.01375	0.06370	0.07740	0.01768	0.01354	0.01011	0.11830	0.01621	0.09345	0.09232	0.02137	0.06810	0.00818	0.00572	0.00206	0.00577	0.00614	0.00511	0.00808
11	0.09024	0.04949	0.29302	0.02048	0.14992	0.01684	0.01799	0.12361	0.01613	0.05146	0.01234	0.01459	0.00938	0.00711	0.00795	0.00211	0.09881	0.00521	0.00378	0.00954
12	0.11893	0.04814	0.20890	0.01657	0.04834	0.05890	0.07313	0.15970	0.07126	0.08305	0.01647	0.01731	0.03607	0.00723	0.00621	0.00203	0.00782	0.00577	0.00465	0.00950

[dist]
# distance from previous block
# <min> <max>
0	34

[block]
# block no. 4 follows, 33 sequences, length 19
# corresponding to MSA columns:
# 1106-1124
name=unknown_E
#
# <colnr> <probs for GDERKNQSTAVLIFYWHMCP>
#	G	D	E	R	K	N	Q	S	T	A	V	L	I	F	Y	W	H	M	C	P
0	0.09379	0.05255	0.28192	0.02138	0.14718	0.01605	0.10548	0.10806	0.01637	0.05545	0.01353	0.03506	0.01046	0.00674	0.00632	0.00205	0.00836	0.00581	0.00387	0.00957
1	0.00979	0.00824	0.01125	0.01140	0.05609	0.00725	0.04707	0.01195	0.01437	0.01919	0.10466	0.28993	0.24528	0.01480	0.00752	0.00218	0.00441	0.01314	0.00558	0.11591
2	0.03783	0.05687	0.29631	0.01928	0.11238	0.01432	0.10437	0.02003	0.08226	0.02129	0.04165	0.02425	0.12449	0.00818	0.00664	0.00209	0.00776	0.00713	0.00398	0.00888
3	0.09120	0.02128	0.30473	0.04988	0.11258	0.01310	0.01641	0.01903	0.01366	0.02179	0.01159	0.01397	0.00897	0.00575	0.00564	0.00170	0.00739	0.00459	0.00334	0.27337
4	0.09023	0.01101	0.01224	0.00922	0.01430	0.00887	0.00734	0.01583	0.01376	0.02197	0.04393	0.02070	0.09837	0.00674	0.00526	0.00127	0.00464	0.00537	0.00431	0.60465
5	0.09287	0.01961	0.23555	0.11963	0.10892	0.01412	0.01623	0.06828	0.04196	0.06179	0.01321	0.01534	0.00987	0.00631	0.00593	0.00188	0.00748	0.00509	0.00389	0.15201
6	0.01504	0.07955	0.16340	0.01709	0.12931	0.01317	0.01395	0.04932	0.03650	0.04853	0.03808	0.02162	0.01450	0.00732	0.00605	0.00174	0.00670	0.07057	0.00416	0.26339
7	0.01789	0.54427	0.12759	0.01320	0.01898	0.09609	0.01334	0.04709	0.01456	0.01731	0.00986	0.01147	0.00855	0.00610	0.00531	0.00160	0.03121	0.00394	0.00302	0.00861
8	0.01206	0.01095	0.01874	0.08686	0.04196	0.01066	0.20112	0.01631	0.05236	0.03878	0.16417	0.11208	0.15770	0.01152	0.00765	0.00225	0.00641	0.03586	0.00525	0.00731
9	0.00950	0.00669	0.00873	0.00873	0.00926	0.00722	0.00592	0.01057	0.01003	0.01391	0.01933	0.03525	0.02053	0.44132	0.35617	0.00829	0.01150	0.00843	0.00378	0.00485
10	0.01932	0.01456	0.01581	0.01318	0.01729	0.01608	0.01053	0.28542	0.31991	0.07114	0.09507	0.02514	0.04821	0.00926	0.00680	0.00211	0.00571	0.00753	0.00677	0.01014
11	0.00909	0.00700	0.00863	0.00862	0.00966	0.00695	0.00615	0.01074	0.01416	0.01900	0.23526	0.21836	0.19775	0.14621	0.01342	0.00306	0.06145	0.01310	0.00582	0.00555
12	0.01583	0.01517	0.07181	0.01683	0.06920	0.01417	0.12785	0.09806	0.24058	0.05771	0.02854	0.02824	0.15119	0.00921	0.00699	0.00213	0.00659	0.00816	0.00549	0.02624
13	0.01531	0.01443	0.02269	0.08937	0.02356	0.01686	0.17580	0.10447	0.05833	0.02126	0.01502	0.05387	0.01354	0.03368	0.01323	0.00261	0.27218	0.04169	0.00404	0.00807
14	0.01365	0.01170	0.01365	0.00975	0.01560	0.00878	0.00780	0.01658	0.01365	0.02145	0.01170	0.01365	0.00975	0.00488	0.00488	0.00098	0.00488	0.00390	0.00390	0.80888
15	0.01117	0.00906	0.00950	0.00928	0.01033	0.07775	0.00640	0.01179	0.01137	0.01454	0.02210	0.09045	0.07392	0.28441	0.17677	0.11876	0.00873	0.00878	0.00400	0.04088
16	0.00829	0.00658	0.00744	0.00745	0.00926	0.00574	0.00550	0.01034	0.01587	0.02036	0.26827	0.13599	0.44341	0.01611	0.00784	0.00223	0.00332	0.01380	0.00647	0.00574
17	0.10245	0.01532	0.01669	0.01316	0.01806	0.04314	0.01077	0.30913	0.07292	0.30108	0.01960	0.01830	0.01328	0.00785	0.00634	0.00201	0.00644	0.00601	0.00682	0.01061
18	0.02110	0.01333	0.01591	0.01322	0.04533	0.01298	0.01019	0.24222	0.05117	0.21622	0.05208	0.05929	0.03474	0.00844	0.00642	0.00184	0.00579	0.00689	0.00630	0.17654

[dist]
# distance from previous block
# <min> <max>
0	11

[block]
# block no. 5 follows, 33 sequences, length 74
# corresponding to MSA columns:
# 1136-1209
name=unknown_F
#
# <colnr> <probs for GDERKNQSTAVLIFYWHMCP>
#	G	D	E	R	K	N	Q	S	T	A	V	L	I	F	Y	W	H	M	C	P
0	0.01045	0.01116	0.09879	0.01406	0.10899	0.00848	0.01044	0.01376	0.01604	0.02217	0.31355	0.13692	0.13390	0.01327	0.00760	0.00223	0.00488	0.06053	0.00578	0.00699
1	0.01680	0.65808	0.11848	0.01215	0.01813	0.02416	0.01275	0.01959	0.01335	0.01613	0.00975	0.01147	0.00870	0.00714	0.02867	0.00179	0.00771	0.00380	0.00284	0.00852
2	0.01139	0.10420	0.11043	0.03546	0.01524	0.03813	0.01050	0.01442	0.01488	0.01962	0.17589	0.16776	0.08611	0.03215	0.02545	0.00256	0.00603	0.11784	0.00518	0.00676
3	0.01671	0.44819	0.21373	0.01324	0.01959	0.02077	0.01428	0.06188	0.01485	0.04785	0.01401	0.03887	0.03726	0.00695	0.00527	0.00172	0.00745	0.00504	0.00349	0.00885
4	0.00835	0.00654	0.00756	0.00762	0.00932	0.00575	0.00560	0.01044	0.01589	0.02063	0.29077	0.16892	0.38675	0.01618	0.00787	0.00224	0.00333	0.01396	0.00651	0.00575
5	0.00797	0.00673	0.00693	0.00703	0.00921	0.00569	0.00538	0.00973	0.01502	0.01791	0.06456	0.06409	0.67887	0.01677	0.00787	0.00228	0.00352	0.05874	0.00611	0.00559
6	0.01563	0.01528	0.02702	0.14612	0.54811	0.01560	0.09572	0.01979	0.01478	0.02076	0.01238	0.01665	0.01013	0.00594	0.00667	0.00202	0.00833	0.00607	0.00322	0.00979
7	0.01475	0.01167	0.01153	0.01080	0.01330	0.08756	0.00817	0.02122	0.20355	0.08876	0.08037	0.16688	0.12104	0.01208	0.00724	0.00216	0.02178	0.01012	0.09930	0.00773
8	0.01574	0.01237	0.01336	0.01203	0.01535	0.01389	0.00934	0.03030	0.53483	0.05900	0.11070	0.02744	0.02471	0.00933	0.00663	0.00214	0.00477	0.00783	0.08068	0.00955
9	0.02954	0.01120	0.01528	0.01171	0.01681	0.00968	0.00968	0.03208	0.01884	0.73213	0.02597	0.02241	0.01630	0.00815	0.00662	0.00204	0.00560	0.00662	0.00815	0.01120
10	0.01186	0.01094	0.01968	0.10565	0.02267	0.01092	0.22675	0.01596	0.04661	0.01935	0.02504	0.26693	0.02605	0.01290	0.00792	0.00248	0.00713	0.12772	0.02637	0.00707
11	0.00955	0.00647	0.00764	0.00764	0.00780	0.00663	0.00456	0.00987	0.00971	0.01310	0.02032	0.04076	0.02293	0.67165	0.12912	0.00695	0.00790	0.00923	0.00393	0.00424
12	0.01159	0.00714	0.00943	0.00882	0.01064	0.00651	0.00662	0.01436	0.01785	0.11056	0.54681	0.14237	0.05406	0.01378	0.00771	0.00215	0.00350	0.01218	0.00720	0.00670
13	0.02954	0.01120	0.01528	0.01171	0.01681	0.00968	0.00968	0.03208	0.01884	0.73213	0.02597	0.02241	0.01630	0.00815	0.00662	0.00204	0.00560	0.00662	0.00815	0.01120
14	0.01241	0.01103	0.01810	0.66240	0.04078	0.01360	0.01663	0.01664	0.01324	0.01776	0.01288	0.01840	0.00976	0.00671	0.00634	0.00211	0.00808	0.00589	0.10007	0.00717
15	0.02464	0.02981	0.01879	0.01674	0.02036	0.65481	0.01269	0.10855	0.02014	0.01918	0.01086	0.01235	0.00881	0.00692	0.00601	0.00173	0.01131	0.00444	0.00378	0.00806
16	0.81514	0.01273	0.00968	0.00866	0.01273	0.01477	0.00713	0.01935	0.01120	0.02954	0.00917	0.01069	0.00713	0.00611	0.00407	0.00204	0.00509	0.00356	0.00407	0.00713
17	0.01676	0.01923	0.03246	0.05299	0.05906	0.13128	0.46756	0.02115	0.01534	0.01960	0.01223	0.01641	0.00958	0.00643	0.00885	0.00220	0.09024	0.00685	0.00327	0.00851
18	0.01735	0.01512	0.05259	0.24857	0.27364	0.01514	0.08276	0.08519	0.01641	0.10795	0.01421	0.01741	0.01058	0.00654	0.00666	0.00207	0.00818	0.00610	0.00405	0.00947
19	0.00947	0.00634	0.00721	0.00731	0.00733	0.00632	0.00413	0.00955	0.00977	0.01302	0.02174	0.08940	0.02519	0.72060	0.03190	0.00614	0.00622	0.01016	0.00413	0.00408
20	0.00818	0.00585	0.00778	0.00906	0.00958	0.00545	0.00612	0.00956	0.01333	0.01797	0.11957	0.67774	0.04579	0.01976	0.00833	0.00260	0.00373	0.01789	0.00625	0.00545
21	0.01973	0.01542	0.01508	0.01264	0.01621	0.12788	0.00997	0.25825	0.04629	0.11194	0.23454	0.05492	0.02851	0.00998	0.00692	0.00200	0.00631	0.00811	0.00645	0.00886
22	0.41939	0.12586	0.27069	0.01261	0.01891	0.01652	0.01381	0.01993	0.01246	0.02450	0.01011	0.01181	0.00774	0.00610	0.00487	0.00197	0.00701	0.00402	0.00344	0.00824
23	0.00802	0.00573	0.00764	0.00917	0.00955	0.00535	0.00611	0.00917	0.01260	0.01681	0.03628	0.76434	0.04354	0.02062	0.00840	0.00267	0.00382	0.01872	0.00611	0.00535
24	0.02103	0.01441	0.01476	0.01246	0.01650	0.09027	0.00987	0.11043	0.23401	0.24343	0.04898	0.02719	0.10832	0.00946	0.00675	0.00208	0.00598	0.00762	0.00672	0.00971
25	0.01683	0.06142	0.07837	0.02602	0.16947	0.04628	0.34073	0.06378	0.01631	0.04514	0.03626	0.01749	0.01175	0.00641	0.00749	0.00209	0.03449	0.00672	0.00373	0.00925
26	0.01243	0.01170	0.01975	0.75282	0.04534	0.01463	0.01828	0.01682	0.01316	0.01682	0.01170	0.01755	0.00878	0.00658	0.00658	0.00219	0.00878	0.00585	0.00293	0.00731
27	0.01320	0.03405	0.73453	0.01876	0.02849	0.01529	0.02432	0.02085	0.01390	0.02085	0.01181	0.01390	0.00834	0.00625	0.00625	0.00208	0.00973	0.00486	0.00278	0.00973
28	0.01662	0.01520	0.05372	0.23061	0.33662	0.01503	0.09819	0.04294	0.01541	0.09144	0.01374	0.01730	0.01044	0.00634	0.00668	0.00207	0.00830	0.00612	0.00375	0.00946
29	0.11776	0.02358	0.02202	0.01799	0.02242	0.36858	0.16902	0.09334	0.06412	0.02218	0.01243	0.01430	0.00970	0.00668	0.00624	0.00192	0.00997	0.00534	0.00400	0.00840
30	0.02459	0.03138	0.01866	0.01696	0.02035	0.74221	0.01272	0.02629	0.01866	0.01611	0.01018	0.01187	0.00848	0.00678	0.00594	0.00170	0.01187	0.00424	0.00339	0.00763
31	0.01734	0.01653	0.01613	0.01239	0.01768	0.16518	0.03565	0.06549	0.01612	0.04569	0.01220	0.01387	0.00981	0.00562	0.00538	0.00128	0.00678	0.00435	0.00409	0.52843
32	0.01723	0.01696	0.03599	0.02581	0.03227	0.01580	0.61963	0.02242	0.01594	0.10719	0.01485	0.01832	0.01075	0.00586	0.00763	0.00220	0.01043	0.00763	0.00391	0.00916
33	0.00953	0.00656	0.00808	0.00808	0.00839	0.00687	0.00511	0.01015	0.00984	0.01343	0.01992	0.03854	0.02196	0.57879	0.22065	0.00749	0.00935	0.00891	0.00387	0.00449
34	0.01850	0.60196	0.10990	0.01215	0.01817	0.02295	0.01253	0.02128	0.01407	0.09960	0.01141	0.01231	0.00935	0.00599	0.00473	0.00156	0.00717	0.00403	0.00343	0.00891
35	0.00957	0.00638	0.00718	0.00718	0.00718	0.00638	0.00399	0.00957	0.00957	0.01276	0.02074	0.04308	0.02393	0.76864	0.03351	0.00638	0.00638	0.00957	0.00399	0.00399
36	0.00802	0.00573	0.00764	0.00917	0.00955	0.00535	0.00611	0.00917	0.01260	0.01681	0.03628	0.76434	0.04354	0.02062	0.00840	0.00267	0.00382	0.01872	0.00611	0.00535
37	0.01725	0.01746	0.02381	0.17200	0.45426	0.12863	0.01832	0.05223	0.01595	0.02070	0.01207	0.01582	0.00984	0.00624	0.00644	0.00196	0.00861	0.00561	0.00337	0.00943
38	0.01808	0.01156	0.01410	0.01030	0.01594	0.00903	0.00832	0.02090	0.01510	0.21954	0.01568	0.01609	0.01158	0.00579	0.00536	0.00127	0.00508	0.00466	0.00508	0.58655
39	0.16034	0.01891	0.01718	0.01407	0.01863	0.13268	0.01133	0.38907	0.11836	0.03353	0.01526	0.01549	0.01127	0.00756	0.00606	0.00198	0.00733	0.00546	0.00566	0.00983
40	0.01601	0.01708	0.01993	0.01723	0.01777	0.13399	0.01414	0.01749	0.01143	0.01589	0.00888	0.01400	0.00862	0.01078	0.01913	0.00269	0.63919	0.00552	0.00296	0.00727
41	0.01692	0.01017	0.01325	0.01136	0.01415	0.01043	0.00901	0.06272	0.01526	0.20851	0.04979	0.13850	0.02034	0.01613	0.11179	0.00328	0.11098	0.00827	0.06414	0.10499
42	0.01030	0.00748	0.00957	0.01011	0.01121	0.00763	0.00722	0.09391	0.01451	0.01955	0.03086	0.55729	0.03536	0.02362	0.12391	0.00384	0.00641	0.01533	0.00576	0.00614
43	0.01015	0.00740	0.00898	0.00863	0.00871	0.00817	0.00553	0.01048	0.00970	0.01331	0.01907	0.03845	0.02158	0.62877	0.07957	0.00624	0.09798	0.00894	0.00382	0.00450
44	0.28452	0.01817	0.01748	0.01414	0.01878	0.16002	0.08686	0.16772	0.05114	0.02760	0.01233	0.01375	0.00946	0.00658	0.00559	0.00188	0.00755	0.00489	0.00450	0.08705
45	0.00945	0.00687	0.00966	0.00966	0.01052	0.00773	0.00708	0.01117	0.01031	0.01460	0.01847	0.03052	0.01848	0.24397	0.55072	0.00944	0.01459	0.00774	0.00365	0.00537
46	0.00957	0.00638	0.00718	0.00718	0.00718	0.00638	0.00399	0.00957	0.00957	0.01276	0.02074	0.04308	0.02393	0.76864	0.03351	0.00638	0.00638	0.00957	0.00399	0.00399
47	0.02247	0.01437	0.01715	0.10300	0.02150	0.01552	0.01183	0.24657	0.20984	0.23459	0.02121	0.02029	0.01478	0.00809	0.00663	0.00209	0.00641	0.00653	0.00663	0.01052
48	0.02225	0.15178	0.02311	0.01894	0.13127	0.21291	0.01356	0.29806	0.02212	0.02709	0.01262	0.01393	0.00988	0.00689	0.00599	0.00180	0.00853	0.00505	0.00456	0.00965
49	0.00801	0.00578	0.00758	0.00902	0.00951	0.00536	0.00605	0.00918	0.01275	0.01686	0.03807	0.72318	0.08355	0.02039	0.00837	0.00265	0.00379	0.01843	0.00611	0.00536
50	0.01060	0.00832	0.00984	0.00947	0.01158	0.00830	0.00736	0.01655	0.15816	0.02417	0.37408	0.04996	0.17761	0.01373	0.00771	0.00225	0.00393	0.09268	0.00678	0.00692
51	0.01609	0.51849	0.27535	0.01384	0.02089	0.02235	0.01576	0.02010	0.01356	0.01733	0.01007	0.01171	0.00841	0.00585	0.00492	0.00164	0.00797	0.00398	0.00280	0.00889
52	0.02360	0.01341	0.01552	0.01219	0.01679	0.01349	0.00998	0.31541	0.02324	0.30083	0.02790	0.02612	0.12584	0.00937	0.00672	0.00202	0.00586	0.00745	0.03412	0.01014
53	0.00940	0.00705	0.01058	0.01058	0.01176	0.00823	0.00823	0.01176	0.01058	0.01528	0.01763	0.02586	0.01646	0.04937	0.74255	0.01058	0.01763	0.00705	0.00353	0.00588
54	0.01943	0.01342	0.01505	0.01275	0.01673	0.01457	0.01012	0.14755	0.38173	0.16037	0.11126	0.02570	0.02307	0.00917	0.00680	0.00213	0.00537	0.00758	0.00702	0.01018
55	0.01407	0.01303	0.02173	0.14319	0.47582	0.01342	0.01694	0.01744	0.01410	0.01966	0.01654	0.14024	0.01616	0.03951	0.00794	0.00229	0.00725	0.00812	0.00371	0.00885
56	0.01173	0.00620	0.00620	0.00620	0.00782	0.00607	0.00465	0.01463	0.01395	0.02373	0.02695	0.02924	0.10261	0.00876	0.00499	0.00162	0.00310	0.00708	0.70843	0.00607
57	0.00798	0.00587	0.00749	0.00878	0.00945	0.00538	0.00594	0.00921	0.01298	0.01696	0.04099	0.65593	0.14891	0.02001	0.00831	0.00260	0.00374	0.01797	0.00611	0.00538
58	0.00922	0.00730	0.01001	0.01257	0.09664	0.00683	0.00788	0.01104	0.01391	0.01833	0.07997	0.44260	0.18106	0.01744	0.00805	0.00248	0.00431	0.05844	0.00583	0.00610
59	0.01297	0.01098	0.01292	0.00968	0.01487	0.00836	0.00760	0.01568	0.01352	0.02089	0.01468	0.10455	0.01384	0.00678	0.00530	0.00118	0.00475	0.00569	0.00417	0.71159
60	0.01884	0.07052	0.05395	0.01593	0.04671	0.31489	0.05923	0.02279	0.06728	0.01925	0.01215	0.01391	0.00987	0.00616	0.00573	0.00157	0.00870	0.00466	0.00371	0.24415
61	0.03431	0.08474	0.03946	0.15152	0.36768	0.06461	0.04025	0.03469	0.01503	0.03601	0.01210	0.01551	0.00981	0.00606	0.00616	0.00188	0.00801	0.00542	0.00340	0.06337
62	0.01737	0.15587	0.33073	0.01546	0.02261	0.06192	0.01681	0.13807	0.04070	0.04674	0.01289	0.01413	0.00964	0.00648	0.00583	0.00182	0.00822	0.00483	0.00389	0.08599
63	0.10942	0.01201	0.02022	0.01609	0.01989	0.01196	0.26326	0.01716	0.06138	0.02059	0.02553	0.07730	0.12794	0.04407	0.10742	0.00355	0.00874	0.04172	0.00445	0.00729
64	0.00900	0.00982	0.09578	0.00976	0.01218	0.00699	0.00853	0.01150	0.01437	0.01864	0.08618	0.27418	0.29248	0.01664	0.00797	0.00245	0.00462	0.10701	0.00577	0.00611
65	0.01563	0.28767	0.30465	0.11508	0.02605	0.04329	0.04359	0.02077	0.03220	0.03759	0.01164	0.01381	0.00902	0.00619	0.00566	0.00186	0.00856	0.00473	0.00310	0.00891
66	0.05936	0.02032	0.20946	0.07048	0.40058	0.03313	0.01961	0.03733	0.01505	0.05499	0.01268	0.01560	0.00986	0.00620	0.00631	0.00200	0.00821	0.00548	0.00347	0.00988
67	0.00852	0.00637	0.00772	0.00853	0.00962	0.00586	0.00612	0.00999	0.01348	0.01726	0.06143	0.34976	0.25047	0.10947	0.01133	0.00302	0.00426	0.10556	0.00588	0.00537
68	0.01735	0.01727	0.02160	0.06442	0.40308	0.14523	0.01588	0.06520	0.04613	0.02081	0.01381	0.01913	0.01210	0.09869	0.00970	0.00247	0.00827	0.00609	0.00372	0.00904
69	0.01653	0.08842	0.16514	0.02189	0.18539	0.03966	0.08915	0.02427	0.17154	0.06766	0.03418	0.01991	0.01426	0.00727	0.00652	0.00205	0.00772	0.02438	0.00439	0.00968
70	0.01254	0.07319	0.08224	0.01443	0.10060	0.05834	0.01087	0.01726	0.09621	0.01957	0.07929	0.03414	0.22948	0.01691	0.12279	0.00339	0.00778	0.00867	0.00476	0.00756
71	0.09089	0.01432	0.01619	0.01289	0.01746	0.01515	0.01053	0.32996	0.07426	0.23480	0.05066	0.02004	0.01557	0.01081	0.05370	0.00257	0.00693	0.00638	0.00666	0.01023
72	0.12185	0.04299	0.09344	0.10971	0.17362	0.10651	0.04823	0.03860	0.07773	0.07962	0.01383	0.01596	0.01055	0.00681	0.00663	0.00203	0.03332	0.00547	0.00405	0.00903
73	0.01907	0.33427	0.04754	0.01386	0.01833	0.22891	0.03396	0.09649	0.01684	0.01906	0.01369	0.10313	0.01306	0.00805	0.00567	0.00176	0.00828	0.00601	0.00381	0.00820

[dist]
# distance from previous block
# <min> <max>
0	27

[block]
# block no. 6 follows, 33 sequences, length 17
# corresponding to MSA columns:
# 1237-1253
name=unknown_G
#
# <colnr> <probs for GDERKNQSTAVLIFYWHMCP>
#	G	D	E	R	K	N	Q	S	T	A	V	L	I	F	Y	W	H	M	C	P
0	0.01272	0.01113	0.01676	0.19033	0.22328	0.01186	0.01322	0.03642	0.06799	0.02008	0.06892	0.14528	0.07439	0.06796	0.00908	0.00251	0.00642	0.00934	0.00453	0.00778
1	0.01425	0.01386	0.02455	0.16066	0.04838	0.01460	0.27395	0.07123	0.04883	0.02129	0.05248	0.07800	0.04764	0.03281	0.00928	0.00240	0.06518	0.00839	0.00417	0.00805
2	0.01813	0.14554	0.01986	0.07215	0.11950	0.05079	0.03161	0.04214	0.01559	0.18701	0.02154	0.05238	0.06833	0.04079	0.05767	0.00274	0.00757	0.03316	0.00490	0.00858
3	0.01132	0.00799	0.00969	0.00929	0.01154	0.00760	0.00699	0.01480	0.07991	0.08096	0.06518	0.21304	0.23514	0.02064	0.13129	0.00362	0.00634	0.01182	0.00579	0.06705
4	0.00839	0.00600	0.00761	0.00875	0.00925	0.00564	0.00584	0.00945	0.01236	0.01629	0.03582	0.55264	0.09250	0.15300	0.01284	0.00331	0.00433	0.04510	0.00573	0.00515
5	0.02007	0.07651	0.07519	0.18089	0.04890	0.16419	0.06619	0.09552	0.04741	0.14000	0.01481	0.01649	0.01080	0.00693	0.00635	0.00197	0.00865	0.00562	0.00446	0.00905
6	0.01212	0.01119	0.01912	0.37429	0.12000	0.01264	0.07441	0.01585	0.01331	0.01782	0.03729	0.07696	0.03189	0.01540	0.13580	0.00367	0.00974	0.00757	0.00355	0.00737
7	0.01427	0.00886	0.00947	0.00858	0.01094	0.00915	0.00678	0.15746	0.01787	0.02738	0.07326	0.03051	0.07104	0.00946	0.00576	0.00181	0.00415	0.05169	0.47443	0.00714
8	0.01133	0.01019	0.01747	0.14217	0.02160	0.01145	0.12738	0.01458	0.01267	0.01774	0.08954	0.02464	0.01825	0.02793	0.35932	0.00624	0.06961	0.00738	0.00373	0.00677
9	0.01711	0.01619	0.02034	0.17298	0.26519	0.11606	0.01544	0.13909	0.01799	0.02327	0.06126	0.07437	0.01586	0.00811	0.00669	0.00203	0.00787	0.00701	0.00427	0.00888
10	0.01350	0.01378	0.01889	0.47250	0.03497	0.10730	0.06697	0.01719	0.01441	0.01753	0.04738	0.05757	0.07412	0.00835	0.00683	0.00215	0.00841	0.00734	0.00362	0.00718
11	0.01484	0.00965	0.01395	0.01234	0.01467	0.01025	0.05477	0.06092	0.01424	0.13887	0.02094	0.03190	0.01896	0.10245	0.27016	0.00568	0.06040	0.10262	0.03515	0.00724
12	0.01645	0.12041	0.04290	0.15064	0.06945	0.12826	0.06287	0.01946	0.01535	0.09333	0.07012	0.12804	0.01943	0.00936	0.00665	0.00205	0.00761	0.02524	0.00445	0.00793
13	0.01200	0.00757	0.01063	0.01008	0.01049	0.00850	0.00727	0.04307	0.01017	0.01402	0.01291	0.02177	0.01277	0.08225	0.12620	0.50174	0.09483	0.00622	0.00322	0.00427
14	0.01606	0.15260	0.27389	0.06452	0.06899	0.14379	0.01671	0.02162	0.06776	0.01914	0.01291	0.01528	0.01023	0.00933	0.05442	0.00246	0.00944	0.00503	0.02711	0.00873
15	0.01882	0.06874	0.01715	0.11934	0.09241	0.01210	0.01208	0.02295	0.06850	0.26716	0.02317	0.06729	0.01950	0.01125	0.03015	0.00249	0.00673	0.12542	0.00578	0.00894
16	0.01719	0.07672	0.07608	0.07142	0.27855	0.08539	0.20363	0.07246	0.01638	0.02161	0.01236	0.01571	0.00980	0.00607	0.00662	0.00199	0.00917	0.00599	0.00346	0.00942

[dist]
# distance from previous block
# <min> <max>
4	10

[block]
# block no. 7 follows, 33 sequences, length 28
# corresponding to MSA columns:
# 1264-1291
name=unknown_H
#
# <colnr> <probs for GDERKNQSTAVLIFYWHMCP>
#	G	D	E	R	K	N	Q	S	T	A	V	L	I	F	Y	W	H	M	C	P
0	0.01559	0.01504	0.06141	0.18164	0.27245	0.07965	0.01567	0.01907	0.01508	0.07917	0.05897	0.12244	0.01795	0.00882	0.00681	0.00210	0.00749	0.00786	0.00422	0.00857
1	0.01250	0.01249	0.05614	0.12129	0.12856	0.03967	0.04502	0.02973	0.05085	0.01920	0.02339	0.28658	0.02466	0.01283	0.00817	0.00241	0.04163	0.07274	0.00469	0.00743
2	0.01800	0.02181	0.33058	0.01748	0.04280	0.01294	0.11983	0.02316	0.01575	0.23222	0.02131	0.02162	0.07683	0.00766	0.00674	0.00210	0.00807	0.00668	0.00478	0.00968
3	0.01597	0.02425	0.41334	0.01688	0.02402	0.01373	0.07465	0.08366	0.01609	0.11838	0.01762	0.11982	0.01471	0.00860	0.00676	0.00216	0.00823	0.00736	0.00436	0.00938
4	0.01357	0.06888	0.47789	0.02112	0.13491	0.01513	0.06112	0.01965	0.01424	0.02038	0.01688	0.01885	0.07459	0.00708	0.00641	0.00205	0.00878	0.00595	0.00319	0.00933
5	0.01504	0.01711	0.08521	0.36718	0.13240	0.11579	0.01695	0.02083	0.09678	0.01902	0.01430	0.04524	0.01157	0.00728	0.00654	0.00210	0.00855	0.00621	0.00359	0.00831
6	0.06113	0.01335	0.01777	0.14643	0.13192	0.07886	0.05397	0.03458	0.01604	0.15924	0.07253	0.07517	0.03272	0.00940	0.00691	0.00217	0.00710	0.06726	0.00507	0.00839
7	0.05987	0.08374	0.18757	0.01672	0.02218	0.10839	0.17629	0.02035	0.01486	0.06002	0.01573	0.08368	0.01332	0.00767	0.00630	0.00199	0.00830	0.00678	0.09795	0.00827
8	0.01295	0.10251	0.08104	0.01301	0.01578	0.07922	0.01185	0.01584	0.01456	0.01836	0.02722	0.09258	0.06792	0.01406	0.00890	0.00255	0.06992	0.34002	0.00487	0.00685
9	0.01635	0.01179	0.01802	0.01488	0.01861	0.01169	0.15049	0.06351	0.09933	0.15169	0.08693	0.03908	0.08887	0.01135	0.00807	0.00237	0.02808	0.16450	0.00601	0.00840
10	0.06954	0.19071	0.06296	0.01259	0.01730	0.01812	0.01107	0.30829	0.02048	0.07775	0.01510	0.01886	0.01248	0.12527	0.01005	0.00254	0.00696	0.00578	0.00504	0.00910
11	0.00846	0.00645	0.00809	0.00865	0.00994	0.00609	0.00635	0.01030	0.01392	0.01820	0.12605	0.30355	0.25700	0.02284	0.12213	0.00370	0.00585	0.05096	0.00585	0.00564
12	0.01729	0.47757	0.16324	0.01343	0.01921	0.13142	0.01367	0.02034	0.01423	0.01667	0.01132	0.05340	0.01039	0.00676	0.00510	0.00165	0.00810	0.00473	0.00308	0.00839
13	0.01144	0.00572	0.00858	0.00858	0.00858	0.00572	0.00572	0.00858	0.00858	0.01144	0.01144	0.02001	0.01144	0.02287	0.02573	0.80846	0.00572	0.00572	0.00286	0.00286
14	0.01351	0.05537	0.05626	0.01473	0.05721	0.01487	0.01167	0.04389	0.12032	0.02002	0.07926	0.02606	0.08251	0.05610	0.08944	0.00343	0.23578	0.00746	0.00441	0.00769
15	0.02092	0.17891	0.10607	0.05527	0.02097	0.10315	0.01324	0.16000	0.11104	0.14321	0.01619	0.01637	0.01185	0.00720	0.00599	0.00189	0.00758	0.00541	0.00504	0.00971
16	0.00923	0.00645	0.00716	0.00714	0.00762	0.00622	0.00428	0.00968	0.01099	0.01432	0.06163	0.04711	0.15520	0.59493	0.02757	0.00542	0.00567	0.01048	0.00453	0.00438
17	0.01591	0.01491	0.01325	0.01188	0.01402	0.17970	0.00885	0.07777	0.08668	0.04119	0.10213	0.03092	0.08321	0.20661	0.01502	0.00320	0.07479	0.00803	0.00493	0.00700
18	0.00833	0.00669	0.00743	0.00725	0.00923	0.00579	0.00543	0.01051	0.01630	0.02087	0.30208	0.05828	0.48759	0.01552	0.00777	0.00217	0.00325	0.01318	0.00652	0.00579
19	0.01268	0.00750	0.00973	0.00873	0.01095	0.00675	0.00670	0.01555	0.01834	0.14773	0.54290	0.04585	0.11507	0.01283	0.00757	0.00208	0.00356	0.01117	0.00730	0.00702
20	0.01346	0.07748	0.69337	0.01832	0.02781	0.01592	0.02356	0.02078	0.01387	0.02053	0.01166	0.01370	0.00835	0.00622	0.00614	0.00205	0.00957	0.00479	0.00278	0.00965
21	0.01769	0.01563	0.01557	0.01378	0.01763	0.06268	0.01076	0.09615	0.60855	0.02810	0.02473	0.02295	0.01854	0.00870	0.00664	0.00218	0.00582	0.00710	0.00648	0.01032
22	0.00823	0.00669	0.00729	0.00714	0.00917	0.00575	0.00535	0.01031	0.01606	0.02029	0.25770	0.05924	0.53233	0.01574	0.00778	0.00218	0.00327	0.01332	0.00644	0.00575
23	0.01822	0.37380	0.06516	0.01514	0.07876	0.12003	0.01243	0.02276	0.10202	0.06332	0.01466	0.06068	0.01274	0.00735	0.00549	0.00175	0.00741	0.00552	0.00396	0.00880
24	0.00957	0.00638	0.00718	0.00718	0.00718	0.00638	0.00399	0.00957	0.00957	0.01276	0.02074	0.04308	0.02393	0.76864	0.03351	0.00638	0.00638	0.00957	0.00399	0.00399
25	0.06215	0.19865	0.06330	0.01346	0.01824	0.06734	0.01176	0.13538	0.31222	0.02582	0.01787	0.01758	0.01371	0.00752	0.00587	0.00194	0.00668	0.00568	0.00515	0.00966
