[name]
unknown

[dist]
# distance from previous block
# <min> <max>
7	73

[block]
# block no. 0 follows, 28 sequences, length 15
# corresponding to MSA columns:
# 81-95
name=unknown_A
#
# <colnr> <probs for GDERKNQSTAVLIFYWHMCP>
#	G	D	E	R	K	N	Q	S	T	A	V	L	I	F	Y	W	H	M	C	P
0	0.05682	0.01358	0.01494	0.01286	0.01639	0.05262	0.01011	0.14544	0.08782	0.16924	0.10461	0.03133	0.02443	0.08392	0.08224	0.02883	0.00796	0.04098	0.00663	0.00925
1	0.06104	0.01403	0.05757	0.01349	0.01795	0.01252	0.05999	0.10706	0.03739	0.08252	0.07958	0.02641	0.02001	0.11170	0.10664	0.00394	0.00861	0.00744	0.00537	0.16673
2	0.06786	0.12706	0.02120	0.07882	0.07927	0.11964	0.01281	0.09832	0.01878	0.12799	0.01894	0.07867	0.03245	0.00890	0.00664	0.00205	0.00784	0.00703	0.00523	0.08052
3	0.01588	0.00970	0.01315	0.01193	0.01435	0.00962	0.04022	0.05715	0.01735	0.13164	0.12017	0.12731	0.03238	0.09684	0.04416	0.00343	0.02730	0.10651	0.11311	0.00779
4	0.10921	0.01107	0.01348	0.08449	0.05086	0.01160	0.00995	0.08749	0.04423	0.08593	0.02944	0.16654	0.11265	0.04883	0.01067	0.06985	0.00602	0.01045	0.02935	0.00789
5	0.11736	0.01300	0.01613	0.07760	0.07079	0.01322	0.01139	0.05073	0.11178	0.25866	0.02199	0.02200	0.01558	0.00820	0.00654	0.00214	0.00618	0.00661	0.11311	0.05701
6	0.01425	0.01212	0.06533	0.01225	0.01514	0.01051	0.00985	0.08993	0.09079	0.04486	0.02780	0.33960	0.02913	0.01684	0.01078	0.10684	0.00576	0.01270	0.00597	0.07954
7	0.01773	0.12539	0.12421	0.01425	0.01927	0.01356	0.06766	0.02161	0.01769	0.16866	0.17187	0.03559	0.05951	0.04459	0.00890	0.00250	0.00699	0.06490	0.00603	0.00909
8	0.02182	0.12494	0.02088	0.01427	0.01889	0.04292	0.05039	0.12520	0.12864	0.18197	0.02272	0.08294	0.01879	0.07410	0.00967	0.00261	0.00714	0.00810	0.00631	0.03769
9	0.01586	0.13888	0.11261	0.01327	0.01765	0.05944	0.01195	0.05611	0.05623	0.04121	0.02259	0.19135	0.02291	0.08172	0.00998	0.00267	0.00716	0.04010	0.00508	0.09322
10	0.01714	0.12166	0.20104	0.01714	0.07594	0.01664	0.01568	0.10524	0.05208	0.02625	0.07129	0.01911	0.01585	0.00743	0.00644	0.00186	0.00757	0.00593	0.00461	0.21111
11	0.05432	0.01922	0.04946	0.06540	0.33023	0.11014	0.01772	0.08035	0.05300	0.04249	0.01506	0.01847	0.01219	0.01132	0.06689	0.00299	0.02985	0.00631	0.00430	0.01031
12	0.01340	0.07620	0.07706	0.01245	0.01507	0.07906	0.01035	0.04536	0.01625	0.02084	0.08481	0.34829	0.03549	0.06808	0.01028	0.00290	0.00649	0.06465	0.00577	0.00722
13	0.08784	0.01892	0.08009	0.01711	0.07590	0.10015	0.01326	0.22627	0.02067	0.02847	0.01717	0.05275	0.01508	0.08439	0.12586	0.00420	0.01033	0.00718	0.00507	0.00929
14	0.24359	0.18652	0.02313	0.01858	0.13317	0.11670	0.01319	0.02351	0.01537	0.08043	0.01238	0.01446	0.01003	0.00742	0.00728	0.00211	0.07370	0.00496	0.00418	0.00929

[dist]
# distance from previous block
# <min> <max>
0	1

[block]
# block no. 1 follows, 28 sequences, length 84
# corresponding to MSA columns:
# 97-180
name=unknown_B
#
# <colnr> <probs for GDERKNQSTAVLIFYWHMCP>
#	G	D	E	R	K	N	Q	S	T	A	V	L	I	F	Y	W	H	M	C	P
0	0.01933	0.07847	0.21298	0.02568	0.18531	0.07215	0.12934	0.02444	0.01708	0.11255	0.01752	0.01959	0.03777	0.00739	0.00718	0.00220	0.00959	0.00665	0.00428	0.01051
1	0.01176	0.10788	0.06808	0.01061	0.01299	0.01008	0.00885	0.01312	0.01447	0.01908	0.13034	0.22863	0.12071	0.01812	0.01268	0.18338	0.00550	0.01208	0.00533	0.00628
2	0.01978	0.07004	0.07707	0.01672	0.10309	0.01240	0.01250	0.04844	0.01760	0.23631	0.05019	0.19057	0.02566	0.04827	0.00913	0.00263	0.00660	0.03702	0.00641	0.00958
3	0.01691	0.20936	0.27193	0.02478	0.18142	0.02054	0.07279	0.02210	0.01527	0.02125	0.01229	0.01541	0.00994	0.00706	0.00795	0.00217	0.06972	0.00559	0.00326	0.01026
4	0.01408	0.01360	0.06616	0.01310	0.01704	0.01200	0.04268	0.07210	0.17137	0.02526	0.06226	0.19948	0.13948	0.01350	0.00785	0.00237	0.00577	0.01174	0.00627	0.10389
5	0.01426	0.04225	0.04490	0.01411	0.04857	0.06247	0.01103	0.01690	0.01612	0.07247	0.03367	0.23023	0.07030	0.05580	0.01023	0.00302	0.00667	0.23349	0.00608	0.00743
6	0.30340	0.10322	0.02325	0.01619	0.02163	0.01852	0.16568	0.04849	0.14563	0.02818	0.01538	0.01696	0.01187	0.00715	0.00618	0.00220	0.00754	0.00597	0.00479	0.04776
7	0.01163	0.00956	0.04523	0.01325	0.06420	0.00802	0.00955	0.01419	0.01618	0.05912	0.12952	0.34399	0.13636	0.01799	0.00879	0.00271	0.00509	0.09083	0.00662	0.00718
8	0.05498	0.16164	0.02374	0.01581	0.02110	0.15219	0.01314	0.34133	0.09145	0.03306	0.01580	0.01627	0.01202	0.00805	0.00654	0.00203	0.00859	0.00575	0.00572	0.01079
9	0.05486	0.01752	0.17610	0.13356	0.07620	0.01315	0.06756	0.01856	0.04829	0.02209	0.04354	0.16026	0.11501	0.01176	0.00773	0.00247	0.00764	0.01037	0.00479	0.00854
10	0.01684	0.18585	0.26204	0.04490	0.15362	0.01880	0.01898	0.07599	0.01765	0.02437	0.09766	0.02018	0.01733	0.00782	0.00671	0.00210	0.00851	0.00635	0.00415	0.01014
11	0.10509	0.19802	0.19618	0.01657	0.02305	0.01820	0.12215	0.02157	0.05294	0.02352	0.08760	0.02333	0.06575	0.00840	0.00668	0.00216	0.00815	0.00705	0.00435	0.00923
12	0.01164	0.00839	0.01016	0.00976	0.01186	0.00810	0.00739	0.01464	0.04468	0.07160	0.19122	0.15137	0.30540	0.01965	0.06240	0.00320	0.04092	0.01373	0.00682	0.00705
13	0.01563	0.07906	0.07449	0.04843	0.27090	0.01575	0.01596	0.02271	0.15179	0.02311	0.02260	0.18530	0.02168	0.01095	0.00748	0.00237	0.00715	0.00979	0.00500	0.00986
14	0.01776	0.04653	0.33686	0.02051	0.10005	0.05458	0.01958	0.02364	0.04171	0.10669	0.01724	0.05880	0.01410	0.04482	0.00981	0.00258	0.06336	0.00694	0.00435	0.01010
15	0.01443	0.01369	0.02281	0.58796	0.12948	0.01675	0.02013	0.01896	0.01453	0.01914	0.01276	0.01894	0.00991	0.00758	0.00850	0.00245	0.06374	0.00645	0.00327	0.00850
16	0.01109	0.00771	0.01003	0.01106	0.01236	0.00765	0.00884	0.01350	0.01498	0.02011	0.03625	0.13045	0.08431	0.14783	0.05328	0.00422	0.00675	0.34568	0.06772	0.00617
17	0.10636	0.10133	0.12521	0.01410	0.01869	0.12311	0.01279	0.04924	0.05282	0.07761	0.05180	0.17647	0.02258	0.01144	0.00707	0.00231	0.00760	0.02532	0.00533	0.00881
18	0.02181	0.01773	0.02577	0.02894	0.30083	0.06107	0.09821	0.09691	0.08169	0.14442	0.01975	0.02124	0.03192	0.00781	0.00741	0.00223	0.00847	0.00718	0.00539	0.01120
19	0.00881	0.00650	0.00826	0.00966	0.01042	0.00594	0.00654	0.01017	0.01436	0.01874	0.04563	0.62866	0.15562	0.02205	0.00916	0.00287	0.00413	0.01978	0.00675	0.00594
20	0.01016	0.00695	0.00798	0.00826	0.00848	0.00680	0.00487	0.01049	0.01151	0.01519	0.02899	0.16425	0.07269	0.57811	0.03057	0.00607	0.00636	0.01256	0.00494	0.00476
21	0.09239	0.22363	0.17135	0.01738	0.06512	0.07897	0.01599	0.10559	0.01819	0.09657	0.01392	0.01527	0.01062	0.00742	0.00685	0.00206	0.03878	0.00524	0.00446	0.01020
22	0.01053	0.00833	0.01127	0.01383	0.09627	0.00783	0.00876	0.01271	0.01577	0.02082	0.12609	0.29054	0.19507	0.06869	0.01078	0.00298	0.00500	0.08165	0.00635	0.00675
23	0.00874	0.00737	0.00757	0.00752	0.00991	0.00620	0.00564	0.01072	0.01692	0.02048	0.12855	0.06857	0.64081	0.01810	0.00859	0.00244	0.00366	0.01515	0.00686	0.00620
24	0.01943	0.74891	0.03809	0.01244	0.01866	0.02876	0.01244	0.02177	0.01477	0.01710	0.01011	0.01166	0.00933	0.00622	0.00466	0.00155	0.00777	0.00389	0.00311	0.00933
25	0.01662	0.07313	0.07783	0.02284	0.22902	0.01430	0.01476	0.02230	0.10713	0.08987	0.02466	0.22905	0.02387	0.01194	0.00761	0.00240	0.00682	0.01062	0.00548	0.00973
26	0.02581	0.15936	0.02365	0.01763	0.02181	0.59547	0.01376	0.02776	0.01958	0.01767	0.01104	0.01286	0.00936	0.00727	0.00622	0.00182	0.01218	0.00454	0.00363	0.00858
27	0.06348	0.01873	0.02657	0.06982	0.33039	0.06921	0.08345	0.14544	0.01974	0.04677	0.01430	0.01752	0.01126	0.00737	0.00797	0.00224	0.04410	0.00645	0.00447	0.01074
28	0.02089	0.61445	0.03480	0.01362	0.01937	0.15802	0.01274	0.02313	0.01587	0.01723	0.01032	0.01193	0.00933	0.00646	0.00502	0.00161	0.00878	0.00404	0.00323	0.00916
29	0.50002	0.04287	0.01621	0.01609	0.10270	0.15569	0.01122	0.03959	0.01516	0.02838	0.01098	0.01299	0.00879	0.00689	0.00532	0.00214	0.00762	0.00447	0.00426	0.00860
30	0.01155	0.01330	0.12692	0.01229	0.01598	0.00928	0.04615	0.01573	0.03346	0.03935	0.26794	0.12508	0.20050	0.01474	0.00838	0.00246	0.00551	0.03732	0.00647	0.00761
31	0.00881	0.00682	0.00804	0.00890	0.01025	0.00605	0.00623	0.01042	0.01535	0.01950	0.08403	0.42308	0.32546	0.02055	0.00895	0.00271	0.00395	0.01805	0.00681	0.00605
32	0.02078	0.21160	0.11144	0.01522	0.02110	0.05037	0.01415	0.23478	0.13595	0.02996	0.04484	0.02059	0.04152	0.00859	0.00664	0.00208	0.00778	0.00650	0.00553	0.01060
33	0.01814	0.09149	0.18166	0.02324	0.17789	0.04548	0.01815	0.05536	0.15855	0.04400	0.01776	0.02116	0.01427	0.00854	0.00835	0.00232	0.06560	0.03280	0.00465	0.01059
34	0.01941	0.23652	0.30923	0.01730	0.02495	0.10334	0.01874	0.11455	0.04876	0.02422	0.01335	0.01486	0.01029	0.00717	0.00630	0.00203	0.00957	0.00516	0.00394	0.01033
35	0.01458	0.03760	0.70688	0.02072	0.03146	0.01688	0.02686	0.02302	0.01535	0.02302	0.01304	0.01535	0.00921	0.00691	0.00691	0.00230	0.01074	0.00537	0.00307	0.01074
36	0.01458	0.00804	0.01031	0.01014	0.01222	0.00719	0.00737	0.01643	0.01638	0.18059	0.09432	0.37335	0.15360	0.04787	0.00978	0.00282	0.00464	0.01560	0.00728	0.00748
37	0.01635	0.11113	0.15747	0.05473	0.10813	0.06742	0.07131	0.03969	0.07756	0.02321	0.07497	0.02906	0.07141	0.00959	0.00735	0.00228	0.00840	0.05581	0.00470	0.00943
38	0.02051	0.07791	0.13363	0.05609	0.27478	0.04600	0.03707	0.04830	0.04436	0.14673	0.01813	0.01980	0.02912	0.00755	0.00703	0.00218	0.00853	0.00652	0.00480	0.01095
39	0.01229	0.00732	0.01022	0.00997	0.01004	0.00789	0.00675	0.01054	0.00997	0.01357	0.01517	0.02799	0.01594	0.19710	0.06388	0.50198	0.06449	0.00740	0.00349	0.00400
40	0.05298	0.01766	0.01635	0.01390	0.01776	0.12966	0.01090	0.30135	0.02379	0.03061	0.02738	0.07374	0.12904	0.05393	0.06503	0.00324	0.00863	0.00881	0.00604	0.00919
41	0.02118	0.07914	0.14008	0.01927	0.09744	0.04800	0.01590	0.18905	0.18764	0.08081	0.02065	0.02073	0.03072	0.00845	0.00703	0.00222	0.00794	0.00673	0.00581	0.01122
42	0.01427	0.01256	0.01995	0.14590	0.28738	0.01351	0.01547	0.01820	0.04073	0.01993	0.01706	0.02597	0.01566	0.14078	0.17645	0.00524	0.01095	0.00753	0.00389	0.00858
43	0.01230	0.01140	0.01076	0.01098	0.01254	0.12202	0.00788	0.01443	0.01745	0.02206	0.25732	0.33880	0.09991	0.01729	0.00854	0.00251	0.00536	0.01512	0.00668	0.00665
44	0.06904	0.01729	0.02163	0.02649	0.29269	0.07187	0.01560	0.17530	0.05742	0.02856	0.01933	0.13538	0.01787	0.00995	0.00734	0.00229	0.00777	0.00860	0.00526	0.01032
45	0.01951	0.04885	0.19976	0.02354	0.11033	0.26123	0.12522	0.02402	0.01750	0.02080	0.01481	0.07280	0.01292	0.00817	0.00722	0.00219	0.01096	0.00696	0.00376	0.00945
46	0.01748	0.01582	0.13320	0.29426	0.03147	0.01304	0.01626	0.02203	0.01706	0.18191	0.10624	0.02830	0.07320	0.00944	0.00748	0.00235	0.00779	0.00801	0.00543	0.00923
47	0.01429	0.01053	0.01258	0.01174	0.01438	0.01066	0.00943	0.16555	0.02178	0.02923	0.25579	0.10851	0.12572	0.01574	0.00868	0.00259	0.00534	0.16227	0.00727	0.00792
48	0.01893	0.01627	0.02226	0.01779	0.02127	0.01856	0.11993	0.21145	0.11511	0.02794	0.01779	0.02388	0.01525	0.13314	0.01640	0.00332	0.17823	0.00775	0.00526	0.00945
49	0.01662	0.07399	0.07569	0.02092	0.13653	0.16274	0.07621	0.01958	0.01600	0.01967	0.02080	0.21983	0.02178	0.05838	0.00985	0.00265	0.02568	0.01023	0.00448	0.00837
50	0.01567	0.01468	0.02345	0.16178	0.30567	0.01678	0.01868	0.01929	0.01493	0.02098	0.01661	0.02821	0.01566	0.01031	0.01159	0.00264	0.17839	0.11151	0.00394	0.00924
51	0.01687	0.06905	0.15314	0.02783	0.03567	0.01879	0.52318	0.02314	0.01670	0.02285	0.01414	0.01839	0.01062	0.00626	0.00805	0.00237	0.01172	0.00775	0.00354	0.00993
52	0.01212	0.00814	0.01029	0.00995	0.01182	0.00764	0.00735	0.05044	0.01911	0.06927	0.37779	0.24865	0.10602	0.01670	0.00862	0.00248	0.00410	0.01474	0.00757	0.00718
53	0.01966	0.09072	0.15972	0.12561	0.08928	0.01769	0.12829	0.04953	0.01701	0.15038	0.01591	0.01842	0.01160	0.00765	0.00848	0.00231	0.06641	0.00651	0.00453	0.01027
54	0.02083	0.01649	0.02297	0.01816	0.02299	0.10035	0.19606	0.07546	0.01991	0.18103	0.07577	0.03452	0.08563	0.01062	0.00811	0.00241	0.00851	0.08455	0.00616	0.00949
55	0.01458	0.03760	0.70688	0.02072	0.03146	0.01688	0.02686	0.02302	0.01535	0.02302	0.01304	0.01535	0.00921	0.00691	0.00691	0.00230	0.01074	0.00537	0.00307	0.01074
56	0.01096	0.00759	0.00969	0.01059	0.01138	0.00756	0.00792	0.01258	0.01364	0.01794	0.03136	0.11802	0.03516	0.35737	0.02252	0.00504	0.00666	0.30282	0.00563	0.00557
57	0.01662	0.01790	0.07795	0.10435	0.17928	0.05944	0.20126	0.02123	0.01719	0.05601	0.07535	0.02736	0.09565	0.00874	0.00781	0.00231	0.00910	0.00847	0.00453	0.00944
58	0.01773	0.01365	0.02106	0.01720	0.02141	0.01360	0.17410	0.09859	0.10196	0.10595	0.02951	0.07882	0.07208	0.05889	0.01027	0.00290	0.00771	0.13916	0.00624	0.00916
59	0.00907	0.00735	0.00810	0.00841	0.01051	0.00639	0.00638	0.01112	0.01660	0.02046	0.11410	0.14439	0.51018	0.01879	0.00881	0.00259	0.00403	0.07966	0.00684	0.00622
60	0.01943	0.74891	0.03809	0.01244	0.01866	0.02876	0.01244	0.02177	0.01477	0.01710	0.01011	0.01166	0.00933	0.00622	0.00466	0.00155	0.00777	0.00389	0.00311	0.00933
61	0.03682	0.01491	0.02417	0.12074	0.44928	0.01508	0.01853	0.02171	0.01652	0.09219	0.02087	0.05295	0.06756	0.00846	0.00735	0.00226	0.00787	0.00779	0.00451	0.01043
62	0.02348	0.37500	0.02893	0.01573	0.02065	0.38818	0.01328	0.02557	0.01782	0.01746	0.01070	0.01242	0.00935	0.00688	0.00565	0.00172	0.01057	0.00430	0.00344	0.00886
63	0.10397	0.02075	0.02468	0.06747	0.41617	0.18371	0.01841	0.02393	0.01707	0.03880	0.01302	0.01638	0.01067	0.00685	0.00676	0.00212	0.00938	0.00579	0.00384	0.01024
64	0.01943	0.74891	0.03809	0.01244	0.01866	0.02876	0.01244	0.02177	0.01477	0.01710	0.01011	0.01166	0.00933	0.00622	0.00466	0.00155	0.00777	0.00389	0.00311	0.00933
65	0.70391	0.05608	0.01283	0.01030	0.01485	0.06152	0.00852	0.02188	0.01303	0.03081	0.01019	0.01188	0.00805	0.00677	0.00464	0.00219	0.00622	0.00398	0.00437	0.00799
66	0.01451	0.01328	0.01743	0.03935	0.26138	0.07075	0.01263	0.01690	0.01503	0.01984	0.07529	0.06085	0.06566	0.23710	0.04615	0.00410	0.00811	0.00927	0.00453	0.00786
67	0.00945	0.00728	0.00863	0.00854	0.01040	0.00646	0.00631	0.01199	0.01822	0.02414	0.37208	0.13677	0.31917	0.01717	0.00866	0.00243	0.00362	0.01487	0.00736	0.00646
68	0.02388	0.13956	0.06721	0.01596	0.02187	0.02246	0.01404	0.42127	0.13797	0.03712	0.01799	0.01798	0.01330	0.00839	0.00684	0.00213	0.00776	0.00631	0.00635	0.01162
69	0.01200	0.01033	0.01077	0.01221	0.04909	0.08576	0.00759	0.01306	0.01362	0.01717	0.02930	0.37322	0.03406	0.27651	0.01870	0.00424	0.00645	0.01452	0.00541	0.00596
70	0.01802	0.14008	0.37396	0.01776	0.02619	0.05201	0.04691	0.05360	0.01682	0.07209	0.01389	0.01559	0.01029	0.00684	0.00647	0.00201	0.00933	0.00530	0.00391	0.10894
71	0.01458	0.03760	0.70688	0.02072	0.03146	0.01688	0.02686	0.02302	0.01535	0.02302	0.01304	0.01535	0.00921	0.00691	0.00691	0.00230	0.01074	0.00537	0.00307	0.01074
72	0.00936	0.00662	0.00840	0.00963	0.01009	0.00628	0.00636	0.01044	0.01338	0.01771	0.03757	0.52306	0.07216	0.18861	0.01566	0.00389	0.00495	0.04402	0.00621	0.00560
73	0.01607	0.02074	0.17731	0.01497	0.01963	0.10255	0.01410	0.09968	0.07370	0.02398	0.03175	0.11893	0.17370	0.01253	0.00897	0.00243	0.06486	0.00994	0.00534	0.00883
74	0.12088	0.08539	0.06619	0.01246	0.01675	0.09361	0.01076	0.02258	0.01721	0.18804	0.10335	0.08228	0.08105	0.01357	0.05210	0.00282	0.00755	0.00853	0.00600	0.00887
75	0.02235	0.01469	0.01778	0.01499	0.01882	0.01654	0.01210	0.08756	0.27987	0.22576	0.02421	0.02371	0.01768	0.01248	0.04948	0.00301	0.13364	0.00746	0.00692	0.01093
76	0.01038	0.00721	0.00906	0.00919	0.00960	0.00755	0.00595	0.01124	0.01116	0.01525	0.02326	0.09682	0.02574	0.48699	0.23197	0.00807	0.01043	0.01056	0.00444	0.00513
77	0.01848	0.01384	0.01550	0.01264	0.01702	0.01405	0.01007	0.22672	0.12513	0.06097	0.18279	0.03241	0.09152	0.01071	0.00741	0.00210	0.00568	0.00884	0.00700	0.13709
78	0.01958	0.19072	0.02655	0.01626	0.02221	0.10790	0.12254	0.11715	0.01892	0.02439	0.01542	0.01731	0.03781	0.00698	0.00631	0.00174	0.00841	0.00574	0.00438	0.22969
79	0.26858	0.05446	0.23303	0.01593	0.02246	0.16035	0.01599	0.10542	0.01781	0.02765	0.01218	0.01388	0.00921	0.00718	0.00603	0.00215	0.00913	0.00486	0.00419	0.00950
80	0.01921	0.04479	0.10968	0.01605	0.04449	0.01385	0.06032	0.15057	0.02058	0.15204	0.10738	0.17793	0.02738	0.01194	0.00781	0.00238	0.00697	0.01042	0.00646	0.00975
81	0.24213	0.43300	0.02870	0.01264	0.01845	0.02301	0.05288	0.02147	0.01426	0.02248	0.01063	0.01248	0.00913	0.00630	0.00492	0.00177	0.00725	0.00423	0.00364	0.07063
82	0.01938	0.02096	0.21100	0.09223	0.06525	0.01502	0.09498	0.02664	0.09854	0.17153	0.01866	0.01986	0.01326	0.00748	0.00714	0.00220	0.00851	0.00658	0.00514	0.09563
83	0.04608	0.09235	0.10703	0.02217	0.21404	0.01518	0.01553	0.04553	0.01698	0.10310	0.02099	0.02474	0.06739	0.00841	0.00679	0.00204	0.00736	0.04210	0.00481	0.13738

[dist]
# distance from previous block
# <min> <max>
1	6

[block]
# block no. 2 follows, 28 sequences, length 68
# corresponding to MSA columns:
# 187-254
name=unknown_C
#
# <colnr> <probs for GDERKNQSTAVLIFYWHMCP>
#	G	D	E	R	K	N	Q	S	T	A	V	L	I	F	Y	W	H	M	C	P
0	0.09550	0.09640	0.19060	0.02380	0.15235	0.09445	0.12191	0.02464	0.01668	0.09630	0.01433	0.01657	0.01077	0.00691	0.00677	0.00217	0.00956	0.00593	0.00412	0.01024
1	0.01410	0.01361	0.01535	0.01441	0.01505	0.09746	0.01097	0.01545	0.01306	0.01735	0.02135	0.24030	0.02399	0.11884	0.05333	0.00391	0.28896	0.01116	0.00454	0.00682
2	0.01909	0.01757	0.05595	0.02821	0.31482	0.08011	0.01739	0.04139	0.01754	0.09749	0.05185	0.02861	0.01877	0.00984	0.00922	0.00242	0.07869	0.09608	0.00489	0.01006
3	0.01782	0.19639	0.29570	0.02503	0.19899	0.08450	0.03968	0.02311	0.01606	0.02136	0.01240	0.01509	0.00989	0.00667	0.00648	0.00206	0.00978	0.00534	0.00329	0.01037
4	0.23075	0.05360	0.15182	0.01194	0.01671	0.01375	0.01124	0.05033	0.01394	0.02388	0.01528	0.02403	0.01441	0.23062	0.01510	0.00354	0.00728	0.00641	0.00423	0.10114
5	0.00968	0.00705	0.00974	0.01035	0.01136	0.00711	0.00749	0.01189	0.01491	0.02070	0.19794	0.35223	0.04414	0.03043	0.22352	0.00544	0.00865	0.01487	0.00620	0.00632
6	0.01457	0.01750	0.11863	0.08693	0.09075	0.05939	0.11936	0.04386	0.01660	0.02184	0.05076	0.15217	0.11007	0.03297	0.00928	0.00259	0.02894	0.01053	0.00479	0.00847
7	0.01573	0.06598	0.12440	0.24394	0.23331	0.01722	0.11466	0.02078	0.01561	0.02131	0.01457	0.05327	0.01221	0.00751	0.00731	0.00230	0.00950	0.00715	0.00355	0.00969
8	0.01225	0.01092	0.01774	0.50946	0.03807	0.01304	0.01611	0.01601	0.01435	0.01857	0.02116	0.23804	0.02134	0.01197	0.00788	0.00258	0.00803	0.01077	0.00430	0.00742
9	0.01057	0.00705	0.00793	0.00793	0.00793	0.00705	0.00440	0.01057	0.01057	0.01409	0.02290	0.04757	0.02643	0.74454	0.03700	0.00705	0.00705	0.01057	0.00440	0.00440
10	0.01952	0.01901	0.02457	0.05115	0.26744	0.16398	0.10648	0.02298	0.01750	0.07547	0.06813	0.02344	0.01731	0.07938	0.01027	0.00264	0.00937	0.00736	0.00447	0.00952
11	0.01722	0.09900	0.14698	0.01269	0.01777	0.01281	0.01223	0.02233	0.07280	0.17090	0.12924	0.07020	0.16270	0.01179	0.00748	0.00228	0.00619	0.00976	0.00636	0.00926
12	0.01730	0.00904	0.01211	0.01072	0.01364	0.00818	0.00851	0.02053	0.02027	0.23627	0.42616	0.04790	0.05041	0.01356	0.00833	0.00238	0.00460	0.07338	0.00818	0.00854
13	0.01943	0.74891	0.03809	0.01244	0.01866	0.02876	0.01244	0.02177	0.01477	0.01710	0.01011	0.01166	0.00933	0.00622	0.00466	0.00155	0.00777	0.00389	0.00311	0.00933
14	0.01837	0.06341	0.02644	0.03496	0.49205	0.01689	0.01870	0.05427	0.04725	0.05674	0.01763	0.08856	0.01576	0.00843	0.00725	0.00222	0.00787	0.00781	0.00448	0.01091
15	0.02183	0.52751	0.03267	0.01439	0.01984	0.24159	0.01294	0.02402	0.01658	0.01732	0.01046	0.01211	0.00934	0.00661	0.00525	0.00165	0.00943	0.00413	0.00331	0.00905
16	0.12153	0.01992	0.05916	0.03482	0.47353	0.09571	0.01937	0.04866	0.01709	0.02508	0.01305	0.01648	0.01071	0.00674	0.00676	0.00215	0.00882	0.00589	0.00385	0.01068
17	0.02129	0.58226	0.03426	0.01357	0.01955	0.07803	0.01277	0.12485	0.01824	0.02166	0.01134	0.01268	0.00981	0.00671	0.00521	0.00168	0.00820	0.00436	0.00381	0.00974
18	0.61362	0.01919	0.07983	0.01191	0.01691	0.11294	0.01057	0.02259	0.01380	0.02963	0.01056	0.01233	0.00821	0.00687	0.00502	0.00220	0.00716	0.00418	0.00426	0.00823
19	0.01493	0.01250	0.01783	0.02150	0.20412	0.01336	0.01321	0.08796	0.05023	0.02430	0.08845	0.17674	0.02775	0.04318	0.07603	0.00355	0.06819	0.04200	0.00544	0.00873
20	0.00884	0.00639	0.00837	0.00994	0.01050	0.00592	0.00667	0.01014	0.01409	0.01863	0.04224	0.69643	0.09004	0.02249	0.00923	0.00292	0.00418	0.02032	0.00675	0.00592
21	0.02204	0.26545	0.09280	0.01580	0.02153	0.16728	0.01431	0.16027	0.12634	0.02583	0.01522	0.01596	0.01198	0.00764	0.00624	0.00197	0.00890	0.00543	0.00477	0.01025
22	0.01207	0.05706	0.01415	0.01500	0.10750	0.01010	0.00974	0.04623	0.01688	0.02239	0.13132	0.31239	0.14558	0.01676	0.00843	0.00256	0.00520	0.05290	0.00628	0.00744
23	0.09565	0.02438	0.15991	0.01718	0.04495	0.18064	0.01531	0.11165	0.06401	0.16481	0.01720	0.01753	0.01230	0.00782	0.00672	0.00213	0.00896	0.00581	0.00545	0.03759
24	0.01458	0.03760	0.70688	0.02072	0.03146	0.01688	0.02686	0.02302	0.01535	0.02302	0.01304	0.01535	0.00921	0.00691	0.00691	0.00230	0.01074	0.00537	0.00307	0.01074
25	0.00998	0.00744	0.00997	0.01027	0.01174	0.00743	0.00784	0.01256	0.01578	0.02150	0.22168	0.16747	0.13665	0.02929	0.22348	0.00539	0.00881	0.08004	0.00623	0.00647
26	0.21571	0.01235	0.01425	0.06779	0.01782	0.01466	0.01070	0.05225	0.10836	0.02444	0.01767	0.02439	0.01552	0.06916	0.20345	0.00530	0.08621	0.02727	0.00471	0.00799
27	0.01360	0.09944	0.01502	0.01289	0.05769	0.07919	0.00924	0.01575	0.01584	0.04604	0.05835	0.17159	0.24058	0.02057	0.10791	0.00366	0.00783	0.01191	0.00554	0.00736
28	0.00886	0.00633	0.00843	0.01012	0.01054	0.00590	0.00675	0.01012	0.01392	0.01856	0.04006	0.73979	0.04808	0.02277	0.00928	0.00295	0.00422	0.02066	0.00675	0.00590
29	0.01223	0.00949	0.01117	0.01117	0.01349	0.00952	0.00882	0.05904	0.11265	0.02463	0.14133	0.15425	0.21083	0.01708	0.00879	0.00271	0.00505	0.17321	0.00704	0.00751
30	0.02233	0.30918	0.02767	0.01634	0.02044	0.33619	0.01372	0.02434	0.01680	0.01747	0.01052	0.01300	0.00938	0.00784	0.00862	0.00196	0.12744	0.00465	0.00341	0.00870
31	0.01453	0.08352	0.01662	0.01112	0.01649	0.01142	0.00908	0.01754	0.01434	0.02164	0.01400	0.01752	0.01215	0.01559	0.15176	0.00331	0.00852	0.00498	0.00411	0.55175
32	0.25122	0.01189	0.01332	0.01206	0.01551	0.01298	0.00987	0.09810	0.01654	0.12119	0.02033	0.02906	0.01763	0.02364	0.22186	0.00526	0.01034	0.09518	0.00557	0.00845
33	0.01919	0.01704	0.02472	0.11406	0.32135	0.01900	0.01836	0.15733	0.08437	0.02746	0.01534	0.01864	0.01224	0.00823	0.00955	0.00237	0.10870	0.00664	0.00462	0.01078
34	0.01718	0.43706	0.02708	0.01235	0.01666	0.05506	0.01089	0.06470	0.01617	0.01960	0.01977	0.23314	0.02131	0.01148	0.00634	0.00204	0.00697	0.00921	0.00454	0.00846
35	0.02103	0.08584	0.29140	0.01772	0.02548	0.05047	0.03729	0.22171	0.02171	0.08240	0.01532	0.01642	0.01103	0.00746	0.00679	0.00210	0.00909	0.00574	0.00495	0.06605
36	0.20410	0.06786	0.17199	0.05128	0.08401	0.01555	0.01494	0.04461	0.03603	0.09811	0.10668	0.02304	0.01935	0.00857	0.00660	0.00225	0.00727	0.02313	0.00512	0.00952
37	0.01099	0.01610	0.22088	0.01379	0.01752	0.00958	0.01354	0.01472	0.01474	0.02036	0.03164	0.42856	0.03541	0.01758	0.00866	0.00281	0.00654	0.10346	0.00562	0.00748
38	0.01114	0.00852	0.01228	0.01565	0.10678	0.00832	0.01016	0.01333	0.01480	0.01980	0.03427	0.37546	0.03905	0.08999	0.01192	0.00336	0.00585	0.20649	0.00607	0.00677
39	0.01506	0.08117	0.22340	0.02179	0.14531	0.01549	0.08760	0.04012	0.01497	0.02098	0.01589	0.02398	0.01436	0.16345	0.08218	0.00412	0.01028	0.00714	0.00372	0.00900
40	0.01191	0.00920	0.01238	0.01520	0.12276	0.00868	0.00933	0.01495	0.04854	0.05358	0.07417	0.32228	0.23470	0.01718	0.00852	0.00259	0.00491	0.01519	0.00643	0.00751
41	0.01544	0.06611	0.46753	0.09401	0.17030	0.01748	0.02456	0.02238	0.01549	0.02245	0.01302	0.01610	0.00974	0.00682	0.00689	0.00225	0.01006	0.00563	0.00320	0.01057
42	0.00916	0.00733	0.00819	0.00808	0.01019	0.00636	0.00602	0.01149	0.01775	0.02269	0.27518	0.09769	0.45932	0.01746	0.00862	0.00242	0.00363	0.01488	0.00716	0.00636
43	0.02095	0.15723	0.12392	0.04896	0.09195	0.29435	0.04934	0.02439	0.01708	0.01928	0.01161	0.01450	0.00966	0.00751	0.00814	0.00208	0.08111	0.00524	0.00344	0.00923
44	0.01781	0.19197	0.34630	0.01699	0.02469	0.01967	0.01895	0.15588	0.01896	0.02594	0.01592	0.08548	0.01367	0.00867	0.00671	0.00217	0.00887	0.00677	0.00430	0.01029
45	0.00948	0.00728	0.00793	0.00784	0.00942	0.00653	0.00541	0.01103	0.01543	0.01956	0.16330	0.06051	0.38688	0.23820	0.01721	0.00382	0.00466	0.01352	0.00625	0.00573
46	0.00975	0.00708	0.00902	0.01023	0.01121	0.00670	0.00748	0.01144	0.01456	0.01892	0.04233	0.38851	0.13859	0.11641	0.01301	0.00352	0.00512	0.17377	0.00643	0.00594
47	0.01907	0.02168	0.21917	0.01866	0.07917	0.04916	0.03549	0.11571	0.05955	0.12187	0.02450	0.10003	0.06160	0.01046	0.00756	0.00237	0.00811	0.02999	0.00560	0.01023
48	0.02435	0.01668	0.02358	0.01835	0.02326	0.05083	0.14849	0.09284	0.11240	0.27742	0.02133	0.02151	0.01500	0.00894	0.00983	0.00242	0.10806	0.00736	0.00645	0.01092
49	0.01963	0.02252	0.02693	0.02187	0.02485	0.23166	0.17987	0.02244	0.01551	0.01903	0.01135	0.01598	0.00986	0.00948	0.01478	0.00260	0.33319	0.00641	0.00348	0.00856
50	0.01943	0.74891	0.03809	0.01244	0.01866	0.02876	0.01244	0.02177	0.01477	0.01710	0.01011	0.01166	0.00933	0.00622	0.00466	0.00155	0.00777	0.00389	0.00311	0.00933
51	0.01617	0.01580	0.05610	0.06467	0.39116	0.01498	0.01744	0.06634	0.04835	0.02491	0.06751	0.04913	0.11700	0.00961	0.00755	0.00227	0.00743	0.00864	0.00482	0.01012
52	0.02430	0.29913	0.02708	0.01640	0.02106	0.46112	0.01345	0.02634	0.01844	0.01754	0.01082	0.01257	0.00935	0.00702	0.00585	0.00175	0.01113	0.00439	0.00351	0.00876
53	0.43671	0.01546	0.01815	0.02141	0.21723	0.01759	0.01340	0.04298	0.01417	0.02842	0.01134	0.01437	0.00932	0.00753	0.00797	0.00234	0.10324	0.00510	0.00415	0.00911
54	0.01943	0.74891	0.03809	0.01244	0.01866	0.02876	0.01244	0.02177	0.01477	0.01710	0.01011	0.01166	0.00933	0.00622	0.00466	0.00155	0.00777	0.00389	0.00311	0.00933
55	0.68418	0.01390	0.01227	0.11203	0.01920	0.01628	0.00963	0.02097	0.01268	0.03061	0.01052	0.01289	0.00813	0.00682	0.00489	0.00227	0.00620	0.00430	0.00432	0.00790
56	0.01525	0.01360	0.01905	0.09409	0.25761	0.03367	0.01445	0.07035	0.06123	0.02445	0.09337	0.12966	0.11950	0.01175	0.00782	0.00236	0.00681	0.01041	0.00541	0.00916
57	0.00862	0.00726	0.00747	0.00763	0.00989	0.00611	0.00564	0.01040	0.01631	0.01953	0.07037	0.13517	0.63314	0.01883	0.00866	0.00250	0.00373	0.01586	0.00675	0.00611
58	0.02330	0.19468	0.06919	0.01565	0.02161	0.02295	0.01396	0.37485	0.13275	0.03501	0.01736	0.01748	0.01301	0.00819	0.00665	0.00209	0.00776	0.00610	0.00603	0.01140
59	0.01180	0.00994	0.01509	0.05056	0.11528	0.00983	0.05304	0.01521	0.03757	0.02198	0.16376	0.21648	0.10807	0.05367	0.05981	0.00341	0.00678	0.03435	0.00587	0.00747
60	0.01788	0.30768	0.31717	0.01734	0.04596	0.02154	0.01874	0.04287	0.08175	0.04490	0.01420	0.01554	0.01099	0.00704	0.00612	0.00202	0.00881	0.00521	0.00384	0.01040
61	0.01458	0.03760	0.70688	0.02072	0.03146	0.01688	0.02686	0.02302	0.01535	0.02302	0.01304	0.01535	0.00921	0.00691	0.00691	0.00230	0.01074	0.00537	0.00307	0.01074
62	0.00996	0.00717	0.00890	0.00917	0.00993	0.00726	0.00615	0.01110	0.01225	0.01632	0.03197	0.15803	0.12253	0.34647	0.20395	0.00693	0.00932	0.01216	0.00498	0.00543
63	0.04664	0.05152	0.06505	0.09317	0.25978	0.04782	0.01569	0.04111	0.01658	0.04428	0.02604	0.12690	0.11403	0.01079	0.00742	0.00231	0.00750	0.00939	0.00474	0.00923
64	0.01785	0.04637	0.21439	0.02717	0.17523	0.01754	0.20579	0.09209	0.01821	0.04718	0.01609	0.05927	0.01309	0.00775	0.00756	0.00231	0.00980	0.00754	0.00421	0.01054
65	0.01632	0.01456	0.01431	0.01324	0.01633	0.08888	0.01012	0.09379	0.26058	0.02563	0.03303	0.14633	0.11880	0.01813	0.09251	0.00355	0.00788	0.01063	0.00637	0.00900
66	0.01623	0.02140	0.19766	0.24516	0.23830	0.01719	0.08265	0.05364	0.01656	0.02302	0.01357	0.01788	0.01037	0.00691	0.00728	0.00230	0.00979	0.00639	0.00354	0.01015
67	0.27743	0.01930	0.08385	0.05070	0.08410	0.09329	0.01339	0.05539	0.13498	0.04760	0.01551	0.01680	0.01183	0.00746	0.00613	0.00217	0.00755	0.00552	0.00489	0.06212

[dist]
# distance from previous block
# <min> <max>
7	17

[block]
# block no. 3 follows, 28 sequences, length 15
# corresponding to MSA columns:
# 272-286
name=unknown_D
#
# <colnr> <probs for GDERKNQSTAVLIFYWHMCP>
#	G	D	E	R	K	N	Q	S	T	A	V	L	I	F	Y	W	H	M	C	P
0	0.16001	0.18858	0.02302	0.08381	0.14308	0.06074	0.01346	0.06662	0.01685	0.06286	0.03694	0.06435	0.03463	0.00854	0.00630	0.00211	0.00749	0.00671	0.00461	0.00928
1	0.01850	0.18130	0.31992	0.02394	0.19111	0.01881	0.02083	0.02399	0.01614	0.09920	0.01435	0.01628	0.01080	0.00689	0.00655	0.00210	0.00908	0.00555	0.00388	0.01082
2	0.01007	0.00683	0.00808	0.00857	0.00870	0.00671	0.00510	0.01044	0.01156	0.01541	0.02796	0.25165	0.03281	0.53175	0.02883	0.00584	0.00621	0.01355	0.00510	0.00485
3	0.04970	0.01838	0.02405	0.02639	0.25228	0.10204	0.08999	0.15442	0.02127	0.02878	0.13778	0.02381	0.02158	0.00855	0.00744	0.00219	0.00840	0.00762	0.00521	0.01013
4	0.05055	0.01209	0.01486	0.01219	0.01588	0.01181	0.06809	0.13177	0.05238	0.02585	0.07456	0.04039	0.22308	0.13044	0.01233	0.00297	0.00614	0.01011	0.00590	0.09860
5	0.01033	0.00717	0.00901	0.00920	0.00960	0.00747	0.00595	0.01118	0.01125	0.01536	0.02391	0.12090	0.02663	0.47457	0.21888	0.00785	0.01011	0.01096	0.00453	0.00514
6	0.29802	0.48525	0.02826	0.01140	0.01701	0.02429	0.01080	0.02162	0.01391	0.02267	0.01011	0.01171	0.00881	0.00641	0.00460	0.00180	0.00700	0.00390	0.00361	0.00881
7	0.01238	0.01025	0.01418	0.01738	0.15542	0.01013	0.01064	0.01739	0.09625	0.02462	0.24352	0.18771	0.11713	0.01476	0.00835	0.00248	0.00511	0.03764	0.00656	0.00809
8	0.02452	0.27857	0.02657	0.01658	0.02117	0.48088	0.01350	0.02655	0.01861	0.01756	0.01085	0.01261	0.00935	0.00706	0.00591	0.00176	0.01129	0.00441	0.00353	0.00873
9	0.20941	0.01301	0.01515	0.03309	0.08300	0.03586	0.01140	0.05743	0.01768	0.12140	0.14023	0.03521	0.02698	0.01131	0.00806	0.00248	0.03962	0.12387	0.00609	0.00873
10	0.02059	0.46102	0.10892	0.01455	0.02098	0.05266	0.01433	0.14176	0.06153	0.02386	0.01306	0.01418	0.01069	0.00703	0.00564	0.00182	0.00823	0.00485	0.00416	0.01014
11	0.58910	0.17832	0.01761	0.01171	0.04447	0.01913	0.00951	0.02150	0.01309	0.02877	0.01027	0.01204	0.00835	0.00662	0.00465	0.00209	0.00623	0.00403	0.00415	0.00835
12	0.01359	0.01497	0.13661	0.01712	0.09742	0.01131	0.05850	0.01719	0.03130	0.04968	0.05207	0.09691	0.02319	0.25606	0.08826	0.00486	0.00899	0.00960	0.00463	0.00773
13	0.01270	0.01088	0.01503	0.01946	0.20997	0.01044	0.01125	0.06031	0.01714	0.02239	0.04412	0.21614	0.29110	0.01536	0.00826	0.00247	0.00555	0.01348	0.00588	0.00807
14	0.01852	0.34266	0.27419	0.01612	0.02372	0.02281	0.01769	0.09961	0.07804	0.02377	0.01378	0.01506	0.01080	0.00709	0.00602	0.00198	0.00868	0.00512	0.00397	0.01039

[dist]
# distance from previous block
# <min> <max>
0	11

[block]
# block no. 4 follows, 28 sequences, length 12
# corresponding to MSA columns:
# 298-309
name=unknown_E
#
# <colnr> <probs for GDERKNQSTAVLIFYWHMCP>
#	G	D	E	R	K	N	Q	S	T	A	V	L	I	F	Y	W	H	M	C	P
0	0.01729	0.02180	0.19430	0.11306	0.15865	0.06766	0.01828	0.13027	0.01925	0.02582	0.05310	0.07796	0.05226	0.00946	0.00740	0.00230	0.00866	0.00798	0.00468	0.00984
1	0.04232	0.07127	0.19512	0.02380	0.12937	0.08816	0.15344	0.05171	0.01761	0.09423	0.01625	0.05508	0.01300	0.00782	0.00722	0.00224	0.00970	0.00705	0.00438	0.01024
2	0.01458	0.03760	0.70688	0.02072	0.03146	0.01688	0.02686	0.02302	0.01535	0.02302	0.01304	0.01535	0.00921	0.00691	0.00691	0.00230	0.01074	0.00537	0.00307	0.01074
3	0.00920	0.00701	0.00855	0.00964	0.01097	0.00636	0.00707	0.01098	0.01529	0.01943	0.05180	0.40083	0.27824	0.02081	0.00915	0.00283	0.00440	0.11460	0.00674	0.00611
4	0.01503	0.01499	0.07738	0.19273	0.11932	0.01355	0.13316	0.01962	0.01719	0.06756	0.16227	0.03113	0.08523	0.00964	0.00786	0.00235	0.00801	0.00901	0.00504	0.00891
5	0.01933	0.26061	0.07521	0.02132	0.12478	0.01971	0.13906	0.02430	0.06165	0.10805	0.01743	0.06684	0.01459	0.00802	0.00677	0.00211	0.00836	0.00714	0.00458	0.01014
6	0.01844	0.00995	0.01242	0.01068	0.01404	0.00911	0.00837	0.07148	0.02042	0.24664	0.25400	0.09576	0.17116	0.01377	0.00812	0.00235	0.00479	0.01173	0.00793	0.00886
7	0.00953	0.00746	0.00896	0.00896	0.01062	0.00731	0.00659	0.01135	0.01391	0.01779	0.04662	0.05191	0.35249	0.14654	0.26050	0.00641	0.00974	0.01194	0.00538	0.00598
8	0.01827	0.06575	0.06386	0.02877	0.31214	0.09425	0.08277	0.02303	0.06073	0.04383	0.01608	0.02203	0.01397	0.11040	0.01128	0.00283	0.00907	0.00698	0.00410	0.00985
9	0.01807	0.43096	0.29289	0.01601	0.02380	0.06821	0.01806	0.02271	0.01536	0.01941	0.01130	0.01316	0.00928	0.00656	0.00564	0.00186	0.00925	0.00451	0.00313	0.00981
10	0.01855	0.02310	0.27129	0.01556	0.02342	0.01440	0.01634	0.12171	0.01865	0.09474	0.01523	0.01650	0.01116	0.00681	0.00642	0.00181	0.00784	0.00534	0.00477	0.30637
11	0.07085	0.01513	0.07235	0.01494	0.01849	0.01531	0.01301	0.09876	0.01678	0.19092	0.01800	0.02114	0.01399	0.02101	0.18959	0.00485	0.18341	0.00674	0.00535	0.00941

[dist]
# distance from previous block
# <min> <max>
17	28

[block]
# block no. 5 follows, 28 sequences, length 35
# corresponding to MSA columns:
# 396-430
name=unknown_F
#
# <colnr> <probs for GDERKNQSTAVLIFYWHMCP>
#	G	D	E	R	K	N	Q	S	T	A	V	L	I	F	Y	W	H	M	C	P
0	0.02033	0.05366	0.02254	0.02200	0.18939	0.05218	0.01451	0.21114	0.02099	0.02910	0.01397	0.01629	0.01119	0.00728	0.00768	0.00188	0.05744	0.00564	0.00483	0.23798
1	0.00915	0.00723	0.00824	0.00832	0.01025	0.00632	0.00612	0.01139	0.01739	0.02237	0.25783	0.16692	0.40671	0.01799	0.00869	0.00248	0.00369	0.01548	0.00713	0.00632
2	0.09903	0.10921	0.01879	0.01344	0.01838	0.03764	0.01093	0.06881	0.35071	0.02828	0.02081	0.02040	0.01604	0.00812	0.00635	0.00204	0.00627	0.00631	0.00588	0.15256
3	0.01346	0.01177	0.01808	0.14658	0.22421	0.01253	0.01415	0.01767	0.05061	0.02113	0.08439	0.05233	0.08150	0.07827	0.13755	0.00440	0.00944	0.00895	0.00463	0.00835
4	0.01900	0.37058	0.24758	0.01869	0.09822	0.02197	0.01794	0.02354	0.01573	0.08609	0.01323	0.01480	0.01037	0.00673	0.00591	0.00193	0.00866	0.00498	0.00372	0.01031
5	0.01355	0.01237	0.03790	0.01651	0.04398	0.01166	0.15567	0.06168	0.05720	0.02163	0.02754	0.23403	0.04946	0.18436	0.01519	0.00366	0.00742	0.03322	0.00537	0.00759
6	0.01306	0.00682	0.00967	0.00942	0.01009	0.00657	0.00651	0.01126	0.01170	0.04996	0.07999	0.02956	0.08158	0.02286	0.02372	0.60516	0.00580	0.00781	0.00422	0.00423
7	0.01819	0.06524	0.14652	0.11390	0.14118	0.16378	0.03637	0.04470	0.05525	0.02201	0.01718	0.05017	0.01520	0.00903	0.00728	0.00229	0.00961	0.06842	0.00421	0.00946
8	0.01945	0.06654	0.23221	0.02760	0.26709	0.01916	0.02064	0.18558	0.04260	0.02886	0.01474	0.01699	0.01125	0.00726	0.00699	0.00218	0.00897	0.00607	0.00445	0.01137
9	0.01962	0.08118	0.05958	0.02525	0.21209	0.22204	0.01701	0.02254	0.01596	0.01956	0.01208	0.01614	0.01058	0.01135	0.05700	0.00289	0.17664	0.00575	0.00350	0.00925
10	0.01995	0.01095	0.01370	0.01181	0.01475	0.01101	0.00904	0.12221	0.01791	0.22958	0.02409	0.03452	0.02108	0.24031	0.14411	0.00545	0.00915	0.04552	0.00629	0.00857
11	0.01337	0.13277	0.18825	0.01331	0.01783	0.06123	0.01305	0.01698	0.01602	0.02090	0.11707	0.23653	0.09742	0.01368	0.00761	0.00236	0.00686	0.01158	0.00522	0.00797
12	0.01595	0.06304	0.22174	0.04544	0.10807	0.01555	0.01661	0.07178	0.11542	0.04414	0.06101	0.02972	0.14109	0.00996	0.00733	0.00229	0.00754	0.00824	0.00518	0.00990
13	0.00982	0.00695	0.00888	0.00946	0.01004	0.00696	0.00630	0.01102	0.01280	0.01731	0.06941	0.29795	0.06048	0.28574	0.14790	0.00595	0.00794	0.01408	0.00546	0.00554
14	0.02530	0.01395	0.01635	0.01294	0.01789	0.01370	0.01056	0.24966	0.02442	0.31800	0.03530	0.03278	0.17424	0.01110	0.00760	0.00227	0.00623	0.00892	0.00788	0.01091
15	0.01365	0.01253	0.02073	0.08819	0.06942	0.01257	0.16506	0.02000	0.10346	0.02597	0.30136	0.03770	0.07587	0.01106	0.00820	0.00236	0.00678	0.01046	0.00607	0.00854
16	0.02541	0.01925	0.02056	0.01627	0.02169	0.02150	0.01328	0.52665	0.18611	0.04222	0.02028	0.01971	0.01465	0.00899	0.00730	0.00225	0.00748	0.00693	0.00730	0.01216
17	0.06057	0.01371	0.01537	0.01322	0.01735	0.01416	0.01096	0.27383	0.02347	0.07845	0.03295	0.04308	0.14301	0.01302	0.00795	0.00247	0.00649	0.16853	0.00683	0.05458
18	0.00913	0.00680	0.00851	0.00932	0.01047	0.00618	0.00652	0.01102	0.01602	0.02125	0.19987	0.44033	0.18796	0.02002	0.00897	0.00269	0.00392	0.01780	0.00704	0.00618
19	0.01954	0.01529	0.01648	0.01461	0.01887	0.01734	0.01142	0.03830	0.61929	0.09804	0.02949	0.02688	0.02177	0.00978	0.00739	0.00244	0.00580	0.00813	0.00756	0.01159
20	0.01943	0.74891	0.03809	0.01244	0.01866	0.02876	0.01244	0.02177	0.01477	0.01710	0.01011	0.01166	0.00933	0.00622	0.00466	0.00155	0.00777	0.00389	0.00311	0.00933
21	0.01531	0.01536	0.01441	0.01354	0.01499	0.18652	0.01014	0.01702	0.01359	0.01655	0.01693	0.02738	0.01674	0.19317	0.29747	0.00711	0.10577	0.00746	0.00388	0.00669
22	0.71890	0.01461	0.01387	0.01164	0.01642	0.01651	0.07361	0.02156	0.01284	0.03169	0.01057	0.01258	0.00818	0.00669	0.00490	0.00227	0.00628	0.00440	0.00442	0.00806
23	0.01625	0.28259	0.47654	0.01787	0.02705	0.02097	0.02189	0.02259	0.01515	0.02098	0.01203	0.01408	0.00925	0.00667	0.00613	0.00204	0.00972	0.00486	0.00308	0.01026
24	0.00973	0.00719	0.00914	0.00941	0.01090	0.00659	0.00695	0.01233	0.01790	0.02430	0.37649	0.24061	0.16201	0.01789	0.00886	0.00256	0.00390	0.05936	0.00738	0.00648
25	0.00923	0.00661	0.00819	0.00929	0.00985	0.00620	0.00606	0.01026	0.01344	0.01764	0.03991	0.50152	0.11737	0.19060	0.01566	0.00385	0.00482	0.01770	0.00620	0.00558
26	0.01424	0.01569	0.09000	0.48489	0.16248	0.01572	0.02030	0.01910	0.01494	0.01994	0.01494	0.06834	0.01261	0.00816	0.00736	0.00240	0.00923	0.00733	0.00352	0.00881
27	0.01188	0.00968	0.01351	0.06138	0.01528	0.01181	0.00987	0.01359	0.01141	0.01625	0.01793	0.03115	0.01830	0.25946	0.30182	0.00773	0.17058	0.00826	0.00385	0.00626
28	0.01507	0.01292	0.01507	0.01077	0.01723	0.00969	0.00861	0.01830	0.01507	0.02369	0.01292	0.01507	0.01077	0.00538	0.00538	0.00108	0.00538	0.00431	0.00431	0.78898
29	0.09226	0.02591	0.33690	0.02024	0.02737	0.01744	0.12979	0.02314	0.01514	0.09034	0.01396	0.01675	0.01031	0.00802	0.01005	0.00248	0.13989	0.00614	0.00391	0.00997
30	0.01886	0.66510	0.11690	0.01341	0.02017	0.02736	0.01414	0.02191	0.01484	0.01780	0.01045	0.01209	0.00931	0.00630	0.00493	0.00164	0.00812	0.00406	0.00310	0.00950
31	0.01009	0.00759	0.01029	0.01029	0.01158	0.00822	0.00768	0.01213	0.01238	0.01692	0.02980	0.03914	0.14172	0.16132	0.47685	0.00926	0.01459	0.00961	0.00449	0.00608
32	0.09328	0.16042	0.10294	0.06085	0.16919	0.01722	0.01448	0.05170	0.03271	0.02194	0.01526	0.02302	0.01415	0.17888	0.01336	0.00323	0.00800	0.00659	0.00398	0.00882
33	0.20682	0.00891	0.00970	0.00972	0.01188	0.00901	0.00719	0.01518	0.01572	0.06112	0.19728	0.30803	0.08171	0.01580	0.00776	0.00254	0.00444	0.01358	0.00662	0.00699
34	0.15622	0.27086	0.05831	0.01367	0.06324	0.01841	0.01132	0.02073	0.08135	0.02287	0.04588	0.04667	0.14503	0.00979	0.00620	0.00208	0.00639	0.00752	0.00476	0.00873

[dist]
# distance from previous block
# <min> <max>
15	159

# created by:
# /home/berkeley/.conda/envs/busco_data_prod/bin/msa2prfl.pl pipeline/OGs_align_augustus/5794/14108.fs
