[name]
unknown

[dist]
# distance from previous block
# <min> <max>
0	5

[block]
# block no. 0 follows, 27 sequences, length 43
# corresponding to MSA columns:
# 5-22,24-48
name=unknown_A
#
# <colnr> <probs for GDERKNQSTAVLIFYWHMCP>
#	G	D	E	R	K	N	Q	S	T	A	V	L	I	F	Y	W	H	M	C	P
0	0.01459	0.06485	0.01527	0.01403	0.01661	0.01192	0.01229	0.09791	0.01918	0.02495	0.03445	0.07010	0.03647	0.01800	0.00949	0.00313	0.00709	0.51529	0.00664	0.00776
1	0.34460	0.01662	0.05008	0.01994	0.14134	0.01708	0.06187	0.07083	0.01652	0.07793	0.04796	0.01789	0.01340	0.00803	0.00774	0.00237	0.06523	0.00604	0.00492	0.00962
2	0.01755	0.01593	0.02454	0.32896	0.21429	0.01791	0.04820	0.09474	0.11476	0.02543	0.01648	0.02036	0.01262	0.00770	0.00748	0.00238	0.00895	0.00697	0.00450	0.01026
3	0.01800	0.01787	0.02754	0.20836	0.48688	0.06843	0.02163	0.02236	0.01671	0.02252	0.01359	0.01835	0.01114	0.00689	0.00732	0.00225	0.00942	0.00647	0.00359	0.01067
4	0.02058	0.01495	0.02219	0.02799	0.32955	0.01495	0.01604	0.05065	0.11334	0.16413	0.12364	0.02680	0.02368	0.00904	0.00762	0.00229	0.00705	0.00809	0.00618	0.01124
5	0.01837	0.01764	0.03013	0.04557	0.69279	0.01764	0.02278	0.02278	0.01690	0.02425	0.01396	0.01837	0.01176	0.00661	0.00735	0.00220	0.00882	0.00661	0.00367	0.01176
6	0.01540	0.01327	0.01662	0.01735	0.09698	0.01488	0.01195	0.02617	0.30221	0.02756	0.20277	0.08358	0.03449	0.01230	0.00986	0.00255	0.08544	0.01023	0.00673	0.00967
7	0.73697	0.01423	0.01137	0.01001	0.01469	0.01624	0.00825	0.02286	0.01325	0.08115	0.01170	0.01301	0.00878	0.00706	0.00480	0.00230	0.00578	0.00427	0.00492	0.00837
8	0.01837	0.01764	0.03013	0.04557	0.69279	0.01764	0.02278	0.02278	0.01690	0.02425	0.01396	0.01837	0.01176	0.00661	0.00735	0.00220	0.00882	0.00661	0.00367	0.01176
9	0.01882	0.14245	0.36517	0.02061	0.02901	0.12015	0.10639	0.07063	0.01799	0.02352	0.01314	0.01549	0.00992	0.00706	0.00690	0.00218	0.01086	0.00567	0.00363	0.01040
10	0.01402	0.01319	0.02227	0.72126	0.05113	0.01649	0.02062	0.01897	0.01484	0.01897	0.01319	0.01979	0.00990	0.00742	0.00742	0.00247	0.00990	0.00660	0.00330	0.00825
11	0.00994	0.00817	0.01232	0.01213	0.01374	0.00749	0.07987	0.01189	0.01509	0.01970	0.04450	0.53000	0.16562	0.02053	0.00926	0.00286	0.00512	0.01871	0.00654	0.00652
12	0.01985	0.74357	0.03890	0.01270	0.01905	0.02937	0.01270	0.02223	0.01508	0.01747	0.01032	0.01191	0.00953	0.00635	0.00476	0.00159	0.00794	0.00397	0.00318	0.00953
13	0.01748	0.01673	0.02852	0.18369	0.56163	0.01740	0.02234	0.02200	0.01648	0.02317	0.01381	0.01866	0.01138	0.00678	0.00736	0.00226	0.00904	0.00661	0.00360	0.01104
14	0.01066	0.00774	0.01086	0.01086	0.01182	0.00870	0.00795	0.01257	0.01161	0.01644	0.02086	0.03458	0.02091	0.24631	0.52226	0.01061	0.01635	0.00875	0.00412	0.00603
15	0.01061	0.00795	0.01193	0.01193	0.01326	0.00928	0.00928	0.01326	0.01193	0.01723	0.01988	0.02916	0.01856	0.05568	0.70968	0.01193	0.01988	0.00795	0.00398	0.00663
16	0.01684	0.01696	0.02281	0.02354	0.14592	0.06970	0.01656	0.01913	0.01317	0.01902	0.01179	0.01787	0.01109	0.01615	0.09603	0.00392	0.46081	0.00656	0.00345	0.00868
17	0.00904	0.00646	0.00861	0.01034	0.01077	0.00603	0.00689	0.01034	0.01421	0.01895	0.04092	0.73426	0.04910	0.02326	0.00948	0.00301	0.00431	0.02110	0.00689	0.00603
18	0.03331	0.01263	0.01723	0.01321	0.01895	0.01091	0.01091	0.03618	0.02125	0.69794	0.02929	0.02527	0.01838	0.00919	0.00747	0.00230	0.00632	0.00747	0.00919	0.01263
19	0.01837	0.01764	0.03013	0.04557	0.69279	0.01764	0.02278	0.02278	0.01690	0.02425	0.01396	0.01837	0.01176	0.00661	0.00735	0.00220	0.00882	0.00661	0.00367	0.01176
20	0.01834	0.03377	0.53796	0.01999	0.02974	0.01801	0.02408	0.14561	0.01958	0.06230	0.01498	0.01657	0.01047	0.00751	0.00714	0.00233	0.01021	0.00581	0.00425	0.01137
21	0.02018	0.01902	0.06924	0.02565	0.03192	0.01779	0.41559	0.02524	0.01724	0.14994	0.01686	0.02024	0.01229	0.00783	0.01069	0.00256	0.11474	0.00802	0.00467	0.01028
22	0.79154	0.01436	0.01091	0.00976	0.01436	0.01665	0.00804	0.02182	0.01263	0.03331	0.01034	0.01206	0.00804	0.00689	0.00459	0.00230	0.00574	0.00402	0.00459	0.00804
23	0.01062	0.00789	0.01163	0.01163	0.01285	0.00912	0.00890	0.01306	0.01184	0.01701	0.02016	0.03069	0.01922	0.10952	0.65675	0.01156	0.01889	0.00818	0.00402	0.00646
24	0.01402	0.01319	0.02227	0.72126	0.05113	0.01649	0.02062	0.01897	0.01484	0.01897	0.01319	0.01979	0.00990	0.00742	0.00742	0.00247	0.00990	0.00660	0.00330	0.00825
25	0.03231	0.01423	0.01822	0.01397	0.01975	0.01329	0.01154	0.16010	0.02393	0.57023	0.02704	0.02381	0.01725	0.00913	0.00746	0.00228	0.00668	0.00731	0.00884	0.01263
26	0.01402	0.01319	0.02227	0.72126	0.05113	0.01649	0.02062	0.01897	0.01484	0.01897	0.01319	0.01979	0.00990	0.00742	0.00742	0.00247	0.00990	0.00660	0.00330	0.00825
27	0.02822	0.02079	0.02228	0.01708	0.02302	0.02302	0.01411	0.66804	0.03490	0.04679	0.01782	0.01782	0.01262	0.00891	0.00743	0.00223	0.00817	0.00668	0.00743	0.01262
28	0.03331	0.01263	0.01723	0.01321	0.01895	0.01091	0.01091	0.03618	0.02125	0.69794	0.02929	0.02527	0.01838	0.00919	0.00747	0.00230	0.00632	0.00747	0.00919	0.01263
29	0.01078	0.00725	0.00837	0.00837	0.00847	0.00735	0.00484	0.01097	0.01088	0.01460	0.02314	0.04718	0.02638	0.68991	0.08615	0.00754	0.00811	0.01059	0.00446	0.00465
30	0.01837	0.01764	0.03013	0.04557	0.69279	0.01764	0.02278	0.02278	0.01690	0.02425	0.01396	0.01837	0.01176	0.00661	0.00735	0.00220	0.00882	0.00661	0.00367	0.01176
31	0.00898	0.00673	0.00833	0.00962	0.01058	0.00609	0.00657	0.01042	0.01491	0.01923	0.04970	0.56442	0.21326	0.02212	0.00930	0.00288	0.00417	0.01971	0.00689	0.00609
32	0.00885	0.00723	0.00782	0.00829	0.01023	0.00620	0.00598	0.01057	0.01618	0.01975	0.06578	0.25365	0.51366	0.02003	0.00897	0.00265	0.00391	0.01716	0.00689	0.00620
33	0.01752	0.02003	0.04380	0.03129	0.03880	0.01877	0.66583	0.02378	0.01752	0.02378	0.01502	0.02003	0.01126	0.00626	0.00876	0.00250	0.01252	0.00876	0.00375	0.01001
34	0.00897	0.00674	0.00833	0.00960	0.01057	0.00609	0.00657	0.01042	0.01492	0.01924	0.04985	0.56166	0.21594	0.02210	0.00929	0.00288	0.00416	0.01969	0.00689	0.00609
35	0.09109	0.01590	0.01867	0.01442	0.02015	0.01601	0.01191	0.27728	0.02580	0.39595	0.02340	0.02137	0.01536	0.00890	0.00722	0.00227	0.00698	0.00689	0.00815	0.01227
36	0.01786	0.01909	0.03845	0.03688	0.29494	0.01833	0.41398	0.02339	0.01728	0.02397	0.01461	0.01938	0.01146	0.00640	0.00821	0.00239	0.01107	0.00792	0.00372	0.01070
37	0.01719	0.01643	0.02799	0.22945	0.51817	0.01733	0.02219	0.02174	0.01634	0.02281	0.01375	0.01876	0.01125	0.00683	0.00737	0.00228	0.00911	0.00661	0.00357	0.01080
38	0.01073	0.00746	0.00943	0.00943	0.00989	0.00792	0.00616	0.01165	0.01119	0.01538	0.02218	0.04185	0.02407	0.50224	0.27065	0.00884	0.01159	0.00981	0.00432	0.00524
39	0.02592	0.05775	0.02186	0.04828	0.02370	0.59886	0.01471	0.02795	0.01976	0.01815	0.01136	0.01384	0.00959	0.00804	0.00814	0.00204	0.07277	0.00497	0.00373	0.00858
40	0.00885	0.00722	0.00783	0.00831	0.01023	0.00620	0.00599	0.01057	0.01617	0.01975	0.06564	0.25633	0.51107	0.02004	0.00897	0.00265	0.00391	0.01718	0.00689	0.00620
41	0.01080	0.00720	0.00810	0.00810	0.00810	0.00720	0.00450	0.01080	0.01080	0.01439	0.02339	0.04858	0.02699	0.73910	0.03779	0.00720	0.00720	0.01080	0.00450	0.00450
42	0.01765	0.07915	0.16184	0.10231	0.24003	0.01894	0.19236	0.05566	0.01740	0.02406	0.01395	0.01790	0.01085	0.00678	0.00747	0.00229	0.01022	0.00676	0.00371	0.01065

[dist]
# distance from previous block
# <min> <max>
0	1

[block]
# block no. 1 follows, 27 sequences, length 41
# corresponding to MSA columns:
# 51-71,88-107
name=unknown_B
#
# <colnr> <probs for GDERKNQSTAVLIFYWHMCP>
#	G	D	E	R	K	N	Q	S	T	A	V	L	I	F	Y	W	H	M	C	P
0	0.06137	0.15870	0.02455	0.01959	0.07624	0.46717	0.01443	0.05731	0.01990	0.02059	0.01172	0.01367	0.00981	0.00736	0.00634	0.00191	0.01144	0.00484	0.00390	0.00919
1	0.02013	0.00877	0.01025	0.00895	0.01198	0.00821	0.00704	0.02340	0.01740	0.24430	0.02586	0.02690	0.01882	0.00882	0.00593	0.00191	0.00438	0.00710	0.53109	0.00877
2	0.02519	0.02691	0.04819	0.08577	0.02773	0.35314	0.10443	0.12735	0.02196	0.08734	0.01484	0.01678	0.01112	0.00776	0.00724	0.00215	0.01138	0.00607	0.00480	0.00985
3	0.01573	0.01253	0.01554	0.04104	0.09690	0.01288	0.01103	0.16025	0.07413	0.03058	0.25986	0.04256	0.17096	0.01284	0.00816	0.00235	0.00563	0.01095	0.00699	0.00907
4	0.00959	0.00688	0.00910	0.00996	0.01089	0.00640	0.00693	0.01171	0.01676	0.02301	0.28389	0.47972	0.05695	0.02023	0.00921	0.00276	0.00401	0.01822	0.00737	0.00640
5	0.00981	0.00743	0.00904	0.00891	0.01073	0.00666	0.00658	0.01255	0.01896	0.02553	0.42545	0.14128	0.25551	0.01724	0.00885	0.00247	0.00368	0.01502	0.00763	0.00666
6	0.01985	0.74357	0.03890	0.01270	0.01905	0.02937	0.01270	0.02223	0.01508	0.01747	0.01032	0.01191	0.00953	0.00635	0.00476	0.00159	0.00794	0.00397	0.00318	0.00953
7	0.00904	0.00646	0.00861	0.01034	0.01077	0.00603	0.00689	0.01034	0.01421	0.01895	0.04092	0.73426	0.04910	0.02326	0.00948	0.00301	0.00431	0.02110	0.00689	0.00603
8	0.01384	0.00692	0.00692	0.00692	0.00865	0.00692	0.00519	0.01730	0.01557	0.02768	0.02422	0.02768	0.01903	0.00865	0.00519	0.00173	0.00346	0.00692	0.78031	0.00692
9	0.03331	0.01263	0.01723	0.01321	0.01895	0.01091	0.01091	0.03618	0.02125	0.69794	0.02929	0.02527	0.01838	0.00919	0.00747	0.00230	0.00632	0.00747	0.00919	0.01263
10	0.03331	0.01263	0.01723	0.01321	0.01895	0.01091	0.01091	0.03618	0.02125	0.69794	0.02929	0.02527	0.01838	0.00919	0.00747	0.00230	0.00632	0.00747	0.00919	0.01263
11	0.01539	0.01319	0.01539	0.01100	0.01759	0.00990	0.00880	0.01869	0.01539	0.02419	0.01319	0.01539	0.01100	0.00550	0.00550	0.00110	0.00550	0.00440	0.00440	0.78449
12	0.79154	0.01436	0.01091	0.00976	0.01436	0.01665	0.00804	0.02182	0.01263	0.03331	0.01034	0.01206	0.00804	0.00689	0.00459	0.00230	0.00574	0.00402	0.00459	0.00804
13	0.79154	0.01436	0.01091	0.00976	0.01436	0.01665	0.00804	0.02182	0.01263	0.03331	0.01034	0.01206	0.00804	0.00689	0.00459	0.00230	0.00574	0.00402	0.00459	0.00804
14	0.01289	0.00645	0.00967	0.00967	0.00967	0.00645	0.00645	0.00967	0.00967	0.01289	0.01289	0.02257	0.01289	0.02579	0.02901	0.78401	0.00645	0.00645	0.00322	0.00322
15	0.00904	0.00646	0.00861	0.01034	0.01077	0.00603	0.00689	0.01034	0.01421	0.01895	0.04092	0.73426	0.04910	0.02326	0.00948	0.00301	0.00431	0.02110	0.00689	0.00603
16	0.01752	0.02003	0.04380	0.03129	0.03880	0.01877	0.66583	0.02378	0.01752	0.02378	0.01502	0.02003	0.01126	0.00626	0.00876	0.00250	0.01252	0.00876	0.00375	0.01001
17	0.01051	0.00759	0.00992	0.00934	0.01109	0.00700	0.00700	0.01401	0.02101	0.02977	0.68888	0.05545	0.07005	0.01518	0.00876	0.00233	0.00350	0.01343	0.00817	0.00700
18	0.03098	0.01195	0.01600	0.01246	0.01772	0.01043	0.01023	0.03393	0.02057	0.61798	0.02868	0.02556	0.01845	0.00912	0.00719	0.00223	0.00598	0.00740	0.10118	0.01195
19	0.02189	0.01498	0.02219	0.02127	0.13695	0.01513	0.09121	0.16614	0.02096	0.18537	0.02273	0.02486	0.04795	0.01828	0.15084	0.00427	0.01054	0.00780	0.00602	0.01063
20	0.01827	0.05467	0.02866	0.15892	0.50656	0.06078	0.02138	0.02252	0.01671	0.02262	0.01349	0.01798	0.01119	0.00680	0.00719	0.00220	0.00924	0.00636	0.00359	0.01085
21	0.02071	0.02649	0.10395	0.02006	0.02352	0.28670	0.05676	0.02454	0.04977	0.01969	0.01220	0.01588	0.01038	0.00966	0.01366	0.00254	0.28488	0.00595	0.00371	0.00895
22	0.01163	0.00769	0.01009	0.01145	0.01285	0.00759	0.00931	0.01453	0.01607	0.02254	0.03658	0.23268	0.03940	0.01873	0.00901	0.00297	0.00551	0.35787	0.16683	0.00665
23	0.15056	0.01511	0.01780	0.10048	0.10784	0.04063	0.01228	0.04418	0.01599	0.02575	0.01290	0.01574	0.01046	0.00632	0.00593	0.00169	0.00690	0.00498	0.00430	0.40019
24	0.01380	0.01085	0.01477	0.08030	0.09229	0.01102	0.01104	0.09336	0.02124	0.02933	0.40838	0.04573	0.08114	0.01320	0.00839	0.00238	0.00542	0.04209	0.00700	0.00827
25	0.12024	0.04485	0.02011	0.01525	0.02080	0.08088	0.01254	0.34933	0.02681	0.20806	0.01903	0.01843	0.01316	0.00854	0.00694	0.00220	0.00787	0.00630	0.00707	0.01161
26	0.02731	0.02034	0.02176	0.01690	0.02267	0.02259	0.01389	0.60914	0.09529	0.04531	0.01898	0.01875	0.01357	0.00902	0.00744	0.00226	0.00795	0.00684	0.00744	0.01254
27	0.01670	0.01466	0.01746	0.01913	0.13393	0.01610	0.01261	0.03133	0.44463	0.02783	0.03384	0.06754	0.10949	0.01128	0.00778	0.00249	0.00603	0.00968	0.00676	0.01074
28	0.00877	0.00752	0.00752	0.00752	0.01003	0.00627	0.00564	0.01065	0.01692	0.02005	0.07520	0.07144	0.68978	0.01880	0.00877	0.00251	0.00376	0.01567	0.00689	0.00627
29	0.00928	0.00754	0.00823	0.00805	0.01034	0.00648	0.00604	0.01164	0.01812	0.02291	0.25550	0.06675	0.50771	0.01774	0.00877	0.00246	0.00368	0.01501	0.00727	0.00648
30	0.79154	0.01436	0.01091	0.00976	0.01436	0.01665	0.00804	0.02182	0.01263	0.03331	0.01034	0.01206	0.00804	0.00689	0.00459	0.00230	0.00574	0.00402	0.00459	0.00804
31	0.01043	0.00759	0.00982	0.00926	0.01104	0.00697	0.00694	0.01386	0.02083	0.02933	0.66136	0.05617	0.09783	0.01534	0.00876	0.00234	0.00351	0.01353	0.00811	0.00697
32	0.01985	0.74357	0.03890	0.01270	0.01905	0.02937	0.01270	0.02223	0.01508	0.01747	0.01032	0.01191	0.00953	0.00635	0.00476	0.00159	0.00794	0.00397	0.00318	0.00953
33	0.00904	0.00646	0.00861	0.01034	0.01077	0.00603	0.00689	0.01034	0.01421	0.01895	0.04092	0.73426	0.04910	0.02326	0.00948	0.00301	0.00431	0.02110	0.00689	0.00603
34	0.01334	0.00826	0.01095	0.01013	0.01235	0.00759	0.00785	0.01676	0.02074	0.10890	0.56086	0.05400	0.06181	0.01487	0.00872	0.00241	0.00409	0.06051	0.00819	0.00766
35	0.01829	0.01342	0.01591	0.01153	0.01799	0.01055	0.00929	0.04653	0.01694	0.11493	0.01552	0.01681	0.01204	0.00612	0.00584	0.00130	0.00571	0.00490	0.00516	0.65123
36	0.00877	0.00752	0.00752	0.00752	0.01003	0.00627	0.00564	0.01065	0.01692	0.02005	0.07520	0.07144	0.68978	0.01880	0.00877	0.00251	0.00376	0.01567	0.00689	0.00627
37	0.01767	0.01602	0.02752	0.31497	0.29578	0.01724	0.09369	0.05221	0.01719	0.05468	0.01467	0.01943	0.01130	0.00713	0.00755	0.00235	0.00953	0.00689	0.00397	0.01022
38	0.09681	0.01470	0.01867	0.01863	0.15550	0.01322	0.01221	0.06898	0.01754	0.10713	0.01532	0.01702	0.01185	0.00655	0.00616	0.00167	0.00649	0.00534	0.00506	0.40114
39	0.00882	0.00734	0.00770	0.00799	0.01015	0.00623	0.00585	0.01060	0.01647	0.01987	0.06944	0.18289	0.58206	0.01955	0.00889	0.00259	0.00385	0.01658	0.00689	0.00623
40	0.01656	0.16313	0.02609	0.22113	0.22491	0.01786	0.01681	0.02031	0.01539	0.02089	0.01333	0.01842	0.01139	0.04237	0.00801	0.00221	0.00829	0.00589	0.00363	0.14336

[dist]
# distance from previous block
# <min> <max>
0	1

[block]
# block no. 2 follows, 27 sequences, length 120
# corresponding to MSA columns:
# 109-131,137-168,175-239
name=unknown_C
#
# <colnr> <probs for GDERKNQSTAVLIFYWHMCP>
#	G	D	E	R	K	N	Q	S	T	A	V	L	I	F	Y	W	H	M	C	P
0	0.56457	0.02060	0.01392	0.01254	0.01691	0.22248	0.00991	0.02415	0.01513	0.02881	0.01068	0.01245	0.00849	0.00712	0.00522	0.00218	0.00801	0.00425	0.00437	0.00821
1	0.01177	0.00787	0.01033	0.00955	0.01153	0.00722	0.00722	0.01524	0.02103	0.06675	0.65238	0.05378	0.06719	0.01485	0.00868	0.00233	0.00366	0.01310	0.00823	0.00732
2	0.01281	0.01349	0.06886	0.01498	0.05461	0.01156	0.08240	0.01970	0.14447	0.02424	0.12496	0.04819	0.32249	0.01372	0.00832	0.00246	0.00594	0.01195	0.00636	0.00849
3	0.01882	0.01588	0.01686	0.01495	0.01915	0.01820	0.01168	0.08952	0.59017	0.03227	0.06565	0.02842	0.02446	0.01026	0.00761	0.00248	0.00593	0.00853	0.00758	0.01156
4	0.00988	0.00716	0.00801	0.00832	0.00914	0.00671	0.00526	0.01067	0.01323	0.01689	0.04199	0.17568	0.22950	0.39770	0.02413	0.00506	0.00566	0.01406	0.00564	0.00530
5	0.01803	0.01832	0.03333	0.03387	0.29276	0.01827	0.28942	0.02634	0.14183	0.02534	0.01746	0.02082	0.01360	0.00712	0.00798	0.00239	0.00981	0.00785	0.00444	0.01103
6	0.16806	0.01300	0.01394	0.01161	0.01578	0.01353	0.00935	0.17847	0.02095	0.19466	0.02227	0.06293	0.01702	0.00936	0.00641	0.00217	0.00576	0.00727	0.21763	0.00983
7	0.01985	0.74357	0.03890	0.01270	0.01905	0.02937	0.01270	0.02223	0.01508	0.01747	0.01032	0.01191	0.00953	0.00635	0.00476	0.00159	0.00794	0.00397	0.00318	0.00953
8	0.00877	0.00752	0.00752	0.00752	0.01003	0.00627	0.00564	0.01065	0.01692	0.02005	0.07520	0.07144	0.68978	0.01880	0.00877	0.00251	0.00376	0.01567	0.00689	0.00627
9	0.01748	0.01533	0.01801	0.17218	0.02638	0.01803	0.01372	0.03489	0.53157	0.02837	0.02643	0.02594	0.01982	0.00948	0.00752	0.00251	0.00677	0.00799	0.00661	0.01097
10	0.01984	0.01643	0.01744	0.01527	0.01963	0.01878	0.01198	0.15142	0.53635	0.03339	0.02842	0.05462	0.02193	0.01040	0.00761	0.00249	0.00622	0.00860	0.00750	0.01168
11	0.06216	0.01972	0.14170	0.01671	0.02337	0.01554	0.09516	0.14635	0.05905	0.08219	0.06936	0.02093	0.01678	0.00791	0.00703	0.00205	0.00780	0.00673	0.00554	0.19393
12	0.01943	0.04829	0.07802	0.23057	0.11681	0.01666	0.09002	0.05041	0.01716	0.14918	0.01680	0.02027	0.01243	0.01063	0.04925	0.00294	0.04949	0.00688	0.00470	0.01006
13	0.01516	0.00762	0.00792	0.00762	0.00968	0.00762	0.00579	0.01930	0.04287	0.06684	0.02476	0.02754	0.01914	0.00874	0.00542	0.00179	0.00372	0.00701	0.70403	0.00745
14	0.01676	0.01200	0.01815	0.30669	0.09332	0.01294	0.01484	0.02037	0.01679	0.14788	0.05869	0.05855	0.14864	0.01099	0.00833	0.00246	0.02887	0.00936	0.00549	0.00888
15	0.02341	0.01854	0.02436	0.08319	0.29046	0.08396	0.01761	0.14266	0.02091	0.15375	0.01700	0.01908	0.01269	0.00805	0.00832	0.00228	0.05048	0.00660	0.00535	0.01129
16	0.01330	0.01189	0.01956	0.05144	0.19989	0.01180	0.08920	0.01731	0.05408	0.02165	0.02887	0.38761	0.03148	0.01537	0.00862	0.00269	0.00680	0.01443	0.00555	0.00846
17	0.00887	0.00716	0.00790	0.00849	0.01028	0.00619	0.00607	0.01055	0.01599	0.01968	0.06344	0.29879	0.47002	0.02033	0.00901	0.00268	0.00395	0.01753	0.00689	0.00619
18	0.01651	0.01484	0.02122	0.18555	0.25111	0.04110	0.01646	0.07695	0.06195	0.02432	0.05929	0.11207	0.02109	0.05380	0.00954	0.00269	0.00801	0.00912	0.00490	0.00948
19	0.02095	0.16483	0.02992	0.02881	0.28035	0.17211	0.07969	0.06244	0.01859	0.02279	0.01413	0.01897	0.01218	0.00750	0.00696	0.00210	0.00988	0.03353	0.00398	0.01030
20	0.01354	0.01955	0.19268	0.05767	0.02335	0.05820	0.09747	0.01776	0.01595	0.02087	0.03315	0.16490	0.17974	0.01326	0.00928	0.00257	0.05553	0.01136	0.00488	0.00829
21	0.00943	0.00705	0.00879	0.00967	0.01092	0.00642	0.00691	0.01140	0.01631	0.02144	0.17095	0.41028	0.20575	0.02051	0.00922	0.00279	0.00417	0.05456	0.00713	0.00632
22	0.02169	0.02379	0.05061	0.05974	0.38962	0.22507	0.01963	0.07756	0.01949	0.02405	0.01348	0.01679	0.01102	0.00716	0.00715	0.00213	0.01025	0.00603	0.00399	0.01073
23	0.35427	0.01804	0.06888	0.01236	0.01618	0.13866	0.01034	0.02044	0.01438	0.02501	0.04137	0.02170	0.01494	0.12100	0.09090	0.00406	0.00929	0.00611	0.00440	0.00766
24	0.31587	0.01851	0.17649	0.01325	0.01891	0.01404	0.01312	0.02299	0.03577	0.13084	0.02236	0.09086	0.05529	0.01015	0.00664	0.00244	0.00687	0.03089	0.00548	0.00922
25	0.01774	0.05623	0.28536	0.02786	0.26180	0.04289	0.02160	0.06536	0.01751	0.02494	0.01364	0.01649	0.01065	0.00683	0.00689	0.00209	0.00934	0.00574	0.00379	0.10326
26	0.01656	0.00881	0.01153	0.01012	0.01289	0.00799	0.00785	0.01990	0.02063	0.19913	0.46710	0.04552	0.05276	0.01312	0.00814	0.00228	0.00421	0.01138	0.07166	0.00843
27	0.01985	0.74357	0.03890	0.01270	0.01905	0.02937	0.01270	0.02223	0.01508	0.01747	0.01032	0.01191	0.00953	0.00635	0.00476	0.00159	0.00794	0.00397	0.00318	0.00953
28	0.01019	0.00734	0.00968	0.00985	0.01124	0.00683	0.00725	0.01309	0.01896	0.02643	0.47793	0.24035	0.06288	0.01765	0.00903	0.00258	0.00390	0.05033	0.00775	0.00673
29	0.00994	0.00757	0.00914	0.00874	0.01074	0.00676	0.00656	0.01291	0.01967	0.02659	0.48808	0.06069	0.27282	0.01636	0.00876	0.00239	0.00359	0.01416	0.00775	0.00676
30	0.00904	0.00646	0.00861	0.01034	0.01077	0.00603	0.00689	0.01034	0.01421	0.01895	0.04092	0.73426	0.04910	0.02326	0.00948	0.00301	0.00431	0.02110	0.00689	0.00603
31	0.01899	0.02081	0.02233	0.01940	0.02032	0.18678	0.01579	0.02068	0.01368	0.01794	0.01016	0.01556	0.00970	0.01172	0.02014	0.00293	0.55536	0.00609	0.00339	0.00824
32	0.01985	0.74357	0.03890	0.01270	0.01905	0.02937	0.01270	0.02223	0.01508	0.01747	0.01032	0.01191	0.00953	0.00635	0.00476	0.00159	0.00794	0.00397	0.00318	0.00953
33	0.79154	0.01436	0.01091	0.00976	0.01436	0.01665	0.00804	0.02182	0.01263	0.03331	0.01034	0.01206	0.00804	0.00689	0.00459	0.00230	0.00574	0.00402	0.00459	0.00804
34	0.03141	0.01568	0.01911	0.01465	0.02047	0.01543	0.01210	0.27175	0.02634	0.45517	0.02501	0.02249	0.01623	0.00909	0.00745	0.00227	0.00701	0.00717	0.00853	0.01263
35	0.01539	0.01319	0.01539	0.01100	0.01759	0.00990	0.00880	0.01869	0.01539	0.02419	0.01319	0.01539	0.01100	0.00550	0.00550	0.00110	0.00550	0.00440	0.00440	0.78449
36	0.02773	0.03538	0.02104	0.01913	0.02295	0.70930	0.01434	0.02964	0.02104	0.01817	0.01148	0.01339	0.00956	0.00765	0.00669	0.00191	0.01339	0.00478	0.00383	0.00861
37	0.01113	0.00800	0.01080	0.01119	0.01293	0.00766	0.00913	0.01460	0.01933	0.02654	0.41075	0.06756	0.05835	0.01746	0.00940	0.00280	0.00493	0.28291	0.00760	0.00693
38	0.79154	0.01436	0.01091	0.00976	0.01436	0.01665	0.00804	0.02182	0.01263	0.03331	0.01034	0.01206	0.00804	0.00689	0.00459	0.00230	0.00574	0.00402	0.00459	0.00804
39	0.02048	0.01544	0.01712	0.05369	0.02076	0.01740	0.01200	0.11061	0.45913	0.09604	0.02732	0.02586	0.02012	0.00961	0.00737	0.00241	0.00625	0.00790	0.05907	0.01142
40	0.02415	0.16055	0.02368	0.01647	0.02136	0.25371	0.01336	0.18182	0.18051	0.02789	0.01724	0.01758	0.01341	0.00828	0.00671	0.00207	0.00933	0.00594	0.00545	0.01048
41	0.01235	0.00681	0.01021	0.01021	0.01053	0.00712	0.00712	0.01053	0.01021	0.01393	0.01457	0.02414	0.01425	0.03293	0.19165	0.59953	0.00966	0.00681	0.00340	0.00404
42	0.02695	0.11049	0.02315	0.01678	0.02199	0.23984	0.01362	0.30251	0.06270	0.08669	0.01654	0.01687	0.01231	0.00829	0.00689	0.00207	0.00952	0.00592	0.00593	0.01094
43	0.01162	0.00952	0.01483	0.04167	0.09592	0.00963	0.04669	0.01453	0.01554	0.02134	0.12645	0.23500	0.06313	0.02592	0.17634	0.00491	0.00929	0.06459	0.00569	0.00737
44	0.01985	0.74357	0.03890	0.01270	0.01905	0.02937	0.01270	0.02223	0.01508	0.01747	0.01032	0.01191	0.00953	0.00635	0.00476	0.00159	0.00794	0.00397	0.00318	0.00953
45	0.03209	0.01458	0.01843	0.01413	0.01992	0.01380	0.01168	0.18715	0.02451	0.54235	0.02655	0.02349	0.01700	0.00912	0.00746	0.00228	0.00676	0.00728	0.00877	0.01263
46	0.01075	0.00738	0.00901	0.00901	0.00932	0.00769	0.00563	0.01138	0.01106	0.01507	0.02256	0.04398	0.02499	0.57720	0.19695	0.00832	0.01020	0.01012	0.00437	0.00500
47	0.02492	0.03008	0.01916	0.01737	0.02111	0.55263	0.01317	0.07128	0.02137	0.02052	0.02072	0.02306	0.09577	0.00952	0.00711	0.00205	0.01162	0.02544	0.00455	0.00854
48	0.01752	0.02003	0.04380	0.03129	0.03880	0.01877	0.66583	0.02378	0.01752	0.02378	0.01502	0.02003	0.01126	0.00626	0.00876	0.00250	0.01252	0.00876	0.00375	0.01001
49	0.02773	0.03538	0.02104	0.01913	0.02295	0.70930	0.01434	0.02964	0.02104	0.01817	0.01148	0.01339	0.00956	0.00765	0.00669	0.00191	0.01339	0.00478	0.00383	0.00861
50	0.01232	0.01766	0.21374	0.01409	0.01907	0.01107	0.05136	0.01801	0.04622	0.02646	0.35000	0.04256	0.12240	0.01251	0.00821	0.00238	0.00634	0.01090	0.00626	0.00845
51	0.00904	0.00646	0.00861	0.01034	0.01077	0.00603	0.00689	0.01034	0.01421	0.01895	0.04092	0.73426	0.04910	0.02326	0.00948	0.00301	0.00431	0.02110	0.00689	0.00603
52	0.01051	0.00759	0.00992	0.00934	0.01109	0.00700	0.00700	0.01401	0.02101	0.02977	0.68888	0.05545	0.07005	0.01518	0.00876	0.00233	0.00350	0.01343	0.00817	0.00700
53	0.00903	0.00650	0.00857	0.01023	0.01074	0.00604	0.00684	0.01035	0.01431	0.01899	0.04220	0.70944	0.07309	0.02309	0.00945	0.00300	0.00429	0.02090	0.00689	0.00604
54	0.02237	0.02246	0.08588	0.01753	0.02180	0.13118	0.01515	0.26235	0.06695	0.03072	0.01573	0.01788	0.01226	0.00956	0.01114	0.00242	0.17873	0.00635	0.05925	0.01030
55	0.03089	0.01652	0.01963	0.01505	0.02089	0.01667	0.01243	0.33684	0.02775	0.38810	0.02383	0.02173	0.01564	0.00906	0.00745	0.00226	0.00720	0.00709	0.00835	0.01263
56	0.02220	0.01138	0.01385	0.01164	0.01586	0.01069	0.00927	0.02816	0.13819	0.33678	0.09425	0.03930	0.18383	0.01211	0.00782	0.00237	0.00529	0.01006	0.03667	0.01028
57	0.01820	0.02037	0.08975	0.09336	0.49145	0.05787	0.07520	0.02303	0.01692	0.02338	0.01379	0.01809	0.01124	0.00675	0.00741	0.00225	0.00966	0.00658	0.00361	0.01109
58	0.00911	0.00671	0.00856	0.01001	0.01082	0.00616	0.00688	0.01057	0.01475	0.01925	0.04636	0.60386	0.15175	0.02244	0.00939	0.00295	0.00431	0.04314	0.00689	0.00610
59	0.03331	0.01263	0.01723	0.01321	0.01895	0.01091	0.01091	0.03618	0.02125	0.69794	0.02929	0.02527	0.01838	0.00919	0.00747	0.00230	0.00632	0.00747	0.00919	0.01263
60	0.02101	0.01547	0.01512	0.01287	0.01631	0.09541	0.01022	0.22563	0.02220	0.07062	0.02003	0.02236	0.01541	0.01252	0.06224	0.00281	0.03893	0.00669	0.30486	0.00929
61	0.01744	0.04956	0.19889	0.02215	0.07846	0.08330	0.13986	0.06581	0.05712	0.02397	0.01887	0.10438	0.01708	0.01004	0.00877	0.00248	0.05160	0.03589	0.00452	0.00981
62	0.00976	0.00718	0.00858	0.00899	0.01003	0.00679	0.00607	0.01114	0.01436	0.01879	0.10500	0.24037	0.20565	0.23466	0.07490	0.00478	0.00622	0.01487	0.00607	0.00578
63	0.00904	0.00646	0.00861	0.01034	0.01077	0.00603	0.00689	0.01034	0.01421	0.01895	0.04092	0.73426	0.04910	0.02326	0.00948	0.00301	0.00431	0.02110	0.00689	0.00603
64	0.01815	0.01623	0.06130	0.25923	0.29316	0.01616	0.01949	0.02407	0.06847	0.09444	0.01699	0.02053	0.01287	0.00753	0.00730	0.00232	0.00858	0.00679	0.03596	0.01045
65	0.01808	0.01727	0.08943	0.14126	0.32216	0.01503	0.01882	0.02252	0.01657	0.09440	0.01638	0.04769	0.01333	0.00756	0.00714	0.00213	0.00824	0.00684	0.00439	0.13075
66	0.63759	0.01676	0.01304	0.06858	0.01836	0.09906	0.00981	0.02252	0.01381	0.03034	0.01070	0.01284	0.00837	0.00702	0.00507	0.00227	0.00699	0.00432	0.00440	0.00812
67	0.71130	0.01417	0.01158	0.01013	0.01484	0.01605	0.00834	0.02334	0.01355	0.10364	0.01234	0.01346	0.00913	0.00713	0.00490	0.00230	0.00580	0.00438	0.00508	0.00853
68	0.01090	0.00925	0.00961	0.00922	0.01201	0.00882	0.00700	0.01682	0.15284	0.02310	0.11625	0.06118	0.50249	0.01672	0.00852	0.00250	0.00417	0.01400	0.00713	0.00745
69	0.01078	0.00724	0.00832	0.00832	0.00840	0.00732	0.00478	0.01094	0.01086	0.01456	0.02319	0.04745	0.02650	0.69931	0.07690	0.00747	0.00794	0.01063	0.00447	0.00462
70	0.01044	0.00793	0.00965	0.00916	0.01119	0.00732	0.00689	0.01430	0.04786	0.02756	0.51825	0.05800	0.21227	0.01580	0.00871	0.00238	0.00366	0.01373	0.00785	0.00703
71	0.02084	0.01713	0.01812	0.01559	0.02021	0.01957	0.01232	0.19223	0.52274	0.03488	0.02720	0.02530	0.02022	0.00979	0.00752	0.00245	0.00643	0.00798	0.00752	0.01196
72	0.01837	0.01764	0.03013	0.04557	0.69279	0.01764	0.02278	0.02278	0.01690	0.02425	0.01396	0.01837	0.01176	0.00661	0.00735	0.00220	0.00882	0.00661	0.00367	0.01176
73	0.00990	0.00751	0.00912	0.00884	0.01075	0.00673	0.00658	0.01279	0.01940	0.02622	0.46672	0.09787	0.25703	0.01672	0.00880	0.00242	0.00363	0.01453	0.00771	0.00673
74	0.01080	0.00720	0.00810	0.00810	0.00810	0.00720	0.00450	0.01080	0.01080	0.01439	0.02339	0.04858	0.02699	0.73910	0.03779	0.00720	0.00720	0.01080	0.00450	0.00450
75	0.01402	0.01319	0.02227	0.72126	0.05113	0.01649	0.02062	0.01897	0.01484	0.01897	0.01319	0.01979	0.00990	0.00742	0.00742	0.00247	0.00990	0.00660	0.00330	0.00825
76	0.02810	0.02428	0.02198	0.01757	0.02300	0.18700	0.01417	0.51550	0.03159	0.03995	0.01631	0.01676	0.01189	0.00861	0.00725	0.00215	0.00942	0.00623	0.00657	0.01166
77	0.05229	0.02212	0.18389	0.01775	0.02477	0.01745	0.06939	0.21486	0.08180	0.20965	0.02038	0.02013	0.01399	0.00835	0.00737	0.00233	0.00841	0.00683	0.00647	0.01177
78	0.01866	0.57508	0.19702	0.01472	0.02218	0.02648	0.01622	0.02254	0.01522	0.01891	0.01104	0.01281	0.00950	0.00652	0.00531	0.00177	0.00866	0.00433	0.00317	0.00987
79	0.01061	0.00795	0.01193	0.01193	0.01326	0.00928	0.00928	0.01326	0.01193	0.01723	0.01988	0.02916	0.01856	0.05568	0.70968	0.01193	0.01988	0.00795	0.00398	0.00663
80	0.02400	0.02375	0.01761	0.01555	0.01934	0.37040	0.01191	0.06430	0.04916	0.12228	0.15044	0.02673	0.05295	0.01001	0.00738	0.00212	0.00938	0.00760	0.00596	0.00915
81	0.02897	0.01960	0.02154	0.01651	0.02243	0.02125	0.01364	0.57550	0.03290	0.14215	0.01950	0.01891	0.01347	0.00895	0.00743	0.00224	0.00790	0.00680	0.00768	0.01263
82	0.00922	0.00659	0.00877	0.01022	0.01081	0.00615	0.00690	0.01077	0.01502	0.02024	0.11802	0.65348	0.05159	0.02230	0.00939	0.00293	0.00421	0.02019	0.00704	0.00615
83	0.00911	0.00715	0.00825	0.00879	0.01044	0.00628	0.00628	0.01100	0.01650	0.02100	0.14748	0.30952	0.37198	0.01992	0.00903	0.00267	0.00392	0.01733	0.00707	0.00628
84	0.01246	0.00673	0.01010	0.01010	0.01035	0.00698	0.00698	0.01035	0.01010	0.01371	0.01421	0.02381	0.01396	0.03141	0.15710	0.63872	0.00898	0.00673	0.00337	0.00386
85	0.01112	0.00811	0.01062	0.01048	0.01232	0.00776	0.00824	0.01526	0.04483	0.02820	0.52506	0.06047	0.06242	0.01613	0.00903	0.00257	0.00431	0.14806	0.00786	0.00715
86	0.00980	0.00688	0.00888	0.01020	0.01067	0.00660	0.00692	0.01104	0.01374	0.01825	0.03657	0.49543	0.04311	0.19272	0.01628	0.00405	0.00529	0.09149	0.00632	0.00576
87	0.16309	0.02396	0.18844	0.02281	0.08254	0.04755	0.18634	0.14711	0.01960	0.02970	0.01405	0.01667	0.01045	0.00716	0.00712	0.00233	0.00979	0.00636	0.00446	0.01046
88	0.01912	0.02147	0.06950	0.03090	0.25179	0.10555	0.20783	0.02712	0.14220	0.02458	0.01698	0.01982	0.01325	0.00732	0.00770	0.00232	0.01005	0.00728	0.00442	0.01080
89	0.01010	0.00662	0.00818	0.00942	0.01026	0.00624	0.00644	0.01190	0.01466	0.02095	0.03910	0.54041	0.07787	0.01976	0.00848	0.00270	0.00409	0.01765	0.17892	0.00624
90	0.01080	0.00720	0.00810	0.00810	0.00810	0.00720	0.00450	0.01080	0.01080	0.01439	0.02339	0.04858	0.02699	0.73910	0.03779	0.00720	0.00720	0.01080	0.00450	0.00450
91	0.14157	0.13392	0.17079	0.01909	0.08556	0.11871	0.01660	0.07991	0.07941	0.02580	0.01395	0.01580	0.01099	0.00775	0.00738	0.00221	0.05072	0.00546	0.00431	0.01008
92	0.01532	0.01757	0.10643	0.34187	0.09920	0.01667	0.09498	0.02313	0.11857	0.02251	0.01974	0.02342	0.05173	0.00824	0.00763	0.00245	0.00925	0.00752	0.00424	0.00954
93	0.01040	0.00758	0.00978	0.00923	0.01103	0.00696	0.00692	0.01381	0.02077	0.02919	0.65228	0.05641	0.10701	0.01539	0.00876	0.00235	0.00352	0.01356	0.00810	0.00696
94	0.01918	0.15427	0.03045	0.05993	0.45080	0.02053	0.01974	0.07511	0.01765	0.02428	0.01333	0.01705	0.01123	0.00714	0.00781	0.00216	0.04830	0.00612	0.00385	0.01108
95	0.02194	0.01230	0.01634	0.01354	0.01677	0.01299	0.01102	0.05115	0.01905	0.30414	0.17461	0.03330	0.08255	0.01221	0.01190	0.00255	0.17740	0.00920	0.00728	0.00978
96	0.01622	0.01394	0.01467	0.01337	0.01713	0.01558	0.01035	0.03271	0.52127	0.02884	0.06688	0.03747	0.15589	0.01200	0.00784	0.00251	0.00536	0.01004	0.00745	0.01047
97	0.01837	0.01764	0.03013	0.04557	0.69279	0.01764	0.02278	0.02278	0.01690	0.02425	0.01396	0.01837	0.01176	0.00661	0.00735	0.00220	0.00882	0.00661	0.00367	0.01176
98	0.01539	0.01319	0.01539	0.01100	0.01759	0.00990	0.00880	0.01869	0.01539	0.02419	0.01319	0.01539	0.01100	0.00550	0.00550	0.00110	0.00550	0.00440	0.00440	0.78449
99	0.01859	0.01853	0.03483	0.19362	0.03894	0.01898	0.39573	0.13724	0.01997	0.02672	0.01508	0.01958	0.01118	0.00701	0.00820	0.00245	0.01112	0.00787	0.00430	0.01006
100	0.02918	0.01926	0.02133	0.01635	0.02226	0.02074	0.01351	0.54914	0.03233	0.16932	0.01998	0.01922	0.01371	0.00896	0.00743	0.00224	0.00782	0.00683	0.00776	0.01263
101	0.02822	0.02079	0.02228	0.01708	0.02302	0.02302	0.01411	0.66804	0.03490	0.04679	0.01782	0.01782	0.01262	0.00891	0.00743	0.00223	0.00817	0.00668	0.00743	0.01262
102	0.01402	0.01319	0.02227	0.72126	0.05113	0.01649	0.02062	0.01897	0.01484	0.01897	0.01319	0.01979	0.00990	0.00742	0.00742	0.00247	0.00990	0.00660	0.00330	0.00825
103	0.02507	0.02834	0.18160	0.01734	0.02331	0.31440	0.01604	0.02884	0.01957	0.20314	0.02044	0.02052	0.05151	0.00857	0.00711	0.00216	0.01034	0.00631	0.00529	0.01012
104	0.01047	0.00932	0.04777	0.00983	0.01223	0.00749	0.00808	0.01394	0.01975	0.02720	0.50330	0.05761	0.18666	0.01567	0.00873	0.00242	0.00411	0.04076	0.00759	0.00707
105	0.02822	0.02079	0.02228	0.01708	0.02302	0.02302	0.01411	0.66804	0.03490	0.04679	0.01782	0.01782	0.01262	0.00891	0.00743	0.00223	0.00817	0.00668	0.00743	0.01262
106	0.03209	0.01458	0.01843	0.01413	0.01992	0.01380	0.01168	0.18715	0.02451	0.54235	0.02655	0.02349	0.01700	0.00912	0.00746	0.00228	0.00676	0.00728	0.00877	0.01263
107	0.01489	0.03840	0.70064	0.02116	0.03213	0.01724	0.02743	0.02351	0.01567	0.02351	0.01332	0.01567	0.00940	0.00705	0.00705	0.00235	0.01097	0.00549	0.00313	0.01097
108	0.00919	0.00747	0.00747	0.00747	0.00991	0.00632	0.00560	0.01120	0.01681	0.02068	0.07103	0.06786	0.63485	0.01797	0.00848	0.00244	0.00374	0.01495	0.07023	0.00632
109	0.01075	0.00738	0.00901	0.00901	0.00933	0.00769	0.00564	0.01138	0.01107	0.01507	0.02255	0.04394	0.02498	0.57581	0.19833	0.00833	0.01023	0.01012	0.00437	0.00501
110	0.01681	0.00863	0.01158	0.01095	0.01334	0.00777	0.00814	0.01916	0.01813	0.22840	0.20657	0.34125	0.04522	0.01687	0.00868	0.00262	0.00471	0.01495	0.00792	0.00829
111	0.01009	0.00757	0.00935	0.00891	0.01084	0.00683	0.00668	0.01321	0.02004	0.02745	0.54255	0.05927	0.21782	0.01604	0.00876	0.00238	0.00356	0.01396	0.00787	0.00683
112	0.13622	0.00855	0.00840	0.00789	0.01040	0.00876	0.00611	0.01958	0.01559	0.08463	0.02249	0.02505	0.01727	0.00842	0.00529	0.00187	0.00405	0.00651	0.59535	0.00757
113	0.01081	0.01103	0.06868	0.11566	0.01955	0.00928	0.03796	0.01363	0.01514	0.01971	0.04008	0.31773	0.17944	0.05737	0.01040	0.00300	0.00620	0.05160	0.00579	0.00694
114	0.53599	0.04557	0.01500	0.05353	0.01872	0.18260	0.01045	0.02354	0.01486	0.02829	0.01077	0.01282	0.00857	0.00708	0.00527	0.00219	0.00789	0.00435	0.00428	0.00824
115	0.01072	0.00749	0.00960	0.00960	0.01012	0.00801	0.00637	0.01176	0.01124	0.01551	0.02202	0.04097	0.02368	0.47108	0.30129	0.00905	0.01217	0.00968	0.00429	0.00533
116	0.01619	0.01481	0.02424	0.14932	0.42406	0.01536	0.01892	0.04564	0.01675	0.02323	0.01935	0.16084	0.01891	0.01015	0.00779	0.00241	0.00807	0.00949	0.00440	0.01007
117	0.08426	0.01843	0.02128	0.02315	0.20154	0.08575	0.01484	0.17334	0.10968	0.13491	0.01924	0.01993	0.01420	0.00820	0.00705	0.00223	0.00790	0.00663	0.03617	0.01130
118	0.01682	0.01483	0.01497	0.01243	0.01708	0.09533	0.00953	0.04045	0.06862	0.04972	0.02125	0.17647	0.02055	0.01032	0.00682	0.00182	0.00634	0.00866	0.00541	0.40260
119	0.08227	0.01720	0.02782	0.03552	0.44900	0.01730	0.08314	0.04975	0.01722	0.05006	0.01428	0.01796	0.01156	0.00694	0.00775	0.00221	0.03439	0.00649	0.00415	0.06500

[dist]
# distance from previous block
# <min> <max>
0	1

[block]
# block no. 3 follows, 27 sequences, length 18
# corresponding to MSA columns:
# 241-258
name=unknown_D
#
# <colnr> <probs for GDERKNQSTAVLIFYWHMCP>
#	G	D	E	R	K	N	Q	S	T	A	V	L	I	F	Y	W	H	M	C	P
0	0.00932	0.00712	0.00846	0.00899	0.01045	0.00637	0.00635	0.01124	0.01649	0.02142	0.18748	0.31945	0.28985	0.04948	0.01023	0.00286	0.00406	0.01707	0.00706	0.00626
1	0.01985	0.74357	0.03890	0.01270	0.01905	0.02937	0.01270	0.02223	0.01508	0.01747	0.01032	0.01191	0.00953	0.00635	0.00476	0.00159	0.00794	0.00397	0.00318	0.00953
2	0.01802	0.02001	0.14004	0.02224	0.17248	0.01527	0.04301	0.11983	0.01885	0.02752	0.01417	0.01667	0.01115	0.00657	0.00661	0.00179	0.00789	0.00561	0.00445	0.32782
3	0.01575	0.01483	0.02505	0.40106	0.31916	0.01657	0.02109	0.02039	0.01582	0.02136	0.01485	0.02245	0.01235	0.00775	0.00754	0.00241	0.00929	0.03901	0.00364	0.00965
4	0.00963	0.00686	0.00883	0.00997	0.01054	0.00663	0.00670	0.01087	0.01357	0.01805	0.03734	0.47711	0.07520	0.17509	0.06983	0.00457	0.00619	0.04106	0.00616	0.00580
5	0.01093	0.00715	0.00819	0.00819	0.00819	0.00715	0.00462	0.01073	0.01073	0.01430	0.02274	0.04696	0.02611	0.69464	0.03724	0.05562	0.00715	0.01052	0.00442	0.00442
6	0.02225	0.47351	0.06418	0.01525	0.02097	0.25611	0.01395	0.02477	0.01710	0.01799	0.01085	0.01258	0.00953	0.00682	0.00552	0.00173	0.00990	0.00431	0.00339	0.00929
7	0.01422	0.01051	0.01279	0.01046	0.01458	0.00905	0.00815	0.01717	0.01494	0.05123	0.04483	0.02575	0.04445	0.05352	0.16448	0.00404	0.00843	0.00673	0.09950	0.38517
8	0.01855	0.13803	0.11006	0.09324	0.29419	0.07516	0.01927	0.02536	0.11110	0.02306	0.01534	0.01806	0.01232	0.00728	0.00688	0.00217	0.00899	0.00615	0.00406	0.01072
9	0.01277	0.01110	0.01422	0.01340	0.01437	0.04837	0.01036	0.01476	0.01211	0.01700	0.01773	0.02839	0.01741	0.14597	0.42131	0.00878	0.17343	0.00789	0.00389	0.00674
10	0.01022	0.00758	0.00952	0.00903	0.01091	0.00688	0.00678	0.01345	0.02033	0.02814	0.58595	0.05814	0.17399	0.01578	0.00876	0.00236	0.00355	0.01380	0.00796	0.00688
11	0.01080	0.00720	0.00810	0.00810	0.00810	0.00720	0.00450	0.01080	0.01080	0.01439	0.02339	0.04858	0.02699	0.73910	0.03779	0.00720	0.00720	0.01080	0.00450	0.00450
12	0.01653	0.01429	0.02113	0.01823	0.05298	0.01496	0.13888	0.16258	0.04979	0.02748	0.06623	0.16192	0.10556	0.01501	0.04135	0.00300	0.06368	0.01138	0.00593	0.00909
13	0.02356	0.02437	0.08743	0.01904	0.02476	0.17465	0.09858	0.26981	0.11068	0.03229	0.01751	0.01864	0.01305	0.00825	0.00731	0.00222	0.00965	0.00664	0.04067	0.01086
14	0.06313	0.07473	0.02860	0.05551	0.06132	0.06973	0.23458	0.10739	0.05710	0.07657	0.05856	0.02136	0.01604	0.00788	0.00748	0.00227	0.00929	0.00746	0.03089	0.01010
15	0.18574	0.10473	0.08039	0.07113	0.07125	0.07707	0.04953	0.05590	0.01552	0.02342	0.01478	0.02247	0.01356	0.17038	0.01324	0.00329	0.00853	0.00653	0.00415	0.00839
16	0.07760	0.26628	0.07387	0.04748	0.12050	0.04331	0.09710	0.02223	0.04417	0.02230	0.04318	0.05462	0.01623	0.00844	0.00667	0.00215	0.00844	0.03173	0.00417	0.00953
17	0.02096	0.11815	0.11162	0.06457	0.10784	0.05067	0.09386	0.07464	0.01869	0.14431	0.01906	0.02052	0.04243	0.00778	0.00704	0.00212	0.00870	0.00666	0.00501	0.07535

[dist]
# distance from previous block
# <min> <max>
12	96

[block]
# block no. 4 follows, 27 sequences, length 15
# corresponding to MSA columns:
# 359-373
name=unknown_E
#
# <colnr> <probs for GDERKNQSTAVLIFYWHMCP>
#	G	D	E	R	K	N	Q	S	T	A	V	L	I	F	Y	W	H	M	C	P
0	0.00993	0.00741	0.00938	0.01070	0.01171	0.00713	0.00758	0.01281	0.05951	0.02019	0.04348	0.55726	0.11106	0.02166	0.00935	0.00297	0.00460	0.07981	0.00693	0.00652
1	0.01030	0.05666	0.01110	0.01004	0.01154	0.00826	0.00740	0.01227	0.01554	0.02053	0.14677	0.34435	0.14974	0.05654	0.07797	0.00380	0.00606	0.03821	0.00645	0.00648
2	0.01736	0.01614	0.02658	0.30305	0.40139	0.01756	0.02137	0.06473	0.01732	0.02374	0.01393	0.01888	0.01110	0.00708	0.00738	0.00231	0.00919	0.00661	0.00378	0.01047
3	0.09109	0.02275	0.23441	0.13734	0.13390	0.04069	0.09229	0.02197	0.01589	0.04679	0.01634	0.08353	0.01391	0.00853	0.00734	0.00240	0.00944	0.00755	0.00404	0.00978
4	0.01488	0.01426	0.02445	0.28628	0.24544	0.01513	0.09201	0.01930	0.01649	0.02206	0.06680	0.02856	0.10447	0.00905	0.00782	0.00239	0.00862	0.00850	0.00427	0.00922
5	0.14707	0.02154	0.20974	0.02735	0.28653	0.01589	0.01936	0.02298	0.01601	0.08200	0.01658	0.07302	0.01396	0.00830	0.00698	0.00233	0.00834	0.00707	0.00440	0.01055
6	0.01797	0.01723	0.02941	0.10798	0.63353	0.01753	0.02258	0.02243	0.01671	0.02376	0.01389	0.01850	0.01159	0.00669	0.00736	0.00223	0.00892	0.00661	0.00364	0.01143
7	0.01602	0.01570	0.02217	0.35019	0.21124	0.07945	0.01829	0.02083	0.03939	0.02195	0.09156	0.02481	0.04014	0.00857	0.00753	0.00234	0.00888	0.00756	0.00426	0.00912
8	0.02259	0.02651	0.02223	0.02355	0.14817	0.40561	0.01580	0.02500	0.01789	0.01919	0.01240	0.01618	0.01080	0.01254	0.07137	0.00306	0.12876	0.00568	0.00372	0.00895
9	0.01431	0.01349	0.02279	0.67630	0.09383	0.01657	0.02076	0.01922	0.01498	0.01932	0.01325	0.01970	0.01002	0.00737	0.00742	0.00246	0.00982	0.00660	0.00332	0.00848
10	0.04714	0.18563	0.18428	0.02081	0.02800	0.13325	0.18614	0.08655	0.01865	0.02398	0.01313	0.01569	0.01020	0.00696	0.00689	0.00214	0.01065	0.00595	0.00388	0.01008
11	0.72371	0.01450	0.01143	0.01023	0.01479	0.01681	0.00837	0.02337	0.07114	0.03311	0.01208	0.01343	0.00932	0.00717	0.00485	0.00232	0.00575	0.00440	0.00485	0.00837
12	0.01292	0.19198	0.01868	0.01212	0.01471	0.01431	0.01014	0.01550	0.01272	0.01729	0.01749	0.02485	0.01630	0.04334	0.53333	0.00934	0.01690	0.00696	0.00378	0.00735
13	0.01771	0.16013	0.27328	0.01552	0.02206	0.01671	0.01657	0.08069	0.01724	0.08809	0.02071	0.10334	0.04641	0.01137	0.00898	0.07086	0.00818	0.00787	0.00474	0.00954
14	0.06761	0.08640	0.22834	0.01678	0.07017	0.01371	0.01544	0.01972	0.01552	0.08723	0.02434	0.27426	0.02462	0.01297	0.00761	0.00250	0.00733	0.01113	0.00521	0.00909

[dist]
# distance from previous block
# <min> <max>
1	3

[block]
