[name]
unknown

[dist]
# distance from previous block
# <min> <max>
0	41

[block]
# block no. 0 follows, 24 sequences, length 7
# corresponding to MSA columns:
# 41-47
name=unknown_A
#
# <colnr> <probs for GDERKNQSTAVLIFYWHMCP>
#	G	D	E	R	K	N	Q	S	T	A	V	L	I	F	Y	W	H	M	C	P
0	0.01893	0.01599	0.02065	0.10849	0.13066	0.01779	0.01601	0.10031	0.27540	0.03041	0.02754	0.03745	0.02357	0.01185	0.00857	0.00278	0.00781	0.12800	0.00665	0.01115
1	0.01610	0.15749	0.14614	0.01456	0.01977	0.01676	0.01410	0.07058	0.01929	0.02647	0.17786	0.10318	0.06691	0.01243	0.00893	0.00239	0.05029	0.01003	0.00577	0.06094
2	0.01865	0.18486	0.32239	0.01893	0.02730	0.02020	0.05976	0.02688	0.09130	0.06941	0.07013	0.02178	0.01776	0.00855	0.00735	0.00236	0.00949	0.00691	0.00482	0.01118
3	0.01637	0.01196	0.01678	0.01526	0.01798	0.01229	0.06283	0.09687	0.01974	0.07918	0.06554	0.27022	0.07689	0.01804	0.01096	0.00304	0.06295	0.12732	0.00710	0.00867
4	0.00947	0.00767	0.00841	0.00901	0.01097	0.00661	0.00646	0.01127	0.01714	0.02104	0.06848	0.28330	0.46929	0.02162	0.00961	0.00285	0.00421	0.01861	0.00736	0.00661
5	0.02237	0.01927	0.01918	0.06012	0.06438	0.14026	0.01351	0.16823	0.09660	0.08303	0.02980	0.08937	0.10128	0.01418	0.03967	0.00296	0.00909	0.00967	0.00657	0.01046
6	0.02053	0.19828	0.08367	0.02618	0.03364	0.10773	0.36836	0.02577	0.01842	0.02296	0.01421	0.01805	0.01121	0.00695	0.00791	0.00234	0.01218	0.00733	0.00382	0.01044

[dist]
# distance from previous block
# <min> <max>
4	6

[block]
# block no. 1 follows, 24 sequences, length 70
# corresponding to MSA columns:
# 54-123
name=unknown_B
#
# <colnr> <probs for GDERKNQSTAVLIFYWHMCP>
#	G	D	E	R	K	N	Q	S	T	A	V	L	I	F	Y	W	H	M	C	P
0	0.01675	0.07439	0.01811	0.08001	0.07020	0.17558	0.01231	0.01922	0.01810	0.02123	0.07267	0.25620	0.10386	0.01532	0.00848	0.00258	0.00806	0.01303	0.00572	0.00820
1	0.02710	0.02813	0.02546	0.02735	0.19787	0.31410	0.01766	0.21044	0.02565	0.03015	0.01497	0.01712	0.01181	0.00827	0.00757	0.00223	0.01135	0.00623	0.00518	0.01136
2	0.01500	0.01287	0.01453	0.01120	0.01699	0.01038	0.00884	0.01969	0.06874	0.02537	0.03157	0.03197	0.17147	0.00970	0.00690	0.00166	0.00546	0.00795	0.00562	0.52410
3	0.07861	0.01890	0.04122	0.01506	0.01992	0.12516	0.01225	0.09777	0.10506	0.22354	0.05128	0.08218	0.07159	0.01158	0.00794	0.00249	0.00780	0.00925	0.00744	0.01097
4	0.22617	0.02780	0.23319	0.08792	0.11805	0.13210	0.01989	0.02516	0.01693	0.02664	0.01311	0.01610	0.01008	0.00757	0.00683	0.00241	0.01021	0.00559	0.00400	0.01027
5	0.02068	0.32380	0.16422	0.01564	0.02231	0.05399	0.01581	0.12507	0.01968	0.02574	0.01534	0.01914	0.01299	0.06549	0.00905	0.00249	0.00902	0.00592	0.06327	0.01034
6	0.01607	0.01502	0.01760	0.24056	0.02855	0.12723	0.01428	0.01845	0.01499	0.01836	0.01603	0.02374	0.01407	0.02810	0.23191	0.14271	0.01399	0.00716	0.00384	0.00736
7	0.02136	0.01897	0.05643	0.01675	0.02185	0.02005	0.01390	0.18474	0.42063	0.03561	0.02719	0.02643	0.02047	0.01411	0.06168	0.00340	0.00835	0.00831	0.00747	0.01230
8	0.01013	0.00733	0.00880	0.00981	0.01088	0.00673	0.00666	0.01172	0.01581	0.02090	0.07079	0.42760	0.19906	0.09871	0.01297	0.00348	0.00472	0.01881	0.04868	0.00641
9	0.05904	0.07565	0.02123	0.01616	0.02097	0.13023	0.01304	0.29183	0.07834	0.03559	0.06920	0.04615	0.01998	0.01304	0.04756	0.00293	0.00935	0.00776	0.03097	0.01095
10	0.00985	0.00725	0.00928	0.01081	0.01174	0.00668	0.00755	0.01150	0.01589	0.02070	0.04959	0.56429	0.15311	0.02384	0.01006	0.00316	0.00471	0.06608	0.00736	0.00655
11	0.01498	0.01409	0.02378	0.70226	0.05462	0.01762	0.02202	0.02026	0.01586	0.02026	0.01409	0.02114	0.01057	0.00793	0.00793	0.00264	0.01057	0.00705	0.00352	0.00881
12	0.44947	0.21180	0.02154	0.01292	0.01820	0.13176	0.01104	0.02480	0.01568	0.02833	0.01124	0.01307	0.00929	0.00734	0.00532	0.00218	0.00811	0.00441	0.00436	0.00912
13	0.01828	0.01557	0.01460	0.01377	0.01639	0.12543	0.01031	0.15124	0.02111	0.02765	0.02852	0.28699	0.02939	0.01962	0.07003	0.00350	0.00848	0.01284	0.11767	0.00860
14	0.01892	0.01768	0.02944	0.25861	0.38928	0.01896	0.05121	0.07334	0.01893	0.02599	0.01503	0.02015	0.01196	0.00753	0.00795	0.00247	0.00992	0.00717	0.00412	0.01133
15	0.00975	0.00796	0.00861	0.00864	0.01099	0.00682	0.00641	0.01204	0.01868	0.02331	0.18937	0.12260	0.50782	0.01971	0.00943	0.00268	0.00401	0.01673	0.00762	0.00682
16	0.02188	0.05452	0.05970	0.05958	0.09386	0.12403	0.01572	0.11813	0.21452	0.02979	0.01997	0.02091	0.01538	0.00861	0.00742	0.00225	0.00881	0.00683	0.00580	0.11229
17	0.02046	0.01197	0.01572	0.01532	0.06921	0.01150	0.01095	0.02678	0.11715	0.22524	0.27302	0.04383	0.07944	0.01313	0.00868	0.00255	0.00562	0.03057	0.00844	0.01042
18	0.01008	0.00786	0.00850	0.00859	0.01037	0.00698	0.00596	0.01170	0.01663	0.02076	0.11434	0.12075	0.41324	0.18957	0.01692	0.00392	0.00493	0.01574	0.00686	0.00628
19	0.07954	0.14618	0.39533	0.01853	0.02783	0.01919	0.02169	0.02737	0.01754	0.15127	0.01676	0.01777	0.01181	0.00784	0.00701	0.00236	0.00979	0.00588	0.00473	0.01157
20	0.02969	0.03565	0.02265	0.02013	0.02453	0.59801	0.01529	0.11610	0.02451	0.02361	0.01319	0.01495	0.01066	0.00836	0.00726	0.00209	0.01353	0.00539	0.00462	0.00978
21	0.01227	0.00948	0.01151	0.01247	0.01398	0.00980	0.00892	0.01886	0.17056	0.02356	0.04085	0.51478	0.04524	0.02127	0.00967	0.00312	0.00516	0.05299	0.00753	0.00797
22	0.77733	0.01534	0.01166	0.01043	0.01534	0.01779	0.00859	0.02331	0.01350	0.03558	0.01104	0.01288	0.00859	0.00736	0.00491	0.00245	0.00613	0.00429	0.00491	0.00859
23	0.02064	0.01070	0.01367	0.01193	0.01553	0.00983	0.00928	0.02519	0.07267	0.27072	0.24468	0.11981	0.11256	0.01476	0.00882	0.00260	0.00520	0.01270	0.00878	0.00994
24	0.01727	0.01467	0.01573	0.01467	0.01836	0.01653	0.01119	0.03465	0.50254	0.03014	0.03787	0.14593	0.07874	0.01379	0.00851	0.00278	0.00583	0.01180	0.00790	0.01109
25	0.01984	0.01858	0.03017	0.27428	0.21895	0.05175	0.13889	0.07299	0.01934	0.05524	0.01578	0.02053	0.01203	0.00768	0.00814	0.00251	0.01064	0.00744	0.00439	0.01082
26	0.02188	0.67036	0.04001	0.01412	0.02069	0.08466	0.01371	0.02439	0.01663	0.01872	0.01112	0.01285	0.01018	0.00690	0.00526	0.00172	0.00895	0.00431	0.00345	0.01010
27	0.12578	0.05009	0.02459	0.01891	0.02235	0.01787	0.16419	0.01956	0.01467	0.02284	0.02022	0.02652	0.06646	0.05913	0.13003	0.00479	0.19077	0.00833	0.00433	0.00857
28	0.01146	0.00796	0.01001	0.01001	0.01048	0.00842	0.00650	0.01240	0.01193	0.01638	0.02374	0.04502	0.02585	0.50200	0.25560	0.00936	0.01218	0.01053	0.00462	0.00556
29	0.01870	0.17026	0.46686	0.01982	0.02973	0.02047	0.02391	0.02688	0.05336	0.07566	0.01597	0.01750	0.01163	0.00775	0.00712	0.00236	0.01039	0.00589	0.00413	0.01161
30	0.01554	0.00812	0.00820	0.00792	0.00999	0.00824	0.00601	0.04932	0.01765	0.03057	0.02553	0.02905	0.01999	0.00925	0.00566	0.00187	0.00394	0.00738	0.72808	0.00769
31	0.00942	0.00785	0.00823	0.00853	0.01084	0.00665	0.00624	0.01132	0.01760	0.02123	0.07431	0.18159	0.56725	0.02087	0.00950	0.00277	0.00411	0.01769	0.00736	0.00665
32	0.02120	0.72609	0.04155	0.01357	0.02035	0.03138	0.01357	0.02374	0.01611	0.01866	0.01102	0.01272	0.01018	0.00678	0.00509	0.00170	0.00848	0.00424	0.00339	0.01018
33	0.00996	0.00712	0.00921	0.01060	0.01121	0.00666	0.00706	0.01141	0.01549	0.02069	0.09153	0.57411	0.07525	0.09406	0.01308	0.00359	0.00482	0.02058	0.00721	0.00637
34	0.02876	0.02152	0.02302	0.01797	0.02406	0.02395	0.01474	0.56534	0.11961	0.04775	0.02080	0.02044	0.01491	0.00968	0.00795	0.00242	0.00840	0.00738	0.00795	0.01336
35	0.02464	0.44471	0.03375	0.01637	0.02205	0.30041	0.01429	0.02698	0.01871	0.01896	0.01153	0.01337	0.01019	0.00735	0.00593	0.00184	0.01086	0.00459	0.00368	0.00977
36	0.02962	0.03779	0.02247	0.02043	0.02451	0.68948	0.01532	0.03166	0.02247	0.01941	0.01226	0.01430	0.01021	0.00817	0.00715	0.00204	0.01430	0.00511	0.00409	0.00919
37	0.01953	0.10400	0.34753	0.01906	0.02738	0.02008	0.02108	0.18802	0.02172	0.03022	0.01735	0.05643	0.01409	0.01314	0.06277	0.00326	0.01096	0.00716	0.00486	0.01136
38	0.00943	0.00779	0.00828	0.00867	0.01088	0.00664	0.00631	0.01131	0.01746	0.02117	0.07259	0.21161	0.53834	0.02109	0.00953	0.00279	0.00414	0.01796	0.00736	0.00664
39	0.01692	0.01354	0.01595	0.11282	0.02216	0.01463	0.01185	0.17070	0.12390	0.02978	0.04058	0.18128	0.18297	0.01528	0.00876	0.00272	0.00659	0.01299	0.00706	0.00952
40	0.02069	0.02082	0.08263	0.09217	0.46616	0.01966	0.02304	0.12606	0.02094	0.02936	0.01547	0.01941	0.01235	0.00757	0.00784	0.00239	0.00958	0.00698	0.00451	0.01235
41	0.00966	0.00690	0.00920	0.01104	0.01150	0.00644	0.00736	0.01104	0.01518	0.02024	0.04371	0.71614	0.05245	0.02484	0.01012	0.00322	0.00460	0.02254	0.00736	0.00644
42	0.10759	0.18335	0.14728	0.01808	0.02494	0.13655	0.04532	0.15725	0.05836	0.02959	0.01496	0.01644	0.01157	0.00802	0.00683	0.00223	0.00995	0.00581	0.00492	0.01097
43	0.08687	0.03207	0.02133	0.01909	0.02305	0.50926	0.01461	0.07907	0.02187	0.02309	0.01307	0.01562	0.01086	0.01121	0.04366	0.00274	0.05326	0.00549	0.00444	0.00935
44	0.01031	0.00790	0.00837	0.00835	0.00993	0.00712	0.00559	0.01157	0.01561	0.01938	0.07958	0.06589	0.39023	0.30130	0.02181	0.00468	0.00548	0.01456	0.00639	0.00597
45	0.01975	0.01606	0.01822	0.01332	0.02019	0.01396	0.01077	0.17109	0.02148	0.03167	0.01529	0.01707	0.01217	0.00675	0.00637	0.00147	0.00656	0.00529	0.00548	0.58705
46	0.05668	0.01380	0.01471	0.01340	0.01640	0.08509	0.01024	0.01767	0.01537	0.02188	0.02265	0.19498	0.02352	0.02501	0.18004	0.00493	0.06461	0.01031	0.00510	0.20361
47	0.00966	0.00690	0.00920	0.01104	0.01150	0.00644	0.00736	0.01104	0.01518	0.02024	0.04371	0.71614	0.05245	0.02484	0.01012	0.00322	0.00460	0.02254	0.00736	0.00644
48	0.02102	0.07833	0.08150	0.01870	0.02561	0.15814	0.11679	0.07468	0.01977	0.02575	0.01420	0.01675	0.01135	0.00700	0.00696	0.00185	0.00980	0.00581	0.00450	0.30149
49	0.01733	0.01720	0.02579	0.48302	0.20709	0.07232	0.02206	0.02221	0.01694	0.02161	0.01415	0.02021	0.01104	0.00773	0.00785	0.00252	0.01058	0.00689	0.00367	0.00978
50	0.00966	0.00690	0.00920	0.01104	0.01150	0.00644	0.00736	0.01104	0.01518	0.02024	0.04371	0.71614	0.05245	0.02484	0.01012	0.00322	0.00460	0.02254	0.00736	0.00644
51	0.02003	0.01926	0.06419	0.23086	0.30476	0.01957	0.02167	0.14003	0.05026	0.02904	0.01620	0.02025	0.01254	0.00797	0.00788	0.00247	0.00961	0.00709	0.00471	0.01159
52	0.02124	0.01692	0.01786	0.01537	0.01999	0.01901	0.01215	0.19447	0.39657	0.03634	0.03206	0.03046	0.07101	0.01104	0.00794	0.00254	0.00653	0.00897	0.06759	0.01193
53	0.01011	0.00709	0.00907	0.01046	0.01081	0.00674	0.00674	0.01116	0.01430	0.01907	0.03918	0.55564	0.04674	0.19313	0.01743	0.00430	0.00535	0.01988	0.00674	0.00605
54	0.00972	0.00805	0.00851	0.00839	0.01092	0.00684	0.00629	0.01204	0.01888	0.02334	0.18916	0.07315	0.55860	0.01937	0.00937	0.00264	0.00397	0.01629	0.00762	0.00684
55	0.01842	0.00937	0.01256	0.01171	0.01440	0.00842	0.00877	0.02104	0.01973	0.23415	0.22350	0.30190	0.04852	0.01749	0.00921	0.00276	0.00504	0.01546	0.00855	0.00901
56	0.02052	0.00943	0.01071	0.00945	0.01252	0.00905	0.00740	0.04502	0.01886	0.19247	0.02699	0.02856	0.01992	0.00939	0.00623	0.00202	0.00463	0.00753	0.55019	0.00913
57	0.17406	0.07240	0.02146	0.01810	0.02250	0.52205	0.01392	0.02960	0.02037	0.02250	0.01195	0.01394	0.00990	0.00794	0.00660	0.00210	0.01239	0.00490	0.00421	0.00913
58	0.02962	0.03779	0.02247	0.02043	0.02451	0.68948	0.01532	0.03166	0.02247	0.01941	0.01226	0.01430	0.01021	0.00817	0.00715	0.00204	0.01430	0.00511	0.00409	0.00919
59	0.01674	0.01915	0.09920	0.37561	0.20316	0.01834	0.10925	0.02250	0.01689	0.02289	0.01458	0.02033	0.01121	0.00750	0.00806	0.00256	0.01080	0.00724	0.00367	0.01031
60	0.00955	0.00804	0.00828	0.00822	0.01082	0.00677	0.00616	0.01172	0.01849	0.02241	0.13616	0.07469	0.61219	0.01972	0.00937	0.00266	0.00399	0.01651	0.00749	0.00677
61	0.02614	0.02666	0.23447	0.01889	0.02688	0.02028	0.01901	0.32474	0.04759	0.14660	0.01995	0.01996	0.01374	0.00897	0.00782	0.00244	0.00928	0.00692	0.00677	0.01289
62	0.01446	0.01304	0.02104	0.35245	0.16045	0.01479	0.01782	0.01854	0.01577	0.02093	0.02279	0.06647	0.06878	0.05724	0.09831	0.00422	0.01071	0.00913	0.00429	0.00878
63	0.00978	0.00812	0.00861	0.00870	0.01125	0.00695	0.00667	0.01206	0.01843	0.02241	0.12279	0.07603	0.57361	0.01993	0.00950	0.00274	0.00425	0.06392	0.00746	0.00680
64	0.02297	0.29523	0.24150	0.01724	0.02546	0.02322	0.01857	0.11635	0.02038	0.12516	0.01629	0.01710	0.01205	0.00788	0.00673	0.00217	0.00930	0.00575	0.00501	0.01166
65	0.02098	0.10433	0.09796	0.09604	0.02552	0.06151	0.01497	0.14899	0.02182	0.06627	0.06773	0.02169	0.01738	0.00853	0.00709	0.00208	0.00829	0.00667	0.04907	0.15308
66	0.20225	0.30443	0.21944	0.01563	0.02324	0.02349	0.01689	0.02533	0.06053	0.02565	0.01345	0.01512	0.01074	0.00742	0.00597	0.00219	0.00871	0.00506	0.00407	0.01041
67	0.01399	0.00836	0.01017	0.00997	0.01140	0.00778	0.00671	0.01532	0.01569	0.10664	0.09665	0.20590	0.11813	0.31204	0.02229	0.00485	0.00602	0.01452	0.00675	0.00682
68	0.10684	0.01067	0.01124	0.01043	0.01317	0.01085	0.00768	0.04258	0.08677	0.08719	0.03791	0.09580	0.16193	0.16628	0.01474	0.00363	0.00574	0.01132	0.10709	0.00812
69	0.02207	0.07413	0.20495	0.07706	0.13545	0.02013	0.04332	0.15667	0.06962	0.09296	0.01817	0.01987	0.01328	0.00828	0.00768	0.00243	0.00958	0.00687	0.00542	0.01209

[dist]
# distance from previous block
# <min> <max>
0	1

[block]
# block no. 2 follows, 24 sequences, length 28
# corresponding to MSA columns:
# 125-152
name=unknown_C
#
# <colnr> <probs for GDERKNQSTAVLIFYWHMCP>
#	G	D	E	R	K	N	Q	S	T	A	V	L	I	F	Y	W	H	M	C	P
0	0.02607	0.02163	0.02074	0.01858	0.06844	0.13875	0.01380	0.35996	0.02893	0.03852	0.01896	0.02044	0.01427	0.00904	0.00729	0.00221	0.00871	0.00683	0.16545	0.01138
1	0.00978	0.00719	0.00917	0.01049	0.01142	0.00658	0.00718	0.01149	0.01634	0.02158	0.11184	0.55564	0.14566	0.02327	0.00993	0.00307	0.00443	0.02086	0.00750	0.00658
2	0.01593	0.01365	0.01583	0.01148	0.01820	0.01029	0.00915	0.01934	0.01656	0.02552	0.01891	0.02080	0.05952	0.00691	0.00613	0.00128	0.00574	0.00557	0.00489	0.71429
3	0.12299	0.03499	0.02112	0.01918	0.02337	0.60561	0.01448	0.03062	0.02135	0.02143	0.01211	0.01412	0.01001	0.00807	0.00687	0.00209	0.01328	0.00501	0.00419	0.00912
4	0.00976	0.00697	0.00929	0.01098	0.01152	0.00650	0.00737	0.01128	0.01562	0.02094	0.08137	0.67648	0.05380	0.02432	0.01008	0.00318	0.00455	0.02205	0.00744	0.00650
5	0.02027	0.02902	0.25861	0.01883	0.02578	0.13753	0.01885	0.09099	0.18687	0.02933	0.08514	0.02417	0.02065	0.00956	0.00783	0.00246	0.00966	0.00752	0.00570	0.01123
6	0.03014	0.02221	0.02380	0.01825	0.02459	0.02459	0.01507	0.64541	0.03728	0.04998	0.01904	0.01904	0.01349	0.00952	0.00793	0.00238	0.00873	0.00714	0.00793	0.01349
7	0.00966	0.00690	0.00920	0.01104	0.01150	0.00644	0.00736	0.01104	0.01518	0.02024	0.04371	0.71614	0.05245	0.02484	0.01012	0.00322	0.00460	0.02254	0.00736	0.00644
8	0.01080	0.00809	0.01001	0.00953	0.01159	0.00730	0.00715	0.01415	0.02145	0.02943	0.53370	0.06313	0.21027	0.01709	0.00936	0.00254	0.00380	0.01489	0.00842	0.00730
9	0.00966	0.00690	0.00920	0.01104	0.01150	0.00644	0.00736	0.01104	0.01518	0.02024	0.04371	0.71614	0.05245	0.02484	0.01012	0.00322	0.00460	0.02254	0.00736	0.00644
10	0.02208	0.01706	0.01840	0.01609	0.02087	0.01927	0.01264	0.08566	0.54859	0.09916	0.03121	0.02856	0.02297	0.01057	0.00805	0.00264	0.00650	0.00873	0.00823	0.01271
11	0.16658	0.03236	0.02059	0.01861	0.02259	0.52345	0.01421	0.02933	0.02016	0.02237	0.01192	0.01423	0.00993	0.00839	0.00794	0.00221	0.05683	0.00507	0.00420	0.00905
12	0.02962	0.03779	0.02247	0.02043	0.02451	0.68948	0.01532	0.03166	0.02247	0.01941	0.01226	0.01430	0.01021	0.00817	0.00715	0.00204	0.01430	0.00511	0.00409	0.00919
13	0.02320	0.02217	0.02675	0.12902	0.29696	0.15647	0.01989	0.11309	0.02132	0.06047	0.01547	0.01895	0.01219	0.00821	0.00856	0.00239	0.04209	0.00671	0.00475	0.01134
14	0.00970	0.00755	0.00856	0.00929	0.01082	0.00669	0.00644	0.01126	0.01627	0.02035	0.06027	0.32842	0.35999	0.09159	0.01275	0.00339	0.00461	0.01853	0.00711	0.00641
15	0.02209	0.09154	0.22789	0.02091	0.08239	0.02038	0.01922	0.13928	0.17003	0.09639	0.02075	0.02104	0.01514	0.00875	0.00757	0.00243	0.00892	0.00697	0.00596	0.01233
16	0.02075	0.07027	0.02608	0.06502	0.14015	0.07628	0.07891	0.09188	0.11570	0.05478	0.09929	0.02542	0.02173	0.00979	0.00950	0.00250	0.06723	0.00815	0.00573	0.01086
17	0.00961	0.00710	0.00900	0.01051	0.01136	0.00649	0.00713	0.01110	0.01569	0.02045	0.05017	0.60325	0.16117	0.02400	0.00999	0.00312	0.00450	0.02152	0.00736	0.00649
18	0.02192	0.02397	0.19481	0.05034	0.07897	0.01917	0.01863	0.24041	0.09861	0.06747	0.02184	0.08941	0.01781	0.01041	0.00806	0.00255	0.00885	0.00858	0.00627	0.01194
19	0.02538	0.39290	0.03367	0.01626	0.02276	0.06747	0.04512	0.18938	0.02286	0.09267	0.01547	0.01633	0.01208	0.00789	0.00646	0.00202	0.00897	0.00568	0.00530	0.01134
20	0.00957	0.00724	0.00885	0.01013	0.01126	0.00652	0.00696	0.01114	0.01606	0.02060	0.05482	0.52197	0.23945	0.02340	0.00989	0.00306	0.00442	0.02078	0.00736	0.00652
21	0.02259	0.02238	0.09274	0.05359	0.04420	0.11672	0.01562	0.23054	0.05719	0.05820	0.02488	0.10969	0.05963	0.01181	0.00901	0.00255	0.04223	0.00935	0.00628	0.01080
22	0.02390	0.01540	0.01828	0.01353	0.02021	0.01338	0.01101	0.13738	0.02183	0.20019	0.01947	0.01966	0.01412	0.00756	0.00679	0.00173	0.00661	0.00599	0.00662	0.43635
23	0.00956	0.00728	0.00881	0.01003	0.01124	0.00653	0.00691	0.01116	0.01615	0.02064	0.05597	0.50185	0.25882	0.02325	0.00987	0.00304	0.00441	0.02060	0.00736	0.00653
24	0.08742	0.00847	0.00891	0.00879	0.00944	0.00863	0.00526	0.01269	0.01214	0.01777	0.02712	0.04957	0.06750	0.60585	0.03487	0.00685	0.00730	0.01114	0.00498	0.00530
25	0.06675	0.01638	0.02635	0.03113	0.30038	0.01702	0.09537	0.04694	0.01735	0.05345	0.01939	0.10203	0.01832	0.07067	0.01269	0.00307	0.07809	0.00936	0.00484	0.01041
26	0.06877	0.01062	0.01370	0.01230	0.01584	0.00969	0.00942	0.02548	0.01878	0.33900	0.03485	0.30677	0.03236	0.01576	0.00854	0.00274	0.00569	0.01365	0.04601	0.01002
27	0.01850	0.01711	0.02717	0.13584	0.43492	0.01789	0.02092	0.05112	0.07705	0.02634	0.02096	0.05193	0.04731	0.00900	0.00805	0.00248	0.00881	0.00835	0.00473	0.01152

[dist]
# distance from previous block
# <min> <max>
0	11

[block]
# block no. 3 follows, 24 sequences, length 9
# corresponding to MSA columns:
# 164-172
name=unknown_D
#
# <colnr> <probs for GDERKNQSTAVLIFYWHMCP>
#	G	D	E	R	K	N	Q	S	T	A	V	L	I	F	Y	W	H	M	C	P
0	0.02065	0.02123	0.02295	0.09709	0.20326	0.20146	0.03843	0.06557	0.01883	0.02264	0.01683	0.02605	0.01564	0.17824	0.01549	0.00359	0.01057	0.00768	0.00442	0.00938
1	0.01452	0.01071	0.01253	0.01237	0.01452	0.01081	0.00903	0.16263	0.02084	0.02750	0.04264	0.46524	0.12439	0.02056	0.00950	0.00295	0.00551	0.01810	0.00750	0.00816
2	0.01586	0.02775	0.36545	0.05035	0.08309	0.01635	0.02277	0.02466	0.08829	0.02554	0.02292	0.03596	0.02035	0.01130	0.00845	0.00280	0.00982	0.15270	0.00487	0.01071
3	0.01554	0.01487	0.02390	0.53947	0.04654	0.01921	0.02091	0.01998	0.01497	0.01998	0.01321	0.02024	0.01053	0.00935	0.01225	0.00284	0.17689	0.00702	0.00351	0.00878
4	0.01131	0.00882	0.01084	0.01077	0.01315	0.00751	0.00768	0.01339	0.01619	0.02225	0.06903	0.43559	0.12497	0.01930	0.00897	0.00263	0.00479	0.01715	0.00679	0.18888
5	0.02668	0.01971	0.02127	0.01718	0.02283	0.02191	0.01391	0.38155	0.26471	0.08688	0.02475	0.02347	0.01786	0.01000	0.00799	0.00250	0.00769	0.00787	0.00811	0.01314
6	0.01203	0.00947	0.01113	0.01186	0.01358	0.00965	0.00842	0.01851	0.16901	0.02349	0.04581	0.46776	0.12696	0.02085	0.00953	0.00302	0.00492	0.01853	0.00753	0.00793
7	0.01690	0.01246	0.01422	0.01321	0.01631	0.01309	0.01000	0.10571	0.20381	0.06688	0.11945	0.24525	0.09717	0.01639	0.00895	0.00277	0.00558	0.01421	0.00795	0.00968
8	0.09870	0.27546	0.15714	0.18025	0.03118	0.09308	0.01833	0.02396	0.01657	0.02215	0.01252	0.01570	0.01008	0.00741	0.00644	0.00220	0.00998	0.00532	0.00365	0.00988

[dist]
# distance from previous block
# <min> <max>
0	19

[block]
# block no. 4 follows, 24 sequences, length 14
# corresponding to MSA columns:
# 192-205
name=unknown_E
#
# <colnr> <probs for GDERKNQSTAVLIFYWHMCP>
#	G	D	E	R	K	N	Q	S	T	A	V	L	I	F	Y	W	H	M	C	P
0	0.01324	0.05334	0.01464	0.09526	0.01864	0.04744	0.01001	0.01640	0.01909	0.02535	0.28928	0.15371	0.12132	0.01520	0.00865	0.00247	0.00578	0.01316	0.00681	0.07022
1	0.02094	0.01911	0.15212	0.01438	0.02190	0.01224	0.01387	0.02542	0.01822	0.19535	0.02223	0.02253	0.04939	0.00802	0.00695	0.00186	0.00719	0.00645	0.00590	0.37593
2	0.02147	0.02244	0.01957	0.05059	0.02200	0.26383	0.01394	0.10890	0.02000	0.02348	0.01775	0.07727	0.01645	0.02254	0.17104	0.00492	0.10204	0.00795	0.00482	0.00898
3	0.01223	0.00947	0.01303	0.01255	0.01331	0.01119	0.00930	0.01400	0.01227	0.01753	0.02094	0.03591	0.02142	0.26618	0.38865	0.00983	0.11206	0.00926	0.00432	0.00657
4	0.01546	0.01412	0.02250	0.46245	0.12377	0.01655	0.01945	0.02199	0.07408	0.02372	0.10655	0.02699	0.02096	0.00922	0.00813	0.00259	0.00910	0.00823	0.00470	0.00943
5	0.01605	0.02040	0.24177	0.01595	0.02140	0.01256	0.01606	0.02216	0.06873	0.10648	0.02934	0.27966	0.02890	0.01851	0.06114	0.00357	0.00874	0.01277	0.00611	0.00970
6	0.01190	0.00871	0.01082	0.01076	0.01207	0.00903	0.00760	0.04748	0.01490	0.01993	0.03478	0.13933	0.12958	0.25616	0.24335	0.00765	0.01120	0.01264	0.00556	0.00656
7	0.01061	0.00783	0.01004	0.01093	0.01239	0.00726	0.00819	0.01313	0.01813	0.02409	0.21078	0.31852	0.16205	0.02125	0.00995	0.00302	0.00479	0.13241	0.00770	0.00692
8	0.00998	0.00797	0.00893	0.00888	0.01113	0.00692	0.00659	0.01248	0.01923	0.02460	0.26258	0.12021	0.43407	0.01923	0.00942	0.00266	0.00397	0.01643	0.00779	0.00692
9	0.10899	0.01006	0.01229	0.01181	0.01290	0.01165	0.00859	0.01476	0.01244	0.01962	0.02127	0.07297	0.02245	0.29490	0.23873	0.00786	0.09781	0.00970	0.00462	0.00657
10	0.01873	0.01937	0.02029	0.16981	0.05437	0.17870	0.01567	0.02190	0.01724	0.02117	0.01817	0.03072	0.01726	0.04976	0.01229	0.00284	0.10971	0.10327	0.00450	0.11423
11	0.00992	0.00710	0.00892	0.01038	0.01125	0.00653	0.00706	0.01153	0.01570	0.02097	0.04806	0.58083	0.14163	0.02321	0.00974	0.00306	0.00446	0.02079	0.05232	0.00653
12	0.01546	0.01325	0.01528	0.01123	0.01767	0.01003	0.00893	0.01877	0.01667	0.02523	0.02329	0.02476	0.10295	0.00785	0.00636	0.00138	0.00561	0.00637	0.00507	0.66384
13	0.02719	0.02352	0.02345	0.02181	0.10250	0.14607	0.01565	0.40675	0.03048	0.03907	0.01918	0.07191	0.01577	0.01015	0.00795	0.00238	0.00953	0.00794	0.00669	0.01203

[dist]
# distance from previous block
# <min> <max>
0	1

[block]
# block no. 5 follows, 24 sequences, length 34
# corresponding to MSA columns:
# 207-240
name=unknown_F
#
# <colnr> <probs for GDERKNQSTAVLIFYWHMCP>
#	G	D	E	R	K	N	Q	S	T	A	V	L	I	F	Y	W	H	M	C	P
0	0.01433	0.01289	0.02065	0.41990	0.11704	0.01476	0.01779	0.01875	0.01711	0.02264	0.12620	0.03292	0.06995	0.05077	0.01011	0.00287	0.00868	0.00920	0.00477	0.00867
1	0.01141	0.00817	0.01111	0.01111	0.01196	0.00902	0.00787	0.01311	0.01226	0.01720	0.02273	0.03943	0.02342	0.32353	0.43075	0.01073	0.01583	0.00971	0.00447	0.00617
2	0.01023	0.00703	0.00892	0.01043	0.01119	0.00657	0.00707	0.01191	0.01553	0.02138	0.04403	0.59642	0.08848	0.02275	0.00955	0.00303	0.00446	0.02044	0.09401	0.00657
3	0.02139	0.52082	0.03444	0.01451	0.02008	0.14618	0.01317	0.02371	0.01714	0.01897	0.01498	0.09342	0.01502	0.00910	0.00603	0.00193	0.00908	0.00649	0.00397	0.00957
4	0.01182	0.00830	0.01024	0.06914	0.01301	0.00870	0.00665	0.01247	0.01199	0.01601	0.02379	0.04781	0.02663	0.61442	0.08167	0.00759	0.00886	0.01094	0.00466	0.00531
5	0.01893	0.01889	0.08439	0.04430	0.07997	0.01639	0.21100	0.08587	0.05307	0.05773	0.02407	0.02644	0.07369	0.00882	0.00804	0.00235	0.00914	0.00847	0.07093	0.09750
6	0.02045	0.01721	0.02881	0.18466	0.46520	0.01776	0.02239	0.02510	0.01812	0.09917	0.01661	0.02079	0.01294	0.00756	0.00788	0.00243	0.00936	0.00717	0.00451	0.01186
7	0.01001	0.00793	0.00900	0.00901	0.01117	0.00692	0.00665	0.01251	0.01917	0.02466	0.26725	0.14390	0.40498	0.01937	0.00945	0.00268	0.00399	0.01662	0.00781	0.00692
8	0.02052	0.01783	0.02240	0.02719	0.25346	0.07371	0.01631	0.05213	0.20072	0.06441	0.02214	0.02436	0.01744	0.01459	0.08568	0.00359	0.00974	0.00768	0.05470	0.01140
9	0.01786	0.02018	0.08710	0.17096	0.14336	0.04530	0.20062	0.02549	0.09162	0.02488	0.01938	0.02752	0.01604	0.00900	0.00856	0.00267	0.01065	0.06365	0.00461	0.01054
10	0.01812	0.01732	0.06797	0.03187	0.32731	0.01568	0.07473	0.05727	0.01890	0.05580	0.06803	0.12968	0.02406	0.04551	0.01001	0.00280	0.00854	0.01033	0.00530	0.01076
11	0.01992	0.26634	0.39157	0.01862	0.02805	0.02197	0.02204	0.02620	0.01721	0.09752	0.01511	0.01657	0.01118	0.00754	0.00677	0.00223	0.01007	0.00556	0.00410	0.01141
12	0.01498	0.01409	0.02378	0.70226	0.05462	0.01762	0.02202	0.02026	0.01586	0.02026	0.01409	0.02114	0.01057	0.00793	0.00793	0.00264	0.01057	0.00705	0.00352	0.00881
13	0.01969	0.09051	0.28262	0.06934	0.02940	0.10616	0.04798	0.11776	0.02084	0.02738	0.05829	0.05980	0.01733	0.00939	0.00771	0.00242	0.01039	0.00756	0.00476	0.01069
14	0.02346	0.05774	0.14641	0.06016	0.06965	0.01757	0.09716	0.06788	0.10683	0.20885	0.02294	0.02525	0.01674	0.00915	0.00804	0.00253	0.00906	0.03229	0.00636	0.01193
15	0.03027	0.01460	0.01827	0.01467	0.02005	0.01406	0.01185	0.14393	0.07954	0.43450	0.03061	0.10458	0.02268	0.01156	0.00822	0.00255	0.00681	0.00958	0.00905	0.01261
16	0.01909	0.02635	0.27113	0.08080	0.06584	0.04920	0.02128	0.02631	0.07783	0.08738	0.03634	0.02080	0.01454	0.00969	0.01161	0.00271	0.15656	0.00698	0.00469	0.01088
17	0.01946	0.02534	0.24932	0.02133	0.09574	0.06008	0.01906	0.14065	0.02110	0.06223	0.02292	0.18254	0.02147	0.01209	0.00825	0.00260	0.00913	0.01022	0.00561	0.01083
18	0.01634	0.01073	0.01252	0.01149	0.01354	0.01094	0.00809	0.08984	0.07960	0.08461	0.12114	0.13689	0.03572	0.30810	0.02191	0.00475	0.00659	0.01239	0.00686	0.00795
19	0.01163	0.00807	0.00980	0.01007	0.01089	0.00790	0.00696	0.01312	0.01510	0.02020	0.14132	0.06203	0.07136	0.42303	0.02751	0.00573	0.00675	0.13656	0.00611	0.00587
20	0.08298	0.01846	0.10236	0.11512	0.27794	0.01663	0.01907	0.02396	0.08704	0.02627	0.02016	0.10012	0.01790	0.00981	0.00773	0.00253	0.00837	0.00867	0.04423	0.01067
21	0.11978	0.02150	0.06168	0.01656	0.02193	0.08164	0.01384	0.22784	0.25129	0.03626	0.02206	0.02285	0.01682	0.04033	0.00891	0.00271	0.00818	0.00735	0.00681	0.01165
22	0.01957	0.10158	0.16217	0.01980	0.09564	0.17143	0.01616	0.02327	0.01782	0.04821	0.07312	0.02737	0.02024	0.15456	0.01411	0.00335	0.00998	0.00763	0.00462	0.00935
23	0.02155	0.08546	0.15737	0.02567	0.17791	0.13762	0.01940	0.11142	0.07612	0.02732	0.01656	0.01924	0.01316	0.01218	0.06208	0.00314	0.01124	0.00653	0.00473	0.01129
24	0.31246	0.01365	0.01409	0.05126	0.01852	0.01455	0.01013	0.02586	0.11202	0.12862	0.05376	0.08112	0.06704	0.01089	0.00701	0.00250	0.00611	0.00853	0.00657	0.05533
25	0.16201	0.10565	0.07224	0.09159	0.02278	0.01659	0.01337	0.02522	0.05051	0.16531	0.06016	0.08414	0.04671	0.01088	0.00810	0.00252	0.03757	0.00852	0.00612	0.01000
26	0.02187	0.07198	0.08640	0.02604	0.18741	0.08215	0.05348	0.15984	0.12447	0.03071	0.02227	0.02361	0.05625	0.00912	0.00780	0.00239	0.00924	0.00765	0.00559	0.01172
27	0.01745	0.07921	0.12368	0.01626	0.02084	0.07680	0.04123	0.11287	0.04274	0.02658	0.05637	0.26847	0.03049	0.01498	0.00858	0.00269	0.00807	0.03721	0.00612	0.00938
28	0.14006	0.06239	0.04433	0.01526	0.07515	0.01284	0.01093	0.03830	0.01671	0.08721	0.03161	0.29455	0.07096	0.05225	0.00984	0.00298	0.00633	0.01332	0.00632	0.00867
29	0.08519	0.01362	0.01744	0.10312	0.05553	0.01531	0.03555	0.05038	0.14459	0.02553	0.02977	0.12600	0.09087	0.09412	0.01353	0.00334	0.07034	0.01092	0.00587	0.00900
30	0.01865	0.05159	0.19823	0.01957	0.05313	0.19710	0.05945	0.02296	0.01832	0.02256	0.09261	0.06811	0.02294	0.10642	0.01230	0.00310	0.01041	0.00865	0.00468	0.00920
31	0.10140	0.01332	0.02005	0.01915	0.08009	0.01359	0.12769	0.01998	0.07503	0.02488	0.03480	0.16782	0.13617	0.01767	0.05694	0.00351	0.02947	0.04379	0.00587	0.00880
32	0.15283	0.01790	0.14003	0.01643	0.02192	0.01381	0.09817	0.02186	0.01650	0.10804	0.02734	0.08796	0.09122	0.01968	0.12709	0.00438	0.01048	0.00946	0.00550	0.00941
33	0.01902	0.04402	0.07869	0.01521	0.02050	0.09737	0.01313	0.12239	0.06111	0.02716	0.02115	0.02411	0.05177	0.02025	0.16247	0.00443	0.01140	0.00706	0.00524	0.19352

[dist]
# distance from previous block
# <min> <max>
0	159

# created by:
# /home/berkeley/.conda/envs/busco_data_prod/bin/msa2prfl.pl pipeline/OGs_align_augustus/5794/14250.fs
