[name]
unknown

[dist]
# distance from previous block
# <min> <max>
2	120

[block]
# block no. 0 follows, 27 sequences, length 51
# corresponding to MSA columns:
# 128-178
name=unknown_A
#
# <colnr> <probs for GDERKNQSTAVLIFYWHMCP>
#	G	D	E	R	K	N	Q	S	T	A	V	L	I	F	Y	W	H	M	C	P
0	0.05109	0.01779	0.09801	0.01833	0.11196	0.08207	0.01377	0.02491	0.03641	0.20592	0.02276	0.14506	0.01970	0.01036	0.00731	0.00223	0.00743	0.00874	0.00593	0.11022
1	0.12729	0.11985	0.07185	0.02026	0.13074	0.01758	0.06401	0.04885	0.03940	0.20275	0.01749	0.01844	0.01275	0.00772	0.00740	0.00220	0.03864	0.00617	0.00542	0.04120
2	0.02592	0.04426	0.05608	0.01691	0.05281	0.15649	0.01342	0.11171	0.11828	0.25153	0.05991	0.02272	0.01836	0.00898	0.00727	0.00222	0.00818	0.00704	0.00679	0.01113
3	0.05596	0.01401	0.01609	0.01507	0.06428	0.04636	0.01099	0.08097	0.15183	0.20654	0.18005	0.03326	0.07065	0.01095	0.00768	0.00233	0.00607	0.00912	0.00749	0.01031
4	0.12432	0.02343	0.26138	0.01552	0.02233	0.05752	0.01615	0.02688	0.10291	0.14523	0.02123	0.02149	0.04373	0.00841	0.00675	0.00226	0.00799	0.00648	0.04973	0.03625
5	0.05437	0.06482	0.05196	0.04344	0.10120	0.14073	0.04549	0.06129	0.14687	0.09057	0.05936	0.02137	0.01717	0.00859	0.00771	0.00223	0.03464	0.00684	0.00544	0.03591
6	0.02014	0.04323	0.05555	0.02363	0.18799	0.11050	0.07752	0.05838	0.06931	0.10210	0.08556	0.02625	0.04219	0.05381	0.00939	0.00255	0.00854	0.00789	0.00539	0.01009
7	0.01786	0.17882	0.06855	0.05412	0.01996	0.04149	0.01253	0.13592	0.04892	0.05211	0.07765	0.15573	0.05408	0.01220	0.00745	0.00233	0.00710	0.03817	0.00580	0.00920
8	0.05954	0.06035	0.04949	0.01747	0.10521	0.01427	0.04349	0.05081	0.06635	0.07898	0.06307	0.02021	0.01643	0.00732	0.00648	0.00179	0.00672	0.00616	0.00516	0.32071
9	0.05184	0.01400	0.03934	0.01530	0.07670	0.03700	0.01112	0.10081	0.10659	0.10699	0.10917	0.07173	0.07231	0.04529	0.04037	0.00296	0.00685	0.00932	0.07292	0.00940
10	0.02139	0.34920	0.11379	0.01527	0.02169	0.07215	0.01472	0.19443	0.02072	0.02634	0.01335	0.01502	0.01083	0.00954	0.03963	0.00235	0.00924	0.00515	0.00444	0.04077
11	0.02216	0.05589	0.02034	0.06851	0.13769	0.01520	0.01357	0.12978	0.06762	0.21017	0.11199	0.06964	0.02433	0.01014	0.00758	0.00231	0.00686	0.00864	0.00679	0.01077
12	0.01196	0.00876	0.01026	0.00945	0.01092	0.00854	0.00621	0.01402	0.04996	0.01729	0.02169	0.03958	0.02310	0.49311	0.11488	0.00653	0.00843	0.00927	0.00459	0.13145
13	0.01280	0.00998	0.01509	0.13927	0.12294	0.01016	0.01192	0.01603	0.01737	0.05013	0.25582	0.23717	0.04259	0.01460	0.00846	0.00253	0.00577	0.01316	0.00631	0.00789
14	0.01633	0.12134	0.10937	0.01629	0.02072	0.10815	0.09431	0.06436	0.01770	0.02240	0.06131	0.26405	0.02698	0.01308	0.00785	0.00242	0.00815	0.01148	0.00519	0.00853
15	0.01600	0.01875	0.09732	0.01557	0.01906	0.15423	0.05236	0.04609	0.09836	0.02221	0.02779	0.34235	0.02927	0.01491	0.00826	0.00259	0.00781	0.01302	0.00573	0.00835
16	0.00955	0.00693	0.00906	0.01038	0.01110	0.00658	0.00707	0.01180	0.03812	0.02070	0.12040	0.62610	0.05076	0.02180	0.00932	0.00291	0.00426	0.01972	0.00707	0.00635
17	0.01534	0.01089	0.01311	0.01182	0.01473	0.01101	0.03682	0.11010	0.10099	0.06218	0.06614	0.21095	0.15236	0.01459	0.00796	0.00245	0.00523	0.01261	0.13229	0.00842
18	0.01903	0.01589	0.01985	0.01677	0.02027	0.04983	0.07510	0.12026	0.17782	0.07452	0.05132	0.08789	0.04855	0.01216	0.01095	0.00265	0.13228	0.04880	0.00625	0.00981
19	0.02640	0.01566	0.01762	0.01386	0.01883	0.01638	0.01134	0.36257	0.02715	0.21117	0.02219	0.02190	0.01551	0.00893	0.00695	0.00214	0.00666	0.00694	0.17643	0.01138
20	0.01049	0.00836	0.00959	0.00999	0.01195	0.00800	0.00741	0.01490	0.10196	0.02206	0.10408	0.27305	0.30509	0.01892	0.00895	0.00272	0.00442	0.06400	0.00707	0.00700
21	0.02253	0.19517	0.10461	0.01610	0.02181	0.16051	0.04285	0.11594	0.02082	0.11216	0.09951	0.02102	0.01875	0.00853	0.00683	0.00206	0.00888	0.00654	0.00533	0.01005
22	0.01248	0.01158	0.01605	0.01487	0.01706	0.06963	0.11492	0.01502	0.01547	0.01982	0.03308	0.38138	0.06414	0.02252	0.09178	0.00390	0.00848	0.07499	0.00577	0.00706
23	0.00905	0.00708	0.00820	0.00888	0.01044	0.00623	0.00629	0.01082	0.01614	0.02046	0.11611	0.35078	0.36240	0.02036	0.00907	0.00271	0.00397	0.01777	0.00701	0.00623
24	0.01824	0.02486	0.20580	0.30563	0.08766	0.15828	0.02091	0.02343	0.01677	0.05040	0.01365	0.01750	0.01021	0.00739	0.00717	0.00230	0.01066	0.00596	0.00365	0.00952
25	0.02251	0.11005	0.02632	0.14406	0.06984	0.15856	0.12012	0.02607	0.01812	0.17277	0.01770	0.05079	0.01379	0.00821	0.00725	0.00222	0.00967	0.00710	0.00498	0.00987
26	0.37021	0.01408	0.01484	0.01200	0.01725	0.01447	0.00990	0.08233	0.01855	0.34812	0.01990	0.01877	0.01330	0.00814	0.00618	0.00229	0.00622	0.00587	0.00700	0.01059
27	0.01007	0.00757	0.00932	0.00889	0.01083	0.00682	0.00666	0.01317	0.01999	0.02735	0.53574	0.05944	0.22470	0.01608	0.00876	0.00238	0.00357	0.01399	0.00785	0.00682
28	0.01861	0.02545	0.37461	0.01671	0.02438	0.01391	0.01886	0.05310	0.01844	0.17701	0.10235	0.05162	0.05285	0.00975	0.00754	0.00236	0.00831	0.00800	0.00561	0.01054
29	0.01549	0.01367	0.02144	0.17813	0.05692	0.01488	0.11926	0.09679	0.07698	0.02420	0.02315	0.07142	0.05595	0.01958	0.15163	0.00445	0.01095	0.03129	0.00495	0.00889
30	0.04375	0.01709	0.02779	0.02541	0.16261	0.01686	0.20156	0.15596	0.02181	0.16494	0.06990	0.02280	0.01750	0.00816	0.00783	0.00233	0.00875	0.00787	0.00594	0.01114
31	0.01915	0.64398	0.13236	0.01390	0.02090	0.02766	0.01478	0.02241	0.01517	0.01832	0.01074	0.01244	0.00951	0.00645	0.00509	0.00170	0.00837	0.00418	0.00317	0.00973
32	0.12273	0.14046	0.02750	0.01887	0.02442	0.20188	0.14960	0.15605	0.04396	0.02744	0.01382	0.01576	0.01079	0.00739	0.00672	0.00212	0.01002	0.00590	0.00466	0.00990
33	0.01402	0.01319	0.02227	0.72126	0.05113	0.01649	0.02062	0.01897	0.01484	0.01897	0.01319	0.01979	0.00990	0.00742	0.00742	0.00247	0.00990	0.00660	0.00330	0.00825
34	0.01118	0.00862	0.01200	0.01143	0.01279	0.00886	0.03348	0.01290	0.01263	0.01769	0.02476	0.20060	0.02700	0.23716	0.23619	0.00683	0.03855	0.01158	0.00482	0.07094
35	0.01004	0.00800	0.00913	0.00923	0.01149	0.00724	0.00722	0.01321	0.04091	0.02300	0.20697	0.06835	0.41770	0.01796	0.00897	0.00262	0.00429	0.11975	0.00720	0.00672
36	0.19699	0.01017	0.01050	0.01045	0.01294	0.01073	0.00779	0.01830	0.12278	0.02588	0.12042	0.26669	0.12823	0.01555	0.00781	0.00260	0.00472	0.01322	0.00662	0.00759
37	0.01402	0.01319	0.02227	0.72126	0.05113	0.01649	0.02062	0.01897	0.01484	0.01897	0.01319	0.01979	0.00990	0.00742	0.00742	0.00247	0.00990	0.00660	0.00330	0.00825
38	0.01625	0.00895	0.01231	0.01266	0.01498	0.00843	0.01034	0.01897	0.01730	0.18219	0.03736	0.24570	0.03865	0.01856	0.00938	0.00304	0.00603	0.32349	0.00741	0.00800
39	0.00990	0.00707	0.00927	0.01071	0.01147	0.00675	0.00771	0.01155	0.01458	0.01920	0.03998	0.47711	0.07286	0.10673	0.01296	0.00358	0.00520	0.16076	0.00660	0.00604
40	0.01513	0.01441	0.02392	0.51238	0.17923	0.01736	0.02062	0.01964	0.01492	0.01994	0.01300	0.01914	0.01026	0.00782	0.00911	0.00250	0.08171	0.00659	0.00337	0.00895
41	0.01450	0.01336	0.02150	0.10595	0.02408	0.01576	0.11886	0.05406	0.01464	0.02058	0.01791	0.10639	0.01721	0.02356	0.19943	0.00526	0.20569	0.00902	0.00420	0.00805
42	0.01075	0.00735	0.00831	0.00831	0.00953	0.00720	0.00568	0.01231	0.01356	0.01882	0.03758	0.04826	0.21080	0.29938	0.12689	0.00562	0.00750	0.01103	0.14536	0.00576
43	0.02096	0.01945	0.02784	0.03878	0.53311	0.09006	0.02056	0.07339	0.01896	0.06390	0.01487	0.01820	0.01197	0.00705	0.00729	0.00218	0.00910	0.00648	0.00429	0.01155
44	0.05538	0.01485	0.01820	0.01520	0.01927	0.04018	0.09206	0.13373	0.18746	0.05938	0.06579	0.11217	0.06484	0.01140	0.00767	0.00240	0.00672	0.00989	0.07369	0.00972
45	0.01300	0.01030	0.01152	0.01213	0.01361	0.05184	0.00893	0.09070	0.01744	0.02258	0.03551	0.47953	0.04058	0.04410	0.01013	0.00306	0.00582	0.11551	0.00668	0.00705
46	0.06194	0.01327	0.02157	0.67741	0.04886	0.01650	0.01984	0.01914	0.01471	0.01985	0.01302	0.01932	0.00978	0.00739	0.00725	0.00246	0.00964	0.00644	0.00338	0.00823
47	0.01773	0.01308	0.01524	0.05383	0.01852	0.01407	0.01079	0.20876	0.14031	0.05975	0.06243	0.26993	0.05481	0.01464	0.00827	0.00258	0.00606	0.01263	0.00712	0.00945
48	0.05471	0.01744	0.02016	0.01661	0.02092	0.09177	0.09322	0.23791	0.04900	0.08296	0.02323	0.15299	0.02136	0.04436	0.00926	0.00267	0.00814	0.03717	0.00634	0.00981
49	0.01127	0.00863	0.01258	0.01166	0.01385	0.00801	0.08888	0.01396	0.01590	0.02222	0.06336	0.28508	0.18759	0.01651	0.00829	0.00255	0.00510	0.04168	0.17603	0.00685
50	0.05399	0.01953	0.02905	0.03644	0.44310	0.07904	0.10072	0.07464	0.04471	0.02609	0.01466	0.01819	0.01184	0.00699	0.00736	0.00223	0.00938	0.00668	0.00419	0.01117

[dist]
# distance from previous block
# <min> <max>
0	2

[block]
# block no. 1 follows, 27 sequences, length 7
# corresponding to MSA columns:
# 181-187
name=unknown_B
#
# <colnr> <probs for GDERKNQSTAVLIFYWHMCP>
#	G	D	E	R	K	N	Q	S	T	A	V	L	I	F	Y	W	H	M	C	P
0	0.01750	0.05305	0.01762	0.01493	0.05865	0.06621	0.01106	0.09901	0.04031	0.04802	0.01837	0.07776	0.01645	0.01878	0.15875	0.00398	0.00982	0.00719	0.00500	0.25752
1	0.06232	0.05769	0.02078	0.03907	0.04222	0.05706	0.10647	0.09752	0.03717	0.08596	0.13117	0.07684	0.07722	0.01154	0.00827	0.00242	0.02435	0.04670	0.00608	0.00913
2	0.01924	0.01770	0.04492	0.01625	0.02086	0.05776	0.06963	0.18087	0.27392	0.03086	0.02972	0.09505	0.08746	0.01133	0.00787	0.00245	0.00728	0.00964	0.00667	0.01050
3	0.01436	0.05788	0.12224	0.01351	0.01710	0.01298	0.01186	0.10265	0.09809	0.02442	0.02937	0.35682	0.03117	0.06000	0.01005	0.00292	0.00644	0.01357	0.00609	0.00848
4	0.01036	0.00786	0.01056	0.06811	0.01489	0.00765	0.00880	0.01305	0.01710	0.02279	0.22758	0.27148	0.13954	0.01855	0.00915	0.00278	0.00492	0.13120	0.00695	0.00667
5	0.01296	0.01117	0.01629	0.04640	0.01863	0.00973	0.09113	0.01573	0.01484	0.02123	0.02413	0.27502	0.02586	0.07169	0.01004	0.00252	0.00630	0.01152	0.00516	0.30965
6	0.05397	0.08517	0.01418	0.01209	0.05497	0.06380	0.00858	0.01577	0.01770	0.02344	0.26092	0.04719	0.22444	0.07442	0.01032	0.00267	0.00554	0.01130	0.00620	0.00731

[dist]
# distance from previous block
# <min> <max>
0	1

[block]
# block no. 2 follows, 27 sequences, length 13
# corresponding to MSA columns:
# 189-201
name=unknown_C
#
# <colnr> <probs for GDERKNQSTAVLIFYWHMCP>
#	G	D	E	R	K	N	Q	S	T	A	V	L	I	F	Y	W	H	M	C	P
0	0.01331	0.00801	0.00981	0.01000	0.01175	0.00753	0.00729	0.03748	0.01652	0.09427	0.06981	0.34409	0.11919	0.05296	0.00983	0.00284	0.00468	0.04597	0.12751	0.00714
1	0.01920	0.02059	0.12174	0.13581	0.11957	0.07158	0.01696	0.21249	0.02219	0.02907	0.04479	0.02630	0.10850	0.00956	0.00753	0.00230	0.00860	0.00781	0.00526	0.01015
2	0.01925	0.06056	0.02439	0.12130	0.12613	0.08253	0.10108	0.11745	0.07160	0.05402	0.02023	0.13034	0.01817	0.01007	0.00769	0.00238	0.00870	0.00901	0.00521	0.00987
3	0.01354	0.00970	0.01198	0.01196	0.01378	0.00991	0.00899	0.11637	0.01841	0.04694	0.06556	0.41627	0.09361	0.01909	0.00971	0.00285	0.03572	0.08113	0.00695	0.00753
4	0.01045	0.00832	0.00912	0.00933	0.01115	0.00798	0.00659	0.01443	0.10344	0.02036	0.05250	0.22923	0.33623	0.13091	0.01331	0.00337	0.00471	0.01531	0.00661	0.00666
5	0.02065	0.01953	0.11162	0.01799	0.09334	0.13869	0.01384	0.08215	0.01753	0.11112	0.01597	0.01964	0.01267	0.01321	0.01355	0.23440	0.00860	0.00621	0.04078	0.00851
6	0.20455	0.13512	0.06765	0.01926	0.15763	0.04407	0.01363	0.02284	0.07861	0.02607	0.08067	0.02163	0.04170	0.00824	0.00632	0.00212	0.00710	0.00644	0.00474	0.05158
7	0.01627	0.01513	0.08401	0.01752	0.05715	0.01292	0.11393	0.04596	0.06407	0.09300	0.06469	0.02971	0.08681	0.02079	0.17848	0.00461	0.01071	0.00853	0.00535	0.07036
8	0.01854	0.11939	0.12156	0.01451	0.01975	0.01476	0.06232	0.06033	0.03928	0.13887	0.02280	0.08202	0.04301	0.13541	0.01241	0.00304	0.00764	0.00847	0.00541	0.07049
9	0.07980	0.01812	0.07466	0.02002	0.10568	0.03662	0.06728	0.17895	0.04204	0.02864	0.01749	0.06877	0.01540	0.05888	0.04257	0.00308	0.06275	0.00767	0.00507	0.06651
10	0.20265	0.06392	0.25404	0.04088	0.02411	0.05833	0.04386	0.09304	0.01724	0.02711	0.01604	0.09685	0.01406	0.00904	0.00672	0.00234	0.00866	0.00710	0.00446	0.00954
11	0.16380	0.07749	0.08493	0.01587	0.02136	0.10190	0.06437	0.11527	0.10085	0.07462	0.04099	0.04865	0.01586	0.00866	0.00676	0.00222	0.00812	0.00682	0.00547	0.03599
12	0.01940	0.01717	0.02053	0.05492	0.02254	0.13935	0.11341	0.06061	0.01805	0.09477	0.02082	0.02583	0.04565	0.01497	0.09661	0.00343	0.04371	0.03824	0.06612	0.08388

[dist]
# distance from previous block
# <min> <max>
21	107

[block]
# block no. 3 follows, 27 sequences, length 6
# corresponding to MSA columns:
# 344-349
name=unknown_D
#
# <colnr> <probs for GDERKNQSTAVLIFYWHMCP>
#	G	D	E	R	K	N	Q	S	T	A	V	L	I	F	Y	W	H	M	C	P
0	0.01689	0.04957	0.29943	0.01705	0.02386	0.01466	0.05495	0.02453	0.10277	0.11083	0.06126	0.08933	0.05196	0.01068	0.00772	0.00246	0.00817	0.03828	0.00548	0.01012
1	0.01392	0.00907	0.01113	0.01039	0.01255	0.00878	0.00759	0.05869	0.01617	0.09359	0.07189	0.15921	0.14347	0.17477	0.13242	0.00504	0.00793	0.01210	0.00613	0.04517
2	0.01593	0.01621	0.10165	0.01623	0.04277	0.05156	0.08610	0.03896	0.04833	0.07702	0.09171	0.10439	0.07932	0.14071	0.01425	0.00332	0.04723	0.01037	0.00552	0.00840
3	0.02286	0.01871	0.02029	0.02001	0.14065	0.11679	0.01353	0.17305	0.04815	0.10951	0.01730	0.01848	0.01305	0.00758	0.00675	0.00191	0.00787	0.00603	0.04466	0.19282
4	0.01141	0.00953	0.01373	0.07158	0.07544	0.00974	0.03651	0.01348	0.01454	0.01914	0.03687	0.27227	0.15567	0.13911	0.01463	0.00352	0.04763	0.04280	0.00557	0.00682
5	0.02211	0.30660	0.02699	0.13370	0.02484	0.20022	0.01380	0.02493	0.01734	0.09768	0.01416	0.01614	0.01121	0.00734	0.00605	0.00191	0.00922	0.00521	0.05128	0.00927

[dist]
# distance from previous block
# <min> <max>
0	5

[block]
# block no. 4 follows, 27 sequences, length 22
# corresponding to MSA columns:
# 355-376
name=unknown_E
#
# <colnr> <probs for GDERKNQSTAVLIFYWHMCP>
#	G	D	E	R	K	N	Q	S	T	A	V	L	I	F	Y	W	H	M	C	P
0	0.02141	0.01741	0.01775	0.01481	0.01850	0.11032	0.01180	0.17684	0.06533	0.08562	0.01808	0.02093	0.01435	0.03963	0.04406	0.00284	0.12178	0.00658	0.09843	0.09353
1	0.02095	0.01515	0.01651	0.01359	0.01740	0.11180	0.07993	0.11285	0.02004	0.12214	0.02121	0.02309	0.01585	0.00836	0.00642	0.00199	0.00692	0.00685	0.36986	0.00909
2	0.01458	0.01059	0.01317	0.01285	0.01493	0.04236	0.04070	0.04283	0.07330	0.09404	0.03515	0.48160	0.03822	0.01841	0.00887	0.00280	0.00571	0.03514	0.00691	0.00782
3	0.05337	0.06397	0.02040	0.01944	0.16124	0.01479	0.01288	0.04684	0.06504	0.04372	0.01576	0.01939	0.01317	0.00880	0.02992	0.00211	0.03527	0.02421	0.00467	0.34501
4	0.01489	0.03840	0.70064	0.02116	0.03213	0.01724	0.02743	0.02351	0.01567	0.02351	0.01332	0.01567	0.00940	0.00705	0.00705	0.00235	0.01097	0.00549	0.00313	0.01097
5	0.01481	0.00988	0.01093	0.01013	0.01293	0.01000	0.00776	0.02224	0.18420	0.08136	0.15056	0.06216	0.17086	0.01273	0.00746	0.00228	0.00439	0.01070	0.20617	0.00845
6	0.01427	0.02525	0.35399	0.02388	0.19271	0.01455	0.02072	0.02017	0.01649	0.02324	0.05666	0.02997	0.15725	0.00980	0.00757	0.00235	0.00857	0.00829	0.00429	0.00999
7	0.01518	0.01093	0.01264	0.01143	0.01451	0.01121	0.00881	0.02439	0.24639	0.09316	0.31125	0.04532	0.13775	0.01337	0.00822	0.00242	0.00462	0.01145	0.00787	0.00907
8	0.01006	0.00698	0.00877	0.00980	0.01019	0.00677	0.00648	0.01107	0.01315	0.01747	0.03369	0.38804	0.03951	0.31102	0.02095	0.00474	0.00574	0.08414	0.00592	0.00550
9	0.00945	0.00667	0.00869	0.01015	0.01057	0.00633	0.00676	0.01064	0.01382	0.01840	0.03813	0.59810	0.04539	0.13373	0.01389	0.00368	0.00487	0.04839	0.00652	0.00583
10	0.21741	0.01165	0.01308	0.01169	0.01509	0.01243	0.00924	0.09336	0.01696	0.15245	0.02221	0.12388	0.01956	0.02199	0.17965	0.00473	0.00927	0.00854	0.04808	0.00872
11	0.01325	0.01075	0.01195	0.01177	0.01425	0.01134	0.00871	0.05017	0.25648	0.02480	0.04324	0.30692	0.17297	0.01691	0.00854	0.00269	0.00493	0.01472	0.00716	0.00844
12	0.00936	0.00668	0.00897	0.01069	0.01126	0.00630	0.00743	0.01088	0.01452	0.01930	0.04074	0.66463	0.04842	0.02296	0.00956	0.00306	0.00458	0.08765	0.00689	0.00612
13	0.01675	0.00888	0.01128	0.01016	0.01290	0.00790	0.00765	0.01914	0.01844	0.22282	0.22703	0.14066	0.16732	0.08144	0.01113	0.00289	0.00483	0.01289	0.00772	0.00817
14	0.00931	0.00666	0.00866	0.01015	0.01070	0.00625	0.00684	0.01061	0.01418	0.01875	0.04102	0.61541	0.07822	0.08422	0.01190	0.00337	0.00464	0.04649	0.00668	0.00594
15	0.00932	0.00724	0.00851	0.00905	0.01072	0.00643	0.00660	0.01136	0.01675	0.02146	0.16634	0.28279	0.34527	0.01971	0.00907	0.00269	0.00405	0.04918	0.00711	0.00634
16	0.01296	0.07338	0.01807	0.17576	0.02321	0.01456	0.01308	0.01579	0.01303	0.01795	0.01814	0.10120	0.01769	0.02961	0.29545	0.00643	0.13379	0.00851	0.00395	0.00743
17	0.00966	0.00690	0.00933	0.01105	0.01175	0.00656	0.00797	0.01141	0.01482	0.01964	0.04057	0.59604	0.04775	0.02267	0.00964	0.00310	0.00484	0.15320	0.00688	0.00620
18	0.00953	0.00734	0.00921	0.00985	0.01136	0.00701	0.00730	0.01156	0.01516	0.01963	0.07402	0.27626	0.27258	0.02805	0.15802	0.00473	0.00756	0.05818	0.00632	0.00633
19	0.02158	0.59125	0.03526	0.01381	0.01989	0.08679	0.01302	0.10478	0.01811	0.02125	0.01137	0.01279	0.00992	0.00679	0.00527	0.00170	0.00843	0.00438	0.00377	0.00984
20	0.01978	0.01542	0.01960	0.02056	0.15246	0.01619	0.01381	0.18846	0.13914	0.06555	0.07287	0.06159	0.02293	0.01064	0.00818	0.00236	0.02676	0.06247	0.00641	0.07483
21	0.12230	0.07740	0.02405	0.26879	0.24327	0.01770	0.01785	0.02298	0.04720	0.06902	0.01471	0.01837	0.01139	0.00725	0.00680	0.00228	0.00839	0.00617	0.00418	0.00991

[dist]
# distance from previous block
# <min> <max>
14	40

[block]
# block no. 5 follows, 27 sequences, length 30
# corresponding to MSA columns:
# 439-468
name=unknown_F
#
# <colnr> <probs for GDERKNQSTAVLIFYWHMCP>
#	G	D	E	R	K	N	Q	S	T	A	V	L	I	F	Y	W	H	M	C	P
0	0.01348	0.01297	0.07659	0.22435	0.02626	0.01248	0.01395	0.01689	0.01381	0.04926	0.01933	0.09815	0.01832	0.10412	0.17883	0.00527	0.05356	0.00870	0.00427	0.04940
1	0.04797	0.04876	0.01203	0.01027	0.01285	0.01049	0.00815	0.01909	0.12076	0.02729	0.27416	0.04679	0.11226	0.01337	0.00772	0.00235	0.00457	0.07553	0.13776	0.00781
2	0.01481	0.01396	0.01849	0.21688	0.09546	0.06804	0.03707	0.01955	0.06956	0.02129	0.02248	0.22258	0.02245	0.01178	0.00774	0.00238	0.00765	0.01051	0.00491	0.11242
3	0.01665	0.05508	0.07693	0.18938	0.16994	0.01669	0.10690	0.08647	0.01772	0.02413	0.01766	0.11415	0.01601	0.00918	0.00760	0.00234	0.00885	0.00851	0.00439	0.05141
4	0.01453	0.01121	0.01460	0.11280	0.01900	0.01279	0.01065	0.12379	0.01619	0.02193	0.02196	0.15905	0.02291	0.20341	0.08702	0.04076	0.08470	0.01047	0.00502	0.00722
5	0.01969	0.12073	0.02258	0.17459	0.07292	0.21801	0.01495	0.02664	0.16082	0.02158	0.02015	0.02189	0.05768	0.00861	0.00696	0.00218	0.00928	0.00670	0.00462	0.00939
6	0.01853	0.06500	0.02436	0.37975	0.12513	0.05840	0.01859	0.14212	0.01908	0.02469	0.01371	0.01818	0.01060	0.00780	0.00800	0.00234	0.04359	0.00633	0.00414	0.00963
7	0.01542	0.01555	0.02910	0.46198	0.10859	0.01725	0.20326	0.02069	0.01580	0.02083	0.01378	0.01972	0.01046	0.00702	0.00779	0.00246	0.01053	0.00721	0.00346	0.00908
8	0.02101	0.01647	0.01904	0.14745	0.02558	0.01831	0.01356	0.35991	0.09850	0.03507	0.02855	0.02885	0.13409	0.01052	0.00768	0.00236	0.00746	0.00846	0.00657	0.01057
9	0.01027	0.00744	0.00995	0.01152	0.01267	0.00712	0.00895	0.01252	0.01568	0.02044	0.04321	0.39907	0.10206	0.02170	0.00975	0.00314	0.00534	0.28592	0.00687	0.00639
10	0.01985	0.74357	0.03890	0.01270	0.01905	0.02937	0.01270	0.02223	0.01508	0.01747	0.01032	0.01191	0.00953	0.00635	0.00476	0.00159	0.00794	0.00397	0.00318	0.00953
11	0.01279	0.01121	0.01919	0.14981	0.02437	0.01192	0.14385	0.01602	0.01434	0.01989	0.02315	0.20177	0.02357	0.09553	0.10300	0.00431	0.03900	0.01128	0.06767	0.00733
12	0.00976	0.00730	0.00907	0.00963	0.01099	0.00655	0.00669	0.01156	0.01562	0.02095	0.14811	0.43010	0.15138	0.06255	0.01066	0.00295	0.00434	0.01727	0.00679	0.05771
13	0.22619	0.01844	0.01549	0.01330	0.01768	0.17187	0.01052	0.09829	0.04428	0.15687	0.06318	0.02520	0.08976	0.00964	0.00675	0.00224	0.00752	0.00715	0.00619	0.00945
14	0.03211	0.01455	0.01842	0.01412	0.01991	0.01376	0.01166	0.18474	0.02446	0.54484	0.02659	0.02352	0.01702	0.00912	0.00746	0.00228	0.00675	0.00728	0.00877	0.01263
15	0.01837	0.01764	0.03013	0.04557	0.69279	0.01764	0.02278	0.02278	0.01690	0.02425	0.01396	0.01837	0.01176	0.00661	0.00735	0.00220	0.00882	0.00661	0.00367	0.01176
16	0.01499	0.00905	0.01091	0.00989	0.01251	0.00869	0.00760	0.02014	0.09014	0.12078	0.35397	0.04438	0.09746	0.01287	0.00778	0.00225	0.00416	0.01102	0.15320	0.00821
17	0.01028	0.00743	0.00993	0.01005	0.01144	0.00753	0.00747	0.01188	0.01413	0.01892	0.10952	0.11896	0.19452	0.03429	0.28613	0.11389	0.01048	0.01172	0.00539	0.00605
18	0.01075	0.00738	0.00900	0.00900	0.00931	0.00769	0.00562	0.01137	0.01106	0.01506	0.02257	0.04402	0.02501	0.57842	0.19576	0.00831	0.01018	0.01013	0.00438	0.00500
19	0.01064	0.00780	0.01115	0.01115	0.01220	0.00885	0.00830	0.01275	0.01170	0.01665	0.02060	0.03313	0.02028	0.19538	0.57234	0.01096	0.01729	0.00853	0.00408	0.00619
20	0.01183	0.00875	0.01268	0.01224	0.01302	0.01043	0.00932	0.01302	0.01134	0.01627	0.01746	0.02772	0.01697	0.09975	0.43278	0.15540	0.11353	0.00770	0.00378	0.00602
21	0.06090	0.06880	0.02076	0.01530	0.02033	0.02009	0.01268	0.44259	0.02756	0.06534	0.01780	0.01957	0.01354	0.01743	0.13903	0.00401	0.01016	0.00664	0.00642	0.01106
22	0.01384	0.01211	0.02024	0.60686	0.04446	0.01488	0.01834	0.01747	0.01401	0.01799	0.01315	0.02024	0.01038	0.01037	0.01089	0.12812	0.00934	0.00657	0.00329	0.00744
23	0.02101	0.01118	0.01395	0.01169	0.01548	0.01050	0.00926	0.11197	0.02212	0.27477	0.24464	0.08593	0.10968	0.01305	0.00815	0.00237	0.00526	0.01107	0.00822	0.00970
24	0.01411	0.01319	0.01748	0.14766	0.02209	0.04852	0.01327	0.01612	0.01281	0.01761	0.01770	0.12194	0.01864	0.13814	0.06327	0.00421	0.29276	0.00926	0.00404	0.00718
25	0.01489	0.03840	0.70064	0.02116	0.03213	0.01724	0.02743	0.02351	0.01567	0.02351	0.01332	0.01567	0.00940	0.00705	0.00705	0.00235	0.01097	0.00549	0.00313	0.01097
26	0.00898	0.00671	0.00836	0.00967	0.01059	0.00609	0.00660	0.01041	0.01485	0.01921	0.04898	0.57842	0.19973	0.02221	0.00931	0.00290	0.00418	0.01983	0.00689	0.00609
27	0.28125	0.04835	0.04395	0.04872	0.01771	0.01601	0.01038	0.17339	0.01909	0.03300	0.01631	0.01839	0.01246	0.00788	0.00569	0.00210	0.00622	0.00567	0.22441	0.00901
28	0.51717	0.01516	0.01785	0.10478	0.12253	0.01695	0.06488	0.02177	0.01394	0.02941	0.01161	0.01460	0.00909	0.00686	0.00569	0.00232	0.00726	0.00511	0.00423	0.00878
29	0.01839	0.02013	0.13979	0.16249	0.17106	0.04037	0.10836	0.05837	0.04756	0.08394	0.01785	0.06668	0.01445	0.00844	0.00765	0.00239	0.00937	0.00777	0.00461	0.01033

[dist]
# distance from previous block
# <min> <max>
3	11

[block]
# block no. 6 follows, 27 sequences, length 49
# corresponding to MSA columns:
# 481-529
name=unknown_G
#
# <colnr> <probs for GDERKNQSTAVLIFYWHMCP>
#	G	D	E	R	K	N	Q	S	T	A	V	L	I	F	Y	W	H	M	C	P
0	0.02650	0.01338	0.01624	0.01286	0.01782	0.01281	0.01048	0.18397	0.02368	0.37924	0.06418	0.03216	0.12420	0.01088	0.00764	0.00229	0.00614	0.00881	0.03556	0.01117
1	0.01104	0.00859	0.01288	0.03571	0.01486	0.01028	0.01005	0.01371	0.01199	0.01733	0.01909	0.02813	0.01778	0.05168	0.64783	0.01113	0.05945	0.00783	0.00391	0.00677
2	0.01461	0.01356	0.02154	0.62820	0.04694	0.01675	0.01945	0.02167	0.10242	0.02056	0.01544	0.02083	0.01158	0.00777	0.00744	0.00248	0.00937	0.00683	0.00386	0.00871
3	0.01965	0.02010	0.02216	0.09390	0.27346	0.20780	0.01650	0.02372	0.04252	0.04861	0.10615	0.02507	0.05077	0.00890	0.00744	0.00220	0.00906	0.00752	0.00477	0.00970
4	0.03304	0.01306	0.01749	0.01341	0.01917	0.01155	0.01108	0.06949	0.02197	0.66360	0.02868	0.02488	0.01807	0.00917	0.00746	0.00229	0.00641	0.00742	0.00910	0.01263
5	0.01790	0.01193	0.01286	0.01107	0.01426	0.01270	0.00872	0.21074	0.08057	0.03399	0.14140	0.02972	0.02656	0.01002	0.00669	0.00205	0.00507	0.00814	0.34656	0.00904
6	0.01421	0.00787	0.01055	0.01079	0.01249	0.00716	0.00773	0.01611	0.01655	0.15946	0.12392	0.49957	0.04557	0.01931	0.00897	0.00278	0.00461	0.01730	0.00753	0.00751
7	0.01801	0.01820	0.02381	0.10107	0.02536	0.10635	0.10102	0.05448	0.01541	0.02121	0.01277	0.01789	0.01092	0.01019	0.01553	0.00270	0.35711	0.00664	0.07275	0.00858
8	0.01544	0.01514	0.02257	0.27277	0.03091	0.02048	0.01782	0.01826	0.01262	0.01826	0.01099	0.01752	0.00980	0.01098	0.01825	0.00297	0.46723	0.00653	0.00327	0.00817
9	0.02079	0.46684	0.14520	0.01556	0.02211	0.18018	0.01553	0.02411	0.01652	0.01863	0.01108	0.01287	0.00951	0.00676	0.00558	0.00179	0.00967	0.00440	0.00331	0.00956
10	0.01550	0.01382	0.01374	0.01166	0.01582	0.07155	0.00904	0.07877	0.10600	0.02569	0.08931	0.06936	0.20889	0.01193	0.00741	0.00204	0.00577	0.00983	0.00616	0.22769
11	0.01298	0.00974	0.01267	0.01369	0.01582	0.01014	0.01167	0.01937	0.12902	0.02411	0.07202	0.07279	0.04078	0.01847	0.00972	0.00321	0.00650	0.50262	0.00703	0.00767
12	0.01851	0.01573	0.01675	0.01511	0.01924	0.01810	0.01186	0.06447	0.61511	0.03122	0.03021	0.03043	0.02337	0.01061	0.00770	0.00256	0.00603	0.04399	0.00751	0.01151
13	0.01708	0.02309	0.15330	0.02960	0.03769	0.01852	0.55941	0.02373	0.01721	0.02373	0.01474	0.01930	0.01095	0.00639	0.00848	0.00248	0.01226	0.00821	0.00365	0.01017
14	0.03138	0.01306	0.01717	0.01345	0.01900	0.01189	0.01102	0.03660	0.10660	0.61144	0.02941	0.02558	0.01893	0.00930	0.00748	0.00233	0.00626	0.00759	0.00898	0.01252
15	0.01762	0.01169	0.01385	0.01224	0.01564	0.01209	0.00952	0.02771	0.27324	0.14943	0.31894	0.03944	0.04268	0.01215	0.00807	0.00240	0.00491	0.01043	0.00812	0.00983
16	0.01320	0.00957	0.01092	0.01063	0.01280	0.01002	0.00791	0.02118	0.20441	0.02745	0.22066	0.18042	0.04090	0.01392	0.00776	0.00239	0.00433	0.01211	0.18129	0.00813
17	0.00946	0.00676	0.00849	0.00958	0.01018	0.00634	0.00631	0.01066	0.01414	0.01874	0.07679	0.50022	0.10147	0.16681	0.01508	0.00378	0.00480	0.01812	0.00648	0.00580
18	0.02773	0.03538	0.02104	0.01913	0.02295	0.70930	0.01434	0.02964	0.02104	0.01817	0.01148	0.01339	0.00956	0.00765	0.00669	0.00191	0.01339	0.00478	0.00383	0.00861
19	0.01097	0.00700	0.00879	0.01002	0.01107	0.00677	0.00740	0.01329	0.01516	0.02205	0.03588	0.40773	0.03936	0.01859	0.00842	0.00273	0.00456	0.13837	0.22540	0.00644
20	0.00915	0.00717	0.00829	0.00877	0.01045	0.00631	0.00629	0.01111	0.01669	0.02130	0.16596	0.29190	0.37080	0.01970	0.00901	0.00265	0.00390	0.01712	0.00711	0.00631
21	0.00941	0.00673	0.00900	0.01052	0.01117	0.00632	0.00731	0.01106	0.01503	0.02014	0.09643	0.62339	0.05038	0.02234	0.00948	0.00299	0.00444	0.07070	0.00700	0.00618
22	0.01402	0.01319	0.02227	0.72126	0.05113	0.01649	0.02062	0.01897	0.01484	0.01897	0.01319	0.01979	0.00990	0.00742	0.00742	0.00247	0.00990	0.00660	0.00330	0.00825
23	0.02131	0.13709	0.02060	0.01565	0.01907	0.37069	0.01214	0.05284	0.01862	0.01947	0.01830	0.16231	0.01853	0.01458	0.06382	0.00291	0.01096	0.00834	0.00453	0.00825
24	0.01020	0.00738	0.01021	0.01070	0.01150	0.00793	0.00763	0.01193	0.01234	0.01714	0.02655	0.23235	0.02891	0.18652	0.37422	0.00844	0.01288	0.01225	0.00491	0.00602
25	0.00973	0.00756	0.00884	0.00852	0.01061	0.00667	0.00639	0.01250	0.01917	0.02540	0.41266	0.06265	0.34899	0.01681	0.00876	0.00241	0.00362	0.01443	0.00760	0.00667
26	0.01925	0.01470	0.02079	0.02078	0.12416	0.04360	0.06611	0.07168	0.01748	0.14349	0.02323	0.20736	0.02229	0.01293	0.01145	0.00266	0.15219	0.01066	0.00573	0.00947
27	0.02020	0.01962	0.05150	0.01720	0.02041	0.10211	0.01435	0.17018	0.13740	0.02743	0.01684	0.01956	0.01360	0.01312	0.05661	0.00316	0.24246	0.00673	0.03767	0.00983
28	0.02168	0.02421	0.02595	0.08985	0.37937	0.28763	0.01931	0.02515	0.01835	0.02145	0.01293	0.01654	0.01075	0.00708	0.00710	0.00211	0.01069	0.00590	0.00370	0.01024
29	0.01279	0.01223	0.02290	0.14419	0.02740	0.01219	0.23116	0.01640	0.01544	0.02058	0.02725	0.36640	0.02937	0.01471	0.00887	0.00275	0.00807	0.01436	0.00519	0.00777
30	0.01152	0.00898	0.01306	0.01263	0.01381	0.01090	0.00996	0.01408	0.01206	0.01790	0.01881	0.02740	0.01744	0.04747	0.58070	0.01022	0.11099	0.00771	0.04752	0.00684
31	0.02076	0.44596	0.12098	0.01467	0.02156	0.02516	0.01471	0.16432	0.01954	0.02514	0.01255	0.01392	0.01028	0.00695	0.00570	0.00180	0.00824	0.00479	0.00418	0.05878
32	0.01506	0.01018	0.01309	0.01229	0.01464	0.01008	0.02618	0.12913	0.02005	0.08124	0.16789	0.35660	0.04315	0.01735	0.00883	0.00269	0.00534	0.05079	0.00735	0.00807
33	0.20374	0.01302	0.01581	0.01243	0.01792	0.01220	0.01027	0.03295	0.01931	0.54855	0.02503	0.02230	0.01605	0.00867	0.00682	0.00230	0.00619	0.00669	0.00816	0.01160
34	0.01361	0.00782	0.01030	0.01051	0.01202	0.00721	0.00747	0.01543	0.01614	0.13340	0.13803	0.40973	0.04448	0.10248	0.01233	0.00329	0.00493	0.03648	0.00720	0.00713
35	0.01839	0.01736	0.02791	0.04049	0.58052	0.01778	0.02094	0.02556	0.12734	0.02539	0.01667	0.01993	0.01358	0.00719	0.00738	0.00226	0.00833	0.00691	0.00432	0.01176
36	0.01493	0.00803	0.01042	0.01043	0.01195	0.00741	0.00721	0.01626	0.01496	0.17045	0.03400	0.40655	0.03677	0.19585	0.01597	0.00388	0.00547	0.01551	0.00682	0.00714
37	0.01088	0.00940	0.01233	0.01167	0.01368	0.03696	0.06557	0.01332	0.01709	0.02226	0.20446	0.31998	0.19788	0.01807	0.00896	0.00264	0.00509	0.01617	0.00680	0.00679
38	0.06358	0.02027	0.13600	0.08024	0.02623	0.01790	0.09089	0.26019	0.04890	0.03299	0.01813	0.02216	0.01396	0.00860	0.00724	0.00232	0.00846	0.03626	0.09525	0.01043
39	0.01830	0.01785	0.03135	0.04430	0.63461	0.01774	0.07999	0.02287	0.01696	0.02421	0.01406	0.01852	0.01172	0.00658	0.00748	0.00223	0.00915	0.00681	0.00368	0.01160
40	0.01874	0.01411	0.01801	0.01582	0.01990	0.01515	0.06964	0.03198	0.38477	0.11615	0.03086	0.06948	0.02589	0.01209	0.00822	0.00267	0.00662	0.12205	0.00727	0.01057
41	0.04567	0.01302	0.01422	0.01258	0.01606	0.01417	0.00981	0.12547	0.26678	0.05767	0.16642	0.07140	0.03145	0.01138	0.00747	0.00234	0.00533	0.00952	0.10942	0.00982
42	0.01104	0.00789	0.01016	0.07235	0.01301	0.00846	0.00694	0.01204	0.01139	0.01540	0.02175	0.04194	0.02370	0.53048	0.17619	0.00777	0.01010	0.00983	0.00428	0.00528
43	0.01579	0.07817	0.01749	0.01115	0.01772	0.01163	0.00914	0.01901	0.01537	0.02359	0.01294	0.01508	0.01086	0.00557	0.00543	0.00114	0.00572	0.00436	0.00429	0.71554
44	0.01497	0.12030	0.55955	0.01918	0.02866	0.01770	0.02383	0.02218	0.01547	0.02238	0.01542	0.07915	0.01295	0.00841	0.00699	0.00232	0.01001	0.00669	0.00347	0.01036
45	0.11383	0.02780	0.01997	0.01760	0.02157	0.45697	0.04324	0.08139	0.02004	0.02253	0.01303	0.01575	0.01077	0.01317	0.08804	0.00317	0.01277	0.00541	0.00424	0.00872
46	0.01060	0.00769	0.00974	0.01086	0.01188	0.00743	0.00764	0.05869	0.01604	0.02123	0.04107	0.60781	0.08209	0.02180	0.00933	0.00295	0.00470	0.05496	0.00693	0.00657
47	0.02294	0.01807	0.02318	0.11069	0.02707	0.01974	0.08959	0.43200	0.02777	0.03712	0.01909	0.08289	0.01573	0.02895	0.00856	0.00249	0.00853	0.00830	0.00633	0.01094
48	0.02675	0.01914	0.02083	0.01630	0.02174	0.02095	0.01332	0.58012	0.03243	0.07461	0.02041	0.08191	0.01614	0.01020	0.00761	0.00230	0.00774	0.00800	0.00746	0.01204

[dist]
# distance from previous block
# <min> <max>
0	48

[block]
# block no. 7 follows, 27 sequences, length 39
# corresponding to MSA columns:
# 578-616
name=unknown_H
#
# <colnr> <probs for GDERKNQSTAVLIFYWHMCP>
#	G	D	E	R	K	N	Q	S	T	A	V	L	I	F	Y	W	H	M	C	P
0	0.18725	0.02862	0.02161	0.01849	0.02299	0.45715	0.08888	0.05151	0.01939	0.02309	0.01189	0.01405	0.00956	0.00738	0.00652	0.00207	0.01148	0.00516	0.00412	0.00880
1	0.02424	0.01221	0.01778	0.01393	0.01888	0.01088	0.08585	0.02802	0.04483	0.40738	0.08091	0.03646	0.16238	0.01130	0.00798	0.00238	0.00630	0.00977	0.00794	0.01058
2	0.01740	0.01968	0.04187	0.03020	0.03702	0.01914	0.60602	0.02324	0.01696	0.02324	0.01453	0.01968	0.01112	0.00688	0.01020	0.00257	0.07816	0.00855	0.00371	0.00984
3	0.01539	0.01596	0.03054	0.02346	0.02761	0.01716	0.34338	0.01964	0.01463	0.02069	0.01511	0.02159	0.01285	0.02091	0.19835	0.00518	0.17713	0.00803	0.00370	0.00868
4	0.03147	0.01349	0.02032	0.01531	0.02126	0.01183	0.08718	0.03473	0.02081	0.61942	0.02763	0.02466	0.01755	0.00885	0.00762	0.00232	0.00704	0.00762	0.00856	0.01233
5	0.01443	0.01399	0.02477	0.64091	0.04969	0.01676	0.09576	0.01953	0.01516	0.01953	0.01341	0.01982	0.01006	0.00729	0.00758	0.00248	0.01020	0.00685	0.00335	0.00845
6	0.01206	0.01032	0.01690	0.01506	0.01695	0.01195	0.08655	0.01502	0.01252	0.01807	0.01814	0.02660	0.01669	0.04497	0.54852	0.00983	0.10092	0.00788	0.00387	0.00720
7	0.01003	0.00804	0.01271	0.01278	0.01403	0.00751	0.08363	0.01190	0.01460	0.01951	0.03790	0.65108	0.04469	0.02128	0.00939	0.00296	0.00526	0.01967	0.00653	0.00649
8	0.01112	0.01144	0.09184	0.01271	0.01505	0.01005	0.01102	0.01426	0.01228	0.01774	0.01939	0.02910	0.01815	0.10298	0.57578	0.01045	0.01786	0.00789	0.00392	0.00697
9	0.01098	0.00783	0.01135	0.01135	0.01272	0.00900	0.00880	0.01373	0.01235	0.01845	0.02039	0.02899	0.01861	0.05020	0.62764	0.01074	0.01797	0.00783	0.09439	0.00666
10	0.01446	0.01006	0.01169	0.01101	0.01339	0.01052	0.00847	0.14983	0.01887	0.02661	0.03322	0.17550	0.12099	0.02264	0.14443	0.00425	0.00796	0.03197	0.17637	0.00778
11	0.70097	0.01349	0.01045	0.00943	0.01369	0.01552	0.00771	0.02130	0.01298	0.03265	0.01195	0.01388	0.00932	0.00710	0.00466	0.00223	0.00548	0.00436	0.09493	0.00791
12	0.01738	0.01681	0.02768	0.17757	0.27930	0.04285	0.14841	0.06065	0.01777	0.02411	0.01861	0.02267	0.05473	0.00778	0.00760	0.00230	0.00930	0.00757	0.04691	0.00999
13	0.00899	0.00746	0.00787	0.00791	0.01020	0.00634	0.00588	0.01103	0.01723	0.02112	0.14500	0.11169	0.57637	0.01866	0.00882	0.00252	0.00376	0.01575	0.00704	0.00634
14	0.01252	0.01171	0.02137	0.01790	0.02073	0.01183	0.21666	0.01569	0.01460	0.02005	0.02629	0.31410	0.02818	0.02397	0.15627	0.00473	0.05729	0.01350	0.00505	0.00755
15	0.03197	0.01477	0.01855	0.01422	0.02002	0.01409	0.01175	0.20193	0.02483	0.52713	0.02628	0.02331	0.01687	0.00912	0.00746	0.00228	0.00680	0.00726	0.00873	0.01263
16	0.01946	0.00965	0.01235	0.01049	0.01407	0.00843	0.00828	0.02231	0.02013	0.30204	0.27036	0.04689	0.19771	0.01359	0.00823	0.00236	0.00472	0.01151	0.00828	0.00914
17	0.01647	0.01771	0.03612	0.25068	0.08427	0.01798	0.42065	0.02219	0.01663	0.02229	0.01437	0.01985	0.01086	0.00665	0.00825	0.00247	0.01145	0.00794	0.00361	0.00956
18	0.00904	0.00646	0.00861	0.01034	0.01077	0.00603	0.00689	0.01034	0.01421	0.01895	0.04092	0.73426	0.04910	0.02326	0.00948	0.00301	0.00431	0.02110	0.00689	0.00603
19	0.01633	0.24286	0.50877	0.01871	0.02834	0.02076	0.02316	0.02314	0.01550	0.02176	0.01245	0.01458	0.00944	0.00685	0.00639	0.00213	0.01009	0.00505	0.00315	0.01055
20	0.01061	0.00795	0.01193	0.01193	0.01326	0.00928	0.00928	0.01326	0.01193	0.01723	0.01988	0.02916	0.01856	0.05568	0.70968	0.01193	0.01988	0.00795	0.00398	0.00663
21	0.20476	0.01918	0.02275	0.01743	0.02329	0.02092	0.10721	0.42384	0.02719	0.04031	0.01567	0.01680	0.01136	0.00806	0.00696	0.00228	0.00823	0.00636	0.00623	0.01118
22	0.02045	0.02498	0.29822	0.01937	0.06750	0.01670	0.01904	0.16535	0.06411	0.12560	0.02043	0.05648	0.01607	0.00942	0.00753	0.00241	0.00869	0.04079	0.00564	0.01121
23	0.03265	0.01369	0.01788	0.01371	0.01948	0.01248	0.01133	0.11809	0.02302	0.61352	0.02780	0.02430	0.01763	0.00915	0.00746	0.00229	0.00656	0.00736	0.00896	0.01263
24	0.01200	0.00934	0.01228	0.01158	0.01201	0.01111	0.00838	0.01320	0.01138	0.01634	0.01950	0.03555	0.02068	0.36908	0.22257	0.00751	0.16481	0.00896	0.02775	0.00595
25	0.02834	0.02311	0.02120	0.01704	0.02240	0.18340	0.01371	0.42105	0.05363	0.11503	0.01811	0.01800	0.01294	0.00869	0.00726	0.00217	0.00910	0.00639	0.00679	0.01165
26	0.01974	0.01841	0.02607	0.03237	0.37391	0.06385	0.03788	0.11565	0.01877	0.02624	0.01432	0.01824	0.01184	0.00822	0.01013	0.00235	0.13122	0.00657	0.05352	0.01070
27	0.00926	0.00672	0.00838	0.00961	0.01027	0.00623	0.00636	0.01045	0.01411	0.01845	0.04331	0.53937	0.13815	0.12643	0.01348	0.00355	0.00465	0.01883	0.00654	0.00584
28	0.01660	0.01548	0.02414	0.01974	0.02441	0.01620	0.21874	0.02884	0.31583	0.02697	0.05129	0.03727	0.02472	0.01110	0.00851	0.00268	0.00808	0.13310	0.00623	0.01006
29	0.01502	0.01586	0.03287	0.02486	0.03020	0.01489	0.45748	0.01983	0.01665	0.02245	0.02312	0.20659	0.02286	0.01147	0.00903	0.00269	0.01007	0.05052	0.00474	0.00880
30	0.03180	0.01506	0.01873	0.01436	0.02016	0.01451	0.01186	0.22395	0.02531	0.50444	0.02588	0.02306	0.01667	0.00911	0.00745	0.00228	0.00687	0.00723	0.00866	0.01263
31	0.01021	0.00857	0.00920	0.01033	0.01141	0.05204	0.00712	0.01166	0.01521	0.01913	0.04601	0.55147	0.17766	0.02133	0.00915	0.00284	0.00479	0.01892	0.00669	0.00625
32	0.01402	0.01319	0.02227	0.72126	0.05113	0.01649	0.02062	0.01897	0.01484	0.01897	0.01319	0.01979	0.00990	0.00742	0.00742	0.00247	0.00990	0.00660	0.00330	0.00825
33	0.01837	0.01764	0.03013	0.04557	0.69279	0.01764	0.02278	0.02278	0.01690	0.02425	0.01396	0.01837	0.01176	0.00661	0.00735	0.00220	0.00882	0.00661	0.00367	0.01176
34	0.02955	0.01278	0.01653	0.01311	0.01842	0.01170	0.01069	0.03498	0.11641	0.55692	0.03242	0.02864	0.06288	0.00994	0.00756	0.00234	0.00609	0.00814	0.00880	0.01209
35	0.01607	0.01360	0.01576	0.01132	0.01788	0.01059	0.00908	0.05308	0.01643	0.02539	0.01344	0.01552	0.01108	0.00568	0.00560	0.00116	0.00564	0.00452	0.00456	0.74361
36	0.01721	0.01934	0.04106	0.07563	0.03838	0.01888	0.58238	0.02309	0.01696	0.02309	0.01456	0.01977	0.01108	0.00676	0.00966	0.00255	0.05766	0.00848	0.00369	0.00978
37	0.02227	0.02369	0.02737	0.02176	0.02694	0.23598	0.22002	0.08558	0.16631	0.04429	0.01773	0.01946	0.01352	0.00807	0.00820	0.00232	0.03409	0.00714	0.00507	0.01019
38	0.01861	0.18581	0.02535	0.02164	0.20317	0.05407	0.01412	0.07645	0.01794	0.02431	0.03742	0.01868	0.03531	0.00717	0.00628	0.00174	0.00749	0.00579	0.00435	0.23430

[dist]
# distance from previous block
# <min> <max>
0	1

[block]
# block no. 8 follows, 27 sequences, length 59
# corresponding to MSA columns:
# 618-676
name=unknown_I
#
# <colnr> <probs for GDERKNQSTAVLIFYWHMCP>
#	G	D	E	R	K	N	Q	S	T	A	V	L	I	F	Y	W	H	M	C	P
0	0.01794	0.01710	0.02661	0.20043	0.26872	0.04772	0.09263	0.02450	0.10383	0.04455	0.01609	0.01997	0.01264	0.00786	0.00889	0.00242	0.06651	0.00703	0.00425	0.01030
1	0.14249	0.01361	0.01428	0.01235	0.01640	0.01461	0.00979	0.12725	0.21044	0.09248	0.12674	0.03441	0.13210	0.01143	0.00742	0.00239	0.00558	0.00923	0.00719	0.00981
2	0.08757	0.01377	0.01739	0.01344	0.01912	0.01282	0.01110	0.11310	0.02231	0.56948	0.02650	0.02339	0.01692	0.00899	0.00725	0.00229	0.00650	0.00712	0.00864	0.01230
3	0.01465	0.01047	0.01582	0.13297	0.13126	0.01093	0.01221	0.01724	0.01461	0.09456	0.02433	0.19262	0.02450	0.14044	0.12531	0.00483	0.00917	0.01099	0.00516	0.00792
4	0.61393	0.01819	0.01336	0.01179	0.01636	0.12807	0.00949	0.06986	0.01559	0.03186	0.01106	0.01269	0.00862	0.00716	0.00514	0.00223	0.00714	0.00433	0.00468	0.00846
5	0.01080	0.00720	0.00810	0.00810	0.00810	0.00720	0.00450	0.01080	0.01080	0.01439	0.02339	0.04858	0.02699	0.73910	0.03779	0.00720	0.00720	0.01080	0.00450	0.00450
6	0.01979	0.01628	0.02509	0.22456	0.35941	0.04348	0.01960	0.02473	0.04560	0.12417	0.01666	0.02001	0.01262	0.00741	0.00737	0.00229	0.00879	0.00674	0.00457	0.01080
7	0.00911	0.00651	0.00868	0.01029	0.01078	0.00608	0.00690	0.01051	0.01454	0.01946	0.07169	0.70202	0.05009	0.02287	0.00944	0.00298	0.00427	0.02074	0.00695	0.00608
8	0.02510	0.01876	0.13214	0.01629	0.02245	0.01514	0.04537	0.17806	0.05399	0.29489	0.02454	0.05503	0.01842	0.01006	0.00774	0.00242	0.00775	0.05318	0.00718	0.01150
9	0.02662	0.01242	0.01596	0.01282	0.01756	0.01162	0.01037	0.07738	0.08192	0.44448	0.17246	0.03154	0.02962	0.01056	0.00775	0.00232	0.00580	0.00879	0.00869	0.01132
10	0.01565	0.01428	0.02082	0.01756	0.02149	0.01511	0.16254	0.02778	0.34214	0.02603	0.02963	0.22063	0.02730	0.01282	0.00836	0.00265	0.00699	0.01198	0.00649	0.00977
11	0.01837	0.01764	0.03013	0.04557	0.69279	0.01764	0.02278	0.02278	0.01690	0.02425	0.01396	0.01837	0.01176	0.00661	0.00735	0.00220	0.00882	0.00661	0.00367	0.01176
12	0.01317	0.01053	0.01574	0.02083	0.19991	0.01049	0.01270	0.01585	0.01529	0.02063	0.02878	0.12220	0.03116	0.18409	0.01578	0.00392	0.00722	0.25871	0.00543	0.00757
13	0.02495	0.04166	0.10775	0.01423	0.01996	0.01503	0.01301	0.17473	0.07208	0.27789	0.02318	0.02244	0.01602	0.00873	0.00695	0.00219	0.00691	0.00689	0.13412	0.01130
