[name]
unknown

[dist]
# distance from previous block
# <min> <max>
8	170

[block]
# block no. 0 follows, 29 sequences, length 11
# corresponding to MSA columns:
# 170-180
name=unknown_A
#
# <colnr> <probs for GDERKNQSTAVLIFYWHMCP>
#	G	D	E	R	K	N	Q	S	T	A	V	L	I	F	Y	W	H	M	C	P
0	0.01854	0.43280	0.20694	0.01631	0.02333	0.10469	0.06684	0.02257	0.01545	0.01876	0.01110	0.01310	0.00924	0.00640	0.00563	0.00181	0.00929	0.00462	0.00315	0.00942
1	0.01718	0.01342	0.01754	0.01676	0.09660	0.01380	0.04626	0.19446	0.02096	0.06457	0.10167	0.06718	0.17765	0.01201	0.00884	0.00231	0.05753	0.02614	0.00614	0.03897
2	0.11155	0.04540	0.07031	0.01500	0.02035	0.10016	0.01293	0.34880	0.05589	0.06595	0.02029	0.02035	0.06459	0.00876	0.00673	0.00213	0.00784	0.00651	0.00602	0.01044
3	0.02417	0.01782	0.01955	0.01548	0.02040	0.01972	0.01264	0.56979	0.02991	0.04023	0.01846	0.05559	0.01456	0.01445	0.08995	0.00325	0.00895	0.00726	0.00671	0.01112
4	0.05480	0.23025	0.24239	0.01535	0.02243	0.02003	0.01626	0.17317	0.01944	0.07873	0.01716	0.01789	0.04733	0.00773	0.00624	0.00202	0.00816	0.00572	0.00466	0.01025
5	0.27124	0.13516	0.09371	0.01297	0.01853	0.01813	0.01201	0.15322	0.04969	0.10932	0.05149	0.01738	0.01391	0.00774	0.00588	0.00210	0.00680	0.00556	0.00540	0.00973
6	0.01764	0.11654	0.41019	0.01751	0.02565	0.01853	0.02002	0.18178	0.01984	0.02774	0.06602	0.01801	0.01422	0.00771	0.00671	0.00214	0.00898	0.00595	0.00438	0.01045
7	0.02096	0.01710	0.01928	0.01538	0.01969	0.09745	0.09967	0.29771	0.02344	0.03232	0.01791	0.02007	0.01361	0.00964	0.03279	0.00234	0.00805	0.00658	0.23651	0.00951
8	0.01822	0.26970	0.19505	0.01702	0.05237	0.02068	0.04485	0.12206	0.01757	0.02389	0.01239	0.01442	0.00993	0.00682	0.00674	0.00187	0.04221	0.00504	0.00387	0.11531
9	0.04888	0.10599	0.24440	0.01611	0.07051	0.05647	0.01517	0.01912	0.01552	0.05077	0.05118	0.09323	0.12920	0.04329	0.00828	0.00242	0.00762	0.00863	0.00456	0.00864
10	0.01614	0.15387	0.28224	0.01590	0.02177	0.15462	0.01644	0.02033	0.01560	0.01944	0.01855	0.19657	0.01859	0.01065	0.00689	0.00220	0.00887	0.00862	0.00405	0.00865

[dist]
# distance from previous block
# <min> <max>
7	15

[block]
# block no. 1 follows, 29 sequences, length 64
# corresponding to MSA columns:
# 196-250,252-260
name=unknown_B
#
# <colnr> <probs for GDERKNQSTAVLIFYWHMCP>
#	G	D	E	R	K	N	Q	S	T	A	V	L	I	F	Y	W	H	M	C	P
0	0.21339	0.04707	0.07101	0.01311	0.01888	0.05815	0.01146	0.18256	0.04335	0.03025	0.01345	0.01474	0.01037	0.00683	0.00574	0.00181	0.00692	0.00489	0.00491	0.24110
1	0.16082	0.01670	0.09009	0.01299	0.01833	0.01496	0.01143	0.14913	0.12979	0.07149	0.01925	0.02102	0.03619	0.05603	0.00819	0.00232	0.00653	0.00625	0.00554	0.16295
2	0.26213	0.01738	0.01450	0.01241	0.01652	0.15218	0.00980	0.13350	0.03986	0.02967	0.12489	0.02083	0.01948	0.00840	0.00610	0.00200	0.00689	0.00616	0.03466	0.08265
3	0.01480	0.01393	0.02302	0.50918	0.21934	0.01622	0.01981	0.02032	0.05516	0.02021	0.01382	0.01908	0.01069	0.00707	0.00711	0.00231	0.00899	0.00644	0.00350	0.00899
4	0.11652	0.01744	0.01687	0.01398	0.01852	0.09634	0.01115	0.19067	0.16856	0.03016	0.03457	0.01882	0.01455	0.00972	0.03232	0.00235	0.04021	0.00604	0.00561	0.15562
5	0.01544	0.01469	0.02495	0.40434	0.36179	0.01634	0.02077	0.01994	0.01518	0.02061	0.01301	0.01834	0.01034	0.00675	0.00709	0.00225	0.00900	0.00634	0.00334	0.00952
6	0.01526	0.01572	0.02739	0.02143	0.02575	0.04692	0.32434	0.02055	0.06002	0.02202	0.06233	0.03289	0.04833	0.01249	0.04500	0.00303	0.09524	0.10817	0.00463	0.00849
7	0.07355	0.02656	0.02012	0.01694	0.02155	0.37080	0.01329	0.31551	0.02555	0.03039	0.01362	0.01464	0.01038	0.00783	0.00661	0.00199	0.01019	0.00535	0.00523	0.00992
8	0.01631	0.01557	0.02652	0.26104	0.49829	0.01657	0.02120	0.02070	0.01559	0.02166	0.01316	0.01805	0.01072	0.00659	0.00707	0.00220	0.00879	0.00634	0.00341	0.01022
9	0.33961	0.02402	0.01554	0.01409	0.01793	0.38838	0.01085	0.02441	0.01690	0.02405	0.05543	0.01495	0.01235	0.00751	0.00573	0.00201	0.00925	0.00483	0.00424	0.00793
10	0.01428	0.03683	0.71286	0.02030	0.03082	0.01654	0.02631	0.02255	0.01503	0.02255	0.01278	0.01503	0.00902	0.00677	0.00677	0.00226	0.01052	0.00526	0.00301	0.01052
11	0.01538	0.01463	0.02484	0.41425	0.35235	0.01633	0.02074	0.01988	0.01515	0.02054	0.01300	0.01836	0.01032	0.00676	0.00709	0.00225	0.00901	0.00634	0.00333	0.00947
12	0.01666	0.01593	0.02716	0.20286	0.55372	0.01666	0.02137	0.02101	0.01576	0.02209	0.01322	0.01794	0.01087	0.00652	0.00707	0.00217	0.00870	0.00634	0.00344	0.01050
13	0.03042	0.01757	0.01766	0.01420	0.01930	0.17267	0.01141	0.07458	0.02117	0.51038	0.02351	0.02119	0.01535	0.00846	0.00699	0.00212	0.00771	0.00653	0.00754	0.01124
14	0.01372	0.01293	0.02185	0.68788	0.09168	0.01589	0.01991	0.01843	0.01437	0.01852	0.01270	0.01890	0.00961	0.00707	0.00711	0.00236	0.00943	0.00633	0.00319	0.00813
15	0.01762	0.01692	0.02890	0.04371	0.70533	0.01692	0.02185	0.02185	0.01621	0.02326	0.01339	0.01762	0.01128	0.00634	0.00705	0.00211	0.00846	0.00634	0.00352	0.01128
16	0.01831	0.00931	0.01226	0.01154	0.01443	0.00853	0.00915	0.04064	0.01755	0.27246	0.03738	0.25163	0.09809	0.01598	0.00842	0.00265	0.00541	0.15038	0.00742	0.00848
17	0.00936	0.00689	0.00881	0.00948	0.01073	0.00635	0.00691	0.01157	0.01644	0.02206	0.26357	0.35260	0.15262	0.01885	0.00883	0.00264	0.00402	0.07507	0.00701	0.00620
18	0.03854	0.01393	0.02000	0.01624	0.02007	0.03863	0.16164	0.16668	0.02061	0.05049	0.15558	0.18742	0.03125	0.01248	0.00809	0.00242	0.00710	0.03400	0.00619	0.00864
19	0.01670	0.01598	0.02724	0.19573	0.56051	0.01668	0.02139	0.02105	0.01578	0.02214	0.01323	0.01792	0.01088	0.00652	0.00706	0.00217	0.00869	0.00634	0.00345	0.01054
20	0.01003	0.00779	0.01061	0.01159	0.01210	0.00837	0.00853	0.01158	0.01362	0.01845	0.03481	0.55292	0.04093	0.02056	0.01121	0.00298	0.10815	0.10349	0.00611	0.00617
21	0.75397	0.01497	0.01104	0.00990	0.01426	0.05798	0.00807	0.02138	0.01260	0.03108	0.00998	0.01164	0.00780	0.00665	0.00453	0.00218	0.00595	0.00390	0.00436	0.00774
22	0.00949	0.00675	0.00905	0.01061	0.01131	0.00647	0.00772	0.01118	0.01414	0.01872	0.03785	0.53338	0.04427	0.06497	0.01090	0.00323	0.00492	0.18270	0.00646	0.00589
23	0.01748	0.01677	0.02865	0.06699	0.68315	0.01688	0.02178	0.02173	0.01615	0.02309	0.01337	0.01767	0.01122	0.00637	0.00705	0.00212	0.00849	0.00634	0.00351	0.01117
24	0.01826	0.01390	0.01917	0.01448	0.01963	0.01293	0.08328	0.06017	0.01638	0.12897	0.01597	0.04319	0.01290	0.00772	0.00871	0.00180	0.10977	0.00612	0.00496	0.40168
25	0.01053	0.00799	0.01015	0.01058	0.01238	0.00788	0.00841	0.01434	0.06031	0.02222	0.19010	0.12766	0.17892	0.02149	0.08671	0.00367	0.00631	0.20706	0.00660	0.00669
26	0.01707	0.07864	0.14531	0.01394	0.02046	0.08937	0.01307	0.04864	0.08695	0.02351	0.01417	0.01567	0.01124	0.00642	0.00589	0.00158	0.00737	0.00490	0.00428	0.39152
27	0.38161	0.22701	0.09136	0.01265	0.01805	0.12780	0.01180	0.02236	0.01431	0.02449	0.01037	0.01208	0.00847	0.00659	0.00500	0.00196	0.00774	0.00410	0.00377	0.00848
28	0.01013	0.00772	0.00883	0.00850	0.01020	0.00729	0.00606	0.01337	0.06280	0.02227	0.29728	0.05483	0.26042	0.18237	0.01465	0.00336	0.00440	0.01267	0.00660	0.00626
29	0.01602	0.01967	0.17462	0.04525	0.02118	0.05682	0.01493	0.09388	0.12239	0.02633	0.19137	0.02692	0.02628	0.01032	0.00984	0.00238	0.11930	0.00792	0.00541	0.00918
30	0.01740	0.01702	0.02747	0.14017	0.58411	0.04596	0.02122	0.02161	0.01610	0.02230	0.01319	0.01762	0.01094	0.00650	0.00703	0.00214	0.00879	0.00627	0.00348	0.01068
31	0.00955	0.00726	0.00879	0.00840	0.01031	0.00649	0.00630	0.01241	0.01891	0.02559	0.50156	0.05806	0.26905	0.01566	0.00840	0.00229	0.00344	0.01356	0.00745	0.00649
32	0.01007	0.00730	0.00888	0.00896	0.01077	0.00693	0.00692	0.01274	0.01643	0.02253	0.22798	0.07471	0.25381	0.02114	0.10793	0.00364	0.00601	0.08454	0.10232	0.00639
33	0.00861	0.00722	0.00748	0.00742	0.00974	0.00609	0.00556	0.01060	0.01669	0.02033	0.14594	0.06673	0.62796	0.01763	0.00841	0.00239	0.00358	0.01478	0.00676	0.00609
34	0.01529	0.01454	0.02469	0.42814	0.33912	0.01631	0.02069	0.01981	0.01511	0.02043	0.01298	0.01838	0.01028	0.00678	0.00709	0.00226	0.00904	0.00634	0.00332	0.00940
35	0.19538	0.01620	0.02471	0.03590	0.54822	0.01670	0.01864	0.02164	0.01528	0.02524	0.01260	0.01625	0.01047	0.00640	0.00645	0.00213	0.00779	0.00578	0.00373	0.01047
36	0.02873	0.01727	0.01972	0.01511	0.02075	0.01811	0.01249	0.46065	0.02901	0.27213	0.02085	0.01953	0.01399	0.00864	0.00714	0.00216	0.00723	0.00667	0.00770	0.01211
37	0.01679	0.01667	0.03024	0.15279	0.46853	0.01695	0.14981	0.02145	0.01601	0.02235	0.01347	0.01815	0.01090	0.00640	0.00732	0.00221	0.00932	0.00674	0.00348	0.01041
38	0.19473	0.01701	0.02943	0.02639	0.15961	0.01787	0.30459	0.02139	0.01479	0.02417	0.01247	0.01665	0.00999	0.00712	0.00935	0.00240	0.11242	0.00666	0.00370	0.00924
39	0.01237	0.00855	0.01043	0.01046	0.01261	0.00819	0.00812	0.04300	0.05758	0.07267	0.14621	0.21433	0.20820	0.01723	0.00863	0.00264	0.00474	0.13986	0.00701	0.00719
40	0.01477	0.01003	0.01165	0.01052	0.01259	0.01028	0.00767	0.16391	0.01753	0.05151	0.04960	0.11680	0.12789	0.20786	0.06288	0.09451	0.00685	0.01058	0.00568	0.00690
41	0.01036	0.00690	0.00777	0.00777	0.00777	0.00690	0.00431	0.01036	0.01036	0.01381	0.02244	0.04660	0.02589	0.74975	0.03624	0.00690	0.00690	0.01036	0.00431	0.00431
42	0.01592	0.01202	0.01683	0.01378	0.01717	0.05600	0.11707	0.02021	0.04753	0.13168	0.41388	0.03950	0.04477	0.01161	0.00803	0.00224	0.00589	0.01053	0.00701	0.00830
43	0.00934	0.00721	0.00852	0.00827	0.01020	0.00639	0.00617	0.01197	0.01829	0.02431	0.41619	0.08538	0.32949	0.01629	0.00843	0.00233	0.00349	0.01404	0.00728	0.00639
44	0.02060	0.01831	0.01796	0.01468	0.01909	0.18048	0.05053	0.16320	0.02145	0.08420	0.12809	0.06955	0.02272	0.00942	0.00704	0.00196	0.00770	0.00772	0.00580	0.14951
45	0.02244	0.02475	0.05281	0.02927	0.32520	0.31408	0.01767	0.04712	0.01865	0.06240	0.01336	0.01587	0.01070	0.00700	0.00678	0.00201	0.01023	0.00561	0.00400	0.01005
46	0.01487	0.01158	0.01385	0.01036	0.01574	0.00901	0.00822	0.01805	0.01615	0.06518	0.14798	0.02283	0.02202	0.00730	0.00600	0.00135	0.00495	0.00608	0.00520	0.59329
47	0.01755	0.53013	0.24821	0.01472	0.02219	0.02454	0.01659	0.02171	0.01464	0.01856	0.01080	0.01255	0.00910	0.00630	0.00525	0.00175	0.00852	0.00426	0.00303	0.00957
48	0.00996	0.00727	0.00936	0.00884	0.01057	0.00667	0.00663	0.01322	0.01989	0.02792	0.65838	0.05424	0.11078	0.01480	0.00840	0.00225	0.00338	0.01303	0.00775	0.00667
49	0.01020	0.00754	0.01097	0.01097	0.01208	0.00864	0.00831	0.01241	0.01130	0.01618	0.01951	0.03037	0.01884	0.14286	0.63350	0.01086	0.01751	0.00798	0.00388	0.00610
50	0.01677	0.01533	0.02564	0.03498	0.50192	0.01527	0.06368	0.04649	0.01727	0.02492	0.09003	0.02232	0.01797	0.00746	0.00713	0.00211	0.00772	0.00723	0.06543	0.01033
51	0.01489	0.01098	0.01267	0.01136	0.01405	0.01124	0.00870	0.22294	0.02222	0.02996	0.24265	0.22495	0.11448	0.01508	0.00818	0.00240	0.00500	0.01301	0.00716	0.00810
52	0.01399	0.07714	0.09231	0.01190	0.01735	0.01149	0.01062	0.01801	0.04294	0.02189	0.01876	0.14796	0.01834	0.00925	0.00630	0.00169	0.00591	0.03034	0.00462	0.43919
53	0.30381	0.02079	0.01643	0.01393	0.01854	0.22622	0.01109	0.15967	0.02004	0.12627	0.01428	0.01487	0.01045	0.00753	0.00595	0.00208	0.00824	0.00506	0.00536	0.00939
54	0.05036	0.01841	0.01872	0.01543	0.02029	0.05147	0.01239	0.35915	0.30831	0.03686	0.02155	0.02068	0.01586	0.00889	0.00705	0.00224	0.00706	0.00693	0.00692	0.01143
55	0.01871	0.52652	0.09192	0.04936	0.10153	0.07034	0.01496	0.02181	0.01508	0.01812	0.01075	0.01289	0.00940	0.00631	0.00528	0.00171	0.00839	0.00439	0.00314	0.00939
56	0.02164	0.01818	0.01768	0.01499	0.01946	0.09540	0.01186	0.23608	0.34378	0.06094	0.02586	0.02454	0.05831	0.00953	0.00718	0.00225	0.00701	0.00754	0.00684	0.01092
57	0.01017	0.00763	0.01144	0.01144	0.01272	0.00890	0.00890	0.01272	0.01144	0.01653	0.01907	0.02797	0.01780	0.05340	0.72153	0.01144	0.01907	0.00763	0.00381	0.00636
58	0.00955	0.00726	0.00879	0.00841	0.01032	0.00650	0.00631	0.01242	0.01892	0.02562	0.50350	0.05802	0.26709	0.01565	0.00840	0.00229	0.00344	0.01355	0.00745	0.00650
59	0.00878	0.00723	0.00772	0.00760	0.00984	0.00617	0.00570	0.01093	0.01710	0.02129	0.21103	0.06514	0.56227	0.01727	0.00841	0.00237	0.00355	0.01455	0.00688	0.00617
60	0.01036	0.00690	0.00777	0.00777	0.00777	0.00690	0.00431	0.01036	0.01036	0.01381	0.02244	0.04660	0.02589	0.74975	0.03624	0.00690	0.00690	0.01036	0.00431	0.00431
61	0.80005	0.01377	0.01047	0.00936	0.01377	0.01597	0.00771	0.02093	0.01212	0.03195	0.00991	0.01157	0.00771	0.00661	0.00441	0.00220	0.00551	0.00386	0.00441	0.00771
62	0.01622	0.29093	0.39392	0.01804	0.02629	0.02102	0.06821	0.02190	0.01479	0.02027	0.01172	0.01407	0.00921	0.00671	0.00679	0.00204	0.03993	0.00501	0.00307	0.00985
63	0.03195	0.01212	0.01652	0.01267	0.01818	0.01047	0.01047	0.03470	0.02038	0.71026	0.02809	0.02424	0.01763	0.00881	0.00716	0.00220	0.00606	0.00716	0.00881	0.01212

[dist]
# distance from previous block
# <min> <max>
0	2

[block]
# block no. 2 follows, 29 sequences, length 11
# corresponding to MSA columns:
# 263-273
name=unknown_C
#
# <colnr> <probs for GDERKNQSTAVLIFYWHMCP>
#	G	D	E	R	K	N	Q	S	T	A	V	L	I	F	Y	W	H	M	C	P
0	0.01526	0.18436	0.57390	0.01863	0.02824	0.01893	0.02340	0.02230	0.01492	0.02136	0.01219	0.01429	0.00904	0.00663	0.00631	0.00210	0.00993	0.00496	0.00301	0.01024
1	0.05309	0.54895	0.12353	0.01370	0.02014	0.06568	0.01401	0.05507	0.01573	0.01963	0.01071	0.01227	0.00921	0.00640	0.00509	0.00170	0.00822	0.00418	0.00334	0.00936
2	0.01073	0.00874	0.01114	0.10887	0.01697	0.00886	0.00933	0.01498	0.07700	0.02141	0.12553	0.14511	0.26456	0.01621	0.00848	0.00260	0.00517	0.13106	0.00633	0.00690
3	0.17763	0.04927	0.01685	0.01387	0.01832	0.20588	0.01093	0.02913	0.21856	0.09441	0.01798	0.01795	0.01361	0.00780	0.00616	0.00204	0.00764	0.00567	0.00543	0.08088
4	0.05955	0.02115	0.02000	0.01636	0.02126	0.22530	0.06208	0.15121	0.12105	0.16428	0.01850	0.01846	0.01339	0.00796	0.00682	0.00207	0.00872	0.00619	0.00592	0.04974
5	0.02343	0.01989	0.02547	0.01935	0.02513	0.12441	0.19870	0.22030	0.04468	0.13108	0.01704	0.01820	0.01229	0.00743	0.00722	0.00209	0.00919	0.00666	0.00560	0.08186
6	0.02308	0.01448	0.01591	0.01301	0.01718	0.04525	0.01029	0.27252	0.02333	0.22143	0.02868	0.09370	0.09671	0.07882	0.01010	0.00268	0.00666	0.00914	0.00708	0.00996
7	0.02191	0.02152	0.02638	0.02091	0.02502	0.22630	0.20885	0.02505	0.01695	0.13326	0.01442	0.01726	0.01109	0.00845	0.01128	0.00238	0.18891	0.00653	0.00436	0.00917
8	0.02457	0.01691	0.01763	0.01441	0.01900	0.08005	0.01152	0.32437	0.06399	0.19137	0.02483	0.11025	0.04733	0.01065	0.00737	0.00224	0.00712	0.00857	0.00712	0.01068
9	0.01684	0.04679	0.31969	0.01493	0.02132	0.01237	0.01621	0.02159	0.01607	0.17997	0.02706	0.17208	0.08192	0.01144	0.00741	0.00236	0.00745	0.00962	0.00542	0.00946
10	0.02588	0.01119	0.01479	0.01227	0.01659	0.01015	0.00975	0.02989	0.07949	0.50665	0.03047	0.17273	0.02406	0.01167	0.00756	0.00236	0.00562	0.00993	0.00822	0.01074

[dist]
# distance from previous block
# <min> <max>
0	1

[block]
# block no. 3 follows, 29 sequences, length 15
# corresponding to MSA columns:
# 275-289
name=unknown_D
#
# <colnr> <probs for GDERKNQSTAVLIFYWHMCP>
#	G	D	E	R	K	N	Q	S	T	A	V	L	I	F	Y	W	H	M	C	P
0	0.02430	0.01487	0.09758	0.01282	0.01889	0.01071	0.01160	0.02784	0.01835	0.41839	0.06294	0.02255	0.01784	0.00804	0.00672	0.00193	0.00623	0.00655	0.00693	0.20490
1	0.01804	0.14901	0.08632	0.02619	0.10979	0.09038	0.34483	0.02276	0.01631	0.02103	0.01284	0.01658	0.01022	0.00650	0.00785	0.00218	0.03949	0.00666	0.00344	0.00958
2	0.01891	0.01563	0.02105	0.36748	0.11461	0.06823	0.01693	0.13568	0.01884	0.09294	0.01622	0.05337	0.01275	0.00819	0.00716	0.00227	0.00873	0.00697	0.00466	0.00938
3	0.01318	0.01179	0.01128	0.01098	0.01277	0.10377	0.00761	0.01628	0.08198	0.01861	0.02657	0.29236	0.02920	0.22143	0.01573	0.00361	0.00637	0.01225	0.00535	0.09890
4	0.01992	0.01609	0.01875	0.01758	0.09977	0.01691	0.01251	0.25839	0.21192	0.03243	0.02050	0.06322	0.01653	0.00882	0.00692	0.00206	0.00659	0.00729	0.00616	0.15765
5	0.01887	0.10576	0.03678	0.02748	0.10829	0.06087	0.43692	0.02375	0.01693	0.07272	0.01457	0.01810	0.01107	0.00634	0.00759	0.00222	0.01070	0.00731	0.00392	0.00984
6	0.09395	0.09673	0.10776	0.01191	0.01561	0.01164	0.01075	0.01793	0.01555	0.11272	0.10578	0.28150	0.03189	0.01398	0.00749	0.00243	0.00580	0.04266	0.00593	0.00798
7	0.15767	0.07449	0.16977	0.01452	0.02080	0.01694	0.01417	0.17882	0.05078	0.17784	0.04486	0.01869	0.01430	0.00799	0.00645	0.00216	0.00734	0.00602	0.00585	0.01053
8	0.04484	0.10227	0.11367	0.01568	0.02055	0.08492	0.07977	0.09215	0.09719	0.06272	0.04167	0.08336	0.01922	0.07341	0.00959	0.00264	0.00806	0.03404	0.00515	0.00909
9	0.10528	0.01352	0.01727	0.01703	0.11939	0.01305	0.01195	0.11436	0.01939	0.23936	0.04796	0.02704	0.01844	0.00911	0.00692	0.00214	0.00643	0.07998	0.00636	0.12501
10	0.17535	0.01097	0.01325	0.01220	0.01504	0.01154	0.05580	0.03715	0.11156	0.02447	0.05984	0.18880	0.05822	0.05986	0.03802	0.00315	0.00631	0.08387	0.00578	0.02882
11	0.09961	0.09741	0.02158	0.01741	0.09952	0.01478	0.08886	0.06815	0.01708	0.19713	0.01894	0.05962	0.01557	0.08056	0.00952	0.00254	0.00719	0.00722	0.00545	0.07186
12	0.13624	0.02051	0.18842	0.01464	0.02114	0.05202	0.01432	0.08493	0.04899	0.26724	0.01874	0.01833	0.01281	0.00767	0.00649	0.00212	0.00753	0.00584	0.00592	0.06610
13	0.06960	0.01403	0.02290	0.02014	0.08494	0.01391	0.20354	0.02414	0.11566	0.12536	0.06333	0.03292	0.02190	0.04833	0.00933	0.00269	0.00785	0.10441	0.00568	0.00934
14	0.01942	0.18492	0.25239	0.02261	0.17287	0.08792	0.01902	0.06327	0.01720	0.07689	0.01359	0.01545	0.01042	0.00685	0.00637	0.00201	0.00915	0.00534	0.00390	0.01039

[dist]
# distance from previous block
# <min> <max>
15	96

[block]
# block no. 4 follows, 29 sequences, length 44
# corresponding to MSA columns:
# 386-429
name=unknown_E
#
# <colnr> <probs for GDERKNQSTAVLIFYWHMCP>
#	G	D	E	R	K	N	Q	S	T	A	V	L	I	F	Y	W	H	M	C	P
0	0.05840	0.35465	0.10522	0.01829	0.11149	0.05974	0.01516	0.15586	0.01880	0.02474	0.01220	0.01387	0.00994	0.00679	0.00575	0.00186	0.00826	0.00488	0.00403	0.01006
1	0.05479	0.15939	0.24734	0.01461	0.02090	0.01577	0.01544	0.04615	0.01615	0.13806	0.01923	0.06938	0.01671	0.04791	0.00824	0.00244	0.00780	0.06430	0.00485	0.03053
2	0.05483	0.08896	0.08755	0.01449	0.05524	0.01547	0.01168	0.08346	0.20268	0.02513	0.08144	0.02801	0.02171	0.15051	0.04593	0.00351	0.00735	0.00774	0.00538	0.00893
3	0.33965	0.16532	0.10573	0.01217	0.01753	0.01778	0.01154	0.02382	0.10513	0.06852	0.05973	0.01751	0.01458	0.00759	0.00555	0.00210	0.00647	0.00538	0.00483	0.00903
4	0.01216	0.00859	0.01070	0.00930	0.01218	0.00740	0.00714	0.01527	0.01872	0.06959	0.45982	0.04581	0.12343	0.01283	0.00773	0.00203	0.00392	0.01112	0.00708	0.15517
5	0.02461	0.25832	0.02534	0.01477	0.02012	0.18313	0.01255	0.20667	0.02184	0.11966	0.01472	0.01518	0.01117	0.00740	0.00608	0.00184	0.00859	0.00518	0.00514	0.03768
6	0.01794	0.01738	0.11287	0.01627	0.05630	0.01414	0.03352	0.19103	0.02027	0.04766	0.01925	0.02879	0.01695	0.00932	0.00709	0.00206	0.00730	0.13311	0.00534	0.24343
7	0.06625	0.11427	0.02319	0.05916	0.20689	0.06167	0.01461	0.12373	0.01946	0.19194	0.01698	0.01805	0.01246	0.00742	0.00651	0.00205	0.00767	0.00598	0.03111	0.01061
8	0.02019	0.64403	0.03470	0.01313	0.01885	0.13404	0.01242	0.02241	0.01534	0.01686	0.01007	0.01164	0.00914	0.00628	0.00485	0.00157	0.00841	0.00393	0.00314	0.00900
9	0.00925	0.00719	0.00841	0.00822	0.01016	0.00635	0.00612	0.01180	0.01804	0.02379	0.38184	0.09626	0.35394	0.01654	0.00844	0.00235	0.00351	0.01424	0.00722	0.00635
10	0.01801	0.44761	0.23756	0.01699	0.06567	0.06781	0.01712	0.02217	0.01511	0.01894	0.01105	0.01298	0.00924	0.00639	0.00550	0.00180	0.00887	0.00445	0.00310	0.00963
11	0.00868	0.00620	0.00826	0.00991	0.01033	0.00578	0.00661	0.00991	0.01363	0.01818	0.03925	0.74510	0.04710	0.02231	0.00909	0.00289	0.00413	0.02024	0.00661	0.00578
12	0.00952	0.00726	0.00874	0.00837	0.01029	0.00648	0.00628	0.01235	0.01883	0.02542	0.48969	0.05835	0.28103	0.01573	0.00840	0.00230	0.00344	0.01360	0.00743	0.00648
13	0.01023	0.00760	0.00973	0.01011	0.01194	0.00711	0.00819	0.01321	0.01790	0.02381	0.31681	0.06662	0.19787	0.01722	0.00893	0.00266	0.00460	0.25186	0.00709	0.00650
14	0.04934	0.02032	0.02377	0.01941	0.05694	0.07953	0.10662	0.43285	0.07800	0.03688	0.01669	0.01759	0.01222	0.00800	0.00716	0.00217	0.00863	0.00657	0.00609	0.01119
15	0.01681	0.01921	0.04202	0.03001	0.03721	0.01801	0.67947	0.02281	0.01681	0.02281	0.01441	0.01921	0.01080	0.00600	0.00840	0.00240	0.01200	0.00840	0.00360	0.00960
16	0.01665	0.01087	0.01291	0.01161	0.01473	0.01113	0.00895	0.02546	0.25369	0.15600	0.24827	0.10937	0.06491	0.01269	0.00783	0.00237	0.00475	0.01095	0.00764	0.00920
17	0.40968	0.03563	0.08464	0.05302	0.11153	0.01740	0.05530	0.11021	0.01628	0.03001	0.01204	0.01429	0.00922	0.00682	0.00574	0.00219	0.00735	0.00507	0.00438	0.00921
18	0.01327	0.00664	0.00664	0.00664	0.00830	0.00664	0.00498	0.01659	0.01493	0.02655	0.02323	0.02655	0.01825	0.00830	0.00498	0.00166	0.00332	0.00664	0.78928	0.00664
19	0.02374	0.01829	0.01950	0.01571	0.02081	0.02053	0.01273	0.45256	0.26793	0.03951	0.02132	0.02047	0.01553	0.00894	0.00717	0.00224	0.00705	0.00699	0.00717	0.01181
20	0.01419	0.01326	0.02230	0.54397	0.18325	0.01557	0.01968	0.01874	0.01478	0.01944	0.01439	0.02258	0.01185	0.00775	0.00728	0.00238	0.00909	0.04751	0.00345	0.00852
21	0.04972	0.05613	0.43551	0.01742	0.02582	0.01626	0.02018	0.10243	0.01817	0.14331	0.03789	0.01781	0.01269	0.00755	0.00675	0.00220	0.00890	0.00586	0.00470	0.01070
22	0.01612	0.02000	0.15350	0.20967	0.26780	0.01695	0.14695	0.04289	0.01618	0.02248	0.01341	0.01778	0.01036	0.00662	0.00728	0.00226	0.00975	0.00654	0.00347	0.01000
23	0.03195	0.01212	0.01652	0.01267	0.01818	0.01047	0.01047	0.03470	0.02038	0.71026	0.02809	0.02424	0.01763	0.00881	0.00716	0.00220	0.00606	0.00716	0.00881	0.01212
24	0.01216	0.00928	0.01222	0.01391	0.11289	0.00874	0.00878	0.01573	0.05045	0.05766	0.29692	0.04933	0.24067	0.06788	0.01013	0.00262	0.00469	0.01186	0.00660	0.00749
25	0.01956	0.05762	0.14032	0.06958	0.14147	0.01589	0.21451	0.02454	0.01705	0.17534	0.04180	0.02021	0.01400	0.00720	0.00736	0.00223	0.00915	0.00707	0.00475	0.01035
26	0.06335	0.01323	0.01620	0.01284	0.01773	0.01287	0.01047	0.15331	0.06490	0.41963	0.11450	0.02628	0.02295	0.00947	0.00719	0.00221	0.00598	0.00768	0.00806	0.01114
27	0.00868	0.00620	0.00826	0.00991	0.01033	0.00578	0.00661	0.00991	0.01363	0.01818	0.03925	0.74510	0.04710	0.02231	0.00909	0.00289	0.00413	0.02024	0.00661	0.00578
28	0.01416	0.01282	0.02060	0.06410	0.40139	0.01271	0.01570	0.01770	0.01660	0.02309	0.15153	0.10399	0.09438	0.01073	0.00765	0.00226	0.00662	0.00986	0.00494	0.00916
29	0.01954	0.01793	0.10203	0.09227	0.38535	0.01583	0.01919	0.07862	0.01790	0.12893	0.01675	0.04491	0.01321	0.00760	0.00712	0.00220	0.00821	0.00686	0.00466	0.01090
30	0.02343	0.02866	0.02065	0.01845	0.02106	0.52001	0.01428	0.02518	0.01751	0.01734	0.01053	0.01363	0.00922	0.00881	0.01130	0.00220	0.22105	0.00506	0.00351	0.00812
31	0.02373	0.02901	0.02135	0.12104	0.10440	0.54162	0.01553	0.02625	0.01889	0.01821	0.01151	0.01425	0.00946	0.00719	0.00659	0.00194	0.01187	0.00503	0.00358	0.00855
32	0.32731	0.02373	0.01589	0.01441	0.01808	0.37520	0.01116	0.02410	0.01614	0.02303	0.01103	0.01340	0.00915	0.01015	0.05144	0.00263	0.03674	0.00455	0.00395	0.00791
33	0.02046	0.61837	0.03409	0.01334	0.01898	0.15874	0.01248	0.02266	0.01554	0.01688	0.01011	0.01169	0.00914	0.00633	0.00492	0.00158	0.00860	0.00395	0.00316	0.00897
34	0.00884	0.00688	0.00803	0.00847	0.01006	0.00608	0.00608	0.01077	0.01615	0.02076	0.18789	0.29319	0.35384	0.01877	0.00864	0.00254	0.00373	0.01635	0.00686	0.00608
35	0.00995	0.00727	0.00935	0.00883	0.01056	0.00667	0.00662	0.01320	0.01986	0.02786	0.65471	0.05433	0.11448	0.01482	0.00840	0.00225	0.00338	0.01304	0.00775	0.00667
36	0.01546	0.16773	0.50768	0.01995	0.02925	0.01887	0.10149	0.02235	0.01514	0.02151	0.01244	0.01486	0.00925	0.00655	0.00655	0.00214	0.01016	0.00537	0.00308	0.01016
37	0.02861	0.01582	0.01862	0.01445	0.01992	0.01618	0.01188	0.31931	0.08233	0.36090	0.02333	0.02129	0.01555	0.00877	0.00715	0.00219	0.00680	0.00691	0.00794	0.01204
38	0.00842	0.00721	0.00721	0.00721	0.00962	0.00601	0.00541	0.01022	0.01623	0.01924	0.07213	0.06853	0.70244	0.01803	0.00842	0.00240	0.00361	0.01503	0.00661	0.00601
39	0.01023	0.00738	0.00999	0.01153	0.01276	0.00715	0.00926	0.01264	0.01534	0.02000	0.04046	0.33036	0.08512	0.02056	0.00946	0.00308	0.00546	0.37642	0.00658	0.00623
40	0.01740	0.15799	0.37209	0.01840	0.02624	0.01963	0.06175	0.13490	0.01788	0.02489	0.01317	0.01551	0.01002	0.00888	0.03340	0.00249	0.04583	0.00553	0.00379	0.01020
41	0.00865	0.00630	0.00816	0.00964	0.01026	0.00581	0.00649	0.00995	0.01390	0.01828	0.04259	0.67636	0.11369	0.02187	0.00902	0.00284	0.00408	0.01971	0.00661	0.00581
42	0.02331	0.01727	0.01852	0.01500	0.01988	0.01921	0.01213	0.40237	0.24861	0.06488	0.02183	0.02109	0.01588	0.00891	0.00703	0.00220	0.00676	0.00699	0.05665	0.01149
43	0.20764	0.01539	0.01602	0.01305	0.01806	0.05911	0.02888	0.07504	0.15684	0.19338	0.01935	0.01889	0.01392	0.00773	0.00622	0.00205	0.00644	0.00593	0.00615	0.12991

[dist]
# distance from previous block
# <min> <max>
0	1

# created by:
# /home/berkeley/.conda/envs/busco_data_prod/bin/msa2prfl.pl pipeline/OGs_align_augustus/5794/14555.fs
