[name]
unknown

[dist]
# distance from previous block
# <min> <max>
0	349

[block]
# block no. 0 follows, 27 sequences, length 14
# corresponding to MSA columns:
# 349-362
name=unknown_A
#
# <colnr> <probs for GDERKNQSTAVLIFYWHMCP>
#	G	D	E	R	K	N	Q	S	T	A	V	L	I	F	Y	W	H	M	C	P
0	0.04423	0.14848	0.11720	0.01511	0.02070	0.11801	0.01401	0.09880	0.05498	0.07896	0.06963	0.02583	0.01922	0.00935	0.00693	0.00214	0.00823	0.06757	0.00535	0.07529
1	0.01617	0.01548	0.08476	0.01611	0.06707	0.01320	0.05693	0.09921	0.10389	0.06041	0.11124	0.03808	0.19191	0.03253	0.00874	0.00245	0.00655	0.00998	0.00625	0.05904
2	0.00981	0.00747	0.00885	0.00883	0.01060	0.00671	0.00649	0.01223	0.01792	0.02368	0.32446	0.12476	0.29410	0.07320	0.01112	0.00288	0.00409	0.03912	0.00724	0.00644
3	0.01809	0.01731	0.02695	0.17943	0.33360	0.04613	0.08351	0.07742	0.01814	0.02465	0.01593	0.01996	0.03181	0.00728	0.00738	0.00221	0.00914	0.00686	0.00409	0.07010
4	0.01235	0.00794	0.01015	0.00959	0.01168	0.00717	0.00719	0.01529	0.01963	0.09347	0.45840	0.13770	0.14891	0.01608	0.00872	0.00244	0.00392	0.01409	0.00794	0.00734
5	0.02208	0.05431	0.01938	0.01533	0.01986	0.11661	0.03200	0.16584	0.22720	0.09733	0.10173	0.02719	0.04834	0.01002	0.00748	0.00228	0.00743	0.00808	0.00687	0.01065
6	0.01026	0.00750	0.00963	0.00927	0.01098	0.00687	0.00689	0.01346	0.02017	0.02817	0.59028	0.10898	0.11763	0.01609	0.00881	0.00240	0.00358	0.01419	0.00797	0.00687
7	0.01837	0.01764	0.03013	0.04557	0.69279	0.01764	0.02278	0.02278	0.01690	0.02425	0.01396	0.01837	0.01176	0.00661	0.00735	0.00220	0.00882	0.00661	0.00367	0.01176
8	0.01318	0.00728	0.01078	0.01051	0.01051	0.00783	0.00728	0.01037	0.00982	0.01332	0.01263	0.02203	0.01263	0.02470	0.02862	0.71758	0.06763	0.00645	0.00323	0.00364
9	0.15717	0.02244	0.01881	0.02092	0.13845	0.30556	0.01419	0.02381	0.01793	0.02284	0.01803	0.03000	0.01721	0.01025	0.00725	0.00237	0.00974	0.14975	0.00462	0.00866
10	0.20767	0.04443	0.02086	0.01957	0.12343	0.03966	0.06817	0.12766	0.10771	0.06597	0.06695	0.04153	0.01796	0.00875	0.00689	0.00230	0.00735	0.00722	0.00572	0.01019
11	0.01980	0.02069	0.06203	0.05553	0.31583	0.08331	0.11912	0.09561	0.07537	0.02618	0.01547	0.01872	0.01224	0.00752	0.00824	0.00231	0.03979	0.00687	0.00439	0.01098
12	0.01465	0.01647	0.12329	0.05772	0.02233	0.01337	0.10052	0.08413	0.08746	0.02761	0.22201	0.06018	0.11512	0.01184	0.00819	0.00242	0.00701	0.01051	0.00617	0.00902
13	0.01072	0.00748	0.00954	0.00954	0.01004	0.00798	0.00630	0.01172	0.01122	0.01547	0.02207	0.04125	0.02381	0.48107	0.29147	0.00898	0.01199	0.00972	0.00430	0.00530

[dist]
# distance from previous block
# <min> <max>
0	1

[block]
# block no. 1 follows, 27 sequences, length 32
# corresponding to MSA columns:
# 364-395
name=unknown_B
#
# <colnr> <probs for GDERKNQSTAVLIFYWHMCP>
#	G	D	E	R	K	N	Q	S	T	A	V	L	I	F	Y	W	H	M	C	P
0	0.14799	0.52054	0.03178	0.01304	0.01885	0.08837	0.01216	0.05773	0.01629	0.02172	0.01083	0.01239	0.00945	0.00670	0.00505	0.00177	0.00808	0.00420	0.00370	0.00937
1	0.00956	0.00704	0.00896	0.00957	0.01079	0.00643	0.00676	0.01178	0.01717	0.02322	0.29209	0.38431	0.14580	0.01957	0.00910	0.00269	0.00393	0.01743	0.00738	0.00643
2	0.01633	0.14001	0.41891	0.04710	0.09714	0.01931	0.11410	0.02313	0.01594	0.02255	0.01316	0.01612	0.00993	0.00680	0.00699	0.00225	0.01048	0.00586	0.00329	0.01060
3	0.00970	0.00721	0.00910	0.00981	0.01117	0.00661	0.00718	0.01196	0.01699	0.02259	0.23295	0.34062	0.18440	0.01977	0.00921	0.00276	0.00422	0.08007	0.00725	0.00644
4	0.02178	0.30264	0.02623	0.01464	0.01935	0.21079	0.01238	0.12912	0.02033	0.02364	0.08292	0.01973	0.01726	0.03698	0.03052	0.00241	0.00937	0.00600	0.00465	0.00924
5	0.01141	0.00895	0.01072	0.01096	0.01289	0.00871	0.00785	0.01663	0.13443	0.02252	0.08897	0.43855	0.09149	0.01830	0.00866	0.00266	0.00459	0.01628	0.00688	0.07855
6	0.04479	0.18797	0.05814	0.01613	0.02168	0.18041	0.01393	0.26367	0.04888	0.04887	0.03740	0.01703	0.01339	0.00816	0.00661	0.00203	0.00910	0.00581	0.00543	0.01058
7	0.01866	0.09927	0.43196	0.06899	0.06205	0.01767	0.02240	0.04884	0.01715	0.12194	0.01555	0.01721	0.01099	0.00737	0.00695	0.00227	0.00972	0.00581	0.00422	0.01098
8	0.01851	0.01537	0.01658	0.01228	0.01858	0.05553	0.00983	0.08941	0.01814	0.06262	0.01445	0.01606	0.01148	0.00620	0.00588	0.00134	0.00632	0.00483	0.00494	0.61165
9	0.00931	0.00689	0.00871	0.00963	0.01071	0.00628	0.00670	0.01118	0.01615	0.02147	0.18646	0.47304	0.16474	0.02074	0.00920	0.00278	0.00404	0.01851	0.00717	0.00628
10	0.02063	0.08199	0.23235	0.01664	0.02339	0.01694	0.03745	0.16700	0.04858	0.13836	0.02279	0.09904	0.04194	0.01008	0.00742	0.00234	0.00817	0.00827	0.00584	0.01078
11	0.01552	0.09243	0.09576	0.01342	0.01726	0.05632	0.01172	0.09033	0.09443	0.02626	0.18284	0.21073	0.03588	0.01365	0.00791	0.00242	0.00643	0.01164	0.00631	0.00873
12	0.01037	0.00702	0.00822	0.00864	0.00874	0.00691	0.00508	0.01068	0.01162	0.01550	0.02763	0.21432	0.03233	0.56607	0.03094	0.00619	0.00650	0.01329	0.00508	0.00487
13	0.01852	0.01915	0.02844	0.19324	0.40149	0.10689	0.08018	0.02290	0.01703	0.02223	0.01357	0.01820	0.01101	0.00690	0.00741	0.00226	0.00999	0.00657	0.00362	0.01040
14	0.02346	0.02056	0.17621	0.01926	0.07814	0.03830	0.05598	0.05315	0.07258	0.28544	0.05967	0.02313	0.01785	0.00879	0.00806	0.00235	0.03205	0.00729	0.00639	0.01134
15	0.01684	0.01831	0.03727	0.10112	0.06893	0.01785	0.49030	0.02369	0.06329	0.02363	0.01876	0.02296	0.04493	0.00727	0.00847	0.00249	0.01118	0.00874	0.00412	0.00985
16	0.00912	0.00660	0.00864	0.01024	0.01086	0.00612	0.00696	0.01052	0.01449	0.01913	0.04325	0.66774	0.09353	0.02286	0.00945	0.00299	0.00435	0.04017	0.00689	0.00607
17	0.01495	0.01041	0.01453	0.01308	0.01511	0.01095	0.05461	0.10390	0.04765	0.02169	0.02041	0.03351	0.01947	0.09104	0.12662	0.26552	0.00918	0.08965	0.03109	0.00663
18	0.02210	0.02182	0.10072	0.01913	0.07390	0.07010	0.01545	0.25413	0.27842	0.03418	0.02131	0.02109	0.01582	0.00887	0.00737	0.00233	0.00805	0.00706	0.00642	0.01173
19	0.00903	0.00653	0.00855	0.01016	0.01072	0.00604	0.00681	0.01036	0.01438	0.01902	0.04301	0.69371	0.08830	0.02299	0.00943	0.00298	0.00427	0.02077	0.00689	0.00604
20	0.01846	0.01595	0.01679	0.01511	0.01930	0.01846	0.01175	0.03945	0.67938	0.03105	0.03022	0.02770	0.02266	0.01007	0.00755	0.00252	0.00588	0.00839	0.00755	0.01175
21	0.64896	0.01536	0.01261	0.01108	0.01544	0.05027	0.00907	0.02306	0.01362	0.08247	0.01181	0.01339	0.00901	0.00748	0.00613	0.00234	0.05019	0.00447	0.00483	0.00842
22	0.01051	0.00759	0.00992	0.00934	0.01109	0.00700	0.00700	0.01401	0.02101	0.02977	0.68888	0.05545	0.07005	0.01518	0.00876	0.00233	0.00350	0.01343	0.00817	0.00700
23	0.01622	0.01299	0.01554	0.01152	0.01744	0.01040	0.00920	0.01932	0.01550	0.06485	0.01535	0.05078	0.01323	0.00695	0.00674	0.00137	0.04097	0.00550	0.00476	0.66138
24	0.01898	0.01247	0.01506	0.01138	0.01710	0.01009	0.00911	0.02286	0.04509	0.18150	0.06982	0.02413	0.05415	0.00797	0.00645	0.00160	0.00547	0.00654	0.00605	0.47418
25	0.01905	0.24769	0.38301	0.01763	0.02632	0.02106	0.02045	0.09073	0.01787	0.07108	0.01399	0.01543	0.01040	0.00718	0.00643	0.00210	0.00944	0.00529	0.00401	0.01082
26	0.01549	0.01470	0.02493	0.49277	0.26811	0.01688	0.02135	0.02026	0.01554	0.02075	0.01345	0.01931	0.01053	0.00715	0.00740	0.00238	0.00953	0.00660	0.00343	0.00943
27	0.01752	0.02003	0.04380	0.03129	0.03880	0.01877	0.66583	0.02378	0.01752	0.02378	0.01502	0.02003	0.01126	0.00626	0.00876	0.00250	0.01252	0.00876	0.00375	0.01001
28	0.01837	0.01764	0.03013	0.04557	0.69279	0.01764	0.02278	0.02278	0.01690	0.02425	0.01396	0.01837	0.01176	0.00661	0.00735	0.00220	0.00882	0.00661	0.00367	0.01176
29	0.00922	0.00680	0.00863	0.00973	0.01070	0.00622	0.00670	0.01094	0.01568	0.02076	0.14425	0.52336	0.15716	0.02131	0.00925	0.00283	0.00410	0.01906	0.00708	0.00622
30	0.01135	0.00811	0.01126	0.01297	0.01441	0.00802	0.01089	0.01432	0.01648	0.02153	0.03965	0.22078	0.04407	0.02109	0.01009	0.00333	0.00630	0.51185	0.00685	0.00667
31	0.01711	0.01086	0.01335	0.01189	0.01441	0.01154	0.00912	0.13727	0.01793	0.11148	0.02555	0.08035	0.05377	0.14185	0.21005	0.00582	0.03331	0.00927	0.07690	0.00819

[dist]
# distance from previous block
# <min> <max>
0	1

[block]
# block no. 2 follows, 27 sequences, length 18
# corresponding to MSA columns:
# 397-414
name=unknown_C
#
# <colnr> <probs for GDERKNQSTAVLIFYWHMCP>
#	G	D	E	R	K	N	Q	S	T	A	V	L	I	F	Y	W	H	M	C	P
0	0.14794	0.01510	0.02316	0.26534	0.33037	0.01660	0.01875	0.02109	0.01542	0.02417	0.01356	0.01820	0.01083	0.00703	0.00681	0.00229	0.00842	0.00618	0.03903	0.00972
1	0.52921	0.01547	0.01743	0.02191	0.24455	0.01699	0.01304	0.02215	0.01408	0.03024	0.01157	0.01420	0.00930	0.00680	0.00553	0.00227	0.00679	0.00490	0.00428	0.00930
2	0.01043	0.00803	0.00968	0.01038	0.01181	0.00783	0.00734	0.01469	0.10284	0.02215	0.13095	0.44487	0.15151	0.01974	0.00901	0.00278	0.00432	0.01754	0.00715	0.00695
3	0.00911	0.00709	0.00829	0.00892	0.01047	0.00627	0.00633	0.01097	0.01635	0.02088	0.14189	0.34162	0.34502	0.02015	0.00906	0.00269	0.00395	0.01761	0.00706	0.00627
4	0.01841	0.01673	0.02578	0.12381	0.42349	0.01709	0.01930	0.08614	0.05320	0.02614	0.01501	0.01862	0.01208	0.00699	0.00714	0.00212	0.00832	0.00643	0.00429	0.10892
5	0.02352	0.38121	0.06527	0.01479	0.02082	0.11235	0.01362	0.11947	0.05003	0.11204	0.01512	0.01563	0.01174	0.00747	0.00600	0.00190	0.00853	0.00521	0.00486	0.01044
6	0.11939	0.29767	0.02424	0.01301	0.01780	0.12950	0.01123	0.09922	0.01899	0.02490	0.10133	0.02327	0.07408	0.00907	0.00620	0.00198	0.00764	0.00659	0.00491	0.00898
7	0.01990	0.08198	0.09680	0.01358	0.01856	0.01419	0.01233	0.05587	0.14598	0.19646	0.12358	0.03556	0.08914	0.01134	0.00768	0.00238	0.00640	0.05104	0.00702	0.01021
8	0.02148	0.61788	0.03559	0.01358	0.01957	0.11899	0.01284	0.02382	0.01614	0.04690	0.01129	0.01268	0.00991	0.00665	0.00514	0.00166	0.00859	0.00423	0.00352	0.00954
9	0.00904	0.00646	0.00861	0.01034	0.01077	0.00603	0.00689	0.01034	0.01421	0.01895	0.04092	0.73426	0.04910	0.02326	0.00948	0.00301	0.00431	0.02110	0.00689	0.00603
10	0.01981	0.01892	0.02712	0.27819	0.08015	0.08457	0.15158	0.17711	0.02083	0.02688	0.01447	0.01856	0.01092	0.00767	0.00813	0.00237	0.03145	0.00689	0.00446	0.00992
11	0.02350	0.01813	0.07940	0.02558	0.24012	0.04206	0.03880	0.03068	0.13736	0.25374	0.02197	0.02203	0.01566	0.00817	0.00742	0.00230	0.00792	0.00713	0.00621	0.01181
12	0.01485	0.00956	0.01263	0.01394	0.06984	0.00918	0.00927	0.01889	0.08681	0.13303	0.06155	0.39240	0.10329	0.01742	0.00867	0.00270	0.00510	0.01548	0.00712	0.00826
13	0.27901	0.01703	0.01770	0.01723	0.10013	0.11476	0.03437	0.02697	0.01770	0.23070	0.06154	0.02015	0.01604	0.00819	0.00652	0.00224	0.00749	0.00627	0.00597	0.00997
14	0.01359	0.01018	0.01397	0.04694	0.12606	0.00989	0.01056	0.05785	0.01711	0.06627	0.04065	0.34393	0.17981	0.01697	0.00861	0.00265	0.00556	0.01503	0.00639	0.00799
15	0.16678	0.01551	0.02039	0.02529	0.28177	0.01643	0.01486	0.06838	0.13950	0.07316	0.04127	0.02120	0.01603	0.00805	0.00678	0.00226	0.00694	0.00676	0.05796	0.01067
16	0.24903	0.10237	0.04525	0.01451	0.01933	0.28403	0.01194	0.05368	0.01746	0.02447	0.01196	0.01458	0.01000	0.03345	0.00692	0.00214	0.00927	0.00476	0.00420	0.08066
17	0.42154	0.01701	0.01581	0.01815	0.15598	0.11268	0.01162	0.02252	0.01509	0.02856	0.01307	0.01561	0.01047	0.00717	0.00554	0.00215	0.00715	0.00505	0.10609	0.00875

[dist]
# distance from previous block
# <min> <max>
0	1

[block]
# block no. 3 follows, 27 sequences, length 8
# corresponding to MSA columns:
# 416-423
name=unknown_D
#
# <colnr> <probs for GDERKNQSTAVLIFYWHMCP>
#	G	D	E	R	K	N	Q	S	T	A	V	L	I	F	Y	W	H	M	C	P
0	0.02044	0.08302	0.02275	0.01629	0.02120	0.01628	0.11892	0.17159	0.08072	0.12031	0.09940	0.11391	0.02492	0.01075	0.00774	0.00231	0.00726	0.00952	0.00655	0.04613
1	0.01654	0.01535	0.02484	0.16428	0.42404	0.01611	0.01934	0.02241	0.07615	0.02459	0.10326	0.02430	0.01998	0.00819	0.00756	0.00230	0.00806	0.00766	0.00454	0.01048
2	0.00935	0.00733	0.00847	0.00864	0.01050	0.00644	0.00631	0.01160	0.01760	0.02275	0.25294	0.20141	0.37297	0.01862	0.00891	0.00256	0.00379	0.01610	0.00728	0.00644
3	0.01295	0.00983	0.01251	0.01321	0.01537	0.01025	0.01099	0.01988	0.15340	0.02489	0.12528	0.10128	0.04262	0.01778	0.00946	0.00307	0.00606	0.39617	0.00717	0.00783
4	0.01006	0.00720	0.00973	0.01115	0.01212	0.00687	0.00834	0.01224	0.01591	0.02129	0.12493	0.46155	0.05003	0.02143	0.00960	0.00304	0.00492	0.19616	0.00704	0.00639
5	0.00965	0.00741	0.00889	0.00919	0.01096	0.00664	0.00686	0.01206	0.01770	0.02314	0.26349	0.20333	0.30480	0.01869	0.00903	0.00263	0.00404	0.06767	0.00730	0.00650
6	0.79154	0.01436	0.01091	0.00976	0.01436	0.01665	0.00804	0.02182	0.01263	0.03331	0.01034	0.01206	0.00804	0.00689	0.00459	0.00230	0.00574	0.00402	0.00459	0.00804
7	0.02385	0.01802	0.01874	0.01567	0.02058	0.05555	0.01249	0.22913	0.36317	0.12208	0.02534	0.02363	0.01836	0.00948	0.00746	0.00237	0.00703	0.00756	0.00753	0.01196

[dist]
# distance from previous block
# <min> <max>
2	6

[block]
# block no. 4 follows, 27 sequences, length 67
# corresponding to MSA columns:
# 437-503
name=unknown_E
#
# <colnr> <probs for GDERKNQSTAVLIFYWHMCP>
#	G	D	E	R	K	N	Q	S	T	A	V	L	I	F	Y	W	H	M	C	P
0	0.01045	0.00780	0.01007	0.01042	0.01210	0.00695	0.00751	0.01265	0.01607	0.02230	0.18091	0.44075	0.04796	0.01878	0.00880	0.00262	0.00446	0.05618	0.00682	0.11642
1	0.01716	0.01372	0.02206	0.04830	0.24079	0.01285	0.08428	0.02098	0.01768	0.10351	0.12959	0.07735	0.05087	0.00978	0.00769	0.00219	0.00711	0.00911	0.00550	0.11948
2	0.01792	0.05239	0.30293	0.01927	0.02692	0.01542	0.14599	0.02451	0.03932	0.11962	0.06958	0.02206	0.01692	0.00797	0.00733	0.00227	0.00906	0.00713	0.05927	0.03414
3	0.01634	0.06539	0.02017	0.10428	0.12715	0.04070	0.03431	0.02002	0.01586	0.02333	0.01467	0.01797	0.01197	0.00652	0.00608	0.00164	0.00699	0.00550	0.11378	0.34733
4	0.01863	0.08698	0.06535	0.01574	0.04758	0.11383	0.03326	0.07947	0.09079	0.04443	0.06361	0.05629	0.06479	0.00931	0.00695	0.00199	0.00758	0.00756	0.00534	0.18056
5	0.01850	0.10372	0.38299	0.02039	0.06025	0.06240	0.04193	0.06901	0.09646	0.05160	0.01592	0.01737	0.01175	0.00754	0.00697	0.00225	0.00978	0.00595	0.00428	0.01095
6	0.01859	0.05211	0.02721	0.06575	0.42785	0.01672	0.04259	0.02260	0.01655	0.06581	0.01446	0.01805	0.01176	0.00686	0.00765	0.00206	0.03625	0.00625	0.00408	0.13677
7	0.01360	0.01132	0.01243	0.01132	0.01456	0.01165	0.00869	0.02377	0.28724	0.02742	0.21919	0.04580	0.20803	0.01343	0.00807	0.00238	0.00466	0.01139	0.00735	0.05769
8	0.01334	0.01197	0.01500	0.20166	0.04818	0.05997	0.01194	0.01820	0.06383	0.02511	0.33748	0.04111	0.09848	0.01223	0.00812	0.00237	0.00628	0.01060	0.00625	0.00788
9	0.01080	0.00720	0.00810	0.00810	0.00810	0.00720	0.00450	0.01080	0.01080	0.01439	0.02339	0.04858	0.02699	0.73910	0.03779	0.00720	0.00720	0.01080	0.00450	0.00450
10	0.00995	0.00722	0.00881	0.00911	0.01010	0.00689	0.00617	0.01151	0.01479	0.01975	0.16806	0.21761	0.15414	0.24125	0.07715	0.00482	0.00625	0.01440	0.00617	0.00585
11	0.01508	0.06496	0.67571	0.02084	0.03164	0.01770	0.02687	0.02346	0.01565	0.02328	0.01321	0.01553	0.00941	0.00703	0.00697	0.00232	0.01086	0.00543	0.00314	0.01092
12	0.01884	0.55173	0.10400	0.01355	0.01966	0.05401	0.01358	0.02232	0.03905	0.01836	0.01251	0.01604	0.01147	0.06870	0.00798	0.00219	0.00834	0.00490	0.00347	0.00929
13	0.00948	0.00683	0.00908	0.01072	0.01144	0.00643	0.00761	0.01113	0.01478	0.01950	0.04222	0.60415	0.07718	0.02263	0.00956	0.00305	0.00467	0.11647	0.00688	0.00616
14	0.02214	0.01769	0.01888	0.01561	0.02067	0.01968	0.01248	0.28850	0.37591	0.03684	0.02408	0.02290	0.01784	0.00929	0.00736	0.00230	0.00676	0.00743	0.00728	0.06636
15	0.02029	0.01447	0.01833	0.01773	0.12343	0.01364	0.01208	0.16919	0.02144	0.12575	0.07733	0.05256	0.06162	0.00931	0.00714	0.00197	0.00643	0.00781	0.00623	0.23325
16	0.02017	0.08830	0.29594	0.02060	0.02876	0.01682	0.17774	0.02613	0.01758	0.18297	0.04106	0.02008	0.01413	0.00759	0.00743	0.00231	0.00972	0.00690	0.00490	0.01086
17	0.01564	0.08385	0.56167	0.02272	0.06433	0.01823	0.08529	0.02341	0.01586	0.02316	0.01331	0.01595	0.00970	0.00691	0.00707	0.00231	0.01080	0.00574	0.00322	0.01082
18	0.01619	0.01589	0.02825	0.28662	0.32701	0.01684	0.11896	0.02095	0.01625	0.02206	0.01686	0.02175	0.04433	0.00745	0.00766	0.00236	0.00952	0.00738	0.00371	0.00995
19	0.02739	0.07089	0.12839	0.01647	0.02313	0.04963	0.05554	0.13469	0.02191	0.36339	0.02183	0.02071	0.01454	0.00835	0.00725	0.00224	0.00819	0.00673	0.00693	0.01179
20	0.01905	0.01754	0.08380	0.05125	0.35818	0.01545	0.09317	0.02348	0.01706	0.11863	0.01855	0.02584	0.01552	0.05409	0.00962	0.00267	0.00886	0.05182	0.00468	0.01072
21	0.00939	0.00698	0.00841	0.00931	0.01036	0.00640	0.00639	0.01083	0.01485	0.01916	0.07463	0.39997	0.22339	0.12564	0.01339	0.00347	0.00463	0.04027	0.00660	0.00594
22	0.01191	0.01049	0.01095	0.01197	0.01290	0.08961	0.00855	0.01345	0.01505	0.01895	0.03528	0.52237	0.04125	0.05320	0.01110	0.00313	0.03393	0.08321	0.00627	0.00643
23	0.10534	0.01940	0.07007	0.16194	0.16189	0.09091	0.07675	0.07128	0.01737	0.05074	0.01411	0.01801	0.01107	0.01000	0.04270	0.00282	0.05536	0.00634	0.00418	0.00972
24	0.01834	0.09996	0.33692	0.02067	0.08518	0.04268	0.04205	0.10316	0.05093	0.05233	0.01942	0.02074	0.05886	0.00822	0.00710	0.00225	0.00933	0.00660	0.00448	0.01076
25	0.02086	0.02244	0.07493	0.07994	0.32098	0.18520	0.05088	0.02493	0.01823	0.07485	0.04511	0.01936	0.01405	0.00753	0.00732	0.00219	0.00991	0.00656	0.00428	0.01045
26	0.02137	0.05788	0.04645	0.02935	0.29136	0.21794	0.07688	0.02496	0.01834	0.06911	0.01847	0.02085	0.05842	0.00791	0.00726	0.00215	0.00998	0.00680	0.00430	0.01023
27	0.01081	0.04403	0.01035	0.00906	0.01152	0.00871	0.00696	0.01445	0.07270	0.02155	0.10350	0.08336	0.42047	0.06766	0.01050	0.00283	0.00457	0.05494	0.03516	0.00687
28	0.01621	0.04728	0.19771	0.07913	0.10025	0.01383	0.06242	0.02112	0.01731	0.10068	0.10924	0.05999	0.07871	0.01076	0.00787	0.00243	0.00800	0.05223	0.00530	0.00953
29	0.01486	0.01271	0.01710	0.15555	0.09347	0.01158	0.01198	0.01826	0.01496	0.02228	0.01491	0.02075	0.01297	0.08491	0.00953	0.00217	0.00680	0.00588	0.04225	0.42708
30	0.01068	0.01245	0.11842	0.01428	0.06208	0.00872	0.01125	0.01349	0.01506	0.02029	0.03886	0.46710	0.11882	0.01891	0.00889	0.00281	0.00569	0.03888	0.00608	0.00726
31	0.01655	0.06584	0.07792	0.01244	0.01936	0.01280	0.01108	0.06496	0.01677	0.02526	0.01333	0.01535	0.01087	0.00593	0.00572	0.00132	0.00633	0.00463	0.00442	0.60912
32	0.06986	0.01367	0.01747	0.01414	0.01839	0.05606	0.11147	0.04320	0.03694	0.02667	0.16048	0.03283	0.05717	0.01004	0.00724	0.00208	0.00658	0.04816	0.09629	0.17124
33	0.79154	0.01436	0.01091	0.00976	0.01436	0.01665	0.00804	0.02182	0.01263	0.03331	0.01034	0.01206	0.00804	0.00689	0.00459	0.00230	0.00574	0.00402	0.00459	0.00804
34	0.00887	0.00713	0.00792	0.00855	0.01030	0.00618	0.00610	0.01054	0.01593	0.01965	0.06262	0.31470	0.45465	0.02044	0.00903	0.00269	0.00396	0.01766	0.00689	0.00618
35	0.01458	0.01391	0.10030	0.01519	0.05937	0.01129	0.01264	0.02135	0.11835	0.07111	0.27464	0.04820	0.04214	0.01363	0.00852	0.00259	0.00606	0.15033	0.00693	0.00885
36	0.02773	0.03538	0.02104	0.01913	0.02295	0.70930	0.01434	0.02964	0.02104	0.01817	0.01148	0.01339	0.00956	0.00765	0.00669	0.00191	0.01339	0.00478	0.00383	0.00861
37	0.00926	0.00659	0.00867	0.01013	0.01062	0.00617	0.00675	0.01062	0.01448	0.01942	0.08532	0.64342	0.04918	0.06776	0.01121	0.00323	0.00443	0.01992	0.00683	0.00600
38	0.79154	0.01436	0.01091	0.00976	0.01436	0.01665	0.00804	0.02182	0.01263	0.03331	0.01034	0.01206	0.00804	0.00689	0.00459	0.00230	0.00574	0.00402	0.00459	0.00804
39	0.02689	0.03403	0.02050	0.01865	0.02237	0.67514	0.01399	0.02888	0.02104	0.01873	0.04442	0.01543	0.01250	0.00802	0.00679	0.00193	0.01291	0.00520	0.00404	0.00853
40	0.01846	0.01595	0.01679	0.01511	0.01930	0.01846	0.01175	0.03945	0.67938	0.03105	0.03022	0.02770	0.02266	0.01007	0.00755	0.00252	0.00588	0.00839	0.00755	0.01175
41	0.01384	0.00692	0.00692	0.00692	0.00865	0.00692	0.00519	0.01730	0.01557	0.02768	0.02422	0.02768	0.01903	0.00865	0.00519	0.00173	0.00346	0.00692	0.78031	0.00692
42	0.01062	0.00791	0.01169	0.01169	0.01293	0.00915	0.00898	0.01310	0.01186	0.01705	0.02011	0.03039	0.01909	0.09870	0.66738	0.01163	0.01909	0.00813	0.00401	0.00649
43	0.00997	0.00685	0.00834	0.00915	0.00935	0.00665	0.00562	0.01058	0.01240	0.01653	0.03162	0.37049	0.03737	0.40303	0.02449	0.00523	0.00584	0.01564	0.00562	0.00522
44	0.02886	0.03027	0.02033	0.01787	0.02216	0.54260	0.01365	0.05739	0.02165	0.15393	0.01526	0.01592	0.01143	0.00801	0.00688	0.00200	0.01177	0.00539	0.00504	0.00957
45	0.03000	0.01794	0.02051	0.01573	0.02160	0.01879	0.01299	0.44708	0.03013	0.27449	0.02183	0.02043	0.01464	0.00901	0.00744	0.00225	0.00752	0.00696	0.00804	0.01263
46	0.01017	0.00758	0.00945	0.00898	0.01088	0.00686	0.00674	0.01335	0.02021	0.02786	0.56815	0.05860	0.19196	0.01589	0.00876	0.00237	0.00355	0.01387	0.00792	0.00686
47	0.00958	0.00701	0.00864	0.00958	0.01053	0.00651	0.00662	0.01108	0.01487	0.01941	0.08968	0.39976	0.17255	0.13783	0.01394	0.00357	0.00479	0.06149	0.00659	0.00595
48	0.01732	0.01942	0.04044	0.02940	0.03571	0.01941	0.56196	0.02283	0.01654	0.02283	0.01418	0.01942	0.01102	0.00733	0.01126	0.00262	0.12653	0.00840	0.00367	0.00971
49	0.01110	0.00760	0.00935	0.00996	0.01052	0.00758	0.00697	0.01224	0.01294	0.01707	0.02915	0.08642	0.03287	0.48204	0.02790	0.00583	0.00697	0.21285	0.00534	0.00530
50	0.00904	0.00646	0.00861	0.01034	0.01077	0.00603	0.00689	0.01034	0.01421	0.01895	0.04092	0.73426	0.04910	0.02326	0.00948	0.00301	0.00431	0.02110	0.00689	0.00603
51	0.01481	0.01230	0.01875	0.31160	0.03121	0.01385	0.06434	0.02104	0.11884	0.05385	0.04579	0.08820	0.02094	0.13741	0.01308	0.00334	0.00812	0.00930	0.00498	0.00826
52	0.02042	0.01566	0.01771	0.01316	0.01943	0.01437	0.01068	0.22568	0.04313	0.06433	0.01599	0.01704	0.01224	0.00690	0.00627	0.00156	0.00639	0.00540	0.00569	0.47795
53	0.01335	0.00800	0.00975	0.00903	0.01105	0.00737	0.00664	0.01602	0.01820	0.10113	0.34396	0.04927	0.12884	0.12739	0.01268	0.00303	0.00442	0.01175	0.11098	0.00714
54	0.01863	0.08105	0.02120	0.10127	0.08628	0.06497	0.01379	0.07095	0.23123	0.02612	0.01859	0.01991	0.01454	0.00800	0.00732	0.00207	0.03046	0.00637	0.00524	0.17202
55	0.01848	0.22160	0.34092	0.05400	0.06971	0.07118	0.02078	0.07964	0.01762	0.02337	0.01282	0.01506	0.00990	0.00706	0.00649	0.00210	0.00991	0.00526	0.00361	0.01048
56	0.00959	0.00669	0.00845	0.00964	0.00994	0.00639	0.00615	0.01048	0.01316	0.01754	0.03549	0.52212	0.04226	0.24473	0.01823	0.00431	0.00520	0.01792	0.00615	0.00556
57	0.13758	0.03931	0.01342	0.01146	0.01392	0.01235	0.00866	0.09616	0.08619	0.04669	0.05165	0.10835	0.02036	0.01698	0.01528	0.29474	0.00614	0.00836	0.00529	0.00711
58	0.01944	0.15963	0.30376	0.03893	0.02751	0.06699	0.08198	0.02661	0.07964	0.10239	0.01629	0.01764	0.01195	0.00744	0.00688	0.00221	0.00967	0.00602	0.00439	0.01064
59	0.10711	0.01344	0.01860	0.01651	0.06573	0.01350	0.10515	0.11985	0.01879	0.11693	0.02753	0.07533	0.10244	0.09037	0.03549	0.00322	0.00759	0.00934	0.04399	0.00907
60	0.00926	0.00694	0.00859	0.00945	0.01065	0.00627	0.00660	0.01111	0.01618	0.02128	0.17246	0.44108	0.21187	0.02062	0.00916	0.00276	0.00402	0.01830	0.00714	0.00627
61	0.01832	0.08113	0.12631	0.11076	0.25208	0.01812	0.05972	0.11314	0.01876	0.02646	0.01518	0.01862	0.01187	0.00727	0.00696	0.00218	0.00876	0.00640	0.08742	0.01053
62	0.02179	0.02146	0.02000	0.04760	0.11597	0.26302	0.03154	0.11254	0.02022	0.06584	0.01961	0.13538	0.01855	0.06163	0.00966	0.00261	0.00950	0.00873	0.00516	0.00918
63	0.01491	0.08523	0.01497	0.01160	0.01422	0.01293	0.00912	0.14228	0.01837	0.02455	0.03258	0.17525	0.12903	0.09370	0.07721	0.00384	0.03028	0.04248	0.05966	0.00779
64	0.01831	0.04226	0.13289	0.04916	0.14164	0.10489	0.01673	0.12284	0.04301	0.02577	0.02262	0.10132	0.04026	0.01127	0.00781	0.00245	0.00869	0.09318	0.00515	0.00974
65	0.01850	0.01597	0.06522	0.10820	0.12277	0.06200	0.01419	0.04317	0.08358	0.13241	0.02720	0.12332	0.07828	0.03567	0.00871	0.00254	0.00748	0.00956	0.00577	0.03544
66	0.16498	0.01762	0.02036	0.05289	0.14838	0.10858	0.06936	0.10077	0.04171	0.02724	0.04237	0.09111	0.06419	0.00995	0.00723	0.00234	0.00807	0.00839	0.00513	0.00934

[dist]
# distance from previous block
# <min> <max>
6	20

[block]
# block no. 5 follows, 27 sequences, length 41
# corresponding to MSA columns:
# 536-576
name=unknown_F
#
# <colnr> <probs for GDERKNQSTAVLIFYWHMCP>
#	G	D	E	R	K	N	Q	S	T	A	V	L	I	F	Y	W	H	M	C	P
0	0.01517	0.01613	0.07158	0.22619	0.18582	0.03656	0.05961	0.04162	0.01640	0.02165	0.02435	0.05158	0.11480	0.05458	0.01007	0.00271	0.02923	0.00870	0.00429	0.00894
1	0.00984	0.00679	0.00838	0.00932	0.00955	0.00656	0.00580	0.01055	0.01266	0.01688	0.03296	0.42296	0.03906	0.34826	0.02233	0.00491	0.00562	0.01642	0.00580	0.00533
2	0.02092	0.01037	0.01312	0.01155	0.01477	0.00967	0.00871	0.04426	0.06111	0.31144	0.03437	0.20966	0.07658	0.12298	0.01262	0.00324	0.00579	0.01202	0.00758	0.00924
3	0.01672	0.13209	0.02119	0.06744	0.15066	0.13318	0.01338	0.02045	0.05729	0.02073	0.04418	0.22349	0.04494	0.01239	0.00754	0.00234	0.00775	0.01060	0.00499	0.00868
4	0.02815	0.01789	0.01946	0.01527	0.02069	0.04642	0.01248	0.38693	0.06155	0.22728	0.02186	0.02092	0.01507	0.00898	0.00726	0.00221	0.00742	0.00693	0.06120	0.01202
5	0.00948	0.00681	0.00882	0.00997	0.01056	0.00659	0.00669	0.01075	0.01357	0.01809	0.03788	0.50509	0.08158	0.14296	0.09037	0.00464	0.00644	0.01766	0.00618	0.00586
6	0.01351	0.01130	0.01740	0.14303	0.21000	0.01149	0.01399	0.01666	0.01613	0.04345	0.05603	0.22277	0.12729	0.01426	0.00837	0.00259	0.00665	0.05123	0.00548	0.00836
7	0.01845	0.28265	0.10312	0.01960	0.02536	0.02339	0.16891	0.05544	0.05688	0.02196	0.01323	0.01629	0.01093	0.00801	0.00992	0.00228	0.14383	0.00614	0.00380	0.00982
8	0.01213	0.00780	0.01008	0.01084	0.01187	0.00758	0.00799	0.01377	0.01440	0.06019	0.03346	0.23066	0.03726	0.27467	0.01963	0.00458	0.00630	0.22446	0.00617	0.00616
9	0.01700	0.01501	0.01915	0.11346	0.10841	0.06608	0.01500	0.11570	0.01817	0.02403	0.02064	0.03531	0.01973	0.03828	0.09855	0.00399	0.10258	0.15527	0.00494	0.00872
10	0.06286	0.08296	0.02450	0.13491	0.12404	0.15494	0.06424	0.10762	0.01897	0.02427	0.01699	0.03976	0.04573	0.00874	0.00826	0.00228	0.05819	0.00691	0.00438	0.00947
11	0.01759	0.01932	0.06210	0.04756	0.10912	0.06658	0.23819	0.02654	0.18458	0.02452	0.02280	0.02492	0.06719	0.00877	0.00880	0.00246	0.04560	0.00832	0.00489	0.01017
12	0.01103	0.00702	0.00941	0.01022	0.01084	0.00684	0.00724	0.01161	0.01361	0.01842	0.07789	0.26920	0.03621	0.12973	0.01851	0.19740	0.00562	0.12176	0.03209	0.00534
13	0.13558	0.25146	0.10669	0.01644	0.06964	0.11588	0.01414	0.04553	0.01649	0.02331	0.01185	0.01385	0.00981	0.00666	0.00569	0.00182	0.00840	0.00463	0.00386	0.13827
14	0.17456	0.01870	0.02056	0.02095	0.14268	0.11489	0.05630	0.11808	0.07847	0.02803	0.01988	0.02238	0.06548	0.03456	0.00903	0.00250	0.05125	0.00700	0.00504	0.00968
15	0.02374	0.07174	0.02132	0.01598	0.02126	0.02168	0.01307	0.37135	0.28921	0.03840	0.02219	0.02131	0.01638	0.00918	0.00728	0.00230	0.00724	0.00716	0.00717	0.01205
16	0.01573	0.05551	0.01366	0.01100	0.01413	0.01132	0.00857	0.12085	0.03836	0.07985	0.11975	0.19798	0.16367	0.01468	0.00792	0.00237	0.00512	0.01248	0.06778	0.03928
17	0.08044	0.11394	0.33023	0.02136	0.11561	0.01927	0.02030	0.06925	0.11242	0.02635	0.01554	0.01717	0.01175	0.00746	0.00672	0.00225	0.00897	0.00584	0.00426	0.01089
18	0.02112	0.01355	0.01872	0.21387	0.04989	0.01298	0.01350	0.05680	0.01802	0.22594	0.01828	0.01982	0.01301	0.00736	0.00679	0.00194	0.00723	0.00613	0.00565	0.26941
19	0.01319	0.00902	0.01165	0.01096	0.01296	0.00922	0.00840	0.06588	0.01771	0.06041	0.24074	0.04549	0.07873	0.11519	0.21475	0.00578	0.00947	0.05685	0.00633	0.00728
20	0.01460	0.07032	0.01831	0.01373	0.01729	0.06308	0.09921	0.06046	0.04315	0.02656	0.31687	0.04347	0.15759	0.01276	0.00817	0.00230	0.00625	0.01119	0.00655	0.00814
21	0.01490	0.01267	0.01486	0.01094	0.01706	0.00959	0.00865	0.01804	0.01530	0.02378	0.01537	0.07188	0.01399	0.00689	0.00581	0.00125	0.00540	0.00571	0.00459	0.72332
22	0.10736	0.01220	0.06531	0.01201	0.01470	0.01103	0.00972	0.05732	0.09794	0.02496	0.08369	0.33554	0.03550	0.06383	0.01016	0.00300	0.00565	0.03594	0.00638	0.00778
23	0.01464	0.01859	0.20359	0.05584	0.12451	0.01262	0.05898	0.01922	0.01639	0.06851	0.08710	0.23495	0.02811	0.01270	0.00814	0.00254	0.00768	0.01147	0.00527	0.00916
24	0.01416	0.01156	0.02078	0.01691	0.02027	0.01083	0.22710	0.01758	0.01628	0.06401	0.07955	0.27812	0.03144	0.05029	0.00996	0.00280	0.00715	0.01329	0.10004	0.00788
25	0.00989	0.00746	0.00917	0.00925	0.01102	0.00675	0.00692	0.01259	0.01856	0.02487	0.37342	0.16373	0.24257	0.01778	0.00897	0.00256	0.00392	0.05641	0.00753	0.00664
26	0.01664	0.18544	0.02945	0.02191	0.12305	0.01893	0.16246	0.01997	0.01523	0.02059	0.01792	0.02291	0.06157	0.06569	0.01173	0.00258	0.10745	0.00724	0.00389	0.08536
27	0.04596	0.01027	0.01286	0.01179	0.01464	0.01000	0.00889	0.07298	0.04034	0.22556	0.03253	0.29586	0.05171	0.06217	0.06516	0.00363	0.00671	0.01298	0.00719	0.00877
28	0.00972	0.00685	0.00831	0.00919	0.00963	0.00652	0.00582	0.01055	0.01308	0.01722	0.03689	0.40171	0.09622	0.30959	0.02075	0.00465	0.00542	0.01650	0.00593	0.00544
29	0.01402	0.01319	0.02227	0.72126	0.05113	0.01649	0.02062	0.01897	0.01484	0.01897	0.01319	0.01979	0.00990	0.00742	0.00742	0.00247	0.00990	0.00660	0.00330	0.00825
30	0.01544	0.09963	0.19172	0.21360	0.16332	0.01735	0.06757	0.02061	0.01560	0.02130	0.01618	0.09445	0.01441	0.00867	0.00735	0.00235	0.00933	0.00776	0.00374	0.00963
31	0.01625	0.01097	0.01763	0.05763	0.01978	0.01023	0.12176	0.01980	0.01897	0.16208	0.27017	0.11604	0.10078	0.01316	0.00849	0.00245	0.00613	0.01203	0.00706	0.00857
32	0.01518	0.01469	0.01217	0.01167	0.01290	0.19092	0.00793	0.01616	0.01367	0.01589	0.01965	0.03590	0.02092	0.42509	0.15059	0.00667	0.01110	0.00871	0.00423	0.00595
33	0.01539	0.01319	0.01539	0.01100	0.01759	0.00990	0.00880	0.01869	0.01539	0.02419	0.01319	0.01539	0.01100	0.00550	0.00550	0.00110	0.00550	0.00440	0.00440	0.78449
34	0.01481	0.01517	0.02995	0.02633	0.12753	0.01435	0.34902	0.01915	0.01642	0.02228	0.02474	0.23489	0.04685	0.01184	0.00876	0.00261	0.00920	0.01237	0.00479	0.00895
35	0.01063	0.00723	0.00860	0.00874	0.00893	0.00736	0.00527	0.01106	0.01120	0.01510	0.02434	0.10010	0.02770	0.59972	0.11729	0.00744	0.00851	0.01126	0.00462	0.00488
36	0.02655	0.01858	0.02011	0.04655	0.09541	0.11239	0.01362	0.24505	0.02456	0.21840	0.02013	0.02035	0.01420	0.00848	0.00711	0.00216	0.00807	0.00665	0.08038	0.01126
37	0.01624	0.01453	0.02063	0.38887	0.08519	0.01716	0.01716	0.05236	0.23183	0.02480	0.04247	0.02341	0.01638	0.00855	0.00751	0.00245	0.00822	0.00742	0.00505	0.00978
38	0.01545	0.01404	0.02014	0.10563	0.24102	0.01524	0.01532	0.02288	0.16266	0.02468	0.10398	0.03226	0.11694	0.01070	0.00911	0.00245	0.06328	0.00907	0.00543	0.00973
39	0.02441	0.26201	0.02554	0.01476	0.02013	0.12479	0.01256	0.10453	0.15251	0.15936	0.01913	0.01864	0.01429	0.00815	0.00646	0.00204	0.00805	0.00599	0.00584	0.01081
40	0.15261	0.04225	0.17597	0.01797	0.07471	0.01504	0.06267	0.02552	0.06050	0.16728	0.06514	0.04968	0.01807	0.00872	0.00699	0.00230	0.00766	0.00726	0.00557	0.03409

[dist]
# distance from previous block
# <min> <max>
0	29

[block]
# block no. 6 follows, 27 sequences, length 20
# corresponding to MSA columns:
# 606-625
name=unknown_G
#
# <colnr> <probs for GDERKNQSTAVLIFYWHMCP>
#	G	D	E	R	K	N	Q	S	T	A	V	L	I	F	Y	W	H	M	C	P
0	0.48675	0.01410	0.01433	0.01508	0.10277	0.01531	0.01051	0.04942	0.01553	0.09960	0.01924	0.02224	0.06193	0.00870	0.00594	0.00235	0.00621	0.03567	0.00534	0.00900
1	0.24216	0.01238	0.01697	0.01455	0.01825	0.01276	0.12947	0.01926	0.04997	0.02737	0.15264	0.08763	0.05371	0.01246	0.00778	0.00261	0.00658	0.11955	0.00591	0.00798
2	0.01127	0.00856	0.01184	0.01135	0.01276	0.00945	0.00851	0.01336	0.01194	0.01720	0.01968	0.03169	0.01939	0.19656	0.48050	0.00969	0.04595	0.00822	0.00409	0.06800
3	0.01676	0.01207	0.01945	0.01706	0.02064	0.01172	0.14214	0.06763	0.01876	0.11153	0.03172	0.12177	0.03167	0.01560	0.00931	0.00296	0.00776	0.32630	0.00657	0.00857
4	0.01752	0.02003	0.04380	0.03129	0.03880	0.01877	0.66583	0.02378	0.01752	0.02378	0.01502	0.02003	0.01126	0.00626	0.00876	0.00250	0.01252	0.00876	0.00375	0.01001
5	0.01752	0.02003	0.04380	0.03129	0.03880	0.01877	0.66583	0.02378	0.01752	0.02378	0.01502	0.02003	0.01126	0.00626	0.00876	0.00250	0.01252	0.00876	0.00375	0.01001
6	0.01985	0.74357	0.03890	0.01270	0.01905	0.02937	0.01270	0.02223	0.01508	0.01747	0.01032	0.01191	0.00953	0.00635	0.00476	0.00159	0.00794	0.00397	0.00318	0.00953
7	0.03331	0.01263	0.01723	0.01321	0.01895	0.01091	0.01091	0.03618	0.02125	0.69794	0.02929	0.02527	0.01838	0.00919	0.00747	0.00230	0.00632	0.00747	0.00919	0.01263
8	0.01489	0.03840	0.70064	0.02116	0.03213	0.01724	0.02743	0.02351	0.01567	0.02351	0.01332	0.01567	0.00940	0.00705	0.00705	0.00235	0.01097	0.00549	0.00313	0.01097
9	0.01508	0.03704	0.65196	0.02191	0.03262	0.01735	0.07474	0.02353	0.01581	0.02353	0.01345	0.01600	0.00954	0.00699	0.00718	0.00236	0.01109	0.00573	0.00318	0.01090
10	0.01317	0.00705	0.00752	0.00740	0.00914	0.00694	0.00555	0.01664	0.01666	0.02810	0.15702	0.03323	0.02922	0.00995	0.00590	0.00185	0.00347	0.00822	0.62604	0.00694
11	0.00960	0.00672	0.00886	0.01044	0.01104	0.00636	0.00723	0.01114	0.01442	0.01944	0.03937	0.61295	0.04636	0.05158	0.01054	0.00317	0.00464	0.08239	0.03765	0.00608
12	0.23575	0.02349	0.01881	0.01571	0.02064	0.23045	0.01253	0.29765	0.02462	0.03440	0.01385	0.01490	0.01044	0.00798	0.00643	0.00215	0.00910	0.00538	0.00556	0.01015
13	0.01964	0.01100	0.01200	0.01023	0.01340	0.01131	0.00803	0.17530	0.02068	0.11833	0.02330	0.02614	0.01784	0.04847	0.00779	0.00222	0.00516	0.00714	0.45312	0.00889
14	0.00893	0.00691	0.00815	0.00915	0.01046	0.00613	0.00636	0.01047	0.01535	0.01942	0.05537	0.45485	0.31918	0.02138	0.00918	0.00280	0.00408	0.01881	0.00689	0.00613
15	0.00970	0.00704	0.00927	0.01064	0.01160	0.00661	0.00775	0.01164	0.01559	0.02061	0.10056	0.49528	0.10420	0.02165	0.00950	0.00299	0.00467	0.13741	0.00699	0.00629
16	0.06986	0.02121	0.01873	0.01601	0.02068	0.18078	0.01260	0.17916	0.27748	0.09368	0.02173	0.02094	0.01604	0.00897	0.00714	0.00228	0.00819	0.00681	0.00663	0.01108
17	0.01771	0.01274	0.01373	0.01228	0.01500	0.05299	0.00934	0.15103	0.05653	0.08171	0.14083	0.17178	0.03243	0.06710	0.01059	0.00275	0.03067	0.01110	0.10108	0.00860
18	0.01001	0.00739	0.00903	0.00987	0.01089	0.00706	0.00682	0.01239	0.04597	0.01997	0.09399	0.39947	0.14112	0.13964	0.01395	0.00358	0.00485	0.05116	0.00663	0.00620
19	0.07279	0.02578	0.05326	0.10173	0.10924	0.33584	0.01594	0.07900	0.02018	0.09695	0.01446	0.01643	0.01098	0.00769	0.00689	0.00213	0.01063	0.00565	0.00464	0.00980

[dist]
# distance from previous block
# <min> <max>
5	24

[block]
# block no. 7 follows, 27 sequences, length 23
# corresponding to MSA columns:
# 666-688
name=unknown_H
#
# <colnr> <probs for GDERKNQSTAVLIFYWHMCP>
#	G	D	E	R	K	N	Q	S	T	A	V	L	I	F	Y	W	H	M	C	P
0	0.02154	0.02360	0.06027	0.02964	0.27821	0.20834	0.08089	0.11478	0.02042	0.02535	0.01545	0.05826	0.01326	0.00817	0.00742	0.00221	0.01019	0.00711	0.00441	0.01047
1	0.01308	0.01027	0.01085	0.01022	0.01274	0.03495	0.00748	0.01787	0.11884	0.05573	0.10937	0.13250	0.25326	0.12040	0.01254	0.00312	0.00521	0.01281	0.00663	0.05214
2	0.01535	0.01102	0.01248	0.01132	0.01419	0.01118	0.00863	0.12051	0.11351	0.06919	0.15070	0.12068	0.18960	0.08372	0.01118	0.00295	0.00535	0.03283	0.00720	0.00839
3	0.12289	0.53082	0.07686	0.01547	0.05891	0.02581	0.03908	0.02235	0.01499	0.02061	0.01091	0.01286	0.00952	0.00648	0.00519	0.00180	0.00807	0.00441	0.00341	0.00957
4	0.02031	0.22475	0.12726	0.02173	0.17102	0.08367	0.01641	0.02399	0.01694	0.11876	0.01773	0.09361	0.01555	0.00886	0.00676	0.00213	0.00847	0.00721	0.00461	0.01023
5	0.01003	0.00764	0.00940	0.01025	0.01152	0.00739	0.00721	0.01342	0.07393	0.02116	0.10585	0.46820	0.15596	0.02186	0.03666	0.00317	0.00489	0.01782	0.00696	0.00669
6	0.01080	0.00720	0.00810	0.00810	0.00810	0.00720	0.00450	0.01080	0.01080	0.01439	0.02339	0.04858	0.02699	0.73910	0.03779	0.00720	0.00720	0.01080	0.00450	0.00450
7	0.39680	0.01617	0.05517	0.14838	0.02420	0.01678	0.01276	0.11059	0.01735	0.11737	0.01451	0.01623	0.01043	0.00757	0.00603	0.00232	0.00724	0.00540	0.00524	0.00946
8	0.01064	0.00739	0.00894	0.00887	0.00940	0.00750	0.00565	0.01156	0.01236	0.01679	0.09657	0.04694	0.05931	0.51037	0.15063	0.00729	0.00886	0.01080	0.00491	0.00522
9	0.02042	0.15939	0.02803	0.09374	0.13834	0.02111	0.08557	0.18806	0.11432	0.02894	0.01741	0.02080	0.01388	0.00814	0.00715	0.00223	0.00851	0.02797	0.00515	0.01083
10	0.01143	0.00865	0.01087	0.01146	0.01333	0.00856	0.00909	0.01625	0.09172	0.02405	0.18984	0.18684	0.13112	0.01841	0.00928	0.00288	0.00512	0.23665	0.00724	0.00721
11	0.01594	0.01679	0.09318	0.08127	0.09146	0.04440	0.08272	0.11013	0.02012	0.02705	0.17274	0.08520	0.07308	0.01168	0.00816	0.00243	0.00770	0.04115	0.00574	0.00908
12	0.06442	0.01395	0.01510	0.01294	0.01673	0.01519	0.01022	0.20448	0.20541	0.03466	0.22503	0.03383	0.05560	0.01132	0.00763	0.00233	0.00560	0.00934	0.04630	0.00992
13	0.01865	0.01692	0.02295	0.06708	0.25948	0.04108	0.04251	0.08775	0.23878	0.02857	0.08005	0.02471	0.02047	0.00881	0.00759	0.00234	0.00767	0.00784	0.00570	0.01103
14	0.01366	0.01083	0.01174	0.01100	0.01360	0.01124	0.00822	0.07810	0.18859	0.02472	0.06993	0.08931	0.23991	0.14796	0.01377	0.00341	0.00551	0.04379	0.00672	0.00798
15	0.01740	0.01883	0.10760	0.16614	0.32858	0.01720	0.04492	0.06050	0.07527	0.02521	0.01599	0.01968	0.01250	0.00736	0.00728	0.00229	0.00884	0.00673	0.04699	0.01070
16	0.01692	0.01601	0.01697	0.26401	0.02849	0.14576	0.01323	0.02057	0.01632	0.02198	0.01539	0.01939	0.01217	0.00732	0.00634	0.00189	0.00811	0.00583	0.18191	0.18138
17	0.01468	0.01484	0.07636	0.01697	0.11163	0.04652	0.01233	0.02147	0.13742	0.04560	0.20250	0.04327	0.17312	0.01277	0.00812	0.00241	0.00613	0.03841	0.00646	0.00897
18	0.04913	0.13596	0.25567	0.10194	0.15867	0.05348	0.05248	0.02384	0.03793	0.04395	0.01390	0.01673	0.01070	0.00705	0.00680	0.00221	0.00964	0.00582	0.00372	0.01039
19	0.13511	0.07304	0.01940	0.06616	0.05940	0.06932	0.05060	0.07561	0.06962	0.04398	0.05465	0.09157	0.05736	0.00990	0.00695	0.00219	0.00723	0.00819	0.00533	0.09442
20	0.04106	0.05467	0.40591	0.01776	0.02621	0.05772	0.02026	0.07987	0.01809	0.08163	0.01888	0.02000	0.05603	0.00808	0.00695	0.00220	0.00936	0.00622	0.00444	0.06466
21	0.19006	0.14897	0.15476	0.01672	0.07183	0.01893	0.01487	0.06292	0.12303	0.06899	0.04939	0.01901	0.01515	0.00798	0.00634	0.00221	0.00748	0.00603	0.00508	0.01025
22	0.10486	0.11944	0.21442	0.01797	0.02515	0.08096	0.08788	0.10497	0.04202	0.08364	0.01512	0.01655	0.01117	0.00737	0.00668	0.00216	0.00927	0.00580	0.00468	0.03990

[dist]
# distance from previous block
# <min> <max>
1	74

[block]
# block no. 8 follows, 27 sequences, length 17
# corresponding to MSA columns:
# 763-779
name=unknown_I
#
# <colnr> <probs for GDERKNQSTAVLIFYWHMCP>
#	G	D	E	R	K	N	Q	S	T	A	V	L	I	F	Y	W	H	M	C	P
0	0.03976	0.05091	0.32862	0.01808	0.02527	0.01593	0.08342	0.06070	0.08151	0.02665	0.13800	0.05630	0.02370	0.00953	0.00755	0.00237	0.00856	0.00819	0.00500	0.00997
1	0.01590	0.01431	0.01506	0.01567	0.08321	0.08241	0.01075	0.04430	0.22519	0.02709	0.18505	0.06781	0.12389	0.01233	0.00787	0.00236	0.00598	0.01045	0.04122	0.00915
2	0.09586	0.08880	0.02273	0.04570	0.16630	0.01838	0.04946	0.08945	0.21469	0.02832	0.04226	0.06924	0.01880	0.00927	0.00715	0.00233	0.00725	0.00794	0.00559	0.01049
3	0.01491	0.01543	0.08542	0.07334	0.04435	0.05368	0.03301	0.06891	0.08566	0.02681	0.25447	0.06293	0.05615	0.04461	0.00948	0.00264	0.00684	0.04651	0.00626	0.00860
4	0.01562	0.08953	0.58198	0.01991	0.02985	0.01828	0.02474	0.02501	0.08217	0.02381	0.01479	0.01659	0.01074	0.00730	0.00693	0.00231	0.01023	0.00566	0.00358	0.01094
5	0.01735	0.04172	0.07546	0.10932	0.18609	0.08721	0.01732	0.03827	0.01528	0.02076	0.01372	0.02042	0.01233	0.08341	0.01476	0.00297	0.19999	0.00666	0.02791	0.00905
6	0.02024	0.02191	0.01811	0.01655	0.01891	0.30690	0.01290	0.06493	0.01772	0.02006	0.01706	0.02805	0.01656	0.08840	0.08410	0.00390	0.14610	0.08523	0.00441	0.00796
7	0.01339	0.01214	0.01367	0.13850	0.02052	0.08165	0.01102	0.01780	0.08649	0.02010	0.03188	0.20795	0.09513	0.07628	0.07321	0.00387	0.00821	0.07529	0.00555	0.00734
