[name]
unknown

[dist]
# distance from previous block
# <min> <max>
2	234

[block]
# block no. 0 follows, 26 sequences, length 19
# corresponding to MSA columns:
# 270-288
name=unknown_A
#
# <colnr> <probs for GDERKNQSTAVLIFYWHMCP>
#	G	D	E	R	K	N	Q	S	T	A	V	L	I	F	Y	W	H	M	C	P
0	0.15061	0.04133	0.06893	0.08348	0.15691	0.09583	0.16184	0.05681	0.04060	0.02647	0.03727	0.01885	0.01311	0.00748	0.00725	0.00234	0.00973	0.00675	0.00436	0.01006
1	0.10364	0.01930	0.09127	0.20746	0.10506	0.06027	0.01698	0.11028	0.01887	0.05958	0.01461	0.01764	0.01102	0.00740	0.00687	0.00217	0.00875	0.00593	0.00462	0.12828
2	0.01288	0.01116	0.01596	0.01893	0.16029	0.01141	0.01178	0.01570	0.01622	0.02247	0.13325	0.13135	0.16199	0.01979	0.09745	0.00374	0.08211	0.01169	0.00560	0.05624
3	0.01538	0.00927	0.00970	0.00904	0.01144	0.00944	0.00691	0.11493	0.01897	0.02961	0.03114	0.09370	0.09612	0.01137	0.00645	0.00205	0.00438	0.00932	0.50298	0.00781
4	0.01842	0.01534	0.09608	0.01874	0.07981	0.01194	0.11741	0.02226	0.01792	0.19131	0.05248	0.17331	0.12570	0.01301	0.00844	0.00256	0.00735	0.01181	0.00643	0.00968
5	0.01508	0.11919	0.01208	0.00798	0.01047	0.01059	0.00648	0.01845	0.01583	0.02668	0.02257	0.02581	0.01795	0.00848	0.00524	0.00175	0.00424	0.00661	0.65707	0.00748
6	0.01679	0.01742	0.10709	0.01553	0.01954	0.01656	0.01371	0.10489	0.21845	0.02753	0.06934	0.02889	0.04795	0.05098	0.11805	0.00429	0.09887	0.00841	0.00586	0.00984
7	0.02169	0.02706	0.21565	0.01991	0.07047	0.19861	0.01782	0.05602	0.05967	0.11095	0.01748	0.01958	0.01327	0.01454	0.10030	0.00358	0.01185	0.00634	0.00484	0.01038
8	0.01549	0.01456	0.02305	0.03353	0.45966	0.01413	0.01741	0.01913	0.01728	0.02334	0.03523	0.03694	0.23685	0.01093	0.00800	0.00236	0.00728	0.00986	0.00486	0.01013
9	0.00920	0.00677	0.00863	0.01012	0.01089	0.00620	0.00684	0.01061	0.01495	0.01954	0.04718	0.62793	0.14725	0.02306	0.00957	0.00300	0.00431	0.02071	0.00704	0.00620
10	0.02301	0.05362	0.05601	0.02074	0.02671	0.10790	0.23439	0.07085	0.02078	0.18532	0.10223	0.02467	0.02052	0.00867	0.00799	0.00234	0.00964	0.00818	0.00595	0.01049
11	0.01662	0.11237	0.41978	0.02384	0.03342	0.01950	0.22094	0.02396	0.01653	0.02341	0.01380	0.01695	0.01021	0.00687	0.00748	0.00236	0.01135	0.00646	0.00340	0.01074
12	0.01093	0.00902	0.01212	0.01533	0.11479	0.00837	0.00961	0.01322	0.01637	0.02102	0.05128	0.28715	0.29445	0.01903	0.00915	0.00279	0.00518	0.08639	0.00653	0.00725
13	0.01196	0.01010	0.01497	0.01436	0.01538	0.01148	0.05047	0.01400	0.01381	0.01920	0.02888	0.33626	0.03254	0.05991	0.12085	0.00474	0.16418	0.06450	0.00545	0.00697
14	0.18927	0.18712	0.11250	0.01472	0.02091	0.09687	0.01383	0.06780	0.04474	0.16163	0.01634	0.01670	0.01197	0.00776	0.00621	0.00215	0.00826	0.00545	0.00533	0.01044
15	0.01917	0.01316	0.01455	0.01294	0.01668	0.01404	0.01006	0.09540	0.29035	0.11853	0.03491	0.11089	0.09620	0.01236	0.00775	0.00247	0.00558	0.01036	0.10426	0.01033
16	0.01261	0.00945	0.01105	0.01060	0.01283	0.00917	0.00788	0.11147	0.02047	0.02720	0.23201	0.26049	0.20987	0.01798	0.00897	0.00263	0.00463	0.01564	0.00750	0.00754
17	0.02062	0.18412	0.02158	0.01432	0.01828	0.15553	0.01154	0.11708	0.05217	0.06613	0.05300	0.20543	0.02489	0.01247	0.00743	0.00230	0.00788	0.01012	0.00586	0.00927
18	0.02201	0.11983	0.09942	0.01800	0.06336	0.05106	0.01519	0.15902	0.02019	0.12864	0.01735	0.02023	0.01361	0.03256	0.10284	0.00376	0.09056	0.00658	0.00532	0.01048

[dist]
# distance from previous block
# <min> <max>
0	11

[block]
# block no. 1 follows, 26 sequences, length 11
# corresponding to MSA columns:
# 300-310
name=unknown_B
#
# <colnr> <probs for GDERKNQSTAVLIFYWHMCP>
#	G	D	E	R	K	N	Q	S	T	A	V	L	I	F	Y	W	H	M	C	P
0	0.01997	0.07801	0.15560	0.02318	0.10817	0.23265	0.11645	0.02401	0.01744	0.02068	0.01461	0.02080	0.01281	0.11002	0.01168	0.00291	0.01119	0.00670	0.00379	0.00936
1	0.00955	0.00687	0.00897	0.01053	0.01117	0.00644	0.00723	0.01100	0.01472	0.01943	0.04274	0.60373	0.08517	0.06190	0.01128	0.00331	0.00473	0.06815	0.00690	0.00615
2	0.11416	0.01931	0.10854	0.12599	0.23270	0.01909	0.04051	0.02140	0.01479	0.02335	0.01250	0.01730	0.01040	0.00868	0.01177	0.00261	0.19705	0.00632	0.00364	0.00988
3	0.01781	0.20369	0.02228	0.01309	0.01827	0.01772	0.01112	0.10174	0.08014	0.02495	0.01646	0.01937	0.01387	0.01789	0.15767	0.00395	0.00985	0.00585	0.00477	0.23952
4	0.01426	0.16740	0.01833	0.11057	0.01907	0.01435	0.01078	0.01746	0.01430	0.02073	0.01839	0.02420	0.01583	0.02623	0.26828	0.00577	0.01178	0.00677	0.20779	0.00773
5	0.01592	0.11272	0.34327	0.02561	0.20088	0.01759	0.02200	0.02176	0.01606	0.02282	0.01741	0.11718	0.01600	0.00935	0.00736	0.00237	0.00929	0.00798	0.00390	0.01053
6	0.01821	0.02078	0.19903	0.19569	0.11423	0.01493	0.01915	0.02352	0.01670	0.11761	0.01594	0.01874	0.01169	0.00721	0.00705	0.00213	0.00877	0.00608	0.00447	0.17807
7	0.16083	0.06224	0.02341	0.02204	0.14383	0.06080	0.11435	0.02031	0.01573	0.02374	0.02299	0.09268	0.09480	0.01077	0.00956	0.00251	0.09700	0.00885	0.00458	0.00896
8	0.01397	0.01065	0.01228	0.01125	0.01393	0.01078	0.00865	0.10811	0.09972	0.02965	0.30987	0.08469	0.16282	0.04687	0.01002	0.00273	0.00496	0.04317	0.00764	0.00825
9	0.01201	0.00721	0.01022	0.01022	0.01062	0.00762	0.00702	0.01122	0.01082	0.01483	0.01764	0.03085	0.01804	0.18930	0.23266	0.38243	0.01085	0.00801	0.00381	0.00462
10	0.01907	0.02655	0.21950	0.12274	0.03583	0.09252	0.24412	0.10043	0.01950	0.02572	0.01455	0.01817	0.01075	0.00727	0.00788	0.00241	0.01153	0.00700	0.00405	0.01042

[dist]
# distance from previous block
# <min> <max>
0	1

[block]
# block no. 2 follows, 26 sequences, length 42
# corresponding to MSA columns:
# 312-353
name=unknown_C
#
# <colnr> <probs for GDERKNQSTAVLIFYWHMCP>
#	G	D	E	R	K	N	Q	S	T	A	V	L	I	F	Y	W	H	M	C	P
0	0.01655	0.01973	0.12438	0.25362	0.17846	0.01817	0.12124	0.02360	0.07914	0.02310	0.01541	0.01989	0.01191	0.00778	0.00882	0.00251	0.05445	0.00710	0.00392	0.01022
1	0.01131	0.00883	0.01049	0.01073	0.01276	0.00863	0.00813	0.01651	0.11230	0.02453	0.20299	0.21514	0.21202	0.01831	0.00914	0.00276	0.00463	0.09594	0.00745	0.00741
2	0.02825	0.02363	0.02147	0.01986	0.08593	0.25012	0.01439	0.19178	0.07054	0.18952	0.01934	0.01927	0.01389	0.00859	0.00735	0.00220	0.00960	0.00648	0.00641	0.01136
3	0.01972	0.01693	0.02205	0.01982	0.08537	0.06421	0.11041	0.17994	0.08629	0.05395	0.16763	0.06090	0.05691	0.01097	0.00820	0.00240	0.00776	0.00974	0.00658	0.01021
4	0.00977	0.00705	0.00936	0.01102	0.01182	0.00664	0.00791	0.01152	0.01522	0.02004	0.04355	0.57310	0.08584	0.02299	0.00978	0.00313	0.00484	0.13308	0.00703	0.00633
5	0.01731	0.02791	0.29494	0.02335	0.03117	0.08325	0.22730	0.02534	0.08042	0.02407	0.01804	0.05242	0.01479	0.00862	0.00803	0.00250	0.01098	0.03499	0.00424	0.01033
6	0.08269	0.10841	0.10860	0.06591	0.06161	0.04134	0.01489	0.19905	0.02219	0.05948	0.07862	0.02564	0.08109	0.00962	0.00719	0.00226	0.00790	0.00754	0.00570	0.01029
7	0.01628	0.03269	0.49559	0.02428	0.12519	0.01786	0.02491	0.02639	0.11581	0.02530	0.01633	0.01828	0.01201	0.00761	0.00733	0.00241	0.01010	0.00622	0.00397	0.01145
8	0.01359	0.01244	0.01991	0.38417	0.15547	0.01394	0.01712	0.01753	0.01578	0.02053	0.02733	0.13026	0.11836	0.01153	0.00808	0.00256	0.00813	0.01029	0.00453	0.00845
9	0.02125	0.41980	0.15418	0.01586	0.02285	0.08545	0.01604	0.11640	0.04241	0.02386	0.01304	0.01445	0.01065	0.00725	0.00596	0.00192	0.00912	0.00497	0.00408	0.01046
10	0.01922	0.05594	0.34578	0.01846	0.02628	0.05022	0.01995	0.12459	0.13546	0.05729	0.01951	0.06019	0.01528	0.00910	0.00741	0.00240	0.00924	0.00724	0.00520	0.01122
11	0.00921	0.00671	0.00869	0.01028	0.01093	0.00618	0.00692	0.01059	0.01479	0.01947	0.04518	0.66530	0.11117	0.02332	0.00961	0.00303	0.00435	0.02103	0.00704	0.00618
12	0.01971	0.01377	0.02051	0.01697	0.02130	0.01351	0.13238	0.14790	0.02150	0.14351	0.03275	0.13123	0.08313	0.01408	0.00889	0.00274	0.00765	0.15188	0.00694	0.00964
13	0.01208	0.01239	0.07893	0.04516	0.04588	0.01116	0.01240	0.01506	0.01573	0.02184	0.12147	0.32277	0.03928	0.01773	0.01145	0.00294	0.10899	0.09119	0.00601	0.00755
14	0.01753	0.12134	0.03261	0.19424	0.22948	0.02024	0.16425	0.02202	0.01610	0.02176	0.01337	0.01833	0.01092	0.00746	0.00914	0.00240	0.07831	0.00685	0.00357	0.01007
15	0.02243	0.02528	0.01825	0.01661	0.02004	0.39414	0.01263	0.05890	0.10523	0.02306	0.09848	0.02343	0.02061	0.01624	0.10785	0.00358	0.01213	0.00702	0.00516	0.00892
16	0.01913	0.13959	0.11671	0.01404	0.01917	0.10339	0.01308	0.05419	0.01898	0.11638	0.08248	0.03487	0.15309	0.01351	0.03940	0.00273	0.00835	0.03584	0.00577	0.00930
17	0.04766	0.12566	0.02134	0.01469	0.01909	0.08905	0.04882	0.12993	0.02083	0.14040	0.10545	0.05609	0.02328	0.04565	0.07558	0.00339	0.00905	0.00820	0.00614	0.00969
18	0.00963	0.00688	0.00924	0.01100	0.01161	0.00649	0.00771	0.01123	0.01490	0.01980	0.04159	0.64515	0.04932	0.02340	0.00978	0.00313	0.00474	0.10108	0.00703	0.00627
19	0.01582	0.01415	0.02172	0.31955	0.15368	0.01669	0.01774	0.04310	0.04504	0.02344	0.07929	0.02379	0.01769	0.00928	0.01005	0.00252	0.11103	0.00751	0.05875	0.00916
20	0.01905	0.12280	0.13385	0.02072	0.02720	0.08430	0.22605	0.02606	0.09215	0.04930	0.01759	0.02006	0.01342	0.00754	0.00725	0.00224	0.00977	0.00702	0.10357	0.01007
21	0.01654	0.01809	0.06181	0.30262	0.16215	0.01799	0.26485	0.02217	0.01663	0.02244	0.01434	0.01987	0.01097	0.00696	0.00808	0.00248	0.01098	0.00754	0.00361	0.00989
22	0.01044	0.00880	0.01379	0.01313	0.01500	0.00809	0.10090	0.01260	0.01551	0.02028	0.04437	0.50673	0.15996	0.02042	0.00945	0.00291	0.00551	0.01873	0.00658	0.00679
23	0.02547	0.01136	0.01481	0.01241	0.01639	0.01038	0.00959	0.04960	0.04253	0.42587	0.03086	0.15718	0.02573	0.11660	0.01248	0.00321	0.00626	0.01067	0.00815	0.01045
24	0.01903	0.23258	0.29392	0.02077	0.02895	0.12038	0.13680	0.02461	0.01698	0.02154	0.01279	0.01540	0.01001	0.00694	0.00681	0.00215	0.01098	0.00567	0.00343	0.01027
25	0.00938	0.00735	0.00849	0.00894	0.01068	0.00646	0.00642	0.01141	0.01718	0.02196	0.17685	0.27748	0.37048	0.01997	0.00919	0.00269	0.00397	0.01735	0.00728	0.00646
26	0.01659	0.02543	0.24918	0.07503	0.03535	0.01913	0.31311	0.02295	0.01615	0.02295	0.01384	0.01843	0.01056	0.00778	0.01071	0.00262	0.11920	0.00737	0.00352	0.01013
27	0.02711	0.01716	0.01940	0.01562	0.02105	0.01834	0.01266	0.27352	0.23958	0.23295	0.02581	0.02376	0.01799	0.00958	0.00764	0.00239	0.00702	0.00764	0.00816	0.01261
28	0.01514	0.01370	0.02140	0.16041	0.32168	0.01426	0.01657	0.01922	0.04078	0.02158	0.02526	0.03263	0.10880	0.14126	0.01340	0.00329	0.00808	0.00890	0.00445	0.00919
29	0.00911	0.00753	0.00799	0.00821	0.01042	0.00641	0.00603	0.01104	0.01713	0.02091	0.10703	0.16671	0.55602	0.01965	0.00907	0.00263	0.00391	0.01668	0.00712	0.00641
30	0.01671	0.01013	0.01434	0.01610	0.10747	0.00956	0.01048	0.01934	0.01766	0.16319	0.16072	0.16991	0.03845	0.11886	0.01307	0.00334	0.00606	0.08917	0.00698	0.00847
31	0.09256	0.02030	0.01830	0.01519	0.01984	0.16642	0.01208	0.25663	0.04215	0.11956	0.11109	0.02370	0.02128	0.00960	0.00728	0.00223	0.00814	0.00729	0.03581	0.01055
32	0.01955	0.63708	0.13426	0.01423	0.02140	0.02822	0.01515	0.02290	0.01550	0.01874	0.01099	0.01272	0.00972	0.00659	0.00520	0.00173	0.00856	0.00428	0.00324	0.00995
33	0.01629	0.01457	0.01895	0.01755	0.11474	0.01309	0.01212	0.01958	0.01538	0.02382	0.01310	0.01629	0.01117	0.00685	0.00859	0.00159	0.10600	0.00512	0.00422	0.56097
34	0.01065	0.00730	0.00850	0.00870	0.00905	0.00712	0.00525	0.01127	0.01281	0.01715	0.09223	0.14937	0.06361	0.53065	0.03028	0.00605	0.00641	0.01303	0.00542	0.00515
35	0.01226	0.00893	0.01099	0.01163	0.01310	0.00886	0.00840	0.10486	0.01794	0.02377	0.04032	0.54248	0.08119	0.02118	0.00939	0.00296	0.00512	0.06229	0.00712	0.00721
36	0.02706	0.01555	0.01836	0.01449	0.01963	0.01583	0.01181	0.29111	0.05196	0.27972	0.14401	0.02839	0.02613	0.01042	0.00785	0.00233	0.00670	0.00844	0.00839	0.01182
37	0.02234	0.02420	0.24138	0.08555	0.05453	0.01737	0.11203	0.13994	0.02104	0.17916	0.01839	0.01976	0.01268	0.00794	0.00767	0.00240	0.00967	0.00691	0.00551	0.01153
38	0.12776	0.01553	0.02440	0.33657	0.30920	0.01736	0.02013	0.02141	0.01571	0.02373	0.01339	0.01848	0.01063	0.00716	0.00714	0.00239	0.00904	0.00637	0.00372	0.00988
39	0.12317	0.00849	0.00929	0.00920	0.01022	0.00903	0.00608	0.01344	0.01193	0.01897	0.02221	0.06923	0.02386	0.44306	0.14095	0.00692	0.00894	0.00978	0.04953	0.00569
40	0.12437	0.02211	0.02388	0.06814	0.02642	0.23681	0.14844	0.02839	0.01923	0.18376	0.03534	0.01949	0.01383	0.00799	0.00730	0.00228	0.01021	0.00667	0.00540	0.00994
41	0.14664	0.01998	0.13896	0.04473	0.02083	0.08076	0.01354	0.11463	0.01957	0.09184	0.09489	0.02512	0.02024	0.07139	0.00964	0.00271	0.00789	0.00722	0.05998	0.00943

[dist]
# distance from previous block
# <min> <max>
0	67

[block]
# block no. 3 follows, 26 sequences, length 46
# corresponding to MSA columns:
# 421-466
name=unknown_D
#
# <colnr> <probs for GDERKNQSTAVLIFYWHMCP>
#	G	D	E	R	K	N	Q	S	T	A	V	L	I	F	Y	W	H	M	C	P
0	0.02243	0.43289	0.06546	0.01526	0.02124	0.14577	0.01411	0.12699	0.01965	0.02312	0.01256	0.01435	0.01063	0.00930	0.03514	0.00227	0.00980	0.00490	0.00410	0.01003
1	0.01551	0.01283	0.01979	0.13757	0.08260	0.01402	0.06982	0.02040	0.06141	0.07048	0.22319	0.06852	0.04919	0.01201	0.01063	0.00259	0.10440	0.01021	0.00594	0.00888
2	0.02833	0.03615	0.02149	0.01954	0.02345	0.70298	0.01466	0.03029	0.02149	0.01856	0.01172	0.01368	0.00977	0.00782	0.00684	0.00195	0.01368	0.00489	0.00391	0.00879
3	0.02265	0.01565	0.02346	0.11133	0.11722	0.01617	0.09351	0.09743	0.09117	0.21165	0.04022	0.02565	0.04992	0.00930	0.00860	0.00245	0.03799	0.00810	0.00639	0.01112
4	0.01752	0.31019	0.35889	0.01950	0.02844	0.02265	0.09919	0.02354	0.01601	0.02164	0.01262	0.01505	0.00989	0.00683	0.00650	0.00212	0.01019	0.00541	0.00330	0.01051
5	0.00919	0.00679	0.00860	0.01006	0.01087	0.00620	0.00682	0.01062	0.01501	0.01956	0.04796	0.61326	0.16141	0.02296	0.00956	0.00299	0.00430	0.02059	0.00704	0.00620
6	0.01632	0.03263	0.48770	0.02938	0.23613	0.01774	0.02655	0.02379	0.01641	0.02426	0.01382	0.01687	0.01036	0.00707	0.00730	0.00236	0.01053	0.00596	0.00337	0.01146
7	0.05033	0.14636	0.12014	0.28462	0.03683	0.02045	0.10553	0.10415	0.01825	0.02469	0.01372	0.01767	0.01045	0.00735	0.00712	0.00232	0.00987	0.00631	0.00399	0.00985
8	0.01497	0.01895	0.14374	0.50076	0.04712	0.01730	0.10862	0.02086	0.01569	0.02086	0.01376	0.01951	0.01021	0.00736	0.00770	0.00251	0.01067	0.00684	0.00340	0.00916
9	0.00924	0.00660	0.00880	0.01056	0.01100	0.00616	0.00704	0.01056	0.01452	0.01936	0.04181	0.72848	0.05017	0.02376	0.00968	0.00308	0.00440	0.02156	0.00704	0.00616
10	0.06367	0.01467	0.01667	0.01332	0.01815	0.01480	0.01072	0.25637	0.02471	0.25249	0.03246	0.03257	0.13357	0.06871	0.01017	0.00276	0.00673	0.00891	0.00770	0.01086
11	0.01675	0.01360	0.01524	0.01352	0.01621	0.06028	0.04028	0.11754	0.11739	0.02517	0.02310	0.03413	0.02123	0.21019	0.13809	0.00542	0.00991	0.03931	0.07437	0.00826
12	0.01569	0.03593	0.57999	0.02344	0.03403	0.01789	0.13886	0.02407	0.01635	0.02407	0.01392	0.01680	0.00994	0.00706	0.00751	0.00243	0.01149	0.00619	0.00331	0.01104
13	0.01805	0.01732	0.02991	0.17530	0.23904	0.01818	0.18480	0.07516	0.07838	0.02567	0.01652	0.02088	0.01292	0.00981	0.04213	0.00291	0.01044	0.00756	0.00438	0.01062
14	0.02320	0.02015	0.02562	0.02759	0.23009	0.14436	0.09506	0.07317	0.05137	0.13939	0.01999	0.02561	0.01611	0.00897	0.00786	0.00238	0.00953	0.06307	0.00551	0.01096
15	0.01295	0.01197	0.01855	0.01844	0.10799	0.01138	0.12373	0.01784	0.07601	0.02357	0.10769	0.13094	0.27870	0.01467	0.00874	0.00257	0.00635	0.01331	0.00622	0.00838
16	0.02539	0.01867	0.02031	0.01624	0.02132	0.02047	0.01312	0.54652	0.03195	0.04280	0.02236	0.14306	0.01945	0.01168	0.00796	0.00242	0.00765	0.00942	0.00749	0.01171
17	0.01454	0.13912	0.02160	0.28104	0.03026	0.01639	0.01568	0.01817	0.01563	0.02005	0.02283	0.08599	0.02304	0.01298	0.00932	0.00276	0.05710	0.20075	0.00470	0.00805
18	0.02231	0.01751	0.01830	0.01544	0.02001	0.05227	0.01266	0.37233	0.08617	0.03679	0.03081	0.03814	0.10982	0.01260	0.00826	0.00254	0.00756	0.11856	0.00724	0.01069
19	0.01245	0.00707	0.01060	0.01060	0.01102	0.00749	0.00749	0.01102	0.01060	0.01455	0.01540	0.02515	0.01498	0.03585	0.23931	0.54059	0.01086	0.00707	0.00353	0.00438
20	0.01808	0.01880	0.03649	0.08591	0.35322	0.01846	0.30751	0.02347	0.01741	0.02419	0.01470	0.01963	0.01166	0.00665	0.00816	0.00241	0.01078	0.00774	0.00376	0.01097
21	0.01912	0.01472	0.01892	0.01798	0.06332	0.01701	0.01382	0.11477	0.12312	0.09111	0.02585	0.03531	0.05359	0.01511	0.04576	0.00330	0.19316	0.11808	0.00611	0.00984
22	0.02037	0.02274	0.02235	0.11481	0.14225	0.27849	0.01666	0.02323	0.01692	0.01958	0.01326	0.01813	0.01149	0.01520	0.10456	0.00371	0.13736	0.00621	0.00373	0.00895
23	0.01016	0.00763	0.00922	0.01013	0.01158	0.00707	0.00760	0.01207	0.01576	0.01998	0.05108	0.24258	0.26490	0.11861	0.01360	0.00359	0.00528	0.17624	0.00669	0.00624
24	0.01999	0.01989	0.02221	0.19879	0.02978	0.16690	0.04754	0.13376	0.01929	0.02402	0.01437	0.01916	0.01177	0.01545	0.10456	0.00380	0.12861	0.00663	0.00434	0.00914
25	0.02435	0.40503	0.02990	0.01377	0.01980	0.02325	0.01250	0.07950	0.09894	0.19614	0.01865	0.01815	0.01397	0.00791	0.00615	0.00198	0.00744	0.00575	0.00573	0.01109
26	0.00981	0.00751	0.00915	0.01022	0.01178	0.00684	0.00773	0.01186	0.01627	0.02056	0.05506	0.32656	0.29498	0.02135	0.00958	0.00297	0.00477	0.15951	0.00703	0.00644
27	0.01617	0.02363	0.23562	0.07525	0.19292	0.01679	0.18694	0.02241	0.01742	0.02475	0.09590	0.02309	0.01829	0.00793	0.00797	0.00241	0.01007	0.00782	0.00414	0.01047
28	0.02092	0.02559	0.11507	0.23357	0.03466	0.22905	0.06991	0.10208	0.01977	0.02357	0.01351	0.01724	0.01038	0.00797	0.00826	0.00235	0.04623	0.00620	0.00406	0.00960
29	0.01596	0.02427	0.27903	0.14544	0.21101	0.01678	0.02230	0.02359	0.07414	0.02467	0.07427	0.02215	0.01700	0.00815	0.00755	0.00240	0.00929	0.00709	0.00423	0.01066
30	0.00915	0.00694	0.00845	0.00966	0.01077	0.00624	0.00664	0.01066	0.01539	0.01972	0.05276	0.52353	0.24805	0.02234	0.00946	0.00292	0.00423	0.01983	0.00704	0.00624
31	0.05424	0.01495	0.02433	0.40339	0.25189	0.01673	0.02028	0.02235	0.01632	0.08187	0.01507	0.01988	0.01141	0.00745	0.00743	0.00241	0.00923	0.00670	0.00409	0.00997
32	0.01931	0.31569	0.10982	0.02418	0.17250	0.02334	0.09584	0.05159	0.07577	0.02338	0.01445	0.01679	0.01178	0.00707	0.00659	0.00208	0.00906	0.00595	0.00401	0.01081
33	0.01730	0.01968	0.07474	0.02688	0.14250	0.06460	0.18474	0.02134	0.01528	0.02131	0.01375	0.01936	0.01179	0.01489	0.09817	0.00386	0.22939	0.00726	0.00365	0.00950
34	0.00981	0.00699	0.00927	0.01062	0.01134	0.00659	0.00741	0.01157	0.01557	0.02095	0.12841	0.54342	0.05137	0.05797	0.01110	0.00324	0.00467	0.07629	0.00709	0.00629
35	0.02517	0.17670	0.02296	0.01495	0.01976	0.17062	0.01241	0.09870	0.02022	0.20543	0.01865	0.01996	0.01416	0.01656	0.12676	0.00379	0.01103	0.00623	0.00570	0.01024
36	0.01989	0.30252	0.29371	0.01772	0.02555	0.14297	0.01922	0.04184	0.03319	0.02154	0.01266	0.01450	0.01010	0.00717	0.00628	0.00203	0.01027	0.00500	0.00357	0.01029
37	0.00956	0.00673	0.00871	0.01016	0.01052	0.00637	0.00661	0.01064	0.01391	0.01854	0.03866	0.60916	0.04620	0.14851	0.01477	0.00383	0.00492	0.01971	0.00661	0.00589
38	0.11129	0.00969	0.01210	0.01125	0.01391	0.00957	0.00852	0.01987	0.01643	0.19577	0.11251	0.20316	0.03265	0.07146	0.13236	0.00461	0.00801	0.01173	0.00684	0.00829
39	0.05566	0.05341	0.13529	0.10999	0.02481	0.05055	0.01516	0.08310	0.13399	0.06002	0.11214	0.06122	0.02378	0.01194	0.03384	0.00277	0.00830	0.00834	0.00578	0.00989
40	0.01589	0.01036	0.04482	0.01147	0.01433	0.00854	0.00905	0.01902	0.04480	0.18138	0.07525	0.34995	0.14926	0.01775	0.00883	0.00273	0.00516	0.01556	0.00751	0.00836
41	0.02305	0.06893	0.01961	0.01554	0.02011	0.18551	0.01232	0.14427	0.22359	0.08124	0.02810	0.02710	0.09743	0.01024	0.00743	0.00229	0.00821	0.00789	0.00651	0.01062
42	0.01514	0.01429	0.02486	0.36461	0.20164	0.01606	0.07655	0.01976	0.01541	0.02085	0.01504	0.02157	0.01226	0.01594	0.12999	0.00416	0.01187	0.00719	0.00363	0.00919
43	0.08894	0.22404	0.07370	0.01825	0.05544	0.04189	0.07357	0.03709	0.03028	0.09957	0.01572	0.05235	0.01334	0.00916	0.00978	0.00236	0.13340	0.00668	0.00457	0.00988
44	0.02164	0.02032	0.08788	0.02282	0.07157	0.01873	0.20319	0.26587	0.02508	0.06209	0.10285	0.02399	0.01996	0.00883	0.00812	0.00239	0.00925	0.00826	0.00602	0.01117
45	0.22209	0.02513	0.02078	0.02086	0.11228	0.31500	0.04102	0.05881	0.07122	0.02615	0.01377	0.01570	0.01097	0.00767	0.00657	0.00219	0.01011	0.00550	0.00457	0.00960

[dist]
# distance from previous block
# <min> <max>
11	49

[block]
# block no. 4 follows, 26 sequences, length 56
# corresponding to MSA columns:
# 536-564,567-593
name=unknown_E
#
# <colnr> <probs for GDERKNQSTAVLIFYWHMCP>
#	G	D	E	R	K	N	Q	S	T	A	V	L	I	F	Y	W	H	M	C	P
0	0.02213	0.02111	0.01729	0.01512	0.01916	0.24724	0.01165	0.12125	0.10518	0.07461	0.08246	0.07331	0.09033	0.01118	0.00763	0.00223	0.00843	0.00881	0.00628	0.05459
1	0.08993	0.12570	0.04915	0.01799	0.05596	0.11568	0.09405	0.06028	0.01769	0.07477	0.01727	0.02024	0.03144	0.01585	0.12314	0.00377	0.01108	0.00648	0.00463	0.06489
2	0.26258	0.01292	0.01523	0.06433	0.07108	0.01469	0.01148	0.05579	0.01537	0.04837	0.02178	0.23726	0.02253	0.01324	0.00951	0.00270	0.09687	0.01053	0.00541	0.00833
3	0.01676	0.01275	0.01592	0.11825	0.02134	0.01410	0.01169	0.21490	0.02080	0.02784	0.04940	0.09286	0.06300	0.11208	0.15039	0.00505	0.01004	0.02841	0.00581	0.00860
4	0.01740	0.13881	0.12181	0.06577	0.04126	0.01826	0.01447	0.02858	0.26899	0.02624	0.02117	0.02203	0.01632	0.00839	0.00669	0.00217	0.00718	0.00671	0.10328	0.06446
5	0.04498	0.04921	0.01833	0.18670	0.12223	0.01305	0.01365	0.01993	0.01651	0.12171	0.03018	0.14662	0.11550	0.01370	0.03096	0.00280	0.00744	0.01050	0.02707	0.00892
6	0.02226	0.01649	0.01810	0.01674	0.06647	0.06506	0.01222	0.26454	0.06335	0.10358	0.10763	0.13104	0.02712	0.01194	0.00794	0.00239	0.00707	0.00996	0.03557	0.01053
7	0.02014	0.09806	0.23124	0.01736	0.02396	0.11690	0.01726	0.07926	0.17445	0.06089	0.04433	0.04764	0.01745	0.00916	0.00725	0.00231	0.00900	0.00717	0.00539	0.01078
8	0.01974	0.01753	0.02694	0.18827	0.28653	0.01844	0.06753	0.16748	0.02090	0.02876	0.01500	0.01885	0.01168	0.00736	0.00750	0.00225	0.00911	0.00675	0.00461	0.07478
9	0.01745	0.19829	0.48929	0.01948	0.02901	0.07714	0.02349	0.02424	0.01633	0.02216	0.01276	0.01494	0.00965	0.00709	0.00664	0.00219	0.01071	0.00519	0.00327	0.01067
10	0.02527	0.01544	0.01795	0.01412	0.01925	0.01537	0.01129	0.28719	0.02511	0.21765	0.02321	0.08138	0.01861	0.07101	0.01011	0.00263	0.00702	0.00829	0.00734	0.12179
11	0.01038	0.00772	0.01016	0.01096	0.01134	0.00812	0.00749	0.01155	0.01330	0.01808	0.03336	0.45897	0.03916	0.18424	0.07593	0.00482	0.06557	0.01684	0.00594	0.00604
12	0.01744	0.07468	0.07345	0.33411	0.08564	0.01829	0.10025	0.02491	0.11052	0.06162	0.01701	0.02070	0.01274	0.00775	0.00753	0.00243	0.00949	0.00704	0.00441	0.00999
13	0.00970	0.00711	0.00921	0.01072	0.01168	0.00663	0.00772	0.01147	0.01541	0.02008	0.04656	0.52690	0.13997	0.02264	0.00971	0.00307	0.00475	0.12328	0.00703	0.00633
14	0.00965	0.00677	0.00868	0.01004	0.01038	0.00643	0.00648	0.01067	0.01373	0.01830	0.03772	0.57371	0.04502	0.18556	0.01628	0.00405	0.00507	0.01916	0.00648	0.00580
15	0.01781	0.01841	0.03000	0.27794	0.27642	0.07451	0.15013	0.02268	0.01700	0.02226	0.01400	0.01921	0.01105	0.00706	0.00777	0.00239	0.01055	0.00704	0.00365	0.01012
16	0.01161	0.00994	0.01610	0.01616	0.05558	0.00935	0.11018	0.01435	0.01610	0.02117	0.04083	0.37514	0.13172	0.01894	0.00947	0.00294	0.00633	0.12046	0.00634	0.00731
17	0.03226	0.02013	0.01881	0.01537	0.02063	0.22612	0.01224	0.03489	0.02164	0.48231	0.02427	0.02205	0.01598	0.00890	0.00738	0.00222	0.00870	0.00678	0.00769	0.01163
18	0.04121	0.01866	0.02341	0.30105	0.18476	0.11618	0.01861	0.07740	0.07388	0.04906	0.01579	0.01945	0.01209	0.00784	0.00739	0.00235	0.00963	0.00660	0.00451	0.01013
19	0.02350	0.18152	0.02577	0.01663	0.02179	0.15769	0.07704	0.15020	0.02193	0.11089	0.04684	0.07065	0.04388	0.00971	0.00722	0.00217	0.00893	0.00780	0.00570	0.01013
20	0.01571	0.01489	0.02525	0.50743	0.24920	0.01722	0.02175	0.02059	0.01582	0.02106	0.01373	0.01977	0.01070	0.00733	0.00756	0.00244	0.00977	0.00675	0.00349	0.00954
21	0.01039	0.00892	0.00904	0.00880	0.01161	0.00819	0.00666	0.01511	0.11138	0.02210	0.07024	0.06658	0.58826	0.01793	0.00879	0.00256	0.00415	0.01494	0.00714	0.00721
22	0.02067	0.40404	0.23624	0.01575	0.02355	0.02326	0.01730	0.02555	0.03116	0.11674	0.01472	0.01566	0.01129	0.00721	0.00604	0.00199	0.00877	0.00514	0.00421	0.01069
23	0.22099	0.13494	0.02093	0.01408	0.01871	0.06775	0.01191	0.05050	0.01736	0.23667	0.01697	0.01755	0.01237	0.00879	0.00903	0.00235	0.11737	0.00576	0.00578	0.01018
24	0.02278	0.51991	0.03408	0.01502	0.02070	0.23912	0.01350	0.02507	0.01730	0.01807	0.01091	0.01264	0.00975	0.00690	0.00548	0.00173	0.00984	0.00431	0.00345	0.00944
25	0.02151	0.01924	0.13388	0.14935	0.08915	0.01715	0.01798	0.06437	0.08362	0.19389	0.01926	0.02098	0.01385	0.00908	0.01002	0.00254	0.11064	0.00695	0.00558	0.01096
26	0.01880	0.01915	0.02929	0.03286	0.30983	0.06601	0.12611	0.02467	0.08843	0.02357	0.01513	0.01927	0.01254	0.00862	0.01164	0.00256	0.16957	0.00717	0.00412	0.01066
27	0.01342	0.01209	0.01986	0.55483	0.04324	0.01463	0.01830	0.01780	0.01527	0.01966	0.01980	0.12746	0.01869	0.01104	0.00813	0.00269	0.00903	0.06188	0.00420	0.00798
28	0.00938	0.00704	0.00875	0.01004	0.01113	0.00640	0.00707	0.01101	0.01546	0.01989	0.05091	0.51090	0.21627	0.02237	0.00955	0.00297	0.00443	0.06311	0.00704	0.00628
29	0.01945	0.09869	0.42449	0.01933	0.02804	0.11674	0.02198	0.02724	0.07153	0.07962	0.01586	0.01717	0.01154	0.00767	0.00702	0.00228	0.01045	0.00578	0.00420	0.01094
30	0.05112	0.01958	0.11888	0.01816	0.02416	0.01694	0.12193	0.19353	0.08839	0.08985	0.10673	0.02890	0.04573	0.01003	0.00798	0.00245	0.00819	0.03025	0.00644	0.01077
31	0.01786	0.01131	0.01442	0.01274	0.01534	0.01238	0.00998	0.12547	0.01768	0.12019	0.02159	0.02865	0.01844	0.11255	0.30122	0.00700	0.05400	0.00798	0.08264	0.00855
32	0.01930	0.01388	0.01502	0.03792	0.01715	0.08108	0.01059	0.16244	0.02008	0.06793	0.08030	0.03169	0.02225	0.01624	0.01469	0.24383	0.00740	0.07971	0.05071	0.00780
33	0.05015	0.05116	0.11764	0.02086	0.12255	0.17945	0.01601	0.11347	0.03336	0.07098	0.02223	0.02367	0.08338	0.01190	0.04792	0.00281	0.01007	0.00711	0.00509	0.01019
34	0.01444	0.01348	0.02216	0.65580	0.04935	0.01628	0.02005	0.01936	0.01521	0.01983	0.01348	0.01984	0.01021	0.00742	0.00742	0.00241	0.00973	0.00655	0.00347	0.07351
35	0.00947	0.00770	0.00838	0.00821	0.01055	0.00662	0.00616	0.01186	0.01847	0.02330	0.24806	0.06838	0.51006	0.01816	0.00896	0.00251	0.00377	0.01536	0.00741	0.00662
36	0.02347	0.01508	0.02027	0.22153	0.06814	0.01605	0.01510	0.19483	0.02281	0.21670	0.02576	0.02646	0.08075	0.00961	0.00773	0.00240	0.00792	0.00794	0.00658	0.01089
37	0.01742	0.16171	0.38100	0.02255	0.03179	0.02012	0.19261	0.02424	0.01658	0.04285	0.01400	0.01678	0.01041	0.00692	0.00725	0.00230	0.01092	0.00627	0.00356	0.01073
38	0.00924	0.00660	0.00880	0.01056	0.01100	0.00616	0.00704	0.01056	0.01452	0.01936	0.04181	0.72848	0.05017	0.02376	0.00968	0.00308	0.00440	0.02156	0.00704	0.00616
39	0.14491	0.13549	0.48602	0.01843	0.02788	0.01930	0.02255	0.02355	0.01541	0.02481	0.01266	0.01484	0.00939	0.00708	0.00645	0.00228	0.00987	0.00513	0.00346	0.01050
40	0.01945	0.11757	0.03514	0.12073	0.10637	0.12394	0.29732	0.02475	0.03944	0.02220	0.01430	0.01836	0.01126	0.00695	0.00770	0.00230	0.01130	0.00713	0.00383	0.00996
41	0.01683	0.25315	0.40548	0.02033	0.07700	0.02108	0.02203	0.02302	0.01572	0.02183	0.01305	0.01574	0.01031	0.00952	0.04247	0.00265	0.01055	0.00534	0.00330	0.01058
42	0.01421	0.00830	0.01102	0.01049	0.01258	0.00755	0.00779	0.01706	0.01959	0.13780	0.39573	0.23764	0.05682	0.01677	0.00893	0.00257	0.00429	0.01487	0.00816	0.00784
43	0.08714	0.01298	0.01658	0.01657	0.10195	0.01275	0.01142	0.10660	0.02028	0.27399	0.02587	0.12851	0.02109	0.01090	0.00734	0.00235	0.00625	0.00913	0.11773	0.01055
44	0.01945	0.18442	0.17620	0.01658	0.02289	0.03907	0.04899	0.17654	0.02034	0.02770	0.01596	0.01884	0.01270	0.01475	0.10668	0.00354	0.01064	0.00619	0.06835	0.01019
45	0.01106	0.00866	0.01186	0.01171	0.01243	0.00919	0.03341	0.01234	0.01322	0.01792	0.03187	0.32438	0.06753	0.24470	0.07264	0.00507	0.08553	0.01484	0.00552	0.00613
46	0.01533	0.01688	0.08237	0.50412	0.14060	0.01728	0.07471	0.02074	0.01577	0.02095	0.01376	0.01968	0.01046	0.00733	0.00765	0.00248	0.01027	0.00683	0.00345	0.00933
47	0.01323	0.01422	0.11222	0.01965	0.16621	0.01087	0.01358	0.01696	0.01650	0.02378	0.11178	0.22056	0.05457	0.04051	0.00926	0.00270	0.00639	0.03598	0.10260	0.00843
48	0.05771	0.10732	0.02444	0.33448	0.12855	0.06804	0.01772	0.06613	0.01721	0.02313	0.01383	0.01835	0.01095	0.00767	0.00741	0.00229	0.03037	0.00616	0.04891	0.00935
49	0.04979	0.02001	0.06020	0.02522	0.22635	0.15260	0.01616	0.02406	0.07413	0.04617	0.02019	0.06685	0.01880	0.06486	0.01072	0.00283	0.03740	0.06908	0.00488	0.00967
50	0.02144	0.02065	0.01877	0.01634	0.01999	0.19177	0.01279	0.16507	0.14754	0.02829	0.05385	0.06319	0.01944	0.01450	0.06797	0.00320	0.08085	0.00788	0.00584	0.04065
51	0.01990	0.20653	0.23566	0.11173	0.02925	0.02132	0.03688	0.12463	0.05727	0.06500	0.01554	0.01736	0.01160	0.00766	0.00683	0.00221	0.00929	0.00594	0.00456	0.01084
52	0.01825	0.01373	0.02292	0.02161	0.11712	0.01310	0.15770	0.04023	0.04363	0.13928	0.02571	0.21000	0.02414	0.01540	0.05837	0.00323	0.00869	0.01139	0.00595	0.04953
53	0.01837	0.07345	0.09664	0.06262	0.16805	0.01553	0.04885	0.02460	0.09784	0.12159	0.03056	0.05012	0.13862	0.01041	0.00772	0.00238	0.00762	0.00900	0.00565	0.01038
54	0.01858	0.01961	0.10010	0.03755	0.03613	0.10963	0.10639	0.06885	0.08806	0.04784	0.02084	0.02697	0.01709	0.01399	0.07711	0.00333	0.01010	0.05452	0.13383	0.00948
55	0.16255	0.01450	0.02256	0.18447	0.02945	0.01599	0.14631	0.04475	0.01624	0.07519	0.05005	0.02217	0.01524	0.01525	0.10833	0.00390	0.05209	0.00732	0.00468	0.00895

[dist]
# distance from previous block
# <min> <max>
0	3035

# created by:
# /home/berkeley/.conda/envs/busco_data_prod/bin/msa2prfl.pl pipeline/OGs_align_augustus/5794/14591.fs
