[name]
unknown

[dist]
# distance from previous block
# <min> <max>
0	11

[block]
# block no. 0 follows, 29 sequences, length 37
# corresponding to MSA columns:
# 11-47
name=unknown_A
#
# <colnr> <probs for GDERKNQSTAVLIFYWHMCP>
#	G	D	E	R	K	N	Q	S	T	A	V	L	I	F	Y	W	H	M	C	P
0	0.16929	0.01013	0.01234	0.04591	0.01651	0.01061	0.01081	0.01902	0.04286	0.09795	0.02973	0.08254	0.02990	0.01504	0.00822	0.00286	0.00630	0.37613	0.00625	0.00761
1	0.01721	0.01881	0.03880	0.02984	0.08978	0.01833	0.55575	0.04897	0.01705	0.02337	0.01410	0.01876	0.01080	0.00655	0.00922	0.00241	0.05882	0.00801	0.00371	0.00972
2	0.01054	0.00756	0.00863	0.00818	0.01053	0.00655	0.00620	0.01295	0.01788	0.06759	0.29063	0.06025	0.43437	0.01621	0.00833	0.00233	0.00368	0.01376	0.00719	0.00666
3	0.00984	0.00669	0.00792	0.00843	0.00856	0.00656	0.00502	0.01022	0.01136	0.01515	0.02761	0.26176	0.03242	0.52568	0.02788	0.00567	0.00605	0.01340	0.00502	0.00477
4	0.00941	0.00709	0.00842	0.00836	0.00993	0.00641	0.00600	0.01163	0.01699	0.02262	0.34219	0.13499	0.26712	0.10314	0.01176	0.00292	0.00394	0.01411	0.00689	0.00610
5	0.01862	0.02044	0.02364	0.19880	0.23702	0.23270	0.06154	0.02212	0.01679	0.01981	0.01458	0.07389	0.01299	0.00807	0.00712	0.00217	0.00995	0.00703	0.00373	0.00899
6	0.01487	0.00998	0.01170	0.01089	0.01336	0.01016	0.00827	0.15984	0.01872	0.07008	0.03472	0.26596	0.13503	0.01982	0.09186	0.00347	0.00665	0.01252	0.09429	0.00778
7	0.19248	0.00947	0.01003	0.00912	0.01142	0.00954	0.00649	0.01445	0.01247	0.02108	0.07184	0.06035	0.02257	0.30363	0.08922	0.00482	0.00715	0.00821	0.00464	0.13100
8	0.11180	0.13230	0.01802	0.01327	0.01636	0.18074	0.01056	0.02064	0.01541	0.08839	0.01943	0.18338	0.01927	0.01479	0.06610	0.00299	0.06516	0.00861	0.00482	0.00796
9	0.62803	0.13186	0.01541	0.01025	0.01500	0.01829	0.00878	0.06187	0.01381	0.03033	0.01036	0.01189	0.00821	0.00665	0.00460	0.00209	0.00599	0.00401	0.00436	0.00821
10	0.13086	0.16246	0.15611	0.11361	0.05701	0.13704	0.05956	0.06565	0.01664	0.02287	0.01193	0.01454	0.00936	0.00681	0.00614	0.00205	0.00933	0.00514	0.00368	0.00921
11	0.02013	0.01650	0.01747	0.01498	0.01944	0.01884	0.01186	0.20456	0.52180	0.03370	0.02590	0.02411	0.01924	0.00937	0.00721	0.00234	0.00621	0.00763	0.00721	0.01149
12	0.05291	0.00995	0.01417	0.06428	0.01751	0.00939	0.05043	0.02035	0.01698	0.24654	0.11186	0.24574	0.08247	0.01384	0.00793	0.00245	0.00557	0.01222	0.00694	0.00846
13	0.01660	0.00996	0.01199	0.01023	0.01345	0.00934	0.00799	0.09631	0.01981	0.14404	0.26098	0.07945	0.06606	0.01159	0.00723	0.00206	0.00459	0.00984	0.13169	0.08680
14	0.00950	0.00679	0.00801	0.00846	0.00954	0.00628	0.00575	0.01108	0.01468	0.01972	0.14951	0.28005	0.19704	0.17344	0.01431	0.00344	0.00442	0.01485	0.05737	0.00573
15	0.08584	0.22260	0.36743	0.01678	0.02468	0.08441	0.01903	0.06340	0.01624	0.02275	0.01188	0.01371	0.00914	0.00674	0.00597	0.00201	0.00937	0.00477	0.00345	0.00980
16	0.01514	0.01128	0.01298	0.01123	0.01421	0.01159	0.00877	0.20840	0.05479	0.03194	0.37657	0.07253	0.11508	0.01328	0.00800	0.00226	0.00483	0.01131	0.00742	0.00839
17	0.02248	0.25207	0.02392	0.01372	0.01845	0.06592	0.01172	0.17799	0.05029	0.14649	0.01699	0.01913	0.01345	0.06023	0.04239	0.00275	0.04078	0.00598	0.00537	0.00988
18	0.15626	0.14533	0.05237	0.01440	0.04689	0.08082	0.01194	0.11627	0.01793	0.09465	0.01367	0.01489	0.01054	0.00696	0.00620	0.00183	0.02740	0.00491	0.00476	0.17196
19	0.01566	0.01385	0.01621	0.01575	0.05904	0.04338	0.01156	0.05275	0.27812	0.02544	0.13047	0.07477	0.02678	0.01517	0.07219	0.00326	0.12152	0.00898	0.00597	0.00913
20	0.03821	0.02142	0.16916	0.02062	0.10262	0.05438	0.07674	0.20135	0.06268	0.02883	0.02075	0.02722	0.04620	0.00943	0.00745	0.00234	0.00858	0.08672	0.00517	0.01012
21	0.02056	0.01743	0.01766	0.01517	0.01961	0.05418	0.01198	0.20298	0.48916	0.03305	0.02502	0.02344	0.01863	0.00926	0.00717	0.00231	0.00656	0.00745	0.00703	0.01134
22	0.01026	0.00789	0.00918	0.00863	0.01080	0.00720	0.00653	0.04570	0.01924	0.02561	0.41269	0.05758	0.32127	0.01566	0.00834	0.00230	0.00368	0.01342	0.00731	0.00670
23	0.15790	0.01550	0.10607	0.13182	0.13172	0.01340	0.01451	0.02195	0.01525	0.16709	0.01884	0.09243	0.01594	0.05717	0.00868	0.00260	0.00732	0.00758	0.00503	0.00918
24	0.01808	0.37241	0.26114	0.01711	0.02451	0.09894	0.07514	0.02264	0.01548	0.01929	0.01137	0.01346	0.00925	0.00644	0.00584	0.00188	0.00954	0.00478	0.00315	0.00954
25	0.00908	0.00671	0.00849	0.00917	0.01031	0.00612	0.00645	0.01109	0.01613	0.02165	0.25534	0.41557	0.15939	0.01915	0.00876	0.00261	0.00380	0.01706	0.00700	0.00612
26	0.01713	0.01642	0.02801	0.12484	0.62805	0.01679	0.02161	0.02142	0.01598	0.02267	0.01331	0.01778	0.01107	0.00644	0.00706	0.00215	0.00858	0.00634	0.00348	0.01088
27	0.01653	0.05115	0.19749	0.08410	0.09037	0.04958	0.11387	0.09055	0.01686	0.02305	0.01588	0.09811	0.01418	0.00926	0.00924	0.00239	0.09623	0.00774	0.00404	0.00938
28	0.01507	0.01489	0.02696	0.12362	0.24477	0.01552	0.19352	0.01923	0.01518	0.02095	0.01805	0.05582	0.04142	0.01254	0.07109	0.00320	0.06582	0.02942	0.00385	0.00907
29	0.00858	0.00684	0.00770	0.00829	0.00993	0.00596	0.00591	0.01024	0.01543	0.01924	0.08673	0.31915	0.43200	0.01947	0.00866	0.00258	0.00379	0.01687	0.00666	0.00596
30	0.02089	0.01713	0.08904	0.01617	0.02135	0.01568	0.09205	0.23920	0.08374	0.13195	0.02151	0.08372	0.01714	0.01216	0.05149	0.00283	0.00821	0.00809	0.05732	0.01031
31	0.05512	0.02561	0.35002	0.02053	0.09741	0.01601	0.04945	0.11135	0.01859	0.13315	0.04356	0.01858	0.01337	0.00755	0.00694	0.00222	0.00880	0.00621	0.00480	0.01074
32	0.01182	0.04490	0.01727	0.17088	0.02296	0.01130	0.09864	0.01548	0.04511	0.01980	0.07137	0.29636	0.08645	0.04360	0.00925	0.00271	0.00659	0.01303	0.00530	0.00718
33	0.01532	0.01279	0.01900	0.01913	0.12682	0.01339	0.09095	0.12879	0.05917	0.02433	0.05085	0.09828	0.02126	0.10317	0.17882	0.00499	0.01026	0.00914	0.00503	0.00853
34	0.49187	0.10400	0.01518	0.01103	0.01544	0.08654	0.00913	0.02352	0.07288	0.05542	0.01308	0.01424	0.01017	0.00706	0.00501	0.00208	0.00641	0.00456	0.04403	0.00837
35	0.00875	0.00682	0.00795	0.00852	0.01004	0.00602	0.00606	0.01055	0.01576	0.02013	0.14759	0.33158	0.35639	0.01922	0.00868	0.00257	0.00378	0.01677	0.00678	0.00602
36	0.01794	0.19462	0.16560	0.03774	0.02157	0.01648	0.01391	0.04841	0.03771	0.09112	0.01427	0.01558	0.01099	0.00646	0.00580	0.00166	0.00725	0.00491	0.00432	0.28363

[dist]
# distance from previous block
# <min> <max>
1	2

[block]
# block no. 1 follows, 29 sequences, length 6
# corresponding to MSA columns:
# 51-56
name=unknown_B
#
# <colnr> <probs for GDERKNQSTAVLIFYWHMCP>
#	G	D	E	R	K	N	Q	S	T	A	V	L	I	F	Y	W	H	M	C	P
0	0.06232	0.27692	0.10276	0.01216	0.01688	0.05423	0.01145	0.07702	0.01612	0.02173	0.02048	0.06135	0.07565	0.08193	0.00888	0.00241	0.00712	0.00703	0.07526	0.00827
1	0.06329	0.07247	0.01608	0.01243	0.01573	0.07752	0.00963	0.18350	0.07617	0.06048	0.09253	0.10274	0.02446	0.14725	0.01244	0.00306	0.00683	0.00893	0.00594	0.00854
2	0.01548	0.01678	0.03368	0.02518	0.03012	0.01708	0.46423	0.02001	0.01527	0.02112	0.01680	0.11622	0.01541	0.00941	0.01131	0.00260	0.14706	0.00959	0.00392	0.00875
3	0.02055	0.01615	0.02148	0.15609	0.12147	0.01768	0.05347	0.32788	0.02373	0.03282	0.01647	0.01903	0.01231	0.00778	0.00687	0.00212	0.00782	0.00653	0.11947	0.01025
4	0.00879	0.00664	0.00813	0.00900	0.01016	0.00598	0.00627	0.01048	0.01527	0.01988	0.13799	0.45437	0.24122	0.02002	0.00880	0.00266	0.00387	0.01773	0.00678	0.00598
5	0.01674	0.01380	0.01272	0.01173	0.01360	0.14674	0.00855	0.11215	0.01615	0.02066	0.01739	0.06204	0.01645	0.11230	0.07057	0.22340	0.00831	0.00736	0.10292	0.00639

[dist]
# distance from previous block
# <min> <max>
5	6

[block]
# block no. 2 follows, 29 sequences, length 13
# corresponding to MSA columns:
# 63-66,68-76
name=unknown_C
#
# <colnr> <probs for GDERKNQSTAVLIFYWHMCP>
#	G	D	E	R	K	N	Q	S	T	A	V	L	I	F	Y	W	H	M	C	P
0	0.01332	0.00776	0.01020	0.01029	0.01214	0.00692	0.00738	0.01512	0.01546	0.14387	0.08252	0.50045	0.06300	0.01817	0.00844	0.00260	0.00448	0.01623	0.00695	0.05471
1	0.05614	0.26394	0.28596	0.01687	0.02402	0.10418	0.04574	0.02321	0.01551	0.05631	0.01223	0.01412	0.00955	0.00691	0.00666	0.00200	0.03861	0.00492	0.00350	0.00961
2	0.06571	0.64511	0.09625	0.01274	0.01913	0.02640	0.01318	0.02141	0.01438	0.01819	0.01016	0.01175	0.00904	0.00618	0.00476	0.00163	0.00775	0.00394	0.00312	0.00918
3	0.01958	0.22300	0.20005	0.01452	0.02050	0.09537	0.01461	0.02387	0.03798	0.14209	0.05743	0.02093	0.01602	0.07417	0.00895	0.00242	0.00828	0.00613	0.00466	0.00941
4	0.01492	0.06962	0.29538	0.01490	0.02106	0.01445	0.01591	0.06237	0.10819	0.04638	0.07765	0.09652	0.08932	0.01058	0.00719	0.00228	0.00728	0.00874	0.02789	0.00936
5	0.01371	0.01230	0.05219	0.01215	0.01523	0.01178	0.00967	0.02365	0.29943	0.02452	0.02983	0.27460	0.02863	0.01342	0.00748	0.00239	0.00513	0.01170	0.08508	0.06710
6	0.00872	0.00669	0.00800	0.00879	0.01009	0.00597	0.00617	0.01040	0.01530	0.01966	0.12077	0.41713	0.29697	0.01988	0.00876	0.00264	0.00385	0.01750	0.00674	0.00597
7	0.07614	0.02356	0.28576	0.04543	0.02450	0.04611	0.04736	0.12628	0.01875	0.10548	0.05848	0.06210	0.01659	0.02304	0.00757	0.00235	0.00847	0.00715	0.00502	0.00988
8	0.01576	0.23397	0.33255	0.01720	0.02464	0.01881	0.07756	0.05082	0.01611	0.02202	0.05903	0.06984	0.01590	0.00822	0.00658	0.00210	0.00878	0.00676	0.00383	0.00953
9	0.01838	0.14570	0.01667	0.01136	0.01455	0.01224	0.00899	0.05843	0.01667	0.21626	0.02836	0.31962	0.02839	0.05971	0.00928	0.00265	0.00571	0.01209	0.00647	0.00848
10	0.34250	0.01432	0.09498	0.01207	0.01634	0.01243	0.05326	0.01843	0.01410	0.06772	0.02543	0.18006	0.09939	0.01150	0.00661	0.00240	0.00603	0.00942	0.00520	0.00782
11	0.09431	0.05663	0.05034	0.01134	0.01475	0.01166	0.04092	0.05852	0.06356	0.04394	0.19430	0.08971	0.13265	0.04582	0.00858	0.00245	0.00539	0.01025	0.05708	0.00780
12	0.09537	0.12748	0.38548	0.01686	0.02468	0.01829	0.01923	0.10031	0.05659	0.02568	0.01506	0.01905	0.01194	0.00782	0.00648	0.00221	0.00878	0.04455	0.00410	0.01004

[dist]
# distance from previous block
# <min> <max>
0	1

[block]
# block no. 3 follows, 29 sequences, length 16
# corresponding to MSA columns:
# 78-92,94
name=unknown_D
#
# <colnr> <probs for GDERKNQSTAVLIFYWHMCP>
#	G	D	E	R	K	N	Q	S	T	A	V	L	I	F	Y	W	H	M	C	P
0	0.09136	0.09868	0.24884	0.01564	0.02145	0.15234	0.01574	0.05777	0.04484	0.02202	0.01428	0.01870	0.01204	0.08262	0.07164	0.00335	0.01025	0.00573	0.00387	0.00884
1	0.01491	0.02116	0.25188	0.01546	0.02082	0.04077	0.01556	0.06293	0.16662	0.02466	0.08581	0.07655	0.04966	0.01446	0.07542	0.00322	0.03725	0.00837	0.00516	0.00932
2	0.01691	0.01205	0.01373	0.01170	0.01505	0.01265	0.00935	0.23139	0.02137	0.07438	0.07280	0.03813	0.24023	0.01857	0.11105	0.00359	0.03646	0.00978	0.04221	0.00859
3	0.01945	0.08197	0.07738	0.01538	0.02027	0.09030	0.01311	0.10380	0.43884	0.02846	0.02290	0.02190	0.01729	0.00876	0.00688	0.00224	0.00718	0.00693	0.00616	0.01081
4	0.00871	0.00655	0.00807	0.00912	0.01016	0.00591	0.00629	0.01025	0.01480	0.01920	0.09518	0.51368	0.22505	0.02061	0.00886	0.00271	0.00394	0.01831	0.00670	0.00591
5	0.01369	0.18677	0.01835	0.01176	0.01417	0.01519	0.00959	0.01756	0.08245	0.01958	0.13233	0.02971	0.02479	0.13888	0.16679	0.00492	0.09347	0.00793	0.00466	0.00741
6	0.01344	0.01315	0.02361	0.01878	0.02178	0.01384	0.25379	0.01679	0.01519	0.02125	0.14216	0.15963	0.02825	0.05795	0.01339	0.00289	0.16052	0.01105	0.00486	0.00767
7	0.02122	0.01895	0.02060	0.01716	0.02024	0.09042	0.01398	0.26544	0.12638	0.02932	0.01542	0.01758	0.01228	0.01008	0.01321	0.00252	0.28353	0.00642	0.00529	0.00996
8	0.01017	0.01200	0.12870	0.01086	0.01354	0.00811	0.00964	0.01280	0.01447	0.01925	0.08181	0.24936	0.18330	0.15166	0.01354	0.00340	0.00574	0.05952	0.00565	0.00649
9	0.08502	0.21358	0.19511	0.01385	0.02020	0.01766	0.01424	0.08710	0.01693	0.09902	0.01614	0.06089	0.01321	0.00792	0.00600	0.00196	0.00737	0.00602	0.05240	0.06536
10	0.00981	0.00724	0.00933	0.01043	0.01150	0.00701	0.00758	0.01281	0.05700	0.02067	0.11995	0.48536	0.07833	0.01999	0.00897	0.00282	0.00447	0.11359	0.00679	0.00636
11	0.01147	0.00804	0.00979	0.01021	0.01168	0.00777	0.00723	0.07946	0.01588	0.02221	0.03344	0.53983	0.03783	0.01818	0.00816	0.00255	0.00448	0.01622	0.10105	0.05452
12	0.80005	0.01377	0.01047	0.00936	0.01377	0.01597	0.00771	0.02093	0.01212	0.03195	0.00991	0.01157	0.00771	0.00661	0.00441	0.00220	0.00551	0.00386	0.00441	0.00771
13	0.64934	0.01345	0.01165	0.01001	0.01464	0.01489	0.00825	0.02363	0.01374	0.16504	0.01348	0.01405	0.00966	0.00704	0.00495	0.00220	0.00562	0.00450	0.00527	0.00858
14	0.57278	0.01328	0.01226	0.01034	0.01507	0.01434	0.00853	0.02501	0.01456	0.23265	0.01529	0.01532	0.01065	0.00726	0.00522	0.00220	0.00567	0.00483	0.00571	0.00902
15	0.01762	0.01692	0.02890	0.04371	0.70533	0.01692	0.02185	0.02185	0.01621	0.02326	0.01339	0.01762	0.01128	0.00634	0.00705	0.00211	0.00846	0.00634	0.00352	0.01128

[dist]
# distance from previous block
# <min> <max>
0	1

[block]
# block no. 4 follows, 29 sequences, length 31
# corresponding to MSA columns:
# 96-126
name=unknown_E
#
# <colnr> <probs for GDERKNQSTAVLIFYWHMCP>
#	G	D	E	R	K	N	Q	S	T	A	V	L	I	F	Y	W	H	M	C	P
0	0.01510	0.01435	0.02435	0.45950	0.30924	0.01626	0.02060	0.01964	0.01502	0.02020	0.01295	0.01844	0.01020	0.00681	0.00709	0.00227	0.00908	0.00633	0.00331	0.00925
1	0.01762	0.01692	0.02890	0.04371	0.70533	0.01692	0.02185	0.02185	0.01621	0.02326	0.01339	0.01762	0.01128	0.00634	0.00705	0.00211	0.00846	0.00634	0.00352	0.01128
2	0.01702	0.01631	0.02782	0.14276	0.61097	0.01676	0.02155	0.02133	0.01593	0.02253	0.01329	0.01782	0.01102	0.00646	0.00706	0.00215	0.00861	0.00634	0.00347	0.01079
3	0.01762	0.01692	0.02890	0.04371	0.70533	0.01692	0.02185	0.02185	0.01621	0.02326	0.01339	0.01762	0.01128	0.00634	0.00705	0.00211	0.00846	0.00634	0.00352	0.01128
4	0.01717	0.01784	0.02352	0.01881	0.02325	0.13342	0.22315	0.02590	0.21105	0.02521	0.17504	0.02801	0.02654	0.00923	0.00774	0.00227	0.00835	0.00868	0.00562	0.00919
5	0.01067	0.00819	0.01172	0.01145	0.01240	0.00968	0.00871	0.01270	0.01121	0.01612	0.01880	0.03003	0.01843	0.16681	0.54631	0.00996	0.07885	0.00797	0.00384	0.00614
6	0.01829	0.01553	0.01904	0.02109	0.17547	0.01723	0.01366	0.03405	0.50982	0.05674	0.02538	0.02443	0.01917	0.00887	0.00720	0.00234	0.00630	0.00762	0.00646	0.01131
7	0.01765	0.01640	0.02483	0.03442	0.48692	0.01717	0.01849	0.02694	0.23127	0.02534	0.01835	0.02047	0.01460	0.00740	0.00711	0.00221	0.00756	0.00689	0.00471	0.01128
8	0.01477	0.01266	0.01477	0.01055	0.01687	0.00949	0.00844	0.01793	0.01477	0.02320	0.01266	0.01477	0.01055	0.00527	0.00527	0.00105	0.00527	0.00422	0.00422	0.79328
9	0.01762	0.01692	0.02890	0.04371	0.70533	0.01692	0.02185	0.02185	0.01621	0.02326	0.01339	0.01762	0.01128	0.00634	0.00705	0.00211	0.00846	0.00634	0.00352	0.01128
10	0.01762	0.01692	0.02890	0.04371	0.70533	0.01692	0.02185	0.02185	0.01621	0.02326	0.01339	0.01762	0.01128	0.00634	0.00705	0.00211	0.00846	0.00634	0.00352	0.01128
11	0.01218	0.01797	0.19996	0.01652	0.02221	0.01184	0.18191	0.01684	0.01632	0.02162	0.08349	0.04108	0.30460	0.01182	0.00798	0.00235	0.00752	0.01066	0.00499	0.00814
12	0.01762	0.01692	0.02890	0.04371	0.70533	0.01692	0.02185	0.02185	0.01621	0.02326	0.01339	0.01762	0.01128	0.00634	0.00705	0.00211	0.00846	0.00634	0.00352	0.01128
13	0.01558	0.01558	0.02181	0.01869	0.01869	0.02181	0.01558	0.01714	0.01091	0.01714	0.00935	0.01558	0.00935	0.01246	0.02337	0.00312	0.73672	0.00623	0.00312	0.00779
14	0.01762	0.01692	0.02890	0.04371	0.70533	0.01692	0.02185	0.02185	0.01621	0.02326	0.01339	0.01762	0.01128	0.00634	0.00705	0.00211	0.00846	0.00634	0.00352	0.01128
15	0.01863	0.01882	0.02793	0.04087	0.62887	0.09572	0.02095	0.02259	0.01666	0.02261	0.01313	0.01709	0.01104	0.00646	0.00698	0.00208	0.00895	0.00615	0.00354	0.01094
16	0.01762	0.01692	0.02890	0.04371	0.70533	0.01692	0.02185	0.02185	0.01621	0.02326	0.01339	0.01762	0.01128	0.00634	0.00705	0.00211	0.00846	0.00634	0.00352	0.01128
17	0.01762	0.01692	0.02890	0.04371	0.70533	0.01692	0.02185	0.02185	0.01621	0.02326	0.01339	0.01762	0.01128	0.00634	0.00705	0.00211	0.00846	0.00634	0.00352	0.01128
18	0.01008	0.00728	0.00952	0.00896	0.01064	0.00672	0.00672	0.01344	0.02016	0.02855	0.70158	0.05319	0.06719	0.01456	0.00840	0.00224	0.00336	0.01288	0.00784	0.00672
19	0.01762	0.01692	0.02890	0.04371	0.70533	0.01692	0.02185	0.02185	0.01621	0.02326	0.01339	0.01762	0.01128	0.00634	0.00705	0.00211	0.00846	0.00634	0.00352	0.01128
20	0.00868	0.00620	0.00826	0.00991	0.01033	0.00578	0.00661	0.00991	0.01363	0.01818	0.03925	0.74510	0.04710	0.02231	0.00909	0.00289	0.00413	0.02024	0.00661	0.00578
21	0.03062	0.01320	0.01661	0.01292	0.01821	0.04143	0.01059	0.06144	0.02093	0.62415	0.05416	0.02461	0.01903	0.00897	0.00718	0.00219	0.00632	0.00725	0.00848	0.01173
22	0.00994	0.00727	0.00933	0.00882	0.01056	0.00666	0.00661	0.01318	0.01984	0.02781	0.65096	0.05442	0.11827	0.01484	0.00840	0.00225	0.00338	0.01305	0.00774	0.00666
23	0.00868	0.00620	0.00826	0.00991	0.01033	0.00578	0.00661	0.00991	0.01363	0.01818	0.03925	0.74510	0.04710	0.02231	0.00909	0.00289	0.00413	0.02024	0.00661	0.00578
24	0.01762	0.01692	0.02890	0.04371	0.70533	0.01692	0.02185	0.02185	0.01621	0.02326	0.01339	0.01762	0.01128	0.00634	0.00705	0.00211	0.00846	0.00634	0.00352	0.01128
25	0.01029	0.00718	0.00917	0.00917	0.00965	0.00766	0.00606	0.01125	0.01077	0.01484	0.02116	0.03951	0.02281	0.48459	0.29720	0.00863	0.01154	0.00932	0.00412	0.00509
26	0.01017	0.00763	0.01144	0.01144	0.01272	0.00890	0.00890	0.01272	0.01144	0.01653	0.01907	0.02797	0.01780	0.05340	0.72153	0.01144	0.01907	0.00763	0.00381	0.00636
27	0.01762	0.01692	0.02890	0.04371	0.70533	0.01692	0.02185	0.02185	0.01621	0.02326	0.01339	0.01762	0.01128	0.00634	0.00705	0.00211	0.00846	0.00634	0.00352	0.01128
28	0.01001	0.00723	0.00946	0.00900	0.01062	0.00668	0.00671	0.01328	0.01986	0.02808	0.67150	0.08461	0.06627	0.01491	0.00843	0.00227	0.00339	0.01321	0.00778	0.00668
29	0.19633	0.40401	0.20152	0.01358	0.02041	0.02245	0.01472	0.02154	0.01407	0.02169	0.01063	0.01237	0.00878	0.00638	0.00509	0.00186	0.00787	0.00419	0.00335	0.00916
30	0.53396	0.23556	0.04808	0.01067	0.01583	0.01964	0.00983	0.02112	0.01294	0.02702	0.01003	0.01167	0.00819	0.00646	0.00455	0.00200	0.00635	0.00390	0.00394	0.00826

[dist]
# distance from previous block
# <min> <max>
1	2

[block]
# block no. 5 follows, 29 sequences, length 10
# corresponding to MSA columns:
# 129-138
name=unknown_F
#
# <colnr> <probs for GDERKNQSTAVLIFYWHMCP>
#	G	D	E	R	K	N	Q	S	T	A	V	L	I	F	Y	W	H	M	C	P
0	0.01805	0.01800	0.02934	0.04138	0.62188	0.05512	0.06715	0.02228	0.01647	0.02292	0.01334	0.01747	0.01113	0.00637	0.00711	0.00212	0.00894	0.00639	0.00354	0.01100
1	0.01008	0.00728	0.00952	0.00896	0.01064	0.00672	0.00672	0.01344	0.02016	0.02855	0.70158	0.05319	0.06719	0.01456	0.00840	0.00224	0.00336	0.01288	0.00784	0.00672
2	0.01181	0.00905	0.01059	0.00992	0.01185	0.00926	0.00724	0.01831	0.17296	0.02554	0.38546	0.04647	0.07761	0.15699	0.01356	0.00320	0.00459	0.01137	0.00696	0.00727
3	0.01422	0.01344	0.02275	0.60562	0.17004	0.01602	0.02016	0.01887	0.01460	0.01913	0.01279	0.01873	0.00982	0.00698	0.00711	0.00233	0.00930	0.00633	0.00323	0.00853
4	0.00880	0.00630	0.00838	0.00983	0.01036	0.00587	0.00662	0.01024	0.01423	0.01912	0.09953	0.68213	0.04892	0.02160	0.00903	0.00283	0.00406	0.01957	0.00672	0.00587
5	0.01287	0.01153	0.01879	0.31802	0.19812	0.01270	0.01584	0.01630	0.01452	0.01944	0.02183	0.26418	0.02265	0.01206	0.00777	0.00248	0.00742	0.01104	0.00442	0.00802
6	0.01685	0.01613	0.02751	0.17072	0.58434	0.01672	0.02147	0.02118	0.01585	0.02233	0.01326	0.01787	0.01095	0.00649	0.00706	0.00216	0.00865	0.00634	0.00346	0.01066
7	0.01541	0.10921	0.47482	0.02183	0.03106	0.01815	0.18619	0.02248	0.01541	0.02199	0.01287	0.01568	0.00947	0.00650	0.00693	0.00221	0.01058	0.00588	0.00316	0.01015
8	0.01327	0.00664	0.00664	0.00664	0.00830	0.00664	0.00498	0.01659	0.01493	0.02655	0.02323	0.02655	0.01825	0.00830	0.00498	0.00166	0.00332	0.00664	0.78928	0.00664
9	0.01641	0.11620	0.01868	0.01186	0.01760	0.07356	0.00978	0.01925	0.01499	0.02151	0.01197	0.01419	0.01017	0.00594	0.00622	0.00129	0.04431	0.00430	0.00395	0.57783

[dist]
# distance from previous block
# <min> <max>
0	2

[block]
# block no. 6 follows, 29 sequences, length 27
# corresponding to MSA columns:
# 141-167
name=unknown_G
#
# <colnr> <probs for GDERKNQSTAVLIFYWHMCP>
#	G	D	E	R	K	N	Q	S	T	A	V	L	I	F	Y	W	H	M	C	P
0	0.02133	0.02163	0.01784	0.01588	0.01993	0.24232	0.01225	0.08907	0.42265	0.02712	0.02225	0.02139	0.01692	0.00883	0.00697	0.00221	0.00812	0.00681	0.00610	0.01038
1	0.01327	0.00664	0.00664	0.00664	0.00830	0.00664	0.00498	0.01659	0.01493	0.02655	0.02323	0.02655	0.01825	0.00830	0.00498	0.00166	0.00332	0.00664	0.78928	0.00664
2	0.60905	0.01318	0.01155	0.00990	0.01445	0.01440	0.00811	0.02245	0.01383	0.13072	0.04355	0.01545	0.01197	0.00721	0.00504	0.00214	0.00548	0.00476	0.00520	0.05156
3	0.02145	0.01518	0.05665	0.20619	0.02758	0.01429	0.01400	0.13887	0.04060	0.21896	0.01828	0.01935	0.01279	0.00755	0.00676	0.00203	0.00737	0.00617	0.00576	0.16017
4	0.80005	0.01377	0.01047	0.00936	0.01377	0.01597	0.00771	0.02093	0.01212	0.03195	0.00991	0.01157	0.00771	0.00661	0.00441	0.00220	0.00551	0.00386	0.00441	0.00771
5	0.01196	0.00925	0.01114	0.01032	0.01258	0.00942	0.00784	0.01944	0.18566	0.02886	0.53601	0.04664	0.05600	0.01335	0.00811	0.00228	0.00392	0.01169	0.00769	0.00784
6	0.00994	0.00673	0.00789	0.00830	0.00840	0.00663	0.00488	0.01025	0.01116	0.01488	0.02657	0.21855	0.03111	0.57068	0.02956	0.00592	0.00622	0.01279	0.00488	0.00468
7	0.01147	0.00820	0.01147	0.01311	0.01475	0.00820	0.01147	0.01475	0.01639	0.02131	0.03770	0.08032	0.04098	0.01967	0.00984	0.00328	0.00656	0.65741	0.00656	0.00656
8	0.07042	0.01220	0.01622	0.01250	0.01796	0.01074	0.01033	0.03401	0.01997	0.67629	0.02718	0.02360	0.01713	0.00870	0.00702	0.00220	0.00603	0.00700	0.00859	0.01190
9	0.02598	0.01604	0.02588	0.01912	0.02522	0.01531	0.23074	0.16256	0.02188	0.34903	0.02136	0.02113	0.01426	0.00784	0.00756	0.00225	0.00837	0.00742	0.00676	0.01129
10	0.01558	0.01558	0.02181	0.01869	0.01869	0.02181	0.01558	0.01714	0.01091	0.01714	0.00935	0.01558	0.00935	0.01246	0.02337	0.00312	0.73672	0.00623	0.00312	0.00779
11	0.01431	0.01618	0.10239	0.01752	0.09678	0.06536	0.01314	0.01653	0.01255	0.01733	0.01555	0.02724	0.01586	0.27461	0.06118	0.00460	0.21041	0.00755	0.00365	0.00726
12	0.02534	0.15418	0.02304	0.01732	0.02139	0.60545	0.01350	0.02725	0.01923	0.01731	0.01082	0.01260	0.00917	0.00713	0.00611	0.00178	0.01197	0.00446	0.00356	0.00840
13	0.01345	0.01266	0.02136	0.73264	0.04904	0.01582	0.01978	0.01819	0.01424	0.01819	0.01266	0.01898	0.00949	0.00712	0.00712	0.00237	0.00949	0.00633	0.00316	0.00791
14	0.02022	0.20104	0.05055	0.01460	0.01958	0.10739	0.01252	0.14747	0.26031	0.02695	0.02146	0.02111	0.04982	0.00860	0.00650	0.00207	0.00751	0.00652	0.00554	0.01022
15	0.01246	0.00941	0.01280	0.01216	0.01407	0.01084	0.00954	0.08918	0.04894	0.02040	0.01936	0.02668	0.01736	0.04611	0.60451	0.00993	0.01712	0.00751	0.00436	0.00726
16	0.01327	0.00664	0.00664	0.00664	0.00830	0.00664	0.00498	0.01659	0.01493	0.02655	0.02323	0.02655	0.01825	0.00830	0.00498	0.00166	0.00332	0.00664	0.78928	0.00664
17	0.80005	0.01377	0.01047	0.00936	0.01377	0.01597	0.00771	0.02093	0.01212	0.03195	0.00991	0.01157	0.00771	0.00661	0.00441	0.00220	0.00551	0.00386	0.00441	0.00771
18	0.01345	0.01266	0.02136	0.73264	0.04904	0.01582	0.01978	0.01819	0.01424	0.01819	0.01266	0.01898	0.00949	0.00712	0.00712	0.00237	0.00949	0.00633	0.00316	0.00791
19	0.01327	0.00664	0.00664	0.00664	0.00830	0.00664	0.00498	0.01659	0.01493	0.02655	0.02323	0.02655	0.01825	0.00830	0.00498	0.00166	0.00332	0.00664	0.78928	0.00664
20	0.51032	0.01493	0.01611	0.01352	0.01711	0.01787	0.05872	0.05411	0.01326	0.02830	0.01047	0.01339	0.00856	0.00811	0.00950	0.00244	0.18610	0.00490	0.00417	0.00809
21	0.01095	0.00723	0.00937	0.01025	0.01144	0.00681	0.00727	0.01334	0.04259	0.06944	0.08151	0.54326	0.08474	0.01993	0.00883	0.00277	0.00438	0.05242	0.00687	0.00658
22	0.01771	0.01530	0.01610	0.01449	0.01852	0.01771	0.01127	0.03784	0.69247	0.02979	0.02898	0.02657	0.02174	0.00966	0.00725	0.00242	0.00564	0.00805	0.00725	0.01127
23	0.00973	0.00751	0.01030	0.01027	0.01184	0.00807	0.00792	0.01214	0.01309	0.01785	0.06898	0.03932	0.18900	0.04260	0.50749	0.00872	0.01442	0.00973	0.00472	0.00629
24	0.01080	0.00748	0.00905	0.00955	0.01117	0.00689	0.00722	0.01262	0.01505	0.05596	0.04704	0.19102	0.27018	0.13860	0.01338	0.00344	0.00510	0.17294	0.00634	0.00616
25	0.01470	0.01316	0.01676	0.04897	0.18577	0.06231	0.01222	0.06461	0.01639	0.02214	0.02379	0.31103	0.02548	0.01289	0.00755	0.00225	0.00650	0.01149	0.00514	0.13687
26	0.04371	0.02114	0.02213	0.02341	0.18971	0.21681	0.05511	0.06776	0.16044	0.07403	0.01721	0.01840	0.01322	0.00758	0.00686	0.00209	0.00891	0.00624	0.00500	0.04022

[dist]
# distance from previous block
# <min> <max>
0	7

# created by:
# /home/berkeley/.conda/envs/busco_data_prod/bin/msa2prfl.pl pipeline/OGs_align_augustus/5794/14730.fs
