[name]
unknown

[dist]
# distance from previous block
# <min> <max>
0	3

[block]
# block no. 0 follows, 26 sequences, length 75
# corresponding to MSA columns:
# 7-81
name=unknown_A
#
# <colnr> <probs for GDERKNQSTAVLIFYWHMCP>
#	G	D	E	R	K	N	Q	S	T	A	V	L	I	F	Y	W	H	M	C	P
0	0.05844	0.12932	0.14859	0.01622	0.02134	0.12043	0.01570	0.07741	0.01885	0.02439	0.02289	0.04070	0.02241	0.01241	0.00791	0.00261	0.00903	0.23714	0.00517	0.00906
1	0.02185	0.20738	0.22595	0.01734	0.02445	0.13678	0.01763	0.14309	0.02098	0.05654	0.04878	0.01762	0.01391	0.00801	0.00674	0.00210	0.00971	0.00584	0.00469	0.01061
2	0.01585	0.14852	0.14777	0.10520	0.02392	0.01661	0.01513	0.04890	0.03823	0.04351	0.05340	0.10938	0.02044	0.03634	0.08539	0.00356	0.03383	0.00851	0.00471	0.04078
3	0.02238	0.02195	0.02338	0.02229	0.10822	0.23751	0.08496	0.02641	0.05950	0.10108	0.07359	0.02186	0.01764	0.00991	0.01075	0.02842	0.10826	0.00719	0.00505	0.00966
4	0.14663	0.01299	0.01607	0.05864	0.06187	0.04756	0.05885	0.01959	0.01593	0.09619	0.06410	0.11616	0.06879	0.13481	0.01281	0.00325	0.00712	0.00996	0.00560	0.04308
5	0.01940	0.61699	0.15307	0.01447	0.02178	0.02787	0.01558	0.02294	0.01552	0.01892	0.01108	0.01283	0.00971	0.00661	0.00527	0.00176	0.00865	0.00432	0.00324	0.00999
6	0.01424	0.01097	0.01258	0.01091	0.01439	0.01016	0.00834	0.11507	0.01951	0.02691	0.12567	0.15081	0.16974	0.03836	0.03217	0.00269	0.00567	0.01175	0.03223	0.18782
7	0.02172	0.06478	0.10793	0.02233	0.09764	0.10739	0.11475	0.11447	0.05589	0.09918	0.01920	0.08016	0.01591	0.00939	0.00829	0.00238	0.03458	0.00803	0.00532	0.01067
8	0.02089	0.06226	0.05972	0.05097	0.25754	0.09258	0.03853	0.09311	0.01892	0.08211	0.01664	0.02226	0.01405	0.10158	0.01191	0.00291	0.03188	0.00704	0.00470	0.01040
9	0.07728	0.00784	0.00952	0.01047	0.01164	0.00770	0.00751	0.01279	0.01536	0.02200	0.12000	0.40017	0.06771	0.09890	0.01242	0.00343	0.00506	0.09705	0.00673	0.00641
10	0.11850	0.23130	0.23210	0.02078	0.09749	0.09743	0.05794	0.02406	0.01630	0.02305	0.01231	0.01476	0.00986	0.00695	0.00631	0.00212	0.00977	0.00522	0.00359	0.01016
11	0.01001	0.00699	0.00880	0.00970	0.01017	0.00667	0.00627	0.01119	0.01429	0.01928	0.11792	0.42435	0.04564	0.25085	0.01889	0.00437	0.00524	0.01717	0.00642	0.00579
12	0.57816	0.21169	0.01894	0.01079	0.01598	0.02056	0.00951	0.02241	0.01359	0.02962	0.01056	0.01228	0.00863	0.00689	0.00474	0.00215	0.00648	0.00409	0.00430	0.00863
13	0.01711	0.01808	0.10691	0.02291	0.21431	0.01340	0.01565	0.02149	0.01640	0.04500	0.01423	0.01696	0.01148	0.00627	0.00643	0.00165	0.00735	0.00539	0.00426	0.43473
14	0.01542	0.03798	0.65482	0.02310	0.07154	0.01764	0.02774	0.02398	0.01609	0.02407	0.01365	0.01618	0.00975	0.00718	0.00722	0.00239	0.01108	0.00567	0.00324	0.01126
15	0.01039	0.00709	0.00846	0.00909	0.00925	0.00693	0.00547	0.01086	0.01227	0.01637	0.03028	0.29152	0.03563	0.48056	0.02830	0.00583	0.00630	0.01478	0.00547	0.00515
16	0.01808	0.06629	0.13762	0.14536	0.34163	0.06028	0.07723	0.02325	0.01693	0.02294	0.01374	0.01799	0.01100	0.00698	0.00739	0.00229	0.01010	0.00648	0.00359	0.01082
17	0.11686	0.06856	0.13628	0.01814	0.02380	0.38072	0.01605	0.10942	0.02104	0.02510	0.01269	0.01442	0.00996	0.00772	0.00664	0.00210	0.01134	0.00512	0.00432	0.00972
18	0.02569	0.01368	0.01622	0.01311	0.01781	0.01370	0.01063	0.18949	0.06352	0.29963	0.02849	0.02753	0.05809	0.01234	0.04339	0.00277	0.00697	0.00792	0.13787	0.01115
19	0.01829	0.01753	0.02991	0.11968	0.61680	0.01789	0.02304	0.02285	0.01704	0.02419	0.01418	0.01893	0.01181	0.00685	0.00752	0.00228	0.00913	0.00676	0.00371	0.01162
20	0.01414	0.00707	0.00707	0.00707	0.00884	0.00707	0.00530	0.01767	0.01591	0.02828	0.02474	0.02828	0.01944	0.00884	0.00530	0.00177	0.00353	0.00707	0.77554	0.00707
21	0.00924	0.00660	0.00880	0.01056	0.01100	0.00616	0.00704	0.01056	0.01452	0.01936	0.04181	0.72848	0.05017	0.02376	0.00968	0.00308	0.00440	0.02156	0.00704	0.00616
22	0.02833	0.03615	0.02149	0.01954	0.02345	0.70298	0.01466	0.03029	0.02149	0.01856	0.01172	0.01368	0.00977	0.00782	0.00684	0.00195	0.01368	0.00489	0.00391	0.00879
23	0.00924	0.00660	0.00880	0.01056	0.01100	0.00616	0.00704	0.01056	0.01452	0.01936	0.04181	0.72848	0.05017	0.02376	0.00968	0.00308	0.00440	0.02156	0.00704	0.00616
24	0.01594	0.00880	0.00899	0.00834	0.01063	0.00908	0.00642	0.09635	0.01832	0.03067	0.02394	0.02705	0.01864	0.00887	0.00558	0.00183	0.00412	0.00704	0.68159	0.00778
25	0.01521	0.03923	0.69413	0.02162	0.03283	0.01762	0.02802	0.02402	0.01601	0.02402	0.01361	0.01601	0.00961	0.00721	0.00721	0.00240	0.01121	0.00560	0.00320	0.01121
26	0.00940	0.00673	0.00895	0.01045	0.01104	0.00627	0.00705	0.01097	0.01528	0.02057	0.11183	0.65501	0.05251	0.02286	0.00960	0.00300	0.00431	0.02071	0.00718	0.00627
27	0.01692	0.01767	0.03225	0.15373	0.10623	0.01995	0.26518	0.02133	0.01530	0.02150	0.01314	0.01898	0.01081	0.00888	0.01371	0.00277	0.24105	0.00756	0.00358	0.00947
28	0.00924	0.00660	0.00880	0.01056	0.01100	0.00616	0.00704	0.01056	0.01452	0.01936	0.04181	0.72848	0.05017	0.02376	0.00968	0.00308	0.00440	0.02156	0.00704	0.00616
29	0.00905	0.00737	0.00801	0.00852	0.01047	0.00633	0.00613	0.01079	0.01648	0.02016	0.06665	0.26371	0.49891	0.02053	0.00917	0.00271	0.00400	0.01762	0.00704	0.00633
30	0.00924	0.00660	0.00880	0.01056	0.01100	0.00616	0.00704	0.01056	0.01452	0.01936	0.04181	0.72848	0.05017	0.02376	0.00968	0.00308	0.00440	0.02156	0.00704	0.00616
31	0.44165	0.02036	0.13769	0.01388	0.01993	0.01837	0.01322	0.12666	0.08923	0.03416	0.01456	0.01568	0.01085	0.00776	0.00594	0.00237	0.00725	0.00530	0.00522	0.00992
32	0.02028	0.73799	0.03975	0.01298	0.01947	0.03001	0.01298	0.02271	0.01541	0.01785	0.01055	0.01217	0.00973	0.00649	0.00487	0.00162	0.00811	0.00406	0.00324	0.00973
33	0.01647	0.01780	0.03698	0.15359	0.03883	0.01744	0.47157	0.02231	0.01780	0.02407	0.08792	0.02438	0.01782	0.00761	0.00870	0.00253	0.01129	0.00907	0.00425	0.00957
34	0.00959	0.00692	0.00916	0.01083	0.01154	0.00649	0.00761	0.01121	0.01503	0.01983	0.04342	0.61584	0.08219	0.02318	0.00974	0.00310	0.00469	0.09633	0.00703	0.00627
35	0.01481	0.01398	0.02363	0.64208	0.12156	0.01698	0.02131	0.01981	0.01540	0.01997	0.01357	0.02006	0.01032	0.00749	0.00758	0.00250	0.00999	0.00674	0.00341	0.00882
36	0.01256	0.00939	0.01135	0.01191	0.01344	0.00961	0.00845	0.08531	0.09732	0.02399	0.03789	0.56515	0.04279	0.02051	0.00921	0.00293	0.00503	0.01836	0.00718	0.00761
37	0.10224	0.01681	0.02118	0.01731	0.02130	0.05319	0.09485	0.07893	0.12741	0.02636	0.01677	0.02009	0.01371	0.01491	0.09582	0.00363	0.15456	0.00681	0.00492	0.10919
38	0.01976	0.01871	0.02161	0.01985	0.09332	0.10604	0.03619	0.12900	0.01960	0.02677	0.07120	0.02013	0.01634	0.00932	0.01131	0.00223	0.17747	0.00665	0.00489	0.18962
39	0.02109	0.01939	0.02402	0.03022	0.32539	0.11625	0.01779	0.09125	0.10472	0.05708	0.02029	0.02759	0.01735	0.00944	0.00781	0.00241	0.00887	0.08263	0.00533	0.01107
40	0.06246	0.01522	0.02244	0.58989	0.08575	0.05912	0.02002	0.02046	0.01554	0.02054	0.01324	0.01925	0.01009	0.00752	0.00736	0.00247	0.01001	0.00647	0.00351	0.00865
41	0.02745	0.02793	0.02153	0.01794	0.02301	0.35748	0.01406	0.29433	0.02695	0.03139	0.01460	0.01576	0.01121	0.00817	0.00705	0.00202	0.01074	0.00567	0.00551	0.07721
42	0.06754	0.17363	0.29983	0.01695	0.02508	0.01938	0.01863	0.09608	0.01908	0.16999	0.01683	0.01736	0.01189	0.00773	0.00671	0.00221	0.00892	0.00577	0.00511	0.01128
43	0.01875	0.07090	0.36156	0.01832	0.02613	0.06335	0.02029	0.02725	0.11036	0.10055	0.02052	0.02610	0.01632	0.00940	0.00752	0.00246	0.00945	0.07495	0.00502	0.01080
44	0.03403	0.01291	0.01760	0.01350	0.01936	0.01115	0.01115	0.03697	0.02171	0.69137	0.02992	0.02582	0.01878	0.00939	0.00763	0.00235	0.00645	0.00763	0.00939	0.01291
45	0.01691	0.02049	0.10292	0.02614	0.11232	0.05993	0.24193	0.02149	0.01658	0.02268	0.05427	0.04779	0.05298	0.00985	0.01177	0.00263	0.15692	0.00866	0.00419	0.00956
46	0.09698	0.02184	0.02728	0.02121	0.02698	0.15280	0.22210	0.12680	0.11279	0.08873	0.01810	0.01958	0.01335	0.00797	0.00763	0.00236	0.01010	0.00719	0.00555	0.01066
47	0.00944	0.00668	0.00874	0.01031	0.01070	0.00629	0.00677	0.01061	0.01414	0.01885	0.03983	0.65372	0.04768	0.10192	0.01287	0.00355	0.00473	0.02040	0.00677	0.00599
48	0.00941	0.00761	0.00843	0.00896	0.01104	0.00664	0.00677	0.01141	0.01681	0.02055	0.06606	0.19329	0.49116	0.02025	0.00928	0.00277	0.00432	0.09176	0.00704	0.00643
49	0.01851	0.01775	0.03031	0.08625	0.64849	0.01795	0.02315	0.02305	0.01715	0.02446	0.01422	0.01886	0.01190	0.00681	0.00751	0.00227	0.00908	0.00676	0.00373	0.01180
50	0.02657	0.01790	0.02254	0.01757	0.02334	0.01884	0.08347	0.28743	0.18177	0.20245	0.02384	0.02276	0.01666	0.00916	0.00778	0.00240	0.00780	0.00768	0.00766	0.01240
51	0.02823	0.02002	0.02170	0.01674	0.02248	0.02193	0.01371	0.58917	0.03354	0.08525	0.01922	0.02030	0.01402	0.04668	0.00920	0.00254	0.00818	0.00710	0.00754	0.01247
52	0.01278	0.01080	0.01519	0.01409	0.01477	0.01368	0.01101	0.01468	0.01180	0.01733	0.01749	0.02877	0.01743	0.15674	0.36603	0.00843	0.25002	0.00812	0.00391	0.00691
53	0.01833	0.44634	0.27336	0.01718	0.02543	0.02495	0.05660	0.02327	0.01577	0.02043	0.01192	0.01403	0.00979	0.00674	0.00594	0.00196	0.00949	0.00490	0.00326	0.01029
54	0.01084	0.00813	0.01219	0.01219	0.01354	0.00948	0.00948	0.01354	0.01219	0.01761	0.02032	0.02980	0.01896	0.05689	0.70337	0.01219	0.02032	0.00813	0.00406	0.00677
55	0.03224	0.01578	0.01938	0.01486	0.02080	0.01541	0.01228	0.25202	0.02652	0.46952	0.02589	0.02319	0.01675	0.00929	0.00761	0.00232	0.00711	0.00735	0.00877	0.01291
56	0.06248	0.04128	0.01911	0.01553	0.01978	0.11390	0.01247	0.25468	0.14693	0.03331	0.01941	0.02070	0.01496	0.01210	0.05043	0.00288	0.05244	0.00676	0.09032	0.01053
57	0.01548	0.01467	0.02485	0.54090	0.21748	0.01716	0.02164	0.02040	0.01572	0.02079	0.01369	0.01984	0.01061	0.00737	0.00756	0.00246	0.00982	0.00675	0.00347	0.00936
58	0.01103	0.00735	0.00827	0.00827	0.00827	0.00735	0.00460	0.01103	0.01103	0.01471	0.02390	0.04964	0.02758	0.73343	0.03861	0.00735	0.00735	0.01103	0.00460	0.00460
59	0.23548	0.01405	0.01629	0.01287	0.01844	0.01372	0.01063	0.08340	0.02048	0.46319	0.02379	0.02159	0.01547	0.00874	0.00684	0.00234	0.00645	0.00662	0.00798	0.01165
60	0.01563	0.01442	0.02131	0.10383	0.32010	0.01487	0.01636	0.02235	0.12774	0.02420	0.03403	0.03531	0.19646	0.01084	0.00795	0.00242	0.00722	0.00958	0.00528	0.01009
61	0.00957	0.00729	0.00885	0.00974	0.01118	0.00658	0.00705	0.01153	0.01651	0.02126	0.12397	0.36961	0.27380	0.02102	0.00942	0.00286	0.00434	0.07183	0.00718	0.00643
62	0.01793	0.01731	0.02960	0.10386	0.47433	0.01769	0.09099	0.02405	0.07371	0.02463	0.01672	0.04499	0.01409	0.00770	0.00777	0.00237	0.00910	0.00768	0.00419	0.01127
63	0.10327	0.01947	0.01474	0.01365	0.01655	0.25389	0.01020	0.02403	0.10199	0.02348	0.07579	0.02674	0.02081	0.10584	0.07086	0.00367	0.00960	0.00735	0.08995	0.00810
64	0.01432	0.01348	0.02275	0.71520	0.05224	0.01685	0.02107	0.01938	0.01517	0.01938	0.01348	0.02022	0.01011	0.00758	0.00758	0.00253	0.01011	0.00674	0.00337	0.00843
65	0.02694	0.02279	0.01977	0.01686	0.02156	0.24057	0.01345	0.21794	0.08160	0.15101	0.02172	0.02635	0.01720	0.01013	0.00768	0.00234	0.00939	0.07519	0.00666	0.01084
66	0.02851	0.01770	0.01879	0.01497	0.02019	0.09060	0.01211	0.25189	0.02640	0.30634	0.08680	0.02639	0.04416	0.01004	0.00770	0.00229	0.00754	0.00792	0.00798	0.01168
67	0.00963	0.00771	0.00861	0.00839	0.01066	0.00669	0.00629	0.01218	0.01887	0.02424	0.30530	0.06683	0.45224	0.01781	0.00896	0.00250	0.00374	0.01514	0.00754	0.00669
68	0.01084	0.00780	0.01037	0.01046	0.01209	0.00733	0.00806	0.01416	0.01998	0.02781	0.49552	0.13537	0.06416	0.01740	0.00930	0.00266	0.00429	0.12741	0.00796	0.00702
69	0.01872	0.46799	0.08874	0.01400	0.01952	0.09820	0.01339	0.02145	0.01597	0.01873	0.01662	0.14274	0.01707	0.00983	0.00616	0.00199	0.00831	0.00746	0.00400	0.00911
70	0.00930	0.00737	0.00837	0.00881	0.01063	0.00644	0.00634	0.01128	0.01707	0.02158	0.15356	0.26595	0.40642	0.02003	0.00918	0.00269	0.00397	0.01733	0.00723	0.00644
71	0.01432	0.01348	0.02275	0.71520	0.05224	0.01685	0.02107	0.01938	0.01517	0.01938	0.01348	0.02022	0.01011	0.00758	0.00758	0.00253	0.01011	0.00674	0.00337	0.00843
72	0.01959	0.10160	0.14434	0.01944	0.08020	0.08555	0.01633	0.05374	0.34098	0.02749	0.02182	0.02174	0.01664	0.00873	0.00721	0.00234	0.00825	0.00697	0.00570	0.01134
73	0.02457	0.02156	0.01910	0.01661	0.02065	0.22175	0.01298	0.06595	0.24753	0.14663	0.02192	0.02177	0.01636	0.01013	0.00966	0.02862	0.07024	0.00698	0.00635	0.01064
74	0.00935	0.00709	0.00901	0.03367	0.01221	0.00658	0.00721	0.01094	0.01520	0.01963	0.04921	0.54816	0.19983	0.02213	0.00944	0.00294	0.00446	0.01974	0.00692	0.00630

[dist]
# distance from previous block
# <min> <max>
0	2

[block]
# block no. 1 follows, 26 sequences, length 24
# corresponding to MSA columns:
# 84,86-108
name=unknown_B
#
# <colnr> <probs for GDERKNQSTAVLIFYWHMCP>
#	G	D	E	R	K	N	Q	S	T	A	V	L	I	F	Y	W	H	M	C	P
0	0.01650	0.16789	0.23108	0.01625	0.02211	0.07886	0.01666	0.02211	0.06695	0.02144	0.02494	0.07348	0.11174	0.01091	0.00909	0.00239	0.08557	0.00819	0.00446	0.00940
1	0.57532	0.01398	0.01285	0.01326	0.07353	0.01572	0.00946	0.02204	0.03994	0.03251	0.08495	0.01893	0.01643	0.00813	0.00554	0.00233	0.00581	0.00567	0.03505	0.00854
2	0.04114	0.18042	0.22740	0.01836	0.07423	0.01943	0.01727	0.09371	0.08896	0.02615	0.01885	0.09596	0.01649	0.00945	0.00693	0.00227	0.00825	0.00759	0.03674	0.01040
3	0.00956	0.00683	0.00917	0.01093	0.01151	0.00644	0.00760	0.01112	0.01484	0.01972	0.04163	0.65885	0.04946	0.02346	0.00977	0.00313	0.00468	0.08800	0.00703	0.00625
4	0.01644	0.01634	0.02491	0.02315	0.09317	0.02114	0.07062	0.01890	0.01281	0.01941	0.01177	0.01829	0.01109	0.01575	0.08010	0.00390	0.52302	0.00697	0.00347	0.00873
5	0.01580	0.03512	0.55197	0.02388	0.03432	0.01796	0.16607	0.02408	0.01643	0.02408	0.01399	0.01699	0.01002	0.00703	0.00759	0.00244	0.01156	0.00634	0.00334	0.01100
6	0.01073	0.00768	0.00970	0.00970	0.01050	0.00806	0.00659	0.01197	0.01215	0.01644	0.02827	0.04460	0.09527	0.39787	0.28911	0.00868	0.01192	0.01046	0.00466	0.00562
7	0.01521	0.03923	0.69413	0.02162	0.03283	0.01762	0.02802	0.02402	0.01601	0.02402	0.01361	0.01601	0.00961	0.00721	0.00721	0.00240	0.01121	0.00560	0.00320	0.01121
8	0.00994	0.00790	0.00910	0.00976	0.01191	0.00706	0.00776	0.01227	0.01711	0.02104	0.06318	0.13172	0.44311	0.02010	0.00947	0.00288	0.00481	0.19731	0.00703	0.00655
9	0.03357	0.01364	0.01806	0.01384	0.01973	0.01224	0.01144	0.09202	0.02294	0.63457	0.02889	0.02515	0.01826	0.00936	0.00762	0.00234	0.00662	0.00756	0.00923	0.01291
10	0.01873	0.01438	0.01940	0.01642	0.02032	0.01497	0.09864	0.25459	0.02355	0.03205	0.02765	0.17044	0.02706	0.01408	0.00859	0.00269	0.00747	0.14490	0.07462	0.00946
11	0.00929	0.00669	0.00880	0.01040	0.01098	0.00621	0.00699	0.01072	0.01490	0.01982	0.06720	0.67616	0.07723	0.02327	0.00962	0.00303	0.00435	0.02104	0.00709	0.00621
12	0.01074	0.00775	0.01014	0.00954	0.01133	0.00716	0.00716	0.01431	0.02147	0.03042	0.68211	0.05666	0.07157	0.01551	0.00895	0.00239	0.00358	0.01372	0.00835	0.00716
13	0.02794	0.07010	0.02238	0.01922	0.02326	0.67043	0.01457	0.02992	0.02120	0.01853	0.01167	0.01361	0.00977	0.00775	0.00674	0.00194	0.01341	0.00485	0.00388	0.00884
14	0.00924	0.00660	0.00880	0.01056	0.01100	0.00616	0.00704	0.01056	0.01452	0.01936	0.04181	0.72848	0.05017	0.02376	0.00968	0.00308	0.00440	0.02156	0.00704	0.00616
15	0.01018	0.00810	0.01270	0.01288	0.01410	0.00757	0.07760	0.01205	0.01489	0.01990	0.03894	0.65180	0.04598	0.02188	0.00960	0.00302	0.00531	0.02020	0.00669	0.00660
16	0.01573	0.01348	0.01573	0.01123	0.01798	0.01011	0.00899	0.01910	0.01573	0.02472	0.01348	0.01573	0.01123	0.00562	0.00562	0.00112	0.00562	0.00449	0.00449	0.77980
17	0.01718	0.01640	0.02791	0.28605	0.45908	0.01760	0.02249	0.02188	0.01652	0.02285	0.01399	0.01929	0.01133	0.00705	0.00754	0.00235	0.00941	0.00675	0.00362	0.01073
18	0.02420	0.01894	0.02016	0.01652	0.02176	0.02136	0.01330	0.37250	0.33153	0.04033	0.02409	0.02290	0.01766	0.00966	0.00765	0.00241	0.00726	0.00764	0.00765	0.01248
19	0.01364	0.01001	0.01229	0.01052	0.01404	0.00864	0.00806	0.01762	0.04702	0.06336	0.33766	0.10041	0.07309	0.01287	0.00789	0.00208	0.00453	0.01119	0.00706	0.23800
20	0.01833	0.52144	0.07307	0.01536	0.02159	0.02506	0.09136	0.02149	0.01574	0.01920	0.01648	0.07737	0.03874	0.00848	0.00606	0.00194	0.00837	0.00669	0.00378	0.00944
21	0.01521	0.03923	0.69413	0.02162	0.03283	0.01762	0.02802	0.02402	0.01601	0.02402	0.01361	0.01601	0.00961	0.00721	0.00721	0.00240	0.01121	0.00560	0.00320	0.01121
22	0.03269	0.01321	0.01756	0.01367	0.01939	0.01183	0.01122	0.03726	0.07913	0.63316	0.03001	0.02604	0.01916	0.00947	0.00764	0.00237	0.00641	0.00771	0.00924	0.01283
23	0.01782	0.01705	0.02906	0.19017	0.54997	0.01777	0.02280	0.02244	0.01682	0.02362	0.01410	0.01908	0.01161	0.00694	0.00753	0.00231	0.00925	0.00675	0.00367	0.01124

[dist]
# distance from previous block
# <min> <max>
0	16

[block]
# block no. 2 follows, 26 sequences, length 28
# corresponding to MSA columns:
# 125-152
name=unknown_C
#
# <colnr> <probs for GDERKNQSTAVLIFYWHMCP>
#	G	D	E	R	K	N	Q	S	T	A	V	L	I	F	Y	W	H	M	C	P
0	0.02540	0.01569	0.01851	0.01505	0.01990	0.01671	0.01222	0.27868	0.11056	0.21792	0.02353	0.02393	0.01707	0.01880	0.14534	0.00430	0.00989	0.00754	0.00741	0.01157
1	0.01034	0.00776	0.01015	0.01105	0.01136	0.00812	0.00752	0.01143	0.01354	0.01833	0.03505	0.52228	0.04164	0.16318	0.01694	0.00395	0.07714	0.01797	0.00618	0.00607
2	0.00896	0.00768	0.00768	0.00768	0.01025	0.00640	0.00576	0.01089	0.01729	0.02049	0.07684	0.07300	0.68304	0.01921	0.00896	0.00256	0.00384	0.01601	0.00704	0.00640
3	0.01573	0.01348	0.01573	0.01123	0.01798	0.01011	0.00899	0.01910	0.01573	0.02472	0.01348	0.01573	0.01123	0.00562	0.00562	0.00112	0.00562	0.00449	0.00449	0.77980
4	0.02748	0.02057	0.02200	0.01718	0.02301	0.02289	0.01409	0.57634	0.12236	0.04561	0.01993	0.01958	0.01430	0.00927	0.00761	0.00232	0.00803	0.00707	0.00761	0.01278
5	0.00923	0.00666	0.00874	0.01039	0.01096	0.00618	0.00697	0.01058	0.01468	0.01943	0.04385	0.69024	0.08709	0.02350	0.00964	0.00305	0.00437	0.02124	0.00704	0.00618
6	0.02046	0.01619	0.01863	0.01531	0.01957	0.10661	0.09504	0.12701	0.02121	0.12293	0.03453	0.03709	0.17922	0.01240	0.00885	0.03339	0.00773	0.04336	0.07128	0.00921
7	0.01432	0.01348	0.02275	0.71520	0.05224	0.01685	0.02107	0.01938	0.01517	0.01938	0.01348	0.02022	0.01011	0.00758	0.00758	0.00253	0.01011	0.00674	0.00337	0.00843
8	0.00947	0.00701	0.00851	0.00952	0.01047	0.00642	0.00641	0.01086	0.01503	0.01949	0.07465	0.45121	0.20298	0.11526	0.01326	0.00348	0.00462	0.01850	0.00678	0.00606
9	0.02191	0.01880	0.01894	0.01442	0.02061	0.09056	0.01160	0.25589	0.02367	0.03252	0.01503	0.01642	0.01169	0.00714	0.00647	0.00164	0.00750	0.00539	0.00557	0.41424
10	0.07465	0.41444	0.11459	0.01442	0.02109	0.08564	0.01427	0.02496	0.01660	0.09671	0.01340	0.01454	0.01073	0.00702	0.00568	0.00186	0.00853	0.00476	0.00417	0.05194
11	0.01933	0.33489	0.21028	0.05610	0.02478	0.02128	0.01679	0.02382	0.01624	0.08850	0.01390	0.01554	0.01084	0.00692	0.00604	0.00189	0.00856	0.00505	0.00403	0.11522
12	0.01669	0.11070	0.05146	0.32722	0.10084	0.01970	0.01830	0.02443	0.14522	0.02224	0.01630	0.02012	0.01280	0.00840	0.00881	0.00246	0.07360	0.00670	0.00424	0.00976
13	0.00932	0.00722	0.00849	0.00918	0.01072	0.00640	0.00650	0.01119	0.01663	0.02130	0.14088	0.35599	0.32765	0.02071	0.00927	0.00276	0.00405	0.01812	0.00721	0.00640
14	0.02149	0.10778	0.11451	0.11100	0.02950	0.21604	0.10425	0.11526	0.02078	0.02494	0.05260	0.01875	0.01408	0.00799	0.00728	0.00220	0.01078	0.00647	0.00444	0.00985
15	0.01966	0.04747	0.07425	0.27648	0.07032	0.01973	0.05555	0.19969	0.10725	0.02968	0.01710	0.02003	0.01272	0.00817	0.00754	0.00241	0.00919	0.00694	0.00513	0.01068
16	0.00921	0.00774	0.00827	0.00827	0.01068	0.00681	0.00625	0.01123	0.01662	0.02011	0.06944	0.06734	0.59605	0.02415	0.09992	0.00382	0.00600	0.01498	0.00665	0.00645
17	0.00919	0.00681	0.00859	0.01001	0.01086	0.00621	0.00680	0.01062	0.01505	0.01958	0.04853	0.60263	0.17168	0.02289	0.00954	0.00298	0.00429	0.02050	0.00704	0.00621
18	0.01883	0.23941	0.32361	0.01722	0.02532	0.02088	0.01940	0.10659	0.01876	0.05168	0.01800	0.02133	0.04192	0.00851	0.00681	0.00221	0.00921	0.03526	0.00438	0.01065
19	0.01515	0.10845	0.01829	0.01441	0.01624	0.07811	0.01129	0.01878	0.08096	0.02008	0.02629	0.32961	0.02890	0.01619	0.01221	0.00279	0.17595	0.01289	0.00544	0.00797
20	0.00963	0.00688	0.00925	0.01101	0.01162	0.00650	0.00772	0.01124	0.01491	0.01980	0.04159	0.64427	0.04931	0.02340	0.00979	0.00313	0.00474	0.10192	0.00703	0.00627
21	0.01398	0.03299	0.55825	0.01886	0.02836	0.01540	0.02362	0.02142	0.01627	0.02332	0.02613	0.02729	0.14291	0.00958	0.00755	0.00243	0.00975	0.00766	0.00396	0.01026
22	0.07578	0.01774	0.01927	0.01568	0.02063	0.01942	0.01297	0.46478	0.03022	0.04170	0.08767	0.03086	0.02269	0.01123	0.00792	0.00246	0.00751	0.09287	0.00739	0.01120
23	0.01164	0.00905	0.01271	0.01227	0.01313	0.01078	0.00925	0.01357	0.01184	0.01701	0.01981	0.03277	0.01983	0.21155	0.45695	0.00988	0.10881	0.00862	0.00409	0.00646
24	0.01541	0.01459	0.02472	0.55160	0.20733	0.01714	0.02161	0.02033	0.01568	0.02070	0.01367	0.01987	0.01058	0.00738	0.00757	0.00246	0.00984	0.00675	0.00346	0.00930
25	0.01258	0.00908	0.01128	0.01131	0.01344	0.00892	0.00878	0.01791	0.10433	0.05255	0.27241	0.16816	0.12234	0.01741	0.00916	0.00276	0.00485	0.13732	0.00768	0.00774
26	0.11601	0.01473	0.02454	0.01973	0.02311	0.01667	0.20772	0.01907	0.01388	0.02194	0.01508	0.02155	0.01316	0.02472	0.24056	0.00588	0.18189	0.00750	0.00390	0.00837
27	0.12579	0.01510	0.01704	0.01368	0.01860	0.01563	0.01113	0.24562	0.04556	0.23216	0.15248	0.02761	0.02595	0.01022	0.00749	0.00234	0.00645	0.00813	0.00790	0.01112

[dist]
# distance from previous block
# <min> <max>
0	983

# created by:
# /home/berkeley/.conda/envs/busco_data_prod/bin/msa2prfl.pl pipeline/OGs_align_augustus/5794/15005.fs
