[name]
unknown

[dist]
# distance from previous block
# <min> <max>
12	27

[block]
# block no. 0 follows, 27 sequences, length 100
# corresponding to MSA columns:
# 30-129
name=unknown_A
#
# <colnr> <probs for GDERKNQSTAVLIFYWHMCP>
#	G	D	E	R	K	N	Q	S	T	A	V	L	I	F	Y	W	H	M	C	P
0	0.02490	0.08342	0.12995	0.01892	0.11280	0.01516	0.01530	0.08135	0.02004	0.33211	0.04558	0.05102	0.01784	0.00900	0.00726	0.00225	0.00752	0.00742	0.00665	0.01150
1	0.01849	0.49807	0.03161	0.01332	0.01885	0.02383	0.04091	0.07830	0.01736	0.02106	0.02173	0.02569	0.10099	0.00921	0.00609	0.00194	0.00754	0.05148	0.00433	0.00921
2	0.01641	0.02500	0.31712	0.01605	0.02450	0.01439	0.01750	0.08357	0.01740	0.02608	0.01370	0.01575	0.01045	0.00651	0.00637	0.00176	0.00816	0.00510	0.00414	0.37004
3	0.07741	0.01624	0.02033	0.01652	0.02123	0.03923	0.09332	0.25665	0.04506	0.12636	0.02403	0.12528	0.02116	0.01159	0.00794	0.00250	0.00771	0.07035	0.00677	0.01033
4	0.02773	0.03538	0.02104	0.01913	0.02295	0.70930	0.01434	0.02964	0.02104	0.01817	0.01148	0.01339	0.00956	0.00765	0.00669	0.00191	0.01339	0.00478	0.00383	0.00861
5	0.07929	0.02795	0.01938	0.08836	0.02386	0.47220	0.01363	0.07709	0.01999	0.02127	0.01314	0.01745	0.01130	0.07337	0.00947	0.00250	0.01152	0.00560	0.00417	0.00848
6	0.01668	0.01614	0.02453	0.21688	0.31699	0.05580	0.04748	0.02222	0.06380	0.02367	0.10343	0.02406	0.01953	0.00824	0.00759	0.00231	0.00863	0.00762	0.00445	0.00994
7	0.01384	0.00692	0.00692	0.00692	0.00865	0.00692	0.00519	0.01730	0.01557	0.02768	0.02422	0.02768	0.01903	0.00865	0.00519	0.00173	0.00346	0.00692	0.78031	0.00692
8	0.01217	0.00773	0.00900	0.00882	0.01020	0.00713	0.00590	0.01333	0.01451	0.08350	0.07856	0.14714	0.20999	0.33474	0.02149	0.00461	0.00558	0.01335	0.00614	0.00612
9	0.01935	0.67221	0.10587	0.01356	0.02038	0.02815	0.01419	0.02236	0.01514	0.01808	0.01062	0.01229	0.00951	0.00642	0.00500	0.00167	0.00825	0.00412	0.00317	0.00967
10	0.01384	0.00692	0.00692	0.00692	0.00865	0.00692	0.00519	0.01730	0.01557	0.02768	0.02422	0.02768	0.01903	0.00865	0.00519	0.00173	0.00346	0.00692	0.78031	0.00692
11	0.63967	0.08877	0.01484	0.01077	0.01567	0.01856	0.00910	0.08432	0.01503	0.03301	0.01106	0.01260	0.00863	0.00703	0.00489	0.00222	0.00620	0.00427	0.00472	0.00863
12	0.02652	0.01321	0.01663	0.01353	0.01831	0.01273	0.01111	0.14526	0.05712	0.39182	0.11625	0.03373	0.02681	0.01108	0.00790	0.00241	0.00630	0.06958	0.00842	0.01128
13	0.04681	0.01342	0.01600	0.01262	0.01756	0.01270	0.01016	0.06848	0.08228	0.16447	0.08291	0.02456	0.04479	0.00898	0.00813	0.00194	0.06312	0.00699	0.00625	0.30783
14	0.21242	0.02655	0.08767	0.01702	0.02114	0.32078	0.01445	0.04734	0.01717	0.02338	0.01129	0.01396	0.00931	0.00841	0.00943	0.00230	0.13960	0.00504	0.00397	0.00876
15	0.01539	0.01319	0.01539	0.01100	0.01759	0.00990	0.00880	0.01869	0.01539	0.02419	0.01319	0.01539	0.01100	0.00550	0.00550	0.00110	0.00550	0.00440	0.00440	0.78449
16	0.01933	0.15933	0.03684	0.02394	0.03062	0.02127	0.37892	0.10009	0.10541	0.02617	0.01642	0.01920	0.01257	0.00708	0.00768	0.00230	0.01026	0.00755	0.00456	0.01045
17	0.01289	0.00645	0.00967	0.00967	0.00967	0.00645	0.00645	0.00967	0.00967	0.01289	0.01289	0.02257	0.01289	0.02579	0.02901	0.78401	0.00645	0.00645	0.00322	0.00322
18	0.02401	0.01101	0.01421	0.01172	0.01586	0.01014	0.00937	0.02869	0.07833	0.39495	0.20325	0.03371	0.03248	0.01079	0.00758	0.00227	0.00524	0.00907	0.08681	0.01049
19	0.02874	0.01997	0.02177	0.01669	0.02261	0.02180	0.01379	0.60410	0.03352	0.11268	0.01898	0.01858	0.01321	0.00894	0.00743	0.00223	0.00798	0.00676	0.00760	0.01263
20	0.01000	0.00720	0.00947	0.00969	0.01098	0.00667	0.00697	0.01273	0.01865	0.02601	0.46378	0.29127	0.06277	0.01798	0.00901	0.00257	0.00378	0.01609	0.00773	0.00667
21	0.02722	0.02401	0.02147	0.01742	0.02267	0.19461	0.01396	0.45159	0.08931	0.03820	0.01735	0.01760	0.01276	0.00870	0.00725	0.00217	0.00927	0.00636	0.00654	0.01154
22	0.01563	0.01547	0.02020	0.01776	0.01828	0.05915	0.01456	0.01750	0.01205	0.01774	0.01214	0.01900	0.01173	0.02234	0.17827	0.00513	0.52508	0.00673	0.00345	0.00781
23	0.79154	0.01436	0.01091	0.00976	0.01436	0.01665	0.00804	0.02182	0.01263	0.03331	0.01034	0.01206	0.00804	0.00689	0.00459	0.00230	0.00574	0.00402	0.00459	0.00804
24	0.01854	0.01150	0.01283	0.01085	0.01450	0.01132	0.00862	0.17809	0.02220	0.13654	0.10609	0.04141	0.23338	0.01265	0.00759	0.00225	0.00517	0.01035	0.14710	0.00903
25	0.01048	0.00711	0.00815	0.00839	0.00854	0.00700	0.00487	0.01073	0.01150	0.01524	0.02772	0.14513	0.05420	0.61296	0.03278	0.00644	0.00667	0.01241	0.00492	0.00478
26	0.00950	0.00743	0.00867	0.00906	0.01093	0.00660	0.00681	0.01174	0.01723	0.02199	0.18629	0.19757	0.37657	0.01912	0.00906	0.00267	0.00413	0.08107	0.00714	0.00643
27	0.01384	0.00692	0.00692	0.00692	0.00865	0.00692	0.00519	0.01730	0.01557	0.02768	0.02422	0.02768	0.01903	0.00865	0.00519	0.00173	0.00346	0.00692	0.78031	0.00692
28	0.00897	0.00677	0.00830	0.00952	0.01055	0.00610	0.00653	0.01043	0.01500	0.01927	0.05085	0.54217	0.23477	0.02197	0.00927	0.00287	0.00415	0.01953	0.00689	0.00610
29	0.02190	0.02256	0.01855	0.01682	0.02049	0.27289	0.01324	0.10380	0.22625	0.02610	0.02224	0.02934	0.01911	0.01080	0.00847	0.00244	0.04488	0.10455	0.00584	0.00975
30	0.01384	0.00692	0.00692	0.00692	0.00865	0.00692	0.00519	0.01730	0.01557	0.02768	0.02422	0.02768	0.01903	0.00865	0.00519	0.00173	0.00346	0.00692	0.78031	0.00692
31	0.02728	0.02033	0.02175	0.01689	0.02266	0.02258	0.01388	0.60728	0.09720	0.04527	0.01902	0.01878	0.01359	0.00902	0.00744	0.00226	0.00795	0.00685	0.00744	0.01254
32	0.75229	0.01469	0.01150	0.01014	0.01480	0.01698	0.00835	0.05505	0.01378	0.03400	0.01072	0.01236	0.00828	0.00700	0.00474	0.00229	0.00587	0.00416	0.00474	0.00828
33	0.00958	0.00750	0.00868	0.00850	0.01055	0.00659	0.00633	0.01218	0.01867	0.02447	0.35593	0.09707	0.37267	0.01735	0.00880	0.00245	0.00367	0.01491	0.00748	0.00659
34	0.01624	0.01624	0.02274	0.01949	0.01949	0.02274	0.01624	0.01787	0.01137	0.01787	0.00975	0.01624	0.00975	0.01299	0.02436	0.00325	0.72552	0.00650	0.00325	0.00812
35	0.01402	0.01319	0.02227	0.72126	0.05113	0.01649	0.02062	0.01897	0.01484	0.01897	0.01319	0.01979	0.00990	0.00742	0.00742	0.00247	0.00990	0.00660	0.00330	0.00825
36	0.35185	0.01806	0.01746	0.01398	0.01935	0.02032	0.01154	0.39406	0.02546	0.04107	0.01465	0.01538	0.01068	0.00806	0.00623	0.00226	0.00714	0.00555	0.00623	0.01068
37	0.00948	0.00664	0.00849	0.00979	0.01011	0.00632	0.00630	0.01045	0.01337	0.01783	0.03660	0.56544	0.04366	0.19950	0.01645	0.00404	0.00502	0.01857	0.00630	0.00565
38	0.79154	0.01436	0.01091	0.00976	0.01436	0.01665	0.00804	0.02182	0.01263	0.03331	0.01034	0.01206	0.00804	0.00689	0.00459	0.00230	0.00574	0.00402	0.00459	0.00804
39	0.01015	0.00731	0.00960	0.00959	0.01101	0.00676	0.00698	0.01311	0.01934	0.02711	0.52935	0.22257	0.06489	0.01717	0.00893	0.00250	0.00370	0.01532	0.00786	0.00676
40	0.01734	0.01728	0.02666	0.02154	0.02337	0.02201	0.13816	0.06531	0.01420	0.02104	0.01131	0.01707	0.01024	0.01144	0.02022	0.00304	0.54041	0.00694	0.00364	0.00880
41	0.00982	0.00776	0.00889	0.00878	0.01086	0.00699	0.00651	0.01298	0.04336	0.02404	0.30213	0.13081	0.36521	0.01755	0.00879	0.00249	0.00380	0.01509	0.00740	0.00673
42	0.02822	0.02079	0.02228	0.01708	0.02302	0.02302	0.01411	0.66804	0.03490	0.04679	0.01782	0.01782	0.01262	0.00891	0.00743	0.00223	0.00817	0.00668	0.00743	0.01262
43	0.01057	0.00727	0.00821	0.00815	0.00857	0.00709	0.00485	0.01108	0.01236	0.01639	0.09043	0.05151	0.09741	0.59964	0.03218	0.00628	0.00651	0.01153	0.00508	0.00491
44	0.01027	0.00758	0.00959	0.00909	0.01094	0.00690	0.00681	0.01354	0.02044	0.02841	0.60321	0.05769	0.15656	0.01568	0.00876	0.00236	0.00354	0.01374	0.00799	0.00690
45	0.01534	0.01454	0.02466	0.51607	0.24598	0.01684	0.02127	0.02013	0.01547	0.02057	0.01343	0.01936	0.01046	0.00718	0.00740	0.00239	0.00957	0.00660	0.00341	0.00931
46	0.02822	0.02079	0.02228	0.01708	0.02302	0.02302	0.01411	0.66804	0.03490	0.04679	0.01782	0.01782	0.01262	0.00891	0.00743	0.00223	0.00817	0.00668	0.00743	0.01262
47	0.01239	0.00957	0.01019	0.00941	0.01222	0.00924	0.00723	0.08097	0.07879	0.02610	0.16274	0.05519	0.39319	0.01543	0.00818	0.00238	0.00432	0.01289	0.08198	0.00759
48	0.06489	0.01890	0.02005	0.02134	0.14988	0.09860	0.01420	0.09484	0.37461	0.02990	0.02257	0.02239	0.01723	0.00883	0.00723	0.00235	0.00753	0.00721	0.00619	0.01126
49	0.01196	0.00854	0.01196	0.01367	0.01538	0.00854	0.01196	0.01538	0.01709	0.02222	0.03931	0.08374	0.04272	0.02051	0.01025	0.00342	0.00684	0.64283	0.00684	0.00684
50	0.01985	0.74357	0.03890	0.01270	0.01905	0.02937	0.01270	0.02223	0.01508	0.01747	0.01032	0.01191	0.00953	0.00635	0.00476	0.00159	0.00794	0.00397	0.00318	0.00953
51	0.02239	0.01564	0.01642	0.01383	0.01837	0.05500	0.01099	0.15565	0.23864	0.18202	0.03519	0.03284	0.14783	0.01119	0.00770	0.00237	0.00645	0.00905	0.00756	0.01088
52	0.01249	0.00659	0.00937	0.00937	0.00937	0.00659	0.00607	0.00989	0.00989	0.01318	0.01492	0.02759	0.01562	0.16356	0.03071	0.63397	0.00659	0.00729	0.00347	0.00347
53	0.02088	0.02234	0.08709	0.01806	0.02359	0.13308	0.08008	0.13014	0.30191	0.02948	0.02106	0.02116	0.01584	0.00855	0.00735	0.00227	0.00862	0.00706	0.00592	0.05552
54	0.02209	0.20286	0.13174	0.01452	0.02140	0.01838	0.01405	0.11906	0.04093	0.16461	0.01703	0.01734	0.01251	0.00737	0.00631	0.00188	0.00755	0.00556	0.00542	0.16940
55	0.01593	0.01992	0.15695	0.23231	0.31336	0.01669	0.05425	0.02124	0.01597	0.02230	0.01506	0.05516	0.01267	0.00777	0.00749	0.00237	0.00950	0.00724	0.00363	0.01022
56	0.01767	0.08974	0.04212	0.02881	0.03578	0.02003	0.56537	0.02329	0.01693	0.02283	0.01426	0.01902	0.01101	0.00665	0.00927	0.00246	0.05305	0.00817	0.00367	0.00986
57	0.01120	0.00879	0.01272	0.07994	0.07698	0.00879	0.01089	0.01384	0.01583	0.02095	0.07115	0.34646	0.08510	0.01883	0.00922	0.00293	0.00584	0.18719	0.00632	0.00704
58	0.01477	0.01354	0.02279	0.05919	0.37267	0.01342	0.05765	0.01830	0.01625	0.02267	0.06121	0.24445	0.02667	0.01232	0.00819	0.00250	0.00738	0.01167	0.00493	0.00944
59	0.01486	0.01010	0.01454	0.01584	0.08031	0.01060	0.01138	0.05436	0.01600	0.09115	0.02620	0.10259	0.02545	0.03303	0.31674	0.00682	0.01255	0.14384	0.00556	0.00808
60	0.01176	0.00840	0.01173	0.01344	0.01506	0.00837	0.01161	0.01503	0.01689	0.02199	0.03942	0.12892	0.04317	0.02070	0.01020	0.00339	0.00666	0.59964	0.00684	0.00678
61	0.01803	0.16712	0.32286	0.02496	0.19099	0.02024	0.02169	0.08153	0.04085	0.02488	0.01390	0.01623	0.01076	0.00708	0.00673	0.00216	0.00943	0.00568	0.00382	0.01106
62	0.01458	0.01332	0.01792	0.02228	0.21070	0.05973	0.01354	0.01737	0.01589	0.02181	0.08220	0.19460	0.05141	0.01570	0.04156	0.00302	0.10354	0.04874	0.04374	0.00836
63	0.79154	0.01436	0.01091	0.00976	0.01436	0.01665	0.00804	0.02182	0.01263	0.03331	0.01034	0.01206	0.00804	0.00689	0.00459	0.00230	0.00574	0.00402	0.00459	0.00804
64	0.79154	0.01436	0.01091	0.00976	0.01436	0.01665	0.00804	0.02182	0.01263	0.03331	0.01034	0.01206	0.00804	0.00689	0.00459	0.00230	0.00574	0.00402	0.00459	0.00804
65	0.02773	0.03538	0.02104	0.01913	0.02295	0.70930	0.01434	0.02964	0.02104	0.01817	0.01148	0.01339	0.00956	0.00765	0.00669	0.00191	0.01339	0.00478	0.00383	0.00861
66	0.02571	0.01697	0.02410	0.02278	0.15252	0.01713	0.08995	0.20078	0.09161	0.24747	0.02172	0.02160	0.01519	0.00837	0.00759	0.00231	0.00797	0.00734	0.00686	0.01207
67	0.01857	0.01927	0.02594	0.26431	0.36349	0.13826	0.02059	0.02272	0.01695	0.02144	0.01327	0.01797	0.01076	0.00706	0.00726	0.00224	0.00997	0.00629	0.00358	0.01005
68	0.01084	0.00671	0.00823	0.00907	0.00967	0.00650	0.00600	0.01193	0.01342	0.01946	0.03105	0.37331	0.03453	0.15846	0.01586	0.07902	0.00488	0.01449	0.18091	0.00566
69	0.01908	0.08913	0.03064	0.08777	0.30502	0.06854	0.14374	0.05120	0.08615	0.02427	0.01541	0.01877	0.01230	0.00711	0.00736	0.00224	0.00953	0.00683	0.00418	0.01073
70	0.02515	0.09702	0.06771	0.01566	0.02128	0.08864	0.01352	0.17744	0.18962	0.19436	0.02201	0.02091	0.01571	0.00875	0.00709	0.00223	0.00783	0.00674	0.00678	0.01156
71	0.01039	0.00738	0.00888	0.00892	0.00964	0.00741	0.00582	0.01142	0.01260	0.01680	0.06891	0.07645	0.12126	0.43568	0.16068	0.00701	0.00884	0.01150	0.00504	0.00536
72	0.01016	0.00704	0.00817	0.00860	0.00895	0.00681	0.00521	0.01067	0.01224	0.01608	0.03279	0.22263	0.09659	0.49008	0.02789	0.00570	0.00614	0.01385	0.00533	0.00505
73	0.01770	0.20117	0.19738	0.02196	0.13999	0.04377	0.05659	0.06590	0.01790	0.02420	0.10170	0.02079	0.01816	0.00818	0.00749	0.00215	0.03396	0.00664	0.00426	0.01010
74	0.01788	0.03423	0.44129	0.02274	0.03166	0.15121	0.14939	0.02475	0.01707	0.02253	0.01330	0.01608	0.00980	0.00701	0.00732	0.00230	0.01174	0.00599	0.00339	0.01033
75	0.01217	0.01033	0.01696	0.01528	0.01729	0.01168	0.09224	0.01526	0.01317	0.01869	0.02055	0.03309	0.01959	0.04131	0.47497	0.00893	0.08566	0.08140	0.00421	0.00722
76	0.55803	0.01586	0.01560	0.01760	0.15185	0.04734	0.01146	0.02319	0.01436	0.06901	0.01221	0.01415	0.00945	0.00700	0.00541	0.00226	0.00674	0.00478	0.00464	0.00908
77	0.00902	0.00723	0.00807	0.00849	0.01034	0.00628	0.00613	0.01091	0.01658	0.02073	0.12780	0.25351	0.44951	0.01967	0.00897	0.00263	0.00389	0.01695	0.00702	0.00628
78	0.02193	0.01811	0.01680	0.01500	0.01825	0.19463	0.01187	0.10145	0.04539	0.13288	0.08590	0.03306	0.02347	0.01312	0.01100	0.08155	0.04953	0.11115	0.00608	0.00884
79	0.12768	0.54102	0.05812	0.01295	0.01909	0.02623	0.01262	0.05194	0.05383	0.02199	0.01191	0.01324	0.01021	0.00678	0.00511	0.00180	0.00764	0.00441	0.00381	0.00964
80	0.01086	0.00743	0.00913	0.01001	0.01091	0.00723	0.00697	0.03553	0.01486	0.02036	0.03633	0.40751	0.06826	0.15901	0.01447	0.00368	0.00515	0.07980	0.08635	0.00616
81	0.01556	0.11463	0.01757	0.01121	0.01672	0.01328	0.00923	0.04619	0.08062	0.02404	0.02660	0.02702	0.14309	0.00877	0.00631	0.00162	0.00565	0.00699	0.00514	0.41975
82	0.01045	0.00868	0.00968	0.00898	0.01204	0.00710	0.00668	0.01255	0.01596	0.02083	0.05257	0.20202	0.38430	0.01652	0.00813	0.00227	0.00430	0.01409	0.00628	0.19655
83	0.01855	0.02129	0.15598	0.13780	0.30105	0.01829	0.02099	0.12307	0.08038	0.02739	0.01582	0.01885	0.01216	0.00750	0.00733	0.00231	0.00903	0.00657	0.00445	0.01120
84	0.01815	0.09215	0.17890	0.16033	0.12198	0.05772	0.07446	0.08191	0.01797	0.04930	0.01612	0.06849	0.01347	0.00837	0.00729	0.00230	0.00953	0.00725	0.00423	0.01005
85	0.01644	0.01567	0.02664	0.34561	0.40786	0.01713	0.02182	0.02109	0.01599	0.02191	0.01362	0.01900	0.01093	0.00697	0.00738	0.00232	0.00930	0.00661	0.00351	0.01020
86	0.01061	0.00795	0.01193	0.01193	0.01326	0.00928	0.00928	0.01326	0.01193	0.01723	0.01988	0.02916	0.01856	0.05568	0.70968	0.01193	0.01988	0.00795	0.00398	0.00663
87	0.04824	0.01840	0.02207	0.15831	0.16223	0.12860	0.04478	0.04982	0.12170	0.11307	0.01844	0.02042	0.01379	0.00797	0.00718	0.00227	0.00879	0.00672	0.03687	0.01031
88	0.02081	0.01711	0.01811	0.01558	0.02020	0.01956	0.01232	0.19084	0.52416	0.03484	0.02723	0.02532	0.02024	0.00979	0.00752	0.00245	0.00643	0.00798	0.00752	0.01196
89	0.01717	0.02255	0.19541	0.03727	0.46065	0.01723	0.06736	0.02271	0.01679	0.02424	0.03837	0.01917	0.01326	0.00701	0.00742	0.00227	0.00941	0.00673	0.00371	0.01127
90	0.21563	0.01214	0.01402	0.01141	0.01625	0.01152	0.00931	0.02817	0.01851	0.41236	0.05800	0.02970	0.11167	0.01021	0.00699	0.00233	0.00570	0.00801	0.00770	0.01038
91	0.03331	0.01263	0.01723	0.01321	0.01895	0.01091	0.01091	0.03618	0.02125	0.69794	0.02929	0.02527	0.01838	0.00919	0.00747	0.00230	0.00632	0.00747	0.00919	0.01263
92	0.02694	0.08762	0.12502	0.01479	0.02119	0.01514	0.01387	0.05626	0.11081	0.41299	0.02471	0.02257	0.01652	0.00870	0.00715	0.00227	0.00720	0.00692	0.00739	0.01196
93	0.01169	0.00955	0.01402	0.01339	0.01446	0.01188	0.01062	0.01415	0.01182	0.01736	0.01793	0.02667	0.01686	0.04743	0.57732	0.01025	0.15617	0.00767	0.00384	0.00692
94	0.01061	0.00795	0.01193	0.01193	0.01326	0.00928	0.00928	0.01326	0.01193	0.01723	0.01988	0.02916	0.01856	0.05568	0.70968	0.01193	0.01988	0.00795	0.00398	0.00663
95	0.01402	0.01319	0.02227	0.72126	0.05113	0.01649	0.02062	0.01897	0.01484	0.01897	0.01319	0.01979	0.00990	0.00742	0.00742	0.00247	0.00990	0.00660	0.00330	0.00825
96	0.10092	0.01710	0.02713	0.09147	0.19762	0.04484	0.17528	0.02596	0.04132	0.15768	0.01717	0.01969	0.01264	0.00750	0.00794	0.00236	0.03082	0.00702	0.00498	0.01056
97	0.01259	0.00962	0.01396	0.15683	0.07810	0.00981	0.01171	0.01539	0.01590	0.05910	0.03875	0.26945	0.15909	0.01659	0.00874	0.00275	0.00618	0.10190	0.00602	0.00750
98	0.00929	0.00686	0.00876	0.01017	0.01110	0.00632	0.00718	0.01090	0.01498	0.01947	0.04686	0.55115	0.16244	0.02219	0.00943	0.00296	0.00446	0.08244	0.00689	0.00615
99	0.01649	0.01613	0.02542	0.40948	0.31240	0.05166	0.02119	0.02106	0.01600	0.02109	0.01342	0.01889	0.01064	0.00710	0.00736	0.00234	0.00963	0.00651	0.00348	0.00970

[dist]
# distance from previous block
# <min> <max>
0	3

[block]
# block no. 1 follows, 27 sequences, length 11
# corresponding to MSA columns:
# 133-143
name=unknown_B
#
# <colnr> <probs for GDERKNQSTAVLIFYWHMCP>
#	G	D	E	R	K	N	Q	S	T	A	V	L	I	F	Y	W	H	M	C	P
0	0.02733	0.13184	0.02336	0.01564	0.02093	0.07316	0.01317	0.28186	0.02484	0.22489	0.01878	0.01857	0.01332	0.00884	0.00839	0.00221	0.06843	0.00632	0.00664	0.01146
1	0.01361	0.01220	0.08808	0.05255	0.01790	0.00931	0.04397	0.01662	0.01630	0.10841	0.04207	0.29072	0.19803	0.01664	0.00865	0.00268	0.00601	0.04198	0.00641	0.00785
2	0.01447	0.00869	0.01081	0.01008	0.01238	0.00833	0.00761	0.01906	0.07475	0.11500	0.35771	0.13528	0.04859	0.01403	0.00803	0.00234	0.00417	0.01224	0.12843	0.00799
3	0.01707	0.19853	0.41942	0.01886	0.02695	0.06744	0.02178	0.02294	0.01538	0.02107	0.01207	0.01472	0.00948	0.00765	0.00860	0.00225	0.09723	0.00521	0.00320	0.01013
4	0.51230	0.01923	0.04356	0.01219	0.01718	0.14671	0.01018	0.02297	0.01471	0.02883	0.01105	0.01290	0.00877	0.00686	0.00522	0.00207	0.00738	0.00428	0.00436	0.10924
5	0.02379	0.01988	0.02057	0.02008	0.11040	0.12610	0.01420	0.20751	0.21602	0.09895	0.02202	0.02371	0.01685	0.00928	0.00747	0.00232	0.00816	0.03477	0.00655	0.01138
6	0.01771	0.10569	0.07649	0.04148	0.02042	0.06197	0.01216	0.07212	0.09495	0.04244	0.06145	0.02320	0.06220	0.00835	0.00656	0.00183	0.00699	0.00660	0.00519	0.27219
7	0.01658	0.01223	0.01542	0.01416	0.07317	0.01042	0.00996	0.02081	0.06174	0.10378	0.06145	0.12511	0.04132	0.00985	0.00688	0.00182	0.00556	0.00848	0.00577	0.39547
8	0.10096	0.01346	0.01587	0.01284	0.05038	0.01113	0.00967	0.02150	0.01593	0.11278	0.01502	0.01647	0.01168	0.00618	0.00575	0.00144	0.00579	0.00486	0.00501	0.56327
9	0.01797	0.01763	0.10775	0.01333	0.02038	0.01283	0.01214	0.11456	0.01852	0.05671	0.01459	0.01621	0.01134	0.00636	0.00607	0.00148	0.00665	0.00501	0.00488	0.53557
10	0.01950	0.01285	0.01716	0.01677	0.12224	0.01090	0.01138	0.02276	0.01752	0.19374	0.04775	0.02794	0.06896	0.00882	0.00692	0.00186	0.00609	0.04280	0.00596	0.33808

[dist]
# distance from previous block
# <min> <max>
6	8

[block]
# block no. 2 follows, 27 sequences, length 7
# corresponding to MSA columns:
# 152-158
name=unknown_C
#
# <colnr> <probs for GDERKNQSTAVLIFYWHMCP>
#	G	D	E	R	K	N	Q	S	T	A	V	L	I	F	Y	W	H	M	C	P
0	0.01700	0.01347	0.02288	0.02525	0.23745	0.01296	0.14194	0.02094	0.01680	0.08522	0.02379	0.10903	0.04840	0.00976	0.00747	0.00228	0.00736	0.00931	0.17922	0.00948
1	0.01613	0.16667	0.13400	0.15770	0.02951	0.01815	0.12428	0.07222	0.01698	0.02244	0.01862	0.15427	0.01770	0.01011	0.00744	0.00236	0.00889	0.00903	0.00435	0.00916
2	0.01442	0.01667	0.14508	0.01296	0.01862	0.01125	0.01211	0.07092	0.01738	0.02513	0.07243	0.14623	0.07145	0.01081	0.00712	0.00196	0.00629	0.00915	0.00529	0.32473
3	0.01460	0.08267	0.28571	0.01510	0.02109	0.01408	0.01628	0.01927	0.01558	0.07236	0.02995	0.08849	0.15654	0.01605	0.07728	0.00336	0.04857	0.00923	0.00478	0.00900
4	0.01994	0.01797	0.06380	0.01339	0.01746	0.15698	0.01112	0.09871	0.02113	0.13555	0.16858	0.03711	0.15193	0.04234	0.00906	0.00246	0.00732	0.00958	0.00659	0.00897
5	0.10370	0.01389	0.02082	0.01670	0.02075	0.01430	0.16384	0.07475	0.04645	0.02561	0.07383	0.03015	0.02100	0.08422	0.09137	0.00394	0.04885	0.05627	0.00507	0.08450
6	0.14984	0.01686	0.14471	0.01327	0.01846	0.01282	0.01261	0.02197	0.06347	0.11182	0.05144	0.08118	0.09638	0.01113	0.00780	0.00236	0.03366	0.04376	0.00573	0.10074

[dist]
# distance from previous block
# <min> <max>
31	103

[block]
# block no. 3 follows, 27 sequences, length 15
# corresponding to MSA columns:
# 269-283
name=unknown_D
#
# <colnr> <probs for GDERKNQSTAVLIFYWHMCP>
#	G	D	E	R	K	N	Q	S	T	A	V	L	I	F	Y	W	H	M	C	P
0	0.01019	0.00711	0.00864	0.00895	0.00957	0.00681	0.00576	0.01143	0.01434	0.01942	0.18638	0.22981	0.06990	0.35314	0.02241	0.00477	0.00544	0.01430	0.00608	0.00556
1	0.01387	0.00832	0.01038	0.00957	0.01201	0.00742	0.00721	0.01651	0.01900	0.14013	0.33841	0.11007	0.21305	0.04839	0.00991	0.00265	0.00428	0.01348	0.00775	0.00759
2	0.10369	0.10840	0.02587	0.01823	0.02388	0.16043	0.10548	0.30626	0.02504	0.03294	0.01450	0.01595	0.01098	0.00777	0.00686	0.00213	0.00956	0.00600	0.00539	0.01061
3	0.16821	0.02075	0.02180	0.02639	0.26996	0.16982	0.01582	0.05440	0.13376	0.02679	0.01573	0.01768	0.01251	0.00760	0.00672	0.00221	0.00869	0.00603	0.00472	0.01039
4	0.03067	0.01322	0.01715	0.01355	0.01901	0.01225	0.01106	0.03676	0.13822	0.57941	0.02945	0.02570	0.01914	0.00935	0.00748	0.00234	0.00624	0.00763	0.00890	0.01248
5	0.01687	0.01570	0.02695	0.07075	0.23129	0.01574	0.19109	0.08630	0.01833	0.02532	0.02296	0.02655	0.09274	0.01202	0.05987	0.00303	0.00968	0.00839	0.05661	0.00981
6	0.02262	0.09666	0.20005	0.01714	0.02373	0.07679	0.01677	0.17159	0.11962	0.12386	0.01849	0.01875	0.01340	0.00845	0.00774	0.00227	0.03887	0.00630	0.00567	0.01123
7	0.01652	0.01398	0.01455	0.01386	0.01655	0.11013	0.01093	0.02328	0.16227	0.06872	0.05949	0.03583	0.02446	0.02828	0.26649	0.00601	0.01215	0.10224	0.00575	0.00850
8	0.02750	0.01393	0.01706	0.01395	0.01909	0.01387	0.01124	0.03746	0.27893	0.43683	0.02965	0.02622	0.02005	0.00953	0.00750	0.00238	0.00614	0.00783	0.00855	0.01229
9	0.11069	0.02732	0.30588	0.01951	0.07108	0.08637	0.01901	0.06119	0.13542	0.06821	0.01705	0.01805	0.01250	0.00783	0.00688	0.00231	0.00911	0.00602	0.00480	0.01077
10	0.02327	0.02169	0.02427	0.09194	0.18439	0.19395	0.06121	0.12250	0.08350	0.09504	0.01700	0.01886	0.01282	0.00786	0.00733	0.00222	0.00971	0.00656	0.00517	0.01072
11	0.02532	0.01442	0.01699	0.01423	0.01914	0.01498	0.01136	0.03794	0.37559	0.33888	0.02979	0.02658	0.02068	0.00966	0.00751	0.00242	0.00608	0.00796	0.00831	0.01216
12	0.00939	0.00737	0.00833	0.00842	0.01029	0.00648	0.00610	0.01149	0.01723	0.02207	0.22649	0.15887	0.39830	0.06276	0.01065	0.00282	0.00398	0.01555	0.00708	0.00632
13	0.02563	0.07720	0.08376	0.01758	0.02299	0.29804	0.01493	0.21712	0.08383	0.06482	0.01608	0.01673	0.01211	0.00818	0.00693	0.00210	0.01020	0.00582	0.00540	0.01057
14	0.02155	0.15428	0.07644	0.01880	0.06809	0.12314	0.03708	0.07103	0.16782	0.08556	0.01779	0.01877	0.01374	0.00858	0.00866	0.00226	0.08443	0.00632	0.00515	0.01051

[dist]
# distance from previous block
# <min> <max>
0	20

[block]
# block no. 4 follows, 27 sequences, length 7
# corresponding to MSA columns:
# 304-310
name=unknown_E
#
# <colnr> <probs for GDERKNQSTAVLIFYWHMCP>
#	G	D	E	R	K	N	Q	S	T	A	V	L	I	F	Y	W	H	M	C	P
0	0.01475	0.00981	0.01163	0.01063	0.01356	0.00916	0.00822	0.09125	0.01981	0.10377	0.17390	0.16495	0.23594	0.01606	0.00852	0.00249	0.00487	0.05018	0.00736	0.04314
1	0.11172	0.02126	0.02657	0.06317	0.07497	0.18252	0.20575	0.05580	0.01871	0.10181	0.01511	0.01761	0.01130	0.00717	0.00720	0.00220	0.01019	0.00648	0.00467	0.05580
2	0.14443	0.02614	0.23440	0.02374	0.17516	0.10733	0.01914	0.09441	0.05975	0.02755	0.01429	0.01639	0.01091	0.00739	0.00675	0.00225	0.00933	0.00572	0.00432	0.01060
3	0.07975	0.02099	0.06037	0.10950	0.04711	0.13128	0.01476	0.20794	0.04888	0.02961	0.01459	0.01675	0.01121	0.00787	0.00758	0.00210	0.04360	0.00578	0.00502	0.13532
4	0.37987	0.08841	0.06752	0.06776	0.02201	0.10268	0.05550	0.02358	0.01509	0.06847	0.01237	0.01457	0.00954	0.00734	0.00654	0.00225	0.03823	0.00504	0.00434	0.00889
5	0.00975	0.00732	0.00883	0.00891	0.01047	0.00662	0.00638	0.01206	0.01766	0.02359	0.33076	0.19233	0.23992	0.07814	0.01132	0.00292	0.00404	0.01535	0.00725	0.00639
6	0.00998	0.00736	0.00885	0.00939	0.01065	0.00684	0.00673	0.01175	0.01555	0.02022	0.13849	0.21410	0.22011	0.18094	0.01563	0.00377	0.00504	0.10206	0.00653	0.00600

[dist]
# distance from previous block
# <min> <max>
0	4

[block]
# block no. 5 follows, 27 sequences, length 30
# corresponding to MSA columns:
# 315-344
name=unknown_F
#
# <colnr> <probs for GDERKNQSTAVLIFYWHMCP>
#	G	D	E	R	K	N	Q	S	T	A	V	L	I	F	Y	W	H	M	C	P
0	0.32342	0.34095	0.09156	0.01280	0.01874	0.06801	0.01242	0.02268	0.01457	0.02434	0.01070	0.01243	0.00893	0.00672	0.00505	0.00196	0.00773	0.00419	0.00377	0.00902
1	0.13479	0.01496	0.01588	0.01377	0.01805	0.01657	0.01101	0.14257	0.30608	0.08656	0.10193	0.02945	0.02489	0.01043	0.00736	0.00244	0.00606	0.03932	0.00726	0.01063
2	0.00986	0.00693	0.00879	0.00950	0.01013	0.00658	0.00628	0.01134	0.01494	0.02034	0.19249	0.38750	0.04825	0.21242	0.01686	0.00397	0.00488	0.01650	0.00656	0.00586
3	0.01684	0.02381	0.25693	0.05980	0.11064	0.01694	0.11583	0.09171	0.08391	0.02630	0.02158	0.02620	0.06004	0.00901	0.00776	0.00244	0.00934	0.04580	0.00467	0.01047
4	0.02383	0.01825	0.01840	0.01553	0.02020	0.09137	0.01241	0.22343	0.25989	0.13004	0.05398	0.02687	0.02074	0.01008	0.00760	0.00237	0.00737	0.03895	0.00735	0.01135
5	0.44435	0.01627	0.01534	0.01262	0.01774	0.01816	0.01038	0.22606	0.04995	0.10256	0.01541	0.01585	0.01113	0.00789	0.00589	0.00229	0.00656	0.00538	0.00606	0.01009
6	0.22988	0.01671	0.02005	0.02137	0.18393	0.01778	0.01397	0.20108	0.05595	0.14359	0.01741	0.01816	0.01266	0.00792	0.00666	0.00227	0.00726	0.00617	0.00605	0.01114
7	0.02050	0.02287	0.21449	0.01695	0.02333	0.01808	0.01664	0.21771	0.16929	0.07690	0.08076	0.02325	0.01942	0.00938	0.00811	0.00238	0.03506	0.00738	0.00625	0.01127
8	0.01450	0.00729	0.01066	0.01027	0.01101	0.00730	0.00720	0.01280	0.01116	0.08068	0.01586	0.02472	0.01474	0.05526	0.12075	0.57194	0.00831	0.00692	0.00396	0.00466
9	0.00934	0.00748	0.00813	0.00847	0.01041	0.00657	0.00626	0.01110	0.01597	0.01952	0.06237	0.13711	0.48669	0.10079	0.01227	0.00318	0.00451	0.07713	0.00662	0.00610
10	0.02139	0.02321	0.24773	0.02198	0.08787	0.01587	0.12490	0.02918	0.10304	0.21833	0.02042	0.02093	0.01421	0.00788	0.00754	0.00237	0.00904	0.00707	0.00559	0.01146
11	0.04062	0.09083	0.26031	0.02272	0.03058	0.01854	0.26879	0.02464	0.08593	0.02447	0.04877	0.02012	0.01447	0.00740	0.00756	0.00236	0.01023	0.00726	0.00413	0.01026
12	0.02167	0.01706	0.03055	0.03434	0.36875	0.01634	0.18265	0.02619	0.01808	0.18271	0.01784	0.02041	0.01319	0.00713	0.00773	0.00230	0.00917	0.00736	0.00499	0.01152
13	0.42269	0.01552	0.01444	0.01226	0.01686	0.01755	0.00995	0.18662	0.10483	0.03608	0.08128	0.01978	0.01716	0.00862	0.00610	0.00231	0.00615	0.00618	0.00604	0.00957
14	0.01815	0.01821	0.02718	0.21997	0.45907	0.08512	0.02139	0.02246	0.01677	0.02227	0.01352	0.01826	0.01106	0.00693	0.00730	0.00225	0.00955	0.00643	0.00359	0.01053
15	0.01957	0.16463	0.02770	0.10709	0.26627	0.01866	0.04677	0.02510	0.08199	0.10607	0.05188	0.02099	0.01599	0.00774	0.00700	0.00217	0.00806	0.00680	0.00483	0.01068
16	0.01189	0.00842	0.00979	0.00966	0.01171	0.00793	0.00701	0.01569	0.08167	0.06677	0.16278	0.21159	0.26504	0.08212	0.01132	0.00300	0.00452	0.01483	0.00712	0.00714
17	0.02696	0.01262	0.01609	0.01275	0.01760	0.01173	0.01037	0.12439	0.02300	0.43970	0.15462	0.03228	0.06233	0.01078	0.00777	0.00230	0.00593	0.00890	0.00862	0.01124
18	0.01865	0.02857	0.37161	0.01865	0.02671	0.01878	0.02035	0.16255	0.20145	0.03044	0.01889	0.01942	0.01371	0.00827	0.00727	0.00237	0.00899	0.00653	0.00524	0.01153
19	0.12937	0.02095	0.02338	0.02505	0.20541	0.17136	0.07440	0.06656	0.11694	0.07090	0.01666	0.01834	0.01282	0.00767	0.00699	0.00223	0.00910	0.00637	0.00501	0.01049
20	0.01046	0.00753	0.00953	0.00907	0.01059	0.00700	0.00657	0.01337	0.01930	0.02701	0.55982	0.05522	0.09430	0.12275	0.01306	0.00306	0.00406	0.01315	0.00756	0.00660
21	0.02158	0.01862	0.03415	0.07942	0.03385	0.01835	0.39487	0.15362	0.02130	0.12164	0.01742	0.02030	0.01242	0.00728	0.00821	0.00242	0.01058	0.00800	0.00521	0.01076
22	0.06640	0.45757	0.16380	0.01659	0.06589	0.02479	0.01596	0.04743	0.04248	0.02171	0.01222	0.01393	0.01020	0.00678	0.00558	0.00188	0.00838	0.00472	0.00362	0.01007
23	0.01945	0.10739	0.17062	0.06964	0.02378	0.10422	0.01499	0.02347	0.01659	0.11497	0.01562	0.01885	0.01236	0.05885	0.00862	0.00224	0.00859	0.00569	0.00449	0.19956
24	0.05122	0.08876	0.13883	0.02215	0.16992	0.01617	0.06410	0.02310	0.08180	0.05118	0.06854	0.02303	0.01780	0.05953	0.00913	0.00248	0.00797	0.00701	0.00467	0.09262
25	0.01352	0.06536	0.01247	0.01019	0.01136	0.01032	0.00706	0.03885	0.07966	0.01735	0.02055	0.08224	0.02146	0.28892	0.02605	0.26865	0.00670	0.00913	0.00455	0.00561
26	0.12163	0.05980	0.01170	0.00969	0.01091	0.00953	0.00701	0.01284	0.01092	0.01720	0.01323	0.02075	0.01246	0.02046	0.02206	0.55936	0.00622	0.00597	0.06364	0.00463
27	0.01809	0.02623	0.34166	0.01965	0.06119	0.01585	0.06214	0.10220	0.01827	0.07815	0.01595	0.01940	0.01221	0.05902	0.00922	0.00250	0.00923	0.00629	0.00447	0.11827
28	0.02393	0.09698	0.07802	0.07091	0.11101	0.27534	0.01637	0.11632	0.04418	0.07648	0.01487	0.01656	0.01142	0.00771	0.00686	0.00209	0.01029	0.00572	0.00470	0.01025
29	0.22687	0.01673	0.01656	0.01608	0.07901	0.08091	0.01151	0.06658	0.19874	0.07416	0.07070	0.02185	0.01849	0.00862	0.00660	0.00223	0.00677	0.00667	0.00598	0.06495

[dist]
# distance from previous block
# <min> <max>
0	1

[block]
# block no. 6 follows, 27 sequences, length 15
# corresponding to MSA columns:
# 346-360
name=unknown_G
#
# <colnr> <probs for GDERKNQSTAVLIFYWHMCP>
#	G	D	E	R	K	N	Q	S	T	A	V	L	I	F	Y	W	H	M	C	P
0	0.02048	0.02137	0.12471	0.01528	0.02090	0.13734	0.01375	0.10809	0.07280	0.08739	0.01966	0.05252	0.01625	0.00909	0.00699	0.00206	0.00813	0.04458	0.04685	0.17177
1	0.01855	0.01749	0.07351	0.05764	0.29720	0.01554	0.04562	0.02531	0.10886	0.08178	0.01732	0.01956	0.01340	0.00713	0.00704	0.00206	0.00787	0.00648	0.00478	0.17285
2	0.01861	0.01133	0.01433	0.07129	0.01877	0.01032	0.01009	0.02294	0.06645	0.21417	0.07392	0.03916	0.16351	0.01163	0.00763	0.00221	0.00575	0.05986	0.00684	0.17117
3	0.06566	0.01420	0.02252	0.06189	0.21560	0.01405	0.10470	0.04720	0.01620	0.02386	0.01879	0.13191	0.01791	0.01454	0.08406	0.00330	0.00918	0.00886	0.00453	0.12103
4	0.01865	0.14400	0.15076	0.01695	0.02211	0.11554	0.03936	0.07809	0.09026	0.02403	0.06962	0.02250	0.05227	0.00959	0.00951	0.00231	0.11313	0.00697	0.00471	0.00962
5	0.12109	0.01738	0.08977	0.01383	0.01843	0.06484	0.01204	0.16600	0.02150	0.12738	0.13867	0.12745	0.02762	0.01156	0.00750	0.00237	0.00690	0.00944	0.00663	0.00962
6	0.10891	0.01354	0.01562	0.01259	0.01741	0.01334	0.01008	0.12087	0.08819	0.31226	0.02749	0.02772	0.06631	0.07110	0.00969	0.00266	0.00631	0.00776	0.00739	0.06076
7	0.15454	0.01659	0.02739	0.02132	0.04798	0.01654	0.28839	0.07176	0.06322	0.12398	0.01818	0.02212	0.01395	0.06915	0.01008	0.00281	0.00911	0.00768	0.00527	0.00995
8	0.01837	0.07759	0.06341	0.02253	0.20823	0.13103	0.01459	0.02306	0.08842	0.02234	0.01645	0.01991	0.01356	0.01016	0.00970	0.11071	0.00815	0.00624	0.12649	0.00905
9	0.23422	0.01067	0.01200	0.07018	0.01650	0.01105	0.00901	0.01921	0.01663	0.12469	0.17307	0.07861	0.10282	0.04649	0.00877	0.00268	0.00551	0.04350	0.00644	0.00796
10	0.02460	0.01803	0.01733	0.01480	0.01906	0.16106	0.01184	0.14770	0.06579	0.21880	0.11958	0.03224	0.02581	0.01097	0.00779	0.00234	0.00779	0.07698	0.00721	0.01028
11	0.09862	0.01642	0.01554	0.01321	0.01721	0.14137	0.01023	0.02232	0.03601	0.10869	0.01872	0.09707	0.01692	0.05013	0.03529	0.00266	0.05966	0.00739	0.00520	0.22736
12	0.01665	0.01368	0.02025	0.01908	0.09257	0.01434	0.09700	0.06840	0.10904	0.05397	0.07562	0.12852	0.02365	0.01306	0.01196	0.08264	0.08529	0.00970	0.00553	0.05906
13	0.01712	0.01139	0.05634	0.01173	0.01529	0.00925	0.00986	0.02096	0.05907	0.21267	0.04454	0.18770	0.21371	0.01587	0.00852	0.00264	0.00553	0.08175	0.00733	0.00873
14	0.02468	0.01969	0.02379	0.01848	0.02419	0.09365	0.12737	0.24130	0.13315	0.13832	0.02020	0.02038	0.01451	0.00833	0.00749	0.00223	0.00866	0.00710	0.00650	0.05998

[dist]
# distance from previous block
# <min> <max>
0	3

[block]
# block no. 7 follows, 27 sequences, length 6
# corresponding to MSA columns:
# 364-369
name=unknown_H
#
# <colnr> <probs for GDERKNQSTAVLIFYWHMCP>
#	G	D	E	R	K	N	Q	S	T	A	V	L	I	F	Y	W	H	M	C	P
0	0.18618	0.02100	0.06216	0.01689	0.02278	0.08473	0.07255	0.31157	0.02483	0.10348	0.01629	0.01702	0.01164	0.00805	0.00687	0.00225	0.00853	0.00614	0.00608	0.01095
1	0.15685	0.06227	0.02181	0.02206	0.17972	0.07834	0.05614	0.04643	0.10300	0.09390	0.01955	0.09362	0.01677	0.00925	0.00700	0.00231	0.00774	0.00781	0.00534	0.01008
2	0.02300	0.12234	0.05897	0.01247	0.01777	0.01303	0.01102	0.02633	0.01933	0.32955	0.17779	0.02871	0.02781	0.00965	0.00713	0.00208	0.00609	0.00789	0.00719	0.09186
3	0.09278	0.02251	0.12037	0.01751	0.02311	0.13894	0.10303	0.17687	0.02187	0.02938	0.08870	0.02591	0.08794	0.00953	0.00743	0.00227	0.00893	0.00783	0.00541	0.00965
4	0.02081	0.13690	0.18913	0.09867	0.02689	0.09592	0.01752	0.10146	0.07891	0.09256	0.01608	0.01766	0.01201	0.00815	0.00796	0.00225	0.05597	0.00597	0.00476	0.01042
5	0.01633	0.01363	0.11482	0.01261	0.01618	0.01040	0.01133	0.02103	0.09280	0.12278	0.11053	0.07583	0.02728	0.01490	0.01204	0.15935	0.00625	0.06633	0.08744	0.00814

[dist]
# distance from previous block
# <min> <max>
16	162

# created by:
# /home/berkeley/.conda/envs/busco_data_prod/bin/msa2prfl.pl pipeline/OGs_align_augustus/5794/15046.fs
