[name]
unknown

[dist]
# distance from previous block
# <min> <max>
0	807

[block]
# block no. 0 follows, 27 sequences, length 14
# corresponding to MSA columns:
# 869-882
name=unknown_A
#
# <colnr> <probs for GDERKNQSTAVLIFYWHMCP>
#	G	D	E	R	K	N	Q	S	T	A	V	L	I	F	Y	W	H	M	C	P
0	0.01097	0.01025	0.06625	0.01108	0.01335	0.00834	0.00942	0.01359	0.01553	0.02066	0.13002	0.05617	0.18097	0.12868	0.10998	0.03905	0.00784	0.15548	0.00584	0.00654
1	0.01617	0.08191	0.21659	0.16761	0.19664	0.04778	0.05700	0.02148	0.01621	0.02176	0.01856	0.02182	0.06892	0.00796	0.00724	0.00228	0.00954	0.00690	0.00369	0.00993
2	0.01624	0.01624	0.02274	0.01949	0.01949	0.02274	0.01624	0.01787	0.01137	0.01787	0.00975	0.01624	0.00975	0.01299	0.02436	0.00325	0.72552	0.00650	0.00325	0.00812
3	0.01800	0.02190	0.19792	0.02133	0.02827	0.01633	0.24012	0.08549	0.07053	0.07701	0.12375	0.02530	0.02163	0.00863	0.00801	0.00240	0.00932	0.00835	0.00534	0.01035
4	0.01827	0.14160	0.29694	0.09057	0.02692	0.01659	0.01842	0.02351	0.01629	0.13543	0.01776	0.07577	0.01435	0.00854	0.00687	0.00219	0.00861	0.00688	0.00458	0.06992
5	0.26178	0.14535	0.09582	0.01493	0.02047	0.19086	0.01340	0.09837	0.05165	0.02725	0.01280	0.01421	0.01008	0.00740	0.00588	0.00209	0.00886	0.00489	0.00448	0.00946
6	0.01657	0.01156	0.01013	0.00949	0.01189	0.08626	0.00722	0.05825	0.06844	0.02800	0.02290	0.02553	0.01789	0.00866	0.00567	0.00184	0.00502	0.00678	0.59008	0.00781
7	0.01428	0.01611	0.12371	0.01446	0.05061	0.01127	0.01252	0.01831	0.01466	0.02238	0.01489	0.01896	0.01264	0.01812	0.17880	0.00401	0.01005	0.00555	0.00406	0.43460
8	0.01605	0.01722	0.05400	0.01464	0.04417	0.20113	0.01093	0.01761	0.01522	0.01795	0.04546	0.06776	0.07027	0.08224	0.15782	0.13686	0.01110	0.00839	0.00433	0.00684
9	0.14938	0.02142	0.13287	0.05219	0.04254	0.12486	0.01499	0.06178	0.01795	0.18191	0.01784	0.05922	0.01391	0.00916	0.00829	0.00237	0.06724	0.00674	0.00539	0.00996
10	0.06303	0.14273	0.10946	0.01829	0.06195	0.07162	0.08429	0.11275	0.04014	0.08501	0.08530	0.02089	0.01769	0.00816	0.00691	0.00211	0.00840	0.00671	0.00521	0.04936
11	0.04155	0.01531	0.01927	0.15347	0.16827	0.07751	0.01464	0.08153	0.04262	0.05378	0.13053	0.02913	0.06066	0.03362	0.04391	0.00293	0.00842	0.00830	0.00533	0.00924
12	0.08066	0.08507	0.33373	0.04880	0.14084	0.01803	0.06992	0.02446	0.04725	0.06194	0.01476	0.01711	0.01098	0.00712	0.00691	0.00228	0.00951	0.00597	0.00395	0.01071
13	0.04620	0.22334	0.14276	0.04640	0.02457	0.07237	0.05345	0.13578	0.07368	0.06399	0.01539	0.01665	0.01173	0.00750	0.00650	0.00206	0.00883	0.00572	0.00477	0.03831

[dist]
# distance from previous block
# <min> <max>
1	38

[block]
# block no. 1 follows, 27 sequences, length 28
# corresponding to MSA columns:
# 923-950
name=unknown_B
#
# <colnr> <probs for GDERKNQSTAVLIFYWHMCP>
#	G	D	E	R	K	N	Q	S	T	A	V	L	I	F	Y	W	H	M	C	P
0	0.16381	0.04773	0.10062	0.03832	0.09986	0.01394	0.01247	0.05359	0.04366	0.02682	0.06853	0.07749	0.04495	0.04435	0.00809	0.00248	0.00650	0.00808	0.13004	0.00869
1	0.01792	0.05450	0.16546	0.10661	0.05863	0.13789	0.01615	0.05556	0.01816	0.05124	0.07799	0.02451	0.06643	0.01110	0.04045	0.00260	0.00946	0.00711	0.00465	0.07357
2	0.05179	0.01639	0.01817	0.14064	0.04535	0.10378	0.01339	0.08423	0.11361	0.10908	0.14689	0.02679	0.02445	0.01003	0.00874	0.00238	0.06073	0.00793	0.00607	0.00959
3	0.06169	0.05502	0.10131	0.01701	0.04968	0.05782	0.01438	0.18014	0.24262	0.05491	0.02020	0.02013	0.01507	0.00842	0.00695	0.00221	0.00765	0.00658	0.00607	0.07215
4	0.11527	0.04882	0.01764	0.08465	0.08350	0.04541	0.01209	0.08208	0.07611	0.10593	0.02518	0.13162	0.06663	0.01091	0.00720	0.00231	0.00681	0.00905	0.00585	0.06296
5	0.01292	0.04442	0.04513	0.08794	0.07427	0.01149	0.06877	0.01568	0.01495	0.02006	0.08855	0.03935	0.12781	0.24100	0.01720	0.00379	0.00727	0.00985	0.00483	0.06472
6	0.05895	0.02098	0.11204	0.07452	0.18023	0.05110	0.07140	0.22094	0.02201	0.03073	0.01638	0.04975	0.01318	0.00828	0.00730	0.00228	0.00895	0.00711	0.03311	0.01076
7	0.01499	0.01037	0.01166	0.01019	0.01329	0.03338	0.00766	0.04091	0.01602	0.06861	0.05241	0.09733	0.13485	0.01452	0.01126	0.15178	0.00539	0.00923	0.10219	0.19395
8	0.01384	0.00692	0.00692	0.00692	0.00865	0.00692	0.00519	0.01730	0.01557	0.02768	0.02422	0.02768	0.01903	0.00865	0.00519	0.00173	0.00346	0.00692	0.78031	0.00692
9	0.02109	0.01863	0.09393	0.01593	0.02222	0.01611	0.06145	0.24326	0.05801	0.08851	0.07649	0.02158	0.01781	0.00828	0.00712	0.00201	0.00744	0.00688	0.00614	0.20712
10	0.02180	0.39725	0.06515	0.01506	0.02058	0.21884	0.01364	0.07430	0.01877	0.02115	0.05995	0.01610	0.01410	0.00759	0.00592	0.00182	0.00934	0.00517	0.00405	0.00940
11	0.01464	0.01253	0.01997	0.40213	0.07091	0.01370	0.04470	0.01894	0.01645	0.05537	0.11273	0.02812	0.06591	0.00910	0.00757	0.00230	0.00803	0.00810	0.00467	0.08412
12	0.01365	0.01235	0.02088	0.22500	0.17766	0.01330	0.07244	0.01723	0.01473	0.02001	0.02048	0.15966	0.02033	0.06741	0.10806	0.00417	0.01002	0.01005	0.00429	0.00828
13	0.01384	0.00692	0.00692	0.00692	0.00865	0.00692	0.00519	0.01730	0.01557	0.02768	0.02422	0.02768	0.01903	0.00865	0.00519	0.00173	0.00346	0.00692	0.78031	0.00692
14	0.02195	0.01771	0.01742	0.14949	0.02436	0.15928	0.01280	0.10484	0.10257	0.12513	0.02016	0.02164	0.01488	0.00849	0.00683	0.00215	0.00806	0.00665	0.16593	0.00966
15	0.01265	0.01016	0.01170	0.01138	0.01402	0.01042	0.00899	0.02077	0.20897	0.02629	0.22311	0.05682	0.20417	0.01562	0.00870	0.00264	0.00489	0.13311	0.00742	0.00816
16	0.01223	0.00683	0.01000	0.01000	0.01028	0.00710	0.00687	0.01052	0.01024	0.01393	0.01528	0.02623	0.01531	0.09467	0.17180	0.55470	0.00932	0.00714	0.00349	0.00405
17	0.01416	0.01213	0.01514	0.07778	0.08939	0.03912	0.01108	0.02007	0.15217	0.02039	0.02295	0.09198	0.02235	0.23103	0.11669	0.00523	0.03593	0.00957	0.00500	0.00784
18	0.01985	0.74357	0.03890	0.01270	0.01905	0.02937	0.01270	0.02223	0.01508	0.01747	0.01032	0.01191	0.00953	0.00635	0.00476	0.00159	0.00794	0.00397	0.00318	0.00953
19	0.00960	0.00686	0.00926	0.01098	0.01165	0.00651	0.00786	0.01130	0.01476	0.01958	0.04061	0.60964	0.04788	0.02273	0.00962	0.00309	0.00479	0.14021	0.00688	0.00618
20	0.01835	0.01484	0.02149	0.14198	0.20451	0.01661	0.01620	0.07278	0.11455	0.08292	0.01844	0.02281	0.01487	0.04791	0.08000	0.00361	0.08580	0.00727	0.00497	0.01007
21	0.02266	0.09044	0.10956	0.01959	0.02545	0.24946	0.10774	0.13211	0.12220	0.02616	0.01599	0.01739	0.01228	0.00784	0.00711	0.00217	0.01049	0.00622	0.00482	0.01031
22	0.01247	0.00666	0.00973	0.00973	0.00985	0.00679	0.00652	0.01012	0.00999	0.01345	0.01458	0.02572	0.01480	0.09817	0.09388	0.63564	0.00778	0.00701	0.00342	0.00367
23	0.01080	0.00720	0.00810	0.00810	0.00810	0.00720	0.00450	0.01080	0.01080	0.01439	0.02339	0.04858	0.02699	0.73910	0.03779	0.00720	0.00720	0.01080	0.00450	0.00450
24	0.79154	0.01436	0.01091	0.00976	0.01436	0.01665	0.00804	0.02182	0.01263	0.03331	0.01034	0.01206	0.00804	0.00689	0.00459	0.00230	0.00574	0.00402	0.00459	0.00804
25	0.01064	0.00748	0.00972	0.00979	0.01036	0.00802	0.00660	0.01180	0.01141	0.01577	0.02266	0.06916	0.02439	0.42367	0.31727	0.00900	0.01238	0.01004	0.00438	0.00545
26	0.08183	0.01148	0.01552	0.01956	0.18274	0.01169	0.01162	0.04962	0.06406	0.02472	0.08387	0.32107	0.06250	0.01515	0.00819	0.00260	0.00578	0.01349	0.00606	0.00847
27	0.27431	0.01893	0.01676	0.01379	0.01878	0.13758	0.01109	0.14828	0.01993	0.12738	0.01506	0.01588	0.01112	0.00776	0.00670	0.00209	0.03180	0.00529	0.00559	0.11188

[dist]
# distance from previous block
# <min> <max>
0	1

[block]
# block no. 2 follows, 27 sequences, length 42
# corresponding to MSA columns:
# 952-993
name=unknown_C
#
# <colnr> <probs for GDERKNQSTAVLIFYWHMCP>
#	G	D	E	R	K	N	Q	S	T	A	V	L	I	F	Y	W	H	M	C	P
0	0.01880	0.10570	0.11960	0.08687	0.24121	0.05917	0.01845	0.09857	0.06984	0.02541	0.01636	0.05582	0.01380	0.00817	0.00706	0.00220	0.00874	0.00689	0.00445	0.03290
1	0.05602	0.23627	0.08374	0.06849	0.13827	0.02280	0.01643	0.23981	0.02200	0.02981	0.01391	0.01586	0.01090	0.00741	0.00646	0.00206	0.00845	0.00564	0.00476	0.01092
2	0.00902	0.00684	0.00832	0.00940	0.01054	0.00614	0.00650	0.01058	0.01535	0.01973	0.07736	0.49597	0.25443	0.02152	0.00922	0.00283	0.00410	0.01907	0.00694	0.00614
3	0.01949	0.11484	0.01970	0.01295	0.01839	0.04020	0.01074	0.23188	0.02246	0.03022	0.05732	0.02538	0.10728	0.00913	0.00669	0.00182	0.00664	0.00711	0.00574	0.25203
4	0.01923	0.20398	0.02482	0.05574	0.12765	0.10721	0.01395	0.07433	0.10805	0.02357	0.01808	0.09551	0.01639	0.00910	0.00672	0.00207	0.00801	0.00736	0.00478	0.07346
5	0.01687	0.02004	0.21989	0.01628	0.04411	0.01370	0.01538	0.05050	0.14183	0.09792	0.05083	0.16913	0.02381	0.01145	0.00765	0.00240	0.00719	0.00978	0.00589	0.07534
6	0.02308	0.37960	0.02842	0.01374	0.01937	0.02230	0.01249	0.13506	0.04680	0.15521	0.01883	0.02296	0.01545	0.00883	0.00637	0.00205	0.00748	0.06589	0.00559	0.01049
7	0.01001	0.00715	0.00805	0.00834	0.00901	0.00678	0.00518	0.01068	0.01284	0.01652	0.03877	0.17092	0.18922	0.44488	0.02602	0.00536	0.00588	0.01372	0.00548	0.00518
8	0.01902	0.16213	0.16946	0.02104	0.04834	0.17872	0.17224	0.02364	0.01769	0.02153	0.06078	0.02018	0.03743	0.00781	0.00713	0.00214	0.01050	0.00675	0.00394	0.00952
9	0.02290	0.13153	0.19195	0.01808	0.05843	0.11288	0.01666	0.06212	0.10900	0.17671	0.01880	0.01886	0.01357	0.00800	0.00686	0.00217	0.00885	0.00613	0.00545	0.01104
10	0.01602	0.00826	0.00985	0.00903	0.01144	0.00785	0.00688	0.01889	0.01679	0.15129	0.11318	0.03704	0.09919	0.06477	0.07550	0.00334	0.00585	0.00915	0.32793	0.00774
11	0.01039	0.00734	0.00841	0.00841	0.00902	0.00725	0.00524	0.01104	0.01207	0.01577	0.03275	0.05076	0.15075	0.52879	0.10588	0.00683	0.00794	0.01140	0.00489	0.00506
12	0.01550	0.01259	0.01563	0.17864	0.02422	0.01412	0.01224	0.02629	0.30134	0.05997	0.03391	0.13487	0.11468	0.01253	0.00797	0.00257	0.00632	0.01078	0.00646	0.00939
13	0.02142	0.60761	0.03577	0.01353	0.01980	0.02818	0.01297	0.14371	0.01881	0.02298	0.01173	0.01302	0.01011	0.00683	0.00526	0.00171	0.00798	0.00448	0.00398	0.01011
14	0.01018	0.00758	0.00947	0.00900	0.01089	0.00687	0.00675	0.01338	0.02024	0.02794	0.57310	0.05847	0.18697	0.01586	0.00876	0.00237	0.00355	0.01385	0.00793	0.00687
15	0.03182	0.01319	0.01735	0.01350	0.01911	0.01197	0.01109	0.05637	0.08069	0.61763	0.02901	0.02525	0.01858	0.00926	0.00747	0.00231	0.00634	0.00752	0.00899	0.01255
16	0.01982	0.15789	0.02535	0.01812	0.02028	0.19735	0.01510	0.02166	0.01451	0.01787	0.01029	0.01471	0.00966	0.01039	0.01621	0.00260	0.41071	0.00559	0.00338	0.00851
17	0.70681	0.05825	0.04770	0.01052	0.01554	0.01743	0.00930	0.02193	0.01293	0.03188	0.01049	0.01223	0.00820	0.00687	0.00473	0.00226	0.00614	0.00409	0.00444	0.00828
18	0.79154	0.01436	0.01091	0.00976	0.01436	0.01665	0.00804	0.02182	0.01263	0.03331	0.01034	0.01206	0.00804	0.00689	0.00459	0.00230	0.00574	0.00402	0.00459	0.00804
19	0.06180	0.01793	0.01874	0.01512	0.01976	0.10494	0.05559	0.27182	0.02499	0.05178	0.13717	0.02948	0.09615	0.01044	0.00755	0.00220	0.00753	0.00847	0.00652	0.05204
20	0.79154	0.01436	0.01091	0.00976	0.01436	0.01665	0.00804	0.02182	0.01263	0.03331	0.01034	0.01206	0.00804	0.00689	0.00459	0.00230	0.00574	0.00402	0.00459	0.00804
21	0.01196	0.05854	0.01241	0.01062	0.01277	0.00995	0.00809	0.07451	0.01724	0.02265	0.11225	0.26323	0.19420	0.02432	0.12806	0.00417	0.00736	0.01418	0.00633	0.00716
22	0.01063	0.00787	0.01151	0.01151	0.01269	0.00905	0.00875	0.01299	0.01181	0.01692	0.02027	0.03130	0.01949	0.13076	0.63587	0.01141	0.01849	0.00827	0.00403	0.00639
23	0.01489	0.03840	0.70064	0.02116	0.03213	0.01724	0.02743	0.02351	0.01567	0.02351	0.01332	0.01567	0.00940	0.00705	0.00705	0.00235	0.01097	0.00549	0.00313	0.01097
24	0.01601	0.01523	0.02586	0.41230	0.34453	0.01702	0.02161	0.02071	0.01579	0.02138	0.01355	0.01914	0.01075	0.00705	0.00739	0.00235	0.00940	0.00661	0.00347	0.00985
25	0.00973	0.00695	0.00940	0.01112	0.01185	0.00662	0.00808	0.01152	0.01489	0.01972	0.04054	0.58191	0.04761	0.02261	0.00966	0.00311	0.00490	0.16670	0.00688	0.00622
26	0.01623	0.00895	0.01092	0.00972	0.01287	0.00776	0.00753	0.01874	0.01898	0.21662	0.20401	0.08836	0.31938	0.01542	0.00843	0.00243	0.00446	0.01307	0.00785	0.00825
27	0.01018	0.00747	0.00954	0.00923	0.01094	0.00683	0.00684	0.01329	0.01992	0.02768	0.56023	0.12160	0.13590	0.01634	0.00883	0.00242	0.00361	0.01440	0.00791	0.00683
28	0.01223	0.01530	0.17197	0.01351	0.01693	0.01027	0.01239	0.07581	0.01652	0.02266	0.03226	0.49801	0.03634	0.01810	0.00871	0.00278	0.00623	0.01608	0.00606	0.00781
29	0.71961	0.01419	0.01151	0.01009	0.01479	0.01611	0.00831	0.02318	0.01345	0.09636	0.01213	0.01331	0.00902	0.00711	0.00487	0.00230	0.00580	0.00435	0.00503	0.00848
30	0.44874	0.01763	0.05049	0.01312	0.01734	0.08260	0.01118	0.05814	0.01509	0.06513	0.01267	0.01514	0.01003	0.01147	0.05895	0.00307	0.09083	0.00508	0.00465	0.00866
31	0.01842	0.05319	0.07154	0.27970	0.26078	0.14886	0.02027	0.02274	0.01678	0.02085	0.01301	0.01747	0.01042	0.00712	0.00712	0.00223	0.01018	0.00607	0.00351	0.00975
32	0.01608	0.01020	0.01167	0.01070	0.01403	0.00969	0.00833	0.02186	0.14479	0.16814	0.05233	0.10676	0.33699	0.01549	0.00838	0.00255	0.00490	0.04090	0.00751	0.00870
33	0.00901	0.00662	0.00845	0.00993	0.01066	0.00606	0.00671	0.01038	0.01461	0.01911	0.04592	0.63748	0.14264	0.02261	0.00937	0.00294	0.00423	0.02031	0.00689	0.00606
34	0.05680	0.21874	0.23925	0.18104	0.02982	0.04174	0.01848	0.02131	0.01584	0.02175	0.07635	0.01913	0.01524	0.00773	0.00654	0.00216	0.00900	0.00599	0.00376	0.00934
35	0.01721	0.08554	0.13727	0.01566	0.05810	0.01401	0.01361	0.05542	0.09064	0.11667	0.07440	0.15155	0.08088	0.01266	0.00782	0.00246	0.00676	0.04356	0.00619	0.00956
36	0.01773	0.01059	0.01315	0.01187	0.01472	0.01086	0.00931	0.07553	0.08748	0.15523	0.11792	0.03871	0.02910	0.09935	0.13075	0.00456	0.00823	0.07596	0.08023	0.00869
37	0.12928	0.01480	0.01613	0.01299	0.01770	0.01547	0.01057	0.28157	0.02481	0.17333	0.09840	0.02829	0.08404	0.01030	0.00720	0.00226	0.00628	0.00808	0.04801	0.01048
38	0.01582	0.02864	0.39311	0.11456	0.15976	0.01745	0.11979	0.02285	0.01607	0.02312	0.01368	0.01734	0.01018	0.00690	0.00741	0.00236	0.01066	0.00632	0.00335	0.01064
39	0.01456	0.01726	0.20617	0.01390	0.01867	0.01090	0.01375	0.01973	0.06138	0.10619	0.03637	0.23348	0.13574	0.01507	0.00836	0.00265	0.00667	0.06426	0.00616	0.00875
40	0.01462	0.08250	0.02217	0.01699	0.01875	0.01771	0.08397	0.01692	0.01259	0.01807	0.01521	0.05050	0.01504	0.08414	0.18625	0.00543	0.31990	0.00780	0.00372	0.00771
41	0.01960	0.00994	0.01223	0.01062	0.01340	0.00925	0.00776	0.05842	0.01707	0.26607	0.03311	0.10610	0.10495	0.27617	0.01880	0.00416	0.00625	0.01091	0.00689	0.00829

[dist]
# distance from previous block
# <min> <max>
6	15

[block]
# block no. 3 follows, 27 sequences, length 8
# corresponding to MSA columns:
# 1009-1016
name=unknown_D
#
# <colnr> <probs for GDERKNQSTAVLIFYWHMCP>
#	G	D	E	R	K	N	Q	S	T	A	V	L	I	F	Y	W	H	M	C	P
0	0.01306	0.08682	0.13641	0.01558	0.05198	0.01242	0.06657	0.01652	0.01530	0.02098	0.06589	0.24079	0.06574	0.08107	0.01065	0.00284	0.00702	0.01182	0.00509	0.07344
1	0.22047	0.01475	0.10957	0.01389	0.05428	0.01257	0.01165	0.01748	0.01552	0.02598	0.16740	0.08970	0.08987	0.01563	0.06739	0.00325	0.04782	0.00939	0.00539	0.00799
2	0.01021	0.00737	0.00874	0.00912	0.01015	0.00697	0.00630	0.01166	0.01466	0.01915	0.12292	0.15672	0.18166	0.30247	0.02046	0.00451	0.00553	0.08961	0.00611	0.00570
3	0.11803	0.01297	0.01530	0.04132	0.01790	0.01240	0.00994	0.01835	0.01525	0.02512	0.10789	0.02091	0.01874	0.00815	0.00847	0.00178	0.10286	0.00600	0.00476	0.43386
4	0.09092	0.01694	0.02227	0.18416	0.11377	0.07419	0.08879	0.11143	0.05367	0.04837	0.02002	0.02391	0.05924	0.05000	0.00907	0.00261	0.00881	0.00745	0.00487	0.00949
5	0.05889	0.34951	0.15034	0.01406	0.02015	0.02073	0.01437	0.02319	0.06195	0.06554	0.07916	0.02459	0.01931	0.00895	0.00637	0.00210	0.00762	0.05886	0.00470	0.00961
6	0.01387	0.01063	0.01294	0.07750	0.01727	0.01085	0.00948	0.11372	0.06074	0.02532	0.07177	0.30351	0.08916	0.04082	0.00923	0.00266	0.00558	0.01349	0.03898	0.07249
7	0.07250	0.02072	0.10495	0.10575	0.04794	0.08564	0.16846	0.04353	0.05595	0.08030	0.01552	0.01882	0.01182	0.00950	0.02921	0.00274	0.10567	0.00682	0.00442	0.00974

[dist]
# distance from previous block
# <min> <max>
1	6

[block]
# block no. 4 follows, 27 sequences, length 41
# corresponding to MSA columns:
# 1023-1063
name=unknown_E
#
# <colnr> <probs for GDERKNQSTAVLIFYWHMCP>
#	G	D	E	R	K	N	Q	S	T	A	V	L	I	F	Y	W	H	M	C	P
0	0.09805	0.09271	0.02166	0.01974	0.13505	0.16185	0.01355	0.09836	0.04766	0.05392	0.01493	0.01723	0.01205	0.01147	0.06747	0.00281	0.00960	0.00565	0.00470	0.11153
1	0.01537	0.08458	0.09086	0.05244	0.17281	0.01421	0.04629	0.01930	0.01604	0.04032	0.07627	0.11028	0.02147	0.01311	0.06119	0.00286	0.00838	0.00849	0.00464	0.14107
2	0.05147	0.14047	0.17275	0.02237	0.18979	0.04762	0.01709	0.02233	0.01726	0.06814	0.13001	0.02293	0.02104	0.00832	0.00689	0.00211	0.00801	0.00688	0.00468	0.03983
3	0.01608	0.00849	0.01130	0.01095	0.01307	0.00776	0.00810	0.01820	0.01714	0.20091	0.14765	0.32698	0.04221	0.08013	0.01133	0.00310	0.00512	0.05609	0.00751	0.00787
4	0.01040	0.00777	0.00980	0.00989	0.01150	0.00717	0.00708	0.01245	0.01547	0.02117	0.16819	0.28225	0.11433	0.10786	0.07863	0.00399	0.00611	0.03605	0.00634	0.08355
5	0.01396	0.01301	0.02149	0.28490	0.14313	0.01459	0.06643	0.01784	0.01579	0.02141	0.09700	0.11600	0.05236	0.01112	0.00959	0.00256	0.07603	0.00978	0.00457	0.00845
6	0.01233	0.01077	0.01875	0.01673	0.04637	0.01081	0.16222	0.01515	0.01390	0.01918	0.04556	0.14849	0.02515	0.17804	0.23533	0.00652	0.01190	0.01105	0.00465	0.00711
7	0.00914	0.00666	0.00843	0.00980	0.01047	0.00615	0.00654	0.01041	0.01431	0.01875	0.04407	0.59466	0.13142	0.07768	0.01156	0.00327	0.00446	0.01960	0.00671	0.00594
8	0.01377	0.01038	0.01742	0.01956	0.15576	0.01061	0.06777	0.01459	0.01249	0.01738	0.01552	0.02424	0.01455	0.05780	0.19598	0.32390	0.01091	0.00725	0.00361	0.00652
9	0.01607	0.01027	0.01250	0.01178	0.01460	0.01025	0.00939	0.06293	0.10612	0.11766	0.17644	0.10934	0.09248	0.01490	0.00844	0.00260	0.00528	0.14336	0.06701	0.00857
10	0.01552	0.01627	0.03274	0.24232	0.03924	0.01656	0.38004	0.02086	0.01645	0.02187	0.01774	0.07103	0.01538	0.00867	0.00849	0.00259	0.01079	0.05041	0.00402	0.00900
11	0.01706	0.01513	0.02555	0.06431	0.52516	0.01526	0.01929	0.01990	0.01531	0.02168	0.01371	0.01930	0.01192	0.01065	0.01188	0.16554	0.00837	0.00658	0.00357	0.00984
12	0.01324	0.01482	0.10277	0.37018	0.03455	0.01430	0.01728	0.01738	0.01442	0.01930	0.01937	0.10973	0.01880	0.07916	0.01200	0.00310	0.06385	0.06378	0.00411	0.00785
13	0.02085	0.01508	0.01895	0.01914	0.13396	0.01575	0.01297	0.23558	0.09698	0.10178	0.21367	0.03063	0.03075	0.01048	0.00782	0.00229	0.00649	0.00889	0.00719	0.01076
14	0.02114	0.16079	0.23767	0.01801	0.02469	0.24911	0.01783	0.05929	0.10074	0.02274	0.01449	0.01584	0.01129	0.00759	0.00660	0.00208	0.01045	0.00540	0.00413	0.01011
15	0.01542	0.01546	0.01791	0.36923	0.03348	0.12779	0.01509	0.04712	0.01712	0.02029	0.02799	0.09110	0.15006	0.01119	0.00775	0.00242	0.00867	0.00939	0.00460	0.00791
16	0.01387	0.00887	0.01086	0.01022	0.01279	0.00834	0.00803	0.01822	0.06742	0.10736	0.30774	0.05484	0.18400	0.01508	0.00847	0.00247	0.00448	0.09056	0.05852	0.00785
17	0.01809	0.01664	0.01352	0.01252	0.01562	0.17669	0.00953	0.02669	0.23190	0.02572	0.02849	0.02889	0.08821	0.00994	0.00669	0.00211	0.00662	0.00781	0.26552	0.00881
18	0.02257	0.08186	0.10490	0.01555	0.02115	0.01824	0.01410	0.26211	0.09018	0.13093	0.01992	0.02109	0.01484	0.01666	0.12796	0.00390	0.01001	0.00681	0.00620	0.01103
19	0.01600	0.06824	0.01762	0.01758	0.13144	0.01360	0.01157	0.04954	0.12877	0.07411	0.11820	0.15140	0.12601	0.01327	0.00839	0.00244	0.02479	0.01137	0.00642	0.00923
20	0.02079	0.02223	0.10024	0.06452	0.02579	0.13634	0.08006	0.19617	0.07302	0.02899	0.01905	0.02636	0.01600	0.00947	0.00763	0.00233	0.00939	0.08952	0.00539	0.06670
21	0.02432	0.01446	0.01653	0.01350	0.01794	0.01500	0.01083	0.29229	0.05394	0.20341	0.02518	0.11075	0.02010	0.01077	0.00733	0.00227	0.00635	0.00879	0.13541	0.01083
22	0.00903	0.00650	0.00857	0.01022	0.01074	0.00604	0.00684	0.01035	0.01433	0.01900	0.04235	0.70651	0.07593	0.02307	0.00945	0.00299	0.00428	0.02088	0.00689	0.00604
23	0.01996	0.01621	0.07141	0.01371	0.01760	0.06604	0.01153	0.18655	0.02016	0.11200	0.02027	0.02622	0.01688	0.12796	0.16825	0.00508	0.01062	0.00746	0.07296	0.00914
24	0.01638	0.01376	0.01554	0.01766	0.12269	0.10567	0.01137	0.02006	0.06019	0.08857	0.07332	0.22200	0.07978	0.01937	0.09531	0.00366	0.00841	0.01182	0.00595	0.00848
25	0.01080	0.00720	0.00810	0.00810	0.00810	0.00720	0.00450	0.01080	0.01080	0.01439	0.02339	0.04858	0.02699	0.73910	0.03779	0.00720	0.00720	0.01080	0.00450	0.00450
26	0.43022	0.01315	0.01335	0.01110	0.01593	0.01363	0.00910	0.02693	0.01670	0.29715	0.07000	0.02064	0.01691	0.00844	0.00605	0.00230	0.00580	0.00611	0.00669	0.00979
27	0.01660	0.01604	0.02332	0.21655	0.30867	0.06909	0.01851	0.02174	0.05918	0.02161	0.01565	0.02084	0.01298	0.01558	0.12813	0.00395	0.01117	0.00682	0.00389	0.00969
28	0.02287	0.01672	0.02012	0.12923	0.05855	0.01845	0.01420	0.36450	0.06960	0.07958	0.02074	0.08196	0.01663	0.00989	0.00751	0.00234	0.00766	0.00809	0.04034	0.01101
29	0.01061	0.00795	0.01193	0.01193	0.01326	0.00928	0.00928	0.01326	0.01193	0.01723	0.01988	0.02916	0.01856	0.05568	0.70968	0.01193	0.01988	0.00795	0.00398	0.00663
30	0.01055	0.00723	0.00910	0.01028	0.01113	0.00698	0.00705	0.04380	0.01540	0.02134	0.03784	0.61712	0.04382	0.02086	0.00888	0.00283	0.00440	0.01875	0.09620	0.00646
31	0.02272	0.01575	0.01968	0.01616	0.01957	0.01831	0.01329	0.25117	0.02167	0.15552	0.01802	0.02072	0.01390	0.01817	0.13306	0.00420	0.21482	0.00700	0.00597	0.01031
32	0.14531	0.01296	0.01449	0.01308	0.01680	0.01434	0.01036	0.02893	0.28249	0.13663	0.02526	0.04649	0.02013	0.01966	0.15388	0.00446	0.00884	0.02945	0.00655	0.00989
33	0.08314	0.01129	0.01360	0.01084	0.01554	0.01008	0.00876	0.02689	0.01802	0.34708	0.02367	0.02322	0.01649	0.00823	0.00628	0.00194	0.00535	0.00652	0.21959	0.14347
34	0.01619	0.01734	0.03545	0.02992	0.14192	0.01640	0.44628	0.02132	0.01696	0.02307	0.02073	0.11485	0.04468	0.00905	0.00862	0.00252	0.01047	0.01030	0.00428	0.00963
35	0.05192	0.06699	0.01800	0.01514	0.06858	0.01527	0.01092	0.13598	0.12026	0.18553	0.02271	0.02743	0.01836	0.16513	0.01356	0.00329	0.00693	0.00771	0.03621	0.01006
36	0.01076	0.01340	0.15332	0.01243	0.01507	0.00874	0.01110	0.01350	0.01412	0.01933	0.03203	0.42348	0.03659	0.14282	0.01389	0.00362	0.00636	0.05690	0.00569	0.00685
37	0.01562	0.01656	0.05986	0.06779	0.02012	0.10708	0.01150	0.02169	0.12825	0.02271	0.02790	0.14300	0.10077	0.01135	0.00731	0.00212	0.00694	0.00948	0.00540	0.21456
38	0.02402	0.02370	0.01959	0.01695	0.02146	0.25207	0.01321	0.19295	0.29708	0.03064	0.02082	0.02042	0.01575	0.00897	0.00723	0.00224	0.00898	0.00675	0.00627	0.01091
39	0.02032	0.01785	0.02169	0.20765	0.14426	0.09960	0.01603	0.12914	0.01979	0.07006	0.01494	0.01788	0.01142	0.00727	0.00692	0.00202	0.00868	0.00599	0.00473	0.17375
40	0.01963	0.10411	0.02733	0.22224	0.03307	0.18246	0.15273	0.02466	0.06080	0.05016	0.01574	0.04591	0.01279	0.00797	0.00731	0.00226	0.01041	0.00704	0.00418	0.00919

[dist]
# distance from previous block
# <min> <max>
0	7

[block]
# block no. 5 follows, 27 sequences, length 17
# corresponding to MSA columns:
# 1071-1087
name=unknown_F
#
# <colnr> <probs for GDERKNQSTAVLIFYWHMCP>
#	G	D	E	R	K	N	Q	S	T	A	V	L	I	F	Y	W	H	M	C	P
0	0.02813	0.01619	0.02085	0.08447	0.09105	0.01656	0.01419	0.26558	0.02523	0.32707	0.02202	0.02132	0.01480	0.00866	0.00744	0.00228	0.00759	0.00701	0.00743	0.01213
1	0.01226	0.00927	0.01146	0.01212	0.06072	0.00887	0.00827	0.07213	0.01957	0.02675	0.28276	0.14379	0.21483	0.01555	0.00837	0.00241	0.00448	0.01347	0.06540	0.00752
2	0.02573	0.01425	0.01685	0.01334	0.01830	0.01408	0.01087	0.25085	0.02533	0.30684	0.09143	0.03245	0.12392	0.01110	0.00777	0.00231	0.00632	0.00898	0.00813	0.01115
3	0.02081	0.02142	0.02698	0.08858	0.44946	0.16955	0.02015	0.07044	0.01895	0.02414	0.01364	0.01735	0.01120	0.00707	0.00722	0.00216	0.00985	0.00622	0.00395	0.01087
4	0.01063	0.00786	0.01147	0.01147	0.01263	0.00903	0.00870	0.01296	0.01179	0.01689	0.02031	0.03152	0.01958	0.13852	0.62824	0.01136	0.01835	0.00830	0.00404	0.00637
5	0.01033	0.00752	0.00971	0.00929	0.01101	0.00691	0.00692	0.01362	0.02041	0.02862	0.61823	0.09290	0.10507	0.01582	0.00880	0.00238	0.00356	0.01397	0.00803	0.00691
6	0.01742	0.01666	0.02841	0.19368	0.55214	0.01739	0.02231	0.02195	0.01645	0.02309	0.01380	0.01868	0.01135	0.00679	0.00737	0.00226	0.00906	0.00661	0.00359	0.01099
7	0.02185	0.01082	0.01376	0.01142	0.01491	0.01010	0.00880	0.07957	0.02033	0.31409	0.21920	0.03794	0.03460	0.15275	0.01373	0.00325	0.00583	0.00978	0.00783	0.00941
8	0.01262	0.00688	0.00749	0.00779	0.00926	0.00675	0.00567	0.01564	0.01570	0.02607	0.07763	0.17268	0.02895	0.01210	0.00632	0.00204	0.00363	0.01028	0.56576	0.00675
9	0.01137	0.00782	0.00890	0.00869	0.01093	0.00682	0.00638	0.01336	0.01708	0.08099	0.14877	0.14982	0.41237	0.06986	0.01083	0.00287	0.00427	0.01498	0.00710	0.00678
10	0.30546	0.01602	0.01665	0.01327	0.01867	0.01708	0.01096	0.24473	0.02276	0.23761	0.01856	0.01798	0.01270	0.00826	0.00642	0.00227	0.00674	0.00596	0.00693	0.01097
11	0.01069	0.00760	0.01013	0.01013	0.01083	0.00830	0.00703	0.01210	0.01140	0.01590	0.02153	0.03828	0.02252	0.37664	0.39413	0.00971	0.01393	0.00929	0.00422	0.00563
12	0.02523	0.01537	0.01704	0.01351	0.01825	0.01621	0.01102	0.36510	0.02690	0.16799	0.02182	0.02200	0.01552	0.00889	0.00681	0.00210	0.00651	0.00690	0.22178	0.01105
13	0.01040	0.00716	0.00861	0.00894	0.01045	0.00672	0.00649	0.01287	0.01653	0.02339	0.20031	0.24035	0.18143	0.01982	0.05871	0.00313	0.00495	0.01436	0.15883	0.00653
14	0.01855	0.02068	0.03052	0.02705	0.13061	0.16812	0.29686	0.02287	0.01711	0.02135	0.01503	0.02009	0.01238	0.01622	0.14430	0.00416	0.01357	0.00740	0.00380	0.00931
15	0.12447	0.01818	0.13359	0.01467	0.01972	0.01522	0.04397	0.19356	0.02031	0.08041	0.07747	0.02570	0.01918	0.12169	0.01308	0.04865	0.00772	0.00750	0.00564	0.00930
16	0.08768	0.01521	0.02045	0.01631	0.02069	0.03630	0.13757	0.11750	0.07851	0.08351	0.08973	0.03315	0.15446	0.01116	0.00909	0.00245	0.06129	0.00941	0.00615	0.00938

[dist]
# distance from previous block
# <min> <max>
0	32

[block]
# block no. 6 follows, 27 sequences, length 18
# corresponding to MSA columns:
# 1120-1137
name=unknown_G
#
# <colnr> <probs for GDERKNQSTAVLIFYWHMCP>
#	G	D	E	R	K	N	Q	S	T	A	V	L	I	F	Y	W	H	M	C	P
0	0.09110	0.01464	0.04145	0.01458	0.01740	0.01628	0.01206	0.07405	0.12744	0.07308	0.02777	0.10943	0.10781	0.01307	0.01263	0.00273	0.22015	0.00955	0.00577	0.00902
1	0.09535	0.01961	0.19226	0.09877	0.02432	0.01526	0.01567	0.08145	0.12022	0.06563	0.02042	0.02507	0.01600	0.00903	0.00693	0.00235	0.00759	0.05187	0.12239	0.00981
2	0.02012	0.05652	0.11798	0.02104	0.07193	0.27416	0.09158	0.02371	0.01741	0.02054	0.01465	0.07342	0.01323	0.00883	0.00867	0.00219	0.07549	0.00688	0.00393	0.07771
3	0.01238	0.01081	0.01537	0.11935	0.02084	0.01059	0.07418	0.04178	0.04776	0.02286	0.10049	0.15979	0.24512	0.01442	0.00832	0.00245	0.00603	0.01274	0.00601	0.06873
4	0.01322	0.00889	0.01100	0.01050	0.01200	0.00919	0.00754	0.04230	0.03802	0.05027	0.02385	0.04156	0.02416	0.35267	0.19587	0.00695	0.01005	0.06651	0.03614	0.03929
5	0.02040	0.07851	0.13612	0.02116	0.13585	0.01649	0.06244	0.10917	0.01918	0.11591	0.01599	0.01762	0.01196	0.00701	0.00676	0.00194	0.00812	0.00594	0.00496	0.20447
6	0.01289	0.00645	0.00967	0.00967	0.00967	0.00645	0.00645	0.00967	0.00967	0.01289	0.01289	0.02257	0.01289	0.02579	0.02901	0.78401	0.00645	0.00645	0.00322	0.00322
7	0.01208	0.00789	0.01041	0.01124	0.01291	0.00738	0.00877	0.01449	0.01670	0.07600	0.10244	0.31462	0.12661	0.01991	0.00942	0.00297	0.00517	0.22686	0.00717	0.00695
8	0.01582	0.01768	0.12161	0.01494	0.02164	0.01280	0.07665	0.04508	0.07049	0.02593	0.07468	0.02052	0.01701	0.00716	0.00658	0.00169	0.00697	0.00620	0.00484	0.43172
9	0.01539	0.01309	0.01380	0.01210	0.01506	0.06172	0.00945	0.08066	0.09797	0.02731	0.21459	0.03820	0.13700	0.01235	0.00927	0.00227	0.07631	0.00986	0.07665	0.07695
10	0.00948	0.00668	0.00861	0.00984	0.01029	0.00632	0.00645	0.01069	0.01405	0.01886	0.08387	0.55607	0.04641	0.15810	0.01478	0.00376	0.00480	0.01861	0.00653	0.00581
11	0.00997	0.00814	0.00892	0.00905	0.01121	0.00750	0.00665	0.01378	0.08208	0.02194	0.12850	0.20425	0.42430	0.01849	0.00880	0.00260	0.00406	0.01585	0.00709	0.00684
12	0.01586	0.08358	0.28220	0.19828	0.03780	0.01849	0.21469	0.02235	0.01597	0.02197	0.01355	0.01769	0.01009	0.00685	0.00747	0.00237	0.01092	0.00662	0.00336	0.00989
13	0.01734	0.01597	0.02128	0.01822	0.01916	0.02113	0.01500	0.11536	0.01521	0.02234	0.01404	0.08725	0.01406	0.01339	0.02034	0.00307	0.54604	0.00796	0.00424	0.00860
14	0.00921	0.00764	0.00813	0.00831	0.01069	0.00656	0.00643	0.01133	0.01710	0.02068	0.09439	0.07227	0.59090	0.01886	0.00895	0.00261	0.00411	0.08856	0.00694	0.00636
15	0.01365	0.19223	0.01861	0.01191	0.01458	0.01486	0.00974	0.01755	0.07304	0.01818	0.01889	0.02724	0.01777	0.12792	0.38288	0.00788	0.01399	0.00737	0.00417	0.00754
16	0.01401	0.06979	0.01621	0.01341	0.01494	0.01393	0.01085	0.01668	0.07325	0.01865	0.02429	0.03532	0.08451	0.02105	0.08440	0.19063	0.18295	0.10364	0.00460	0.00687
17	0.13000	0.01516	0.01611	0.01318	0.01780	0.01615	0.01066	0.28547	0.07923	0.11093	0.09832	0.03082	0.12306	0.01093	0.00739	0.00232	0.00627	0.00862	0.00724	0.01035

[dist]
# distance from previous block
# <min> <max>
0	9

[block]
# block no. 7 follows, 27 sequences, length 6
# corresponding to MSA columns:
# 1147-1152
name=unknown_H
#
# <colnr> <probs for GDERKNQSTAVLIFYWHMCP>
#	G	D	E	R	K	N	Q	S	T	A	V	L	I	F	Y	W	H	M	C	P
0	0.16785	0.07188	0.03388	0.02507	0.06242	0.05024	0.38377	0.02308	0.01608	0.02451	0.01318	0.01724	0.01035	0.00695	0.00863	0.00241	0.06208	0.00705	0.00384	0.00948
1	0.01760	0.01533	0.02457	0.17841	0.40125	0.01597	0.01915	0.02302	0.06623	0.06849	0.02164	0.02468	0.07456	0.00833	0.00752	0.00232	0.00819	0.00763	0.00455	0.01058
2	0.01106	0.00850	0.01098	0.01091	0.01138	0.00930	0.00765	0.01240	0.01392	0.01933	0.15197	0.26775	0.03948	0.25224	0.02094	0.00428	0.12214	0.01395	0.00576	0.00606
3	0.01346	0.01200	0.01946	0.34327	0.16796	0.01335	0.01643	0.01742	0.01616	0.02180	0.12858	0.15029	0.02696	0.01129	0.00798	0.00249	0.00766	0.01025	0.00480	0.00837
4	0.02023	0.01741	0.01880	0.01598	0.01915	0.08081	0.01285	0.17300	0.15985	0.05836	0.08784	0.02638	0.06090	0.01136	0.01211	0.00256	0.19828	0.00807	0.00613	0.00994
5	0.01912	0.01737	0.10895	0.01412	0.01854	0.06363	0.01238	0.15476	0.05566	0.11878	0.03058	0.21468	0.08506	0.01338	0.00792	0.00246	0.00696	0.01124	0.03488	0.00952

[dist]
# distance from previous block
# <min> <max>
0	3

[block]
# block no. 8 follows, 27 sequences, length 20
# corresponding to MSA columns:
# 1156-1175
name=unknown_I
#
# <colnr> <probs for GDERKNQSTAVLIFYWHMCP>
#	G	D	E	R	K	N	Q	S	T	A	V	L	I	F	Y	W	H	M	C	P
0	0.07215	0.14535	0.16256	0.07929	0.05057	0.01881	0.14870	0.05559	0.01702	0.09250	0.01609	0.05391	0.01295	0.00813	0.00768	0.00231	0.03491	0.00702	0.00443	0.01002
1	0.11290	0.16211	0.06989	0.01374	0.05625	0.01569	0.01137	0.06368	0.03293	0.02530	0.06216	0.06562	0.05883	0.01408	0.06874	0.00301	0.00755	0.02600	0.12157	0.00859
2	0.01757	0.14613	0.12711	0.01422	0.01982	0.04923	0.03145	0.08446	0.08053	0.06209	0.02974	0.07093	0.15070	0.01071	0.00715	0.00217	0.00728	0.00866	0.00545	0.07459
3	0.01629	0.01760	0.13140	0.14539	0.02537	0.03386	0.03221	0.14676	0.02012	0.02763	0.11284	0.07710	0.07334	0.01088	0.00805	0.00237	0.02654	0.00907	0.07413	0.00904
4	0.02197	0.29907	0.20595	0.01665	0.02349	0.20141	0.01682	0.02592	0.01742	0.08878	0.01335	0.01465	0.01041	0.00716	0.00614	0.00195	0.00999	0.00494	0.00395	0.00998
5	0.02655	0.02865	0.05986	0.01729	0.02180	0.45741	0.01386	0.03055	0.07019	0.13986	0.01678	0.01742	0.01257	0.00812	0.00684	0.00204	0.01093	0.00568	0.04398	0.00961
6	0.01736	0.05770	0.17233	0.02437	0.19710	0.06729	0.06218	0.02166	0.01662	0.07887	0.02126	0.18886	0.02041	0.01095	0.00772	0.00241	0.00856	0.00977	0.00478	0.00982
7	0.00971	0.00737	0.00903	0.01019	0.01128	0.00701	0.00703	0.01259	0.06492	0.02006	0.04633	0.56064	0.16336	0.02145	0.00920	0.00289	0.00433	0.01916	0.00694	0.00650
8	0.00909	0.00663	0.00856	0.00999	0.01070	0.00610	0.00676	0.01056	0.01484	0.01961	0.07711	0.62922	0.11875	0.02238	0.00936	0.00293	0.00421	0.02014	0.00696	0.00610
9	0.11387	0.07184	0.02810	0.12629	0.03006	0.05858	0.26115	0.02282	0.07477	0.02350	0.01805	0.10437	0.01597	0.00898	0.00759	0.00243	0.00941	0.00869	0.00446	0.00906
10	0.01766	0.48910	0.02914	0.01192	0.01705	0.08359	0.01101	0.01987	0.01609	0.01820	0.02732	0.02755	0.18672	0.00971	0.00598	0.00186	0.00733	0.00709	0.00420	0.00860
11	0.00924	0.00660	0.00884	0.01056	0.01108	0.00620	0.00723	0.01067	0.01441	0.01917	0.04081	0.69076	0.04867	0.02307	0.00953	0.00304	0.00448	0.06268	0.00689	0.00608
12	0.01556	0.01679	0.07493	0.02200	0.02622	0.01632	0.29481	0.01920	0.01435	0.02053	0.01442	0.02056	0.01215	0.01559	0.08657	0.10919	0.16480	0.00757	0.04021	0.00826
13	0.01436	0.02387	0.31388	0.13636	0.08055	0.01524	0.05896	0.02147	0.06162	0.02272	0.02356	0.06096	0.08411	0.00988	0.00772	0.00248	0.00911	0.03919	0.00429	0.00966
14	0.01116	0.00869	0.01191	0.01157	0.01248	0.01002	0.00865	0.01305	0.01261	0.01779	0.06808	0.08073	0.05665	0.18960	0.35518	0.00817	0.10277	0.00996	0.00460	0.00633
15	0.01054	0.00719	0.00869	0.00929	0.00959	0.00710	0.00596	0.01125	0.01234	0.01639	0.02932	0.20869	0.03394	0.48852	0.02798	0.00578	0.00650	0.09047	0.00533	0.00513
16	0.65051	0.09933	0.01481	0.01074	0.01549	0.06585	0.00901	0.02241	0.01349	0.03045	0.01041	0.01213	0.00832	0.00688	0.00476	0.00219	0.00652	0.00407	0.00438	0.00825
17	0.01061	0.00795	0.01193	0.01193	0.01326	0.00928	0.00928	0.01326	0.01193	0.01723	0.01988	0.02916	0.01856	0.05568	0.70968	0.01193	0.01988	0.00795	0.00398	0.00663
18	0.01845	0.11622	0.02860	0.14755	0.16392	0.07251	0.13121	0.05346	0.04985	0.02324	0.01420	0.01767	0.01134	0.00686	0.00697	0.00206	0.00927	0.00628	0.00403	0.11629
19	0.01312	0.01107	0.01652	0.07352	0.13960	0.01267	0.01231	0.01542	0.01268	0.01798	0.01782	0.02987	0.01768	0.21972	0.25255	0.00695	0.11112	0.00816	0.00391	0.00733

[dist]
# distance from previous block
# <min> <max>
0	2

[block]
# block no. 9 follows, 27 sequences, length 13
# corresponding to MSA columns:
# 1178-1190
name=unknown_J
#
# <colnr> <probs for GDERKNQSTAVLIFYWHMCP>
#	G	D	E	R	K	N	Q	S	T	A	V	L	I	F	Y	W	H	M	C	P
0	0.02057	0.43983	0.03272	0.02009	0.14794	0.12321	0.01477	0.02492	0.07510	0.02006	0.01294	0.01475	0.01112	0.00692	0.00578	0.00183	0.00870	0.00498	0.00375	0.01002
1	0.01574	0.09977	0.06520	0.09339	0.02337	0.01765	0.05797	0.05022	0.13349	0.02214	0.01766	0.02212	0.01475	0.02216	0.20825	0.00514	0.11046	0.00706	0.00443	0.00903
2	0.00935	0.00710	0.00848	0.00904	0.01042	0.00638	0.00635	0.01122	0.01633	0.02127	0.18389	0.32903	0.27104	0.06199	0.01075	0.00295	0.00413	0.01708	0.00701	0.00622
3	0.01113	0.00889	0.01057	0.01002	0.01271	0.00768	0.00733	0.01414	0.04461	0.02219	0.11156	0.31419	0.17292	0.01647	0.00818	0.00234	0.00447	0.01444	0.00644	0.19971
4	0.01539	0.01319	0.01539	0.01100	0.01759	0.00990	0.00880	0.01869	0.01539	0.02419	0.01319	0.01539	0.01100	0.00550	0.00550	0.00110	0.00550	0.00440	0.00440	0.78449
5	0.01402	0.01319	0.02227	0.72126	0.05113	0.01649	0.02062	0.01897	0.01484	0.01897	0.01319	0.01979	0.00990	0.00742	0.00742	0.00247	0.00990	0.00660	0.00330	0.00825
6	0.00956	0.00762	0.00861	0.00856	0.01078	0.00667	0.00656	0.01205	0.01818	0.02318	0.25906	0.06756	0.44970	0.01783	0.00889	0.00253	0.00393	0.06493	0.00728	0.00654
7	0.01630	0.01297	0.02129	0.16312	0.06963	0.01375	0.12066	0.02151	0.07471	0.10256	0.04715	0.15774	0.02273	0.01549	0.07220	0.00343	0.04008	0.01032	0.00539	0.00898
8	0.01502	0.03045	0.46770	0.01807	0.02579	0.07739	0.02098	0.02112	0.01505	0.02102	0.01534	0.02192	0.01304	0.12835	0.07414	0.00393	0.01138	0.00649	0.00349	0.00934
9	0.01564	0.00801	0.00896	0.00826	0.01079	0.00744	0.00636	0.01870	0.01723	0.13342	0.09510	0.03846	0.15633	0.01133	0.00658	0.00203	0.00398	0.00933	0.43432	0.00771
10	0.00970	0.00694	0.00846	0.00919	0.00990	0.00652	0.00602	0.01092	0.01426	0.01889	0.11086	0.36787	0.12579	0.23915	0.01790	0.00415	0.00503	0.01645	0.00631	0.00570
11	0.09063	0.10957	0.10171	0.14306	0.02787	0.14560	0.01616	0.22722	0.02223	0.02923	0.01377	0.01591	0.01043	0.00772	0.00668	0.00216	0.00951	0.00563	0.00478	0.01015
12	0.10989	0.01860	0.01777	0.01561	0.01928	0.17912	0.05812	0.02738	0.18158	0.08532	0.02273	0.12911	0.01995	0.01088	0.00810	0.00241	0.04217	0.00877	0.03391	0.00931

[dist]
# distance from previous block
# <min> <max>
8	21

[block]
# block no. 10 follows, 27 sequences, length 24
# corresponding to MSA columns:
# 1212-1235
name=unknown_K
#
# <colnr> <probs for GDERKNQSTAVLIFYWHMCP>
#	G	D	E	R	K	N	Q	S	T	A	V	L	I	F	Y	W	H	M	C	P
0	0.01683	0.02108	0.21734	0.01797	0.02361	0.01584	0.09607	0.04453	0.07943	0.08378	0.07052	0.02759	0.09050	0.01035	0.01041	0.00252	0.12438	0.00825	0.02926	0.00975
1	0.01555	0.09290	0.02076	0.06689	0.10333	0.01474	0.05049	0.02199	0.13546	0.02332	0.02330	0.13133	0.05038	0.01008	0.00711	0.00208	0.00670	0.00885	0.00513	0.20962
2	0.01939	0.01609	0.01788	0.01575	0.01960	0.01866	0.01265	0.15399	0.42073	0.03181	0.02689	0.03083	0.02170	0.01127	0.00944	0.00263	0.07564	0.07699	0.00704	0.01103
3	0.79154	0.01436	0.01091	0.00976	0.01436	0.01665	0.00804	0.02182	0.01263	0.03331	0.01034	0.01206	0.00804	0.00689	0.00459	0.00230	0.00574	0.00402	0.00459	0.00804
4	0.01409	0.01697	0.13114	0.20619	0.14007	0.01419	0.09723	0.01860	0.01541	0.02115	0.04616	0.13300	0.02040	0.08022	0.01081	0.00295	0.00884	0.00960	0.00426	0.00873
5	0.01657	0.14522	0.28860	0.01813	0.02505	0.01720	0.08754	0.02203	0.01665	0.06997	0.08213	0.02841	0.02020	0.00972	0.00825	0.00241	0.04269	0.08494	0.00458	0.00972
6	0.00925	0.00712	0.00854	0.00956	0.01097	0.00640	0.00694	0.01101	0.01562	0.01975	0.05465	0.39451	0.30831	0.02115	0.00928	0.00285	0.00436	0.08662	0.00689	0.00621
7	0.00948	0.00707	0.00851	0.00908	0.01030	0.00643	0.00627	0.01121	0.01590	0.02086	0.17773	0.33093	0.22776	0.10848	0.01262	0.00325	0.00435	0.01680	0.00685	0.00610
8	0.01925	0.01877	0.02355	0.26994	0.14622	0.13223	0.05557	0.12735	0.02022	0.02554	0.07501	0.02140	0.01612	0.00820	0.00749	0.00228	0.00959	0.00706	0.00459	0.00961
9	0.01489	0.01207	0.01342	0.01281	0.01438	0.07153	0.00960	0.01731	0.04431	0.08435	0.03429	0.29346	0.12146	0.06753	0.01372	0.00310	0.14476	0.01352	0.00600	0.00747
10	0.01433	0.00992	0.01267	0.01164	0.01313	0.01102	0.00857	0.08531	0.01451	0.05943	0.02084	0.03419	0.02050	0.30516	0.28798	0.00790	0.06243	0.00877	0.00481	0.00693
11	0.02633	0.01132	0.01450	0.01163	0.01629	0.01004	0.00943	0.05190	0.02043	0.47110	0.05990	0.03359	0.12497	0.01084	0.00747	0.00227	0.00557	0.00888	0.09273	0.01081
12	0.07695	0.01962	0.02142	0.09406	0.02561	0.12463	0.07619	0.16465	0.19798	0.09340	0.01994	0.02050	0.01462	0.00849	0.00728	0.00232	0.00862	0.00692	0.00607	0.01072
13	0.01679	0.28686	0.16358	0.01975	0.10905	0.02159	0.01702	0.02042	0.01463	0.01980	0.01462	0.09303	0.01415	0.00965	0.00986	0.00230	0.14684	0.00697	0.00365	0.00946
14	0.01061	0.00795	0.01193	0.01193	0.01326	0.00928	0.00928	0.01326	0.01193	0.01723	0.01988	0.02916	0.01856	0.05568	0.70968	0.01193	0.01988	0.00795	0.00398	0.00663
15	0.01067	0.00715	0.00813	0.00825	0.00828	0.00712	0.00467	0.01076	0.01104	0.01471	0.02462	0.09664	0.02854	0.68893	0.03580	0.00690	0.00699	0.01152	0.00467	0.00461
16	0.07128	0.09336	0.02053	0.02090	0.19392	0.01609	0.01312	0.10525	0.08038	0.06081	0.02160	0.13147	0.01982	0.04231	0.00839	0.00248	0.00679	0.00882	0.07287	0.00979
17	0.02051	0.01641	0.10734	0.04112	0.12724	0.01355	0.01464	0.08654	0.06595	0.20489	0.08721	0.13407	0.02523	0.01121	0.00782	0.00242	0.00701	0.00969	0.00660	0.01053
18	0.00955	0.00693	0.00905	0.01012	0.01108	0.00643	0.00715	0.01153	0.01616	0.02174	0.19352	0.48949	0.09846	0.02090	0.00931	0.00285	0.00424	0.05800	0.00719	0.00632
19	0.02560	0.01614	0.09185	0.01481	0.02008	0.01391	0.01322	0.13346	0.02074	0.36313	0.02301	0.02322	0.01605	0.01728	0.13179	0.00403	0.04635	0.00716	0.00702	0.01116
20	0.01728	0.10449	0.11406	0.04262	0.17657	0.01783	0.09983	0.06616	0.10176	0.02503	0.02048	0.05390	0.01829	0.00979	0.00771	0.00244	0.00863	0.09804	0.00485	0.01023
