[name]
unknown

[dist]
# distance from previous block
# <min> <max>
0	188

[block]
# block no. 0 follows, 29 sequences, length 29
# corresponding to MSA columns:
# 231-259
name=unknown_A
#
# <colnr> <probs for GDERKNQSTAVLIFYWHMCP>
#	G	D	E	R	K	N	Q	S	T	A	V	L	I	F	Y	W	H	M	C	P
0	0.06325	0.04419	0.07092	0.13212	0.05162	0.20402	0.01439	0.05209	0.03867	0.13150	0.03851	0.02460	0.03461	0.00899	0.00697	0.00221	0.00884	0.05833	0.00506	0.00912
1	0.04793	0.04892	0.13172	0.01964	0.14167	0.05639	0.01476	0.07580	0.13663	0.04798	0.02230	0.18339	0.02082	0.01094	0.00727	0.00233	0.00729	0.00935	0.00529	0.00959
2	0.04359	0.01661	0.07506	0.05660	0.05650	0.07249	0.04044	0.05036	0.17337	0.06058	0.07637	0.07343	0.02275	0.01023	0.00731	0.00227	0.00715	0.06546	0.00566	0.08379
3	0.01788	0.15282	0.02216	0.01790	0.13849	0.01484	0.05953	0.05463	0.01747	0.12827	0.05254	0.03032	0.17391	0.00966	0.00690	0.00201	0.00656	0.00819	0.00537	0.08056
4	0.04502	0.09837	0.08794	0.04216	0.09495	0.01542	0.06118	0.11818	0.01874	0.11058	0.02653	0.02878	0.13388	0.00955	0.00704	0.00215	0.00726	0.03486	0.00534	0.05207
5	0.11749	0.21564	0.05071	0.01543	0.08372	0.06207	0.01212	0.02480	0.08956	0.13922	0.02107	0.02116	0.07184	0.00813	0.00609	0.00198	0.00697	0.00618	0.00509	0.04074
6	0.06618	0.20994	0.19778	0.01985	0.14110	0.04840	0.01664	0.02301	0.09439	0.02196	0.01659	0.01852	0.04006	0.00987	0.04493	0.00254	0.00880	0.00582	0.00391	0.00970
7	0.12258	0.08504	0.05250	0.01265	0.01698	0.16704	0.01060	0.06181	0.01829	0.02539	0.20757	0.02468	0.02584	0.00890	0.00642	0.00189	0.00705	0.00686	0.00517	0.13273
8	0.01202	0.01702	0.21036	0.07035	0.02011	0.01135	0.01353	0.01846	0.09605	0.02383	0.21447	0.04033	0.19969	0.01205	0.00770	0.00232	0.00621	0.01016	0.00572	0.00825
9	0.00976	0.00888	0.05390	0.01145	0.01264	0.00761	0.00897	0.01173	0.01395	0.01882	0.03582	0.57284	0.04192	0.02047	0.00978	0.00291	0.04280	0.10325	0.00619	0.00629
10	0.06057	0.01638	0.01712	0.01470	0.01916	0.01871	0.01165	0.19764	0.49275	0.03367	0.02503	0.02343	0.01861	0.00922	0.00707	0.00233	0.00618	0.00742	0.00707	0.01130
11	0.08014	0.01828	0.11223	0.10051	0.05242	0.04359	0.05184	0.14819	0.07983	0.02747	0.05897	0.02093	0.01570	0.03526	0.03777	0.00266	0.00835	0.00659	0.00491	0.09437
12	0.01434	0.20845	0.14413	0.01562	0.05551	0.01662	0.05083	0.01743	0.01338	0.01799	0.01726	0.05184	0.03550	0.16792	0.08236	0.00402	0.06782	0.00735	0.00368	0.00792
13	0.01364	0.01564	0.13802	0.15102	0.10053	0.01291	0.01481	0.05961	0.05924	0.02194	0.05773	0.15808	0.02290	0.09940	0.04050	0.00331	0.00797	0.00971	0.00474	0.00829
14	0.01036	0.00690	0.00777	0.00777	0.00777	0.00690	0.00431	0.01036	0.01036	0.01381	0.02244	0.04660	0.02589	0.74975	0.03624	0.00690	0.00690	0.01036	0.00431	0.00431
15	0.02213	0.17996	0.06850	0.03764	0.09552	0.04631	0.01404	0.21611	0.05769	0.11809	0.01691	0.01898	0.01310	0.05449	0.00836	0.00233	0.00785	0.00612	0.00538	0.01046
16	0.04129	0.55022	0.10449	0.01346	0.01978	0.04588	0.01358	0.05798	0.04172	0.03790	0.01182	0.01306	0.00995	0.00655	0.00516	0.00171	0.00791	0.00437	0.00363	0.00954
17	0.00868	0.00620	0.00826	0.00991	0.01033	0.00578	0.00661	0.00991	0.01363	0.01818	0.03925	0.74510	0.04710	0.02231	0.00909	0.00289	0.00413	0.02024	0.00661	0.00578
18	0.01598	0.22315	0.02117	0.01101	0.01727	0.01480	0.00950	0.01889	0.01468	0.02137	0.01187	0.01382	0.01015	0.00551	0.00507	0.00119	0.00594	0.00410	0.00389	0.57064
19	0.00851	0.00684	0.00760	0.00820	0.00988	0.00593	0.00585	0.01011	0.01528	0.01885	0.06014	0.31528	0.46343	0.01959	0.00866	0.00258	0.00380	0.01693	0.00661	0.00593
20	0.02533	0.17637	0.02466	0.01564	0.02127	0.07386	0.01326	0.49463	0.02849	0.03694	0.01513	0.01559	0.01127	0.00794	0.00653	0.00199	0.00815	0.00573	0.00601	0.01120
21	0.04881	0.05914	0.11466	0.15574	0.17672	0.01698	0.09554	0.07659	0.01656	0.02342	0.01481	0.02122	0.01239	0.00932	0.03155	0.00258	0.03940	0.04731	0.00392	0.03333
22	0.01386	0.01272	0.02122	0.38327	0.22772	0.01449	0.01793	0.01792	0.01432	0.01937	0.01532	0.05935	0.01336	0.01506	0.12055	0.00377	0.01043	0.00729	0.00356	0.00851
23	0.01922	0.01496	0.01615	0.01430	0.01848	0.01694	0.01119	0.03751	0.62125	0.10189	0.02889	0.02632	0.02130	0.00957	0.00724	0.00239	0.00568	0.00796	0.00741	0.01136
24	0.01392	0.01199	0.01832	0.13640	0.25236	0.01246	0.01436	0.06908	0.01630	0.02208	0.02589	0.29725	0.05371	0.01322	0.00790	0.00247	0.00672	0.01201	0.00506	0.00850
25	0.01576	0.02027	0.19459	0.33161	0.20154	0.01677	0.02140	0.07330	0.01646	0.02264	0.01322	0.01752	0.01002	0.00696	0.00701	0.00226	0.00936	0.00607	0.00353	0.00971
26	0.37781	0.01163	0.01147	0.00999	0.01369	0.01232	0.00801	0.05738	0.01709	0.12114	0.23081	0.02872	0.05438	0.00993	0.00632	0.00222	0.00497	0.00768	0.00630	0.00817
27	0.00868	0.00620	0.00826	0.00991	0.01033	0.00578	0.00661	0.00991	0.01363	0.01818	0.03925	0.74510	0.04710	0.02231	0.00909	0.00289	0.00413	0.02024	0.00661	0.00578
28	0.01973	0.01770	0.02460	0.11175	0.34677	0.09425	0.04538	0.06530	0.04488	0.08687	0.01617	0.02071	0.01302	0.00772	0.00761	0.00222	0.02806	0.03245	0.00448	0.01034

[dist]
# distance from previous block
# <min> <max>
0	2

[block]
# block no. 1 follows, 29 sequences, length 52
# corresponding to MSA columns:
# 262-313
name=unknown_B
#
# <colnr> <probs for GDERKNQSTAVLIFYWHMCP>
#	G	D	E	R	K	N	Q	S	T	A	V	L	I	F	Y	W	H	M	C	P
0	0.48684	0.01782	0.01392	0.06098	0.01828	0.15228	0.01011	0.08370	0.01595	0.02915	0.01163	0.01356	0.00903	0.00705	0.00526	0.00211	0.00731	0.00454	0.04229	0.00819
1	0.01020	0.00724	0.00962	0.00968	0.01033	0.00786	0.00669	0.01152	0.01102	0.01533	0.02138	0.06320	0.02264	0.37499	0.37750	0.00902	0.01288	0.00936	0.00415	0.00539
2	0.01612	0.01749	0.08122	0.04246	0.04359	0.10901	0.01325	0.05299	0.14243	0.02384	0.15625	0.02655	0.02454	0.01524	0.09145	0.00340	0.11849	0.00779	0.00519	0.00870
3	0.01290	0.01178	0.01957	0.07410	0.02113	0.01302	0.15336	0.01696	0.05934	0.01884	0.01985	0.11256	0.01939	0.11650	0.20011	0.00549	0.10406	0.00941	0.00426	0.00737
4	0.01017	0.00732	0.00994	0.01151	0.01268	0.00709	0.00917	0.01253	0.01524	0.01991	0.03995	0.35579	0.07443	0.02069	0.00946	0.00308	0.00541	0.36283	0.00658	0.00621
5	0.02003	0.01645	0.01740	0.01496	0.01940	0.01879	0.01183	0.19712	0.52942	0.03352	0.02604	0.02422	0.01935	0.00939	0.00722	0.00235	0.00618	0.00764	0.00722	0.01148
6	0.01978	0.01845	0.02058	0.02267	0.20048	0.15179	0.01446	0.12320	0.01876	0.05620	0.01716	0.11468	0.01585	0.00974	0.00889	0.00219	0.09028	0.00772	0.00479	0.08233
7	0.00906	0.00724	0.00811	0.00789	0.01001	0.00629	0.00592	0.01147	0.01775	0.02285	0.31601	0.06259	0.45631	0.01669	0.00841	0.00234	0.00351	0.01419	0.00709	0.00629
8	0.01681	0.01921	0.04202	0.03001	0.03721	0.01801	0.67947	0.02281	0.01681	0.02281	0.01441	0.01921	0.01080	0.00600	0.00840	0.00240	0.01200	0.00840	0.00360	0.00960
9	0.02323	0.01451	0.01892	0.17898	0.05896	0.01544	0.01352	0.23978	0.02204	0.22981	0.01968	0.02266	0.01450	0.08395	0.01011	0.00270	0.00763	0.00701	0.00625	0.01032
10	0.01567	0.03880	0.01950	0.20257	0.16482	0.05949	0.01474	0.04286	0.01683	0.05431	0.14851	0.07466	0.02441	0.01206	0.04300	0.00273	0.04320	0.00845	0.00484	0.00856
11	0.02171	0.01348	0.01578	0.01295	0.01714	0.01392	0.01038	0.21399	0.13851	0.20393	0.22285	0.03109	0.03130	0.01057	0.00753	0.00223	0.00570	0.00878	0.00778	0.01039
12	0.00866	0.00685	0.00781	0.00836	0.00997	0.00599	0.00597	0.01041	0.01565	0.01972	0.11865	0.31248	0.40578	0.01926	0.00866	0.00257	0.00377	0.01672	0.00673	0.00599
13	0.01477	0.01266	0.01477	0.01055	0.01687	0.00949	0.00844	0.01793	0.01477	0.02320	0.01266	0.01477	0.01055	0.00527	0.00527	0.00105	0.00527	0.00422	0.00422	0.79328
14	0.01176	0.01065	0.01420	0.01337	0.01398	0.01309	0.01044	0.01325	0.01290	0.01791	0.03204	0.28367	0.15655	0.01702	0.01543	0.00290	0.33618	0.01288	0.00503	0.00674
15	0.02324	0.01135	0.01434	0.01176	0.01590	0.01055	0.00941	0.11387	0.02106	0.37700	0.13835	0.09936	0.09849	0.01189	0.00766	0.00228	0.00544	0.00999	0.00800	0.01004
16	0.00868	0.00620	0.00826	0.00991	0.01033	0.00578	0.00661	0.00991	0.01363	0.01818	0.03925	0.74510	0.04710	0.02231	0.00909	0.00289	0.00413	0.02024	0.00661	0.00578
17	0.01926	0.01389	0.04437	0.19335	0.02776	0.01363	0.10329	0.09628	0.03786	0.19434	0.02284	0.16043	0.01959	0.01054	0.00768	0.00241	0.00768	0.00952	0.00585	0.00943
18	0.65067	0.01767	0.01234	0.01110	0.01536	0.15217	0.00888	0.02238	0.01367	0.02914	0.01013	0.01181	0.00799	0.00675	0.00480	0.00213	0.00692	0.00400	0.00426	0.00782
19	0.01819	0.01395	0.02267	0.24133	0.33828	0.01464	0.01791	0.02226	0.01615	0.12825	0.01636	0.01988	0.01237	0.00714	0.00690	0.00216	0.00792	0.00649	0.07719	0.00997
20	0.02034	0.42374	0.02985	0.01505	0.01933	0.20756	0.01325	0.02237	0.01527	0.01700	0.01008	0.01259	0.00919	0.00765	0.00868	0.00191	0.14979	0.00448	0.00322	0.00865
21	0.00886	0.00696	0.00801	0.00831	0.01003	0.00611	0.00602	0.01087	0.01644	0.02107	0.20618	0.24139	0.38771	0.01836	0.00859	0.00249	0.00369	0.01590	0.00689	0.00611
22	0.00951	0.00746	0.00970	0.01079	0.04309	0.00712	0.00740	0.01163	0.01512	0.01997	0.14252	0.25647	0.24981	0.02507	0.14627	0.00426	0.00694	0.01442	0.00611	0.00636
23	0.33614	0.01106	0.01098	0.00956	0.01345	0.01120	0.00768	0.02075	0.01592	0.19102	0.09471	0.03332	0.19668	0.01085	0.00648	0.00226	0.00495	0.00840	0.00636	0.00823
24	0.01601	0.02477	0.25377	0.02694	0.03520	0.01754	0.47329	0.02273	0.01625	0.02273	0.01389	0.01789	0.01024	0.00624	0.00789	0.00235	0.01154	0.00741	0.00341	0.00989
25	0.03068	0.01416	0.01779	0.01364	0.01920	0.01349	0.01127	0.20330	0.02379	0.53685	0.02523	0.02238	0.01619	0.00874	0.00715	0.00219	0.00652	0.00697	0.00837	0.01212
26	0.01666	0.01432	0.02370	0.13078	0.18626	0.01363	0.14271	0.02085	0.01582	0.06958	0.01520	0.01867	0.01181	0.00647	0.00667	0.00190	0.00783	0.00627	0.07698	0.21388
27	0.01771	0.01530	0.01610	0.01449	0.01852	0.01771	0.01127	0.03784	0.69247	0.02979	0.02898	0.02657	0.02174	0.00966	0.00725	0.00242	0.00564	0.00805	0.00725	0.01127
28	0.80005	0.01377	0.01047	0.00936	0.01377	0.01597	0.00771	0.02093	0.01212	0.03195	0.00991	0.01157	0.00771	0.00661	0.00441	0.00220	0.00551	0.00386	0.00441	0.00771
29	0.07801	0.01863	0.01961	0.01554	0.02083	0.02082	0.01270	0.51218	0.15929	0.04108	0.01890	0.01855	0.01367	0.00863	0.00696	0.00220	0.00725	0.00655	0.00696	0.01165
30	0.80005	0.01377	0.01047	0.00936	0.01377	0.01597	0.00771	0.02093	0.01212	0.03195	0.00991	0.01157	0.00771	0.00661	0.00441	0.00220	0.00551	0.00386	0.00441	0.00771
31	0.01762	0.01692	0.02890	0.04371	0.70533	0.01692	0.02185	0.02185	0.01621	0.02326	0.01339	0.01762	0.01128	0.00634	0.00705	0.00211	0.00846	0.00634	0.00352	0.01128
32	0.01771	0.01530	0.01610	0.01449	0.01852	0.01771	0.01127	0.03784	0.69247	0.02979	0.02898	0.02657	0.02174	0.00966	0.00725	0.00242	0.00564	0.00805	0.00725	0.01127
33	0.00868	0.00620	0.00826	0.00991	0.01033	0.00578	0.00661	0.00991	0.01363	0.01818	0.03925	0.74510	0.04710	0.02231	0.00909	0.00289	0.00413	0.02024	0.00661	0.00578
34	0.01931	0.00841	0.00983	0.00859	0.01149	0.00788	0.00675	0.02245	0.01669	0.24768	0.02480	0.02580	0.01805	0.00846	0.00568	0.00184	0.00420	0.00681	0.53685	0.00841
35	0.01033	0.00699	0.00821	0.00821	0.00836	0.00714	0.00486	0.01064	0.01048	0.01413	0.02203	0.04438	0.02492	0.66668	0.11799	0.00745	0.00836	0.01003	0.00425	0.00456
36	0.01020	0.00683	0.00848	0.00871	0.01004	0.00639	0.00629	0.01284	0.01702	0.02463	0.34309	0.25434	0.08277	0.01582	0.00794	0.00233	0.00359	0.01397	0.15834	0.00639
37	0.00887	0.00692	0.00806	0.00844	0.01007	0.00610	0.00608	0.01086	0.01632	0.02102	0.20482	0.27300	0.35690	0.01856	0.00862	0.00252	0.00371	0.01614	0.00689	0.00610
38	0.01477	0.01266	0.01477	0.01055	0.01687	0.00949	0.00844	0.01793	0.01477	0.02320	0.01266	0.01477	0.01055	0.00527	0.00527	0.00105	0.00527	0.00422	0.00422	0.79328
39	0.01661	0.00886	0.01105	0.00999	0.01295	0.00787	0.00766	0.01941	0.03815	0.24413	0.14754	0.18124	0.23574	0.01509	0.00810	0.00241	0.00452	0.01295	0.00753	0.00821
40	0.00925	0.00669	0.00875	0.00942	0.01043	0.00618	0.00661	0.01140	0.01645	0.02255	0.31677	0.43170	0.07944	0.01892	0.00878	0.00260	0.00379	0.01698	0.00712	0.00618
41	0.01515	0.03164	0.53460	0.02640	0.20661	0.01664	0.02515	0.02237	0.01534	0.02274	0.01294	0.01571	0.00961	0.00666	0.00684	0.00222	0.00999	0.00554	0.00314	0.01072
42	0.06941	0.01532	0.01648	0.05221	0.14938	0.14257	0.01232	0.01861	0.01515	0.02114	0.01996	0.19242	0.02003	0.01141	0.00877	0.00231	0.08963	0.00922	0.12575	0.00789
43	0.00883	0.00647	0.00834	0.00977	0.01053	0.00598	0.00678	0.01029	0.01417	0.01853	0.04358	0.60837	0.13518	0.02155	0.00905	0.00285	0.00423	0.06302	0.00661	0.00587
44	0.01022	0.00740	0.01028	0.01025	0.01119	0.00819	0.00747	0.01210	0.01173	0.01659	0.06658	0.03490	0.02343	0.24539	0.48132	0.00955	0.01460	0.00875	0.00423	0.00581
45	0.01474	0.18088	0.04906	0.54515	0.04146	0.01863	0.01829	0.01905	0.01432	0.01802	0.01204	0.01714	0.00940	0.00687	0.00653	0.00218	0.00910	0.00572	0.00313	0.00828
46	0.04407	0.18632	0.31601	0.04351	0.02541	0.14229	0.01885	0.05488	0.01629	0.02127	0.01172	0.01405	0.00922	0.00722	0.00737	0.00208	0.06158	0.00495	0.00339	0.00953
47	0.27743	0.01784	0.04849	0.06553	0.08314	0.10945	0.01226	0.11460	0.06359	0.02882	0.01461	0.01658	0.01126	0.00741	0.00586	0.00210	0.00734	0.00540	0.09930	0.00899
48	0.01150	0.00797	0.01070	0.01022	0.01175	0.00834	0.00780	0.01303	0.01399	0.05226	0.13603	0.03960	0.18823	0.02948	0.24857	0.13273	0.05655	0.00987	0.00519	0.00618
49	0.01994	0.20840	0.02102	0.01269	0.01704	0.05811	0.01075	0.22142	0.08343	0.02875	0.01750	0.01905	0.01380	0.01043	0.04643	0.00240	0.00745	0.00590	0.18604	0.00945
50	0.22667	0.02086	0.01789	0.01629	0.06578	0.19688	0.01209	0.24216	0.02178	0.03134	0.01342	0.01483	0.01030	0.00742	0.00606	0.00201	0.00826	0.00518	0.03294	0.04785
51	0.01728	0.01845	0.09832	0.01367	0.01758	0.16119	0.01173	0.08857	0.05700	0.06960	0.05325	0.12234	0.14746	0.01596	0.07218	0.00310	0.00857	0.00974	0.00558	0.00840

[dist]
# distance from previous block
# <min> <max>
0	5

[block]
# block no. 2 follows, 29 sequences, length 29
# corresponding to MSA columns:
# 319-347
name=unknown_C
#
# <colnr> <probs for GDERKNQSTAVLIFYWHMCP>
#	G	D	E	R	K	N	Q	S	T	A	V	L	I	F	Y	W	H	M	C	P
0	0.02088	0.39811	0.03004	0.07780	0.08262	0.13014	0.01414	0.12908	0.01855	0.02210	0.01177	0.01375	0.00984	0.00679	0.00570	0.00179	0.00868	0.00478	0.00385	0.00957
1	0.41518	0.01041	0.00945	0.00940	0.01230	0.01123	0.00733	0.01598	0.01351	0.02566	0.02977	0.20246	0.13987	0.01331	0.00662	0.00248	0.00493	0.05777	0.00548	0.00687
2	0.00915	0.00664	0.00868	0.00999	0.01066	0.00632	0.00679	0.01130	0.03942	0.01964	0.10457	0.64985	0.04815	0.02107	0.00895	0.00281	0.00411	0.01906	0.00676	0.00608
3	0.45191	0.01233	0.01182	0.01058	0.01435	0.01352	0.00844	0.06961	0.01500	0.12044	0.01824	0.13064	0.01638	0.01325	0.06275	0.00304	0.00662	0.00737	0.00550	0.00822
4	0.15660	0.01068	0.01197	0.01006	0.01380	0.01055	0.00808	0.06342	0.01801	0.27093	0.08957	0.02521	0.02069	0.00882	0.00612	0.00203	0.00494	0.00695	0.25246	0.00910
5	0.00879	0.00678	0.00809	0.00905	0.01039	0.00607	0.00650	0.01043	0.01492	0.01886	0.05269	0.41307	0.31702	0.02033	0.00887	0.00272	0.00411	0.06877	0.00661	0.00594
6	0.01048	0.00714	0.00778	0.00786	0.00986	0.00652	0.00606	0.01312	0.01639	0.02304	0.14197	0.05438	0.33300	0.01465	0.00748	0.00223	0.00377	0.07582	0.25208	0.00636
7	0.00857	0.00662	0.00783	0.00880	0.01003	0.00588	0.00611	0.01004	0.01471	0.01861	0.05283	0.46558	0.31785	0.02054	0.00881	0.00269	0.00391	0.01809	0.00661	0.00588
8	0.02512	0.01322	0.01605	0.01326	0.01799	0.01330	0.01064	0.03508	0.29806	0.39978	0.05744	0.02644	0.02146	0.00941	0.00725	0.00229	0.00577	0.00777	0.00812	0.01154
9	0.01676	0.01384	0.01583	0.01149	0.01772	0.01153	0.00926	0.12538	0.01780	0.02671	0.01337	0.01514	0.01080	0.00580	0.00557	0.00123	0.00569	0.00457	0.00469	0.66681
10	0.01771	0.01530	0.01610	0.01449	0.01852	0.01771	0.01127	0.03784	0.69247	0.02979	0.02898	0.02657	0.02174	0.00966	0.00725	0.00242	0.00564	0.00805	0.00725	0.01127
11	0.01345	0.01266	0.02136	0.73264	0.04904	0.01582	0.01978	0.01819	0.01424	0.01819	0.01266	0.01898	0.00949	0.00712	0.00712	0.00237	0.00949	0.00633	0.00316	0.00791
12	0.01428	0.03683	0.71286	0.02030	0.03082	0.01654	0.02631	0.02255	0.01503	0.02255	0.01278	0.01503	0.00902	0.00677	0.00677	0.00226	0.01052	0.00526	0.00301	0.01052
13	0.00868	0.00620	0.00826	0.00991	0.01033	0.00578	0.00661	0.00991	0.01363	0.01818	0.03925	0.74510	0.04710	0.02231	0.00909	0.00289	0.00413	0.02024	0.00661	0.00578
14	0.02799	0.01156	0.01549	0.01216	0.01701	0.01024	0.00993	0.05447	0.02082	0.56813	0.14428	0.02899	0.02601	0.00980	0.00737	0.00221	0.00566	0.00812	0.00858	0.01118
15	0.01659	0.01239	0.01398	0.01237	0.01525	0.01331	0.00951	0.22319	0.13048	0.02964	0.14498	0.10738	0.03157	0.14035	0.01282	0.00319	0.00606	0.06165	0.00669	0.00860
16	0.01681	0.01921	0.04202	0.03001	0.03721	0.01801	0.67947	0.02281	0.01681	0.02281	0.01441	0.01921	0.01080	0.00600	0.00840	0.00240	0.01200	0.00840	0.00360	0.00960
17	0.01227	0.00971	0.01027	0.00922	0.01218	0.00924	0.00716	0.14197	0.02009	0.02540	0.13910	0.05657	0.48893	0.01575	0.00816	0.00233	0.00440	0.01308	0.00686	0.00729
18	0.01712	0.00854	0.01051	0.00930	0.01103	0.00802	0.00624	0.01799	0.01350	0.23209	0.02421	0.03959	0.02330	0.51753	0.02713	0.00543	0.00664	0.00935	0.00572	0.00676
19	0.05403	0.32326	0.14277	0.01251	0.01778	0.05295	0.01250	0.01835	0.01498	0.01920	0.02609	0.10970	0.14916	0.01054	0.00632	0.00203	0.00708	0.00823	0.00426	0.00826
20	0.01219	0.01102	0.01970	0.01556	0.01897	0.01026	0.21757	0.01637	0.01911	0.02675	0.48621	0.04254	0.04952	0.01188	0.00840	0.00229	0.00607	0.01148	0.00651	0.00762
21	0.00971	0.00721	0.00897	0.00992	0.01126	0.00675	0.00757	0.01168	0.01508	0.01934	0.06860	0.25361	0.22288	0.09755	0.01201	0.00328	0.00502	0.21721	0.00639	0.00596
22	0.02076	0.05367	0.02455	0.14304	0.31626	0.22125	0.01783	0.02418	0.01730	0.07510	0.01360	0.01670	0.01079	0.00694	0.00678	0.00206	0.00967	0.00578	0.00391	0.00983
23	0.01534	0.27529	0.13281	0.01658	0.08672	0.01784	0.01440	0.02030	0.06915	0.02078	0.04964	0.09871	0.02203	0.01080	0.00689	0.00224	0.00730	0.11976	0.00458	0.00886
24	0.00926	0.00672	0.00855	0.00916	0.01016	0.00621	0.00635	0.01118	0.01583	0.02145	0.26597	0.39075	0.11402	0.07713	0.01095	0.00294	0.00404	0.01646	0.00684	0.00601
25	0.36214	0.01709	0.01528	0.01458	0.07131	0.13674	0.01064	0.05413	0.01676	0.18171	0.01538	0.01603	0.01114	0.00737	0.00573	0.00211	0.00714	0.00516	0.04033	0.00923
26	0.01745	0.01614	0.02507	0.28792	0.33489	0.05768	0.04839	0.02226	0.03883	0.06174	0.01442	0.01859	0.01121	0.00693	0.00711	0.00222	0.00901	0.00643	0.00384	0.00986
27	0.05309	0.01134	0.01425	0.01200	0.01469	0.01196	0.00935	0.01636	0.01263	0.05340	0.01557	0.02374	0.01474	0.16038	0.13932	0.00456	0.16863	0.00657	0.00416	0.25326
28	0.01369	0.07137	0.01880	0.01543	0.01604	0.01729	0.01250	0.01521	0.01204	0.01743	0.01876	0.24389	0.02116	0.01504	0.01740	0.00292	0.44913	0.01043	0.00421	0.00727

[dist]
# distance from previous block
# <min> <max>
0	1

[block]
# block no. 3 follows, 29 sequences, length 51
# corresponding to MSA columns:
# 349-399
name=unknown_D
#
# <colnr> <probs for GDERKNQSTAVLIFYWHMCP>
#	G	D	E	R	K	N	Q	S	T	A	V	L	I	F	Y	W	H	M	C	P
0	0.20226	0.10238	0.14655	0.02382	0.24402	0.01853	0.01695	0.10134	0.03600	0.02723	0.01296	0.01523	0.01019	0.00681	0.00611	0.00211	0.00789	0.00534	0.00412	0.01017
1	0.00924	0.00659	0.00822	0.00905	0.00968	0.00620	0.00596	0.01049	0.01385	0.01849	0.12112	0.43246	0.09634	0.20001	0.01563	0.00376	0.00467	0.01647	0.00620	0.00556
2	0.11146	0.02302	0.02032	0.07503	0.07405	0.24854	0.01407	0.29316	0.02395	0.03076	0.01368	0.01528	0.01039	0.00766	0.00658	0.00206	0.00939	0.00552	0.00511	0.00997
3	0.02356	0.01185	0.01420	0.01144	0.01585	0.01120	0.00927	0.14833	0.02128	0.35097	0.03557	0.03330	0.17345	0.01082	0.00720	0.00218	0.00552	0.00876	0.09516	0.01011
4	0.59059	0.01200	0.00984	0.00917	0.01284	0.01362	0.00751	0.01963	0.01299	0.03008	0.01464	0.01994	0.01237	0.00799	0.00495	0.00219	0.00519	0.05764	0.14942	0.00742
5	0.01327	0.00664	0.00664	0.00664	0.00830	0.00664	0.00498	0.01659	0.01493	0.02655	0.02323	0.02655	0.01825	0.00830	0.00498	0.00166	0.00332	0.00664	0.78928	0.00664
6	0.01355	0.00747	0.00898	0.00883	0.01080	0.00686	0.00653	0.01597	0.01617	0.12289	0.11747	0.24439	0.13385	0.01464	0.00741	0.00228	0.00400	0.01266	0.23813	0.00710
7	0.00882	0.00720	0.00760	0.00752	0.00962	0.00619	0.00551	0.01071	0.01633	0.02017	0.16139	0.06447	0.55313	0.07716	0.01068	0.00275	0.00384	0.01433	0.00661	0.00598
8	0.80005	0.01377	0.01047	0.00936	0.01377	0.01597	0.00771	0.02093	0.01212	0.03195	0.00991	0.01157	0.00771	0.00661	0.00441	0.00220	0.00551	0.00386	0.00441	0.00771
9	0.80005	0.01377	0.01047	0.00936	0.01377	0.01597	0.00771	0.02093	0.01212	0.03195	0.00991	0.01157	0.00771	0.00661	0.00441	0.00220	0.00551	0.00386	0.00441	0.00771
10	0.01509	0.01406	0.02276	0.03313	0.50007	0.01378	0.01715	0.01878	0.01666	0.02313	0.10193	0.03092	0.14346	0.00940	0.00745	0.00218	0.00700	0.00866	0.00457	0.00980
11	0.01874	0.27143	0.02730	0.22832	0.06983	0.05774	0.01559	0.13028	0.01767	0.02232	0.01213	0.01539	0.00989	0.00740	0.00752	0.00206	0.06795	0.00538	0.00383	0.00924
12	0.01336	0.23325	0.14736	0.01235	0.01703	0.01492	0.01241	0.01695	0.01605	0.02092	0.14110	0.07100	0.13997	0.01228	0.00721	0.00224	0.00647	0.10212	0.00509	0.00795
13	0.01726	0.04743	0.26171	0.02962	0.30689	0.01747	0.07128	0.09370	0.01781	0.02530	0.03531	0.01773	0.01226	0.00695	0.00703	0.00217	0.00917	0.00626	0.00387	0.01077
14	0.01825	0.01517	0.09526	0.14895	0.08006	0.01384	0.01469	0.11856	0.01757	0.14621	0.01818	0.02251	0.01421	0.04973	0.18990	0.00477	0.01099	0.00687	0.00499	0.00931
15	0.01569	0.24855	0.51343	0.01790	0.02712	0.01997	0.02214	0.02219	0.01487	0.02084	0.01193	0.01397	0.00905	0.00657	0.00612	0.00204	0.00966	0.00483	0.00302	0.01011
16	0.02083	0.01500	0.02403	0.02898	0.34884	0.01463	0.07029	0.07931	0.01844	0.19128	0.02024	0.10056	0.01685	0.00888	0.00742	0.00225	0.00763	0.00827	0.00546	0.01080
17	0.05396	0.01893	0.02452	0.02451	0.19602	0.09712	0.11278	0.19289	0.06476	0.08905	0.04308	0.01946	0.01443	0.00773	0.00716	0.00217	0.00861	0.00680	0.00537	0.01065
18	0.01560	0.01586	0.01587	0.26398	0.02661	0.18001	0.01266	0.01944	0.05503	0.01924	0.05034	0.03004	0.11568	0.09221	0.01033	0.00271	0.00831	0.00800	0.05069	0.00739
19	0.01698	0.00952	0.01137	0.00997	0.01293	0.00889	0.00753	0.02099	0.09242	0.22466	0.12974	0.04466	0.21403	0.14894	0.01305	0.00315	0.00513	0.01077	0.00707	0.00818
20	0.12269	0.02231	0.01902	0.12580	0.02471	0.27543	0.01350	0.18473	0.02149	0.10340	0.01450	0.01593	0.01069	0.00767	0.00653	0.00208	0.00943	0.00549	0.00510	0.00950
21	0.01564	0.01210	0.01773	0.17131	0.07826	0.01323	0.04277	0.07409	0.09226	0.07503	0.06089	0.07510	0.02184	0.01855	0.13946	0.00410	0.00952	0.06412	0.00532	0.00868
22	0.01280	0.00783	0.01017	0.01056	0.01203	0.00739	0.00751	0.05210	0.01617	0.10835	0.09054	0.55527	0.04298	0.01917	0.00867	0.00271	0.00453	0.01719	0.00702	0.00703
23	0.08653	0.02729	0.02220	0.01902	0.02250	0.45679	0.09036	0.02514	0.01746	0.01918	0.01101	0.01396	0.00927	0.00805	0.00953	0.00216	0.14237	0.00526	0.00362	0.00828
24	0.00852	0.00722	0.00735	0.00732	0.00968	0.00605	0.00549	0.01041	0.01647	0.01980	0.11026	0.06760	0.66397	0.01782	0.00841	0.00239	0.00359	0.01490	0.00669	0.00605
25	0.00898	0.00670	0.00836	0.00908	0.01025	0.00607	0.00638	0.01089	0.01588	0.02108	0.21699	0.41975	0.19480	0.01938	0.00876	0.00262	0.00382	0.01721	0.00693	0.00607
26	0.01214	0.00964	0.01120	0.01039	0.01285	0.00988	0.00791	0.02028	0.21818	0.02786	0.43155	0.04707	0.12591	0.01351	0.00806	0.00231	0.00406	0.01170	0.00752	0.00798
27	0.41865	0.01141	0.01082	0.00945	0.01326	0.01216	0.00763	0.02195	0.01513	0.16126	0.09312	0.02142	0.01821	0.00823	0.00549	0.00211	0.00497	0.00601	0.15048	0.00825
28	0.01771	0.01530	0.01610	0.01449	0.01852	0.01771	0.01127	0.03784	0.69247	0.02979	0.02898	0.02657	0.02174	0.00966	0.00725	0.00242	0.00564	0.00805	0.00725	0.01127
29	0.01514	0.01299	0.01493	0.01105	0.01708	0.01053	0.00880	0.02045	0.10073	0.02404	0.01473	0.01626	0.01197	0.00583	0.00552	0.00123	0.00532	0.00470	0.00460	0.69409
30	0.80005	0.01377	0.01047	0.00936	0.01377	0.01597	0.00771	0.02093	0.01212	0.03195	0.00991	0.01157	0.00771	0.00661	0.00441	0.00220	0.00551	0.00386	0.00441	0.00771
31	0.01345	0.01266	0.02136	0.73264	0.04904	0.01582	0.01978	0.01819	0.01424	0.01819	0.01266	0.01898	0.00949	0.00712	0.00712	0.00237	0.00949	0.00633	0.00316	0.00791
32	0.00902	0.00674	0.00839	0.00904	0.01026	0.00610	0.00637	0.01100	0.01609	0.02140	0.23732	0.39488	0.19911	0.01912	0.00874	0.00260	0.00379	0.01696	0.00696	0.00610
33	0.00954	0.00784	0.01184	0.01165	0.01320	0.00719	0.08153	0.01141	0.01447	0.01889	0.04262	0.53746	0.16564	0.01969	0.00889	0.00275	0.00491	0.01795	0.00627	0.00625
34	0.01940	0.01454	0.02633	0.01984	0.02501	0.01404	0.30348	0.07203	0.01769	0.17544	0.01921	0.02238	0.01431	0.01575	0.13935	0.00395	0.01098	0.00769	0.06909	0.00950
35	0.01354	0.01281	0.01781	0.01610	0.01622	0.01708	0.01293	0.01500	0.01171	0.01744	0.01817	0.23094	0.02049	0.01537	0.01915	0.00305	0.52046	0.01037	0.00415	0.00720
36	0.00946	0.00681	0.00912	0.01070	0.01155	0.00648	0.00793	0.01130	0.01453	0.01911	0.04027	0.52715	0.07448	0.02137	0.00927	0.00298	0.00479	0.20010	0.00660	0.00601
37	0.01989	0.25164	0.28064	0.01659	0.02413	0.04309	0.01783	0.21690	0.02046	0.02721	0.01312	0.01447	0.00997	0.00710	0.00619	0.00198	0.00891	0.00513	0.00425	0.01050
38	0.02054	0.03149	0.30580	0.02017	0.02732	0.25573	0.09320	0.11791	0.01958	0.02401	0.01297	0.01505	0.00971	0.00713	0.00688	0.00211	0.01109	0.00555	0.00388	0.00988
39	0.02407	0.07849	0.02676	0.01966	0.02512	0.22872	0.16059	0.29353	0.02444	0.02978	0.01416	0.01588	0.01073	0.00744	0.00701	0.00206	0.01022	0.00612	0.00502	0.01019
40	0.01811	0.01418	0.01861	0.01455	0.01912	0.01432	0.06122	0.17091	0.01856	0.07115	0.01564	0.01878	0.01260	0.01598	0.14020	0.00362	0.08860	0.00608	0.00495	0.27283
41	0.00984	0.00799	0.01254	0.01223	0.01372	0.00774	0.08209	0.01190	0.01379	0.01847	0.03536	0.47808	0.08957	0.02589	0.14043	0.00438	0.00773	0.01618	0.00576	0.00633
42	0.01459	0.00990	0.01113	0.01002	0.01205	0.03545	0.00724	0.09077	0.01479	0.02112	0.01823	0.08247	0.01739	0.09719	0.01662	0.26109	0.00588	0.00757	0.14924	0.11726
43	0.01974	0.22422	0.17326	0.07464	0.02425	0.27275	0.01602	0.02340	0.01653	0.01872	0.01198	0.01450	0.00981	0.00859	0.03233	0.00223	0.01054	0.00485	0.03280	0.00882
44	0.01907	0.01128	0.01368	0.01210	0.01550	0.01139	0.00937	0.04760	0.21791	0.22873	0.16017	0.16332	0.03368	0.01265	0.00778	0.00240	0.00511	0.01092	0.00770	0.00966
45	0.05394	0.26066	0.02684	0.01564	0.02073	0.09858	0.06680	0.19386	0.02015	0.07157	0.01397	0.01574	0.01107	0.01015	0.04844	0.00252	0.04936	0.00552	0.00471	0.00976
46	0.19216	0.02373	0.01649	0.04684	0.01970	0.40415	0.01181	0.02344	0.01654	0.02047	0.01233	0.01563	0.01046	0.01567	0.13797	0.00371	0.01224	0.00507	0.00383	0.00777
47	0.00906	0.00667	0.00851	0.00941	0.01046	0.00612	0.00664	0.01094	0.01560	0.02080	0.19343	0.46095	0.15097	0.01981	0.00886	0.00269	0.00397	0.04217	0.00689	0.00606
48	0.01790	0.01604	0.02493	0.11292	0.45268	0.01676	0.01884	0.11739	0.04478	0.02604	0.03766	0.05150	0.01499	0.00785	0.00721	0.00220	0.00802	0.00725	0.00443	0.01063
49	0.01114	0.00874	0.01021	0.01060	0.01253	0.00876	0.00815	0.01649	0.14023	0.02135	0.06557	0.18461	0.21961	0.07720	0.01094	0.00307	0.00506	0.17220	0.00657	0.00696
50	0.00868	0.00620	0.00826	0.00991	0.01033	0.00578	0.00661	0.00991	0.01363	0.01818	0.03925	0.74510	0.04710	0.02231	0.00909	0.00289	0.00413	0.02024	0.00661	0.00578

[dist]
# distance from previous block
# <min> <max>
0	24

[block]
# block no. 4 follows, 29 sequences, length 26
# corresponding to MSA columns:
# 424-449
name=unknown_E
#
# <colnr> <probs for GDERKNQSTAVLIFYWHMCP>
#	G	D	E	R	K	N	Q	S	T	A	V	L	I	F	Y	W	H	M	C	P
0	0.01016	0.00769	0.00942	0.00891	0.01086	0.00716	0.00671	0.01410	0.05497	0.02681	0.54360	0.05476	0.18830	0.01497	0.00834	0.00228	0.00353	0.01304	0.00757	0.00682
1	0.00879	0.00695	0.00796	0.00859	0.01026	0.00612	0.00629	0.01058	0.01556	0.01944	0.08634	0.29091	0.41321	0.01940	0.00874	0.00262	0.00397	0.06162	0.00666	0.00601
2	0.01904	0.75404	0.03731	0.01218	0.01828	0.02818	0.01218	0.02132	0.01447	0.01675	0.00990	0.01142	0.00914	0.00609	0.00457	0.00152	0.00761	0.00381	0.00305	0.00914
3	0.01428	0.03683	0.71286	0.02030	0.03082	0.01654	0.02631	0.02255	0.01503	0.02255	0.01278	0.01503	0.00902	0.00677	0.00677	0.00226	0.01052	0.00526	0.00301	0.01052
4	0.02437	0.01050	0.01375	0.01110	0.01548	0.00908	0.00897	0.02702	0.01953	0.48245	0.12763	0.03685	0.15891	0.01140	0.00757	0.00225	0.00521	0.00948	0.00825	0.01019
5	0.01904	0.75404	0.03731	0.01218	0.01828	0.02818	0.01218	0.02132	0.01447	0.01675	0.00990	0.01142	0.00914	0.00609	0.00457	0.00152	0.00761	0.00381	0.00305	0.00914
6	0.01471	0.01395	0.02364	0.52391	0.24788	0.01615	0.02040	0.01930	0.01484	0.01973	0.01288	0.01857	0.01003	0.00688	0.00710	0.00229	0.00918	0.00633	0.00327	0.00893
7	0.00924	0.00660	0.00891	0.01056	0.01122	0.00627	0.00760	0.01090	0.01419	0.01881	0.03893	0.61036	0.04586	0.02177	0.00924	0.00297	0.00462	0.14939	0.00660	0.00594
8	0.00896	0.00691	0.00818	0.00855	0.01012	0.00613	0.00615	0.01101	0.01650	0.02147	0.23550	0.27724	0.32086	0.01842	0.00862	0.00251	0.00370	0.01608	0.00695	0.00613
9	0.01875	0.71059	0.07823	0.01268	0.01904	0.02747	0.01304	0.02140	0.01450	0.01710	0.01007	0.01164	0.00913	0.00613	0.00470	0.00157	0.00779	0.00390	0.00304	0.00922
10	0.01594	0.01247	0.01486	0.01533	0.06251	0.03922	0.01170	0.18504	0.02089	0.02742	0.07819	0.11466	0.06709	0.01526	0.00858	0.00270	0.00666	0.28673	0.00648	0.00827
11	0.64812	0.01498	0.01261	0.01074	0.01540	0.01717	0.00886	0.15078	0.01632	0.03449	0.01133	0.01265	0.00858	0.00699	0.00494	0.00219	0.00597	0.00436	0.00494	0.00858
12	0.01036	0.00690	0.00777	0.00777	0.00777	0.00690	0.00431	0.01036	0.01036	0.01381	0.02244	0.04660	0.02589	0.74975	0.03624	0.00690	0.00690	0.01036	0.00431	0.00431
13	0.01379	0.01122	0.01641	0.21876	0.02483	0.01254	0.04725	0.11555	0.01650	0.02215	0.05013	0.14563	0.02205	0.09562	0.15098	0.00467	0.00983	0.00972	0.00481	0.00756
14	0.04493	0.19570	0.24774	0.05076	0.05558	0.21093	0.01762	0.02335	0.01621	0.02001	0.01156	0.01378	0.00925	0.00668	0.00604	0.00191	0.00991	0.00474	0.00334	0.04995
15	0.01982	0.30909	0.05669	0.01461	0.01967	0.16002	0.01280	0.02883	0.26434	0.02193	0.01725	0.01742	0.01376	0.00768	0.00601	0.00194	0.00805	0.00558	0.00471	0.00981
16	0.01167	0.00937	0.01014	0.00972	0.01224	0.00917	0.00731	0.08295	0.10492	0.02352	0.08775	0.18999	0.38121	0.01663	0.00826	0.00247	0.00439	0.01415	0.00681	0.00731
17	0.01385	0.01512	0.08441	0.16667	0.27495	0.01358	0.05714	0.01788	0.01541	0.02088	0.02565	0.12293	0.12065	0.01043	0.00760	0.00234	0.00775	0.00955	0.00429	0.00891
18	0.01737	0.13677	0.01874	0.01469	0.05800	0.11579	0.01097	0.14359	0.04509	0.02390	0.02863	0.19569	0.11391	0.01278	0.00734	0.00226	0.00698	0.03349	0.00554	0.00849
19	0.00842	0.00721	0.00721	0.00721	0.00962	0.00601	0.00541	0.01022	0.01623	0.01924	0.07213	0.06853	0.70244	0.01803	0.00842	0.00240	0.00361	0.01503	0.00661	0.00601
20	0.00935	0.00679	0.00887	0.00968	0.01075	0.00631	0.00697	0.01150	0.01619	0.02192	0.25870	0.41264	0.10089	0.01923	0.00888	0.00268	0.00405	0.07142	0.00701	0.00617
21	0.04700	0.23123	0.09825	0.01565	0.02102	0.06674	0.07660	0.15385	0.05164	0.02505	0.01772	0.13060	0.01645	0.00949	0.00664	0.00211	0.00801	0.00778	0.00477	0.00939
22	0.12037	0.01161	0.01762	0.04585	0.01912	0.01232	0.12944	0.05238	0.01434	0.06314	0.01814	0.02685	0.01620	0.11533	0.27948	0.00633	0.01231	0.02712	0.00445	0.00760
23	0.01028	0.00826	0.01159	0.01500	0.12052	0.00779	0.00920	0.01227	0.01479	0.01946	0.04155	0.43947	0.17093	0.01871	0.00870	0.00270	0.00492	0.07098	0.00612	0.00676
24	0.01547	0.01312	0.01513	0.01101	0.01719	0.01047	0.00881	0.04933	0.04851	0.02452	0.01365	0.01545	0.01116	0.00564	0.00545	0.00117	0.00541	0.00451	0.00450	0.71952
25	0.02125	0.01788	0.02189	0.02329	0.22144	0.04425	0.01489	0.28647	0.08963	0.03231	0.01619	0.01763	0.01244	0.00741	0.00677	0.00196	0.00755	0.00611	0.00545	0.14519

[dist]
# distance from previous block
# <min> <max>
0	3

[block]
# block no. 5 follows, 29 sequences, length 19
# corresponding to MSA columns:
# 453-471
name=unknown_F
#
# <colnr> <probs for GDERKNQSTAVLIFYWHMCP>
#	G	D	E	R	K	N	Q	S	T	A	V	L	I	F	Y	W	H	M	C	P
0	0.25355	0.14254	0.08224	0.05270	0.02120	0.14200	0.01309	0.16855	0.01901	0.02821	0.01209	0.01370	0.00939	0.00712	0.00574	0.00203	0.00831	0.00480	0.00446	0.00928
1	0.01293	0.01093	0.01639	0.42446	0.03311	0.01293	0.01443	0.01829	0.07644	0.02035	0.02159	0.09109	0.05310	0.01199	0.04540	0.00282	0.00801	0.00836	0.10975	0.00766
2	0.01676	0.01881	0.03962	0.02863	0.03522	0.01825	0.60812	0.02302	0.04307	0.02270	0.01464	0.01925	0.01114	0.00658	0.00937	0.00245	0.06086	0.00824	0.00371	0.00955
3	0.01617	0.01490	0.01346	0.01219	0.01528	0.11365	0.00918	0.08442	0.24630	0.02413	0.03643	0.03840	0.21009	0.12002	0.01169	0.00296	0.00649	0.00969	0.00612	0.00843
4	0.01049	0.00696	0.00902	0.01018	0.01130	0.00674	0.00777	0.01290	0.01522	0.02151	0.08813	0.35596	0.04143	0.01827	0.00848	0.00272	0.00464	0.20815	0.15386	0.00625
5	0.00926	0.00652	0.00836	0.00931	0.00984	0.00617	0.00615	0.01059	0.01401	0.01896	0.14439	0.48474	0.04593	0.17395	0.01468	0.00363	0.00459	0.01696	0.00633	0.00563
6	0.01036	0.00690	0.00777	0.00777	0.00777	0.00690	0.00431	0.01036	0.01036	0.01381	0.02244	0.04660	0.02589	0.74975	0.03624	0.00690	0.00690	0.01036	0.00431	0.00431
7	0.02707	0.01995	0.02137	0.01638	0.02208	0.02208	0.01353	0.68159	0.03348	0.04488	0.01710	0.01710	0.01211	0.00855	0.00712	0.00214	0.00784	0.00641	0.00712	0.01211
8	0.03195	0.01212	0.01652	0.01267	0.01818	0.01047	0.01047	0.03470	0.02038	0.71026	0.02809	0.02424	0.01763	0.00881	0.00716	0.00220	0.00606	0.00716	0.00881	0.01212
9	0.01771	0.01530	0.01610	0.01449	0.01852	0.01771	0.01127	0.03784	0.69247	0.02979	0.02898	0.02657	0.02174	0.00966	0.00725	0.00242	0.00564	0.00805	0.00725	0.01127
10	0.01010	0.00717	0.00857	0.00903	0.01075	0.00637	0.00662	0.01198	0.01585	0.05657	0.11090	0.31507	0.32628	0.01892	0.00869	0.00261	0.00410	0.05724	0.00683	0.00635
11	0.01544	0.01549	0.06494	0.08807	0.25826	0.05134	0.06817	0.01947	0.01510	0.02183	0.01584	0.02066	0.01308	0.01422	0.11667	0.00353	0.03114	0.00659	0.15126	0.00891
12	0.07447	0.01989	0.02201	0.02120	0.15003	0.06627	0.01474	0.47291	0.02801	0.03820	0.01555	0.01657	0.01148	0.00793	0.00689	0.00212	0.00813	0.00612	0.00605	0.01142
13	0.02448	0.06305	0.01885	0.01399	0.01853	0.06266	0.01129	0.32564	0.02417	0.18536	0.01954	0.02262	0.01513	0.11041	0.04915	0.00323	0.00823	0.00689	0.00647	0.01032
14	0.01143	0.01127	0.10879	0.01145	0.01399	0.00795	0.00988	0.01439	0.01607	0.06535	0.20692	0.38722	0.04481	0.01713	0.00849	0.00261	0.00506	0.04350	0.00656	0.00713
15	0.01799	0.01698	0.02322	0.07062	0.22832	0.07423	0.08134	0.12626	0.06264	0.02510	0.02052	0.08509	0.05842	0.00964	0.00872	0.00233	0.06583	0.00829	0.00477	0.00969
16	0.01604	0.07115	0.10153	0.13034	0.02414	0.04599	0.06590	0.08153	0.05012	0.06794	0.07177	0.06912	0.15347	0.01073	0.00741	0.00227	0.00742	0.00913	0.00529	0.00872
17	0.00992	0.10250	0.01165	0.00932	0.01111	0.00873	0.00693	0.01148	0.01460	0.01834	0.04631	0.42815	0.25804	0.01882	0.00829	0.00256	0.00441	0.01642	0.00615	0.00629
18	0.12034	0.01080	0.01192	0.01087	0.01358	0.04734	0.03463	0.02009	0.04755	0.14128	0.02554	0.20496	0.02388	0.05992	0.00867	0.00255	0.00548	0.01005	0.19278	0.00778

[dist]
# distance from previous block
# <min> <max>
18	38

[block]
# block no. 6 follows, 29 sequences, length 56
# corresponding to MSA columns:
# 515-570
name=unknown_G
#
# <colnr> <probs for GDERKNQSTAVLIFYWHMCP>
#	G	D	E	R	K	N	Q	S	T	A	V	L	I	F	Y	W	H	M	C	P
0	0.01965	0.01862	0.15199	0.01586	0.06590	0.01341	0.01389	0.12227	0.01870	0.14340	0.01603	0.01697	0.01174	0.00673	0.00628	0.00172	0.00702	0.00539	0.00516	0.33926
1	0.07198	0.04695	0.05793	0.04468	0.11376	0.17708	0.08167	0.14321	0.02015	0.04997	0.06472	0.06281	0.01682	0.00864	0.00701	0.00214	0.00891	0.00720	0.00491	0.00948
2	0.02215	0.02408	0.02108	0.02239	0.17011	0.33421	0.01467	0.10626	0.06089	0.02330	0.01629	0.01807	0.04334	0.00795	0.00729	0.00199	0.03445	0.00593	0.00444	0.06113
3	0.00880	0.00636	0.00833	0.00968	0.01032	0.00589	0.00656	0.01027	0.01441	0.01924	0.10509	0.64133	0.08474	0.02133	0.00899	0.00280	0.00403	0.01925	0.00673	0.00589
4	0.01646	0.01536	0.02617	0.30279	0.27281	0.01658	0.11066	0.07341	0.01687	0.02314	0.01401	0.01874	0.01092	0.00686	0.00717	0.00223	0.00906	0.00664	0.04051	0.00960
5	0.01645	0.02070	0.10844	0.02812	0.03508	0.01816	0.55980	0.02233	0.01615	0.02233	0.01383	0.01849	0.01051	0.00660	0.00944	0.00244	0.07016	0.00791	0.00350	0.00955
6	0.01435	0.03874	0.19099	0.01333	0.01783	0.04556	0.01286	0.11635	0.01782	0.02408	0.03067	0.23352	0.12599	0.01333	0.00751	0.00235	0.00669	0.01125	0.06850	0.00826
7	0.01041	0.00737	0.01041	0.01052	0.01165	0.00828	0.00793	0.01271	0.01184	0.01740	0.02111	0.07597	0.02049	0.11127	0.53931	0.00948	0.01538	0.00860	0.08372	0.00616
8	0.00946	0.00732	0.00873	0.00908	0.01096	0.00660	0.00705	0.01188	0.01697	0.02184	0.21718	0.13397	0.34981	0.01792	0.00876	0.00259	0.00418	0.14251	0.00690	0.00627
9	0.01339	0.01448	0.11970	0.01642	0.10766	0.01170	0.01262	0.05204	0.06422	0.02589	0.26303	0.10535	0.05603	0.01202	0.00838	0.00231	0.03996	0.01028	0.05611	0.00842
10	0.01039	0.00716	0.00890	0.00877	0.01043	0.00667	0.00663	0.01345	0.01831	0.02618	0.45022	0.09799	0.11956	0.01480	0.00802	0.00228	0.00364	0.05435	0.12570	0.00656
11	0.01926	0.14213	0.02003	0.01241	0.01816	0.06179	0.01032	0.13989	0.01860	0.06169	0.01403	0.01607	0.01139	0.03158	0.00671	0.00164	0.00673	0.00493	0.00475	0.39788
12	0.01319	0.00938	0.01186	0.01026	0.01357	0.00802	0.03077	0.01570	0.01626	0.09115	0.12604	0.08240	0.22168	0.07258	0.00998	0.00252	0.00505	0.06892	0.00616	0.18452
13	0.01721	0.01766	0.06183	0.02583	0.18867	0.03846	0.15770	0.10230	0.01683	0.02348	0.01406	0.01880	0.01172	0.01486	0.11841	0.00378	0.14810	0.00686	0.00393	0.00950
14	0.01447	0.07899	0.20285	0.01580	0.01959	0.01648	0.01532	0.06330	0.01443	0.02050	0.01824	0.17713	0.01877	0.05952	0.01399	0.00288	0.22614	0.00912	0.00420	0.00827
15	0.01762	0.01692	0.02890	0.04371	0.70533	0.01692	0.02185	0.02185	0.01621	0.02326	0.01339	0.01762	0.01128	0.00634	0.00705	0.00211	0.00846	0.00634	0.00352	0.01128
16	0.00945	0.00732	0.00862	0.00927	0.01072	0.00684	0.00662	0.01232	0.05971	0.02010	0.10233	0.36863	0.26668	0.04292	0.00959	0.00279	0.00417	0.03896	0.00668	0.00628
17	0.02226	0.23237	0.02435	0.01475	0.02000	0.18383	0.01237	0.19788	0.08785	0.02637	0.01427	0.01514	0.01134	0.00728	0.00602	0.00179	0.00841	0.00514	0.00482	0.10378
18	0.02192	0.01097	0.01438	0.01238	0.01619	0.01067	0.01002	0.02740	0.12037	0.35449	0.10487	0.03415	0.02631	0.01744	0.11559	0.00375	0.00770	0.07398	0.00748	0.00994
19	0.01104	0.00680	0.00910	0.01019	0.01112	0.00626	0.00700	0.01243	0.01432	0.08838	0.03812	0.67198	0.04411	0.02094	0.00889	0.00282	0.00433	0.01892	0.00683	0.00643
20	0.01205	0.00751	0.00940	0.00909	0.00985	0.00769	0.00597	0.01291	0.01144	0.07053	0.02204	0.04009	0.02318	0.51423	0.20702	0.00767	0.00991	0.00941	0.00455	0.00546
21	0.02163	0.01923	0.01847	0.01562	0.01931	0.14866	0.01247	0.27452	0.12456	0.03019	0.01743	0.01925	0.01365	0.01341	0.07994	0.00314	0.09650	0.00643	0.05577	0.00983
22	0.00959	0.00677	0.00781	0.00824	0.00875	0.00646	0.00510	0.01022	0.01219	0.01586	0.03510	0.23475	0.14338	0.43656	0.02447	0.00510	0.00563	0.01374	0.00530	0.00498
23	0.00874	0.00630	0.00828	0.00974	0.01031	0.00584	0.00656	0.01011	0.01409	0.01876	0.07498	0.67768	0.07884	0.02171	0.00902	0.00284	0.00407	0.01962	0.00667	0.00584
24	0.01760	0.01450	0.01965	0.29249	0.09928	0.01651	0.01520	0.20688	0.07387	0.02654	0.01678	0.02310	0.01388	0.11992	0.01153	0.00297	0.00822	0.00710	0.00482	0.00917
25	0.02043	0.01649	0.02071	0.07984	0.19397	0.04003	0.01496	0.12896	0.28161	0.09514	0.02129	0.02161	0.01587	0.00830	0.00713	0.00226	0.00726	0.00704	0.00600	0.01111
26	0.01768	0.02076	0.07954	0.02329	0.12525	0.13571	0.06080	0.02052	0.01396	0.01892	0.01084	0.01563	0.00968	0.00981	0.01579	0.00264	0.40112	0.00604	0.00329	0.00873
27	0.01862	0.01714	0.02595	0.02471	0.17781	0.05701	0.20230	0.16963	0.01989	0.02686	0.01844	0.04187	0.03725	0.06757	0.00973	0.00257	0.00883	0.00785	0.05635	0.00962
