[name]
unknown

[dist]
# distance from previous block
# <min> <max>
0	121

[block]
# block no. 0 follows, 25 sequences, length 12
# corresponding to MSA columns:
# 121-132
name=unknown_A
#
# <colnr> <probs for GDERKNQSTAVLIFYWHMCP>
#	G	D	E	R	K	N	Q	S	T	A	V	L	I	F	Y	W	H	M	C	P
0	0.10577	0.06091	0.01644	0.01272	0.01724	0.01417	0.01062	0.14125	0.02147	0.16121	0.03705	0.04305	0.17396	0.01316	0.00797	0.00252	0.00644	0.10718	0.00715	0.03974
1	0.09813	0.13150	0.02472	0.01924	0.08968	0.09020	0.04170	0.21761	0.02318	0.07506	0.01805	0.07670	0.01529	0.00933	0.00712	0.00224	0.00851	0.00739	0.00577	0.03860
2	0.06007	0.05147	0.06763	0.10155	0.02701	0.14602	0.04343	0.12490	0.17245	0.06453	0.01891	0.02016	0.01422	0.00892	0.00831	0.00242	0.04473	0.00681	0.00565	0.01080
3	0.05015	0.01456	0.01793	0.01826	0.09690	0.05117	0.04294	0.06279	0.10500	0.02437	0.06536	0.06255	0.02478	0.21829	0.01882	0.00405	0.07599	0.03202	0.00548	0.00858
4	0.00959	0.00740	0.00876	0.00941	0.01099	0.00657	0.00668	0.01158	0.01721	0.02218	0.16450	0.34359	0.31184	0.02095	0.00947	0.00281	0.00412	0.01835	0.00743	0.00657
5	0.01361	0.01248	0.02248	0.06460	0.02392	0.01312	0.18989	0.01732	0.01496	0.02058	0.02268	0.10067	0.02224	0.06795	0.25686	0.00657	0.04783	0.06968	0.00462	0.00794
6	0.01293	0.00709	0.01063	0.01063	0.01094	0.00740	0.00740	0.01094	0.01063	0.01449	0.01511	0.02512	0.01480	0.03396	0.18036	0.60285	0.00989	0.00709	0.00354	0.00417
7	0.01930	0.01937	0.02679	0.16410	0.40740	0.10606	0.02068	0.04564	0.01849	0.02401	0.01860	0.02255	0.05690	0.00816	0.00771	0.00234	0.00966	0.00730	0.00415	0.01081
8	0.01067	0.00732	0.00890	0.00948	0.00972	0.00727	0.00584	0.01130	0.01251	0.01677	0.03007	0.26559	0.03502	0.45550	0.07475	0.00645	0.00745	0.01454	0.00547	0.00536
9	0.01809	0.01730	0.02948	0.20754	0.52779	0.01813	0.02325	0.02283	0.01713	0.02400	0.01439	0.01955	0.01181	0.00711	0.00769	0.00237	0.00948	0.00690	0.00374	0.01139
10	0.56978	0.01641	0.01445	0.01212	0.01731	0.01855	0.01000	0.16561	0.01895	0.07533	0.01370	0.01474	0.01010	0.00781	0.00564	0.00238	0.00660	0.00503	0.00574	0.00975
11	0.02548	0.02560	0.17184	0.01847	0.02555	0.05340	0.01745	0.38489	0.09879	0.07209	0.01925	0.01940	0.01372	0.00895	0.00765	0.00238	0.00909	0.00684	0.00668	0.01250

[dist]
# distance from previous block
# <min> <max>
0	1

[block]
# block no. 1 follows, 25 sequences, length 7
# corresponding to MSA columns:
# 134-140
name=unknown_B
#
# <colnr> <probs for GDERKNQSTAVLIFYWHMCP>
#	G	D	E	R	K	N	Q	S	T	A	V	L	I	F	Y	W	H	M	C	P
0	0.26947	0.01606	0.01810	0.01936	0.13827	0.01760	0.01291	0.09737	0.17615	0.06647	0.07633	0.02308	0.01954	0.00906	0.00693	0.00243	0.00672	0.00715	0.00627	0.01072
1	0.08002	0.01757	0.02205	0.06669	0.11339	0.07170	0.06756	0.07060	0.01889	0.09989	0.01589	0.01811	0.01216	0.00710	0.00684	0.00192	0.00816	0.00599	0.00511	0.29036
2	0.01513	0.00967	0.01173	0.01099	0.01261	0.01014	0.00763	0.01925	0.10761	0.09620	0.02541	0.04045	0.02462	0.39844	0.17009	0.00726	0.01001	0.00988	0.00562	0.00726
3	0.02574	0.02420	0.02261	0.02314	0.14221	0.24023	0.01562	0.14569	0.16212	0.09132	0.01963	0.02016	0.01480	0.00873	0.00752	0.00229	0.00974	0.00678	0.00602	0.01146
4	0.04890	0.09050	0.06109	0.01307	0.01807	0.01480	0.01135	0.02517	0.14599	0.11023	0.09993	0.03283	0.12156	0.01093	0.00806	0.00224	0.03351	0.00872	0.00645	0.13660
5	0.01374	0.00996	0.01211	0.01197	0.01385	0.01003	0.00872	0.13886	0.02063	0.02795	0.17195	0.44223	0.04837	0.01954	0.00931	0.00284	0.00512	0.01736	0.00759	0.00788
6	0.07947	0.01743	0.02073	0.23903	0.07206	0.06219	0.01588	0.15382	0.11809	0.05192	0.02070	0.02283	0.04392	0.00893	0.00748	0.00240	0.00856	0.00723	0.00559	0.04172

[dist]
# distance from previous block
# <min> <max>
0	1

[block]
# block no. 2 follows, 25 sequences, length 27
# corresponding to MSA columns:
# 142-168
name=unknown_C
#
# <colnr> <probs for GDERKNQSTAVLIFYWHMCP>
#	G	D	E	R	K	N	Q	S	T	A	V	L	I	F	Y	W	H	M	C	P
0	0.01113	0.00873	0.01112	0.01097	0.01236	0.00907	0.00823	0.01354	0.01723	0.02376	0.24108	0.22441	0.18105	0.02022	0.04401	0.00323	0.09425	0.01507	0.04353	0.00702
1	0.02181	0.09453	0.13944	0.01902	0.06240	0.04179	0.03612	0.15873	0.10348	0.07960	0.01793	0.01901	0.01348	0.00828	0.00793	0.00220	0.03971	0.00641	0.00556	0.12260
2	0.00970	0.00685	0.00892	0.01047	0.01086	0.00647	0.00685	0.01086	0.01435	0.01913	0.04019	0.62908	0.04807	0.12203	0.01401	0.00376	0.00492	0.02055	0.00685	0.00608
3	0.01608	0.01378	0.01608	0.01148	0.01837	0.01034	0.00919	0.01952	0.01608	0.02527	0.01378	0.01608	0.01148	0.00574	0.00574	0.00115	0.00574	0.00459	0.00459	0.77491
4	0.01819	0.00870	0.01031	0.00924	0.01198	0.00817	0.00716	0.02168	0.01883	0.17472	0.16994	0.03476	0.03149	0.01066	0.00677	0.00208	0.00428	0.00885	0.43360	0.00857
5	0.01994	0.01659	0.06170	0.01624	0.02062	0.01586	0.07342	0.23795	0.07165	0.06638	0.02584	0.18058	0.02457	0.11667	0.01296	0.00333	0.00783	0.01125	0.00664	0.00998
6	0.01176	0.00785	0.01011	0.00976	0.01150	0.00780	0.00740	0.01523	0.01870	0.02786	0.39420	0.04575	0.05010	0.02323	0.15270	0.00440	0.00724	0.01132	0.17588	0.00721
7	0.21675	0.02023	0.01977	0.04899	0.08428	0.11751	0.01372	0.24261	0.02371	0.07638	0.01714	0.05469	0.01372	0.00911	0.00701	0.00235	0.00849	0.00684	0.00599	0.01071
8	0.01612	0.02079	0.16591	0.01732	0.02171	0.05299	0.03604	0.02422	0.15300	0.02552	0.14360	0.05195	0.05547	0.01207	0.01201	0.00271	0.16410	0.00920	0.00561	0.00965
9	0.01537	0.00898	0.01083	0.00987	0.01289	0.00780	0.00757	0.01793	0.01952	0.17188	0.21218	0.10866	0.33315	0.01681	0.00891	0.00257	0.00450	0.01430	0.00807	0.00821
10	0.01581	0.01517	0.02630	0.53038	0.18403	0.01762	0.05891	0.02094	0.01612	0.02126	0.01406	0.02037	0.01083	0.00750	0.00782	0.00253	0.01026	0.00703	0.00356	0.00949
11	0.02209	0.02306	0.18059	0.02324	0.12098	0.06019	0.08909	0.10534	0.02114	0.15512	0.06923	0.05616	0.01940	0.00937	0.00797	0.00243	0.00925	0.00820	0.00585	0.01130
12	0.01913	0.01785	0.02726	0.03778	0.47512	0.05232	0.02023	0.02282	0.01674	0.04717	0.01549	0.02163	0.01360	0.06133	0.03865	0.00318	0.08745	0.00720	0.00408	0.01098
13	0.00939	0.00698	0.00876	0.01018	0.01108	0.00635	0.00692	0.01087	0.01544	0.02004	0.05025	0.58642	0.18245	0.02331	0.00974	0.00304	0.00438	0.02085	0.00720	0.00635
14	0.01614	0.01494	0.02493	0.18646	0.40019	0.01561	0.01981	0.02018	0.01659	0.02294	0.02032	0.16718	0.02004	0.01075	0.00816	0.00254	0.00847	0.01008	0.00446	0.01021
15	0.05588	0.02831	0.39185	0.02138	0.07452	0.01580	0.06936	0.02370	0.01783	0.07493	0.12861	0.02459	0.02163	0.00888	0.00773	0.00245	0.00944	0.00757	0.00481	0.01070
16	0.01608	0.02033	0.14712	0.01951	0.04780	0.07551	0.15489	0.02079	0.01867	0.04922	0.14281	0.03772	0.16930	0.01169	0.00905	0.00251	0.03189	0.01036	0.00552	0.00921
17	0.01555	0.00990	0.01147	0.01119	0.01341	0.01010	0.00826	0.02172	0.15038	0.09170	0.03427	0.18474	0.06038	0.13718	0.01352	0.00347	0.00558	0.05866	0.15030	0.00822
18	0.45511	0.14435	0.01929	0.01327	0.01799	0.16257	0.01104	0.02438	0.01542	0.02782	0.01101	0.01307	0.00909	0.00757	0.00628	0.00223	0.04193	0.00448	0.00430	0.00880
19	0.00949	0.00713	0.00879	0.00993	0.01106	0.00644	0.00686	0.01117	0.01614	0.02095	0.10008	0.49912	0.21987	0.02241	0.00964	0.00295	0.00428	0.01992	0.00730	0.00644
20	0.21890	0.05609	0.09791	0.01897	0.02534	0.13073	0.13368	0.12676	0.02046	0.07978	0.01500	0.01680	0.01110	0.00772	0.00697	0.00233	0.00980	0.00614	0.00510	0.01042
21	0.01931	0.02370	0.27259	0.01755	0.02352	0.04493	0.01806	0.02403	0.01694	0.16819	0.02303	0.16682	0.02065	0.01233	0.01057	0.00270	0.10960	0.00973	0.00554	0.01022
22	0.01873	0.17459	0.02751	0.01759	0.02272	0.01941	0.14568	0.12445	0.11502	0.02912	0.14306	0.07978	0.02782	0.01067	0.00787	0.00237	0.00787	0.00953	0.00609	0.01014
23	0.01996	0.01851	0.01752	0.01574	0.02002	0.13272	0.01258	0.08975	0.25601	0.02861	0.02646	0.03647	0.02318	0.01169	0.00804	0.00248	0.00788	0.14438	0.00656	0.12143
24	0.02623	0.11082	0.09056	0.01886	0.02533	0.05048	0.10744	0.17174	0.02288	0.22631	0.01953	0.01997	0.01372	0.00866	0.00861	0.00237	0.05143	0.00696	0.00633	0.01175
25	0.00937	0.00747	0.00841	0.00901	0.01081	0.00650	0.00644	0.01122	0.01692	0.02113	0.10080	0.30376	0.41874	0.02107	0.00942	0.00280	0.00411	0.01824	0.00728	0.00650
26	0.01795	0.53437	0.06818	0.01319	0.01871	0.02460	0.01274	0.02054	0.01559	0.01892	0.01803	0.17004	0.01911	0.01059	0.00619	0.00203	0.00762	0.00820	0.00417	0.00922

[dist]
# distance from previous block
# <min> <max>
6	11

[block]
# block no. 3 follows, 25 sequences, length 43
# corresponding to MSA columns:
# 183-225
name=unknown_D
#
# <colnr> <probs for GDERKNQSTAVLIFYWHMCP>
#	G	D	E	R	K	N	Q	S	T	A	V	L	I	F	Y	W	H	M	C	P
0	0.02521	0.17826	0.08024	0.01767	0.02348	0.32178	0.01524	0.14378	0.02244	0.02534	0.01327	0.01488	0.01068	0.00772	0.00664	0.00196	0.01092	0.00521	0.00454	0.07073
1	0.01867	0.02111	0.18221	0.15752	0.02897	0.04390	0.01745	0.10602	0.06926	0.08537	0.16172	0.02833	0.02606	0.01001	0.00795	0.00245	0.00843	0.00832	0.00596	0.01031
2	0.01174	0.00885	0.01162	0.01056	0.01303	0.00824	0.00807	0.01518	0.01917	0.02759	0.44602	0.04626	0.05327	0.02298	0.14840	0.00429	0.00744	0.01149	0.00707	0.11874
3	0.00976	0.00694	0.00912	0.01050	0.01108	0.00651	0.00703	0.01128	0.01543	0.02078	0.11611	0.59539	0.05220	0.07412	0.01194	0.00338	0.00462	0.02032	0.00717	0.00630
4	0.02620	0.02083	0.02144	0.01645	0.02267	0.06617	0.01341	0.45815	0.03055	0.04115	0.01700	0.01769	0.01256	0.00836	0.00722	0.00202	0.00823	0.00627	0.00674	0.19689
5	0.01998	0.51914	0.19771	0.01585	0.02350	0.06940	0.01714	0.02403	0.01630	0.01983	0.01162	0.01350	0.00992	0.00690	0.00569	0.00187	0.00942	0.00459	0.00335	0.01026
6	0.01499	0.01342	0.05828	0.01504	0.01801	0.01334	0.04070	0.12906	0.01758	0.02453	0.02246	0.12697	0.02157	0.03707	0.37070	0.00783	0.04497	0.00988	0.00514	0.00846
7	0.01333	0.08898	0.22296	0.01512	0.01994	0.01373	0.01539	0.01766	0.01448	0.02032	0.02157	0.10554	0.02120	0.08472	0.24774	0.00637	0.01302	0.04518	0.00435	0.00839
8	0.01660	0.01284	0.01458	0.01267	0.01650	0.01276	0.01001	0.17124	0.07947	0.03118	0.14782	0.11159	0.14008	0.01428	0.00842	0.00244	0.00578	0.06406	0.00724	0.12043
9	0.00965	0.00718	0.00900	0.01002	0.01115	0.00652	0.00695	0.01153	0.01665	0.02199	0.15973	0.47514	0.18238	0.02188	0.00962	0.00292	0.00424	0.01949	0.00743	0.00652
10	0.07842	0.04720	0.02856	0.12794	0.20591	0.05860	0.14776	0.02247	0.01650	0.02361	0.01418	0.01905	0.01165	0.01080	0.05508	0.00304	0.05204	0.00684	0.00391	0.06644
11	0.05109	0.09912	0.14480	0.04603	0.02573	0.15662	0.07551	0.06129	0.01872	0.02463	0.06199	0.01912	0.01513	0.00831	0.00833	0.00218	0.05951	0.00633	0.00439	0.11116
12	0.20126	0.05256	0.09109	0.01846	0.05049	0.12747	0.10698	0.02494	0.01715	0.06748	0.01403	0.01627	0.01083	0.00707	0.00656	0.00208	0.00912	0.00563	0.00454	0.16600
13	0.01806	0.01207	0.01353	0.01250	0.01565	0.01279	0.01006	0.15190	0.11146	0.05383	0.03079	0.08072	0.04540	0.01305	0.00778	0.00251	0.00586	0.13484	0.25793	0.00927
14	0.01643	0.04302	0.02205	0.08081	0.10044	0.01498	0.10335	0.11004	0.01826	0.02517	0.02148	0.11998	0.02035	0.06887	0.15016	0.00485	0.01099	0.00978	0.04997	0.00902
15	0.01016	0.00758	0.00928	0.00947	0.01104	0.00688	0.00678	0.01259	0.01845	0.02476	0.32829	0.23087	0.21322	0.06151	0.01116	0.00297	0.00417	0.01648	0.00764	0.00671
16	0.01538	0.02210	0.19320	0.01602	0.02032	0.15036	0.01501	0.01919	0.01621	0.02053	0.02427	0.24755	0.02526	0.02345	0.15026	0.00465	0.01164	0.01140	0.00487	0.00835
17	0.01298	0.00939	0.01142	0.01087	0.01318	0.00921	0.00814	0.01906	0.12457	0.05767	0.39183	0.15001	0.11885	0.01631	0.00899	0.00259	0.00434	0.01429	0.00815	0.00816
18	0.01889	0.01539	0.02859	0.16380	0.03339	0.01504	0.27332	0.02374	0.01874	0.14465	0.09164	0.03108	0.08632	0.00962	0.00862	0.00255	0.00944	0.00966	0.00566	0.00986
19	0.01464	0.01378	0.02326	0.70887	0.05340	0.01723	0.02153	0.01981	0.01550	0.01981	0.01378	0.02067	0.01034	0.00775	0.00775	0.00258	0.01034	0.00689	0.00345	0.00861
20	0.01679	0.01177	0.01339	0.01359	0.05325	0.01255	0.00959	0.10836	0.15692	0.03031	0.02863	0.16788	0.02571	0.01236	0.00731	0.00235	0.00533	0.01051	0.30417	0.00922
21	0.02212	0.01982	0.02012	0.01872	0.08914	0.13030	0.01342	0.14077	0.12627	0.05664	0.01922	0.02218	0.01538	0.00851	0.00717	0.00202	0.00815	0.03376	0.00584	0.24044
22	0.02556	0.01416	0.01916	0.04541	0.12852	0.01354	0.01321	0.11354	0.02236	0.32864	0.05537	0.03319	0.13060	0.01096	0.00805	0.00242	0.00688	0.00917	0.00772	0.01154
23	0.05274	0.19544	0.17268	0.01634	0.02362	0.04596	0.01630	0.14126	0.02158	0.21436	0.01854	0.01843	0.01307	0.00819	0.00687	0.00220	0.00869	0.00607	0.00596	0.01169
24	0.01603	0.06957	0.33244	0.01667	0.02365	0.01492	0.01841	0.05887	0.01879	0.06502	0.15383	0.12656	0.02943	0.01172	0.00799	0.00249	0.00821	0.00986	0.00555	0.00999
25	0.03154	0.01248	0.01695	0.01324	0.01868	0.01084	0.01084	0.03463	0.02216	0.59552	0.11836	0.03068	0.02654	0.01045	0.00798	0.00240	0.00620	0.00865	0.00945	0.01239
26	0.02147	0.01880	0.02872	0.18257	0.25710	0.04474	0.10400	0.15394	0.02157	0.06737	0.01623	0.01985	0.01229	0.00774	0.00789	0.00241	0.00986	0.00720	0.00491	0.01134
27	0.02193	0.06931	0.18080	0.01823	0.07491	0.01574	0.01631	0.07635	0.04809	0.18586	0.02021	0.05132	0.01538	0.00855	0.00717	0.00214	0.00795	0.00696	0.00585	0.16693
28	0.01462	0.00806	0.01083	0.01141	0.01299	0.00734	0.00805	0.01630	0.01634	0.15539	0.04026	0.58046	0.04474	0.02129	0.00947	0.00300	0.00493	0.01914	0.00769	0.00770
29	0.00988	0.00723	0.00912	0.01036	0.01145	0.00676	0.00734	0.01168	0.01553	0.02051	0.04798	0.47887	0.17646	0.02455	0.05071	0.00357	0.00548	0.05744	0.03861	0.00648
30	0.02009	0.13376	0.24155	0.06356	0.07184	0.07061	0.12859	0.07981	0.01892	0.05476	0.01468	0.01748	0.01110	0.00763	0.00798	0.00234	0.03385	0.00640	0.00417	0.01090
31	0.02462	0.02148	0.11847	0.04109	0.06738	0.13565	0.05521	0.02869	0.02020	0.26631	0.07383	0.02745	0.06531	0.00973	0.00786	0.00237	0.00893	0.00806	0.00648	0.01090
32	0.03371	0.01493	0.01907	0.01462	0.02066	0.01397	0.01208	0.16321	0.02510	0.55498	0.02815	0.02481	0.01797	0.00954	0.00779	0.00238	0.00699	0.00763	0.00922	0.01319
33	0.02485	0.18219	0.14477	0.01896	0.02484	0.43661	0.01707	0.02820	0.01968	0.01982	0.01208	0.01409	0.00995	0.00760	0.00664	0.00201	0.01235	0.00495	0.00373	0.00963
34	0.02145	0.01886	0.06579	0.14915	0.12525	0.01940	0.04371	0.21974	0.04698	0.07032	0.01851	0.06105	0.01496	0.00980	0.00965	0.00256	0.07818	0.00795	0.00561	0.01109
35	0.01967	0.01402	0.02332	0.10659	0.16997	0.01361	0.10886	0.02370	0.01890	0.17972	0.10978	0.08223	0.07320	0.01095	0.00839	0.00251	0.00786	0.01017	0.00626	0.01028
36	0.01081	0.00785	0.00999	0.01003	0.01104	0.00812	0.00698	0.01239	0.01341	0.01813	0.07049	0.07395	0.12143	0.30729	0.27566	0.00817	0.01156	0.01150	0.00518	0.00601
37	0.01661	0.01478	0.02453	0.02731	0.23201	0.01512	0.11605	0.04563	0.01759	0.04925	0.05463	0.19813	0.05316	0.01301	0.01047	0.00270	0.08217	0.01177	0.00537	0.00971
38	0.06455	0.02467	0.18762	0.06782	0.02783	0.11384	0.10170	0.09508	0.01980	0.02714	0.06829	0.06459	0.01820	0.00918	0.00763	0.00233	0.00974	0.00779	0.00486	0.07735
39	0.01952	0.08104	0.03177	0.13986	0.20688	0.01971	0.17563	0.12087	0.02035	0.02760	0.04233	0.02066	0.01426	0.00763	0.00782	0.00233	0.00980	0.00744	0.00458	0.03994
40	0.10572	0.08351	0.02485	0.05011	0.12001	0.15823	0.07813	0.04751	0.01807	0.02463	0.01474	0.02039	0.01275	0.00818	0.00778	0.00217	0.04072	0.04222	0.00437	0.13590
41	0.01916	0.07575	0.05033	0.05011	0.20897	0.04247	0.09356	0.11269	0.04678	0.02765	0.04790	0.06451	0.04248	0.00922	0.00771	0.00228	0.00866	0.00831	0.00510	0.07635
42	0.02340	0.07625	0.11872	0.01706	0.02273	0.14084	0.01533	0.15878	0.06731	0.10356	0.04385	0.05165	0.01702	0.00969	0.00851	0.00230	0.05328	0.00724	0.00586	0.05662

[dist]
# distance from previous block
# <min> <max>
25	103

[block]
# block no. 4 follows, 25 sequences, length 22
# corresponding to MSA columns:
# 347-368
name=unknown_E
#
# <colnr> <probs for GDERKNQSTAVLIFYWHMCP>
#	G	D	E	R	K	N	Q	S	T	A	V	L	I	F	Y	W	H	M	C	P
0	0.06447	0.12258	0.14711	0.01706	0.02352	0.19083	0.01592	0.07535	0.05405	0.18947	0.01825	0.01835	0.01310	0.00828	0.00698	0.00221	0.00970	0.00601	0.00568	0.01107
1	0.05211	0.09298	0.05146	0.01915	0.10786	0.18035	0.01395	0.06909	0.02022	0.10702	0.05065	0.02633	0.10161	0.00962	0.00725	0.00215	0.00870	0.00748	0.00552	0.06650
2	0.02440	0.17289	0.05547	0.01994	0.08806	0.28124	0.01520	0.08127	0.02078	0.07409	0.04549	0.01856	0.01462	0.01078	0.04262	0.00260	0.01104	0.00603	0.00478	0.01013
3	0.01999	0.09654	0.27327	0.02012	0.05863	0.11034	0.01965	0.10650	0.10055	0.02690	0.01931	0.02065	0.04588	0.00888	0.00808	0.00236	0.03997	0.00666	0.00475	0.01097
4	0.01952	0.25676	0.25917	0.01718	0.02479	0.02240	0.01842	0.14004	0.05324	0.02689	0.01624	0.04702	0.01343	0.01080	0.03976	0.00269	0.00976	0.00643	0.00456	0.01089
5	0.02143	0.39141	0.21317	0.01646	0.02431	0.02522	0.01762	0.12921	0.01967	0.05616	0.01386	0.01519	0.01089	0.00742	0.00622	0.00202	0.00912	0.00522	0.00434	0.01105
6	0.01555	0.04011	0.68733	0.02210	0.03356	0.01801	0.02865	0.02455	0.01637	0.02455	0.01391	0.01637	0.00982	0.00737	0.00737	0.00246	0.01146	0.00573	0.00327	0.01146
7	0.02109	0.44663	0.16341	0.06865	0.02515	0.02463	0.01668	0.02513	0.01670	0.10690	0.01422	0.01567	0.01117	0.00725	0.00603	0.00198	0.00885	0.00515	0.00414	0.01057
8	0.02452	0.01369	0.01688	0.01453	0.01881	0.01366	0.01184	0.20566	0.02417	0.25764	0.03130	0.15647	0.02799	0.01437	0.00872	0.00274	0.00690	0.13112	0.00817	0.01082
9	0.01939	0.01375	0.02193	0.19294	0.24799	0.01411	0.01715	0.02311	0.01752	0.16340	0.02366	0.16740	0.02140	0.01130	0.00818	0.00257	0.00795	0.01024	0.00567	0.01034
10	0.00922	0.00762	0.00809	0.00847	0.01063	0.00649	0.00616	0.01106	0.01708	0.02071	0.07110	0.20940	0.54602	0.02061	0.00932	0.00273	0.00405	0.01755	0.00720	0.00649
11	0.01682	0.01582	0.03000	0.11676	0.03216	0.01582	0.31443	0.04933	0.01812	0.05619	0.05313	0.17224	0.02327	0.01146	0.00960	0.00272	0.03599	0.01157	0.00520	0.00935
12	0.02517	0.02472	0.26009	0.01816	0.02601	0.01660	0.03923	0.16605	0.02280	0.26048	0.02197	0.04851	0.01554	0.00921	0.00776	0.00244	0.00890	0.00749	0.00664	0.01221
13	0.01221	0.00808	0.01031	0.00999	0.01198	0.00731	0.00739	0.01512	0.01995	0.07680	0.41534	0.18855	0.15243	0.01759	0.00919	0.00260	0.00408	0.01547	0.00816	0.00745
14	0.01132	0.00855	0.01085	0.01201	0.01409	0.00808	0.01016	0.01432	0.01779	0.02241	0.05431	0.08292	0.26789	0.02079	0.01016	0.00323	0.00600	0.41104	0.00716	0.00693
15	0.01768	0.08173	0.25353	0.02916	0.09791	0.01982	0.33845	0.02452	0.01741	0.02428	0.01462	0.01861	0.01104	0.00685	0.00810	0.00246	0.01181	0.00743	0.00366	0.01092
16	0.09125	0.02284	0.16043	0.02732	0.09813	0.01829	0.31740	0.06229	0.01877	0.02774	0.06573	0.02178	0.01594	0.00768	0.00815	0.00250	0.01069	0.00803	0.00446	0.01056
17	0.01930	0.02138	0.02864	0.12079	0.03061	0.15338	0.17032	0.02272	0.01592	0.02038	0.01237	0.01786	0.01055	0.00996	0.01539	0.00282	0.30786	0.00702	0.00365	0.00908
18	0.18710	0.17843	0.02469	0.01973	0.11828	0.21521	0.01405	0.02735	0.01813	0.11034	0.01429	0.01575	0.01119	0.00757	0.00629	0.00211	0.00936	0.00529	0.00473	0.01011
19	0.01662	0.05635	0.21138	0.01435	0.02000	0.01301	0.01439	0.02197	0.04981	0.10660	0.15710	0.05929	0.02935	0.11635	0.01239	0.00307	0.00745	0.00914	0.00587	0.07550
20	0.01403	0.01238	0.01883	0.13759	0.10062	0.01509	0.01464	0.01694	0.01336	0.01907	0.01671	0.02610	0.01563	0.09211	0.28332	0.00702	0.17686	0.00781	0.00387	0.00801
21	0.12522	0.11886	0.08935	0.10843	0.07458	0.05963	0.04511	0.02050	0.01478	0.02169	0.01495	0.02351	0.01395	0.16135	0.01521	0.00348	0.06992	0.00692	0.00395	0.00860

[dist]
# distance from previous block
# <min> <max>
40	123

[block]
# block no. 5 follows, 25 sequences, length 32
# corresponding to MSA columns:
# 518-549
name=unknown_F
#
# <colnr> <probs for GDERKNQSTAVLIFYWHMCP>
#	G	D	E	R	K	N	Q	S	T	A	V	L	I	F	Y	W	H	M	C	P
0	0.02033	0.13999	0.07253	0.01532	0.02040	0.11749	0.01348	0.06776	0.04463	0.07517	0.01954	0.02333	0.04081	0.01482	0.08795	0.00331	0.05854	0.02868	0.00500	0.13090
1	0.15515	0.14708	0.02413	0.01743	0.05056	0.04640	0.07794	0.07692	0.10934	0.08780	0.02120	0.02857	0.01798	0.00995	0.00729	0.00246	0.00805	0.09570	0.00581	0.01027
2	0.09758	0.06879	0.09736	0.01769	0.05157	0.06901	0.05648	0.05922	0.12352	0.18580	0.05201	0.02467	0.04411	0.00927	0.00741	0.00238	0.00810	0.00753	0.00641	0.01109
3	0.07174	0.01859	0.01876	0.01582	0.02064	0.11599	0.03907	0.11949	0.18869	0.12488	0.02640	0.05737	0.04855	0.01057	0.00769	0.00240	0.00782	0.03300	0.00685	0.06568
4	0.14261	0.20051	0.14294	0.01541	0.02202	0.05121	0.01495	0.07146	0.13506	0.08112	0.01741	0.01791	0.01319	0.00801	0.00644	0.00220	0.00815	0.00582	0.00526	0.03833
5	0.01859	0.01515	0.01562	0.01362	0.01745	0.06857	0.01067	0.13583	0.16276	0.06088	0.13478	0.03706	0.12838	0.01776	0.08998	0.00358	0.00820	0.00987	0.00704	0.04420
6	0.01590	0.01520	0.06942	0.01672	0.08506	0.01389	0.01263	0.09565	0.16894	0.02976	0.17176	0.04443	0.17454	0.01336	0.00848	0.00255	0.00620	0.03869	0.00704	0.00979
7	0.01544	0.11520	0.04315	0.01444	0.04669	0.01447	0.01157	0.02051	0.07590	0.02243	0.01746	0.02185	0.01510	0.02440	0.24290	0.00534	0.01165	0.00634	0.00449	0.27071
8	0.01080	0.00779	0.01021	0.00988	0.01154	0.00720	0.00730	0.01419	0.02113	0.02979	0.60188	0.13481	0.07063	0.01683	0.00923	0.00252	0.00376	0.01495	0.00838	0.00720
9	0.11321	0.19214	0.02419	0.01432	0.02011	0.02094	0.01234	0.19000	0.02114	0.07580	0.01484	0.01623	0.01162	0.00797	0.00770	0.00200	0.06386	0.00547	0.00539	0.18074
10	0.02166	0.02398	0.26336	0.01847	0.02686	0.01450	0.09116	0.02734	0.01824	0.21926	0.01900	0.01978	0.01319	0.00756	0.00733	0.00216	0.00891	0.00648	0.00551	0.18526
11	0.02336	0.51033	0.03468	0.01541	0.02120	0.24310	0.01381	0.02569	0.01774	0.01848	0.01116	0.01293	0.00996	0.00707	0.00562	0.00177	0.01011	0.00442	0.00353	0.00964
12	0.01108	0.00831	0.01246	0.01246	0.01385	0.00969	0.00969	0.01385	0.01246	0.01800	0.02077	0.03046	0.01938	0.05815	0.69678	0.01246	0.02077	0.00831	0.00415	0.00692
13	0.00929	0.00786	0.00803	0.00799	0.01055	0.00660	0.00599	0.01137	0.01797	0.02164	0.11962	0.07347	0.63448	0.01938	0.00916	0.00261	0.00391	0.01620	0.00729	0.00660
14	0.01445	0.00723	0.00723	0.00723	0.00903	0.00723	0.00542	0.01807	0.01626	0.02891	0.02529	0.02891	0.01987	0.00903	0.00542	0.00181	0.00361	0.00723	0.77055	0.00723
15	0.01696	0.01696	0.02375	0.02036	0.02036	0.02375	0.01696	0.01866	0.01187	0.01866	0.01018	0.01696	0.01018	0.01357	0.02545	0.00339	0.71332	0.00679	0.00339	0.00848
16	0.01228	0.00877	0.01225	0.01404	0.01573	0.00874	0.01213	0.01570	0.01764	0.02297	0.04117	0.13119	0.04508	0.02162	0.01065	0.00354	0.00696	0.58530	0.00714	0.00708
17	0.01445	0.00723	0.00723	0.00723	0.00903	0.00723	0.00542	0.01807	0.01626	0.02891	0.02529	0.02891	0.01987	0.00903	0.00542	0.00181	0.00361	0.00723	0.77055	0.00723
18	0.78228	0.01499	0.01140	0.01020	0.01499	0.01739	0.00840	0.02279	0.01320	0.03479	0.01080	0.01260	0.00840	0.00720	0.00480	0.00240	0.00600	0.00420	0.00480	0.00840
19	0.01726	0.02906	0.33364	0.03127	0.18241	0.01861	0.22613	0.02447	0.01728	0.02482	0.01463	0.01846	0.01100	0.00700	0.00801	0.00247	0.01146	0.00709	0.00361	0.01133
20	0.01603	0.01507	0.02544	0.45959	0.25665	0.01723	0.02185	0.02094	0.01632	0.02178	0.01533	0.02332	0.01258	0.00812	0.00787	0.00254	0.00982	0.03603	0.00375	0.00975
21	0.78228	0.01499	0.01140	0.01020	0.01499	0.01739	0.00840	0.02279	0.01320	0.03479	0.01080	0.01260	0.00840	0.00720	0.00480	0.00240	0.00600	0.00420	0.00480	0.00840
22	0.01696	0.01696	0.02375	0.02036	0.02036	0.02375	0.01696	0.01866	0.01187	0.01866	0.01018	0.01696	0.01018	0.01357	0.02545	0.00339	0.71332	0.00679	0.00339	0.00848
23	0.02119	0.02036	0.02343	0.01974	0.02161	0.10165	0.01623	0.16423	0.01863	0.02556	0.01230	0.01699	0.01084	0.01196	0.01929	0.00299	0.47232	0.00662	0.00445	0.00961
24	0.00916	0.00785	0.00785	0.00785	0.01047	0.00655	0.00589	0.01113	0.01767	0.02095	0.07855	0.07462	0.67599	0.01964	0.00916	0.00262	0.00393	0.01636	0.00720	0.00655
25	0.01687	0.01606	0.02729	0.38453	0.36031	0.01781	0.02264	0.02177	0.01656	0.02252	0.01418	0.01995	0.01129	0.00734	0.00771	0.00245	0.00978	0.00690	0.00364	0.01041
26	0.02482	0.11225	0.02207	0.01738	0.02130	0.49697	0.01342	0.02717	0.02125	0.02104	0.12960	0.02161	0.02120	0.00923	0.00714	0.00204	0.01149	0.00650	0.00472	0.00880
27	0.01445	0.00723	0.00723	0.00723	0.00903	0.00723	0.00542	0.01807	0.01626	0.02891	0.02529	0.02891	0.01987	0.00903	0.00542	0.00181	0.00361	0.00723	0.77055	0.00723
28	0.01810	0.01511	0.01661	0.01408	0.01887	0.01572	0.01101	0.08046	0.36203	0.03122	0.08351	0.05683	0.02524	0.01024	0.00752	0.00223	0.00593	0.00857	0.00705	0.20965
29	0.01721	0.01733	0.02557	0.10828	0.17479	0.09868	0.14364	0.02150	0.01823	0.02339	0.06071	0.06994	0.02444	0.01171	0.00878	0.00270	0.00969	0.14908	0.00501	0.00933
30	0.02065	0.01579	0.01890	0.01525	0.02007	0.01618	0.04182	0.31076	0.02708	0.03697	0.15977	0.03654	0.05232	0.01184	0.00824	0.00236	0.00704	0.08031	0.00723	0.11089
31	0.02449	0.19038	0.16052	0.01788	0.02449	0.22243	0.01691	0.12186	0.05033	0.07830	0.01546	0.01647	0.01177	0.00799	0.00683	0.00212	0.01042	0.00564	0.00488	0.01082

[dist]
# distance from previous block
# <min> <max>
0	1

[block]
# block no. 6 follows, 25 sequences, length 27
# corresponding to MSA columns:
# 551-566,595-605
name=unknown_G
#
# <colnr> <probs for GDERKNQSTAVLIFYWHMCP>
#	G	D	E	R	K	N	Q	S	T	A	V	L	I	F	Y	W	H	M	C	P
0	0.16092	0.01435	0.01958	0.02472	0.27172	0.01423	0.01384	0.02119	0.01549	0.07050	0.01711	0.02518	0.01552	0.16982	0.01408	0.00336	0.00760	0.00715	0.00471	0.10895
1	0.01957	0.01940	0.02257	0.33154	0.12624	0.16992	0.01820	0.05253	0.01915	0.04781	0.08255	0.02292	0.01747	0.00867	0.00772	0.00238	0.01009	0.00724	0.00458	0.00946
2	0.01915	0.01906	0.02029	0.01741	0.02063	0.16876	0.08098	0.10886	0.01940	0.02425	0.02240	0.21601	0.02317	0.04667	0.01197	0.00281	0.10042	0.01099	0.00541	0.06137
3	0.02284	0.02401	0.03175	0.02450	0.02975	0.17419	0.26105	0.15806	0.02184	0.02751	0.01450	0.01817	0.01138	0.00869	0.01124	0.00255	0.13562	0.00734	0.00466	0.01035
4	0.01919	0.01842	0.03147	0.04759	0.67914	0.01842	0.02380	0.02380	0.01765	0.02533	0.01458	0.01919	0.01228	0.00691	0.00768	0.00230	0.00921	0.00691	0.00384	0.01228
5	0.01919	0.01842	0.03147	0.04759	0.67914	0.01842	0.02380	0.02380	0.01765	0.02533	0.01458	0.01919	0.01228	0.00691	0.00768	0.00230	0.00921	0.00691	0.00384	0.01228
6	0.00929	0.00786	0.00803	0.00799	0.01055	0.00660	0.00599	0.01137	0.01797	0.02164	0.11955	0.07347	0.63456	0.01938	0.00916	0.00261	0.00391	0.01620	0.00729	0.00660
7	0.01567	0.01483	0.02511	0.55946	0.19479	0.01750	0.02204	0.02071	0.01599	0.02106	0.01396	0.02034	0.01078	0.00756	0.00773	0.00252	0.01008	0.00689	0.00353	0.00944
8	0.01615	0.01297	0.01520	0.01184	0.01706	0.01110	0.00932	0.09732	0.01988	0.02917	0.16579	0.07441	0.02837	0.00975	0.00705	0.00173	0.00554	0.00822	0.00606	0.45308
9	0.02962	0.01484	0.01850	0.01399	0.02023	0.01340	0.01149	0.14269	0.02334	0.42296	0.02467	0.02268	0.01639	0.00867	0.00733	0.00210	0.00675	0.00693	0.00814	0.18530
10	0.01929	0.01666	0.01753	0.01578	0.02016	0.01929	0.01227	0.04120	0.66513	0.03243	0.03156	0.02893	0.02367	0.01052	0.00789	0.00263	0.00614	0.00877	0.00789	0.01227
11	0.78228	0.01499	0.01140	0.01020	0.01499	0.01739	0.00840	0.02279	0.01320	0.03479	0.01080	0.01260	0.00840	0.00720	0.00480	0.00240	0.00600	0.00420	0.00480	0.00840
12	0.00918	0.00778	0.00793	0.00806	0.01053	0.00653	0.00598	0.01110	0.01748	0.02087	0.07606	0.11956	0.63265	0.01996	0.00921	0.00266	0.00397	0.01676	0.00720	0.00653
13	0.01608	0.01378	0.01608	0.01148	0.01837	0.01034	0.00919	0.01952	0.01608	0.02527	0.01378	0.01608	0.01148	0.00574	0.00574	0.00115	0.00574	0.00459	0.00459	0.77491
14	0.02077	0.01684	0.01866	0.14487	0.02564	0.07832	0.01362	0.15228	0.17168	0.08314	0.16129	0.02996	0.02806	0.01060	0.00802	0.00244	0.00762	0.00876	0.00695	0.01048
15	0.02597	0.30054	0.02971	0.01655	0.02242	0.17853	0.01422	0.26845	0.02516	0.03024	0.01408	0.01517	0.01121	0.00797	0.00651	0.00199	0.00967	0.00543	0.00519	0.01098
16	0.01128	0.00752	0.00846	0.00846	0.00846	0.00752	0.00470	0.01128	0.01128	0.01503	0.02443	0.05074	0.02819	0.72751	0.03946	0.00752	0.00752	0.01128	0.00470	0.00470
17	0.00945	0.00675	0.00900	0.01080	0.01125	0.00630	0.00720	0.01080	0.01484	0.01979	0.04274	0.72245	0.05128	0.02429	0.00990	0.00315	0.00450	0.02204	0.00720	0.00630
18	0.01732	0.01629	0.02471	0.28659	0.03659	0.01855	0.12832	0.03005	0.30019	0.02622	0.02189	0.02433	0.01642	0.00875	0.00806	0.00261	0.00898	0.00811	0.00547	0.01054
19	0.01889	0.15701	0.02371	0.02013	0.16701	0.01621	0.01334	0.02326	0.04827	0.09324	0.13237	0.02509	0.02358	0.00858	0.00694	0.00194	0.00677	0.00721	0.00553	0.20092
20	0.00916	0.00785	0.00785	0.00785	0.01047	0.00655	0.00589	0.01113	0.01767	0.02095	0.07855	0.07462	0.67599	0.01964	0.00916	0.00262	0.00393	0.01636	0.00720	0.00655
21	0.10320	0.02258	0.02109	0.02087	0.11804	0.19428	0.01439	0.21255	0.04683	0.03155	0.01721	0.06585	0.01460	0.00917	0.00722	0.00221	0.00918	0.00707	0.00559	0.07652
22	0.01866	0.01649	0.13240	0.01327	0.01816	0.01189	0.01202	0.07547	0.01846	0.14926	0.10623	0.03337	0.02545	0.20920	0.01641	0.00366	0.00737	0.00869	0.00612	0.11743
23	0.02107	0.37925	0.20332	0.01809	0.05351	0.05692	0.01801	0.12190	0.01951	0.02498	0.01303	0.01478	0.01053	0.00731	0.00624	0.00201	0.00945	0.00516	0.00405	0.01090
24	0.01835	0.41417	0.33779	0.01733	0.02618	0.02486	0.02033	0.02383	0.01604	0.02114	0.01222	0.01424	0.00989	0.00697	0.00607	0.00202	0.00975	0.00487	0.00330	0.01064
25	0.01052	0.01390	0.13526	0.01068	0.01489	0.00876	0.01027	0.01394	0.01780	0.02249	0.11779	0.06228	0.49940	0.01701	0.00883	0.00257	0.00531	0.01417	0.00658	0.00753
26	0.24322	0.01882	0.01674	0.01411	0.01876	0.13859	0.01124	0.07364	0.04283	0.05879	0.01474	0.01706	0.01181	0.01189	0.06177	0.00292	0.05785	0.00549	0.00504	0.17467

[dist]
# distance from previous block
# <min> <max>
3	37

[block]
# block no. 7 follows, 25 sequences, length 8
# corresponding to MSA columns:
# 644-651
name=unknown_H
#
# <colnr> <probs for GDERKNQSTAVLIFYWHMCP>
#	G	D	E	R	K	N	Q	S	T	A	V	L	I	F	Y	W	H	M	C	P
0	0.02485	0.02327	0.12273	0.01798	0.02454	0.02196	0.01624	0.40727	0.18799	0.04113	0.02108	0.02081	0.01525	0.00931	0.00773	0.00242	0.00839	0.00723	0.00711	0.01270
1	0.01122	0.00774	0.00960	0.00960	0.01000	0.00814	0.00613	0.01201	0.01161	0.01588	0.02338	0.04494	0.02567	0.53622	0.22731	0.00893	0.01130	0.01043	0.00454	0.00533
2	0.24841	0.01371	0.01611	0.01277	0.01842	0.01311	0.01054	0.03350	0.01962	0.49883	0.02493	0.02245	0.01611	0.00891	0.00694	0.00240	0.00643	0.00677	0.00823	0.01182
3	0.01034	0.00790	0.00949	0.00909	0.01120	0.00705	0.00682	0.01341	0.02046	0.02755	0.46702	0.06374	0.28339	0.01717	0.00915	0.00250	0.00375	0.01484	0.00807	0.00705
4	0.01125	0.00804	0.01107	0.01286	0.01410	0.00785	0.01034	0.01392	0.01662	0.02181	0.04174	0.34623	0.04734	0.02259	0.01038	0.00340	0.00606	0.38044	0.00716	0.00680
5	0.01809	0.01730	0.02949	0.20736	0.52796	0.01813	0.02325	0.02283	0.01714	0.02400	0.01439	0.01955	0.01181	0.00711	0.00769	0.00237	0.00948	0.00690	0.00374	0.01140
6	0.02121	0.37200	0.19148	0.01702	0.02411	0.17321	0.01730	0.02625	0.05380	0.02073	0.01297	0.01465	0.01070	0.00733	0.00616	0.00198	0.01019	0.00497	0.00371	0.01023
7	0.02073	0.01025	0.01336	0.01175	0.01545	0.00910	0.00952	0.02377	0.02060	0.29888	0.19547	0.05258	0.16370	0.01484	0.00883	0.00263	0.00546	0.10500	0.00850	0.00958

[dist]
# distance from previous block
# <min> <max>
0	1

[block]
# block no. 8 follows, 25 sequences, length 23
# corresponding to MSA columns:
# 653-675
name=unknown_I
#
# <colnr> <probs for GDERKNQSTAVLIFYWHMCP>
#	G	D	E	R	K	N	Q	S	T	A	V	L	I	F	Y	W	H	M	C	P
0	0.02223	0.08942	0.08996	0.05174	0.10555	0.04551	0.25207	0.11455	0.02088	0.10695	0.01695	0.01959	0.01246	0.00752	0.00794	0.00238	0.01055	0.00742	0.00501	0.01129
1	0.01036	0.00760	0.00975	0.01010	0.01159	0.00699	0.00739	0.01308	0.01897	0.02587	0.36891	0.27083	0.13756	0.01927	0.00947	0.00275	0.00415	0.05059	0.00788	0.00689
2	0.12046	0.02091	0.02183	0.01692	0.02295	0.02324	0.01397	0.57708	0.03364	0.04716	0.01767	0.01789	0.01261	0.00905	0.00740	0.00234	0.00823	0.00664	0.00740	0.01261
3	0.50374	0.01748	0.01579	0.01302	0.01834	0.01985	0.01074	0.25607	0.02180	0.04000	0.01369	0.01482	0.01017	0.00798	0.00589	0.00237	0.00694	0.00523	0.00589	0.01017
4	0.24061	0.01418	0.01433	0.01304	0.01672	0.01571	0.01009	0.15973	0.13496	0.03275	0.02619	0.23876	0.02557	0.01359	0.00759	0.00266	0.00611	0.01120	0.00674	0.00948
5	0.03313	0.01586	0.01964	0.01506	0.02112	0.01535	0.01244	0.23023	0.02665	0.48577	0.02685	0.02396	0.01732	0.00951	0.00778	0.00238	0.00720	0.00754	0.00902	0.01319
6	0.01097	0.00775	0.01016	0.01038	0.01100	0.00826	0.00705	0.01227	0.01219	0.01682	0.02514	0.12362	0.02737	0.36825	0.30522	0.00901	0.01258	0.01136	0.00478	0.00580
7	0.01033	0.00712	0.00874	0.00967	0.00990	0.00689	0.00599	0.01103	0.01312	0.01749	0.03389	0.39802	0.04013	0.36394	0.02418	0.00526	0.00596	0.01684	0.00599	0.00553
8	0.11167	0.01561	0.01679	0.01478	0.01891	0.01788	0.01171	0.15041	0.32351	0.03272	0.02421	0.02531	0.01888	0.02027	0.15763	0.00469	0.00977	0.00777	0.00668	0.01081
9	0.02060	0.01761	0.02565	0.30025	0.22643	0.01971	0.02007	0.21903	0.02268	0.03050	0.01553	0.01960	0.01179	0.00799	0.00773	0.00242	0.00944	0.00692	0.00491	0.01111
10	0.02455	0.15637	0.02477	0.01631	0.02201	0.02380	0.01367	0.33727	0.23295	0.03775	0.02124	0.02072	0.01591	0.00918	0.00727	0.00230	0.00772	0.00701	0.00695	0.01227
11	0.01408	0.00835	0.01109	0.01069	0.01271	0.00761	0.00789	0.01692	0.01976	0.12592	0.38034	0.26094	0.05820	0.01755	0.00918	0.00265	0.00436	0.01559	0.00828	0.00788
12	0.01961	0.58269	0.18032	0.01517	0.02285	0.02794	0.01659	0.02351	0.01589	0.01961	0.01146	0.01329	0.00992	0.00679	0.00549	0.00183	0.00898	0.00449	0.00331	0.01028
13	0.01875	0.30041	0.03429	0.01952	0.02549	0.02264	0.19868	0.02627	0.14130	0.02348	0.01985	0.02714	0.01730	0.00914	0.00744	0.00235	0.00913	0.08177	0.00483	0.01020
14	0.01733	0.01620	0.02560	0.31441	0.30387	0.01808	0.02081	0.02526	0.13215	0.02432	0.01728	0.02154	0.01351	0.00790	0.00775	0.00248	0.00913	0.00723	0.00440	0.01077
15	0.00919	0.00776	0.00795	0.00810	0.01054	0.00652	0.00600	0.01110	0.01743	0.02085	0.07550	0.12972	0.62286	0.02003	0.00923	0.00266	0.00398	0.01685	0.00720	0.00652
16	0.15624	0.02704	0.15750	0.02388	0.03103	0.16640	0.27850	0.02575	0.01782	0.02528	0.01367	0.01705	0.01040	0.00713	0.00756	0.00241	0.01170	0.00671	0.00397	0.00996
17	0.01606	0.01447	0.01946	0.23606	0.14537	0.04249	0.01556	0.06498	0.07281	0.02511	0.06798	0.03489	0.16102	0.01105	0.00801	0.00246	0.00776	0.00946	0.03567	0.00933
18	0.01603	0.01612	0.02707	0.02188	0.02424	0.01960	0.18207	0.01923	0.01369	0.02014	0.01393	0.02094	0.01260	0.02144	0.16747	0.00516	0.37828	0.00774	0.00370	0.00866
19	0.01047	0.00750	0.01005	0.01109	0.01221	0.00708	0.00818	0.01293	0.01760	0.02393	0.24014	0.40152	0.05694	0.02114	0.00981	0.00300	0.00471	0.12733	0.00761	0.00677
20	0.78228	0.01499	0.01140	0.01020	0.01499	0.01739	0.00840	0.02279	0.01320	0.03479	0.01080	0.01260	0.00840	0.00720	0.00480	0.00240	0.00600	0.00420	0.00480	0.00840
21	0.10871	0.01315	0.01612	0.01787	0.13311	0.01347	0.01154	0.13869	0.02135	0.03084	0.17350	0.11476	0.14920	0.01358	0.00818	0.00250	0.00601	0.01153	0.00671	0.00921
22	0.02919	0.02360	0.02189	0.01765	0.02320	0.16866	0.01419	0.39410	0.08207	0.11786	0.01966	0.01937	0.01406	0.00915	0.00761	0.00229	0.00929	0.00679	0.00717	0.01220

[dist]
# distance from previous block
# <min> <max>
0	77

[block]
# block no. 9 follows, 25 sequences, length 36
# corresponding to MSA columns:
# 753-767,772-792
name=unknown_J
#
# <colnr> <probs for GDERKNQSTAVLIFYWHMCP>
#	G	D	E	R	K	N	Q	S	T	A	V	L	I	F	Y	W	H	M	C	P
0	0.02506	0.09356	0.02531	0.13271	0.16774	0.19126	0.01694	0.06258	0.02024	0.16602	0.01709	0.01894	0.01270	0.00800	0.00727	0.00223	0.00991	0.00633	0.00522	0.01087
1	0.21836	0.01547	0.01668	0.01430	0.01770	0.01800	0.01157	0.19664	0.02023	0.03180	0.02529	0.10074	0.10300	0.01268	0.01123	0.00270	0.15929	0.00909	0.00591	0.00929
2	0.01014	0.00725	0.00974	0.01081	0.01141	0.00732	0.00739	0.01161	0.01368	0.01858	0.03443	0.44517	0.03980	0.14812	0.18032	0.00611	0.00892	0.01696	0.00605	0.00619
3	0.01826	0.01716	0.02739	0.17973	0.43686	0.01832	0.02136	0.02593	0.12738	0.02539	0.01731	0.02116	0.01381	0.00770	0.00773	0.00242	0.00892	0.00722	0.00445	0.01152
4	0.01445	0.00723	0.00723	0.00723	0.00903	0.00723	0.00542	0.01807	0.01626	0.02891	0.02529	0.02891	0.01987	0.00903	0.00542	0.00181	0.00361	0.00723	0.77055	0.00723
5	0.07272	0.01431	0.01494	0.01285	0.01720	0.04413	0.00988	0.09253	0.12497	0.02797	0.02716	0.19130	0.05610	0.01230	0.00748	0.00221	0.00613	0.01033	0.00624	0.24926
6	0.00982	0.00739	0.00847	0.00911	0.01076	0.00657	0.00648	0.01182	0.01686	0.02198	0.11344	0.31878	0.33488	0.02032	0.00917	0.00275	0.00410	0.01767	0.06307	0.00657
7	0.01445	0.00723	0.00723	0.00723	0.00903	0.00723	0.00542	0.01807	0.01626	0.02891	0.02529	0.02891	0.01987	0.00903	0.00542	0.00181	0.00361	0.00723	0.77055	0.00723
8	0.10198	0.05276	0.02135	0.02293	0.17816	0.17603	0.01470	0.05030	0.06372	0.09170	0.02091	0.10974	0.01891	0.01054	0.00752	0.00240	0.00878	0.03189	0.00551	0.01017
9	0.01903	0.01821	0.02029	0.14028	0.18262	0.15607	0.01551	0.06778	0.01893	0.02458	0.02000	0.12069	0.01838	0.01029	0.00750	0.00233	0.00875	0.00873	0.13069	0.00935
10	0.01007	0.00725	0.00937	0.01037	0.01104	0.00713	0.00699	0.01142	0.01392	0.01859	0.03793	0.42159	0.08686	0.17579	0.12898	0.00555	0.00776	0.01713	0.00618	0.00609
11	0.01123	0.00771	0.00942	0.00942	0.00976	0.00804	0.00590	0.01189	0.01156	0.01575	0.02355	0.04585	0.02607	0.56618	0.19789	0.00871	0.01071	0.01056	0.00457	0.00523
12	0.02485	0.02523	0.02273	0.13816	0.07642	0.27237	0.01637	0.19833	0.09739	0.02921	0.01650	0.01845	0.01263	0.00851	0.00748	0.00228	0.01065	0.00642	0.00535	0.01067
13	0.02456	0.05622	0.02464	0.01924	0.02415	0.23999	0.10482	0.17731	0.02305	0.07543	0.01691	0.01973	0.01328	0.01669	0.12482	0.00396	0.01289	0.00680	0.00530	0.01021
14	0.01926	0.01368	0.01640	0.01188	0.01862	0.01052	0.00956	0.02263	0.01712	0.13744	0.01664	0.01783	0.01280	0.00640	0.00609	0.00136	0.00589	0.00514	0.00545	0.64530
15	0.01257	0.00957	0.01179	0.01110	0.01339	0.00958	0.00850	0.01954	0.13875	0.03090	0.52310	0.05427	0.06259	0.01519	0.00900	0.00254	0.00430	0.04677	0.00834	0.00821
16	0.01988	0.01311	0.01523	0.01394	0.01757	0.01391	0.01065	0.03189	0.34234	0.17043	0.03450	0.22378	0.03048	0.01420	0.00843	0.00273	0.00577	0.01230	0.00807	0.01079
17	0.01775	0.01343	0.01507	0.01403	0.01745	0.01473	0.01067	0.03194	0.41279	0.08605	0.07385	0.19765	0.03299	0.01409	0.00844	0.00272	0.00563	0.01221	0.00791	0.01061
18	0.01403	0.01180	0.01481	0.01275	0.01647	0.01087	0.01001	0.01669	0.01537	0.02270	0.02392	0.21548	0.02547	0.01340	0.00997	0.00223	0.09902	0.07219	0.00540	0.38744
19	0.01445	0.00723	0.00723	0.00723	0.00903	0.00723	0.00542	0.01807	0.01626	0.02891	0.02529	0.02891	0.01987	0.00903	0.00542	0.00181	0.00361	0.00723	0.77055	0.00723
20	0.01445	0.00723	0.00723	0.00723	0.00903	0.00723	0.00542	0.01807	0.01626	0.02891	0.02529	0.02891	0.01987	0.00903	0.00542	0.00181	0.00361	0.00723	0.77055	0.00723
21	0.78228	0.01499	0.01140	0.01020	0.01499	0.01739	0.00840	0.02279	0.01320	0.03479	0.01080	0.01260	0.00840	0.00720	0.00480	0.00240	0.00600	0.00420	0.00480	0.00840
22	0.01527	0.03812	0.64558	0.02134	0.03220	0.01735	0.02733	0.02394	0.01671	0.02496	0.05469	0.01893	0.01373	0.00789	0.00748	0.00245	0.01098	0.00624	0.00360	0.01120
23	0.02213	0.01807	0.01913	0.01635	0.02125	0.02061	0.01296	0.21190	0.48981	0.03702	0.02795	0.02605	0.02075	0.01018	0.00785	0.00255	0.00680	0.00827	0.00785	0.01253
24	0.01118	0.00790	0.01040	0.01040	0.01107	0.00857	0.00712	0.01252	0.01185	0.01647	0.02266	0.04092	0.02393	0.40340	0.35775	0.00991	0.01393	0.00984	0.00443	0.00578
25	0.01445	0.00723	0.00723	0.00723	0.00903	0.00723	0.00542	0.01807	0.01626	0.02891	0.02529	0.02891	0.01987	0.00903	0.00542	0.00181	0.00361	0.00723	0.77055	0.00723
26	0.01476	0.01383	0.02435	0.12611	0.23203	0.01394	0.12401	0.01856	0.01641	0.02239	0.02514	0.28165	0.02644	0.01344	0.00876	0.00271	0.00827	0.01292	0.00505	0.00922
27	0.21161	0.20707	0.17823	0.01523	0.02229	0.01957	0.04714	0.02381	0.01622	0.07412	0.04997	0.01762	0.01389	0.00760	0.00619	0.00214	0.00811	0.00562	0.00456	0.06902
