[name]
unknown

[dist]
# distance from previous block
# <min> <max>
68	319

[block]
# block no. 0 follows, 26 sequences, length 26
# corresponding to MSA columns:
# 450-475
name=unknown_A
#
# <colnr> <probs for GDERKNQSTAVLIFYWHMCP>
#	G	D	E	R	K	N	Q	S	T	A	V	L	I	F	Y	W	H	M	C	P
0	0.04966	0.12751	0.09644	0.27677	0.10092	0.01817	0.01799	0.02446	0.05341	0.11284	0.01622	0.01913	0.01207	0.00760	0.00695	0.00227	0.00875	0.00625	0.00453	0.03806
1	0.01949	0.21523	0.03092	0.13318	0.17717	0.04751	0.09313	0.07877	0.06669	0.02434	0.01502	0.01812	0.01206	0.00733	0.00690	0.00216	0.00913	0.00635	0.02605	0.01043
2	0.01908	0.01708	0.06864	0.01867	0.11119	0.01572	0.01373	0.23820	0.04839	0.03273	0.10193	0.09326	0.06516	0.01100	0.00774	0.00225	0.00698	0.00927	0.00633	0.11265
3	0.01998	0.02636	0.12719	0.02213	0.09131	0.28494	0.07801	0.02372	0.01791	0.02074	0.01735	0.09361	0.01627	0.01347	0.05986	0.00310	0.04024	0.03047	0.00420	0.00913
4	0.02150	0.01923	0.05082	0.07198	0.02775	0.02060	0.14223	0.22483	0.14337	0.05585	0.01858	0.02061	0.01394	0.00928	0.01061	0.00258	0.12186	0.00752	0.00579	0.01108
5	0.01664	0.01585	0.02693	0.36711	0.38223	0.01746	0.02222	0.02141	0.01626	0.02219	0.01389	0.01947	0.01110	0.00715	0.00754	0.00238	0.00954	0.00675	0.00357	0.01029
6	0.01915	0.05157	0.04987	0.01942	0.02333	0.07012	0.12293	0.12415	0.08212	0.02715	0.10711	0.02371	0.02040	0.01054	0.01273	0.00261	0.21016	0.00794	0.00523	0.00976
7	0.01185	0.00740	0.00857	0.00857	0.00926	0.00761	0.00556	0.01325	0.01255	0.01888	0.02356	0.04064	0.02398	0.42766	0.13502	0.00659	0.00837	0.00949	0.21557	0.00562
8	0.01139	0.00960	0.01335	0.11826	0.09229	0.00946	0.01072	0.01438	0.01744	0.02278	0.17891	0.15108	0.26487	0.01606	0.00876	0.00260	0.00550	0.03869	0.00640	0.00747
9	0.29154	0.01747	0.01748	0.01410	0.01939	0.01936	0.01156	0.33089	0.05970	0.08877	0.04704	0.01899	0.01489	0.00876	0.00665	0.00233	0.00701	0.00634	0.00676	0.01096
10	0.01852	0.01805	0.02777	0.27750	0.32154	0.06382	0.06805	0.06963	0.01822	0.02413	0.01419	0.01903	0.01122	0.00727	0.00760	0.00235	0.00994	0.00679	0.00392	0.01047
11	0.01709	0.01800	0.07522	0.02762	0.26175	0.01479	0.10809	0.02170	0.01661	0.02463	0.01404	0.01752	0.01143	0.00625	0.00689	0.00183	0.00827	0.00602	0.00404	0.33820
12	0.08064	0.06881	0.01570	0.06383	0.01803	0.12960	0.01029	0.06236	0.06212	0.02649	0.12424	0.06745	0.06922	0.01089	0.00699	0.00220	0.00681	0.00869	0.15725	0.00837
13	0.02110	0.15193	0.06007	0.01694	0.02225	0.18336	0.08022	0.08834	0.06194	0.05228	0.02178	0.07355	0.06416	0.00962	0.00717	0.00214	0.00917	0.00777	0.00509	0.06112
14	0.01098	0.00869	0.01244	0.01275	0.04376	0.00806	0.04343	0.01397	0.01853	0.02521	0.33075	0.22235	0.14290	0.01752	0.00917	0.00266	0.00480	0.05757	0.00730	0.00719
15	0.02264	0.39437	0.03044	0.01656	0.05634	0.22145	0.01355	0.06715	0.01866	0.02120	0.01265	0.01456	0.01080	0.00724	0.00579	0.00181	0.00944	0.00485	0.06091	0.00960
16	0.02427	0.01955	0.01791	0.01552	0.02001	0.16008	0.01214	0.08201	0.31841	0.16003	0.02535	0.02400	0.01849	0.00941	0.00735	0.00232	0.00771	0.00739	0.05677	0.01126
17	0.02279	0.47301	0.03399	0.01651	0.06371	0.02726	0.01408	0.21731	0.02171	0.02743	0.01312	0.01444	0.01085	0.00730	0.00587	0.00186	0.00824	0.00508	0.00460	0.01085
18	0.01908	0.01657	0.01302	0.01187	0.01466	0.19928	0.00904	0.08645	0.02018	0.02789	0.10631	0.02696	0.02293	0.00946	0.00643	0.00195	0.00681	0.00731	0.38565	0.00815
19	0.01091	0.00782	0.01065	0.01065	0.01148	0.00865	0.00757	0.01256	0.01174	0.01647	0.02172	0.03758	0.02234	0.32224	0.44264	0.01029	0.01523	0.00927	0.00427	0.00592
20	0.01406	0.00812	0.00960	0.00913	0.01016	0.00775	0.00577	0.01469	0.01319	0.11182	0.02937	0.09306	0.07011	0.53681	0.03035	0.00605	0.00680	0.01157	0.00560	0.00600
21	0.01554	0.00873	0.01183	0.01183	0.01405	0.00810	0.00927	0.01826	0.01834	0.16332	0.18185	0.26428	0.04668	0.01818	0.00929	0.00288	0.00532	0.17641	0.00781	0.00801
22	0.00954	0.00709	0.00894	0.01008	0.01119	0.00649	0.00713	0.01136	0.01602	0.02097	0.11602	0.47985	0.18299	0.02177	0.00951	0.00293	0.00437	0.06021	0.00717	0.00637
23	0.01025	0.00775	0.00898	0.00886	0.01100	0.00692	0.00678	0.01306	0.01891	0.02517	0.31656	0.06449	0.34620	0.01719	0.00884	0.00251	0.00395	0.06011	0.05570	0.00679
24	0.01697	0.22794	0.42549	0.02068	0.03011	0.02123	0.11081	0.02370	0.01611	0.02237	0.01301	0.01557	0.00990	0.00690	0.00681	0.00221	0.01058	0.00564	0.00330	0.01067
25	0.12794	0.05480	0.02329	0.09549	0.16187	0.20663	0.01631	0.10630	0.01930	0.02577	0.01287	0.01605	0.01048	0.00814	0.00865	0.00230	0.08388	0.00575	0.00431	0.00986

[dist]
# distance from previous block
# <min> <max>
1	12

[block]
# block no. 1 follows, 26 sequences, length 23
# corresponding to MSA columns:
# 511-533
name=unknown_B
#
# <colnr> <probs for GDERKNQSTAVLIFYWHMCP>
#	G	D	E	R	K	N	Q	S	T	A	V	L	I	F	Y	W	H	M	C	P
0	0.21495	0.02825	0.16665	0.01709	0.02313	0.24613	0.01581	0.12019	0.05316	0.02860	0.01377	0.01526	0.01048	0.00780	0.00654	0.00223	0.01001	0.00532	0.00468	0.00995
1	0.01699	0.01283	0.01572	0.01382	0.01622	0.01473	0.01075	0.14882	0.09024	0.04934	0.06252	0.03064	0.02186	0.15368	0.20677	0.00610	0.10614	0.00857	0.00563	0.00864
2	0.01600	0.01070	0.01301	0.01178	0.01442	0.01101	0.00896	0.11191	0.06141	0.09366	0.15356	0.11301	0.09361	0.10260	0.14442	0.00489	0.00845	0.01144	0.00681	0.00836
3	0.01628	0.19617	0.35309	0.01747	0.02496	0.06239	0.01973	0.02180	0.01621	0.02158	0.01856	0.10040	0.01756	0.01029	0.00724	0.00238	0.00947	0.07065	0.00406	0.00973
4	0.01150	0.00778	0.00961	0.00942	0.01111	0.00709	0.00675	0.01385	0.01807	0.06203	0.32932	0.17372	0.17655	0.11352	0.01298	0.00320	0.00444	0.01481	0.00743	0.00682
5	0.01411	0.01133	0.01630	0.05002	0.15670	0.01169	0.01227	0.08624	0.01826	0.02520	0.13494	0.25610	0.03523	0.02135	0.11056	0.00402	0.00826	0.01290	0.00603	0.00849
6	0.01464	0.01236	0.01436	0.01069	0.01646	0.00949	0.00839	0.01773	0.01595	0.02418	0.05727	0.02455	0.07153	0.04413	0.00775	0.00163	0.00544	0.00631	0.00493	0.63217
7	0.01005	0.00745	0.00937	0.00948	0.01106	0.00677	0.00689	0.01276	0.01898	0.02588	0.41424	0.23048	0.17210	0.01825	0.00914	0.00259	0.00383	0.01611	0.00779	0.00677
8	0.02702	0.11794	0.02548	0.01883	0.06518	0.06264	0.01480	0.49888	0.03097	0.04066	0.01656	0.01718	0.01224	0.00853	0.00718	0.00217	0.00866	0.00634	0.00655	0.01219
9	0.31215	0.02149	0.11088	0.01901	0.09633	0.09277	0.04870	0.08696	0.01824	0.10602	0.01473	0.01624	0.01084	0.00755	0.00643	0.00230	0.00848	0.00562	0.00507	0.01021
10	0.01158	0.00720	0.01036	0.01080	0.01137	0.00749	0.00770	0.01147	0.01196	0.01628	0.02301	0.16521	0.02470	0.07942	0.21079	0.32078	0.01003	0.05019	0.00454	0.00512
11	0.01213	0.00979	0.01342	0.01282	0.01375	0.01076	0.03976	0.01459	0.04546	0.01946	0.06557	0.26108	0.03445	0.23343	0.02074	0.00434	0.12245	0.05370	0.00565	0.00663
12	0.01418	0.01293	0.01322	0.05739	0.01713	0.09519	0.01023	0.01977	0.10807	0.02542	0.25674	0.05279	0.15505	0.01489	0.00869	0.00258	0.00618	0.11468	0.00694	0.00794
13	0.01073	0.00723	0.00836	0.00865	0.00872	0.00716	0.00500	0.01095	0.01161	0.01548	0.02686	0.16194	0.03131	0.61602	0.03382	0.00665	0.00687	0.01277	0.00500	0.00485
14	0.01709	0.30888	0.35181	0.01764	0.02568	0.02225	0.02040	0.02261	0.01559	0.02116	0.01389	0.01902	0.01187	0.00820	0.00763	0.00223	0.05485	0.04557	0.00347	0.01018
15	0.01599	0.01385	0.01788	0.19381	0.02711	0.01249	0.01237	0.04968	0.01653	0.02443	0.01371	0.01701	0.01102	0.00629	0.00622	0.00154	0.00691	0.00519	0.00435	0.54360
16	0.02013	0.21352	0.02282	0.01419	0.01844	0.05755	0.01218	0.08157	0.09491	0.10217	0.05911	0.03254	0.05339	0.01344	0.04151	0.00284	0.05245	0.09163	0.00591	0.00970
17	0.01230	0.00852	0.01036	0.01009	0.01233	0.00791	0.00762	0.01617	0.06086	0.07359	0.29470	0.16584	0.22522	0.01732	0.00897	0.00261	0.00432	0.04599	0.00775	0.00751
18	0.04758	0.01620	0.02122	0.06649	0.18096	0.01650	0.01483	0.16015	0.09829	0.11690	0.05408	0.02209	0.01716	0.00836	0.00726	0.00216	0.00734	0.00703	0.00612	0.12927
19	0.12437	0.01512	0.03401	0.01358	0.01822	0.01510	0.01111	0.14803	0.07749	0.15042	0.04571	0.06700	0.01918	0.05645	0.01020	0.00260	0.05234	0.00782	0.00649	0.12476
20	0.01814	0.01773	0.03106	0.12146	0.49053	0.01808	0.10872	0.02381	0.04998	0.02443	0.01515	0.01965	0.01228	0.00698	0.00772	0.00234	0.00950	0.00715	0.00392	0.01135
21	0.11643	0.02161	0.02204	0.01803	0.02278	0.18208	0.10021	0.12871	0.12793	0.02905	0.04988	0.02003	0.01572	0.00873	0.00830	0.00229	0.05442	0.00679	0.00543	0.05952
22	0.06718	0.04354	0.16418	0.01693	0.02259	0.12717	0.08232	0.04548	0.01766	0.04206	0.06104	0.11419	0.02053	0.04629	0.00896	0.00251	0.00891	0.00857	0.00487	0.09502

[dist]
# distance from previous block
# <min> <max>
2	18

[block]
# block no. 2 follows, 26 sequences, length 21
# corresponding to MSA columns:
# 552-572
name=unknown_C
#
# <colnr> <probs for GDERKNQSTAVLIFYWHMCP>
#	G	D	E	R	K	N	Q	S	T	A	V	L	I	F	Y	W	H	M	C	P
0	0.02179	0.01537	0.01516	0.01293	0.01715	0.11214	0.01011	0.07581	0.06780	0.21417	0.07294	0.07868	0.17605	0.01244	0.00789	0.00231	0.00668	0.01015	0.00724	0.06321
1	0.02227	0.01706	0.02027	0.06573	0.11566	0.04659	0.01401	0.27343	0.07331	0.08243	0.11920	0.02723	0.02337	0.05370	0.00965	0.00263	0.00770	0.00821	0.00668	0.01087
2	0.01655	0.01469	0.02313	0.37186	0.16691	0.01658	0.03941	0.10467	0.01832	0.02439	0.01821	0.11682	0.01640	0.00980	0.00790	0.00252	0.00896	0.00886	0.00453	0.00948
3	0.01783	0.25561	0.23324	0.01794	0.07042	0.01964	0.01729	0.02377	0.06843	0.06831	0.01930	0.12079	0.01747	0.00976	0.00690	0.00225	0.00831	0.00790	0.00461	0.01023
4	0.02662	0.22714	0.02348	0.01322	0.01888	0.01735	0.01146	0.03156	0.09731	0.37251	0.02719	0.02498	0.05737	0.00924	0.00691	0.00217	0.00673	0.00720	0.00723	0.01146
5	0.02343	0.12200	0.05579	0.01344	0.01847	0.06208	0.01171	0.07662	0.02065	0.27084	0.09339	0.05507	0.10212	0.01131	0.00758	0.00230	0.00697	0.02881	0.00709	0.01032
6	0.00964	0.00735	0.00891	0.00960	0.01114	0.00662	0.00699	0.01176	0.01703	0.02211	0.17624	0.32391	0.27580	0.02039	0.00935	0.00280	0.00423	0.06234	0.00729	0.00650
7	0.02014	0.11254	0.07452	0.01489	0.02030	0.01647	0.05695	0.06313	0.19068	0.15511	0.03430	0.03280	0.15411	0.01087	0.00761	0.00237	0.00694	0.00901	0.00667	0.01059
8	0.02365	0.02415	0.29969	0.08956	0.02902	0.01469	0.04148	0.02935	0.01854	0.32256	0.02097	0.02099	0.01383	0.00819	0.00749	0.00240	0.00902	0.00674	0.00601	0.01165
9	0.01476	0.01393	0.02354	0.64941	0.11461	0.01697	0.02128	0.01976	0.01537	0.01991	0.01356	0.02008	0.01030	0.00750	0.00758	0.00250	0.01000	0.00674	0.00341	0.00878
10	0.01284	0.00786	0.01003	0.01026	0.01206	0.00706	0.00739	0.01488	0.01720	0.11361	0.15495	0.39716	0.16662	0.01955	0.00914	0.00277	0.00444	0.01730	0.00758	0.00730
11	0.01906	0.01696	0.05081	0.10175	0.22275	0.06266	0.07440	0.02301	0.01781	0.11708	0.08710	0.08772	0.02191	0.01011	0.00899	0.00246	0.05116	0.00895	0.00524	0.01008
12	0.12374	0.02234	0.14729	0.20232	0.07842	0.09616	0.08061	0.07778	0.01790	0.02547	0.01495	0.05227	0.01220	0.00822	0.00726	0.00240	0.00989	0.00691	0.00420	0.00965
13	0.01443	0.01127	0.01470	0.01697	0.11225	0.01132	0.01098	0.13318	0.01939	0.02579	0.03775	0.36532	0.11770	0.01779	0.00894	0.00277	0.00591	0.05853	0.00666	0.00835
14	0.07346	0.01826	0.11858	0.21722	0.10662	0.01647	0.01751	0.10270	0.06454	0.06830	0.07251	0.02493	0.04869	0.00907	0.00750	0.00242	0.00829	0.00758	0.00526	0.01012
15	0.01695	0.02074	0.12181	0.32666	0.19296	0.10245	0.02096	0.02181	0.01654	0.02123	0.01516	0.06092	0.01285	0.00833	0.00754	0.00241	0.01012	0.00724	0.00372	0.00959
16	0.12897	0.01751	0.01998	0.01840	0.07956	0.08276	0.05133	0.12183	0.08798	0.12211	0.05937	0.02374	0.01808	0.06145	0.01103	0.00277	0.06959	0.00739	0.00599	0.01017
17	0.13178	0.14901	0.11180	0.01495	0.02049	0.01910	0.01420	0.17645	0.05990	0.03020	0.02230	0.03202	0.04140	0.01088	0.00726	0.00246	0.00776	0.13246	0.00565	0.00994
18	0.05218	0.35340	0.03162	0.08427	0.18347	0.02305	0.01589	0.05931	0.01753	0.09342	0.01419	0.01627	0.01139	0.00713	0.00619	0.00200	0.00826	0.00548	0.00433	0.01062
19	0.01529	0.05720	0.16242	0.01341	0.01842	0.01320	0.01296	0.10604	0.04302	0.05340	0.12044	0.11541	0.21091	0.01382	0.00814	0.00246	0.00651	0.01153	0.00635	0.00906
20	0.05791	0.19683	0.16295	0.02062	0.10664	0.10435	0.01750	0.14851	0.06765	0.02761	0.01472	0.01629	0.01151	0.00763	0.00663	0.00213	0.00931	0.00567	0.00461	0.01091

[dist]
# distance from previous block
# <min> <max>
8	135

[block]
# block no. 3 follows, 26 sequences, length 10
# corresponding to MSA columns:
# 708-717
name=unknown_D
#
# <colnr> <probs for GDERKNQSTAVLIFYWHMCP>
#	G	D	E	R	K	N	Q	S	T	A	V	L	I	F	Y	W	H	M	C	P
0	0.10947	0.16198	0.04781	0.01433	0.01918	0.15148	0.01237	0.04922	0.05203	0.06997	0.06585	0.02786	0.02005	0.00982	0.00687	0.00219	0.00816	0.08930	0.00533	0.07674
1	0.06619	0.01918	0.02330	0.02299	0.16844	0.02047	0.01565	0.41164	0.02874	0.12046	0.01838	0.01896	0.01318	0.00852	0.00743	0.00228	0.00813	0.00677	0.00681	0.01247
2	0.02733	0.01344	0.01818	0.01646	0.07736	0.01215	0.01232	0.07333	0.02101	0.42337	0.02721	0.03144	0.02021	0.01024	0.00776	0.00234	0.00678	0.09036	0.00789	0.10083
3	0.01404	0.01379	0.01853	0.21721	0.02772	0.09567	0.08744	0.01710	0.01595	0.01984	0.02691	0.35528	0.02922	0.01515	0.00865	0.00272	0.00815	0.01380	0.00523	0.00761
4	0.02290	0.07137	0.02477	0.10769	0.17179	0.01994	0.01632	0.29637	0.02476	0.05959	0.01611	0.01814	0.01217	0.00782	0.00714	0.00212	0.00830	0.00636	0.00562	0.10071
5	0.01558	0.10009	0.01615	0.01200	0.01536	0.01412	0.00950	0.13603	0.10723	0.02761	0.11594	0.19041	0.18002	0.01517	0.00820	0.00249	0.00557	0.01282	0.00692	0.00878
6	0.10414	0.01786	0.01934	0.01781	0.06970	0.02012	0.01322	0.23889	0.34648	0.03669	0.02336	0.02261	0.01740	0.00930	0.00734	0.00243	0.00697	0.00740	0.00706	0.01189
7	0.02106	0.02344	0.13563	0.18567	0.07595	0.15052	0.01831	0.08551	0.09968	0.08340	0.01797	0.02128	0.01365	0.00852	0.00747	0.00237	0.00984	0.02429	0.00502	0.01042
8	0.01536	0.01399	0.01663	0.01461	0.01757	0.09094	0.08818	0.10152	0.02017	0.02586	0.15705	0.26523	0.11022	0.01579	0.00877	0.00259	0.00680	0.01404	0.00661	0.00807
9	0.01804	0.08073	0.02554	0.31129	0.21362	0.08647	0.01912	0.02458	0.10356	0.02226	0.01557	0.01955	0.01229	0.00765	0.00727	0.00232	0.00945	0.00657	0.00409	0.01002

[dist]
# distance from previous block
# <min> <max>
0	1

[block]
# block no. 4 follows, 26 sequences, length 9
# corresponding to MSA columns:
# 719-727
name=unknown_E
#
# <colnr> <probs for GDERKNQSTAVLIFYWHMCP>
#	G	D	E	R	K	N	Q	S	T	A	V	L	I	F	Y	W	H	M	C	P
0	0.02539	0.07367	0.13892	0.01712	0.02353	0.11305	0.01576	0.21385	0.11554	0.15762	0.01999	0.01965	0.01423	0.00864	0.00726	0.00226	0.00887	0.00655	0.00638	0.01170
1	0.11691	0.02430	0.11957	0.02609	0.22952	0.18273	0.01789	0.02756	0.04716	0.11456	0.01595	0.01772	0.01206	0.00762	0.00698	0.00224	0.00959	0.00601	0.00476	0.01077
2	0.01313	0.07488	0.08586	0.01171	0.01530	0.01162	0.01041	0.06907	0.01953	0.02642	0.28628	0.07781	0.16934	0.01834	0.07377	0.00330	0.00684	0.01175	0.00658	0.00805
3	0.17134	0.22627	0.02507	0.01522	0.02028	0.10593	0.04090	0.12177	0.09140	0.02747	0.01478	0.01649	0.01195	0.01031	0.04100	0.00263	0.03686	0.00561	0.00483	0.00987
4	0.01318	0.00659	0.00988	0.00988	0.00988	0.00659	0.00659	0.00988	0.00988	0.01318	0.01318	0.02306	0.01318	0.02635	0.02964	0.77931	0.00659	0.00659	0.00329	0.00329
5	0.02028	0.73799	0.03975	0.01298	0.01947	0.03001	0.01298	0.02271	0.01541	0.01785	0.01055	0.01217	0.00973	0.00649	0.00487	0.00162	0.00811	0.00406	0.00324	0.00973
6	0.01089	0.00791	0.01110	0.01110	0.01207	0.00889	0.00812	0.01284	0.01187	0.01680	0.02132	0.03534	0.02137	0.24591	0.51764	0.01084	0.01670	0.00894	0.00421	0.00616
7	0.01881	0.25290	0.29298	0.02047	0.08782	0.12108	0.01994	0.02390	0.01654	0.02103	0.01280	0.01547	0.01040	0.00969	0.04378	0.00260	0.01089	0.00526	0.00342	0.01024
8	0.19422	0.15902	0.22071	0.06486	0.02548	0.17487	0.01727	0.02449	0.01638	0.02361	0.01192	0.01423	0.00939	0.00720	0.00615	0.00215	0.00991	0.00490	0.00372	0.00952

[dist]
# distance from previous block
# <min> <max>
1	3

[block]
# block no. 5 follows, 26 sequences, length 18
# corresponding to MSA columns:
# 731-748
name=unknown_F
#
# <colnr> <probs for GDERKNQSTAVLIFYWHMCP>
#	G	D	E	R	K	N	Q	S	T	A	V	L	I	F	Y	W	H	M	C	P
0	0.01457	0.01139	0.01757	0.18725	0.10525	0.01176	0.03450	0.01818	0.01630	0.05561	0.02676	0.17743	0.02696	0.01369	0.00841	0.00267	0.00732	0.14902	0.05243	0.06294
1	0.02883	0.02125	0.02276	0.01745	0.02352	0.02352	0.01442	0.66082	0.03566	0.04780	0.01821	0.01821	0.01290	0.00911	0.00759	0.00228	0.00835	0.00683	0.00759	0.01290
2	0.02028	0.73799	0.03975	0.01298	0.01947	0.03001	0.01298	0.02271	0.01541	0.01785	0.01055	0.01217	0.00973	0.00649	0.00487	0.00162	0.00811	0.00406	0.00324	0.00973
3	0.02028	0.73799	0.03975	0.01298	0.01947	0.03001	0.01298	0.02271	0.01541	0.01785	0.01055	0.01217	0.00973	0.00649	0.00487	0.00162	0.00811	0.00406	0.00324	0.00973
4	0.01566	0.10076	0.63651	0.02086	0.03165	0.01871	0.02670	0.02391	0.01596	0.02348	0.01334	0.01568	0.00962	0.00714	0.00700	0.00233	0.01094	0.00547	0.00321	0.01108
5	0.18167	0.20160	0.29293	0.01677	0.02439	0.12168	0.01824	0.02427	0.01602	0.02385	0.01195	0.01396	0.00937	0.00709	0.00606	0.00214	0.00970	0.00481	0.00363	0.00986
6	0.10820	0.16355	0.01664	0.01117	0.01405	0.01368	0.00920	0.01600	0.01480	0.02127	0.06392	0.12358	0.10530	0.05979	0.16326	0.00485	0.00918	0.06895	0.00523	0.00739
7	0.01337	0.01560	0.09609	0.01259	0.01628	0.09301	0.01098	0.01662	0.01666	0.02155	0.11248	0.08158	0.19252	0.02349	0.16643	0.00454	0.00986	0.01057	0.00543	0.08037
8	0.02079	0.08159	0.13478	0.01455	0.02007	0.04846	0.01366	0.02620	0.07952	0.20609	0.02657	0.05913	0.04826	0.05484	0.00947	0.00267	0.00761	0.07477	0.00626	0.06470
9	0.08701	0.08095	0.05276	0.02055	0.11110	0.01646	0.11880	0.02609	0.11123	0.10805	0.08093	0.02320	0.01923	0.00823	0.00720	0.00219	0.00769	0.00734	0.00556	0.10542
10	0.02156	0.11727	0.28631	0.02042	0.02821	0.17646	0.09863	0.05542	0.01886	0.08606	0.01477	0.01658	0.01091	0.00745	0.00711	0.00221	0.01102	0.00591	0.00423	0.01059
11	0.01713	0.07212	0.29869	0.12110	0.02985	0.01765	0.04197	0.13249	0.02025	0.02815	0.12581	0.02370	0.02067	0.00890	0.00753	0.00235	0.00913	0.00735	0.00487	0.01029
12	0.11490	0.01452	0.01960	0.01945	0.12007	0.01488	0.05216	0.02923	0.14772	0.22621	0.04705	0.02946	0.04977	0.01014	0.00825	0.00250	0.03287	0.04354	0.00680	0.01088
13	0.01984	0.14571	0.11889	0.02470	0.10910	0.17475	0.18527	0.02435	0.01767	0.02154	0.01459	0.01978	0.01227	0.00999	0.04234	0.00273	0.01168	0.03115	0.00380	0.00987
14	0.01562	0.17125	0.29476	0.01949	0.02710	0.01833	0.14466	0.02127	0.01608	0.02188	0.02097	0.06529	0.07228	0.01162	0.04455	0.00285	0.01031	0.00797	0.00395	0.00975
15	0.11327	0.17399	0.07851	0.01753	0.07924	0.08345	0.03400	0.11238	0.01921	0.08129	0.01891	0.02129	0.05304	0.04689	0.00827	0.00239	0.00835	0.00646	0.00500	0.03653
16	0.13761	0.08351	0.05517	0.01400	0.01848	0.01496	0.07131	0.07855	0.01710	0.16346	0.01983	0.02719	0.01693	0.20049	0.04668	0.00405	0.00840	0.00761	0.00557	0.00909
17	0.02131	0.31485	0.26810	0.01672	0.02457	0.08193	0.01821	0.02605	0.01714	0.12426	0.01474	0.01578	0.01109	0.00731	0.00630	0.00204	0.00945	0.00523	0.00424	0.01067

[dist]
# distance from previous block
# <min> <max>
2	29

[block]
# block no. 6 follows, 26 sequences, length 44
# corresponding to MSA columns:
# 778-821
name=unknown_G
#
# <colnr> <probs for GDERKNQSTAVLIFYWHMCP>
#	G	D	E	R	K	N	Q	S	T	A	V	L	I	F	Y	W	H	M	C	P
0	0.13041	0.13901	0.01721	0.01186	0.01532	0.07264	0.00944	0.02105	0.01624	0.13745	0.04642	0.15102	0.04739	0.11323	0.01155	0.00307	0.00688	0.03560	0.00588	0.00833
1	0.06084	0.12077	0.07753	0.01407	0.01973	0.13436	0.01238	0.02292	0.01659	0.08024	0.01501	0.01756	0.01221	0.01384	0.10361	0.00317	0.00999	0.00536	0.00448	0.25535
2	0.04458	0.28942	0.15641	0.01905	0.02602	0.04749	0.16209	0.04757	0.01714	0.04328	0.01553	0.07001	0.01355	0.00817	0.00685	0.00217	0.00956	0.00704	0.00409	0.00998
3	0.10364	0.15567	0.09695	0.01878	0.11406	0.01884	0.01487	0.12709	0.01955	0.10776	0.01547	0.01675	0.01173	0.00728	0.00637	0.00198	0.00774	0.00556	0.00512	0.14480
4	0.01636	0.17848	0.02274	0.06722	0.02088	0.01795	0.04328	0.06097	0.07225	0.02298	0.02932	0.03045	0.17174	0.01081	0.00927	0.00223	0.09594	0.00829	0.00502	0.11382
5	0.00924	0.00660	0.00880	0.01056	0.01100	0.00616	0.00704	0.01056	0.01452	0.01936	0.04181	0.72848	0.05017	0.02376	0.00968	0.00308	0.00440	0.02156	0.00704	0.00616
6	0.01954	0.01663	0.01753	0.01557	0.01998	0.01918	0.01217	0.08197	0.62966	0.03281	0.03002	0.02762	0.02247	0.01021	0.00771	0.00255	0.00616	0.00846	0.00771	0.01207
7	0.06277	0.02466	0.14205	0.01694	0.02227	0.17338	0.01517	0.20603	0.07241	0.02988	0.02055	0.14069	0.01859	0.01099	0.00757	0.00239	0.00909	0.00871	0.00571	0.01016
8	0.01086	0.00802	0.01166	0.01166	0.01283	0.00919	0.00882	0.01320	0.01203	0.01721	0.02080	0.03250	0.02013	0.14890	0.61296	0.01153	0.01855	0.00852	0.00414	0.00648
9	0.78701	0.01467	0.01115	0.00997	0.01467	0.01702	0.00821	0.02230	0.01291	0.03403	0.01056	0.01232	0.00821	0.00704	0.00469	0.00235	0.00587	0.00411	0.00469	0.00821
10	0.01816	0.02161	0.07957	0.02957	0.09197	0.05936	0.40129	0.02338	0.01673	0.02283	0.01390	0.01889	0.01103	0.00788	0.01165	0.00263	0.14800	0.00786	0.00369	0.01000
11	0.02039	0.01713	0.02557	0.10521	0.23632	0.01855	0.07347	0.09256	0.16390	0.08451	0.01936	0.02157	0.01474	0.00856	0.00903	0.00247	0.06248	0.00742	0.00544	0.01134
12	0.01109	0.00793	0.01088	0.01232	0.01366	0.00772	0.00994	0.01391	0.01706	0.02265	0.12391	0.28393	0.04932	0.02113	0.01003	0.00322	0.00573	0.36163	0.00718	0.00675
13	0.01847	0.01772	0.03025	0.09145	0.64356	0.01794	0.02313	0.02302	0.01713	0.02442	0.01421	0.01887	0.01189	0.00681	0.00751	0.00227	0.00908	0.00676	0.00373	0.01177
14	0.02452	0.02262	0.02010	0.01709	0.02190	0.17922	0.01346	0.25293	0.30081	0.03424	0.02204	0.02141	0.01650	0.00931	0.00747	0.00233	0.00860	0.00711	0.00679	0.01157
15	0.00998	0.00713	0.00965	0.01140	0.01217	0.00680	0.00832	0.01184	0.01525	0.02019	0.04140	0.56953	0.04856	0.02307	0.00988	0.00318	0.00504	0.17324	0.00703	0.00636
16	0.00919	0.00680	0.00860	0.01003	0.01086	0.00621	0.00681	0.01062	0.01503	0.01957	0.04823	0.60834	0.16616	0.02293	0.00955	0.00299	0.00430	0.02054	0.00704	0.00621
17	0.02004	0.12822	0.11949	0.02452	0.16743	0.01728	0.12861	0.02461	0.01776	0.14528	0.02264	0.02752	0.05781	0.00907	0.00766	0.00236	0.00888	0.05505	0.00510	0.01067
18	0.01958	0.02156	0.03311	0.03363	0.26992	0.14326	0.26787	0.02415	0.01812	0.02311	0.01598	0.06389	0.01385	0.00790	0.00809	0.00237	0.01104	0.00822	0.00402	0.01036
19	0.02254	0.01829	0.03695	0.02665	0.03381	0.01687	0.47232	0.02794	0.01900	0.21620	0.01954	0.02200	0.01360	0.00726	0.00857	0.00250	0.01097	0.00857	0.00543	0.01100
20	0.01758	0.01779	0.11201	0.11948	0.17126	0.01480	0.13498	0.02250	0.01794	0.10738	0.09403	0.02947	0.08807	0.00941	0.00806	0.00242	0.00870	0.00882	0.00518	0.01011
21	0.01978	0.40025	0.20934	0.01671	0.02360	0.11988	0.01747	0.02377	0.01613	0.01961	0.01148	0.01373	0.00972	0.00738	0.00729	0.00200	0.06386	0.00478	0.00333	0.00988
22	0.01641	0.24586	0.17104	0.13929	0.02968	0.01992	0.09339	0.02131	0.01617	0.02107	0.01770	0.02881	0.01620	0.00947	0.00734	0.00240	0.00946	0.12108	0.00401	0.00937
23	0.01521	0.03923	0.69413	0.02162	0.03283	0.01762	0.02802	0.02402	0.01601	0.02402	0.01361	0.01601	0.00961	0.00721	0.00721	0.00240	0.01121	0.00560	0.00320	0.01121
24	0.02252	0.01533	0.12431	0.01361	0.01884	0.01082	0.01270	0.02663	0.02047	0.34022	0.22974	0.03724	0.03508	0.01160	0.00813	0.00243	0.00636	0.04552	0.00793	0.01051
25	0.02028	0.73799	0.03975	0.01298	0.01947	0.03001	0.01298	0.02271	0.01541	0.01785	0.01055	0.01217	0.00973	0.00649	0.00487	0.00162	0.00811	0.00406	0.00324	0.00973
26	0.02017	0.36581	0.29293	0.01643	0.02468	0.02259	0.01862	0.02516	0.01650	0.11187	0.01438	0.01553	0.01091	0.00716	0.00616	0.00203	0.00910	0.00515	0.00406	0.01074
27	0.01551	0.07970	0.65623	0.02112	0.03206	0.01833	0.02715	0.02395	0.01598	0.02366	0.01343	0.01579	0.00962	0.00716	0.00707	0.00236	0.01103	0.00552	0.00321	0.01112
28	0.00924	0.00660	0.00880	0.01056	0.01100	0.00616	0.00704	0.01056	0.01452	0.01936	0.04181	0.72848	0.05017	0.02376	0.00968	0.00308	0.00440	0.02156	0.00704	0.00616
29	0.02041	0.06261	0.07178	0.06073	0.18879	0.20694	0.05569	0.02381	0.01674	0.02072	0.01226	0.01646	0.01048	0.00873	0.01165	0.00245	0.19029	0.00612	0.00361	0.00974
30	0.01788	0.02090	0.14745	0.02504	0.03216	0.01619	0.38820	0.02361	0.01760	0.09396	0.02176	0.09789	0.04167	0.00919	0.00859	0.00256	0.01061	0.00986	0.00478	0.01010
31	0.01086	0.00802	0.01164	0.01164	0.01281	0.00918	0.00880	0.01319	0.01203	0.01720	0.02082	0.03256	0.02016	0.15110	0.61080	0.01152	0.01851	0.00853	0.00414	0.00647
32	0.02593	0.07452	0.14641	0.01776	0.02479	0.02247	0.01669	0.47799	0.03017	0.06379	0.01724	0.01765	0.01228	0.00858	0.00733	0.00226	0.00879	0.00644	0.00654	0.01237
33	0.02213	0.49754	0.06657	0.01461	0.02115	0.02737	0.01404	0.18351	0.04470	0.02617	0.01337	0.01446	0.01102	0.00732	0.00577	0.00186	0.00824	0.00499	0.00450	0.01068
34	0.01913	0.57918	0.18848	0.01494	0.02250	0.02720	0.01640	0.02301	0.01555	0.01925	0.01124	0.01304	0.00971	0.00665	0.00540	0.00180	0.00882	0.00441	0.00324	0.01007
35	0.01660	0.36475	0.25825	0.01511	0.02244	0.02149	0.01692	0.02125	0.01628	0.02119	0.06926	0.02341	0.08711	0.00879	0.00642	0.00205	0.00837	0.00660	0.00402	0.00969
36	0.10983	0.41016	0.23474	0.01544	0.02313	0.02443	0.01705	0.04946	0.01614	0.02288	0.01180	0.01361	0.00965	0.00688	0.00567	0.00197	0.00880	0.00465	0.00358	0.01013
37	0.10855	0.38998	0.21731	0.01555	0.02303	0.04706	0.01677	0.06409	0.01679	0.02338	0.01193	0.01370	0.00973	0.00696	0.00574	0.00198	0.00892	0.00470	0.00370	0.01014
38	0.01988	0.10878	0.37494	0.01895	0.02752	0.02035	0.02125	0.22322	0.02219	0.03073	0.01614	0.02001	0.01248	0.00846	0.00724	0.00234	0.00974	0.03962	0.00479	0.01135
39	0.04431	0.07230	0.21861	0.02065	0.02766	0.09845	0.17770	0.06424	0.01884	0.05064	0.06462	0.04908	0.04131	0.00888	0.00768	0.00236	0.01008	0.00792	0.00466	0.01000
40	0.12052	0.07858	0.30268	0.01657	0.02365	0.01560	0.05837	0.02186	0.01733	0.05910	0.18414	0.02633	0.02578	0.00930	0.00726	0.00234	0.00817	0.00766	0.00506	0.00968
41	0.02462	0.09491	0.16600	0.01685	0.02375	0.02018	0.01626	0.33500	0.02664	0.12615	0.06052	0.02063	0.01643	0.00889	0.00733	0.00225	0.00837	0.00684	0.00651	0.01186
42	0.12874	0.09854	0.21248	0.07343	0.09716	0.05617	0.01848	0.13308	0.01961	0.07309	0.01471	0.01662	0.01091	0.00759	0.00675	0.00226	0.00915	0.00575	0.00469	0.01078
43	0.08844	0.09663	0.19794	0.01663	0.02363	0.05660	0.01648	0.25614	0.02350	0.03314	0.05737	0.01857	0.01478	0.00827	0.00688	0.00216	0.00865	0.00617	0.00540	0.06263

[dist]
# distance from previous block
# <min> <max>
5	170

[block]
# block no. 7 follows, 26 sequences, length 20
# corresponding to MSA columns:
# 994-1013
name=unknown_H
#
# <colnr> <probs for GDERKNQSTAVLIFYWHMCP>
#	G	D	E	R	K	N	Q	S	T	A	V	L	I	F	Y	W	H	M	C	P
0	0.13715	0.08448	0.02075	0.04899	0.06778	0.10835	0.01295	0.14604	0.04088	0.14565	0.01831	0.05291	0.01439	0.00873	0.00679	0.00218	0.00801	0.00667	0.00589	0.06310
1	0.02282	0.02036	0.02964	0.03020	0.25170	0.06730	0.15558	0.21092	0.02324	0.06276	0.01619	0.01884	0.01230	0.00753	0.00773	0.00227	0.00972	0.00708	0.00520	0.03861
2	0.01900	0.02155	0.17841	0.02188	0.08080	0.01692	0.12619	0.12256	0.11258	0.07055	0.02254	0.08994	0.01918	0.01036	0.00814	0.00255	0.00891	0.05144	0.00567	0.01084
3	0.01616	0.06710	0.13946	0.01924	0.08656	0.01439	0.10847	0.02173	0.06506	0.07835	0.03355	0.09524	0.17218	0.01161	0.00798	0.00242	0.00772	0.01029	0.00548	0.03702
4	0.11471	0.06695	0.04819	0.02027	0.08808	0.09653	0.12456	0.08768	0.01952	0.13459	0.02238	0.02366	0.07444	0.01050	0.03289	0.00266	0.00930	0.00743	0.00546	0.01021
5	0.17599	0.16758	0.09564	0.01283	0.01842	0.06200	0.01189	0.02192	0.01614	0.08495	0.02277	0.07151	0.08877	0.00956	0.00638	0.00209	0.00715	0.00725	0.00500	0.11216
6	0.01932	0.08042	0.05565	0.07172	0.21884	0.04254	0.01624	0.07814	0.10537	0.05803	0.03823	0.03893	0.01643	0.02646	0.00794	0.00228	0.00798	0.00711	0.00511	0.10327
7	0.05578	0.08565	0.21779	0.04612	0.10505	0.01826	0.06824	0.11615	0.04324	0.06486	0.04140	0.02147	0.01505	0.05743	0.00938	0.00265	0.00908	0.00691	0.00484	0.01063
8	0.05446	0.02151	0.22288	0.12541	0.02989	0.01548	0.10439	0.02496	0.08486	0.11295	0.02126	0.11095	0.01770	0.00988	0.00781	0.00254	0.00895	0.00878	0.00517	0.01017
9	0.02469	0.15457	0.05721	0.01659	0.02212	0.17136	0.01413	0.19783	0.16484	0.07521	0.01871	0.01871	0.01410	0.00853	0.00694	0.00216	0.00898	0.00627	0.00592	0.01115
10	0.01060	0.00712	0.00857	0.00945	0.01049	0.00673	0.00660	0.01249	0.01521	0.02130	0.07231	0.35623	0.12117	0.11080	0.01252	0.00332	0.00468	0.05730	0.14685	0.00626
11	0.05280	0.02864	0.38775	0.02399	0.14837	0.01678	0.02257	0.05744	0.01811	0.14738	0.01680	0.01825	0.01182	0.00761	0.00725	0.00236	0.00957	0.00618	0.00471	0.01162
12	0.02402	0.14018	0.10992	0.02367	0.18784	0.05212	0.01732	0.13640	0.03976	0.16955	0.01794	0.01877	0.01314	0.00788	0.00705	0.00219	0.00861	0.00633	0.00558	0.01173
13	0.01438	0.01722	0.12436	0.34690	0.16811	0.01529	0.01984	0.01930	0.01598	0.02132	0.02359	0.05921	0.10380	0.00969	0.00780	0.00248	0.00894	0.00852	0.00409	0.00919
14	0.01040	0.00751	0.00965	0.00955	0.01102	0.00695	0.00690	0.01325	0.01931	0.02688	0.49271	0.17941	0.09397	0.06494	0.01105	0.00285	0.00399	0.01508	0.00780	0.00677
15	0.01017	0.00794	0.00933	0.00973	0.01158	0.00734	0.00719	0.01345	0.05426	0.02292	0.18206	0.25619	0.30015	0.01939	0.00920	0.00274	0.00428	0.05790	0.00734	0.00684
16	0.01669	0.01825	0.12922	0.37060	0.15911	0.01652	0.02087	0.02288	0.05315	0.06767	0.01678	0.04596	0.01317	0.00824	0.00760	0.00247	0.00939	0.00727	0.00420	0.00995
17	0.01134	0.00897	0.01189	0.03967	0.08977	0.00869	0.00860	0.01351	0.01597	0.02126	0.17545	0.09608	0.20002	0.21166	0.05089	0.00429	0.00641	0.01274	0.00599	0.00680
18	0.01006	0.00748	0.00956	0.01092	0.01222	0.00698	0.00828	0.01216	0.01602	0.02061	0.04929	0.38889	0.19232	0.02189	0.00975	0.00308	0.00504	0.20195	0.00702	0.00646
19	0.01728	0.01974	0.11941	0.11900	0.11648	0.01715	0.20801	0.09575	0.04355	0.02612	0.02119	0.06519	0.04653	0.00946	0.00826	0.00254	0.00979	0.03965	0.00474	0.01016

[dist]
# distance from previous block
# <min> <max>
0	1

[block]
# block no. 8 follows, 26 sequences, length 38
# corresponding to MSA columns:
# 1015-1029,1031-1053
name=unknown_I
#
# <colnr> <probs for GDERKNQSTAVLIFYWHMCP>
#	G	D	E	R	K	N	Q	S	T	A	V	L	I	F	Y	W	H	M	C	P
0	0.02570	0.02820	0.07868	0.01875	0.02279	0.37901	0.01560	0.02834	0.01895	0.13592	0.01467	0.01661	0.01136	0.00920	0.01086	0.00235	0.16292	0.00580	0.00467	0.00961
1	0.20494	0.02194	0.01595	0.01541	0.01879	0.30901	0.01231	0.02355	0.01810	0.02364	0.02084	0.03711	0.02060	0.01197	0.00753	0.00256	0.00959	0.21300	0.00511	0.00806
2	0.68046	0.01611	0.01338	0.01362	0.07254	0.05407	0.00985	0.02281	0.01374	0.03241	0.01094	0.01295	0.00862	0.00706	0.00505	0.00232	0.00656	0.00438	0.00457	0.00857
3	0.01653	0.01573	0.02673	0.38380	0.36641	0.01743	0.02216	0.02131	0.01621	0.02206	0.01387	0.01950	0.01105	0.00717	0.00755	0.00239	0.00957	0.00675	0.00356	0.01020
4	0.01179	0.00844	0.01161	0.01267	0.01443	0.00827	0.01073	0.01530	0.01864	0.02497	0.22891	0.07706	0.05186	0.01935	0.01003	0.00317	0.00598	0.45237	0.00739	0.00704
5	0.02128	0.12873	0.02702	0.01847	0.02424	0.09687	0.15353	0.03028	0.21087	0.09865	0.02018	0.02081	0.01524	0.00796	0.00721	0.00217	0.00869	0.00700	0.00558	0.09519
6	0.00980	0.00772	0.00885	0.00856	0.01076	0.00676	0.00642	0.01251	0.01927	0.02519	0.36321	0.06527	0.39374	0.01746	0.00896	0.00248	0.00372	0.01492	0.00766	0.00676
7	0.01700	0.01582	0.02652	0.03947	0.55024	0.01576	0.02026	0.02097	0.01686	0.02385	0.01974	0.13018	0.01939	0.01005	0.00799	0.00244	0.00821	0.03997	0.00441	0.01088
8	0.05385	0.09668	0.02092	0.06117	0.02171	0.05461	0.01283	0.14284	0.15161	0.05222	0.01938	0.06502	0.01616	0.00971	0.00879	0.00227	0.08064	0.00729	0.00570	0.11659
9	0.01022	0.00731	0.00842	0.00873	0.00950	0.00690	0.00556	0.01120	0.01395	0.01823	0.09676	0.19191	0.17062	0.38003	0.02406	0.00507	0.00570	0.01441	0.00592	0.00551
10	0.01023	0.00730	0.00993	0.01169	0.01256	0.00701	0.00875	0.01226	0.01549	0.02047	0.04126	0.51597	0.04801	0.02283	0.00994	0.00322	0.00525	0.22435	0.00702	0.00643
11	0.07133	0.33703	0.06387	0.01432	0.02013	0.05905	0.01317	0.13851	0.07221	0.05621	0.07201	0.01923	0.01694	0.00830	0.00627	0.00202	0.00784	0.00602	0.00521	0.01033
12	0.02022	0.01152	0.01538	0.01315	0.01586	0.01214	0.01045	0.02260	0.01780	0.26301	0.15485	0.08174	0.08901	0.06021	0.01408	0.00297	0.16822	0.01046	0.00713	0.00919
13	0.01076	0.00739	0.00910	0.00987	0.01029	0.00728	0.00657	0.01172	0.01308	0.01734	0.03150	0.23674	0.03639	0.42051	0.02601	0.00554	0.00650	0.12231	0.00566	0.00543
14	0.02288	0.02581	0.02679	0.03495	0.40139	0.31232	0.01957	0.02629	0.01909	0.02211	0.01317	0.01658	0.01105	0.00721	0.00722	0.00212	0.01102	0.00595	0.00382	0.01063
15	0.00988	0.00769	0.00880	0.00854	0.01059	0.00680	0.00630	0.01240	0.01872	0.02448	0.33945	0.06430	0.37178	0.06388	0.01088	0.00279	0.00395	0.01468	0.00746	0.00662
16	0.01860	0.01756	0.02834	0.06998	0.55628	0.01810	0.02144	0.02575	0.11851	0.02563	0.01680	0.02031	0.01366	0.00734	0.00754	0.00231	0.00859	0.00704	0.00435	0.01186
17	0.01848	0.03145	0.45462	0.02528	0.14479	0.01755	0.04414	0.06706	0.01809	0.08492	0.01553	0.01764	0.01112	0.00742	0.00738	0.00237	0.01027	0.00617	0.00416	0.01158
18	0.01927	0.01897	0.03030	0.04515	0.65151	0.05379	0.02283	0.02364	0.01749	0.02446	0.01413	0.01851	0.01190	0.00681	0.00747	0.00224	0.00925	0.00666	0.00376	0.01185
19	0.02833	0.03615	0.02149	0.01954	0.02345	0.70298	0.01466	0.03029	0.02149	0.01856	0.01172	0.01368	0.00977	0.00782	0.00684	0.00195	0.01368	0.00489	0.00391	0.00879
20	0.01746	0.18167	0.30752	0.02619	0.14490	0.02066	0.15109	0.02367	0.01648	0.02288	0.01342	0.01656	0.01044	0.00681	0.00711	0.00224	0.01048	0.00615	0.00344	0.01084
21	0.01900	0.25461	0.19418	0.01633	0.02263	0.11193	0.01642	0.06994	0.04966	0.02232	0.01473	0.01763	0.01220	0.01598	0.12748	0.00379	0.01166	0.00569	0.00400	0.00981
22	0.01103	0.00735	0.00827	0.00827	0.00827	0.00735	0.00460	0.01103	0.01103	0.01471	0.02390	0.04964	0.02758	0.73343	0.03861	0.00735	0.00735	0.01103	0.00460	0.00460
23	0.01449	0.01774	0.13847	0.29289	0.19166	0.01513	0.01987	0.01936	0.01591	0.02156	0.02218	0.10996	0.06873	0.01022	0.00787	0.00251	0.00884	0.00910	0.00417	0.00933
24	0.01397	0.04168	0.11155	0.16340	0.12961	0.01396	0.01611	0.01961	0.07227	0.02229	0.03218	0.12203	0.14530	0.01266	0.00814	0.00258	0.00757	0.05097	0.00516	0.00897
25	0.00927	0.00754	0.00821	0.00837	0.01052	0.00648	0.00615	0.01136	0.01754	0.02185	0.16416	0.16186	0.50169	0.01928	0.00906	0.00261	0.00388	0.01643	0.00724	0.00648
26	0.01782	0.02021	0.04334	0.03117	0.03834	0.01945	0.61622	0.02390	0.01749	0.02390	0.01499	0.02021	0.01141	0.00685	0.01000	0.00261	0.05941	0.00880	0.00380	0.01010
27	0.02317	0.02423	0.14240	0.02661	0.19407	0.12938	0.08469	0.08232	0.04965	0.14278	0.01768	0.01925	0.01294	0.00779	0.00753	0.00229	0.00990	0.00672	0.00519	0.01140
28	0.01211	0.00849	0.01103	0.01043	0.01238	0.00835	0.00796	0.01496	0.01833	0.06809	0.34852	0.09602	0.17201	0.02255	0.11548	0.00400	0.04169	0.01308	0.00718	0.00732
29	0.00944	0.00770	0.00834	0.00818	0.01053	0.00660	0.00613	0.01180	0.01840	0.02313	0.23767	0.06866	0.52056	0.01823	0.00896	0.00251	0.00377	0.01540	0.00739	0.00660
30	0.01859	0.01857	0.03237	0.03330	0.27606	0.02010	0.20772	0.06357	0.01715	0.02440	0.01369	0.01865	0.01138	0.00854	0.01256	0.00263	0.19888	0.00738	0.00391	0.01056
31	0.02062	0.02227	0.07935	0.10767	0.37097	0.14652	0.02055	0.02587	0.05328	0.05815	0.01536	0.01863	0.01215	0.00741	0.00738	0.00226	0.00989	0.00646	0.00421	0.01101
32	0.01166	0.00950	0.01367	0.12249	0.08371	0.00956	0.01118	0.01483	0.01761	0.02357	0.22211	0.18840	0.14384	0.01625	0.00891	0.00268	0.00569	0.08032	0.00652	0.00749
33	0.01760	0.00808	0.00890	0.00819	0.01067	0.00778	0.00632	0.02103	0.01692	0.14354	0.02564	0.02785	0.01933	0.00893	0.00571	0.00187	0.00404	0.00717	0.64236	0.00808
34	0.02039	0.14529	0.02465	0.05846	0.16381	0.14859	0.01519	0.06174	0.17520	0.02468	0.02224	0.02329	0.06701	0.00891	0.00710	0.00220	0.00863	0.00711	0.00509	0.01042
35	0.01233	0.00965	0.01162	0.01203	0.01444	0.00969	0.00987	0.01854	0.13174	0.02459	0.12419	0.06884	0.21374	0.01799	0.00941	0.00295	0.00557	0.28779	0.00729	0.00772
36	0.02141	0.02468	0.20212	0.01973	0.02604	0.02117	0.05993	0.27829	0.08706	0.03326	0.01660	0.01847	0.01242	0.00927	0.01060	0.00254	0.13279	0.00678	0.00545	0.01139
37	0.02576	0.01759	0.01949	0.01575	0.02103	0.01912	0.01274	0.32374	0.23558	0.15551	0.05421	0.02450	0.01985	0.00982	0.00770	0.00239	0.00705	0.00784	0.00798	0.01236

[dist]
# distance from previous block
# <min> <max>
0	3

[block]
# block no. 9 follows, 26 sequences, length 11
# corresponding to MSA columns:
# 1057-1067
name=unknown_J
#
# <colnr> <probs for GDERKNQSTAVLIFYWHMCP>
#	G	D	E	R	K	N	Q	S	T	A	V	L	I	F	Y	W	H	M	C	P
0	0.11280	0.18318	0.02281	0.01485	0.01980	0.15527	0.01229	0.12260	0.14292	0.06697	0.06128	0.02014	0.01716	0.00868	0.00660	0.00214	0.00819	0.00633	0.00572	0.01028
1	0.25206	0.03032	0.14416	0.01708	0.02258	0.37034	0.01523	0.02673	0.01791	0.02420	0.01173	0.01371	0.00928	0.00747	0.00627	0.00215	0.01089	0.00479	0.00401	0.00907
2	0.01878	0.15435	0.07326	0.07956	0.26874	0.06364	0.05587	0.02553	0.10968	0.02351	0.01682	0.02143	0.01404	0.00795	0.00720	0.00226	0.00908	0.03325	0.00431	0.01075
3	0.01843	0.01732	0.02815	0.04107	0.57011	0.01763	0.02133	0.02492	0.09599	0.02550	0.01765	0.02350	0.01505	0.00794	0.00769	0.00236	0.00854	0.04066	0.00440	0.01174
4	0.01325	0.01199	0.01941	0.01599	0.01962	0.01154	0.17274	0.01928	0.09739	0.02619	0.25206	0.08796	0.14834	0.01405	0.00895	0.00260	0.00653	0.05703	0.00674	0.00832
5	0.02099	0.01873	0.02902	0.04015	0.54035	0.01923	0.02133	0.16353	0.02132	0.02985	0.01513	0.01865	0.01221	0.00727	0.00753	0.00226	0.00886	0.00677	0.00460	0.01221
6	0.01201	0.00852	0.01105	0.01115	0.01223	0.00909	0.00821	0.04255	0.01382	0.01878	0.02562	0.04852	0.02714	0.32996	0.25776	0.00801	0.01174	0.13266	0.00502	0.00619
7	0.00926	0.00770	0.00810	0.00800	0.01043	0.00653	0.00600	0.01146	0.01799	0.02217	0.17903	0.07024	0.57980	0.01858	0.00896	0.00253	0.00380	0.01562	0.00726	0.00653
8	0.02232	0.01576	0.01725	0.01418	0.01890	0.01676	0.01139	0.28722	0.16970	0.11299	0.07139	0.03426	0.15093	0.01175	0.00797	0.00241	0.00646	0.00950	0.00776	0.01110
9	0.00947	0.00688	0.00894	0.01018	0.01100	0.00635	0.00697	0.01122	0.01590	0.02131	0.15252	0.56622	0.10093	0.02203	0.00950	0.00292	0.00422	0.01982	0.00726	0.00635
10	0.01816	0.01740	0.02968	0.13846	0.59899	0.01786	0.02297	0.02274	0.01698	0.02404	0.01416	0.01897	0.01175	0.00687	0.00752	0.00229	0.00916	0.00676	0.00370	0.01152

[dist]
# distance from previous block
# <min> <max>
0	7

# created by:
# /home/berkeley/.conda/envs/busco_data_prod/bin/msa2prfl.pl pipeline/OGs_align_augustus/5794/15360.fs
