[name]
unknown

[dist]
# distance from previous block
# <min> <max>
0	78

[block]
# block no. 0 follows, 28 sequences, length 29
# corresponding to MSA columns:
# 84-112
name=unknown_A
#
# <colnr> <probs for GDERKNQSTAVLIFYWHMCP>
#	G	D	E	R	K	N	Q	S	T	A	V	L	I	F	Y	W	H	M	C	P
0	0.01695	0.05029	0.03654	0.01410	0.04767	0.06593	0.01107	0.07032	0.03834	0.11161	0.11745	0.11728	0.10902	0.01418	0.00819	0.00252	0.00645	0.14701	0.00657	0.00849
1	0.14491	0.01793	0.15231	0.01362	0.01856	0.03519	0.01268	0.09077	0.06438	0.08657	0.01674	0.05173	0.01372	0.01203	0.01119	0.16993	0.00725	0.00645	0.00490	0.06915
2	0.07167	0.05237	0.16556	0.08498	0.12388	0.01545	0.01613	0.08617	0.01629	0.02370	0.01863	0.14665	0.01801	0.04981	0.04055	0.00305	0.04492	0.00872	0.00447	0.00900
3	0.01328	0.01428	0.09770	0.04994	0.10896	0.04366	0.01187	0.01704	0.06275	0.01909	0.02430	0.13215	0.04373	0.28727	0.01877	0.00419	0.00752	0.03139	0.00473	0.00735
4	0.01457	0.01102	0.01420	0.06397	0.04420	0.01068	0.00977	0.06720	0.04430	0.02192	0.01856	0.02311	0.04783	0.01844	0.11744	0.17104	0.00817	0.00653	0.04417	0.24288
5	0.02347	0.17456	0.02444	0.01656	0.05228	0.02250	0.01334	0.39140	0.12641	0.03562	0.01909	0.01915	0.03221	0.00853	0.00677	0.00210	0.00752	0.00647	0.00622	0.01137
6	0.05337	0.16904	0.06652	0.01107	0.01489	0.01381	0.00984	0.05004	0.04705	0.02458	0.23271	0.09336	0.16132	0.01279	0.00735	0.00222	0.00544	0.01059	0.00602	0.00799
7	0.01899	0.24397	0.32522	0.01884	0.05941	0.10197	0.01954	0.09079	0.01780	0.02307	0.01246	0.01435	0.00970	0.00694	0.00626	0.00201	0.00975	0.00503	0.00362	0.01026
8	0.01761	0.19359	0.05381	0.01502	0.01969	0.09052	0.04609	0.05052	0.01616	0.02152	0.06117	0.01800	0.01460	0.01028	0.04253	0.00239	0.12851	0.00575	0.00407	0.18815
9	0.00976	0.00679	0.00808	0.00873	0.00908	0.00654	0.00539	0.01039	0.01233	0.01624	0.03345	0.31597	0.08676	0.41013	0.02411	0.00511	0.00570	0.01483	0.00549	0.00512
10	0.01571	0.25069	0.02023	0.01205	0.01528	0.14132	0.00980	0.01774	0.01645	0.01933	0.10781	0.22959	0.09075	0.01333	0.00715	0.00218	0.00682	0.01098	0.00519	0.00760
11	0.01736	0.02236	0.20425	0.11423	0.25595	0.03994	0.05393	0.09800	0.01853	0.02570	0.06675	0.02014	0.01512	0.00762	0.00729	0.00225	0.00917	0.00676	0.00419	0.01044
12	0.01026	0.00877	0.01188	0.21275	0.02149	0.00901	0.01004	0.01299	0.01589	0.02002	0.10758	0.17361	0.32757	0.01569	0.00834	0.00252	0.00546	0.01356	0.00586	0.00671
13	0.00922	0.00695	0.00801	0.00853	0.00973	0.00631	0.00579	0.01060	0.01469	0.01878	0.09649	0.28788	0.29144	0.17452	0.01488	0.00359	0.00456	0.01594	0.00634	0.00574
14	0.00934	0.00656	0.00846	0.00979	0.01017	0.00625	0.00645	0.01042	0.01332	0.01773	0.03634	0.56522	0.04320	0.17664	0.01522	0.00384	0.00492	0.04426	0.00625	0.00562
15	0.09053	0.10802	0.02164	0.01510	0.02051	0.08446	0.01255	0.34204	0.07364	0.13449	0.01790	0.01765	0.01288	0.00827	0.00667	0.00211	0.00782	0.00607	0.00647	0.01120
16	0.01127	0.00665	0.00905	0.00920	0.00955	0.00649	0.00608	0.01050	0.01220	0.01655	0.13267	0.13770	0.02993	0.16773	0.02402	0.38516	0.00567	0.01041	0.00474	0.00443
17	0.01926	0.66015	0.03705	0.01634	0.10122	0.02737	0.01364	0.02183	0.01499	0.01791	0.01054	0.01243	0.00959	0.00625	0.00497	0.00163	0.00788	0.00420	0.00317	0.00959
18	0.01015	0.00711	0.00781	0.00781	0.00833	0.00685	0.00464	0.01054	0.01185	0.01528	0.03373	0.05234	0.16932	0.58963	0.03094	0.00607	0.00633	0.01159	0.00490	0.00477
19	0.01094	0.00808	0.01061	0.01035	0.01086	0.00913	0.00722	0.01210	0.01106	0.01548	0.02043	0.03739	0.02175	0.41004	0.30470	0.00856	0.07255	0.00912	0.00410	0.00553
20	0.01773	0.01627	0.10783	0.26090	0.10651	0.01440	0.07114	0.04182	0.01671	0.13690	0.01901	0.08626	0.01541	0.00886	0.00740	0.00236	0.00845	0.00797	0.04455	0.00952
21	0.01913	0.59283	0.03626	0.01930	0.16383	0.02631	0.01454	0.02188	0.01515	0.01852	0.01087	0.01301	0.00979	0.00627	0.00520	0.00168	0.00796	0.00444	0.00321	0.00979
22	0.00920	0.00705	0.00887	0.00949	0.01085	0.00673	0.00686	0.01109	0.01478	0.01931	0.09363	0.32190	0.25306	0.02756	0.15971	0.00461	0.00724	0.01565	0.00623	0.00617
23	0.01843	0.04356	0.01967	0.16463	0.13263	0.01424	0.01394	0.05191	0.06531	0.13796	0.02404	0.02536	0.09327	0.00877	0.00740	0.00211	0.02419	0.00731	0.00533	0.13995
24	0.01645	0.14628	0.32330	0.06220	0.18950	0.01907	0.09900	0.02245	0.01571	0.02202	0.01290	0.01607	0.01001	0.00662	0.00682	0.00217	0.00988	0.00582	0.00328	0.01045
25	0.01676	0.35766	0.40595	0.01699	0.02570	0.02223	0.02037	0.02246	0.01509	0.02036	0.01172	0.01369	0.00926	0.00660	0.00590	0.00197	0.00941	0.00470	0.00309	0.01011
26	0.11981	0.05698	0.04923	0.06710	0.08226	0.19085	0.01237	0.02049	0.01746	0.02330	0.15358	0.02799	0.09203	0.00967	0.00686	0.00209	0.00779	0.00763	0.00491	0.04760
27	0.01626	0.01941	0.16212	0.01508	0.04346	0.09191	0.01329	0.09579	0.01714	0.02343	0.03871	0.04798	0.03789	0.13915	0.04848	0.00345	0.03748	0.00759	0.07668	0.06470
28	0.20693	0.07102	0.01718	0.13278	0.02150	0.06549	0.04397	0.02117	0.08281	0.04395	0.04355	0.02485	0.01672	0.16492	0.01281	0.00325	0.00760	0.00697	0.00464	0.00789

[dist]
# distance from previous block
# <min> <max>
6	120

[block]
# block no. 1 follows, 28 sequences, length 56
# corresponding to MSA columns:
# 246-253,255-302
name=unknown_B
#
# <colnr> <probs for GDERKNQSTAVLIFYWHMCP>
#	G	D	E	R	K	N	Q	S	T	A	V	L	I	F	Y	W	H	M	C	P
0	0.02041	0.26136	0.05471	0.10770	0.13347	0.19190	0.01593	0.04838	0.06295	0.02071	0.01301	0.01539	0.01072	0.00707	0.00622	0.00195	0.00944	0.00527	0.00380	0.00962
1	0.01648	0.09427	0.10836	0.24244	0.06345	0.04490	0.01622	0.11840	0.01827	0.02368	0.02251	0.05045	0.10443	0.00931	0.00710	0.00222	0.00828	0.00764	0.00449	0.03710
2	0.01349	0.01536	0.11350	0.04428	0.01805	0.04179	0.01178	0.07603	0.01696	0.02235	0.03673	0.14737	0.23328	0.01529	0.03488	0.00273	0.06140	0.01112	0.00539	0.07823
3	0.12134	0.01476	0.02144	0.13341	0.21410	0.04197	0.08641	0.01967	0.01484	0.02260	0.01481	0.02178	0.01301	0.11367	0.01103	0.00282	0.00821	0.00670	0.03843	0.07901
4	0.03467	0.01642	0.16382	0.04258	0.04446	0.01179	0.03658	0.07331	0.01552	0.02188	0.02318	0.02667	0.11911	0.01387	0.01303	0.22147	0.00724	0.00742	0.02913	0.07787
5	0.01864	0.13756	0.02255	0.06909	0.08001	0.06056	0.01384	0.04870	0.14282	0.07243	0.08852	0.02235	0.01904	0.00966	0.01045	0.00235	0.15972	0.00701	0.00512	0.00957
6	0.01597	0.01400	0.06530	0.07545	0.01970	0.01342	0.03746	0.16136	0.06545	0.02835	0.08588	0.12791	0.07003	0.01172	0.00801	0.00233	0.03317	0.00985	0.14593	0.00872
7	0.01648	0.08321	0.08172	0.10199	0.06200	0.06369	0.05572	0.02246	0.10038	0.02190	0.01505	0.01819	0.01223	0.01076	0.05920	0.00269	0.06435	0.00594	0.00412	0.19792
8	0.00900	0.00668	0.00839	0.00943	0.01044	0.00608	0.00652	0.01067	0.01535	0.02021	0.13552	0.51199	0.18152	0.02082	0.00904	0.00276	0.00400	0.01857	0.00692	0.00608
9	0.01547	0.02027	0.16462	0.30406	0.13798	0.06354	0.07928	0.02069	0.01540	0.02049	0.01369	0.01876	0.01072	0.01121	0.07059	0.00315	0.01108	0.00643	0.00339	0.00918
10	0.01905	0.08554	0.08057	0.01734	0.08197	0.04593	0.04299	0.07095	0.13189	0.07756	0.01712	0.01813	0.01313	0.00709	0.00643	0.00182	0.00731	0.00582	0.00507	0.26427
11	0.01149	0.01052	0.01006	0.01061	0.01206	0.10210	0.00751	0.01326	0.01630	0.02020	0.13769	0.41257	0.17108	0.01871	0.00867	0.00261	0.00520	0.01638	0.00652	0.00643
12	0.01540	0.01352	0.01726	0.01445	0.07935	0.01065	0.03099	0.01882	0.01527	0.02368	0.01304	0.01548	0.01084	0.00551	0.00565	0.00122	0.00590	0.00464	0.00422	0.69410
13	0.05234	0.08012	0.01757	0.01333	0.01758	0.01706	0.01076	0.14759	0.30906	0.06104	0.12099	0.02993	0.07097	0.01044	0.00725	0.00229	0.00589	0.00848	0.00698	0.01033
14	0.01209	0.01043	0.01682	0.08806	0.04191	0.01081	0.10350	0.01534	0.01609	0.02227	0.25679	0.03899	0.06823	0.11487	0.11540	0.00436	0.04115	0.01027	0.00540	0.00719
15	0.00981	0.00734	0.00865	0.00865	0.00986	0.00722	0.00597	0.01112	0.01300	0.01678	0.04030	0.05091	0.26527	0.31265	0.19474	0.00654	0.00891	0.01160	0.00512	0.00554
16	0.01935	0.04851	0.04669	0.11345	0.17217	0.07296	0.01536	0.10179	0.09800	0.06571	0.01830	0.02009	0.03535	0.00770	0.00683	0.00203	0.00792	0.00639	0.00495	0.13645
17	0.05769	0.11885	0.02187	0.01645	0.02098	0.34366	0.01307	0.14770	0.14338	0.02577	0.01553	0.01622	0.01218	0.00795	0.00651	0.00201	0.00983	0.00553	0.00501	0.00980
18	0.01468	0.01387	0.11485	0.01178	0.01535	0.01081	0.01042	0.07871	0.07043	0.07031	0.15378	0.09813	0.09299	0.12757	0.01225	0.00306	0.00596	0.01048	0.07644	0.00813
19	0.01629	0.06299	0.41997	0.07267	0.09077	0.04393	0.02183	0.04601	0.01637	0.05139	0.01608	0.07996	0.01338	0.00844	0.00708	0.00230	0.00956	0.00693	0.00389	0.01016
20	0.01625	0.22622	0.27833	0.01903	0.08587	0.01928	0.04247	0.02335	0.09202	0.02298	0.09055	0.02042	0.01764	0.00787	0.00662	0.00210	0.00840	0.00637	0.00419	0.01004
21	0.01038	0.00779	0.01168	0.01168	0.01298	0.00909	0.00909	0.01298	0.01168	0.01687	0.01947	0.02856	0.01817	0.05452	0.71573	0.01168	0.01947	0.00779	0.00389	0.00649
22	0.01156	0.00991	0.01382	0.01242	0.01392	0.01075	0.05378	0.01372	0.01517	0.02066	0.18129	0.11048	0.17236	0.13031	0.01640	0.00338	0.15814	0.03957	0.00569	0.00666
23	0.13238	0.17030	0.05057	0.12397	0.02223	0.06130	0.01264	0.04886	0.07300	0.02243	0.01692	0.08300	0.01529	0.01608	0.11791	0.00367	0.00957	0.00702	0.00437	0.00849
24	0.02078	0.01541	0.01696	0.01403	0.01795	0.01710	0.01107	0.36637	0.12136	0.03415	0.02056	0.02525	0.01693	0.12473	0.10751	0.00421	0.00889	0.00757	0.03914	0.01002
25	0.01039	0.00710	0.00856	0.00872	0.00896	0.00727	0.00535	0.01091	0.01105	0.01493	0.02391	0.10696	0.02708	0.57092	0.14129	0.00741	0.00875	0.01104	0.00454	0.00487
26	0.01030	0.00693	0.00801	0.00827	0.00834	0.00687	0.00477	0.01050	0.01110	0.01479	0.02560	0.15618	0.02982	0.63129	0.03265	0.00640	0.00660	0.01215	0.00477	0.00464
27	0.01718	0.01417	0.01620	0.01177	0.01812	0.01184	0.00949	0.12838	0.01828	0.02740	0.01368	0.01547	0.01103	0.00594	0.00570	0.00126	0.00582	0.00468	0.00480	0.65879
28	0.00883	0.00642	0.00834	0.00987	0.01048	0.00593	0.00664	0.01015	0.01416	0.01865	0.04309	0.67942	0.10649	0.02238	0.00922	0.00291	0.00417	0.02018	0.00675	0.00593
29	0.01047	0.00713	0.00853	0.00860	0.00882	0.00732	0.00523	0.01093	0.01088	0.01471	0.02306	0.07260	0.02602	0.60804	0.14143	0.00760	0.00886	0.01055	0.00442	0.00479
30	0.00961	0.00705	0.00919	0.01063	0.01170	0.00662	0.00796	0.01154	0.01509	0.01960	0.04449	0.45919	0.14034	0.02139	0.00939	0.00299	0.00483	0.19549	0.00673	0.00616
31	0.01262	0.01188	0.01949	0.01590	0.01956	0.01136	0.20291	0.01829	0.10528	0.02311	0.12117	0.16785	0.21179	0.01401	0.00855	0.00252	0.00654	0.01310	0.00609	0.00797
32	0.01458	0.03760	0.70688	0.02072	0.03146	0.01688	0.02686	0.02302	0.01535	0.02302	0.01304	0.01535	0.00921	0.00691	0.00691	0.00230	0.01074	0.00537	0.00307	0.01074
33	0.02159	0.01032	0.01217	0.01040	0.01399	0.01006	0.00824	0.02745	0.12293	0.28776	0.02654	0.02620	0.01895	0.00889	0.00630	0.00203	0.00483	0.00721	0.36448	0.00967
34	0.01516	0.01501	0.02814	0.03029	0.28435	0.01448	0.23713	0.01924	0.01602	0.02214	0.02138	0.21985	0.02155	0.01090	0.00824	0.00248	0.00862	0.01114	0.00450	0.00937
35	0.01684	0.02183	0.12482	0.02941	0.03718	0.01820	0.59310	0.02325	0.01693	0.02325	0.01450	0.01908	0.01080	0.00622	0.00837	0.00243	0.01207	0.00818	0.00360	0.00992
36	0.02098	0.01359	0.01573	0.01351	0.01739	0.01411	0.01095	0.29699	0.02422	0.13322	0.03033	0.14648	0.07390	0.01344	0.00803	0.00249	0.00643	0.10965	0.03876	0.00978
37	0.00869	0.00696	0.00778	0.00843	0.01010	0.00605	0.00600	0.01031	0.01554	0.01922	0.06061	0.32995	0.44466	0.02010	0.00886	0.00265	0.00389	0.01741	0.00675	0.00605
38	0.02337	0.01874	0.02520	0.01974	0.02453	0.12622	0.19065	0.02894	0.10047	0.22983	0.01950	0.02054	0.01405	0.00863	0.00994	0.00241	0.11401	0.00721	0.00569	0.01031
39	0.01843	0.01832	0.02422	0.41922	0.03995	0.12743	0.09875	0.12288	0.01887	0.02327	0.01358	0.01812	0.01022	0.00739	0.00732	0.00230	0.01028	0.00645	0.00399	0.00901
40	0.02783	0.05345	0.02165	0.01936	0.12709	0.04817	0.01375	0.23515	0.02406	0.32315	0.02104	0.02019	0.01437	0.00831	0.00711	0.00216	0.00754	0.00665	0.00707	0.01190
41	0.01659	0.01579	0.02621	0.03907	0.59646	0.01561	0.01981	0.02054	0.01655	0.02314	0.02261	0.02573	0.11355	0.00825	0.00740	0.00220	0.00790	0.00780	0.00407	0.01071
42	0.01465	0.01974	0.19334	0.05409	0.19674	0.01522	0.10741	0.01965	0.01466	0.02110	0.01506	0.02047	0.01257	0.02024	0.20566	0.00495	0.04469	0.00685	0.00353	0.00939
43	0.01476	0.05072	0.01326	0.01222	0.01454	0.17157	0.00961	0.01713	0.01707	0.02050	0.06189	0.15731	0.15018	0.01535	0.00808	0.00250	0.00687	0.17336	0.07604	0.00702
44	0.01832	0.19296	0.41729	0.01815	0.02678	0.05194	0.02098	0.12753	0.01847	0.02512	0.01302	0.01476	0.00975	0.00707	0.00645	0.00210	0.00975	0.00520	0.00378	0.01058
45	0.01354	0.01108	0.01246	0.01336	0.01523	0.07199	0.01096	0.06004	0.01764	0.02232	0.03497	0.21780	0.03832	0.01878	0.00937	0.00305	0.00680	0.40874	0.00648	0.00706
46	0.22994	0.01592	0.01606	0.01324	0.01790	0.01751	0.01072	0.32510	0.07278	0.06109	0.02335	0.07069	0.07565	0.01011	0.00679	0.00230	0.00649	0.00774	0.00652	0.01010
47	0.04844	0.08172	0.04961	0.04258	0.17490	0.01420	0.01375	0.04889	0.01610	0.08404	0.01864	0.07510	0.01675	0.01602	0.11707	0.00357	0.00909	0.03923	0.00474	0.12556
48	0.01602	0.01569	0.12283	0.01205	0.01794	0.01045	0.01094	0.01945	0.01491	0.09304	0.01638	0.02196	0.01409	0.13874	0.01150	0.00246	0.00661	0.00591	0.00462	0.44441
49	0.01348	0.08964	0.31227	0.01628	0.02214	0.01462	0.04607	0.01843	0.01480	0.02095	0.06817	0.10444	0.02141	0.06440	0.07356	0.00356	0.04559	0.03735	0.00420	0.00862
50	0.01691	0.09149	0.09915	0.20338	0.05742	0.08619	0.07585	0.04354	0.05598	0.02197	0.06363	0.01997	0.01495	0.00820	0.00860	0.00226	0.07715	0.00660	0.00408	0.04268
51	0.01121	0.00748	0.00877	0.00841	0.00965	0.00700	0.00563	0.01267	0.01507	0.05386	0.22228	0.05269	0.16856	0.36086	0.02198	0.00457	0.00533	0.01206	0.00610	0.00583
52	0.01835	0.01519	0.06516	0.01313	0.01702	0.06016	0.01097	0.12695	0.10945	0.11743	0.12688	0.09322	0.10222	0.01456	0.03851	0.03820	0.00694	0.00986	0.00665	0.00914
53	0.01411	0.01549	0.07211	0.02177	0.08355	0.01303	0.26572	0.01837	0.01594	0.02198	0.02504	0.18665	0.06716	0.01131	0.00817	0.00240	0.00835	0.03922	0.00474	0.10489
54	0.04824	0.01098	0.01576	0.01535	0.07838	0.01067	0.08319	0.07437	0.01892	0.02629	0.24998	0.15060	0.16004	0.01406	0.00826	0.00242	0.00558	0.01257	0.00647	0.00788
55	0.07477	0.08949	0.10882	0.04602	0.02255	0.11464	0.01474	0.26668	0.02255	0.03025	0.04599	0.01759	0.01333	0.00917	0.00879	0.03587	0.05778	0.00600	0.00509	0.00990

[dist]
# distance from previous block
# <min> <max>
15	25

[block]
# block no. 2 follows, 28 sequences, length 23
# corresponding to MSA columns:
# 336-358
name=unknown_C
#
# <colnr> <probs for GDERKNQSTAVLIFYWHMCP>
#	G	D	E	R	K	N	Q	S	T	A	V	L	I	F	Y	W	H	M	C	P
0	0.01843	0.05016	0.12451	0.01435	0.01900	0.04535	0.01313	0.09356	0.06163	0.11172	0.12049	0.06627	0.02336	0.01027	0.00894	0.00224	0.08618	0.00799	0.04632	0.07613
1	0.11678	0.01294	0.05944	0.01182	0.01565	0.01148	0.00982	0.09889	0.01761	0.09995	0.10401	0.15045	0.02650	0.06480	0.06748	0.00333	0.00701	0.00957	0.00597	0.10649
2	0.01552	0.01070	0.01254	0.01127	0.01375	0.01115	0.00874	0.14921	0.01981	0.06529	0.14318	0.13017	0.12586	0.06101	0.01081	0.00271	0.05393	0.04166	0.10472	0.00796
3	0.01641	0.08046	0.06655	0.13580	0.04847	0.12098	0.01468	0.01964	0.01462	0.01913	0.01308	0.01786	0.01129	0.01613	0.13492	0.00380	0.12776	0.00579	0.00358	0.12908
4	0.01022	0.00732	0.00953	0.00967	0.01042	0.00776	0.00666	0.01155	0.01172	0.01602	0.02630	0.09797	0.07010	0.34276	0.32116	0.00837	0.01186	0.01054	0.00454	0.00553
5	0.07656	0.01107	0.01187	0.01051	0.01320	0.01173	0.00800	0.18786	0.01959	0.02909	0.08573	0.07962	0.06735	0.12344	0.04818	0.00338	0.00624	0.00918	0.18954	0.00787
6	0.01576	0.01269	0.01632	0.01379	0.01653	0.01433	0.01116	0.04343	0.05923	0.05483	0.01621	0.02051	0.01377	0.01849	0.15498	0.00413	0.23557	0.00637	0.07502	0.19686
7	0.47302	0.01806	0.02057	0.01631	0.02153	0.09379	0.17847	0.05669	0.01563	0.02930	0.01179	0.01423	0.00907	0.00677	0.00591	0.00226	0.00826	0.00534	0.00435	0.00866
8	0.01943	0.74891	0.03809	0.01244	0.01866	0.02876	0.01244	0.02177	0.01477	0.01710	0.01011	0.01166	0.00933	0.00622	0.00466	0.00155	0.00777	0.00389	0.00311	0.00933
9	0.00881	0.00650	0.00825	0.00966	0.01042	0.00594	0.00654	0.01017	0.01436	0.01874	0.04570	0.62729	0.15694	0.02204	0.00916	0.00287	0.00413	0.01977	0.00675	0.00594
10	0.01205	0.00787	0.01001	0.00922	0.01140	0.00710	0.00700	0.01519	0.02000	0.08879	0.54175	0.05397	0.15820	0.01486	0.00846	0.00231	0.00372	0.01295	0.00790	0.00725
11	0.00945	0.00659	0.00844	0.00954	0.01029	0.00617	0.00649	0.01114	0.01492	0.02049	0.13453	0.53174	0.07446	0.05536	0.01021	0.00295	0.00416	0.01794	0.05909	0.00604
12	0.00905	0.00677	0.00846	0.00971	0.01077	0.00619	0.00688	0.01065	0.01485	0.01912	0.04849	0.50959	0.21286	0.02142	0.00917	0.00286	0.00430	0.07609	0.00674	0.00603
13	0.01133	0.00911	0.01311	0.11866	0.01825	0.01063	0.01049	0.01417	0.01335	0.01878	0.05516	0.03265	0.10852	0.03420	0.37716	0.00725	0.07493	0.00864	0.05676	0.00684
14	0.00953	0.00713	0.00805	0.00818	0.00945	0.00651	0.00552	0.01094	0.01487	0.01912	0.14701	0.14825	0.29651	0.25617	0.01798	0.00400	0.00482	0.01415	0.00617	0.00565
15	0.13724	0.16845	0.01892	0.01132	0.01656	0.01592	0.00957	0.07603	0.06180	0.02606	0.06465	0.02204	0.07125	0.00807	0.00587	0.00174	0.00590	0.00612	0.00500	0.26749
16	0.04547	0.07693	0.07566	0.01989	0.15265	0.01492	0.04512	0.02485	0.08886	0.13926	0.01776	0.01988	0.01375	0.03982	0.00787	0.00214	0.00722	0.00618	0.00508	0.19667
17	0.01889	0.08227	0.10808	0.02009	0.14377	0.04586	0.04886	0.06457	0.01769	0.09163	0.03800	0.01827	0.01353	0.00696	0.00647	0.00182	0.00767	0.00585	0.02785	0.23186
18	0.13905	0.01824	0.05077	0.11829	0.07096	0.12177	0.09957	0.04677	0.04064	0.06619	0.04549	0.02143	0.01485	0.07304	0.00951	0.00262	0.00878	0.00672	0.00460	0.04069
19	0.07774	0.04931	0.06867	0.04021	0.05668	0.07123	0.01323	0.02332	0.13939	0.06493	0.03941	0.10692	0.01947	0.04645	0.01177	0.00273	0.14612	0.00838	0.00511	0.00894
20	0.02019	0.18988	0.07012	0.07090	0.02227	0.01701	0.06186	0.05986	0.04170	0.18549	0.07759	0.08530	0.02067	0.00972	0.00764	0.00222	0.03410	0.00802	0.00569	0.00977
21	0.04051	0.08412	0.06544	0.02039	0.15111	0.09491	0.06544	0.05406	0.03884	0.02351	0.10265	0.05278	0.09930	0.04260	0.00871	0.00245	0.00782	0.03147	0.00500	0.00889
22	0.07483	0.01881	0.12019	0.05210	0.02122	0.06831	0.01396	0.14335	0.08847	0.06446	0.09556	0.08639	0.02292	0.01092	0.00854	0.00242	0.05651	0.03576	0.00580	0.00948

[dist]
# distance from previous block
# <min> <max>
0	108

[block]
# block no. 3 follows, 28 sequences, length 17
# corresponding to MSA columns:
# 479-495
name=unknown_D
#
# <colnr> <probs for GDERKNQSTAVLIFYWHMCP>
#	G	D	E	R	K	N	Q	S	T	A	V	L	I	F	Y	W	H	M	C	P
0	0.05221	0.07317	0.01619	0.14917	0.02127	0.01320	0.01109	0.04002	0.07894	0.04833	0.04564	0.09214	0.06472	0.05815	0.14755	0.00434	0.00915	0.00875	0.00501	0.06097
1	0.01875	0.05838	0.11205	0.20450	0.11421	0.05173	0.08738	0.08404	0.10369	0.06958	0.01658	0.01918	0.01235	0.00754	0.00720	0.00228	0.00914	0.00661	0.00460	0.01022
2	0.01719	0.41843	0.02769	0.01434	0.06196	0.07970	0.01177	0.01976	0.01583	0.01924	0.10245	0.02256	0.05153	0.01395	0.09264	0.00300	0.00896	0.00635	0.00410	0.00858
3	0.08307	0.01909	0.09447	0.04259	0.02003	0.11258	0.01363	0.02476	0.17505	0.02378	0.01807	0.04779	0.01500	0.00983	0.01049	0.00243	0.17141	0.00688	0.10010	0.00895
4	0.01292	0.08709	0.04259	0.01719	0.14688	0.01152	0.01127	0.01574	0.01576	0.02166	0.11016	0.25966	0.08778	0.01364	0.00764	0.00225	0.00570	0.01204	0.00545	0.11304
5	0.01562	0.01173	0.01756	0.10734	0.20636	0.01217	0.01339	0.05060	0.01746	0.06998	0.16186	0.02900	0.02579	0.01538	0.10256	0.00344	0.00819	0.00817	0.11455	0.00886
6	0.01689	0.01628	0.02223	0.01888	0.01938	0.02229	0.01573	0.07304	0.01308	0.01989	0.01021	0.01603	0.00978	0.01238	0.02245	0.00310	0.67013	0.00638	0.00353	0.00832
7	0.01386	0.00892	0.01118	0.01064	0.01285	0.00870	0.00812	0.04230	0.07547	0.09528	0.33494	0.18007	0.04873	0.01514	0.00834	0.00246	0.00446	0.05816	0.05259	0.00781
8	0.00893	0.00653	0.00824	0.00955	0.01026	0.00601	0.00641	0.01020	0.01412	0.01844	0.04419	0.59095	0.14768	0.06847	0.01095	0.00314	0.00432	0.01919	0.00660	0.00584
9	0.66034	0.01376	0.01178	0.01016	0.01486	0.01531	0.00837	0.02386	0.01387	0.15188	0.01342	0.01411	0.00967	0.00715	0.00500	0.00225	0.00572	0.00454	0.00530	0.00867
10	0.01021	0.00739	0.00940	0.00911	0.01042	0.00721	0.00652	0.01254	0.01635	0.02264	0.36464	0.04991	0.11010	0.19390	0.13333	0.00499	0.00698	0.01185	0.00635	0.00615
11	0.01029	0.00743	0.00972	0.00914	0.01086	0.00686	0.00686	0.01372	0.02058	0.02915	0.69536	0.05430	0.06859	0.01486	0.00857	0.00229	0.00343	0.01315	0.00800	0.00686
12	0.04765	0.01679	0.07067	0.01802	0.02248	0.01642	0.16010	0.14522	0.04413	0.04919	0.05965	0.07131	0.10446	0.01107	0.01050	0.00252	0.12594	0.00922	0.00540	0.00927
13	0.12464	0.02080	0.06868	0.02159	0.07081	0.06396	0.19105	0.26412	0.02301	0.05897	0.01526	0.01720	0.01119	0.00744	0.00718	0.00225	0.00930	0.00658	0.00528	0.01068
14	0.12826	0.01407	0.01659	0.01638	0.09992	0.01478	0.01160	0.22902	0.02282	0.07510	0.17793	0.03300	0.06645	0.01092	0.00744	0.00231	0.00624	0.05091	0.00664	0.00962
15	0.02045	0.01920	0.02321	0.02347	0.16479	0.15670	0.10661	0.10553	0.06707	0.07063	0.05819	0.07522	0.01991	0.00974	0.00768	0.00230	0.00888	0.04519	0.00538	0.00987
16	0.01671	0.01472	0.02247	0.23425	0.23278	0.01681	0.01757	0.10249	0.01679	0.02306	0.01498	0.06471	0.01324	0.01024	0.01119	0.05773	0.10968	0.00736	0.00407	0.00916

[dist]
# distance from previous block
# <min> <max>
0	1

[block]
# block no. 4 follows, 28 sequences, length 16
# corresponding to MSA columns:
# 497-512
name=unknown_E
#
# <colnr> <probs for GDERKNQSTAVLIFYWHMCP>
#	G	D	E	R	K	N	Q	S	T	A	V	L	I	F	Y	W	H	M	C	P
0	0.15283	0.05613	0.13286	0.07753	0.07549	0.01807	0.18805	0.09248	0.01720	0.02621	0.01622	0.01918	0.04464	0.00770	0.00782	0.00233	0.04477	0.00673	0.00418	0.00958
1	0.01568	0.01147	0.01398	0.08265	0.07690	0.01200	0.01044	0.04659	0.17655	0.07655	0.03647	0.03631	0.19603	0.01118	0.00720	0.00225	0.00548	0.00935	0.16402	0.00890
2	0.01301	0.00990	0.01306	0.01533	0.11148	0.00971	0.00970	0.01790	0.11197	0.06314	0.10991	0.29798	0.15582	0.01613	0.00839	0.00257	0.00501	0.01429	0.00665	0.00804
3	0.04484	0.01170	0.01231	0.01146	0.01422	0.03937	0.00870	0.06766	0.19554	0.02746	0.23225	0.14141	0.13597	0.01413	0.00803	0.00243	0.00499	0.01206	0.00712	0.00834
4	0.01293	0.01287	0.05944	0.02150	0.19836	0.01117	0.07850	0.01670	0.01746	0.02435	0.25417	0.15818	0.07849	0.01286	0.00823	0.00239	0.00629	0.01188	0.00581	0.00842
5	0.01518	0.01448	0.01955	0.02282	0.22393	0.07276	0.06901	0.01984	0.08212	0.02218	0.09337	0.07583	0.10629	0.11662	0.01201	0.00299	0.00743	0.00986	0.00512	0.00862
6	0.01269	0.01171	0.01112	0.01107	0.01298	0.10965	0.00807	0.01647	0.07595	0.02283	0.23746	0.26670	0.14266	0.01641	0.00841	0.00248	0.00532	0.01422	0.00675	0.00708
7	0.01141	0.00719	0.00936	0.01000	0.01132	0.00654	0.00704	0.01320	0.01582	0.08859	0.13704	0.50702	0.10812	0.01985	0.00892	0.00274	0.00425	0.01775	0.00715	0.00671
8	0.01768	0.01840	0.01608	0.08809	0.02105	0.24256	0.01258	0.02326	0.12218	0.02180	0.08112	0.07161	0.02664	0.01382	0.03049	0.00279	0.00897	0.16725	0.00550	0.00812
9	0.01401	0.01169	0.01403	0.01071	0.01589	0.00941	0.00839	0.01691	0.01422	0.02193	0.01467	0.01951	0.01305	0.06542	0.12062	0.00319	0.00774	0.00530	0.00425	0.60907
10	0.04762	0.01615	0.01621	0.06547	0.06921	0.14064	0.01129	0.07120	0.01757	0.02337	0.04325	0.16871	0.04034	0.01062	0.00699	0.00200	0.00721	0.00887	0.00502	0.22827
11	0.10506	0.04671	0.01722	0.05289	0.10550	0.11438	0.01204	0.05887	0.01650	0.08053	0.02038	0.15766	0.01947	0.01901	0.13750	0.00403	0.00986	0.00886	0.00502	0.00851
12	0.04782	0.01006	0.01165	0.01050	0.01256	0.01033	0.00749	0.11097	0.01515	0.02158	0.02125	0.09353	0.02210	0.33144	0.15015	0.00595	0.00898	0.00933	0.00493	0.09423
13	0.01824	0.11831	0.04519	0.01244	0.01647	0.01330	0.03239	0.02121	0.01648	0.17170	0.08485	0.08651	0.04754	0.01038	0.00834	0.00211	0.07523	0.00828	0.11720	0.09382
14	0.01636	0.12527	0.10314	0.01376	0.01833	0.12183	0.01237	0.05266	0.06995	0.02161	0.02614	0.07338	0.11458	0.01566	0.08647	0.00319	0.00905	0.03615	0.00485	0.07525
15	0.07261	0.11625	0.07704	0.01308	0.01775	0.04205	0.03998	0.04264	0.01594	0.04680	0.02521	0.03254	0.11389	0.07290	0.00997	0.00252	0.03270	0.07326	0.00485	0.14801

[dist]
# distance from previous block
# <min> <max>
12	80

[block]
# block no. 5 follows, 28 sequences, length 46
# corresponding to MSA columns:
# 610-655
name=unknown_F
#
# <colnr> <probs for GDERKNQSTAVLIFYWHMCP>
#	G	D	E	R	K	N	Q	S	T	A	V	L	I	F	Y	W	H	M	C	P
0	0.11522	0.03881	0.11560	0.01746	0.09069	0.13145	0.01398	0.07859	0.01924	0.14805	0.10352	0.02429	0.05457	0.00904	0.00693	0.00218	0.00790	0.00710	0.00563	0.00976
1	0.02273	0.01753	0.08787	0.10230	0.11454	0.07441	0.01498	0.05225	0.06491	0.26651	0.02183	0.06440	0.01669	0.03604	0.00840	0.00246	0.00794	0.00762	0.00607	0.01051
2	0.10472	0.20362	0.05555	0.01240	0.01635	0.04300	0.01078	0.05780	0.01616	0.08100	0.02515	0.21461	0.07178	0.01244	0.00767	0.00230	0.04099	0.00996	0.00530	0.00842
3	0.01906	0.10351	0.08141	0.02511	0.21485	0.15382	0.09591	0.02287	0.01716	0.04639	0.01855	0.02081	0.07008	0.00768	0.00691	0.00202	0.00924	0.00662	0.00407	0.07395
4	0.05127	0.08435	0.01833	0.01409	0.01816	0.14103	0.01116	0.14869	0.08383	0.15628	0.02358	0.17442	0.02111	0.01140	0.00725	0.00228	0.00743	0.00923	0.00638	0.00974
5	0.05719	0.16670	0.11372	0.04438	0.05225	0.08363	0.08373	0.12616	0.07627	0.04963	0.01500	0.01709	0.01165	0.00862	0.00812	0.05676	0.00882	0.00593	0.00455	0.00980
6	0.05027	0.01889	0.04911	0.02108	0.10414	0.08209	0.09889	0.13234	0.13123	0.06241	0.01765	0.02109	0.01413	0.06173	0.01147	0.00272	0.09844	0.00707	0.00517	0.01007
7	0.01598	0.04975	0.15561	0.04416	0.02329	0.01652	0.07805	0.05737	0.25836	0.02506	0.02066	0.02297	0.01619	0.01827	0.16044	0.00437	0.01067	0.00727	0.00508	0.00992
8	0.01840	0.01693	0.09679	0.03392	0.05000	0.03993	0.01248	0.16473	0.09500	0.07432	0.07652	0.02914	0.06625	0.10082	0.01090	0.00277	0.00709	0.00806	0.03480	0.06115
9	0.01351	0.00735	0.01026	0.01012	0.01073	0.00746	0.00697	0.01303	0.06866	0.04100	0.01722	0.08862	0.01691	0.02308	0.02404	0.61859	0.00607	0.00783	0.00407	0.00448
10	0.01517	0.01405	0.01787	0.24321	0.02733	0.07558	0.01429	0.04365	0.08465	0.01988	0.01604	0.02178	0.01352	0.02218	0.20661	0.03812	0.10724	0.00684	0.00403	0.00796
11	0.00940	0.00721	0.00861	0.00865	0.01041	0.00642	0.00634	0.01185	0.01790	0.02372	0.34673	0.18021	0.30113	0.01758	0.00870	0.00247	0.00366	0.01529	0.00731	0.00642
12	0.02555	0.01703	0.02056	0.01587	0.02105	0.01815	0.05983	0.41130	0.02745	0.15474	0.01974	0.02006	0.01395	0.00868	0.00763	0.00218	0.03088	0.00685	0.10716	0.01132
13	0.01573	0.01496	0.02542	0.40641	0.35506	0.01668	0.02118	0.02033	0.01548	0.02100	0.01327	0.01873	0.01055	0.00690	0.00723	0.00230	0.00919	0.00647	0.00340	0.00969
14	0.00926	0.00705	0.00852	0.00886	0.01041	0.00631	0.00638	0.01147	0.01710	0.02257	0.27727	0.27875	0.27257	0.01858	0.00880	0.00256	0.00377	0.01629	0.00718	0.00631
15	0.01648	0.01140	0.01300	0.01229	0.01538	0.01211	0.00987	0.05631	0.25177	0.08567	0.03383	0.06661	0.07928	0.01299	0.00776	0.00252	0.00550	0.15858	0.13956	0.00908
16	0.19290	0.02032	0.01931	0.01537	0.02071	0.08490	0.01256	0.47492	0.02824	0.04040	0.01530	0.01584	0.01112	0.00819	0.00661	0.00217	0.00796	0.00581	0.00635	0.01103
17	0.00970	0.00675	0.00854	0.00964	0.01003	0.00651	0.00637	0.01070	0.01300	0.01729	0.03398	0.44283	0.04003	0.27278	0.01895	0.00441	0.00541	0.07169	0.00593	0.00545
18	0.02023	0.01538	0.01543	0.01339	0.01754	0.07504	0.01051	0.09231	0.30685	0.14411	0.03620	0.03383	0.16515	0.01125	0.00755	0.00235	0.00623	0.00914	0.00720	0.01031
19	0.02015	0.01664	0.01760	0.01521	0.01969	0.01904	0.01201	0.17621	0.54512	0.03374	0.02696	0.02503	0.02006	0.00962	0.00737	0.00240	0.00624	0.00786	0.00737	0.01169
20	0.01761	0.01533	0.01396	0.01285	0.01602	0.13576	0.00974	0.08229	0.16342	0.07786	0.03737	0.18294	0.17723	0.01392	0.00790	0.00242	0.00650	0.01160	0.00658	0.00871
21	0.01158	0.00968	0.01355	0.01347	0.01409	0.01165	0.01051	0.01347	0.01299	0.01829	0.02674	0.30274	0.02994	0.02595	0.15724	0.00484	0.22080	0.09064	0.00512	0.00672
22	0.01373	0.01292	0.02180	0.72707	0.05006	0.01615	0.02019	0.01857	0.01453	0.01857	0.01292	0.01938	0.00969	0.00727	0.00727	0.00242	0.00969	0.00646	0.00323	0.00807
23	0.01411	0.03206	0.55903	0.02031	0.02946	0.01566	0.08375	0.02144	0.01534	0.02249	0.01656	0.10576	0.01421	0.00881	0.00735	0.00240	0.01007	0.00757	0.00358	0.01006
24	0.01032	0.00705	0.00848	0.00871	0.00893	0.00716	0.00532	0.01082	0.01116	0.01505	0.02477	0.13823	0.02828	0.55866	0.12061	0.00709	0.00827	0.01157	0.00465	0.00487
25	0.02080	0.02188	0.02756	0.08762	0.07588	0.20175	0.22023	0.13855	0.02109	0.02592	0.07299	0.02038	0.01572	0.00783	0.00760	0.00221	0.01048	0.00725	0.00466	0.00960
26	0.33370	0.01193	0.01266	0.01070	0.01499	0.01230	0.00872	0.02544	0.01590	0.28807	0.01979	0.02021	0.01404	0.01222	0.07105	0.00305	0.00683	0.00594	0.10314	0.00933
27	0.00905	0.00645	0.00856	0.01017	0.01063	0.00606	0.00686	0.01035	0.01390	0.01850	0.03926	0.68159	0.04688	0.05360	0.01050	0.00314	0.00445	0.04753	0.00664	0.00587
28	0.01173	0.00785	0.01002	0.06632	0.01376	0.00808	0.00823	0.01395	0.01397	0.01980	0.02799	0.08122	0.02932	0.27084	0.01821	0.00421	0.00626	0.21452	0.16774	0.00598
29	0.08595	0.02125	0.02043	0.01681	0.02166	0.16958	0.04761	0.35142	0.02615	0.05608	0.01821	0.02398	0.01493	0.00951	0.00729	0.00227	0.00893	0.08150	0.00609	0.01036
30	0.00984	0.00708	0.00890	0.00981	0.01073	0.00671	0.00700	0.01148	0.01464	0.01927	0.10019	0.32545	0.12430	0.17708	0.01526	0.00379	0.00514	0.13113	0.00635	0.00584
31	0.01647	0.01578	0.06813	0.17218	0.12091	0.01354	0.04252	0.04559	0.01625	0.05214	0.01395	0.01712	0.01091	0.00636	0.00644	0.00175	0.00756	0.00554	0.00418	0.36269
32	0.02070	0.29442	0.05401	0.04473	0.08096	0.17286	0.04604	0.08210	0.01760	0.02085	0.01183	0.01458	0.01005	0.00806	0.00823	0.03520	0.05965	0.00517	0.00371	0.00927
33	0.01359	0.00999	0.01202	0.01203	0.01417	0.01014	0.00936	0.15513	0.01931	0.02537	0.03878	0.34033	0.11598	0.01855	0.00895	0.00282	0.00559	0.17350	0.00685	0.00752
34	0.01655	0.01162	0.01391	0.01129	0.01587	0.00988	0.00875	0.07839	0.01730	0.10880	0.02460	0.20686	0.04692	0.01114	0.00693	0.00186	0.00536	0.00955	0.00589	0.38854
35	0.00880	0.00655	0.00820	0.00951	0.01038	0.00596	0.00648	0.01019	0.01450	0.01879	0.04747	0.59208	0.19102	0.02181	0.00913	0.00284	0.00410	0.01949	0.00675	0.00596
36	0.01613	0.01349	0.02236	0.08765	0.32133	0.01331	0.06761	0.01982	0.01684	0.08167	0.08591	0.11660	0.08459	0.01062	0.00783	0.00235	0.00732	0.00990	0.00512	0.00955
37	0.02313	0.23132	0.07661	0.01991	0.10984	0.23322	0.01544	0.14120	0.02047	0.04603	0.01304	0.01465	0.01044	0.00723	0.00628	0.00192	0.00971	0.00516	0.00430	0.01008
38	0.01795	0.07090	0.19367	0.02343	0.13988	0.04708	0.10251	0.09006	0.01746	0.04999	0.01559	0.05208	0.01302	0.01155	0.05792	0.00297	0.07271	0.00702	0.00418	0.01003
39	0.00887	0.00696	0.00806	0.00888	0.01041	0.00615	0.00638	0.01054	0.01542	0.01928	0.05717	0.36242	0.37953	0.02040	0.00897	0.00272	0.00407	0.05096	0.00675	0.00606
40	0.00999	0.00744	0.00914	0.00992	0.01097	0.00722	0.00682	0.01311	0.07285	0.02053	0.12188	0.45881	0.10571	0.09585	0.01187	0.00321	0.00450	0.01711	0.00671	0.00637
41	0.05547	0.01669	0.16419	0.08984	0.05412	0.01283	0.03963	0.04519	0.06254	0.02509	0.02149	0.08791	0.01885	0.00999	0.00691	0.00229	0.00702	0.05846	0.21284	0.00863
42	0.04374	0.01169	0.01574	0.08507	0.12708	0.01196	0.01161	0.04755	0.09392	0.06799	0.19967	0.09881	0.06149	0.04654	0.00909	0.00253	0.00592	0.01017	0.00617	0.04326
43	0.07150	0.10867	0.05584	0.01795	0.07559	0.04387	0.07375	0.20842	0.02109	0.04744	0.06231	0.01992	0.01570	0.01208	0.07135	0.00291	0.00905	0.00652	0.00517	0.07085
44	0.10290	0.01765	0.10819	0.08916	0.04873	0.04340	0.05538	0.08009	0.01767	0.06325	0.06943	0.04269	0.01725	0.00830	0.00678	0.00205	0.00757	0.02583	0.00493	0.18876
45	0.18123	0.06598	0.18582	0.12395	0.09112	0.01745	0.01701	0.10271	0.03496	0.02708	0.01448	0.01897	0.01159	0.00771	0.00649	0.00224	0.00823	0.03616	0.00431	0.04250

[dist]
# distance from previous block
# <min> <max>
0	175

[block]
# block no. 6 follows, 28 sequences, length 69
# corresponding to MSA columns:
# 850-918
name=unknown_G
#
# <colnr> <probs for GDERKNQSTAVLIFYWHMCP>
#	G	D	E	R	K	N	Q	S	T	A	V	L	I	F	Y	W	H	M	C	P
0	0.03777	0.04435	0.03828	0.04161	0.04753	0.06262	0.04110	0.01935	0.09562	0.02114	0.02138	0.11001	0.02005	0.07433	0.18734	0.00494	0.01023	0.00871	0.07950	0.03413
1	0.09074	0.04036	0.17768	0.03862	0.04314	0.04004	0.07358	0.04634	0.01639	0.02430	0.07528	0.16250	0.05005	0.01120	0.00727	0.00234	0.00738	0.00968	0.07461	0.00847
2	0.17739	0.08253	0.15747	0.11634	0.04771	0.01710	0.09548	0.01989	0.01425	0.02288	0.01527	0.10194	0.01397	0.00921	0.00838	0.00242	0.07770	0.00744	0.00393	0.00872
3	0.13569	0.07244	0.02182	0.10787	0.04519	0.04447	0.13055	0.04515	0.05726	0.02255	0.01758	0.02443	0.03626	0.13483	0.04101	0.00349	0.03959	0.00733	0.00429	0.00820
4	0.03866	0.00799	0.01011	0.03341	0.01266	0.00825	0.00802	0.01244	0.01430	0.01976	0.06423	0.34164	0.11187	0.10545	0.01315	0.00334	0.05279	0.10164	0.03407	0.00620
5	0.01409	0.04777	0.07120	0.06405	0.13773	0.01278	0.01282	0.06880	0.01672	0.02324	0.16561	0.03213	0.02726	0.13763	0.13261	0.00461	0.00922	0.00863	0.00495	0.00816
6	0.00875	0.00737	0.00758	0.00753	0.00991	0.00620	0.00564	0.01073	0.01693	0.02050	0.13014	0.06853	0.63920	0.01809	0.00859	0.00244	0.00366	0.01514	0.00686	0.00620
7	0.01660	0.01382	0.01589	0.01149	0.01787	0.01125	0.00924	0.09795	0.01739	0.02637	0.01347	0.01536	0.01096	0.00579	0.00561	0.00121	0.00570	0.00458	0.00467	0.69477
8	0.01797	0.11046	0.18421	0.02086	0.14110	0.04319	0.01694	0.10349	0.13342	0.02639	0.04937	0.05173	0.01684	0.00851	0.00691	0.00216	0.00802	0.00699	0.00490	0.04653
9	0.02059	0.01282	0.01935	0.02203	0.20967	0.01228	0.03828	0.04605	0.04380	0.24422	0.05298	0.17604	0.02501	0.01170	0.00788	0.00242	0.00664	0.03145	0.00656	0.01023
10	0.00886	0.00633	0.00843	0.01012	0.01054	0.00590	0.00675	0.01012	0.01392	0.01856	0.04006	0.73979	0.04808	0.02277	0.00928	0.00295	0.00422	0.02066	0.00675	0.00590
11	0.01564	0.01623	0.05388	0.28471	0.25767	0.01709	0.09940	0.02012	0.01516	0.02092	0.01407	0.04600	0.01189	0.00804	0.00926	0.00244	0.08734	0.00721	0.00353	0.00943
12	0.01891	0.07571	0.20375	0.08303	0.20930	0.11242	0.01939	0.04566	0.03977	0.06525	0.01570	0.05092	0.01282	0.00789	0.00697	0.00219	0.00935	0.00654	0.00415	0.01027
13	0.01858	0.01627	0.05015	0.16463	0.18402	0.01668	0.01623	0.17568	0.10061	0.05051	0.08152	0.02508	0.05008	0.00899	0.00743	0.00229	0.00766	0.00770	0.00554	0.01034
14	0.00928	0.00660	0.00822	0.00933	0.00980	0.00622	0.00604	0.01026	0.01325	0.01748	0.03823	0.50658	0.09344	0.21063	0.01645	0.00398	0.00491	0.01761	0.00614	0.00553
15	0.08525	0.02477	0.34826	0.01931	0.06660	0.01600	0.04051	0.01977	0.01404	0.02196	0.01565	0.08862	0.01439	0.06248	0.01194	0.00284	0.12731	0.00745	0.00373	0.00911
16	0.02413	0.08883	0.09083	0.04940	0.05134	0.13735	0.09500	0.20757	0.02256	0.13842	0.01646	0.01753	0.01188	0.00769	0.00704	0.00214	0.00943	0.00624	0.00542	0.01074
17	0.01522	0.01301	0.01564	0.11131	0.11226	0.06678	0.01189	0.09005	0.01810	0.05101	0.03590	0.21106	0.19055	0.01405	0.00803	0.00245	0.00662	0.01212	0.00576	0.00821
18	0.01038	0.00779	0.01168	0.01168	0.01298	0.00909	0.00909	0.01298	0.01168	0.01687	0.01947	0.02856	0.01817	0.05452	0.71573	0.01168	0.01947	0.00779	0.00389	0.00649
19	0.02715	0.03464	0.02060	0.01873	0.02247	0.71536	0.01404	0.02903	0.02060	0.01779	0.01124	0.01311	0.00936	0.00749	0.00655	0.00187	0.01311	0.00468	0.00375	0.00843
20	0.02489	0.07504	0.02277	0.01824	0.08751	0.06575	0.07249	0.10556	0.04162	0.27889	0.01975	0.01962	0.01389	0.00766	0.00688	0.00202	0.00770	0.00641	0.00624	0.11707
21	0.11735	0.01617	0.01765	0.01408	0.01897	0.01752	0.01153	0.38657	0.02596	0.14120	0.01895	0.01968	0.01371	0.01299	0.07610	0.00309	0.00823	0.00649	0.06289	0.01085
22	0.01716	0.01961	0.04289	0.03064	0.03799	0.01838	0.67279	0.02328	0.01716	0.02328	0.01471	0.01961	0.01103	0.00613	0.00858	0.00245	0.01225	0.00858	0.00368	0.00980
23	0.00937	0.00669	0.00902	0.01070	0.01135	0.00634	0.00763	0.01100	0.01442	0.01913	0.03978	0.62241	0.04696	0.02229	0.00941	0.00302	0.00466	0.13301	0.00674	0.00605
24	0.02005	0.10697	0.11312	0.24622	0.03172	0.01815	0.04467	0.16158	0.01980	0.11328	0.01610	0.01852	0.01164	0.00763	0.00688	0.00220	0.00864	0.00624	0.03655	0.01006
25	0.03217	0.01308	0.01731	0.01327	0.01891	0.01173	0.01096	0.09203	0.02199	0.64595	0.02768	0.02410	0.01750	0.00897	0.00731	0.00224	0.00635	0.00724	0.00884	0.01237
26	0.00876	0.00670	0.00804	0.00912	0.01028	0.00599	0.00630	0.01023	0.01488	0.01895	0.05229	0.49591	0.28407	0.02118	0.00903	0.00277	0.00402	0.01873	0.00675	0.00599
27	0.02230	0.09402	0.11060	0.15534	0.02863	0.34529	0.01670	0.10264	0.01984	0.02189	0.01243	0.01500	0.00976	0.00740	0.00665	0.00204	0.01105	0.00526	0.00392	0.00921
28	0.02320	0.24177	0.14494	0.01671	0.02257	0.32907	0.01550	0.02644	0.01800	0.08088	0.01281	0.01413	0.01011	0.00715	0.00613	0.00189	0.01051	0.00481	0.00392	0.00945
29	0.02114	0.01431	0.01511	0.01237	0.01633	0.01557	0.00996	0.36282	0.05668	0.03706	0.02071	0.02204	0.01551	0.00867	0.00634	0.00199	0.00592	0.00672	0.34081	0.00993
30	0.00925	0.00710	0.00947	0.07481	0.01401	0.00687	0.00776	0.01094	0.01442	0.01874	0.04330	0.56054	0.15469	0.02062	0.00898	0.00282	0.00462	0.01847	0.00643	0.00614
31	0.01728	0.01701	0.02620	0.03452	0.44430	0.06711	0.07805	0.02194	0.04466	0.02321	0.03982	0.07552	0.01822	0.00900	0.00766	0.00232	0.00856	0.05001	0.00435	0.01026
32	0.01704	0.01658	0.01551	0.01392	0.01684	0.18602	0.03697	0.11848	0.01961	0.02394	0.11294	0.12584	0.10751	0.02013	0.13118	0.00392	0.00983	0.01018	0.00562	0.00793
33	0.01989	0.18210	0.14083	0.02059	0.02736	0.10085	0.20852	0.11373	0.07171	0.02491	0.01459	0.01675	0.01124	0.00708	0.00696	0.00213	0.01005	0.00629	0.00425	0.01018
34	0.79588	0.01406	0.01068	0.00956	0.01406	0.01631	0.00787	0.02137	0.01237	0.03261	0.01012	0.01181	0.00787	0.00675	0.00450	0.00225	0.00562	0.00394	0.00450	0.00787
35	0.00909	0.00738	0.00805	0.00788	0.01012	0.00635	0.00591	0.01139	0.01774	0.02241	0.25487	0.06539	0.51328	0.01737	0.00859	0.00241	0.00361	0.01470	0.00712	0.00635
36	0.02052	0.01683	0.01781	0.01529	0.01983	0.01922	0.01210	0.20104	0.51967	0.03434	0.02649	0.02465	0.01968	0.00957	0.00736	0.00239	0.00633	0.00779	0.00736	0.01172
37	0.00886	0.00633	0.00843	0.01012	0.01054	0.00590	0.00675	0.01012	0.01392	0.01856	0.04006	0.73979	0.04808	0.02277	0.00928	0.00295	0.00422	0.02066	0.00675	0.00590
38	0.00859	0.00736	0.00736	0.00736	0.00982	0.00614	0.00552	0.01043	0.01657	0.01964	0.07364	0.06996	0.69624	0.01841	0.00859	0.00245	0.00368	0.01534	0.00675	0.00614
39	0.01716	0.01961	0.04289	0.03064	0.03799	0.01838	0.67279	0.02328	0.01716	0.02328	0.01471	0.01961	0.01103	0.00613	0.00858	0.00245	0.01225	0.00858	0.00368	0.00980
40	0.79588	0.01406	0.01068	0.00956	0.01406	0.01631	0.00787	0.02137	0.01237	0.03261	0.01012	0.01181	0.00787	0.00675	0.00450	0.00225	0.00562	0.00394	0.00450	0.00787
41	0.01507	0.01292	0.01507	0.01077	0.01723	0.00969	0.00861	0.01830	0.01507	0.02369	0.01292	0.01507	0.01077	0.00538	0.00538	0.00108	0.00538	0.00431	0.00431	0.78898
42	0.01507	0.01292	0.01507	0.01077	0.01723	0.00969	0.00861	0.01830	0.01507	0.02369	0.01292	0.01507	0.01077	0.00538	0.00538	0.00108	0.00538	0.00431	0.00431	0.78898
43	0.79588	0.01406	0.01068	0.00956	0.01406	0.01631	0.00787	0.02137	0.01237	0.03261	0.01012	0.01181	0.00787	0.00675	0.00450	0.00225	0.00562	0.00394	0.00450	0.00787
44	0.01808	0.01561	0.01644	0.01479	0.01890	0.01808	0.01151	0.03863	0.68606	0.03041	0.02959	0.02712	0.02219	0.00986	0.00740	0.00247	0.00575	0.00822	0.00740	0.01151
45	0.79588	0.01406	0.01068	0.00956	0.01406	0.01631	0.00787	0.02137	0.01237	0.03261	0.01012	0.01181	0.00787	0.00675	0.00450	0.00225	0.00562	0.00394	0.00450	0.00787
46	0.01799	0.01727	0.02950	0.04462	0.69919	0.01727	0.02231	0.02231	0.01655	0.02375	0.01367	0.01799	0.01151	0.00648	0.00720	0.00216	0.00864	0.00648	0.00360	0.01151
