[name]
unknown

[dist]
# distance from previous block
# <min> <max>
0	99

[block]
# block no. 0 follows, 29 sequences, length 32
# corresponding to MSA columns:
# 99-130
name=unknown_A
#
# <colnr> <probs for GDERKNQSTAVLIFYWHMCP>
#	G	D	E	R	K	N	Q	S	T	A	V	L	I	F	Y	W	H	M	C	P
0	0.10653	0.01137	0.01520	0.01714	0.12239	0.01145	0.01212	0.04211	0.04004	0.13834	0.08819	0.04717	0.02950	0.01316	0.00804	0.00264	0.00637	0.27320	0.00637	0.00869
1	0.01644	0.01499	0.02272	0.12526	0.22327	0.01419	0.07493	0.06546	0.01659	0.02397	0.01334	0.01676	0.01074	0.00614	0.00646	0.00175	0.00758	0.00567	0.00401	0.32973
2	0.01229	0.00712	0.00954	0.01034	0.01155	0.00651	0.00721	0.01376	0.01468	0.12560	0.03752	0.63321	0.04252	0.02021	0.00879	0.00278	0.00443	0.01821	0.00695	0.00677
3	0.00889	0.00640	0.00843	0.00967	0.01036	0.00594	0.00659	0.01049	0.01477	0.01989	0.14749	0.61141	0.07138	0.02092	0.00896	0.00277	0.00399	0.01888	0.00681	0.00594
4	0.01450	0.01539	0.07545	0.30779	0.24531	0.01494	0.06034	0.01921	0.01599	0.02200	0.11994	0.02359	0.01905	0.00794	0.00735	0.00226	0.00845	0.00740	0.00402	0.00908
5	0.00959	0.00720	0.00851	0.00822	0.00987	0.00652	0.00593	0.01193	0.01738	0.02329	0.39527	0.05706	0.26353	0.12978	0.01273	0.00302	0.00399	0.01317	0.00690	0.00612
6	0.01766	0.01498	0.01765	0.01535	0.01828	0.01808	0.01232	0.14099	0.31031	0.02735	0.02071	0.02253	0.01651	0.01692	0.12192	0.00393	0.18169	0.00727	0.00571	0.00983
7	0.01477	0.01266	0.01477	0.01055	0.01687	0.00949	0.00844	0.01793	0.01477	0.02320	0.01266	0.01477	0.01055	0.00527	0.00527	0.00105	0.00527	0.00422	0.00422	0.79328
8	0.01721	0.14466	0.48518	0.01862	0.02764	0.01850	0.04616	0.07790	0.01686	0.06363	0.01364	0.01533	0.00986	0.00690	0.00654	0.00213	0.00964	0.00536	0.00372	0.01050
9	0.01731	0.14988	0.09173	0.07926	0.48064	0.01882	0.02040	0.02159	0.01567	0.02172	0.01267	0.01637	0.01058	0.00639	0.00659	0.00204	0.00856	0.00579	0.00337	0.01062
10	0.01814	0.01497	0.01456	0.01296	0.01612	0.12894	0.01002	0.02608	0.21937	0.11663	0.27613	0.03356	0.03566	0.01108	0.00806	0.00225	0.03033	0.00910	0.00695	0.00907
11	0.00853	0.00675	0.00769	0.00844	0.00994	0.00591	0.00596	0.01008	0.01505	0.01875	0.05715	0.37671	0.40394	0.01998	0.00872	0.00263	0.00385	0.01740	0.00661	0.00591
12	0.01428	0.03683	0.71286	0.02030	0.03082	0.01654	0.02631	0.02255	0.01503	0.02255	0.01278	0.01503	0.00902	0.00677	0.00677	0.00226	0.01052	0.00526	0.00301	0.01052
13	0.01009	0.00695	0.00769	0.00769	0.00802	0.00678	0.00447	0.01034	0.01117	0.01456	0.02932	0.04963	0.11955	0.64845	0.03239	0.00628	0.00645	0.01100	0.00463	0.00455
14	0.01469	0.01641	0.12312	0.01206	0.01904	0.01059	0.01121	0.01865	0.01481	0.02310	0.01268	0.01481	0.01031	0.00550	0.00550	0.00124	0.00609	0.00438	0.00403	0.67178
15	0.01274	0.00742	0.00982	0.01010	0.01154	0.00683	0.00720	0.01456	0.01567	0.12720	0.15352	0.43845	0.04430	0.07376	0.01074	0.00298	0.00457	0.03475	0.00699	0.00684
16	0.01344	0.01021	0.01566	0.01309	0.01607	0.00976	0.11186	0.01867	0.08391	0.07879	0.44574	0.07831	0.04930	0.01272	0.00823	0.00231	0.00516	0.01166	0.00714	0.00796
17	0.01265	0.00985	0.01249	0.01234	0.01350	0.01090	0.00913	0.11534	0.01627	0.02215	0.03098	0.51425	0.03557	0.01858	0.01109	0.00281	0.12306	0.01583	0.00613	0.00709
18	0.13285	0.00828	0.00977	0.00960	0.01083	0.00917	0.00682	0.01301	0.01110	0.01779	0.01904	0.03314	0.01959	0.33463	0.32632	0.00813	0.01193	0.00817	0.00411	0.00572
19	0.02295	0.01701	0.02214	0.01736	0.02269	0.01812	0.11986	0.25314	0.25562	0.13940	0.02246	0.02181	0.01607	0.00856	0.00738	0.00229	0.00748	0.00741	0.00686	0.01142
20	0.02293	0.01749	0.02194	0.01645	0.02240	0.06012	0.11505	0.25549	0.02291	0.14140	0.01688	0.01768	0.01219	0.00724	0.00679	0.00188	0.00782	0.00614	0.00585	0.22135
21	0.01655	0.01215	0.01391	0.01216	0.01517	0.01270	0.00941	0.28491	0.02365	0.03198	0.21437	0.22508	0.06963	0.01435	0.00806	0.00238	0.00540	0.01232	0.00716	0.00863
22	0.01829	0.01827	0.02010	0.01696	0.02130	0.12910	0.11494	0.03192	0.42921	0.02593	0.02711	0.02641	0.06950	0.00936	0.00738	0.00232	0.00762	0.00808	0.00606	0.01013
23	0.01644	0.01160	0.01707	0.01395	0.01762	0.01142	0.11683	0.02361	0.15888	0.13652	0.30051	0.03587	0.03764	0.01085	0.00775	0.00226	0.00566	0.00985	0.05670	0.00899
24	0.01583	0.01929	0.14005	0.01508	0.02023	0.10275	0.06311	0.04361	0.12258	0.02486	0.16007	0.04940	0.04772	0.00951	0.00715	0.00206	0.00733	0.00808	0.00535	0.13593
25	0.00905	0.00657	0.00857	0.00974	0.01058	0.00609	0.00682	0.01079	0.01504	0.02012	0.14864	0.54340	0.09953	0.02058	0.00897	0.00277	0.00411	0.05582	0.00681	0.00600
26	0.01503	0.01394	0.02101	0.13676	0.29189	0.01531	0.01631	0.02077	0.10883	0.02190	0.02440	0.05420	0.10561	0.01015	0.00929	0.00241	0.09061	0.02770	0.00455	0.00932
27	0.00866	0.00625	0.00821	0.00979	0.01029	0.00579	0.00655	0.00993	0.01376	0.01823	0.04082	0.71282	0.07836	0.02210	0.00906	0.00287	0.00411	0.01999	0.00661	0.00579
28	0.01469	0.03422	0.61899	0.02268	0.08222	0.01666	0.06701	0.02251	0.01523	0.02262	0.01293	0.01549	0.00930	0.00669	0.00689	0.00225	0.01046	0.00554	0.00308	0.01052
29	0.02660	0.03394	0.02018	0.01834	0.02201	0.72116	0.01376	0.02843	0.02018	0.01743	0.01101	0.01284	0.00917	0.00734	0.00642	0.00183	0.01284	0.00459	0.00367	0.00825
30	0.01074	0.00872	0.00994	0.00915	0.01191	0.00780	0.00690	0.01481	0.07930	0.02324	0.22584	0.12088	0.29374	0.01477	0.00788	0.00220	0.00404	0.01265	0.00663	0.12886
31	0.02412	0.01796	0.02024	0.01617	0.02070	0.02051	0.01327	0.42836	0.13570	0.08535	0.01860	0.01890	0.01363	0.00935	0.00967	0.00234	0.12049	0.00670	0.00664	0.01130

[dist]
# distance from previous block
# <min> <max>
0	1

[block]
# block no. 1 follows, 29 sequences, length 43
# corresponding to MSA columns:
# 132-174
name=unknown_B
#
# <colnr> <probs for GDERKNQSTAVLIFYWHMCP>
#	G	D	E	R	K	N	Q	S	T	A	V	L	I	F	Y	W	H	M	C	P
0	0.05030	0.33603	0.06550	0.01505	0.02075	0.07512	0.04414	0.17056	0.01921	0.04503	0.01260	0.01414	0.01016	0.00719	0.00674	0.00188	0.04904	0.00500	0.00431	0.04726
1	0.01686	0.01983	0.17121	0.18671	0.06232	0.01645	0.05296	0.13090	0.11426	0.02655	0.04167	0.01969	0.01398	0.00763	0.00699	0.00216	0.00832	0.00650	0.00468	0.09033
2	0.01547	0.01379	0.01529	0.01646	0.11364	0.08454	0.01043	0.05416	0.12616	0.02135	0.08146	0.03260	0.02328	0.28901	0.01930	0.00403	0.05774	0.00855	0.00500	0.00773
3	0.01206	0.00772	0.01015	0.00929	0.01132	0.00706	0.00706	0.01537	0.02018	0.09040	0.64048	0.05056	0.06269	0.01404	0.00829	0.00224	0.00360	0.01236	0.00793	0.00721
4	0.03195	0.01212	0.01652	0.01267	0.01818	0.01047	0.01047	0.03470	0.02038	0.71026	0.02809	0.02424	0.01763	0.00881	0.00716	0.00220	0.00606	0.00716	0.00881	0.01212
5	0.01034	0.00698	0.00814	0.00814	0.00827	0.00711	0.00478	0.01060	0.01047	0.01409	0.02209	0.04469	0.02506	0.67839	0.10647	0.00737	0.00815	0.01008	0.00426	0.00452
6	0.01762	0.01692	0.02890	0.04371	0.70533	0.01692	0.02185	0.02185	0.01621	0.02326	0.01339	0.01762	0.01128	0.00634	0.00705	0.00211	0.00846	0.00634	0.00352	0.01128
7	0.00842	0.00721	0.00721	0.00721	0.00962	0.00601	0.00541	0.01022	0.01623	0.01924	0.07213	0.06853	0.70244	0.01803	0.00842	0.00240	0.00361	0.01503	0.00661	0.00601
8	0.01762	0.01692	0.02890	0.04371	0.70533	0.01692	0.02185	0.02185	0.01621	0.02326	0.01339	0.01762	0.01128	0.00634	0.00705	0.00211	0.00846	0.00634	0.00352	0.01128
9	0.01771	0.01530	0.01610	0.01449	0.01852	0.01771	0.01127	0.03784	0.69247	0.02979	0.02898	0.02657	0.02174	0.00966	0.00725	0.00242	0.00564	0.00805	0.00725	0.01127
10	0.01771	0.01530	0.01610	0.01449	0.01852	0.01771	0.01127	0.03784	0.69247	0.02979	0.02898	0.02657	0.02174	0.00966	0.00725	0.00242	0.00564	0.00805	0.00725	0.01127
11	0.03030	0.01299	0.01685	0.01311	0.01850	0.01199	0.01077	0.08319	0.08220	0.59907	0.02735	0.02392	0.01759	0.00887	0.00717	0.00222	0.00615	0.00719	0.00855	0.01204
12	0.01477	0.01266	0.01477	0.01055	0.01687	0.00949	0.00844	0.01793	0.01477	0.02320	0.01266	0.01477	0.01055	0.00527	0.00527	0.00105	0.00527	0.00422	0.00422	0.79328
13	0.01867	0.01949	0.02599	0.15177	0.46625	0.15225	0.01995	0.02252	0.01665	0.02131	0.01281	0.01693	0.01058	0.00666	0.00694	0.00210	0.00947	0.00600	0.00349	0.01014
14	0.39226	0.01972	0.01599	0.01344	0.01814	0.15372	0.01083	0.24370	0.02083	0.03349	0.01253	0.01366	0.00947	0.00740	0.00570	0.00211	0.00770	0.00485	0.00517	0.00929
15	0.01017	0.00763	0.01144	0.01144	0.01272	0.00890	0.00890	0.01272	0.01144	0.01653	0.01907	0.02797	0.01780	0.05340	0.72153	0.01144	0.01907	0.00763	0.00381	0.00636
16	0.00868	0.00620	0.00826	0.00991	0.01033	0.00578	0.00661	0.00991	0.01363	0.01818	0.03925	0.74510	0.04710	0.02231	0.00909	0.00289	0.00413	0.02024	0.00661	0.00578
17	0.01008	0.00728	0.00952	0.00896	0.01064	0.00672	0.00672	0.01344	0.02016	0.02855	0.70158	0.05319	0.06719	0.01456	0.00840	0.00224	0.00336	0.01288	0.00784	0.00672
18	0.01383	0.01304	0.02204	0.67014	0.10858	0.01592	0.01996	0.01853	0.01442	0.01865	0.01272	0.01886	0.00965	0.00705	0.00711	0.00235	0.00940	0.00633	0.00320	0.00822
19	0.01477	0.01266	0.01477	0.01055	0.01687	0.00949	0.00844	0.01793	0.01477	0.02320	0.01266	0.01477	0.01055	0.00527	0.00527	0.00105	0.00527	0.00422	0.00422	0.79328
20	0.02707	0.01995	0.02137	0.01638	0.02208	0.02208	0.01353	0.68159	0.03348	0.04488	0.01710	0.01710	0.01211	0.00855	0.00712	0.00214	0.00784	0.00641	0.00712	0.01211
21	0.01868	0.01487	0.01584	0.01368	0.01736	0.01674	0.01051	0.19649	0.39340	0.03055	0.02470	0.02801	0.02008	0.15179	0.01279	0.00321	0.00644	0.00808	0.00665	0.01015
22	0.80005	0.01377	0.01047	0.00936	0.01377	0.01597	0.00771	0.02093	0.01212	0.03195	0.00991	0.01157	0.00771	0.00661	0.00441	0.00220	0.00551	0.00386	0.00441	0.00771
23	0.01132	0.00793	0.00978	0.00964	0.01149	0.00750	0.00709	0.01526	0.07511	0.06263	0.33110	0.24092	0.15007	0.01646	0.00842	0.00246	0.00395	0.01448	0.00732	0.00705
24	0.00859	0.00722	0.00745	0.00739	0.00972	0.00608	0.00554	0.01055	0.01663	0.02019	0.13664	0.06696	0.63735	0.01768	0.00841	0.00239	0.00358	0.01481	0.00674	0.00608
25	0.01780	0.02023	0.08688	0.06642	0.19564	0.11743	0.10192	0.04466	0.01664	0.02245	0.01284	0.01617	0.01036	0.00664	0.00746	0.00193	0.04379	0.00573	0.00376	0.20126
26	0.11375	0.01257	0.01733	0.09241	0.02137	0.01195	0.07861	0.04399	0.01740	0.16351	0.14832	0.02467	0.02249	0.00832	0.00674	0.00197	0.00633	0.00717	0.00578	0.19533
27	0.52947	0.01372	0.01396	0.13994	0.06060	0.01587	0.01096	0.04374	0.03715	0.02883	0.01268	0.04315	0.01044	0.00748	0.00542	0.00226	0.00642	0.00533	0.00442	0.00815
28	0.12682	0.07249	0.36794	0.02184	0.06148	0.01757	0.18892	0.02228	0.01509	0.02362	0.01264	0.01551	0.00940	0.00649	0.00673	0.00223	0.00991	0.00582	0.00338	0.00984
29	0.01913	0.01625	0.02002	0.01958	0.11694	0.03803	0.04903	0.12732	0.32888	0.05511	0.07519	0.02451	0.02061	0.00926	0.00817	0.00233	0.04493	0.00773	0.00629	0.01071
30	0.01399	0.01726	0.12356	0.12117	0.11687	0.01426	0.22980	0.01886	0.01587	0.02153	0.05610	0.05469	0.11481	0.01096	0.03624	0.00271	0.00935	0.00899	0.00421	0.00879
31	0.01889	0.20629	0.18815	0.01502	0.02131	0.01979	0.01508	0.21915	0.06788	0.02883	0.09235	0.02144	0.03909	0.00854	0.00659	0.00205	0.00764	0.00658	0.00519	0.01014
32	0.00939	0.00725	0.00857	0.00824	0.01022	0.00643	0.00618	0.01211	0.01854	0.02471	0.44217	0.05951	0.32899	0.01599	0.00841	0.00231	0.00346	0.01376	0.00733	0.00643
33	0.01756	0.01876	0.03728	0.02717	0.03322	0.01892	0.52491	0.08177	0.01748	0.02401	0.01393	0.01850	0.01072	0.00715	0.01041	0.00248	0.11441	0.00791	0.00385	0.00957
34	0.00863	0.00722	0.00751	0.00744	0.00975	0.00610	0.00558	0.01063	0.01674	0.02044	0.15332	0.06655	0.62050	0.01759	0.00841	0.00238	0.00357	0.01475	0.00677	0.00610
35	0.00885	0.00714	0.00787	0.00788	0.00993	0.00616	0.00584	0.01098	0.01695	0.02142	0.22292	0.12616	0.48780	0.01757	0.00847	0.00241	0.00359	0.01498	0.00691	0.00616
36	0.00868	0.00620	0.00826	0.00991	0.01033	0.00578	0.00661	0.00991	0.01363	0.01818	0.03925	0.74510	0.04710	0.02231	0.00909	0.00289	0.00413	0.02024	0.00661	0.00578
37	0.01632	0.01821	0.03925	0.02848	0.03518	0.01712	0.61887	0.02208	0.01677	0.02267	0.01652	0.02475	0.01354	0.00724	0.00853	0.00248	0.01151	0.06728	0.00387	0.00933
38	0.01653	0.01260	0.01495	0.01076	0.01701	0.00959	0.00865	0.01965	0.01534	0.09361	0.01424	0.01574	0.01127	0.00564	0.00547	0.00117	0.00535	0.00452	0.00469	0.71323
39	0.00974	0.00778	0.01165	0.01167	0.01311	0.00711	0.06770	0.01155	0.01409	0.01892	0.03681	0.61139	0.06785	0.01970	0.00879	0.00272	0.00489	0.01806	0.00620	0.05027
40	0.02110	0.01705	0.02183	0.01715	0.02198	0.01838	0.12109	0.35070	0.16068	0.03412	0.02060	0.05681	0.01676	0.07625	0.01009	0.00270	0.00781	0.00809	0.00629	0.01052
41	0.01729	0.17207	0.46950	0.01809	0.02697	0.01969	0.02150	0.13036	0.01795	0.02510	0.01293	0.01468	0.00955	0.00693	0.00640	0.00209	0.00952	0.00517	0.00369	0.01052
42	0.01721	0.01897	0.18887	0.02296	0.21436	0.01412	0.01706	0.02351	0.08331	0.11977	0.15528	0.02588	0.02382	0.00898	0.00785	0.00225	0.03260	0.00767	0.00535	0.01017

[dist]
# distance from previous block
# <min> <max>
3	5

[block]
# block no. 2 follows, 29 sequences, length 14
# corresponding to MSA columns:
# 180-193
name=unknown_C
#
# <colnr> <probs for GDERKNQSTAVLIFYWHMCP>
#	G	D	E	R	K	N	Q	S	T	A	V	L	I	F	Y	W	H	M	C	P
0	0.01820	0.01297	0.01566	0.01247	0.01666	0.01284	0.04229	0.23273	0.02265	0.07018	0.18649	0.02951	0.05627	0.00978	0.00699	0.00196	0.00568	0.00820	0.11114	0.12733
1	0.02683	0.02620	0.02001	0.01694	0.02148	0.38317	0.01324	0.24727	0.05850	0.09495	0.01561	0.01607	0.01161	0.00800	0.00677	0.00200	0.01015	0.00562	0.00550	0.01007
2	0.01835	0.60640	0.03421	0.01349	0.01836	0.02690	0.01286	0.02049	0.01376	0.01683	0.00979	0.01225	0.00918	0.00737	0.00833	0.00184	0.15338	0.00429	0.00306	0.00887
3	0.01442	0.01365	0.02311	0.57279	0.20131	0.01608	0.02026	0.01904	0.01470	0.01937	0.01283	0.01867	0.00991	0.00694	0.00710	0.00231	0.00925	0.00633	0.00325	0.00869
4	0.01036	0.00690	0.00777	0.00777	0.00777	0.00690	0.00431	0.01036	0.01036	0.01381	0.02244	0.04660	0.02589	0.74975	0.03624	0.00690	0.00690	0.01036	0.00431	0.00431
5	0.01056	0.00922	0.01609	0.01458	0.01657	0.00862	0.16273	0.01291	0.01437	0.01925	0.03348	0.57668	0.03868	0.01853	0.00893	0.00278	0.00596	0.01750	0.00591	0.00667
6	0.00936	0.00725	0.00852	0.00821	0.01020	0.00641	0.00615	0.01205	0.01846	0.02454	0.43019	0.05980	0.34108	0.01606	0.00841	0.00231	0.00347	0.01380	0.00731	0.00641
7	0.01681	0.01921	0.04202	0.03001	0.03721	0.01801	0.67947	0.02281	0.01681	0.02281	0.01441	0.01921	0.01080	0.00600	0.00840	0.00240	0.01200	0.00840	0.00360	0.00960
8	0.01960	0.01279	0.01408	0.01194	0.01543	0.01376	0.00934	0.21034	0.15558	0.10323	0.02289	0.02586	0.01795	0.09091	0.04074	0.00300	0.00642	0.00736	0.20934	0.00943
9	0.01396	0.01145	0.01286	0.01223	0.01491	0.01257	0.00921	0.02608	0.38959	0.02683	0.17680	0.19904	0.03745	0.01365	0.00792	0.00249	0.00479	0.01192	0.00723	0.00901
10	0.02063	0.01693	0.01507	0.01324	0.01684	0.19391	0.01014	0.02635	0.14753	0.17148	0.12735	0.06399	0.05373	0.04139	0.00844	0.00234	0.00712	0.00849	0.00642	0.04860
11	0.01163	0.00746	0.00932	0.00882	0.01068	0.00708	0.00664	0.01454	0.01754	0.06334	0.38218	0.04613	0.12270	0.04892	0.08598	0.00336	0.00538	0.01115	0.13037	0.00679
12	0.02089	0.33730	0.05754	0.01271	0.01845	0.01946	0.01176	0.08995	0.04030	0.15635	0.07204	0.01894	0.01641	0.00762	0.00591	0.00179	0.00680	0.00572	0.00523	0.09483
13	0.02595	0.11163	0.02283	0.01659	0.02161	0.27236	0.01345	0.37045	0.02649	0.03176	0.01407	0.01491	0.01071	0.00783	0.00657	0.00196	0.00960	0.00545	0.00541	0.01038

[dist]
# distance from previous block
# <min> <max>
0	1

[block]
# block no. 3 follows, 29 sequences, length 12
# corresponding to MSA columns:
# 195-206
name=unknown_D
#
# <colnr> <probs for GDERKNQSTAVLIFYWHMCP>
#	G	D	E	R	K	N	Q	S	T	A	V	L	I	F	Y	W	H	M	C	P
0	0.06541	0.36234	0.08657	0.01317	0.01841	0.08581	0.01253	0.02207	0.01602	0.09260	0.07273	0.02124	0.04010	0.00840	0.00648	0.00193	0.03239	0.02842	0.00444	0.00896
1	0.01816	0.10980	0.25080	0.01475	0.02106	0.01543	0.01539	0.02623	0.15005	0.14634	0.09165	0.02327	0.01980	0.00854	0.00672	0.00215	0.00720	0.00686	0.05566	0.01014
2	0.01622	0.01364	0.01879	0.01435	0.01982	0.01225	0.11157	0.02322	0.15457	0.06528	0.05682	0.04607	0.01776	0.00761	0.00658	0.00174	0.00628	0.00686	0.00530	0.39529
3	0.00925	0.00672	0.00873	0.00933	0.01041	0.00620	0.00658	0.01143	0.01657	0.02265	0.32263	0.40673	0.09883	0.01874	0.00875	0.00258	0.00377	0.01677	0.00713	0.00620
4	0.02072	0.16064	0.02097	0.01285	0.01860	0.01695	0.01085	0.16018	0.10560	0.11522	0.01708	0.01730	0.01292	0.00712	0.00601	0.00169	0.00641	0.00545	0.00556	0.27788
5	0.01657	0.01585	0.02701	0.21674	0.54050	0.01664	0.02133	0.02093	0.01572	0.02199	0.01321	0.01797	0.01083	0.00654	0.00707	0.00218	0.00872	0.00634	0.00343	0.01043
6	0.01887	0.44448	0.10625	0.01668	0.02273	0.10506	0.10818	0.02221	0.01529	0.01832	0.01093	0.01333	0.00938	0.00670	0.00676	0.00186	0.05576	0.00485	0.00320	0.00916
7	0.01047	0.01019	0.08339	0.01078	0.01239	0.00829	0.00870	0.01244	0.01215	0.01675	0.02481	0.17526	0.02715	0.30837	0.19828	0.00654	0.00979	0.05369	0.00464	0.00591
8	0.01237	0.00618	0.00928	0.00928	0.00928	0.00618	0.00618	0.00928	0.00928	0.01237	0.01237	0.02165	0.01237	0.02474	0.02783	0.79283	0.00618	0.00618	0.00309	0.00309
9	0.01614	0.01434	0.02190	0.01771	0.02191	0.01480	0.19808	0.11182	0.19759	0.02750	0.10228	0.13687	0.02745	0.01150	0.00811	0.00247	0.00729	0.04680	0.00614	0.00931
10	0.01832	0.08647	0.10218	0.01521	0.02012	0.01887	0.01350	0.12805	0.37981	0.02921	0.05579	0.02309	0.01919	0.00922	0.00786	0.00230	0.04675	0.00722	0.00613	0.01069
11	0.00932	0.00682	0.00876	0.00917	0.01040	0.00626	0.00654	0.01164	0.01705	0.02328	0.36138	0.34085	0.12587	0.01813	0.00869	0.00253	0.00370	0.01615	0.00720	0.00626

[dist]
# distance from previous block
# <min> <max>
0	1

[block]
# block no. 4 follows, 29 sequences, length 25
# corresponding to MSA columns:
# 208-232
name=unknown_E
#
# <colnr> <probs for GDERKNQSTAVLIFYWHMCP>
#	G	D	E	R	K	N	Q	S	T	A	V	L	I	F	Y	W	H	M	C	P
0	0.01696	0.01624	0.02770	0.15381	0.60044	0.01674	0.02152	0.02127	0.01590	0.02245	0.01328	0.01784	0.01099	0.00647	0.00706	0.00216	0.00862	0.00634	0.00347	0.01074
1	0.02284	0.15569	0.18782	0.01701	0.02363	0.13668	0.05633	0.13456	0.01997	0.15591	0.01571	0.01638	0.01133	0.00738	0.00655	0.00203	0.00919	0.00563	0.00495	0.01041
2	0.01841	0.05098	0.11844	0.11889	0.12599	0.06453	0.26217	0.08278	0.01795	0.05000	0.01419	0.01769	0.01068	0.00672	0.00739	0.00223	0.01027	0.00678	0.00396	0.00995
3	0.00886	0.00695	0.00802	0.00835	0.01004	0.00611	0.00604	0.01087	0.01641	0.02106	0.20592	0.25065	0.37854	0.01842	0.00860	0.00250	0.00369	0.01597	0.00689	0.00611
4	0.09263	0.02279	0.27315	0.02051	0.02734	0.01530	0.25813	0.02031	0.01455	0.02202	0.01481	0.02184	0.01255	0.13907	0.01239	0.00313	0.00992	0.00717	0.00360	0.00880
5	0.01677	0.41235	0.35915	0.01605	0.02425	0.02263	0.01891	0.02191	0.01474	0.01951	0.01127	0.01314	0.00908	0.00641	0.00562	0.00187	0.00900	0.00450	0.00303	0.00980
6	0.01598	0.01539	0.02113	0.01954	0.07150	0.01963	0.04005	0.02236	0.17440	0.02093	0.01725	0.02078	0.04246	0.01132	0.01705	0.00281	0.44709	0.00714	0.00430	0.00888
7	0.01447	0.01370	0.02320	0.56416	0.20954	0.01609	0.02028	0.01909	0.01472	0.01943	0.01284	0.01865	0.00993	0.00693	0.00710	0.00231	0.00924	0.00633	0.00325	0.00873
8	0.00868	0.00620	0.00826	0.00991	0.01033	0.00578	0.00661	0.00991	0.01363	0.01818	0.03925	0.74510	0.04710	0.02231	0.00909	0.00289	0.00413	0.02024	0.00661	0.00578
9	0.02379	0.01926	0.01903	0.01529	0.02001	0.10047	0.01233	0.46801	0.05578	0.03835	0.13189	0.02304	0.02141	0.00946	0.00726	0.00213	0.00758	0.00735	0.00685	0.01072
10	0.01008	0.00728	0.00952	0.00896	0.01064	0.00672	0.00672	0.01344	0.02016	0.02855	0.70158	0.05319	0.06719	0.01456	0.00840	0.00224	0.00336	0.01288	0.00784	0.00672
11	0.07796	0.01419	0.04093	0.01180	0.01546	0.06619	0.00967	0.15644	0.04802	0.06436	0.25118	0.03801	0.15335	0.01195	0.00750	0.00222	0.00574	0.00979	0.00672	0.00852
12	0.00972	0.00690	0.00840	0.00878	0.00936	0.00686	0.00570	0.01062	0.01196	0.01587	0.03154	0.20459	0.10871	0.38773	0.13635	0.00619	0.00783	0.01271	0.00502	0.00517
13	0.01582	0.01584	0.01964	0.13799	0.25486	0.13163	0.01508	0.01927	0.01739	0.02234	0.18319	0.06504	0.05253	0.00989	0.00744	0.00219	0.00772	0.00868	0.00481	0.00864
14	0.01682	0.13960	0.02819	0.11272	0.22754	0.01818	0.13445	0.02308	0.12333	0.02168	0.01531	0.01877	0.01237	0.00827	0.00850	0.06264	0.00845	0.00654	0.00398	0.00958
15	0.01865	0.18523	0.31614	0.01614	0.02357	0.01858	0.01774	0.10100	0.06975	0.09642	0.05757	0.01866	0.01483	0.00774	0.00651	0.00209	0.00830	0.00596	0.00472	0.01040
16	0.12494	0.02022	0.01668	0.01407	0.01860	0.23726	0.01102	0.12807	0.04800	0.12024	0.01871	0.04776	0.04029	0.00848	0.00643	0.00196	0.00811	0.00627	0.00547	0.11741
17	0.20777	0.01732	0.01647	0.06849	0.02036	0.10996	0.01158	0.22787	0.02138	0.07273	0.04586	0.02286	0.03712	0.00896	0.00657	0.00218	0.00746	0.04749	0.00567	0.04192
18	0.14842	0.01289	0.01537	0.01307	0.01674	0.01349	0.05028	0.18815	0.04944	0.10020	0.10363	0.20650	0.02765	0.01235	0.00741	0.00239	0.00596	0.01053	0.00659	0.00895
19	0.11143	0.10481	0.02032	0.01837	0.13295	0.14139	0.01259	0.12798	0.01965	0.06821	0.10945	0.06497	0.02060	0.00913	0.00666	0.00208	0.00758	0.00725	0.00528	0.00930
20	0.07641	0.13261	0.01685	0.01181	0.01548	0.11204	0.00961	0.08209	0.04651	0.06563	0.11035	0.07173	0.17165	0.01185	0.00706	0.00217	0.00643	0.03570	0.00582	0.00821
21	0.08148	0.06423	0.09274	0.01954	0.02505	0.04736	0.21030	0.07256	0.05761	0.02420	0.01353	0.01659	0.01071	0.00754	0.00943	0.00222	0.12536	0.00624	0.00407	0.10925
22	0.06578	0.01473	0.04436	0.01329	0.01739	0.01486	0.01112	0.17263	0.09152	0.07102	0.13042	0.02730	0.07412	0.01022	0.00907	0.00219	0.09888	0.00780	0.00607	0.11721
23	0.34528	0.01448	0.01446	0.01230	0.01645	0.01628	0.00996	0.16038	0.09770	0.10113	0.01939	0.06366	0.03717	0.00932	0.00717	0.00232	0.05059	0.00676	0.00589	0.00932
24	0.20435	0.01645	0.01633	0.01379	0.01793	0.11210	0.03693	0.14266	0.06020	0.12227	0.04509	0.02016	0.01518	0.01572	0.12656	0.00372	0.00947	0.00631	0.00558	0.00921

[dist]
# distance from previous block
# <min> <max>
12	38

[block]
# block no. 5 follows, 29 sequences, length 46
# corresponding to MSA columns:
# 287-306,309-334
name=unknown_F
#
# <colnr> <probs for GDERKNQSTAVLIFYWHMCP>
#	G	D	E	R	K	N	Q	S	T	A	V	L	I	F	Y	W	H	M	C	P
0	0.05458	0.09778	0.08631	0.02184	0.10312	0.04506	0.19414	0.09601	0.01854	0.14524	0.01740	0.05784	0.01367	0.00786	0.00713	0.00219	0.00882	0.00727	0.00499	0.01019
1	0.27456	0.01607	0.02065	0.01585	0.02131	0.01666	0.14922	0.19827	0.01957	0.06400	0.01503	0.04260	0.01178	0.00753	0.00637	0.00212	0.00743	0.00629	0.00523	0.09945
2	0.13540	0.01267	0.01339	0.01163	0.01535	0.04249	0.00909	0.10712	0.06548	0.16518	0.08920	0.15438	0.08298	0.01194	0.00718	0.00227	0.00563	0.00986	0.00669	0.05208
3	0.17823	0.01979	0.01865	0.01959	0.15034	0.21226	0.01299	0.04796	0.01726	0.08627	0.04049	0.01664	0.01262	0.00746	0.00695	0.00199	0.04139	0.00544	0.00459	0.09911
4	0.13673	0.01847	0.01589	0.01363	0.01759	0.18883	0.01071	0.15519	0.07553	0.09931	0.17038	0.02483	0.02445	0.00943	0.00685	0.00212	0.00737	0.00724	0.00621	0.00923
5	0.19883	0.24278	0.04179	0.01218	0.01684	0.01856	0.01093	0.11567	0.01673	0.05756	0.01713	0.02152	0.03827	0.01466	0.10711	0.00336	0.00859	0.04405	0.00467	0.00876
6	0.01559	0.14436	0.01654	0.01152	0.01432	0.01303	0.00911	0.10991	0.01717	0.08452	0.06315	0.29206	0.02939	0.05221	0.09066	0.00360	0.00726	0.01183	0.00588	0.00791
7	0.02243	0.01373	0.01625	0.01243	0.01801	0.01253	0.01008	0.14006	0.07737	0.24994	0.02252	0.02168	0.04551	0.00794	0.00652	0.00179	0.00593	0.00637	0.00658	0.30232
8	0.20884	0.22505	0.31425	0.01517	0.02269	0.01991	0.01712	0.06277	0.01531	0.02466	0.01156	0.01333	0.00892	0.00665	0.00561	0.00204	0.00834	0.00459	0.00362	0.00956
9	0.00930	0.00663	0.00862	0.00997	0.01060	0.00630	0.00696	0.01070	0.01371	0.01809	0.03823	0.52188	0.07293	0.12039	0.01285	0.00347	0.00484	0.11251	0.00629	0.00571
10	0.01610	0.01597	0.02896	0.26624	0.36224	0.01677	0.14775	0.02084	0.01568	0.02152	0.01335	0.01837	0.01060	0.00653	0.00733	0.00225	0.00948	0.00674	0.00342	0.00986
11	0.01843	0.01934	0.02717	0.15859	0.03143	0.14412	0.26036	0.11482	0.01922	0.02366	0.02045	0.02337	0.08971	0.00820	0.00762	0.00226	0.01012	0.00779	0.00437	0.00898
12	0.01860	0.01597	0.02760	0.13650	0.47314	0.01612	0.07977	0.02289	0.01647	0.10124	0.01507	0.01872	0.01171	0.00671	0.00719	0.00219	0.00865	0.00662	0.00409	0.01075
13	0.01017	0.00763	0.01144	0.01144	0.01272	0.00890	0.00890	0.01272	0.01144	0.01653	0.01907	0.02797	0.01780	0.05340	0.72153	0.01144	0.01907	0.00763	0.00381	0.00636
14	0.01742	0.46873	0.16918	0.01506	0.02086	0.02463	0.01566	0.02076	0.01390	0.01798	0.01037	0.01294	0.00915	0.00745	0.00863	0.00198	0.14853	0.00456	0.00305	0.00915
15	0.01487	0.03274	0.55711	0.02255	0.03230	0.01688	0.17795	0.02261	0.01545	0.02261	0.01316	0.01600	0.00943	0.00659	0.00715	0.00229	0.01087	0.00599	0.00314	0.01031
16	0.00868	0.00620	0.00826	0.00991	0.01033	0.00578	0.00661	0.00991	0.01363	0.01818	0.03925	0.74510	0.04710	0.02231	0.00909	0.00289	0.00413	0.02024	0.00661	0.00578
17	0.00965	0.00695	0.00913	0.00925	0.01054	0.00643	0.00669	0.01236	0.01815	0.02537	0.49819	0.26566	0.06102	0.01694	0.00861	0.00244	0.00360	0.01514	0.00746	0.00643
18	0.01877	0.02573	0.18945	0.02298	0.02983	0.15319	0.28648	0.06179	0.09540	0.02373	0.01519	0.01774	0.01140	0.00700	0.00744	0.00225	0.01086	0.00679	0.00409	0.00989
19	0.00997	0.00758	0.01096	0.01096	0.01236	0.00857	0.00850	0.01243	0.01199	0.01684	0.02515	0.03262	0.09627	0.04935	0.63980	0.01041	0.01730	0.00848	0.00414	0.00632
20	0.01831	0.00886	0.01016	0.00900	0.01186	0.00862	0.00704	0.02301	0.07789	0.20215	0.05684	0.02721	0.02070	0.00885	0.00590	0.00189	0.00423	0.00719	0.48181	0.00846
21	0.00892	0.00652	0.00838	0.00942	0.01031	0.00599	0.00649	0.01063	0.01519	0.02030	0.17050	0.53439	0.12607	0.02033	0.00888	0.00271	0.00392	0.01823	0.00685	0.00599
22	0.02428	0.01341	0.01586	0.01287	0.01711	0.01362	0.01011	0.17588	0.13539	0.31131	0.02468	0.02733	0.01867	0.15151	0.01276	0.00313	0.00655	0.00776	0.00730	0.01047
23	0.01079	0.00715	0.00953	0.00996	0.01129	0.00665	0.00731	0.01319	0.01697	0.06086	0.31477	0.35667	0.05330	0.01809	0.00876	0.00262	0.00413	0.07412	0.00724	0.00659
24	0.01520	0.17487	0.58283	0.01873	0.02840	0.01878	0.02359	0.02231	0.01492	0.02143	0.01222	0.01434	0.00904	0.00664	0.00634	0.00211	0.00996	0.00498	0.00301	0.01026
25	0.01636	0.01563	0.02661	0.25276	0.50619	0.01659	0.02122	0.02074	0.01561	0.02172	0.01317	0.01804	0.01074	0.00658	0.00707	0.00219	0.00877	0.00634	0.00342	0.01026
26	0.01469	0.01544	0.02974	0.02287	0.02687	0.01614	0.37418	0.01860	0.01472	0.02045	0.01881	0.18144	0.01862	0.01117	0.01203	0.00268	0.17849	0.01056	0.00416	0.00832
27	0.02036	0.01942	0.02654	0.03585	0.50329	0.09857	0.01942	0.14208	0.01979	0.02651	0.01379	0.01698	0.01119	0.00686	0.00699	0.00209	0.00885	0.00616	0.00419	0.01108
28	0.02291	0.12392	0.08360	0.09698	0.02340	0.14386	0.01384	0.07457	0.05749	0.21555	0.06036	0.02034	0.01609	0.00817	0.00670	0.00207	0.00824	0.00630	0.00562	0.00999
29	0.02071	0.06250	0.35512	0.01870	0.02657	0.10704	0.08219	0.02629	0.01717	0.19184	0.01636	0.01725	0.01134	0.00724	0.00687	0.00217	0.00972	0.00587	0.00459	0.01047
30	0.00864	0.00632	0.00814	0.00959	0.01024	0.00581	0.00646	0.00995	0.01395	0.01831	0.04322	0.66336	0.12627	0.02179	0.00901	0.00283	0.00407	0.01961	0.00661	0.00581
31	0.01348	0.01621	0.14937	0.01853	0.14180	0.01252	0.01403	0.02096	0.15514	0.02446	0.16075	0.12507	0.09433	0.01190	0.00769	0.00236	0.00625	0.01040	0.00573	0.00902
32	0.05423	0.01898	0.11850	0.09774	0.42607	0.03412	0.02011	0.02321	0.01627	0.10168	0.01471	0.01776	0.01132	0.00679	0.00689	0.00216	0.00854	0.00613	0.00407	0.01072
33	0.01454	0.07629	0.67570	0.01985	0.03013	0.01718	0.02553	0.02248	0.01500	0.02223	0.01262	0.01483	0.00903	0.00673	0.00664	0.00221	0.01036	0.00518	0.00301	0.01045
34	0.02340	0.02721	0.01896	0.09890	0.02371	0.51156	0.01352	0.02648	0.04614	0.05057	0.07899	0.01848	0.01566	0.00817	0.00676	0.00197	0.01095	0.00584	0.00439	0.00836
35	0.01499	0.11390	0.50830	0.01741	0.02603	0.01624	0.02126	0.02160	0.01575	0.05359	0.08163	0.02082	0.04248	0.00798	0.00675	0.00217	0.00903	0.00630	0.00388	0.00989
36	0.11200	0.01686	0.02296	0.01882	0.06027	0.04812	0.16168	0.21020	0.02159	0.15667	0.02077	0.05477	0.04518	0.00871	0.00722	0.00225	0.00807	0.00766	0.00593	0.01025
37	0.00868	0.00620	0.00826	0.00991	0.01033	0.00578	0.00661	0.00991	0.01363	0.01818	0.03925	0.74510	0.04710	0.02231	0.00909	0.00289	0.00413	0.02024	0.00661	0.00578
38	0.01533	0.01442	0.02373	0.36447	0.31724	0.01555	0.01934	0.01968	0.01512	0.02087	0.01296	0.01794	0.01035	0.00659	0.00688	0.00211	0.00858	0.00609	0.00343	0.09932
39	0.02165	0.02352	0.15275	0.02162	0.02826	0.15138	0.26164	0.02699	0.03983	0.17585	0.01699	0.01859	0.01205	0.00715	0.00741	0.00222	0.01036	0.00681	0.00479	0.01013
40	0.01525	0.01539	0.02929	0.16368	0.21631	0.01545	0.26857	0.02002	0.01640	0.02251	0.09368	0.05543	0.01879	0.00802	0.00782	0.00232	0.00922	0.00850	0.00412	0.00923
41	0.00920	0.00703	0.00967	0.09250	0.01470	0.00695	0.00801	0.01089	0.01393	0.01827	0.03913	0.60156	0.10122	0.02019	0.00880	0.00279	0.00470	0.01818	0.00622	0.00605
42	0.12825	0.06569	0.17174	0.02353	0.15542	0.06823	0.10361	0.03772	0.01516	0.02297	0.01193	0.01536	0.00965	0.00757	0.00937	0.00231	0.13271	0.00574	0.00355	0.00948
43	0.01920	0.01220	0.01790	0.14162	0.15816	0.01241	0.01364	0.07135	0.01768	0.20292	0.02371	0.13443	0.02093	0.03073	0.00830	0.00249	0.00691	0.05612	0.03987	0.00943
44	0.15679	0.01554	0.01899	0.05053	0.14897	0.04898	0.03313	0.18556	0.01931	0.05976	0.03386	0.01956	0.01372	0.01640	0.14418	0.00395	0.00994	0.00636	0.00499	0.00949
45	0.18685	0.02057	0.14355	0.01539	0.02088	0.07632	0.04572	0.10300	0.03715	0.02679	0.03122	0.01594	0.01147	0.00765	0.00805	0.00209	0.09135	0.00541	0.00438	0.14622

[dist]
# distance from previous block
# <min> <max>
5	16

[block]
# block no. 6 follows, 29 sequences, length 14
# corresponding to MSA columns:
# 367-380
name=unknown_G
#
# <colnr> <probs for GDERKNQSTAVLIFYWHMCP>
#	G	D	E	R	K	N	Q	S	T	A	V	L	I	F	Y	W	H	M	C	P
0	0.01610	0.31158	0.45407	0.01719	0.02601	0.02100	0.02090	0.02208	0.01482	0.02033	0.01168	0.01365	0.00907	0.00651	0.00592	0.00197	0.00941	0.00470	0.00302	0.00999
1	0.04824	0.01516	0.10959	0.01213	0.01511	0.07393	0.01025	0.09044	0.01644	0.02217	0.07936	0.21228	0.05541	0.19075	0.01455	0.00349	0.00687	0.01128	0.00535	0.00720
2	0.01315	0.00846	0.01305	0.01605	0.15031	0.00846	0.00910	0.01198	0.01084	0.01478	0.01399	0.02433	0.01404	0.12260	0.02479	0.52224	0.00675	0.00680	0.00335	0.00492
3	0.12380	0.01287	0.01766	0.01548	0.01714	0.01596	0.06093	0.01750	0.05171	0.02042	0.01692	0.12357	0.01685	0.01939	0.13535	0.00428	0.30997	0.00843	0.00420	0.00758
4	0.00956	0.01129	0.10660	0.00960	0.01283	0.00759	0.00868	0.01249	0.01653	0.02126	0.17243	0.11832	0.43460	0.01622	0.00824	0.00240	0.00458	0.01374	0.00632	0.00675
5	0.07445	0.01539	0.01464	0.01150	0.01670	0.10998	0.00906	0.05735	0.01679	0.02415	0.04798	0.02123	0.07933	0.00748	0.00592	0.00149	0.00626	0.00579	0.00471	0.46980
6	0.01274	0.00786	0.00972	0.00928	0.01132	0.00712	0.00693	0.01497	0.01699	0.11787	0.25023	0.11687	0.20498	0.11871	0.01230	0.00306	0.00460	0.06062	0.00698	0.00687
7	0.12027	0.00820	0.00927	0.00958	0.01157	0.00825	0.00742	0.01290	0.01441	0.02081	0.06149	0.14781	0.25374	0.04975	0.12969	0.00426	0.00712	0.11135	0.00577	0.00632
8	0.00861	0.00704	0.00760	0.00785	0.00983	0.00603	0.00574	0.01044	0.01610	0.01986	0.12093	0.18881	0.52943	0.01850	0.00854	0.00248	0.00368	0.01578	0.00672	0.00603
9	0.01070	0.11173	0.01214	0.00864	0.01072	0.00944	0.00652	0.01248	0.01537	0.01968	0.18764	0.11159	0.26560	0.17124	0.01384	0.00324	0.00486	0.01245	0.00589	0.00622
10	0.01023	0.01134	0.10753	0.01067	0.01349	0.00805	0.00953	0.01340	0.01637	0.02211	0.23922	0.14216	0.20274	0.05782	0.04292	0.00314	0.00573	0.07056	0.00621	0.00680
11	0.08166	0.00931	0.01099	0.01032	0.01277	0.00907	0.00772	0.01916	0.06537	0.17636	0.05775	0.16711	0.10550	0.16471	0.01364	0.00342	0.00548	0.06552	0.00654	0.00761
12	0.01908	0.00925	0.01209	0.01042	0.01365	0.00825	0.00811	0.02161	0.01835	0.31619	0.21091	0.09282	0.13329	0.04805	0.04218	0.00293	0.00549	0.01094	0.00764	0.00873
13	0.04706	0.01190	0.10789	0.01065	0.01393	0.00854	0.00968	0.01444	0.01738	0.02452	0.32362	0.08780	0.18731	0.01440	0.00805	0.00236	0.00489	0.06677	0.00645	0.03238

[dist]
# distance from previous block
# <min> <max>
7	163

# created by:
# /home/berkeley/.conda/envs/busco_data_prod/bin/msa2prfl.pl pipeline/OGs_align_augustus/5794/15422.fs
