[name]
unknown

[dist]
# distance from previous block
# <min> <max>
11	28

[block]
# block no. 0 follows, 25 sequences, length 8
# corresponding to MSA columns:
# 33-40
name=unknown_A
#
# <colnr> <probs for GDERKNQSTAVLIFYWHMCP>
#	G	D	E	R	K	N	Q	S	T	A	V	L	I	F	Y	W	H	M	C	P
0	0.09626	0.01819	0.02766	0.09153	0.47062	0.01903	0.02080	0.11303	0.01972	0.02919	0.01472	0.01857	0.01187	0.00735	0.00741	0.00234	0.00888	0.00665	0.00446	0.01174
1	0.01798	0.01771	0.02766	0.30698	0.39257	0.05888	0.02237	0.02266	0.01707	0.02277	0.01411	0.01946	0.01138	0.00731	0.00766	0.00240	0.00994	0.00679	0.00369	0.01063
2	0.01567	0.03291	0.48383	0.02147	0.03064	0.04714	0.09579	0.02309	0.01708	0.02437	0.05963	0.07788	0.01762	0.00925	0.00788	0.00251	0.01067	0.00798	0.00405	0.01054
3	0.02302	0.01594	0.02355	0.15687	0.24029	0.01652	0.01758	0.13194	0.02129	0.18478	0.02113	0.07628	0.01677	0.00948	0.00791	0.00245	0.00832	0.00832	0.00606	0.01149
4	0.01998	0.02078	0.04113	0.03205	0.10175	0.02012	0.49794	0.11423	0.02082	0.02831	0.01599	0.02042	0.01202	0.00697	0.00881	0.00254	0.01204	0.00862	0.00446	0.01103
5	0.12514	0.02414	0.25935	0.02289	0.09434	0.01644	0.13325	0.04393	0.01699	0.02630	0.01927	0.11187	0.01765	0.01019	0.00788	0.00261	0.00950	0.04364	0.00455	0.01008
6	0.01670	0.01432	0.02348	0.13023	0.26052	0.01506	0.06098	0.02024	0.01633	0.06528	0.02324	0.15212	0.04436	0.05119	0.01148	0.00292	0.06655	0.01046	0.00491	0.00963
7	0.01919	0.01842	0.03147	0.04759	0.67914	0.01842	0.02380	0.02380	0.01765	0.02533	0.01458	0.01919	0.01228	0.00691	0.00768	0.00230	0.00921	0.00691	0.00384	0.01228

[dist]
# distance from previous block
# <min> <max>
5	21

[block]
# block no. 1 follows, 25 sequences, length 19
# corresponding to MSA columns:
# 62-69,71-81
name=unknown_B
#
# <colnr> <probs for GDERKNQSTAVLIFYWHMCP>
#	G	D	E	R	K	N	Q	S	T	A	V	L	I	F	Y	W	H	M	C	P
0	0.06940	0.05432	0.01594	0.01329	0.01618	0.01514	0.01043	0.12817	0.10566	0.02789	0.03070	0.22095	0.07915	0.01711	0.04547	0.00318	0.07231	0.01189	0.05388	0.00895
1	0.02113	0.17539	0.03077	0.03245	0.37101	0.09336	0.01888	0.07143	0.01901	0.02488	0.01373	0.01691	0.01154	0.00706	0.00689	0.00205	0.00923	0.00595	0.00409	0.06425
2	0.07043	0.11890	0.40400	0.09663	0.06058	0.01996	0.02321	0.07494	0.01767	0.02597	0.01371	0.01640	0.01018	0.00744	0.00698	0.00235	0.01023	0.00571	0.00379	0.01092
3	0.02066	0.21836	0.16207	0.02000	0.06801	0.02046	0.10783	0.05905	0.05854	0.09997	0.01758	0.01926	0.01328	0.00771	0.00692	0.00219	0.00895	0.00648	0.07177	0.01092
4	0.13919	0.34087	0.08316	0.01720	0.07828	0.10036	0.01453	0.02473	0.01664	0.05732	0.01273	0.01451	0.01049	0.00706	0.00580	0.00194	0.00868	0.00484	0.00407	0.05759
5	0.00960	0.00772	0.00823	0.00835	0.01038	0.00671	0.00598	0.01140	0.01696	0.02092	0.11632	0.12930	0.49047	0.10761	0.01299	0.00326	0.00440	0.01606	0.00700	0.00636
6	0.01962	0.08568	0.40046	0.01970	0.02833	0.09017	0.02208	0.14456	0.02066	0.02786	0.01617	0.06024	0.01308	0.00880	0.00738	0.00237	0.01049	0.00679	0.00445	0.01110
7	0.01919	0.20608	0.08893	0.01767	0.02320	0.10516	0.09977	0.05781	0.09931	0.02484	0.08524	0.06237	0.02259	0.01018	0.00753	0.00233	0.00896	0.04374	0.00523	0.00988
8	0.01162	0.00810	0.00913	0.00911	0.01153	0.00697	0.00674	0.01363	0.01769	0.08095	0.09611	0.20730	0.45411	0.01954	0.00920	0.00270	0.00428	0.01669	0.00748	0.00713
9	0.01088	0.01016	0.06411	0.01047	0.01290	0.00775	0.00868	0.01378	0.01717	0.02344	0.13680	0.25279	0.23378	0.01827	0.00886	0.00269	0.00483	0.05374	0.10179	0.00710
10	0.02034	0.01856	0.02745	0.03584	0.41977	0.07221	0.05861	0.06719	0.01926	0.06384	0.01914	0.10653	0.01736	0.00945	0.00800	0.00241	0.00906	0.00883	0.00488	0.01127
11	0.02145	0.01773	0.02264	0.08487	0.06747	0.08719	0.09742	0.12047	0.09762	0.11394	0.02509	0.02695	0.06915	0.01559	0.09350	0.00368	0.01051	0.00829	0.00597	0.01047
12	0.01010	0.00751	0.00947	0.01000	0.01123	0.00720	0.00705	0.01202	0.01575	0.02095	0.14322	0.28938	0.17997	0.11010	0.12472	0.00495	0.00724	0.01608	0.00662	0.00642
13	0.01989	0.16029	0.31585	0.12624	0.03165	0.02055	0.02132	0.11254	0.01940	0.07981	0.01532	0.01744	0.01116	0.00774	0.00707	0.00230	0.00989	0.00596	0.00445	0.01112
14	0.04915	0.06849	0.12531	0.06105	0.05675	0.15265	0.11958	0.07692	0.01949	0.09340	0.01637	0.01932	0.01251	0.01297	0.07906	0.00336	0.01189	0.00669	0.00473	0.01033
15	0.01589	0.06613	0.19700	0.01896	0.06069	0.01565	0.07167	0.06281	0.08249	0.02460	0.02406	0.14084	0.02340	0.09699	0.01195	0.00322	0.00861	0.06027	0.00524	0.00954
16	0.05120	0.15737	0.10829	0.08048	0.02446	0.10254	0.05429	0.02109	0.01661	0.02142	0.02504	0.02705	0.13791	0.01018	0.00902	0.00231	0.08201	0.00767	0.00434	0.05671
17	0.01644	0.08443	0.09632	0.06519	0.18596	0.01475	0.01578	0.04397	0.01760	0.06580	0.05841	0.22696	0.05021	0.01320	0.00817	0.00255	0.00742	0.01166	0.00555	0.00964
18	0.06561	0.01995	0.02548	0.02826	0.24986	0.12172	0.08881	0.02785	0.10564	0.08684	0.02027	0.02212	0.03926	0.00820	0.00755	0.00229	0.00913	0.00726	0.00518	0.05871

[dist]
# distance from previous block
# <min> <max>
2	17

[block]
# block no. 2 follows, 25 sequences, length 9
# corresponding to MSA columns:
# 99-107
name=unknown_C
#
# <colnr> <probs for GDERKNQSTAVLIFYWHMCP>
#	G	D	E	R	K	N	Q	S	T	A	V	L	I	F	Y	W	H	M	C	P
0	0.04340	0.06789	0.18533	0.01715	0.02401	0.06630	0.08838	0.02591	0.01823	0.15872	0.04372	0.02140	0.01571	0.00805	0.00706	0.00215	0.00863	0.00670	0.09413	0.09712
1	0.12802	0.01670	0.07307	0.01374	0.01887	0.01574	0.01197	0.13950	0.15209	0.15591	0.02340	0.02330	0.01689	0.00909	0.00686	0.00231	0.00655	0.00706	0.16800	0.01094
2	0.07090	0.02670	0.27593	0.01924	0.05259	0.01923	0.01917	0.27617	0.02472	0.03532	0.06230	0.02231	0.04288	0.00919	0.00756	0.00240	0.00900	0.00717	0.00571	0.01151
3	0.17190	0.01630	0.02647	0.26241	0.13294	0.01740	0.15753	0.02210	0.01602	0.02523	0.01372	0.01849	0.01064	0.00708	0.00729	0.00239	0.00952	0.00666	0.00398	0.07194
4	0.01671	0.01472	0.01920	0.01881	0.15236	0.01198	0.01215	0.02039	0.01640	0.02528	0.01394	0.01671	0.01165	0.00598	0.00613	0.00138	0.00645	0.00506	0.00444	0.62026
5	0.10212	0.01642	0.01847	0.01483	0.02019	0.01725	0.01206	0.24221	0.13360	0.24843	0.07340	0.02522	0.02093	0.00989	0.00761	0.00242	0.00689	0.00780	0.00814	0.01212
6	0.02148	0.01361	0.01663	0.01215	0.01878	0.01064	0.00982	0.02479	0.01784	0.21550	0.01863	0.01905	0.01371	0.00685	0.00634	0.00151	0.00599	0.00552	0.00604	0.55510
7	0.01873	0.01366	0.02219	0.56793	0.04659	0.01604	0.01948	0.02346	0.01686	0.15460	0.01719	0.02183	0.01213	0.00813	0.00776	0.00255	0.00958	0.00707	0.00469	0.00954
8	0.02777	0.01467	0.01678	0.01374	0.01852	0.06743	0.01097	0.09723	0.02279	0.40296	0.09424	0.09012	0.06396	0.01189	0.00812	0.00244	0.00679	0.00981	0.00849	0.01130

[dist]
# distance from previous block
# <min> <max>
0	5

[block]
# block no. 3 follows, 25 sequences, length 8
# corresponding to MSA columns:
# 113-120
name=unknown_D
#
# <colnr> <probs for GDERKNQSTAVLIFYWHMCP>
#	G	D	E	R	K	N	Q	S	T	A	V	L	I	F	Y	W	H	M	C	P
0	0.02568	0.02102	0.02229	0.04805	0.02339	0.13774	0.01520	0.20984	0.02275	0.14264	0.01664	0.01872	0.01259	0.01042	0.01327	0.00263	0.23380	0.00671	0.00585	0.01077
1	0.10179	0.01527	0.01713	0.01361	0.01873	0.01572	0.01113	0.25443	0.02529	0.26232	0.02329	0.02274	0.01611	0.00915	0.00702	0.00226	0.00665	0.00704	0.15881	0.01154
2	0.02556	0.01977	0.02107	0.01705	0.02255	0.02222	0.01379	0.41822	0.27790	0.04256	0.02359	0.02258	0.01721	0.00977	0.00781	0.00244	0.00761	0.00767	0.00781	0.01284
3	0.01402	0.00839	0.01063	0.01023	0.01170	0.00816	0.00710	0.01556	0.01494	0.10909	0.09576	0.13222	0.08045	0.30707	0.13463	0.00622	0.00855	0.01233	0.00616	0.00682
4	0.01975	0.01882	0.01729	0.01565	0.01963	0.12940	0.01205	0.03590	0.47164	0.03003	0.11572	0.03040	0.02813	0.01083	0.00791	0.00250	0.00709	0.00886	0.00733	0.01106
5	0.01131	0.00870	0.01067	0.04103	0.01362	0.00788	0.00743	0.01326	0.01562	0.02123	0.11564	0.24638	0.13912	0.17061	0.01530	0.00357	0.00542	0.01429	0.00623	0.13268
6	0.11618	0.01021	0.01180	0.01143	0.01335	0.01110	0.00895	0.01445	0.01542	0.02242	0.07170	0.13235	0.26684	0.01804	0.01301	0.05836	0.12184	0.06958	0.00602	0.00695
7	0.01809	0.02047	0.07685	0.01670	0.02314	0.13060	0.09983	0.02202	0.01734	0.02367	0.01583	0.06720	0.01399	0.00771	0.00686	0.00175	0.00856	0.00664	0.00447	0.41829

[dist]
# distance from previous block
# <min> <max>
1	2

[block]
# block no. 4 follows, 25 sequences, length 29
# corresponding to MSA columns:
# 123-151
name=unknown_E
#
# <colnr> <probs for GDERKNQSTAVLIFYWHMCP>
#	G	D	E	R	K	N	Q	S	T	A	V	L	I	F	Y	W	H	M	C	P
0	0.34713	0.11621	0.15326	0.01609	0.02289	0.01931	0.09044	0.02452	0.05895	0.02872	0.01355	0.01560	0.01048	0.00723	0.00611	0.00229	0.00822	0.00542	0.00439	0.04919
1	0.06767	0.20377	0.27087	0.01681	0.02395	0.01889	0.05334	0.02203	0.04532	0.02312	0.02255	0.11333	0.06694	0.01043	0.00719	0.00237	0.00865	0.00852	0.00445	0.00980
2	0.01501	0.00899	0.01066	0.00983	0.01194	0.00848	0.00706	0.04517	0.01802	0.11194	0.18402	0.09210	0.13992	0.21187	0.01698	0.00385	0.00543	0.01236	0.07894	0.00745
3	0.00974	0.00747	0.00893	0.00942	0.01104	0.00666	0.00674	0.01193	0.01778	0.02321	0.22307	0.30349	0.29195	0.02031	0.00942	0.00276	0.00406	0.01779	0.00755	0.00666
4	0.01047	0.00773	0.00997	0.01117	0.01257	0.00724	0.00854	0.01285	0.01705	0.02227	0.11907	0.34006	0.16762	0.02164	0.00992	0.00310	0.00508	0.19962	0.00733	0.00671
5	0.01128	0.00752	0.00846	0.00846	0.00846	0.00752	0.00470	0.01128	0.01128	0.01503	0.02443	0.05074	0.02819	0.72751	0.03946	0.00752	0.00752	0.01128	0.00470	0.00470
6	0.78228	0.01499	0.01140	0.01020	0.01499	0.01739	0.00840	0.02279	0.01320	0.03479	0.01080	0.01260	0.00840	0.00720	0.00480	0.00240	0.00600	0.00420	0.00480	0.00840
7	0.78228	0.01499	0.01140	0.01020	0.01499	0.01739	0.00840	0.02279	0.01320	0.03479	0.01080	0.01260	0.00840	0.00720	0.00480	0.00240	0.00600	0.00420	0.00480	0.00840
8	0.01555	0.04011	0.68733	0.02210	0.03356	0.01801	0.02865	0.02455	0.01637	0.02455	0.01391	0.01637	0.00982	0.00737	0.00737	0.00246	0.01146	0.00573	0.00327	0.01146
9	0.01249	0.00930	0.01265	0.09465	0.01689	0.01041	0.00932	0.04504	0.01352	0.01852	0.02132	0.03701	0.02160	0.32395	0.31081	0.00875	0.01348	0.00929	0.00447	0.00652
10	0.01398	0.01268	0.01299	0.01268	0.01414	0.11867	0.00931	0.01594	0.01369	0.01743	0.02027	0.03281	0.02005	0.21459	0.42529	0.00958	0.01643	0.00851	0.00426	0.00671
11	0.02208	0.54507	0.07869	0.01521	0.02162	0.16610	0.01461	0.02489	0.01707	0.01880	0.01123	0.01301	0.00995	0.00696	0.00554	0.00178	0.00966	0.00442	0.00345	0.00985
12	0.61061	0.01861	0.01350	0.01213	0.01678	0.12581	0.00971	0.02534	0.05863	0.03211	0.01239	0.01392	0.00968	0.00755	0.00536	0.00235	0.00728	0.00463	0.00488	0.00875
13	0.01724	0.01699	0.02625	0.06995	0.15651	0.05957	0.16389	0.04768	0.01837	0.02487	0.08932	0.02982	0.09398	0.01037	0.01047	0.00254	0.09924	0.00912	0.04430	0.00954
14	0.01861	0.02970	0.29969	0.10671	0.09828	0.12441	0.07063	0.02714	0.10325	0.02425	0.01613	0.01881	0.01214	0.00782	0.00759	0.00242	0.01091	0.00654	0.00412	0.01084
15	0.01251	0.00803	0.01043	0.01001	0.01189	0.00741	0.00743	0.01575	0.02045	0.07146	0.48859	0.15990	0.06258	0.01633	0.00893	0.00251	0.00398	0.01444	0.05986	0.00753
16	0.01718	0.01826	0.07465	0.16126	0.14672	0.05130	0.09322	0.06680	0.08463	0.02553	0.04681	0.07149	0.08763	0.01040	0.00818	0.00252	0.00892	0.00937	0.00514	0.01001
17	0.01490	0.00848	0.01098	0.01029	0.01254	0.00778	0.00773	0.01804	0.02008	0.13305	0.38576	0.16703	0.05456	0.01556	0.00863	0.00249	0.00427	0.01367	0.09611	0.00806
18	0.01138	0.00789	0.01038	0.01038	0.01119	0.00859	0.00725	0.01300	0.01219	0.01742	0.02265	0.03917	0.02324	0.34581	0.36640	0.00962	0.01390	0.00953	0.05402	0.00598
19	0.20562	0.02883	0.01973	0.01771	0.02132	0.43715	0.01371	0.02723	0.01842	0.02267	0.01144	0.01409	0.00964	0.00862	0.00917	0.00230	0.11442	0.00507	0.00410	0.00877
20	0.02030	0.67498	0.09408	0.01400	0.02103	0.02963	0.01454	0.02333	0.01581	0.01876	0.01104	0.01276	0.00994	0.00669	0.00517	0.00172	0.00855	0.00428	0.00331	0.01007
21	0.01404	0.01029	0.01225	0.01256	0.01459	0.01075	0.00906	0.02208	0.22391	0.06149	0.03846	0.46051	0.04060	0.01904	0.00913	0.00294	0.00514	0.01698	0.00756	0.00861
22	0.01189	0.00894	0.01174	0.01133	0.01183	0.01025	0.00797	0.01309	0.01178	0.01654	0.02140	0.03936	0.02285	0.40003	0.27525	0.00881	0.09699	0.00966	0.00434	0.00596
23	0.01522	0.01378	0.02236	0.21282	0.30477	0.01457	0.01802	0.01899	0.01623	0.02199	0.02365	0.12077	0.05716	0.06595	0.01064	0.00296	0.00837	0.03778	0.00458	0.00938
24	0.01243	0.00751	0.01097	0.01097	0.01177	0.00816	0.00801	0.01252	0.01172	0.01687	0.01787	0.02725	0.01677	0.04011	0.34111	0.35288	0.01306	0.00751	0.06714	0.00536
25	0.02897	0.06896	0.02268	0.01913	0.02349	0.58754	0.01464	0.05857	0.02232	0.06521	0.01348	0.01495	0.01075	0.00809	0.00698	0.00202	0.01296	0.00523	0.00451	0.00951
26	0.05691	0.00881	0.01039	0.00997	0.01239	0.00812	0.00749	0.01619	0.01827	0.10474	0.21836	0.14483	0.23398	0.07102	0.01121	0.00302	0.00480	0.04448	0.00752	0.00752
27	0.02134	0.28557	0.07726	0.01484	0.02037	0.10779	0.01354	0.10648	0.04680	0.06365	0.14504	0.02415	0.02389	0.00935	0.00688	0.00208	0.00820	0.00708	0.00555	0.01012
28	0.01859	0.01756	0.02852	0.13305	0.50760	0.01837	0.02197	0.02555	0.10257	0.02552	0.01671	0.02067	0.01352	0.00750	0.00771	0.00238	0.00896	0.00715	0.00432	0.01178

[dist]
# distance from previous block
# <min> <max>
0	36

[block]
# block no. 5 follows, 25 sequences, length 9
# corresponding to MSA columns:
# 188-196
name=unknown_F
#
# <colnr> <probs for GDERKNQSTAVLIFYWHMCP>
#	G	D	E	R	K	N	Q	S	T	A	V	L	I	F	Y	W	H	M	C	P
0	0.02478	0.19955	0.02602	0.01759	0.02187	0.33708	0.01432	0.02899	0.08616	0.06044	0.01463	0.01630	0.01198	0.00873	0.00900	0.00218	0.10055	0.00558	0.00450	0.00975
1	0.01595	0.03132	0.44808	0.02638	0.15397	0.01708	0.06877	0.02340	0.01733	0.02540	0.08301	0.02155	0.01702	0.00811	0.00773	0.00244	0.01033	0.00705	0.00397	0.01111
2	0.01347	0.00673	0.01010	0.01010	0.01010	0.00673	0.00673	0.01010	0.01010	0.01347	0.01347	0.02357	0.01347	0.02694	0.03030	0.77441	0.00673	0.00673	0.00337	0.00337
3	0.01655	0.01539	0.02574	0.29452	0.35892	0.01670	0.02103	0.02101	0.01643	0.02243	0.01644	0.02575	0.01444	0.05574	0.00998	0.00283	0.00941	0.04266	0.00393	0.01009
4	0.01466	0.01816	0.13914	0.11921	0.11925	0.01462	0.13072	0.01976	0.01669	0.02300	0.05969	0.06262	0.06377	0.01701	0.10027	0.00393	0.01097	0.05261	0.00461	0.00930
5	0.01030	0.00760	0.00993	0.01022	0.01165	0.00723	0.00743	0.01293	0.01798	0.02465	0.32175	0.26237	0.12983	0.02455	0.10107	0.00402	0.00623	0.01602	0.00738	0.00686
6	0.06782	0.12743	0.07894	0.01388	0.01776	0.01532	0.05602	0.01927	0.05996	0.02402	0.16359	0.07033	0.08427	0.10751	0.01310	0.00313	0.05361	0.01010	0.00559	0.00834
7	0.01856	0.01390	0.01595	0.06184	0.01985	0.01514	0.01132	0.12371	0.26101	0.07174	0.14845	0.06538	0.07767	0.01223	0.00814	0.00251	0.00602	0.01030	0.04588	0.01039
8	0.04908	0.01690	0.04300	0.08624	0.02354	0.04168	0.01255	0.07372	0.15019	0.05736	0.01833	0.01962	0.01408	0.00757	0.00671	0.00188	0.00710	0.00605	0.00554	0.35888

[dist]
# distance from previous block
# <min> <max>
0	20

[block]
# block no. 6 follows, 25 sequences, length 42
# corresponding to MSA columns:
# 217-227,230-260
name=unknown_G
#
# <colnr> <probs for GDERKNQSTAVLIFYWHMCP>
#	G	D	E	R	K	N	Q	S	T	A	V	L	I	F	Y	W	H	M	C	P
0	0.03428	0.01401	0.01850	0.01418	0.02020	0.01260	0.01171	0.09641	0.02355	0.62396	0.02945	0.02565	0.01862	0.00957	0.00779	0.00239	0.00678	0.00772	0.00942	0.01319
1	0.01260	0.00940	0.01140	0.01076	0.01297	0.00943	0.00810	0.01944	0.13816	0.03055	0.48258	0.08966	0.05972	0.01497	0.00874	0.00248	0.00416	0.01313	0.05360	0.00815
2	0.01060	0.00790	0.01033	0.01032	0.01180	0.00794	0.00759	0.01306	0.01616	0.02211	0.22206	0.10912	0.14868	0.11074	0.24918	0.00654	0.01009	0.01285	0.00626	0.00667
3	0.01141	0.00827	0.01089	0.01068	0.01141	0.00905	0.00746	0.01294	0.01281	0.01793	0.08553	0.04193	0.02828	0.36164	0.29756	0.00882	0.04242	0.01017	0.00480	0.00600
4	0.09181	0.07083	0.02320	0.08816	0.08603	0.44400	0.01583	0.02758	0.01943	0.02097	0.01216	0.01501	0.01010	0.00793	0.00752	0.00215	0.03880	0.00530	0.00394	0.00924
5	0.02303	0.28125	0.10137	0.02226	0.12883	0.27835	0.01725	0.02637	0.01847	0.02033	0.01218	0.01453	0.01033	0.00727	0.00643	0.00198	0.01092	0.00508	0.00365	0.01012
6	0.01746	0.01748	0.06065	0.14748	0.13135	0.08237	0.01701	0.02110	0.01556	0.04920	0.01582	0.02142	0.01328	0.01846	0.14099	0.00444	0.15416	0.00695	0.05565	0.00916
7	0.00985	0.00730	0.00926	0.01045	0.01160	0.00671	0.00747	0.01178	0.01644	0.02156	0.11719	0.46451	0.17366	0.02221	0.00975	0.00301	0.00455	0.07881	0.00734	0.00654
8	0.01110	0.00823	0.01208	0.01208	0.01333	0.00948	0.00922	0.01360	0.01235	0.01772	0.02112	0.03239	0.02022	0.12191	0.63417	0.01199	0.01951	0.00859	0.00421	0.00671
9	0.00970	0.00788	0.00862	0.00866	0.01100	0.00681	0.00655	0.01205	0.01841	0.02299	0.19136	0.09619	0.50323	0.01916	0.00927	0.00265	0.00406	0.04724	0.00746	0.00672
10	0.01264	0.00935	0.01171	0.01102	0.01102	0.01073	0.00738	0.01266	0.01128	0.01562	0.02048	0.04127	0.02312	0.51505	0.03574	0.08113	0.15024	0.00993	0.00430	0.00533
11	0.78228	0.01499	0.01140	0.01020	0.01499	0.01739	0.00840	0.02279	0.01320	0.03479	0.01080	0.01260	0.00840	0.00720	0.00480	0.00240	0.00600	0.00420	0.00480	0.00840
12	0.78228	0.01499	0.01140	0.01020	0.01499	0.01739	0.00840	0.02279	0.01320	0.03479	0.01080	0.01260	0.00840	0.00720	0.00480	0.00240	0.00600	0.00420	0.00480	0.00840
13	0.01555	0.04011	0.68733	0.02210	0.03356	0.01801	0.02865	0.02455	0.01637	0.02455	0.01391	0.01637	0.00982	0.00737	0.00737	0.00246	0.01146	0.00573	0.00327	0.01146
14	0.01092	0.00766	0.00988	0.01017	0.01070	0.00805	0.00677	0.01206	0.01224	0.01679	0.02615	0.15191	0.02896	0.39126	0.25395	0.00846	0.01145	0.01202	0.00492	0.00570
15	0.02707	0.01990	0.01880	0.01548	0.02036	0.14064	0.01235	0.25031	0.08918	0.17046	0.02223	0.02205	0.01595	0.00920	0.00726	0.00223	0.00810	0.00700	0.13004	0.01138
16	0.01929	0.01666	0.01753	0.01578	0.02016	0.01929	0.01227	0.04120	0.66513	0.03243	0.03156	0.02893	0.02367	0.01052	0.00789	0.00263	0.00614	0.00877	0.00789	0.01227
17	0.01583	0.01907	0.14916	0.01439	0.01818	0.12029	0.01289	0.01920	0.01736	0.06127	0.12658	0.21983	0.03392	0.09280	0.04105	0.00353	0.00844	0.01217	0.00584	0.00820
18	0.01917	0.16448	0.08946	0.01848	0.05540	0.09499	0.04630	0.07200	0.12175	0.02415	0.01764	0.02084	0.01458	0.01877	0.15196	0.00440	0.04418	0.00673	0.00469	0.01005
19	0.01802	0.02237	0.09872	0.03130	0.03914	0.01964	0.57361	0.02457	0.01788	0.02457	0.01532	0.02038	0.01154	0.00688	0.00965	0.00263	0.04071	0.00877	0.00385	0.01046
20	0.01128	0.00752	0.00846	0.00846	0.00846	0.00752	0.00470	0.01128	0.01128	0.01503	0.02443	0.05074	0.02819	0.72751	0.03946	0.00752	0.00752	0.01128	0.00470	0.00470
21	0.01314	0.01051	0.01457	0.05363	0.01579	0.01286	0.01042	0.01428	0.01188	0.01689	0.01802	0.03212	0.01866	0.25374	0.20505	0.08188	0.19755	0.00862	0.00401	0.00638
22	0.01696	0.01696	0.02375	0.02036	0.02036	0.02375	0.01696	0.01866	0.01187	0.01866	0.01018	0.01696	0.01018	0.01357	0.02545	0.00339	0.71332	0.00679	0.00339	0.00848
23	0.01122	0.00772	0.00949	0.00949	0.00985	0.00808	0.00599	0.01194	0.01158	0.01580	0.02349	0.04551	0.02592	0.55497	0.20890	0.00879	0.01093	0.01051	0.00456	0.00527
24	0.02375	0.02633	0.02596	0.13296	0.19854	0.31760	0.05065	0.08750	0.02109	0.02395	0.01376	0.01715	0.01103	0.00773	0.00747	0.00223	0.01162	0.00618	0.00423	0.01026
25	0.02073	0.73217	0.04063	0.01327	0.01990	0.03068	0.01327	0.02322	0.01575	0.01824	0.01078	0.01244	0.00995	0.00663	0.00498	0.00166	0.00829	0.00415	0.00332	0.00995
26	0.01035	0.00747	0.00938	0.01055	0.01147	0.00707	0.00749	0.01193	0.01508	0.01963	0.04379	0.37504	0.13418	0.16599	0.01595	0.00404	0.00552	0.13221	0.00668	0.00617
27	0.01427	0.00900	0.01270	0.01199	0.01239	0.01018	0.00867	0.03923	0.01178	0.01624	0.01460	0.02473	0.01445	0.06899	0.09460	0.51384	0.10652	0.00718	0.00371	0.00493
28	0.01821	0.01425	0.02169	0.20130	0.22708	0.01544	0.01703	0.08264	0.01829	0.06751	0.01813	0.02290	0.01436	0.01511	0.10540	0.00376	0.01014	0.00721	0.10949	0.01003
29	0.01011	0.00703	0.00880	0.00995	0.01024	0.00674	0.00629	0.01097	0.01356	0.01807	0.03612	0.47980	0.04294	0.27832	0.02058	0.00473	0.00559	0.01815	0.00629	0.00572
30	0.02154	0.27581	0.02425	0.01332	0.01786	0.15722	0.01135	0.10280	0.01979	0.02558	0.01654	0.01866	0.01346	0.00799	0.00587	0.00186	0.00802	0.00564	0.24312	0.00932
31	0.01029	0.00779	0.00962	0.01067	0.01202	0.00734	0.00769	0.01320	0.04939	0.02181	0.09400	0.43653	0.18824	0.02170	0.00966	0.00300	0.00465	0.07828	0.00732	0.00681
32	0.01968	0.01821	0.02928	0.09891	0.53307	0.01884	0.02217	0.07730	0.05679	0.02726	0.01584	0.01983	0.01286	0.00739	0.00770	0.00235	0.00907	0.00702	0.00437	0.01205
33	0.02414	0.02426	0.02166	0.01849	0.02328	0.23486	0.05151	0.14803	0.30873	0.03070	0.02206	0.02184	0.01672	0.00926	0.00766	0.00237	0.00947	0.00727	0.00639	0.01129
34	0.06358	0.01731	0.01548	0.01462	0.01703	0.18576	0.01110	0.08649	0.01794	0.02270	0.02184	0.16463	0.02219	0.02411	0.15021	0.07950	0.03827	0.03428	0.00516	0.00780
35	0.01484	0.01237	0.01596	0.14122	0.06160	0.01343	0.01236	0.06711	0.16698	0.02676	0.11964	0.17575	0.11182	0.01432	0.00857	0.00266	0.00633	0.01250	0.00669	0.00911
36	0.01312	0.00686	0.00984	0.00984	0.00984	0.00686	0.00641	0.01029	0.01029	0.01372	0.01523	0.02794	0.01583	0.13951	0.03178	0.65118	0.00686	0.00746	0.00358	0.00358
37	0.01985	0.02882	0.26189	0.02055	0.02779	0.12744	0.08706	0.08098	0.17810	0.02732	0.01882	0.02039	0.01417	0.01064	0.03933	0.00289	0.01092	0.00694	0.00500	0.01109
38	0.01612	0.02665	0.32901	0.02572	0.17981	0.01616	0.04704	0.02335	0.05002	0.02533	0.05597	0.06144	0.01752	0.00872	0.00763	0.00235	0.00930	0.00763	0.00434	0.08587
39	0.01009	0.00747	0.00942	0.00981	0.01126	0.00680	0.00702	0.01259	0.01856	0.02512	0.33558	0.30815	0.17026	0.01965	0.00943	0.00273	0.00402	0.01742	0.00780	0.00680
40	0.01793	0.13015	0.30393	0.02744	0.22278	0.05868	0.02251	0.02372	0.01692	0.02338	0.01477	0.04652	0.01242	0.00782	0.00714	0.00225	0.00996	0.00646	0.00371	0.04153
41	0.01499	0.05407	0.01446	0.01202	0.01497	0.01313	0.00936	0.02505	0.25482	0.02951	0.28143	0.04261	0.04287	0.04800	0.00963	0.00269	0.00516	0.03426	0.08180	0.00913

[dist]
# distance from previous block
# <min> <max>
1	21

[block]
# block no. 7 follows, 25 sequences, length 55
# corresponding to MSA columns:
# 282-336
name=unknown_H
#
# <colnr> <probs for GDERKNQSTAVLIFYWHMCP>
#	G	D	E	R	K	N	Q	S	T	A	V	L	I	F	Y	W	H	M	C	P
0	0.44583	0.14693	0.01800	0.01173	0.01677	0.01929	0.00996	0.02647	0.11047	0.07780	0.01584	0.01660	0.01216	0.00783	0.00553	0.00227	0.00639	0.00524	0.03535	0.00955
1	0.01824	0.10373	0.17606	0.02175	0.07845	0.04256	0.11996	0.02463	0.07488	0.07082	0.02118	0.11476	0.01901	0.01064	0.00886	0.00255	0.04589	0.03073	0.00498	0.01031
2	0.01805	0.01363	0.01746	0.04435	0.11424	0.01360	0.01222	0.17005	0.02299	0.06544	0.18400	0.09087	0.11408	0.01267	0.00826	0.00237	0.00631	0.01087	0.00693	0.07161
3	0.01608	0.01378	0.01608	0.01148	0.01837	0.01034	0.00919	0.01952	0.01608	0.02527	0.01378	0.01608	0.01148	0.00574	0.00574	0.00115	0.00574	0.00459	0.00459	0.77491
4	0.02492	0.01989	0.02586	0.01997	0.02601	0.02143	0.13566	0.34855	0.19547	0.06660	0.02191	0.02206	0.01588	0.00910	0.00806	0.00246	0.00870	0.00789	0.00713	0.01243
5	0.07762	0.01438	0.01691	0.01260	0.01903	0.01232	0.01024	0.07941	0.01938	0.21825	0.01883	0.01902	0.01363	0.00727	0.00644	0.00170	0.00625	0.00569	0.00632	0.43468
6	0.01464	0.01378	0.02326	0.70887	0.05340	0.01723	0.02153	0.01981	0.01550	0.01981	0.01378	0.02067	0.01034	0.00775	0.00775	0.00258	0.01034	0.00689	0.00345	0.00861
7	0.02947	0.02172	0.02327	0.01784	0.02404	0.02404	0.01474	0.65329	0.03646	0.04887	0.01862	0.01862	0.01319	0.00931	0.00776	0.00233	0.00853	0.00698	0.00776	0.01319
8	0.78228	0.01499	0.01140	0.01020	0.01499	0.01739	0.00840	0.02279	0.01320	0.03479	0.01080	0.01260	0.00840	0.00720	0.00480	0.00240	0.00600	0.00420	0.00480	0.00840
9	0.01696	0.01696	0.02375	0.02036	0.02036	0.02375	0.01696	0.01866	0.01187	0.01866	0.01018	0.01696	0.01018	0.01357	0.02545	0.00339	0.71332	0.00679	0.00339	0.00848
10	0.01464	0.01378	0.02326	0.70887	0.05340	0.01723	0.02153	0.01981	0.01550	0.01981	0.01378	0.02067	0.01034	0.00775	0.00775	0.00258	0.01034	0.00689	0.00345	0.00861
11	0.01214	0.00876	0.01203	0.01369	0.01548	0.00865	0.01182	0.01551	0.01772	0.02291	0.04378	0.11169	0.08968	0.02141	0.01057	0.00349	0.00681	0.55969	0.00715	0.00706
12	0.01678	0.00983	0.01223	0.01082	0.01396	0.00908	0.00839	0.02145	0.07315	0.17946	0.36513	0.05141	0.16782	0.01468	0.00874	0.00248	0.00458	0.01260	0.00848	0.00893
13	0.01319	0.00922	0.01170	0.01167	0.01345	0.00933	0.00858	0.01781	0.09491	0.07184	0.20202	0.33689	0.07307	0.02019	0.03783	0.00322	0.03369	0.01598	0.00752	0.00789
14	0.01462	0.00781	0.01105	0.01066	0.01110	0.00798	0.00731	0.05627	0.01199	0.01601	0.01384	0.02321	0.01345	0.02567	0.02868	0.71899	0.00686	0.00675	0.00368	0.00407
15	0.01890	0.01995	0.02518	0.38539	0.21478	0.16181	0.02075	0.02325	0.01745	0.02111	0.01361	0.01885	0.01078	0.00758	0.00757	0.00238	0.01081	0.00649	0.00367	0.00968
16	0.14342	0.05970	0.05195	0.01791	0.02207	0.26472	0.01485	0.14113	0.02063	0.02711	0.01268	0.01527	0.01036	0.00917	0.01053	0.00241	0.15613	0.00560	0.00462	0.00972
17	0.07081	0.01251	0.01549	0.01403	0.01618	0.01459	0.01111	0.13283	0.01755	0.02560	0.04655	0.05782	0.02212	0.11182	0.23506	0.00648	0.12348	0.05250	0.00530	0.00818
18	0.01089	0.00708	0.00902	0.00966	0.01030	0.00668	0.00640	0.01073	0.01336	0.01733	0.03760	0.28345	0.15130	0.14224	0.02077	0.23213	0.00556	0.01466	0.00564	0.00521
19	0.01046	0.00779	0.00951	0.00927	0.01104	0.00708	0.00676	0.01325	0.01956	0.02657	0.43533	0.10847	0.21181	0.07482	0.01165	0.00294	0.00409	0.01493	0.00781	0.00685
20	0.01048	0.00751	0.01007	0.01111	0.01224	0.00710	0.00821	0.01296	0.01760	0.02393	0.23879	0.39909	0.05685	0.02114	0.00981	0.00301	0.00472	0.13099	0.00760	0.00677
21	0.01128	0.00752	0.00846	0.00846	0.00846	0.00752	0.00470	0.01128	0.01128	0.01503	0.02443	0.05074	0.02819	0.72751	0.03946	0.00752	0.00752	0.01128	0.00470	0.00470
22	0.78228	0.01499	0.01140	0.01020	0.01499	0.01739	0.00840	0.02279	0.01320	0.03479	0.01080	0.01260	0.00840	0.00720	0.00480	0.00240	0.00600	0.00420	0.00480	0.00840
23	0.78228	0.01499	0.01140	0.01020	0.01499	0.01739	0.00840	0.02279	0.01320	0.03479	0.01080	0.01260	0.00840	0.00720	0.00480	0.00240	0.00600	0.00420	0.00480	0.00840
24	0.01128	0.00752	0.00846	0.00846	0.00846	0.00752	0.00470	0.01128	0.01128	0.01503	0.02443	0.05074	0.02819	0.72751	0.03946	0.00752	0.00752	0.01128	0.00470	0.00470
25	0.01562	0.01473	0.02014	0.01754	0.01754	0.01991	0.01407	0.01692	0.01173	0.01780	0.01355	0.02494	0.01443	0.18225	0.02876	0.00437	0.54656	0.00785	0.00370	0.00759
26	0.02118	0.69520	0.03973	0.01350	0.02012	0.03033	0.01334	0.05601	0.01683	0.01984	0.01119	0.01276	0.01012	0.00677	0.00512	0.00169	0.00830	0.00429	0.00355	0.01012
27	0.02347	0.02543	0.01945	0.01759	0.02181	0.31207	0.01344	0.03677	0.38702	0.02662	0.02309	0.02247	0.01775	0.00943	0.00750	0.00236	0.00953	0.00713	0.00621	0.01085
28	0.34239	0.01396	0.01329	0.01175	0.01599	0.01535	0.00932	0.05448	0.16608	0.08476	0.07052	0.02936	0.09486	0.03736	0.00798	0.00267	0.00585	0.00799	0.00656	0.00947
29	0.01704	0.01661	0.02639	0.42170	0.29485	0.04788	0.02212	0.02185	0.01663	0.02192	0.01401	0.01980	0.01108	0.00744	0.00769	0.00245	0.01006	0.00681	0.00362	0.01005
30	0.05780	0.06066	0.50581	0.02029	0.03018	0.01937	0.02437	0.11605	0.04473	0.02868	0.01501	0.01685	0.01079	0.00774	0.00722	0.00241	0.01042	0.00589	0.00419	0.01153
31	0.01839	0.01406	0.01544	0.01357	0.01742	0.01529	0.01061	0.11458	0.32412	0.06057	0.18082	0.03763	0.08401	0.01218	0.00814	0.00250	0.00562	0.01021	0.04422	0.01061
32	0.01740	0.01983	0.14525	0.35347	0.03963	0.01812	0.04259	0.05515	0.12213	0.05435	0.01759	0.02123	0.01298	0.00848	0.00849	0.00258	0.03878	0.00710	0.00463	0.01021
33	0.01108	0.00831	0.01246	0.01246	0.01385	0.00969	0.00969	0.01385	0.01246	0.01800	0.02077	0.03046	0.01938	0.05815	0.69678	0.01246	0.02077	0.00831	0.00415	0.00692
34	0.01122	0.00774	0.00961	0.00961	0.01001	0.00814	0.00613	0.01201	0.01162	0.01589	0.02338	0.04491	0.02566	0.53504	0.22847	0.00894	0.01133	0.01042	0.00454	0.00534
35	0.02902	0.03520	0.02212	0.01973	0.02398	0.61914	0.01495	0.10245	0.02364	0.02241	0.01275	0.01451	0.01035	0.00814	0.00708	0.00204	0.01336	0.00522	0.00443	0.00947
36	0.02073	0.73217	0.04063	0.01327	0.01990	0.03068	0.01327	0.02322	0.01575	0.01824	0.01078	0.01244	0.00995	0.00663	0.00498	0.00166	0.00829	0.00415	0.00332	0.00995
37	0.01014	0.00708	0.00846	0.00955	0.01073	0.00650	0.00662	0.01198	0.01573	0.02146	0.04857	0.46301	0.19466	0.02086	0.00904	0.00282	0.00423	0.01844	0.12363	0.00650
38	0.01205	0.00974	0.01433	0.01377	0.01493	0.01202	0.01090	0.01464	0.01236	0.01811	0.01901	0.02822	0.01786	0.05076	0.58543	0.01096	0.13564	0.00805	0.00403	0.00718
39	0.01155	0.00816	0.01031	0.01086	0.01269	0.00774	0.00838	0.01386	0.01648	0.05092	0.06972	0.19591	0.24040	0.06227	0.10132	0.00447	0.00727	0.15396	0.00681	0.00691
40	0.01089	0.00768	0.01002	0.01032	0.01091	0.00811	0.00695	0.01214	0.01232	0.01693	0.02621	0.15777	0.02890	0.36233	0.27536	0.00858	0.01186	0.01202	0.00492	0.00579
41	0.01989	0.17963	0.02114	0.01358	0.01745	0.15243	0.01092	0.12828	0.02040	0.02432	0.07457	0.03131	0.11397	0.09108	0.01241	0.05815	0.00828	0.00830	0.00533	0.00857
42	0.01233	0.00950	0.01070	0.01045	0.01232	0.00938	0.00729	0.01701	0.12344	0.02095	0.03863	0.16117	0.15015	0.27584	0.01994	0.00443	0.00598	0.04229	0.00621	0.06197
43	0.05107	0.05045	0.05564	0.02838	0.24822	0.14134	0.04182	0.09955	0.07263	0.07445	0.01659	0.01881	0.01292	0.00822	0.00834	0.00234	0.04629	0.00660	0.00503	0.01132
44	0.02173	0.14066	0.10453	0.01811	0.05363	0.12694	0.01539	0.14440	0.18577	0.02890	0.02312	0.02327	0.06194	0.00936	0.00726	0.00228	0.00880	0.00718	0.00570	0.01104
45	0.01944	0.02061	0.01606	0.06459	0.01969	0.29472	0.01146	0.04717	0.01804	0.02008	0.02157	0.17084	0.02230	0.11232	0.04416	0.03257	0.01022	0.00997	0.03657	0.00761
46	0.01904	0.01836	0.05610	0.08687	0.36726	0.01877	0.06605	0.04903	0.01739	0.04890	0.01506	0.01961	0.01227	0.00837	0.01066	0.00252	0.12747	0.00705	0.03817	0.01105
47	0.01347	0.00673	0.01010	0.01010	0.01010	0.00673	0.00673	0.01010	0.01010	0.01347	0.01347	0.02357	0.01347	0.02694	0.03030	0.77441	0.00673	0.00673	0.00337	0.00337
48	0.01625	0.04135	0.02257	0.12233	0.10367	0.08323	0.08558	0.02054	0.04208	0.02336	0.13996	0.05467	0.09996	0.01166	0.01041	0.00256	0.09592	0.00976	0.00521	0.00892
49	0.01966	0.02071	0.02872	0.27857	0.19679	0.14334	0.12405	0.05236	0.01863	0.02314	0.01418	0.01903	0.01111	0.00746	0.00782	0.00240	0.01110	0.00692	0.00392	0.01009
50	0.01002	0.00759	0.00924	0.00946	0.01116	0.00681	0.00685	0.01256	0.01877	0.02503	0.32739	0.23905	0.24938	0.01923	0.00935	0.00268	0.00396	0.01685	0.00778	0.00681
51	0.02221	0.11580	0.14436	0.01612	0.02211	0.10744	0.01511	0.09087	0.16515	0.10186	0.02091	0.02121	0.01555	0.00870	0.00698	0.00223	0.00841	0.00664	0.09737	0.01098
52	0.02071	0.01800	0.02470	0.01919	0.02366	0.08912	0.19971	0.15192	0.02049	0.07340	0.01974	0.02956	0.01762	0.23654	0.01816	0.00403	0.01000	0.00883	0.00538	0.00923
53	0.01864	0.04193	0.02089	0.04603	0.07701	0.01498	0.06211	0.10373	0.05034	0.07439	0.02834	0.02928	0.13519	0.00989	0.00824	0.00212	0.03846	0.00823	0.00574	0.22446
54	0.01568	0.01330	0.01893	0.13330	0.13392	0.01329	0.01416	0.06384	0.01703	0.02418	0.01927	0.08267	0.01791	0.01848	0.13444	0.00403	0.01001	0.03721	0.00476	0.22361

[dist]
# distance from previous block
# <min> <max>
1	60

[block]
# block no. 8 follows, 25 sequences, length 14
# corresponding to MSA columns:
# 397-410
name=unknown_I
#
# <colnr> <probs for GDERKNQSTAVLIFYWHMCP>
#	G	D	E	R	K	N	Q	S	T	A	V	L	I	F	Y	W	H	M	C	P
0	0.02382	0.07384	0.02073	0.01569	0.02014	0.05363	0.01285	0.20026	0.11811	0.15108	0.02158	0.02299	0.01639	0.01891	0.14068	0.00433	0.06005	0.00731	0.00657	0.01105
1	0.08018	0.00905	0.01024	0.01073	0.01282	0.00909	0.00829	0.01672	0.06829	0.02517	0.09042	0.21493	0.15015	0.01747	0.00862	0.00279	0.00500	0.13634	0.11630	0.00738
2	0.01608	0.01378	0.01608	0.01148	0.01837	0.01034	0.00919	0.01952	0.01608	0.02527	0.01378	0.01608	0.01148	0.00574	0.00574	0.00115	0.00574	0.00459	0.00459	0.77491
3	0.02096	0.13553	0.18711	0.01770	0.02456	0.02070	0.05566	0.22910	0.07496	0.03222	0.01888	0.05537	0.01512	0.00910	0.00725	0.00230	0.00870	0.00731	0.06629	0.01118
4	0.01938	0.01444	0.01885	0.01766	0.12527	0.01180	0.01188	0.02295	0.01725	0.12405	0.01643	0.01813	0.01277	0.00651	0.00636	0.00152	0.00643	0.00545	0.00522	0.53766
5	0.01464	0.01378	0.02326	0.70887	0.05340	0.01723	0.02153	0.01981	0.01550	0.01981	0.01378	0.02067	0.01034	0.00775	0.00775	0.00258	0.01034	0.00689	0.00345	0.00861
6	0.08390	0.01895	0.02102	0.01621	0.02227	0.02018	0.01339	0.44352	0.03099	0.21866	0.02128	0.02028	0.01446	0.00924	0.00756	0.00235	0.00783	0.00700	0.00804	0.01285
7	0.50359	0.01623	0.01502	0.01243	0.01772	0.01799	0.01026	0.16555	0.01971	0.13432	0.01548	0.01598	0.01107	0.00802	0.00590	0.00238	0.00665	0.00535	0.00617	0.01018
8	0.01529	0.00966	0.01078	0.00976	0.01209	0.00980	0.00740	0.11176	0.02080	0.03153	0.24153	0.03880	0.03735	0.06854	0.00973	0.00255	0.00468	0.00978	0.34020	0.00795
9	0.01445	0.01205	0.01771	0.01497	0.01830	0.01171	0.11957	0.11775	0.02082	0.02774	0.16214	0.23932	0.15883	0.01631	0.00914	0.00269	0.00637	0.01478	0.00698	0.00837
10	0.01098	0.00773	0.01012	0.01129	0.01218	0.00751	0.00833	0.01293	0.01562	0.02080	0.09411	0.30647	0.04581	0.18334	0.01685	0.00422	0.00596	0.21274	0.00673	0.00629
11	0.07303	0.00835	0.00967	0.00979	0.01153	0.00792	0.00691	0.01424	0.01642	0.06331	0.15706	0.26792	0.16905	0.13313	0.01386	0.00352	0.00497	0.01545	0.00699	0.00686
12	0.02382	0.01398	0.01670	0.01393	0.01886	0.01374	0.01100	0.05846	0.23153	0.27262	0.02955	0.10980	0.02323	0.01113	0.00779	0.00239	0.00615	0.00936	0.00798	0.11799
13	0.01652	0.12768	0.01927	0.01307	0.01698	0.01422	0.04898	0.04865	0.06946	0.05987	0.12631	0.10016	0.02853	0.01656	0.08584	0.00334	0.00780	0.00945	0.09865	0.08865

[dist]
# distance from previous block
# <min> <max>
0	2

[block]
# block no. 9 follows, 25 sequences, length 12
# corresponding to MSA columns:
# 413-424
name=unknown_J
#
# <colnr> <probs for GDERKNQSTAVLIFYWHMCP>
#	G	D	E	R	K	N	Q	S	T	A	V	L	I	F	Y	W	H	M	C	P
0	0.27823	0.09045	0.01758	0.01279	0.01714	0.05497	0.01023	0.15587	0.05284	0.06290	0.01719	0.02283	0.01480	0.14727	0.01257	0.00329	0.00753	0.00661	0.00560	0.00932
1	0.02124	0.37078	0.03563	0.02362	0.15758	0.12148	0.09022	0.02546	0.04732	0.02122	0.01326	0.01579	0.01128	0.00705	0.00644	0.00200	0.00975	0.00563	0.00380	0.01046
2	0.11041	0.01597	0.02063	0.15709	0.15306	0.06861	0.01588	0.02115	0.01524	0.04949	0.01526	0.02162	0.01313	0.05873	0.07998	0.00385	0.13263	0.00687	0.03135	0.00903
3	0.00992	0.00774	0.00899	0.00898	0.01101	0.00682	0.00662	0.01247	0.01900	0.02481	0.30966	0.15082	0.35796	0.01874	0.00925	0.00262	0.00389	0.01616	0.00773	0.00682
4	0.01076	0.00755	0.00977	0.01051	0.01108	0.00767	0.00717	0.01205	0.01325	0.01788	0.03111	0.26661	0.03540	0.30793	0.15451	0.00671	0.00907	0.06948	0.00562	0.00586
5	0.01044	0.00805	0.00974	0.01050	0.01248	0.00735	0.00833	0.01300	0.01774	0.02247	0.11770	0.16731	0.32971	0.02050	0.00976	0.00298	0.00501	0.21286	0.00731	0.00677
6	0.01426	0.01172	0.01579	0.01436	0.01530	0.01463	0.01123	0.04994	0.01354	0.01990	0.01804	0.02906	0.01766	0.16461	0.27495	0.00739	0.24792	0.00823	0.04407	0.00738
7	0.78228	0.01499	0.01140	0.01020	0.01499	0.01739	0.00840	0.02279	0.01320	0.03479	0.01080	0.01260	0.00840	0.00720	0.00480	0.00240	0.00600	0.00420	0.00480	0.00840
8	0.78228	0.01499	0.01140	0.01020	0.01499	0.01739	0.00840	0.02279	0.01320	0.03479	0.01080	0.01260	0.00840	0.00720	0.00480	0.00240	0.00600	0.00420	0.00480	0.00840
9	0.01118	0.00789	0.01037	0.01037	0.01103	0.00855	0.00708	0.01250	0.01184	0.01645	0.02268	0.04107	0.02399	0.40818	0.35305	0.00988	0.01384	0.00986	0.00444	0.00576
10	0.02902	0.01795	0.02039	0.01612	0.02188	0.01903	0.01316	0.32930	0.16386	0.24735	0.02514	0.02325	0.01729	0.00965	0.00780	0.00241	0.00741	0.00761	0.00837	0.01300
11	0.01851	0.01826	0.03293	0.04238	0.51447	0.01797	0.14411	0.02343	0.01804	0.02559	0.05549	0.02191	0.01593	0.00739	0.00805	0.00237	0.00962	0.00778	0.00414	0.01162

[dist]
# distance from previous block
# <min> <max>
0	1

[block]
# block no. 10 follows, 25 sequences, length 26
# corresponding to MSA columns:
# 426-438,454-466
name=unknown_K
#
# <colnr> <probs for GDERKNQSTAVLIFYWHMCP>
#	G	D	E	R	K	N	Q	S	T	A	V	L	I	F	Y	W	H	M	C	P
0	0.01870	0.01971	0.07739	0.08024	0.60092	0.01833	0.02402	0.02364	0.01745	0.02499	0.01450	0.01907	0.01201	0.00698	0.00766	0.00233	0.00943	0.00682	0.00378	0.01203
1	0.02088	0.55266	0.08186	0.01425	0.02059	0.10522	0.01401	0.02385	0.01655	0.01951	0.01214	0.01403	0.01063	0.00701	0.00541	0.00176	0.00885	0.00457	0.05645	0.00976
2	0.02285	0.02064	0.01940	0.01682	0.02154	0.11679	0.01319	0.17131	0.43835	0.03405	0.02599	0.02458	0.01947	0.00990	0.00773	0.00247	0.00777	0.00784	0.00731	0.01200
3	0.06111	0.09988	0.02514	0.02117	0.12019	0.08851	0.01528	0.32947	0.02726	0.11179	0.01753	0.01819	0.01286	0.00846	0.00723	0.00223	0.00881	0.00643	0.00639	0.01207
4	0.01843	0.01799	0.02547	0.26411	0.29846	0.07158	0.02029	0.02609	0.13202	0.02422	0.01712	0.02101	0.01346	0.00792	0.00769	0.00243	0.00942	0.00708	0.00444	0.01078
5	0.16025	0.08434	0.02251	0.05590	0.08026	0.39940	0.01477	0.05564	0.01987	0.02366	0.01230	0.01462	0.01006	0.00770	0.00658	0.00211	0.01127	0.00514	0.00421	0.00941
6	0.02077	0.01239	0.01510	0.01271	0.01655	0.01230	0.01006	0.12365	0.09614	0.19766	0.33873	0.04061	0.04470	0.01266	0.00845	0.00243	0.00544	0.01077	0.00861	0.01026
7	0.01723	0.01652	0.09508	0.01701	0.02227	0.01360	0.14219	0.07936	0.06619	0.09464	0.14312	0.06394	0.17010	0.01252	0.00863	0.00254	0.00746	0.01125	0.00666	0.00970
8	0.78228	0.01499	0.01140	0.01020	0.01499	0.01739	0.00840	0.02279	0.01320	0.03479	0.01080	0.01260	0.00840	0.00720	0.00480	0.00240	0.00600	0.00420	0.00480	0.00840
9	0.01997	0.01734	0.02562	0.03283	0.37250	0.04814	0.04653	0.05048	0.09062	0.07832	0.08972	0.05249	0.02204	0.00929	0.00799	0.00239	0.00826	0.00856	0.00553	0.01138
10	0.01490	0.01173	0.01404	0.01292	0.01580	0.01292	0.01009	0.09856	0.16384	0.02679	0.09642	0.03795	0.12264	0.03149	0.28639	0.00654	0.01177	0.01001	0.00633	0.00888
11	0.01381	0.01222	0.01749	0.06452	0.01876	0.01584	0.01301	0.01599	0.01230	0.01807	0.01626	0.02638	0.01588	0.11006	0.29545	0.00743	0.30732	0.00790	0.00385	0.00745
12	0.02373	0.07030	0.02765	0.02269	0.07737	0.17806	0.12457	0.17631	0.13433	0.02977	0.01760	0.01928	0.01359	0.00856	0.00845	0.00235	0.04184	0.00700	0.00545	0.01109
13	0.02073	0.73217	0.04063	0.01327	0.01990	0.03068	0.01327	0.02322	0.01575	0.01824	0.01078	0.01244	0.00995	0.00663	0.00498	0.00166	0.00829	0.00415	0.00332	0.00995
14	0.04914	0.01558	0.01725	0.01473	0.01896	0.01683	0.01175	0.30185	0.11039	0.08267	0.02729	0.15569	0.02439	0.01296	0.00810	0.00257	0.00681	0.05059	0.06166	0.01081
15	0.01320	0.00691	0.01036	0.01036	0.01052	0.00706	0.00706	0.01052	0.01036	0.01397	0.01428	0.02434	0.01413	0.03042	0.10476	0.68928	0.00830	0.00691	0.00345	0.00376
16	0.01052	0.00745	0.00928	0.00988	0.01090	0.00698	0.00687	0.01198	0.01581	0.02096	0.15971	0.27413	0.14705	0.16005	0.01684	0.05434	0.00518	0.05929	0.00670	0.00608
17	0.00954	0.00721	0.00881	0.00980	0.01105	0.00649	0.00682	0.01134	0.01651	0.02145	0.12662	0.45203	0.24041	0.02192	0.00959	0.00291	0.00423	0.01942	0.00735	0.00649
18	0.02429	0.31143	0.03080	0.05650	0.02492	0.35571	0.05019	0.02691	0.01893	0.01906	0.01181	0.01413	0.01009	0.00736	0.00635	0.00193	0.01146	0.00499	0.00369	0.00943
19	0.01076	0.00799	0.01032	0.01169	0.01325	0.00754	0.00929	0.01326	0.01686	0.02160	0.05026	0.28502	0.19286	0.02191	0.01009	0.00322	0.00556	0.29459	0.00717	0.00674
20	0.07206	0.07741	0.07520	0.02855	0.26331	0.20064	0.01836	0.05353	0.09139	0.02543	0.01537	0.01772	0.01237	0.00773	0.00711	0.00223	0.01000	0.00614	0.00448	0.01095
21	0.01544	0.01177	0.01426	0.01165	0.01620	0.01000	0.00893	0.04583	0.01630	0.05447	0.02155	0.14823	0.02117	0.06541	0.08900	0.00337	0.00754	0.00889	0.00539	0.42459
22	0.04920	0.00992	0.01108	0.01094	0.01259	0.03503	0.00771	0.01711	0.06667	0.06062	0.17848	0.23546	0.04226	0.18545	0.03918	0.00416	0.00624	0.01389	0.00677	0.00723
