[name]
unknown

[dist]
# distance from previous block
# <min> <max>
0	499

[block]
# block no. 0 follows, 32 sequences, length 6
# corresponding to MSA columns:
# 588-593
name=unknown_A
#
# <colnr> <probs for GDERKNQSTAVLIFYWHMCP>
#	G	D	E	R	K	N	Q	S	T	A	V	L	I	F	Y	W	H	M	C	P
0	0.01402	0.05836	0.07479	0.24176	0.05613	0.01397	0.05740	0.08404	0.03348	0.02073	0.03494	0.05198	0.01604	0.09317	0.04525	0.00303	0.00827	0.04229	0.00407	0.04627
1	0.01796	0.14551	0.02106	0.07023	0.13819	0.08973	0.01287	0.14088	0.03930	0.04921	0.08615	0.05862	0.01887	0.00872	0.00648	0.00196	0.00716	0.03923	0.00484	0.04302
2	0.05893	0.01614	0.05210	0.11180	0.13758	0.08692	0.04011	0.07853	0.11734	0.07527	0.04781	0.08138	0.01691	0.00853	0.00668	0.00209	0.00731	0.00729	0.00491	0.04236
3	0.08769	0.01713	0.09616	0.05803	0.13627	0.03455	0.06913	0.11346	0.17275	0.05557	0.04041	0.05702	0.01589	0.00817	0.00668	0.00215	0.00723	0.00704	0.00505	0.00962
4	0.01662	0.07705	0.13882	0.14319	0.09899	0.09433	0.15327	0.07327	0.05831	0.02205	0.04933	0.01798	0.01289	0.00692	0.00671	0.00206	0.00905	0.00626	0.00386	0.00905
5	0.04803	0.14917	0.02195	0.05332	0.15713	0.05511	0.01323	0.08171	0.15350	0.10428	0.01635	0.01730	0.01255	0.00728	0.00672	0.00195	0.03821	0.00568	0.00483	0.05170

[dist]
# distance from previous block
# <min> <max>
0	3

[block]
# block no. 1 follows, 32 sequences, length 14
# corresponding to MSA columns:
# 597-610
name=unknown_B
#
# <colnr> <probs for GDERKNQSTAVLIFYWHMCP>
#	G	D	E	R	K	N	Q	S	T	A	V	L	I	F	Y	W	H	M	C	P
0	0.01866	0.21342	0.04272	0.01488	0.01979	0.07261	0.08922	0.20102	0.07999	0.02581	0.06960	0.04092	0.01620	0.00920	0.02925	0.00217	0.00783	0.00643	0.00485	0.03541
1	0.01623	0.20198	0.19135	0.01629	0.04418	0.04880	0.08227	0.09606	0.05027	0.02129	0.01571	0.01943	0.03724	0.07481	0.04022	0.00272	0.02250	0.00604	0.00384	0.00877
2	0.01911	0.35230	0.15901	0.01354	0.01960	0.02044	0.01373	0.16476	0.01787	0.07802	0.01346	0.01465	0.01047	0.00826	0.03213	0.00208	0.00784	0.00486	0.03839	0.00947
3	0.14816	0.04054	0.14230	0.04515	0.01945	0.05155	0.07156	0.08250	0.03668	0.02379	0.06654	0.08027	0.06876	0.04103	0.02866	0.00255	0.00736	0.00769	0.02754	0.00795
4	0.05332	0.06201	0.41276	0.01837	0.02603	0.12683	0.07724	0.10508	0.01703	0.02327	0.01217	0.01413	0.00897	0.00657	0.00631	0.00203	0.00972	0.00512	0.00351	0.00952
5	0.11278	0.06779	0.27004	0.01503	0.02143	0.04255	0.01555	0.16992	0.06909	0.08807	0.01607	0.05480	0.01247	0.00784	0.00623	0.00208	0.00770	0.00602	0.00480	0.00972
6	0.09160	0.23015	0.20889	0.01473	0.02062	0.06097	0.07035	0.02080	0.03297	0.06415	0.04659	0.08046	0.01499	0.00796	0.00599	0.00197	0.00774	0.00639	0.00400	0.00866
7	0.05891	0.20862	0.26479	0.01714	0.08898	0.01807	0.01639	0.09136	0.03782	0.04610	0.01265	0.01419	0.00975	0.00636	0.00570	0.00182	0.00779	0.00481	0.00377	0.08499
8	0.04288	0.06889	0.06944	0.00953	0.01244	0.00942	0.00829	0.01394	0.05136	0.01978	0.10705	0.07532	0.31686	0.07944	0.00976	0.00265	0.00498	0.08587	0.00555	0.00654
9	0.01564	0.02116	0.24466	0.05264	0.09076	0.03289	0.11624	0.14370	0.01800	0.02453	0.05035	0.02380	0.09562	0.03094	0.00778	0.00225	0.00832	0.00725	0.00433	0.00914
10	0.10133	0.00981	0.01019	0.00982	0.01234	0.05023	0.00783	0.01618	0.04451	0.07729	0.20269	0.04951	0.22221	0.01375	0.00753	0.00233	0.00486	0.14444	0.00629	0.00688
11	0.43040	0.01382	0.01484	0.01235	0.01638	0.01559	0.06877	0.10464	0.10048	0.02957	0.07984	0.01781	0.01503	0.00775	0.00642	0.00216	0.04520	0.00571	0.00497	0.00826
12	0.01847	0.01402	0.02051	0.02025	0.14689	0.01510	0.08811	0.04577	0.19387	0.15895	0.02059	0.07752	0.01663	0.00930	0.00933	0.00231	0.11944	0.00775	0.00546	0.00973
13	0.01178	0.00993	0.07799	0.01044	0.01247	0.00846	0.00859	0.01404	0.01216	0.07813	0.07352	0.03209	0.02191	0.25699	0.33401	0.00723	0.01150	0.00811	0.00437	0.00628

[dist]
# distance from previous block
# <min> <max>
0	2

[block]
# block no. 2 follows, 32 sequences, length 120
# corresponding to MSA columns:
# 613-732
name=unknown_C
#
# <colnr> <probs for GDERKNQSTAVLIFYWHMCP>
#	G	D	E	R	K	N	Q	S	T	A	V	L	I	F	Y	W	H	M	C	P
0	0.01710	0.01487	0.05319	0.12455	0.02229	0.01389	0.01191	0.24778	0.01973	0.02760	0.01563	0.08329	0.01335	0.00781	0.00622	0.00174	0.00655	0.00640	0.00490	0.30119
1	0.01650	0.01569	0.05897	0.25586	0.30024	0.01626	0.01817	0.09675	0.05171	0.04337	0.01371	0.01734	0.01066	0.00700	0.00751	0.00215	0.04870	0.00603	0.00387	0.00953
2	0.01960	0.13658	0.02135	0.01959	0.15026	0.36553	0.01318	0.02190	0.01647	0.01772	0.03913	0.05513	0.01364	0.01125	0.06823	0.00257	0.01030	0.00584	0.00365	0.00811
3	0.01303	0.01229	0.02077	0.68361	0.10786	0.01500	0.01881	0.01746	0.01359	0.01758	0.01199	0.01777	0.00910	0.00664	0.00670	0.00221	0.00886	0.00596	0.00301	0.00774
4	0.09205	0.13235	0.02082	0.01753	0.11637	0.11505	0.01253	0.14760	0.22948	0.02652	0.01661	0.01707	0.01289	0.00741	0.00605	0.00197	0.00723	0.00568	0.00502	0.00977
5	0.01589	0.07309	0.04490	0.20599	0.02459	0.08173	0.01315	0.07204	0.07985	0.03660	0.01532	0.05413	0.01344	0.07521	0.01067	0.00249	0.09652	0.00655	0.00411	0.07374
6	0.01565	0.01482	0.02513	0.14356	0.57689	0.01526	0.01967	0.01965	0.01501	0.02110	0.01400	0.02061	0.01219	0.00690	0.00682	0.00210	0.00800	0.04932	0.00346	0.00987
7	0.01758	0.34825	0.21424	0.01693	0.02391	0.02006	0.15453	0.02196	0.01479	0.09064	0.01264	0.01437	0.00971	0.00615	0.00583	0.00185	0.00858	0.00515	0.00352	0.00932
8	0.01423	0.01404	0.11377	0.11203	0.20982	0.01143	0.01433	0.01747	0.01496	0.08438	0.10269	0.02855	0.12470	0.01081	0.00912	0.09052	0.00667	0.00784	0.00453	0.00811
9	0.00815	0.00592	0.00770	0.00913	0.00968	0.00547	0.00613	0.00937	0.01305	0.01721	0.03961	0.70076	0.10173	0.02068	0.00851	0.00269	0.00385	0.01866	0.00623	0.00547
10	0.00896	0.00684	0.00823	0.00788	0.00970	0.00610	0.00591	0.01163	0.01773	0.02392	0.49737	0.05504	0.28660	0.01483	0.00792	0.00216	0.00324	0.01282	0.00699	0.00610
11	0.05834	0.01296	0.01628	0.01253	0.01772	0.01226	0.01035	0.16672	0.02140	0.56296	0.02374	0.02104	0.01521	0.00818	0.00664	0.00206	0.00603	0.00649	0.00783	0.01126
12	0.01717	0.01697	0.09307	0.18795	0.11211	0.01518	0.30270	0.02210	0.01559	0.12791	0.01492	0.01825	0.01078	0.00640	0.00718	0.00219	0.00942	0.00681	0.00399	0.00931
13	0.00841	0.00610	0.00772	0.00877	0.00944	0.00565	0.00589	0.00970	0.01336	0.01767	0.09655	0.54786	0.12466	0.09175	0.01091	0.00298	0.00403	0.01700	0.00612	0.00542
14	0.00818	0.00584	0.00779	0.00934	0.00973	0.00545	0.00623	0.00934	0.01285	0.01713	0.03698	0.75981	0.04438	0.02102	0.00856	0.00273	0.00389	0.01908	0.00623	0.00545
15	0.01359	0.00856	0.00965	0.07938	0.01353	0.00902	0.00726	0.09502	0.03584	0.02584	0.06148	0.02808	0.07955	0.00889	0.00563	0.00179	0.00427	0.00724	0.49833	0.00704
16	0.01267	0.01193	0.02013	0.74806	0.04621	0.01491	0.01863	0.01714	0.01342	0.01714	0.01193	0.01789	0.00894	0.00671	0.00671	0.00224	0.00894	0.00596	0.00298	0.00745
17	0.01166	0.00583	0.00874	0.00874	0.00874	0.00583	0.00583	0.00874	0.00874	0.01166	0.01166	0.02040	0.01166	0.02331	0.02622	0.80478	0.00583	0.00583	0.00291	0.00291
18	0.01166	0.00583	0.00874	0.00874	0.00874	0.00583	0.00583	0.00874	0.00874	0.01166	0.01166	0.02040	0.01166	0.02331	0.02622	0.80478	0.00583	0.00583	0.00291	0.00291
19	0.01036	0.00833	0.01227	0.01182	0.01284	0.01024	0.00934	0.01262	0.01071	0.01566	0.01658	0.02458	0.01556	0.04445	0.62870	0.00959	0.12967	0.00699	0.00349	0.00620
20	0.01563	0.00824	0.01079	0.00936	0.01210	0.00735	0.00730	0.01849	0.01874	0.23890	0.45313	0.04306	0.10486	0.01235	0.00756	0.00211	0.00396	0.01067	0.00757	0.00782
21	0.00888	0.00601	0.00786	0.00897	0.00927	0.00574	0.00588	0.00947	0.01192	0.01588	0.03145	0.53408	0.03723	0.16436	0.01522	0.08098	0.00464	0.03172	0.00549	0.00496
22	0.01412	0.05080	0.01501	0.01002	0.01597	0.00985	0.00813	0.01706	0.01390	0.02155	0.01179	0.01375	0.00987	0.00501	0.00494	0.00102	0.00508	0.00396	0.00392	0.76426
23	0.01693	0.49045	0.17285	0.01567	0.02233	0.04240	0.11700	0.02071	0.01422	0.01774	0.01053	0.01257	0.00882	0.00589	0.00530	0.00170	0.00847	0.00453	0.00296	0.00891
24	0.01166	0.00583	0.00874	0.00874	0.00874	0.00583	0.00583	0.00874	0.00874	0.01166	0.01166	0.02040	0.01166	0.02331	0.02622	0.80478	0.00583	0.00583	0.00291	0.00291
25	0.01361	0.01160	0.01359	0.00991	0.01557	0.00876	0.00786	0.01649	0.01386	0.02161	0.01326	0.05357	0.01177	0.00582	0.00516	0.00109	0.00491	0.00478	0.00410	0.76269
26	0.01527	0.01382	0.01432	0.01087	0.01624	0.07165	0.00860	0.05464	0.05336	0.02260	0.01625	0.01755	0.05348	0.00625	0.00543	0.00126	0.00563	0.00493	0.00437	0.60348
27	0.01854	0.01355	0.05555	0.01469	0.08858	0.01071	0.03136	0.04142	0.01579	0.20488	0.01644	0.01830	0.01248	0.04649	0.00737	0.00180	0.00608	0.00544	0.00504	0.38550
28	0.01812	0.61138	0.03167	0.01255	0.01745	0.09465	0.01181	0.02018	0.01379	0.01587	0.00963	0.01166	0.00886	0.00761	0.02645	0.00185	0.07121	0.00395	0.00295	0.00835
29	0.01137	0.00882	0.01123	0.01159	0.04854	0.00982	0.00769	0.01454	0.09411	0.01628	0.02023	0.03534	0.02085	0.40619	0.16473	0.00618	0.07197	0.03035	0.00424	0.00592
30	0.01931	0.56336	0.06844	0.01320	0.01864	0.18608	0.01252	0.02166	0.01487	0.01622	0.00971	0.01125	0.00861	0.00604	0.00481	0.00154	0.00843	0.00383	0.00300	0.00849
31	0.00960	0.00715	0.01058	0.01058	0.01171	0.00828	0.00813	0.01185	0.01072	0.01542	0.01816	0.02740	0.01723	0.09258	0.69596	0.01053	0.01729	0.00734	0.00362	0.00588
32	0.01730	0.02226	0.19819	0.06439	0.02414	0.11888	0.07496	0.12442	0.11883	0.02431	0.05632	0.01946	0.02839	0.00814	0.00801	0.00216	0.06976	0.00641	0.00448	0.00920
33	0.07882	0.01881	0.14597	0.02011	0.18064	0.07510	0.01495	0.04204	0.07408	0.18940	0.01844	0.01895	0.03529	0.00732	0.00635	0.00200	0.00738	0.00596	0.00499	0.05340
34	0.01469	0.02670	0.47684	0.01865	0.02653	0.01405	0.12010	0.02091	0.01471	0.08514	0.01656	0.10456	0.01377	0.00819	0.00690	0.00221	0.00902	0.00724	0.00382	0.00939
35	0.01017	0.00635	0.00850	0.00958	0.01041	0.00585	0.00656	0.01147	0.01343	0.08186	0.03602	0.69261	0.04185	0.01986	0.00840	0.00267	0.00406	0.01795	0.00642	0.00599
36	0.01752	0.02129	0.23510	0.04032	0.16815	0.01588	0.10563	0.08054	0.13134	0.09217	0.01660	0.01805	0.01216	0.00698	0.00677	0.00213	0.00830	0.00627	0.00451	0.01028
37	0.01628	0.02206	0.20564	0.05022	0.38323	0.09171	0.05637	0.02106	0.01538	0.02093	0.01333	0.01835	0.01110	0.00676	0.00670	0.00207	0.00903	0.03668	0.00334	0.00977
38	0.01581	0.01421	0.02067	0.49794	0.13633	0.07438	0.01755	0.01971	0.01452	0.07801	0.01302	0.01753	0.00980	0.00695	0.00722	0.00217	0.03651	0.00589	0.00352	0.00826
39	0.01616	0.01710	0.06151	0.12654	0.47585	0.07766	0.01905	0.02014	0.01532	0.02063	0.01430	0.02139	0.01256	0.00727	0.00681	0.00210	0.00840	0.06414	0.00351	0.00955
40	0.00840	0.00593	0.00772	0.00905	0.00939	0.00560	0.00592	0.00940	0.01241	0.01654	0.03472	0.65761	0.04153	0.12712	0.01222	0.00326	0.00427	0.01774	0.00592	0.00525
41	0.01536	0.01467	0.02498	0.26518	0.50808	0.01561	0.01997	0.01950	0.01469	0.02041	0.01240	0.01701	0.01009	0.00621	0.00666	0.00207	0.00828	0.00597	0.00321	0.00962
42	0.01089	0.00664	0.00882	0.04681	0.01166	0.00645	0.00679	0.01242	0.01362	0.06083	0.09227	0.41889	0.03493	0.01688	0.00936	0.07993	0.00425	0.01361	0.13908	0.00588
43	0.00942	0.00682	0.00917	0.00897	0.01027	0.00673	0.00664	0.01205	0.01606	0.02267	0.46038	0.10468	0.04885	0.06910	0.17330	0.00438	0.00676	0.01147	0.00623	0.00604
44	0.05969	0.04039	0.01786	0.01544	0.08030	0.03955	0.01136	0.22047	0.18955	0.02936	0.01670	0.01719	0.01278	0.00712	0.00605	0.00179	0.00634	0.00562	0.00536	0.21708
45	0.00859	0.00642	0.00766	0.00813	0.00925	0.00584	0.00561	0.01014	0.01434	0.01876	0.17820	0.31365	0.24360	0.12436	0.01190	0.00301	0.00398	0.01494	0.00615	0.00549
46	0.01595	0.16411	0.46121	0.01772	0.05948	0.01690	0.01987	0.02221	0.03352	0.08043	0.01321	0.01469	0.00969	0.00643	0.00600	0.00195	0.00865	0.00495	0.00348	0.03954
47	0.01414	0.16173	0.50508	0.01762	0.02587	0.01689	0.05575	0.02039	0.01427	0.02018	0.01378	0.01937	0.01135	0.00733	0.00635	0.00210	0.00916	0.06616	0.00317	0.00930
48	0.01035	0.00652	0.00910	0.00910	0.00954	0.00697	0.00628	0.01023	0.00978	0.01349	0.01667	0.02923	0.01714	0.24196	0.29198	0.28584	0.01052	0.00744	0.00349	0.00438
49	0.01346	0.03471	0.72942	0.01912	0.02904	0.01558	0.02479	0.02125	0.01417	0.02125	0.01204	0.01417	0.00850	0.00637	0.00637	0.00212	0.00992	0.00496	0.00283	0.00992
50	0.01810	0.50085	0.19315	0.01374	0.02023	0.08023	0.01459	0.02155	0.01448	0.05365	0.01092	0.01228	0.00900	0.00611	0.00505	0.00165	0.00813	0.00413	0.00319	0.00899
51	0.01696	0.01332	0.09142	0.05163	0.05997	0.01189	0.03247	0.01984	0.01486	0.21426	0.05780	0.20641	0.02280	0.01189	0.00996	0.00241	0.13842	0.00973	0.00550	0.00846
52	0.01428	0.25500	0.34014	0.01442	0.02144	0.01695	0.01637	0.01900	0.01401	0.01945	0.03664	0.08225	0.01377	0.00759	0.00582	0.00183	0.00771	0.00594	0.00344	0.10394
53	0.01975	0.58144	0.03106	0.01295	0.01812	0.20686	0.01186	0.02179	0.01500	0.01595	0.00959	0.01110	0.00862	0.00604	0.00475	0.00151	0.00843	0.00377	0.00302	0.00840
54	0.01043	0.00893	0.00931	0.00890	0.01072	0.06822	0.00664	0.01306	0.01791	0.02369	0.48834	0.08760	0.19283	0.01420	0.00779	0.00214	0.00401	0.01226	0.00675	0.00627
55	0.01833	0.72806	0.03428	0.01180	0.01741	0.06532	0.01156	0.02046	0.01393	0.01582	0.00939	0.01084	0.00861	0.00580	0.00440	0.00145	0.00744	0.00363	0.00290	0.00857
56	0.05510	0.04625	0.25230	0.07627	0.19418	0.01619	0.01838	0.13548	0.01771	0.10404	0.01426	0.01607	0.01039	0.00677	0.00639	0.00205	0.00817	0.00556	0.00429	0.01016
57	0.04113	0.11069	0.12730	0.01839	0.02346	0.40253	0.11925	0.02392	0.01676	0.01818	0.01092	0.01322	0.00882	0.00664	0.00663	0.00188	0.03372	0.00491	0.00329	0.00835
58	0.81159	0.01298	0.00986	0.00882	0.01298	0.01505	0.00727	0.01972	0.01142	0.03010	0.00934	0.01090	0.00727	0.00623	0.00415	0.00208	0.00519	0.00363	0.00415	0.00727
59	0.00996	0.00699	0.00956	0.04702	0.01145	0.00763	0.00683	0.01096	0.01037	0.01428	0.01893	0.05311	0.01983	0.34015	0.32378	0.08075	0.01126	0.00840	0.00377	0.00497
60	0.04117	0.01463	0.01757	0.15892	0.06621	0.01673	0.01303	0.14372	0.37318	0.05096	0.02095	0.02112	0.01557	0.00816	0.00669	0.00219	0.00654	0.00676	0.00581	0.01006
61	0.01661	0.01594	0.02724	0.04119	0.72233	0.01594	0.02059	0.02059	0.01528	0.02192	0.01262	0.01661	0.01063	0.00598	0.00664	0.00199	0.00797	0.00598	0.00332	0.01063
62	0.00984	0.00679	0.00866	0.00819	0.00977	0.00632	0.00614	0.01300	0.01843	0.02669	0.63919	0.04725	0.05804	0.01304	0.00755	0.00205	0.00316	0.01146	0.09808	0.00632
63	0.00959	0.00717	0.01067	0.01067	0.01183	0.00833	0.00825	0.01191	0.01075	0.01549	0.01808	0.02693	0.01702	0.07362	0.71465	0.01064	0.01760	0.00727	0.00361	0.00593
64	0.01487	0.02308	0.26766	0.02355	0.03131	0.01577	0.41020	0.02099	0.01510	0.02145	0.01291	0.01640	0.00960	0.00583	0.00713	0.00210	0.01027	0.00657	0.00326	0.08194
65	0.00847	0.00653	0.00754	0.00786	0.00929	0.00581	0.00556	0.01017	0.01491	0.01919	0.18670	0.24658	0.34714	0.08088	0.01032	0.00272	0.00375	0.01470	0.00628	0.00561
66	0.09576	0.01756	0.01840	0.01455	0.01955	0.01962	0.01191	0.53062	0.13934	0.03888	0.01730	0.01708	0.01250	0.00806	0.00650	0.00206	0.00685	0.00607	0.00650	0.01091
67	0.06593	0.01514	0.07737	0.01319	0.01788	0.05957	0.01149	0.04995	0.07621	0.39907	0.02131	0.02062	0.01466	0.01200	0.07396	0.00291	0.04596	0.00631	0.00641	0.01006
68	0.00971	0.00668	0.00821	0.00821	0.00851	0.00699	0.00517	0.01033	0.01002	0.01367	0.02033	0.03942	0.02244	0.58152	0.21416	0.00760	0.00944	0.00910	0.00395	0.00456
69	0.01389	0.01206	0.01469	0.01253	0.07556	0.00959	0.00895	0.01738	0.03555	0.02185	0.01560	0.01732	0.05004	0.00586	0.00533	0.00119	0.00515	0.00483	0.00413	0.66850
70	0.81159	0.01298	0.00986	0.00882	0.01298	0.01505	0.00727	0.01972	0.01142	0.03010	0.00934	0.01090	0.00727	0.00623	0.00415	0.00208	0.00519	0.00363	0.00415	0.00727
71	0.00956	0.00690	0.00906	0.00864	0.01022	0.00640	0.00656	0.01273	0.01881	0.02656	0.68367	0.05144	0.06204	0.01397	0.00798	0.00216	0.00332	0.04632	0.00732	0.00632
72	0.00974	0.00659	0.00774	0.00774	0.00788	0.00673	0.00459	0.01003	0.00988	0.01332	0.02076	0.04178	0.02347	0.67760	0.11947	0.00702	0.00790	0.00945	0.00401	0.00430
73	0.01267	0.01193	0.02013	0.74806	0.04621	0.01491	0.01863	0.01714	0.01342	0.01714	0.01193	0.01789	0.00894	0.00671	0.00671	0.00224	0.00894	0.00596	0.00298	0.00745
74	0.08599	0.63695	0.03154	0.01178	0.01718	0.09038	0.01126	0.02067	0.01394	0.01706	0.00942	0.01090	0.00850	0.00589	0.00445	0.00152	0.00746	0.00366	0.00303	0.00842
75	0.01719	0.01166	0.01392	0.01111	0.01515	0.01106	0.00871	0.15781	0.01713	0.12144	0.01720	0.02215	0.01447	0.12537	0.13608	0.00385	0.00803	0.00619	0.00509	0.27641
76	0.08477	0.01740	0.01972	0.02285	0.24129	0.17144	0.04999	0.02156	0.07340	0.02137	0.01530	0.06179	0.01335	0.00883	0.02214	0.00223	0.06082	0.00649	0.07665	0.00860
77	0.81159	0.01298	0.00986	0.00882	0.01298	0.01505	0.00727	0.01972	0.01142	0.03010	0.00934	0.01090	0.00727	0.00623	0.00415	0.00208	0.00519	0.00363	0.00415	0.00727
78	0.01686	0.01939	0.08338	0.03456	0.16173	0.21570	0.05227	0.02070	0.03657	0.04421	0.17185	0.02630	0.07016	0.00889	0.00690	0.00201	0.00800	0.00751	0.00466	0.00835
79	0.02798	0.01142	0.01507	0.01169	0.01664	0.01009	0.00961	0.06622	0.01953	0.63037	0.02945	0.02603	0.07604	0.00903	0.00685	0.00209	0.00560	0.00734	0.00804	0.01093
80	0.01075	0.00970	0.01269	0.01165	0.01284	0.01165	0.00933	0.01254	0.01238	0.01678	0.03441	0.03726	0.29087	0.02345	0.19517	0.00463	0.27370	0.00947	0.00440	0.00634
81	0.01794	0.76823	0.03516	0.01148	0.01722	0.02655	0.01148	0.02009	0.01363	0.01579	0.00933	0.01076	0.00861	0.00574	0.00431	0.00144	0.00718	0.00359	0.00287	0.00861
82	0.00822	0.00598	0.00776	0.00906	0.00969	0.00552	0.00613	0.00955	0.01340	0.01774	0.07606	0.65868	0.10696	0.02027	0.00847	0.00265	0.00381	0.01826	0.00629	0.00552
83	0.01267	0.01193	0.02013	0.74806	0.04621	0.01491	0.01863	0.01714	0.01342	0.01714	0.01193	0.01789	0.00894	0.00671	0.00671	0.00224	0.00894	0.00596	0.00298	0.00745
84	0.01554	0.14093	0.01792	0.01082	0.01653	0.07376	0.00897	0.01827	0.01430	0.02038	0.01136	0.01323	0.00960	0.00526	0.00495	0.00113	0.00595	0.00394	0.00375	0.60340
85	0.01362	0.01206	0.06660	0.08154	0.19752	0.01053	0.03058	0.01667	0.01472	0.09115	0.02831	0.25377	0.09558	0.01270	0.00753	0.00235	0.00623	0.04540	0.00511	0.00802
86	0.01447	0.13548	0.61037	0.01795	0.02714	0.01727	0.02256	0.04327	0.01466	0.02118	0.01180	0.01376	0.00861	0.00634	0.00610	0.00203	0.00946	0.00480	0.00297	0.00978
87	0.49105	0.01660	0.01390	0.01377	0.07534	0.12554	0.00995	0.05980	0.09350	0.02776	0.01219	0.01346	0.00949	0.00674	0.00510	0.00204	0.00661	0.00452	0.00442	0.00824
88	0.01459	0.01249	0.02015	0.20883	0.37257	0.01323	0.01608	0.01848	0.01451	0.02151	0.01479	0.01906	0.01187	0.00663	0.00616	0.00194	0.00699	0.00604	0.20536	0.00873
89	0.01391	0.01193	0.01391	0.00994	0.01590	0.00894	0.00795	0.01690	0.01391	0.02186	0.01193	0.01391	0.00994	0.00497	0.00497	0.00099	0.00497	0.00398	0.00398	0.80521
90	0.01412	0.00781	0.00798	0.00739	0.00943	0.00806	0.00569	0.10052	0.01624	0.02716	0.02117	0.02391	0.01648	0.00785	0.00494	0.00162	0.00365	0.00623	0.70286	0.00689
91	0.00980	0.00742	0.01085	0.01073	0.01178	0.00869	0.00824	0.01194	0.01067	0.01536	0.01790	0.02750	0.01716	0.11391	0.64548	0.01009	0.04562	0.00737	0.00361	0.00587
92	0.02341	0.02406	0.07990	0.07003	0.04004	0.28352	0.01432	0.29381	0.02311	0.06384	0.01379	0.01495	0.01021	0.00736	0.00644	0.00194	0.00938	0.00534	0.00491	0.00964
93	0.02375	0.02987	0.01832	0.01673	0.02000	0.67535	0.01258	0.02554	0.01832	0.01635	0.01102	0.01331	0.00933	0.01060	0.06818	0.00250	0.01260	0.00457	0.00347	0.00763
94	0.01060	0.00685	0.00872	0.00907	0.01006	0.00664	0.00634	0.01190	0.01270	0.06658	0.04936	0.27315	0.09059	0.25098	0.09658	0.00470	0.00650	0.06761	0.00545	0.00561
95	0.01231	0.00903	0.01137	0.12935	0.03518	0.00914	0.00915	0.05518	0.03271	0.05758	0.06046	0.04527	0.29973	0.01271	0.00725	0.00222	0.00509	0.08541	0.11386	0.00699
96	0.01628	0.01615	0.02821	0.03398	0.45329	0.01664	0.16204	0.02166	0.07396	0.02183	0.01372	0.01746	0.01120	0.00670	0.00833	0.00216	0.07628	0.00651	0.00360	0.01000
97	0.01290	0.01115	0.01777	0.12744	0.28948	0.01157	0.01443	0.01598	0.01408	0.01917	0.02140	0.10592	0.02198	0.09532	0.03195	0.00311	0.00742	0.16684	0.00432	0.00776
98	0.02145	0.06953	0.08176	0.07756	0.02290	0.10809	0.01383	0.35908	0.09730	0.03111	0.01528	0.01611	0.01133	0.00750	0.00639	0.00196	0.00800	0.00565	0.00531	0.03985
99	0.01381	0.13755	0.51709	0.04484	0.04513	0.01632	0.02083	0.02013	0.01453	0.02084	0.07610	0.01716	0.01359	0.00695	0.00623	0.00202	0.00881	0.00548	0.00327	0.00933
100	0.01580	0.08304	0.06291	0.07532	0.01879	0.01330	0.02884	0.09515	0.01588	0.11329	0.04336	0.19128	0.02102	0.01533	0.08259	0.00311	0.07549	0.00914	0.00508	0.03127
101	0.01462	0.02649	0.41291	0.04839	0.18899	0.01591	0.15479	0.02102	0.01472	0.02132	0.01247	0.01560	0.00933	0.00615	0.00675	0.00213	0.00971	0.00580	0.00306	0.00983
102	0.00827	0.00601	0.00781	0.00904	0.00970	0.00555	0.00614	0.00967	0.01361	0.01810	0.10178	0.63605	0.10345	0.02001	0.00845	0.00263	0.00378	0.01802	0.00633	0.00555
103	0.00948	0.00757	0.01077	0.13338	0.03394	0.00799	0.00880	0.01153	0.01277	0.01684	0.03202	0.32186	0.13177	0.06759	0.15772	0.00442	0.00778	0.01285	0.00495	0.00597
104	0.01542	0.11467	0.24275	0.04731	0.04967	0.01693	0.21216	0.07295	0.05282	0.02214	0.01540	0.07914	0.01299	0.00761	0.00682	0.00213	0.00893	0.00713	0.00382	0.00921
105	0.00853	0.00610	0.00820	0.00975	0.01030	0.00576	0.00685	0.00996	0.01320	0.01753	0.03678	0.66654	0.04359	0.02068	0.00866	0.00277	0.00420	0.10879	0.00622	0.00555
106	0.00832	0.00645	0.00759	0.00808	0.00950	0.00571	0.00576	0.01010	0.01507	0.01942	0.17997	0.32581	0.33842	0.01790	0.00817	0.00241	0.00354	0.01564	0.00645	0.00571
107	0.01479	0.01700	0.19019	0.01921	0.13644	0.01193	0.10877	0.01945	0.01611	0.09112	0.16554	0.02643	0.04573	0.00846	0.00685	0.00205	0.00696	0.00767	0.09655	0.00874
108	0.01762	0.01531	0.05755	0.02100	0.18181	0.01503	0.06833	0.02851	0.33337	0.11081	0.03874	0.04630	0.01808	0.00836	0.00692	0.00219	0.00660	0.00748	0.00570	0.01029
109	0.11617	0.01159	0.01494	0.01160	0.01667	0.01043	0.00958	0.03127	0.01835	0.65023	0.02459	0.02152	0.01558	0.00808	0.00646	0.00208	0.00565	0.00640	0.00785	0.01096
110	0.00802	0.00646	0.00714	0.00768	0.00930	0.00559	0.00549	0.00953	0.01444	0.01778	0.05719	0.30647	0.48467	0.01839	0.00815	0.00243	0.00357	0.01587	0.00623	0.00559
111	0.01600	0.01663	0.10575	0.18124	0.25214	0.03563	0.03924	0.08136	0.01676	0.05868	0.05564	0.02264	0.07333	0.00786	0.00684	0.00210	0.00783	0.00694	0.00422	0.00919
112	0.09918	0.02615	0.02002	0.02182	0.17863	0.48425	0.01413	0.04360	0.01779	0.01971	0.01094	0.01312	0.00904	0.00667	0.00602	0.00183	0.01037	0.00468	0.00359	0.00848
113	0.01584	0.01810	0.03959	0.02828	0.03507	0.01697	0.69796	0.02149	0.01584	0.02149	0.01357	0.01810	0.01018	0.00566	0.00792	0.00226	0.01131	0.00792	0.00339	0.00905
114	0.00862	0.00664	0.00799	0.00888	0.01031	0.00602	0.00670	0.01042	0.01444	0.01817	0.05000	0.31827	0.33347	0.01877	0.00844	0.00260	0.00416	0.15417	0.00622	0.00569
115	0.01624	0.10182	0.32220	0.02370	0.23295	0.01623	0.01950	0.02258	0.06429	0.07474	0.03383	0.01697	0.01214	0.00673	0.00634	0.00202	0.00822	0.00564	0.00381	0.01006
116	0.01581	0.03006	0.05164	0.01661	0.15864	0.01182	0.01115	0.05800	0.12191	0.09830	0.02844	0.05571	0.13347	0.00960	0.00651	0.00202	0.00547	0.00811	0.16796	0.00876
117	0.00840	0.00600	0.00804	0.00960	0.01009	0.00564	0.00662	0.00973	0.01307	0.01738	0.03686	0.70171	0.04389	0.02081	0.00862	0.00276	0.00409	0.07497	0.00622	0.00551
118	0.06361	0.01964	0.16628	0.02514	0.22959	0.01595	0.15163	0.13213	0.01763	0.02523	0.01778	0.02007	0.07026	0.00729	0.00681	0.00210	0.00837	0.00672	0.00409	0.00968
119	0.01898	0.08899	0.13011	0.03728	0.11844	0.14163	0.01479	0.09679	0.09410	0.08323	0.01699	0.07943	0.01424	0.00839	0.00688	0.00205	0.02698	0.00667	0.00464	0.00939

[dist]
# distance from previous block
# <min> <max>
3	5

[block]
# block no. 3 follows, 32 sequences, length 6
# corresponding to MSA columns:
# 738-743
name=unknown_D
#
# <colnr> <probs for GDERKNQSTAVLIFYWHMCP>
#	G	D	E	R	K	N	Q	S	T	A	V	L	I	F	Y	W	H	M	C	P
0	0.08326	0.38948	0.09262	0.01309	0.01858	0.11334	0.01242	0.04602	0.07505	0.08050	0.01296	0.01371	0.01030	0.00658	0.00522	0.00174	0.00763	0.00451	0.00398	0.00903
1	0.01448	0.16358	0.48252	0.01749	0.02495	0.01841	0.02065	0.02016	0.01340	0.01939	0.01100	0.01364	0.00857	0.00718	0.00869	0.00214	0.13679	0.00487	0.00286	0.00924
2	0.01801	0.01425	0.01744	0.16439	0.05945	0.01615	0.01292	0.15203	0.33581	0.07284	0.02171	0.05086	0.01668	0.00869	0.00684	0.00221	0.00653	0.00730	0.00592	0.00997
3	0.05605	0.19082	0.06442	0.03772	0.10699	0.01639	0.03574	0.08140	0.03581	0.19255	0.03714	0.01789	0.01339	0.00877	0.03555	0.00223	0.00736	0.00569	0.00497	0.04913
4	0.01606	0.01177	0.01388	0.01400	0.06684	0.04709	0.00991	0.02249	0.19660	0.14212	0.02987	0.20503	0.08934	0.01427	0.04090	0.00272	0.05213	0.01045	0.00607	0.00848
5	0.08168	0.01425	0.12493	0.06868	0.06234	0.01162	0.05092	0.01690	0.01468	0.08113	0.07200	0.06888	0.21860	0.01116	0.00833	0.00226	0.06983	0.00915	0.00491	0.00776

[dist]
# distance from previous block
# <min> <max>
6	49

# created by:
# /home/berkeley/.conda/envs/busco_data_prod/bin/msa2prfl.pl pipeline/OGs_align_augustus/5794/15680.fs
