[name]
unknown

[dist]
# distance from previous block
# <min> <max>
0	149

[block]
# block no. 0 follows, 32 sequences, length 6
# corresponding to MSA columns:
# 160-165
name=unknown_A
#
# <colnr> <probs for GDERKNQSTAVLIFYWHMCP>
#	G	D	E	R	K	N	Q	S	T	A	V	L	I	F	Y	W	H	M	C	P
0	0.05971	0.01816	0.01633	0.16430	0.02324	0.23078	0.01217	0.08152	0.08996	0.02169	0.02001	0.02335	0.08252	0.00852	0.00645	0.00198	0.00809	0.03784	0.00449	0.08887
1	0.01221	0.00901	0.01151	0.01301	0.09323	0.00863	0.00867	0.01632	0.09459	0.08106	0.08826	0.18282	0.27180	0.01475	0.00778	0.00236	0.00464	0.06580	0.00621	0.00734
2	0.01542	0.01278	0.01657	0.06821	0.01908	0.08437	0.11243	0.02021	0.11681	0.10358	0.02443	0.23983	0.02389	0.09834	0.01054	0.00281	0.00694	0.01071	0.00537	0.00769
3	0.20843	0.14362	0.10148	0.07157	0.12609	0.09089	0.01404	0.06730	0.07667	0.02378	0.01247	0.01434	0.00984	0.00661	0.00559	0.00195	0.00761	0.00488	0.00391	0.00893
4	0.39278	0.01495	0.01362	0.01163	0.01571	0.04698	0.00934	0.24319	0.04859	0.03194	0.01556	0.09931	0.01352	0.00868	0.00570	0.00212	0.00606	0.00640	0.00532	0.00859
5	0.02035	0.00995	0.01282	0.01083	0.01425	0.00933	0.00852	0.08193	0.01781	0.35453	0.08065	0.11441	0.09024	0.05658	0.08275	0.00329	0.00653	0.00941	0.00695	0.00886

[dist]
# distance from previous block
# <min> <max>
1	54

[block]
# block no. 1 follows, 32 sequences, length 112
# corresponding to MSA columns:
# 238-349
name=unknown_B
#
# <colnr> <probs for GDERKNQSTAVLIFYWHMCP>
#	G	D	E	R	K	N	Q	S	T	A	V	L	I	F	Y	W	H	M	C	P
0	0.01402	0.01114	0.01356	0.01176	0.01506	0.01172	0.00929	0.11129	0.14221	0.02290	0.01808	0.02196	0.01520	0.02696	0.34169	0.00586	0.01133	0.00639	0.00470	0.18488
1	0.01597	0.01580	0.02681	0.03992	0.13760	0.01625	0.28895	0.02628	0.27828	0.02415	0.04502	0.02168	0.01611	0.00734	0.00728	0.00222	0.00815	0.00760	0.00482	0.00976
2	0.02104	0.02390	0.01998	0.10058	0.10085	0.39745	0.01442	0.07002	0.07256	0.01975	0.01236	0.01480	0.01004	0.00754	0.00795	0.00200	0.08723	0.00522	0.00382	0.00848
3	0.00921	0.00682	0.00855	0.00892	0.01017	0.00670	0.00663	0.01070	0.01281	0.01656	0.03850	0.12394	0.24799	0.14512	0.18219	0.04444	0.00782	0.10243	0.00510	0.00540
4	0.01247	0.01048	0.01430	0.01722	0.17655	0.01020	0.01023	0.01706	0.11539	0.02014	0.02416	0.28149	0.02534	0.09562	0.01013	0.00263	0.00551	0.01091	0.00504	0.13513
5	0.01265	0.00844	0.01070	0.01054	0.01244	0.00854	0.00811	0.04916	0.07396	0.08612	0.11563	0.20133	0.07489	0.07090	0.11258	0.00394	0.00677	0.12026	0.00611	0.00695
6	0.01087	0.00725	0.00806	0.00777	0.00818	0.00738	0.00463	0.05271	0.01132	0.01542	0.02087	0.04125	0.02323	0.67986	0.03099	0.00598	0.00639	0.00935	0.04385	0.00463
7	0.20516	0.00862	0.00911	0.00866	0.01108	0.00865	0.00653	0.01645	0.01418	0.12219	0.08354	0.19609	0.09609	0.04902	0.00777	0.00238	0.00436	0.01007	0.13316	0.00688
8	0.00860	0.00634	0.00805	0.00865	0.00973	0.00579	0.00609	0.01054	0.01535	0.02067	0.27826	0.40868	0.15277	0.01788	0.00824	0.00244	0.00357	0.01593	0.00663	0.00579
9	0.01199	0.00850	0.00971	0.00933	0.01102	0.00876	0.00674	0.06946	0.11360	0.02335	0.17757	0.18555	0.05033	0.14345	0.01184	0.00293	0.00453	0.01114	0.13348	0.00673
10	0.01848	0.00930	0.01173	0.01032	0.01297	0.00876	0.00783	0.06546	0.01597	0.28848	0.02798	0.09512	0.05781	0.24696	0.01579	0.00363	0.00587	0.08338	0.00637	0.00779
11	0.45773	0.01154	0.01091	0.00956	0.01346	0.01231	0.00770	0.02156	0.04794	0.18163	0.02230	0.07062	0.09067	0.00901	0.00557	0.00215	0.00503	0.00671	0.00557	0.00805
12	0.01170	0.00914	0.01016	0.00951	0.01180	0.00945	0.00715	0.01930	0.23327	0.02450	0.27546	0.04266	0.16984	0.06304	0.00909	0.00245	0.00410	0.01048	0.06952	0.00738
13	0.32512	0.01658	0.01622	0.01292	0.01782	0.01861	0.01066	0.44069	0.02388	0.03764	0.01353	0.01412	0.00983	0.00736	0.00574	0.00204	0.00655	0.00512	0.00574	0.00983
14	0.06295	0.00712	0.00808	0.00809	0.00978	0.00664	0.00595	0.01149	0.01553	0.02148	0.27997	0.14858	0.27084	0.07764	0.00998	0.00264	0.00386	0.03722	0.00631	0.00586
15	0.00888	0.00631	0.00804	0.00871	0.00961	0.00588	0.00606	0.01069	0.01464	0.02005	0.23421	0.40982	0.09161	0.07684	0.01023	0.00278	0.00388	0.03071	0.03538	0.00566
16	0.01041	0.00706	0.00798	0.00788	0.00817	0.00712	0.00466	0.04358	0.01107	0.01477	0.02215	0.09915	0.02534	0.66834	0.03078	0.00599	0.00634	0.01031	0.00437	0.00454
17	0.00932	0.00673	0.00856	0.00943	0.01036	0.00654	0.00696	0.01089	0.01304	0.01701	0.03600	0.26130	0.13145	0.19380	0.06375	0.00418	0.00600	0.19375	0.00554	0.00539
18	0.01461	0.00938	0.01071	0.00953	0.01172	0.00932	0.00694	0.14384	0.01706	0.09978	0.08527	0.10982	0.14133	0.25057	0.01580	0.00354	0.00541	0.01041	0.03800	0.00694
19	0.00860	0.00611	0.00812	0.00957	0.01008	0.00580	0.00664	0.00993	0.01295	0.01721	0.03574	0.62826	0.04233	0.07083	0.01038	0.00302	0.00435	0.09856	0.00608	0.00545
20	0.02760	0.01544	0.01806	0.01385	0.01913	0.01583	0.01144	0.39637	0.02593	0.35381	0.02082	0.01917	0.01378	0.00817	0.00673	0.00204	0.00662	0.00636	0.00744	0.01141
21	0.00957	0.00642	0.00737	0.00756	0.00761	0.00638	0.00433	0.00971	0.01013	0.01351	0.02306	0.13072	0.02682	0.67407	0.03105	0.00605	0.00619	0.01089	0.00433	0.00423
22	0.00939	0.00660	0.00866	0.00986	0.01054	0.00643	0.00723	0.01092	0.01299	0.01715	0.03291	0.37456	0.03796	0.18915	0.01461	0.00370	0.00523	0.23101	0.00572	0.00537
23	0.01557	0.01176	0.01287	0.01174	0.01452	0.01302	0.00872	0.02760	0.44502	0.07903	0.02637	0.07479	0.02259	0.19031	0.01346	0.00330	0.00554	0.00875	0.00625	0.00880
24	0.00818	0.00584	0.00779	0.00934	0.00973	0.00545	0.00623	0.00934	0.01285	0.01713	0.03698	0.75981	0.04438	0.02102	0.00856	0.00273	0.00389	0.01908	0.00623	0.00545
25	0.01391	0.01193	0.01391	0.00994	0.01590	0.00894	0.00795	0.01690	0.01391	0.02186	0.01193	0.01391	0.00994	0.00497	0.00497	0.00099	0.00497	0.00398	0.00398	0.80521
26	0.00926	0.00670	0.00838	0.00930	0.01026	0.00639	0.00685	0.01080	0.01330	0.01720	0.03825	0.27692	0.15477	0.19165	0.01458	0.00363	0.00507	0.20560	0.00571	0.00538
27	0.00946	0.00678	0.00776	0.00801	0.00982	0.00589	0.00581	0.01111	0.01494	0.06206	0.08785	0.28329	0.42791	0.01758	0.00806	0.00239	0.00369	0.01517	0.00642	0.00598
28	0.00944	0.00691	0.00889	0.00855	0.01020	0.00636	0.00652	0.01247	0.01841	0.02564	0.61259	0.05318	0.12229	0.01434	0.00801	0.00219	0.00339	0.05716	0.00720	0.00626
29	0.00933	0.00657	0.00753	0.00754	0.00818	0.00628	0.00473	0.01018	0.01231	0.01631	0.14125	0.09246	0.14302	0.47868	0.02418	0.00489	0.00531	0.01142	0.00508	0.00477
30	0.02726	0.01369	0.01670	0.01305	0.01812	0.01353	0.01070	0.20541	0.10769	0.46385	0.02390	0.02137	0.01574	0.00834	0.00675	0.00208	0.00609	0.00667	0.00771	0.01132
31	0.01391	0.01193	0.01391	0.00994	0.01590	0.00894	0.00795	0.01690	0.01391	0.02186	0.01193	0.01391	0.00994	0.00497	0.00497	0.00099	0.00497	0.00398	0.00398	0.80521
32	0.01707	0.01451	0.02034	0.13352	0.02363	0.01744	0.06777	0.20938	0.01747	0.03821	0.01344	0.01774	0.01100	0.01500	0.11864	0.00364	0.24212	0.00631	0.00425	0.00853
33	0.01648	0.01629	0.02921	0.03912	0.61244	0.01611	0.12890	0.02074	0.01537	0.02185	0.01277	0.01685	0.01056	0.00593	0.00685	0.00204	0.00851	0.00629	0.00333	0.01038
34	0.00976	0.00651	0.00732	0.00732	0.00732	0.00651	0.00407	0.00976	0.00976	0.01301	0.02114	0.04391	0.02439	0.76419	0.03415	0.00651	0.00651	0.00976	0.00407	0.00407
35	0.38639	0.01256	0.01287	0.01072	0.01507	0.01318	0.00872	0.10339	0.01658	0.27058	0.01822	0.07483	0.01391	0.00833	0.00570	0.00212	0.00552	0.00621	0.00605	0.00904
36	0.00902	0.00661	0.00806	0.00882	0.00973	0.00622	0.00600	0.03478	0.01388	0.01819	0.07324	0.48549	0.16210	0.11121	0.01151	0.00305	0.00422	0.01623	0.00604	0.00558
37	0.00910	0.00652	0.00830	0.00916	0.00989	0.00609	0.00621	0.01026	0.01242	0.01672	0.03172	0.49690	0.03725	0.18877	0.01421	0.00351	0.00473	0.06803	0.00559	0.05463
38	0.00964	0.00650	0.00756	0.00767	0.00777	0.00655	0.00448	0.00987	0.01003	0.01345	0.02201	0.09110	0.02527	0.66995	0.07591	0.00651	0.00704	0.01023	0.00418	0.00428
39	0.01669	0.01441	0.01517	0.01365	0.01745	0.01669	0.01062	0.03565	0.71021	0.02807	0.02731	0.02503	0.02048	0.00910	0.00683	0.00228	0.00531	0.00759	0.00683	0.01062
40	0.01072	0.00739	0.00885	0.00935	0.01073	0.00725	0.00703	0.05794	0.01486	0.02035	0.03556	0.27171	0.12965	0.09950	0.01075	0.00293	0.00473	0.15741	0.12725	0.00601
41	0.50534	0.01298	0.01248	0.01033	0.01491	0.01393	0.00852	0.08019	0.01549	0.24602	0.01519	0.01501	0.01049	0.00702	0.00517	0.00207	0.00553	0.00479	0.00565	0.00889
42	0.02394	0.01802	0.01926	0.01512	0.02021	0.02008	0.01238	0.58225	0.15180	0.03977	0.01809	0.01769	0.01302	0.00824	0.00673	0.00206	0.00702	0.00631	0.00673	0.01127
43	0.00838	0.00644	0.00742	0.00790	0.00920	0.00575	0.00550	0.00986	0.01422	0.01813	0.11965	0.30048	0.34153	0.10096	0.01106	0.00288	0.00389	0.01516	0.00611	0.00548
44	0.01434	0.00802	0.00878	0.00817	0.01008	0.00813	0.00602	0.07134	0.04482	0.07949	0.02309	0.08523	0.02013	0.13001	0.01013	0.00255	0.00437	0.00791	0.45055	0.00685
45	0.00935	0.00651	0.00726	0.00737	0.00777	0.00630	0.00438	0.00971	0.01087	0.01413	0.02989	0.09557	0.13977	0.59153	0.02813	0.00555	0.00582	0.01111	0.00457	0.00442
46	0.00934	0.00665	0.00893	0.01005	0.01098	0.00639	0.00760	0.01138	0.01448	0.01939	0.14455	0.38049	0.04430	0.06499	0.01027	0.00298	0.00468	0.23055	0.00626	0.00574
47	0.05937	0.01377	0.01424	0.01186	0.01572	0.06973	0.00945	0.20089	0.06955	0.17489	0.15433	0.03088	0.12600	0.01034	0.00695	0.00208	0.00580	0.00834	0.00672	0.00909
48	0.05301	0.01709	0.01886	0.01450	0.01979	0.01838	0.01198	0.54092	0.02835	0.18149	0.01799	0.01731	0.01233	0.00804	0.00663	0.00203	0.00697	0.00610	0.00695	0.01127
49	0.00872	0.00620	0.00799	0.00909	0.00967	0.00587	0.00620	0.01001	0.01308	0.01740	0.08163	0.51364	0.07084	0.13909	0.01264	0.00330	0.00442	0.06892	0.00596	0.00535
50	0.07602	0.01225	0.01534	0.01205	0.01692	0.01159	0.00988	0.09962	0.06657	0.53214	0.05836	0.02290	0.01805	0.00847	0.00665	0.00208	0.00570	0.00680	0.00774	0.01086
51	0.00926	0.00647	0.00793	0.00820	0.00883	0.00620	0.00538	0.01051	0.01329	0.01805	0.21327	0.22333	0.06350	0.34013	0.01944	0.00419	0.00486	0.02646	0.00560	0.00511
52	0.00849	0.00605	0.00800	0.00932	0.00984	0.00568	0.00635	0.00985	0.01331	0.01784	0.09003	0.63457	0.04460	0.05725	0.00982	0.00288	0.00408	0.05034	0.00621	0.00549
53	0.01529	0.01483	0.02594	0.26588	0.45210	0.01569	0.07352	0.01956	0.01473	0.02036	0.01247	0.01713	0.01006	0.00619	0.00676	0.00209	0.00855	0.00613	0.00322	0.00949
54	0.75858	0.01337	0.01055	0.00927	0.01350	0.01544	0.00764	0.06559	0.01278	0.03093	0.00980	0.01125	0.00755	0.00635	0.00432	0.00207	0.00534	0.00380	0.00432	0.00755
55	0.01141	0.00769	0.00928	0.00889	0.01023	0.00768	0.00619	0.01456	0.08088	0.06376	0.19779	0.09567	0.07516	0.30232	0.07546	0.00454	0.00604	0.01070	0.00567	0.00607
56	0.22049	0.06537	0.01615	0.01369	0.05872	0.04056	0.01023	0.18256	0.14565	0.04282	0.03109	0.06033	0.01555	0.05944	0.00788	0.00237	0.00625	0.00660	0.00535	0.00892
57	0.20336	0.01455	0.01454	0.01174	0.01623	0.07822	0.00939	0.13914	0.01823	0.25974	0.01746	0.01877	0.01282	0.06709	0.00807	0.00227	0.00644	0.00566	0.00588	0.09042
58	0.00843	0.00595	0.00771	0.00902	0.00935	0.00562	0.00588	0.00941	0.01235	0.01647	0.03445	0.64525	0.04118	0.13995	0.01266	0.00333	0.00431	0.01758	0.00588	0.00523
59	0.00962	0.00695	0.00919	0.00976	0.01076	0.00703	0.00720	0.02503	0.01346	0.01820	0.10183	0.26273	0.06448	0.13745	0.17402	0.00504	0.00774	0.11836	0.00544	0.00570
60	0.01657	0.05175	0.20150	0.11931	0.13669	0.05941	0.01680	0.04926	0.07048	0.08766	0.03161	0.01867	0.01289	0.01166	0.08402	0.00299	0.00933	0.00598	0.00415	0.00926
61	0.01386	0.01348	0.01899	0.01652	0.01671	0.01861	0.01367	0.01548	0.01036	0.01606	0.01027	0.01655	0.01008	0.01792	0.13653	0.00419	0.63446	0.00608	0.00304	0.00712
62	0.00947	0.00673	0.00910	0.01052	0.01140	0.00655	0.00810	0.01140	0.01376	0.01812	0.03508	0.39875	0.04023	0.07865	0.01090	0.00319	0.00512	0.31123	0.00604	0.00566
63	0.01216	0.00913	0.01094	0.01062	0.01262	0.00939	0.00821	0.08657	0.11409	0.02436	0.22920	0.15639	0.07121	0.07401	0.01007	0.00276	0.00487	0.13980	0.00651	0.00708
64	0.01822	0.06386	0.38302	0.05299	0.02565	0.06030	0.01900	0.16339	0.01825	0.08043	0.01365	0.01517	0.00980	0.00712	0.00704	0.00208	0.04069	0.00531	0.00412	0.00992
65	0.05704	0.01450	0.01948	0.10110	0.22456	0.01462	0.01386	0.13657	0.07478	0.05367	0.01456	0.01662	0.01128	0.00651	0.00612	0.00180	0.00675	0.00552	0.00456	0.21612
66	0.01833	0.01977	0.15178	0.02590	0.29441	0.04991	0.01768	0.09407	0.09655	0.08271	0.01531	0.01723	0.01171	0.00732	0.00782	0.00212	0.06678	0.00596	0.00438	0.01025
67	0.01298	0.01224	0.02069	0.69218	0.09967	0.01499	0.01879	0.01742	0.01356	0.01752	0.01198	0.01779	0.00908	0.00665	0.00670	0.00222	0.00887	0.00596	0.00301	0.00770
68	0.00820	0.00605	0.00768	0.00886	0.00963	0.00553	0.00604	0.00956	0.01357	0.01778	0.07614	0.60621	0.16025	0.01997	0.00842	0.00262	0.00377	0.01789	0.00629	0.00553
69	0.01289	0.01075	0.01277	0.00959	0.01454	0.00834	0.00758	0.01592	0.01509	0.02303	0.17557	0.02230	0.02229	0.00699	0.00565	0.00125	0.00455	0.00586	0.00476	0.62027
70	0.00976	0.00651	0.00732	0.00732	0.00732	0.00651	0.00407	0.00976	0.00976	0.01301	0.02114	0.04391	0.02439	0.76419	0.03415	0.00651	0.00651	0.00976	0.00407	0.00407
71	0.01810	0.01511	0.01597	0.01394	0.01799	0.01735	0.01096	0.14196	0.60161	0.03034	0.02552	0.02361	0.01903	0.00894	0.00681	0.00223	0.00564	0.00734	0.00681	0.01075
72	0.06513	0.00942	0.01113	0.00971	0.01270	0.00891	0.00739	0.03844	0.05999	0.25897	0.07604	0.09424	0.17174	0.13237	0.01145	0.00289	0.00504	0.00995	0.00658	0.00794
73	0.02215	0.00984	0.01289	0.01048	0.01425	0.00875	0.00832	0.04014	0.01837	0.44641	0.17717	0.03363	0.08532	0.06991	0.00926	0.00245	0.00508	0.00873	0.00756	0.00927
74	0.00934	0.00692	0.01010	0.01038	0.01138	0.00779	0.00782	0.01142	0.01111	0.01574	0.02148	0.15707	0.02199	0.07562	0.57838	0.00917	0.01499	0.00940	0.00408	0.00581
75	0.18181	0.00822	0.00835	0.00800	0.00997	0.00823	0.00573	0.01374	0.01315	0.06395	0.08227	0.09915	0.18921	0.22521	0.01436	0.00341	0.00481	0.01008	0.04439	0.00597
76	0.01543	0.01168	0.01310	0.01176	0.01460	0.01242	0.00901	0.25024	0.11968	0.02828	0.09216	0.27930	0.08652	0.01389	0.00757	0.00232	0.00519	0.01194	0.00658	0.00833
77	0.02551	0.01879	0.02014	0.01544	0.02081	0.02081	0.01275	0.69996	0.03155	0.04229	0.01611	0.01611	0.01141	0.00805	0.00671	0.00201	0.00738	0.00604	0.00671	0.01141
78	0.00839	0.00600	0.00801	0.00944	0.00996	0.00562	0.00646	0.00977	0.01336	0.01788	0.07906	0.68195	0.04526	0.02045	0.00856	0.00271	0.00396	0.05135	0.00630	0.00554
79	0.01314	0.00851	0.01027	0.00949	0.01163	0.00819	0.00717	0.07237	0.03575	0.10147	0.24844	0.09625	0.14661	0.13371	0.01200	0.00295	0.00472	0.06390	0.00653	0.00690
80	0.01732	0.01047	0.01264	0.01145	0.01418	0.01055	0.00865	0.16699	0.06521	0.17626	0.02893	0.36286	0.02885	0.04173	0.00858	0.00254	0.00524	0.01246	0.00674	0.00834
81	0.01669	0.01441	0.01517	0.01365	0.01745	0.01669	0.01062	0.03565	0.71021	0.02807	0.02731	0.02503	0.02048	0.00910	0.00683	0.00228	0.00531	0.00759	0.00683	0.01062
82	0.00846	0.00603	0.00793	0.00909	0.00963	0.00564	0.00611	0.00985	0.01356	0.01831	0.13591	0.61284	0.04595	0.06459	0.01001	0.00286	0.00394	0.01750	0.00627	0.00550
83	0.00931	0.00698	0.00973	0.00976	0.01102	0.00753	0.00739	0.01154	0.01250	0.01740	0.12230	0.08008	0.10274	0.07522	0.47572	0.00793	0.01287	0.00951	0.00460	0.00587
84	0.05621	0.00861	0.01066	0.00929	0.01151	0.00819	0.00667	0.01865	0.01394	0.26587	0.07742	0.03444	0.02349	0.36374	0.05885	0.00462	0.00651	0.00845	0.00580	0.00709
85	0.01701	0.01457	0.01535	0.01372	0.01757	0.01684	0.01070	0.05987	0.68547	0.02859	0.02690	0.02471	0.02015	0.00907	0.00682	0.00227	0.00539	0.00753	0.00682	0.01065
86	0.00968	0.00731	0.00910	0.00986	0.01096	0.00730	0.00691	0.01389	0.12016	0.02036	0.14452	0.53431	0.04376	0.01804	0.00820	0.00256	0.00399	0.01621	0.00651	0.00638
87	0.00950	0.00677	0.00802	0.00813	0.00957	0.00624	0.00603	0.01103	0.01453	0.01908	0.17684	0.05383	0.29263	0.12062	0.01349	0.08620	0.00440	0.10238	0.04532	0.00539
88	0.01672	0.01136	0.01565	0.01604	0.11167	0.03719	0.03786	0.05532	0.01541	0.17551	0.03671	0.10721	0.05366	0.06635	0.17852	0.00446	0.03828	0.00865	0.00525	0.00817
89	0.01492	0.01353	0.01963	0.06807	0.30057	0.01211	0.01367	0.01839	0.01443	0.02160	0.01220	0.01524	0.01015	0.00548	0.00575	0.00147	0.00642	0.00490	0.00365	0.43782
90	0.01792	0.01321	0.01469	0.01260	0.01600	0.01410	0.01005	0.38367	0.02337	0.03097	0.02807	0.16348	0.09891	0.05329	0.00895	0.00254	0.00613	0.08698	0.00637	0.00871
91	0.00959	0.00719	0.01078	0.01078	0.01198	0.00839	0.00839	0.01198	0.01078	0.01558	0.01797	0.02636	0.01677	0.05032	0.73760	0.01078	0.01797	0.00719	0.00359	0.00599
92	0.00845	0.00627	0.00788	0.00864	0.00967	0.00570	0.00604	0.01020	0.01479	0.01967	0.20673	0.45652	0.17787	0.01850	0.00829	0.00249	0.00362	0.01647	0.00651	0.00570
93	0.00847	0.00602	0.00800	0.00947	0.00993	0.00569	0.00647	0.00973	0.01289	0.01714	0.03601	0.66720	0.04285	0.06084	0.01000	0.00296	0.00421	0.07058	0.00611	0.00543
94	0.07509	0.01268	0.01459	0.01234	0.01656	0.01327	0.00983	0.03200	0.34991	0.30168	0.06851	0.02477	0.02072	0.00888	0.00668	0.00217	0.00533	0.00727	0.00726	0.01044
95	0.00929	0.00670	0.00820	0.00899	0.00976	0.00642	0.00603	0.04333	0.01348	0.01773	0.03653	0.51565	0.11442	0.15505	0.01305	0.00333	0.00448	0.01619	0.00586	0.00551
96	0.00919	0.00669	0.00792	0.00814	0.00979	0.00591	0.00590	0.01109	0.01552	0.04638	0.20346	0.27284	0.33852	0.01716	0.00808	0.00236	0.00358	0.01493	0.00657	0.00596
97	0.01579	0.01142	0.01232	0.01067	0.01301	0.01239	0.00776	0.22068	0.12861	0.02512	0.02068	0.03109	0.01932	0.35763	0.01925	0.00410	0.00631	0.00802	0.06834	0.00748
98	0.02449	0.01829	0.01956	0.01523	0.02042	0.02033	0.01251	0.62323	0.10994	0.04065	0.01740	0.01714	0.01246	0.00818	0.00673	0.00204	0.00714	0.00622	0.00673	0.01132
99	0.07195	0.00702	0.00794	0.00828	0.00993	0.00654	0.00605	0.01112	0.01503	0.02075	0.19672	0.27823	0.28539	0.01674	0.00787	0.00238	0.00372	0.03213	0.00632	0.00588
100	0.01101	0.00760	0.00938	0.00885	0.01082	0.00709	0.00665	0.02911	0.04746	0.06793	0.44045	0.13034	0.16874	0.01446	0.00785	0.00221	0.00363	0.01262	0.00707	0.00672
101	0.01549	0.02053	0.14062	0.02694	0.03419	0.01677	0.59937	0.02146	0.01559	0.02146	0.01335	0.01752	0.00993	0.00576	0.00769	0.00224	0.01111	0.00748	0.00331	0.00918
102	0.00968	0.00737	0.00894	0.00924	0.01070	0.00715	0.00674	0.01353	0.09158	0.02132	0.23725	0.29091	0.15409	0.04854	0.00922	0.00261	0.00401	0.05428	0.00653	0.00629
103	0.07387	0.00717	0.00792	0.00805	0.00962	0.00684	0.00569	0.01267	0.01351	0.06288	0.05124	0.24882	0.20045	0.13959	0.01166	0.00298	0.00430	0.01243	0.11439	0.00591
104	0.13330	0.01261	0.01490	0.01192	0.01660	0.01250	0.00973	0.11659	0.09558	0.41901	0.06956	0.02242	0.01823	0.00844	0.00648	0.00209	0.00564	0.00669	0.00731	0.01042
105	0.00834	0.00585	0.00773	0.00923	0.00966	0.00548	0.00617	0.00958	0.01289	0.01742	0.03642	0.73226	0.04336	0.02053	0.00842	0.00268	0.00386	0.01859	0.03605	0.00548
106	0.07943	0.00978	0.01128	0.00995	0.01307	0.00947	0.00778	0.06081	0.07034	0.20726	0.10753	0.08399	0.19667	0.06308	0.00903	0.00252	0.00487	0.03850	0.00666	0.00800
107	0.02432	0.01798	0.01922	0.01495	0.02006	0.01994	0.01228	0.62180	0.08453	0.04052	0.01721	0.01715	0.01234	0.00813	0.00665	0.00202	0.00706	0.00617	0.03652	0.01116
108	0.01017	0.00746	0.00805	0.00802	0.00843	0.03380	0.00492	0.01081	0.01176	0.01558	0.12836	0.10024	0.03132	0.56264	0.02708	0.00536	0.00600	0.01065	0.00472	0.00466
109	0.00867	0.00658	0.00811	0.00882	0.01014	0.00591	0.00636	0.01041	0.01439	0.01883	0.11555	0.41612	0.22669	0.01837	0.00825	0.00250	0.00390	0.06847	0.00626	0.03565
110	0.06494	0.00770	0.00908	0.00853	0.01077	0.00704	0.00643	0.01382	0.01658	0.08331	0.33294	0.13946	0.21635	0.01419	0.00754	0.00218	0.00374	0.01221	0.00668	0.03650
111	0.02345	0.01761	0.01888	0.01492	0.01986	0.01957	0.01217	0.56775	0.13945	0.03907	0.01868	0.04543	0.01410	0.00871	0.00680	0.00208	0.00692	0.00678	0.00671	0.01106

[dist]
# distance from previous block
# <min> <max>
0	2

[block]
# block no. 2 follows, 32 sequences, length 20
# corresponding to MSA columns:
# 352-371
name=unknown_C
#
# <colnr> <probs for GDERKNQSTAVLIFYWHMCP>
#	G	D	E	R	K	N	Q	S	T	A	V	L	I	F	Y	W	H	M	C	P
0	0.01313	0.01110	0.01308	0.00986	0.01506	0.00847	0.00772	0.01587	0.01377	0.02122	0.01534	0.11556	0.01463	0.00716	0.00546	0.00123	0.00482	0.00603	0.00428	0.69622
1	0.70509	0.01276	0.01064	0.00925	0.01354	0.01435	0.00762	0.02149	0.01248	0.12507	0.01168	0.01253	0.00854	0.00651	0.00451	0.00208	0.00526	0.00406	0.00472	0.00783
2	0.70509	0.01276	0.01064	0.00925	0.01354	0.01435	0.00762	0.02149	0.01248	0.12507	0.01168	0.01253	0.00854	0.00651	0.00451	0.00208	0.00526	0.00406	0.00472	0.00783
3	0.06067	0.01296	0.01744	0.01861	0.17596	0.01316	0.01217	0.12410	0.07149	0.23549	0.08202	0.02283	0.01851	0.01287	0.08829	0.00304	0.00755	0.00691	0.00601	0.00991
4	0.18943	0.01723	0.01773	0.01446	0.01838	0.13014	0.04848	0.13380	0.01725	0.12113	0.01332	0.01493	0.01012	0.00779	0.00880	0.00208	0.14478	0.00524	0.00475	0.08013
5	0.01830	0.00892	0.01188	0.01063	0.01360	0.00811	0.00859	0.02085	0.01721	0.31406	0.17134	0.04510	0.07034	0.07997	0.01010	0.00273	0.00525	0.16774	0.00712	0.00817
6	0.00826	0.00615	0.00773	0.00894	0.00980	0.00562	0.00622	0.00965	0.01353	0.01751	0.04381	0.56875	0.19441	0.01999	0.00846	0.00264	0.00390	0.05287	0.00623	0.00554
7	0.01743	0.01738	0.02436	0.05847	0.52070	0.09655	0.01825	0.02332	0.11468	0.02202	0.01444	0.01735	0.01175	0.00655	0.00661	0.00201	0.00809	0.00602	0.00382	0.01020
8	0.01511	0.00888	0.01151	0.01098	0.01312	0.00895	0.00857	0.05197	0.05277	0.16275	0.02687	0.11925	0.02619	0.15848	0.13293	0.00464	0.00785	0.16607	0.00586	0.00725
9	0.00905	0.00675	0.00855	0.00932	0.01069	0.00625	0.00715	0.01122	0.01530	0.02003	0.17704	0.27743	0.21094	0.01798	0.00846	0.00259	0.00422	0.18473	0.00644	0.00586
10	0.35517	0.01153	0.01231	0.01281	0.07653	0.01277	0.00904	0.09240	0.01426	0.02568	0.01837	0.12576	0.04400	0.01715	0.14110	0.00377	0.00779	0.00744	0.00465	0.00747
11	0.20089	0.08678	0.02002	0.01491	0.01955	0.18200	0.07575	0.17095	0.10104	0.04632	0.01403	0.01497	0.01069	0.00708	0.00589	0.00197	0.00802	0.00526	0.00479	0.00908
12	0.07613	0.01711	0.01662	0.01379	0.01819	0.11349	0.01101	0.23621	0.19841	0.15988	0.05512	0.02045	0.01665	0.00838	0.00655	0.00206	0.00682	0.00648	0.00646	0.01018
13	0.01410	0.00773	0.01005	0.00979	0.01197	0.00695	0.00746	0.01616	0.01587	0.19750	0.12186	0.30025	0.15013	0.01601	0.00800	0.00245	0.00443	0.08523	0.00689	0.00717
14	0.01092	0.00729	0.01000	0.00983	0.01005	0.00807	0.00690	0.01028	0.01013	0.01383	0.01938	0.13165	0.04733	0.16341	0.07176	0.34398	0.10807	0.00890	0.00379	0.00442
15	0.02092	0.02055	0.07163	0.02141	0.11891	0.14118	0.14061	0.19144	0.10250	0.07962	0.01601	0.01728	0.01187	0.00716	0.00680	0.00205	0.00880	0.00625	0.00495	0.01005
16	0.10401	0.01057	0.01172	0.01087	0.01325	0.04847	0.00839	0.05224	0.05237	0.11690	0.05872	0.06103	0.02198	0.13925	0.19552	0.00508	0.00910	0.06810	0.00524	0.00720
17	0.01088	0.00821	0.00916	0.00875	0.01061	0.00791	0.00633	0.10405	0.01656	0.02144	0.12721	0.18599	0.29478	0.14294	0.01233	0.00302	0.00453	0.01300	0.00607	0.00622
18	0.01609	0.01366	0.01985	0.16952	0.29215	0.04988	0.01522	0.05622	0.03659	0.06191	0.10993	0.02212	0.01814	0.00911	0.00857	0.07392	0.00729	0.00681	0.00435	0.00866
19	0.14259	0.01855	0.02015	0.13454	0.13886	0.15990	0.05028	0.18599	0.01904	0.02613	0.01318	0.03705	0.01062	0.00725	0.00629	0.00203	0.00843	0.00579	0.00434	0.00900

[dist]
# distance from previous block
# <min> <max>
6	14

# created by:
# /home/berkeley/.conda/envs/busco_data_prod/bin/msa2prfl.pl pipeline/OGs_align_augustus/5794/15803.fs
