[name]
unknown

[dist]
# distance from previous block
# <min> <max>
0	65

[block]
# block no. 0 follows, 31 sequences, length 11
# corresponding to MSA columns:
# 66-76
name=unknown_A
#
# <colnr> <probs for GDERKNQSTAVLIFYWHMCP>
#	G	D	E	R	K	N	Q	S	T	A	V	L	I	F	Y	W	H	M	C	P
0	0.01005	0.00707	0.00958	0.01088	0.01205	0.00685	0.00871	0.01199	0.01439	0.01870	0.03764	0.26717	0.10080	0.01990	0.01057	0.07013	0.00534	0.36639	0.00604	0.00576
1	0.02123	0.01169	0.01277	0.01088	0.01432	0.06652	0.00855	0.07331	0.03747	0.29735	0.08285	0.08652	0.02259	0.00979	0.00653	0.00201	0.00539	0.00805	0.21317	0.00900
2	0.01486	0.00881	0.01121	0.00989	0.01246	0.00829	0.00764	0.07374	0.01989	0.15836	0.45326	0.09674	0.07088	0.01313	0.00779	0.00219	0.00414	0.01142	0.00752	0.00778
3	0.01419	0.01054	0.01391	0.01268	0.01514	0.01076	0.06014	0.13846	0.09137	0.05829	0.05499	0.42637	0.03324	0.01565	0.00804	0.00251	0.00540	0.01406	0.00643	0.00783
4	0.26419	0.01454	0.01462	0.01196	0.01642	0.01597	0.00976	0.27328	0.07885	0.11309	0.01719	0.01746	0.01244	0.00773	0.00580	0.00205	0.00594	0.00565	0.10345	0.00962
5	0.80789	0.01323	0.01006	0.00900	0.01323	0.01535	0.00741	0.02011	0.01164	0.03070	0.00953	0.01111	0.00741	0.00635	0.00423	0.00212	0.00529	0.00370	0.00423	0.00741
6	0.02198	0.08169	0.08943	0.02122	0.15437	0.34693	0.01527	0.02635	0.07459	0.08404	0.01404	0.01542	0.01093	0.00704	0.00631	0.00191	0.00976	0.00524	0.00413	0.00934
7	0.01743	0.15156	0.40008	0.01959	0.08919	0.01769	0.04287	0.07346	0.01635	0.08981	0.01365	0.01523	0.00996	0.00665	0.00629	0.00203	0.00890	0.00528	0.00380	0.01019
8	0.02395	0.01998	0.02131	0.01698	0.02158	0.15468	0.07837	0.30754	0.07074	0.12173	0.01655	0.01723	0.01206	0.00821	0.00828	0.00214	0.07646	0.00620	0.00575	0.01026
9	0.01414	0.01440	0.08253	0.01103	0.01750	0.00977	0.00976	0.01765	0.01421	0.02223	0.01217	0.01421	0.00999	0.00520	0.00520	0.00112	0.00555	0.00415	0.00394	0.72522
10	0.12545	0.04648	0.01763	0.01384	0.01854	0.01861	0.01126	0.29729	0.28867	0.06140	0.02007	0.01930	0.01475	0.00830	0.00645	0.00214	0.00634	0.00637	0.00645	0.01065

[dist]
# distance from previous block
# <min> <max>
0	2

[block]
# block no. 1 follows, 31 sequences, length 57
# corresponding to MSA columns:
# 79-135
name=unknown_B
#
# <colnr> <probs for GDERKNQSTAVLIFYWHMCP>
#	G	D	E	R	K	N	Q	S	T	A	V	L	I	F	Y	W	H	M	C	P
0	0.01705	0.46275	0.16771	0.01660	0.06186	0.02273	0.07385	0.02197	0.06226	0.01891	0.01189	0.01365	0.00986	0.00622	0.00543	0.00177	0.00814	0.00474	0.00327	0.00934
1	0.00894	0.00688	0.00817	0.00802	0.00981	0.00611	0.00595	0.01140	0.01735	0.02305	0.40169	0.11545	0.32061	0.01593	0.00813	0.00227	0.00338	0.01378	0.00697	0.00611
2	0.01731	0.01972	0.14793	0.09434	0.42014	0.01684	0.03943	0.11745	0.01761	0.02478	0.01324	0.01658	0.01041	0.00652	0.00678	0.00209	0.00857	0.00598	0.00377	0.01050
3	0.01885	0.06286	0.10834	0.08782	0.34917	0.08471	0.01833	0.06323	0.03831	0.08259	0.01422	0.01674	0.01101	0.00671	0.00657	0.00203	0.00848	0.00579	0.00404	0.01020
4	0.01060	0.00844	0.00969	0.00912	0.01137	0.00826	0.00691	0.01645	0.14866	0.02499	0.39096	0.05063	0.24976	0.01409	0.00786	0.00223	0.00371	0.01211	0.00707	0.00709
5	0.00850	0.00621	0.00794	0.00925	0.00997	0.00575	0.00636	0.00982	0.01348	0.01762	0.04151	0.59907	0.13794	0.04564	0.00956	0.00286	0.00411	0.05255	0.00627	0.00558
6	0.09806	0.14197	0.12470	0.01762	0.06340	0.06148	0.06558	0.29366	0.02173	0.03010	0.01329	0.01469	0.01003	0.00703	0.00619	0.00198	0.00826	0.00540	0.00474	0.01010
7	0.02788	0.01616	0.01867	0.01432	0.01972	0.01676	0.01183	0.43013	0.02714	0.31416	0.02065	0.01917	0.01375	0.00831	0.00686	0.00208	0.00685	0.00645	0.00749	0.01164
8	0.00962	0.00699	0.00905	0.00854	0.01018	0.00643	0.00640	0.01278	0.01921	0.02706	0.68640	0.05172	0.09167	0.01413	0.00807	0.00216	0.00324	0.01246	0.00748	0.00643
9	0.67007	0.01664	0.01170	0.01052	0.01463	0.14161	0.00843	0.02138	0.01301	0.02824	0.00971	0.01133	0.00766	0.00647	0.00457	0.00205	0.00653	0.00383	0.00411	0.00750
10	0.13213	0.01218	0.01355	0.01103	0.01537	0.01204	0.00896	0.16999	0.02011	0.27688	0.03419	0.03211	0.21166	0.01062	0.00684	0.00216	0.00546	0.00842	0.00692	0.00939
11	0.08023	0.23646	0.39567	0.01728	0.05301	0.06872	0.01902	0.02157	0.01446	0.02052	0.01119	0.01316	0.00870	0.00633	0.00571	0.00193	0.00901	0.00455	0.00307	0.00940
12	0.00989	0.00698	0.00911	0.00868	0.01020	0.00667	0.00649	0.01292	0.01789	0.02566	0.57734	0.04687	0.05554	0.04262	0.08298	0.00318	0.00489	0.01141	0.05435	0.00634
13	0.01719	0.52873	0.23581	0.01416	0.02118	0.04582	0.01571	0.02104	0.01423	0.01774	0.01035	0.01203	0.00875	0.00608	0.00506	0.00168	0.00829	0.00409	0.00293	0.00914
14	0.03887	0.22359	0.34630	0.01622	0.02377	0.01857	0.05154	0.08248	0.01629	0.03870	0.04897	0.01592	0.01218	0.00684	0.00603	0.00194	0.00845	0.00529	0.00373	0.03432
15	0.01830	0.29959	0.22033	0.01711	0.06364	0.02122	0.03733	0.15261	0.06572	0.02429	0.01322	0.01458	0.01031	0.00674	0.00588	0.00189	0.00817	0.00509	0.00400	0.00998
16	0.01215	0.00755	0.00893	0.00822	0.01062	0.00666	0.00629	0.01468	0.01743	0.11842	0.29806	0.05122	0.32050	0.01410	0.00764	0.00217	0.00368	0.01197	0.07283	0.00688
17	0.00867	0.00639	0.00816	0.00917	0.01013	0.00588	0.00648	0.01039	0.01462	0.01933	0.14469	0.49305	0.15637	0.01948	0.00857	0.00263	0.00393	0.05976	0.00653	0.00578
18	0.06324	0.18306	0.09812	0.01729	0.07168	0.14416	0.03422	0.18422	0.07539	0.04566	0.01399	0.01507	0.01079	0.00709	0.00606	0.00192	0.00842	0.00527	0.00456	0.00979
19	0.15688	0.01661	0.01545	0.01431	0.05702	0.16917	0.01057	0.04476	0.09116	0.21737	0.11805	0.02250	0.02030	0.00853	0.00645	0.00206	0.00692	0.00661	0.00603	0.00923
20	0.00911	0.00632	0.00791	0.00887	0.00918	0.00610	0.00573	0.00994	0.01200	0.01597	0.03127	0.43982	0.03692	0.31202	0.01905	0.00432	0.00514	0.04983	0.00548	0.00504
21	0.00930	0.00679	0.00800	0.00851	0.00982	0.00629	0.00621	0.01105	0.01437	0.01882	0.10040	0.20164	0.26209	0.14601	0.01286	0.00323	0.00451	0.11276	0.05174	0.00562
22	0.02262	0.17766	0.07331	0.01895	0.12337	0.13177	0.01449	0.23096	0.02129	0.10108	0.01437	0.01531	0.01083	0.00713	0.00619	0.00190	0.00833	0.00535	0.00489	0.01023
23	0.02749	0.01907	0.05866	0.01459	0.01986	0.15488	0.01232	0.20250	0.02250	0.36737	0.02019	0.01885	0.01349	0.00801	0.00671	0.00203	0.00779	0.00610	0.00676	0.01082
24	0.00984	0.00715	0.00950	0.01029	0.01171	0.00681	0.00822	0.01251	0.01633	0.02185	0.24673	0.19846	0.10735	0.01774	0.00877	0.00270	0.00466	0.28651	0.00669	0.00616
25	0.02084	0.02019	0.08762	0.02503	0.18103	0.07525	0.18339	0.20806	0.02084	0.08763	0.01507	0.01713	0.01112	0.00691	0.00705	0.00210	0.00912	0.00644	0.00476	0.01043
26	0.76105	0.05774	0.01159	0.00916	0.01349	0.01604	0.00766	0.02013	0.01178	0.02983	0.00953	0.01111	0.00749	0.00632	0.00424	0.00208	0.00541	0.00370	0.00416	0.00749
27	0.01681	0.01618	0.02736	0.04055	0.67501	0.01654	0.02064	0.02072	0.01527	0.02200	0.01264	0.01681	0.01073	0.00645	0.00771	0.00209	0.05240	0.00609	0.00336	0.01064
28	0.01642	0.06593	0.01685	0.01340	0.01689	0.05613	0.05020	0.10482	0.28382	0.02644	0.08136	0.12923	0.02448	0.01061	0.00696	0.00219	0.00599	0.00905	0.07020	0.00904
29	0.01478	0.01044	0.01274	0.01058	0.01424	0.00978	0.00834	0.07441	0.05670	0.08318	0.18630	0.02757	0.02626	0.01632	0.13433	0.00333	0.00715	0.00740	0.04717	0.24899
30	0.01498	0.01639	0.06290	0.01881	0.01987	0.02041	0.06258	0.01714	0.01110	0.01714	0.00951	0.01518	0.00906	0.01123	0.02053	0.00290	0.65343	0.00608	0.00302	0.00776
31	0.01372	0.03539	0.72412	0.01950	0.02961	0.01589	0.02528	0.02167	0.01444	0.02167	0.01228	0.01444	0.00867	0.00650	0.00650	0.00217	0.01011	0.00506	0.00289	0.01011
32	0.01120	0.00822	0.01013	0.01021	0.01188	0.00827	0.00750	0.01669	0.14791	0.04321	0.27700	0.32199	0.04650	0.01600	0.00813	0.00246	0.00411	0.03457	0.00695	0.00708
33	0.00817	0.00693	0.00705	0.00702	0.00929	0.00581	0.00526	0.00998	0.01579	0.01895	0.10304	0.06507	0.68008	0.01715	0.00808	0.00230	0.00345	0.01433	0.00641	0.00581
34	0.02810	0.01433	0.01736	0.01347	0.01871	0.01423	0.01107	0.24853	0.07707	0.44687	0.02362	0.02123	0.01552	0.00845	0.00687	0.00211	0.00635	0.00671	0.00782	0.01158
35	0.07085	0.01761	0.12907	0.01509	0.02123	0.01428	0.06030	0.17825	0.02091	0.37137	0.02040	0.01932	0.01345	0.00779	0.00674	0.00212	0.00724	0.00633	0.00664	0.01099
36	0.80789	0.01323	0.01006	0.00900	0.01323	0.01535	0.00741	0.02011	0.01164	0.03070	0.00953	0.01111	0.00741	0.00635	0.00423	0.00212	0.00529	0.00370	0.00423	0.00741
37	0.00944	0.00675	0.00921	0.01079	0.01167	0.00651	0.00828	0.01144	0.01419	0.01870	0.03710	0.47572	0.04283	0.02039	0.00903	0.00293	0.00493	0.28789	0.00633	0.00586
38	0.06567	0.04460	0.22895	0.01917	0.11551	0.01697	0.01663	0.19272	0.10692	0.06864	0.01704	0.04781	0.01319	0.00794	0.00660	0.00214	0.00772	0.00640	0.00502	0.01038
39	0.01652	0.01567	0.02661	0.03995	0.66809	0.01567	0.02030	0.02052	0.01559	0.02222	0.01449	0.02112	0.01282	0.00698	0.00696	0.00211	0.00800	0.05226	0.00359	0.01052
40	0.00834	0.00595	0.00794	0.00953	0.00992	0.00556	0.00635	0.00953	0.01310	0.01746	0.03771	0.75510	0.04525	0.02143	0.00873	0.00278	0.00397	0.01945	0.00635	0.00556
41	0.01615	0.01845	0.04037	0.02884	0.03576	0.01730	0.69204	0.02191	0.01615	0.02191	0.01384	0.01845	0.01038	0.00577	0.00807	0.00231	0.01153	0.00807	0.00346	0.00923
42	0.02187	0.02069	0.02097	0.02213	0.18794	0.18543	0.01453	0.24090	0.16341	0.02897	0.01655	0.01746	0.01268	0.00765	0.00669	0.00204	0.00836	0.00606	0.00526	0.01041
43	0.01051	0.00786	0.00955	0.00921	0.01119	0.00743	0.00713	0.05941	0.01856	0.02498	0.39202	0.09611	0.21366	0.01539	0.00819	0.00233	0.00398	0.08892	0.00699	0.00658
44	0.15657	0.01315	0.01433	0.01074	0.01637	0.01172	0.00870	0.09955	0.01626	0.07482	0.01323	0.01454	0.01030	0.00590	0.00526	0.00141	0.00545	0.00444	0.00472	0.51252
45	0.16046	0.01298	0.01433	0.01214	0.01634	0.01372	0.00983	0.10984	0.19899	0.23010	0.06436	0.02582	0.01985	0.00921	0.00659	0.00221	0.00562	0.04615	0.03157	0.00989
46	0.70640	0.01351	0.01096	0.00948	0.01391	0.01526	0.00779	0.05989	0.01304	0.03085	0.01012	0.01164	0.00785	0.00637	0.00445	0.00204	0.00541	0.00387	0.00438	0.06279
47	0.59996	0.01370	0.01216	0.01027	0.01481	0.01527	0.00847	0.10242	0.01526	0.13415	0.01293	0.01354	0.00932	0.00689	0.00494	0.00211	0.00564	0.00447	0.00517	0.00854
48	0.18807	0.01218	0.01296	0.01089	0.01468	0.05393	0.00870	0.06177	0.01855	0.27128	0.24169	0.02857	0.02939	0.00969	0.00666	0.00210	0.00537	0.00778	0.00688	0.00886
49	0.13224	0.01099	0.01344	0.01094	0.01505	0.01043	0.00885	0.06492	0.01917	0.38930	0.21798	0.02906	0.02876	0.00972	0.00685	0.00212	0.00512	0.00795	0.00752	0.00959
50	0.06802	0.01136	0.01410	0.01143	0.01572	0.01066	0.00926	0.07446	0.06054	0.36776	0.17666	0.02935	0.02699	0.00967	0.00694	0.00209	0.00528	0.02741	0.00744	0.06488
51	0.02754	0.01374	0.01627	0.01268	0.01773	0.05465	0.01035	0.12543	0.02105	0.50159	0.06345	0.02274	0.01806	0.00847	0.00680	0.00202	0.00626	0.00678	0.00763	0.05676
52	0.12610	0.01295	0.01560	0.01221	0.01734	0.01243	0.01003	0.11016	0.06087	0.47851	0.02287	0.02063	0.01501	0.00806	0.00646	0.00207	0.00590	0.00631	0.00744	0.04906
53	0.08946	0.01292	0.01521	0.01214	0.01679	0.01266	0.00982	0.17275	0.05663	0.31287	0.07801	0.06610	0.02008	0.00917	0.00669	0.00205	0.00574	0.00743	0.00705	0.08645
54	0.17006	0.01207	0.01424	0.01139	0.01622	0.01151	0.00927	0.02860	0.09173	0.41517	0.05838	0.02186	0.01744	0.00813	0.00629	0.00203	0.00547	0.00640	0.00705	0.08669
55	0.11089	0.01164	0.01414	0.01129	0.01592	0.01085	0.00914	0.04446	0.07226	0.38860	0.12277	0.02489	0.02216	0.00869	0.00655	0.00201	0.00531	0.00704	0.00718	0.10422
56	0.10462	0.01231	0.01715	0.01342	0.01824	0.01163	0.08328	0.02877	0.08253	0.43346	0.10017	0.02483	0.02092	0.00865	0.00688	0.00216	0.00606	0.00738	0.00725	0.01030

[dist]
# distance from previous block
# <min> <max>
5	15

[block]
# block no. 2 follows, 31 sequences, length 8
# corresponding to MSA columns:
# 151-158
name=unknown_C
#
# <colnr> <probs for GDERKNQSTAVLIFYWHMCP>
#	G	D	E	R	K	N	Q	S	T	A	V	L	I	F	Y	W	H	M	C	P
0	0.02193	0.05418	0.15820	0.01924	0.10174	0.01487	0.09209	0.06531	0.08873	0.28380	0.01970	0.01956	0.01362	0.00745	0.00682	0.00212	0.00769	0.00647	0.00573	0.01076
1	0.01928	0.05031	0.32024	0.02043	0.11886	0.01448	0.06810	0.02460	0.01613	0.21784	0.01649	0.01742	0.01148	0.00685	0.00661	0.00206	0.00839	0.00583	0.00462	0.04996
2	0.05643	0.01791	0.13904	0.02447	0.24435	0.01424	0.09436	0.04991	0.01690	0.15773	0.06426	0.01985	0.01516	0.00717	0.00678	0.00206	0.00775	0.00652	0.00479	0.05030
3	0.01910	0.07502	0.20463	0.02444	0.26534	0.01534	0.01790	0.04932	0.01650	0.16303	0.01539	0.01689	0.01133	0.00666	0.00642	0.00196	0.00785	0.00565	0.00443	0.07279
4	0.01592	0.06261	0.21382	0.02684	0.32350	0.01570	0.01876	0.06960	0.01666	0.02382	0.07982	0.01897	0.01529	0.00703	0.00658	0.00198	0.00789	0.00614	0.00392	0.06516
5	0.01667	0.02282	0.30596	0.02613	0.28647	0.01455	0.02006	0.02204	0.01562	0.09910	0.04216	0.01781	0.01273	0.00677	0.00661	0.00203	0.00827	0.00587	0.00396	0.06437
6	0.01620	0.02340	0.29333	0.02914	0.35047	0.01609	0.02113	0.08531	0.01693	0.02434	0.04873	0.01767	0.01282	0.00686	0.00674	0.00209	0.00858	0.00602	0.00374	0.01041
7	0.01548	0.02514	0.39891	0.01909	0.10600	0.01368	0.01903	0.02126	0.01489	0.07377	0.01341	0.01532	0.00993	0.00621	0.00617	0.00184	0.00820	0.00504	0.00367	0.22295

[dist]
# distance from previous block
# <min> <max>
0	1

[block]
# block no. 3 follows, 31 sequences, length 14
# corresponding to MSA columns:
# 160-173
name=unknown_D
#
# <colnr> <probs for GDERKNQSTAVLIFYWHMCP>
#	G	D	E	R	K	N	Q	S	T	A	V	L	I	F	Y	W	H	M	C	P
0	0.01453	0.03061	0.57879	0.01767	0.02692	0.01454	0.02185	0.02146	0.01463	0.05219	0.01290	0.01479	0.00926	0.00635	0.00629	0.00198	0.00911	0.00497	0.00332	0.13785
1	0.01372	0.03539	0.72412	0.01950	0.02961	0.01589	0.02528	0.02167	0.01444	0.02167	0.01228	0.01444	0.00867	0.00650	0.00650	0.00217	0.01011	0.00506	0.00289	0.01011
2	0.01372	0.03539	0.72412	0.01950	0.02961	0.01589	0.02528	0.02167	0.01444	0.02167	0.01228	0.01444	0.00867	0.00650	0.00650	0.00217	0.01011	0.00506	0.00289	0.01011
3	0.01672	0.03142	0.55224	0.01858	0.02756	0.01719	0.02228	0.18593	0.01877	0.02691	0.01329	0.01493	0.00939	0.00692	0.00658	0.00214	0.00948	0.00533	0.00385	0.01048
4	0.01480	0.20725	0.56170	0.01766	0.02677	0.01853	0.02207	0.02139	0.01432	0.02035	0.01162	0.01363	0.00869	0.00635	0.00600	0.00200	0.00945	0.00473	0.00290	0.00980
5	0.33373	0.39131	0.02363	0.01067	0.01583	0.02074	0.00983	0.02160	0.01356	0.09107	0.01123	0.01224	0.00903	0.00631	0.00457	0.00179	0.00636	0.00399	0.00399	0.00851
6	0.17886	0.61107	0.03060	0.01116	0.01668	0.02469	0.01083	0.02041	0.01344	0.01906	0.00951	0.01100	0.00850	0.00595	0.00436	0.00160	0.00690	0.00367	0.00319	0.00850
7	0.01007	0.00710	0.00946	0.01072	0.01165	0.00699	0.00835	0.01205	0.01385	0.01819	0.03365	0.25574	0.03803	0.17021	0.01441	0.00376	0.00573	0.35853	0.00588	0.00566
8	0.64732	0.16584	0.01530	0.00955	0.01411	0.01773	0.00828	0.02019	0.01210	0.02773	0.00952	0.01109	0.00769	0.00625	0.00427	0.00198	0.00570	0.00370	0.00397	0.00769
9	0.00972	0.00654	0.00753	0.00775	0.00781	0.00648	0.00445	0.00989	0.01039	0.01385	0.02381	0.14402	0.02772	0.65644	0.03118	0.00609	0.00626	0.01128	0.00445	0.00434
10	0.02444	0.17057	0.02365	0.01492	0.02047	0.02241	0.01274	0.55709	0.02845	0.03762	0.01502	0.01532	0.01105	0.00773	0.00634	0.00193	0.00749	0.00565	0.00605	0.01105
11	0.00828	0.00615	0.00773	0.00900	0.00978	0.00560	0.00612	0.00959	0.01361	0.01767	0.04413	0.61493	0.18127	0.02060	0.00860	0.00268	0.00387	0.01843	0.00635	0.00560
12	0.00995	0.00663	0.00746	0.00746	0.00746	0.00663	0.00415	0.00995	0.00995	0.01327	0.02156	0.04477	0.02487	0.75957	0.03482	0.00663	0.00663	0.00995	0.00415	0.00415
13	0.29829	0.49756	0.02670	0.01075	0.01602	0.02291	0.01018	0.02035	0.01310	0.02127	0.00952	0.01102	0.00829	0.00603	0.00433	0.00170	0.00660	0.00367	0.00339	0.00829

[dist]
# distance from previous block
# <min> <max>
0	0

# created by:
# /home/berkeley/.conda/envs/busco_data_prod/bin/msa2prfl.pl pipeline/OGs_align_augustus/5794/15911.fs
