[name]
unknown

[dist]
# distance from previous block
# <min> <max>
0	65

[block]
# block no. 0 follows, 33 sequences, length 78
# corresponding to MSA columns:
# 66-143
name=unknown_A
#
# <colnr> <probs for GDERKNQSTAVLIFYWHMCP>
#	G	D	E	R	K	N	Q	S	T	A	V	L	I	F	Y	W	H	M	C	P
0	0.01670	0.01164	0.01470	0.01160	0.01646	0.01002	0.03139	0.08247	0.01643	0.13580	0.01887	0.02708	0.01636	0.00827	0.00622	0.00167	0.00564	0.13583	0.00522	0.42763
1	0.03763	0.00924	0.01081	0.01048	0.01265	0.00961	0.00812	0.06961	0.15707	0.02458	0.23721	0.17912	0.08099	0.01412	0.00766	0.00236	0.00449	0.11049	0.00653	0.00724
2	0.02508	0.04791	0.05552	0.01460	0.01990	0.08493	0.01247	0.43521	0.02564	0.18709	0.01703	0.01658	0.01180	0.00768	0.00643	0.00195	0.00743	0.00577	0.00629	0.01069
3	0.02000	0.02242	0.27547	0.01846	0.04735	0.01586	0.11866	0.21248	0.01983	0.16076	0.01583	0.01668	0.01094	0.00695	0.00665	0.00206	0.00840	0.00595	0.00494	0.01031
4	0.00996	0.00793	0.00866	0.00967	0.01056	0.06190	0.00665	0.01123	0.01343	0.03976	0.03607	0.63428	0.08730	0.01889	0.00811	0.00255	0.00446	0.01688	0.00597	0.00572
5	0.04522	0.07272	0.01763	0.01239	0.01765	0.01556	0.01022	0.27472	0.10399	0.07577	0.01567	0.01599	0.01176	0.00679	0.00576	0.00163	0.00601	0.00521	0.00543	0.27989
6	0.01806	0.09223	0.21953	0.01958	0.11034	0.10097	0.08004	0.10112	0.04978	0.06540	0.01359	0.01522	0.01024	0.00647	0.00618	0.00188	0.00850	0.00533	0.00400	0.07153
7	0.05515	0.01811	0.16549	0.01317	0.01790	0.07001	0.01233	0.18999	0.03775	0.10296	0.05120	0.07700	0.01711	0.04725	0.00770	0.00223	0.00684	0.00704	0.09197	0.00881
8	0.01585	0.02203	0.24671	0.02331	0.03047	0.01587	0.41269	0.02161	0.01504	0.07520	0.01361	0.01679	0.00991	0.00624	0.00787	0.00220	0.04516	0.00671	0.00351	0.00924
9	0.01356	0.01254	0.02084	0.30934	0.33680	0.01357	0.01697	0.01751	0.01493	0.02057	0.13881	0.02263	0.01899	0.00749	0.00676	0.00207	0.00735	0.00693	0.00384	0.00848
10	0.01518	0.08440	0.12202	0.02355	0.03011	0.01649	0.50603	0.02050	0.01502	0.02084	0.01340	0.01718	0.01018	0.00581	0.00703	0.00208	0.00996	0.00692	0.06459	0.00874
11	0.01411	0.03286	0.67982	0.01849	0.02787	0.01568	0.02342	0.07326	0.01520	0.02243	0.01212	0.01404	0.00856	0.00638	0.00628	0.00208	0.00954	0.00495	0.00307	0.00984
12	0.00863	0.00660	0.00899	0.01127	0.06443	0.00616	0.00706	0.01004	0.01307	0.01728	0.03800	0.62538	0.12042	0.01903	0.00819	0.00257	0.00407	0.01717	0.00589	0.00576
13	0.00866	0.00634	0.00825	0.00933	0.01032	0.00593	0.00689	0.01049	0.01414	0.01864	0.12015	0.44923	0.13395	0.01878	0.00839	0.00262	0.00413	0.15191	0.00623	0.00562
14	0.01196	0.00616	0.00626	0.00626	0.00761	0.00616	0.00453	0.01467	0.01331	0.02317	0.02139	0.02670	0.01770	0.09636	0.00797	0.00210	0.00345	0.00654	0.71180	0.00589
15	0.01769	0.01380	0.01503	0.01266	0.01641	0.01520	0.01006	0.27786	0.27937	0.03213	0.18289	0.02822	0.04994	0.00984	0.00694	0.00210	0.00542	0.00811	0.00676	0.00959
16	0.00924	0.00690	0.01024	0.01042	0.01150	0.00789	0.00798	0.01145	0.01082	0.01546	0.01981	0.11193	0.01961	0.04602	0.65698	0.00966	0.01602	0.00841	0.00383	0.00582
17	0.02796	0.01373	0.01684	0.01291	0.01807	0.01343	0.01067	0.26763	0.02308	0.49060	0.02242	0.02010	0.01451	0.00806	0.00661	0.00202	0.00618	0.00638	0.00760	0.01120
18	0.02736	0.01383	0.01674	0.01287	0.01794	0.01368	0.01062	0.28851	0.02333	0.44995	0.02198	0.01995	0.01437	0.00804	0.00655	0.00200	0.00616	0.00634	0.02872	0.01107
19	0.00802	0.00573	0.00764	0.00917	0.00955	0.00535	0.00611	0.00917	0.01260	0.01681	0.03628	0.76434	0.04354	0.02062	0.00840	0.00267	0.00382	0.01872	0.00611	0.00535
20	0.00811	0.00652	0.00723	0.00739	0.00918	0.00565	0.00541	0.00996	0.01529	0.01924	0.18544	0.17692	0.48712	0.01672	0.00788	0.00227	0.00337	0.01432	0.00633	0.00565
21	0.00802	0.00573	0.00764	0.00917	0.00955	0.00535	0.00611	0.00917	0.01260	0.01681	0.03628	0.76434	0.04354	0.02062	0.00840	0.00267	0.00382	0.01872	0.00611	0.00535
22	0.01890	0.01452	0.01694	0.01402	0.01697	0.03339	0.01134	0.33064	0.02028	0.06075	0.01535	0.01968	0.01278	0.07457	0.14824	0.00410	0.16739	0.00637	0.00504	0.00873
23	0.01840	0.58390	0.12700	0.01233	0.01846	0.02268	0.01285	0.02131	0.01408	0.09974	0.01147	0.01239	0.00935	0.00601	0.00478	0.00157	0.00724	0.00406	0.00343	0.00894
24	0.11966	0.23988	0.44168	0.01532	0.02315	0.01826	0.01838	0.02033	0.01340	0.02047	0.01071	0.01254	0.00821	0.00606	0.00539	0.00189	0.00836	0.00431	0.00296	0.00903
25	0.45879	0.05248	0.05352	0.01656	0.12424	0.10441	0.06417	0.02055	0.01326	0.02494	0.01023	0.01238	0.00813	0.00610	0.00507	0.00197	0.00712	0.00438	0.00369	0.00802
26	0.00988	0.00761	0.01082	0.01353	0.09452	0.00733	0.00913	0.01211	0.01424	0.01893	0.07673	0.36240	0.08723	0.01741	0.00832	0.00264	0.00493	0.23018	0.00583	0.00624
27	0.01659	0.30344	0.24955	0.01457	0.02151	0.01914	0.04172	0.11252	0.01604	0.02174	0.01140	0.01303	0.00903	0.00603	0.00541	0.00167	0.00777	0.00448	0.00349	0.12088
28	0.00845	0.00670	0.00760	0.00737	0.00930	0.00584	0.00553	0.01075	0.01659	0.02154	0.35355	0.05717	0.43570	0.01527	0.00777	0.00216	0.00323	0.01303	0.00661	0.00584
29	0.01987	0.01658	0.01681	0.01421	0.01846	0.05652	0.01128	0.27132	0.43672	0.03186	0.02203	0.02079	0.01633	0.00845	0.00662	0.00211	0.00628	0.00674	0.00648	0.01055
30	0.02570	0.01506	0.02013	0.01631	0.05618	0.04529	0.09695	0.21191	0.02150	0.39062	0.02029	0.01928	0.01350	0.00759	0.00672	0.00202	0.00711	0.00643	0.00668	0.01072
31	0.01623	0.21978	0.47213	0.01603	0.02417	0.01738	0.01928	0.02187	0.01434	0.10238	0.01279	0.01404	0.00929	0.00632	0.00578	0.00191	0.00856	0.00473	0.00341	0.00957
32	0.02411	0.03058	0.01873	0.01698	0.02021	0.70841	0.01280	0.02580	0.01825	0.01610	0.01010	0.01199	0.00849	0.00701	0.00667	0.00175	0.04673	0.00431	0.00337	0.00761
33	0.00781	0.00656	0.00678	0.00696	0.00897	0.00553	0.00513	0.00942	0.01473	0.01767	0.06315	0.14506	0.64549	0.01713	0.00785	0.00228	0.00339	0.01446	0.00611	0.00553
34	0.01480	0.01391	0.02055	0.02030	0.14553	0.05020	0.15628	0.05552	0.15869	0.02319	0.09735	0.11856	0.02404	0.01016	0.00736	0.00224	0.00701	0.06060	0.00515	0.00858
35	0.01731	0.01597	0.02591	0.03746	0.64515	0.01620	0.01931	0.10009	0.01685	0.02384	0.01278	0.01624	0.01052	0.00610	0.00653	0.00196	0.00775	0.00587	0.00365	0.01052
36	0.00816	0.00591	0.00772	0.00891	0.00954	0.00546	0.00606	0.00958	0.01348	0.01803	0.12172	0.63508	0.08694	0.01952	0.00829	0.00257	0.00370	0.01760	0.00625	0.00546
37	0.00852	0.00665	0.00773	0.00756	0.00937	0.00586	0.00563	0.01084	0.01660	0.02181	0.37584	0.09222	0.37710	0.01535	0.00780	0.00217	0.00325	0.01320	0.00665	0.00586
38	0.01982	0.04734	0.02210	0.02554	0.32049	0.13573	0.01526	0.15096	0.10194	0.05819	0.02918	0.01718	0.01264	0.00701	0.00640	0.00193	0.00784	0.00586	0.00460	0.00999
39	0.02758	0.01275	0.01699	0.01531	0.09663	0.02844	0.01115	0.08370	0.01936	0.58140	0.02328	0.02096	0.01505	0.00784	0.00659	0.00202	0.00613	0.00643	0.00737	0.01103
40	0.02495	0.01340	0.01596	0.01245	0.01709	0.01345	0.01020	0.29828	0.02336	0.35273	0.08223	0.02222	0.01827	0.00848	0.00658	0.00199	0.00589	0.00677	0.05523	0.01046
41	0.52214	0.04246	0.01452	0.01443	0.10291	0.16939	0.01007	0.02094	0.01332	0.02523	0.00978	0.01163	0.00787	0.00621	0.00478	0.00193	0.00693	0.00399	0.00379	0.00769
42	0.26282	0.01726	0.01337	0.01194	0.01548	0.24494	0.00939	0.02233	0.01609	0.14516	0.09446	0.02290	0.04104	0.00856	0.00594	0.00200	0.00713	0.04632	0.00510	0.00778
43	0.01856	0.11208	0.10375	0.01712	0.09329	0.04264	0.01376	0.19511	0.28179	0.02770	0.01810	0.01814	0.01369	0.00757	0.00627	0.00200	0.00696	0.00601	0.00527	0.01019
44	0.01150	0.00728	0.00932	0.00862	0.01069	0.00658	0.00664	0.01432	0.01794	0.10702	0.50957	0.04942	0.15662	0.01356	0.00770	0.00214	0.00357	0.04371	0.00712	0.00669
45	0.01303	0.02508	0.43454	0.01867	0.02619	0.01373	0.16359	0.01899	0.01405	0.02040	0.01543	0.11626	0.01356	0.00795	0.00676	0.00211	0.00885	0.00728	0.00343	0.07013
46	0.04608	0.01255	0.01417	0.01037	0.01597	0.01057	0.00836	0.11261	0.01597	0.02463	0.01241	0.01409	0.01002	0.00541	0.00508	0.00117	0.00517	0.00422	0.02320	0.64796
47	0.00945	0.00686	0.00960	0.00960	0.01044	0.00770	0.00701	0.01113	0.01029	0.01456	0.01853	0.03080	0.01860	0.25583	0.53903	0.00938	0.01440	0.00778	0.00366	0.00534
48	0.01055	0.00804	0.01063	0.07500	0.01472	0.00851	0.00899	0.01466	0.09996	0.01848	0.02960	0.25374	0.03194	0.11664	0.04592	0.00355	0.00614	0.23121	0.00549	0.00623
49	0.01452	0.01222	0.01412	0.01016	0.01597	0.00967	0.00816	0.06932	0.01498	0.02299	0.01202	0.01382	0.00986	0.00511	0.00501	0.00105	0.00506	0.00406	0.00411	0.74783
50	0.25796	0.01121	0.01216	0.01144	0.01471	0.01203	0.00963	0.08971	0.07401	0.10858	0.02345	0.03894	0.02188	0.01155	0.00683	0.00244	0.00577	0.27403	0.00581	0.00787
51	0.00802	0.00573	0.00764	0.00917	0.00955	0.00535	0.00611	0.00917	0.01260	0.01681	0.03628	0.76434	0.04354	0.02062	0.00840	0.00267	0.00382	0.01872	0.00611	0.00535
52	0.00957	0.00638	0.00718	0.00718	0.00718	0.00638	0.00399	0.00957	0.00957	0.01276	0.02074	0.04308	0.02393	0.76864	0.03351	0.00638	0.00638	0.00957	0.00399	0.00399
53	0.02578	0.01395	0.11213	0.01240	0.01785	0.01017	0.01139	0.02906	0.01816	0.58185	0.07749	0.02330	0.01873	0.00830	0.00666	0.00205	0.00597	0.00679	0.00735	0.01062
54	0.01443	0.07210	0.02618	0.37259	0.22738	0.01614	0.14027	0.01872	0.01410	0.01876	0.01198	0.01671	0.00942	0.00613	0.00660	0.00207	0.00880	0.00602	0.00308	0.00853
55	0.02954	0.01120	0.01528	0.01171	0.01681	0.00968	0.00968	0.03208	0.01884	0.73213	0.02597	0.02241	0.01630	0.00815	0.00662	0.00204	0.00560	0.00662	0.00815	0.01120
56	0.00852	0.00578	0.00746	0.00881	0.00933	0.00544	0.00594	0.00989	0.01274	0.01771	0.03456	0.67812	0.04043	0.01911	0.00796	0.00254	0.00373	0.01725	0.09924	0.00544
57	0.01927	0.01777	0.08317	0.05012	0.27331	0.03548	0.15419	0.14404	0.01839	0.11693	0.01482	0.01702	0.01096	0.00654	0.00676	0.00203	0.00838	0.00623	0.00445	0.01012
58	0.66249	0.01396	0.02893	0.00979	0.01394	0.03433	0.00817	0.02175	0.10973	0.02868	0.01172	0.01274	0.00900	0.00653	0.00454	0.00206	0.00541	0.00416	0.00439	0.00767
59	0.01431	0.01338	0.02136	0.02492	0.29901	0.01415	0.08868	0.01983	0.10724	0.02272	0.18465	0.02519	0.02383	0.00876	0.00885	0.00216	0.09976	0.00771	0.00463	0.00885
60	0.02029	0.40102	0.02756	0.01624	0.08983	0.22402	0.01272	0.10227	0.01708	0.01933	0.01055	0.01212	0.00898	0.00624	0.00521	0.00161	0.00849	0.00424	0.00346	0.00874
61	0.00822	0.00652	0.00738	0.00752	0.00925	0.00569	0.00550	0.01016	0.01552	0.01982	0.22967	0.18201	0.43639	0.01654	0.00789	0.00226	0.00336	0.01423	0.00640	0.00569
62	0.11542	0.01950	0.15212	0.01942	0.15686	0.05269	0.01505	0.19830	0.05034	0.13448	0.01535	0.01612	0.01106	0.00702	0.00619	0.00201	0.00746	0.00552	0.00501	0.01008
63	0.10449	0.24730	0.14650	0.01464	0.02055	0.01886	0.08211	0.09068	0.11716	0.07648	0.01449	0.01530	0.01098	0.00667	0.00568	0.00190	0.00734	0.00522	0.00433	0.00933
64	0.00793	0.00608	0.00728	0.00824	0.00930	0.00543	0.00570	0.00927	0.01350	0.01717	0.04757	0.50421	0.29639	0.01916	0.00817	0.00251	0.00364	0.01693	0.00611	0.00543
65	0.00870	0.00632	0.00773	0.00808	0.00902	0.00586	0.00551	0.01026	0.01412	0.01893	0.24051	0.28576	0.15565	0.17749	0.01347	0.00321	0.00408	0.01397	0.00599	0.00535
66	0.06376	0.10300	0.01866	0.01293	0.01770	0.01665	0.01077	0.33265	0.05257	0.21611	0.01939	0.07433	0.01486	0.00863	0.00634	0.00199	0.00633	0.00675	0.00640	0.01019
67	0.21589	0.01967	0.01659	0.04217	0.01916	0.21678	0.01122	0.26148	0.02094	0.09670	0.01346	0.01418	0.00986	0.00713	0.00580	0.00193	0.00790	0.00495	0.00511	0.00908
68	0.01594	0.00783	0.00998	0.00895	0.01125	0.00717	0.00672	0.01824	0.01597	0.24116	0.20833	0.13260	0.03295	0.09978	0.00993	0.00255	0.00435	0.00990	0.14903	0.00736
69	0.49372	0.01449	0.01343	0.01103	0.01558	0.01622	0.00910	0.24575	0.01829	0.08884	0.01267	0.01330	0.00919	0.00686	0.00510	0.00202	0.00584	0.00458	0.00522	0.00879
70	0.02102	0.01375	0.01570	0.01262	0.01677	0.01450	0.01020	0.34234	0.09424	0.16088	0.19715	0.02628	0.02583	0.00945	0.00690	0.00204	0.00570	0.00771	0.00705	0.00986
71	0.24454	0.00990	0.01075	0.00941	0.01268	0.00994	0.00744	0.04274	0.01570	0.22175	0.13191	0.11173	0.05980	0.01023	0.00617	0.00208	0.00459	0.00829	0.07246	0.00788
72	0.23340	0.01361	0.01486	0.01176	0.01653	0.01412	0.00970	0.23057	0.02032	0.31775	0.01837	0.01742	0.01238	0.00753	0.00588	0.00200	0.00588	0.00560	0.03234	0.00997
73	0.15155	0.01112	0.01352	0.01089	0.01530	0.01058	0.00888	0.02803	0.06966	0.48405	0.08794	0.02323	0.01938	0.00836	0.00628	0.00204	0.00520	0.00667	0.02742	0.00990
74	0.11984	0.01131	0.01440	0.01118	0.01611	0.01015	0.00921	0.02937	0.01768	0.59815	0.03914	0.02121	0.01594	0.00787	0.00626	0.00198	0.00545	0.00625	0.00744	0.05109
75	0.02078	0.01156	0.01493	0.01122	0.01639	0.00972	0.02750	0.05535	0.01717	0.33142	0.07616	0.02056	0.01693	0.00716	0.00603	0.00161	0.00533	0.00593	0.00613	0.33814
76	0.01965	0.01085	0.01369	0.01037	0.01535	0.00881	0.00837	0.02244	0.01644	0.31556	0.11013	0.02188	0.01926	0.00734	0.00597	0.00156	0.00495	0.00606	0.00609	0.37523
77	0.08259	0.01182	0.01444	0.01145	0.01597	0.01128	0.00932	0.11351	0.05895	0.41754	0.11778	0.02399	0.02107	0.00856	0.00649	0.00199	0.00537	0.00692	0.00721	0.05376

[dist]
# distance from previous block
# <min> <max>
11	22

[block]
# block no. 1 follows, 33 sequences, length 20
# corresponding to MSA columns:
# 166-185
name=unknown_B
#
# <colnr> <probs for GDERKNQSTAVLIFYWHMCP>
#	G	D	E	R	K	N	Q	S	T	A	V	L	I	F	Y	W	H	M	C	P
0	0.01667	0.04310	0.26680	0.02684	0.31581	0.01484	0.06085	0.02170	0.01520	0.10986	0.03625	0.01720	0.01199	0.00650	0.00649	0.00201	0.00822	0.00586	0.00382	0.01000
1	0.01527	0.12117	0.25271	0.02716	0.35282	0.01635	0.01933	0.02005	0.01432	0.02050	0.01172	0.01456	0.00944	0.00588	0.00600	0.00184	0.00809	0.00508	0.00310	0.07462
2	0.01639	0.14278	0.28641	0.02258	0.18667	0.01702	0.08773	0.06228	0.01550	0.05656	0.01261	0.01483	0.00962	0.00614	0.00613	0.00191	0.00848	0.00529	0.00349	0.03757
3	0.12092	0.02279	0.28831	0.02420	0.27070	0.05869	0.01857	0.02041	0.01419	0.02199	0.01156	0.01418	0.00904	0.00602	0.00593	0.00192	0.00818	0.00493	0.00325	0.07424
4	0.01373	0.12103	0.33013	0.01460	0.04245	0.01362	0.01559	0.01866	0.01496	0.04614	0.15671	0.02096	0.01985	0.00747	0.00609	0.00181	0.00703	0.00605	0.00408	0.13905
5	0.01641	0.02548	0.39695	0.01833	0.08159	0.01562	0.01869	0.18763	0.01812	0.02604	0.01282	0.01452	0.00941	0.00642	0.00616	0.00189	0.00826	0.00507	0.00391	0.12669
6	0.01536	0.02748	0.49521	0.01654	0.02487	0.01468	0.01950	0.11092	0.01627	0.04642	0.01277	0.01438	0.00921	0.00630	0.00608	0.00188	0.00845	0.00490	0.00364	0.14513
7	0.01477	0.03199	0.64013	0.01829	0.02743	0.01597	0.02276	0.11128	0.01615	0.02357	0.01234	0.01415	0.00872	0.00647	0.00630	0.00207	0.00940	0.00500	0.00328	0.00992
8	0.01378	0.13159	0.64208	0.01777	0.02696	0.01671	0.02260	0.02070	0.01383	0.02014	0.01146	0.01346	0.00835	0.00617	0.00599	0.00200	0.00937	0.00469	0.00278	0.00956
9	0.01443	0.07736	0.63438	0.01802	0.02714	0.01635	0.02258	0.07625	0.01525	0.02220	0.01198	0.01385	0.00858	0.00635	0.00616	0.00204	0.00937	0.00487	0.00309	0.00977
10	0.01462	0.32673	0.35820	0.01488	0.02188	0.01859	0.01728	0.01944	0.01386	0.01855	0.01379	0.02053	0.01229	0.00758	0.00582	0.00194	0.00817	0.09392	0.00323	0.00873
11	0.22305	0.41970	0.08571	0.01129	0.01681	0.02020	0.01113	0.02126	0.01355	0.10892	0.01148	0.01236	0.00908	0.00612	0.00466	0.00171	0.00659	0.00403	0.00380	0.00856
12	0.01760	0.77260	0.03450	0.01126	0.01690	0.02605	0.01126	0.01971	0.01338	0.01549	0.00915	0.01056	0.00845	0.00563	0.00422	0.00141	0.00704	0.00352	0.00282	0.00845
13	0.00937	0.00669	0.00918	0.01070	0.01168	0.00651	0.00845	0.01149	0.01393	0.01831	0.03554	0.40555	0.04060	0.01936	0.00876	0.00286	0.00499	0.36423	0.00609	0.00572
14	0.81514	0.01273	0.00968	0.00866	0.01273	0.01477	0.00713	0.01935	0.01120	0.02954	0.00917	0.01069	0.00713	0.00611	0.00407	0.00204	0.00509	0.00356	0.00407	0.00713
15	0.00957	0.00638	0.00718	0.00718	0.00718	0.00638	0.00399	0.00957	0.00957	0.01276	0.02074	0.04308	0.02393	0.76864	0.03351	0.00638	0.00638	0.00957	0.00399	0.00399
16	0.02503	0.01844	0.01976	0.01515	0.02042	0.02042	0.01251	0.70562	0.03095	0.04149	0.01581	0.01581	0.01120	0.00790	0.00659	0.00198	0.00724	0.00593	0.00659	0.01120
17	0.00802	0.00573	0.00764	0.00917	0.00955	0.00535	0.00611	0.00917	0.01260	0.01681	0.03628	0.76434	0.04354	0.02062	0.00840	0.00267	0.00382	0.01872	0.00611	0.00535
18	0.00957	0.00638	0.00718	0.00718	0.00718	0.00638	0.00399	0.00957	0.00957	0.01276	0.02074	0.04308	0.02393	0.76864	0.03351	0.00638	0.00638	0.00957	0.00399	0.00399
19	0.13154	0.66404	0.03095	0.01089	0.01630	0.02444	0.01067	0.01966	0.01307	0.01750	0.00915	0.01058	0.00826	0.00570	0.00420	0.00150	0.00676	0.00353	0.00300	0.00826

[dist]
# distance from previous block
# <min> <max>
0	0

# created by:
# /home/berkeley/.conda/envs/busco_data_prod/bin/msa2prfl.pl pipeline/OGs_align_augustus/5794/16038.fs
