[name]
unknown

[dist]
# distance from previous block
# <min> <max>
0	99

[block]
# block no. 0 follows, 30 sequences, length 20
# corresponding to MSA columns:
# 138-157
name=unknown_A
#
# <colnr> <probs for GDERKNQSTAVLIFYWHMCP>
#	G	D	E	R	K	N	Q	S	T	A	V	L	I	F	Y	W	H	M	C	P
0	0.07688	0.08341	0.14314	0.04836	0.04580	0.12229	0.04518	0.12329	0.03390	0.10272	0.01734	0.02309	0.01416	0.00859	0.00678	0.00219	0.00858	0.07984	0.00492	0.00953
1	0.01370	0.01024	0.01142	0.01053	0.01296	0.01035	0.00794	0.19410	0.01933	0.02516	0.06026	0.20652	0.23120	0.10626	0.01146	0.00297	0.00531	0.04660	0.00637	0.00731
2	0.10651	0.24641	0.05690	0.01365	0.05488	0.01747	0.01140	0.02355	0.11648	0.10093	0.05250	0.04984	0.01639	0.00792	0.00584	0.00188	0.00633	0.00614	0.00493	0.10005
3	0.01913	0.05103	0.09966	0.01911	0.11991	0.01600	0.06242	0.21111	0.05976	0.08818	0.10331	0.02591	0.07515	0.00912	0.00717	0.00215	0.00722	0.00776	0.00578	0.01011
4	0.01713	0.09204	0.28411	0.01516	0.02101	0.09354	0.01573	0.02137	0.01573	0.12979	0.02104	0.20273	0.01970	0.01082	0.00703	0.00225	0.00801	0.00898	0.00482	0.00900
5	0.01339	0.19136	0.13822	0.01166	0.01564	0.01335	0.01092	0.01538	0.01274	0.01722	0.01737	0.13913	0.01807	0.12087	0.01396	0.13441	0.00680	0.00797	0.00387	0.09767
6	0.01825	0.31604	0.08305	0.09472	0.02158	0.01992	0.01298	0.08937	0.09476	0.07137	0.01577	0.01937	0.01314	0.09117	0.00917	0.00245	0.00752	0.00582	0.00442	0.00915
7	0.01462	0.14397	0.45215	0.01995	0.10282	0.01693	0.02091	0.02081	0.01535	0.02196	0.09209	0.01877	0.01566	0.00736	0.00651	0.00208	0.00883	0.00591	0.00355	0.00975
8	0.01122	0.00690	0.00910	0.00978	0.01099	0.00630	0.00686	0.01287	0.01497	0.09780	0.11581	0.55361	0.07847	0.01929	0.00858	0.00266	0.00415	0.01730	0.00686	0.00648
9	0.01884	0.01718	0.02739	0.02685	0.21760	0.01769	0.20516	0.17536	0.12649	0.02838	0.01791	0.02230	0.01429	0.00783	0.00748	0.00226	0.00860	0.04285	0.00501	0.01052
10	0.01725	0.14454	0.06768	0.12711	0.39864	0.01863	0.04832	0.05718	0.01622	0.02213	0.01265	0.01631	0.01036	0.00640	0.00655	0.00203	0.00852	0.00582	0.00349	0.01018
11	0.01064	0.00925	0.00955	0.01054	0.01144	0.08685	0.00728	0.01215	0.01482	0.01890	0.11231	0.58697	0.04424	0.01934	0.00854	0.00264	0.00492	0.01728	0.00629	0.00605
12	0.01554	0.01596	0.03105	0.03116	0.28394	0.01534	0.32717	0.02012	0.01607	0.02229	0.05137	0.10242	0.01755	0.00823	0.00782	0.00229	0.00917	0.00901	0.00404	0.00946
13	0.30451	0.06658	0.01461	0.01162	0.01527	0.04626	0.03821	0.05650	0.05357	0.02573	0.05709	0.02960	0.09662	0.01399	0.07381	0.00309	0.00731	0.07288	0.00504	0.00772
14	0.01214	0.00996	0.04326	0.01235	0.01443	0.00913	0.01041	0.09059	0.01704	0.02253	0.03501	0.28750	0.05711	0.01825	0.00892	0.00289	0.00589	0.32928	0.00635	0.00696
15	0.01968	0.02097	0.01950	0.09818	0.02396	0.24990	0.06140	0.03082	0.34953	0.02344	0.01979	0.02026	0.01514	0.00818	0.00690	0.00217	0.00872	0.00661	0.00524	0.00959
16	0.01762	0.24401	0.29528	0.01589	0.02277	0.09911	0.01707	0.02407	0.09397	0.05054	0.01515	0.04846	0.01238	0.00760	0.00613	0.00200	0.00870	0.00572	0.00392	0.00960
17	0.13586	0.14281	0.32281	0.01485	0.02193	0.01715	0.01659	0.07179	0.03649	0.06254	0.01423	0.01571	0.01059	0.00697	0.00583	0.00202	0.00786	0.00512	0.07932	0.00954
18	0.04697	0.02165	0.12137	0.01836	0.04397	0.13616	0.10919	0.16034	0.02092	0.22554	0.01756	0.01792	0.01217	0.00753	0.00692	0.00212	0.00891	0.00623	0.00564	0.01051
19	0.01640	0.04868	0.14527	0.01861	0.12677	0.09325	0.01460	0.02124	0.06618	0.06538	0.01961	0.03020	0.01791	0.09693	0.04276	0.00314	0.00858	0.10832	0.00456	0.05160

[dist]
# distance from previous block
# <min> <max>
0	37

[block]
# block no. 1 follows, 30 sequences, length 18
# corresponding to MSA columns:
# 196-213
name=unknown_B
#
# <colnr> <probs for GDERKNQSTAVLIFYWHMCP>
#	G	D	E	R	K	N	Q	S	T	A	V	L	I	F	Y	W	H	M	C	P
0	0.04173	0.17905	0.07457	0.01366	0.01849	0.01629	0.03502	0.04740	0.10302	0.16409	0.04643	0.06751	0.01860	0.00944	0.00750	0.00213	0.04866	0.04293	0.00551	0.05797
1	0.13925	0.30177	0.10204	0.04290	0.01999	0.04347	0.01267	0.04112	0.01566	0.14941	0.01382	0.01465	0.01045	0.00671	0.00544	0.00183	0.00729	0.00473	0.00443	0.06236
2	0.01720	0.01365	0.07345	0.01376	0.04140	0.01204	0.01122	0.12794	0.08409	0.11912	0.06829	0.10238	0.02545	0.10019	0.01088	0.00286	0.00640	0.10177	0.00615	0.06176
3	0.01837	0.15168	0.13356	0.04186	0.02069	0.04535	0.01383	0.02187	0.01527	0.14085	0.01595	0.02056	0.01306	0.00824	0.00824	0.00200	0.09772	0.05485	0.00450	0.17156
4	0.13627	0.07652	0.13499	0.04557	0.02401	0.03864	0.13792	0.06067	0.11333	0.10095	0.01750	0.02078	0.01347	0.00782	0.00670	0.00223	0.00815	0.03998	0.00490	0.00962
5	0.01897	0.09269	0.12947	0.01482	0.02041	0.01443	0.05181	0.08654	0.06738	0.16054	0.02163	0.02997	0.01816	0.00960	0.00706	0.00219	0.00725	0.13565	0.00562	0.10579
6	0.01879	0.11196	0.30160	0.01544	0.02245	0.05273	0.01661	0.07506	0.03635	0.14545	0.05337	0.02098	0.05212	0.00808	0.00657	0.00205	0.00806	0.00630	0.00489	0.04115
7	0.02051	0.13123	0.06519	0.01757	0.02287	0.15341	0.14919	0.08411	0.06306	0.09844	0.06170	0.01904	0.01514	0.00766	0.00719	0.00202	0.02978	0.00641	0.00481	0.04066
8	0.01779	0.41687	0.28262	0.01541	0.02278	0.07046	0.01713	0.04922	0.01552	0.01966	0.01109	0.01280	0.00904	0.00639	0.00549	0.00180	0.00885	0.00441	0.00318	0.00951
9	0.01555	0.27757	0.49076	0.01723	0.02610	0.02002	0.02116	0.02170	0.01455	0.02020	0.01158	0.01355	0.00888	0.00641	0.00591	0.00197	0.00936	0.00468	0.00296	0.00986
10	0.01299	0.01242	0.11620	0.01087	0.01447	0.00893	0.00990	0.01763	0.05723	0.10047	0.38813	0.04438	0.15309	0.01279	0.00780	0.00223	0.00480	0.01096	0.00685	0.00786
11	0.01798	0.48653	0.02816	0.01245	0.01722	0.13605	0.01138	0.02019	0.01545	0.01722	0.01929	0.02409	0.09021	0.00874	0.00568	0.00180	0.00775	0.06776	0.00380	0.00823
12	0.01720	0.01806	0.02573	0.27635	0.30261	0.13083	0.08788	0.02132	0.01591	0.02012	0.01260	0.01713	0.01007	0.00660	0.00697	0.00214	0.00969	0.00614	0.00336	0.00927
13	0.01318	0.01240	0.02093	0.73798	0.04806	0.01550	0.01938	0.01783	0.01395	0.01783	0.01240	0.01860	0.00930	0.00698	0.00698	0.00233	0.00930	0.00620	0.00310	0.00775
14	0.02653	0.01955	0.02094	0.01606	0.02164	0.02164	0.01326	0.68796	0.03281	0.04398	0.01675	0.01675	0.01187	0.00838	0.00698	0.00209	0.00768	0.00628	0.00698	0.01187
15	0.00900	0.00710	0.00812	0.00786	0.00989	0.00621	0.00590	0.01148	0.01769	0.02308	0.36578	0.06019	0.41066	0.01609	0.00824	0.00228	0.00342	0.01375	0.00704	0.00621
16	0.01000	0.00734	0.01054	0.01054	0.01155	0.00835	0.00788	0.01203	0.01101	0.01570	0.01931	0.03085	0.01894	0.18456	0.59692	0.01038	0.01645	0.00798	0.00383	0.00585
17	0.00963	0.00712	0.00899	0.00852	0.01028	0.00648	0.00639	0.01270	0.01918	0.02662	0.61226	0.05438	0.16198	0.01478	0.00823	0.00222	0.00333	0.01294	0.00750	0.00648

[dist]
# distance from previous block
# <min> <max>
0	14

[block]
# block no. 2 follows, 30 sequences, length 77
# corresponding to MSA columns:
# 228-261,278-320
name=unknown_C
#
# <colnr> <probs for GDERKNQSTAVLIFYWHMCP>
#	G	D	E	R	K	N	Q	S	T	A	V	L	I	F	Y	W	H	M	C	P
0	0.01825	0.69542	0.09651	0.01264	0.01899	0.02661	0.01316	0.02100	0.01423	0.01692	0.00995	0.01151	0.00895	0.00603	0.00467	0.00156	0.00771	0.00386	0.00298	0.00907
1	0.00997	0.00748	0.01121	0.01121	0.01246	0.00872	0.00872	0.01246	0.01121	0.01620	0.01869	0.02741	0.01745	0.05234	0.72710	0.01121	0.01869	0.00748	0.00374	0.00623
2	0.16747	0.01973	0.09679	0.01496	0.02083	0.01910	0.01340	0.44313	0.02601	0.08890	0.01579	0.01606	0.01114	0.00785	0.00646	0.00212	0.00743	0.00575	0.00617	0.01091
3	0.02122	0.01426	0.01575	0.01333	0.01759	0.01554	0.01060	0.15175	0.37055	0.16426	0.02550	0.02391	0.01844	0.00896	0.00681	0.00219	0.00574	0.00728	0.09546	0.01085
4	0.01823	0.01667	0.02492	0.02794	0.29688	0.01757	0.11019	0.10169	0.25660	0.02734	0.01901	0.02050	0.01466	0.00755	0.00717	0.00222	0.00774	0.00709	0.00513	0.01091
5	0.01398	0.01188	0.01394	0.01028	0.01601	0.00900	0.00812	0.01692	0.01438	0.02233	0.01456	0.07534	0.01330	0.00655	0.00548	0.00118	0.00508	0.00543	0.00433	0.73191
6	0.01832	0.02013	0.19934	0.01904	0.02475	0.01578	0.16211	0.02486	0.09751	0.16016	0.01851	0.05539	0.01430	0.00886	0.00984	0.00242	0.12654	0.00741	0.00490	0.00985
7	0.01524	0.15742	0.57731	0.01848	0.02781	0.04528	0.02299	0.02212	0.01483	0.02095	0.01198	0.01406	0.00886	0.00654	0.00626	0.00207	0.00992	0.00489	0.00298	0.01000
8	0.00850	0.00607	0.00810	0.00972	0.01012	0.00567	0.00648	0.00972	0.01336	0.01781	0.03846	0.75020	0.04615	0.02186	0.00891	0.00283	0.00405	0.01984	0.00648	0.00567
9	0.01615	0.01784	0.03774	0.02962	0.11042	0.01683	0.56892	0.02167	0.01661	0.02276	0.05742	0.02073	0.01410	0.00644	0.00809	0.00231	0.01085	0.00828	0.00378	0.00942
10	0.01824	0.08978	0.44311	0.01845	0.02699	0.01734	0.06247	0.11685	0.01792	0.10245	0.01466	0.01599	0.01033	0.00700	0.00665	0.00214	0.00931	0.00560	0.00419	0.01054
11	0.01188	0.01021	0.01370	0.01283	0.01299	0.01274	0.00966	0.01294	0.01125	0.01613	0.02072	0.21558	0.02362	0.22260	0.04968	0.00434	0.31785	0.01086	0.00430	0.00612
12	0.01015	0.00677	0.00761	0.00761	0.00761	0.00677	0.00423	0.01015	0.01015	0.01353	0.02199	0.04567	0.02537	0.75476	0.03552	0.00677	0.00677	0.01015	0.00423	0.00423
13	0.01960	0.01570	0.02441	0.06808	0.45994	0.01592	0.01801	0.11585	0.01887	0.10732	0.05492	0.02002	0.01494	0.00730	0.00701	0.00211	0.00769	0.00669	0.00478	0.01085
14	0.08772	0.10297	0.11903	0.01499	0.02115	0.01923	0.01393	0.36043	0.02442	0.14488	0.01653	0.01653	0.01164	0.00775	0.00644	0.00206	0.00756	0.00575	0.00602	0.01097
15	0.01881	0.01073	0.01160	0.00982	0.01297	0.01113	0.00781	0.20490	0.02028	0.10830	0.02163	0.02319	0.01615	0.00826	0.00570	0.00182	0.00478	0.00650	0.48703	0.00860
16	0.80405	0.01350	0.01026	0.00918	0.01350	0.01565	0.00756	0.02051	0.01188	0.03131	0.00972	0.01134	0.00756	0.00648	0.00432	0.00216	0.00540	0.00378	0.00432	0.00756
17	0.01647	0.01534	0.02434	0.01977	0.06649	0.01505	0.22433	0.10126	0.09810	0.02540	0.03801	0.06142	0.03520	0.00825	0.00796	0.00207	0.04422	0.00778	0.00484	0.18370
18	0.00825	0.00707	0.00707	0.00707	0.00943	0.00589	0.00530	0.01001	0.01591	0.01885	0.07069	0.06716	0.70839	0.01767	0.00825	0.00236	0.00353	0.01473	0.00648	0.00589
19	0.02448	0.03049	0.02207	0.02148	0.09976	0.60279	0.05647	0.02680	0.01913	0.01805	0.01126	0.01350	0.00932	0.00700	0.00648	0.00186	0.01205	0.00492	0.00358	0.00850
20	0.01318	0.01240	0.02093	0.73798	0.04806	0.01550	0.01938	0.01783	0.01395	0.01783	0.01240	0.01860	0.00930	0.00698	0.00698	0.00233	0.00930	0.00620	0.00310	0.00775
21	0.00876	0.00709	0.00778	0.00761	0.00974	0.00611	0.00571	0.01101	0.01712	0.02173	0.27134	0.06242	0.50596	0.01660	0.00824	0.00231	0.00346	0.01406	0.00686	0.00611
22	0.01736	0.01499	0.01578	0.01420	0.01815	0.01736	0.01105	0.03708	0.69862	0.02919	0.02840	0.02604	0.02130	0.00947	0.00710	0.00237	0.00552	0.00789	0.00710	0.01105
23	0.00825	0.00707	0.00707	0.00707	0.00943	0.00589	0.00530	0.01001	0.01591	0.01885	0.07069	0.06716	0.70839	0.01767	0.00825	0.00236	0.00353	0.01473	0.00648	0.00589
24	0.01033	0.00747	0.01014	0.01163	0.01299	0.00728	0.00960	0.01293	0.01537	0.01996	0.03982	0.24737	0.09108	0.01981	0.00935	0.00305	0.00561	0.45356	0.00644	0.00619
25	0.01182	0.01027	0.01058	0.00988	0.01176	0.09301	0.00741	0.01493	0.01976	0.02667	0.62393	0.04738	0.05902	0.01342	0.00800	0.00215	0.00441	0.01164	0.00719	0.00677
26	0.02053	0.57576	0.03233	0.01346	0.01884	0.20410	0.01233	0.02265	0.01559	0.01658	0.00998	0.01154	0.00896	0.00628	0.00494	0.00157	0.00876	0.00392	0.00314	0.00874
27	0.01831	0.01691	0.02750	0.03983	0.63398	0.01715	0.02050	0.09608	0.01778	0.02517	0.01353	0.01721	0.01114	0.00646	0.00692	0.00207	0.00822	0.00622	0.00385	0.01114
28	0.01406	0.01229	0.01488	0.09994	0.01836	0.11052	0.04862	0.01493	0.01256	0.01568	0.01535	0.02583	0.01480	0.08163	0.13520	0.25798	0.05028	0.04776	0.00357	0.00576
29	0.01769	0.01516	0.01597	0.01427	0.01827	0.01751	0.01113	0.06075	0.67441	0.02973	0.02798	0.02570	0.02096	0.00943	0.00710	0.00236	0.00560	0.00783	0.00710	0.01108
30	0.80405	0.01350	0.01026	0.00918	0.01350	0.01565	0.00756	0.02051	0.01188	0.03131	0.00972	0.01134	0.00756	0.00648	0.00432	0.00216	0.00540	0.00378	0.00432	0.00756
31	0.01466	0.01380	0.02014	0.02099	0.12886	0.01751	0.01532	0.01700	0.01277	0.01871	0.01625	0.03031	0.01666	0.01289	0.01725	0.00293	0.45333	0.15883	0.00390	0.00790
32	0.01751	0.01421	0.01610	0.01178	0.01783	0.01242	0.00953	0.18680	0.01910	0.02810	0.01350	0.01505	0.01072	0.00598	0.00563	0.00130	0.00580	0.00468	0.00485	0.59911
33	0.01727	0.01658	0.02832	0.04283	0.71123	0.01658	0.02142	0.02142	0.01589	0.02280	0.01313	0.01727	0.01105	0.00622	0.00691	0.00207	0.00829	0.00622	0.00345	0.01105
34	0.80405	0.01350	0.01026	0.00918	0.01350	0.01565	0.00756	0.02051	0.01188	0.03131	0.00972	0.01134	0.00756	0.00648	0.00432	0.00216	0.00540	0.00378	0.00432	0.00756
35	0.01000	0.00736	0.01060	0.01060	0.01164	0.00839	0.00796	0.01207	0.01103	0.01575	0.01925	0.03051	0.01879	0.17152	0.60976	0.01046	0.01667	0.00793	0.00382	0.00589
36	0.03131	0.01188	0.01619	0.01242	0.01781	0.01026	0.01026	0.03401	0.01997	0.71606	0.02753	0.02375	0.01727	0.00864	0.00702	0.00216	0.00594	0.00702	0.00864	0.01188
37	0.00997	0.00748	0.01121	0.01121	0.01246	0.00872	0.00872	0.01246	0.01121	0.01620	0.01869	0.02741	0.01745	0.05234	0.72710	0.01121	0.01869	0.00748	0.00374	0.00623
38	0.00843	0.00696	0.00740	0.00754	0.00960	0.00593	0.00556	0.01027	0.01596	0.01957	0.12564	0.14774	0.56958	0.01786	0.00832	0.00240	0.00357	0.01515	0.00659	0.00593
39	0.01400	0.03610	0.71860	0.01989	0.03020	0.01621	0.02578	0.02210	0.01473	0.02210	0.01252	0.01473	0.00884	0.00663	0.00663	0.00221	0.01031	0.00516	0.00295	0.01031
40	0.01015	0.00677	0.00761	0.00761	0.00761	0.00677	0.00423	0.01015	0.01015	0.01353	0.02199	0.04567	0.02537	0.75476	0.03552	0.00677	0.00677	0.01015	0.00423	0.00423
41	0.08930	0.01717	0.01720	0.01394	0.01854	0.15859	0.04404	0.12238	0.02030	0.30446	0.01989	0.01949	0.01376	0.00793	0.00645	0.00202	0.00747	0.00613	0.10095	0.00998
42	0.02126	0.13074	0.22925	0.01747	0.02419	0.14965	0.04252	0.25196	0.02186	0.02792	0.01333	0.01469	0.00999	0.00721	0.00645	0.00200	0.00948	0.00534	0.00448	0.01022
43	0.01608	0.02721	0.45655	0.01657	0.02526	0.01374	0.01949	0.02228	0.01526	0.10093	0.01419	0.01569	0.01018	0.00648	0.00630	0.00190	0.00848	0.00510	0.00390	0.21442
44	0.06833	0.26391	0.21224	0.01415	0.02078	0.01913	0.01486	0.11554	0.01762	0.10555	0.01851	0.01896	0.06696	0.00778	0.00601	0.00196	0.00764	0.00576	0.00457	0.00974
45	0.11668	0.01429	0.01691	0.01311	0.01844	0.01417	0.01083	0.22257	0.02280	0.44383	0.02240	0.02032	0.01461	0.00832	0.00670	0.00214	0.00638	0.00644	0.00767	0.01139
46	0.01543	0.00839	0.01118	0.00991	0.01252	0.00760	0.00775	0.01856	0.01963	0.20360	0.50033	0.04619	0.05215	0.01308	0.00799	0.00224	0.00412	0.04355	0.00786	0.00793
47	0.05481	0.04999	0.10860	0.15618	0.02973	0.18199	0.14940	0.06593	0.09368	0.02255	0.01422	0.01689	0.01084	0.00707	0.00683	0.00215	0.00990	0.00608	0.00402	0.00913
48	0.02197	0.02431	0.01989	0.01969	0.09767	0.36108	0.01387	0.06998	0.19621	0.02254	0.01588	0.01709	0.01262	0.00816	0.00796	0.00210	0.06912	0.00581	0.00466	0.00939
49	0.03107	0.01226	0.01643	0.01260	0.01800	0.01082	0.01041	0.06649	0.02061	0.68268	0.02700	0.02340	0.01701	0.00862	0.00702	0.00216	0.00602	0.00698	0.00855	0.01188
50	0.00878	0.00643	0.00827	0.00932	0.01020	0.00591	0.00648	0.01048	0.01485	0.01980	0.16005	0.53030	0.12711	0.01997	0.00873	0.00267	0.00391	0.03416	0.00669	0.00587
51	0.01478	0.01346	0.09314	0.01655	0.09963	0.01127	0.01273	0.11043	0.01771	0.06707	0.02959	0.24437	0.05377	0.01478	0.00818	0.00260	0.00644	0.16931	0.00591	0.00828
52	0.00870	0.00616	0.00804	0.00946	0.00982	0.00580	0.00621	0.00977	0.01297	0.01730	0.03648	0.66565	0.04366	0.10981	0.01210	0.00331	0.00437	0.01868	0.00621	0.00550
53	0.02539	0.11415	0.02232	0.01638	0.02116	0.32422	0.01320	0.32531	0.02499	0.02916	0.01335	0.01430	0.01029	0.00758	0.00639	0.00190	0.00975	0.00521	0.00505	0.00990
54	0.11247	0.39084	0.21756	0.01445	0.02114	0.10156	0.01536	0.02196	0.01468	0.01983	0.01059	0.01233	0.00876	0.00635	0.00525	0.00180	0.00857	0.00421	0.00320	0.00906
55	0.02246	0.01530	0.01666	0.01358	0.01807	0.01669	0.01096	0.32666	0.20716	0.11777	0.02214	0.02158	0.01602	0.00866	0.00668	0.00210	0.00618	0.00684	0.13370	0.01079
56	0.01134	0.01138	0.08946	0.01149	0.01395	0.00927	0.00978	0.01657	0.11331	0.02183	0.16109	0.19895	0.05534	0.11929	0.01211	0.00318	0.00559	0.12293	0.00608	0.00707
57	0.00983	0.00663	0.00770	0.00802	0.00810	0.00655	0.00466	0.01006	0.01077	0.01436	0.02517	0.18173	0.02938	0.61322	0.03038	0.00601	0.00624	0.01202	0.00466	0.00451
58	0.01607	0.01535	0.02615	0.24765	0.51584	0.01626	0.02082	0.02036	0.01532	0.02133	0.01291	0.01766	0.01054	0.00644	0.00693	0.00215	0.00859	0.00621	0.00335	0.01008
59	0.19896	0.16587	0.24544	0.02021	0.12032	0.01851	0.09620	0.02143	0.01433	0.02327	0.01160	0.01410	0.00908	0.00632	0.00591	0.00206	0.00851	0.00507	0.00341	0.00941
60	0.01318	0.01240	0.02093	0.73798	0.04806	0.01550	0.01938	0.01783	0.01395	0.01783	0.01240	0.01860	0.00930	0.00698	0.00698	0.00233	0.00930	0.00620	0.00310	0.00775
61	0.01314	0.01376	0.02686	0.02013	0.02502	0.01268	0.39452	0.01741	0.01656	0.02184	0.10863	0.06395	0.21206	0.01071	0.00826	0.00235	0.00823	0.01098	0.00493	0.00797
62	0.00829	0.00690	0.00725	0.00753	0.00955	0.00585	0.00551	0.00996	0.01546	0.01867	0.06506	0.18644	0.59275	0.01840	0.00836	0.00244	0.00362	0.01562	0.00648	0.00585
63	0.01727	0.01658	0.02832	0.04283	0.71123	0.01658	0.02142	0.02142	0.01589	0.02280	0.01313	0.01727	0.01105	0.00622	0.00691	0.00207	0.00829	0.00622	0.00345	0.01105
64	0.00988	0.00713	0.00933	0.00878	0.01043	0.00658	0.00658	0.01317	0.01975	0.02798	0.70754	0.05213	0.06584	0.01427	0.00823	0.00219	0.00329	0.01262	0.00768	0.00658
65	0.01346	0.01033	0.01273	0.14538	0.01916	0.01122	0.00984	0.07402	0.13689	0.02558	0.16429	0.07922	0.10829	0.01137	0.00714	0.00220	0.00523	0.00968	0.14609	0.00787
66	0.04122	0.01754	0.09561	0.01398	0.01994	0.01530	0.01241	0.22267	0.12785	0.12860	0.01829	0.01823	0.01325	0.00748	0.00641	0.00188	0.00666	0.00588	0.00596	0.22085
67	0.01706	0.01627	0.02730	0.04043	0.65986	0.01604	0.02044	0.02113	0.01578	0.02279	0.01307	0.01706	0.01100	0.00614	0.00678	0.00200	0.00806	0.00606	0.00350	0.06919
68	0.01327	0.01240	0.02045	0.68419	0.04573	0.01505	0.01856	0.01781	0.01399	0.01819	0.01240	0.01830	0.00938	0.00684	0.00684	0.00223	0.00900	0.00605	0.00318	0.06614
69	0.01606	0.01496	0.02376	0.13337	0.45421	0.01575	0.01835	0.02258	0.12581	0.02277	0.01737	0.07306	0.01506	0.00801	0.00710	0.00221	0.00767	0.00749	0.00422	0.01019
70	0.02542	0.03203	0.02041	0.01982	0.07256	0.67424	0.01407	0.02739	0.01949	0.01750	0.01096	0.01293	0.00914	0.00712	0.00634	0.00182	0.01227	0.00462	0.00359	0.00831
71	0.00877	0.00747	0.00770	0.00737	0.00999	0.00617	0.00557	0.01069	0.01594	0.01947	0.08954	0.06272	0.63342	0.01662	0.00802	0.00225	0.00365	0.01387	0.00635	0.06444
72	0.01573	0.01268	0.01560	0.01287	0.06798	0.00990	0.00937	0.01888	0.01492	0.06615	0.01340	0.01526	0.01082	0.00546	0.00541	0.00118	0.00545	0.00447	0.00437	0.69009
73	0.74558	0.01341	0.01105	0.06306	0.01605	0.01564	0.00843	0.02031	0.01203	0.03031	0.00992	0.01187	0.00769	0.00651	0.00452	0.00217	0.00569	0.00396	0.00423	0.00757
74	0.01055	0.00771	0.00996	0.00991	0.01053	0.00833	0.00707	0.01193	0.01226	0.01689	0.09939	0.06196	0.02945	0.37546	0.16127	0.00632	0.06293	0.08791	0.00475	0.00543
75	0.06491	0.02146	0.01800	0.01527	0.01973	0.25788	0.01200	0.16618	0.16593	0.16010	0.01891	0.01837	0.01371	0.00816	0.00664	0.00207	0.00844	0.00603	0.00604	0.01019
76	0.07335	0.01303	0.02087	0.54260	0.13526	0.01534	0.01822	0.01954	0.01444	0.06323	0.01325	0.01821	0.00991	0.00694	0.00677	0.00227	0.00866	0.00608	0.00359	0.00845

[dist]
# distance from previous block
# <min> <max>
2	249

# created by:
# /home/berkeley/.conda/envs/busco_data_prod/bin/msa2prfl.pl pipeline/OGs_align_augustus/5794/16211.fs
