[name]
unknown

[dist]
# distance from previous block
# <min> <max>
0	2

[block]
# block no. 0 follows, 28 sequences, length 11
# corresponding to MSA columns:
# 2-12
name=unknown_A
#
# <colnr> <probs for GDERKNQSTAVLIFYWHMCP>
#	G	D	E	R	K	N	Q	S	T	A	V	L	I	F	Y	W	H	M	C	P
0	0.01387	0.00958	0.01189	0.01089	0.01339	0.00951	0.00851	0.05947	0.09698	0.07461	0.47399	0.04940	0.05402	0.01398	0.00840	0.00239	0.00446	0.06872	0.00784	0.00808
1	0.00886	0.00633	0.00843	0.01012	0.01054	0.00590	0.00675	0.01012	0.01392	0.01856	0.04006	0.73979	0.04808	0.02277	0.00928	0.00295	0.00422	0.02066	0.00675	0.00590
2	0.01425	0.01143	0.01344	0.01249	0.01513	0.01288	0.00962	0.06780	0.26036	0.02387	0.02820	0.03248	0.08123	0.08502	0.29108	0.00646	0.01127	0.00876	0.00571	0.00854
3	0.00894	0.00687	0.00790	0.00864	0.00992	0.00614	0.00593	0.01031	0.01470	0.01851	0.05295	0.36168	0.33309	0.10524	0.01221	0.00321	0.00431	0.01712	0.00647	0.00583
4	0.00966	0.00741	0.00885	0.00849	0.01048	0.00659	0.00637	0.01251	0.01910	0.02565	0.46682	0.06005	0.29931	0.01617	0.00858	0.00235	0.00352	0.01395	0.00754	0.00659
5	0.79588	0.01406	0.01068	0.00956	0.01406	0.01631	0.00787	0.02137	0.01237	0.03261	0.01012	0.01181	0.00787	0.00675	0.00450	0.00225	0.00562	0.00394	0.00450	0.00787
6	0.00985	0.00738	0.00924	0.01032	0.01133	0.00718	0.00714	0.01319	0.07999	0.02060	0.09187	0.57314	0.09011	0.02062	0.00900	0.00282	0.00427	0.01852	0.00691	0.00654
7	0.79588	0.01406	0.01068	0.00956	0.01406	0.01631	0.00787	0.02137	0.01237	0.03261	0.01012	0.01181	0.00787	0.00675	0.00450	0.00225	0.00562	0.00394	0.00450	0.00787
8	0.00886	0.00633	0.00843	0.01012	0.01054	0.00590	0.00675	0.01012	0.01392	0.01856	0.04006	0.73979	0.04808	0.02277	0.00928	0.00295	0.00422	0.02066	0.00675	0.00590
9	0.35266	0.01906	0.01453	0.01275	0.01691	0.18912	0.01007	0.10019	0.05372	0.05624	0.01462	0.01591	0.01119	0.00762	0.00567	0.00209	0.00752	0.00512	0.09623	0.00878
10	0.06268	0.54383	0.06194	0.01332	0.01940	0.07908	0.01287	0.04812	0.01628	0.06809	0.01192	0.01309	0.00998	0.00667	0.00518	0.00172	0.00809	0.00436	0.00381	0.00957

[dist]
# distance from previous block
# <min> <max>
0	1

[block]
# block no. 1 follows, 28 sequences, length 30
# corresponding to MSA columns:
# 14-43
name=unknown_B
#
# <colnr> <probs for GDERKNQSTAVLIFYWHMCP>
#	G	D	E	R	K	N	Q	S	T	A	V	L	I	F	Y	W	H	M	C	P
0	0.01595	0.10145	0.11001	0.26094	0.19280	0.01796	0.08861	0.02175	0.05464	0.02135	0.01483	0.04135	0.01213	0.00745	0.00712	0.00227	0.00922	0.00682	0.00369	0.00966
1	0.06270	0.70796	0.03656	0.01228	0.01840	0.02807	0.01218	0.02174	0.01464	0.01797	0.01011	0.01167	0.00925	0.00625	0.00465	0.00159	0.00765	0.00389	0.00319	0.00925
2	0.01028	0.00764	0.00873	0.00865	0.01092	0.00668	0.00664	0.01263	0.01757	0.05081	0.20914	0.09336	0.43960	0.01753	0.00869	0.00251	0.00402	0.07088	0.00713	0.00660
3	0.02198	0.01755	0.01863	0.01558	0.02039	0.01990	0.01245	0.29856	0.41978	0.03670	0.02463	0.02317	0.01817	0.00940	0.00735	0.00235	0.00667	0.00753	0.00735	0.01186
4	0.00922	0.00676	0.00865	0.00950	0.01054	0.00620	0.00662	0.01115	0.01609	0.02162	0.22518	0.46623	0.13535	0.02004	0.00900	0.00271	0.00393	0.01792	0.00709	0.00620
5	0.10939	0.01635	0.02401	0.28204	0.34704	0.05756	0.01936	0.02126	0.01557	0.02261	0.01284	0.01747	0.01031	0.00685	0.00686	0.00225	0.00891	0.00606	0.00358	0.00968
6	0.79588	0.01406	0.01068	0.00956	0.01406	0.01631	0.00787	0.02137	0.01237	0.03261	0.01012	0.01181	0.00787	0.00675	0.00450	0.00225	0.00562	0.00394	0.00450	0.00787
7	0.01183	0.00852	0.01198	0.01461	0.10404	0.00819	0.00900	0.01371	0.01450	0.06135	0.03620	0.38652	0.11333	0.08240	0.08503	0.00400	0.00670	0.01510	0.00597	0.00703
8	0.01685	0.06912	0.43818	0.02608	0.19923	0.05368	0.02378	0.04833	0.01662	0.02351	0.01313	0.01579	0.00993	0.00686	0.00686	0.00220	0.01007	0.00558	0.00340	0.01081
9	0.02146	0.01279	0.08605	0.01237	0.01672	0.00952	0.01074	0.02439	0.01803	0.36495	0.05894	0.21717	0.08835	0.01347	0.00795	0.00246	0.00582	0.01157	0.00754	0.00973
10	0.00993	0.00781	0.00910	0.00926	0.01128	0.00719	0.00707	0.01328	0.05259	0.02279	0.22420	0.14575	0.34229	0.01776	0.00878	0.00258	0.00415	0.09045	0.00710	0.00664
11	0.01722	0.12600	0.11931	0.11101	0.39148	0.01885	0.07048	0.02198	0.01596	0.02208	0.01307	0.01700	0.01066	0.00656	0.00690	0.00214	0.00918	0.00611	0.00342	0.01059
12	0.02218	0.02428	0.16397	0.02019	0.07406	0.17884	0.07464	0.05246	0.09743	0.15317	0.01921	0.02209	0.01458	0.00844	0.00730	0.00226	0.00951	0.03967	0.00530	0.01043
13	0.06269	0.01369	0.01699	0.01318	0.01856	0.01303	0.01086	0.15981	0.02276	0.50656	0.02539	0.02290	0.01649	0.00882	0.00705	0.00220	0.00636	0.00699	0.05382	0.01185
14	0.02014	0.57114	0.07268	0.01541	0.05966	0.04795	0.01401	0.08788	0.01704	0.02073	0.01125	0.01286	0.00976	0.00656	0.00526	0.00170	0.00818	0.00441	0.00357	0.00981
15	0.01333	0.01079	0.01536	0.03860	0.14916	0.01138	0.01131	0.01662	0.04062	0.04763	0.15303	0.07439	0.12395	0.09452	0.09379	0.00399	0.07786	0.01038	0.00545	0.00785
16	0.00988	0.00731	0.00922	0.00896	0.01066	0.00665	0.00664	0.01284	0.01928	0.02659	0.53201	0.12442	0.16620	0.01620	0.00865	0.00238	0.00355	0.01424	0.00768	0.00665
17	0.01028	0.00763	0.01095	0.01101	0.01216	0.00861	0.00830	0.01249	0.01182	0.01671	0.02270	0.05960	0.04569	0.13443	0.58109	0.01045	0.01681	0.00890	0.00417	0.00621
18	0.00908	0.00646	0.00859	0.01020	0.01067	0.00608	0.00691	0.01040	0.01393	0.01854	0.03927	0.67637	0.04685	0.05261	0.01047	0.00314	0.00447	0.05343	0.00665	0.00588
19	0.01458	0.03760	0.70688	0.02072	0.03146	0.01688	0.02686	0.02302	0.01535	0.02302	0.01304	0.01535	0.00921	0.00691	0.00691	0.00230	0.01074	0.00537	0.00307	0.01074
20	0.02419	0.01691	0.01703	0.01380	0.01853	0.09217	0.01110	0.29197	0.02527	0.19315	0.03293	0.03131	0.17757	0.01098	0.00752	0.00223	0.00709	0.00863	0.00717	0.01044
21	0.01038	0.00779	0.01168	0.01168	0.01298	0.00909	0.00909	0.01298	0.01168	0.01687	0.01947	0.02856	0.01817	0.05452	0.71573	0.01168	0.01947	0.00779	0.00389	0.00649
22	0.01808	0.01561	0.01644	0.01479	0.01890	0.01808	0.01151	0.03863	0.68606	0.03041	0.02959	0.02712	0.02219	0.00986	0.00740	0.00247	0.00575	0.00822	0.00740	0.01151
23	0.02889	0.01834	0.02057	0.01577	0.02154	0.01955	0.01302	0.51340	0.03080	0.21214	0.02029	0.01929	0.01378	0.00879	0.00728	0.00220	0.00754	0.00674	0.00771	0.01236
24	0.01234	0.00879	0.00996	0.00950	0.01192	0.00841	0.00712	0.01732	0.11608	0.06979	0.19242	0.12335	0.28955	0.03863	0.00911	0.00256	0.00425	0.01321	0.04821	0.00746
25	0.00944	0.00721	0.01064	0.01134	0.01226	0.00673	0.04804	0.01112	0.01446	0.01939	0.07213	0.65996	0.04683	0.02134	0.00920	0.00289	0.00468	0.01953	0.00662	0.00619
26	0.09794	0.01547	0.05578	0.01212	0.01566	0.08953	0.00999	0.14595	0.01916	0.02563	0.03547	0.08570	0.21718	0.09269	0.01079	0.00289	0.00679	0.04755	0.00580	0.00792
27	0.01656	0.21751	0.02237	0.01442	0.05491	0.07341	0.05212	0.01964	0.01790	0.05886	0.24676	0.03099	0.06534	0.00996	0.00693	0.00196	0.00660	0.00832	0.00547	0.06999
28	0.13663	0.06870	0.04664	0.09946	0.02369	0.07444	0.01353	0.30609	0.02357	0.06769	0.01665	0.06119	0.01332	0.00881	0.00674	0.00221	0.00802	0.00669	0.00571	0.01021
29	0.02352	0.12121	0.02334	0.02093	0.17341	0.07967	0.01407	0.08738	0.08994	0.20424	0.01886	0.01911	0.01386	0.00767	0.00669	0.00202	0.00764	0.00618	0.00576	0.07451

[dist]
# distance from previous block
# <min> <max>
0	2

[block]
# block no. 2 follows, 28 sequences, length 79
# corresponding to MSA columns:
# 46-90,110-143
name=unknown_C
#
# <colnr> <probs for GDERKNQSTAVLIFYWHMCP>
#	G	D	E	R	K	N	Q	S	T	A	V	L	I	F	Y	W	H	M	C	P
0	0.06145	0.13400	0.12419	0.01994	0.07894	0.21066	0.09970	0.02312	0.01647	0.02079	0.01294	0.01684	0.01092	0.04649	0.00864	0.00228	0.03443	0.00569	0.02773	0.04476
1	0.01636	0.04218	0.09732	0.09293	0.24087	0.05237	0.06198	0.02087	0.03704	0.05905	0.02353	0.13076	0.07296	0.01029	0.00759	0.00234	0.00814	0.00927	0.00465	0.00951
2	0.00974	0.00833	0.03654	0.01240	0.04847	0.00712	0.00860	0.01162	0.01449	0.01930	0.03994	0.58043	0.09123	0.02079	0.00908	0.00288	0.00483	0.06131	0.00643	0.00646
3	0.01558	0.03473	0.58572	0.02386	0.12124	0.04714	0.02569	0.02318	0.01574	0.02289	0.01305	0.01561	0.00953	0.00687	0.00693	0.00226	0.01056	0.00549	0.00317	0.01075
4	0.01674	0.04198	0.25504	0.16207	0.05701	0.01609	0.01847	0.13262	0.01836	0.04857	0.04248	0.05216	0.01560	0.05653	0.03276	0.00292	0.00923	0.00724	0.00451	0.00963
5	0.01150	0.00776	0.00958	0.00969	0.01054	0.00803	0.00650	0.01380	0.05469	0.04013	0.02637	0.18264	0.02837	0.36085	0.16310	0.00649	0.00871	0.01168	0.03363	0.00593
6	0.04263	0.01107	0.01204	0.01224	0.04220	0.07715	0.00848	0.01465	0.01318	0.01779	0.02418	0.03444	0.08810	0.21904	0.30211	0.00724	0.01225	0.00860	0.00434	0.04827
7	0.47247	0.01882	0.13511	0.01837	0.14631	0.01668	0.01407	0.02276	0.04975	0.02916	0.01234	0.01441	0.00956	0.00689	0.00558	0.00225	0.00708	0.00489	0.00424	0.00925
8	0.01764	0.01691	0.02887	0.10086	0.64570	0.01718	0.02213	0.02200	0.01639	0.02332	0.01361	0.01811	0.01136	0.00654	0.00720	0.00218	0.00872	0.00648	0.00357	0.01123
9	0.01829	0.08198	0.15247	0.02091	0.14980	0.08070	0.01626	0.06875	0.11688	0.02499	0.01548	0.01717	0.01217	0.00703	0.00649	0.00191	0.00815	0.00565	0.00445	0.19047
10	0.00905	0.00727	0.00807	0.00811	0.01016	0.00629	0.00599	0.01122	0.01728	0.02190	0.22550	0.14009	0.46752	0.01800	0.00866	0.00247	0.00368	0.01538	0.00706	0.00629
11	0.01090	0.01062	0.03681	0.03867	0.08751	0.00953	0.04534	0.01361	0.01598	0.02035	0.07176	0.08929	0.42038	0.01753	0.04699	0.00296	0.03598	0.01283	0.00574	0.00723
12	0.01365	0.05564	0.48433	0.01844	0.02678	0.01505	0.06584	0.02021	0.01546	0.02198	0.02309	0.09149	0.09756	0.00976	0.00737	0.00237	0.00924	0.00822	0.00392	0.00960
13	0.02545	0.01082	0.01466	0.01193	0.01629	0.00952	0.00971	0.02845	0.02052	0.48480	0.20947	0.03583	0.03296	0.01118	0.00780	0.00232	0.00547	0.04365	0.00860	0.01057
14	0.01943	0.74891	0.03809	0.01244	0.01866	0.02876	0.01244	0.02177	0.01477	0.01710	0.01011	0.01166	0.00933	0.00622	0.00466	0.00155	0.00777	0.00389	0.00311	0.00933
15	0.01373	0.01292	0.02180	0.72707	0.05006	0.01615	0.02019	0.01857	0.01453	0.01857	0.01292	0.01938	0.00969	0.00727	0.00727	0.00242	0.00969	0.00646	0.00323	0.00807
16	0.01625	0.18197	0.02135	0.01777	0.13765	0.09224	0.01213	0.02142	0.11350	0.02097	0.03159	0.03218	0.19868	0.01357	0.05580	0.00277	0.00791	0.00844	0.00493	0.00887
17	0.01422	0.00921	0.01075	0.01037	0.01196	0.00941	0.00749	0.08519	0.04469	0.05862	0.02732	0.12422	0.02819	0.31990	0.02011	0.00444	0.00625	0.10665	0.09423	0.00677
18	0.01324	0.00816	0.01024	0.00930	0.01177	0.00726	0.00712	0.01621	0.01968	0.12809	0.45089	0.05351	0.20696	0.01481	0.00839	0.00232	0.00390	0.01278	0.00786	0.00752
19	0.01458	0.03760	0.70688	0.02072	0.03146	0.01688	0.02686	0.02302	0.01535	0.02302	0.01304	0.01535	0.00921	0.00691	0.00691	0.00230	0.01074	0.00537	0.00307	0.01074
20	0.06266	0.05603	0.40862	0.02104	0.05235	0.01694	0.11686	0.05696	0.01661	0.02452	0.01594	0.02285	0.01309	0.00823	0.00728	0.00239	0.00989	0.07381	0.00387	0.01007
21	0.17322	0.02068	0.02496	0.02126	0.07080	0.17562	0.19006	0.06508	0.01750	0.06105	0.01359	0.01663	0.01065	0.00920	0.03349	0.00262	0.07381	0.00622	0.00432	0.00925
22	0.02110	0.01458	0.01331	0.01150	0.01475	0.12700	0.00889	0.13053	0.01987	0.14057	0.02139	0.02421	0.01649	0.05918	0.00826	0.00227	0.00647	0.00674	0.34414	0.00874
23	0.01775	0.50143	0.27078	0.01532	0.02311	0.02463	0.01745	0.02220	0.01497	0.01916	0.01113	0.01294	0.00929	0.00646	0.00544	0.00181	0.00881	0.00440	0.00310	0.00982
24	0.05141	0.05982	0.19059	0.01996	0.06845	0.01630	0.14104	0.06795	0.05235	0.09026	0.06881	0.02476	0.07032	0.00887	0.00801	0.00232	0.03609	0.00771	0.00501	0.00997
25	0.00991	0.00761	0.00908	0.00984	0.01163	0.00700	0.00778	0.01209	0.01590	0.01985	0.05375	0.13151	0.34659	0.07924	0.01152	0.00320	0.00510	0.24568	0.00654	0.00618
26	0.00886	0.00655	0.00829	0.00960	0.01043	0.00598	0.00653	0.01030	0.01463	0.01912	0.06928	0.59620	0.16424	0.02172	0.00913	0.00284	0.00409	0.01945	0.00679	0.00598
27	0.01791	0.16564	0.36484	0.01924	0.02740	0.07913	0.09032	0.02515	0.07139	0.05156	0.01456	0.01630	0.01089	0.00708	0.00669	0.00215	0.00994	0.00570	0.00381	0.01031
28	0.01628	0.07731	0.40513	0.14764	0.03186	0.01644	0.04864	0.02262	0.01568	0.08671	0.01584	0.05607	0.01232	0.00795	0.00705	0.00231	0.00962	0.00661	0.00389	0.01002
29	0.03186	0.01358	0.01762	0.01351	0.01916	0.01248	0.01116	0.13222	0.02283	0.60458	0.02698	0.02364	0.01714	0.00896	0.00730	0.00224	0.00646	0.00719	0.00874	0.01237
30	0.01449	0.01499	0.06770	0.10262	0.32265	0.01375	0.03933	0.01907	0.04188	0.02249	0.06249	0.12268	0.10353	0.01080	0.00776	0.00237	0.00742	0.00988	0.00472	0.00938
31	0.02082	0.11215	0.09440	0.01719	0.04890	0.15878	0.01433	0.11909	0.18701	0.04891	0.01938	0.06808	0.01603	0.00928	0.00750	0.00222	0.03326	0.00713	0.00537	0.01018
32	0.02072	0.02064	0.06408	0.03473	0.44000	0.09472	0.04498	0.11840	0.01967	0.05109	0.01451	0.01754	0.01149	0.00702	0.00718	0.00215	0.00920	0.00634	0.00432	0.01122
33	0.02230	0.02427	0.02316	0.06668	0.17098	0.31502	0.04124	0.10963	0.02030	0.02360	0.04932	0.01778	0.01349	0.00815	0.00829	0.00215	0.06363	0.00615	0.00433	0.00953
34	0.00993	0.00742	0.00923	0.00877	0.01064	0.00671	0.00658	0.01303	0.01974	0.02716	0.56554	0.05757	0.19964	0.01560	0.00858	0.00232	0.00348	0.01360	0.00774	0.00671
35	0.02014	0.01103	0.01377	0.01145	0.01504	0.01058	0.00910	0.12779	0.02263	0.24060	0.35151	0.03806	0.04176	0.01179	0.00783	0.00223	0.00502	0.01001	0.04021	0.00945
36	0.00986	0.00677	0.00794	0.00863	0.00932	0.00642	0.00559	0.01098	0.01327	0.01797	0.03746	0.33126	0.13320	0.27276	0.01845	0.00419	0.00505	0.01503	0.08034	0.00550
37	0.00886	0.00633	0.00843	0.01012	0.01054	0.00590	0.00675	0.01012	0.01392	0.01856	0.04006	0.73979	0.04808	0.02277	0.00928	0.00295	0.00422	0.02066	0.00675	0.00590
38	0.00994	0.00742	0.00924	0.00878	0.01065	0.00671	0.00659	0.01305	0.01976	0.02722	0.56918	0.05748	0.19597	0.01558	0.00858	0.00232	0.00348	0.01359	0.00775	0.00671
39	0.10293	0.00896	0.01096	0.00979	0.01244	0.00853	0.00758	0.01802	0.01968	0.13624	0.51226	0.04481	0.05370	0.01301	0.00791	0.00228	0.00411	0.01118	0.00776	0.00784
40	0.79588	0.01406	0.01068	0.00956	0.01406	0.01631	0.00787	0.02137	0.01237	0.03261	0.01012	0.01181	0.00787	0.00675	0.00450	0.00225	0.00562	0.00394	0.00450	0.00787
41	0.01943	0.74891	0.03809	0.01244	0.01866	0.02876	0.01244	0.02177	0.01477	0.01710	0.01011	0.01166	0.00933	0.00622	0.00466	0.00155	0.00777	0.00389	0.00311	0.00933
42	0.01569	0.01251	0.01480	0.01077	0.01686	0.00955	0.00860	0.01891	0.01576	0.06085	0.06082	0.01830	0.01514	0.00623	0.00571	0.00122	0.00529	0.00508	0.00481	0.69307
43	0.01000	0.00681	0.00810	0.00865	0.00879	0.00667	0.00518	0.01042	0.01168	0.01557	0.02859	0.27685	0.03360	0.50548	0.02782	0.00569	0.00611	0.01391	0.00518	0.00490
44	0.06058	0.01124	0.01176	0.01005	0.01328	0.01184	0.00799	0.19709	0.02061	0.07916	0.02163	0.02350	0.01631	0.00848	0.00580	0.00189	0.00495	0.00660	0.47850	0.00874
45	0.03261	0.01237	0.01687	0.01293	0.01856	0.01068	0.01068	0.03543	0.02081	0.70423	0.02868	0.02474	0.01799	0.00900	0.00731	0.00225	0.00619	0.00731	0.00900	0.01237
46	0.01808	0.01561	0.01644	0.01479	0.01890	0.01808	0.01151	0.03863	0.68606	0.03041	0.02959	0.02712	0.02219	0.00986	0.00740	0.00247	0.00575	0.00822	0.00740	0.01151
47	0.01808	0.01561	0.01644	0.01479	0.01890	0.01808	0.01151	0.03863	0.68606	0.03041	0.02959	0.02712	0.02219	0.00986	0.00740	0.00247	0.00575	0.00822	0.00740	0.01151
48	0.01590	0.01590	0.02226	0.01908	0.01908	0.02226	0.01590	0.01749	0.01113	0.01749	0.00954	0.01590	0.00954	0.01272	0.02385	0.00318	0.73123	0.00636	0.00318	0.00795
49	0.02224	0.01474	0.01731	0.01436	0.01820	0.01642	0.01162	0.18301	0.18218	0.17502	0.05723	0.02403	0.01907	0.00995	0.00963	0.00237	0.11471	0.00745	0.08986	0.01062
50	0.01863	0.63151	0.14847	0.01380	0.02077	0.02680	0.01482	0.02197	0.01487	0.01808	0.01059	0.01227	0.00931	0.00633	0.00503	0.00168	0.00826	0.00413	0.00310	0.00956
51	0.00878	0.00661	0.00814	0.00937	0.01035	0.00597	0.00641	0.01021	0.01464	0.01885	0.04921	0.55740	0.22457	0.02158	0.00909	0.00282	0.00407	0.01922	0.00675	0.00597
52	0.01050	0.00751	0.00983	0.00980	0.01128	0.00780	0.00742	0.01302	0.01446	0.02048	0.14829	0.04289	0.13035	0.09730	0.32188	0.00685	0.01097	0.03469	0.08833	0.00635
53	0.00966	0.00719	0.01013	0.01232	0.04827	0.00704	0.00809	0.01135	0.01387	0.01873	0.03582	0.58031	0.04185	0.02604	0.10387	0.00409	0.00659	0.04224	0.00619	0.00632
54	0.01443	0.01364	0.02307	0.61443	0.15720	0.01633	0.02054	0.01919	0.01487	0.01943	0.01304	0.01915	0.00999	0.00714	0.00726	0.00238	0.00952	0.00646	0.00329	0.00864
55	0.08502	0.01283	0.01666	0.01286	0.01842	0.01158	0.01063	0.06211	0.02080	0.62946	0.02691	0.02353	0.01705	0.00883	0.00711	0.00225	0.00622	0.00704	0.00861	0.01206
56	0.01381	0.01500	0.09207	0.15472	0.18682	0.01392	0.01637	0.01862	0.05113	0.02093	0.02419	0.08753	0.08518	0.01604	0.09058	0.00356	0.05451	0.04188	0.00442	0.00873
57	0.01729	0.08670	0.26404	0.06963	0.21830	0.07801	0.09194	0.02278	0.01607	0.02184	0.01286	0.01631	0.01012	0.00694	0.00762	0.00222	0.03775	0.00595	0.00336	0.01028
58	0.01760	0.01479	0.02430	0.07615	0.30222	0.03453	0.11026	0.02146	0.01666	0.09494	0.02074	0.12129	0.01893	0.00983	0.00772	0.00237	0.00812	0.04324	0.04508	0.00977
59	0.48985	0.08399	0.01651	0.01371	0.04496	0.20481	0.01052	0.02349	0.01496	0.02692	0.01057	0.01240	0.00855	0.00689	0.00518	0.00208	0.00794	0.00424	0.00414	0.00830
60	0.00953	0.00731	0.00873	0.00856	0.01044	0.00651	0.00635	0.01218	0.01852	0.02470	0.40737	0.11668	0.30312	0.01685	0.00864	0.00240	0.00359	0.01459	0.00743	0.00651
61	0.01889	0.14556	0.09991	0.02130	0.11789	0.09567	0.08851	0.05029	0.17003	0.02398	0.01645	0.01808	0.01297	0.00751	0.00721	0.00210	0.02888	0.00620	0.00452	0.06406
62	0.01008	0.00742	0.00943	0.00893	0.01073	0.00677	0.00670	0.01332	0.02009	0.02798	0.61921	0.05622	0.14547	0.01530	0.00858	0.00231	0.00346	0.01341	0.00785	0.00677
63	0.01779	0.05314	0.22103	0.09978	0.25687	0.11116	0.09255	0.02312	0.01655	0.02192	0.01307	0.01666	0.01025	0.00677	0.00709	0.00220	0.01030	0.00605	0.00342	0.01027
64	0.00980	0.00741	0.00903	0.00863	0.01056	0.00665	0.00647	0.01276	0.01941	0.02639	0.51489	0.05884	0.25078	0.01589	0.00858	0.00234	0.00350	0.01378	0.00764	0.00665
65	0.00968	0.00769	0.00924	0.05331	0.01267	0.00708	0.00694	0.01220	0.01757	0.02289	0.30460	0.08229	0.35444	0.05538	0.01005	0.00265	0.00416	0.01387	0.00688	0.00643
66	0.01648	0.01687	0.02218	0.01907	0.01926	0.05804	0.01581	0.01809	0.01162	0.01751	0.00963	0.01576	0.00953	0.01245	0.02296	0.00311	0.69417	0.00627	0.00321	0.00798
67	0.02715	0.03464	0.02060	0.01873	0.02247	0.71536	0.01404	0.02903	0.02060	0.01779	0.01124	0.01311	0.00936	0.00749	0.00655	0.00187	0.01311	0.00468	0.00375	0.00843
68	0.03018	0.01220	0.01619	0.01265	0.01797	0.01077	0.01037	0.03387	0.05614	0.62095	0.03183	0.02799	0.06498	0.00969	0.00740	0.00227	0.00599	0.00791	0.00876	0.01189
69	0.02763	0.02036	0.02182	0.01672	0.02254	0.02254	0.01382	0.67496	0.03418	0.04581	0.01745	0.01745	0.01236	0.00873	0.00727	0.00218	0.00800	0.00654	0.00727	0.01236
70	0.00859	0.00736	0.00736	0.00736	0.00982	0.00614	0.00552	0.01043	0.01657	0.01964	0.07364	0.06996	0.69624	0.01841	0.00859	0.00245	0.00368	0.01534	0.00675	0.00614
71	0.01018	0.00788	0.00958	0.01044	0.01249	0.00727	0.00868	0.01279	0.01665	0.02072	0.05570	0.07610	0.36224	0.01926	0.00933	0.00291	0.00522	0.33940	0.00672	0.00642
72	0.02696	0.02838	0.02089	0.01780	0.02235	0.42086	0.01385	0.27719	0.05324	0.02906	0.01438	0.01535	0.01104	0.00806	0.00686	0.00202	0.01085	0.00554	0.00525	0.01006
73	0.03236	0.01278	0.01712	0.01313	0.01876	0.01130	0.01085	0.06843	0.02150	0.67025	0.02810	0.02437	0.01770	0.00898	0.00731	0.00225	0.00628	0.00727	0.00891	0.01237
74	0.00939	0.00735	0.00807	0.00789	0.01007	0.00640	0.00592	0.01182	0.01776	0.02303	0.26629	0.06272	0.46239	0.01676	0.00840	0.00236	0.00359	0.01419	0.04921	0.00640
75	0.55189	0.01407	0.01300	0.01090	0.01577	0.01533	0.00899	0.06994	0.01598	0.20161	0.01527	0.01543	0.01071	0.00745	0.00539	0.00224	0.00593	0.00496	0.00582	0.00931
76	0.01697	0.01571	0.11912	0.08954	0.02189	0.01287	0.04837	0.08692	0.07815	0.10865	0.07580	0.03205	0.13448	0.01033	0.00731	0.00226	0.00670	0.00870	0.11496	0.00923
77	0.01855	0.01401	0.01472	0.01291	0.01666	0.01574	0.01014	0.14759	0.38173	0.03227	0.02576	0.02537	0.01942	0.00927	0.00673	0.00220	0.00550	0.00751	0.22357	0.01034
78	0.79588	0.01406	0.01068	0.00956	0.01406	0.01631	0.00787	0.02137	0.01237	0.03261	0.01012	0.01181	0.00787	0.00675	0.00450	0.00225	0.00562	0.00394	0.00450	0.00787

[dist]
# distance from previous block
# <min> <max>
0	18

[block]
# block no. 3 follows, 28 sequences, length 77
# corresponding to MSA columns:
# 162-238
name=unknown_D
#
# <colnr> <probs for GDERKNQSTAVLIFYWHMCP>
#	G	D	E	R	K	N	Q	S	T	A	V	L	I	F	Y	W	H	M	C	P
0	0.01065	0.00714	0.00818	0.00830	0.00841	0.00714	0.00490	0.01087	0.01099	0.01461	0.02395	0.04989	0.02746	0.69574	0.03518	0.00680	0.00702	0.05366	0.00456	0.00456
1	0.79588	0.01406	0.01068	0.00956	0.01406	0.01631	0.00787	0.02137	0.01237	0.03261	0.01012	0.01181	0.00787	0.00675	0.00450	0.00225	0.00562	0.00394	0.00450	0.00787
2	0.01528	0.03268	0.52548	0.02343	0.03324	0.01729	0.20332	0.02309	0.01584	0.02309	0.01350	0.01651	0.00971	0.00669	0.00736	0.00234	0.01116	0.00625	0.00324	0.01049
3	0.01607	0.01369	0.01460	0.01327	0.01690	0.01537	0.01027	0.03242	0.52939	0.02907	0.11806	0.03521	0.10156	0.01142	0.00767	0.00244	0.00523	0.00961	0.00740	0.01034
4	0.00997	0.00742	0.00928	0.00882	0.01067	0.00673	0.00661	0.01311	0.01983	0.02739	0.58036	0.05719	0.18468	0.01552	0.00858	0.00232	0.00348	0.01355	0.00777	0.00673
5	0.02763	0.02036	0.02182	0.01672	0.02254	0.02254	0.01382	0.67496	0.03418	0.04581	0.01745	0.01745	0.01236	0.00873	0.00727	0.00218	0.00800	0.00654	0.00727	0.01236
6	0.00861	0.00729	0.00744	0.00755	0.00987	0.00612	0.00561	0.01041	0.01639	0.01956	0.07138	0.11508	0.65258	0.01870	0.00864	0.00249	0.00372	0.01570	0.00675	0.00612
7	0.01475	0.01255	0.01471	0.01066	0.01680	0.00950	0.00850	0.01799	0.01544	0.02405	0.05889	0.01772	0.01466	0.00602	0.00560	0.00116	0.00525	0.00490	0.00456	0.73629
8	0.01047	0.00715	0.00861	0.00868	0.00892	0.00736	0.00532	0.01098	0.01090	0.01476	0.02295	0.07067	0.02580	0.59497	0.15592	0.00771	0.00914	0.01046	0.00440	0.00483
9	0.01057	0.00705	0.00793	0.00793	0.00793	0.00705	0.00440	0.01057	0.01057	0.01409	0.02290	0.04757	0.02643	0.74454	0.03700	0.00705	0.00705	0.01057	0.00440	0.00440
10	0.01609	0.23078	0.47579	0.01917	0.02843	0.02024	0.06983	0.02270	0.01532	0.02142	0.01236	0.01465	0.00937	0.00666	0.00641	0.00211	0.01004	0.00520	0.00312	0.01029
11	0.28580	0.09713	0.19329	0.01858	0.11506	0.08134	0.01582	0.02308	0.04102	0.02583	0.03396	0.01561	0.01148	0.00714	0.00593	0.00215	0.00817	0.00517	0.00402	0.00941
12	0.06890	0.12631	0.02301	0.01846	0.07034	0.32504	0.01381	0.16527	0.07654	0.02597	0.01402	0.01526	0.01112	0.00766	0.00644	0.00199	0.00993	0.00535	0.00474	0.00983
13	0.01223	0.00657	0.00986	0.00986	0.01009	0.00680	0.00680	0.01009	0.00986	0.01338	0.01384	0.02324	0.01361	0.03043	0.14991	0.65119	0.00864	0.00657	0.00329	0.00375
14	0.01691	0.01612	0.02722	0.25898	0.34577	0.01729	0.08950	0.04763	0.06466	0.02337	0.01483	0.01924	0.01168	0.00702	0.00738	0.00230	0.00913	0.00682	0.00390	0.01026
15	0.01507	0.01292	0.01507	0.01077	0.01723	0.00969	0.00861	0.01830	0.01507	0.02369	0.01292	0.01507	0.01077	0.00538	0.00538	0.00108	0.00538	0.00431	0.00431	0.78898
16	0.01800	0.26163	0.05942	0.03719	0.03958	0.02046	0.01271	0.07875	0.24890	0.02549	0.07837	0.02322	0.01995	0.03709	0.00768	0.00228	0.00692	0.00690	0.00542	0.01001
17	0.02763	0.02036	0.02182	0.01672	0.02254	0.02254	0.01382	0.67496	0.03418	0.04581	0.01745	0.01745	0.01236	0.00873	0.00727	0.00218	0.00800	0.00654	0.00727	0.01236
18	0.01056	0.00710	0.00819	0.00819	0.00829	0.00719	0.00474	0.01074	0.01065	0.01429	0.02266	0.04622	0.02584	0.69566	0.08508	0.00738	0.00793	0.01037	0.00437	0.00455
19	0.01026	0.00765	0.01126	0.01132	0.01260	0.00864	0.00870	0.01284	0.01270	0.01818	0.08614	0.08270	0.02521	0.04839	0.59623	0.01014	0.01682	0.00924	0.00450	0.00648
20	0.01879	0.55660	0.10935	0.01389	0.02006	0.07436	0.01410	0.02186	0.01541	0.01820	0.01290	0.01809	0.01205	0.00755	0.00550	0.00181	0.00839	0.05844	0.00345	0.00920
21	0.01779	0.01707	0.02914	0.07653	0.66884	0.01722	0.02221	0.02213	0.01646	0.02351	0.01364	0.01806	0.01143	0.00651	0.00720	0.00217	0.00868	0.00648	0.00358	0.01135
22	0.00871	0.00737	0.00752	0.00748	0.00989	0.00619	0.00561	0.01065	0.01684	0.02028	0.11552	0.06890	0.65396	0.01817	0.00859	0.00244	0.00366	0.01519	0.00683	0.00619
23	0.01591	0.01406	0.02300	0.03195	0.43882	0.01373	0.03662	0.01966	0.01704	0.04953	0.09728	0.06941	0.09672	0.01020	0.00777	0.00231	0.00722	0.03396	0.00492	0.00991
24	0.01861	0.01782	0.08816	0.05857	0.25279	0.04072	0.04204	0.10913	0.04903	0.08071	0.06350	0.06176	0.06612	0.00943	0.00752	0.00228	0.00788	0.00831	0.00529	0.01032
25	0.02715	0.03464	0.02060	0.01873	0.02247	0.71536	0.01404	0.02903	0.02060	0.01779	0.01124	0.01311	0.00936	0.00749	0.00655	0.00187	0.01311	0.00468	0.00375	0.00843
26	0.01186	0.00988	0.01509	0.20487	0.09794	0.01070	0.01287	0.01486	0.01457	0.01928	0.02878	0.20214	0.07300	0.05861	0.08874	0.00394	0.00836	0.11226	0.00501	0.00723
27	0.02016	0.21356	0.18918	0.04898	0.13796	0.10107	0.05347	0.04503	0.01721	0.08810	0.01393	0.01594	0.01072	0.00696	0.00649	0.00204	0.00941	0.00553	0.00400	0.01029
28	0.02535	0.02008	0.01979	0.09400	0.02411	0.22642	0.04716	0.10521	0.02106	0.24139	0.02204	0.02450	0.04352	0.00917	0.00734	0.00222	0.00912	0.04143	0.00607	0.01000
29	0.32914	0.02656	0.01670	0.01513	0.01917	0.44075	0.01162	0.02602	0.01737	0.02361	0.01080	0.01260	0.00878	0.00720	0.00575	0.00202	0.01017	0.00439	0.00404	0.00821
30	0.00980	0.00673	0.00851	0.00964	0.01010	0.00649	0.00644	0.01097	0.01326	0.01792	0.03430	0.45305	0.04006	0.22920	0.01713	0.00411	0.00521	0.07240	0.03911	0.00558
31	0.01590	0.01590	0.02226	0.01908	0.01908	0.02226	0.01590	0.01749	0.01113	0.01749	0.00954	0.01590	0.00954	0.01272	0.02385	0.00318	0.73123	0.00636	0.00318	0.00795
32	0.01808	0.01561	0.01644	0.01479	0.01890	0.01808	0.01151	0.03863	0.68606	0.03041	0.02959	0.02712	0.02219	0.00986	0.00740	0.00247	0.00575	0.00822	0.00740	0.01151
33	0.00886	0.00633	0.00843	0.01012	0.01054	0.00590	0.00675	0.01012	0.01392	0.01856	0.04006	0.73979	0.04808	0.02277	0.00928	0.00295	0.00422	0.02066	0.00675	0.00590
34	0.01458	0.00708	0.00732	0.00711	0.00901	0.00699	0.00538	0.01794	0.01554	0.06364	0.02398	0.02697	0.01860	0.00850	0.00520	0.00172	0.00354	0.00680	0.74302	0.00708
35	0.00886	0.00633	0.00843	0.01012	0.01054	0.00590	0.00675	0.01012	0.01392	0.01856	0.04006	0.73979	0.04808	0.02277	0.00928	0.00295	0.00422	0.02066	0.00675	0.00590
36	0.00886	0.00633	0.00843	0.01012	0.01054	0.00590	0.00675	0.01012	0.01392	0.01856	0.04006	0.73979	0.04808	0.02277	0.00928	0.00295	0.00422	0.02066	0.00675	0.00590
37	0.01943	0.74891	0.03809	0.01244	0.01866	0.02876	0.01244	0.02177	0.01477	0.01710	0.01011	0.01166	0.00933	0.00622	0.00466	0.00155	0.00777	0.00389	0.00311	0.00933
38	0.00859	0.00736	0.00736	0.00736	0.00982	0.00614	0.00552	0.01043	0.01657	0.01964	0.07364	0.06996	0.69624	0.01841	0.00859	0.00245	0.00368	0.01534	0.00675	0.00614
39	0.01799	0.01727	0.02950	0.04462	0.69919	0.01727	0.02231	0.02231	0.01655	0.02375	0.01367	0.01799	0.01151	0.00648	0.00720	0.00216	0.00864	0.00648	0.00360	0.01151
40	0.01144	0.00871	0.01067	0.00995	0.01208	0.00859	0.00753	0.01749	0.12499	0.02893	0.56312	0.05072	0.08915	0.01423	0.00839	0.00232	0.00381	0.01247	0.00785	0.00756
41	0.01738	0.01665	0.02841	0.14193	0.60663	0.01711	0.02201	0.02178	0.01626	0.02301	0.01357	0.01819	0.01125	0.00659	0.00721	0.00220	0.00879	0.00647	0.00355	0.01102
42	0.01458	0.03760	0.70688	0.02072	0.03146	0.01688	0.02686	0.02302	0.01535	0.02302	0.01304	0.01535	0.00921	0.00691	0.00691	0.00230	0.01074	0.00537	0.00307	0.01074
43	0.01529	0.01597	0.03141	0.40974	0.04456	0.01717	0.31754	0.02072	0.01573	0.02072	0.01373	0.01948	0.01030	0.00675	0.00786	0.00244	0.01086	0.00743	0.00343	0.00886
44	0.02274	0.01793	0.01906	0.01574	0.02068	0.02026	0.01263	0.34931	0.36778	0.03793	0.02366	0.02240	0.01739	0.00931	0.00734	0.00233	0.00685	0.00740	0.00734	0.01192
45	0.01010	0.06103	0.01074	0.00900	0.01102	0.00801	0.00680	0.01248	0.01746	0.02296	0.30568	0.19907	0.26540	0.01704	0.00844	0.00243	0.00399	0.01476	0.00698	0.00660
46	0.01483	0.07434	0.67233	0.02029	0.03080	0.01750	0.02611	0.02296	0.01532	0.02271	0.01289	0.01516	0.00921	0.00687	0.00679	0.00226	0.01059	0.00529	0.00307	0.01067
47	0.02715	0.03464	0.02060	0.01873	0.02247	0.71536	0.01404	0.02903	0.02060	0.01779	0.01124	0.01311	0.00936	0.00749	0.00655	0.00187	0.01311	0.00468	0.00375	0.00843
48	0.01007	0.00747	0.00965	0.01095	0.01239	0.00705	0.00868	0.01239	0.01577	0.02022	0.04697	0.29552	0.19215	0.02059	0.00946	0.00301	0.00520	0.29943	0.00672	0.00631
49	0.01134	0.00816	0.01124	0.01282	0.01445	0.00807	0.01102	0.01445	0.01652	0.02141	0.04050	0.12912	0.07760	0.02019	0.00991	0.00327	0.00635	0.57027	0.00670	0.00661
50	0.01928	0.01541	0.02397	0.30046	0.30356	0.04268	0.01913	0.02344	0.01668	0.14135	0.01593	0.01952	0.01187	0.00726	0.00722	0.00227	0.00878	0.00655	0.00441	0.01022
51	0.26297	0.06089	0.01957	0.01625	0.02054	0.43037	0.04762	0.02602	0.01761	0.02262	0.01103	0.01299	0.00899	0.00713	0.00594	0.00200	0.01051	0.00463	0.00394	0.00837
52	0.01628	0.01649	0.02287	0.42805	0.20592	0.10691	0.01922	0.02043	0.01579	0.01976	0.01429	0.05543	0.01208	0.00790	0.00726	0.00231	0.00959	0.00697	0.00357	0.00886
53	0.01718	0.08719	0.02189	0.05152	0.08056	0.14839	0.08552	0.02043	0.01666	0.02093	0.01918	0.07863	0.01872	0.01005	0.00726	0.00213	0.00849	0.12447	0.00451	0.17629
54	0.00919	0.00772	0.00802	0.00788	0.01032	0.00673	0.00593	0.01200	0.04545	0.02118	0.14272	0.06635	0.59599	0.01764	0.00854	0.00244	0.00374	0.01479	0.00692	0.00645
55	0.01050	0.00733	0.00934	0.00934	0.00983	0.00781	0.00617	0.01148	0.01099	0.01514	0.02161	0.04041	0.02332	0.48482	0.29247	0.00879	0.01172	0.00952	0.00421	0.00519
56	0.01473	0.03670	0.67681	0.02178	0.06110	0.01690	0.02666	0.02299	0.01540	0.02305	0.01307	0.01546	0.00931	0.00689	0.00692	0.00230	0.01065	0.00542	0.00309	0.01078
57	0.01570	0.01426	0.04220	0.01146	0.01805	0.01063	0.00959	0.05241	0.01607	0.02480	0.01316	0.01521	0.01079	0.00561	0.00554	0.00118	0.00573	0.00446	0.00441	0.71874
58	0.01549	0.01317	0.01530	0.01097	0.01740	0.01012	0.00879	0.04025	0.01571	0.02443	0.01307	0.01515	0.01082	0.00549	0.00545	0.00111	0.00547	0.00438	0.00441	0.76302
59	0.01487	0.01378	0.02275	0.61194	0.12836	0.01657	0.02016	0.04817	0.01565	0.02042	0.01321	0.01912	0.01003	0.00724	0.00726	0.00238	0.00949	0.00647	0.00345	0.00869
60	0.01051	0.00729	0.00918	0.00918	0.00961	0.00773	0.00597	0.01137	0.01094	0.01502	0.02176	0.04123	0.02367	0.51448	0.26329	0.00859	0.01119	0.00964	0.00423	0.00510
61	0.01171	0.00837	0.01171	0.01339	0.01506	0.00837	0.01171	0.01506	0.01673	0.02175	0.03849	0.08199	0.04183	0.02008	0.01004	0.00335	0.00669	0.65027	0.00669	0.00669
62	0.02138	0.01781	0.01819	0.01556	0.02010	0.05511	0.01240	0.24561	0.40671	0.03440	0.02508	0.02579	0.01922	0.00984	0.00744	0.00238	0.00691	0.03751	0.00713	0.01140
63	0.00963	0.00740	0.00880	0.00845	0.01046	0.00658	0.00634	0.01244	0.01902	0.02546	0.45445	0.06037	0.31180	0.01624	0.00858	0.00235	0.00353	0.01400	0.00752	0.00658
64	0.02468	0.03129	0.06096	0.05227	0.02486	0.53766	0.04984	0.04811	0.06507	0.02012	0.01303	0.01495	0.01041	0.00757	0.00679	0.00200	0.01212	0.00531	0.00403	0.00894
65	0.01600	0.06815	0.14585	0.01965	0.05065	0.01598	0.18677	0.02451	0.15854	0.04532	0.13975	0.02805	0.04981	0.00917	0.00768	0.00232	0.00811	0.00857	0.00535	0.00978
66	0.03261	0.01237	0.01687	0.01293	0.01856	0.01068	0.01068	0.03543	0.02081	0.70423	0.02868	0.02474	0.01799	0.00900	0.00731	0.00225	0.00619	0.00731	0.00900	0.01237
67	0.00880	0.00730	0.00770	0.00775	0.00998	0.00620	0.00575	0.01078	0.01684	0.02062	0.14059	0.11333	0.58271	0.01831	0.00864	0.00247	0.00369	0.01546	0.00689	0.00620
68	0.01714	0.13161	0.35596	0.10077	0.13385	0.01918	0.02193	0.09359	0.01742	0.02429	0.01319	0.01590	0.00998	0.00698	0.00671	0.00217	0.00958	0.00558	0.00363	0.01054
69	0.01716	0.01961	0.04289	0.03064	0.03799	0.01838	0.67279	0.02328	0.01716	0.02328	0.01471	0.01961	0.01103	0.00613	0.00858	0.00245	0.01225	0.00858	0.00368	0.00980
70	0.00899	0.00670	0.00841	0.00972	0.01068	0.00612	0.00681	0.01052	0.01470	0.01902	0.04753	0.54447	0.19378	0.02161	0.00917	0.00287	0.00426	0.06188	0.00674	0.00601
71	0.00985	0.00765	0.01081	0.01082	0.01199	0.00723	0.05397	0.01135	0.01373	0.01805	0.03853	0.41126	0.13374	0.17134	0.05133	0.00414	0.00609	0.01628	0.00590	0.00594
72	0.01422	0.02314	0.33280	0.04416	0.02423	0.01414	0.03998	0.05437	0.01576	0.04210	0.02303	0.02610	0.10218	0.01905	0.16061	0.00438	0.03897	0.00751	0.00416	0.00911
73	0.01203	0.00759	0.00881	0.00853	0.01069	0.00680	0.00638	0.01455	0.01738	0.08323	0.21121	0.13662	0.28161	0.01548	0.00794	0.00232	0.00385	0.01323	0.14481	0.00695
74	0.04535	0.15774	0.38929	0.01853	0.04572	0.01832	0.04540	0.04316	0.04453	0.06221	0.01569	0.05500	0.01257	0.00789	0.00667	0.00220	0.00911	0.00630	0.00402	0.01029
75	0.02162	0.16270	0.17779	0.01852	0.05826	0.09671	0.03863	0.10846	0.04284	0.12079	0.01545	0.01675	0.01157	0.00792	0.00808	0.00217	0.07076	0.00579	0.00474	0.01045
76	0.07284	0.05502	0.06093	0.02004	0.16494	0.04156	0.03050	0.02315	0.13880	0.05114	0.11447	0.03397	0.08571	0.01064	0.00746	0.00235	0.00684	0.06458	0.00565	0.00942

[dist]
# distance from previous block
# <min> <max>
1	14

[block]
# block no. 4 follows, 28 sequences, length 60
# corresponding to MSA columns:
# 264-323
name=unknown_E
#
# <colnr> <probs for GDERKNQSTAVLIFYWHMCP>
#	G	D	E	R	K	N	Q	S	T	A	V	L	I	F	Y	W	H	M	C	P
0	0.01144	0.01390	0.14013	0.03601	0.01719	0.01012	0.03271	0.01542	0.01756	0.02473	0.35532	0.14291	0.08198	0.01408	0.00924	0.00246	0.04878	0.01216	0.00626	0.00760
1	0.07323	0.06155	0.01315	0.01155	0.04018	0.07285	0.00837	0.05558	0.01696	0.04480	0.07210	0.13792	0.18442	0.05930	0.00907	0.00254	0.00571	0.01080	0.11246	0.00745
2	0.03789	0.03534	0.04872	0.01564	0.05884	0.03774	0.01216	0.13488	0.16536	0.10468	0.06777	0.06528	0.07056	0.01045	0.00807	0.00226	0.04114	0.00841	0.00636	0.06846
3	0.04951	0.05885	0.12313	0.08165	0.10336	0.03762	0.03616	0.04559	0.08959	0.10841	0.02029	0.02146	0.05334	0.00792	0.00677	0.00206	0.00768	0.00655	0.00500	0.13503
4	0.02249	0.18605	0.10157	0.02102	0.10927	0.19819	0.05239	0.17764	0.02124	0.02586	0.01315	0.01503	0.01041	0.00723	0.00654	0.00199	0.00986	0.00546	0.00434	0.01027
5	0.01753	0.01288	0.01412	0.01243	0.01600	0.01369	0.00962	0.12992	0.26859	0.08886	0.06865	0.08482	0.16144	0.05625	0.00956	0.00270	0.00559	0.01053	0.00719	0.00960
6	0.01257	0.01109	0.01808	0.13088	0.19072	0.01127	0.05499	0.01561	0.01518	0.02040	0.02933	0.32855	0.06401	0.01487	0.00841	0.00264	0.00679	0.05142	0.00522	0.00795
7	0.13095	0.01175	0.01482	0.01184	0.01664	0.01078	0.00966	0.02984	0.01964	0.49921	0.13990	0.02805	0.02527	0.00970	0.00715	0.00226	0.00564	0.00785	0.00823	0.01083
8	0.00995	0.00716	0.00764	0.00764	0.00871	0.00667	0.00489	0.01087	0.01321	0.01701	0.04309	0.05533	0.29198	0.41562	0.02396	0.00493	0.00551	0.01226	0.04836	0.00522
9	0.67186	0.01378	0.01169	0.01011	0.01479	0.01539	0.00833	0.02365	0.01374	0.14174	0.01314	0.01391	0.00952	0.00711	0.00496	0.00225	0.00571	0.00448	0.00523	0.00860
10	0.00961	0.00716	0.00898	0.00931	0.01080	0.00652	0.00684	0.01208	0.01760	0.02369	0.33878	0.25607	0.19157	0.01818	0.00887	0.00258	0.00390	0.05374	0.00730	0.00642
11	0.02876	0.01193	0.01593	0.01249	0.01749	0.01060	0.01020	0.06092	0.02137	0.56466	0.13650	0.02921	0.02596	0.00994	0.00751	0.00225	0.00582	0.00822	0.00876	0.01147
12	0.01373	0.01292	0.02180	0.72707	0.05006	0.01615	0.02019	0.01857	0.01453	0.01857	0.01292	0.01938	0.00969	0.00727	0.00727	0.00242	0.00969	0.00646	0.00323	0.00807
13	0.00915	0.00708	0.00834	0.00866	0.01032	0.00628	0.00625	0.01128	0.01695	0.02203	0.24085	0.25806	0.33136	0.01865	0.00878	0.00255	0.00376	0.01625	0.00711	0.00628
14	0.74925	0.01362	0.01045	0.00939	0.01372	0.01574	0.00771	0.02110	0.01254	0.03228	0.01093	0.01272	0.00851	0.00685	0.00453	0.00222	0.00549	0.00411	0.05102	0.00781
15	0.02609	0.01673	0.01909	0.01514	0.02009	0.01814	0.01239	0.35557	0.11414	0.20352	0.02167	0.02096	0.01521	0.00918	0.00822	0.00227	0.05266	0.00695	0.05032	0.01166
16	0.01982	0.20890	0.05166	0.04843	0.25068	0.07985	0.07017	0.05640	0.01724	0.05408	0.01330	0.01612	0.01084	0.00691	0.00709	0.00201	0.03368	0.00573	0.00392	0.04317
17	0.02075	0.43976	0.06130	0.01426	0.02012	0.07029	0.01326	0.12463	0.12728	0.02396	0.01460	0.01532	0.01188	0.00731	0.00573	0.00185	0.00796	0.00512	0.00448	0.01015
18	0.05464	0.01887	0.06844	0.05035	0.03401	0.01695	0.48725	0.02490	0.01733	0.12855	0.01651	0.01983	0.01183	0.00667	0.00807	0.00240	0.01086	0.00795	0.00449	0.01010
19	0.01482	0.01336	0.02374	0.05693	0.14345	0.01309	0.19657	0.01966	0.04376	0.04373	0.12308	0.10685	0.02945	0.01193	0.00852	0.00258	0.00795	0.12633	0.00544	0.00878
20	0.00859	0.00736	0.00736	0.00736	0.00982	0.00614	0.00552	0.01043	0.01657	0.01964	0.07364	0.06996	0.69624	0.01841	0.00859	0.00245	0.00368	0.01534	0.00675	0.00614
21	0.01313	0.01059	0.01524	0.11560	0.13752	0.01075	0.01170	0.01781	0.06371	0.04740	0.32146	0.06385	0.11726	0.01246	0.00805	0.00233	0.00551	0.01101	0.00637	0.00823
22	0.02762	0.01814	0.02013	0.01553	0.02100	0.01948	0.01271	0.51939	0.03039	0.16652	0.01984	0.02047	0.01418	0.04934	0.00892	0.00246	0.00761	0.00691	0.00743	0.01192
23	0.79588	0.01406	0.01068	0.00956	0.01406	0.01631	0.00787	0.02137	0.01237	0.03261	0.01012	0.01181	0.00787	0.00675	0.00450	0.00225	0.00562	0.00394	0.00450	0.00787
24	0.02035	0.01907	0.01849	0.04164	0.06128	0.13146	0.01297	0.11881	0.40623	0.02924	0.02495	0.02418	0.04026	0.00932	0.00727	0.00231	0.00748	0.00750	0.00640	0.01082
25	0.00887	0.00648	0.00829	0.00971	0.01038	0.00597	0.00653	0.01017	0.01415	0.01856	0.04371	0.63618	0.12769	0.04379	0.01002	0.00301	0.00424	0.01970	0.00668	0.00589
26	0.01648	0.04632	0.25087	0.04658	0.12869	0.01681	0.10707	0.09085	0.01702	0.02401	0.01540	0.04261	0.01316	0.08072	0.01097	0.00276	0.04390	0.00710	0.00398	0.03469
27	0.01760	0.12067	0.37073	0.02079	0.05407	0.01864	0.11111	0.05459	0.07883	0.06189	0.01552	0.01727	0.01140	0.00717	0.00695	0.00223	0.00965	0.00609	0.00410	0.01070
28	0.00886	0.00633	0.00843	0.01012	0.01054	0.00590	0.00675	0.01012	0.01392	0.01856	0.04006	0.73979	0.04808	0.02277	0.00928	0.00295	0.00422	0.02066	0.00675	0.00590
29	0.01526	0.01304	0.03477	0.09419	0.23777	0.01291	0.01438	0.06758	0.04878	0.05014	0.02613	0.25935	0.04654	0.03480	0.00884	0.00263	0.00684	0.01166	0.00539	0.00901
30	0.02320	0.10309	0.09374	0.01875	0.05485	0.24563	0.01553	0.20312	0.06251	0.02693	0.01408	0.01570	0.01106	0.00818	0.00818	0.00213	0.07283	0.00562	0.00474	0.01013
31	0.01554	0.01152	0.04677	0.01217	0.01548	0.01023	0.04917	0.04902	0.06838	0.13152	0.19414	0.06807	0.13308	0.09961	0.05930	0.00353	0.00670	0.01086	0.00666	0.00824
32	0.01882	0.52176	0.11671	0.01687	0.06298	0.02538	0.06122	0.04343	0.03690	0.01998	0.01185	0.01372	0.01007	0.00651	0.00553	0.00179	0.00844	0.00477	0.00344	0.00983
33	0.01027	0.00705	0.00862	0.00888	0.00916	0.00720	0.00554	0.01089	0.01128	0.01525	0.02505	0.15374	0.02850	0.51850	0.14291	0.00715	0.00862	0.01171	0.00469	0.00498
34	0.67097	0.01740	0.01229	0.01105	0.01542	0.12989	0.00888	0.02261	0.01371	0.03020	0.01030	0.01202	0.00811	0.00687	0.00483	0.00219	0.00684	0.00406	0.00438	0.00796
35	0.09711	0.11057	0.12217	0.05908	0.12607	0.06784	0.06257	0.03713	0.01652	0.05787	0.04429	0.01754	0.01306	0.00701	0.00640	0.00197	0.00828	0.00576	0.00422	0.13455
36	0.01594	0.01446	0.05378	0.01198	0.01820	0.01099	0.01021	0.01933	0.01510	0.05577	0.01345	0.01561	0.01094	0.00614	0.00681	0.00134	0.05485	0.00465	0.00439	0.65608
37	0.00886	0.00633	0.00843	0.01012	0.01054	0.00590	0.00675	0.01012	0.01392	0.01856	0.04006	0.73979	0.04808	0.02277	0.00928	0.00295	0.00422	0.02066	0.00675	0.00590
38	0.01595	0.01605	0.02309	0.01954	0.01984	0.02211	0.04204	0.01772	0.01137	0.01772	0.00975	0.01605	0.00960	0.01246	0.02325	0.00315	0.70262	0.00645	0.00320	0.00803
39	0.02703	0.02006	0.02148	0.01660	0.02231	0.02226	0.01367	0.63478	0.07533	0.04484	0.01822	0.01806	0.01298	0.00880	0.00728	0.00220	0.00786	0.00665	0.00728	0.01231
