[name]
unknown

[dist]
# distance from previous block
# <min> <max>
0	64

[block]
# block no. 0 follows, 29 sequences, length 80
# corresponding to MSA columns:
# 64-143
name=unknown_A
#
# <colnr> <probs for GDERKNQSTAVLIFYWHMCP>
#	G	D	E	R	K	N	Q	S	T	A	V	L	I	F	Y	W	H	M	C	P
0	0.01633	0.00970	0.01179	0.01081	0.01327	0.00949	0.00816	0.09542	0.04025	0.15294	0.11383	0.18016	0.07486	0.13411	0.01261	0.00318	0.00545	0.06015	0.03960	0.00788
1	0.01149	0.00775	0.00908	0.00880	0.01049	0.00716	0.00621	0.01294	0.01376	0.06153	0.03806	0.10497	0.21395	0.28101	0.06263	0.00455	0.00623	0.05211	0.03089	0.05638
2	0.01505	0.00932	0.01175	0.01096	0.01328	0.00905	0.00835	0.10011	0.01943	0.12305	0.26092	0.23975	0.04417	0.04124	0.00934	0.00264	0.00489	0.06157	0.00732	0.00781
3	0.06593	0.00934	0.01119	0.06400	0.01484	0.00946	0.00826	0.08036	0.01772	0.06843	0.17967	0.20344	0.12181	0.03800	0.00861	0.00251	0.00490	0.01218	0.07200	0.00735
4	0.03793	0.00911	0.01043	0.06347	0.01373	0.00937	0.00737	0.07047	0.05137	0.02031	0.03643	0.14798	0.19977	0.27067	0.01779	0.00401	0.00581	0.01203	0.00556	0.00639
5	0.04072	0.00799	0.00992	0.00962	0.01125	0.00744	0.00667	0.01471	0.01413	0.11612	0.08829	0.29347	0.03406	0.22005	0.01650	0.02929	0.00529	0.01297	0.00605	0.05547
6	0.04080	0.00976	0.01145	0.01060	0.01310	0.00957	0.00794	0.12313	0.01874	0.10960	0.12337	0.27353	0.14765	0.05529	0.00964	0.00271	0.00498	0.01349	0.00693	0.00774
7	0.04037	0.01475	0.07718	0.01411	0.01770	0.03648	0.05430	0.10510	0.05435	0.07240	0.02293	0.12384	0.04509	0.07926	0.10780	0.00397	0.05688	0.00909	0.03060	0.03379
8	0.01645	0.01369	0.01358	0.01163	0.01513	0.07277	0.00896	0.18768	0.04883	0.02731	0.09325	0.08837	0.17228	0.06166	0.00927	0.00242	0.00601	0.00985	0.03651	0.10434
9	0.12818	0.01601	0.01660	0.01520	0.06026	0.09875	0.01132	0.12917	0.05590	0.09765	0.04035	0.01981	0.01476	0.01537	0.12342	0.00356	0.03968	0.00616	0.00527	0.10259
10	0.01828	0.01500	0.07014	0.01228	0.01635	0.06917	0.01030	0.12499	0.01941	0.14256	0.09744	0.08653	0.12445	0.08692	0.01034	0.00264	0.00650	0.00950	0.00624	0.07095
11	0.01641	0.00871	0.01135	0.00987	0.01277	0.00776	0.00769	0.01941	0.01978	0.23075	0.42955	0.04629	0.12429	0.01324	0.00803	0.00225	0.00419	0.01142	0.00799	0.00825
12	0.01845	0.07778	0.02368	0.07122	0.20144	0.08247	0.08093	0.11477	0.01850	0.04978	0.05474	0.06765	0.01783	0.07808	0.00988	0.00260	0.00834	0.00783	0.00470	0.00932
13	0.12225	0.01040	0.01229	0.01013	0.01415	0.00981	0.00819	0.02660	0.01742	0.38443	0.02409	0.02345	0.01660	0.00835	0.00605	0.00201	0.00503	0.00656	0.28256	0.00964
14	0.01807	0.01899	0.03761	0.02810	0.06002	0.01872	0.52754	0.10653	0.01854	0.02529	0.01439	0.01865	0.01090	0.00674	0.00912	0.00240	0.05655	0.00793	0.00402	0.00988
15	0.00885	0.00632	0.00846	0.01011	0.01060	0.00593	0.00691	0.01022	0.01381	0.01837	0.03915	0.70363	0.04671	0.02214	0.00914	0.00292	0.00428	0.06000	0.00661	0.00583
16	0.01455	0.01387	0.02291	0.50464	0.17474	0.01681	0.01965	0.01878	0.01420	0.01906	0.01238	0.01828	0.00983	0.00765	0.00920	0.00242	0.10295	0.00632	0.00323	0.00856
17	0.01036	0.00690	0.00777	0.00777	0.00777	0.00690	0.00431	0.01036	0.01036	0.01381	0.02244	0.04660	0.02589	0.74975	0.03624	0.00690	0.00690	0.01036	0.00431	0.00431
18	0.02524	0.01065	0.01426	0.01144	0.01584	0.00929	0.00925	0.02808	0.02007	0.50375	0.19227	0.03394	0.07223	0.01077	0.00754	0.00222	0.00526	0.00902	0.00844	0.01044
19	0.12279	0.01744	0.01895	0.01469	0.02019	0.01873	0.01213	0.45590	0.02793	0.19224	0.01868	0.01802	0.01281	0.00837	0.00680	0.00216	0.00715	0.00627	0.00717	0.01157
20	0.00878	0.00647	0.00814	0.00930	0.01014	0.00592	0.00633	0.01022	0.01441	0.01890	0.08826	0.55554	0.16410	0.04572	0.00984	0.00290	0.00408	0.01849	0.00661	0.00584
21	0.80005	0.01377	0.01047	0.00936	0.01377	0.01597	0.00771	0.02093	0.01212	0.03195	0.00991	0.01157	0.00771	0.00661	0.00441	0.00220	0.00551	0.00386	0.00441	0.00771
22	0.02545	0.14332	0.02278	0.01741	0.02145	0.61590	0.01352	0.02735	0.01931	0.01732	0.01084	0.01263	0.00917	0.00715	0.00614	0.00179	0.01205	0.00447	0.00357	0.00839
23	0.01202	0.00641	0.00962	0.00962	0.00982	0.00661	0.00661	0.00982	0.00962	0.01302	0.01342	0.02264	0.01322	0.02924	0.13669	0.67021	0.00821	0.00641	0.00321	0.00360
24	0.80005	0.01377	0.01047	0.00936	0.01377	0.01597	0.00771	0.02093	0.01212	0.03195	0.00991	0.01157	0.00771	0.00661	0.00441	0.00220	0.00551	0.00386	0.00441	0.00771
25	0.01673	0.01276	0.01600	0.01726	0.12723	0.01376	0.01112	0.06155	0.26053	0.07538	0.02313	0.02945	0.01982	0.19448	0.08555	0.00433	0.00790	0.00814	0.00569	0.00919
26	0.44891	0.15450	0.15961	0.01267	0.01859	0.06231	0.01271	0.02180	0.01365	0.02635	0.01057	0.01233	0.00833	0.00659	0.00504	0.00207	0.00738	0.00418	0.00383	0.00858
27	0.02360	0.02023	0.01880	0.01552	0.02016	0.15363	0.01234	0.34705	0.14115	0.05467	0.05879	0.04258	0.01760	0.00919	0.00709	0.00213	0.00792	0.00710	0.00647	0.03399
28	0.02035	0.01657	0.02474	0.02839	0.31414	0.01710	0.07533	0.19299	0.06272	0.08019	0.01768	0.04344	0.01413	0.01042	0.04698	0.00272	0.00870	0.00725	0.00521	0.01095
29	0.23443	0.01637	0.01866	0.01527	0.01980	0.05466	0.10222	0.17760	0.13176	0.03102	0.04015	0.06885	0.01654	0.01037	0.02969	0.00258	0.00763	0.00736	0.00561	0.00941
30	0.01724	0.01924	0.04115	0.02944	0.03658	0.01818	0.65163	0.05035	0.01750	0.02373	0.01452	0.01912	0.01086	0.00611	0.00835	0.00239	0.01183	0.00832	0.00375	0.00971
31	0.01701	0.01454	0.02443	0.07611	0.38245	0.01489	0.06992	0.02059	0.01570	0.08519	0.01869	0.13667	0.01740	0.00965	0.00873	0.00236	0.06251	0.00884	0.00447	0.00985
32	0.01618	0.01554	0.12020	0.04132	0.11555	0.01264	0.03601	0.02297	0.14098	0.11788	0.02827	0.19033	0.06022	0.01218	0.00776	0.00246	0.00674	0.03752	0.00585	0.00939
33	0.01302	0.01204	0.01138	0.01062	0.01281	0.12349	0.00798	0.01688	0.05594	0.02591	0.49245	0.04667	0.11646	0.01345	0.00802	0.00220	0.00505	0.01148	0.00701	0.00715
34	0.03195	0.01212	0.01652	0.01267	0.01818	0.01047	0.01047	0.03470	0.02038	0.71026	0.02809	0.02424	0.01763	0.00881	0.00716	0.00220	0.00606	0.00716	0.00881	0.01212
35	0.04778	0.19229	0.31004	0.07463	0.13736	0.01867	0.01982	0.02279	0.01537	0.07911	0.01339	0.01557	0.01012	0.00674	0.00628	0.00207	0.00888	0.00529	0.00365	0.01016
36	0.01794	0.01450	0.01789	0.01890	0.13213	0.01608	0.01277	0.07921	0.38353	0.06427	0.02384	0.02447	0.01841	0.01610	0.12342	0.00380	0.00848	0.00753	0.00614	0.01058
37	0.00887	0.00628	0.00821	0.00967	0.01004	0.00591	0.00635	0.00996	0.01326	0.01768	0.03734	0.66607	0.04470	0.10462	0.01216	0.00335	0.00444	0.01912	0.00635	0.00562
38	0.01762	0.01692	0.02890	0.04371	0.70533	0.01692	0.02185	0.02185	0.01621	0.02326	0.01339	0.01762	0.01128	0.00634	0.00705	0.00211	0.00846	0.00634	0.00352	0.01128
39	0.06104	0.02038	0.14219	0.03064	0.32646	0.01702	0.12714	0.08982	0.01795	0.07726	0.01475	0.01757	0.01119	0.00678	0.00710	0.00220	0.00898	0.00643	0.00426	0.01084
40	0.01723	0.01015	0.01280	0.01119	0.01414	0.01015	0.00873	0.08542	0.05926	0.18278	0.18108	0.03612	0.09219	0.05748	0.15751	0.03121	0.00811	0.00939	0.00667	0.00839
41	0.01998	0.00956	0.01216	0.01020	0.01392	0.00829	0.00811	0.02259	0.01910	0.34965	0.19524	0.04398	0.23175	0.01286	0.00782	0.00227	0.00472	0.01080	0.00794	0.00907
42	0.02432	0.01491	0.02197	0.02436	0.25558	0.01451	0.04053	0.09668	0.06218	0.31434	0.02274	0.02250	0.03552	0.00816	0.00721	0.00219	0.00720	0.00714	0.00645	0.01149
43	0.02346	0.09718	0.10558	0.01945	0.06903	0.33045	0.05100	0.08079	0.04779	0.08838	0.01436	0.01565	0.01096	0.00735	0.00660	0.00199	0.01036	0.00546	0.00445	0.00970
44	0.01610	0.19427	0.40557	0.01883	0.02742	0.04198	0.09933	0.02215	0.01527	0.02116	0.01226	0.01463	0.00938	0.00643	0.00634	0.00200	0.00973	0.00521	0.00320	0.06874
45	0.01414	0.01348	0.02099	0.47828	0.03812	0.01703	0.01775	0.01788	0.01334	0.01827	0.01173	0.01771	0.00953	0.00848	0.01154	0.00248	0.21309	0.00614	0.00323	0.06679
46	0.00916	0.00713	0.00832	0.00826	0.01013	0.00629	0.00610	0.01157	0.01763	0.02312	0.33860	0.13539	0.35878	0.01701	0.00848	0.00239	0.00356	0.01467	0.00714	0.00629
47	0.02216	0.01750	0.01860	0.01539	0.02021	0.01979	0.01235	0.34366	0.37941	0.03696	0.02334	0.02207	0.01716	0.00913	0.00719	0.00228	0.00668	0.00727	0.00719	0.01167
48	0.01032	0.00704	0.00843	0.00843	0.00866	0.00727	0.00515	0.01078	0.01055	0.01430	0.02183	0.04322	0.02442	0.62340	0.16059	0.00773	0.00911	0.00986	0.00422	0.00469
49	0.00874	0.00688	0.00775	0.00823	0.00980	0.00605	0.00582	0.01037	0.01534	0.01926	0.10588	0.27928	0.40600	0.06477	0.01036	0.00283	0.00396	0.01622	0.00656	0.00589
50	0.01290	0.00812	0.01037	0.00954	0.01178	0.00748	0.00724	0.01654	0.04468	0.11345	0.49263	0.09430	0.11429	0.01445	0.00824	0.00230	0.00386	0.01264	0.00775	0.00745
51	0.02707	0.01995	0.02137	0.01638	0.02208	0.02208	0.01353	0.68159	0.03348	0.04488	0.01710	0.01710	0.01211	0.00855	0.00712	0.00214	0.00784	0.00641	0.00712	0.01211
52	0.01477	0.01266	0.01477	0.01055	0.01687	0.00949	0.00844	0.01793	0.01477	0.02320	0.01266	0.01477	0.01055	0.00527	0.00527	0.00105	0.00527	0.00422	0.00422	0.79328
53	0.80005	0.01377	0.01047	0.00936	0.01377	0.01597	0.00771	0.02093	0.01212	0.03195	0.00991	0.01157	0.00771	0.00661	0.00441	0.00220	0.00551	0.00386	0.00441	0.00771
54	0.02600	0.01911	0.02050	0.01583	0.02116	0.02111	0.01294	0.63851	0.03200	0.04288	0.01744	0.01899	0.01299	0.05612	0.00899	0.00244	0.00778	0.00666	0.00694	0.01161
55	0.02660	0.03394	0.02018	0.01834	0.02201	0.72116	0.01376	0.02843	0.02018	0.01743	0.01101	0.01284	0.00917	0.00734	0.00642	0.00183	0.01284	0.00459	0.00367	0.00825
56	0.01036	0.00690	0.00777	0.00777	0.00777	0.00690	0.00431	0.01036	0.01036	0.01381	0.02244	0.04660	0.02589	0.74975	0.03624	0.00690	0.00690	0.01036	0.00431	0.00431
57	0.01612	0.08563	0.13655	0.01492	0.06089	0.03595	0.01291	0.01975	0.01616	0.10756	0.08073	0.14728	0.02442	0.01095	0.00711	0.00212	0.00669	0.05733	0.00531	0.15163
58	0.21261	0.14018	0.07116	0.01403	0.01822	0.19083	0.01221	0.04373	0.01524	0.02206	0.01218	0.01538	0.01039	0.01520	0.12983	0.00365	0.05607	0.00502	0.00381	0.00821
59	0.80005	0.01377	0.01047	0.00936	0.01377	0.01597	0.00771	0.02093	0.01212	0.03195	0.00991	0.01157	0.00771	0.00661	0.00441	0.00220	0.00551	0.00386	0.00441	0.00771
60	0.01002	0.00728	0.00943	0.00889	0.01060	0.00669	0.00667	0.01332	0.02001	0.02820	0.67793	0.05377	0.09106	0.01469	0.00840	0.00225	0.00337	0.01296	0.00779	0.00669
61	0.02364	0.01866	0.02090	0.02023	0.13211	0.06420	0.01413	0.33084	0.18541	0.08593	0.01975	0.01969	0.01449	0.00840	0.00710	0.00219	0.00760	0.00673	0.00647	0.01153
62	0.58454	0.01657	0.01312	0.01133	0.01587	0.09209	0.00920	0.10041	0.01595	0.06839	0.01186	0.01304	0.00892	0.00704	0.00509	0.00216	0.00660	0.00441	0.00488	0.00853
63	0.01678	0.00926	0.01178	0.01112	0.01377	0.00861	0.00835	0.04081	0.05887	0.21871	0.03608	0.37770	0.08109	0.01625	0.00820	0.00255	0.00497	0.03303	0.00722	0.03486
64	0.02375	0.11866	0.07615	0.01984	0.06906	0.41785	0.05646	0.07333	0.01957	0.04389	0.01239	0.01424	0.00990	0.00713	0.00646	0.00192	0.01109	0.00512	0.00395	0.00923
65	0.01904	0.75404	0.03731	0.01218	0.01828	0.02818	0.01218	0.02132	0.01447	0.01675	0.00990	0.01142	0.00914	0.00609	0.00457	0.00152	0.00761	0.00381	0.00305	0.00914
66	0.01830	0.14289	0.08668	0.01342	0.01906	0.01681	0.01207	0.08330	0.22272	0.07721	0.02241	0.02207	0.05739	0.00824	0.00639	0.00193	0.00647	0.00650	0.00557	0.17058
67	0.01846	0.01541	0.02390	0.12427	0.40501	0.01605	0.01811	0.07708	0.07640	0.08015	0.01776	0.06446	0.01477	0.00811	0.00722	0.00223	0.00783	0.00743	0.00472	0.01063
68	0.01237	0.00618	0.00928	0.00928	0.00928	0.00618	0.00618	0.00928	0.00928	0.01237	0.01237	0.02165	0.01237	0.02474	0.02783	0.79283	0.00618	0.00618	0.00309	0.00309
69	0.01616	0.04438	0.17697	0.03040	0.31168	0.01653	0.14545	0.04054	0.01617	0.02279	0.01615	0.01990	0.03793	0.01041	0.06082	0.00289	0.01014	0.00685	0.00366	0.01018
70	0.01907	0.04106	0.10560	0.02548	0.24928	0.01784	0.03917	0.19309	0.11593	0.02966	0.05423	0.02234	0.01663	0.00830	0.00720	0.00222	0.00790	0.02887	0.00524	0.01088
71	0.01497	0.05536	0.12929	0.01544	0.01936	0.01355	0.08319	0.07381	0.01640	0.06521	0.06606	0.22268	0.02601	0.03699	0.03424	0.00296	0.08013	0.03076	0.00527	0.00832
72	0.01031	0.00708	0.00866	0.00866	0.00896	0.00739	0.00542	0.01093	0.01062	0.01447	0.02162	0.04209	0.02393	0.58117	0.20215	0.00800	0.00985	0.00970	0.00419	0.00481
73	0.01456	0.03267	0.57150	0.07503	0.03304	0.01668	0.11295	0.02226	0.01521	0.02226	0.01299	0.01589	0.00929	0.00669	0.00701	0.00228	0.01064	0.00576	0.00310	0.01020
74	0.02308	0.34195	0.04930	0.01516	0.02069	0.19559	0.01340	0.21540	0.02142	0.02529	0.01235	0.01353	0.01001	0.00713	0.00583	0.00180	0.00905	0.00480	0.00438	0.00983
75	0.00990	0.00727	0.00927	0.00877	0.01053	0.00664	0.00658	0.01310	0.01974	0.02757	0.63479	0.05482	0.13459	0.01493	0.00840	0.00226	0.00339	0.01311	0.00771	0.00664
76	0.01017	0.00763	0.01144	0.01144	0.01272	0.00890	0.00890	0.01272	0.01144	0.01653	0.01907	0.02797	0.01780	0.05340	0.72153	0.01144	0.01907	0.00763	0.00381	0.00636
77	0.05697	0.02115	0.05410	0.06340	0.02313	0.13525	0.01391	0.39185	0.02609	0.07132	0.01601	0.01726	0.01178	0.01095	0.05224	0.00271	0.00943	0.00606	0.00585	0.01057
78	0.07858	0.46126	0.12027	0.01385	0.02032	0.02455	0.01395	0.15073	0.01809	0.02416	0.01169	0.01302	0.00960	0.00670	0.00534	0.00179	0.00788	0.00451	0.00394	0.00979
79	0.01792	0.15061	0.35010	0.01619	0.02409	0.01710	0.01815	0.02528	0.09433	0.11528	0.01622	0.01697	0.01184	0.00711	0.00634	0.00202	0.00831	0.00549	0.00442	0.09223

[dist]
# distance from previous block
# <min> <max>
0	2

[block]
# block no. 1 follows, 29 sequences, length 30
# corresponding to MSA columns:
# 146-169,171-176
name=unknown_B
#
# <colnr> <probs for GDERKNQSTAVLIFYWHMCP>
#	G	D	E	R	K	N	Q	S	T	A	V	L	I	F	Y	W	H	M	C	P
0	0.02360	0.15047	0.09431	0.01451	0.02031	0.01849	0.01325	0.28737	0.02344	0.18166	0.02103	0.06346	0.03851	0.00914	0.00680	0.00211	0.00731	0.00713	0.00628	0.01082
1	0.01021	0.00729	0.01002	0.01167	0.01275	0.00711	0.00928	0.01257	0.01515	0.01989	0.03840	0.38068	0.04374	0.02086	0.00950	0.00310	0.00546	0.36952	0.00658	0.00621
2	0.01788	0.14013	0.09781	0.04528	0.23863	0.16173	0.01671	0.02144	0.01571	0.01958	0.01327	0.01726	0.01138	0.01502	0.13473	0.00366	0.01138	0.00569	0.00346	0.00925
3	0.01057	0.00743	0.00958	0.01063	0.01214	0.00713	0.00859	0.01326	0.01601	0.02158	0.09855	0.19960	0.13525	0.01832	0.00886	0.00282	0.00506	0.31962	0.08867	0.00635
4	0.01415	0.01201	0.01411	0.01048	0.01622	0.00912	0.00825	0.01712	0.01465	0.02270	0.01533	0.08812	0.01422	0.00698	0.00566	0.00124	0.00516	0.00583	0.00446	0.71418
5	0.01092	0.00724	0.00911	0.00964	0.01016	0.00724	0.00681	0.01165	0.01218	0.01606	0.02628	0.05479	0.02931	0.43977	0.02690	0.08806	0.00672	0.21734	0.00491	0.00491
6	0.01008	0.00679	0.00785	0.00812	0.00819	0.00672	0.00470	0.01028	0.01090	0.01453	0.02523	0.16263	0.02941	0.62891	0.03173	0.00624	0.00644	0.01200	0.00470	0.00456
7	0.01691	0.01446	0.01541	0.01391	0.01769	0.01656	0.01079	0.03528	0.62205	0.02966	0.09943	0.02936	0.02650	0.01017	0.00737	0.00240	0.00540	0.00856	0.00731	0.01079
8	0.01237	0.00779	0.01025	0.00935	0.01143	0.00711	0.00711	0.01566	0.02018	0.09996	0.63103	0.05016	0.06200	0.01396	0.00827	0.00224	0.00364	0.01228	0.00794	0.00728
9	0.00896	0.00640	0.00859	0.01024	0.01077	0.00603	0.00710	0.01040	0.01391	0.01849	0.03909	0.67833	0.04648	0.02204	0.00916	0.00293	0.00437	0.08424	0.00660	0.00586
10	0.80005	0.01377	0.01047	0.00936	0.01377	0.01597	0.00771	0.02093	0.01212	0.03195	0.00991	0.01157	0.00771	0.00661	0.00441	0.00220	0.00551	0.00386	0.00441	0.00771
11	0.12946	0.01466	0.01619	0.01326	0.01795	0.01558	0.01072	0.20124	0.17846	0.21928	0.08874	0.02401	0.02063	0.00920	0.00692	0.00224	0.00609	0.00728	0.00731	0.01079
12	0.27854	0.10284	0.27231	0.07632	0.02402	0.01811	0.01685	0.02093	0.01349	0.02413	0.01113	0.01387	0.00867	0.00727	0.00750	0.00226	0.08450	0.00482	0.00351	0.00892
13	0.01904	0.75404	0.03731	0.01218	0.01828	0.02818	0.01218	0.02132	0.01447	0.01675	0.00990	0.01142	0.00914	0.00609	0.00457	0.00152	0.00761	0.00381	0.00305	0.00914
14	0.01237	0.00618	0.00928	0.00928	0.00928	0.00618	0.00618	0.00928	0.00928	0.01237	0.01237	0.02165	0.01237	0.02474	0.02783	0.79283	0.00618	0.00618	0.00309	0.00309
15	0.06104	0.09244	0.02267	0.01621	0.02097	0.01682	0.13145	0.19589	0.08417	0.10901	0.02206	0.15530	0.01947	0.01045	0.00733	0.00230	0.00733	0.00921	0.00603	0.00985
16	0.69367	0.01398	0.01181	0.04860	0.01623	0.01611	0.00875	0.05577	0.01361	0.05288	0.01100	0.01265	0.00834	0.00681	0.00478	0.00221	0.00586	0.00422	0.00462	0.00809
17	0.02383	0.29894	0.02654	0.01600	0.02064	0.44077	0.01317	0.04907	0.01855	0.01816	0.01082	0.01247	0.00926	0.00692	0.00576	0.00173	0.01074	0.00436	0.00356	0.00872
18	0.01049	0.00742	0.01037	0.01031	0.01153	0.00823	0.00779	0.01293	0.01259	0.01851	0.09134	0.03245	0.02388	0.11881	0.50203	0.00901	0.01455	0.00837	0.08319	0.00621
19	0.02199	0.02427	0.01807	0.01635	0.02020	0.35650	0.01247	0.03331	0.36869	0.02383	0.02032	0.01996	0.01569	0.00854	0.00685	0.00214	0.00911	0.00638	0.00552	0.00982
20	0.02981	0.01554	0.01865	0.01429	0.01989	0.01555	0.01181	0.31780	0.02611	0.41907	0.02328	0.02111	0.01521	0.00870	0.00714	0.00217	0.00684	0.00683	0.00807	0.01211
21	0.01451	0.02100	0.21950	0.02256	0.02911	0.01481	0.31723	0.02028	0.01605	0.02216	0.02035	0.07196	0.01883	0.01006	0.00830	0.00258	0.00998	0.14752	0.00424	0.00899
22	0.01304	0.00879	0.01205	0.10673	0.01704	0.00894	0.00925	0.01580	0.01645	0.10993	0.21320	0.12560	0.16530	0.01929	0.09945	0.00356	0.03031	0.01167	0.00629	0.00731
23	0.01585	0.06406	0.15457	0.01386	0.01773	0.13240	0.01253	0.01883	0.01577	0.08836	0.02615	0.35497	0.02763	0.01426	0.00769	0.00243	0.00732	0.01222	0.00538	0.00800
24	0.01468	0.01427	0.02482	0.49088	0.16363	0.01664	0.08613	0.01924	0.01463	0.01950	0.01274	0.01854	0.00994	0.00722	0.00832	0.00238	0.05797	0.00653	0.00327	0.00868
25	0.15814	0.01592	0.01498	0.01326	0.01726	0.09036	0.01039	0.05090	0.32129	0.02703	0.02034	0.02108	0.01593	0.01396	0.09741	0.00332	0.00813	0.00643	0.00561	0.08826
26	0.01965	0.10579	0.14561	0.02210	0.02837	0.18391	0.26551	0.02420	0.01687	0.05646	0.01325	0.01620	0.01021	0.00699	0.00809	0.00218	0.05520	0.00628	0.00370	0.00941
27	0.15604	0.05086	0.02005	0.01540	0.01914	0.01267	0.18777	0.01859	0.01463	0.09387	0.02293	0.23467	0.02309	0.08592	0.01035	0.00290	0.00715	0.01090	0.00522	0.00785
28	0.01753	0.01311	0.01355	0.03243	0.01593	0.08239	0.00938	0.04576	0.17546	0.13282	0.14172	0.05721	0.09341	0.10569	0.01126	0.00289	0.00618	0.02802	0.00664	0.00860
29	0.09064	0.00983	0.01171	0.01145	0.01317	0.04704	0.00881	0.01505	0.03470	0.01839	0.01829	0.02673	0.01701	0.09119	0.54255	0.00941	0.01612	0.00729	0.00401	0.00662

[dist]
# distance from previous block
# <min> <max>
4	32

[block]
# block no. 2 follows, 29 sequences, length 25
# corresponding to MSA columns:
# 209-233
name=unknown_C
#
# <colnr> <probs for GDERKNQSTAVLIFYWHMCP>
#	G	D	E	R	K	N	Q	S	T	A	V	L	I	F	Y	W	H	M	C	P
0	0.04137	0.12757	0.17152	0.01555	0.04216	0.10074	0.01433	0.06176	0.14582	0.02434	0.09254	0.04625	0.06806	0.00945	0.00681	0.00214	0.00764	0.00750	0.00506	0.00936
1	0.01943	0.01923	0.08888	0.02367	0.18887	0.07395	0.08038	0.12797	0.11700	0.06942	0.05729	0.04652	0.01808	0.00879	0.00738	0.00225	0.00822	0.02691	0.00536	0.01040
2	0.02152	0.13290	0.02348	0.01961	0.11815	0.12395	0.01412	0.19791	0.18315	0.02825	0.01699	0.01786	0.01326	0.00817	0.00756	0.00212	0.04908	0.00612	0.00528	0.01052
3	0.26282	0.01918	0.05919	0.08659	0.11105	0.14206	0.01387	0.02315	0.05406	0.04500	0.01275	0.01525	0.01008	0.00741	0.00735	0.00217	0.06755	0.00519	0.00414	0.05114
4	0.09107	0.01282	0.01348	0.01234	0.01494	0.06991	0.00946	0.14296	0.03928	0.04508	0.02100	0.12942	0.02016	0.08977	0.24960	0.00578	0.01105	0.00887	0.00521	0.00781
5	0.01477	0.01266	0.01477	0.01055	0.01687	0.00949	0.00844	0.01793	0.01477	0.02320	0.01266	0.01477	0.01055	0.00527	0.00527	0.00105	0.00527	0.00422	0.00422	0.79328
6	0.01596	0.01522	0.02589	0.31840	0.44366	0.01648	0.02102	0.02039	0.01543	0.02124	0.01310	0.01817	0.01057	0.00665	0.00708	0.00222	0.00887	0.00634	0.00338	0.00994
7	0.01167	0.00619	0.00908	0.00940	0.00948	0.00611	0.00626	0.00940	0.01010	0.01347	0.01745	0.15842	0.01893	0.02428	0.02429	0.64348	0.00580	0.00884	0.00376	0.00360
8	0.01437	0.01239	0.01291	0.01188	0.01532	0.01351	0.00917	0.02792	0.44953	0.02600	0.04448	0.04164	0.26628	0.01267	0.00767	0.00241	0.00491	0.01056	0.00702	0.00938
9	0.01033	0.00765	0.00994	0.01123	0.01256	0.00749	0.00877	0.01356	0.05424	0.02025	0.04127	0.36164	0.10804	0.02006	0.00922	0.00298	0.00517	0.28252	0.00662	0.00644
10	0.01477	0.01266	0.01477	0.01055	0.01687	0.00949	0.00844	0.01793	0.01477	0.02320	0.01266	0.01477	0.01055	0.00527	0.00527	0.00105	0.00527	0.00422	0.00422	0.79328
11	0.02660	0.03394	0.02018	0.01834	0.02201	0.72116	0.01376	0.02843	0.02018	0.01743	0.01101	0.01284	0.00917	0.00734	0.00642	0.00183	0.01284	0.00459	0.00367	0.00825
12	0.01172	0.00656	0.00959	0.00959	0.00985	0.00682	0.00657	0.01010	0.00983	0.01338	0.01474	0.02536	0.01480	0.10017	0.17408	0.55373	0.00896	0.00689	0.00336	0.00389
13	0.01218	0.00625	0.00913	0.00913	0.00913	0.00625	0.00601	0.00938	0.00938	0.01251	0.01333	0.02403	0.01366	0.09416	0.02863	0.71757	0.00625	0.00658	0.00321	0.00321
14	0.01017	0.00763	0.01144	0.01144	0.01272	0.00890	0.00890	0.01272	0.01144	0.01653	0.01907	0.02797	0.01780	0.05340	0.72153	0.01144	0.01907	0.00763	0.00381	0.00636
15	0.01558	0.01558	0.02181	0.01869	0.01869	0.02181	0.01558	0.01714	0.01091	0.01714	0.00935	0.01558	0.00935	0.01246	0.02337	0.00312	0.73672	0.00623	0.00312	0.00779
16	0.01054	0.00786	0.01107	0.01100	0.01220	0.00898	0.00829	0.01346	0.04150	0.01669	0.02004	0.03083	0.01924	0.16060	0.58242	0.01033	0.01657	0.00808	0.00405	0.00626
17	0.01413	0.00872	0.01058	0.01006	0.01173	0.00878	0.00704	0.01761	0.09690	0.12227	0.02920	0.14840	0.06558	0.31206	0.10051	0.00527	0.00738	0.01108	0.00579	0.00691
18	0.01652	0.01356	0.01721	0.01500	0.01876	0.01467	0.07472	0.06631	0.36468	0.04985	0.12718	0.03751	0.02968	0.01149	0.00792	0.00250	0.00619	0.10954	0.00692	0.00978
19	0.01719	0.01604	0.02097	0.01785	0.01906	0.02128	0.01475	0.09628	0.10732	0.02206	0.01294	0.01727	0.01137	0.01163	0.01928	0.00291	0.55238	0.00650	0.00414	0.00876
20	0.01036	0.00690	0.00777	0.00777	0.00777	0.00690	0.00431	0.01036	0.01036	0.01381	0.02244	0.04660	0.02589	0.74975	0.03624	0.00690	0.00690	0.01036	0.00431	0.00431
21	0.02315	0.01533	0.01835	0.01466	0.01984	0.01581	0.04089	0.17221	0.26643	0.21374	0.02374	0.02228	0.01685	0.00855	0.00703	0.00215	0.00646	0.00705	0.00714	0.09836
22	0.02232	0.08364	0.01735	0.01276	0.01723	0.01430	0.01039	0.03153	0.26798	0.29484	0.12321	0.02802	0.02544	0.00969	0.00712	0.00222	0.00566	0.00799	0.00754	0.01075
23	0.02429	0.02369	0.01947	0.01656	0.02106	0.27276	0.01298	0.26651	0.21267	0.03077	0.01822	0.01821	0.01374	0.00842	0.00690	0.00211	0.00902	0.00621	0.00591	0.01049
24	0.05515	0.01538	0.01727	0.01419	0.01908	0.01649	0.01143	0.19001	0.30455	0.23964	0.02512	0.02301	0.01764	0.00902	0.00708	0.00228	0.00628	0.00722	0.00758	0.01159

[dist]
# distance from previous block
# <min> <max>
4	10

[block]
# block no. 3 follows, 29 sequences, length 162
# corresponding to MSA columns:
# 244-405
name=unknown_D
#
# <colnr> <probs for GDERKNQSTAVLIFYWHMCP>
#	G	D	E	R	K	N	Q	S	T	A	V	L	I	F	Y	W	H	M	C	P
0	0.02357	0.01775	0.01927	0.01566	0.02059	0.01970	0.01288	0.48654	0.15408	0.03941	0.02163	0.02600	0.01716	0.01001	0.00745	0.00232	0.00728	0.08028	0.00708	0.01133
1	0.71270	0.01447	0.01170	0.01016	0.01471	0.01666	0.00837	0.09559	0.01453	0.03341	0.01073	0.01219	0.00821	0.00683	0.00471	0.00220	0.00577	0.00414	0.00471	0.00821
2	0.01748	0.01533	0.02199	0.01845	0.01935	0.02038	0.04068	0.01934	0.01220	0.09568	0.01166	0.01670	0.01034	0.01180	0.02096	0.00298	0.62612	0.00642	0.00378	0.00835
3	0.01683	0.01595	0.02645	0.11792	0.55327	0.01596	0.02010	0.02100	0.01583	0.02268	0.01323	0.01745	0.01099	0.00631	0.00686	0.00202	0.00822	0.00610	0.00356	0.09927
4	0.01888	0.59162	0.13851	0.01387	0.02046	0.07802	0.01444	0.02204	0.01498	0.01768	0.01042	0.01208	0.00912	0.00629	0.00504	0.00166	0.00845	0.00409	0.00309	0.00928
5	0.01075	0.00778	0.01053	0.01170	0.01328	0.00756	0.00979	0.01373	0.01670	0.02199	0.14576	0.14100	0.09501	0.01900	0.00943	0.00301	0.00559	0.44417	0.00677	0.00647
6	0.12065	0.01806	0.01935	0.01500	0.02051	0.01965	0.01239	0.50767	0.02900	0.14058	0.01784	0.01748	0.01239	0.00835	0.00680	0.00215	0.00730	0.00621	0.00704	0.01158
7	0.01402	0.00817	0.01065	0.00952	0.01196	0.00736	0.00732	0.01715	0.01991	0.15461	0.52947	0.04895	0.10529	0.01375	0.00817	0.00225	0.00388	0.01197	0.00793	0.00767
8	0.48713	0.01211	0.01118	0.00969	0.01363	0.01307	0.00772	0.02237	0.01390	0.17528	0.01623	0.01936	0.01268	0.09119	0.00864	0.00269	0.00562	0.00551	0.06380	0.00819
9	0.01041	0.00710	0.00858	0.00909	0.00948	0.00705	0.00603	0.01122	0.01194	0.01581	0.02733	0.12587	0.03120	0.52346	0.02797	0.00574	0.00654	0.14520	0.00502	0.00493
10	0.01291	0.00873	0.00994	0.00898	0.01179	0.00790	0.00694	0.06385	0.01904	0.10174	0.23190	0.05558	0.40324	0.01535	0.00817	0.00232	0.00413	0.01292	0.00723	0.00735
11	0.01036	0.00690	0.00777	0.00777	0.00777	0.00690	0.00431	0.01036	0.01036	0.01381	0.02244	0.04660	0.02589	0.74975	0.03624	0.00690	0.00690	0.01036	0.00431	0.00431
12	0.00874	0.00723	0.00767	0.00756	0.00982	0.00615	0.00567	0.01085	0.01700	0.02106	0.19559	0.06552	0.57785	0.01735	0.00841	0.00237	0.00356	0.01461	0.00685	0.00615
13	0.01904	0.75404	0.03731	0.01218	0.01828	0.02818	0.01218	0.02132	0.01447	0.01675	0.00990	0.01142	0.00914	0.00609	0.00457	0.00152	0.00761	0.00381	0.00305	0.00914
14	0.01771	0.01530	0.01610	0.01449	0.01852	0.01771	0.01127	0.03784	0.69247	0.02979	0.02898	0.02657	0.02174	0.00966	0.00725	0.00242	0.00564	0.00805	0.00725	0.01127
15	0.01249	0.00692	0.01064	0.09102	0.01377	0.00727	0.00772	0.01028	0.00984	0.01303	0.01240	0.02134	0.01204	0.02275	0.02549	0.70350	0.00656	0.00620	0.00310	0.00364
16	0.00911	0.00724	0.00817	0.00794	0.01004	0.00631	0.00595	0.01156	0.01786	0.02312	0.33422	0.06214	0.43794	0.01659	0.00841	0.00234	0.00350	0.01413	0.00712	0.00631
17	0.00868	0.00620	0.00826	0.00991	0.01033	0.00578	0.00661	0.00991	0.01363	0.01818	0.03925	0.74510	0.04710	0.02231	0.00909	0.00289	0.00413	0.02024	0.00661	0.00578
18	0.11442	0.01925	0.02014	0.01559	0.02114	0.02139	0.01288	0.60693	0.03107	0.04342	0.01628	0.01647	0.01161	0.00833	0.00682	0.00214	0.00757	0.00612	0.00682	0.01161
19	0.02411	0.02052	0.02401	0.01944	0.05092	0.12639	0.12305	0.31598	0.04563	0.09289	0.01645	0.01758	0.01203	0.00790	0.00771	0.00213	0.03446	0.00647	0.00575	0.04657
20	0.11449	0.01946	0.02106	0.01656	0.02187	0.14746	0.09486	0.21361	0.02267	0.23092	0.01805	0.01804	0.01252	0.00787	0.00686	0.00214	0.00850	0.00625	0.00623	0.01059
21	0.01036	0.00690	0.00777	0.00777	0.00777	0.00690	0.00431	0.01036	0.01036	0.01381	0.02244	0.04660	0.02589	0.74975	0.03624	0.00690	0.00690	0.01036	0.00431	0.00431
22	0.01477	0.01266	0.01477	0.01055	0.01687	0.00949	0.00844	0.01793	0.01477	0.02320	0.01266	0.01477	0.01055	0.00527	0.00527	0.00105	0.00527	0.00422	0.00422	0.79328
23	0.01010	0.00727	0.00947	0.00941	0.01032	0.00766	0.00660	0.01169	0.01236	0.01703	0.10147	0.04113	0.07753	0.31862	0.31991	0.00796	0.01139	0.00984	0.00467	0.00557
24	0.15575	0.01684	0.02262	0.07986	0.30740	0.04873	0.04236	0.11044	0.01772	0.02704	0.01308	0.01611	0.01044	0.00666	0.00643	0.00203	0.00792	0.00568	0.00423	0.09868
25	0.10900	0.34964	0.05469	0.01792	0.10957	0.18725	0.01392	0.04749	0.01650	0.02075	0.01100	0.01294	0.00937	0.00659	0.00549	0.00180	0.00883	0.00448	0.00356	0.00921
26	0.01210	0.00781	0.00969	0.00891	0.01121	0.00695	0.00679	0.01497	0.01912	0.10307	0.45535	0.05406	0.23328	0.01485	0.00826	0.00228	0.00373	0.01281	0.00762	0.00714
27	0.01956	0.01652	0.01874	0.01594	0.01945	0.01975	0.01283	0.19407	0.36978	0.03063	0.02146	0.02165	0.01646	0.01003	0.01095	0.00251	0.17550	0.00722	0.00626	0.01067
28	0.02013	0.08858	0.31016	0.01979	0.04704	0.16054	0.06852	0.13603	0.01949	0.04489	0.01351	0.01531	0.01004	0.00712	0.00672	0.00210	0.01022	0.00553	0.00407	0.01022
29	0.01721	0.03808	0.04440	0.28732	0.20116	0.01560	0.08647	0.04422	0.01633	0.09791	0.01679	0.07292	0.01384	0.00814	0.00730	0.00229	0.00863	0.00757	0.00431	0.00949
30	0.03010	0.01251	0.01712	0.01335	0.01824	0.01175	0.01104	0.03272	0.01931	0.63194	0.02597	0.02326	0.01669	0.00923	0.00899	0.00231	0.08863	0.00706	0.00817	0.01163
31	0.01237	0.00618	0.00928	0.00928	0.00928	0.00618	0.00618	0.00928	0.00928	0.01237	0.01237	0.02165	0.01237	0.02474	0.02783	0.79283	0.00618	0.00618	0.00309	0.00309
32	0.05166	0.02245	0.23003	0.01833	0.07189	0.08157	0.04097	0.02770	0.08644	0.23267	0.02014	0.05235	0.01488	0.00839	0.00700	0.00224	0.00830	0.00689	0.00555	0.01056
33	0.01704	0.45255	0.32129	0.01559	0.02355	0.02328	0.01812	0.02184	0.01471	0.01919	0.01111	0.01294	0.00909	0.00637	0.00549	0.00183	0.00884	0.00442	0.00303	0.00972
34	0.00868	0.00620	0.00826	0.00991	0.01033	0.00578	0.00661	0.00991	0.01363	0.01818	0.03925	0.74510	0.04710	0.02231	0.00909	0.00289	0.00413	0.02024	0.00661	0.00578
35	0.01619	0.02549	0.32332	0.03363	0.41498	0.01675	0.02377	0.02215	0.01571	0.02296	0.01313	0.01651	0.01031	0.00653	0.00693	0.00218	0.00935	0.00588	0.00330	0.01095
36	0.01888	0.01461	0.02414	0.10548	0.30424	0.01466	0.09142	0.02407	0.07112	0.15189	0.02004	0.09279	0.01666	0.00872	0.00745	0.00229	0.00786	0.00826	0.00510	0.01033
37	0.01669	0.01513	0.02019	0.01676	0.02112	0.01654	0.13500	0.03233	0.49207	0.02835	0.10108	0.02816	0.02476	0.00953	0.00759	0.00239	0.00657	0.00865	0.00663	0.01045
38	0.00868	0.00620	0.00826	0.00991	0.01033	0.00578	0.00661	0.00991	0.01363	0.01818	0.03925	0.74510	0.04710	0.02231	0.00909	0.00289	0.00413	0.02024	0.00661	0.00578
39	0.01715	0.07292	0.41052	0.02005	0.05764	0.17473	0.04519	0.02284	0.01617	0.02079	0.01428	0.06898	0.01207	0.00797	0.00681	0.00217	0.01036	0.00631	0.00347	0.00958
40	0.07042	0.00812	0.00915	0.00875	0.01121	0.00737	0.00660	0.01442	0.01685	0.10009	0.19090	0.15392	0.34413	0.01602	0.00807	0.00240	0.00405	0.01361	0.00696	0.00694
41	0.03042	0.01183	0.01615	0.01270	0.01792	0.01030	0.01054	0.03322	0.02008	0.65895	0.02881	0.02841	0.01937	0.00962	0.00736	0.00228	0.00610	0.05559	0.00865	0.01170
42	0.01813	0.01524	0.01946	0.01753	0.11952	0.01385	0.03827	0.17343	0.01942	0.02825	0.01387	0.01590	0.01103	0.00622	0.00609	0.00152	0.00660	0.00521	0.00477	0.46569
43	0.01750	0.01680	0.02869	0.06339	0.68659	0.01689	0.02179	0.02175	0.01616	0.02312	0.01337	0.01766	0.01123	0.00637	0.00705	0.00212	0.00849	0.00634	0.00351	0.01118
44	0.01120	0.00868	0.00975	0.00896	0.01144	0.00811	0.00686	0.08739	0.01977	0.02591	0.32128	0.05649	0.36671	0.01555	0.00826	0.00231	0.00398	0.01318	0.00717	0.00699
45	0.01324	0.00803	0.01018	0.00989	0.01154	0.00790	0.00713	0.01633	0.05609	0.10756	0.16661	0.21238	0.03681	0.14820	0.09356	0.00422	0.00642	0.01218	0.06475	0.00697
46	0.01882	0.72129	0.06816	0.01255	0.01885	0.02764	0.01283	0.02138	0.01449	0.01702	0.01003	0.01159	0.00913	0.00612	0.00467	0.00156	0.00775	0.00387	0.00304	0.00920
47	0.01046	0.00731	0.01038	0.01038	0.01123	0.00815	0.00758	0.01180	0.01096	0.01546	0.01906	0.03138	0.01898	0.20441	0.49135	0.09874	0.01492	0.00807	0.00384	0.00554
48	0.00845	0.00710	0.00733	0.00752	0.00970	0.00599	0.00555	0.01018	0.01594	0.01912	0.06842	0.14499	0.62839	0.01852	0.00849	0.00246	0.00367	0.01562	0.00661	0.00599
49	0.00909	0.00709	0.00780	0.00783	0.00950	0.00629	0.00553	0.01079	0.01562	0.01978	0.17115	0.11291	0.41416	0.15493	0.01368	0.00326	0.00422	0.01417	0.00640	0.00580
50	0.01003	0.00724	0.00947	0.00899	0.01063	0.00668	0.00671	0.01331	0.01991	0.02817	0.67707	0.07879	0.06644	0.01484	0.00842	0.00226	0.00339	0.01315	0.00779	0.00668
51	0.01001	0.00728	0.00943	0.00889	0.01060	0.00669	0.00667	0.01331	0.02000	0.02819	0.67723	0.05378	0.09176	0.01469	0.00840	0.00225	0.00337	0.01296	0.00779	0.00669
52	0.66787	0.01349	0.01151	0.00993	0.01453	0.01503	0.00819	0.02330	0.01354	0.14868	0.01304	0.01375	0.00942	0.00699	0.00488	0.00220	0.00560	0.00442	0.00516	0.00847
53	0.02036	0.62785	0.03431	0.01326	0.01893	0.14961	0.01246	0.02257	0.01547	0.01687	0.01009	0.01167	0.00914	0.00631	0.00489	0.00158	0.00853	0.00394	0.00316	0.00898
54	0.01518	0.01734	0.10396	0.25062	0.28981	0.01584	0.10313	0.02003	0.01535	0.02117	0.01515	0.07213	0.01308	0.00778	0.00736	0.00230	0.00914	0.00751	0.00359	0.00953
55	0.01885	0.01253	0.01518	0.01105	0.01718	0.00972	0.00892	0.02191	0.01610	0.18638	0.01632	0.01701	0.01223	0.00611	0.00572	0.00133	0.00546	0.00492	0.00531	0.60776
56	0.00898	0.00720	0.00802	0.00790	0.00999	0.00624	0.00589	0.01128	0.01745	0.02231	0.28153	0.08843	0.46564	0.01703	0.00843	0.00237	0.00354	0.01450	0.00702	0.00624
57	0.01066	0.00872	0.01430	0.01317	0.01503	0.00942	0.08307	0.01340	0.01248	0.01753	0.02292	0.11763	0.04461	0.04303	0.52865	0.00906	0.01589	0.00954	0.00424	0.00664
58	0.02707	0.01995	0.02137	0.01638	0.02208	0.02208	0.01353	0.68159	0.03348	0.04488	0.01710	0.01710	0.01211	0.00855	0.00712	0.00214	0.00784	0.00641	0.00712	0.01211
59	0.02707	0.01995	0.02137	0.01638	0.02208	0.02208	0.01353	0.68159	0.03348	0.04488	0.01710	0.01710	0.01211	0.00855	0.00712	0.00214	0.00784	0.00641	0.00712	0.01211
60	0.80005	0.01377	0.01047	0.00936	0.01377	0.01597	0.00771	0.02093	0.01212	0.03195	0.00991	0.01157	0.00771	0.00661	0.00441	0.00220	0.00551	0.00386	0.00441	0.00771
61	0.08045	0.01507	0.01832	0.09660	0.06351	0.01574	0.01264	0.26695	0.02239	0.15525	0.01873	0.06224	0.01454	0.00991	0.02724	0.00237	0.00738	0.00697	0.00611	0.09759
62	0.02581	0.01903	0.02063	0.01602	0.02138	0.02110	0.01319	0.63177	0.03184	0.04277	0.01724	0.01791	0.01253	0.01189	0.06033	0.00283	0.00867	0.00650	0.00688	0.01168
63	0.10539	0.01589	0.02563	0.14813	0.52401	0.01664	0.01993	0.02117	0.01544	0.02345	0.01288	0.01715	0.01060	0.00650	0.00676	0.00217	0.00829	0.00606	0.00357	0.01035
64	0.80005	0.01377	0.01047	0.00936	0.01377	0.01597	0.00771	0.02093	0.01212	0.03195	0.00991	0.01157	0.00771	0.00661	0.00441	0.00220	0.00551	0.00386	0.00441	0.00771
65	0.02137	0.53677	0.03236	0.01374	0.01940	0.13524	0.01262	0.11697	0.01808	0.02088	0.01110	0.01246	0.00957	0.00664	0.00522	0.00166	0.00846	0.00430	0.00373	0.00943
66	0.02499	0.01878	0.02142	0.01912	0.09873	0.02059	0.01410	0.50690	0.11311	0.06118	0.01850	0.01856	0.01338	0.00845	0.00713	0.00217	0.00758	0.00663	0.00678	0.01191
67	0.01282	0.01026	0.01458	0.01356	0.01560	0.03496	0.06680	0.01630	0.04569	0.04411	0.02353	0.06545	0.02309	0.10028	0.33268	0.00707	0.03144	0.12999	0.00479	0.00701
68	0.00868	0.00620	0.00826	0.00991	0.01033	0.00578	0.00661	0.00991	0.01363	0.01818	0.03925	0.74510	0.04710	0.02231	0.00909	0.00289	0.00413	0.02024	0.00661	0.00578
69	0.02294	0.01778	0.05818	0.10084	0.02928	0.01706	0.22074	0.21637	0.02214	0.19418	0.01821	0.01959	0.01260	0.00758	0.00751	0.00227	0.00901	0.00715	0.00580	0.01079
70	0.01191	0.00980	0.01551	0.01897	0.17420	0.01077	0.01192	0.01485	0.01256	0.01810	0.01775	0.02556	0.01628	0.04243	0.55495	0.00927	0.01660	0.00733	0.00375	0.00751
71	0.01264	0.01098	0.01672	0.01854	0.13184	0.01314	0.01259	0.01525	0.01214	0.01781	0.01594	0.02346	0.01481	0.03629	0.44471	0.00800	0.17691	0.00710	0.00361	0.00751
72	0.00886	0.00633	0.00846	0.01003	0.01054	0.00593	0.00684	0.01027	0.01400	0.01870	0.06368	0.68915	0.04756	0.02190	0.00910	0.00289	0.00421	0.04906	0.00665	0.00585
73	0.01160	0.01196	0.05818	0.09727	0.02268	0.01063	0.17994	0.01484	0.01459	0.01960	0.02844	0.43755	0.03148	0.01558	0.00856	0.00267	0.00710	0.01482	0.00525	0.00726
74	0.01471	0.01539	0.09365	0.01165	0.01845	0.01029	0.01046	0.01845	0.01480	0.02313	0.01267	0.01480	0.01037	0.00544	0.00544	0.00119	0.00587	0.00434	0.00408	0.70482
75	0.00873	0.00624	0.00831	0.00988	0.01034	0.00582	0.00661	0.01005	0.01389	0.01859	0.06559	0.71759	0.04789	0.02200	0.00906	0.00287	0.00410	0.01995	0.00666	0.00582
76	0.00868	0.00620	0.00826	0.00991	0.01033	0.00578	0.00661	0.00991	0.01363	0.01818	0.03925	0.74510	0.04710	0.02231	0.00909	0.00289	0.00413	0.02024	0.00661	0.00578
77	0.01666	0.01605	0.02770	0.19767	0.53346	0.01671	0.04572	0.02107	0.01579	0.02211	0.01327	0.01799	0.01086	0.00651	0.00712	0.00218	0.00882	0.00642	0.00345	0.01046
78	0.01840	0.14469	0.11619	0.02677	0.21251	0.04722	0.17416	0.09657	0.01803	0.02409	0.01440	0.01924	0.01189	0.00717	0.00703	0.00214	0.00943	0.03593	0.00395	0.01019
79	0.03134	0.01458	0.01694	0.01331	0.01861	0.09078	0.01084	0.03399	0.02036	0.63197	0.02616	0.02295	0.01667	0.00865	0.00708	0.00216	0.00683	0.00687	0.00823	0.01168
80	0.10633	0.06728	0.02879	0.02132	0.02647	0.19651	0.31609	0.02248	0.01664	0.02155	0.01556	0.09827	0.01404	0.00826	0.00728	0.00223	0.01032	0.00797	0.00401	0.00859
81	0.00999	0.00727	0.00939	0.00886	0.01058	0.00668	0.00665	0.01326	0.01994	0.02803	0.66634	0.05405	0.10275	0.01475	0.00840	0.00225	0.00337	0.01300	0.00777	0.00668
82	0.01904	0.75404	0.03731	0.01218	0.01828	0.02818	0.01218	0.02132	0.01447	0.01675	0.00990	0.01142	0.00914	0.00609	0.00457	0.00152	0.00761	0.00381	0.00305	0.00914
83	0.02597	0.01068	0.01453	0.01206	0.01631	0.00937	0.00967	0.02849	0.01894	0.52782	0.05264	0.16178	0.02579	0.01201	0.00768	0.00238	0.00564	0.03947	0.00827	0.01051
84	0.01017	0.00763	0.01144	0.01144	0.01272	0.00890	0.00890	0.01272	0.01144	0.01653	0.01907	0.02797	0.01780	0.05340	0.72153	0.01144	0.01907	0.00763	0.00381	0.00636
85	0.00860	0.00715	0.00751	0.00756	0.00976	0.00607	0.00562	0.01052	0.01645	0.02009	0.13239	0.11032	0.59756	0.01796	0.00846	0.00242	0.00362	0.01515	0.00673	0.00607
86	0.02827	0.01656	0.01909	0.01480	0.02030	0.01724	0.01217	0.38213	0.07747	0.30246	0.02226	0.02058	0.01497	0.00873	0.00715	0.00218	0.00698	0.00682	0.00779	0.01205
87	0.80005	0.01377	0.01047	0.00936	0.01377	0.01597	0.00771	0.02093	0.01212	0.03195	0.00991	0.01157	0.00771	0.00661	0.00441	0.00220	0.00551	0.00386	0.00441	0.00771
88	0.01321	0.01228	0.01598	0.09539	0.01911	0.06617	0.01227	0.01568	0.01227	0.01695	0.01515	0.02253	0.01397	0.03383	0.40143	0.00748	0.20883	0.00688	0.00354	0.00706
89	0.01868	0.70062	0.08763	0.01279	0.01921	0.02731	0.01324	0.02141	0.01451	0.01718	0.01011	0.01169	0.00913	0.00614	0.00473	0.00158	0.00783	0.00392	0.00304	0.00924
90	0.01623	0.01497	0.01959	0.17628	0.02475	0.08650	0.05387	0.01862	0.01346	0.06150	0.01440	0.02280	0.01321	0.14438	0.03873	0.00365	0.25861	0.00706	0.00381	0.00758
91	0.02165	0.44405	0.02983	0.01432	0.01962	0.19700	0.01265	0.09451	0.06839	0.02088	0.01236	0.01350	0.01040	0.00692	0.00549	0.00173	0.00877	0.00459	0.00395	0.00940
92	0.01078	0.00770	0.01068	0.01232	0.01365	0.00760	0.01027	0.01355	0.01571	0.02053	0.03809	0.24535	0.04250	0.02033	0.00965	0.00318	0.00595	0.49923	0.00657	0.00636
93	0.01428	0.03683	0.71286	0.02030	0.03082	0.01654	0.02631	0.02255	0.01503	0.02255	0.01278	0.01503	0.00902	0.00677	0.00677	0.00226	0.01052	0.00526	0.00301	0.01052
94	0.01120	0.00736	0.00943	0.00923	0.01091	0.00670	0.00675	0.01372	0.01784	0.07531	0.40038	0.21843	0.12628	0.04208	0.00945	0.00257	0.00390	0.01436	0.00736	0.00674
95	0.00849	0.00692	0.00751	0.00798	0.00982	0.00595	0.00575	0.01013	0.01549	0.01893	0.06277	0.26112	0.51590	0.01925	0.00861	0.00254	0.00376	0.01651	0.00661	0.00595
96	0.01760	0.22649	0.35525	0.01875	0.02702	0.02061	0.10001	0.11128	0.01759	0.02403	0.01278	0.01484	0.00969	0.00673	0.00642	0.00206	0.00955	0.00540	0.00365	0.01025
97	0.01734	0.32635	0.13189	0.01551	0.05084	0.08437	0.01425	0.05949	0.01558	0.01962	0.01318	0.01660	0.01142	0.01753	0.17301	0.00405	0.01127	0.00527	0.00354	0.00889
98	0.17454	0.24988	0.15660	0.01600	0.04109	0.12695	0.03796	0.08136	0.01680	0.02387	0.01152	0.01331	0.00922	0.00673	0.00567	0.00195	0.00874	0.00468	0.00380	0.00933
99	0.32871	0.23346	0.06828	0.01293	0.01828	0.11537	0.01174	0.09682	0.01650	0.02641	0.01106	0.01256	0.00891	0.00679	0.00519	0.00195	0.00771	0.00432	0.00412	0.00889
100	0.00926	0.00757	0.00826	0.00843	0.01051	0.00681	0.00626	0.01227	0.05701	0.02062	0.12152	0.17632	0.47548	0.01796	0.00850	0.00250	0.00388	0.03372	0.00676	0.00637
101	0.02698	0.01648	0.01882	0.01472	0.02002	0.01734	0.01206	0.38382	0.09647	0.25363	0.04903	0.02177	0.01704	0.00899	0.00720	0.00219	0.00687	0.00707	0.00770	0.01181
102	0.01283	0.01151	0.01603	0.01485	0.01525	0.01487	0.01189	0.01452	0.01192	0.01739	0.01953	0.16174	0.02130	0.06547	0.12325	0.00454	0.38882	0.06314	0.00423	0.00689
103	0.01048	0.00755	0.00858	0.00815	0.01051	0.00653	0.00617	0.01286	0.01781	0.06659	0.27975	0.06056	0.44622	0.01628	0.00833	0.00234	0.00368	0.01381	0.00716	0.00664
