[name]
unknown

[dist]
# distance from previous block
# <min> <max>
0	26

[block]
# block no. 0 follows, 28 sequences, length 89
# corresponding to MSA columns:
# 26-49,76-140
name=unknown_A
#
# <colnr> <probs for GDERKNQSTAVLIFYWHMCP>
#	G	D	E	R	K	N	Q	S	T	A	V	L	I	F	Y	W	H	M	C	P
0	0.01507	0.00901	0.01254	0.01331	0.01562	0.00874	0.01155	0.01833	0.01739	0.13148	0.03691	0.07279	0.03800	0.01830	0.00960	0.00317	0.00661	0.54689	0.00706	0.00761
1	0.07510	0.01874	0.01881	0.01551	0.02041	0.07230	0.01264	0.38452	0.13758	0.03696	0.02047	0.02481	0.01640	0.00971	0.00726	0.00229	0.00763	0.07170	0.00667	0.04052
2	0.00948	0.00729	0.00867	0.00855	0.01042	0.00648	0.00633	0.01207	0.01834	0.02437	0.38666	0.12991	0.31106	0.01705	0.00865	0.00242	0.00361	0.01476	0.00739	0.00648
3	0.79588	0.01406	0.01068	0.00956	0.01406	0.01631	0.00787	0.02137	0.01237	0.03261	0.01012	0.01181	0.00787	0.00675	0.00450	0.00225	0.00562	0.00394	0.00450	0.00787
4	0.01449	0.01100	0.01174	0.01074	0.01413	0.01115	0.00831	0.02361	0.27444	0.08777	0.05249	0.04926	0.37361	0.01424	0.00801	0.00244	0.00471	0.01185	0.00721	0.00878
5	0.01507	0.01292	0.01507	0.01077	0.01723	0.00969	0.00861	0.01830	0.01507	0.02369	0.01292	0.01507	0.01077	0.00538	0.00538	0.00108	0.00538	0.00431	0.00431	0.78898
6	0.00960	0.00722	0.00889	0.00887	0.01054	0.00650	0.00650	0.01224	0.01836	0.02483	0.41969	0.18099	0.22480	0.01718	0.00870	0.00245	0.00363	0.01505	0.00746	0.00650
7	0.01799	0.01727	0.02950	0.04462	0.69919	0.01727	0.02231	0.02231	0.01655	0.02375	0.01367	0.01799	0.01151	0.00648	0.00720	0.00216	0.00864	0.00648	0.00360	0.01151
8	0.00886	0.00633	0.00843	0.01012	0.01054	0.00590	0.00675	0.01012	0.01392	0.01856	0.04006	0.73979	0.04808	0.02277	0.00928	0.00295	0.00422	0.02066	0.00675	0.00590
9	0.00921	0.00673	0.00888	0.00999	0.01074	0.00656	0.00690	0.01069	0.01357	0.01809	0.03864	0.50536	0.10495	0.07223	0.13643	0.00471	0.00705	0.01724	0.00610	0.00594
10	0.01147	0.00928	0.01335	0.01273	0.01365	0.01143	0.00993	0.01361	0.01146	0.01671	0.01790	0.02804	0.01734	0.11641	0.51308	0.00957	0.15588	0.00779	0.00381	0.00656
11	0.01458	0.03760	0.70688	0.02072	0.03146	0.01688	0.02686	0.02302	0.01535	0.02302	0.01304	0.01535	0.00921	0.00691	0.00691	0.00230	0.01074	0.00537	0.00307	0.01074
12	0.73729	0.01454	0.01153	0.01011	0.01470	0.01678	0.00833	0.07121	0.01403	0.03362	0.01068	0.01224	0.00821	0.00690	0.00471	0.00224	0.00580	0.00414	0.00471	0.00821
13	0.00869	0.00697	0.00777	0.00841	0.01009	0.00605	0.00599	0.01031	0.01557	0.01923	0.06096	0.32298	0.45141	0.02006	0.00885	0.00264	0.00388	0.01735	0.00675	0.00605
14	0.79588	0.01406	0.01068	0.00956	0.01406	0.01631	0.00787	0.02137	0.01237	0.03261	0.01012	0.01181	0.00787	0.00675	0.00450	0.00225	0.00562	0.00394	0.00450	0.00787
15	0.01590	0.01590	0.02226	0.01908	0.01908	0.02226	0.01590	0.01749	0.01113	0.01749	0.00954	0.01590	0.00954	0.01272	0.02385	0.00318	0.73123	0.00636	0.00318	0.00795
16	0.01286	0.01092	0.01153	0.01076	0.01384	0.01136	0.00824	0.02293	0.30520	0.02531	0.12247	0.04981	0.33764	0.01434	0.00807	0.00244	0.00455	0.01204	0.00716	0.00853
17	0.00982	0.00741	0.00907	0.00866	0.01057	0.00666	0.00649	0.01282	0.01948	0.02654	0.52513	0.05859	0.24044	0.01583	0.00858	0.00233	0.00350	0.01375	0.00766	0.00666
18	0.01993	0.01653	0.01748	0.01517	0.01961	0.01894	0.01195	0.16171	0.55997	0.03339	0.02724	0.02525	0.02029	0.00964	0.00737	0.00241	0.00619	0.00789	0.00737	0.01167
19	0.01278	0.00804	0.01020	0.00931	0.01164	0.00721	0.00711	0.01586	0.01991	0.11183	0.50461	0.05331	0.17076	0.01474	0.00842	0.00231	0.00382	0.01280	0.00791	0.00742
20	0.01458	0.03760	0.70688	0.02072	0.03146	0.01688	0.02686	0.02302	0.01535	0.02302	0.01304	0.01535	0.00921	0.00691	0.00691	0.00230	0.01074	0.00537	0.00307	0.01074
21	0.01307	0.01042	0.01200	0.01207	0.01456	0.01090	0.00951	0.04810	0.21424	0.02428	0.04260	0.18565	0.17244	0.01675	0.00870	0.00278	0.00537	0.18154	0.00695	0.00809
22	0.01760	0.01738	0.03172	0.03969	0.51301	0.01709	0.17591	0.02231	0.01664	0.02378	0.01434	0.01876	0.01170	0.00648	0.00743	0.00221	0.00927	0.00699	0.03677	0.01091
23	0.02584	0.02248	0.02059	0.08881	0.02466	0.21419	0.01405	0.31817	0.07683	0.09688	0.01725	0.01787	0.01254	0.00835	0.00708	0.00215	0.00926	0.00622	0.00605	0.01076
24	0.61361	0.01555	0.01332	0.01126	0.01607	0.01779	0.00928	0.17644	0.01754	0.03574	0.01186	0.01315	0.00894	0.00722	0.00516	0.00223	0.00619	0.00455	0.00516	0.00894
25	0.01561	0.18033	0.20342	0.01631	0.02219	0.08209	0.08934	0.01990	0.01640	0.02101	0.08741	0.05725	0.11690	0.01001	0.00760	0.00219	0.03064	0.00822	0.00438	0.00878
26	0.00986	0.00726	0.00931	0.01027	0.01125	0.00703	0.00713	0.01305	0.06657	0.02167	0.17591	0.54250	0.05038	0.02014	0.00899	0.00278	0.00417	0.01815	0.00706	0.00653
27	0.01022	0.00761	0.01120	0.01133	0.01257	0.00859	0.00868	0.01275	0.01259	0.01798	0.07310	0.10264	0.02505	0.04827	0.59016	0.01008	0.01670	0.00950	0.00450	0.00646
28	0.01373	0.01292	0.02180	0.72707	0.05006	0.01615	0.02019	0.01857	0.01453	0.01857	0.01292	0.01938	0.00969	0.00727	0.00727	0.00242	0.00969	0.00646	0.00323	0.00807
29	0.79588	0.01406	0.01068	0.00956	0.01406	0.01631	0.00787	0.02137	0.01237	0.03261	0.01012	0.01181	0.00787	0.00675	0.00450	0.00225	0.00562	0.00394	0.00450	0.00787
30	0.01632	0.01390	0.01484	0.01347	0.01714	0.01568	0.01043	0.03316	0.54696	0.02936	0.11739	0.03407	0.08338	0.01120	0.00764	0.00244	0.00529	0.00943	0.00742	0.01048
31	0.00886	0.00633	0.00843	0.01012	0.01054	0.00590	0.00675	0.01012	0.01392	0.01856	0.04006	0.73979	0.04808	0.02277	0.00928	0.00295	0.00422	0.02066	0.00675	0.00590
32	0.08145	0.01546	0.12456	0.01314	0.01780	0.01217	0.01190	0.02522	0.14934	0.19466	0.05127	0.16575	0.08219	0.01230	0.00756	0.00246	0.00611	0.01036	0.00670	0.00962
33	0.02236	0.02667	0.01838	0.01669	0.01918	0.48084	0.01244	0.02383	0.01733	0.01703	0.01325	0.02017	0.01269	0.15079	0.01488	0.00306	0.11297	0.00606	0.00379	0.00758
34	0.01853	0.00911	0.01195	0.01025	0.01334	0.00821	0.00803	0.02173	0.02012	0.26806	0.39111	0.04107	0.04560	0.01214	0.00777	0.00221	0.00440	0.01043	0.08714	0.00880
35	0.01458	0.03760	0.70688	0.02072	0.03146	0.01688	0.02686	0.02302	0.01535	0.02302	0.01304	0.01535	0.00921	0.00691	0.00691	0.00230	0.01074	0.00537	0.00307	0.01074
36	0.01943	0.74891	0.03809	0.01244	0.01866	0.02876	0.01244	0.02177	0.01477	0.01710	0.01011	0.01166	0.00933	0.00622	0.00466	0.00155	0.00777	0.00389	0.00311	0.00933
37	0.02677	0.03384	0.02042	0.01856	0.02232	0.68577	0.01394	0.02943	0.04883	0.01833	0.01201	0.01370	0.00991	0.00759	0.00659	0.00190	0.01280	0.00483	0.00390	0.00856
38	0.01171	0.00837	0.01171	0.01339	0.01506	0.00837	0.01171	0.01506	0.01673	0.02175	0.03849	0.08199	0.04183	0.02008	0.01004	0.00335	0.00669	0.65027	0.00669	0.00669
39	0.02715	0.03464	0.02060	0.01873	0.02247	0.71536	0.01404	0.02903	0.02060	0.01779	0.01124	0.01311	0.00936	0.00749	0.00655	0.00187	0.01311	0.00468	0.00375	0.00843
40	0.01270	0.00677	0.00699	0.00716	0.00878	0.00664	0.00528	0.01575	0.01521	0.02566	0.02918	0.10264	0.07329	0.01068	0.00577	0.00188	0.00349	0.00884	0.64664	0.00664
41	0.00926	0.00661	0.00890	0.01058	0.01118	0.00625	0.00745	0.01082	0.01431	0.01901	0.03984	0.64725	0.04720	0.02239	0.00939	0.00301	0.00457	0.10924	0.00674	0.00602
42	0.00926	0.00674	0.00882	0.01034	0.01116	0.00630	0.00738	0.01090	0.01461	0.01915	0.04323	0.57197	0.11286	0.02192	0.00932	0.00296	0.00454	0.11574	0.00674	0.00605
43	0.01575	0.06525	0.47052	0.02078	0.02975	0.01729	0.12765	0.06464	0.01723	0.02473	0.06549	0.01896	0.01424	0.00747	0.00722	0.00228	0.01011	0.00649	0.00382	0.01033
44	0.23960	0.02213	0.01748	0.01532	0.01921	0.25061	0.01207	0.10734	0.12600	0.02741	0.01447	0.01582	0.01140	0.00835	0.00798	0.00225	0.08298	0.00545	0.00492	0.00921
45	0.01088	0.00805	0.01023	0.00958	0.01147	0.00771	0.00721	0.01562	0.07133	0.02925	0.64458	0.05223	0.06505	0.01448	0.00848	0.00230	0.00361	0.01277	0.00796	0.00721
46	0.01992	0.01812	0.01710	0.01504	0.01909	0.11566	0.01171	0.12580	0.43007	0.03071	0.09433	0.02658	0.02379	0.00988	0.00738	0.00232	0.00687	0.00799	0.00693	0.01071
47	0.01253	0.00843	0.01145	0.08285	0.01586	0.00834	0.00916	0.01566	0.01782	0.07072	0.31789	0.07210	0.07120	0.07048	0.01068	0.00288	0.00524	0.14558	0.04405	0.00708
48	0.01617	0.01333	0.01464	0.01314	0.01660	0.01484	0.01019	0.06429	0.44566	0.03083	0.23524	0.03503	0.03605	0.01135	0.00775	0.00240	0.00515	0.00966	0.00758	0.01011
49	0.01708	0.01283	0.01829	0.02052	0.14899	0.01399	0.01436	0.06990	0.03883	0.09254	0.02524	0.04394	0.02435	0.01559	0.04483	0.00326	0.12419	0.25659	0.00570	0.00898
50	0.01677	0.01624	0.02828	0.22970	0.47934	0.01704	0.06398	0.02135	0.01604	0.02231	0.01353	0.01847	0.01099	0.00667	0.00731	0.00225	0.00916	0.00661	0.00350	0.01047
51	0.02006	0.69335	0.03685	0.01276	0.01895	0.02829	0.01254	0.07158	0.01625	0.01929	0.01067	0.01210	0.00956	0.00641	0.00486	0.00160	0.00779	0.00409	0.00343	0.00956
52	0.79588	0.01406	0.01068	0.00956	0.01406	0.01631	0.00787	0.02137	0.01237	0.03261	0.01012	0.01181	0.00787	0.00675	0.00450	0.00225	0.00562	0.00394	0.00450	0.00787
53	0.01687	0.01628	0.02819	0.21746	0.50258	0.01704	0.05283	0.02141	0.01607	0.02241	0.01353	0.01842	0.01103	0.00666	0.00728	0.00224	0.00908	0.00657	0.00351	0.01056
54	0.01793	0.01469	0.02302	0.01776	0.02296	0.01427	0.20522	0.02684	0.20495	0.11072	0.12979	0.02729	0.02423	0.00883	0.00764	0.00221	0.00730	0.00845	0.00616	0.11975
55	0.01148	0.00903	0.01062	0.01055	0.01260	0.00910	0.00787	0.01798	0.16814	0.02499	0.25641	0.21973	0.15348	0.01647	0.00855	0.00256	0.00433	0.04126	0.00730	0.00755
56	0.02230	0.01340	0.01649	0.01366	0.01760	0.01378	0.01091	0.17323	0.05287	0.24146	0.05051	0.16098	0.02323	0.01197	0.00926	0.00239	0.07956	0.00966	0.00710	0.06965
57	0.00886	0.00633	0.00843	0.01012	0.01054	0.00590	0.00675	0.01012	0.01392	0.01856	0.04006	0.73979	0.04808	0.02277	0.00928	0.00295	0.00422	0.02066	0.00675	0.00590
58	0.01484	0.03578	0.63954	0.02172	0.03212	0.01703	0.09236	0.02305	0.01553	0.02305	0.01321	0.01578	0.00939	0.00683	0.00708	0.00232	0.01090	0.00570	0.00313	0.01065
59	0.01652	0.01859	0.04026	0.02907	0.03590	0.01743	0.62200	0.02228	0.01691	0.02292	0.01664	0.07453	0.01385	0.00740	0.00863	0.00249	0.01164	0.00950	0.00391	0.00951
60	0.01075	0.00734	0.00930	0.00881	0.01052	0.00685	0.00661	0.01417	0.01983	0.02886	0.60086	0.05047	0.06156	0.01396	0.00808	0.00220	0.00342	0.01225	0.11730	0.00685
61	0.01042	0.00765	0.01096	0.01096	0.01201	0.00869	0.00818	0.01252	0.01147	0.01634	0.02013	0.03222	0.01976	0.18747	0.58495	0.01079	0.01708	0.00832	0.00399	0.00609
62	0.00882	0.00697	0.00795	0.00855	0.01017	0.00610	0.00609	0.01056	0.01586	0.01995	0.10821	0.32493	0.40050	0.01981	0.00885	0.00263	0.00387	0.01721	0.00684	0.00610
63	0.01373	0.01292	0.02180	0.72707	0.05006	0.01615	0.02019	0.01857	0.01453	0.01857	0.01292	0.01938	0.00969	0.00727	0.00727	0.00242	0.00969	0.00646	0.00323	0.00807
64	0.79588	0.01406	0.01068	0.00956	0.01406	0.01631	0.00787	0.02137	0.01237	0.03261	0.01012	0.01181	0.00787	0.00675	0.00450	0.00225	0.00562	0.00394	0.00450	0.00787
65	0.22004	0.01709	0.01751	0.01391	0.01924	0.05053	0.01141	0.29070	0.02412	0.23780	0.01869	0.01802	0.01278	0.00826	0.00656	0.00220	0.00711	0.00604	0.00693	0.01106
66	0.01918	0.01975	0.03882	0.02795	0.03500	0.01919	0.54533	0.14933	0.02045	0.02764	0.01524	0.01919	0.01129	0.00663	0.00833	0.00240	0.01143	0.00819	0.00437	0.01030
67	0.00919	0.00739	0.00820	0.00799	0.01019	0.00639	0.00600	0.01160	0.01799	0.02301	0.29386	0.06441	0.47392	0.01715	0.00858	0.00239	0.00359	0.01456	0.00719	0.00639
68	0.01759	0.01570	0.02469	0.34498	0.21292	0.01749	0.05908	0.14653	0.01900	0.02549	0.01498	0.04183	0.01200	0.00777	0.00739	0.00233	0.00907	0.00707	0.00425	0.00984
69	0.01040	0.00697	0.00798	0.00815	0.00819	0.00693	0.00464	0.01053	0.01091	0.01455	0.02464	0.11776	0.02862	0.67135	0.03419	0.00663	0.00676	0.01159	0.00464	0.00456
70	0.01239	0.00925	0.01122	0.01166	0.01389	0.00951	0.00960	0.01853	0.13552	0.02377	0.08058	0.06094	0.14192	0.01779	0.03552	0.00313	0.00599	0.30456	0.08676	0.00747
71	0.00915	0.00739	0.00814	0.00796	0.01016	0.00638	0.00597	0.01152	0.01790	0.02279	0.28004	0.06476	0.48787	0.01723	0.00859	0.00240	0.00360	0.01461	0.00717	0.00638
72	0.01039	0.00697	0.00798	0.00816	0.00821	0.00692	0.00466	0.01052	0.01093	0.01457	0.02474	0.12182	0.02875	0.66712	0.03402	0.00661	0.00674	0.01165	0.00466	0.00457
73	0.01507	0.01292	0.01507	0.01077	0.01723	0.00969	0.00861	0.01830	0.01507	0.02369	0.01292	0.01507	0.01077	0.00538	0.00538	0.00108	0.00538	0.00431	0.00431	0.78898
74	0.01943	0.74891	0.03809	0.01244	0.01866	0.02876	0.01244	0.02177	0.01477	0.01710	0.01011	0.01166	0.00933	0.00622	0.00466	0.00155	0.00777	0.00389	0.00311	0.00933
75	0.01171	0.00837	0.01171	0.01339	0.01506	0.00837	0.01171	0.01506	0.01673	0.02175	0.03849	0.08199	0.04183	0.02008	0.01004	0.00335	0.00669	0.65027	0.00669	0.00669
76	0.00886	0.00633	0.00843	0.01012	0.01054	0.00590	0.00675	0.01012	0.01392	0.01856	0.04006	0.73979	0.04808	0.02277	0.00928	0.00295	0.00422	0.02066	0.00675	0.00590
77	0.01474	0.01395	0.02363	0.56520	0.20402	0.01642	0.02069	0.01946	0.01501	0.01980	0.01310	0.01905	0.01012	0.00708	0.00725	0.00236	0.00944	0.00646	0.00332	0.00889
78	0.01600	0.01633	0.01905	0.01691	0.01775	0.11615	0.01365	0.01782	0.01258	0.01728	0.01257	0.01955	0.01212	0.04605	0.18559	0.00514	0.43784	0.00660	0.00347	0.00756
79	0.03187	0.01356	0.01761	0.01350	0.01915	0.01245	0.01115	0.13081	0.02280	0.60603	0.02700	0.02365	0.01715	0.00896	0.00730	0.00224	0.00646	0.00720	0.00874	0.01237
80	0.01507	0.01292	0.01507	0.01077	0.01723	0.00969	0.00861	0.01830	0.01507	0.02369	0.01292	0.01507	0.01077	0.00538	0.00538	0.00108	0.00538	0.00431	0.00431	0.78898
81	0.01078	0.00787	0.01006	0.01091	0.01247	0.00757	0.00885	0.01331	0.01610	0.02086	0.10939	0.07132	0.16865	0.13571	0.01395	0.00366	0.00584	0.36000	0.00647	0.00623
82	0.01057	0.00705	0.00793	0.00793	0.00793	0.00705	0.00440	0.01057	0.01057	0.01409	0.02290	0.04757	0.02643	0.74454	0.03700	0.00705	0.00705	0.01057	0.00440	0.00440
83	0.01731	0.01657	0.02827	0.15434	0.59482	0.01709	0.02197	0.02171	0.01623	0.02292	0.01355	0.01821	0.01122	0.00660	0.00721	0.00220	0.00881	0.00647	0.00354	0.01096
84	0.05976	0.00966	0.01478	0.01358	0.01608	0.00920	0.11130	0.01489	0.01586	0.04364	0.08001	0.30365	0.12244	0.01717	0.00883	0.00278	0.00597	0.13706	0.00628	0.00708
85	0.02668	0.02057	0.01788	0.01538	0.01972	0.26299	0.01225	0.10428	0.02176	0.27324	0.04414	0.02805	0.01896	0.01004	0.00743	0.00225	0.00884	0.08889	0.00660	0.01006
86	0.02172	0.13313	0.02707	0.04602	0.18366	0.01634	0.11250	0.02543	0.01730	0.21602	0.01740	0.01878	0.01277	0.00698	0.00678	0.00199	0.00793	0.00632	0.00515	0.11669
87	0.05835	0.01865	0.02356	0.08082	0.34046	0.11483	0.01734	0.08846	0.04009	0.09930	0.01749	0.01970	0.03342	0.00766	0.00705	0.00217	0.00862	0.00653	0.00480	0.01066
88	0.02291	0.22159	0.02802	0.02505	0.27162	0.04333	0.01585	0.07769	0.01860	0.18327	0.01642	0.01759	0.01242	0.00721	0.00650	0.00200	0.00792	0.00589	0.00503	0.01107

[dist]
# distance from previous block
# <min> <max>
6	11

[block]
# block no. 1 follows, 28 sequences, length 11
# corresponding to MSA columns:
# 152-162
name=unknown_B
#
# <colnr> <probs for GDERKNQSTAVLIFYWHMCP>
#	G	D	E	R	K	N	Q	S	T	A	V	L	I	F	Y	W	H	M	C	P
0	0.01765	0.01614	0.01790	0.05364	0.02097	0.12793	0.07199	0.05706	0.07112	0.06154	0.02752	0.03677	0.09946	0.01109	0.00764	0.00225	0.00779	0.13442	0.00553	0.15159
1	0.01529	0.01430	0.02310	0.31269	0.18152	0.01560	0.07502	0.02200	0.10528	0.02299	0.08041	0.02321	0.01754	0.00796	0.00740	0.00228	0.00832	0.00740	0.00442	0.05324
2	0.05679	0.01353	0.02133	0.30865	0.11188	0.01471	0.06806	0.01890	0.01523	0.02180	0.04701	0.02513	0.01565	0.00856	0.00815	0.00230	0.04843	0.06314	0.00407	0.12666
3	0.09280	0.01358	0.01823	0.01386	0.01964	0.01222	0.07077	0.02901	0.07094	0.35754	0.02186	0.02088	0.01497	0.00769	0.00670	0.00199	0.00646	0.00644	0.00680	0.20763
4	0.01319	0.01116	0.01842	0.01617	0.01913	0.01086	0.16254	0.04706	0.01695	0.02240	0.06297	0.09423	0.06948	0.10132	0.01255	0.00340	0.00762	0.29738	0.00582	0.00734
5	0.01836	0.01587	0.09823	0.01383	0.01859	0.05723	0.06674	0.02154	0.01637	0.17061	0.08138	0.02857	0.02101	0.17786	0.01392	0.00314	0.00749	0.00773	0.00546	0.15608
6	0.01885	0.01247	0.01449	0.01359	0.01658	0.06644	0.01121	0.02360	0.08601	0.19369	0.11725	0.04948	0.03306	0.01420	0.00937	0.00272	0.04574	0.25534	0.00709	0.00883
7	0.01641	0.01696	0.02238	0.47305	0.10180	0.12285	0.01894	0.02037	0.01523	0.01880	0.01233	0.01789	0.00979	0.00788	0.00912	0.00241	0.09582	0.00618	0.00334	0.00843
8	0.02195	0.01381	0.03761	0.17747	0.02558	0.01303	0.01283	0.08668	0.03888	0.26642	0.02017	0.02240	0.01465	0.05968	0.00902	0.00241	0.00719	0.00668	0.00607	0.15747
9	0.16231	0.01297	0.01835	0.37027	0.07031	0.01540	0.01547	0.01920	0.01465	0.05442	0.04931	0.02302	0.06098	0.00885	0.00842	0.00243	0.07422	0.00696	0.00423	0.00823
10	0.09259	0.01621	0.01856	0.12304	0.02400	0.10860	0.07300	0.12816	0.01981	0.06302	0.05757	0.03440	0.09505	0.01098	0.00765	0.00242	0.00811	0.10253	0.00558	0.00872

[dist]
# distance from previous block
# <min> <max>
0	32

# created by:
# /home/berkeley/.conda/envs/busco_data_prod/bin/msa2prfl.pl pipeline/OGs_align_augustus/5794/17586.fs
