[name]
unknown

[dist]
# distance from previous block
# <min> <max>
6	75

[block]
# block no. 0 follows, 28 sequences, length 11
# corresponding to MSA columns:
# 124-134
name=unknown_A
#
# <colnr> <probs for GDERKNQSTAVLIFYWHMCP>
#	G	D	E	R	K	N	Q	S	T	A	V	L	I	F	Y	W	H	M	C	P
0	0.01597	0.06763	0.18112	0.01981	0.02473	0.01839	0.14349	0.05255	0.05093	0.02255	0.03812	0.06253	0.01623	0.01037	0.01214	0.00262	0.20818	0.03923	0.00420	0.00922
1	0.05272	0.06321	0.07937	0.01593	0.06563	0.01565	0.01272	0.22087	0.04727	0.09817	0.02585	0.19165	0.05598	0.01206	0.00750	0.00237	0.00678	0.01009	0.00629	0.00989
2	0.05940	0.01858	0.05783	0.11879	0.09862	0.14778	0.01461	0.05879	0.04462	0.10656	0.05372	0.10374	0.01889	0.01012	0.00834	0.00234	0.05476	0.00811	0.00517	0.00924
3	0.12840	0.22994	0.02185	0.05819	0.01903	0.05261	0.01108	0.12878	0.01772	0.05395	0.01552	0.04617	0.01362	0.06768	0.03656	0.00273	0.00781	0.00614	0.03218	0.05002
4	0.05733	0.13831	0.02118	0.11758	0.11753	0.03875	0.01323	0.05619	0.09277	0.04839	0.11318	0.08304	0.02314	0.00967	0.00694	0.00217	0.00695	0.00811	0.00524	0.04031
5	0.01590	0.01590	0.02226	0.01908	0.01908	0.02226	0.01590	0.01749	0.01113	0.01749	0.00954	0.01590	0.00954	0.01272	0.02385	0.00318	0.73123	0.00636	0.00318	0.00795
6	0.21657	0.01701	0.05988	0.04123	0.14871	0.04600	0.04745	0.05563	0.10437	0.05275	0.01960	0.05808	0.04707	0.00904	0.00761	0.00236	0.04488	0.00723	0.00498	0.00955
7	0.01526	0.13789	0.61258	0.01955	0.02966	0.01856	0.02482	0.02284	0.01527	0.02219	0.01263	0.01483	0.00923	0.00681	0.00659	0.00220	0.01032	0.00516	0.00308	0.01054
8	0.13293	0.14091	0.07007	0.01572	0.02110	0.18267	0.05082	0.10823	0.01924	0.13209	0.01516	0.01636	0.01141	0.00977	0.04120	0.00252	0.00954	0.00552	0.00498	0.00976
9	0.01826	0.01541	0.02150	0.01822	0.01901	0.02063	0.01517	0.02002	0.01250	0.11431	0.01224	0.01715	0.01073	0.01220	0.02152	0.00305	0.62901	0.00650	0.00400	0.00857
10	0.01455	0.01212	0.01440	0.01634	0.10901	0.04770	0.01049	0.09331	0.08085	0.02317	0.03046	0.27572	0.06401	0.11821	0.01236	0.00323	0.00641	0.05376	0.00594	0.00795

[dist]
# distance from previous block
# <min> <max>
0	1

[block]
# block no. 1 follows, 28 sequences, length 132
# corresponding to MSA columns:
# 136-267
name=unknown_B
#
# <colnr> <probs for GDERKNQSTAVLIFYWHMCP>
#	G	D	E	R	K	N	Q	S	T	A	V	L	I	F	Y	W	H	M	C	P
0	0.21631	0.01373	0.01429	0.01264	0.01663	0.01504	0.00993	0.09637	0.24112	0.12674	0.02498	0.13939	0.02120	0.01096	0.00695	0.00243	0.00577	0.00888	0.00677	0.00988
1	0.07574	0.11800	0.02606	0.05033	0.05357	0.07185	0.09381	0.32992	0.02436	0.03285	0.01446	0.01628	0.01099	0.00787	0.00760	0.00217	0.04210	0.00611	0.00531	0.01063
2	0.26203	0.01755	0.01902	0.07599	0.07740	0.01966	0.01321	0.36597	0.02439	0.03768	0.01451	0.01592	0.01069	0.00781	0.00641	0.00222	0.00746	0.00573	0.00578	0.01055
3	0.02099	0.26598	0.26575	0.01623	0.02388	0.02115	0.01753	0.15241	0.01954	0.10995	0.01488	0.01571	0.01096	0.00730	0.00629	0.00202	0.00866	0.00535	0.00464	0.01080
4	0.01404	0.01117	0.01257	0.01218	0.01383	0.08656	0.00917	0.01620	0.01482	0.07593	0.09680	0.19075	0.02930	0.06034	0.27573	0.00616	0.05103	0.01094	0.00538	0.00709
5	0.00919	0.00671	0.00854	0.00948	0.01040	0.00618	0.00651	0.01091	0.01544	0.02063	0.17576	0.48748	0.13156	0.05287	0.01029	0.00294	0.00412	0.01804	0.00690	0.00606
6	0.01770	0.01698	0.02898	0.09089	0.65518	0.01720	0.02216	0.02206	0.01641	0.02340	0.01362	0.01808	0.01139	0.00653	0.00720	0.00218	0.00871	0.00648	0.00357	0.01128
7	0.01887	0.01187	0.01398	0.01204	0.01574	0.01205	0.00947	0.07069	0.21669	0.18951	0.23567	0.03834	0.10006	0.01193	0.00784	0.00234	0.00510	0.01008	0.00789	0.00983
8	0.01147	0.00789	0.00924	0.00894	0.01128	0.00698	0.00689	0.01387	0.01769	0.07992	0.22189	0.06241	0.38141	0.04931	0.00990	0.00269	0.00429	0.07995	0.00715	0.00683
9	0.00993	0.00742	0.00922	0.00877	0.01064	0.00671	0.00658	0.01303	0.01974	0.02716	0.56509	0.05758	0.20010	0.01560	0.00858	0.00232	0.00348	0.01361	0.00774	0.00671
10	0.01057	0.00705	0.00793	0.00793	0.00793	0.00705	0.00440	0.01057	0.01057	0.01409	0.02290	0.04757	0.02643	0.74454	0.03700	0.00705	0.00705	0.01057	0.00440	0.00440
11	0.79588	0.01406	0.01068	0.00956	0.01406	0.01631	0.00787	0.02137	0.01237	0.03261	0.01012	0.01181	0.00787	0.00675	0.00450	0.00225	0.00562	0.00394	0.00450	0.00787
12	0.66922	0.01510	0.01252	0.01074	0.01546	0.01733	0.00885	0.12912	0.01597	0.03479	0.01133	0.01274	0.00861	0.00707	0.00496	0.00224	0.00601	0.00437	0.00496	0.00861
13	0.00898	0.00647	0.00855	0.01017	0.01073	0.00603	0.00694	0.01037	0.01416	0.01875	0.04135	0.68082	0.07403	0.02247	0.00929	0.00295	0.00432	0.05093	0.00675	0.00595
14	0.01943	0.74891	0.03809	0.01244	0.01866	0.02876	0.01244	0.02177	0.01477	0.01710	0.01011	0.01166	0.00933	0.00622	0.00466	0.00155	0.00777	0.00389	0.00311	0.00933
15	0.79588	0.01406	0.01068	0.00956	0.01406	0.01631	0.00787	0.02137	0.01237	0.03261	0.01012	0.01181	0.00787	0.00675	0.00450	0.00225	0.00562	0.00394	0.00450	0.00787
16	0.00881	0.00737	0.00767	0.00759	0.00995	0.00623	0.00570	0.01086	0.01709	0.02086	0.15380	0.06794	0.61531	0.01795	0.00859	0.00243	0.00365	0.01506	0.00691	0.00623
17	0.00953	0.00714	0.00888	0.00926	0.01076	0.00649	0.00679	0.01193	0.01739	0.02325	0.31022	0.26369	0.21333	0.01839	0.00887	0.00259	0.00392	0.05393	0.00725	0.00639
18	0.01854	0.01584	0.01670	0.01489	0.01908	0.01830	0.01162	0.06943	0.65450	0.03115	0.02900	0.02665	0.02171	0.00981	0.00739	0.00245	0.00586	0.00814	0.00739	0.01155
19	0.00959	0.00769	0.00876	0.00930	0.01150	0.00685	0.00751	0.01192	0.01662	0.02032	0.06237	0.07382	0.48641	0.01895	0.00906	0.00274	0.00465	0.21893	0.00673	0.00632
20	0.01057	0.00705	0.00793	0.00793	0.00793	0.00705	0.00440	0.01057	0.01057	0.01409	0.02290	0.04757	0.02643	0.74454	0.03700	0.00705	0.00705	0.01057	0.00440	0.00440
21	0.03201	0.01334	0.01747	0.01339	0.01904	0.01212	0.01106	0.11289	0.02242	0.62448	0.02732	0.02386	0.01731	0.00896	0.00731	0.00224	0.00640	0.00722	0.00879	0.01237
22	0.00922	0.00714	0.00841	0.00861	0.01034	0.00632	0.00626	0.01146	0.01729	0.02258	0.27487	0.22208	0.33282	0.01824	0.00875	0.00251	0.00372	0.01585	0.00717	0.00632
23	0.01002	0.00729	0.00943	0.00918	0.01077	0.00670	0.00678	0.01309	0.01952	0.02731	0.58015	0.14247	0.09796	0.01605	0.00866	0.00238	0.00354	0.01422	0.00778	0.00670
24	0.02922	0.01781	0.02023	0.01551	0.02127	0.01875	0.01282	0.47063	0.02990	0.25617	0.02104	0.01978	0.01416	0.00881	0.00728	0.00220	0.00742	0.00679	0.00782	0.01236
25	0.79588	0.01406	0.01068	0.00956	0.01406	0.01631	0.00787	0.02137	0.01237	0.03261	0.01012	0.01181	0.00787	0.00675	0.00450	0.00225	0.00562	0.00394	0.00450	0.00787
26	0.01664	0.00810	0.00875	0.00801	0.01040	0.00798	0.00619	0.04871	0.01681	0.11525	0.02407	0.02637	0.01827	0.00855	0.00547	0.00179	0.00395	0.00683	0.65012	0.00775
27	0.01412	0.00836	0.01102	0.01017	0.01257	0.00764	0.00798	0.01735	0.01998	0.14144	0.47761	0.05324	0.08905	0.01464	0.00853	0.00241	0.00427	0.08392	0.00796	0.00773
28	0.66828	0.01378	0.01172	0.01012	0.01481	0.01537	0.00834	0.02372	0.01378	0.14489	0.01322	0.01397	0.00956	0.00712	0.00497	0.00225	0.00572	0.00450	0.00525	0.00862
29	0.03159	0.01214	0.01654	0.01276	0.01820	0.01051	0.01051	0.03443	0.02079	0.67314	0.05938	0.02610	0.02032	0.00927	0.00737	0.00225	0.00606	0.00758	0.00895	0.01212
30	0.08366	0.08827	0.11007	0.02143	0.15547	0.12626	0.01605	0.08806	0.01886	0.16649	0.01591	0.01709	0.01174	0.00771	0.00742	0.00215	0.04199	0.00580	0.00504	0.01055
31	0.00993	0.00762	0.00875	0.00897	0.01048	0.00717	0.00628	0.01286	0.06099	0.02082	0.16165	0.22918	0.26647	0.13970	0.01343	0.00332	0.00448	0.01502	0.00662	0.00628
32	0.02126	0.05472	0.02045	0.01705	0.05148	0.02045	0.01319	0.25431	0.34377	0.03371	0.02211	0.02171	0.01667	0.00935	0.00850	0.00236	0.06368	0.00720	0.00663	0.01141
33	0.06208	0.01212	0.01430	0.01129	0.01620	0.01071	0.02875	0.02102	0.09684	0.05575	0.06427	0.05430	0.01884	0.00798	0.00612	0.00165	0.00528	0.00666	0.09390	0.41194
34	0.01784	0.01248	0.01675	0.01699	0.10620	0.01237	0.03949	0.16398	0.02058	0.11833	0.07235	0.22945	0.11448	0.01389	0.00813	0.00246	0.00614	0.01220	0.00669	0.00920
35	0.01699	0.01846	0.03785	0.03321	0.20756	0.01755	0.47494	0.02246	0.01697	0.02324	0.01707	0.02144	0.04175	0.00677	0.00822	0.00238	0.01094	0.00834	0.00379	0.01008
36	0.01118	0.00889	0.01026	0.01002	0.01225	0.00875	0.00756	0.01717	0.14603	0.02506	0.28146	0.13865	0.23547	0.01611	0.00850	0.00250	0.00418	0.04123	0.00732	0.00742
37	0.00939	0.00706	0.00829	0.00859	0.00993	0.00640	0.00597	0.01115	0.01583	0.02067	0.20278	0.23521	0.26949	0.14009	0.01351	0.00331	0.00432	0.01540	0.00665	0.00596
38	0.01372	0.01040	0.01114	0.01051	0.01330	0.01074	0.00820	0.07488	0.17486	0.02560	0.04356	0.04847	0.25753	0.05110	0.00922	0.00264	0.00500	0.08335	0.13777	0.00801
39	0.00903	0.00725	0.00806	0.00814	0.01016	0.00628	0.00600	0.01117	0.01718	0.02176	0.21696	0.15261	0.46361	0.01813	0.00868	0.00248	0.00369	0.01551	0.00705	0.00628
40	0.46966	0.01385	0.01218	0.01067	0.01482	0.01574	0.00862	0.10704	0.09914	0.03312	0.01575	0.01699	0.01202	0.00768	0.00531	0.00217	0.00557	0.00528	0.13568	0.00872
41	0.01000	0.00744	0.00929	0.00995	0.01134	0.00702	0.00739	0.01272	0.03678	0.02179	0.19367	0.28848	0.16792	0.06239	0.01072	0.00301	0.00457	0.12225	0.00690	0.00638
42	0.79588	0.01406	0.01068	0.00956	0.01406	0.01631	0.00787	0.02137	0.01237	0.03261	0.01012	0.01181	0.00787	0.00675	0.00450	0.00225	0.00562	0.00394	0.00450	0.00787
43	0.02617	0.02806	0.02044	0.01765	0.02205	0.42380	0.01366	0.22149	0.10707	0.02765	0.01535	0.01613	0.01184	0.00815	0.00687	0.00204	0.01068	0.00567	0.00524	0.00997
44	0.00899	0.00642	0.00859	0.01028	0.01076	0.00602	0.00699	0.01036	0.01405	0.01871	0.03999	0.70795	0.04777	0.02264	0.00931	0.00297	0.00434	0.05114	0.00675	0.00594
45	0.00919	0.00661	0.00819	0.00930	0.00989	0.00618	0.00609	0.01026	0.01353	0.01773	0.04064	0.50501	0.12602	0.17800	0.01517	0.00377	0.00476	0.01781	0.00624	0.00561
46	0.07815	0.01247	0.01650	0.01273	0.01829	0.01102	0.01052	0.03459	0.02030	0.66416	0.02757	0.02397	0.01739	0.00886	0.00714	0.00225	0.00615	0.00711	0.00873	0.01210
47	0.02278	0.44694	0.03109	0.01456	0.02027	0.14039	0.01305	0.18812	0.02064	0.02447	0.01215	0.01336	0.01010	0.00706	0.00564	0.00177	0.00871	0.00469	0.00427	0.00995
48	0.07129	0.01281	0.01677	0.01293	0.01850	0.01150	0.01068	0.06309	0.02097	0.64078	0.02723	0.02376	0.01723	0.00887	0.00716	0.00225	0.00624	0.00710	0.00869	0.01214
49	0.00975	0.00716	0.00794	0.00797	0.00904	0.00664	0.00518	0.01083	0.01393	0.01787	0.11203	0.09154	0.27099	0.37248	0.02248	0.00470	0.00532	0.01306	0.00574	0.00536
50	0.02880	0.01848	0.02065	0.01583	0.02161	0.01976	0.01308	0.52468	0.03103	0.20052	0.02009	0.01916	0.01369	0.00879	0.00728	0.00220	0.00757	0.00672	0.00768	0.01236
51	0.01171	0.00837	0.01171	0.01339	0.01506	0.00837	0.01171	0.01506	0.01673	0.02175	0.03849	0.08199	0.04183	0.02008	0.01004	0.00335	0.00669	0.65027	0.00669	0.00669
52	0.57620	0.01491	0.01328	0.01116	0.01601	0.01668	0.00920	0.13231	0.01702	0.11511	0.01357	0.01430	0.00983	0.00735	0.00530	0.00224	0.00609	0.00478	0.00550	0.00916
53	0.01067	0.00765	0.00981	0.00978	0.01039	0.00812	0.00673	0.01198	0.01252	0.01729	0.10460	0.07948	0.03072	0.39369	0.19039	0.00703	0.03871	0.04003	0.00490	0.00552
54	0.66922	0.01510	0.01252	0.01074	0.01546	0.01733	0.00885	0.12912	0.01597	0.03479	0.01133	0.01274	0.00861	0.00707	0.00496	0.00224	0.00601	0.00437	0.00496	0.00861
55	0.01458	0.03760	0.70688	0.02072	0.03146	0.01688	0.02686	0.02302	0.01535	0.02302	0.01304	0.01535	0.00921	0.00691	0.00691	0.00230	0.01074	0.00537	0.00307	0.01074
56	0.01042	0.00764	0.01091	0.01091	0.01195	0.00867	0.00813	0.01249	0.01145	0.01630	0.02017	0.03245	0.01986	0.19591	0.57666	0.01073	0.01692	0.00836	0.00400	0.00606
57	0.01241	0.00902	0.01077	0.00995	0.01239	0.00877	0.00758	0.01834	0.12959	0.06206	0.44077	0.05110	0.17027	0.01437	0.00832	0.00234	0.00400	0.01243	0.00773	0.00778
58	0.02763	0.02036	0.02182	0.01672	0.02254	0.02254	0.01382	0.67496	0.03418	0.04581	0.01745	0.01745	0.01236	0.00873	0.00727	0.00218	0.00800	0.00654	0.00727	0.01236
59	0.02378	0.01708	0.05905	0.01491	0.01984	0.01709	0.01268	0.29306	0.12654	0.16934	0.02241	0.05305	0.01677	0.00965	0.00803	0.00229	0.04376	0.00752	0.07201	0.01116
60	0.05909	0.01558	0.02263	0.05734	0.33455	0.01588	0.01649	0.07410	0.10288	0.17478	0.02086	0.02193	0.03506	0.00803	0.00717	0.00224	0.00744	0.00703	0.00565	0.01128
61	0.03232	0.01285	0.01716	0.01316	0.01879	0.01139	0.01087	0.07358	0.02160	0.66495	0.02801	0.02431	0.01766	0.00898	0.00731	0.00225	0.00629	0.00726	0.00889	0.01237
62	0.01500	0.03463	0.59740	0.02235	0.03254	0.01713	0.13335	0.02306	0.01565	0.02306	0.01332	0.01605	0.00951	0.00678	0.00718	0.00233	0.01099	0.00590	0.00317	0.01059
63	0.01528	0.04878	0.12103	0.17486	0.14037	0.01619	0.01725	0.04978	0.08580	0.02260	0.02152	0.08553	0.05390	0.01042	0.00892	0.00248	0.07060	0.04087	0.00454	0.00927
64	0.01888	0.54888	0.19429	0.01441	0.02166	0.02516	0.01575	0.02267	0.01517	0.04918	0.01163	0.01311	0.00969	0.00650	0.00531	0.00176	0.00840	0.00439	0.00336	0.00980
65	0.01053	0.00723	0.00884	0.00884	0.00915	0.00754	0.00554	0.01116	0.01084	0.01477	0.02207	0.04296	0.02442	0.57709	0.20170	0.00817	0.01006	0.00990	0.00428	0.00491
66	0.01043	0.00759	0.00979	0.00977	0.01145	0.00711	0.00758	0.01349	0.01880	0.02581	0.46002	0.06110	0.12147	0.05981	0.01057	0.00280	0.00434	0.14405	0.00740	0.00661
67	0.01750	0.09394	0.24057	0.02138	0.10747	0.10761	0.07632	0.02212	0.01621	0.05840	0.01762	0.12685	0.01613	0.00956	0.00785	0.00230	0.03639	0.00805	0.00417	0.00956
68	0.08069	0.01622	0.01837	0.01427	0.01968	0.01687	0.01175	0.35895	0.02671	0.28310	0.02141	0.02029	0.01448	0.00867	0.00697	0.00218	0.00690	0.00666	0.05410	0.01173
69	0.01458	0.03760	0.70688	0.02072	0.03146	0.01688	0.02686	0.02302	0.01535	0.02302	0.01304	0.01535	0.00921	0.00691	0.00691	0.00230	0.01074	0.00537	0.00307	0.01074
70	0.01574	0.01490	0.02520	0.28525	0.30233	0.01620	0.07043	0.02137	0.06106	0.02189	0.01607	0.02296	0.01337	0.00973	0.03805	0.00277	0.00947	0.03962	0.00390	0.00967
71	0.01871	0.01949	0.16343	0.05615	0.18158	0.01485	0.15881	0.02370	0.01696	0.15113	0.01976	0.07673	0.01632	0.00889	0.00775	0.00240	0.00899	0.03910	0.00490	0.01035
72	0.01373	0.01292	0.02180	0.72707	0.05006	0.01615	0.02019	0.01857	0.01453	0.01857	0.01292	0.01938	0.00969	0.00727	0.00727	0.00242	0.00969	0.00646	0.00323	0.00807
73	0.01458	0.03760	0.70688	0.02072	0.03146	0.01688	0.02686	0.02302	0.01535	0.02302	0.01304	0.01535	0.00921	0.00691	0.00691	0.00230	0.01074	0.00537	0.00307	0.01074
74	0.01523	0.03246	0.54340	0.05259	0.13066	0.01697	0.02513	0.02353	0.04967	0.02332	0.01398	0.01650	0.01023	0.00701	0.00699	0.00229	0.01013	0.00572	0.00337	0.01079
75	0.01256	0.00739	0.01103	0.06762	0.04051	0.00759	0.00786	0.01085	0.01060	0.01401	0.01651	0.02619	0.04661	0.08356	0.02564	0.59013	0.00661	0.00713	0.00346	0.00414
76	0.01458	0.03760	0.70688	0.02072	0.03146	0.01688	0.02686	0.02302	0.01535	0.02302	0.01304	0.01535	0.00921	0.00691	0.00691	0.00230	0.01074	0.00537	0.00307	0.01074
77	0.00959	0.00746	0.00875	0.00860	0.01066	0.00662	0.00656	0.01227	0.01843	0.02418	0.35906	0.06352	0.36132	0.01688	0.00868	0.00244	0.00377	0.05737	0.00733	0.00651
78	0.01574	0.02946	0.49827	0.01830	0.02673	0.01505	0.02180	0.02349	0.05559	0.08337	0.01808	0.05180	0.01440	0.01173	0.05526	0.00301	0.01018	0.03325	0.00422	0.01027
79	0.02172	0.02871	0.10444	0.01792	0.02173	0.44043	0.01508	0.02448	0.01749	0.01826	0.01254	0.01610	0.01073	0.01530	0.11849	0.00360	0.09556	0.00544	0.00362	0.00836
80	0.01455	0.00982	0.01081	0.01257	0.09517	0.05052	0.00799	0.01773	0.01525	0.02477	0.02140	0.02628	0.01756	0.04880	0.05524	0.00271	0.00589	0.00688	0.54876	0.00732
81	0.01507	0.01292	0.01507	0.01077	0.01723	0.00969	0.00861	0.01830	0.01507	0.02369	0.01292	0.01507	0.01077	0.00538	0.00538	0.00108	0.00538	0.00431	0.00431	0.78898
82	0.01750	0.14700	0.42012	0.01820	0.02660	0.05555	0.02085	0.07688	0.10435	0.02457	0.01498	0.01634	0.01118	0.00736	0.00662	0.00217	0.00952	0.00556	0.00401	0.01062
83	0.11327	0.02701	0.44177	0.01650	0.02419	0.01435	0.01960	0.02057	0.01556	0.02471	0.07550	0.02621	0.04747	0.00914	0.00696	0.00235	0.00850	0.05504	0.04195	0.00935
84	0.01458	0.03760	0.70688	0.02072	0.03146	0.01688	0.02686	0.02302	0.01535	0.02302	0.01304	0.01535	0.00921	0.00691	0.00691	0.00230	0.01074	0.00537	0.00307	0.01074
85	0.01613	0.01552	0.02651	0.08355	0.48407	0.01546	0.07442	0.02029	0.01664	0.02308	0.05055	0.02623	0.09875	0.00834	0.00755	0.00224	0.00817	0.00804	0.00416	0.01027
86	0.01883	0.05129	0.02969	0.16826	0.21563	0.07093	0.17777	0.10475	0.01854	0.02441	0.01374	0.01786	0.01080	0.00715	0.00807	0.00228	0.03923	0.00674	0.00398	0.01005
87	0.01458	0.03760	0.70688	0.02072	0.03146	0.01688	0.02686	0.02302	0.01535	0.02302	0.01304	0.01535	0.00921	0.00691	0.00691	0.00230	0.01074	0.00537	0.00307	0.01074
88	0.01171	0.00837	0.01171	0.01339	0.01506	0.00837	0.01171	0.01506	0.01673	0.02175	0.03849	0.08199	0.04183	0.02008	0.01004	0.00335	0.00669	0.65027	0.00669	0.00669
89	0.00984	0.00735	0.00892	0.00905	0.01045	0.00700	0.00654	0.01177	0.01529	0.02015	0.18205	0.11044	0.23521	0.18006	0.10608	0.00470	0.00664	0.05634	0.00613	0.00598
90	0.01879	0.29771	0.29503	0.01683	0.02434	0.11347	0.01828	0.05083	0.06206	0.02157	0.01302	0.01457	0.01028	0.00700	0.00608	0.00198	0.00951	0.00497	0.00364	0.01003
91	0.00864	0.00717	0.00757	0.00788	0.00996	0.00609	0.00575	0.01037	0.01607	0.01943	0.06729	0.19651	0.57379	0.01923	0.00872	0.00255	0.00378	0.01635	0.00675	0.00609
92	0.01038	0.00779	0.01168	0.01168	0.01298	0.00909	0.00909	0.01298	0.01168	0.01687	0.01947	0.02856	0.01817	0.05452	0.71573	0.01168	0.01947	0.00779	0.00389	0.00649
93	0.01465	0.01282	0.01804	0.10406	0.02287	0.01385	0.09190	0.02480	0.26407	0.02542	0.10205	0.04273	0.06567	0.01237	0.00830	0.00263	0.00687	0.15159	0.00630	0.00901
94	0.09881	0.08349	0.14575	0.01928	0.08159	0.24986	0.01602	0.07927	0.05235	0.02369	0.01403	0.04214	0.01174	0.00817	0.00736	0.00215	0.04475	0.00584	0.00420	0.00950
95	0.01611	0.01535	0.02610	0.34620	0.41233	0.01678	0.02137	0.02066	0.01566	0.02146	0.01334	0.01860	0.01071	0.00683	0.00723	0.00228	0.00910	0.00647	0.00344	0.00999
96	0.01131	0.00914	0.01345	0.01292	0.01400	0.01129	0.01023	0.01373	0.01159	0.01698	0.01781	0.02644	0.01673	0.04753	0.60007	0.01026	0.13846	0.00755	0.00377	0.00673
97	0.43641	0.01642	0.01688	0.01878	0.15241	0.07542	0.01252	0.02140	0.01392	0.02709	0.01211	0.01682	0.01046	0.00815	0.00806	0.00237	0.10448	0.03352	0.00418	0.00860
98	0.01057	0.00705	0.00793	0.00793	0.00793	0.00705	0.00440	0.01057	0.01057	0.01409	0.02290	0.04757	0.02643	0.74454	0.03700	0.00705	0.00705	0.01057	0.00440	0.00440
99	0.02352	0.11663	0.02232	0.01544	0.02086	0.02176	0.01284	0.39246	0.20995	0.03705	0.01966	0.01926	0.01460	0.00860	0.00690	0.00214	0.00727	0.00658	0.00666	0.03551
100	0.01946	0.07473	0.08293	0.13091	0.11163	0.05824	0.01535	0.15187	0.01946	0.07186	0.01638	0.05173	0.01358	0.04087	0.00816	0.00227	0.00820	0.00669	0.00484	0.11084
101	0.02015	0.05826	0.31907	0.05508	0.06574	0.01719	0.09460	0.10903	0.01896	0.14762	0.01650	0.01796	0.01155	0.00739	0.00715	0.00226	0.00945	0.00628	0.00478	0.01099
102	0.01922	0.71822	0.06695	0.01280	0.01921	0.02825	0.01306	0.02182	0.01479	0.01736	0.01023	0.01182	0.00932	0.00625	0.00476	0.00159	0.00790	0.00395	0.00311	0.00939
103	0.03240	0.01272	0.01708	0.01310	0.01873	0.01120	0.01082	0.06301	0.02138	0.67583	0.02819	0.02443	0.01775	0.00899	0.00731	0.00225	0.00626	0.00728	0.00892	0.01237
104	0.01828	0.07851	0.07498	0.08244	0.18193	0.13732	0.17222	0.02325	0.04653	0.02147	0.01726	0.02040	0.05181	0.00772	0.00788	0.00223	0.03528	0.00699	0.00388	0.00964
105	0.02062	0.07854	0.02043	0.01924	0.13104	0.16609	0.01303	0.14911	0.11866	0.02662	0.01996	0.02268	0.04264	0.05832	0.00878	0.00240	0.00818	0.00683	0.07714	0.00970
106	0.00986	0.00704	0.00955	0.01101	0.01182	0.00688	0.00816	0.01173	0.01436	0.01907	0.03720	0.46560	0.04301	0.06723	0.05904	0.00390	0.00612	0.19595	0.00640	0.00608
107	0.01178	0.00815	0.01045	0.00966	0.01169	0.00770	0.00731	0.01620	0.06029	0.06031	0.62494	0.05132	0.06349	0.01429	0.00844	0.00230	0.00369	0.01258	0.00801	0.00739
108	0.01780	0.34537	0.26680	0.06935	0.04436	0.07549	0.04572	0.02260	0.01554	0.01974	0.01170	0.01410	0.00944	0.00663	0.00600	0.00195	0.00956	0.00491	0.00319	0.00973
109	0.00890	0.00702	0.00803	0.00854	0.01020	0.00615	0.00611	0.01075	0.01618	0.02049	0.14232	0.29705	0.39361	0.01944	0.00882	0.00260	0.00383	0.01688	0.00691	0.00615
110	0.07384	0.01590	0.01693	0.01454	0.01910	0.01787	0.01153	0.13614	0.46862	0.10418	0.02628	0.02433	0.01925	0.00938	0.00717	0.00238	0.00614	0.00757	0.00735	0.01148
111	0.01065	0.00714	0.00818	0.00830	0.00841	0.00714	0.00490	0.01088	0.01099	0.01461	0.02396	0.04990	0.02747	0.69542	0.03517	0.00680	0.00702	0.05394	0.00456	0.00456
112	0.01708	0.01628	0.02785	0.24226	0.43699	0.01723	0.06545	0.04772	0.01672	0.02310	0.01368	0.01849	0.01098	0.00678	0.00731	0.00226	0.00916	0.00662	0.00364	0.01043
113	0.01747	0.01891	0.01661	0.01717	0.07465	0.28107	0.01211	0.01993	0.01552	0.01781	0.01582	0.02173	0.01423	0.03239	0.38341	0.00711	0.01611	0.00648	0.00381	0.00766
114	0.01709	0.01618	0.02672	0.12432	0.53236	0.01617	0.02030	0.02134	0.01611	0.02310	0.01348	0.01779	0.01119	0.00643	0.00697	0.00205	0.00835	0.00620	0.00364	0.11018
115	0.01958	0.28545	0.21086	0.05544	0.08581	0.13600	0.03349	0.02388	0.01638	0.05288	0.01255	0.01467	0.00998	0.00682	0.00615	0.00196	0.00965	0.00505	0.00355	0.00985
116	0.01055	0.00713	0.00835	0.00835	0.00849	0.00728	0.00493	0.01084	0.01070	0.01441	0.02252	0.04544	0.02550	0.66713	0.11314	0.00757	0.00844	0.01026	0.00435	0.00464
117	0.01057	0.00705	0.00793	0.00793	0.00793	0.00705	0.00440	0.01057	0.01057	0.01409	0.02290	0.04757	0.02643	0.74454	0.03700	0.00705	0.00705	0.01057	0.00440	0.00440
118	0.00908	0.00676	0.00845	0.00935	0.01045	0.00614	0.00651	0.01088	0.01576	0.02082	0.17301	0.46626	0.18932	0.02033	0.00900	0.00272	0.00395	0.01809	0.00699	0.00614
119	0.01838	0.02216	0.17618	0.16230	0.09134	0.01847	0.20167	0.17005	0.02006	0.02746	0.01453	0.01802	0.01072	0.00714	0.00755	0.00233	0.01016	0.00683	0.00427	0.01039
120	0.01678	0.01737	0.02213	0.01906	0.01935	0.07632	0.01576	0.01839	0.01187	0.01752	0.00967	0.01569	0.00953	0.01231	0.02251	0.00308	0.67522	0.00623	0.00322	0.00799
121	0.01171	0.00837	0.01171	0.01339	0.01506	0.00837	0.01171	0.01506	0.01673	0.02175	0.03849	0.08199	0.04183	0.02008	0.01004	0.00335	0.00669	0.65027	0.00669	0.00669
122	0.01171	0.00837	0.01171	0.01339	0.01506	0.00837	0.01171	0.01506	0.01673	0.02175	0.03849	0.08199	0.04183	0.02008	0.01004	0.00335	0.00669	0.65027	0.00669	0.00669
123	0.01448	0.01034	0.01312	0.01280	0.05408	0.01037	0.00910	0.12370	0.02101	0.05279	0.39309	0.04447	0.04651	0.09179	0.03995	0.00319	0.00576	0.03845	0.00705	0.00796
124	0.01458	0.03760	0.70688	0.02072	0.03146	0.01688	0.02686	0.02302	0.01535	0.02302	0.01304	0.01535	0.00921	0.00691	0.00691	0.00230	0.01074	0.00537	0.00307	0.01074
125	0.01458	0.03760	0.70688	0.02072	0.03146	0.01688	0.02686	0.02302	0.01535	0.02302	0.01304	0.01535	0.00921	0.00691	0.00691	0.00230	0.01074	0.00537	0.00307	0.01074
126	0.00886	0.00633	0.00843	0.01012	0.01054	0.00590	0.00675	0.01012	0.01392	0.01856	0.04006	0.73979	0.04808	0.02277	0.00928	0.00295	0.00422	0.02066	0.00675	0.00590
127	0.76155	0.01498	0.01113	0.00997	0.01443	0.04752	0.00815	0.02171	0.01274	0.03195	0.01017	0.01187	0.00794	0.00678	0.00459	0.00223	0.00596	0.00397	0.00446	0.00790
128	0.00879	0.00659	0.00816	0.00942	0.01036	0.00596	0.00644	0.01020	0.01459	0.01883	0.04855	0.57043	0.21196	0.02167	0.00910	0.00283	0.00408	0.01932	0.00675	0.00596
129	0.05781	0.00888	0.01035	0.01099	0.01312	0.00886	0.00880	0.01589	0.09122	0.02221	0.04639	0.17989	0.23094	0.01810	0.00886	0.00285	0.00522	0.24594	0.00667	0.00701
130	0.01221	0.00765	0.01009	0.01033	0.01192	0.00729	0.00756	0.01425	0.01507	0.09015	0.09025	0.34524	0.07996	0.05354	0.12262	0.00427	0.00697	0.04294	0.04003	0.02765
131	0.10645	0.08330	0.19431	0.01523	0.02117	0.05281	0.01487	0.02889	0.26263	0.06711	0.06522	0.02203	0.01836	0.00861	0.00674	0.00227	0.00743	0.00673	0.00555	0.01030

[dist]
# distance from previous block
# <min> <max>
0	5

[block]
# block no. 2 follows, 28 sequences, length 32
# corresponding to MSA columns:
# 273-304
name=unknown_C
#
# <colnr> <probs for GDERKNQSTAVLIFYWHMCP>
#	G	D	E	R	K	N	Q	S	T	A	V	L	I	F	Y	W	H	M	C	P
0	0.01894	0.34544	0.12167	0.04869	0.02208	0.04891	0.01443	0.11067	0.07569	0.02346	0.01523	0.05682	0.01316	0.00798	0.00606	0.00193	0.00801	0.00597	0.00434	0.05052
1	0.11576	0.05316	0.24864	0.06291	0.21348	0.04925	0.07148	0.05948	0.01668	0.02504	0.01302	0.01605	0.01003	0.00683	0.00675	0.00222	0.00941	0.00578	0.00372	0.01031
2	0.01883	0.01651	0.01630	0.01377	0.01815	0.10286	0.01076	0.17936	0.11405	0.02824	0.02190	0.14686	0.02034	0.01071	0.00714	0.00206	0.00689	0.03369	0.00590	0.22568
3	0.02120	0.02189	0.15070	0.01752	0.02374	0.01966	0.04986	0.29036	0.26243	0.03482	0.02081	0.02062	0.01520	0.00865	0.00732	0.00232	0.00794	0.00703	0.00633	0.01162
4	0.01774	0.01382	0.01603	0.01165	0.01797	0.01136	0.00939	0.10144	0.01782	0.06887	0.01447	0.01597	0.01142	0.00603	0.00574	0.00129	0.00576	0.00477	0.00497	0.64351
5	0.01030	0.00735	0.00945	0.04999	0.01283	0.00697	0.00733	0.01210	0.01521	0.04367	0.11412	0.38842	0.17301	0.08467	0.01140	0.00311	0.00472	0.03251	0.00655	0.00629
6	0.01689	0.01603	0.02646	0.13337	0.53299	0.01654	0.02045	0.02207	0.05483	0.02320	0.01788	0.02164	0.05059	0.00745	0.00730	0.00223	0.00833	0.00708	0.00395	0.01074
7	0.05761	0.01554	0.02376	0.27061	0.31750	0.01720	0.01897	0.05452	0.10669	0.02440	0.01556	0.01935	0.01218	0.00733	0.00711	0.00230	0.00842	0.00658	0.00421	0.01019
8	0.49556	0.01449	0.01379	0.01140	0.01637	0.01573	0.00941	0.11463	0.01752	0.20593	0.01587	0.01589	0.01107	0.00759	0.00560	0.00224	0.00609	0.00516	0.00603	0.00964
9	0.01212	0.00857	0.01023	0.01047	0.01215	0.00849	0.00750	0.01675	0.12417	0.06123	0.07903	0.33879	0.13012	0.10650	0.01212	0.00324	0.00490	0.03971	0.00677	0.00713
10	0.01147	0.00789	0.00965	0.00957	0.01128	0.00742	0.00695	0.01458	0.05178	0.06195	0.26103	0.20010	0.16318	0.10887	0.01224	0.00311	0.00451	0.04061	0.00703	0.00677
11	0.01171	0.00837	0.01171	0.01339	0.01506	0.00837	0.01171	0.01506	0.01673	0.02175	0.03849	0.08199	0.04183	0.02008	0.01004	0.00335	0.00669	0.65027	0.00669	0.00669
12	0.01360	0.00778	0.00915	0.00861	0.00939	0.00755	0.00527	0.01398	0.01197	0.10878	0.02370	0.04444	0.02527	0.64362	0.03292	0.00639	0.00693	0.01012	0.00503	0.00550
13	0.17082	0.01032	0.01099	0.01071	0.01307	0.01090	0.00783	0.04789	0.10998	0.06298	0.03042	0.29756	0.06314	0.10716	0.01131	0.00316	0.00533	0.01259	0.00624	0.00758
14	0.02863	0.01877	0.02083	0.01597	0.02175	0.02018	0.01319	0.54740	0.03151	0.17713	0.01969	0.01891	0.01349	0.00878	0.00728	0.00220	0.00764	0.00670	0.00762	0.01236
15	0.01057	0.00705	0.00793	0.00793	0.00793	0.00705	0.00440	0.01057	0.01057	0.01409	0.02290	0.04757	0.02643	0.74454	0.03700	0.00705	0.00705	0.01057	0.00440	0.00440
16	0.01682	0.00954	0.01086	0.00999	0.01268	0.00948	0.00786	0.10981	0.01871	0.11309	0.03095	0.11087	0.08166	0.01208	0.00690	0.00219	0.00482	0.07082	0.35276	0.00811
17	0.01151	0.00798	0.00941	0.00916	0.01074	0.00761	0.00641	0.01454	0.06206	0.05602	0.21951	0.14154	0.17311	0.21901	0.01643	0.00374	0.00489	0.01321	0.00660	0.00651
18	0.01085	0.00765	0.00931	0.00954	0.00981	0.00797	0.00630	0.01153	0.01180	0.01581	0.02609	0.12315	0.02986	0.52802	0.02965	0.00589	0.04764	0.09916	0.00490	0.00508
19	0.79588	0.01406	0.01068	0.00956	0.01406	0.01631	0.00787	0.02137	0.01237	0.03261	0.01012	0.01181	0.00787	0.00675	0.00450	0.00225	0.00562	0.00394	0.00450	0.00787
20	0.01336	0.00975	0.01169	0.01171	0.01362	0.00991	0.00880	0.15365	0.01874	0.02477	0.03684	0.40713	0.08847	0.04953	0.01008	0.00298	0.00547	0.10938	0.00675	0.00736
21	0.00932	0.00709	0.00798	0.00825	0.00962	0.00639	0.00565	0.01078	0.01505	0.01917	0.12562	0.19607	0.33341	0.19470	0.01560	0.00365	0.00457	0.01500	0.00632	0.00575
22	0.01507	0.01292	0.01507	0.01077	0.01723	0.00969	0.00861	0.01830	0.01507	0.02369	0.01292	0.01507	0.01077	0.00538	0.00538	0.00108	0.00538	0.00431	0.00431	0.78898
23	0.00922	0.00658	0.00885	0.01053	0.01111	0.00621	0.00737	0.01074	0.01427	0.01896	0.03987	0.65678	0.04729	0.02243	0.00937	0.00300	0.00453	0.10012	0.00674	0.00600
24	0.10033	0.00953	0.01121	0.01023	0.01296	0.00918	0.00771	0.04644	0.01725	0.18589	0.13237	0.19658	0.09116	0.08002	0.01031	0.00283	0.00504	0.01180	0.05116	0.00800
25	0.46935	0.01640	0.01521	0.01245	0.01750	0.01846	0.01027	0.27231	0.02108	0.06606	0.01371	0.01452	0.01002	0.00760	0.00568	0.00222	0.00656	0.00508	0.00575	0.00978
26	0.01050	0.00733	0.00937	0.00937	0.00987	0.00783	0.00620	0.01150	0.01100	0.01516	0.02158	0.04027	0.02326	0.47950	0.29770	0.00883	0.01182	0.00950	0.00421	0.00521
27	0.05553	0.00805	0.00931	0.00915	0.01099	0.00766	0.00668	0.03789	0.01773	0.02469	0.31124	0.18651	0.20509	0.06445	0.01030	0.00276	0.00418	0.01417	0.00700	0.00661
28	0.18696	0.01127	0.01246	0.01105	0.01420	0.01152	0.00841	0.10227	0.01775	0.17253	0.08440	0.18048	0.02724	0.11396	0.01135	0.00306	0.00574	0.01033	0.00660	0.00841
29	0.01199	0.00849	0.01025	0.01031	0.01104	0.03552	0.00708	0.03701	0.01250	0.01659	0.02236	0.16893	0.02432	0.22487	0.17649	0.19254	0.00933	0.01052	0.00453	0.00532
30	0.01639	0.01479	0.05237	0.05679	0.07201	0.05651	0.03715	0.08911	0.10375	0.06017	0.15816	0.07427	0.07504	0.08826	0.01085	0.00282	0.00688	0.00983	0.00606	0.00879
31	0.01434	0.00885	0.01158	0.01126	0.01287	0.00912	0.00821	0.01739	0.07301	0.12417	0.05247	0.28615	0.03132	0.11215	0.10918	0.04970	0.04206	0.01277	0.00614	0.00726

[dist]
# distance from previous block
# <min> <max>
4	12

[block]
# block no. 3 follows, 28 sequences, length 46
# corresponding to MSA columns:
# 317-362
name=unknown_D
#
# <colnr> <probs for GDERKNQSTAVLIFYWHMCP>
#	G	D	E	R	K	N	Q	S	T	A	V	L	I	F	Y	W	H	M	C	P
0	0.08078	0.01782	0.11103	0.04688	0.06495	0.05717	0.08323	0.06964	0.01717	0.12821	0.02107	0.05420	0.05318	0.01593	0.11284	0.00373	0.04007	0.00769	0.00504	0.00936
1	0.01569	0.09138	0.01807	0.03830	0.09680	0.06625	0.01147	0.02051	0.11583	0.04431	0.02708	0.10956	0.10015	0.11050	0.03266	0.00327	0.07521	0.00957	0.00511	0.00829
2	0.01374	0.00921	0.01133	0.01081	0.01292	0.00906	0.00815	0.01671	0.06452	0.09913	0.03800	0.17861	0.17200	0.11353	0.01411	0.04072	0.04974	0.07994	0.00621	0.05154
3	0.14323	0.01619	0.01907	0.01507	0.02043	0.01709	0.05306	0.23665	0.14015	0.23189	0.02157	0.02055	0.01496	0.00854	0.00697	0.00228	0.00698	0.00679	0.00715	0.01137
4	0.01163	0.00796	0.00918	0.00886	0.00936	0.00823	0.00547	0.05262	0.01217	0.01637	0.02221	0.04376	0.02471	0.62868	0.10354	0.00721	0.00836	0.01004	0.00453	0.00512
5	0.01600	0.00995	0.01215	0.01124	0.01391	0.00982	0.00850	0.07125	0.09206	0.14835	0.12855	0.23520	0.11639	0.03667	0.05232	0.00320	0.00588	0.01300	0.00721	0.00837
6	0.06154	0.01017	0.01156	0.01113	0.01332	0.01073	0.00841	0.02063	0.18454	0.05181	0.12818	0.04732	0.05557	0.21816	0.01620	0.00386	0.00588	0.12702	0.00639	0.00758
7	0.02128	0.01287	0.01520	0.01302	0.01714	0.01334	0.01028	0.03246	0.33007	0.25258	0.16573	0.03190	0.03031	0.01060	0.00761	0.00236	0.00542	0.00893	0.00805	0.01084
8	0.06598	0.00938	0.01041	0.00928	0.01198	0.00934	0.00710	0.05445	0.04561	0.13945	0.11456	0.03227	0.04796	0.08008	0.00926	0.00250	0.00470	0.00823	0.32944	0.00803
9	0.03341	0.00777	0.00926	0.00912	0.01116	0.00701	0.00671	0.01388	0.01717	0.08530	0.23105	0.22264	0.26635	0.03437	0.00919	0.00261	0.00411	0.01486	0.00719	0.00686
10	0.01553	0.01058	0.01174	0.01044	0.01274	0.01101	0.00781	0.18446	0.01965	0.02774	0.11699	0.03966	0.05879	0.22631	0.01595	0.00361	0.00587	0.04847	0.16512	0.00750
11	0.02216	0.01621	0.01718	0.01407	0.01856	0.01798	0.01133	0.37150	0.19399	0.03786	0.02187	0.02199	0.01620	0.00896	0.00683	0.00215	0.00643	0.00702	0.17680	0.01093
12	0.07294	0.00857	0.01001	0.00970	0.01202	0.00810	0.00724	0.01619	0.04646	0.10346	0.21063	0.23222	0.20251	0.01629	0.00825	0.00250	0.00429	0.01407	0.00719	0.00736
13	0.01129	0.00775	0.00922	0.00952	0.01123	0.00726	0.00687	0.01436	0.05799	0.06006	0.11173	0.31530	0.21801	0.04997	0.00977	0.00279	0.00434	0.03118	0.05456	0.00679
14	0.21672	0.01499	0.01540	0.01330	0.01786	0.01671	0.01060	0.07381	0.36751	0.14137	0.02378	0.02227	0.01729	0.00887	0.00665	0.00236	0.00593	0.00689	0.00692	0.01079
15	0.01404	0.00941	0.01153	0.01159	0.01345	0.00945	0.00838	0.10286	0.06902	0.07996	0.03530	0.52944	0.03883	0.01877	0.00870	0.00275	0.00500	0.01672	0.00705	0.00773
16	0.05098	0.01005	0.01202	0.01097	0.01316	0.01017	0.00811	0.09567	0.01628	0.14103	0.02535	0.08349	0.02502	0.31763	0.06906	0.00505	0.00760	0.08502	0.00593	0.00741
17	0.01320	0.00862	0.01002	0.00940	0.01191	0.00799	0.00712	0.04262	0.04650	0.09839	0.20156	0.14323	0.28090	0.01561	0.00816	0.00239	0.00421	0.01334	0.06735	0.00748
18	0.00886	0.00633	0.00843	0.01012	0.01054	0.00590	0.00675	0.01012	0.01392	0.01856	0.04006	0.73979	0.04808	0.02277	0.00928	0.00295	0.00422	0.02066	0.00675	0.00590
19	0.79588	0.01406	0.01068	0.00956	0.01406	0.01631	0.00787	0.02137	0.01237	0.03261	0.01012	0.01181	0.00787	0.00675	0.00450	0.00225	0.00562	0.00394	0.00450	0.00787
20	0.01025	0.00749	0.01012	0.01029	0.01137	0.00795	0.00756	0.01222	0.01297	0.01786	0.08196	0.09375	0.07784	0.19969	0.36044	0.00807	0.01234	0.04691	0.00493	0.00599
21	0.01201	0.00848	0.00962	0.00913	0.01026	0.00848	0.00602	0.08134	0.01525	0.02033	0.11663	0.10195	0.09966	0.44129	0.02509	0.00512	0.00611	0.01176	0.00560	0.00586
22	0.01799	0.01727	0.02950	0.04462	0.69919	0.01727	0.02231	0.02231	0.01655	0.02375	0.01367	0.01799	0.01151	0.00648	0.00720	0.00216	0.00864	0.00648	0.00360	0.01151
23	0.59899	0.01481	0.01301	0.01099	0.01580	0.01662	0.00906	0.11967	0.01652	0.10773	0.01323	0.01405	0.00964	0.00729	0.00522	0.00224	0.00604	0.00469	0.00540	0.00903
24	0.01785	0.01679	0.02879	0.08790	0.37358	0.01712	0.14715	0.09811	0.01820	0.02525	0.01552	0.04341	0.01303	0.01031	0.05214	0.00287	0.00988	0.00746	0.00414	0.01051
25	0.01024	0.00720	0.00874	0.00885	0.00939	0.00735	0.00570	0.01107	0.01158	0.01551	0.02792	0.08778	0.08844	0.47853	0.18418	0.00740	0.00933	0.01101	0.00465	0.00512
26	0.01320	0.00950	0.01113	0.01076	0.01293	0.00982	0.00822	0.05879	0.14125	0.02759	0.24840	0.16484	0.04233	0.01429	0.00793	0.00242	0.00454	0.06445	0.13977	0.00785
27	0.19966	0.02285	0.08279	0.07714	0.10235	0.22070	0.01473	0.08373	0.04893	0.02603	0.01358	0.01582	0.01059	0.00740	0.00628	0.00213	0.00909	0.00536	0.04158	0.00927
28	0.01677	0.01821	0.03346	0.02513	0.03103	0.06038	0.45672	0.02341	0.07973	0.02322	0.02192	0.02984	0.05443	0.00884	0.00851	0.00252	0.01058	0.08142	0.00454	0.00931
29	0.02083	0.02169	0.08562	0.05085	0.16602	0.13374	0.01592	0.18950	0.02121	0.02811	0.01397	0.01617	0.01091	0.00704	0.00666	0.00189	0.00871	0.00559	0.00466	0.19093
30	0.01629	0.01455	0.04573	0.16670	0.09502	0.01257	0.01346	0.04006	0.01599	0.05576	0.01389	0.01683	0.01095	0.00623	0.00618	0.00161	0.00696	0.00524	0.00427	0.45170
31	0.01158	0.00824	0.01004	0.01018	0.01192	0.00806	0.00752	0.01530	0.08652	0.04943	0.12552	0.21928	0.18310	0.07360	0.05196	0.04101	0.00563	0.06778	0.00656	0.00680
32	0.01628	0.01524	0.03959	0.05395	0.35315	0.03052	0.04782	0.01998	0.01639	0.05090	0.05235	0.09720	0.06488	0.00956	0.00788	0.00222	0.02622	0.00871	0.00460	0.08258
33	0.02408	0.01658	0.01806	0.01442	0.01911	0.01798	0.01168	0.47909	0.02872	0.07795	0.02113	0.08673	0.01694	0.01001	0.00714	0.00219	0.00686	0.00794	0.12245	0.01093
34	0.18631	0.01396	0.01639	0.01284	0.01827	0.01367	0.01060	0.13252	0.02119	0.46541	0.02317	0.02098	0.01507	0.00850	0.00673	0.00224	0.00635	0.00651	0.00782	0.01146
35	0.00960	0.00671	0.00841	0.00941	0.01018	0.00631	0.00641	0.01114	0.01446	0.01965	0.10041	0.45786	0.09622	0.12206	0.01282	0.00336	0.00454	0.03968	0.05487	0.00588
36	0.01511	0.01085	0.01303	0.01318	0.04270	0.01141	0.00946	0.07850	0.17302	0.06645	0.03216	0.25185	0.06124	0.04348	0.05693	0.00333	0.00636	0.03822	0.06421	0.00850
37	0.01210	0.00907	0.01270	0.01392	0.01544	0.00966	0.01210	0.01529	0.01621	0.02136	0.03579	0.07583	0.03882	0.01939	0.01133	0.00333	0.07433	0.59016	0.00637	0.00681
38	0.01753	0.07896	0.01491	0.01142	0.01474	0.01140	0.00914	0.02287	0.11615	0.19051	0.23239	0.11903	0.07446	0.01323	0.00788	0.00237	0.00510	0.04153	0.00743	0.00895
39	0.01640	0.00894	0.01127	0.01062	0.01291	0.00831	0.00782	0.04893	0.01675	0.19895	0.05898	0.27761	0.10388	0.13949	0.01328	0.00337	0.00542	0.04232	0.00701	0.00774
40	0.02573	0.02961	0.02263	0.01925	0.02371	0.48848	0.07534	0.13905	0.06446	0.02387	0.01377	0.01534	0.01084	0.00772	0.00692	0.00202	0.01170	0.00559	0.00457	0.00942
41	0.69043	0.01422	0.01219	0.07684	0.01778	0.01656	0.00927	0.04871	0.01349	0.03186	0.01069	0.01275	0.00823	0.00688	0.00487	0.00226	0.00610	0.00428	0.00450	0.00808
42	0.03552	0.01156	0.01323	0.01173	0.01473	0.01195	0.00901	0.16866	0.09539	0.07137	0.22177	0.15762	0.08965	0.04292	0.00922	0.00259	0.00525	0.01185	0.00729	0.00868
43	0.01038	0.00772	0.00921	0.07502	0.01361	0.00734	0.00719	0.01311	0.01688	0.02300	0.19830	0.09598	0.32446	0.01502	0.00786	0.00231	0.00417	0.01278	0.14908	0.00658
44	0.02597	0.01297	0.01628	0.01276	0.01770	0.01215	0.01038	0.15406	0.02296	0.39431	0.15856	0.02856	0.02650	0.00986	0.00742	0.00216	0.00593	0.00812	0.00814	0.06519
45	0.60604	0.01504	0.03628	0.07755	0.01878	0.01637	0.01019	0.06196	0.01449	0.06999	0.01199	0.01372	0.00894	0.00705	0.00517	0.00226	0.00635	0.00457	0.00476	0.00852

[dist]
# distance from previous block
# <min> <max>
0	9

[block]
# block no. 4 follows, 28 sequences, length 12
# corresponding to MSA columns:
# 372-383
name=unknown_E
#
# <colnr> <probs for GDERKNQSTAVLIFYWHMCP>
#	G	D	E	R	K	N	Q	S	T	A	V	L	I	F	Y	W	H	M	C	P
0	0.11420	0.01680	0.01460	0.01361	0.01686	0.16435	0.01059	0.05974	0.16028	0.05659	0.05476	0.09925	0.05088	0.03774	0.00852	0.00260	0.00731	0.09662	0.00606	0.00864
1	0.11206	0.00911	0.01041	0.00980	0.01245	0.00880	0.00758	0.01722	0.04637	0.10227	0.27294	0.11333	0.18645	0.01475	0.00801	0.00244	0.00442	0.04685	0.00718	0.00755
2	0.02525	0.01903	0.10587	0.01524	0.02164	0.01648	0.01376	0.29168	0.05437	0.22702	0.02002	0.01937	0.01379	0.00817	0.00698	0.00208	0.00737	0.00638	0.00683	0.11866
3	0.01140	0.00859	0.01134	0.01113	0.01246	0.00971	0.00822	0.01562	0.09668	0.01789	0.02161	0.03314	0.02075	0.22189	0.45597	0.00935	0.01462	0.00854	0.00446	0.00660
4	0.11808	0.01065	0.01289	0.10135	0.01805	0.01127	0.00963	0.07836	0.04072	0.09876	0.11374	0.21696	0.03041	0.05279	0.00911	0.00269	0.00571	0.01119	0.04964	0.00802
5	0.11292	0.01051	0.01253	0.01296	0.07371	0.01053	0.00875	0.07717	0.01832	0.06547	0.24251	0.08452	0.12650	0.09915	0.01114	0.00288	0.00526	0.01090	0.00648	0.00778
6	0.47190	0.01368	0.01275	0.01117	0.01550	0.01514	0.00898	0.06191	0.10018	0.12997	0.01838	0.08092	0.01501	0.00901	0.00586	0.00234	0.00573	0.00661	0.00588	0.00907
7	0.01715	0.01169	0.01404	0.07548	0.01817	0.01201	0.01006	0.14900	0.07656	0.12051	0.08783	0.13979	0.19033	0.01479	0.02654	0.00267	0.00607	0.01150	0.00692	0.00889
8	0.01256	0.00830	0.00995	0.00982	0.01138	0.00801	0.00685	0.03772	0.05389	0.07670	0.11914	0.26929	0.12323	0.20102	0.01576	0.00373	0.00515	0.01420	0.00655	0.00675
9	0.01120	0.00822	0.00974	0.01010	0.01169	0.00800	0.00724	0.07122	0.04066	0.02305	0.10304	0.42646	0.16134	0.01875	0.00861	0.00265	0.00439	0.01654	0.05022	0.00686
10	0.01980	0.01772	0.08243	0.08645	0.15754	0.01628	0.10267	0.11160	0.10169	0.11283	0.01954	0.02379	0.01517	0.00835	0.00748	0.00230	0.00834	0.04655	0.00540	0.05408
11	0.01625	0.05092	0.01639	0.02988	0.01690	0.07605	0.01093	0.07881	0.11110	0.04596	0.16755	0.09108	0.02931	0.01839	0.11317	0.00377	0.09991	0.00933	0.00583	0.00846

[dist]
# distance from previous block
# <min> <max>
0	52

# created by:
# /home/berkeley/.conda/envs/busco_data_prod/bin/msa2prfl.pl pipeline/OGs_align_augustus/5794/18028.fs
