[name]
unknown

[dist]
# distance from previous block
# <min> <max>
6	174

[block]
# block no. 0 follows, 33 sequences, length 27
# corresponding to MSA columns:
# 206-232
name=unknown_A
#
# <colnr> <probs for GDERKNQSTAVLIFYWHMCP>
#	G	D	E	R	K	N	Q	S	T	A	V	L	I	F	Y	W	H	M	C	P
0	0.11918	0.01010	0.01189	0.07222	0.01512	0.01061	0.00828	0.10021	0.05334	0.08062	0.08566	0.05409	0.04582	0.11030	0.01333	0.14676	0.00568	0.00745	0.00498	0.04436
1	0.01812	0.07361	0.01650	0.01363	0.03431	0.21072	0.01047	0.11272	0.09356	0.06033	0.08149	0.02356	0.06430	0.01599	0.13799	0.00345	0.00942	0.00675	0.00493	0.00816
2	0.10611	0.13144	0.37171	0.01491	0.02215	0.01584	0.01689	0.02359	0.06693	0.14870	0.01479	0.01539	0.01052	0.00669	0.00582	0.00199	0.00775	0.00504	0.00418	0.00957
3	0.01283	0.01095	0.01659	0.39570	0.02986	0.01332	0.01394	0.06625	0.01344	0.01782	0.01590	0.02129	0.05674	0.01468	0.09481	0.09707	0.09207	0.00649	0.00346	0.00679
4	0.07594	0.01441	0.01449	0.01121	0.01641	0.07659	0.00891	0.08191	0.09349	0.02407	0.01342	0.01468	0.01072	0.00586	0.00527	0.00135	0.00577	0.00448	0.00442	0.51659
5	0.68133	0.01319	0.01092	0.00935	0.01366	0.01485	0.00768	0.08326	0.01323	0.03005	0.00998	0.01139	0.00771	0.00619	0.00437	0.00195	0.00528	0.00381	0.00430	0.06752
6	0.00822	0.00581	0.00758	0.00891	0.00924	0.00548	0.00584	0.00922	0.01221	0.01628	0.03427	0.67068	0.04100	0.11776	0.01166	0.00316	0.00415	0.01753	0.00584	0.00517
7	0.01816	0.01542	0.01587	0.01382	0.01780	0.03856	0.01086	0.15461	0.57266	0.02969	0.02434	0.02262	0.01816	0.00868	0.00666	0.00217	0.00577	0.00708	0.00658	0.01048
8	0.01674	0.29997	0.23043	0.01298	0.01899	0.01677	0.01391	0.02070	0.01534	0.13283	0.14040	0.02032	0.01926	0.00761	0.00583	0.00182	0.00689	0.00590	0.00444	0.00886
9	0.01639	0.56988	0.22665	0.01332	0.02008	0.02310	0.01485	0.02002	0.01352	0.01696	0.00988	0.01148	0.00842	0.00580	0.00478	0.00159	0.00778	0.00389	0.00281	0.00880
10	0.01320	0.03405	0.73453	0.01876	0.02849	0.01529	0.02432	0.02085	0.01390	0.02085	0.01181	0.01390	0.00834	0.00625	0.00625	0.00208	0.00973	0.00486	0.00278	0.00973
11	0.00844	0.00670	0.00759	0.00737	0.00930	0.00584	0.00552	0.01073	0.01657	0.02151	0.35085	0.05723	0.43842	0.01528	0.00777	0.00216	0.00324	0.01303	0.00660	0.00584
12	0.01235	0.02796	0.57120	0.01692	0.02472	0.01370	0.02069	0.01880	0.01315	0.01959	0.01313	0.01660	0.01017	0.01598	0.17237	0.00400	0.01151	0.00536	0.00295	0.00886
13	0.01399	0.16608	0.60939	0.01742	0.02642	0.01721	0.02199	0.02065	0.01381	0.01989	0.01134	0.01330	0.00836	0.00614	0.00589	0.00196	0.00925	0.00462	0.00279	0.00950
14	0.00859	0.00685	0.00809	0.00819	0.01006	0.00635	0.00636	0.01072	0.01472	0.01870	0.14210	0.05597	0.43348	0.02226	0.13927	0.00379	0.00616	0.08679	0.00580	0.00576
15	0.01395	0.01395	0.02533	0.41401	0.16300	0.01562	0.17300	0.01832	0.01383	0.01856	0.01199	0.01717	0.00934	0.00654	0.00782	0.00220	0.05780	0.00628	0.00307	0.00822
16	0.01398	0.02900	0.52778	0.02289	0.11092	0.01557	0.14528	0.02082	0.01432	0.02097	0.01215	0.01487	0.00888	0.00608	0.00656	0.00209	0.00975	0.00550	0.00293	0.00966
17	0.02800	0.01155	0.01523	0.01191	0.01684	0.01046	0.00976	0.03242	0.09996	0.65011	0.02607	0.02266	0.01674	0.00824	0.00663	0.00206	0.00556	0.00672	0.00798	0.01111
18	0.00957	0.00638	0.00718	0.00718	0.00718	0.00638	0.00399	0.00957	0.00957	0.01276	0.02074	0.04308	0.02393	0.76864	0.03351	0.00638	0.00638	0.00957	0.00399	0.00399
19	0.02374	0.16161	0.02130	0.01544	0.01947	0.51708	0.01222	0.06534	0.01845	0.07108	0.01151	0.01266	0.00922	0.00675	0.00572	0.00169	0.01027	0.00439	0.00383	0.00825
20	0.00825	0.00591	0.00785	0.00901	0.00960	0.00550	0.00613	0.00975	0.01368	0.01852	0.15924	0.63650	0.04686	0.01934	0.00829	0.00257	0.00369	0.01750	0.00631	0.00550
21	0.00937	0.00630	0.00724	0.00744	0.00749	0.00625	0.00426	0.00952	0.00997	0.01329	0.02276	0.13674	0.02648	0.67151	0.03025	0.00590	0.00605	0.01076	0.00426	0.00417
22	0.01760	0.77260	0.03450	0.01126	0.01690	0.02605	0.01126	0.01971	0.01338	0.01549	0.00915	0.01056	0.00845	0.00563	0.00422	0.00141	0.00704	0.00352	0.00282	0.00845
23	0.01511	0.01282	0.01380	0.01248	0.01582	0.01456	0.00967	0.03095	0.59107	0.02734	0.15145	0.02896	0.02761	0.00974	0.00689	0.00220	0.00483	0.00824	0.00680	0.00967
24	0.01708	0.45450	0.14955	0.01592	0.02223	0.08174	0.13731	0.02069	0.01429	0.01743	0.01042	0.01251	0.00871	0.00582	0.00533	0.00169	0.00861	0.00456	0.00295	0.00867
25	0.76368	0.01394	0.01026	0.00920	0.01323	0.06212	0.00749	0.01980	0.01169	0.02866	0.00923	0.01077	0.00722	0.00615	0.00420	0.00201	0.00553	0.00361	0.00403	0.00716
26	0.01919	0.01501	0.01725	0.14581	0.02291	0.01708	0.01232	0.32678	0.23482	0.03157	0.01884	0.01944	0.01390	0.00796	0.00647	0.00206	0.00659	0.00639	0.06574	0.00989

[dist]
# distance from previous block
# <min> <max>
0	5

[block]
# block no. 1 follows, 33 sequences, length 34
# corresponding to MSA columns:
# 238-271
name=unknown_B
#
# <colnr> <probs for GDERKNQSTAVLIFYWHMCP>
#	G	D	E	R	K	N	Q	S	T	A	V	L	I	F	Y	W	H	M	C	P
0	0.81514	0.01273	0.00968	0.00866	0.01273	0.01477	0.00713	0.01935	0.01120	0.02954	0.00917	0.01069	0.00713	0.00611	0.00407	0.00204	0.00509	0.00356	0.00407	0.00713
1	0.01550	0.01286	0.01535	0.15224	0.02204	0.01484	0.01189	0.02913	0.48107	0.05121	0.02480	0.02857	0.01976	0.00947	0.00693	0.00231	0.00599	0.08068	0.00597	0.00939
2	0.00856	0.00670	0.00775	0.00749	0.00937	0.00589	0.00562	0.01096	0.01685	0.02215	0.39991	0.05617	0.38895	0.01504	0.00777	0.00215	0.00322	0.01289	0.00669	0.00589
3	0.01760	0.77260	0.03450	0.01126	0.01690	0.02605	0.01126	0.01971	0.01338	0.01549	0.00915	0.01056	0.00845	0.00563	0.00422	0.00141	0.00704	0.00352	0.00282	0.00845
4	0.01365	0.01170	0.01365	0.00975	0.01560	0.00878	0.00780	0.01658	0.01365	0.02145	0.01170	0.01365	0.00975	0.00488	0.00488	0.00098	0.00488	0.00390	0.00390	0.80888
5	0.01399	0.01302	0.02178	0.17230	0.46062	0.01351	0.01718	0.01747	0.01419	0.01972	0.01675	0.15720	0.01634	0.00878	0.00688	0.00214	0.00725	0.00828	0.00373	0.00887
6	0.01320	0.03405	0.73453	0.01876	0.02849	0.01529	0.02432	0.02085	0.01390	0.02085	0.01181	0.01390	0.00834	0.00625	0.00625	0.00208	0.00973	0.00486	0.00278	0.00973
7	0.00826	0.00633	0.00764	0.00857	0.00981	0.00571	0.00625	0.00985	0.01387	0.01756	0.04799	0.40247	0.30923	0.01877	0.00825	0.00254	0.00392	0.10138	0.00611	0.00552
8	0.01557	0.01490	0.02541	0.17437	0.59928	0.01545	0.01984	0.01957	0.01465	0.02063	0.01225	0.01653	0.01012	0.00600	0.00653	0.00200	0.00800	0.00586	0.00320	0.00984
9	0.01957	0.00932	0.01254	0.14889	0.01860	0.00922	0.00931	0.02267	0.01581	0.32096	0.02153	0.02233	0.01511	0.00767	0.00582	0.00187	0.00521	0.00629	0.31880	0.00849
10	0.02706	0.01176	0.01520	0.01203	0.01686	0.01094	0.00982	0.03263	0.14988	0.59964	0.02613	0.02281	0.01701	0.00830	0.00664	0.00207	0.00553	0.00678	0.00788	0.01106
11	0.00998	0.00713	0.00989	0.01141	0.01265	0.00704	0.00952	0.01255	0.01454	0.01900	0.03520	0.24185	0.03926	0.01878	0.00893	0.00294	0.00552	0.52187	0.00607	0.00589
12	0.01371	0.01484	0.03127	0.02323	0.02837	0.01390	0.53425	0.01819	0.01483	0.02005	0.01890	0.19907	0.01814	0.00921	0.00792	0.00233	0.00933	0.01043	0.00401	0.00802
13	0.02503	0.01844	0.01976	0.01515	0.02042	0.02042	0.01251	0.70562	0.03095	0.04149	0.01581	0.01581	0.01120	0.00790	0.00659	0.00198	0.00724	0.00593	0.00659	0.01120
14	0.00802	0.00573	0.00764	0.00917	0.00955	0.00535	0.00611	0.00917	0.01260	0.01681	0.03628	0.76434	0.04354	0.02062	0.00840	0.00267	0.00382	0.01872	0.00611	0.00535
15	0.66656	0.01380	0.01157	0.00988	0.01418	0.01583	0.00814	0.14840	0.01492	0.03178	0.01042	0.01166	0.00789	0.00645	0.00455	0.00203	0.00550	0.00401	0.00455	0.00789
16	0.01003	0.00848	0.01309	0.01125	0.01308	0.00796	0.13613	0.01164	0.01243	0.01613	0.03238	0.15987	0.18494	0.33177	0.01871	0.00405	0.00616	0.01170	0.00470	0.00549
17	0.01599	0.50218	0.29081	0.01401	0.02114	0.02211	0.01605	0.02013	0.01357	0.01745	0.01013	0.01178	0.00841	0.00586	0.00497	0.00166	0.00802	0.00401	0.00280	0.00892
18	0.01775	0.01502	0.01882	0.02001	0.17950	0.05561	0.01327	0.13691	0.13277	0.06888	0.11110	0.02177	0.01902	0.00899	0.00954	0.00218	0.14755	0.00689	0.00516	0.00928
19	0.01526	0.01495	0.02657	0.21181	0.47369	0.01552	0.10669	0.01949	0.01462	0.02032	0.01234	0.01679	0.00997	0.00600	0.00669	0.00205	0.00847	0.00610	0.00319	0.00947
20	0.02459	0.03138	0.01866	0.01696	0.02035	0.74221	0.01272	0.02629	0.01866	0.01611	0.01018	0.01187	0.00848	0.00678	0.00594	0.00170	0.01187	0.00424	0.00339	0.00763
21	0.01579	0.01297	0.01480	0.01077	0.01651	0.01096	0.00869	0.14615	0.01690	0.02522	0.01247	0.01406	0.01002	0.00544	0.00520	0.00116	0.00532	0.00428	0.00441	0.65888
22	0.01432	0.01120	0.01275	0.01228	0.01500	0.01234	0.00960	0.04429	0.39594	0.05080	0.02990	0.18573	0.02783	0.01299	0.00749	0.00246	0.00515	0.13480	0.00651	0.00862
23	0.00872	0.00663	0.00809	0.00839	0.00995	0.00600	0.00634	0.01096	0.01583	0.02082	0.28427	0.19165	0.28016	0.01650	0.00806	0.00236	0.00369	0.09927	0.00650	0.00581
24	0.00945	0.00688	0.00972	0.00972	0.01060	0.00776	0.00715	0.01120	0.01033	0.01464	0.01842	0.03022	0.01835	0.23159	0.56293	0.00952	0.01478	0.00769	0.00364	0.00540
25	0.01456	0.01558	0.03014	0.12193	0.03140	0.04418	0.45302	0.01932	0.01527	0.02005	0.01702	0.02812	0.01501	0.00811	0.00778	0.00235	0.00987	0.13439	0.00379	0.00809
26	0.00887	0.00683	0.00829	0.00906	0.01070	0.00626	0.00720	0.01099	0.01481	0.01864	0.07727	0.18218	0.34517	0.01772	0.00834	0.00257	0.00436	0.24887	0.00614	0.00573
27	0.00801	0.00650	0.00711	0.00734	0.00913	0.00560	0.00536	0.00976	0.01500	0.01866	0.14152	0.19343	0.51557	0.01702	0.00790	0.00229	0.00340	0.01456	0.00625	0.00560
28	0.02868	0.01330	0.01604	0.01245	0.01747	0.05420	0.01021	0.11633	0.02035	0.60320	0.02376	0.02096	0.01519	0.00804	0.00658	0.00201	0.00618	0.00639	0.00767	0.01099
29	0.01588	0.48369	0.30834	0.01420	0.02143	0.02184	0.01637	0.02016	0.01358	0.01759	0.01019	0.01187	0.00841	0.00588	0.00502	0.00167	0.00809	0.00405	0.00280	0.00895
30	0.00846	0.00615	0.00803	0.00904	0.00989	0.00571	0.00641	0.01018	0.01415	0.01893	0.16801	0.51449	0.10268	0.01875	0.00829	0.00255	0.00383	0.07254	0.00632	0.00559
31	0.01489	0.31796	0.46542	0.01588	0.02404	0.01943	0.01930	0.02041	0.01370	0.01879	0.01079	0.01262	0.00838	0.00602	0.00547	0.00182	0.00870	0.00435	0.00279	0.00924
32	0.01576	0.01412	0.02382	0.27071	0.46656	0.01498	0.01900	0.01975	0.01461	0.05894	0.01291	0.01704	0.01021	0.00622	0.00654	0.00204	0.00801	0.00590	0.00342	0.00946
33	0.01518	0.25809	0.12191	0.04454	0.05768	0.01703	0.01337	0.10352	0.01544	0.02040	0.01560	0.02351	0.01426	0.01593	0.14450	0.00357	0.00942	0.09394	0.00387	0.00824

[dist]
# distance from previous block
# <min> <max>
0	2

[block]
# block no. 2 follows, 33 sequences, length 19
# corresponding to MSA columns:
# 274-292
name=unknown_C
#
# <colnr> <probs for GDERKNQSTAVLIFYWHMCP>
#	G	D	E	R	K	N	Q	S	T	A	V	L	I	F	Y	W	H	M	C	P
0	0.19978	0.01480	0.01534	0.01273	0.01689	0.01672	0.01033	0.33710	0.14109	0.03268	0.01645	0.01758	0.01255	0.01356	0.11045	0.00325	0.00788	0.00581	0.00560	0.00939
1	0.22039	0.01579	0.01759	0.01755	0.13926	0.01749	0.01212	0.30092	0.14048	0.03267	0.01543	0.01611	0.01157	0.00728	0.00596	0.00203	0.00645	0.00558	0.00540	0.00991
2	0.01957	0.01331	0.01750	0.01336	0.01844	0.01244	0.08077	0.16513	0.06300	0.18733	0.01882	0.07504	0.01482	0.00779	0.00631	0.00176	0.00612	0.00671	0.00572	0.26605
3	0.00813	0.00661	0.00720	0.00721	0.00915	0.00568	0.00535	0.01007	0.01560	0.01956	0.20564	0.11431	0.52997	0.01629	0.00783	0.00222	0.00332	0.01384	0.00636	0.00568
4	0.15629	0.44884	0.02619	0.01219	0.01708	0.16614	0.01092	0.06282	0.01513	0.01961	0.00976	0.01116	0.00840	0.00608	0.00468	0.00161	0.00768	0.00382	0.00338	0.00823
5	0.00957	0.00638	0.00718	0.00718	0.00718	0.00638	0.00399	0.00957	0.00957	0.01276	0.02074	0.04308	0.02393	0.76864	0.03351	0.00638	0.00638	0.00957	0.00399	0.00399
6	0.01663	0.08802	0.44463	0.01749	0.02471	0.15735	0.01959	0.06811	0.01568	0.02058	0.01135	0.01341	0.00859	0.00678	0.00711	0.00200	0.06087	0.00477	0.00317	0.00915
7	0.07719	0.40277	0.32764	0.01422	0.02146	0.02064	0.01645	0.02016	0.01343	0.01883	0.01028	0.01198	0.00830	0.00593	0.00507	0.00174	0.00802	0.00409	0.00290	0.00889
8	0.00957	0.00638	0.00718	0.00718	0.00718	0.00638	0.00399	0.00957	0.00957	0.01276	0.02074	0.04308	0.02393	0.76864	0.03351	0.00638	0.00638	0.00957	0.00399	0.00399
9	0.00839	0.00599	0.00806	0.00959	0.01013	0.00566	0.00675	0.00980	0.01297	0.01722	0.03608	0.66643	0.04274	0.02028	0.00850	0.00272	0.00414	0.11300	0.00610	0.00545
10	0.01801	0.48555	0.13562	0.01446	0.02038	0.14671	0.05988	0.02110	0.01450	0.01676	0.01000	0.01176	0.00854	0.00592	0.00506	0.00161	0.00854	0.00413	0.00294	0.00853
11	0.04001	0.01066	0.01281	0.01049	0.01416	0.01019	0.00834	0.14242	0.01948	0.30138	0.14892	0.03390	0.14504	0.06142	0.00875	0.00236	0.00512	0.00876	0.00699	0.00880
12	0.00827	0.00682	0.00735	0.00761	0.00971	0.00590	0.00596	0.01017	0.01503	0.01811	0.06123	0.06523	0.60702	0.01693	0.00801	0.00236	0.00380	0.12875	0.00610	0.00564
13	0.01832	0.01434	0.01541	0.01344	0.01743	0.01624	0.01057	0.10293	0.58963	0.08602	0.02561	0.02350	0.01888	0.00876	0.00668	0.00219	0.00545	0.00722	0.00680	0.01056
14	0.01994	0.01415	0.01957	0.01562	0.01996	0.01450	0.12959	0.30547	0.02202	0.13467	0.02209	0.12295	0.01950	0.01056	0.00736	0.00226	0.00706	0.09725	0.00613	0.00936
15	0.01603	0.01538	0.02625	0.08818	0.68182	0.01557	0.02008	0.01998	0.01487	0.02119	0.01234	0.01638	0.01032	0.00591	0.00652	0.00197	0.00788	0.00586	0.00324	0.01022
16	0.00824	0.00590	0.00784	0.00901	0.00960	0.00550	0.00613	0.00973	0.01364	0.01845	0.15430	0.64163	0.04673	0.01940	0.00829	0.00257	0.00370	0.01755	0.00631	0.00550
17	0.67665	0.01153	0.00933	0.00874	0.01219	0.01315	0.00695	0.01760	0.01144	0.02735	0.01382	0.14001	0.01338	0.00860	0.00482	0.00215	0.00487	0.00616	0.00442	0.00682
18	0.02214	0.29439	0.02442	0.01474	0.01913	0.41185	0.01218	0.09447	0.01805	0.01852	0.01040	0.01181	0.00875	0.00649	0.00539	0.00162	0.00967	0.00416	0.00352	0.00829

[dist]
# distance from previous block
# <min> <max>
0	3

[block]
# block no. 3 follows, 33 sequences, length 71
# corresponding to MSA columns:
# 296-366
name=unknown_D
#
# <colnr> <probs for GDERKNQSTAVLIFYWHMCP>
#	G	D	E	R	K	N	Q	S	T	A	V	L	I	F	Y	W	H	M	C	P
0	0.01364	0.01252	0.02064	0.31050	0.33892	0.01365	0.01666	0.01706	0.01335	0.01818	0.01356	0.02141	0.01212	0.13797	0.01121	0.00281	0.00794	0.00650	0.00326	0.00811
1	0.01647	0.39607	0.22969	0.01404	0.02040	0.05527	0.01491	0.02299	0.13515	0.01913	0.01301	0.01399	0.01043	0.00643	0.00531	0.00176	0.00772	0.00462	0.00350	0.00912
2	0.02379	0.01782	0.01906	0.01490	0.01994	0.01984	0.01221	0.60961	0.12898	0.03949	0.01738	0.01706	0.01247	0.00805	0.00660	0.00201	0.00695	0.00614	0.00660	0.01108
3	0.01378	0.01307	0.02217	0.50472	0.28292	0.01498	0.01895	0.01800	0.01380	0.01845	0.01194	0.01711	0.00935	0.00633	0.00656	0.00211	0.00844	0.00586	0.00304	0.00840
4	0.01378	0.06000	0.58703	0.02002	0.02906	0.01594	0.14122	0.02085	0.01416	0.02068	0.01197	0.01444	0.00863	0.00611	0.00644	0.00208	0.00986	0.00531	0.00288	0.00953
5	0.67730	0.14406	0.01397	0.00911	0.01345	0.01672	0.00784	0.01941	0.01158	0.02711	0.00916	0.01067	0.00736	0.00603	0.00410	0.00193	0.00543	0.00356	0.00386	0.00736
6	0.00805	0.00668	0.00704	0.00695	0.00906	0.00567	0.00521	0.00996	0.01563	0.01927	0.18031	0.06091	0.61035	0.01612	0.00778	0.00220	0.00330	0.01355	0.00631	0.00567
7	0.01624	0.01605	0.02980	0.24369	0.03528	0.01669	0.37803	0.13811	0.01749	0.02333	0.01326	0.01736	0.00983	0.00627	0.00721	0.00217	0.00973	0.00687	0.00377	0.00881
8	0.01402	0.01332	0.02261	0.46001	0.32575	0.01504	0.01907	0.01821	0.01391	0.01875	0.01198	0.01703	0.00945	0.00629	0.00656	0.00210	0.00838	0.00586	0.00306	0.00859
9	0.00778	0.00667	0.00667	0.00667	0.00889	0.00556	0.00500	0.00945	0.01501	0.01778	0.06669	0.06336	0.72490	0.01667	0.00778	0.00222	0.00333	0.01389	0.00611	0.00556
10	0.00957	0.00638	0.00718	0.00718	0.00718	0.00638	0.00399	0.00957	0.00957	0.01276	0.02074	0.04308	0.02393	0.76864	0.03351	0.00638	0.00638	0.00957	0.00399	0.00399
11	0.02268	0.02421	0.01832	0.14330	0.02410	0.46632	0.01327	0.07107	0.01846	0.09691	0.01325	0.01602	0.01039	0.00729	0.00625	0.00188	0.01017	0.02379	0.00413	0.00817
12	0.00831	0.00593	0.00797	0.00949	0.01000	0.00559	0.00661	0.00966	0.01289	0.01712	0.03613	0.68834	0.04292	0.02036	0.00848	0.00271	0.00407	0.09190	0.00611	0.00543
13	0.00957	0.00638	0.00718	0.00718	0.00718	0.00638	0.00399	0.00957	0.00957	0.01276	0.02074	0.04308	0.02393	0.76864	0.03351	0.00638	0.00638	0.00957	0.00399	0.00399
14	0.01760	0.77260	0.03450	0.01126	0.01690	0.02605	0.01126	0.01971	0.01338	0.01549	0.00915	0.01056	0.00845	0.00563	0.00422	0.00141	0.00704	0.00352	0.00282	0.00845
15	0.01710	0.64670	0.05565	0.01299	0.01841	0.02469	0.05639	0.01956	0.01330	0.01604	0.00947	0.01140	0.00856	0.00607	0.00576	0.00159	0.06106	0.00400	0.00285	0.00843
16	0.01760	0.77260	0.03450	0.01126	0.01690	0.02605	0.01126	0.01971	0.01338	0.01549	0.00915	0.01056	0.00845	0.00563	0.00422	0.00141	0.00704	0.00352	0.00282	0.00845
17	0.01944	0.02209	0.02212	0.13245	0.31413	0.33941	0.01659	0.02243	0.01636	0.01843	0.01130	0.01450	0.00932	0.00638	0.00627	0.00187	0.00976	0.00514	0.00327	0.00873
18	0.01672	0.01431	0.01508	0.01347	0.01725	0.01654	0.01050	0.06194	0.68815	0.02810	0.02635	0.02421	0.01974	0.00889	0.00669	0.00222	0.00529	0.00738	0.00669	0.01045
19	0.81514	0.01273	0.00968	0.00866	0.01273	0.01477	0.00713	0.01935	0.01120	0.02954	0.00917	0.01069	0.00713	0.00611	0.00407	0.00204	0.00509	0.00356	0.00407	0.00713
20	0.02182	0.01592	0.01727	0.01407	0.01867	0.01766	0.01135	0.35716	0.31825	0.10320	0.02143	0.02014	0.01544	0.00836	0.00664	0.00209	0.00623	0.00663	0.00679	0.01087
21	0.00805	0.00668	0.00704	0.00695	0.00906	0.00567	0.00521	0.00996	0.01563	0.01927	0.18031	0.06091	0.61035	0.01612	0.00778	0.00220	0.00330	0.01355	0.00631	0.00567
22	0.02175	0.01681	0.01791	0.01448	0.01917	0.01888	0.01172	0.45161	0.29030	0.03621	0.01997	0.01912	0.01457	0.00829	0.00663	0.00207	0.00647	0.00650	0.00663	0.01090
23	0.00863	0.00601	0.00756	0.00855	0.00883	0.00577	0.00549	0.00943	0.01162	0.01547	0.03083	0.49502	0.03656	0.28105	0.01716	0.00397	0.00477	0.03301	0.00537	0.00489
24	0.01582	0.01489	0.02380	0.12567	0.51867	0.01564	0.01827	0.02233	0.13586	0.02196	0.01479	0.01788	0.01189	0.00649	0.00656	0.00203	0.00749	0.00614	0.00381	0.01003
25	0.02459	0.03138	0.01866	0.01696	0.02035	0.74221	0.01272	0.02629	0.01866	0.01611	0.01018	0.01187	0.00848	0.00678	0.00594	0.00170	0.01187	0.00424	0.00339	0.00763
26	0.00801	0.00577	0.00759	0.00905	0.00952	0.00536	0.00606	0.00918	0.01272	0.01685	0.03773	0.73110	0.07585	0.02044	0.00837	0.00265	0.00380	0.01849	0.00611	0.00536
27	0.01616	0.01601	0.02882	0.03822	0.60777	0.01582	0.13833	0.02036	0.01508	0.02143	0.01254	0.01655	0.01035	0.00581	0.00673	0.00200	0.00839	0.00619	0.00327	0.01016
28	0.01349	0.01278	0.02165	0.55834	0.23158	0.01490	0.01881	0.01774	0.01366	0.01810	0.01189	0.01721	0.00923	0.00639	0.00656	0.00213	0.00852	0.00585	0.00302	0.00816
29	0.00954	0.00688	0.00911	0.00895	0.01049	0.00645	0.00697	0.01263	0.01803	0.02524	0.60498	0.05351	0.05793	0.01428	0.00799	0.00224	0.00362	0.12794	0.00704	0.00619
30	0.02566	0.01066	0.01379	0.01087	0.01525	0.00965	0.00888	0.07181	0.01874	0.54452	0.04534	0.02315	0.01743	0.00821	0.00630	0.00195	0.00519	0.00665	0.14577	0.01018
31	0.01634	0.01660	0.02271	0.10856	0.36148	0.10464	0.03594	0.02095	0.07638	0.01994	0.01451	0.01787	0.03294	0.00746	0.00868	0.00212	0.11412	0.00609	0.00358	0.00909
32	0.01375	0.03061	0.61015	0.01784	0.02653	0.01548	0.02192	0.02329	0.13519	0.02200	0.01440	0.01574	0.01037	0.00672	0.00633	0.00211	0.00895	0.00531	0.00346	0.00985
33	0.00802	0.00573	0.00764	0.00917	0.00955	0.00535	0.00611	0.00917	0.01260	0.01681	0.03628	0.76434	0.04354	0.02062	0.00840	0.00267	0.00382	0.01872	0.00611	0.00535
34	0.81514	0.01273	0.00968	0.00866	0.01273	0.01477	0.00713	0.01935	0.01120	0.02954	0.00917	0.01069	0.00713	0.00611	0.00407	0.00204	0.00509	0.00356	0.00407	0.00713
35	0.01320	0.03405	0.73453	0.01876	0.02849	0.01529	0.02432	0.02085	0.01390	0.02085	0.01181	0.01390	0.00834	0.00625	0.00625	0.00208	0.00973	0.00486	0.00278	0.00973
36	0.01695	0.01571	0.01605	0.16990	0.02265	0.12460	0.01182	0.11132	0.27914	0.02331	0.01888	0.02257	0.01534	0.11120	0.01019	0.00267	0.00739	0.00672	0.00502	0.00857
37	0.00878	0.00644	0.00840	0.00963	0.01066	0.00606	0.00726	0.01062	0.01391	0.01810	0.06209	0.43326	0.14595	0.01909	0.00849	0.00269	0.00438	0.21244	0.00613	0.00562
38	0.02107	0.01647	0.01753	0.01435	0.01891	0.01857	0.01156	0.39901	0.34400	0.03511	0.02083	0.01981	0.01526	0.00837	0.00664	0.00209	0.00631	0.00662	0.00664	0.01084
39	0.01504	0.47359	0.18781	0.01230	0.01821	0.02013	0.01323	0.01844	0.01408	0.01781	0.07426	0.01926	0.07723	0.00741	0.00530	0.00169	0.00699	0.00545	0.00347	0.00829
40	0.01524	0.26144	0.35764	0.01591	0.02317	0.01892	0.05004	0.02295	0.13510	0.02034	0.01364	0.01488	0.01048	0.00649	0.00577	0.00190	0.00817	0.00503	0.00349	0.00941
41	0.01320	0.03405	0.73453	0.01876	0.02849	0.01529	0.02432	0.02085	0.01390	0.02085	0.01181	0.01390	0.00834	0.00625	0.00625	0.00208	0.00973	0.00486	0.00278	0.00973
42	0.00847	0.00605	0.00815	0.00968	0.01026	0.00573	0.00689	0.00994	0.01304	0.01731	0.03604	0.64507	0.04256	0.02020	0.00852	0.00274	0.00421	0.13357	0.00610	0.00547
43	0.01370	0.01275	0.02115	0.58113	0.18127	0.01506	0.01844	0.04432	0.01422	0.01872	0.01200	0.01723	0.00920	0.00649	0.00657	0.00214	0.00852	0.00586	0.00313	0.00809
44	0.01524	0.37643	0.41001	0.01529	0.02312	0.02028	0.01827	0.02032	0.01366	0.01836	0.01058	0.01235	0.00839	0.00597	0.00531	0.00177	0.00848	0.00424	0.00280	0.00914
45	0.01061	0.00758	0.01061	0.01212	0.01364	0.00758	0.01061	0.01364	0.01515	0.01970	0.03486	0.07426	0.03789	0.01819	0.00909	0.00303	0.00606	0.68326	0.00606	0.00606
46	0.00786	0.00652	0.00688	0.00711	0.00902	0.00554	0.00521	0.00948	0.01472	0.01785	0.07906	0.17546	0.59819	0.01722	0.00788	0.00229	0.00341	0.01462	0.00614	0.00554
47	0.01753	0.16342	0.25544	0.02058	0.14440	0.20382	0.01762	0.02160	0.01497	0.01845	0.01080	0.01322	0.00878	0.00655	0.00683	0.00189	0.05745	0.00469	0.00303	0.00892
48	0.01262	0.01189	0.02008	0.71903	0.07769	0.01467	0.01837	0.01698	0.01325	0.01704	0.01173	0.01749	0.00885	0.00655	0.00658	0.00218	0.00873	0.00585	0.00294	0.00746
49	0.02907	0.01196	0.01575	0.01207	0.01718	0.01080	0.00997	0.10244	0.02011	0.65999	0.02491	0.02172	0.01576	0.00812	0.00662	0.00203	0.00577	0.00655	0.00798	0.01120
50	0.01760	0.77260	0.03450	0.01126	0.01690	0.02605	0.01126	0.01971	0.01338	0.01549	0.00915	0.01056	0.00845	0.00563	0.00422	0.00141	0.00704	0.00352	0.00282	0.00845
51	0.02425	0.01805	0.01932	0.01499	0.02012	0.02005	0.01232	0.64538	0.09246	0.04024	0.01679	0.01659	0.01200	0.00800	0.00660	0.00200	0.00706	0.00606	0.00660	0.01113
52	0.02348	0.02689	0.02000	0.02000	0.12161	0.51344	0.01376	0.14283	0.02026	0.02127	0.01146	0.01318	0.00923	0.00685	0.00613	0.00178	0.01049	0.00476	0.00392	0.00865
53	0.64582	0.01249	0.01163	0.13739	0.01853	0.01455	0.00916	0.01941	0.01184	0.05470	0.01026	0.01234	0.00777	0.00627	0.00461	0.00206	0.00575	0.00408	0.00403	0.00732
54	0.01676	0.53578	0.13133	0.01271	0.01860	0.02284	0.01299	0.02251	0.13483	0.01834	0.01258	0.01346	0.01045	0.00629	0.00494	0.00165	0.00711	0.00439	0.00348	0.00897
55	0.81514	0.01273	0.00968	0.00866	0.01273	0.01477	0.00713	0.01935	0.01120	0.02954	0.00917	0.01069	0.00713	0.00611	0.00407	0.00204	0.00509	0.00356	0.00407	0.00713
56	0.01282	0.02797	0.54038	0.01869	0.02673	0.01412	0.11500	0.01929	0.01395	0.02033	0.01535	0.11639	0.01335	0.00811	0.00675	0.00218	0.00911	0.00714	0.00331	0.00902
57	0.00812	0.00638	0.00735	0.00775	0.00927	0.00560	0.00557	0.00987	0.01486	0.01896	0.17057	0.28551	0.39204	0.01738	0.00798	0.00234	0.00345	0.01510	0.00631	0.00560
58	0.02503	0.01844	0.01976	0.01515	0.02042	0.02042	0.01251	0.70562	0.03095	0.04149	0.01581	0.01581	0.01120	0.00790	0.00659	0.00198	0.00724	0.00593	0.00659	0.01120
59	0.00931	0.00627	0.00726	0.00752	0.00759	0.00620	0.00436	0.00950	0.01010	0.01346	0.02343	0.16774	0.02732	0.63936	0.02917	0.00574	0.00594	0.01115	0.00436	0.00422
60	0.01419	0.20003	0.57720	0.01708	0.02589	0.01771	0.02139	0.02059	0.01378	0.01964	0.01122	0.01315	0.00836	0.00611	0.00580	0.00193	0.00912	0.00456	0.00279	0.00944
61	0.01760	0.77260	0.03450	0.01126	0.01690	0.02605	0.01126	0.01971	0.01338	0.01549	0.00915	0.01056	0.00845	0.00563	0.00422	0.00141	0.00704	0.00352	0.00282	0.00845
62	0.00957	0.00638	0.00718	0.00718	0.00718	0.00638	0.00399	0.00957	0.00957	0.01276	0.02074	0.04308	0.02393	0.76864	0.03351	0.00638	0.00638	0.00957	0.00399	0.00399
63	0.00940	0.00705	0.01058	0.01058	0.01176	0.00823	0.00823	0.01176	0.01058	0.01528	0.01763	0.02586	0.01646	0.04937	0.74255	0.01058	0.01763	0.00705	0.00353	0.00588
64	0.02426	0.01688	0.01753	0.01409	0.01882	0.08016	0.01139	0.33843	0.17199	0.20607	0.02014	0.01894	0.01410	0.00808	0.00656	0.00202	0.00681	0.00627	0.00671	0.01072
65	0.00799	0.00668	0.00696	0.00689	0.00902	0.00565	0.00517	0.00985	0.01550	0.01895	0.15601	0.06143	0.63485	0.01624	0.00778	0.00220	0.00330	0.01362	0.00627	0.00565
66	0.01016	0.00726	0.01010	0.01161	0.01293	0.00719	0.00983	0.01287	0.01471	0.01920	0.03510	0.19353	0.03886	0.01861	0.00897	0.00297	0.00567	0.56841	0.00607	0.00594
67	0.01997	0.01334	0.01499	0.01294	0.01703	0.01455	0.01022	0.03419	0.52545	0.21988	0.02657	0.02397	0.01906	0.00872	0.00668	0.00218	0.00532	0.00722	0.00709	0.01063
68	0.01544	0.01477	0.02518	0.19732	0.57731	0.01542	0.01978	0.01946	0.01459	0.02048	0.01223	0.01657	0.01006	0.00602	0.00653	0.00201	0.00803	0.00586	0.00319	0.00974
69	0.01457	0.01388	0.02361	0.35801	0.42342	0.01519	0.01935	0.01870	0.01418	0.01942	0.01208	0.01685	0.00969	0.00618	0.00655	0.00206	0.00825	0.00586	0.00311	0.00904
70	0.01736	0.01292	0.01423	0.01194	0.01584	0.03148	0.00942	0.12454	0.27299	0.10542	0.17621	0.02667	0.02594	0.00909	0.00664	0.00195	0.00521	0.00755	0.00650	0.11811

[dist]
# distance from previous block
# <min> <max>
0	2

# created by:
# /home/berkeley/.conda/envs/busco_data_prod/bin/msa2prfl.pl pipeline/OGs_align_augustus/5794/18026.fs
