[name]
unknown

[dist]
# distance from previous block
# <min> <max>
12	118

[block]
# block no. 0 follows, 32 sequences, length 26
# corresponding to MSA columns:
# 136-161
name=unknown_A
#
# <colnr> <probs for GDERKNQSTAVLIFYWHMCP>
#	G	D	E	R	K	N	Q	S	T	A	V	L	I	F	Y	W	H	M	C	P
0	0.14121	0.03376	0.06974	0.09038	0.07128	0.07373	0.01191	0.02147	0.06643	0.12601	0.05628	0.02246	0.06432	0.01147	0.06514	0.00272	0.00765	0.00645	0.00485	0.05274
1	0.06438	0.01538	0.10631	0.01445	0.07531	0.03609	0.01167	0.07203	0.13052	0.06077	0.03911	0.02025	0.01515	0.00776	0.00667	0.00192	0.04309	0.00605	0.20150	0.07156
2	0.03595	0.10986	0.05112	0.01423	0.07534	0.05359	0.01092	0.12572	0.03528	0.04133	0.16336	0.02569	0.03996	0.03851	0.09367	0.00308	0.00772	0.00716	0.00504	0.06248
3	0.01838	0.06157	0.09422	0.01696	0.07941	0.03571	0.09890	0.08990	0.04007	0.15318	0.02017	0.09010	0.03912	0.00847	0.00663	0.00197	0.00708	0.00742	0.02496	0.10576
4	0.14542	0.01829	0.02008	0.01639	0.04194	0.09278	0.08268	0.33259	0.04448	0.03184	0.01381	0.01517	0.01039	0.00734	0.00698	0.00200	0.04321	0.00558	0.00517	0.06387
5	0.01805	0.18513	0.01857	0.01178	0.01492	0.03654	0.00970	0.06661	0.01524	0.17562	0.03828	0.09280	0.01834	0.11153	0.07799	0.00343	0.08479	0.00757	0.00504	0.00808
6	0.01005	0.00754	0.00962	0.00877	0.01091	0.00665	0.00657	0.01298	0.01756	0.02510	0.53757	0.11813	0.05301	0.01311	0.00752	0.00200	0.00352	0.01158	0.00673	0.13106
7	0.01178	0.01090	0.01786	0.01974	0.19924	0.01025	0.11962	0.01495	0.01588	0.02130	0.17133	0.10838	0.22705	0.01206	0.00765	0.00221	0.00585	0.01111	0.00525	0.00761
8	0.01279	0.02553	0.45887	0.01714	0.02446	0.01354	0.08137	0.01975	0.05321	0.02206	0.11274	0.05888	0.05310	0.00869	0.00693	0.00218	0.00826	0.00748	0.00405	0.00896
9	0.00818	0.00584	0.00779	0.00934	0.00973	0.00545	0.00623	0.00934	0.01285	0.01713	0.03698	0.75981	0.04438	0.02102	0.00856	0.00273	0.00389	0.01908	0.00623	0.00545
10	0.01904	0.02077	0.05389	0.01504	0.01905	0.23377	0.01207	0.03223	0.46532	0.02420	0.02140	0.02057	0.01628	0.00830	0.00657	0.00210	0.00760	0.00646	0.00560	0.00973
11	0.01747	0.69208	0.10723	0.01227	0.01845	0.02541	0.01286	0.02021	0.01369	0.01635	0.00961	0.01112	0.00860	0.00581	0.00452	0.00151	0.00746	0.00373	0.00287	0.00875
12	0.04606	0.01439	0.01738	0.01520	0.07464	0.01470	0.01139	0.31390	0.02379	0.26673	0.08814	0.02316	0.04205	0.00877	0.00680	0.00205	0.00627	0.00706	0.00695	0.01055
13	0.02343	0.02647	0.01840	0.01628	0.02008	0.48526	0.01246	0.12798	0.16112	0.02260	0.01466	0.01532	0.01145	0.00753	0.00631	0.00188	0.01003	0.00524	0.00462	0.00889
14	0.00976	0.00651	0.00732	0.00732	0.00732	0.00651	0.00407	0.00976	0.00976	0.01301	0.02114	0.04391	0.02439	0.76419	0.03415	0.00651	0.00651	0.00976	0.00407	0.00407
15	0.01416	0.14932	0.62095	0.01793	0.02719	0.01730	0.02271	0.02107	0.01408	0.02040	0.01162	0.01363	0.00852	0.00628	0.00605	0.00202	0.00949	0.00474	0.00284	0.00971
16	0.01731	0.01746	0.02459	0.08440	0.16115	0.09273	0.12247	0.09300	0.01559	0.02105	0.01151	0.01575	0.00965	0.00835	0.01223	0.00236	0.27201	0.00608	0.00355	0.00874
17	0.01214	0.17376	0.13049	0.01483	0.09484	0.01280	0.01179	0.01482	0.01332	0.01780	0.02344	0.35536	0.02606	0.05793	0.00861	0.00250	0.00617	0.01150	0.00452	0.00734
18	0.01669	0.01441	0.01517	0.01365	0.01745	0.01669	0.01062	0.03565	0.71021	0.02807	0.02731	0.02503	0.02048	0.00910	0.00683	0.00228	0.00531	0.00759	0.00683	0.01062
19	0.01584	0.01810	0.03959	0.02828	0.03507	0.01697	0.69796	0.02149	0.01584	0.02149	0.01357	0.01810	0.01018	0.00566	0.00792	0.00226	0.01131	0.00792	0.00339	0.00905
20	0.02436	0.01114	0.01426	0.01140	0.01580	0.01018	0.00932	0.10186	0.01998	0.47659	0.09680	0.03137	0.10425	0.01016	0.00708	0.00213	0.00540	0.03014	0.00772	0.01008
21	0.09798	0.01432	0.01584	0.01277	0.01719	0.01527	0.01036	0.30828	0.11342	0.17120	0.13064	0.02350	0.02146	0.00897	0.00668	0.00208	0.00591	0.00712	0.00690	0.01011
22	0.01817	0.01515	0.01601	0.01395	0.01801	0.01738	0.01098	0.14728	0.59617	0.03046	0.02543	0.02353	0.01896	0.00893	0.00681	0.00223	0.00566	0.00733	0.00681	0.01075
23	0.73529	0.01314	0.01089	0.00967	0.01342	0.01558	0.00798	0.01938	0.01131	0.02877	0.00929	0.01126	0.00741	0.00676	0.00586	0.00216	0.07668	0.00385	0.00404	0.00727
24	0.14211	0.01754	0.01665	0.01347	0.01800	0.12486	0.01080	0.30726	0.02261	0.18705	0.01685	0.01791	0.01232	0.05341	0.00790	0.00227	0.00735	0.00581	0.00603	0.00981
25	0.01669	0.01441	0.01517	0.01365	0.01745	0.01669	0.01062	0.03565	0.71021	0.02807	0.02731	0.02503	0.02048	0.00910	0.00683	0.00228	0.00531	0.00759	0.00683	0.01062

[dist]
# distance from previous block
# <min> <max>
0	12

[block]
# block no. 1 follows, 32 sequences, length 63
# corresponding to MSA columns:
# 174-190,192-237
name=unknown_B
#
# <colnr> <probs for GDERKNQSTAVLIFYWHMCP>
#	G	D	E	R	K	N	Q	S	T	A	V	L	I	F	Y	W	H	M	C	P
0	0.01972	0.01541	0.01650	0.01404	0.01832	0.01742	0.01114	0.21098	0.49495	0.06822	0.02431	0.02256	0.01788	0.00878	0.00679	0.00220	0.00588	0.00713	0.00687	0.01087
1	0.81159	0.01298	0.00986	0.00882	0.01298	0.01505	0.00727	0.01972	0.01142	0.03010	0.00934	0.01090	0.00727	0.00623	0.00415	0.00208	0.00519	0.00363	0.00415	0.00727
2	0.01773	0.33582	0.02513	0.01413	0.06270	0.01989	0.01156	0.13198	0.05376	0.02283	0.04206	0.01528	0.01241	0.00689	0.00638	0.00165	0.05349	0.00494	0.00414	0.15723
3	0.01166	0.00583	0.00874	0.00874	0.00874	0.00583	0.00583	0.00874	0.00874	0.01166	0.01166	0.02040	0.01166	0.02331	0.02622	0.80478	0.00583	0.00583	0.00291	0.00291
4	0.00976	0.00651	0.00732	0.00732	0.00732	0.00651	0.00407	0.00976	0.00976	0.01301	0.02114	0.04391	0.02439	0.76419	0.03415	0.00651	0.00651	0.00976	0.00407	0.00407
5	0.00919	0.00685	0.00854	0.00811	0.00983	0.00620	0.00609	0.01206	0.01826	0.02516	0.58950	0.05299	0.19369	0.01437	0.00792	0.00214	0.00321	0.01254	0.00716	0.00620
6	0.01420	0.01297	0.02148	0.03164	0.50466	0.01288	0.01649	0.01745	0.01470	0.02065	0.01998	0.19986	0.02058	0.01042	0.00728	0.00224	0.00687	0.05236	0.00421	0.00909
7	0.00976	0.00651	0.00732	0.00732	0.00732	0.00651	0.00407	0.00976	0.00976	0.01301	0.02114	0.04391	0.02439	0.76419	0.03415	0.00651	0.00651	0.00976	0.00407	0.00407
8	0.00960	0.00715	0.01056	0.01056	0.01168	0.00827	0.00811	0.01184	0.01072	0.01541	0.01818	0.02749	0.01727	0.09629	0.69230	0.01051	0.01723	0.00735	0.00362	0.00587
9	0.02481	0.01007	0.01369	0.01131	0.01534	0.00880	0.00898	0.02706	0.01767	0.55559	0.02901	0.20078	0.02331	0.01138	0.00719	0.00223	0.00527	0.00972	0.00780	0.00998
10	0.01391	0.01193	0.01391	0.00994	0.01590	0.00894	0.00795	0.01690	0.01391	0.02186	0.01193	0.01391	0.00994	0.00497	0.00497	0.00099	0.00497	0.00398	0.00398	0.80521
11	0.01435	0.01099	0.01097	0.01057	0.01142	0.13533	0.00740	0.01368	0.05641	0.01357	0.01245	0.01924	0.01170	0.01949	0.02140	0.61092	0.00690	0.00568	0.00327	0.00427
12	0.01251	0.00625	0.00625	0.00625	0.00782	0.00625	0.00469	0.01563	0.01407	0.02502	0.02189	0.02502	0.01720	0.00782	0.00469	0.00156	0.00313	0.00625	0.80144	0.00625
13	0.29613	0.01653	0.01911	0.01643	0.06535	0.04947	0.10126	0.24051	0.04314	0.03121	0.02984	0.01549	0.01110	0.00720	0.00643	0.00209	0.02905	0.00556	0.00493	0.00918
14	0.01496	0.01551	0.02515	0.02019	0.02183	0.01969	0.17966	0.01744	0.01162	0.01744	0.00996	0.01551	0.00914	0.01027	0.01862	0.00277	0.57309	0.00637	0.00305	0.00775
15	0.01565	0.00928	0.00961	0.00847	0.01095	0.00977	0.00664	0.18086	0.01829	0.02919	0.02049	0.02287	0.01580	0.00787	0.00518	0.00167	0.00415	0.00620	0.60955	0.00750
16	0.01475	0.01476	0.02720	0.33797	0.26954	0.01575	0.18331	0.01935	0.01462	0.01979	0.01256	0.01751	0.00981	0.00621	0.00698	0.00216	0.00919	0.00644	0.00319	0.00890
17	0.02085	0.01398	0.01929	0.07177	0.14066	0.05947	0.05447	0.07067	0.01764	0.25837	0.02120	0.02886	0.01725	0.00951	0.00799	0.00228	0.04613	0.12443	0.00570	0.00949
18	0.01447	0.00931	0.01206	0.01216	0.01450	0.00931	0.01022	0.10393	0.01763	0.10192	0.03328	0.14270	0.05660	0.01627	0.00853	0.00277	0.00592	0.41459	0.00649	0.00734
19	0.01980	0.01492	0.12194	0.01307	0.01743	0.03216	0.01168	0.04784	0.10520	0.29385	0.02557	0.19896	0.02193	0.01124	0.00759	0.00228	0.02925	0.00944	0.00643	0.00942
20	0.01620	0.01450	0.01665	0.06047	0.13818	0.10257	0.01140	0.01990	0.04644	0.06582	0.07605	0.05359	0.01698	0.00740	0.00611	0.00163	0.00648	0.00623	0.00454	0.32886
21	0.02199	0.04869	0.18778	0.01324	0.01910	0.01196	0.01308	0.02696	0.06656	0.39062	0.06516	0.02466	0.06256	0.00866	0.00670	0.00209	0.00646	0.00703	0.00646	0.01022
22	0.01081	0.00583	0.00851	0.00889	0.00898	0.00574	0.00592	0.00889	0.00973	0.01298	0.01777	0.19893	0.01956	0.02276	0.02196	0.61112	0.00536	0.00903	0.00371	0.00353
23	0.01683	0.25536	0.33762	0.01567	0.02278	0.08149	0.01733	0.02365	0.10565	0.04418	0.01356	0.01466	0.01039	0.00665	0.00579	0.00190	0.00852	0.00489	0.00361	0.00948
24	0.01584	0.13255	0.23091	0.13600	0.18798	0.01781	0.07438	0.07059	0.01556	0.02142	0.01210	0.01527	0.00943	0.00644	0.00671	0.00203	0.02672	0.00549	0.00331	0.00948
25	0.00891	0.00603	0.00805	0.00943	0.00998	0.00560	0.00635	0.01013	0.01306	0.04101	0.03663	0.73502	0.04344	0.02059	0.00850	0.00270	0.00395	0.01866	0.00630	0.00565
26	0.02899	0.01320	0.01667	0.01278	0.01802	0.01250	0.01056	0.19381	0.02219	0.56166	0.02397	0.02121	0.01535	0.00824	0.00674	0.00206	0.00611	0.00658	0.00792	0.01142
27	0.01589	0.04690	0.01887	0.07490	0.24164	0.04406	0.01329	0.07794	0.07587	0.05752	0.19993	0.02813	0.05842	0.00913	0.00693	0.00205	0.00634	0.00795	0.00529	0.00894
28	0.01442	0.07711	0.29046	0.01684	0.10101	0.01277	0.01575	0.01885	0.01495	0.09924	0.02720	0.09481	0.15041	0.01021	0.00687	0.00216	0.00710	0.02654	0.00456	0.00874
29	0.01275	0.00749	0.00982	0.01026	0.01179	0.00710	0.00743	0.01545	0.05971	0.14301	0.03441	0.54110	0.03758	0.01785	0.00817	0.00260	0.00444	0.05551	0.00663	0.00688
30	0.05047	0.01547	0.02445	0.12771	0.51466	0.01621	0.01867	0.07794	0.04714	0.02364	0.01334	0.01686	0.01077	0.00640	0.00656	0.00204	0.00781	0.00595	0.00375	0.01014
31	0.55045	0.01811	0.13965	0.01365	0.04759	0.04742	0.05632	0.02046	0.01269	0.02703	0.01028	0.01224	0.00788	0.00624	0.00498	0.00208	0.00685	0.00428	0.00380	0.00801
32	0.01752	0.01752	0.05564	0.03799	0.14230	0.06321	0.18570	0.14232	0.13015	0.02645	0.09482	0.02163	0.01788	0.00773	0.00710	0.00212	0.00812	0.00727	0.00493	0.00960
33	0.00920	0.00703	0.00836	0.00846	0.00996	0.00657	0.00609	0.01223	0.05725	0.02136	0.29284	0.22346	0.23020	0.06441	0.00970	0.00259	0.00375	0.01393	0.00655	0.00605
34	0.02506	0.03198	0.01901	0.01729	0.02074	0.73725	0.01296	0.02679	0.01901	0.01642	0.01037	0.01210	0.00864	0.00691	0.00605	0.00173	0.01210	0.00432	0.00346	0.00778
35	0.00925	0.00685	0.00863	0.00818	0.00987	0.00623	0.00614	0.01218	0.01841	0.02552	0.61571	0.05241	0.16726	0.01424	0.00792	0.00213	0.00320	0.01246	0.00720	0.00623
36	0.03010	0.01142	0.01557	0.01194	0.01713	0.00986	0.00986	0.03270	0.01920	0.72698	0.02647	0.02284	0.01661	0.00830	0.00675	0.00208	0.00571	0.00675	0.00830	0.01142
37	0.01708	0.18278	0.02790	0.03072	0.45320	0.01904	0.01754	0.05017	0.01506	0.02080	0.01160	0.01507	0.01001	0.00669	0.00791	0.00198	0.09386	0.00544	0.00333	0.00984
38	0.00851	0.00652	0.00780	0.00810	0.00958	0.00581	0.00584	0.01051	0.01573	0.02064	0.26728	0.27211	0.30302	0.01717	0.00812	0.00236	0.00347	0.01501	0.00660	0.00581
39	0.01780	0.74605	0.05615	0.01171	0.01758	0.02622	0.01188	0.02013	0.01365	0.01595	0.00941	0.01087	0.00861	0.00576	0.00437	0.00146	0.00726	0.00363	0.00287	0.00865
40	0.02044	0.00982	0.01286	0.01057	0.01414	0.00896	0.00844	0.06655	0.01990	0.36456	0.34061	0.03481	0.03751	0.01075	0.00728	0.00209	0.00466	0.00915	0.00778	0.00911
41	0.01824	0.01518	0.01605	0.01397	0.01804	0.01741	0.01100	0.15262	0.59071	0.03057	0.02534	0.02346	0.01889	0.00892	0.00681	0.00223	0.00568	0.00731	0.00681	0.01076
42	0.01924	0.01441	0.02031	0.14339	0.24293	0.01532	0.01509	0.12592	0.14137	0.14068	0.01962	0.02075	0.03520	0.00769	0.00675	0.00211	0.00706	0.00665	0.00530	0.01019
43	0.02398	0.02789	0.01825	0.01628	0.01968	0.57854	0.01240	0.08347	0.01940	0.03795	0.01198	0.01368	0.00966	0.00731	0.00671	0.00180	0.04222	0.00472	0.05601	0.00807
44	0.01835	0.01493	0.02071	0.01659	0.05154	0.01497	0.11617	0.20822	0.01921	0.07018	0.03529	0.03616	0.01315	0.00761	0.00818	0.00188	0.09060	0.00625	0.00493	0.24508
45	0.01610	0.01580	0.02349	0.02170	0.13288	0.11272	0.22355	0.01963	0.01574	0.06529	0.05068	0.02697	0.08908	0.01334	0.08978	0.00314	0.03004	0.03749	0.00431	0.00829
46	0.01219	0.00988	0.01125	0.01113	0.01326	0.01067	0.00821	0.02170	0.33100	0.02323	0.10994	0.32542	0.05543	0.01466	0.00768	0.00244	0.00444	0.01292	0.00663	0.00791
47	0.08617	0.01100	0.01427	0.13232	0.01998	0.01089	0.01027	0.06679	0.01787	0.33813	0.10361	0.02909	0.11178	0.00959	0.00681	0.00213	0.00572	0.00788	0.00661	0.00911
48	0.01748	0.06742	0.05617	0.13450	0.40661	0.14349	0.01830	0.02160	0.03444	0.02001	0.01229	0.01574	0.01008	0.00634	0.00639	0.00196	0.00880	0.00553	0.00334	0.00951
49	0.01267	0.01193	0.02013	0.74806	0.04621	0.01491	0.01863	0.01714	0.01342	0.01714	0.01193	0.01789	0.00894	0.00671	0.00671	0.00224	0.00894	0.00596	0.00298	0.00745
50	0.00976	0.00651	0.00732	0.00732	0.00732	0.00651	0.00407	0.00976	0.00976	0.01301	0.02114	0.04391	0.02439	0.76419	0.03415	0.00651	0.00651	0.00976	0.00407	0.00407
51	0.30501	0.01684	0.07701	0.02364	0.28489	0.03731	0.05095	0.04853	0.01481	0.06475	0.01228	0.01462	0.00952	0.00633	0.00578	0.00205	0.00728	0.00515	0.00400	0.00926
52	0.00805	0.00674	0.00700	0.00707	0.00917	0.00569	0.00525	0.00981	0.01537	0.01863	0.10785	0.10909	0.63321	0.01705	0.00797	0.00229	0.00342	0.01435	0.00631	0.00569
53	0.01464	0.01675	0.13895	0.14604	0.14348	0.01400	0.13155	0.02103	0.09051	0.05381	0.13911	0.02376	0.02052	0.00792	0.00707	0.00216	0.00779	0.00743	0.00451	0.00898
54	0.53904	0.01322	0.01234	0.01028	0.01481	0.01441	0.00848	0.09542	0.01545	0.19966	0.01420	0.01434	0.00996	0.00692	0.00505	0.00207	0.00555	0.00464	0.00543	0.00871
55	0.00965	0.00677	0.00865	0.00852	0.00923	0.00697	0.00578	0.01106	0.01226	0.01706	0.18874	0.04068	0.03174	0.39078	0.21722	0.00660	0.00879	0.00964	0.00474	0.00513
56	0.01391	0.01193	0.01391	0.00994	0.01590	0.00894	0.00795	0.01690	0.01391	0.02186	0.01193	0.01391	0.00994	0.00497	0.00497	0.00099	0.00497	0.00398	0.00398	0.80521
57	0.01912	0.01499	0.01607	0.01386	0.01802	0.01697	0.01095	0.15243	0.54554	0.07626	0.02528	0.02332	0.01863	0.00887	0.00680	0.00222	0.00570	0.00726	0.00690	0.01081
58	0.00852	0.00616	0.00751	0.00844	0.00904	0.00574	0.00552	0.00949	0.01250	0.01630	0.03825	0.47262	0.15061	0.19980	0.01464	0.00356	0.00444	0.01602	0.00571	0.00515
59	0.00936	0.00782	0.01076	0.18693	0.01855	0.00814	0.00905	0.01170	0.01380	0.01759	0.05861	0.23769	0.27296	0.01901	0.08434	0.00327	0.00639	0.01273	0.00520	0.00609
60	0.00937	0.00657	0.00846	0.00878	0.00923	0.00685	0.00582	0.01034	0.01072	0.01465	0.02353	0.18969	0.02633	0.39336	0.23967	0.00699	0.00939	0.01095	0.00438	0.00493
61	0.00920	0.00639	0.00736	0.00771	0.00806	0.00617	0.00467	0.00965	0.01107	0.01451	0.02994	0.20675	0.10683	0.51377	0.02547	0.00518	0.00557	0.01234	0.00479	0.00456
62	0.01780	0.09880	0.02427	0.20247	0.32338	0.01656	0.01709	0.04947	0.01556	0.11043	0.01379	0.01693	0.01069	0.00682	0.00723	0.00205	0.04732	0.00580	0.00395	0.00959

[dist]
# distance from previous block
# <min> <max>
0	148

[block]
# block no. 2 follows, 32 sequences, length 8
# corresponding to MSA columns:
# 386-393
name=unknown_C
#
# <colnr> <probs for GDERKNQSTAVLIFYWHMCP>
#	G	D	E	R	K	N	Q	S	T	A	V	L	I	F	Y	W	H	M	C	P
0	0.02010	0.31487	0.02797	0.02050	0.16586	0.27689	0.04586	0.02265	0.01599	0.01755	0.01058	0.01280	0.00911	0.00620	0.00558	0.00169	0.00929	0.00455	0.00320	0.00875
1	0.70874	0.01578	0.10258	0.01015	0.01505	0.01512	0.00952	0.01992	0.01177	0.02896	0.00969	0.01132	0.00743	0.00625	0.00444	0.00208	0.00580	0.00380	0.00398	0.00761
2	0.01626	0.01660	0.02680	0.10518	0.41133	0.07573	0.14446	0.02032	0.01534	0.02058	0.01369	0.01945	0.01160	0.00834	0.03586	0.00244	0.00936	0.03382	0.00344	0.00941
3	0.01058	0.00752	0.01035	0.01177	0.01312	0.00750	0.00999	0.01330	0.01483	0.01932	0.03440	0.11103	0.03775	0.08105	0.01131	0.00335	0.00608	0.58479	0.00600	0.00596
4	0.00959	0.00719	0.01078	0.01078	0.01198	0.00839	0.00839	0.01198	0.01078	0.01558	0.01797	0.02636	0.01677	0.05032	0.73760	0.01078	0.01797	0.00719	0.00359	0.00599
5	0.01537	0.06300	0.22928	0.11235	0.02710	0.04729	0.11976	0.05575	0.09900	0.02189	0.05181	0.01836	0.01340	0.00768	0.00835	0.00220	0.08824	0.00629	0.00390	0.00900
6	0.01050	0.00853	0.01253	0.01201	0.01299	0.01056	0.00951	0.01273	0.01069	0.01568	0.01633	0.02427	0.01535	0.04342	0.60956	0.00938	0.14929	0.00695	0.00348	0.00623
7	0.01701	0.01858	0.13074	0.13910	0.27270	0.01670	0.05241	0.13831	0.10128	0.02528	0.01484	0.01744	0.01134	0.00687	0.00671	0.00210	0.00816	0.00612	0.00420	0.01008

[dist]
# distance from previous block
# <min> <max>
1	2

[block]
# block no. 3 follows, 32 sequences, length 12
# corresponding to MSA columns:
# 396-407
name=unknown_D
#
# <colnr> <probs for GDERKNQSTAVLIFYWHMCP>
#	G	D	E	R	K	N	Q	S	T	A	V	L	I	F	Y	W	H	M	C	P
0	0.01639	0.19929	0.19617	0.01454	0.03993	0.04070	0.01429	0.09696	0.01659	0.04696	0.01842	0.02428	0.05415	0.00842	0.00620	0.00192	0.00741	0.08743	0.00426	0.10571
1	0.01267	0.01193	0.02013	0.74806	0.04621	0.01491	0.01863	0.01714	0.01342	0.01714	0.01193	0.01789	0.00894	0.00671	0.00671	0.00224	0.00894	0.00596	0.00298	0.00745
2	0.02306	0.01958	0.01830	0.01510	0.01966	0.14813	0.01205	0.35746	0.22580	0.06268	0.01877	0.01827	0.01377	0.00816	0.00663	0.00204	0.00756	0.00621	0.00623	0.01053
3	0.01452	0.00869	0.01084	0.01001	0.01247	0.00833	0.00758	0.01927	0.11703	0.17390	0.26564	0.20211	0.09468	0.01380	0.00766	0.00228	0.00420	0.01205	0.00715	0.00779
4	0.01458	0.21896	0.55503	0.01720	0.02607	0.01834	0.02145	0.02096	0.01403	0.01988	0.01136	0.01331	0.00853	0.00622	0.00586	0.00195	0.00923	0.00461	0.00284	0.00959
5	0.02009	0.12554	0.02033	0.08182	0.14570	0.01451	0.01250	0.09956	0.01852	0.22721	0.14359	0.02362	0.02148	0.00831	0.00657	0.00198	0.00635	0.00696	0.00578	0.00959
6	0.00851	0.00615	0.00778	0.00893	0.00957	0.00575	0.00606	0.00970	0.01288	0.01687	0.03855	0.53883	0.12391	0.12051	0.01197	0.00320	0.00432	0.05523	0.00593	0.00533
7	0.01573	0.01390	0.05021	0.02633	0.36740	0.01327	0.01526	0.05843	0.03998	0.07173	0.04708	0.02404	0.07046	0.01547	0.13722	0.00361	0.00900	0.00715	0.00441	0.00931
8	0.02331	0.01429	0.04102	0.01461	0.01940	0.04240	0.08091	0.10709	0.08379	0.35664	0.02332	0.02616	0.01718	0.01096	0.04257	0.00261	0.00748	0.06943	0.00668	0.01015
9	0.00976	0.00651	0.00732	0.00732	0.00732	0.00651	0.00407	0.00976	0.00976	0.01301	0.02114	0.04391	0.02439	0.76419	0.03415	0.00651	0.00651	0.00976	0.00407	0.00407
10	0.01979	0.00928	0.01180	0.00986	0.01340	0.00828	0.00785	0.02293	0.04072	0.36832	0.18461	0.03655	0.15353	0.01104	0.00706	0.00208	0.00452	0.00925	0.07030	0.00884
11	0.01370	0.01360	0.08731	0.04683	0.07331	0.01278	0.03550	0.02115	0.23750	0.02068	0.02126	0.12627	0.01946	0.01313	0.01154	0.14685	0.05052	0.03592	0.00482	0.00787

[dist]
# distance from previous block
# <min> <max>
0	1

[block]
# block no. 4 follows, 32 sequences, length 34
# corresponding to MSA columns:
# 409-442
name=unknown_E
#
# <colnr> <probs for GDERKNQSTAVLIFYWHMCP>
#	G	D	E	R	K	N	Q	S	T	A	V	L	I	F	Y	W	H	M	C	P
0	0.27715	0.01894	0.13736	0.03842	0.09408	0.04562	0.01405	0.15700	0.01694	0.05877	0.01233	0.01420	0.00931	0.00720	0.00710	0.00213	0.07090	0.00501	0.00437	0.00912
1	0.29302	0.22130	0.11216	0.01222	0.01757	0.01893	0.01168	0.06839	0.14278	0.02550	0.01346	0.01425	0.01051	0.00677	0.00515	0.00194	0.00651	0.00468	0.00430	0.00887
2	0.01034	0.00713	0.01044	0.01031	0.01107	0.00814	0.00770	0.01119	0.01018	0.01443	0.01624	0.02572	0.01574	0.09694	0.47524	0.20723	0.04642	0.00699	0.00343	0.00514
3	0.01604	0.01746	0.09202	0.06239	0.44733	0.01578	0.12063	0.04882	0.03632	0.02242	0.01434	0.04964	0.01211	0.00684	0.00690	0.00210	0.00840	0.00680	0.00365	0.01000
4	0.01957	0.02061	0.05326	0.04689	0.31025	0.16815	0.09052	0.13650	0.04591	0.02423	0.01337	0.01600	0.01055	0.00665	0.00667	0.00199	0.00910	0.00587	0.00404	0.00988
5	0.01523	0.01051	0.01244	0.01128	0.01410	0.01094	0.00878	0.07792	0.22089	0.10816	0.26113	0.11811	0.03751	0.01239	0.00752	0.00227	0.00470	0.05056	0.00707	0.00848
6	0.01515	0.04834	0.14364	0.02128	0.21877	0.01406	0.02792	0.05086	0.11070	0.03914	0.04579	0.05222	0.07777	0.00835	0.00660	0.00199	0.00682	0.00722	0.00455	0.09885
7	0.29982	0.01436	0.01475	0.01164	0.01664	0.01498	0.00957	0.23536	0.01954	0.15962	0.01499	0.01517	0.01068	0.00699	0.00555	0.00189	0.00594	0.00501	0.00569	0.13180
8	0.01584	0.01941	0.18372	0.02163	0.14699	0.04332	0.13563	0.08437	0.05716	0.04831	0.04691	0.10072	0.04780	0.00893	0.00712	0.00218	0.00805	0.00817	0.00453	0.00923
9	0.01502	0.06205	0.09070	0.01139	0.01691	0.01162	0.01022	0.05997	0.06225	0.05582	0.09594	0.02102	0.04337	0.00722	0.00583	0.00151	0.00557	0.00585	0.00481	0.41291
10	0.01071	0.00766	0.00907	0.00819	0.01073	0.00657	0.00625	0.01325	0.01704	0.06971	0.34581	0.05024	0.31121	0.01374	0.00754	0.00205	0.00361	0.01173	0.00665	0.08825
11	0.01391	0.01193	0.01391	0.00994	0.01590	0.00894	0.00795	0.01690	0.01391	0.02186	0.01193	0.01391	0.00994	0.00497	0.00497	0.00099	0.00497	0.00398	0.00398	0.80521
12	0.01925	0.03366	0.05262	0.04279	0.19970	0.01458	0.05924	0.12387	0.06434	0.13685	0.01611	0.01742	0.01199	0.00667	0.00635	0.00184	0.00704	0.00583	0.00495	0.17491
13	0.01450	0.01231	0.05236	0.01036	0.01576	0.00896	0.00876	0.01774	0.01519	0.08064	0.12815	0.02055	0.01909	0.00674	0.00567	0.00133	0.00501	0.00558	0.00482	0.56645
14	0.00898	0.00645	0.00850	0.00945	0.01036	0.00588	0.00654	0.01022	0.01300	0.01763	0.05412	0.60902	0.04010	0.01951	0.00924	0.04642	0.00416	0.04339	0.00590	0.07114
15	0.11708	0.01688	0.01752	0.01415	0.01893	0.01897	0.01150	0.43348	0.21826	0.03687	0.01842	0.01797	0.01344	0.00813	0.00644	0.00209	0.00654	0.00618	0.00644	0.01069
16	0.01130	0.00878	0.01140	0.03470	0.05539	0.00935	0.00841	0.01587	0.14030	0.01861	0.05722	0.09138	0.13249	0.08368	0.18894	0.10297	0.00831	0.00945	0.00489	0.00655
17	0.03720	0.00704	0.00818	0.00867	0.00946	0.00701	0.00570	0.01184	0.06076	0.01729	0.05905	0.34258	0.08179	0.29230	0.01763	0.00400	0.00493	0.01369	0.00545	0.00542
18	0.15571	0.53762	0.02784	0.01089	0.01609	0.02217	0.01035	0.02059	0.01397	0.07368	0.04944	0.01387	0.01198	0.00646	0.00466	0.00163	0.00650	0.00431	0.00376	0.00847
19	0.01266	0.00903	0.01122	0.05040	0.01411	0.00916	0.00836	0.06223	0.06115	0.08054	0.19478	0.16447	0.19258	0.01439	0.00842	0.00235	0.03748	0.05312	0.00641	0.00717
20	0.01039	0.00737	0.00903	0.00930	0.01086	0.00703	0.00691	0.01353	0.06402	0.04959	0.17742	0.24719	0.17570	0.07969	0.01036	0.00282	0.00435	0.10177	0.00640	0.00626
21	0.08064	0.01335	0.01928	0.06914	0.34989	0.01371	0.01445	0.09988	0.01695	0.02424	0.06397	0.05397	0.13430	0.00916	0.00681	0.00210	0.00653	0.00802	0.00462	0.00897
22	0.04914	0.43794	0.07504	0.05888	0.07719	0.02144	0.01298	0.08569	0.01514	0.01975	0.01157	0.01482	0.01018	0.04923	0.03405	0.00228	0.00784	0.00473	0.00343	0.00867
23	0.07805	0.01947	0.28555	0.01322	0.01776	0.05481	0.01365	0.01641	0.01293	0.01878	0.01856	0.07893	0.01873	0.23955	0.01508	0.00357	0.00783	0.07608	0.00392	0.00711
24	0.01177	0.00727	0.00875	0.00846	0.01009	0.00665	0.00605	0.01333	0.01445	0.11016	0.13799	0.12858	0.21431	0.23544	0.01563	0.00356	0.00479	0.05064	0.00603	0.00605
25	0.01530	0.01224	0.01460	0.01646	0.14770	0.08430	0.01055	0.01770	0.01605	0.12064	0.12817	0.10123	0.17743	0.03166	0.00903	0.00233	0.05563	0.02560	0.00557	0.00780
26	0.01847	0.01882	0.13837	0.01560	0.02001	0.01779	0.01422	0.29486	0.11021	0.02949	0.03823	0.07161	0.01554	0.00974	0.00983	0.00230	0.15275	0.00715	0.00532	0.00967
27	0.26308	0.01300	0.01360	0.01145	0.01566	0.01395	0.00916	0.08302	0.20066	0.22977	0.02030	0.02050	0.01483	0.05344	0.00763	0.00239	0.00563	0.00614	0.00626	0.00950
28	0.01019	0.00776	0.00990	0.01083	0.06796	0.00747	0.00683	0.01284	0.04294	0.02085	0.31254	0.07408	0.12957	0.23922	0.01568	0.00347	0.00471	0.01126	0.00584	0.00606
29	0.01599	0.01610	0.02148	0.01757	0.02100	0.13005	0.20343	0.09662	0.04368	0.02134	0.01944	0.19168	0.01902	0.01457	0.07790	0.00312	0.06505	0.00951	0.00457	0.00792
30	0.01657	0.17129	0.24309	0.01891	0.02542	0.13960	0.18596	0.02126	0.01502	0.01896	0.01210	0.01513	0.00964	0.00978	0.06644	0.00267	0.01076	0.00550	0.00315	0.00876
31	0.01429	0.00820	0.01018	0.00940	0.01215	0.00709	0.00722	0.01635	0.01576	0.19605	0.07891	0.22245	0.24087	0.01475	0.00763	0.00227	0.00438	0.05256	0.00662	0.07287
32	0.01583	0.14505	0.06982	0.13889	0.06563	0.09373	0.19076	0.01950	0.01442	0.01835	0.01337	0.07265	0.01196	0.00791	0.00839	0.00215	0.09314	0.00683	0.00337	0.00825
33	0.08226	0.13538	0.02176	0.36449	0.12539	0.01659	0.01551	0.01788	0.01380	0.01942	0.06932	0.01842	0.01344	0.00729	0.00711	0.00209	0.05253	0.00588	0.00347	0.00796

[dist]
# distance from previous block
# <min> <max>
0	1

[block]
# block no. 5 follows, 32 sequences, length 24
# corresponding to MSA columns:
# 444-467
name=unknown_F
#
# <colnr> <probs for GDERKNQSTAVLIFYWHMCP>
#	G	D	E	R	K	N	Q	S	T	A	V	L	I	F	Y	W	H	M	C	P
0	0.00858	0.00667	0.00764	0.00767	0.00931	0.00591	0.00555	0.01054	0.01570	0.02033	0.26177	0.14828	0.37670	0.07315	0.00999	0.00260	0.00363	0.01383	0.00642	0.00572
1	0.00927	0.00694	0.00908	0.00902	0.01025	0.00722	0.00664	0.01115	0.01247	0.01692	0.11068	0.04037	0.16770	0.17759	0.36652	0.00720	0.01103	0.00969	0.00467	0.00559
2	0.01420	0.16891	0.02232	0.09786	0.21531	0.01557	0.04155	0.01867	0.07450	0.01930	0.02287	0.02532	0.12768	0.01325	0.09181	0.00301	0.00824	0.00718	0.00401	0.00845
3	0.01358	0.01127	0.01956	0.07144	0.02087	0.01184	0.18214	0.01674	0.01426	0.08307	0.10135	0.14962	0.02373	0.01826	0.14037	0.00391	0.09610	0.00969	0.00474	0.00746
4	0.02536	0.01157	0.01532	0.07551	0.01871	0.01098	0.01014	0.09774	0.01871	0.49744	0.02341	0.02456	0.01646	0.11049	0.01045	0.00268	0.00627	0.00701	0.00710	0.01008
5	0.01154	0.00907	0.01073	0.00903	0.01203	0.00761	0.00644	0.01325	0.01227	0.01801	0.01884	0.13289	0.01997	0.25802	0.04522	0.00346	0.00585	0.00820	0.00432	0.39324
6	0.01406	0.00922	0.01239	0.11930	0.01779	0.00850	0.00903	0.01661	0.01507	0.14297	0.10053	0.24031	0.06823	0.01213	0.00707	0.00207	0.00509	0.01062	0.00574	0.18328
7	0.21493	0.01196	0.01292	0.01034	0.01477	0.01158	0.00833	0.10668	0.01733	0.12459	0.15866	0.02209	0.02132	0.00793	0.00584	0.00177	0.00507	0.00621	0.00567	0.23202
8	0.01187	0.00772	0.00921	0.00923	0.01030	0.00775	0.00616	0.01495	0.10206	0.07828	0.02784	0.28529	0.03007	0.34617	0.01947	0.00428	0.00539	0.01241	0.00553	0.00602
9	0.01183	0.00729	0.00891	0.00866	0.01024	0.00672	0.00624	0.01347	0.01456	0.10803	0.15700	0.12657	0.17817	0.23520	0.01566	0.00358	0.00486	0.07088	0.00606	0.00606
10	0.01358	0.00845	0.01041	0.01001	0.01233	0.00808	0.00764	0.01793	0.10733	0.14669	0.15300	0.23277	0.16058	0.01505	0.00785	0.00240	0.00438	0.06722	0.00687	0.00744
11	0.00993	0.00683	0.00793	0.00810	0.00978	0.00603	0.00578	0.01147	0.01456	0.07160	0.08675	0.27114	0.36407	0.08218	0.01031	0.00275	0.00398	0.01461	0.00626	0.00593
12	0.01502	0.01037	0.01157	0.01018	0.01249	0.01073	0.00752	0.22203	0.01874	0.04747	0.08663	0.12815	0.08878	0.22314	0.01471	0.00336	0.00558	0.01007	0.06622	0.00723
13	0.07546	0.01049	0.01157	0.01034	0.01286	0.01096	0.00768	0.13510	0.10396	0.08299	0.08970	0.12707	0.08004	0.19596	0.01369	0.00328	0.00546	0.00989	0.00598	0.00752
14	0.00904	0.00685	0.00787	0.00793	0.00943	0.00625	0.00579	0.01083	0.01484	0.01911	0.19898	0.05775	0.33023	0.19251	0.01426	0.00332	0.00440	0.08914	0.00597	0.00550
15	0.41543	0.01488	0.01423	0.01169	0.01632	0.01661	0.00960	0.24922	0.07185	0.09955	0.01457	0.01483	0.01053	0.00725	0.00545	0.00207	0.00598	0.00503	0.00560	0.00929
16	0.01001	0.00650	0.00771	0.00807	0.00869	0.00638	0.00539	0.01132	0.01245	0.01773	0.09539	0.16699	0.03186	0.36895	0.02002	0.00429	0.00514	0.07251	0.13553	0.00508
17	0.04293	0.00822	0.00972	0.00939	0.01117	0.00796	0.00670	0.07275	0.01517	0.10685	0.06195	0.31110	0.12476	0.16456	0.01298	0.00322	0.00489	0.01305	0.00607	0.00656
18	0.04084	0.01006	0.01189	0.01126	0.01362	0.01047	0.00890	0.11762	0.08550	0.08459	0.04761	0.09398	0.02750	0.15777	0.01279	0.00327	0.00590	0.21302	0.03599	0.00743
19	0.81159	0.01298	0.00986	0.00882	0.01298	0.01505	0.00727	0.01972	0.01142	0.03010	0.00934	0.01090	0.00727	0.00623	0.00415	0.00208	0.00519	0.00363	0.00415	0.00727
20	0.01157	0.00836	0.00952	0.00921	0.01125	0.00826	0.00708	0.10447	0.01664	0.02239	0.07900	0.12764	0.25129	0.06797	0.05344	0.00309	0.00537	0.09016	0.10681	0.00650
21	0.11444	0.00801	0.00922	0.00914	0.01136	0.00768	0.00715	0.01423	0.01558	0.08320	0.18709	0.15837	0.21264	0.01501	0.00765	0.00239	0.00430	0.11957	0.00638	0.00656
22	0.01120	0.00787	0.00917	0.00897	0.01090	0.00743	0.00661	0.05460	0.04210	0.06398	0.13467	0.22783	0.27261	0.07704	0.01008	0.00270	0.00429	0.03507	0.00638	0.00648
23	0.34396	0.01250	0.01202	0.01080	0.01456	0.01404	0.00866	0.02601	0.26472	0.09177	0.01977	0.02149	0.01529	0.00820	0.00565	0.00215	0.00515	0.03842	0.07615	0.00871

[dist]
# distance from previous block
# <min> <max>
5	10

[block]
# block no. 6 follows, 32 sequences, length 6
# corresponding to MSA columns:
# 478-483
name=unknown_G
#
# <colnr> <probs for GDERKNQSTAVLIFYWHMCP>
#	G	D	E	R	K	N	Q	S	T	A	V	L	I	F	Y	W	H	M	C	P
0	0.06157	0.01641	0.01919	0.13649	0.15046	0.08472	0.01386	0.21029	0.07477	0.06950	0.01551	0.01830	0.01204	0.04644	0.00786	0.00224	0.00766	0.00600	0.00491	0.04178
1	0.09200	0.05493	0.09414	0.05820	0.13556	0.11164	0.06074	0.09707	0.04384	0.09986	0.04188	0.01773	0.01305	0.00715	0.00627	0.00199	0.00790	0.00585	0.04089	0.00930
2	0.09000	0.01764	0.06959	0.07872	0.08917	0.05243	0.10862	0.17832	0.10570	0.08410	0.01597	0.01734	0.01174	0.00709	0.00653	0.00205	0.00782	0.00607	0.00499	0.04610
3	0.04073	0.04348	0.01975	0.17919	0.11493	0.05250	0.03368	0.06767	0.07898	0.08449	0.04668	0.01862	0.01360	0.00754	0.00772	0.00202	0.07197	0.00603	0.00448	0.10594
4	0.01966	0.13009	0.05559	0.08847	0.06622	0.04595	0.01274	0.12359	0.11756	0.14700	0.05973	0.01960	0.01568	0.00763	0.00627	0.00193	0.00686	0.00610	0.00536	0.06399
5	0.06546	0.01615	0.05564	0.01946	0.17971	0.06821	0.01314	0.10969	0.11654	0.02578	0.11470	0.02276	0.04081	0.00844	0.00735	0.00202	0.04595	0.00683	0.00499	0.07636

[dist]
# distance from previous block
# <min> <max>
4	133

# created by:
# /home/berkeley/.conda/envs/busco_data_prod/bin/msa2prfl.pl pipeline/OGs_align_augustus/5794/18178.fs
