[name]
unknown

[dist]
# distance from previous block
# <min> <max>
0	7

[block]
# block no. 0 follows, 31 sequences, length 10
# corresponding to MSA columns:
# 7-16
name=unknown_A
#
# <colnr> <probs for GDERKNQSTAVLIFYWHMCP>
#	G	D	E	R	K	N	Q	S	T	A	V	L	I	F	Y	W	H	M	C	P
0	0.04364	0.11111	0.01846	0.01377	0.01709	0.01417	0.08705	0.09001	0.15031	0.02340	0.02595	0.26490	0.02628	0.01306	0.00744	0.00240	0.00619	0.07091	0.00566	0.00820
1	0.01916	0.25790	0.29001	0.01585	0.02306	0.06369	0.01710	0.16015	0.01845	0.05599	0.01283	0.01404	0.00970	0.00677	0.00591	0.00190	0.00865	0.00489	0.00401	0.00995
2	0.04937	0.01418	0.04906	0.01386	0.01837	0.01361	0.07219	0.13238	0.17430	0.16930	0.12798	0.02935	0.08603	0.00981	0.00717	0.00219	0.00610	0.00836	0.00667	0.00971
3	0.01564	0.01429	0.02512	0.18807	0.09004	0.01487	0.23786	0.02260	0.13175	0.06412	0.01945	0.08406	0.01641	0.00865	0.00753	0.00234	0.00846	0.03517	0.00461	0.00898
4	0.01544	0.01538	0.01392	0.01148	0.01579	0.17085	0.00879	0.01798	0.01584	0.02094	0.08963	0.09564	0.04555	0.00858	0.00612	0.00153	0.00634	0.00697	0.00462	0.42862
5	0.01615	0.01565	0.17202	0.01258	0.01732	0.01104	0.01205	0.02276	0.13615	0.17631	0.15253	0.08074	0.12325	0.01124	0.00731	0.00224	0.00580	0.00948	0.00635	0.00902
6	0.01436	0.01279	0.01571	0.01189	0.01661	0.01178	0.00965	0.01706	0.01335	0.02098	0.01145	0.01436	0.00987	0.00662	0.00897	0.00146	0.17183	0.00449	0.00382	0.62295
7	0.02301	0.01912	0.02040	0.17944	0.02703	0.10069	0.01438	0.46620	0.02656	0.03436	0.01480	0.01637	0.01075	0.00777	0.00677	0.00207	0.00843	0.00594	0.00561	0.01031
8	0.01225	0.01092	0.01758	0.57777	0.03821	0.01327	0.01566	0.01579	0.01284	0.01653	0.01427	0.02420	0.01266	0.17602	0.01313	0.00326	0.00856	0.00695	0.00329	0.00682
9	0.01124	0.01393	0.17076	0.01340	0.01699	0.00940	0.01346	0.01528	0.01544	0.02048	0.03522	0.06157	0.12170	0.01590	0.00861	0.00282	0.00678	0.43439	0.00554	0.00709

[dist]
# distance from previous block
# <min> <max>
0	2

[block]
# block no. 1 follows, 31 sequences, length 38
# corresponding to MSA columns:
# 19-56
name=unknown_B
#
# <colnr> <probs for GDERKNQSTAVLIFYWHMCP>
#	G	D	E	R	K	N	Q	S	T	A	V	L	I	F	Y	W	H	M	C	P
0	0.02143	0.02030	0.01659	0.01499	0.01866	0.28285	0.01173	0.05356	0.25015	0.10825	0.02195	0.02672	0.01796	0.00956	0.00698	0.00219	0.00825	0.09283	0.00577	0.00928
1	0.00834	0.00595	0.00794	0.00953	0.00992	0.00556	0.00635	0.00953	0.01310	0.01746	0.03771	0.75510	0.04525	0.02143	0.00873	0.00278	0.00397	0.01945	0.00635	0.00556
2	0.01787	0.01742	0.03623	0.02616	0.03248	0.01662	0.56898	0.02300	0.01624	0.10760	0.01518	0.01885	0.01111	0.00646	0.00876	0.00232	0.05345	0.00781	0.00405	0.00942
3	0.01461	0.01024	0.01078	0.01019	0.01273	0.06289	0.00764	0.01816	0.08166	0.14899	0.09671	0.23050	0.23796	0.01497	0.00778	0.00234	0.00487	0.01280	0.00668	0.00749
4	0.01116	0.00738	0.00952	0.01030	0.01180	0.00698	0.00790	0.01357	0.03303	0.07474	0.04023	0.34973	0.13854	0.04549	0.00960	0.00289	0.00487	0.20945	0.00644	0.00638
5	0.01686	0.01646	0.02897	0.04074	0.65223	0.01635	0.08470	0.02108	0.01563	0.02231	0.01296	0.01708	0.01079	0.00606	0.00690	0.00206	0.00845	0.00628	0.00339	0.01068
6	0.01597	0.01713	0.03668	0.02657	0.03286	0.01602	0.60845	0.02123	0.01600	0.04581	0.01638	0.08301	0.01366	0.00723	0.00809	0.00234	0.01067	0.00903	0.00389	0.00899
7	0.01611	0.01542	0.02629	0.18501	0.58026	0.01604	0.02059	0.02028	0.01519	0.02136	0.01272	0.01720	0.01049	0.00625	0.00679	0.00208	0.00833	0.00609	0.00332	0.01018
8	0.01675	0.01513	0.02395	0.30454	0.35976	0.01659	0.01906	0.11895	0.01730	0.02356	0.01312	0.01735	0.01030	0.00669	0.00681	0.00213	0.00842	0.00610	0.00376	0.00972
9	0.01667	0.01634	0.02799	0.03556	0.49611	0.01684	0.12023	0.02223	0.07977	0.02242	0.01412	0.01782	0.01157	0.00679	0.00818	0.00217	0.06460	0.00654	0.00370	0.01034
10	0.34867	0.01869	0.01520	0.01292	0.01734	0.17444	0.01033	0.16522	0.06119	0.09568	0.01399	0.01454	0.01034	0.00728	0.00563	0.00204	0.00737	0.00492	0.00519	0.00902
11	0.03070	0.01164	0.01588	0.01217	0.01746	0.01006	0.01006	0.03334	0.01958	0.72163	0.02699	0.02329	0.01694	0.00847	0.00688	0.00212	0.00582	0.00688	0.00847	0.01164
12	0.01581	0.01336	0.01734	0.01754	0.11882	0.05724	0.04482	0.08033	0.04046	0.05694	0.08265	0.02742	0.01995	0.18540	0.07093	0.00395	0.12679	0.00776	0.00464	0.00784
13	0.01471	0.01610	0.03071	0.02316	0.02819	0.05840	0.47327	0.01905	0.01556	0.02045	0.01980	0.20809	0.01928	0.00989	0.00813	0.00239	0.00963	0.01078	0.00421	0.00820
14	0.80789	0.01323	0.01006	0.00900	0.01323	0.01535	0.00741	0.02011	0.01164	0.03070	0.00953	0.01111	0.00741	0.00635	0.00423	0.00212	0.00529	0.00370	0.00423	0.00741
15	0.01046	0.00830	0.01212	0.01173	0.01273	0.01008	0.00917	0.01266	0.01087	0.01582	0.01726	0.02623	0.01643	0.08235	0.60365	0.00972	0.11333	0.00729	0.00360	0.00619
16	0.02225	0.12881	0.02806	0.01862	0.02454	0.02104	0.19304	0.41630	0.02522	0.03350	0.01472	0.01616	0.01088	0.00722	0.00681	0.00203	0.00856	0.00630	0.00537	0.01057
17	0.00834	0.00595	0.00794	0.00953	0.00992	0.00556	0.00635	0.00953	0.01310	0.01746	0.03771	0.75510	0.04525	0.02143	0.00873	0.00278	0.00397	0.01945	0.00635	0.00556
18	0.00834	0.00595	0.00794	0.00953	0.00992	0.00556	0.00635	0.00953	0.01310	0.01746	0.03771	0.75510	0.04525	0.02143	0.00873	0.00278	0.00397	0.01945	0.00635	0.00556
19	0.01693	0.01626	0.02777	0.04199	0.71689	0.01626	0.02100	0.02100	0.01558	0.02235	0.01287	0.01693	0.01084	0.00610	0.00677	0.00203	0.00813	0.00610	0.00339	0.01084
20	0.01531	0.01459	0.02483	0.32627	0.44532	0.01583	0.02019	0.01957	0.01481	0.02038	0.01258	0.01746	0.01014	0.00640	0.00680	0.00213	0.00853	0.00609	0.00325	0.00952
21	0.01693	0.01626	0.02777	0.04199	0.71689	0.01626	0.02100	0.02100	0.01558	0.02235	0.01287	0.01693	0.01084	0.00610	0.00677	0.00203	0.00813	0.00610	0.00339	0.01084
22	0.06641	0.01815	0.01955	0.01506	0.02045	0.01986	0.01244	0.59691	0.02992	0.10689	0.01708	0.01681	0.01192	0.00814	0.00671	0.00206	0.00725	0.00610	0.00686	0.01142
23	0.01829	0.76368	0.03585	0.01171	0.01756	0.02707	0.01171	0.02049	0.01390	0.01610	0.00951	0.01097	0.00878	0.00585	0.00439	0.00146	0.00732	0.00366	0.00293	0.00878
24	0.03070	0.01164	0.01588	0.01217	0.01746	0.01006	0.01006	0.03334	0.01958	0.72163	0.02699	0.02329	0.01694	0.00847	0.00688	0.00212	0.00582	0.00688	0.00847	0.01164
25	0.00834	0.00595	0.00794	0.00953	0.00992	0.00556	0.00635	0.00953	0.01310	0.01746	0.03771	0.75510	0.04525	0.02143	0.00873	0.00278	0.00397	0.01945	0.00635	0.00556
26	0.01939	0.01604	0.01577	0.01356	0.01719	0.08393	0.01043	0.19881	0.32367	0.05316	0.02217	0.02519	0.01792	0.13816	0.01166	0.00294	0.00684	0.00737	0.00617	0.00964
27	0.02374	0.01543	0.01563	0.01292	0.01725	0.11827	0.01042	0.17971	0.02153	0.29649	0.03000	0.03075	0.13613	0.01037	0.00713	0.00215	0.00680	0.04864	0.00687	0.00975
28	0.01490	0.01430	0.02353	0.33379	0.31365	0.01662	0.01911	0.01873	0.01390	0.01928	0.01190	0.01715	0.00979	0.00742	0.00951	0.00230	0.13598	0.00607	0.00317	0.00889
29	0.00995	0.00663	0.00746	0.00746	0.00746	0.00663	0.00415	0.00995	0.00995	0.01327	0.02156	0.04477	0.02487	0.75957	0.03482	0.00663	0.00663	0.00995	0.00415	0.00415
30	0.01326	0.01262	0.02059	0.62396	0.04233	0.01615	0.01834	0.01731	0.01315	0.01731	0.01164	0.01770	0.00910	0.00768	0.00941	0.00240	0.13038	0.00606	0.00303	0.00758
31	0.41803	0.11406	0.04627	0.13554	0.12934	0.01704	0.01270	0.01993	0.01300	0.02493	0.01059	0.01330	0.00845	0.00633	0.00517	0.00205	0.00682	0.00451	0.00368	0.00826
32	0.01003	0.00715	0.00968	0.01080	0.01198	0.00696	0.00861	0.01250	0.01533	0.02045	0.15246	0.24554	0.04434	0.06443	0.01059	0.00310	0.00519	0.34846	0.00639	0.00600
33	0.00834	0.00595	0.00794	0.00953	0.00992	0.00556	0.00635	0.00953	0.01310	0.01746	0.03771	0.75510	0.04525	0.02143	0.00873	0.00278	0.00397	0.01945	0.00635	0.00556
34	0.06426	0.01441	0.02344	0.17753	0.47216	0.01509	0.01853	0.01938	0.01496	0.02162	0.01631	0.02202	0.04502	0.00740	0.00682	0.00215	0.00784	0.03789	0.00365	0.00952
35	0.01726	0.24060	0.36145	0.01757	0.02552	0.01863	0.10160	0.02268	0.01508	0.09934	0.01334	0.01494	0.00985	0.00645	0.00613	0.00198	0.00899	0.00523	0.00360	0.00979
36	0.01100	0.00942	0.00975	0.00923	0.01201	0.00940	0.00705	0.01842	0.23598	0.02208	0.08159	0.05237	0.46674	0.01462	0.00773	0.00231	0.00408	0.01221	0.00659	0.00742
37	0.00962	0.00716	0.00898	0.00861	0.01031	0.00664	0.00642	0.01302	0.03973	0.02569	0.56613	0.09570	0.14693	0.01474	0.00808	0.00222	0.00337	0.01294	0.00729	0.00645

[dist]
# distance from previous block
# <min> <max>
0	4

[block]
# block no. 2 follows, 31 sequences, length 23
# corresponding to MSA columns:
# 61-82,85
name=unknown_C
#
# <colnr> <probs for GDERKNQSTAVLIFYWHMCP>
#	G	D	E	R	K	N	Q	S	T	A	V	L	I	F	Y	W	H	M	C	P
0	0.01693	0.01626	0.02777	0.04199	0.71689	0.01626	0.02100	0.02100	0.01558	0.02235	0.01287	0.01693	0.01084	0.00610	0.00677	0.00203	0.00813	0.00610	0.00339	0.01084
1	0.01420	0.02102	0.24123	0.23181	0.03166	0.06102	0.10260	0.02066	0.07357	0.02025	0.01665	0.10399	0.01437	0.00854	0.00708	0.00228	0.00902	0.00761	0.00380	0.00865
2	0.02009	0.01752	0.09198	0.13451	0.24135	0.01642	0.01708	0.21430	0.02036	0.11483	0.01614	0.03684	0.01225	0.00755	0.00684	0.00212	0.00791	0.00646	0.00499	0.01046
3	0.00974	0.00709	0.00857	0.00859	0.01045	0.00635	0.00654	0.01213	0.01683	0.04515	0.29746	0.14125	0.30645	0.01645	0.00825	0.00238	0.00380	0.07943	0.00685	0.00625
4	0.61374	0.01171	0.00956	0.00869	0.01238	0.01310	0.00702	0.01797	0.01305	0.02878	0.09982	0.02268	0.10270	0.00862	0.00517	0.00215	0.00482	0.00607	0.00489	0.00709
5	0.01827	0.22307	0.35998	0.01620	0.02380	0.06438	0.01819	0.07032	0.03646	0.08875	0.01360	0.01471	0.01006	0.00675	0.00600	0.00195	0.00879	0.00498	0.00387	0.00990
6	0.20738	0.20731	0.17129	0.01245	0.01783	0.01703	0.01253	0.02084	0.09500	0.02310	0.05229	0.07028	0.05032	0.00858	0.00578	0.00204	0.00658	0.00653	0.00435	0.00848
7	0.00953	0.00716	0.00876	0.00958	0.01108	0.00670	0.00754	0.01155	0.01466	0.01851	0.04634	0.14884	0.27848	0.11146	0.01206	0.00324	0.00506	0.27767	0.00605	0.00576
8	0.04112	0.02035	0.02203	0.20051	0.23044	0.22403	0.01671	0.12184	0.01858	0.02285	0.01247	0.01569	0.00986	0.00687	0.00656	0.00202	0.00942	0.00555	0.00388	0.00923
9	0.08404	0.14202	0.36452	0.01655	0.02374	0.14601	0.01815	0.02378	0.08123	0.02137	0.01281	0.01432	0.00978	0.00675	0.00597	0.00200	0.00923	0.00487	0.00351	0.00936
10	0.03030	0.01228	0.01627	0.01247	0.01778	0.01100	0.01030	0.08924	0.02065	0.66422	0.02610	0.02271	0.01649	0.00845	0.00688	0.00211	0.00597	0.00682	0.00833	0.01164
11	0.02366	0.01692	0.01908	0.01522	0.01974	0.01902	0.01247	0.41197	0.15045	0.12222	0.01895	0.01877	0.01367	0.00888	0.00871	0.00222	0.09391	0.00652	0.00662	0.01100
12	0.00976	0.00679	0.00860	0.00873	0.00914	0.00714	0.00570	0.01062	0.01054	0.01443	0.02192	0.09933	0.02419	0.47791	0.24853	0.00766	0.01003	0.00994	0.00418	0.00487
13	0.02726	0.01716	0.01929	0.01479	0.02022	0.01824	0.01222	0.51781	0.02881	0.22413	0.01924	0.01826	0.01305	0.00828	0.00685	0.00207	0.00707	0.00635	0.00728	0.01164
14	0.00861	0.00615	0.00823	0.00966	0.01022	0.00577	0.00666	0.01007	0.01371	0.01836	0.08489	0.66140	0.04621	0.02075	0.00873	0.00276	0.00407	0.06165	0.00643	0.00567
15	0.03019	0.01245	0.01638	0.01256	0.01787	0.01125	0.01037	0.10434	0.02093	0.64871	0.02586	0.02255	0.01637	0.00844	0.00688	0.00211	0.00600	0.00680	0.00829	0.01164
16	0.01869	0.01988	0.02512	0.09539	0.49117	0.19011	0.01894	0.02224	0.01634	0.02058	0.01225	0.01593	0.01020	0.00639	0.00663	0.00199	0.00923	0.00568	0.00339	0.00986
17	0.03039	0.01213	0.01618	0.01240	0.01771	0.01078	0.01025	0.07603	0.02039	0.67779	0.02631	0.02284	0.01659	0.00845	0.00688	0.00211	0.00593	0.00683	0.00836	0.01164
18	0.01405	0.08564	0.01445	0.01086	0.01394	0.01267	0.00867	0.09904	0.18107	0.02767	0.34557	0.03826	0.09746	0.01167	0.00730	0.00212	0.00468	0.00986	0.00676	0.00827
19	0.01188	0.00594	0.00891	0.00891	0.00891	0.00594	0.00594	0.00891	0.00891	0.01188	0.01188	0.02080	0.01188	0.02377	0.02674	0.80095	0.00594	0.00594	0.00297	0.00297
20	0.02869	0.01486	0.01787	0.01370	0.01907	0.01482	0.01131	0.31564	0.02496	0.43174	0.02248	0.02035	0.01467	0.00836	0.00686	0.00209	0.00655	0.00657	0.00777	0.01164
21	0.11928	0.01181	0.01468	0.01172	0.01649	0.01112	0.00957	0.03066	0.08689	0.52271	0.07305	0.02402	0.01954	0.00869	0.00666	0.00214	0.00554	0.00698	0.00775	0.01070
22	0.63555	0.01636	0.09709	0.01221	0.01740	0.01561	0.07774	0.02047	0.01242	0.02876	0.01028	0.01224	0.00785	0.00631	0.00488	0.00214	0.00648	0.00430	0.00400	0.00791

[dist]
# distance from previous block
# <min> <max>
0	1

[block]
# block no. 3 follows, 31 sequences, length 40
# corresponding to MSA columns:
# 87-126
name=unknown_D
#
# <colnr> <probs for GDERKNQSTAVLIFYWHMCP>
#	G	D	E	R	K	N	Q	S	T	A	V	L	I	F	Y	W	H	M	C	P
0	0.01829	0.76368	0.03585	0.01171	0.01756	0.02707	0.01171	0.02049	0.01390	0.01610	0.00951	0.01097	0.00878	0.00585	0.00439	0.00146	0.00732	0.00366	0.00293	0.00878
1	0.00973	0.00654	0.00753	0.00774	0.00780	0.00649	0.00445	0.00989	0.01038	0.01384	0.02375	0.14137	0.02764	0.65919	0.03127	0.00611	0.00627	0.01124	0.00445	0.00434
2	0.01569	0.01677	0.08153	0.21258	0.49740	0.01597	0.02085	0.02019	0.01502	0.02110	0.01265	0.01706	0.01024	0.00631	0.00677	0.00210	0.00853	0.00601	0.00326	0.00998
3	0.20904	0.19618	0.04766	0.01347	0.01876	0.07772	0.01184	0.29630	0.02129	0.03086	0.01253	0.01347	0.00962	0.00705	0.00558	0.00191	0.00743	0.00480	0.00488	0.00960
4	0.01316	0.01313	0.02452	0.16682	0.02855	0.01369	0.28059	0.01757	0.04108	0.01959	0.02067	0.23361	0.02062	0.01114	0.00899	0.00249	0.06085	0.01083	0.00432	0.00776
5	0.00852	0.00657	0.00778	0.00827	0.00971	0.00584	0.00590	0.01036	0.01545	0.02000	0.19404	0.32458	0.32207	0.01818	0.00833	0.00245	0.00361	0.01590	0.00660	0.00584
6	0.00914	0.00715	0.00834	0.00879	0.01049	0.00657	0.00662	0.01177	0.04211	0.01984	0.13010	0.21429	0.35014	0.03787	0.00910	0.00263	0.00411	0.10846	0.00645	0.00603
7	0.01397	0.03367	0.65467	0.02045	0.03023	0.01603	0.09300	0.02169	0.01462	0.02169	0.01244	0.01485	0.00884	0.00643	0.00666	0.00218	0.01026	0.00536	0.00295	0.01002
8	0.12711	0.01749	0.01905	0.20506	0.02691	0.06937	0.01384	0.37976	0.02368	0.03288	0.01397	0.01590	0.01021	0.00752	0.00645	0.00210	0.00799	0.00569	0.00526	0.00975
9	0.00970	0.00684	0.00775	0.00752	0.00940	0.00618	0.00564	0.01236	0.01693	0.02367	0.33053	0.05146	0.29962	0.01402	0.00741	0.00210	0.00331	0.01193	0.16744	0.00618
10	0.15823	0.01588	0.02204	0.16988	0.35371	0.04425	0.01697	0.09726	0.01655	0.02503	0.01245	0.01592	0.00990	0.00657	0.00632	0.00209	0.00791	0.00561	0.00387	0.00957
11	0.01335	0.01260	0.02130	0.66797	0.11891	0.01531	0.01921	0.01786	0.01388	0.01800	0.01224	0.01810	0.00930	0.00676	0.00683	0.00225	0.00901	0.00608	0.00308	0.00795
12	0.01551	0.01301	0.01488	0.01096	0.01680	0.01088	0.00878	0.08175	0.07092	0.02474	0.01381	0.01530	0.01113	0.00570	0.00538	0.00121	0.00532	0.00454	0.00454	0.66482
13	0.02453	0.01331	0.01602	0.01283	0.01744	0.01337	0.01040	0.18826	0.13450	0.35415	0.11639	0.02574	0.02269	0.00928	0.00704	0.00214	0.00581	0.00758	0.00771	0.01081
14	0.01103	0.00811	0.00978	0.00910	0.01124	0.00778	0.00690	0.01600	0.10459	0.04958	0.49055	0.04955	0.17195	0.01380	0.00789	0.00220	0.00363	0.01197	0.00728	0.00706
15	0.01538	0.01267	0.01353	0.01235	0.01525	0.01435	0.00921	0.05194	0.49645	0.02519	0.02642	0.05842	0.02243	0.17997	0.01335	0.00331	0.00571	0.00865	0.00629	0.00913
16	0.00896	0.00641	0.00861	0.00990	0.01066	0.00606	0.00713	0.01075	0.01438	0.01931	0.12933	0.54856	0.04691	0.02001	0.00876	0.00275	0.00425	0.12495	0.00650	0.00580
17	0.01844	0.16333	0.13848	0.11465	0.10780	0.10861	0.01624	0.11343	0.11121	0.02333	0.01426	0.01609	0.01108	0.00705	0.00624	0.00199	0.00851	0.00548	0.00414	0.00964
18	0.01212	0.00739	0.00962	0.00916	0.01106	0.00669	0.00682	0.01470	0.01772	0.11894	0.42095	0.20235	0.10567	0.01513	0.00805	0.00230	0.00376	0.01334	0.00731	0.00691
19	0.15005	0.01288	0.01658	0.19509	0.04828	0.01381	0.01259	0.12234	0.01799	0.23558	0.01900	0.02364	0.01443	0.02703	0.00733	0.00234	0.00695	0.05906	0.00573	0.00930
20	0.08566	0.01538	0.01685	0.01447	0.01839	0.09030	0.06472	0.02921	0.33841	0.11214	0.02195	0.02225	0.01662	0.01413	0.10538	0.00340	0.00843	0.00691	0.00583	0.00957
21	0.01668	0.25363	0.42329	0.01691	0.02486	0.11502	0.01959	0.02207	0.01494	0.01934	0.01122	0.01312	0.00872	0.00638	0.00582	0.00190	0.00957	0.00455	0.00299	0.00942
22	0.02556	0.03261	0.01939	0.01763	0.02115	0.73210	0.01322	0.02732	0.01939	0.01674	0.01058	0.01234	0.00881	0.00705	0.00617	0.00176	0.01234	0.00441	0.00353	0.00793
23	0.00904	0.00697	0.00825	0.00793	0.00983	0.00618	0.00595	0.01167	0.01785	0.02384	0.45441	0.05703	0.32567	0.01533	0.00808	0.00222	0.00332	0.01320	0.00706	0.00618
24	0.03070	0.01164	0.01588	0.01217	0.01746	0.01006	0.01006	0.03334	0.01958	0.72163	0.02699	0.02329	0.01694	0.00847	0.00688	0.00212	0.00582	0.00688	0.00847	0.01164
25	0.80789	0.01323	0.01006	0.00900	0.01323	0.01535	0.00741	0.02011	0.01164	0.03070	0.00953	0.01111	0.00741	0.00635	0.00423	0.00212	0.00529	0.00370	0.00423	0.00741
26	0.00968	0.00699	0.00914	0.00861	0.01022	0.00646	0.00646	0.01291	0.01937	0.02743	0.71328	0.05110	0.06455	0.01399	0.00807	0.00215	0.00323	0.01237	0.00753	0.00646
27	0.01389	0.01233	0.01806	0.35019	0.12318	0.01398	0.01498	0.06673	0.10204	0.02148	0.02398	0.08742	0.10396	0.00972	0.00717	0.00228	0.00725	0.00849	0.00455	0.00832
28	0.00830	0.00609	0.00780	0.00916	0.00983	0.00559	0.00619	0.00957	0.01345	0.01761	0.04216	0.65792	0.13955	0.02085	0.00864	0.00271	0.00390	0.01874	0.00635	0.00559
29	0.01419	0.01216	0.01419	0.01013	0.01621	0.00912	0.00811	0.01723	0.01419	0.02229	0.01216	0.01419	0.01013	0.00507	0.00507	0.00101	0.00507	0.00405	0.00405	0.80139
30	0.01024	0.00900	0.01050	0.01124	0.06689	0.03087	0.00768	0.01258	0.01651	0.02124	0.24862	0.05279	0.40136	0.01479	0.00879	0.00227	0.04957	0.01233	0.00617	0.00655
31	0.00994	0.00668	0.00771	0.00771	0.00780	0.00677	0.00446	0.01011	0.01002	0.01345	0.02133	0.04350	0.02432	0.70925	0.08439	0.00694	0.00746	0.00976	0.00411	0.00428
32	0.01578	0.05072	0.23339	0.01975	0.02584	0.01716	0.19922	0.07923	0.08876	0.02388	0.07008	0.01971	0.01517	0.00800	0.00904	0.00229	0.10150	0.00689	0.00419	0.00941
33	0.00902	0.00687	0.00840	0.00898	0.01053	0.00625	0.00683	0.01119	0.01577	0.02043	0.18705	0.23853	0.28698	0.01797	0.00850	0.00255	0.00407	0.13753	0.00658	0.00596
34	0.01756	0.01644	0.02184	0.04358	0.11062	0.07368	0.08126	0.09453	0.08619	0.04073	0.05383	0.01923	0.01443	0.00929	0.01230	0.00241	0.26193	0.00668	0.02454	0.00894
35	0.01272	0.05362	0.01246	0.01037	0.01330	0.03604	0.00808	0.02091	0.25496	0.02381	0.19447	0.04360	0.26348	0.01278	0.00742	0.00221	0.00461	0.01069	0.00654	0.00792
36	0.01870	0.72204	0.03491	0.01204	0.01776	0.06723	0.01179	0.02088	0.01421	0.01613	0.00957	0.01105	0.00878	0.00592	0.00449	0.00148	0.00760	0.00370	0.00296	0.00873
37	0.01624	0.01506	0.01569	0.01202	0.01723	0.08805	0.00958	0.05755	0.04276	0.02267	0.01260	0.01463	0.01041	0.00617	0.00675	0.00136	0.06518	0.00451	0.00419	0.57734
38	0.02067	0.01704	0.01749	0.01474	0.01919	0.04633	0.01172	0.27888	0.42965	0.03351	0.02296	0.02165	0.01700	0.00880	0.00689	0.00220	0.00646	0.00702	0.00678	0.01101
39	0.01373	0.00876	0.01105	0.00982	0.01220	0.00839	0.00756	0.08758	0.02040	0.10749	0.52254	0.08435	0.05240	0.01317	0.00784	0.00217	0.00402	0.01149	0.00750	0.00755

[dist]
# distance from previous block
# <min> <max>
0	2

[block]
# block no. 4 follows, 31 sequences, length 101
# corresponding to MSA columns:
# 129-229
name=unknown_E
#
# <colnr> <probs for GDERKNQSTAVLIFYWHMCP>
#	G	D	E	R	K	N	Q	S	T	A	V	L	I	F	Y	W	H	M	C	P
0	0.01890	0.67910	0.03396	0.01211	0.01787	0.02628	0.01179	0.07744	0.03586	0.01873	0.01063	0.01186	0.00938	0.00615	0.00467	0.00154	0.00728	0.00399	0.00337	0.00908
1	0.01006	0.00965	0.06924	0.00947	0.01195	0.00747	0.00797	0.03255	0.01805	0.02478	0.44851	0.10669	0.18886	0.01447	0.00796	0.00223	0.00404	0.01256	0.00678	0.00670
2	0.01017	0.00741	0.00895	0.00960	0.01099	0.00713	0.00701	0.01318	0.07059	0.03801	0.04199	0.34078	0.19411	0.09661	0.01124	0.00308	0.00465	0.11213	0.00622	0.00617
3	0.24305	0.01321	0.01618	0.01774	0.17478	0.01363	0.01145	0.07119	0.04742	0.21066	0.01763	0.01829	0.01274	0.00729	0.00587	0.00204	0.00600	0.00574	0.09544	0.00963
4	0.02308	0.02845	0.01902	0.01732	0.02022	0.58329	0.01331	0.02490	0.01790	0.01696	0.01213	0.01720	0.01096	0.00855	0.00865	0.00203	0.11374	0.05087	0.00364	0.00776
5	0.00845	0.00655	0.00770	0.00824	0.00968	0.00580	0.00587	0.01022	0.01523	0.01957	0.16405	0.33816	0.33920	0.01841	0.00834	0.00247	0.00363	0.01609	0.00655	0.00580
6	0.53004	0.06804	0.01460	0.04380	0.01686	0.07431	0.00952	0.10916	0.03463	0.02953	0.01114	0.01262	0.00862	0.00672	0.00493	0.00205	0.00646	0.00430	0.00445	0.00820
7	0.00890	0.00653	0.00835	0.00881	0.00997	0.00598	0.00626	0.01105	0.01615	0.02196	0.33775	0.36330	0.13436	0.01767	0.00836	0.00245	0.00358	0.01574	0.00687	0.00598
8	0.02686	0.01478	0.01746	0.01371	0.01884	0.01511	0.01122	0.26706	0.13323	0.37162	0.02340	0.02122	0.01569	0.00851	0.00688	0.00213	0.00636	0.00676	0.00765	0.01151
9	0.02568	0.01548	0.01809	0.04679	0.02051	0.01633	0.01189	0.32636	0.13189	0.28067	0.02177	0.02036	0.01485	0.00841	0.00687	0.00213	0.00666	0.00666	0.00727	0.01133
10	0.80789	0.01323	0.01006	0.00900	0.01323	0.01535	0.00741	0.02011	0.01164	0.03070	0.00953	0.01111	0.00741	0.00635	0.00423	0.00212	0.00529	0.00370	0.00423	0.00741
11	0.80789	0.01323	0.01006	0.00900	0.01323	0.01535	0.00741	0.02011	0.01164	0.03070	0.00953	0.01111	0.00741	0.00635	0.00423	0.00212	0.00529	0.00370	0.00423	0.00741
12	0.01851	0.02062	0.03197	0.02407	0.02921	0.15101	0.41002	0.07623	0.01719	0.02185	0.01272	0.01663	0.00998	0.00713	0.00977	0.00229	0.12127	0.00693	0.00367	0.00892
13	0.01337	0.00781	0.01033	0.00923	0.01149	0.00709	0.00709	0.01650	0.01940	0.14931	0.59279	0.04622	0.05619	0.01302	0.00786	0.00215	0.00368	0.01141	0.00770	0.00737
14	0.00809	0.00693	0.00693	0.00693	0.00924	0.00578	0.00520	0.00982	0.01559	0.01848	0.06931	0.06584	0.71411	0.01733	0.00809	0.00231	0.00347	0.01444	0.00635	0.00578
15	0.01560	0.01933	0.10533	0.02015	0.02440	0.12476	0.24371	0.01944	0.01507	0.01947	0.01765	0.11831	0.01708	0.01040	0.01020	0.00246	0.13179	0.07278	0.00398	0.00808
16	0.02564	0.01940	0.02049	0.01611	0.02126	0.12733	0.05944	0.37295	0.06789	0.17223	0.01816	0.01787	0.01274	0.00798	0.00684	0.00206	0.00807	0.00626	0.00643	0.01085
17	0.02120	0.01132	0.01400	0.01175	0.01566	0.01114	0.00934	0.02887	0.21935	0.33771	0.20692	0.03122	0.03055	0.01015	0.00722	0.00219	0.00502	0.00857	0.00778	0.01005
18	0.01465	0.01393	0.02365	0.44027	0.33642	0.01566	0.01986	0.01900	0.01450	0.01958	0.01247	0.01768	0.00986	0.00652	0.00681	0.00217	0.00869	0.00609	0.00319	0.00900
19	0.01622	0.17608	0.31708	0.01601	0.02278	0.06819	0.01725	0.02535	0.19619	0.02197	0.01676	0.01932	0.01329	0.00769	0.00630	0.00208	0.00829	0.03527	0.00416	0.00971
20	0.02019	0.01674	0.02059	0.01942	0.11870	0.12368	0.10823	0.10096	0.07436	0.15125	0.02578	0.02789	0.11130	0.00930	0.00722	0.00216	0.00781	0.03934	0.00558	0.00948
21	0.01226	0.01101	0.01377	0.01286	0.01378	0.06218	0.01003	0.01411	0.01132	0.01578	0.01572	0.02488	0.01533	0.12271	0.41224	0.00773	0.20729	0.00709	0.00354	0.00636
22	0.00954	0.00757	0.01185	0.01192	0.01321	0.00713	0.08097	0.01154	0.01401	0.01873	0.06527	0.56703	0.04168	0.01912	0.00871	0.00274	0.00502	0.09179	0.00609	0.00608
23	0.01693	0.01920	0.19231	0.18606	0.12415	0.01491	0.12185	0.05181	0.01624	0.11324	0.01635	0.02189	0.01269	0.00761	0.00713	0.00225	0.00889	0.05275	0.00422	0.00951
24	0.01785	0.00875	0.01109	0.00955	0.01232	0.00809	0.00731	0.02098	0.04031	0.27036	0.25087	0.03567	0.03384	0.10953	0.01065	0.00265	0.00466	0.00904	0.12838	0.00812
25	0.00851	0.00610	0.00781	0.00910	0.00958	0.00570	0.00601	0.00960	0.01290	0.01703	0.03798	0.62184	0.08960	0.10952	0.01181	0.00321	0.00425	0.01796	0.00609	0.00540
26	0.02007	0.08302	0.15250	0.04204	0.10038	0.12782	0.09395	0.18105	0.06763	0.04486	0.01448	0.01616	0.01091	0.00706	0.00662	0.00204	0.00910	0.00583	0.00447	0.01002
27	0.03354	0.10141	0.17657	0.01327	0.01789	0.01382	0.01299	0.04283	0.15459	0.02230	0.02904	0.12091	0.10872	0.01208	0.00723	0.00235	0.00649	0.11030	0.00525	0.00842
28	0.00847	0.00605	0.00809	0.00968	0.01014	0.00567	0.00659	0.00976	0.01323	0.01762	0.03763	0.72106	0.04495	0.02131	0.00877	0.00280	0.00409	0.05216	0.00635	0.00559
29	0.01158	0.00774	0.00967	0.00890	0.01104	0.00714	0.00677	0.01526	0.05028	0.08596	0.52149	0.04984	0.16041	0.01382	0.00792	0.00218	0.00359	0.01201	0.00740	0.00700
30	0.01622	0.02211	0.25774	0.08181	0.41026	0.01578	0.02178	0.02154	0.01525	0.05392	0.01327	0.01649	0.01028	0.00639	0.00669	0.00210	0.00875	0.00579	0.00343	0.01041
31	0.00834	0.00595	0.00794	0.00953	0.00992	0.00556	0.00635	0.00953	0.01310	0.01746	0.03771	0.75510	0.04525	0.02143	0.00873	0.00278	0.00397	0.01945	0.00635	0.00556
32	0.03070	0.01164	0.01588	0.01217	0.01746	0.01006	0.01006	0.03334	0.01958	0.72163	0.02699	0.02329	0.01694	0.00847	0.00688	0.00212	0.00582	0.00688	0.00847	0.01164
33	0.02538	0.01885	0.02018	0.01561	0.02098	0.02092	0.01285	0.64843	0.07882	0.04211	0.01722	0.01706	0.01228	0.00829	0.00685	0.00207	0.00738	0.00627	0.00685	0.01158
34	0.00894	0.00638	0.00863	0.01021	0.01087	0.00607	0.00739	0.01056	0.01369	0.01814	0.03738	0.60386	0.04394	0.02087	0.00889	0.00286	0.00449	0.16477	0.00634	0.00572
35	0.01615	0.01845	0.04037	0.02884	0.03576	0.01730	0.69204	0.02191	0.01615	0.02191	0.01384	0.01845	0.01038	0.00577	0.00807	0.00231	0.01153	0.00807	0.00346	0.00923
36	0.01273	0.01059	0.01157	0.01069	0.01353	0.01124	0.00820	0.02315	0.33988	0.02579	0.23361	0.04272	0.20354	0.01260	0.00755	0.00227	0.00431	0.01070	0.00697	0.00834
37	0.02689	0.01727	0.11600	0.01429	0.02031	0.01430	0.01308	0.23507	0.02274	0.41527	0.02169	0.01994	0.01415	0.00811	0.00682	0.00210	0.00694	0.00640	0.00719	0.01143
38	0.00995	0.00663	0.00746	0.00746	0.00746	0.00663	0.00415	0.00995	0.00995	0.01327	0.02156	0.04477	0.02487	0.75957	0.03482	0.00663	0.00663	0.00995	0.00415	0.00415
39	0.01089	0.00773	0.00875	0.00863	0.00962	0.00767	0.00586	0.05834	0.01326	0.01722	0.03152	0.05077	0.14687	0.47878	0.02482	0.00509	0.00610	0.09785	0.00501	0.00524
40	0.01665	0.01319	0.01426	0.01256	0.01621	0.01427	0.01011	0.21879	0.24818	0.02928	0.03580	0.03960	0.19082	0.01222	0.00753	0.00235	0.00567	0.09659	0.00669	0.00922
41	0.00834	0.00595	0.00794	0.00953	0.00992	0.00556	0.00635	0.00953	0.01310	0.01746	0.03771	0.75510	0.04525	0.02143	0.00873	0.00278	0.00397	0.01945	0.00635	0.00556
42	0.01875	0.57104	0.09327	0.01394	0.01990	0.11783	0.04434	0.02155	0.01477	0.01693	0.01009	0.01180	0.00885	0.00606	0.00497	0.00160	0.00841	0.00408	0.00303	0.00880
43	0.01537	0.03040	0.52735	0.02097	0.03004	0.01630	0.15859	0.05907	0.01591	0.04285	0.01324	0.01561	0.00941	0.00650	0.00685	0.00219	0.01013	0.00578	0.00338	0.01006
44	0.01389	0.03420	0.67629	0.02015	0.03004	0.01599	0.07192	0.02168	0.01456	0.02168	0.01239	0.01472	0.00879	0.00645	0.00661	0.00218	0.01021	0.00527	0.00293	0.01005
45	0.00809	0.00693	0.00693	0.00693	0.00924	0.00578	0.00520	0.00982	0.01559	0.01848	0.06931	0.06584	0.71411	0.01733	0.00809	0.00231	0.00347	0.01444	0.00635	0.00578
46	0.01567	0.01497	0.02549	0.26278	0.50598	0.01592	0.02037	0.01989	0.01498	0.02082	0.01265	0.01734	0.01030	0.00633	0.00679	0.00211	0.00844	0.00609	0.00328	0.00982
47	0.01082	0.00781	0.01074	0.01220	0.01383	0.00773	0.01062	0.01387	0.01574	0.02033	0.03854	0.07638	0.08657	0.01879	0.00935	0.00309	0.00610	0.62493	0.00630	0.00626
48	0.01702	0.01470	0.01547	0.01392	0.01779	0.01702	0.01083	0.03635	0.70453	0.02862	0.02785	0.02553	0.02088	0.00928	0.00696	0.00232	0.00541	0.00773	0.00696	0.01083
49	0.02556	0.03261	0.01939	0.01763	0.02115	0.73210	0.01322	0.02732	0.01939	0.01674	0.01058	0.01234	0.00881	0.00705	0.00617	0.00176	0.01234	0.00441	0.00353	0.00793
50	0.01315	0.01260	0.02191	0.69316	0.04632	0.01535	0.06608	0.01779	0.01385	0.01779	0.01228	0.01825	0.00921	0.00676	0.00693	0.00228	0.00929	0.00622	0.00307	0.00771
51	0.01292	0.01216	0.02052	0.74312	0.04712	0.01520	0.01900	0.01748	0.01368	0.01748	0.01216	0.01824	0.00912	0.00684	0.00684	0.00228	0.00912	0.00608	0.00304	0.00760
52	0.00940	0.00698	0.00876	0.00831	0.01005	0.00634	0.00623	0.01237	0.01870	0.02586	0.60022	0.05369	0.17859	0.01457	0.00807	0.00218	0.00327	0.01274	0.00732	0.00634
53	0.02556	0.03261	0.01939	0.01763	0.02115	0.73210	0.01322	0.02732	0.01939	0.01674	0.01058	0.01234	0.00881	0.00705	0.00617	0.00176	0.01234	0.00441	0.00353	0.00793
54	0.03070	0.01164	0.01588	0.01217	0.01746	0.01006	0.01006	0.03334	0.01958	0.72163	0.02699	0.02329	0.01694	0.00847	0.00688	0.00212	0.00582	0.00688	0.00847	0.01164
55	0.00834	0.00595	0.00794	0.00953	0.00992	0.00556	0.00635	0.00953	0.01310	0.01746	0.03771	0.75510	0.04525	0.02143	0.00873	0.00278	0.00397	0.01945	0.00635	0.00556
56	0.02105	0.35618	0.02977	0.01635	0.02158	0.24750	0.10660	0.08946	0.01775	0.01978	0.01113	0.01298	0.00929	0.00645	0.00570	0.00173	0.00951	0.00475	0.00358	0.00886
57	0.02556	0.03261	0.01939	0.01763	0.02115	0.73210	0.01322	0.02732	0.01939	0.01674	0.01058	0.01234	0.00881	0.00705	0.00617	0.00176	0.01234	0.00441	0.00353	0.00793
58	0.00926	0.00685	0.00865	0.00847	0.01003	0.00623	0.00625	0.01199	0.01796	0.02475	0.52534	0.14643	0.16148	0.01548	0.00816	0.00226	0.00336	0.01362	0.00719	0.00623
59	0.00951	0.00686	0.00899	0.00873	0.01018	0.00634	0.00644	0.01247	0.01855	0.02613	0.62496	0.14314	0.06203	0.01496	0.00816	0.00223	0.00332	0.01330	0.00738	0.00634
60	0.00834	0.00636	0.00768	0.00858	0.00971	0.00569	0.00596	0.00986	0.01438	0.01850	0.09537	0.47110	0.27477	0.01952	0.00847	0.00258	0.00375	0.01725	0.00643	0.00569
61	0.01419	0.01216	0.01419	0.01013	0.01621	0.00912	0.00811	0.01723	0.01419	0.02229	0.01216	0.01419	0.01013	0.00507	0.00507	0.00101	0.00507	0.00405	0.00405	0.80139
62	0.01569	0.01418	0.02141	0.38254	0.20503	0.01627	0.01756	0.07617	0.13793	0.02272	0.01545	0.01906	0.01183	0.00720	0.00685	0.00221	0.00809	0.00638	0.00413	0.00929
63	0.00820	0.00647	0.00740	0.00815	0.00956	0.00567	0.00574	0.00968	0.01442	0.01800	0.05448	0.38922	0.40030	0.01925	0.00839	0.00253	0.00370	0.01679	0.00635	0.00567
64	0.01707	0.56982	0.21906	0.01378	0.02077	0.02409	0.01532	0.02080	0.01405	0.01758	0.01025	0.01190	0.00875	0.00603	0.00495	0.00165	0.00806	0.00403	0.00292	0.00913
65	0.23292	0.12007	0.05142	0.12620	0.12833	0.07941	0.01350	0.06695	0.01515	0.02350	0.01284	0.05156	0.01108	0.00877	0.03003	0.00233	0.00794	0.00563	0.00389	0.00848
66	0.34607	0.07125	0.01705	0.01334	0.01737	0.19081	0.01084	0.14751	0.01740	0.02734	0.01102	0.01274	0.00878	0.00734	0.00685	0.00205	0.07492	0.00454	0.00435	0.00843
67	0.00864	0.00681	0.00785	0.00824	0.00996	0.00601	0.00614	0.01062	0.01567	0.01986	0.16283	0.21397	0.40802	0.01782	0.00834	0.00246	0.00378	0.07057	0.00654	0.00588
68	0.01969	0.02971	0.25186	0.01894	0.02473	0.32733	0.07390	0.04416	0.05600	0.02021	0.01244	0.01459	0.00967	0.00726	0.00763	0.00207	0.06199	0.00527	0.00357	0.00899
69	0.01003	0.00771	0.01150	0.01134	0.01251	0.00917	0.00887	0.01243	0.01097	0.01591	0.01786	0.02628	0.01670	0.04934	0.69680	0.01059	0.05492	0.00726	0.00363	0.00618
70	0.00809	0.00693	0.00693	0.00693	0.00924	0.00578	0.00520	0.00982	0.01559	0.01848	0.06931	0.06584	0.71411	0.01733	0.00809	0.00231	0.00347	0.01444	0.00635	0.00578
71	0.01161	0.00993	0.01382	0.07496	0.15668	0.00999	0.01068	0.01612	0.09003	0.02160	0.14744	0.17577	0.19051	0.01361	0.00775	0.00234	0.00520	0.02863	0.00574	0.00757
72	0.01460	0.01387	0.02355	0.44990	0.32722	0.01564	0.01983	0.01895	0.01447	0.01952	0.01246	0.01769	0.00984	0.00653	0.00681	0.00218	0.00870	0.00609	0.00318	0.00895
73	0.01389	0.03420	0.67629	0.02015	0.03004	0.01599	0.07192	0.02168	0.01456	0.02168	0.01239	0.01472	0.00879	0.00645	0.00661	0.00218	0.01021	0.00527	0.00293	0.01005
74	0.00834	0.00595	0.00794	0.00953	0.00992	0.00556	0.00635	0.00953	0.01310	0.01746	0.03771	0.75510	0.04525	0.02143	0.00873	0.00278	0.00397	0.01945	0.00635	0.00556
75	0.01797	0.71274	0.08399	0.01225	0.01840	0.02629	0.01266	0.02057	0.01394	0.01649	0.00970	0.01122	0.00877	0.00590	0.00454	0.00151	0.00751	0.00376	0.00292	0.00887
76	0.01372	0.03539	0.72412	0.01950	0.02961	0.01589	0.02528	0.02167	0.01444	0.02167	0.01228	0.01444	0.00867	0.00650	0.00650	0.00217	0.01011	0.00506	0.00289	0.01011
77	0.00947	0.00724	0.00895	0.00989	0.01161	0.00671	0.00804	0.01179	0.01534	0.01927	0.04987	0.16219	0.31443	0.01859	0.00880	0.00276	0.00484	0.31789	0.00633	0.00599
78	0.01372	0.03539	0.72412	0.01950	0.02961	0.01589	0.02528	0.02167	0.01444	0.02167	0.01228	0.01444	0.00867	0.00650	0.00650	0.00217	0.01011	0.00506	0.00289	0.01011
79	0.01292	0.01216	0.02052	0.74312	0.04712	0.01520	0.01900	0.01748	0.01368	0.01748	0.01216	0.01824	0.00912	0.00684	0.00684	0.00228	0.00912	0.00608	0.00304	0.00760
80	0.01372	0.03539	0.72412	0.01950	0.02961	0.01589	0.02528	0.02167	0.01444	0.02167	0.01228	0.01444	0.00867	0.00650	0.00650	0.00217	0.01011	0.00506	0.00289	0.01011
81	0.01372	0.03539	0.72412	0.01950	0.02961	0.01589	0.02528	0.02167	0.01444	0.02167	0.01228	0.01444	0.00867	0.00650	0.00650	0.00217	0.01011	0.00506	0.00289	0.01011
82	0.00995	0.00663	0.00746	0.00746	0.00746	0.00663	0.00415	0.00995	0.00995	0.01327	0.02156	0.04477	0.02487	0.75957	0.03482	0.00663	0.00663	0.00995	0.00415	0.00415
83	0.00987	0.00695	0.00909	0.00909	0.00965	0.00752	0.00618	0.01099	0.01043	0.01447	0.02007	0.03652	0.02129	0.43312	0.35637	0.00864	0.01202	0.00874	0.00392	0.00505
84	0.01292	0.01216	0.02052	0.74312	0.04712	0.01520	0.01900	0.01748	0.01368	0.01748	0.01216	0.01824	0.00912	0.00684	0.00684	0.00228	0.00912	0.00608	0.00304	0.00760
85	0.00834	0.00595	0.00794	0.00953	0.00992	0.00556	0.00635	0.00953	0.01310	0.01746	0.03771	0.75510	0.04525	0.02143	0.00873	0.00278	0.00397	0.01945	0.00635	0.00556
86	0.01693	0.01626	0.02777	0.04199	0.71689	0.01626	0.02100	0.02100	0.01558	0.02235	0.01287	0.01693	0.01084	0.00610	0.00677	0.00203	0.00813	0.00610	0.00339	0.01084
87	0.01470	0.01309	0.02144	0.03089	0.45146	0.01309	0.01723	0.01842	0.01564	0.02164	0.02169	0.03969	0.02162	0.01093	0.00778	0.00245	0.00744	0.25718	0.00449	0.00912
88	0.00848	0.00695	0.00748	0.00734	0.00948	0.00594	0.00551	0.01058	0.01653	0.02069	0.22835	0.06220	0.55369	0.01650	0.00808	0.00227	0.00341	0.01393	0.00664	0.00594
89	0.01585	0.01656	0.03240	0.15994	0.27877	0.01656	0.33546	0.02080	0.01551	0.02128	0.01320	0.01788	0.01032	0.00607	0.00740	0.00220	0.00990	0.00702	0.00336	0.00951
90	0.04237	0.03092	0.48486	0.02285	0.14860	0.11062	0.02233	0.02224	0.01520	0.02144	0.01206	0.01449	0.00902	0.00650	0.00643	0.00209	0.00990	0.00511	0.00311	0.00986
91	0.01555	0.01458	0.02396	0.03441	0.53217	0.01500	0.01840	0.01917	0.01519	0.02143	0.01848	0.02719	0.04977	0.00883	0.00846	0.00227	0.06715	0.09439	0.00389	0.00971
92	0.01807	0.01842	0.02666	0.03877	0.62491	0.11089	0.01997	0.02183	0.01608	0.02161	0.01257	0.01633	0.01057	0.00622	0.00669	0.00200	0.00868	0.00587	0.00340	0.01045
93	0.01459	0.01847	0.14785	0.19844	0.16962	0.03550	0.15459	0.02024	0.04952	0.02070	0.01843	0.04136	0.06461	0.00774	0.00715	0.00222	0.00892	0.00734	0.00372	0.00899
94	0.01577	0.20297	0.25126	0.07790	0.09374	0.03487	0.08620	0.02054	0.01482	0.04305	0.01472	0.05594	0.01275	0.00770	0.00646	0.00207	0.00871	0.03783	0.00356	0.00915
95	0.01713	0.15067	0.16352	0.13044	0.14415	0.05162	0.01625	0.02048	0.01446	0.09419	0.01332	0.01657	0.01048	0.00900	0.00905	0.11271	0.00819	0.00543	0.00365	0.00868
96	0.01831	0.11437	0.10854	0.01949	0.17687	0.01428	0.01405	0.07320	0.01677	0.16737	0.02125	0.18621	0.01951	0.01029	0.00690	0.00216	0.00679	0.00887	0.00527	0.00949
97	0.01782	0.04651	0.32593	0.01829	0.07567	0.13678	0.01781	0.07632	0.01768	0.07759	0.07947	0.02049	0.04402	0.00796	0.00667	0.00206	0.00882	0.00627	0.00436	0.00949
98	0.01962	0.13495	0.21014	0.01544	0.05194	0.06510	0.01474	0.02449	0.05068	0.19346	0.01806	0.01830	0.03519	0.00722	0.00615	0.00187	0.00757	0.00561	0.00481	0.11467
99	0.01598	0.04383	0.39894	0.02075	0.13980	0.01443	0.01978	0.02204	0.03295	0.10535	0.01869	0.02241	0.04761	0.02848	0.00754	0.00230	0.00847	0.03668	0.00411	0.00984
100	0.01586	0.10972	0.18736	0.08250	0.10539	0.07025	0.08958	0.02177	0.08051	0.03822	0.01739	0.08345	0.01536	0.00865	0.00686	0.00218	0.00849	0.04330	0.00409	0.00906

[dist]
# distance from previous block
# <min> <max>
12	43

[block]
# block no. 5 follows, 31 sequences, length 7
# corresponding to MSA columns:
# 276-282
name=unknown_F
#
# <colnr> <probs for GDERKNQSTAVLIFYWHMCP>
#	G	D	E	R	K	N	Q	S	T	A	V	L	I	F	Y	W	H	M	C	P
0	0.01575	0.08547	0.14862	0.04746	0.20204	0.01529	0.12408	0.02107	0.05327	0.06220	0.09024	0.02318	0.03970	0.03271	0.00785	0.00225	0.00798	0.00720	0.00430	0.00936
1	0.01838	0.48727	0.07076	0.01642	0.02247	0.10070	0.15818	0.02159	0.01500	0.01770	0.01070	0.01290	0.00912	0.00600	0.00548	0.00171	0.00891	0.00476	0.00310	0.00885
2	0.01662	0.33355	0.29330	0.01767	0.02516	0.05864	0.12537	0.02152	0.01475	0.01914	0.01129	0.01354	0.00899	0.00614	0.00586	0.00188	0.00930	0.00492	0.00303	0.00930
3	0.16629	0.50617	0.14076	0.01244	0.01867	0.02308	0.01306	0.02060	0.01356	0.01973	0.00996	0.01155	0.00850	0.00605	0.00470	0.00170	0.00738	0.00389	0.00317	0.00873
4	0.00848	0.00655	0.00775	0.00829	0.00970	0.00581	0.00589	0.01027	0.01528	0.01972	0.17525	0.34127	0.32448	0.01837	0.00834	0.00247	0.00362	0.01608	0.00657	0.00581
5	0.00870	0.00649	0.00810	0.00868	0.00987	0.00588	0.00614	0.01065	0.01559	0.02080	0.25583	0.38719	0.19458	0.01822	0.00839	0.00248	0.00363	0.01616	0.00672	0.00588
6	0.01060	0.00804	0.00987	0.00930	0.00971	0.00884	0.00633	0.01149	0.01196	0.01649	0.14043	0.04229	0.06790	0.47117	0.02677	0.00504	0.12396	0.00998	0.00466	0.00516

[dist]
# distance from previous block
# <min> <max>
0	137

# created by:
# /home/berkeley/.conda/envs/busco_data_prod/bin/msa2prfl.pl pipeline/OGs_align_augustus/5794/18175.fs
