[name]
unknown

[dist]
# distance from previous block
# <min> <max>
2	180

[block]
# block no. 0 follows, 29 sequences, length 171
# corresponding to MSA columns:
# 214-384
name=unknown_A
#
# <colnr> <probs for GDERKNQSTAVLIFYWHMCP>
#	G	D	E	R	K	N	Q	S	T	A	V	L	I	F	Y	W	H	M	C	P
0	0.05827	0.01075	0.01508	0.09920	0.13688	0.01113	0.01202	0.01616	0.03631	0.02127	0.04798	0.18818	0.08710	0.03683	0.00935	0.00266	0.03331	0.11350	0.00524	0.05877
1	0.04519	0.01928	0.11181	0.01670	0.08514	0.09460	0.01340	0.12732	0.01938	0.05056	0.10307	0.02043	0.01800	0.00771	0.00652	0.00182	0.00736	0.00617	0.00503	0.24050
2	0.02002	0.01564	0.02426	0.09258	0.09638	0.04001	0.14764	0.02417	0.03930	0.18238	0.01661	0.01907	0.01235	0.00805	0.01004	0.00228	0.13803	0.00668	0.00488	0.09965
3	0.06394	0.01487	0.01411	0.01154	0.01603	0.10842	0.00901	0.09109	0.01819	0.02522	0.10073	0.05358	0.11214	0.00943	0.00651	0.00174	0.00613	0.00755	0.00530	0.32446
4	0.07046	0.06365	0.01745	0.01491	0.04734	0.10723	0.01134	0.09333	0.01685	0.02257	0.06419	0.07039	0.13592	0.04418	0.01230	0.00260	0.18384	0.00863	0.00489	0.00795
5	0.01957	0.01962	0.04911	0.01963	0.13772	0.15718	0.01365	0.16536	0.13245	0.02760	0.07158	0.02719	0.10913	0.00971	0.00724	0.00217	0.00783	0.00785	0.00563	0.00980
6	0.01936	0.16791	0.02327	0.04083	0.14498	0.16228	0.01367	0.09731	0.04926	0.02323	0.10247	0.02056	0.01819	0.00925	0.00833	0.04802	0.03109	0.00639	0.00455	0.00904
7	0.01208	0.00816	0.05026	0.00986	0.01077	0.00688	0.00745	0.01077	0.01150	0.01576	0.13174	0.02672	0.02167	0.02193	0.02324	0.60992	0.00595	0.00729	0.00391	0.00415
8	0.01970	0.11492	0.16140	0.07065	0.12865	0.04988	0.12263	0.09661	0.01825	0.10281	0.01523	0.01744	0.01131	0.00703	0.00683	0.00212	0.00908	0.00617	0.02903	0.01027
9	0.00909	0.00686	0.00839	0.00881	0.01023	0.00617	0.00630	0.01122	0.01664	0.02207	0.27781	0.31097	0.24274	0.01840	0.00866	0.00253	0.00371	0.01619	0.00704	0.00617
10	0.18085	0.01440	0.05453	0.01101	0.01709	0.01158	0.00943	0.01957	0.03939	0.02526	0.01269	0.01454	0.01027	0.00581	0.00525	0.00142	0.00564	0.00435	0.00430	0.55262
11	0.02063	0.27591	0.17540	0.01489	0.02181	0.02078	0.01506	0.19187	0.01996	0.07974	0.01407	0.01500	0.01068	0.00699	0.00597	0.00184	0.00794	0.00509	0.00465	0.09169
12	0.01627	0.01689	0.02213	0.51950	0.12957	0.13811	0.01900	0.02044	0.01552	0.01872	0.01247	0.01774	0.00967	0.00706	0.00699	0.00225	0.00994	0.00603	0.00330	0.00841
13	0.01017	0.00763	0.01144	0.01144	0.01272	0.00890	0.00890	0.01272	0.01144	0.01653	0.01907	0.02797	0.01780	0.05340	0.72153	0.01144	0.01907	0.00763	0.00381	0.00636
14	0.01478	0.02245	0.26852	0.02564	0.20527	0.01534	0.11385	0.02032	0.01616	0.02324	0.11721	0.02381	0.04193	0.00841	0.00834	0.00229	0.05115	0.00751	0.00407	0.00972
15	0.01073	0.00860	0.01149	0.01385	0.11975	0.00808	0.00828	0.01293	0.01590	0.02126	0.22117	0.12245	0.22195	0.15631	0.01361	0.00323	0.00500	0.01271	0.00602	0.00669
16	0.01351	0.01258	0.01989	0.30885	0.21859	0.01393	0.01640	0.01725	0.01537	0.02042	0.06937	0.03048	0.15141	0.00987	0.00839	0.00234	0.05024	0.00848	0.00425	0.00838
17	0.01844	0.21012	0.02657	0.05068	0.06067	0.02147	0.04371	0.02082	0.01365	0.09708	0.01225	0.01591	0.01042	0.00948	0.01421	0.00247	0.35353	0.00580	0.00380	0.00893
18	0.01278	0.00760	0.00994	0.01037	0.01209	0.00693	0.00772	0.01473	0.01579	0.12890	0.08008	0.41380	0.12787	0.01881	0.00876	0.00273	0.00465	0.10244	0.00702	0.00697
19	0.00885	0.00723	0.00782	0.00767	0.00989	0.00620	0.00576	0.01107	0.01727	0.02169	0.23820	0.06448	0.53484	0.01712	0.00841	0.00236	0.00354	0.01446	0.00694	0.00620
20	0.80005	0.01377	0.01047	0.00936	0.01377	0.01597	0.00771	0.02093	0.01212	0.03195	0.00991	0.01157	0.00771	0.00661	0.00441	0.00220	0.00551	0.00386	0.00441	0.00771
21	0.02109	0.01697	0.01953	0.11388	0.04986	0.01928	0.01378	0.30740	0.29581	0.03436	0.02115	0.02119	0.01560	0.00872	0.00717	0.00228	0.00720	0.00706	0.00650	0.01117
22	0.80005	0.01377	0.01047	0.00936	0.01377	0.01597	0.00771	0.02093	0.01212	0.03195	0.00991	0.01157	0.00771	0.00661	0.00441	0.00220	0.00551	0.00386	0.00441	0.00771
23	0.02707	0.01995	0.02137	0.01638	0.02208	0.02208	0.01353	0.68159	0.03348	0.04488	0.01710	0.01710	0.01211	0.00855	0.00712	0.00214	0.00784	0.00641	0.00712	0.01211
24	0.01017	0.00763	0.01144	0.01144	0.01272	0.00890	0.00890	0.01272	0.01144	0.01653	0.01907	0.02797	0.01780	0.05340	0.72153	0.01144	0.01907	0.00763	0.00381	0.00636
25	0.80005	0.01377	0.01047	0.00936	0.01377	0.01597	0.00771	0.02093	0.01212	0.03195	0.00991	0.01157	0.00771	0.00661	0.00441	0.00220	0.00551	0.00386	0.00441	0.00771
26	0.01621	0.01539	0.02222	0.01816	0.02068	0.03994	0.12954	0.09425	0.04501	0.02179	0.01750	0.02271	0.05255	0.04406	0.11204	0.00404	0.30388	0.00752	0.00420	0.00834
27	0.01008	0.00728	0.00952	0.00896	0.01064	0.00672	0.00672	0.01344	0.02016	0.02855	0.70158	0.05319	0.06719	0.01456	0.00840	0.00224	0.00336	0.01288	0.00784	0.00672
28	0.01418	0.00765	0.00857	0.00818	0.01012	0.00790	0.00629	0.04693	0.01541	0.05557	0.02244	0.02626	0.01787	0.01614	0.12925	0.00340	0.00637	0.00682	0.58357	0.00708
29	0.01324	0.02424	0.37733	0.20750	0.06273	0.01450	0.02097	0.01918	0.01463	0.02068	0.01736	0.14262	0.01584	0.00953	0.00727	0.00239	0.00905	0.00819	0.00370	0.00905
30	0.02819	0.01124	0.01511	0.01189	0.01654	0.00984	0.00954	0.03067	0.01922	0.59056	0.06690	0.02849	0.02148	0.09402	0.01056	0.00274	0.00600	0.00786	0.00824	0.01091
31	0.01020	0.00753	0.01097	0.01097	0.01207	0.00864	0.00831	0.01241	0.01130	0.01618	0.01951	0.03039	0.01885	0.14382	0.63256	0.01085	0.01749	0.00798	0.00388	0.00609
32	0.01904	0.75404	0.03731	0.01218	0.01828	0.02818	0.01218	0.02132	0.01447	0.01675	0.00990	0.01142	0.00914	0.00609	0.00457	0.00152	0.00761	0.00381	0.00305	0.00914
33	0.01867	0.01628	0.01895	0.06807	0.13551	0.05795	0.01357	0.19087	0.18803	0.02872	0.02644	0.05307	0.10483	0.01017	0.00795	0.00230	0.03438	0.00832	0.00584	0.01006
34	0.01713	0.02013	0.11489	0.02241	0.10067	0.11328	0.21882	0.04301	0.01770	0.05276	0.07890	0.07774	0.07133	0.00938	0.00772	0.00228	0.00918	0.00887	0.00468	0.00911
35	0.01788	0.02756	0.30554	0.01721	0.02346	0.18739	0.01752	0.02563	0.13793	0.04778	0.01909	0.10696	0.01636	0.00942	0.00707	0.00226	0.00926	0.00752	0.00459	0.00958
36	0.02005	0.02701	0.15288	0.02786	0.21417	0.26688	0.14370	0.02449	0.01752	0.02098	0.01263	0.01575	0.01003	0.00671	0.00703	0.00209	0.01106	0.00591	0.00350	0.00975
37	0.01511	0.01697	0.10294	0.39150	0.26909	0.01634	0.02093	0.02063	0.03883	0.02082	0.01349	0.01834	0.01048	0.00690	0.00706	0.00227	0.00912	0.00627	0.00341	0.00947
38	0.01308	0.01169	0.01148	0.01107	0.01290	0.10513	0.00811	0.04052	0.05561	0.02121	0.17378	0.13955	0.10257	0.11985	0.13684	0.00454	0.00831	0.01124	0.00573	0.00680
39	0.01008	0.00728	0.00952	0.00896	0.01064	0.00672	0.00672	0.01344	0.02016	0.02855	0.70158	0.05319	0.06719	0.01456	0.00840	0.00224	0.00336	0.01288	0.00784	0.00672
40	0.03195	0.01212	0.01652	0.01267	0.01818	0.01047	0.01047	0.03470	0.02038	0.71026	0.02809	0.02424	0.01763	0.00881	0.00716	0.00220	0.00606	0.00716	0.00881	0.01212
41	0.00847	0.00722	0.00729	0.00727	0.00965	0.00604	0.00546	0.01033	0.01637	0.01956	0.09377	0.06800	0.68061	0.01791	0.00842	0.00240	0.00360	0.01495	0.00665	0.00604
42	0.01762	0.01692	0.02890	0.04371	0.70533	0.01692	0.02185	0.02185	0.01621	0.02326	0.01339	0.01762	0.01128	0.00634	0.00705	0.00211	0.00846	0.00634	0.00352	0.01128
43	0.01585	0.01511	0.02570	0.33568	0.42719	0.01645	0.02097	0.02030	0.01538	0.02111	0.01308	0.01820	0.01052	0.00667	0.00708	0.00222	0.00890	0.00634	0.00337	0.00985
44	0.00874	0.00723	0.00766	0.00755	0.00982	0.00615	0.00566	0.01084	0.01699	0.02104	0.19421	0.06555	0.57924	0.01736	0.00841	0.00237	0.00356	0.01461	0.00685	0.00615
45	0.01683	0.01790	0.02104	0.01806	0.01943	0.14055	0.05268	0.01873	0.01330	0.01789	0.01307	0.08836	0.01324	0.01187	0.01734	0.00274	0.46380	0.00739	0.00364	0.04215
46	0.01522	0.01446	0.02456	0.44066	0.32719	0.01629	0.02066	0.01974	0.01508	0.02034	0.01297	0.01841	0.01025	0.00679	0.00709	0.00226	0.00905	0.00634	0.00332	0.00934
47	0.01022	0.00743	0.00972	0.00958	0.01129	0.00693	0.00747	0.01348	0.01928	0.02676	0.54999	0.05878	0.09961	0.01565	0.00865	0.00243	0.00393	0.12461	0.00755	0.00665
48	0.01036	0.00690	0.00777	0.00777	0.00777	0.00690	0.00431	0.01036	0.01036	0.01381	0.02244	0.04660	0.02589	0.74975	0.03624	0.00690	0.00690	0.01036	0.00431	0.00431
49	0.01541	0.20725	0.55233	0.01837	0.02784	0.01930	0.02295	0.02226	0.01490	0.02117	0.01209	0.01418	0.00905	0.00661	0.00624	0.00208	0.00983	0.00492	0.00302	0.01019
50	0.01904	0.75404	0.03731	0.01218	0.01828	0.02818	0.01218	0.02132	0.01447	0.01675	0.00990	0.01142	0.00914	0.00609	0.00457	0.00152	0.00761	0.00381	0.00305	0.00914
51	0.00868	0.00620	0.00826	0.00991	0.01033	0.00578	0.00661	0.00991	0.01363	0.01818	0.03925	0.74510	0.04710	0.02231	0.00909	0.00289	0.00413	0.02024	0.00661	0.00578
52	0.00891	0.00723	0.00790	0.00773	0.00992	0.00622	0.00580	0.01118	0.01740	0.02201	0.25934	0.06397	0.51351	0.01700	0.00841	0.00236	0.00353	0.01439	0.00698	0.00622
53	0.01904	0.75404	0.03731	0.01218	0.01828	0.02818	0.01218	0.02132	0.01447	0.01675	0.00990	0.01142	0.00914	0.00609	0.00457	0.00152	0.00761	0.00381	0.00305	0.00914
54	0.01541	0.00726	0.00777	0.00733	0.00943	0.00708	0.00561	0.01867	0.01556	0.10486	0.02379	0.02628	0.01818	0.00836	0.00523	0.00172	0.00363	0.00670	0.69989	0.00726
55	0.01762	0.01692	0.02890	0.04371	0.70533	0.01692	0.02185	0.02185	0.01621	0.02326	0.01339	0.01762	0.01128	0.00634	0.00705	0.00211	0.00846	0.00634	0.00352	0.01128
56	0.01345	0.01266	0.02136	0.73264	0.04904	0.01582	0.01978	0.01819	0.01424	0.01819	0.01266	0.01898	0.00949	0.00712	0.00712	0.00237	0.00949	0.00633	0.00316	0.00791
57	0.00859	0.00722	0.00745	0.00739	0.00972	0.00608	0.00554	0.01055	0.01663	0.02019	0.13631	0.06696	0.63768	0.01768	0.00841	0.00239	0.00358	0.01481	0.00674	0.00608
58	0.00868	0.00620	0.00826	0.00991	0.01033	0.00578	0.00661	0.00991	0.01363	0.01818	0.03925	0.74510	0.04710	0.02231	0.00909	0.00289	0.00413	0.02024	0.00661	0.00578
59	0.01345	0.01266	0.02136	0.73264	0.04904	0.01582	0.01978	0.01819	0.01424	0.01819	0.01266	0.01898	0.00949	0.00712	0.00712	0.00237	0.00949	0.00633	0.00316	0.00791
60	0.01428	0.03683	0.71286	0.02030	0.03082	0.01654	0.02631	0.02255	0.01503	0.02255	0.01278	0.01503	0.00902	0.00677	0.00677	0.00226	0.01052	0.00526	0.00301	0.01052
61	0.00849	0.00722	0.00731	0.00729	0.00966	0.00604	0.00547	0.01036	0.01640	0.01964	0.09968	0.06786	0.67464	0.01788	0.00841	0.00240	0.00360	0.01493	0.00667	0.00604
62	0.02935	0.01288	0.01658	0.01308	0.01834	0.01203	0.01069	0.05253	0.13711	0.57465	0.02795	0.02445	0.01819	0.00895	0.00717	0.00224	0.00603	0.00729	0.00850	0.01197
63	0.00842	0.00718	0.00725	0.00730	0.00964	0.00600	0.00545	0.01021	0.01615	0.01920	0.07110	0.08977	0.68187	0.01817	0.00844	0.00242	0.00362	0.01519	0.00661	0.00600
64	0.00868	0.00620	0.00826	0.00991	0.01033	0.00578	0.00661	0.00991	0.01363	0.01818	0.03925	0.74510	0.04710	0.02231	0.00909	0.00289	0.00413	0.02024	0.00661	0.00578
65	0.02513	0.03036	0.02041	0.10000	0.02511	0.58359	0.01443	0.08031	0.02058	0.01974	0.01169	0.01389	0.00945	0.00741	0.00656	0.00192	0.01205	0.00493	0.00389	0.00853
66	0.01345	0.01266	0.02136	0.73264	0.04904	0.01582	0.01978	0.01819	0.01424	0.01819	0.01266	0.01898	0.00949	0.00712	0.00712	0.00237	0.00949	0.00633	0.00316	0.00791
67	0.00900	0.00643	0.00863	0.01028	0.01083	0.00606	0.00717	0.01047	0.01395	0.01854	0.03907	0.66896	0.04640	0.02201	0.00917	0.00294	0.00441	0.09322	0.00660	0.00587
68	0.02176	0.33416	0.02912	0.02091	0.16844	0.23334	0.01466	0.02436	0.01691	0.05872	0.01205	0.01394	0.01011	0.00668	0.00582	0.00178	0.00928	0.00479	0.00367	0.00951
69	0.01888	0.01684	0.02168	0.01803	0.01967	0.02189	0.01499	0.20831	0.01740	0.02512	0.01158	0.01602	0.01014	0.01134	0.01869	0.00283	0.52701	0.00628	0.00427	0.00903
70	0.01709	0.26702	0.05309	0.01213	0.01793	0.08539	0.01077	0.01987	0.01495	0.01988	0.01213	0.01531	0.01076	0.04914	0.00701	0.00168	0.00713	0.00452	0.00372	0.37049
71	0.01890	0.02142	0.01811	0.01645	0.01844	0.32764	0.01285	0.02086	0.01516	0.01709	0.01288	0.01793	0.01170	0.02197	0.21673	0.00494	0.20984	0.00591	0.00356	0.00758
72	0.00927	0.00725	0.00839	0.00811	0.01014	0.00637	0.00608	0.01186	0.01824	0.02400	0.39403	0.06068	0.37757	0.01626	0.00841	0.00232	0.00348	0.01393	0.00724	0.00637
73	0.00979	0.00727	0.00912	0.00866	0.01046	0.00660	0.00649	0.01288	0.01948	0.02694	0.59258	0.05585	0.17719	0.01516	0.00840	0.00227	0.00340	0.01325	0.00763	0.00660
74	0.16175	0.01574	0.02444	0.13374	0.48561	0.01659	0.01895	0.02117	0.01518	0.02416	0.01265	0.01669	0.01037	0.00650	0.00657	0.00217	0.00806	0.00588	0.00364	0.01015
75	0.00902	0.00684	0.00833	0.00880	0.01021	0.00614	0.00628	0.01108	0.01641	0.02167	0.25136	0.32861	0.25212	0.01865	0.00867	0.00254	0.00374	0.01641	0.00699	0.00614
76	0.01052	0.00846	0.01231	0.03985	0.09206	0.00879	0.00961	0.01243	0.01390	0.01903	0.06087	0.50613	0.03791	0.02102	0.05795	0.00335	0.05737	0.01600	0.00575	0.00671
77	0.01890	0.73274	0.05738	0.01242	0.01865	0.02783	0.01260	0.02136	0.01449	0.01693	0.00998	0.01153	0.00913	0.00611	0.00463	0.00154	0.00770	0.00385	0.00304	0.00918
78	0.00855	0.00698	0.00756	0.00791	0.00983	0.00599	0.00574	0.01029	0.01580	0.01940	0.09207	0.22439	0.52302	0.01887	0.00857	0.00251	0.00372	0.01614	0.00667	0.00599
79	0.00964	0.00695	0.00800	0.00815	0.00986	0.00626	0.00596	0.01200	0.01668	0.02276	0.24025	0.18842	0.29579	0.01647	0.00805	0.00234	0.00360	0.01422	0.11835	0.00626
80	0.01022	0.00770	0.00897	0.00836	0.01075	0.00666	0.00633	0.01283	0.01805	0.04350	0.35383	0.05715	0.35350	0.01545	0.00819	0.00225	0.00366	0.01320	0.00709	0.05232
81	0.01477	0.01266	0.01477	0.01055	0.01687	0.00949	0.00844	0.01793	0.01477	0.02320	0.01266	0.01477	0.01055	0.00527	0.00527	0.00105	0.00527	0.00422	0.00422	0.79328
82	0.01801	0.09705	0.29829	0.04637	0.09395	0.06930	0.01898	0.11613	0.06113	0.02519	0.01406	0.01593	0.01067	0.00701	0.00652	0.00203	0.00900	0.00547	0.00408	0.08084
83	0.02063	0.60222	0.03370	0.01348	0.01906	0.17428	0.01252	0.02282	0.01567	0.01690	0.01013	0.01172	0.00915	0.00635	0.00496	0.00159	0.00872	0.00397	0.00318	0.00895
84	0.01105	0.00810	0.01054	0.01136	0.03260	0.00750	0.00786	0.01394	0.05050	0.04052	0.10085	0.48190	0.04140	0.01794	0.00840	0.00257	0.00456	0.04519	0.00646	0.09675
85	0.01417	0.05132	0.39669	0.06194	0.10413	0.04557	0.02036	0.01985	0.01504	0.02106	0.01808	0.16469	0.01711	0.00992	0.00720	0.00233	0.00892	0.00843	0.00384	0.00934
86	0.01956	0.01969	0.02236	0.02437	0.20561	0.15062	0.03882	0.06543	0.22348	0.02451	0.01737	0.01918	0.01383	0.00854	0.00939	0.00231	0.11332	0.00659	0.00484	0.01019
87	0.01036	0.00690	0.00777	0.00777	0.00777	0.00690	0.00431	0.01036	0.01036	0.01381	0.02244	0.04660	0.02589	0.74975	0.03624	0.00690	0.00690	0.01036	0.00431	0.00431
88	0.02089	0.57806	0.03313	0.01369	0.01919	0.19753	0.01257	0.02306	0.01586	0.01692	0.01017	0.01177	0.00915	0.00640	0.00502	0.00160	0.00889	0.00400	0.00320	0.00892
89	0.01317	0.02904	0.52729	0.01730	0.02549	0.01395	0.02114	0.02015	0.01639	0.02413	0.19451	0.02510	0.02437	0.00882	0.00720	0.00225	0.00863	0.00727	0.00428	0.00952
90	0.00878	0.00654	0.00822	0.00950	0.01043	0.00598	0.00663	0.01027	0.01438	0.01860	0.04651	0.55496	0.19320	0.02120	0.00898	0.00281	0.00416	0.05640	0.00661	0.00588
91	0.01017	0.00763	0.01144	0.01144	0.01272	0.00890	0.00890	0.01272	0.01144	0.01653	0.01907	0.02797	0.01780	0.05340	0.72153	0.01144	0.01907	0.00763	0.00381	0.00636
92	0.00957	0.00882	0.04950	0.00918	0.01143	0.00692	0.00741	0.01240	0.01763	0.02364	0.35860	0.15452	0.27151	0.01636	0.00841	0.00239	0.00397	0.01420	0.00698	0.00657
93	0.01008	0.00728	0.00952	0.00896	0.01064	0.00672	0.00672	0.01344	0.02016	0.02855	0.70158	0.05319	0.06719	0.01456	0.00840	0.00224	0.00336	0.01288	0.00784	0.00672
94	0.00868	0.00620	0.00826	0.00991	0.01033	0.00578	0.00661	0.00991	0.01363	0.01818	0.03925	0.74510	0.04710	0.02231	0.00909	0.00289	0.00413	0.02024	0.00661	0.00578
95	0.01457	0.03481	0.63602	0.02141	0.03155	0.01671	0.10112	0.02258	0.01524	0.02258	0.01296	0.01551	0.00922	0.00668	0.00695	0.00227	0.01069	0.00562	0.00307	0.01042
96	0.00846	0.00704	0.00739	0.00768	0.00974	0.00597	0.00562	0.01017	0.01578	0.01905	0.06645	0.18539	0.58924	0.01877	0.00853	0.00249	0.00370	0.01593	0.00661	0.00597
97	0.03139	0.01301	0.01708	0.01309	0.01862	0.01180	0.01082	0.10880	0.02188	0.63405	0.02683	0.02342	0.01699	0.00878	0.00716	0.00220	0.00626	0.00707	0.00862	0.01212
98	0.02244	0.55829	0.03183	0.01231	0.01825	0.02350	0.01173	0.02485	0.01603	0.19973	0.01470	0.01480	0.01138	0.00681	0.00525	0.00170	0.00720	0.00469	0.00457	0.00992
99	0.02707	0.01995	0.02137	0.01638	0.02208	0.02208	0.01353	0.68159	0.03348	0.04488	0.01710	0.01710	0.01211	0.00855	0.00712	0.00214	0.00784	0.00641	0.00712	0.01211
100	0.01904	0.75404	0.03731	0.01218	0.01828	0.02818	0.01218	0.02132	0.01447	0.01675	0.00990	0.01142	0.00914	0.00609	0.00457	0.00152	0.00761	0.00381	0.00305	0.00914
101	0.00929	0.00675	0.00778	0.00833	0.00910	0.00630	0.00536	0.01017	0.01299	0.01669	0.04112	0.28392	0.21142	0.31557	0.01990	0.00439	0.00511	0.01487	0.00568	0.00525
102	0.01762	0.01692	0.02890	0.04371	0.70533	0.01692	0.02185	0.02185	0.01621	0.02326	0.01339	0.01762	0.01128	0.00634	0.00705	0.00211	0.00846	0.00634	0.00352	0.01128
103	0.01635	0.01583	0.02798	0.03748	0.52557	0.01562	0.10799	0.02043	0.01596	0.02254	0.01689	0.11229	0.01587	0.00837	0.00750	0.00225	0.00837	0.00842	0.00394	0.01034
104	0.00865	0.00631	0.00814	0.00961	0.01025	0.00581	0.00647	0.00995	0.01393	0.01830	0.04301	0.66761	0.12216	0.02182	0.00901	0.00284	0.00407	0.01965	0.00661	0.00581
105	0.01272	0.00756	0.00911	0.00861	0.00992	0.00714	0.00581	0.01421	0.01466	0.09841	0.18939	0.07769	0.08197	0.36278	0.02129	0.00445	0.00540	0.01115	0.05161	0.00610
106	0.01426	0.01348	0.02282	0.59902	0.17633	0.01603	0.02018	0.01890	0.01462	0.01918	0.01280	0.01872	0.00984	0.00697	0.00711	0.00232	0.00929	0.00633	0.00323	0.00856
107	0.02144	0.01655	0.01776	0.01497	0.01960	0.01864	0.01192	0.23675	0.44929	0.07431	0.02525	0.02350	0.01852	0.00927	0.00720	0.00232	0.00634	0.00749	0.00730	0.01158
108	0.06151	0.09797	0.01740	0.01093	0.01709	0.01258	0.00906	0.04865	0.01543	0.02396	0.01238	0.01430	0.01029	0.00559	0.00523	0.00122	0.00567	0.00425	0.00423	0.62226
109	0.01933	0.00963	0.01239	0.01032	0.01402	0.00835	0.00818	0.02215	0.01926	0.31555	0.26706	0.04134	0.15289	0.01218	0.00770	0.00218	0.00466	0.01032	0.00783	0.05465
110	0.01150	0.00886	0.01211	0.01123	0.01259	0.00955	0.04614	0.01512	0.08927	0.01720	0.02144	0.03563	0.02146	0.35712	0.29168	0.00785	0.01168	0.00894	0.00442	0.00620
111	0.00868	0.00620	0.00826	0.00991	0.01033	0.00578	0.00661	0.00991	0.01363	0.01818	0.03925	0.74510	0.04710	0.02231	0.00909	0.00289	0.00413	0.02024	0.00661	0.00578
112	0.02173	0.02371	0.09815	0.01659	0.02163	0.20414	0.01415	0.17560	0.29214	0.02903	0.01976	0.01954	0.01484	0.00847	0.00695	0.00218	0.00858	0.00646	0.00579	0.01057
113	0.01559	0.23484	0.52635	0.01806	0.02736	0.01975	0.02241	0.02221	0.01488	0.02095	0.01198	0.01404	0.00905	0.00658	0.00616	0.00205	0.00972	0.00486	0.00302	0.01014
114	0.01658	0.01820	0.10801	0.01369	0.01705	0.17288	0.01172	0.07168	0.01748	0.04777	0.02507	0.27191	0.02567	0.01340	0.00750	0.00236	0.00741	0.04854	0.09522	0.00788
115	0.01687	0.01689	0.02169	0.01854	0.01908	0.06223	0.01536	0.05551	0.01272	0.01873	0.00988	0.01551	0.00949	0.01194	0.02147	0.00299	0.65352	0.00615	0.00338	0.00806
116	0.00926	0.00725	0.00839	0.00810	0.01014	0.00637	0.00608	0.01186	0.01823	0.02399	0.39301	0.06071	0.37861	0.01626	0.00841	0.00232	0.00348	0.01393	0.00724	0.00637
117	0.01750	0.01445	0.02396	0.25743	0.37729	0.01524	0.01901	0.02167	0.01629	0.10065	0.05489	0.02088	0.01469	0.00735	0.00716	0.00221	0.00822	0.00681	0.00427	0.01004
118	0.01489	0.01289	0.01626	0.09656	0.02110	0.01445	0.05008	0.02753	0.39647	0.02511	0.02891	0.19016	0.02616	0.01240	0.00781	0.00255	0.00614	0.03475	0.00640	0.00937
119	0.00894	0.00664	0.00841	0.00972	0.01069	0.00611	0.00692	0.01053	0.01449	0.01876	0.04591	0.52832	0.18263	0.02112	0.00903	0.00283	0.00430	0.09214	0.00660	0.00592
120	0.00951	0.00704	0.00896	0.00991	0.01099	0.00668	0.00706	0.01218	0.04609	0.02089	0.16092	0.47596	0.11337	0.01974	0.00887	0.00273	0.00418	0.06179	0.00686	0.00628
121	0.01021	0.00748	0.01067	0.01067	0.01167	0.00848	0.00793	0.01222	0.01121	0.01595	0.01978	0.03191	0.01951	0.20061	0.57666	0.01048	0.01650	0.00821	0.00392	0.00593
122	0.02573	0.11642	0.02214	0.01764	0.02159	0.64179	0.01358	0.02762	0.01952	0.01735	0.01088	0.01268	0.00917	0.00720	0.00621	0.00180	0.01224	0.00450	0.00360	0.00836
123	0.00868	0.00620	0.00826	0.00991	0.01033	0.00578	0.00661	0.00991	0.01363	0.01818	0.03925	0.74510	0.04710	0.02231	0.00909	0.00289	0.00413	0.02024	0.00661	0.00578
124	0.00868	0.00620	0.00826	0.00991	0.01033	0.00578	0.00661	0.00991	0.01363	0.01818	0.03925	0.74510	0.04710	0.02231	0.00909	0.00289	0.00413	0.02024	0.00661	0.00578
125	0.01253	0.00871	0.01051	0.00982	0.01181	0.00860	0.00739	0.10277	0.02013	0.02868	0.40709	0.16471	0.04997	0.01428	0.00790	0.00226	0.00409	0.01248	0.10899	0.00727
126	0.80005	0.01377	0.01047	0.00936	0.01377	0.01597	0.00771	0.02093	0.01212	0.03195	0.00991	0.01157	0.00771	0.00661	0.00441	0.00220	0.00551	0.00386	0.00441	0.00771
127	0.01038	0.01207	0.13094	0.01121	0.01404	0.00814	0.01008	0.01396	0.01731	0.02440	0.38319	0.25458	0.05107	0.01554	0.00832	0.00244	0.00483	0.01377	0.00663	0.00710
128	0.01781	0.01840	0.02861	0.03463	0.41740	0.08447	0.12500	0.02168	0.01581	0.02158	0.01298	0.01751	0.01097	0.00884	0.03419	0.00259	0.10740	0.00654	0.00351	0.01009
129	0.01020	0.00752	0.01090	0.01090	0.01198	0.00860	0.00822	0.01236	0.01128	0.01612	0.01957	0.03075	0.01900	0.15702	0.61956	0.01077	0.01726	0.00803	0.00389	0.00605
130	0.00945	0.00727	0.00869	0.00895	0.01057	0.00669	0.00647	0.01240	0.04632	0.02246	0.26873	0.27085	0.25939	0.01784	0.00857	0.00250	0.00378	0.01562	0.00705	0.00641
131	0.01558	0.01558	0.02181	0.01869	0.01869	0.02181	0.01558	0.01714	0.01091	0.01714	0.00935	0.01558	0.00935	0.01246	0.02337	0.00312	0.73672	0.00623	0.00312	0.00779
132	0.02455	0.10657	0.14226	0.01619	0.02265	0.05207	0.01520	0.37817	0.02580	0.12294	0.01668	0.01682	0.01182	0.00794	0.00674	0.00208	0.00827	0.00593	0.00601	0.01132
133	0.02233	0.01154	0.01452	0.03681	0.01690	0.01123	0.00988	0.13817	0.02136	0.30485	0.15716	0.05596	0.02819	0.01072	0.00733	0.00221	0.00560	0.03805	0.09735	0.00982
134	0.80005	0.01377	0.01047	0.00936	0.01377	0.01597	0.00771	0.02093	0.01212	0.03195	0.00991	0.01157	0.00771	0.00661	0.00441	0.00220	0.00551	0.00386	0.00441	0.00771
135	0.00861	0.00722	0.00748	0.00741	0.00973	0.00609	0.00556	0.01059	0.01668	0.02030	0.14423	0.06677	0.62968	0.01764	0.00841	0.00239	0.00358	0.01478	0.00675	0.00609
136	0.00948	0.00708	0.00939	0.00984	0.01091	0.00730	0.00710	0.01122	0.01274	0.01711	0.03419	0.23330	0.14537	0.12523	0.31826	0.00698	0.01080	0.01270	0.00513	0.00589
137	0.01558	0.01558	0.02181	0.01869	0.01869	0.02181	0.01558	0.01714	0.01091	0.01714	0.00935	0.01558	0.00935	0.01246	0.02337	0.00312	0.73672	0.00623	0.00312	0.00779
138	0.01345	0.01266	0.02136	0.73264	0.04904	0.01582	0.01978	0.01819	0.01424	0.01819	0.01266	0.01898	0.00949	0.00712	0.00712	0.00237	0.00949	0.00633	0.00316	0.00791
139	0.01904	0.75404	0.03731	0.01218	0.01828	0.02818	0.01218	0.02132	0.01447	0.01675	0.00990	0.01142	0.00914	0.00609	0.00457	0.00152	0.00761	0.00381	0.00305	0.00914
140	0.00868	0.00620	0.00826	0.00991	0.01033	0.00578	0.00661	0.00991	0.01363	0.01818	0.03925	0.74510	0.04710	0.02231	0.00909	0.00289	0.00413	0.02024	0.00661	0.00578
141	0.01762	0.01692	0.02890	0.04371	0.70533	0.01692	0.02185	0.02185	0.01621	0.02326	0.01339	0.01762	0.01128	0.00634	0.00705	0.00211	0.00846	0.00634	0.00352	0.01128
142	0.01477	0.01266	0.01477	0.01055	0.01687	0.00949	0.00844	0.01793	0.01477	0.02320	0.01266	0.01477	0.01055	0.00527	0.00527	0.00105	0.00527	0.00422	0.00422	0.79328
143	0.03195	0.01212	0.01652	0.01267	0.01818	0.01047	0.01047	0.03470	0.02038	0.71026	0.02809	0.02424	0.01763	0.00881	0.00716	0.00220	0.00606	0.00716	0.00881	0.01212
144	0.02660	0.03394	0.02018	0.01834	0.02201	0.72116	0.01376	0.02843	0.02018	0.01743	0.01101	0.01284	0.00917	0.00734	0.00642	0.00183	0.01284	0.00459	0.00367	0.00825
145	0.01327	0.00664	0.00664	0.00664	0.00830	0.00664	0.00498	0.01659	0.01493	0.02655	0.02323	0.02655	0.01825	0.00830	0.00498	0.00166	0.00332	0.00664	0.78928	0.00664
146	0.00868	0.00620	0.00826	0.00991	0.01033	0.00578	0.00661	0.00991	0.01363	0.01818	0.03925	0.74510	0.04710	0.02231	0.00909	0.00289	0.00413	0.02024	0.00661	0.00578
147	0.00967	0.00708	0.00908	0.00895	0.01049	0.00649	0.00657	0.01252	0.01865	0.02586	0.52592	0.17449	0.12524	0.01624	0.00852	0.00237	0.00352	0.01436	0.00751	0.00649
148	0.02660	0.03394	0.02018	0.01834	0.02201	0.72116	0.01376	0.02843	0.02018	0.01743	0.01101	0.01284	0.00917	0.00734	0.00642	0.00183	0.01284	0.00459	0.00367	0.00825
149	0.01617	0.01674	0.03293	0.21403	0.06831	0.01698	0.39888	0.05907	0.01726	0.02321	0.05307	0.02088	0.01376	0.00695	0.00793	0.00236	0.01045	0.00790	0.00393	0.00921
150	0.01904	0.75404	0.03731	0.01218	0.01828	0.02818	0.01218	0.02132	0.01447	0.01675	0.00990	0.01142	0.00914	0.00609	0.00457	0.00152	0.00761	0.00381	0.00305	0.00914
151	0.10339	0.00745	0.00708	0.00695	0.00892	0.00771	0.00529	0.01709	0.01461	0.02717	0.02170	0.02483	0.01704	0.00810	0.00491	0.00172	0.00357	0.00632	0.69938	0.00676
152	0.13521	0.01830	0.01956	0.01554	0.02030	0.02093	0.01281	0.47400	0.06620	0.03898	0.01588	0.01669	0.01173	0.00879	0.00860	0.00227	0.09086	0.00612	0.00628	0.01094
153	0.01002	0.00728	0.00943	0.00889	0.01060	0.00669	0.00667	0.01332	0.02001	0.02821	0.67820	0.05376	0.09078	0.01469	0.00840	0.00225	0.00337	0.01296	0.00779	0.00669
154	0.01715	0.01643	0.02804	0.12262	0.63016	0.01679	0.02162	0.02143	0.01599	0.02268	0.01331	0.01778	0.01107	0.00643	0.00706	0.00214	0.00858	0.00634	0.00348	0.01089
155	0.00879	0.00723	0.00774	0.00761	0.00985	0.00617	0.00571	0.01095	0.01712	0.02135	0.21463	0.06506	0.55863	0.01725	0.00841	0.00237	0.00355	0.01454	0.00689	0.00617
156	0.01327	0.00664	0.00664	0.00664	0.00830	0.00664	0.00498	0.01659	0.01493	0.02655	0.02323	0.02655	0.01825	0.00830	0.00498	0.00166	0.00332	0.00664	0.78928	0.00664
157	0.01904	0.75404	0.03731	0.01218	0.01828	0.02818	0.01218	0.02132	0.01447	0.01675	0.00990	0.01142	0.00914	0.00609	0.00457	0.00152	0.00761	0.00381	0.00305	0.00914
158	0.01036	0.00690	0.00777	0.00777	0.00777	0.00690	0.00431	0.01036	0.01036	0.01381	0.02244	0.04660	0.02589	0.74975	0.03624	0.00690	0.00690	0.01036	0.00431	0.00431
159	0.80005	0.01377	0.01047	0.00936	0.01377	0.01597	0.00771	0.02093	0.01212	0.03195	0.00991	0.01157	0.00771	0.00661	0.00441	0.00220	0.00551	0.00386	0.00441	0.00771
160	0.00868	0.00620	0.00826	0.00991	0.01033	0.00578	0.00661	0.00991	0.01363	0.01818	0.03925	0.74510	0.04710	0.02231	0.00909	0.00289	0.00413	0.02024	0.00661	0.00578
161	0.03195	0.01212	0.01652	0.01267	0.01818	0.01047	0.01047	0.03470	0.02038	0.71026	0.02809	0.02424	0.01763	0.00881	0.00716	0.00220	0.00606	0.00716	0.00881	0.01212
162	0.01345	0.01266	0.02136	0.73264	0.04904	0.01582	0.01978	0.01819	0.01424	0.01819	0.01266	0.01898	0.00949	0.00712	0.00712	0.00237	0.00949	0.00633	0.00316	0.00791
163	0.01836	0.01515	0.01612	0.01441	0.01850	0.01738	0.01123	0.03770	0.66193	0.06071	0.02894	0.02646	0.02155	0.00962	0.00724	0.00241	0.00565	0.00801	0.00732	0.01131
164	0.01034	0.00808	0.00951	0.00925	0.01134	0.00766	0.00704	0.01481	0.08715	0.02478	0.36085	0.08844	0.26491	0.01583	0.00840	0.00240	0.00389	0.05117	0.00725	0.00690
165	0.02189	0.16828	0.02389	0.04209	0.13640	0.14087	0.01401	0.07808	0.16783	0.11092	0.01784	0.01836	0.01360	0.00770	0.00650	0.00203	0.00810	0.00601	0.00521	0.01038
166	0.01626	0.01341	0.01613	0.05212	0.03775	0.03807	0.03392	0.13215	0.14954	0.02514	0.02110	0.07653	0.01884	0.10723	0.10591	0.00407	0.05292	0.00831	0.05873	0.03187
167	0.01703	0.04732	0.11296	0.05943	0.05325	0.11879	0.03430	0.04593	0.05573	0.02247	0.01560	0.01830	0.03180	0.03036	0.00717	0.00187	0.00793	0.00558	0.00417	0.31002
168	0.05076	0.05038	0.26092	0.08860	0.09858	0.06342	0.09410	0.02087	0.03358	0.02203	0.04317	0.05382	0.07209	0.00865	0.00711	0.00225	0.00896	0.00749	0.00400	0.00921
169	0.07084	0.38052	0.13868	0.03511	0.02102	0.07870	0.01433	0.06877	0.03966	0.02168	0.01229	0.01406	0.01010	0.00692	0.00589	0.00186	0.02623	0.00470	0.03934	0.00930
170	0.07377	0.01587	0.09556	0.01427	0.01843	0.03277	0.05421	0.08213	0.15321	0.06294	0.06982	0.05068	0.06683	0.06319	0.09003	0.00366	0.02975	0.00839	0.00558	0.00891

[dist]
# distance from previous block
# <min> <max>
2	78

[block]
# block no. 1 follows, 29 sequences, length 56
# corresponding to MSA columns:
# 464-519
name=unknown_B
#
# <colnr> <probs for GDERKNQSTAVLIFYWHMCP>
#	G	D	E	R	K	N	Q	S	T	A	V	L	I	F	Y	W	H	M	C	P
0	0.11381	0.01846	0.15093	0.01926	0.10168	0.03561	0.09790	0.07591	0.01724	0.02591	0.15435	0.02414	0.02201	0.01099	0.03092	0.04492	0.03504	0.00741	0.00472	0.00880
1	0.05346	0.01702	0.05386	0.18181	0.07360	0.10011	0.03479	0.08035	0.06591	0.04212	0.01667	0.06061	0.01424	0.04869	0.02970	0.00263	0.00858	0.00696	0.00452	0.10437
2	0.19047	0.01482	0.01854	0.06317	0.15157	0.05415	0.05129	0.08469	0.01709	0.02637	0.09930	0.02746	0.02044	0.04537	0.00918	0.00256	0.04430	0.06573	0.00489	0.00860
3	0.05765	0.01437	0.04019	0.12251	0.06415	0.01299	0.06479	0.07921	0.01705	0.02539	0.08130	0.01977	0.01600	0.00701	0.00638	0.00174	0.00684	0.00606	0.00457	0.35202
4	0.12468	0.05152	0.01888	0.08636	0.02087	0.05383	0.04994	0.01809	0.01377	0.02074	0.01721	0.05505	0.01704	0.01273	0.03169	0.00288	0.22335	0.13325	0.00422	0.04389
5	0.14589	0.09424	0.04057	0.06461	0.02121	0.23918	0.01259	0.06306	0.13278	0.05546	0.01552	0.01691	0.01211	0.01007	0.04453	0.00256	0.00936	0.00551	0.00472	0.00911
6	0.05970	0.01950	0.15515	0.12766	0.28619	0.01608	0.06546	0.05571	0.01690	0.08120	0.03867	0.01888	0.01291	0.00713	0.00702	0.00221	0.00867	0.00645	0.00420	0.01031
7	0.02150	0.02386	0.01805	0.01596	0.01940	0.38297	0.03622	0.08207	0.11786	0.02181	0.04210	0.02294	0.03932	0.09140	0.03145	0.00284	0.01021	0.00677	0.00481	0.00845
8	0.01257	0.00886	0.01075	0.01115	0.01238	0.04372	0.00807	0.01420	0.01410	0.08621	0.03145	0.43300	0.03487	0.06768	0.12226	0.00437	0.03311	0.03862	0.00598	0.00664
9	0.01759	0.01507	0.02396	0.15197	0.42517	0.01574	0.01838	0.04553	0.06240	0.06390	0.01611	0.02059	0.01306	0.04468	0.00850	0.00241	0.00803	0.00672	0.02989	0.01028
10	0.01416	0.01422	0.05387	0.48516	0.18138	0.01533	0.01969	0.01882	0.01490	0.01976	0.01529	0.02459	0.01296	0.00818	0.00736	0.00240	0.00903	0.07073	0.00357	0.00860
11	0.01689	0.01898	0.04072	0.03137	0.10335	0.01790	0.61437	0.02271	0.01675	0.02285	0.01431	0.01905	0.01085	0.00604	0.00827	0.00237	0.01165	0.00820	0.00359	0.00977
12	0.00868	0.00620	0.00826	0.00991	0.01033	0.00578	0.00661	0.00991	0.01363	0.01818	0.03925	0.74510	0.04710	0.02231	0.00909	0.00289	0.00413	0.02024	0.00661	0.00578
13	0.01771	0.01530	0.01610	0.01449	0.01852	0.01771	0.01127	0.03784	0.69247	0.02979	0.02898	0.02657	0.02174	0.00966	0.00725	0.00242	0.00564	0.00805	0.00725	0.01127
14	0.52525	0.01534	0.01590	0.01304	0.01787	0.01709	0.07560	0.15832	0.01722	0.03324	0.01314	0.01665	0.01047	0.00756	0.00562	0.00226	0.00668	0.03501	0.00499	0.00876
15	0.01558	0.01558	0.02181	0.01869	0.01869	0.02181	0.01558	0.01714	0.01091	0.01714	0.00935	0.01558	0.00935	0.01246	0.02337	0.00312	0.73672	0.00623	0.00312	0.00779
16	0.01008	0.00728	0.00952	0.00896	0.01064	0.00672	0.00672	0.01344	0.02016	0.02855	0.70158	0.05319	0.06719	0.01456	0.00840	0.00224	0.00336	0.01288	0.00784	0.00672
17	0.01125	0.00754	0.00989	0.00916	0.01104	0.00692	0.00692	0.01458	0.02017	0.06510	0.66547	0.05164	0.06453	0.01425	0.00833	0.00224	0.00350	0.01257	0.00789	0.00701
18	0.01771	0.01530	0.01610	0.01449	0.01852	0.01771	0.01127	0.03784	0.69247	0.02979	0.02898	0.02657	0.02174	0.00966	0.00725	0.00242	0.00564	0.00805	0.00725	0.01127
19	0.01345	0.01266	0.02136	0.73264	0.04904	0.01582	0.01978	0.01819	0.01424	0.01819	0.01266	0.01898	0.00949	0.00712	0.00712	0.00237	0.00949	0.00633	0.00316	0.00791
20	0.01237	0.00618	0.00928	0.00928	0.00928	0.00618	0.00618	0.00928	0.00928	0.01237	0.01237	0.02165	0.01237	0.02474	0.02783	0.79283	0.00618	0.00618	0.00309	0.00309
21	0.01017	0.00763	0.01144	0.01144	0.01272	0.00890	0.00890	0.01272	0.01144	0.01653	0.01907	0.02797	0.01780	0.05340	0.72153	0.01144	0.01907	0.00763	0.00381	0.00636
22	0.01345	0.01266	0.02136	0.73264	0.04904	0.01582	0.01978	0.01819	0.01424	0.01819	0.01266	0.01898	0.00949	0.00712	0.00712	0.00237	0.00949	0.00633	0.00316	0.00791
23	0.03195	0.01212	0.01652	0.01267	0.01818	0.01047	0.01047	0.03470	0.02038	0.71026	0.02809	0.02424	0.01763	0.00881	0.00716	0.00220	0.00606	0.00716	0.00881	0.01212
24	0.01477	0.01266	0.01477	0.01055	0.01687	0.00949	0.00844	0.01793	0.01477	0.02320	0.01266	0.01477	0.01055	0.00527	0.00527	0.00105	0.00527	0.00422	0.00422	0.79328
25	0.01428	0.03683	0.71286	0.02030	0.03082	0.01654	0.02631	0.02255	0.01503	0.02255	0.01278	0.01503	0.00902	0.00677	0.00677	0.00226	0.01052	0.00526	0.00301	0.01052
26	0.00866	0.00625	0.00820	0.00976	0.01029	0.00580	0.00654	0.00993	0.01378	0.01824	0.04108	0.70743	0.08359	0.02207	0.00905	0.00286	0.00410	0.01995	0.00661	0.00580
27	0.00842	0.00721	0.00721	0.00721	0.00962	0.00601	0.00541	0.01022	0.01623	0.01924	0.07213	0.06853	0.70244	0.01803	0.00842	0.00240	0.00361	0.01503	0.00661	0.00601
28	0.00868	0.00620	0.00826	0.00991	0.01033	0.00578	0.00661	0.00991	0.01363	0.01818	0.03925	0.74510	0.04710	0.02231	0.00909	0.00289	0.00413	0.02024	0.00661	0.00578
29	0.00868	0.00620	0.00826	0.00991	0.01033	0.00578	0.00661	0.00991	0.01363	0.01818	0.03925	0.74510	0.04710	0.02231	0.00909	0.00289	0.00413	0.02024	0.00661	0.00578
30	0.01788	0.01871	0.04022	0.02879	0.03587	0.01747	0.63225	0.02365	0.01706	0.07133	0.01537	0.01956	0.01129	0.00620	0.00832	0.00239	0.01159	0.00832	0.00397	0.00978
31	0.01581	0.17284	0.54950	0.01866	0.02799	0.05447	0.02299	0.02262	0.01519	0.02119	0.01214	0.01424	0.00905	0.00667	0.00633	0.00209	0.01009	0.00495	0.00305	0.01015
32	0.02505	0.06901	0.05975	0.01805	0.02216	0.57704	0.01445	0.06224	0.01989	0.01914	0.01130	0.01325	0.00933	0.00754	0.00717	0.00192	0.04560	0.00476	0.00376	0.00861
33	0.01017	0.00763	0.01144	0.01144	0.01272	0.00890	0.00890	0.01272	0.01144	0.01653	0.01907	0.02797	0.01780	0.05340	0.72153	0.01144	0.01907	0.00763	0.00381	0.00636
34	0.01997	0.01783	0.01728	0.01515	0.01939	0.08799	0.01185	0.13207	0.52850	0.03079	0.02545	0.02381	0.01907	0.00927	0.00715	0.00232	0.00667	0.00747	0.00687	0.01110
35	0.01670	0.02643	0.37265	0.01939	0.06642	0.05661	0.05606	0.06058	0.01608	0.06767	0.01548	0.02100	0.01268	0.12389	0.01208	0.00298	0.03334	0.00649	0.00395	0.00952
36	0.03136	0.01306	0.01710	0.01311	0.01864	0.01186	0.01083	0.11215	0.02195	0.63060	0.02678	0.02338	0.01697	0.00878	0.00716	0.00220	0.00627	0.00707	0.00861	0.01212
37	0.00862	0.00722	0.00749	0.00742	0.00974	0.00610	0.00557	0.01061	0.01670	0.02036	0.14780	0.06668	0.62608	0.01762	0.00841	0.00238	0.00358	0.01477	0.00676	0.00610
38	0.01904	0.75404	0.03731	0.01218	0.01828	0.02818	0.01218	0.02132	0.01447	0.01675	0.00990	0.01142	0.00914	0.00609	0.00457	0.00152	0.00761	0.00381	0.00305	0.00914
39	0.00990	0.00744	0.00927	0.00928	0.01115	0.00681	0.00727	0.01283	0.01839	0.02468	0.40631	0.06247	0.23250	0.01646	0.00868	0.00248	0.00404	0.13628	0.00727	0.00650
40	0.01237	0.00618	0.00928	0.00928	0.00928	0.00618	0.00618	0.00928	0.00928	0.01237	0.01237	0.02165	0.01237	0.02474	0.02783	0.79283	0.00618	0.00618	0.00309	0.00309
41	0.02707	0.01995	0.02137	0.01638	0.02208	0.02208	0.01353	0.68159	0.03348	0.04488	0.01710	0.01710	0.01211	0.00855	0.00712	0.00214	0.00784	0.00641	0.00712	0.01211
42	0.01056	0.00847	0.00958	0.00909	0.01142	0.00811	0.00688	0.01585	0.12103	0.02495	0.34276	0.05538	0.31892	0.01523	0.00823	0.00233	0.00381	0.01302	0.00725	0.00712
43	0.80005	0.01377	0.01047	0.00936	0.01377	0.01597	0.00771	0.02093	0.01212	0.03195	0.00991	0.01157	0.00771	0.00661	0.00441	0.00220	0.00551	0.00386	0.00441	0.00771
44	0.01327	0.00664	0.00664	0.00664	0.00830	0.00664	0.00498	0.01659	0.01493	0.02655	0.02323	0.02655	0.01825	0.00830	0.00498	0.00166	0.00332	0.00664	0.78928	0.00664
45	0.00842	0.00721	0.00721	0.00721	0.00962	0.00601	0.00541	0.01022	0.01623	0.01924	0.07213	0.06853	0.70244	0.01803	0.00842	0.00240	0.00361	0.01503	0.00661	0.00601
46	0.01047	0.00703	0.00813	0.00830	0.00846	0.00703	0.00502	0.01079	0.01095	0.01455	0.02395	0.04994	0.02738	0.67748	0.03363	0.00654	0.00687	0.07441	0.00454	0.00454
47	0.03160	0.01267	0.01687	0.01293	0.01845	0.01129	0.01068	0.08036	0.02131	0.66330	0.02732	0.02373	0.01724	0.00879	0.00716	0.00220	0.00618	0.00711	0.00869	0.01212
48	0.01428	0.03683	0.71286	0.02030	0.03082	0.01654	0.02631	0.02255	0.01503	0.02255	0.01278	0.01503	0.00902	0.00677	0.00677	0.00226	0.01052	0.00526	0.00301	0.01052
49	0.00868	0.00620	0.00826	0.00991	0.01033	0.00578	0.00661	0.00991	0.01363	0.01818	0.03925	0.74510	0.04710	0.02231	0.00909	0.00289	0.00413	0.02024	0.00661	0.00578
50	0.00883	0.00631	0.00844	0.01009	0.01057	0.00592	0.00688	0.01018	0.01379	0.01835	0.03916	0.70809	0.04676	0.02216	0.00913	0.00291	0.00427	0.05572	0.00661	0.00583
51	0.14425	0.02901	0.01859	0.01666	0.02060	0.53174	0.01270	0.07382	0.05092	0.02215	0.01210	0.01358	0.00974	0.00742	0.00620	0.00194	0.01104	0.00476	0.00419	0.00858
52	0.01147	0.00820	0.01147	0.01311	0.01475	0.00820	0.01147	0.01475	0.01639	0.02131	0.03770	0.08032	0.04098	0.01967	0.00984	0.00328	0.00656	0.65741	0.00656	0.00656
53	0.01136	0.01030	0.01154	0.01130	0.01327	0.07773	0.04361	0.01364	0.01654	0.02074	0.15715	0.26893	0.21397	0.01723	0.00857	0.00256	0.00541	0.08325	0.00636	0.00653
54	0.01604	0.01915	0.13809	0.03439	0.44969	0.01608	0.06084	0.02059	0.01552	0.02229	0.01570	0.08921	0.01433	0.00830	0.00816	0.00229	0.04762	0.00766	0.00373	0.01032
55	0.08627	0.02403	0.30488	0.01944	0.09121	0.03842	0.04266	0.10026	0.01820	0.04802	0.09785	0.02405	0.01872	0.00868	0.00707	0.00227	0.00845	0.04504	0.00469	0.00979

[dist]
# distance from previous block
# <min> <max>
0	3

[block]
# block no. 2 follows, 29 sequences, length 23
# corresponding to MSA columns:
# 523-545
name=unknown_C
#
# <colnr> <probs for GDERKNQSTAVLIFYWHMCP>
#	G	D	E	R	K	N	Q	S	T	A	V	L	I	F	Y	W	H	M	C	P
0	0.01947	0.24340	0.06399	0.01594	0.05664	0.10455	0.01329	0.17577	0.01907	0.02409	0.01417	0.01724	0.01192	0.01762	0.16852	0.00403	0.01111	0.00560	0.00428	0.00930
1	0.01590	0.01391	0.07447	0.01301	0.01710	0.01214	0.01123	0.04849	0.01471	0.08087	0.04061	0.01970	0.01416	0.01543	0.09898	0.09198	0.12225	0.00595	0.00444	0.28468
2	0.02286	0.01807	0.01824	0.09548	0.02265	0.11548	0.01267	0.26163	0.14910	0.10294	0.01972	0.02017	0.01439	0.00843	0.00684	0.00213	0.00767	0.00655	0.08459	0.01040
3	0.02037	0.38977	0.17713	0.01558	0.02224	0.12924	0.04062	0.02405	0.01613	0.08686	0.01265	0.01397	0.01002	0.00669	0.00572	0.00183	0.00905	0.00474	0.00372	0.00961
4	0.01345	0.01266	0.02136	0.73264	0.04904	0.01582	0.01978	0.01819	0.01424	0.01819	0.01266	0.01898	0.00949	0.00712	0.00712	0.00237	0.00949	0.00633	0.00316	0.00791
5	0.20865	0.01519	0.01780	0.01426	0.01846	0.01643	0.08491	0.28594	0.02104	0.03202	0.01726	0.06130	0.01538	0.14674	0.01215	0.00311	0.00737	0.00751	0.00552	0.00897
6	0.01623	0.01261	0.01492	0.01073	0.01699	0.00957	0.00861	0.01936	0.01524	0.08163	0.01397	0.01557	0.01115	0.00557	0.00543	0.00115	0.00534	0.00447	0.00461	0.72685
7	0.00866	0.00625	0.00821	0.00977	0.01029	0.00580	0.00655	0.00993	0.01377	0.01823	0.04101	0.70882	0.08224	0.02208	0.00905	0.00287	0.00410	0.01996	0.00661	0.00580
8	0.01036	0.00690	0.00777	0.00777	0.00777	0.00690	0.00431	0.01036	0.01036	0.01381	0.02244	0.04660	0.02589	0.74975	0.03624	0.00690	0.00690	0.01036	0.00431	0.00431
9	0.01477	0.01266	0.01477	0.01055	0.01687	0.00949	0.00844	0.01793	0.01477	0.02320	0.01266	0.01477	0.01055	0.00527	0.00527	0.00105	0.00527	0.00422	0.00422	0.79328
10	0.80005	0.01377	0.01047	0.00936	0.01377	0.01597	0.00771	0.02093	0.01212	0.03195	0.00991	0.01157	0.00771	0.00661	0.00441	0.00220	0.00551	0.00386	0.00441	0.00771
11	0.02432	0.02028	0.02271	0.01777	0.02318	0.08035	0.08806	0.44477	0.14022	0.03755	0.01825	0.01855	0.01332	0.00834	0.00723	0.00219	0.00836	0.00675	0.00645	0.01136
12	0.02444	0.01753	0.01873	0.01465	0.01955	0.01928	0.01195	0.56019	0.02992	0.04103	0.01818	0.01962	0.01353	0.03814	0.00798	0.00226	0.00716	0.00660	0.11823	0.01102
