[name]
unknown

[dist]
# distance from previous block
# <min> <max>
2	11

[block]
# block no. 0 follows, 30 sequences, length 7
# corresponding to MSA columns:
# 11-17
name=unknown_A
#
# <colnr> <probs for GDERKNQSTAVLIFYWHMCP>
#	G	D	E	R	K	N	Q	S	T	A	V	L	I	F	Y	W	H	M	C	P
0	0.07151	0.00976	0.01329	0.07488	0.10363	0.00963	0.01007	0.01537	0.01419	0.06465	0.02869	0.27532	0.09309	0.01768	0.08241	0.00324	0.00684	0.01154	0.00526	0.08896
1	0.11484	0.01140	0.01365	0.01223	0.01500	0.01299	0.00977	0.19069	0.01696	0.02540	0.01705	0.02258	0.01473	0.03500	0.44669	0.00768	0.01412	0.00670	0.00466	0.00788
2	0.05617	0.13184	0.08581	0.01851	0.05293	0.15778	0.08447	0.24957	0.02173	0.02799	0.01315	0.01489	0.01015	0.00736	0.00709	0.00203	0.03845	0.00555	0.00460	0.00992
3	0.19819	0.01559	0.01833	0.43287	0.03506	0.09808	0.01551	0.06956	0.01555	0.02280	0.01192	0.01609	0.00905	0.00699	0.00628	0.00221	0.00866	0.00545	0.00373	0.00805
4	0.01516	0.01190	0.01469	0.07893	0.13228	0.07368	0.01052	0.01758	0.01589	0.09283	0.20223	0.03503	0.03007	0.22191	0.01537	0.00345	0.00675	0.00897	0.00532	0.00745
5	0.01331	0.01073	0.01399	0.21037	0.02239	0.01162	0.01089	0.11666	0.04505	0.02494	0.21903	0.03887	0.15659	0.06408	0.00958	0.00257	0.00599	0.00993	0.00583	0.00758
6	0.58309	0.01470	0.01453	0.01570	0.13372	0.01648	0.01056	0.09485	0.01489	0.03126	0.01108	0.01295	0.00863	0.00664	0.00506	0.00214	0.00615	0.00447	0.00447	0.00863

[dist]
# distance from previous block
# <min> <max>
0	1

[block]
# block no. 1 follows, 30 sequences, length 12
# corresponding to MSA columns:
# 19-30
name=unknown_B
#
# <colnr> <probs for GDERKNQSTAVLIFYWHMCP>
#	G	D	E	R	K	N	Q	S	T	A	V	L	I	F	Y	W	H	M	C	P
0	0.01983	0.01717	0.02639	0.08900	0.41284	0.05547	0.08040	0.09102	0.01818	0.09937	0.01496	0.01791	0.01152	0.00678	0.00702	0.00212	0.00861	0.00640	0.00436	0.01065
1	0.00975	0.00784	0.00885	0.00983	0.01060	0.04570	0.00669	0.01101	0.01339	0.01724	0.03616	0.51519	0.09435	0.10611	0.06944	0.00386	0.00596	0.01648	0.00584	0.00570
2	0.01710	0.01627	0.02492	0.08325	0.52810	0.05512	0.01888	0.04343	0.01680	0.02337	0.06505	0.01998	0.01516	0.00706	0.00691	0.00207	0.00803	0.00661	0.03169	0.01020
3	0.01111	0.00966	0.01161	0.16005	0.01849	0.06580	0.00937	0.01291	0.01354	0.01714	0.02851	0.43908	0.03259	0.12287	0.01212	0.00321	0.00621	0.01441	0.00523	0.00609
4	0.01491	0.01411	0.02310	0.14053	0.47558	0.01435	0.01799	0.01867	0.01560	0.02129	0.02416	0.02713	0.14577	0.00855	0.00718	0.00217	0.00752	0.00786	0.00399	0.00956
5	0.46509	0.01336	0.01260	0.04781	0.08793	0.05208	0.00950	0.01863	0.01370	0.02646	0.04162	0.06185	0.10735	0.00912	0.00573	0.00220	0.00588	0.00683	0.00465	0.00760
6	0.01360	0.01273	0.02158	0.16838	0.29598	0.01304	0.07782	0.01712	0.01497	0.02029	0.02375	0.19258	0.07665	0.01093	0.00762	0.00235	0.00743	0.01028	0.00435	0.00857
7	0.13246	0.05929	0.06118	0.02278	0.24034	0.08234	0.01480	0.13551	0.01885	0.06436	0.05642	0.02013	0.04661	0.00786	0.00649	0.00206	0.00760	0.00633	0.00481	0.00980
8	0.08524	0.01580	0.02210	0.02341	0.23239	0.01597	0.07629	0.20350	0.02046	0.02983	0.08468	0.01994	0.01643	0.00748	0.00673	0.00198	0.00726	0.00658	0.00503	0.11891
9	0.14239	0.01586	0.01864	0.02391	0.28435	0.11193	0.01378	0.05625	0.01628	0.02359	0.04116	0.18282	0.02002	0.01032	0.00691	0.00223	0.00726	0.00889	0.00463	0.00876
10	0.12862	0.06469	0.02126	0.12266	0.25814	0.03524	0.01509	0.10882	0.01724	0.02534	0.05497	0.02019	0.03526	0.01034	0.05128	0.00266	0.00821	0.00638	0.00433	0.00927
11	0.04177	0.12170	0.07687	0.02108	0.22270	0.01523	0.01405	0.09206	0.01731	0.02434	0.08400	0.10149	0.05403	0.00993	0.00682	0.00212	0.00668	0.02844	0.05035	0.00903

[dist]
# distance from previous block
# <min> <max>
4	60

[block]
# block no. 2 follows, 30 sequences, length 89
# corresponding to MSA columns:
# 92-180
name=unknown_C
#
# <colnr> <probs for GDERKNQSTAVLIFYWHMCP>
#	G	D	E	R	K	N	Q	S	T	A	V	L	I	F	Y	W	H	M	C	P
0	0.05090	0.10101	0.16876	0.02296	0.17323	0.01882	0.07472	0.16633	0.04638	0.05620	0.01441	0.01641	0.01096	0.00723	0.00734	0.00213	0.04142	0.00592	0.00445	0.01045
1	0.16473	0.04772	0.10388	0.01848	0.14772	0.10283	0.01351	0.06833	0.01675	0.08497	0.04736	0.02129	0.04515	0.05094	0.00793	0.00233	0.00755	0.00630	0.03324	0.00901
2	0.08707	0.05380	0.14429	0.07018	0.13836	0.07417	0.05656	0.09318	0.08443	0.02493	0.04581	0.03575	0.01481	0.03775	0.00783	0.00233	0.00827	0.00660	0.00443	0.00944
3	0.08277	0.07921	0.15009	0.01670	0.06417	0.05842	0.03295	0.09940	0.08985	0.08653	0.03942	0.04765	0.04174	0.00873	0.00750	0.00216	0.04842	0.00680	0.00501	0.03251
4	0.05329	0.17887	0.05706	0.06680	0.08653	0.10308	0.01279	0.09146	0.06248	0.02208	0.01671	0.09622	0.01567	0.07217	0.00879	0.00241	0.00774	0.00714	0.00439	0.03431
5	0.13129	0.04817	0.08506	0.01772	0.09545	0.10640	0.06841	0.07800	0.06937	0.05236	0.05530	0.02198	0.05568	0.01017	0.03888	0.00250	0.00821	0.00669	0.03932	0.00902
6	0.07089	0.14940	0.14309	0.01970	0.13529	0.01790	0.04253	0.06869	0.04739	0.08028	0.05265	0.01798	0.01394	0.00768	0.00776	0.00209	0.07272	0.00593	0.00441	0.03968
7	0.01529	0.03887	0.20363	0.01282	0.01765	0.01093	0.01277	0.04489	0.01730	0.14376	0.18172	0.12557	0.09879	0.01320	0.02904	0.00254	0.00653	0.01010	0.00600	0.00859
8	0.01844	0.16268	0.13826	0.05211	0.20843	0.17898	0.04769	0.02282	0.03736	0.02001	0.01466	0.01706	0.03809	0.00703	0.00639	0.00197	0.00935	0.00567	0.00354	0.00946
9	0.04159	0.04162	0.22490	0.04958	0.09190	0.01271	0.04190	0.01817	0.03602	0.02233	0.10069	0.03103	0.17031	0.00977	0.00700	0.00211	0.00700	0.00825	0.00460	0.07851
10	0.01053	0.00876	0.01197	0.01283	0.08013	0.00821	0.03826	0.01390	0.04770	0.02254	0.26135	0.14627	0.25993	0.03521	0.00889	0.00246	0.00454	0.01318	0.00641	0.00694
11	0.01528	0.02393	0.30249	0.04921	0.19283	0.05727	0.01936	0.02275	0.10971	0.02237	0.02030	0.05055	0.06678	0.00843	0.00697	0.00221	0.00848	0.00712	0.00410	0.00984
12	0.80405	0.01350	0.01026	0.00918	0.01350	0.01565	0.00756	0.02051	0.01188	0.03131	0.00972	0.01134	0.00756	0.00648	0.00432	0.00216	0.00540	0.00378	0.00432	0.00756
13	0.01926	0.02109	0.19885	0.01644	0.02256	0.01718	0.04227	0.14396	0.32064	0.09051	0.02166	0.02104	0.01568	0.00833	0.00700	0.00226	0.00741	0.00685	0.00600	0.01101
14	0.80405	0.01350	0.01026	0.00918	0.01350	0.01565	0.00756	0.02051	0.01188	0.03131	0.00972	0.01134	0.00756	0.00648	0.00432	0.00216	0.00540	0.00378	0.00432	0.00756
15	0.01355	0.01263	0.02047	0.67382	0.04541	0.01567	0.01864	0.01954	0.07465	0.01884	0.01382	0.01926	0.01037	0.00720	0.00699	0.00233	0.00897	0.00635	0.00346	0.00804
16	0.00845	0.00699	0.00740	0.00749	0.00960	0.00595	0.00554	0.01033	0.01609	0.01974	0.13649	0.12609	0.58043	0.01768	0.00830	0.00238	0.00355	0.01495	0.00661	0.00595
17	0.01045	0.00797	0.00970	0.00912	0.01111	0.00765	0.00688	0.01530	0.09238	0.02681	0.54336	0.05146	0.15283	0.01424	0.00811	0.00224	0.00357	0.01241	0.00745	0.00697
18	0.02301	0.01683	0.01821	0.01476	0.01963	0.01859	0.01193	0.38000	0.26385	0.09339	0.02381	0.02254	0.04269	0.00914	0.00707	0.00221	0.00662	0.00723	0.00714	0.01135
19	0.02226	0.01952	0.09421	0.01542	0.02095	0.01898	0.01360	0.46589	0.11521	0.03760	0.04784	0.02209	0.05609	0.00911	0.00708	0.00216	0.00727	0.00711	0.00656	0.01103
20	0.49515	0.01662	0.01588	0.01759	0.15866	0.08602	0.01151	0.08215	0.01538	0.02932	0.01116	0.01317	0.00881	0.00667	0.00529	0.00210	0.00690	0.00458	0.00431	0.00872
21	0.02289	0.04367	0.04732	0.01734	0.04822	0.38860	0.01330	0.07320	0.17938	0.05199	0.01650	0.01711	0.01275	0.00780	0.00651	0.00198	0.00967	0.00565	0.02676	0.00938
22	0.01614	0.01401	0.01535	0.01380	0.01713	0.01631	0.01079	0.03209	0.55084	0.02753	0.08474	0.02909	0.05478	0.01048	0.00865	0.00241	0.07053	0.00843	0.00676	0.01014
23	0.00923	0.00711	0.00844	0.00810	0.01003	0.00631	0.00608	0.01192	0.01823	0.02438	0.45612	0.05806	0.31952	0.01561	0.00824	0.00226	0.00339	0.01345	0.00721	0.00631
24	0.01621	0.01787	0.03588	0.02727	0.05921	0.01850	0.49731	0.02097	0.01505	0.02103	0.01288	0.01790	0.01026	0.00742	0.01172	0.00251	0.18788	0.00764	0.00341	0.00905
25	0.80405	0.01350	0.01026	0.00918	0.01350	0.01565	0.00756	0.02051	0.01188	0.03131	0.00972	0.01134	0.00756	0.00648	0.00432	0.00216	0.00540	0.00378	0.00432	0.00756
26	0.01010	0.00681	0.00789	0.00799	0.00818	0.00675	0.00476	0.01050	0.01119	0.01501	0.07117	0.07902	0.02969	0.64220	0.03143	0.00613	0.00639	0.03559	0.00465	0.00454
27	0.04743	0.13483	0.31103	0.09504	0.02644	0.07728	0.01896	0.02128	0.01430	0.04058	0.01169	0.01468	0.00918	0.00767	0.00916	0.00223	0.14067	0.00518	0.00327	0.00911
28	0.01736	0.01499	0.01578	0.01420	0.01815	0.01736	0.01105	0.03708	0.69862	0.02919	0.02840	0.02604	0.02130	0.00947	0.00710	0.00237	0.00552	0.00789	0.00710	0.01105
29	0.01802	0.04405	0.07646	0.09050	0.52522	0.01631	0.02024	0.02229	0.01596	0.08359	0.01418	0.01755	0.01124	0.00651	0.00682	0.00209	0.00827	0.00612	0.00383	0.01075
30	0.01015	0.00677	0.00761	0.00761	0.00761	0.00677	0.00423	0.01015	0.01015	0.01353	0.02199	0.04567	0.02537	0.75476	0.03552	0.00677	0.00677	0.01015	0.00423	0.00423
31	0.01292	0.01034	0.01687	0.07438	0.01997	0.01017	0.13091	0.01699	0.04320	0.06045	0.13420	0.14997	0.07462	0.01440	0.00852	0.00263	0.00657	0.19946	0.00598	0.00744
32	0.01645	0.28571	0.25286	0.01761	0.02441	0.02099	0.10697	0.02288	0.08816	0.02045	0.01317	0.01529	0.01049	0.00706	0.00748	0.00206	0.06947	0.00544	0.00350	0.00957
33	0.01389	0.03069	0.54459	0.02031	0.02939	0.01553	0.13207	0.02107	0.01512	0.02185	0.01794	0.02005	0.07114	0.00749	0.00704	0.00225	0.00995	0.00651	0.00336	0.00977
34	0.01381	0.00808	0.00969	0.00918	0.01136	0.00758	0.00689	0.05294	0.01735	0.11855	0.17916	0.20945	0.13805	0.01422	0.00746	0.00224	0.00411	0.01227	0.17035	0.00726
35	0.02031	0.01988	0.13579	0.05673	0.29261	0.04454	0.07894	0.09491	0.01835	0.14589	0.01591	0.01795	0.01168	0.00698	0.00699	0.00214	0.00866	0.00631	0.00465	0.01077
36	0.01525	0.01349	0.09269	0.01327	0.04149	0.01090	0.03501	0.05078	0.10000	0.11583	0.25341	0.03757	0.13340	0.01133	0.00752	0.00218	0.00550	0.00974	0.00654	0.04410
37	0.68993	0.01639	0.01165	0.01047	0.01468	0.11996	0.00843	0.02159	0.01303	0.02922	0.00987	0.01152	0.00777	0.00658	0.00461	0.00211	0.00645	0.00388	0.00421	0.00764
38	0.01721	0.63347	0.03233	0.01182	0.01700	0.02446	0.01140	0.01949	0.01368	0.01638	0.01120	0.01390	0.01037	0.01371	0.12515	0.00312	0.00934	0.00436	0.00311	0.00850
39	0.04929	0.09183	0.01704	0.05005	0.03745	0.01363	0.04996	0.04585	0.15223	0.02322	0.10865	0.03613	0.11269	0.04882	0.07618	0.00332	0.00730	0.06277	0.00549	0.00809
40	0.00833	0.00674	0.00741	0.00794	0.00966	0.00582	0.00569	0.00992	0.01506	0.01851	0.06004	0.29280	0.48962	0.01906	0.00847	0.00251	0.00370	0.01642	0.00648	0.00582
41	0.00994	0.01114	0.10381	0.01058	0.01342	0.00798	0.00939	0.01342	0.04231	0.02045	0.10349	0.23375	0.28325	0.01684	0.00832	0.00255	0.00498	0.09149	0.00613	0.00675
42	0.00877	0.00680	0.00799	0.00830	0.00990	0.00602	0.00599	0.01080	0.01623	0.02107	0.23689	0.26010	0.34025	0.01794	0.00843	0.00245	0.00362	0.01562	0.00681	0.00602
43	0.01482	0.02205	0.26531	0.05922	0.27250	0.03595	0.04970	0.01976	0.01482	0.02090	0.01574	0.07949	0.01429	0.07406	0.00956	0.00262	0.00884	0.00736	0.00359	0.00943
44	0.01749	0.01897	0.02104	0.01825	0.01899	0.16658	0.01490	0.01907	0.01256	0.01685	0.00950	0.01471	0.00912	0.01118	0.01948	0.00279	0.59183	0.00577	0.00317	0.00773
45	0.01447	0.01240	0.01447	0.01034	0.01654	0.00930	0.00827	0.01757	0.01447	0.02274	0.01240	0.01447	0.01034	0.00517	0.00517	0.00103	0.00517	0.00413	0.00413	0.79742
46	0.01779	0.01575	0.01787	0.01820	0.11025	0.13571	0.06096	0.09238	0.05856	0.08015	0.02662	0.20614	0.06656	0.01236	0.00767	0.00235	0.00740	0.04900	0.00563	0.00864
47	0.01953	0.01607	0.01700	0.01464	0.01897	0.01837	0.01157	0.19127	0.54089	0.03269	0.02564	0.02384	0.01907	0.00921	0.00707	0.00230	0.00603	0.00751	0.00707	0.01124
48	0.01217	0.01083	0.01414	0.01526	0.07803	0.03967	0.01031	0.01359	0.01262	0.01733	0.02429	0.34124	0.02789	0.12458	0.01648	0.00336	0.21415	0.01265	0.00478	0.00661
49	0.03778	0.03764	0.04201	0.09336	0.02303	0.01314	0.15707	0.09567	0.01818	0.10617	0.09021	0.09064	0.14329	0.01083	0.00759	0.00229	0.00711	0.00979	0.00562	0.00858
50	0.01689	0.01904	0.04966	0.01752	0.08370	0.21291	0.06754	0.02296	0.14390	0.02186	0.08984	0.06246	0.14127	0.01053	0.00731	0.00217	0.00788	0.00885	0.00521	0.00849
51	0.01400	0.03610	0.71860	0.01989	0.03020	0.01621	0.02578	0.02210	0.01473	0.02210	0.01252	0.01473	0.00884	0.00663	0.00663	0.00221	0.01031	0.00516	0.00295	0.01031
52	0.01668	0.02401	0.31491	0.20257	0.13545	0.01669	0.02118	0.11878	0.01753	0.04690	0.01369	0.01667	0.01001	0.00698	0.00682	0.00220	0.00923	0.00580	0.00384	0.01006
53	0.01510	0.01293	0.02195	0.59946	0.08924	0.01524	0.04905	0.01961	0.01469	0.07609	0.01378	0.01895	0.01014	0.00701	0.00703	0.00230	0.00907	0.00636	0.00360	0.00839
54	0.01415	0.01339	0.01777	0.07270	0.10600	0.05495	0.08058	0.02112	0.17338	0.02282	0.10946	0.09289	0.14870	0.01151	0.00804	0.00233	0.02607	0.01011	0.00556	0.00847
55	0.00923	0.00711	0.00843	0.00810	0.01003	0.00631	0.00607	0.01191	0.01822	0.02433	0.45305	0.05813	0.32262	0.01563	0.00824	0.00226	0.00339	0.01346	0.00720	0.00631
56	0.01690	0.04362	0.04707	0.01484	0.01924	0.01444	0.11100	0.11427	0.19440	0.07300	0.16256	0.03125	0.08482	0.01010	0.00739	0.00222	0.00636	0.00889	0.02824	0.00940
57	0.02382	0.01776	0.01880	0.01766	0.10111	0.11736	0.01264	0.26918	0.04793	0.16773	0.02055	0.02089	0.04074	0.01039	0.03956	0.00247	0.00814	0.00662	0.04620	0.01044
58	0.00880	0.00709	0.00784	0.00765	0.00977	0.00613	0.00574	0.01109	0.01722	0.02197	0.28793	0.06203	0.48921	0.01651	0.00824	0.00230	0.00345	0.01401	0.00689	0.00613
59	0.01084	0.03925	0.01166	0.01113	0.01269	0.00783	0.03516	0.01296	0.01504	0.04761	0.09983	0.42966	0.07239	0.01859	0.00867	0.00272	0.00496	0.14614	0.00640	0.00646
60	0.02432	0.01845	0.01970	0.01561	0.02080	0.02061	0.01273	0.53150	0.19286	0.04042	0.01955	0.01899	0.01414	0.00864	0.00701	0.00216	0.00716	0.00667	0.00701	0.01167
61	0.02187	0.11937	0.09139	0.01948	0.02447	0.41879	0.13489	0.02504	0.01766	0.01840	0.01135	0.01384	0.00926	0.00696	0.00712	0.00195	0.04092	0.00520	0.00343	0.00862
62	0.01378	0.01302	0.02201	0.63603	0.14533	0.01566	0.01968	0.01836	0.01424	0.01856	0.01251	0.01841	0.00956	0.00687	0.00697	0.00229	0.00915	0.00620	0.00315	0.00824
63	0.02023	0.01602	0.01710	0.01460	0.01902	0.01816	0.01158	0.20159	0.50351	0.05996	0.02542	0.02360	0.01876	0.00916	0.00707	0.00229	0.00608	0.00745	0.00713	0.01129
64	0.00889	0.00644	0.00847	0.00985	0.01061	0.00602	0.00697	0.01051	0.01424	0.01885	0.08012	0.58176	0.09249	0.02082	0.00891	0.00281	0.00425	0.09564	0.00654	0.00583
65	0.01462	0.01284	0.01297	0.01192	0.01422	0.08404	0.00919	0.05396	0.15830	0.02401	0.12775	0.10353	0.12463	0.01242	0.00916	0.00230	0.09578	0.00989	0.11060	0.00786
66	0.00896	0.00696	0.00814	0.00814	0.00993	0.00615	0.00599	0.01128	0.01715	0.02248	0.32953	0.15418	0.35241	0.01684	0.00833	0.00235	0.00350	0.01455	0.00698	0.00615
67	0.02017	0.34692	0.05250	0.01488	0.01929	0.14172	0.01336	0.08249	0.01649	0.05124	0.01209	0.01528	0.01051	0.00810	0.00886	0.00200	0.14825	0.02310	0.00382	0.00893
68	0.01683	0.18833	0.30409	0.09230	0.02629	0.05097	0.01811	0.09358	0.04746	0.02277	0.01478	0.01660	0.03154	0.00714	0.00622	0.00199	0.00875	0.00542	0.00378	0.04305
69	0.27048	0.07267	0.18286	0.01288	0.01925	0.04229	0.01289	0.02201	0.01448	0.09953	0.01295	0.01422	0.00968	0.00645	0.00544	0.00186	0.00700	0.00456	0.00429	0.18422
70	0.01014	0.00681	0.00784	0.00784	0.00792	0.00689	0.00451	0.01029	0.01022	0.01370	0.02178	0.04451	0.02487	0.71017	0.07942	0.00705	0.00752	0.00998	0.00420	0.00436
71	0.02371	0.01805	0.01939	0.01520	0.02052	0.01973	0.01240	0.50456	0.15800	0.03928	0.01859	0.01832	0.01353	0.00830	0.00684	0.00205	0.00705	0.00640	0.00675	0.08135
72	0.05016	0.08175	0.01808	0.01551	0.07435	0.07991	0.01137	0.13501	0.24773	0.02853	0.09304	0.02346	0.02059	0.00877	0.00656	0.00207	0.00645	0.00703	0.07994	0.00969
73	0.01866	0.75896	0.03657	0.01194	0.01791	0.02761	0.01194	0.02090	0.01418	0.01642	0.00970	0.01119	0.00896	0.00597	0.00448	0.00149	0.00746	0.00373	0.00299	0.00896
74	0.00871	0.00651	0.00780	0.00863	0.00963	0.00592	0.00586	0.01005	0.01407	0.01816	0.08319	0.42361	0.23973	0.11025	0.01194	0.00314	0.00419	0.01674	0.00627	0.00561
75	0.01264	0.00963	0.01061	0.00945	0.01206	0.00941	0.00721	0.15047	0.01995	0.02611	0.23374	0.05066	0.32439	0.08014	0.01040	0.00265	0.00461	0.01199	0.00672	0.00717
76	0.02085	0.01672	0.01774	0.01491	0.01948	0.01899	0.01189	0.28479	0.44523	0.03482	0.02397	0.02250	0.01771	0.00905	0.00706	0.00226	0.00634	0.00728	0.00706	0.01136
77	0.01788	0.01480	0.01771	0.01717	0.08012	0.01648	0.03816	0.03398	0.54250	0.06867	0.02680	0.02707	0.02054	0.00941	0.00723	0.00236	0.00607	0.03551	0.00670	0.01084
78	0.01720	0.01271	0.01332	0.01162	0.01510	0.01395	0.00914	0.17572	0.27592	0.03052	0.02862	0.02830	0.09134	0.00970	0.00655	0.00209	0.00514	0.00785	0.23584	0.00936
79	0.01679	0.01942	0.16998	0.01970	0.14926	0.04654	0.01539	0.06501	0.12941	0.05659	0.10837	0.02242	0.01966	0.00804	0.00678	0.00201	0.00720	0.00677	0.00506	0.12560
80	0.01005	0.00714	0.00952	0.00952	0.01018	0.00780	0.00661	0.01137	0.01071	0.01495	0.02024	0.03599	0.02117	0.38235	0.40218	0.00912	0.01309	0.00873	0.00397	0.00529
81	0.01615	0.01289	0.01514	0.01514	0.07249	0.08764	0.01085	0.04866	0.03566	0.10223	0.04833	0.02712	0.06118	0.05345	0.28992	0.00590	0.07689	0.00760	0.00481	0.00794
82	0.00871	0.00706	0.00782	0.00781	0.00979	0.00628	0.00579	0.01065	0.01560	0.01950	0.14445	0.08798	0.50331	0.05377	0.07704	0.00339	0.00509	0.01377	0.00628	0.00593
83	0.04973	0.04178	0.01811	0.34383	0.08692	0.05585	0.01447	0.03899	0.01570	0.02075	0.09606	0.02744	0.09938	0.01161	0.04858	0.00273	0.00831	0.00769	0.00428	0.00778
84	0.01776	0.01706	0.04849	0.06044	0.40404	0.01649	0.07737	0.10274	0.05714	0.02547	0.01441	0.01752	0.01148	0.00657	0.00685	0.00202	0.00813	0.00624	0.00414	0.09562
85	0.07512	0.08354	0.11964	0.04573	0.15728	0.03600	0.03547	0.06701	0.07298	0.05073	0.04246	0.04351	0.03492	0.00796	0.00645	0.00203	0.00730	0.00663	0.03628	0.06895
86	0.19612	0.03840	0.10841	0.05092	0.12850	0.07198	0.01441	0.02296	0.07418	0.08114	0.04587	0.01815	0.01361	0.00931	0.03109	0.00251	0.07297	0.00586	0.00448	0.00913
87	0.02044	0.15851	0.04123	0.01675	0.11133	0.08816	0.01224	0.05043	0.04852	0.18622	0.05620	0.08603	0.04532	0.00929	0.00664	0.00202	0.00698	0.00758	0.00553	0.04059
88	0.04627	0.12726	0.12015	0.04321	0.06424	0.06184	0.03192	0.06812	0.04837	0.10268	0.05172	0.02946	0.09898	0.00975	0.00689	0.00217	0.00740	0.06533	0.00514	0.00909

[dist]
# distance from previous block
# <min> <max>
1	55

[block]
# block no. 3 follows, 30 sequences, length 15
# corresponding to MSA columns:
# 236-250
name=unknown_D
#
# <colnr> <probs for GDERKNQSTAVLIFYWHMCP>
#	G	D	E	R	K	N	Q	S	T	A	V	L	I	F	Y	W	H	M	C	P
0	0.01552	0.06534	0.14365	0.09586	0.10285	0.11391	0.01516	0.03955	0.06841	0.02131	0.05149	0.09641	0.07786	0.01048	0.00719	0.00225	0.00794	0.05162	0.00462	0.00859
1	0.03643	0.13292	0.05067	0.06245	0.02107	0.01465	0.12334	0.07845	0.01662	0.02256	0.06687	0.10703	0.09001	0.01199	0.03639	0.00248	0.00754	0.02875	0.00478	0.08501
2	0.01823	0.01600	0.04830	0.02809	0.36773	0.05951	0.01617	0.02342	0.08386	0.11359	0.07636	0.08004	0.02004	0.00885	0.00716	0.00217	0.00731	0.00796	0.00507	0.01014
3	0.01712	0.08066	0.02218	0.07201	0.28175	0.13036	0.01483	0.02014	0.01530	0.01990	0.01328	0.01843	0.01179	0.07090	0.04238	0.00263	0.00879	0.00574	0.00361	0.14820
4	0.08620	0.01750	0.07829	0.02848	0.36267	0.04857	0.01729	0.02426	0.01623	0.18054	0.01570	0.01770	0.01178	0.00727	0.00772	0.00216	0.05645	0.00602	0.00465	0.01052
5	0.11580	0.01748	0.06604	0.01902	0.07926	0.04553	0.11397	0.12574	0.09650	0.10395	0.03807	0.02129	0.01491	0.00854	0.00843	0.00231	0.07623	0.03186	0.00528	0.00980
6	0.02177	0.15006	0.02339	0.05601	0.09810	0.10582	0.01378	0.29181	0.08502	0.03008	0.04626	0.01786	0.01406	0.00786	0.00651	0.00199	0.00799	0.00604	0.00531	0.01028
7	0.01396	0.01299	0.04261	0.01526	0.07414	0.01292	0.04739	0.02419	0.31086	0.02467	0.11581	0.07639	0.12340	0.06243	0.00948	0.00264	0.00573	0.01005	0.00619	0.00887
8	0.00946	0.00715	0.00891	0.00861	0.01032	0.00671	0.00643	0.01208	0.01705	0.02317	0.40568	0.05236	0.23060	0.05482	0.11199	0.00374	0.00571	0.01234	0.00664	0.00624
9	0.02090	0.01855	0.07845	0.02033	0.14287	0.01839	0.01487	0.26710	0.25497	0.05958	0.02015	0.02012	0.01490	0.00823	0.00698	0.00220	0.00720	0.00675	0.00613	0.01131
10	0.00977	0.00725	0.00970	0.00964	0.01120	0.00718	0.00741	0.01258	0.01638	0.02266	0.36031	0.07831	0.12318	0.02591	0.20701	0.00482	0.00787	0.06617	0.00630	0.00636
11	0.01318	0.01240	0.02093	0.73798	0.04806	0.01550	0.01938	0.01783	0.01395	0.01783	0.01240	0.01860	0.00930	0.00698	0.00698	0.00233	0.00930	0.00620	0.00310	0.00775
12	0.01465	0.03175	0.55319	0.02309	0.07640	0.01649	0.14214	0.02210	0.01512	0.02219	0.01284	0.01562	0.00930	0.00647	0.00693	0.00223	0.01044	0.00577	0.00308	0.01020
13	0.01727	0.01658	0.02832	0.04283	0.71123	0.01658	0.02142	0.02142	0.01589	0.02280	0.01313	0.01727	0.01105	0.00622	0.00691	0.00207	0.00829	0.00622	0.00345	0.01105
14	0.01813	0.07452	0.05049	0.01632	0.07203	0.01611	0.03953	0.10217	0.28719	0.08526	0.09366	0.07112	0.02331	0.00976	0.00711	0.00223	0.00631	0.00832	0.00629	0.01014

[dist]
# distance from previous block
# <min> <max>
0	1

[block]
# block no. 4 follows, 30 sequences, length 22
# corresponding to MSA columns:
# 252-273
name=unknown_E
#
# <colnr> <probs for GDERKNQSTAVLIFYWHMCP>
#	G	D	E	R	K	N	Q	S	T	A	V	L	I	F	Y	W	H	M	C	P
0	0.01034	0.00779	0.00977	0.01073	0.01234	0.00759	0.00858	0.01368	0.05699	0.01996	0.04376	0.20134	0.19373	0.05584	0.01032	0.00307	0.00526	0.31622	0.00638	0.00633
1	0.01444	0.00881	0.01138	0.01045	0.01163	0.00932	0.00748	0.13761	0.01387	0.01866	0.01462	0.02344	0.01392	0.09825	0.09022	0.49252	0.00763	0.00665	0.00396	0.00512
2	0.17883	0.02051	0.01968	0.01896	0.12046	0.15277	0.01336	0.33434	0.02375	0.03331	0.01371	0.01497	0.01035	0.00746	0.00631	0.00205	0.00824	0.00544	0.00530	0.01018
3	0.01301	0.01234	0.01283	0.01249	0.01418	0.14421	0.00962	0.01537	0.01283	0.01637	0.01720	0.02462	0.01585	0.04382	0.59109	0.00944	0.01754	0.00691	0.00371	0.00658
4	0.01875	0.01676	0.02564	0.08299	0.49249	0.01751	0.01909	0.14794	0.06206	0.02686	0.01473	0.01782	0.01174	0.00688	0.00694	0.00211	0.00807	0.00633	0.00433	0.01098
5	0.01763	0.01773	0.01509	0.01385	0.01704	0.20734	0.01064	0.02772	0.31747	0.02521	0.18843	0.03117	0.02962	0.01047	0.00727	0.00221	0.00695	0.03895	0.00626	0.00894
6	0.01286	0.01115	0.03305	0.01297	0.05775	0.01101	0.00949	0.02170	0.24293	0.02750	0.39291	0.04088	0.07318	0.01210	0.00773	0.00225	0.00456	0.01053	0.00704	0.00842
7	0.16493	0.04742	0.01705	0.01484	0.05902	0.01564	0.05290	0.07427	0.27171	0.02864	0.12653	0.02670	0.05308	0.00933	0.00673	0.00222	0.00588	0.00775	0.00600	0.00935
8	0.01841	0.01590	0.08095	0.08208	0.38770	0.01408	0.01789	0.02244	0.01643	0.15282	0.02083	0.02529	0.05773	0.00829	0.00716	0.00221	0.00768	0.04710	0.00474	0.01030
9	0.01688	0.02023	0.18346	0.02476	0.23577	0.01588	0.05865	0.12319	0.07558	0.02698	0.09777	0.02147	0.01800	0.00781	0.00703	0.00212	0.00791	0.00692	0.00472	0.04487
10	0.01609	0.01029	0.01232	0.01089	0.01398	0.01021	0.00856	0.06373	0.14807	0.15269	0.30257	0.04288	0.12512	0.01262	0.00778	0.00228	0.00464	0.03916	0.00749	0.00863
11	0.01878	0.27799	0.02733	0.02256	0.22957	0.10189	0.01480	0.02559	0.17339	0.02139	0.01519	0.01663	0.01245	0.00699	0.00603	0.00191	0.00785	0.00554	0.00415	0.00998
12	0.18617	0.06132	0.01795	0.04404	0.01872	0.01687	0.01154	0.14814	0.03608	0.20206	0.01713	0.04474	0.01309	0.00907	0.00924	0.00231	0.13995	0.00630	0.00570	0.00959
13	0.02038	0.04342	0.16443	0.07251	0.08365	0.13961	0.06226	0.04544	0.05150	0.15245	0.01627	0.01832	0.01210	0.03017	0.00792	0.00223	0.02359	0.00603	0.00465	0.04306
14	0.01305	0.00735	0.00991	0.01051	0.01197	0.00675	0.00762	0.01473	0.01485	0.14985	0.03626	0.55234	0.04016	0.01913	0.00862	0.00274	0.00462	0.07576	0.00688	0.00691
15	0.01919	0.01512	0.01639	0.01383	0.01792	0.01684	0.01099	0.26257	0.33524	0.03419	0.15244	0.02768	0.02637	0.00999	0.00727	0.00224	0.00586	0.00821	0.00717	0.01049
16	0.02638	0.01500	0.01878	0.15615	0.02512	0.10159	0.04510	0.02950	0.01860	0.45793	0.02182	0.02110	0.01435	0.00800	0.00698	0.00216	0.00771	0.00660	0.00667	0.01047
17	0.05112	0.03503	0.68532	0.01939	0.02942	0.01618	0.02493	0.02202	0.01460	0.02253	0.01239	0.01457	0.00878	0.00662	0.00652	0.00221	0.01008	0.00509	0.00301	0.01018
18	0.01645	0.27094	0.28553	0.01720	0.02451	0.02038	0.08987	0.02455	0.14378	0.02157	0.01475	0.01613	0.01142	0.00686	0.00618	0.00202	0.00862	0.00553	0.00381	0.00990
19	0.01424	0.01299	0.01949	0.26024	0.22390	0.01429	0.01574	0.02106	0.14410	0.02188	0.04944	0.06297	0.09153	0.00941	0.00726	0.00229	0.00719	0.00837	0.00466	0.00896
20	0.01281	0.00717	0.00963	0.01023	0.01157	0.00653	0.00719	0.01430	0.01461	0.14957	0.03640	0.61312	0.04070	0.01937	0.00855	0.00271	0.00441	0.01742	0.00689	0.00684
21	0.01864	0.45601	0.02770	0.01268	0.01731	0.17883	0.01127	0.02098	0.01647	0.01875	0.14162	0.01923	0.01970	0.00781	0.00559	0.00169	0.00781	0.00558	0.00401	0.00832

[dist]
# distance from previous block
# <min> <max>
4	49

[block]
# block no. 5 follows, 30 sequences, length 7
# corresponding to MSA columns:
# 324-330
name=unknown_F
#
# <colnr> <probs for GDERKNQSTAVLIFYWHMCP>
#	G	D	E	R	K	N	Q	S	T	A	V	L	I	F	Y	W	H	M	C	P
0	0.01664	0.01637	0.02978	0.02585	0.13667	0.01682	0.32634	0.09168	0.01700	0.02375	0.01620	0.08574	0.01421	0.00862	0.00975	0.00239	0.10664	0.00842	0.03791	0.00923
1	0.28865	0.01802	0.02316	0.01773	0.02320	0.05709	0.20839	0.22920	0.02017	0.03185	0.01326	0.01528	0.00987	0.00693	0.00640	0.00218	0.00837	0.00590	0.00488	0.00947
2	0.01318	0.01240	0.02093	0.73798	0.04806	0.01550	0.01938	0.01783	0.01395	0.01783	0.01240	0.01860	0.00930	0.00698	0.00698	0.00233	0.00930	0.00620	0.00310	0.00775
3	0.01787	0.61863	0.03241	0.01164	0.01765	0.02417	0.01125	0.02027	0.01423	0.01761	0.01021	0.01181	0.00921	0.00582	0.00461	0.00141	0.00703	0.00381	0.00320	0.15716
4	0.01712	0.01700	0.03074	0.04031	0.58440	0.01678	0.14631	0.02159	0.01600	0.02271	0.01331	0.01756	0.01097	0.00615	0.00716	0.00213	0.00894	0.00660	0.00347	0.01074
5	0.01061	0.00813	0.01126	0.04757	0.01311	0.00922	0.00823	0.01262	0.01263	0.01784	0.14791	0.03540	0.02752	0.22493	0.31325	0.00720	0.07309	0.00897	0.00452	0.00596
6	0.01422	0.00768	0.00780	0.00736	0.00935	0.00787	0.00563	0.07667	0.01627	0.02763	0.02222	0.02518	0.01734	0.00815	0.00507	0.00167	0.00365	0.00648	0.72275	0.00699

[dist]
# distance from previous block
# <min> <max>
0	23

# created by:
# /home/berkeley/.conda/envs/busco_data_prod/bin/msa2prfl.pl pipeline/OGs_align_augustus/5794/19052.fs
