[name]
unknown

[dist]
# distance from previous block
# <min> <max>
6	115

[block]
# block no. 0 follows, 31 sequences, length 53
# corresponding to MSA columns:
# 136-188
name=unknown_A
#
# <colnr> <probs for GDERKNQSTAVLIFYWHMCP>
#	G	D	E	R	K	N	Q	S	T	A	V	L	I	F	Y	W	H	M	C	P
0	0.01886	0.06208	0.32381	0.01751	0.02493	0.01676	0.08259	0.19655	0.01979	0.10183	0.01825	0.01910	0.05143	0.00768	0.00677	0.00212	0.00859	0.00630	0.00477	0.01027
1	0.05479	0.01852	0.12575	0.02073	0.02657	0.01586	0.31470	0.10889	0.07367	0.02485	0.01745	0.08902	0.01475	0.01065	0.04951	0.00280	0.00967	0.00821	0.00444	0.00917
2	0.01435	0.01391	0.02278	0.31618	0.24729	0.03848	0.08199	0.01853	0.01550	0.02074	0.10719	0.02322	0.03488	0.00773	0.00711	0.00217	0.00823	0.00727	0.00389	0.00857
3	0.08326	0.01709	0.18312	0.04956	0.02135	0.01185	0.06249	0.02252	0.01594	0.23046	0.04834	0.08009	0.05090	0.00891	0.00674	0.00211	0.00693	0.00755	0.00544	0.08537
4	0.01921	0.01326	0.01437	0.01218	0.01586	0.05419	0.00962	0.14491	0.17120	0.16691	0.22501	0.03238	0.06994	0.01062	0.00726	0.00215	0.00553	0.00881	0.00717	0.00941
5	0.00912	0.00690	0.00900	0.05129	0.01209	0.00652	0.00694	0.01143	0.01613	0.02174	0.32002	0.30913	0.16064	0.01684	0.00824	0.00241	0.00388	0.01493	0.00665	0.00608
6	0.07485	0.16752	0.14165	0.02041	0.18795	0.03837	0.01531	0.03729	0.07475	0.08487	0.04775	0.05041	0.01518	0.00774	0.00622	0.00201	0.00736	0.00630	0.00443	0.00962
7	0.01806	0.03769	0.13808	0.03006	0.35441	0.01674	0.10477	0.08743	0.05724	0.06669	0.01488	0.01742	0.01141	0.00664	0.00686	0.00210	0.00850	0.00627	0.00415	0.01059
8	0.00832	0.00601	0.00788	0.00938	0.00988	0.00557	0.00628	0.00954	0.01324	0.01752	0.03954	0.71510	0.08406	0.02120	0.00869	0.00275	0.00394	0.01916	0.00635	0.00557
9	0.01714	0.01514	0.02764	0.09130	0.26604	0.01469	0.24067	0.02154	0.01580	0.08913	0.01522	0.01871	0.01163	0.00637	0.00696	0.00206	0.00854	0.00673	0.06907	0.05561
10	0.01703	0.08574	0.13784	0.06073	0.07110	0.01472	0.06711	0.08803	0.05897	0.09794	0.01933	0.10283	0.01692	0.00917	0.00685	0.00212	0.00737	0.04591	0.00492	0.08537
11	0.05494	0.00667	0.00837	0.00938	0.01033	0.00652	0.00656	0.01064	0.01332	0.01865	0.07077	0.53440	0.09995	0.02315	0.08904	0.00358	0.00556	0.01639	0.00599	0.00579
12	0.01612	0.09066	0.07802	0.02576	0.03219	0.01846	0.53251	0.02132	0.01537	0.02089	0.01294	0.01722	0.01001	0.00633	0.00881	0.00227	0.07140	0.00730	0.00334	0.00909
13	0.04163	0.05509	0.16864	0.02442	0.27350	0.01506	0.01719	0.07085	0.03771	0.07724	0.05342	0.02497	0.03988	0.00844	0.00687	0.00216	0.00756	0.06094	0.00459	0.00983
14	0.01731	0.02557	0.34755	0.02177	0.13459	0.01725	0.04087	0.16279	0.11569	0.02720	0.01547	0.01693	0.01140	0.00716	0.00673	0.00215	0.00865	0.00592	0.00438	0.01061
15	0.01319	0.01232	0.01912	0.17802	0.04426	0.01528	0.06895	0.01563	0.01177	0.01667	0.01350	0.02271	0.01294	0.14862	0.09869	0.00429	0.28665	0.00704	0.00334	0.00700
16	0.01777	0.30728	0.02536	0.12042	0.05704	0.06586	0.01323	0.06908	0.04187	0.05157	0.01308	0.01604	0.01093	0.01208	0.08800	0.00292	0.06974	0.00527	0.00379	0.00867
17	0.01665	0.22283	0.25199	0.01641	0.07749	0.01628	0.01570	0.02076	0.01487	0.11806	0.01821	0.14779	0.01660	0.00925	0.00640	0.00207	0.00748	0.00760	0.00435	0.00921
18	0.00858	0.00634	0.00824	0.00924	0.01011	0.00600	0.00644	0.01016	0.01377	0.01830	0.09912	0.51427	0.13900	0.02353	0.08924	0.00357	0.00543	0.01677	0.00615	0.00573
19	0.01538	0.12892	0.51117	0.07750	0.02868	0.01780	0.02185	0.08198	0.01591	0.02252	0.01227	0.01447	0.00899	0.00660	0.00628	0.00207	0.00942	0.00505	0.00326	0.00987
20	0.01744	0.01270	0.01865	0.18770	0.11517	0.01333	0.04646	0.13436	0.01959	0.12463	0.20814	0.02753	0.02619	0.00912	0.00724	0.00215	0.00675	0.00804	0.00575	0.00904
21	0.01797	0.04177	0.34324	0.05334	0.13800	0.01483	0.04326	0.04590	0.01648	0.16029	0.04766	0.01857	0.01340	0.00720	0.00672	0.00212	0.00848	0.00608	0.00444	0.01024
22	0.01033	0.00741	0.01004	0.00989	0.01071	0.00840	0.00723	0.01205	0.01093	0.01591	0.01917	0.03159	0.01909	0.25975	0.42728	0.00851	0.04921	0.00798	0.06892	0.00560
23	0.01600	0.16172	0.16203	0.07436	0.02154	0.17193	0.01431	0.01997	0.03817	0.01827	0.01697	0.11487	0.01625	0.01347	0.07616	0.00294	0.00963	0.03950	0.00388	0.00804
24	0.01871	0.01357	0.02229	0.18573	0.24496	0.01400	0.07115	0.04808	0.01626	0.18304	0.01680	0.01991	0.01256	0.01190	0.08780	0.00313	0.00921	0.00658	0.00465	0.00967
25	0.01487	0.09237	0.63663	0.01854	0.02809	0.01651	0.02349	0.02211	0.01464	0.05344	0.01273	0.01457	0.00906	0.00654	0.00635	0.00211	0.00969	0.00503	0.00315	0.01008
26	0.00939	0.00657	0.00886	0.00989	0.01061	0.00642	0.00715	0.01090	0.01345	0.01809	0.09410	0.40490	0.03999	0.09370	0.07160	0.04408	0.00585	0.13305	0.00585	0.00555
27	0.01842	0.01731	0.01527	0.14385	0.02123	0.26094	0.01122	0.02071	0.01663	0.11110	0.09111	0.09152	0.04569	0.09345	0.01007	0.00260	0.00825	0.00819	0.00493	0.00750
28	0.01625	0.01811	0.21828	0.10530	0.14962	0.01250	0.01655	0.02074	0.01581	0.15211	0.07749	0.10437	0.04425	0.00950	0.00709	0.00222	0.00735	0.00824	0.00493	0.00927
29	0.00834	0.00595	0.00794	0.00953	0.00992	0.00556	0.00635	0.00953	0.01310	0.01746	0.03771	0.75510	0.04525	0.02143	0.00873	0.00278	0.00397	0.01945	0.00635	0.00556
30	0.01364	0.01287	0.02143	0.48701	0.23096	0.01472	0.01842	0.01783	0.01437	0.01892	0.01705	0.02178	0.06745	0.00749	0.00692	0.00221	0.00838	0.00677	0.00341	0.00835
31	0.01709	0.01191	0.01812	0.01514	0.01868	0.01169	0.14139	0.11191	0.05153	0.14732	0.02697	0.22497	0.02609	0.04177	0.00904	0.00265	0.00674	0.10233	0.00617	0.00848
32	0.01622	0.01756	0.08999	0.11332	0.58465	0.01611	0.02117	0.02069	0.01528	0.02178	0.01274	0.01684	0.01046	0.00621	0.00676	0.00207	0.00841	0.00600	0.00331	0.01043
33	0.00978	0.00729	0.01080	0.01080	0.01196	0.00845	0.00831	0.01209	0.01094	0.01574	0.01850	0.02785	0.01752	0.08971	0.69463	0.01076	0.01769	0.00747	0.00369	0.00600
34	0.01489	0.21228	0.34550	0.01601	0.02252	0.01853	0.01777	0.02120	0.07997	0.02000	0.01479	0.07547	0.01290	0.00844	0.00797	0.00215	0.09059	0.00625	0.00358	0.00918
35	0.01828	0.09984	0.05379	0.02032	0.15368	0.09683	0.09940	0.04038	0.03294	0.12180	0.05888	0.10300	0.05254	0.00931	0.00697	0.00210	0.00767	0.00822	0.00495	0.00910
36	0.01367	0.01136	0.01791	0.01840	0.11812	0.04002	0.13228	0.01634	0.01493	0.07687	0.02775	0.39097	0.02988	0.01461	0.00811	0.00251	0.00655	0.04667	0.00546	0.00761
37	0.01115	0.00812	0.01084	0.01045	0.01170	0.00908	0.00775	0.06757	0.01246	0.01742	0.01902	0.03075	0.01871	0.23517	0.48833	0.00911	0.01435	0.00793	0.00405	0.00604
38	0.10908	0.01799	0.02314	0.02293	0.18265	0.14322	0.14468	0.05210	0.01727	0.15740	0.01639	0.05418	0.01295	0.00755	0.00676	0.00210	0.00855	0.00674	0.00479	0.00954
39	0.01421	0.01334	0.04062	0.01238	0.01845	0.01008	0.07485	0.01768	0.01446	0.02215	0.01350	0.01769	0.01154	0.00586	0.00562	0.00128	0.00592	0.03711	0.00407	0.65920
40	0.00828	0.00640	0.00756	0.00841	0.00965	0.00568	0.00587	0.00976	0.01435	0.01822	0.07366	0.44369	0.32508	0.01947	0.00844	0.00256	0.00373	0.01712	0.00639	0.00568
41	0.00977	0.00733	0.01100	0.01100	0.01222	0.00855	0.00855	0.01222	0.01100	0.01588	0.01833	0.02688	0.01710	0.05131	0.73245	0.01100	0.01833	0.00733	0.00367	0.00611
42	0.01767	0.23511	0.25711	0.01926	0.07979	0.01866	0.11325	0.04501	0.01565	0.09276	0.01360	0.01558	0.01032	0.00780	0.02816	0.00223	0.00908	0.00546	0.00375	0.00975
43	0.01613	0.01989	0.16588	0.15912	0.29438	0.01654	0.13336	0.07113	0.01635	0.02283	0.01305	0.01689	0.01008	0.00641	0.00695	0.00215	0.00922	0.00622	0.00350	0.00990
44	0.01292	0.01216	0.02052	0.74312	0.04712	0.01520	0.01900	0.01748	0.01368	0.01748	0.01216	0.01824	0.00912	0.00684	0.00684	0.00228	0.00912	0.00608	0.00304	0.00760
45	0.01828	0.11232	0.10326	0.12135	0.13067	0.01397	0.01426	0.02167	0.01525	0.20279	0.01898	0.08672	0.01595	0.06252	0.03030	0.00269	0.00762	0.00737	0.00488	0.00914
46	0.05804	0.02617	0.38165	0.02646	0.20859	0.01621	0.14278	0.02145	0.01489	0.02238	0.01256	0.01563	0.00947	0.00626	0.00673	0.00215	0.00959	0.00579	0.00319	0.00999
47	0.01312	0.00801	0.01023	0.06143	0.01376	0.00739	0.00755	0.01557	0.01675	0.14798	0.21788	0.15056	0.24994	0.01442	0.00777	0.00228	0.00430	0.01242	0.03154	0.00713
48	0.00834	0.00595	0.00794	0.00953	0.00992	0.00556	0.00635	0.00953	0.01310	0.01746	0.03771	0.75510	0.04525	0.02143	0.00873	0.00278	0.00397	0.01945	0.00635	0.00556
49	0.01446	0.01452	0.10726	0.08520	0.07697	0.01271	0.01286	0.05286	0.19030	0.05578	0.16838	0.12842	0.02931	0.01101	0.00734	0.00228	0.00606	0.00958	0.00586	0.00885
50	0.10570	0.01391	0.01968	0.03818	0.05870	0.01361	0.13176	0.06599	0.11164	0.10248	0.01849	0.04930	0.01505	0.00793	0.00659	0.00201	0.00684	0.04008	0.00517	0.18689
51	0.15887	0.01725	0.08633	0.07816	0.13714	0.05437	0.04494	0.06190	0.05920	0.04228	0.01343	0.01562	0.01042	0.00643	0.00595	0.00187	0.00732	0.00523	0.00419	0.18909
52	0.14617	0.13025	0.01996	0.01359	0.01840	0.06995	0.03493	0.22584	0.11238	0.09847	0.01665	0.01690	0.01235	0.00755	0.00597	0.00198	0.00696	0.00563	0.04629	0.00981

[dist]
# distance from previous block
# <min> <max>
0	27

[block]
# block no. 1 follows, 31 sequences, length 47
# corresponding to MSA columns:
# 216-262
name=unknown_B
#
# <colnr> <probs for GDERKNQSTAVLIFYWHMCP>
#	G	D	E	R	K	N	Q	S	T	A	V	L	I	F	Y	W	H	M	C	P
0	0.01605	0.12943	0.31875	0.02384	0.17952	0.01735	0.10520	0.02207	0.03627	0.04383	0.01317	0.01563	0.01007	0.00633	0.00644	0.00202	0.00901	0.00558	0.00342	0.03603
1	0.04447	0.01236	0.01468	0.01413	0.07211	0.01308	0.01004	0.14392	0.16084	0.11701	0.02712	0.02995	0.10416	0.10650	0.09536	0.00376	0.00749	0.00813	0.00595	0.00896
2	0.64621	0.01369	0.01372	0.01125	0.01595	0.01496	0.08130	0.02003	0.01237	0.02894	0.01024	0.01220	0.00799	0.00616	0.00473	0.00203	0.00594	0.00421	0.00413	0.08394
3	0.01832	0.01457	0.01684	0.01678	0.09314	0.01627	0.01185	0.03441	0.56439	0.09457	0.02615	0.02438	0.01942	0.00886	0.00693	0.00227	0.00575	0.00748	0.00672	0.01091
4	0.01573	0.01316	0.01499	0.01110	0.01690	0.01118	0.00890	0.09205	0.08250	0.02515	0.01413	0.01552	0.01133	0.00581	0.00544	0.00125	0.00537	0.00463	0.00463	0.64022
5	0.19731	0.01568	0.01522	0.01267	0.01702	0.10353	0.01013	0.17483	0.01993	0.25408	0.01989	0.09662	0.01569	0.00917	0.00640	0.00213	0.00670	0.00707	0.00633	0.00959
6	0.00876	0.00639	0.00824	0.00898	0.00996	0.00587	0.00628	0.01067	0.01540	0.02085	0.26386	0.45802	0.11421	0.01859	0.00845	0.00253	0.00368	0.01664	0.00674	0.00587
7	0.01608	0.01238	0.01449	0.01074	0.01650	0.01006	0.00859	0.02084	0.08914	0.09021	0.01528	0.01628	0.01195	0.00585	0.00545	0.00126	0.00518	0.00472	0.00479	0.64021
8	0.09558	0.09921	0.11272	0.07673	0.10891	0.01792	0.12138	0.17328	0.01891	0.09024	0.01429	0.01622	0.01054	0.00684	0.00647	0.00207	0.00828	0.00587	0.00458	0.00994
9	0.00994	0.00666	0.00759	0.00759	0.00763	0.00670	0.00431	0.01003	0.00999	0.01336	0.02144	0.04412	0.02459	0.73389	0.06011	0.00679	0.00706	0.00985	0.00413	0.00422
10	0.01188	0.00594	0.00891	0.00891	0.00891	0.00594	0.00594	0.00891	0.00891	0.01188	0.01188	0.02080	0.01188	0.02377	0.02674	0.80095	0.00594	0.00594	0.00297	0.00297
11	0.00875	0.00635	0.00833	0.00963	0.01042	0.00593	0.00685	0.01038	0.01409	0.01864	0.08807	0.56040	0.10328	0.02023	0.00872	0.00274	0.00417	0.10086	0.00643	0.00573
12	0.01690	0.01716	0.02079	0.15654	0.11817	0.12973	0.08718	0.02599	0.25349	0.02240	0.02142	0.02285	0.06072	0.00820	0.00698	0.00218	0.00810	0.00716	0.00478	0.00925
13	0.02652	0.01110	0.01432	0.01142	0.01598	0.01014	0.00929	0.03086	0.08460	0.54414	0.02633	0.02385	0.01741	0.00847	0.00655	0.00205	0.00536	0.00688	0.13398	0.01073
14	0.00986	0.00700	0.00947	0.01090	0.01186	0.00684	0.00852	0.01194	0.01415	0.01860	0.03540	0.34072	0.04029	0.09111	0.01161	0.00334	0.00542	0.35108	0.00611	0.00580
15	0.01512	0.01426	0.02409	0.21054	0.48493	0.01497	0.01910	0.01903	0.01487	0.02069	0.01508	0.08822	0.01372	0.00775	0.00698	0.00216	0.00797	0.00738	0.00359	0.00954
16	0.02324	0.02713	0.02268	0.01910	0.02290	0.49608	0.12131	0.02567	0.01792	0.06197	0.01196	0.01429	0.00959	0.00747	0.00827	0.00200	0.09102	0.00532	0.00377	0.00832
17	0.02248	0.02525	0.02003	0.01743	0.02021	0.40916	0.01371	0.12852	0.01874	0.02079	0.01102	0.01376	0.00930	0.00870	0.01112	0.00217	0.23019	0.00515	0.00389	0.00838
18	0.02073	0.01862	0.02171	0.17846	0.08593	0.16351	0.07955	0.15201	0.01949	0.09947	0.01447	0.01675	0.01074	0.00699	0.00665	0.00198	0.00889	0.00584	0.00462	0.08358
19	0.01412	0.01186	0.01375	0.01316	0.01561	0.01359	0.01032	0.02553	0.38812	0.02414	0.04635	0.16668	0.02821	0.01338	0.00915	0.00259	0.07463	0.11369	0.00639	0.00873
20	0.00868	0.00616	0.00804	0.00919	0.00969	0.00579	0.00613	0.00999	0.01354	0.01826	0.12045	0.59046	0.04547	0.10010	0.01146	0.00312	0.00416	0.01754	0.00626	0.00552
21	0.14618	0.01510	0.01836	0.16075	0.09104	0.03914	0.01334	0.19976	0.02007	0.20558	0.01665	0.01761	0.01165	0.00747	0.00641	0.00211	0.00728	0.00588	0.00565	0.00998
22	0.05761	0.10338	0.20090	0.04441	0.02278	0.05070	0.01590	0.20439	0.01931	0.10174	0.01406	0.01552	0.01038	0.00782	0.00829	0.00214	0.10064	0.00546	0.00468	0.00989
23	0.01533	0.01049	0.01361	0.01377	0.08093	0.01061	0.00961	0.08940	0.01769	0.13263	0.13753	0.15194	0.19157	0.01353	0.00908	0.00234	0.07434	0.01126	0.00631	0.00804
24	0.00824	0.00694	0.00715	0.00709	0.00934	0.00584	0.00532	0.01012	0.01596	0.01935	0.13205	0.06440	0.65083	0.01700	0.00808	0.00229	0.00344	0.01424	0.00647	0.00584
25	0.01395	0.03380	0.66014	0.02037	0.03019	0.01602	0.08766	0.02169	0.01460	0.02169	0.01242	0.01482	0.00883	0.00643	0.00665	0.00218	0.01024	0.00534	0.00294	0.01003
26	0.01407	0.11345	0.26393	0.01800	0.08651	0.01436	0.08091	0.01874	0.01513	0.04412	0.12226	0.07673	0.02167	0.05310	0.02566	0.00259	0.00806	0.00784	0.00423	0.00865
27	0.01346	0.01142	0.01662	0.09197	0.01844	0.01485	0.01244	0.01511	0.01110	0.03920	0.01288	0.01960	0.01187	0.02374	0.22210	0.09120	0.35748	0.00640	0.00337	0.00676
28	0.01829	0.76368	0.03585	0.01171	0.01756	0.02707	0.01171	0.02049	0.01390	0.01610	0.00951	0.01097	0.00878	0.00585	0.00439	0.00146	0.00732	0.00366	0.00293	0.00878
29	0.01426	0.02762	0.50101	0.01930	0.09178	0.01400	0.02082	0.02058	0.01519	0.06496	0.04590	0.02274	0.09595	0.00816	0.00680	0.00217	0.00860	0.00666	0.00387	0.00962
30	0.06472	0.01419	0.10204	0.01190	0.03944	0.01014	0.01028	0.01857	0.01494	0.06742	0.07954	0.01923	0.01603	0.00669	0.00562	0.00149	0.00551	0.00540	0.08079	0.42606
31	0.00889	0.00718	0.00803	0.00779	0.00999	0.00613	0.00580	0.01103	0.01621	0.02085	0.22263	0.12342	0.44589	0.01611	0.00795	0.00223	0.00355	0.01374	0.00650	0.05607
32	0.00834	0.00595	0.00794	0.00953	0.00992	0.00556	0.00635	0.00953	0.01310	0.01746	0.03771	0.75510	0.04525	0.02143	0.00873	0.00278	0.00397	0.01945	0.00635	0.00556
33	0.02042	0.01721	0.13121	0.08624	0.09855	0.01424	0.05850	0.14926	0.01990	0.21056	0.10475	0.02261	0.01878	0.00822	0.00702	0.00214	0.00742	0.00706	0.00579	0.01013
34	0.01081	0.00882	0.01285	0.01225	0.01319	0.01095	0.00967	0.01298	0.01086	0.01590	0.01658	0.02514	0.01576	0.06858	0.56658	0.00925	0.16279	0.00716	0.00355	0.00631
35	0.00831	0.00606	0.00783	0.00925	0.00985	0.00558	0.00623	0.00956	0.01337	0.01757	0.04111	0.68078	0.11737	0.02099	0.00866	0.00273	0.00391	0.01891	0.00635	0.00558
36	0.01797	0.02259	0.19781	0.06999	0.12848	0.10615	0.01702	0.11949	0.17587	0.02567	0.04011	0.01888	0.01416	0.00766	0.00673	0.00212	0.00835	0.00622	0.00470	0.01003
37	0.02073	0.51895	0.03039	0.01361	0.01876	0.23642	0.01220	0.04733	0.01620	0.01728	0.01008	0.01158	0.00889	0.00630	0.00501	0.00157	0.00882	0.00397	0.00325	0.00863
38	0.00862	0.00698	0.00767	0.00757	0.00967	0.00603	0.00573	0.01080	0.01662	0.02098	0.24300	0.06222	0.51553	0.01647	0.00813	0.00229	0.00349	0.03555	0.00667	0.00598
39	0.01799	0.01584	0.02261	0.18093	0.10752	0.01751	0.10967	0.17537	0.22629	0.02774	0.01815	0.01991	0.01360	0.00765	0.00704	0.00222	0.00787	0.00688	0.00517	0.01007
40	0.02013	0.01072	0.01242	0.01042	0.01374	0.01081	0.00819	0.14130	0.06131	0.22671	0.02275	0.02512	0.01720	0.08003	0.03341	0.00266	0.00568	0.00693	0.28160	0.00887
41	0.01485	0.18668	0.51462	0.01823	0.02683	0.01854	0.05350	0.02119	0.01423	0.02027	0.01162	0.01393	0.00879	0.00658	0.00687	0.00206	0.04368	0.00495	0.00293	0.00967
42	0.01099	0.00653	0.00901	0.00901	0.00956	0.00691	0.00629	0.01086	0.01032	0.01482	0.01670	0.02744	0.01640	0.16184	0.24051	0.33258	0.00954	0.00713	0.08907	0.00450
43	0.01162	0.00890	0.01009	0.01002	0.01178	0.00908	0.00720	0.07801	0.12323	0.02121	0.03784	0.30639	0.16764	0.13497	0.01232	0.00317	0.00491	0.02869	0.00614	0.00679
44	0.01844	0.26812	0.16537	0.01814	0.10813	0.02081	0.01566	0.14839	0.12759	0.02500	0.01468	0.01574	0.01147	0.00700	0.00597	0.00192	0.00771	0.00535	0.00435	0.01016
45	0.10242	0.07915	0.13702	0.03756	0.10714	0.01461	0.01368	0.08503	0.01635	0.07096	0.03618	0.01612	0.01192	0.00651	0.00582	0.00174	0.00685	0.00513	0.00435	0.24145
46	0.01702	0.09939	0.11032	0.01747	0.06520	0.11880	0.09632	0.08486	0.03928	0.04494	0.03550	0.17774	0.01935	0.01010	0.00698	0.00213	0.00798	0.00878	0.00468	0.03313

[dist]
# distance from previous block
# <min> <max>
0	39

[block]
# block no. 2 follows, 31 sequences, length 29
# corresponding to MSA columns:
# 341-369
name=unknown_C
#
# <colnr> <probs for GDERKNQSTAVLIFYWHMCP>
#	G	D	E	R	K	N	Q	S	T	A	V	L	I	F	Y	W	H	M	C	P
0	0.05338	0.01659	0.03028	0.02497	0.12452	0.01569	0.37718	0.05251	0.04516	0.02372	0.01389	0.01730	0.01076	0.00597	0.00704	0.00200	0.00910	0.00673	0.00390	0.15930
1	0.01670	0.02879	0.48176	0.01983	0.06966	0.01672	0.02154	0.11211	0.01685	0.06598	0.01346	0.01544	0.00972	0.00731	0.00799	0.00221	0.07444	0.00546	0.00379	0.01022
2	0.28669	0.01719	0.01704	0.01349	0.01855	0.01926	0.01114	0.46938	0.02532	0.03898	0.01413	0.01465	0.01023	0.00759	0.00597	0.00207	0.00678	0.00534	0.00597	0.01023
3	0.00995	0.00663	0.00746	0.00746	0.00746	0.00663	0.00415	0.00995	0.00995	0.01327	0.02156	0.04477	0.02487	0.75957	0.03482	0.00663	0.00663	0.00995	0.00415	0.00415
4	0.01290	0.01170	0.01727	0.33207	0.12971	0.01309	0.01440	0.01891	0.11705	0.02076	0.07729	0.03108	0.15653	0.00972	0.00719	0.00225	0.00686	0.00846	0.00466	0.00810
5	0.00826	0.00625	0.00763	0.00874	0.00972	0.00562	0.00600	0.00962	0.01386	0.01777	0.04732	0.54534	0.24881	0.02018	0.00854	0.00264	0.00382	0.01792	0.00635	0.00562
6	0.01747	0.01630	0.01528	0.01436	0.04905	0.15270	0.01061	0.13206	0.19123	0.02701	0.18767	0.03197	0.08658	0.01058	0.00720	0.00214	0.00657	0.02625	0.00617	0.00881
7	0.01009	0.00685	0.00819	0.00857	0.00890	0.00683	0.00561	0.01077	0.01124	0.01488	0.02517	0.08223	0.02864	0.58053	0.02865	0.00577	0.00645	0.14133	0.00467	0.00463
8	0.01696	0.07447	0.10498	0.01735	0.03920	0.11343	0.07381	0.04262	0.18505	0.02147	0.01683	0.02122	0.01413	0.04259	0.02766	0.00269	0.14054	0.03172	0.00438	0.00891
9	0.00995	0.00663	0.00746	0.00746	0.00746	0.00663	0.00415	0.00995	0.00995	0.01327	0.02156	0.04477	0.02487	0.75957	0.03482	0.00663	0.00663	0.00995	0.00415	0.00415
10	0.02263	0.19694	0.06633	0.01496	0.06044	0.01764	0.01254	0.20817	0.02108	0.21680	0.07992	0.02000	0.01692	0.00800	0.00634	0.00194	0.00682	0.00624	0.00595	0.01034
11	0.01569	0.01784	0.14937	0.01767	0.13454	0.01273	0.01390	0.08409	0.01620	0.02420	0.01271	0.01490	0.01012	0.00581	0.00579	0.00150	0.00675	0.00478	0.00400	0.44742
12	0.02556	0.03261	0.01939	0.01763	0.02115	0.73210	0.01322	0.02732	0.01939	0.01674	0.01058	0.01234	0.00881	0.00705	0.00617	0.00176	0.01234	0.00441	0.00353	0.00793
13	0.01601	0.03770	0.08143	0.01152	0.01788	0.01108	0.01023	0.05922	0.01561	0.06697	0.01327	0.01481	0.01047	0.00562	0.00540	0.00127	0.00580	0.00444	0.00435	0.60692
14	0.00987	0.00693	0.00896	0.00896	0.00948	0.00745	0.00602	0.01091	0.01039	0.01438	0.02018	0.03717	0.02157	0.45877	0.33111	0.00849	0.01160	0.00884	0.00394	0.00498
15	0.00995	0.00663	0.00746	0.00746	0.00746	0.00663	0.00415	0.00995	0.00995	0.01327	0.02156	0.04477	0.02487	0.75957	0.03482	0.00663	0.00663	0.00995	0.00415	0.00415
16	0.01968	0.02049	0.15586	0.01806	0.08065	0.01828	0.01529	0.27429	0.26472	0.03207	0.01935	0.01930	0.01426	0.00808	0.00681	0.00217	0.00733	0.00650	0.00582	0.01099
17	0.17377	0.02233	0.01595	0.01368	0.01808	0.35908	0.01055	0.02345	0.04510	0.02151	0.01154	0.01317	0.00942	0.00645	0.00552	0.00164	0.00863	0.00431	0.00396	0.23186
18	0.01812	0.01816	0.08059	0.01921	0.13644	0.07469	0.01388	0.14598	0.26077	0.02730	0.02073	0.08536	0.01721	0.00904	0.00688	0.00215	0.00708	0.00757	0.00552	0.04330
19	0.01532	0.01412	0.01512	0.12028	0.05206	0.10894	0.01118	0.06195	0.17848	0.02491	0.25242	0.03120	0.03141	0.04279	0.00841	0.00234	0.00645	0.00853	0.00582	0.00825
20	0.00829	0.00614	0.00774	0.00902	0.00979	0.00560	0.00613	0.00958	0.01358	0.01766	0.04384	0.62137	0.17502	0.02064	0.00861	0.00269	0.00387	0.01848	0.00635	0.00560
21	0.01483	0.01241	0.01490	0.04393	0.08248	0.01353	0.01071	0.06543	0.34054	0.02763	0.22619	0.03319	0.06399	0.01056	0.00731	0.00223	0.00522	0.00908	0.00660	0.00924
22	0.01693	0.01626	0.02777	0.04199	0.71689	0.01626	0.02100	0.02100	0.01558	0.02235	0.01287	0.01693	0.01084	0.00610	0.00677	0.00203	0.00813	0.00610	0.00339	0.01084
23	0.01541	0.05676	0.31919	0.02125	0.02884	0.01708	0.25021	0.02463	0.15245	0.02290	0.01579	0.01788	0.01169	0.00678	0.00704	0.00222	0.00954	0.00656	0.00390	0.00989
24	0.00978	0.00729	0.01077	0.01077	0.01192	0.00843	0.00828	0.01208	0.01093	0.01572	0.01853	0.02799	0.01759	0.09555	0.68888	0.01072	0.01759	0.00749	0.00370	0.00599
25	0.01491	0.01488	0.01529	0.04487	0.01660	0.14497	0.01095	0.01857	0.08203	0.02051	0.19733	0.02968	0.08674	0.01213	0.01254	0.03968	0.21785	0.00825	0.00494	0.00727
26	0.01024	0.00728	0.00991	0.01127	0.01243	0.00716	0.00914	0.01266	0.01475	0.01939	0.06115	0.23316	0.04044	0.08469	0.01147	0.00333	0.00566	0.43375	0.00617	0.00594
27	0.01650	0.06081	0.04631	0.02178	0.25212	0.01437	0.01359	0.08000	0.11818	0.05823	0.12680	0.02595	0.04940	0.00869	0.00673	0.00204	0.00622	0.00751	0.07526	0.00952
28	0.01487	0.01164	0.05728	0.01140	0.01462	0.01032	0.04936	0.10634	0.04458	0.08725	0.22070	0.03629	0.08976	0.11126	0.01087	0.00270	0.00551	0.00933	0.09814	0.00778

[dist]
# distance from previous block
# <min> <max>
0	7

[block]
# block no. 3 follows, 31 sequences, length 47
# corresponding to MSA columns:
# 377-423
name=unknown_D
#
# <colnr> <probs for GDERKNQSTAVLIFYWHMCP>
#	G	D	E	R	K	N	Q	S	T	A	V	L	I	F	Y	W	H	M	C	P
0	0.01762	0.32593	0.15450	0.01369	0.01947	0.01997	0.01361	0.17143	0.01803	0.02365	0.01572	0.11954	0.01468	0.00871	0.00598	0.00190	0.00732	0.00676	0.00434	0.03717
1	0.36756	0.11317	0.13921	0.01113	0.01627	0.01533	0.01098	0.03937	0.01390	0.06591	0.01332	0.01492	0.01015	0.00675	0.00497	0.00195	0.00615	0.00463	0.13607	0.00825
2	0.07835	0.22327	0.26926	0.11362	0.02479	0.01792	0.01657	0.02061	0.06356	0.02044	0.01471	0.08145	0.01284	0.00791	0.00603	0.00205	0.00794	0.00620	0.00363	0.00883
3	0.14470	0.12436	0.06576	0.07199	0.01935	0.13529	0.01227	0.01987	0.04206	0.02134	0.10662	0.04415	0.01890	0.00932	0.00839	0.00218	0.10796	0.03342	0.00427	0.00781
4	0.18575	0.07962	0.52339	0.01670	0.02526	0.01652	0.02050	0.02125	0.01380	0.02324	0.01150	0.01349	0.00840	0.00642	0.00587	0.00211	0.00888	0.00467	0.00318	0.00944
5	0.02353	0.08215	0.01797	0.01232	0.01781	0.06466	0.01019	0.10676	0.01891	0.30851	0.01836	0.01774	0.01287	0.00705	0.00604	0.00168	0.00640	0.00545	0.00605	0.25556
6	0.00991	0.01262	0.16321	0.01174	0.01452	0.00810	0.01078	0.01303	0.01461	0.02023	0.14446	0.43224	0.04015	0.01680	0.00819	0.00257	0.00533	0.05901	0.00580	0.00674
7	0.00834	0.00595	0.00794	0.00953	0.00992	0.00556	0.00635	0.00953	0.01310	0.01746	0.03771	0.75510	0.04525	0.02143	0.00873	0.00278	0.00397	0.01945	0.00635	0.00556
8	0.01647	0.01455	0.02233	0.01757	0.02196	0.01491	0.22248	0.17811	0.13746	0.02752	0.07369	0.14619	0.05385	0.01066	0.00771	0.00232	0.00733	0.01006	0.00575	0.00910
9	0.18206	0.01772	0.01930	0.04830	0.02089	0.11952	0.08045	0.18250	0.01886	0.09042	0.01390	0.01583	0.01048	0.00789	0.00840	0.00218	0.10943	0.00565	0.03720	0.00903
10	0.01800	0.01448	0.01550	0.01380	0.01777	0.01652	0.01077	0.03614	0.65519	0.07854	0.02778	0.02536	0.02060	0.00922	0.00696	0.00231	0.00544	0.00767	0.00707	0.01089
11	0.01334	0.01947	0.25108	0.02168	0.20883	0.01311	0.01700	0.01882	0.04290	0.02316	0.19351	0.02850	0.07463	0.00936	0.00766	0.00217	0.03317	0.00799	0.00460	0.00901
12	0.11744	0.01405	0.01611	0.01269	0.01749	0.01436	0.01041	0.27277	0.02326	0.30871	0.10223	0.02262	0.01950	0.00878	0.00670	0.00210	0.00608	0.00689	0.00726	0.01053
13	0.01917	0.01577	0.01668	0.01436	0.01861	0.01802	0.01135	0.19383	0.54355	0.03209	0.02511	0.02335	0.01867	0.00903	0.00693	0.00226	0.00592	0.00736	0.00693	0.01102
14	0.01431	0.01730	0.18763	0.01849	0.15241	0.01215	0.01460	0.04936	0.04445	0.04709	0.24073	0.02757	0.02825	0.00892	0.00693	0.00199	0.00643	0.00771	0.00515	0.10855
15	0.00809	0.00693	0.00693	0.00693	0.00924	0.00578	0.00520	0.00982	0.01559	0.01848	0.06931	0.06584	0.71411	0.01733	0.00809	0.00231	0.00347	0.01444	0.00635	0.00578
16	0.01751	0.25017	0.25943	0.01665	0.02325	0.11834	0.07755	0.02191	0.01539	0.05493	0.01417	0.04568	0.01211	0.00756	0.00620	0.00198	0.00907	0.03544	0.00362	0.00905
17	0.01188	0.00594	0.00891	0.00891	0.00891	0.00594	0.00594	0.00891	0.00891	0.01188	0.01188	0.02080	0.01188	0.02377	0.02674	0.80095	0.00594	0.00594	0.00297	0.00297
18	0.01499	0.01589	0.04925	0.02206	0.24159	0.14504	0.01343	0.01765	0.01442	0.01839	0.01819	0.13596	0.01830	0.08929	0.15077	0.00429	0.01019	0.00843	0.00398	0.00788
19	0.01667	0.14367	0.19133	0.01725	0.07106	0.01527	0.09478	0.02110	0.01502	0.08424	0.01334	0.01523	0.01025	0.00600	0.00593	0.00169	0.00769	0.00510	0.00387	0.26050
20	0.44946	0.20087	0.01834	0.01148	0.01596	0.16967	0.00969	0.02173	0.01383	0.02418	0.00974	0.01134	0.00804	0.00638	0.00468	0.00188	0.00728	0.00384	0.00376	0.00785
21	0.01628	0.01511	0.02565	0.03706	0.59728	0.01506	0.04564	0.02030	0.01550	0.02254	0.01471	0.02022	0.01259	0.00677	0.00675	0.00205	0.00774	0.03332	0.07524	0.01019
22	0.01972	0.61957	0.03260	0.01287	0.01827	0.16605	0.01200	0.02183	0.01498	0.01622	0.00972	0.01124	0.00879	0.00609	0.00474	0.00152	0.00831	0.00381	0.00304	0.00861
23	0.01004	0.00772	0.00946	0.00852	0.01090	0.00671	0.00646	0.01296	0.01794	0.02507	0.49547	0.04850	0.17517	0.01332	0.00764	0.00202	0.00353	0.01156	0.00682	0.12018
24	0.01557	0.01324	0.01422	0.01319	0.01648	0.01511	0.01008	0.03189	0.58954	0.02676	0.02949	0.14686	0.02494	0.01130	0.00726	0.00240	0.00517	0.00968	0.00686	0.00995
25	0.01567	0.01729	0.09052	0.09456	0.45010	0.01558	0.11628	0.02031	0.01567	0.02218	0.06335	0.01950	0.01430	0.00672	0.00703	0.00211	0.00853	0.00674	0.00362	0.00995
26	0.01592	0.01916	0.12993	0.09888	0.39137	0.01636	0.18555	0.02100	0.01538	0.02171	0.01296	0.01707	0.01026	0.00614	0.00706	0.00214	0.00933	0.00643	0.00330	0.01005
27	0.01570	0.01503	0.01418	0.01365	0.04411	0.13213	0.00998	0.02568	0.32147	0.02508	0.20066	0.03344	0.09879	0.01077	0.00721	0.00217	0.00593	0.00895	0.00633	0.00874
28	0.01000	0.00799	0.01162	0.01023	0.01238	0.00731	0.06820	0.01319	0.01835	0.02537	0.53904	0.07244	0.14956	0.01394	0.00809	0.00221	0.00403	0.01250	0.00696	0.00658
29	0.01557	0.01260	0.01380	0.01220	0.01554	0.01384	0.00951	0.11785	0.37206	0.02961	0.22529	0.03420	0.07670	0.01100	0.00733	0.00223	0.00495	0.00928	0.00707	0.00936
30	0.01470	0.01398	0.02373	0.43224	0.34410	0.01567	0.01989	0.01904	0.01452	0.01964	0.01247	0.01766	0.00988	0.00651	0.00681	0.00217	0.00868	0.00609	0.00319	0.00904
31	0.01336	0.01243	0.02008	0.29898	0.29031	0.01334	0.01646	0.01715	0.01513	0.02019	0.07169	0.02835	0.13651	0.00889	0.00712	0.00218	0.00735	0.00798	0.00406	0.00842
32	0.01621	0.01820	0.03869	0.02783	0.03455	0.01728	0.64619	0.02289	0.06248	0.02237	0.01478	0.01893	0.01109	0.00600	0.00800	0.00231	0.01112	0.00805	0.00370	0.00934
33	0.01390	0.01317	0.02091	0.51011	0.10079	0.01637	0.01796	0.01890	0.05982	0.01850	0.01275	0.01807	0.01004	0.00779	0.00944	0.00238	0.13150	0.00618	0.00333	0.00809
34	0.02069	0.02450	0.02011	0.01778	0.01968	0.40509	0.01402	0.02233	0.01529	0.01662	0.00984	0.01355	0.00889	0.00931	0.01366	0.00233	0.35018	0.00513	0.00328	0.00773
35	0.01624	0.01555	0.02652	0.16278	0.60151	0.01607	0.02065	0.02039	0.01525	0.02151	0.01275	0.01716	0.01054	0.00622	0.00678	0.00207	0.00830	0.00609	0.00333	0.01028
36	0.01674	0.01757	0.02465	0.18891	0.27578	0.13448	0.11391	0.02118	0.04291	0.02017	0.01485	0.07019	0.01293	0.00760	0.00702	0.00215	0.00913	0.00712	0.00370	0.00902
37	0.02010	0.01623	0.01720	0.01455	0.01896	0.01845	0.01157	0.26162	0.47425	0.03358	0.02393	0.02241	0.01772	0.00892	0.00692	0.00223	0.00614	0.00720	0.00692	0.01110
38	0.01488	0.01407	0.02346	0.23677	0.41557	0.01531	0.01870	0.01866	0.01447	0.02013	0.01465	0.08384	0.01333	0.00809	0.00802	0.00223	0.05777	0.00729	0.00353	0.00921
39	0.01425	0.03173	0.57627	0.02152	0.03094	0.01619	0.16945	0.02172	0.01481	0.02172	0.01262	0.01531	0.00904	0.00634	0.00684	0.00220	0.01042	0.00571	0.00301	0.00992
40	0.01330	0.01091	0.01262	0.04048	0.01557	0.01192	0.00934	0.02417	0.34966	0.02609	0.23469	0.08728	0.06351	0.01241	0.00763	0.00236	0.00480	0.05787	0.00686	0.00852
41	0.01386	0.01312	0.02221	0.57932	0.20359	0.01545	0.01947	0.01830	0.01412	0.01862	0.01233	0.01793	0.00952	0.00667	0.00682	0.00222	0.00889	0.00608	0.00312	0.00836
42	0.01467	0.01258	0.01455	0.01307	0.01643	0.01398	0.03749	0.02839	0.46921	0.02601	0.09319	0.03385	0.09707	0.01361	0.05616	0.00292	0.00617	0.03475	0.00656	0.00935
43	0.01081	0.00892	0.01267	0.07272	0.12909	0.00863	0.00960	0.01398	0.01752	0.02399	0.41157	0.04583	0.18276	0.01279	0.00776	0.00217	0.00455	0.01125	0.00625	0.00713
44	0.01705	0.01617	0.09643	0.06564	0.02357	0.01467	0.14468	0.02748	0.28079	0.11271	0.10527	0.02528	0.02152	0.00860	0.00724	0.00225	0.00715	0.00785	0.00584	0.00980
45	0.01420	0.08899	0.50365	0.01964	0.02827	0.01634	0.13372	0.02098	0.01504	0.02168	0.06281	0.01747	0.01299	0.00687	0.00671	0.00213	0.00963	0.00597	0.00332	0.00959
46	0.01358	0.01127	0.01325	0.01349	0.06454	0.01215	0.00941	0.02423	0.34696	0.02581	0.22311	0.08284	0.06443	0.05315	0.00897	0.00252	0.00488	0.01011	0.00664	0.00865

[dist]
# distance from previous block
# <min> <max>
0	1

[block]
# block no. 4 follows, 31 sequences, length 48
# corresponding to MSA columns:
# 425-472
name=unknown_E
#
# <colnr> <probs for GDERKNQSTAVLIFYWHMCP>
#	G	D	E	R	K	N	Q	S	T	A	V	L	I	F	Y	W	H	M	C	P
0	0.07780	0.01476	0.17088	0.01426	0.08356	0.01023	0.01211	0.01613	0.01710	0.02556	0.40358	0.03684	0.06829	0.01104	0.00727	0.00215	0.00543	0.00949	0.00577	0.00775
1	0.02026	0.29931	0.04534	0.08779	0.02180	0.20253	0.01318	0.02346	0.04348	0.08594	0.01260	0.01433	0.01015	0.00712	0.00691	0.00185	0.06559	0.00480	0.00383	0.02974
2	0.01815	0.01583	0.02479	0.32159	0.11063	0.07732	0.16199	0.03898	0.01626	0.12554	0.01480	0.01835	0.01079	0.00683	0.00705	0.00218	0.00927	0.00649	0.00412	0.00904
3	0.01565	0.15151	0.27356	0.01581	0.02318	0.06384	0.07223	0.02044	0.01474	0.02060	0.01178	0.01396	0.00931	0.00590	0.00579	0.00166	0.00828	0.00470	0.00336	0.26370
4	0.02601	0.01916	0.02053	0.01574	0.02122	0.02122	0.01300	0.69408	0.03217	0.04312	0.01643	0.01643	0.01163	0.00821	0.00684	0.00205	0.00753	0.00616	0.00684	0.01163
5	0.00995	0.00663	0.00746	0.00746	0.00746	0.00663	0.00415	0.00995	0.00995	0.01327	0.02156	0.04477	0.02487	0.75957	0.03482	0.00663	0.00663	0.00995	0.00415	0.00415
6	0.00995	0.00663	0.00746	0.00746	0.00746	0.00663	0.00415	0.00995	0.00995	0.01327	0.02156	0.04477	0.02487	0.75957	0.03482	0.00663	0.00663	0.00995	0.00415	0.00415
7	0.01913	0.02142	0.01878	0.17903	0.02554	0.31725	0.01410	0.02470	0.14291	0.01908	0.01474	0.03980	0.01227	0.00856	0.00883	0.00219	0.11327	0.00609	0.00406	0.00825
8	0.00984	0.00659	0.00749	0.00760	0.00763	0.00656	0.00429	0.00992	0.01016	0.01355	0.02264	0.09246	0.02624	0.71001	0.03307	0.00637	0.00645	0.01059	0.00429	0.00424
9	0.00995	0.00663	0.00746	0.00746	0.00746	0.00663	0.00415	0.00995	0.00995	0.01327	0.02156	0.04477	0.02487	0.75957	0.03482	0.00663	0.00663	0.00995	0.00415	0.00415
10	0.01682	0.01504	0.01723	0.08849	0.12054	0.07472	0.01268	0.02833	0.36587	0.04977	0.11382	0.02580	0.02295	0.00900	0.00700	0.00220	0.00647	0.00765	0.00591	0.00972
11	0.08533	0.15055	0.02106	0.01376	0.01894	0.02019	0.01159	0.35107	0.15135	0.03318	0.01647	0.01657	0.01241	0.00763	0.00610	0.00193	0.00675	0.00567	0.00577	0.06370
12	0.01391	0.01394	0.02335	0.15025	0.02606	0.01688	0.16592	0.01687	0.01270	0.01801	0.01478	0.12288	0.01454	0.01102	0.01444	0.00268	0.34217	0.00841	0.00359	0.00762
13	0.01582	0.13143	0.34503	0.02128	0.14345	0.09082	0.03866	0.02112	0.01560	0.02106	0.08009	0.01785	0.01456	0.00710	0.00641	0.00200	0.00898	0.00577	0.00351	0.00944
14	0.01003	0.00772	0.00904	0.00859	0.01046	0.00736	0.00634	0.01418	0.08657	0.02383	0.40792	0.05177	0.22664	0.08696	0.01057	0.00265	0.00384	0.01221	0.00684	0.00649
15	0.01419	0.01216	0.01419	0.01013	0.01621	0.00912	0.00811	0.01723	0.01419	0.02229	0.01216	0.01419	0.01013	0.00507	0.00507	0.00101	0.00507	0.00405	0.00405	0.80139
16	0.02359	0.02031	0.01902	0.01559	0.02031	0.14231	0.01247	0.40838	0.20488	0.03481	0.01839	0.01809	0.01356	0.00829	0.00676	0.00207	0.00781	0.00627	0.00630	0.01079
17	0.02009	0.21281	0.13813	0.08830	0.02343	0.10333	0.01475	0.15557	0.05367	0.08236	0.03549	0.01649	0.01235	0.00730	0.00612	0.00193	0.00824	0.00545	0.00458	0.00961
18	0.01665	0.10500	0.41027	0.02008	0.02806	0.14037	0.14236	0.02256	0.01555	0.02031	0.01199	0.01446	0.00901	0.00640	0.00652	0.00205	0.01047	0.00535	0.00311	0.00944
19	0.01637	0.01848	0.19589	0.02053	0.17288	0.01355	0.03637	0.09590	0.03592	0.08830	0.20582	0.02640	0.02581	0.00887	0.00712	0.00212	0.00705	0.00772	0.00532	0.00957
20	0.00828	0.00619	0.00770	0.00891	0.00976	0.00561	0.00608	0.00960	0.01369	0.01771	0.04522	0.59127	0.20423	0.02046	0.00858	0.00267	0.00385	0.01826	0.00635	0.00561
21	0.02094	0.03917	0.15490	0.02293	0.14450	0.05190	0.16246	0.10375	0.01853	0.18833	0.01650	0.01785	0.01171	0.00695	0.00695	0.00211	0.00881	0.00638	0.00491	0.01044
22	0.01504	0.01736	0.09856	0.12854	0.14661	0.01560	0.27311	0.02184	0.09276	0.02262	0.08293	0.02173	0.01655	0.00724	0.00740	0.00223	0.00898	0.00753	0.00412	0.00926
23	0.01056	0.00754	0.01049	0.01207	0.01344	0.00748	0.01022	0.01338	0.01529	0.01996	0.03648	0.19370	0.04038	0.01933	0.00933	0.00309	0.00590	0.55888	0.00631	0.00617
24	0.02056	0.15294	0.10375	0.08598	0.02353	0.02042	0.01444	0.32957	0.12771	0.03109	0.01604	0.01679	0.01195	0.00762	0.00638	0.00202	0.00762	0.00582	0.00533	0.01043
25	0.01587	0.17809	0.15995	0.13021	0.28316	0.01873	0.01904	0.02013	0.01431	0.01970	0.01162	0.01522	0.00959	0.00672	0.00753	0.00205	0.07010	0.00537	0.00311	0.00952
26	0.01519	0.08906	0.02257	0.02014	0.14318	0.01580	0.10949	0.08272	0.01558	0.02149	0.07389	0.08194	0.01929	0.08899	0.04190	0.00309	0.13499	0.00817	0.00429	0.00822
27	0.01681	0.19619	0.40021	0.01830	0.02651	0.01804	0.11427	0.02261	0.01508	0.09104	0.01335	0.01511	0.00977	0.00645	0.00628	0.00202	0.00924	0.00535	0.00354	0.00984
28	0.00895	0.00687	0.00820	0.00808	0.00983	0.00611	0.00598	0.01142	0.01733	0.02309	0.40528	0.12760	0.30454	0.01598	0.00814	0.00227	0.00339	0.01386	0.00697	0.00611
29	0.10822	0.01381	0.06474	0.08771	0.02180	0.01255	0.07815	0.07729	0.01787	0.24465	0.07899	0.02988	0.02066	0.00961	0.00714	0.00230	0.00693	0.10241	0.00606	0.00922
30	0.01519	0.02800	0.40834	0.15171	0.03298	0.08825	0.13753	0.02152	0.01510	0.02046	0.01235	0.01561	0.00906	0.00649	0.00680	0.00217	0.01040	0.00569	0.00308	0.00929
31	0.00861	0.00612	0.00802	0.00926	0.00975	0.00574	0.00618	0.00990	0.01347	0.01812	0.10450	0.62485	0.04550	0.08224	0.01084	0.00304	0.00412	0.01794	0.00629	0.00553
32	0.08039	0.03051	0.54226	0.02029	0.02934	0.01610	0.14305	0.02158	0.01452	0.02246	0.01233	0.01488	0.00887	0.00636	0.00659	0.00219	0.00996	0.00548	0.00310	0.00973
33	0.01691	0.01422	0.07289	0.01384	0.01721	0.08066	0.01235	0.08905	0.01816	0.12150	0.02842	0.07233	0.02797	0.01421	0.00823	0.00266	0.00719	0.36803	0.00611	0.00806
34	0.01161	0.01330	0.14178	0.01160	0.01523	0.00991	0.01084	0.01668	0.08566	0.04828	0.07966	0.03698	0.21680	0.02483	0.24018	0.00505	0.00974	0.00929	0.00508	0.00749
35	0.00937	0.00694	0.00851	0.00814	0.00974	0.00633	0.00596	0.01197	0.01765	0.02416	0.50925	0.05362	0.19857	0.08727	0.01068	0.00262	0.00361	0.01258	0.00695	0.00609
36	0.01492	0.03381	0.65563	0.01913	0.02879	0.01641	0.02408	0.08712	0.01617	0.02375	0.01268	0.01464	0.00896	0.00667	0.00653	0.00216	0.00986	0.00516	0.00327	0.01026
37	0.15409	0.01885	0.17229	0.01350	0.01854	0.08537	0.01278	0.02431	0.11508	0.14913	0.08686	0.08218	0.02019	0.00926	0.00655	0.00218	0.00688	0.00738	0.00551	0.00907
38	0.01858	0.61905	0.10119	0.01306	0.01909	0.09709	0.01318	0.02129	0.01451	0.01670	0.00989	0.01145	0.00877	0.00604	0.00477	0.00156	0.00809	0.00387	0.00298	0.00882
39	0.00981	0.00720	0.01034	0.01034	0.01134	0.00820	0.00774	0.01180	0.01080	0.01540	0.01892	0.03017	0.01853	0.18182	0.60390	0.01019	0.01617	0.00781	0.00375	0.00575
40	0.01655	0.32834	0.38827	0.01621	0.02405	0.08012	0.01881	0.02166	0.01464	0.01901	0.01102	0.01287	0.00872	0.00629	0.00562	0.00185	0.00917	0.00444	0.00296	0.00939
41	0.00881	0.00698	0.00800	0.00829	0.01019	0.00617	0.00636	0.01095	0.01602	0.02021	0.17216	0.13203	0.44023	0.01738	0.00834	0.00245	0.00388	0.10906	0.00655	0.00595
42	0.67430	0.01296	0.01106	0.00954	0.01396	0.01444	0.00786	0.02238	0.01301	0.14945	0.01253	0.01321	0.00905	0.00671	0.00469	0.00212	0.00538	0.00425	0.00496	0.00814
43	0.00938	0.00790	0.01100	0.01000	0.01222	0.00706	0.07262	0.01185	0.01632	0.02125	0.24598	0.17541	0.34152	0.01593	0.00819	0.00234	0.00427	0.01408	0.00641	0.00627
44	0.01176	0.00962	0.01038	0.00974	0.01215	0.00996	0.00724	0.01967	0.25707	0.02281	0.15726	0.04616	0.26143	0.12078	0.01154	0.00291	0.00456	0.01109	0.00645	0.00743
45	0.00815	0.00666	0.00721	0.00765	0.00943	0.00571	0.00552	0.00974	0.01490	0.01820	0.06054	0.25696	0.52864	0.01847	0.00826	0.00244	0.00361	0.01583	0.00635	0.00571
46	0.01361	0.01286	0.02177	0.62261	0.16224	0.01538	0.01934	0.01808	0.01401	0.01832	0.01228	0.01802	0.00942	0.00671	0.00683	0.00224	0.00895	0.00608	0.00310	0.00816
47	0.01686	0.55727	0.21080	0.01364	0.02043	0.02363	0.01503	0.02049	0.01402	0.01755	0.01098	0.03198	0.00974	0.00644	0.00505	0.00168	0.00794	0.00444	0.00301	0.00903

[dist]
# distance from previous block
# <min> <max>
0	2

[block]
# block no. 5 follows, 31 sequences, length 23
# corresponding to MSA columns:
# 475-497
name=unknown_F
#
# <colnr> <probs for GDERKNQSTAVLIFYWHMCP>
#	G	D	E	R	K	N	Q	S	T	A	V	L	I	F	Y	W	H	M	C	P
0	0.01137	0.00902	0.00957	0.00868	0.01142	0.00850	0.00671	0.12659	0.01897	0.02400	0.15609	0.05525	0.49810	0.01528	0.00787	0.00224	0.00412	0.01272	0.00661	0.00687
1	0.14910	0.01234	0.01348	0.00994	0.01571	0.01018	0.00799	0.01772	0.01375	0.02372	0.01171	0.01366	0.00967	0.00528	0.00493	0.00120	0.00510	0.00399	0.00408	0.66643
2	0.01297	0.14301	0.15578	0.11097	0.02345	0.01470	0.08861	0.01697	0.01324	0.01803	0.01594	0.07881	0.01457	0.02173	0.23606	0.00492	0.01176	0.00717	0.00350	0.00782
3	0.02928	0.01391	0.01728	0.01325	0.01859	0.01342	0.01094	0.23237	0.02337	0.51725	0.02381	0.02122	0.01534	0.00839	0.00687	0.00210	0.00634	0.00666	0.00798	0.01164
4	0.00965	0.00751	0.00884	0.00856	0.01049	0.00702	0.00639	0.01353	0.07321	0.02380	0.39297	0.10977	0.27236	0.01529	0.00804	0.00227	0.00354	0.01324	0.00701	0.00652
5	0.13316	0.15518	0.09453	0.01298	0.05110	0.01436	0.01091	0.01622	0.01207	0.01871	0.01463	0.02226	0.01387	0.14778	0.22597	0.00542	0.03390	0.00617	0.00357	0.00721
6	0.01176	0.00619	0.00875	0.00875	0.00918	0.00635	0.00608	0.01053	0.01010	0.01471	0.01448	0.02238	0.01351	0.02461	0.11333	0.56397	0.00706	0.00619	0.13812	0.00395
7	0.01339	0.00781	0.01055	0.00992	0.01139	0.00811	0.00722	0.01499	0.01208	0.13490	0.02096	0.03272	0.01988	0.29953	0.35745	0.00791	0.01198	0.00820	0.00465	0.00634
8	0.01252	0.00939	0.01111	0.01118	0.01292	0.00978	0.00809	0.12955	0.11069	0.02335	0.03274	0.52998	0.03621	0.01753	0.00817	0.00259	0.00477	0.01559	0.00652	0.00731
9	0.74384	0.07411	0.01215	0.00922	0.01358	0.01630	0.00776	0.02014	0.01183	0.02951	0.00952	0.01110	0.00752	0.00631	0.00425	0.00206	0.00546	0.00370	0.00413	0.00752
10	0.01293	0.14490	0.22832	0.01327	0.01876	0.01336	0.05485	0.01712	0.01575	0.04140	0.14573	0.03455	0.21103	0.01062	0.00695	0.00209	0.00663	0.00885	0.00482	0.00808
11	0.01708	0.01286	0.11937	0.01142	0.01562	0.00905	0.01056	0.02063	0.01802	0.25372	0.26371	0.03963	0.12225	0.01172	0.00751	0.00221	0.00531	0.04377	0.00692	0.00862
