[name]
unknown

[dist]
# distance from previous block
# <min> <max>
0	33

[block]
# block no. 0 follows, 27 sequences, length 20
# corresponding to MSA columns:
# 110-126,131-133
name=unknown_A
#
# <colnr> <probs for GDERKNQSTAVLIFYWHMCP>
#	G	D	E	R	K	N	Q	S	T	A	V	L	I	F	Y	W	H	M	C	P
0	0.01370	0.00927	0.01136	0.01107	0.01352	0.00889	0.00873	0.06081	0.04356	0.08364	0.19090	0.15725	0.19128	0.01716	0.00893	0.00270	0.00504	0.14707	0.00743	0.00771
1	0.01191	0.00800	0.01001	0.00940	0.01163	0.00720	0.00721	0.01498	0.01991	0.07804	0.46749	0.05812	0.20859	0.01580	0.00873	0.00242	0.00392	0.04149	0.00789	0.00725
2	0.12380	0.01790	0.02039	0.01664	0.02102	0.07816	0.06222	0.13217	0.14089	0.16361	0.01934	0.01990	0.01418	0.00927	0.00988	0.00246	0.12464	0.00677	0.00616	0.01059
3	0.09634	0.05061	0.11233	0.01677	0.02226	0.20322	0.01475	0.27188	0.02407	0.03137	0.01649	0.07564	0.01389	0.00925	0.00699	0.00221	0.00938	0.00688	0.00542	0.01024
4	0.01049	0.00711	0.00838	0.00906	0.01053	0.00661	0.00665	0.01283	0.01610	0.02259	0.10901	0.28777	0.19757	0.01776	0.00831	0.00256	0.00412	0.06974	0.18634	0.00646
5	0.01927	0.01792	0.02659	0.27093	0.24810	0.07047	0.08159	0.10599	0.01904	0.04737	0.01462	0.01880	0.01123	0.00732	0.00747	0.00231	0.00973	0.00671	0.00423	0.01028
6	0.01972	0.01902	0.02754	0.03204	0.35522	0.07503	0.09890	0.10068	0.01924	0.02639	0.01422	0.01757	0.01148	0.00674	0.00715	0.00203	0.00900	0.00635	0.00428	0.14741
7	0.05252	0.15727	0.07930	0.01732	0.05118	0.01757	0.10612	0.07162	0.10712	0.07049	0.02540	0.11725	0.07463	0.01059	0.00734	0.00233	0.00758	0.00917	0.00546	0.00976
8	0.00947	0.00725	0.00807	0.00837	0.01024	0.00637	0.00608	0.01158	0.01681	0.02180	0.15281	0.21339	0.40605	0.01849	0.00865	0.00254	0.00382	0.01589	0.06595	0.00637
9	0.01328	0.06114	0.01789	0.01775	0.12524	0.01177	0.06038	0.03659	0.04226	0.02449	0.21548	0.23105	0.08372	0.01460	0.00837	0.00248	0.00583	0.01320	0.00627	0.00821
10	0.49940	0.06660	0.01624	0.01286	0.01688	0.11310	0.01058	0.04645	0.01460	0.02854	0.01069	0.01303	0.00876	0.00788	0.00775	0.00233	0.10706	0.00456	0.00431	0.00840
11	0.01291	0.01040	0.01591	0.01414	0.01664	0.01030	0.11497	0.07878	0.01681	0.02308	0.03263	0.35053	0.07685	0.02175	0.09970	0.00387	0.00794	0.01439	0.07088	0.00750
12	0.01647	0.01615	0.02038	0.29337	0.14027	0.10520	0.01645	0.02286	0.10779	0.02335	0.13910	0.02634	0.02291	0.00910	0.00758	0.00234	0.00846	0.00786	0.00490	0.00912
13	0.00973	0.00705	0.00919	0.00972	0.01089	0.00651	0.00688	0.01211	0.01759	0.02417	0.35202	0.37774	0.09038	0.01918	0.00910	0.00267	0.00390	0.01717	0.00750	0.00651
14	0.01903	0.01140	0.01358	0.01179	0.01550	0.01126	0.00925	0.02705	0.20710	0.22051	0.21270	0.04151	0.14266	0.01260	0.00805	0.00240	0.00503	0.01065	0.00808	0.00985
15	0.02773	0.03538	0.02104	0.01913	0.02295	0.70930	0.01434	0.02964	0.02104	0.01817	0.01148	0.01339	0.00956	0.00765	0.00669	0.00191	0.01339	0.00478	0.00383	0.00861
16	0.00913	0.00753	0.00802	0.00790	0.01025	0.00642	0.00592	0.01135	0.01777	0.02207	0.20264	0.06812	0.56109	0.01805	0.00877	0.00247	0.00371	0.01520	0.00716	0.00642
17	0.01061	0.00795	0.01193	0.01193	0.01326	0.00928	0.00928	0.01326	0.01193	0.01723	0.01988	0.02916	0.01856	0.05568	0.70968	0.01193	0.01988	0.00795	0.00398	0.00663
18	0.02129	0.61393	0.03563	0.01388	0.01977	0.15384	0.01300	0.02359	0.01617	0.01759	0.01053	0.01218	0.00953	0.00659	0.00512	0.00165	0.00894	0.00412	0.00329	0.00936
19	0.00944	0.00738	0.00811	0.00817	0.00993	0.00653	0.00577	0.01120	0.01628	0.02057	0.16434	0.12234	0.41524	0.14539	0.01394	0.00335	0.00437	0.01491	0.00668	0.00606

[dist]
# distance from previous block
# <min> <max>
2	18

[block]
# block no. 1 follows, 27 sequences, length 10
# corresponding to MSA columns:
# 152-161
name=unknown_B
#
# <colnr> <probs for GDERKNQSTAVLIFYWHMCP>
#	G	D	E	R	K	N	Q	S	T	A	V	L	I	F	Y	W	H	M	C	P
0	0.01781	0.01555	0.02349	0.46189	0.14455	0.01810	0.01953	0.16197	0.01956	0.02589	0.01433	0.01914	0.01078	0.00762	0.00741	0.00238	0.00935	0.00662	0.00426	0.00975
1	0.01531	0.01187	0.01326	0.01220	0.01522	0.01241	0.00944	0.16090	0.14586	0.02896	0.11214	0.18888	0.17525	0.01562	0.00848	0.00259	0.00539	0.05019	0.00727	0.00876
2	0.01063	0.00784	0.01138	0.01138	0.01251	0.00898	0.00859	0.01290	0.01177	0.01682	0.02039	0.03197	0.01978	0.15429	0.61274	0.01125	0.01805	0.00836	0.00405	0.00632
3	0.00970	0.00742	0.00894	0.00916	0.01094	0.00666	0.00683	0.01219	0.01797	0.02368	0.29898	0.19139	0.28962	0.01838	0.00900	0.00260	0.00398	0.05866	0.00737	0.00654
4	0.00942	0.00665	0.00862	0.00992	0.01037	0.00628	0.00652	0.01066	0.01415	0.01899	0.08324	0.57972	0.04710	0.13475	0.01386	0.00362	0.00470	0.01896	0.00661	0.00586
5	0.01837	0.01764	0.03013	0.04557	0.69279	0.01764	0.02278	0.02278	0.01690	0.02425	0.01396	0.01837	0.01176	0.00661	0.00735	0.00220	0.00882	0.00661	0.00367	0.01176
6	0.01089	0.00699	0.00803	0.00840	0.00877	0.00690	0.00513	0.01170	0.01228	0.01745	0.02734	0.19502	0.03058	0.46947	0.02655	0.00544	0.00599	0.01244	0.12543	0.00521
7	0.17349	0.01779	0.01902	0.01485	0.02049	0.01916	0.01226	0.40737	0.02770	0.18710	0.01892	0.01837	0.01302	0.00859	0.00690	0.00226	0.00730	0.00635	0.00728	0.01176
8	0.33410	0.01596	0.02048	0.09883	0.26263	0.01778	0.01556	0.06575	0.01585	0.02855	0.01242	0.01578	0.00998	0.00735	0.00724	0.00233	0.04988	0.00555	0.00424	0.00971
9	0.02231	0.02608	0.15188	0.06296	0.24249	0.22745	0.01941	0.02658	0.01840	0.11074	0.01506	0.01732	0.01142	0.00739	0.00711	0.00217	0.01034	0.00595	0.00433	0.01059

[dist]
# distance from previous block
# <min> <max>
0	3

[block]
# block no. 2 follows, 27 sequences, length 25
# corresponding to MSA columns:
# 177-201
name=unknown_C
#
# <colnr> <probs for GDERKNQSTAVLIFYWHMCP>
#	G	D	E	R	K	N	Q	S	T	A	V	L	I	F	Y	W	H	M	C	P
0	0.06478	0.11425	0.18085	0.01945	0.02607	0.11553	0.12899	0.13993	0.02011	0.02672	0.01618	0.02250	0.01353	0.00856	0.00725	0.00230	0.00999	0.06841	0.00457	0.01002
1	0.01837	0.01764	0.03013	0.04557	0.69279	0.01764	0.02278	0.02278	0.01690	0.02425	0.01396	0.01837	0.01176	0.00661	0.00735	0.00220	0.00882	0.00661	0.00367	0.01176
2	0.01308	0.01155	0.01770	0.05381	0.26595	0.01159	0.01357	0.01627	0.01591	0.02159	0.07872	0.07796	0.18949	0.02145	0.15373	0.00437	0.00926	0.01047	0.00503	0.00850
3	0.01129	0.00824	0.01034	0.01002	0.01030	0.00916	0.00666	0.01201	0.01109	0.01533	0.02131	0.04132	0.02352	0.52400	0.17793	0.00781	0.08032	0.00978	0.00427	0.00530
4	0.00948	0.00685	0.00881	0.00975	0.01062	0.00635	0.00667	0.01125	0.01581	0.02130	0.19480	0.48155	0.10195	0.06502	0.01099	0.00307	0.00425	0.01825	0.00705	0.00618
5	0.00959	0.00689	0.00870	0.00986	0.01055	0.00648	0.00670	0.01094	0.01430	0.01885	0.06364	0.47514	0.10822	0.15182	0.01456	0.00373	0.00493	0.06276	0.00650	0.00587
6	0.00975	0.00745	0.00870	0.00898	0.01065	0.00673	0.00659	0.01182	0.01670	0.02153	0.19440	0.15858	0.32024	0.10762	0.01259	0.00321	0.00451	0.07684	0.00687	0.00623
7	0.01532	0.03308	0.53121	0.02158	0.03032	0.01834	0.07091	0.02251	0.01503	0.02251	0.01280	0.01609	0.00960	0.00807	0.01031	0.00252	0.14032	0.00590	0.00320	0.01039
8	0.02421	0.01272	0.01531	0.01222	0.01705	0.01184	0.00991	0.14984	0.02245	0.33797	0.06136	0.03653	0.19499	0.01169	0.00775	0.00228	0.00586	0.00953	0.00798	0.04851
9	0.66398	0.01831	0.12419	0.01163	0.01728	0.01675	0.01122	0.02210	0.01313	0.03170	0.01083	0.01265	0.00826	0.00692	0.00500	0.00231	0.00660	0.00426	0.00435	0.00852
10	0.01343	0.01122	0.01543	0.04751	0.12558	0.01254	0.01128	0.01579	0.01459	0.02094	0.07524	0.03690	0.14094	0.14363	0.01668	0.00335	0.16520	0.00950	0.11276	0.00749
11	0.01402	0.01319	0.02227	0.72126	0.05113	0.01649	0.02062	0.01897	0.01484	0.01897	0.01319	0.01979	0.00990	0.00742	0.00742	0.00247	0.00990	0.00660	0.00330	0.00825
12	0.01181	0.00769	0.00885	0.00888	0.01062	0.00703	0.00639	0.01361	0.01559	0.06834	0.07842	0.14497	0.26956	0.17825	0.01499	0.00358	0.00495	0.05758	0.08244	0.00644
13	0.01522	0.01474	0.02078	0.01812	0.01836	0.02030	0.01498	0.01703	0.01147	0.01775	0.01158	0.01858	0.01134	0.02071	0.14831	0.00482	0.59789	0.00676	0.00338	0.00785
14	0.01580	0.01265	0.01371	0.01273	0.01606	0.01371	0.00972	0.05259	0.37911	0.05298	0.04085	0.15597	0.16507	0.01404	0.00812	0.00258	0.00528	0.01195	0.00736	0.00971
15	0.02012	0.01677	0.01772	0.01544	0.01993	0.01924	0.01215	0.14591	0.57023	0.03372	0.02812	0.02603	0.02096	0.00988	0.00753	0.00247	0.00626	0.00810	0.00753	0.01190
16	0.01866	0.09945	0.26463	0.02298	0.03053	0.12365	0.22388	0.04572	0.01740	0.02265	0.01323	0.01643	0.01015	0.00723	0.00833	0.00231	0.05275	0.00636	0.00359	0.01006
17	0.01234	0.00664	0.00926	0.00926	0.00926	0.00664	0.00594	0.00997	0.00997	0.01329	0.01565	0.02940	0.01660	0.21308	0.03132	0.58005	0.00664	0.00759	0.00356	0.00356
18	0.01545	0.01419	0.02384	0.03353	0.43939	0.01402	0.04575	0.01906	0.01624	0.02270	0.02281	0.21085	0.02364	0.01191	0.00817	0.00251	0.00766	0.05370	0.00474	0.00984
19	0.01481	0.01400	0.02369	0.59905	0.16719	0.01670	0.02101	0.01966	0.01522	0.01992	0.01333	0.01954	0.01023	0.00728	0.00741	0.00243	0.00970	0.00660	0.00337	0.00888
20	0.09384	0.24905	0.17482	0.01605	0.02281	0.08975	0.01595	0.17664	0.04907	0.02787	0.01373	0.01498	0.01067	0.00745	0.00619	0.00205	0.00889	0.00522	0.00456	0.01044
21	0.01850	0.01735	0.02360	0.03146	0.39399	0.07554	0.01737	0.06132	0.10051	0.02676	0.11033	0.02456	0.02134	0.00853	0.00744	0.00222	0.00788	0.00764	0.03295	0.01070
22	0.15991	0.30751	0.11191	0.01673	0.02303	0.14411	0.09827	0.02382	0.01608	0.02201	0.01150	0.01370	0.00947	0.00675	0.00587	0.00198	0.00946	0.00493	0.00362	0.00933
23	0.02155	0.01411	0.02145	0.01808	0.04958	0.01514	0.09571	0.02557	0.05005	0.25590	0.12988	0.02693	0.02354	0.01076	0.01243	0.00259	0.20192	0.00835	0.00640	0.01007
24	0.01137	0.00884	0.01241	0.01534	0.09512	0.00869	0.00995	0.01479	0.05426	0.02207	0.11103	0.42156	0.04438	0.01909	0.00915	0.00288	0.00527	0.11984	0.00668	0.00730

[dist]
# distance from previous block
# <min> <max>
0	8

[block]
# block no. 3 follows, 27 sequences, length 70
# corresponding to MSA columns:
# 210-267,270-281
name=unknown_D
#
# <colnr> <probs for GDERKNQSTAVLIFYWHMCP>
#	G	D	E	R	K	N	Q	S	T	A	V	L	I	F	Y	W	H	M	C	P
0	0.01414	0.01212	0.01391	0.01034	0.01616	0.00921	0.00820	0.01717	0.01568	0.02341	0.02491	0.02598	0.13920	0.00801	0.00612	0.00137	0.00517	0.00653	0.00487	0.63750
1	0.02822	0.02079	0.02228	0.01708	0.02302	0.02302	0.01411	0.66804	0.03490	0.04679	0.01782	0.01782	0.01262	0.00891	0.00743	0.00223	0.00817	0.00668	0.00743	0.01262
2	0.11654	0.01725	0.01536	0.01319	0.01673	0.17612	0.01012	0.02190	0.01632	0.09949	0.06405	0.02396	0.01789	0.11552	0.04412	0.00320	0.06519	0.00668	0.00501	0.15137
3	0.01070	0.00716	0.00813	0.00822	0.00825	0.00713	0.00463	0.01077	0.01099	0.01465	0.02438	0.08724	0.02824	0.69875	0.03619	0.00696	0.00703	0.01138	0.00463	0.00458
4	0.02118	0.02182	0.01599	0.01465	0.01804	0.30875	0.01112	0.02944	0.22482	0.02469	0.02068	0.02162	0.01614	0.00867	0.00657	0.00205	0.00843	0.00647	0.20972	0.00914
5	0.04409	0.01204	0.01340	0.01311	0.01579	0.06986	0.01073	0.06276	0.01947	0.10686	0.15317	0.10987	0.03921	0.01600	0.00888	0.00280	0.00657	0.28022	0.00707	0.00809
6	0.01723	0.01647	0.02806	0.22373	0.52361	0.01734	0.02221	0.02178	0.01636	0.02286	0.01376	0.01875	0.01127	0.00683	0.00737	0.00228	0.00910	0.00661	0.00358	0.01083
7	0.00904	0.00646	0.00861	0.01034	0.01077	0.00603	0.00689	0.01034	0.01421	0.01895	0.04092	0.73426	0.04910	0.02326	0.00948	0.00301	0.00431	0.02110	0.00689	0.00603
8	0.01402	0.01319	0.02227	0.72126	0.05113	0.01649	0.02062	0.01897	0.01484	0.01897	0.01319	0.01979	0.00990	0.00742	0.00742	0.00247	0.00990	0.00660	0.00330	0.00825
9	0.01755	0.01680	0.02865	0.17319	0.57160	0.01742	0.02237	0.02206	0.01651	0.02325	0.01382	0.01864	0.01141	0.00677	0.00736	0.00226	0.00902	0.00661	0.00360	0.01110
10	0.07001	0.01347	0.01771	0.01553	0.01687	0.01719	0.01257	0.06869	0.01378	0.04482	0.01484	0.02232	0.01382	0.08066	0.20051	0.00564	0.35237	0.00709	0.00417	0.00796
11	0.00900	0.00665	0.00842	0.00985	0.01064	0.00607	0.00667	0.01039	0.01469	0.01914	0.04689	0.61870	0.16080	0.02248	0.00935	0.00293	0.00421	0.02016	0.00689	0.00607
12	0.01402	0.01319	0.02227	0.72126	0.05113	0.01649	0.02062	0.01897	0.01484	0.01897	0.01319	0.01979	0.00990	0.00742	0.00742	0.00247	0.00990	0.00660	0.00330	0.00825
13	0.16225	0.02132	0.01754	0.01546	0.01982	0.20139	0.01213	0.12931	0.26537	0.03020	0.02003	0.02127	0.01562	0.00899	0.00685	0.00230	0.00822	0.02570	0.00599	0.01023
14	0.01739	0.01549	0.02610	0.32729	0.38554	0.01678	0.02120	0.02194	0.01628	0.06002	0.01451	0.01936	0.01135	0.00710	0.00739	0.00232	0.00913	0.00666	0.00383	0.01033
15	0.01679	0.01602	0.02727	0.29110	0.45963	0.01722	0.02200	0.02140	0.01616	0.02233	0.01368	0.01889	0.01108	0.00691	0.00738	0.00230	0.00921	0.00661	0.00354	0.01048
16	0.00908	0.00682	0.00842	0.00952	0.01060	0.00616	0.00657	0.01068	0.01541	0.02001	0.09623	0.51143	0.21910	0.02151	0.00924	0.00283	0.00411	0.01913	0.00698	0.00616
17	0.01662	0.07144	0.26208	0.18292	0.03062	0.01678	0.01901	0.02537	0.13836	0.07214	0.07542	0.02271	0.01782	0.00850	0.00725	0.00235	0.00860	0.00700	0.00485	0.01015
18	0.17146	0.35542	0.02802	0.01613	0.06735	0.17379	0.01296	0.06021	0.01715	0.02283	0.01126	0.01306	0.00958	0.00690	0.00549	0.00188	0.00878	0.00450	0.00387	0.00937
19	0.00931	0.00752	0.00830	0.00835	0.01054	0.00652	0.00629	0.01158	0.01766	0.02220	0.20476	0.10590	0.48995	0.01834	0.00888	0.00254	0.00387	0.04387	0.00717	0.00644
20	0.02064	0.01935	0.08175	0.07549	0.04758	0.03959	0.11352	0.19057	0.10019	0.07518	0.04816	0.02155	0.01586	0.01032	0.02931	0.00272	0.08465	0.00741	0.00558	0.01059
21	0.01752	0.02003	0.04380	0.03129	0.03880	0.01877	0.66583	0.02378	0.01752	0.02378	0.01502	0.02003	0.01126	0.00626	0.00876	0.00250	0.01252	0.00876	0.00375	0.01001
22	0.01096	0.00899	0.01170	0.01201	0.01317	0.00973	0.00937	0.01297	0.01517	0.02007	0.06562	0.28493	0.19438	0.01945	0.01219	0.00300	0.13778	0.14560	0.00625	0.00667
23	0.54564	0.04891	0.04237	0.01164	0.01687	0.01737	0.01010	0.10179	0.01655	0.11004	0.01354	0.01441	0.00990	0.00738	0.00537	0.00226	0.00641	0.00479	0.00534	0.00931
24	0.16271	0.01374	0.02057	0.01655	0.02135	0.01357	0.16447	0.02563	0.06457	0.20358	0.02418	0.06239	0.02003	0.01037	0.00761	0.00252	0.00746	0.09904	0.04998	0.00965
25	0.01985	0.74357	0.03890	0.01270	0.01905	0.02937	0.01270	0.02223	0.01508	0.01747	0.01032	0.01191	0.00953	0.00635	0.00476	0.00159	0.00794	0.00397	0.00318	0.00953
26	0.01402	0.01319	0.02227	0.72126	0.05113	0.01649	0.02062	0.01897	0.01484	0.01897	0.01319	0.01979	0.00990	0.00742	0.00742	0.00247	0.00990	0.00660	0.00330	0.00825
27	0.00993	0.00757	0.00912	0.00873	0.01074	0.00676	0.00655	0.01289	0.01965	0.02652	0.48370	0.06080	0.27725	0.01639	0.00876	0.00239	0.00359	0.01418	0.00774	0.00676
28	0.00992	0.00749	0.00916	0.00890	0.01077	0.00673	0.00662	0.01281	0.01938	0.02628	0.47107	0.10842	0.24176	0.01677	0.00881	0.00243	0.00363	0.01460	0.00772	0.00673
29	0.01861	0.47127	0.03223	0.04633	0.11946	0.02403	0.01389	0.05004	0.03991	0.02086	0.03836	0.04328	0.03842	0.00802	0.00592	0.00189	0.00766	0.00609	0.00403	0.00969
30	0.00939	0.00691	0.00820	0.00907	0.00994	0.00637	0.00600	0.01053	0.01412	0.01817	0.04580	0.39830	0.21239	0.19083	0.01596	0.00387	0.00484	0.01724	0.00633	0.00573
31	0.01772	0.01694	0.02542	0.02019	0.02542	0.01803	0.23024	0.03294	0.42891	0.02814	0.02711	0.02705	0.04816	0.00918	0.00801	0.00251	0.00800	0.00884	0.00625	0.01093
32	0.01104	0.00718	0.00800	0.00800	0.00814	0.00718	0.00455	0.01131	0.01117	0.01545	0.02346	0.04693	0.02636	0.68132	0.03521	0.00676	0.00690	0.01049	0.06587	0.00469
33	0.61161	0.01587	0.01359	0.01149	0.01640	0.01815	0.00947	0.17415	0.01788	0.03648	0.01210	0.01342	0.00912	0.00737	0.00526	0.00228	0.00631	0.00465	0.00526	0.00912
34	0.01642	0.01270	0.01623	0.04203	0.11680	0.01361	0.01125	0.16968	0.05564	0.02531	0.02165	0.08649	0.02120	0.25048	0.10327	0.00510	0.00901	0.00939	0.00532	0.00842
35	0.36796	0.19402	0.15171	0.06921	0.02213	0.02003	0.01410	0.04529	0.01478	0.02697	0.01140	0.01354	0.00897	0.00691	0.00543	0.00215	0.00769	0.00459	0.00397	0.00914
36	0.01614	0.21569	0.53427	0.01903	0.02884	0.02029	0.02373	0.02319	0.01553	0.02199	0.01257	0.01473	0.00943	0.00688	0.00648	0.00216	0.01021	0.00510	0.00314	0.01061
37	0.02299	0.02676	0.01997	0.01926	0.06212	0.43941	0.01398	0.04876	0.05620	0.02010	0.01422	0.01752	0.01208	0.01626	0.12704	0.00376	0.06086	0.00582	0.00414	0.00875
38	0.02614	0.01244	0.01595	0.04383	0.01908	0.01177	0.01071	0.03215	0.13478	0.44751	0.05763	0.03204	0.10084	0.01063	0.00768	0.00237	0.00599	0.00878	0.00834	0.01133
39	0.01119	0.00823	0.01064	0.01085	0.01170	0.00899	0.00797	0.01295	0.01337	0.01895	0.03071	0.22378	0.07684	0.16110	0.14462	0.00531	0.08785	0.05436	0.09434	0.00626
40	0.01558	0.01528	0.02161	0.04364	0.01997	0.02113	0.01568	0.01743	0.01155	0.01784	0.01091	0.01770	0.01066	0.01719	0.09428	0.00411	0.62749	0.00665	0.00333	0.00797
41	0.00904	0.00646	0.00861	0.01034	0.01077	0.00603	0.00689	0.01034	0.01421	0.01895	0.04092	0.73426	0.04910	0.02326	0.00948	0.00301	0.00431	0.02110	0.00689	0.00603
42	0.00905	0.00753	0.00790	0.00781	0.01020	0.00638	0.00586	0.01119	0.01757	0.02159	0.17242	0.06891	0.59161	0.01823	0.00877	0.00248	0.00372	0.01531	0.00710	0.00638
43	0.01026	0.00745	0.00941	0.00914	0.01066	0.00688	0.00662	0.01307	0.01902	0.02640	0.51058	0.11452	0.11846	0.09068	0.01181	0.00291	0.00397	0.01401	0.00757	0.00660
44	0.01551	0.03407	0.54581	0.02355	0.03370	0.01760	0.17792	0.02357	0.01611	0.02357	0.01372	0.01670	0.00984	0.00687	0.00746	0.00239	0.01134	0.00626	0.00328	0.01075
45	0.00983	0.00679	0.00838	0.00933	0.00957	0.00655	0.00582	0.01054	0.01268	0.01691	0.03305	0.42663	0.03918	0.34442	0.02218	0.00489	0.00560	0.01648	0.00582	0.00534
46	0.01069	0.00763	0.01030	0.01030	0.01107	0.00840	0.00725	0.01221	0.01145	0.01603	0.02137	0.03741	0.02214	0.34586	0.42439	0.00992	0.01450	0.00916	0.00420	0.00572
47	0.01120	0.00826	0.01018	0.00989	0.01173	0.00782	0.00731	0.05943	0.01987	0.02717	0.40804	0.21487	0.14195	0.01711	0.00883	0.00251	0.00406	0.01505	0.00765	0.00708
48	0.02510	0.01370	0.01725	0.06350	0.02073	0.01274	0.01112	0.13099	0.02079	0.33125	0.02202	0.02319	0.01578	0.06589	0.00939	0.00240	0.00675	0.00682	0.00698	0.19362
49	0.79154	0.01436	0.01091	0.00976	0.01436	0.01665	0.00804	0.02182	0.01263	0.03331	0.01034	0.01206	0.00804	0.00689	0.00459	0.00230	0.00574	0.00402	0.00459	0.00804
50	0.02773	0.03538	0.02104	0.01913	0.02295	0.70930	0.01434	0.02964	0.02104	0.01817	0.01148	0.01339	0.00956	0.00765	0.00669	0.00191	0.01339	0.00478	0.00383	0.00861
51	0.00925	0.00748	0.00822	0.00815	0.01035	0.00645	0.00607	0.01153	0.01786	0.02257	0.23613	0.10253	0.49127	0.01808	0.00881	0.00249	0.00372	0.01536	0.00723	0.00645
52	0.00940	0.00758	0.00886	0.00887	0.01093	0.00704	0.00670	0.01160	0.01605	0.02036	0.12482	0.08893	0.43861	0.02731	0.17403	0.00473	0.00756	0.01385	0.00634	0.00642
53	0.00904	0.00646	0.00861	0.01034	0.01077	0.00603	0.00689	0.01034	0.01421	0.01895	0.04092	0.73426	0.04910	0.02326	0.00948	0.00301	0.00431	0.02110	0.00689	0.00603
54	0.01812	0.01555	0.01653	0.01503	0.01910	0.01794	0.01176	0.03816	0.64408	0.03058	0.03070	0.03068	0.02373	0.01063	0.00770	0.00257	0.00593	0.04221	0.00752	0.01149
55	0.02102	0.63866	0.03625	0.01365	0.01963	0.13010	0.01295	0.02333	0.01597	0.01757	0.01049	0.01213	0.00953	0.00654	0.00505	0.00164	0.00875	0.00409	0.00327	0.00939
56	0.01971	0.01734	0.01815	0.01580	0.01817	0.13274	0.01264	0.12909	0.01814	0.06207	0.01686	0.04901	0.01464	0.01794	0.12372	0.00401	0.22943	0.00716	0.08460	0.00877
57	0.02196	0.03014	0.20230	0.02092	0.02744	0.28275	0.12310	0.06791	0.08706	0.04318	0.01535	0.01714	0.01158	0.00764	0.00728	0.00222	0.01132	0.00618	0.00439	0.01014
58	0.01361	0.01269	0.01435	0.01374	0.01528	0.10914	0.01073	0.01605	0.01315	0.01743	0.01763	0.02558	0.01636	0.04442	0.53852	0.00961	0.09342	0.00735	0.00388	0.00706
59	0.01656	0.01807	0.07686	0.03210	0.40830	0.07416	0.01827	0.02043	0.01697	0.02287	0.05152	0.12383	0.06764	0.01033	0.00773	0.00233	0.00815	0.00935	0.00452	0.01002
60	0.00968	0.00764	0.00878	0.00874	0.01091	0.00674	0.00672	0.01226	0.01834	0.02359	0.28194	0.06716	0.41456	0.01773	0.00891	0.00254	0.00397	0.07588	0.00733	0.00658
61	0.00960	0.00756	0.01092	0.01140	0.01262	0.00695	0.05271	0.01132	0.01482	0.01944	0.04393	0.59130	0.13646	0.02145	0.00933	0.00291	0.00480	0.01948	0.00667	0.00634
62	0.02199	0.01193	0.01462	0.01216	0.01610	0.01159	0.00959	0.10000	0.09644	0.28303	0.20701	0.03699	0.07049	0.06179	0.00998	0.00267	0.00564	0.00977	0.00808	0.01010
63	0.01135	0.00792	0.00936	0.00879	0.01117	0.00695	0.00667	0.01408	0.01918	0.07312	0.36444	0.06052	0.34640	0.01639	0.00867	0.00241	0.00382	0.01401	0.00767	0.00707
64	0.00932	0.00646	0.00869	0.01029	0.01069	0.00606	0.00686	0.01029	0.01389	0.01852	0.03891	0.68341	0.04651	0.02344	0.01087	0.05881	0.00446	0.02006	0.00663	0.00583
65	0.01506	0.01443	0.02496	0.55139	0.17686	0.01684	0.05544	0.01998	0.01539	0.02027	0.01344	0.01953	0.01034	0.00720	0.00748	0.00242	0.00982	0.00672	0.00340	0.00903
66	0.01883	0.12551	0.05191	0.17698	0.02886	0.05516	0.06112	0.12933	0.05636	0.02576	0.01454	0.01721	0.01133	0.00712	0.00662	0.00195	0.00847	0.00582	0.00452	0.19260
67	0.01934	0.02065	0.02404	0.02135	0.06738	0.17700	0.12441	0.02619	0.16374	0.02205	0.01685	0.02123	0.01420	0.06143	0.01376	0.00287	0.18240	0.00722	0.00454	0.00934
68	0.05637	0.11867	0.05728	0.06627	0.02263	0.28277	0.01372	0.05025	0.14093	0.02354	0.05389	0.01947	0.01583	0.00835	0.00666	0.00209	0.00942	0.00612	0.03639	0.00936
69	0.01867	0.21964	0.02055	0.01238	0.01617	0.04717	0.01019	0.02315	0.09676	0.14014	0.07668	0.15593	0.02621	0.05302	0.04835	0.00304	0.00726	0.00966	0.00599	0.00903

[dist]
# distance from previous block
# <min> <max>
1	34

[block]
# block no. 4 follows, 27 sequences, length 12
# corresponding to MSA columns:
# 348-359
name=unknown_E
#
# <colnr> <probs for GDERKNQSTAVLIFYWHMCP>
#	G	D	E	R	K	N	Q	S	T	A	V	L	I	F	Y	W	H	M	C	P
0	0.02519	0.01779	0.02346	0.07833	0.25429	0.06267	0.01668	0.17624	0.02243	0.21988	0.01899	0.01998	0.01355	0.00801	0.00736	0.00224	0.00834	0.00675	0.00609	0.01174
1	0.01085	0.00838	0.01003	0.00969	0.01186	0.00793	0.00744	0.01545	0.07761	0.02667	0.41438	0.05953	0.23170	0.01612	0.00877	0.00248	0.00404	0.06220	0.00767	0.00721
2	0.45917	0.01922	0.01656	0.07829	0.10680	0.16652	0.01240	0.02339	0.01519	0.02762	0.01130	0.01383	0.00901	0.00707	0.00565	0.00222	0.00815	0.00474	0.00420	0.00866
3	0.01670	0.07353	0.29336	0.08675	0.12720	0.01828	0.13445	0.04632	0.06048	0.02413	0.01568	0.02019	0.01227	0.00757	0.00743	0.00236	0.01006	0.02878	0.00391	0.01055
4	0.01466	0.01366	0.01431	0.08738	0.01897	0.10616	0.01079	0.02126	0.15396	0.02333	0.16505	0.09567	0.06745	0.02128	0.14814	0.00432	0.00937	0.01020	0.00592	0.00813
5	0.01061	0.00795	0.01193	0.01193	0.01326	0.00928	0.00928	0.01326	0.01193	0.01723	0.01988	0.02916	0.01856	0.05568	0.70968	0.01193	0.01988	0.00795	0.00398	0.00663
6	0.04535	0.06036	0.03939	0.09506	0.02334	0.23070	0.04627	0.02183	0.01798	0.02217	0.10735	0.02515	0.04105	0.00890	0.00697	0.00199	0.00885	0.03194	0.00465	0.16070
7	0.01078	0.00804	0.01058	0.01006	0.01166	0.00782	0.03003	0.01226	0.01507	0.02004	0.14520	0.09970	0.24837	0.08570	0.08474	0.11606	0.03187	0.01231	0.03368	0.00603
8	0.06316	0.22432	0.15484	0.01980	0.13866	0.01915	0.01620	0.05616	0.01714	0.07612	0.03995	0.01723	0.01318	0.00714	0.00624	0.00193	0.00794	0.00555	0.00437	0.11092
9	0.05308	0.10312	0.18460	0.01670	0.06785	0.05422	0.01521	0.03837	0.01656	0.02298	0.02400	0.08482	0.07738	0.01093	0.00725	0.00226	0.00782	0.09390	0.00471	0.11425
10	0.06195	0.06192	0.06529	0.01318	0.01726	0.01483	0.01141	0.07777	0.04273	0.08544	0.01762	0.02178	0.01451	0.06379	0.06524	0.00321	0.10934	0.00643	0.10959	0.13671
11	0.01853	0.08414	0.15472	0.01540	0.02070	0.06846	0.01463	0.13511	0.08085	0.06127	0.05520	0.02934	0.05720	0.01646	0.10289	0.00363	0.00981	0.05640	0.00552	0.00974

[dist]
# distance from previous block
# <min> <max>
1	3

[block]
# block no. 5 follows, 27 sequences, length 6
# corresponding to MSA columns:
# 363-368
name=unknown_F
#
# <colnr> <probs for GDERKNQSTAVLIFYWHMCP>
#	G	D	E	R	K	N	Q	S	T	A	V	L	I	F	Y	W	H	M	C	P
0	0.01227	0.06417	0.01244	0.01032	0.01232	0.00932	0.00762	0.01441	0.06279	0.01996	0.10298	0.22638	0.10786	0.01861	0.01348	0.20367	0.00521	0.01207	0.00562	0.07850
1	0.07033	0.00989	0.01080	0.01107	0.01246	0.03956	0.00790	0.06459	0.01528	0.02124	0.02970	0.32620	0.03343	0.19024	0.06886	0.00454	0.00718	0.06432	0.00584	0.00656
2	0.01401	0.01498	0.11114	0.10617	0.02254	0.01185	0.05514	0.06654	0.01755	0.02485	0.09765	0.14326	0.08005	0.01160	0.00757	0.00225	0.00676	0.01015	0.07743	0.11853
3	0.01707	0.09348	0.02047	0.08184	0.06107	0.01715	0.01287	0.11757	0.05912	0.02441	0.03977	0.02289	0.01598	0.08182	0.08925	0.00373	0.11703	0.00691	0.00470	0.11288
4	0.09011	0.01445	0.07983	0.07328	0.12853	0.01262	0.01331	0.05941	0.01788	0.04968	0.20043	0.07103	0.02953	0.01149	0.00886	0.05330	0.00656	0.00885	0.00556	0.06529
5	0.01806	0.01685	0.08037	0.05903	0.07381	0.07074	0.01362	0.14698	0.02106	0.07153	0.13770	0.05649	0.07846	0.01515	0.06410	0.00315	0.00849	0.04908	0.00605	0.00930

[dist]
# distance from previous block
# <min> <max>
9	163

[block]
# block no. 6 follows, 27 sequences, length 28
# corresponding to MSA columns:
# 546-573
name=unknown_G
#
# <colnr> <probs for GDERKNQSTAVLIFYWHMCP>
#	G	D	E	R	K	N	Q	S	T	A	V	L	I	F	Y	W	H	M	C	P
0	0.27883	0.06281	0.04906	0.01451	0.01968	0.05568	0.10473	0.02042	0.01501	0.02557	0.01866	0.05833	0.06714	0.00863	0.00688	0.00213	0.03173	0.00684	0.00450	0.14885
1	0.03719	0.03535	0.01589	0.12125	0.07671	0.10968	0.01180	0.04849	0.01814	0.02336	0.13319	0.11643	0.14010	0.01287	0.00783	0.00238	0.00697	0.03403	0.04040	0.00794
2	0.02200	0.01704	0.02055	0.02107	0.14614	0.01863	0.01426	0.17644	0.35059	0.09495	0.02432	0.02352	0.01798	0.00908	0.00748	0.00237	0.00698	0.00759	0.00695	0.01203
3	0.01154	0.00832	0.01048	0.01091	0.01222	0.00842	0.00778	0.04912	0.07031	0.02137	0.07719	0.39677	0.08380	0.02394	0.07811	0.09496	0.00629	0.01543	0.00635	0.00667
4	0.02142	0.01592	0.02065	0.01817	0.05975	0.03707	0.07242	0.14228	0.16025	0.14727	0.05486	0.09866	0.02175	0.01101	0.00955	0.00251	0.08007	0.00913	0.00666	0.01062
5	0.01807	0.33868	0.11669	0.01658	0.02273	0.02093	0.11433	0.02303	0.05498	0.06024	0.05391	0.05392	0.01821	0.00893	0.00676	0.00214	0.00834	0.04735	0.00453	0.00963
6	0.01206	0.00753	0.00964	0.01004	0.01165	0.00679	0.00717	0.01397	0.01653	0.10013	0.14421	0.43587	0.15694	0.01963	0.00901	0.00274	0.00433	0.01742	0.00736	0.00699
7	0.05610	0.00780	0.00937	0.00959	0.01115	0.00742	0.00679	0.01442	0.01587	0.07602	0.15439	0.32794	0.09019	0.09375	0.01145	0.00308	0.00459	0.01487	0.07842	0.00678
8	0.12926	0.01675	0.02163	0.10954	0.20252	0.01808	0.01568	0.24051	0.02245	0.09225	0.01650	0.01854	0.01223	0.00785	0.00691	0.00224	0.00783	0.00637	0.04190	0.01095
9	0.06171	0.01510	0.01976	0.19383	0.13780	0.04211	0.01508	0.11193	0.03703	0.08543	0.02108	0.06907	0.04516	0.00952	0.00735	0.00229	0.00781	0.03122	0.00529	0.08141
10	0.01073	0.00745	0.00920	0.00982	0.01145	0.00671	0.00720	0.01272	0.01643	0.05840	0.11933	0.35590	0.24925	0.01998	0.00914	0.00278	0.00440	0.07531	0.00715	0.00665
11	0.01268	0.00785	0.00972	0.00961	0.01118	0.00729	0.00679	0.01436	0.01565	0.09897	0.13776	0.20700	0.15174	0.21105	0.03806	0.00414	0.00567	0.03722	0.00662	0.00663
12	0.01499	0.01302	0.01717	0.05491	0.12153	0.01097	0.01132	0.01840	0.01580	0.02379	0.05235	0.07686	0.01737	0.00775	0.00639	0.00157	0.00604	0.00671	0.00464	0.51844
13	0.01878	0.01342	0.01459	0.01221	0.01493	0.01445	0.00890	0.31183	0.02184	0.02923	0.02084	0.03449	0.02041	0.40466	0.02388	0.00492	0.00764	0.00891	0.00584	0.00822
14	0.01788	0.00938	0.01155	0.01004	0.01292	0.00864	0.00763	0.04403	0.01890	0.21805	0.21947	0.04341	0.12253	0.12344	0.01238	0.00302	0.00507	0.01065	0.09269	0.00834
15	0.01873	0.01886	0.02212	0.01897	0.02018	0.10346	0.01555	0.07449	0.05704	0.02114	0.01192	0.01677	0.01079	0.01184	0.01980	0.00296	0.53623	0.00643	0.00394	0.00878
16	0.01625	0.01556	0.01529	0.05208	0.01857	0.13219	0.01034	0.05350	0.01739	0.02284	0.06066	0.17572	0.05210	0.01144	0.00784	0.00201	0.03484	0.00942	0.00522	0.28672
17	0.14005	0.11492	0.02246	0.06095	0.05159	0.01850	0.04879	0.20458	0.02188	0.17663	0.02068	0.02097	0.04945	0.00852	0.00679	0.00221	0.00751	0.00668	0.00614	0.01071
18	0.01094	0.00736	0.00946	0.01043	0.01153	0.00691	0.00752	0.01264	0.01510	0.05121	0.06283	0.40516	0.11206	0.11565	0.01315	0.00353	0.00514	0.12634	0.00672	0.00634
19	0.01316	0.00821	0.01001	0.00993	0.01231	0.00727	0.00762	0.01540	0.01739	0.12531	0.11302	0.20920	0.31061	0.01817	0.00890	0.00268	0.00462	0.09150	0.00736	0.00733
20	0.01487	0.08940	0.12173	0.05901	0.02029	0.03048	0.04812	0.05554	0.01771	0.05552	0.14707	0.18557	0.06908	0.04138	0.00910	0.00261	0.00698	0.01138	0.00575	0.00839
21	0.01795	0.01957	0.09296	0.02131	0.06899	0.04547	0.05252	0.10486	0.01601	0.02299	0.01247	0.01747	0.01087	0.01356	0.06138	0.00341	0.39843	0.00658	0.00391	0.00928
22	0.04693	0.01101	0.01361	0.01175	0.01522	0.01060	0.00917	0.10996	0.02097	0.25138	0.18295	0.17787	0.03569	0.01335	0.00795	0.00241	0.00531	0.01143	0.05298	0.00946
23	0.00920	0.00660	0.00860	0.01003	0.01059	0.00615	0.00670	0.01055	0.01446	0.01925	0.07226	0.63230	0.07756	0.06435	0.01106	0.00320	0.00441	0.01989	0.00681	0.00600
24	0.01404	0.05685	0.12909	0.11679	0.15894	0.01414	0.03861	0.01922	0.05470	0.02235	0.06918	0.15468	0.09727	0.01184	0.00786	0.00245	0.00751	0.01049	0.00496	0.00903
25	0.02012	0.05817	0.07705	0.02304	0.20071	0.04669	0.01569	0.12261	0.08277	0.09754	0.06544	0.05429	0.02089	0.03510	0.00860	0.00250	0.00780	0.04465	0.00576	0.01058
26	0.02157	0.01689	0.12030	0.01618	0.06839	0.05239	0.01337	0.02647	0.07009	0.25556	0.06183	0.05586	0.02045	0.01305	0.04690	0.04702	0.00786	0.00789	0.06785	0.01008
27	0.16069	0.05819	0.01910	0.01638	0.05080	0.13880	0.04785	0.08606	0.18740	0.02760	0.02312	0.07453	0.05938	0.00991	0.00698	0.00231	0.00775	0.00790	0.00563	0.00961

[dist]
# distance from previous block
# <min> <max>
13	48

[block]
# block no. 7 follows, 27 sequences, length 12
# corresponding to MSA columns:
# 623-634
name=unknown_H
#
# <colnr> <probs for GDERKNQSTAVLIFYWHMCP>
#	G	D	E	R	K	N	Q	S	T	A	V	L	I	F	Y	W	H	M	C	P
0	0.04353	0.01520	0.07826	0.01340	0.01773	0.01358	0.01160	0.19480	0.06121	0.06945	0.12590	0.12895	0.07112	0.01276	0.00787	0.00240	0.00626	0.04764	0.02917	0.04917
1	0.04668	0.17521	0.16935	0.01828	0.06794	0.01923	0.05480	0.12769	0.01869	0.07021	0.01614	0.05107	0.01353	0.04213	0.00873	0.00238	0.03277	0.00666	0.00468	0.05383
2	0.01714	0.01469	0.05809	0.06611	0.15926	0.01371	0.01380	0.09355	0.09402	0.08517	0.14999	0.03601	0.14458	0.01127	0.00789	0.00235	0.00654	0.00967	0.00633	0.00982
3	0.00996	0.00711	0.00874	0.00911	0.01001	0.00668	0.00610	0.01159	0.01549	0.02092	0.23041	0.26711	0.11318	0.22954	0.01746	0.00398	0.00486	0.01528	0.00657	0.00589
4	0.01490	0.01098	0.01495	0.07082	0.01816	0.01196	0.03205	0.05642	0.06010	0.08480	0.08034	0.05453	0.12705	0.06744	0.20013	0.00534	0.06648	0.00981	0.00567	0.00807
5	0.12204	0.02136	0.15843	0.13326	0.16468	0.06103	0.06561	0.02446	0.04367	0.08667	0.01509	0.01796	0.01132	0.00753	0.00765	0.00235	0.03619	0.00623	0.00430	0.01017
6	0.01961	0.00929	0.01207	0.01048	0.01361	0.00871	0.00827	0.02276	0.01848	0.26916	0.19045	0.03390	0.03139	0.01686	0.10277	0.00347	0.00674	0.00887	0.20414	0.00897
7	0.01120	0.00778	0.00942	0.00904	0.01118	0.00690	0.00676	0.01388	0.01896	0.06746	0.37113	0.12222	0.28298	0.01683	0.00875	0.00246	0.00385	0.01455	0.00767	0.00701
8	0.01973	0.09416	0.21718	0.01917	0.06867	0.18255	0.01748	0.09688	0.06129	0.02478	0.04186	0.02372	0.05275	0.00908	0.00716	0.00222	0.00963	0.03707	0.00466	0.00996
9	0.01903	0.07201	0.27934	0.05183	0.08441	0.01615	0.01865	0.04937	0.01750	0.14407	0.05930	0.02103	0.01589	0.00845	0.00815	0.00229	0.05580	0.00660	0.05967	0.01045
10	0.01754	0.00955	0.01131	0.01033	0.01321	0.00924	0.00806	0.05123	0.06301	0.16908	0.09805	0.11256	0.08810	0.01269	0.00736	0.00229	0.00477	0.04764	0.25540	0.00857
11	0.01313	0.01066	0.01553	0.21800	0.06975	0.01158	0.01287	0.07285	0.01724	0.02302	0.09120	0.31285	0.03369	0.01536	0.00854	0.00269	0.00664	0.05081	0.00581	0.00778

[dist]
# distance from previous block
# <min> <max>
0	1

[block]
# block no. 8 follows, 27 sequences, length 8
# corresponding to MSA columns:
# 636-643
name=unknown_I
#
# <colnr> <probs for GDERKNQSTAVLIFYWHMCP>
#	G	D	E	R	K	N	Q	S	T	A	V	L	I	F	Y	W	H	M	C	P
0	0.01612	0.00996	0.01278	0.01313	0.05691	0.00963	0.00946	0.02084	0.08671	0.14946	0.12877	0.11970	0.13717	0.01596	0.03518	0.00287	0.00573	0.08095	0.08007	0.00859
1	0.00982	0.00676	0.00903	0.01006	0.01061	0.00653	0.00679	0.01093	0.01403	0.01899	0.10396	0.47940	0.04374	0.09966	0.06508	0.06969	0.00584	0.01702	0.00626	0.00578
2	0.06379	0.04254	0.09973	0.16595	0.02682	0.10024	0.04565	0.10623	0.01889	0.02542	0.08152	0.12828	0.02190	0.01062	0.00747	0.00237	0.00841	0.00894	0.02640	0.00883
3	0.09284	0.01778	0.10275	0.07461	0.02280	0.01654	0.01446	0.22277	0.02165	0.09055	0.02365	0.06949	0.05790	0.01132	0.00884	0.00254	0.05952	0.07408	0.00601	0.00992
4	0.01031	0.00956	0.05970	0.01051	0.01256	0.00750	0.00853	0.01318	0.01738	0.02370	0.29772	0.24892	0.13385	0.05360	0.01039	0.00287	0.00473	0.06119	0.00700	0.00679
5	0.02066	0.07555	0.01826	0.01382	0.01750	0.01658	0.01106	0.29033	0.02328	0.08308	0.02417	0.20395	0.02303	0.04446	0.00991	0.00263	0.04840	0.01041	0.05323	0.00971
6	0.02214	0.06512	0.07858	0.05033	0.02334	0.20442	0.04137	0.15585	0.05232	0.06867	0.02016	0.07194	0.04664	0.00994	0.00842	0.00229	0.05580	0.00759	0.00528	0.00979
7	0.11629	0.04835	0.14146	0.08223	0.02472	0.01803	0.01562	0.18305	0.02032	0.12587	0.01588	0.01741	0.01153	0.00825	0.00837	0.00227	0.07628	0.00594	0.00537	0.07276

[dist]
# distance from previous block
# <min> <max>
12	66

[block]
# block no. 9 follows, 27 sequences, length 13
# corresponding to MSA columns:
# 730-742
name=unknown_J
#
# <colnr> <probs for GDERKNQSTAVLIFYWHMCP>
#	G	D	E	R	K	N	Q	S	T	A	V	L	I	F	Y	W	H	M	C	P
0	0.19012	0.01601	0.08130	0.06451	0.12397	0.01474	0.07978	0.02102	0.06358	0.02539	0.04854	0.02448	0.06681	0.01424	0.09287	0.00347	0.00912	0.00731	0.00461	0.04813
1	0.01590	0.13137	0.24238	0.01494	0.02077	0.04242	0.01548	0.04358	0.04611	0.05651	0.17319	0.11546	0.02946	0.01117	0.00744	0.00230	0.00751	0.00928	0.00543	0.00930
2	0.01066	0.00772	0.01081	0.01130	0.01233	0.00837	0.00852	0.01277	0.01283	0.01772	0.02626	0.13078	0.02779	0.17156	0.38715	0.00859	0.01352	0.11025	0.00489	0.00619
3	0.01440	0.18608	0.19667	0.01410	0.01939	0.01650	0.01434	0.01994	0.07576	0.02201	0.08988	0.11054	0.12722	0.01194	0.00824	0.00234	0.04717	0.00958	0.00504	0.00888
4	0.02080	0.36724	0.20479	0.01621	0.02349	0.07129	0.01689	0.15388	0.01966	0.02501	0.01269	0.01418	0.01013	0.00714	0.00602	0.00194	0.00914	0.00497	0.00407	0.01046
5	0.01077	0.00731	0.00868	0.00868	0.00888	0.00751	0.00523	0.01117	0.01097	0.01483	0.02286	0.04563	0.02571	0.63510	0.14003	0.00792	0.00913	0.01036	0.00442	0.00482
6	0.20207	0.01740	0.01776	0.01439	0.01956	0.01929	0.01173	0.34548	0.13562	0.07979	0.02148	0.02104	0.04439	0.00911	0.00686	0.00231	0.00691	0.00681	0.00688	0.01113
7	0.01474	0.01216	0.01419	0.01064	0.01636	0.00935	0.00837	0.01787	0.01531	0.02400	0.01638	0.07794	0.01485	0.00725	0.00582	0.00131	0.00525	0.00601	0.06122	0.66100
8	0.01210	0.00857	0.01056	0.01007	0.01171	0.00877	0.00729	0.03563	0.04683	0.04415	0.14901	0.04518	0.13094	0.23346	0.20668	0.00636	0.00940	0.01086	0.00577	0.00668
9	0.01259	0.16859	0.09737	0.01119	0.01535	0.01281	0.01034	0.01560	0.01638	0.02132	0.12671	0.15597	0.22810	0.01409	0.00760	0.00226	0.00568	0.01179	0.00566	0.06061
10	0.01157	0.04579	0.08765	0.01516	0.05022	0.01028	0.06669	0.01430	0.01447	0.01967	0.03049	0.43764	0.03447	0.06084	0.06150	0.00368	0.00741	0.01533	0.00554	0.00730
11	0.24374	0.05760	0.12565	0.10653	0.13362	0.08025	0.03763	0.06049	0.01652	0.02654	0.01254	0.01542	0.00978	0.00702	0.00630	0.00220	0.00871	0.00537	0.00405	0.04003
12	0.02257	0.07878	0.02724	0.02094	0.02526	0.32659	0.15348	0.05571	0.06383	0.02145	0.01344	0.01632	0.01098	0.00832	0.00985	0.00228	0.12339	0.00617	0.00409	0.00929

[dist]
# distance from previous block
# <min> <max>
0	122

[block]
# block no. 10 follows, 27 sequences, length 29
# corresponding to MSA columns:
# 867-895
name=unknown_K
#
# <colnr> <probs for GDERKNQSTAVLIFYWHMCP>
#	G	D	E	R	K	N	Q	S	T	A	V	L	I	F	Y	W	H	M	C	P
0	0.05181	0.01569	0.06931	0.01535	0.06296	0.04876	0.01184	0.17697	0.02066	0.07140	0.05035	0.17102	0.12622	0.01412	0.00925	0.05146	0.00677	0.01089	0.00621	0.00897
1	0.01370	0.06325	0.14568	0.24261	0.07656	0.01475	0.06837	0.01830	0.01567	0.02088	0.04406	0.13300	0.09075	0.01098	0.00778	0.00246	0.00841	0.00977	0.00440	0.00862
2	0.01305	0.01466	0.10159	0.08458	0.09913	0.01344	0.01448	0.01643	0.01454	0.02020	0.05552	0.07097	0.12162	0.05654	0.12137	0.00433	0.13567	0.02933	0.00454	0.00801
3	0.01247	0.00930	0.01117	0.01071	0.01162	0.01026	0.00734	0.03990	0.08210	0.01841	0.02381	0.09397	0.02526	0.42418	0.13379	0.00665	0.05737	0.01047	0.00495	0.00626
4	0.02125	0.23554	0.11051	0.10050	0.05086	0.12985	0.06786	0.15335	0.02030	0.02512	0.01320	0.01557	0.01040	0.00728	0.00659	0.00206	0.00982	0.00560	0.00421	0.01015
5	0.02149	0.40763	0.03091	0.05378	0.05632	0.09600	0.01394	0.12857	0.08329	0.02401	0.01391	0.01529	0.01144	0.00733	0.00594	0.00189	0.00849	0.00519	0.00438	0.01019
6	0.01054	0.00730	0.00835	0.00833	0.00877	0.00722	0.00504	0.01106	0.01194	0.01579	0.05274	0.05016	0.10458	0.58397	0.07881	0.00680	0.00753	0.01126	0.00487	0.00494
7	0.02408	0.02715	0.01903	0.01702	0.02035	0.45349	0.01305	0.09289	0.02046	0.02219	0.01407	0.01682	0.01162	0.01159	0.05577	0.00271	0.06835	0.00558	0.09512	0.00866
8	0.01624	0.14625	0.17832	0.04431	0.11504	0.01730	0.01701	0.02178	0.06080	0.04598	0.05377	0.02797	0.01891	0.03300	0.05662	0.00316	0.05464	0.07486	0.00450	0.00954
9	0.02310	0.00964	0.01182	0.00991	0.01355	0.00882	0.00791	0.02628	0.01827	0.34647	0.02663	0.02653	0.01872	0.00891	0.00627	0.00200	0.00482	0.00718	0.41354	0.00964
10	0.01202	0.00777	0.01025	0.00984	0.01165	0.00712	0.00729	0.01505	0.01971	0.08043	0.51121	0.18463	0.06191	0.01627	0.00879	0.00246	0.00388	0.01444	0.00800	0.00726
11	0.01985	0.74357	0.03890	0.01270	0.01905	0.02937	0.01270	0.02223	0.01508	0.01747	0.01032	0.01191	0.00953	0.00635	0.00476	0.00159	0.00794	0.00397	0.00318	0.00953
12	0.02094	0.02414	0.31777	0.01672	0.02420	0.01464	0.01802	0.02938	0.12731	0.23797	0.07449	0.02382	0.01921	0.00887	0.00740	0.00236	0.00807	0.00722	0.00617	0.01131
13	0.01071	0.00754	0.00985	0.00985	0.01046	0.00815	0.00669	0.01192	0.01132	0.01570	0.02178	0.03968	0.02313	0.42588	0.34573	0.00937	0.01301	0.00949	0.00426	0.00547
14	0.01075	0.00736	0.00895	0.00895	0.00924	0.00766	0.00556	0.01134	0.01105	0.01502	0.02261	0.04428	0.02512	0.58761	0.18672	0.00825	0.01001	0.01017	0.00438	0.00497
15	0.09895	0.01859	0.01939	0.01573	0.02097	0.02092	0.01275	0.40088	0.24250	0.04036	0.02113	0.02048	0.01545	0.00909	0.00719	0.00233	0.00719	0.00698	0.00719	0.01190
16	0.02311	0.01958	0.02579	0.04845	0.23972	0.04246	0.06121	0.32726	0.07778	0.03498	0.01703	0.01885	0.01287	0.00800	0.00748	0.00226	0.00871	0.00687	0.00574	0.01184
17	0.04239	0.01236	0.01556	0.01391	0.01676	0.05786	0.07315	0.03757	0.01763	0.07612	0.11101	0.05141	0.14223	0.08414	0.01233	0.00314	0.04479	0.17372	0.00621	0.00771
18	0.01657	0.34619	0.34201	0.01620	0.02428	0.02156	0.01889	0.02186	0.01573	0.02098	0.04770	0.01864	0.04533	0.00771	0.00621	0.00202	0.00892	0.00569	0.00358	0.00991
19	0.00949	0.00717	0.00879	0.00934	0.01080	0.00647	0.00673	0.01168	0.01709	0.02257	0.24198	0.32193	0.23963	0.01950	0.00909	0.00268	0.00399	0.03739	0.00727	0.00641
20	0.01743	0.01711	0.06025	0.04276	0.08833	0.05103	0.16383	0.06098	0.06956	0.06104	0.14240	0.07475	0.02570	0.01050	0.00971	0.00248	0.07776	0.00937	0.00548	0.00952
21	0.01809	0.08750	0.03022	0.10795	0.56530	0.01866	0.02160	0.02236	0.01653	0.02308	0.01354	0.01789	0.01136	0.00667	0.00711	0.00217	0.00884	0.00636	0.00359	0.01120
22	0.11286	0.02088	0.23550	0.01670	0.02317	0.01411	0.09378	0.03992	0.01651	0.12320	0.02434	0.02611	0.09801	0.01545	0.10350	0.00368	0.01006	0.00765	0.00499	0.00959
23	0.01950	0.12484	0.29475	0.01850	0.02625	0.01875	0.08142	0.12628	0.05366	0.08911	0.06204	0.02012	0.01573	0.00808	0.00714	0.00224	0.00907	0.00665	0.00500	0.01086
