[name]
unknown

[dist]
# distance from previous block
# <min> <max>
0	81

[block]
# block no. 0 follows, 29 sequences, length 64
# corresponding to MSA columns:
# 300-363
name=unknown_A
#
# <colnr> <probs for GDERKNQSTAVLIFYWHMCP>
#	G	D	E	R	K	N	Q	S	T	A	V	L	I	F	Y	W	H	M	C	P
0	0.01567	0.09215	0.16166	0.01372	0.01948	0.01439	0.01336	0.09150	0.07836	0.02596	0.12010	0.02777	0.02264	0.00917	0.00679	0.00198	0.00674	0.06814	0.00520	0.20525
1	0.05912	0.14195	0.06778	0.01930	0.02480	0.20085	0.20127	0.08565	0.01843	0.02308	0.01421	0.01858	0.01170	0.00740	0.00675	0.00207	0.01003	0.03507	0.04286	0.00909
2	0.09479	0.32066	0.07660	0.01400	0.01971	0.06503	0.01294	0.14344	0.12013	0.04795	0.01493	0.01550	0.01170	0.00733	0.00577	0.00193	0.00764	0.00518	0.00476	0.01000
3	0.01075	0.00917	0.01171	0.01493	0.11557	0.03814	0.00902	0.01256	0.01473	0.01909	0.03960	0.49168	0.14885	0.01855	0.00856	0.00265	0.00507	0.01661	0.00602	0.00676
4	0.02498	0.01751	0.01842	0.01484	0.01972	0.06883	0.01194	0.36580	0.08761	0.16599	0.02180	0.08790	0.01709	0.00981	0.00722	0.00219	0.00723	0.00781	0.00706	0.03625
5	0.02267	0.06081	0.12432	0.01691	0.02202	0.43085	0.01463	0.07361	0.01936	0.02119	0.01244	0.01429	0.00995	0.00714	0.00626	0.00182	0.01071	0.00486	0.04297	0.08320
6	0.02081	0.01996	0.15258	0.01478	0.02161	0.01557	0.01396	0.26392	0.02222	0.09611	0.01577	0.01657	0.01150	0.00710	0.00642	0.00179	0.00730	0.00550	0.00548	0.28104
7	0.01763	0.42309	0.08831	0.01328	0.01907	0.02045	0.06092	0.02065	0.01559	0.08387	0.02426	0.02458	0.14435	0.00871	0.00603	0.00189	0.00727	0.00676	0.00432	0.00897
8	0.01376	0.22300	0.01735	0.00963	0.01308	0.01297	0.00817	0.01630	0.01734	0.07237	0.26151	0.04367	0.23969	0.01275	0.00721	0.00208	0.00486	0.01049	0.00616	0.00760
9	0.01020	0.00785	0.01037	0.07784	0.01444	0.00775	0.00800	0.01372	0.04759	0.02393	0.36678	0.23511	0.11737	0.01605	0.00841	0.00245	0.00427	0.01422	0.00692	0.00672
10	0.01662	0.02004	0.17337	0.01608	0.02192	0.01668	0.04299	0.03188	0.44739	0.02724	0.02318	0.02255	0.01736	0.00844	0.00700	0.00225	0.00697	0.00708	0.00585	0.08511
11	0.01762	0.01692	0.02890	0.04371	0.70533	0.01692	0.02185	0.02185	0.01621	0.02326	0.01339	0.01762	0.01128	0.00634	0.00705	0.00211	0.00846	0.00634	0.00352	0.01128
12	0.01020	0.00751	0.01083	0.01083	0.01188	0.00856	0.00813	0.01232	0.01126	0.01607	0.01964	0.03111	0.01916	0.17049	0.60631	0.01068	0.01703	0.00809	0.00390	0.00601
13	0.01561	0.01406	0.02093	0.27909	0.08065	0.04569	0.07816	0.02081	0.07601	0.06192	0.02094	0.02467	0.07598	0.01282	0.07069	0.00318	0.07833	0.00756	0.00433	0.00857
14	0.01863	0.01506	0.01635	0.01434	0.01761	0.05109	0.01123	0.05971	0.38461	0.09157	0.07385	0.02695	0.02224	0.05512	0.01118	0.00271	0.10323	0.00797	0.00653	0.01002
15	0.06936	0.01355	0.01706	0.01315	0.01863	0.01275	0.01086	0.14579	0.02223	0.56151	0.02529	0.02237	0.01618	0.00866	0.00702	0.00219	0.00634	0.00687	0.00830	0.01190
16	0.17798	0.01350	0.01539	0.01221	0.01718	0.01352	0.01003	0.16110	0.02091	0.37959	0.02189	0.02056	0.01465	0.00828	0.00641	0.00214	0.00605	0.00632	0.08155	0.01074
17	0.02124	0.19025	0.18483	0.01783	0.02439	0.16607	0.07910	0.14056	0.03740	0.05379	0.01376	0.01523	0.01049	0.00714	0.00645	0.00200	0.00970	0.00545	0.00429	0.01002
18	0.00847	0.00722	0.00729	0.00727	0.00965	0.00604	0.00545	0.01033	0.01636	0.01955	0.09338	0.06801	0.68101	0.01792	0.00842	0.00240	0.00360	0.01496	0.00665	0.00604
19	0.02403	0.01060	0.01412	0.01157	0.01568	0.00949	0.00925	0.02762	0.04876	0.45495	0.21808	0.06838	0.03321	0.01114	0.00761	0.00226	0.00519	0.00946	0.00836	0.01025
20	0.02637	0.05852	0.02091	0.01794	0.02189	0.63001	0.01368	0.09005	0.02123	0.02000	0.01154	0.01319	0.00945	0.00741	0.00642	0.00185	0.01218	0.00473	0.00397	0.00865
21	0.08467	0.01651	0.11553	0.01395	0.01882	0.01410	0.01251	0.14341	0.12733	0.17736	0.02492	0.15819	0.02143	0.01127	0.00732	0.00239	0.00656	0.02712	0.00658	0.01004
22	0.02477	0.01293	0.01572	0.01300	0.01767	0.01288	0.01043	0.03408	0.27427	0.39853	0.05930	0.02797	0.04597	0.00972	0.00729	0.00229	0.00569	0.00803	0.00810	0.01134
23	0.00894	0.00639	0.00857	0.01022	0.01075	0.00601	0.00707	0.01037	0.01389	0.01847	0.03910	0.68244	0.04652	0.02206	0.00916	0.00293	0.00436	0.08031	0.00660	0.00586
24	0.01742	0.01717	0.06220	0.08281	0.29928	0.01625	0.18034	0.05212	0.05180	0.05374	0.01746	0.02464	0.01458	0.00798	0.00765	0.00234	0.00905	0.06859	0.00436	0.01021
25	0.01767	0.01652	0.02258	0.02942	0.36660	0.08561	0.01671	0.02249	0.07975	0.05256	0.01730	0.07241	0.01536	0.01268	0.07050	0.00308	0.07706	0.00749	0.00434	0.00986
26	0.00951	0.00711	0.00882	0.00870	0.01036	0.00643	0.00641	0.01222	0.01836	0.02499	0.46652	0.15345	0.20809	0.01643	0.00850	0.00237	0.00352	0.01439	0.00739	0.00643
27	0.00876	0.00709	0.00784	0.00835	0.01026	0.00617	0.00624	0.01058	0.01569	0.01921	0.06183	0.21460	0.49938	0.01910	0.00869	0.00259	0.00400	0.07699	0.00661	0.00601
28	0.01979	0.07643	0.22136	0.03362	0.04020	0.01677	0.06767	0.13364	0.08809	0.12327	0.01785	0.01874	0.01288	0.00756	0.00673	0.00211	0.00810	0.00623	0.05325	0.04571
29	0.10060	0.04634	0.14564	0.07237	0.15422	0.04881	0.01552	0.02217	0.01586	0.14719	0.01980	0.14452	0.01759	0.00979	0.00697	0.00228	0.00759	0.00828	0.00499	0.00948
30	0.01191	0.00684	0.00757	0.00747	0.00913	0.00660	0.00557	0.01509	0.01647	0.02643	0.22424	0.06410	0.06891	0.01116	0.00631	0.00191	0.00338	0.00941	0.49089	0.00660
31	0.01376	0.01171	0.01736	0.02252	0.27526	0.01151	0.01278	0.04983	0.03404	0.02619	0.31147	0.05948	0.10172	0.01159	0.00782	0.00223	0.00562	0.01039	0.00600	0.00873
32	0.01626	0.12525	0.11158	0.01404	0.05294	0.01408	0.01226	0.02124	0.06422	0.05272	0.03894	0.01710	0.01333	0.00645	0.00579	0.00153	0.00647	0.00512	0.00440	0.41630
33	0.68694	0.08504	0.04799	0.01018	0.01505	0.01716	0.00906	0.02105	0.01249	0.03004	0.01006	0.01173	0.00791	0.00657	0.00454	0.00214	0.00596	0.00392	0.00421	0.00799
34	0.02859	0.01139	0.01538	0.01204	0.01700	0.00987	0.00985	0.03138	0.02020	0.60723	0.10534	0.02919	0.04950	0.00981	0.00735	0.00222	0.00566	0.00810	0.00862	0.01128
35	0.02093	0.36777	0.02988	0.01933	0.15213	0.02342	0.01420	0.21607	0.02043	0.02666	0.01318	0.01484	0.01076	0.00694	0.00582	0.00182	0.00769	0.00517	0.03263	0.01034
36	0.01099	0.00758	0.00909	0.00856	0.01078	0.00669	0.00647	0.01363	0.01845	0.07465	0.38599	0.07466	0.31471	0.01571	0.00833	0.00232	0.00368	0.01350	0.00739	0.00681
37	0.03954	0.01221	0.01660	0.01950	0.19240	0.01299	0.01187	0.13561	0.01684	0.02443	0.01797	0.02582	0.01619	0.14411	0.19622	0.00529	0.01020	0.00732	0.08650	0.00839
38	0.01910	0.11513	0.31080	0.01667	0.02372	0.01784	0.01789	0.12204	0.07284	0.11361	0.01748	0.05340	0.01354	0.00851	0.00760	0.00223	0.04572	0.00652	0.00490	0.01048
39	0.00863	0.00637	0.00808	0.00945	0.01021	0.00582	0.00640	0.00997	0.01408	0.01836	0.04493	0.62817	0.16036	0.02157	0.00897	0.00281	0.00404	0.01934	0.00661	0.00582
40	0.01327	0.00664	0.00664	0.00664	0.00830	0.00664	0.00498	0.01659	0.01493	0.02655	0.02323	0.02655	0.01825	0.00830	0.00498	0.00166	0.00332	0.00664	0.78928	0.00664
41	0.01549	0.13211	0.10211	0.19959	0.22408	0.01718	0.04021	0.02063	0.04479	0.02183	0.09786	0.02151	0.01756	0.00768	0.00687	0.00214	0.00818	0.00677	0.00400	0.00941
42	0.01179	0.00940	0.01279	0.01577	0.12899	0.00944	0.00952	0.01571	0.09061	0.02045	0.07826	0.29599	0.05724	0.15824	0.01377	0.00344	0.00564	0.04999	0.00580	0.00717
43	0.68845	0.01436	0.01186	0.01024	0.01482	0.01641	0.00844	0.09161	0.01470	0.05939	0.01138	0.01264	0.00856	0.00690	0.00480	0.00220	0.00578	0.00425	0.00486	0.00835
44	0.01894	0.65809	0.09745	0.01318	0.01957	0.05726	0.01353	0.02174	0.01477	0.01730	0.01021	0.01181	0.00913	0.00621	0.00485	0.00160	0.00810	0.00397	0.00307	0.00922
45	0.02167	0.12763	0.02460	0.02401	0.24809	0.01845	0.01540	0.18566	0.06462	0.12101	0.01848	0.02243	0.01478	0.00833	0.00692	0.00214	0.00754	0.05181	0.00550	0.01094
46	0.01323	0.00894	0.01153	0.01116	0.01267	0.00946	0.00838	0.01670	0.07348	0.08533	0.12243	0.14752	0.03324	0.17988	0.10496	0.00470	0.05998	0.08349	0.00594	0.00698
47	0.00892	0.00717	0.00804	0.00860	0.01052	0.00630	0.00654	0.01084	0.01577	0.01935	0.06090	0.19557	0.48227	0.01907	0.00875	0.00263	0.00414	0.11196	0.00660	0.00605
48	0.01510	0.01686	0.17233	0.01959	0.15130	0.01226	0.01493	0.03427	0.07800	0.08683	0.03999	0.27643	0.02620	0.01284	0.00777	0.00246	0.00679	0.01139	0.00550	0.00916
49	0.07486	0.05109	0.49517	0.01879	0.02767	0.04776	0.05581	0.02410	0.01575	0.10361	0.01429	0.01588	0.01004	0.00696	0.00665	0.00221	0.00973	0.00547	0.00385	0.01032
50	0.09180	0.02763	0.41585	0.02247	0.14873	0.01619	0.02145	0.05615	0.01644	0.09706	0.01444	0.01624	0.01036	0.00698	0.00665	0.00221	0.00907	0.00558	0.00405	0.01064
51	0.01816	0.01196	0.01344	0.01195	0.01519	0.01270	0.00925	0.14357	0.20072	0.11003	0.05341	0.16478	0.02547	0.01172	0.00716	0.00227	0.00524	0.00991	0.16370	0.00936
52	0.10988	0.10777	0.07213	0.01673	0.07047	0.08093	0.01354	0.19761	0.08511	0.15200	0.01740	0.01749	0.01262	0.00779	0.00644	0.00209	0.00771	0.00585	0.00577	0.01067
53	0.01850	0.01756	0.02692	0.03861	0.58196	0.05195	0.02007	0.07874	0.01779	0.02462	0.01472	0.04898	0.01280	0.00728	0.00711	0.00214	0.00844	0.00687	0.00398	0.01096
54	0.00975	0.00711	0.00917	0.00898	0.01052	0.00653	0.00661	0.01268	0.01889	0.02633	0.55710	0.15849	0.10930	0.01597	0.00850	0.00235	0.00349	0.01414	0.00757	0.00653
55	0.01021	0.00748	0.01071	0.01071	0.01172	0.00850	0.00798	0.01224	0.01123	0.01598	0.01975	0.03170	0.01942	0.19288	0.58427	0.01053	0.01664	0.00818	0.00391	0.00595
56	0.02323	0.02785	0.02306	0.01956	0.02389	0.46667	0.12521	0.02931	0.14984	0.02073	0.01506	0.01657	0.01188	0.00756	0.00691	0.00204	0.01130	0.00590	0.00435	0.00907
57	0.01762	0.01692	0.02890	0.04371	0.70533	0.01692	0.02185	0.02185	0.01621	0.02326	0.01339	0.01762	0.01128	0.00634	0.00705	0.00211	0.00846	0.00634	0.00352	0.01128
58	0.01762	0.01692	0.02890	0.04371	0.70533	0.01692	0.02185	0.02185	0.01621	0.02326	0.01339	0.01762	0.01128	0.00634	0.00705	0.00211	0.00846	0.00634	0.00352	0.01128
59	0.01402	0.08523	0.56185	0.01807	0.02699	0.01598	0.02245	0.02115	0.01573	0.02299	0.11188	0.02027	0.01742	0.00784	0.00684	0.00220	0.00928	0.00625	0.00371	0.00987
60	0.08951	0.02466	0.02299	0.02806	0.30362	0.35010	0.01663	0.02476	0.01759	0.02109	0.01185	0.01478	0.00992	0.00700	0.00697	0.00202	0.03006	0.00529	0.00366	0.00945
61	0.74330	0.01422	0.01127	0.00988	0.01438	0.01642	0.00814	0.06944	0.01369	0.03290	0.01044	0.01197	0.00803	0.00675	0.00461	0.00220	0.00568	0.00404	0.00461	0.00803
62	0.01742	0.02044	0.08906	0.30445	0.25389	0.15287	0.01990	0.02177	0.01610	0.02009	0.01259	0.01698	0.00996	0.00688	0.00693	0.00217	0.00991	0.00589	0.00336	0.00931
63	0.01809	0.01546	0.02584	0.12394	0.52502	0.01567	0.01977	0.02220	0.01656	0.08797	0.04873	0.02018	0.01443	0.00708	0.00714	0.00216	0.00811	0.00674	0.00419	0.01072

[dist]
# distance from previous block
# <min> <max>
0	23

[block]
# block no. 1 follows, 29 sequences, length 25
# corresponding to MSA columns:
# 387-411
name=unknown_B
#
# <colnr> <probs for GDERKNQSTAVLIFYWHMCP>
#	G	D	E	R	K	N	Q	S	T	A	V	L	I	F	Y	W	H	M	C	P
0	0.00942	0.00720	0.00870	0.00885	0.01062	0.00648	0.00669	0.01192	0.01749	0.02307	0.31912	0.15360	0.29379	0.01736	0.00864	0.00249	0.00386	0.07728	0.00710	0.00632
1	0.01641	0.16635	0.43701	0.02242	0.13883	0.01907	0.02225	0.05798	0.01612	0.02280	0.01258	0.01490	0.00958	0.00667	0.00642	0.00209	0.00950	0.00523	0.00332	0.01048
2	0.01762	0.01692	0.02890	0.04371	0.70533	0.01692	0.02185	0.02185	0.01621	0.02326	0.01339	0.01762	0.01128	0.00634	0.00705	0.00211	0.00846	0.00634	0.00352	0.01128
3	0.80005	0.01377	0.01047	0.00936	0.01377	0.01597	0.00771	0.02093	0.01212	0.03195	0.00991	0.01157	0.00771	0.00661	0.00441	0.00220	0.00551	0.00386	0.00441	0.00771
4	0.00878	0.00723	0.00772	0.00760	0.00984	0.00617	0.00570	0.01093	0.01710	0.02130	0.21159	0.06513	0.56170	0.01726	0.00841	0.00237	0.00355	0.01455	0.00688	0.00617
5	0.06421	0.01296	0.01589	0.01244	0.01745	0.01241	0.01021	0.15267	0.02175	0.46761	0.02458	0.02261	0.01622	0.00860	0.00675	0.00212	0.00602	0.00680	0.10749	0.01122
6	0.01012	0.00684	0.00795	0.00812	0.00828	0.00675	0.00477	0.01050	0.01143	0.01535	0.06987	0.13582	0.03134	0.60826	0.03093	0.00608	0.00631	0.01178	0.00484	0.00466
7	0.01477	0.01266	0.01477	0.01055	0.01687	0.00949	0.00844	0.01793	0.01477	0.02320	0.01266	0.01477	0.01055	0.00527	0.00527	0.00105	0.00527	0.00422	0.00422	0.79328
8	0.01628	0.01380	0.01487	0.01346	0.01704	0.01566	0.01042	0.03328	0.56681	0.02956	0.15469	0.03154	0.03023	0.01058	0.00746	0.00238	0.00521	0.00895	0.00736	0.01042
9	0.01547	0.00957	0.00986	0.00907	0.01157	0.01023	0.00700	0.08624	0.14340	0.02896	0.02370	0.02562	0.01830	0.00858	0.00561	0.00185	0.00420	0.00688	0.56586	0.00804
10	0.00897	0.00724	0.00799	0.00780	0.00996	0.00625	0.00585	0.01130	0.01755	0.02236	0.28336	0.06338	0.48927	0.01687	0.00841	0.00235	0.00352	0.01431	0.00702	0.00625
11	0.02661	0.02152	0.02020	0.01610	0.02122	0.15139	0.01301	0.49334	0.02942	0.07531	0.01684	0.01713	0.01215	0.00832	0.00689	0.00206	0.00846	0.00612	0.04276	0.01114
12	0.01012	0.00788	0.00948	0.00889	0.01125	0.00684	0.00671	0.01282	0.01764	0.02404	0.35262	0.11544	0.23884	0.01524	0.00812	0.00223	0.00385	0.03473	0.00688	0.10640
13	0.02564	0.12546	0.02236	0.01756	0.02154	0.63308	0.01356	0.02753	0.01945	0.01734	0.01087	0.01266	0.00917	0.00718	0.00619	0.00179	0.01218	0.00449	0.00359	0.00837
14	0.01428	0.03683	0.71286	0.02030	0.03082	0.01654	0.02631	0.02255	0.01503	0.02255	0.01278	0.01503	0.00902	0.00677	0.00677	0.00226	0.01052	0.00526	0.00301	0.01052
15	0.00959	0.00744	0.00883	0.00908	0.01093	0.00680	0.00691	0.01248	0.03715	0.02227	0.23836	0.16682	0.32040	0.01766	0.00866	0.00254	0.00405	0.09665	0.00697	0.00640
16	0.01423	0.00842	0.00866	0.00802	0.01018	0.00854	0.00607	0.09991	0.01715	0.02712	0.02846	0.03189	0.10278	0.05898	0.00776	0.00216	0.00417	0.00790	0.54051	0.00710
17	0.32095	0.22720	0.02103	0.01253	0.01745	0.15105	0.01068	0.05959	0.01622	0.08884	0.01220	0.01325	0.00955	0.00691	0.00523	0.00194	0.00765	0.00443	0.00444	0.00887
18	0.01889	0.02154	0.01760	0.01620	0.01816	0.34103	0.01248	0.02070	0.01563	0.01730	0.01555	0.10912	0.01548	0.01821	0.13076	0.00389	0.18853	0.00749	0.00393	0.00751
19	0.01141	0.00777	0.00930	0.00903	0.00975	0.00818	0.00595	0.04776	0.01217	0.01699	0.02140	0.03925	0.02272	0.49515	0.19488	0.00737	0.00960	0.00925	0.05670	0.00538
20	0.02701	0.02172	0.02122	0.01663	0.02207	0.11094	0.01356	0.59857	0.03179	0.04139	0.01632	0.01656	0.01174	0.00839	0.00703	0.00210	0.00847	0.00618	0.00668	0.01162
21	0.01477	0.01266	0.01477	0.01055	0.01687	0.00949	0.00844	0.01793	0.01477	0.02320	0.01266	0.01477	0.01055	0.00527	0.00527	0.00105	0.00527	0.00422	0.00422	0.79328
22	0.01712	0.01199	0.01343	0.01200	0.01510	0.04373	0.00934	0.14245	0.05918	0.11456	0.17491	0.18338	0.07365	0.01388	0.00797	0.00238	0.00557	0.05456	0.00706	0.03776
23	0.01981	0.21965	0.20387	0.01423	0.02128	0.01705	0.01473	0.02489	0.05280	0.17560	0.01629	0.01669	0.01196	0.00692	0.00600	0.00183	0.00748	0.00525	0.00478	0.15889
24	0.05899	0.26766	0.23316	0.06321	0.02430	0.04411	0.01665	0.08248	0.05143	0.05630	0.01356	0.01506	0.01041	0.00695	0.00596	0.00197	0.00846	0.00507	0.00402	0.03024

[dist]
# distance from previous block
# <min> <max>
1	5

[block]
# block no. 2 follows, 29 sequences, length 31
# corresponding to MSA columns:
# 417-447
name=unknown_C
#
# <colnr> <probs for GDERKNQSTAVLIFYWHMCP>
#	G	D	E	R	K	N	Q	S	T	A	V	L	I	F	Y	W	H	M	C	P
0	0.01436	0.04207	0.10713	0.16134	0.02301	0.01192	0.01306	0.04671	0.03762	0.08590	0.15312	0.14372	0.08161	0.01239	0.00773	0.00239	0.00651	0.03542	0.00575	0.00822
1	0.01394	0.01166	0.01516	0.04190	0.14934	0.01222	0.01126	0.02214	0.21799	0.02524	0.16066	0.05939	0.11331	0.03536	0.00850	0.00246	0.00550	0.02956	0.05561	0.00880
2	0.00886	0.00671	0.00818	0.00891	0.01017	0.00603	0.00627	0.01068	0.01566	0.02047	0.17493	0.40847	0.24979	0.01954	0.00875	0.00262	0.00383	0.01726	0.00684	0.00603
3	0.02167	0.01744	0.02397	0.03095	0.40667	0.08268	0.01734	0.07776	0.04007	0.15557	0.04342	0.02004	0.01485	0.00751	0.00708	0.00212	0.00808	0.00664	0.00512	0.01104
4	0.01872	0.17478	0.30062	0.01812	0.05683	0.08751	0.01832	0.08732	0.07144	0.05310	0.01464	0.01618	0.01115	0.00875	0.03086	0.00237	0.00952	0.00545	0.00411	0.01020
5	0.80005	0.01377	0.01047	0.00936	0.01377	0.01597	0.00771	0.02093	0.01212	0.03195	0.00991	0.01157	0.00771	0.00661	0.00441	0.00220	0.00551	0.00386	0.00441	0.00771
6	0.01885	0.69350	0.03770	0.01365	0.01984	0.02734	0.06716	0.02144	0.01466	0.01725	0.01027	0.01206	0.00928	0.00608	0.00488	0.00160	0.00798	0.00419	0.00309	0.00918
7	0.00929	0.00686	0.00874	0.00952	0.01074	0.00632	0.00693	0.01140	0.01610	0.02145	0.22159	0.37715	0.16393	0.01924	0.00886	0.00267	0.00408	0.08204	0.00693	0.00615
8	0.01001	0.00728	0.00942	0.00888	0.01059	0.00669	0.00666	0.01330	0.01998	0.02815	0.67402	0.05386	0.09500	0.01471	0.00840	0.00225	0.00337	0.01297	0.00778	0.00669
9	0.01763	0.01679	0.02785	0.04130	0.64875	0.01698	0.02098	0.02317	0.07193	0.02380	0.01468	0.01836	0.01214	0.00662	0.00707	0.00214	0.00823	0.00649	0.00383	0.01128
10	0.00896	0.00723	0.00796	0.00778	0.00995	0.00624	0.00584	0.01127	0.01751	0.02227	0.27686	0.06354	0.49583	0.01690	0.00841	0.00235	0.00353	0.01433	0.00701	0.00624
11	0.01850	0.33109	0.11172	0.01359	0.01919	0.02128	0.01306	0.11592	0.14591	0.02458	0.01647	0.01815	0.01333	0.03594	0.00696	0.00209	0.00725	0.00564	0.06959	0.00974
12	0.00954	0.00692	0.00915	0.01066	0.01144	0.00670	0.00765	0.01191	0.04224	0.01920	0.03855	0.59960	0.04498	0.02133	0.00914	0.00294	0.00462	0.13067	0.00663	0.00615
13	0.80005	0.01377	0.01047	0.00936	0.01377	0.01597	0.00771	0.02093	0.01212	0.03195	0.00991	0.01157	0.00771	0.00661	0.00441	0.00220	0.00551	0.00386	0.00441	0.00771
14	0.01745	0.00851	0.00949	0.00845	0.01107	0.00832	0.00659	0.06179	0.01731	0.15335	0.04994	0.02656	0.01964	0.00865	0.00565	0.00181	0.00411	0.00696	0.56637	0.00799
15	0.01558	0.01558	0.02181	0.01869	0.01869	0.02181	0.01558	0.01714	0.01091	0.01714	0.00935	0.01558	0.00935	0.01246	0.02337	0.00312	0.73672	0.00623	0.00312	0.00779
16	0.00878	0.00723	0.00771	0.00759	0.00984	0.00616	0.00569	0.01092	0.01708	0.02126	0.20880	0.06520	0.56452	0.01728	0.00841	0.00237	0.00355	0.01456	0.00688	0.00616
17	0.08338	0.69305	0.03510	0.01195	0.01790	0.02717	0.01182	0.02129	0.01427	0.01800	0.00990	0.01143	0.00902	0.00613	0.00456	0.00158	0.00744	0.00381	0.00316	0.00902
18	0.80005	0.01377	0.01047	0.00936	0.01377	0.01597	0.00771	0.02093	0.01212	0.03195	0.00991	0.01157	0.00771	0.00661	0.00441	0.00220	0.00551	0.00386	0.00441	0.00771
19	0.01109	0.00876	0.01230	0.01179	0.01257	0.01055	0.00895	0.01290	0.01111	0.01601	0.01825	0.03018	0.01826	0.20467	0.45253	0.00906	0.13306	0.00802	0.00381	0.00613
20	0.01005	0.00810	0.00896	0.00841	0.01097	0.00706	0.00634	0.03757	0.01747	0.02254	0.20198	0.10414	0.43431	0.01613	0.00815	0.00228	0.00389	0.01368	0.00671	0.07125
21	0.27866	0.01455	0.01478	0.01199	0.01665	0.01570	0.00983	0.24935	0.02139	0.16204	0.01768	0.01798	0.01258	0.00793	0.00593	0.00210	0.00609	0.00575	0.11913	0.00989
22	0.01070	0.00829	0.01000	0.01032	0.01221	0.00811	0.00797	0.01546	0.10487	0.02307	0.20410	0.19403	0.19752	0.01728	0.00868	0.00264	0.00452	0.14632	0.00698	0.00693
23	0.08435	0.00819	0.00980	0.00899	0.01124	0.00787	0.00689	0.01633	0.01873	0.08578	0.49002	0.04335	0.05097	0.01250	0.00747	0.00215	0.00378	0.01073	0.11361	0.00725
24	0.21710	0.01534	0.01652	0.01323	0.01836	0.01627	0.01085	0.23556	0.09561	0.26028	0.02027	0.01913	0.01390	0.00828	0.00648	0.00221	0.00644	0.00621	0.00703	0.01094
25	0.01446	0.01393	0.01967	0.01719	0.01746	0.01914	0.01420	0.01622	0.01102	0.01701	0.01136	0.01814	0.01110	0.02094	0.16785	0.00484	0.58821	0.00652	0.00326	0.00749
26	0.01978	0.01632	0.01727	0.01491	0.01931	0.01868	0.01177	0.18027	0.54666	0.03313	0.02635	0.02447	0.01961	0.00941	0.00722	0.00235	0.00612	0.00769	0.00722	0.01146
27	0.00951	0.00722	0.00867	0.00848	0.01028	0.00649	0.00631	0.01211	0.01802	0.02412	0.41241	0.08826	0.27783	0.04793	0.00968	0.00255	0.00372	0.03288	0.00718	0.00633
28	0.01019	0.00751	0.00965	0.00929	0.01051	0.00758	0.00672	0.01242	0.01562	0.02171	0.34051	0.04714	0.10095	0.19518	0.14654	0.00507	0.03006	0.01129	0.00602	0.00606
29	0.01197	0.00983	0.00939	0.00897	0.01104	0.07901	0.00672	0.01475	0.01803	0.02453	0.32339	0.04767	0.22046	0.01346	0.00749	0.00212	0.00438	0.01132	0.16880	0.00667
30	0.60798	0.15968	0.01559	0.00979	0.01440	0.01794	0.00846	0.02080	0.01272	0.02869	0.01055	0.01226	0.00850	0.00659	0.00447	0.00204	0.00582	0.00398	0.04181	0.00794

[dist]
# distance from previous block
# <min> <max>
0	54

[block]
# block no. 3 follows, 29 sequences, length 71
# corresponding to MSA columns:
# 518-588
name=unknown_D
#
# <colnr> <probs for GDERKNQSTAVLIFYWHMCP>
#	G	D	E	R	K	N	Q	S	T	A	V	L	I	F	Y	W	H	M	C	P
0	0.01787	0.01703	0.07321	0.13817	0.06580	0.06548	0.03424	0.13344	0.07872	0.06037	0.08022	0.02527	0.05351	0.04269	0.00888	0.00239	0.02603	0.00746	0.00526	0.06397
1	0.01111	0.00837	0.00923	0.00857	0.01104	0.00763	0.00649	0.06463	0.01845	0.04440	0.22600	0.05819	0.43315	0.04950	0.00954	0.00254	0.00410	0.01334	0.00693	0.00678
2	0.01877	0.07432	0.19869	0.01791	0.05992	0.07382	0.01624	0.12629	0.26067	0.02751	0.01912	0.01960	0.01446	0.00954	0.02980	0.00250	0.00851	0.00641	0.00525	0.01066
3	0.68383	0.06527	0.01267	0.00965	0.01433	0.01631	0.00808	0.02072	0.01249	0.03020	0.01013	0.01181	0.00803	0.00647	0.00449	0.00207	0.00564	0.00388	0.00430	0.06963
4	0.01582	0.01610	0.07064	0.27217	0.25423	0.01523	0.01824	0.05268	0.01601	0.02252	0.01313	0.01729	0.01039	0.00653	0.00669	0.00199	0.00827	0.00583	0.00369	0.17256
5	0.02090	0.01498	0.02391	0.11033	0.32162	0.01500	0.05907	0.04382	0.05894	0.20695	0.02014	0.02173	0.03440	0.00769	0.00723	0.00221	0.00783	0.00706	0.00532	0.01087
6	0.03056	0.01406	0.07132	0.01327	0.01917	0.01094	0.01171	0.03375	0.01996	0.65615	0.02689	0.02351	0.01695	0.00865	0.00713	0.00221	0.00641	0.00701	0.00836	0.01199
7	0.01720	0.37428	0.17084	0.06449	0.02244	0.10190	0.01511	0.02071	0.01512	0.01832	0.01459	0.10714	0.01402	0.00853	0.00600	0.00195	0.00850	0.00649	0.00358	0.00881
8	0.01145	0.00757	0.00963	0.00905	0.01106	0.00684	0.00681	0.01438	0.01913	0.08007	0.50748	0.10144	0.15771	0.01517	0.00835	0.00231	0.00366	0.01327	0.00764	0.00697
9	0.00861	0.00644	0.00801	0.00927	0.01016	0.00584	0.00632	0.00999	0.01426	0.01843	0.04713	0.58284	0.20426	0.02128	0.00893	0.00277	0.00401	0.01899	0.00661	0.00584
10	0.01829	0.01636	0.02701	0.10095	0.57126	0.01669	0.02053	0.04430	0.03594	0.05826	0.01463	0.01831	0.01176	0.00670	0.00707	0.00215	0.00833	0.00643	0.00398	0.01105
11	0.03045	0.01727	0.01767	0.01414	0.01928	0.15903	0.01139	0.08431	0.02137	0.51397	0.02368	0.02131	0.01544	0.00849	0.00700	0.00212	0.00761	0.00657	0.00761	0.01131
12	0.02799	0.01217	0.01563	0.01238	0.01720	0.01122	0.01007	0.11144	0.02103	0.51601	0.02705	0.07380	0.01905	0.00967	0.00709	0.00219	0.00589	0.00793	0.08104	0.01117
13	0.01468	0.01075	0.01413	0.01283	0.01340	0.03350	0.00973	0.06032	0.01189	0.01637	0.01206	0.01957	0.01160	0.02066	0.05133	0.45660	0.21558	0.00622	0.00343	0.00536
14	0.01378	0.01164	0.01226	0.01156	0.01413	0.03503	0.00859	0.02394	0.32497	0.02478	0.14368	0.12098	0.11314	0.09597	0.01102	0.00293	0.00523	0.01123	0.00675	0.00839
15	0.04834	0.01067	0.01327	0.01131	0.01504	0.01009	0.00890	0.06581	0.04928	0.36055	0.02838	0.17363	0.02338	0.01148	0.00711	0.00226	0.00528	0.00968	0.13582	0.00972
16	0.02107	0.01162	0.01391	0.01186	0.01551	0.01171	0.00962	0.18089	0.02079	0.22085	0.02645	0.05843	0.04198	0.01407	0.06326	0.00293	0.00679	0.07381	0.18503	0.00941
17	0.01507	0.05989	0.52575	0.02232	0.03188	0.01733	0.18292	0.02257	0.01544	0.02239	0.01306	0.01590	0.00945	0.00656	0.00708	0.00226	0.01077	0.00596	0.00315	0.01025
18	0.02489	0.01040	0.01410	0.01172	0.01578	0.00911	0.00928	0.02739	0.01896	0.49713	0.09893	0.17694	0.02879	0.01220	0.00769	0.00235	0.00538	0.01046	0.00826	0.01025
19	0.08561	0.01048	0.01309	0.01079	0.01463	0.00965	0.00844	0.02640	0.01717	0.43167	0.02579	0.06451	0.01974	0.12465	0.01131	0.00291	0.00572	0.00802	0.09983	0.00958
20	0.01069	0.00710	0.00914	0.00996	0.01130	0.00651	0.00726	0.01254	0.01538	0.06777	0.09591	0.44862	0.15564	0.01973	0.00888	0.00276	0.00440	0.09313	0.00685	0.00643
21	0.01431	0.01354	0.02292	0.58951	0.18539	0.01605	0.02021	0.01895	0.01465	0.01925	0.01281	0.01870	0.00986	0.00696	0.00710	0.00232	0.00928	0.00633	0.00324	0.00861
22	0.01814	0.01852	0.15064	0.02070	0.15466	0.01516	0.01587	0.15930	0.08905	0.07602	0.05282	0.11031	0.02139	0.01058	0.00754	0.00236	0.00739	0.05369	0.00570	0.01018
23	0.00958	0.00717	0.00902	0.00968	0.01120	0.00661	0.00740	0.01194	0.01655	0.02175	0.21432	0.25102	0.21886	0.01868	0.00891	0.00269	0.00434	0.15714	0.00691	0.00625
24	0.01730	0.01775	0.06268	0.06876	0.64676	0.01686	0.02200	0.02175	0.01608	0.02303	0.01334	0.01755	0.01110	0.00639	0.00704	0.00213	0.00860	0.00629	0.00349	0.01111
25	0.01620	0.01035	0.01325	0.01202	0.04994	0.00919	0.00878	0.03781	0.03720	0.15949	0.31189	0.03760	0.09068	0.01115	0.00740	0.00201	0.00473	0.00957	0.00696	0.16378
26	0.75941	0.05229	0.01186	0.00951	0.01401	0.01661	0.00794	0.02095	0.01224	0.03116	0.00991	0.01156	0.00779	0.00658	0.00442	0.00217	0.00562	0.00385	0.00434	0.00779
27	0.04557	0.02183	0.01677	0.01501	0.01793	0.35095	0.01155	0.02360	0.03913	0.07571	0.17236	0.02556	0.04724	0.01012	0.00896	0.00216	0.09486	0.00732	0.00520	0.00815
28	0.02133	0.01985	0.02189	0.02363	0.20239	0.12845	0.01535	0.19657	0.19089	0.02914	0.01761	0.01885	0.01366	0.00833	0.00816	0.00222	0.05902	0.00651	0.00538	0.01078
29	0.02794	0.02237	0.02003	0.01618	0.02126	0.22101	0.01297	0.36056	0.02696	0.17372	0.01760	0.01734	0.01240	0.00825	0.00693	0.00206	0.00891	0.00604	0.00648	0.01100
30	0.04197	0.01868	0.02091	0.01677	0.02139	0.06857	0.06802	0.34127	0.16462	0.03441	0.01841	0.01917	0.01378	0.00875	0.00838	0.00225	0.06832	0.00672	0.04692	0.01070
31	0.01744	0.35096	0.11209	0.01814	0.05719	0.04078	0.13876	0.02126	0.01501	0.04166	0.01311	0.01629	0.01098	0.01263	0.10179	0.00316	0.01045	0.00561	0.00348	0.00920
32	0.00960	0.00714	0.00894	0.00874	0.01041	0.00647	0.00646	0.01241	0.01865	0.02557	0.50460	0.13780	0.18467	0.01613	0.00848	0.00235	0.00350	0.01415	0.00746	0.00647
33	0.01995	0.01578	0.01690	0.01466	0.01902	0.01791	0.01155	0.13182	0.55499	0.07358	0.02719	0.02504	0.02008	0.00945	0.00722	0.00236	0.00598	0.00776	0.00732	0.01145
34	0.02025	0.01711	0.02674	0.03683	0.53948	0.01736	0.01962	0.13666	0.01949	0.07487	0.01506	0.01799	0.01186	0.00690	0.00707	0.00212	0.00818	0.00641	0.00451	0.01148
35	0.01561	0.01405	0.01297	0.01194	0.01479	0.13502	0.00915	0.02225	0.17221	0.05923	0.27981	0.04175	0.13590	0.01257	0.00778	0.00227	0.00582	0.03191	0.00680	0.00818
36	0.00866	0.00715	0.00763	0.00782	0.00995	0.00612	0.00585	0.01056	0.01621	0.01978	0.10592	0.13688	0.57129	0.01832	0.00854	0.00248	0.00376	0.04034	0.00668	0.00605
37	0.01880	0.03114	0.35121	0.02153	0.02933	0.18804	0.15796	0.07589	0.01810	0.02312	0.01303	0.01553	0.00967	0.00689	0.00705	0.00217	0.01118	0.00584	0.00361	0.00991
38	0.01688	0.01688	0.07463	0.10007	0.34267	0.01553	0.12675	0.04652	0.01661	0.05710	0.01737	0.10406	0.01545	0.00849	0.00751	0.00229	0.00863	0.00829	0.00423	0.01005
39	0.02070	0.01027	0.01334	0.01119	0.01483	0.00952	0.00887	0.02549	0.08866	0.33556	0.32996	0.03745	0.04025	0.01147	0.00772	0.00224	0.00481	0.00981	0.00822	0.00961
40	0.02533	0.01161	0.01463	0.01169	0.01609	0.01086	0.00949	0.11346	0.02121	0.42102	0.12054	0.02773	0.02397	0.00951	0.00699	0.00212	0.00549	0.00778	0.12998	0.01050
41	0.06812	0.06012	0.16654	0.05013	0.17382	0.06487	0.01758	0.14634	0.01930	0.11028	0.01498	0.01674	0.01111	0.00752	0.00743	0.00217	0.04182	0.00583	0.00474	0.01056
42	0.01475	0.11559	0.47796	0.01977	0.02864	0.01729	0.12086	0.02148	0.01533	0.02165	0.01736	0.01945	0.06387	0.00746	0.00688	0.00220	0.00986	0.00633	0.00338	0.00987
43	0.01003	0.00696	0.00878	0.00920	0.00962	0.00713	0.00605	0.01095	0.01155	0.01562	0.02603	0.18973	0.02946	0.42539	0.16399	0.00678	0.00870	0.04410	0.00480	0.00513
44	0.25881	0.02238	0.02001	0.02371	0.23759	0.28208	0.01450	0.02405	0.01646	0.02370	0.01144	0.01398	0.00940	0.00680	0.00601	0.00204	0.00921	0.00493	0.00385	0.00905
45	0.01289	0.00671	0.00698	0.00691	0.00858	0.00665	0.00519	0.01622	0.01556	0.02679	0.10428	0.02973	0.02410	0.00904	0.00539	0.00173	0.00332	0.00738	0.69591	0.00665
46	0.02048	0.01999	0.01941	0.01767	0.05461	0.19484	0.05878	0.05714	0.35164	0.05718	0.04011	0.02339	0.03494	0.00890	0.00716	0.00223	0.00804	0.00731	0.00597	0.01022
47	0.01322	0.01077	0.01311	0.01066	0.01521	0.00869	0.00860	0.01645	0.01617	0.02399	0.16010	0.03407	0.02757	0.00969	0.00671	0.00168	0.00510	0.11880	0.00537	0.49403
48	0.00944	0.00706	0.00888	0.00960	0.01102	0.00649	0.00722	0.01168	0.01629	0.02142	0.20131	0.29712	0.21224	0.01897	0.00890	0.00269	0.00426	0.13231	0.00689	0.00620
49	0.01738	0.01570	0.02429	0.07507	0.02592	0.06311	0.23870	0.08571	0.01861	0.07502	0.06481	0.05181	0.07873	0.00973	0.00783	0.00228	0.00854	0.05954	0.00520	0.07201
50	0.63937	0.01796	0.01248	0.01123	0.01548	0.16248	0.00897	0.02249	0.01379	0.02893	0.01014	0.01183	0.00802	0.00676	0.00483	0.00213	0.00703	0.00401	0.00425	0.00782
51	0.01157	0.00771	0.00942	0.00892	0.01048	0.00767	0.00656	0.04404	0.01727	0.02539	0.35404	0.04223	0.04297	0.12486	0.09115	0.00382	0.00582	0.01033	0.16919	0.00656
52	0.00942	0.00678	0.00911	0.00974	0.01066	0.00659	0.00688	0.01147	0.01525	0.02105	0.24691	0.38751	0.04826	0.05757	0.11433	0.00412	0.00620	0.01560	0.00649	0.00610
53	0.02441	0.01902	0.01948	0.01560	0.02065	0.05556	0.01265	0.48189	0.16879	0.03945	0.01956	0.01932	0.01427	0.00871	0.00701	0.00216	0.00741	0.00667	0.04593	0.01147
54	0.01446	0.01393	0.01966	0.01719	0.01745	0.01913	0.01419	0.01622	0.01102	0.01701	0.01137	0.01815	0.01110	0.02097	0.16841	0.00485	0.58763	0.00652	0.00326	0.00749
55	0.01584	0.02594	0.29828	0.02630	0.03477	0.01745	0.42996	0.02271	0.01613	0.02271	0.01378	0.01761	0.01012	0.00629	0.00778	0.00235	0.01144	0.00720	0.00337	0.00996
56	0.00925	0.00687	0.00876	0.01005	0.01118	0.00638	0.00745	0.01108	0.01482	0.01912	0.04603	0.44770	0.18780	0.02078	0.00911	0.00287	0.00457	0.16356	0.00660	0.00601
57	0.01762	0.01692	0.02890	0.04371	0.70533	0.01692	0.02185	0.02185	0.01621	0.02326	0.01339	0.01762	0.01128	0.00634	0.00705	0.00211	0.00846	0.00634	0.00352	0.01128
58	0.01494	0.01471	0.02622	0.44574	0.18213	0.01667	0.12443	0.01964	0.01490	0.01993	0.01294	0.01858	0.01006	0.00703	0.00805	0.00236	0.04285	0.00666	0.00331	0.00887
59	0.01433	0.01379	0.01713	0.01535	0.01599	0.07150	0.01224	0.01599	0.01172	0.01659	0.01373	0.02253	0.01366	0.11301	0.21477	0.00576	0.39442	0.00699	0.00350	0.00701
60	0.01007	0.00784	0.00923	0.00887	0.01091	0.00731	0.00665	0.01415	0.07149	0.02515	0.41368	0.08765	0.26934	0.01566	0.00834	0.00234	0.00365	0.01353	0.00734	0.00680
61	0.00873	0.00694	0.00783	0.00821	0.00996	0.00605	0.00593	0.01060	0.01608	0.02028	0.15306	0.25285	0.43096	0.01872	0.00860	0.00252	0.00372	0.01616	0.00679	0.00605
62	0.01578	0.24504	0.46079	0.01780	0.02619	0.02036	0.02133	0.02176	0.01454	0.02043	0.01167	0.01402	0.00908	0.00702	0.00743	0.00211	0.06682	0.00491	0.00303	0.00990
63	0.70596	0.01452	0.01179	0.01022	0.01478	0.01672	0.00842	0.10135	0.01472	0.03352	0.01079	0.01224	0.00825	0.00685	0.00474	0.00220	0.00579	0.00417	0.00474	0.00825
64	0.02501	0.02455	0.07465	0.01685	0.02211	0.22644	0.01420	0.36207	0.06766	0.05169	0.03495	0.01745	0.01327	0.00829	0.00693	0.00208	0.00921	0.00608	0.00586	0.01065
65	0.01585	0.01510	0.02569	0.33710	0.42584	0.01645	0.02097	0.02029	0.01537	0.02110	0.01308	0.01820	0.01052	0.00667	0.00708	0.00222	0.00890	0.00634	0.00337	0.00984
66	0.01222	0.00897	0.01066	0.06631	0.01371	0.03141	0.00780	0.01540	0.04507	0.02111	0.13812	0.03485	0.02738	0.19521	0.13127	0.00476	0.02923	0.00873	0.19133	0.00644
67	0.00938	0.00707	0.00755	0.00753	0.00878	0.00645	0.00494	0.01039	0.01359	0.01698	0.06893	0.05770	0.36307	0.36288	0.02153	0.00452	0.00515	0.01276	0.00557	0.00523
68	0.01568	0.01132	0.01303	0.01088	0.01500	0.01020	0.00854	0.11267	0.03739	0.08865	0.03433	0.13915	0.18579	0.01226	0.00724	0.00203	0.00519	0.03070	0.00616	0.25379
69	0.16794	0.05107	0.01553	0.01309	0.01653	0.17140	0.01015	0.16642	0.01939	0.02657	0.02274	0.21313	0.05427	0.01197	0.00693	0.00227	0.00729	0.00955	0.00549	0.00828
70	0.04656	0.01809	0.02287	0.05118	0.31079	0.09379	0.01646	0.16733	0.02061	0.07429	0.06619	0.01987	0.01560	0.00799	0.00765	0.00215	0.03644	0.00663	0.00501	0.01048

[dist]
# distance from previous block
# <min> <max>
0	2

[block]
# block no. 4 follows, 29 sequences, length 65
# corresponding to MSA columns:
# 591-609,614-659
name=unknown_E
#
# <colnr> <probs for GDERKNQSTAVLIFYWHMCP>
#	G	D	E	R	K	N	Q	S	T	A	V	L	I	F	Y	W	H	M	C	P
0	0.10918	0.02640	0.37989	0.01691	0.02448	0.01676	0.01875	0.04729	0.21296	0.05194	0.01786	0.01839	0.01299	0.00772	0.00665	0.00229	0.00826	0.00601	0.00475	0.01052
1	0.01851	0.01827	0.01975	0.12957	0.13841	0.14228	0.01444	0.04904	0.23241	0.02423	0.01783	0.01938	0.01388	0.00761	0.00675	0.00204	0.00801	0.00626	0.00490	0.12642
2	0.15770	0.01002	0.01101	0.01016	0.01316	0.00965	0.00764	0.01542	0.03947	0.02283	0.04936	0.28868	0.08943	0.01364	0.00758	0.00222	0.02916	0.01151	0.00554	0.20583
3	0.01497	0.14104	0.61470	0.01912	0.02900	0.01823	0.02426	0.02237	0.01495	0.02171	0.01236	0.01451	0.00904	0.00667	0.00645	0.00215	0.01010	0.00505	0.00301	0.01032
4	0.01829	0.30769	0.33311	0.01688	0.02449	0.14722	0.01872	0.02314	0.01574	0.01944	0.01137	0.01327	0.00909	0.00661	0.00587	0.00190	0.00984	0.00459	0.00314	0.00959
5	0.01716	0.01848	0.08833	0.07058	0.61886	0.01684	0.02216	0.02176	0.01603	0.02299	0.01331	0.01745	0.01101	0.00641	0.00703	0.00214	0.00868	0.00625	0.00346	0.01107
6	0.01407	0.01063	0.01259	0.01107	0.01429	0.01041	0.00867	0.05922	0.15255	0.05149	0.34173	0.04129	0.06224	0.01209	0.00768	0.00216	0.00466	0.05116	0.00706	0.12494
7	0.01603	0.29016	0.39624	0.01635	0.02483	0.01993	0.01933	0.02161	0.01480	0.02055	0.01174	0.01372	0.00923	0.00636	0.00582	0.00186	0.00892	0.00463	0.00315	0.09473
8	0.01821	0.15981	0.28810	0.01608	0.02353	0.09388	0.01711	0.07325	0.04013	0.04444	0.01340	0.01493	0.01028	0.00673	0.00611	0.00185	0.00877	0.00497	0.00395	0.15448
9	0.00990	0.00698	0.00764	0.00764	0.00820	0.00670	0.00457	0.01032	0.01173	0.01507	0.03403	0.05171	0.18370	0.57907	0.02975	0.00585	0.00613	0.01145	0.00485	0.00471
10	0.01800	0.02216	0.17308	0.01813	0.02396	0.09289	0.11148	0.03014	0.31985	0.05102	0.04956	0.02251	0.01775	0.00842	0.00726	0.00230	0.00833	0.00728	0.00548	0.01038
11	0.00983	0.00688	0.00772	0.00790	0.00838	0.00662	0.00476	0.01028	0.01176	0.01525	0.03316	0.12612	0.14943	0.53990	0.02832	0.00566	0.00601	0.01226	0.00497	0.00478
12	0.22085	0.02816	0.40318	0.01742	0.02539	0.06430	0.05688	0.02327	0.01504	0.06540	0.01291	0.01476	0.00930	0.00684	0.00624	0.00222	0.00920	0.00514	0.00379	0.00968
13	0.01634	0.01433	0.10802	0.01220	0.01698	0.01069	0.01094	0.05865	0.05961	0.13311	0.18633	0.09464	0.05814	0.01079	0.00723	0.00205	0.00565	0.00916	0.00631	0.17881
14	0.02356	0.21411	0.02561	0.01996	0.10652	0.45766	0.01437	0.02581	0.01824	0.01799	0.01102	0.01308	0.00943	0.00690	0.00603	0.00179	0.01097	0.00461	0.00349	0.00886
15	0.01513	0.16536	0.59179	0.01884	0.02857	0.01862	0.02378	0.02233	0.01493	0.02151	0.01226	0.01439	0.00904	0.00664	0.00637	0.00212	0.01000	0.00500	0.00301	0.01028
16	0.01551	0.00853	0.01094	0.00962	0.01243	0.00757	0.00747	0.01843	0.01951	0.20543	0.41238	0.04836	0.16805	0.01368	0.00808	0.00226	0.00411	0.01177	0.00787	0.00801
17	0.01017	0.00763	0.01144	0.01144	0.01272	0.00890	0.00890	0.01272	0.01144	0.01653	0.01907	0.02797	0.01780	0.05340	0.72153	0.01144	0.01907	0.00763	0.00381	0.00636
18	0.38089	0.01376	0.01321	0.01111	0.01553	0.01486	0.00903	0.17218	0.01874	0.12107	0.02395	0.04788	0.11206	0.00954	0.00613	0.00224	0.00579	0.00705	0.00600	0.00898
19	0.00897	0.00666	0.00838	0.00917	0.01027	0.00606	0.00641	0.01084	0.01573	0.02094	0.20915	0.44657	0.17558	0.01959	0.00879	0.00264	0.00384	0.01744	0.00691	0.00606
20	0.02087	0.46417	0.03064	0.01468	0.01941	0.22953	0.01301	0.02294	0.01575	0.01699	0.01016	0.01229	0.00917	0.00714	0.00714	0.00179	0.08804	0.00430	0.00324	0.00873
21	0.00924	0.00725	0.00835	0.00808	0.01012	0.00636	0.00606	0.01181	0.01817	0.02385	0.38379	0.06093	0.38791	0.01631	0.00841	0.00232	0.00348	0.01396	0.00722	0.00636
22	0.00980	0.00716	0.00931	0.00977	0.01119	0.00667	0.00741	0.01244	0.01740	0.02363	0.34759	0.23744	0.12273	0.01782	0.00884	0.00261	0.00416	0.13050	0.00717	0.00638
23	0.00967	0.00707	0.00877	0.00881	0.01017	0.00653	0.00632	0.01197	0.01698	0.02309	0.37662	0.16782	0.15904	0.11844	0.01242	0.00305	0.00412	0.03606	0.00691	0.00612
24	0.02349	0.01817	0.01935	0.01566	0.02072	0.02041	0.01267	0.43515	0.28575	0.03910	0.02165	0.02072	0.01579	0.00897	0.00717	0.00224	0.00699	0.00704	0.00717	0.01179
25	0.02020	0.01653	0.01750	0.01499	0.01947	0.01887	0.01187	0.20914	0.51712	0.03380	0.02582	0.02405	0.01917	0.00936	0.00721	0.00234	0.00622	0.00761	0.00721	0.01149
26	0.73859	0.01426	0.01133	0.00992	0.01443	0.01646	0.00817	0.07346	0.01382	0.03298	0.01049	0.01201	0.00806	0.00676	0.00462	0.00220	0.00569	0.00406	0.00462	0.00806
27	0.01608	0.30778	0.45765	0.01723	0.02608	0.02093	0.02097	0.02209	0.01482	0.02036	0.01169	0.01367	0.00906	0.00651	0.00594	0.00198	0.00942	0.00471	0.00302	0.01000
28	0.70195	0.01400	0.01188	0.01053	0.01439	0.01670	0.00870	0.02046	0.01197	0.03010	0.00984	0.01207	0.00792	0.00734	0.00678	0.00232	0.09695	0.00415	0.00425	0.00772
29	0.01644	0.01557	0.02608	0.03892	0.61104	0.01546	0.01971	0.02037	0.01625	0.02300	0.04169	0.04940	0.05865	0.00797	0.00726	0.00217	0.00781	0.00764	0.00399	0.01058
30	0.01978	0.01204	0.01430	0.01130	0.01616	0.01073	0.00906	0.08396	0.06752	0.22947	0.07375	0.03075	0.14123	0.00983	0.00691	0.00191	0.00535	0.00806	0.00673	0.24116
31	0.01667	0.01595	0.02718	0.20100	0.55549	0.01667	0.02138	0.02102	0.01576	0.02211	0.01323	0.01793	0.01087	0.00652	0.00707	0.00217	0.00870	0.00634	0.00344	0.01051
32	0.06449	0.11085	0.31383	0.01639	0.02389	0.01686	0.03995	0.02609	0.13039	0.10929	0.01697	0.01763	0.01235	0.00729	0.00645	0.00211	0.00817	0.00575	0.00464	0.06663
33	0.02285	0.01583	0.01770	0.01479	0.01943	0.01725	0.01204	0.28330	0.26094	0.14003	0.02520	0.02837	0.01947	0.01018	0.00747	0.00237	0.00665	0.07755	0.00737	0.01122
34	0.01909	0.40760	0.23539	0.01475	0.02189	0.04286	0.01608	0.02324	0.01568	0.10053	0.03425	0.01534	0.01189	0.00691	0.00570	0.00185	0.00833	0.00494	0.00388	0.00980
35	0.01217	0.01088	0.01485	0.01355	0.01439	0.01356	0.01082	0.01420	0.01346	0.01929	0.13673	0.10233	0.11012	0.02146	0.13680	0.00428	0.32931	0.01004	0.00480	0.00695
36	0.01604	0.01509	0.02450	0.20617	0.43017	0.01564	0.01912	0.02088	0.04399	0.02216	0.01580	0.01980	0.03473	0.00697	0.00696	0.00210	0.00814	0.00651	0.00376	0.08147
37	0.01842	0.01581	0.01656	0.01372	0.01864	0.04109	0.01083	0.11786	0.38100	0.02943	0.02195	0.02134	0.01671	0.00814	0.00662	0.00196	0.00608	0.00658	0.00621	0.24105
38	0.01867	0.01731	0.01654	0.01491	0.01889	0.09383	0.01154	0.03682	0.61972	0.02845	0.02704	0.02508	0.02038	0.00941	0.00716	0.00235	0.00642	0.00768	0.00686	0.01094
39	0.00955	0.00726	0.00879	0.00841	0.01032	0.00650	0.00630	0.01242	0.01891	0.02561	0.50253	0.05804	0.26807	0.01566	0.00840	0.00229	0.00344	0.01356	0.00745	0.00650
40	0.01021	0.00748	0.01069	0.01069	0.01170	0.00849	0.00796	0.01223	0.01122	0.01597	0.01977	0.03181	0.01947	0.19694	0.58028	0.01051	0.01656	0.00819	0.00392	0.00594
41	0.01613	0.01540	0.02621	0.28986	0.47084	0.01653	0.02111	0.02055	0.01551	0.02145	0.01313	0.01811	0.01064	0.00662	0.00707	0.00221	0.00883	0.00634	0.00340	0.01008
42	0.01472	0.01288	0.01951	0.52299	0.03979	0.01554	0.01714	0.02242	0.15109	0.04250	0.03766	0.02350	0.01485	0.00827	0.00726	0.00240	0.00834	0.02610	0.00440	0.00864
43	0.02250	0.22136	0.25671	0.01511	0.02246	0.01731	0.01627	0.02699	0.01698	0.29080	0.01801	0.01767	0.01243	0.00739	0.00633	0.00204	0.00798	0.00561	0.00530	0.01077
44	0.01040	0.00780	0.00979	0.00941	0.01139	0.00724	0.00726	0.01411	0.04210	0.02639	0.50149	0.05619	0.14740	0.01515	0.00843	0.00235	0.00387	0.08250	0.00741	0.02932
45	0.01816	0.13190	0.20210	0.02312	0.03078	0.01834	0.34872	0.02381	0.01641	0.09624	0.01482	0.01758	0.01086	0.00651	0.00730	0.00221	0.01035	0.00682	0.00394	0.01003
