[name]
unknown

[dist]
# distance from previous block
# <min> <max>
148	505

[block]
# block no. 0 follows, 27 sequences, length 27
# corresponding to MSA columns:
# 795-821
name=unknown_A
#
# <colnr> <probs for GDERKNQSTAVLIFYWHMCP>
#	G	D	E	R	K	N	Q	S	T	A	V	L	I	F	Y	W	H	M	C	P
0	0.09923	0.04998	0.02103	0.01653	0.02099	0.14476	0.10296	0.14201	0.09215	0.04666	0.08011	0.07794	0.02089	0.00981	0.00728	0.00227	0.00826	0.00820	0.03942	0.00954
1	0.01767	0.01795	0.10615	0.05184	0.06835	0.01566	0.17205	0.10775	0.08279	0.06540	0.05612	0.10551	0.02122	0.01276	0.04647	0.00300	0.00927	0.02461	0.00549	0.00995
2	0.13211	0.05983	0.34226	0.01675	0.02427	0.06246	0.01849	0.10987	0.01859	0.02768	0.06021	0.02133	0.05855	0.00858	0.00684	0.00227	0.00889	0.00650	0.00455	0.00998
3	0.01703	0.06918	0.22219	0.01833	0.08018	0.01586	0.01671	0.08695	0.01802	0.06395	0.07913	0.08673	0.03698	0.01015	0.00876	0.00229	0.07003	0.00810	0.00499	0.08443
4	0.02043	0.01714	0.01835	0.07883	0.08623	0.12965	0.01323	0.14676	0.02047	0.09794	0.02535	0.10676	0.07333	0.04949	0.01028	0.00269	0.04735	0.04062	0.00578	0.00929
5	0.02010	0.11275	0.02555	0.14674	0.16731	0.11202	0.04921	0.08316	0.08247	0.05511	0.01609	0.01908	0.01271	0.01072	0.05307	0.00282	0.00996	0.00644	0.00456	0.01012
6	0.06751	0.01943	0.14154	0.01873	0.06076	0.05083	0.11604	0.12247	0.01859	0.02584	0.02351	0.11832	0.06325	0.08943	0.01105	0.00297	0.00857	0.02705	0.00506	0.00905
7	0.04961	0.05174	0.09580	0.06255	0.13860	0.01747	0.25211	0.02292	0.01635	0.06209	0.01445	0.01814	0.01116	0.00700	0.00851	0.00226	0.05669	0.00684	0.00402	0.10170
8	0.01592	0.08037	0.26059	0.05075	0.06865	0.04578	0.01855	0.04535	0.04407	0.02274	0.05361	0.10540	0.01845	0.01057	0.01012	0.00250	0.12466	0.00812	0.00431	0.00951
9	0.01639	0.08991	0.02239	0.12398	0.23686	0.01653	0.01536	0.05710	0.11495	0.02362	0.02468	0.07210	0.08561	0.05765	0.00940	0.00264	0.00750	0.00872	0.00494	0.00967
10	0.01725	0.17190	0.06462	0.01336	0.01745	0.10089	0.01140	0.09121	0.01831	0.03958	0.05378	0.24410	0.05224	0.01304	0.00737	0.00225	0.00715	0.01083	0.00548	0.05778
11	0.13738	0.06192	0.05527	0.04773	0.01827	0.01391	0.01109	0.06352	0.03589	0.18602	0.08654	0.09708	0.03988	0.06824	0.01035	0.00277	0.03981	0.00887	0.00627	0.00919
12	0.10986	0.06072	0.11590	0.01248	0.01703	0.01183	0.04828	0.01801	0.01674	0.08211	0.11607	0.10432	0.23192	0.01323	0.00770	0.00241	0.00608	0.01111	0.00599	0.00822
13	0.01748	0.01724	0.08605	0.10245	0.10367	0.01563	0.05248	0.15734	0.04751	0.02744	0.02003	0.02300	0.05753	0.01404	0.09391	0.00332	0.00958	0.00711	0.00491	0.13927
14	0.01745	0.27552	0.25767	0.05883	0.06907	0.08671	0.01842	0.02208	0.01588	0.02026	0.01480	0.08368	0.01346	0.00842	0.00650	0.00211	0.00931	0.00654	0.00362	0.00967
15	0.01831	0.13253	0.28356	0.02100	0.10661	0.04604	0.03569	0.02330	0.01622	0.09979	0.01718	0.08572	0.01465	0.00911	0.00824	0.00232	0.05789	0.00725	0.00432	0.01026
16	0.00920	0.00725	0.00845	0.00886	0.01059	0.00650	0.00642	0.01118	0.01636	0.02084	0.14340	0.25620	0.37952	0.02204	0.05537	0.00325	0.00495	0.01641	0.00687	0.00632
17	0.01915	0.01698	0.02223	0.08953	0.14183	0.10428	0.08999	0.06561	0.04821	0.09213	0.10407	0.06369	0.05854	0.01020	0.00854	0.00237	0.03862	0.00888	0.00552	0.00962
18	0.08276	0.05330	0.23582	0.09067	0.11324	0.01677	0.15149	0.02171	0.03035	0.02356	0.01980	0.04179	0.06985	0.00835	0.00739	0.00237	0.00942	0.00758	0.00400	0.00977
19	0.01573	0.02579	0.30260	0.02545	0.06832	0.01706	0.27581	0.02224	0.01631	0.02313	0.01673	0.05348	0.01414	0.00854	0.00879	0.00254	0.04147	0.04801	0.00381	0.01004
20	0.00929	0.00726	0.00842	0.00873	0.01050	0.00639	0.00632	0.01142	0.01724	0.02223	0.22233	0.24404	0.36121	0.01907	0.00896	0.00260	0.00384	0.01655	0.00722	0.00639
21	0.12694	0.23385	0.11746	0.04689	0.02391	0.06610	0.09710	0.04712	0.04287	0.02391	0.05879	0.01794	0.01431	0.00783	0.00729	0.00216	0.04594	0.00601	0.00417	0.00942
22	0.01712	0.06681	0.09634	0.17050	0.33124	0.01837	0.14828	0.02227	0.01638	0.02261	0.01372	0.01829	0.01092	0.00673	0.00744	0.00229	0.00990	0.00675	0.00353	0.01051
23	0.01289	0.00645	0.00967	0.00967	0.00967	0.00645	0.00645	0.00967	0.00967	0.01289	0.01289	0.02257	0.01289	0.02579	0.02901	0.78401	0.00645	0.00645	0.00322	0.00322
24	0.02866	0.01522	0.01794	0.01396	0.01926	0.01534	0.01147	0.29218	0.02609	0.34325	0.02393	0.02254	0.01611	0.00900	0.00715	0.00219	0.00670	0.00707	0.11005	0.01188
25	0.01503	0.01388	0.02293	0.25422	0.29785	0.01548	0.01857	0.01898	0.01498	0.02075	0.01614	0.06587	0.01450	0.01609	0.12021	0.00395	0.04981	0.00774	0.00378	0.00925
26	0.08875	0.02139	0.02158	0.02378	0.19203	0.18096	0.01532	0.10502	0.19332	0.02780	0.01761	0.01895	0.01380	0.00833	0.00774	0.00227	0.03905	0.00643	0.00524	0.01064

[dist]
# distance from previous block
# <min> <max>
0	1

[block]
# block no. 1 follows, 27 sequences, length 18
# corresponding to MSA columns:
# 823-840
name=unknown_B
#
# <colnr> <probs for GDERKNQSTAVLIFYWHMCP>
#	G	D	E	R	K	N	Q	S	T	A	V	L	I	F	Y	W	H	M	C	P
0	0.08314	0.12531	0.02127	0.01425	0.01956	0.01934	0.01193	0.26425	0.09085	0.12088	0.02054	0.04371	0.03201	0.00910	0.00724	0.00215	0.02678	0.00687	0.00642	0.07441
1	0.12192	0.48455	0.03075	0.01294	0.01880	0.05146	0.01202	0.05831	0.04232	0.08778	0.01337	0.01420	0.01087	0.00703	0.00533	0.00183	0.00764	0.00466	0.00436	0.00985
2	0.55505	0.10888	0.08232	0.01204	0.01740	0.07752	0.01104	0.02271	0.01395	0.02910	0.01072	0.01251	0.00849	0.00690	0.00503	0.00218	0.00718	0.00422	0.00421	0.00856
3	0.10473	0.02372	0.21506	0.02251	0.15075	0.01891	0.01850	0.18896	0.12848	0.03185	0.01701	0.01829	0.01267	0.00791	0.00702	0.00231	0.00845	0.00631	0.00520	0.01134
4	0.01032	0.00733	0.01042	0.01089	0.01179	0.00785	0.00792	0.01202	0.01290	0.01797	0.06476	0.23950	0.03072	0.08734	0.36875	0.06361	0.01253	0.01223	0.00506	0.00609
5	0.01795	0.01721	0.02937	0.11128	0.63039	0.01753	0.02257	0.02241	0.01670	0.02374	0.01389	0.01851	0.01158	0.00669	0.00736	0.00223	0.00892	0.00661	0.00364	0.01142
6	0.02052	0.68301	0.03737	0.01325	0.01939	0.08752	0.01284	0.02286	0.01559	0.01753	0.01042	0.01204	0.00953	0.00646	0.00493	0.00162	0.00840	0.00404	0.00323	0.00945
7	0.00940	0.00755	0.00840	0.00818	0.01041	0.00654	0.00614	0.01188	0.01841	0.02359	0.29863	0.06562	0.46415	0.01748	0.00877	0.00244	0.00367	0.01485	0.00736	0.00654
8	0.01577	0.01464	0.02418	0.52275	0.20575	0.01709	0.02083	0.05146	0.01632	0.02161	0.01361	0.01935	0.01048	0.00730	0.00740	0.00240	0.00955	0.00661	0.00359	0.00931
9	0.01811	0.01221	0.01434	0.01245	0.01596	0.01268	0.00974	0.08989	0.22375	0.13182	0.32230	0.03872	0.04214	0.01210	0.00806	0.00237	0.00511	0.01033	0.00806	0.00985
10	0.00975	0.00697	0.00943	0.01115	0.01189	0.00664	0.00812	0.01156	0.01491	0.01974	0.04053	0.57612	0.04755	0.02259	0.00966	0.00311	0.00492	0.17225	0.00688	0.00623
11	0.00904	0.00646	0.00861	0.01034	0.01077	0.00603	0.00689	0.01034	0.01421	0.01895	0.04092	0.73426	0.04910	0.02326	0.00948	0.00301	0.00431	0.02110	0.00689	0.00603
12	0.02287	0.01646	0.01797	0.01444	0.01876	0.01810	0.01154	0.45701	0.02770	0.03789	0.01936	0.02386	0.01568	0.10814	0.07944	0.00377	0.00873	0.00736	0.08047	0.01044
13	0.02057	0.01699	0.01797	0.01553	0.02011	0.01945	0.01226	0.17503	0.54037	0.03445	0.02754	0.02557	0.02050	0.00982	0.00753	0.00246	0.00637	0.00802	0.00753	0.01194
14	0.00949	0.00686	0.00898	0.00991	0.01084	0.00635	0.00688	0.01151	0.01646	0.02240	0.24632	0.49373	0.08160	0.02053	0.00922	0.00278	0.00403	0.01847	0.00729	0.00635
15	0.13449	0.12313	0.02741	0.02094	0.07480	0.06559	0.14067	0.04523	0.06290	0.02372	0.01312	0.01658	0.01092	0.00863	0.01131	0.00247	0.19839	0.00624	0.00406	0.00941
16	0.01972	0.24436	0.18133	0.02107	0.06147	0.13604	0.12992	0.04853	0.01729	0.02151	0.01244	0.01517	0.01005	0.00714	0.00747	0.00211	0.04525	0.00563	0.00357	0.00995
17	0.01199	0.00794	0.01024	0.00946	0.01156	0.00722	0.00717	0.01531	0.02068	0.07670	0.58926	0.05466	0.11935	0.01506	0.00867	0.00235	0.00373	0.01319	0.00814	0.00734

[dist]
# distance from previous block
# <min> <max>
0	24

[block]
# block no. 2 follows, 27 sequences, length 19
# corresponding to MSA columns:
# 865-883
name=unknown_C
#
# <colnr> <probs for GDERKNQSTAVLIFYWHMCP>
#	G	D	E	R	K	N	Q	S	T	A	V	L	I	F	Y	W	H	M	C	P
0	0.00933	0.00667	0.00895	0.01067	0.01122	0.00628	0.00739	0.01084	0.01450	0.01927	0.04076	0.66989	0.04847	0.02299	0.00955	0.00305	0.00456	0.08262	0.00689	0.00611
1	0.01262	0.00645	0.00960	0.00972	0.00975	0.00642	0.00648	0.00972	0.00999	0.01332	0.01487	0.07261	0.01544	0.02561	0.02764	0.72910	0.00630	0.00748	0.00348	0.00342
2	0.04223	0.13383	0.24958	0.05326	0.02490	0.05993	0.01701	0.05520	0.01744	0.09534	0.03676	0.01745	0.01281	0.00730	0.00647	0.00198	0.00858	0.00556	0.00448	0.14989
3	0.31590	0.25272	0.08072	0.01360	0.01921	0.14301	0.01252	0.04813	0.01600	0.02527	0.01107	0.01277	0.00907	0.00694	0.00534	0.00201	0.00833	0.00436	0.00399	0.00904
4	0.02660	0.01317	0.01632	0.01293	0.01784	0.01250	0.01053	0.16617	0.02371	0.39776	0.12155	0.03250	0.09274	0.01093	0.00777	0.00231	0.00607	0.00895	0.00844	0.01121
5	0.09399	0.16130	0.16582	0.02112	0.10376	0.01958	0.11031	0.04291	0.08421	0.02512	0.06199	0.01965	0.01557	0.00790	0.00749	0.00225	0.03597	0.00658	0.00438	0.01010
6	0.01296	0.00648	0.00949	0.00949	0.00960	0.00648	0.00636	0.01018	0.01006	0.01387	0.01364	0.02290	0.01330	0.02466	0.02744	0.73223	0.00625	0.00648	0.05466	0.00347
7	0.01758	0.02994	0.41012	0.04709	0.16376	0.05374	0.04057	0.02526	0.05774	0.06198	0.01535	0.01763	0.01128	0.00730	0.00720	0.00231	0.01009	0.00609	0.00392	0.01104
8	0.02012	0.01453	0.02026	0.06006	0.02308	0.01278	0.09264	0.06650	0.03931	0.16097	0.01751	0.01879	0.01292	0.00683	0.00662	0.00172	0.00701	0.00598	0.00551	0.40685
9	0.01067	0.00787	0.01016	0.01036	0.01221	0.00735	0.00828	0.01390	0.01919	0.02598	0.39753	0.06646	0.15884	0.01735	0.00921	0.00269	0.00454	0.20301	0.00757	0.00684
10	0.01996	0.18029	0.12554	0.01459	0.02117	0.01918	0.01383	0.21989	0.02109	0.02894	0.01466	0.01754	0.01196	0.05402	0.00824	0.00213	0.00779	0.00558	0.00488	0.20870
11	0.00985	0.00734	0.00870	0.00923	0.01054	0.00677	0.00659	0.01155	0.01545	0.01993	0.12125	0.21900	0.25097	0.17605	0.01541	0.00373	0.00497	0.09020	0.00651	0.00598
12	0.12568	0.01870	0.01942	0.01550	0.02078	0.02091	0.01261	0.45855	0.13699	0.04136	0.01907	0.01972	0.01415	0.03323	0.00809	0.00245	0.00744	0.00675	0.00698	0.01161
13	0.01753	0.08703	0.08218	0.01965	0.10008	0.01687	0.09986	0.14768	0.07885	0.02712	0.04359	0.07808	0.09815	0.05867	0.00967	0.00266	0.00785	0.00927	0.00545	0.00975
14	0.01010	0.00656	0.00824	0.00958	0.01030	0.00623	0.00652	0.01187	0.01451	0.02088	0.03723	0.57817	0.04246	0.02003	0.00853	0.00273	0.00412	0.01797	0.17774	0.00623
15	0.01258	0.00871	0.01106	0.01114	0.01340	0.00832	0.00905	0.01671	0.05622	0.06681	0.26399	0.06513	0.16774	0.01710	0.00915	0.00276	0.00506	0.24014	0.00748	0.00743
16	0.07746	0.01520	0.01661	0.01349	0.01812	0.01603	0.01090	0.32553	0.04717	0.14016	0.05000	0.07084	0.09640	0.01106	0.00742	0.00231	0.00644	0.00883	0.05541	0.01060
17	0.02341	0.32644	0.02957	0.01622	0.02182	0.22913	0.05307	0.10380	0.01972	0.05142	0.01285	0.01434	0.01049	0.00712	0.00607	0.00182	0.00967	0.00501	0.00425	0.05377
18	0.01815	0.01562	0.02220	0.09558	0.28384	0.01573	0.01611	0.15096	0.02040	0.02835	0.06734	0.02477	0.06947	0.00856	0.00729	0.00209	0.00749	0.00748	0.00509	0.13351

[dist]
# distance from previous block
# <min> <max>
0	1

[block]
# block no. 3 follows, 27 sequences, length 36
# corresponding to MSA columns:
# 885-920
name=unknown_D
#
# <colnr> <probs for GDERKNQSTAVLIFYWHMCP>
#	G	D	E	R	K	N	Q	S	T	A	V	L	I	F	Y	W	H	M	C	P
0	0.01949	0.01460	0.01881	0.01559	0.01974	0.04824	0.09858	0.12688	0.11386	0.13165	0.09357	0.12657	0.08594	0.01259	0.00824	0.00249	0.00700	0.03947	0.00697	0.00972
1	0.01001	0.00726	0.00903	0.00915	0.01071	0.00663	0.00665	0.01268	0.01835	0.02530	0.38895	0.22510	0.16994	0.01749	0.00876	0.00250	0.00374	0.01540	0.04572	0.00663
2	0.01837	0.01764	0.03013	0.04557	0.69279	0.01764	0.02278	0.02278	0.01690	0.02425	0.01396	0.01837	0.01176	0.00661	0.00735	0.00220	0.00882	0.00661	0.00367	0.01176
3	0.01779	0.01662	0.02729	0.18874	0.48598	0.01728	0.02118	0.05482	0.01731	0.02426	0.01396	0.01850	0.01136	0.00685	0.00728	0.00221	0.00885	0.00650	0.00382	0.04939
4	0.01982	0.01332	0.01899	0.01594	0.01896	0.01495	0.06148	0.02477	0.09954	0.20596	0.02322	0.02780	0.03717	0.04362	0.12541	0.00435	0.19766	0.03171	0.00586	0.00949
5	0.01063	0.00786	0.01145	0.01145	0.01261	0.00902	0.00868	0.01295	0.01179	0.01688	0.02033	0.03160	0.01962	0.14157	0.62524	0.01134	0.01829	0.00831	0.00404	0.00636
6	0.01536	0.01435	0.02373	0.37940	0.27261	0.01632	0.01963	0.01949	0.01502	0.02035	0.01427	0.02185	0.01217	0.07702	0.01113	0.00287	0.04477	0.00700	0.00354	0.00913
7	0.01989	0.01860	0.02836	0.09408	0.48979	0.04799	0.04182	0.12051	0.01966	0.02696	0.01441	0.01824	0.01163	0.00706	0.00738	0.00223	0.00912	0.00661	0.00422	0.01142
8	0.03331	0.01263	0.01723	0.01321	0.01895	0.01091	0.01091	0.03618	0.02125	0.69794	0.02929	0.02527	0.01838	0.00919	0.00747	0.00230	0.00632	0.00747	0.00919	0.01263
9	0.00913	0.00702	0.00839	0.00936	0.01071	0.00628	0.00665	0.01084	0.01566	0.01992	0.07689	0.41761	0.30173	0.02109	0.00921	0.00281	0.00419	0.04937	0.00693	0.00620
10	0.00953	0.00729	0.00981	0.07754	0.01452	0.00710	0.00803	0.01134	0.01491	0.01951	0.06741	0.54788	0.13598	0.02082	0.00915	0.00287	0.00473	0.01867	0.00660	0.00631
11	0.01345	0.01134	0.07633	0.01203	0.01464	0.00906	0.00978	0.01789	0.08779	0.09893	0.06690	0.44440	0.07168	0.01809	0.00874	0.00276	0.00528	0.01606	0.00693	0.00793
12	0.01544	0.00881	0.00924	0.00874	0.01100	0.00916	0.00659	0.02175	0.13219	0.06090	0.02547	0.02880	0.02011	0.05217	0.00765	0.00222	0.00425	0.00743	0.56018	0.00791
13	0.01624	0.01624	0.02274	0.01949	0.01949	0.02274	0.01624	0.01787	0.01137	0.01787	0.00975	0.01624	0.00975	0.01299	0.02436	0.00325	0.72552	0.00650	0.00325	0.00812
14	0.01539	0.01319	0.01539	0.01100	0.01759	0.00990	0.00880	0.01869	0.01539	0.02419	0.01319	0.01539	0.01100	0.00550	0.00550	0.00110	0.00550	0.00440	0.00440	0.78449
15	0.01985	0.74357	0.03890	0.01270	0.01905	0.02937	0.01270	0.02223	0.01508	0.01747	0.01032	0.01191	0.00953	0.00635	0.00476	0.00159	0.00794	0.00397	0.00318	0.00953
16	0.01776	0.01701	0.02903	0.14051	0.60264	0.01748	0.02248	0.02225	0.01661	0.02351	0.01386	0.01857	0.01150	0.00673	0.00736	0.00224	0.00897	0.00661	0.00362	0.01127
17	0.01785	0.01767	0.02282	0.01930	0.02055	0.07116	0.04864	0.08043	0.01479	0.02101	0.01275	0.05888	0.01241	0.01248	0.01979	0.00300	0.52660	0.00737	0.00393	0.00856
18	0.01662	0.01945	0.09047	0.19357	0.03256	0.07345	0.16336	0.02249	0.07021	0.02181	0.05414	0.02094	0.01471	0.00901	0.01133	0.00258	0.16277	0.00736	0.00405	0.00912
19	0.17673	0.04919	0.02303	0.08566	0.26216	0.07304	0.01626	0.12643	0.01931	0.07952	0.01459	0.01699	0.01122	0.00737	0.00666	0.00221	0.00833	0.00591	0.00483	0.01057
20	0.09654	0.02057	0.14253	0.02367	0.19820	0.01724	0.01740	0.16356	0.04936	0.17141	0.01824	0.01902	0.01303	0.00790	0.00708	0.00228	0.00812	0.00644	0.00579	0.01163
21	0.06737	0.17116	0.05663	0.01562	0.04459	0.11193	0.01302	0.15402	0.05323	0.05084	0.01457	0.01577	0.01144	0.00721	0.00615	0.00182	0.00805	0.00524	0.00492	0.18643
22	0.09152	0.04784	0.10646	0.01316	0.01803	0.01190	0.04466	0.02093	0.01639	0.15410	0.12182	0.02671	0.04928	0.01195	0.01058	0.12889	0.00665	0.00748	0.00558	0.10606
23	0.01711	0.02661	0.30685	0.17095	0.13850	0.04914	0.08808	0.07164	0.01758	0.02423	0.01382	0.01745	0.01031	0.00715	0.00736	0.00234	0.01047	0.00628	0.00367	0.01045
24	0.01723	0.01796	0.02564	0.21541	0.03264	0.09453	0.16533	0.02402	0.12336	0.02180	0.01822	0.02200	0.04130	0.00909	0.01074	0.00256	0.13717	0.00756	0.00430	0.00915
25	0.01511	0.01264	0.02101	0.15547	0.15469	0.01319	0.08668	0.01890	0.01682	0.06529	0.12326	0.13780	0.02893	0.01227	0.00917	0.00260	0.04334	0.06870	0.00539	0.00874
26	0.01342	0.00855	0.01068	0.01064	0.01193	0.00878	0.00757	0.05263	0.01515	0.07210	0.02993	0.32228	0.03211	0.16139	0.07488	0.00434	0.03920	0.01363	0.10392	0.00688
27	0.01369	0.01251	0.02041	0.42425	0.12396	0.01484	0.01763	0.01763	0.01456	0.01944	0.01774	0.12481	0.01664	0.01425	0.07106	0.00340	0.05219	0.00884	0.00393	0.00823
28	0.08471	0.01237	0.01546	0.01255	0.01716	0.01167	0.01011	0.09929	0.02144	0.41625	0.12543	0.09087	0.02735	0.01112	0.00761	0.00236	0.00588	0.00921	0.00829	0.01086
29	0.01524	0.02496	0.29751	0.07605	0.06334	0.01753	0.15550	0.02104	0.01540	0.02195	0.01856	0.02208	0.07041	0.00899	0.01068	0.00256	0.13747	0.00739	0.00366	0.00968
30	0.01639	0.07716	0.01941	0.05334	0.11628	0.01416	0.03585	0.08031	0.04065	0.07450	0.02893	0.24994	0.06579	0.01414	0.00894	0.00258	0.04211	0.04474	0.00587	0.00891
31	0.01142	0.00778	0.00906	0.00870	0.01096	0.00679	0.00649	0.01327	0.01742	0.07302	0.20692	0.09278	0.40314	0.01807	0.01050	0.07186	0.00416	0.01398	0.00704	0.00664
32	0.01420	0.00999	0.01209	0.01288	0.07174	0.01013	0.00791	0.01841	0.12121	0.07043	0.02983	0.04327	0.09748	0.42097	0.02468	0.00511	0.00668	0.01032	0.00554	0.00713
33	0.01811	0.01758	0.03144	0.05458	0.03043	0.04854	0.35278	0.02337	0.04179	0.07368	0.01911	0.02881	0.01630	0.00966	0.01083	0.00269	0.10926	0.09696	0.00465	0.00943
34	0.02859	0.01590	0.08334	0.01705	0.08007	0.01294	0.01363	0.03415	0.09302	0.50031	0.02651	0.02401	0.01741	0.00885	0.00743	0.00232	0.00693	0.00730	0.00794	0.01230
35	0.01147	0.00774	0.01028	0.07308	0.01461	0.00748	0.00801	0.01315	0.01482	0.07013	0.04036	0.46086	0.12589	0.09168	0.01187	0.00326	0.00517	0.01703	0.00651	0.00661

[dist]
# distance from previous block
# <min> <max>
0	217

# created by:
# /home/berkeley/.conda/envs/busco_data_prod/bin/msa2prfl.pl pipeline/OGs_align_augustus/5794/20076.fs
