[name]
unknown

[dist]
# distance from previous block
# <min> <max>
0	606

[block]
# block no. 0 follows, 29 sequences, length 29
# corresponding to MSA columns:
# 687-715
name=unknown_A
#
# <colnr> <probs for GDERKNQSTAVLIFYWHMCP>
#	G	D	E	R	K	N	Q	S	T	A	V	L	I	F	Y	W	H	M	C	P
0	0.05605	0.06118	0.10340	0.03548	0.03839	0.05546	0.03180	0.01883	0.01590	0.05808	0.07107	0.11500	0.02416	0.01120	0.00721	0.00220	0.00696	0.12161	0.00510	0.16092
1	0.11794	0.01315	0.01559	0.06566	0.05702	0.01356	0.01085	0.15477	0.05531	0.10618	0.14294	0.02755	0.06474	0.01079	0.02799	0.00238	0.00638	0.00773	0.00617	0.09331
2	0.12698	0.06064	0.15538	0.01346	0.01823	0.08408	0.01277	0.02194	0.05174	0.10423	0.13746	0.02831	0.02376	0.04640	0.04625	0.00293	0.00792	0.04355	0.00532	0.00865
3	0.23244	0.01494	0.05725	0.01363	0.03674	0.03796	0.01108	0.09802	0.06920	0.06209	0.03581	0.02123	0.01498	0.05507	0.16476	0.00451	0.05044	0.00638	0.00493	0.00854
4	0.02094	0.26455	0.08300	0.09888	0.05879	0.04056	0.01460	0.16101	0.03869	0.10534	0.01690	0.01796	0.03415	0.00764	0.00627	0.00198	0.00794	0.00580	0.00486	0.01012
5	0.06093	0.01792	0.02077	0.07691	0.21925	0.10712	0.01498	0.20081	0.04380	0.02940	0.09533	0.02141	0.01804	0.00828	0.00695	0.00212	0.00791	0.00684	0.03126	0.00999
6	0.02219	0.02025	0.10049	0.01616	0.02182	0.01985	0.01421	0.37200	0.26919	0.03681	0.02088	0.02027	0.01522	0.00874	0.00713	0.00225	0.00736	0.00687	0.00669	0.01162
7	0.01395	0.01297	0.02074	0.64849	0.04547	0.01604	0.01878	0.02050	0.09371	0.01955	0.01457	0.01987	0.01093	0.00742	0.00713	0.00238	0.00904	0.00653	0.00364	0.00830
8	0.00886	0.00662	0.00824	0.00912	0.01022	0.00600	0.00635	0.01060	0.01537	0.02024	0.16281	0.46784	0.20183	0.01996	0.00881	0.00267	0.00388	0.01775	0.00683	0.00600
9	0.00873	0.00717	0.00768	0.00768	0.00984	0.00612	0.00571	0.01078	0.01679	0.02084	0.18275	0.10373	0.55220	0.01765	0.00845	0.00240	0.00359	0.01494	0.00683	0.00612
10	0.00896	0.00721	0.00783	0.00769	0.00976	0.00625	0.00567	0.01104	0.01686	0.02127	0.22875	0.06329	0.49970	0.06215	0.01012	0.00264	0.00375	0.01420	0.00678	0.00609
11	0.01741	0.01670	0.02852	0.07910	0.67161	0.01686	0.02175	0.02167	0.01611	0.02300	0.01336	0.01769	0.01119	0.00638	0.00705	0.00213	0.00851	0.00634	0.00351	0.01111
12	0.02660	0.03394	0.02018	0.01834	0.02201	0.72116	0.01376	0.02843	0.02018	0.01743	0.01101	0.01284	0.00917	0.00734	0.00642	0.00183	0.01284	0.00459	0.00367	0.00825
13	0.00873	0.00646	0.00816	0.00935	0.01022	0.00589	0.00640	0.01023	0.01459	0.01914	0.09408	0.57058	0.16822	0.02096	0.00891	0.00275	0.00398	0.01875	0.00670	0.00589
14	0.01477	0.01266	0.01477	0.01055	0.01687	0.00949	0.00844	0.01793	0.01477	0.02320	0.01266	0.01477	0.01055	0.00527	0.00527	0.00105	0.00527	0.00422	0.00422	0.79328
15	0.06567	0.01558	0.01826	0.01968	0.16659	0.08443	0.01272	0.07194	0.01641	0.02335	0.01854	0.12094	0.04249	0.00982	0.00865	0.00208	0.09242	0.00780	0.00456	0.19808
16	0.01521	0.01201	0.01407	0.01276	0.01520	0.04546	0.00995	0.16731	0.05242	0.02352	0.01903	0.02618	0.01694	0.09360	0.43365	0.00804	0.01455	0.00745	0.00478	0.00786
17	0.01181	0.00732	0.00961	0.01043	0.01186	0.00674	0.00768	0.01361	0.01516	0.09988	0.04151	0.47838	0.11855	0.01982	0.00890	0.00282	0.00468	0.11773	0.00686	0.00667
18	0.02106	0.34776	0.02691	0.01442	0.01948	0.15742	0.01241	0.10181	0.18765	0.02334	0.01571	0.01613	0.01264	0.00750	0.00588	0.00188	0.00814	0.00532	0.00468	0.00984
19	0.01847	0.16114	0.37379	0.01763	0.02539	0.12604	0.01951	0.05565	0.07268	0.04521	0.01404	0.01541	0.01054	0.00712	0.00639	0.00207	0.00968	0.00525	0.00385	0.01012
20	0.01844	0.01668	0.10034	0.05656	0.35827	0.01429	0.01788	0.02305	0.03732	0.13839	0.03682	0.02596	0.01684	0.04983	0.00892	0.00252	0.00788	0.05481	0.00484	0.01034
21	0.11069	0.13174	0.10096	0.11715	0.02380	0.01673	0.05085	0.09687	0.05233	0.07857	0.01895	0.13603	0.01699	0.00971	0.00676	0.00225	0.00744	0.00808	0.00498	0.00912
22	0.00934	0.00696	0.00876	0.00976	0.01075	0.00660	0.00676	0.01197	0.05283	0.02030	0.12885	0.54301	0.11728	0.02013	0.00882	0.00273	0.00406	0.01805	0.00681	0.00624
23	0.01588	0.07115	0.12893	0.25210	0.31461	0.01738	0.05805	0.02083	0.01533	0.02109	0.01288	0.01731	0.01021	0.00661	0.00693	0.00219	0.00923	0.00611	0.00331	0.00987
24	0.01728	0.10296	0.10557	0.12119	0.27232	0.01859	0.17364	0.06219	0.01683	0.02302	0.01330	0.01715	0.01050	0.00652	0.00707	0.00216	0.00951	0.00642	0.00361	0.01018
25	0.01261	0.01117	0.01563	0.01662	0.09345	0.01335	0.01129	0.01412	0.01245	0.01765	0.02366	0.22476	0.05916	0.14648	0.01907	0.00358	0.28220	0.01129	0.00452	0.00693
26	0.00917	0.00691	0.00791	0.00822	0.00949	0.00627	0.00561	0.01063	0.01476	0.01899	0.13983	0.22074	0.29865	0.19284	0.01520	0.00357	0.00448	0.01485	0.00623	0.00565
27	0.11264	0.01524	0.01752	0.01420	0.01846	0.01647	0.05149	0.28861	0.11425	0.08628	0.02045	0.05702	0.01705	0.12487	0.01155	0.00298	0.00706	0.00778	0.00628	0.00981
28	0.07065	0.04325	0.08742	0.02384	0.19813	0.01739	0.08425	0.19523	0.02114	0.16370	0.01695	0.01813	0.01219	0.00741	0.00696	0.00217	0.00817	0.00640	0.00549	0.01113

[dist]
# distance from previous block
# <min> <max>
3	25

[block]
# block no. 1 follows, 29 sequences, length 10
# corresponding to MSA columns:
# 756-765
name=unknown_B
#
# <colnr> <probs for GDERKNQSTAVLIFYWHMCP>
#	G	D	E	R	K	N	Q	S	T	A	V	L	I	F	Y	W	H	M	C	P
0	0.01926	0.09787	0.13436	0.02056	0.10524	0.09053	0.07858	0.13542	0.15390	0.02703	0.05415	0.01987	0.01571	0.00793	0.00694	0.00214	0.00854	0.00663	0.00499	0.01036
1	0.01036	0.00865	0.01097	0.01357	0.12374	0.00787	0.00824	0.01258	0.01582	0.02038	0.08050	0.13349	0.42728	0.04122	0.00904	0.00252	0.00455	0.01349	0.04890	0.00685
2	0.01786	0.01448	0.01522	0.01356	0.01740	0.01654	0.01059	0.08698	0.54575	0.03056	0.02723	0.02580	0.02048	0.00938	0.00692	0.00229	0.00549	0.00772	0.11506	0.01070
3	0.01823	0.68643	0.03497	0.01212	0.01777	0.02643	0.01189	0.02054	0.01419	0.01673	0.01073	0.01292	0.00992	0.01038	0.06951	0.00242	0.00865	0.00415	0.00312	0.00889
4	0.01087	0.00693	0.00783	0.00779	0.00950	0.00647	0.00577	0.01372	0.01680	0.02504	0.25679	0.10348	0.17421	0.01347	0.00713	0.00210	0.00346	0.01150	0.31068	0.00647
5	0.01741	0.01423	0.02271	0.14840	0.32287	0.01477	0.05182	0.02319	0.08619	0.08585	0.04574	0.02188	0.01566	0.00757	0.00700	0.00217	0.00756	0.00700	0.08798	0.01001
6	0.00880	0.00674	0.00807	0.00876	0.01011	0.00601	0.00618	0.01058	0.01562	0.02020	0.15534	0.38601	0.29293	0.01951	0.00873	0.00261	0.00382	0.01716	0.00680	0.00601
7	0.01175	0.00882	0.01244	0.01484	0.10350	0.00817	0.00954	0.01406	0.01520	0.04472	0.08780	0.41098	0.03851	0.01701	0.00839	0.00257	0.00511	0.09221	0.00613	0.08827
8	0.01585	0.01436	0.02137	0.26798	0.22887	0.01638	0.01711	0.02409	0.18649	0.02306	0.01747	0.02078	0.01364	0.00789	0.00786	0.00230	0.04639	0.00678	0.05166	0.00966
9	0.01994	0.01994	0.02376	0.13133	0.34117	0.18419	0.01793	0.02524	0.08697	0.05862	0.01512	0.01796	0.01194	0.00717	0.00694	0.00212	0.00923	0.00614	0.00418	0.01012

[dist]
# distance from previous block
# <min> <max>
0	20

[block]
# block no. 2 follows, 29 sequences, length 53
# corresponding to MSA columns:
# 786-838
name=unknown_C
#
# <colnr> <probs for GDERKNQSTAVLIFYWHMCP>
#	G	D	E	R	K	N	Q	S	T	A	V	L	I	F	Y	W	H	M	C	P
0	0.04396	0.07574	0.27286	0.01945	0.10665	0.05056	0.03908	0.02275	0.04285	0.09052	0.08636	0.05132	0.01831	0.00838	0.00686	0.00214	0.00820	0.00698	0.00461	0.04241
1	0.05570	0.01684	0.13250	0.11170	0.18904	0.01399	0.01586	0.07700	0.01732	0.06826	0.09928	0.02580	0.04157	0.06187	0.00911	0.00253	0.00748	0.00746	0.03742	0.00926
2	0.32082	0.01625	0.12133	0.11815	0.05622	0.01455	0.01321	0.02094	0.04167	0.06831	0.01455	0.01882	0.01173	0.06447	0.06884	0.00336	0.00830	0.00573	0.00431	0.00842
3	0.01400	0.01502	0.10409	0.05545	0.23086	0.01254	0.01483	0.05105	0.03850	0.02548	0.24602	0.05701	0.08403	0.01077	0.00764	0.00224	0.00645	0.00954	0.00549	0.00898
4	0.02707	0.01995	0.02137	0.01638	0.02208	0.02208	0.01353	0.68159	0.03348	0.04488	0.01710	0.01710	0.01211	0.00855	0.00712	0.00214	0.00784	0.00641	0.00712	0.01211
5	0.01382	0.01304	0.02203	0.67103	0.10773	0.01592	0.01996	0.01852	0.01441	0.01865	0.01272	0.01886	0.00965	0.00705	0.00711	0.00235	0.00940	0.00633	0.00320	0.00821
6	0.32228	0.01572	0.02380	0.10534	0.21077	0.01667	0.16403	0.02129	0.01453	0.02598	0.01218	0.01577	0.00958	0.00646	0.00633	0.00224	0.00822	0.00583	0.00385	0.00913
7	0.00971	0.00691	0.00757	0.00778	0.00907	0.00635	0.00528	0.01118	0.01420	0.01892	0.07859	0.15356	0.29536	0.22709	0.01606	0.00366	0.00458	0.01327	0.10527	0.00561
8	0.13382	0.00910	0.00976	0.00860	0.01166	0.00900	0.00680	0.02191	0.01593	0.20405	0.02253	0.02375	0.01654	0.00818	0.00546	0.00188	0.00435	0.00636	0.47213	0.00821
9	0.01033	0.00701	0.00830	0.00830	0.00848	0.00719	0.00498	0.01070	0.01051	0.01420	0.02195	0.04390	0.02471	0.64876	0.13563	0.00756	0.00867	0.00996	0.00424	0.00461
10	0.00973	0.00727	0.00904	0.00860	0.01043	0.00657	0.00645	0.01277	0.01934	0.02662	0.57108	0.05637	0.19889	0.01528	0.00840	0.00227	0.00341	0.01332	0.00758	0.00657
11	0.80005	0.01377	0.01047	0.00936	0.01377	0.01597	0.00771	0.02093	0.01212	0.03195	0.00991	0.01157	0.00771	0.00661	0.00441	0.00220	0.00551	0.00386	0.00441	0.00771
12	0.01004	0.00677	0.00786	0.00817	0.00825	0.00669	0.00475	0.01027	0.01097	0.01463	0.02560	0.17806	0.02988	0.61285	0.03113	0.00615	0.00638	0.01222	0.00475	0.00459
13	0.01598	0.01332	0.07828	0.01857	0.17025	0.01107	0.01256	0.04614	0.01665	0.13718	0.03416	0.11606	0.18765	0.04091	0.06581	0.00321	0.00732	0.01036	0.00568	0.00883
14	0.02317	0.09874	0.02110	0.01581	0.02054	0.18611	0.01273	0.25563	0.23594	0.03071	0.01865	0.01848	0.01414	0.00836	0.00673	0.00209	0.00830	0.00622	0.00592	0.01063
15	0.01943	0.05717	0.33879	0.02014	0.02791	0.12710	0.13674	0.02567	0.03902	0.11788	0.01534	0.01695	0.01098	0.00707	0.00699	0.00218	0.01025	0.00601	0.00417	0.01020
16	0.01879	0.01870	0.12161	0.04347	0.14660	0.04543	0.08063	0.07054	0.11037	0.11566	0.08655	0.02408	0.03718	0.00874	0.00801	0.00227	0.03822	0.00753	0.00540	0.01021
17	0.01860	0.48319	0.03182	0.01395	0.01939	0.02212	0.09572	0.02139	0.01565	0.08099	0.08062	0.01943	0.01665	0.04454	0.00726	0.00204	0.00758	0.00591	0.00417	0.00899
18	0.02902	0.01126	0.01497	0.01172	0.01663	0.00986	0.00960	0.03186	0.01953	0.60289	0.02733	0.02460	0.01772	0.00873	0.00682	0.00212	0.00563	0.00708	0.13138	0.01126
19	0.01745	0.02140	0.24698	0.04142	0.11515	0.01527	0.01752	0.02736	0.21198	0.10738	0.06513	0.02450	0.01886	0.00872	0.00720	0.00231	0.00767	0.02768	0.00543	0.01058
20	0.02146	0.09351	0.02588	0.05429	0.35950	0.21731	0.01751	0.02470	0.01748	0.08267	0.01367	0.01630	0.01098	0.00685	0.00664	0.00199	0.00944	0.00567	0.00398	0.01017
21	0.01398	0.00772	0.00940	0.00883	0.01019	0.00733	0.00596	0.01538	0.01423	0.13174	0.12799	0.10488	0.03196	0.37860	0.02174	0.00455	0.00563	0.01074	0.08283	0.00632
22	0.01275	0.01111	0.01741	0.02459	0.31552	0.01082	0.01337	0.01553	0.01541	0.02116	0.06612	0.31343	0.08378	0.01446	0.00813	0.00249	0.00603	0.03429	0.00532	0.00829
23	0.01833	0.14960	0.21344	0.02706	0.25024	0.09761	0.07938	0.02316	0.01622	0.04194	0.01290	0.01568	0.01022	0.00657	0.00661	0.00205	0.00961	0.00564	0.00349	0.01025
24	0.05863	0.01358	0.01900	0.01594	0.01835	0.01617	0.07192	0.12136	0.01561	0.05316	0.01536	0.02135	0.01343	0.05378	0.22928	0.00548	0.23804	0.00696	0.00437	0.00824
25	0.00998	0.00702	0.00911	0.00942	0.00993	0.00737	0.00630	0.01107	0.01134	0.01555	0.02446	0.17174	0.02714	0.37659	0.26364	0.00769	0.01051	0.01129	0.00458	0.00528
26	0.02167	0.14732	0.02410	0.11873	0.02524	0.38869	0.03573	0.02408	0.01702	0.01755	0.01094	0.01405	0.00929	0.00776	0.00859	0.00205	0.11038	0.00505	0.00342	0.00833
27	0.32244	0.05688	0.04260	0.01696	0.08604	0.25131	0.01257	0.09191	0.01762	0.02657	0.01146	0.01327	0.00911	0.00701	0.00571	0.00204	0.00875	0.00465	0.00424	0.00886
28	0.01984	0.01580	0.01689	0.01467	0.01902	0.01795	0.01156	0.13102	0.56070	0.06864	0.02721	0.02507	0.02012	0.00945	0.00722	0.00236	0.00598	0.00776	0.00731	0.01144
29	0.01024	0.00736	0.01008	0.01008	0.01087	0.00816	0.00719	0.01184	0.01104	0.01552	0.02032	0.03490	0.02081	0.31247	0.46658	0.00975	0.01455	0.00864	0.00400	0.00560
30	0.00932	0.00710	0.00764	0.00759	0.00900	0.00642	0.00511	0.01057	0.01432	0.01801	0.11176	0.05860	0.38111	0.30099	0.01919	0.00413	0.00486	0.01302	0.00584	0.00542
31	0.01842	0.23066	0.02483	0.15477	0.02476	0.19601	0.01436	0.02097	0.01494	0.01725	0.01144	0.01548	0.01003	0.01200	0.07347	0.00294	0.14089	0.00527	0.00331	0.00819
32	0.02103	0.01587	0.01717	0.01467	0.01918	0.01781	0.01163	0.16324	0.49330	0.10408	0.02657	0.02447	0.01943	0.00935	0.00721	0.00234	0.00611	0.00764	0.00739	0.01152
33	0.01688	0.01175	0.01523	0.23802	0.02484	0.01318	0.01198	0.16384	0.01910	0.05603	0.04679	0.02315	0.01613	0.01003	0.03440	0.00242	0.00699	0.00681	0.27396	0.00846
34	0.01660	0.01587	0.02705	0.21265	0.54440	0.01665	0.02134	0.02096	0.01573	0.02202	0.01321	0.01796	0.01084	0.00653	0.00707	0.00218	0.00871	0.00634	0.00344	0.01045
35	0.00928	0.00720	0.00844	0.00822	0.01017	0.00637	0.00613	0.01186	0.01814	0.02398	0.39428	0.08877	0.34870	0.01642	0.00843	0.00234	0.00350	0.01414	0.00724	0.00637
36	0.01806	0.02056	0.14482	0.01647	0.02149	0.07910	0.06502	0.13715	0.21000	0.02736	0.06852	0.02463	0.01914	0.08152	0.01057	0.00274	0.03010	0.00750	0.00549	0.00977
37	0.00922	0.00725	0.00833	0.00806	0.01011	0.00636	0.00605	0.01178	0.01814	0.02376	0.37804	0.06107	0.39371	0.01634	0.00841	0.00232	0.00349	0.01398	0.00721	0.00636
38	0.01721	0.09961	0.45281	0.02006	0.02886	0.05149	0.09751	0.10631	0.01776	0.02463	0.01316	0.01533	0.00963	0.00687	0.00678	0.00217	0.01019	0.00560	0.00363	0.01038
39	0.01297	0.12530	0.01518	0.01097	0.01306	0.01203	0.00861	0.01588	0.04876	0.04739	0.01930	0.02922	0.01842	0.19434	0.38856	0.00799	0.01331	0.00763	0.00421	0.00687
40	0.03054	0.01438	0.01793	0.01374	0.01931	0.01382	0.01135	0.22166	0.02417	0.51796	0.02491	0.02217	0.01603	0.00874	0.00715	0.00218	0.00657	0.00694	0.00832	0.01212
41	0.01182	0.00986	0.01507	0.22567	0.12191	0.01070	0.01220	0.01426	0.01333	0.01782	0.02305	0.23706	0.02488	0.19023	0.03802	0.00387	0.00748	0.01139	0.00452	0.00687
42	0.01667	0.01599	0.08423	0.04307	0.02002	0.01259	0.01140	0.14257	0.01834	0.02695	0.01618	0.01790	0.03799	0.00671	0.00596	0.00150	0.00632	0.00532	0.03039	0.47989
43	0.01473	0.01261	0.01806	0.16878	0.02496	0.01136	0.07643	0.01826	0.01502	0.05062	0.01855	0.02205	0.06546	0.03781	0.00759	0.00187	0.00682	0.00631	0.00432	0.41839
44	0.29223	0.01448	0.03767	0.01166	0.01605	0.04361	0.00957	0.05093	0.11800	0.10950	0.02203	0.09591	0.05205	0.00956	0.00624	0.00218	0.00591	0.00741	0.00572	0.08928
45	0.01692	0.08803	0.05385	0.09023	0.04801	0.04375	0.03417	0.11978	0.17513	0.02524	0.02386	0.06358	0.06649	0.07626	0.00962	0.00264	0.00720	0.00817	0.03794	0.00914
46	0.01991	0.05468	0.07117	0.01590	0.05604	0.07368	0.01275	0.22975	0.09133	0.06207	0.09239	0.09659	0.02207	0.01005	0.00714	0.00214	0.00714	0.00822	0.00606	0.06092
47	0.01703	0.11361	0.11903	0.04224	0.13369	0.01606	0.01470	0.11906	0.01763	0.05362	0.02011	0.10073	0.05027	0.03312	0.03344	0.00260	0.03287	0.00788	0.00472	0.06759
48	0.01691	0.01539	0.05021	0.01507	0.06019	0.12841	0.03261	0.03894	0.01695	0.10711	0.05369	0.23145	0.07393	0.01449	0.03723	0.00263	0.00745	0.01089	0.00565	0.08080
49	0.02387	0.01749	0.06182	0.01579	0.06277	0.09029	0.01249	0.15169	0.02141	0.25699	0.08181	0.02190	0.01822	0.00832	0.00688	0.00198	0.00721	0.00666	0.00646	0.12595
50	0.07287	0.08240	0.15169	0.21623	0.05674	0.05341	0.04895	0.05119	0.04457	0.10682	0.01698	0.01921	0.03363	0.00759	0.00672	0.00220	0.00866	0.00621	0.00442	0.00950
51	0.01743	0.01651	0.09105	0.08114	0.04688	0.04802	0.06074	0.04212	0.05212	0.10756	0.04568	0.05170	0.03818	0.00806	0.00672	0.00189	0.00720	0.00692	0.00503	0.26504
52	0.11747	0.06027	0.01823	0.01594	0.08675	0.04369	0.05831	0.09947	0.01612	0.08116	0.01651	0.02095	0.03495	0.05073	0.01341	0.20325	0.00722	0.00637	0.00457	0.04461

[dist]
# distance from previous block
# <min> <max>
3	90

[block]
# block no. 3 follows, 29 sequences, length 18
# corresponding to MSA columns:
# 930-947
name=unknown_D
#
# <colnr> <probs for GDERKNQSTAVLIFYWHMCP>
#	G	D	E	R	K	N	Q	S	T	A	V	L	I	F	Y	W	H	M	C	P
0	0.01530	0.02343	0.26734	0.02052	0.09444	0.06401	0.07676	0.02209	0.08994	0.02239	0.05314	0.02515	0.09854	0.00935	0.00899	0.00235	0.08498	0.00756	0.00430	0.00943
1	0.01598	0.22933	0.12472	0.01508	0.07000	0.01725	0.01319	0.07185	0.06129	0.02355	0.10206	0.02600	0.10042	0.00898	0.00645	0.00192	0.00676	0.00716	0.00479	0.09324
2	0.01350	0.16176	0.01780	0.03568	0.08045	0.01317	0.00993	0.05572	0.01852	0.02476	0.32887	0.06100	0.12770	0.01214	0.00739	0.00212	0.00523	0.01031	0.00606	0.00789
3	0.14817	0.01309	0.01868	0.02500	0.31496	0.01338	0.01409	0.04674	0.01614	0.04594	0.06903	0.17092	0.02358	0.01102	0.00725	0.00235	0.00652	0.03900	0.00507	0.00907
4	0.01660	0.01320	0.01585	0.01587	0.10634	0.05918	0.01067	0.04918	0.01623	0.09126	0.02039	0.16654	0.01944	0.01377	0.06952	0.00270	0.00739	0.00849	0.00514	0.29225
5	0.01380	0.01197	0.01491	0.19792	0.02382	0.01348	0.01199	0.02399	0.29005	0.02398	0.07690	0.03857	0.16195	0.01171	0.00770	0.00245	0.00613	0.05391	0.00605	0.00872
6	0.01704	0.01605	0.02601	0.03693	0.56458	0.01540	0.01911	0.02105	0.01592	0.02325	0.01324	0.01704	0.01113	0.00613	0.00669	0.00190	0.00781	0.00591	0.00367	0.17115
7	0.02764	0.01697	0.15851	0.01400	0.02039	0.01156	0.01350	0.03154	0.01908	0.54407	0.02478	0.02244	0.01589	0.00838	0.00700	0.00219	0.00687	0.00675	0.03684	0.01159
8	0.63967	0.01414	0.01279	0.01127	0.01478	0.01717	0.00932	0.02016	0.01187	0.02892	0.00980	0.01239	0.00805	0.00781	0.00828	0.00239	0.15500	0.00434	0.00414	0.00773
9	0.01184	0.00909	0.01115	0.01082	0.01300	0.00922	0.00851	0.01855	0.15673	0.02706	0.41268	0.05354	0.07722	0.01467	0.00844	0.00248	0.00445	0.13553	0.00742	0.00759
10	0.09035	0.01874	0.02141	0.05236	0.18398	0.09213	0.01486	0.27903	0.02347	0.13040	0.01636	0.01741	0.01191	0.00771	0.00681	0.00213	0.00813	0.00609	0.00575	0.01096
11	0.11315	0.02226	0.01849	0.01560	0.02021	0.24031	0.01232	0.24141	0.13708	0.08436	0.01723	0.01729	0.01274	0.00816	0.00662	0.00210	0.00864	0.00588	0.00588	0.01026
12	0.01369	0.01597	0.13073	0.16557	0.14684	0.01341	0.01580	0.02040	0.10598	0.02404	0.19347	0.03116	0.07352	0.00989	0.00748	0.00228	0.00701	0.00864	0.00516	0.00895
13	0.01333	0.01230	0.02108	0.52617	0.04103	0.01445	0.07382	0.01788	0.01490	0.01922	0.01792	0.03154	0.01604	0.00959	0.00778	0.00256	0.00910	0.13961	0.00389	0.00778
14	0.01711	0.01581	0.02555	0.02453	0.17786	0.01603	0.19986	0.10972	0.13363	0.02768	0.12135	0.02711	0.05299	0.00885	0.00773	0.00228	0.00791	0.00858	0.00543	0.01000
15	0.01495	0.01943	0.16301	0.13979	0.02631	0.01972	0.01848	0.01842	0.01231	0.01842	0.01061	0.01604	0.00930	0.01039	0.01723	0.00281	0.46524	0.00605	0.00310	0.00837
16	0.01158	0.00936	0.01153	0.01213	0.05969	0.00922	0.00853	0.01747	0.13367	0.02558	0.33719	0.05185	0.21275	0.01437	0.00821	0.00237	0.00438	0.05545	0.00705	0.00762
17	0.01273	0.08891	0.08816	0.01532	0.07464	0.01243	0.05796	0.01780	0.08979	0.02189	0.10998	0.19093	0.16433	0.01345	0.00775	0.00236	0.00603	0.01182	0.00561	0.00809

[dist]
# distance from previous block
# <min> <max>
23	176

[block]
# block no. 4 follows, 29 sequences, length 20
# corresponding to MSA columns:
# 1151-1170
name=unknown_E
#
# <colnr> <probs for GDERKNQSTAVLIFYWHMCP>
#	G	D	E	R	K	N	Q	S	T	A	V	L	I	F	Y	W	H	M	C	P
0	0.01868	0.15225	0.26305	0.01782	0.06082	0.05029	0.01746	0.12080	0.01782	0.06063	0.01380	0.01639	0.01083	0.03379	0.00849	0.00221	0.05665	0.00548	0.00414	0.06859
1	0.01637	0.02198	0.21199	0.01772	0.02361	0.10470	0.13889	0.04419	0.01728	0.05886	0.06795	0.06638	0.09149	0.02804	0.00824	0.00237	0.00881	0.02888	0.00474	0.03752
2	0.01684	0.28806	0.18553	0.01510	0.02126	0.04423	0.05929	0.06442	0.04084	0.02218	0.04567	0.02287	0.06200	0.00839	0.00631	0.00200	0.00799	0.03167	0.04616	0.00918
3	0.01604	0.15349	0.06476	0.05416	0.01808	0.05317	0.01135	0.06452	0.04199	0.07220	0.12775	0.11855	0.05705	0.03401	0.04504	0.00283	0.00730	0.04393	0.00553	0.00828
4	0.02080	0.05773	0.08869	0.01538	0.02074	0.08338	0.07335	0.08679	0.14285	0.15149	0.04090	0.02119	0.01614	0.00804	0.00673	0.00205	0.00748	0.00664	0.07644	0.07319
5	0.01838	0.15834	0.08320	0.01564	0.06356	0.04839	0.01283	0.20876	0.04747	0.02746	0.04770	0.13872	0.05057	0.01065	0.00692	0.00215	0.00708	0.00869	0.03407	0.00943
6	0.01900	0.01896	0.06263	0.01468	0.01912	0.17595	0.04148	0.10912	0.04253	0.07095	0.02219	0.16889	0.04328	0.01069	0.00712	0.00207	0.00778	0.00889	0.00537	0.14930
7	0.09648	0.06372	0.10105	0.01380	0.04737	0.01285	0.01183	0.02035	0.11573	0.05353	0.07362	0.07647	0.10844	0.01546	0.06304	0.00313	0.00720	0.10195	0.00560	0.00838
8	0.02233	0.24371	0.14656	0.01640	0.02247	0.22852	0.01543	0.17942	0.02073	0.02460	0.01243	0.01381	0.00983	0.00716	0.00610	0.00189	0.00971	0.00490	0.00418	0.00982
9	0.01597	0.04518	0.01594	0.01352	0.01644	0.01475	0.01079	0.06023	0.24817	0.04843	0.02531	0.10227	0.02346	0.06868	0.01184	0.00285	0.10202	0.09819	0.00595	0.07000
10	0.37908	0.09136	0.01831	0.01525	0.07112	0.14743	0.01143	0.14374	0.01807	0.02950	0.01170	0.01327	0.00920	0.00703	0.00550	0.00205	0.00771	0.00465	0.00457	0.00904
11	0.01426	0.01349	0.02283	0.59799	0.17731	0.01603	0.02018	0.01891	0.01462	0.01918	0.01280	0.01872	0.00984	0.00697	0.00711	0.00232	0.00929	0.00633	0.00323	0.00857
12	0.00935	0.00685	0.00880	0.00938	0.01060	0.00631	0.00677	0.01160	0.01667	0.02257	0.30431	0.35445	0.13438	0.01859	0.00877	0.00260	0.00389	0.05080	0.00709	0.00622
13	0.00949	0.00719	0.00887	0.00950	0.01111	0.00658	0.00728	0.01181	0.01648	0.02142	0.19140	0.23074	0.26684	0.01867	0.00888	0.00267	0.00431	0.15366	0.00686	0.00622
14	0.00886	0.00707	0.00794	0.00806	0.00998	0.00615	0.00592	0.01095	0.01678	0.02134	0.22008	0.17041	0.44565	0.01786	0.00852	0.00244	0.00363	0.01532	0.00691	0.00615
15	0.01144	0.00912	0.01337	0.06758	0.01563	0.00933	0.07762	0.01429	0.05251	0.01845	0.10169	0.13225	0.02992	0.35284	0.05925	0.00499	0.00744	0.01115	0.00500	0.00613
16	0.02660	0.03394	0.02018	0.01834	0.02201	0.72116	0.01376	0.02843	0.02018	0.01743	0.01101	0.01284	0.00917	0.00734	0.00642	0.00183	0.01284	0.00459	0.00367	0.00825
17	0.00899	0.00653	0.00840	0.00977	0.01050	0.00609	0.00678	0.01041	0.01400	0.01834	0.04198	0.56851	0.12107	0.06172	0.01058	0.00309	0.00444	0.07651	0.00648	0.00580
18	0.01659	0.01374	0.01574	0.01141	0.01765	0.01136	0.00919	0.11631	0.01754	0.02642	0.01331	0.01511	0.01078	0.00576	0.00555	0.00122	0.00565	0.00454	0.00465	0.67748
19	0.01110	0.00850	0.01151	0.01069	0.01274	0.00870	0.00808	0.01336	0.01192	0.01740	0.01835	0.02834	0.01766	0.15422	0.47307	0.00869	0.01445	0.00739	0.00397	0.15983

[dist]
# distance from previous block
# <min> <max>
0	1

[block]
# block no. 5 follows, 29 sequences, length 12
# corresponding to MSA columns:
# 1172-1183
name=unknown_F
#
# <colnr> <probs for GDERKNQSTAVLIFYWHMCP>
#	G	D	E	R	K	N	Q	S	T	A	V	L	I	F	Y	W	H	M	C	P
0	0.01442	0.01081	0.01198	0.01082	0.01365	0.01146	0.00836	0.08234	0.22871	0.02939	0.26684	0.03820	0.08706	0.01167	0.00734	0.00220	0.00449	0.00988	0.14184	0.00856
1	0.02211	0.05720	0.01978	0.05858	0.02188	0.06426	0.01280	0.27394	0.30213	0.05958	0.02139	0.02083	0.01580	0.00872	0.00699	0.00222	0.00726	0.00686	0.00656	0.01111
2	0.12482	0.02967	0.52074	0.01725	0.02575	0.01516	0.02109	0.02112	0.01530	0.02467	0.10327	0.01958	0.01651	0.00777	0.00665	0.00225	0.00887	0.00607	0.00384	0.00962
3	0.04810	0.18415	0.38807	0.01835	0.02660	0.01896	0.08767	0.05678	0.01599	0.04476	0.01316	0.01543	0.00993	0.00839	0.03233	0.00244	0.00988	0.00542	0.00356	0.01000
4	0.01957	0.40392	0.20544	0.01440	0.02128	0.02110	0.01547	0.02352	0.01572	0.13520	0.01525	0.01834	0.01231	0.00748	0.00586	0.00192	0.00804	0.04113	0.00420	0.00985
5	0.00909	0.00683	0.00842	0.00889	0.01025	0.00616	0.00634	0.01120	0.01653	0.02200	0.27404	0.33377	0.22341	0.01855	0.00868	0.00254	0.00373	0.01638	0.00703	0.00616
6	0.01500	0.01506	0.02423	0.40102	0.15574	0.05739	0.11170	0.01943	0.01563	0.02012	0.04157	0.02266	0.05413	0.00777	0.00737	0.00230	0.00929	0.00729	0.00370	0.00860
7	0.01949	0.02045	0.16301	0.02218	0.18609	0.07519	0.01668	0.08811	0.06627	0.11575	0.02082	0.02487	0.03873	0.00876	0.00709	0.00222	0.00807	0.05255	0.05341	0.01025
8	0.00962	0.00642	0.00850	0.00950	0.00982	0.00625	0.00624	0.01008	0.01224	0.01640	0.03092	0.46221	0.03625	0.16730	0.06032	0.11588	0.00587	0.01555	0.00549	0.00515
9	0.04762	0.00784	0.00877	0.00810	0.01013	0.00762	0.00597	0.01782	0.01544	0.12142	0.11054	0.03260	0.02539	0.14123	0.01127	0.00277	0.00444	0.00806	0.40591	0.00705
10	0.02064	0.02258	0.23417	0.08288	0.14257	0.01675	0.05902	0.16204	0.02005	0.14522	0.01651	0.01807	0.01167	0.00740	0.00708	0.00222	0.00885	0.00629	0.00500	0.01098
11	0.01659	0.01766	0.11340	0.14402	0.10787	0.03482	0.10945	0.02220	0.05682	0.06491	0.01554	0.01845	0.01182	0.00675	0.00669	0.00197	0.00820	0.00613	0.05153	0.18518

[dist]
# distance from previous block
# <min> <max>
0	14

[block]
# block no. 6 follows, 29 sequences, length 12
# corresponding to MSA columns:
# 1212-1223
name=unknown_G
#
# <colnr> <probs for GDERKNQSTAVLIFYWHMCP>
#	G	D	E	R	K	N	Q	S	T	A	V	L	I	F	Y	W	H	M	C	P
0	0.01568	0.00883	0.01141	0.01041	0.01215	0.00900	0.00750	0.04418	0.04146	0.14719	0.02122	0.03216	0.01963	0.27514	0.18758	0.12698	0.00947	0.00822	0.00509	0.00668
1	0.70787	0.01357	0.01119	0.00976	0.01430	0.01531	0.00804	0.02258	0.01311	0.11335	0.01210	0.01309	0.00890	0.00687	0.00474	0.00220	0.00557	0.00425	0.00494	0.00824
2	0.01543	0.11339	0.34297	0.01959	0.11335	0.01597	0.01892	0.02099	0.01504	0.02213	0.01248	0.01486	0.00977	0.00620	0.00611	0.00181	0.00840	0.00493	0.00343	0.23422
3	0.01104	0.00759	0.00926	0.00866	0.01083	0.00675	0.00656	0.01386	0.01892	0.07203	0.45578	0.05609	0.26558	0.01527	0.00832	0.00229	0.00362	0.01317	0.00752	0.00686
4	0.01910	0.01670	0.11136	0.02094	0.14595	0.01374	0.09430	0.04341	0.09634	0.18187	0.13613	0.02740	0.04220	0.00907	0.00749	0.00225	0.00727	0.00818	0.00601	0.01028
5	0.01789	0.19823	0.33303	0.01935	0.02751	0.02039	0.12743	0.13011	0.01821	0.02489	0.01308	0.01521	0.00984	0.00678	0.00658	0.00209	0.00965	0.00562	0.00379	0.01031
6	0.01164	0.00825	0.00988	0.00918	0.01150	0.00769	0.00698	0.01596	0.07630	0.06881	0.42791	0.05336	0.23604	0.01474	0.00823	0.00230	0.00379	0.01270	0.00751	0.00725
7	0.01605	0.01566	0.02109	0.02137	0.13380	0.06109	0.04215	0.05861	0.01470	0.02040	0.01868	0.10715	0.06164	0.01217	0.01522	0.00270	0.35644	0.00853	0.00414	0.00839
8	0.00865	0.00673	0.00787	0.00863	0.01003	0.00595	0.00607	0.01028	0.01523	0.01933	0.09729	0.39352	0.34530	0.01987	0.00874	0.00263	0.00384	0.01740	0.00669	0.00595
9	0.01146	0.00889	0.01078	0.00988	0.01265	0.00769	0.00757	0.01384	0.01525	0.02122	0.13030	0.10487	0.11569	0.13192	0.01227	0.00291	0.00519	0.13203	0.00570	0.23990
10	0.01492	0.01189	0.01721	0.10857	0.19610	0.01229	0.01304	0.09604	0.01767	0.04623	0.10462	0.16964	0.05566	0.07314	0.01018	0.00276	0.00661	0.02952	0.00548	0.00845
11	0.02328	0.25020	0.02501	0.01560	0.02027	0.32147	0.01284	0.14712	0.04809	0.02285	0.01367	0.04324	0.01175	0.00788	0.00612	0.00186	0.00967	0.00546	0.00438	0.00926

[dist]
# distance from previous block
# <min> <max>
0	88

[block]
# block no. 7 follows, 29 sequences, length 50
# corresponding to MSA columns:
# 1312-1343,1345-1362
name=unknown_H
#
# <colnr> <probs for GDERKNQSTAVLIFYWHMCP>
#	G	D	E	R	K	N	Q	S	T	A	V	L	I	F	Y	W	H	M	C	P
0	0.01698	0.08715	0.14799	0.08066	0.11631	0.01605	0.01581	0.12900	0.04329	0.04619	0.02204	0.02639	0.08123	0.01099	0.03783	0.00256	0.00823	0.04818	0.00480	0.05830
1	0.06398	0.22640	0.31327	0.04224	0.02376	0.01799	0.04177	0.02011	0.01503	0.02151	0.07104	0.08056	0.01716	0.00855	0.00642	0.00211	0.00828	0.00686	0.00384	0.00911
2	0.06753	0.04175	0.01641	0.01371	0.01754	0.01654	0.01089	0.22875	0.25480	0.03143	0.02584	0.16380	0.02331	0.01196	0.00742	0.00242	0.00614	0.04311	0.00672	0.00992
3	0.14798	0.01548	0.02015	0.17842	0.14092	0.05292	0.04949	0.02408	0.14560	0.04946	0.01620	0.01968	0.01283	0.03601	0.00896	0.00250	0.05913	0.00645	0.00452	0.00921
4	0.01758	0.01463	0.01546	0.03541	0.10866	0.14711	0.01122	0.02068	0.03557	0.12535	0.16932	0.16700	0.05748	0.01263	0.00776	0.00231	0.00676	0.03056	0.00614	0.00838
5	0.05267	0.01401	0.01534	0.01265	0.01713	0.01447	0.01003	0.15983	0.23711	0.03119	0.15184	0.02632	0.02528	0.00921	0.00685	0.00199	0.00556	0.00756	0.00649	0.19447
6	0.01565	0.01504	0.02622	0.22867	0.40843	0.01577	0.07700	0.01992	0.01550	0.02140	0.01547	0.07981	0.01378	0.00788	0.00736	0.00228	0.00868	0.00770	0.00369	0.00974
7	0.64815	0.01334	0.01096	0.00986	0.01398	0.01532	0.00799	0.02201	0.08317	0.03142	0.07408	0.01686	0.01451	0.00764	0.00506	0.00223	0.00533	0.00510	0.00501	0.00799
8	0.01268	0.00831	0.01166	0.07186	0.01519	0.00896	0.00906	0.01494	0.01301	0.07718	0.02287	0.03862	0.02228	0.20781	0.30771	0.00728	0.01186	0.09844	0.03375	0.00653
9	0.23369	0.01109	0.01223	0.01016	0.01433	0.01092	0.00825	0.02612	0.01669	0.34356	0.02189	0.02145	0.01513	0.00808	0.00583	0.00206	0.00517	0.00613	0.21778	0.00946
10	0.01017	0.00702	0.00871	0.00885	0.00920	0.00730	0.00564	0.01090	0.01090	0.01485	0.02304	0.10125	0.02570	0.51705	0.20225	0.00768	0.00966	0.01052	0.00439	0.00494
11	0.01090	0.00749	0.00961	0.00896	0.01088	0.00682	0.00676	0.01408	0.01979	0.05833	0.61035	0.05337	0.12644	0.01464	0.00834	0.00225	0.00350	0.01283	0.00776	0.00689
12	0.04430	0.01806	0.02138	0.01727	0.02203	0.08111	0.12320	0.19459	0.27317	0.03128	0.07964	0.02355	0.01985	0.00889	0.00735	0.00227	0.00770	0.00767	0.00625	0.01043
13	0.01059	0.00690	0.00844	0.00844	0.00861	0.00707	0.00515	0.01052	0.01036	0.01397	0.02069	0.04093	0.02308	0.56474	0.12430	0.10985	0.00839	0.00946	0.00409	0.00442
14	0.01404	0.01202	0.10201	0.01142	0.01474	0.00900	0.01030	0.01848	0.04375	0.11051	0.32015	0.08005	0.04262	0.01303	0.00785	0.00234	0.00513	0.08855	0.08604	0.00798
15	0.01036	0.00690	0.00777	0.00777	0.00777	0.00690	0.00431	0.01036	0.01036	0.01381	0.02244	0.04660	0.02589	0.74975	0.03624	0.00690	0.00690	0.01036	0.00431	0.00431
16	0.01671	0.05627	0.17354	0.01303	0.02004	0.01207	0.01284	0.02094	0.01563	0.10227	0.03651	0.01698	0.01277	0.00636	0.00589	0.00152	0.00661	0.00505	0.00453	0.46042
17	0.02191	0.02488	0.26421	0.01720	0.02439	0.01879	0.01754	0.38461	0.02568	0.06716	0.05153	0.01857	0.01413	0.00824	0.00706	0.00219	0.00847	0.00638	0.00579	0.01127
18	0.02074	0.25251	0.02582	0.01531	0.01882	0.02190	0.01338	0.09023	0.01604	0.14097	0.01360	0.01591	0.01101	0.00938	0.01282	0.00234	0.29965	0.00563	0.00450	0.00943
19	0.02834	0.01106	0.01461	0.01150	0.01627	0.00973	0.00940	0.03120	0.01933	0.57811	0.02715	0.02468	0.01775	0.00871	0.00674	0.00210	0.00553	0.00706	0.15966	0.01106
20	0.05527	0.01407	0.14638	0.01170	0.01586	0.00959	0.01105	0.01863	0.01788	0.14270	0.30113	0.09251	0.10950	0.01260	0.00772	0.00230	0.00540	0.01074	0.00667	0.00829
21	0.02184	0.01682	0.04875	0.15322	0.26748	0.06007	0.01718	0.06716	0.03848	0.21147	0.01781	0.01951	0.01284	0.00748	0.00705	0.00218	0.00822	0.00647	0.00523	0.01074
22	0.02289	0.01040	0.01321	0.01086	0.01414	0.00962	0.00812	0.05867	0.01698	0.39143	0.02521	0.03298	0.02071	0.31091	0.01902	0.00412	0.00650	0.00842	0.00689	0.00894
23	0.01145	0.00961	0.01447	0.08912	0.17013	0.00963	0.01148	0.01415	0.01532	0.02067	0.11029	0.29829	0.11002	0.01715	0.04037	0.00293	0.00624	0.03566	0.00559	0.00741
24	0.02095	0.11776	0.12009	0.01708	0.02283	0.10491	0.07442	0.20646	0.02103	0.05828	0.04369	0.01733	0.01312	0.00792	0.00790	0.00206	0.06309	0.00600	0.00487	0.07024
25	0.01938	0.01942	0.11693	0.09397	0.08417	0.08754	0.16984	0.04795	0.01741	0.14251	0.04544	0.02252	0.01525	0.07421	0.00997	0.00265	0.00932	0.00727	0.00476	0.00949
26	0.01711	0.01180	0.01733	0.02159	0.23572	0.01144	0.01266	0.06820	0.01743	0.14632	0.04561	0.27905	0.05874	0.01334	0.00789	0.00242	0.00610	0.01198	0.00608	0.00919
27	0.02299	0.15272	0.02344	0.01737	0.02068	0.45611	0.01387	0.02485	0.01726	0.01725	0.01047	0.01318	0.00920	0.00820	0.00967	0.00205	0.16413	0.00480	0.00345	0.00831
28	0.19651	0.01621	0.08793	0.11043	0.10026	0.06736	0.01390	0.01846	0.01415	0.02238	0.01839	0.17560	0.01852	0.01113	0.00838	0.00246	0.07293	0.03260	0.00438	0.00803
29	0.02280	0.01654	0.01826	0.01515	0.01985	0.01820	0.01240	0.36638	0.21596	0.08753	0.02391	0.02839	0.01893	0.01030	0.00751	0.00237	0.00692	0.09022	0.00721	0.01116
30	0.00946	0.00780	0.00847	0.00850	0.01068	0.00716	0.00632	0.01294	0.07467	0.02070	0.11551	0.14988	0.47899	0.01889	0.03500	0.00279	0.00441	0.01464	0.00667	0.00651
31	0.01010	0.00695	0.00852	0.00874	0.00903	0.00713	0.00548	0.01074	0.01099	0.01489	0.02399	0.13396	0.02713	0.52410	0.16165	0.00724	0.00883	0.01113	0.00452	0.00489
32	0.01727	0.01558	0.02609	0.16862	0.07935	0.01680	0.21949	0.13221	0.01824	0.02568	0.01529	0.01946	0.01178	0.00764	0.00869	0.00228	0.07645	0.00702	0.12287	0.00919
33	0.80005	0.01377	0.01047	0.00936	0.01377	0.01597	0.00771	0.02093	0.01212	0.03195	0.00991	0.01157	0.00771	0.00661	0.00441	0.00220	0.00551	0.00386	0.00441	0.00771
34	0.01425	0.01348	0.02282	0.59948	0.17589	0.01603	0.02018	0.01890	0.01462	0.01917	0.01280	0.01872	0.00984	0.00697	0.00711	0.00232	0.00929	0.00633	0.00323	0.00856
35	0.00920	0.00751	0.00905	0.07091	0.01335	0.00695	0.00711	0.01144	0.01630	0.02065	0.17594	0.18579	0.40585	0.01724	0.00842	0.00246	0.00417	0.01484	0.00654	0.00626
36	0.00891	0.00666	0.00832	0.00937	0.01046	0.00607	0.00663	0.01060	0.01500	0.01953	0.10458	0.47866	0.20816	0.02043	0.00891	0.00274	0.00409	0.05820	0.00671	0.00597
37	0.03869	0.01556	0.02007	0.19158	0.02677	0.01874	0.01488	0.18469	0.11285	0.08508	0.01639	0.01895	0.01244	0.00935	0.01133	0.00250	0.19864	0.00657	0.00520	0.00973
38	0.01523	0.00874	0.01107	0.00979	0.01257	0.00795	0.00758	0.01893	0.04862	0.18528	0.42018	0.04767	0.15081	0.01355	0.00806	0.00226	0.00412	0.01167	0.00785	0.00806
39	0.02064	0.06572	0.02106	0.02104	0.18140	0.06034	0.01375	0.15698	0.01922	0.12692	0.01850	0.07631	0.01607	0.06781	0.03734	0.00294	0.07126	0.00762	0.00530	0.00980
40	0.01414	0.00988	0.01272	0.01106	0.01400	0.00936	0.00847	0.01640	0.01420	0.09931	0.05345	0.14368	0.04382	0.08365	0.14884	0.00425	0.06304	0.00924	0.00522	0.23526
41	0.03195	0.01212	0.01652	0.01267	0.01818	0.01047	0.01047	0.03470	0.02038	0.71026	0.02809	0.02424	0.01763	0.00881	0.00716	0.00220	0.00606	0.00716	0.00881	0.01212
42	0.01543	0.01604	0.08280	0.14433	0.33534	0.01489	0.04320	0.04868	0.01551	0.02160	0.01582	0.04881	0.01434	0.10609	0.04424	0.00327	0.00905	0.00743	0.00382	0.00930
43	0.01725	0.04415	0.15491	0.01413	0.02034	0.10538	0.01325	0.08769	0.04368	0.02507	0.08012	0.01886	0.01609	0.00726	0.00626	0.00168	0.00746	0.00567	0.00463	0.32610
44	0.01769	0.09577	0.11379	0.05904	0.41728	0.08056	0.04278	0.02203	0.01601	0.02154	0.01297	0.01673	0.01075	0.00822	0.03318	0.00241	0.00957	0.00591	0.00342	0.01033
45	0.01531	0.03758	0.04183	0.07921	0.07331	0.03944	0.11585	0.01959	0.04918	0.05716	0.04479	0.02823	0.11119	0.05661	0.04021	0.00276	0.02924	0.00796	0.00468	0.14586
46	0.08775	0.06135	0.05250	0.04478	0.12006	0.03892	0.10999	0.07372	0.16661	0.02591	0.01972	0.04757	0.03998	0.00822	0.00686	0.00216	0.00764	0.00722	0.00494	0.07411
47	0.10747	0.08497	0.04479	0.12146	0.14008	0.11723	0.10153	0.04573	0.01628	0.02263	0.04313	0.01735	0.01238	0.00745	0.00786	0.00216	0.06440	0.00604	0.00386	0.03319
48	0.01811	0.04893	0.21647	0.01792	0.05344	0.04140	0.07224	0.10316	0.03959	0.10603	0.01966	0.02425	0.03492	0.04187	0.09892	0.00359	0.01008	0.03488	0.00485	0.00968
49	0.01377	0.04199	0.14154	0.08784	0.02202	0.04451	0.06952	0.06262	0.03771	0.02228	0.08623	0.13332	0.12159	0.04132	0.03955	0.00291	0.00791	0.01023	0.00506	0.00809

[dist]
# distance from previous block
# <min> <max>
4	20

[block]
# block no. 8 follows, 29 sequences, length 13
# corresponding to MSA columns:
# 1383-1395
name=unknown_I
#
# <colnr> <probs for GDERKNQSTAVLIFYWHMCP>
#	G	D	E	R	K	N	Q	S	T	A	V	L	I	F	Y	W	H	M	C	P
0	0.01819	0.07640	0.11100	0.06030	0.05425	0.07925	0.01363	0.09958	0.01904	0.09156	0.16967	0.02552	0.02416	0.00943	0.00805	0.00215	0.05731	0.00740	0.06400	0.00909
1	0.16214	0.01907	0.13914	0.05999	0.24607	0.01703	0.01744	0.06699	0.05803	0.02561	0.01452	0.04636	0.01214	0.00810	0.00815	0.00231	0.07656	0.00637	0.00415	0.00982
2	0.02223	0.02068	0.08357	0.07131	0.05790	0.06785	0.01507	0.34593	0.18051	0.03441	0.01851	0.01897	0.01361	0.00834	0.00707	0.00221	0.00807	0.00655	0.00606	0.01115
3	0.08311	0.04914	0.02018	0.01577	0.02076	0.14164	0.01282	0.41556	0.08850	0.03602	0.01694	0.01850	0.01291	0.00854	0.00679	0.00213	0.00828	0.02550	0.00616	0.01076
4	0.01021	0.00750	0.01077	0.01077	0.01181	0.00853	0.00806	0.01228	0.01124	0.01603	0.01969	0.03139	0.01929	0.18119	0.59578	0.01061	0.01684	0.00813	0.00391	0.00598
5	0.01924	0.01744	0.02762	0.03904	0.58858	0.01780	0.02043	0.13458	0.01916	0.02696	0.01403	0.01753	0.01142	0.00672	0.00706	0.00212	0.00835	0.00636	0.00414	0.01142
6	0.01757	0.01523	0.07641	0.15650	0.30114	0.01379	0.01732	0.02151	0.01623	0.13902	0.02220	0.09086	0.06270	0.00925	0.00734	0.00228	0.00766	0.00830	0.00483	0.00987
7	0.01555	0.01675	0.14049	0.09232	0.24190	0.01319	0.03528	0.01944	0.01521	0.08187	0.02311	0.02896	0.09619	0.13513	0.01221	0.00303	0.00796	0.00801	0.00438	0.00903
8	0.01847	0.01365	0.02210	0.02537	0.26361	0.01325	0.09230	0.06654	0.01762	0.15042	0.02349	0.19694	0.02203	0.01118	0.00781	0.00239	0.00728	0.03013	0.00560	0.00982
9	0.01430	0.01610	0.14564	0.01972	0.10484	0.01185	0.13045	0.01837	0.01578	0.07587	0.02887	0.21689	0.08592	0.01297	0.00815	0.00253	0.00753	0.07039	0.00522	0.00858
10	0.01557	0.02040	0.16649	0.02650	0.27341	0.08064	0.07064	0.02007	0.01664	0.02231	0.08262	0.05591	0.09946	0.00928	0.00741	0.00222	0.00837	0.00831	0.00432	0.00944
11	0.01688	0.01846	0.07466	0.09002	0.43352	0.01711	0.19973	0.02188	0.01615	0.02272	0.01357	0.01799	0.01088	0.00634	0.00740	0.00222	0.00962	0.00683	0.00349	0.01053
12	0.01462	0.01566	0.08430	0.22990	0.34138	0.01467	0.01906	0.01884	0.01511	0.02090	0.01755	0.14220	0.01670	0.00933	0.00739	0.00233	0.00819	0.00862	0.00390	0.00932

[dist]
# distance from previous block
# <min> <max>
0	3

[block]
# block no. 9 follows, 29 sequences, length 28
# corresponding to MSA columns:
# 1399,1400,1405-1409,1413-1433
name=unknown_J
#
# <colnr> <probs for GDERKNQSTAVLIFYWHMCP>
#	G	D	E	R	K	N	Q	S	T	A	V	L	I	F	Y	W	H	M	C	P
0	0.01605	0.09477	0.02708	0.05431	0.38585	0.01675	0.08212	0.01968	0.01537	0.02125	0.01710	0.11141	0.01656	0.00925	0.00831	0.00230	0.05358	0.03466	0.00396	0.00967
1	0.01640	0.02334	0.30035	0.11148	0.04832	0.01554	0.10331	0.08515	0.03811	0.06723	0.05950	0.06552	0.01661	0.00855	0.00735	0.00231	0.00899	0.00756	0.00453	0.00983
2	0.01927	0.07905	0.12705	0.05977	0.02648	0.15217	0.15678	0.08350	0.06008	0.04906	0.01598	0.06231	0.01326	0.00843	0.00817	0.00225	0.05551	0.00710	0.00436	0.00943
3	0.02058	0.01216	0.01679	0.01328	0.01735	0.01171	0.09387	0.12990	0.01968	0.23070	0.05615	0.03107	0.09073	0.08951	0.01029	0.00266	0.00640	0.00852	0.12941	0.00923
4	0.11124	0.02198	0.23143	0.02138	0.05367	0.01550	0.24665	0.02324	0.01614	0.11535	0.01894	0.02088	0.05596	0.00747	0.00722	0.00230	0.00931	0.00711	0.00441	0.00982
5	0.02240	0.16476	0.08766	0.01891	0.06521	0.35669	0.05726	0.02546	0.01785	0.05456	0.01231	0.01419	0.00991	0.00685	0.00624	0.00184	0.01050	0.00497	0.00378	0.05867
6	0.01680	0.02335	0.27482	0.12918	0.07619	0.01614	0.15969	0.06994	0.01721	0.06659	0.03899	0.01875	0.01252	0.00710	0.00723	0.00223	0.00960	0.00659	0.00407	0.04301
7	0.04772	0.11228	0.02467	0.05008	0.24622	0.12969	0.01606	0.08802	0.10128	0.02397	0.01433	0.01678	0.01168	0.00772	0.00816	0.00214	0.07902	0.00587	0.00428	0.01003
8	0.01395	0.01067	0.01152	0.01043	0.01363	0.01077	0.00808	0.06309	0.21286	0.06856	0.12133	0.04869	0.35028	0.01406	0.00791	0.00236	0.00459	0.01174	0.00710	0.00838
9	0.01237	0.00618	0.00928	0.00928	0.00928	0.00618	0.00618	0.00928	0.00928	0.01237	0.01237	0.02165	0.01237	0.02474	0.02783	0.79283	0.00618	0.00618	0.00309	0.00309
10	0.02660	0.03394	0.02018	0.01834	0.02201	0.72116	0.01376	0.02843	0.02018	0.01743	0.01101	0.01284	0.00917	0.00734	0.00642	0.00183	0.01284	0.00459	0.00367	0.00825
11	0.01118	0.00826	0.00973	0.01020	0.01192	0.00810	0.00730	0.01589	0.13204	0.05030	0.04463	0.43233	0.19378	0.01854	0.00853	0.00267	0.00435	0.01636	0.00682	0.00706
