[name]
unknown

[dist]
# distance from previous block
# <min> <max>
16	336

[block]
# block no. 0 follows, 30 sequences, length 14
# corresponding to MSA columns:
# 362-375
name=unknown_A
#
# <colnr> <probs for GDERKNQSTAVLIFYWHMCP>
#	G	D	E	R	K	N	Q	S	T	A	V	L	I	F	Y	W	H	M	C	P
0	0.01539	0.09142	0.09476	0.01541	0.01982	0.03912	0.11250	0.09367	0.07722	0.03773	0.02461	0.14597	0.07583	0.01660	0.10449	0.00348	0.00903	0.00943	0.00499	0.00854
1	0.01534	0.04197	0.17644	0.01606	0.02185	0.01268	0.13614	0.02062	0.05638	0.09568	0.04270	0.12506	0.07804	0.00993	0.00722	0.00215	0.00736	0.00896	0.00500	0.12041
2	0.07184	0.10661	0.06379	0.06228	0.08387	0.05210	0.14103	0.05723	0.01617	0.04053	0.08402	0.02132	0.03402	0.01042	0.04323	0.00264	0.08901	0.00692	0.00423	0.00874
3	0.06510	0.10142	0.14292	0.01919	0.05693	0.07141	0.16739	0.09472	0.04773	0.02379	0.01821	0.04508	0.05369	0.01059	0.04917	0.00268	0.00948	0.00708	0.00425	0.00920
4	0.06361	0.06032	0.11173	0.08547	0.11200	0.01341	0.01364	0.02036	0.04522	0.05740	0.07535	0.01919	0.01563	0.00697	0.00612	0.00176	0.00670	0.00576	0.00440	0.27496
5	0.11159	0.09082	0.06208	0.11002	0.02327	0.27392	0.01382	0.05232	0.01716	0.06228	0.01461	0.02057	0.01249	0.00842	0.00701	0.00212	0.03625	0.06862	0.00422	0.00841
6	0.01867	0.05887	0.01655	0.05675	0.01841	0.09003	0.01049	0.14235	0.05276	0.10590	0.14707	0.10377	0.02586	0.01025	0.00697	0.00202	0.00645	0.00847	0.00604	0.11234
7	0.01040	0.00883	0.01413	0.09199	0.01822	0.00866	0.09746	0.01294	0.01453	0.01896	0.03636	0.39581	0.12186	0.01725	0.00862	0.00271	0.00589	0.10315	0.00572	0.00652
8	0.01519	0.01360	0.01669	0.05686	0.01876	0.08084	0.09791	0.10808	0.06021	0.02484	0.17323	0.03445	0.10834	0.07847	0.04153	0.00298	0.00740	0.00925	0.04354	0.00784
9	0.01005	0.00859	0.01258	0.01087	0.01344	0.00773	0.09516	0.01300	0.01756	0.02328	0.34156	0.08476	0.30505	0.01482	0.00827	0.00231	0.00453	0.01318	0.00662	0.00665
10	0.01398	0.01369	0.02117	0.01789	0.01902	0.01748	0.10137	0.01617	0.01181	0.01756	0.01428	0.09769	0.01450	0.01778	0.11329	0.00403	0.46919	0.00807	0.00358	0.00746
11	0.02486	0.02987	0.02271	0.01927	0.02353	0.55669	0.10163	0.09930	0.02077	0.02071	0.01188	0.01386	0.00951	0.00715	0.00662	0.00190	0.01194	0.00518	0.00396	0.00868
12	0.01111	0.01195	0.09092	0.01300	0.01642	0.00918	0.09821	0.01500	0.01758	0.02400	0.33394	0.05011	0.15893	0.01364	0.00826	0.00239	0.00567	0.10623	0.00623	0.00722
13	0.01682	0.01335	0.01904	0.01831	0.09455	0.01379	0.09992	0.13591	0.14037	0.06684	0.02617	0.20236	0.02498	0.01247	0.00792	0.00248	0.00678	0.08263	0.00608	0.00922

[dist]
# distance from previous block
# <min> <max>
9	15

[block]
# block no. 1 follows, 30 sequences, length 26
# corresponding to MSA columns:
# 392-417
name=unknown_B
#
# <colnr> <probs for GDERKNQSTAVLIFYWHMCP>
#	G	D	E	R	K	N	Q	S	T	A	V	L	I	F	Y	W	H	M	C	P
0	0.01686	0.00951	0.01145	0.01015	0.01282	0.00904	0.00760	0.09687	0.01780	0.19600	0.09490	0.16165	0.14041	0.14121	0.01248	0.00308	0.00524	0.01142	0.03365	0.00785
1	0.01351	0.00893	0.01099	0.03391	0.01343	0.00925	0.00804	0.04739	0.09989	0.07511	0.16968	0.14318	0.06147	0.01841	0.11017	0.00350	0.00647	0.01049	0.14861	0.00756
2	0.12174	0.02032	0.14048	0.14480	0.20499	0.09980	0.01728	0.05041	0.01586	0.02308	0.01299	0.03620	0.01064	0.00703	0.00638	0.00206	0.00855	0.00574	0.00373	0.06792
3	0.01886	0.01866	0.06884	0.02148	0.16500	0.14361	0.04496	0.05533	0.03871	0.09673	0.08149	0.07052	0.01902	0.01061	0.02785	0.00248	0.09418	0.00761	0.00486	0.00921
4	0.00959	0.00653	0.00777	0.00832	0.00846	0.00640	0.00499	0.01000	0.01123	0.01497	0.02754	0.28307	0.03237	0.50780	0.02655	0.00544	0.00585	0.01341	0.00499	0.00471
5	0.63899	0.01339	0.01124	0.00976	0.01412	0.01505	0.00801	0.06959	0.01425	0.07916	0.01563	0.01640	0.05632	0.00753	0.00497	0.00217	0.00548	0.00493	0.00496	0.00806
6	0.02607	0.03326	0.01978	0.01798	0.02157	0.72674	0.01348	0.02787	0.01978	0.01708	0.01079	0.01258	0.00899	0.00719	0.00629	0.00180	0.01258	0.00449	0.00360	0.00809
7	0.02312	0.01343	0.01538	0.01251	0.01684	0.01393	0.01010	0.22100	0.13946	0.24160	0.05442	0.02381	0.01870	0.00886	0.00668	0.00208	0.00575	0.00711	0.15473	0.01049
8	0.01089	0.01010	0.06242	0.01003	0.01249	0.00850	0.00830	0.05849	0.01669	0.02256	0.23898	0.07672	0.20626	0.08796	0.13420	0.00422	0.00717	0.01137	0.00594	0.00673
9	0.00985	0.00728	0.01059	0.01074	0.01179	0.00826	0.00810	0.01200	0.01131	0.01609	0.02079	0.09445	0.02078	0.11551	0.59729	0.01004	0.01625	0.00884	0.00403	0.00599
10	0.01827	0.20816	0.10998	0.01392	0.01824	0.25758	0.01243	0.02107	0.01638	0.01897	0.08078	0.05228	0.01790	0.06380	0.00826	0.00222	0.00868	0.00640	0.05673	0.00795
11	0.01490	0.01300	0.01599	0.01248	0.04190	0.01057	0.03214	0.01963	0.07642	0.02331	0.01393	0.01576	0.01136	0.00562	0.00551	0.00124	0.00554	0.00469	0.00436	0.67165
12	0.01682	0.01992	0.19821	0.17434	0.13889	0.01527	0.14983	0.02260	0.03372	0.10022	0.01553	0.01862	0.01136	0.00687	0.00703	0.00221	0.00910	0.00649	0.04325	0.00972
13	0.01380	0.06501	0.64095	0.01868	0.02826	0.01599	0.02380	0.02122	0.01479	0.02164	0.01637	0.01815	0.05653	0.00735	0.00665	0.00219	0.00973	0.00575	0.00319	0.00995
14	0.01015	0.00677	0.00761	0.00761	0.00761	0.00677	0.00423	0.01015	0.01015	0.01353	0.02199	0.04567	0.02537	0.75476	0.03552	0.00677	0.00677	0.01015	0.00423	0.00423
15	0.01853	0.01929	0.01950	0.01843	0.10194	0.19783	0.01314	0.05082	0.01590	0.02078	0.01147	0.01462	0.00985	0.00770	0.01014	0.00190	0.18988	0.00506	0.00378	0.26943
16	0.02276	0.01094	0.01293	0.01055	0.01439	0.01064	0.00851	0.13970	0.01994	0.30855	0.02365	0.02350	0.01660	0.00838	0.00611	0.00192	0.00511	0.00667	0.33955	0.00961
17	0.01631	0.00859	0.01130	0.01039	0.01312	0.00773	0.00822	0.01899	0.01809	0.23639	0.24859	0.13073	0.12112	0.01454	0.00814	0.00242	0.00467	0.10515	0.00751	0.00800
18	0.01348	0.01271	0.02148	0.68629	0.09738	0.01558	0.01953	0.01810	0.01410	0.01820	0.01246	0.01851	0.00943	0.00692	0.00697	0.00231	0.00923	0.00620	0.00313	0.00800
19	0.01119	0.00745	0.00918	0.00907	0.01108	0.00667	0.00690	0.01358	0.01714	0.08524	0.26723	0.16952	0.26777	0.01656	0.00836	0.00244	0.00402	0.07286	0.00706	0.00667
20	0.01799	0.65593	0.13378	0.01307	0.01966	0.02599	0.01391	0.02107	0.01426	0.01723	0.01010	0.01170	0.00894	0.00606	0.00478	0.00159	0.00787	0.00393	0.00298	0.00915
21	0.00943	0.00712	0.00870	0.00831	0.01015	0.00639	0.00623	0.01230	0.01869	0.02546	0.53160	0.05628	0.24336	0.01521	0.00824	0.00224	0.00336	0.01320	0.00735	0.00639
22	0.01390	0.01300	0.02094	0.44717	0.09892	0.01437	0.04996	0.01804	0.01422	0.01944	0.01326	0.04052	0.01088	0.00715	0.00730	0.00209	0.03416	0.00632	0.00346	0.16492
23	0.13803	0.10096	0.01314	0.00952	0.01228	0.01204	0.00772	0.01741	0.06654	0.02525	0.23541	0.03407	0.10826	0.01088	0.00722	0.00208	0.04107	0.00864	0.14217	0.00732
24	0.07063	0.01574	0.02238	0.17930	0.22852	0.04710	0.06160	0.11592	0.01779	0.05616	0.01508	0.05353	0.01241	0.00754	0.00680	0.00211	0.00810	0.00668	0.00439	0.06823
25	0.01693	0.01521	0.05342	0.10362	0.13429	0.03968	0.03212	0.10075	0.11909	0.07043	0.02412	0.13196	0.06538	0.01071	0.00824	0.00235	0.04800	0.00908	0.00534	0.00928

[dist]
# distance from previous block
# <min> <max>
0	155

[block]
# block no. 2 follows, 30 sequences, length 15
# corresponding to MSA columns:
# 573-587
name=unknown_C
#
# <colnr> <probs for GDERKNQSTAVLIFYWHMCP>
#	G	D	E	R	K	N	Q	S	T	A	V	L	I	F	Y	W	H	M	C	P
0	0.15071	0.01954	0.01985	0.02326	0.22989	0.22067	0.01449	0.02146	0.01517	0.02107	0.01218	0.01604	0.01051	0.01322	0.10228	0.00331	0.08864	0.00546	0.00363	0.00862
1	0.07329	0.01350	0.01403	0.01200	0.01580	0.04369	0.00949	0.16458	0.15896	0.14518	0.02663	0.07385	0.06870	0.01001	0.00667	0.00214	0.00571	0.00806	0.13821	0.00950
2	0.01406	0.01067	0.01203	0.01066	0.01362	0.01076	0.00846	0.18713	0.04583	0.02883	0.25927	0.04876	0.24157	0.01401	0.00799	0.00231	0.00483	0.06433	0.00702	0.00788
3	0.01419	0.00850	0.01075	0.00980	0.01240	0.00802	0.00758	0.01758	0.05086	0.16448	0.23129	0.06939	0.21010	0.02041	0.12863	0.00377	0.00662	0.01117	0.00684	0.00762
4	0.02000	0.01853	0.02079	0.02349	0.22710	0.11718	0.01473	0.16322	0.22752	0.02804	0.01945	0.05557	0.01579	0.00856	0.00699	0.00217	0.00772	0.00717	0.00546	0.01053
5	0.00994	0.00726	0.00849	0.00830	0.01037	0.00639	0.00626	0.01232	0.01731	0.05184	0.29772	0.10649	0.37693	0.01639	0.00828	0.00235	0.00368	0.03626	0.00701	0.00640
6	0.02673	0.02188	0.02040	0.01622	0.02139	0.16554	0.01312	0.51151	0.02933	0.08067	0.01621	0.01634	0.01162	0.00815	0.00684	0.00204	0.00858	0.00596	0.00639	0.01109
7	0.01025	0.00720	0.00840	0.00837	0.01037	0.00629	0.00617	0.01228	0.01644	0.06926	0.19303	0.20855	0.38354	0.01724	0.00830	0.00241	0.00376	0.01485	0.00688	0.00641
8	0.01015	0.00677	0.00761	0.00761	0.00761	0.00677	0.00423	0.01015	0.01015	0.01353	0.02199	0.04567	0.02537	0.75476	0.03552	0.00677	0.00677	0.01015	0.00423	0.00423
9	0.07406	0.14221	0.02210	0.01444	0.01990	0.02080	0.01224	0.42803	0.06276	0.11078	0.01692	0.01674	0.01220	0.00794	0.00640	0.00202	0.00719	0.00586	0.00633	0.01106
10	0.08845	0.03007	0.01866	0.01694	0.02062	0.60752	0.01279	0.02807	0.07800	0.01928	0.01223	0.01365	0.00994	0.00733	0.00620	0.00188	0.01139	0.00473	0.00396	0.00830
11	0.80405	0.01350	0.01026	0.00918	0.01350	0.01565	0.00756	0.02051	0.01188	0.03131	0.00972	0.01134	0.00756	0.00648	0.00432	0.00216	0.00540	0.00378	0.00432	0.00756
12	0.01672	0.01602	0.02733	0.13661	0.62177	0.01644	0.02114	0.02093	0.01563	0.02213	0.01303	0.01745	0.01082	0.00632	0.00692	0.00211	0.00843	0.00622	0.00341	0.01061
13	0.00964	0.00739	0.00899	0.00945	0.01120	0.00687	0.00733	0.01258	0.03841	0.02161	0.20533	0.17769	0.27506	0.01767	0.00863	0.00259	0.00428	0.16220	0.00677	0.00630
14	0.01643	0.01374	0.02183	0.01736	0.02175	0.01359	0.21556	0.14243	0.05350	0.06294	0.07225	0.06066	0.11956	0.01168	0.00815	0.00245	0.00754	0.12393	0.00589	0.00877

[dist]
# distance from previous block
# <min> <max>
0	5

[block]
# block no. 3 follows, 30 sequences, length 26
# corresponding to MSA columns:
# 593-618
name=unknown_D
#
# <colnr> <probs for GDERKNQSTAVLIFYWHMCP>
#	G	D	E	R	K	N	Q	S	T	A	V	L	I	F	Y	W	H	M	C	P
0	0.17301	0.01183	0.01288	0.01099	0.01462	0.01229	0.00868	0.13760	0.05575	0.18486	0.08255	0.09277	0.02213	0.04355	0.00780	0.00237	0.00540	0.00809	0.10392	0.00892
1	0.01868	0.01470	0.01582	0.01403	0.01811	0.01669	0.01097	0.03679	0.63449	0.09410	0.02832	0.02582	0.02092	0.00939	0.00709	0.00235	0.00556	0.00781	0.00725	0.01112
2	0.80405	0.01350	0.01026	0.00918	0.01350	0.01565	0.00756	0.02051	0.01188	0.03131	0.00972	0.01134	0.00756	0.00648	0.00432	0.00216	0.00540	0.00378	0.00432	0.00756
3	0.37517	0.01537	0.01397	0.01173	0.01636	0.10151	0.00948	0.02735	0.04513	0.29473	0.01754	0.01692	0.01208	0.00753	0.00573	0.00212	0.00650	0.00530	0.00602	0.00944
4	0.01932	0.01857	0.01712	0.18757	0.05476	0.25186	0.01297	0.06706	0.01822	0.06184	0.07296	0.02078	0.01612	0.00801	0.00649	0.00198	0.00850	0.00627	0.14138	0.00821
5	0.02176	0.01645	0.01794	0.01487	0.01933	0.01821	0.01208	0.43601	0.16750	0.03667	0.02279	0.08248	0.01920	0.01070	0.00741	0.00231	0.00683	0.06986	0.00691	0.01069
6	0.01001	0.00784	0.00942	0.00879	0.01118	0.00671	0.00653	0.01250	0.01669	0.02290	0.30305	0.17793	0.21471	0.01495	0.00783	0.00215	0.00382	0.01301	0.00654	0.14345
7	0.03660	0.02096	0.32957	0.08343	0.02367	0.01213	0.01704	0.01824	0.01474	0.06048	0.02413	0.19179	0.05165	0.01196	0.00750	0.00246	0.00772	0.07287	0.00463	0.00845
8	0.02192	0.02071	0.24428	0.01493	0.02138	0.01421	0.01523	0.15842	0.03920	0.24982	0.01989	0.02059	0.01395	0.03897	0.00789	0.00232	0.00751	0.00638	0.07184	0.01058
9	0.02007	0.01062	0.01301	0.01134	0.01474	0.01042	0.00883	0.06320	0.13298	0.27932	0.08919	0.16808	0.02767	0.01178	0.00724	0.00226	0.00503	0.01006	0.10476	0.00939
10	0.09350	0.01416	0.02112	0.16535	0.29022	0.01491	0.01614	0.04278	0.05695	0.15788	0.01671	0.01917	0.01250	0.00910	0.03776	0.00256	0.00802	0.00630	0.00480	0.01005
11	0.01262	0.01168	0.01297	0.14772	0.04774	0.09972	0.01016	0.01557	0.01699	0.02190	0.25391	0.10642	0.14796	0.01262	0.00758	0.00222	0.00591	0.01082	0.04851	0.00697
12	0.06773	0.01277	0.01501	0.01207	0.01663	0.01275	0.00981	0.14988	0.09453	0.36200	0.02386	0.02244	0.01630	0.00847	0.00650	0.00208	0.00572	0.00671	0.14411	0.01062
13	0.00999	0.00720	0.00977	0.01129	0.01247	0.00698	0.00903	0.01234	0.01498	0.01956	0.03938	0.34431	0.07884	0.02021	0.00927	0.00302	0.00533	0.37347	0.00645	0.00610
14	0.01536	0.01869	0.15936	0.03147	0.40308	0.01471	0.07210	0.01951	0.01489	0.02125	0.01519	0.08059	0.01372	0.00923	0.00895	0.07301	0.00839	0.00733	0.00359	0.00960
15	0.01688	0.01619	0.02763	0.10852	0.64856	0.01648	0.02122	0.02108	0.01571	0.02233	0.01306	0.01740	0.01089	0.00629	0.00691	0.00210	0.00839	0.00622	0.00342	0.01074
16	0.00907	0.00695	0.00831	0.00828	0.01001	0.00619	0.00609	0.01149	0.01739	0.02310	0.37292	0.15990	0.30176	0.01664	0.00834	0.00235	0.00349	0.01446	0.00706	0.00619
17	0.01872	0.01225	0.09856	0.01084	0.01494	0.00899	0.00978	0.02214	0.01738	0.27727	0.12416	0.06335	0.09277	0.01053	0.00686	0.00210	0.00518	0.00878	0.18655	0.00885
18	0.01395	0.01317	0.02204	0.51760	0.21615	0.01523	0.01910	0.01830	0.01456	0.01916	0.01593	0.02104	0.04980	0.00739	0.00703	0.00226	0.00871	0.00669	0.00339	0.00849
19	0.01874	0.01347	0.02182	0.29411	0.26696	0.01423	0.01734	0.02269	0.01631	0.18574	0.04759	0.02088	0.01435	0.00744	0.00702	0.00219	0.00789	0.00669	0.00474	0.00981
20	0.00853	0.00634	0.00796	0.00912	0.01000	0.00577	0.00625	0.00998	0.01426	0.01863	0.08491	0.57019	0.18148	0.02056	0.00873	0.00270	0.00390	0.01837	0.00655	0.00577
21	0.01513	0.01381	0.02380	0.42667	0.22500	0.01532	0.07373	0.01953	0.01503	0.04971	0.01596	0.02062	0.04097	0.00722	0.00712	0.00225	0.00883	0.00678	0.00362	0.00888
22	0.01753	0.01803	0.04440	0.22517	0.14826	0.09513	0.17911	0.04084	0.03402	0.05037	0.01369	0.01777	0.01058	0.00719	0.00845	0.00227	0.06772	0.00655	0.00376	0.00918
23	0.08825	0.01263	0.01849	0.25101	0.08465	0.01469	0.04365	0.01847	0.06755	0.02067	0.01777	0.15004	0.01698	0.01042	0.00946	0.00244	0.11806	0.00856	0.00423	0.04199
24	0.19138	0.01341	0.01346	0.06859	0.01736	0.09902	0.03859	0.01726	0.01538	0.02317	0.11196	0.09653	0.12796	0.01056	0.00661	0.00206	0.00615	0.00865	0.00504	0.12686
25	0.01750	0.01643	0.01353	0.01275	0.01506	0.24010	0.00944	0.05502	0.01691	0.07406	0.05335	0.16186	0.05398	0.12815	0.06001	0.00354	0.00863	0.04723	0.00527	0.00719

[dist]
# distance from previous block
# <min> <max>
1	3

[block]
# block no. 4 follows, 30 sequences, length 30
# corresponding to MSA columns:
# 622-651
name=unknown_E
#
# <colnr> <probs for GDERKNQSTAVLIFYWHMCP>
#	G	D	E	R	K	N	Q	S	T	A	V	L	I	F	Y	W	H	M	C	P
0	0.01811	0.02133	0.13462	0.10091	0.32979	0.12860	0.01892	0.02240	0.01618	0.05262	0.01317	0.01629	0.01041	0.00653	0.00662	0.00198	0.00900	0.00561	0.00366	0.08325
1	0.02046	0.00972	0.01256	0.01059	0.01422	0.00867	0.00837	0.02375	0.04627	0.36712	0.19887	0.08405	0.14084	0.01231	0.00763	0.00225	0.00478	0.01045	0.00786	0.00922
2	0.01807	0.01566	0.02341	0.19151	0.33857	0.01684	0.01784	0.18422	0.01991	0.02728	0.06558	0.02004	0.01494	0.00752	0.00704	0.00214	0.00800	0.00671	0.00456	0.01017
3	0.00924	0.00667	0.00850	0.00935	0.01026	0.00626	0.00661	0.01094	0.01461	0.01947	0.15664	0.38895	0.11345	0.11769	0.01236	0.00324	0.00449	0.08911	0.00638	0.00574
4	0.01465	0.01333	0.01814	0.21158	0.13638	0.05531	0.04408	0.02109	0.13821	0.02179	0.02232	0.12224	0.04419	0.00984	0.00708	0.00225	0.00715	0.00872	0.09316	0.00848
5	0.05724	0.01862	0.01988	0.17414	0.06797	0.19717	0.04473	0.07976	0.01721	0.06214	0.01522	0.02225	0.01307	0.04526	0.00998	0.00250	0.08516	0.05500	0.00429	0.00842
6	0.00966	0.00686	0.00782	0.00798	0.00870	0.00655	0.00512	0.01049	0.01252	0.01627	0.07813	0.10477	0.17606	0.45943	0.02470	0.00507	0.00563	0.04408	0.00520	0.00495
7	0.01570	0.02041	0.24798	0.18322	0.02825	0.01499	0.01735	0.07248	0.12891	0.06624	0.05539	0.02318	0.04932	0.01009	0.03420	0.00260	0.00845	0.00699	0.00476	0.00949
8	0.01033	0.00742	0.00877	0.00816	0.01030	0.00662	0.00616	0.01325	0.01771	0.02523	0.40746	0.04874	0.19963	0.01342	0.00750	0.00206	0.00348	0.01153	0.12690	0.06532
9	0.08689	0.01591	0.01926	0.01593	0.01974	0.01847	0.05940	0.15927	0.28230	0.06982	0.01959	0.02014	0.01484	0.00924	0.01008	0.00242	0.15387	0.00684	0.00587	0.01016
10	0.02607	0.03326	0.01978	0.01798	0.02157	0.72674	0.01348	0.02787	0.01978	0.01708	0.01079	0.01258	0.00899	0.00719	0.00629	0.00180	0.01258	0.00449	0.00360	0.00809
11	0.00872	0.00703	0.00782	0.00821	0.01015	0.00614	0.00622	0.01065	0.01577	0.01946	0.09965	0.16929	0.49703	0.01828	0.00850	0.00251	0.00392	0.08813	0.00654	0.00596
12	0.00980	0.00796	0.01286	0.01265	0.01405	0.00748	0.09987	0.01180	0.01399	0.01866	0.03502	0.60003	0.04084	0.01948	0.00887	0.00280	0.00528	0.06625	0.00607	0.00624
13	0.21636	0.01188	0.01378	0.01122	0.01577	0.01159	0.00921	0.05969	0.01817	0.40592	0.06868	0.02425	0.01872	0.00880	0.00640	0.00216	0.00557	0.02824	0.05362	0.00997
14	0.01374	0.01001	0.01202	0.01047	0.01303	0.01008	0.00813	0.16966	0.02278	0.03169	0.54734	0.04392	0.05333	0.01290	0.00794	0.00217	0.00431	0.01115	0.00752	0.00781
15	0.00967	0.00730	0.01038	0.01044	0.01178	0.00801	0.00800	0.01207	0.01266	0.01770	0.08999	0.08475	0.09778	0.04294	0.53271	0.00884	0.01461	0.00960	0.00459	0.00619
16	0.07158	0.22021	0.02323	0.06822	0.02124	0.21021	0.03749	0.02595	0.07143	0.13785	0.01533	0.01624	0.01167	0.00721	0.00594	0.00190	0.00846	0.00528	0.03143	0.00914
17	0.01301	0.00830	0.01035	0.00976	0.01158	0.00836	0.00718	0.03852	0.04862	0.09205	0.14603	0.09970	0.08912	0.16811	0.16677	0.00506	0.00788	0.01045	0.05231	0.00684
18	0.36355	0.01314	0.01275	0.01017	0.01517	0.01307	0.00826	0.08014	0.01518	0.05093	0.01276	0.01433	0.00995	0.00633	0.00500	0.00170	0.00540	0.00442	0.05458	0.30317
19	0.01694	0.01401	0.01585	0.01481	0.05898	0.05942	0.01050	0.20084	0.01756	0.02349	0.01697	0.02754	0.01650	0.28176	0.07450	0.00461	0.12569	0.00762	0.00468	0.00771
20	0.01816	0.01449	0.01961	0.13664	0.06018	0.01418	0.05495	0.15019	0.01843	0.07746	0.01440	0.01675	0.01099	0.00672	0.00691	0.00175	0.03465	0.00556	0.00474	0.33323
21	0.00852	0.00691	0.00756	0.00776	0.00969	0.00595	0.00568	0.01041	0.01602	0.01997	0.15578	0.18024	0.50535	0.01790	0.00836	0.00241	0.00359	0.01529	0.00665	0.00595
22	0.01604	0.13960	0.01936	0.04919	0.04573	0.03637	0.04102	0.16162	0.02044	0.02704	0.24716	0.07380	0.07262	0.01096	0.00719	0.00210	0.00617	0.00927	0.00588	0.00845
23	0.00850	0.00607	0.00810	0.00972	0.01012	0.00567	0.00648	0.00972	0.01336	0.01781	0.03846	0.75020	0.04615	0.02186	0.00891	0.00283	0.00405	0.01984	0.00648	0.00567
24	0.07234	0.01798	0.02326	0.11687	0.02646	0.13720	0.17119	0.02059	0.01504	0.02074	0.01187	0.01563	0.00966	0.00705	0.00886	0.00203	0.11635	0.00571	0.00361	0.19755
25	0.01469	0.01047	0.01573	0.01639	0.10029	0.01017	0.06783	0.03968	0.06076	0.11107	0.11696	0.29735	0.03455	0.01449	0.00815	0.00250	0.00575	0.05868	0.00634	0.00816
26	0.00940	0.00650	0.00808	0.00899	0.00929	0.00630	0.00579	0.01021	0.01212	0.01613	0.03114	0.39865	0.03666	0.34319	0.02063	0.00458	0.00539	0.05637	0.00549	0.00508
27	0.02018	0.01400	0.09410	0.09046	0.02043	0.01233	0.01252	0.04586	0.01644	0.27962	0.04607	0.02380	0.01675	0.05554	0.05588	0.00308	0.09187	0.00697	0.08489	0.00923
28	0.02041	0.04272	0.07625	0.08941	0.22148	0.01619	0.12761	0.11308	0.01870	0.16195	0.01698	0.03510	0.01272	0.00738	0.00711	0.00217	0.00843	0.00686	0.00495	0.01051
29	0.01433	0.01008	0.01366	0.03946	0.01572	0.03100	0.05008	0.01672	0.01542	0.13573	0.07747	0.18402	0.16488	0.01934	0.09905	0.00358	0.06202	0.03408	0.00592	0.00743

[dist]
# distance from previous block
# <min> <max>
0	4

[block]
# block no. 5 follows, 30 sequences, length 26
# corresponding to MSA columns:
# 656-681
name=unknown_F
#
# <colnr> <probs for GDERKNQSTAVLIFYWHMCP>
#	G	D	E	R	K	N	Q	S	T	A	V	L	I	F	Y	W	H	M	C	P
0	0.03280	0.03038	0.04632	0.01191	0.01519	0.05863	0.04488	0.01744	0.01394	0.05398	0.01766	0.02234	0.01479	0.02421	0.27994	0.00530	0.01108	0.00634	0.17808	0.11478
1	0.12111	0.01307	0.04117	0.06365	0.28778	0.01253	0.01390	0.01753	0.01521	0.02337	0.10839	0.14149	0.04819	0.01024	0.00700	0.00219	0.00634	0.00907	0.00472	0.05306
2	0.20982	0.11443	0.05952	0.01447	0.01869	0.01797	0.07411	0.11682	0.05723	0.02552	0.01393	0.01809	0.01180	0.06771	0.06009	0.00318	0.09780	0.00590	0.00434	0.00857
3	0.01536	0.01068	0.01249	0.01092	0.01369	0.01100	0.00842	0.15038	0.10074	0.06881	0.35709	0.06693	0.04198	0.05141	0.00909	0.00243	0.00478	0.01036	0.04515	0.00828
4	0.01715	0.53294	0.02899	0.01141	0.01658	0.02265	0.01074	0.06193	0.05170	0.01929	0.02249	0.02275	0.14010	0.00849	0.00548	0.00174	0.00664	0.00616	0.00411	0.00868
5	0.01010	0.00747	0.01095	0.01110	0.01228	0.00851	0.00862	0.01247	0.01159	0.01643	0.02064	0.03356	0.02016	0.10212	0.60828	0.01014	0.01665	0.06881	0.00403	0.00610
6	0.01625	0.38591	0.38854	0.01604	0.02425	0.02173	0.01908	0.02152	0.01446	0.01935	0.01116	0.01302	0.00890	0.00631	0.00559	0.00186	0.00893	0.00447	0.00297	0.00966
7	0.01447	0.01240	0.01447	0.01034	0.01654	0.00930	0.00827	0.01757	0.01447	0.02274	0.01240	0.01447	0.01034	0.00517	0.00517	0.00103	0.00517	0.00413	0.00413	0.79742
8	0.01766	0.12443	0.31206	0.01661	0.02301	0.13786	0.01749	0.09680	0.01701	0.02190	0.01483	0.01833	0.03402	0.06578	0.00957	0.00244	0.05155	0.00575	0.00374	0.00916
9	0.01295	0.01189	0.01970	0.58998	0.08292	0.01428	0.01765	0.01737	0.01491	0.01960	0.11325	0.02338	0.01761	0.00799	0.00715	0.00229	0.00837	0.00713	0.00379	0.00778
10	0.01262	0.01060	0.00932	0.00906	0.00967	0.11146	0.00561	0.01307	0.01180	0.01475	0.02040	0.03975	0.02257	0.60410	0.02955	0.00575	0.00741	0.00912	0.04847	0.00492
11	0.01878	0.01421	0.01792	0.01310	0.01916	0.01242	0.06044	0.14924	0.01876	0.10225	0.01502	0.01625	0.01141	0.00622	0.00595	0.00146	0.00623	0.00517	0.00513	0.50088
12	0.49990	0.01286	0.01259	0.01045	0.01520	0.01353	0.00862	0.02582	0.01506	0.30082	0.01673	0.01622	0.01138	0.00733	0.00538	0.00216	0.00561	0.00505	0.00602	0.00926
13	0.01950	0.00894	0.01172	0.01020	0.01328	0.00803	0.00793	0.02217	0.01802	0.32793	0.19587	0.15477	0.03422	0.01220	0.00733	0.00221	0.00458	0.01050	0.12185	0.00874
14	0.01396	0.01336	0.02288	0.50804	0.18733	0.01532	0.05660	0.01841	0.01462	0.01921	0.01593	0.02106	0.04902	0.00735	0.00710	0.00227	0.00890	0.00680	0.00339	0.00845
15	0.00943	0.00706	0.00848	0.00838	0.00997	0.00643	0.00614	0.01174	0.01687	0.02255	0.36229	0.09081	0.24994	0.11061	0.01183	0.00291	0.00401	0.04776	0.00676	0.00602
16	0.01579	0.01468	0.02419	0.38765	0.33880	0.01635	0.01991	0.06015	0.01595	0.02161	0.01299	0.01790	0.01023	0.00673	0.00695	0.00220	0.00876	0.00621	0.00349	0.00946
17	0.00906	0.00715	0.00820	0.00806	0.01009	0.00628	0.00613	0.01151	0.01746	0.02262	0.32447	0.06173	0.41539	0.01639	0.00831	0.00234	0.00359	0.04807	0.00696	0.00620
18	0.01846	0.01281	0.01582	0.01172	0.01754	0.01063	0.03024	0.05393	0.04818	0.16342	0.01807	0.01858	0.03172	0.00659	0.00590	0.00145	0.00562	0.00541	0.00536	0.51854
19	0.00986	0.00777	0.00911	0.00914	0.01125	0.00713	0.00706	0.01322	0.05504	0.02199	0.21159	0.12764	0.32283	0.01659	0.00834	0.00245	0.00414	0.11326	0.00671	0.03485
20	0.05860	0.04445	0.07322	0.02195	0.20554	0.07848	0.04134	0.04490	0.11502	0.02368	0.01674	0.07277	0.01448	0.00787	0.00653	0.00196	0.00747	0.00675	0.00446	0.15380
21	0.06078	0.02015	0.15309	0.05926	0.10656	0.08375	0.01555	0.15069	0.01863	0.08976	0.01538	0.01793	0.01178	0.01375	0.11135	0.00338	0.01002	0.00589	0.00463	0.04766
22	0.03533	0.04957	0.06674	0.06035	0.12830	0.01155	0.01212	0.01886	0.01521	0.11426	0.04500	0.11970	0.06363	0.01037	0.00772	0.04027	0.00623	0.00820	0.00497	0.18162
23	0.03915	0.09007	0.01861	0.01472	0.05362	0.09124	0.04919	0.10367	0.01853	0.05241	0.16505	0.06745	0.05686	0.01210	0.04197	0.00247	0.03176	0.00826	0.00538	0.07751
24	0.01804	0.15743	0.07128	0.06141	0.11087	0.11930	0.01370	0.02262	0.07441	0.08515	0.07540	0.02297	0.05674	0.01098	0.04761	0.00255	0.02913	0.00673	0.00465	0.00902
25	0.01518	0.01474	0.08363	0.05338	0.12106	0.04707	0.06424	0.01944	0.04740	0.07545	0.13306	0.07106	0.02563	0.07624	0.02817	0.00292	0.04285	0.04316	0.02701	0.00833

[dist]
# distance from previous block
# <min> <max>
3	148

[block]
# block no. 6 follows, 30 sequences, length 45
# corresponding to MSA columns:
# 857-891,895-904
name=unknown_G
#
# <colnr> <probs for GDERKNQSTAVLIFYWHMCP>
#	G	D	E	R	K	N	Q	S	T	A	V	L	I	F	Y	W	H	M	C	P
0	0.15387	0.06000	0.01525	0.09219	0.01867	0.03838	0.01025	0.11847	0.07455	0.02529	0.01957	0.15308	0.01854	0.03448	0.05963	0.00295	0.00723	0.00831	0.02979	0.05950
1	0.06803	0.01662	0.07717	0.06343	0.25733	0.01535	0.01561	0.15600	0.01911	0.06659	0.07209	0.02065	0.01604	0.03287	0.00769	0.00220	0.00735	0.00653	0.00489	0.07447
2	0.08611	0.01788	0.05541	0.10458	0.19043	0.10246	0.09349	0.06049	0.01656	0.05475	0.01562	0.01874	0.03303	0.00889	0.03267	0.00243	0.03366	0.00627	0.03087	0.03566
3	0.19196	0.01544	0.01777	0.09909	0.06908	0.03670	0.03467	0.17468	0.08645	0.05098	0.01571	0.03851	0.01235	0.00759	0.00622	0.00203	0.00695	0.00601	0.00513	0.12266
4	0.01713	0.01638	0.02767	0.06650	0.66610	0.01657	0.02102	0.02178	0.03719	0.02282	0.01358	0.01759	0.01131	0.00635	0.00692	0.00209	0.00824	0.00627	0.00356	0.01094
5	0.04122	0.04441	0.25344	0.07487	0.02172	0.01210	0.01493	0.01945	0.01637	0.11363	0.14713	0.03355	0.12688	0.01051	0.00723	0.00225	0.00694	0.03942	0.00529	0.00865
6	0.01473	0.15044	0.61072	0.01863	0.02826	0.01801	0.02359	0.02191	0.01465	0.02120	0.01208	0.01417	0.00886	0.00653	0.00629	0.00210	0.00986	0.00493	0.00295	0.01010
7	0.01104	0.00789	0.00941	0.00880	0.01095	0.00732	0.00663	0.01487	0.06481	0.06063	0.41762	0.05302	0.24570	0.03949	0.00901	0.00241	0.00377	0.01254	0.00723	0.00688
8	0.00968	0.00713	0.00906	0.00857	0.01030	0.00650	0.00643	0.01279	0.01929	0.02688	0.63089	0.05394	0.14318	0.01468	0.00823	0.00221	0.00332	0.01287	0.00754	0.00650
9	0.01910	0.01586	0.01676	0.01455	0.01881	0.01817	0.01147	0.16075	0.57212	0.03200	0.02619	0.02427	0.01951	0.00926	0.00708	0.00232	0.00593	0.00758	0.00708	0.01120
10	0.01476	0.00789	0.01045	0.01006	0.01216	0.00709	0.00743	0.01689	0.01675	0.20207	0.19834	0.35764	0.07774	0.01637	0.00822	0.00248	0.00433	0.01450	0.00733	0.00752
11	0.02172	0.02204	0.02254	0.01944	0.05526	0.22877	0.10217	0.17753	0.16800	0.02674	0.01636	0.01770	0.01262	0.00814	0.00827	0.00218	0.06925	0.00634	0.00506	0.00986
12	0.01106	0.00734	0.00856	0.00824	0.01038	0.00649	0.00618	0.01344	0.01706	0.07914	0.25531	0.12248	0.33137	0.01549	0.00792	0.00228	0.00368	0.01326	0.07369	0.00662
13	0.01090	0.00813	0.01011	0.00965	0.00979	0.00920	0.00642	0.01142	0.01035	0.01434	0.01967	0.03895	0.02200	0.56054	0.11472	0.00673	0.11890	0.00923	0.00399	0.00498
14	0.02232	0.01676	0.01796	0.01443	0.01887	0.01859	0.01148	0.46263	0.15546	0.03659	0.01975	0.02287	0.01569	0.12100	0.01130	0.00285	0.00713	0.00717	0.00659	0.01056
15	0.02233	0.01842	0.01852	0.01535	0.02005	0.06798	0.01227	0.34718	0.33428	0.03542	0.02164	0.02068	0.01595	0.00879	0.00699	0.00220	0.00704	0.00689	0.00680	0.01124
16	0.80405	0.01350	0.01026	0.00918	0.01350	0.01565	0.00756	0.02051	0.01188	0.03131	0.00972	0.01134	0.00756	0.00648	0.00432	0.00216	0.00540	0.00378	0.00432	0.00756
17	0.02234	0.02649	0.02247	0.08438	0.23326	0.45285	0.01638	0.02509	0.01812	0.01888	0.01163	0.01450	0.00964	0.00688	0.00654	0.00192	0.01101	0.00516	0.00351	0.00896
18	0.00885	0.00707	0.00794	0.00790	0.00992	0.00616	0.00594	0.01110	0.01696	0.02165	0.26167	0.09427	0.46103	0.01688	0.00832	0.00236	0.00358	0.03545	0.00684	0.00611
19	0.13599	0.01555	0.01482	0.01347	0.01726	0.06507	0.01045	0.03253	0.51314	0.02809	0.02490	0.06048	0.01968	0.00950	0.00672	0.00232	0.00591	0.00766	0.00641	0.01004
20	0.00949	0.00670	0.00831	0.00921	0.00981	0.00644	0.00628	0.01061	0.01281	0.01681	0.03489	0.33756	0.09184	0.28709	0.01862	0.00428	0.00535	0.11297	0.00565	0.00528
21	0.01853	0.01356	0.01504	0.01335	0.01719	0.01500	0.01040	0.03368	0.51741	0.13203	0.07525	0.06183	0.02492	0.01026	0.00725	0.00235	0.00536	0.00865	0.00734	0.01061
22	0.80405	0.01350	0.01026	0.00918	0.01350	0.01565	0.00756	0.02051	0.01188	0.03131	0.00972	0.01134	0.00756	0.00648	0.00432	0.00216	0.00540	0.00378	0.00432	0.00756
23	0.44083	0.01273	0.01305	0.01070	0.01553	0.01312	0.00883	0.02686	0.01568	0.35317	0.01809	0.01717	0.01212	0.00749	0.00559	0.00216	0.00565	0.00530	0.00635	0.00959
24	0.01446	0.01372	0.02325	0.51959	0.25641	0.01584	0.02002	0.01896	0.01456	0.01939	0.01263	0.01819	0.00985	0.00674	0.00696	0.00225	0.00898	0.00621	0.00321	0.00879
25	0.02606	0.01895	0.02078	0.05018	0.02276	0.02096	0.01345	0.63397	0.03148	0.06555	0.01691	0.01708	0.01193	0.00832	0.00698	0.00211	0.00770	0.00630	0.00685	0.01167
26	0.01031	0.00739	0.00918	0.00895	0.01091	0.00688	0.00685	0.01283	0.01665	0.05371	0.28557	0.07777	0.28290	0.02174	0.12198	0.00375	0.00611	0.04346	0.00657	0.00648
27	0.01929	0.10982	0.31431	0.01822	0.04849	0.03793	0.07103	0.08418	0.01750	0.14061	0.01521	0.01636	0.01087	0.00690	0.00651	0.00203	0.00879	0.00560	0.00444	0.06191
28	0.09380	0.02119	0.01983	0.01576	0.02092	0.13265	0.01280	0.52574	0.02893	0.03863	0.01520	0.01563	0.01104	0.00802	0.00664	0.00205	0.00826	0.00578	0.00621	0.01090
29	0.00909	0.00690	0.00846	0.00941	0.01065	0.00642	0.00679	0.01141	0.03848	0.01939	0.08603	0.43392	0.22502	0.01960	0.00870	0.00269	0.00415	0.08030	0.00657	0.00604
30	0.01589	0.07613	0.12301	0.02415	0.08465	0.01619	0.36529	0.02113	0.01664	0.04684	0.12018	0.02284	0.01897	0.00739	0.00758	0.00221	0.00946	0.00795	0.00422	0.00928
31	0.01557	0.03914	0.02395	0.12015	0.15949	0.03482	0.16547	0.01936	0.01475	0.06711	0.01650	0.02336	0.01401	0.04341	0.18575	0.00460	0.01160	0.02844	0.00396	0.00857
32	0.06366	0.01099	0.01347	0.01101	0.01503	0.01047	0.00887	0.08215	0.04289	0.36373	0.15077	0.02820	0.02553	0.00949	0.00676	0.00208	0.00513	0.00777	0.13219	0.00979
33	0.00876	0.00628	0.00797	0.00912	0.00989	0.00575	0.00620	0.00972	0.01352	0.01754	0.04286	0.54800	0.17944	0.02120	0.01033	0.07001	0.00411	0.01762	0.00619	0.00549
34	0.05705	0.22232	0.11755	0.01634	0.02227	0.08428	0.10243	0.16388	0.01957	0.04780	0.06986	0.01773	0.01463	0.00746	0.00633	0.00197	0.00843	0.00596	0.00459	0.00957
35	0.04191	0.01119	0.05988	0.01112	0.01378	0.01058	0.00944	0.04651	0.01468	0.07961	0.03055	0.03369	0.17969	0.04697	0.19060	0.00467	0.09008	0.00862	0.10909	0.00734
36	0.00873	0.00686	0.00789	0.00811	0.00984	0.00602	0.00590	0.01076	0.01633	0.02098	0.22835	0.21808	0.39185	0.01774	0.00839	0.00242	0.00359	0.01534	0.00679	0.00602
37	0.01243	0.01008	0.01581	0.08072	0.20119	0.01055	0.01236	0.01520	0.01369	0.04087	0.02384	0.21225	0.04593	0.02575	0.24097	0.00527	0.01041	0.01046	0.00457	0.00767
38	0.01482	0.07564	0.01634	0.01047	0.01665	0.01085	0.00858	0.01785	0.01445	0.02220	0.01217	0.01419	0.01022	0.00524	0.00511	0.00107	0.00536	0.00410	0.00404	0.73063
39	0.01083	0.00754	0.01032	0.01022	0.01112	0.00831	0.00738	0.01241	0.01135	0.04024	0.02136	0.09173	0.02202	0.26858	0.40242	0.00855	0.03630	0.00927	0.00427	0.00580
40	0.00860	0.00623	0.00813	0.00946	0.01010	0.00576	0.00641	0.01003	0.01408	0.01875	0.09735	0.64430	0.09317	0.02093	0.00880	0.00275	0.00395	0.01888	0.00658	0.00576
41	0.01366	0.06395	0.02022	0.07815	0.08101	0.05434	0.14359	0.03774	0.01625	0.02072	0.05435	0.12689	0.21053	0.01184	0.00758	0.00226	0.00704	0.01068	0.03147	0.00774
42	0.01769	0.01641	0.08253	0.17035	0.21236	0.03818	0.10489	0.02203	0.01626	0.12912	0.01928	0.02571	0.03626	0.00836	0.00737	0.00229	0.00857	0.06826	0.00454	0.00954
43	0.02178	0.01444	0.01508	0.01227	0.01629	0.03864	0.00989	0.34186	0.04580	0.09824	0.02009	0.02090	0.01475	0.00831	0.00620	0.00193	0.00601	0.00642	0.29131	0.00978
44	0.01757	0.01688	0.02511	0.14470	0.20372	0.07589	0.14815	0.06785	0.06369	0.04176	0.05064	0.01971	0.01419	0.00712	0.00708	0.00209	0.00870	0.00677	0.00432	0.07405

[dist]
# distance from previous block
# <min> <max>
0	99

# created by:
# /home/berkeley/.conda/envs/busco_data_prod/bin/msa2prfl.pl pipeline/OGs_align_augustus/5794/26645.fs
