[name]
unknown

[dist]
# distance from previous block
# <min> <max>
0	19

[block]
# block no. 0 follows, 25 sequences, length 40
# corresponding to MSA columns:
# 23-62
name=unknown_A
#
# <colnr> <probs for GDERKNQSTAVLIFYWHMCP>
#	G	D	E	R	K	N	Q	S	T	A	V	L	I	F	Y	W	H	M	C	P
0	0.06320	0.02032	0.02089	0.01826	0.05146	0.18273	0.07733	0.09112	0.02050	0.05930	0.02220	0.02995	0.05397	0.01003	0.00763	0.00223	0.00912	0.09197	0.00544	0.16234
1	0.02103	0.01921	0.10870	0.01484	0.02030	0.05269	0.01333	0.19130	0.09286	0.11710	0.06461	0.03650	0.19010	0.01212	0.00811	0.00245	0.00731	0.00975	0.00708	0.01063
2	0.02074	0.01746	0.02694	0.06517	0.17811	0.01746	0.14098	0.12925	0.08201	0.07573	0.01861	0.02229	0.01456	0.04724	0.00951	0.00256	0.00891	0.00754	0.00542	0.10951
3	0.01788	0.01438	0.01604	0.01247	0.01819	0.01312	0.00991	0.08793	0.14619	0.02951	0.01915	0.02039	0.01506	0.00744	0.00633	0.00164	0.00585	0.00597	0.09654	0.45601
4	0.00986	0.00744	0.00872	0.00924	0.01060	0.00673	0.00638	0.01159	0.01643	0.02126	0.15199	0.28682	0.27328	0.12709	0.01397	0.00351	0.00462	0.01715	0.00703	0.00631
5	0.00952	0.00787	0.00834	0.00822	0.01069	0.00670	0.00617	0.01181	0.01850	0.02292	0.19456	0.07137	0.55875	0.01890	0.00916	0.00258	0.00387	0.01591	0.00746	0.00670
6	0.00986	0.00707	0.00884	0.00998	0.01063	0.00662	0.00657	0.01112	0.01477	0.01953	0.07442	0.49014	0.11037	0.16371	0.01569	0.00393	0.00500	0.01892	0.00677	0.00605
7	0.02073	0.73217	0.04063	0.01327	0.01990	0.03068	0.01327	0.02322	0.01575	0.01824	0.01078	0.01244	0.00995	0.00663	0.00498	0.00166	0.00829	0.00415	0.00332	0.00995
8	0.01049	0.00762	0.00924	0.00933	0.01068	0.00717	0.00653	0.01205	0.01597	0.02105	0.18431	0.14192	0.22901	0.16510	0.07714	0.05931	0.00634	0.01417	0.00645	0.00612
9	0.63369	0.01933	0.01348	0.01213	0.01677	0.15132	0.00970	0.02440	0.01493	0.03167	0.01103	0.01287	0.00871	0.00735	0.00523	0.00232	0.00757	0.00436	0.00464	0.00851
10	0.02014	0.15703	0.02169	0.01479	0.01957	0.02028	0.01211	0.03583	0.45441	0.07448	0.06575	0.02723	0.02360	0.01001	0.00738	0.00241	0.00645	0.00810	0.00714	0.01158
11	0.16602	0.01404	0.02018	0.01672	0.01951	0.01622	0.11119	0.01897	0.01608	0.02635	0.20335	0.02938	0.02880	0.01472	0.05699	0.00338	0.21566	0.00883	0.00528	0.00834
12	0.02240	0.02287	0.15162	0.01761	0.02394	0.02029	0.01626	0.30479	0.21955	0.03729	0.02311	0.06620	0.01810	0.01024	0.00786	0.00250	0.00813	0.00823	0.00688	0.01213
13	0.01042	0.00775	0.00928	0.00980	0.01124	0.00717	0.00713	0.01238	0.01655	0.02145	0.14595	0.19250	0.24177	0.15983	0.01551	0.00380	0.00519	0.10905	0.00690	0.00634
14	0.01606	0.01522	0.02581	0.50326	0.24796	0.01760	0.02224	0.02105	0.01617	0.02153	0.01403	0.02021	0.01094	0.00749	0.00773	0.00250	0.00999	0.00690	0.00357	0.00975
15	0.02064	0.01017	0.01285	0.01089	0.01476	0.00883	0.00862	0.02348	0.02071	0.30865	0.21090	0.04962	0.23922	0.01435	0.00857	0.00248	0.00501	0.01208	0.00857	0.00960
16	0.78228	0.01499	0.01140	0.01020	0.01499	0.01739	0.00840	0.02279	0.01320	0.03479	0.01080	0.01260	0.00840	0.00720	0.00480	0.00240	0.00600	0.00420	0.00480	0.00840
17	0.01326	0.01153	0.01874	0.21479	0.02783	0.01304	0.07381	0.01835	0.05413	0.02186	0.11046	0.03049	0.02383	0.02998	0.29575	0.00669	0.01377	0.00881	0.00476	0.00812
18	0.19511	0.01615	0.01769	0.01406	0.01945	0.01689	0.01154	0.25508	0.02535	0.24573	0.08647	0.02370	0.02005	0.00959	0.00726	0.00238	0.00687	0.00733	0.00777	0.01155
19	0.78228	0.01499	0.01140	0.01020	0.01499	0.01739	0.00840	0.02279	0.01320	0.03479	0.01080	0.01260	0.00840	0.00720	0.00480	0.00240	0.00600	0.00420	0.00480	0.00840
20	0.01960	0.40300	0.28354	0.01704	0.02546	0.02526	0.01922	0.08355	0.01795	0.02354	0.01271	0.01451	0.01021	0.00716	0.00614	0.00202	0.00951	0.00501	0.00372	0.01083
21	0.02043	0.23982	0.02643	0.02183	0.20713	0.01843	0.01414	0.02389	0.01767	0.11638	0.05711	0.02229	0.01764	0.00815	0.00648	0.00202	0.00712	0.00665	0.15599	0.01038
22	0.01870	0.01420	0.01409	0.01324	0.01606	0.10471	0.00986	0.11520	0.02045	0.11725	0.03697	0.35097	0.10224	0.01721	0.00880	0.00270	0.00665	0.01480	0.00718	0.00871
23	0.01608	0.01378	0.01608	0.01148	0.01837	0.01034	0.00919	0.01952	0.01608	0.02527	0.01378	0.01608	0.01148	0.00574	0.00574	0.00115	0.00574	0.00459	0.00459	0.77491
24	0.01882	0.01678	0.02593	0.35537	0.12829	0.01866	0.07926	0.14928	0.03936	0.02758	0.01557	0.02006	0.01177	0.00780	0.00776	0.00242	0.00969	0.00705	0.00461	0.05394
25	0.01468	0.00978	0.01205	0.01133	0.01279	0.01042	0.00809	0.11804	0.01606	0.02215	0.02230	0.09834	0.02267	0.22275	0.16521	0.15998	0.00980	0.00984	0.04712	0.00659
26	0.01293	0.01143	0.01136	0.01069	0.01266	0.06672	0.00784	0.03993	0.01765	0.02208	0.14546	0.07562	0.30192	0.16019	0.01624	0.00359	0.05727	0.01312	0.00638	0.00690
27	0.02260	0.01267	0.01628	0.01359	0.01727	0.01289	0.01089	0.12007	0.02241	0.25997	0.21664	0.07821	0.03535	0.01489	0.04100	0.00299	0.07363	0.01034	0.00802	0.01030
28	0.01862	0.01835	0.01724	0.01316	0.01948	0.14565	0.01033	0.02178	0.01724	0.02403	0.01343	0.01566	0.01119	0.00619	0.00599	0.00132	0.00737	0.00467	0.00448	0.62384
29	0.01964	0.01588	0.01671	0.01385	0.01853	0.05197	0.01082	0.20717	0.08803	0.03175	0.02336	0.15816	0.02153	0.01127	0.00742	0.00213	0.00668	0.00935	0.05525	0.23053
30	0.01390	0.00887	0.01119	0.01171	0.05404	0.00822	0.00791	0.01673	0.01854	0.08825	0.25547	0.08386	0.16911	0.08610	0.01142	0.00291	0.00477	0.01250	0.12679	0.00771
31	0.01008	0.00764	0.00911	0.00934	0.01086	0.00710	0.00661	0.01204	0.01651	0.02157	0.17688	0.19128	0.27270	0.12993	0.07915	0.00436	0.00613	0.01549	0.00680	0.00641
32	0.78228	0.01499	0.01140	0.01020	0.01499	0.01739	0.00840	0.02279	0.01320	0.03479	0.01080	0.01260	0.00840	0.00720	0.00480	0.00240	0.00600	0.00420	0.00480	0.00840
33	0.01209	0.01019	0.01505	0.05856	0.16803	0.01001	0.01176	0.01469	0.01617	0.02159	0.06259	0.33544	0.15396	0.02019	0.05005	0.00335	0.00675	0.01553	0.00607	0.00793
34	0.01793	0.01418	0.01659	0.01197	0.01877	0.01115	0.00962	0.05542	0.01756	0.06586	0.01505	0.01683	0.01204	0.00617	0.00598	0.00129	0.00595	0.00492	0.00507	0.68766
35	0.01960	0.01767	0.01708	0.01530	0.01808	0.15065	0.01192	0.06344	0.08815	0.08635	0.05651	0.12646	0.12613	0.01400	0.01172	0.00268	0.14833	0.01065	0.00619	0.00908
36	0.25105	0.05815	0.06627	0.01694	0.06260	0.01530	0.07592	0.04230	0.01673	0.05042	0.04860	0.13372	0.02378	0.01213	0.00758	0.00265	0.00738	0.09398	0.00555	0.00896
37	0.02079	0.15055	0.07129	0.11903	0.16693	0.02134	0.01834	0.08342	0.01805	0.09375	0.01493	0.01823	0.01182	0.00883	0.01069	0.00246	0.14788	0.00639	0.00454	0.01072
38	0.01824	0.11630	0.01982	0.11006	0.02232	0.18334	0.01245	0.06081	0.02014	0.02432	0.19776	0.12611	0.03325	0.01228	0.00786	0.00233	0.00820	0.01012	0.00575	0.00850
39	0.02583	0.13641	0.16656	0.01721	0.02414	0.04964	0.01674	0.20222	0.02336	0.19928	0.01873	0.01887	0.01321	0.00870	0.00810	0.00231	0.04425	0.00638	0.00619	0.01189

[dist]
# distance from previous block
# <min> <max>
2	57

[block]
# block no. 1 follows, 25 sequences, length 25
# corresponding to MSA columns:
# 152-176
name=unknown_B
#
# <colnr> <probs for GDERKNQSTAVLIFYWHMCP>
#	G	D	E	R	K	N	Q	S	T	A	V	L	I	F	Y	W	H	M	C	P
0	0.13346	0.10689	0.11329	0.07216	0.12980	0.05916	0.01640	0.12394	0.01975	0.02895	0.05004	0.05255	0.01626	0.00887	0.00695	0.00230	0.00846	0.00701	0.03350	0.01025
1	0.01894	0.01632	0.01628	0.01510	0.01735	0.16064	0.01185	0.02137	0.01650	0.09953	0.02227	0.09705	0.02082	0.02462	0.18776	0.00517	0.12574	0.05191	0.06244	0.00835
2	0.11304	0.01471	0.01589	0.01378	0.01826	0.01580	0.01089	0.09418	0.28816	0.15986	0.03309	0.07862	0.08725	0.01170	0.00776	0.00256	0.00611	0.00954	0.00772	0.01109
3	0.00963	0.00754	0.00841	0.00882	0.01051	0.00666	0.00619	0.01134	0.01653	0.02075	0.11018	0.23349	0.39352	0.10531	0.01298	0.00332	0.00448	0.01700	0.00701	0.00632
4	0.01701	0.00894	0.01096	0.00993	0.01145	0.00856	0.00655	0.01786	0.01399	0.17881	0.02578	0.04393	0.02562	0.52385	0.05938	0.00647	0.00785	0.01030	0.00587	0.00687
5	0.01608	0.01378	0.01608	0.01148	0.01837	0.01034	0.00919	0.01952	0.01608	0.02527	0.01378	0.01608	0.01148	0.00574	0.00574	0.00115	0.00574	0.00459	0.00459	0.77491
6	0.00945	0.00675	0.00900	0.01080	0.01125	0.00630	0.00720	0.01080	0.01484	0.01979	0.04274	0.72245	0.05128	0.02429	0.00990	0.00315	0.00450	0.02204	0.00720	0.00630
7	0.02250	0.11109	0.02366	0.06282	0.12640	0.35785	0.01520	0.02500	0.01887	0.01988	0.01660	0.10271	0.01612	0.03842	0.00856	0.00240	0.01092	0.00763	0.00427	0.00910
8	0.01608	0.01378	0.01608	0.01148	0.01837	0.01034	0.00919	0.01952	0.01608	0.02527	0.01378	0.01608	0.01148	0.00574	0.00574	0.00115	0.00574	0.00459	0.00459	0.77491
9	0.01353	0.08454	0.05763	0.13887	0.07335	0.01247	0.01287	0.01537	0.01434	0.01899	0.02403	0.27571	0.02601	0.01774	0.01312	0.17020	0.00720	0.01203	0.00480	0.00723
10	0.01596	0.15541	0.38207	0.01754	0.02583	0.01860	0.02032	0.02428	0.09436	0.02420	0.04979	0.02593	0.09511	0.00945	0.00729	0.00235	0.00903	0.00744	0.00452	0.01052
11	0.01919	0.01842	0.03147	0.04759	0.67914	0.01842	0.02380	0.02380	0.01765	0.02533	0.01458	0.01919	0.01228	0.00691	0.00768	0.00230	0.00921	0.00691	0.00384	0.01228
12	0.01439	0.01358	0.02087	0.41155	0.03759	0.01711	0.01774	0.01820	0.01517	0.02024	0.05506	0.02812	0.09331	0.01109	0.01254	0.00279	0.18987	0.00837	0.00415	0.00826
13	0.02073	0.73217	0.04063	0.01327	0.01990	0.03068	0.01327	0.02322	0.01575	0.01824	0.01078	0.01244	0.00995	0.00663	0.00498	0.00166	0.00829	0.00415	0.00332	0.00995
14	0.02226	0.02566	0.02247	0.02249	0.10023	0.34296	0.01596	0.02458	0.01746	0.01953	0.01284	0.01742	0.01144	0.01544	0.09481	0.00368	0.21181	0.00613	0.00383	0.00899
15	0.01266	0.00997	0.01149	0.01107	0.01349	0.01001	0.00827	0.04259	0.15070	0.02761	0.26574	0.18501	0.18740	0.01701	0.00899	0.00265	0.00457	0.01478	0.00782	0.00818
16	0.01653	0.25727	0.26757	0.01581	0.02284	0.05461	0.01730	0.02142	0.01721	0.02249	0.10199	0.05447	0.08055	0.01003	0.00706	0.00221	0.00861	0.00785	0.00450	0.00966
17	0.01160	0.00898	0.01116	0.01048	0.01313	0.00766	0.00767	0.01422	0.01748	0.02469	0.22871	0.30146	0.08474	0.01670	0.00856	0.00239	0.00453	0.01480	0.00693	0.20413
18	0.01174	0.00867	0.01057	0.01059	0.01227	0.00844	0.00764	0.06665	0.01852	0.02485	0.20508	0.28864	0.15104	0.07554	0.05976	0.00379	0.00590	0.01602	0.00719	0.00711
19	0.01890	0.01899	0.09774	0.01506	0.02074	0.06755	0.01334	0.11853	0.01908	0.05369	0.01634	0.01968	0.01327	0.01762	0.14532	0.00396	0.03980	0.00609	0.00495	0.28935
20	0.14274	0.01162	0.01350	0.01119	0.01563	0.01054	0.00885	0.02252	0.01864	0.19705	0.18489	0.07399	0.07044	0.01138	0.00740	0.00220	0.00531	0.00941	0.00719	0.17551
21	0.01130	0.00792	0.00974	0.00991	0.01157	0.00755	0.00751	0.01407	0.01776	0.02468	0.25031	0.08714	0.15762	0.10227	0.05331	0.00379	0.00576	0.11241	0.09861	0.00677
22	0.02117	0.01970	0.06387	0.02345	0.13035	0.01977	0.08998	0.19144	0.25364	0.03333	0.02225	0.02406	0.01713	0.04308	0.00944	0.00272	0.00844	0.00799	0.00631	0.01189
23	0.01131	0.00823	0.01209	0.01209	0.01351	0.00952	0.00939	0.01414	0.01273	0.01876	0.02109	0.03035	0.01942	0.05471	0.64834	0.01171	0.01957	0.00823	0.05785	0.00694
24	0.09951	0.17457	0.07763	0.03570	0.02085	0.12485	0.04307	0.06520	0.01841	0.02411	0.04634	0.11367	0.10363	0.01140	0.00725	0.00232	0.00832	0.00911	0.00508	0.00898

[dist]
# distance from previous block
# <min> <max>
0	66

[block]
# block no. 2 follows, 25 sequences, length 25
# corresponding to MSA columns:
# 247-271
name=unknown_C
#
# <colnr> <probs for GDERKNQSTAVLIFYWHMCP>
#	G	D	E	R	K	N	Q	S	T	A	V	L	I	F	Y	W	H	M	C	P
0	0.06038	0.02700	0.14136	0.02151	0.06148	0.20834	0.10876	0.05771	0.09851	0.02581	0.01587	0.01793	0.01227	0.00767	0.00729	0.00219	0.01051	0.00630	0.00462	0.10450
1	0.22875	0.04190	0.02298	0.07055	0.27189	0.06314	0.01647	0.10713	0.01925	0.03034	0.04758	0.01883	0.01411	0.00788	0.00685	0.00232	0.00831	0.00633	0.00483	0.01056
2	0.14176	0.01755	0.08810	0.05587	0.10347	0.01655	0.01467	0.06721	0.18985	0.06510	0.10093	0.02617	0.02258	0.01202	0.04274	0.00298	0.00790	0.00784	0.00613	0.01059
3	0.01133	0.00912	0.01201	0.01159	0.01290	0.01025	0.00879	0.01332	0.01355	0.01836	0.03502	0.04351	0.18963	0.15072	0.33052	0.00800	0.09909	0.01069	0.00494	0.00666
4	0.02070	0.20131	0.26597	0.05843	0.09890	0.09823	0.02055	0.06573	0.01858	0.06253	0.01428	0.01641	0.01093	0.00749	0.00685	0.00219	0.01020	0.00565	0.00410	0.01096
5	0.01037	0.00773	0.00958	0.00997	0.01157	0.00709	0.00739	0.01289	0.01827	0.02433	0.28090	0.21601	0.20887	0.05701	0.01110	0.00304	0.00451	0.08507	0.00755	0.00674
6	0.02440	0.28400	0.02984	0.02038	0.09106	0.32171	0.01537	0.05486	0.01943	0.02071	0.01203	0.01433	0.01037	0.00772	0.00728	0.00199	0.04573	0.00507	0.00387	0.00985
7	0.01475	0.05347	0.18114	0.01576	0.02036	0.01374	0.05459	0.01863	0.01558	0.06237	0.02987	0.11890	0.11538	0.09134	0.07020	0.00401	0.07714	0.02907	0.00511	0.00859
8	0.02023	0.26054	0.21415	0.01739	0.04734	0.06341	0.01735	0.06409	0.01809	0.05909	0.01395	0.01565	0.01097	0.00711	0.00633	0.00192	0.00905	0.00519	0.00420	0.14396
9	0.24081	0.01027	0.01134	0.01085	0.01354	0.01098	0.00839	0.01749	0.01580	0.06357	0.16217	0.12013	0.06526	0.02514	0.18586	0.00512	0.00907	0.01041	0.00612	0.00770
10	0.01100	0.00807	0.01006	0.01106	0.01225	0.00785	0.00810	0.01384	0.04897	0.02093	0.06466	0.32050	0.12156	0.14449	0.01501	0.00389	0.00562	0.15872	0.00683	0.00659
11	0.01539	0.14833	0.19786	0.07780	0.04651	0.01716	0.01643	0.02265	0.11275	0.02353	0.05902	0.11309	0.09542	0.01159	0.00766	0.00245	0.00784	0.00964	0.00518	0.00970
12	0.01648	0.01545	0.02598	0.26325	0.38901	0.01654	0.02101	0.02088	0.01659	0.02281	0.01776	0.10582	0.01641	0.00932	0.00797	0.00250	0.00901	0.00876	0.00412	0.01033
13	0.00987	0.00718	0.00940	0.01103	0.01189	0.00671	0.00786	0.01161	0.01557	0.02041	0.04597	0.56528	0.11101	0.02341	0.00995	0.00316	0.00483	0.11123	0.00719	0.00645
14	0.00965	0.00726	0.00880	0.00968	0.01091	0.00656	0.00669	0.01139	0.01634	0.02124	0.12956	0.41502	0.23424	0.06142	0.01125	0.00315	0.00440	0.01880	0.00722	0.00640
15	0.01804	0.27220	0.29974	0.02181	0.03068	0.02276	0.18446	0.02417	0.01666	0.02247	0.01330	0.01620	0.01037	0.00690	0.00701	0.00222	0.01079	0.00607	0.00346	0.01068
16	0.14012	0.15254	0.24167	0.01499	0.02160	0.01822	0.01596	0.02428	0.09551	0.02639	0.05055	0.02158	0.01644	0.04066	0.00791	0.00248	0.00795	0.00640	0.08492	0.00983
17	0.02020	0.00972	0.01210	0.01057	0.01406	0.00861	0.00825	0.02298	0.01945	0.28057	0.12095	0.10947	0.18099	0.01402	0.00810	0.00243	0.00493	0.01183	0.13145	0.00930
18	0.02049	0.01467	0.01621	0.01414	0.01790	0.01588	0.01126	0.30178	0.08778	0.03589	0.02771	0.15888	0.02552	0.01335	0.00805	0.00254	0.00656	0.07081	0.14041	0.01019
19	0.50977	0.01362	0.01195	0.01089	0.01474	0.01529	0.00855	0.08076	0.01599	0.03251	0.04946	0.12187	0.01956	0.05609	0.00825	0.00283	0.00601	0.00801	0.00561	0.00826
20	0.02194	0.01558	0.01751	0.03741	0.02005	0.03469	0.01134	0.21104	0.05870	0.11420	0.12554	0.02638	0.02395	0.00949	0.00734	0.00205	0.00664	0.00769	0.05188	0.19658
21	0.01780	0.06313	0.07136	0.15357	0.32298	0.01847	0.14436	0.02295	0.01712	0.02401	0.01506	0.01981	0.01203	0.00713	0.00765	0.00235	0.00988	0.00712	0.05243	0.01077
22	0.35117	0.01540	0.01928	0.10612	0.19250	0.01652	0.01455	0.02549	0.01631	0.15182	0.01584	0.01787	0.01166	0.00764	0.00646	0.00240	0.00747	0.00590	0.00528	0.01032
23	0.01164	0.00876	0.01103	0.01095	0.01304	0.00792	0.00810	0.01386	0.01574	0.02172	0.09628	0.26016	0.07340	0.12406	0.04694	0.00384	0.00627	0.11068	0.00632	0.14931
24	0.01969	0.51040	0.03265	0.01341	0.01913	0.06046	0.01241	0.02503	0.11439	0.02072	0.02128	0.02171	0.08379	0.00869	0.00597	0.00193	0.00779	0.00620	0.00446	0.00989

[dist]
# distance from previous block
# <min> <max>
0	24

[block]
# block no. 3 follows, 25 sequences, length 95
# corresponding to MSA columns:
# 296-324,381-446
name=unknown_D
#
# <colnr> <probs for GDERKNQSTAVLIFYWHMCP>
#	G	D	E	R	K	N	Q	S	T	A	V	L	I	F	Y	W	H	M	C	P
0	0.40634	0.16113	0.10748	0.01350	0.01945	0.05518	0.01280	0.02560	0.08800	0.02910	0.01360	0.01497	0.01069	0.00752	0.00563	0.00227	0.00760	0.00495	0.00461	0.00957
1	0.13663	0.01721	0.02190	0.14590	0.02742	0.05359	0.06464	0.06341	0.05811	0.04775	0.01447	0.01823	0.01156	0.00919	0.01168	0.00255	0.18904	0.00643	0.00460	0.09570
2	0.02310	0.01650	0.01867	0.01440	0.02052	0.01602	0.01164	0.20826	0.13840	0.12469	0.02067	0.02053	0.01521	0.00815	0.00699	0.00192	0.00673	0.00647	0.00678	0.31435
3	0.01023	0.00758	0.00955	0.00974	0.01130	0.00690	0.00704	0.01295	0.01920	0.02616	0.39401	0.25114	0.16780	0.01890	0.00936	0.00267	0.00394	0.01671	0.00793	0.00690
4	0.00966	0.00737	0.00877	0.00945	0.01089	0.00660	0.00663	0.01155	0.01685	0.02180	0.15522	0.35014	0.28312	0.05183	0.01079	0.00303	0.00429	0.01822	0.00730	0.00648
5	0.01374	0.00820	0.01062	0.01061	0.01256	0.00739	0.00772	0.01605	0.01828	0.12547	0.21877	0.35277	0.12958	0.01914	0.00928	0.00277	0.00452	0.01694	0.00793	0.00767
6	0.02056	0.01687	0.01837	0.01483	0.02046	0.01742	0.01182	0.17467	0.30575	0.03384	0.02270	0.02230	0.01723	0.00866	0.00715	0.00207	0.00656	0.00697	0.00677	0.26501
7	0.01425	0.03306	0.53900	0.01908	0.02857	0.01554	0.02375	0.02180	0.01687	0.02429	0.05867	0.02824	0.12442	0.00985	0.00776	0.00248	0.00980	0.00793	0.00420	0.01042
8	0.01672	0.01461	0.01763	0.01320	0.01892	0.01309	0.01069	0.04285	0.01613	0.02504	0.01336	0.01632	0.01133	0.00718	0.00911	0.00157	0.12411	0.00505	0.00451	0.61860
9	0.02634	0.02722	0.02106	0.01807	0.02288	0.33118	0.01404	0.20109	0.16996	0.03037	0.01825	0.01869	0.01399	0.00881	0.00734	0.00219	0.01037	0.00636	0.00591	0.04588
10	0.01361	0.01515	0.09104	0.05605	0.12888	0.04650	0.01369	0.01781	0.04375	0.02275	0.08700	0.23020	0.13641	0.01736	0.04156	0.00312	0.00756	0.01320	0.00582	0.00854
11	0.01933	0.01686	0.02156	0.01820	0.02118	0.02028	0.04858	0.16147	0.14998	0.02890	0.02382	0.02978	0.06122	0.01272	0.01483	0.00293	0.27185	0.06052	0.00585	0.01014
12	0.02500	0.22975	0.06092	0.01779	0.02294	0.40729	0.01493	0.02949	0.08439	0.02041	0.01371	0.01517	0.01134	0.00783	0.00654	0.00199	0.01147	0.00517	0.00416	0.00971
13	0.02012	0.01670	0.02016	0.16189	0.02786	0.07418	0.04095	0.06612	0.04040	0.09961	0.01652	0.01884	0.01251	0.00724	0.00687	0.00186	0.00806	0.00598	0.00515	0.34898
14	0.13946	0.02243	0.09155	0.02610	0.20680	0.12458	0.06961	0.07690	0.01876	0.02721	0.01504	0.04043	0.01258	0.00972	0.03256	0.00264	0.00999	0.00665	0.00447	0.06251
15	0.01235	0.00991	0.01171	0.01153	0.01202	0.03824	0.00797	0.01336	0.01266	0.01703	0.02491	0.16630	0.02798	0.36534	0.14089	0.00679	0.09816	0.01195	0.00488	0.00602
16	0.01597	0.01414	0.02186	0.55709	0.04574	0.01704	0.01928	0.09730	0.01815	0.02345	0.01868	0.05880	0.04174	0.00931	0.00792	0.00258	0.00953	0.00809	0.00433	0.00897
17	0.05098	0.15759	0.23256	0.05610	0.02698	0.05649	0.05951	0.02429	0.07281	0.02289	0.01683	0.01949	0.03882	0.00900	0.00995	0.00247	0.12264	0.00649	0.00402	0.01009
18	0.02130	0.01831	0.02379	0.10503	0.25675	0.06073	0.01750	0.15285	0.10844	0.06149	0.04426	0.02488	0.05181	0.00916	0.00782	0.00239	0.00849	0.00785	0.00575	0.01141
19	0.01121	0.00789	0.01008	0.01094	0.01179	0.00787	0.00797	0.01285	0.01428	0.01886	0.03481	0.17797	0.06605	0.30248	0.07990	0.00576	0.00784	0.19952	0.00594	0.00599
20	0.06811	0.01424	0.01709	0.01396	0.01904	0.01423	0.01126	0.08446	0.18271	0.36289	0.10139	0.02921	0.02532	0.01038	0.00781	0.00246	0.00627	0.00848	0.00865	0.01204
21	0.01582	0.07636	0.65346	0.02164	0.03284	0.01867	0.02784	0.02448	0.01634	0.02422	0.01375	0.01616	0.00983	0.00733	0.00724	0.00241	0.01129	0.00565	0.00328	0.01138
22	0.01005	0.00768	0.00935	0.01024	0.01188	0.00697	0.00770	0.01226	0.01713	0.02192	0.11522	0.29832	0.28717	0.02121	0.00970	0.00296	0.00470	0.13157	0.00731	0.00664
23	0.01538	0.00844	0.01142	0.01191	0.01374	0.00775	0.00881	0.01738	0.01684	0.16547	0.03986	0.48760	0.04340	0.02071	0.00954	0.00304	0.00530	0.09778	0.00771	0.00791
24	0.01288	0.00905	0.01051	0.00992	0.01101	0.00930	0.00657	0.07450	0.01528	0.02059	0.09156	0.04733	0.06515	0.47262	0.10574	0.00679	0.00853	0.01107	0.00545	0.00614
25	0.01555	0.04011	0.68733	0.02210	0.03356	0.01801	0.02865	0.02455	0.01637	0.02455	0.01391	0.01637	0.00982	0.00737	0.00737	0.00246	0.01146	0.00573	0.00327	0.01146
26	0.14784	0.15002	0.02491	0.02043	0.13044	0.02105	0.04656	0.12283	0.16505	0.03093	0.01830	0.01954	0.01427	0.00817	0.00671	0.00227	0.00762	0.00651	0.04557	0.01098
27	0.01244	0.00997	0.01563	0.01401	0.01571	0.01019	0.10650	0.01470	0.01428	0.02024	0.02805	0.26520	0.03043	0.18427	0.08857	0.00490	0.05295	0.01352	0.09154	0.00688
28	0.02109	0.02496	0.17040	0.13549	0.25773	0.13084	0.02164	0.02612	0.01828	0.09749	0.01568	0.01874	0.01184	0.00762	0.00752	0.00234	0.01038	0.00643	0.00433	0.01109
29	0.01401	0.01019	0.01248	0.01108	0.01363	0.01006	0.00853	0.11936	0.02433	0.03401	0.56740	0.05147	0.06332	0.01478	0.00892	0.00242	0.00446	0.01287	0.00841	0.00828
30	0.02281	0.09445	0.12973	0.01644	0.02286	0.05456	0.01531	0.25223	0.02381	0.08310	0.01738	0.01925	0.01323	0.01464	0.09696	0.00346	0.01040	0.00635	0.00570	0.09734
31	0.02302	0.02060	0.02696	0.12000	0.13072	0.12801	0.12322	0.13072	0.02155	0.10121	0.01786	0.02296	0.01405	0.00890	0.00886	0.00248	0.04394	0.03892	0.00528	0.01075
32	0.05057	0.00841	0.01056	0.01087	0.01238	0.00802	0.00768	0.01579	0.01570	0.11212	0.07626	0.36928	0.04102	0.16519	0.01544	0.00389	0.00560	0.05707	0.00698	0.00714
33	0.01113	0.00759	0.00911	0.00922	0.00947	0.00777	0.00563	0.01164	0.01169	0.01580	0.02504	0.09059	0.02831	0.57938	0.13886	0.00800	0.00937	0.01151	0.00477	0.00514
34	0.01169	0.00885	0.01109	0.01226	0.01363	0.00902	0.00899	0.01701	0.12916	0.02259	0.04049	0.49298	0.04532	0.02139	0.00968	0.00313	0.00523	0.12270	0.00731	0.00749
35	0.01991	0.01362	0.01693	0.01364	0.01760	0.01425	0.08125	0.23132	0.02325	0.03513	0.02198	0.02456	0.01672	0.00884	0.00662	0.00207	0.00632	0.00736	0.42903	0.00958
36	0.01797	0.01718	0.02927	0.22445	0.51179	0.01810	0.02319	0.02273	0.01708	0.02385	0.01437	0.01959	0.01176	0.00713	0.00770	0.00238	0.00951	0.00690	0.00373	0.01130
37	0.01549	0.01464	0.02478	0.58609	0.16959	0.01745	0.02195	0.02055	0.01590	0.02084	0.01393	0.02040	0.01070	0.00760	0.00774	0.00253	0.01013	0.00689	0.00352	0.00929
38	0.02895	0.01613	0.01931	0.01462	0.02088	0.01533	0.01201	0.23636	0.02555	0.33128	0.02298	0.02158	0.01553	0.00866	0.00733	0.00210	0.00705	0.00683	0.00790	0.17962
39	0.02475	0.01253	0.01590	0.01288	0.01731	0.01185	0.01036	0.12761	0.02439	0.33038	0.27735	0.03731	0.03905	0.01196	0.00831	0.00240	0.00577	0.01007	0.00889	0.01093
40	0.00945	0.00675	0.00900	0.01080	0.01125	0.00630	0.00720	0.01080	0.01484	0.01979	0.04274	0.72245	0.05128	0.02429	0.00990	0.00315	0.00450	0.02204	0.00720	0.00630
41	0.02875	0.01895	0.02096	0.01638	0.02216	0.02043	0.01343	0.44894	0.09415	0.16433	0.02242	0.02156	0.01564	0.00947	0.00767	0.00235	0.00770	0.00732	0.04459	0.01281
42	0.01423	0.00742	0.00782	0.00802	0.00983	0.00742	0.00622	0.01784	0.01644	0.02826	0.02707	0.03550	0.02266	0.01043	0.00602	0.00201	0.00401	0.07703	0.68457	0.00722
43	0.01115	0.00803	0.01105	0.01105	0.01194	0.00892	0.00793	0.01294	0.01204	0.01695	0.02206	0.03762	0.02249	0.29431	0.46487	0.01072	0.01609	0.00935	0.00435	0.00614
44	0.29822	0.01459	0.01613	0.01289	0.01848	0.01464	0.01064	0.08740	0.02029	0.39841	0.02253	0.02083	0.01485	0.00872	0.00673	0.00239	0.00656	0.00645	0.00774	0.01150
45	0.02094	0.01220	0.01320	0.01121	0.01478	0.01275	0.00890	0.18791	0.05719	0.10817	0.02448	0.02593	0.01825	0.00925	0.00643	0.00205	0.00537	0.00731	0.44395	0.00973
46	0.27414	0.01377	0.01588	0.01264	0.01826	0.01332	0.01044	0.03299	0.01931	0.47646	0.02425	0.02197	0.01574	0.00883	0.00684	0.00240	0.00641	0.00664	0.00806	0.01166
47	0.01519	0.01308	0.02085	0.44772	0.10813	0.01545	0.01814	0.04058	0.01619	0.02233	0.01629	0.02260	0.01288	0.01356	0.08505	0.00356	0.01047	0.00710	0.10204	0.00878
48	0.13592	0.01542	0.01578	0.01424	0.01840	0.01765	0.01112	0.03537	0.49223	0.03265	0.10084	0.02968	0.02689	0.01061	0.00755	0.00257	0.00584	0.00865	0.00749	0.01112
49	0.02947	0.02172	0.02327	0.01784	0.02404	0.02404	0.01474	0.65329	0.03646	0.04887	0.01862	0.01862	0.01319	0.00931	0.00776	0.00233	0.00853	0.00698	0.00776	0.01319
50	0.68252	0.01589	0.01297	0.01121	0.01619	0.01828	0.00924	0.10634	0.01628	0.03665	0.01183	0.01339	0.00903	0.00748	0.00519	0.00239	0.00633	0.00457	0.00519	0.00903
51	0.00998	0.00773	0.00904	0.00924	0.01113	0.00688	0.00681	0.01236	0.01827	0.02369	0.24691	0.17790	0.34010	0.04266	0.01035	0.00286	0.00421	0.04565	0.00751	0.00670
52	0.01145	0.00781	0.00971	0.00924	0.01111	0.00726	0.00693	0.01501	0.02078	0.03019	0.53635	0.05406	0.09691	0.01494	0.00854	0.00234	0.00367	0.01303	0.13343	0.00726
53	0.01383	0.00832	0.01103	0.01060	0.01262	0.00759	0.00785	0.01675	0.01999	0.11801	0.40915	0.23965	0.05959	0.01735	0.00917	0.00263	0.00430	0.01541	0.00831	0.00784
54	0.02214	0.61478	0.03759	0.01425	0.02059	0.09701	0.01354	0.06626	0.01777	0.02037	0.01143	0.01301	0.01017	0.00695	0.00536	0.00174	0.00888	0.00442	0.00368	0.01007
55	0.01037	0.00790	0.00953	0.00912	0.01121	0.00706	0.00684	0.01346	0.02052	0.02771	0.47635	0.06348	0.27397	0.01711	0.00915	0.00250	0.00375	0.01480	0.00809	0.00706
56	0.65394	0.01920	0.12454	0.01219	0.01810	0.01750	0.01179	0.02309	0.01373	0.03307	0.01132	0.01323	0.00864	0.00723	0.00523	0.00241	0.00691	0.00445	0.00454	0.00891
57	0.26501	0.01573	0.01836	0.06035	0.06489	0.04180	0.01309	0.02717	0.01670	0.24476	0.01772	0.01898	0.01274	0.00922	0.01009	0.00257	0.13831	0.00625	0.00595	0.01030
58	0.03021	0.02295	0.02224	0.01757	0.02338	0.13463	0.01426	0.45427	0.03183	0.14181	0.01935	0.01904	0.01358	0.00913	0.00763	0.00228	0.00915	0.00677	0.00741	0.01248
59	0.02074	0.01702	0.01488	0.01324	0.01597	0.17409	0.01025	0.07135	0.01921	0.08041	0.04725	0.02504	0.01838	0.03626	0.00984	0.00236	0.08678	0.00711	0.32119	0.00865
60	0.02491	0.01945	0.02070	0.01692	0.02231	0.02191	0.01363	0.37931	0.31786	0.04151	0.02441	0.02323	0.01788	0.00985	0.00782	0.00246	0.00746	0.00778	0.00782	0.01278
61	0.02912	0.03241	0.02236	0.01934	0.02399	0.49582	0.01491	0.21660	0.02629	0.02789	0.01396	0.01536	0.01094	0.00838	0.00722	0.00210	0.01236	0.00559	0.00512	0.01024
62	0.01263	0.00927	0.01134	0.01065	0.01282	0.00895	0.00799	0.08558	0.02198	0.03021	0.43697	0.16636	0.12167	0.01690	0.00912	0.00256	0.00437	0.01480	0.00809	0.00773
63	0.02264	0.01273	0.01405	0.01164	0.01553	0.01312	0.00933	0.21652	0.02350	0.15042	0.02418	0.02531	0.01770	0.00922	0.00656	0.00207	0.00565	0.00725	0.40248	0.01011
64	0.14877	0.01148	0.01305	0.01076	0.01514	0.01069	0.00860	0.02445	0.01836	0.22521	0.12271	0.02782	0.02460	0.00941	0.00665	0.00207	0.00525	0.00751	0.17408	0.13337
65	0.01087	0.00798	0.01022	0.00984	0.01176	0.00733	0.00750	0.01432	0.02118	0.02939	0.56357	0.06183	0.14093	0.01666	0.00925	0.00254	0.00392	0.05541	0.00829	0.00722
66	0.01791	0.01740	0.03249	0.02417	0.03002	0.01685	0.37634	0.11863	0.02164	0.02953	0.15644	0.07338	0.02742	0.01006	0.00898	0.00257	0.00984	0.01067	0.00569	0.00995
67	0.01729	0.27289	0.46981	0.01913	0.02896	0.02227	0.02347	0.02410	0.01616	0.02243	0.01286	0.01505	0.00987	0.00712	0.00656	0.00219	0.01039	0.00520	0.00329	0.01095
68	0.78228	0.01499	0.01140	0.01020	0.01499	0.01739	0.00840	0.02279	0.01320	0.03479	0.01080	0.01260	0.00840	0.00720	0.00480	0.00240	0.00600	0.00420	0.00480	0.00840
69	0.01212	0.00952	0.01318	0.01261	0.01336	0.01141	0.00945	0.01390	0.01202	0.01724	0.02007	0.03413	0.02042	0.24612	0.39267	0.00950	0.13265	0.00892	0.00419	0.00653
70	0.01278	0.00917	0.01042	0.00986	0.01223	0.00910	0.00746	0.01909	0.12401	0.02913	0.32917	0.04969	0.15442	0.01413	0.00813	0.00236	0.00409	0.01208	0.17470	0.00797
71	0.01181	0.00816	0.00962	0.00995	0.01144	0.00768	0.00685	0.01435	0.05206	0.05757	0.06800	0.31071	0.20170	0.17505	0.01592	0.00387	0.00520	0.01643	0.00687	0.00677
72	0.01794	0.01975	0.04089	0.02920	0.03689	0.01809	0.54573	0.02397	0.01794	0.02491	0.01537	0.02012	0.01172	0.00641	0.00859	0.00237	0.01187	0.00840	0.00403	0.13582
73	0.07834	0.11398	0.15149	0.10633	0.21290	0.05007	0.02028	0.05539	0.01708	0.02455	0.01318	0.01695	0.01070	0.00800	0.00903	0.00240	0.08887	0.00603	0.00385	0.01058
74	0.02556	0.01825	0.02130	0.01723	0.02172	0.02086	0.01412	0.31807	0.12776	0.13385	0.02085	0.02148	0.01535	0.01206	0.03489	0.00294	0.14736	0.00739	0.00707	0.01190
75	0.01029	0.00830	0.00921	0.00891	0.01133	0.00743	0.00670	0.01381	0.05015	0.02510	0.28812	0.06650	0.43074	0.01786	0.00910	0.00256	0.00394	0.01517	0.00771	0.00709
76	0.01759	0.02278	0.14436	0.19766	0.13790	0.05094	0.26823	0.02370	0.01737	0.02336	0.01458	0.01950	0.01108	0.00710	0.00818	0.00250	0.01160	0.00749	0.00369	0.01038
77	0.01621	0.06911	0.58232	0.02098	0.03143	0.01873	0.02610	0.02637	0.08941	0.02515	0.01576	0.01760	0.01139	0.00769	0.00732	0.00244	0.01071	0.00600	0.00380	0.01148
78	0.01472	0.01864	0.19123	0.01555	0.02037	0.01321	0.04859	0.08908	0.01838	0.02597	0.15977	0.03363	0.02856	0.11974	0.16295	0.00533	0.01103	0.00917	0.00533	0.00878
79	0.01894	0.01402	0.01653	0.01222	0.01865	0.01136	0.00979	0.07209	0.01835	0.10115	0.01745	0.05122	0.01439	0.00735	0.00633	0.00148	0.00600	0.00598	0.00554	0.59115
80	0.01126	0.00860	0.01005	0.01021	0.01213	0.00820	0.00776	0.01480	0.05890	0.02297	0.16936	0.06687	0.26539	0.15016	0.01504	0.00370	0.00537	0.14537	0.00702	0.00684
81	0.59435	0.01454	0.01305	0.01110	0.01620	0.01589	0.00915	0.02656	0.01546	0.19814	0.01577	0.01606	0.01111	0.00780	0.00555	0.00240	0.00615	0.00510	0.00600	0.00960
82	0.67079	0.01513	0.01263	0.01093	0.01591	0.01711	0.00900	0.05446	0.01522	0.10108	0.01317	0.01428	0.00972	0.00754	0.00524	0.00240	0.00618	0.00470	0.00542	0.00911
83	0.04711	0.30174	0.09650	0.01515	0.02122	0.04625	0.01426	0.10902	0.13825	0.05101	0.01770	0.01868	0.01396	0.01049	0.03939	0.00259	0.00875	0.00600	0.03119	0.01075
84	0.01121	0.00894	0.01149	0.01172	0.01224	0.00983	0.00831	0.01240	0.01384	0.01868	0.03686	0.36932	0.11129	0.17541	0.01916	0.00409	0.13670	0.01620	0.00595	0.00638
85	0.01068	0.00750	0.00919	0.01033	0.01173	0.00701	0.00771	0.01292	0.01628	0.02199	0.04815	0.35275	0.18791	0.02056	0.00927	0.00293	0.00477	0.13925	0.11242	0.00665
86	0.02281	0.48102	0.03194	0.01323	0.01907	0.05993	0.01229	0.05518	0.01801	0.11279	0.01558	0.01659	0.01250	0.00751	0.00565	0.00183	0.00784	0.00518	0.09084	0.01020
87	0.02128	0.01814	0.02178	0.40584	0.03945	0.13027	0.01783	0.08692	0.01961	0.11449	0.01666	0.02041	0.01210	0.00824	0.00755	0.00241	0.01003	0.00672	0.03054	0.00971
88	0.01383	0.01548	0.15776	0.01194	0.01645	0.00988	0.01150	0.01721	0.01677	0.09552	0.04880	0.05106	0.33576	0.11525	0.04568	0.00370	0.00717	0.01199	0.00612	0.00813
89	0.01479	0.01036	0.01218	0.01152	0.01394	0.01068	0.00861	0.04070	0.13332	0.07846	0.03911	0.08266	0.16828	0.17191	0.13034	0.00535	0.00848	0.04475	0.00651	0.00806
90	0.01164	0.00958	0.01452	0.09513	0.01896	0.01087	0.03258	0.01412	0.01396	0.01926	0.02793	0.31718	0.03050	0.03193	0.23916	0.00618	0.08035	0.01377	0.00526	0.00713
91	0.14337	0.02099	0.09681	0.02288	0.16593	0.05360	0.01659	0.18222	0.02265	0.17403	0.01822	0.01899	0.01299	0.00823	0.00721	0.00235	0.00849	0.00646	0.00614	0.01183
92	0.01388	0.01210	0.01929	0.02161	0.16096	0.01328	0.04771	0.01730	0.01561	0.02248	0.13943	0.03106	0.02637	0.03130	0.30587	0.00683	0.09265	0.00894	0.00480	0.00853
93	0.00952	0.00721	0.00882	0.01006	0.01126	0.00651	0.00707	0.01118	0.01589	0.02033	0.05384	0.48668	0.24621	0.02269	0.00971	0.00301	0.00446	0.05195	0.00720	0.00642
94	0.04776	0.02234	0.11559	0.02425	0.06375	0.05232	0.20883	0.11865	0.06087	0.02773	0.01687	0.05265	0.01393	0.00945	0.01104	0.00265	0.12794	0.00807	0.00477	0.01054

[dist]
# distance from previous block
# <min> <max>
0	7

[block]
# block no. 4 follows, 25 sequences, length 15
# corresponding to MSA columns:
# 454-468
name=unknown_E
#
# <colnr> <probs for GDERKNQSTAVLIFYWHMCP>
#	G	D	E	R	K	N	Q	S	T	A	V	L	I	F	Y	W	H	M	C	P
0	0.29073	0.02021	0.01913	0.02002	0.13615	0.14220	0.01346	0.12680	0.02026	0.08091	0.01793	0.01923	0.04532	0.00845	0.00664	0.00231	0.00838	0.00617	0.00544	0.01024
1	0.01392	0.01145	0.01172	0.01089	0.01375	0.05439	0.00829	0.01977	0.12381	0.05648	0.28474	0.05494	0.27502	0.01555	0.00875	0.00250	0.00496	0.01314	0.00770	0.00821
2	0.02090	0.06266	0.11875	0.02014	0.07490	0.09696	0.05772	0.12383	0.15204	0.05183	0.02170	0.02297	0.04212	0.01210	0.05278	0.00298	0.00986	0.00732	0.00557	0.04289
3	0.00965	0.00767	0.00867	0.00886	0.01088	0.00669	0.00648	0.01191	0.01818	0.02318	0.21595	0.19078	0.41451	0.01959	0.00930	0.00267	0.00397	0.01685	0.00752	0.00669
4	0.01335	0.01085	0.01458	0.18190	0.02333	0.01212	0.01171	0.01916	0.13485	0.02118	0.03406	0.03753	0.17680	0.02316	0.13777	0.11545	0.00940	0.00978	0.00530	0.00772
5	0.01608	0.01378	0.01608	0.01148	0.01837	0.01034	0.00919	0.01952	0.01608	0.02527	0.01378	0.01608	0.01148	0.00574	0.00574	0.00115	0.00574	0.00459	0.00459	0.77491
6	0.27099	0.02212	0.17934	0.01551	0.02198	0.01822	0.01525	0.19550	0.02038	0.03386	0.01498	0.01739	0.01146	0.01376	0.08767	0.00353	0.00975	0.00583	0.00516	0.03730
7	0.12215	0.00880	0.00991	0.00974	0.01078	0.00950	0.00652	0.01359	0.01186	0.01864	0.02153	0.04003	0.02308	0.45158	0.20367	0.00805	0.01071	0.00949	0.00457	0.00580
8	0.20710	0.02059	0.17925	0.01496	0.02137	0.01595	0.01469	0.03036	0.16079	0.17735	0.02156	0.02131	0.01531	0.00864	0.00683	0.00243	0.00734	0.00659	0.05659	0.01101
9	0.01172	0.00926	0.01124	0.01078	0.01308	0.00942	0.00823	0.01734	0.11103	0.02540	0.26473	0.05145	0.21232	0.02643	0.17711	0.00496	0.00827	0.01249	0.00702	0.00773
10	0.01692	0.09027	0.06874	0.01266	0.01670	0.01495	0.01089	0.14394	0.08136	0.02962	0.16477	0.03783	0.09958	0.09857	0.01153	0.00293	0.00644	0.00978	0.07339	0.00913
11	0.02003	0.01622	0.02668	0.16280	0.43094	0.01652	0.02059	0.02436	0.01791	0.11890	0.02034	0.02362	0.05025	0.00817	0.00779	0.00239	0.00875	0.00756	0.00478	0.01141
12	0.05559	0.10454	0.02028	0.01448	0.01923	0.08058	0.01165	0.19595	0.07105	0.09878	0.02225	0.12143	0.01980	0.04767	0.00898	0.00252	0.00762	0.00871	0.00640	0.08250
13	0.05024	0.01879	0.07669	0.01890	0.06685	0.01602	0.09953	0.16496	0.02127	0.03115	0.04247	0.01913	0.01426	0.00735	0.00702	0.00190	0.00798	0.00637	0.00524	0.32391
14	0.06345	0.10698	0.06606	0.02007	0.12373	0.12419	0.01456	0.08317	0.03878	0.05183	0.01863	0.11096	0.01705	0.00969	0.00710	0.00215	0.00843	0.00783	0.00510	0.12025

[dist]
# distance from previous block
# <min> <max>
0	235

[block]
# block no. 5 follows, 25 sequences, length 25
# corresponding to MSA columns:
# 704-728
name=unknown_F
#
# <colnr> <probs for GDERKNQSTAVLIFYWHMCP>
#	G	D	E	R	K	N	Q	S	T	A	V	L	I	F	Y	W	H	M	C	P
0	0.05966	0.07688	0.15119	0.09432	0.08886	0.15131	0.01784	0.06861	0.05030	0.11337	0.01658	0.01823	0.01228	0.00793	0.00711	0.00224	0.00979	0.00609	0.00498	0.04243
1	0.02024	0.02267	0.11297	0.02028	0.11272	0.13904	0.01560	0.14198	0.02219	0.02913	0.11234	0.02554	0.05324	0.00935	0.00750	0.00213	0.00866	0.00753	0.00549	0.13140
2	0.04374	0.08054	0.04354	0.01400	0.06923	0.01211	0.01041	0.04646	0.01955	0.02733	0.28917	0.08638	0.14544	0.01364	0.00812	0.00233	0.00545	0.01163	0.00666	0.06426
3	0.16690	0.01553	0.05095	0.05488	0.07920	0.01583	0.08576	0.06134	0.07776	0.02757	0.07211	0.04657	0.01997	0.01924	0.14604	0.00452	0.03322	0.00809	0.00516	0.00934
4	0.01223	0.00992	0.01159	0.01117	0.01339	0.01012	0.00840	0.01743	0.11484	0.02426	0.13717	0.20928	0.22655	0.01716	0.01011	0.00267	0.06145	0.01446	0.04289	0.04490
5	0.01495	0.01041	0.01480	0.23628	0.02598	0.01078	0.01212	0.01823	0.01778	0.11868	0.12152	0.13827	0.20074	0.01449	0.00861	0.00263	0.00644	0.01254	0.00650	0.00825
6	0.01892	0.01625	0.02372	0.02568	0.24703	0.01452	0.05487	0.05828	0.01820	0.05733	0.01524	0.01808	0.01223	0.00658	0.00683	0.00176	0.00759	0.00596	0.00471	0.38621
7	0.01111	0.00691	0.00841	0.00961	0.01051	0.00661	0.00661	0.01321	0.01531	0.02282	0.03694	0.49211	0.04085	0.01922	0.00841	0.00270	0.00420	0.01712	0.26072	0.00661
8	0.01577	0.01333	0.01538	0.01183	0.01760	0.01104	0.00922	0.02125	0.09838	0.02528	0.01867	0.07091	0.01675	0.04269	0.00795	0.00179	0.00579	0.00672	0.00521	0.58442
9	0.01632	0.01656	0.01530	0.01457	0.01581	0.18191	0.01071	0.01774	0.01501	0.01813	0.02252	0.19079	0.02472	0.17791	0.08840	0.00482	0.14580	0.01108	0.00480	0.00710
10	0.01084	0.00792	0.01018	0.00962	0.01150	0.00726	0.00721	0.01438	0.02164	0.03035	0.63154	0.05914	0.11713	0.01613	0.00915	0.00245	0.00368	0.01419	0.00844	0.00726
11	0.01951	0.19397	0.02524	0.12951	0.02556	0.02199	0.01473	0.02940	0.25143	0.06656	0.02000	0.02140	0.01563	0.00953	0.00994	0.00249	0.12022	0.00693	0.00542	0.01055
12	0.01922	0.04722	0.19685	0.02584	0.18419	0.01708	0.08475	0.05630	0.04865	0.07285	0.01636	0.01874	0.01243	0.00723	0.00730	0.00215	0.00911	0.00644	0.00462	0.16269
13	0.02618	0.13613	0.09651	0.01700	0.02386	0.02301	0.01551	0.41657	0.02910	0.07633	0.01729	0.01770	0.01256	0.00850	0.00717	0.00218	0.00855	0.00631	0.00650	0.05306
14	0.01108	0.00831	0.01246	0.01246	0.01385	0.00969	0.00969	0.01385	0.01246	0.01800	0.02077	0.03046	0.01938	0.05815	0.69678	0.01246	0.02077	0.00831	0.00415	0.00692
15	0.01385	0.00967	0.01462	0.11357	0.05246	0.01052	0.01163	0.01672	0.01468	0.08271	0.02586	0.20022	0.02565	0.03534	0.32734	0.00727	0.01330	0.01140	0.00531	0.00787
16	0.01802	0.17729	0.12333	0.07689	0.02480	0.13833	0.04628	0.02148	0.01638	0.02012	0.01838	0.15956	0.01850	0.01151	0.00960	0.00248	0.09481	0.00897	0.00427	0.00899
17	0.01344	0.00754	0.01120	0.01098	0.01112	0.00810	0.00768	0.01102	0.01045	0.01425	0.01400	0.02385	0.01386	0.02926	0.09758	0.64879	0.05247	0.00690	0.00345	0.00405
18	0.41270	0.01690	0.01637	0.01329	0.01875	0.01859	0.01097	0.23204	0.02230	0.14604	0.01661	0.01683	0.01174	0.00828	0.00626	0.00238	0.00693	0.00570	0.00656	0.01076
19	0.01717	0.01850	0.14692	0.09044	0.02519	0.01476	0.05163	0.08973	0.10283	0.07117	0.11337	0.03871	0.10406	0.01202	0.00841	0.00261	0.00780	0.06837	0.00632	0.00996
20	0.01472	0.01128	0.01409	0.01626	0.07814	0.04389	0.01119	0.06242	0.01811	0.05420	0.03579	0.38389	0.03963	0.01935	0.00948	0.00302	0.00645	0.16322	0.00686	0.00803
21	0.01485	0.01350	0.01868	0.01679	0.01776	0.01775	0.01363	0.01890	0.07449	0.01971	0.01642	0.02346	0.01512	0.03096	0.29003	0.00692	0.37112	0.00758	0.00412	0.00823
22	0.01978	0.01033	0.01299	0.01106	0.01474	0.00924	0.00872	0.04661	0.02157	0.26342	0.27673	0.04910	0.19530	0.01426	0.00861	0.00246	0.00496	0.01208	0.00857	0.00946
23	0.01416	0.01033	0.01160	0.01094	0.01374	0.01042	0.00829	0.02199	0.19117	0.06172	0.19338	0.11403	0.20500	0.01524	0.00846	0.00254	0.00462	0.01302	0.08071	0.00864
24	0.02176	0.02556	0.21463	0.19101	0.03409	0.04334	0.02045	0.29347	0.02497	0.03362	0.01583	0.01832	0.01140	0.00832	0.00762	0.00242	0.01001	0.00653	0.00527	0.01141

[dist]
# distance from previous block
# <min> <max>
0	4

[block]
# block no. 6 follows, 25 sequences, length 7
# corresponding to MSA columns:
# 748-754
name=unknown_G
#
# <colnr> <probs for GDERKNQSTAVLIFYWHMCP>
#	G	D	E	R	K	N	Q	S	T	A	V	L	I	F	Y	W	H	M	C	P
0	0.02416	0.02020	0.01870	0.01596	0.02048	0.15560	0.01253	0.17122	0.22060	0.11176	0.12040	0.02759	0.02537	0.01042	0.00785	0.00238	0.00796	0.00827	0.00737	0.01118
1	0.01427	0.00979	0.01154	0.07752	0.01620	0.01010	0.00881	0.10110	0.01875	0.02693	0.03656	0.22754	0.13051	0.01488	0.00780	0.00246	0.00523	0.01274	0.25948	0.00780
2	0.16334	0.01063	0.01079	0.01044	0.01298	0.01121	0.00775	0.07111	0.06443	0.02749	0.03333	0.21196	0.10656	0.07475	0.01017	0.00296	0.00528	0.01203	0.14500	0.00779
3	0.01991	0.02082	0.11560	0.01499	0.01958	0.15192	0.01327	0.10001	0.02052	0.08938	0.08871	0.03158	0.09380	0.05010	0.09234	0.00377	0.01008	0.00857	0.04576	0.00931
4	0.01506	0.07564	0.09382	0.01195	0.01500	0.06950	0.01011	0.04479	0.01609	0.02173	0.05196	0.10454	0.05362	0.25020	0.01796	0.00401	0.00744	0.01011	0.11906	0.00741
5	0.12059	0.02083	0.01754	0.11785	0.02391	0.24780	0.01270	0.02526	0.01810	0.08731	0.01608	0.01874	0.01249	0.01003	0.03638	0.00250	0.00977	0.00581	0.09602	0.10029
6	0.04799	0.10136	0.10033	0.01821	0.02347	0.12870	0.08526	0.07505	0.01800	0.02398	0.01535	0.05419	0.01353	0.01317	0.06757	0.00313	0.09463	0.00692	0.00436	0.10482

[dist]
# distance from previous block
# <min> <max>
1	129

[block]
# block no. 7 follows, 25 sequences, length 18
# corresponding to MSA columns:
# 884-901
name=unknown_H
#
# <colnr> <probs for GDERKNQSTAVLIFYWHMCP>
#	G	D	E	R	K	N	Q	S	T	A	V	L	I	F	Y	W	H	M	C	P
0	0.19942	0.21117	0.10902	0.01622	0.02237	0.15491	0.03801	0.07247	0.06506	0.02656	0.01368	0.01523	0.01088	0.00760	0.00620	0.00215	0.00931	0.00525	0.00447	0.01001
