[name]
unknown

[dist]
# distance from previous block
# <min> <max>
180	899

[block]
# block no. 0 follows, 33 sequences, length 14
# corresponding to MSA columns:
# 1539-1552
name=unknown_A
#
# <colnr> <probs for GDERKNQSTAVLIFYWHMCP>
#	G	D	E	R	K	N	Q	S	T	A	V	L	I	F	Y	W	H	M	C	P
0	0.05496	0.07430	0.13061	0.01523	0.05736	0.13368	0.01291	0.15149	0.06094	0.04339	0.06492	0.10749	0.01788	0.00897	0.00638	0.00198	0.00736	0.00718	0.00483	0.03814
1	0.03586	0.05671	0.03112	0.07048	0.01899	0.11720	0.06384	0.04259	0.11290	0.09401	0.03612	0.14632	0.05591	0.01144	0.02884	0.00238	0.02892	0.00860	0.02975	0.00802
2	0.04500	0.06245	0.10105	0.08694	0.05902	0.14170	0.01258	0.01875	0.01435	0.04992	0.01640	0.07393	0.01511	0.04839	0.00843	0.00222	0.04859	0.05470	0.07329	0.06717
3	0.12890	0.11190	0.05102	0.01334	0.06622	0.01437	0.01045	0.13740	0.05644	0.08750	0.02377	0.10984	0.10168	0.01194	0.04470	0.00250	0.00648	0.00790	0.00519	0.00845
4	0.01715	0.13380	0.07677	0.02088	0.21782	0.05183	0.01433	0.05149	0.08996	0.08233	0.06507	0.02066	0.04840	0.00803	0.00759	0.00201	0.07183	0.00636	0.00446	0.00923
5	0.05331	0.04571	0.01537	0.01496	0.09998	0.04041	0.01044	0.05877	0.26101	0.02535	0.18397	0.02951	0.04240	0.01104	0.03280	0.00238	0.00589	0.03258	0.00577	0.02837
6	0.00937	0.00876	0.06067	0.01048	0.01180	0.00797	0.00832	0.01132	0.01160	0.01610	0.02582	0.30748	0.05052	0.10939	0.27371	0.00585	0.04873	0.01175	0.00456	0.00581
7	0.01706	0.35231	0.12409	0.01431	0.04070	0.13309	0.01320	0.05249	0.01502	0.01802	0.01532	0.04849	0.06085	0.00787	0.00664	0.00181	0.06142	0.00556	0.00348	0.00826
8	0.01516	0.10694	0.30830	0.01345	0.01934	0.01355	0.01480	0.04368	0.05179	0.08384	0.05581	0.02190	0.01586	0.00781	0.00598	0.00194	0.00686	0.03887	0.16543	0.00870
9	0.00904	0.00647	0.00749	0.00788	0.00860	0.00616	0.00523	0.00990	0.01184	0.01524	0.03495	0.16139	0.18638	0.40666	0.02133	0.00453	0.00527	0.08188	0.00501	0.00477
10	0.01895	0.01974	0.01608	0.01387	0.01744	0.30843	0.01075	0.04110	0.09622	0.05184	0.04977	0.01735	0.01379	0.01045	0.05980	0.00237	0.06458	0.00539	0.00434	0.17771
11	0.00987	0.06149	0.01191	0.01279	0.09784	0.00826	0.00823	0.01171	0.01383	0.01814	0.07586	0.42454	0.15553	0.01655	0.00777	0.00240	0.00452	0.04686	0.00559	0.00631
12	0.01442	0.06854	0.07376	0.21912	0.34920	0.01519	0.01755	0.01909	0.04487	0.02015	0.05099	0.02018	0.04484	0.00707	0.00648	0.00202	0.00760	0.00636	0.00358	0.00899
13	0.00961	0.00665	0.00829	0.00800	0.00944	0.00640	0.00591	0.01219	0.01581	0.02271	0.41115	0.04380	0.11417	0.08402	0.09932	0.00343	0.00519	0.01051	0.11751	0.00590

[dist]
# distance from previous block
# <min> <max>
3	6

[block]
# block no. 1 follows, 33 sequences, length 6
# corresponding to MSA columns:
# 1559-1564
name=unknown_B
#
# <colnr> <probs for GDERKNQSTAVLIFYWHMCP>
#	G	D	E	R	K	N	Q	S	T	A	V	L	I	F	Y	W	H	M	C	P
0	0.07282	0.01528	0.01387	0.01228	0.01586	0.11129	0.00958	0.12234	0.31841	0.02595	0.03074	0.02937	0.17474	0.01004	0.00664	0.00211	0.00596	0.00798	0.00593	0.00883
1	0.23115	0.06820	0.11176	0.01169	0.01615	0.01376	0.01069	0.08408	0.07239	0.07411	0.03772	0.10359	0.01621	0.01199	0.06573	0.00272	0.00691	0.00680	0.00482	0.04953
2	0.01790	0.06547	0.01505	0.01156	0.01475	0.01386	0.00901	0.26845	0.08161	0.08519	0.02156	0.13945	0.01997	0.15526	0.01177	0.00289	0.00602	0.00866	0.04316	0.00841
3	0.07373	0.19449	0.14221	0.01569	0.07616	0.14041	0.01342	0.10513	0.01665	0.02185	0.05955	0.04433	0.01446	0.04656	0.00722	0.00208	0.00786	0.00578	0.00398	0.00845
4	0.13806	0.06135	0.15676	0.01452	0.01997	0.08678	0.05217	0.16332	0.07575	0.05989	0.07184	0.01778	0.01461	0.00740	0.00607	0.00196	0.00741	0.00576	0.00482	0.03377
5	0.01728	0.07202	0.08169	0.02323	0.20394	0.10382	0.06131	0.07693	0.05498	0.02084	0.01201	0.01520	0.01000	0.00782	0.01039	0.00218	0.20818	0.00562	0.00358	0.00900

[dist]
# distance from previous block
# <min> <max>
3	28

[block]
# block no. 2 follows, 33 sequences, length 31
# corresponding to MSA columns:
# 1593-1623
name=unknown_C
#
# <colnr> <probs for GDERKNQSTAVLIFYWHMCP>
#	G	D	E	R	K	N	Q	S	T	A	V	L	I	F	Y	W	H	M	C	P
0	0.01228	0.04322	0.05390	0.06275	0.18361	0.01064	0.01119	0.01497	0.01360	0.01885	0.05640	0.07291	0.11632	0.13978	0.01110	0.00262	0.00606	0.00816	0.00420	0.15743
1	0.01755	0.04865	0.06306	0.01310	0.04342	0.08166	0.01065	0.09632	0.07066	0.11499	0.07931	0.02217	0.05875	0.00957	0.03671	0.00208	0.00673	0.00631	0.00517	0.21315
2	0.54698	0.09193	0.01450	0.01059	0.01497	0.06793	0.00884	0.13445	0.01524	0.02917	0.01034	0.01162	0.00804	0.00641	0.00464	0.00194	0.00612	0.00400	0.00432	0.00798
3	0.01454	0.22483	0.07418	0.01325	0.01751	0.01599	0.08116	0.02034	0.14664	0.04781	0.02580	0.10854	0.12678	0.01010	0.00716	0.00206	0.04203	0.00836	0.00470	0.00821
4	0.01093	0.00927	0.00963	0.00952	0.01128	0.06977	0.00711	0.04951	0.01690	0.02186	0.28326	0.21823	0.18490	0.01525	0.00778	0.00227	0.00448	0.05549	0.00630	0.00625
5	0.00796	0.00628	0.00719	0.00780	0.00922	0.00550	0.00553	0.00949	0.01420	0.01784	0.08929	0.35489	0.40522	0.01815	0.00804	0.00240	0.00352	0.01580	0.00617	0.00550
6	0.14066	0.01105	0.01142	0.01022	0.01312	0.06089	0.00790	0.07675	0.01727	0.15676	0.20677	0.15781	0.07972	0.01185	0.00686	0.00214	0.00499	0.00989	0.00632	0.00762
7	0.24607	0.09758	0.04474	0.05767	0.01965	0.31401	0.01174	0.09888	0.01689	0.02290	0.01057	0.01226	0.00841	0.00657	0.00536	0.00184	0.00869	0.00429	0.00383	0.00803
8	0.01328	0.01257	0.02128	0.59624	0.19529	0.01485	0.01871	0.01756	0.01357	0.01785	0.01185	0.01728	0.00914	0.00642	0.00657	0.00214	0.00857	0.00585	0.00300	0.00800
9	0.00945	0.00686	0.00962	0.00962	0.01046	0.00771	0.00703	0.01114	0.01029	0.01457	0.01852	0.03074	0.01858	0.25329	0.54153	0.00939	0.01444	0.00777	0.00366	0.00534
10	0.01194	0.01153	0.04324	0.23575	0.16812	0.01191	0.03900	0.01512	0.01330	0.01807	0.02036	0.25011	0.02117	0.01274	0.03070	0.00262	0.04823	0.03458	0.00412	0.00739
11	0.00855	0.00649	0.00788	0.00797	0.00948	0.00582	0.00581	0.01078	0.01619	0.02162	0.36895	0.20782	0.26667	0.01601	0.00791	0.00225	0.00333	0.01400	0.00665	0.00582
12	0.01185	0.07013	0.14130	0.01276	0.01693	0.01130	0.09036	0.03723	0.05920	0.02157	0.16101	0.10453	0.18948	0.01152	0.00711	0.00213	0.00586	0.01006	0.02818	0.00748
13	0.07806	0.01706	0.11080	0.02823	0.37010	0.01578	0.05743	0.01953	0.01368	0.04643	0.01230	0.01661	0.01033	0.03731	0.01002	0.00233	0.13554	0.00583	0.00341	0.00922
14	0.01007	0.01202	0.14472	0.04967	0.01488	0.00819	0.00990	0.01373	0.01616	0.02264	0.34638	0.07161	0.17451	0.01226	0.00723	0.00210	0.00472	0.01053	0.06193	0.00676
15	0.00820	0.00604	0.00769	0.00864	0.00950	0.00552	0.00596	0.00976	0.01398	0.01857	0.15649	0.53888	0.14894	0.01883	0.00820	0.00250	0.00363	0.01685	0.00630	0.00552
16	0.44996	0.01387	0.01358	0.01156	0.01512	0.01636	0.00950	0.17075	0.03483	0.02922	0.01164	0.01379	0.00925	0.01038	0.05899	0.00275	0.11116	0.00475	0.00450	0.00804
17	0.01906	0.06324	0.05975	0.13670	0.16800	0.12898	0.04367	0.07614	0.11302	0.10386	0.01555	0.01720	0.01168	0.00695	0.00638	0.00199	0.00814	0.00580	0.00447	0.00943
18	0.23551	0.01310	0.01379	0.01171	0.01598	0.01421	0.00941	0.05664	0.30194	0.22764	0.02138	0.01987	0.01518	0.00791	0.00597	0.00211	0.00537	0.00611	0.00640	0.00979
19	0.02276	0.01671	0.03806	0.01542	0.06927	0.13386	0.01164	0.05986	0.21697	0.28460	0.02123	0.01997	0.01496	0.00779	0.00645	0.00199	0.00686	0.00622	0.00621	0.03916
20	0.00956	0.00642	0.00738	0.00738	0.00745	0.00649	0.00424	0.00970	0.00963	0.01292	0.02056	0.04205	0.02349	0.72569	0.07585	0.00663	0.00705	0.00942	0.00396	0.00410
21	0.18229	0.01730	0.01775	0.01386	0.01889	0.01929	0.01144	0.56902	0.02702	0.03911	0.01448	0.01479	0.01039	0.00755	0.00609	0.00199	0.00682	0.00546	0.00609	0.01039
22	0.01417	0.10659	0.02125	0.24958	0.11362	0.01529	0.07284	0.02080	0.14734	0.02111	0.10151	0.02201	0.01801	0.00761	0.00647	0.00203	0.00704	0.00678	0.03755	0.00838
23	0.01120	0.00812	0.00939	0.00881	0.01084	0.00822	0.00668	0.01734	0.15905	0.02568	0.40466	0.04056	0.09164	0.01168	0.00696	0.00201	0.00354	0.01006	0.15657	0.00701
24	0.00966	0.00678	0.00926	0.00964	0.01076	0.00691	0.00704	0.01218	0.03567	0.04129	0.16981	0.34237	0.03730	0.02734	0.23633	0.00497	0.00807	0.01296	0.00562	0.00603
25	0.01537	0.01314	0.02182	0.16954	0.28227	0.01354	0.09465	0.05973	0.01636	0.06079	0.12471	0.02258	0.01881	0.00749	0.00678	0.00203	0.00724	0.00708	0.04721	0.00884
26	0.27934	0.01010	0.01056	0.00895	0.01259	0.01021	0.00724	0.02264	0.01477	0.27979	0.01909	0.01928	0.01350	0.00733	0.00515	0.00188	0.00463	0.00547	0.25919	0.00828
27	0.00959	0.00779	0.00946	0.07239	0.01346	0.00780	0.00740	0.01375	0.11052	0.01947	0.10510	0.30973	0.25701	0.01590	0.00776	0.00237	0.00421	0.01391	0.00602	0.00636
28	0.01881	0.55506	0.08279	0.01307	0.01851	0.18266	0.01255	0.02124	0.01458	0.01602	0.00957	0.01110	0.00845	0.00593	0.00475	0.00152	0.00830	0.00378	0.00294	0.00836
29	0.03991	0.05761	0.12947	0.01192	0.01510	0.01010	0.03786	0.01517	0.06452	0.02004	0.09385	0.30229	0.08039	0.01424	0.00747	0.00238	0.00553	0.07984	0.00533	0.00698
30	0.01265	0.04813	0.05211	0.07470	0.01669	0.05692	0.03468	0.06600	0.04343	0.02087	0.09047	0.23469	0.11322	0.01271	0.00752	0.00220	0.02798	0.01088	0.06712	0.00702

[dist]
# distance from previous block
# <min> <max>
0	96

[block]
# block no. 3 follows, 33 sequences, length 12
# corresponding to MSA columns:
# 1720-1731
name=unknown_D
#
# <colnr> <probs for GDERKNQSTAVLIFYWHMCP>
#	G	D	E	R	K	N	Q	S	T	A	V	L	I	F	Y	W	H	M	C	P
0	0.01898	0.04252	0.04052	0.01502	0.03948	0.13831	0.01176	0.19791	0.25231	0.02650	0.01917	0.06363	0.01587	0.04235	0.00844	0.00228	0.04325	0.00695	0.00542	0.00932
1	0.14351	0.03891	0.08635	0.01342	0.03773	0.18845	0.01094	0.06154	0.01494	0.07887	0.01457	0.01987	0.01263	0.12725	0.12015	0.00387	0.00957	0.00574	0.00412	0.00757
2	0.06613	0.01602	0.10680	0.10243	0.38054	0.01408	0.06050	0.01866	0.01476	0.02178	0.08877	0.04964	0.01661	0.00739	0.00662	0.00206	0.00751	0.00688	0.00377	0.00907
3	0.01247	0.04856	0.20631	0.09899	0.07527	0.01246	0.05325	0.01715	0.04762	0.01885	0.01718	0.13716	0.01612	0.01467	0.09975	0.03871	0.00874	0.00775	0.00377	0.06524
4	0.00940	0.00708	0.00918	0.00870	0.01015	0.00687	0.00656	0.01218	0.01752	0.02457	0.59241	0.09105	0.11009	0.01403	0.00856	0.00216	0.04432	0.01213	0.00685	0.00616
5	0.01401	0.00781	0.00799	0.00736	0.00941	0.00808	0.00568	0.10934	0.01614	0.02685	0.02070	0.02335	0.01610	0.00770	0.00487	0.00159	0.00364	0.00611	0.69643	0.00682
6	0.00797	0.00595	0.00741	0.00859	0.00940	0.00540	0.00585	0.00923	0.01316	0.01703	0.04332	0.60207	0.20127	0.01971	0.00826	0.00257	0.00371	0.01760	0.00611	0.00540
7	0.01629	0.01564	0.02672	0.04041	0.72757	0.01564	0.02020	0.02020	0.01499	0.02151	0.01238	0.01629	0.01043	0.00587	0.00652	0.00196	0.00782	0.00587	0.00326	0.01043
8	0.00957	0.00790	0.01036	0.06361	0.07623	0.00745	0.00806	0.01221	0.01613	0.02112	0.28136	0.05170	0.34111	0.01398	0.00766	0.00219	0.00421	0.05277	0.00602	0.00637
9	0.01295	0.00966	0.01129	0.01065	0.01313	0.00975	0.00859	0.17917	0.01919	0.02520	0.14153	0.12670	0.20071	0.01489	0.00790	0.00240	0.00501	0.18777	0.00638	0.00713
10	0.01377	0.01291	0.01781	0.07799	0.27344	0.06074	0.01400	0.01729	0.04197	0.01933	0.02417	0.06334	0.09614	0.04064	0.00935	0.00248	0.06067	0.14167	0.00436	0.00792
11	0.14697	0.01956	0.01615	0.04678	0.05277	0.27208	0.01086	0.07245	0.01638	0.02215	0.01109	0.01301	0.00898	0.00610	0.00541	0.00158	0.00789	0.00430	0.00388	0.26161

[dist]
# distance from previous block
# <min> <max>
0	5

[block]
# block no. 4 follows, 33 sequences, length 21
# corresponding to MSA columns:
# 1737-1757
name=unknown_E
#
# <colnr> <probs for GDERKNQSTAVLIFYWHMCP>
#	G	D	E	R	K	N	Q	S	T	A	V	L	I	F	Y	W	H	M	C	P
0	0.09733	0.20142	0.26447	0.01750	0.06524	0.10448	0.06892	0.07114	0.01551	0.02147	0.01117	0.01313	0.00872	0.00620	0.00568	0.00187	0.00869	0.00470	0.00334	0.00900
1	0.01197	0.00839	0.01087	0.01031	0.01185	0.00928	0.00769	0.05068	0.08155	0.05343	0.01964	0.02932	0.01840	0.22021	0.41774	0.00783	0.01245	0.00764	0.00435	0.00640
2	0.00897	0.00629	0.00785	0.00843	0.00902	0.00603	0.00565	0.01019	0.01281	0.01723	0.14802	0.31356	0.06363	0.28452	0.01723	0.00390	0.00475	0.06129	0.00555	0.00507
3	0.01798	0.40762	0.07893	0.07126	0.06332	0.10532	0.01344	0.08348	0.04068	0.01922	0.01138	0.01333	0.00952	0.00769	0.02995	0.00197	0.00828	0.00450	0.00342	0.00871
4	0.01755	0.06447	0.03437	0.02453	0.03045	0.16892	0.51895	0.02210	0.01606	0.01972	0.01242	0.01611	0.00958	0.00581	0.00718	0.00206	0.01102	0.00678	0.00331	0.00859
5	0.15399	0.01546	0.01686	0.01312	0.01815	0.01645	0.01084	0.40354	0.02432	0.23559	0.01762	0.01685	0.01199	0.00768	0.00619	0.00200	0.00643	0.00574	0.00662	0.01054
6	0.00847	0.00645	0.00786	0.00887	0.00986	0.00606	0.00612	0.01079	0.05553	0.01767	0.04248	0.56372	0.19377	0.01904	0.00816	0.00255	0.00380	0.01696	0.00615	0.00570
7	0.01464	0.44499	0.02448	0.01223	0.06561	0.01853	0.00979	0.01709	0.04030	0.01625	0.01915	0.06574	0.08364	0.13103	0.00981	0.00244	0.00637	0.00672	0.00370	0.00748
8	0.01320	0.03405	0.73453	0.01876	0.02849	0.01529	0.02432	0.02085	0.01390	0.02085	0.01181	0.01390	0.00834	0.00625	0.00625	0.00208	0.00973	0.00486	0.00278	0.00973
9	0.01428	0.00784	0.00964	0.00874	0.01141	0.00682	0.00671	0.01639	0.01643	0.22222	0.17221	0.14585	0.30724	0.01420	0.00753	0.00220	0.00400	0.01213	0.00690	0.00725
10	0.01894	0.01907	0.05817	0.01690	0.10842	0.23000	0.01218	0.11008	0.05683	0.08611	0.05268	0.06680	0.11673	0.00950	0.00670	0.00199	0.00766	0.00762	0.00506	0.00856
11	0.00989	0.00763	0.00933	0.00948	0.01103	0.00774	0.00705	0.01424	0.11470	0.02013	0.16989	0.21309	0.15097	0.06362	0.10975	0.00374	0.00599	0.05947	0.00594	0.00632
12	0.00800	0.00580	0.00757	0.00899	0.00950	0.00536	0.00603	0.00919	0.01278	0.01688	0.03849	0.71356	0.09290	0.02034	0.00836	0.00264	0.00378	0.01837	0.00611	0.00536
13	0.01704	0.01827	0.02214	0.29069	0.30022	0.20215	0.01759	0.02055	0.01528	0.01843	0.01157	0.01561	0.00933	0.00636	0.00639	0.00197	0.00921	0.00544	0.00317	0.00859
14	0.06864	0.00981	0.07544	0.00999	0.01241	0.00799	0.00851	0.01318	0.01332	0.05431	0.03472	0.19162	0.19076	0.07362	0.11610	0.00389	0.00690	0.09727	0.00523	0.00630
15	0.00801	0.00578	0.00758	0.00902	0.00951	0.00536	0.00605	0.00918	0.01274	0.01686	0.03803	0.72409	0.08266	0.02040	0.00837	0.00265	0.00379	0.01844	0.00611	0.00536
16	0.02118	0.02055	0.01741	0.03122	0.01892	0.27499	0.01174	0.29009	0.02165	0.02600	0.01534	0.07929	0.01351	0.03674	0.05045	0.00263	0.04823	0.00659	0.00487	0.00859
17	0.02018	0.11163	0.07513	0.06121	0.09822	0.09277	0.01334	0.13363	0.10487	0.15187	0.01784	0.06052	0.01402	0.00798	0.00632	0.00198	0.00731	0.00641	0.00517	0.00961
18	0.02007	0.02404	0.13476	0.01908	0.11593	0.26693	0.01490	0.16616	0.06518	0.02398	0.01497	0.01626	0.03411	0.00718	0.00626	0.00187	0.00894	0.00543	0.00428	0.04966
19	0.18958	0.09011	0.01814	0.01600	0.11740	0.06379	0.01133	0.18424	0.06945	0.06881	0.09386	0.01877	0.01643	0.00765	0.00591	0.00194	0.00644	0.00589	0.00517	0.00910
20	0.06091	0.21546	0.10727	0.01238	0.04009	0.05210	0.01115	0.09179	0.01633	0.02175	0.07785	0.02663	0.17126	0.00904	0.00599	0.00182	0.00629	0.00702	0.00448	0.06040

[dist]
# distance from previous block
# <min> <max>
0	20

[block]
# block no. 5 follows, 33 sequences, length 34
# corresponding to MSA columns:
# 1778-1811
name=unknown_F
#
# <colnr> <probs for GDERKNQSTAVLIFYWHMCP>
#	G	D	E	R	K	N	Q	S	T	A	V	L	I	F	Y	W	H	M	C	P
0	0.02098	0.01817	0.04975	0.04654	0.05302	0.15638	0.01208	0.27377	0.02203	0.10436	0.08522	0.02138	0.04735	0.00880	0.00708	0.02386	0.00746	0.00654	0.02609	0.00915
1	0.01563	0.01632	0.06169	0.12259	0.21069	0.12601	0.03125	0.01882	0.01479	0.04929	0.05530	0.08005	0.01710	0.02662	0.02494	0.00245	0.07491	0.03940	0.00399	0.00815
2	0.03935	0.01336	0.01380	0.14613	0.01898	0.14695	0.01016	0.01753	0.01324	0.08656	0.01606	0.02463	0.01470	0.21739	0.09073	0.00410	0.06777	0.00670	0.04523	0.00663
3	0.00898	0.00662	0.00733	0.00733	0.00882	0.00602	0.00526	0.01069	0.01423	0.01866	0.15711	0.05378	0.35407	0.19256	0.01366	0.00317	0.00416	0.05160	0.07057	0.00537
4	0.00988	0.00776	0.00946	0.00874	0.01119	0.00655	0.00645	0.01211	0.01486	0.02082	0.22048	0.26779	0.13391	0.01383	0.00718	0.00198	0.00385	0.01215	0.00582	0.22520
5	0.01442	0.01583	0.05526	0.23300	0.10723	0.06290	0.21012	0.01856	0.01424	0.01896	0.04890	0.01874	0.01245	0.00962	0.05216	0.00270	0.08689	0.00662	0.00335	0.00806
6	0.00850	0.00606	0.00782	0.00878	0.00925	0.00590	0.00583	0.00955	0.01182	0.01580	0.03212	0.49502	0.06533	0.18706	0.09522	0.00434	0.00589	0.01522	0.00536	0.00512
7	0.01009	0.00904	0.04803	0.01325	0.10282	0.00805	0.00901	0.01252	0.01321	0.01840	0.06589	0.21668	0.14578	0.04322	0.18634	0.00437	0.00788	0.01112	0.06784	0.00646
8	0.01744	0.74582	0.05988	0.01154	0.01732	0.02566	0.01174	0.01975	0.01340	0.01568	0.00925	0.01068	0.00844	0.00565	0.00430	0.00143	0.00714	0.00357	0.00281	0.00849
9	0.01212	0.00872	0.01071	0.01000	0.01185	0.00953	0.00762	0.08353	0.09238	0.02202	0.13409	0.03021	0.02463	0.10771	0.29192	0.00574	0.00968	0.00792	0.11284	0.00679
10	0.01058	0.00678	0.00822	0.00828	0.00907	0.00653	0.00555	0.01159	0.01227	0.05832	0.09913	0.12508	0.06718	0.44504	0.02258	0.00470	0.00553	0.08334	0.00513	0.00510
11	0.01045	0.00707	0.01004	0.00987	0.01122	0.00752	0.00749	0.01275	0.01295	0.06026	0.17123	0.10468	0.02923	0.06802	0.43766	0.00728	0.01195	0.00933	0.00487	0.00613
12	0.01396	0.01258	0.05002	0.01192	0.01424	0.05003	0.00958	0.13223	0.07297	0.02191	0.09520	0.06223	0.02206	0.16031	0.17783	0.00485	0.06799	0.00808	0.00482	0.00720
13	0.06560	0.05666	0.02097	0.14860	0.19195	0.13419	0.01499	0.12027	0.01650	0.02195	0.01189	0.01537	0.00975	0.00937	0.04650	0.00249	0.09519	0.00540	0.00371	0.00864
14	0.43812	0.02146	0.19410	0.01293	0.01839	0.13334	0.01268	0.06160	0.01426	0.02588	0.01039	0.01200	0.00789	0.00636	0.00507	0.00199	0.00749	0.00414	0.00379	0.00811
15	0.01730	0.01533	0.01771	0.01510	0.01661	0.09209	0.01235	0.10669	0.01464	0.05732	0.01244	0.01618	0.01052	0.00984	0.01486	0.00241	0.43712	0.00572	0.11796	0.00782
16	0.00838	0.00623	0.00781	0.00839	0.00951	0.00566	0.00592	0.01025	0.01499	0.02004	0.26019	0.39877	0.18457	0.01757	0.00808	0.00239	0.00350	0.01560	0.00647	0.00566
17	0.00923	0.00659	0.00767	0.00763	0.00852	0.00625	0.00510	0.01046	0.01310	0.01736	0.19614	0.05031	0.17030	0.39986	0.02099	0.00436	0.00500	0.05090	0.00529	0.00494
18	0.00953	0.00718	0.00819	0.00850	0.01027	0.00660	0.00625	0.03236	0.04464	0.03992	0.04988	0.31201	0.37649	0.01731	0.00795	0.00241	0.00389	0.04434	0.00621	0.00605
19	0.00952	0.00685	0.00844	0.00796	0.00980	0.00614	0.00600	0.01223	0.01769	0.04508	0.53188	0.05208	0.23368	0.01414	0.00773	0.00211	0.00324	0.01227	0.00698	0.00619
20	0.01588	0.01293	0.01403	0.01272	0.01593	0.01452	0.00978	0.13805	0.44453	0.02736	0.02717	0.19140	0.02398	0.01142	0.00707	0.00229	0.00522	0.00976	0.00655	0.00939
21	0.01320	0.03405	0.73453	0.01876	0.02849	0.01529	0.02432	0.02085	0.01390	0.02085	0.01181	0.01390	0.00834	0.00625	0.00625	0.00208	0.00973	0.00486	0.00278	0.00973
22	0.00826	0.00605	0.00803	0.00910	0.00981	0.00581	0.00632	0.00973	0.01287	0.01722	0.07483	0.56182	0.09911	0.02388	0.11020	0.00370	0.00566	0.01630	0.00582	0.00549
23	0.00960	0.00794	0.01312	0.01260	0.01415	0.00749	0.12005	0.01172	0.01343	0.01790	0.03236	0.54729	0.03731	0.01784	0.00840	0.00265	0.00531	0.10917	0.00565	0.00602
24	0.51691	0.13340	0.03638	0.01199	0.01684	0.01721	0.08732	0.07366	0.01366	0.02710	0.01022	0.01196	0.00801	0.00612	0.00477	0.00196	0.00637	0.00425	0.00396	0.00792
25	0.01782	0.07884	0.20370	0.01971	0.13678	0.01555	0.07002	0.14596	0.01770	0.09721	0.01536	0.05757	0.01225	0.00727	0.00636	0.00194	0.00770	0.00622	0.00443	0.07761
26	0.02253	0.25043	0.02334	0.01528	0.01933	0.53057	0.01229	0.02434	0.01710	0.01593	0.00987	0.01148	0.00847	0.00644	0.00543	0.00161	0.01044	0.00403	0.00322	0.00787
27	0.00802	0.00573	0.00764	0.00917	0.00955	0.00535	0.00611	0.00917	0.01260	0.01681	0.03628	0.76434	0.04354	0.02062	0.00840	0.00267	0.00382	0.01872	0.00611	0.00535
28	0.00904	0.00662	0.00944	0.00986	0.01070	0.00726	0.00723	0.01083	0.01103	0.01545	0.02304	0.22938	0.02460	0.11289	0.47157	0.00800	0.01274	0.01049	0.00428	0.00555
29	0.01667	0.02436	0.30766	0.01581	0.02191	0.11599	0.01635	0.13383	0.12757	0.02451	0.03662	0.02261	0.05070	0.00844	0.00662	0.00210	0.00820	0.04621	0.00458	0.00926
30	0.01391	0.00846	0.01075	0.00971	0.01142	0.00864	0.00714	0.05337	0.01445	0.14112	0.14216	0.07312	0.05832	0.25393	0.11834	0.00467	0.04906	0.00936	0.00548	0.00659
31	0.06228	0.01468	0.01553	0.01323	0.01666	0.08348	0.05069	0.19953	0.16005	0.04433	0.02275	0.06487	0.05497	0.11506	0.01052	0.00274	0.00677	0.04785	0.00557	0.00844
32	0.01566	0.06142	0.09416	0.11521	0.20971	0.04726	0.01509	0.09202	0.12619	0.02275	0.02210	0.02345	0.11055	0.00822	0.00655	0.00204	0.00718	0.00692	0.00443	0.00912
33	0.01565	0.14488	0.09763	0.03610	0.15780	0.05143	0.01299	0.02076	0.10110	0.07121	0.10965	0.02475	0.05051	0.06797	0.00844	0.00228	0.00672	0.00695	0.00460	0.00858

[dist]
# distance from previous block
# <min> <max>
0	33

[block]
# block no. 6 follows, 33 sequences, length 27
# corresponding to MSA columns:
# 1845-1871
name=unknown_G
#
# <colnr> <probs for GDERKNQSTAVLIFYWHMCP>
#	G	D	E	R	K	N	Q	S	T	A	V	L	I	F	Y	W	H	M	C	P
0	0.06010	0.09355	0.13416	0.14770	0.18999	0.01465	0.06815	0.01863	0.01410	0.04976	0.01719	0.07734	0.04835	0.00787	0.00637	0.00205	0.00753	0.00694	0.02703	0.00853
1	0.15166	0.05612	0.09532	0.05833	0.22485	0.01372	0.01379	0.01874	0.01361	0.02223	0.01134	0.01398	0.00923	0.00565	0.00542	0.00165	0.00661	0.00460	0.00351	0.26966
2	0.05383	0.01579	0.05889	0.10086	0.21362	0.01569	0.05092	0.17752	0.09829	0.08434	0.01691	0.05486	0.01338	0.00769	0.00661	0.00208	0.00727	0.00671	0.00493	0.00981
3	0.18138	0.00877	0.01037	0.05369	0.06223	0.00942	0.00764	0.01313	0.01150	0.01849	0.02260	0.10397	0.08625	0.24209	0.13712	0.00484	0.00768	0.00872	0.00423	0.00590
4	0.12470	0.00684	0.00854	0.00868	0.00938	0.00712	0.00597	0.01046	0.00987	0.01530	0.01677	0.15713	0.01803	0.08560	0.05618	0.43739	0.00594	0.00819	0.00376	0.00417
5	0.01783	0.01696	0.06604	0.01396	0.01830	0.05850	0.01164	0.16075	0.45734	0.02856	0.02481	0.02348	0.05459	0.00884	0.00666	0.00214	0.00620	0.00713	0.00618	0.01010
6	0.00865	0.00621	0.00809	0.00908	0.00980	0.00578	0.00622	0.01001	0.01296	0.01750	0.08804	0.56567	0.04137	0.09573	0.01082	0.00296	0.00419	0.05454	0.00590	0.03649
7	0.43100	0.11232	0.07835	0.05199	0.05387	0.05885	0.03776	0.06918	0.01402	0.02571	0.01038	0.01229	0.00813	0.00622	0.00496	0.00195	0.00684	0.00427	0.00382	0.00808
8	0.04940	0.06799	0.05556	0.18729	0.14505	0.01549	0.15261	0.05489	0.06194	0.05912	0.05220	0.01897	0.01353	0.00686	0.00654	0.00205	0.00790	0.00642	0.02736	0.00883
9	0.00788	0.00627	0.00708	0.00774	0.00917	0.00547	0.00548	0.00933	0.01398	0.01737	0.05369	0.36302	0.43363	0.01836	0.00805	0.00242	0.00354	0.01595	0.00611	0.00547
10	0.01626	0.01689	0.03323	0.10833	0.12289	0.01668	0.46968	0.09049	0.01678	0.02276	0.01327	0.01735	0.01003	0.00594	0.00736	0.00216	0.01003	0.00712	0.00361	0.00914
11	0.01332	0.01244	0.01818	0.34665	0.15403	0.04130	0.01502	0.04687	0.01471	0.01922	0.05724	0.02499	0.10648	0.01073	0.04608	0.00260	0.05138	0.00723	0.00384	0.00768
12	0.01090	0.00716	0.00852	0.00835	0.01048	0.00630	0.00639	0.01295	0.01575	0.10412	0.16700	0.15654	0.37375	0.01580	0.00784	0.00231	0.00386	0.06909	0.00654	0.00635
13	0.02066	0.01138	0.01344	0.01108	0.01514	0.01108	0.00889	0.11254	0.13989	0.32319	0.05140	0.03301	0.19826	0.01055	0.00695	0.00211	0.00511	0.00865	0.00716	0.00951
14	0.01301	0.01210	0.01817	0.27406	0.16857	0.04346	0.03031	0.01611	0.01319	0.01770	0.06063	0.02316	0.01549	0.10898	0.09955	0.00371	0.06413	0.00684	0.00351	0.00732
15	0.01760	0.36755	0.08901	0.01787	0.02390	0.10143	0.23355	0.04233	0.01524	0.01858	0.01101	0.01343	0.00902	0.00585	0.00578	0.00177	0.00909	0.00514	0.00316	0.00868
16	0.00834	0.00626	0.00774	0.00828	0.00947	0.00565	0.00586	0.01019	0.01498	0.01987	0.24601	0.37763	0.22067	0.01752	0.00806	0.00238	0.00349	0.01550	0.00645	0.00565
17	0.00802	0.00573	0.00764	0.00917	0.00955	0.00535	0.00611	0.00917	0.01260	0.01681	0.03628	0.76434	0.04354	0.02062	0.00840	0.00267	0.00382	0.01872	0.00611	0.00535
18	0.01154	0.01165	0.06220	0.10260	0.14161	0.01059	0.06547	0.01560	0.04963	0.02023	0.13160	0.17142	0.11057	0.01385	0.04926	0.00270	0.00672	0.01043	0.00487	0.00745
19	0.13633	0.01146	0.01311	0.01056	0.01470	0.01138	0.00861	0.13985	0.01862	0.35099	0.02082	0.02013	0.01427	0.00771	0.00578	0.00191	0.00522	0.00596	0.19316	0.00944
20	0.00806	0.00585	0.00762	0.00892	0.00951	0.00541	0.00603	0.00935	0.01309	0.01735	0.07222	0.67292	0.09948	0.01996	0.00832	0.00261	0.00375	0.01799	0.00617	0.00541
21	0.01793	0.01689	0.02253	0.15716	0.23169	0.13989	0.09475	0.05551	0.01668	0.08312	0.07049	0.01904	0.01441	0.00715	0.00701	0.00202	0.02433	0.00635	0.00414	0.00890
22	0.01051	0.04868	0.01145	0.00982	0.01061	0.00984	0.00719	0.01165	0.01044	0.01438	0.01981	0.03300	0.05388	0.35855	0.25500	0.00677	0.11119	0.00815	0.00374	0.00534
23	0.00964	0.00678	0.00835	0.00873	0.01035	0.00613	0.00660	0.01168	0.01523	0.05530	0.17393	0.25627	0.27404	0.01697	0.00809	0.00243	0.00394	0.11316	0.00642	0.00598
24	0.01440	0.01440	0.02016	0.01728	0.01728	0.02016	0.01440	0.01584	0.01008	0.01584	0.00864	0.01440	0.00864	0.01152	0.02160	0.00288	0.75659	0.00576	0.00288	0.00720
25	0.14848	0.05429	0.14976	0.05179	0.02195	0.06881	0.02816	0.32884	0.02155	0.04648	0.01329	0.01440	0.00968	0.00703	0.00600	0.00198	0.00779	0.00518	0.00488	0.00966
26	0.01302	0.01036	0.01380	0.01640	0.15218	0.01055	0.01014	0.13480	0.05063	0.02263	0.02914	0.41412	0.06584	0.01473	0.00760	0.00237	0.00525	0.01316	0.00567	0.00762

[dist]
# distance from previous block
# <min> <max>
1	2

[block]
# block no. 7 follows, 33 sequences, length 17
# corresponding to MSA columns:
# 1874-1890
name=unknown_H
#
# <colnr> <probs for GDERKNQSTAVLIFYWHMCP>
#	G	D	E	R	K	N	Q	S	T	A	V	L	I	F	Y	W	H	M	C	P
0	0.00821	0.00644	0.00745	0.00787	0.00942	0.00568	0.00573	0.01001	0.01490	0.01897	0.16342	0.26610	0.39240	0.01736	0.00801	0.00236	0.00354	0.04023	0.00629	0.00562
1	0.00815	0.00668	0.00718	0.00705	0.00912	0.00571	0.00529	0.01016	0.01587	0.01984	0.22325	0.05998	0.56706	0.01591	0.00778	0.00219	0.00328	0.01342	0.00638	0.00571
2	0.01718	0.01903	0.01975	0.01720	0.01812	0.21683	0.01394	0.01869	0.01242	0.01592	0.00906	0.01371	0.00860	0.01023	0.01734	0.00256	0.55375	0.00535	0.00302	0.00732
3	0.12796	0.00802	0.00797	0.00734	0.00968	0.00827	0.00572	0.04759	0.01460	0.08314	0.01985	0.02203	0.01520	0.00750	0.00478	0.00167	0.00374	0.00580	0.59224	0.00691
4	0.01760	0.77260	0.03450	0.01126	0.01690	0.02605	0.01126	0.01971	0.01338	0.01549	0.00915	0.01056	0.00845	0.00563	0.00422	0.00141	0.00704	0.00352	0.00282	0.00845
5	0.00797	0.00592	0.00744	0.00866	0.00942	0.00539	0.00589	0.00922	0.01309	0.01700	0.04243	0.62273	0.18119	0.01983	0.00828	0.00258	0.00372	0.01774	0.00611	0.00539
6	0.01629	0.01564	0.02672	0.04041	0.72757	0.01564	0.02020	0.02020	0.01499	0.02151	0.01238	0.01629	0.01043	0.00587	0.00652	0.00196	0.00782	0.00587	0.00326	0.01043
7	0.01323	0.01125	0.01320	0.00971	0.01514	0.00852	0.00767	0.01602	0.01357	0.02110	0.01356	0.07046	0.01231	0.00607	0.00514	0.00110	0.00480	0.00502	0.00407	0.74807
8	0.01320	0.03405	0.73453	0.01876	0.02849	0.01529	0.02432	0.02085	0.01390	0.02085	0.01181	0.01390	0.00834	0.00625	0.00625	0.00208	0.00973	0.00486	0.00278	0.00973
9	0.02459	0.03138	0.01866	0.01696	0.02035	0.74221	0.01272	0.02629	0.01866	0.01611	0.01018	0.01187	0.00848	0.00678	0.00594	0.00170	0.01187	0.00424	0.00339	0.00763
10	0.00790	0.00667	0.00684	0.00680	0.00897	0.00561	0.00510	0.00969	0.01530	0.01848	0.11961	0.06221	0.67155	0.01641	0.00778	0.00221	0.00332	0.01373	0.00620	0.00561
11	0.00885	0.00635	0.00848	0.00928	0.01024	0.00597	0.00680	0.01096	0.01510	0.02061	0.27846	0.41251	0.04927	0.01775	0.00828	0.00251	0.00389	0.11243	0.00650	0.00576
12	0.01143	0.00697	0.00874	0.00866	0.01033	0.00628	0.00625	0.01323	0.01511	0.12018	0.19374	0.29935	0.18369	0.07304	0.00978	0.00264	0.00401	0.01379	0.00649	0.00631
13	0.01759	0.07552	0.04162	0.07724	0.07725	0.24364	0.06157	0.02057	0.01643	0.06067	0.09891	0.02340	0.04717	0.00823	0.00636	0.00190	0.00806	0.02867	0.07737	0.00782
14	0.04357	0.04963	0.01446	0.01300	0.04983	0.23450	0.00945	0.03973	0.01535	0.01920	0.01845	0.02660	0.05055	0.11602	0.00985	0.00241	0.00740	0.06988	0.08818	0.12193
15	0.10426	0.01479	0.07585	0.01775	0.12085	0.01380	0.09876	0.07558	0.13197	0.04304	0.02667	0.04819	0.15689	0.00941	0.00722	0.00216	0.03116	0.00804	0.00494	0.00865
16	0.03982	0.12402	0.11358	0.06702	0.07237	0.08051	0.01323	0.08124	0.06465	0.14527	0.04668	0.03883	0.04301	0.00790	0.00618	0.00193	0.00714	0.00628	0.00488	0.03547

[dist]
# distance from previous block
# <min> <max>
0	143

[block]
# block no. 8 follows, 33 sequences, length 16
# corresponding to MSA columns:
# 2047-2062
name=unknown_I
#
# <colnr> <probs for GDERKNQSTAVLIFYWHMCP>
#	G	D	E	R	K	N	Q	S	T	A	V	L	I	F	Y	W	H	M	C	P
0	0.04961	0.04744	0.13962	0.01195	0.01602	0.03194	0.01075	0.06951	0.12097	0.02142	0.01969	0.14298	0.01903	0.14544	0.01119	0.00277	0.00635	0.00817	0.00465	0.12052
1	0.03666	0.03963	0.05116	0.08606	0.01607	0.04825	0.00886	0.04167	0.01470	0.04720	0.09054	0.03521	0.19605	0.15015	0.01153	0.00273	0.00585	0.00859	0.00482	0.10427
2	0.01561	0.05390	0.11548	0.11770	0.10751	0.10719	0.01441	0.10763	0.01651	0.02111	0.01866	0.04651	0.04496	0.05146	0.04682	0.00280	0.00854	0.09094	0.00418	0.00809
3	0.00852	0.00670	0.00769	0.00744	0.00934	0.00587	0.00558	0.01087	0.01674	0.02190	0.38108	0.05657	0.40794	0.01514	0.00777	0.00215	0.00323	0.01294	0.00666	0.00587
4	0.01599	0.01533	0.02618	0.09617	0.67417	0.01556	0.02005	0.01994	0.01485	0.02114	0.01233	0.01639	0.01030	0.00592	0.00652	0.00197	0.00790	0.00586	0.00323	0.01018
5	0.00828	0.00618	0.00773	0.00863	0.00966	0.00563	0.00611	0.00991	0.01411	0.01849	0.13689	0.46945	0.20173	0.01861	0.00821	0.00251	0.00373	0.05230	0.00626	0.00555
6	0.00899	0.00688	0.00739	0.00715	0.00939	0.00584	0.00540	0.01092	0.01574	0.05117	0.16677	0.05932	0.59037	0.01579	0.00773	0.00219	0.00340	0.01326	0.00638	0.00591
7	0.01760	0.77260	0.03450	0.01126	0.01690	0.02605	0.01126	0.01971	0.01338	0.01549	0.00915	0.01056	0.00845	0.00563	0.00422	0.00141	0.00704	0.00352	0.00282	0.00845
8	0.00990	0.00620	0.00751	0.00759	0.00761	0.00618	0.00448	0.00933	0.00952	0.01269	0.01955	0.07671	0.02226	0.56610	0.03047	0.18090	0.00610	0.00922	0.00386	0.00382
9	0.67357	0.01607	0.01128	0.01014	0.01410	0.14504	0.00813	0.02059	0.01254	0.02713	0.00935	0.01091	0.00737	0.00623	0.00441	0.00198	0.00631	0.00369	0.00395	0.00722
10	0.02493	0.02135	0.01951	0.01555	0.02040	0.18252	0.01256	0.55305	0.02819	0.03579	0.01454	0.01492	0.01059	0.00765	0.00644	0.00191	0.00828	0.00555	0.00587	0.01040
11	0.02071	0.01427	0.01515	0.01210	0.01610	0.01558	0.00983	0.47196	0.02515	0.03575	0.01772	0.01876	0.01312	0.00782	0.00591	0.00183	0.00583	0.00600	0.27691	0.00948
12	0.01128	0.00695	0.00715	0.00714	0.00894	0.00686	0.00533	0.01526	0.07676	0.02266	0.03358	0.08883	0.18398	0.01085	0.00581	0.00184	0.00338	0.00900	0.48808	0.00633
13	0.01135	0.00855	0.01149	0.04376	0.08367	0.00907	0.00808	0.06343	0.01238	0.01693	0.01977	0.09678	0.02090	0.36199	0.19755	0.00612	0.00920	0.00897	0.00414	0.00590
14	0.01195	0.01471	0.15995	0.01273	0.04985	0.01082	0.01132	0.06557	0.12362	0.02178	0.04040	0.07873	0.32576	0.01245	0.00723	0.00222	0.00555	0.03216	0.00541	0.00780
15	0.01833	0.10239	0.02370	0.05531	0.02230	0.01762	0.16405	0.28447	0.02011	0.02717	0.01458	0.01831	0.01171	0.05412	0.05661	0.00282	0.04792	0.00634	0.04320	0.00895

[dist]
# distance from previous block
# <min> <max>
0	4

[block]
# block no. 9 follows, 33 sequences, length 47
# corresponding to MSA columns:
# 2067-2113
name=unknown_J
#
# <colnr> <probs for GDERKNQSTAVLIFYWHMCP>
#	G	D	E	R	K	N	Q	S	T	A	V	L	I	F	Y	W	H	M	C	P
0	0.01813	0.51901	0.14914	0.01328	0.01944	0.05719	0.01368	0.10668	0.01593	0.01969	0.01048	0.01184	0.00878	0.00608	0.00494	0.00161	0.00774	0.00408	0.00331	0.00897
1	0.01500	0.03792	0.11549	0.10805	0.23618	0.01470	0.04549	0.01967	0.04695	0.04560	0.01439	0.01935	0.01192	0.00744	0.00808	0.00206	0.09229	0.03768	0.04509	0.07666
2	0.05066	0.00741	0.01074	0.10358	0.01539	0.00754	0.04064	0.01122	0.01274	0.01767	0.03070	0.59615	0.03570	0.01740	0.00792	0.00256	0.00485	0.01580	0.00547	0.00585
3	0.01889	0.02163	0.13545	0.01565	0.05544	0.24853	0.01319	0.11084	0.01889	0.08081	0.11237	0.02490	0.07811	0.00895	0.00665	0.00197	0.00814	0.02621	0.00491	0.00848
4	0.01616	0.05693	0.01521	0.01261	0.01590	0.05677	0.01013	0.14344	0.27750	0.02692	0.13654	0.06423	0.02737	0.01092	0.00706	0.00221	0.00578	0.09927	0.00624	0.00879
5	0.00940	0.00705	0.01058	0.01058	0.01176	0.00823	0.00823	0.01176	0.01058	0.01528	0.01763	0.02586	0.01646	0.04937	0.74255	0.01058	0.01763	0.00705	0.00353	0.00588
6	0.00989	0.00775	0.00910	0.00886	0.01074	0.00756	0.00659	0.01484	0.12896	0.02306	0.35021	0.15996	0.20832	0.01460	0.00770	0.00223	0.00361	0.01272	0.00672	0.00660
7	0.01561	0.01746	0.03688	0.02657	0.03299	0.01663	0.64682	0.02223	0.07294	0.02162	0.01442	0.01832	0.01082	0.00583	0.00768	0.00222	0.01062	0.00774	0.00361	0.00901
8	0.02359	0.01773	0.01895	0.01486	0.01987	0.01974	0.01216	0.59408	0.14483	0.03917	0.01763	0.01726	0.01268	0.00807	0.00660	0.00202	0.00691	0.00618	0.00660	0.01107
9	0.01243	0.01170	0.01975	0.75282	0.04534	0.01463	0.01828	0.01682	0.01316	0.01682	0.01170	0.01755	0.00878	0.00658	0.00658	0.00219	0.00878	0.00585	0.00293	0.00731
10	0.02133	0.01518	0.01708	0.01369	0.01792	0.01675	0.01118	0.49801	0.02530	0.06649	0.01685	0.01863	0.01278	0.01723	0.17194	0.00390	0.00938	0.00622	0.03031	0.00985
11	0.00940	0.00705	0.01058	0.01058	0.01176	0.00823	0.00823	0.01176	0.01058	0.01528	0.01763	0.02586	0.01646	0.04937	0.74255	0.01058	0.01763	0.00705	0.00353	0.00588
12	0.01243	0.01170	0.01975	0.75282	0.04534	0.01463	0.01828	0.01682	0.01316	0.01682	0.01170	0.01755	0.00878	0.00658	0.00658	0.00219	0.00878	0.00585	0.00293	0.00731
13	0.02791	0.01381	0.01689	0.01295	0.01810	0.01354	0.01070	0.27446	0.02320	0.48360	0.02231	0.02003	0.01446	0.00806	0.00661	0.00201	0.00619	0.00637	0.00759	0.01120
14	0.01365	0.01170	0.01365	0.00975	0.01560	0.00878	0.00780	0.01658	0.01365	0.02145	0.01170	0.01365	0.00975	0.00488	0.00488	0.00098	0.00488	0.00390	0.00390	0.80888
15	0.01320	0.03405	0.73453	0.01876	0.02849	0.01529	0.02432	0.02085	0.01390	0.02085	0.01181	0.01390	0.00834	0.00625	0.00625	0.00208	0.00973	0.00486	0.00278	0.00973
16	0.00909	0.00672	0.00849	0.00805	0.00970	0.00612	0.00604	0.01199	0.01811	0.02514	0.62816	0.05125	0.15884	0.01393	0.00777	0.00209	0.00314	0.01220	0.00708	0.00612
17	0.00907	0.00617	0.00720	0.00777	0.00900	0.00568	0.00551	0.01101	0.01418	0.01994	0.12304	0.34158	0.20551	0.01589	0.00732	0.00224	0.00345	0.01390	0.18584	0.00568
18	0.00835	0.00591	0.00776	0.00911	0.00951	0.00559	0.00613	0.00947	0.01241	0.01651	0.03444	0.64297	0.04099	0.10534	0.01129	0.00311	0.00424	0.05577	0.00587	0.00523
19	0.48539	0.01827	0.17206	0.01497	0.04201	0.01522	0.12541	0.01999	0.01262	0.02602	0.01052	0.01272	0.00796	0.00604	0.00523	0.00207	0.00717	0.00461	0.00365	0.00808
20	0.00921	0.00754	0.01177	0.01166	0.01271	0.00743	0.08290	0.01085	0.01278	0.01722	0.03220	0.63998	0.03788	0.01846	0.00908	0.00264	0.04746	0.01678	0.00562	0.00584
21	0.01673	0.01526	0.01484	0.01129	0.01667	0.13133	0.00892	0.05025	0.01551	0.05487	0.01230	0.01386	0.00991	0.00548	0.00521	0.00119	0.00618	0.00418	0.00414	0.60187
22	0.00955	0.00693	0.00995	0.00995	0.01099	0.00790	0.00752	0.01163	0.01059	0.01536	0.01820	0.02803	0.01744	0.14051	0.61892	0.00965	0.01555	0.00734	0.03835	0.00564
23	0.01762	0.55606	0.02794	0.01116	0.01585	0.11295	0.01038	0.01984	0.01411	0.01702	0.01126	0.01297	0.00981	0.00610	0.00450	0.00146	0.00701	0.00403	0.13194	0.00797
24	0.01637	0.01937	0.18209	0.04231	0.07907	0.01618	0.12633	0.06502	0.26767	0.05468	0.01818	0.01915	0.01353	0.00750	0.00742	0.00218	0.04179	0.00654	0.00477	0.00985
25	0.01602	0.01642	0.03116	0.03577	0.47362	0.01601	0.27060	0.02053	0.01519	0.02135	0.01273	0.01683	0.01027	0.00575	0.00698	0.00205	0.00902	0.00656	0.00328	0.00986
26	0.00822	0.00706	0.00709	0.00702	0.00932	0.00612	0.00528	0.01077	0.05123	0.01829	0.06463	0.06135	0.68846	0.01627	0.00772	0.00222	0.00343	0.01356	0.00614	0.00581
27	0.01760	0.77260	0.03450	0.01126	0.01690	0.02605	0.01126	0.01971	0.01338	0.01549	0.00915	0.01056	0.00845	0.00563	0.00422	0.00141	0.00704	0.00352	0.00282	0.00845
28	0.00842	0.00677	0.00762	0.00810	0.00999	0.00597	0.00633	0.01033	0.01479	0.01810	0.05672	0.13677	0.50715	0.01740	0.00813	0.00244	0.00397	0.15924	0.00610	0.00565
29	0.01144	0.00572	0.00858	0.00858	0.00858	0.00572	0.00572	0.00858	0.00858	0.01144	0.01144	0.02001	0.01144	0.02287	0.02573	0.80846	0.00572	0.00572	0.00286	0.00286
30	0.02540	0.01785	0.01939	0.01487	0.02012	0.01953	0.01228	0.65040	0.02996	0.09812	0.01664	0.01635	0.01161	0.00792	0.00659	0.00198	0.00711	0.00598	0.00671	0.01120
31	0.00826	0.00598	0.00771	0.00875	0.00943	0.00554	0.00594	0.00968	0.01353	0.01810	0.13833	0.57133	0.09905	0.05391	0.00942	0.00272	0.00380	0.01692	0.00618	0.00543
32	0.81514	0.01273	0.00968	0.00866	0.01273	0.01477	0.00713	0.01935	0.01120	0.02954	0.00917	0.01069	0.00713	0.00611	0.00407	0.00204	0.00509	0.00356	0.00407	0.00713
33	0.01227	0.00614	0.00614	0.00614	0.00767	0.00614	0.00460	0.01534	0.01381	0.02454	0.02148	0.02454	0.01687	0.00767	0.00460	0.00153	0.00307	0.00614	0.80518	0.00614
34	0.00870	0.00693	0.00783	0.00756	0.00955	0.00617	0.00568	0.01151	0.03858	0.02174	0.34378	0.05613	0.42211	0.01507	0.00774	0.00216	0.00330	0.01285	0.00661	0.00599
35	0.00876	0.00635	0.00839	0.00953	0.01046	0.00598	0.00706	0.01063	0.01416	0.01882	0.13062	0.46272	0.09374	0.01883	0.00843	0.00264	0.00419	0.16681	0.00625	0.00564
36	0.01626	0.00792	0.01003	0.00892	0.01109	0.00762	0.00665	0.01828	0.01399	0.23598	0.05523	0.02992	0.02054	0.20576	0.13131	0.00438	0.00702	0.00757	0.19442	0.00710
37	0.01320	0.03405	0.73453	0.01876	0.02849	0.01529	0.02432	0.02085	0.01390	0.02085	0.01181	0.01390	0.00834	0.00625	0.00625	0.00208	0.00973	0.00486	0.00278	0.00973
38	0.00834	0.00595	0.00759	0.00878	0.00924	0.00560	0.00583	0.00939	0.01232	0.01628	0.03547	0.58169	0.08069	0.14472	0.01256	0.00327	0.00428	0.03708	0.00576	0.00516
39	0.00995	0.00621	0.00883	0.00902	0.00966	0.00630	0.00640	0.00995	0.01129	0.01542	0.10930	0.15090	0.05804	0.02727	0.18891	0.34661	0.00777	0.00936	0.00426	0.00453
40	0.01339	0.01106	0.01239	0.01206	0.01472	0.01225	0.00942	0.02516	0.42556	0.02370	0.03219	0.16061	0.06778	0.01308	0.00750	0.00246	0.00503	0.13671	0.00645	0.00847
41	0.36080	0.01503	0.01861	0.11206	0.18156	0.04867	0.07290	0.07777	0.01470	0.02578	0.01118	0.01393	0.00874	0.00625	0.00556	0.00203	0.00719	0.00497	0.00386	0.00842
42	0.01330	0.05681	0.09529	0.26568	0.23643	0.01403	0.01660	0.01729	0.01388	0.01906	0.07296	0.02092	0.01503	0.04502	0.06806	0.00294	0.00863	0.00640	0.00347	0.00819
43	0.00988	0.00796	0.00932	0.00858	0.01136	0.00674	0.00679	0.01236	0.01549	0.02074	0.18864	0.05093	0.31310	0.01358	0.00734	0.00204	0.00407	0.11889	0.00585	0.18633
44	0.00802	0.00573	0.00764	0.00917	0.00955	0.00535	0.00611	0.00917	0.01260	0.01681	0.03628	0.76434	0.04354	0.02062	0.00840	0.00267	0.00382	0.01872	0.00611	0.00535
45	0.00932	0.00628	0.00725	0.00750	0.00756	0.00622	0.00433	0.00951	0.01006	0.01341	0.02324	0.15909	0.02709	0.64833	0.02947	0.00579	0.00597	0.01104	0.00433	0.00421
46	0.14512	0.23547	0.02034	0.01184	0.01657	0.07517	0.04122	0.01935	0.01414	0.05707	0.01429	0.02076	0.01290	0.00741	0.00542	0.00171	0.00659	0.09366	0.00405	0.19692

[dist]
# distance from previous block
# <min> <max>
0	4

[block]
# block no. 10 follows, 33 sequences, length 17
# corresponding to MSA columns:
# 2118-2134
name=unknown_K
#
# <colnr> <probs for GDERKNQSTAVLIFYWHMCP>
#	G	D	E	R	K	N	Q	S	T	A	V	L	I	F	Y	W	H	M	C	P
0	0.01880	0.01604	0.01632	0.01389	0.01630	0.14271	0.01117	0.15665	0.01762	0.07877	0.05898	0.01879	0.01450	0.00917	0.01091	0.00214	0.24131	0.00605	0.14175	0.00814
1	0.01662	0.33632	0.02879	0.01818	0.10996	0.01978	0.13098	0.09408	0.01555	0.02014	0.01381	0.01658	0.03417	0.01099	0.08274	0.00270	0.03078	0.00559	0.00356	0.00868
2	0.11956	0.02244	0.01767	0.01492	0.01917	0.30232	0.01176	0.29681	0.08459	0.02886	0.01377	0.01442	0.01043	0.00734	0.00604	0.00190	0.00862	0.00511	0.00504	0.00924
