[name]
unknown

[dist]
# distance from previous block
# <min> <max>
0	188

[block]
# block no. 0 follows, 29 sequences, length 9
# corresponding to MSA columns:
# 188-196
name=unknown_A
#
# <colnr> <probs for GDERKNQSTAVLIFYWHMCP>
#	G	D	E	R	K	N	Q	S	T	A	V	L	I	F	Y	W	H	M	C	P
0	0.01392	0.00925	0.01191	0.01130	0.01348	0.00965	0.00883	0.07374	0.03702	0.08800	0.06345	0.07209	0.09695	0.10044	0.27000	0.00620	0.01059	0.09011	0.00570	0.00735
1	0.01780	0.02296	0.10833	0.02031	0.06170	0.25718	0.15645	0.02131	0.01689	0.01974	0.01944	0.20545	0.01950	0.01082	0.00762	0.00230	0.00986	0.00966	0.00433	0.00835
2	0.01261	0.01133	0.01843	0.55351	0.03954	0.01357	0.01654	0.01702	0.01570	0.02076	0.18318	0.02745	0.02377	0.00896	0.00744	0.00234	0.00797	0.00795	0.00432	0.00762
3	0.00880	0.00679	0.00809	0.00904	0.01040	0.00608	0.00651	0.01045	0.01496	0.01889	0.05298	0.40419	0.32289	0.02029	0.00887	0.00272	0.00411	0.07139	0.00661	0.00594
4	0.70255	0.01400	0.01188	0.01052	0.01438	0.01670	0.00869	0.02046	0.01197	0.03011	0.00984	0.01207	0.00791	0.00734	0.00676	0.00232	0.09639	0.00415	0.00425	0.00772
5	0.01209	0.01790	0.22220	0.01605	0.05756	0.01200	0.04879	0.01631	0.01565	0.02169	0.13206	0.12382	0.17741	0.01287	0.00939	0.00245	0.07787	0.01076	0.00505	0.00809
6	0.01510	0.35731	0.19376	0.01348	0.01927	0.01952	0.01422	0.01864	0.01465	0.01871	0.02322	0.08329	0.12587	0.00989	0.00706	0.00204	0.04396	0.00750	0.00392	0.00861
7	0.01591	0.01034	0.01300	0.01208	0.01436	0.01112	0.00929	0.02120	0.13886	0.15126	0.03167	0.23552	0.08045	0.01786	0.07129	0.00334	0.09474	0.01162	0.04773	0.00834
8	0.01734	0.08771	0.08272	0.01351	0.01936	0.01416	0.03906	0.02484	0.17321	0.09199	0.01898	0.05053	0.01520	0.00765	0.00629	0.00178	0.00638	0.00634	0.00523	0.31771

[dist]
# distance from previous block
# <min> <max>
0	2

[block]
# block no. 1 follows, 29 sequences, length 26
# corresponding to MSA columns:
# 199-224
name=unknown_B
#
# <colnr> <probs for GDERKNQSTAVLIFYWHMCP>
#	G	D	E	R	K	N	Q	S	T	A	V	L	I	F	Y	W	H	M	C	P
0	0.01755	0.09832	0.21192	0.01506	0.02190	0.01536	0.03677	0.06108	0.10013	0.08829	0.01732	0.04888	0.01371	0.00760	0.00641	0.00190	0.00741	0.00617	0.00481	0.21943
1	0.05728	0.20020	0.04352	0.01665	0.07022	0.16278	0.01312	0.08898	0.10463	0.15084	0.01693	0.01710	0.01269	0.00759	0.00624	0.00198	0.00822	0.00560	0.00525	0.01019
2	0.02120	0.37148	0.14904	0.01419	0.02075	0.02181	0.01439	0.13542	0.01865	0.12152	0.01469	0.01538	0.01115	0.00709	0.00577	0.00186	0.00779	0.00508	0.03252	0.01022
3	0.01542	0.08168	0.50212	0.01837	0.02706	0.01762	0.02179	0.02606	0.17418	0.02385	0.01639	0.01749	0.01202	0.00740	0.00673	0.00224	0.00917	0.00582	0.00401	0.01060
4	0.01592	0.04463	0.23005	0.01543	0.02050	0.01556	0.01557	0.08742	0.05566	0.06432	0.12168	0.02802	0.09736	0.01067	0.01028	0.00240	0.14220	0.00799	0.00514	0.00920
5	0.00877	0.00673	0.00804	0.00875	0.01010	0.00600	0.00617	0.01052	0.01553	0.02002	0.14336	0.39136	0.29987	0.01961	0.00874	0.00262	0.00382	0.01724	0.00678	0.00600
6	0.01930	0.02295	0.14667	0.01603	0.02101	0.18632	0.03196	0.16063	0.08790	0.02779	0.15854	0.04649	0.02423	0.00963	0.00726	0.00216	0.00840	0.00774	0.00557	0.00942
7	0.01068	0.00810	0.00995	0.00962	0.01010	0.00887	0.00654	0.01147	0.01143	0.01542	0.02728	0.07072	0.10878	0.44852	0.11622	0.00627	0.09979	0.01047	0.00448	0.00528
8	0.01943	0.01700	0.03207	0.02382	0.02919	0.01730	0.39443	0.02481	0.05473	0.14939	0.01683	0.01988	0.01242	0.00793	0.01089	0.00250	0.14513	0.00775	0.00468	0.00983
9	0.04087	0.14802	0.01680	0.01139	0.01475	0.01421	0.00930	0.05922	0.12583	0.09688	0.02313	0.12490	0.02043	0.01673	0.11117	0.00347	0.00753	0.00838	0.13839	0.00862
10	0.10551	0.01667	0.06134	0.01350	0.01860	0.01637	0.01167	0.34317	0.02452	0.14521	0.01896	0.01928	0.01347	0.00823	0.00642	0.00207	0.00664	0.00623	0.15161	0.01053
11	0.01345	0.01266	0.02136	0.73264	0.04904	0.01582	0.01978	0.01819	0.01424	0.01819	0.01266	0.01898	0.00949	0.00712	0.00712	0.00237	0.00949	0.00633	0.00316	0.00791
12	0.00854	0.00703	0.00751	0.00779	0.00980	0.00600	0.00569	0.01031	0.01593	0.01946	0.09437	0.19306	0.55256	0.01867	0.00854	0.00249	0.00369	0.01590	0.00667	0.00600
13	0.11403	0.01435	0.02202	0.14356	0.26425	0.01610	0.05363	0.01884	0.01374	0.02120	0.01348	0.02083	0.01220	0.10973	0.01347	0.00301	0.12662	0.00668	0.00362	0.00865
14	0.01474	0.01458	0.05395	0.14237	0.31750	0.03599	0.01667	0.01880	0.01615	0.02264	0.14151	0.02557	0.02211	0.01295	0.08056	0.00312	0.00881	0.00759	0.03533	0.00907
15	0.00848	0.00697	0.00747	0.00787	0.00979	0.00596	0.00570	0.01015	0.01560	0.01898	0.06418	0.23216	0.54395	0.01907	0.00858	0.00252	0.00373	0.01629	0.00661	0.00596
16	0.01516	0.16958	0.58782	0.01879	0.02850	0.01869	0.02369	0.02232	0.01493	0.02148	0.01225	0.01437	0.00904	0.00664	0.00636	0.00212	0.00999	0.00499	0.00301	0.01027
17	0.21366	0.02906	0.01783	0.01617	0.02002	0.55061	0.01230	0.02662	0.01823	0.02094	0.01074	0.01253	0.00882	0.00716	0.00593	0.00192	0.01107	0.00441	0.00385	0.00812
18	0.00872	0.00652	0.00811	0.00920	0.01018	0.00591	0.00633	0.01025	0.01473	0.01919	0.09587	0.53357	0.20407	0.02072	0.00888	0.00273	0.00395	0.01846	0.00670	0.00591
19	0.01782	0.08070	0.39259	0.02008	0.04690	0.09461	0.06653	0.10819	0.01786	0.02418	0.01311	0.01552	0.00987	0.00832	0.02526	0.00241	0.03662	0.00558	0.00370	0.01014
20	0.01756	0.01676	0.07048	0.05937	0.25952	0.07031	0.01588	0.04691	0.01736	0.08709	0.08333	0.05066	0.06682	0.00970	0.00827	0.00225	0.04966	0.03096	0.00493	0.03219
21	0.01577	0.00760	0.00882	0.00836	0.01041	0.00723	0.00620	0.01839	0.01537	0.15075	0.02661	0.14194	0.02333	0.06977	0.00853	0.00237	0.00424	0.00919	0.45780	0.00733
22	0.05452	0.01533	0.02149	0.02601	0.31725	0.01512	0.01516	0.12034	0.04832	0.09135	0.04479	0.02084	0.03635	0.00758	0.00677	0.00199	0.00701	0.00658	0.00514	0.13808
23	0.01860	0.02327	0.12034	0.07299	0.26729	0.17717	0.08002	0.02269	0.01620	0.02069	0.01229	0.01615	0.01009	0.00744	0.00911	0.00224	0.10437	0.00597	0.00342	0.00968
24	0.00953	0.00628	0.00796	0.00931	0.00995	0.00594	0.00631	0.01115	0.01387	0.01973	0.03628	0.61211	0.04176	0.01971	0.00833	0.00266	0.00398	0.01772	0.15147	0.00594
25	0.01523	0.01399	0.02318	0.14771	0.43400	0.01440	0.01817	0.01933	0.01663	0.02332	0.14192	0.02770	0.02289	0.00869	0.00746	0.00224	0.00758	0.04153	0.00442	0.00964

[dist]
# distance from previous block
# <min> <max>
1	16

[block]
# block no. 2 follows, 29 sequences, length 9
# corresponding to MSA columns:
# 241-249
name=unknown_C
#
# <colnr> <probs for GDERKNQSTAVLIFYWHMCP>
#	G	D	E	R	K	N	Q	S	T	A	V	L	I	F	Y	W	H	M	C	P
0	0.00870	0.00722	0.00761	0.00751	0.00979	0.00613	0.00563	0.01077	0.01690	0.02083	0.17998	0.06590	0.59360	0.01744	0.00841	0.00238	0.00356	0.01466	0.00682	0.00613
1	0.01599	0.02586	0.35176	0.12677	0.05359	0.01744	0.06499	0.07516	0.10983	0.02437	0.01527	0.01777	0.01130	0.00762	0.00799	0.00234	0.05159	0.00620	0.00400	0.01017
2	0.01637	0.16112	0.02680	0.07004	0.41229	0.01732	0.01720	0.02009	0.01644	0.02260	0.13163	0.02262	0.02042	0.00776	0.00679	0.00203	0.00747	0.00697	0.00416	0.00988
3	0.00902	0.00741	0.00806	0.00838	0.01064	0.00644	0.00661	0.01112	0.01626	0.01965	0.06531	0.07087	0.57134	0.01836	0.00870	0.00258	0.00419	0.14235	0.00660	0.00612
4	0.01459	0.03498	0.64917	0.02248	0.09363	0.01657	0.02589	0.02249	0.01514	0.02262	0.01284	0.01527	0.00923	0.00673	0.00679	0.00224	0.01033	0.00536	0.00305	0.01059
5	0.15723	0.02501	0.01754	0.01527	0.01935	0.41161	0.01178	0.02430	0.01709	0.02106	0.01103	0.01318	0.00920	0.00714	0.00697	0.00183	0.05828	0.00450	0.00387	0.16373
6	0.00895	0.00641	0.00851	0.00973	0.01039	0.00597	0.00663	0.01061	0.01493	0.02023	0.17052	0.60796	0.05108	0.02077	0.00895	0.00276	0.00398	0.01878	0.00685	0.00597
7	0.03984	0.10858	0.41005	0.02387	0.16223	0.04859	0.04474	0.04185	0.01594	0.02279	0.01261	0.01516	0.00960	0.00666	0.00657	0.00213	0.00972	0.00539	0.00333	0.01036
8	0.06523	0.02321	0.23705	0.01654	0.02278	0.09801	0.03753	0.05151	0.04707	0.21436	0.05403	0.01992	0.01520	0.00836	0.00798	0.00225	0.05699	0.00637	0.00540	0.01022

[dist]
# distance from previous block
# <min> <max>
0	1

[block]
# block no. 3 follows, 29 sequences, length 106
# corresponding to MSA columns:
# 251-356
name=unknown_D
#
# <colnr> <probs for GDERKNQSTAVLIFYWHMCP>
#	G	D	E	R	K	N	Q	S	T	A	V	L	I	F	Y	W	H	M	C	P
0	0.13490	0.01916	0.01534	0.01422	0.01716	0.27613	0.03972	0.02183	0.07805	0.02193	0.06817	0.21672	0.02453	0.01196	0.00715	0.00228	0.00802	0.00981	0.00519	0.00773
1	0.01581	0.01303	0.01474	0.07234	0.01885	0.03952	0.01003	0.08533	0.11634	0.04762	0.05843	0.12355	0.06928	0.01030	0.00691	0.00195	0.00588	0.00869	0.00567	0.27573
2	0.01769	0.02395	0.29826	0.05563	0.05089	0.01676	0.07098	0.07693	0.11799	0.09004	0.01768	0.04097	0.01343	0.00842	0.00847	0.00237	0.06765	0.00683	0.00471	0.01037
3	0.00868	0.00620	0.00826	0.00991	0.01033	0.00578	0.00661	0.00991	0.01363	0.01818	0.03925	0.74510	0.04710	0.02231	0.00909	0.00289	0.00413	0.02024	0.00661	0.00578
4	0.01581	0.03248	0.50790	0.07839	0.05586	0.08953	0.07683	0.02281	0.01569	0.02172	0.01274	0.01555	0.00930	0.00678	0.00690	0.00223	0.01073	0.00557	0.00315	0.01003
5	0.01528	0.01971	0.15365	0.01856	0.02263	0.05377	0.11639	0.02107	0.09157	0.02112	0.04899	0.02340	0.06581	0.01239	0.04879	0.00303	0.24338	0.00752	0.00417	0.00875
6	0.00868	0.00620	0.00826	0.00991	0.01033	0.00578	0.00661	0.00991	0.01363	0.01818	0.03925	0.74510	0.04710	0.02231	0.00909	0.00289	0.00413	0.02024	0.00661	0.00578
7	0.01564	0.26220	0.47552	0.01735	0.02617	0.01987	0.02118	0.02185	0.01503	0.02093	0.03548	0.01520	0.01105	0.00682	0.00613	0.00202	0.00936	0.00506	0.00318	0.00996
8	0.00868	0.00620	0.00826	0.00991	0.01033	0.00578	0.00661	0.00991	0.01363	0.01818	0.03925	0.74510	0.04710	0.02231	0.00909	0.00289	0.00413	0.02024	0.00661	0.00578
9	0.01017	0.00763	0.01144	0.01144	0.01272	0.00890	0.00890	0.01272	0.01144	0.01653	0.01907	0.02797	0.01780	0.05340	0.72153	0.01144	0.01907	0.00763	0.00381	0.00636
10	0.01561	0.02068	0.14353	0.02651	0.03357	0.01657	0.51112	0.02150	0.01622	0.02231	0.01660	0.09006	0.01410	0.00773	0.00821	0.00243	0.01100	0.00908	0.00380	0.00937
11	0.02660	0.03394	0.02018	0.01834	0.02201	0.72116	0.01376	0.02843	0.02018	0.01743	0.01101	0.01284	0.00917	0.00734	0.00642	0.00183	0.01284	0.00459	0.00367	0.00825
12	0.01789	0.01582	0.02236	0.24710	0.20952	0.03912	0.01744	0.15416	0.01859	0.02531	0.01461	0.01992	0.01185	0.00825	0.00887	0.00232	0.08946	0.02630	0.04156	0.00955
13	0.00862	0.00722	0.00750	0.00743	0.00974	0.00610	0.00557	0.01062	0.01671	0.02038	0.14973	0.06664	0.62413	0.01761	0.00841	0.00238	0.00358	0.01476	0.00676	0.00610
14	0.01587	0.01519	0.02557	0.32149	0.32465	0.01662	0.06750	0.02192	0.07873	0.02177	0.01462	0.01913	0.01149	0.00695	0.00719	0.00227	0.00887	0.00665	0.00373	0.00978
15	0.01480	0.01365	0.02249	0.22839	0.30264	0.01487	0.03777	0.01884	0.01592	0.02240	0.13374	0.02444	0.02064	0.00852	0.00850	0.00228	0.06243	0.00755	0.03108	0.00906
16	0.00847	0.00722	0.00729	0.00727	0.00965	0.00603	0.00545	0.01032	0.01635	0.01953	0.09199	0.06804	0.68240	0.01792	0.00842	0.00240	0.00360	0.01496	0.00665	0.00603
17	0.01532	0.14173	0.52515	0.02034	0.02977	0.01847	0.10867	0.02240	0.01518	0.02172	0.01256	0.01503	0.00927	0.00657	0.00665	0.00216	0.01028	0.00545	0.00309	0.01020
18	0.19819	0.05802	0.01870	0.01610	0.02003	0.53695	0.01235	0.02648	0.01816	0.02063	0.01072	0.01250	0.00885	0.00713	0.00590	0.00190	0.01100	0.00439	0.00381	0.00817
19	0.00863	0.00661	0.00792	0.00888	0.01008	0.00590	0.00617	0.01016	0.01484	0.01897	0.07676	0.46808	0.29057	0.02043	0.00881	0.00269	0.00391	0.01803	0.00666	0.00590
20	0.05567	0.10863	0.24518	0.04225	0.02551	0.05737	0.09335	0.15541	0.04124	0.02665	0.01459	0.01716	0.01116	0.02650	0.00734	0.00224	0.00904	0.00592	0.04488	0.00989
21	0.09396	0.01836	0.07633	0.01854	0.08864	0.11448	0.01453	0.02224	0.10127	0.02231	0.01830	0.02856	0.01692	0.01084	0.01087	0.00255	0.17337	0.12881	0.00457	0.03456
22	0.00895	0.00639	0.00858	0.01023	0.01076	0.00602	0.00709	0.01039	0.01390	0.01849	0.03909	0.67962	0.04649	0.02205	0.00916	0.00293	0.00437	0.08301	0.00660	0.00586
23	0.01475	0.01259	0.01559	0.05043	0.10718	0.01366	0.01143	0.04349	0.30607	0.02636	0.14537	0.03492	0.11673	0.01380	0.05315	0.00291	0.00645	0.00941	0.00636	0.00935
24	0.04794	0.06400	0.08947	0.01879	0.04283	0.44905	0.01530	0.02505	0.01736	0.01850	0.01087	0.01359	0.00920	0.00809	0.00935	0.00211	0.14156	0.00494	0.00349	0.00851
25	0.00868	0.00620	0.00826	0.00991	0.01033	0.00578	0.00661	0.00991	0.01363	0.01818	0.03925	0.74510	0.04710	0.02231	0.00909	0.00289	0.00413	0.02024	0.00661	0.00578
26	0.01551	0.01861	0.15069	0.30271	0.20794	0.01633	0.01997	0.05482	0.07046	0.02262	0.01668	0.02031	0.03748	0.00755	0.00710	0.00228	0.00880	0.00661	0.00389	0.00967
27	0.00964	0.00716	0.00874	0.00850	0.01010	0.00652	0.00618	0.01217	0.01788	0.02431	0.44829	0.10010	0.20739	0.08827	0.01119	0.00278	0.00381	0.01359	0.00713	0.00626
28	0.00868	0.00620	0.00826	0.00991	0.01033	0.00578	0.00661	0.00991	0.01363	0.01818	0.03925	0.74510	0.04710	0.02231	0.00909	0.00289	0.00413	0.02024	0.00661	0.00578
29	0.01904	0.75404	0.03731	0.01218	0.01828	0.02818	0.01218	0.02132	0.01447	0.01675	0.00990	0.01142	0.00914	0.00609	0.00457	0.00152	0.00761	0.00381	0.00305	0.00914
30	0.00874	0.00625	0.00832	0.00987	0.01034	0.00583	0.00662	0.01008	0.01394	0.01867	0.07074	0.71220	0.04805	0.02194	0.00906	0.00286	0.00409	0.01989	0.00667	0.00583
31	0.02707	0.01995	0.02137	0.01638	0.02208	0.02208	0.01353	0.68159	0.03348	0.04488	0.01710	0.01710	0.01211	0.00855	0.00712	0.00214	0.00784	0.00641	0.00712	0.01211
32	0.01036	0.00690	0.00777	0.00777	0.00777	0.00690	0.00431	0.01036	0.01036	0.01381	0.02244	0.04660	0.02589	0.74975	0.03624	0.00690	0.00690	0.01036	0.00431	0.00431
33	0.02660	0.03394	0.02018	0.01834	0.02201	0.72116	0.01376	0.02843	0.02018	0.01743	0.01101	0.01284	0.00917	0.00734	0.00642	0.00183	0.01284	0.00459	0.00367	0.00825
34	0.04498	0.01881	0.10402	0.15992	0.28899	0.05263	0.07257	0.02265	0.01594	0.08954	0.01425	0.01779	0.01094	0.00715	0.00793	0.00225	0.04935	0.00628	0.00394	0.01005
35	0.00877	0.00723	0.00771	0.00759	0.00984	0.00616	0.00569	0.01091	0.01707	0.02123	0.20649	0.06525	0.56685	0.01729	0.00841	0.00237	0.00355	0.01457	0.00687	0.00616
36	0.01573	0.07109	0.05828	0.36729	0.18927	0.01719	0.07053	0.05633	0.01623	0.02167	0.04002	0.01918	0.01235	0.00714	0.00705	0.00223	0.00903	0.00652	0.00367	0.00920
37	0.01549	0.01457	0.02421	0.17385	0.46741	0.01505	0.01898	0.01957	0.01614	0.02237	0.07185	0.02464	0.06906	0.00805	0.00728	0.00220	0.00789	0.00753	0.00403	0.00985
38	0.00857	0.00710	0.00750	0.00765	0.00977	0.00604	0.00564	0.01042	0.01621	0.01979	0.11379	0.14532	0.58112	0.01827	0.00849	0.00245	0.00365	0.01547	0.00670	0.00604
39	0.01484	0.10688	0.62332	0.01983	0.02980	0.01773	0.04730	0.02244	0.01504	0.02199	0.01255	0.01482	0.00909	0.00667	0.00660	0.00219	0.01029	0.00523	0.00303	0.01036
40	0.13036	0.02980	0.01899	0.01716	0.02064	0.57200	0.01308	0.02655	0.01838	0.01937	0.01073	0.01288	0.00899	0.00763	0.00745	0.00198	0.06752	0.00461	0.00373	0.00815
41	0.00875	0.00647	0.00822	0.00957	0.01040	0.00593	0.00661	0.01018	0.01422	0.01851	0.04512	0.59340	0.16521	0.02142	0.00900	0.00282	0.00414	0.04756	0.00661	0.00586
42	0.04831	0.30869	0.38227	0.01639	0.02467	0.02096	0.01926	0.04414	0.01548	0.04285	0.01218	0.01387	0.00938	0.00662	0.00586	0.00197	0.00898	0.00475	0.00339	0.00998
43	0.02258	0.01978	0.01859	0.06635	0.05438	0.19666	0.01297	0.08812	0.25449	0.13121	0.02071	0.02047	0.01527	0.00834	0.00692	0.00214	0.00813	0.00654	0.00598	0.04038
44	0.01143	0.00771	0.01147	0.01154	0.01296	0.00712	0.05460	0.01326	0.01480	0.08184	0.07003	0.59325	0.04287	0.01954	0.00883	0.00276	0.00482	0.01784	0.00666	0.00668
45	0.04225	0.06666	0.01501	0.01401	0.08630	0.03672	0.00967	0.01921	0.11506	0.02701	0.43086	0.03953	0.04618	0.01181	0.00759	0.00218	0.00496	0.01019	0.00666	0.00812
46	0.02173	0.02511	0.02450	0.06036	0.29021	0.36257	0.04171	0.02477	0.01789	0.01992	0.01207	0.01532	0.01007	0.00709	0.00742	0.00204	0.03864	0.00555	0.00357	0.00945
47	0.00868	0.00620	0.00826	0.00991	0.01033	0.00578	0.00661	0.00991	0.01363	0.01818	0.03925	0.74510	0.04710	0.02231	0.00909	0.00289	0.00413	0.02024	0.00661	0.00578
48	0.01350	0.02296	0.33582	0.21036	0.07950	0.01443	0.02045	0.01953	0.01578	0.02234	0.12412	0.02528	0.02003	0.00865	0.00728	0.00232	0.00878	0.03576	0.00402	0.00909
49	0.01681	0.02612	0.33509	0.06006	0.25674	0.01729	0.07228	0.08706	0.01734	0.02481	0.01353	0.01659	0.01023	0.00676	0.00703	0.00221	0.00963	0.00602	0.00364	0.01075
50	0.00868	0.00620	0.00826	0.00991	0.01033	0.00578	0.00661	0.00991	0.01363	0.01818	0.03925	0.74510	0.04710	0.02231	0.00909	0.00289	0.00413	0.02024	0.00661	0.00578
51	0.01024	0.00735	0.01004	0.01004	0.01082	0.00814	0.00714	0.01181	0.01103	0.01549	0.02036	0.03511	0.02090	0.32004	0.45913	0.00971	0.01441	0.00867	0.00401	0.00558
52	0.00871	0.00628	0.00826	0.00976	0.01031	0.00583	0.00656	0.01005	0.01398	0.01859	0.06404	0.69072	0.07687	0.02185	0.00903	0.00285	0.00408	0.01975	0.00665	0.00583
53	0.02405	0.01833	0.01970	0.01544	0.02088	0.02000	0.01259	0.49164	0.15916	0.03982	0.01896	0.01870	0.01382	0.00844	0.00696	0.00208	0.00716	0.00651	0.00686	0.08890
54	0.02689	0.02530	0.02091	0.01713	0.02206	0.28970	0.01362	0.43155	0.02839	0.03437	0.01476	0.01547	0.01099	0.00808	0.00685	0.00202	0.00975	0.00571	0.00580	0.01063
55	0.02660	0.03394	0.02018	0.01834	0.02201	0.72116	0.01376	0.02843	0.02018	0.01743	0.01101	0.01284	0.00917	0.00734	0.00642	0.00183	0.01284	0.00459	0.00367	0.00825
56	0.01672	0.01604	0.02709	0.17220	0.54362	0.01698	0.02111	0.02090	0.01555	0.02197	0.01303	0.01777	0.01084	0.00683	0.00797	0.00222	0.04895	0.00634	0.00343	0.01045
57	0.00842	0.00721	0.00721	0.00721	0.00962	0.00601	0.00541	0.01022	0.01623	0.01924	0.07213	0.06853	0.70244	0.01803	0.00842	0.00240	0.00361	0.01503	0.00661	0.00601
58	0.02126	0.02130	0.16006	0.02269	0.16110	0.04499	0.05664	0.15394	0.12630	0.13161	0.01861	0.01931	0.01348	0.00776	0.00711	0.00221	0.00833	0.00659	0.00551	0.01119
59	0.01531	0.01681	0.09950	0.02651	0.32099	0.03984	0.01637	0.02143	0.09508	0.02490	0.19121	0.02919	0.05369	0.00935	0.00741	0.00220	0.00705	0.00835	0.00511	0.00972
60	0.01039	0.00759	0.00820	0.00784	0.01039	0.00643	0.00595	0.01245	0.01703	0.07224	0.14658	0.06331	0.57259	0.01691	0.00832	0.00237	0.00376	0.01417	0.00693	0.00656
61	0.01531	0.03025	0.48908	0.04626	0.03098	0.01669	0.14076	0.04903	0.04262	0.02376	0.01424	0.01686	0.01030	0.00688	0.00704	0.00227	0.01020	0.00606	0.03118	0.01022
62	0.43504	0.02329	0.01505	0.01360	0.01766	0.34877	0.01057	0.02447	0.01592	0.02510	0.01043	0.01217	0.00840	0.00695	0.00536	0.00203	0.00897	0.00420	0.00406	0.00797
63	0.00895	0.00645	0.00848	0.00962	0.01036	0.00598	0.00659	0.01064	0.01505	0.02031	0.17389	0.57989	0.07621	0.02058	0.00892	0.00274	0.00396	0.01856	0.00686	0.00598
64	0.02171	0.15003	0.22117	0.01779	0.02491	0.06873	0.08868	0.16033	0.02015	0.13642	0.01569	0.01662	0.01126	0.00730	0.00668	0.00208	0.00908	0.00585	0.00491	0.01061
65	0.02111	0.02116	0.02075	0.01864	0.05120	0.22758	0.05040	0.05255	0.21273	0.06693	0.01746	0.01884	0.01368	0.00912	0.01048	0.00235	0.16391	0.00646	0.00503	0.00963
66	0.01294	0.01151	0.01016	0.01069	0.01185	0.13886	0.00738	0.01445	0.01462	0.01878	0.02931	0.40582	0.03278	0.11217	0.01149	0.00303	0.00598	0.01392	0.12808	0.00618
67	0.01762	0.01521	0.02174	0.05564	0.33265	0.01622	0.01615	0.02782	0.27936	0.05788	0.02126	0.04852	0.01710	0.00982	0.02924	0.00256	0.00745	0.00760	0.00533	0.01083
68	0.01934	0.02844	0.22802	0.06768	0.17554	0.25717	0.05647	0.02399	0.01697	0.02054	0.01228	0.01533	0.00970	0.00703	0.00734	0.00212	0.03349	0.00553	0.00339	0.00962
69	0.00868	0.00620	0.00826	0.00991	0.01033	0.00578	0.00661	0.00991	0.01363	0.01818	0.03925	0.74510	0.04710	0.02231	0.00909	0.00289	0.00413	0.02024	0.00661	0.00578
70	0.01449	0.01882	0.18517	0.29564	0.11751	0.01552	0.01900	0.02224	0.11965	0.02267	0.08315	0.02241	0.01717	0.00806	0.00717	0.00231	0.00841	0.00699	0.00426	0.00935
71	0.01003	0.00708	0.00894	0.01018	0.01108	0.00696	0.00716	0.01307	0.06617	0.02012	0.03677	0.57085	0.04186	0.01976	0.00860	0.00276	0.00434	0.06417	0.08375	0.00635
72	0.00868	0.00620	0.00826	0.00991	0.01033	0.00578	0.00661	0.00991	0.01363	0.01818	0.03925	0.74510	0.04710	0.02231	0.00909	0.00289	0.00413	0.02024	0.00661	0.00578
73	0.01428	0.03683	0.71286	0.02030	0.03082	0.01654	0.02631	0.02255	0.01503	0.02255	0.01278	0.01503	0.00902	0.00677	0.00677	0.00226	0.01052	0.00526	0.00301	0.01052
74	0.00880	0.00630	0.00838	0.00983	0.01036	0.00587	0.00662	0.01024	0.01423	0.01912	0.09944	0.68222	0.04892	0.02160	0.00903	0.00283	0.00406	0.01957	0.00672	0.00587
75	0.72439	0.01361	0.01106	0.00969	0.01420	0.01543	0.00798	0.02229	0.01293	0.09877	0.01171	0.01282	0.00869	0.00683	0.00468	0.00220	0.00556	0.00418	0.00484	0.00815
76	0.05574	0.01725	0.01923	0.01519	0.02009	0.01903	0.01248	0.48727	0.02788	0.10550	0.01790	0.01890	0.01311	0.01425	0.09722	0.00334	0.03137	0.00653	0.00664	0.01108
77	0.02660	0.03394	0.02018	0.01834	0.02201	0.72116	0.01376	0.02843	0.02018	0.01743	0.01101	0.01284	0.00917	0.00734	0.00642	0.00183	0.01284	0.00459	0.00367	0.00825
78	0.01563	0.12226	0.02615	0.40270	0.25868	0.01798	0.01935	0.01984	0.01492	0.01964	0.01249	0.01744	0.01002	0.00672	0.00672	0.00216	0.00888	0.00597	0.00326	0.00919
79	0.00854	0.00722	0.00739	0.00734	0.00969	0.00606	0.00551	0.01046	0.01652	0.01994	0.11936	0.06738	0.65478	0.01777	0.00841	0.00239	0.00359	0.01487	0.00670	0.00606
80	0.01436	0.01323	0.02165	0.66599	0.07329	0.01621	0.01951	0.05504	0.01538	0.01987	0.01293	0.01883	0.00971	0.00717	0.00712	0.00235	0.00936	0.00633	0.00340	0.00827
81	0.01736	0.14419	0.08485	0.03838	0.16166	0.11699	0.01459	0.02180	0.06450	0.04785	0.05686	0.06693	0.08653	0.00964	0.00751	0.00214	0.03673	0.00776	0.00458	0.00912
82	0.00932	0.00732	0.00886	0.00868	0.01061	0.00686	0.00658	0.01178	0.01643	0.02159	0.25921	0.05488	0.35335	0.02462	0.16325	0.00432	0.00689	0.01274	0.00639	0.00631
83	0.21695	0.02510	0.35383	0.03901	0.02502	0.01602	0.05755	0.02358	0.08146	0.04815	0.03954	0.01735	0.01248	0.00733	0.00639	0.00227	0.00840	0.00574	0.00419	0.00965
84	0.36552	0.10762	0.08911	0.01388	0.01886	0.25854	0.01220	0.02371	0.01544	0.02428	0.01058	0.01234	0.00851	0.00682	0.00536	0.00200	0.00877	0.00424	0.00385	0.00835
85	0.00873	0.00711	0.00772	0.00781	0.00987	0.00611	0.00576	0.01073	0.01661	0.02070	0.17524	0.14086	0.52213	0.01792	0.00849	0.00243	0.00362	0.01524	0.00682	0.00611
86	0.08150	0.12073	0.40171	0.01935	0.08489	0.01744	0.02024	0.04544	0.01610	0.10816	0.01426	0.01572	0.01029	0.00694	0.00638	0.00214	0.00893	0.00533	0.00402	0.01043
87	0.02012	0.01909	0.01994	0.04501	0.02110	0.16071	0.03783	0.14666	0.11228	0.04694	0.01674	0.05275	0.01414	0.01247	0.05090	0.00294	0.19915	0.00704	0.00496	0.00921
88	0.00868	0.00620	0.00826	0.00991	0.01033	0.00578	0.00661	0.00991	0.01363	0.01818	0.03925	0.74510	0.04710	0.02231	0.00909	0.00289	0.00413	0.02024	0.00661	0.00578
89	0.01740	0.01470	0.01887	0.07270	0.14073	0.01610	0.03959	0.10491	0.30763	0.02827	0.02533	0.02579	0.06192	0.00903	0.00709	0.00225	0.00657	0.00776	0.08312	0.01025
90	0.05737	0.10397	0.13570	0.02266	0.16226	0.20862	0.04309	0.06201	0.09496	0.02321	0.01413	0.01601	0.01117	0.00715	0.00652	0.00205	0.00953	0.00558	0.00410	0.00992
91	0.00868	0.00620	0.00826	0.00991	0.01033	0.00578	0.00661	0.00991	0.01363	0.01818	0.03925	0.74510	0.04710	0.02231	0.00909	0.00289	0.00413	0.02024	0.00661	0.00578
92	0.01730	0.02750	0.32752	0.02333	0.16037	0.10588	0.02034	0.02672	0.17386	0.02373	0.01645	0.01796	0.01245	0.00743	0.00689	0.00221	0.00927	0.00604	0.00418	0.01056
93	0.01832	0.05753	0.46997	0.01946	0.02841	0.01636	0.08681	0.05593	0.01697	0.14004	0.01563	0.01697	0.01081	0.00710	0.00693	0.00223	0.00967	0.00589	0.00425	0.01073
94	0.00868	0.00620	0.00826	0.00991	0.01033	0.00578	0.00661	0.00991	0.01363	0.01818	0.03925	0.74510	0.04710	0.02231	0.00909	0.00289	0.00413	0.02024	0.00661	0.00578
95	0.01237	0.00618	0.00928	0.00928	0.00928	0.00618	0.00618	0.00928	0.00928	0.01237	0.01237	0.02165	0.01237	0.02474	0.02783	0.79283	0.00618	0.00618	0.00309	0.00309
96	0.00883	0.00631	0.00844	0.01009	0.01057	0.00592	0.00688	0.01018	0.01379	0.01835	0.03916	0.70832	0.04676	0.02216	0.00913	0.00291	0.00427	0.05549	0.00661	0.00583
97	0.80005	0.01377	0.01047	0.00936	0.01377	0.01597	0.00771	0.02093	0.01212	0.03195	0.00991	0.01157	0.00771	0.00661	0.00441	0.00220	0.00551	0.00386	0.00441	0.00771
98	0.01680	0.01607	0.02741	0.18039	0.57512	0.01670	0.02144	0.02113	0.01582	0.02226	0.01325	0.01789	0.01092	0.00650	0.00706	0.00217	0.00866	0.00634	0.00345	0.01061
99	0.02660	0.03394	0.02018	0.01834	0.02201	0.72116	0.01376	0.02843	0.02018	0.01743	0.01101	0.01284	0.00917	0.00734	0.00642	0.00183	0.01284	0.00459	0.00367	0.00825
100	0.01739	0.01668	0.02849	0.08182	0.66902	0.01686	0.02174	0.02165	0.01610	0.02298	0.01335	0.01770	0.01118	0.00639	0.00705	0.00213	0.00852	0.00634	0.00350	0.01109
101	0.00849	0.00690	0.00753	0.00804	0.00983	0.00594	0.00578	0.01013	0.01544	0.01891	0.06211	0.27477	0.50267	0.01934	0.00862	0.00255	0.00377	0.01662	0.00661	0.00594
102	0.01718	0.01866	0.12499	0.01540	0.02044	0.01753	0.01362	0.03545	0.58660	0.02866	0.02645	0.02476	0.01975	0.00921	0.00717	0.00239	0.00640	0.00761	0.00658	0.01115
103	0.01791	0.02149	0.16105	0.12306	0.12079	0.06730	0.04951	0.09791	0.18330	0.02564	0.01708	0.01907	0.01296	0.00794	0.00785	0.00230	0.04337	0.00652	0.00467	0.01028
104	0.01063	0.00756	0.01033	0.01186	0.01305	0.00744	0.00964	0.01312	0.01521	0.01992	0.03705	0.26037	0.04160	0.07179	0.01149	0.00343	0.00592	0.43701	0.00641	0.00619
105	0.05232	0.13775	0.20840	0.04590	0.10770	0.07203	0.04839	0.07060	0.01713	0.05053	0.04831	0.07822	0.01591	0.00851	0.00673	0.00214	0.00855	0.00702	0.00429	0.00956

[dist]
# distance from previous block
# <min> <max>
0	1

[block]
# block no. 4 follows, 29 sequences, length 24
# corresponding to MSA columns:
# 358-381
name=unknown_E
#
# <colnr> <probs for GDERKNQSTAVLIFYWHMCP>
#	G	D	E	R	K	N	Q	S	T	A	V	L	I	F	Y	W	H	M	C	P
0	0.00882	0.00663	0.00805	0.00894	0.01002	0.00599	0.00616	0.01036	0.01482	0.01923	0.11004	0.45011	0.23563	0.05800	0.01024	0.00290	0.00405	0.01755	0.00661	0.00586
1	0.01477	0.01266	0.01477	0.01055	0.01687	0.00949	0.00844	0.01793	0.01477	0.02320	0.01266	0.01477	0.01055	0.00527	0.00527	0.00105	0.00527	0.00422	0.00422	0.79328
2	0.01714	0.04813	0.13559	0.05601	0.05911	0.08314	0.01442	0.11294	0.01748	0.02384	0.01576	0.08850	0.01430	0.03144	0.00876	0.00215	0.06267	0.00688	0.00439	0.19737
3	0.00916	0.00644	0.00832	0.00949	0.00985	0.00622	0.00619	0.01017	0.01273	0.01704	0.03413	0.53929	0.04044	0.19755	0.05448	0.00432	0.00561	0.01720	0.00591	0.00546
4	0.01396	0.05250	0.01768	0.01258	0.01776	0.01071	0.08368	0.01716	0.01536	0.02268	0.08459	0.11517	0.02094	0.00857	0.00640	0.00159	0.00582	0.00764	0.00476	0.48046
5	0.02144	0.04693	0.02543	0.02659	0.22991	0.28426	0.08587	0.08575	0.01898	0.02233	0.01355	0.04181	0.01163	0.00777	0.00780	0.00210	0.04794	0.00631	0.00400	0.00959
6	0.00863	0.00637	0.00809	0.00946	0.01021	0.00582	0.00641	0.00997	0.01407	0.01835	0.04474	0.63208	0.15658	0.02159	0.00898	0.00281	0.00404	0.01937	0.00661	0.00582
7	0.04540	0.01953	0.11634	0.13207	0.25770	0.05484	0.12914	0.02315	0.06021	0.04791	0.03519	0.01915	0.01298	0.00707	0.00718	0.00223	0.00918	0.00669	0.00402	0.01001
8	0.01461	0.01369	0.02260	0.26892	0.23578	0.01452	0.07904	0.04743	0.01656	0.02204	0.05883	0.02856	0.12902	0.00905	0.00750	0.00229	0.00804	0.00832	0.00431	0.00889
9	0.01030	0.00673	0.00839	0.00914	0.01030	0.00622	0.00641	0.01222	0.01521	0.04596	0.12801	0.45438	0.11848	0.01842	0.00830	0.00256	0.00393	0.01637	0.11240	0.00628
10	0.02753	0.01921	0.02091	0.01603	0.02172	0.02099	0.01325	0.62080	0.03225	0.10740	0.01813	0.01777	0.01263	0.00857	0.00713	0.00214	0.00767	0.00648	0.00728	0.01211
11	0.00862	0.00641	0.00805	0.00936	0.01018	0.00583	0.00636	0.00998	0.01417	0.01840	0.04605	0.60509	0.18272	0.02142	0.00895	0.00279	0.00402	0.01916	0.00661	0.00583
12	0.01681	0.01921	0.04202	0.03001	0.03721	0.01801	0.67947	0.02281	0.01681	0.02281	0.01441	0.01921	0.01080	0.00600	0.00840	0.00240	0.01200	0.00840	0.00360	0.00960
13	0.02494	0.02142	0.02126	0.01711	0.02147	0.13467	0.01394	0.45764	0.02730	0.03550	0.01473	0.01614	0.01114	0.00905	0.00991	0.00226	0.13886	0.00608	0.00585	0.01072
14	0.02660	0.03394	0.02018	0.01834	0.02201	0.72116	0.01376	0.02843	0.02018	0.01743	0.01101	0.01284	0.00917	0.00734	0.00642	0.00183	0.01284	0.00459	0.00367	0.00825
15	0.01345	0.01266	0.02136	0.73264	0.04904	0.01582	0.01978	0.01819	0.01424	0.01819	0.01266	0.01898	0.00949	0.00712	0.00712	0.00237	0.00949	0.00633	0.00316	0.00791
16	0.00872	0.00668	0.00801	0.00883	0.01010	0.00596	0.00618	0.01039	0.01525	0.01963	0.11948	0.42639	0.28887	0.01995	0.00877	0.00265	0.00386	0.01758	0.00674	0.00596
17	0.05371	0.01918	0.17033	0.10419	0.05087	0.01616	0.01560	0.05714	0.29247	0.05917	0.07022	0.02345	0.01906	0.00871	0.00706	0.00232	0.00724	0.00720	0.00565	0.01027
18	0.01934	0.05930	0.36354	0.03885	0.02652	0.15760	0.01989	0.09312	0.03879	0.06007	0.01390	0.01565	0.01026	0.00753	0.00752	0.00218	0.04638	0.00545	0.00402	0.01008
19	0.01215	0.00624	0.00916	0.00916	0.00930	0.00617	0.00614	0.00933	0.00966	0.01275	0.01566	0.02423	0.05041	0.02437	0.02676	0.74926	0.00604	0.00667	0.00329	0.00325
20	0.02261	0.32639	0.05358	0.01444	0.01990	0.14608	0.01290	0.20205	0.02094	0.05587	0.01370	0.01475	0.01082	0.00725	0.00581	0.00181	0.00840	0.00501	0.04785	0.00984
21	0.05590	0.07514	0.15963	0.01335	0.01801	0.04155	0.01282	0.01979	0.04241	0.08034	0.15092	0.06094	0.09826	0.01082	0.00856	0.00222	0.07508	0.00849	0.00531	0.06048
22	0.04762	0.04962	0.11584	0.03950	0.09171	0.15597	0.01418	0.13769	0.05443	0.02681	0.03498	0.01900	0.01388	0.00779	0.00635	0.00200	0.00811	0.00599	0.15917	0.00936
23	0.01284	0.00851	0.01009	0.00975	0.01143	0.00824	0.00688	0.08232	0.01646	0.07258	0.10517	0.26874	0.13775	0.19823	0.01528	0.00361	0.00519	0.01383	0.00639	0.00668

[dist]
# distance from previous block
# <min> <max>
0	1

[block]
# block no. 5 follows, 29 sequences, length 19
# corresponding to MSA columns:
# 383-401
name=unknown_F
#
# <colnr> <probs for GDERKNQSTAVLIFYWHMCP>
#	G	D	E	R	K	N	Q	S	T	A	V	L	I	F	Y	W	H	M	C	P
0	0.03811	0.05542	0.18211	0.02604	0.23502	0.09820	0.04922	0.08157	0.07231	0.04482	0.01465	0.01694	0.01135	0.00730	0.00745	0.00217	0.03669	0.00598	0.00418	0.01047
1	0.02483	0.06015	0.02160	0.03953	0.06396	0.48305	0.01434	0.09559	0.02030	0.04414	0.01226	0.01427	0.00992	0.00774	0.00764	0.00198	0.06052	0.00510	0.00412	0.00897
2	0.01113	0.00678	0.00747	0.00764	0.00924	0.00640	0.00560	0.01385	0.01582	0.02421	0.14568	0.15227	0.15620	0.01332	0.00682	0.00209	0.00351	0.01135	0.39422	0.00640
3	0.01527	0.01368	0.01795	0.01469	0.05393	0.03560	0.08429	0.04129	0.01579	0.02330	0.01627	0.09511	0.01488	0.00756	0.00622	0.00155	0.00635	0.00672	0.03416	0.49538
4	0.02433	0.02419	0.02328	0.05970	0.13195	0.32112	0.07209	0.13253	0.02112	0.10032	0.01464	0.01642	0.01108	0.00741	0.00692	0.00205	0.01034	0.00586	0.00474	0.00988
5	0.00885	0.00655	0.00827	0.00928	0.01025	0.00597	0.00641	0.01052	0.01513	0.02000	0.14945	0.51504	0.16755	0.02032	0.00886	0.00270	0.00392	0.01815	0.00680	0.00597
6	0.01629	0.02138	0.20297	0.14032	0.05412	0.06015	0.08436	0.07078	0.09436	0.02445	0.07104	0.02126	0.01625	0.00820	0.00786	0.00227	0.04220	0.00689	0.04541	0.00944
7	0.01428	0.03683	0.71286	0.02030	0.03082	0.01654	0.02631	0.02255	0.01503	0.02255	0.01278	0.01503	0.00902	0.00677	0.00677	0.00226	0.01052	0.00526	0.00301	0.01052
8	0.00889	0.00629	0.00820	0.00965	0.01001	0.00592	0.00632	0.00997	0.01322	0.01763	0.03714	0.65745	0.04443	0.11360	0.01250	0.00340	0.00448	0.01900	0.00632	0.00560
9	0.01017	0.00763	0.01144	0.01144	0.01272	0.00890	0.00890	0.01272	0.01144	0.01653	0.01907	0.02797	0.01780	0.05340	0.72153	0.01144	0.01907	0.00763	0.00381	0.00636
10	0.00879	0.00628	0.00836	0.00984	0.01035	0.00586	0.00662	0.01020	0.01416	0.01902	0.09276	0.68920	0.04872	0.02168	0.00903	0.00284	0.00407	0.01965	0.00671	0.00586
11	0.11923	0.01921	0.02007	0.01555	0.02109	0.02135	0.01284	0.60282	0.03093	0.04334	0.01624	0.01644	0.01159	0.00832	0.00680	0.00214	0.00756	0.00611	0.00680	0.01159
12	0.01656	0.09127	0.01930	0.01524	0.01697	0.16255	0.01231	0.01846	0.01342	0.01717	0.01324	0.01956	0.01249	0.05891	0.18488	0.00483	0.27829	0.00621	0.03090	0.00746
13	0.02660	0.03394	0.02018	0.01834	0.02201	0.72116	0.01376	0.02843	0.02018	0.01743	0.01101	0.01284	0.00917	0.00734	0.00642	0.00183	0.01284	0.00459	0.00367	0.00825
14	0.01841	0.02013	0.02836	0.17197	0.25131	0.16501	0.17243	0.02256	0.01660	0.02070	0.01284	0.01719	0.01030	0.00684	0.00782	0.00221	0.03591	0.00645	0.00349	0.00946
15	0.00865	0.00631	0.00814	0.00961	0.01025	0.00581	0.00647	0.00995	0.01393	0.01830	0.04295	0.66895	0.12086	0.02183	0.00901	0.00284	0.00407	0.01966	0.00661	0.00581
16	0.01836	0.05524	0.04125	0.01360	0.01856	0.05993	0.01131	0.16426	0.15901	0.02777	0.02257	0.02289	0.08278	0.00876	0.00741	0.00192	0.04417	0.00671	0.00551	0.22799
17	0.14582	0.10473	0.14324	0.01489	0.02099	0.01970	0.01415	0.29740	0.08040	0.03316	0.01791	0.01837	0.04304	0.00817	0.00640	0.00213	0.00753	0.00604	0.00548	0.01043
18	0.01289	0.01113	0.04188	0.00980	0.01433	0.00826	0.00806	0.01559	0.01556	0.06134	0.03784	0.09434	0.27129	0.01167	0.00693	0.00182	0.00484	0.00975	0.00552	0.35717

[dist]
# distance from previous block
# <min> <max>
0	1

[block]
# block no. 6 follows, 29 sequences, length 7
# corresponding to MSA columns:
# 403-409
name=unknown_G
#
# <colnr> <probs for GDERKNQSTAVLIFYWHMCP>
#	G	D	E	R	K	N	Q	S	T	A	V	L	I	F	Y	W	H	M	C	P
0	0.01505	0.01428	0.01644	0.10063	0.09712	0.08106	0.01134	0.01822	0.01584	0.02177	0.05234	0.02423	0.10376	0.00792	0.00636	0.00164	0.00658	0.00656	0.00444	0.39439
1	0.16292	0.19839	0.12564	0.01441	0.02001	0.01931	0.04304	0.12382	0.04830	0.04892	0.08256	0.01869	0.01607	0.00805	0.00688	0.00210	0.04067	0.00596	0.00480	0.00945
2	0.07905	0.04116	0.10973	0.01342	0.01682	0.07713	0.04653	0.01745	0.01371	0.05764	0.01922	0.11000	0.01866	0.12330	0.18530	0.04012	0.01067	0.00841	0.00435	0.00731
3	0.00905	0.00698	0.00769	0.00792	0.00936	0.00624	0.00544	0.01044	0.01467	0.01844	0.10193	0.17368	0.38241	0.19605	0.01528	0.00356	0.00447	0.01459	0.00615	0.00562
4	0.10589	0.06723	0.02150	0.13008	0.16072	0.14605	0.01497	0.13337	0.07077	0.02584	0.01524	0.04987	0.01268	0.00801	0.00661	0.00214	0.00852	0.00636	0.00459	0.00957
5	0.05276	0.01969	0.10087	0.08613	0.15610	0.10737	0.06487	0.08563	0.01747	0.04535	0.01557	0.06948	0.01336	0.00967	0.03132	0.00245	0.02876	0.00691	0.00430	0.08191
6	0.00961	0.00680	0.00892	0.01006	0.01079	0.00650	0.00716	0.01128	0.01442	0.01933	0.11542	0.43644	0.04519	0.13031	0.01323	0.00349	0.00490	0.13395	0.00640	0.00582

[dist]
# distance from previous block
# <min> <max>
0	13

[block]
# block no. 7 follows, 29 sequences, length 46
# corresponding to MSA columns:
# 423-468
name=unknown_H
#
# <colnr> <probs for GDERKNQSTAVLIFYWHMCP>
#	G	D	E	R	K	N	Q	S	T	A	V	L	I	F	Y	W	H	M	C	P
0	0.01725	0.01782	0.09511	0.05646	0.25659	0.04204	0.03640	0.06070	0.07657	0.04805	0.05892	0.04067	0.01643	0.00774	0.00691	0.00202	0.00766	0.00685	0.00465	0.14116
1	0.01776	0.05285	0.11221	0.02492	0.21634	0.14737	0.06711	0.02159	0.01571	0.02097	0.01358	0.01745	0.01128	0.00999	0.04614	0.00265	0.10317	0.00601	0.08368	0.00922
2	0.00882	0.00630	0.00842	0.01008	0.01055	0.00591	0.00686	0.01016	0.01377	0.01834	0.03917	0.71148	0.04679	0.02218	0.00913	0.00291	0.00425	0.05247	0.00661	0.00582
3	0.01767	0.01627	0.02294	0.02877	0.34473	0.05244	0.04195	0.02579	0.19768	0.04639	0.05878	0.05013	0.01871	0.00868	0.00791	0.00227	0.03564	0.00773	0.00505	0.01047
4	0.00967	0.00756	0.00879	0.00843	0.01051	0.00684	0.00634	0.01301	0.04444	0.02465	0.40846	0.05867	0.33505	0.01584	0.00836	0.00232	0.00355	0.01360	0.00730	0.00659
5	0.00890	0.00629	0.00820	0.00963	0.00999	0.00593	0.00630	0.00997	0.01319	0.01759	0.03700	0.65160	0.04426	0.11969	0.01272	0.00343	0.00450	0.01892	0.00630	0.00559
6	0.01904	0.75404	0.03731	0.01218	0.01828	0.02818	0.01218	0.02132	0.01447	0.01675	0.00990	0.01142	0.00914	0.00609	0.00457	0.00152	0.00761	0.00381	0.00305	0.00914
7	0.00873	0.00627	0.00820	0.00972	0.01020	0.00584	0.00647	0.00994	0.01363	0.01806	0.04008	0.68920	0.07533	0.04914	0.01007	0.00302	0.00421	0.01964	0.00652	0.00574
8	0.34816	0.01413	0.01419	0.01159	0.01631	0.01515	0.00951	0.18170	0.01954	0.20215	0.01743	0.01749	0.01225	0.00778	0.00579	0.00213	0.00598	0.00556	0.08340	0.00975
9	0.18999	0.01426	0.01328	0.01168	0.01513	0.10763	0.00924	0.08894	0.01735	0.12960	0.04808	0.02156	0.01610	0.01626	0.13403	0.00371	0.00878	0.00626	0.13971	0.00843
10	0.02660	0.03394	0.02018	0.01834	0.02201	0.72116	0.01376	0.02843	0.02018	0.01743	0.01101	0.01284	0.00917	0.00734	0.00642	0.00183	0.01284	0.00459	0.00367	0.00825
11	0.01810	0.01876	0.17308	0.22872	0.15361	0.01482	0.06425	0.02315	0.01644	0.15775	0.04954	0.02060	0.01422	0.00752	0.00719	0.00226	0.00873	0.00672	0.00457	0.00997
12	0.00882	0.00723	0.00778	0.00764	0.00987	0.00618	0.00573	0.01101	0.01719	0.02152	0.22652	0.06477	0.54663	0.01718	0.00841	0.00236	0.00355	0.01450	0.00691	0.00618
13	0.07744	0.22042	0.13454	0.03957	0.02455	0.04313	0.09889	0.22931	0.02082	0.02842	0.01330	0.01504	0.01017	0.00706	0.00632	0.00203	0.00875	0.00554	0.00451	0.01018
14	0.02113	0.24191	0.05789	0.05823	0.14205	0.22771	0.04920	0.08306	0.01830	0.02125	0.01197	0.01437	0.00989	0.00680	0.00619	0.00189	0.00976	0.00514	0.00371	0.00954
15	0.00898	0.00701	0.00819	0.00873	0.01039	0.00623	0.00644	0.01096	0.01604	0.02040	0.14760	0.26236	0.36999	0.01892	0.00873	0.00259	0.00397	0.06962	0.00678	0.00609
16	0.04031	0.08763	0.30643	0.09787	0.04571	0.05229	0.04397	0.01974	0.01474	0.02067	0.03520	0.10025	0.01580	0.03664	0.00896	0.00248	0.05124	0.00749	0.00375	0.00885
17	0.01974	0.01361	0.06890	0.01298	0.01736	0.03172	0.04416	0.02333	0.05813	0.26439	0.03164	0.06747	0.14618	0.01227	0.00975	0.07360	0.02882	0.00890	0.00633	0.06073
18	0.04137	0.00773	0.00875	0.00880	0.01073	0.00736	0.00647	0.01470	0.05081	0.05336	0.14748	0.23253	0.21309	0.01560	0.00771	0.00236	0.00394	0.01344	0.14697	0.00678
19	0.02553	0.02054	0.17867	0.01563	0.02239	0.01584	0.01510	0.25457	0.02345	0.29546	0.02017	0.01928	0.01346	0.00811	0.00698	0.00215	0.00767	0.00635	0.00671	0.04192
20	0.01836	0.09029	0.21658	0.02072	0.07305	0.06633	0.13970	0.13974	0.01906	0.02570	0.01577	0.01789	0.03670	0.00718	0.00685	0.00205	0.00931	0.00622	0.00419	0.08430
21	0.01279	0.01236	0.01102	0.01145	0.01313	0.14029	0.00816	0.01594	0.07655	0.01926	0.03852	0.43128	0.14665	0.01767	0.00831	0.00257	0.00580	0.01536	0.00612	0.00678
22	0.01816	0.08005	0.11697	0.02014	0.14303	0.07426	0.01526	0.12958	0.04438	0.02513	0.01601	0.08168	0.01415	0.00858	0.00764	0.00203	0.05156	0.00682	0.00453	0.14002
23	0.04251	0.02185	0.17292	0.01905	0.04599	0.04500	0.10852	0.19240	0.11157	0.06404	0.01729	0.01868	0.01274	0.00799	0.00787	0.00226	0.04665	0.00655	0.04562	0.01049
24	0.00863	0.00637	0.00809	0.00947	0.01021	0.00582	0.00641	0.00997	0.01406	0.01835	0.04469	0.63311	0.15557	0.02160	0.00898	0.00281	0.00404	0.01938	0.00661	0.00582
25	0.01509	0.03111	0.50586	0.02412	0.09244	0.01702	0.14415	0.02235	0.01532	0.02248	0.01301	0.01604	0.00956	0.00678	0.00765	0.00230	0.03526	0.00596	0.00317	0.01033
26	0.01577	0.26066	0.50204	0.01776	0.02690	0.02017	0.02190	0.02217	0.01486	0.02074	0.01188	0.01391	0.00906	0.00656	0.00608	0.00203	0.00962	0.00481	0.00302	0.01009
27	0.00868	0.00620	0.00826	0.00991	0.01033	0.00578	0.00661	0.00991	0.01363	0.01818	0.03925	0.74510	0.04710	0.02231	0.00909	0.00289	0.00413	0.02024	0.00661	0.00578
28	0.01237	0.00618	0.00928	0.00928	0.00928	0.00618	0.00618	0.00928	0.00928	0.01237	0.01237	0.02165	0.01237	0.02474	0.02783	0.79283	0.00618	0.00618	0.00309	0.00309
29	0.00898	0.00662	0.00848	0.00985	0.01075	0.00612	0.00701	0.01057	0.01442	0.01875	0.04471	0.54646	0.15909	0.02125	0.00907	0.00286	0.00434	0.09817	0.00660	0.00592
30	0.02660	0.03394	0.02018	0.01834	0.02201	0.72116	0.01376	0.02843	0.02018	0.01743	0.01101	0.01284	0.00917	0.00734	0.00642	0.00183	0.01284	0.00459	0.00367	0.00825
31	0.02102	0.56540	0.03282	0.01380	0.01926	0.20971	0.01260	0.02319	0.01596	0.01693	0.01019	0.01179	0.00915	0.00642	0.00505	0.00160	0.00898	0.00401	0.00321	0.00891
32	0.02660	0.03394	0.02018	0.01834	0.02201	0.72116	0.01376	0.02843	0.02018	0.01743	0.01101	0.01284	0.00917	0.00734	0.00642	0.00183	0.01284	0.00459	0.00367	0.00825
