[name]
unknown

[dist]
# distance from previous block
# <min> <max>
0	259

[block]
# block no. 0 follows, 31 sequences, length 13
# corresponding to MSA columns:
# 259-271
name=unknown_A
#
# <colnr> <probs for GDERKNQSTAVLIFYWHMCP>
#	G	D	E	R	K	N	Q	S	T	A	V	L	I	F	Y	W	H	M	C	P
0	0.01447	0.06064	0.04988	0.03290	0.07244	0.05295	0.11472	0.04753	0.01706	0.03917	0.15566	0.03268	0.14454	0.00990	0.00710	0.00200	0.00669	0.02429	0.00508	0.11030
1	0.22829	0.18862	0.13999	0.01240	0.01758	0.05984	0.01211	0.02105	0.01395	0.09237	0.01350	0.01559	0.01066	0.01229	0.09743	0.00306	0.00862	0.00487	0.03932	0.00843
2	0.00911	0.00690	0.00868	0.00927	0.01066	0.00608	0.00645	0.01070	0.01382	0.01867	0.07077	0.54980	0.11663	0.01854	0.00816	0.00247	0.00402	0.01659	0.00612	0.10656
3	0.01172	0.01002	0.05429	0.01139	0.01342	0.00892	0.00927	0.09853	0.01662	0.02248	0.11193	0.33770	0.03770	0.04975	0.04460	0.00320	0.00596	0.13955	0.00611	0.00682
4	0.01582	0.36906	0.40879	0.01593	0.02409	0.02101	0.01906	0.02113	0.01420	0.01911	0.01101	0.01285	0.00872	0.00620	0.00553	0.00184	0.00883	0.00442	0.00291	0.00950
5	0.01014	0.00653	0.00855	0.00875	0.00904	0.00672	0.00570	0.01011	0.01032	0.01401	0.02079	0.12592	0.02299	0.36001	0.16801	0.18569	0.00846	0.00973	0.00407	0.00445
6	0.00960	0.00731	0.00897	0.00986	0.01103	0.00718	0.00698	0.01335	0.10155	0.01969	0.07889	0.51558	0.11942	0.01889	0.00843	0.00265	0.00415	0.04365	0.00649	0.00633
7	0.02451	0.01827	0.01973	0.01503	0.02058	0.01968	0.01238	0.60823	0.02989	0.04048	0.01588	0.01614	0.01144	0.00781	0.00662	0.00192	0.00722	0.00589	0.00649	0.11180
8	0.01800	0.59754	0.14922	0.01325	0.01978	0.02486	0.01404	0.06158	0.01510	0.01866	0.01039	0.01188	0.00893	0.00610	0.00489	0.00162	0.00779	0.00404	0.00316	0.00917
9	0.01823	0.46339	0.02886	0.01312	0.01760	0.02349	0.01203	0.12248	0.01657	0.02121	0.06704	0.01570	0.01373	0.00789	0.00809	0.00187	0.13084	0.00513	0.00391	0.00881
10	0.02020	0.30008	0.11337	0.01442	0.02037	0.02211	0.01372	0.25632	0.12618	0.02807	0.01506	0.01553	0.01161	0.00728	0.00590	0.00189	0.00745	0.00532	0.00490	0.01025
11	0.01577	0.35877	0.29968	0.01489	0.02174	0.04908	0.01666	0.02021	0.01398	0.01826	0.01170	0.01432	0.00975	0.01169	0.09400	0.00291	0.00995	0.00468	0.00303	0.00894
12	0.01702	0.20746	0.39025	0.01682	0.02471	0.01850	0.04816	0.08748	0.01660	0.06512	0.03778	0.01580	0.01154	0.00686	0.00617	0.00199	0.00874	0.00532	0.00381	0.00986

[dist]
# distance from previous block
# <min> <max>
0	9

[block]
# block no. 1 follows, 31 sequences, length 16
# corresponding to MSA columns:
# 281-296
name=unknown_B
#
# <colnr> <probs for GDERKNQSTAVLIFYWHMCP>
#	G	D	E	R	K	N	Q	S	T	A	V	L	I	F	Y	W	H	M	C	P
0	0.01625	0.29301	0.42791	0.01645	0.02471	0.02025	0.01955	0.07058	0.01555	0.02126	0.01160	0.01336	0.00892	0.00640	0.00578	0.00191	0.00893	0.00464	0.00319	0.00975
1	0.03577	0.11353	0.35602	0.08711	0.06466	0.06763	0.04800	0.02248	0.04393	0.06090	0.01392	0.03204	0.01070	0.00700	0.00638	0.00208	0.00910	0.00563	0.00361	0.00951
2	0.01774	0.05855	0.11416	0.11869	0.06470	0.01433	0.01406	0.15080	0.01794	0.12656	0.01912	0.11101	0.01640	0.01513	0.10653	0.00339	0.00892	0.00778	0.00507	0.00913
3	0.01116	0.05399	0.10981	0.01357	0.01704	0.01030	0.12386	0.01430	0.01472	0.01975	0.11461	0.25611	0.12867	0.06863	0.00983	0.00269	0.00627	0.01249	0.00520	0.00699
4	0.01523	0.01378	0.01418	0.03136	0.07488	0.12110	0.01040	0.09190	0.08667	0.02259	0.09149	0.15230	0.07768	0.05439	0.00983	0.03267	0.00662	0.07977	0.00556	0.00762
5	0.01585	0.06537	0.35899	0.07039	0.28043	0.01633	0.02193	0.02162	0.01501	0.05239	0.01299	0.01578	0.00986	0.00642	0.00652	0.00208	0.00899	0.00550	0.00333	0.01022
6	0.01502	0.01430	0.02431	0.37641	0.39743	0.01575	0.02004	0.01932	0.01467	0.02003	0.01253	0.01756	0.01002	0.00645	0.00680	0.00215	0.00860	0.00609	0.00322	0.00929
7	0.00988	0.00647	0.00785	0.00839	0.00932	0.00641	0.00582	0.01160	0.01279	0.01858	0.03128	0.28241	0.09382	0.14613	0.12218	0.00434	0.00636	0.01235	0.19840	0.00562
8	0.07922	0.01570	0.04758	0.01389	0.01821	0.08028	0.03120	0.13788	0.10256	0.20606	0.02044	0.02297	0.01554	0.01572	0.12847	0.00364	0.00910	0.03599	0.00595	0.00958
9	0.10796	0.06450	0.27033	0.01623	0.02272	0.01557	0.08874	0.10775	0.03619	0.07148	0.08117	0.05457	0.01700	0.00822	0.00662	0.00215	0.00786	0.00686	0.00470	0.00938
10	0.01577	0.01546	0.01555	0.04032	0.10404	0.18977	0.03972	0.01812	0.01619	0.05714	0.03218	0.07741	0.19811	0.06708	0.00949	0.00256	0.00749	0.08120	0.00499	0.00740
11	0.01449	0.15756	0.60866	0.01819	0.02759	0.01776	0.02300	0.02147	0.01435	0.02073	0.01181	0.01386	0.00869	0.00639	0.00615	0.00205	0.00964	0.00482	0.00290	0.00989
12	0.02009	0.01535	0.10462	0.01269	0.01861	0.01154	0.01150	0.04258	0.04706	0.25444	0.01775	0.01784	0.01267	0.00698	0.00682	0.00171	0.04179	0.00543	0.00552	0.34502
13	0.01420	0.01003	0.01232	0.01059	0.01430	0.00851	0.00816	0.04959	0.01536	0.09124	0.02429	0.27154	0.02496	0.01214	0.00690	0.00193	0.00498	0.05859	0.00558	0.35478
14	0.00876	0.00669	0.00805	0.00828	0.00980	0.00597	0.00599	0.01091	0.01634	0.02160	0.30512	0.24948	0.28386	0.01719	0.00826	0.00238	0.00351	0.01503	0.00680	0.00597
15	0.01603	0.01620	0.05336	0.01645	0.02073	0.05484	0.13472	0.02896	0.41291	0.02531	0.05505	0.09286	0.02196	0.00974	0.00731	0.00232	0.00690	0.00879	0.00591	0.00965

[dist]
# distance from previous block
# <min> <max>
0	3

[block]
# block no. 2 follows, 31 sequences, length 7
# corresponding to MSA columns:
# 300-306
name=unknown_C
#
# <colnr> <probs for GDERKNQSTAVLIFYWHMCP>
#	G	D	E	R	K	N	Q	S	T	A	V	L	I	F	Y	W	H	M	C	P
0	0.05805	0.01565	0.01900	0.05542	0.09404	0.01702	0.03955	0.32847	0.12177	0.03328	0.09936	0.02365	0.04640	0.00891	0.00697	0.00214	0.00677	0.00737	0.00609	0.01009
1	0.00976	0.00655	0.00752	0.00771	0.00776	0.00650	0.00441	0.00990	0.01033	0.01377	0.02349	0.12988	0.02731	0.67113	0.03170	0.00617	0.00631	0.01109	0.00441	0.00431
2	0.01623	0.10337	0.01962	0.01451	0.07369	0.01369	0.04454	0.11178	0.01702	0.02444	0.04143	0.04543	0.01380	0.00672	0.00579	0.00147	0.00613	0.00561	0.00445	0.43026
3	0.01868	0.14737	0.05970	0.15101	0.20308	0.09043	0.04513	0.13606	0.04275	0.02356	0.01309	0.01584	0.01035	0.00676	0.00637	0.00198	0.00863	0.00561	0.00395	0.00965
4	0.01722	0.01358	0.01448	0.01272	0.01657	0.01498	0.00998	0.10824	0.45504	0.07028	0.03424	0.03189	0.14972	0.01062	0.00715	0.00227	0.00532	0.00876	0.00692	0.01002
5	0.00885	0.00653	0.00796	0.00843	0.00951	0.00599	0.00582	0.01052	0.01483	0.01968	0.21696	0.32205	0.19533	0.12123	0.01205	0.00305	0.00404	0.01519	0.00635	0.00564
6	0.01046	0.00848	0.00950	0.00918	0.01153	0.00825	0.00709	0.01605	0.14605	0.02314	0.24574	0.05490	0.34143	0.01497	0.00798	0.00233	0.00399	0.06516	0.00680	0.00696

[dist]
# distance from previous block
# <min> <max>
0	10

[block]
# block no. 3 follows, 31 sequences, length 34
# corresponding to MSA columns:
# 317-350
name=unknown_D
#
# <colnr> <probs for GDERKNQSTAVLIFYWHMCP>
#	G	D	E	R	K	N	Q	S	T	A	V	L	I	F	Y	W	H	M	C	P
0	0.00926	0.00690	0.00852	0.00858	0.01011	0.00631	0.00638	0.01167	0.01679	0.02258	0.37511	0.14363	0.21311	0.06285	0.00995	0.00263	0.00385	0.06896	0.00679	0.00602
1	0.01418	0.00932	0.01126	0.01036	0.01250	0.00934	0.00766	0.10648	0.06681	0.09430	0.24235	0.21527	0.03949	0.11514	0.01150	0.00291	0.00486	0.01209	0.00674	0.00744
2	0.70324	0.01582	0.01130	0.01015	0.01429	0.11122	0.00819	0.02107	0.01268	0.02883	0.00967	0.01128	0.00760	0.00644	0.00449	0.00207	0.00623	0.00380	0.00414	0.00748
3	0.00916	0.00680	0.00827	0.00881	0.00987	0.00641	0.00607	0.01147	0.04369	0.01962	0.18096	0.36608	0.15875	0.11741	0.01190	0.00307	0.00415	0.01536	0.00633	0.00582
4	0.01419	0.01216	0.01419	0.01013	0.01621	0.00912	0.00811	0.01723	0.01419	0.02229	0.01216	0.01419	0.01013	0.00507	0.00507	0.00101	0.00507	0.00405	0.00405	0.80139
5	0.01205	0.00986	0.01494	0.01910	0.22494	0.00950	0.03256	0.01502	0.01571	0.02240	0.17386	0.18653	0.10478	0.01244	0.00737	0.00219	0.00516	0.01123	0.11275	0.00760
6	0.01322	0.00781	0.01010	0.00906	0.01140	0.00702	0.00696	0.01619	0.01902	0.14878	0.52649	0.04771	0.12265	0.01336	0.00786	0.00216	0.00371	0.01162	0.00758	0.00730
7	0.39963	0.01716	0.11103	0.01332	0.04760	0.01567	0.01156	0.10446	0.08699	0.02948	0.01309	0.01431	0.00995	0.00675	0.00535	0.00201	0.00634	0.00475	0.00460	0.09595
8	0.02082	0.01685	0.09727	0.06506	0.12920	0.01449	0.06663	0.12940	0.01866	0.20749	0.01685	0.01797	0.01201	0.00716	0.00715	0.00199	0.03195	0.00604	0.00527	0.12774
9	0.01593	0.38681	0.39201	0.01574	0.02380	0.02128	0.01873	0.02110	0.01418	0.01898	0.01094	0.01277	0.00872	0.00619	0.00548	0.00183	0.00876	0.00438	0.00291	0.00947
10	0.01660	0.01591	0.02716	0.10094	0.66057	0.01617	0.02083	0.02070	0.01542	0.02194	0.01281	0.01704	0.01069	0.00616	0.00678	0.00205	0.00821	0.00609	0.00336	0.01056
11	0.01394	0.01001	0.01423	0.01304	0.01434	0.01207	0.01038	0.01597	0.01226	0.11066	0.01915	0.11493	0.01822	0.03010	0.33261	0.00639	0.23169	0.00840	0.00445	0.00719
12	0.04232	0.25744	0.27316	0.01526	0.02231	0.06405	0.01640	0.09604	0.01711	0.11583	0.01364	0.01453	0.01010	0.00678	0.00584	0.00190	0.00838	0.00490	0.00415	0.00985
13	0.01446	0.01373	0.02330	0.47383	0.30436	0.01561	0.01977	0.01883	0.01441	0.01935	0.01243	0.01774	0.00978	0.00655	0.00681	0.00218	0.00874	0.00609	0.00317	0.00884
14	0.00898	0.00633	0.00827	0.00957	0.01005	0.00606	0.00658	0.01022	0.01289	0.01712	0.03463	0.53760	0.04082	0.15288	0.01349	0.00352	0.00476	0.10489	0.00595	0.00540
15	0.01413	0.00976	0.03547	0.10592	0.04662	0.00910	0.01022	0.01755	0.04570	0.14523	0.14575	0.30052	0.03501	0.01425	0.00784	0.00243	0.00535	0.03517	0.00629	0.00768
16	0.01778	0.07847	0.25068	0.05178	0.16162	0.01425	0.01743	0.02237	0.01565	0.17324	0.01873	0.08734	0.01559	0.00871	0.00682	0.00218	0.00779	0.03512	0.00467	0.00980
17	0.01322	0.00777	0.00977	0.00882	0.01099	0.00701	0.00659	0.01567	0.01754	0.14805	0.39557	0.04764	0.15429	0.11327	0.01144	0.00277	0.00418	0.01140	0.00706	0.00696
18	0.00939	0.00688	0.00890	0.00956	0.01063	0.00660	0.00681	0.01239	0.05437	0.02169	0.27351	0.44291	0.05042	0.01805	0.00843	0.00255	0.00388	0.04004	0.00680	0.00620
19	0.01493	0.08304	0.02299	0.46187	0.18019	0.06115	0.01798	0.01895	0.01463	0.01864	0.03452	0.01799	0.01121	0.00684	0.00660	0.00212	0.00876	0.00596	0.00328	0.00836
20	0.01659	0.01601	0.02680	0.07916	0.45899	0.01646	0.10882	0.02364	0.13854	0.02311	0.01563	0.01875	0.01246	0.00667	0.00698	0.00214	0.00816	0.00665	0.00401	0.01042
21	0.01341	0.01155	0.01614	0.02059	0.24834	0.01156	0.01193	0.05975	0.09284	0.02350	0.12431	0.13444	0.17925	0.01222	0.00753	0.00224	0.00554	0.01079	0.00561	0.00846
22	0.00892	0.00666	0.00806	0.00882	0.00997	0.00614	0.00634	0.01050	0.01415	0.01819	0.08494	0.31588	0.24528	0.12062	0.01217	0.00318	0.00445	0.10403	0.00611	0.00558
23	0.05680	0.01999	0.01613	0.01505	0.04707	0.27621	0.01110	0.11198	0.12760	0.05231	0.05551	0.05017	0.11191	0.00976	0.00678	0.00206	0.00793	0.00755	0.00539	0.00868
24	0.01582	0.08211	0.14546	0.12949	0.33040	0.01715	0.14046	0.02075	0.01509	0.02097	0.01256	0.01647	0.00999	0.00619	0.00677	0.00209	0.00913	0.00607	0.00323	0.00981
25	0.01794	0.16469	0.27590	0.01597	0.02212	0.04510	0.01676	0.02457	0.11184	0.11432	0.01540	0.01652	0.01156	0.00780	0.00839	0.00215	0.10947	0.00551	0.00425	0.00972
26	0.00869	0.00610	0.00783	0.00907	0.00938	0.00580	0.00586	0.00962	0.01240	0.01653	0.03412	0.59735	0.04072	0.18536	0.01453	0.00363	0.00456	0.01734	0.00586	0.00524
27	0.05400	0.04681	0.16066	0.04269	0.12221	0.08169	0.01513	0.08381	0.03983	0.18935	0.01796	0.05203	0.01366	0.00794	0.00651	0.00207	0.00771	0.00642	0.03961	0.00991
28	0.12388	0.01293	0.01918	0.08508	0.30091	0.01312	0.01467	0.02145	0.01551	0.16218	0.01947	0.08309	0.01702	0.00916	0.00688	0.00225	0.00686	0.07195	0.00501	0.00940
29	0.01557	0.01464	0.02404	0.08760	0.47779	0.01567	0.01869	0.01920	0.01478	0.02094	0.01546	0.02493	0.01432	0.00867	0.00924	0.00233	0.10680	0.09610	0.00370	0.00953
30	0.34908	0.05997	0.01493	0.14115	0.02002	0.01370	0.05223	0.01740	0.01401	0.02474	0.11260	0.02569	0.11253	0.00890	0.00599	0.00215	0.00597	0.00703	0.00462	0.00729
31	0.08450	0.01021	0.01201	0.01043	0.01362	0.01013	0.00820	0.11180	0.01831	0.20572	0.12077	0.11635	0.08490	0.01428	0.05830	0.00278	0.00583	0.00938	0.09409	0.00838
32	0.01568	0.15296	0.37911	0.10345	0.02747	0.06859	0.01945	0.02333	0.10692	0.02081	0.01376	0.01564	0.01038	0.00684	0.00622	0.00205	0.00905	0.00525	0.00350	0.00953
33	0.01565	0.07491	0.01507	0.01165	0.01504	0.01374	0.00936	0.17539	0.13978	0.04547	0.03240	0.07767	0.18317	0.01890	0.13662	0.00376	0.00783	0.00926	0.00587	0.00849

[dist]
# distance from previous block
# <min> <max>
0	5

[block]
# block no. 4 follows, 31 sequences, length 9
# corresponding to MSA columns:
# 356-364
name=unknown_E
#
# <colnr> <probs for GDERKNQSTAVLIFYWHMCP>
#	G	D	E	R	K	N	Q	S	T	A	V	L	I	F	Y	W	H	M	C	P
0	0.01070	0.00703	0.00861	0.00871	0.00957	0.00692	0.00589	0.01171	0.01202	0.05291	0.02984	0.13074	0.10601	0.40332	0.11646	0.00577	0.00741	0.05611	0.00498	0.00530
1	0.08088	0.13912	0.02036	0.01841	0.16893	0.01561	0.02838	0.07190	0.10636	0.06141	0.09020	0.10407	0.04725	0.00968	0.00663	0.00210	0.00619	0.00822	0.00523	0.00906
2	0.00849	0.00668	0.00767	0.00799	0.00963	0.00586	0.00577	0.01039	0.01571	0.02008	0.19567	0.24985	0.39644	0.01774	0.00826	0.00240	0.00355	0.01537	0.00660	0.00586
3	0.01676	0.25014	0.28412	0.01706	0.02383	0.02023	0.07604	0.10083	0.01607	0.02189	0.01199	0.01446	0.00953	0.00851	0.03301	0.00234	0.07511	0.00519	0.00346	0.00944
4	0.00992	0.00734	0.00957	0.01055	0.01214	0.00698	0.00868	0.01255	0.01586	0.02058	0.12898	0.15220	0.18393	0.01825	0.00891	0.00280	0.00504	0.37313	0.00647	0.00612
5	0.01419	0.01216	0.01419	0.01013	0.01621	0.00912	0.00811	0.01723	0.01419	0.02229	0.01216	0.01419	0.01013	0.00507	0.00507	0.00101	0.00507	0.00405	0.00405	0.80139
6	0.01197	0.00983	0.01461	0.04035	0.01643	0.01000	0.09979	0.01758	0.12119	0.02303	0.21357	0.13371	0.03619	0.05434	0.03926	0.00298	0.00616	0.08945	0.05230	0.00726
7	0.02004	0.52448	0.09136	0.01335	0.01916	0.13548	0.01299	0.02271	0.01527	0.07406	0.01134	0.01249	0.00944	0.00631	0.00505	0.00162	0.00823	0.00416	0.00347	0.00899
8	0.04504	0.14395	0.34832	0.01647	0.02366	0.04257	0.04361	0.02409	0.10504	0.07870	0.01627	0.01944	0.01266	0.00758	0.00638	0.00211	0.00846	0.04178	0.00416	0.00970

[dist]
# distance from previous block
# <min> <max>
0	1

[block]
# block no. 5 follows, 31 sequences, length 33
# corresponding to MSA columns:
# 366,372-388,390-404
name=unknown_F
#
# <colnr> <probs for GDERKNQSTAVLIFYWHMCP>
#	G	D	E	R	K	N	Q	S	T	A	V	L	I	F	Y	W	H	M	C	P
0	0.08757	0.21033	0.10731	0.01466	0.01988	0.22241	0.01325	0.05786	0.12159	0.06291	0.01430	0.01499	0.01112	0.00710	0.00579	0.00189	0.00854	0.00497	0.00433	0.00920
1	0.47517	0.01775	0.04142	0.01612	0.11620	0.12362	0.01149	0.05224	0.01436	0.02698	0.01056	0.01268	0.00842	0.00677	0.00594	0.00209	0.04147	0.00442	0.00402	0.00828
2	0.06053	0.04494	0.02141	0.01969	0.10452	0.13509	0.10625	0.12414	0.01797	0.02358	0.01833	0.08764	0.01757	0.01037	0.00857	0.00233	0.07165	0.11221	0.00466	0.00854
3	0.01818	0.01527	0.01612	0.01416	0.01823	0.01756	0.01111	0.12127	0.61773	0.03049	0.02637	0.02435	0.01969	0.00914	0.00695	0.00229	0.00569	0.00753	0.00695	0.01093
4	0.01438	0.01335	0.02265	0.19337	0.31746	0.01402	0.07723	0.04095	0.01508	0.02070	0.01743	0.14260	0.01661	0.01156	0.04995	0.00277	0.00854	0.00860	0.00395	0.00881
5	0.80789	0.01323	0.01006	0.00900	0.01323	0.01535	0.00741	0.02011	0.01164	0.03070	0.00953	0.01111	0.00741	0.00635	0.00423	0.00212	0.00529	0.00370	0.00423	0.00741
6	0.00956	0.00665	0.00791	0.00804	0.00905	0.00630	0.00546	0.01122	0.01426	0.01967	0.21784	0.16856	0.14039	0.24219	0.03337	0.00381	0.00478	0.01252	0.07293	0.00549
7	0.12477	0.00993	0.01166	0.00965	0.01346	0.00940	0.00779	0.02529	0.01665	0.37877	0.02303	0.02252	0.01592	0.00801	0.00577	0.00193	0.00479	0.00629	0.29517	0.00918
8	0.00963	0.00669	0.00764	0.00763	0.00812	0.00647	0.00465	0.01030	0.01195	0.01587	0.11709	0.07631	0.11148	0.54707	0.02720	0.00539	0.00572	0.01117	0.00493	0.00469
9	0.00911	0.00661	0.00807	0.00832	0.00935	0.00614	0.00570	0.01080	0.01488	0.02000	0.26408	0.24632	0.15768	0.18510	0.01430	0.00336	0.00424	0.01412	0.00625	0.00557
10	0.01667	0.01438	0.01614	0.10797	0.02151	0.01669	0.01184	0.06377	0.56631	0.02759	0.02636	0.02520	0.03686	0.00912	0.00697	0.00230	0.00594	0.00762	0.00643	0.01032
11	0.01020	0.00661	0.00736	0.00736	0.00751	0.00661	0.00420	0.01049	0.01034	0.01436	0.02162	0.04304	0.02421	0.69217	0.03213	0.00618	0.00632	0.00963	0.07529	0.00435
12	0.09582	0.01978	0.13652	0.01453	0.02033	0.07323	0.01342	0.21106	0.02044	0.17963	0.01608	0.01642	0.01137	0.00748	0.00691	0.00198	0.03735	0.00550	0.00552	0.10664
13	0.02268	0.13368	0.02235	0.01796	0.08257	0.28660	0.01332	0.19714	0.11286	0.02547	0.01442	0.01535	0.01132	0.00738	0.00624	0.00189	0.00907	0.00534	0.00473	0.00965
14	0.01942	0.06304	0.02053	0.08220	0.02207	0.04353	0.08747	0.18109	0.02021	0.12189	0.11973	0.02207	0.01930	0.00822	0.00728	0.00197	0.03251	0.00687	0.00555	0.11506
15	0.01388	0.07699	0.01333	0.01027	0.01206	0.01144	0.00760	0.10098	0.01411	0.04241	0.01982	0.03567	0.02057	0.40547	0.08355	0.00524	0.04208	0.05091	0.00457	0.02906
16	0.01747	0.02617	0.30703	0.02247	0.03014	0.09608	0.29402	0.02339	0.01613	0.08049	0.01397	0.01659	0.01008	0.00643	0.00714	0.00217	0.01058	0.00637	0.00366	0.00964
17	0.03070	0.01164	0.01588	0.01217	0.01746	0.01006	0.01006	0.03334	0.01958	0.72163	0.02699	0.02329	0.01694	0.00847	0.00688	0.00212	0.00582	0.00688	0.00847	0.01164
18	0.01887	0.02181	0.13278	0.01837	0.02376	0.19619	0.18703	0.02358	0.04880	0.11093	0.04492	0.04749	0.07719	0.00857	0.00716	0.00213	0.00923	0.00760	0.00469	0.00889
19	0.01521	0.01539	0.10417	0.08421	0.11014	0.01452	0.04642	0.02058	0.09495	0.07654	0.02028	0.11885	0.01880	0.01109	0.01042	0.00251	0.15262	0.06990	0.00470	0.00868
20	0.02621	0.01068	0.01429	0.01128	0.01588	0.00925	0.00920	0.02884	0.01920	0.57732	0.11111	0.03036	0.08503	0.00991	0.00713	0.00214	0.00531	0.00820	0.00817	0.01051
21	0.01557	0.01006	0.01559	0.01570	0.10531	0.00940	0.08653	0.01852	0.01611	0.15950	0.11054	0.20069	0.06033	0.01192	0.00731	0.00222	0.00549	0.01082	0.13028	0.00810
22	0.01508	0.01463	0.02419	0.08713	0.25668	0.01524	0.13449	0.04114	0.01518	0.02117	0.01973	0.02306	0.10109	0.00842	0.00940	0.00219	0.11995	0.00732	0.00387	0.08004
23	0.01679	0.01099	0.01466	0.01246	0.01454	0.01242	0.03017	0.04362	0.01474	0.16368	0.05029	0.02750	0.07319	0.08192	0.04314	0.00308	0.22699	0.00767	0.14432	0.00780
24	0.00854	0.00638	0.00795	0.00876	0.00983	0.00578	0.00611	0.01025	0.01488	0.01963	0.17628	0.46255	0.19998	0.01906	0.00846	0.00255	0.00371	0.01694	0.00658	0.00578
25	0.02392	0.12341	0.02244	0.01875	0.08309	0.46541	0.01369	0.13043	0.02034	0.02130	0.01156	0.01321	0.00943	0.00699	0.00610	0.00179	0.01056	0.00474	0.00396	0.00888
26	0.35883	0.01502	0.01740	0.02230	0.27496	0.06457	0.01331	0.02019	0.01416	0.02533	0.01423	0.02175	0.01284	0.00790	0.00597	0.00219	0.00696	0.08938	0.00413	0.00858
27	0.01514	0.00894	0.01110	0.01015	0.01189	0.00905	0.00725	0.10066	0.01481	0.12901	0.02296	0.14028	0.02292	0.28174	0.11376	0.07093	0.00769	0.00974	0.00534	0.00665
28	0.01771	0.01438	0.02291	0.09504	0.43603	0.01395	0.01696	0.02145	0.01582	0.11226	0.03502	0.01844	0.01293	0.00654	0.00656	0.00191	0.00730	0.00606	0.00424	0.13450
29	0.00895	0.00636	0.00787	0.00860	0.00921	0.00600	0.00564	0.01011	0.01322	0.01765	0.12301	0.40423	0.09860	0.22964	0.01600	0.00375	0.00459	0.01541	0.00588	0.00529
30	0.01701	0.66586	0.03225	0.01142	0.01657	0.02429	0.01101	0.01907	0.01380	0.01627	0.01315	0.10704	0.01349	0.00786	0.00495	0.00163	0.00688	0.00570	0.00337	0.00836
31	0.02376	0.01389	0.01993	0.11416	0.19068	0.01374	0.01419	0.11985	0.01939	0.33903	0.01959	0.01978	0.01344	0.00751	0.00677	0.00206	0.00701	0.00637	0.00614	0.04271
32	0.01905	0.01662	0.02463	0.08636	0.21931	0.01763	0.12187	0.23106	0.10960	0.02904	0.01694	0.02066	0.01331	0.00769	0.00714	0.00218	0.00814	0.03339	0.00502	0.01037

[dist]
# distance from previous block
# <min> <max>
0	1

[block]
# block no. 6 follows, 31 sequences, length 19
# corresponding to MSA columns:
# 406-417,426-432
name=unknown_G
#
# <colnr> <probs for GDERKNQSTAVLIFYWHMCP>
#	G	D	E	R	K	N	Q	S	T	A	V	L	I	F	Y	W	H	M	C	P
0	0.01736	0.01470	0.01602	0.07647	0.09600	0.10343	0.01170	0.02613	0.25985	0.08653	0.10351	0.06324	0.02311	0.00947	0.00690	0.00215	0.00644	0.00799	0.05982	0.00918
1	0.00919	0.00634	0.00782	0.00856	0.00879	0.00621	0.00534	0.00984	0.01146	0.01532	0.02895	0.37463	0.03405	0.38828	0.05004	0.00501	0.00585	0.01427	0.00515	0.00488
2	0.01639	0.01659	0.01914	0.14223	0.21928	0.14884	0.01457	0.02244	0.13359	0.02193	0.10670	0.02537	0.06653	0.00870	0.00695	0.00211	0.00769	0.00741	0.00469	0.00886
3	0.02672	0.01278	0.01600	0.01266	0.01770	0.01216	0.01030	0.07422	0.16353	0.49950	0.02577	0.02288	0.01709	0.00845	0.00680	0.00210	0.00580	0.00687	0.00783	0.05083
4	0.01911	0.01106	0.01447	0.01174	0.01537	0.01059	0.04426	0.13498	0.02046	0.24085	0.24316	0.03586	0.09349	0.06196	0.00932	0.00245	0.00544	0.00943	0.00715	0.00885
5	0.01089	0.00849	0.01256	0.01629	0.13185	0.00832	0.01074	0.01336	0.01460	0.01952	0.03288	0.35429	0.03701	0.01780	0.00869	0.00280	0.00562	0.28171	0.00583	0.00676
6	0.10955	0.00751	0.00846	0.00900	0.01035	0.00744	0.00652	0.01187	0.01342	0.01946	0.07709	0.26243	0.14268	0.17264	0.01359	0.00344	0.00490	0.10827	0.00569	0.00569
7	0.01926	0.67015	0.03393	0.01221	0.01802	0.02634	0.01187	0.10511	0.01620	0.01949	0.01038	0.01166	0.00914	0.00615	0.00470	0.00154	0.00734	0.00397	0.00342	0.00914
8	0.01874	0.47617	0.14618	0.01561	0.05676	0.14826	0.01470	0.02191	0.01504	0.01746	0.01033	0.01210	0.00887	0.00618	0.00517	0.00166	0.00870	0.00415	0.00305	0.00896
9	0.00939	0.00684	0.00793	0.00784	0.00884	0.00655	0.00522	0.01061	0.01310	0.01723	0.14699	0.04977	0.21568	0.37175	0.08909	0.00515	0.00633	0.01130	0.00525	0.00515
10	0.01661	0.34610	0.30160	0.01925	0.12121	0.04903	0.01835	0.02129	0.01457	0.01917	0.01110	0.01322	0.00903	0.00619	0.00562	0.00183	0.00872	0.00458	0.00300	0.00955
11	0.01698	0.02041	0.17171	0.13437	0.09325	0.13562	0.01617	0.06281	0.01674	0.06512	0.05289	0.02506	0.01646	0.04526	0.03671	0.00273	0.00916	0.06562	0.00431	0.00863
12	0.00877	0.00683	0.00701	0.00705	0.00916	0.00588	0.00525	0.01074	0.01554	0.01980	0.09609	0.08561	0.56759	0.01613	0.00769	0.00223	0.00344	0.01350	0.10581	0.00588
13	0.01013	0.00709	0.00868	0.00839	0.01026	0.00633	0.00625	0.01263	0.01747	0.05981	0.39916	0.13912	0.25813	0.01562	0.00809	0.00227	0.00353	0.01357	0.00708	0.00641
14	0.08388	0.02265	0.11897	0.01764	0.06494	0.16108	0.01473	0.27040	0.03909	0.07315	0.01439	0.01551	0.01067	0.00774	0.00744	0.00208	0.05501	0.00553	0.00506	0.01002
15	0.01527	0.18687	0.02623	0.26494	0.11185	0.05073	0.11082	0.01910	0.01528	0.01958	0.09988	0.02030	0.01637	0.00728	0.00657	0.00203	0.00834	0.00652	0.00370	0.00835
16	0.09937	0.51166	0.12935	0.01335	0.01966	0.02299	0.04486	0.02132	0.01413	0.05381	0.01098	0.01244	0.00910	0.00612	0.00497	0.00170	0.00762	0.00423	0.00336	0.00899
17	0.01926	0.08057	0.36547	0.01911	0.06840	0.21442	0.01918	0.02431	0.01638	0.09195	0.01317	0.01469	0.00970	0.00679	0.00632	0.00199	0.00997	0.00503	0.00367	0.00962
18	0.01863	0.08248	0.02132	0.05785	0.15309	0.07395	0.01403	0.16634	0.15108	0.02578	0.01938	0.02076	0.06019	0.00871	0.00851	0.00217	0.09450	0.00663	0.00492	0.00969

[dist]
# distance from previous block
# <min> <max>
4	12

[block]
# block no. 7 follows, 31 sequences, length 14
# corresponding to MSA columns:
# 445-458
name=unknown_H
#
# <colnr> <probs for GDERKNQSTAVLIFYWHMCP>
#	G	D	E	R	K	N	Q	S	T	A	V	L	I	F	Y	W	H	M	C	P
0	0.01236	0.01470	0.16782	0.05039	0.01694	0.01077	0.01137	0.06882	0.06261	0.02079	0.08133	0.17199	0.02651	0.23530	0.01560	0.00363	0.00671	0.01027	0.00494	0.00717
1	0.47141	0.01039	0.00943	0.00902	0.01190	0.01142	0.00699	0.01640	0.01364	0.02732	0.17020	0.16942	0.02760	0.01106	0.00598	0.00226	0.00457	0.00878	0.00539	0.00683
2	0.00991	0.00679	0.00824	0.00824	0.00851	0.00706	0.00512	0.01045	0.01018	0.01384	0.02084	0.04083	0.02316	0.60357	0.18848	0.00759	0.00921	0.00937	0.00404	0.00458
3	0.01697	0.05331	0.01575	0.01338	0.01687	0.04381	0.01062	0.07539	0.41546	0.05332	0.02737	0.10955	0.02369	0.01130	0.00725	0.00237	0.00589	0.08156	0.00652	0.00961
4	0.01570	0.01666	0.02027	0.58332	0.04140	0.17310	0.01773	0.01965	0.01494	0.01732	0.01181	0.01694	0.00905	0.00689	0.00669	0.00217	0.00983	0.00571	0.00315	0.00767
5	0.01551	0.19994	0.50257	0.01790	0.02667	0.01878	0.04841	0.05680	0.01532	0.02153	0.01193	0.01392	0.00892	0.00641	0.00610	0.00201	0.00940	0.00492	0.00313	0.00985
6	0.13240	0.29470	0.05380	0.02253	0.25496	0.09791	0.01492	0.02139	0.01476	0.02061	0.01087	0.01330	0.00928	0.00616	0.00545	0.00181	0.00795	0.00463	0.00333	0.00924
7	0.01279	0.00949	0.01075	0.00973	0.01198	0.00947	0.00725	0.16140	0.01920	0.02557	0.22993	0.12781	0.19593	0.12377	0.01181	0.00290	0.00482	0.01195	0.00647	0.00699
8	0.01382	0.01272	0.01941	0.58251	0.04066	0.01560	0.01720	0.02164	0.16585	0.01993	0.01561	0.01984	0.01171	0.00738	0.00687	0.00229	0.00830	0.00644	0.00390	0.00831
9	0.01679	0.12837	0.17343	0.01418	0.01851	0.15859	0.01332	0.04025	0.07388	0.01833	0.01380	0.01870	0.01192	0.01212	0.01196	0.22581	0.00836	0.03058	0.00364	0.00744
10	0.01188	0.00594	0.00891	0.00891	0.00891	0.00594	0.00594	0.00891	0.00891	0.01188	0.01188	0.02080	0.01188	0.02377	0.02674	0.80095	0.00594	0.00594	0.00297	0.00297
11	0.00916	0.00629	0.00872	0.00967	0.01026	0.00628	0.00674	0.01004	0.01211	0.01634	0.03077	0.46570	0.05658	0.02821	0.17072	0.11977	0.00740	0.01466	0.00527	0.00531
12	0.01208	0.00948	0.01162	0.03068	0.01408	0.01035	0.00900	0.03578	0.18509	0.02079	0.02994	0.20151	0.05191	0.10623	0.09771	0.00412	0.02481	0.13191	0.00576	0.00717
13	0.10350	0.45407	0.12082	0.01372	0.04265	0.02197	0.01324	0.02148	0.06830	0.01990	0.01307	0.01685	0.01151	0.00707	0.00525	0.00182	0.00728	0.04502	0.00360	0.00889

[dist]
# distance from previous block
# <min> <max>
0	1

[block]
# block no. 8 follows, 31 sequences, length 27
# corresponding to MSA columns:
# 460-486
name=unknown_I
#
# <colnr> <probs for GDERKNQSTAVLIFYWHMCP>
#	G	D	E	R	K	N	Q	S	T	A	V	L	I	F	Y	W	H	M	C	P
0	0.01738	0.17849	0.17604	0.01641	0.06223	0.01806	0.01514	0.08280	0.01563	0.06512	0.01243	0.01463	0.00993	0.00730	0.00861	0.00193	0.13503	0.00501	0.00387	0.15396
1	0.01278	0.01184	0.01938	0.51837	0.13426	0.01378	0.01701	0.01692	0.01460	0.01911	0.07763	0.02499	0.07491	0.00826	0.00704	0.00224	0.00799	0.00735	0.00376	0.00780
2	0.25445	0.00923	0.00913	0.00904	0.01140	0.00994	0.00725	0.03706	0.01399	0.02528	0.02147	0.03489	0.02013	0.08073	0.00861	0.00261	0.00502	0.16324	0.26988	0.00662
3	0.01375	0.01295	0.02166	0.46304	0.09483	0.01526	0.07540	0.04238	0.01440	0.01913	0.01471	0.08878	0.01293	0.00858	0.00847	0.00236	0.07231	0.00754	0.00356	0.00795
4	0.01480	0.20785	0.56113	0.01765	0.02676	0.01854	0.02206	0.02139	0.01432	0.02035	0.01162	0.01362	0.00869	0.00635	0.00600	0.00200	0.00945	0.00472	0.00290	0.00980
5	0.01667	0.01924	0.03920	0.02821	0.03494	0.05714	0.65420	0.02222	0.01633	0.02163	0.01366	0.01811	0.01029	0.00584	0.00797	0.00228	0.01158	0.00787	0.00346	0.00915
6	0.00959	0.00651	0.00770	0.00805	0.00818	0.00647	0.00479	0.00994	0.01067	0.01428	0.02494	0.19814	0.02899	0.57227	0.05595	0.00596	0.00650	0.01191	0.00461	0.00453
7	0.01017	0.00708	0.00870	0.00824	0.00982	0.00649	0.00596	0.01256	0.01710	0.04711	0.45956	0.05161	0.16812	0.14292	0.01264	0.00295	0.00394	0.01212	0.00678	0.00612
8	0.00877	0.00684	0.00797	0.00794	0.00973	0.00603	0.00586	0.01105	0.01684	0.02204	0.33007	0.14486	0.36460	0.01646	0.00816	0.00230	0.00343	0.01421	0.00684	0.00603
9	0.01236	0.01127	0.01856	0.61648	0.04076	0.01369	0.01684	0.01669	0.01466	0.01920	0.13304	0.02391	0.01868	0.00807	0.00705	0.00226	0.00810	0.00716	0.00381	0.00740
10	0.01151	0.00988	0.01432	0.01332	0.01414	0.01270	0.01070	0.01364	0.01082	0.01608	0.01520	0.02290	0.01439	0.03816	0.49514	0.00832	0.26189	0.00688	0.00344	0.00657
11	0.28876	0.14343	0.02290	0.01479	0.02019	0.01643	0.16391	0.02405	0.01513	0.20722	0.01508	0.01594	0.01081	0.00669	0.00582	0.00205	0.00719	0.00552	0.00494	0.00917
12	0.05584	0.27051	0.04119	0.01454	0.01931	0.26028	0.01239	0.16946	0.01961	0.02304	0.01277	0.04764	0.01106	0.00754	0.00577	0.00180	0.00887	0.00523	0.00420	0.00894
13	0.01683	0.02037	0.21758	0.06787	0.07440	0.01637	0.04680	0.08565	0.13471	0.07161	0.01656	0.01965	0.01290	0.05311	0.01068	0.00257	0.11178	0.00645	0.00450	0.00960
14	0.01816	0.01278	0.01416	0.01251	0.01595	0.01403	0.00954	0.03128	0.46664	0.14546	0.02661	0.02846	0.02089	0.13854	0.01175	0.00303	0.00569	0.00797	0.00674	0.00982
15	0.01584	0.03259	0.60281	0.01885	0.02816	0.01681	0.02316	0.13760	0.01750	0.02536	0.01299	0.01479	0.00918	0.00680	0.00656	0.00215	0.00967	0.00525	0.00357	0.01037
16	0.00995	0.00723	0.00817	0.00778	0.01005	0.00625	0.00589	0.01222	0.01704	0.06346	0.27256	0.05858	0.46478	0.01573	0.00801	0.00225	0.00353	0.01333	0.00686	0.00634
17	0.01181	0.01012	0.01324	0.01229	0.01288	0.03178	0.00939	0.01328	0.01079	0.01536	0.01620	0.02782	0.01657	0.23260	0.30845	0.00715	0.23307	0.00757	0.00359	0.00603
18	0.01417	0.00808	0.01079	0.01002	0.01090	0.00841	0.00708	0.11969	0.01267	0.01693	0.01262	0.02009	0.01184	0.02125	0.02352	0.67178	0.00620	0.00598	0.00360	0.00437
19	0.01037	0.00776	0.00979	0.00946	0.00995	0.00843	0.00653	0.01137	0.01224	0.01688	0.14248	0.10941	0.06318	0.36450	0.06345	0.02945	0.10393	0.01070	0.00483	0.00527
20	0.01829	0.76368	0.03585	0.01171	0.01756	0.02707	0.01171	0.02049	0.01390	0.01610	0.00951	0.01097	0.00878	0.00585	0.00439	0.00146	0.00732	0.00366	0.00293	0.00878
21	0.01829	0.01418	0.01655	0.01260	0.01814	0.01327	0.02853	0.16175	0.13735	0.07511	0.01680	0.01734	0.01277	0.00669	0.00597	0.00156	0.00586	0.00543	0.00541	0.42638
22	0.00869	0.00667	0.00801	0.00866	0.01010	0.00599	0.00635	0.01058	0.01525	0.01962	0.14938	0.31571	0.31163	0.01848	0.00845	0.00254	0.00388	0.07767	0.00652	0.00585
23	0.04451	0.02813	0.45937	0.08226	0.03003	0.01667	0.10564	0.07901	0.01584	0.02329	0.01257	0.01534	0.00914	0.00683	0.00739	0.00222	0.04308	0.00561	0.00337	0.00970
24	0.05235	0.01397	0.02057	0.52716	0.11698	0.05822	0.01778	0.01930	0.01431	0.05171	0.01261	0.01753	0.00958	0.00700	0.00720	0.00223	0.03402	0.00590	0.00342	0.00816
25	0.06110	0.12083	0.31921	0.01596	0.05940	0.04812	0.01622	0.01830	0.01439	0.02022	0.02213	0.14697	0.08978	0.01013	0.00664	0.00217	0.00768	0.00829	0.00400	0.00847
26	0.01533	0.01281	0.01809	0.01331	0.01893	0.01078	0.12596	0.01981	0.05615	0.05584	0.01508	0.01714	0.01186	0.00588	0.00576	0.00142	0.00605	0.00533	0.08194	0.50252

[dist]
# distance from previous block
# <min> <max>
0	3

[block]
# block no. 9 follows, 31 sequences, length 8
# corresponding to MSA columns:
# 490-497
name=unknown_J
#
# <colnr> <probs for GDERKNQSTAVLIFYWHMCP>
#	G	D	E	R	K	N	Q	S	T	A	V	L	I	F	Y	W	H	M	C	P
0	0.01205	0.01368	0.16337	0.01089	0.01478	0.00900	0.01056	0.01554	0.01603	0.08060	0.17158	0.07979	0.27734	0.01307	0.00797	0.00224	0.03073	0.01087	0.05250	0.00742
1	0.00981	0.00718	0.01023	0.01023	0.01119	0.00814	0.00760	0.01173	0.01077	0.01532	0.01902	0.03074	0.01878	0.20413	0.58192	0.01005	0.01580	0.00790	0.00377	0.00568
2	0.01873	0.27058	0.02837	0.01703	0.02217	0.14343	0.15852	0.02635	0.20582	0.02092	0.01569	0.01684	0.01247	0.00699	0.00620	0.00193	0.00857	0.00586	0.00426	0.00930
3	0.41938	0.17556	0.01711	0.01094	0.01542	0.01834	0.00928	0.02467	0.20324	0.02697	0.01458	0.01506	0.01142	0.00705	0.00502	0.00203	0.00576	0.00481	0.00470	0.00865
4	0.01648	0.01841	0.15382	0.02222	0.17149	0.03574	0.08481	0.07142	0.01548	0.07046	0.01501	0.02024	0.01256	0.07677	0.09864	0.00367	0.09317	0.00658	0.00398	0.00905
5	0.01567	0.01615	0.02685	0.33303	0.23892	0.06608	0.16440	0.02015	0.01517	0.01981	0.01262	0.01749	0.00987	0.00641	0.00704	0.00218	0.00958	0.00640	0.00327	0.00892
6	0.01724	0.02326	0.30072	0.02972	0.36608	0.01540	0.02143	0.02267	0.01559	0.10213	0.01425	0.01668	0.01068	0.00653	0.00668	0.00209	0.00864	0.00578	0.00377	0.01064
7	0.01802	0.01777	0.02317	0.26994	0.30061	0.12749	0.01816	0.10208	0.01754	0.02236	0.01271	0.01660	0.01004	0.00675	0.00671	0.00208	0.00904	0.00584	0.00371	0.00940

[dist]
# distance from previous block
# <min> <max>
0	8

[block]
# block no. 10 follows, 31 sequences, length 57
# corresponding to MSA columns:
# 516-572
name=unknown_K
#
# <colnr> <probs for GDERKNQSTAVLIFYWHMCP>
#	G	D	E	R	K	N	Q	S	T	A	V	L	I	F	Y	W	H	M	C	P
0	0.01498	0.45253	0.07171	0.01094	0.01542	0.01917	0.01044	0.01745	0.01452	0.01831	0.14487	0.02486	0.04562	0.10282	0.00918	0.00232	0.00652	0.00655	0.00406	0.00774
1	0.01538	0.01311	0.02036	0.15188	0.02457	0.01384	0.16622	0.16633	0.01723	0.02296	0.01801	0.07663	0.01708	0.22829	0.01545	0.00354	0.00823	0.00861	0.00454	0.00772
2	0.16622	0.01577	0.02018	0.23672	0.18637	0.04178	0.01557	0.19013	0.01860	0.02752	0.01285	0.01595	0.00982	0.00693	0.00632	0.00212	0.00789	0.00560	0.00432	0.00934
3	0.01357	0.00786	0.01034	0.00923	0.01155	0.00711	0.00709	0.01664	0.01930	0.15698	0.56710	0.04631	0.07367	0.01305	0.00785	0.00215	0.00372	0.01140	0.00767	0.00741
4	0.01428	0.02119	0.23386	0.02211	0.02867	0.01489	0.36874	0.01960	0.01449	0.02022	0.01483	0.02220	0.01259	0.14692	0.01262	0.00307	0.01020	0.00754	0.00342	0.00854
5	0.01188	0.00594	0.00891	0.00891	0.00891	0.00594	0.00594	0.00891	0.00891	0.01188	0.01188	0.02080	0.01188	0.02377	0.02674	0.80095	0.00594	0.00594	0.00297	0.00297
6	0.02601	0.01916	0.02053	0.01574	0.02122	0.02122	0.01300	0.69408	0.03217	0.04312	0.01643	0.01643	0.01163	0.00821	0.00684	0.00205	0.00753	0.00616	0.00684	0.01163
7	0.01688	0.01690	0.01627	0.09953	0.02114	0.17109	0.01068	0.03769	0.01577	0.02104	0.01192	0.01432	0.00976	0.00580	0.00557	0.00136	0.00724	0.00443	0.00389	0.50872
8	0.01803	0.01963	0.02694	0.02517	0.15482	0.17972	0.23632	0.04549	0.01676	0.02087	0.01538	0.02381	0.01369	0.00847	0.00890	0.00229	0.08045	0.09058	0.00390	0.00878
9	0.80789	0.01323	0.01006	0.00900	0.01323	0.01535	0.00741	0.02011	0.01164	0.03070	0.00953	0.01111	0.00741	0.00635	0.00423	0.00212	0.00529	0.00370	0.00423	0.00741
10	0.02405	0.01791	0.01926	0.01518	0.02019	0.01984	0.01238	0.58833	0.09574	0.04013	0.01884	0.06306	0.01461	0.00913	0.00697	0.00212	0.00710	0.00713	0.00682	0.01118
11	0.00980	0.00723	0.01048	0.01048	0.01152	0.00827	0.00790	0.01188	0.01084	0.01550	0.01880	0.02951	0.01825	0.15553	0.62980	0.01035	0.01660	0.00772	0.00374	0.00582
12	0.00864	0.00608	0.00785	0.00914	0.00946	0.00576	0.00594	0.00961	0.01251	0.01668	0.03469	0.62229	0.04144	0.15944	0.01361	0.00350	0.00447	0.01767	0.00594	0.00529
13	0.01739	0.00847	0.01081	0.00931	0.01223	0.00764	0.00730	0.02032	0.01827	0.26550	0.30767	0.03766	0.07987	0.01117	0.00705	0.00205	0.00413	0.00949	0.15549	0.00818
14	0.01655	0.01334	0.01441	0.01267	0.01601	0.01492	0.00975	0.13546	0.41437	0.02894	0.12447	0.03006	0.02620	0.09943	0.01043	0.00277	0.00558	0.00842	0.00669	0.00953
15	0.01010	0.00705	0.00906	0.00936	0.00997	0.00737	0.00660	0.01134	0.01131	0.01530	0.02344	0.04610	0.02553	0.43395	0.21440	0.00713	0.00966	0.13283	0.00442	0.00507
16	0.01501	0.01482	0.02189	0.10808	0.12260	0.01959	0.01632	0.01724	0.01160	0.01744	0.00992	0.01564	0.00927	0.01051	0.01832	0.00277	0.55193	0.00601	0.00306	0.00798
17	0.01509	0.01502	0.01952	0.50312	0.08027	0.12941	0.01677	0.01834	0.01419	0.01705	0.01192	0.01749	0.00948	0.00867	0.00890	0.08924	0.00923	0.00580	0.00313	0.00735
18	0.01539	0.01335	0.01998	0.01596	0.06333	0.01111	0.14098	0.01901	0.01502	0.05769	0.01468	0.01930	0.01227	0.00624	0.00610	0.00151	0.00661	0.04387	0.00425	0.51335
19	0.80789	0.01323	0.01006	0.00900	0.01323	0.01535	0.00741	0.02011	0.01164	0.03070	0.00953	0.01111	0.00741	0.00635	0.00423	0.00212	0.00529	0.00370	0.00423	0.00741
20	0.00833	0.00676	0.00740	0.00763	0.00949	0.00582	0.00557	0.01016	0.01561	0.01943	0.14500	0.19285	0.50674	0.01767	0.00820	0.00238	0.00353	0.01511	0.00650	0.00582
21	0.02778	0.01092	0.01471	0.01151	0.01625	0.00952	0.00942	0.03051	0.01924	0.61887	0.08566	0.02581	0.02106	0.00891	0.00685	0.00209	0.00544	0.00732	0.05727	0.01087
22	0.00834	0.00595	0.00794	0.00953	0.00992	0.00556	0.00635	0.00953	0.01310	0.01746	0.03771	0.75510	0.04525	0.02143	0.00873	0.00278	0.00397	0.01945	0.00635	0.00556
23	0.01120	0.00639	0.00959	0.00959	0.00999	0.00679	0.00679	0.00999	0.00959	0.01319	0.01398	0.02278	0.01359	0.03275	0.25691	0.54330	0.00998	0.00639	0.00320	0.00399
24	0.43628	0.01325	0.01286	0.01093	0.01540	0.01443	0.00889	0.04430	0.14381	0.21129	0.01770	0.01713	0.01253	0.00750	0.00550	0.00215	0.00551	0.00535	0.00592	0.00927
25	0.73259	0.01380	0.01106	0.00965	0.01400	0.01591	0.00795	0.08502	0.01362	0.03189	0.01019	0.01163	0.00782	0.00653	0.00449	0.00211	0.00551	0.00394	0.00449	0.00782
26	0.01955	0.33141	0.06055	0.06212	0.02111	0.25711	0.01286	0.02216	0.01577	0.01754	0.01054	0.01252	0.00899	0.00624	0.00534	0.00159	0.00893	0.00419	0.00329	0.11817
27	0.02125	0.08409	0.06551	0.01948	0.08887	0.31736	0.05821	0.08834	0.14734	0.02251	0.01479	0.01604	0.01161	0.00727	0.00644	0.00196	0.00961	0.00557	0.00437	0.00938
28	0.00989	0.00642	0.00773	0.00803	0.00811	0.00634	0.00479	0.00974	0.01041	0.01388	0.02335	0.17455	0.02704	0.52832	0.02892	0.10656	0.00605	0.01122	0.00441	0.00426
29	0.01430	0.12767	0.63691	0.01851	0.02808	0.01731	0.02356	0.02152	0.01438	0.02096	0.01193	0.01400	0.00868	0.00642	0.00623	0.00208	0.00976	0.00488	0.00289	0.00994
30	0.01490	0.15328	0.02375	0.09069	0.33962	0.01556	0.01531	0.01800	0.01450	0.01973	0.01725	0.16789	0.01735	0.00922	0.00664	0.00204	0.00703	0.00827	0.00392	0.05504
31	0.01480	0.01383	0.02323	0.16787	0.47810	0.01434	0.01827	0.01850	0.01482	0.02066	0.01673	0.13575	0.01604	0.00870	0.00710	0.00220	0.00765	0.00824	0.00380	0.00938
32	0.01115	0.00825	0.01099	0.14563	0.01728	0.00810	0.00863	0.01410	0.01708	0.06846	0.32552	0.04796	0.26424	0.01338	0.00777	0.00223	0.00458	0.01151	0.00637	0.00679
33	0.01367	0.01293	0.02188	0.61203	0.17235	0.01540	0.01937	0.01814	0.01403	0.01839	0.01229	0.01800	0.00944	0.00670	0.00683	0.00223	0.00893	0.00608	0.00310	0.00821
34	0.00953	0.00642	0.00781	0.00847	0.00881	0.00631	0.00539	0.01036	0.01164	0.01594	0.02812	0.31668	0.03239	0.38233	0.04711	0.00489	0.00580	0.03284	0.05419	0.00496
35	0.01411	0.03267	0.61429	0.02100	0.03060	0.01612	0.13238	0.02171	0.01472	0.02171	0.01253	0.01509	0.00894	0.00638	0.00675	0.00219	0.01034	0.00554	0.00298	0.00997
36	0.01497	0.01497	0.02095	0.01796	0.01796	0.02095	0.01497	0.01646	0.01048	0.01646	0.00898	0.01497	0.00898	0.01197	0.02245	0.00299	0.74704	0.00599	0.00299	0.00748
37	0.01568	0.01498	0.02259	0.11780	0.46112	0.05867	0.01713	0.01890	0.01453	0.01972	0.01427	0.02201	0.01313	0.14712	0.01199	0.00291	0.00823	0.00671	0.00350	0.00902
38	0.04472	0.35786	0.07310	0.01466	0.01987	0.27975	0.01315	0.08799	0.01761	0.01974	0.01074	0.01223	0.00902	0.00657	0.00540	0.00169	0.00927	0.00426	0.00356	0.00880
39	0.00968	0.00699	0.00914	0.00861	0.01022	0.00646	0.00646	0.01291	0.01937	0.02743	0.71328	0.05110	0.06455	0.01399	0.00807	0.00215	0.00323	0.01237	0.00753	0.00646
40	0.01551	0.01488	0.02512	0.03293	0.47834	0.01460	0.09793	0.04306	0.01624	0.02232	0.02366	0.02624	0.14230	0.00823	0.00718	0.00212	0.00764	0.00789	0.00407	0.00973
41	0.01852	0.05432	0.10100	0.01839	0.06323	0.09327	0.14831	0.02175	0.01511	0.14976	0.01645	0.02230	0.01373	0.14647	0.01356	0.00300	0.08092	0.00692	0.00439	0.00860
42	0.01256	0.00782	0.00894	0.00817	0.01093	0.00668	0.00630	0.01469	0.01692	0.15133	0.16061	0.05561	0.48369	0.01516	0.00786	0.00225	0.00387	0.01271	0.00693	0.00698
43	0.01848	0.15829	0.21122	0.01747	0.02401	0.01894	0.11393	0.22900	0.01999	0.02694	0.01485	0.01935	0.01199	0.00818	0.00729	0.02773	0.00862	0.04956	0.00443	0.00973
44	0.00995	0.00663	0.00746	0.00746	0.00746	0.00663	0.00415	0.00995	0.00995	0.01327	0.02156	0.04477	0.02487	0.75957	0.03482	0.00663	0.00663	0.00995	0.00415	0.00415
45	0.02643	0.01848	0.02011	0.01542	0.02088	0.02020	0.01274	0.63417	0.03103	0.10463	0.01738	0.01705	0.01212	0.00824	0.00685	0.00206	0.00737	0.00622	0.00699	0.01164
46	0.01419	0.01216	0.01419	0.01013	0.01621	0.00912	0.00811	0.01723	0.01419	0.02229	0.01216	0.01419	0.01013	0.00507	0.00507	0.00101	0.00507	0.00405	0.00405	0.80139
47	0.09894	0.11375	0.01977	0.01701	0.08029	0.43519	0.01224	0.02400	0.01709	0.01948	0.01183	0.01390	0.00980	0.00685	0.00567	0.00177	0.00968	0.00461	0.09007	0.00807
