[name]
unknown

[dist]
# distance from previous block
# <min> <max>
0	69

[block]
# block no. 0 follows, 33 sequences, length 107
# corresponding to MSA columns:
# 71-177
name=unknown_A
#
# <colnr> <probs for GDERKNQSTAVLIFYWHMCP>
#	G	D	E	R	K	N	Q	S	T	A	V	L	I	F	Y	W	H	M	C	P
0	0.01061	0.00758	0.01061	0.01212	0.01364	0.00758	0.01061	0.01364	0.01515	0.01970	0.03486	0.07426	0.03789	0.01819	0.00909	0.00303	0.00606	0.68326	0.00606	0.00606
1	0.01365	0.01170	0.01365	0.00975	0.01560	0.00878	0.00780	0.01658	0.01365	0.02145	0.01170	0.01365	0.00975	0.00488	0.00488	0.00098	0.00488	0.00390	0.00390	0.80888
2	0.01756	0.01420	0.01712	0.01794	0.15342	0.01551	0.01170	0.21972	0.25070	0.02759	0.01972	0.02395	0.01640	0.15136	0.01169	0.00289	0.00652	0.00711	0.00549	0.00943
3	0.01629	0.01564	0.02672	0.04041	0.72757	0.01564	0.02020	0.02020	0.01499	0.02151	0.01238	0.01629	0.01043	0.00587	0.00652	0.00196	0.00782	0.00587	0.00326	0.01043
4	0.01243	0.01170	0.01975	0.75282	0.04534	0.01463	0.01828	0.01682	0.01316	0.01682	0.01170	0.01755	0.00878	0.00658	0.00658	0.00219	0.00878	0.00585	0.00293	0.00731
5	0.01243	0.01170	0.01975	0.75282	0.04534	0.01463	0.01828	0.01682	0.01316	0.01682	0.01170	0.01755	0.00878	0.00658	0.00658	0.00219	0.00878	0.00585	0.00293	0.00731
6	0.02459	0.03138	0.01866	0.01696	0.02035	0.74221	0.01272	0.02629	0.01866	0.01611	0.01018	0.01187	0.00848	0.00678	0.00594	0.00170	0.01187	0.00424	0.00339	0.00763
7	0.38349	0.01768	0.01371	0.01184	0.01598	0.22212	0.00940	0.02466	0.01533	0.20891	0.01384	0.01409	0.00991	0.00684	0.00527	0.00194	0.00717	0.00456	0.00494	0.00834
8	0.81514	0.01273	0.00968	0.00866	0.01273	0.01477	0.00713	0.01935	0.01120	0.02954	0.00917	0.01069	0.00713	0.00611	0.00407	0.00204	0.00509	0.00356	0.00407	0.00713
9	0.01243	0.01170	0.01975	0.75282	0.04534	0.01463	0.01828	0.01682	0.01316	0.01682	0.01170	0.01755	0.00878	0.00658	0.00658	0.00219	0.00878	0.00585	0.00293	0.00731
10	0.02668	0.01579	0.01812	0.01389	0.01909	0.01649	0.01147	0.45916	0.02652	0.29421	0.01953	0.01822	0.01306	0.00799	0.00660	0.00200	0.00664	0.00618	0.00716	0.01120
11	0.01629	0.01564	0.02672	0.04041	0.72757	0.01564	0.02020	0.02020	0.01499	0.02151	0.01238	0.01629	0.01043	0.00587	0.00652	0.00196	0.00782	0.00587	0.00326	0.01043
12	0.01557	0.01586	0.02170	0.02303	0.19481	0.06807	0.01574	0.01764	0.01189	0.01728	0.00968	0.01470	0.00908	0.00979	0.01677	0.00257	0.51909	0.00568	0.00301	0.00804
13	0.47361	0.01832	0.01324	0.01165	0.01566	0.23273	0.00922	0.04140	0.01478	0.09988	0.01142	0.01242	0.00861	0.00658	0.00497	0.00193	0.00724	0.00415	0.00437	0.00782
14	0.01242	0.01128	0.01872	0.69671	0.04251	0.01399	0.01725	0.01671	0.01321	0.01740	0.01244	0.01808	0.00938	0.00666	0.00643	0.00214	0.00835	0.00587	0.06320	0.00722
15	0.81514	0.01273	0.00968	0.00866	0.01273	0.01477	0.00713	0.01935	0.01120	0.02954	0.00917	0.01069	0.00713	0.00611	0.00407	0.00204	0.00509	0.00356	0.00407	0.00713
16	0.01535	0.01385	0.01998	0.11518	0.04658	0.01848	0.01477	0.01735	0.01133	0.07000	0.01048	0.01549	0.00930	0.01041	0.01794	0.00269	0.57406	0.00584	0.00330	0.00763
17	0.01283	0.00893	0.01065	0.00947	0.01171	0.02896	0.00728	0.08292	0.01987	0.08063	0.58108	0.04279	0.05210	0.01232	0.00751	0.00205	0.00395	0.01070	0.00714	0.00712
18	0.01903	0.01860	0.01681	0.21746	0.02500	0.29363	0.01268	0.02234	0.03837	0.10972	0.11586	0.02060	0.01768	0.00786	0.00645	0.00192	0.00850	0.00618	0.00454	0.03677
19	0.01670	0.01236	0.01344	0.01043	0.01515	0.06391	0.00827	0.04384	0.01629	0.14617	0.10889	0.02303	0.06610	0.00760	0.00589	0.00148	0.00528	0.00617	0.00528	0.42371
20	0.00859	0.00655	0.00789	0.00787	0.00947	0.00585	0.00578	0.01089	0.01644	0.02194	0.39048	0.16640	0.28660	0.01569	0.00787	0.00222	0.00330	0.01366	0.00668	0.00585
21	0.01243	0.01170	0.01975	0.75282	0.04534	0.01463	0.01828	0.01682	0.01316	0.01682	0.01170	0.01755	0.00878	0.00658	0.00658	0.00219	0.00878	0.00585	0.00293	0.00731
22	0.01227	0.00614	0.00614	0.00614	0.00767	0.00614	0.00460	0.01534	0.01381	0.02454	0.02148	0.02454	0.01687	0.00767	0.00460	0.00153	0.00307	0.00614	0.80518	0.00614
23	0.02382	0.01844	0.01886	0.01475	0.01962	0.06837	0.01205	0.60740	0.02919	0.03863	0.06864	0.01805	0.01484	0.00824	0.00663	0.00196	0.00725	0.00626	0.00642	0.01058
24	0.02459	0.03138	0.01866	0.01696	0.02035	0.74221	0.01272	0.02629	0.01866	0.01611	0.01018	0.01187	0.00848	0.00678	0.00594	0.00170	0.01187	0.00424	0.00339	0.00763
25	0.01227	0.00614	0.00614	0.00614	0.00767	0.00614	0.00460	0.01534	0.01381	0.02454	0.02148	0.02454	0.01687	0.00767	0.00460	0.00153	0.00307	0.00614	0.80518	0.00614
26	0.81514	0.01273	0.00968	0.00866	0.01273	0.01477	0.00713	0.01935	0.01120	0.02954	0.00917	0.01069	0.00713	0.00611	0.00407	0.00204	0.00509	0.00356	0.00407	0.00713
27	0.01243	0.01170	0.01975	0.75282	0.04534	0.01463	0.01828	0.01682	0.01316	0.01682	0.01170	0.01755	0.00878	0.00658	0.00658	0.00219	0.00878	0.00585	0.00293	0.00731
28	0.01986	0.01218	0.01322	0.01077	0.01436	0.01289	0.00869	0.32495	0.02201	0.11005	0.01944	0.02041	0.01428	0.00783	0.00571	0.00179	0.00521	0.00610	0.36132	0.00895
29	0.01005	0.00658	0.00814	0.00775	0.00930	0.00619	0.00581	0.01315	0.01744	0.02594	0.54978	0.04306	0.05089	0.01202	0.00698	0.00194	0.00310	0.01047	0.20522	0.00619
30	0.01543	0.01244	0.01439	0.01042	0.01618	0.01011	0.00839	0.09409	0.01575	0.04647	0.01262	0.01417	0.01012	0.00532	0.00512	0.00112	0.00516	0.00421	0.00434	0.69416
31	0.01629	0.01564	0.02672	0.04041	0.72757	0.01564	0.02020	0.02020	0.01499	0.02151	0.01238	0.01629	0.01043	0.00587	0.00652	0.00196	0.00782	0.00587	0.00326	0.01043
32	0.01760	0.77260	0.03450	0.01126	0.01690	0.02605	0.01126	0.01971	0.01338	0.01549	0.00915	0.01056	0.00845	0.00563	0.00422	0.00141	0.00704	0.00352	0.00282	0.00845
33	0.01629	0.01564	0.02672	0.04041	0.72757	0.01564	0.02020	0.02020	0.01499	0.02151	0.01238	0.01629	0.01043	0.00587	0.00652	0.00196	0.00782	0.00587	0.00326	0.01043
34	0.02905	0.01199	0.01576	0.01209	0.01720	0.01084	0.00998	0.10526	0.02016	0.65710	0.02487	0.02169	0.01574	0.00812	0.00662	0.00203	0.00578	0.00655	0.00798	0.01120
35	0.00778	0.00667	0.00667	0.00667	0.00889	0.00556	0.00500	0.00945	0.01501	0.01778	0.06669	0.06336	0.72490	0.01667	0.00778	0.00222	0.00333	0.01389	0.00611	0.00556
36	0.01629	0.01564	0.02672	0.04041	0.72757	0.01564	0.02020	0.02020	0.01499	0.02151	0.01238	0.01629	0.01043	0.00587	0.00652	0.00196	0.00782	0.00587	0.00326	0.01043
37	0.01243	0.01170	0.01975	0.75282	0.04534	0.01463	0.01828	0.01682	0.01316	0.01682	0.01170	0.01755	0.00878	0.00658	0.00658	0.00219	0.00878	0.00585	0.00293	0.00731
38	0.00946	0.00639	0.00747	0.00757	0.00768	0.00645	0.00445	0.00971	0.00986	0.01323	0.02156	0.09077	0.02470	0.66380	0.08508	0.00645	0.00705	0.01001	0.00410	0.00422
39	0.02242	0.02711	0.01730	0.01561	0.01884	0.59600	0.01177	0.06228	0.01934	0.01901	0.11317	0.01746	0.01635	0.00781	0.00624	0.00177	0.01035	0.00544	0.00412	0.00763
40	0.00908	0.00672	0.00847	0.00803	0.00969	0.00611	0.00602	0.01196	0.01806	0.02505	0.62081	0.05140	0.16625	0.01396	0.00777	0.00209	0.00314	0.01222	0.00707	0.00611
41	0.01243	0.01170	0.01975	0.75282	0.04534	0.01463	0.01828	0.01682	0.01316	0.01682	0.01170	0.01755	0.00878	0.00658	0.00658	0.00219	0.00878	0.00585	0.00293	0.00731
42	0.02459	0.03138	0.01866	0.01696	0.02035	0.74221	0.01272	0.02629	0.01866	0.01611	0.01018	0.01187	0.00848	0.00678	0.00594	0.00170	0.01187	0.00424	0.00339	0.00763
43	0.00778	0.00667	0.00667	0.00667	0.00889	0.00556	0.00500	0.00945	0.01501	0.01778	0.06669	0.06336	0.72490	0.01667	0.00778	0.00222	0.00333	0.01389	0.00611	0.00556
44	0.00926	0.00673	0.00872	0.00822	0.00980	0.00619	0.00617	0.01232	0.01850	0.02609	0.70040	0.04969	0.08601	0.01357	0.00777	0.00208	0.00311	0.01198	0.00721	0.00619
45	0.01760	0.77260	0.03450	0.01126	0.01690	0.02605	0.01126	0.01971	0.01338	0.01549	0.00915	0.01056	0.00845	0.00563	0.00422	0.00141	0.00704	0.00352	0.00282	0.00845
46	0.02655	0.01134	0.01491	0.01196	0.01663	0.01040	0.00984	0.03121	0.10892	0.59241	0.02668	0.02621	0.01826	0.00893	0.00680	0.00213	0.00558	0.05268	0.00782	0.01075
47	0.02503	0.01844	0.01976	0.01515	0.02042	0.02042	0.01251	0.70562	0.03095	0.04149	0.01581	0.01581	0.01120	0.00790	0.00659	0.00198	0.00724	0.00593	0.00659	0.01120
48	0.02622	0.01652	0.01857	0.01423	0.01946	0.01756	0.01176	0.52662	0.02773	0.22503	0.01851	0.01756	0.01255	0.00797	0.00659	0.00199	0.00681	0.00611	0.00700	0.01120
49	0.01461	0.01612	0.03410	0.13027	0.03437	0.01563	0.56059	0.01971	0.01501	0.02020	0.01457	0.06592	0.01198	0.00667	0.00764	0.00225	0.01030	0.00820	0.00345	0.00843
50	0.01358	0.01245	0.02027	0.64919	0.09491	0.01510	0.01804	0.06385	0.01451	0.01885	0.01203	0.01734	0.00906	0.00662	0.00658	0.00216	0.00860	0.00586	0.00320	0.00781
51	0.01760	0.77260	0.03450	0.01126	0.01690	0.02605	0.01126	0.01971	0.01338	0.01549	0.00915	0.01056	0.00845	0.00563	0.00422	0.00141	0.00704	0.00352	0.00282	0.00845
52	0.00786	0.00634	0.00701	0.00754	0.00912	0.00548	0.00539	0.00935	0.01417	0.01744	0.05611	0.30734	0.48775	0.01805	0.00800	0.00238	0.00350	0.01557	0.00611	0.00548
53	0.01424	0.01355	0.02302	0.41888	0.36513	0.01510	0.01918	0.01841	0.01402	0.01902	0.01202	0.01696	0.00955	0.00625	0.00655	0.00208	0.00833	0.00586	0.00308	0.00877
54	0.01439	0.23270	0.54624	0.01675	0.02537	0.01818	0.02081	0.02054	0.01376	0.01941	0.01110	0.01300	0.00837	0.00609	0.00571	0.00190	0.00901	0.00450	0.00279	0.00938
55	0.02917	0.01272	0.01553	0.01211	0.01707	0.06472	0.00990	0.03165	0.01883	0.67833	0.02479	0.02162	0.01571	0.00805	0.00657	0.00201	0.00607	0.00644	0.00779	0.01094
56	0.02099	0.01455	0.01545	0.01230	0.01638	0.01590	0.01001	0.48727	0.02553	0.03613	0.01760	0.01857	0.01299	0.00783	0.00596	0.00184	0.00592	0.00599	0.25920	0.00960
57	0.01651	0.00834	0.01098	0.00940	0.01229	0.00742	0.00737	0.01931	0.01844	0.28097	0.42223	0.04056	0.09535	0.01178	0.00735	0.00207	0.00403	0.01014	0.00749	0.00797
58	0.00942	0.00698	0.01022	0.01022	0.01127	0.00803	0.00778	0.01152	0.01047	0.01502	0.01796	0.02769	0.01725	0.12560	0.66741	0.01014	0.01644	0.00732	0.00358	0.00568
59	0.02100	0.01953	0.07482	0.01678	0.02167	0.07174	0.08151	0.39122	0.06667	0.03150	0.01454	0.01588	0.01086	0.00787	0.00839	0.00208	0.09822	0.00592	0.00522	0.03457
60	0.01648	0.01462	0.01455	0.01319	0.01657	0.06972	0.01016	0.07647	0.52191	0.02643	0.04435	0.10404	0.02228	0.01009	0.00685	0.00222	0.00564	0.00844	0.00639	0.00960
61	0.00948	0.00676	0.00910	0.00910	0.00977	0.00743	0.00639	0.01081	0.01014	0.01419	0.01898	0.03334	0.01971	0.36178	0.43458	0.00876	0.01275	0.00815	0.00373	0.00506
62	0.02224	0.02287	0.02009	0.01692	0.02095	0.38102	0.10144	0.02786	0.15435	0.12197	0.01606	0.01670	0.01208	0.00737	0.00685	0.00195	0.03003	0.00571	0.00470	0.00884
63	0.00816	0.00584	0.00776	0.00907	0.00958	0.00544	0.00612	0.00952	0.01326	0.01785	0.11101	0.68664	0.04556	0.01985	0.00833	0.00261	0.00374	0.01798	0.00623	0.00544
64	0.01365	0.01170	0.01365	0.00975	0.01560	0.00878	0.00780	0.01658	0.01365	0.02145	0.01170	0.01365	0.00975	0.00488	0.00488	0.00098	0.00488	0.00390	0.00390	0.80888
65	0.01629	0.01564	0.02672	0.04041	0.72757	0.01564	0.02020	0.02020	0.01499	0.02151	0.01238	0.01629	0.01043	0.00587	0.00652	0.00196	0.00782	0.00587	0.00326	0.01043
66	0.00800	0.00579	0.00757	0.00900	0.00950	0.00536	0.00604	0.00919	0.01277	0.01687	0.03835	0.71674	0.08981	0.02036	0.00836	0.00264	0.00379	0.01839	0.00611	0.00536
67	0.00940	0.00705	0.01058	0.01058	0.01176	0.00823	0.00823	0.01176	0.01058	0.01528	0.01763	0.02586	0.01646	0.04937	0.74255	0.01058	0.01763	0.00705	0.00353	0.00588
68	0.01020	0.01022	0.00839	0.00815	0.01054	0.11151	0.00611	0.01187	0.01553	0.01754	0.05856	0.05595	0.62186	0.01525	0.00752	0.00215	0.00456	0.01251	0.00572	0.00586
69	0.01624	0.01580	0.02763	0.03946	0.67549	0.01572	0.07156	0.02027	0.01503	0.02148	0.01245	0.01640	0.01039	0.00584	0.00661	0.00198	0.00807	0.00601	0.00326	0.01031
70	0.01436	0.01520	0.03062	0.02318	0.02795	0.01515	0.47389	0.01888	0.01480	0.02016	0.01732	0.02932	0.01573	0.00894	0.00972	0.00247	0.09984	0.15055	0.00385	0.00808
71	0.01290	0.00753	0.00801	0.00751	0.00924	0.00797	0.00581	0.05949	0.01475	0.02454	0.02364	0.02621	0.06915	0.00862	0.00612	0.00171	0.05453	0.00668	0.63911	0.00649
72	0.00940	0.00705	0.01058	0.01058	0.01176	0.00823	0.00823	0.01176	0.01058	0.01528	0.01763	0.02586	0.01646	0.04937	0.74255	0.01058	0.01763	0.00705	0.00353	0.00588
73	0.01227	0.00614	0.00614	0.00614	0.00767	0.00614	0.00460	0.01534	0.01381	0.02454	0.02148	0.02454	0.01687	0.00767	0.00460	0.00153	0.00307	0.00614	0.80518	0.00614
74	0.00919	0.00672	0.00862	0.00815	0.00976	0.00616	0.00611	0.01217	0.01833	0.02567	0.66851	0.05037	0.11816	0.01373	0.00777	0.00208	0.00313	0.01207	0.00715	0.00616
75	0.02503	0.01844	0.01976	0.01515	0.02042	0.02042	0.01251	0.70562	0.03095	0.04149	0.01581	0.01581	0.01120	0.00790	0.00659	0.00198	0.00724	0.00593	0.00659	0.01120
76	0.01227	0.00614	0.00614	0.00614	0.00767	0.00614	0.00460	0.01534	0.01381	0.02454	0.02148	0.02454	0.01687	0.00767	0.00460	0.00153	0.00307	0.00614	0.80518	0.00614
77	0.08857	0.01132	0.01486	0.01148	0.01650	0.01006	0.00948	0.03113	0.01827	0.67934	0.02471	0.02153	0.01561	0.00800	0.00643	0.00204	0.00556	0.00639	0.00784	0.01090
78	0.00792	0.00659	0.00677	0.00686	0.00882	0.00560	0.00500	0.00944	0.01448	0.01738	0.06161	0.10723	0.63332	0.06799	0.00957	0.00253	0.00357	0.01391	0.00597	0.00544
79	0.01440	0.01440	0.02016	0.01728	0.01728	0.02016	0.01440	0.01584	0.01008	0.01584	0.00864	0.01440	0.00864	0.01152	0.02160	0.00288	0.75659	0.00576	0.00288	0.00720
80	0.02503	0.01844	0.01976	0.01515	0.02042	0.02042	0.01251	0.70562	0.03095	0.04149	0.01581	0.01581	0.01120	0.00790	0.00659	0.00198	0.00724	0.00593	0.00659	0.01120
81	0.01325	0.01214	0.01975	0.70520	0.04373	0.01500	0.01791	0.06128	0.01431	0.01841	0.01197	0.01744	0.00893	0.00667	0.00658	0.00218	0.00868	0.00586	0.00316	0.00756
82	0.01015	0.00773	0.00912	0.00861	0.01033	0.00761	0.00629	0.01479	0.11694	0.02319	0.41926	0.04671	0.14488	0.13191	0.01166	0.00279	0.00396	0.01118	0.00649	0.00637
83	0.00932	0.00673	0.00880	0.00828	0.00984	0.00621	0.00621	0.01242	0.01863	0.02640	0.72410	0.04918	0.06212	0.01346	0.00776	0.00207	0.00311	0.01191	0.00725	0.00621
84	0.01243	0.01170	0.01975	0.75282	0.04534	0.01463	0.01828	0.01682	0.01316	0.01682	0.01170	0.01755	0.00878	0.00658	0.00658	0.00219	0.00878	0.00585	0.00293	0.00731
85	0.01187	0.00791	0.01006	0.00903	0.01110	0.00751	0.00692	0.06584	0.01957	0.07546	0.62347	0.04485	0.05518	0.01268	0.00760	0.00206	0.00359	0.01110	0.00726	0.00693
86	0.01243	0.01170	0.01975	0.75282	0.04534	0.01463	0.01828	0.01682	0.01316	0.01682	0.01170	0.01755	0.00878	0.00658	0.00658	0.00219	0.00878	0.00585	0.00293	0.00731
87	0.02503	0.01844	0.01976	0.01515	0.02042	0.02042	0.01251	0.70562	0.03095	0.04149	0.01581	0.01581	0.01120	0.00790	0.00659	0.00198	0.00724	0.00593	0.00659	0.01120
88	0.01417	0.00981	0.01493	0.27362	0.07223	0.01038	0.01198	0.01769	0.01649	0.13708	0.31133	0.03145	0.03237	0.00966	0.00708	0.00210	0.00583	0.00850	0.00560	0.00770
89	0.01576	0.02499	0.39094	0.01928	0.04862	0.01550	0.12929	0.04538	0.14997	0.07113	0.01604	0.01728	0.01156	0.00682	0.00663	0.00212	0.00866	0.00601	0.00412	0.00989
90	0.10548	0.20980	0.02845	0.05886	0.02453	0.08690	0.25532	0.02226	0.01512	0.11410	0.01309	0.01520	0.00991	0.00615	0.00607	0.00192	0.00863	0.00563	0.00390	0.00868
91	0.01243	0.01170	0.01975	0.75282	0.04534	0.01463	0.01828	0.01682	0.01316	0.01682	0.01170	0.01755	0.00878	0.00658	0.00658	0.00219	0.00878	0.00585	0.00293	0.00731
92	0.01510	0.01443	0.02457	0.26001	0.51727	0.01533	0.01961	0.01916	0.01443	0.02006	0.01217	0.01668	0.00992	0.00609	0.00654	0.00203	0.00812	0.00586	0.00316	0.00947
93	0.00843	0.00669	0.00757	0.00735	0.00929	0.00583	0.00551	0.01070	0.01654	0.02142	0.34389	0.05738	0.44544	0.01532	0.00777	0.00216	0.00324	0.01306	0.00659	0.00583
94	0.01243	0.01170	0.01975	0.75282	0.04534	0.01463	0.01828	0.01682	0.01316	0.01682	0.01170	0.01755	0.00878	0.00658	0.00658	0.00219	0.00878	0.00585	0.00293	0.00731
95	0.01796	0.01467	0.10765	0.01711	0.12886	0.01254	0.01293	0.02529	0.18796	0.20999	0.04371	0.02347	0.03849	0.01406	0.11192	0.00331	0.00796	0.00693	0.00559	0.00961
96	0.01944	0.02430	0.12933	0.01522	0.01954	0.34766	0.01318	0.11926	0.01784	0.02049	0.01287	0.01636	0.01079	0.05246	0.10582	0.00319	0.01097	0.00522	0.00383	0.05222
97	0.01381	0.01134	0.01309	0.01034	0.01478	0.01014	0.00815	0.06526	0.12632	0.02496	0.18617	0.02408	0.02410	0.00779	0.00597	0.00150	0.00466	0.00653	0.00533	0.43568
98	0.01850	0.01839	0.02649	0.11788	0.02848	0.12150	0.27529	0.14685	0.05516	0.04298	0.01378	0.01674	0.01043	0.00703	0.00817	0.00215	0.07064	0.00646	0.00415	0.00892
99	0.01749	0.01368	0.01990	0.11408	0.18639	0.01379	0.05053	0.11735	0.01699	0.10883	0.01668	0.02016	0.03466	0.00741	0.00725	0.00191	0.04826	0.03035	0.00458	0.16970
100	0.01511	0.01373	0.02186	0.40450	0.03453	0.03786	0.11490	0.01995	0.06132	0.07173	0.01350	0.01775	0.01025	0.00749	0.00910	0.00228	0.12621	0.00623	0.00364	0.00803
101	0.01511	0.01238	0.01795	0.17522	0.02405	0.01215	0.09509	0.11121	0.01707	0.06097	0.09320	0.02440	0.05788	0.00795	0.00654	0.00184	0.00661	0.02877	0.00476	0.22684
102	0.01451	0.01366	0.01838	0.01547	0.01796	0.08863	0.14456	0.03597	0.06206	0.03857	0.07214	0.09008	0.02211	0.11999	0.01373	0.00298	0.13735	0.08005	0.00461	0.00720
103	0.17086	0.01324	0.01847	0.01710	0.11982	0.01307	0.10414	0.05985	0.01542	0.08044	0.09195	0.01882	0.01574	0.00710	0.00680	0.00186	0.04636	0.00597	0.00458	0.18843
104	0.16289	0.01368	0.01585	0.01365	0.03646	0.05581	0.05226	0.14590	0.01837	0.15404	0.11695	0.02643	0.03946	0.00941	0.00754	0.00216	0.05468	0.06015	0.00574	0.00858
105	0.06473	0.01478	0.02656	0.12093	0.10387	0.03470	0.31838	0.02056	0.01529	0.09742	0.03456	0.04851	0.01453	0.00756	0.00718	0.00220	0.00874	0.04674	0.00420	0.00858
106	0.12611	0.01007	0.01406	0.01272	0.04024	0.00990	0.11291	0.05704	0.01548	0.02256	0.13003	0.20894	0.18822	0.01302	0.00727	0.00226	0.00526	0.01156	0.00548	0.00686

[dist]
# distance from previous block
# <min> <max>
0	100

# created by:
# /home/berkeley/.conda/envs/busco_data_prod/bin/msa2prfl.pl pipeline/OGs_align_augustus/5794/31048.fs
