[name]
unknown

[dist]
# distance from previous block
# <min> <max>
0	80

[block]
# block no. 0 follows, 31 sequences, length 144
# corresponding to MSA columns:
# 356-499
name=unknown_A
#
# <colnr> <probs for GDERKNQSTAVLIFYWHMCP>
#	G	D	E	R	K	N	Q	S	T	A	V	L	I	F	Y	W	H	M	C	P
0	0.03758	0.04098	0.12565	0.08815	0.12954	0.03473	0.01434	0.07210	0.01664	0.02385	0.10433	0.02261	0.01825	0.00777	0.00644	0.00187	0.00701	0.03617	0.00440	0.20760
1	0.01073	0.00835	0.01164	0.01481	0.14076	0.00814	0.00852	0.01228	0.01301	0.01751	0.05493	0.24085	0.07763	0.28484	0.01778	0.00400	0.00580	0.05723	0.00504	0.00613
2	0.00962	0.00737	0.00997	0.01001	0.01108	0.00797	0.00744	0.01155	0.01275	0.01757	0.10692	0.16362	0.11392	0.10595	0.32251	0.00657	0.05327	0.01110	0.00492	0.00589
3	0.01579	0.01010	0.01154	0.01000	0.01305	0.01003	0.00785	0.12752	0.07644	0.11867	0.22377	0.03907	0.17174	0.01176	0.00715	0.00210	0.00449	0.00983	0.12093	0.00818
4	0.00843	0.00612	0.00796	0.00923	0.00989	0.00565	0.00626	0.00984	0.01384	0.01840	0.09770	0.63849	0.10201	0.02046	0.00862	0.00269	0.00386	0.01844	0.00645	0.00565
5	0.80789	0.01323	0.01006	0.00900	0.01323	0.01535	0.00741	0.02011	0.01164	0.03070	0.00953	0.01111	0.00741	0.00635	0.00423	0.00212	0.00529	0.00370	0.00423	0.00741
6	0.00831	0.00690	0.00731	0.00757	0.00964	0.00590	0.00571	0.01009	0.01536	0.01852	0.06395	0.13434	0.60248	0.01784	0.00824	0.00241	0.00371	0.05959	0.00635	0.00579
7	0.01372	0.03539	0.72412	0.01950	0.02961	0.01589	0.02528	0.02167	0.01444	0.02167	0.01228	0.01444	0.00867	0.00650	0.00650	0.00217	0.01011	0.00506	0.00289	0.01011
8	0.42752	0.01547	0.01443	0.01180	0.01644	0.01745	0.00971	0.31331	0.02071	0.03584	0.01317	0.01415	0.00976	0.00724	0.00540	0.00206	0.00616	0.00491	0.04525	0.00920
9	0.02601	0.01916	0.02053	0.01574	0.02122	0.02122	0.01300	0.69408	0.03217	0.04312	0.01643	0.01643	0.01163	0.00821	0.00684	0.00205	0.00753	0.00616	0.00684	0.01163
10	0.03070	0.01164	0.01588	0.01217	0.01746	0.01006	0.01006	0.03334	0.01958	0.72163	0.02699	0.02329	0.01694	0.00847	0.00688	0.00212	0.00582	0.00688	0.00847	0.01164
11	0.02556	0.03261	0.01939	0.01763	0.02115	0.73210	0.01322	0.02732	0.01939	0.01674	0.01058	0.01234	0.00881	0.00705	0.00617	0.00176	0.01234	0.00441	0.00353	0.00793
12	0.01693	0.01626	0.02777	0.04199	0.71689	0.01626	0.02100	0.02100	0.01558	0.02235	0.01287	0.01693	0.01084	0.00610	0.00677	0.00203	0.00813	0.00610	0.00339	0.01084
13	0.00886	0.00645	0.00835	0.00895	0.00999	0.00594	0.00630	0.01091	0.01582	0.02156	0.31265	0.41784	0.10475	0.01811	0.00841	0.00249	0.00363	0.01621	0.00683	0.00594
14	0.76882	0.01315	0.01035	0.00916	0.01344	0.01508	0.00754	0.02078	0.01204	0.06543	0.01040	0.01173	0.00789	0.00646	0.00437	0.00212	0.00532	0.00386	0.00445	0.00762
15	0.00907	0.00697	0.00830	0.00796	0.00984	0.00619	0.00597	0.01172	0.01792	0.02400	0.46624	0.05676	0.31374	0.01527	0.00808	0.00221	0.00332	0.01317	0.00708	0.00619
16	0.53339	0.01420	0.01305	0.01084	0.01549	0.01576	0.00894	0.15938	0.01700	0.13564	0.01352	0.01400	0.00968	0.00704	0.00516	0.00210	0.00583	0.00468	0.00539	0.00890
17	0.00838	0.00691	0.00736	0.00731	0.00944	0.00589	0.00546	0.01036	0.01619	0.02004	0.18299	0.08467	0.57764	0.01686	0.00810	0.00230	0.00344	0.01423	0.00656	0.00589
18	0.00977	0.00708	0.00854	0.00819	0.01011	0.00630	0.00613	0.01236	0.01774	0.04752	0.43065	0.09070	0.28913	0.01534	0.00807	0.00224	0.00344	0.01326	0.00709	0.00635
19	0.01897	0.15265	0.02225	0.24097	0.02802	0.13737	0.01430	0.14181	0.13379	0.02349	0.01480	0.01686	0.01142	0.00735	0.00631	0.00201	0.00843	0.00566	0.00443	0.00912
20	0.25524	0.01893	0.06475	0.01390	0.01900	0.06704	0.01195	0.37795	0.02331	0.03522	0.01451	0.04246	0.01127	0.00797	0.00608	0.00209	0.00724	0.00574	0.00556	0.00980
21	0.04824	0.36440	0.12841	0.01771	0.11903	0.04062	0.01483	0.10732	0.03748	0.02224	0.01270	0.03569	0.01082	0.00690	0.00559	0.00182	0.00776	0.00514	0.00378	0.00952
22	0.60563	0.01196	0.01036	0.01026	0.03889	0.01353	0.00778	0.01852	0.01214	0.02785	0.01383	0.04338	0.01261	0.05684	0.00685	0.00247	0.00540	0.05024	0.04429	0.00714
23	0.01575	0.03978	0.22856	0.08626	0.16958	0.01483	0.08348	0.05145	0.03721	0.06610	0.12019	0.02211	0.01879	0.00777	0.00697	0.00214	0.00812	0.00697	0.00441	0.00955
24	0.00827	0.00682	0.00727	0.00741	0.00942	0.00582	0.00546	0.01009	0.01567	0.01924	0.12900	0.14663	0.57029	0.01749	0.00816	0.00235	0.00350	0.01483	0.00647	0.00582
25	0.00834	0.00595	0.00794	0.00953	0.00992	0.00556	0.00635	0.00953	0.01310	0.01746	0.03771	0.75510	0.04525	0.02143	0.00873	0.00278	0.00397	0.01945	0.00635	0.00556
26	0.02387	0.01469	0.01687	0.01334	0.01803	0.01521	0.01094	0.37736	0.02579	0.22161	0.09365	0.02723	0.06856	0.00985	0.00715	0.00213	0.00631	0.02957	0.00730	0.01053
27	0.02556	0.03261	0.01939	0.01763	0.02115	0.73210	0.01322	0.02732	0.01939	0.01674	0.01058	0.01234	0.00881	0.00705	0.00617	0.00176	0.01234	0.00441	0.00353	0.00793
28	0.01176	0.01231	0.09969	0.01119	0.01528	0.00870	0.01017	0.01535	0.01595	0.02284	0.20673	0.06355	0.07116	0.01164	0.00722	0.00202	0.00533	0.14331	0.00549	0.26031
29	0.01357	0.01282	0.02169	0.62969	0.15548	0.01537	0.01932	0.01805	0.01399	0.01827	0.01227	0.01803	0.00940	0.00672	0.00683	0.00224	0.00896	0.00608	0.00310	0.00812
30	0.01500	0.01430	0.09587	0.33707	0.13532	0.01331	0.01705	0.01938	0.01517	0.09008	0.04887	0.02718	0.01666	0.00871	0.00711	0.00229	0.00793	0.08883	0.03136	0.00851
31	0.01702	0.01470	0.01547	0.01392	0.01779	0.01702	0.01083	0.03635	0.70453	0.02862	0.02785	0.02553	0.02088	0.00928	0.00696	0.00232	0.00541	0.00773	0.00696	0.01083
32	0.00984	0.00706	0.00961	0.00961	0.01035	0.00780	0.00682	0.01133	0.01058	0.01485	0.01959	0.03390	0.02015	0.32934	0.45860	0.00928	0.01374	0.00836	0.00385	0.00534
33	0.01537	0.01099	0.01241	0.01054	0.01373	0.01103	0.00832	0.22468	0.02231	0.06473	0.28402	0.04301	0.22555	0.01284	0.00763	0.00216	0.00476	0.01074	0.00704	0.00814
34	0.14818	0.01438	0.01541	0.01242	0.01736	0.01489	0.01002	0.16316	0.20708	0.13124	0.01905	0.01857	0.01393	0.00756	0.00608	0.00192	0.00581	0.00584	0.00609	0.18101
35	0.01420	0.01705	0.15933	0.01324	0.04536	0.01077	0.01209	0.01827	0.01429	0.02217	0.01221	0.01434	0.00986	0.00540	0.00542	0.00129	0.00621	0.00433	0.00379	0.61037
36	0.01675	0.21040	0.01873	0.01023	0.01536	0.01336	0.00879	0.01924	0.01529	0.13502	0.02554	0.02536	0.15432	0.00833	0.00580	0.00158	0.00546	0.00653	0.00495	0.29897
37	0.80789	0.01323	0.01006	0.00900	0.01323	0.01535	0.00741	0.02011	0.01164	0.03070	0.00953	0.01111	0.00741	0.00635	0.00423	0.00212	0.00529	0.00370	0.00423	0.00741
38	0.01581	0.02072	0.26970	0.01438	0.02009	0.01457	0.01483	0.10751	0.20524	0.02670	0.01945	0.02112	0.01480	0.03616	0.00739	0.00225	0.00696	0.00638	0.16644	0.00951
39	0.80789	0.01323	0.01006	0.00900	0.01323	0.01535	0.00741	0.02011	0.01164	0.03070	0.00953	0.01111	0.00741	0.00635	0.00423	0.00212	0.00529	0.00370	0.00423	0.00741
40	0.00995	0.00663	0.00746	0.00746	0.00746	0.00663	0.00415	0.00995	0.00995	0.01327	0.02156	0.04477	0.02487	0.75957	0.03482	0.00663	0.00663	0.00995	0.00415	0.00415
41	0.00852	0.00629	0.00788	0.00907	0.00990	0.00579	0.00627	0.00987	0.01360	0.01763	0.04325	0.54103	0.18016	0.05756	0.00995	0.00290	0.00413	0.05440	0.00624	0.00557
42	0.01419	0.01216	0.01419	0.01013	0.01621	0.00912	0.00811	0.01723	0.01419	0.02229	0.01216	0.01419	0.01013	0.00507	0.00507	0.00101	0.00507	0.00405	0.00405	0.80139
43	0.01338	0.01263	0.02135	0.66248	0.12415	0.01532	0.01923	0.01788	0.01390	0.01804	0.01224	0.01809	0.00932	0.00675	0.00683	0.00225	0.00901	0.00608	0.00308	0.00797
44	0.01407	0.02572	0.40295	0.01953	0.02617	0.01621	0.12538	0.01979	0.01382	0.02063	0.01350	0.04931	0.01110	0.00827	0.01007	0.00236	0.16256	0.00644	0.04311	0.00903
45	0.01250	0.01033	0.01138	0.01053	0.01329	0.01089	0.00806	0.02239	0.31676	0.02584	0.26298	0.04344	0.19875	0.01273	0.00759	0.00226	0.00424	0.01084	0.00701	0.00820
46	0.02913	0.01627	0.01716	0.01362	0.01864	0.13182	0.01103	0.13231	0.02145	0.50175	0.02266	0.02043	0.01478	0.00819	0.00676	0.00205	0.00716	0.00636	0.00740	0.01102
47	0.01951	0.04326	0.08524	0.14307	0.15750	0.01381	0.04076	0.06937	0.01711	0.22092	0.01979	0.10532	0.01609	0.00886	0.00698	0.00219	0.00739	0.00778	0.00530	0.00975
48	0.01416	0.01362	0.01877	0.01626	0.01626	0.01864	0.01322	0.01541	0.01039	0.01595	0.01102	0.01979	0.01155	0.13292	0.02445	0.00358	0.62726	0.00663	0.00318	0.00694
49	0.01497	0.01497	0.02095	0.01796	0.01796	0.02095	0.01497	0.01646	0.01048	0.01646	0.00898	0.01497	0.00898	0.01197	0.02245	0.00299	0.74704	0.00599	0.00299	0.00748
50	0.01462	0.01472	0.02743	0.40487	0.18046	0.01599	0.20353	0.01941	0.01474	0.01969	0.01276	0.01803	0.00981	0.00639	0.00716	0.00224	0.00958	0.00663	0.00323	0.00870
51	0.06295	0.04541	0.20780	0.03557	0.02256	0.10770	0.07479	0.06142	0.01603	0.11724	0.01520	0.01833	0.01176	0.03792	0.10475	0.00345	0.03797	0.00596	0.00425	0.00896
52	0.01886	0.02247	0.05144	0.02004	0.11949	0.34197	0.03962	0.02155	0.01605	0.01809	0.03381	0.01768	0.01254	0.01647	0.15571	0.00383	0.07299	0.00578	0.00358	0.00804
53	0.00893	0.00702	0.00817	0.00858	0.01044	0.00627	0.00667	0.01109	0.01588	0.02002	0.14902	0.14030	0.41602	0.01762	0.00843	0.00251	0.00406	0.14652	0.00651	0.00595
54	0.01639	0.00941	0.01146	0.01016	0.01327	0.00870	0.00784	0.04172	0.08053	0.22063	0.13676	0.16511	0.19302	0.01356	0.00760	0.00226	0.00456	0.01160	0.00711	0.03833
55	0.16868	0.14349	0.11853	0.01651	0.04266	0.01861	0.09453	0.12227	0.03587	0.08753	0.01355	0.01522	0.01026	0.00728	0.00749	0.00211	0.07610	0.00544	0.00444	0.00943
56	0.00968	0.00714	0.00926	0.01050	0.01148	0.00705	0.00770	0.01292	0.07398	0.01937	0.05840	0.53076	0.04256	0.01962	0.00870	0.00279	0.00455	0.15091	0.00643	0.00620
57	0.00871	0.00672	0.00795	0.00814	0.00975	0.00596	0.00592	0.01083	0.01632	0.02138	0.28783	0.22647	0.32513	0.01714	0.00824	0.00237	0.00350	0.01492	0.00677	0.00596
58	0.01604	0.01598	0.02577	0.19448	0.41000	0.05935	0.08574	0.02016	0.01527	0.02058	0.01355	0.01921	0.01134	0.00835	0.03412	0.00247	0.00927	0.02545	0.00342	0.00947
59	0.01508	0.14859	0.26036	0.10506	0.11216	0.01661	0.06902	0.02054	0.03831	0.04256	0.03675	0.07574	0.01447	0.00790	0.00659	0.00211	0.00838	0.00682	0.00375	0.00921
60	0.02650	0.01144	0.01448	0.01141	0.01597	0.01060	0.00932	0.10642	0.01997	0.50112	0.02481	0.02294	0.01644	0.00834	0.00645	0.00200	0.00548	0.00669	0.16904	0.01057
61	0.00850	0.00607	0.00813	0.00972	0.01019	0.00570	0.00664	0.00981	0.01326	0.01765	0.03762	0.71312	0.04488	0.02128	0.00878	0.00280	0.00411	0.05979	0.00635	0.00560
62	0.01871	0.04734	0.16747	0.05409	0.16156	0.17078	0.01657	0.08357	0.09598	0.04176	0.01692	0.01849	0.03790	0.00751	0.00653	0.00203	0.00872	0.00597	0.02851	0.00961
63	0.01581	0.06985	0.26341	0.02438	0.24837	0.01636	0.01884	0.06533	0.09846	0.02373	0.03793	0.02042	0.05212	0.00759	0.00666	0.00210	0.00799	0.00643	0.00412	0.01010
64	0.02513	0.01222	0.01535	0.01240	0.01678	0.01169	0.00997	0.17754	0.02133	0.42561	0.05208	0.14448	0.02223	0.01077	0.00722	0.00221	0.00580	0.00901	0.00771	0.01043
65	0.44663	0.01600	0.03555	0.03575	0.13469	0.08447	0.02935	0.02113	0.01368	0.05006	0.01168	0.01393	0.00916	0.00668	0.00569	0.00208	0.02658	0.00470	0.04393	0.00826
66	0.00855	0.00681	0.00767	0.00775	0.00960	0.00593	0.00570	0.01060	0.01624	0.02073	0.23709	0.16138	0.44373	0.01703	0.00817	0.00234	0.00347	0.01461	0.00667	0.00593
67	0.01714	0.09185	0.19047	0.02358	0.22632	0.06241	0.01756	0.04675	0.20861	0.02365	0.01657	0.01788	0.01283	0.00719	0.00650	0.00208	0.00801	0.00597	0.00434	0.01031
68	0.01269	0.01000	0.01261	0.03493	0.06288	0.00922	0.00890	0.05507	0.01553	0.04756	0.03334	0.22084	0.18081	0.01321	0.00775	0.00211	0.02871	0.03254	0.00547	0.20581
69	0.02073	0.06748	0.06300	0.06103	0.07731	0.04111	0.01413	0.32961	0.16331	0.03206	0.01822	0.02058	0.01411	0.00837	0.00678	0.00213	0.00748	0.03631	0.00574	0.01053
70	0.01814	0.24642	0.03201	0.04681	0.02595	0.02065	0.26484	0.13052	0.05951	0.02359	0.01427	0.01797	0.01154	0.00704	0.00711	0.00205	0.03121	0.02688	0.00411	0.00937
71	0.00816	0.00664	0.00723	0.00770	0.00944	0.00571	0.00554	0.00973	0.01486	0.01818	0.05996	0.26964	0.51635	0.01854	0.00828	0.00245	0.00361	0.01592	0.00635	0.00571
72	0.14982	0.01608	0.01772	0.05850	0.02005	0.01877	0.01218	0.33009	0.10742	0.03292	0.01553	0.01692	0.01175	0.00853	0.00878	0.00224	0.12162	0.00593	0.03541	0.00976
73	0.00950	0.00623	0.00735	0.00824	0.00928	0.00582	0.00574	0.01133	0.01384	0.01983	0.03861	0.44399	0.14588	0.01709	0.00755	0.00238	0.00367	0.01506	0.22280	0.00582
74	0.00821	0.00694	0.00710	0.00706	0.00932	0.00583	0.00529	0.01005	0.01588	0.01916	0.11817	0.06472	0.66482	0.01707	0.00808	0.00230	0.00345	0.01428	0.00644	0.00583
75	0.01981	0.00989	0.01127	0.00948	0.01271	0.00978	0.00755	0.13041	0.01866	0.21879	0.02264	0.02343	0.01642	0.00815	0.00569	0.00181	0.00461	0.00648	0.45375	0.00867
76	0.00980	0.00724	0.01054	0.01054	0.01160	0.00830	0.00798	0.01192	0.01086	0.01554	0.01874	0.02920	0.01811	0.14324	0.64191	0.01043	0.01681	0.00767	0.00373	0.00585
77	0.01702	0.01470	0.01547	0.01392	0.01779	0.01702	0.01083	0.03635	0.70453	0.02862	0.02785	0.02553	0.02088	0.00928	0.00696	0.00232	0.00541	0.00773	0.00696	0.01083
78	0.01791	0.01449	0.02475	0.11481	0.33447	0.01452	0.12582	0.04211	0.01632	0.11337	0.01595	0.01912	0.01213	0.00672	0.00678	0.00207	0.00792	0.00655	0.09437	0.00981
79	0.80789	0.01323	0.01006	0.00900	0.01323	0.01535	0.00741	0.02011	0.01164	0.03070	0.00953	0.01111	0.00741	0.00635	0.00423	0.00212	0.00529	0.00370	0.00423	0.00741
80	0.01419	0.01216	0.01419	0.01013	0.01621	0.00912	0.00811	0.01723	0.01419	0.02229	0.01216	0.01419	0.01013	0.00507	0.00507	0.00101	0.00507	0.00405	0.00405	0.80139
81	0.80789	0.01323	0.01006	0.00900	0.01323	0.01535	0.00741	0.02011	0.01164	0.03070	0.00953	0.01111	0.00741	0.00635	0.00423	0.00212	0.00529	0.00370	0.00423	0.00741
82	0.01004	0.00748	0.00956	0.01061	0.01228	0.00713	0.00885	0.01256	0.01533	0.01944	0.04508	0.09406	0.23357	0.05576	0.01031	0.00307	0.00542	0.42724	0.00621	0.00602
83	0.80789	0.01323	0.01006	0.00900	0.01323	0.01535	0.00741	0.02011	0.01164	0.03070	0.00953	0.01111	0.00741	0.00635	0.00423	0.00212	0.00529	0.00370	0.00423	0.00741
84	0.12526	0.01575	0.01757	0.01363	0.01888	0.01651	0.01126	0.37482	0.02513	0.28303	0.01932	0.01820	0.01299	0.00807	0.00653	0.00208	0.00664	0.00611	0.00710	0.01111
85	0.18421	0.01196	0.01337	0.01024	0.01550	0.01053	0.00830	0.02196	0.01507	0.20614	0.01598	0.01648	0.01171	0.00637	0.00535	0.00156	0.00522	0.00483	0.04513	0.39011
86	0.00834	0.00595	0.00794	0.00953	0.00992	0.00556	0.00635	0.00953	0.01310	0.01746	0.03771	0.75510	0.04525	0.02143	0.00873	0.00278	0.00397	0.01945	0.00635	0.00556
87	0.02067	0.01229	0.01652	0.01382	0.01669	0.01385	0.01132	0.09949	0.01643	0.27723	0.01880	0.02120	0.01426	0.02025	0.19531	0.00460	0.20585	0.00667	0.00561	0.00913
88	0.00961	0.00696	0.00872	0.00828	0.00999	0.00636	0.00621	0.01263	0.01863	0.02613	0.59457	0.05194	0.15057	0.01417	0.00792	0.00215	0.00326	0.01238	0.04318	0.00636
89	0.64955	0.01291	0.01124	0.00964	0.01409	0.01427	0.00795	0.02281	0.01326	0.17146	0.01308	0.01359	0.00935	0.00678	0.00477	0.00212	0.00540	0.00435	0.00510	0.00827
90	0.02590	0.01162	0.01541	0.01234	0.01682	0.01101	0.01008	0.10381	0.01926	0.50105	0.02403	0.02324	0.01637	0.01717	0.15470	0.00392	0.00856	0.00689	0.00731	0.01051
91	0.01224	0.01185	0.01057	0.01088	0.01249	0.15394	0.00796	0.01413	0.01602	0.01941	0.15333	0.33273	0.13595	0.01644	0.00806	0.00242	0.00565	0.06367	0.00598	0.00628
92	0.01933	0.01026	0.01259	0.01067	0.01435	0.00966	0.00846	0.02485	0.13929	0.31262	0.17790	0.03811	0.16953	0.01156	0.00739	0.00220	0.00473	0.00971	0.00758	0.00923
93	0.02924	0.01270	0.01630	0.01255	0.01773	0.01177	0.01035	0.14257	0.02148	0.58273	0.02506	0.02223	0.01608	0.00841	0.00680	0.00209	0.00601	0.00674	0.03774	0.01144
94	0.01500	0.01429	0.02428	0.37901	0.39495	0.01575	0.02004	0.01931	0.01467	0.02001	0.01253	0.01756	0.01001	0.00645	0.00681	0.00215	0.00860	0.00609	0.00322	0.00928
95	0.01367	0.01124	0.01237	0.01159	0.01435	0.01230	0.00891	0.02522	0.39200	0.02510	0.14060	0.04046	0.10299	0.08548	0.01022	0.00279	0.00506	0.07046	0.00665	0.00853
96	0.00880	0.00630	0.00790	0.00878	0.00940	0.00590	0.00582	0.01004	0.01342	0.01788	0.11771	0.46789	0.10017	0.17058	0.01391	0.00345	0.00438	0.01624	0.00604	0.00540
97	0.02235	0.01657	0.01959	0.01569	0.01924	0.01943	0.01298	0.38859	0.02335	0.09645	0.01532	0.01701	0.01155	0.00941	0.01168	0.00234	0.24056	0.00618	0.04162	0.01009
98	0.00983	0.00752	0.01080	0.06057	0.04497	0.00747	0.02957	0.01137	0.01277	0.01702	0.03018	0.43768	0.03495	0.19414	0.01473	0.00363	0.00552	0.05614	0.00538	0.00576
99	0.00832	0.00601	0.00788	0.00938	0.00988	0.00557	0.00628	0.00954	0.01324	0.01752	0.03954	0.71519	0.08398	0.02120	0.00869	0.00275	0.00394	0.01916	0.00635	0.00557
100	0.01297	0.00885	0.01065	0.01022	0.01146	0.00956	0.00713	0.01781	0.22881	0.01766	0.01987	0.05502	0.01864	0.16901	0.02146	0.35681	0.00584	0.00784	0.00460	0.00579
101	0.31006	0.02089	0.01699	0.03927	0.08175	0.24989	0.01194	0.14893	0.01843	0.02731	0.01155	0.01326	0.00902	0.00692	0.00566	0.00199	0.00838	0.00468	0.00438	0.00869
102	0.01636	0.01126	0.01590	0.04081	0.21056	0.01073	0.01159	0.05633	0.01725	0.16309	0.06722	0.08840	0.23865	0.01172	0.00741	0.00220	0.00567	0.01013	0.00593	0.00877
103	0.01419	0.01216	0.01419	0.01013	0.01621	0.00912	0.00811	0.01723	0.01419	0.02229	0.01216	0.01419	0.01013	0.00507	0.00507	0.00101	0.00507	0.00405	0.00405	0.80139
104	0.00860	0.00652	0.00793	0.00849	0.00979	0.00585	0.00602	0.01048	0.01547	0.02031	0.21912	0.36217	0.25793	0.01827	0.00836	0.00247	0.00362	0.01610	0.00665	0.00585
105	0.00921	0.00697	0.00849	0.00811	0.00993	0.00625	0.00608	0.01199	0.01824	0.02477	0.52188	0.05548	0.25761	0.01498	0.00807	0.00220	0.00330	0.01299	0.00718	0.00625
106	0.45946	0.01236	0.01184	0.00973	0.01439	0.01264	0.00795	0.02207	0.01388	0.17038	0.01424	0.01491	0.01038	0.00662	0.00496	0.00188	0.00525	0.00455	0.04495	0.15753
107	0.01040	0.00715	0.00937	0.00873	0.01047	0.00658	0.00658	0.01361	0.01937	0.05115	0.68984	0.05015	0.06293	0.01380	0.00803	0.00215	0.00332	0.01218	0.00756	0.00663
108	0.02556	0.03261	0.01939	0.01763	0.02115	0.73210	0.01322	0.02732	0.01939	0.01674	0.01058	0.01234	0.00881	0.00705	0.00617	0.00176	0.01234	0.00441	0.00353	0.00793
109	0.01497	0.01497	0.02095	0.01796	0.01796	0.02095	0.01497	0.01646	0.01048	0.01646	0.00898	0.01497	0.00898	0.01197	0.02245	0.00299	0.74704	0.00599	0.00299	0.00748
110	0.01275	0.00638	0.00638	0.00638	0.00797	0.00638	0.00478	0.01594	0.01435	0.02551	0.02232	0.02551	0.01754	0.00797	0.00478	0.00159	0.00319	0.00638	0.79755	0.00638
111	0.00908	0.00697	0.00831	0.00797	0.00985	0.00620	0.00598	0.01174	0.01794	0.02404	0.46938	0.05669	0.31057	0.01525	0.00808	0.00221	0.00332	0.01316	0.00708	0.00620
112	0.12326	0.01210	0.01535	0.01192	0.01709	0.01108	0.00984	0.05488	0.01907	0.61545	0.02454	0.02159	0.01561	0.00821	0.00656	0.00211	0.00582	0.00648	0.00791	0.01114
113	0.01497	0.01497	0.02095	0.01796	0.01796	0.02095	0.01497	0.01646	0.01048	0.01646	0.00898	0.01497	0.00898	0.01197	0.02245	0.00299	0.74704	0.00599	0.00299	0.00748
114	0.00859	0.00695	0.00763	0.00746	0.00955	0.00599	0.00559	0.01079	0.01678	0.02131	0.27254	0.06119	0.50912	0.01627	0.00808	0.00226	0.00339	0.01379	0.00672	0.00599
115	0.01372	0.03539	0.72412	0.01950	0.02961	0.01589	0.02528	0.02167	0.01444	0.02167	0.01228	0.01444	0.00867	0.00650	0.00650	0.00217	0.01011	0.00506	0.00289	0.01011
116	0.01102	0.00787	0.01102	0.01260	0.01417	0.00787	0.01102	0.01417	0.01575	0.02047	0.03622	0.07717	0.03937	0.01890	0.00945	0.00315	0.00630	0.67084	0.00630	0.00630
117	0.80789	0.01323	0.01006	0.00900	0.01323	0.01535	0.00741	0.02011	0.01164	0.03070	0.00953	0.01111	0.00741	0.00635	0.00423	0.00212	0.00529	0.00370	0.00423	0.00741
118	0.01175	0.01090	0.01724	0.56521	0.03797	0.01292	0.01566	0.01563	0.01414	0.01772	0.02597	0.02974	0.17949	0.00937	0.00714	0.00229	0.00775	0.00810	0.00384	0.00716
119	0.00993	0.00743	0.00943	0.00966	0.00989	0.00800	0.00649	0.01074	0.01169	0.01598	0.05774	0.32360	0.03276	0.33805	0.02168	0.00444	0.09888	0.01333	0.00503	0.00523
120	0.00887	0.00666	0.00822	0.00846	0.00988	0.00601	0.00610	0.01110	0.01651	0.02214	0.34484	0.26833	0.22369	0.01709	0.00827	0.00238	0.00351	0.01504	0.00687	0.00601
121	0.01985	0.01611	0.01707	0.01450	0.01887	0.01834	0.01152	0.24392	0.49234	0.03319	0.02424	0.02265	0.01797	0.00894	0.00692	0.00224	0.00608	0.00724	0.00692	0.01108
122	0.45217	0.01597	0.04213	0.02149	0.24589	0.04278	0.04711	0.02082	0.01355	0.02668	0.01097	0.01355	0.00878	0.00627	0.00541	0.00209	0.00697	0.00478	0.00384	0.00874
123	0.01204	0.00705	0.00900	0.00895	0.01039	0.00706	0.00658	0.01434	0.01401	0.07865	0.11058	0.17902	0.02946	0.08243	0.17942	0.00456	0.00740	0.01034	0.22231	0.00641
124	0.01703	0.05218	0.12842	0.09139	0.14708	0.04300	0.06196	0.13301	0.06194	0.04252	0.01689	0.01979	0.03291	0.01332	0.10524	0.00331	0.00979	0.00645	0.00433	0.00946
125	0.01971	0.11064	0.02107	0.04088	0.06006	0.35309	0.01340	0.02173	0.01559	0.01691	0.01186	0.03845	0.01087	0.01216	0.07258	0.00285	0.16133	0.00553	0.00343	0.00786
126	0.01419	0.01216	0.01419	0.01013	0.01621	0.00912	0.00811	0.01723	0.01419	0.02229	0.01216	0.01419	0.01013	0.00507	0.00507	0.00101	0.00507	0.00405	0.00405	0.80139
127	0.01298	0.00877	0.01000	0.00917	0.01180	0.00846	0.00704	0.01846	0.13760	0.09958	0.24343	0.04628	0.26426	0.01315	0.00746	0.00218	0.00397	0.01113	0.07674	0.00755
128	0.00901	0.00697	0.00821	0.00790	0.00981	0.00617	0.00593	0.01161	0.01778	0.02366	0.44179	0.05732	0.33840	0.01539	0.00808	0.00222	0.00333	0.01324	0.00703	0.00617
129	0.00834	0.00595	0.00794	0.00953	0.00992	0.00556	0.00635	0.00953	0.01310	0.01746	0.03771	0.75510	0.04525	0.02143	0.00873	0.00278	0.00397	0.01945	0.00635	0.00556
130	0.00977	0.00733	0.01100	0.01100	0.01222	0.00855	0.00855	0.01222	0.01100	0.01588	0.01833	0.02688	0.01710	0.05131	0.73245	0.01100	0.01833	0.00733	0.00367	0.00611
131	0.01403	0.00796	0.01054	0.00935	0.01172	0.00720	0.00720	0.01714	0.01941	0.17121	0.57114	0.04534	0.05469	0.01284	0.00782	0.00214	0.00376	0.01123	0.00773	0.00753
132	0.02601	0.01916	0.02053	0.01574	0.02122	0.02122	0.01300	0.69408	0.03217	0.04312	0.01643	0.01643	0.01163	0.00821	0.00684	0.00205	0.00753	0.00616	0.00684	0.01163
133	0.80789	0.01323	0.01006	0.00900	0.01323	0.01535	0.00741	0.02011	0.01164	0.03070	0.00953	0.01111	0.00741	0.00635	0.00423	0.00212	0.00529	0.00370	0.00423	0.00741
134	0.64860	0.01444	0.01219	0.01037	0.01486	0.01654	0.00855	0.15742	0.01582	0.03323	0.01093	0.01220	0.00827	0.00673	0.00477	0.00210	0.00575	0.00420	0.00477	0.00827
135	0.02556	0.03261	0.01939	0.01763	0.02115	0.73210	0.01322	0.02732	0.01939	0.01674	0.01058	0.01234	0.00881	0.00705	0.00617	0.00176	0.01234	0.00441	0.00353	0.00793
136	0.01702	0.01470	0.01547	0.01392	0.01779	0.01702	0.01083	0.03635	0.70453	0.02862	0.02785	0.02553	0.02088	0.00928	0.00696	0.00232	0.00541	0.00773	0.00696	0.01083
137	0.01615	0.01845	0.04037	0.02884	0.03576	0.01730	0.69204	0.02191	0.01615	0.02191	0.01384	0.01845	0.01038	0.00577	0.00807	0.00231	0.01153	0.00807	0.00346	0.00923
138	0.00905	0.00697	0.00826	0.00794	0.00983	0.00618	0.00596	0.01168	0.01787	0.02387	0.45720	0.05696	0.32285	0.01531	0.00808	0.00221	0.00332	0.01319	0.00706	0.00618
139	0.00816	0.00665	0.00722	0.00767	0.00943	0.00571	0.00552	0.00974	0.01489	0.01819	0.06036	0.26107	0.52466	0.01849	0.00827	0.00244	0.00361	0.01586	0.00635	0.00571
140	0.36176	0.01316	0.01304	0.01121	0.01491	0.01487	0.00905	0.20552	0.01756	0.03041	0.04901	0.01890	0.01400	0.04062	0.15450	0.00405	0.00851	0.00576	0.00501	0.00817
141	0.00983	0.00712	0.00992	0.00992	0.01077	0.00797	0.00721	0.01153	0.01068	0.01508	0.01931	0.03233	0.01947	0.26722	0.51978	0.00967	0.01476	0.00813	0.00381	0.00551
142	0.02420	0.25486	0.02379	0.01391	0.01899	0.16503	0.01183	0.15759	0.05126	0.19108	0.01610	0.01593	0.01185	0.00734	0.00595	0.00184	0.00794	0.00526	0.00533	0.00994
143	0.04181	0.26366	0.11201	0.11713	0.08536	0.18217	0.01538	0.02155	0.01517	0.01835	0.01084	0.01349	0.00902	0.00654	0.00621	0.00183	0.03290	0.00464	0.00320	0.03875

[dist]
# distance from previous block
# <min> <max>
0	2

[block]
# block no. 1 follows, 31 sequences, length 22
# corresponding to MSA columns:
# 502-523
name=unknown_B
#
# <colnr> <probs for GDERKNQSTAVLIFYWHMCP>
#	G	D	E	R	K	N	Q	S	T	A	V	L	I	F	Y	W	H	M	C	P
0	0.16453	0.01451	0.02144	0.17145	0.26366	0.01608	0.05782	0.04258	0.05574	0.02366	0.01327	0.01690	0.01058	0.00703	0.00745	0.00218	0.06060	0.00587	0.03561	0.00904
1	0.01265	0.01144	0.01893	0.38744	0.13381	0.01278	0.04279	0.01678	0.01579	0.02141	0.22585	0.02807	0.02631	0.00886	0.00725	0.00221	0.00728	0.00808	0.00448	0.00779
2	0.00977	0.00733	0.01100	0.01100	0.01222	0.00855	0.00855	0.01222	0.01100	0.01588	0.01833	0.02688	0.01710	0.05131	0.73245	0.01100	0.01833	0.00733	0.00367	0.00611
3	0.05113	0.01951	0.17026	0.17989	0.12685	0.01647	0.01749	0.19927	0.01962	0.11151	0.01510	0.01709	0.01081	0.00720	0.00666	0.00213	0.00822	0.00589	0.00476	0.01014
4	0.00873	0.00696	0.00782	0.00761	0.00964	0.00605	0.00570	0.01106	0.01711	0.02209	0.32878	0.05990	0.45239	0.01598	0.00808	0.00225	0.00337	0.01361	0.00683	0.00605
5	0.00836	0.00627	0.00763	0.00867	0.00959	0.00568	0.00590	0.00963	0.01362	0.01751	0.04570	0.51938	0.23298	0.06293	0.01006	0.00287	0.00398	0.01748	0.00622	0.00554
6	0.80789	0.01323	0.01006	0.00900	0.01323	0.01535	0.00741	0.02011	0.01164	0.03070	0.00953	0.01111	0.00741	0.00635	0.00423	0.00212	0.00529	0.00370	0.00423	0.00741
7	0.01372	0.03539	0.72412	0.01950	0.02961	0.01589	0.02528	0.02167	0.01444	0.02167	0.01228	0.01444	0.00867	0.00650	0.00650	0.00217	0.01011	0.00506	0.00289	0.01011
8	0.01702	0.01470	0.01547	0.01392	0.01779	0.01702	0.01083	0.03635	0.70453	0.02862	0.02785	0.02553	0.02088	0.00928	0.00696	0.00232	0.00541	0.00773	0.00696	0.01083
9	0.00842	0.00602	0.00801	0.00947	0.00994	0.00561	0.00636	0.00974	0.01349	0.01809	0.07982	0.71122	0.04645	0.02097	0.00869	0.00274	0.00392	0.01901	0.00642	0.00561
10	0.01829	0.76368	0.03585	0.01171	0.01756	0.02707	0.01171	0.02049	0.01390	0.01610	0.00951	0.01097	0.00878	0.00585	0.00439	0.00146	0.00732	0.00366	0.00293	0.00878
11	0.00889	0.00697	0.00809	0.00815	0.01004	0.00617	0.00620	0.01121	0.01670	0.02155	0.27704	0.10494	0.39831	0.01662	0.00824	0.00236	0.00367	0.07208	0.00674	0.00603
12	0.03070	0.01164	0.01588	0.01217	0.01746	0.01006	0.01006	0.03334	0.01958	0.72163	0.02699	0.02329	0.01694	0.00847	0.00688	0.00212	0.00582	0.00688	0.00847	0.01164
13	0.01347	0.00800	0.00936	0.00843	0.01128	0.00687	0.00653	0.01569	0.01721	0.17824	0.18204	0.05348	0.43409	0.01470	0.00781	0.00224	0.00395	0.01235	0.00705	0.00722
14	0.80789	0.01323	0.01006	0.00900	0.01323	0.01535	0.00741	0.02011	0.01164	0.03070	0.00953	0.01111	0.00741	0.00635	0.00423	0.00212	0.00529	0.00370	0.00423	0.00741
15	0.02556	0.03261	0.01939	0.01763	0.02115	0.73210	0.01322	0.02732	0.01939	0.01674	0.01058	0.01234	0.00881	0.00705	0.00617	0.00176	0.01234	0.00441	0.00353	0.00793
16	0.01220	0.00700	0.00836	0.00787	0.00968	0.00663	0.00595	0.01538	0.01725	0.06673	0.38002	0.03862	0.04182	0.01111	0.00660	0.00191	0.00336	0.00951	0.34328	0.00672
17	0.00817	0.00661	0.00727	0.00780	0.00947	0.00570	0.00558	0.00972	0.01476	0.01814	0.05878	0.29553	0.49122	0.01870	0.00830	0.00247	0.00363	0.01611	0.00635	0.00570
18	0.01829	0.76368	0.03585	0.01171	0.01756	0.02707	0.01171	0.02049	0.01390	0.01610	0.00951	0.01097	0.00878	0.00585	0.00439	0.00146	0.00732	0.00366	0.00293	0.00878
19	0.01392	0.01269	0.02052	0.68780	0.04515	0.01566	0.01854	0.06894	0.01509	0.01943	0.01248	0.01810	0.00931	0.00694	0.00684	0.00226	0.00900	0.00609	0.00333	0.00791
20	0.07203	0.00877	0.00985	0.00947	0.01133	0.00881	0.00688	0.10470	0.01680	0.02357	0.17336	0.25091	0.13730	0.12129	0.01161	0.00298	0.00471	0.01290	0.00619	0.00654
21	0.02975	0.06884	0.01740	0.01214	0.01747	0.01135	0.01018	0.03236	0.01915	0.66796	0.02566	0.02235	0.01631	0.00827	0.00669	0.00207	0.00594	0.00663	0.00805	0.01143

[dist]
# distance from previous block
# <min> <max>
0	8

[block]
# block no. 2 follows, 31 sequences, length 13
# corresponding to MSA columns:
# 532-544
name=unknown_C
#
# <colnr> <probs for GDERKNQSTAVLIFYWHMCP>
#	G	D	E	R	K	N	Q	S	T	A	V	L	I	F	Y	W	H	M	C	P
0	0.01419	0.01216	0.01419	0.01013	0.01621	0.00912	0.00811	0.01723	0.01419	0.02229	0.01216	0.01419	0.01013	0.00507	0.00507	0.00101	0.00507	0.00405	0.00405	0.80139
1	0.02675	0.01462	0.01818	0.01423	0.01877	0.01539	0.01177	0.24795	0.02233	0.39087	0.02077	0.01976	0.01398	0.00892	0.00925	0.00223	0.11962	0.00651	0.00710	0.01100
2	0.13757	0.01226	0.01377	0.01022	0.01592	0.01019	0.00825	0.01975	0.01450	0.11399	0.01367	0.01489	0.01060	0.00570	0.00517	0.00132	0.00520	0.00437	0.00465	0.57799
3	0.80789	0.01323	0.01006	0.00900	0.01323	0.01535	0.00741	0.02011	0.01164	0.03070	0.00953	0.01111	0.00741	0.00635	0.00423	0.00212	0.00529	0.00370	0.00423	0.00741
4	0.01089	0.01191	0.10841	0.01249	0.01440	0.01054	0.01082	0.01325	0.01166	0.01670	0.02027	0.17840	0.02124	0.10168	0.28134	0.03196	0.12396	0.00958	0.00405	0.00645
5	0.01812	0.01706	0.02251	0.01744	0.02183	0.09119	0.17062	0.18282	0.01987	0.02670	0.12012	0.02128	0.01858	0.00846	0.00902	0.00208	0.10359	0.00706	0.00493	0.11672
6	0.00956	0.00775	0.00879	0.00799	0.01064	0.00652	0.00607	0.01200	0.01666	0.02210	0.27914	0.05295	0.38611	0.01432	0.00762	0.00206	0.00363	0.01215	0.00640	0.12755
7	0.01539	0.03318	0.62847	0.01899	0.02847	0.01661	0.02361	0.11308	0.01685	0.02458	0.01284	0.01471	0.00907	0.00673	0.00655	0.00215	0.00976	0.00521	0.00343	0.01032
8	0.24197	0.01237	0.01925	0.04132	0.04266	0.01258	0.21096	0.01702	0.01396	0.02311	0.04326	0.22930	0.04242	0.01107	0.00707	0.00237	0.00687	0.01026	0.00471	0.00746
9	0.01458	0.11289	0.01992	0.01468	0.01797	0.01246	0.13901	0.03398	0.03888	0.07927	0.02550	0.21031	0.02600	0.01490	0.02893	0.04040	0.00714	0.15026	0.00530	0.00759
10	0.02586	0.01534	0.12384	0.01301	0.01915	0.01082	0.01212	0.02937	0.01806	0.51962	0.02273	0.02070	0.01475	0.00770	0.00658	0.00197	0.00637	0.00622	0.00702	0.11877
11	0.01448	0.01297	0.02190	0.31914	0.28562	0.01427	0.03690	0.01843	0.01425	0.04167	0.01460	0.04264	0.01227	0.01310	0.10556	0.00339	0.00981	0.00677	0.00354	0.00870
12	0.12437	0.13098	0.07061	0.08816	0.30535	0.03897	0.01624	0.05796	0.01562	0.02304	0.03288	0.04138	0.01247	0.00709	0.00614	0.00201	0.00765	0.00592	0.00379	0.00938

[dist]
# distance from previous block
# <min> <max>
1	152

[block]
# block no. 3 follows, 31 sequences, length 36
# corresponding to MSA columns:
# 697-732
name=unknown_D
#
# <colnr> <probs for GDERKNQSTAVLIFYWHMCP>
#	G	D	E	R	K	N	Q	S	T	A	V	L	I	F	Y	W	H	M	C	P
0	0.07210	0.01829	0.10536	0.04254	0.18718	0.05965	0.06888	0.04612	0.11705	0.07846	0.01788	0.01958	0.04015	0.00775	0.00773	0.00215	0.05843	0.00641	0.00455	0.03973
1	0.01712	0.02491	0.25735	0.07196	0.07283	0.16299	0.04003	0.02304	0.07000	0.03786	0.01401	0.01716	0.01101	0.00722	0.00716	0.00203	0.04069	0.02110	0.00376	0.09776
2	0.00899	0.00861	0.06917	0.01036	0.01168	0.00660	0.00806	0.01081	0.01328	0.01782	0.03566	0.60983	0.05972	0.05139	0.00967	0.00290	0.00470	0.04886	0.00596	0.00593
3	0.07708	0.00768	0.00893	0.00931	0.01070	0.00781	0.00682	0.01119	0.01354	0.01880	0.04316	0.36324	0.26975	0.01925	0.04006	0.00293	0.06321	0.01479	0.00579	0.00597
4	0.08338	0.01352	0.01767	0.01499	0.07299	0.01249	0.08051	0.09870	0.03894	0.02465	0.01426	0.01869	0.01219	0.09124	0.00909	0.00213	0.00648	0.00564	0.00439	0.37805
5	0.07687	0.00669	0.00804	0.00912	0.00978	0.00658	0.00606	0.01050	0.01242	0.01786	0.03248	0.56751	0.03846	0.14908	0.01291	0.00340	0.00455	0.01645	0.00578	0.00547
6	0.01512	0.01250	0.01446	0.01063	0.01626	0.01024	0.00851	0.09245	0.01664	0.02506	0.07248	0.01759	0.01495	0.00618	0.00552	0.00123	0.00518	0.00500	0.00466	0.64534
7	0.00957	0.00703	0.00968	0.00982	0.01078	0.00769	0.00717	0.01133	0.01126	0.01562	0.02418	0.09562	0.06894	0.20150	0.46833	0.00874	0.01352	0.00942	0.00418	0.00561
8	0.01832	0.01353	0.01390	0.01223	0.01560	0.09198	0.00949	0.02699	0.26317	0.16710	0.25211	0.03205	0.03316	0.01042	0.00722	0.00216	0.00555	0.00872	0.00707	0.00923
9	0.00960	0.00929	0.06965	0.00935	0.01167	0.00704	0.00783	0.01274	0.01759	0.02427	0.46589	0.12877	0.17110	0.01476	0.00801	0.00225	0.00394	0.01290	0.00680	0.00655
10	0.08445	0.01600	0.02626	0.03918	0.65683	0.01618	0.01984	0.02092	0.01524	0.02306	0.01258	0.01644	0.01054	0.00612	0.00656	0.00204	0.00789	0.00589	0.00346	0.01054
11	0.80789	0.01323	0.01006	0.00900	0.01323	0.01535	0.00741	0.02011	0.01164	0.03070	0.00953	0.01111	0.00741	0.00635	0.00423	0.00212	0.00529	0.00370	0.00423	0.00741
12	0.01102	0.00787	0.01102	0.01260	0.01417	0.00787	0.01102	0.01417	0.01575	0.02047	0.03622	0.07717	0.03937	0.01890	0.00945	0.00315	0.00630	0.67084	0.00630	0.00630
13	0.01829	0.76368	0.03585	0.01171	0.01756	0.02707	0.01171	0.02049	0.01390	0.01610	0.00951	0.01097	0.00878	0.00585	0.00439	0.00146	0.00732	0.00366	0.00293	0.00878
14	0.00999	0.00660	0.00772	0.00817	0.00960	0.00617	0.00605	0.01235	0.01521	0.02185	0.15010	0.23324	0.17935	0.01529	0.00741	0.00227	0.00370	0.06494	0.23395	0.00604
15	0.02725	0.01717	0.01930	0.01479	0.02022	0.01825	0.01222	0.51864	0.02882	0.22327	0.01923	0.01825	0.01304	0.00828	0.00685	0.00207	0.00708	0.00635	0.00728	0.01164
16	0.00957	0.00654	0.00788	0.00846	0.00870	0.00642	0.00532	0.01016	0.01131	0.01504	0.02736	0.25150	0.03187	0.48891	0.02532	0.00525	0.00584	0.06488	0.00495	0.00472
17	0.02598	0.02008	0.02045	0.01587	0.02121	0.06990	0.01302	0.64841	0.03129	0.04131	0.01602	0.01615	0.01144	0.00813	0.00680	0.00203	0.00786	0.00604	0.00662	0.01138
18	0.80789	0.01323	0.01006	0.00900	0.01323	0.01535	0.00741	0.02011	0.01164	0.03070	0.00953	0.01111	0.00741	0.00635	0.00423	0.00212	0.00529	0.00370	0.00423	0.00741
19	0.00874	0.00673	0.00825	0.00860	0.01003	0.00633	0.00624	0.01060	0.01446	0.01885	0.14206	0.24302	0.29553	0.04862	0.13568	0.00408	0.00627	0.01411	0.00598	0.00582
20	0.01015	0.13846	0.01282	0.00964	0.01122	0.00939	0.00720	0.01170	0.01386	0.01799	0.08155	0.52247	0.09303	0.01788	0.00788	0.00247	0.00446	0.01581	0.00583	0.00620
21	0.01686	0.01391	0.01509	0.01342	0.01694	0.01593	0.01043	0.11259	0.50094	0.02801	0.02498	0.02575	0.01957	0.06005	0.09077	0.00353	0.00721	0.00763	0.00640	0.00998
22	0.01470	0.01180	0.01897	0.14922	0.28454	0.01251	0.01468	0.01786	0.01375	0.07404	0.01625	0.02339	0.01423	0.10456	0.19490	0.00489	0.01054	0.00691	0.00389	0.00837
23	0.12386	0.00897	0.01034	0.00968	0.01240	0.00877	0.00755	0.01906	0.04323	0.18103	0.08829	0.17434	0.09031	0.01274	0.00698	0.00228	0.00458	0.06243	0.12548	0.00767
24	0.01613	0.03092	0.54525	0.01840	0.02721	0.01691	0.02199	0.14028	0.07204	0.02596	0.01423	0.01567	0.01015	0.00702	0.00660	0.00216	0.00929	0.00546	0.00390	0.01043
25	0.01714	0.13191	0.25999	0.02197	0.14576	0.03261	0.10674	0.03719	0.01572	0.09110	0.01545	0.06650	0.01269	0.00751	0.00664	0.00208	0.00868	0.00661	0.00396	0.00975
26	0.01297	0.00741	0.00993	0.01004	0.01174	0.00699	0.00735	0.01472	0.01426	0.15604	0.03544	0.41333	0.10305	0.02368	0.13472	0.00404	0.00679	0.01434	0.00630	0.00687
27	0.01095	0.00757	0.00830	0.00787	0.01005	0.00673	0.00574	0.01312	0.03656	0.08499	0.10590	0.05575	0.45580	0.14563	0.01261	0.00303	0.00428	0.01257	0.00628	0.00625
28	0.11798	0.07901	0.18868	0.01518	0.02041	0.01782	0.01491	0.16498	0.01763	0.09679	0.01588	0.01737	0.04012	0.00854	0.00937	0.00224	0.15322	0.00578	0.00464	0.00945
29	0.01554	0.01525	0.07178	0.24909	0.11214	0.01528	0.07747	0.06524	0.14069	0.04637	0.03424	0.07735	0.01606	0.00863	0.00745	0.00228	0.02370	0.00771	0.00461	0.00911
30	0.01256	0.01138	0.03474	0.01804	0.11172	0.01189	0.06740	0.01544	0.01346	0.01867	0.02182	0.04099	0.02235	0.10377	0.13997	0.00464	0.11844	0.22116	0.00440	0.00715
31	0.01302	0.01226	0.02010	0.11280	0.15677	0.01299	0.10574	0.01622	0.01383	0.01913	0.02222	0.09322	0.09807	0.01598	0.11231	0.00352	0.09699	0.00863	0.00402	0.06218
32	0.01731	0.05548	0.09544	0.16938	0.15113	0.14797	0.04500	0.06776	0.06965	0.02121	0.01507	0.05262	0.01284	0.04057	0.00793	0.00229	0.00891	0.00657	0.00396	0.00891
33	0.01384	0.03447	0.11782	0.07499	0.20541	0.01340	0.10079	0.01808	0.01451	0.02038	0.01757	0.06797	0.01637	0.01413	0.09809	0.00331	0.00946	0.08426	0.00389	0.07126
34	0.01425	0.01396	0.06873	0.12261	0.06473	0.05568	0.12037	0.03407	0.01510	0.06745	0.02315	0.28658	0.02366	0.03139	0.02399	0.00269	0.00771	0.01126	0.00486	0.00777
35	0.08334	0.01563	0.05756	0.04215	0.12218	0.03203	0.12704	0.12761	0.06119	0.05200	0.02327	0.08388	0.07910	0.00983	0.00723	0.00228	0.00748	0.05206	0.00510	0.00905

[dist]
# distance from previous block
# <min> <max>
1	300

[block]
# block no. 4 follows, 31 sequences, length 92
# corresponding to MSA columns:
# 1034-1125
name=unknown_E
#
# <colnr> <probs for GDERKNQSTAVLIFYWHMCP>
#	G	D	E	R	K	N	Q	S	T	A	V	L	I	F	Y	W	H	M	C	P
0	0.11607	0.17733	0.02160	0.01599	0.08237	0.12383	0.01202	0.15823	0.10417	0.07187	0.01525	0.01674	0.01203	0.03598	0.00699	0.00210	0.00757	0.00546	0.00491	0.00952
1	0.01493	0.10070	0.08762	0.01637	0.09477	0.01254	0.07505	0.04348	0.01604	0.09830	0.07830	0.21750	0.09193	0.01211	0.00734	0.00225	0.00636	0.01076	0.00536	0.00830
2	0.01572	0.08436	0.08298	0.01441	0.04488	0.01368	0.06979	0.04707	0.13585	0.06046	0.02015	0.04586	0.04211	0.09086	0.00947	0.00238	0.00663	0.00701	0.02882	0.17751
3	0.01657	0.27172	0.18200	0.05546	0.06124	0.04109	0.01516	0.04203	0.09555	0.04296	0.03991	0.05219	0.01537	0.00813	0.00615	0.00199	0.00765	0.03144	0.00417	0.00920
4	0.01167	0.01532	0.18003	0.03508	0.01682	0.04273	0.01222	0.01474	0.01291	0.01783	0.02201	0.20684	0.02323	0.13960	0.11262	0.00433	0.05692	0.04174	0.02651	0.00684
5	0.01398	0.02122	0.30409	0.05862	0.08476	0.01348	0.07702	0.04425	0.01536	0.04834	0.05212	0.17502	0.01993	0.01025	0.00772	0.00232	0.02932	0.00902	0.00432	0.00886
6	0.05914	0.01327	0.01781	0.04612	0.14019	0.05256	0.08536	0.09676	0.04293	0.02310	0.02525	0.20775	0.07912	0.04529	0.00856	0.00248	0.00679	0.01038	0.02906	0.00809
7	0.01307	0.01054	0.01300	0.13883	0.01822	0.01200	0.00943	0.03988	0.19811	0.01996	0.05858	0.03309	0.02208	0.32905	0.01957	0.00416	0.03992	0.00851	0.00492	0.00705
8	0.01599	0.01337	0.01879	0.02188	0.25439	0.01294	0.01317	0.04670	0.10078	0.05439	0.01612	0.01897	0.01314	0.01331	0.11768	0.00314	0.00831	0.00592	0.00443	0.24655
9	0.01390	0.02005	0.26054	0.07852	0.02399	0.04003	0.09820	0.01877	0.01567	0.05937	0.10092	0.02915	0.13945	0.00952	0.00762	0.00220	0.03095	0.00812	0.03463	0.00840
10	0.01891	0.40919	0.03081	0.01519	0.02065	0.02195	0.13050	0.14228	0.01759	0.04425	0.01389	0.05064	0.01220	0.03592	0.00693	0.00200	0.00786	0.00598	0.00412	0.00913
11	0.00856	0.00642	0.00759	0.00833	0.00934	0.00583	0.00564	0.00984	0.01370	0.01760	0.07586	0.39145	0.25932	0.13307	0.01250	0.00319	0.00418	0.01605	0.00607	0.00545
12	0.01275	0.00638	0.00638	0.00638	0.00797	0.00638	0.00478	0.01594	0.01435	0.02551	0.02232	0.02551	0.01754	0.00797	0.00478	0.00159	0.00319	0.00638	0.79755	0.00638
13	0.05337	0.00731	0.00922	0.00917	0.00996	0.00799	0.00634	0.01154	0.01052	0.01542	0.01942	0.03473	0.02036	0.39357	0.35321	0.00839	0.01192	0.00841	0.00393	0.00522
14	0.02552	0.01892	0.02026	0.01564	0.02103	0.02099	0.01288	0.65822	0.06882	0.04233	0.01705	0.01692	0.01214	0.00827	0.00685	0.00207	0.00741	0.00625	0.00685	0.01159
15	0.01204	0.00714	0.00939	0.00954	0.01110	0.00648	0.00687	0.01402	0.01585	0.12626	0.21448	0.42187	0.08376	0.01730	0.00824	0.00249	0.00403	0.01542	0.00698	0.00672
16	0.01615	0.01845	0.04037	0.02884	0.03576	0.01730	0.69204	0.02191	0.01615	0.02191	0.01384	0.01845	0.01038	0.00577	0.00807	0.00231	0.01153	0.00807	0.00346	0.00923
17	0.01394	0.03181	0.60096	0.01923	0.02757	0.01678	0.02347	0.02076	0.01375	0.02076	0.01170	0.01454	0.00872	0.00746	0.00929	0.00231	0.13918	0.00522	0.00291	0.00965
18	0.01361	0.01245	0.01593	0.01420	0.01566	0.01569	0.01146	0.01959	0.17728	0.01992	0.04699	0.02714	0.10697	0.01793	0.12166	0.00390	0.33922	0.00793	0.00464	0.00782
19	0.01007	0.00799	0.00929	0.00972	0.01159	0.00779	0.00741	0.01461	0.11762	0.02055	0.08424	0.24244	0.28343	0.01730	0.00832	0.00257	0.00436	0.12759	0.00650	0.00660
20	0.00995	0.00663	0.00746	0.00746	0.00746	0.00663	0.00415	0.00995	0.00995	0.01327	0.02156	0.04477	0.02487	0.75957	0.03482	0.00663	0.00663	0.00995	0.00415	0.00415
21	0.10770	0.01335	0.01625	0.01259	0.01781	0.01289	0.01040	0.16844	0.02138	0.51222	0.02306	0.02065	0.01489	0.00820	0.00661	0.00210	0.00612	0.00641	0.00771	0.01122
