[name]
unknown

[dist]
# distance from previous block
# <min> <max>
0	2

[block]
# block no. 0 follows, 33 sequences, length 32
# corresponding to MSA columns:
# 2-33
name=unknown_A
#
# <colnr> <probs for GDERKNQSTAVLIFYWHMCP>
#	G	D	E	R	K	N	Q	S	T	A	V	L	I	F	Y	W	H	M	C	P
0	0.08707	0.01265	0.01514	0.01235	0.01657	0.01276	0.03187	0.18617	0.08533	0.20053	0.09741	0.05005	0.02140	0.00937	0.00666	0.00205	0.00573	0.05913	0.00644	0.08133
1	0.01898	0.01229	0.01418	0.01145	0.01565	0.01204	0.00908	0.19144	0.09940	0.16790	0.03925	0.08837	0.03448	0.03480	0.00727	0.00200	0.00542	0.00743	0.04955	0.17900
2	0.01316	0.00990	0.01352	0.08926	0.08823	0.01044	0.01036	0.10190	0.03375	0.05811	0.02771	0.31541	0.06891	0.01670	0.06245	0.00300	0.02501	0.03940	0.00541	0.00737
3	0.00908	0.00672	0.00847	0.00803	0.00969	0.00611	0.00602	0.01196	0.01807	0.02506	0.62162	0.05139	0.16544	0.01396	0.00777	0.00209	0.00314	0.01222	0.00707	0.00611
4	0.47918	0.01384	0.01436	0.05722	0.01782	0.01550	0.04997	0.12613	0.07141	0.07929	0.01317	0.01424	0.00970	0.00675	0.00522	0.00206	0.00605	0.00484	0.00484	0.00841
5	0.01601	0.01750	0.08686	0.08270	0.22466	0.03877	0.23863	0.09772	0.01666	0.02264	0.01506	0.08381	0.01299	0.00744	0.00706	0.00213	0.00882	0.00751	0.00386	0.00917
6	0.01622	0.01656	0.12648	0.05031	0.13406	0.01261	0.14735	0.02047	0.01488	0.11225	0.01455	0.03376	0.01129	0.00622	0.00627	0.00176	0.00748	0.00587	0.00408	0.25753
7	0.02954	0.01120	0.01528	0.01171	0.01681	0.00968	0.00968	0.03208	0.01884	0.73213	0.02597	0.02241	0.01630	0.00815	0.00662	0.00204	0.00560	0.00662	0.00815	0.01120
8	0.01365	0.01170	0.01365	0.00975	0.01560	0.00878	0.00780	0.01658	0.01365	0.02145	0.01170	0.01365	0.00975	0.00488	0.00488	0.00098	0.00488	0.00390	0.00390	0.80888
9	0.02033	0.21375	0.02057	0.01292	0.01665	0.20714	0.03334	0.02218	0.01539	0.17509	0.01630	0.05688	0.01422	0.11437	0.01015	0.00246	0.02950	0.00623	0.00451	0.00804
10	0.00956	0.00640	0.00727	0.00724	0.00732	0.00637	0.00411	0.00973	0.01007	0.01350	0.05891	0.04341	0.02601	0.72766	0.03211	0.00615	0.00620	0.00970	0.00417	0.00411
11	0.01579	0.08284	0.14388	0.08665	0.23397	0.01675	0.01654	0.04212	0.24751	0.02298	0.01682	0.01823	0.01299	0.00704	0.00634	0.00204	0.00728	0.00602	0.00434	0.00988
12	0.08935	0.00944	0.01113	0.00930	0.01282	0.00899	0.00746	0.02444	0.04598	0.35946	0.02277	0.02235	0.01590	0.00782	0.00560	0.00184	0.00453	0.00620	0.32581	0.00880
13	0.01409	0.03037	0.59224	0.01829	0.02698	0.01565	0.04743	0.04565	0.10464	0.02241	0.01393	0.01548	0.01001	0.00663	0.00638	0.00211	0.00912	0.00534	0.00343	0.00984
14	0.02954	0.01120	0.01528	0.01171	0.01681	0.00968	0.00968	0.03208	0.01884	0.73213	0.02597	0.02241	0.01630	0.00815	0.00662	0.00204	0.00560	0.00662	0.00815	0.01120
15	0.00921	0.00664	0.00870	0.00836	0.00981	0.00614	0.00620	0.01214	0.01812	0.02558	0.66521	0.11041	0.06053	0.01407	0.00782	0.00212	0.00317	0.01249	0.00715	0.00614
16	0.01016	0.00720	0.00983	0.01117	0.01237	0.00715	0.00927	0.01260	0.01418	0.01853	0.03341	0.15926	0.03700	0.10513	0.01182	0.00337	0.00581	0.52017	0.00583	0.00573
17	0.10975	0.01171	0.01356	0.01007	0.01554	0.00967	0.00815	0.02039	0.01454	0.18258	0.01463	0.01528	0.01092	0.00576	0.00518	0.00134	0.00506	0.00447	0.00488	0.53652
18	0.01844	0.68380	0.03260	0.01195	0.01731	0.11185	0.01144	0.02050	0.01401	0.01556	0.00927	0.01072	0.00845	0.00577	0.00443	0.00144	0.00762	0.00361	0.00289	0.00835
19	0.58114	0.01825	0.01233	0.01111	0.01499	0.23009	0.00878	0.02140	0.01341	0.02556	0.00947	0.01104	0.00753	0.00631	0.00463	0.00194	0.00710	0.00376	0.00387	0.00728
20	0.02220	0.01949	0.10067	0.01526	0.02078	0.01914	0.01351	0.51269	0.14603	0.03674	0.01723	0.01708	0.01239	0.00789	0.00657	0.00203	0.00718	0.00606	0.00617	0.01090
21	0.00957	0.00638	0.00718	0.00718	0.00718	0.00638	0.00399	0.00957	0.00957	0.01276	0.02074	0.04308	0.02393	0.76864	0.03351	0.00638	0.00638	0.00957	0.00399	0.00399
22	0.28869	0.08986	0.01992	0.02181	0.28218	0.05541	0.01319	0.04740	0.01473	0.09232	0.01229	0.01416	0.00960	0.00627	0.00545	0.00192	0.00681	0.00484	0.00409	0.00907
23	0.01497	0.02319	0.32416	0.02464	0.24262	0.01570	0.04891	0.02383	0.17185	0.02256	0.01542	0.01720	0.01170	0.00671	0.00650	0.00208	0.00818	0.00588	0.00383	0.01006
24	0.00854	0.00662	0.00778	0.00765	0.00940	0.00586	0.00567	0.01086	0.01657	0.02187	0.38224	0.11156	0.35083	0.01543	0.00782	0.00218	0.00326	0.01331	0.00666	0.00586
25	0.02265	0.01796	0.01955	0.04221	0.08122	0.05840	0.01302	0.51436	0.07927	0.03574	0.01653	0.03958	0.01257	0.00809	0.00661	0.00201	0.00734	0.00634	0.00600	0.01056
26	0.00802	0.00573	0.00764	0.00917	0.00955	0.00535	0.00611	0.00917	0.01260	0.01681	0.03628	0.76434	0.04354	0.02062	0.00840	0.00267	0.00382	0.01872	0.00611	0.00535
27	0.09846	0.06753	0.01960	0.04423	0.05840	0.01909	0.01229	0.45153	0.08457	0.05679	0.01563	0.01601	0.01141	0.00751	0.00619	0.00197	0.00689	0.00568	0.00583	0.01036
28	0.01713	0.45040	0.03204	0.04357	0.02183	0.02161	0.17379	0.03744	0.01435	0.04229	0.01142	0.01381	0.00950	0.00619	0.00624	0.00175	0.04853	0.00500	0.03460	0.00851
29	0.00961	0.00668	0.00871	0.00871	0.00932	0.00723	0.00598	0.01083	0.01022	0.01443	0.01934	0.03432	0.02017	0.40342	0.36029	0.00812	0.01145	0.00826	0.03796	0.00495
30	0.01366	0.01193	0.04561	0.10630	0.23069	0.01110	0.05079	0.01688	0.01477	0.08131	0.02831	0.14041	0.14084	0.01124	0.00731	0.00225	0.00648	0.06727	0.00478	0.00806
31	0.72115	0.01317	0.01146	0.01159	0.07419	0.01503	0.00842	0.04166	0.01217	0.02924	0.00966	0.01134	0.00754	0.00615	0.00436	0.00203	0.00540	0.00384	0.00409	0.00754

[dist]
# distance from previous block
# <min> <max>
0	1

[block]
# block no. 1 follows, 33 sequences, length 84
# corresponding to MSA columns:
# 35-118
name=unknown_B
#
# <colnr> <probs for GDERKNQSTAVLIFYWHMCP>
#	G	D	E	R	K	N	Q	S	T	A	V	L	I	F	Y	W	H	M	C	P
0	0.01612	0.01546	0.02640	0.07298	0.69638	0.01560	0.02012	0.02005	0.01491	0.02129	0.01235	0.01635	0.01035	0.00590	0.00652	0.00197	0.00786	0.00586	0.00324	0.01029
1	0.00991	0.00788	0.01100	0.01092	0.01208	0.02699	0.00847	0.01215	0.01086	0.01539	0.01796	0.05884	0.01721	0.04558	0.66368	0.00971	0.04432	0.00747	0.00362	0.00595
2	0.00917	0.00668	0.00862	0.00823	0.00977	0.00613	0.00613	0.01210	0.01815	0.02545	0.65363	0.08230	0.10104	0.01397	0.00779	0.00211	0.00315	0.01233	0.00713	0.00613
3	0.00933	0.00651	0.00809	0.00848	0.00966	0.00613	0.00605	0.02883	0.01541	0.02155	0.26456	0.36636	0.10466	0.01616	0.00767	0.00229	0.00355	0.01433	0.09449	0.00589
4	0.00801	0.00579	0.00758	0.00900	0.00951	0.00536	0.00604	0.00918	0.01276	0.01687	0.03827	0.71860	0.08800	0.02037	0.00836	0.00264	0.00379	0.01840	0.00611	0.00536
5	0.00944	0.00645	0.00777	0.00785	0.00811	0.00657	0.00484	0.00999	0.01033	0.01401	0.05347	0.08796	0.02589	0.58250	0.13204	0.00654	0.00767	0.00992	0.00421	0.00445
6	0.00957	0.00638	0.00718	0.00718	0.00718	0.00638	0.00399	0.00957	0.00957	0.01276	0.02074	0.04308	0.02393	0.76864	0.03351	0.00638	0.00638	0.00957	0.00399	0.00399
7	0.00958	0.00694	0.01041	0.01041	0.01149	0.00802	0.00802	0.01149	0.01041	0.01496	0.01711	0.02537	0.01603	0.04714	0.68205	0.07792	0.01663	0.00694	0.00347	0.00562
8	0.01365	0.01170	0.01365	0.00975	0.01560	0.00878	0.00780	0.01658	0.01365	0.02145	0.01170	0.01365	0.00975	0.00488	0.00488	0.00098	0.00488	0.00390	0.00390	0.80888
9	0.00853	0.00594	0.00749	0.00852	0.00878	0.00568	0.00542	0.00930	0.01162	0.01549	0.03123	0.53000	0.03717	0.26366	0.01656	0.00388	0.00465	0.01574	0.00542	0.00491
10	0.01857	0.66996	0.03230	0.01205	0.01738	0.12522	0.01147	0.02062	0.01411	0.01557	0.00929	0.01074	0.00845	0.00579	0.00446	0.00145	0.00771	0.00362	0.00290	0.00834
11	0.00957	0.00638	0.00718	0.00718	0.00718	0.00638	0.00399	0.00957	0.00957	0.01276	0.02074	0.04308	0.02393	0.76864	0.03351	0.00638	0.00638	0.00957	0.00399	0.00399
12	0.01694	0.01442	0.01520	0.01351	0.01733	0.01664	0.01056	0.07874	0.67100	0.02845	0.02608	0.02399	0.01952	0.00886	0.00669	0.00222	0.00534	0.00734	0.00669	0.01047
13	0.00957	0.00638	0.00718	0.00718	0.00718	0.00638	0.00399	0.00957	0.00957	0.01276	0.02074	0.04308	0.02393	0.76864	0.03351	0.00638	0.00638	0.00957	0.00399	0.00399
14	0.00932	0.00673	0.00880	0.00828	0.00984	0.00621	0.00621	0.01242	0.01863	0.02640	0.72410	0.04918	0.06212	0.01346	0.00776	0.00207	0.00311	0.01191	0.00725	0.00621
15	0.01227	0.00614	0.00614	0.00614	0.00767	0.00614	0.00460	0.01534	0.01381	0.02454	0.02148	0.02454	0.01687	0.00767	0.00460	0.00153	0.00307	0.00614	0.80518	0.00614
16	0.01365	0.01170	0.01365	0.00975	0.01560	0.00878	0.00780	0.01658	0.01365	0.02145	0.01170	0.01365	0.00975	0.00488	0.00488	0.00098	0.00488	0.00390	0.00390	0.80888
17	0.02298	0.01743	0.01861	0.01473	0.01964	0.01946	0.01202	0.54731	0.19259	0.03820	0.01840	0.01787	0.01330	0.00815	0.00661	0.00204	0.00676	0.00628	0.00661	0.01101
18	0.01320	0.03405	0.73453	0.01876	0.02849	0.01529	0.02432	0.02085	0.01390	0.02085	0.01181	0.01390	0.00834	0.00625	0.00625	0.00208	0.00973	0.00486	0.00278	0.00973
19	0.00787	0.00661	0.00683	0.00691	0.00898	0.00557	0.00513	0.00957	0.01502	0.01813	0.09576	0.10842	0.64913	0.01678	0.00782	0.00225	0.00336	0.01411	0.00617	0.00557
20	0.00847	0.00633	0.00786	0.00825	0.00951	0.00573	0.00589	0.01049	0.01549	0.02074	0.30930	0.32653	0.20742	0.01694	0.00801	0.00234	0.00343	0.01497	0.00655	0.00573
21	0.02954	0.01120	0.01528	0.01171	0.01681	0.00968	0.00968	0.03208	0.01884	0.73213	0.02597	0.02241	0.01630	0.00815	0.00662	0.00204	0.00560	0.00662	0.00815	0.01120
22	0.00935	0.00629	0.00725	0.00746	0.00752	0.00623	0.00429	0.00952	0.01001	0.01334	0.02296	0.14618	0.02674	0.66172	0.02992	0.00585	0.00602	0.01088	0.00429	0.00418
23	0.02097	0.22858	0.02343	0.01515	0.01888	0.29667	0.01258	0.13898	0.01782	0.02024	0.01059	0.01263	0.00896	0.00749	0.00832	0.00187	0.14013	0.00460	0.00369	0.00839
24	0.01681	0.19331	0.02661	0.21344	0.25333	0.01774	0.06794	0.05098	0.01515	0.06611	0.01256	0.01575	0.00992	0.00621	0.00610	0.00191	0.00796	0.00550	0.00354	0.00913
25	0.02656	0.01073	0.01447	0.01156	0.01606	0.00947	0.00942	0.04871	0.01843	0.61481	0.02703	0.10022	0.01967	0.00976	0.00688	0.00213	0.00548	0.03034	0.00782	0.01043
26	0.01209	0.00916	0.01401	0.01206	0.01456	0.00882	0.11331	0.04131	0.01601	0.06809	0.20592	0.18247	0.12410	0.01495	0.04158	0.00264	0.02471	0.03543	0.05190	0.00688
27	0.10347	0.07686	0.15534	0.01838	0.15287	0.03534	0.01449	0.04766	0.01636	0.29089	0.01688	0.01698	0.01172	0.00690	0.00606	0.00197	0.00710	0.00550	0.00518	0.01004
28	0.01716	0.20781	0.23552	0.02006	0.08458	0.01813	0.17920	0.06258	0.01568	0.07988	0.01298	0.01501	0.00976	0.00616	0.00618	0.00193	0.00874	0.00551	0.00363	0.00948
29	0.00957	0.00638	0.00718	0.00718	0.00718	0.00638	0.00399	0.00957	0.00957	0.01276	0.02074	0.04308	0.02393	0.76864	0.03351	0.00638	0.00638	0.00957	0.00399	0.00399
30	0.01472	0.02820	0.52757	0.04841	0.12157	0.01521	0.02206	0.02108	0.01414	0.06693	0.01264	0.01494	0.00917	0.00662	0.00715	0.00211	0.04939	0.00520	0.00321	0.00969
31	0.02073	0.01824	0.12499	0.02428	0.24858	0.04727	0.09349	0.09090	0.01770	0.22333	0.01647	0.01759	0.01172	0.00677	0.00663	0.00202	0.00796	0.00608	0.00491	0.01032
32	0.01194	0.01099	0.01828	0.62806	0.06124	0.01337	0.01666	0.01586	0.01314	0.01696	0.01513	0.12093	0.01364	0.00850	0.00683	0.00225	0.00806	0.00763	0.00338	0.00714
33	0.31740	0.09523	0.01683	0.01333	0.01719	0.40378	0.01051	0.02309	0.01539	0.02104	0.00970	0.01131	0.00798	0.00642	0.00508	0.00180	0.00889	0.00392	0.00359	0.00752
34	0.00999	0.00694	0.00867	0.00819	0.00982	0.00660	0.00616	0.01370	0.04517	0.02619	0.60130	0.04486	0.05432	0.01249	0.00729	0.00200	0.00318	0.01095	0.11579	0.00637
35	0.01461	0.02165	0.22591	0.02439	0.03164	0.01579	0.48666	0.02061	0.01524	0.02127	0.04649	0.01820	0.01200	0.00611	0.00736	0.00218	0.01035	0.00718	0.00337	0.00898
36	0.00829	0.00609	0.00778	0.00862	0.00953	0.00558	0.00598	0.00997	0.01435	0.01920	0.20280	0.50030	0.14045	0.01840	0.00817	0.00247	0.00359	0.01645	0.00638	0.00558
37	0.00805	0.00590	0.00756	0.00878	0.00947	0.00542	0.00596	0.00935	0.01321	0.01737	0.07154	0.63487	0.13886	0.01975	0.00829	0.00258	0.00372	0.01774	0.00616	0.00542
38	0.59066	0.01229	0.01128	0.00953	0.01390	0.01331	0.00786	0.02299	0.01339	0.23030	0.01397	0.01404	0.00975	0.00669	0.00480	0.00204	0.00524	0.00444	0.00524	0.00829
39	0.01196	0.00642	0.00698	0.00677	0.00843	0.00623	0.00510	0.01496	0.01501	0.04455	0.17186	0.03120	0.05404	0.00926	0.00545	0.00169	0.00316	0.00767	0.58298	0.00627
40	0.02503	0.01844	0.01976	0.01515	0.02042	0.02042	0.01251	0.70562	0.03095	0.04149	0.01581	0.01581	0.01120	0.00790	0.00659	0.00198	0.00724	0.00593	0.00659	0.01120
41	0.00896	0.00672	0.00830	0.00790	0.00961	0.00606	0.00593	0.01173	0.01779	0.02438	0.57028	0.05249	0.21719	0.01421	0.00777	0.00211	0.00316	0.01237	0.00698	0.00606
42	0.01760	0.77260	0.03450	0.01126	0.01690	0.02605	0.01126	0.01971	0.01338	0.01549	0.00915	0.01056	0.00845	0.00563	0.00422	0.00141	0.00704	0.00352	0.00282	0.00845
43	0.02503	0.01844	0.01976	0.01515	0.02042	0.02042	0.01251	0.70562	0.03095	0.04149	0.01581	0.01581	0.01120	0.00790	0.00659	0.00198	0.00724	0.00593	0.00659	0.01120
44	0.01593	0.01571	0.02706	0.03446	0.50711	0.01643	0.11368	0.02027	0.04043	0.02089	0.01253	0.01654	0.01048	0.00672	0.00878	0.00213	0.11156	0.00617	0.00334	0.00977
45	0.00954	0.00653	0.00792	0.00792	0.00818	0.00678	0.00491	0.01005	0.00979	0.01331	0.02007	0.03933	0.02231	0.61195	0.18797	0.00730	0.00883	0.00902	0.00389	0.00440
46	0.01826	0.01172	0.01343	0.01145	0.01497	0.01234	0.00906	0.12036	0.25778	0.17058	0.17724	0.02830	0.02698	0.00950	0.00669	0.00205	0.00490	0.00791	0.08716	0.00933
47	0.01440	0.01440	0.02016	0.01728	0.01728	0.02016	0.01440	0.01584	0.01008	0.01584	0.00864	0.01440	0.00864	0.01152	0.02160	0.00288	0.75659	0.00576	0.00288	0.00720
48	0.01663	0.01254	0.01352	0.01319	0.04630	0.10950	0.00950	0.06322	0.03792	0.15068	0.04903	0.27647	0.02546	0.04280	0.04405	0.00284	0.06240	0.01065	0.00564	0.00765
49	0.02785	0.01248	0.01539	0.01215	0.01701	0.04502	0.00990	0.03213	0.09569	0.62059	0.02532	0.02215	0.01635	0.00817	0.00660	0.00204	0.00585	0.00660	0.00776	0.01095
50	0.01144	0.00572	0.00858	0.00858	0.00858	0.00572	0.00572	0.00858	0.00858	0.01144	0.01144	0.02001	0.01144	0.02287	0.02573	0.80846	0.00572	0.00572	0.00286	0.00286
51	0.01339	0.01243	0.02087	0.54033	0.21442	0.01449	0.01814	0.01760	0.01365	0.01835	0.01232	0.01756	0.00956	0.00645	0.00648	0.00210	0.00828	0.00587	0.03968	0.00804
52	0.02114	0.05384	0.01975	0.14030	0.10490	0.25005	0.01370	0.15451	0.01930	0.10124	0.01615	0.01763	0.04399	0.00743	0.00632	0.00191	0.00868	0.00571	0.00454	0.00892
53	0.01635	0.01304	0.01693	0.01430	0.01813	0.01399	0.10051	0.02889	0.43888	0.09894	0.06177	0.08311	0.04571	0.00979	0.00705	0.00224	0.00575	0.00871	0.00637	0.00954
54	0.04022	0.05286	0.10712	0.01166	0.01792	0.01098	0.03331	0.01853	0.01399	0.06769	0.01249	0.01414	0.00986	0.00536	0.00520	0.00128	0.00586	0.00430	0.00397	0.56324
55	0.00998	0.00811	0.01162	0.20116	0.01958	0.00825	0.00948	0.01235	0.01338	0.01819	0.08342	0.41766	0.03182	0.01442	0.00743	0.00229	0.00517	0.01296	0.00510	0.10764
56	0.01596	0.25310	0.21861	0.07095	0.23678	0.01855	0.03825	0.02036	0.01420	0.03887	0.01160	0.01418	0.00930	0.00600	0.00579	0.00185	0.00819	0.00495	0.00311	0.00940
57	0.01743	0.07852	0.09014	0.02960	0.35256	0.09393	0.15421	0.06576	0.01631	0.02163	0.01226	0.01543	0.00985	0.00605	0.00651	0.00195	0.00897	0.00581	0.00343	0.00966
58	0.73608	0.01258	0.01024	0.00896	0.01314	0.01426	0.00739	0.02063	0.01197	0.10025	0.01086	0.01187	0.00805	0.00632	0.00433	0.00204	0.00514	0.00387	0.00448	0.00754
59	0.81514	0.01273	0.00968	0.00866	0.01273	0.01477	0.00713	0.01935	0.01120	0.02954	0.00917	0.01069	0.00713	0.00611	0.00407	0.00204	0.00509	0.00356	0.00407	0.00713
60	0.00798	0.00662	0.00699	0.00703	0.00905	0.00562	0.00522	0.00979	0.01529	0.01876	0.14416	0.10738	0.60035	0.01654	0.00782	0.00223	0.00334	0.01397	0.00625	0.00562
61	0.81514	0.01273	0.00968	0.00866	0.01273	0.01477	0.00713	0.01935	0.01120	0.02954	0.00917	0.01069	0.00713	0.00611	0.00407	0.00204	0.00509	0.00356	0.00407	0.00713
62	0.01934	0.02091	0.02141	0.02059	0.14943	0.27992	0.09594	0.08075	0.01744	0.02120	0.01182	0.01416	0.00956	0.00609	0.00606	0.00165	0.00892	0.00502	0.00376	0.20602
63	0.00861	0.00660	0.00789	0.00779	0.00946	0.00588	0.00576	0.01097	0.01663	0.02217	0.40623	0.13374	0.30358	0.01543	0.00784	0.00219	0.00327	0.01339	0.00670	0.00588
64	0.01800	0.04111	0.04057	0.17142	0.13394	0.06919	0.11349	0.13468	0.01791	0.08733	0.01637	0.02305	0.01345	0.00794	0.00689	0.00214	0.00832	0.08070	0.00449	0.00899
65	0.01007	0.00756	0.00898	0.00857	0.00881	0.00826	0.00558	0.01046	0.01022	0.01374	0.02388	0.04113	0.09603	0.58073	0.02908	0.00544	0.11329	0.00949	0.00406	0.00461
66	0.01396	0.01198	0.01379	0.01017	0.01577	0.00964	0.00810	0.01867	0.09357	0.02214	0.01342	0.01489	0.01093	0.00534	0.00508	0.00112	0.00491	0.00430	0.00422	0.71798
67	0.00838	0.00615	0.00793	0.00911	0.00997	0.00570	0.00651	0.00995	0.01363	0.01788	0.08229	0.53459	0.14300	0.01932	0.00836	0.00262	0.00398	0.09893	0.00617	0.00552
68	0.00805	0.00597	0.00754	0.00876	0.00955	0.00546	0.00603	0.00936	0.01316	0.01709	0.04228	0.60332	0.17867	0.01976	0.00830	0.00260	0.00379	0.03876	0.00611	0.00541
69	0.02704	0.01456	0.01728	0.01332	0.01844	0.01474	0.01098	0.33499	0.04903	0.39662	0.02143	0.01952	0.01414	0.00807	0.00661	0.00202	0.00633	0.00634	0.00739	0.01117
70	0.01760	0.77260	0.03450	0.01126	0.01690	0.02605	0.01126	0.01971	0.01338	0.01549	0.00915	0.01056	0.00845	0.00563	0.00422	0.00141	0.00704	0.00352	0.00282	0.00845
71	0.01025	0.00773	0.00914	0.00885	0.01075	0.00734	0.00668	0.07995	0.01749	0.02324	0.29761	0.18529	0.24676	0.01543	0.00784	0.00227	0.00387	0.04660	0.00658	0.00635
72	0.01964	0.07981	0.01966	0.06416	0.07308	0.01862	0.01256	0.29661	0.28768	0.03089	0.01890	0.01885	0.01414	0.00786	0.00642	0.00204	0.00660	0.00629	0.00582	0.01036
73	0.01517	0.01475	0.02354	0.11097	0.39127	0.01719	0.01786	0.01823	0.01299	0.01891	0.01093	0.01574	0.00959	0.00802	0.01206	0.00232	0.28265	0.00583	0.00308	0.00890
74	0.01931	0.02276	0.26516	0.02074	0.15142	0.01711	0.01773	0.28903	0.04592	0.06508	0.01472	0.01589	0.01065	0.00702	0.00647	0.00202	0.00804	0.00564	0.00476	0.01053
75	0.00831	0.00664	0.00748	0.00768	0.00950	0.00581	0.00578	0.01030	0.01543	0.01946	0.18661	0.14276	0.46770	0.01663	0.00795	0.00231	0.00355	0.06408	0.00633	0.00570
76	0.02565	0.01312	0.01581	0.01230	0.01701	0.01298	0.01010	0.26515	0.02265	0.40153	0.05356	0.02148	0.01663	0.00826	0.00650	0.00198	0.00586	0.00658	0.07230	0.01056
77	0.01740	0.04379	0.11059	0.17320	0.21166	0.01592	0.03339	0.10518	0.11294	0.08750	0.01570	0.01771	0.01170	0.00692	0.00649	0.00206	0.00768	0.00599	0.00443	0.00976
78	0.02276	0.24555	0.02318	0.01335	0.01841	0.05417	0.04524	0.19234	0.01968	0.23662	0.01745	0.05399	0.01333	0.00776	0.00600	0.00185	0.00694	0.00606	0.00556	0.00977
79	0.00944	0.00692	0.00991	0.00991	0.01085	0.00786	0.00739	0.01132	0.01038	0.01479	0.01825	0.02926	0.01793	0.19140	0.60255	0.00975	0.01541	0.00755	0.00362	0.00550
80	0.56020	0.05834	0.03987	0.03016	0.01660	0.12848	0.04365	0.02052	0.01284	0.02563	0.00969	0.01151	0.00764	0.00618	0.00470	0.00196	0.00681	0.00398	0.00379	0.00746
81	0.00926	0.00673	0.00872	0.00822	0.00980	0.00619	0.00616	0.01231	0.01849	0.02606	0.69845	0.04973	0.08797	0.01358	0.00777	0.00208	0.00311	0.01198	0.00720	0.00619
82	0.00856	0.00742	0.04103	0.00998	0.01077	0.00650	0.00732	0.01001	0.01254	0.01694	0.03387	0.69505	0.04030	0.01955	0.00893	0.00266	0.03965	0.01748	0.00581	0.00563
83	0.06296	0.02715	0.01018	0.00966	0.01084	0.00862	0.00709	0.01231	0.01287	0.05007	0.08118	0.32941	0.10872	0.12363	0.01289	0.00304	0.08809	0.02997	0.00541	0.00592

[dist]
# distance from previous block
# <min> <max>
1	2

[block]
# block no. 2 follows, 33 sequences, length 76
# corresponding to MSA columns:
# 121-196
name=unknown_C
#
# <colnr> <probs for GDERKNQSTAVLIFYWHMCP>
#	G	D	E	R	K	N	Q	S	T	A	V	L	I	F	Y	W	H	M	C	P
0	0.12767	0.23046	0.29684	0.01392	0.02046	0.01709	0.01544	0.03748	0.01426	0.08077	0.01410	0.03785	0.01174	0.00740	0.00566	0.00196	0.00754	0.04672	0.00381	0.00883
1	0.69637	0.01359	0.01119	0.00963	0.01389	0.01562	0.00794	0.12251	0.01417	0.03133	0.01016	0.01146	0.00774	0.00638	0.00445	0.00203	0.00542	0.00392	0.00445	0.00774
2	0.00938	0.00693	0.00894	0.00940	0.01096	0.00649	0.00752	0.01203	0.01625	0.02169	0.30627	0.12213	0.17168	0.01630	0.00828	0.00248	0.00424	0.24652	0.00653	0.00597
3	0.02888	0.01225	0.01593	0.01221	0.01733	0.01123	0.01009	0.12958	0.02060	0.63216	0.02450	0.02145	0.01556	0.00811	0.00662	0.00203	0.00584	0.00652	0.00792	0.01120
4	0.00821	0.00583	0.00769	0.00903	0.00941	0.00553	0.00599	0.00929	0.01227	0.01639	0.03428	0.67543	0.04089	0.08872	0.03468	0.00327	0.00450	0.01751	0.00584	0.00524
5	0.01243	0.01170	0.01975	0.75282	0.04534	0.01463	0.01828	0.01682	0.01316	0.01682	0.01170	0.01755	0.00878	0.00658	0.00658	0.00219	0.00878	0.00585	0.00293	0.00731
6	0.69705	0.01250	0.01052	0.00912	0.01334	0.01400	0.00751	0.02127	0.01235	0.13515	0.01169	0.01245	0.00851	0.00642	0.00446	0.00204	0.00517	0.00402	0.00469	0.00774
7	0.00923	0.00677	0.00846	0.00945	0.01018	0.00672	0.00647	0.01205	0.08219	0.01743	0.03292	0.54356	0.03795	0.13176	0.01205	0.00321	0.00447	0.05361	0.00585	0.00569
8	0.00952	0.00650	0.00777	0.00769	0.00804	0.00654	0.00475	0.01022	0.01104	0.01507	0.12615	0.04227	0.02892	0.58289	0.10085	0.00616	0.00702	0.00967	0.00443	0.00451
9	0.00802	0.00604	0.00733	0.00833	0.00924	0.00546	0.00568	0.00927	0.01318	0.01691	0.04467	0.52155	0.24650	0.05374	0.00937	0.00271	0.00379	0.01685	0.00601	0.00535
10	0.00779	0.00664	0.00670	0.00676	0.00892	0.00555	0.00504	0.00944	0.01492	0.01775	0.06562	0.08802	0.70093	0.01681	0.00780	0.00224	0.00335	0.01406	0.00611	0.00555
11	0.01760	0.77260	0.03450	0.01126	0.01690	0.02605	0.01126	0.01971	0.01338	0.01549	0.00915	0.01056	0.00845	0.00563	0.00422	0.00141	0.00704	0.00352	0.00282	0.00845
12	0.01614	0.01482	0.02509	0.11004	0.61106	0.01507	0.01933	0.02003	0.01494	0.04423	0.01354	0.01863	0.01141	0.00644	0.00662	0.00202	0.00778	0.02936	0.00348	0.00999
13	0.01760	0.04388	0.26907	0.02401	0.18449	0.11826	0.13382	0.02257	0.01556	0.08913	0.01326	0.01554	0.00988	0.00629	0.00650	0.00200	0.00936	0.00562	0.00359	0.00956
14	0.81514	0.01273	0.00968	0.00866	0.01273	0.01477	0.00713	0.01935	0.01120	0.02954	0.00917	0.01069	0.00713	0.00611	0.00407	0.00204	0.00509	0.00356	0.00407	0.00713
15	0.00861	0.00705	0.00811	0.00854	0.03466	0.00618	0.00613	0.01078	0.01592	0.02017	0.22745	0.05871	0.49904	0.01557	0.00780	0.00222	0.00357	0.04730	0.00629	0.00592
16	0.00866	0.00632	0.00815	0.00850	0.00964	0.00581	0.00606	0.01085	0.01589	0.02178	0.38932	0.33855	0.11278	0.01663	0.00802	0.00233	0.00341	0.01482	0.00669	0.00581
17	0.01483	0.01637	0.03448	0.19358	0.03691	0.01619	0.54691	0.02011	0.01500	0.02011	0.01295	0.01771	0.00971	0.00579	0.00750	0.00221	0.01057	0.00733	0.00324	0.00852
18	0.01723	0.01519	0.01992	0.01663	0.01796	0.01988	0.01384	0.16823	0.01496	0.04448	0.01078	0.01497	0.00945	0.01062	0.01782	0.00265	0.56751	0.00583	0.00387	0.00821
19	0.01808	0.01453	0.08103	0.01507	0.01962	0.01283	0.13267	0.16575	0.04502	0.15903	0.02360	0.13125	0.05074	0.01120	0.02822	0.00242	0.00715	0.03078	0.04205	0.00897
20	0.01077	0.00873	0.01237	0.01137	0.01340	0.00852	0.07940	0.05612	0.07039	0.02181	0.18611	0.35949	0.10435	0.01541	0.00789	0.00237	0.00469	0.01396	0.00615	0.00668
21	0.00893	0.00671	0.00827	0.00788	0.00960	0.00605	0.00591	0.01168	0.01772	0.02424	0.55927	0.05273	0.22829	0.01426	0.00777	0.00211	0.00316	0.01240	0.00696	0.00605
22	0.02254	0.02805	0.01806	0.01643	0.01938	0.62689	0.01245	0.02428	0.01734	0.01602	0.01072	0.01327	0.00919	0.01084	0.07145	0.00256	0.06513	0.00459	0.00337	0.00745
23	0.02302	0.19996	0.02236	0.01552	0.01957	0.52569	0.01237	0.07440	0.01835	0.01782	0.01035	0.01186	0.00867	0.00660	0.00559	0.00165	0.01043	0.00420	0.00349	0.00808
24	0.00802	0.00573	0.00764	0.00917	0.00955	0.00535	0.00611	0.00917	0.01260	0.01681	0.03628	0.76434	0.04354	0.02062	0.00840	0.00267	0.00382	0.01872	0.00611	0.00535
25	0.04503	0.01149	0.01366	0.01014	0.01541	0.00933	0.00810	0.03649	0.01492	0.18084	0.01542	0.01722	0.01196	0.04869	0.00689	0.00158	0.00519	0.00487	0.00493	0.53786
26	0.00808	0.00597	0.00750	0.00861	0.00937	0.00546	0.00585	0.00938	0.01323	0.01731	0.07293	0.58219	0.16854	0.04140	0.00899	0.00267	0.00377	0.01725	0.00610	0.00539
27	0.81514	0.01273	0.00968	0.00866	0.01273	0.01477	0.00713	0.01935	0.01120	0.02954	0.00917	0.01069	0.00713	0.00611	0.00407	0.00204	0.00509	0.00356	0.00407	0.00713
28	0.01243	0.01170	0.01975	0.75282	0.04534	0.01463	0.01828	0.01682	0.01316	0.01682	0.01170	0.01755	0.00878	0.00658	0.00658	0.00219	0.00878	0.00585	0.00293	0.00731
29	0.02496	0.02027	0.01960	0.01540	0.02041	0.12274	0.01254	0.60932	0.02921	0.03789	0.01501	0.01525	0.01081	0.00774	0.00649	0.00194	0.00790	0.00569	0.00613	0.01069
30	0.01159	0.00725	0.00945	0.00861	0.01060	0.00658	0.00656	0.01457	0.01849	0.10781	0.61304	0.04672	0.08719	0.01299	0.00763	0.00207	0.00341	0.01138	0.00730	0.00676
31	0.04466	0.26384	0.23995	0.01570	0.04747	0.11589	0.01557	0.02079	0.03078	0.01867	0.01079	0.01282	0.00884	0.00647	0.00657	0.00179	0.06474	0.00440	0.00312	0.06717
32	0.01320	0.03405	0.73453	0.01876	0.02849	0.01529	0.02432	0.02085	0.01390	0.02085	0.01181	0.01390	0.00834	0.00625	0.00625	0.00208	0.00973	0.00486	0.00278	0.00973
33	0.01800	0.00963	0.01209	0.01035	0.01366	0.00919	0.00818	0.02312	0.12809	0.29531	0.22212	0.03532	0.11624	0.01332	0.05249	0.00263	0.00532	0.00912	0.00714	0.00869
34	0.00801	0.00579	0.00758	0.00901	0.00951	0.00536	0.00604	0.00918	0.01275	0.01687	0.03816	0.72110	0.08557	0.02038	0.00836	0.00265	0.00379	0.01842	0.00611	0.00536
35	0.01243	0.01170	0.01975	0.75282	0.04534	0.01463	0.01828	0.01682	0.01316	0.01682	0.01170	0.01755	0.00878	0.00658	0.00658	0.00219	0.00878	0.00585	0.00293	0.00731
36	0.00897	0.00670	0.00842	0.00871	0.01022	0.00615	0.00667	0.01141	0.01621	0.02167	0.33964	0.17282	0.21043	0.01619	0.00810	0.00237	0.00378	0.12906	0.00659	0.00589
37	0.00858	0.00659	0.00785	0.00777	0.00944	0.00586	0.00574	0.01091	0.01655	0.02199	0.39261	0.13750	0.31379	0.01552	0.00784	0.00220	0.00328	0.01346	0.00668	0.00586
38	0.01743	0.74398	0.06162	0.01155	0.01735	0.02563	0.01177	0.01976	0.01340	0.01570	0.00926	0.01069	0.00844	0.00566	0.00430	0.00143	0.00714	0.00357	0.00281	0.00850
39	0.02954	0.01120	0.01528	0.01171	0.01681	0.00968	0.00968	0.03208	0.01884	0.73213	0.02597	0.02241	0.01630	0.00815	0.00662	0.00204	0.00560	0.00662	0.00815	0.01120
40	0.00859	0.00633	0.00862	0.00937	0.01021	0.00589	0.03214	0.01001	0.01287	0.01731	0.03678	0.59441	0.10507	0.05325	0.00926	0.00272	0.00412	0.01671	0.05086	0.00548
41	0.01510	0.01713	0.03704	0.02656	0.03297	0.01602	0.66436	0.02043	0.01551	0.02090	0.01632	0.02032	0.05021	0.00618	0.00777	0.00222	0.01066	0.00811	0.00349	0.00869
42	0.01234	0.01110	0.01414	0.01265	0.01288	0.03350	0.00968	0.01338	0.01087	0.01557	0.06907	0.04938	0.01937	0.28843	0.02407	0.00406	0.38194	0.00796	0.00373	0.00591
43	0.01391	0.01205	0.01500	0.01323	0.01457	0.01492	0.01036	0.06105	0.17328	0.02019	0.06701	0.02570	0.01873	0.16721	0.05442	0.00371	0.29527	0.00743	0.00455	0.00739
44	0.01320	0.03405	0.73453	0.01876	0.02849	0.01529	0.02432	0.02085	0.01390	0.02085	0.01181	0.01390	0.00834	0.00625	0.00625	0.00208	0.00973	0.00486	0.00278	0.00973
45	0.01551	0.01674	0.09596	0.02679	0.27954	0.01487	0.18408	0.02237	0.12820	0.04386	0.01905	0.02335	0.04616	0.00758	0.00703	0.00215	0.00802	0.04498	0.00422	0.00953
46	0.01298	0.01146	0.01604	0.01705	0.12140	0.03180	0.01180	0.05231	0.01265	0.01808	0.03530	0.02173	0.01460	0.04868	0.34494	0.00623	0.20555	0.00662	0.00361	0.00720
47	0.81514	0.01273	0.00968	0.00866	0.01273	0.01477	0.00713	0.01935	0.01120	0.02954	0.00917	0.01069	0.00713	0.00611	0.00407	0.00204	0.00509	0.00356	0.00407	0.00713
48	0.01492	0.32235	0.46126	0.01584	0.02397	0.01949	0.01923	0.02041	0.01370	0.01876	0.01078	0.01260	0.00838	0.00601	0.00546	0.00182	0.00868	0.00434	0.00279	0.00923
49	0.00932	0.00673	0.00880	0.00828	0.00984	0.00621	0.00621	0.01242	0.01863	0.02640	0.72410	0.04918	0.06212	0.01346	0.00776	0.00207	0.00311	0.01191	0.00725	0.00621
50	0.01227	0.00614	0.00614	0.00614	0.00767	0.00614	0.00460	0.01534	0.01381	0.02454	0.02148	0.02454	0.01687	0.00767	0.00460	0.00153	0.00307	0.00614	0.80518	0.00614
51	0.01365	0.01170	0.01365	0.00975	0.01560	0.00878	0.00780	0.01658	0.01365	0.02145	0.01170	0.01365	0.00975	0.00488	0.00488	0.00098	0.00488	0.00390	0.00390	0.80888
52	0.02954	0.01120	0.01528	0.01171	0.01681	0.00968	0.00968	0.03208	0.01884	0.73213	0.02597	0.02241	0.01630	0.00815	0.00662	0.00204	0.00560	0.00662	0.00815	0.01120
53	0.02459	0.03138	0.01866	0.01696	0.02035	0.74221	0.01272	0.02629	0.01866	0.01611	0.01018	0.01187	0.00848	0.00678	0.00594	0.00170	0.01187	0.00424	0.00339	0.00763
54	0.01144	0.00572	0.00858	0.00858	0.00858	0.00572	0.00572	0.00858	0.00858	0.01144	0.01144	0.02001	0.01144	0.02287	0.02573	0.80846	0.00572	0.00572	0.00286	0.00286
55	0.01590	0.01579	0.02859	0.08349	0.55167	0.01577	0.15056	0.02016	0.01498	0.02113	0.01252	0.01665	0.01024	0.00585	0.00676	0.00202	0.00851	0.00623	0.00325	0.00993
56	0.01660	0.01396	0.02302	0.05496	0.52492	0.01412	0.01731	0.01998	0.01486	0.09462	0.01611	0.09514	0.01437	0.00793	0.00742	0.00209	0.04153	0.00728	0.00404	0.00973
57	0.81514	0.01273	0.00968	0.00866	0.01273	0.01477	0.00713	0.01935	0.01120	0.02954	0.00917	0.01069	0.00713	0.00611	0.00407	0.00204	0.00509	0.00356	0.00407	0.00713
58	0.01569	0.30744	0.13489	0.02163	0.17521	0.01909	0.14133	0.01963	0.01423	0.01879	0.01290	0.04490	0.01146	0.00675	0.00599	0.00188	0.00819	0.02783	0.00323	0.00895
59	0.01675	0.01601	0.06650	0.05773	0.59352	0.01488	0.01921	0.02077	0.01526	0.07291	0.03422	0.01760	0.01220	0.00630	0.00655	0.00198	0.00766	0.00604	0.00369	0.01022
60	0.37993	0.01317	0.01357	0.01096	0.01563	0.01386	0.00904	0.14617	0.01758	0.29522	0.01665	0.01600	0.01129	0.00719	0.00548	0.00203	0.00567	0.00513	0.00605	0.00938
61	0.01032	0.00748	0.01021	0.01157	0.01315	0.00737	0.01004	0.01321	0.01514	0.01951	0.03811	0.07315	0.10804	0.01803	0.00896	0.00295	0.00578	0.61491	0.00607	0.00601
62	0.01914	0.01513	0.02230	0.04463	0.31693	0.03219	0.06563	0.10030	0.06697	0.13734	0.01588	0.01753	0.01194	0.00658	0.00645	0.00190	0.00725	0.00598	0.00473	0.10120
63	0.01818	0.01282	0.05467	0.01082	0.01667	0.00940	0.00927	0.02127	0.01515	0.22530	0.01580	0.01618	0.01155	0.00589	0.00545	0.00134	0.00536	0.00473	0.00506	0.53509
64	0.01818	0.01504	0.01590	0.01376	0.01781	0.01722	0.01086	0.17528	0.57243	0.03046	0.02450	0.02273	0.01823	0.00872	0.00668	0.00218	0.00564	0.00713	0.00668	0.01058
65	0.01852	0.01520	0.10466	0.01557	0.05818	0.01378	0.03696	0.02547	0.18117	0.22353	0.05500	0.02385	0.06027	0.00919	0.00912	0.00224	0.12494	0.00715	0.00570	0.00950
66	0.01588	0.09082	0.45723	0.01753	0.04231	0.05637	0.04352	0.02261	0.05812	0.08414	0.04062	0.01645	0.01193	0.00680	0.00624	0.00201	0.00873	0.00542	0.00374	0.00953
67	0.81514	0.01273	0.00968	0.00866	0.01273	0.01477	0.00713	0.01935	0.01120	0.02954	0.00917	0.01069	0.00713	0.00611	0.00407	0.00204	0.00509	0.00356	0.00407	0.00713
68	0.00931	0.00678	0.00879	0.00843	0.01002	0.00626	0.00641	0.01233	0.01822	0.02550	0.64460	0.05152	0.09791	0.01393	0.00785	0.00214	0.00330	0.05343	0.00711	0.00617
69	0.02059	0.01273	0.01706	0.01566	0.09919	0.01239	0.05327	0.18769	0.02034	0.25706	0.06590	0.02950	0.15974	0.00967	0.00697	0.00206	0.00601	0.00818	0.00645	0.00957
70	0.01950	0.02324	0.31251	0.01803	0.06478	0.05545	0.06120	0.08605	0.07054	0.19831	0.01684	0.01725	0.01169	0.00703	0.00650	0.00205	0.00824	0.00580	0.00484	0.01014
71	0.01068	0.00892	0.01302	0.01229	0.01316	0.01127	0.00980	0.01280	0.01045	0.01543	0.01534	0.02294	0.01447	0.03974	0.55899	0.00862	0.20578	0.00672	0.00336	0.00621
72	0.00818	0.00584	0.00782	0.00935	0.00980	0.00548	0.00639	0.00944	0.01276	0.01698	0.03620	0.72177	0.04319	0.02047	0.00845	0.00270	0.00396	0.05971	0.00611	0.00539
73	0.18871	0.01590	0.04494	0.02029	0.21378	0.03916	0.01323	0.10867	0.19486	0.07182	0.01655	0.01730	0.01251	0.00714	0.00603	0.00205	0.00657	0.00574	0.00501	0.00975
74	0.02011	0.06338	0.13272	0.01582	0.04111	0.08269	0.01390	0.27187	0.21806	0.04724	0.01754	0.01750	0.01295	0.00765	0.00637	0.00201	0.00744	0.00591	0.00546	0.01025
75	0.01472	0.01428	0.05853	0.02150	0.22949	0.04135	0.03606	0.11627	0.01636	0.02234	0.03990	0.25358	0.02211	0.01156	0.00840	0.00227	0.06818	0.01005	0.00471	0.00835

[dist]
# distance from previous block
# <min> <max>
0	9

# created by:
# /home/berkeley/.conda/envs/busco_data_prod/bin/msa2prfl.pl pipeline/OGs_align_augustus/5794/31099.fs
