[name]
unknown

[dist]
# distance from previous block
# <min> <max>
0	3

[block]
# block no. 0 follows, 31 sequences, length 13
# corresponding to MSA columns:
# 3-15
name=unknown_A
#
# <colnr> <probs for GDERKNQSTAVLIFYWHMCP>
#	G	D	E	R	K	N	Q	S	T	A	V	L	I	F	Y	W	H	M	C	P
0	0.06399	0.08412	0.02024	0.01525	0.01959	0.10575	0.05476	0.28035	0.02192	0.02898	0.01807	0.02735	0.01614	0.00974	0.00747	0.00219	0.03398	0.13951	0.00535	0.04521
1	0.05358	0.01259	0.01503	0.01328	0.01447	0.04416	0.01033	0.09268	0.01335	0.01929	0.01486	0.02480	0.01481	0.21755	0.14122	0.00510	0.27500	0.00711	0.00394	0.00685
2	0.01615	0.01845	0.04037	0.02884	0.03576	0.01730	0.69204	0.02191	0.01615	0.02191	0.01384	0.01845	0.01038	0.00577	0.00807	0.00231	0.01153	0.00807	0.00346	0.00923
3	0.01829	0.76368	0.03585	0.01171	0.01756	0.02707	0.01171	0.02049	0.01390	0.01610	0.00951	0.01097	0.00878	0.00585	0.00439	0.00146	0.00732	0.00366	0.00293	0.00878
4	0.01113	0.00600	0.00865	0.00890	0.00908	0.00587	0.00596	0.00906	0.00992	0.01310	0.01899	0.13497	0.05584	0.02306	0.02297	0.63533	0.00550	0.00847	0.00367	0.00352
5	0.01788	0.02054	0.10765	0.02582	0.28508	0.12510	0.01682	0.02735	0.25444	0.02359	0.01763	0.01890	0.01374	0.00739	0.00671	0.00211	0.00807	0.00628	0.00458	0.01030
6	0.01440	0.01300	0.01808	0.01315	0.01904	0.01062	0.11489	0.01860	0.04583	0.02277	0.04799	0.01720	0.01336	0.00581	0.00577	0.00133	0.00600	0.00526	0.00426	0.60265
7	0.00968	0.00699	0.00914	0.00861	0.01022	0.00646	0.00646	0.01291	0.01937	0.02743	0.71328	0.05110	0.06455	0.01399	0.00807	0.00215	0.00323	0.01237	0.00753	0.00646
8	0.01246	0.00952	0.01086	0.00980	0.01234	0.00959	0.00755	0.09708	0.11834	0.02755	0.37413	0.04546	0.18510	0.01311	0.00765	0.00218	0.00410	0.01119	0.03445	0.00756
9	0.01132	0.00594	0.00876	0.00901	0.00907	0.00588	0.00601	0.00901	0.00958	0.01277	0.01599	0.13745	0.01718	0.02340	0.02388	0.67416	0.00563	0.00809	0.00351	0.00338
10	0.01983	0.01887	0.02382	0.02338	0.17043	0.15865	0.13558	0.04591	0.12356	0.09524	0.03757	0.01914	0.01404	0.00780	0.00837	0.00217	0.07465	0.00663	0.00471	0.00964
11	0.01693	0.01626	0.02777	0.04199	0.71689	0.01626	0.02100	0.02100	0.01558	0.02235	0.01287	0.01693	0.01084	0.00610	0.00677	0.00203	0.00813	0.00610	0.00339	0.01084
12	0.16150	0.01667	0.01681	0.03867	0.09116	0.09890	0.01196	0.05815	0.30784	0.02638	0.01826	0.01877	0.01410	0.00796	0.00703	0.00215	0.04374	0.00606	0.00523	0.04865

[dist]
# distance from previous block
# <min> <max>
3	11

[block]
# block no. 1 follows, 31 sequences, length 29
# corresponding to MSA columns:
# 27-55
name=unknown_B
#
# <colnr> <probs for GDERKNQSTAVLIFYWHMCP>
#	G	D	E	R	K	N	Q	S	T	A	V	L	I	F	Y	W	H	M	C	P
0	0.08696	0.01675	0.02768	0.02357	0.12860	0.01667	0.27688	0.17043	0.01974	0.14031	0.01602	0.01795	0.01153	0.00684	0.00710	0.00216	0.00871	0.00680	0.00506	0.01023
1	0.02168	0.14951	0.17878	0.01896	0.11578	0.12325	0.01599	0.09991	0.01831	0.17160	0.01523	0.01598	0.01109	0.00703	0.00625	0.00195	0.00849	0.00537	0.00469	0.01016
2	0.01203	0.00789	0.00927	0.00916	0.01133	0.00724	0.00676	0.01522	0.07301	0.11441	0.06982	0.29015	0.31423	0.01674	0.00805	0.00244	0.00411	0.01449	0.00673	0.00694
3	0.09420	0.08766	0.01846	0.01534	0.01889	0.44893	0.01206	0.02506	0.07500	0.01947	0.01530	0.02199	0.01383	0.00867	0.00635	0.00200	0.00987	0.09473	0.00420	0.00798
4	0.01543	0.04879	0.15084	0.02777	0.28344	0.01536	0.17068	0.02023	0.01525	0.02168	0.01559	0.01869	0.04552	0.00651	0.00676	0.00197	0.00857	0.00641	0.00354	0.11698
5	0.02767	0.01087	0.01480	0.01181	0.01644	0.00945	0.00955	0.03012	0.01870	0.62635	0.02844	0.12231	0.02077	0.01022	0.00713	0.00221	0.00557	0.00858	0.00818	0.01082
6	0.12050	0.01226	0.01880	0.53434	0.09593	0.01465	0.01668	0.01759	0.01362	0.01971	0.01485	0.04144	0.03742	0.00756	0.00659	0.00225	0.00814	0.00649	0.00346	0.00771
7	0.01567	0.01436	0.02346	0.46136	0.16076	0.01638	0.07481	0.11002	0.01672	0.02218	0.01300	0.01778	0.00987	0.00680	0.00693	0.00221	0.00893	0.00626	0.00365	0.00885
8	0.01979	0.01275	0.01891	0.09881	0.23328	0.01276	0.01393	0.06974	0.04467	0.23427	0.02229	0.14945	0.01902	0.00987	0.00717	0.00223	0.00665	0.00876	0.00579	0.00986
9	0.70105	0.11478	0.01355	0.00936	0.01382	0.01693	0.00799	0.02016	0.01195	0.02872	0.00952	0.01109	0.00759	0.00628	0.00425	0.00203	0.00557	0.00370	0.00406	0.00759
10	0.01443	0.09462	0.35167	0.01530	0.02168	0.11104	0.01689	0.01942	0.01587	0.02073	0.10489	0.02797	0.10198	0.00942	0.00680	0.00212	0.00830	0.04421	0.00415	0.00851
11	0.04210	0.23679	0.26866	0.01477	0.02185	0.01868	0.01594	0.12616	0.01742	0.06798	0.03520	0.01535	0.01154	0.00682	0.00583	0.00185	0.00785	0.00505	0.00415	0.07602
12	0.01125	0.00848	0.00988	0.00921	0.01138	0.00814	0.00696	0.10373	0.01917	0.02563	0.34237	0.14360	0.24394	0.01516	0.00800	0.00227	0.00398	0.01307	0.00694	0.00684
13	0.01549	0.06423	0.41629	0.01647	0.02409	0.01515	0.04466	0.10313	0.01713	0.06003	0.02318	0.02388	0.12964	0.00860	0.00678	0.00214	0.00835	0.00693	0.00428	0.00954
14	0.01412	0.01165	0.01297	0.01182	0.01480	0.01284	0.00910	0.02709	0.43373	0.02815	0.29876	0.03563	0.03814	0.01114	0.00740	0.00225	0.00455	0.00957	0.00719	0.00910
15	0.01446	0.03054	0.54542	0.01988	0.02876	0.01621	0.10408	0.02368	0.10803	0.02264	0.01457	0.01643	0.01053	0.00679	0.00675	0.00220	0.00965	0.00578	0.00351	0.01010
16	0.01693	0.01626	0.02777	0.04199	0.71689	0.01626	0.02100	0.02100	0.01558	0.02235	0.01287	0.01693	0.01084	0.00610	0.00677	0.00203	0.00813	0.00610	0.00339	0.01084
17	0.01676	0.01608	0.02745	0.07280	0.68746	0.01621	0.02091	0.02084	0.01549	0.02214	0.01284	0.01699	0.01076	0.00613	0.00678	0.00204	0.00817	0.00610	0.00337	0.01069
18	0.00995	0.00663	0.00746	0.00746	0.00746	0.00663	0.00415	0.00995	0.00995	0.01327	0.02156	0.04477	0.02487	0.75957	0.03482	0.00663	0.00663	0.00995	0.00415	0.00415
19	0.00842	0.00599	0.00791	0.00942	0.00980	0.00561	0.00624	0.00955	0.01294	0.01725	0.03690	0.71940	0.04422	0.05853	0.01004	0.00297	0.00410	0.01897	0.00624	0.00549
20	0.63711	0.01390	0.01196	0.01017	0.01467	0.01570	0.00839	0.11241	0.01508	0.09014	0.01192	0.01285	0.00878	0.00678	0.00481	0.00211	0.00564	0.00430	0.00494	0.00833
21	0.80789	0.01323	0.01006	0.00900	0.01323	0.01535	0.00741	0.02011	0.01164	0.03070	0.00953	0.01111	0.00741	0.00635	0.00423	0.00212	0.00529	0.00370	0.00423	0.00741
22	0.01572	0.01664	0.03327	0.10889	0.23420	0.01630	0.39695	0.02068	0.01559	0.02139	0.01432	0.04725	0.01176	0.00660	0.00759	0.00224	0.00998	0.00774	0.00351	0.00937
23	0.02556	0.03261	0.01939	0.01763	0.02115	0.73210	0.01322	0.02732	0.01939	0.01674	0.01058	0.01234	0.00881	0.00705	0.00617	0.00176	0.01234	0.00441	0.00353	0.00793
24	0.01746	0.01501	0.02426	0.19831	0.44405	0.01580	0.01884	0.05147	0.05080	0.07565	0.01469	0.01813	0.01145	0.00670	0.00681	0.00211	0.00802	0.00624	0.00402	0.01019
25	0.02608	0.01587	0.01811	0.01423	0.01937	0.01674	0.01164	0.36016	0.14101	0.26997	0.02192	0.02027	0.01498	0.00848	0.00688	0.00212	0.00660	0.00667	0.00741	0.01150
26	0.08286	0.01334	0.01368	0.01228	0.01586	0.01522	0.00959	0.06573	0.48981	0.02900	0.02474	0.02384	0.01868	0.00875	0.00634	0.00216	0.00512	0.00708	0.14612	0.00980
27	0.01693	0.01626	0.02777	0.04199	0.71689	0.01626	0.02100	0.02100	0.01558	0.02235	0.01287	0.01693	0.01084	0.00610	0.00677	0.00203	0.00813	0.00610	0.00339	0.01084
28	0.23239	0.01464	0.01928	0.01805	0.11202	0.01585	0.07483	0.11475	0.01692	0.17032	0.01561	0.03682	0.01194	0.00813	0.00842	0.00225	0.10700	0.00616	0.00517	0.00945

[dist]
# distance from previous block
# <min> <max>
5	21

[block]
# block no. 2 follows, 31 sequences, length 79
# corresponding to MSA columns:
# 78-156
name=unknown_C
#
# <colnr> <probs for GDERKNQSTAVLIFYWHMCP>
#	G	D	E	R	K	N	Q	S	T	A	V	L	I	F	Y	W	H	M	C	P
0	0.02379	0.01220	0.01739	0.12795	0.10048	0.01181	0.01240	0.06721	0.01877	0.41836	0.06330	0.02509	0.05255	0.00869	0.00699	0.00214	0.00643	0.00732	0.00680	0.01034
1	0.01740	0.01584	0.02685	0.07423	0.65112	0.01591	0.02037	0.02142	0.01568	0.05572	0.01351	0.01730	0.01105	0.00625	0.00678	0.00205	0.00806	0.00613	0.00361	0.01072
2	0.00842	0.00678	0.00751	0.00768	0.00954	0.00586	0.00563	0.01034	0.01587	0.01997	0.18348	0.18011	0.47999	0.01740	0.00819	0.00236	0.00351	0.01491	0.00657	0.00586
3	0.01504	0.24484	0.52617	0.01726	0.02614	0.01910	0.02137	0.02133	0.01429	0.02006	0.01148	0.01345	0.00870	0.00631	0.00589	0.00196	0.00931	0.00465	0.00290	0.00973
4	0.01755	0.03054	0.36620	0.02124	0.02878	0.21221	0.18295	0.02327	0.01621	0.02038	0.01219	0.01484	0.00912	0.00647	0.00679	0.00209	0.01106	0.00561	0.00320	0.00930
5	0.01594	0.38857	0.39035	0.01572	0.02377	0.02131	0.01870	0.02109	0.01418	0.01896	0.01094	0.01276	0.00872	0.00619	0.00548	0.00183	0.00876	0.00438	0.00291	0.00947
6	0.01759	0.01591	0.01573	0.01417	0.01802	0.06529	0.01099	0.03574	0.65828	0.02782	0.02668	0.02463	0.02007	0.00913	0.00691	0.00228	0.00588	0.00751	0.00673	0.01063
7	0.39885	0.02464	0.37784	0.01441	0.02167	0.01563	0.01661	0.02091	0.01309	0.02604	0.01094	0.01283	0.00806	0.00643	0.00540	0.00214	0.00777	0.00440	0.00354	0.00880
8	0.02137	0.40861	0.02757	0.01389	0.01880	0.24832	0.01209	0.10877	0.01799	0.02012	0.01122	0.01265	0.00949	0.00661	0.00528	0.00164	0.00877	0.00432	0.03370	0.00879
9	0.00986	0.00697	0.00918	0.00918	0.00977	0.00756	0.00628	0.01105	0.01046	0.01453	0.01999	0.03609	0.02110	0.41610	0.37313	0.00875	0.01230	0.00868	0.00391	0.00510
10	0.01441	0.01396	0.02192	0.33768	0.14910	0.01765	0.01774	0.01767	0.01274	0.01790	0.01102	0.01673	0.00936	0.00874	0.01300	0.00252	0.30062	0.00605	0.00308	0.00810
11	0.00868	0.00695	0.00775	0.00755	0.00960	0.00603	0.00566	0.01097	0.01699	0.02180	0.30827	0.06037	0.47307	0.01609	0.00808	0.00225	0.00338	0.01367	0.00679	0.00603
12	0.01543	0.26218	0.40983	0.01591	0.02347	0.05471	0.01857	0.02057	0.01413	0.01894	0.01212	0.01587	0.01011	0.07143	0.00827	0.00231	0.00904	0.00501	0.00304	0.00907
13	0.01292	0.01216	0.02052	0.74312	0.04712	0.01520	0.01900	0.01748	0.01368	0.01748	0.01216	0.01824	0.00912	0.00684	0.00684	0.00228	0.00912	0.00608	0.00304	0.00760
14	0.00950	0.00699	0.00890	0.00842	0.01011	0.00638	0.00631	0.01256	0.01894	0.02643	0.64087	0.05276	0.13759	0.01436	0.00807	0.00217	0.00325	0.01260	0.00740	0.00638
15	0.06756	0.01997	0.09501	0.01552	0.02121	0.01975	0.01372	0.49514	0.11962	0.03816	0.01713	0.01714	0.01232	0.00807	0.00668	0.00210	0.00740	0.00611	0.00629	0.01112
16	0.11190	0.01108	0.01271	0.01086	0.01378	0.01156	0.00825	0.01997	0.11301	0.10618	0.01854	0.02573	0.01651	0.21598	0.05629	0.00376	0.07770	0.00687	0.00494	0.15437
17	0.01999	0.25417	0.14285	0.01408	0.01942	0.05432	0.01372	0.06080	0.01662	0.17476	0.07095	0.01831	0.01524	0.00805	0.00776	0.00200	0.08703	0.00574	0.00477	0.00943
18	0.00995	0.00663	0.00746	0.00746	0.00746	0.00663	0.00415	0.00995	0.00995	0.01327	0.02156	0.04477	0.02487	0.75957	0.03482	0.00663	0.00663	0.00995	0.00415	0.00415
19	0.02048	0.01569	0.01924	0.25495	0.02856	0.01788	0.01424	0.40918	0.02445	0.03306	0.01555	0.01785	0.01134	0.00774	0.00666	0.00209	0.00766	0.00615	0.07742	0.00983
20	0.01477	0.01400	0.02260	0.40137	0.13748	0.01598	0.08993	0.02267	0.16785	0.02115	0.01593	0.01969	0.01212	0.00716	0.00699	0.00226	0.00841	0.00666	0.00401	0.00897
21	0.03047	0.01200	0.01610	0.01234	0.01764	0.01059	0.01020	0.06509	0.02019	0.68902	0.02648	0.02296	0.01668	0.00846	0.00688	0.00211	0.00590	0.00685	0.00839	0.01164
22	0.00834	0.00595	0.00794	0.00953	0.00992	0.00556	0.00635	0.00953	0.01310	0.01746	0.03771	0.75510	0.04525	0.02143	0.00873	0.00278	0.00397	0.01945	0.00635	0.00556
23	0.01826	0.01747	0.03682	0.02642	0.03310	0.01625	0.59309	0.02357	0.01665	0.12344	0.01575	0.01916	0.01133	0.00616	0.00790	0.00228	0.01071	0.00790	0.00419	0.00958
24	0.01605	0.02019	0.13542	0.03182	0.25966	0.01675	0.37383	0.02158	0.01571	0.02202	0.01329	0.01737	0.01028	0.00598	0.00742	0.00220	0.01020	0.00698	0.00335	0.00989
25	0.03070	0.01164	0.01588	0.01217	0.01746	0.01006	0.01006	0.03334	0.01958	0.72163	0.02699	0.02329	0.01694	0.00847	0.00688	0.00212	0.00582	0.00688	0.00847	0.01164
26	0.01292	0.01216	0.02052	0.74312	0.04712	0.01520	0.01900	0.01748	0.01368	0.01748	0.01216	0.01824	0.00912	0.00684	0.00684	0.00228	0.00912	0.00608	0.00304	0.00760
27	0.01111	0.00931	0.01493	0.11904	0.01996	0.00937	0.09343	0.01442	0.01575	0.02084	0.14780	0.14490	0.09089	0.01492	0.00846	0.00263	0.00629	0.24350	0.00570	0.00673
28	0.02856	0.04691	0.01777	0.01392	0.01866	0.24477	0.01114	0.03090	0.01930	0.46640	0.02101	0.01927	0.01399	0.00791	0.00656	0.00198	0.00799	0.00596	0.00666	0.01033
29	0.01693	0.01626	0.02777	0.04199	0.71689	0.01626	0.02100	0.02100	0.01558	0.02235	0.01287	0.01693	0.01084	0.00610	0.00677	0.00203	0.00813	0.00610	0.00339	0.01084
30	0.26286	0.01799	0.02092	0.02781	0.38567	0.13295	0.01553	0.02176	0.01498	0.02401	0.01146	0.01438	0.00945	0.00633	0.00589	0.00201	0.00794	0.00508	0.00367	0.00930
31	0.00949	0.00680	0.00934	0.01084	0.01175	0.00664	0.00834	0.01153	0.01406	0.01860	0.03613	0.44529	0.04146	0.02192	0.04550	0.00334	0.00563	0.28125	0.00619	0.00588
32	0.01702	0.01470	0.01547	0.01392	0.01779	0.01702	0.01083	0.03635	0.70453	0.02862	0.02785	0.02553	0.02088	0.00928	0.00696	0.00232	0.00541	0.00773	0.00696	0.01083
33	0.01615	0.01845	0.04037	0.02884	0.03576	0.01730	0.69204	0.02191	0.01615	0.02191	0.01384	0.01845	0.01038	0.00577	0.00807	0.00231	0.01153	0.00807	0.00346	0.00923
34	0.02337	0.01178	0.01697	0.01341	0.01795	0.01081	0.08277	0.06053	0.05183	0.42453	0.06625	0.09479	0.07263	0.01035	0.00733	0.00222	0.00602	0.00903	0.00737	0.01007
35	0.01709	0.01939	0.07303	0.02695	0.03388	0.01765	0.58500	0.09427	0.01779	0.02418	0.01404	0.01803	0.01043	0.00607	0.00786	0.00227	0.01103	0.00771	0.00380	0.00953
36	0.00834	0.00595	0.00794	0.00953	0.00992	0.00556	0.00635	0.00953	0.01310	0.01746	0.03771	0.75510	0.04525	0.02143	0.00873	0.00278	0.00397	0.01945	0.00635	0.00556
37	0.03070	0.01164	0.01588	0.01217	0.01746	0.01006	0.01006	0.03334	0.01958	0.72163	0.02699	0.02329	0.01694	0.00847	0.00688	0.00212	0.00582	0.00688	0.00847	0.01164
38	0.01458	0.01518	0.02998	0.32020	0.07351	0.01586	0.34504	0.01962	0.01509	0.02004	0.01437	0.02160	0.01152	0.00696	0.00758	0.00233	0.01008	0.04453	0.00345	0.00848
39	0.01945	0.01025	0.01255	0.01165	0.01454	0.04887	0.00914	0.02163	0.01671	0.32292	0.03128	0.28118	0.02993	0.01458	0.00791	0.00250	0.00564	0.12374	0.00710	0.00845
40	0.00853	0.00695	0.00755	0.00740	0.00952	0.00597	0.00555	0.01069	0.01665	0.02100	0.25033	0.06170	0.53152	0.01639	0.00808	0.00227	0.00340	0.01386	0.00668	0.00597
41	0.02558	0.03185	0.01945	0.01752	0.02115	0.69202	0.01321	0.06492	0.02011	0.01823	0.01090	0.01257	0.00897	0.00712	0.00621	0.00178	0.01207	0.00451	0.00371	0.00814
42	0.01372	0.03539	0.72412	0.01950	0.02961	0.01589	0.02528	0.02167	0.01444	0.02167	0.01228	0.01444	0.00867	0.00650	0.00650	0.00217	0.01011	0.00506	0.00289	0.01011
43	0.01908	0.01675	0.02266	0.02735	0.35751	0.04163	0.01585	0.20033	0.01985	0.02769	0.01359	0.01605	0.01083	0.00648	0.00641	0.00181	0.00747	0.00562	0.00446	0.17860
44	0.01588	0.02393	0.37987	0.01531	0.02305	0.01297	0.01724	0.02219	0.04837	0.10766	0.04847	0.01775	0.01334	0.00685	0.00626	0.00186	0.00768	0.00549	0.00430	0.22153
45	0.02496	0.01735	0.01899	0.01494	0.02009	0.01898	0.01222	0.48614	0.15463	0.12930	0.01992	0.01900	0.01404	0.00844	0.00687	0.00211	0.00691	0.00654	0.00708	0.01149
46	0.01117	0.00785	0.00984	0.00946	0.01129	0.00757	0.00703	0.01567	0.09183	0.05874	0.45748	0.17746	0.07860	0.01472	0.00802	0.00229	0.00373	0.01299	0.00725	0.00698
47	0.00888	0.00696	0.00803	0.00776	0.00973	0.00611	0.00582	0.01135	0.01747	0.02293	0.38906	0.05852	0.39159	0.01567	0.00808	0.00223	0.00335	0.01341	0.00694	0.00611
48	0.02118	0.02223	0.02387	0.02990	0.37951	0.26025	0.01719	0.12081	0.01928	0.02346	0.01261	0.01530	0.01026	0.00673	0.00658	0.00194	0.00947	0.00553	0.00394	0.00997
49	0.01531	0.28896	0.48448	0.01679	0.02541	0.01978	0.02055	0.02126	0.01426	0.01973	0.01131	0.01324	0.00871	0.00627	0.00577	0.00192	0.00914	0.00457	0.00290	0.00965
50	0.00977	0.00733	0.01100	0.01100	0.01222	0.00855	0.00855	0.01222	0.01100	0.01588	0.01833	0.02688	0.01710	0.05131	0.73245	0.01100	0.01833	0.00733	0.00367	0.00611
51	0.01372	0.03539	0.72412	0.01950	0.02961	0.01589	0.02528	0.02167	0.01444	0.02167	0.01228	0.01444	0.00867	0.00650	0.00650	0.00217	0.01011	0.00506	0.00289	0.01011
52	0.02593	0.02603	0.01976	0.01661	0.02105	0.39773	0.01301	0.31725	0.02495	0.05308	0.01370	0.01450	0.01033	0.00761	0.00649	0.00190	0.01002	0.00526	0.00514	0.00967
53	0.80789	0.01323	0.01006	0.00900	0.01323	0.01535	0.00741	0.02011	0.01164	0.03070	0.00953	0.01111	0.00741	0.00635	0.00423	0.00212	0.00529	0.00370	0.00423	0.00741
54	0.01721	0.01542	0.02327	0.21388	0.35478	0.01679	0.01801	0.11775	0.10809	0.02488	0.01516	0.01833	0.01183	0.00701	0.00682	0.00214	0.00794	0.00632	0.00426	0.01012
55	0.20352	0.01200	0.01458	0.01147	0.01652	0.01123	0.00947	0.03040	0.01782	0.56798	0.02311	0.02058	0.01482	0.00800	0.00629	0.00212	0.00570	0.00617	0.00753	0.01070
56	0.00809	0.00693	0.00693	0.00693	0.00924	0.00578	0.00520	0.00982	0.01559	0.01848	0.06931	0.06584	0.71411	0.01733	0.00809	0.00231	0.00347	0.01444	0.00635	0.00578
57	0.01419	0.01216	0.01419	0.01013	0.01621	0.00912	0.00811	0.01723	0.01419	0.02229	0.01216	0.01419	0.01013	0.00507	0.00507	0.00101	0.00507	0.00405	0.00405	0.80139
58	0.02512	0.03178	0.01981	0.01885	0.05622	0.69601	0.01361	0.02700	0.01920	0.01703	0.01069	0.01257	0.00891	0.00700	0.00620	0.00178	0.01213	0.00449	0.00352	0.00808
59	0.44525	0.01623	0.01263	0.01082	0.01518	0.14611	0.00858	0.02041	0.01407	0.02610	0.04998	0.01426	0.01148	0.00663	0.00499	0.00181	0.00643	0.00440	0.00425	0.18039
60	0.01637	0.01220	0.01805	0.01445	0.01821	0.04668	0.16017	0.04484	0.01813	0.15525	0.21780	0.03848	0.12323	0.03863	0.00876	0.00240	0.00651	0.04549	0.00623	0.00814
61	0.00878	0.00679	0.00800	0.00805	0.00975	0.00601	0.00590	0.01102	0.01670	0.02195	0.32555	0.17686	0.33668	0.01667	0.00819	0.00233	0.00345	0.01445	0.00683	0.00601
62	0.00884	0.00671	0.00814	0.00831	0.00984	0.00601	0.00603	0.01108	0.01659	0.02208	0.33851	0.23371	0.26546	0.01693	0.00824	0.00236	0.00349	0.01482	0.00686	0.00601
63	0.01615	0.01845	0.04037	0.02884	0.03576	0.01730	0.69204	0.02191	0.01615	0.02191	0.01384	0.01845	0.01038	0.00577	0.00807	0.00231	0.01153	0.00807	0.00346	0.00923
64	0.01693	0.01626	0.02777	0.04199	0.71689	0.01626	0.02100	0.02100	0.01558	0.02235	0.01287	0.01693	0.01084	0.00610	0.00677	0.00203	0.00813	0.00610	0.00339	0.01084
65	0.00903	0.00657	0.00866	0.01008	0.01099	0.00620	0.00748	0.01080	0.01407	0.01837	0.04061	0.50224	0.11351	0.02033	0.00886	0.00283	0.00454	0.19274	0.00634	0.00578
66	0.06304	0.02585	0.01926	0.01635	0.02068	0.39716	0.01278	0.28693	0.04666	0.02808	0.01337	0.01431	0.01024	0.00754	0.00636	0.00191	0.00990	0.00517	0.00497	0.00944
67	0.01393	0.01319	0.02235	0.56604	0.21628	0.01547	0.01950	0.01837	0.01416	0.01871	0.01234	0.01791	0.00955	0.00665	0.00682	0.00222	0.00887	0.00608	0.00313	0.00842
68	0.02234	0.00957	0.01256	0.01029	0.01402	0.00852	0.00825	0.02523	0.01864	0.42814	0.19951	0.03069	0.02906	0.00978	0.00682	0.00204	0.00472	0.00818	0.14218	0.00944
69	0.00834	0.00595	0.00794	0.00953	0.00992	0.00556	0.00635	0.00953	0.01310	0.01746	0.03771	0.75510	0.04525	0.02143	0.00873	0.00278	0.00397	0.01945	0.00635	0.00556
70	0.77057	0.01315	0.01033	0.00915	0.01343	0.01509	0.00754	0.02075	0.01202	0.06387	0.01036	0.01170	0.00787	0.00645	0.00436	0.00212	0.00532	0.00386	0.00444	0.00761
71	0.01207	0.00834	0.00995	0.00921	0.01140	0.00821	0.00701	0.01765	0.12514	0.06003	0.43999	0.04395	0.10228	0.01255	0.00745	0.00212	0.00371	0.01084	0.10079	0.00732
72	0.02045	0.02254	0.02636	0.08572	0.11643	0.27081	0.20299	0.10521	0.01891	0.02235	0.01268	0.01569	0.00992	0.00663	0.00688	0.00200	0.01048	0.00599	0.00387	0.03409
73	0.00834	0.00595	0.00794	0.00953	0.00992	0.00556	0.00635	0.00953	0.01310	0.01746	0.03771	0.75510	0.04525	0.02143	0.00873	0.00278	0.00397	0.01945	0.00635	0.00556
74	0.01419	0.01216	0.01419	0.01013	0.01621	0.00912	0.00811	0.01723	0.01419	0.02229	0.01216	0.01419	0.01013	0.00507	0.00507	0.00101	0.00507	0.00405	0.00405	0.80139
75	0.01994	0.01659	0.02238	0.05102	0.30068	0.01700	0.01561	0.28755	0.02187	0.03042	0.01414	0.01632	0.01098	0.00679	0.00652	0.00188	0.00742	0.00578	0.00486	0.14226
76	0.02046	0.01174	0.01402	0.01080	0.01556	0.01043	0.00864	0.10843	0.01798	0.24563	0.01939	0.02071	0.01438	0.04951	0.00750	0.00190	0.00544	0.00588	0.12094	0.29065
77	0.01618	0.01409	0.02310	0.12444	0.46763	0.01438	0.01771	0.02058	0.03744	0.06325	0.11437	0.02263	0.01897	0.00756	0.00698	0.00209	0.00734	0.00709	0.00434	0.00984
78	0.01679	0.02183	0.22635	0.05874	0.18808	0.05505	0.11625	0.02185	0.01554	0.07368	0.01362	0.01629	0.01029	0.00627	0.00660	0.00196	0.00883	0.00573	0.00373	0.13253

[dist]
# distance from previous block
# <min> <max>
0	9

# created by:
# /home/berkeley/.conda/envs/busco_data_prod/bin/msa2prfl.pl pipeline/OGs_align_augustus/5794/31117.fs
