[name]
unknown

[dist]
# distance from previous block
# <min> <max>
0	1041

[block]
# block no. 0 follows, 32 sequences, length 31
# corresponding to MSA columns:
# 1072-1102
name=unknown_A
#
# <colnr> <probs for GDERKNQSTAVLIFYWHMCP>
#	G	D	E	R	K	N	Q	S	T	A	V	L	I	F	Y	W	H	M	C	P
0	0.01144	0.00999	0.01595	0.01803	0.15841	0.01024	0.07626	0.01368	0.01294	0.01780	0.02511	0.26444	0.06240	0.11259	0.10618	0.00403	0.05763	0.01147	0.00453	0.00689
1	0.01610	0.01543	0.02632	0.13202	0.63545	0.01581	0.02034	0.02015	0.01504	0.02131	0.01253	0.01677	0.01041	0.00607	0.00665	0.00202	0.00810	0.00598	0.00328	0.01022
2	0.04684	0.01354	0.01294	0.01304	0.04767	0.14601	0.00923	0.02051	0.10463	0.12752	0.02974	0.28583	0.08862	0.01326	0.00728	0.00228	0.00609	0.01129	0.00588	0.00779
3	0.01289	0.02273	0.36957	0.05613	0.18143	0.01328	0.01917	0.01815	0.01420	0.02030	0.01962	0.15189	0.05306	0.00950	0.00693	0.00222	0.00800	0.00827	0.00374	0.00893
4	0.81159	0.01298	0.00986	0.00882	0.01298	0.01505	0.00727	0.01972	0.01142	0.03010	0.00934	0.01090	0.00727	0.00623	0.00415	0.00208	0.00519	0.00363	0.00415	0.00727
5	0.02506	0.03198	0.01901	0.01729	0.02074	0.73725	0.01296	0.02679	0.01901	0.01642	0.01037	0.01210	0.00864	0.00691	0.00605	0.00173	0.01210	0.00432	0.00346	0.00778
6	0.03808	0.01960	0.19566	0.11732	0.20848	0.04027	0.06350	0.02311	0.03921	0.14955	0.03077	0.01812	0.01228	0.00689	0.00664	0.00209	0.00827	0.00607	0.00430	0.00980
7	0.01351	0.00964	0.01211	0.01138	0.01301	0.01054	0.00857	0.13883	0.01563	0.05446	0.02445	0.27137	0.02587	0.12139	0.15231	0.00464	0.07176	0.02827	0.00534	0.00693
8	0.00973	0.00654	0.00748	0.00743	0.00758	0.00649	0.00428	0.01004	0.01065	0.01435	0.08829	0.04451	0.02814	0.69196	0.03163	0.00608	0.00618	0.00999	0.00439	0.00428
9	0.08224	0.01513	0.02248	0.02725	0.36537	0.01517	0.04165	0.12536	0.01839	0.19661	0.01629	0.01766	0.01192	0.00686	0.00654	0.00203	0.00725	0.00607	0.00511	0.01062
10	0.01679	0.06299	0.29337	0.02229	0.09463	0.04133	0.19670	0.07955	0.05953	0.04754	0.01409	0.01632	0.01042	0.00651	0.00675	0.00210	0.00938	0.00605	0.00381	0.00984
11	0.25906	0.05856	0.01797	0.12459	0.02198	0.22612	0.03530	0.02172	0.01446	0.05750	0.01100	0.01360	0.00875	0.00721	0.00747	0.00207	0.09632	0.00475	0.00375	0.00780
12	0.01788	0.18590	0.09355	0.06806	0.08709	0.22779	0.11005	0.02117	0.01562	0.01807	0.01361	0.08525	0.01246	0.00768	0.00630	0.00193	0.00933	0.00640	0.00348	0.00836
13	0.00964	0.00697	0.00967	0.00967	0.01048	0.00778	0.00699	0.01126	0.01045	0.01475	0.01899	0.03202	0.01923	0.28045	0.51084	0.00940	0.01428	0.00802	0.00375	0.00537
14	0.09499	0.01386	0.01545	0.01373	0.03572	0.10325	0.04708	0.05549	0.01611	0.18180	0.02428	0.17500	0.07192	0.01122	0.00833	0.00223	0.07780	0.00909	0.00554	0.03709
15	0.05696	0.06964	0.21057	0.05217	0.08966	0.01525	0.05757	0.11729	0.05337	0.04654	0.06960	0.04720	0.06855	0.00852	0.00664	0.00210	0.00743	0.00716	0.00462	0.00916
16	0.02934	0.01264	0.01633	0.01252	0.01774	0.01168	0.01034	0.14352	0.02125	0.61326	0.02475	0.02172	0.01575	0.00826	0.00674	0.00207	0.00599	0.00663	0.00804	0.01142
17	0.00873	0.00689	0.00877	0.00870	0.01036	0.00616	0.02732	0.01086	0.01576	0.02067	0.25925	0.25719	0.30124	0.01678	0.00811	0.00235	0.00371	0.01474	0.00650	0.00592
18	0.01647	0.11167	0.40572	0.02140	0.14150	0.01657	0.04789	0.03762	0.03290	0.08642	0.01370	0.01546	0.01005	0.00649	0.00630	0.00203	0.00878	0.00535	0.00363	0.01004
19	0.01224	0.01047	0.01566	0.01850	0.17961	0.01184	0.01165	0.01466	0.01291	0.01883	0.08505	0.11584	0.02205	0.05966	0.18660	0.00460	0.15834	0.00867	0.04558	0.00723
20	0.00959	0.00719	0.01078	0.01078	0.01198	0.00839	0.00839	0.01198	0.01078	0.01558	0.01797	0.02636	0.01677	0.05032	0.73760	0.01078	0.01797	0.00719	0.00359	0.00599
21	0.02012	0.01823	0.08603	0.01494	0.01999	0.01833	0.01289	0.31606	0.35534	0.03344	0.02109	0.02020	0.01548	0.00840	0.00674	0.00215	0.00663	0.00668	0.00639	0.01089
22	0.08048	0.06771	0.17945	0.01475	0.02011	0.01376	0.06604	0.05450	0.01593	0.22534	0.01933	0.08706	0.01574	0.01054	0.03357	0.00251	0.04609	0.03263	0.00521	0.00924
23	0.11706	0.01206	0.01462	0.01149	0.01624	0.01153	0.00944	0.11655	0.01943	0.49058	0.02272	0.02081	0.01492	0.00799	0.00625	0.00202	0.00562	0.00625	0.08396	0.01045
24	0.00800	0.00671	0.00696	0.00709	0.00916	0.00566	0.00524	0.00969	0.01517	0.01830	0.08474	0.13105	0.63470	0.01728	0.00799	0.00231	0.00344	0.01457	0.00627	0.00566
25	0.04674	0.32638	0.02522	0.11031	0.06069	0.12237	0.01282	0.08510	0.01597	0.01963	0.01400	0.04190	0.03914	0.00760	0.00644	0.00185	0.04632	0.00547	0.00367	0.00838
26	0.01271	0.00979	0.01365	0.01227	0.01428	0.01028	0.07424	0.01710	0.11380	0.06810	0.05388	0.26646	0.09064	0.08058	0.01158	0.00281	0.08549	0.01197	0.04327	0.00712
27	0.01046	0.00807	0.00908	0.00887	0.01090	0.00764	0.00658	0.09892	0.01712	0.02203	0.13277	0.26400	0.34540	0.01664	0.00796	0.00235	0.00403	0.01433	0.00644	0.00642
28	0.01457	0.10388	0.11184	0.14594	0.13256	0.01441	0.03408	0.05680	0.03979	0.02148	0.01725	0.02141	0.03945	0.05788	0.00791	0.00224	0.00707	0.00630	0.15688	0.00827
29	0.07235	0.17720	0.12170	0.01726	0.09924	0.06364	0.01431	0.15864	0.01773	0.06405	0.01308	0.01487	0.01022	0.00726	0.00731	0.00196	0.07926	0.00513	0.04541	0.00936
30	0.02117	0.01363	0.01426	0.01190	0.01548	0.08135	0.00935	0.19127	0.04835	0.21533	0.06855	0.04505	0.01942	0.07369	0.03413	0.00266	0.00665	0.00729	0.11145	0.00903

[dist]
# distance from previous block
# <min> <max>
1	53

[block]
# block no. 1 follows, 32 sequences, length 35
# corresponding to MSA columns:
# 1157-1191
name=unknown_B
#
# <colnr> <probs for GDERKNQSTAVLIFYWHMCP>
#	G	D	E	R	K	N	Q	S	T	A	V	L	I	F	Y	W	H	M	C	P
0	0.01611	0.01489	0.05037	0.17070	0.14852	0.04185	0.05363	0.06000	0.07787	0.06621	0.01549	0.02088	0.01289	0.09129	0.03630	0.00299	0.10069	0.00662	0.00412	0.00857
1	0.01624	0.06885	0.24440	0.10460	0.23459	0.07600	0.06366	0.04984	0.01550	0.02101	0.01206	0.01527	0.00944	0.00651	0.00699	0.00206	0.03470	0.00550	0.00325	0.00952
2	0.01746	0.01574	0.03989	0.01998	0.13639	0.03998	0.09610	0.02957	0.39118	0.07758	0.02250	0.04843	0.01744	0.00839	0.00695	0.00221	0.00682	0.00753	0.00569	0.01019
3	0.01890	0.14287	0.02128	0.01519	0.01924	0.29319	0.08718	0.02304	0.09189	0.04051	0.02017	0.07507	0.07753	0.00876	0.00640	0.00191	0.00861	0.00702	0.00435	0.03691
4	0.00836	0.00616	0.00785	0.00893	0.00978	0.00565	0.00620	0.00989	0.01398	0.01844	0.11595	0.55108	0.15418	0.01951	0.00841	0.00260	0.00380	0.03728	0.00635	0.00560
5	0.07438	0.01467	0.02135	0.01742	0.01920	0.01844	0.09647	0.01715	0.01143	0.01846	0.00977	0.01473	0.00898	0.00986	0.01712	0.00258	0.52485	0.00575	0.00320	0.09421
6	0.01269	0.00985	0.01589	0.01277	0.01611	0.00889	0.16092	0.01591	0.01721	0.09914	0.29314	0.04428	0.24083	0.01230	0.00779	0.00219	0.00533	0.01121	0.00625	0.00729
7	0.00899	0.00673	0.00920	0.00961	0.01066	0.00711	0.00706	0.01081	0.01190	0.01617	0.03029	0.22438	0.12496	0.08585	0.39582	0.00718	0.01145	0.01146	0.00469	0.00567
8	0.00905	0.00668	0.00965	0.01024	0.01113	0.00728	0.00757	0.01099	0.01156	0.01616	0.02515	0.30328	0.02720	0.03926	0.46235	0.00774	0.01266	0.01168	0.00459	0.00579
9	0.01835	0.01315	0.01385	0.01174	0.01532	0.01455	0.00933	0.26243	0.23218	0.03202	0.02151	0.02189	0.01616	0.00829	0.00605	0.00194	0.00529	0.00658	0.27996	0.00940
10	0.02506	0.03198	0.01901	0.01729	0.02074	0.73725	0.01296	0.02679	0.01901	0.01642	0.01037	0.01210	0.00864	0.00691	0.00605	0.00173	0.01210	0.00432	0.00346	0.00778
11	0.01407	0.01267	0.02013	0.66848	0.04345	0.01555	0.01800	0.09131	0.01539	0.01987	0.01238	0.01770	0.00921	0.00685	0.00671	0.00221	0.00877	0.00597	0.00339	0.00788
12	0.02871	0.01365	0.01695	0.01300	0.01824	0.01318	0.01074	0.23467	0.02294	0.51973	0.02334	0.02080	0.01504	0.00823	0.00674	0.00206	0.00622	0.00653	0.00782	0.01142
13	0.00895	0.00630	0.00743	0.00800	0.00843	0.00601	0.00499	0.00959	0.01159	0.01517	0.03282	0.31041	0.11842	0.39707	0.02145	0.00458	0.00515	0.01374	0.00513	0.00478
14	0.01607	0.00795	0.00867	0.00778	0.01016	0.00787	0.00606	0.06937	0.01614	0.12975	0.02213	0.02403	0.01668	0.00791	0.00514	0.00167	0.00383	0.00631	0.62508	0.00740
15	0.01887	0.02033	0.02240	0.01858	0.02095	0.21836	0.09707	0.09402	0.01568	0.01971	0.01061	0.01454	0.00921	0.00927	0.01423	0.00242	0.37639	0.00571	0.00355	0.00811
16	0.00883	0.00681	0.00821	0.00902	0.01058	0.00619	0.00698	0.01082	0.01483	0.01870	0.07327	0.24545	0.33923	0.01833	0.00846	0.00260	0.00427	0.19538	0.00626	0.00577
17	0.01548	0.01546	0.02306	0.37990	0.33266	0.08085	0.01896	0.01949	0.01472	0.01912	0.01208	0.01682	0.00964	0.00642	0.00662	0.00209	0.00882	0.00582	0.00317	0.00884
18	0.00885	0.00646	0.00847	0.00983	0.01077	0.00609	0.00732	0.01060	0.01385	0.01804	0.04045	0.48972	0.12700	0.01985	0.00867	0.00277	0.00444	0.19492	0.00622	0.00567
19	0.01346	0.03471	0.72942	0.01912	0.02904	0.01558	0.02479	0.02125	0.01417	0.02125	0.01204	0.01417	0.00850	0.00637	0.00637	0.00212	0.00992	0.00496	0.00283	0.00992
20	0.02506	0.03198	0.01901	0.01729	0.02074	0.73725	0.01296	0.02679	0.01901	0.01642	0.01037	0.01210	0.00864	0.00691	0.00605	0.00173	0.01210	0.00432	0.00346	0.00778
21	0.00986	0.00727	0.01000	0.00987	0.01061	0.00825	0.00716	0.01139	0.01041	0.01471	0.01868	0.03194	0.01908	0.29613	0.46317	0.00897	0.04536	0.00802	0.00373	0.00538
22	0.81159	0.01298	0.00986	0.00882	0.01298	0.01505	0.00727	0.01972	0.01142	0.03010	0.00934	0.01090	0.00727	0.00623	0.00415	0.00208	0.00519	0.00363	0.00415	0.00727
23	0.01945	0.09645	0.01813	0.01326	0.01724	0.01707	0.01073	0.39396	0.07546	0.03170	0.02172	0.21265	0.02049	0.01131	0.00695	0.00216	0.00628	0.00933	0.00618	0.00947
24	0.02936	0.01262	0.01632	0.01251	0.01773	0.01165	0.01033	0.14140	0.02122	0.61544	0.02478	0.02174	0.01576	0.00826	0.00674	0.00207	0.00598	0.00663	0.00805	0.01142
25	0.00833	0.00681	0.00735	0.00722	0.00931	0.00584	0.00541	0.01041	0.01624	0.02038	0.23493	0.06087	0.55125	0.01615	0.00793	0.00223	0.00334	0.01364	0.00653	0.00584
26	0.01392	0.01432	0.13300	0.01366	0.04291	0.01104	0.04508	0.06998	0.09221	0.07606	0.11525	0.13697	0.14804	0.01205	0.00736	0.00225	0.00583	0.02660	0.02526	0.00821
27	0.01771	0.68675	0.03564	0.01331	0.01916	0.02551	0.08605	0.02024	0.01387	0.01641	0.00979	0.01156	0.00878	0.00573	0.00470	0.00152	0.00762	0.00406	0.00293	0.00866
28	0.02566	0.01200	0.01497	0.01173	0.01648	0.01116	0.00961	0.14964	0.02080	0.48765	0.03136	0.02842	0.13019	0.00967	0.00693	0.00210	0.00564	0.00783	0.00768	0.01048
29	0.08972	0.22166	0.26206	0.01499	0.02156	0.07385	0.01577	0.10678	0.09190	0.02359	0.01312	0.01424	0.01009	0.00674	0.00569	0.00191	0.00812	0.00485	0.00392	0.00943
30	0.01542	0.01932	0.23007	0.18719	0.02881	0.01435	0.09092	0.04659	0.10163	0.08731	0.03746	0.02312	0.05499	0.00807	0.00693	0.00221	0.00814	0.02391	0.00447	0.00909
31	0.02705	0.01174	0.01531	0.01193	0.01670	0.01073	0.00978	0.10931	0.02064	0.56076	0.10942	0.02536	0.02167	0.00893	0.00689	0.00207	0.00560	0.00732	0.00800	0.01080
32	0.00808	0.00645	0.00723	0.00778	0.00934	0.00561	0.00555	0.00964	0.01455	0.01809	0.08099	0.31490	0.45156	0.01832	0.00816	0.00243	0.00357	0.01586	0.00627	0.00561
33	0.01735	0.12181	0.14163	0.02479	0.21873	0.04273	0.15697	0.05039	0.01603	0.07411	0.01492	0.04333	0.01234	0.00714	0.00668	0.00205	0.00862	0.02688	0.00391	0.00959
34	0.01033	0.00702	0.00875	0.00930	0.01071	0.00664	0.00693	0.01210	0.01423	0.06429	0.04272	0.37011	0.22245	0.01772	0.00860	0.00255	0.02938	0.09858	0.05149	0.00610

[dist]
# distance from previous block
# <min> <max>
0	1

[block]
# block no. 2 follows, 32 sequences, length 24
# corresponding to MSA columns:
# 1193-1216
name=unknown_C
#
# <colnr> <probs for GDERKNQSTAVLIFYWHMCP>
#	G	D	E	R	K	N	Q	S	T	A	V	L	I	F	Y	W	H	M	C	P
0	0.02069	0.02407	0.02327	0.05483	0.04887	0.40320	0.18260	0.04709	0.01778	0.01963	0.01263	0.01541	0.01003	0.00669	0.00646	0.00189	0.01058	0.00560	0.08053	0.00816
1	0.01676	0.01378	0.01458	0.01086	0.01650	0.07826	0.00864	0.01958	0.01498	0.09905	0.01338	0.01472	0.01055	0.00552	0.00527	0.00118	0.00573	0.00431	0.00440	0.64195
2	0.03755	0.08387	0.07881	0.01658	0.09991	0.03951	0.03808	0.12279	0.06974	0.10081	0.01924	0.10767	0.01709	0.06422	0.07132	0.00314	0.00800	0.00776	0.00501	0.00888
3	0.01138	0.00955	0.00981	0.00962	0.01041	0.08768	0.00654	0.01241	0.01113	0.01427	0.01886	0.03433	0.02002	0.43352	0.27467	0.00746	0.01109	0.00827	0.00384	0.00514
4	0.05162	0.01302	0.01537	0.01218	0.01645	0.01310	0.00977	0.25811	0.02209	0.31770	0.08748	0.02511	0.01982	0.09537	0.00990	0.00257	0.00612	0.00725	0.00704	0.00994
5	0.01661	0.01594	0.02724	0.04119	0.72233	0.01594	0.02059	0.02059	0.01528	0.02192	0.01262	0.01661	0.01063	0.00598	0.00664	0.00199	0.00797	0.00598	0.00332	0.01063
6	0.13976	0.01192	0.01494	0.01163	0.01668	0.01100	0.00961	0.05606	0.01858	0.60320	0.02367	0.02091	0.01510	0.00800	0.00638	0.00207	0.00570	0.00628	0.00766	0.01084
7	0.00960	0.00712	0.01045	0.01045	0.01154	0.00821	0.00798	0.01177	0.01069	0.01533	0.01827	0.02803	0.01750	0.11817	0.67075	0.01038	0.01688	0.00743	0.00364	0.00581
8	0.00960	0.00712	0.01045	0.01045	0.01154	0.00821	0.00798	0.01177	0.01069	0.01533	0.01827	0.02803	0.01750	0.11817	0.67075	0.01038	0.01688	0.00743	0.00364	0.00581
9	0.01267	0.01193	0.02013	0.74806	0.04621	0.01491	0.01863	0.01714	0.01342	0.01714	0.01193	0.01789	0.00894	0.00671	0.00671	0.00224	0.00894	0.00596	0.00298	0.00745
10	0.01328	0.01255	0.02122	0.63903	0.15050	0.01507	0.01894	0.01768	0.01370	0.01788	0.01203	0.01769	0.00920	0.00660	0.00670	0.00220	0.00879	0.00597	0.00303	0.00794
11	0.72547	0.01280	0.01049	0.00917	0.01343	0.01448	0.00755	0.02115	0.01228	0.10690	0.01123	0.01222	0.00830	0.00646	0.00444	0.00208	0.00525	0.00398	0.00461	0.00772
12	0.01529	0.01016	0.01064	0.00942	0.01218	0.01081	0.00737	0.15851	0.12566	0.02849	0.05425	0.02779	0.08179	0.00913	0.00586	0.00185	0.00436	0.00737	0.41113	0.00794
13	0.23626	0.01319	0.01490	0.01176	0.01671	0.01325	0.00971	0.15202	0.01941	0.41642	0.02003	0.01844	0.01318	0.00771	0.00605	0.00206	0.00588	0.00579	0.00691	0.01032
14	0.00960	0.00712	0.01044	0.01044	0.01152	0.00820	0.00796	0.01176	0.01068	0.01532	0.01828	0.02808	0.01752	0.12032	0.66862	0.01036	0.01685	0.00744	0.00364	0.00580
15	0.00908	0.00616	0.00743	0.00822	0.00870	0.00589	0.00529	0.01006	0.01205	0.01649	0.03215	0.40870	0.07642	0.27226	0.01688	0.00388	0.00468	0.01447	0.07611	0.00506
16	0.01539	0.01045	0.00997	0.00977	0.01188	0.10278	0.00766	0.01810	0.01545	0.09961	0.02481	0.09600	0.02248	0.01096	0.00631	0.00204	0.00524	0.13670	0.38746	0.00694
17	0.00818	0.00584	0.00779	0.00934	0.00973	0.00545	0.00623	0.00934	0.01285	0.01713	0.03698	0.75981	0.04438	0.02102	0.00856	0.00273	0.00389	0.01908	0.00623	0.00545
18	0.14094	0.01603	0.01402	0.01273	0.01578	0.16155	0.00986	0.20332	0.01909	0.02594	0.02078	0.19926	0.02099	0.04253	0.00797	0.00241	0.00703	0.06653	0.00538	0.00784
19	0.01766	0.13664	0.02705	0.14172	0.31291	0.14848	0.08184	0.02118	0.01546	0.01917	0.01168	0.01521	0.00964	0.00619	0.00630	0.00192	0.00907	0.00548	0.00323	0.00915
20	0.00901	0.00636	0.00829	0.00899	0.00943	0.00645	0.00599	0.01006	0.01137	0.01542	0.02755	0.36139	0.03169	0.27356	0.17743	0.00575	0.00786	0.01337	0.00493	0.00511
21	0.01715	0.01676	0.05092	0.11347	0.45327	0.01657	0.09720	0.10947	0.01723	0.02399	0.01309	0.01677	0.01042	0.00631	0.00680	0.00206	0.00845	0.00617	0.00372	0.01018
22	0.01832	0.16927	0.11630	0.01561	0.08042	0.05799	0.01291	0.11070	0.01724	0.13096	0.01986	0.18387	0.01848	0.01008	0.00656	0.00206	0.00697	0.00835	0.00505	0.00901
23	0.03010	0.01142	0.01557	0.01194	0.01713	0.00986	0.00986	0.03270	0.01920	0.72698	0.02647	0.02284	0.01661	0.00830	0.00675	0.00208	0.00571	0.00675	0.00830	0.01142

[dist]
# distance from previous block
# <min> <max>
0	1

[block]
# block no. 3 follows, 32 sequences, length 10
# corresponding to MSA columns:
# 1218-1227
name=unknown_D
#
# <colnr> <probs for GDERKNQSTAVLIFYWHMCP>
#	G	D	E	R	K	N	Q	S	T	A	V	L	I	F	Y	W	H	M	C	P
0	0.01677	0.11246	0.02494	0.16388	0.25693	0.06955	0.07266	0.05841	0.09100	0.02143	0.01563	0.01841	0.03498	0.00695	0.00649	0.00201	0.00816	0.00616	0.00388	0.00930
1	0.01679	0.58242	0.02927	0.01114	0.01573	0.02277	0.01065	0.01904	0.01343	0.01731	0.01132	0.01339	0.01002	0.00657	0.00584	0.00158	0.06830	0.00421	0.13210	0.00812
2	0.00976	0.00651	0.00732	0.00732	0.00732	0.00651	0.00407	0.00976	0.00976	0.01301	0.02114	0.04391	0.02439	0.76419	0.03415	0.00651	0.00651	0.00976	0.00407	0.00407
3	0.01331	0.01769	0.21170	0.07220	0.09560	0.01235	0.12620	0.01804	0.01527	0.04810	0.09366	0.09638	0.05207	0.01028	0.00745	0.00231	0.00775	0.08679	0.00451	0.00833
4	0.01440	0.01323	0.02102	0.31514	0.28393	0.01470	0.01744	0.02039	0.10339	0.02060	0.01680	0.02485	0.01437	0.00808	0.00699	0.00225	0.00782	0.08178	0.00396	0.00887
5	0.00950	0.00686	0.00897	0.00844	0.01002	0.00633	0.00633	0.01266	0.01899	0.02691	0.71879	0.05012	0.06331	0.01372	0.00791	0.00211	0.00317	0.01213	0.00739	0.00633
6	0.01053	0.00761	0.00888	0.00948	0.01092	0.00770	0.00687	0.01530	0.13563	0.02065	0.03571	0.39928	0.10231	0.01614	0.00757	0.00242	0.00408	0.04999	0.14237	0.00655
7	0.01991	0.01710	0.02565	0.09898	0.17783	0.05723	0.18163	0.18069	0.05415	0.09610	0.01557	0.01777	0.01150	0.00690	0.00696	0.00210	0.00862	0.00653	0.00477	0.01002
8	0.00998	0.00655	0.00849	0.00945	0.01056	0.00601	0.00676	0.01150	0.01389	0.06907	0.04046	0.54515	0.13705	0.01930	0.00841	0.00265	0.00417	0.07821	0.00638	0.00598
9	0.01530	0.01276	0.01771	0.13992	0.02279	0.01396	0.10072	0.12581	0.19872	0.02528	0.02227	0.15028	0.01960	0.01003	0.00701	0.00223	0.00655	0.00898	0.09146	0.00862

[dist]
# distance from previous block
# <min> <max>
0	2

[block]
# block no. 4 follows, 32 sequences, length 27
# corresponding to MSA columns:
# 1230-1256
name=unknown_E
#
# <colnr> <probs for GDERKNQSTAVLIFYWHMCP>
#	G	D	E	R	K	N	Q	S	T	A	V	L	I	F	Y	W	H	M	C	P
0	0.01909	0.02131	0.02054	0.08749	0.20733	0.30732	0.01477	0.02185	0.01603	0.01884	0.01125	0.01430	0.00942	0.00667	0.00725	0.00181	0.06351	0.00496	0.00343	0.14283
1	0.01794	0.76823	0.03516	0.01148	0.01722	0.02655	0.01148	0.02009	0.01363	0.01579	0.00933	0.01076	0.00861	0.00574	0.00431	0.00144	0.00718	0.00359	0.00287	0.00861
2	0.10343	0.01315	0.01879	0.07115	0.15697	0.01219	0.06192	0.02205	0.01528	0.19102	0.01538	0.01684	0.01133	0.00627	0.00597	0.00175	0.00650	0.00542	0.00479	0.25977
3	0.01794	0.33433	0.10907	0.01373	0.01888	0.10654	0.01299	0.09156	0.10184	0.02111	0.01580	0.05084	0.01409	0.00821	0.00587	0.00189	0.00767	0.05456	0.00420	0.00888
4	0.02523	0.01230	0.01539	0.01219	0.01678	0.01183	0.00992	0.14541	0.08024	0.44945	0.12325	0.02574	0.02269	0.00910	0.00691	0.00209	0.00560	0.00746	0.00777	0.01063
5	0.01224	0.01449	0.11991	0.24176	0.09060	0.01247	0.10613	0.01643	0.01424	0.01941	0.07217	0.15143	0.03859	0.01208	0.04605	0.00273	0.00832	0.00913	0.00407	0.00774
6	0.01787	0.05311	0.01710	0.08010	0.06589	0.01461	0.01190	0.21656	0.10094	0.08531	0.02633	0.06702	0.08518	0.01097	0.00721	0.00227	0.00643	0.11616	0.00594	0.00910
7	0.01543	0.01475	0.02512	0.25174	0.52094	0.01563	0.02001	0.01957	0.01472	0.02050	0.01241	0.01699	0.01013	0.00620	0.00666	0.00207	0.00826	0.00597	0.00322	0.00968
8	0.00937	0.00625	0.00818	0.00926	0.01009	0.00574	0.00634	0.01074	0.01361	0.05527	0.06624	0.64168	0.09255	0.01976	0.00840	0.00263	0.00392	0.01778	0.00639	0.00582
9	0.01862	0.01795	0.02356	0.04769	0.31876	0.15836	0.08347	0.02196	0.01606	0.08291	0.01544	0.02202	0.01325	0.00795	0.00793	0.00215	0.05803	0.07061	0.00404	0.00924
10	0.01412	0.13980	0.32405	0.01878	0.02590	0.01619	0.19374	0.01960	0.01472	0.02013	0.01826	0.02405	0.06324	0.00800	0.00683	0.00215	0.00903	0.06903	0.00354	0.00883
11	0.01352	0.00668	0.00718	0.00686	0.00869	0.00652	0.00521	0.01662	0.01488	0.07641	0.08431	0.02709	0.02126	0.00838	0.00513	0.00165	0.00332	0.00681	0.67282	0.00664
12	0.01556	0.01678	0.08739	0.16289	0.36993	0.01592	0.06838	0.02259	0.13016	0.02198	0.01495	0.01813	0.01173	0.00664	0.00675	0.00212	0.00812	0.00629	0.00380	0.00987
13	0.01726	0.01537	0.02642	0.03678	0.59435	0.01515	0.06405	0.02122	0.01576	0.07469	0.04334	0.01858	0.01325	0.00646	0.00679	0.00202	0.00782	0.00642	0.00387	0.01040
14	0.01016	0.00900	0.01510	0.01345	0.01578	0.00835	0.16211	0.01266	0.01430	0.01865	0.03762	0.37715	0.16838	0.01649	0.00838	0.00257	0.00573	0.09214	0.00559	0.00639
15	0.00807	0.00625	0.00737	0.00826	0.00945	0.00554	0.00575	0.00946	0.01389	0.01755	0.05014	0.46458	0.33112	0.01931	0.00830	0.00253	0.00368	0.01699	0.00623	0.00554
16	0.01287	0.01185	0.02008	0.40772	0.14901	0.01346	0.06555	0.01653	0.01315	0.01753	0.01401	0.02213	0.01220	0.11763	0.07579	0.00356	0.00941	0.00675	0.00328	0.00749
17	0.01590	0.02235	0.29617	0.02085	0.02798	0.01439	0.28640	0.02153	0.01531	0.10747	0.01697	0.09304	0.01383	0.00783	0.00725	0.00223	0.00933	0.00779	0.00407	0.00930
18	0.01476	0.02584	0.37916	0.02572	0.15621	0.01622	0.21766	0.02103	0.01472	0.02127	0.01248	0.01576	0.00938	0.00628	0.00740	0.00217	0.03514	0.00603	0.00309	0.00971
19	0.01816	0.01379	0.02389	0.17460	0.26626	0.01384	0.12757	0.02201	0.01571	0.17913	0.01736	0.06773	0.01379	0.00759	0.00702	0.00215	0.00794	0.00733	0.00458	0.00956
20	0.00976	0.00651	0.00732	0.00732	0.00732	0.00651	0.00407	0.00976	0.00976	0.01301	0.02114	0.04391	0.02439	0.76419	0.03415	0.00651	0.00651	0.00976	0.00407	0.00407
21	0.02181	0.01384	0.02162	0.01675	0.02167	0.01340	0.18791	0.14532	0.04321	0.28188	0.02291	0.06556	0.01811	0.00943	0.00743	0.00227	0.00740	0.08325	0.00635	0.00987
22	0.02073	0.10370	0.19044	0.01807	0.11986	0.01524	0.01531	0.12013	0.01815	0.23366	0.01835	0.06636	0.01402	0.00803	0.00648	0.00204	0.00732	0.00657	0.00531	0.01023
23	0.03010	0.01142	0.01557	0.01194	0.01713	0.00986	0.00986	0.03270	0.01920	0.72698	0.02647	0.02284	0.01661	0.00830	0.00675	0.00208	0.00571	0.00675	0.00830	0.01142
24	0.00793	0.00680	0.00680	0.00680	0.00906	0.00566	0.00510	0.00963	0.01529	0.01813	0.06797	0.06457	0.71961	0.01699	0.00793	0.00227	0.00340	0.01416	0.00623	0.00566
25	0.01801	0.01925	0.19188	0.09242	0.09979	0.01544	0.01653	0.20877	0.05120	0.07835	0.01853	0.02582	0.01529	0.00894	0.00702	0.00224	0.00782	0.10788	0.00506	0.00973
26	0.01494	0.01189	0.01459	0.10415	0.06556	0.01305	0.01094	0.02541	0.34848	0.07461	0.03049	0.13207	0.10298	0.01115	0.00717	0.00230	0.00554	0.00961	0.00608	0.00898

[dist]
# distance from previous block
# <min> <max>
17	28

[block]
# block no. 5 follows, 32 sequences, length 11
# corresponding to MSA columns:
# 1289-1299
name=unknown_F
#
# <colnr> <probs for GDERKNQSTAVLIFYWHMCP>
#	G	D	E	R	K	N	Q	S	T	A	V	L	I	F	Y	W	H	M	C	P
0	0.04580	0.07490	0.26767	0.01872	0.08530	0.07105	0.06799	0.07812	0.04259	0.10888	0.01445	0.01577	0.01056	0.00665	0.00626	0.00196	0.00843	0.00542	0.00422	0.06525
1	0.09940	0.17511	0.05188	0.01455	0.01937	0.17351	0.01251	0.26674	0.04825	0.02759	0.01279	0.01386	0.00996	0.00729	0.00647	0.00189	0.03983	0.00494	0.00466	0.00939
2	0.01160	0.01013	0.04164	0.01146	0.01336	0.05670	0.00931	0.01424	0.01234	0.04575	0.06228	0.02628	0.01885	0.04155	0.58207	0.00891	0.01580	0.00720	0.00399	0.00652
3	0.02038	0.15547	0.06325	0.01997	0.16794	0.11640	0.01423	0.11940	0.14179	0.09246	0.01613	0.01683	0.01231	0.00716	0.00618	0.00192	0.00773	0.00563	0.00481	0.01002
4	0.64527	0.01264	0.01108	0.00949	0.01386	0.01395	0.00782	0.02249	0.01308	0.17842	0.01299	0.01344	0.00926	0.00667	0.00470	0.00208	0.00530	0.00430	0.00504	0.00815
5	0.01391	0.01193	0.01391	0.00994	0.01590	0.00894	0.00795	0.01690	0.01391	0.02186	0.01193	0.01391	0.00994	0.00497	0.00497	0.00099	0.00497	0.00398	0.00398	0.80521
6	0.01125	0.00820	0.01040	0.06327	0.01339	0.00838	0.00772	0.01464	0.04245	0.05394	0.34944	0.04357	0.18668	0.01274	0.00842	0.00216	0.05769	0.01065	0.08830	0.00672
7	0.00947	0.00692	0.00984	0.01000	0.01089	0.00774	0.00737	0.01130	0.01081	0.01526	0.02051	0.10514	0.02102	0.17880	0.53294	0.00917	0.01441	0.00889	0.00395	0.00558
8	0.01821	0.20817	0.06739	0.01674	0.10750	0.01764	0.03633	0.13143	0.09616	0.07281	0.03746	0.01924	0.04642	0.00741	0.00604	0.00182	0.00679	0.00597	0.00478	0.09168
9	0.03751	0.09114	0.02097	0.18666	0.13605	0.01523	0.04566	0.08115	0.06193	0.05195	0.01449	0.01862	0.01183	0.06331	0.00823	0.00221	0.00728	0.00587	0.00413	0.13579
10	0.11101	0.07017	0.10097	0.01798	0.11188	0.16888	0.04557	0.09097	0.03426	0.04040	0.01780	0.07111	0.05681	0.00832	0.00630	0.00200	0.00802	0.00664	0.00433	0.02659

[dist]
# distance from previous block
# <min> <max>
0	47

[block]
# block no. 6 follows, 32 sequences, length 17
# corresponding to MSA columns:
# 1349-1365
name=unknown_G
#
# <colnr> <probs for GDERKNQSTAVLIFYWHMCP>
#	G	D	E	R	K	N	Q	S	T	A	V	L	I	F	Y	W	H	M	C	P
0	0.01616	0.01635	0.07239	0.01757	0.11657	0.14340	0.04384	0.05050	0.03811	0.07381	0.08646	0.18796	0.02395	0.01418	0.06515	0.00286	0.00817	0.00943	0.00501	0.00813
1	0.01245	0.21331	0.09549	0.01088	0.01458	0.01296	0.03427	0.01559	0.01537	0.02106	0.21908	0.11726	0.08601	0.01099	0.00652	0.00196	0.00537	0.00927	0.09033	0.00726
2	0.04075	0.15826	0.02452	0.06012	0.28461	0.08571	0.01527	0.14082	0.05544	0.02399	0.01395	0.04205	0.01177	0.00714	0.00617	0.00192	0.00778	0.00588	0.00415	0.00969
3	0.07425	0.01438	0.07218	0.08206	0.01990	0.03827	0.03476	0.12310	0.03550	0.18912	0.06154	0.08328	0.10129	0.00991	0.00684	0.00213	0.00641	0.00823	0.00588	0.03098
4	0.03526	0.10981	0.24594	0.04565	0.07928	0.03364	0.01610	0.09659	0.01657	0.13212	0.01581	0.04345	0.01232	0.01140	0.07441	0.00283	0.00895	0.00599	0.00440	0.00949
5	0.00961	0.00644	0.00736	0.00751	0.00754	0.00641	0.00427	0.00972	0.01005	0.01339	0.02262	0.11061	0.02626	0.69495	0.03177	0.00615	0.00626	0.01063	0.00427	0.00419
6	0.00897	0.00638	0.00817	0.00867	0.00939	0.00613	0.00588	0.01049	0.01366	0.01864	0.20949	0.33898	0.06343	0.19146	0.06559	0.00399	0.00528	0.01415	0.00585	0.00541
7	0.08052	0.02047	0.15557	0.02275	0.14314	0.06145	0.16146	0.07810	0.07161	0.04896	0.01392	0.01642	0.01064	0.00710	0.00809	0.00218	0.07805	0.00606	0.00402	0.00950
8	0.04494	0.05173	0.18397	0.02036	0.11323	0.08444	0.08477	0.22123	0.02035	0.08965	0.01439	0.01578	0.01049	0.00694	0.00652	0.00202	0.00864	0.00571	0.00467	0.01016
9	0.00946	0.00702	0.00891	0.00941	0.01056	0.00682	0.00668	0.01303	0.08010	0.02178	0.28924	0.42783	0.04918	0.01720	0.00816	0.00245	0.00375	0.01543	0.00671	0.00626
10	0.04849	0.00886	0.01236	0.11689	0.09757	0.00889	0.00973	0.01424	0.01489	0.06458	0.13654	0.26059	0.15251	0.01398	0.00755	0.00233	0.00506	0.01232	0.00564	0.00696
11	0.01721	0.30250	0.31628	0.01537	0.02265	0.02053	0.01709	0.12821	0.06038	0.02296	0.01263	0.01389	0.00975	0.00657	0.00569	0.00186	0.00822	0.00479	0.00371	0.00971
12	0.01050	0.00747	0.01044	0.01016	0.01071	0.00857	0.00740	0.01120	0.01009	0.01424	0.01673	0.02863	0.01701	0.22417	0.35678	0.15781	0.08205	0.00747	0.00353	0.00505
13	0.00844	0.00642	0.00760	0.00841	0.00958	0.00581	0.00595	0.00985	0.01370	0.01735	0.04723	0.37257	0.30037	0.08945	0.01079	0.00293	0.00413	0.06794	0.00602	0.00546
14	0.01701	0.01686	0.05854	0.08988	0.45546	0.01686	0.06035	0.10072	0.01664	0.02344	0.01271	0.01647	0.01032	0.00675	0.00796	0.00211	0.06815	0.00605	0.00365	0.01008
15	0.07807	0.10196	0.01567	0.01264	0.04703	0.17923	0.00945	0.05463	0.01803	0.02344	0.30166	0.03135	0.08067	0.01021	0.00665	0.00194	0.00632	0.00821	0.00540	0.00743
16	0.01434	0.01485	0.08363	0.01267	0.01882	0.01109	0.06398	0.01983	0.09435	0.02249	0.01384	0.01555	0.01104	0.00563	0.00555	0.00135	0.00597	0.00479	0.00415	0.57607

[dist]
# distance from previous block
# <min> <max>
1	2

[block]
# block no. 7 follows, 32 sequences, length 21
# corresponding to MSA columns:
# 1368-1388
name=unknown_H
#
# <colnr> <probs for GDERKNQSTAVLIFYWHMCP>
#	G	D	E	R	K	N	Q	S	T	A	V	L	I	F	Y	W	H	M	C	P
0	0.01335	0.01224	0.01794	0.26768	0.19849	0.01344	0.01455	0.01987	0.14808	0.02063	0.02758	0.02938	0.17045	0.00929	0.00699	0.00219	0.00677	0.00811	0.00453	0.00844
1	0.00844	0.00606	0.00760	0.00871	0.00922	0.00566	0.00572	0.00945	0.01254	0.01649	0.03738	0.55619	0.11221	0.15559	0.01315	0.00336	0.00432	0.01686	0.00584	0.00522
2	0.01602	0.10227	0.02091	0.01555	0.01761	0.09504	0.01297	0.01785	0.01221	0.01712	0.00957	0.01383	0.00896	0.00937	0.01535	0.00230	0.45925	0.00512	0.00316	0.14551
3	0.01389	0.01296	0.02129	0.27234	0.31204	0.01357	0.03513	0.01763	0.01428	0.01970	0.01635	0.09360	0.03307	0.00795	0.00676	0.00206	0.00755	0.00738	0.00365	0.08879
4	0.01794	0.01582	0.02817	0.03457	0.48381	0.01559	0.15430	0.02203	0.01569	0.10235	0.01428	0.01756	0.01117	0.00635	0.00736	0.00208	0.03027	0.00645	0.00389	0.01031
5	0.01065	0.00762	0.00969	0.00948	0.01073	0.00831	0.00693	0.01431	0.08284	0.01851	0.10031	0.03310	0.02439	0.21222	0.33015	0.00690	0.01061	0.00833	0.08886	0.00606
6	0.01593	0.00827	0.01086	0.00978	0.01247	0.00740	0.00766	0.01851	0.01765	0.25092	0.28873	0.12841	0.11922	0.01356	0.00772	0.00226	0.00433	0.06122	0.00732	0.00779
7	0.01276	0.00853	0.01172	0.09450	0.01557	0.00969	0.00917	0.01555	0.01319	0.07056	0.04685	0.02744	0.03892	0.02278	0.24453	0.00490	0.08494	0.03171	0.22991	0.00677
8	0.01799	0.09817	0.01989	0.08879	0.02107	0.01376	0.08217	0.02170	0.04244	0.20401	0.02250	0.03455	0.01979	0.01083	0.00884	0.00242	0.08266	0.19444	0.00544	0.00854
9	0.00864	0.00687	0.00787	0.00832	0.01017	0.00609	0.00646	0.01066	0.01530	0.01903	0.10484	0.14939	0.45595	0.01755	0.00827	0.00247	0.00399	0.14603	0.00630	0.00579
10	0.01296	0.00862	0.00985	0.00876	0.01154	0.00791	0.00681	0.08347	0.01842	0.11343	0.22909	0.05051	0.38479	0.01411	0.00765	0.00217	0.00404	0.01186	0.00685	0.00716
11	0.00838	0.00618	0.00797	0.00898	0.00982	0.00577	0.00622	0.00992	0.01373	0.01823	0.11432	0.53347	0.14159	0.02162	0.05737	0.00313	0.00469	0.01682	0.00618	0.00561
12	0.07448	0.54085	0.12525	0.01400	0.02028	0.02330	0.08263	0.02036	0.01377	0.01812	0.01012	0.01197	0.00866	0.00585	0.00493	0.00166	0.00781	0.00421	0.00301	0.00873
13	0.01391	0.00778	0.01010	0.00940	0.01145	0.00714	0.00711	0.01621	0.01657	0.17404	0.30413	0.11156	0.07798	0.12542	0.01175	0.00291	0.00458	0.07421	0.00681	0.00696
14	0.00893	0.00767	0.00776	0.00758	0.01002	0.00693	0.00573	0.01261	0.09482	0.01926	0.06332	0.06005	0.63960	0.01609	0.00780	0.00227	0.00362	0.01341	0.00630	0.00623
15	0.01895	0.01963	0.11450	0.05297	0.26817	0.03953	0.06341	0.23593	0.02002	0.02751	0.01335	0.01601	0.01032	0.00714	0.00781	0.00210	0.06217	0.00594	0.00430	0.01024
16	0.01024	0.00903	0.01409	0.01229	0.01481	0.00840	0.13541	0.01362	0.04699	0.02056	0.16283	0.24500	0.22945	0.01510	0.00809	0.00239	0.00514	0.03402	0.00593	0.00660
17	0.01046	0.00757	0.00923	0.00958	0.01075	0.00743	0.00670	0.08883	0.01554	0.02079	0.11455	0.47710	0.08153	0.09390	0.01084	0.00293	0.00444	0.01553	0.00620	0.00611
18	0.07186	0.02034	0.19666	0.07412	0.37235	0.01598	0.08909	0.04140	0.01518	0.02263	0.01241	0.01583	0.00975	0.00617	0.00654	0.00207	0.00863	0.00576	0.00335	0.00989
19	0.01478	0.05552	0.25708	0.10856	0.24540	0.01537	0.06809	0.01998	0.01449	0.02084	0.01218	0.01545	0.00952	0.00603	0.00633	0.00193	0.00854	0.00541	0.00319	0.11131
20	0.00967	0.00698	0.00921	0.00987	0.01086	0.00715	0.00707	0.03746	0.03286	0.01897	0.07650	0.45642	0.03596	0.02636	0.18630	0.00457	0.00743	0.01440	0.03591	0.00604

[dist]
# distance from previous block
# <min> <max>
0	2

[block]
# block no. 8 follows, 32 sequences, length 122
# corresponding to MSA columns:
# 1391-1512
name=unknown_I
#
# <colnr> <probs for GDERKNQSTAVLIFYWHMCP>
#	G	D	E	R	K	N	Q	S	T	A	V	L	I	F	Y	W	H	M	C	P
0	0.01534	0.06218	0.10483	0.02117	0.19932	0.03635	0.08458	0.01932	0.01463	0.02123	0.01208	0.01481	0.00985	0.00557	0.00586	0.00156	0.00732	0.00499	0.00353	0.35547
1	0.02202	0.01803	0.01814	0.01453	0.01943	0.07716	0.01171	0.40643	0.19252	0.03440	0.01787	0.01769	0.01321	0.00786	0.00649	0.00194	0.00699	0.00604	0.00616	0.10137
2	0.00857	0.00614	0.00814	0.00908	0.00982	0.00571	0.00626	0.01032	0.01466	0.02002	0.23845	0.55011	0.04997	0.01886	0.00837	0.00254	0.00368	0.01702	0.00657	0.00571
3	0.01031	0.01261	0.15778	0.01065	0.01395	0.00824	0.01014	0.01444	0.01800	0.02574	0.57281	0.04269	0.05199	0.01220	0.00760	0.00211	0.00456	0.01065	0.00645	0.00707
4	0.01534	0.21679	0.02138	0.20357	0.02364	0.10931	0.01242	0.01786	0.01341	0.01644	0.01231	0.01814	0.01119	0.08901	0.07504	0.00311	0.05967	0.00545	0.00326	0.07268
5	0.00829	0.00641	0.00756	0.00813	0.00950	0.00568	0.00577	0.01000	0.01487	0.01913	0.16067	0.35255	0.33111	0.01814	0.00819	0.00243	0.00357	0.01588	0.00642	0.00568
6	0.01950	0.10240	0.14915	0.07523	0.08090	0.26501	0.01561	0.08579	0.07634	0.02128	0.01289	0.01468	0.01010	0.00682	0.00611	0.00188	0.00935	0.00505	0.00384	0.03807
7	0.00839	0.00638	0.00772	0.00831	0.00958	0.00572	0.00588	0.01017	0.01501	0.01962	0.19829	0.37391	0.27060	0.01808	0.00821	0.00244	0.00357	0.01592	0.00649	0.00572
8	0.14887	0.03813	0.06869	0.03847	0.07932	0.01280	0.01108	0.06128	0.03797	0.02399	0.01260	0.01492	0.01020	0.00837	0.04702	0.00207	0.00674	0.00465	0.00404	0.36878
9	0.01958	0.10677	0.19425	0.01840	0.12668	0.08955	0.01543	0.04063	0.01626	0.17191	0.01482	0.01580	0.01087	0.00655	0.00603	0.00181	0.00784	0.00515	0.00441	0.12726
10	0.04646	0.37355	0.16678	0.01663	0.06663	0.03952	0.07133	0.06374	0.01513	0.02024	0.01124	0.01334	0.00924	0.00632	0.00592	0.00179	0.03154	0.00470	0.02686	0.00903
11	0.12256	0.09291	0.36336	0.04690	0.13135	0.01708	0.01912	0.09097	0.01569	0.02407	0.01194	0.01413	0.00899	0.00642	0.00598	0.00203	0.00844	0.00496	0.00350	0.00962
12	0.01425	0.05037	0.40963	0.03527	0.02432	0.01596	0.04030	0.02243	0.12765	0.02181	0.01493	0.01700	0.01128	0.00752	0.00808	0.00218	0.09308	0.00567	0.06896	0.00931
13	0.00830	0.00656	0.00725	0.00756	0.00911	0.00576	0.00535	0.00983	0.01447	0.01809	0.10949	0.21730	0.44229	0.09500	0.01079	0.00280	0.00381	0.01464	0.00610	0.00551
14	0.01578	0.01375	0.01529	0.01520	0.07434	0.01549	0.01087	0.03173	0.58131	0.02654	0.03032	0.02844	0.09207	0.00966	0.00693	0.00225	0.00533	0.00814	0.00648	0.01011
15	0.00896	0.00684	0.00822	0.00788	0.00969	0.00610	0.00591	0.01162	0.01772	0.02388	0.49473	0.05510	0.28926	0.01485	0.00792	0.00216	0.00325	0.01283	0.00699	0.00610
16	0.01251	0.00625	0.00625	0.00625	0.00782	0.00625	0.00469	0.01563	0.01407	0.02502	0.02189	0.02502	0.01720	0.00782	0.00469	0.00156	0.00313	0.00625	0.80144	0.00625
17	0.81159	0.01298	0.00986	0.00882	0.01298	0.01505	0.00727	0.01972	0.01142	0.03010	0.00934	0.01090	0.00727	0.00623	0.00415	0.00208	0.00519	0.00363	0.00415	0.00727
18	0.01794	0.76823	0.03516	0.01148	0.01722	0.02655	0.01148	0.02009	0.01363	0.01579	0.00933	0.01076	0.00861	0.00574	0.00431	0.00144	0.00718	0.00359	0.00287	0.00861
19	0.00843	0.00678	0.00751	0.00740	0.00939	0.00587	0.00552	0.01057	0.01637	0.02084	0.27030	0.08336	0.49190	0.01610	0.00795	0.00223	0.00334	0.01369	0.00659	0.00587
20	0.01468	0.01468	0.02055	0.01762	0.01762	0.02055	0.01468	0.01615	0.01028	0.01615	0.00881	0.01468	0.00881	0.01174	0.02202	0.00294	0.75191	0.00587	0.00294	0.00734
21	0.81159	0.01298	0.00986	0.00882	0.01298	0.01505	0.00727	0.01972	0.01142	0.03010	0.00934	0.01090	0.00727	0.00623	0.00415	0.00208	0.00519	0.00363	0.00415	0.00727
22	0.01584	0.01810	0.03959	0.02828	0.03507	0.01697	0.69796	0.02149	0.01584	0.02149	0.01357	0.01810	0.01018	0.00566	0.00792	0.00226	0.01131	0.00792	0.00339	0.00905
23	0.00974	0.00658	0.00768	0.00768	0.00780	0.00670	0.00451	0.00999	0.00986	0.01327	0.02082	0.04210	0.02361	0.69066	0.10661	0.00695	0.00769	0.00949	0.00402	0.00426
24	0.00959	0.00715	0.01059	0.01059	0.01173	0.00828	0.00815	0.01186	0.01073	0.01544	0.01815	0.02732	0.01719	0.08955	0.69895	0.01055	0.01734	0.00733	0.00362	0.00589
25	0.01794	0.76823	0.03516	0.01148	0.01722	0.02655	0.01148	0.02009	0.01363	0.01579	0.00933	0.01076	0.00861	0.00574	0.00431	0.00144	0.00718	0.00359	0.00287	0.00861
26	0.00818	0.00584	0.00779	0.00934	0.00973	0.00545	0.00623	0.00934	0.01285	0.01713	0.03698	0.75981	0.04438	0.02102	0.00856	0.00273	0.00389	0.01908	0.00623	0.00545
27	0.01129	0.00684	0.00882	0.00945	0.01082	0.00636	0.00698	0.01321	0.01449	0.09241	0.07101	0.42409	0.09309	0.01732	0.00799	0.00252	0.00423	0.10434	0.08841	0.00631
28	0.02235	0.02736	0.01758	0.01618	0.01925	0.58298	0.01212	0.02542	0.07477	0.01744	0.01447	0.09065	0.01332	0.00869	0.00681	0.00191	0.03078	0.00616	0.00401	0.00776
29	0.00793	0.00680	0.00680	0.00680	0.00906	0.00566	0.00510	0.00963	0.01529	0.01813	0.06797	0.06457	0.71961	0.01699	0.00793	0.00227	0.00340	0.01416	0.00623	0.00566
30	0.00993	0.00670	0.00789	0.00814	0.00840	0.00670	0.00517	0.01044	0.01069	0.01417	0.02350	0.04911	0.02672	0.64215	0.03008	0.00595	0.00645	0.11899	0.00441	0.00441
31	0.01774	0.15099	0.23476	0.02218	0.19547	0.05873	0.01790	0.12618	0.07069	0.02396	0.01342	0.01520	0.01042	0.00667	0.00616	0.00195	0.00835	0.00531	0.00390	0.01003
32	0.01043	0.01010	0.00979	0.01083	0.06875	0.08225	0.00724	0.01229	0.01555	0.01821	0.05586	0.09145	0.55271	0.01526	0.00766	0.00221	0.00470	0.01273	0.00571	0.00628
33	0.02274	0.02810	0.01822	0.01650	0.01932	0.60316	0.01241	0.02430	0.01735	0.01611	0.01109	0.01497	0.00995	0.06946	0.01001	0.00225	0.08825	0.00493	0.00345	0.00743
34	0.78522	0.01361	0.01017	0.00911	0.01324	0.03926	0.00746	0.01996	0.01167	0.02965	0.00938	0.01094	0.00731	0.00625	0.00422	0.00206	0.00542	0.00366	0.00413	0.00728
35	0.01005	0.00870	0.05056	0.01100	0.01258	0.00768	0.00898	0.03494	0.01387	0.01862	0.03164	0.34360	0.05321	0.05083	0.12880	0.00421	0.00735	0.19171	0.00553	0.00614
36	0.01391	0.01193	0.01391	0.00994	0.01590	0.00894	0.00795	0.01690	0.01391	0.02186	0.01193	0.01391	0.00994	0.00497	0.00497	0.00099	0.00497	0.00398	0.00398	0.80521
37	0.02521	0.01975	0.01990	0.01554	0.02070	0.07939	0.01271	0.62515	0.05059	0.03975	0.01597	0.01604	0.01145	0.00799	0.00666	0.00200	0.00771	0.00595	0.00645	0.01109
38	0.01550	0.12059	0.33524	0.09410	0.09750	0.01581	0.01845	0.02164	0.05382	0.07886	0.07225	0.01865	0.01465	0.00720	0.00635	0.00204	0.00810	0.00588	0.00395	0.00943
39	0.01837	0.11997	0.20671	0.01601	0.02184	0.14482	0.03287	0.09736	0.22814	0.02398	0.01650	0.01697	0.01253	0.00737	0.00627	0.00200	0.00832	0.00566	0.00458	0.00972
40	0.02420	0.03059	0.01855	0.01692	0.02025	0.69654	0.01271	0.02597	0.01855	0.01637	0.01080	0.01290	0.00910	0.00934	0.04691	0.00223	0.01243	0.00448	0.00346	0.00768
41	0.16186	0.01346	0.01512	0.07229	0.03863	0.01325	0.01012	0.16811	0.01740	0.02752	0.01342	0.01650	0.01082	0.00656	0.00552	0.00163	0.00594	0.02578	0.02675	0.34934
42	0.00959	0.00719	0.01078	0.01078	0.01198	0.00839	0.00839	0.01198	0.01078	0.01558	0.01797	0.02636	0.01677	0.05032	0.73760	0.01078	0.01797	0.00719	0.00359	0.00599
43	0.00827	0.00599	0.00782	0.00910	0.00971	0.00554	0.00616	0.00963	0.01352	0.01800	0.09496	0.65435	0.09188	0.02015	0.00847	0.00264	0.00380	0.01817	0.00632	0.00554
44	0.00976	0.00651	0.00732	0.00732	0.00732	0.00651	0.00407	0.00976	0.00976	0.01301	0.02114	0.04391	0.02439	0.76419	0.03415	0.00651	0.00651	0.00976	0.00407	0.00407
45	0.02506	0.03198	0.01901	0.01729	0.02074	0.73725	0.01296	0.02679	0.01901	0.01642	0.01037	0.01210	0.00864	0.00691	0.00605	0.00173	0.01210	0.00432	0.00346	0.00778
46	0.81159	0.01298	0.00986	0.00882	0.01298	0.01505	0.00727	0.01972	0.01142	0.03010	0.00934	0.01090	0.00727	0.00623	0.00415	0.00208	0.00519	0.00363	0.00415	0.00727
47	0.01794	0.76823	0.03516	0.01148	0.01722	0.02655	0.01148	0.02009	0.01363	0.01579	0.00933	0.01076	0.00861	0.00574	0.00431	0.00144	0.00718	0.00359	0.00287	0.00861
48	0.00948	0.00655	0.00724	0.00724	0.00758	0.00638	0.00422	0.00974	0.01060	0.01379	0.02829	0.04706	0.13044	0.65021	0.03015	0.00586	0.00603	0.01043	0.00440	0.00431
49	0.00944	0.00686	0.00889	0.00838	0.00999	0.00631	0.00629	0.01255	0.01886	0.02659	0.69509	0.05065	0.08721	0.01384	0.00791	0.00212	0.00317	0.01221	0.00734	0.00631
50	0.01794	0.76823	0.03516	0.01148	0.01722	0.02655	0.01148	0.02009	0.01363	0.01579	0.00933	0.01076	0.00861	0.00574	0.00431	0.00144	0.00718	0.00359	0.00287	0.00861
51	0.01267	0.01193	0.02013	0.74806	0.04621	0.01491	0.01863	0.01714	0.01342	0.01714	0.01193	0.01789	0.00894	0.00671	0.00671	0.00224	0.00894	0.00596	0.00298	0.00745
52	0.81159	0.01298	0.00986	0.00882	0.01298	0.01505	0.00727	0.01972	0.01142	0.03010	0.00934	0.01090	0.00727	0.00623	0.00415	0.00208	0.00519	0.00363	0.00415	0.00727
53	0.02546	0.02016	0.02002	0.01563	0.02080	0.09499	0.01278	0.63026	0.03025	0.03961	0.01552	0.01569	0.01112	0.00794	0.00664	0.00198	0.00787	0.00586	0.00638	0.01103
54	0.00974	0.00658	0.00768	0.00768	0.00780	0.00670	0.00451	0.00999	0.00986	0.01328	0.02081	0.04209	0.02361	0.69027	0.10699	0.00695	0.00769	0.00949	0.00402	0.00427
