[name]
unknown

[dist]
# distance from previous block
# <min> <max>
0	61

[block]
# block no. 0 follows, 34 sequences, length 67
# corresponding to MSA columns:
# 66-132
name=unknown_A
#
# <colnr> <probs for GDERKNQSTAVLIFYWHMCP>
#	G	D	E	R	K	N	Q	S	T	A	V	L	I	F	Y	W	H	M	C	P
0	0.01165	0.00918	0.01113	0.01062	0.01337	0.00869	0.00864	0.01638	0.11423	0.02003	0.02832	0.04727	0.07719	0.08921	0.00988	0.00263	0.00538	0.30359	0.00531	0.20731
1	0.01754	0.00961	0.01332	0.01321	0.08560	0.00914	0.00923	0.05877	0.01719	0.27336	0.21870	0.10609	0.03038	0.01499	0.08966	0.00300	0.00627	0.00910	0.00647	0.00838
2	0.01730	0.01549	0.01399	0.01186	0.01524	0.17145	0.00927	0.20727	0.02090	0.04469	0.23999	0.02948	0.09784	0.00985	0.00668	0.00186	0.00625	0.00793	0.00578	0.06686
3	0.01493	0.01347	0.02028	0.16864	0.34040	0.01450	0.01564	0.05525	0.15680	0.02290	0.09505	0.02143	0.01752	0.00743	0.00658	0.00203	0.00680	0.00673	0.00441	0.00922
4	0.01434	0.01424	0.01714	0.04529	0.23068	0.12945	0.03135	0.01739	0.01605	0.02112	0.21066	0.02719	0.07629	0.00859	0.00655	0.00182	0.00648	0.00749	0.00456	0.11333
5	0.10270	0.01121	0.01597	0.03896	0.28606	0.01150	0.01181	0.01732	0.06660	0.02301	0.23954	0.02867	0.02777	0.08125	0.00905	0.00240	0.00562	0.00783	0.00483	0.00789
6	0.28742	0.01305	0.01818	0.27613	0.25103	0.01472	0.01482	0.01840	0.01283	0.02220	0.01085	0.01455	0.00858	0.00608	0.00560	0.00203	0.00709	0.00498	0.00336	0.00808
7	0.09446	0.07101	0.01962	0.06295	0.21590	0.05554	0.01321	0.10860	0.15655	0.07874	0.01588	0.01702	0.01212	0.00688	0.00595	0.00192	0.00672	0.00562	0.02275	0.02858
8	0.00781	0.00629	0.00697	0.00737	0.00898	0.00544	0.00531	0.00941	0.01431	0.01780	0.10551	0.26396	0.48373	0.01725	0.00781	0.00230	0.00339	0.01485	0.00608	0.00544
9	0.00860	0.00655	0.00790	0.00763	0.00933	0.00585	0.00570	0.01111	0.01690	0.02276	0.48354	0.07765	0.28397	0.01451	0.00765	0.00210	0.00315	0.01257	0.00670	0.00585
10	0.01504	0.01457	0.02362	0.11325	0.45040	0.01651	0.01799	0.01823	0.01313	0.01900	0.01103	0.01560	0.00955	0.00743	0.01065	0.00221	0.22404	0.00573	0.00306	0.00898
11	0.01599	0.01535	0.02623	0.03966	0.73262	0.01535	0.01983	0.01983	0.01471	0.02111	0.01215	0.01599	0.01023	0.00576	0.00640	0.00192	0.00768	0.00576	0.00320	0.01023
12	0.01263	0.01192	0.02014	0.67729	0.12130	0.01447	0.01815	0.01688	0.01312	0.01702	0.01156	0.01709	0.00879	0.00638	0.00645	0.00213	0.00851	0.00574	0.00291	0.00752
13	0.01526	0.01557	0.09511	0.01340	0.01757	0.01528	0.01147	0.03129	0.59463	0.02622	0.07205	0.02457	0.02122	0.00877	0.00660	0.00216	0.00547	0.00732	0.00618	0.00987
14	0.01599	0.01535	0.02623	0.03966	0.73262	0.01535	0.01983	0.01983	0.01471	0.02111	0.01215	0.01599	0.01023	0.00576	0.00640	0.00192	0.00768	0.00576	0.00320	0.01023
15	0.01604	0.01449	0.02265	0.21204	0.41124	0.01526	0.01743	0.11399	0.01633	0.02267	0.01240	0.01604	0.00989	0.00614	0.00630	0.00191	0.00762	0.00562	0.00361	0.06834
16	0.00940	0.00626	0.00705	0.00705	0.00705	0.00626	0.00392	0.00940	0.00940	0.01253	0.02036	0.04228	0.02349	0.77292	0.03289	0.00626	0.00626	0.00940	0.00392	0.00392
17	0.01319	0.01231	0.01435	0.20022	0.04643	0.06005	0.01098	0.01991	0.18976	0.02019	0.02788	0.02857	0.18257	0.00910	0.00645	0.00194	0.00603	0.00759	0.00473	0.13774
18	0.01220	0.01148	0.01938	0.75739	0.04450	0.01436	0.01794	0.01651	0.01292	0.01651	0.01148	0.01723	0.00861	0.00646	0.00646	0.00215	0.00861	0.00574	0.00287	0.00718
19	0.00993	0.00714	0.00847	0.00815	0.00815	0.00777	0.00506	0.01008	0.00945	0.01287	0.01903	0.03914	0.02182	0.68792	0.03158	0.00588	0.09051	0.00898	0.00379	0.00427
20	0.01508	0.01692	0.03527	0.02563	0.03115	0.01688	0.60083	0.01989	0.01442	0.01989	0.01236	0.01692	0.00960	0.00636	0.00974	0.00228	0.12782	0.00732	0.00320	0.00846
21	0.02456	0.01810	0.01939	0.01487	0.02004	0.02004	0.01228	0.71107	0.03038	0.04072	0.01551	0.01551	0.01099	0.00776	0.00646	0.00194	0.00711	0.00582	0.00646	0.01099
22	0.01829	0.66655	0.03156	0.01188	0.01708	0.13219	0.01127	0.02030	0.01389	0.01529	0.00913	0.01056	0.00830	0.00569	0.00439	0.00142	0.00761	0.00356	0.00285	0.00817
23	0.01220	0.01148	0.01938	0.75739	0.04450	0.01436	0.01794	0.01651	0.01292	0.01651	0.01148	0.01723	0.00861	0.00646	0.00646	0.00215	0.00861	0.00574	0.00287	0.00718
24	0.00946	0.00633	0.00763	0.00763	0.00781	0.00651	0.00464	0.00968	0.00950	0.01284	0.01942	0.03852	0.02173	0.62287	0.14259	0.04814	0.00793	0.00882	0.00379	0.00414
25	0.01420	0.06868	0.02199	0.02944	0.47906	0.01361	0.01598	0.01742	0.01431	0.01981	0.01826	0.12266	0.01834	0.00943	0.00685	0.00213	0.00685	0.10824	0.00394	0.00881
26	0.01220	0.01148	0.01938	0.75739	0.04450	0.01436	0.01794	0.01651	0.01292	0.01651	0.01148	0.01723	0.00861	0.00646	0.00646	0.00215	0.00861	0.00574	0.00287	0.00718
27	0.00873	0.00637	0.00821	0.00822	0.00952	0.00585	0.00599	0.01122	0.01662	0.02305	0.51523	0.22094	0.10573	0.01512	0.00777	0.00218	0.00323	0.01342	0.00677	0.00585
28	0.07680	0.01545	0.02211	0.12331	0.38143	0.01653	0.01643	0.22216	0.01880	0.02684	0.01282	0.01561	0.01001	0.00645	0.00625	0.00196	0.00744	0.00561	0.00417	0.00982
29	0.01739	0.01798	0.18210	0.01324	0.01940	0.01320	0.01276	0.14579	0.10895	0.10514	0.01572	0.01618	0.01154	0.00650	0.00582	0.00166	0.00642	0.00515	0.00487	0.29019
30	0.02455	0.01734	0.01749	0.01400	0.01869	0.11021	0.01132	0.35884	0.11542	0.21639	0.01879	0.01781	0.01308	0.00781	0.00640	0.00195	0.00702	0.00597	0.00647	0.01044
31	0.01122	0.00561	0.00842	0.00842	0.00842	0.00561	0.00561	0.00842	0.00842	0.01122	0.01122	0.01964	0.01122	0.02245	0.02525	0.81201	0.00561	0.00561	0.00281	0.00281
32	0.01220	0.01148	0.01938	0.75739	0.04450	0.01436	0.01794	0.01651	0.01292	0.01651	0.01148	0.01723	0.00861	0.00646	0.00646	0.00215	0.00861	0.00574	0.00287	0.00718
33	0.01557	0.01492	0.02546	0.11977	0.65581	0.01524	0.01962	0.01946	0.01451	0.02060	0.01208	0.01613	0.01005	0.00584	0.00640	0.00195	0.00778	0.00576	0.00316	0.00989
34	0.01340	0.01148	0.01340	0.00957	0.01531	0.00861	0.00766	0.01627	0.01340	0.02105	0.01148	0.01340	0.00957	0.00479	0.00479	0.00096	0.00479	0.00383	0.00383	0.81242
35	0.01482	0.01416	0.02412	0.26066	0.52073	0.01505	0.01925	0.01881	0.01416	0.01969	0.01195	0.01637	0.00974	0.00597	0.00642	0.00199	0.00796	0.00575	0.00310	0.00929
36	0.81856	0.01250	0.00950	0.00850	0.01250	0.01449	0.00700	0.01899	0.01100	0.02899	0.00900	0.01050	0.00700	0.00600	0.00400	0.00200	0.00500	0.00350	0.00400	0.00700
37	0.00764	0.00655	0.00655	0.00655	0.00873	0.00545	0.00491	0.00927	0.01473	0.01745	0.06546	0.06218	0.73000	0.01636	0.00764	0.00218	0.00327	0.01364	0.00600	0.00545
38	0.01727	0.77681	0.03386	0.01106	0.01658	0.02557	0.01106	0.01935	0.01313	0.01520	0.00898	0.01036	0.00829	0.00553	0.00415	0.00138	0.00691	0.00345	0.00276	0.00829
39	0.01590	0.01240	0.01001	0.00917	0.01145	0.15808	0.00700	0.09492	0.01640	0.02426	0.01820	0.02061	0.01427	0.00738	0.00500	0.00159	0.00522	0.00562	0.55565	0.00687
40	0.01408	0.01143	0.01889	0.67414	0.04138	0.01381	0.01700	0.01818	0.01354	0.09693	0.01305	0.01776	0.00944	0.00663	0.00646	0.00214	0.00827	0.00583	0.00344	0.00760
41	0.00898	0.00660	0.00840	0.00795	0.00955	0.00602	0.00596	0.01187	0.01789	0.02497	0.65512	0.04982	0.13564	0.01356	0.00762	0.00205	0.00307	0.01190	0.00699	0.00602
42	0.01220	0.01148	0.01938	0.75739	0.04450	0.01436	0.01794	0.01651	0.01292	0.01651	0.01148	0.01723	0.00861	0.00646	0.00646	0.00215	0.00861	0.00574	0.00287	0.00718
43	0.01220	0.01148	0.01938	0.75739	0.04450	0.01436	0.01794	0.01651	0.01292	0.01651	0.01148	0.01723	0.00861	0.00646	0.00646	0.00215	0.00861	0.00574	0.00287	0.00718
44	0.01395	0.01327	0.02254	0.42615	0.36207	0.01482	0.01881	0.01804	0.01375	0.01863	0.01179	0.01666	0.00936	0.00614	0.00643	0.00205	0.00818	0.00575	0.00302	0.00859
45	0.00938	0.00635	0.00746	0.00746	0.00760	0.00649	0.00443	0.00966	0.00952	0.01283	0.01998	0.04020	0.02259	0.68377	0.12081	0.00677	0.00762	0.00909	0.00386	0.00414
46	0.01501	0.01435	0.02446	0.22503	0.55490	0.01509	0.01934	0.01897	0.01425	0.01992	0.01198	0.01631	0.00982	0.00594	0.00641	0.00198	0.00792	0.00575	0.00311	0.00945
47	0.71546	0.01322	0.01078	0.00932	0.01347	0.01521	0.00768	0.10886	0.01351	0.03051	0.00984	0.01115	0.00752	0.00623	0.00432	0.00199	0.00527	0.00380	0.00432	0.00752
48	0.01687	0.01668	0.01744	0.01496	0.01872	0.14249	0.08833	0.02970	0.46840	0.02429	0.07358	0.02297	0.01966	0.00836	0.00664	0.00209	0.00674	0.00712	0.00568	0.00928
49	0.01647	0.01827	0.01553	0.09804	0.07120	0.32753	0.01144	0.01902	0.01640	0.01872	0.19302	0.02364	0.02283	0.01371	0.10360	0.00297	0.00959	0.00672	0.00424	0.00708
50	0.01094	0.00765	0.01000	0.01087	0.04282	0.00710	0.00733	0.01362	0.06011	0.07069	0.03053	0.54717	0.03412	0.01622	0.00754	0.00233	0.00426	0.01459	0.00582	0.09631
51	0.01172	0.00892	0.01138	0.01219	0.01417	0.00943	0.01037	0.01822	0.17768	0.02111	0.03239	0.06164	0.03316	0.01575	0.00838	0.00279	0.00576	0.53191	0.00609	0.00694
52	0.01340	0.01148	0.01340	0.00957	0.01531	0.00861	0.00766	0.01627	0.01340	0.02105	0.01148	0.01340	0.00957	0.00479	0.00479	0.00096	0.00479	0.00383	0.00383	0.81242
53	0.02068	0.02234	0.02157	0.04784	0.29703	0.33360	0.01547	0.12448	0.01854	0.02157	0.01169	0.01407	0.00947	0.00647	0.00616	0.00182	0.00935	0.00507	0.00373	0.00906
54	0.00786	0.00655	0.00685	0.00678	0.00886	0.00555	0.00508	0.00970	0.01525	0.01869	0.16280	0.06014	0.63188	0.01590	0.00763	0.00216	0.00324	0.01335	0.00616	0.00555
55	0.81856	0.01250	0.00950	0.00850	0.01250	0.01449	0.00700	0.01899	0.01100	0.02899	0.00900	0.01050	0.00700	0.00600	0.00400	0.00200	0.00500	0.00350	0.00400	0.00700
56	0.00923	0.00692	0.01038	0.01038	0.01154	0.00808	0.00808	0.01154	0.01038	0.01500	0.01731	0.02538	0.01615	0.04846	0.74732	0.01038	0.01731	0.00692	0.00346	0.00577
57	0.75950	0.01242	0.01022	0.06335	0.01484	0.01448	0.00780	0.01881	0.01114	0.02808	0.00918	0.01099	0.00712	0.00603	0.00418	0.00201	0.00526	0.00366	0.00392	0.00701
58	0.02208	0.01830	0.01790	0.01457	0.01910	0.10004	0.01171	0.44034	0.22725	0.03401	0.01799	0.01755	0.01320	0.00792	0.00642	0.00198	0.00704	0.00606	0.00615	0.01038
59	0.02204	0.22978	0.02138	0.01387	0.01787	0.42130	0.01125	0.02400	0.01662	0.09668	0.01215	0.01325	0.00970	0.00656	0.00536	0.00161	0.00912	0.00435	0.05510	0.00801
60	0.01735	0.01507	0.02481	0.05584	0.62007	0.01514	0.01858	0.05890	0.01582	0.07628	0.01333	0.01645	0.01067	0.00606	0.00641	0.00193	0.00751	0.00582	0.00373	0.01025
61	0.01711	0.01408	0.02273	0.21748	0.42526	0.01479	0.01764	0.07092	0.01583	0.10129	0.01372	0.01694	0.01052	0.00633	0.00643	0.00199	0.00763	0.00584	0.00389	0.00960
62	0.01607	0.01388	0.01461	0.01315	0.01680	0.01607	0.01023	0.03433	0.72094	0.02703	0.02630	0.02411	0.01972	0.00877	0.00657	0.00219	0.00511	0.00731	0.00657	0.01023
63	0.01313	0.01243	0.02106	0.58152	0.21311	0.01460	0.01841	0.01732	0.01336	0.01764	0.01165	0.01692	0.00901	0.00629	0.00644	0.00210	0.00838	0.00575	0.00295	0.00793
64	0.01472	0.07047	0.02069	0.01831	0.08874	0.05747	0.01395	0.01650	0.01110	0.01606	0.00962	0.01475	0.00921	0.01284	0.07164	0.00313	0.53494	0.00552	0.00293	0.00740
65	0.01084	0.00907	0.01497	0.03402	0.04989	0.00883	0.11995	0.01391	0.01467	0.01947	0.08148	0.18187	0.05738	0.01507	0.00828	0.00262	0.00618	0.33959	0.00541	0.00649
66	0.00883	0.00632	0.00827	0.00923	0.00973	0.00643	0.00643	0.01024	0.01249	0.01753	0.05131	0.61015	0.03781	0.01797	0.00876	0.00250	0.05924	0.01587	0.09540	0.00549

[dist]
# distance from previous block
# <min> <max>
0	1

[block]
# block no. 1 follows, 34 sequences, length 64
# corresponding to MSA columns:
# 134-197
name=unknown_B
#
# <colnr> <probs for GDERKNQSTAVLIFYWHMCP>
#	G	D	E	R	K	N	Q	S	T	A	V	L	I	F	Y	W	H	M	C	P
0	0.01351	0.01191	0.01569	0.12302	0.09831	0.01020	0.01051	0.01670	0.01347	0.02039	0.01156	0.01425	0.00950	0.00514	0.00521	0.00124	0.00567	0.00432	0.00362	0.60580
1	0.12951	0.10547	0.01752	0.01343	0.01713	0.37995	0.01062	0.11828	0.01787	0.02197	0.01182	0.01336	0.00948	0.00670	0.00533	0.00170	0.00858	0.00444	0.09900	0.00783
2	0.69012	0.01545	0.01092	0.00981	0.01370	0.13292	0.00788	0.02009	0.01218	0.02686	0.00916	0.01068	0.00721	0.00610	0.00429	0.00195	0.00607	0.00361	0.00389	0.00708
3	0.01040	0.00820	0.01196	0.01508	0.16209	0.00826	0.00871	0.01220	0.01233	0.01712	0.09911	0.19567	0.02778	0.23345	0.14423	0.00480	0.00759	0.01044	0.00450	0.00611
4	0.00971	0.00743	0.01110	0.01202	0.06037	0.00838	0.00843	0.01187	0.01057	0.01515	0.01729	0.02658	0.01655	0.12429	0.61898	0.00936	0.01545	0.00711	0.00349	0.00587
5	0.01566	0.01733	0.10448	0.03733	0.65530	0.01531	0.02027	0.01990	0.01459	0.02104	0.01209	0.01573	0.01001	0.00580	0.00637	0.00193	0.00788	0.00565	0.00315	0.01016
6	0.00904	0.00645	0.00794	0.00789	0.00870	0.00638	0.00533	0.01039	0.01244	0.01691	0.19721	0.07937	0.10985	0.35134	0.13828	0.00528	0.00682	0.01046	0.00495	0.00498
7	0.01055	0.00880	0.01182	0.20150	0.01958	0.00955	0.00963	0.01575	0.12893	0.02033	0.17884	0.20622	0.12759	0.01282	0.00730	0.00225	0.00501	0.01127	0.00552	0.00676
8	0.00893	0.00660	0.00834	0.00791	0.00952	0.00601	0.00593	0.01178	0.01779	0.02473	0.63622	0.05021	0.15469	0.01365	0.00762	0.00205	0.00308	0.01196	0.00696	0.00601
9	0.01887	0.01986	0.10779	0.09414	0.06308	0.14432	0.03037	0.26555	0.01979	0.02538	0.01357	0.01773	0.01110	0.09119	0.00997	0.00245	0.04595	0.00581	0.00435	0.00873
10	0.02031	0.02288	0.01802	0.13696	0.04432	0.40816	0.01311	0.06980	0.16375	0.02000	0.01403	0.01552	0.01096	0.00711	0.00614	0.00188	0.00939	0.00522	0.00412	0.00831
11	0.01235	0.00965	0.01148	0.00895	0.01317	0.00765	0.00703	0.01512	0.01505	0.05388	0.20529	0.02823	0.10231	0.00840	0.00591	0.00142	0.00420	0.00707	0.00511	0.47775
12	0.01831	0.10016	0.09783	0.06147	0.21798	0.01594	0.13565	0.06003	0.01576	0.15464	0.01437	0.01645	0.01069	0.00656	0.00710	0.00199	0.04547	0.00586	0.00416	0.00956
13	0.01461	0.31761	0.46971	0.01560	0.02361	0.01904	0.01897	0.02004	0.01345	0.01845	0.01060	0.01239	0.00823	0.00591	0.00538	0.00179	0.00854	0.00427	0.00274	0.00907
14	0.00867	0.00651	0.00812	0.00852	0.00995	0.00596	0.00646	0.01091	0.01549	0.02054	0.28899	0.21634	0.22780	0.01635	0.00798	0.00236	0.00373	0.12321	0.00639	0.00572
15	0.01502	0.35788	0.34930	0.01534	0.02225	0.02008	0.03858	0.01958	0.01316	0.01776	0.01024	0.01236	0.00831	0.00627	0.00654	0.00182	0.06963	0.00435	0.00277	0.00877
16	0.01442	0.00852	0.01120	0.01039	0.01324	0.00758	0.00847	0.01705	0.01569	0.17764	0.13789	0.12363	0.05083	0.01307	0.00741	0.00223	0.00490	0.23222	0.00624	0.13738
17	0.00787	0.00562	0.00750	0.00900	0.00937	0.00525	0.00600	0.00900	0.01237	0.01649	0.03561	0.76871	0.04274	0.02024	0.00825	0.00262	0.00375	0.01837	0.00600	0.00525
18	0.00801	0.00590	0.00754	0.00880	0.00954	0.00543	0.00612	0.00934	0.01292	0.01684	0.04034	0.60689	0.15347	0.01945	0.00819	0.00258	0.00382	0.06348	0.00599	0.00533
19	0.01041	0.00744	0.01041	0.01190	0.01339	0.00744	0.01041	0.01339	0.01487	0.01934	0.03421	0.07288	0.03719	0.01785	0.00892	0.00297	0.00595	0.68913	0.00595	0.00595
20	0.01641	0.01727	0.02078	0.01750	0.01877	0.13714	0.06130	0.05605	0.01276	0.01734	0.00943	0.01404	0.00869	0.00996	0.01697	0.00255	0.54690	0.00556	0.00314	0.00747
21	0.02414	0.03079	0.01831	0.01665	0.01998	0.74698	0.01248	0.02580	0.01831	0.01581	0.00999	0.01165	0.00832	0.00666	0.00583	0.00166	0.01165	0.00416	0.00333	0.00749
22	0.01622	0.10006	0.07111	0.02411	0.30698	0.04031	0.01521	0.02560	0.28679	0.02253	0.01715	0.01820	0.01348	0.00695	0.00618	0.00197	0.00686	0.00598	0.00442	0.00988
23	0.01690	0.01461	0.02198	0.02981	0.46956	0.01517	0.01625	0.02496	0.22618	0.07185	0.01730	0.01883	0.01347	0.00681	0.00646	0.00201	0.00676	0.00627	0.00454	0.01028
24	0.01014	0.00783	0.01018	0.00976	0.01003	0.00911	0.00687	0.01098	0.00991	0.01390	0.01852	0.08304	0.02041	0.42195	0.18406	0.00627	0.14949	0.00877	0.00376	0.00500
25	0.01827	0.00823	0.01023	0.00869	0.01170	0.00744	0.00688	0.02097	0.01648	0.32016	0.14419	0.03012	0.07767	0.00934	0.00609	0.00185	0.00407	0.00774	0.28184	0.00806
26	0.02039	0.00909	0.01224	0.01004	0.01353	0.00802	0.00802	0.02312	0.01841	0.42882	0.33053	0.03338	0.03549	0.01026	0.00698	0.00201	0.00444	0.00875	0.00761	0.00887
27	0.01278	0.02881	0.58600	0.01821	0.02656	0.01417	0.09351	0.01958	0.01432	0.02108	0.09048	0.01784	0.01415	0.00684	0.00646	0.00206	0.00898	0.00583	0.00327	0.00908
28	0.00783	0.00645	0.00688	0.00699	0.00890	0.00550	0.00516	0.00956	0.01486	0.01828	0.13488	0.13818	0.58132	0.01644	0.00770	0.00221	0.00330	0.01394	0.00612	0.00550
29	0.08299	0.01110	0.01462	0.01129	0.01622	0.00984	0.00933	0.03063	0.01798	0.68866	0.02436	0.02121	0.01538	0.00786	0.00633	0.00200	0.00546	0.00629	0.00772	0.01072
30	0.01695	0.01478	0.02017	0.01879	0.09599	0.01879	0.01419	0.13706	0.01443	0.05976	0.01102	0.01501	0.00952	0.00991	0.01623	0.00253	0.50705	0.00574	0.00378	0.00831
31	0.23688	0.02209	0.01628	0.01393	0.01799	0.33271	0.01095	0.22970	0.01998	0.02682	0.01138	0.01250	0.00877	0.00681	0.00553	0.00184	0.00851	0.00448	0.00445	0.00841
32	0.00887	0.00649	0.00833	0.00809	0.00954	0.00595	0.00598	0.01159	0.01733	0.02415	0.59566	0.12851	0.11687	0.01425	0.00769	0.00211	0.00314	0.01259	0.00689	0.00595
33	0.02456	0.01810	0.01939	0.01487	0.02004	0.02004	0.01228	0.71107	0.03038	0.04072	0.01551	0.01551	0.01099	0.00776	0.00646	0.00194	0.00711	0.00582	0.00646	0.01099
34	0.02527	0.01459	0.01697	0.01315	0.01802	0.01506	0.01081	0.38629	0.04744	0.31423	0.05535	0.01998	0.01574	0.00816	0.00654	0.00198	0.00621	0.00643	0.00710	0.01072
35	0.01574	0.01316	0.02196	0.35504	0.34872	0.01427	0.01786	0.01964	0.01433	0.09762	0.01332	0.01720	0.01015	0.00631	0.00644	0.00203	0.00785	0.00583	0.00358	0.00896
36	0.01599	0.01535	0.02623	0.03966	0.73262	0.01535	0.01983	0.01983	0.01471	0.02111	0.01215	0.01599	0.01023	0.00576	0.00640	0.00192	0.00768	0.00576	0.00320	0.01023
37	0.01220	0.01148	0.01938	0.75739	0.04450	0.01436	0.01794	0.01651	0.01292	0.01651	0.01148	0.01723	0.00861	0.00646	0.00646	0.00215	0.00861	0.00574	0.00287	0.00718
38	0.01269	0.01157	0.01921	0.52059	0.16519	0.01351	0.01703	0.01672	0.01348	0.01790	0.01441	0.02333	0.01230	0.00762	0.00666	0.00218	0.00797	0.08073	0.02935	0.00756
39	0.01427	0.09405	0.33998	0.01548	0.02191	0.01367	0.09202	0.03708	0.01562	0.08046	0.16618	0.02328	0.04218	0.00801	0.00651	0.00199	0.00748	0.00686	0.00435	0.00864
40	0.00766	0.00644	0.00665	0.00681	0.00880	0.00543	0.00503	0.00924	0.01447	0.01735	0.06219	0.13956	0.65472	0.01679	0.00770	0.00223	0.00332	0.01415	0.00600	0.00543
41	0.00816	0.00621	0.00751	0.00793	0.00924	0.00556	0.00566	0.01001	0.01485	0.01952	0.24475	0.32688	0.27647	0.01693	0.00786	0.00231	0.00339	0.01488	0.00632	0.00556
42	0.01408	0.21293	0.54697	0.01691	0.02539	0.01760	0.04190	0.02020	0.01357	0.01920	0.01101	0.01296	0.00826	0.00597	0.00570	0.00189	0.00895	0.00454	0.00275	0.00922
43	0.01220	0.01148	0.01938	0.75739	0.04450	0.01436	0.01794	0.01651	0.01292	0.01651	0.01148	0.01723	0.00861	0.00646	0.00646	0.00215	0.00861	0.00574	0.00287	0.00718
44	0.02713	0.01045	0.01401	0.01090	0.01551	0.00912	0.00895	0.02969	0.01795	0.65886	0.02501	0.02222	0.01606	0.00795	0.00628	0.00195	0.00523	0.00645	0.09586	0.01045
45	0.01600	0.27432	0.26180	0.04324	0.19184	0.05491	0.01759	0.02033	0.01404	0.03440	0.01109	0.01331	0.00890	0.00592	0.00554	0.00178	0.00821	0.00461	0.00300	0.00915
46	0.01543	0.01693	0.03524	0.03024	0.20299	0.01610	0.54224	0.02049	0.01512	0.02080	0.01285	0.01708	0.00991	0.00552	0.00733	0.00212	0.01011	0.00717	0.00325	0.00908
47	0.00819	0.00589	0.00784	0.00929	0.00987	0.00554	0.00653	0.00957	0.01277	0.01689	0.03639	0.65586	0.06417	0.01981	0.00832	0.00266	0.00402	0.10504	0.00599	0.00535
48	0.21585	0.02368	0.01688	0.01694	0.09618	0.45261	0.01181	0.02378	0.01615	0.05551	0.01076	0.01236	0.00859	0.00647	0.00548	0.00179	0.00930	0.00429	0.00371	0.00785
49	0.00861	0.00633	0.00807	0.00817	0.00946	0.00579	0.00592	0.01097	0.01625	0.02232	0.45957	0.24577	0.13778	0.01551	0.00779	0.00221	0.00327	0.01374	0.00667	0.00579
50	0.01469	0.01262	0.01796	0.16625	0.19825	0.01403	0.01378	0.12969	0.08769	0.02256	0.01899	0.18519	0.01815	0.01014	0.00786	0.00222	0.05816	0.00873	0.00460	0.00842
51	0.00914	0.00660	0.00864	0.00813	0.00965	0.00610	0.00610	0.01219	0.01829	0.02591	0.72921	0.04827	0.06097	0.01321	0.00762	0.00203	0.00305	0.01169	0.00711	0.00610
52	0.01074	0.00846	0.01048	0.09173	0.01502	0.00889	0.00820	0.01629	0.17633	0.03767	0.03538	0.38110	0.14411	0.01514	0.00752	0.00239	0.00457	0.01336	0.00584	0.00679
53	0.02414	0.03079	0.01831	0.01665	0.01998	0.74698	0.01248	0.02580	0.01831	0.01581	0.00999	0.01165	0.00832	0.00666	0.00583	0.00166	0.01165	0.00416	0.00333	0.00749
54	0.01835	0.01302	0.02116	0.24710	0.33421	0.01348	0.01649	0.02197	0.01519	0.21197	0.01553	0.01797	0.01130	0.00657	0.00644	0.00201	0.00737	0.00595	0.00439	0.00952
55	0.08133	0.10119	0.02213	0.02184	0.23987	0.09398	0.01410	0.26595	0.03594	0.02748	0.01277	0.01447	0.01002	0.00675	0.00627	0.00187	0.02467	0.00522	0.00445	0.00969
56	0.05226	0.01104	0.01483	0.01141	0.01638	0.00964	0.00942	0.03112	0.01827	0.71622	0.02500	0.02165	0.01573	0.00794	0.00642	0.00200	0.00548	0.00641	0.00788	0.01088
57	0.01318	0.01248	0.02115	0.57211	0.22214	0.01461	0.01843	0.01737	0.01338	0.01770	0.01166	0.01691	0.00903	0.00628	0.00644	0.00209	0.00837	0.00575	0.00296	0.00797
58	0.00801	0.00573	0.00762	0.00890	0.00940	0.00534	0.00601	0.00935	0.01302	0.01753	0.11171	0.68966	0.04474	0.01947	0.00818	0.00256	0.00367	0.01764	0.00612	0.00534
59	0.01656	0.09773	0.02321	0.21796	0.08971	0.09871	0.14494	0.02014	0.01542	0.09949	0.09781	0.01997	0.01593	0.00710	0.00649	0.00197	0.00812	0.00646	0.00409	0.00819
60	0.01251	0.01112	0.01660	0.01757	0.15429	0.01121	0.09268	0.01912	0.17358	0.02312	0.23521	0.09534	0.08878	0.01071	0.00720	0.00213	0.00541	0.00980	0.00559	0.00801
61	0.01805	0.02165	0.31432	0.01629	0.02299	0.01414	0.08830	0.07225	0.13039	0.18331	0.01781	0.01806	0.01243	0.00706	0.00641	0.00205	0.00769	0.00598	0.03093	0.00988
62	0.01317	0.07045	0.70430	0.01805	0.02740	0.01553	0.02323	0.02041	0.01362	0.02020	0.01147	0.01348	0.00819	0.00611	0.00604	0.00201	0.00942	0.00471	0.00273	0.00949
63	0.01673	0.25782	0.14354	0.05790	0.18271	0.01845	0.09198	0.06739	0.01518	0.05575	0.01214	0.01452	0.00963	0.00690	0.02142	0.00199	0.00819	0.00514	0.00344	0.00919

[dist]
# distance from previous block
# <min> <max>
0	2

# created by:
# /home/berkeley/.conda/envs/busco_data_prod/bin/msa2prfl.pl pipeline/OGs_align_augustus/5794/31179.fs
