[name]
unknown

[dist]
# distance from previous block
# <min> <max>
0	213

[block]
# block no. 0 follows, 27 sequences, length 6
# corresponding to MSA columns:
# 230-235
name=unknown_A
#
# <colnr> <probs for GDERKNQSTAVLIFYWHMCP>
#	G	D	E	R	K	N	Q	S	T	A	V	L	I	F	Y	W	H	M	C	P
0	0.01543	0.01203	0.01430	0.01281	0.01658	0.01168	0.01038	0.12173	0.07415	0.02663	0.02935	0.11668	0.06504	0.01611	0.04974	0.00295	0.00694	0.17836	0.00619	0.21292
1	0.14264	0.11055	0.05695	0.01315	0.01785	0.07471	0.01129	0.15982	0.05234	0.02941	0.11215	0.02678	0.07165	0.04525	0.00824	0.00238	0.00709	0.00747	0.00567	0.04461
2	0.06884	0.07732	0.09151	0.01818	0.12954	0.05311	0.01345	0.05940	0.05526	0.02441	0.06413	0.06143	0.17825	0.01327	0.03207	0.00268	0.00749	0.03534	0.00534	0.00898
3	0.19366	0.01702	0.06258	0.01348	0.01801	0.07246	0.01149	0.10384	0.09192	0.06710	0.06248	0.02935	0.02049	0.05480	0.00884	0.00262	0.00715	0.08137	0.00584	0.07550
4	0.13667	0.01739	0.06645	0.01642	0.02099	0.08867	0.14856	0.05686	0.05024	0.02659	0.11750	0.08560	0.08078	0.01071	0.00754	0.00237	0.00779	0.00940	0.04084	0.00864
5	0.01926	0.01750	0.11090	0.01854	0.06801	0.01508	0.08336	0.06706	0.18298	0.14086	0.06342	0.02707	0.04522	0.01469	0.08856	0.00349	0.00907	0.00818	0.00616	0.01059

[dist]
# distance from previous block
# <min> <max>
0	2

[block]
# block no. 1 follows, 27 sequences, length 65
# corresponding to MSA columns:
# 238-302
name=unknown_B
#
# <colnr> <probs for GDERKNQSTAVLIFYWHMCP>
#	G	D	E	R	K	N	Q	S	T	A	V	L	I	F	Y	W	H	M	C	P
0	0.08592	0.09321	0.06544	0.10873	0.11730	0.04359	0.05540	0.12344	0.06093	0.05478	0.01527	0.01750	0.01172	0.00729	0.00669	0.00208	0.00830	0.00598	0.00478	0.11165
1	0.06278	0.01446	0.04470	0.02295	0.24703	0.01305	0.01383	0.02029	0.06353	0.02489	0.09037	0.06899	0.04265	0.04515	0.00857	0.00229	0.00663	0.00812	0.00498	0.19474
2	0.01469	0.04095	0.01896	0.04543	0.17891	0.05644	0.01373	0.01869	0.04742	0.02053	0.05825	0.02544	0.01859	0.03028	0.33082	0.00672	0.05389	0.00751	0.00423	0.00851
3	0.01687	0.01711	0.08643	0.21197	0.08709	0.01555	0.16841	0.06063	0.01743	0.06124	0.01831	0.07043	0.01566	0.00893	0.00785	0.00240	0.00929	0.04678	0.00455	0.07305
4	0.01069	0.00767	0.01085	0.01091	0.01185	0.00857	0.00799	0.01245	0.01166	0.01648	0.02116	0.05889	0.02135	0.20809	0.50428	0.04206	0.01590	0.00901	0.00417	0.00599
5	0.79154	0.01436	0.01091	0.00976	0.01436	0.01665	0.00804	0.02182	0.01263	0.03331	0.01034	0.01206	0.00804	0.00689	0.00459	0.00230	0.00574	0.00402	0.00459	0.00804
6	0.00983	0.00745	0.00907	0.00890	0.01074	0.00668	0.00659	0.01262	0.01907	0.02572	0.43667	0.13299	0.25235	0.01712	0.00884	0.00246	0.00367	0.01492	0.00765	0.00668
7	0.02072	0.01707	0.01806	0.01556	0.02016	0.01952	0.01230	0.18496	0.53019	0.03470	0.02735	0.02541	0.02034	0.00980	0.00752	0.00245	0.00641	0.00800	0.00752	0.01195
8	0.01986	0.25695	0.09760	0.09721	0.02456	0.12907	0.01461	0.02446	0.05715	0.06197	0.01403	0.01584	0.01116	0.00701	0.00608	0.00184	0.00871	0.00512	0.00413	0.14263
9	0.01618	0.01366	0.01582	0.01137	0.01793	0.01070	0.00912	0.05844	0.01659	0.02557	0.01348	0.01554	0.01110	0.00571	0.00562	0.00117	0.00566	0.00454	0.00458	0.73724
10	0.00960	0.00748	0.00872	0.00857	0.01058	0.00659	0.00637	0.01220	0.01864	0.02451	0.35893	0.11098	0.35538	0.01743	0.00882	0.00246	0.00368	0.01501	0.00749	0.00659
11	0.02621	0.02214	0.02100	0.01701	0.02227	0.13075	0.01368	0.44260	0.16024	0.03914	0.01927	0.01908	0.01413	0.00894	0.00734	0.00224	0.00854	0.00672	0.00688	0.01182
12	0.01311	0.04044	0.10574	0.01317	0.01607	0.03246	0.01137	0.01845	0.11633	0.02196	0.09081	0.27910	0.03411	0.04101	0.01137	0.05757	0.02870	0.05458	0.00592	0.00774
13	0.02093	0.17138	0.15780	0.09742	0.13963	0.09823	0.04542	0.05132	0.01787	0.11040	0.01493	0.01706	0.01128	0.00726	0.00677	0.00213	0.00949	0.00585	0.00432	0.01049
14	0.36545	0.01101	0.01103	0.01100	0.01382	0.01231	0.00870	0.01804	0.04397	0.02616	0.02275	0.16886	0.02321	0.02038	0.12650	0.00424	0.00801	0.09177	0.00538	0.00741
15	0.01773	0.01312	0.01563	0.01128	0.01777	0.01003	0.00907	0.02098	0.01616	0.11224	0.01530	0.01668	0.01196	0.00598	0.00575	0.00126	0.00560	0.00480	0.00502	0.68362
16	0.02064	0.01700	0.02187	0.01775	0.02270	0.01848	0.11549	0.19106	0.34221	0.05831	0.02545	0.07403	0.02007	0.01008	0.00785	0.00247	0.00740	0.00889	0.00694	0.01132
17	0.01987	0.09254	0.21739	0.01822	0.06472	0.08746	0.03853	0.02538	0.04745	0.11799	0.01594	0.01723	0.01188	0.00707	0.00659	0.00194	0.00869	0.00561	0.00461	0.19089
18	0.12237	0.05446	0.22171	0.02001	0.07272	0.05997	0.08277	0.10291	0.01917	0.15047	0.01637	0.01755	0.01162	0.00754	0.00693	0.00227	0.00913	0.00610	0.00509	0.01085
19	0.01985	0.74357	0.03890	0.01270	0.01905	0.02937	0.01270	0.02223	0.01508	0.01747	0.01032	0.01191	0.00953	0.00635	0.00476	0.00159	0.00794	0.00397	0.00318	0.00953
20	0.00987	0.00758	0.01009	0.07200	0.01429	0.00765	0.00800	0.01169	0.01406	0.01840	0.03980	0.35414	0.16248	0.10130	0.12871	0.00479	0.00759	0.01551	0.00584	0.00621
21	0.01664	0.01977	0.12697	0.03253	0.36230	0.01804	0.04426	0.02091	0.01543	0.02231	0.01719	0.02124	0.05839	0.00904	0.01151	0.00251	0.17978	0.00713	0.00372	0.01033
22	0.02092	0.04938	0.02269	0.15169	0.12137	0.01390	0.09026	0.02450	0.01749	0.24681	0.02350	0.14360	0.01986	0.01042	0.00780	0.00243	0.00780	0.00950	0.00598	0.01010
23	0.13329	0.01895	0.01864	0.01541	0.02045	0.06228	0.01240	0.31253	0.24254	0.05655	0.02078	0.02020	0.01525	0.00894	0.00702	0.00232	0.00734	0.00677	0.00690	0.01144
24	0.02032	0.02888	0.25506	0.06211	0.02708	0.24293	0.05790	0.02526	0.01861	0.08121	0.09307	0.02092	0.01746	0.00836	0.00730	0.00222	0.01051	0.00662	0.00453	0.00965
25	0.01806	0.20518	0.38589	0.01975	0.02847	0.06210	0.08731	0.06873	0.01739	0.02339	0.01298	0.01522	0.00986	0.00697	0.00668	0.00215	0.01035	0.00550	0.00355	0.01050
26	0.00928	0.00670	0.00879	0.01005	0.01079	0.00621	0.00686	0.01098	0.01548	0.02084	0.15268	0.59094	0.07948	0.02170	0.00932	0.00288	0.00415	0.01957	0.00711	0.00621
27	0.01025	0.00993	0.05745	0.01001	0.01262	0.00781	0.00828	0.01379	0.04517	0.02315	0.21715	0.16882	0.32225	0.01750	0.00878	0.00258	0.00453	0.04596	0.00698	0.00700
28	0.01788	0.01952	0.13476	0.10059	0.08302	0.05845	0.01612	0.12381	0.06016	0.05456	0.06602	0.03021	0.10830	0.01065	0.00887	0.00244	0.05831	0.03119	0.00541	0.00973
29	0.01399	0.00785	0.01019	0.01019	0.01186	0.00723	0.00728	0.01605	0.01660	0.13783	0.16848	0.36466	0.04407	0.08078	0.01116	0.00303	0.00468	0.01530	0.06150	0.00729
30	0.00975	0.00696	0.00942	0.01114	0.01188	0.00664	0.00812	0.01156	0.01491	0.01974	0.04053	0.57713	0.04756	0.02259	0.00966	0.00311	0.00492	0.17128	0.00688	0.00622
31	0.01546	0.01457	0.02457	0.43548	0.28712	0.01645	0.02075	0.02014	0.01591	0.02146	0.04688	0.02103	0.01356	0.00751	0.00746	0.00237	0.00918	0.00694	0.00368	0.00949
32	0.05752	0.01693	0.02227	0.01719	0.02257	0.01761	0.09773	0.30433	0.02536	0.22264	0.02161	0.07006	0.01630	0.00975	0.00842	0.00239	0.04072	0.00807	0.00710	0.01143
33	0.01398	0.01530	0.13438	0.06640	0.05257	0.01219	0.07103	0.01790	0.01464	0.06799	0.02256	0.17899	0.02185	0.02564	0.22164	0.00544	0.03415	0.01025	0.00474	0.00836
34	0.17009	0.05739	0.01980	0.01714	0.02120	0.55504	0.01311	0.02791	0.01925	0.02097	0.01122	0.01309	0.00928	0.00746	0.00623	0.00197	0.01176	0.00461	0.00394	0.00853
35	0.01083	0.00695	0.00928	0.01049	0.01136	0.00642	0.00718	0.01234	0.01502	0.06759	0.06979	0.65288	0.04788	0.02189	0.00930	0.00293	0.00441	0.01979	0.00711	0.00654
36	0.01065	0.00777	0.01100	0.01100	0.01201	0.00878	0.00812	0.01266	0.01166	0.01655	0.02073	0.03387	0.02060	0.22124	0.54692	0.01078	0.01681	0.00864	0.00410	0.00611
37	0.01489	0.03840	0.70064	0.02116	0.03213	0.01724	0.02743	0.02351	0.01567	0.02351	0.01332	0.01567	0.00940	0.00705	0.00705	0.00235	0.01097	0.00549	0.00313	0.01097
38	0.01911	0.01627	0.01715	0.01524	0.01955	0.01877	0.01191	0.08109	0.63668	0.03210	0.02939	0.02704	0.02200	0.00999	0.00755	0.00250	0.00603	0.00828	0.00755	0.01181
39	0.01980	0.11825	0.25852	0.06485	0.02448	0.01531	0.01694	0.02488	0.01799	0.20894	0.13317	0.02492	0.02232	0.00897	0.00718	0.00224	0.00793	0.00727	0.00568	0.01036
40	0.02068	0.08675	0.30069	0.02002	0.06694	0.01662	0.07250	0.02612	0.01719	0.20812	0.01953	0.02042	0.03513	0.00821	0.00813	0.00233	0.04801	0.00664	0.00502	0.01096
41	0.66243	0.01406	0.01199	0.01035	0.01514	0.01568	0.00853	0.02427	0.01410	0.14648	0.01356	0.01431	0.00980	0.00728	0.00508	0.00230	0.00584	0.00461	0.00538	0.00882
42	0.01869	0.01524	0.01839	0.02184	0.18701	0.09754	0.01383	0.06682	0.04249	0.10240	0.02689	0.19580	0.02667	0.01356	0.00829	0.00259	0.00755	0.11903	0.00603	0.00937
43	0.01450	0.01331	0.02218	0.13872	0.33499	0.01360	0.04395	0.01804	0.01580	0.02166	0.02421	0.23617	0.04716	0.01218	0.00811	0.00251	0.00760	0.01139	0.00470	0.00921
44	0.01778	0.01712	0.02951	0.14933	0.35828	0.01804	0.13309	0.06737	0.01748	0.02429	0.01480	0.03992	0.01239	0.00779	0.00887	0.00240	0.05965	0.00741	0.00396	0.01051
45	0.01433	0.01351	0.02282	0.67335	0.09663	0.01657	0.02077	0.01924	0.01499	0.01934	0.01325	0.01969	0.01003	0.00736	0.00742	0.00245	0.00982	0.00660	0.00333	0.00850
46	0.01508	0.03710	0.65407	0.02188	0.03260	0.01735	0.07269	0.02353	0.01580	0.02353	0.01344	0.01598	0.00954	0.00700	0.00717	0.00236	0.01108	0.00572	0.00318	0.01090
47	0.01409	0.07970	0.04367	0.32157	0.11814	0.01543	0.04320	0.01806	0.01479	0.01962	0.01811	0.12637	0.01711	0.01583	0.09929	0.00367	0.01019	0.00875	0.00397	0.00843
48	0.01016	0.00757	0.00945	0.00898	0.01088	0.00686	0.00673	0.01334	0.02020	0.02784	0.56727	0.05862	0.19285	0.01589	0.00876	0.00237	0.00355	0.01387	0.00792	0.00686
49	0.00904	0.00646	0.00861	0.01034	0.01077	0.00603	0.00689	0.01034	0.01421	0.01895	0.04092	0.73426	0.04910	0.02326	0.00948	0.00301	0.00431	0.02110	0.00689	0.00603
50	0.15560	0.02482	0.23680	0.01612	0.02305	0.12447	0.01628	0.02862	0.01795	0.26001	0.01810	0.01805	0.01233	0.00787	0.00672	0.00225	0.00884	0.00582	0.00561	0.01068
51	0.02250	0.02054	0.15822	0.06606	0.02493	0.01709	0.01644	0.28463	0.02448	0.13408	0.02197	0.02987	0.01777	0.01044	0.00784	0.00248	0.00836	0.11487	0.00643	0.01100
52	0.00900	0.00664	0.00843	0.00986	0.01064	0.00607	0.00668	0.01039	0.01467	0.01914	0.04675	0.62140	0.15819	0.02250	0.00936	0.00293	0.00421	0.02018	0.00689	0.00607
53	0.08122	0.03391	0.02033	0.01847	0.02235	0.66079	0.01390	0.02910	0.02045	0.01923	0.01140	0.01329	0.00946	0.00760	0.00655	0.00194	0.01285	0.00473	0.00388	0.00857
54	0.07082	0.01456	0.02344	0.35888	0.29427	0.01628	0.01948	0.02053	0.01554	0.02264	0.01406	0.01925	0.01113	0.00716	0.00704	0.00231	0.00873	0.00644	0.05795	0.00950
55	0.00918	0.00682	0.00859	0.00985	0.01082	0.00623	0.00685	0.01079	0.01522	0.01984	0.07988	0.53885	0.18065	0.02184	0.00933	0.00289	0.00426	0.04500	0.00695	0.00616
56	0.01004	0.00717	0.00912	0.00937	0.01044	0.00671	0.00649	0.01219	0.01700	0.02341	0.35050	0.26744	0.07852	0.14111	0.01392	0.00338	0.00439	0.01546	0.00710	0.00625
57	0.01663	0.01648	0.07250	0.14049	0.02920	0.01645	0.17921	0.05001	0.01675	0.07060	0.07566	0.05020	0.04266	0.01168	0.03499	0.00293	0.15120	0.00860	0.00470	0.00906
58	0.01662	0.07304	0.45652	0.02311	0.03252	0.06067	0.18665	0.02388	0.01643	0.02291	0.01347	0.01642	0.00989	0.00685	0.00733	0.00232	0.01134	0.00618	0.00334	0.01050
59	0.01188	0.00681	0.00891	0.00891	0.00891	0.00681	0.00551	0.01021	0.01021	0.01362	0.01797	0.03514	0.01971	0.37063	0.03325	0.40847	0.00681	0.00855	0.00384	0.00384
60	0.00984	0.00756	0.00900	0.00864	0.01068	0.00672	0.00648	0.01271	0.01943	0.02602	0.45195	0.06163	0.30931	0.01658	0.00876	0.00240	0.00360	0.01429	0.00768	0.00672
61	0.01206	0.01044	0.01619	0.19111	0.02376	0.01160	0.05728	0.01537	0.01541	0.02086	0.16007	0.03740	0.11083	0.07305	0.16378	0.00489	0.05380	0.00986	0.00500	0.00724
62	0.01587	0.03136	0.48888	0.13821	0.09248	0.01751	0.02509	0.06215	0.01682	0.02425	0.01363	0.01672	0.00989	0.00719	0.00716	0.00235	0.01043	0.00584	0.00347	0.01069
63	0.01942	0.01499	0.01930	0.01563	0.01986	0.07356	0.11769	0.09832	0.06736	0.14273	0.17479	0.07431	0.10582	0.01180	0.00816	0.00238	0.00712	0.01043	0.00689	0.00945
64	0.29061	0.01536	0.01570	0.01272	0.01765	0.01655	0.01042	0.24468	0.02258	0.16418	0.05884	0.02016	0.01604	0.00863	0.00640	0.00224	0.00640	0.00634	0.05414	0.01035

[dist]
# distance from previous block
# <min> <max>
0	3

[block]
# block no. 2 follows, 27 sequences, length 97
# corresponding to MSA columns:
# 306-402
name=unknown_C
#
# <colnr> <probs for GDERKNQSTAVLIFYWHMCP>
#	G	D	E	R	K	N	Q	S	T	A	V	L	I	F	Y	W	H	M	C	P
0	0.04609	0.01634	0.03126	0.07221	0.03053	0.01696	0.36726	0.02036	0.01611	0.02282	0.06173	0.07969	0.01901	0.00998	0.01115	0.00268	0.12580	0.03682	0.00435	0.00886
1	0.58802	0.01521	0.01342	0.01131	0.01624	0.01708	0.00932	0.12776	0.01714	0.10577	0.01355	0.01439	0.00987	0.00746	0.00536	0.00229	0.00620	0.00481	0.00554	0.00927
2	0.00943	0.00713	0.00882	0.01000	0.01128	0.00651	0.00732	0.01125	0.01552	0.01982	0.05130	0.42337	0.24697	0.02143	0.00938	0.00292	0.00455	0.11988	0.00688	0.00623
3	0.02213	0.25275	0.06754	0.01583	0.02133	0.23990	0.01379	0.07751	0.11921	0.02294	0.01469	0.01573	0.01188	0.00750	0.00620	0.00189	0.00936	0.00524	0.00447	0.07011
4	0.01567	0.19538	0.43286	0.01728	0.02618	0.01854	0.02070	0.02187	0.01559	0.02196	0.01674	0.01849	0.05483	0.00751	0.00648	0.00206	0.00924	0.00570	0.00352	0.08939
5	0.01738	0.12788	0.33521	0.08909	0.03281	0.01918	0.17341	0.04859	0.01692	0.05060	0.01412	0.01704	0.01039	0.00696	0.00720	0.00229	0.01051	0.00628	0.00371	0.01042
6	0.01568	0.15065	0.59530	0.01981	0.03005	0.01917	0.02508	0.02331	0.01558	0.02255	0.01284	0.01507	0.00942	0.00694	0.00669	0.00223	0.01049	0.00524	0.00314	0.01074
7	0.03311	0.01295	0.01743	0.01336	0.01911	0.01139	0.01104	0.06099	0.02178	0.67237	0.02884	0.02498	0.01815	0.00918	0.00746	0.00229	0.00639	0.00743	0.00912	0.01263
8	0.01884	0.01783	0.02117	0.24375	0.15953	0.14215	0.01660	0.09130	0.01869	0.04876	0.01862	0.13379	0.01715	0.01010	0.00761	0.00237	0.00910	0.00866	0.00472	0.00928
9	0.02013	0.06660	0.16515	0.02251	0.07897	0.01934	0.15741	0.15684	0.07194	0.06959	0.01676	0.01904	0.01256	0.00952	0.03132	0.00268	0.05686	0.00693	0.00495	0.01091
10	0.02077	0.00997	0.01257	0.01055	0.01447	0.00861	0.00839	0.02341	0.01969	0.34500	0.15974	0.04665	0.26213	0.01359	0.00815	0.00238	0.00493	0.01137	0.00821	0.00943
11	0.33719	0.01605	0.01661	0.01407	0.01785	0.01912	0.01155	0.18141	0.07291	0.03239	0.01430	0.01667	0.01137	0.01190	0.05334	0.00309	0.14977	0.00577	0.00523	0.00941
12	0.62359	0.01398	0.01231	0.01053	0.01537	0.01538	0.00868	0.02500	0.01454	0.18052	0.01453	0.01499	0.01033	0.00740	0.00523	0.00230	0.00587	0.00478	0.00561	0.00906
13	0.14424	0.01953	0.02335	0.07367	0.36874	0.15067	0.01758	0.02290	0.01671	0.02386	0.01464	0.06407	0.01310	0.00802	0.00692	0.00223	0.00897	0.00680	0.00404	0.00995
14	0.00892	0.00697	0.00809	0.00899	0.01041	0.00614	0.00629	0.01049	0.01550	0.01948	0.05727	0.41819	0.35462	0.02113	0.00914	0.00277	0.00405	0.01851	0.00689	0.00614
15	0.01017	0.00713	0.00916	0.00973	0.01018	0.00730	0.00640	0.01122	0.01219	0.01656	0.02835	0.26988	0.03231	0.34407	0.18505	0.00692	0.00920	0.01353	0.00516	0.00550
16	0.01846	0.01595	0.01679	0.01511	0.01930	0.01846	0.01175	0.03945	0.67938	0.03105	0.03022	0.02770	0.02266	0.01007	0.00755	0.00252	0.00588	0.00839	0.00755	0.01175
17	0.01080	0.00720	0.00810	0.00810	0.00810	0.00720	0.00450	0.01080	0.01080	0.01439	0.02339	0.04858	0.02699	0.73910	0.03779	0.00720	0.00720	0.01080	0.00450	0.00450
18	0.79154	0.01436	0.01091	0.00976	0.01436	0.01665	0.00804	0.02182	0.01263	0.03331	0.01034	0.01206	0.00804	0.00689	0.00459	0.00230	0.00574	0.00402	0.00459	0.00804
19	0.02822	0.02079	0.02228	0.01708	0.02302	0.02302	0.01411	0.66804	0.03490	0.04679	0.01782	0.01782	0.01262	0.00891	0.00743	0.00223	0.00817	0.00668	0.00743	0.01262
20	0.01061	0.00795	0.01193	0.01193	0.01326	0.00928	0.00928	0.01326	0.01193	0.01723	0.01988	0.02916	0.01856	0.05568	0.70968	0.01193	0.01988	0.00795	0.00398	0.00663
21	0.01402	0.01319	0.02227	0.72126	0.05113	0.01649	0.02062	0.01897	0.01484	0.01897	0.01319	0.01979	0.00990	0.00742	0.00742	0.00247	0.00990	0.00660	0.00330	0.00825
22	0.00904	0.00646	0.00861	0.01034	0.01077	0.00603	0.00689	0.01034	0.01421	0.01895	0.04092	0.73426	0.04910	0.02326	0.00948	0.00301	0.00431	0.02110	0.00689	0.00603
23	0.79154	0.01436	0.01091	0.00976	0.01436	0.01665	0.00804	0.02182	0.01263	0.03331	0.01034	0.01206	0.00804	0.00689	0.00459	0.00230	0.00574	0.00402	0.00459	0.00804
24	0.01004	0.00757	0.00928	0.00885	0.01081	0.00681	0.00664	0.01311	0.01992	0.02716	0.52432	0.05974	0.23623	0.01615	0.00876	0.00238	0.00357	0.01403	0.00783	0.00681
25	0.01172	0.00883	0.01026	0.00957	0.01191	0.00851	0.00727	0.04225	0.08044	0.02797	0.40393	0.05375	0.21826	0.01498	0.00838	0.00235	0.00397	0.01286	0.05532	0.00747
26	0.07216	0.01443	0.01662	0.01396	0.01885	0.01511	0.01116	0.03696	0.35575	0.31777	0.02860	0.02570	0.01993	0.00950	0.00733	0.00241	0.00606	0.00773	0.00808	0.01190
27	0.01829	0.01310	0.01569	0.01135	0.01781	0.01006	0.00914	0.02152	0.01634	0.13306	0.01580	0.01699	0.01219	0.00609	0.00582	0.00129	0.00563	0.00489	0.00517	0.65976
28	0.33926	0.23048	0.02181	0.01303	0.01803	0.18158	0.01105	0.02472	0.01588	0.06938	0.01186	0.01320	0.00951	0.00706	0.00532	0.00200	0.00820	0.00441	0.00431	0.00891
29	0.02822	0.02079	0.02228	0.01708	0.02302	0.02302	0.01411	0.66804	0.03490	0.04679	0.01782	0.01782	0.01262	0.00891	0.00743	0.00223	0.00817	0.00668	0.00743	0.01262
30	0.01985	0.74357	0.03890	0.01270	0.01905	0.02937	0.01270	0.02223	0.01508	0.01747	0.01032	0.01191	0.00953	0.00635	0.00476	0.00159	0.00794	0.00397	0.00318	0.00953
31	0.00888	0.00752	0.00767	0.00763	0.01009	0.00631	0.00572	0.01086	0.01717	0.02065	0.11301	0.07046	0.65161	0.01858	0.00877	0.00250	0.00374	0.01553	0.00697	0.00631
32	0.01985	0.74357	0.03890	0.01270	0.01905	0.02937	0.01270	0.02223	0.01508	0.01747	0.01032	0.01191	0.00953	0.00635	0.00476	0.00159	0.00794	0.00397	0.00318	0.00953
33	0.01812	0.01136	0.01287	0.01148	0.01479	0.01191	0.00893	0.02806	0.26623	0.13888	0.15388	0.03258	0.03000	0.01051	0.00713	0.00223	0.00484	0.00880	0.21773	0.00968
34	0.01100	0.00718	0.00911	0.01003	0.01130	0.00648	0.00698	0.01253	0.01532	0.07525	0.04660	0.54725	0.17072	0.02123	0.00917	0.00286	0.00437	0.01892	0.00708	0.00662
35	0.01325	0.00697	0.00715	0.00715	0.00854	0.00697	0.00506	0.01604	0.01464	0.02510	0.02406	0.03173	0.02057	0.15020	0.01151	0.00279	0.00418	0.00767	0.62997	0.00645
36	0.00946	0.00699	0.00885	0.00957	0.01075	0.00638	0.00672	0.01155	0.01679	0.02254	0.25074	0.41314	0.15923	0.01999	0.00914	0.00272	0.00396	0.01780	0.00730	0.00638
37	0.02073	0.01096	0.01274	0.01091	0.01445	0.01094	0.00862	0.07381	0.11648	0.21919	0.09634	0.02921	0.02430	0.00972	0.00672	0.00211	0.00497	0.00796	0.31018	0.00967
38	0.01539	0.01319	0.01539	0.01100	0.01759	0.00990	0.00880	0.01869	0.01539	0.02419	0.01319	0.01539	0.01100	0.00550	0.00550	0.00110	0.00550	0.00440	0.00440	0.78449
39	0.01571	0.01594	0.02963	0.39176	0.11795	0.01772	0.21356	0.02077	0.01565	0.02093	0.01360	0.01947	0.01051	0.00735	0.00894	0.00250	0.05814	0.00724	0.00347	0.00916
40	0.05370	0.01961	0.02045	0.06051	0.02169	0.15368	0.01450	0.14088	0.01808	0.02438	0.01306	0.01732	0.01113	0.01326	0.06072	0.00323	0.30416	0.00621	0.03453	0.00891
41	0.00969	0.00756	0.00879	0.00848	0.01059	0.00666	0.00636	0.01243	0.01909	0.02520	0.40001	0.06298	0.36177	0.01688	0.00876	0.00242	0.00362	0.01448	0.00757	0.00666
42	0.02083	0.01712	0.01812	0.01559	0.02021	0.01957	0.01232	0.19197	0.52300	0.03487	0.02721	0.02530	0.02023	0.00979	0.00752	0.00245	0.00643	0.00798	0.00752	0.01196
43	0.01402	0.01319	0.02227	0.72126	0.05113	0.01649	0.02062	0.01897	0.01484	0.01897	0.01319	0.01979	0.00990	0.00742	0.00742	0.00247	0.00990	0.00660	0.00330	0.00825
44	0.01762	0.13933	0.51711	0.01927	0.02879	0.06094	0.02338	0.02454	0.01629	0.06714	0.01383	0.01562	0.01003	0.00713	0.00672	0.00221	0.01037	0.00535	0.00359	0.01073
45	0.02561	0.06062	0.01867	0.01379	0.01889	0.05838	0.01132	0.25002	0.02477	0.25629	0.03194	0.03007	0.14540	0.01069	0.00749	0.00225	0.00700	0.00840	0.00743	0.01096
46	0.01080	0.00720	0.00810	0.00810	0.00810	0.00720	0.00450	0.01080	0.01080	0.01439	0.02339	0.04858	0.02699	0.73910	0.03779	0.00720	0.00720	0.01080	0.00450	0.00450
47	0.01080	0.00720	0.00810	0.00810	0.00810	0.00720	0.00450	0.01080	0.01080	0.01439	0.02339	0.04858	0.02699	0.73910	0.03779	0.00720	0.00720	0.01080	0.00450	0.00450
48	0.07503	0.02148	0.02063	0.01965	0.09693	0.15371	0.01407	0.25235	0.20940	0.03339	0.01913	0.01941	0.01444	0.00860	0.00712	0.00225	0.00845	0.00661	0.00615	0.01120
49	0.06564	0.21129	0.15105	0.01215	0.01692	0.01558	0.01200	0.01768	0.01572	0.02191	0.15415	0.03388	0.10088	0.12807	0.01177	0.00294	0.00691	0.00855	0.00488	0.00803
50	0.01042	0.00704	0.00821	0.00857	0.00867	0.00695	0.00501	0.01070	0.01152	0.01537	0.02712	0.19467	0.03170	0.58659	0.03175	0.00631	0.00658	0.01299	0.00501	0.00482
51	0.01211	0.00857	0.01223	0.01214	0.01334	0.00967	0.00921	0.01422	0.01303	0.05959	0.02531	0.21785	0.02623	0.06314	0.39302	0.00799	0.07901	0.01142	0.00503	0.00690
52	0.02523	0.06169	0.01769	0.01399	0.01819	0.17171	0.01102	0.06675	0.02013	0.30240	0.02738	0.16046	0.04758	0.01175	0.00756	0.00231	0.00766	0.00955	0.00695	0.00999
53	0.01842	0.01626	0.02509	0.03489	0.47022	0.01657	0.01865	0.04977	0.11803	0.05234	0.02196	0.05059	0.05663	0.00871	0.00756	0.00231	0.00777	0.00803	0.00495	0.01127
54	0.00904	0.00646	0.00861	0.01034	0.01077	0.00603	0.00689	0.01034	0.01421	0.01895	0.04092	0.73426	0.04910	0.02326	0.00948	0.00301	0.00431	0.02110	0.00689	0.00603
55	0.02029	0.01919	0.03481	0.02740	0.08382	0.04182	0.41113	0.06667	0.09640	0.09362	0.01820	0.02096	0.01337	0.00724	0.00823	0.00242	0.01059	0.00816	0.00497	0.01073
56	0.01797	0.01997	0.03842	0.03244	0.16128	0.06032	0.47743	0.02342	0.01749	0.02334	0.01563	0.04755	0.01275	0.00708	0.00839	0.00243	0.01154	0.00860	0.00387	0.01010
57	0.01706	0.50166	0.03009	0.01226	0.01693	0.02293	0.01139	0.01961	0.01618	0.02036	0.16661	0.05069	0.02494	0.00944	0.00706	0.00192	0.05070	0.00696	0.00447	0.00873
58	0.01695	0.04277	0.12462	0.08438	0.08840	0.03972	0.01440	0.04250	0.01713	0.07933	0.02464	0.02592	0.12097	0.00872	0.00689	0.00195	0.00736	0.00715	0.00487	0.24134
59	0.13911	0.02297	0.01934	0.19170	0.02791	0.30539	0.01459	0.06731	0.01851	0.04907	0.01390	0.04315	0.01148	0.00843	0.00744	0.00224	0.03835	0.00604	0.00435	0.00874
60	0.01132	0.00788	0.00955	0.00896	0.01121	0.00699	0.00678	0.01423	0.01963	0.06761	0.43887	0.05905	0.27831	0.01604	0.00868	0.00239	0.00376	0.01382	0.00780	0.00710
61	0.02179	0.01797	0.04829	0.10879	0.08955	0.01901	0.01526	0.23171	0.25815	0.07784	0.02185	0.02205	0.01602	0.00886	0.00745	0.00237	0.00763	0.00728	0.00653	0.01161
62	0.01809	0.01917	0.07556	0.04306	0.60858	0.01768	0.06270	0.02289	0.01686	0.02417	0.01399	0.01830	0.01157	0.00662	0.00742	0.00223	0.00919	0.00667	0.00364	0.01160
63	0.00917	0.00681	0.00855	0.00964	0.01066	0.00620	0.00665	0.01085	0.01559	0.02050	0.12713	0.51688	0.18152	0.02137	0.00925	0.00283	0.00410	0.01906	0.00705	0.00620
64	0.01725	0.01820	0.03384	0.02537	0.03095	0.01884	0.41268	0.02588	0.15895	0.02440	0.01959	0.02289	0.03642	0.00844	0.01067	0.00261	0.10982	0.00860	0.00461	0.01000
65	0.02375	0.01355	0.01668	0.01238	0.01857	0.01133	0.01008	0.07599	0.01931	0.30312	0.02017	0.01964	0.01416	0.00728	0.00646	0.00168	0.00604	0.00584	0.00660	0.40738
66	0.01012	0.00737	0.00952	0.00942	0.01096	0.00677	0.00690	0.01309	0.01944	0.02707	0.52551	0.18798	0.10416	0.01697	0.00890	0.00248	0.00367	0.01505	0.00785	0.00677
67	0.01649	0.01316	0.01551	0.01113	0.01768	0.00996	0.00893	0.01976	0.01575	0.06543	0.01418	0.01600	0.01145	0.00572	0.00562	0.00117	0.00555	0.00459	0.00469	0.73725
68	0.01858	0.56348	0.20790	0.01486	0.02239	0.02628	0.01646	0.02256	0.01523	0.01901	0.01109	0.01287	0.00950	0.00653	0.00535	0.00178	0.00871	0.00436	0.00317	0.00990
69	0.03043	0.01328	0.01714	0.01358	0.01902	0.01237	0.01107	0.03681	0.14879	0.56870	0.02947	0.02574	0.01921	0.00936	0.00748	0.00234	0.00623	0.00765	0.00887	0.01246
70	0.01062	0.00790	0.01168	0.01168	0.01291	0.00914	0.00896	0.01309	0.01186	0.01704	0.02012	0.03046	0.01912	0.10112	0.66501	0.01162	0.01904	0.00814	0.00401	0.00649
71	0.01846	0.01595	0.01679	0.01511	0.01930	0.01846	0.01175	0.03945	0.67938	0.03105	0.03022	0.02770	0.02266	0.01007	0.00755	0.00252	0.00588	0.00839	0.00755	0.01175
72	0.01539	0.01319	0.01539	0.01100	0.01759	0.00990	0.00880	0.01869	0.01539	0.02419	0.01319	0.01539	0.01100	0.00550	0.00550	0.00110	0.00550	0.00440	0.00440	0.78449
73	0.00964	0.00745	0.00879	0.00867	0.01061	0.00660	0.00642	0.01224	0.01864	0.02464	0.36844	0.12667	0.32950	0.01747	0.00883	0.00247	0.00369	0.01510	0.00751	0.00660
74	0.00884	0.00726	0.00779	0.00822	0.01021	0.00621	0.00595	0.01058	0.01625	0.01978	0.06667	0.23634	0.53039	0.01991	0.00895	0.00263	0.00390	0.01702	0.00689	0.00621
75	0.01795	0.01773	0.03180	0.08821	0.54535	0.01774	0.12567	0.02269	0.01687	0.02383	0.01408	0.01873	0.01156	0.00661	0.00758	0.00227	0.00948	0.00696	0.00366	0.01125
76	0.01032	0.00711	0.00879	0.00963	0.01001	0.00695	0.00634	0.01123	0.01285	0.01706	0.03178	0.30001	0.03701	0.38731	0.02399	0.00520	0.00611	0.09728	0.00567	0.00536
77	0.01543	0.01229	0.01338	0.01245	0.01519	0.05464	0.00990	0.11644	0.08604	0.02776	0.17663	0.04390	0.08197	0.01999	0.11444	0.00390	0.00809	0.11103	0.06824	0.00828
78	0.01067	0.00771	0.01071	0.01071	0.01162	0.00862	0.00776	0.01247	0.01157	0.01633	0.02100	0.03533	0.02124	0.27278	0.49625	0.01043	0.01585	0.00886	0.00414	0.00595
79	0.01706	0.36311	0.02701	0.01384	0.01750	0.04283	0.01218	0.04508	0.01485	0.01890	0.01589	0.10801	0.01609	0.01707	0.11265	0.00362	0.13449	0.00733	0.00397	0.00851
80	0.42651	0.29073	0.04601	0.01172	0.01728	0.02187	0.01084	0.06184	0.01504	0.02782	0.01090	0.01248	0.00893	0.00682	0.00492	0.00203	0.00690	0.00422	0.00418	0.00898
81	0.01054	0.00820	0.00971	0.00955	0.01173	0.00763	0.00740	0.01451	0.05958	0.02534	0.34264	0.06310	0.29223	0.01685	0.00887	0.00254	0.00415	0.09094	0.00750	0.00700
82	0.02023	0.31544	0.26551	0.01676	0.02461	0.02354	0.01819	0.18546	0.02029	0.02696	0.01326	0.01471	0.01026	0.00724	0.00623	0.00202	0.00905	0.00518	0.00423	0.01081
83	0.00919	0.00765	0.00810	0.00833	0.01073	0.00657	0.00647	0.01127	0.01694	0.02034	0.07050	0.07305	0.60504	0.01902	0.00897	0.00263	0.00416	0.09780	0.00689	0.00634
84	0.01985	0.74357	0.03890	0.01270	0.01905	0.02937	0.01270	0.02223	0.01508	0.01747	0.01032	0.01191	0.00953	0.00635	0.00476	0.00159	0.00794	0.00397	0.00318	0.00953
85	0.00898	0.00673	0.00834	0.00963	0.01058	0.00609	0.00658	0.01042	0.01489	0.01923	0.04955	0.56745	0.21033	0.02214	0.00930	0.00289	0.00417	0.01974	0.00689	0.00609
86	0.00904	0.00646	0.00861	0.01034	0.01077	0.00603	0.00689	0.01034	0.01421	0.01895	0.04092	0.73426	0.04910	0.02326	0.00948	0.00301	0.00431	0.02110	0.00689	0.00603
87	0.01046	0.00705	0.00820	0.00853	0.00861	0.00697	0.00496	0.01071	0.01146	0.01528	0.02679	0.18146	0.03127	0.60038	0.03230	0.00639	0.00664	0.01279	0.00496	0.00480
88	0.03289	0.01331	0.01765	0.01353	0.01929	0.01191	0.01118	0.08837	0.02238	0.64415	0.02834	0.02465	0.01790	0.00917	0.00746	0.00229	0.00647	0.00740	0.00904	0.01263
89	0.01917	0.01826	0.01754	0.19013	0.02616	0.17473	0.01337	0.09253	0.14739	0.02551	0.02216	0.02408	0.05567	0.00904	0.00700	0.00221	0.00832	0.00714	0.13045	0.00913
90	0.00904	0.00646	0.00861	0.01034	0.01077	0.00603	0.00689	0.01034	0.01421	0.01895	0.04092	0.73426	0.04910	0.02326	0.00948	0.00301	0.00431	0.02110	0.00689	0.00603
91	0.01896	0.15586	0.02086	0.01272	0.01879	0.12666	0.01052	0.02185	0.01648	0.04930	0.01302	0.01481	0.01078	0.00616	0.00563	0.00137	0.00727	0.00450	0.00427	0.48016
92	0.01523	0.00973	0.04135	0.01181	0.01428	0.00842	0.00941	0.01764	0.01577	0.17173	0.03502	0.32327	0.07334	0.02522	0.14462	0.00455	0.00820	0.05582	0.00668	0.00791
93	0.01781	0.01536	0.02083	0.18656	0.09192	0.01536	0.04004	0.13086	0.06295	0.02722	0.01526	0.01815	0.01187	0.00698	0.00673	0.00188	0.00762	0.00596	0.00476	0.31188
94	0.01687	0.01404	0.01683	0.12848	0.02304	0.01636	0.01263	0.03061	0.40390	0.04725	0.08104	0.05177	0.02430	0.01062	0.00872	0.00252	0.05404	0.00874	0.03805	0.01018
95	0.00942	0.00727	0.00860	0.00885	0.01057	0.00645	0.00642	0.01168	0.01757	0.02297	0.26864	0.23869	0.31867	0.01877	0.00895	0.00258	0.00382	0.01634	0.00731	0.00645
96	0.01962	0.04992	0.02098	0.01974	0.14998	0.11516	0.01317	0.10569	0.01903	0.02598	0.01357	0.01585	0.01108	0.00651	0.00625	0.00160	0.00774	0.00516	0.00452	0.38846

[dist]
# distance from previous block
# <min> <max>
5	7

[block]
# block no. 3 follows, 27 sequences, length 97
# corresponding to MSA columns:
# 410-506
name=unknown_D
#
# <colnr> <probs for GDERKNQSTAVLIFYWHMCP>
#	G	D	E	R	K	N	Q	S	T	A	V	L	I	F	Y	W	H	M	C	P
0	0.02426	0.40126	0.02990	0.01511	0.02047	0.27647	0.01310	0.02653	0.01796	0.09477	0.01289	0.01396	0.01054	0.00715	0.00578	0.00179	0.00975	0.00466	0.00409	0.00954
1	0.02025	0.70739	0.03799	0.01303	0.01925	0.06411	0.01279	0.02261	0.01539	0.01750	0.01038	0.01198	0.00953	0.00642	0.00486	0.00160	0.00822	0.00401	0.00321	0.00948
2	0.01811	0.15521	0.05528	0.01495	0.05147	0.08481	0.01183	0.07504	0.01674	0.07791	0.01974	0.11677	0.01880	0.06420	0.13055	0.05695	0.00998	0.00836	0.00486	0.00845
3	0.00922	0.00725	0.00833	0.00867	0.01045	0.00636	0.00627	0.01128	0.01705	0.02182	0.19614	0.24840	0.38390	0.01924	0.00896	0.00261	0.00385	0.01667	0.00716	0.00636
4	0.00912	0.00649	0.00859	0.01024	0.01065	0.00608	0.00679	0.01036	0.01406	0.01875	0.04015	0.70410	0.04813	0.05475	0.01072	0.00320	0.00443	0.02065	0.00679	0.00596
5	0.01555	0.01465	0.02472	0.38317	0.32388	0.01628	0.02062	0.02002	0.01569	0.02124	0.01540	0.06743	0.01334	0.00814	0.00753	0.00239	0.00906	0.00758	0.00370	0.00960
6	0.02371	0.02872	0.02117	0.01895	0.02156	0.48160	0.01470	0.02556	0.01786	0.01804	0.01131	0.01485	0.00997	0.01111	0.03975	0.00270	0.22099	0.00541	0.00366	0.00839
7	0.01283	0.00890	0.01253	0.01222	0.01434	0.00854	0.03781	0.01676	0.04854	0.07047	0.27794	0.19169	0.05015	0.01721	0.00917	0.00278	0.00528	0.18795	0.00740	0.00750
8	0.02207	0.54662	0.03408	0.01429	0.02014	0.15454	0.01313	0.08255	0.01799	0.02027	0.01122	0.01272	0.00982	0.00683	0.00536	0.00171	0.00897	0.00437	0.00368	0.00964
9	0.01670	0.29584	0.45905	0.01807	0.02736	0.02167	0.02205	0.02304	0.01546	0.02130	0.01223	0.01430	0.00945	0.00680	0.00622	0.00207	0.00986	0.00493	0.00315	0.01044
10	0.01847	0.01512	0.02187	0.07405	0.30013	0.01537	0.01598	0.14423	0.02099	0.05831	0.12628	0.02879	0.07781	0.00954	0.00764	0.00223	0.00727	0.00840	0.00561	0.04193
11	0.01931	0.01772	0.01717	0.01547	0.01964	0.08153	0.01199	0.03855	0.61929	0.02988	0.02850	0.02639	0.02147	0.00985	0.00748	0.00246	0.00656	0.00806	0.00721	0.01146
12	0.02436	0.01065	0.01436	0.01169	0.01587	0.00938	0.00938	0.02748	0.02116	0.43567	0.28819	0.03712	0.03866	0.01154	0.00797	0.00231	0.00521	0.00980	0.00879	0.01042
13	0.01402	0.01319	0.02227	0.72126	0.05113	0.01649	0.02062	0.01897	0.01484	0.01897	0.01319	0.01979	0.00990	0.00742	0.00742	0.00247	0.00990	0.00660	0.00330	0.00825
14	0.02759	0.02018	0.02160	0.01663	0.02239	0.02231	0.01372	0.63942	0.03405	0.04595	0.01810	0.01826	0.01291	0.00890	0.00733	0.00221	0.00796	0.00669	0.04142	0.01237
15	0.00920	0.00698	0.00849	0.00928	0.01059	0.00627	0.00652	0.01105	0.01619	0.02109	0.15907	0.41256	0.25484	0.02051	0.00913	0.00274	0.00400	0.01812	0.00710	0.00627
16	0.02773	0.03538	0.02104	0.01913	0.02295	0.70930	0.01434	0.02964	0.02104	0.01817	0.01148	0.01339	0.00956	0.00765	0.00669	0.00191	0.01339	0.00478	0.00383	0.00861
17	0.79154	0.01436	0.01091	0.00976	0.01436	0.01665	0.00804	0.02182	0.01263	0.03331	0.01034	0.01206	0.00804	0.00689	0.00459	0.00230	0.00574	0.00402	0.00459	0.00804
18	0.01756	0.01230	0.01207	0.01050	0.01368	0.04348	0.00824	0.20210	0.02160	0.03116	0.03205	0.03300	0.15149	0.01072	0.00662	0.00204	0.00532	0.00851	0.36908	0.00849
19	0.01402	0.01319	0.02227	0.72126	0.05113	0.01649	0.02062	0.01897	0.01484	0.01897	0.01319	0.01979	0.00990	0.00742	0.00742	0.00247	0.00990	0.00660	0.00330	0.00825
20	0.01051	0.00759	0.00992	0.00934	0.01109	0.00700	0.00700	0.01401	0.02101	0.02977	0.68888	0.05545	0.07005	0.01518	0.00876	0.00233	0.00350	0.01343	0.00817	0.00700
21	0.03217	0.01729	0.01801	0.01442	0.01977	0.15378	0.01161	0.03484	0.02120	0.55888	0.02564	0.02284	0.01657	0.00887	0.00731	0.00222	0.00776	0.00692	0.00809	0.01181
22	0.02292	0.51469	0.03323	0.01376	0.01996	0.02634	0.01288	0.17270	0.02019	0.08178	0.01366	0.01441	0.01099	0.00718	0.00561	0.00180	0.00786	0.00489	0.00467	0.01051
23	0.01067	0.00809	0.01198	0.01241	0.01364	0.00788	0.05251	0.01276	0.01458	0.01941	0.03517	0.39052	0.04015	0.11338	0.05953	0.00420	0.00689	0.17370	0.00617	0.00635
24	0.00919	0.00762	0.00810	0.00822	0.01060	0.00653	0.00632	0.01133	0.01723	0.02095	0.11568	0.07144	0.58559	0.01870	0.00891	0.00258	0.00403	0.07362	0.00698	0.00637
25	0.00904	0.00646	0.00861	0.01034	0.01077	0.00603	0.00689	0.01034	0.01421	0.01895	0.04092	0.73426	0.04910	0.02326	0.00948	0.00301	0.00431	0.02110	0.00689	0.00603
26	0.04760	0.15731	0.03056	0.02453	0.16628	0.04187	0.15835	0.11289	0.01990	0.14533	0.01654	0.01828	0.01232	0.00729	0.00709	0.00217	0.00898	0.00660	0.00512	0.01100
27	0.01733	0.01265	0.01452	0.01325	0.01606	0.01337	0.01001	0.29442	0.02315	0.03097	0.03094	0.42480	0.03335	0.01706	0.00859	0.00267	0.00598	0.01488	0.00712	0.00888
28	0.01051	0.00759	0.00992	0.00934	0.01109	0.00700	0.00700	0.01401	0.02101	0.02977	0.68888	0.05545	0.07005	0.01518	0.00876	0.00233	0.00350	0.01343	0.00817	0.00700
29	0.01539	0.01319	0.01539	0.01100	0.01759	0.00990	0.00880	0.01869	0.01539	0.02419	0.01319	0.01539	0.01100	0.00550	0.00550	0.00110	0.00550	0.00440	0.00440	0.78449
30	0.02656	0.03251	0.02167	0.02039	0.05696	0.59516	0.01488	0.06176	0.02094	0.01995	0.01182	0.01405	0.00985	0.00800	0.00787	0.00203	0.05759	0.00508	0.00397	0.00895
31	0.01740	0.01771	0.05536	0.06562	0.57137	0.01686	0.04757	0.02190	0.01681	0.02373	0.01809	0.02197	0.05736	0.00747	0.00749	0.00225	0.00875	0.00727	0.00386	0.01116
32	0.08916	0.17362	0.33342	0.01941	0.07052	0.06574	0.01991	0.05312	0.01662	0.04678	0.01298	0.01507	0.00994	0.00730	0.00708	0.00218	0.03783	0.00524	0.00377	0.01033
33	0.02316	0.02224	0.02046	0.01735	0.02135	0.23513	0.04185	0.16896	0.13149	0.06264	0.04841	0.02088	0.01632	0.01237	0.05540	0.00293	0.07650	0.00688	0.00567	0.01003
34	0.01080	0.00720	0.00810	0.00810	0.00810	0.00720	0.00450	0.01080	0.01080	0.01439	0.02339	0.04858	0.02699	0.73910	0.03779	0.00720	0.00720	0.01080	0.00450	0.00450
35	0.01459	0.01376	0.02302	0.55342	0.17312	0.01618	0.02026	0.01927	0.01535	0.02005	0.01657	0.02220	0.04562	0.00786	0.00748	0.00242	0.00937	0.00707	0.00356	0.00882
36	0.01915	0.01898	0.01651	0.01507	0.01869	0.18227	0.01159	0.03206	0.38947	0.02744	0.13512	0.03077	0.02805	0.01069	0.00764	0.00237	0.00732	0.03004	0.00674	0.01004
37	0.02209	0.01557	0.01722	0.01484	0.01946	0.01721	0.01173	0.07770	0.50531	0.16799	0.02926	0.02659	0.02117	0.00982	0.00753	0.00245	0.00611	0.00810	0.00788	0.01198
38	0.00904	0.00646	0.00861	0.01034	0.01077	0.00603	0.00689	0.01034	0.01421	0.01895	0.04092	0.73426	0.04910	0.02326	0.00948	0.00301	0.00431	0.02110	0.00689	0.00603
39	0.01402	0.01319	0.02227	0.72126	0.05113	0.01649	0.02062	0.01897	0.01484	0.01897	0.01319	0.01979	0.00990	0.00742	0.00742	0.00247	0.00990	0.00660	0.00330	0.00825
40	0.01067	0.00729	0.00880	0.00889	0.00915	0.00751	0.00547	0.01121	0.01117	0.01513	0.02368	0.08080	0.02665	0.58081	0.15533	0.00782	0.00929	0.01083	0.00453	0.00496
41	0.00952	0.00755	0.00856	0.00830	0.01049	0.00658	0.00623	0.01210	0.01868	0.02424	0.33943	0.06456	0.42294	0.01724	0.00877	0.00243	0.00365	0.01470	0.00744	0.00658
42	0.01808	0.01734	0.02960	0.09119	0.64947	0.01756	0.02264	0.02253	0.01676	0.02390	0.01391	0.01847	0.01163	0.00667	0.00735	0.00222	0.00889	0.00661	0.00365	0.01152
43	0.01194	0.01057	0.01612	0.01500	0.01603	0.01206	0.07397	0.01386	0.01365	0.01905	0.02887	0.43651	0.03323	0.02003	0.04136	0.00338	0.20657	0.01531	0.00545	0.00703
44	0.01289	0.00645	0.00967	0.00967	0.00967	0.00645	0.00645	0.00967	0.00967	0.01289	0.01289	0.02257	0.01289	0.02579	0.02901	0.78401	0.00645	0.00645	0.00322	0.00322
45	0.03253	0.01388	0.01800	0.01380	0.01957	0.01276	0.01140	0.13257	0.02333	0.59860	0.02754	0.02413	0.01750	0.00915	0.00746	0.00229	0.00660	0.00735	0.00892	0.01263
46	0.02203	0.01950	0.02753	0.03512	0.43645	0.07674	0.04500	0.14798	0.02102	0.07353	0.01557	0.01838	0.01217	0.00730	0.00737	0.00220	0.00906	0.00661	0.00478	0.01165
47	0.02236	0.01472	0.02003	0.28724	0.05809	0.03740	0.01543	0.13271	0.02087	0.22346	0.07534	0.02380	0.01794	0.00881	0.00752	0.00234	0.00809	0.00738	0.00615	0.01031
48	0.01402	0.01319	0.02227	0.72126	0.05113	0.01649	0.02062	0.01897	0.01484	0.01897	0.01319	0.01979	0.00990	0.00742	0.00742	0.00247	0.00990	0.00660	0.00330	0.00825
49	0.61247	0.01469	0.01444	0.01651	0.14416	0.01646	0.01075	0.02183	0.01357	0.03135	0.01158	0.01389	0.00919	0.00691	0.00515	0.00226	0.00624	0.00463	0.03522	0.00871
50	0.00900	0.00739	0.00793	0.00809	0.01024	0.00632	0.00596	0.01099	0.01704	0.02101	0.14028	0.15483	0.53726	0.01896	0.00886	0.00255	0.00380	0.01611	0.00704	0.00632
51	0.01061	0.00795	0.01193	0.01193	0.01326	0.00928	0.00928	0.01326	0.01193	0.01723	0.01988	0.02916	0.01856	0.05568	0.70968	0.01193	0.01988	0.00795	0.00398	0.00663
52	0.02740	0.02038	0.02181	0.01691	0.02271	0.02264	0.01391	0.61489	0.08940	0.04546	0.01887	0.01866	0.01347	0.00901	0.00744	0.00225	0.00798	0.00683	0.00744	0.01255
53	0.02517	0.03001	0.01986	0.01802	0.02194	0.51848	0.01363	0.03235	0.20289	0.02173	0.01665	0.01734	0.01318	0.00832	0.00693	0.00208	0.01131	0.00578	0.00485	0.00947
54	0.01009	0.00757	0.00935	0.00890	0.01084	0.00683	0.00668	0.01320	0.02003	0.02743	0.54138	0.05930	0.21900	0.01605	0.00876	0.00238	0.00356	0.01396	0.00786	0.00683
55	0.01005	0.00699	0.00921	0.01037	0.01132	0.00662	0.00749	0.01220	0.01600	0.02206	0.16376	0.46760	0.05021	0.02035	0.00915	0.00285	0.00444	0.10358	0.05935	0.00639
56	0.75825	0.01428	0.01119	0.00991	0.01456	0.01640	0.00817	0.02245	0.01301	0.06249	0.01117	0.01264	0.00849	0.00699	0.00472	0.00230	0.00577	0.00417	0.00480	0.00824
57	0.01065	0.00776	0.01096	0.01096	0.01195	0.00875	0.00807	0.01263	0.01164	0.01652	0.02077	0.03407	0.02069	0.22849	0.53978	0.01073	0.01668	0.00867	0.00411	0.00609
58	0.00929	0.00664	0.00890	0.01062	0.01116	0.00624	0.00732	0.01076	0.01446	0.01923	0.04078	0.67925	0.04856	0.02303	0.00954	0.00305	0.00452	0.07367	0.00689	0.00610
59	0.79154	0.01436	0.01091	0.00976	0.01436	0.01665	0.00804	0.02182	0.01263	0.03331	0.01034	0.01206	0.00804	0.00689	0.00459	0.00230	0.00574	0.00402	0.00459	0.00804
60	0.79154	0.01436	0.01091	0.00976	0.01436	0.01665	0.00804	0.02182	0.01263	0.03331	0.01034	0.01206	0.00804	0.00689	0.00459	0.00230	0.00574	0.00402	0.00459	0.00804
61	0.00951	0.00755	0.00854	0.00830	0.01048	0.00658	0.00622	0.01208	0.01866	0.02419	0.33664	0.06463	0.42577	0.01726	0.00877	0.00243	0.00365	0.01471	0.00744	0.00658
62	0.03009	0.01779	0.02042	0.01566	0.02152	0.01857	0.01293	0.43569	0.02988	0.28623	0.02204	0.02056	0.01474	0.00901	0.00744	0.00225	0.00749	0.00697	0.00807	0.01263
63	0.01289	0.00645	0.00967	0.00967	0.00967	0.00645	0.00645	0.00967	0.00967	0.01289	0.01289	0.02257	0.01289	0.02579	0.02901	0.78401	0.00645	0.00645	0.00322	0.00322
64	0.03292	0.01325	0.01761	0.01350	0.01926	0.01183	0.01115	0.08386	0.02228	0.64879	0.02842	0.02471	0.01794	0.00917	0.00746	0.00229	0.00646	0.00741	0.00906	0.01263
65	0.00884	0.00725	0.00780	0.00823	0.01021	0.00621	0.00596	0.01057	0.01624	0.01978	0.06653	0.23905	0.52778	0.01993	0.00895	0.00264	0.00390	0.01704	0.00689	0.00621
66	0.00904	0.00646	0.00861	0.01034	0.01077	0.00603	0.00689	0.01034	0.01421	0.01895	0.04092	0.73426	0.04910	0.02326	0.00948	0.00301	0.00431	0.02110	0.00689	0.00603
67	0.01637	0.01375	0.01498	0.01359	0.01714	0.01545	0.01050	0.03275	0.50600	0.03072	0.20367	0.03501	0.03514	0.01142	0.00787	0.00247	0.00525	0.00972	0.00772	0.01050
68	0.03331	0.01263	0.01723	0.01321	0.01895	0.01091	0.01091	0.03618	0.02125	0.69794	0.02929	0.02527	0.01838	0.00919	0.00747	0.00230	0.00632	0.00747	0.00919	0.01263
69	0.01489	0.01409	0.02385	0.58554	0.18001	0.01672	0.02105	0.01973	0.01526	0.02003	0.01335	0.01951	0.01027	0.00726	0.00741	0.00242	0.00968	0.00660	0.00337	0.00895
70	0.01079	0.00738	0.00819	0.00798	0.01001	0.00670	0.00599	0.01367	0.01796	0.02555	0.27360	0.05370	0.28802	0.01471	0.00777	0.00223	0.00359	0.01245	0.22301	0.00670
