[name]
unknown

[dist]
# distance from previous block
# <min> <max>
0	81

[block]
# block no. 0 follows, 24 sequences, length 26
# corresponding to MSA columns:
# 103-128
name=unknown_A
#
# <colnr> <probs for GDERKNQSTAVLIFYWHMCP>
#	G	D	E	R	K	N	Q	S	T	A	V	L	I	F	Y	W	H	M	C	P
0	0.12627	0.01323	0.01596	0.08101	0.08397	0.01363	0.01192	0.07812	0.05527	0.02882	0.06769	0.08791	0.10964	0.01221	0.00774	0.00245	0.00648	0.04760	0.05188	0.09819
1	0.09858	0.05666	0.01952	0.01540	0.01997	0.06940	0.01235	0.20972	0.11763	0.11442	0.04306	0.11901	0.02207	0.01177	0.00843	0.00254	0.03203	0.00928	0.00714	0.01103
2	0.13772	0.04159	0.06694	0.06718	0.02095	0.01472	0.04979	0.05318	0.08752	0.02762	0.05436	0.05601	0.11647	0.01633	0.07873	0.00356	0.00845	0.00923	0.08061	0.00904
3	0.01737	0.06966	0.01881	0.09673	0.08885	0.01365	0.01285	0.06572	0.02068	0.09391	0.20506	0.04385	0.10603	0.01297	0.00846	0.00250	0.00665	0.07021	0.00679	0.03922
4	0.02352	0.01683	0.01929	0.01768	0.06949	0.04268	0.01288	0.21890	0.10238	0.13285	0.02603	0.15170	0.02264	0.01194	0.00810	0.00244	0.00730	0.01002	0.00732	0.09603
5	0.02126	0.01352	0.01897	0.01528	0.01990	0.01294	0.05898	0.02533	0.05023	0.21870	0.02426	0.10805	0.02041	0.01581	0.07697	0.00338	0.08127	0.00905	0.00650	0.19917
6	0.02083	0.01538	0.05647	0.05724	0.02130	0.01434	0.01255	0.10421	0.16060	0.16448	0.03426	0.14796	0.09170	0.01317	0.00837	0.00260	0.00673	0.01114	0.00748	0.04918
7	0.02179	0.21657	0.07191	0.18324	0.11774	0.01983	0.01735	0.02591	0.01817	0.16734	0.05293	0.02165	0.01622	0.00833	0.00718	0.00228	0.00868	0.00678	0.00521	0.01087
8	0.01557	0.01417	0.08628	0.11194	0.10969	0.01238	0.01507	0.01932	0.01594	0.09050	0.02524	0.19347	0.02452	0.02634	0.19683	0.00550	0.01162	0.01121	0.00536	0.00905
9	0.01902	0.05187	0.05290	0.01433	0.01800	0.06499	0.01193	0.14187	0.02149	0.07870	0.09357	0.14931	0.03087	0.04811	0.07703	0.00383	0.00880	0.06893	0.03516	0.00928
10	0.02008	0.01735	0.02556	0.15532	0.30316	0.01819	0.01913	0.15985	0.02219	0.03074	0.07578	0.02317	0.01807	0.00852	0.00787	0.00233	0.00868	0.00756	0.00524	0.07120
11	0.02013	0.26394	0.04879	0.05331	0.05905	0.06291	0.06210	0.08905	0.08171	0.02445	0.01798	0.06384	0.01629	0.06451	0.01037	0.00270	0.03634	0.00761	0.00481	0.01013
12	0.06493	0.01876	0.02092	0.02076	0.12894	0.06994	0.01419	0.26770	0.02609	0.07245	0.07055	0.05470	0.06886	0.01060	0.00787	0.00235	0.00796	0.00860	0.00670	0.05711
13	0.02409	0.01922	0.02342	0.02474	0.19434	0.05122	0.01600	0.27242	0.05883	0.07335	0.08634	0.02395	0.02025	0.00930	0.00787	0.00230	0.00820	0.00773	0.00663	0.06979
14	0.01159	0.00906	0.01024	0.01040	0.01223	0.00887	0.00734	0.01642	0.11488	0.02301	0.11603	0.23652	0.23465	0.13505	0.01448	0.00363	0.00510	0.01600	0.00719	0.00730
15	0.01352	0.01335	0.06423	0.01291	0.01705	0.01060	0.01093	0.01662	0.01621	0.02308	0.03264	0.20137	0.11297	0.01473	0.00962	0.00240	0.06211	0.07144	0.00576	0.28846
16	0.01865	0.01886	0.10557	0.04790	0.13233	0.01581	0.06003	0.11265	0.06315	0.05133	0.02231	0.14630	0.02041	0.01086	0.00803	0.00239	0.00815	0.00965	0.00566	0.13997
17	0.01954	0.10158	0.24357	0.01985	0.02698	0.11770	0.09433	0.08927	0.01940	0.02516	0.01740	0.07260	0.01543	0.06432	0.01017	0.00277	0.01059	0.00781	0.00449	0.03706
18	0.02147	0.01138	0.01516	0.01492	0.06667	0.01053	0.01049	0.02529	0.05781	0.28233	0.07643	0.16161	0.13327	0.03862	0.03375	0.00317	0.00647	0.01250	0.00800	0.01015
19	0.01284	0.01018	0.01302	0.06780	0.07934	0.03584	0.00949	0.01413	0.01433	0.01885	0.04604	0.25255	0.03291	0.28643	0.02237	0.05093	0.00721	0.01376	0.00542	0.00656
20	0.02751	0.03469	0.02096	0.01913	0.02307	0.61818	0.01435	0.02955	0.02201	0.01962	0.01937	0.02078	0.07897	0.00942	0.00738	0.00211	0.01323	0.00632	0.00443	0.00893
21	0.01900	0.07583	0.04486	0.03347	0.10563	0.02081	0.52957	0.02516	0.01845	0.02493	0.01554	0.02053	0.01194	0.00673	0.00887	0.00256	0.01258	0.00872	0.00395	0.01085
22	0.01901	0.01437	0.01695	0.01226	0.01918	0.01126	0.00987	0.04767	0.01795	0.09484	0.01609	0.01765	0.01264	0.00643	0.00618	0.00136	0.00608	0.00514	0.00537	0.65970
23	0.01628	0.06868	0.01883	0.05035	0.06905	0.01378	0.01164	0.05415	0.05591	0.02516	0.02309	0.09185	0.05832	0.01499	0.07837	0.00304	0.00813	0.00826	0.00524	0.32487
24	0.01956	0.01314	0.01477	0.01325	0.01681	0.01429	0.01032	0.09016	0.25562	0.09953	0.02904	0.08173	0.02345	0.01635	0.07878	0.00352	0.00737	0.00930	0.19259	0.01044
25	0.01799	0.02649	0.21966	0.08003	0.14138	0.13797	0.02033	0.02285	0.01758	0.02258	0.02284	0.06394	0.08794	0.01059	0.00958	0.00256	0.07305	0.00832	0.00429	0.01003

[dist]
# distance from previous block
# <min> <max>
0	11

[block]
# block no. 1 follows, 24 sequences, length 18
# corresponding to MSA columns:
# 150-167
name=unknown_B
#
# <colnr> <probs for GDERKNQSTAVLIFYWHMCP>
#	G	D	E	R	K	N	Q	S	T	A	V	L	I	F	Y	W	H	M	C	P
0	0.01222	0.00996	0.01105	0.01063	0.01330	0.00979	0.00800	0.01920	0.16140	0.02685	0.23116	0.11359	0.30832	0.01731	0.00914	0.00267	0.00449	0.01481	0.00790	0.00820
1	0.02291	0.01862	0.01972	0.01678	0.02183	0.02121	0.01332	0.22641	0.46807	0.03830	0.02823	0.02636	0.02093	0.01038	0.00803	0.00259	0.00702	0.00841	0.00803	0.01284
2	0.01817	0.02133	0.14294	0.02342	0.12228	0.01831	0.08090	0.03228	0.32430	0.02970	0.08045	0.02752	0.02308	0.00968	0.00818	0.00259	0.00824	0.00863	0.00623	0.01177
3	0.00966	0.00690	0.00920	0.01104	0.01150	0.00644	0.00736	0.01104	0.01518	0.02024	0.04371	0.71614	0.05245	0.02484	0.01012	0.00322	0.00460	0.02254	0.00736	0.00644
4	0.01939	0.05453	0.02332	0.08225	0.17996	0.01640	0.01517	0.11520	0.01989	0.02861	0.01487	0.01781	0.01202	0.00694	0.00680	0.00180	0.00771	0.00582	0.00483	0.36672
5	0.02966	0.03658	0.02258	0.02026	0.02452	0.63761	0.01530	0.07955	0.02363	0.02179	0.01279	0.01467	0.01047	0.00828	0.00721	0.00207	0.01387	0.00527	0.00439	0.00953
6	0.57310	0.01645	0.01818	0.01970	0.14942	0.01816	0.05485	0.02366	0.01477	0.03294	0.01216	0.01482	0.00962	0.00726	0.00580	0.00245	0.00729	0.00520	0.00465	0.00953
7	0.01038	0.00767	0.00987	0.01136	0.01258	0.00716	0.00845	0.01244	0.01649	0.02133	0.05019	0.43997	0.16695	0.02322	0.01019	0.00322	0.00516	0.16934	0.00735	0.00670
8	0.01623	0.01537	0.02605	0.52615	0.22093	0.01795	0.02265	0.02136	0.01645	0.02178	0.01432	0.02073	0.01111	0.00770	0.00791	0.00257	0.01026	0.00705	0.00363	0.00982
9	0.01087	0.00809	0.01011	0.00960	0.01163	0.00733	0.00720	0.01428	0.02161	0.02981	0.55533	0.06250	0.18840	0.01695	0.00936	0.00253	0.00379	0.01480	0.00847	0.00733
10	0.03515	0.01418	0.01882	0.01443	0.02058	0.01266	0.01192	0.08598	0.02383	0.62839	0.03033	0.02637	0.01915	0.00979	0.00797	0.00245	0.00690	0.00791	0.00967	0.01349
11	0.02220	0.01827	0.01933	0.01664	0.02157	0.02088	0.01315	0.18570	0.50992	0.03717	0.02913	0.02708	0.02166	0.01046	0.00804	0.00262	0.00686	0.00853	0.00804	0.01277
12	0.01318	0.01176	0.02036	0.01666	0.02021	0.01110	0.17742	0.01745	0.01983	0.02724	0.32825	0.05084	0.10903	0.01831	0.06916	0.00355	0.00816	0.06246	0.00683	0.00821
13	0.01733	0.01715	0.08134	0.21593	0.25728	0.01635	0.01972	0.04991	0.04097	0.02322	0.01525	0.02105	0.01252	0.01175	0.01254	0.15777	0.00927	0.00699	0.00401	0.00965
14	0.01675	0.01423	0.01465	0.01443	0.01699	0.07875	0.01112	0.08661	0.15292	0.02638	0.03373	0.22625	0.03479	0.07529	0.01186	0.00338	0.00723	0.15883	0.00702	0.00879
15	0.08234	0.06628	0.02077	0.01480	0.02108	0.08176	0.04490	0.07907	0.08512	0.02838	0.01588	0.01754	0.01269	0.00715	0.00646	0.00174	0.00759	0.00558	0.00516	0.39571
16	0.19778	0.11088	0.01363	0.00938	0.01224	0.01330	0.00725	0.01795	0.01456	0.02502	0.02445	0.03297	0.07169	0.19916	0.01492	0.00360	0.00605	0.00807	0.20977	0.00733
17	0.02165	0.08589	0.23643	0.01953	0.02599	0.09003	0.01960	0.16058	0.02096	0.05279	0.01511	0.01789	0.01175	0.01185	0.04516	0.00306	0.13965	0.00634	0.00475	0.01099

[dist]
# distance from previous block
# <min> <max>
0	4

[block]
# block no. 2 follows, 24 sequences, length 32
# corresponding to MSA columns:
# 172-203
name=unknown_C
#
# <colnr> <probs for GDERKNQSTAVLIFYWHMCP>
#	G	D	E	R	K	N	Q	S	T	A	V	L	I	F	Y	W	H	M	C	P
0	0.02286	0.01660	0.01844	0.01532	0.02002	0.01804	0.01223	0.26050	0.22785	0.08943	0.17609	0.03239	0.03171	0.01150	0.00831	0.00251	0.00663	0.00947	0.00831	0.01179
1	0.02108	0.01408	0.01629	0.01324	0.01820	0.01338	0.01050	0.16445	0.06394	0.14358	0.06479	0.11074	0.11075	0.01233	0.00798	0.00227	0.00619	0.01027	0.00741	0.18855
2	0.01972	0.01703	0.01793	0.01614	0.02062	0.01972	0.01255	0.04214	0.65752	0.03317	0.03228	0.02959	0.02421	0.01076	0.00807	0.00269	0.00628	0.00897	0.00807	0.01255
3	0.01197	0.00828	0.00998	0.00945	0.01145	0.00751	0.00687	0.01462	0.01955	0.05815	0.37628	0.06107	0.22429	0.12919	0.01423	0.00337	0.00459	0.01422	0.00779	0.00714
4	0.77733	0.01534	0.01166	0.01043	0.01534	0.01779	0.00859	0.02331	0.01350	0.03558	0.01104	0.01288	0.00859	0.00736	0.00491	0.00245	0.00613	0.00429	0.00491	0.00859
5	0.01063	0.00785	0.00994	0.00991	0.01161	0.00716	0.00724	0.01364	0.02033	0.02793	0.45484	0.19505	0.15744	0.01853	0.00951	0.00267	0.00396	0.01636	0.00825	0.00716
6	0.01377	0.00689	0.01033	0.01033	0.01033	0.00689	0.00689	0.01033	0.01033	0.01377	0.01377	0.02410	0.01377	0.02755	0.03099	0.76928	0.00689	0.00689	0.00344	0.00344
7	0.00959	0.00804	0.00833	0.00826	0.01084	0.00679	0.00619	0.01179	0.01858	0.02262	0.14815	0.07434	0.60006	0.01964	0.00937	0.00266	0.00398	0.01646	0.00752	0.00679
8	0.02277	0.52582	0.03586	0.01475	0.02103	0.06795	0.01375	0.13264	0.02003	0.02418	0.01302	0.01485	0.01125	0.01001	0.04036	0.00240	0.00951	0.00501	0.00427	0.01054
9	0.03014	0.02221	0.02380	0.01825	0.02459	0.02459	0.01507	0.64541	0.03728	0.04998	0.01904	0.01904	0.01349	0.00952	0.00793	0.00238	0.00873	0.00714	0.00793	0.01349
10	0.77733	0.01534	0.01166	0.01043	0.01534	0.01779	0.00859	0.02331	0.01350	0.03558	0.01104	0.01288	0.00859	0.00736	0.00491	0.00245	0.00613	0.00429	0.00491	0.00859
11	0.03014	0.02221	0.02380	0.01825	0.02459	0.02459	0.01507	0.64541	0.03728	0.04998	0.01904	0.01904	0.01349	0.00952	0.00793	0.00238	0.00873	0.00714	0.00793	0.01349
12	0.01606	0.01521	0.02575	0.54916	0.19919	0.01790	0.02256	0.02122	0.01637	0.02158	0.01429	0.02079	0.01104	0.00773	0.00791	0.00258	0.01030	0.00705	0.00362	0.00969
13	0.01351	0.01160	0.01244	0.01220	0.01343	0.08761	0.00876	0.01527	0.01344	0.01747	0.02151	0.03644	0.02185	0.28425	0.38465	0.00975	0.01572	0.00916	0.00442	0.00653
14	0.01730	0.22193	0.51157	0.02022	0.03063	0.02184	0.02514	0.02475	0.01658	0.02341	0.01338	0.01568	0.01008	0.00734	0.00689	0.00230	0.01086	0.00543	0.00336	0.01131
15	0.02303	0.10319	0.02302	0.07945	0.02507	0.13908	0.01446	0.14223	0.30474	0.03086	0.02233	0.02234	0.01701	0.00937	0.00753	0.00240	0.00876	0.00725	0.00639	0.01151
16	0.01983	0.01692	0.02651	0.03224	0.35659	0.01548	0.05469	0.02411	0.01794	0.08079	0.01608	0.01926	0.01285	0.00687	0.00727	0.00198	0.00822	0.00647	0.00469	0.27120
17	0.10675	0.03017	0.39136	0.01981	0.02848	0.01815	0.04606	0.08167	0.01839	0.08497	0.01610	0.01846	0.01170	0.01122	0.04851	0.00314	0.04294	0.00632	0.00460	0.01122
18	0.02203	0.02218	0.02126	0.02232	0.12521	0.17646	0.01508	0.03685	0.40697	0.02879	0.02482	0.02442	0.01908	0.00956	0.00782	0.00248	0.00866	0.00776	0.00648	0.01177
19	0.02962	0.03779	0.02247	0.02043	0.02451	0.68948	0.01532	0.03166	0.02247	0.01941	0.01226	0.01430	0.01021	0.00817	0.00715	0.00204	0.01430	0.00511	0.00409	0.00919
20	0.77733	0.01534	0.01166	0.01043	0.01534	0.01779	0.00859	0.02331	0.01350	0.03558	0.01104	0.01288	0.00859	0.00736	0.00491	0.00245	0.00613	0.00429	0.00491	0.00859
21	0.02462	0.01213	0.01537	0.01264	0.01712	0.01120	0.01012	0.06972	0.05520	0.34756	0.21307	0.04125	0.10973	0.01281	0.00852	0.00250	0.00571	0.01075	0.00902	0.01099
22	0.03558	0.01350	0.01840	0.01411	0.02024	0.01166	0.01166	0.03865	0.02270	0.67734	0.03128	0.02699	0.01963	0.00981	0.00797	0.00245	0.00675	0.00797	0.00981	0.01350
23	0.01735	0.01735	0.02429	0.02082	0.02082	0.02429	0.01735	0.01908	0.01214	0.01908	0.01041	0.01735	0.01041	0.01388	0.02602	0.00347	0.70680	0.00694	0.00347	0.00867
24	0.01153	0.00769	0.00865	0.00865	0.00865	0.00769	0.00480	0.01153	0.01153	0.01538	0.02499	0.05189	0.02883	0.72131	0.04036	0.00769	0.00769	0.01153	0.00480	0.00480
25	0.00966	0.00690	0.00920	0.01104	0.01150	0.00644	0.00736	0.01104	0.01518	0.02024	0.04371	0.71614	0.05245	0.02484	0.01012	0.00322	0.00460	0.02254	0.00736	0.00644
26	0.01590	0.04102	0.68023	0.02260	0.03432	0.01842	0.02930	0.02511	0.01674	0.02511	0.01423	0.01674	0.01005	0.00753	0.00753	0.00251	0.01172	0.00586	0.00335	0.01172
27	0.01735	0.01735	0.02429	0.02082	0.02082	0.02429	0.01735	0.01908	0.01214	0.01908	0.01041	0.01735	0.01041	0.01388	0.02602	0.00347	0.70680	0.00694	0.00347	0.00867
28	0.01242	0.00887	0.01237	0.01419	0.01586	0.00882	0.01215	0.01581	0.01790	0.02333	0.04218	0.16181	0.04642	0.02225	0.01086	0.00360	0.00699	0.54966	0.00731	0.00720
29	0.01355	0.01009	0.01069	0.00999	0.01329	0.00940	0.00767	0.01918	0.12912	0.08319	0.06755	0.06374	0.49804	0.01753	0.00902	0.00266	0.00466	0.01459	0.00771	0.00833
30	0.01153	0.00769	0.00865	0.00865	0.00865	0.00769	0.00480	0.01153	0.01153	0.01538	0.02499	0.05189	0.02883	0.72131	0.04036	0.00769	0.00769	0.01153	0.00480	0.00480
31	0.02078	0.02103	0.03107	0.04541	0.59710	0.09628	0.02330	0.02518	0.01857	0.02516	0.01461	0.01901	0.01229	0.00719	0.00777	0.00232	0.00998	0.00684	0.00394	0.01217

[dist]
# distance from previous block
# <min> <max>
0	12

[block]
# block no. 3 follows, 24 sequences, length 31
# corresponding to MSA columns:
# 216-246
name=unknown_D
#
# <colnr> <probs for GDERKNQSTAVLIFYWHMCP>
#	G	D	E	R	K	N	Q	S	T	A	V	L	I	F	Y	W	H	M	C	P
0	0.77733	0.01534	0.01166	0.01043	0.01534	0.01779	0.00859	0.02331	0.01350	0.03558	0.01104	0.01288	0.00859	0.00736	0.00491	0.00245	0.00613	0.00429	0.00491	0.00859
1	0.01972	0.01703	0.01793	0.01614	0.02062	0.01972	0.01255	0.04214	0.65752	0.03317	0.03228	0.02959	0.02421	0.01076	0.00807	0.00269	0.00628	0.00897	0.00807	0.01255
2	0.02113	0.02229	0.06254	0.03416	0.36430	0.12675	0.02008	0.07569	0.07532	0.02668	0.01686	0.02048	0.01379	0.01256	0.06985	0.00329	0.01108	0.00698	0.00463	0.01155
3	0.02332	0.02335	0.02627	0.17190	0.24750	0.19014	0.01969	0.15097	0.02261	0.02794	0.01490	0.01847	0.01174	0.00802	0.00771	0.00234	0.01076	0.00658	0.00469	0.01111
4	0.01498	0.01409	0.02378	0.70226	0.05462	0.01762	0.02202	0.02026	0.01586	0.02026	0.01409	0.02114	0.01057	0.00793	0.00793	0.00264	0.01057	0.00705	0.00352	0.00881
5	0.02745	0.02281	0.02215	0.01798	0.02358	0.10459	0.01447	0.41809	0.19210	0.04200	0.02155	0.02112	0.01579	0.00967	0.00787	0.00242	0.00879	0.00735	0.00750	0.01273
6	0.01498	0.01409	0.02378	0.70226	0.05462	0.01762	0.02202	0.02026	0.01586	0.02026	0.01409	0.02114	0.01057	0.00793	0.00793	0.00264	0.01057	0.00705	0.00352	0.00881
7	0.01217	0.01089	0.01640	0.01634	0.07552	0.01040	0.08616	0.01516	0.01777	0.02328	0.13414	0.16081	0.29026	0.01913	0.04257	0.00323	0.03664	0.01476	0.00651	0.00788
8	0.01834	0.02404	0.13245	0.03196	0.04048	0.01983	0.56005	0.02536	0.01845	0.02536	0.01580	0.02076	0.01176	0.00680	0.00911	0.00265	0.01315	0.00889	0.00392	0.01083
9	0.00964	0.00700	0.00909	0.01077	0.01143	0.00646	0.00724	0.01107	0.01545	0.02035	0.04704	0.65788	0.10855	0.02441	0.01005	0.00317	0.00455	0.02201	0.00736	0.00646
10	0.01590	0.04102	0.68023	0.02260	0.03432	0.01842	0.02930	0.02511	0.01674	0.02511	0.01423	0.01674	0.01005	0.00753	0.00753	0.00251	0.01172	0.00586	0.00335	0.01172
11	0.01925	0.02777	0.27084	0.06712	0.16175	0.01971	0.17534	0.11087	0.02029	0.02852	0.01547	0.01900	0.01153	0.00753	0.00812	0.00251	0.01119	0.00719	0.00427	0.01172
12	0.01688	0.03418	0.45963	0.02637	0.03680	0.01899	0.24304	0.02521	0.01743	0.02521	0.01486	0.01836	0.01074	0.00724	0.00817	0.00257	0.01229	0.00708	0.00358	0.01136
13	0.00937	0.00803	0.00803	0.00803	0.01071	0.00669	0.00602	0.01138	0.01807	0.02142	0.08033	0.07632	0.66863	0.02008	0.00937	0.00268	0.00402	0.01674	0.00736	0.00669
14	0.01590	0.04102	0.68023	0.02260	0.03432	0.01842	0.02930	0.02511	0.01674	0.02511	0.01423	0.01674	0.01005	0.00753	0.00753	0.00251	0.01172	0.00586	0.00335	0.01172
15	0.02497	0.09247	0.02917	0.02213	0.02670	0.34848	0.14145	0.02800	0.01945	0.05664	0.01365	0.01678	0.01113	0.00877	0.01055	0.00240	0.12696	0.00634	0.00422	0.00974
16	0.01522	0.01290	0.02044	0.02843	0.29117	0.01284	0.01688	0.01900	0.01774	0.02416	0.03085	0.14710	0.03268	0.01608	0.00953	0.00305	0.00782	0.27882	0.00589	0.00939
17	0.77733	0.01534	0.01166	0.01043	0.01534	0.01779	0.00859	0.02331	0.01350	0.03558	0.01104	0.01288	0.00859	0.00736	0.00491	0.00245	0.00613	0.00429	0.00491	0.00859
18	0.03558	0.01350	0.01840	0.01411	0.02024	0.01166	0.01166	0.03865	0.02270	0.67734	0.03128	0.02699	0.01963	0.00981	0.00797	0.00245	0.00675	0.00797	0.00981	0.01350
19	0.01735	0.01735	0.02429	0.02082	0.02082	0.02429	0.01735	0.01908	0.01214	0.01908	0.01041	0.01735	0.01041	0.01388	0.02602	0.00347	0.70680	0.00694	0.00347	0.00867
20	0.00966	0.00690	0.00920	0.01104	0.01150	0.00644	0.00736	0.01104	0.01518	0.02024	0.04371	0.71614	0.05245	0.02484	0.01012	0.00322	0.00460	0.02254	0.00736	0.00644
21	0.02962	0.03779	0.02247	0.02043	0.02451	0.68948	0.01532	0.03166	0.02247	0.01941	0.01226	0.01430	0.01021	0.00817	0.00715	0.00204	0.01430	0.00511	0.00409	0.00919
22	0.03558	0.01350	0.01840	0.01411	0.02024	0.01166	0.01166	0.03865	0.02270	0.67734	0.03128	0.02699	0.01963	0.00981	0.00797	0.00245	0.00675	0.00797	0.00981	0.01350
23	0.01133	0.00850	0.01274	0.01274	0.01416	0.00991	0.00991	0.01416	0.01274	0.01841	0.02124	0.03115	0.01982	0.05947	0.68989	0.01274	0.02124	0.00850	0.00425	0.00708
24	0.01972	0.01703	0.01793	0.01614	0.02062	0.01972	0.01255	0.04214	0.65752	0.03317	0.03228	0.02959	0.02421	0.01076	0.00807	0.00269	0.00628	0.00897	0.00807	0.01255
25	0.03145	0.01812	0.02102	0.01633	0.02242	0.01877	0.01342	0.33837	0.08770	0.30912	0.02533	0.02330	0.01701	0.00975	0.00796	0.00244	0.00768	0.00765	0.00873	0.01340
26	0.01498	0.01409	0.02378	0.70226	0.05462	0.01762	0.02202	0.02026	0.01586	0.02026	0.01409	0.02114	0.01057	0.00793	0.00793	0.00264	0.01057	0.00705	0.00352	0.00881
27	0.01590	0.04102	0.68023	0.02260	0.03432	0.01842	0.02930	0.02511	0.01674	0.02511	0.01423	0.01674	0.01005	0.00753	0.00753	0.00251	0.01172	0.00586	0.00335	0.01172
28	0.01872	0.02139	0.04679	0.03342	0.04144	0.02005	0.64305	0.02540	0.01872	0.02540	0.01604	0.02139	0.01203	0.00668	0.00936	0.00267	0.01337	0.00936	0.00401	0.01070
29	0.01972	0.01703	0.01793	0.01614	0.02062	0.01972	0.01255	0.04214	0.65752	0.03317	0.03228	0.02959	0.02421	0.01076	0.00807	0.00269	0.00628	0.00897	0.00807	0.01255
30	0.30189	0.01283	0.01335	0.01150	0.01556	0.01339	0.00920	0.07319	0.02036	0.14076	0.26600	0.03342	0.03612	0.01132	0.00736	0.00246	0.00553	0.00897	0.00742	0.00937

[dist]
# distance from previous block
# <min> <max>
0	24

[block]
# block no. 4 follows, 24 sequences, length 60
# corresponding to MSA columns:
# 271-330
name=unknown_E
#
# <colnr> <probs for GDERKNQSTAVLIFYWHMCP>
#	G	D	E	R	K	N	Q	S	T	A	V	L	I	F	Y	W	H	M	C	P
0	0.01133	0.00850	0.01274	0.01274	0.01416	0.00991	0.00991	0.01416	0.01274	0.01841	0.02124	0.03115	0.01982	0.05947	0.68989	0.01274	0.02124	0.00850	0.00425	0.00708
1	0.01214	0.00991	0.01648	0.01501	0.01715	0.01102	0.07935	0.01539	0.01340	0.01918	0.02067	0.03008	0.01897	0.05368	0.61526	0.01164	0.02038	0.00859	0.00422	0.00748
2	0.02817	0.01166	0.01508	0.01215	0.01688	0.01025	0.00972	0.03099	0.02057	0.47062	0.03548	0.03456	0.09156	0.06262	0.01016	0.00278	0.00611	0.00912	0.11022	0.01130
3	0.01674	0.01589	0.02696	0.45488	0.28823	0.01808	0.02290	0.02180	0.01669	0.02240	0.01441	0.02057	0.01132	0.00760	0.00790	0.00253	0.01014	0.00705	0.00368	0.01023
4	0.02025	0.00900	0.01029	0.00916	0.01213	0.00851	0.00715	0.02378	0.01823	0.19992	0.02729	0.02889	0.02014	0.00939	0.00618	0.00201	0.00450	0.00754	0.56664	0.00900
5	0.01258	0.00944	0.00945	0.00933	0.00957	0.04736	0.00542	0.01270	0.01217	0.01561	0.02425	0.04971	0.02775	0.67982	0.03843	0.00736	0.00807	0.01116	0.00476	0.00506
6	0.02518	0.02786	0.02686	0.03342	0.32823	0.34565	0.01940	0.02852	0.02041	0.05059	0.01432	0.01734	0.01172	0.00772	0.00751	0.00221	0.01169	0.00615	0.00426	0.01096
7	0.02156	0.12755	0.03299	0.05836	0.35844	0.15215	0.08875	0.02566	0.01863	0.02331	0.01391	0.01780	0.01162	0.00723	0.00747	0.00224	0.01071	0.00651	0.00387	0.01122
8	0.02120	0.72609	0.04155	0.01357	0.02035	0.03138	0.01357	0.02374	0.01611	0.01866	0.01102	0.01272	0.01018	0.00678	0.00509	0.00170	0.00848	0.00424	0.00339	0.01018
9	0.01041	0.00810	0.00951	0.00982	0.01168	0.00739	0.00711	0.01358	0.04576	0.02444	0.22957	0.26099	0.29272	0.02004	0.00954	0.00279	0.00421	0.01748	0.00777	0.00709
10	0.01849	0.01552	0.02014	0.01992	0.15401	0.01330	0.01294	0.04896	0.04529	0.05004	0.01585	0.01814	0.01280	0.00662	0.00654	0.00158	0.00677	0.00559	0.00500	0.52250
11	0.01608	0.01309	0.02501	0.02232	0.09336	0.01263	0.22317	0.01694	0.01400	0.01902	0.01466	0.02270	0.01305	0.01827	0.02116	0.42685	0.00935	0.00774	0.00369	0.00689
12	0.01568	0.00825	0.00835	0.00802	0.01013	0.00839	0.00610	0.05495	0.01783	0.03075	0.02547	0.02895	0.01993	0.00926	0.00568	0.00188	0.00399	0.00738	0.72127	0.00775
13	0.01364	0.01094	0.01266	0.01257	0.01528	0.01132	0.00990	0.02247	0.21312	0.02724	0.15722	0.11473	0.17719	0.01737	0.00939	0.00291	0.00544	0.15008	0.00780	0.00873
14	0.01788	0.29631	0.44222	0.01924	0.02912	0.02325	0.02344	0.02460	0.01651	0.02271	0.01304	0.01524	0.01009	0.00725	0.00662	0.00221	0.01051	0.00526	0.00336	0.01114
15	0.00966	0.00720	0.00900	0.01033	0.01134	0.00654	0.00707	0.01128	0.01613	0.02099	0.07788	0.54716	0.18969	0.02343	0.00992	0.00307	0.00444	0.02092	0.00742	0.00654
16	0.00966	0.00690	0.00920	0.01104	0.01150	0.00644	0.00736	0.01104	0.01518	0.02024	0.04371	0.71614	0.05245	0.02484	0.01012	0.00322	0.00460	0.02254	0.00736	0.00644
17	0.12890	0.02130	0.02219	0.01721	0.02337	0.02369	0.01422	0.56319	0.03414	0.04807	0.01798	0.01822	0.01284	0.00923	0.00753	0.00239	0.00838	0.00676	0.00753	0.01284
18	0.02120	0.72609	0.04155	0.01357	0.02035	0.03138	0.01357	0.02374	0.01611	0.01866	0.01102	0.01272	0.01018	0.00678	0.00509	0.00170	0.00848	0.00424	0.00339	0.01018
19	0.00937	0.00803	0.00803	0.00803	0.01071	0.00669	0.00602	0.01138	0.01807	0.02142	0.08033	0.07632	0.66863	0.02008	0.00937	0.00268	0.00402	0.01674	0.00736	0.00669
20	0.00963	0.00703	0.00907	0.01071	0.01141	0.00647	0.00721	0.01108	0.01550	0.02037	0.04772	0.64597	0.12002	0.02432	0.01004	0.00316	0.00454	0.02191	0.00736	0.00647
21	0.01742	0.01690	0.03062	0.02769	0.13659	0.01659	0.27871	0.06951	0.06555	0.02655	0.02454	0.20422	0.02375	0.01203	0.00910	0.00274	0.00953	0.01224	0.00547	0.01024
22	0.02962	0.03779	0.02247	0.02043	0.02451	0.68948	0.01532	0.03166	0.02247	0.01941	0.01226	0.01430	0.01021	0.00817	0.00715	0.00204	0.01430	0.00511	0.00409	0.00919
23	0.03014	0.02221	0.02380	0.01825	0.02459	0.02459	0.01507	0.64541	0.03728	0.04998	0.01904	0.01904	0.01349	0.00952	0.00793	0.00238	0.00873	0.00714	0.00793	0.01349
24	0.01458	0.01244	0.01676	0.04194	0.11194	0.01284	0.03211	0.02293	0.18677	0.02760	0.19220	0.15491	0.11106	0.01474	0.00888	0.00268	0.00595	0.01310	0.00715	0.00944
25	0.01022	0.00789	0.00852	0.00873	0.01036	0.00709	0.00602	0.01162	0.01580	0.01952	0.05850	0.11649	0.39439	0.24220	0.01929	0.00434	0.00536	0.04101	0.00655	0.00610
26	0.02034	0.54935	0.10094	0.01399	0.02071	0.02717	0.01432	0.04928	0.01712	0.02181	0.01331	0.01523	0.01141	0.00724	0.00550	0.00182	0.00829	0.00487	0.08714	0.01016
27	0.01759	0.02611	0.27815	0.02332	0.12423	0.01636	0.06383	0.06629	0.01846	0.02708	0.01691	0.01951	0.03277	0.00747	0.00731	0.00211	0.00933	0.00639	0.00432	0.23245
28	0.09957	0.19637	0.15144	0.01905	0.07079	0.09570	0.01695	0.13433	0.02097	0.07647	0.01606	0.04013	0.01288	0.00847	0.00685	0.00224	0.00935	0.00626	0.00506	0.01107
29	0.02359	0.01354	0.02139	0.01714	0.02158	0.01299	0.12244	0.02674	0.01906	0.31460	0.03248	0.17076	0.06936	0.01349	0.01058	0.00277	0.07772	0.01173	0.00747	0.01059
30	0.01099	0.00839	0.01032	0.01091	0.01302	0.00772	0.00879	0.01393	0.01896	0.02442	0.19122	0.10288	0.29522	0.02009	0.00996	0.00301	0.00515	0.23033	0.00763	0.00707
31	0.01745	0.10237	0.47962	0.02362	0.03390	0.04599	0.13816	0.02529	0.01726	0.02433	0.01418	0.01711	0.01042	0.00733	0.00762	0.00245	0.01181	0.00631	0.00350	0.01129
32	0.01942	0.01478	0.01846	0.01645	0.02024	0.08004	0.08092	0.02508	0.09161	0.13810	0.08699	0.07538	0.07036	0.01504	0.00930	0.00290	0.00788	0.21033	0.00726	0.00948
33	0.01590	0.04102	0.68023	0.02260	0.03432	0.01842	0.02930	0.02511	0.01674	0.02511	0.01423	0.01674	0.01005	0.00753	0.00753	0.00251	0.01172	0.00586	0.00335	0.01172
34	0.01928	0.01849	0.03157	0.09703	0.62618	0.01875	0.02417	0.02404	0.01789	0.02549	0.01486	0.01974	0.01241	0.00713	0.00786	0.00238	0.00951	0.00706	0.00390	0.01228
35	0.10007	0.01615	0.02170	0.07486	0.02210	0.02180	0.01584	0.01909	0.01255	0.02072	0.01186	0.01973	0.01159	0.06501	0.02328	0.00360	0.52094	0.00700	0.00373	0.00839
36	0.01122	0.00811	0.01060	0.00998	0.01185	0.00748	0.00748	0.01496	0.02245	0.03180	0.66766	0.05923	0.07482	0.01621	0.00935	0.00249	0.00374	0.01434	0.00873	0.00748
37	0.00958	0.00804	0.00831	0.00825	0.01084	0.00678	0.00618	0.01177	0.01855	0.02256	0.14474	0.07444	0.60351	0.01966	0.00937	0.00266	0.00399	0.01647	0.00751	0.00678
38	0.00966	0.00690	0.00920	0.01104	0.01150	0.00644	0.00736	0.01104	0.01518	0.02024	0.04371	0.71614	0.05245	0.02484	0.01012	0.00322	0.00460	0.02254	0.00736	0.00644
39	0.01498	0.01409	0.02378	0.70226	0.05462	0.01762	0.02202	0.02026	0.01586	0.02026	0.01409	0.02114	0.01057	0.00793	0.00793	0.00264	0.01057	0.00705	0.00352	0.00881
40	0.01590	0.04102	0.68023	0.02260	0.03432	0.01842	0.02930	0.02511	0.01674	0.02511	0.01423	0.01674	0.01005	0.00753	0.00753	0.00251	0.01172	0.00586	0.00335	0.01172
41	0.01278	0.00913	0.01278	0.01460	0.01643	0.00913	0.01278	0.01643	0.01825	0.02373	0.04199	0.08945	0.04564	0.02191	0.01095	0.00365	0.00730	0.61847	0.00730	0.00730
42	0.01590	0.04102	0.68023	0.02260	0.03432	0.01842	0.02930	0.02511	0.01674	0.02511	0.01423	0.01674	0.01005	0.00753	0.00753	0.00251	0.01172	0.00586	0.00335	0.01172
43	0.01590	0.04102	0.68023	0.02260	0.03432	0.01842	0.02930	0.02511	0.01674	0.02511	0.01423	0.01674	0.01005	0.00753	0.00753	0.00251	0.01172	0.00586	0.00335	0.01172
44	0.01109	0.00810	0.01041	0.00983	0.01176	0.00742	0.00737	0.01470	0.02212	0.03103	0.62421	0.06050	0.11875	0.01650	0.00935	0.00251	0.00376	0.01452	0.00863	0.00742
45	0.01747	0.03896	0.60824	0.02212	0.03325	0.01909	0.02774	0.09314	0.01899	0.02784	0.01476	0.01699	0.01042	0.00775	0.00758	0.00250	0.01139	0.00600	0.00385	0.01191
46	0.01929	0.01849	0.03157	0.09644	0.62673	0.01875	0.02417	0.02404	0.01790	0.02549	0.01486	0.01974	0.01242	0.00713	0.00786	0.00238	0.00950	0.00706	0.00390	0.01229
47	0.02637	0.02161	0.02941	0.02208	0.02873	0.02304	0.18004	0.43772	0.07829	0.04227	0.01923	0.02044	0.01390	0.00887	0.00832	0.00248	0.00977	0.00786	0.00691	0.01268
48	0.02039	0.01944	0.09389	0.02269	0.13692	0.01853	0.01680	0.03195	0.27122	0.09639	0.02277	0.02349	0.01729	0.00972	0.01027	0.00258	0.10390	0.00759	0.00612	0.06805
49	0.01776	0.28069	0.45678	0.01944	0.02943	0.02295	0.02380	0.02463	0.01652	0.02285	0.01311	0.01534	0.01009	0.00727	0.00668	0.00223	0.01059	0.00529	0.00336	0.01118
50	0.01590	0.04102	0.68023	0.02260	0.03432	0.01842	0.02930	0.02511	0.01674	0.02511	0.01423	0.01674	0.01005	0.00753	0.00753	0.00251	0.01172	0.00586	0.00335	0.01172
51	0.01088	0.00809	0.01013	0.00962	0.01164	0.00734	0.00721	0.01431	0.02164	0.02989	0.55980	0.06237	0.18387	0.01692	0.00936	0.00253	0.00379	0.01478	0.00848	0.00734
52	0.00948	0.00787	0.00829	0.00853	0.01087	0.00669	0.00627	0.01146	0.01782	0.02162	0.09603	0.16763	0.55892	0.02063	0.00948	0.00275	0.00409	0.01748	0.00741	0.00669
53	0.01153	0.00769	0.00865	0.00865	0.00865	0.00769	0.00480	0.01153	0.01153	0.01538	0.02499	0.05189	0.02883	0.72131	0.04036	0.00769	0.00769	0.01153	0.00480	0.00480
54	0.02120	0.72609	0.04155	0.01357	0.02035	0.03138	0.01357	0.02374	0.01611	0.01866	0.01102	0.01272	0.01018	0.00678	0.00509	0.00170	0.00848	0.00424	0.00339	0.01018
55	0.01662	0.09316	0.02747	0.49178	0.17830	0.01938	0.02157	0.02148	0.01634	0.02125	0.01393	0.01991	0.01094	0.00762	0.00760	0.00248	0.01010	0.00674	0.00359	0.00973
56	0.00966	0.00690	0.00920	0.01104	0.01150	0.00644	0.00736	0.01104	0.01518	0.02024	0.04371	0.71614	0.05245	0.02484	0.01012	0.00322	0.00460	0.02254	0.00736	0.00644
57	0.01735	0.01735	0.02429	0.02082	0.02082	0.02429	0.01735	0.01908	0.01214	0.01908	0.01041	0.01735	0.01041	0.01388	0.02602	0.00347	0.70680	0.00694	0.00347	0.00867
58	0.01427	0.01110	0.01492	0.09029	0.02137	0.01197	0.01375	0.02149	0.13350	0.02506	0.03717	0.07114	0.03792	0.01836	0.01010	0.00337	0.00748	0.44129	0.00703	0.00842
59	0.02158	0.01916	0.09063	0.01656	0.02207	0.01842	0.01426	0.03977	0.49605	0.12483	0.03015	0.02780	0.02200	0.01027	0.00800	0.00264	0.00694	0.00848	0.00780	0.01260

[dist]
# distance from previous block
# <min> <max>
0	12

[block]
# block no. 5 follows, 24 sequences, length 27
# corresponding to MSA columns:
# 344-370
name=unknown_F
#
# <colnr> <probs for GDERKNQSTAVLIFYWHMCP>
#	G	D	E	R	K	N	Q	S	T	A	V	L	I	F	Y	W	H	M	C	P
0	0.77733	0.01534	0.01166	0.01043	0.01534	0.01779	0.00859	0.02331	0.01350	0.03558	0.01104	0.01288	0.00859	0.00736	0.00491	0.00245	0.00613	0.00429	0.00491	0.00859
1	0.01874	0.01545	0.01767	0.01283	0.01976	0.01292	0.01035	0.12467	0.01993	0.02988	0.01492	0.01688	0.01204	0.00648	0.00622	0.00138	0.00635	0.00511	0.00524	0.64318
2	0.01819	0.01755	0.15418	0.01729	0.08504	0.01189	0.01458	0.02287	0.02007	0.15998	0.23905	0.03845	0.09287	0.01183	0.00831	0.00240	0.00676	0.01011	0.00695	0.06164
3	0.01590	0.04102	0.68023	0.02260	0.03432	0.01842	0.02930	0.02511	0.01674	0.02511	0.01423	0.01674	0.01005	0.00753	0.00753	0.00251	0.01172	0.00586	0.00335	0.01172
4	0.02962	0.03779	0.02247	0.02043	0.02451	0.68948	0.01532	0.03166	0.02247	0.01941	0.01226	0.01430	0.01021	0.00817	0.00715	0.00204	0.01430	0.00511	0.00409	0.00919
5	0.00958	0.00804	0.00832	0.00825	0.01084	0.00678	0.00619	0.01177	0.01856	0.02256	0.14489	0.07444	0.60336	0.01966	0.00937	0.00266	0.00399	0.01647	0.00751	0.00678
6	0.01707	0.01957	0.10212	0.17544	0.28733	0.01752	0.13974	0.02244	0.01729	0.02398	0.01778	0.09006	0.01578	0.00901	0.00835	0.00258	0.01018	0.00892	0.00414	0.01072
7	0.10256	0.03117	0.02219	0.04748	0.09560	0.47794	0.01570	0.03031	0.06383	0.02271	0.01385	0.01603	0.01127	0.00813	0.00709	0.00218	0.01226	0.00557	0.00440	0.00972
8	0.01242	0.00891	0.01204	0.01356	0.01526	0.00882	0.01152	0.01559	0.01757	0.02273	0.04287	0.08478	0.08612	0.09217	0.01381	0.00399	0.00712	0.51665	0.00705	0.00701
9	0.02024	0.02081	0.02912	0.13214	0.30317	0.11217	0.10009	0.02786	0.12490	0.02533	0.01746	0.02099	0.01382	0.00791	0.00799	0.00245	0.01025	0.00740	0.00459	0.01131
10	0.01551	0.01464	0.02474	0.62762	0.12510	0.01776	0.02229	0.02073	0.01611	0.02091	0.01419	0.02097	0.01080	0.00783	0.00792	0.00261	0.01044	0.00705	0.00357	0.00924
11	0.01871	0.03710	0.47530	0.02369	0.03363	0.11190	0.11446	0.04811	0.01855	0.02525	0.01439	0.01715	0.01047	0.00757	0.00776	0.00246	0.01221	0.00630	0.00371	0.01129
12	0.01831	0.30350	0.02774	0.01516	0.01890	0.02303	0.01325	0.06519	0.04359	0.02143	0.01528	0.02057	0.01399	0.04607	0.17206	0.00497	0.15701	0.00647	0.00419	0.00929
13	0.00954	0.00736	0.00872	0.00981	0.01118	0.00654	0.00681	0.01118	0.01637	0.02073	0.05870	0.45416	0.30474	0.02289	0.00981	0.00300	0.00436	0.02017	0.00736	0.00654
14	0.00997	0.00743	0.00929	0.01014	0.01142	0.00674	0.00710	0.01205	0.01754	0.02326	0.20087	0.42203	0.18965	0.02176	0.00978	0.00293	0.00427	0.01934	0.00769	0.00674
15	0.02327	0.48496	0.07730	0.01611	0.02244	0.21883	0.01509	0.02610	0.01797	0.01929	0.01158	0.01343	0.01018	0.00723	0.00584	0.00185	0.01035	0.00459	0.00359	0.00999
16	0.01133	0.00850	0.01274	0.01274	0.01416	0.00991	0.00991	0.01416	0.01274	0.01841	0.02124	0.03115	0.01982	0.05947	0.68989	0.01274	0.02124	0.00850	0.00425	0.00708
17	0.00950	0.00804	0.00822	0.00817	0.01079	0.00675	0.00613	0.01164	0.01839	0.02216	0.12213	0.07510	0.62637	0.01981	0.00937	0.00266	0.00400	0.01657	0.00746	0.00675
18	0.02274	0.02274	0.02932	0.12096	0.13881	0.19889	0.17931	0.02687	0.01925	0.09424	0.01675	0.02152	0.01323	0.04875	0.00995	0.00271	0.01153	0.00748	0.00463	0.01031
19	0.01842	0.01678	0.02442	0.35611	0.18511	0.04728	0.02005	0.02618	0.12712	0.05132	0.01793	0.02208	0.01373	0.00850	0.00847	0.00258	0.03139	0.00733	0.00468	0.01051
20	0.02962	0.03779	0.02247	0.02043	0.02451	0.68948	0.01532	0.03166	0.02247	0.01941	0.01226	0.01430	0.01021	0.00817	0.00715	0.00204	0.01430	0.00511	0.00409	0.00919
21	0.01133	0.00850	0.01274	0.01274	0.01416	0.00991	0.00991	0.01416	0.01274	0.01841	0.02124	0.03115	0.01982	0.05947	0.68989	0.01274	0.02124	0.00850	0.00425	0.00708
22	0.01915	0.01601	0.01699	0.01521	0.01944	0.01805	0.01182	0.10325	0.48150	0.03296	0.03643	0.07961	0.08980	0.01251	0.00832	0.00269	0.00620	0.01047	0.00794	0.01165
23	0.07335	0.01746	0.02006	0.01548	0.02165	0.01765	0.01272	0.29003	0.05434	0.28516	0.02331	0.02190	0.01582	0.00919	0.00757	0.00230	0.00743	0.00713	0.00816	0.08929
24	0.02178	0.49382	0.14602	0.01600	0.02341	0.06628	0.01648	0.09276	0.01891	0.02323	0.01252	0.01418	0.01052	0.00729	0.00593	0.00193	0.00939	0.00488	0.00392	0.01074
25	0.01544	0.01457	0.02463	0.63648	0.11674	0.01774	0.02226	0.02067	0.01608	0.02083	0.01418	0.02099	0.01077	0.00784	0.00792	0.00261	0.01046	0.00705	0.00356	0.00919
26	0.01261	0.00902	0.01254	0.01410	0.01593	0.00895	0.01220	0.01627	0.01872	0.02462	0.11076	0.08613	0.04885	0.02128	0.01078	0.00352	0.00691	0.55207	0.00746	0.00732

[dist]
# distance from previous block
# <min> <max>
0	12

[block]
# block no. 6 follows, 24 sequences, length 28
# corresponding to MSA columns:
# 383-410
name=unknown_G
#
# <colnr> <probs for GDERKNQSTAVLIFYWHMCP>
#	G	D	E	R	K	N	Q	S	T	A	V	L	I	F	Y	W	H	M	C	P
0	0.01140	0.00822	0.01085	0.01051	0.01237	0.00767	0.00809	0.01513	0.02196	0.03087	0.59559	0.06271	0.07146	0.01687	0.00954	0.00263	0.00415	0.08393	0.00856	0.00746
1	0.01020	0.00757	0.00902	0.00958	0.01082	0.00693	0.00654	0.01192	0.01660	0.02172	0.16109	0.30039	0.22265	0.15002	0.01534	0.00376	0.00485	0.01746	0.00713	0.00640
2	0.01969	0.00906	0.01084	0.00983	0.01270	0.00846	0.00756	0.02295	0.01850	0.20703	0.07025	0.10983	0.02730	0.01164	0.00698	0.00221	0.00464	0.00974	0.42182	0.00897
3	0.23983	0.01321	0.01534	0.01253	0.01767	0.01295	0.01026	0.03110	0.01894	0.40317	0.02447	0.02354	0.01660	0.01300	0.06069	0.00322	0.00752	0.00695	0.05780	0.01121
4	0.01793	0.00959	0.01275	0.01111	0.01416	0.00863	0.00863	0.02149	0.02252	0.20958	0.49241	0.05035	0.05962	0.01445	0.00897	0.00248	0.00457	0.01259	0.00903	0.00914
5	0.77733	0.01534	0.01166	0.01043	0.01534	0.01779	0.00859	0.02331	0.01350	0.03558	0.01104	0.01288	0.00859	0.00736	0.00491	0.00245	0.00613	0.00429	0.00491	0.00859
6	0.02525	0.32187	0.03012	0.01680	0.02239	0.31611	0.01416	0.07592	0.02057	0.02195	0.01240	0.01416	0.01056	0.00754	0.00626	0.00187	0.01086	0.00488	0.00414	0.06219
7	0.01110	0.01053	0.06254	0.01056	0.01307	0.00811	0.00866	0.01437	0.01946	0.02664	0.38231	0.12018	0.18261	0.08032	0.01207	0.00307	0.00486	0.01467	0.00755	0.00732
8	0.02039	0.40415	0.21158	0.02026	0.09146	0.08773	0.01909	0.02491	0.01707	0.02122	0.01241	0.01466	0.01039	0.00714	0.00623	0.00202	0.00999	0.00505	0.00350	0.01075
9	0.01735	0.01735	0.02429	0.02082	0.02082	0.02429	0.01735	0.01908	0.01214	0.01908	0.01041	0.01735	0.01041	0.01388	0.02602	0.00347	0.70680	0.00694	0.00347	0.00867
10	0.02238	0.27957	0.10489	0.06971	0.13958	0.07128	0.03804	0.09693	0.01990	0.06654	0.01473	0.01698	0.01165	0.00760	0.00683	0.00215	0.00964	0.00590	0.00449	0.01121
11	0.01966	0.02865	0.27932	0.07781	0.24823	0.05957	0.04715	0.09637	0.01990	0.02758	0.01495	0.01830	0.01140	0.00764	0.00776	0.00243	0.01074	0.00658	0.00415	0.01182
12	0.01034	0.00753	0.00883	0.00942	0.01037	0.00700	0.00618	0.01157	0.01518	0.01972	0.09138	0.28861	0.19615	0.25820	0.02009	0.00454	0.00544	0.01682	0.00660	0.00603
13	0.01299	0.01018	0.01378	0.01501	0.08870	0.00994	0.00990	0.01860	0.08173	0.03125	0.53265	0.05188	0.06289	0.01464	0.00906	0.00250	0.00463	0.01300	0.00811	0.00854
14	0.02556	0.07022	0.08202	0.02651	0.17795	0.09512	0.10581	0.04824	0.03874	0.22131	0.01999	0.02103	0.01433	0.00816	0.00781	0.00237	0.00975	0.00720	0.00588	0.01198
15	0.01140	0.05948	0.01315	0.01207	0.01323	0.01030	0.00893	0.01305	0.01535	0.02026	0.04188	0.49400	0.11556	0.02170	0.01145	0.00309	0.08209	0.03932	0.00665	0.00701
16	0.02670	0.01153	0.01556	0.01260	0.01718	0.01013	0.01013	0.03001	0.02261	0.44190	0.26338	0.03875	0.03976	0.01215	0.00848	0.00247	0.00565	0.01030	0.00942	0.01130
17	0.01721	0.03853	0.56054	0.02369	0.03444	0.06640	0.09887	0.02561	0.01738	0.02474	0.01430	0.01710	0.01029	0.00748	0.00772	0.00250	0.01209	0.00621	0.00348	0.01142
18	0.01959	0.02024	0.05944	0.03506	0.35565	0.06099	0.09759	0.02733	0.13703	0.02591	0.01801	0.02154	0.01448	0.00921	0.00961	0.05513	0.00957	0.00751	0.00466	0.01145
19	0.01826	0.01962	0.06191	0.01883	0.02082	0.10287	0.01595	0.06289	0.01557	0.02146	0.01399	0.02026	0.01277	0.02309	0.17579	0.00532	0.37068	0.00702	0.00403	0.00889
20	0.01135	0.00768	0.00902	0.00942	0.00962	0.00761	0.00574	0.01181	0.01254	0.01668	0.02891	0.15069	0.03344	0.57071	0.03389	0.00675	0.00721	0.05636	0.00535	0.00522
21	0.11436	0.01644	0.01803	0.01443	0.01963	0.01732	0.01175	0.30572	0.02697	0.19673	0.02324	0.05429	0.01722	0.01002	0.00735	0.00237	0.00703	0.00777	0.11762	0.01171
22	0.10096	0.02434	0.02161	0.01860	0.02308	0.25630	0.06289	0.03349	0.23375	0.06961	0.02029	0.02088	0.01552	0.00932	0.00867	0.00247	0.05480	0.00696	0.00584	0.01063
23	0.01141	0.09053	0.01304	0.01029	0.01263	0.00979	0.00798	0.01377	0.01799	0.02308	0.18121	0.23696	0.26638	0.01914	0.00918	0.00273	0.00484	0.05464	0.00718	0.00723
24	0.01855	0.01613	0.02169	0.06884	0.13461	0.01447	0.03829	0.09299	0.01917	0.02822	0.01488	0.01782	0.01201	0.00667	0.00673	0.00168	0.00744	0.00573	0.00483	0.46925
25	0.02016	0.01948	0.02648	0.07276	0.13017	0.09409	0.13812	0.11160	0.02146	0.02875	0.09025	0.02330	0.01917	0.00834	0.00786	0.00218	0.00937	0.00766	0.00521	0.16359
26	0.18766	0.01930	0.02275	0.02034	0.09440	0.09412	0.09140	0.09383	0.02028	0.14154	0.01704	0.01848	0.01255	0.00776	0.00705	0.00222	0.00868	0.00632	0.00573	0.12855
27	0.02207	0.11244	0.05779	0.02651	0.22079	0.02150	0.01774	0.17671	0.08932	0.05206	0.05511	0.02183	0.01723	0.00919	0.00904	0.00242	0.06344	0.00730	0.00567	0.01186

[dist]
# distance from previous block
# <min> <max>
2	19

[block]
# block no. 7 follows, 24 sequences, length 31
# corresponding to MSA columns:
# 445-461,463-476
name=unknown_H
#
# <colnr> <probs for GDERKNQSTAVLIFYWHMCP>
#	G	D	E	R	K	N	Q	S	T	A	V	L	I	F	Y	W	H	M	C	P
0	0.01087	0.00829	0.01130	0.06805	0.03433	0.00809	0.00894	0.01318	0.01693	0.02268	0.17012	0.39067	0.10813	0.06189	0.01146	0.00322	0.00525	0.03257	0.00707	0.00697
1	0.02036	0.18358	0.06028	0.01685	0.04419	0.18045	0.02836	0.02408	0.03417	0.02243	0.03985	0.01985	0.03773	0.00961	0.02718	0.00220	0.02974	0.00602	0.00442	0.20866
2	0.01535	0.07907	0.20516	0.01769	0.05946	0.03583	0.01599	0.02258	0.12019	0.02355	0.02677	0.23733	0.02699	0.06541	0.01062	0.00305	0.00802	0.01185	0.00552	0.00956
3	0.01533	0.02639	0.34842	0.01677	0.02447	0.01476	0.01896	0.08923	0.01985	0.02745	0.08709	0.03674	0.19517	0.01184	0.00818	0.00250	0.00845	0.00963	0.00544	0.03333
4	0.02083	0.02173	0.02796	0.03867	0.46092	0.16074	0.02081	0.02477	0.01841	0.02369	0.01505	0.01977	0.01287	0.01312	0.08341	0.00344	0.01177	0.00681	0.00400	0.01123
5	0.01936	0.01582	0.01801	0.01313	0.02003	0.01356	0.01061	0.15323	0.02088	0.03098	0.01515	0.01700	0.01212	0.00665	0.00631	0.00143	0.00648	0.00522	0.00539	0.60865
6	0.01503	0.16322	0.02178	0.01677	0.08815	0.01561	0.04744	0.01712	0.01392	0.01856	0.01919	0.03292	0.01969	0.29093	0.16225	0.00646	0.03041	0.00860	0.00421	0.00773
7	0.01326	0.01006	0.01366	0.01718	0.14995	0.01006	0.00897	0.01426	0.01292	0.01762	0.02284	0.04502	0.02536	0.56913	0.03343	0.00655	0.00806	0.01058	0.00462	0.00646
8	0.10153	0.01496	0.01203	0.01127	0.01394	0.15390	0.00854	0.02078	0.01925	0.02873	0.21147	0.03325	0.03301	0.01087	0.00694	0.00215	0.00624	0.00862	0.29457	0.00793
9	0.61540	0.01576	0.01435	0.01264	0.01650	0.01917	0.01045	0.02241	0.01321	0.03206	0.01091	0.01383	0.00898	0.00875	0.00941	0.00267	0.15542	0.00486	0.00460	0.00861
10	0.02723	0.02048	0.02223	0.01686	0.02336	0.02160	0.01386	0.51215	0.03284	0.04483	0.01799	0.01849	0.01311	0.00874	0.00749	0.00212	0.00812	0.00662	0.00724	0.17463
