[name]
unknown

[dist]
# distance from previous block
# <min> <max>
1	185

[block]
# block no. 0 follows, 27 sequences, length 42
# corresponding to MSA columns:
# 191-232
name=unknown_A
#
# <colnr> <probs for GDERKNQSTAVLIFYWHMCP>
#	G	D	E	R	K	N	Q	S	T	A	V	L	I	F	Y	W	H	M	C	P
0	0.25885	0.02176	0.17957	0.04717	0.02240	0.06862	0.01504	0.09531	0.06972	0.05381	0.01739	0.04530	0.01439	0.00906	0.00668	0.00240	0.00809	0.04974	0.00508	0.00961
1	0.14134	0.05142	0.01492	0.01232	0.01570	0.05435	0.00976	0.09209	0.07221	0.11153	0.02517	0.03724	0.04698	0.16754	0.01383	0.00349	0.00706	0.10848	0.00604	0.00852
2	0.21861	0.06792	0.02216	0.01663	0.02177	0.09289	0.12914	0.05296	0.16193	0.09235	0.04090	0.02001	0.01536	0.00810	0.00676	0.00229	0.00805	0.00666	0.00558	0.00995
3	0.10386	0.02042	0.01910	0.11939	0.02471	0.17854	0.01352	0.22900	0.04596	0.07923	0.07878	0.02086	0.01715	0.00883	0.00709	0.00222	0.00874	0.00669	0.00589	0.01001
4	0.05029	0.01577	0.01559	0.01322	0.01699	0.11506	0.01032	0.14046	0.05692	0.16903	0.23272	0.03275	0.03277	0.05360	0.00943	0.00254	0.00681	0.00893	0.00723	0.00956
5	0.39521	0.01717	0.01959	0.01532	0.02087	0.01863	0.10684	0.22683	0.02056	0.03570	0.01355	0.01523	0.01012	0.00737	0.00615	0.00224	0.00750	0.00558	0.00536	0.05018
6	0.05571	0.01391	0.01268	0.01228	0.01470	0.12098	0.00906	0.11815	0.01896	0.02417	0.03690	0.35462	0.14532	0.01689	0.00833	0.00259	0.00634	0.01440	0.00637	0.00763
7	0.02305	0.02613	0.02992	0.02475	0.06795	0.30448	0.25514	0.10007	0.05098	0.02443	0.01450	0.01728	0.01126	0.00733	0.00762	0.00221	0.01186	0.00674	0.00437	0.00991
8	0.01677	0.01600	0.02723	0.29495	0.45597	0.01722	0.02198	0.02137	0.01614	0.02230	0.01368	0.01890	0.01107	0.00691	0.00738	0.00230	0.00922	0.00661	0.00354	0.01046
9	0.01395	0.01356	0.01259	0.01218	0.01403	0.15606	0.00907	0.01594	0.01447	0.01746	0.02738	0.03539	0.12414	0.14032	0.35165	0.00763	0.01410	0.00892	0.00448	0.00667
10	0.01837	0.01764	0.03013	0.04557	0.69279	0.01764	0.02278	0.02278	0.01690	0.02425	0.01396	0.01837	0.01176	0.00661	0.00735	0.00220	0.00882	0.00661	0.00367	0.01176
11	0.00927	0.00706	0.00805	0.00870	0.00994	0.00636	0.00590	0.01056	0.01471	0.01855	0.05221	0.31865	0.31889	0.15925	0.01463	0.00360	0.00463	0.01679	0.00643	0.00584
12	0.01051	0.00759	0.00992	0.00934	0.01109	0.00700	0.00700	0.01401	0.02101	0.02977	0.68888	0.05545	0.07005	0.01518	0.00876	0.00233	0.00350	0.01343	0.00817	0.00700
13	0.01005	0.00688	0.00832	0.00905	0.00924	0.00670	0.00552	0.01060	0.01226	0.01634	0.03089	0.34188	0.03645	0.43290	0.02568	0.00541	0.00596	0.01521	0.00552	0.00515
14	0.00904	0.00646	0.00861	0.01034	0.01077	0.00603	0.00689	0.01034	0.01421	0.01895	0.04092	0.73426	0.04910	0.02326	0.00948	0.00301	0.00431	0.02110	0.00689	0.00603
15	0.79154	0.01436	0.01091	0.00976	0.01436	0.01665	0.00804	0.02182	0.01263	0.03331	0.01034	0.01206	0.00804	0.00689	0.00459	0.00230	0.00574	0.00402	0.00459	0.00804
16	0.01489	0.03840	0.70064	0.02116	0.03213	0.01724	0.02743	0.02351	0.01567	0.02351	0.01332	0.01567	0.00940	0.00705	0.00705	0.00235	0.01097	0.00549	0.00313	0.01097
17	0.01752	0.02003	0.04380	0.03129	0.03880	0.01877	0.66583	0.02378	0.01752	0.02378	0.01502	0.02003	0.01126	0.00626	0.00876	0.00250	0.01252	0.00876	0.00375	0.01001
18	0.03031	0.01963	0.01994	0.01576	0.02128	0.12649	0.01279	0.29844	0.02691	0.31902	0.02169	0.02029	0.01458	0.00883	0.00733	0.00221	0.00821	0.00671	0.00761	0.01199
19	0.01761	0.01075	0.01327	0.01152	0.01475	0.01058	0.00900	0.06109	0.12608	0.17182	0.40621	0.04249	0.04829	0.01274	0.00822	0.00235	0.00475	0.01098	0.00824	0.00927
20	0.79154	0.01436	0.01091	0.00976	0.01436	0.01665	0.00804	0.02182	0.01263	0.03331	0.01034	0.01206	0.00804	0.00689	0.00459	0.00230	0.00574	0.00402	0.00459	0.00804
21	0.01837	0.01764	0.03013	0.04557	0.69279	0.01764	0.02278	0.02278	0.01690	0.02425	0.01396	0.01837	0.01176	0.00661	0.00735	0.00220	0.00882	0.00661	0.00367	0.01176
22	0.01846	0.01595	0.01679	0.01511	0.01930	0.01846	0.01175	0.03945	0.67938	0.03105	0.03022	0.02770	0.02266	0.01007	0.00755	0.00252	0.00588	0.00839	0.00755	0.01175
23	0.02822	0.02079	0.02228	0.01708	0.02302	0.02302	0.01411	0.66804	0.03490	0.04679	0.01782	0.01782	0.01262	0.00891	0.00743	0.00223	0.00817	0.00668	0.00743	0.01262
24	0.00877	0.00752	0.00752	0.00752	0.01003	0.00627	0.00564	0.01065	0.01692	0.02005	0.07520	0.07144	0.68978	0.01880	0.00877	0.00251	0.00376	0.01567	0.00689	0.00627
25	0.00952	0.00755	0.00855	0.00830	0.01048	0.00658	0.00622	0.01209	0.01867	0.02421	0.33771	0.06460	0.42469	0.01725	0.00877	0.00243	0.00365	0.01471	0.00744	0.00658
26	0.01846	0.01595	0.01679	0.01511	0.01930	0.01846	0.01175	0.03945	0.67938	0.03105	0.03022	0.02770	0.02266	0.01007	0.00755	0.00252	0.00588	0.00839	0.00755	0.01175
27	0.01402	0.01319	0.02227	0.72126	0.05113	0.01649	0.02062	0.01897	0.01484	0.01897	0.01319	0.01979	0.00990	0.00742	0.00742	0.00247	0.00990	0.00660	0.00330	0.00825
28	0.01080	0.00720	0.00810	0.00810	0.00810	0.00720	0.00450	0.01080	0.01080	0.01439	0.02339	0.04858	0.02699	0.73910	0.03779	0.00720	0.00720	0.01080	0.00450	0.00450
29	0.01143	0.00819	0.01121	0.01207	0.01380	0.00798	0.01013	0.01487	0.01854	0.02500	0.27905	0.07330	0.05281	0.01854	0.00970	0.00302	0.00561	0.41053	0.00733	0.00690
30	0.01061	0.00795	0.01193	0.01193	0.01326	0.00928	0.00928	0.01326	0.01193	0.01723	0.01988	0.02916	0.01856	0.05568	0.70968	0.01193	0.01988	0.00795	0.00398	0.00663
31	0.01985	0.74357	0.03890	0.01270	0.01905	0.02937	0.01270	0.02223	0.01508	0.01747	0.01032	0.01191	0.00953	0.00635	0.00476	0.00159	0.00794	0.00397	0.00318	0.00953
32	0.01764	0.01606	0.01898	0.01673	0.01937	0.02004	0.01341	0.03148	0.43284	0.02619	0.02266	0.02347	0.01789	0.01115	0.01376	0.00279	0.27148	0.00769	0.00596	0.01041
33	0.01077	0.00732	0.00871	0.00871	0.00892	0.00753	0.00526	0.01119	0.01098	0.01485	0.02283	0.04550	0.02565	0.63059	0.14447	0.00795	0.00921	0.01034	0.00442	0.00484
34	0.01557	0.40602	0.08954	0.01187	0.01711	0.01983	0.01169	0.01861	0.01646	0.02052	0.13167	0.03170	0.16250	0.01044	0.00645	0.00197	0.00664	0.00807	0.00475	0.00858
35	0.02323	0.02567	0.01908	0.01591	0.02098	0.37972	0.01227	0.09206	0.02040	0.02337	0.01277	0.01459	0.01041	0.00699	0.00633	0.00165	0.00993	0.00484	0.00441	0.29538
36	0.02882	0.02496	0.01919	0.01652	0.02109	0.37962	0.01281	0.03308	0.08965	0.27039	0.02000	0.01926	0.01418	0.00847	0.00707	0.00212	0.01000	0.00615	0.00619	0.01042
37	0.01061	0.00795	0.01193	0.01193	0.01326	0.00928	0.00928	0.01326	0.01193	0.01723	0.01988	0.02916	0.01856	0.05568	0.70968	0.01193	0.01988	0.00795	0.00398	0.00663
38	0.02335	0.01730	0.03400	0.02462	0.03147	0.01587	0.42412	0.02836	0.01890	0.27259	0.02029	0.02196	0.01389	0.00734	0.00828	0.00243	0.01023	0.00828	0.00576	0.01098
39	0.03239	0.01411	0.01814	0.01391	0.01969	0.01310	0.01149	0.15030	0.02371	0.58033	0.02722	0.02392	0.01734	0.00914	0.00746	0.00228	0.00665	0.00732	0.00887	0.01263
40	0.01846	0.01595	0.01679	0.01511	0.01930	0.01846	0.01175	0.03945	0.67938	0.03105	0.03022	0.02770	0.02266	0.01007	0.00755	0.00252	0.00588	0.00839	0.00755	0.01175
41	0.00877	0.00752	0.00752	0.00752	0.01003	0.00627	0.00564	0.01065	0.01692	0.02005	0.07520	0.07144	0.68978	0.01880	0.00877	0.00251	0.00376	0.01567	0.00689	0.00627

[dist]
# distance from previous block
# <min> <max>
0	16

[block]
# block no. 1 follows, 27 sequences, length 118
# corresponding to MSA columns:
# 249-307,325-352,355-385
name=unknown_B
#
# <colnr> <probs for GDERKNQSTAVLIFYWHMCP>
#	G	D	E	R	K	N	Q	S	T	A	V	L	I	F	Y	W	H	M	C	P
0	0.79154	0.01436	0.01091	0.00976	0.01436	0.01665	0.00804	0.02182	0.01263	0.03331	0.01034	0.01206	0.00804	0.00689	0.00459	0.00230	0.00574	0.00402	0.00459	0.00804
1	0.00877	0.00752	0.00752	0.00752	0.01003	0.00627	0.00564	0.01065	0.01692	0.02005	0.07520	0.07144	0.68978	0.01880	0.00877	0.00251	0.00376	0.01567	0.00689	0.00627
2	0.01985	0.74357	0.03890	0.01270	0.01905	0.02937	0.01270	0.02223	0.01508	0.01747	0.01032	0.01191	0.00953	0.00635	0.00476	0.00159	0.00794	0.00397	0.00318	0.00953
3	0.01080	0.00720	0.00810	0.00810	0.00810	0.00720	0.00450	0.01080	0.01080	0.01439	0.02339	0.04858	0.02699	0.73910	0.03779	0.00720	0.00720	0.01080	0.00450	0.00450
4	0.00904	0.00646	0.00861	0.01034	0.01077	0.00603	0.00689	0.01034	0.01421	0.01895	0.04092	0.73426	0.04910	0.02326	0.00948	0.00301	0.00431	0.02110	0.00689	0.00603
5	0.02822	0.02079	0.02228	0.01708	0.02302	0.02302	0.01411	0.66804	0.03490	0.04679	0.01782	0.01782	0.01262	0.00891	0.00743	0.00223	0.00817	0.00668	0.00743	0.01262
6	0.01837	0.01764	0.03013	0.04557	0.69279	0.01764	0.02278	0.02278	0.01690	0.02425	0.01396	0.01837	0.01176	0.00661	0.00735	0.00220	0.00882	0.00661	0.00367	0.01176
7	0.01607	0.01343	0.01472	0.01337	0.01683	0.01502	0.01032	0.03179	0.48123	0.03067	0.22846	0.03605	0.03692	0.01161	0.00792	0.00246	0.00516	0.00991	0.00774	0.01032
8	0.00959	0.00697	0.00904	0.00976	0.01084	0.00642	0.00685	0.01177	0.01701	0.02318	0.29199	0.42837	0.10095	0.01985	0.00915	0.00272	0.00396	0.01778	0.00738	0.00642
9	0.01417	0.01171	0.01451	0.01364	0.01610	0.01380	0.01066	0.02441	0.29025	0.02303	0.02368	0.02789	0.01982	0.03449	0.38199	0.00756	0.04996	0.00806	0.00543	0.00884
10	0.01074	0.00717	0.00951	0.01011	0.01128	0.00662	0.00712	0.01293	0.01706	0.05531	0.27969	0.44974	0.05537	0.01960	0.00911	0.00273	0.00411	0.01762	0.00747	0.00670
11	0.02014	0.16647	0.29441	0.02038	0.07152	0.23189	0.01970	0.02577	0.04508	0.02111	0.01295	0.01496	0.01019	0.00720	0.00656	0.00207	0.01079	0.00519	0.00358	0.01006
12	0.17865	0.27836	0.18532	0.01890	0.06993	0.02165	0.10779	0.02270	0.01518	0.02350	0.01192	0.01439	0.00959	0.00663	0.00599	0.00208	0.00888	0.00518	0.00358	0.00977
13	0.16059	0.01507	0.02237	0.31748	0.25384	0.01704	0.01838	0.02216	0.06055	0.02421	0.01408	0.01842	0.01104	0.00724	0.00688	0.00236	0.00849	0.00625	0.00396	0.00961
14	0.01783	0.01571	0.01837	0.01545	0.02032	0.01689	0.05592	0.03451	0.51044	0.02928	0.02601	0.02488	0.01971	0.00896	0.00725	0.00225	0.00626	0.00767	0.00671	0.15557
15	0.01072	0.00784	0.01028	0.01072	0.01245	0.00739	0.00858	0.01387	0.01873	0.02533	0.35065	0.11349	0.12721	0.01799	0.00933	0.00278	0.00475	0.23364	0.00748	0.00680
16	0.01402	0.01319	0.02227	0.72126	0.05113	0.01649	0.02062	0.01897	0.01484	0.01897	0.01319	0.01979	0.00990	0.00742	0.00742	0.00247	0.00990	0.00660	0.00330	0.00825
17	0.00904	0.00646	0.00861	0.01034	0.01077	0.00603	0.00689	0.01034	0.01421	0.01895	0.04092	0.73426	0.04910	0.02326	0.00948	0.00301	0.00431	0.02110	0.00689	0.00603
18	0.01752	0.02003	0.04380	0.03129	0.03880	0.01877	0.66583	0.02378	0.01752	0.02378	0.01502	0.02003	0.01126	0.00626	0.00876	0.00250	0.01252	0.00876	0.00375	0.01001
19	0.00904	0.00646	0.00861	0.01034	0.01077	0.00603	0.00689	0.01034	0.01421	0.01895	0.04092	0.73426	0.04910	0.02326	0.00948	0.00301	0.00431	0.02110	0.00689	0.00603
20	0.01289	0.00645	0.00967	0.00967	0.00967	0.00645	0.00645	0.00967	0.00967	0.01289	0.01289	0.02257	0.01289	0.02579	0.02901	0.78401	0.00645	0.00645	0.00322	0.00322
21	0.01985	0.74357	0.03890	0.01270	0.01905	0.02937	0.01270	0.02223	0.01508	0.01747	0.01032	0.01191	0.00953	0.00635	0.00476	0.00159	0.00794	0.00397	0.00318	0.00953
22	0.01846	0.01595	0.01679	0.01511	0.01930	0.01846	0.01175	0.03945	0.67938	0.03105	0.03022	0.02770	0.02266	0.01007	0.00755	0.00252	0.00588	0.00839	0.00755	0.01175
23	0.03331	0.01263	0.01723	0.01321	0.01895	0.01091	0.01091	0.03618	0.02125	0.69794	0.02929	0.02527	0.01838	0.00919	0.00747	0.00230	0.00632	0.00747	0.00919	0.01263
24	0.79154	0.01436	0.01091	0.00976	0.01436	0.01665	0.00804	0.02182	0.01263	0.03331	0.01034	0.01206	0.00804	0.00689	0.00459	0.00230	0.00574	0.00402	0.00459	0.00804
25	0.01752	0.02003	0.04380	0.03129	0.03880	0.01877	0.66583	0.02378	0.01752	0.02378	0.01502	0.02003	0.01126	0.00626	0.00876	0.00250	0.01252	0.00876	0.00375	0.01001
26	0.01489	0.03840	0.70064	0.02116	0.03213	0.01724	0.02743	0.02351	0.01567	0.02351	0.01332	0.01567	0.00940	0.00705	0.00705	0.00235	0.01097	0.00549	0.00313	0.01097
27	0.01402	0.01319	0.02227	0.72126	0.05113	0.01649	0.02062	0.01897	0.01484	0.01897	0.01319	0.01979	0.00990	0.00742	0.00742	0.00247	0.00990	0.00660	0.00330	0.00825
28	0.01080	0.00720	0.00810	0.00810	0.00810	0.00720	0.00450	0.01080	0.01080	0.01439	0.02339	0.04858	0.02699	0.73910	0.03779	0.00720	0.00720	0.01080	0.00450	0.00450
29	0.01402	0.01319	0.02227	0.72126	0.05113	0.01649	0.02062	0.01897	0.01484	0.01897	0.01319	0.01979	0.00990	0.00742	0.00742	0.00247	0.00990	0.00660	0.00330	0.00825
30	0.02666	0.02002	0.02140	0.01676	0.02243	0.02229	0.01373	0.56737	0.13811	0.04427	0.01981	0.01940	0.01423	0.00910	0.00745	0.00227	0.00780	0.00696	0.00745	0.01248
31	0.00904	0.00646	0.00861	0.01034	0.01077	0.00603	0.00689	0.01034	0.01421	0.01895	0.04092	0.73426	0.04910	0.02326	0.00948	0.00301	0.00431	0.02110	0.00689	0.00603
32	0.01010	0.00795	0.00937	0.01009	0.01226	0.00722	0.00828	0.01263	0.01699	0.02096	0.06023	0.07657	0.41994	0.01951	0.00939	0.00289	0.00504	0.27721	0.00687	0.00650
33	0.01539	0.01319	0.01539	0.01100	0.01759	0.00990	0.00880	0.01869	0.01539	0.02419	0.01319	0.01539	0.01100	0.00550	0.00550	0.00110	0.00550	0.00440	0.00440	0.78449
34	0.02822	0.02079	0.02228	0.01708	0.02302	0.02302	0.01411	0.66804	0.03490	0.04679	0.01782	0.01782	0.01262	0.00891	0.00743	0.00223	0.00817	0.00668	0.00743	0.01262
35	0.01061	0.00795	0.01193	0.01193	0.01326	0.00928	0.00928	0.01326	0.01193	0.01723	0.01988	0.02916	0.01856	0.05568	0.70968	0.01193	0.01988	0.00795	0.00398	0.00663
36	0.00877	0.00752	0.00752	0.00752	0.01003	0.00627	0.00564	0.01065	0.01692	0.02005	0.07520	0.07144	0.68978	0.01880	0.00877	0.00251	0.00376	0.01567	0.00689	0.00627
37	0.01402	0.01319	0.02227	0.72126	0.05113	0.01649	0.02062	0.01897	0.01484	0.01897	0.01319	0.01979	0.00990	0.00742	0.00742	0.00247	0.00990	0.00660	0.00330	0.00825
38	0.01985	0.74357	0.03890	0.01270	0.01905	0.02937	0.01270	0.02223	0.01508	0.01747	0.01032	0.01191	0.00953	0.00635	0.00476	0.00159	0.00794	0.00397	0.00318	0.00953
39	0.02822	0.02079	0.02228	0.01708	0.02302	0.02302	0.01411	0.66804	0.03490	0.04679	0.01782	0.01782	0.01262	0.00891	0.00743	0.00223	0.00817	0.00668	0.00743	0.01262
40	0.02917	0.01927	0.02134	0.01636	0.02226	0.02077	0.01351	0.55034	0.03236	0.16808	0.01996	0.01921	0.01370	0.00896	0.00743	0.00224	0.00782	0.00683	0.00775	0.01263
41	0.02932	0.01306	0.01689	0.01320	0.01840	0.01206	0.01080	0.12199	0.02314	0.51046	0.12221	0.02855	0.02497	0.01001	0.00764	0.00229	0.00617	0.00821	0.00879	0.01183
42	0.03331	0.01263	0.01723	0.01321	0.01895	0.01091	0.01091	0.03618	0.02125	0.69794	0.02929	0.02527	0.01838	0.00919	0.00747	0.00230	0.00632	0.00747	0.00919	0.01263
43	0.00958	0.00755	0.00864	0.00837	0.01052	0.00661	0.00627	0.01221	0.01882	0.02457	0.36061	0.06401	0.40156	0.01712	0.00877	0.00243	0.00364	0.01462	0.00749	0.00661
44	0.01022	0.00758	0.00953	0.00904	0.01092	0.00688	0.00678	0.01346	0.02035	0.02819	0.58890	0.05806	0.17101	0.01577	0.00876	0.00236	0.00354	0.01379	0.00796	0.00688
45	0.01105	0.00816	0.01039	0.00973	0.01165	0.00779	0.00733	0.01575	0.06603	0.02986	0.64384	0.05356	0.06681	0.01483	0.00867	0.00235	0.00366	0.01308	0.00813	0.00733
46	0.01061	0.00795	0.01193	0.01193	0.01326	0.00928	0.00928	0.01326	0.01193	0.01723	0.01988	0.02916	0.01856	0.05568	0.70968	0.01193	0.01988	0.00795	0.00398	0.00663
47	0.01985	0.74357	0.03890	0.01270	0.01905	0.02937	0.01270	0.02223	0.01508	0.01747	0.01032	0.01191	0.00953	0.00635	0.00476	0.00159	0.00794	0.00397	0.00318	0.00953
48	0.00884	0.00752	0.00761	0.00759	0.01007	0.00630	0.00569	0.01078	0.01708	0.02043	0.09894	0.07083	0.66581	0.01866	0.00877	0.00250	0.00375	0.01558	0.00694	0.00630
49	0.01889	0.01616	0.01703	0.01519	0.01947	0.01866	0.01185	0.06688	0.65126	0.03174	0.02967	0.02727	0.02222	0.01002	0.00755	0.00251	0.00598	0.00832	0.00755	0.01179
50	0.02781	0.03305	0.02124	0.01880	0.02296	0.59940	0.01431	0.13188	0.02326	0.02275	0.01249	0.01410	0.01005	0.00785	0.00681	0.00196	0.01255	0.00509	0.00440	0.00925
51	0.01408	0.01319	0.02197	0.69074	0.04969	0.01621	0.02011	0.01896	0.01487	0.01919	0.01319	0.01960	0.00994	0.00734	0.00734	0.00241	0.00971	0.00650	0.00335	0.04160
52	0.02246	0.05804	0.23003	0.02222	0.09631	0.01732	0.11659	0.11900	0.02022	0.19755	0.01819	0.01917	0.01267	0.00766	0.00739	0.00229	0.00926	0.00670	0.00544	0.01150
53	0.02682	0.02010	0.02149	0.01680	0.02249	0.02237	0.01377	0.57794	0.12728	0.04453	0.01960	0.01924	0.01406	0.00908	0.00744	0.00227	0.00784	0.00693	0.00744	0.01250
54	0.01079	0.00723	0.00826	0.00826	0.00831	0.00728	0.00470	0.01090	0.01084	0.01451	0.02324	0.04777	0.02664	0.71042	0.06599	0.00740	0.00773	0.01068	0.00448	0.00459
55	0.01357	0.12815	0.29660	0.01534	0.02127	0.01474	0.01652	0.01907	0.04688	0.02135	0.02607	0.24667	0.05351	0.01322	0.00770	0.00250	0.00771	0.03541	0.00484	0.00888
56	0.02365	0.02836	0.02273	0.15572	0.13553	0.46794	0.01688	0.02653	0.01921	0.01929	0.01220	0.01539	0.00998	0.00744	0.00694	0.00207	0.01200	0.00542	0.00370	0.00904
57	0.01712	0.01461	0.01559	0.01411	0.01794	0.01660	0.01093	0.03523	0.57378	0.03044	0.11001	0.03281	0.05619	0.01104	0.00775	0.00250	0.00551	0.00929	0.00760	0.01096
58	0.07604	0.01575	0.01956	0.11974	0.14693	0.01790	0.01474	0.03218	0.41408	0.02827	0.02334	0.02370	0.01776	0.00882	0.00727	0.00244	0.00697	0.00748	0.00602	0.01098
59	0.01916	0.13541	0.03253	0.03677	0.46051	0.06778	0.09706	0.02329	0.01697	0.02269	0.01333	0.01719	0.01119	0.00660	0.00706	0.00212	0.00944	0.00632	0.00361	0.01097
60	0.01289	0.00645	0.00967	0.00967	0.00967	0.00645	0.00645	0.00967	0.00967	0.01289	0.01289	0.02257	0.01289	0.02579	0.02901	0.78401	0.00645	0.00645	0.00322	0.00322
61	0.00886	0.00752	0.00763	0.00761	0.01008	0.00630	0.00571	0.01081	0.01712	0.02052	0.10446	0.07068	0.66024	0.01863	0.00877	0.00250	0.00375	0.01556	0.00695	0.00630
62	0.01736	0.14273	0.23736	0.02950	0.23041	0.01970	0.17298	0.02315	0.01638	0.02281	0.01342	0.01689	0.01057	0.00662	0.00717	0.00222	0.01019	0.00634	0.00345	0.01075
63	0.01961	0.70995	0.07045	0.01311	0.01968	0.02880	0.01340	0.02229	0.01511	0.01775	0.01046	0.01209	0.00952	0.00638	0.00487	0.00162	0.00808	0.00404	0.00317	0.00960
64	0.00958	0.00755	0.00864	0.00837	0.01052	0.00661	0.00627	0.01221	0.01882	0.02457	0.36061	0.06401	0.40156	0.01712	0.00877	0.00243	0.00364	0.01462	0.00749	0.00661
65	0.01459	0.01356	0.02239	0.35307	0.26728	0.01496	0.01873	0.01871	0.01562	0.02088	0.02089	0.10870	0.06008	0.00980	0.00773	0.00245	0.00844	0.00895	0.00410	0.00907
66	0.02461	0.19202	0.10491	0.06459	0.02426	0.24710	0.01524	0.06030	0.01936	0.15778	0.01547	0.01639	0.01150	0.00764	0.00653	0.00202	0.00991	0.00544	0.00483	0.01009
67	0.01340	0.02766	0.46000	0.01801	0.02555	0.01381	0.02122	0.01987	0.01571	0.02254	0.02264	0.14358	0.02204	0.01218	0.00804	0.00266	0.00912	0.12813	0.00443	0.00940
68	0.01402	0.01319	0.02227	0.72126	0.05113	0.01649	0.02062	0.01897	0.01484	0.01897	0.01319	0.01979	0.00990	0.00742	0.00742	0.00247	0.00990	0.00660	0.00330	0.00825
69	0.73969	0.01424	0.01134	0.01000	0.01467	0.01626	0.00824	0.02280	0.01322	0.07875	0.01163	0.01296	0.00875	0.00705	0.00479	0.00230	0.00578	0.00426	0.00491	0.00835
70	0.02049	0.27467	0.06564	0.02782	0.29798	0.13030	0.01791	0.04421	0.01743	0.02161	0.01239	0.01518	0.01054	0.00678	0.00633	0.00195	0.00932	0.00535	0.00362	0.01047
71	0.02027	0.40600	0.03371	0.02493	0.25442	0.10638	0.01641	0.02331	0.01643	0.01992	0.01173	0.01434	0.01031	0.00660	0.00590	0.00184	0.00890	0.00499	0.00343	0.01020
72	0.02002	0.00969	0.01297	0.01095	0.01437	0.00863	0.00863	0.02325	0.02111	0.30841	0.41381	0.04287	0.04850	0.01268	0.00822	0.00232	0.00468	0.01094	0.00860	0.00935
73	0.00946	0.00755	0.00847	0.00824	0.01045	0.00656	0.00618	0.01199	0.01855	0.02391	0.31885	0.06510	0.44373	0.01736	0.00877	0.00244	0.00366	0.01478	0.00740	0.00656
74	0.00893	0.00749	0.00779	0.00798	0.01031	0.00635	0.00600	0.01084	0.01674	0.02007	0.07129	0.11730	0.61774	0.01918	0.00889	0.00258	0.00393	0.04341	0.00689	0.00628
75	0.02131	0.01211	0.01487	0.01246	0.01639	0.01181	0.01008	0.16545	0.02355	0.23364	0.24435	0.04151	0.08181	0.01268	0.00820	0.00240	0.00568	0.06368	0.00811	0.00988
76	0.00921	0.00676	0.00865	0.00982	0.01071	0.00620	0.00674	0.01090	0.01553	0.02062	0.13672	0.55083	0.13694	0.02153	0.00928	0.00285	0.00412	0.01930	0.00707	0.00620
77	0.01033	0.00758	0.00968	0.00916	0.01098	0.00693	0.00687	0.01367	0.02060	0.02879	0.62668	0.05707	0.13286	0.01554	0.00876	0.00235	0.00353	0.01365	0.00804	0.00693
78	0.79154	0.01436	0.01091	0.00976	0.01436	0.01665	0.00804	0.02182	0.01263	0.03331	0.01034	0.01206	0.00804	0.00689	0.00459	0.00230	0.00574	0.00402	0.00459	0.00804
79	0.02773	0.03538	0.02104	0.01913	0.02295	0.70930	0.01434	0.02964	0.02104	0.01817	0.01148	0.01339	0.00956	0.00765	0.00669	0.00191	0.01339	0.00478	0.00383	0.00861
80	0.01837	0.01764	0.03013	0.04557	0.69279	0.01764	0.02278	0.02278	0.01690	0.02425	0.01396	0.01837	0.01176	0.00661	0.00735	0.00220	0.00882	0.00661	0.00367	0.01176
81	0.02109	0.01572	0.01713	0.01494	0.01944	0.01761	0.01175	0.07097	0.55225	0.12744	0.02945	0.02685	0.02154	0.00989	0.00753	0.00247	0.00606	0.00817	0.00778	0.01192
82	0.01985	0.74357	0.03890	0.01270	0.01905	0.02937	0.01270	0.02223	0.01508	0.01747	0.01032	0.01191	0.00953	0.00635	0.00476	0.00159	0.00794	0.00397	0.00318	0.00953
83	0.00904	0.00646	0.00861	0.01034	0.01077	0.00603	0.00689	0.01034	0.01421	0.01895	0.04092	0.73426	0.04910	0.02326	0.00948	0.00301	0.00431	0.02110	0.00689	0.00603
84	0.08819	0.04582	0.08356	0.01291	0.01666	0.06935	0.01100	0.06780	0.01792	0.12453	0.07176	0.27036	0.02927	0.01379	0.00767	0.00246	0.00651	0.01166	0.04011	0.00865
85	0.01985	0.74357	0.03890	0.01270	0.01905	0.02937	0.01270	0.02223	0.01508	0.01747	0.01032	0.01191	0.00953	0.00635	0.00476	0.00159	0.00794	0.00397	0.00318	0.00953
86	0.01537	0.01423	0.02372	0.24422	0.37070	0.01517	0.01908	0.01932	0.01566	0.02150	0.01813	0.12801	0.01737	0.03517	0.00876	0.00258	0.00841	0.00895	0.00408	0.00957
87	0.01402	0.01319	0.02227	0.72126	0.05113	0.01649	0.02062	0.01897	0.01484	0.01897	0.01319	0.01979	0.00990	0.00742	0.00742	0.00247	0.00990	0.00660	0.00330	0.00825
88	0.01799	0.01851	0.03461	0.03464	0.29378	0.01828	0.32030	0.02559	0.11049	0.02499	0.01674	0.02045	0.01306	0.00694	0.00803	0.00239	0.01012	0.00786	0.00426	0.01095
89	0.01051	0.00759	0.00992	0.00934	0.01109	0.00700	0.00700	0.01401	0.02101	0.02977	0.68888	0.05545	0.07005	0.01518	0.00876	0.00233	0.00350	0.01343	0.00817	0.00700
90	0.02481	0.01925	0.02205	0.04916	0.09139	0.02135	0.01482	0.45831	0.15229	0.04040	0.01955	0.01980	0.01429	0.00883	0.00744	0.00229	0.00788	0.00699	0.00690	0.01219
91	0.01114	0.00844	0.01158	0.01132	0.01286	0.00935	0.00855	0.01434	0.04609	0.01793	0.02306	0.03314	0.04895	0.14606	0.52150	0.00995	0.01612	0.00858	0.00438	0.03666
92	0.01559	0.17930	0.53167	0.01890	0.02840	0.01912	0.02341	0.02258	0.01548	0.02206	0.01412	0.05149	0.01145	0.00774	0.00671	0.00223	0.01002	0.00597	0.00333	0.01043
93	0.01514	0.07429	0.66696	0.02073	0.03146	0.01786	0.02668	0.02344	0.01564	0.02320	0.01317	0.01548	0.00941	0.00702	0.00694	0.00231	0.01082	0.00541	0.00314	0.01090
94	0.71469	0.01418	0.01155	0.01011	0.01482	0.01607	0.00833	0.02328	0.01351	0.10067	0.01226	0.01340	0.00909	0.00712	0.00489	0.00230	0.00580	0.00437	0.00506	0.00851
95	0.01464	0.02892	0.44535	0.06260	0.03102	0.01578	0.10851	0.02176	0.01613	0.02304	0.01838	0.02917	0.01589	0.00948	0.00790	0.00258	0.01034	0.12470	0.00392	0.00991
96	0.01897	0.02476	0.21652	0.02835	0.14853	0.01896	0.25623	0.14498	0.02019	0.02813	0.01490	0.01813	0.01110	0.00704	0.00780	0.00236	0.01063	0.00710	0.00426	0.01107
97	0.01512	0.01624	0.08107	0.02938	0.31555	0.01498	0.06633	0.01881	0.01544	0.02191	0.02116	0.22145	0.02190	0.01209	0.01001	0.00259	0.09117	0.01078	0.00450	0.00951
98	0.03331	0.01263	0.01723	0.01321	0.01895	0.01091	0.01091	0.03618	0.02125	0.69794	0.02929	0.02527	0.01838	0.00919	0.00747	0.00230	0.00632	0.00747	0.00919	0.01263
99	0.01876	0.02017	0.03355	0.09287	0.32047	0.09629	0.26123	0.02362	0.01743	0.02295	0.01401	0.01854	0.01117	0.00667	0.00781	0.00231	0.01080	0.00721	0.00369	0.01046
100	0.01589	0.06326	0.51964	0.02638	0.18256	0.01784	0.02575	0.02329	0.01593	0.02343	0.01334	0.01613	0.00995	0.00692	0.00702	0.00229	0.01035	0.00568	0.00326	0.01109
101	0.01532	0.01520	0.01706	0.01573	0.01779	0.14707	0.06509	0.01783	0.01517	0.01890	0.02234	0.09536	0.02293	0.07924	0.19125	0.00545	0.09806	0.12824	0.00467	0.00730
102	0.23687	0.14463	0.07878	0.01566	0.02072	0.34856	0.01344	0.02576	0.01729	0.02270	0.01113	0.01297	0.00912	0.00718	0.00583	0.00200	0.01018	0.00450	0.00387	0.00880
103	0.01381	0.00921	0.00983	0.00943	0.01210	0.00916	0.00732	0.01996	0.14008	0.05941	0.04426	0.04653	0.25324	0.01326	0.00733	0.00229	0.00439	0.05373	0.27678	0.00788
104	0.01034	0.00752	0.00962	0.01082	0.01201	0.00718	0.00826	0.01235	0.01525	0.01971	0.04337	0.28622	0.14690	0.12232	0.01364	0.00367	0.00558	0.25254	0.00653	0.00616
105	0.01080	0.00720	0.00810	0.00810	0.00810	0.00720	0.00450	0.01080	0.01080	0.01439	0.02339	0.04858	0.02699	0.73910	0.03779	0.00720	0.00720	0.01080	0.00450	0.00450
106	0.01282	0.01101	0.01587	0.14618	0.02155	0.01236	0.05583	0.01597	0.01569	0.02184	0.09213	0.03988	0.20580	0.01282	0.01089	0.00253	0.13999	0.03011	0.12929	0.00743
107	0.01489	0.03840	0.70064	0.02116	0.03213	0.01724	0.02743	0.02351	0.01567	0.02351	0.01332	0.01567	0.00940	0.00705	0.00705	0.00235	0.01097	0.00549	0.00313	0.01097
108	0.01846	0.01595	0.01679	0.01511	0.01930	0.01846	0.01175	0.03945	0.67938	0.03105	0.03022	0.02770	0.02266	0.01007	0.00755	0.00252	0.00588	0.00839	0.00755	0.01175
109	0.02822	0.02079	0.02228	0.01708	0.02302	0.02302	0.01411	0.66804	0.03490	0.04679	0.01782	0.01782	0.01262	0.00891	0.00743	0.00223	0.00817	0.00668	0.00743	0.01262
110	0.03331	0.01263	0.01723	0.01321	0.01895	0.01091	0.01091	0.03618	0.02125	0.69794	0.02929	0.02527	0.01838	0.00919	0.00747	0.00230	0.00632	0.00747	0.00919	0.01263
111	0.01837	0.01764	0.03013	0.04557	0.69279	0.01764	0.02278	0.02278	0.01690	0.02425	0.01396	0.01837	0.01176	0.00661	0.00735	0.00220	0.00882	0.00661	0.00367	0.01176
112	0.05601	0.02565	0.06561	0.01654	0.02166	0.35514	0.01363	0.03159	0.02046	0.29398	0.01877	0.01830	0.01306	0.00820	0.00696	0.00211	0.01009	0.00589	0.00597	0.01038
113	0.79154	0.01436	0.01091	0.00976	0.01436	0.01665	0.00804	0.02182	0.01263	0.03331	0.01034	0.01206	0.00804	0.00689	0.00459	0.00230	0.00574	0.00402	0.00459	0.00804
114	0.01588	0.26720	0.02457	0.01445	0.01737	0.02053	0.01251	0.01941	0.05852	0.01843	0.01453	0.01958	0.01332	0.02390	0.23183	0.00535	0.20429	0.00620	0.00375	0.00839
115	0.02773	0.03538	0.02104	0.01913	0.02295	0.70930	0.01434	0.02964	0.02104	0.01817	0.01148	0.01339	0.00956	0.00765	0.00669	0.00191	0.01339	0.00478	0.00383	0.00861
116	0.01121	0.00796	0.00889	0.00842	0.01102	0.00683	0.00640	0.01356	0.01826	0.07818	0.21834	0.06381	0.48615	0.01714	0.00866	0.00245	0.00391	0.01446	0.00739	0.00697
117	0.02155	0.02055	0.02865	0.03347	0.36005	0.12862	0.11011	0.06901	0.01898	0.07990	0.01504	0.01824	0.01185	0.00740	0.00827	0.00226	0.04398	0.00669	0.00440	0.01097

[dist]
# distance from previous block
# <min> <max>
0	8

[block]
# block no. 2 follows, 27 sequences, length 10
# corresponding to MSA columns:
# 394-403
name=unknown_C
#
# <colnr> <probs for GDERKNQSTAVLIFYWHMCP>
#	G	D	E	R	K	N	Q	S	T	A	V	L	I	F	Y	W	H	M	C	P
0	0.02179	0.02163	0.18365	0.02279	0.16333	0.01710	0.01794	0.11289	0.16900	0.16184	0.02100	0.02112	0.01507	0.00830	0.00736	0.00233	0.00809	0.00692	0.00600	0.01185
1	0.00904	0.00646	0.00861	0.01034	0.01077	0.00603	0.00689	0.01034	0.01421	0.01895	0.04092	0.73426	0.04910	0.02326	0.00948	0.00301	0.00431	0.02110	0.00689	0.00603
2	0.01307	0.01090	0.01417	0.01186	0.01607	0.00888	0.03939	0.01581	0.01516	0.02222	0.02440	0.27377	0.02608	0.01257	0.00730	0.00196	0.00547	0.04208	0.00537	0.43348
3	0.17386	0.11538	0.02305	0.02298	0.20377	0.21175	0.01469	0.02537	0.06861	0.02422	0.04122	0.01715	0.01338	0.00755	0.00636	0.00209	0.00892	0.00567	0.00432	0.00966
4	0.01362	0.01270	0.01330	0.01295	0.01480	0.10741	0.04500	0.01777	0.10407	0.02019	0.03332	0.37720	0.06648	0.11080	0.01242	0.00328	0.00660	0.01482	0.00606	0.00719
5	0.01666	0.21386	0.25032	0.01573	0.02207	0.10748	0.01649	0.02161	0.03988	0.02065	0.02280	0.09741	0.08209	0.01039	0.00696	0.00222	0.00876	0.03113	0.00429	0.00919
6	0.02204	0.02617	0.20712	0.01825	0.02464	0.16528	0.04960	0.10342	0.12536	0.11325	0.01866	0.01956	0.01369	0.01083	0.04646	0.00280	0.01032	0.00650	0.00535	0.01071
7	0.11999	0.01848	0.02198	0.01861	0.07433	0.09121	0.10916	0.12733	0.05270	0.02866	0.01457	0.01668	0.01141	0.00689	0.00656	0.00189	0.00814	0.00578	0.00486	0.26078
8	0.01867	0.02209	0.11535	0.02003	0.02535	0.13612	0.18227	0.10629	0.05262	0.02635	0.11181	0.07871	0.02260	0.00997	0.00860	0.00239	0.03722	0.00887	0.00519	0.00952
9	0.01817	0.07605	0.11918	0.01437	0.02039	0.06941	0.01313	0.11583	0.09074	0.02782	0.10283	0.02187	0.01967	0.00820	0.00668	0.00186	0.00728	0.00648	0.00534	0.25470

[dist]
# distance from previous block
# <min> <max>
3	18

[block]
# block no. 3 follows, 27 sequences, length 9
# corresponding to MSA columns:
# 425-433
name=unknown_D
#
# <colnr> <probs for GDERKNQSTAVLIFYWHMCP>
#	G	D	E	R	K	N	Q	S	T	A	V	L	I	F	Y	W	H	M	C	P
0	0.01842	0.02100	0.07491	0.19290	0.31655	0.12040	0.10404	0.02311	0.01704	0.02203	0.01351	0.01798	0.01078	0.00694	0.00743	0.00227	0.01037	0.00654	0.00358	0.01021
1	0.01282	0.01161	0.01330	0.14532	0.02057	0.08470	0.01115	0.01578	0.01725	0.02169	0.15860	0.18329	0.11947	0.01597	0.00872	0.00268	0.00662	0.13726	0.00611	0.00710
2	0.01047	0.00751	0.00945	0.00901	0.01047	0.00700	0.00646	0.01322	0.01887	0.02634	0.53013	0.05503	0.09567	0.15173	0.01422	0.00326	0.00421	0.01305	0.00741	0.00649
3	0.01723	0.52874	0.10449	0.01264	0.01877	0.02371	0.01296	0.02019	0.01549	0.01861	0.02287	0.02353	0.13765	0.00877	0.00577	0.00184	0.00748	0.00634	0.00387	0.00907
4	0.01264	0.01249	0.01067	0.01071	0.01280	0.13872	0.00779	0.01458	0.01749	0.02065	0.13280	0.23849	0.30793	0.01745	0.00857	0.00251	0.00569	0.01481	0.00648	0.00674
5	0.01900	0.16126	0.03276	0.09961	0.08205	0.14968	0.25166	0.02306	0.01715	0.02068	0.01495	0.06624	0.01310	0.00786	0.00739	0.00222	0.01066	0.00753	0.00382	0.00932
6	0.01614	0.01355	0.01275	0.01276	0.01472	0.14023	0.00920	0.06714	0.01771	0.07944	0.03258	0.48192	0.03618	0.01799	0.00862	0.00268	0.00649	0.01574	0.00655	0.00759
7	0.22907	0.06829	0.02046	0.04756	0.10533	0.10829	0.01387	0.02464	0.11344	0.02489	0.01389	0.01656	0.01143	0.00872	0.01002	0.00243	0.16174	0.00573	0.00438	0.00927
8	0.02370	0.10413	0.13269	0.01635	0.02252	0.25003	0.01483	0.06963	0.01955	0.13164	0.01523	0.01614	0.01139	0.00739	0.00652	0.00190	0.00963	0.00531	0.00484	0.13657

[dist]
# distance from previous block
# <min> <max>
12	241

# created by:
# /home/berkeley/.conda/envs/busco_data_prod/bin/msa2prfl.pl pipeline/OGs_align_augustus/5794/31197.fs
