[name]
unknown

[dist]
# distance from previous block
# <min> <max>
0	101

[block]
# block no. 0 follows, 30 sequences, length 16
# corresponding to MSA columns:
# 117-132
name=unknown_A
#
# <colnr> <probs for GDERKNQSTAVLIFYWHMCP>
#	G	D	E	R	K	N	Q	S	T	A	V	L	I	F	Y	W	H	M	C	P
0	0.01795	0.01420	0.01650	0.01384	0.01798	0.05801	0.04878	0.15946	0.07073	0.07256	0.02243	0.07667	0.02070	0.05009	0.00877	0.00239	0.00688	0.13474	0.00578	0.18154
1	0.01740	0.15309	0.12651	0.10611	0.12927	0.01686	0.07713	0.04952	0.01577	0.09857	0.01629	0.06785	0.01396	0.05046	0.00879	0.00240	0.02946	0.00702	0.00423	0.00929
2	0.00944	0.00652	0.00807	0.00865	0.00917	0.00621	0.00560	0.01030	0.01299	0.01738	0.12002	0.32945	0.08066	0.28039	0.01917	0.04575	0.00499	0.01443	0.00566	0.00515
3	0.01482	0.02083	0.28070	0.01454	0.01998	0.04658	0.01497	0.02097	0.10619	0.05198	0.01773	0.05267	0.01501	0.06304	0.06159	0.09181	0.00861	0.00679	0.02951	0.06170
4	0.07484	0.06199	0.26203	0.01957	0.06148	0.05871	0.12842	0.07932	0.05592	0.05522	0.01495	0.01831	0.01164	0.05740	0.00864	0.00247	0.00914	0.00618	0.00413	0.00963
5	0.01606	0.01100	0.01235	0.01137	0.01402	0.01166	0.00863	0.17439	0.13015	0.05742	0.02803	0.27919	0.02699	0.01327	0.00724	0.00230	0.00505	0.01140	0.17105	0.00843
6	0.02011	0.01773	0.08568	0.02366	0.25841	0.06175	0.01544	0.05877	0.01739	0.15923	0.01575	0.01727	0.01179	0.00665	0.00644	0.00183	0.00751	0.00565	0.00479	0.20414
7	0.06980	0.01742	0.06519	0.03816	0.02107	0.01702	0.01286	0.35642	0.05782	0.21968	0.04076	0.01978	0.01491	0.00841	0.00686	0.00215	0.00707	0.00653	0.00690	0.01118
8	0.01090	0.00877	0.01187	0.01130	0.01204	0.01037	0.00850	0.01250	0.01163	0.01642	0.05203	0.06583	0.06781	0.21293	0.30147	0.00710	0.15922	0.00913	0.00420	0.00598
9	0.15960	0.01743	0.05424	0.02321	0.22952	0.05300	0.05023	0.14309	0.06315	0.06423	0.01653	0.06585	0.01369	0.00809	0.00664	0.00217	0.00758	0.00683	0.00495	0.00998
10	0.02010	0.10682	0.10414	0.04055	0.09070	0.05635	0.03124	0.11338	0.07782	0.15311	0.05559	0.08317	0.01841	0.00910	0.00687	0.00214	0.00741	0.00756	0.00557	0.00996
11	0.00850	0.00607	0.00810	0.00972	0.01012	0.00567	0.00648	0.00972	0.01336	0.01781	0.03846	0.75020	0.04615	0.02186	0.00891	0.00283	0.00405	0.01984	0.00648	0.00567
12	0.01333	0.01079	0.01658	0.03391	0.04809	0.01054	0.11949	0.09504	0.01740	0.04573	0.09850	0.33795	0.09348	0.01500	0.00824	0.00249	0.00601	0.01377	0.00602	0.00763
13	0.02012	0.07164	0.15981	0.02075	0.08682	0.08842	0.13537	0.16372	0.01983	0.08937	0.01652	0.06616	0.01331	0.00805	0.00703	0.00215	0.00904	0.00704	0.00478	0.01006
14	0.01396	0.01295	0.09470	0.01374	0.01706	0.01071	0.07037	0.09632	0.01672	0.07247	0.07179	0.30558	0.02955	0.02021	0.11612	0.00380	0.00817	0.01224	0.00570	0.00787
15	0.06368	0.01552	0.02133	0.02433	0.26931	0.01617	0.01499	0.17893	0.04319	0.17671	0.05040	0.02007	0.01525	0.00809	0.00779	0.00217	0.04889	0.00663	0.00573	0.01082

[dist]
# distance from previous block
# <min> <max>
0	3

[block]
# block no. 1 follows, 30 sequences, length 21
# corresponding to MSA columns:
# 136-156
name=unknown_B
#
# <colnr> <probs for GDERKNQSTAVLIFYWHMCP>
#	G	D	E	R	K	N	Q	S	T	A	V	L	I	F	Y	W	H	M	C	P
0	0.01722	0.04800	0.11318	0.07159	0.38860	0.12605	0.01889	0.02120	0.01594	0.02084	0.01487	0.08400	0.01353	0.00791	0.00688	0.00211	0.00885	0.00698	0.00365	0.00973
1	0.05661	0.02396	0.17323	0.02069	0.13879	0.19692	0.01633	0.09965	0.01786	0.02379	0.01415	0.04135	0.01168	0.00793	0.00750	0.00209	0.05688	0.00593	0.07541	0.00924
2	0.01580	0.01250	0.01609	0.01666	0.12350	0.04319	0.04492	0.06990	0.07187	0.07663	0.13876	0.09529	0.08859	0.04638	0.00863	0.00235	0.00601	0.00954	0.05092	0.06248
3	0.02091	0.08478	0.04242	0.01720	0.02024	0.19985	0.01436	0.17907	0.01864	0.02343	0.01151	0.01458	0.00973	0.00934	0.01290	0.00235	0.30013	0.00551	0.00411	0.00894
4	0.00847	0.00619	0.00798	0.00942	0.01004	0.00569	0.00634	0.00975	0.01365	0.01793	0.04210	0.67303	0.12097	0.02139	0.00883	0.00278	0.00399	0.01926	0.00648	0.00569
5	0.04410	0.01434	0.02137	0.34054	0.19415	0.01608	0.01719	0.08918	0.08473	0.08650	0.01588	0.01907	0.01183	0.00732	0.00689	0.00223	0.00809	0.00637	0.00451	0.00963
6	0.01685	0.20969	0.25374	0.01511	0.02148	0.03571	0.03134	0.06541	0.06690	0.06525	0.06494	0.07480	0.03249	0.00882	0.00651	0.00207	0.00779	0.00707	0.00457	0.00944
7	0.00963	0.00714	0.00939	0.01053	0.01143	0.00722	0.00752	0.01268	0.06914	0.01875	0.03482	0.54117	0.03974	0.02484	0.10732	0.00397	0.00636	0.06598	0.00615	0.00624
8	0.00891	0.00643	0.00850	0.00988	0.01062	0.00603	0.00699	0.01053	0.01425	0.01891	0.08377	0.58475	0.08459	0.02082	0.00891	0.00281	0.00426	0.09666	0.00655	0.00583
9	0.01891	0.01909	0.14135	0.09290	0.30282	0.01612	0.04867	0.07857	0.07313	0.11502	0.01643	0.01855	0.01222	0.00710	0.00696	0.00217	0.00830	0.00637	0.00460	0.01073
10	0.02018	0.51515	0.11048	0.01372	0.01981	0.12155	0.01360	0.02307	0.01549	0.07420	0.01163	0.01281	0.00962	0.00643	0.00518	0.00167	0.00837	0.00427	0.00353	0.00923
11	0.01497	0.06683	0.32819	0.14748	0.14808	0.01741	0.06516	0.02067	0.01448	0.02065	0.01221	0.01595	0.00945	0.00709	0.00833	0.00226	0.08235	0.00573	0.00311	0.00960
12	0.05153	0.05805	0.18784	0.01620	0.05207	0.01645	0.01494	0.16685	0.14300	0.12460	0.08103	0.02163	0.01811	0.00842	0.00680	0.00216	0.00721	0.00674	0.00585	0.01051
13	0.01423	0.01410	0.02084	0.67928	0.04590	0.07349	0.01890	0.01865	0.01443	0.01777	0.01227	0.01811	0.00928	0.00699	0.00692	0.00228	0.00957	0.00606	0.00314	0.00778
14	0.02088	0.01992	0.01549	0.01360	0.01700	0.27561	0.01050	0.16884	0.07520	0.02706	0.06936	0.02103	0.01720	0.00841	0.00629	0.00189	0.00784	0.00629	0.20898	0.00863
15	0.02151	0.26888	0.13096	0.01560	0.02181	0.06830	0.06605	0.13452	0.01890	0.14409	0.01565	0.03713	0.01209	0.00747	0.00620	0.00194	0.00824	0.00581	0.00481	0.01003
16	0.01688	0.07235	0.01736	0.15493	0.11728	0.04006	0.01206	0.01978	0.01541	0.14135	0.03650	0.13010	0.01984	0.05750	0.00860	0.00243	0.00664	0.00853	0.11408	0.00831
17	0.00920	0.00645	0.00829	0.00950	0.00992	0.00619	0.00639	0.01031	0.01282	0.01703	0.03410	0.50186	0.04023	0.20879	0.01578	0.00388	0.00498	0.08300	0.00590	0.00538
18	0.01088	0.00909	0.01195	0.01090	0.01336	0.00903	0.05848	0.01536	0.11619	0.01957	0.04403	0.07878	0.33489	0.02287	0.14622	0.06716	0.00756	0.01139	0.00555	0.00675
19	0.01875	0.01345	0.02164	0.13010	0.35558	0.01346	0.01640	0.02235	0.01663	0.18177	0.06606	0.07687	0.01867	0.00862	0.00719	0.00219	0.00723	0.00787	0.00512	0.01006
20	0.01865	0.02352	0.22794	0.05190	0.10363	0.08101	0.08326	0.15443	0.05399	0.05156	0.01526	0.01766	0.01150	0.01060	0.06148	0.00284	0.01010	0.00617	0.00441	0.01009

[dist]
# distance from previous block
# <min> <max>
0	1

[block]
# block no. 2 follows, 30 sequences, length 62
# corresponding to MSA columns:
# 158-219
name=unknown_C
#
# <colnr> <probs for GDERKNQSTAVLIFYWHMCP>
#	G	D	E	R	K	N	Q	S	T	A	V	L	I	F	Y	W	H	M	C	P
0	0.01557	0.07100	0.01581	0.01338	0.05469	0.04930	0.04253	0.03648	0.01394	0.10499	0.02071	0.02979	0.04645	0.22350	0.17401	0.05853	0.00983	0.00783	0.00456	0.00709
1	0.20583	0.08698	0.09942	0.02069	0.16827	0.12636	0.06826	0.02156	0.01546	0.02372	0.05273	0.01689	0.01297	0.00699	0.00602	0.00202	0.00815	0.00557	0.04325	0.00887
2	0.44772	0.13870	0.05714	0.01172	0.01648	0.11046	0.01033	0.05440	0.01491	0.02694	0.04770	0.01412	0.01138	0.00701	0.00508	0.00201	0.00696	0.00454	0.00424	0.00818
3	0.00916	0.00690	0.00828	0.00832	0.00984	0.00623	0.00598	0.01136	0.01670	0.02227	0.34155	0.17677	0.25691	0.07553	0.01052	0.00272	0.00377	0.01432	0.00683	0.00603
4	0.01329	0.01067	0.01262	0.01184	0.01402	0.01214	0.00910	0.02220	0.27642	0.02284	0.08888	0.03350	0.04485	0.10081	0.17928	0.00492	0.05143	0.03381	0.04937	0.00799
5	0.00949	0.00685	0.00914	0.01035	0.01139	0.00650	0.00782	0.01161	0.01520	0.02022	0.13544	0.41671	0.08367	0.01979	0.00899	0.00283	0.00461	0.20673	0.00663	0.00603
6	0.01866	0.75896	0.03657	0.01194	0.01791	0.02761	0.01194	0.02090	0.01418	0.01642	0.00970	0.01119	0.00896	0.00597	0.00448	0.00149	0.00746	0.00373	0.00299	0.00896
7	0.01089	0.00688	0.00868	0.00910	0.00978	0.00664	0.00596	0.01186	0.01263	0.06487	0.05470	0.34672	0.03481	0.32026	0.06009	0.00483	0.00608	0.01404	0.00560	0.00558
8	0.02409	0.01885	0.01932	0.01546	0.02047	0.05543	0.01254	0.49183	0.17857	0.03885	0.01920	0.01886	0.01398	0.00855	0.00691	0.00213	0.00732	0.00655	0.02974	0.01134
9	0.01318	0.01240	0.02093	0.73798	0.04806	0.01550	0.01938	0.01783	0.01395	0.01783	0.01240	0.01860	0.00930	0.00698	0.00698	0.00233	0.00930	0.00620	0.00310	0.00775
10	0.01686	0.02107	0.12577	0.02727	0.03464	0.01774	0.55534	0.06857	0.01739	0.02382	0.01410	0.01816	0.01046	0.00615	0.00794	0.00232	0.01130	0.00771	0.00370	0.00970
11	0.01364	0.01323	0.01906	0.17279	0.15520	0.07410	0.07190	0.01660	0.01469	0.01906	0.02248	0.30015	0.02394	0.01270	0.00837	0.00246	0.03584	0.01149	0.00455	0.00774
12	0.00911	0.00669	0.00890	0.00988	0.01086	0.00648	0.00718	0.01098	0.01420	0.01898	0.10475	0.43200	0.11339	0.02508	0.11874	0.00404	0.00639	0.08023	0.00617	0.00594
13	0.08163	0.32837	0.02456	0.01335	0.01813	0.11510	0.01146	0.02778	0.26823	0.02242	0.01677	0.01689	0.01342	0.00747	0.00568	0.00191	0.00726	0.00538	0.00470	0.00950
14	0.04017	0.02012	0.22244	0.01755	0.06006	0.03438	0.06732	0.10056	0.03733	0.10774	0.02305	0.13181	0.04775	0.01056	0.00738	0.00234	0.00781	0.04695	0.00524	0.00943
15	0.01667	0.02892	0.42785	0.05908	0.08275	0.07377	0.03715	0.06211	0.05054	0.04303	0.01393	0.01599	0.01020	0.00688	0.00667	0.00213	0.00958	0.00553	0.00372	0.04350
16	0.18913	0.01505	0.06275	0.01252	0.01686	0.01505	0.01064	0.11066	0.25251	0.07086	0.10975	0.02413	0.02162	0.00899	0.00647	0.00220	0.00571	0.00709	0.04843	0.00956
17	0.00934	0.00639	0.00833	0.00936	0.00972	0.00621	0.00620	0.01010	0.01227	0.01640	0.03150	0.46413	0.03696	0.20233	0.05513	0.05943	0.00572	0.03975	0.00554	0.00519
18	0.01805	0.21968	0.21875	0.02142	0.13359	0.09235	0.07162	0.05718	0.06386	0.02182	0.01314	0.01520	0.01040	0.00667	0.00625	0.00197	0.00912	0.00538	0.00364	0.00990
19	0.05994	0.01169	0.01806	0.02161	0.22496	0.01167	0.05173	0.01830	0.01514	0.11406	0.04234	0.29122	0.02605	0.01287	0.00845	0.00244	0.04396	0.01153	0.00542	0.00858
20	0.00850	0.00607	0.00810	0.00972	0.01012	0.00567	0.00648	0.00972	0.01336	0.01781	0.03846	0.75020	0.04615	0.02186	0.00891	0.00283	0.00405	0.01984	0.00648	0.00567
21	0.00917	0.00672	0.00800	0.00861	0.00994	0.00612	0.00619	0.01105	0.01514	0.02009	0.13932	0.31126	0.25507	0.05493	0.00970	0.00273	0.00401	0.05484	0.06121	0.00590
22	0.02239	0.04574	0.16388	0.02096	0.10555	0.18174	0.07581	0.14614	0.02024	0.12815	0.01525	0.01650	0.01110	0.00724	0.00679	0.00206	0.00952	0.00584	0.00479	0.01028
23	0.00871	0.00634	0.00852	0.00980	0.01044	0.00615	0.00676	0.01015	0.01317	0.01762	0.03716	0.60305	0.07720	0.02630	0.11877	0.00409	0.00626	0.01767	0.00606	0.00577
24	0.02776	0.01181	0.01543	0.01215	0.01694	0.01088	0.00995	0.09184	0.02009	0.54368	0.02549	0.02356	0.01684	0.01160	0.05686	0.00274	0.00675	0.00694	0.07771	0.01101
25	0.06184	0.06303	0.29258	0.09378	0.11104	0.03858	0.01898	0.02251	0.08084	0.04169	0.01487	0.04346	0.01194	0.00793	0.00788	0.00225	0.06724	0.00615	0.00383	0.00957
26	0.01521	0.05839	0.52990	0.02038	0.02919	0.01744	0.09970	0.05734	0.01560	0.02272	0.01260	0.01522	0.00923	0.00700	0.00788	0.00225	0.06107	0.00558	0.00324	0.01006
27	0.01474	0.01108	0.01543	0.15379	0.02211	0.01174	0.04511	0.07688	0.09103	0.07806	0.06803	0.13128	0.09403	0.01327	0.00803	0.00254	0.00647	0.14228	0.00601	0.00810
28	0.14979	0.04917	0.06601	0.06994	0.24332	0.15386	0.12722	0.02247	0.01581	0.02245	0.01206	0.01533	0.00968	0.00645	0.00647	0.00208	0.00936	0.00565	0.00357	0.00930
29	0.00909	0.00664	0.00855	0.00905	0.01019	0.00610	0.00642	0.01128	0.01645	0.02244	0.33978	0.37530	0.11665	0.01809	0.00854	0.00250	0.00366	0.01614	0.00701	0.00610
30	0.14346	0.01625	0.07025	0.02107	0.20354	0.01513	0.01437	0.13934	0.04323	0.04450	0.01698	0.02385	0.01456	0.00835	0.00660	0.00212	0.00705	0.08809	0.00491	0.11637
31	0.01911	0.11068	0.31976	0.01928	0.08135	0.04381	0.05760	0.05221	0.01676	0.14812	0.01517	0.01639	0.01088	0.00685	0.00649	0.00203	0.00879	0.00556	0.00432	0.05483
32	0.01643	0.01539	0.02595	0.03867	0.61445	0.01539	0.02000	0.02045	0.01591	0.02253	0.01643	0.02581	0.01510	0.00803	0.00729	0.00223	0.00803	0.09762	0.00387	0.01041
33	0.01030	0.00802	0.00865	0.00832	0.01062	0.00741	0.00627	0.05267	0.04264	0.02274	0.17155	0.10469	0.43678	0.01587	0.00795	0.00230	0.00383	0.01340	0.05940	0.00659
34	0.01870	0.02114	0.22249	0.02658	0.24832	0.01513	0.09903	0.04605	0.01694	0.14699	0.01720	0.02156	0.01326	0.00758	0.00717	0.00223	0.00873	0.04581	0.00454	0.01054
35	0.11913	0.04637	0.02088	0.09291	0.15391	0.05295	0.07286	0.08408	0.01723	0.13067	0.01809	0.06394	0.01538	0.03629	0.00792	0.00239	0.00770	0.04301	0.00502	0.00927
36	0.01204	0.00980	0.01474	0.01420	0.01646	0.00987	0.09449	0.01715	0.10348	0.02116	0.03268	0.20994	0.03470	0.04800	0.01007	0.00306	0.00647	0.32847	0.00607	0.00714
37	0.00993	0.00672	0.00763	0.00777	0.00790	0.00664	0.00447	0.01011	0.01065	0.01411	0.02530	0.10769	0.05352	0.66267	0.03215	0.00625	0.00640	0.01117	0.00451	0.00442
38	0.05387	0.04541	0.02261	0.09310	0.21308	0.08605	0.03648	0.17193	0.11793	0.06659	0.01640	0.01803	0.01245	0.00746	0.00675	0.00211	0.00809	0.00622	0.00505	0.01040
39	0.80405	0.01350	0.01026	0.00918	0.01350	0.01565	0.00756	0.02051	0.01188	0.03131	0.00972	0.01134	0.00756	0.00648	0.00432	0.00216	0.00540	0.00378	0.00432	0.00756
40	0.10320	0.12273	0.43078	0.04275	0.02490	0.01673	0.01919	0.02115	0.03963	0.02230	0.04233	0.01769	0.01248	0.04700	0.00773	0.00236	0.00869	0.00554	0.00353	0.00928
41	0.01372	0.01172	0.01764	0.05908	0.30332	0.01123	0.01325	0.01684	0.01612	0.05096	0.09876	0.07786	0.21675	0.01125	0.00745	0.00217	0.00599	0.00997	0.00514	0.05078
42	0.00893	0.00698	0.00817	0.00862	0.01034	0.00621	0.00648	0.01101	0.01602	0.02041	0.16731	0.21546	0.37592	0.01820	0.00855	0.00253	0.00395	0.09221	0.00668	0.00602
43	0.02607	0.03326	0.01978	0.01798	0.02157	0.72674	0.01348	0.02787	0.01978	0.01708	0.01079	0.01258	0.00899	0.00719	0.00629	0.00180	0.01258	0.00449	0.00360	0.00809
44	0.13477	0.01529	0.07519	0.01368	0.01793	0.01472	0.04573	0.12250	0.20856	0.02770	0.02643	0.03260	0.08566	0.06215	0.00906	0.00268	0.00655	0.08401	0.00579	0.00898
45	0.01935	0.01598	0.01690	0.01460	0.01891	0.01829	0.01153	0.17867	0.55378	0.03241	0.02587	0.02402	0.01925	0.00923	0.00707	0.00231	0.00599	0.00754	0.00707	0.01122
46	0.01400	0.03610	0.71860	0.01989	0.03020	0.01621	0.02578	0.02210	0.01473	0.02210	0.01252	0.01473	0.00884	0.00663	0.00663	0.00221	0.01031	0.00516	0.00295	0.01031
47	0.15913	0.02181	0.04626	0.05049	0.19031	0.23624	0.08801	0.02282	0.01585	0.02174	0.01150	0.01472	0.00943	0.00712	0.00786	0.00214	0.07669	0.00542	0.00359	0.00888
48	0.01318	0.01240	0.02093	0.73798	0.04806	0.01550	0.01938	0.01783	0.01395	0.01783	0.01240	0.01860	0.00930	0.00698	0.00698	0.00233	0.00930	0.00620	0.00310	0.00775
49	0.02498	0.01523	0.01819	0.03659	0.02009	0.01537	0.01164	0.29172	0.02347	0.26481	0.01909	0.01869	0.01320	0.00803	0.00746	0.00198	0.04332	0.00613	0.00671	0.15329
50	0.01220	0.00765	0.01007	0.00917	0.01123	0.00698	0.00698	0.01543	0.01978	0.10253	0.63387	0.04905	0.06058	0.01366	0.00810	0.00219	0.00358	0.01201	0.00779	0.00716
51	0.06511	0.00693	0.00872	0.00984	0.01081	0.00663	0.00677	0.01189	0.01364	0.05957	0.03583	0.65640	0.04178	0.02002	0.00848	0.00275	0.00425	0.01797	0.00645	0.00616
52	0.01527	0.01527	0.02137	0.01832	0.01832	0.02137	0.01527	0.01679	0.01069	0.01679	0.00916	0.01527	0.00916	0.01221	0.02290	0.00305	0.74198	0.00611	0.00305	0.00763
53	0.01566	0.01170	0.01340	0.01216	0.01532	0.01254	0.00958	0.06219	0.32037	0.07619	0.23425	0.03977	0.06099	0.01203	0.00771	0.00237	0.00501	0.07230	0.00729	0.00917
54	0.02988	0.01158	0.01586	0.01234	0.01746	0.01015	0.01015	0.03257	0.01939	0.66923	0.02694	0.02400	0.01729	0.01156	0.05520	0.00277	0.00679	0.00705	0.00831	0.01150
55	0.00850	0.00607	0.00810	0.00972	0.01012	0.00567	0.00648	0.00972	0.01336	0.01781	0.03846	0.75020	0.04615	0.02186	0.00891	0.00283	0.00405	0.01984	0.00648	0.00567
56	0.01318	0.01240	0.02093	0.73798	0.04806	0.01550	0.01938	0.01783	0.01395	0.01783	0.01240	0.01860	0.00930	0.00698	0.00698	0.00233	0.00930	0.00620	0.00310	0.00775
57	0.01825	0.01177	0.01555	0.01336	0.01686	0.01172	0.05679	0.16343	0.04147	0.15548	0.07040	0.10893	0.09330	0.01375	0.00899	0.04210	0.00623	0.13625	0.00669	0.00868
58	0.07078	0.05376	0.01767	0.01598	0.12914	0.04215	0.01077	0.01922	0.01485	0.04243	0.01342	0.03911	0.01151	0.00621	0.00558	0.00143	0.00611	0.00504	0.00416	0.49068
59	0.01652	0.01629	0.07705	0.20191	0.14838	0.01583	0.05518	0.16135	0.06637	0.02580	0.02359	0.02563	0.11800	0.00886	0.00721	0.00223	0.00786	0.00768	0.00479	0.00945
60	0.21862	0.13920	0.18603	0.01422	0.02034	0.05923	0.01420	0.11587	0.01655	0.02617	0.01168	0.01347	0.00913	0.00690	0.00640	0.00197	0.04436	0.00465	0.00404	0.08698
61	0.01780	0.11098	0.15723	0.01963	0.12698	0.03925	0.05461	0.10157	0.11444	0.06368	0.02319	0.02378	0.09963	0.00856	0.00682	0.00212	0.00772	0.00713	0.00491	0.00996

[dist]
# distance from previous block
# <min> <max>
0	4

[block]
# block no. 3 follows, 30 sequences, length 66
# corresponding to MSA columns:
# 224-289
name=unknown_D
#
# <colnr> <probs for GDERKNQSTAVLIFYWHMCP>
#	G	D	E	R	K	N	Q	S	T	A	V	L	I	F	Y	W	H	M	C	P
0	0.01740	0.01806	0.06255	0.02477	0.28685	0.09918	0.01529	0.08479	0.06122	0.02396	0.02183	0.02344	0.10580	0.00818	0.00678	0.00196	0.00761	0.00693	0.00451	0.11888
1	0.01076	0.00812	0.00947	0.00941	0.01092	0.00813	0.00666	0.05131	0.06633	0.02012	0.09262	0.21221	0.18905	0.18535	0.08385	0.00428	0.00621	0.01304	0.00588	0.00629
2	0.01220	0.01131	0.03483	0.01343	0.01607	0.01116	0.08148	0.01743	0.11366	0.02236	0.16023	0.20828	0.09386	0.01400	0.00969	0.00247	0.08771	0.03126	0.00587	0.05272
3	0.03707	0.00863	0.00972	0.00936	0.01129	0.02733	0.00696	0.04706	0.01774	0.04136	0.32382	0.15863	0.18084	0.05776	0.00967	0.00260	0.00436	0.03236	0.00679	0.00664
4	0.04515	0.46041	0.08408	0.01519	0.02135	0.06852	0.08348	0.10934	0.01719	0.02162	0.01137	0.01308	0.00946	0.00642	0.00547	0.00176	0.00841	0.00469	0.00365	0.00939
5	0.66450	0.05629	0.01357	0.01079	0.01522	0.08119	0.03042	0.02126	0.01287	0.02891	0.00996	0.01169	0.00786	0.00650	0.00463	0.00210	0.00637	0.00399	0.00415	0.00774
6	0.01734	0.01860	0.09580	0.02655	0.23003	0.04634	0.16281	0.06140	0.06076	0.05321	0.04427	0.02198	0.05345	0.00810	0.00856	0.00226	0.06697	0.00734	0.00439	0.00984
7	0.07455	0.19941	0.02286	0.01569	0.01999	0.47766	0.01256	0.02613	0.01798	0.05784	0.01142	0.01282	0.00936	0.00694	0.00579	0.00177	0.01055	0.00442	0.00379	0.00847
8	0.01052	0.00785	0.00965	0.00898	0.01097	0.00741	0.00682	0.05115	0.01937	0.02661	0.51429	0.05181	0.18297	0.01636	0.04189	0.00264	0.00431	0.01242	0.00723	0.00674
9	0.01199	0.00865	0.01059	0.01066	0.01243	0.00881	0.00779	0.03478	0.14093	0.05498	0.14628	0.37288	0.06881	0.01913	0.05436	0.00311	0.00530	0.01448	0.00673	0.00731
10	0.01813	0.08332	0.21667	0.04191	0.06302	0.09271	0.09905	0.06913	0.01701	0.06354	0.01349	0.01560	0.01022	0.00649	0.00641	0.00188	0.00892	0.00543	0.00397	0.16308
11	0.07317	0.35648	0.21780	0.01748	0.06661	0.07951	0.05934	0.02189	0.01488	0.01985	0.01106	0.01315	0.00907	0.00629	0.00559	0.00185	0.00884	0.00463	0.00318	0.00932
12	0.00977	0.00713	0.00918	0.00867	0.01036	0.00654	0.00650	0.01297	0.01951	0.02740	0.66670	0.05309	0.10706	0.01448	0.00823	0.00221	0.00331	0.01276	0.00760	0.00654
13	0.01728	0.01582	0.02029	0.01865	0.06250	0.07305	0.01444	0.03652	0.01309	0.07343	0.01212	0.01708	0.01079	0.01494	0.08704	0.00359	0.49124	0.00620	0.00373	0.00820
14	0.02075	0.15518	0.22467	0.01681	0.02352	0.05848	0.04516	0.21425	0.04636	0.08354	0.01492	0.01592	0.01098	0.00746	0.00697	0.00206	0.03214	0.00561	0.00479	0.01043
15	0.01016	0.00743	0.00957	0.00898	0.01072	0.00699	0.00675	0.01407	0.04547	0.02803	0.68182	0.05114	0.06416	0.01408	0.00819	0.00220	0.00338	0.01244	0.00766	0.00675
16	0.01167	0.01085	0.01219	0.01332	0.04581	0.10446	0.04019	0.01332	0.01450	0.01816	0.03237	0.58135	0.03779	0.01839	0.00843	0.00264	0.00577	0.01657	0.00581	0.00643
17	0.05405	0.36186	0.02979	0.15265	0.16480	0.02157	0.04354	0.02141	0.05364	0.01965	0.01215	0.01497	0.01016	0.00643	0.00573	0.00188	0.00794	0.00512	0.00342	0.00923
18	0.01566	0.01479	0.02475	0.41474	0.13192	0.01704	0.11001	0.08367	0.01611	0.02157	0.01288	0.01799	0.00995	0.00731	0.00850	0.00233	0.07190	0.00648	0.00358	0.00882
19	0.00825	0.00707	0.00707	0.00707	0.00943	0.00589	0.00530	0.01001	0.01591	0.01885	0.07069	0.06716	0.70839	0.01767	0.00825	0.00236	0.00353	0.01473	0.00648	0.00589
20	0.01426	0.02008	0.23015	0.14455	0.23105	0.01465	0.05748	0.01913	0.01426	0.02017	0.01434	0.02115	0.01232	0.11004	0.04458	0.00324	0.00954	0.00661	0.00337	0.00904
21	0.01978	0.08730	0.14199	0.02165	0.16685	0.10083	0.03768	0.09076	0.04732	0.10664	0.05112	0.01897	0.01448	0.00917	0.03161	0.00239	0.03052	0.00622	0.00469	0.01002
22	0.01012	0.00689	0.00823	0.00823	0.00844	0.00710	0.00499	0.01054	0.01033	0.01399	0.02143	0.04256	0.02402	0.63504	0.15339	0.00752	0.00880	0.00969	0.00414	0.00457
23	0.02715	0.01764	0.01965	0.01517	0.02063	0.01893	0.01250	0.51317	0.06141	0.19134	0.01968	0.01873	0.01350	0.00849	0.00699	0.00212	0.00719	0.00652	0.00735	0.01183
24	0.01788	0.15027	0.30735	0.01769	0.02441	0.20414	0.05460	0.02335	0.04825	0.01992	0.01409	0.06122	0.01196	0.00773	0.00644	0.00204	0.00990	0.00598	0.00358	0.00920
25	0.05001	0.08897	0.02419	0.09983	0.22050	0.08013	0.05810	0.12988	0.01912	0.09652	0.05425	0.01886	0.01423	0.00741	0.00671	0.00206	0.00818	0.00632	0.00477	0.00996
26	0.00909	0.00710	0.00824	0.00796	0.00995	0.00625	0.00597	0.01165	0.01791	0.02360	0.40189	0.05934	0.37423	0.01590	0.00824	0.00227	0.00341	0.01363	0.00711	0.00625
27	0.01318	0.01240	0.02093	0.73798	0.04806	0.01550	0.01938	0.01783	0.01395	0.01783	0.01240	0.01860	0.00930	0.00698	0.00698	0.00233	0.00930	0.00620	0.00310	0.00775
28	0.02213	0.02113	0.05317	0.02026	0.13228	0.16907	0.01449	0.32155	0.02382	0.03034	0.01621	0.06358	0.01353	0.01136	0.05283	0.00266	0.00942	0.00678	0.00526	0.01010
29	0.80405	0.01350	0.01026	0.00918	0.01350	0.01565	0.00756	0.02051	0.01188	0.03131	0.00972	0.01134	0.00756	0.00648	0.00432	0.00216	0.00540	0.00378	0.00432	0.00756
30	0.01776	0.07116	0.26820	0.02277	0.16776	0.05578	0.05036	0.06364	0.10202	0.06371	0.03911	0.01842	0.01355	0.00733	0.00676	0.00213	0.00866	0.00616	0.00436	0.01036
31	0.00923	0.00751	0.00895	0.05485	0.01253	0.00720	0.00693	0.01166	0.03490	0.01866	0.07527	0.16720	0.39692	0.06333	0.08963	0.00366	0.00590	0.01366	0.00589	0.00609
32	0.01260	0.01099	0.01721	0.21494	0.19708	0.01170	0.01391	0.01662	0.04066	0.02173	0.17245	0.18732	0.03080	0.01177	0.00767	0.00235	0.00642	0.01069	0.00509	0.00799
33	0.42810	0.01374	0.01336	0.01128	0.01588	0.01499	0.00919	0.06950	0.13228	0.20189	0.01778	0.01727	0.01259	0.00765	0.00563	0.00219	0.00570	0.00544	0.00604	0.00950
34	0.02008	0.01356	0.01545	0.01279	0.01611	0.01489	0.01015	0.31757	0.02220	0.08981	0.02010	0.06907	0.01699	0.08933	0.04500	0.00306	0.06659	0.00769	0.14038	0.00915
35	0.01826	0.20031	0.02273	0.01707	0.09849	0.02009	0.01261	0.07300	0.40688	0.02623	0.02124	0.02074	0.01644	0.00815	0.00642	0.00210	0.00646	0.00656	0.00565	0.01058
36	0.67145	0.01686	0.01188	0.01068	0.01487	0.13685	0.00857	0.02177	0.01322	0.02888	0.00990	0.01155	0.00780	0.00660	0.00465	0.00210	0.00662	0.00390	0.00420	0.00765
37	0.01788	0.01620	0.02636	0.03823	0.60166	0.01640	0.01974	0.02376	0.09505	0.05292	0.01550	0.01856	0.01250	0.00670	0.00694	0.00211	0.00787	0.00644	0.00410	0.01109
38	0.01392	0.01207	0.01662	0.01984	0.22193	0.01123	0.01183	0.04867	0.04542	0.02294	0.05683	0.11734	0.13874	0.01076	0.00709	0.00201	0.00577	0.02728	0.00509	0.20461
39	0.00930	0.00641	0.00786	0.00870	0.00891	0.00620	0.00539	0.00992	0.01181	0.01574	0.03050	0.40989	0.03611	0.37588	0.02176	0.00473	0.00536	0.01516	0.00539	0.00497
40	0.01718	0.28246	0.02782	0.02456	0.29852	0.01985	0.01521	0.02297	0.12055	0.02191	0.07063	0.01926	0.01632	0.00728	0.00617	0.00192	0.00716	0.00610	0.00419	0.00994
41	0.02338	0.15939	0.02328	0.01758	0.06453	0.29981	0.01340	0.19722	0.09098	0.02549	0.01407	0.01507	0.01111	0.00744	0.00626	0.00189	0.00939	0.00527	0.00470	0.00971
42	0.00942	0.00684	0.00874	0.00880	0.01010	0.00631	0.00631	0.01188	0.01729	0.02387	0.45033	0.22547	0.10957	0.06099	0.01004	0.00264	0.00371	0.01442	0.00708	0.00616
43	0.00840	0.00676	0.00750	0.00798	0.00969	0.00585	0.00573	0.01007	0.01529	0.01896	0.09051	0.27969	0.47150	0.01882	0.00845	0.00250	0.00368	0.01622	0.00654	0.00585
44	0.01474	0.00818	0.00836	0.00773	0.00986	0.00845	0.00595	0.10250	0.01697	0.02832	0.02199	0.02483	0.01711	0.00816	0.00515	0.00169	0.00382	0.00648	0.69251	0.00719
45	0.00857	0.00708	0.00752	0.00741	0.00963	0.00603	0.00556	0.01065	0.01668	0.02068	0.19830	0.06415	0.57964	0.01699	0.00824	0.00232	0.00349	0.01431	0.00672	0.00603
46	0.80405	0.01350	0.01026	0.00918	0.01350	0.01565	0.00756	0.02051	0.01188	0.03131	0.00972	0.01134	0.00756	0.00648	0.00432	0.00216	0.00540	0.00378	0.00432	0.00756
47	0.00825	0.00707	0.00707	0.00707	0.00943	0.00589	0.00530	0.01001	0.01591	0.01885	0.07069	0.06716	0.70839	0.01767	0.00825	0.00236	0.00353	0.01473	0.00648	0.00589
48	0.80405	0.01350	0.01026	0.00918	0.01350	0.01565	0.00756	0.02051	0.01188	0.03131	0.00972	0.01134	0.00756	0.00648	0.00432	0.00216	0.00540	0.00378	0.00432	0.00756
49	0.80405	0.01350	0.01026	0.00918	0.01350	0.01565	0.00756	0.02051	0.01188	0.03131	0.00972	0.01134	0.00756	0.00648	0.00432	0.00216	0.00540	0.00378	0.00432	0.00756
50	0.02653	0.01955	0.02094	0.01606	0.02164	0.02164	0.01326	0.68796	0.03281	0.04398	0.01675	0.01675	0.01187	0.00838	0.00698	0.00209	0.00768	0.00628	0.00698	0.01187
51	0.01000	0.00736	0.01063	0.01063	0.01168	0.00841	0.00800	0.01209	0.01104	0.01577	0.01922	0.03035	0.01872	0.16540	0.61579	0.01050	0.01677	0.00791	0.00382	0.00591
52	0.00850	0.00607	0.00810	0.00972	0.01012	0.00567	0.00648	0.00972	0.01336	0.01781	0.03846	0.75020	0.04615	0.02186	0.00891	0.00283	0.00405	0.01984	0.00648	0.00567
53	0.77098	0.01343	0.01051	0.00932	0.01368	0.01542	0.00767	0.02109	0.01222	0.06061	0.01048	0.01187	0.00797	0.00657	0.00443	0.00216	0.00542	0.00392	0.00450	0.00774
54	0.01795	0.01422	0.01544	0.01289	0.01745	0.01489	0.01020	0.13447	0.35139	0.06160	0.02778	0.02649	0.09009	0.00926	0.00681	0.00205	0.00561	0.00757	0.00650	0.16735
55	0.01661	0.02740	0.46131	0.01800	0.02603	0.01463	0.05683	0.06499	0.01653	0.11557	0.01787	0.10094	0.01455	0.00872	0.00705	0.00228	0.00892	0.00734	0.00440	0.01004
56	0.01015	0.00677	0.00761	0.00761	0.00761	0.00677	0.00423	0.01015	0.01015	0.01353	0.02199	0.04567	0.02537	0.75476	0.03552	0.00677	0.00677	0.01015	0.00423	0.00423
57	0.01291	0.00865	0.01081	0.01007	0.01227	0.00846	0.00760	0.01837	0.12196	0.09343	0.45337	0.13447	0.05188	0.01396	0.00803	0.00230	0.00398	0.01228	0.00753	0.00766
58	0.01650	0.01144	0.01495	0.01321	0.01563	0.01315	0.01058	0.06421	0.11851	0.13338	0.07846	0.02590	0.02031	0.02572	0.27143	0.00564	0.13943	0.00759	0.00546	0.00851
59	0.01394	0.07703	0.51828	0.01904	0.02756	0.01590	0.08638	0.02069	0.01478	0.02143	0.03469	0.05456	0.01303	0.00968	0.04082	0.00263	0.01014	0.00645	0.00337	0.00960
60	0.07512	0.01262	0.01626	0.01254	0.01789	0.01154	0.01036	0.08894	0.02060	0.61962	0.02559	0.02245	0.01626	0.00849	0.00686	0.00215	0.00606	0.00677	0.00825	0.01163
61	0.00938	0.00658	0.00851	0.00973	0.01024	0.00634	0.00673	0.01063	0.01302	0.01727	0.03411	0.46071	0.03997	0.20351	0.01564	0.00388	0.00513	0.12727	0.00591	0.00544
62	0.01654	0.01228	0.01887	0.22380	0.17327	0.01316	0.01555	0.06220	0.01669	0.11086	0.02128	0.03436	0.01905	0.01308	0.05382	0.00303	0.00844	0.16989	0.00500	0.00882
63	0.14658	0.01292	0.01439	0.01234	0.01625	0.01397	0.00982	0.10142	0.21467	0.18347	0.05113	0.02407	0.01862	0.04001	0.10593	0.00361	0.00758	0.00707	0.00645	0.00969
64	0.01409	0.09665	0.10257	0.01267	0.01625	0.01366	0.01133	0.08316	0.10761	0.02210	0.02039	0.09535	0.01857	0.04941	0.24906	0.00534	0.01071	0.00797	0.05496	0.00813
65	0.15241	0.06169	0.06248	0.03855	0.06610	0.01413	0.04478	0.08891	0.01594	0.02488	0.04763	0.02261	0.01559	0.01542	0.12907	0.00355	0.00892	0.04806	0.00445	0.13482

[dist]
# distance from previous block
# <min> <max>
0	51

[block]
# block no. 4 follows, 30 sequences, length 64
# corresponding to MSA columns:
# 341-404
name=unknown_E
#
# <colnr> <probs for GDERKNQSTAVLIFYWHMCP>
#	G	D	E	R	K	N	Q	S	T	A	V	L	I	F	Y	W	H	M	C	P
0	0.01521	0.01168	0.01778	0.23203	0.10903	0.01265	0.04212	0.06851	0.01576	0.08305	0.02185	0.04650	0.07232	0.06761	0.11871	0.00392	0.00925	0.00794	0.03593	0.00817
1	0.01604	0.19901	0.31484	0.12624	0.05311	0.05248	0.01914	0.02313	0.09293	0.02072	0.01360	0.01577	0.01045	0.00686	0.00622	0.00205	0.00898	0.00530	0.00350	0.00961
2	0.02305	0.01987	0.13379	0.01972	0.09216	0.06574	0.10133	0.12447	0.03852	0.24949	0.01857	0.01887	0.01287	0.00745	0.00697	0.00211	0.00831	0.00641	0.00572	0.04459
3	0.02439	0.08516	0.06231	0.01538	0.04699	0.01739	0.01287	0.29417	0.02327	0.22154	0.01871	0.01868	0.01318	0.00822	0.00743	0.00208	0.04622	0.00619	0.06498	0.01085
4	0.01650	0.07005	0.15539	0.07670	0.23576	0.01615	0.01754	0.06194	0.04512	0.05185	0.01638	0.02359	0.01421	0.06936	0.01017	0.00262	0.05076	0.05226	0.00414	0.00953
5	0.48733	0.01817	0.04980	0.01146	0.01565	0.16958	0.00958	0.02094	0.01444	0.02643	0.04345	0.01855	0.07475	0.00798	0.00539	0.00210	0.00697	0.00537	0.00442	0.00763
6	0.01211	0.01073	0.01677	0.45858	0.05780	0.01248	0.01490	0.01562	0.01396	0.01784	0.02350	0.03373	0.10628	0.10759	0.01112	0.00298	0.00792	0.06504	0.00400	0.00704
7	0.01811	0.01936	0.02689	0.15428	0.29624	0.15297	0.13862	0.02324	0.06169	0.02118	0.01374	0.01746	0.01095	0.00669	0.00705	0.00213	0.00973	0.00636	0.00368	0.00962
8	0.00859	0.00668	0.00782	0.00838	0.00985	0.00591	0.00596	0.01037	0.01547	0.01981	0.15386	0.33765	0.34705	0.01883	0.00851	0.00252	0.00370	0.01645	0.00666	0.00591
9	0.01332	0.01262	0.02045	0.57181	0.06819	0.01574	0.01807	0.01737	0.01372	0.01795	0.01551	0.02104	0.05144	0.00828	0.00914	0.00241	0.10517	0.00670	0.00331	0.00776
10	0.01015	0.00677	0.00761	0.00761	0.00761	0.00677	0.00423	0.01015	0.01015	0.01353	0.02199	0.04567	0.02537	0.75476	0.03552	0.00677	0.00677	0.01015	0.00423	0.00423
11	0.00850	0.00607	0.00810	0.00972	0.01012	0.00567	0.00648	0.00972	0.01336	0.01781	0.03846	0.75020	0.04615	0.02186	0.00891	0.00283	0.00405	0.01984	0.00648	0.00567
12	0.03016	0.01372	0.01733	0.01329	0.01873	0.01299	0.01098	0.19096	0.02305	0.55476	0.02494	0.02207	0.01598	0.00857	0.00701	0.00214	0.00636	0.00684	0.00824	0.01187
13	0.02607	0.03326	0.01978	0.01798	0.02157	0.72674	0.01348	0.02787	0.01978	0.01708	0.01079	0.01258	0.00899	0.00719	0.00629	0.00180	0.01258	0.00449	0.00360	0.00809
14	0.00966	0.00712	0.00902	0.00855	0.01029	0.00649	0.00641	0.01275	0.01924	0.02676	0.62211	0.05414	0.15204	0.01472	0.00823	0.00222	0.00332	0.01290	0.00752	0.00649
15	0.01866	0.75896	0.03657	0.01194	0.01791	0.02761	0.01194	0.02090	0.01418	0.01642	0.00970	0.01119	0.00896	0.00597	0.00448	0.00149	0.00746	0.00373	0.00299	0.00896
16	0.01447	0.01240	0.01447	0.01034	0.01654	0.00930	0.00827	0.01757	0.01447	0.02274	0.01240	0.01447	0.01034	0.00517	0.00517	0.00103	0.00517	0.00413	0.00413	0.79742
17	0.02009	0.01482	0.01386	0.01195	0.01562	0.14743	0.00934	0.07038	0.06372	0.21329	0.12445	0.03656	0.20621	0.01154	0.00737	0.00216	0.00632	0.00933	0.00675	0.00880
18	0.12984	0.53778	0.03042	0.01220	0.01788	0.02499	0.01154	0.12624	0.01680	0.02286	0.01082	0.01209	0.00922	0.00642	0.00485	0.00168	0.00721	0.00414	0.00380	0.00922
19	0.00994	0.00740	0.00858	0.00847	0.00995	0.00692	0.00596	0.03993	0.01606	0.02118	0.23184	0.16403	0.24500	0.17691	0.01421	0.00333	0.00443	0.01359	0.00635	0.00595
20	0.01679	0.01557	0.01854	0.37293	0.07469	0.15006	0.01521	0.01970	0.01513	0.06889	0.01638	0.02140	0.04388	0.04036	0.00991	0.07360	0.00895	0.00649	0.00383	0.00767
21	0.01382	0.01173	0.01663	0.39133	0.03157	0.01343	0.01399	0.12120	0.01709	0.02197	0.02674	0.09410	0.14456	0.04175	0.00858	0.00253	0.00739	0.00920	0.00470	0.00772
22	0.02537	0.01123	0.01451	0.01162	0.01613	0.01021	0.00942	0.05367	0.06079	0.49114	0.11283	0.03025	0.07237	0.00999	0.00718	0.00217	0.00539	0.00825	0.03690	0.01056
23	0.01440	0.01465	0.10547	0.01286	0.01677	0.01285	0.01121	0.02564	0.33430	0.05006	0.16568	0.10233	0.08076	0.01181	0.00752	0.00235	0.00544	0.01009	0.00662	0.00920
24	0.01697	0.08041	0.26060	0.12118	0.02813	0.01859	0.05888	0.15697	0.01771	0.02461	0.01305	0.01625	0.01003	0.00951	0.03750	0.00263	0.10770	0.00583	0.00388	0.00959
25	0.41710	0.10260	0.15150	0.01323	0.01875	0.15357	0.01268	0.02227	0.01419	0.02518	0.01046	0.01222	0.00823	0.00659	0.00516	0.00203	0.00795	0.00418	0.00377	0.00834
26	0.00871	0.00633	0.00787	0.00900	0.00964	0.00587	0.00596	0.00983	0.01326	0.01733	0.04088	0.53997	0.14383	0.13176	0.01282	0.00335	0.00438	0.01760	0.00614	0.00548
27	0.01882	0.44525	0.07068	0.01502	0.04419	0.10760	0.01347	0.04593	0.01519	0.01855	0.01087	0.01317	0.00955	0.00717	0.00744	0.00183	0.10479	0.00452	0.03710	0.00884
28	0.01735	0.01356	0.01985	0.01431	0.02055	0.01105	0.13865	0.02092	0.01567	0.12531	0.01497	0.01668	0.01141	0.00582	0.00603	0.00145	0.00655	0.00535	0.00468	0.52984
29	0.01824	0.03120	0.37544	0.01823	0.02532	0.22815	0.01929	0.02669	0.14753	0.02196	0.01505	0.01626	0.01128	0.00734	0.00662	0.00212	0.01007	0.00548	0.00394	0.00979
30	0.01553	0.11698	0.17724	0.23085	0.02973	0.01790	0.01694	0.02586	0.25146	0.02254	0.01762	0.01934	0.01331	0.00763	0.00661	0.00220	0.00798	0.00623	0.00444	0.00962
31	0.01801	0.01531	0.01615	0.01433	0.01839	0.01766	0.01120	0.08334	0.65129	0.03024	0.02757	0.02538	0.02063	0.00939	0.00709	0.00235	0.00568	0.00778	0.00709	0.01110
32	0.00916	0.00654	0.00885	0.01047	0.01116	0.00623	0.00762	0.01085	0.01401	0.01855	0.03810	0.58948	0.04472	0.02124	0.00908	0.00292	0.00462	0.17408	0.00647	0.00585
33	0.01247	0.00774	0.00995	0.00905	0.01127	0.00698	0.00691	0.01550	0.01933	0.11616	0.54500	0.05020	0.13456	0.01393	0.00808	0.00221	0.00366	0.01214	0.00767	0.00719
34	0.00897	0.00706	0.00810	0.00792	0.00989	0.00619	0.00591	0.01139	0.01750	0.02282	0.34901	0.08602	0.40169	0.01633	0.00826	0.00230	0.00345	0.01399	0.00701	0.00619
35	0.00887	0.00709	0.00794	0.00773	0.00981	0.00616	0.00580	0.01123	0.01739	0.02236	0.31560	0.06138	0.46130	0.01636	0.00824	0.00229	0.00344	0.01392	0.00694	0.00616
36	0.01098	0.00854	0.00925	0.00874	0.01135	0.00802	0.00666	0.01590	0.12466	0.05205	0.17998	0.05602	0.45135	0.01536	0.00801	0.00232	0.00391	0.01293	0.00689	0.00709
37	0.02653	0.01955	0.02094	0.01606	0.02164	0.02164	0.01326	0.68796	0.03281	0.04398	0.01675	0.01675	0.01187	0.00838	0.00698	0.00209	0.00768	0.00628	0.00698	0.01187
38	0.01727	0.01658	0.02832	0.04283	0.71123	0.01658	0.02142	0.02142	0.01589	0.02280	0.01313	0.01727	0.01105	0.00622	0.00691	0.00207	0.00829	0.00622	0.00345	0.01105
39	0.01736	0.01499	0.01578	0.01420	0.01815	0.01736	0.01105	0.03708	0.69862	0.02919	0.02840	0.02604	0.02130	0.00947	0.00710	0.00237	0.00552	0.00789	0.00710	0.01105
40	0.01015	0.00677	0.00761	0.00761	0.00761	0.00677	0.00423	0.01015	0.01015	0.01353	0.02199	0.04567	0.02537	0.75476	0.03552	0.00677	0.00677	0.01015	0.00423	0.00423
41	0.01780	0.01521	0.01603	0.01429	0.01831	0.01756	0.01115	0.06843	0.66655	0.02990	0.02784	0.02559	0.02085	0.00941	0.00709	0.00235	0.00563	0.00781	0.00709	0.01108
42	0.01736	0.01499	0.01578	0.01420	0.01815	0.01736	0.01105	0.03708	0.69862	0.02919	0.02840	0.02604	0.02130	0.00947	0.00710	0.00237	0.00552	0.00789	0.00710	0.01105
43	0.02531	0.01086	0.01465	0.01215	0.01649	0.00975	0.01004	0.02874	0.04254	0.50734	0.10355	0.03562	0.02635	0.01096	0.00757	0.00234	0.00571	0.11150	0.00813	0.01041
44	0.01400	0.03610	0.71860	0.01989	0.03020	0.01621	0.02578	0.02210	0.01473	0.02210	0.01252	0.01473	0.00884	0.00663	0.00663	0.00221	0.01031	0.00516	0.00295	0.01031
45	0.01736	0.01499	0.01578	0.01420	0.01815	0.01736	0.01105	0.03708	0.69862	0.02919	0.02840	0.02604	0.02130	0.00947	0.00710	0.00237	0.00552	0.00789	0.00710	0.01105
46	0.00973	0.00747	0.00918	0.01008	0.01193	0.00692	0.00828	0.01216	0.01580	0.01977	0.05190	0.12235	0.33462	0.01876	0.00897	0.00281	0.00498	0.33171	0.00645	0.00614
47	0.01131	0.00933	0.01420	0.04966	0.19124	0.00920	0.01145	0.01371	0.01449	0.01954	0.03178	0.41660	0.05745	0.01674	0.00839	0.00265	0.00566	0.10379	0.00555	0.00724
48	0.02607	0.03326	0.01978	0.01798	0.02157	0.72674	0.01348	0.02787	0.01978	0.01708	0.01079	0.01258	0.00899	0.00719	0.00629	0.00180	0.01258	0.00449	0.00360	0.00809
49	0.09814	0.01256	0.01602	0.01239	0.01771	0.01153	0.01024	0.07932	0.02018	0.60877	0.02522	0.02218	0.01605	0.00843	0.00678	0.00215	0.00601	0.00668	0.00814	0.01150
50	0.04795	0.01355	0.01896	0.26085	0.19997	0.06817	0.01542	0.01787	0.01477	0.02001	0.05984	0.05321	0.04031	0.01540	0.12078	0.00363	0.00982	0.00744	0.00392	0.00813
51	0.02079	0.01572	0.01702	0.01423	0.01866	0.01737	0.01145	0.30477	0.29713	0.06677	0.04790	0.02763	0.06103	0.01004	0.00726	0.00227	0.00629	0.03582	0.00708	0.01078
52	0.01069	0.00726	0.00878	0.00860	0.01054	0.00651	0.00645	0.01316	0.01728	0.06625	0.31244	0.14928	0.26666	0.01593	0.00814	0.00234	0.00374	0.03512	0.04426	0.00656
53	0.01476	0.01393	0.02352	0.40829	0.32795	0.01554	0.01964	0.01913	0.01505	0.02042	0.04554	0.01962	0.01272	0.00700	0.00701	0.00221	0.00859	0.00651	0.00347	0.00910
54	0.01728	0.13745	0.20797	0.04610	0.12365	0.06131	0.16662	0.02211	0.01533	0.05014	0.01275	0.01588	0.00997	0.00695	0.00820	0.00217	0.07716	0.00593	0.00345	0.00961
55	0.01212	0.00606	0.00909	0.00909	0.00909	0.00606	0.00606	0.00909	0.00909	0.01212	0.01212	0.02121	0.01212	0.02424	0.02727	0.79697	0.00606	0.00606	0.00303	0.00303
56	0.00876	0.00627	0.00841	0.00972	0.01024	0.00603	0.00659	0.01013	0.01331	0.01793	0.06467	0.62610	0.04356	0.05486	0.07436	0.00372	0.00544	0.01802	0.00619	0.00570
57	0.01529	0.01254	0.01809	0.01935	0.14355	0.01346	0.05409	0.11112	0.04964	0.04863	0.02451	0.30902	0.02556	0.01375	0.00991	0.00254	0.10310	0.01186	0.00547	0.00850
58	0.01697	0.21809	0.11840	0.01845	0.11069	0.07420	0.03952	0.08538	0.01659	0.02136	0.01825	0.12837	0.04305	0.00967	0.00751	0.00211	0.05049	0.00776	0.00418	0.00895
59	0.07841	0.02088	0.02049	0.02139	0.15199	0.23744	0.01453	0.07649	0.05629	0.03854	0.01302	0.01598	0.01081	0.01021	0.04015	0.00261	0.17202	0.00565	0.00410	0.00900
60	0.00869	0.00695	0.00823	0.00857	0.01026	0.00649	0.00633	0.01051	0.01431	0.01803	0.05213	0.20063	0.41298	0.02644	0.17198	0.00447	0.00709	0.01414	0.00586	0.00592
61	0.08190	0.01831	0.11563	0.05124	0.31213	0.03726	0.01747	0.04412	0.01650	0.15571	0.01534	0.01740	0.01146	0.00710	0.00729	0.00212	0.03931	0.00590	0.00455	0.03926
62	0.15210	0.21069	0.02404	0.04394	0.08050	0.17756	0.04857	0.08759	0.04040	0.02310	0.01229	0.01448	0.01008	0.00872	0.03665	0.00230	0.00906	0.00501	0.00398	0.00893
63	0.01612	0.13576	0.22771	0.02018	0.15579	0.04585	0.01686	0.02142	0.04431	0.02163	0.01278	0.01500	0.01024	0.00619	0.00596	0.00174	0.00796	0.00495	0.00358	0.22595

[dist]
# distance from previous block
# <min> <max>
0	65

[block]
# block no. 5 follows, 30 sequences, length 81
# corresponding to MSA columns:
# 470-550
name=unknown_F
#
# <colnr> <probs for GDERKNQSTAVLIFYWHMCP>
#	G	D	E	R	K	N	Q	S	T	A	V	L	I	F	Y	W	H	M	C	P
0	0.12158	0.11165	0.08894	0.06032	0.08521	0.05853	0.03164	0.13142	0.08376	0.08926	0.03506	0.01758	0.01309	0.00742	0.00626	0.00204	0.00758	0.00579	0.00498	0.03789
1	0.01995	0.13194	0.06044	0.01552	0.08246	0.03876	0.03039	0.04101	0.01756	0.24009	0.11083	0.13548	0.02498	0.01050	0.00704	0.00215	0.00647	0.00894	0.00610	0.00940
2	0.00958	0.00702	0.00866	0.00901	0.01018	0.00664	0.00630	0.02943	0.01545	0.02068	0.21098	0.31961	0.15573	0.11370	0.04141	0.00342	0.00482	0.01504	0.00640	0.00595
3	0.27437	0.01700	0.01664	0.03618	0.01913	0.04981	0.01114	0.35287	0.02338	0.08718	0.01510	0.01572	0.01088	0.00768	0.00603	0.00210	0.00694	0.00546	0.03236	0.01001
4	0.01926	0.06226	0.02384	0.05794	0.38872	0.06488	0.01671	0.06628	0.01734	0.10909	0.01739	0.09361	0.01519	0.00837	0.00694	0.00212	0.00780	0.00746	0.00462	0.01018
5	0.01527	0.01527	0.02137	0.01832	0.01832	0.02137	0.01527	0.01679	0.01069	0.01679	0.00916	0.01527	0.00916	0.01221	0.02290	0.00305	0.74198	0.00611	0.00305	0.00763
6	0.00974	0.00687	0.00908	0.01039	0.01112	0.00668	0.00768	0.01141	0.01368	0.01805	0.03486	0.38979	0.04022	0.15846	0.01415	0.00370	0.00537	0.23707	0.00604	0.00566
