[name]
unknown

[dist]
# distance from previous block
# <min> <max>
0	3

[block]
# block no. 0 follows, 29 sequences, length 35
# corresponding to MSA columns:
# 3-37
name=unknown_A
#
# <colnr> <probs for GDERKNQSTAVLIFYWHMCP>
#	G	D	E	R	K	N	Q	S	T	A	V	L	I	F	Y	W	H	M	C	P
0	0.05111	0.01087	0.01294	0.01222	0.01506	0.01100	0.01000	0.12281	0.04323	0.02585	0.08637	0.05121	0.03116	0.10300	0.01160	0.00311	0.00630	0.29084	0.00615	0.09518
1	0.01952	0.11614	0.08339	0.11543	0.17888	0.07906	0.01618	0.11475	0.01918	0.08454	0.08882	0.02069	0.01710	0.00795	0.00682	0.00208	0.00820	0.00655	0.00481	0.00992
2	0.12315	0.05851	0.02052	0.01717	0.08439	0.03524	0.06155	0.22276	0.05812	0.06347	0.10002	0.02122	0.01853	0.00825	0.00669	0.00206	0.00704	0.00675	0.00576	0.07881
3	0.01695	0.07806	0.11371	0.07710	0.25488	0.01496	0.01652	0.02178	0.04354	0.08938	0.08060	0.02360	0.05411	0.00809	0.00687	0.00206	0.00739	0.00701	0.00467	0.07873
4	0.05205	0.14341	0.04669	0.01807	0.17678	0.01486	0.01207	0.07581	0.01691	0.02388	0.02850	0.04799	0.16948	0.00990	0.00651	0.00203	0.00615	0.00812	0.13209	0.00869
5	0.01591	0.01390	0.01812	0.06261	0.22517	0.05138	0.01338	0.05451	0.11668	0.04797	0.18044	0.03365	0.11536	0.01051	0.00754	0.00223	0.00644	0.00914	0.00579	0.00927
6	0.01504	0.01339	0.02035	0.05169	0.37337	0.01338	0.01533	0.07537	0.01726	0.02338	0.02970	0.14123	0.15781	0.01143	0.00765	0.00231	0.00678	0.01028	0.00494	0.00931
7	0.01454	0.01063	0.01550	0.01631	0.12641	0.00959	0.04827	0.01756	0.01720	0.10935	0.19290	0.13130	0.14225	0.01248	0.00774	0.00219	0.00540	0.01112	0.00622	0.10303
8	0.17609	0.09255	0.01882	0.01399	0.01793	0.08361	0.09021	0.07695	0.01647	0.04762	0.02058	0.22890	0.02082	0.01133	0.00686	0.00225	0.00704	0.00964	0.00512	0.05324
9	0.25634	0.11477	0.02151	0.02120	0.20854	0.09941	0.01361	0.08740	0.04417	0.02693	0.03614	0.01595	0.01209	0.00714	0.00591	0.00205	0.00761	0.00535	0.00440	0.00949
10	0.02059	0.01767	0.02152	0.04624	0.16435	0.06279	0.01503	0.28606	0.02292	0.03103	0.09712	0.02110	0.01784	0.00935	0.00997	0.00230	0.13150	0.00703	0.00542	0.01017
11	0.01757	0.12205	0.22524	0.02104	0.12323	0.11651	0.06232	0.02318	0.05258	0.02168	0.01320	0.01548	0.01045	0.00655	0.00635	0.00189	0.00911	0.00532	0.00366	0.14258
12	0.01332	0.01106	0.01310	0.01050	0.01514	0.00897	0.00808	0.01703	0.05165	0.02300	0.07598	0.16468	0.02316	0.00969	0.00640	0.00159	0.00491	0.00835	0.00516	0.52823
13	0.01856	0.01572	0.01658	0.01466	0.01884	0.01811	0.01148	0.09627	0.63265	0.03116	0.02790	0.02571	0.02086	0.00956	0.00723	0.00239	0.00584	0.00790	0.00723	0.01135
14	0.01711	0.25089	0.18349	0.01739	0.02473	0.01872	0.15390	0.02171	0.01538	0.04853	0.01281	0.01509	0.01010	0.00616	0.00612	0.00180	0.00862	0.00532	0.00364	0.17851
15	0.00889	0.00644	0.00826	0.00944	0.01014	0.00596	0.00638	0.01032	0.01435	0.01907	0.10797	0.57134	0.10998	0.06291	0.01052	0.00301	0.00416	0.01844	0.00660	0.00581
16	0.01468	0.09630	0.65684	0.01962	0.02978	0.01750	0.02514	0.02245	0.01499	0.02207	0.01254	0.01473	0.00903	0.00671	0.00658	0.00219	0.01028	0.00514	0.00301	0.01041
17	0.01667	0.01942	0.10092	0.24300	0.31840	0.10106	0.02004	0.02107	0.01585	0.02072	0.01402	0.05111	0.01191	0.00749	0.00706	0.00221	0.00933	0.00665	0.00352	0.00956
18	0.01505	0.15324	0.60322	0.01898	0.02878	0.01843	0.02402	0.02235	0.01494	0.02161	0.01231	0.01445	0.00904	0.00666	0.00641	0.00214	0.01005	0.00503	0.00301	0.01030
19	0.00932	0.00725	0.00847	0.00816	0.01017	0.00640	0.00612	0.01197	0.01837	0.02431	0.41459	0.06018	0.35683	0.01614	0.00841	0.00231	0.00347	0.01386	0.00728	0.00640
20	0.02594	0.07140	0.13060	0.01365	0.01955	0.01313	0.01280	0.06676	0.01895	0.44766	0.02312	0.02334	0.01600	0.07325	0.00945	0.00257	0.00708	0.00684	0.00695	0.01095
21	0.01806	0.01867	0.02821	0.19966	0.30028	0.10715	0.14829	0.05279	0.01717	0.02224	0.01328	0.01762	0.01053	0.00669	0.00725	0.00220	0.00993	0.00652	0.00364	0.00981
22	0.01300	0.00672	0.00706	0.00706	0.00868	0.00684	0.00532	0.01625	0.01463	0.02567	0.02286	0.02667	0.01821	0.01225	0.06783	0.00252	0.00470	0.00672	0.72038	0.00661
23	0.00884	0.00627	0.00821	0.00970	0.01008	0.00589	0.00638	0.00996	0.01331	0.01775	0.03760	0.67664	0.04502	0.09360	0.01175	0.00329	0.00440	0.01927	0.00638	0.00564
24	0.01272	0.00983	0.01554	0.07579	0.01818	0.00943	0.11670	0.01548	0.01593	0.07215	0.17954	0.13518	0.13130	0.14462	0.01325	0.00322	0.00627	0.01199	0.00585	0.00704
25	0.01636	0.52854	0.02950	0.01196	0.01660	0.02235	0.01119	0.01872	0.01355	0.01669	0.01267	0.01642	0.01176	0.02039	0.22117	0.00452	0.01108	0.00496	0.00328	0.00830
26	0.00842	0.00721	0.00721	0.00721	0.00962	0.00601	0.00541	0.01022	0.01623	0.01924	0.07213	0.06853	0.70244	0.01803	0.00842	0.00240	0.00361	0.01503	0.00661	0.00601
27	0.01498	0.03196	0.52728	0.02298	0.03259	0.01694	0.20700	0.02262	0.01552	0.02262	0.01323	0.01619	0.00951	0.00655	0.00722	0.00230	0.01093	0.00613	0.00317	0.01027
28	0.02132	0.01490	0.01665	0.01410	0.01824	0.01615	0.01113	0.27895	0.22286	0.11867	0.02631	0.16288	0.02248	0.01160	0.00755	0.00237	0.00624	0.00969	0.00727	0.01063
29	0.02707	0.01995	0.02137	0.01638	0.02208	0.02208	0.01353	0.68159	0.03348	0.04488	0.01710	0.01710	0.01211	0.00855	0.00712	0.00214	0.00784	0.00641	0.00712	0.01211
30	0.25969	0.01711	0.01658	0.01343	0.01849	0.05788	0.01093	0.27137	0.08163	0.11973	0.01675	0.01678	0.01206	0.00785	0.00618	0.00211	0.00687	0.00565	0.00617	0.05275
31	0.02264	0.02297	0.02397	0.08209	0.02666	0.26367	0.14370	0.14036	0.11662	0.06250	0.01633	0.01792	0.01226	0.00768	0.00715	0.00215	0.01014	0.00643	0.00499	0.00979
32	0.06073	0.13680	0.02223	0.01444	0.02009	0.01980	0.01227	0.37839	0.02608	0.21176	0.01846	0.01778	0.01286	0.00813	0.00660	0.00206	0.00724	0.00607	0.00678	0.01144
33	0.01724	0.48353	0.29211	0.01524	0.02301	0.02379	0.01751	0.02179	0.01468	0.01894	0.01099	0.01278	0.00909	0.00635	0.00540	0.00180	0.00871	0.00436	0.00303	0.00966
34	0.00965	0.01151	0.12248	0.01087	0.01351	0.00767	0.00953	0.01235	0.01505	0.02005	0.10090	0.40437	0.19916	0.01809	0.00849	0.00261	0.00498	0.01592	0.00613	0.00669

[dist]
# distance from previous block
# <min> <max>
0	1

[block]
# block no. 1 follows, 29 sequences, length 6
# corresponding to MSA columns:
# 39-44
name=unknown_B
#
# <colnr> <probs for GDERKNQSTAVLIFYWHMCP>
#	G	D	E	R	K	N	Q	S	T	A	V	L	I	F	Y	W	H	M	C	P
0	0.01631	0.01612	0.02376	0.10698	0.46666	0.06874	0.01822	0.02000	0.01631	0.02161	0.02314	0.02607	0.12860	0.00849	0.00724	0.00217	0.00808	0.00769	0.00402	0.00980
1	0.27747	0.01697	0.01564	0.01341	0.01702	0.14604	0.01079	0.02457	0.01602	0.19458	0.06261	0.01852	0.01485	0.00884	0.00897	0.00229	0.13134	0.00584	0.00538	0.00885
2	0.01799	0.29857	0.20633	0.01347	0.01995	0.01794	0.01435	0.02184	0.01595	0.13681	0.02542	0.02526	0.14050	0.00897	0.00631	0.00200	0.00737	0.00687	0.00469	0.00942
3	0.01346	0.00959	0.01119	0.01022	0.01295	0.00950	0.00784	0.02040	0.17879	0.08716	0.34404	0.04768	0.19166	0.01365	0.00802	0.00231	0.00419	0.01170	0.00751	0.00812
4	0.01993	0.01659	0.02634	0.10995	0.28895	0.01765	0.09892	0.13470	0.01887	0.09689	0.01516	0.01835	0.01161	0.00767	0.00896	0.00230	0.08531	0.00668	0.00461	0.01055
5	0.02084	0.20480	0.17882	0.01843	0.07513	0.08095	0.01666	0.16549	0.01942	0.07174	0.01364	0.01527	0.01052	0.00763	0.00773	0.00207	0.07079	0.00539	0.00441	0.01026

[dist]
# distance from previous block
# <min> <max>
0	7

[block]
# block no. 2 follows, 29 sequences, length 12
# corresponding to MSA columns:
# 52-63
name=unknown_C
#
# <colnr> <probs for GDERKNQSTAVLIFYWHMCP>
#	G	D	E	R	K	N	Q	S	T	A	V	L	I	F	Y	W	H	M	C	P
0	0.00885	0.00679	0.00811	0.00871	0.01012	0.00605	0.00618	0.01072	0.01589	0.02061	0.18155	0.35511	0.29731	0.01918	0.00870	0.00258	0.00378	0.01684	0.00685	0.00605
1	0.01486	0.09795	0.01863	0.05591	0.16127	0.01383	0.01203	0.02118	0.13486	0.04466	0.25998	0.03343	0.05974	0.01039	0.00727	0.00216	0.00573	0.00901	0.02818	0.00894
2	0.01120	0.00855	0.00931	0.00880	0.01084	0.00813	0.00636	0.08865	0.01720	0.02198	0.12078	0.10984	0.35610	0.17385	0.01429	0.00336	0.00482	0.01320	0.00631	0.00642
3	0.02066	0.01406	0.01585	0.01329	0.01707	0.01491	0.01049	0.36862	0.02522	0.08848	0.07155	0.20818	0.02577	0.01251	0.00758	0.00231	0.00614	0.01049	0.05705	0.00976
4	0.02311	0.01667	0.02028	0.10052	0.05996	0.01870	0.01410	0.31213	0.13026	0.13081	0.01909	0.01971	0.01381	0.00885	0.00869	0.00231	0.07684	0.00675	0.00635	0.01103
5	0.01587	0.00793	0.00955	0.00860	0.01103	0.00742	0.00664	0.01909	0.01776	0.16157	0.25232	0.03505	0.03459	0.01050	0.00656	0.00196	0.00387	0.00884	0.37312	0.00774
6	0.01774	0.12162	0.07470	0.11148	0.37023	0.01837	0.01879	0.09750	0.01753	0.02396	0.01457	0.05520	0.01261	0.00753	0.00680	0.00211	0.00830	0.00665	0.00396	0.01034
7	0.01453	0.02688	0.46480	0.01688	0.02461	0.01334	0.01977	0.02056	0.01515	0.07622	0.01956	0.16943	0.01782	0.01010	0.00719	0.00231	0.00849	0.00850	0.00430	0.05956
8	0.00928	0.00725	0.00841	0.00812	0.01015	0.00638	0.00609	0.01188	0.01826	0.02406	0.39788	0.06059	0.37369	0.01623	0.00841	0.00232	0.00348	0.01392	0.00725	0.00638
9	0.01506	0.22407	0.45146	0.01682	0.02514	0.01849	0.02028	0.02116	0.01548	0.02171	0.09212	0.01851	0.01582	0.00749	0.00637	0.00206	0.00892	0.00576	0.00358	0.00971
10	0.01089	0.00761	0.00930	0.00903	0.01075	0.00734	0.00670	0.01511	0.06508	0.02681	0.45018	0.12811	0.07486	0.01425	0.00786	0.00224	0.00361	0.01249	0.13089	0.00689
11	0.34079	0.04659	0.13372	0.01202	0.01823	0.01461	0.01154	0.04581	0.01443	0.02730	0.01160	0.01345	0.00912	0.00624	0.00521	0.00180	0.00646	0.00432	0.00416	0.27262

[dist]
# distance from previous block
# <min> <max>
0	2

[block]
# block no. 3 follows, 29 sequences, length 108
# corresponding to MSA columns:
# 66-173
name=unknown_D
#
# <colnr> <probs for GDERKNQSTAVLIFYWHMCP>
#	G	D	E	R	K	N	Q	S	T	A	V	L	I	F	Y	W	H	M	C	P
0	0.08585	0.04789	0.02524	0.17150	0.40123	0.01775	0.01876	0.10359	0.01756	0.02544	0.01326	0.01703	0.01063	0.00678	0.00674	0.00215	0.00829	0.00602	0.00396	0.01032
1	0.01692	0.01620	0.02763	0.15955	0.59498	0.01673	0.02150	0.02124	0.01588	0.02241	0.01327	0.01785	0.01098	0.00647	0.00706	0.00216	0.00863	0.00634	0.00346	0.01071
2	0.01935	0.01829	0.02415	0.06658	0.39049	0.09560	0.01801	0.11820	0.07766	0.02590	0.01667	0.02223	0.01405	0.00803	0.00720	0.00221	0.00853	0.05171	0.00457	0.01056
3	0.02877	0.01283	0.01643	0.01308	0.01825	0.01208	0.01065	0.03540	0.17048	0.55829	0.02829	0.02476	0.01854	0.00900	0.00718	0.00225	0.00596	0.00736	0.00846	0.01193
4	0.00935	0.00710	0.00846	0.00841	0.01007	0.00637	0.00611	0.01170	0.01740	0.02316	0.36137	0.14473	0.27996	0.06155	0.01019	0.00266	0.00376	0.01438	0.00705	0.00621
5	0.01313	0.00784	0.00999	0.00947	0.01165	0.00701	0.00708	0.01563	0.01801	0.13913	0.32348	0.20570	0.17238	0.01597	0.00835	0.00241	0.00403	0.01396	0.00750	0.00729
6	0.00926	0.00720	0.00842	0.00821	0.01016	0.00635	0.00612	0.01181	0.01807	0.02385	0.38535	0.09290	0.35373	0.01650	0.00844	0.00235	0.00351	0.01420	0.00723	0.00635
7	0.01081	0.00778	0.01014	0.01115	0.05766	0.00804	0.00668	0.01183	0.01147	0.01577	0.05322	0.04073	0.02502	0.50757	0.18594	0.00736	0.00956	0.00959	0.00431	0.00537
8	0.00961	0.00726	0.00887	0.00847	0.01035	0.00652	0.00635	0.01254	0.01906	0.02595	0.52567	0.05748	0.24472	0.01553	0.00840	0.00229	0.00343	0.01348	0.00750	0.00652
9	0.01477	0.01266	0.01477	0.01055	0.01687	0.00949	0.00844	0.01793	0.01477	0.02320	0.01266	0.01477	0.01055	0.00527	0.00527	0.00105	0.00527	0.00422	0.00422	0.79328
10	0.01050	0.00811	0.01208	0.01189	0.01308	0.00969	0.00931	0.01298	0.01141	0.01657	0.01848	0.02722	0.01729	0.05091	0.67896	0.01094	0.06283	0.00754	0.00377	0.00644
11	0.01981	0.01333	0.02086	0.30156	0.18334	0.01413	0.01650	0.04567	0.01747	0.21571	0.06536	0.02248	0.01629	0.00799	0.00720	0.00225	0.00781	0.00703	0.00529	0.00991
12	0.01125	0.00925	0.01153	0.01041	0.01299	0.00899	0.03899	0.01724	0.13833	0.02568	0.35885	0.05149	0.24881	0.01433	0.00820	0.00233	0.00425	0.01246	0.00716	0.00745
13	0.01020	0.00751	0.01083	0.01083	0.01188	0.00856	0.00813	0.01232	0.01126	0.01607	0.01964	0.03111	0.01916	0.17049	0.60630	0.01068	0.01703	0.00809	0.00390	0.00601
14	0.01697	0.01365	0.02479	0.01973	0.02435	0.01304	0.28210	0.02238	0.06153	0.12432	0.06881	0.04202	0.02572	0.01154	0.00860	0.00264	0.00843	0.21463	0.00582	0.00893
15	0.02422	0.02025	0.01978	0.01962	0.12072	0.19865	0.01358	0.11182	0.19292	0.17414	0.02038	0.02003	0.01487	0.00825	0.00697	0.00214	0.00828	0.00651	0.00610	0.01078
16	0.01449	0.01299	0.01543	0.01406	0.01587	0.06328	0.01115	0.05188	0.11386	0.02113	0.07680	0.02553	0.01985	0.02882	0.31006	0.00629	0.17845	0.00755	0.00466	0.00786
17	0.01001	0.00728	0.00942	0.00888	0.01059	0.00669	0.00666	0.01330	0.01999	0.02815	0.67450	0.05385	0.09451	0.01471	0.00840	0.00225	0.00337	0.01297	0.00779	0.00669
18	0.01447	0.01370	0.02320	0.56419	0.20951	0.01609	0.02028	0.01909	0.01472	0.01943	0.01284	0.01865	0.00993	0.00693	0.00710	0.00231	0.00924	0.00633	0.00325	0.00873
19	0.01528	0.01452	0.02466	0.43100	0.33638	0.01630	0.02069	0.01980	0.01510	0.02041	0.01298	0.01839	0.01027	0.00678	0.00709	0.00226	0.00904	0.00634	0.00332	0.00939
20	0.00867	0.00722	0.00757	0.00748	0.00978	0.00612	0.00561	0.01072	0.01684	0.02067	0.16933	0.06616	0.60435	0.01750	0.00841	0.00238	0.00357	0.01470	0.00680	0.00612
21	0.01569	0.01667	0.03057	0.02352	0.02700	0.01887	0.33375	0.01936	0.01393	0.01993	0.01386	0.06820	0.01268	0.01005	0.01519	0.00276	0.33762	0.00825	0.00359	0.00852
22	0.53966	0.01363	0.01388	0.13098	0.06026	0.01534	0.01069	0.02086	0.01322	0.05522	0.01148	0.01387	0.00880	0.00667	0.00518	0.00215	0.00634	0.00456	0.00431	0.06291
23	0.01438	0.01361	0.02304	0.57877	0.19562	0.01607	0.02024	0.01901	0.01468	0.01933	0.01282	0.01868	0.00989	0.00695	0.00710	0.00232	0.00926	0.00633	0.00324	0.00866
24	0.00876	0.00637	0.00810	0.00943	0.01006	0.00589	0.00630	0.00998	0.01373	0.01800	0.04219	0.61173	0.12762	0.07251	0.01090	0.00311	0.00426	0.01890	0.00645	0.00571
25	0.00895	0.00709	0.00805	0.00812	0.01002	0.00619	0.00597	0.01114	0.01704	0.02188	0.25612	0.15995	0.41904	0.01760	0.00851	0.00242	0.00361	0.01512	0.00698	0.00619
26	0.01917	0.01651	0.02067	0.01656	0.02099	0.12941	0.16612	0.06147	0.06596	0.13864	0.06708	0.06730	0.15686	0.01080	0.00775	0.00228	0.00791	0.00959	0.00593	0.00900
27	0.01428	0.03683	0.71286	0.02030	0.03082	0.01654	0.02631	0.02255	0.01503	0.02255	0.01278	0.01503	0.00902	0.00677	0.00677	0.00226	0.01052	0.00526	0.00301	0.01052
28	0.00866	0.00626	0.00820	0.00976	0.01029	0.00580	0.00654	0.00993	0.01378	0.01824	0.04116	0.70570	0.08527	0.02206	0.00905	0.00286	0.00410	0.01994	0.00661	0.00580
29	0.01428	0.03683	0.71286	0.02030	0.03082	0.01654	0.02631	0.02255	0.01503	0.02255	0.01278	0.01503	0.00902	0.00677	0.00677	0.00226	0.01052	0.00526	0.00301	0.01052
30	0.01762	0.01692	0.02890	0.04371	0.70533	0.01692	0.02185	0.02185	0.01621	0.02326	0.01339	0.01762	0.01128	0.00634	0.00705	0.00211	0.00846	0.00634	0.00352	0.01128
31	0.01762	0.01692	0.02890	0.04371	0.70533	0.01692	0.02185	0.02185	0.01621	0.02326	0.01339	0.01762	0.01128	0.00634	0.00705	0.00211	0.00846	0.00634	0.00352	0.01128
32	0.01408	0.01164	0.01295	0.01265	0.01523	0.01292	0.00940	0.02662	0.41974	0.02512	0.03311	0.31525	0.03192	0.01474	0.00799	0.00261	0.00503	0.01295	0.00699	0.00907
33	0.01762	0.01692	0.02890	0.04371	0.70533	0.01692	0.02185	0.02185	0.01621	0.02326	0.01339	0.01762	0.01128	0.00634	0.00705	0.00211	0.00846	0.00634	0.00352	0.01128
34	0.01581	0.01413	0.02296	0.19143	0.39192	0.01528	0.01811	0.01981	0.01518	0.02224	0.01460	0.01929	0.01191	0.00727	0.00785	0.00217	0.05862	0.00638	0.13554	0.00949
35	0.01423	0.01331	0.01831	0.01571	0.01705	0.01686	0.01289	0.01628	0.01167	0.01802	0.01208	0.01821	0.01144	0.02040	0.17625	0.00463	0.45345	0.00621	0.00346	0.13955
36	0.01000	0.00728	0.00940	0.00887	0.01059	0.00668	0.00665	0.01328	0.01996	0.02809	0.67024	0.05395	0.09882	0.01473	0.00840	0.00225	0.00337	0.01298	0.00778	0.00668
37	0.01003	0.00723	0.00921	0.00874	0.01027	0.00670	0.00639	0.01293	0.01887	0.02645	0.59450	0.05322	0.09421	0.09672	0.01150	0.00277	0.00377	0.01270	0.00738	0.00642
38	0.00907	0.00689	0.00827	0.00919	0.01048	0.00627	0.00666	0.01071	0.01474	0.01869	0.05009	0.35559	0.28832	0.07110	0.01083	0.00304	0.00446	0.10329	0.00644	0.00587
39	0.00914	0.00716	0.00827	0.00817	0.01011	0.00629	0.00606	0.01156	0.01769	0.02310	0.33654	0.11580	0.38087	0.01690	0.00846	0.00237	0.00354	0.01453	0.00713	0.00629
40	0.12619	0.01345	0.01632	0.01263	0.01808	0.01271	0.01041	0.12195	0.02078	0.48475	0.02321	0.02100	0.01512	0.00825	0.00668	0.00211	0.00618	0.00644	0.00771	0.06604
41	0.01662	0.01793	0.03696	0.03189	0.18486	0.01708	0.48602	0.02203	0.01665	0.02281	0.01580	0.02312	0.01301	0.00703	0.00820	0.00240	0.01083	0.05320	0.00379	0.00977
42	0.01345	0.01266	0.02136	0.73264	0.04904	0.01582	0.01978	0.01819	0.01424	0.01819	0.01266	0.01898	0.00949	0.00712	0.00712	0.00237	0.00949	0.00633	0.00316	0.00791
43	0.01933	0.01828	0.05953	0.06863	0.09861	0.05887	0.01437	0.16397	0.33350	0.02981	0.02203	0.04584	0.01713	0.00901	0.00718	0.00229	0.00732	0.00745	0.00604	0.01080
44	0.00932	0.00780	0.00823	0.00833	0.01074	0.00695	0.00646	0.01236	0.05564	0.02009	0.06558	0.06747	0.58524	0.01774	0.00851	0.00251	0.00407	0.08994	0.00664	0.00638
45	0.00938	0.00671	0.00904	0.01050	0.01128	0.00637	0.00764	0.01123	0.01478	0.01973	0.09632	0.54615	0.04756	0.02109	0.00918	0.00292	0.00457	0.15282	0.00671	0.00603
46	0.08592	0.01487	0.01866	0.01885	0.17124	0.01377	0.01225	0.12658	0.01803	0.04658	0.01373	0.01577	0.01091	0.00626	0.00595	0.00160	0.00644	0.00510	0.00468	0.40281
47	0.01740	0.01345	0.02069	0.11541	0.30766	0.01378	0.01573	0.06597	0.03981	0.10632	0.02190	0.18881	0.02060	0.01073	0.00756	0.00235	0.00715	0.00975	0.00521	0.00973
48	0.02176	0.21745	0.02802	0.06949	0.09051	0.34524	0.08878	0.02461	0.01752	0.01847	0.01144	0.01406	0.00957	0.00675	0.00627	0.00188	0.01073	0.00510	0.00345	0.00890
49	0.01412	0.01097	0.01796	0.01470	0.01720	0.01120	0.15742	0.03479	0.01351	0.07154	0.01957	0.03214	0.01885	0.30767	0.18964	0.00632	0.04229	0.00873	0.00441	0.00696
50	0.01771	0.01762	0.02510	0.23998	0.39507	0.09532	0.01976	0.04309	0.03719	0.02202	0.01350	0.01774	0.01087	0.00685	0.00701	0.00217	0.00914	0.00620	0.00366	0.00999
51	0.08718	0.01747	0.01979	0.23728	0.14313	0.13580	0.01557	0.04224	0.14672	0.02310	0.01685	0.05462	0.01389	0.00827	0.00687	0.00225	0.00848	0.00684	0.00449	0.00917
52	0.01609	0.01503	0.02528	0.08617	0.54289	0.01541	0.01933	0.01996	0.01523	0.02166	0.01444	0.02026	0.01260	0.04426	0.09772	0.00351	0.00979	0.00668	0.00357	0.01013
53	0.32298	0.01720	0.01897	0.01641	0.05971	0.07770	0.08853	0.13368	0.05215	0.12567	0.01540	0.01634	0.01121	0.00737	0.00617	0.00219	0.00754	0.00568	0.00540	0.00970
54	0.00983	0.00676	0.00784	0.00823	0.00849	0.00658	0.00493	0.01024	0.01153	0.01521	0.02983	0.21131	0.07803	0.52878	0.02796	0.00565	0.00603	0.01299	0.00501	0.00478
55	0.01700	0.01668	0.02654	0.21838	0.50371	0.05170	0.02092	0.02125	0.01591	0.02168	0.01309	0.01773	0.01072	0.00659	0.00704	0.00217	0.00894	0.00625	0.00344	0.01027
56	0.01351	0.01139	0.01353	0.01482	0.10928	0.04065	0.00985	0.09789	0.01976	0.02588	0.24323	0.04869	0.25597	0.01381	0.00806	0.00231	0.00532	0.05170	0.00649	0.00785
57	0.01234	0.01137	0.01827	0.57081	0.04029	0.01361	0.01665	0.01639	0.01450	0.01835	0.02368	0.07647	0.11929	0.00985	0.00745	0.00241	0.00821	0.00863	0.00393	0.00747
58	0.01477	0.01266	0.01477	0.01055	0.01687	0.00949	0.00844	0.01793	0.01477	0.02320	0.01266	0.01477	0.01055	0.00527	0.00527	0.00105	0.00527	0.00422	0.00422	0.79328
59	0.01474	0.01262	0.02102	0.68243	0.04689	0.01545	0.01913	0.01934	0.01467	0.06646	0.01373	0.01935	0.01006	0.00724	0.00712	0.00236	0.00925	0.00639	0.00356	0.00820
60	0.02696	0.02313	0.02110	0.01683	0.02207	0.18116	0.01359	0.53296	0.03045	0.03863	0.01571	0.01613	0.01144	0.00827	0.00696	0.00207	0.00897	0.00600	0.00634	0.01123
61	0.01345	0.01266	0.02136	0.73264	0.04904	0.01582	0.01978	0.01819	0.01424	0.01819	0.01266	0.01898	0.00949	0.00712	0.00712	0.00237	0.00949	0.00633	0.00316	0.00791
62	0.01850	0.01565	0.01708	0.06479	0.02106	0.01809	0.01213	0.11116	0.56870	0.03073	0.02646	0.02494	0.01977	0.00935	0.00722	0.00238	0.00616	0.00774	0.00695	0.01113
63	0.00868	0.00620	0.00826	0.00991	0.01033	0.00578	0.00661	0.00991	0.01363	0.01818	0.03925	0.74510	0.04710	0.02231	0.00909	0.00289	0.00413	0.02024	0.00661	0.00578
64	0.01735	0.01499	0.01659	0.01612	0.05831	0.01713	0.01190	0.03561	0.61498	0.02893	0.02857	0.02908	0.02221	0.01003	0.00738	0.00245	0.00585	0.04454	0.00699	0.01101
65	0.02763	0.01823	0.02010	0.01564	0.02088	0.04656	0.01287	0.45096	0.02828	0.21320	0.01923	0.01868	0.01325	0.00880	0.00805	0.00220	0.05003	0.00652	0.00719	0.01171
66	0.01008	0.00728	0.00952	0.00896	0.01064	0.00672	0.00672	0.01344	0.02016	0.02855	0.70158	0.05319	0.06719	0.01456	0.00840	0.00224	0.00336	0.01288	0.00784	0.00672
67	0.01466	0.01465	0.02422	0.01972	0.02169	0.01804	0.16918	0.01747	0.01240	0.01833	0.01270	0.01919	0.01158	0.02010	0.17580	0.00481	0.40714	0.00705	0.00339	0.00789
68	0.01690	0.43173	0.34089	0.01583	0.02391	0.02295	0.01853	0.02187	0.01472	0.01936	0.01119	0.01305	0.00909	0.00639	0.00556	0.00185	0.00892	0.00446	0.00303	0.00976
69	0.09912	0.01401	0.01707	0.01320	0.01866	0.01355	0.01091	0.17785	0.02257	0.50148	0.02402	0.02152	0.01551	0.00856	0.00691	0.00219	0.00641	0.00670	0.00804	0.01172
70	0.00971	0.00727	0.00918	0.00994	0.01150	0.00674	0.00774	0.01213	0.01647	0.02151	0.18428	0.22975	0.22227	0.01881	0.00899	0.00274	0.00454	0.20331	0.00685	0.00626
71	0.00868	0.00620	0.00826	0.00991	0.01033	0.00578	0.00661	0.00991	0.01363	0.01818	0.03925	0.74510	0.04710	0.02231	0.00909	0.00289	0.00413	0.02024	0.00661	0.00578
72	0.01451	0.07080	0.68087	0.01991	0.03022	0.01709	0.02564	0.02249	0.01501	0.02228	0.01264	0.01486	0.00903	0.00673	0.00666	0.00222	0.01039	0.00519	0.00301	0.01046
73	0.01904	0.75404	0.03731	0.01218	0.01828	0.02818	0.01218	0.02132	0.01447	0.01675	0.00990	0.01142	0.00914	0.00609	0.00457	0.00152	0.00761	0.00381	0.00305	0.00914
74	0.00842	0.00721	0.00721	0.00721	0.00962	0.00601	0.00541	0.01022	0.01623	0.01924	0.07213	0.06853	0.70244	0.01803	0.00842	0.00240	0.00361	0.01503	0.00661	0.00601
75	0.01620	0.00841	0.01082	0.00952	0.01217	0.00766	0.00738	0.01940	0.01934	0.20231	0.41552	0.04132	0.04630	0.01204	0.00751	0.00213	0.00404	0.01037	0.13949	0.00808
76	0.16005	0.01408	0.01655	0.01291	0.01828	0.01390	0.01066	0.17184	0.02182	0.45277	0.02267	0.02057	0.01477	0.00839	0.00669	0.00219	0.00635	0.00644	0.00771	0.01138
77	0.01477	0.01266	0.01477	0.01055	0.01687	0.00949	0.00844	0.01793	0.01477	0.02320	0.01266	0.01477	0.01055	0.00527	0.00527	0.00105	0.00527	0.00422	0.00422	0.79328
78	0.05543	0.01725	0.01815	0.01509	0.01986	0.01954	0.01210	0.31723	0.37646	0.03645	0.02299	0.02180	0.01694	0.00905	0.00707	0.00229	0.00659	0.00716	0.00707	0.01148
79	0.01532	0.19314	0.56563	0.01853	0.02809	0.01907	0.02323	0.02228	0.01491	0.02129	0.01215	0.01425	0.00905	0.00662	0.00629	0.00210	0.00989	0.00494	0.00302	0.01022
80	0.00856	0.00722	0.00741	0.00736	0.00971	0.00607	0.00552	0.01050	0.01657	0.02004	0.12668	0.06720	0.64739	0.01773	0.00841	0.00239	0.00359	0.01484	0.00672	0.00607
81	0.00987	0.00727	0.00923	0.00874	0.01051	0.00663	0.00655	0.01303	0.01966	0.02737	0.62172	0.05514	0.14778	0.01500	0.00840	0.00226	0.00339	0.01315	0.00768	0.00663
82	0.80005	0.01377	0.01047	0.00936	0.01377	0.01597	0.00771	0.02093	0.01212	0.03195	0.00991	0.01157	0.00771	0.00661	0.00441	0.00220	0.00551	0.00386	0.00441	0.00771
83	0.01721	0.01668	0.02901	0.10261	0.60954	0.01689	0.05998	0.02159	0.01608	0.02280	0.01339	0.01783	0.01110	0.00639	0.00713	0.00215	0.00876	0.00646	0.00350	0.01089
84	0.01242	0.01102	0.01774	0.51180	0.03732	0.01304	0.01579	0.01674	0.01604	0.02136	0.22289	0.02942	0.02710	0.00939	0.00751	0.00233	0.00762	0.00833	0.00459	0.00755
85	0.01073	0.00820	0.00975	0.01026	0.01204	0.00804	0.00781	0.01482	0.10925	0.02027	0.04592	0.22757	0.25347	0.01883	0.01039	0.07120	0.00483	0.14370	0.00638	0.00654
86	0.01649	0.01428	0.02136	0.57267	0.04302	0.01722	0.01838	0.16635	0.01854	0.02415	0.01365	0.01856	0.01008	0.00744	0.00712	0.00232	0.00912	0.00635	0.00405	0.00885
87	0.01046	0.00762	0.01025	0.01059	0.01215	0.00754	0.00847	0.01338	0.01667	0.02272	0.28680	0.05878	0.09235	0.05965	0.13018	0.00438	0.00727	0.22784	0.00647	0.00643
88	0.01579	0.01551	0.02415	0.43015	0.29600	0.05732	0.02021	0.02018	0.01533	0.02007	0.01284	0.01811	0.01015	0.00684	0.00705	0.00224	0.00930	0.00623	0.00333	0.00921
89	0.01935	0.01244	0.01749	0.09695	0.02141	0.01237	0.06622	0.10601	0.05982	0.20036	0.23528	0.03110	0.03092	0.01003	0.00756	0.00220	0.00626	0.00878	0.00688	0.04856
90	0.01904	0.75404	0.03731	0.01218	0.01828	0.02818	0.01218	0.02132	0.01447	0.01675	0.00990	0.01142	0.00914	0.00609	0.00457	0.00152	0.00761	0.00381	0.00305	0.00914
91	0.68640	0.01632	0.01193	0.01063	0.01498	0.09884	0.00859	0.04144	0.01370	0.03063	0.01026	0.01188	0.00801	0.00675	0.00472	0.00216	0.00644	0.00402	0.00440	0.00791
92	0.02288	0.01824	0.02188	0.02207	0.17389	0.01996	0.01489	0.39142	0.17583	0.03670	0.01891	0.01931	0.01406	0.00830	0.00713	0.00219	0.00749	0.00676	0.00635	0.01174
93	0.01543	0.01439	0.02276	0.40289	0.24300	0.01647	0.01898	0.02261	0.12888	0.02168	0.01563	0.01985	0.01209	0.00731	0.00712	0.00230	0.00853	0.00662	0.00396	0.00950
94	0.00961	0.00708	0.00908	0.00977	0.01099	0.00666	0.00710	0.01231	0.03550	0.02225	0.25685	0.37866	0.11276	0.01880	0.00882	0.00266	0.00409	0.07365	0.00702	0.00633
95	0.00940	0.00674	0.00873	0.00990	0.01060	0.00650	0.00694	0.01083	0.01352	0.01786	0.03738	0.45012	0.08676	0.14356	0.05512	0.00407	0.00575	0.10445	0.00606	0.00570
96	0.01653	0.01580	0.02692	0.22438	0.53322	0.01663	0.02131	0.02089	0.01570	0.02193	0.01320	0.01798	0.01081	0.00655	0.00707	0.00218	0.00873	0.00634	0.00343	0.01040
97	0.00959	0.00726	0.00884	0.00845	0.01034	0.00651	0.00634	0.01249	0.01901	0.02582	0.51710	0.05769	0.25337	0.01558	0.00840	0.00229	0.00343	0.01351	0.00748	0.00651
98	0.01076	0.00854	0.01105	0.01105	0.01199	0.00942	0.00839	0.01239	0.01309	0.01751	0.03372	0.13884	0.15147	0.18882	0.11679	0.00500	0.12172	0.11828	0.00515	0.00601
99	0.00868	0.00620	0.00826	0.00991	0.01033	0.00578	0.00661	0.00991	0.01363	0.01818	0.03925	0.74510	0.04710	0.02231	0.00909	0.00289	0.00413	0.02024	0.00661	0.00578
100	0.01904	0.75404	0.03731	0.01218	0.01828	0.02818	0.01218	0.02132	0.01447	0.01675	0.00990	0.01142	0.00914	0.00609	0.00457	0.00152	0.00761	0.00381	0.00305	0.00914
101	0.01734	0.01435	0.01661	0.01231	0.01807	0.01293	0.00998	0.15360	0.01832	0.02721	0.01333	0.01530	0.01078	0.00644	0.00691	0.00142	0.05681	0.00481	0.00474	0.57875
102	0.01746	0.01714	0.02736	0.14369	0.57487	0.05182	0.02114	0.02164	0.01612	0.02223	0.01317	0.01759	0.01091	0.00651	0.00703	0.00214	0.00883	0.00625	0.00348	0.01063
103	0.01798	0.59386	0.18819	0.01400	0.02108	0.02558	0.01534	0.02160	0.01459	0.01805	0.01054	0.01223	0.00911	0.00624	0.00506	0.00169	0.00826	0.00413	0.00304	0.00945
104	0.01576	0.01502	0.02554	0.35107	0.41253	0.01643	0.02093	0.02022	0.01533	0.02100	0.01306	0.01823	0.01048	0.00669	0.00708	0.00223	0.00892	0.00634	0.00336	0.00978
105	0.01849	0.14215	0.03902	0.02551	0.03238	0.01906	0.50929	0.02359	0.01672	0.08137	0.01483	0.01833	0.01112	0.00626	0.00765	0.00224	0.01075	0.00752	0.00396	0.00974
106	0.01943	0.02116	0.02456	0.18983	0.35024	0.23158	0.01892	0.02304	0.01698	0.02035	0.01250	0.01647	0.01024	0.00682	0.00687	0.00209	0.01003	0.00580	0.00349	0.00960
107	0.01889	0.73111	0.05890	0.01244	0.01868	0.02780	0.01264	0.02136	0.01449	0.01694	0.00999	0.01154	0.00913	0.00611	0.00464	0.00155	0.00771	0.00385	0.00304	0.00918

[dist]
# distance from previous block
# <min> <max>
0	1

[block]
# block no. 4 follows, 29 sequences, length 28
# corresponding to MSA columns:
# 175-202
name=unknown_E
#
# <colnr> <probs for GDERKNQSTAVLIFYWHMCP>
#	G	D	E	R	K	N	Q	S	T	A	V	L	I	F	Y	W	H	M	C	P
0	0.00866	0.00712	0.00762	0.00771	0.00982	0.00608	0.00570	0.01062	0.01650	0.02037	0.15268	0.13267	0.55380	0.01799	0.00848	0.00243	0.00363	0.01525	0.00678	0.00608
1	0.01770	0.11534	0.52215	0.01812	0.02732	0.01689	0.02211	0.02438	0.01584	0.13346	0.01493	0.01611	0.01043	0.00702	0.00658	0.00216	0.00946	0.00540	0.00395	0.01062
2	0.01786	0.57598	0.20502	0.01420	0.02139	0.02529	0.01569	0.02163	0.01461	0.01819	0.01061	0.01232	0.00911	0.00626	0.00511	0.00170	0.00834	0.00417	0.00304	0.00948
3	0.01762	0.01692	0.02890	0.04371	0.70533	0.01692	0.02185	0.02185	0.01621	0.02326	0.01339	0.01762	0.01128	0.00634	0.00705	0.00211	0.00846	0.00634	0.00352	0.01128
4	0.00885	0.00633	0.00842	0.00980	0.01037	0.00590	0.00662	0.01036	0.01445	0.01948	0.12219	0.65846	0.04961	0.02134	0.00900	0.00281	0.00403	0.01932	0.00676	0.00590
5	0.01392	0.14483	0.39770	0.01580	0.02296	0.01606	0.01841	0.01899	0.01459	0.02008	0.02286	0.02459	0.13462	0.01016	0.00886	0.05556	0.04057	0.00690	0.00368	0.00886
6	0.01804	0.01443	0.01582	0.01390	0.01772	0.01610	0.01106	0.17669	0.37730	0.03226	0.13618	0.03336	0.02859	0.01106	0.00763	0.00240	0.00584	0.06405	0.00726	0.01032
7	0.01024	0.00685	0.00780	0.00792	0.00795	0.00682	0.00448	0.01032	0.01059	0.01412	0.02364	0.09653	0.02740	0.69775	0.03430	0.00662	0.00671	0.01106	0.00448	0.00442
8	0.15513	0.01470	0.01697	0.01323	0.01861	0.01479	0.01092	0.22337	0.02291	0.40386	0.02190	0.02007	0.01439	0.00838	0.00670	0.00218	0.00649	0.00640	0.00760	0.01140
9	0.03044	0.01423	0.07613	0.01332	0.01926	0.01099	0.01182	0.03366	0.01992	0.65139	0.02678	0.02345	0.01689	0.00864	0.00713	0.00221	0.00644	0.00700	0.00832	0.01198
10	0.01195	0.00769	0.01012	0.00928	0.01128	0.00704	0.00704	0.01526	0.02018	0.08691	0.64392	0.05071	0.06294	0.01407	0.00829	0.00224	0.00359	0.01239	0.00792	0.00718
11	0.01017	0.00763	0.01144	0.01144	0.01272	0.00890	0.00890	0.01272	0.01144	0.01653	0.01907	0.02797	0.01780	0.05340	0.72153	0.01144	0.01907	0.00763	0.00381	0.00636
12	0.01762	0.01692	0.02890	0.04371	0.70533	0.01692	0.02185	0.02185	0.01621	0.02326	0.01339	0.01762	0.01128	0.00634	0.00705	0.00211	0.00846	0.00634	0.00352	0.01128
13	0.01647	0.01467	0.02458	0.24822	0.41725	0.01555	0.01983	0.02071	0.01582	0.05190	0.01590	0.02369	0.01356	0.00783	0.00731	0.00230	0.00850	0.06211	0.00391	0.00989
14	0.00862	0.00643	0.00803	0.00931	0.01017	0.00583	0.00634	0.00998	0.01422	0.01842	0.04664	0.59293	0.19450	0.02135	0.00894	0.00278	0.00401	0.01907	0.00661	0.00583
15	0.01771	0.01530	0.01610	0.01449	0.01852	0.01771	0.01127	0.03784	0.69247	0.02979	0.02898	0.02657	0.02174	0.00966	0.00725	0.00242	0.00564	0.00805	0.00725	0.01127
16	0.02271	0.05291	0.02264	0.10853	0.15536	0.45647	0.01602	0.02535	0.01823	0.01860	0.01157	0.01452	0.00962	0.00724	0.00708	0.00198	0.03367	0.00515	0.00354	0.00881
17	0.01653	0.01580	0.02693	0.22416	0.53343	0.01663	0.02131	0.02089	0.01570	0.02194	0.01320	0.01798	0.01081	0.00655	0.00707	0.00218	0.00873	0.00634	0.00343	0.01040
18	0.01701	0.44816	0.32542	0.01564	0.02363	0.02321	0.01821	0.02185	0.01471	0.01923	0.01113	0.01296	0.00909	0.00638	0.00551	0.00184	0.00886	0.00443	0.00303	0.00973
19	0.02654	0.01206	0.01554	0.01252	0.01726	0.01129	0.01013	0.03251	0.14184	0.49880	0.11565	0.02841	0.02480	0.00971	0.00734	0.00225	0.00563	0.00806	0.00840	0.01126
20	0.01197	0.01129	0.09808	0.01080	0.01379	0.00832	0.00955	0.01569	0.01841	0.07206	0.46314	0.07062	0.07777	0.01683	0.06708	0.00303	0.00578	0.01147	0.00687	0.00747
21	0.01033	0.00693	0.00791	0.00786	0.00800	0.00689	0.00451	0.01061	0.01117	0.01503	0.07857	0.04714	0.02930	0.68899	0.03394	0.00652	0.00661	0.01056	0.00461	0.00451
22	0.01961	0.01460	0.01691	0.01419	0.01805	0.01574	0.03540	0.30148	0.14888	0.05864	0.04171	0.13714	0.03928	0.07275	0.01005	0.00275	0.00662	0.02963	0.00676	0.00980
23	0.01136	0.00782	0.00900	0.00896	0.00953	0.00791	0.00559	0.06573	0.01300	0.01736	0.02578	0.20127	0.02952	0.52487	0.02773	0.00561	0.00636	0.01225	0.00506	0.00529
24	0.01582	0.01422	0.01913	0.02013	0.19487	0.01314	0.01275	0.02052	0.07082	0.02324	0.01391	0.01655	0.01156	0.00653	0.00744	0.00162	0.06874	0.00526	0.00420	0.45955
25	0.01937	0.03750	0.06540	0.01494	0.02005	0.20090	0.07022	0.02253	0.01745	0.10721	0.05307	0.04774	0.07214	0.00855	0.00672	0.00185	0.00813	0.00699	0.00494	0.21431
26	0.01790	0.01498	0.01761	0.01528	0.01824	0.01780	0.01239	0.16373	0.26414	0.02900	0.08725	0.02886	0.02262	0.01142	0.01154	0.00258	0.18730	0.06139	0.00620	0.00975
27	0.02250	0.01961	0.01602	0.01415	0.01778	0.28529	0.01083	0.02656	0.08441	0.18741	0.13157	0.08405	0.02503	0.01027	0.00719	0.00211	0.00802	0.00817	0.00619	0.03283

[dist]
# distance from previous block
# <min> <max>
0	51

# created by:
# /home/berkeley/.conda/envs/busco_data_prod/bin/msa2prfl.pl pipeline/OGs_align_augustus/5794/31253.fs
