[name]
unknown

[dist]
# distance from previous block
# <min> <max>
4	440

[block]
# block no. 0 follows, 28 sequences, length 10
# corresponding to MSA columns:
# 447-456
name=unknown_A
#
# <colnr> <probs for GDERKNQSTAVLIFYWHMCP>
#	G	D	E	R	K	N	Q	S	T	A	V	L	I	F	Y	W	H	M	C	P
0	0.09869	0.14554	0.01770	0.01154	0.01587	0.06008	0.00954	0.07533	0.01828	0.14903	0.06907	0.08025	0.15437	0.01113	0.00685	0.00212	0.00617	0.00882	0.00606	0.05354
1	0.01761	0.01866	0.01490	0.01324	0.01651	0.26545	0.00978	0.01956	0.01588	0.01875	0.01734	0.09349	0.01731	0.13184	0.08872	0.00367	0.00988	0.00746	0.00432	0.21564
2	0.01182	0.00928	0.01144	0.01157	0.01286	0.04943	0.00862	0.01398	0.01438	0.04307	0.11019	0.27595	0.03392	0.03263	0.29014	0.00626	0.03957	0.01265	0.00553	0.00671
3	0.01688	0.14669	0.02406	0.01595	0.02078	0.05730	0.15400	0.02121	0.06268	0.06880	0.02422	0.15383	0.06690	0.01050	0.00724	0.00213	0.00752	0.00945	0.00508	0.12479
4	0.15897	0.01664	0.02297	0.01786	0.02313	0.01754	0.18924	0.14548	0.18672	0.03039	0.01848	0.02103	0.01437	0.04988	0.00875	0.00255	0.00795	0.00714	0.00550	0.05543
5	0.01431	0.01190	0.01847	0.23811	0.12646	0.01416	0.01480	0.01672	0.01317	0.01888	0.01399	0.02051	0.01203	0.01485	0.06376	0.14457	0.14147	0.00655	0.08788	0.00743
6	0.15226	0.00984	0.01203	0.14192	0.01927	0.01067	0.01002	0.01607	0.05324	0.02292	0.07873	0.25480	0.10331	0.01503	0.00789	0.00264	0.00568	0.07076	0.00582	0.00714
7	0.51429	0.01255	0.01165	0.01010	0.01431	0.01357	0.00821	0.02257	0.01540	0.15536	0.13686	0.02183	0.02066	0.00862	0.00575	0.00226	0.00533	0.00621	0.00596	0.00852
8	0.00900	0.00719	0.00806	0.00824	0.01017	0.00625	0.00603	0.01108	0.01695	0.02147	0.20026	0.18717	0.44566	0.01844	0.00871	0.00251	0.00372	0.01583	0.00702	0.00625
9	0.01916	0.48422	0.03009	0.01343	0.01830	0.14872	0.01211	0.02146	0.01525	0.01718	0.01203	0.01502	0.01096	0.01532	0.13562	0.00347	0.01088	0.00475	0.00337	0.00864

[dist]
# distance from previous block
# <min> <max>
2	6

[block]
# block no. 1 follows, 28 sequences, length 20
# corresponding to MSA columns:
# 463-482
name=unknown_B
#
# <colnr> <probs for GDERKNQSTAVLIFYWHMCP>
#	G	D	E	R	K	N	Q	S	T	A	V	L	I	F	Y	W	H	M	C	P
0	0.10832	0.01888	0.01661	0.01504	0.04276	0.21065	0.01130	0.12215	0.02109	0.12755	0.16161	0.02524	0.02419	0.01212	0.04859	0.00269	0.00862	0.00733	0.00605	0.00921
1	0.06484	0.01728	0.01949	0.01498	0.02069	0.01805	0.01236	0.41910	0.02824	0.25095	0.02046	0.01939	0.01386	0.00859	0.00708	0.00216	0.00722	0.00658	0.00757	0.04109
2	0.02135	0.01472	0.01627	0.01375	0.01784	0.01594	0.01088	0.27744	0.18929	0.10305	0.02575	0.13183	0.02152	0.01115	0.00737	0.00232	0.00617	0.00922	0.09360	0.01055
3	0.00941	0.00696	0.00852	0.00898	0.01019	0.00636	0.00625	0.01129	0.01609	0.02141	0.23782	0.31381	0.19506	0.09949	0.01199	0.00310	0.00418	0.01616	0.00686	0.00607
4	0.01533	0.01133	0.01156	0.01057	0.01296	0.08643	0.00802	0.05092	0.02001	0.08338	0.38080	0.08114	0.04555	0.01266	0.00764	0.00217	0.00500	0.01078	0.13606	0.00769
5	0.01968	0.12917	0.01987	0.01319	0.01870	0.13085	0.01075	0.02540	0.12818	0.07889	0.01629	0.01703	0.01281	0.00690	0.00596	0.00161	0.00715	0.00520	0.00493	0.34743
6	0.01027	0.00681	0.00938	0.01002	0.01051	0.00698	0.00687	0.01079	0.01192	0.01622	0.02658	0.30319	0.02991	0.15073	0.19635	0.16143	0.00896	0.01289	0.00493	0.00526
7	0.00921	0.00658	0.00881	0.01031	0.01094	0.00618	0.00716	0.01082	0.01469	0.01969	0.09392	0.62974	0.04926	0.02190	0.00928	0.00293	0.00435	0.07133	0.00685	0.00605
8	0.01960	0.10069	0.04727	0.05764	0.09521	0.09581	0.01362	0.02904	0.25990	0.09936	0.02288	0.08949	0.01891	0.00968	0.00711	0.00228	0.00745	0.00801	0.00580	0.01025
9	0.02018	0.06196	0.06715	0.17599	0.07991	0.04709	0.03556	0.23275	0.09360	0.02920	0.01578	0.01825	0.01200	0.00831	0.00851	0.00231	0.06961	0.00644	0.00502	0.01038
10	0.58384	0.13588	0.01614	0.01060	0.01551	0.01835	0.00909	0.05526	0.01436	0.07010	0.01158	0.01283	0.00893	0.00689	0.00483	0.00213	0.00613	0.00426	0.00467	0.00860
11	0.01227	0.01101	0.01649	0.15651	0.20776	0.01113	0.01320	0.01535	0.01594	0.02077	0.06434	0.14300	0.25687	0.01348	0.00805	0.00243	0.00627	0.01188	0.00525	0.00799
12	0.01039	0.00768	0.01111	0.01105	0.01227	0.00865	0.00840	0.01284	0.01256	0.01798	0.09471	0.03318	0.02453	0.11453	0.57399	0.01021	0.01653	0.00864	0.00440	0.00634
13	0.01832	0.02284	0.26762	0.02112	0.13486	0.05127	0.01831	0.04178	0.01677	0.13784	0.02003	0.07081	0.03570	0.01318	0.07117	0.00316	0.03282	0.00750	0.00477	0.01012
14	0.01833	0.01942	0.02634	0.20502	0.29146	0.14492	0.07321	0.02220	0.01629	0.02071	0.01271	0.01736	0.01043	0.00746	0.00891	0.00230	0.08354	0.00631	0.00350	0.00960
15	0.01583	0.01411	0.02313	0.41965	0.14848	0.01600	0.07204	0.07346	0.01678	0.02300	0.01476	0.01987	0.01131	0.00730	0.00712	0.00228	0.00889	0.00668	0.09031	0.00899
16	0.05820	0.01631	0.07214	0.07008	0.07420	0.11629	0.01239	0.01754	0.01524	0.02034	0.09115	0.09838	0.07801	0.13295	0.01416	0.00319	0.08786	0.00940	0.00469	0.00751
17	0.01536	0.04317	0.11001	0.20744	0.23298	0.01506	0.01793	0.01962	0.05356	0.02008	0.01398	0.01919	0.01153	0.01094	0.01164	0.17053	0.00848	0.00630	0.00355	0.00866
18	0.01572	0.01544	0.05042	0.27655	0.17552	0.01558	0.09546	0.07689	0.01768	0.02392	0.07330	0.02481	0.06068	0.00836	0.00752	0.00228	0.00859	0.00773	0.00437	0.03916
19	0.13104	0.01225	0.01693	0.16284	0.15879	0.01270	0.01306	0.01823	0.01557	0.02458	0.12340	0.05999	0.02202	0.01032	0.02941	0.00241	0.00692	0.00761	0.04837	0.12354

[dist]
# distance from previous block
# <min> <max>
2	14

[block]
# block no. 2 follows, 28 sequences, length 10
# corresponding to MSA columns:
# 497-506
name=unknown_C
#
# <colnr> <probs for GDERKNQSTAVLIFYWHMCP>
#	G	D	E	R	K	N	Q	S	T	A	V	L	I	F	Y	W	H	M	C	P
0	0.01385	0.06411	0.17445	0.01301	0.01681	0.01199	0.01230	0.06148	0.01393	0.01935	0.01712	0.07479	0.01656	0.11128	0.11588	0.20226	0.00931	0.00763	0.00399	0.03990
1	0.11902	0.01643	0.01515	0.01317	0.01661	0.11325	0.01014	0.24469	0.02129	0.02908	0.02323	0.10807	0.06813	0.10708	0.05963	0.00353	0.00833	0.00883	0.00573	0.00861
2	0.07250	0.06980	0.01972	0.26036	0.02897	0.18413	0.01429	0.02125	0.01575	0.02057	0.01296	0.01687	0.01045	0.00751	0.00744	0.00205	0.05863	0.00547	0.08095	0.09033
3	0.01920	0.02082	0.07663	0.13025	0.02750	0.16287	0.10828	0.15549	0.02075	0.02599	0.08394	0.02326	0.04092	0.01190	0.05749	0.00289	0.01037	0.00739	0.00486	0.00919
4	0.01298	0.01207	0.01397	0.13451	0.06709	0.08968	0.01099	0.01605	0.01780	0.02280	0.26226	0.11458	0.14400	0.01372	0.00816	0.00239	0.00621	0.03735	0.00602	0.00735
5	0.01403	0.01151	0.01561	0.14357	0.07052	0.01135	0.01181	0.08078	0.01671	0.02315	0.02399	0.25772	0.02504	0.01279	0.00762	0.00227	0.00636	0.05308	0.00531	0.20679
6	0.01287	0.01059	0.01273	0.01054	0.01486	0.00835	0.00795	0.01541	0.01466	0.02187	0.02252	0.27138	0.02396	0.01153	0.00676	0.00174	0.00497	0.01009	0.00517	0.51204
7	0.01550	0.19872	0.01893	0.01110	0.01530	0.03776	0.00919	0.01818	0.01666	0.06112	0.18104	0.13482	0.03035	0.01081	0.00671	0.00187	0.00566	0.00901	0.00551	0.21176
8	0.01278	0.01047	0.01360	0.01204	0.01387	0.01124	0.05359	0.05734	0.04185	0.02068	0.03488	0.11092	0.19388	0.19941	0.01782	0.00371	0.11681	0.01140	0.05684	0.00687
9	0.01666	0.01149	0.01340	0.14272	0.01971	0.06205	0.01012	0.05373	0.01611	0.10725	0.02170	0.07684	0.01900	0.11679	0.08202	0.00378	0.00804	0.00822	0.20267	0.00771

[dist]
# distance from previous block
# <min> <max>
0	2

[block]
# block no. 3 follows, 28 sequences, length 8
# corresponding to MSA columns:
# 509-516
name=unknown_D
#
# <colnr> <probs for GDERKNQSTAVLIFYWHMCP>
#	G	D	E	R	K	N	Q	S	T	A	V	L	I	F	Y	W	H	M	C	P
0	0.22166	0.01675	0.01609	0.08104	0.08463	0.13759	0.01193	0.10212	0.01755	0.02603	0.01930	0.19557	0.01924	0.01115	0.00691	0.00236	0.00755	0.00904	0.00507	0.00841
1	0.01208	0.00954	0.01187	0.01096	0.01313	0.00926	0.00830	0.01398	0.01360	0.01906	0.02681	0.10684	0.07097	0.21729	0.05100	0.00409	0.07275	0.12231	0.00502	0.20113
2	0.04332	0.01176	0.01357	0.01086	0.01567	0.01021	0.00866	0.05092	0.04110	0.02421	0.04589	0.02841	0.10865	0.01384	0.08426	0.00271	0.00684	0.03223	0.00508	0.44179
3	0.01948	0.14779	0.01911	0.01359	0.01657	0.24082	0.01044	0.09126	0.01729	0.01950	0.01642	0.08644	0.01642	0.12986	0.01450	0.11255	0.00887	0.00738	0.00432	0.00740
4	0.01725	0.06999	0.13334	0.17677	0.02930	0.07020	0.06996	0.11118	0.01753	0.02316	0.01590	0.09611	0.01424	0.00975	0.00967	0.00244	0.11220	0.00771	0.00421	0.00910
5	0.20736	0.01044	0.01226	0.01165	0.01364	0.01221	0.00907	0.04393	0.01298	0.02215	0.01875	0.10723	0.01855	0.07500	0.31865	0.00682	0.07947	0.00832	0.00449	0.00703
6	0.02512	0.15196	0.02198	0.01538	0.01997	0.30803	0.01241	0.09957	0.06907	0.13086	0.01666	0.01714	0.01262	0.00788	0.00638	0.00194	0.00932	0.00556	0.05839	0.00975
7	0.38255	0.01507	0.01738	0.05043	0.15935	0.01621	0.01256	0.09566	0.01719	0.14831	0.01501	0.01630	0.01096	0.00732	0.00597	0.00223	0.00679	0.00545	0.00534	0.00991

[dist]
# distance from previous block
# <min> <max>
4	10

[block]
# block no. 4 follows, 28 sequences, length 62
# corresponding to MSA columns:
# 527-588
name=unknown_E
#
# <colnr> <probs for GDERKNQSTAVLIFYWHMCP>
#	G	D	E	R	K	N	Q	S	T	A	V	L	I	F	Y	W	H	M	C	P
0	0.01748	0.01256	0.01666	0.01444	0.01605	0.01543	0.01167	0.04335	0.03987	0.12242	0.01767	0.02308	0.01495	0.06561	0.10832	0.00413	0.32376	0.00711	0.11713	0.00831
1	0.02469	0.01642	0.01986	0.14864	0.02623	0.01797	0.01394	0.30909	0.12774	0.18765	0.02101	0.02095	0.01465	0.00869	0.00730	0.00229	0.00756	0.00696	0.00692	0.01143
2	0.02026	0.01029	0.01246	0.01050	0.01369	0.00988	0.00812	0.09619	0.01951	0.24601	0.15030	0.03329	0.02819	0.11589	0.01130	0.00281	0.00535	0.00866	0.18842	0.00889
3	0.01547	0.01153	0.01297	0.01166	0.01440	0.01197	0.00887	0.21221	0.05835	0.02869	0.12990	0.18044	0.13588	0.09800	0.01154	0.00300	0.00565	0.03444	0.00685	0.00818
4	0.02373	0.02934	0.01832	0.01711	0.02024	0.58245	0.01268	0.02548	0.01935	0.01793	0.01664	0.14924	0.01662	0.01035	0.00706	0.00207	0.01144	0.00768	0.00431	0.00795
5	0.01443	0.01364	0.02308	0.61396	0.15765	0.01634	0.02054	0.01919	0.01487	0.01943	0.01304	0.01915	0.00999	0.00714	0.00726	0.00238	0.00952	0.00646	0.00329	0.00864
6	0.02634	0.02185	0.01937	0.01616	0.02098	0.21487	0.01279	0.23331	0.17080	0.15787	0.02046	0.01971	0.01473	0.00868	0.00710	0.00217	0.00861	0.00653	0.00663	0.01107
7	0.01577	0.01500	0.02549	0.40013	0.36103	0.01669	0.02120	0.02036	0.01550	0.02105	0.01328	0.01871	0.01056	0.00689	0.00723	0.00230	0.00918	0.00647	0.00341	0.00972
8	0.29143	0.01204	0.01210	0.01067	0.01404	0.01296	0.00807	0.02406	0.13457	0.15280	0.02070	0.02708	0.01758	0.21595	0.01472	0.00364	0.00615	0.00721	0.00584	0.00839
9	0.13880	0.01266	0.01453	0.01144	0.01678	0.01121	0.00935	0.04889	0.01699	0.16576	0.04519	0.02426	0.01697	0.00818	0.00627	0.00180	0.00573	0.06380	0.00578	0.37560
10	0.01384	0.01170	0.00946	0.00915	0.01116	0.12603	0.00662	0.01598	0.01584	0.02121	0.03699	0.04120	0.22869	0.12461	0.01133	0.00278	0.00568	0.00967	0.29156	0.00649
11	0.01597	0.01134	0.01310	0.01158	0.01479	0.01170	0.00901	0.07615	0.21583	0.09590	0.31263	0.04220	0.11425	0.01272	0.00800	0.00234	0.00478	0.01084	0.00773	0.00912
12	0.02132	0.01597	0.01850	0.14244	0.02453	0.01795	0.01313	0.36261	0.10009	0.03576	0.04156	0.02159	0.01582	0.00876	0.00699	0.00219	0.00719	0.00697	0.12620	0.01045
13	0.01023	0.00795	0.00946	0.01032	0.01169	0.00782	0.00725	0.01456	0.11780	0.02058	0.04474	0.50469	0.16552	0.01997	0.00886	0.00278	0.00435	0.01775	0.00685	0.00681
14	0.01712	0.02057	0.15393	0.07562	0.43135	0.01726	0.02137	0.02473	0.11919	0.02433	0.01596	0.01898	0.01262	0.00712	0.00718	0.00225	0.00865	0.00654	0.00406	0.01117
15	0.01263	0.00631	0.00947	0.00947	0.00947	0.00631	0.00631	0.00947	0.00947	0.01263	0.01263	0.02210	0.01263	0.02525	0.02841	0.78851	0.00631	0.00631	0.00316	0.00316
16	0.01054	0.00719	0.00863	0.00863	0.00887	0.00743	0.00528	0.01102	0.01078	0.01462	0.02226	0.04401	0.02488	0.61528	0.16415	0.00792	0.00937	0.01005	0.00431	0.00480
17	0.01745	0.01720	0.01616	0.01233	0.01826	0.14859	0.00968	0.02041	0.01616	0.02253	0.01259	0.01469	0.01049	0.00580	0.00561	0.00123	0.00690	0.00438	0.00420	0.63533
18	0.28677	0.16566	0.02064	0.01415	0.01848	0.24173	0.01164	0.04749	0.04393	0.02420	0.01150	0.01330	0.00949	0.00748	0.00671	0.00206	0.05741	0.00460	0.00411	0.00865
19	0.79588	0.01406	0.01068	0.00956	0.01406	0.01631	0.00787	0.02137	0.01237	0.03261	0.01012	0.01181	0.00787	0.00675	0.00450	0.00225	0.00562	0.00394	0.00450	0.00787
20	0.01592	0.01573	0.02844	0.34964	0.28779	0.01697	0.13831	0.02080	0.01575	0.02133	0.01352	0.01891	0.01060	0.00677	0.00748	0.00233	0.00976	0.00685	0.00345	0.00966
21	0.01438	0.01243	0.01834	0.36936	0.07823	0.01446	0.01555	0.04189	0.10855	0.02114	0.01978	0.03149	0.01774	0.12243	0.01216	0.00322	0.00828	0.07783	0.00453	0.00821
22	0.00886	0.00633	0.00843	0.01012	0.01054	0.00590	0.00675	0.01012	0.01392	0.01856	0.04006	0.73979	0.04808	0.02277	0.00928	0.00295	0.00422	0.02066	0.00675	0.00590
23	0.00949	0.00688	0.00906	0.01029	0.01124	0.00644	0.00744	0.01144	0.01553	0.02071	0.14040	0.48995	0.09456	0.02087	0.00924	0.00288	0.00444	0.11602	0.00693	0.00618
24	0.02557	0.01208	0.01544	0.01259	0.01718	0.01142	0.01013	0.03199	0.15171	0.44513	0.15375	0.03075	0.02830	0.01027	0.00756	0.00230	0.00558	0.00858	0.00850	0.01117
25	0.67771	0.01503	0.01240	0.01066	0.01536	0.01727	0.00879	0.12190	0.01572	0.03464	0.01125	0.01268	0.00856	0.00705	0.00493	0.00224	0.00599	0.00434	0.00493	0.00856
26	0.01917	0.01615	0.01705	0.01501	0.01932	0.01859	0.01177	0.11097	0.61195	0.03216	0.02821	0.02602	0.02107	0.00973	0.00738	0.00243	0.00601	0.00803	0.00738	0.01160
27	0.01572	0.01648	0.03333	0.02798	0.13358	0.01567	0.42062	0.02092	0.01748	0.02419	0.14225	0.02623	0.02218	0.00981	0.03752	0.00276	0.01034	0.00908	0.00448	0.00938
28	0.50058	0.01233	0.01103	0.00989	0.01394	0.01307	0.00778	0.01860	0.01316	0.02824	0.01652	0.15569	0.01631	0.00966	0.00560	0.00218	0.00530	0.00730	0.00491	0.14792
29	0.64466	0.01530	0.01287	0.01097	0.01573	0.01753	0.00904	0.15002	0.01666	0.03521	0.01156	0.01292	0.00876	0.00714	0.00504	0.00224	0.00609	0.00445	0.00504	0.00876
30	0.01629	0.14128	0.41284	0.02619	0.21794	0.01882	0.02336	0.02263	0.01560	0.02232	0.01277	0.01553	0.00988	0.00668	0.00664	0.00215	0.00969	0.00545	0.00322	0.01074
31	0.00905	0.00658	0.00820	0.00940	0.01008	0.00609	0.00624	0.01023	0.01387	0.01812	0.04291	0.54319	0.14485	0.11967	0.01292	0.00343	0.00452	0.01848	0.00643	0.00574
32	0.01942	0.01080	0.01264	0.01085	0.01481	0.01009	0.00859	0.02513	0.14358	0.27950	0.04845	0.04490	0.31452	0.01326	0.00788	0.00238	0.00501	0.01098	0.00772	0.00949
33	0.00982	0.00727	0.00931	0.01018	0.01159	0.00677	0.00777	0.01218	0.01656	0.02182	0.18595	0.29813	0.17848	0.01956	0.00918	0.00281	0.00456	0.17470	0.00700	0.00635
34	0.01263	0.00631	0.00947	0.00947	0.00947	0.00631	0.00631	0.00947	0.00947	0.01263	0.01263	0.02210	0.01263	0.02525	0.02841	0.78851	0.00631	0.00631	0.00316	0.00316
35	0.02603	0.14253	0.02346	0.01748	0.02189	0.51375	0.01377	0.11741	0.02158	0.02157	0.01192	0.01349	0.00977	0.00747	0.00636	0.00187	0.01158	0.00482	0.00414	0.00911
36	0.79588	0.01406	0.01068	0.00956	0.01406	0.01631	0.00787	0.02137	0.01237	0.03261	0.01012	0.01181	0.00787	0.00675	0.00450	0.00225	0.00562	0.00394	0.00450	0.00787
37	0.01594	0.01225	0.01358	0.01243	0.01557	0.01308	0.00950	0.12376	0.25832	0.05215	0.08120	0.20307	0.13021	0.01433	0.00808	0.00252	0.00529	0.01228	0.00722	0.00923
38	0.01524	0.01183	0.01406	0.01282	0.01542	0.01341	0.00985	0.12171	0.20531	0.02476	0.02249	0.02908	0.01956	0.13048	0.31281	0.00698	0.01211	0.00810	0.00547	0.00852
39	0.01057	0.00705	0.00793	0.00793	0.00793	0.00705	0.00440	0.01057	0.01057	0.01409	0.02290	0.04757	0.02643	0.74454	0.03700	0.00705	0.00705	0.01057	0.00440	0.00440
40	0.16359	0.02006	0.02327	0.01830	0.02340	0.15459	0.15664	0.12316	0.01983	0.15769	0.01597	0.01736	0.01158	0.00786	0.00797	0.00227	0.05488	0.00629	0.00536	0.00994
41	0.01057	0.00705	0.00793	0.00793	0.00793	0.00705	0.00440	0.01057	0.01057	0.01409	0.02290	0.04757	0.02643	0.74454	0.03700	0.00705	0.00705	0.01057	0.00440	0.00440
42	0.01579	0.21462	0.54044	0.01866	0.02827	0.01984	0.02327	0.02271	0.01520	0.02155	0.01231	0.01443	0.00924	0.00674	0.00635	0.00212	0.01000	0.00500	0.00308	0.01039
43	0.01943	0.74891	0.03809	0.01244	0.01866	0.02876	0.01244	0.02177	0.01477	0.01710	0.01011	0.01166	0.00933	0.00622	0.00466	0.00155	0.00777	0.00389	0.00311	0.00933
44	0.00900	0.00689	0.00831	0.00927	0.01059	0.00619	0.00663	0.01071	0.01536	0.01959	0.07836	0.41909	0.29008	0.02065	0.00904	0.00277	0.00415	0.06043	0.00679	0.00608
45	0.01799	0.01727	0.02950	0.04462	0.69919	0.01727	0.02231	0.02231	0.01655	0.02375	0.01367	0.01799	0.01151	0.00648	0.00720	0.00216	0.00864	0.00648	0.00360	0.01151
46	0.01700	0.01473	0.02098	0.48444	0.04012	0.01764	0.01766	0.14462	0.12151	0.02550	0.01633	0.02021	0.01211	0.00794	0.00729	0.00238	0.00877	0.00675	0.00463	0.00941
47	0.00953	0.00702	0.00875	0.00920	0.01030	0.00668	0.00640	0.01126	0.01487	0.01981	0.16420	0.28201	0.17246	0.14568	0.09400	0.00441	0.00618	0.01504	0.00626	0.00594
48	0.01507	0.01292	0.01507	0.01077	0.01723	0.00969	0.00861	0.01830	0.01507	0.02369	0.01292	0.01507	0.01077	0.00538	0.00538	0.00108	0.00538	0.00431	0.00431	0.78898
49	0.01530	0.01333	0.01941	0.01561	0.01899	0.01410	0.12902	0.13924	0.02027	0.02755	0.21812	0.03833	0.16217	0.01251	0.01068	0.00247	0.11787	0.01048	0.00610	0.00845
50	0.56258	0.01386	0.01172	0.01018	0.01445	0.01576	0.00832	0.11679	0.01602	0.03371	0.01329	0.01499	0.01019	0.00730	0.00500	0.00215	0.00563	0.00476	0.12495	0.00836
51	0.40107	0.01649	0.01958	0.01556	0.02078	0.01810	0.13404	0.14639	0.10842	0.03304	0.01498	0.01640	0.01124	0.00742	0.00617	0.00230	0.00733	0.00587	0.00526	0.00957
52	0.67848	0.01380	0.01164	0.01008	0.01475	0.01544	0.00830	0.02353	0.01367	0.13592	0.01298	0.01380	0.00943	0.00709	0.00493	0.00225	0.00571	0.00446	0.00519	0.00856
53	0.14811	0.01569	0.01781	0.01386	0.01939	0.01609	0.01145	0.27792	0.02462	0.34904	0.02153	0.01996	0.01428	0.00855	0.00686	0.00222	0.00679	0.00650	0.00764	0.01168
54	0.01041	0.00725	0.00935	0.00895	0.01050	0.00667	0.00659	0.01261	0.01831	0.02529	0.50419	0.05151	0.14695	0.01695	0.01163	0.12325	0.00391	0.01240	0.00708	0.00619
55	0.01823	0.01481	0.01600	0.01430	0.01805	0.01668	0.01107	0.15854	0.43183	0.03122	0.02916	0.15872	0.02510	0.01206	0.00772	0.00250	0.00591	0.01022	0.00725	0.01062
56	0.02338	0.01060	0.01428	0.12074	0.02005	0.01023	0.01029	0.02669	0.01799	0.37394	0.02461	0.02470	0.01693	0.00856	0.00656	0.00209	0.00580	0.00700	0.26572	0.00985
57	0.00907	0.00676	0.00820	0.00924	0.01022	0.00618	0.00633	0.01043	0.01438	0.01848	0.04739	0.45581	0.22419	0.10050	0.01215	0.00328	0.00447	0.04060	0.00649	0.00583
58	0.01714	0.03371	0.47301	0.02009	0.02787	0.14856	0.02277	0.02330	0.01568	0.02119	0.01217	0.01501	0.00929	0.00791	0.00945	0.00236	0.12201	0.00539	0.00321	0.00988
59	0.01224	0.00645	0.00918	0.00918	0.00918	0.00645	0.00596	0.00968	0.00968	0.01290	0.01455	0.02687	0.01521	0.16000	0.03002	0.64212	0.00645	0.00711	0.00339	0.00339
60	0.02877	0.01854	0.02069	0.01586	0.02163	0.01983	0.01310	0.52889	0.03112	0.19619	0.02002	0.01912	0.01365	0.00879	0.00728	0.00220	0.00758	0.00672	0.00767	0.01236
61	0.12434	0.01462	0.02049	0.13267	0.25684	0.01459	0.01515	0.04690	0.01587	0.02487	0.01405	0.04502	0.01200	0.00706	0.00641	0.00194	0.00726	0.00607	0.00414	0.22971

[dist]
# distance from previous block
# <min> <max>
0	1

[block]
# block no. 5 follows, 28 sequences, length 26
# corresponding to MSA columns:
# 590-615
name=unknown_F
#
# <colnr> <probs for GDERKNQSTAVLIFYWHMCP>
#	G	D	E	R	K	N	Q	S	T	A	V	L	I	F	Y	W	H	M	C	P
0	0.39309	0.15943	0.01943	0.01317	0.01723	0.15270	0.01103	0.02237	0.01423	0.02473	0.01025	0.01259	0.00867	0.00761	0.00758	0.00217	0.10714	0.00440	0.00391	0.00827
1	0.02095	0.60479	0.07555	0.01301	0.01942	0.02556	0.01307	0.02372	0.01563	0.11185	0.01283	0.01368	0.01051	0.00664	0.00516	0.00170	0.00773	0.00445	0.00392	0.00983
2	0.01450	0.01382	0.01413	0.11217	0.05917	0.14397	0.01031	0.01652	0.01498	0.01846	0.11146	0.06009	0.02587	0.27437	0.07598	0.00470	0.00908	0.00913	0.00461	0.00667
3	0.00895	0.00664	0.00836	0.00949	0.01044	0.00605	0.00652	0.01055	0.01511	0.01985	0.11346	0.54106	0.17472	0.02113	0.00907	0.00279	0.00403	0.01887	0.00688	0.00605
4	0.01449	0.00817	0.00983	0.00899	0.01065	0.00759	0.00612	0.01578	0.01480	0.14964	0.12805	0.04722	0.12264	0.39840	0.02330	0.00481	0.00590	0.01097	0.00613	0.00653
5	0.02329	0.01228	0.01473	0.01193	0.01607	0.01209	0.00962	0.18511	0.02299	0.27783	0.15737	0.02927	0.02678	0.00999	0.00712	0.00213	0.00555	0.00818	0.15746	0.01020
6	0.79588	0.01406	0.01068	0.00956	0.01406	0.01631	0.00787	0.02137	0.01237	0.03261	0.01012	0.01181	0.00787	0.00675	0.00450	0.00225	0.00562	0.00394	0.00450	0.00787
7	0.02090	0.61283	0.03476	0.01364	0.01938	0.15958	0.01274	0.02315	0.01588	0.01723	0.01032	0.01194	0.00934	0.00646	0.00502	0.00162	0.00879	0.00404	0.00323	0.00916
8	0.17123	0.02214	0.21112	0.01564	0.02229	0.01730	0.01562	0.23757	0.02148	0.12614	0.01648	0.01745	0.01174	0.01064	0.04942	0.00281	0.00876	0.00589	0.00559	0.01069
9	0.01927	0.01415	0.01629	0.01386	0.01732	0.01557	0.01092	0.36199	0.02384	0.03224	0.02181	0.13386	0.02026	0.07053	0.18803	0.00501	0.01024	0.00930	0.00615	0.00936
10	0.79588	0.01406	0.01068	0.00956	0.01406	0.01631	0.00787	0.02137	0.01237	0.03261	0.01012	0.01181	0.00787	0.00675	0.00450	0.00225	0.00562	0.00394	0.00450	0.00787
11	0.01766	0.01920	0.02800	0.02821	0.21558	0.14951	0.23092	0.02150	0.01700	0.02142	0.01879	0.16095	0.01820	0.00979	0.00794	0.00236	0.00980	0.00964	0.00428	0.00925
12	0.00929	0.00713	0.00850	0.00870	0.01038	0.00635	0.00632	0.01158	0.01741	0.02292	0.29713	0.22799	0.30376	0.01815	0.00875	0.00251	0.00372	0.01583	0.00722	0.00635
13	0.01751	0.01049	0.01629	0.01316	0.01675	0.00952	0.09941	0.02114	0.02017	0.21827	0.41429	0.04122	0.04645	0.01201	0.00822	0.00230	0.00542	0.01088	0.00769	0.00881
14	0.00904	0.00678	0.00842	0.00946	0.01057	0.00615	0.00665	0.01075	0.01535	0.02000	0.11308	0.47806	0.21248	0.02079	0.00907	0.00278	0.00410	0.04351	0.00687	0.00609
15	0.01012	0.00760	0.00953	0.01076	0.01169	0.00758	0.00740	0.01404	0.10625	0.02018	0.03862	0.64190	0.04452	0.02100	0.00902	0.00289	0.00443	0.01895	0.00684	0.00667
16	0.02513	0.01912	0.02041	0.01622	0.02159	0.02137	0.01321	0.50824	0.20497	0.04178	0.02063	0.01999	0.01494	0.00902	0.00730	0.00226	0.00741	0.00698	0.00730	0.01214
17	0.01788	0.01569	0.02166	0.01588	0.02198	0.01442	0.12624	0.14423	0.01884	0.02746	0.01389	0.01637	0.01104	0.00659	0.00742	0.00165	0.05091	0.00560	0.00469	0.45755
18	0.03115	0.01471	0.01832	0.01404	0.01972	0.01416	0.01160	0.22277	0.02472	0.51135	0.02539	0.02261	0.01634	0.00892	0.00730	0.00223	0.00672	0.00709	0.00849	0.01237
19	0.00886	0.00633	0.00843	0.01012	0.01054	0.00590	0.00675	0.01012	0.01392	0.01856	0.04006	0.73979	0.04808	0.02277	0.00928	0.00295	0.00422	0.02066	0.00675	0.00590
20	0.02696	0.02428	0.02329	0.01869	0.02387	0.28930	0.10382	0.21120	0.02399	0.15833	0.01681	0.01746	0.01209	0.00794	0.00718	0.00211	0.01022	0.00625	0.00574	0.01048
21	0.01214	0.00981	0.01194	0.01046	0.01407	0.00790	0.00773	0.01444	0.01453	0.02127	0.02573	0.35705	0.02837	0.01359	0.00722	0.00196	0.00483	0.01203	0.00546	0.41947
22	0.00874	0.00678	0.00797	0.00892	0.01023	0.00601	0.00621	0.01026	0.01507	0.01903	0.05468	0.44812	0.33031	0.02087	0.00898	0.00274	0.00398	0.01835	0.00675	0.00601
23	0.12871	0.26827	0.16071	0.01464	0.02107	0.11436	0.01456	0.02557	0.01651	0.15253	0.01441	0.01512	0.01077	0.00713	0.00585	0.00198	0.00849	0.00495	0.00451	0.00987
24	0.02356	0.02501	0.01889	0.01693	0.02085	0.36494	0.01324	0.15288	0.13737	0.02589	0.01934	0.02582	0.01661	0.00987	0.00732	0.00224	0.00998	0.09433	0.00546	0.00948
25	0.01418	0.01768	0.15086	0.01493	0.04236	0.08739	0.01275	0.01970	0.10601	0.02000	0.02197	0.12504	0.02144	0.16034	0.14810	0.00506	0.01029	0.00929	0.00467	0.00793

[dist]
# distance from previous block
# <min> <max>
0	1

[block]
# block no. 6 follows, 28 sequences, length 19
# corresponding to MSA columns:
# 617-635
name=unknown_G
#
# <colnr> <probs for GDERKNQSTAVLIFYWHMCP>
#	G	D	E	R	K	N	Q	S	T	A	V	L	I	F	Y	W	H	M	C	P
0	0.01107	0.00875	0.01282	0.22147	0.02189	0.00984	0.01046	0.01327	0.01272	0.01695	0.02329	0.19558	0.02498	0.23500	0.14500	0.00558	0.00943	0.01118	0.00451	0.00621
1	0.01624	0.02711	0.35124	0.02725	0.18521	0.01738	0.13651	0.02479	0.09712	0.02413	0.01548	0.01812	0.01163	0.00703	0.00732	0.00231	0.00992	0.00653	0.00382	0.01085
2	0.56372	0.01187	0.00995	0.00942	0.01266	0.01339	0.00722	0.01811	0.01236	0.02785	0.01659	0.13109	0.01675	0.11126	0.00974	0.00302	0.00560	0.00748	0.00484	0.00708
3	0.00999	0.01040	0.09334	0.01167	0.01347	0.00760	0.00965	0.01231	0.01424	0.01922	0.03561	0.53241	0.04136	0.06241	0.01069	0.00316	0.00547	0.09435	0.00616	0.00650
4	0.29307	0.01969	0.01653	0.01416	0.01877	0.14440	0.01128	0.18981	0.16847	0.03275	0.01646	0.01684	0.01243	0.00807	0.00620	0.00221	0.00760	0.00567	0.00570	0.00990
5	0.01840	0.01958	0.02687	0.02874	0.24324	0.12302	0.09722	0.02147	0.01503	0.02027	0.01176	0.01662	0.01034	0.00912	0.01402	0.00257	0.30245	0.00642	0.00346	0.00941
6	0.06728	0.01292	0.01444	0.01156	0.01611	0.01253	0.00924	0.15952	0.05935	0.08638	0.13630	0.02527	0.02328	0.00879	0.00652	0.00185	0.00544	0.00709	0.10824	0.22790
7	0.01004	0.00742	0.00937	0.00888	0.01071	0.00675	0.00666	0.01323	0.01998	0.02774	0.60310	0.05662	0.16173	0.01539	0.00858	0.00231	0.00347	0.01347	0.00782	0.00675
8	0.01233	0.01032	0.01622	0.13817	0.02187	0.01075	0.09042	0.06772	0.01594	0.02126	0.02922	0.42675	0.03225	0.01875	0.04968	0.00324	0.00734	0.01482	0.00564	0.00732
9	0.02255	0.49218	0.03213	0.01377	0.01984	0.02601	0.01277	0.22139	0.02097	0.05831	0.01322	0.01404	0.01066	0.00711	0.00558	0.00178	0.00777	0.00486	0.00466	0.01040
10	0.00913	0.00678	0.00852	0.00937	0.01048	0.00617	0.00654	0.01100	0.01594	0.02117	0.19546	0.45577	0.17677	0.02014	0.00899	0.00271	0.00394	0.01794	0.00703	0.00617
11	0.02597	0.01953	0.02088	0.01639	0.02191	0.02176	0.01341	0.56407	0.14777	0.04313	0.01957	0.01914	0.01407	0.00892	0.00729	0.00223	0.00761	0.00684	0.00729	0.01221
12	0.01567	0.01011	0.01209	0.01150	0.01420	0.00993	0.00885	0.09727	0.07318	0.12558	0.04138	0.28423	0.16727	0.01680	0.00853	0.00265	0.00524	0.08009	0.00719	0.00824
13	0.02763	0.02036	0.02182	0.01672	0.02254	0.02254	0.01382	0.67496	0.03418	0.04581	0.01745	0.01745	0.01236	0.00873	0.00727	0.00218	0.00800	0.00654	0.00727	0.01236
14	0.01544	0.01286	0.01601	0.01190	0.01742	0.01084	0.04280	0.03998	0.01563	0.02452	0.01440	0.01700	0.01180	0.00632	0.00654	0.00137	0.04348	0.00503	0.10650	0.58018
15	0.11229	0.01785	0.01387	0.01311	0.01598	0.22962	0.00989	0.02366	0.13296	0.02335	0.02131	0.12727	0.01943	0.01410	0.06461	0.00296	0.00852	0.00819	0.13294	0.00809
16	0.41570	0.10651	0.01684	0.01239	0.01698	0.13231	0.01014	0.02606	0.11492	0.06695	0.01428	0.01504	0.01101	0.00740	0.00545	0.00214	0.00716	0.00489	0.00490	0.00894
17	0.08802	0.01988	0.01881	0.01638	0.04269	0.13981	0.01260	0.22714	0.20980	0.11973	0.02048	0.01989	0.01492	0.00863	0.00696	0.00222	0.00785	0.00657	0.00657	0.01104
18	0.01770	0.01751	0.03091	0.04045	0.54502	0.01785	0.11875	0.02206	0.01620	0.02317	0.01349	0.01806	0.01128	0.00694	0.00876	0.00229	0.06826	0.00678	0.00358	0.01097

[dist]
# distance from previous block
# <min> <max>
0	1

[block]
# block no. 7 follows, 28 sequences, length 30
# corresponding to MSA columns:
# 637-661,697-701
name=unknown_H
#
# <colnr> <probs for GDERKNQSTAVLIFYWHMCP>
#	G	D	E	R	K	N	Q	S	T	A	V	L	I	F	Y	W	H	M	C	P
0	0.00954	0.00677	0.00875	0.00951	0.01027	0.00636	0.00645	0.01128	0.01547	0.02115	0.23734	0.43229	0.05124	0.12315	0.01301	0.00333	0.00438	0.01694	0.00680	0.00598
1	0.04890	0.00942	0.01206	0.01048	0.01368	0.00860	0.00817	0.02257	0.01888	0.29489	0.24199	0.11981	0.03749	0.01237	0.00756	0.00227	0.00469	0.01058	0.10661	0.00895
2	0.33444	0.01338	0.01464	0.01176	0.01695	0.01342	0.00971	0.05755	0.01805	0.40995	0.02085	0.01931	0.01374	0.00810	0.00620	0.00225	0.00604	0.00594	0.00714	0.01059
3	0.01748	0.00883	0.00973	0.00883	0.01151	0.00883	0.00685	0.02282	0.09672	0.14768	0.02530	0.02668	0.01895	0.00873	0.00575	0.00188	0.00417	0.00704	0.55388	0.00834
4	0.02898	0.01411	0.01734	0.01363	0.01893	0.01378	0.01115	0.16373	0.10306	0.45938	0.02630	0.02367	0.01739	0.00902	0.00721	0.00224	0.00637	0.00724	0.04446	0.01201
5	0.01751	0.53364	0.15318	0.01337	0.01964	0.02405	0.01403	0.02065	0.01437	0.01779	0.01216	0.01662	0.01136	0.09493	0.00894	0.00235	0.00821	0.00495	0.00326	0.00899
6	0.05643	0.10715	0.01978	0.01507	0.01947	0.14327	0.01202	0.06696	0.42248	0.02747	0.02246	0.02157	0.01720	0.00880	0.00678	0.00223	0.00741	0.00679	0.00609	0.01057
7	0.01336	0.01205	0.09439	0.01157	0.01459	0.00997	0.01015	0.01846	0.07602	0.06148	0.16011	0.03266	0.02833	0.06189	0.22602	0.00533	0.00977	0.00859	0.13747	0.00780
8	0.02243	0.19052	0.02536	0.01645	0.02039	0.09972	0.01398	0.22240	0.02060	0.06158	0.01328	0.01553	0.01077	0.00921	0.01152	0.00230	0.22357	0.00570	0.00478	0.00991
9	0.01507	0.01292	0.01507	0.01077	0.01723	0.00969	0.00861	0.01830	0.01507	0.02369	0.01292	0.01507	0.01077	0.00538	0.00538	0.00108	0.00538	0.00431	0.00431	0.78898
10	0.01127	0.00987	0.01266	0.01201	0.01322	0.01126	0.00945	0.01321	0.01493	0.02006	0.12063	0.16930	0.25836	0.01710	0.01348	0.00280	0.22713	0.05069	0.00580	0.00677
11	0.00867	0.00737	0.00747	0.00744	0.00986	0.00617	0.00558	0.01058	0.01675	0.02006	0.10104	0.06927	0.66858	0.01825	0.00859	0.00245	0.00367	0.01524	0.00681	0.00617
12	0.01162	0.00660	0.00888	0.00888	0.00931	0.00639	0.00590	0.00980	0.01089	0.01408	0.02492	0.03422	0.13593	0.12647	0.02611	0.53770	0.00595	0.00852	0.00397	0.00386
13	0.01943	0.74891	0.03809	0.01244	0.01866	0.02876	0.01244	0.02177	0.01477	0.01710	0.01011	0.01166	0.00933	0.00622	0.00466	0.00155	0.00777	0.00389	0.00311	0.00933
14	0.00987	0.00741	0.00914	0.00871	0.01060	0.00668	0.00653	0.01291	0.01960	0.02682	0.54331	0.05813	0.22209	0.01573	0.00858	0.00233	0.00349	0.01368	0.00770	0.00668
15	0.15966	0.02003	0.02680	0.02434	0.13982	0.13896	0.21603	0.05889	0.01812	0.10693	0.01493	0.01732	0.01116	0.00701	0.00705	0.00223	0.00967	0.00646	0.00465	0.00995
16	0.01957	0.01645	0.02131	0.23267	0.06523	0.01879	0.03991	0.22045	0.22988	0.03081	0.01957	0.02116	0.01452	0.00843	0.00735	0.00235	0.00800	0.00711	0.00577	0.01066
17	0.01423	0.01274	0.02066	0.23955	0.02946	0.01396	0.13027	0.06238	0.06661	0.02240	0.02308	0.23242	0.02269	0.01216	0.00860	0.00257	0.03287	0.01117	0.03393	0.00824
18	0.02103	0.02067	0.17301	0.02645	0.25776	0.01653	0.01889	0.07499	0.06859	0.17427	0.01803	0.01940	0.01317	0.00795	0.00827	0.00230	0.05558	0.00655	0.00520	0.01136
19	0.00919	0.00707	0.00842	0.00876	0.01036	0.00629	0.00631	0.01135	0.01699	0.02223	0.25444	0.27065	0.30447	0.01866	0.00880	0.00256	0.00377	0.01630	0.00713	0.00629
20	0.01643	0.11482	0.38846	0.01677	0.02470	0.01748	0.01924	0.13471	0.01878	0.02572	0.02372	0.02452	0.12607	0.00909	0.00699	0.00222	0.00871	0.00709	0.00443	0.01008
21	0.25726	0.01711	0.02214	0.18191	0.14256	0.06515	0.09396	0.09298	0.01709	0.02724	0.01278	0.01621	0.00987	0.00701	0.00651	0.00226	0.00862	0.00583	0.00421	0.00929
22	0.01586	0.09316	0.01769	0.13485	0.02142	0.01455	0.01167	0.17136	0.02097	0.02793	0.20309	0.11434	0.05628	0.01252	0.00779	0.00236	0.00638	0.05309	0.00620	0.00850
23	0.00886	0.00633	0.00843	0.01012	0.01054	0.00590	0.00675	0.01012	0.01392	0.01856	0.04006	0.73979	0.04808	0.02277	0.00928	0.00295	0.00422	0.02066	0.00675	0.00590
24	0.01767	0.01468	0.01959	0.14326	0.11840	0.01622	0.03438	0.08780	0.27723	0.05502	0.11438	0.02702	0.02349	0.00937	0.00753	0.00236	0.00695	0.00817	0.00616	0.01033
25	0.19388	0.01335	0.01496	0.01199	0.01684	0.01344	0.00983	0.14325	0.02056	0.34509	0.02196	0.02099	0.01490	0.00839	0.00638	0.00216	0.00598	0.00637	0.11908	0.01059
26	0.01710	0.04766	0.19974	0.23246	0.14631	0.01558	0.01947	0.02227	0.01584	0.09542	0.01468	0.01784	0.01090	0.00695	0.00683	0.00212	0.00878	0.00590	0.00401	0.11015
27	0.16167	0.02526	0.01934	0.01683	0.02038	0.35200	0.01324	0.13308	0.01970	0.02503	0.01177	0.01410	0.00963	0.00850	0.00940	0.00222	0.13941	0.00516	0.00436	0.00890
28	0.00955	0.00723	0.00888	0.00906	0.01050	0.00688	0.00652	0.01154	0.01537	0.02031	0.18378	0.17371	0.24924	0.11196	0.13763	0.00469	0.00693	0.01389	0.00623	0.00610
29	0.15882	0.61700	0.03317	0.01192	0.01783	0.02653	0.01162	0.02169	0.01434	0.01989	0.01011	0.01169	0.00907	0.00631	0.00463	0.00168	0.00739	0.00390	0.00336	0.00907

[dist]
# distance from previous block
# <min> <max>
0	3

[block]
# block no. 8 follows, 28 sequences, length 53
# corresponding to MSA columns:
# 709-761
name=unknown_I
#
# <colnr> <probs for GDERKNQSTAVLIFYWHMCP>
#	G	D	E	R	K	N	Q	S	T	A	V	L	I	F	Y	W	H	M	C	P
0	0.01767	0.01145	0.01298	0.01107	0.01477	0.01120	0.00876	0.14057	0.08252	0.15350	0.14658	0.04559	0.28655	0.01356	0.00800	0.00234	0.00509	0.01125	0.00751	0.00904
1	0.02267	0.01790	0.01902	0.01572	0.02065	0.02022	0.01262	0.34440	0.37281	0.03781	0.02376	0.02247	0.01747	0.00932	0.00734	0.00233	0.00683	0.00741	0.00734	0.01192
2	0.01317	0.00685	0.00712	0.00705	0.00875	0.00678	0.00529	0.01656	0.01586	0.02734	0.10158	0.03025	0.02442	0.00921	0.00549	0.00176	0.00339	0.00751	0.69483	0.00678
3	0.10397	0.00864	0.01046	0.01085	0.01268	0.00849	0.00793	0.04042	0.01555	0.10754	0.03420	0.49938	0.03790	0.01849	0.00844	0.00278	0.00492	0.05333	0.00679	0.00724
4	0.01928	0.10400	0.03670	0.02498	0.03131	0.02068	0.41914	0.14484	0.01958	0.02632	0.01427	0.01798	0.01096	0.00716	0.00912	0.00236	0.06952	0.00747	0.00424	0.01008
5	0.01263	0.00631	0.00947	0.00947	0.00947	0.00631	0.00631	0.00947	0.00947	0.01263	0.01263	0.02210	0.01263	0.02525	0.02841	0.78851	0.00631	0.00631	0.00316	0.00316
6	0.01942	0.02177	0.02174	0.01897	0.02014	0.23922	0.01532	0.02110	0.01410	0.01759	0.01007	0.01503	0.00949	0.01108	0.01844	0.00277	0.50645	0.00584	0.00336	0.00810
7	0.01605	0.01356	0.01558	0.01141	0.01767	0.01105	0.00913	0.05975	0.06252	0.02550	0.01435	0.01605	0.01165	0.00590	0.00564	0.00124	0.00557	0.00471	0.00470	0.68798
8	0.01284	0.01091	0.01512	0.01312	0.01583	0.01122	0.08522	0.05456	0.10317	0.02364	0.14410	0.11302	0.18134	0.06697	0.07855	0.00369	0.04100	0.01186	0.00611	0.00771
9	0.01907	0.01911	0.02252	0.04783	0.27585	0.17057	0.04148	0.08854	0.01894	0.02369	0.01947	0.10804	0.01880	0.01041	0.00769	0.00235	0.00900	0.08236	0.00472	0.00954
10	0.12334	0.08768	0.08621	0.01509	0.02094	0.10568	0.01342	0.22519	0.02272	0.20491	0.01754	0.01734	0.01229	0.00799	0.00657	0.00212	0.00812	0.00582	0.00614	0.01087
11	0.00881	0.00652	0.00823	0.00960	0.01041	0.00595	0.00652	0.01018	0.01441	0.01876	0.04636	0.61418	0.16962	0.02195	0.00915	0.00286	0.00412	0.01967	0.00675	0.00595
12	0.00949	0.00740	0.00861	0.00831	0.01037	0.00652	0.00623	0.01218	0.01870	0.02468	0.40357	0.06165	0.36316	0.01653	0.00858	0.00237	0.00355	0.01418	0.00741	0.00652
13	0.02916	0.01161	0.01576	0.01235	0.01737	0.01009	0.01009	0.03207	0.02077	0.59982	0.13179	0.02931	0.02582	0.00990	0.00751	0.00225	0.00576	0.00821	0.00884	0.01152
14	0.02120	0.01645	0.01766	0.01509	0.01969	0.01856	0.01196	0.17978	0.49534	0.08031	0.02683	0.02481	0.01972	0.00955	0.00736	0.00239	0.00628	0.00778	0.00748	0.01176
15	0.79588	0.01406	0.01068	0.00956	0.01406	0.01631	0.00787	0.02137	0.01237	0.03261	0.01012	0.01181	0.00787	0.00675	0.00450	0.00225	0.00562	0.00394	0.00450	0.00787
16	0.02618	0.02143	0.01998	0.01613	0.02115	0.15055	0.01297	0.43607	0.07471	0.06908	0.01807	0.01829	0.01316	0.00857	0.00700	0.00211	0.00841	0.00636	0.05860	0.01119
17	0.01557	0.01533	0.02758	0.40732	0.24359	0.01685	0.12785	0.02047	0.01557	0.02090	0.01344	0.01900	0.01046	0.00684	0.00746	0.00235	0.00979	0.00681	0.00341	0.00939
18	0.01757	0.01463	0.01556	0.01377	0.01773	0.01643	0.01079	0.12052	0.46191	0.03023	0.03422	0.03245	0.12435	0.01311	0.04073	0.00286	0.00639	0.00906	0.00712	0.01056
19	0.02131	0.02262	0.02373	0.01948	0.02345	0.26084	0.13694	0.14298	0.01990	0.02380	0.01419	0.01798	0.01169	0.01578	0.12537	0.00380	0.09630	0.00646	0.00434	0.00904
20	0.01527	0.01386	0.01714	0.01451	0.01761	0.09279	0.11738	0.02076	0.14190	0.02273	0.12944	0.03289	0.10859	0.01356	0.01154	0.14713	0.00699	0.00907	0.05922	0.00762
21	0.00933	0.00717	0.00853	0.00866	0.01039	0.00638	0.00632	0.01169	0.01762	0.02323	0.31638	0.20488	0.30739	0.01790	0.00873	0.00249	0.00369	0.01558	0.00725	0.00638
22	0.01957	0.10087	0.02126	0.01561	0.01907	0.02016	0.01298	0.24424	0.10422	0.02862	0.01665	0.01968	0.01366	0.01795	0.14137	0.00413	0.17830	0.00663	0.00523	0.00979
23	0.00902	0.00640	0.00839	0.00991	0.01029	0.00601	0.00652	0.01016	0.01360	0.01813	0.03842	0.67338	0.04600	0.09202	0.01194	0.00335	0.00449	0.01970	0.00652	0.00576
24	0.01263	0.00631	0.00947	0.00947	0.00947	0.00631	0.00631	0.00947	0.00947	0.01263	0.01263	0.02210	0.01263	0.02525	0.02841	0.78851	0.00631	0.00631	0.00316	0.00316
25	0.01943	0.74891	0.03809	0.01244	0.01866	0.02876	0.01244	0.02177	0.01477	0.01710	0.01011	0.01166	0.00933	0.00622	0.00466	0.00155	0.00777	0.00389	0.00311	0.00933
26	0.01503	0.01213	0.01402	0.01049	0.01611	0.00955	0.00835	0.04124	0.01640	0.04994	0.04620	0.02529	0.11831	0.00796	0.00613	0.00141	0.00518	0.00650	0.00509	0.58469
27	0.01577	0.01325	0.02120	0.50727	0.10802	0.01548	0.01848	0.05778	0.01636	0.06097	0.01668	0.04969	0.01381	0.00870	0.00750	0.00245	0.00890	0.04475	0.00417	0.00876
28	0.01883	0.12900	0.12386	0.01461	0.01979	0.12478	0.01335	0.05043	0.18648	0.07095	0.06547	0.02747	0.10536	0.00980	0.00700	0.00218	0.00766	0.00768	0.00560	0.00972
29	0.02376	0.08882	0.02103	0.17286	0.06563	0.01582	0.01392	0.05998	0.12193	0.30798	0.02204	0.02185	0.01528	0.00830	0.00704	0.00224	0.00728	0.00683	0.00648	0.01093
30	0.12739	0.02038	0.06189	0.04201	0.14907	0.13163	0.03770	0.09633	0.13975	0.09722	0.01758	0.01857	0.01314	0.00782	0.00681	0.00222	0.00840	0.00625	0.00533	0.01048
31	0.01861	0.01445	0.02208	0.01633	0.02217	0.01287	0.17431	0.06671	0.01790	0.13606	0.02320	0.02434	0.09156	0.00813	0.00756	0.00191	0.02950	0.00736	0.00537	0.29958
32	0.01076	0.00773	0.00873	0.00828	0.01073	0.00667	0.00628	0.01314	0.01806	0.06971	0.25716	0.06214	0.46106	0.01669	0.00850	0.00239	0.00378	0.01413	0.00728	0.00678
33	0.15075	0.01335	0.01486	0.01221	0.01687	0.01353	0.00988	0.12733	0.10430	0.28017	0.05302	0.02976	0.12242	0.01034	0.00709	0.00230	0.00584	0.00819	0.00741	0.01038
34	0.02093	0.10154	0.02034	0.01505	0.01975	0.01988	0.01244	0.25691	0.31135	0.03337	0.02400	0.02758	0.01928	0.01009	0.00731	0.00235	0.00687	0.07311	0.00678	0.01106
35	0.00894	0.00704	0.00799	0.00844	0.01009	0.00618	0.00601	0.01072	0.01599	0.02020	0.13347	0.27434	0.39844	0.04614	0.00985	0.00276	0.00394	0.01656	0.00681	0.00608
36	0.01841	0.01692	0.02106	0.01740	0.02032	0.14554	0.13298	0.02093	0.01514	0.09757	0.01683	0.02433	0.01493	0.13690	0.13039	0.00471	0.14570	0.00749	0.00437	0.00808
37	0.15455	0.01275	0.01552	0.01198	0.01757	0.01142	0.00984	0.02997	0.01837	0.46871	0.02273	0.02084	0.01500	0.00796	0.00649	0.00203	0.00595	0.00620	0.00740	0.15471
38	0.01590	0.01590	0.02226	0.01908	0.01908	0.02226	0.01590	0.01749	0.01113	0.01749	0.00954	0.01590	0.00954	0.01272	0.02385	0.00318	0.73123	0.00636	0.00318	0.00795
39	0.01667	0.01592	0.02712	0.25607	0.49807	0.01692	0.02165	0.02115	0.01593	0.02214	0.01344	0.01842	0.01095	0.00672	0.00722	0.00224	0.00896	0.00647	0.00348	0.01045
40	0.16678	0.01455	0.01714	0.01404	0.01807	0.01613	0.01155	0.17282	0.01965	0.23836	0.01850	0.01969	0.01348	0.01441	0.09162	0.00348	0.12694	0.00641	0.00623	0.01013
41	0.02161	0.01771	0.01696	0.01367	0.01899	0.14434	0.01078	0.05264	0.14958	0.14899	0.01893	0.01893	0.01413	0.00745	0.00642	0.00175	0.00715	0.00578	0.00578	0.31843
42	0.00952	0.00736	0.00867	0.00843	0.01041	0.00652	0.00629	0.01219	0.01863	0.02473	0.40769	0.08699	0.33306	0.01666	0.00861	0.00238	0.00357	0.01436	0.00743	0.00652
43	0.01893	0.02039	0.01564	0.01425	0.01664	0.32104	0.01089	0.02143	0.01858	0.02237	0.20445	0.02714	0.02739	0.01036	0.00906	0.00213	0.09902	0.00758	0.12504	0.00767
44	0.01841	0.01692	0.02735	0.15330	0.51430	0.01770	0.02098	0.09736	0.01826	0.02546	0.01399	0.01816	0.01131	0.00687	0.00722	0.00220	0.00873	0.00648	0.00396	0.01105
45	0.00935	0.00739	0.00842	0.00816	0.01028	0.00646	0.00612	0.01190	0.01836	0.02390	0.35210	0.06294	0.41512	0.01682	0.00858	0.00238	0.00357	0.01436	0.00731	0.00646
