[name]
unknown

[dist]
# distance from previous block
# <min> <max>
5	69

[block]
# block no. 0 follows, 25 sequences, length 16
# corresponding to MSA columns:
# 73-88
name=unknown_A
#
# <colnr> <probs for GDERKNQSTAVLIFYWHMCP>
#	G	D	E	R	K	N	Q	S	T	A	V	L	I	F	Y	W	H	M	C	P
0	0.02132	0.01427	0.01673	0.01328	0.01877	0.01335	0.01060	0.07515	0.17213	0.17228	0.09548	0.02617	0.02300	0.00909	0.00722	0.00200	0.00600	0.00749	0.00713	0.28853
1	0.01789	0.01143	0.01317	0.01179	0.01532	0.01130	0.00908	0.02579	0.20091	0.16903	0.12585	0.08236	0.21659	0.04198	0.00971	0.00277	0.00526	0.01218	0.00798	0.00961
2	0.01711	0.01000	0.01350	0.01364	0.04005	0.00989	0.00981	0.01989	0.05775	0.16469	0.05597	0.27482	0.06450	0.01865	0.01276	0.10572	0.04292	0.05314	0.00696	0.00823
3	0.01075	0.00752	0.00890	0.00904	0.00973	0.00721	0.00575	0.01192	0.01468	0.01974	0.17289	0.15629	0.09680	0.40599	0.02581	0.00533	0.00592	0.01394	0.00612	0.00567
4	0.02127	0.01656	0.02768	0.15671	0.17111	0.01763	0.13440	0.02683	0.06261	0.16676	0.01873	0.02174	0.01384	0.00868	0.01026	0.00260	0.09876	0.00762	0.00525	0.01097
5	0.01881	0.01561	0.01748	0.01338	0.01962	0.01436	0.01070	0.12040	0.15989	0.03040	0.01837	0.01925	0.01438	0.00732	0.00651	0.00165	0.00625	0.00586	0.00579	0.49396
6	0.01280	0.01042	0.01654	0.01371	0.01541	0.01014	0.14482	0.01422	0.01280	0.01716	0.02253	0.04427	0.02463	0.57119	0.03289	0.00645	0.00872	0.01081	0.00453	0.00595
7	0.01568	0.01453	0.02394	0.29482	0.30456	0.01570	0.01954	0.02021	0.01742	0.02373	0.10939	0.02852	0.06086	0.00925	0.00800	0.00245	0.00855	0.00847	0.00454	0.00983
8	0.02616	0.02299	0.02301	0.16808	0.03040	0.15466	0.01626	0.39367	0.02907	0.03669	0.01626	0.01815	0.01194	0.00871	0.00761	0.00232	0.00999	0.00657	0.00608	0.01137
9	0.01577	0.01378	0.01763	0.16269	0.02597	0.01183	0.01186	0.01959	0.01595	0.02408	0.01378	0.01707	0.01124	0.00618	0.00618	0.00146	0.00674	0.00509	0.00434	0.60877
10	0.17774	0.00907	0.01031	0.01117	0.01297	0.00930	0.00843	0.01481	0.01588	0.02501	0.11119	0.37422	0.04340	0.01906	0.00885	0.00298	0.00520	0.12656	0.00683	0.00703
11	0.02178	0.01987	0.14142	0.01875	0.07235	0.01470	0.05689	0.10584	0.02027	0.17078	0.01978	0.05638	0.01524	0.00844	0.00732	0.00209	0.00799	0.00719	0.00588	0.22702
12	0.78228	0.01499	0.01140	0.01020	0.01499	0.01739	0.00840	0.02279	0.01320	0.03479	0.01080	0.01260	0.00840	0.00720	0.00480	0.00240	0.00600	0.00420	0.00480	0.00840
13	0.01583	0.01516	0.02099	0.01827	0.01835	0.02069	0.01486	0.01737	0.01183	0.01813	0.01275	0.02235	0.01317	0.11257	0.06873	0.00451	0.57547	0.00748	0.00362	0.00788
14	0.01735	0.01121	0.01654	0.01380	0.01742	0.01044	0.08752	0.02221	0.06827	0.17014	0.29471	0.10237	0.10720	0.01404	0.00883	0.00254	0.00573	0.01259	0.00791	0.00918
15	0.01815	0.01403	0.01580	0.01206	0.01785	0.01226	0.00967	0.14313	0.02073	0.06200	0.02962	0.02979	0.15628	0.00965	0.00698	0.00176	0.00594	0.00778	0.00603	0.42050

[dist]
# distance from previous block
# <min> <max>
5	7

[block]
# block no. 1 follows, 25 sequences, length 18
# corresponding to MSA columns:
# 96-113
name=unknown_B
#
# <colnr> <probs for GDERKNQSTAVLIFYWHMCP>
#	G	D	E	R	K	N	Q	S	T	A	V	L	I	F	Y	W	H	M	C	P
0	0.01668	0.01526	0.02608	0.19128	0.06260	0.01594	0.19427	0.11060	0.01976	0.02651	0.06990	0.16872	0.02438	0.01162	0.00869	0.00265	0.00909	0.01121	0.00537	0.00939
1	0.02029	0.01608	0.02519	0.36451	0.16945	0.01784	0.04593	0.11444	0.01989	0.10613	0.01676	0.02078	0.01227	0.00798	0.00780	0.00247	0.00951	0.00711	0.00491	0.01064
2	0.01955	0.01499	0.02417	0.03332	0.39694	0.01473	0.01882	0.02363	0.01836	0.11988	0.02436	0.03949	0.02240	0.01139	0.00855	0.00267	0.00825	0.18192	0.00560	0.01096
3	0.12942	0.01642	0.01665	0.01497	0.01942	0.01901	0.01171	0.03854	0.57103	0.03277	0.02856	0.02657	0.02146	0.01004	0.00744	0.00260	0.00612	0.00811	0.00744	0.01171
4	0.01310	0.00768	0.01030	0.01123	0.01248	0.00703	0.00780	0.01469	0.01591	0.11574	0.04098	0.62197	0.04665	0.02217	0.00959	0.00304	0.00480	0.01999	0.00754	0.00729
5	0.67072	0.01380	0.01105	0.01028	0.01445	0.01579	0.00822	0.02106	0.01343	0.03262	0.01541	0.11506	0.01459	0.00966	0.00553	0.00251	0.00578	0.00677	0.00514	0.00809
6	0.01972	0.01011	0.01231	0.01026	0.01408	0.00892	0.00808	0.02314	0.01900	0.21180	0.15215	0.03177	0.02873	0.00998	0.00687	0.00199	0.00481	0.00828	0.28212	0.13586
7	0.01856	0.01521	0.02527	0.41087	0.25133	0.01690	0.02103	0.02328	0.01701	0.10241	0.01608	0.02089	0.01204	0.00770	0.00773	0.00247	0.00952	0.00701	0.00432	0.01035
8	0.01066	0.00904	0.01118	0.01324	0.09200	0.00807	0.00839	0.01311	0.01796	0.02273	0.14756	0.13212	0.44986	0.01806	0.00906	0.00261	0.00459	0.01548	0.00697	0.00732
9	0.01577	0.01470	0.02373	0.46624	0.17148	0.01636	0.02000	0.02055	0.01602	0.02178	0.01394	0.01964	0.01090	0.00726	0.00741	0.00230	0.00938	0.00653	0.00371	0.13231
10	0.04841	0.01920	0.02595	0.26328	0.09663	0.07062	0.09498	0.19770	0.05445	0.03006	0.01606	0.01961	0.01204	0.00809	0.00776	0.00244	0.00998	0.00705	0.00504	0.01064
11	0.01693	0.19846	0.02193	0.09780	0.02142	0.01815	0.01210	0.08664	0.13369	0.02487	0.04846	0.20900	0.02671	0.03923	0.00884	0.00265	0.00698	0.01097	0.00588	0.00928
12	0.32090	0.01778	0.01757	0.09852	0.02337	0.05080	0.01262	0.19182	0.10762	0.06407	0.01692	0.01802	0.01248	0.00841	0.00658	0.00241	0.00761	0.00606	0.00600	0.01044
13	0.11260	0.01433	0.01900	0.17646	0.13229	0.04603	0.01459	0.02357	0.05629	0.13178	0.01833	0.04647	0.01473	0.01206	0.01147	0.14039	0.00806	0.00726	0.00511	0.00916
14	0.01450	0.01132	0.01348	0.01157	0.01505	0.01092	0.00889	0.10002	0.01737	0.02412	0.02950	0.03579	0.13503	0.12083	0.21681	0.00579	0.01050	0.00902	0.00537	0.20412
15	0.04719	0.08958	0.01619	0.01209	0.01502	0.10530	0.00909	0.08813	0.01787	0.09091	0.02179	0.06276	0.02061	0.25634	0.01797	0.00398	0.00781	0.00860	0.10064	0.00813
16	0.01725	0.01503	0.01534	0.09803	0.02067	0.11100	0.01139	0.06184	0.13087	0.04946	0.09418	0.21529	0.03178	0.04528	0.00967	0.00280	0.00719	0.01199	0.04218	0.00876
17	0.04998	0.01426	0.01836	0.09032	0.07121	0.01407	0.01314	0.08473	0.08898	0.17446	0.02397	0.06054	0.01973	0.01027	0.00764	0.00232	0.00708	0.07103	0.00657	0.17135

[dist]
# distance from previous block
# <min> <max>
12	22

[block]
# block no. 2 follows, 25 sequences, length 15
# corresponding to MSA columns:
# 136-150
name=unknown_C
#
# <colnr> <probs for GDERKNQSTAVLIFYWHMCP>
#	G	D	E	R	K	N	Q	S	T	A	V	L	I	F	Y	W	H	M	C	P
0	0.01941	0.04999	0.35118	0.01981	0.02820	0.01759	0.08437	0.10238	0.05343	0.09119	0.05315	0.02148	0.01597	0.00842	0.00758	0.00240	0.00960	0.00706	0.04553	0.01128
1	0.07793	0.12289	0.14908	0.01405	0.02029	0.04817	0.01365	0.04299	0.07324	0.06606	0.02961	0.02957	0.15414	0.01014	0.00704	0.00217	0.00742	0.00789	0.00539	0.11828
2	0.01411	0.01433	0.08544	0.01919	0.10142	0.01224	0.06915	0.01738	0.01604	0.05580	0.03419	0.27290	0.11944	0.01826	0.04735	0.00333	0.07147	0.01370	0.00571	0.00856
3	0.01931	0.01368	0.01738	0.06579	0.06855	0.01231	0.01155	0.08541	0.01986	0.13112	0.08206	0.02844	0.08908	0.00931	0.00722	0.00192	0.00637	0.00776	0.00619	0.31667
4	0.01860	0.08640	0.11142	0.01722	0.06955	0.11080	0.01422	0.05575	0.01802	0.02442	0.01621	0.07966	0.01465	0.00831	0.00669	0.00182	0.00821	0.00664	0.00456	0.32687
5	0.01708	0.10944	0.01590	0.01060	0.01437	0.01163	0.00833	0.01933	0.01716	0.13960	0.11766	0.04113	0.14701	0.16461	0.01429	0.00324	0.00602	0.00994	0.00633	0.12632
6	0.02318	0.18332	0.06871	0.01690	0.02160	0.38750	0.01421	0.02604	0.02024	0.02128	0.12598	0.02137	0.02084	0.00901	0.00695	0.00203	0.01080	0.00641	0.00458	0.00908
7	0.01595	0.01378	0.01673	0.07448	0.02154	0.01096	0.01030	0.01955	0.01603	0.02477	0.01378	0.01649	0.01138	0.00592	0.00592	0.00128	0.00616	0.00480	0.00449	0.70569
8	0.00945	0.00675	0.00900	0.01080	0.01125	0.00630	0.00720	0.01080	0.01484	0.01979	0.04274	0.72245	0.05128	0.02429	0.00990	0.00315	0.00450	0.02204	0.00720	0.00630
9	0.01054	0.00831	0.00956	0.00917	0.01148	0.00753	0.00690	0.01429	0.05037	0.02653	0.37290	0.06416	0.34547	0.01732	0.00909	0.00253	0.00390	0.01484	0.00790	0.00720
10	0.00945	0.00675	0.00900	0.01080	0.01125	0.00630	0.00720	0.01080	0.01484	0.01979	0.04274	0.72245	0.05128	0.02429	0.00990	0.00315	0.00450	0.02204	0.00720	0.00630
11	0.01189	0.00760	0.01132	0.01144	0.01223	0.00833	0.00839	0.01220	0.01171	0.01638	0.01944	0.07428	0.01925	0.04389	0.39475	0.30440	0.01429	0.00863	0.00406	0.00552
12	0.01703	0.02493	0.28646	0.01733	0.02432	0.01688	0.01820	0.08977	0.21452	0.02927	0.06299	0.03140	0.08820	0.01078	0.00797	0.00255	0.00820	0.03227	0.00595	0.01098
13	0.02485	0.17068	0.02469	0.01491	0.02135	0.02085	0.01273	0.30255	0.02563	0.09954	0.01694	0.01745	0.01267	0.00789	0.00667	0.00190	0.00761	0.00587	0.00622	0.19898
14	0.01950	0.12353	0.16757	0.02124	0.11890	0.01829	0.05070	0.08419	0.04885	0.05790	0.01568	0.01765	0.01213	0.00717	0.00683	0.00198	0.00854	0.00592	0.00468	0.20874

[dist]
# distance from previous block
# <min> <max>
0	6

[block]
# block no. 3 follows, 25 sequences, length 68
# corresponding to MSA columns:
# 157-167,193-249
name=unknown_D
#
# <colnr> <probs for GDERKNQSTAVLIFYWHMCP>
#	G	D	E	R	K	N	Q	S	T	A	V	L	I	F	Y	W	H	M	C	P
0	0.02021	0.02394	0.10997	0.02747	0.14913	0.13104	0.19414	0.08643	0.05296	0.02662	0.04557	0.06166	0.01701	0.00886	0.00815	0.00243	0.01062	0.00836	0.00480	0.01065
1	0.01797	0.01644	0.02133	0.12226	0.20595	0.07489	0.01598	0.10183	0.02106	0.02814	0.20069	0.03147	0.05177	0.01070	0.00900	0.00242	0.04354	0.00905	0.00570	0.00981
2	0.01844	0.01971	0.07059	0.03011	0.32463	0.08251	0.01804	0.02573	0.12870	0.02596	0.06779	0.02658	0.06490	0.00912	0.00772	0.00230	0.00835	0.00798	0.00511	0.05572
3	0.00974	0.00788	0.00866	0.00846	0.01083	0.00679	0.00635	0.01225	0.01904	0.02420	0.26995	0.06926	0.48255	0.01842	0.00916	0.00256	0.00384	0.01561	0.00763	0.00679
4	0.01591	0.03447	0.53409	0.02580	0.14417	0.01745	0.02656	0.02384	0.01692	0.02507	0.05267	0.01929	0.01395	0.00778	0.00752	0.00243	0.01061	0.00642	0.00368	0.01136
5	0.01097	0.00793	0.01036	0.00975	0.01158	0.00732	0.00732	0.01463	0.02195	0.03109	0.67505	0.05792	0.07316	0.01585	0.00914	0.00244	0.00366	0.01402	0.00854	0.00732
6	0.02073	0.73217	0.04063	0.01327	0.01990	0.03068	0.01327	0.02322	0.01575	0.01824	0.01078	0.01244	0.00995	0.00663	0.00498	0.00166	0.00829	0.00415	0.00332	0.00995
7	0.02092	0.08717	0.02078	0.01386	0.02039	0.05080	0.01143	0.19751	0.02204	0.03086	0.01475	0.01633	0.01173	0.00694	0.00629	0.00157	0.00719	0.00524	0.00532	0.44889
8	0.01090	0.00832	0.01033	0.01139	0.01341	0.00775	0.00939	0.01364	0.01754	0.02201	0.05640	0.13316	0.30130	0.02093	0.01002	0.00315	0.00562	0.33074	0.00717	0.00683
9	0.00945	0.00675	0.00900	0.01080	0.01125	0.00630	0.00720	0.01080	0.01484	0.01979	0.04274	0.72245	0.05128	0.02429	0.00990	0.00315	0.00450	0.02204	0.00720	0.00630
10	0.02642	0.01779	0.01976	0.01612	0.02153	0.01935	0.01300	0.26791	0.29247	0.17957	0.02654	0.02455	0.01881	0.00987	0.00782	0.00247	0.00713	0.00789	0.00821	0.01281
11	0.01658	0.01649	0.03019	0.39637	0.20794	0.01804	0.15824	0.02190	0.01665	0.02229	0.01440	0.02035	0.01113	0.00728	0.00804	0.00252	0.01064	0.00738	0.00365	0.00993
12	0.01249	0.00785	0.01054	0.01035	0.01053	0.00842	0.00690	0.01155	0.01098	0.01498	0.01861	0.03495	0.01993	0.31069	0.11968	0.32397	0.05016	0.00876	0.00400	0.00466
13	0.00945	0.00675	0.00900	0.01080	0.01125	0.00630	0.00720	0.01080	0.01484	0.01979	0.04274	0.72245	0.05128	0.02429	0.00990	0.00315	0.00450	0.02204	0.00720	0.00630
14	0.01464	0.01378	0.02326	0.70887	0.05340	0.01723	0.02153	0.01981	0.01550	0.01981	0.01378	0.02067	0.01034	0.00775	0.00775	0.00258	0.01034	0.00689	0.00345	0.00861
15	0.01748	0.29727	0.44702	0.01882	0.02848	0.02272	0.02293	0.02406	0.01614	0.02221	0.01275	0.01491	0.00987	0.00709	0.00648	0.00216	0.01028	0.00514	0.00329	0.01090
16	0.01696	0.01696	0.02375	0.02036	0.02036	0.02375	0.01696	0.01866	0.01187	0.01866	0.01018	0.01696	0.01018	0.01357	0.02545	0.00339	0.71332	0.00679	0.00339	0.00848
17	0.01830	0.02092	0.04575	0.03268	0.04052	0.01961	0.65098	0.02484	0.01830	0.02484	0.01569	0.02092	0.01176	0.00654	0.00915	0.00261	0.01307	0.00915	0.00392	0.01046
18	0.01464	0.01378	0.02326	0.70887	0.05340	0.01723	0.02153	0.01981	0.01550	0.01981	0.01378	0.02067	0.01034	0.00775	0.00775	0.00258	0.01034	0.00689	0.00345	0.00861
19	0.01811	0.02623	0.22088	0.02902	0.03778	0.01939	0.44787	0.05651	0.01869	0.02597	0.01535	0.01955	0.01130	0.00690	0.00859	0.00256	0.01240	0.00810	0.00394	0.01087
20	0.78228	0.01499	0.01140	0.01020	0.01499	0.01739	0.00840	0.02279	0.01320	0.03479	0.01080	0.01260	0.00840	0.00720	0.00480	0.00240	0.00600	0.00420	0.00480	0.00840
21	0.01097	0.00793	0.01036	0.00975	0.01158	0.00732	0.00732	0.01463	0.02195	0.03109	0.67505	0.05792	0.07316	0.01585	0.00914	0.00244	0.00366	0.01402	0.00854	0.00732
22	0.02028	0.01948	0.03362	0.02928	0.14348	0.01971	0.30679	0.13266	0.12858	0.03016	0.01955	0.02398	0.01526	0.00827	0.00851	0.00255	0.01028	0.03083	0.00533	0.01141
23	0.01128	0.00752	0.00846	0.00846	0.00846	0.00752	0.00470	0.01128	0.01128	0.01503	0.02443	0.05074	0.02819	0.72751	0.03946	0.00752	0.00752	0.01128	0.00470	0.00470
24	0.01037	0.00806	0.00952	0.00962	0.01182	0.00722	0.00752	0.01319	0.01919	0.02486	0.27912	0.07103	0.35802	0.01863	0.00942	0.00272	0.00439	0.12072	0.00765	0.00692
25	0.01128	0.00752	0.00846	0.00846	0.00846	0.00752	0.00470	0.01128	0.01128	0.01503	0.02443	0.05074	0.02819	0.72751	0.03946	0.00752	0.00752	0.01128	0.00470	0.00470
26	0.01861	0.44894	0.30530	0.01688	0.02549	0.02549	0.01956	0.02376	0.01601	0.02083	0.01206	0.01405	0.00990	0.00693	0.00595	0.00198	0.00959	0.00479	0.00330	0.01057
27	0.01445	0.00723	0.00723	0.00723	0.00903	0.00723	0.00542	0.01807	0.01626	0.02891	0.02529	0.02891	0.01987	0.00903	0.00542	0.00181	0.00361	0.00723	0.77055	0.00723
28	0.00945	0.00675	0.00900	0.01080	0.01125	0.00630	0.00720	0.01080	0.01484	0.01979	0.04274	0.72245	0.05128	0.02429	0.00990	0.00315	0.00450	0.02204	0.00720	0.00630
29	0.01349	0.00967	0.01312	0.01449	0.01653	0.00981	0.01263	0.05331	0.01894	0.02470	0.03974	0.08344	0.04279	0.02071	0.01054	0.00350	0.00722	0.59072	0.00718	0.00749
30	0.61935	0.01974	0.01368	0.01231	0.01694	0.16425	0.00982	0.02456	0.01509	0.03137	0.01105	0.01290	0.00874	0.00737	0.00527	0.00231	0.00772	0.00437	0.00462	0.00853
31	0.00991	0.00749	0.01092	0.01194	0.01278	0.00700	0.04093	0.01153	0.01503	0.02006	0.04132	0.68568	0.04921	0.02336	0.00986	0.00312	0.00495	0.02137	0.00703	0.00652
32	0.01747	0.01667	0.02837	0.29762	0.44255	0.01797	0.02294	0.02229	0.01684	0.02324	0.01428	0.01975	0.01155	0.00723	0.00770	0.00241	0.00964	0.00690	0.00369	0.01089
33	0.07414	0.36720	0.22744	0.01800	0.06230	0.05428	0.01807	0.02470	0.01647	0.05539	0.01299	0.01478	0.01041	0.00712	0.00606	0.00204	0.00929	0.00500	0.00379	0.01054
34	0.01220	0.01457	0.15529	0.01141	0.01389	0.00979	0.00988	0.01415	0.01238	0.01709	0.02216	0.04331	0.02422	0.57175	0.03252	0.00642	0.00837	0.01008	0.00439	0.00616
35	0.02273	0.14188	0.13151	0.02613	0.16809	0.18875	0.09577	0.02709	0.01875	0.08665	0.01491	0.01728	0.01157	0.00742	0.00721	0.00219	0.01081	0.00616	0.00428	0.01082
36	0.61507	0.01345	0.01063	0.00969	0.01402	0.01505	0.00786	0.02027	0.01416	0.03179	0.02545	0.02601	0.15279	0.00989	0.00574	0.00245	0.00555	0.00683	0.00532	0.00800
37	0.02093	0.02614	0.17310	0.14192	0.03429	0.11642	0.14526	0.16039	0.02152	0.02795	0.01480	0.01819	0.01107	0.00809	0.00873	0.00246	0.04676	0.00683	0.00451	0.01064
38	0.78228	0.01499	0.01140	0.01020	0.01499	0.01739	0.00840	0.02279	0.01320	0.03479	0.01080	0.01260	0.00840	0.00720	0.00480	0.00240	0.00600	0.00420	0.00480	0.00840
39	0.01445	0.00723	0.00723	0.00723	0.00903	0.00723	0.00542	0.01807	0.01626	0.02891	0.02529	0.02891	0.01987	0.00903	0.00542	0.00181	0.00361	0.00723	0.77055	0.00723
40	0.00916	0.00785	0.00785	0.00785	0.01047	0.00655	0.00589	0.01113	0.01767	0.02095	0.07855	0.07462	0.67599	0.01964	0.00916	0.00262	0.00393	0.01636	0.00720	0.00655
41	0.00945	0.00675	0.00900	0.01080	0.01125	0.00630	0.00720	0.01080	0.01484	0.01979	0.04274	0.72245	0.05128	0.02429	0.00990	0.00315	0.00450	0.02204	0.00720	0.00630
42	0.03479	0.01320	0.01799	0.01380	0.01979	0.01140	0.01140	0.03779	0.02219	0.68451	0.03059	0.02639	0.01919	0.00960	0.00780	0.00240	0.00660	0.00780	0.00960	0.01320
43	0.02073	0.73217	0.04063	0.01327	0.01990	0.03068	0.01327	0.02322	0.01575	0.01824	0.01078	0.01244	0.00995	0.00663	0.00498	0.00166	0.00829	0.00415	0.00332	0.00995
44	0.02073	0.73217	0.04063	0.01327	0.01990	0.03068	0.01327	0.02322	0.01575	0.01824	0.01078	0.01244	0.00995	0.00663	0.00498	0.00166	0.00829	0.00415	0.00332	0.00995
45	0.01249	0.00892	0.01249	0.01428	0.01606	0.00892	0.01249	0.01606	0.01785	0.02320	0.04105	0.08746	0.04462	0.02142	0.01071	0.00357	0.00714	0.62695	0.00714	0.00714
46	0.78228	0.01499	0.01140	0.01020	0.01499	0.01739	0.00840	0.02279	0.01320	0.03479	0.01080	0.01260	0.00840	0.00720	0.00480	0.00240	0.00600	0.00420	0.00480	0.00840
47	0.00945	0.00675	0.00900	0.01080	0.01125	0.00630	0.00720	0.01080	0.01484	0.01979	0.04274	0.72245	0.05128	0.02429	0.00990	0.00315	0.00450	0.02204	0.00720	0.00630
48	0.78228	0.01499	0.01140	0.01020	0.01499	0.01739	0.00840	0.02279	0.01320	0.03479	0.01080	0.01260	0.00840	0.00720	0.00480	0.00240	0.00600	0.00420	0.00480	0.00840
49	0.01919	0.01842	0.03147	0.04759	0.67914	0.01842	0.02380	0.02380	0.01765	0.02533	0.01458	0.01919	0.01228	0.00691	0.00768	0.00230	0.00921	0.00691	0.00384	0.01228
50	0.01929	0.01666	0.01753	0.01578	0.02016	0.01929	0.01227	0.04120	0.66513	0.03243	0.03156	0.02893	0.02367	0.01052	0.00789	0.00263	0.00614	0.00877	0.00789	0.01227
51	0.00945	0.00675	0.00900	0.01080	0.01125	0.00630	0.00720	0.01080	0.01484	0.01979	0.04274	0.72245	0.05128	0.02429	0.00990	0.00315	0.00450	0.02204	0.00720	0.00630
52	0.01830	0.02092	0.04575	0.03268	0.04052	0.01961	0.65098	0.02484	0.01830	0.02484	0.01569	0.02092	0.01176	0.00654	0.00915	0.00261	0.01307	0.00915	0.00392	0.01046
53	0.02947	0.02172	0.02327	0.01784	0.02404	0.02404	0.01474	0.65329	0.03646	0.04887	0.01862	0.01862	0.01319	0.00931	0.00776	0.00233	0.00853	0.00698	0.00776	0.01319
54	0.00916	0.00785	0.00785	0.00785	0.01047	0.00655	0.00589	0.01113	0.01767	0.02095	0.07855	0.07462	0.67599	0.01964	0.00916	0.00262	0.00393	0.01636	0.00720	0.00655
55	0.02230	0.01757	0.01880	0.01612	0.02098	0.01990	0.01276	0.17341	0.49547	0.07016	0.02871	0.02656	0.02117	0.01021	0.00786	0.00255	0.00668	0.00833	0.00795	0.01252
56	0.01055	0.00795	0.00978	0.00944	0.01148	0.00718	0.00716	0.01375	0.02061	0.02800	0.48566	0.06375	0.23462	0.01712	0.00922	0.00254	0.00389	0.04207	0.00811	0.00710
57	0.01088	0.00777	0.01064	0.01243	0.01351	0.00753	0.00968	0.01327	0.01625	0.02139	0.04195	0.42462	0.04816	0.02294	0.01028	0.00335	0.00574	0.30576	0.00717	0.00669
58	0.01295	0.00707	0.01061	0.01061	0.01091	0.00737	0.00737	0.01091	0.01061	0.01445	0.01505	0.02506	0.01475	0.03369	0.17445	0.60961	0.00977	0.00707	0.00354	0.00414
59	0.01929	0.01666	0.01753	0.01578	0.02016	0.01929	0.01227	0.04120	0.66513	0.03243	0.03156	0.02893	0.02367	0.01052	0.00789	0.00263	0.00614	0.00877	0.00789	0.01227
60	0.00945	0.00675	0.00900	0.01080	0.01125	0.00630	0.00720	0.01080	0.01484	0.01979	0.04274	0.72245	0.05128	0.02429	0.00990	0.00315	0.00450	0.02204	0.00720	0.00630
61	0.00945	0.00675	0.00900	0.01080	0.01125	0.00630	0.00720	0.01080	0.01484	0.01979	0.04274	0.72245	0.05128	0.02429	0.00990	0.00315	0.00450	0.02204	0.00720	0.00630
62	0.02388	0.03079	0.10632	0.02999	0.25662	0.37428	0.01976	0.02765	0.01977	0.02190	0.01314	0.01611	0.01078	0.00753	0.00728	0.00216	0.01199	0.00576	0.00385	0.01045
63	0.01979	0.02159	0.04268	0.03076	0.03830	0.04522	0.56532	0.08630	0.02021	0.02696	0.01583	0.02043	0.01184	0.00686	0.00893	0.00256	0.01266	0.00878	0.00430	0.01067
64	0.61718	0.01981	0.01371	0.01234	0.01696	0.16620	0.00984	0.02458	0.01512	0.03132	0.01106	0.01290	0.00875	0.00737	0.00528	0.00231	0.00775	0.00437	0.00462	0.00853
65	0.01070	0.00799	0.00933	0.00971	0.01093	0.00777	0.00667	0.01291	0.04344	0.01907	0.04398	0.19815	0.21173	0.26265	0.07853	0.00527	0.00695	0.04193	0.00612	0.00618
66	0.02259	0.38863	0.11216	0.01659	0.02285	0.23672	0.01562	0.02685	0.05573	0.02007	0.01275	0.01436	0.01075	0.00737	0.00607	0.00192	0.01033	0.00487	0.00379	0.00997
67	0.48709	0.02034	0.01716	0.01880	0.13212	0.16434	0.01249	0.02473	0.01587	0.02973	0.01171	0.01404	0.00941	0.00732	0.00577	0.00230	0.00828	0.00484	0.00446	0.00920

[dist]
# distance from previous block
# <min> <max>
2	1059

[block]
# block no. 4 follows, 25 sequences, length 218
# corresponding to MSA columns:
# 1309-1526
name=unknown_E
#
# <colnr> <probs for GDERKNQSTAVLIFYWHMCP>
#	G	D	E	R	K	N	Q	S	T	A	V	L	I	F	Y	W	H	M	C	P
0	0.03402	0.01442	0.01875	0.01438	0.02040	0.01321	0.01188	0.12628	0.02424	0.59312	0.02887	0.02527	0.01833	0.00956	0.00779	0.00239	0.00688	0.00768	0.00933	0.01319
1	0.02042	0.01002	0.01339	0.01136	0.01484	0.00893	0.00893	0.02382	0.02204	0.29031	0.41938	0.04541	0.05175	0.01337	0.00861	0.00242	0.00482	0.01155	0.00896	0.00965
2	0.01464	0.01378	0.02326	0.70887	0.05340	0.01723	0.02153	0.01981	0.01550	0.01981	0.01378	0.02067	0.01034	0.00775	0.00775	0.00258	0.01034	0.00689	0.00345	0.00861
3	0.01728	0.01647	0.02802	0.32568	0.41600	0.01792	0.02284	0.02212	0.01675	0.02301	0.01425	0.01981	0.01146	0.00726	0.00771	0.00242	0.00968	0.00690	0.00367	0.01074
4	0.02122	0.00930	0.01106	0.00960	0.01284	0.00866	0.00756	0.02463	0.01858	0.25295	0.06025	0.02953	0.02236	0.00957	0.00642	0.00204	0.00463	0.00777	0.47176	0.00927
5	0.01843	0.00940	0.01257	0.01129	0.01419	0.00843	0.00862	0.02138	0.02053	0.24207	0.33138	0.18764	0.05093	0.01559	0.00886	0.00258	0.00479	0.01368	0.00860	0.00902
6	0.00969	0.00788	0.00859	0.00841	0.01080	0.00677	0.00631	0.01215	0.01892	0.02391	0.25299	0.06974	0.49970	0.01853	0.00916	0.00257	0.00385	0.01568	0.00759	0.00677
7	0.01001	0.00765	0.00919	0.00930	0.01112	0.00683	0.00679	0.01258	0.01893	0.02511	0.33014	0.20386	0.28248	0.01897	0.00931	0.00265	0.00393	0.01654	0.00778	0.00683
8	0.01445	0.00723	0.00723	0.00723	0.00903	0.00723	0.00542	0.01807	0.01626	0.02891	0.02529	0.02891	0.01987	0.00903	0.00542	0.00181	0.00361	0.00723	0.77055	0.00723
9	0.01608	0.01378	0.01608	0.01148	0.01837	0.01034	0.00919	0.01952	0.01608	0.02527	0.01378	0.01608	0.01148	0.00574	0.00574	0.00115	0.00574	0.00459	0.00459	0.77491
10	0.03479	0.01320	0.01799	0.01380	0.01979	0.01140	0.01140	0.03779	0.02219	0.68451	0.03059	0.02639	0.01919	0.00960	0.00780	0.00240	0.00660	0.00780	0.00960	0.01320
11	0.02875	0.02136	0.02286	0.01769	0.02377	0.02371	0.01456	0.60991	0.08101	0.04770	0.01953	0.01935	0.01393	0.00939	0.00777	0.00235	0.00836	0.00711	0.00777	0.01312
12	0.00945	0.00675	0.00900	0.01080	0.01125	0.00630	0.00720	0.01080	0.01484	0.01979	0.04274	0.72245	0.05128	0.02429	0.00990	0.00315	0.00450	0.02204	0.00720	0.00630
13	0.01059	0.00791	0.00984	0.00935	0.01135	0.00715	0.00702	0.01389	0.02105	0.02895	0.54937	0.06144	0.20018	0.01665	0.00915	0.00248	0.00371	0.01452	0.00825	0.00715
14	0.02580	0.02924	0.02487	0.02756	0.20919	0.40326	0.01752	0.09868	0.02200	0.02413	0.01340	0.01609	0.01100	0.00804	0.00797	0.00217	0.03850	0.00583	0.00435	0.01037
15	0.02896	0.03695	0.02197	0.01998	0.02397	0.69638	0.01498	0.03096	0.02197	0.01898	0.01199	0.01398	0.00999	0.00799	0.00699	0.00200	0.01398	0.00499	0.00400	0.00899
16	0.01347	0.00673	0.01010	0.01010	0.01010	0.00673	0.00673	0.01010	0.01010	0.01347	0.01347	0.02357	0.01347	0.02694	0.03030	0.77441	0.00673	0.00673	0.00337	0.00337
17	0.02593	0.02888	0.28437	0.01839	0.02613	0.15835	0.01900	0.03110	0.01984	0.28247	0.02005	0.01980	0.01354	0.00837	0.00746	0.00234	0.01008	0.00639	0.00591	0.01162
18	0.02730	0.17028	0.02613	0.01638	0.02247	0.02397	0.01399	0.45139	0.03013	0.08686	0.01791	0.01833	0.01318	0.01067	0.03404	0.00259	0.00882	0.00649	0.00681	0.01226
19	0.01555	0.04011	0.68733	0.02210	0.03356	0.01801	0.02865	0.02455	0.01637	0.02455	0.01391	0.01637	0.00982	0.00737	0.00737	0.00246	0.01146	0.00573	0.00327	0.01146
20	0.00916	0.00785	0.00785	0.00785	0.01047	0.00655	0.00589	0.01113	0.01767	0.02095	0.07855	0.07462	0.67599	0.01964	0.00916	0.00262	0.00393	0.01636	0.00720	0.00655
21	0.02240	0.05527	0.12499	0.02930	0.19586	0.20903	0.15231	0.02710	0.01907	0.06976	0.01497	0.01793	0.01157	0.00738	0.00765	0.00229	0.01146	0.00663	0.00421	0.01083
22	0.01919	0.01842	0.03147	0.04759	0.67914	0.01842	0.02380	0.02380	0.01765	0.02533	0.01458	0.01919	0.01228	0.00691	0.00768	0.00230	0.00921	0.00691	0.00384	0.01228
23	0.01347	0.00673	0.01010	0.01010	0.01010	0.00673	0.00673	0.01010	0.01010	0.01347	0.01347	0.02357	0.01347	0.02694	0.03030	0.77441	0.00673	0.00673	0.00337	0.00337
24	0.00945	0.00675	0.00900	0.01080	0.01125	0.00630	0.00720	0.01080	0.01484	0.01979	0.04274	0.72245	0.05128	0.02429	0.00990	0.00315	0.00450	0.02204	0.00720	0.00630
25	0.01662	0.01565	0.02703	0.15231	0.16986	0.01521	0.17677	0.02135	0.01684	0.02432	0.01672	0.04764	0.01391	0.00761	0.00752	0.00217	0.00892	0.00761	0.08086	0.17109
26	0.68564	0.01781	0.01275	0.01145	0.01615	0.10449	0.00924	0.02384	0.01432	0.03276	0.01095	0.01277	0.00860	0.00730	0.00508	0.00235	0.00702	0.00430	0.00470	0.00847
27	0.01680	0.01598	0.02715	0.39568	0.34976	0.01779	0.02260	0.02170	0.01652	0.02243	0.01416	0.01997	0.01126	0.00735	0.00772	0.00245	0.00980	0.00690	0.00363	0.01035
28	0.01445	0.00723	0.00723	0.00723	0.00903	0.00723	0.00542	0.01807	0.01626	0.02891	0.02529	0.02891	0.01987	0.00903	0.00542	0.00181	0.00361	0.00723	0.77055	0.00723
29	0.10142	0.01629	0.01816	0.01782	0.11302	0.06987	0.01210	0.02270	0.07060	0.02668	0.08095	0.02126	0.01826	0.00802	0.00743	0.00188	0.03897	0.00631	0.00507	0.34320
30	0.01372	0.00737	0.00789	0.00776	0.00957	0.00725	0.00582	0.01734	0.01746	0.02937	0.16220	0.03502	0.03110	0.01047	0.00620	0.00194	0.00362	0.00866	0.60999	0.00725
31	0.01929	0.01666	0.01753	0.01578	0.02016	0.01929	0.01227	0.04120	0.66513	0.03243	0.03156	0.02893	0.02367	0.01052	0.00789	0.00263	0.00614	0.00877	0.00789	0.01227
32	0.02585	0.01208	0.01525	0.01184	0.01717	0.01025	0.00959	0.02909	0.01942	0.38243	0.02529	0.02436	0.01742	0.00852	0.00679	0.00196	0.00576	0.00688	0.16869	0.20136
33	0.01077	0.00792	0.01008	0.00954	0.01146	0.00723	0.00715	0.01424	0.02146	0.02995	0.60762	0.05981	0.14130	0.01628	0.00915	0.00246	0.00369	0.01429	0.00838	0.00723
34	0.03318	0.01881	0.01921	0.01538	0.02097	0.15662	0.01239	0.07997	0.02316	0.49924	0.02582	0.02323	0.01683	0.00924	0.00762	0.00231	0.00829	0.00715	0.00829	0.01231
35	0.01871	0.46232	0.29280	0.01671	0.02523	0.02574	0.01926	0.02374	0.01599	0.02070	0.01200	0.01397	0.00990	0.00692	0.00591	0.00197	0.00953	0.00476	0.00330	0.01054
36	0.13418	0.02402	0.02091	0.11761	0.05207	0.25823	0.01492	0.16659	0.02286	0.09486	0.01551	0.01722	0.01153	0.00825	0.00707	0.00226	0.01019	0.00595	0.00542	0.01033
37	0.05577	0.14599	0.02368	0.01510	0.02045	0.01775	0.07524	0.15928	0.02260	0.18562	0.09711	0.02503	0.02143	0.00926	0.00718	0.00221	0.00727	0.00761	0.09063	0.01078
38	0.01703	0.01621	0.02756	0.36214	0.38150	0.01785	0.02272	0.02190	0.01663	0.02271	0.01420	0.01989	0.01136	0.00731	0.00771	0.00244	0.00975	0.00690	0.00365	0.01054
39	0.01628	0.13812	0.59575	0.02085	0.03162	0.01980	0.02647	0.02437	0.01628	0.02366	0.01347	0.01581	0.00984	0.00726	0.00703	0.00234	0.01101	0.00551	0.00328	0.01125
40	0.01887	0.01809	0.03089	0.09460	0.63466	0.01834	0.02363	0.02351	0.01750	0.02494	0.01453	0.01930	0.01214	0.00697	0.00768	0.00232	0.00929	0.00691	0.00381	0.01202
41	0.01059	0.00791	0.00984	0.00935	0.01135	0.00715	0.00702	0.01389	0.02105	0.02895	0.54937	0.06144	0.20018	0.01665	0.00915	0.00248	0.00371	0.01452	0.00825	0.00715
42	0.01028	0.00790	0.00940	0.00903	0.01116	0.00702	0.00677	0.01329	0.02031	0.02720	0.44610	0.06433	0.30454	0.01730	0.00915	0.00251	0.00376	0.01492	0.00802	0.00702
43	0.03021	0.02054	0.02254	0.01728	0.02346	0.02230	0.01428	0.56835	0.03449	0.13659	0.02027	0.01969	0.01401	0.00935	0.00776	0.00234	0.00827	0.00709	0.00801	0.01319
44	0.02464	0.01736	0.02592	0.03257	0.37200	0.01734	0.01866	0.14130	0.02219	0.19174	0.02029	0.02352	0.01541	0.00857	0.00784	0.00238	0.00836	0.03132	0.00610	0.01247
45	0.01089	0.00735	0.00857	0.00895	0.00904	0.00726	0.00522	0.01117	0.01203	0.01604	0.02829	0.19227	0.03305	0.57934	0.03323	0.00660	0.00688	0.01354	0.00522	0.00504
46	0.02191	0.02644	0.31197	0.02035	0.02875	0.01655	0.10962	0.03070	0.11040	0.21242	0.02139	0.02163	0.01471	0.00833	0.00782	0.00249	0.00956	0.00723	0.00581	0.01192
47	0.78228	0.01499	0.01140	0.01020	0.01499	0.01739	0.00840	0.02279	0.01320	0.03479	0.01080	0.01260	0.00840	0.00720	0.00480	0.00240	0.00600	0.00420	0.00480	0.00840
48	0.01128	0.00752	0.00846	0.00846	0.00846	0.00752	0.00470	0.01128	0.01128	0.01503	0.02443	0.05074	0.02819	0.72751	0.03946	0.00752	0.00752	0.01128	0.00470	0.00470
49	0.02075	0.01790	0.03012	0.04421	0.61311	0.01772	0.02255	0.02520	0.01811	0.09134	0.01619	0.01991	0.01297	0.00718	0.00769	0.00231	0.00895	0.00700	0.00441	0.01237
50	0.01108	0.00831	0.01246	0.01246	0.01385	0.00969	0.00969	0.01385	0.01246	0.01800	0.02077	0.03046	0.01938	0.05815	0.69678	0.01246	0.02077	0.00831	0.00415	0.00692
51	0.02073	0.73217	0.04063	0.01327	0.01990	0.03068	0.01327	0.02322	0.01575	0.01824	0.01078	0.01244	0.00995	0.00663	0.00498	0.00166	0.00829	0.00415	0.00332	0.00995
52	0.01554	0.01378	0.01980	0.38462	0.03640	0.04408	0.01696	0.02070	0.05996	0.04400	0.01952	0.08274	0.01734	0.01627	0.08966	0.00386	0.06862	0.03304	0.00453	0.00858
53	0.01910	0.01983	0.02763	0.11103	0.21335	0.12137	0.13301	0.02530	0.08684	0.02410	0.04344	0.02600	0.01730	0.00917	0.00904	0.00253	0.04601	0.05003	0.00465	0.01027
54	0.02947	0.02172	0.02327	0.01784	0.02404	0.02404	0.01474	0.65329	0.03646	0.04887	0.01862	0.01862	0.01319	0.00931	0.00776	0.00233	0.00853	0.00698	0.00776	0.01319
55	0.01845	0.01868	0.02354	0.35191	0.14949	0.12115	0.01923	0.02568	0.12405	0.02267	0.01645	0.02063	0.01281	0.00831	0.00828	0.00248	0.03503	0.00691	0.00433	0.00990
56	0.01028	0.00790	0.00941	0.00903	0.01116	0.00702	0.00677	0.01329	0.02032	0.02722	0.44735	0.06429	0.30328	0.01730	0.00915	0.00251	0.00376	0.01492	0.00803	0.00702
57	0.00935	0.00711	0.00862	0.00982	0.01099	0.00638	0.00676	0.01091	0.01578	0.02018	0.05460	0.50776	0.25831	0.02275	0.00965	0.00297	0.00431	0.02016	0.00720	0.00638
58	0.00916	0.00785	0.00785	0.00785	0.01047	0.00655	0.00589	0.01113	0.01767	0.02095	0.07855	0.07462	0.67599	0.01964	0.00916	0.00262	0.00393	0.01636	0.00720	0.00655
59	0.02858	0.01502	0.01763	0.01387	0.01906	0.01509	0.01134	0.25589	0.02609	0.31684	0.02515	0.02411	0.01717	0.00937	0.00728	0.00225	0.00667	0.00738	0.16927	0.01193
60	0.02947	0.02172	0.02327	0.01784	0.02404	0.02404	0.01474	0.65329	0.03646	0.04887	0.01862	0.01862	0.01319	0.00931	0.00776	0.00233	0.00853	0.00698	0.00776	0.01319
61	0.01108	0.00831	0.01246	0.01246	0.01385	0.00969	0.00969	0.01385	0.01246	0.01800	0.02077	0.03046	0.01938	0.05815	0.69678	0.01246	0.02077	0.00831	0.00415	0.00692
62	0.01555	0.04011	0.68733	0.02210	0.03356	0.01801	0.02865	0.02455	0.01637	0.02455	0.01391	0.01637	0.00982	0.00737	0.00737	0.00246	0.01146	0.00573	0.00327	0.01146
63	0.01827	0.01467	0.01536	0.01398	0.01782	0.01674	0.01083	0.03633	0.52841	0.03169	0.03024	0.02892	0.02287	0.01021	0.00737	0.00246	0.00560	0.00844	0.16858	0.01121
64	0.01124	0.00766	0.00919	0.00919	0.00945	0.00792	0.00562	0.01175	0.01149	0.01558	0.02376	0.04701	0.02657	0.60444	0.16032	0.00843	0.00995	0.01073	0.00460	0.00511
65	0.01464	0.01378	0.02326	0.70887	0.05340	0.01723	0.02153	0.01981	0.01550	0.01981	0.01378	0.02067	0.01034	0.00775	0.00775	0.00258	0.01034	0.00689	0.00345	0.00861
66	0.06497	0.00852	0.01047	0.01167	0.01347	0.00829	0.00934	0.01403	0.01665	0.02259	0.04730	0.25605	0.17696	0.02084	0.00974	0.00317	0.00565	0.28641	0.00700	0.00687
67	0.01949	0.02118	0.02337	0.02028	0.02112	0.16547	0.01655	0.02125	0.01400	0.01873	0.01056	0.01634	0.01014	0.01239	0.02156	0.00310	0.56597	0.00641	0.00352	0.00859
68	0.01705	0.01392	0.01296	0.01200	0.01467	0.12279	0.00926	0.05286	0.05035	0.05265	0.28354	0.04151	0.04104	0.01255	0.00785	0.00230	0.00607	0.05314	0.18520	0.00830
69	0.15159	0.16485	0.17555	0.01883	0.07028	0.02189	0.01727	0.13701	0.01916	0.05652	0.01394	0.01603	0.01082	0.00828	0.00854	0.00235	0.08598	0.00567	0.00467	0.01075
70	0.01760	0.01605	0.02395	0.17545	0.12301	0.04276	0.10708	0.12424	0.02000	0.02646	0.05246	0.02838	0.08208	0.01643	0.10590	0.00388	0.01095	0.00863	0.00501	0.00967
71	0.00942	0.00684	0.00890	0.01055	0.01118	0.00632	0.00709	0.01082	0.01508	0.01989	0.04570	0.66882	0.10299	0.02391	0.00984	0.00310	0.00445	0.02157	0.00720	0.00632
72	0.01760	0.29739	0.41925	0.01925	0.02876	0.02280	0.04902	0.02407	0.01622	0.02221	0.01282	0.01509	0.00995	0.00706	0.00655	0.00216	0.01035	0.00528	0.00332	0.01085
73	0.59153	0.01659	0.01605	0.01846	0.15529	0.04461	0.01190	0.02333	0.01448	0.03217	0.01164	0.01404	0.00928	0.00717	0.00549	0.00236	0.00699	0.00480	0.00456	0.00924
74	0.01444	0.01056	0.01263	0.01123	0.01372	0.01064	0.00851	0.12101	0.05254	0.03248	0.47217	0.04939	0.05650	0.08579	0.01189	0.00294	0.00496	0.01234	0.00799	0.00825
75	0.02115	0.01873	0.01793	0.01379	0.02001	0.14013	0.01091	0.07542	0.01937	0.08060	0.01523	0.01675	0.01198	0.00678	0.00631	0.00151	0.00759	0.00513	0.00516	0.50553
76	0.00916	0.00785	0.00785	0.00785	0.01047	0.00655	0.00589	0.01113	0.01767	0.02095	0.07855	0.07462	0.67599	0.01964	0.00916	0.00262	0.00393	0.01636	0.00720	0.00655
77	0.02073	0.73217	0.04063	0.01327	0.01990	0.03068	0.01327	0.02322	0.01575	0.01824	0.01078	0.01244	0.00995	0.00663	0.00498	0.00166	0.00829	0.00415	0.00332	0.00995
78	0.01071	0.00774	0.01039	0.01205	0.01322	0.00742	0.00933	0.01304	0.01631	0.02131	0.04457	0.40951	0.09275	0.02275	0.01019	0.00329	0.00557	0.27602	0.00717	0.00667
79	0.00992	0.00773	0.00901	0.00902	0.01102	0.00682	0.00664	0.01247	0.01896	0.02479	0.30934	0.15995	0.34896	0.01880	0.00926	0.00262	0.00390	0.01624	0.00773	0.00682
80	0.00936	0.00786	0.00813	0.00806	0.01059	0.00663	0.00605	0.01151	0.01814	0.02206	0.14397	0.07279	0.60987	0.01922	0.00916	0.00260	0.00390	0.01611	0.00735	0.00663
81	0.01445	0.00723	0.00723	0.00723	0.00903	0.00723	0.00542	0.01807	0.01626	0.02891	0.02529	0.02891	0.01987	0.00903	0.00542	0.00181	0.00361	0.00723	0.77055	0.00723
82	0.02073	0.73217	0.04063	0.01327	0.01990	0.03068	0.01327	0.02322	0.01575	0.01824	0.01078	0.01244	0.00995	0.00663	0.00498	0.00166	0.00829	0.00415	0.00332	0.00995
83	0.01555	0.04011	0.68733	0.02210	0.03356	0.01801	0.02865	0.02455	0.01637	0.02455	0.01391	0.01637	0.00982	0.00737	0.00737	0.00246	0.01146	0.00573	0.00327	0.01146
84	0.03479	0.01320	0.01799	0.01380	0.01979	0.01140	0.01140	0.03779	0.02219	0.68451	0.03059	0.02639	0.01919	0.00960	0.00780	0.00240	0.00660	0.00780	0.00960	0.01320
85	0.01696	0.01696	0.02375	0.02036	0.02036	0.02375	0.01696	0.01866	0.01187	0.01866	0.01018	0.01696	0.01018	0.01357	0.02545	0.00339	0.71332	0.00679	0.00339	0.00848
86	0.01464	0.01378	0.02326	0.70887	0.05340	0.01723	0.02153	0.01981	0.01550	0.01981	0.01378	0.02067	0.01034	0.00775	0.00775	0.00258	0.01034	0.00689	0.00345	0.00861
87	0.00945	0.00675	0.00900	0.01080	0.01125	0.00630	0.00720	0.01080	0.01484	0.01979	0.04274	0.72245	0.05128	0.02429	0.00990	0.00315	0.00450	0.02204	0.00720	0.00630
88	0.01919	0.01842	0.03147	0.04759	0.67914	0.01842	0.02380	0.02380	0.01765	0.02533	0.01458	0.01919	0.01228	0.00691	0.00768	0.00230	0.00921	0.00691	0.00384	0.01228
89	0.02896	0.03695	0.02197	0.01998	0.02397	0.69638	0.01498	0.03096	0.02197	0.01898	0.01199	0.01398	0.00999	0.00799	0.00699	0.00200	0.01398	0.00499	0.00400	0.00899
90	0.02073	0.73217	0.04063	0.01327	0.01990	0.03068	0.01327	0.02322	0.01575	0.01824	0.01078	0.01244	0.00995	0.00663	0.00498	0.00166	0.00829	0.00415	0.00332	0.00995
91	0.01855	0.01777	0.03032	0.14011	0.59159	0.01826	0.02348	0.02324	0.01735	0.02456	0.01447	0.01940	0.01201	0.00703	0.00769	0.00234	0.00937	0.00691	0.00378	0.01177
92	0.02038	0.01641	0.01757	0.01564	0.02014	0.01873	0.01221	0.04096	0.61957	0.07865	0.03149	0.02875	0.02335	0.01045	0.00788	0.00261	0.00617	0.00870	0.00801	0.01234
93	0.01706	0.01639	0.02873	0.13453	0.42346	0.01667	0.09188	0.02150	0.01702	0.02371	0.01859	0.11944	0.01748	0.00945	0.00817	0.00250	0.00914	0.00931	0.00427	0.01071
94	0.02001	0.01701	0.01794	0.01593	0.02044	0.01962	0.01245	0.08458	0.62058	0.03360	0.03064	0.02820	0.02293	0.01043	0.00788	0.00261	0.00631	0.00864	0.00788	0.01234
95	0.02693	0.01523	0.01854	0.01499	0.01997	0.01578	0.01220	0.23669	0.07043	0.28749	0.02463	0.02485	0.01756	0.01980	0.15296	0.00451	0.01019	0.00770	0.00772	0.01181
96	0.01431	0.01294	0.02134	0.01961	0.06769	0.01270	0.16575	0.02057	0.10109	0.02536	0.12504	0.15009	0.08648	0.01489	0.00929	0.00283	0.00745	0.12733	0.00643	0.00882
97	0.03051	0.01733	0.02005	0.01549	0.02130	0.01786	0.01276	0.36536	0.02940	0.29831	0.02381	0.02241	0.01603	0.00940	0.00761	0.00232	0.00742	0.00732	0.06254	0.01277
98	0.00916	0.00785	0.00785	0.00785	0.01047	0.00655	0.00589	0.01113	0.01767	0.02095	0.07855	0.07462	0.67599	0.01964	0.00916	0.00262	0.00393	0.01636	0.00720	0.00655
99	0.01966	0.01879	0.02164	0.01912	0.05531	0.13974	0.10314	0.16055	0.02162	0.02704	0.02689	0.03199	0.10978	0.02091	0.15333	0.00454	0.01206	0.03899	0.00546	0.00942
100	0.05254	0.02658	0.09571	0.02393	0.15073	0.26599	0.01732	0.05566	0.04344	0.13706	0.01674	0.01819	0.01257	0.00836	0.00813	0.00229	0.04254	0.00620	0.00514	0.01087
101	0.01310	0.00962	0.01150	0.01178	0.01352	0.00959	0.00844	0.12896	0.01912	0.02526	0.04211	0.52421	0.11065	0.02104	0.00943	0.00294	0.00518	0.01867	0.00730	0.00759
102	0.02124	0.01588	0.01818	0.01339	0.02002	0.01413	0.01087	0.19226	0.02209	0.08598	0.01647	0.01761	0.01258	0.00702	0.00646	0.00157	0.00657	0.00550	0.00586	0.50632
103	0.03479	0.01320	0.01799	0.01380	0.01979	0.01140	0.01140	0.03779	0.02219	0.68451	0.03059	0.02639	0.01919	0.00960	0.00780	0.00240	0.00660	0.00780	0.00960	0.01320
104	0.01833	0.01766	0.03048	0.16778	0.54202	0.01825	0.04585	0.02311	0.01729	0.02431	0.01448	0.01952	0.01191	0.00705	0.00774	0.00237	0.00955	0.00699	0.00377	0.01155
105	0.01653	0.01465	0.02394	0.03438	0.41609	0.01465	0.01931	0.02073	0.01773	0.02449	0.02508	0.04627	0.02511	0.01266	0.00888	0.00281	0.00839	0.25289	0.00515	0.01024
106	0.01464	0.01378	0.02326	0.70887	0.05340	0.01723	0.02153	0.01981	0.01550	0.01981	0.01378	0.02067	0.01034	0.00775	0.00775	0.00258	0.01034	0.00689	0.00345	0.00861
107	0.00945	0.00675	0.00900	0.01080	0.01125	0.00630	0.00720	0.01080	0.01484	0.01979	0.04274	0.72245	0.05128	0.02429	0.00990	0.00315	0.00450	0.02204	0.00720	0.00630
108	0.01044	0.00746	0.01014	0.01193	0.01282	0.00715	0.00892	0.01251	0.01582	0.02090	0.04219	0.51554	0.04911	0.02336	0.01016	0.00329	0.00536	0.21915	0.00718	0.00657
109	0.00945	0.00675	0.00900	0.01080	0.01125	0.00630	0.00720	0.01080	0.01484	0.01979	0.04274	0.72245	0.05128	0.02429	0.00990	0.00315	0.00450	0.02204	0.00720	0.00630
110	0.02947	0.02172	0.02327	0.01784	0.02404	0.02404	0.01474	0.65329	0.03646	0.04887	0.01862	0.01862	0.01319	0.00931	0.00776	0.00233	0.00853	0.00698	0.00776	0.01319
111	0.78228	0.01499	0.01140	0.01020	0.01499	0.01739	0.00840	0.02279	0.01320	0.03479	0.01080	0.01260	0.00840	0.00720	0.00480	0.00240	0.00600	0.00420	0.00480	0.00840
112	0.01929	0.01666	0.01753	0.01578	0.02016	0.01929	0.01227	0.04120	0.66513	0.03243	0.03156	0.02893	0.02367	0.01052	0.00789	0.00263	0.00614	0.00877	0.00789	0.01227
113	0.01608	0.01378	0.01608	0.01148	0.01837	0.01034	0.00919	0.01952	0.01608	0.02527	0.01378	0.01608	0.01148	0.00574	0.00574	0.00115	0.00574	0.00459	0.00459	0.77491
114	0.00916	0.00785	0.00785	0.00785	0.01047	0.00655	0.00589	0.01113	0.01767	0.02095	0.07855	0.07462	0.67599	0.01964	0.00916	0.00262	0.00393	0.01636	0.00720	0.00655
115	0.01830	0.02092	0.04575	0.03268	0.04052	0.01961	0.65098	0.02484	0.01830	0.02484	0.01569	0.02092	0.01176	0.00654	0.00915	0.00261	0.01307	0.00915	0.00392	0.01046
116	0.02896	0.03695	0.02197	0.01998	0.02397	0.69638	0.01498	0.03096	0.02197	0.01898	0.01199	0.01398	0.00999	0.00799	0.00699	0.00200	0.01398	0.00499	0.00400	0.00899
117	0.02073	0.73217	0.04063	0.01327	0.01990	0.03068	0.01327	0.02322	0.01575	0.01824	0.01078	0.01244	0.00995	0.00663	0.00498	0.00166	0.00829	0.00415	0.00332	0.00995
118	0.00945	0.00675	0.00900	0.01080	0.01125	0.00630	0.00720	0.01080	0.01484	0.01979	0.04274	0.72245	0.05128	0.02429	0.00990	0.00315	0.00450	0.02204	0.00720	0.00630
119	0.08630	0.17375	0.02296	0.01554	0.02008	0.28852	0.01259	0.10515	0.02162	0.02577	0.11041	0.02282	0.04531	0.00939	0.00688	0.00209	0.00955	0.00675	0.00518	0.00934
