[name]
unknown

[dist]
# distance from previous block
# <min> <max>
0	133

[block]
# block no. 0 follows, 22 sequences, length 22
# corresponding to MSA columns:
# 135-156
name=unknown_A
#
# <colnr> <probs for GDERKNQSTAVLIFYWHMCP>
#	G	D	E	R	K	N	Q	S	T	A	V	L	I	F	Y	W	H	M	C	P
0	0.02002	0.01486	0.02111	0.02492	0.20490	0.01425	0.01575	0.05632	0.05047	0.10643	0.05872	0.04413	0.05998	0.01280	0.00889	0.00267	0.00768	0.15038	0.00669	0.11899
1	0.01671	0.05388	0.27481	0.12182	0.09249	0.01755	0.05724	0.05350	0.01887	0.02624	0.05165	0.10992	0.04753	0.01121	0.00853	0.00270	0.01000	0.00976	0.00486	0.01075
2	0.01046	0.00805	0.00957	0.01001	0.01182	0.00716	0.00719	0.01287	0.01925	0.02511	0.23170	0.27573	0.29819	0.02151	0.01007	0.00293	0.00432	0.01879	0.00812	0.00716
3	0.01331	0.01075	0.01273	0.01263	0.01419	0.04523	0.00924	0.01715	0.06069	0.02231	0.12257	0.12774	0.03545	0.15329	0.29567	0.00815	0.01325	0.01215	0.00597	0.00752
4	0.01153	0.00782	0.00922	0.00977	0.00990	0.00769	0.00579	0.01194	0.01316	0.01754	0.03169	0.23666	0.03716	0.51626	0.03337	0.00674	0.00714	0.01532	0.00579	0.00552
5	0.01375	0.00809	0.00931	0.00900	0.01095	0.00779	0.00675	0.01765	0.02025	0.03206	0.31746	0.04542	0.04783	0.01307	0.00766	0.00225	0.00389	0.01113	0.40790	0.00779
6	0.02311	0.01906	0.02016	0.01740	0.02254	0.02181	0.01374	0.17521	0.50616	0.03870	0.03070	0.02852	0.02284	0.01098	0.00842	0.00274	0.00715	0.00896	0.00842	0.01337
7	0.53545	0.01833	0.01621	0.01350	0.01912	0.02088	0.01113	0.21447	0.02198	0.04202	0.01420	0.01552	0.01061	0.00842	0.00614	0.00255	0.00728	0.00544	0.00614	0.01061
8	0.03109	0.03786	0.02369	0.02116	0.02569	0.60590	0.01602	0.09628	0.02519	0.02373	0.01359	0.01551	0.01106	0.00871	0.00758	0.00218	0.01436	0.00558	0.00471	0.01011
9	0.02268	0.02279	0.14710	0.03375	0.27915	0.01795	0.11134	0.04753	0.02018	0.14697	0.02059	0.05686	0.01617	0.00902	0.00855	0.00261	0.01011	0.00854	0.00550	0.01259
10	0.02474	0.03116	0.11490	0.02333	0.09281	0.32610	0.01824	0.05794	0.05017	0.02510	0.01593	0.01874	0.01281	0.00919	0.00937	0.00241	0.07464	0.00638	0.07549	0.01054
11	0.02056	0.01974	0.03372	0.05099	0.65622	0.01974	0.02550	0.02550	0.01892	0.02714	0.01563	0.02056	0.01316	0.00740	0.00822	0.00247	0.00987	0.00740	0.00411	0.01316
12	0.01581	0.01020	0.01498	0.15862	0.02360	0.01064	0.01207	0.01875	0.01739	0.12014	0.06937	0.33067	0.03726	0.02379	0.09285	0.00432	0.00865	0.01542	0.00691	0.00857
13	0.01952	0.01889	0.12257	0.11396	0.11983	0.01555	0.01780	0.08115	0.04937	0.10757	0.03107	0.13347	0.08240	0.01316	0.00887	0.00279	0.00845	0.03630	0.00637	0.01090
14	0.01746	0.13881	0.57612	0.02232	0.03386	0.02124	0.02834	0.02610	0.01744	0.02534	0.01443	0.01694	0.01054	0.00778	0.00753	0.00251	0.01179	0.00590	0.00351	0.01205
15	0.01124	0.00806	0.01003	0.01025	0.01145	0.00753	0.00704	0.01346	0.01854	0.02531	0.30241	0.22916	0.11123	0.17638	0.01738	0.00406	0.00512	0.01682	0.00771	0.00685
16	0.02028	0.01866	0.05856	0.05434	0.03175	0.01711	0.28533	0.09566	0.02164	0.09268	0.02960	0.10068	0.08386	0.01186	0.00949	0.00284	0.01031	0.03847	0.00612	0.01077
17	0.02122	0.05022	0.02754	0.13734	0.18912	0.05443	0.07461	0.05377	0.04764	0.08997	0.01887	0.02422	0.01527	0.04933	0.06771	0.00381	0.05088	0.00793	0.00511	0.01102
18	0.01159	0.00926	0.01076	0.01100	0.01315	0.00898	0.00867	0.01407	0.01811	0.02321	0.06337	0.12743	0.39092	0.02050	0.01129	0.00305	0.05939	0.12689	0.06103	0.00733
19	0.01094	0.00790	0.01030	0.01192	0.01288	0.00748	0.00863	0.01286	0.01660	0.02174	0.04740	0.46870	0.10475	0.07393	0.01300	0.00376	0.00561	0.14726	0.00751	0.00684
20	0.29587	0.10137	0.02408	0.02106	0.11759	0.10758	0.04401	0.02780	0.01790	0.11247	0.01537	0.01738	0.01186	0.00837	0.00777	0.00247	0.04515	0.00596	0.00524	0.01070
21	0.26416	0.24808	0.09317	0.01554	0.02173	0.08471	0.01465	0.04623	0.01746	0.05847	0.01329	0.01527	0.01073	0.00830	0.00756	0.00235	0.05808	0.00522	0.00462	0.01037

[dist]
# distance from previous block
# <min> <max>
2	5

[block]
# block no. 1 follows, 22 sequences, length 14
# corresponding to MSA columns:
# 162-169,194-199
name=unknown_B
#
# <colnr> <probs for GDERKNQSTAVLIFYWHMCP>
#	G	D	E	R	K	N	Q	S	T	A	V	L	I	F	Y	W	H	M	C	P
0	0.01974	0.20868	0.15607	0.09708	0.10497	0.05706	0.01931	0.04934	0.09340	0.02527	0.01918	0.07972	0.01682	0.00980	0.00760	0.00246	0.00962	0.00793	0.00481	0.01115
1	0.01077	0.00804	0.00965	0.01003	0.01155	0.00731	0.00702	0.01295	0.01853	0.02450	0.23349	0.25583	0.22787	0.10735	0.01411	0.00357	0.00479	0.01791	0.00780	0.00693
2	0.01688	0.01778	0.05295	0.05911	0.16548	0.06709	0.09621	0.02112	0.01954	0.02619	0.16881	0.08911	0.08673	0.01291	0.01048	0.00273	0.05985	0.01141	0.00580	0.00982
3	0.02324	0.01672	0.01698	0.01476	0.01778	0.11595	0.01116	0.08245	0.02018	0.16960	0.05922	0.06384	0.04973	0.15741	0.01914	0.06344	0.07268	0.00980	0.00664	0.00929
4	0.02318	0.07782	0.05397	0.10518	0.02411	0.01420	0.01350	0.02783	0.04390	0.26183	0.19136	0.06849	0.03499	0.01219	0.00854	0.00259	0.00709	0.01031	0.00792	0.01099
5	0.02372	0.34304	0.03327	0.01662	0.02347	0.10172	0.06176	0.05803	0.01967	0.07461	0.01491	0.01658	0.01213	0.00748	0.00651	0.00189	0.00932	0.00554	0.00476	0.16498
6	0.01266	0.00873	0.01030	0.01001	0.01251	0.00765	0.00746	0.01533	0.02033	0.07661	0.25329	0.15891	0.33650	0.01962	0.00981	0.00281	0.00443	0.01688	0.00837	0.00780
7	0.02139	0.61449	0.13493	0.01561	0.02347	0.03087	0.01664	0.02509	0.01698	0.02054	0.01204	0.01395	0.01064	0.00722	0.00571	0.00190	0.00938	0.00469	0.00355	0.01090
8	0.01032	0.00749	0.00974	0.01117	0.01203	0.00692	0.00762	0.01215	0.01718	0.02294	0.13091	0.56670	0.10532	0.02441	0.01043	0.00323	0.00465	0.02197	0.00791	0.00692
9	0.01769	0.01411	0.01633	0.01259	0.01874	0.01182	0.00996	0.02389	0.10138	0.06154	0.08054	0.02835	0.06834	0.00914	0.00718	0.00175	0.00591	0.00755	0.00626	0.49694
10	0.01666	0.04297	0.66500	0.02368	0.03596	0.01929	0.03069	0.02631	0.01754	0.02631	0.01491	0.01754	0.01052	0.00789	0.00789	0.00263	0.01228	0.00614	0.00351	0.01228
11	0.01064	0.00820	0.00965	0.01029	0.01196	0.00758	0.00743	0.01252	0.01679	0.02122	0.05817	0.23403	0.31594	0.11195	0.07707	0.00468	0.00681	0.06123	0.00707	0.00678
12	0.01961	0.02241	0.04902	0.03501	0.04342	0.02101	0.62605	0.02661	0.01961	0.02661	0.01681	0.02241	0.01261	0.00700	0.00980	0.00280	0.01401	0.00980	0.00420	0.01120
13	0.61547	0.01673	0.01433	0.01223	0.01766	0.01889	0.01008	0.09643	0.01791	0.09502	0.01445	0.01557	0.01063	0.00821	0.00580	0.00256	0.00680	0.00519	0.00597	0.01006

[dist]
# distance from previous block
# <min> <max>
0	1

[block]
# block no. 2 follows, 22 sequences, length 7
# corresponding to MSA columns:
# 201-207
name=unknown_C
#
# <colnr> <probs for GDERKNQSTAVLIFYWHMCP>
#	G	D	E	R	K	N	Q	S	T	A	V	L	I	F	Y	W	H	M	C	P
0	0.02512	0.19107	0.17775	0.01925	0.02682	0.12798	0.01876	0.21546	0.06554	0.03243	0.01659	0.01777	0.01267	0.00868	0.00740	0.00232	0.01057	0.00625	0.00545	0.01211
1	0.01868	0.01394	0.01695	0.07462	0.02201	0.01218	0.01113	0.07146	0.01978	0.09079	0.02922	0.07955	0.10775	0.01070	0.00761	0.00200	0.00657	0.00891	0.00623	0.38992
2	0.02020	0.09746	0.13023	0.13914	0.02849	0.01769	0.01721	0.05216	0.02027	0.13198	0.16598	0.03024	0.02834	0.01110	0.01000	0.00263	0.07127	0.00878	0.00621	0.01060
3	0.01750	0.15073	0.33106	0.02142	0.07834	0.02007	0.02173	0.02535	0.07328	0.02443	0.01774	0.02291	0.01477	0.07690	0.06619	0.00387	0.01141	0.00701	0.00423	0.01107
4	0.00982	0.00842	0.00842	0.00842	0.01122	0.00701	0.00631	0.01192	0.01894	0.02244	0.08416	0.07995	0.65285	0.02104	0.00982	0.00281	0.00421	0.01753	0.00771	0.00701
5	0.02346	0.01749	0.01708	0.01525	0.01937	0.10865	0.01176	0.03417	0.25723	0.16343	0.07771	0.09739	0.02883	0.01243	0.00837	0.00263	0.00726	0.01029	0.07590	0.01133
6	0.01547	0.01962	0.16681	0.07475	0.07302	0.01483	0.01730	0.02435	0.14544	0.02681	0.07202	0.17110	0.05624	0.01482	0.00917	0.00294	0.00801	0.07073	0.00637	0.01020

[dist]
# distance from previous block
# <min> <max>
0	4

[block]
# block no. 3 follows, 22 sequences, length 7
# corresponding to MSA columns:
# 212-218
name=unknown_D
#
# <colnr> <probs for GDERKNQSTAVLIFYWHMCP>
#	G	D	E	R	K	N	Q	S	T	A	V	L	I	F	Y	W	H	M	C	P
0	0.02401	0.06520	0.07605	0.05820	0.02450	0.05258	0.01536	0.16627	0.09892	0.12789	0.02316	0.07172	0.01873	0.01492	0.04794	0.04030	0.04754	0.00864	0.00667	0.01139
1	0.03727	0.01414	0.01928	0.01478	0.02121	0.01221	0.01221	0.04049	0.02378	0.66198	0.03277	0.02828	0.02056	0.01028	0.00835	0.00257	0.00707	0.00835	0.01028	0.01414
2	0.01241	0.00956	0.01328	0.01297	0.01403	0.01091	0.00973	0.01478	0.01500	0.02135	0.12660	0.10778	0.03403	0.14637	0.32808	0.00867	0.08993	0.01172	0.00555	0.00723
3	0.02006	0.06527	0.21937	0.15551	0.15387	0.05332	0.11960	0.02644	0.01862	0.06637	0.01619	0.02008	0.01212	0.00789	0.00820	0.00258	0.01149	0.00720	0.00425	0.01159
4	0.01580	0.01487	0.02393	0.02446	0.14549	0.01566	0.11383	0.02064	0.05297	0.02535	0.10681	0.09381	0.12544	0.01744	0.05992	0.00365	0.11261	0.01187	0.00580	0.00967
5	0.01094	0.00835	0.01132	0.08027	0.01664	0.00816	0.00915	0.01330	0.01762	0.02343	0.15100	0.45438	0.12025	0.02211	0.01014	0.00312	0.00524	0.01981	0.00755	0.00722
6	0.10021	0.02054	0.02701	0.15242	0.24470	0.10321	0.06011	0.05468	0.01923	0.02675	0.01887	0.02296	0.05106	0.00915	0.00925	0.00261	0.05425	0.00760	0.00457	0.01082

[dist]
# distance from previous block
# <min> <max>
0	11

[block]
# block no. 4 follows, 22 sequences, length 42
# corresponding to MSA columns:
# 263-285,287-305
name=unknown_E
#
# <colnr> <probs for GDERKNQSTAVLIFYWHMCP>
#	G	D	E	R	K	N	Q	S	T	A	V	L	I	F	Y	W	H	M	C	P
0	0.02239	0.01947	0.09238	0.08187	0.21664	0.01705	0.04446	0.10553	0.02201	0.13517	0.02786	0.02939	0.09229	0.01010	0.00837	0.00256	0.00885	0.00879	0.04289	0.01194
1	0.01387	0.01132	0.01353	0.01156	0.01586	0.00925	0.00867	0.01656	0.01662	0.02399	0.03248	0.21136	0.10298	0.04646	0.05060	0.00303	0.00663	0.01202	0.00599	0.38720
2	0.01153	0.00820	0.01036	0.01029	0.01205	0.00755	0.00754	0.01482	0.02127	0.02990	0.44465	0.18098	0.12268	0.01855	0.00968	0.00273	0.00411	0.01636	0.05921	0.00755
3	0.01088	0.00853	0.00967	0.01025	0.01235	0.00766	0.00782	0.01306	0.01794	0.02214	0.06564	0.13127	0.40093	0.10029	0.01395	0.00367	0.00545	0.14420	0.00739	0.00690
4	0.01586	0.01280	0.01464	0.01342	0.01664	0.01374	0.01028	0.02878	0.30778	0.03398	0.36742	0.04776	0.05398	0.01435	0.00918	0.00271	0.00514	0.01243	0.00883	0.01028
5	0.01796	0.19995	0.51941	0.02146	0.03253	0.02247	0.02683	0.02597	0.01738	0.02472	0.01412	0.01655	0.01056	0.00771	0.00729	0.00243	0.01148	0.00574	0.00352	0.01190
6	0.02221	0.71304	0.04353	0.01421	0.02132	0.03287	0.01421	0.02488	0.01688	0.01955	0.01155	0.01333	0.01066	0.00711	0.00533	0.00178	0.00888	0.00444	0.00355	0.01066
7	0.01939	0.01663	0.01762	0.01594	0.02034	0.01895	0.01237	0.04022	0.56088	0.03389	0.07879	0.03613	0.06776	0.01226	0.00863	0.00280	0.00625	0.01028	0.00845	0.01241
8	0.19950	0.01561	0.01590	0.01312	0.01792	0.01680	0.01065	0.22418	0.02458	0.11814	0.02181	0.02290	0.01596	0.00939	0.00679	0.00235	0.00661	0.00697	0.23989	0.01094
9	0.01012	0.00723	0.00964	0.01157	0.01205	0.00675	0.00771	0.01157	0.01591	0.02121	0.04579	0.70262	0.05495	0.02603	0.01060	0.00337	0.00482	0.02362	0.00771	0.00675
10	0.12292	0.01201	0.06198	0.01078	0.01390	0.01085	0.00932	0.01958	0.01600	0.02877	0.02276	0.02778	0.01854	0.02158	0.16268	0.00476	0.00921	0.00742	0.41095	0.00821
11	0.01239	0.00841	0.01007	0.01052	0.01097	0.00841	0.00699	0.01328	0.01373	0.01816	0.03035	0.06358	0.03433	0.54755	0.03507	0.00706	0.00796	0.14988	0.00565	0.00565
12	0.02787	0.23496	0.02898	0.01847	0.02387	0.35916	0.01509	0.07240	0.07347	0.05021	0.01550	0.01670	0.01254	0.00852	0.00702	0.00213	0.01176	0.00568	0.00493	0.01072
13	0.03092	0.01236	0.01617	0.01292	0.01807	0.01095	0.01050	0.03432	0.02228	0.48326	0.06186	0.03057	0.02358	0.01047	0.00783	0.00242	0.00617	0.00854	0.18449	0.01233
14	0.01126	0.00801	0.01039	0.01126	0.01198	0.00806	0.00772	0.01274	0.01455	0.01954	0.03652	0.30766	0.06421	0.24116	0.15354	0.00681	0.00945	0.05249	0.00624	0.00642
15	0.21234	0.02675	0.02398	0.02806	0.22314	0.27691	0.01726	0.05199	0.02033	0.02800	0.01368	0.01657	0.01119	0.00804	0.00717	0.00237	0.01098	0.00587	0.00460	0.01077
16	0.59450	0.01775	0.01519	0.01284	0.01834	0.02031	0.01059	0.16594	0.01998	0.04081	0.01353	0.01501	0.01020	0.00824	0.00588	0.00255	0.00706	0.00520	0.00588	0.01020
17	0.01058	0.00742	0.00950	0.01098	0.01135	0.00705	0.00708	0.01169	0.01501	0.02001	0.04119	0.55075	0.04915	0.18580	0.01803	0.00447	0.00558	0.02091	0.00708	0.00635
18	0.01723	0.01477	0.01723	0.01230	0.01969	0.01107	0.00984	0.02092	0.01723	0.02707	0.01477	0.01723	0.01230	0.00615	0.00615	0.00123	0.00615	0.00492	0.00492	0.75883
19	0.76672	0.01607	0.01221	0.01092	0.01607	0.01864	0.00900	0.02442	0.01414	0.03727	0.01157	0.01350	0.00900	0.00771	0.00514	0.00257	0.00643	0.00450	0.00514	0.00900
20	0.01742	0.01539	0.01984	0.01417	0.02164	0.01189	0.06056	0.02139	0.01742	0.02703	0.01493	0.01765	0.01233	0.00622	0.00645	0.00136	0.00680	0.00532	0.00486	0.69729
21	0.01187	0.00890	0.01335	0.01335	0.01483	0.01038	0.01038	0.01483	0.01335	0.01928	0.02225	0.03264	0.02077	0.06231	0.67512	0.01335	0.02225	0.00890	0.00445	0.00742
22	0.01035	0.00844	0.00915	0.00897	0.01155	0.00724	0.00673	0.01294	0.02018	0.02540	0.23876	0.07508	0.49640	0.01993	0.00981	0.00275	0.00413	0.01685	0.00810	0.00724
23	0.02026	0.01943	0.03318	0.09031	0.61926	0.01966	0.02535	0.02523	0.01877	0.02678	0.01557	0.02066	0.01303	0.00746	0.00823	0.00249	0.00994	0.00740	0.00409	0.01292
24	0.01548	0.05699	0.01517	0.01274	0.01377	0.01191	0.00943	0.01572	0.06356	0.01746	0.01643	0.02518	0.01551	0.02858	0.10140	0.49848	0.06493	0.00740	0.00410	0.00575
25	0.01239	0.00841	0.01007	0.01052	0.01097	0.00841	0.00699	0.01328	0.01373	0.01816	0.03035	0.06358	0.03433	0.54755	0.03507	0.00706	0.00796	0.14988	0.00565	0.00565
26	0.01186	0.00980	0.01517	0.01458	0.01620	0.00961	0.07850	0.01428	0.01718	0.02327	0.11562	0.48407	0.07254	0.02191	0.01137	0.00321	0.04623	0.01981	0.00725	0.00753
27	0.02074	0.02107	0.06858	0.03489	0.31920	0.04701	0.07839	0.09884	0.06316	0.02943	0.02069	0.09994	0.01856	0.01039	0.00920	0.00266	0.03045	0.00949	0.00530	0.01202
28	0.02801	0.02619	0.06586	0.02931	0.22427	0.19500	0.01923	0.14138	0.02462	0.13836	0.01856	0.02008	0.01378	0.00871	0.00805	0.00241	0.01077	0.00695	0.00595	0.01251
29	0.01041	0.00772	0.00976	0.01111	0.01226	0.00707	0.00783	0.01233	0.01731	0.02263	0.09969	0.48797	0.17571	0.02413	0.01044	0.00323	0.00482	0.06081	0.00782	0.00695
30	0.64688	0.01680	0.01378	0.01207	0.01730	0.01938	0.00989	0.07571	0.06606	0.03831	0.01403	0.01542	0.01072	0.00818	0.00567	0.00258	0.00666	0.00513	0.00567	0.00975
31	0.02504	0.01744	0.01800	0.01448	0.01994	0.08677	0.01147	0.13526	0.02324	0.17299	0.02357	0.07803	0.01891	0.01010	0.00751	0.00212	0.00749	0.00808	0.09806	0.22152
32	0.01999	0.08874	0.29150	0.02244	0.03096	0.06388	0.13163	0.07518	0.02036	0.05357	0.02184	0.05320	0.04654	0.00998	0.00840	0.00263	0.01112	0.03181	0.00492	0.01132
33	0.65603	0.07330	0.01527	0.01146	0.01685	0.01937	0.00964	0.02555	0.01502	0.07813	0.01300	0.01448	0.00992	0.00784	0.00537	0.00251	0.00667	0.00475	0.00536	0.00948
34	0.01016	0.00771	0.00937	0.01048	0.01182	0.00692	0.00728	0.01202	0.01749	0.02259	0.10738	0.45323	0.24614	0.02371	0.01029	0.00313	0.00455	0.02099	0.00783	0.00692
35	0.01785	0.01231	0.01519	0.01290	0.01712	0.01168	0.01006	0.02408	0.10788	0.10449	0.12527	0.03309	0.02874	0.04755	0.15481	0.00477	0.00946	0.00886	0.03618	0.21771
36	0.02369	0.14703	0.06927	0.08377	0.25432	0.19105	0.02054	0.06912	0.02089	0.02530	0.01439	0.01776	0.01183	0.00793	0.00752	0.00230	0.01120	0.00629	0.00428	0.01152
37	0.01509	0.00931	0.01242	0.01294	0.01496	0.00885	0.00998	0.01857	0.04054	0.10649	0.14896	0.32213	0.05176	0.02113	0.01033	0.00324	0.00575	0.17090	0.00830	0.00834
38	0.01199	0.00791	0.01041	0.01143	0.01262	0.00727	0.00794	0.01400	0.01783	0.06110	0.15287	0.52546	0.08114	0.02331	0.01030	0.00317	0.00477	0.02097	0.00811	0.00738
39	0.05208	0.13087	0.11020	0.01739	0.05259	0.01752	0.01523	0.07553	0.05417	0.15332	0.06507	0.11330	0.02685	0.01277	0.00833	0.00267	0.00792	0.06624	0.00686	0.01110
40	0.21556	0.01923	0.04936	0.02487	0.19188	0.06119	0.04021	0.02888	0.01923	0.18323	0.04067	0.02147	0.01582	0.00853	0.00742	0.00246	0.00853	0.00694	0.00607	0.04843
41	0.01156	0.00810	0.01042	0.01088	0.01141	0.00841	0.00719	0.01275	0.01334	0.01821	0.02965	0.20002	0.03330	0.36354	0.21590	0.00847	0.01136	0.01387	0.00549	0.00612

[dist]
# distance from previous block
# <min> <max>
0	41

[block]
# block no. 5 follows, 22 sequences, length 17
# corresponding to MSA columns:
# 347-363
name=unknown_F
#
# <colnr> <probs for GDERKNQSTAVLIFYWHMCP>
#	G	D	E	R	K	N	Q	S	T	A	V	L	I	F	Y	W	H	M	C	P
0	0.11152	0.03059	0.30528	0.02337	0.06044	0.07804	0.11754	0.02663	0.01866	0.05885	0.04764	0.02048	0.01480	0.00827	0.00788	0.00253	0.01101	0.00701	0.00460	0.04488
1	0.02381	0.48227	0.10057	0.01691	0.02384	0.18783	0.01630	0.02704	0.01857	0.02041	0.01220	0.01415	0.01066	0.00754	0.00611	0.00195	0.01071	0.00483	0.00373	0.01057
2	0.02133	0.06080	0.03181	0.04282	0.50190	0.06187	0.02273	0.02823	0.09551	0.02721	0.01745	0.02107	0.01436	0.00793	0.00804	0.00245	0.00973	0.00735	0.00462	0.01279
3	0.09637	0.01986	0.02419	0.05627	0.17870	0.02190	0.01712	0.23834	0.19240	0.03860	0.02157	0.02254	0.01627	0.00940	0.00802	0.00259	0.00846	0.00768	0.00681	0.01291
4	0.21742	0.01307	0.01467	0.01209	0.01709	0.01276	0.00983	0.03126	0.01978	0.34948	0.02600	0.02517	0.01780	0.00948	0.00692	0.00242	0.00613	0.00723	0.19015	0.01127
5	0.01470	0.01541	0.08232	0.01781	0.02125	0.01453	0.08871	0.03912	0.01680	0.02411	0.11040	0.03199	0.02568	0.03614	0.33169	0.00792	0.09815	0.00938	0.00504	0.00884
6	0.03376	0.01406	0.01866	0.01454	0.02043	0.01259	0.01191	0.07707	0.02478	0.54370	0.10793	0.03186	0.02723	0.01108	0.00853	0.00257	0.00682	0.00911	0.01001	0.01336
7	0.01286	0.01052	0.01437	0.08249	0.07962	0.01059	0.01122	0.01750	0.07001	0.02568	0.17422	0.28002	0.14174	0.01854	0.00967	0.00293	0.00579	0.01648	0.00733	0.00842
8	0.01766	0.01199	0.01239	0.01160	0.01470	0.01318	0.00890	0.02979	0.27988	0.03256	0.02992	0.03098	0.02300	0.01035	0.00692	0.00231	0.00501	0.00844	0.44041	0.01002
9	0.01760	0.01543	0.01731	0.01526	0.01916	0.04635	0.04382	0.05986	0.28884	0.03198	0.18908	0.06854	0.12361	0.01413	0.00907	0.00274	0.00646	0.01215	0.00806	0.01055
10	0.01139	0.00840	0.01063	0.01103	0.01237	0.00835	0.00800	0.01342	0.01590	0.02107	0.08969	0.14825	0.16601	0.19468	0.17982	0.00678	0.00991	0.07118	0.00639	0.00673
11	0.27908	0.01473	0.01408	0.01198	0.01641	0.01612	0.00968	0.17059	0.02190	0.07215	0.02032	0.02213	0.01528	0.00911	0.00632	0.00232	0.00621	0.00660	0.27492	0.01007
12	0.01472	0.00908	0.01201	0.01145	0.01337	0.00891	0.00839	0.01723	0.01781	0.10194	0.20889	0.11188	0.07443	0.16125	0.18437	0.00645	0.00984	0.01305	0.00710	0.00782
13	0.01993	0.01115	0.01465	0.01324	0.01609	0.01153	0.01050	0.06013	0.01895	0.16940	0.06905	0.03867	0.02664	0.06359	0.18259	0.04143	0.04130	0.06618	0.11577	0.00922
14	0.02216	0.53810	0.14341	0.01646	0.02414	0.09276	0.01709	0.02591	0.01763	0.02073	0.01222	0.01418	0.01064	0.00738	0.00596	0.00195	0.01003	0.00481	0.00362	0.01083
15	0.48341	0.01950	0.11934	0.01396	0.01998	0.01702	0.04360	0.02308	0.01610	0.03335	0.06754	0.02413	0.07112	0.00958	0.00659	0.00262	0.00737	0.00698	0.00536	0.00938
16	0.10973	0.09349	0.16746	0.02226	0.10134	0.13616	0.04691	0.02841	0.06988	0.05112	0.01741	0.01961	0.01345	0.00835	0.00724	0.00239	0.01005	0.00647	0.07725	0.01102

[dist]
# distance from previous block
# <min> <max>
0	12

[block]
# block no. 6 follows, 22 sequences, length 11
# corresponding to MSA columns:
# 376-386
name=unknown_G
#
# <colnr> <probs for GDERKNQSTAVLIFYWHMCP>
#	G	D	E	R	K	N	Q	S	T	A	V	L	I	F	Y	W	H	M	C	P
0	0.06552	0.06022	0.22527	0.14799	0.05410	0.08224	0.06259	0.02594	0.05942	0.02575	0.05380	0.02176	0.01588	0.00912	0.00922	0.00265	0.05614	0.00723	0.00446	0.01070
1	0.01413	0.01129	0.01331	0.01177	0.01549	0.01005	0.00901	0.01900	0.07617	0.02680	0.16311	0.09159	0.11595	0.08372	0.01199	0.00293	0.00573	0.06778	0.00693	0.24323
2	0.01536	0.01602	0.05931	0.08481	0.09280	0.01753	0.01647	0.01832	0.01560	0.02188	0.02966	0.15328	0.11784	0.01585	0.01646	0.00319	0.27978	0.01179	0.00506	0.00900
3	0.01806	0.01413	0.01546	0.01385	0.01755	0.01492	0.01068	0.17652	0.16581	0.03361	0.10020	0.16834	0.18367	0.01656	0.00927	0.00282	0.00609	0.01403	0.00816	0.01025
4	0.01179	0.00798	0.00932	0.00952	0.00976	0.00786	0.00564	0.01234	0.01362	0.01834	0.08506	0.14174	0.03784	0.55470	0.03513	0.00694	0.00725	0.01389	0.00576	0.00552
5	0.01995	0.03166	0.33941	0.06682	0.12573	0.02059	0.12303	0.11930	0.02135	0.03022	0.01609	0.01939	0.01183	0.00803	0.00834	0.00262	0.01166	0.00719	0.00446	0.01234
6	0.76672	0.01607	0.01221	0.01092	0.01607	0.01864	0.00900	0.02442	0.01414	0.03727	0.01157	0.01350	0.00900	0.00771	0.00514	0.00257	0.00643	0.00450	0.00514	0.00900
7	0.01597	0.01417	0.02102	0.27220	0.07290	0.01555	0.05090	0.05922	0.07945	0.02725	0.12965	0.03980	0.14321	0.01230	0.00892	0.00272	0.00822	0.01081	0.00609	0.00964
8	0.01581	0.01190	0.01312	0.01233	0.01531	0.01270	0.00937	0.02709	0.26253	0.03194	0.20259	0.08425	0.07981	0.01399	0.00846	0.00261	0.00502	0.01195	0.16946	0.00977
9	0.02168	0.31734	0.09700	0.02444	0.10456	0.09829	0.11673	0.02584	0.01799	0.02237	0.01330	0.01669	0.01130	0.00803	0.00886	0.00231	0.07233	0.00618	0.00381	0.01095
10	0.71402	0.01554	0.01213	0.01089	0.01581	0.01788	0.00892	0.02381	0.01479	0.03700	0.05627	0.01689	0.01384	0.00836	0.00547	0.00257	0.00625	0.00523	0.00542	0.00892

[dist]
# distance from previous block
# <min> <max>
0	25

[block]
# block no. 7 follows, 22 sequences, length 19
# corresponding to MSA columns:
# 412-416,424-426,430-440
name=unknown_H
#
# <colnr> <probs for GDERKNQSTAVLIFYWHMCP>
#	G	D	E	R	K	N	Q	S	T	A	V	L	I	F	Y	W	H	M	C	P
0	0.01779	0.01699	0.05327	0.07296	0.11185	0.01645	0.09334	0.08623	0.12907	0.02922	0.07998	0.06358	0.11155	0.06678	0.01158	0.00314	0.00837	0.01100	0.00635	0.01051
1	0.01034	0.00844	0.00913	0.00896	0.01154	0.00723	0.00672	0.01292	0.02016	0.02534	0.23547	0.07518	0.49973	0.01996	0.00981	0.00275	0.00413	0.01686	0.00810	0.00723
2	0.01637	0.01120	0.01375	0.01221	0.01547	0.01088	0.00940	0.02386	0.13870	0.09764	0.43456	0.05009	0.05858	0.01458	0.00918	0.00256	0.00487	0.01268	0.00888	0.05455
3	0.07690	0.03214	0.36373	0.06884	0.06321	0.02057	0.05657	0.14042	0.04473	0.03209	0.01644	0.01891	0.01192	0.00836	0.00793	0.00262	0.01092	0.00673	0.00480	0.01219
4	0.01888	0.01471	0.01740	0.01251	0.01981	0.01117	0.01004	0.02253	0.01777	0.07935	0.01625	0.01814	0.01298	0.00649	0.00633	0.00134	0.00623	0.00520	0.00536	0.69751
5	0.01635	0.01544	0.02611	0.60191	0.13823	0.01863	0.02340	0.02180	0.01692	0.02203	0.01488	0.02193	0.01136	0.00818	0.00829	0.00273	0.01091	0.00739	0.00375	0.00976
6	0.70376	0.01832	0.06701	0.01200	0.01774	0.01869	0.01082	0.02458	0.01442	0.03635	0.01185	0.01383	0.00913	0.00773	0.00537	0.00258	0.00692	0.00464	0.00500	0.00927
7	0.02425	0.01910	0.05479	0.02435	0.15511	0.04123	0.04889	0.09716	0.02141	0.16694	0.01981	0.02195	0.01486	0.01226	0.05444	0.00307	0.04668	0.00721	0.00608	0.16044
8	0.01870	0.05832	0.07620	0.17093	0.11331	0.06868	0.01730	0.02604	0.11383	0.05325	0.10034	0.03171	0.05658	0.04770	0.01013	0.00288	0.00894	0.00902	0.00573	0.01042
9	0.15923	0.25104	0.05276	0.07057	0.02435	0.04955	0.01444	0.06195	0.13365	0.08171	0.01834	0.01919	0.01412	0.00859	0.00672	0.00235	0.00843	0.00620	0.00560	0.01120
10	0.01182	0.00812	0.00913	0.00909	0.00952	0.00793	0.00536	0.01231	0.01359	0.01795	0.07503	0.05761	0.09959	0.58795	0.03662	0.00713	0.00736	0.01286	0.00560	0.00544
11	0.60369	0.01766	0.01503	0.01274	0.01822	0.02022	0.01050	0.15839	0.01966	0.04062	0.01343	0.01493	0.01013	0.00821	0.00584	0.00255	0.00703	0.00516	0.00584	0.01013
12	0.01443	0.00722	0.01082	0.01082	0.01082	0.00722	0.00722	0.01082	0.01082	0.01443	0.01443	0.02525	0.01443	0.02886	0.03247	0.75830	0.00722	0.00722	0.00361	0.00361
13	0.02375	0.59559	0.04005	0.01547	0.02208	0.14481	0.01453	0.02632	0.01804	0.01968	0.01177	0.01361	0.01067	0.00736	0.00571	0.00184	0.00995	0.00460	0.00368	0.01048
14	0.08399	0.01718	0.01886	0.01824	0.10496	0.06453	0.01247	0.09656	0.02064	0.06056	0.01811	0.02047	0.01422	0.00791	0.00675	0.00192	0.00735	0.00622	0.13819	0.28087
15	0.01095	0.00987	0.00933	0.00918	0.01199	0.03800	0.00688	0.01320	0.01951	0.02321	0.12601	0.07552	0.57742	0.02014	0.00971	0.00276	0.00468	0.01677	0.00767	0.00720
16	0.01193	0.00799	0.00911	0.00926	0.00930	0.00795	0.00524	0.01204	0.01238	0.01651	0.02772	0.10528	0.03215	0.65447	0.03979	0.00769	0.00780	0.01299	0.00524	0.00517
17	0.01920	0.02544	0.18611	0.03121	0.13322	0.01941	0.27733	0.07098	0.02067	0.02884	0.05184	0.02694	0.01782	0.00894	0.00909	0.00273	0.01168	0.04215	0.00480	0.01160
18	0.01674	0.01553	0.04644	0.01267	0.01982	0.01118	0.01063	0.02073	0.01777	0.02756	0.06825	0.02100	0.01777	0.00714	0.00654	0.00141	0.00625	0.00583	0.00521	0.66153

[dist]
# distance from previous block
# <min> <max>
0	5

[block]
# block no. 8 follows, 22 sequences, length 28
# corresponding to MSA columns:
# 446-473
name=unknown_I
#
# <colnr> <probs for GDERKNQSTAVLIFYWHMCP>
#	G	D	E	R	K	N	Q	S	T	A	V	L	I	F	Y	W	H	M	C	P
0	0.02257	0.18532	0.21901	0.01944	0.02692	0.12234	0.04158	0.08706	0.02075	0.06424	0.02010	0.02166	0.05655	0.00943	0.00862	0.00242	0.04901	0.00690	0.00485	0.01122
1	0.48947	0.08589	0.01740	0.01314	0.01806	0.11591	0.01066	0.06133	0.01714	0.03249	0.01330	0.01701	0.01123	0.05795	0.00835	0.00282	0.00820	0.00534	0.00505	0.00928
2	0.01673	0.01321	0.01487	0.01374	0.01568	0.04610	0.01025	0.09826	0.05440	0.02518	0.02485	0.09980	0.02448	0.19507	0.17188	0.00650	0.07401	0.01054	0.07617	0.00828
3	0.11310	0.19563	0.03051	0.02428	0.15249	0.08898	0.04753	0.15079	0.06743	0.03146	0.01610	0.01808	0.01285	0.00826	0.00717	0.00232	0.00954	0.00639	0.00529	0.01179
4	0.01946	0.01959	0.07481	0.06711	0.33051	0.01816	0.07538	0.09931	0.02077	0.02886	0.02166	0.14433	0.02053	0.01115	0.00879	0.00269	0.00946	0.01048	0.00524	0.01169
5	0.02066	0.01785	0.01878	0.01691	0.02160	0.02066	0.01315	0.04414	0.64121	0.03475	0.03381	0.03099	0.02536	0.01127	0.00845	0.00282	0.00657	0.00939	0.00845	0.01315
6	0.01198	0.00844	0.01100	0.01100	0.01167	0.00911	0.00745	0.01333	0.01266	0.01754	0.02440	0.04454	0.02594	0.41609	0.32840	0.01045	0.01447	0.01064	0.00477	0.00611
7	0.15127	0.01833	0.01989	0.01569	0.02185	0.05570	0.01286	0.19140	0.02623	0.36552	0.02488	0.02297	0.01646	0.00969	0.00778	0.00252	0.00797	0.00734	0.00860	0.01305
8	0.01666	0.04297	0.66500	0.02368	0.03596	0.01929	0.03069	0.02631	0.01754	0.02631	0.01491	0.01754	0.01052	0.00789	0.00789	0.00263	0.01228	0.00614	0.00351	0.01228
9	0.01267	0.00919	0.01247	0.01420	0.01604	0.00899	0.01205	0.01605	0.01874	0.02421	0.04814	0.16114	0.10819	0.02311	0.01121	0.00367	0.00699	0.47778	0.00766	0.00749
10	0.06702	0.23768	0.07260	0.01666	0.02308	0.02534	0.01503	0.15985	0.23796	0.03330	0.02129	0.02116	0.01639	0.00925	0.00721	0.00240	0.00823	0.00693	0.00635	0.01228
11	0.01563	0.01511	0.05733	0.02156	0.14601	0.01392	0.04717	0.01997	0.05435	0.02413	0.10083	0.03937	0.06197	0.22409	0.02021	0.00426	0.05699	0.01032	0.00546	0.06136
12	0.02153	0.21777	0.32232	0.02150	0.07257	0.02254	0.02232	0.05187	0.05081	0.09695	0.01720	0.01859	0.01276	0.00817	0.00732	0.00239	0.01019	0.00623	0.00476	0.01223
13	0.01525	0.06165	0.33719	0.01790	0.02529	0.01576	0.02000	0.02313	0.06377	0.02763	0.18231	0.07846	0.03271	0.01471	0.04536	0.00324	0.00958	0.00995	0.00566	0.01046
14	0.02056	0.01974	0.03372	0.05099	0.65622	0.01974	0.02550	0.02550	0.01892	0.02714	0.01563	0.02056	0.01316	0.00740	0.00822	0.00247	0.00987	0.00740	0.00411	0.01316
15	0.06438	0.03097	0.02453	0.02463	0.11596	0.42849	0.04560	0.03051	0.02223	0.06211	0.06023	0.02024	0.01649	0.00898	0.00781	0.00230	0.01250	0.00669	0.00500	0.01033
16	0.06688	0.01988	0.05679	0.13003	0.17920	0.02029	0.05252	0.18687	0.08253	0.03441	0.04844	0.02583	0.01814	0.00964	0.00836	0.00264	0.00933	0.03029	0.00598	0.01195
17	0.01329	0.06022	0.01343	0.01068	0.01387	0.01110	0.00843	0.07185	0.02093	0.02663	0.16522	0.06178	0.38502	0.02236	0.07486	0.00371	0.00673	0.01437	0.00740	0.00813
18	0.03158	0.02327	0.02493	0.01911	0.02576	0.02576	0.01579	0.62852	0.03906	0.05236	0.01995	0.01995	0.01413	0.00997	0.00831	0.00249	0.00914	0.00748	0.00831	0.01413
19	0.01809	0.01781	0.02551	0.02090	0.02291	0.02237	0.05906	0.02063	0.01407	0.02182	0.01206	0.01829	0.01129	0.01240	0.02198	0.00311	0.51311	0.00699	0.00392	0.15366
20	0.01569	0.01477	0.02492	0.68808	0.05722	0.01846	0.02307	0.02123	0.01661	0.02123	0.01477	0.02215	0.01107	0.00831	0.00831	0.00277	0.01107	0.00738	0.00369	0.00923
21	0.09818	0.01207	0.01399	0.01299	0.01541	0.01344	0.00972	0.10437	0.06176	0.02637	0.02376	0.06825	0.02297	0.20570	0.26611	0.00803	0.01307	0.00980	0.00567	0.00832
22	0.01748	0.01676	0.02528	0.18675	0.30578	0.04932	0.02002	0.02149	0.01773	0.02376	0.02366	0.14007	0.05219	0.01197	0.00981	0.00276	0.04938	0.01058	0.00479	0.01042
23	0.03423	0.01384	0.01815	0.01414	0.02002	0.01240	0.01161	0.07034	0.02383	0.54933	0.03136	0.02815	0.02030	0.01019	0.00803	0.00249	0.00678	0.00823	0.10325	0.01334
24	0.06574	0.00900	0.01079	0.01144	0.01309	0.00873	0.00844	0.01522	0.01687	0.05014	0.07935	0.25893	0.12424	0.15364	0.01625	0.00416	0.00608	0.13353	0.00720	0.00717
25	0.01999	0.01960	0.07589	0.05821	0.14188	0.10022	0.06454	0.02431	0.01961	0.09561	0.07834	0.06586	0.04652	0.01698	0.07452	0.00376	0.01088	0.06709	0.00585	0.01032
26	0.02426	0.02058	0.05877	0.03496	0.29669	0.05392	0.14444	0.02913	0.02027	0.17404	0.02085	0.04893	0.01615	0.00880	0.00862	0.00258	0.01025	0.00858	0.00569	0.01250
27	0.01035	0.00736	0.00968	0.01133	0.01186	0.00690	0.00753	0.01183	0.01605	0.02151	0.07786	0.62093	0.05447	0.07426	0.01282	0.00367	0.00500	0.02232	0.00760	0.00669

[dist]
# distance from previous block
# <min> <max>
5	268

# created by:
# /home/berkeley/.conda/envs/busco_data_prod/bin/msa2prfl.pl pipeline/OGs_align_augustus/5794/31324.fs
