[name]
unknown

[dist]
# distance from previous block
# <min> <max>
0	235

[block]
# block no. 0 follows, 27 sequences, length 30
# corresponding to MSA columns:
# 236-258,260-266
name=unknown_A
#
# <colnr> <probs for GDERKNQSTAVLIFYWHMCP>
#	G	D	E	R	K	N	Q	S	T	A	V	L	I	F	Y	W	H	M	C	P
0	0.01344	0.00820	0.00982	0.00990	0.01128	0.00805	0.00713	0.04136	0.01515	0.06800	0.03098	0.16478	0.05211	0.26997	0.01856	0.00423	0.00588	0.11591	0.13872	0.00652
1	0.01499	0.01211	0.01501	0.11404	0.02094	0.01077	0.01016	0.05214	0.01624	0.02446	0.01782	0.09738	0.01610	0.00830	0.00628	0.00165	0.00591	0.00699	0.09638	0.45234
2	0.00890	0.00727	0.00787	0.00826	0.01024	0.00624	0.00599	0.01070	0.01641	0.02014	0.08887	0.23073	0.51311	0.01975	0.00894	0.00262	0.00388	0.01690	0.00694	0.00624
3	0.01978	0.08403	0.02744	0.17562	0.34937	0.07403	0.01950	0.11631	0.01926	0.02535	0.01384	0.01761	0.01113	0.00717	0.00709	0.00218	0.00923	0.00624	0.00411	0.01071
4	0.02118	0.09617	0.13733	0.01940	0.02552	0.18251	0.11042	0.10332	0.17945	0.02622	0.01744	0.01855	0.01329	0.00795	0.00716	0.00222	0.00992	0.00649	0.00495	0.01051
5	0.00919	0.00702	0.00845	0.00918	0.01056	0.00627	0.00647	0.01105	0.01629	0.02112	0.15987	0.38945	0.27760	0.02036	0.00911	0.00272	0.00398	0.01793	0.00710	0.00627
6	0.02276	0.02406	0.01944	0.07286	0.02364	0.29932	0.01372	0.09051	0.30124	0.02628	0.02014	0.02037	0.01542	0.00877	0.00718	0.00224	0.00945	0.00663	0.00569	0.01027
7	0.01706	0.01422	0.01569	0.01326	0.01778	0.01475	0.01039	0.07397	0.35938	0.03022	0.13376	0.02850	0.02686	0.00969	0.00723	0.00211	0.00555	0.00810	0.00686	0.20462
8	0.01345	0.01242	0.01313	0.01281	0.01445	0.12461	0.00974	0.01577	0.01334	0.01716	0.01877	0.02810	0.01774	0.10189	0.54047	0.00990	0.01781	0.00766	0.00399	0.00679
9	0.01307	0.01077	0.01361	0.12856	0.01999	0.01172	0.01054	0.02146	0.21134	0.02599	0.24035	0.15731	0.07753	0.01398	0.00831	0.00254	0.00540	0.01225	0.00690	0.00839
10	0.01990	0.01769	0.02171	0.01701	0.02216	0.07361	0.11925	0.20124	0.11942	0.03180	0.13286	0.02532	0.02319	0.00907	0.00752	0.00213	0.00776	0.00791	0.00618	0.13428
11	0.02263	0.02249	0.02194	0.19123	0.12641	0.26497	0.01649	0.06640	0.08850	0.08361	0.01620	0.01849	0.01231	0.00791	0.00717	0.00221	0.01014	0.00622	0.00477	0.00991
12	0.01207	0.00668	0.00921	0.00921	0.00962	0.00647	0.00618	0.00991	0.01095	0.01418	0.02391	0.03245	0.12556	0.07447	0.02629	0.60079	0.00606	0.00827	0.00392	0.00381
13	0.01846	0.01444	0.01737	0.04332	0.02003	0.01558	0.05655	0.13396	0.28972	0.06572	0.03307	0.05693	0.12069	0.01114	0.00768	0.00241	0.00634	0.00945	0.06687	0.01027
14	0.00895	0.00725	0.00795	0.00837	0.01029	0.00625	0.00605	0.01077	0.01646	0.02036	0.10345	0.24378	0.48468	0.01975	0.00896	0.00263	0.00389	0.01695	0.00697	0.00625
15	0.01669	0.01568	0.02623	0.03913	0.57048	0.01557	0.01988	0.02056	0.01653	0.02335	0.02021	0.11949	0.04478	0.00942	0.00770	0.00233	0.00799	0.00899	0.00425	0.01074
16	0.23329	0.01188	0.01375	0.01134	0.01581	0.01153	0.00919	0.02694	0.01886	0.35668	0.18323	0.02897	0.02804	0.01001	0.00700	0.00231	0.00548	0.00797	0.00770	0.01003
17	0.01511	0.01431	0.02424	0.55139	0.21245	0.01678	0.02116	0.01993	0.01536	0.02030	0.01339	0.01944	0.01036	0.00722	0.00740	0.00241	0.00963	0.00660	0.00339	0.00913
18	0.00989	0.00756	0.00907	0.00869	0.01071	0.00674	0.00652	0.01281	0.01955	0.02631	0.47004	0.06116	0.29105	0.01647	0.00876	0.00240	0.00359	0.01423	0.00772	0.00674
19	0.01059	0.04648	0.01101	0.00953	0.01136	0.00795	0.00717	0.01349	0.01912	0.02631	0.48209	0.17606	0.11838	0.01648	0.00867	0.00243	0.00391	0.01450	0.00756	0.00690
20	0.01852	0.18272	0.30010	0.02268	0.08146	0.12072	0.12737	0.02412	0.01673	0.02156	0.01275	0.01548	0.00995	0.00683	0.00682	0.00214	0.01076	0.00569	0.00339	0.01023
21	0.01763	0.01688	0.02879	0.16132	0.58287	0.01744	0.02241	0.02213	0.01655	0.02335	0.01383	0.01862	0.01144	0.00675	0.00736	0.00225	0.00900	0.00661	0.00361	0.01116
22	0.02615	0.01870	0.02032	0.01617	0.02163	0.02061	0.01317	0.43901	0.20373	0.10760	0.02224	0.02117	0.01585	0.00925	0.00746	0.00231	0.00738	0.00721	0.00764	0.01239
23	0.01903	0.14308	0.08037	0.02190	0.15792	0.01834	0.07387	0.12810	0.01908	0.02669	0.01380	0.01624	0.01106	0.00662	0.00648	0.00182	0.00809	0.00563	0.00438	0.23750
24	0.00978	0.00735	0.01032	0.01313	0.06479	0.00695	0.00815	0.01132	0.01443	0.01937	0.03878	0.67755	0.04614	0.02194	0.00931	0.00295	0.00466	0.01996	0.00664	0.00648
25	0.01848	0.01800	0.02375	0.18636	0.08509	0.10740	0.12280	0.11623	0.06598	0.02534	0.02296	0.02897	0.07656	0.00968	0.00790	0.00243	0.00936	0.05826	0.00498	0.00946
26	0.02220	0.01772	0.02245	0.01777	0.02311	0.01911	0.11193	0.26944	0.26529	0.07096	0.02580	0.02521	0.05501	0.00951	0.00776	0.00240	0.00765	0.00818	0.00698	0.01155
27	0.01114	0.00851	0.00965	0.00994	0.01127	0.00856	0.00676	0.01552	0.12763	0.01984	0.04018	0.27908	0.15837	0.23879	0.01766	0.00411	0.00536	0.01476	0.00627	0.00659
28	0.01916	0.01940	0.03027	0.04219	0.58671	0.08007	0.06695	0.02347	0.01732	0.02367	0.01381	0.01804	0.01153	0.00668	0.00739	0.00220	0.00949	0.00660	0.00369	0.01135
29	0.24427	0.02451	0.01851	0.07935	0.02306	0.31412	0.01307	0.15234	0.02082	0.02820	0.01256	0.01446	0.00976	0.00766	0.00631	0.00213	0.00987	0.00510	0.00471	0.00920

[dist]
# distance from previous block
# <min> <max>
2	7

[block]
# block no. 1 follows, 27 sequences, length 40
# corresponding to MSA columns:
# 278-317
name=unknown_B
#
# <colnr> <probs for GDERKNQSTAVLIFYWHMCP>
#	G	D	E	R	K	N	Q	S	T	A	V	L	I	F	Y	W	H	M	C	P
0	0.02225	0.01848	0.02626	0.11940	0.05815	0.02069	0.12877	0.31509	0.02418	0.05508	0.01564	0.01851	0.01171	0.00879	0.01029	0.00247	0.12093	0.00703	0.00546	0.01082
1	0.01038	0.00719	0.00849	0.00862	0.00916	0.00694	0.00538	0.01134	0.01359	0.01832	0.15722	0.14684	0.07630	0.45836	0.02658	0.00541	0.00588	0.01302	0.00568	0.00530
2	0.01070	0.00723	0.00849	0.00884	0.00903	0.00718	0.00542	0.01114	0.01173	0.01559	0.02675	0.12863	0.03085	0.59593	0.03220	0.00640	0.00684	0.06719	0.00497	0.00487
3	0.02041	0.02011	0.06771	0.01722	0.02072	0.09242	0.01454	0.20118	0.12082	0.02803	0.01679	0.02061	0.01389	0.05648	0.04471	0.00327	0.21909	0.00691	0.00521	0.00988
4	0.01410	0.00871	0.01034	0.00971	0.01228	0.00803	0.00734	0.01792	0.06455	0.12690	0.20651	0.14616	0.24018	0.01557	0.00827	0.00244	0.00428	0.01335	0.07555	0.00783
5	0.01840	0.55282	0.08033	0.01315	0.01916	0.02521	0.01305	0.02297	0.07411	0.02038	0.08361	0.01814	0.01703	0.00766	0.00559	0.00180	0.00750	0.00546	0.00408	0.00956
6	0.00929	0.00727	0.00842	0.00870	0.01049	0.00640	0.00631	0.01145	0.01732	0.02232	0.22720	0.23218	0.36825	0.01896	0.00894	0.00259	0.00383	0.01643	0.00723	0.00640
7	0.01283	0.01072	0.01420	0.01652	0.13751	0.01059	0.01036	0.01888	0.12197	0.02692	0.33338	0.04767	0.18198	0.01357	0.00831	0.00238	0.00490	0.01186	0.00698	0.00846
8	0.01985	0.74357	0.03890	0.01270	0.01905	0.02937	0.01270	0.02223	0.01508	0.01747	0.01032	0.01191	0.00953	0.00635	0.00476	0.00159	0.00794	0.00397	0.00318	0.00953
9	0.02004	0.01704	0.07136	0.03078	0.37885	0.01540	0.01808	0.08019	0.01970	0.12957	0.12174	0.02496	0.02176	0.00857	0.00757	0.00225	0.00770	0.00773	0.00551	0.01117
10	0.02130	0.19891	0.08494	0.01672	0.02109	0.11750	0.01499	0.12097	0.01839	0.07045	0.01440	0.04686	0.01239	0.00966	0.01119	0.00235	0.19739	0.00628	0.00451	0.00969
11	0.68485	0.01729	0.01233	0.01107	0.01556	0.11341	0.00892	0.02291	0.01381	0.03119	0.01050	0.01225	0.00825	0.00700	0.00489	0.00224	0.00681	0.00413	0.00449	0.00812
12	0.01975	0.44531	0.13437	0.01483	0.02150	0.02514	0.01494	0.09303	0.12221	0.02361	0.01471	0.01560	0.01191	0.00731	0.00583	0.00192	0.00810	0.00518	0.00431	0.01042
13	0.01740	0.01476	0.02063	0.01667	0.02102	0.01536	0.13691	0.15738	0.17935	0.03157	0.19956	0.03643	0.06648	0.01139	0.00827	0.00245	0.00695	0.04071	0.00689	0.00983
14	0.00905	0.00761	0.00791	0.00806	0.01050	0.00647	0.00620	0.01107	0.01694	0.02024	0.07205	0.07252	0.63293	0.01895	0.00890	0.00259	0.00403	0.07077	0.00689	0.00632
15	0.01880	0.01758	0.02443	0.42795	0.04101	0.07907	0.08642	0.16706	0.02020	0.02569	0.01428	0.01881	0.01063	0.00766	0.00750	0.00237	0.01009	0.00668	0.00433	0.00945
16	0.04697	0.01005	0.01271	0.01061	0.01436	0.00916	0.00846	0.02565	0.01953	0.34864	0.19025	0.03289	0.03096	0.01046	0.00714	0.00217	0.00491	0.00869	0.19668	0.00971
17	0.01719	0.01593	0.02565	0.03685	0.51825	0.01611	0.01922	0.02320	0.08717	0.02581	0.11839	0.02500	0.02178	0.00828	0.00758	0.00226	0.00770	0.00784	0.00477	0.01103
18	0.01080	0.00720	0.00810	0.00810	0.00810	0.00720	0.00450	0.01080	0.01080	0.01439	0.02339	0.04858	0.02699	0.73910	0.03779	0.00720	0.00720	0.01080	0.00450	0.00450
19	0.01289	0.00645	0.00967	0.00967	0.00967	0.00645	0.00645	0.00967	0.00967	0.01289	0.01289	0.02257	0.01289	0.02579	0.02901	0.78401	0.00645	0.00645	0.00322	0.00322
20	0.56129	0.01596	0.01418	0.15988	0.02283	0.07747	0.01123	0.02191	0.01384	0.02897	0.01104	0.01380	0.00856	0.00707	0.00537	0.00230	0.00729	0.00463	0.00425	0.00813
21	0.02044	0.18171	0.09944	0.02068	0.09553	0.05026	0.10625	0.17414	0.02125	0.04879	0.07133	0.04364	0.01733	0.00848	0.00712	0.00216	0.00874	0.00722	0.00506	0.01044
22	0.02895	0.01406	0.01919	0.01797	0.11307	0.01318	0.01272	0.11665	0.02244	0.47051	0.07189	0.02543	0.02031	0.00921	0.00753	0.00228	0.00671	0.00766	0.00811	0.01212
23	0.03331	0.01263	0.01723	0.01321	0.01895	0.01091	0.01091	0.03618	0.02125	0.69794	0.02929	0.02527	0.01838	0.00919	0.00747	0.00230	0.00632	0.00747	0.00919	0.01263
24	0.01777	0.27051	0.23588	0.01590	0.02264	0.07890	0.01665	0.02517	0.12353	0.02288	0.08588	0.02032	0.01797	0.00821	0.00651	0.00208	0.00854	0.00622	0.00445	0.00999
25	0.01767	0.02064	0.12441	0.03917	0.49964	0.01803	0.07626	0.02263	0.01640	0.02367	0.01367	0.01799	0.01125	0.00709	0.00860	0.00232	0.05912	0.00663	0.00358	0.01125
26	0.01280	0.00713	0.01031	0.01017	0.01051	0.00759	0.00716	0.01120	0.01058	0.01502	0.01473	0.02366	0.01409	0.02790	0.12180	0.57345	0.03936	0.00670	0.07160	0.00424
27	0.01721	0.19215	0.01989	0.01254	0.01544	0.09070	0.00987	0.08555	0.04814	0.02013	0.01775	0.02840	0.01761	0.27378	0.08566	0.00480	0.04073	0.00748	0.00445	0.00772
28	0.06024	0.09317	0.18495	0.01662	0.02296	0.18606	0.01593	0.07745	0.01802	0.02387	0.01254	0.01474	0.01002	0.00736	0.00753	0.00195	0.05970	0.00503	0.00402	0.17783
29	0.01275	0.01217	0.01317	0.01191	0.01470	0.09530	0.05386	0.01528	0.01763	0.02223	0.17798	0.19118	0.23462	0.01554	0.00837	0.00238	0.00579	0.01351	0.00634	0.07530
30	0.00905	0.00679	0.00839	0.00955	0.01059	0.00614	0.00657	0.01060	0.01525	0.01977	0.08143	0.52825	0.21728	0.02170	0.00926	0.00285	0.00413	0.01931	0.00695	0.00614
31	0.01707	0.02559	0.25433	0.03011	0.20253	0.03976	0.20718	0.02305	0.01627	0.02307	0.01357	0.01760	0.01058	0.00730	0.00927	0.00243	0.07948	0.00679	0.00348	0.01055
32	0.01532	0.01450	0.02500	0.02989	0.31526	0.01483	0.11524	0.01905	0.01609	0.02268	0.06673	0.14616	0.02321	0.01352	0.04617	0.00303	0.07155	0.02769	0.00462	0.00945
33	0.58997	0.09152	0.01685	0.01565	0.12055	0.01814	0.01083	0.02201	0.01356	0.03023	0.01090	0.01303	0.00878	0.00679	0.00504	0.00221	0.00645	0.00442	0.00430	0.00878
34	0.02245	0.01922	0.02583	0.03214	0.37644	0.08238	0.01857	0.14423	0.02060	0.09813	0.01569	0.01835	0.01224	0.00797	0.00881	0.00228	0.07182	0.00654	0.00493	0.01140
35	0.01051	0.00759	0.00992	0.00934	0.01109	0.00700	0.00700	0.01401	0.02101	0.02977	0.68888	0.05545	0.07005	0.01518	0.00876	0.00233	0.00350	0.01343	0.00817	0.00700
36	0.01061	0.00795	0.01193	0.01193	0.01326	0.00928	0.00928	0.01326	0.01193	0.01723	0.01988	0.02916	0.01856	0.05568	0.70968	0.01193	0.01988	0.00795	0.00398	0.00663
37	0.01489	0.01326	0.01755	0.01476	0.01871	0.01372	0.10903	0.05278	0.27658	0.02690	0.09885	0.06317	0.22259	0.01287	0.00826	0.00250	0.00610	0.01136	0.00681	0.00931
38	0.01105	0.00734	0.00926	0.00991	0.01038	0.00728	0.00683	0.01171	0.01267	0.01675	0.02856	0.15007	0.03237	0.39163	0.02630	0.08736	0.00663	0.16350	0.00526	0.00514
39	0.02471	0.01930	0.02456	0.02184	0.11723	0.02069	0.08320	0.46454	0.02921	0.03988	0.01744	0.01882	0.01281	0.00829	0.00740	0.00222	0.00839	0.00691	0.06073	0.01183

[dist]
# distance from previous block
# <min> <max>
0	2

[block]
# block no. 2 follows, 27 sequences, length 12
# corresponding to MSA columns:
# 320-331
name=unknown_C
#
# <colnr> <probs for GDERKNQSTAVLIFYWHMCP>
#	G	D	E	R	K	N	Q	S	T	A	V	L	I	F	Y	W	H	M	C	P
0	0.16447	0.01662	0.02633	0.11892	0.44973	0.01738	0.05658	0.02220	0.01588	0.02531	0.01324	0.01744	0.01080	0.00674	0.00692	0.00227	0.00858	0.00624	0.00381	0.01053
1	0.68693	0.01724	0.01230	0.01104	0.01553	0.11152	0.00890	0.02289	0.01378	0.03123	0.01049	0.01224	0.00825	0.00700	0.00488	0.00224	0.00679	0.00412	0.00449	0.00812
2	0.01727	0.11531	0.02411	0.37973	0.08683	0.04461	0.01750	0.06125	0.13584	0.02291	0.01612	0.01968	0.01243	0.00778	0.00705	0.00231	0.00885	0.00650	0.00433	0.00958
3	0.05095	0.00793	0.00979	0.00922	0.01118	0.00745	0.00696	0.01416	0.02027	0.02922	0.60727	0.05441	0.11364	0.01502	0.00854	0.00235	0.00364	0.01311	0.00789	0.00700
4	0.02112	0.02067	0.11721	0.01680	0.02220	0.10633	0.07739	0.17997	0.02332	0.11096	0.19544	0.02802	0.02755	0.00992	0.00776	0.00227	0.00822	0.00835	0.00639	0.01012
5	0.01003	0.00738	0.00946	0.00987	0.01136	0.00681	0.00737	0.01268	0.01808	0.02448	0.34360	0.24738	0.15161	0.01856	0.00914	0.00268	0.00416	0.09128	0.00747	0.00661
6	0.03107	0.01622	0.01945	0.01491	0.02074	0.01624	0.01232	0.31423	0.02726	0.41139	0.02424	0.02199	0.01585	0.00907	0.00745	0.00227	0.00713	0.00712	0.00841	0.01263
7	0.02773	0.03538	0.02104	0.01913	0.02295	0.70930	0.01434	0.02964	0.02104	0.01817	0.01148	0.01339	0.00956	0.00765	0.00669	0.00191	0.01339	0.00478	0.00383	0.00861
8	0.01733	0.01616	0.02423	0.07057	0.35771	0.01686	0.01777	0.02350	0.10657	0.02410	0.01550	0.01892	0.01276	0.00769	0.00908	0.00218	0.09374	0.00643	0.00427	0.15462
9	0.01663	0.01586	0.02699	0.31565	0.43631	0.01718	0.02192	0.02126	0.01608	0.02214	0.01366	0.01894	0.01101	0.00694	0.00738	0.00231	0.00925	0.00661	0.00352	0.01036
10	0.01074	0.00743	0.00927	0.00927	0.00967	0.00783	0.00596	0.01155	0.01114	0.01526	0.02232	0.04265	0.02441	0.53030	0.24307	0.00864	0.01107	0.00993	0.00434	0.00515
11	0.02668	0.03137	0.02067	0.01841	0.02252	0.54755	0.01401	0.10428	0.10152	0.02301	0.01445	0.01561	0.01148	0.00809	0.00688	0.00202	0.01189	0.00543	0.00469	0.00945

[dist]
# distance from previous block
# <min> <max>
0	1

[block]
# block no. 3 follows, 27 sequences, length 12
# corresponding to MSA columns:
# 333-344
name=unknown_D
#
# <colnr> <probs for GDERKNQSTAVLIFYWHMCP>
#	G	D	E	R	K	N	Q	S	T	A	V	L	I	F	Y	W	H	M	C	P
0	0.07932	0.12636	0.02013	0.01482	0.01932	0.10207	0.01191	0.03436	0.45096	0.02768	0.02350	0.02244	0.01802	0.00899	0.00681	0.00229	0.00706	0.00697	0.00623	0.01076
1	0.01517	0.01339	0.01359	0.01266	0.01562	0.06515	0.00961	0.02620	0.32024	0.02777	0.23244	0.10131	0.08975	0.01328	0.00812	0.00246	0.00542	0.01133	0.00735	0.00915
2	0.11968	0.01870	0.07111	0.01798	0.11414	0.06667	0.01330	0.11744	0.01859	0.02824	0.01350	0.01561	0.01073	0.00662	0.00614	0.00174	0.00740	0.00511	0.00463	0.34266
3	0.01882	0.02053	0.02236	0.01941	0.02027	0.17673	0.01582	0.02051	0.01354	0.01793	0.01013	0.01560	0.00970	0.01179	0.02040	0.00295	0.56579	0.00611	0.00338	0.00823
4	0.02043	0.02254	0.02415	0.02452	0.17472	0.25879	0.09972	0.02388	0.01813	0.02188	0.01497	0.02113	0.01310	0.00774	0.00712	0.00199	0.01004	0.05384	0.00413	0.17717
5	0.01061	0.00795	0.01193	0.01193	0.01326	0.00928	0.00928	0.01326	0.01193	0.01723	0.01988	0.02916	0.01856	0.05568	0.70968	0.01193	0.01988	0.00795	0.00398	0.00663
6	0.01522	0.08603	0.65594	0.02059	0.03125	0.01806	0.02643	0.02342	0.01563	0.02310	0.01312	0.01542	0.00941	0.00701	0.00690	0.00230	0.01077	0.00538	0.00314	0.01087
7	0.00892	0.00697	0.00809	0.00899	0.01041	0.00614	0.00629	0.01049	0.01551	0.01948	0.05730	0.41760	0.35519	0.02113	0.00914	0.00277	0.00405	0.01851	0.00689	0.00614
8	0.02029	0.01848	0.01736	0.01525	0.01934	0.12042	0.01188	0.13009	0.39789	0.03136	0.11133	0.02768	0.02536	0.01020	0.00756	0.00236	0.00703	0.00825	0.00706	0.01080
9	0.01121	0.00716	0.00794	0.00794	0.00817	0.00716	0.00459	0.01167	0.01144	0.01619	0.02350	0.04576	0.02592	0.64058	0.03339	0.00646	0.00669	0.01027	0.10914	0.00482
10	0.04830	0.13247	0.07393	0.01652	0.02093	0.17609	0.01433	0.16243	0.04025	0.02542	0.01421	0.01713	0.01175	0.01470	0.10048	0.00348	0.10764	0.00585	0.00454	0.00955
11	0.01682	0.12537	0.11805	0.10832	0.02563	0.01694	0.07810	0.02386	0.12778	0.07339	0.02349	0.10045	0.04051	0.01077	0.00822	0.00247	0.03519	0.04993	0.00518	0.00952

[dist]
# distance from previous block
# <min> <max>
0	1

[block]
# block no. 4 follows, 27 sequences, length 7
# corresponding to MSA columns:
# 346-352
name=unknown_E
#
# <colnr> <probs for GDERKNQSTAVLIFYWHMCP>
#	G	D	E	R	K	N	Q	S	T	A	V	L	I	F	Y	W	H	M	C	P
0	0.01939	0.35226	0.14397	0.15003	0.02809	0.15309	0.01700	0.02322	0.01626	0.01890	0.01159	0.01432	0.00958	0.00692	0.00602	0.00195	0.00985	0.00488	0.00331	0.00935
1	0.07516	0.01542	0.01654	0.01323	0.01786	0.01653	0.01078	0.36267	0.02626	0.12052	0.02056	0.02116	0.01485	0.00874	0.00661	0.00210	0.00644	0.00667	0.22719	0.01070
2	0.01491	0.02000	0.19320	0.01663	0.04219	0.05872	0.04885	0.05559	0.01700	0.02302	0.06946	0.09381	0.09685	0.06932	0.01138	0.00281	0.05852	0.04329	0.00496	0.05949
3	0.00906	0.00743	0.00798	0.00806	0.01026	0.00635	0.00596	0.01113	0.01728	0.02140	0.16369	0.13150	0.53680	0.01868	0.00884	0.00253	0.00377	0.01584	0.00708	0.00635
4	0.01918	0.10879	0.14134	0.07933	0.11889	0.08468	0.13275	0.07685	0.03370	0.03980	0.02997	0.01814	0.01237	0.00778	0.00853	0.00230	0.06477	0.00654	0.00413	0.01018
5	0.01653	0.02172	0.19982	0.02360	0.15299	0.01512	0.11810	0.05212	0.01697	0.02484	0.01492	0.04398	0.01229	0.00706	0.00700	0.00198	0.00871	0.00651	0.00407	0.25167
6	0.01724	0.01040	0.01288	0.01113	0.01424	0.00997	0.00869	0.11251	0.02244	0.15891	0.39053	0.08162	0.09139	0.01379	0.00836	0.00236	0.00478	0.01187	0.00811	0.00880

[dist]
# distance from previous block
# <min> <max>
2	13

[block]
# block no. 5 follows, 27 sequences, length 12
# corresponding to MSA columns:
# 367-378
name=unknown_F
#
# <colnr> <probs for GDERKNQSTAVLIFYWHMCP>
#	G	D	E	R	K	N	Q	S	T	A	V	L	I	F	Y	W	H	M	C	P
0	0.02142	0.05848	0.05617	0.01802	0.09419	0.13924	0.01342	0.16267	0.02299	0.09960	0.20555	0.02802	0.02839	0.00998	0.00750	0.00218	0.00781	0.00810	0.00630	0.00997
1	0.01016	0.00701	0.00867	0.00928	0.00957	0.00700	0.00584	0.01089	0.01212	0.01630	0.02924	0.28946	0.03396	0.41549	0.09663	0.00620	0.00747	0.01416	0.00529	0.00526
2	0.01506	0.01148	0.01336	0.01229	0.01517	0.01201	0.00968	0.13515	0.14119	0.03047	0.26762	0.10671	0.08827	0.01477	0.00856	0.00256	0.00529	0.09410	0.00756	0.00871
3	0.02318	0.02176	0.01924	0.01630	0.02109	0.18535	0.01280	0.21113	0.28879	0.03181	0.02091	0.02053	0.01579	0.00881	0.00715	0.00218	0.00829	0.00673	0.00637	0.07178
4	0.00921	0.00667	0.00870	0.01002	0.01076	0.00617	0.00682	0.01081	0.01523	0.02036	0.12295	0.60542	0.09553	0.02196	0.00934	0.00290	0.00417	0.01979	0.00705	0.00617
5	0.01480	0.01399	0.02367	0.60048	0.16582	0.01670	0.02100	0.01965	0.01521	0.01991	0.01333	0.01954	0.01023	0.00728	0.00741	0.00243	0.00970	0.00660	0.00337	0.00887
6	0.02104	0.57333	0.07396	0.01414	0.02052	0.08129	0.01382	0.08908	0.01762	0.02088	0.01135	0.01285	0.00984	0.00676	0.00532	0.00172	0.00856	0.00440	0.00366	0.00986
7	0.00877	0.00752	0.00752	0.00752	0.01003	0.00627	0.00564	0.01065	0.01692	0.02005	0.07520	0.07144	0.68978	0.01880	0.00877	0.00251	0.00376	0.01567	0.00689	0.00627
8	0.01969	0.01848	0.09647	0.13416	0.39073	0.01644	0.05695	0.02447	0.01720	0.12915	0.01625	0.01947	0.01226	0.00716	0.00743	0.00229	0.00901	0.00675	0.00444	0.01121
9	0.01864	0.02408	0.21020	0.01631	0.02213	0.11756	0.01575	0.16395	0.09412	0.02770	0.02728	0.09851	0.10969	0.01117	0.00762	0.00237	0.00847	0.00897	0.00557	0.00992
10	0.02153	0.01485	0.01676	0.01434	0.01871	0.01580	0.01172	0.24379	0.17845	0.12569	0.03295	0.03878	0.10407	0.01238	0.00810	0.00254	0.00661	0.11471	0.00754	0.01067
11	0.02087	0.01665	0.02091	0.02167	0.17825	0.01691	0.01416	0.17752	0.18047	0.06999	0.01948	0.02019	0.01479	0.00787	0.00699	0.00203	0.00704	0.00659	0.00597	0.19162

[dist]
# distance from previous block
# <min> <max>
0	2

[block]
# block no. 6 follows, 27 sequences, length 21
# corresponding to MSA columns:
# 381-401
name=unknown_G
#
# <colnr> <probs for GDERKNQSTAVLIFYWHMCP>
#	G	D	E	R	K	N	Q	S	T	A	V	L	I	F	Y	W	H	M	C	P
0	0.01519	0.01228	0.01395	0.01307	0.01619	0.01315	0.01010	0.05958	0.31614	0.02805	0.12469	0.17296	0.03521	0.01403	0.00823	0.00257	0.00543	0.07379	0.00724	0.05815
1	0.01574	0.01430	0.01998	0.01427	0.02102	0.01133	0.11488	0.01951	0.01574	0.02412	0.01349	0.01614	0.01104	0.00562	0.00602	0.00133	0.00663	0.00510	0.00429	0.65944
2	0.01638	0.00960	0.01116	0.00993	0.01152	0.00957	0.00661	0.08839	0.01518	0.12838	0.02372	0.04138	0.02399	0.53960	0.02949	0.00585	0.00716	0.00980	0.00558	0.00672
3	0.01220	0.00967	0.01117	0.01021	0.01295	0.00910	0.00764	0.01737	0.11485	0.02425	0.21379	0.07449	0.16310	0.11511	0.01221	0.00296	0.00495	0.04468	0.00660	0.13270
4	0.01723	0.00889	0.01153	0.01008	0.01293	0.00807	0.00784	0.02056	0.02034	0.21341	0.41771	0.04340	0.04895	0.01265	0.00792	0.00224	0.00427	0.01091	0.11255	0.00854
5	0.02086	0.65231	0.03660	0.01353	0.01956	0.11699	0.01291	0.02318	0.01585	0.01756	0.01047	0.01210	0.00953	0.00652	0.00501	0.00163	0.00864	0.00407	0.00326	0.00941
6	0.00916	0.00687	0.00850	0.00949	0.01062	0.00621	0.00659	0.01089	0.01577	0.02061	0.13214	0.47899	0.21498	0.02109	0.00921	0.00280	0.00407	0.01874	0.00705	0.00621
7	0.01000	0.00798	0.01050	0.01286	0.07782	0.00732	0.00808	0.01195	0.01585	0.02066	0.09965	0.40481	0.24588	0.01960	0.00899	0.00272	0.00452	0.01739	0.00668	0.00674
8	0.24644	0.00974	0.00963	0.00884	0.01174	0.01015	0.00692	0.01934	0.01643	0.08235	0.17872	0.02945	0.02785	0.00972	0.00604	0.00209	0.00437	0.00765	0.30480	0.00772
9	0.00958	0.00738	0.00834	0.00836	0.01005	0.00659	0.00592	0.01151	0.01668	0.02148	0.22018	0.12888	0.35701	0.13896	0.01370	0.00330	0.00432	0.01481	0.00682	0.00614
10	0.01512	0.00861	0.01140	0.01012	0.01268	0.00779	0.00779	0.01849	0.02106	0.16483	0.55555	0.04935	0.05960	0.01397	0.00849	0.00233	0.00407	0.01222	0.00838	0.00814
11	0.01841	0.01905	0.02408	0.08383	0.32377	0.14407	0.01799	0.02183	0.01712	0.02239	0.09868	0.02194	0.01830	0.00900	0.01019	0.00236	0.12599	0.00712	0.00418	0.00971
12	0.01997	0.02201	0.16302	0.02171	0.09061	0.01964	0.06519	0.16627	0.13727	0.05632	0.01747	0.01935	0.01325	0.00909	0.01063	0.00252	0.14257	0.00688	0.00522	0.01101
13	0.01286	0.08154	0.01336	0.01045	0.01296	0.01093	0.00814	0.07247	0.04369	0.02420	0.18771	0.13008	0.19883	0.09674	0.01165	0.00301	0.00528	0.06213	0.00662	0.00735
14	0.17172	0.01720	0.02443	0.01888	0.02405	0.01853	0.19499	0.16355	0.09592	0.06919	0.01727	0.01924	0.01290	0.00826	0.00862	0.00242	0.07044	0.00698	0.04519	0.01021
15	0.01539	0.01344	0.01746	0.01314	0.01920	0.01093	0.06320	0.01984	0.04965	0.02431	0.01679	0.02314	0.01474	0.00727	0.00634	0.00152	0.00623	0.06791	0.00475	0.60475
16	0.01432	0.00927	0.01120	0.01014	0.01316	0.00832	0.00796	0.04186	0.01887	0.10511	0.21973	0.08501	0.19628	0.01451	0.00813	0.00233	0.00466	0.07400	0.06379	0.09139
17	0.05492	0.01959	0.08723	0.07188	0.02454	0.05335	0.05116	0.21366	0.17251	0.08547	0.07209	0.02316	0.01885	0.00908	0.00744	0.00234	0.00796	0.00744	0.00639	0.01093
18	0.02248	0.02188	0.02037	0.02073	0.12924	0.23095	0.01418	0.21913	0.02414	0.02952	0.09670	0.02736	0.05797	0.01004	0.00756	0.00222	0.00903	0.04083	0.00573	0.00993
19	0.01121	0.00874	0.01034	0.01016	0.01220	0.00858	0.00751	0.01687	0.12911	0.02590	0.32788	0.19267	0.17720	0.01667	0.00871	0.00254	0.00411	0.01458	0.00756	0.00746
20	0.01728	0.01714	0.02036	0.02241	0.18456	0.13258	0.06437	0.05560	0.07498	0.02532	0.16157	0.06811	0.10195	0.01113	0.00792	0.00231	0.00773	0.00976	0.00567	0.00925

[dist]
# distance from previous block
# <min> <max>
0	1

[block]
# block no. 7 follows, 27 sequences, length 34
# corresponding to MSA columns:
# 403-436
name=unknown_H
#
# <colnr> <probs for GDERKNQSTAVLIFYWHMCP>
#	G	D	E	R	K	N	Q	S	T	A	V	L	I	F	Y	W	H	M	C	P
0	0.01689	0.01492	0.01969	0.11796	0.17093	0.01662	0.01503	0.02978	0.35799	0.02736	0.07585	0.02957	0.02321	0.00988	0.00772	0.00247	0.00694	0.04040	0.00613	0.01065
1	0.01781	0.01706	0.02911	0.13304	0.60973	0.01749	0.02250	0.02229	0.01664	0.02357	0.01386	0.01856	0.01152	0.00672	0.00736	0.00224	0.00896	0.00661	0.00363	0.01130
2	0.02111	0.06073	0.02258	0.01718	0.02178	0.09773	0.12850	0.06117	0.18820	0.13613	0.02192	0.02507	0.01725	0.08793	0.05629	0.00344	0.00931	0.00775	0.00588	0.01003
3	0.57203	0.01981	0.01387	0.01237	0.01683	0.18787	0.00984	0.04999	0.01561	0.03012	0.01092	0.01262	0.00860	0.00716	0.00523	0.00220	0.00773	0.00432	0.00452	0.00837
4	0.01897	0.14799	0.20058	0.09596	0.18381	0.14352	0.01988	0.02472	0.05642	0.02170	0.01363	0.01640	0.01085	0.00716	0.00674	0.00213	0.00998	0.00565	0.00367	0.01026
5	0.01718	0.18588	0.45760	0.01859	0.02769	0.02034	0.02211	0.07083	0.06840	0.02448	0.01432	0.01596	0.01069	0.00727	0.00663	0.00219	0.00973	0.00547	0.00379	0.01084
6	0.01225	0.00997	0.01091	0.01049	0.01297	0.01016	0.00784	0.01984	0.21227	0.02416	0.14382	0.08861	0.27061	0.09332	0.01162	0.00305	0.00487	0.03841	0.00702	0.00782
7	0.02111	0.07259	0.02445	0.07433	0.20910	0.01738	0.04852	0.14546	0.05973	0.11405	0.03935	0.02183	0.03511	0.00812	0.00719	0.00214	0.00780	0.00703	0.00555	0.07916
8	0.01590	0.01496	0.02520	0.33211	0.36515	0.01632	0.02063	0.02047	0.01634	0.02242	0.06597	0.02186	0.01548	0.00762	0.00749	0.00233	0.00887	0.00714	0.00386	0.00989
9	0.01465	0.01442	0.02613	0.59749	0.04892	0.01690	0.13636	0.01983	0.01532	0.01983	0.01352	0.01983	0.01014	0.00721	0.00766	0.00248	0.01037	0.00699	0.00338	0.00856
10	0.02061	0.02149	0.01892	0.01651	0.02039	0.25560	0.05874	0.10123	0.17664	0.02564	0.05265	0.09791	0.07939	0.01114	0.00768	0.00232	0.00878	0.00911	0.00587	0.00938
11	0.00931	0.00720	0.00852	0.00908	0.01069	0.00640	0.00657	0.01134	0.01672	0.02153	0.17434	0.30311	0.32533	0.01977	0.00907	0.00269	0.00402	0.04084	0.00713	0.00634
12	0.01736	0.01431	0.01924	0.06014	0.09256	0.01525	0.06294	0.19879	0.04449	0.02775	0.02896	0.03501	0.13723	0.09840	0.05706	0.00361	0.03751	0.03457	0.00565	0.00916
13	0.00980	0.00748	0.00899	0.00879	0.01070	0.00668	0.00653	0.01257	0.01908	0.02559	0.42784	0.11265	0.28225	0.01704	0.00882	0.00245	0.00365	0.01478	0.00763	0.00668
14	0.01051	0.00759	0.00992	0.00934	0.01109	0.00700	0.00700	0.01401	0.02101	0.02977	0.68888	0.05545	0.07005	0.01518	0.00876	0.00233	0.00350	0.01343	0.00817	0.00700
15	0.01985	0.74357	0.03890	0.01270	0.01905	0.02937	0.01270	0.02223	0.01508	0.01747	0.01032	0.01191	0.00953	0.00635	0.00476	0.00159	0.00794	0.00397	0.00318	0.00953
16	0.01935	0.48649	0.03344	0.09316	0.10206	0.06105	0.01475	0.02366	0.06710	0.01952	0.01266	0.01482	0.01085	0.00685	0.00567	0.00184	0.00838	0.00495	0.00362	0.00978
17	0.02169	0.01755	0.01860	0.01576	0.02053	0.01997	0.01253	0.24719	0.46639	0.03625	0.02612	0.02443	0.01934	0.00969	0.00751	0.00242	0.00663	0.00783	0.00751	0.01204
18	0.37239	0.01789	0.02242	0.02159	0.14213	0.05326	0.13342	0.10615	0.01760	0.03089	0.01288	0.01548	0.00997	0.00702	0.00633	0.00229	0.00825	0.00574	0.00460	0.00969
19	0.01148	0.00924	0.01324	0.01282	0.01371	0.01121	0.00991	0.01360	0.01195	0.01728	0.02036	0.09553	0.02058	0.10124	0.46477	0.00913	0.14393	0.00918	0.00417	0.00666
20	0.01833	0.02806	0.37352	0.02072	0.02904	0.01723	0.12690	0.13884	0.01964	0.06767	0.01764	0.07655	0.01409	0.00872	0.00762	0.00241	0.00989	0.00764	0.00468	0.01080
21	0.01089	0.00771	0.01008	0.01122	0.01230	0.00755	0.00867	0.01300	0.01515	0.01989	0.06372	0.20704	0.06840	0.19264	0.01656	0.00416	0.00614	0.31244	0.00634	0.00609
22	0.01838	0.09805	0.47127	0.01923	0.02816	0.09944	0.02244	0.02598	0.05633	0.07129	0.01499	0.01648	0.01087	0.00739	0.00687	0.00224	0.01034	0.00558	0.00392	0.01073
23	0.00931	0.00729	0.00844	0.00869	0.01050	0.00641	0.00631	0.01150	0.01740	0.02246	0.23584	0.22459	0.36705	0.01886	0.00894	0.00258	0.00382	0.01634	0.00724	0.00641
24	0.02311	0.01658	0.01824	0.01509	0.01989	0.01821	0.01209	0.26790	0.30485	0.11632	0.08459	0.02626	0.02271	0.01000	0.00760	0.00237	0.00656	0.00810	0.00776	0.01175
25	0.00966	0.00679	0.00868	0.00968	0.01020	0.00644	0.00636	0.01097	0.01440	0.01944	0.12925	0.47963	0.04700	0.18691	0.01589	0.00388	0.00486	0.01764	0.00652	0.00582
26	0.01289	0.00645	0.00967	0.00967	0.00967	0.00645	0.00645	0.00967	0.00967	0.01289	0.01289	0.02257	0.01289	0.02579	0.02901	0.78401	0.00645	0.00645	0.00322	0.00322
27	0.48307	0.16926	0.01863	0.01184	0.01684	0.09002	0.01008	0.05613	0.01548	0.05579	0.01159	0.01299	0.00915	0.00705	0.00510	0.00211	0.00713	0.00436	0.00455	0.00883
28	0.02044	0.19899	0.18521	0.01876	0.02533	0.09851	0.08511	0.13782	0.05905	0.02561	0.01410	0.01611	0.01103	0.00784	0.00808	0.00219	0.06529	0.00585	0.00431	0.01038
29	0.01596	0.06812	0.02108	0.01901	0.07371	0.11811	0.08286	0.01863	0.01588	0.02005	0.02392	0.21069	0.02566	0.01437	0.01107	0.00273	0.12715	0.11799	0.00496	0.00804
30	0.02532	0.01151	0.01509	0.01228	0.01673	0.01053	0.00987	0.03014	0.08557	0.44111	0.21851	0.03416	0.03361	0.01099	0.00784	0.00233	0.00547	0.00927	0.00874	0.01093
31	0.06764	0.22383	0.22070	0.01719	0.02403	0.20815	0.01726	0.09793	0.01897	0.02367	0.01235	0.01407	0.00976	0.00723	0.00624	0.00201	0.01018	0.00494	0.00391	0.00996
32	0.01653	0.06942	0.01467	0.01235	0.01495	0.10528	0.00944	0.06000	0.01821	0.09457	0.08756	0.32021	0.08246	0.01625	0.00831	0.00255	0.00632	0.04640	0.00657	0.00793
33	0.01663	0.11921	0.14832	0.01390	0.01960	0.01599	0.01331	0.13805	0.07061	0.02649	0.02909	0.10359	0.13754	0.01118	0.00722	0.00218	0.00696	0.00909	0.00550	0.10554

[dist]
# distance from previous block
# <min> <max>
0	3

[block]
# block no. 8 follows, 27 sequences, length 18
# corresponding to MSA columns:
# 440-457
name=unknown_I
#
# <colnr> <probs for GDERKNQSTAVLIFYWHMCP>
#	G	D	E	R	K	N	Q	S	T	A	V	L	I	F	Y	W	H	M	C	P
0	0.09976	0.13715	0.01928	0.01299	0.01684	0.05515	0.08248	0.01795	0.01583	0.02271	0.08107	0.15146	0.07627	0.04092	0.00823	0.00236	0.00661	0.00982	0.05904	0.08406
1	0.01628	0.08583	0.06557	0.01757	0.12264	0.01413	0.01295	0.11558	0.01934	0.04696	0.03519	0.07003	0.18568	0.01291	0.00784	0.00242	0.00668	0.10390	0.04945	0.00905
2	0.09916	0.02086	0.29651	0.01444	0.02006	0.01205	0.01550	0.01773	0.01594	0.02433	0.13672	0.20379	0.06760	0.01309	0.00776	0.00252	0.00707	0.01111	0.00529	0.00848
3	0.30895	0.14257	0.02064	0.01654	0.09183	0.18269	0.01202	0.02351	0.01582	0.02503	0.01132	0.01341	0.00939	0.00680	0.00552	0.00194	0.00824	0.00452	0.00405	0.09520
4	0.01800	0.09480	0.17787	0.10497	0.25669	0.01833	0.02005	0.09266	0.01802	0.02527	0.01370	0.01688	0.01081	0.00690	0.00683	0.00208	0.00889	0.00585	0.00395	0.09742
5	0.01547	0.01005	0.01228	0.01035	0.01389	0.00887	0.00808	0.05441	0.02021	0.12755	0.33924	0.04439	0.14617	0.01282	0.00793	0.00214	0.00457	0.01094	0.00742	0.14321
6	0.01110	0.00777	0.01001	0.00966	0.01156	0.00732	0.00727	0.01396	0.01828	0.05496	0.38692	0.10927	0.17273	0.02261	0.11881	0.00393	0.00631	0.01335	0.00722	0.00698
7	0.10427	0.01028	0.01196	0.01020	0.01411	0.00930	0.00812	0.02224	0.01862	0.28758	0.12127	0.04504	0.28090	0.01332	0.00780	0.00238	0.00495	0.01093	0.00769	0.00904
8	0.01207	0.00747	0.00901	0.00900	0.01012	0.00708	0.00604	0.01363	0.01492	0.06616	0.15056	0.19598	0.07770	0.28954	0.01944	0.00427	0.00527	0.01318	0.08238	0.00618
9	0.01925	0.01797	0.07251	0.08807	0.09867	0.01795	0.01503	0.19669	0.24611	0.03146	0.02707	0.02713	0.08956	0.00984	0.00758	0.00239	0.00737	0.00814	0.00625	0.01098
10	0.16057	0.09997	0.02767	0.04999	0.16627	0.12812	0.14123	0.09580	0.01864	0.02643	0.01313	0.01605	0.01043	0.00702	0.00675	0.00218	0.00957	0.00599	0.00423	0.00998
11	0.00942	0.00720	0.00865	0.00902	0.01061	0.00643	0.00648	0.01163	0.01735	0.02281	0.26084	0.28168	0.28289	0.01909	0.00900	0.00262	0.00386	0.01672	0.00730	0.00643
12	0.01956	0.01718	0.02837	0.02533	0.13713	0.01750	0.23410	0.12556	0.09055	0.07536	0.02264	0.05559	0.05825	0.00927	0.00897	0.00246	0.04737	0.00882	0.00542	0.01057
13	0.00940	0.00754	0.00839	0.00818	0.01041	0.00653	0.00613	0.01187	0.01840	0.02356	0.29694	0.06567	0.46586	0.01749	0.00877	0.00244	0.00367	0.01486	0.00736	0.00653
14	0.01505	0.01422	0.02356	0.39345	0.28372	0.01580	0.01978	0.01947	0.01583	0.02104	0.02027	0.02492	0.08503	0.00837	0.00754	0.00238	0.00883	0.00760	0.00383	0.00933
15	0.01808	0.20510	0.43707	0.01883	0.02759	0.12877	0.02188	0.02417	0.01638	0.02124	0.01232	0.01442	0.00946	0.00698	0.00645	0.00210	0.01063	0.00502	0.00325	0.01026
16	0.01408	0.00899	0.01326	0.01459	0.08615	0.00942	0.00936	0.05766	0.01269	0.01741	0.01482	0.02316	0.01394	0.02879	0.16811	0.48186	0.00965	0.00680	0.00372	0.00553
17	0.01993	0.02312	0.03264	0.02642	0.07661	0.22088	0.36428	0.02416	0.01785	0.02124	0.01472	0.02076	0.01234	0.07872	0.01091	0.00277	0.01199	0.00764	0.00384	0.00918

[dist]
# distance from previous block
# <min> <max>
11	27

[block]
# block no. 9 follows, 27 sequences, length 14
# corresponding to MSA columns:
# 486,489-501
name=unknown_J
#
# <colnr> <probs for GDERKNQSTAVLIFYWHMCP>
#	G	D	E	R	K	N	Q	S	T	A	V	L	I	F	Y	W	H	M	C	P
0	0.01980	0.28452	0.02634	0.08734	0.02261	0.09476	0.05339	0.02355	0.05345	0.10770	0.01982	0.13887	0.01829	0.01005	0.00681	0.00216	0.00808	0.00824	0.00495	0.00926
1	0.01781	0.16682	0.07925	0.02914	0.26751	0.02136	0.09761	0.02166	0.01519	0.02123	0.01229	0.01655	0.01059	0.00808	0.01107	0.00238	0.18162	0.00623	0.00344	0.01016
2	0.09934	0.14743	0.04975	0.01809	0.10685	0.08113	0.01352	0.08223	0.07766	0.10222	0.01681	0.01852	0.01316	0.01250	0.07879	0.00306	0.00918	0.00593	0.00506	0.05879
3	0.01871	0.15874	0.02995	0.17064	0.33580	0.09095	0.04906	0.02267	0.01660	0.02124	0.01290	0.01697	0.01071	0.00682	0.00686	0.00212	0.00950	0.00601	0.00352	0.01022
4	0.01581	0.08524	0.01420	0.01119	0.01401	0.01164	0.00885	0.07926	0.05936	0.08632	0.03437	0.24174	0.09661	0.01488	0.00776	0.00246	0.00534	0.06441	0.13835	0.00822
5	0.02122	0.06727	0.12251	0.02022	0.06179	0.06534	0.10050	0.19735	0.09408	0.06533	0.01879	0.06488	0.01517	0.00918	0.00825	0.00235	0.04184	0.00763	0.00550	0.01081
6	0.06881	0.02203	0.15907	0.01959	0.02589	0.04453	0.14816	0.12208	0.19686	0.02934	0.02064	0.02515	0.01636	0.00905	0.00767	0.00247	0.00894	0.05727	0.00549	0.01062
7	0.00918	0.00677	0.00863	0.01006	0.01092	0.00622	0.00699	0.01070	0.01485	0.01934	0.04665	0.58160	0.15768	0.02233	0.00940	0.00295	0.00437	0.05834	0.00689	0.00612
8	0.01765	0.02033	0.17557	0.12541	0.13882	0.01609	0.08994	0.11391	0.01880	0.06312	0.01946	0.13068	0.01725	0.00987	0.00780	0.00245	0.00893	0.00892	0.00486	0.01015
9	0.01948	0.05402	0.21247	0.02528	0.14554	0.08474	0.14435	0.07883	0.04416	0.06280	0.01803	0.02018	0.04055	0.00775	0.00746	0.00228	0.01000	0.00695	0.00445	0.01070
10	0.01289	0.00645	0.00967	0.00967	0.00967	0.00645	0.00645	0.00967	0.00967	0.01289	0.01289	0.02257	0.01289	0.02579	0.02901	0.78401	0.00645	0.00645	0.00322	0.00322
11	0.01089	0.00761	0.01076	0.01076	0.01162	0.00848	0.00782	0.01228	0.01142	0.01609	0.02002	0.03324	0.02004	0.21990	0.47511	0.09028	0.01540	0.00849	0.00403	0.00576
12	0.01797	0.12674	0.12238	0.02241	0.11123	0.13571	0.12346	0.02204	0.01706	0.02175	0.08394	0.06503	0.01883	0.00922	0.00877	0.00229	0.06992	0.00772	0.00419	0.00935
13	0.02046	0.07420	0.14510	0.02096	0.06331	0.08561	0.11688	0.14706	0.19527	0.02895	0.01852	0.01959	0.01394	0.00805	0.00734	0.00229	0.00925	0.00687	0.00529	0.01105

[dist]
# distance from previous block
# <min> <max>
0	3

[block]
# block no. 10 follows, 27 sequences, length 13
# corresponding to MSA columns:
# 505-517
name=unknown_K
#
# <colnr> <probs for GDERKNQSTAVLIFYWHMCP>
#	G	D	E	R	K	N	Q	S	T	A	V	L	I	F	Y	W	H	M	C	P
0	0.13242	0.02219	0.11241	0.02627	0.17970	0.06630	0.15781	0.16251	0.02043	0.02981	0.01425	0.01702	0.01085	0.00720	0.00719	0.00229	0.00962	0.00645	0.00458	0.01071
1	0.02384	0.02226	0.01972	0.01692	0.02065	0.24398	0.01338	0.18215	0.08626	0.08244	0.01711	0.01913	0.01343	0.01486	0.09498	0.00347	0.10363	0.00642	0.00545	0.00992
2	0.01558	0.02201	0.28504	0.01562	0.02167	0.01396	0.01651	0.06157	0.07290	0.07171	0.13940	0.07092	0.10015	0.01149	0.00869	0.00245	0.04568	0.00936	0.00568	0.00962
3	0.05800	0.11752	0.11285	0.18792	0.05557	0.01898	0.09584	0.04800	0.15750	0.02449	0.01881	0.02112	0.03582	0.00803	0.00710	0.00232	0.00870	0.00692	0.00457	0.00994
4	0.01076	0.00725	0.00833	0.00826	0.00848	0.00717	0.00482	0.01121	0.01212	0.01638	0.10940	0.04947	0.03255	0.64555	0.03403	0.00657	0.00672	0.01114	0.00497	0.00482
5	0.01938	0.01986	0.15326	0.02393	0.20531	0.01626	0.01737	0.02978	0.23846	0.12366	0.02475	0.02479	0.05203	0.00888	0.00745	0.00237	0.00762	0.00759	0.00583	0.01144
6	0.02527	0.02210	0.02105	0.01708	0.02197	0.14793	0.01375	0.38633	0.10518	0.03601	0.01719	0.01790	0.01291	0.00896	0.00860	0.00223	0.06806	0.00639	0.00626	0.05481
7	0.01098	0.00811	0.01066	0.01200	0.01375	0.00780	0.01008	0.01384	0.01676	0.02142	0.04721	0.14780	0.18286	0.02042	0.00985	0.00318	0.00591	0.44388	0.00685	0.00663
8	0.12127	0.01868	0.02471	0.10670	0.25029	0.05171	0.05741	0.22471	0.02199	0.03156	0.01456	0.01741	0.01120	0.00749	0.00708	0.00226	0.00878	0.00635	0.00494	0.01089
9	0.06863	0.02040	0.02157	0.11932	0.02638	0.19267	0.09737	0.09630	0.08448	0.04456	0.01633	0.02043	0.01320	0.06814	0.00959	0.00257	0.00956	0.00662	0.00482	0.07706
10	0.04211	0.01919	0.11102	0.01859	0.02455	0.05191	0.19118	0.06430	0.09631	0.02562	0.04211	0.05492	0.10619	0.00955	0.00767	0.00226	0.00844	0.00875	0.00513	0.11019
11	0.17692	0.01405	0.01630	0.13806	0.02326	0.01565	0.01238	0.15235	0.10276	0.08960	0.02265	0.11167	0.01992	0.01112	0.00735	0.00252	0.00694	0.06080	0.00618	0.00953
12	0.10740	0.01457	0.01877	0.10633	0.02368	0.01554	0.06975	0.14750	0.11573	0.06132	0.05769	0.08978	0.02152	0.01054	0.00753	0.00241	0.00719	0.04895	0.00607	0.06771

[dist]
# distance from previous block
# <min> <max>
7	18

[block]
# block no. 11 follows, 27 sequences, length 6
# corresponding to MSA columns:
# 536-541
name=unknown_L
#
# <colnr> <probs for GDERKNQSTAVLIFYWHMCP>
#	G	D	E	R	K	N	Q	S	T	A	V	L	I	F	Y	W	H	M	C	P
0	0.01298	0.01218	0.08288	0.06249	0.10811	0.00996	0.01181	0.01561	0.01480	0.05786	0.05484	0.32221	0.03243	0.15105	0.01396	0.00352	0.00658	0.01360	0.00557	0.00758
1	0.02312	0.01716	0.02278	0.09897	0.20668	0.01839	0.01631	0.22926	0.13357	0.12725	0.01997	0.02089	0.01459	0.00836	0.00743	0.00231	0.00788	0.00705	0.00624	0.01178
2	0.01919	0.41582	0.03192	0.11109	0.02517	0.07166	0.06160	0.02541	0.13152	0.02055	0.01460	0.01643	0.01200	0.00723	0.00604	0.00196	0.00855	0.00550	0.00404	0.00971
3	0.00964	0.00746	0.00886	0.00919	0.01102	0.00667	0.00692	0.01203	0.01759	0.02279	0.23637	0.18768	0.33303	0.01877	0.00905	0.00265	0.00411	0.08243	0.00724	0.00649
4	0.02001	0.07356	0.19636	0.09161	0.02837	0.09553	0.10652	0.08551	0.01948	0.10705	0.08703	0.02176	0.01756	0.00830	0.00739	0.00226	0.00951	0.00706	0.00500	0.01013
5	0.06952	0.17261	0.18509	0.01831	0.06878	0.14080	0.01656	0.08654	0.08855	0.02487	0.01758	0.01876	0.04559	0.00806	0.00656	0.00212	0.00912	0.00597	0.00446	0.01013

[dist]
# distance from previous block
# <min> <max>
4	11

[block]
# block no. 12 follows, 27 sequences, length 19
# corresponding to MSA columns:
# 553-571
name=unknown_M
#
# <colnr> <probs for GDERKNQSTAVLIFYWHMCP>
#	G	D	E	R	K	N	Q	S	T	A	V	L	I	F	Y	W	H	M	C	P
0	0.05789	0.02294	0.19191	0.01589	0.02205	0.08522	0.01526	0.10509	0.19087	0.04719	0.04010	0.02441	0.07042	0.00921	0.00714	0.00225	0.00795	0.00724	0.00564	0.07132
1	0.10005	0.08818	0.09661	0.02087	0.17084	0.01717	0.01504	0.13400	0.05209	0.05665	0.12032	0.02560	0.05343	0.00922	0.00709	0.00223	0.00724	0.00756	0.00556	0.01026
2	0.46477	0.01428	0.01778	0.12102	0.02355	0.01586	0.11765	0.02050	0.01394	0.02807	0.01475	0.09044	0.01316	0.00859	0.00622	0.00243	0.00733	0.00698	0.00450	0.00818
3	0.07272	0.01283	0.01459	0.01272	0.01612	0.01371	0.00992	0.18159	0.11683	0.09345	0.02754	0.08340	0.08902	0.01852	0.08342	0.12167	0.00767	0.00900	0.00633	0.00895
4	0.01070	0.00758	0.01004	0.01004	0.01071	0.00825	0.00692	0.01204	0.01137	0.01583	0.02162	0.03876	0.02273	0.39357	0.37749	0.00959	0.01361	0.00936	0.00423	0.00558
5	0.02021	0.01801	0.04543	0.02097	0.09379	0.01835	0.12071	0.23646	0.18573	0.03289	0.04285	0.04466	0.06609	0.00973	0.00784	0.00239	0.00793	0.00862	0.00629	0.01105
