[name]
unknown

[dist]
# distance from previous block
# <min> <max>
0	130

[block]
# block no. 0 follows, 31 sequences, length 17
# corresponding to MSA columns:
# 141-157
name=unknown_A
#
# <colnr> <probs for GDERKNQSTAVLIFYWHMCP>
#	G	D	E	R	K	N	Q	S	T	A	V	L	I	F	Y	W	H	M	C	P
0	0.00982	0.00746	0.00934	0.01019	0.01205	0.00698	0.00852	0.01243	0.01591	0.02013	0.09003	0.07125	0.29915	0.01800	0.00884	0.00277	0.00503	0.37959	0.00639	0.00611
1	0.01143	0.00900	0.01111	0.00920	0.01255	0.00749	0.00710	0.01459	0.01735	0.02544	0.44067	0.03675	0.04339	0.01052	0.00690	0.00171	0.00394	0.00914	0.00618	0.31554
2	0.01578	0.02149	0.20960	0.12554	0.37239	0.06327	0.02072	0.02069	0.01528	0.02100	0.01470	0.01808	0.03775	0.00681	0.00672	0.00209	0.00888	0.00604	0.00334	0.00982
3	0.01877	0.10724	0.04822	0.10963	0.02272	0.22072	0.01376	0.05258	0.13853	0.02052	0.01429	0.01656	0.01152	0.00818	0.00891	0.00212	0.13285	0.00558	0.03870	0.00860
4	0.00824	0.00634	0.00754	0.00849	0.00965	0.00564	0.00589	0.00964	0.01409	0.01787	0.05028	0.48077	0.31146	0.01980	0.00847	0.00259	0.00377	0.01745	0.00635	0.00564
5	0.01459	0.09258	0.06115	0.01089	0.01720	0.01143	0.00957	0.01785	0.01417	0.02160	0.01189	0.01387	0.00990	0.00524	0.00509	0.00113	0.00562	0.00407	0.00386	0.66831
6	0.01492	0.01238	0.01451	0.01350	0.07927	0.03889	0.00938	0.11399	0.01823	0.02576	0.21491	0.02802	0.02730	0.07568	0.00905	0.00212	0.00560	0.00748	0.00538	0.28363
7	0.00959	0.00698	0.00828	0.00814	0.00997	0.00634	0.00623	0.01233	0.01734	0.02379	0.37950	0.05521	0.26814	0.01482	0.00784	0.00222	0.00354	0.06349	0.09005	0.00621
8	0.01102	0.01249	0.13650	0.01358	0.04681	0.00986	0.01166	0.01386	0.01156	0.01670	0.01643	0.02409	0.01500	0.05779	0.47903	0.09191	0.01480	0.00680	0.00346	0.00664
9	0.00914	0.00695	0.00828	0.00803	0.00969	0.00636	0.00588	0.01142	0.01643	0.02190	0.36039	0.05415	0.29048	0.10089	0.05714	0.00327	0.00465	0.01252	0.00648	0.00593
10	0.02127	0.35774	0.02647	0.01354	0.01885	0.05067	0.01195	0.22901	0.12833	0.05713	0.01530	0.01551	0.01191	0.00727	0.00572	0.00182	0.00721	0.00523	0.00502	0.01006
11	0.01733	0.01282	0.01524	0.01168	0.01651	0.01189	0.00944	0.13398	0.01771	0.09158	0.05876	0.01866	0.01488	0.00878	0.03325	0.00190	0.06185	0.00555	0.03281	0.42539
12	0.09220	0.14712	0.04713	0.01434	0.01820	0.27303	0.01197	0.05598	0.07124	0.02041	0.01428	0.01844	0.01236	0.01404	0.11119	0.00324	0.02730	0.03533	0.00404	0.00818
13	0.01497	0.01111	0.05631	0.01097	0.01374	0.03427	0.00892	0.03954	0.01428	0.14933	0.02572	0.05660	0.09217	0.16561	0.24531	0.00582	0.01021	0.00853	0.00510	0.03151
14	0.01885	0.33844	0.12350	0.01388	0.01919	0.17623	0.01320	0.05204	0.01660	0.04676	0.05914	0.04586	0.03421	0.00788	0.00580	0.00180	0.00826	0.00574	0.00398	0.00866
15	0.01585	0.09235	0.02269	0.06186	0.02240	0.01450	0.16068	0.04454	0.06799	0.05879	0.01714	0.01977	0.03973	0.01118	0.07642	0.00270	0.03323	0.00633	0.00432	0.22754
16	0.01466	0.25489	0.01949	0.05715	0.01624	0.01443	0.00998	0.01691	0.01373	0.09078	0.02142	0.19831	0.02161	0.02055	0.16684	0.00408	0.00885	0.03790	0.00465	0.00753

[dist]
# distance from previous block
# <min> <max>
0	1

[block]
# block no. 1 follows, 31 sequences, length 9
# corresponding to MSA columns:
# 159-167
name=unknown_B
#
# <colnr> <probs for GDERKNQSTAVLIFYWHMCP>
#	G	D	E	R	K	N	Q	S	T	A	V	L	I	F	Y	W	H	M	C	P
0	0.01840	0.01338	0.01631	0.03555	0.01752	0.01560	0.01135	0.18474	0.12323	0.09553	0.01850	0.02088	0.01445	0.01570	0.12067	0.00362	0.16248	0.00664	0.09638	0.00908
1	0.07479	0.01737	0.22494	0.01476	0.06996	0.01148	0.01336	0.01940	0.04548	0.10690	0.02362	0.10472	0.07127	0.11525	0.01066	0.00283	0.00680	0.00841	0.04966	0.00831
2	0.01276	0.00918	0.01528	0.01349	0.01574	0.00852	0.14194	0.01494	0.01423	0.10468	0.03033	0.46017	0.03318	0.07855	0.01056	0.00293	0.00591	0.01486	0.00586	0.00691
3	0.02413	0.17851	0.02278	0.01629	0.02043	0.53700	0.01290	0.07605	0.01925	0.01860	0.01080	0.01237	0.00902	0.00690	0.00586	0.00172	0.01097	0.00439	0.00365	0.00838
4	0.01568	0.01088	0.01284	0.01033	0.01411	0.00985	0.00782	0.07553	0.04940	0.10270	0.05673	0.02643	0.01870	0.19841	0.05430	0.00333	0.00642	0.00687	0.00514	0.31454
5	0.09244	0.07637	0.07855	0.01686	0.09218	0.16160	0.01301	0.07778	0.01643	0.08040	0.01436	0.01736	0.01161	0.02960	0.08011	0.00300	0.06524	0.00555	0.05890	0.00865
6	0.01471	0.05902	0.15627	0.02105	0.17988	0.06985	0.01582	0.01949	0.05600	0.01940	0.01469	0.01920	0.01255	0.02075	0.23041	0.00485	0.06776	0.00610	0.00355	0.00865
7	0.01869	0.01449	0.02110	0.02697	0.36519	0.01473	0.01519	0.09887	0.10130	0.11586	0.02103	0.02384	0.05688	0.06483	0.00902	0.00245	0.00703	0.00721	0.00511	0.01022
8	0.01713	0.01320	0.01574	0.01298	0.05437	0.01158	0.00971	0.14599	0.01791	0.06873	0.01588	0.07228	0.01357	0.00718	0.00589	0.00147	0.00566	0.00592	0.00499	0.49981

[dist]
# distance from previous block
# <min> <max>
2	7

[block]
# block no. 2 follows, 31 sequences, length 20
# corresponding to MSA columns:
# 175-194
name=unknown_C
#
# <colnr> <probs for GDERKNQSTAVLIFYWHMCP>
#	G	D	E	R	K	N	Q	S	T	A	V	L	I	F	Y	W	H	M	C	P
0	0.00870	0.00652	0.00808	0.00861	0.00985	0.00589	0.00610	0.01067	0.01569	0.02087	0.25911	0.36555	0.21322	0.01808	0.00837	0.00247	0.00361	0.01600	0.00672	0.00589
1	0.01661	0.01663	0.02729	0.14973	0.43889	0.05177	0.11508	0.02174	0.05431	0.02158	0.01362	0.01761	0.01096	0.00639	0.00695	0.00211	0.00883	0.00638	0.00355	0.00994
2	0.00879	0.00660	0.00766	0.00803	0.00920	0.00599	0.00549	0.01021	0.01423	0.01839	0.14431	0.25704	0.28060	0.17577	0.01395	0.00334	0.00425	0.01462	0.00606	0.00547
3	0.19772	0.01351	0.01522	0.01386	0.05745	0.01475	0.01039	0.22878	0.03728	0.11078	0.01688	0.02007	0.01338	0.05957	0.15651	0.00417	0.00896	0.00619	0.00544	0.00905
4	0.00888	0.00696	0.00803	0.00776	0.00973	0.00611	0.00582	0.01135	0.01746	0.02291	0.38758	0.05856	0.39308	0.01568	0.00808	0.00223	0.00335	0.01342	0.00694	0.00611
5	0.02118	0.01460	0.01683	0.01495	0.05762	0.01548	0.01124	0.31475	0.13352	0.13525	0.02665	0.10692	0.07901	0.01059	0.00719	0.00221	0.00621	0.00874	0.00681	0.01026
6	0.02036	0.27948	0.10751	0.05515	0.02160	0.02142	0.01384	0.30219	0.02163	0.02870	0.01364	0.01493	0.01050	0.00710	0.00583	0.00185	0.00759	0.00517	0.05163	0.00992
7	0.01365	0.00776	0.00977	0.00920	0.01152	0.00686	0.00691	0.01583	0.01681	0.17895	0.21568	0.22889	0.22042	0.01553	0.00798	0.00235	0.00406	0.01349	0.00713	0.00721
8	0.01558	0.01747	0.13491	0.17363	0.28298	0.01511	0.01819	0.09792	0.01751	0.02443	0.11700	0.02181	0.01820	0.00773	0.00694	0.00212	0.00785	0.00686	0.00426	0.00950
9	0.00826	0.00662	0.00739	0.00787	0.00952	0.00574	0.00565	0.00991	0.01501	0.01868	0.09721	0.28821	0.45901	0.01846	0.00829	0.00245	0.00361	0.01594	0.00642	0.00574
10	0.59655	0.06071	0.01529	0.01593	0.15766	0.01627	0.01046	0.02032	0.01259	0.02807	0.01021	0.01230	0.00820	0.00627	0.00476	0.00206	0.00600	0.00419	0.00398	0.00820
11	0.01660	0.01376	0.01650	0.05358	0.12921	0.09422	0.01211	0.08070	0.03856	0.08018	0.04743	0.02674	0.01797	0.07646	0.20158	0.00485	0.03236	0.04431	0.00470	0.00819
12	0.01419	0.01216	0.01419	0.01013	0.01621	0.00912	0.00811	0.01723	0.01419	0.02229	0.01216	0.01419	0.01013	0.00507	0.00507	0.00101	0.00507	0.00405	0.00405	0.80139
13	0.01198	0.01056	0.01581	0.09589	0.01957	0.01071	0.11050	0.01796	0.12423	0.02332	0.23699	0.04378	0.16429	0.01232	0.00789	0.00234	0.00580	0.07255	0.00599	0.00754
14	0.01207	0.01072	0.01681	0.37055	0.13247	0.01203	0.01419	0.01520	0.01353	0.01764	0.02265	0.09380	0.09640	0.12991	0.01163	0.00299	0.00746	0.00886	0.00395	0.00713
15	0.16612	0.01417	0.05087	0.01638	0.12458	0.05291	0.04839	0.01787	0.01458	0.02308	0.10594	0.02525	0.01969	0.09571	0.00953	0.00245	0.00660	0.03452	0.00443	0.16692
16	0.24740	0.26974	0.02245	0.01281	0.01769	0.15705	0.01101	0.14788	0.01772	0.02547	0.01101	0.01230	0.00893	0.00667	0.00514	0.00182	0.00773	0.00428	0.00415	0.00876
17	0.02120	0.16854	0.02020	0.01320	0.01767	0.05759	0.01120	0.22609	0.08430	0.12551	0.04675	0.02540	0.01791	0.00918	0.00653	0.00205	0.00677	0.07891	0.05133	0.00968
18	0.13530	0.02527	0.35133	0.01853	0.08580	0.04138	0.01832	0.09820	0.05623	0.08559	0.01447	0.01571	0.01042	0.00698	0.00627	0.00212	0.00837	0.00536	0.00431	0.01004
19	0.28294	0.13807	0.01599	0.01056	0.01460	0.01632	0.00887	0.17931	0.01754	0.02939	0.01540	0.05932	0.01292	0.00793	0.00526	0.00193	0.00566	0.00575	0.16390	0.00833

[dist]
# distance from previous block
# <min> <max>
1	13

[block]
# block no. 3 follows, 31 sequences, length 30
# corresponding to MSA columns:
# 216-245
name=unknown_D
#
# <colnr> <probs for GDERKNQSTAVLIFYWHMCP>
#	G	D	E	R	K	N	Q	S	T	A	V	L	I	F	Y	W	H	M	C	P
0	0.09869	0.27027	0.02335	0.03463	0.07489	0.10574	0.01190	0.11410	0.08905	0.02341	0.01828	0.01908	0.07461	0.00782	0.00579	0.00188	0.00731	0.00576	0.00444	0.00901
1	0.01646	0.01792	0.05196	0.19714	0.07534	0.12241	0.14891	0.02431	0.17880	0.02175	0.04286	0.04040	0.01526	0.00784	0.00709	0.00221	0.00881	0.00718	0.00440	0.00895
2	0.01583	0.01640	0.02024	0.26080	0.21078	0.15413	0.01617	0.01901	0.01502	0.01856	0.01590	0.13297	0.01521	0.00928	0.00786	0.00223	0.04980	0.00786	0.00375	0.00819
3	0.01260	0.15654	0.01701	0.01264	0.01508	0.04687	0.04943	0.01502	0.01475	0.01857	0.02893	0.27286	0.03209	0.01581	0.00799	0.00259	0.00636	0.26272	0.00536	0.00680
4	0.01046	0.00785	0.01017	0.01031	0.01144	0.00861	0.00743	0.01432	0.10218	0.01732	0.02438	0.18510	0.02525	0.19220	0.33327	0.00717	0.01106	0.01052	0.00477	0.00619
5	0.01419	0.01216	0.01419	0.01013	0.01621	0.00912	0.00811	0.01723	0.01419	0.02229	0.01216	0.01419	0.01013	0.00507	0.00507	0.00101	0.00507	0.00405	0.00405	0.80139
6	0.01208	0.01025	0.01731	0.29714	0.04813	0.01157	0.07650	0.01516	0.01314	0.01795	0.05609	0.05334	0.01658	0.02042	0.18619	0.08864	0.01044	0.00749	0.03478	0.00680
7	0.01349	0.01257	0.01791	0.01580	0.01648	0.01623	0.04043	0.04128	0.01224	0.01794	0.01710	0.19657	0.01853	0.01649	0.06496	0.00341	0.45793	0.00945	0.00403	0.00716
8	0.02132	0.00889	0.01091	0.00914	0.01250	0.00813	0.00730	0.02425	0.01685	0.35788	0.02455	0.02445	0.01725	0.00821	0.00578	0.00184	0.00445	0.00662	0.42079	0.00889
9	0.01473	0.01401	0.02379	0.42658	0.34950	0.01568	0.01990	0.01907	0.01454	0.01968	0.01248	0.01765	0.00990	0.00650	0.00681	0.00217	0.00867	0.00609	0.00320	0.00906
10	0.01650	0.04287	0.12262	0.01329	0.01724	0.18151	0.01167	0.05033	0.05600	0.07328	0.03001	0.18356	0.14894	0.01221	0.00720	0.00221	0.00729	0.01003	0.00526	0.00800
11	0.16024	0.01586	0.01725	0.01352	0.01867	0.01690	0.01114	0.36926	0.04754	0.23362	0.01864	0.01778	0.01273	0.00800	0.00641	0.00209	0.00659	0.00600	0.00687	0.01089
12	0.01664	0.01380	0.01884	0.01609	0.01699	0.01823	0.01332	0.01912	0.03887	0.09828	0.01298	0.01729	0.01113	0.01111	0.01846	0.00274	0.56591	0.00619	0.07602	0.00799
13	0.01291	0.01100	0.01471	0.09030	0.08144	0.01158	0.04363	0.02057	0.20628	0.02357	0.13857	0.06537	0.15721	0.01149	0.00737	0.00226	0.00546	0.02975	0.05839	0.00814
14	0.01917	0.01627	0.01665	0.01443	0.01861	0.04408	0.01136	0.17065	0.54180	0.03115	0.02488	0.02318	0.01855	0.00898	0.00691	0.00225	0.00610	0.00729	0.00681	0.01089
15	0.00977	0.00733	0.01100	0.01100	0.01222	0.00855	0.00855	0.01222	0.01100	0.01588	0.01833	0.02688	0.01710	0.05131	0.73245	0.01100	0.01833	0.00733	0.00367	0.00611
16	0.28324	0.02401	0.33413	0.01482	0.02182	0.01628	0.01635	0.13828	0.01659	0.02859	0.01245	0.01408	0.00909	0.00680	0.00573	0.00211	0.00778	0.00484	0.03366	0.00933
17	0.22013	0.01238	0.01467	0.01156	0.01660	0.01186	0.00954	0.06042	0.01822	0.52190	0.02224	0.02000	0.01437	0.00794	0.00623	0.00211	0.00577	0.00607	0.00736	0.01061
18	0.01462	0.01815	0.18772	0.01268	0.01971	0.01133	0.01252	0.04936	0.01507	0.02310	0.01238	0.01435	0.00984	0.00556	0.00550	0.00134	0.00641	0.00439	0.00390	0.57207
19	0.00857	0.00632	0.00806	0.00920	0.01009	0.00581	0.00644	0.01015	0.01423	0.01871	0.10419	0.53942	0.15555	0.01994	0.00861	0.00267	0.00396	0.05591	0.00646	0.00572
20	0.01190	0.00947	0.01360	0.01456	0.08942	0.01008	0.03132	0.01526	0.08524	0.01938	0.11265	0.13155	0.08040	0.02140	0.13232	0.13987	0.06015	0.00983	0.00489	0.00672
21	0.00925	0.00682	0.00871	0.00894	0.01037	0.00627	0.00666	0.01178	0.01701	0.02315	0.39850	0.22129	0.15278	0.01667	0.00835	0.00241	0.00372	0.07421	0.00697	0.00613
22	0.01832	0.01891	0.13987	0.02164	0.19070	0.01652	0.01589	0.18868	0.17424	0.04734	0.08105	0.02158	0.01796	0.00817	0.00691	0.00214	0.00721	0.00689	0.00546	0.01053
23	0.00948	0.00675	0.00754	0.00754	0.00817	0.00654	0.00466	0.01005	0.01139	0.01469	0.03302	0.04887	0.19261	0.53721	0.06891	0.00583	0.00654	0.01089	0.00466	0.00466
24	0.18129	0.01965	0.13405	0.01307	0.01733	0.18719	0.01177	0.02069	0.01653	0.07499	0.18106	0.07172	0.02479	0.00952	0.00650	0.00209	0.00729	0.00745	0.00507	0.00796
25	0.11684	0.01040	0.01442	0.09684	0.18683	0.01084	0.01141	0.01590	0.01410	0.02183	0.04655	0.12483	0.07777	0.01158	0.00792	0.04872	0.00581	0.05255	0.11748	0.00737
26	0.01629	0.01608	0.05698	0.02458	0.23731	0.05652	0.10464	0.09187	0.01582	0.02163	0.01379	0.01865	0.01169	0.01627	0.13363	0.08609	0.05935	0.00640	0.00374	0.00867
27	0.01744	0.05977	0.01646	0.08868	0.01940	0.26329	0.01109	0.04892	0.08794	0.01915	0.04959	0.02443	0.04812	0.10174	0.11134	0.00377	0.01016	0.00683	0.00434	0.00754
28	0.02003	0.01886	0.02026	0.04075	0.11820	0.15716	0.05791	0.19303	0.11967	0.02681	0.01617	0.01875	0.01287	0.04760	0.00808	0.00219	0.00818	0.00617	0.02546	0.08185
29	0.17381	0.11429	0.08456	0.07371	0.04015	0.11708	0.01291	0.13953	0.01840	0.09267	0.05976	0.01706	0.01357	0.00746	0.00598	0.00199	0.00768	0.00549	0.00480	0.00910

[dist]
# distance from previous block
# <min> <max>
0	6

[block]
# block no. 4 follows, 31 sequences, length 23
# corresponding to MSA columns:
# 252-274
name=unknown_E
#
# <colnr> <probs for GDERKNQSTAVLIFYWHMCP>
#	G	D	E	R	K	N	Q	S	T	A	V	L	I	F	Y	W	H	M	C	P
0	0.06041	0.06269	0.17618	0.06973	0.09645	0.01608	0.03683	0.12007	0.11410	0.07231	0.09089	0.02106	0.01758	0.00798	0.00666	0.00212	0.00740	0.00662	0.00505	0.00979
1	0.01586	0.00979	0.01150	0.01005	0.01318	0.00934	0.00785	0.08999	0.07275	0.17312	0.19516	0.08536	0.25170	0.01334	0.00764	0.00223	0.00452	0.01126	0.00717	0.00818
2	0.01239	0.00989	0.01277	0.01455	0.11717	0.00985	0.00927	0.08265	0.06190	0.02349	0.17412	0.17524	0.16212	0.07215	0.00993	0.00266	0.00507	0.03126	0.00607	0.00744
3	0.01656	0.01697	0.07815	0.15356	0.26608	0.01680	0.05833	0.07384	0.17822	0.02424	0.01642	0.01898	0.01270	0.00733	0.00739	0.00220	0.03128	0.00652	0.00438	0.01006
4	0.01607	0.01488	0.02243	0.08479	0.34799	0.01668	0.01685	0.05365	0.10771	0.02230	0.01600	0.07037	0.01418	0.00894	0.01005	0.00233	0.15380	0.00725	0.00414	0.00958
5	0.01746	0.05242	0.24646	0.06806	0.02436	0.05928	0.01656	0.12090	0.27132	0.02642	0.01837	0.01881	0.01363	0.00779	0.00664	0.00216	0.00797	0.00618	0.00499	0.01023
6	0.00925	0.00683	0.00869	0.00886	0.01031	0.00627	0.00660	0.01181	0.01717	0.02339	0.41739	0.20580	0.15814	0.01647	0.00832	0.00239	0.00366	0.06549	0.00700	0.00615
7	0.01313	0.00979	0.01188	0.01082	0.01325	0.00992	0.00834	0.13777	0.03719	0.02538	0.21531	0.13748	0.05212	0.06232	0.11042	0.00371	0.00686	0.05755	0.00609	0.07070
8	0.01793	0.00979	0.01233	0.01046	0.01363	0.00934	0.00824	0.07403	0.06156	0.23941	0.37549	0.03716	0.04104	0.01128	0.00739	0.00212	0.00448	0.00965	0.04597	0.00870
9	0.80789	0.01323	0.01006	0.00900	0.01323	0.01535	0.00741	0.02011	0.01164	0.03070	0.00953	0.01111	0.00741	0.00635	0.00423	0.00212	0.00529	0.00370	0.00423	0.00741
10	0.01462	0.01210	0.01741	0.01473	0.01749	0.01331	0.10439	0.05959	0.15173	0.05035	0.12431	0.03196	0.02493	0.07949	0.10628	0.00391	0.10343	0.05649	0.00539	0.00809
11	0.01143	0.00745	0.00870	0.00850	0.01078	0.00661	0.00662	0.01373	0.01635	0.09449	0.14962	0.09485	0.37421	0.01558	0.00790	0.00234	0.00402	0.09152	0.06871	0.00659
12	0.01419	0.01216	0.01419	0.01013	0.01621	0.00912	0.00811	0.01723	0.01419	0.02229	0.01216	0.01419	0.01013	0.00507	0.00507	0.00101	0.00507	0.00405	0.00405	0.80139
13	0.00880	0.00682	0.00802	0.00802	0.00976	0.00603	0.00590	0.01110	0.01685	0.02216	0.33982	0.15896	0.34018	0.01649	0.00817	0.00231	0.00344	0.01428	0.00686	0.00603
14	0.01081	0.00772	0.01078	0.01236	0.01384	0.00769	0.01066	0.01381	0.01554	0.02024	0.03634	0.13027	0.03983	0.01910	0.00939	0.00312	0.00612	0.61982	0.00630	0.00624
15	0.00968	0.00699	0.00914	0.00861	0.01022	0.00646	0.00646	0.01291	0.01937	0.02743	0.71328	0.05110	0.06455	0.01399	0.00807	0.00215	0.00323	0.01237	0.00753	0.00646
16	0.01376	0.01269	0.02116	0.33917	0.29836	0.01395	0.01768	0.01760	0.01443	0.01950	0.01703	0.11970	0.01610	0.00910	0.00720	0.00229	0.00791	0.04006	0.00378	0.00851
17	0.02601	0.01916	0.02053	0.01574	0.02122	0.02122	0.01300	0.69408	0.03217	0.04312	0.01643	0.01643	0.01163	0.00821	0.00684	0.00205	0.00753	0.00616	0.00684	0.01163
18	0.02051	0.16034	0.02418	0.05079	0.21498	0.23028	0.01480	0.09304	0.01805	0.04542	0.01385	0.05779	0.01209	0.00756	0.00628	0.00190	0.00888	0.00595	0.00404	0.00927
19	0.01563	0.01244	0.01565	0.30187	0.02727	0.08647	0.01282	0.04179	0.01554	0.11458	0.02253	0.25931	0.02206	0.01191	0.00739	0.00236	0.00726	0.01039	0.00505	0.00766
20	0.01275	0.00638	0.00638	0.00638	0.00797	0.00638	0.00478	0.01594	0.01435	0.02551	0.02232	0.02551	0.01754	0.00797	0.00478	0.00159	0.00319	0.00638	0.79755	0.00638
21	0.02199	0.02310	0.02022	0.01727	0.02006	0.30628	0.01377	0.19113	0.01950	0.02328	0.01149	0.01428	0.00958	0.00905	0.01200	0.00226	0.26646	0.00540	0.00417	0.00871
22	0.00959	0.00721	0.00902	0.01016	0.01106	0.00721	0.00700	0.01340	0.11283	0.01907	0.03628	0.64987	0.04173	0.01968	0.00848	0.00271	0.00418	0.01776	0.00644	0.00632

[dist]
# distance from previous block
# <min> <max>
0	9

[block]
# block no. 5 follows, 31 sequences, length 10
# corresponding to MSA columns:
# 284-293
name=unknown_F
#
# <colnr> <probs for GDERKNQSTAVLIFYWHMCP>
#	G	D	E	R	K	N	Q	S	T	A	V	L	I	F	Y	W	H	M	C	P
0	0.01866	0.08990	0.01977	0.08851	0.12083	0.01659	0.01253	0.25759	0.04208	0.04543	0.01657	0.02197	0.01402	0.13056	0.04228	0.00313	0.00779	0.00663	0.03601	0.00916
1	0.55426	0.01590	0.01404	0.01379	0.08120	0.07074	0.00999	0.12409	0.01575	0.03076	0.01098	0.01257	0.00849	0.00667	0.00502	0.00207	0.00644	0.00436	0.00450	0.00842
2	0.00896	0.00646	0.00861	0.01012	0.01089	0.00611	0.00739	0.01064	0.01385	0.01823	0.03898	0.55994	0.07826	0.02063	0.00887	0.00284	0.00449	0.17265	0.00634	0.00574
3	0.08742	0.08025	0.02171	0.01603	0.02104	0.15466	0.06217	0.35397	0.08304	0.03217	0.01500	0.01572	0.01123	0.00757	0.00641	0.00200	0.00835	0.00570	0.00545	0.01012
4	0.12730	0.01391	0.01894	0.01902	0.17439	0.01294	0.06585	0.02131	0.07076	0.06336	0.01420	0.01615	0.01119	0.00607	0.00583	0.00167	0.00637	0.00524	0.00437	0.34114
5	0.04576	0.06948	0.17823	0.02566	0.30051	0.04650	0.01757	0.02225	0.07264	0.05893	0.01570	0.04530	0.01322	0.04962	0.00811	0.00233	0.00800	0.00643	0.00400	0.00976
6	0.10281	0.02986	0.56512	0.01756	0.02606	0.01494	0.02169	0.02066	0.01427	0.02255	0.01461	0.02099	0.01191	0.00785	0.00657	0.00227	0.00915	0.07832	0.00342	0.00939
7	0.00950	0.00679	0.00928	0.01086	0.01177	0.00656	0.00838	0.01155	0.01425	0.01877	0.03706	0.46054	0.04270	0.02033	0.00904	0.00294	0.00498	0.30248	0.00633	0.00588
8	0.01395	0.00987	0.01392	0.01147	0.01481	0.00902	0.07464	0.01841	0.07016	0.11567	0.36649	0.03964	0.10396	0.01143	0.00750	0.00206	0.00477	0.01016	0.00672	0.09532
9	0.01773	0.01814	0.12008	0.19287	0.13885	0.01591	0.20774	0.07577	0.01695	0.10651	0.01488	0.01806	0.01082	0.00668	0.00714	0.00220	0.00925	0.00661	0.00415	0.00969

[dist]
# distance from previous block
# <min> <max>
0	1

[block]
# block no. 6 follows, 31 sequences, length 33
# corresponding to MSA columns:
# 295-327
name=unknown_G
#
# <colnr> <probs for GDERKNQSTAVLIFYWHMCP>
#	G	D	E	R	K	N	Q	S	T	A	V	L	I	F	Y	W	H	M	C	P
0	0.02121	0.01611	0.02628	0.07192	0.25185	0.05735	0.18237	0.02516	0.01705	0.23541	0.01724	0.01906	0.01236	0.00684	0.00709	0.00212	0.00858	0.00672	0.00494	0.01031
1	0.75958	0.01313	0.01042	0.00919	0.01349	0.01502	0.00757	0.02093	0.01214	0.07365	0.01061	0.01187	0.00800	0.00648	0.00440	0.00212	0.00533	0.00390	0.00450	0.00767
2	0.01372	0.03539	0.72412	0.01950	0.02961	0.01589	0.02528	0.02167	0.01444	0.02167	0.01228	0.01444	0.00867	0.00650	0.00650	0.00217	0.01011	0.00506	0.00289	0.01011
3	0.01829	0.76368	0.03585	0.01171	0.01756	0.02707	0.01171	0.02049	0.01390	0.01610	0.00951	0.01097	0.00878	0.00585	0.00439	0.00146	0.00732	0.00366	0.00293	0.00878
4	0.01404	0.01560	0.19697	0.01208	0.01694	0.00959	0.01194	0.01798	0.01629	0.12514	0.18797	0.11731	0.10931	0.01137	0.00719	0.00210	0.00575	0.00969	0.00575	0.10695
5	0.02131	0.35817	0.05651	0.01537	0.02080	0.20350	0.05533	0.15323	0.01900	0.02210	0.01150	0.01298	0.00944	0.00664	0.00563	0.00173	0.00900	0.00467	0.00387	0.00920
6	0.01283	0.10899	0.46038	0.01603	0.02313	0.01444	0.01882	0.01837	0.01403	0.01995	0.01861	0.20737	0.01823	0.01033	0.00685	0.00225	0.00820	0.00866	0.00380	0.00877
7	0.09986	0.00907	0.01045	0.00967	0.01240	0.00843	0.00720	0.01500	0.05618	0.02307	0.18074	0.28443	0.03521	0.01326	0.00706	0.00210	0.00431	0.01156	0.00585	0.20417
8	0.80789	0.01323	0.01006	0.00900	0.01323	0.01535	0.00741	0.02011	0.01164	0.03070	0.00953	0.01111	0.00741	0.00635	0.00423	0.00212	0.00529	0.00370	0.00423	0.00741
9	0.80789	0.01323	0.01006	0.00900	0.01323	0.01535	0.00741	0.02011	0.01164	0.03070	0.00953	0.01111	0.00741	0.00635	0.00423	0.00212	0.00529	0.00370	0.00423	0.00741
10	0.00982	0.00715	0.01007	0.01007	0.01098	0.00805	0.00740	0.01162	0.01072	0.01520	0.01917	0.03155	0.01913	0.23617	0.55037	0.00986	0.01527	0.00801	0.00379	0.00560
11	0.00995	0.00663	0.00746	0.00746	0.00746	0.00663	0.00415	0.00995	0.00995	0.01327	0.02156	0.04477	0.02487	0.75957	0.03482	0.00663	0.00663	0.00995	0.00415	0.00415
12	0.00852	0.00695	0.00753	0.00738	0.00951	0.00596	0.00554	0.01065	0.01661	0.02090	0.24339	0.06186	0.53852	0.01642	0.00808	0.00227	0.00340	0.01388	0.00667	0.00596
13	0.00835	0.00694	0.00729	0.00720	0.00940	0.00589	0.00540	0.01032	0.01621	0.01995	0.17464	0.06343	0.60786	0.01678	0.00808	0.00228	0.00343	0.01410	0.00655	0.00589
14	0.02211	0.02313	0.02065	0.18178	0.08587	0.32531	0.01512	0.19860	0.02112	0.02427	0.01265	0.01512	0.00979	0.00723	0.00655	0.00198	0.01000	0.00538	0.00427	0.00907
15	0.80789	0.01323	0.01006	0.00900	0.01323	0.01535	0.00741	0.02011	0.01164	0.03070	0.00953	0.01111	0.00741	0.00635	0.00423	0.00212	0.00529	0.00370	0.00423	0.00741
16	0.02326	0.02885	0.01917	0.06568	0.02220	0.60013	0.01347	0.02524	0.01832	0.01720	0.03888	0.01450	0.01109	0.00770	0.00755	0.00191	0.06848	0.00496	0.00361	0.00782
17	0.01232	0.02771	0.53719	0.01690	0.02447	0.01319	0.02034	0.01850	0.01409	0.02057	0.01891	0.20776	0.01821	0.01040	0.00708	0.00233	0.00851	0.00881	0.00379	0.00892
18	0.01495	0.01381	0.02261	0.49253	0.23843	0.01591	0.01918	0.06362	0.01546	0.02059	0.01265	0.01774	0.00978	0.00672	0.00682	0.00219	0.00873	0.00609	0.00339	0.00880
19	0.04151	0.00722	0.00866	0.00862	0.01040	0.00676	0.00661	0.01264	0.01713	0.02410	0.38494	0.09792	0.19707	0.01504	0.00791	0.00230	0.00374	0.08510	0.05604	0.00627
20	0.00825	0.00676	0.00728	0.00753	0.00944	0.00579	0.00550	0.01000	0.01543	0.01898	0.11240	0.18889	0.54441	0.01781	0.00820	0.00238	0.00354	0.01518	0.00644	0.00579
21	0.01292	0.01216	0.02052	0.74312	0.04712	0.01520	0.01900	0.01748	0.01368	0.01748	0.01216	0.01824	0.00912	0.00684	0.00684	0.00228	0.00912	0.00608	0.00304	0.00760
22	0.01226	0.01111	0.01644	0.01396	0.01589	0.05126	0.13739	0.01439	0.01205	0.01620	0.01758	0.02994	0.01755	0.28414	0.26686	0.00681	0.05809	0.00813	0.00374	0.00621
23	0.00949	0.00683	0.00901	0.00905	0.01041	0.00636	0.00672	0.01229	0.01785	0.02495	0.53184	0.19779	0.05900	0.01583	0.00829	0.00234	0.00357	0.05491	0.00721	0.00626
24	0.00822	0.00694	0.00712	0.00708	0.00933	0.00583	0.00531	0.01009	0.01592	0.01926	0.12539	0.06456	0.65754	0.01704	0.00808	0.00230	0.00344	0.01426	0.00646	0.00583
25	0.01532	0.01523	0.02498	0.01916	0.02327	0.06204	0.30306	0.06077	0.01722	0.02357	0.16029	0.02674	0.05031	0.00904	0.00921	0.00224	0.09122	0.00848	0.06969	0.00815
26	0.01608	0.01518	0.02517	0.01869	0.02422	0.01428	0.28356	0.10649	0.04491	0.02445	0.01638	0.08769	0.01419	0.00769	0.00743	0.00195	0.02914	0.00762	0.00448	0.25041
27	0.01434	0.01361	0.02308	0.49563	0.28354	0.01557	0.01970	0.01872	0.01435	0.01920	0.01241	0.01778	0.00973	0.00658	0.00682	0.00219	0.00877	0.00609	0.00316	0.00874
28	0.01720	0.01278	0.01437	0.01248	0.01578	0.01435	0.00991	0.22976	0.20240	0.02926	0.02093	0.02307	0.01649	0.01971	0.19592	0.00438	0.00907	0.00692	0.13611	0.00911
29	0.02556	0.03261	0.01939	0.01763	0.02115	0.73210	0.01322	0.02732	0.01939	0.01674	0.01058	0.01234	0.00881	0.00705	0.00617	0.00176	0.01234	0.00441	0.00353	0.00793
30	0.01232	0.00903	0.01179	0.01128	0.01313	0.01022	0.00862	0.01812	0.15979	0.05140	0.02113	0.02842	0.01877	0.11935	0.46523	0.00823	0.01367	0.00769	0.00465	0.00716
31	0.01273	0.01073	0.01238	0.00945	0.01431	0.00829	0.00733	0.01529	0.01406	0.02090	0.02241	0.05857	0.11655	0.05797	0.00767	0.00166	0.00488	0.00670	0.00451	0.59361
32	0.00867	0.00719	0.00823	0.00847	0.01005	0.00675	0.00622	0.01027	0.01465	0.01833	0.07617	0.26198	0.45277	0.01806	0.00923	0.00249	0.05320	0.01526	0.00616	0.00585

[dist]
# distance from previous block
# <min> <max>
0	12

[block]
# block no. 7 follows, 31 sequences, length 12
# corresponding to MSA columns:
# 340-351
name=unknown_H
#
# <colnr> <probs for GDERKNQSTAVLIFYWHMCP>
#	G	D	E	R	K	N	Q	S	T	A	V	L	I	F	Y	W	H	M	C	P
0	0.00910	0.00641	0.00758	0.00819	0.00862	0.00612	0.00512	0.00977	0.01184	0.01551	0.03355	0.31979	0.11640	0.38629	0.02157	0.00463	0.00523	0.01414	0.00526	0.00488
1	0.10472	0.01426	0.01255	0.01120	0.01393	0.16833	0.00837	0.02104	0.01496	0.17855	0.01881	0.02527	0.01608	0.19108	0.08937	0.00400	0.00845	0.00672	0.08485	0.00747
2	0.01842	0.05580	0.12414	0.01527	0.02027	0.10455	0.01353	0.09065	0.42502	0.02682	0.02152	0.02076	0.01618	0.00833	0.00666	0.00217	0.00724	0.00659	0.00573	0.01034
3	0.01474	0.18715	0.50699	0.01691	0.02571	0.01757	0.02068	0.02097	0.01430	0.02055	0.01168	0.01368	0.00884	0.00622	0.00591	0.00190	0.00901	0.00466	0.00301	0.08952
4	0.01466	0.01526	0.01335	0.01296	0.01483	0.23935	0.00981	0.01676	0.01390	0.01632	0.01790	0.09943	0.01744	0.03401	0.42374	0.00717	0.01489	0.00768	0.00390	0.00663
5	0.02512	0.01373	0.01948	0.10738	0.16009	0.01356	0.01374	0.12674	0.01993	0.39727	0.02083	0.02040	0.01399	0.00776	0.00685	0.00211	0.00693	0.00652	0.00656	0.01099
6	0.00893	0.00696	0.00810	0.00782	0.00976	0.00613	0.00586	0.01145	0.01759	0.02321	0.40954	0.05805	0.37092	0.01556	0.00808	0.00223	0.00334	0.01335	0.00698	0.00613
7	0.01238	0.00872	0.01142	0.01108	0.01228	0.00942	0.00840	0.01395	0.01369	0.09177	0.05576	0.28642	0.12934	0.09352	0.01389	0.00309	0.15162	0.06099	0.00572	0.00655
8	0.00971	0.00712	0.00912	0.01021	0.01151	0.00679	0.00806	0.01179	0.01451	0.01863	0.04171	0.22481	0.17587	0.09725	0.01169	0.00326	0.00523	0.32083	0.00609	0.00580
9	0.01504	0.01562	0.01914	0.51057	0.03774	0.15632	0.01659	0.01879	0.01448	0.01714	0.01259	0.01812	0.01003	0.01228	0.09484	0.00324	0.01087	0.00590	0.00321	0.00748
10	0.02008	0.01218	0.01318	0.01083	0.01440	0.01285	0.00871	0.29588	0.02221	0.10612	0.02039	0.02155	0.01505	0.00812	0.00585	0.00184	0.00525	0.00634	0.39008	0.00909
11	0.01407	0.01184	0.02238	0.01797	0.02165	0.01102	0.29129	0.01742	0.01518	0.09371	0.02660	0.33705	0.02750	0.01344	0.00830	0.00253	0.00742	0.04747	0.00537	0.00776

[dist]
# distance from previous block
# <min> <max>
9	58

[block]
# block no. 8 follows, 31 sequences, length 30
# corresponding to MSA columns:
# 410-439
name=unknown_I
#
# <colnr> <probs for GDERKNQSTAVLIFYWHMCP>
#	G	D	E	R	K	N	Q	S	T	A	V	L	I	F	Y	W	H	M	C	P
0	0.01001	0.00673	0.00760	0.00766	0.00938	0.00619	0.00573	0.01257	0.01601	0.02289	0.22108	0.11191	0.25302	0.01413	0.00722	0.00213	0.00348	0.03729	0.23883	0.00613
1	0.05063	0.01255	0.01431	0.01035	0.01632	0.00999	0.00831	0.05017	0.01494	0.02368	0.01225	0.01416	0.01008	0.00528	0.00512	0.00111	0.00520	0.00414	0.00420	0.72722
2	0.00977	0.00688	0.00857	0.06360	0.01107	0.00701	0.00582	0.01041	0.01101	0.01463	0.02485	0.21908	0.02874	0.51943	0.02623	0.00535	0.00616	0.01201	0.00461	0.00476
3	0.12236	0.00910	0.01119	0.01065	0.01141	0.01057	0.00776	0.01306	0.03191	0.01697	0.01704	0.12916	0.01825	0.15662	0.02109	0.24617	0.14901	0.00840	0.00398	0.00530
4	0.01082	0.00894	0.01003	0.00998	0.01182	0.04518	0.00719	0.01392	0.05852	0.02120	0.20031	0.38335	0.06548	0.01596	0.00786	0.00231	0.00443	0.01415	0.00625	0.10228
5	0.00838	0.00610	0.00791	0.00923	0.00987	0.00562	0.00625	0.00973	0.01366	0.01808	0.07624	0.65344	0.10895	0.02066	0.00864	0.00270	0.00388	0.01861	0.00641	0.00562
6	0.00866	0.00649	0.00882	0.06482	0.01269	0.00630	0.00723	0.01015	0.01332	0.01754	0.03800	0.65082	0.08964	0.02004	0.00854	0.00271	0.00432	0.01809	0.00610	0.00573
7	0.01214	0.01240	0.07041	0.33000	0.11840	0.01213	0.01566	0.01589	0.01409	0.01878	0.02145	0.20620	0.02185	0.01177	0.00759	0.00247	0.00746	0.08951	0.00428	0.00754
8	0.02286	0.00996	0.01261	0.01054	0.01429	0.00920	0.00838	0.02677	0.06939	0.42061	0.02683	0.09262	0.02004	0.00961	0.00651	0.00206	0.00493	0.00799	0.21517	0.00963
9	0.01132	0.00801	0.01072	0.01220	0.06449	0.00771	0.00801	0.01464	0.06781	0.06490	0.17469	0.42773	0.06731	0.01685	0.00817	0.00250	0.00434	0.01512	0.00655	0.00693
10	0.20930	0.01279	0.01584	0.01469	0.06042	0.01342	0.06164	0.14927	0.01785	0.09277	0.04199	0.08157	0.02043	0.05944	0.00873	0.00263	0.00652	0.11668	0.00561	0.00842
11	0.20536	0.01363	0.01430	0.01083	0.01637	0.01270	0.00879	0.13523	0.01670	0.02790	0.01227	0.01384	0.00974	0.00592	0.00518	0.00146	0.00555	0.00434	0.00458	0.47532
12	0.06697	0.01124	0.01083	0.01026	0.01233	0.07726	0.00766	0.01635	0.10423	0.01958	0.05654	0.07291	0.25470	0.12852	0.07177	0.00367	0.05298	0.01026	0.00529	0.00665
13	0.01157	0.00956	0.01510	0.01765	0.14955	0.00950	0.06202	0.01438	0.01416	0.01958	0.02881	0.21680	0.07755	0.02085	0.13356	0.00397	0.00814	0.12333	0.05678	0.00715
14	0.02029	0.14655	0.02623	0.02136	0.15618	0.01958	0.10263	0.30748	0.02226	0.02970	0.01581	0.07170	0.01336	0.00807	0.00671	0.00203	0.00786	0.00697	0.00502	0.01021
15	0.01502	0.09406	0.08447	0.01804	0.15136	0.01337	0.01281	0.07504	0.05913	0.05864	0.02382	0.24596	0.02426	0.03950	0.00830	0.00248	0.00645	0.05359	0.00519	0.00851
16	0.01975	0.12603	0.19234	0.01950	0.10467	0.08626	0.06285	0.14435	0.01845	0.08937	0.01401	0.01591	0.01059	0.00794	0.00768	0.05205	0.00867	0.00556	0.00430	0.00971
17	0.01371	0.06442	0.16538	0.01829	0.02363	0.01436	0.21986	0.01983	0.07607	0.02103	0.05637	0.02647	0.03824	0.01669	0.14762	0.00395	0.01072	0.05074	0.00416	0.00847
18	0.00875	0.00627	0.00781	0.00876	0.00934	0.00587	0.00577	0.00987	0.01308	0.01731	0.08151	0.48685	0.10878	0.18009	0.01426	0.00352	0.00445	0.01643	0.00595	0.00533
19	0.01467	0.01352	0.02246	0.19283	0.42978	0.01429	0.01760	0.01823	0.01414	0.01969	0.01416	0.02135	0.01262	0.10209	0.06136	0.00328	0.00888	0.00665	0.00342	0.00895
20	0.01937	0.01923	0.06683	0.10546	0.06810	0.16636	0.09456	0.12596	0.01860	0.08834	0.01773	0.12334	0.01563	0.00931	0.00754	0.00219	0.02984	0.00791	0.00478	0.00894
21	0.01646	0.01578	0.02692	0.12368	0.63885	0.01613	0.02076	0.02059	0.01536	0.02178	0.01279	0.01708	0.01064	0.00618	0.00678	0.00206	0.00824	0.00609	0.00335	0.01046
22	0.00881	0.00660	0.00791	0.00875	0.00985	0.00606	0.00622	0.01024	0.01377	0.01755	0.04543	0.34806	0.25831	0.12653	0.01238	0.00323	0.00447	0.09429	0.00603	0.00551
23	0.01063	0.00837	0.01235	0.01627	0.14732	0.00815	0.00995	0.01268	0.01389	0.01872	0.03156	0.43325	0.03611	0.06628	0.01020	0.00296	0.00540	0.14365	0.00562	0.00663
24	0.06633	0.02305	0.31909	0.01930	0.02615	0.01478	0.18986	0.06365	0.01584	0.02319	0.01755	0.09509	0.01574	0.00907	0.00727	0.00234	0.00902	0.06964	0.00405	0.00900
25	0.35745	0.11808	0.01490	0.01107	0.01449	0.10445	0.00910	0.01862	0.01318	0.02282	0.01477	0.06691	0.01402	0.01597	0.13135	0.00363	0.00869	0.04911	0.00414	0.00725
26	0.06670	0.01121	0.05696	0.03017	0.01389	0.01017	0.00843	0.05091	0.10450	0.09565	0.03050	0.03200	0.15134	0.05688	0.00803	0.00231	0.00497	0.00811	0.24946	0.00782
27	0.01450	0.01402	0.06126	0.05472	0.15132	0.09729	0.01197	0.04497	0.01443	0.01883	0.01976	0.17002	0.03978	0.01416	0.01178	0.19252	0.00701	0.00879	0.04591	0.00696
28	0.12355	0.12373	0.01931	0.01392	0.01805	0.24062	0.01124	0.11937	0.01804	0.06226	0.01387	0.06214	0.01200	0.00811	0.00690	0.00190	0.05450	0.00565	0.00449	0.08034
29	0.06932	0.27993	0.16578	0.01743	0.09918	0.13159	0.01504	0.02195	0.05122	0.01973	0.01342	0.06196	0.01193	0.00743	0.00577	0.00189	0.00831	0.00558	0.00359	0.00895

[dist]
# distance from previous block
# <min> <max>
2	22

[block]
# block no. 9 follows, 31 sequences, length 13
# corresponding to MSA columns:
# 462-474
name=unknown_J
#
# <colnr> <probs for GDERKNQSTAVLIFYWHMCP>
#	G	D	E	R	K	N	Q	S	T	A	V	L	I	F	Y	W	H	M	C	P
0	0.02054	0.01429	0.05056	0.01288	0.01735	0.01390	0.01077	0.14737	0.24700	0.20701	0.07563	0.02806	0.08102	0.00973	0.00701	0.00218	0.00574	0.00797	0.03074	0.01027
1	0.01508	0.01171	0.01428	0.01464	0.09574	0.01222	0.00997	0.10112	0.20072	0.05515	0.23626	0.03639	0.10592	0.04952	0.00881	0.00242	0.00519	0.00956	0.00656	0.00875
2	0.21896	0.03661	0.06970	0.01502	0.06602	0.01306	0.06586	0.01717	0.01277	0.04272	0.01691	0.11770	0.01604	0.02033	0.19485	0.00454	0.05237	0.00762	0.00416	0.00759
3	0.00935	0.00730	0.00969	0.07317	0.01346	0.00739	0.00758	0.01156	0.01423	0.01888	0.15833	0.17376	0.21009	0.06739	0.18160	0.00468	0.00772	0.01230	0.00551	0.00600
4	0.01765	0.14340	0.23105	0.01695	0.02240	0.08176	0.03809	0.13310	0.01682	0.02257	0.01212	0.01498	0.00980	0.01038	0.05124	0.00268	0.15674	0.00537	0.00370	0.00918
5	0.01914	0.01888	0.05856	0.10867	0.02596	0.17393	0.18362	0.05148	0.01719	0.12310	0.02026	0.02348	0.07329	0.06118	0.00908	0.00244	0.00927	0.00728	0.00458	0.00858
6	0.00985	0.01119	0.12331	0.01043	0.01293	0.00790	0.00919	0.01244	0.01323	0.01821	0.03398	0.26667	0.16002	0.09736	0.12379	0.00419	0.00732	0.01241	0.05924	0.00633
7	0.00982	0.00666	0.00812	0.00809	0.00876	0.00646	0.00529	0.01049	0.01254	0.01684	0.16218	0.08104	0.11185	0.36240	0.06136	0.10144	0.00600	0.01081	0.00501	0.00482
8	0.01501	0.01988	0.15954	0.01728	0.02183	0.13282	0.14761	0.04397	0.01619	0.02064	0.05256	0.15977	0.06818	0.01126	0.00831	0.00234	0.04554	0.04475	0.00452	0.00800
9	0.02064	0.23502	0.12155	0.01530	0.02146	0.06110	0.05526	0.20917	0.04759	0.07569	0.01429	0.01517	0.01081	0.00693	0.00601	0.00184	0.00797	0.00528	0.00471	0.06421
10	0.01209	0.00808	0.00990	0.00974	0.01196	0.00740	0.00761	0.01467	0.03292	0.08871	0.08556	0.11715	0.21653	0.10581	0.01138	0.00298	0.00502	0.18543	0.00622	0.06084
11	0.01640	0.01038	0.01220	0.01055	0.01308	0.01056	0.00793	0.17080	0.04933	0.10304	0.11210	0.03381	0.11472	0.13078	0.01549	0.16124	0.00571	0.00874	0.00586	0.00728
12	0.17007	0.06729	0.10441	0.03046	0.01627	0.03708	0.04292	0.01600	0.01273	0.01986	0.02058	0.11626	0.06536	0.14852	0.06197	0.00364	0.04709	0.00837	0.00417	0.00694

[dist]
# distance from previous block
# <min> <max>
2	3

[block]
# block no. 10 follows, 31 sequences, length 129
# corresponding to MSA columns:
# 478-606
name=unknown_K
#
# <colnr> <probs for GDERKNQSTAVLIFYWHMCP>
#	G	D	E	R	K	N	Q	S	T	A	V	L	I	F	Y	W	H	M	C	P
0	0.16920	0.10278	0.04770	0.01173	0.01542	0.07551	0.00991	0.07055	0.06130	0.04750	0.09718	0.13264	0.04568	0.01099	0.00657	0.00217	0.00614	0.05425	0.00535	0.02742
1	0.00962	0.00729	0.00872	0.00876	0.00988	0.00695	0.00596	0.01079	0.01283	0.01712	0.06698	0.27448	0.16244	0.25321	0.01720	0.00376	0.03819	0.01334	0.00538	0.06711
2	0.08963	0.01923	0.04112	0.01401	0.01839	0.19205	0.01141	0.17494	0.09760	0.15456	0.08066	0.02055	0.01742	0.00839	0.00652	0.00203	0.00756	0.00635	0.02795	0.00961
3	0.01640	0.46268	0.32031	0.01493	0.02254	0.02245	0.01732	0.02097	0.01413	0.01840	0.01065	0.01241	0.00873	0.00612	0.00526	0.00175	0.00847	0.00424	0.00291	0.00933
4	0.01472	0.06977	0.01829	0.01816	0.16478	0.01390	0.04194	0.08078	0.15735	0.02459	0.11192	0.03477	0.19944	0.01070	0.00718	0.00215	0.00585	0.00921	0.00563	0.00887
5	0.01682	0.52885	0.25778	0.01422	0.02145	0.02346	0.01608	0.02087	0.01408	0.01789	0.01040	0.01209	0.00874	0.00606	0.00507	0.00169	0.00822	0.00411	0.00291	0.00921
6	0.00966	0.00743	0.00927	0.01025	0.05826	0.00690	0.00653	0.01153	0.01513	0.02010	0.24586	0.11884	0.23739	0.19594	0.01454	0.00334	0.00453	0.01262	0.00597	0.00592
7	0.01086	0.00860	0.01096	0.01217	0.06853	0.00891	0.00785	0.01406	0.08161	0.01829	0.06354	0.18586	0.12688	0.23313	0.06665	0.00428	0.03958	0.02668	0.00525	0.00632
8	0.01356	0.03136	0.59446	0.01957	0.02873	0.01527	0.09690	0.02079	0.01472	0.02145	0.01679	0.01880	0.06260	0.00724	0.00679	0.00219	0.00976	0.00610	0.00322	0.00968
9	0.02127	0.10987	0.02384	0.02403	0.22170	0.38007	0.01545	0.02373	0.01685	0.01827	0.01097	0.01375	0.00941	0.00708	0.00761	0.00192	0.07703	0.00495	0.00337	0.00883
10	0.01201	0.01076	0.01776	0.53135	0.03702	0.01328	0.01598	0.01596	0.01290	0.01702	0.01394	0.02074	0.01143	0.01970	0.21673	0.00480	0.01178	0.00644	0.00322	0.00717
11	0.01604	0.01685	0.01574	0.01398	0.01653	0.22012	0.01095	0.01823	0.01391	0.01739	0.01333	0.01830	0.01202	0.02327	0.26677	0.00512	0.14191	0.00566	0.00358	0.15029
12	0.00846	0.00601	0.00790	0.00937	0.00974	0.00564	0.00618	0.00956	0.01286	0.01714	0.03648	0.70098	0.04370	0.07767	0.01072	0.00307	0.00417	0.01873	0.00618	0.00545
13	0.01617	0.01325	0.02012	0.02269	0.21879	0.01558	0.01472	0.01876	0.01311	0.09866	0.01425	0.01915	0.01224	0.01866	0.17472	0.00440	0.28579	0.00642	0.00388	0.00862
14	0.01416	0.01258	0.02179	0.17973	0.02713	0.03646	0.20150	0.01794	0.01400	0.06697	0.01691	0.05462	0.01443	0.02290	0.26155	0.00534	0.01267	0.00767	0.00392	0.00773
15	0.00829	0.00615	0.00774	0.00901	0.00979	0.00560	0.00612	0.00958	0.01359	0.01767	0.04399	0.61809	0.17821	0.02062	0.00860	0.00269	0.00387	0.01845	0.00635	0.00560
16	0.74832	0.01368	0.01085	0.00951	0.01384	0.01579	0.00784	0.07146	0.01321	0.03164	0.01005	0.01152	0.00773	0.00649	0.00443	0.00211	0.00546	0.00389	0.00443	0.00773
17	0.01731	0.01660	0.02420	0.08564	0.36263	0.07851	0.07804	0.10140	0.01740	0.02322	0.01561	0.08347	0.01395	0.00988	0.03966	0.00253	0.00890	0.00739	0.00408	0.00959
18	0.01613	0.01062	0.01534	0.01279	0.01592	0.01032	0.09095	0.10325	0.01808	0.15244	0.16515	0.14486	0.06931	0.06752	0.07206	0.00333	0.00692	0.01066	0.00631	0.00804
19	0.01549	0.00916	0.01043	0.00923	0.01139	0.00925	0.00677	0.10343	0.04569	0.10761	0.12289	0.03349	0.02587	0.23047	0.01472	0.00331	0.00517	0.00839	0.22003	0.00722
20	0.01304	0.00918	0.01072	0.01045	0.01129	0.06986	0.00745	0.01324	0.06322	0.01436	0.01425	0.02162	0.01333	0.02663	0.16198	0.51620	0.00888	0.00622	0.00346	0.00461
21	0.01541	0.10231	0.12143	0.09920	0.06652	0.05466	0.01365	0.09536	0.05371	0.02201	0.07656	0.07882	0.01956	0.10444	0.01101	0.00271	0.04217	0.00771	0.00448	0.00827
22	0.30337	0.01438	0.01992	0.13525	0.05373	0.01570	0.14204	0.10166	0.01579	0.05718	0.01320	0.01631	0.01007	0.01005	0.06141	0.00285	0.00852	0.00574	0.00431	0.00853
23	0.01121	0.00904	0.01259	0.13409	0.07057	0.00918	0.00978	0.04489	0.01775	0.02415	0.37332	0.09232	0.13875	0.01291	0.00776	0.00223	0.00487	0.01134	0.00619	0.00706
24	0.12143	0.01719	0.01816	0.01495	0.01904	0.09852	0.04835	0.21708	0.12727	0.09451	0.04004	0.01894	0.01440	0.01037	0.04061	0.00258	0.07497	0.00631	0.00565	0.00962
25	0.01293	0.01187	0.01778	0.01459	0.01736	0.05995	0.19045	0.01550	0.04627	0.01814	0.05824	0.08816	0.13593	0.12269	0.01521	0.14695	0.00727	0.00982	0.00453	0.00636
26	0.01067	0.00849	0.01201	0.04556	0.06149	0.00951	0.00890	0.01226	0.01164	0.01619	0.02243	0.21591	0.02463	0.21820	0.20250	0.00584	0.09256	0.01083	0.00436	0.00601
27	0.01024	0.00826	0.01244	0.16862	0.07214	0.00866	0.01063	0.01257	0.01368	0.01814	0.03022	0.47324	0.03433	0.01690	0.00825	0.00265	0.00562	0.08151	0.00541	0.00647
28	0.07393	0.01207	0.01646	0.11472	0.08444	0.01296	0.01199	0.01663	0.01275	0.01993	0.01280	0.01760	0.01114	0.01652	0.16333	0.00383	0.13417	0.00552	0.00360	0.25562
29	0.01456	0.01206	0.01424	0.01090	0.01604	0.01037	0.00870	0.07213	0.04682	0.02323	0.01423	0.01695	0.01188	0.01302	0.12338	0.00278	0.00743	0.00492	0.00435	0.57201
30	0.57754	0.01595	0.12575	0.01073	0.01548	0.01423	0.01018	0.01916	0.01255	0.02797	0.04194	0.07650	0.01323	0.00798	0.00514	0.00218	0.00588	0.00562	0.00433	0.00765
