[name]
unknown

[dist]
# distance from previous block
# <min> <max>
0	4

[block]
# block no. 0 follows, 28 sequences, length 14
# corresponding to MSA columns:
# 4-17
name=unknown_A
#
# <colnr> <probs for GDERKNQSTAVLIFYWHMCP>
#	G	D	E	R	K	N	Q	S	T	A	V	L	I	F	Y	W	H	M	C	P
0	0.01609	0.01730	0.17921	0.01379	0.01975	0.01096	0.01362	0.02042	0.01635	0.11272	0.04964	0.07303	0.02156	0.01029	0.00720	0.00209	0.00685	0.12265	0.00536	0.28111
1	0.02725	0.01763	0.02042	0.01964	0.12821	0.08694	0.01370	0.18779	0.08155	0.30781	0.02188	0.02093	0.01509	0.00845	0.00721	0.00220	0.00768	0.00680	0.00705	0.01176
2	0.01679	0.22950	0.29808	0.02174	0.03009	0.02069	0.23949	0.02276	0.01579	0.02146	0.01278	0.01575	0.00985	0.00645	0.00684	0.00214	0.01042	0.00603	0.00328	0.01003
3	0.00914	0.00661	0.00864	0.00977	0.01057	0.00611	0.00670	0.01088	0.01543	0.02079	0.17628	0.56217	0.08816	0.02091	0.00910	0.00279	0.00403	0.01883	0.00700	0.00611
4	0.01852	0.02127	0.11128	0.02847	0.11299	0.01867	0.39800	0.11749	0.05002	0.02687	0.01547	0.01897	0.01159	0.00680	0.00798	0.00236	0.01074	0.00766	0.00429	0.01056
5	0.01716	0.01961	0.04289	0.03064	0.03799	0.01838	0.67279	0.02328	0.01716	0.02328	0.01471	0.01961	0.01103	0.00613	0.00858	0.00245	0.01225	0.00858	0.00368	0.00980
6	0.00884	0.00639	0.00837	0.00995	0.01050	0.00592	0.00667	0.01014	0.01408	0.01862	0.04211	0.69899	0.08756	0.02251	0.00924	0.00292	0.00418	0.02034	0.00675	0.00592
7	0.01519	0.03331	0.54839	0.02309	0.03302	0.01724	0.18103	0.02308	0.01578	0.02308	0.01344	0.01636	0.00964	0.00672	0.00731	0.00234	0.01110	0.00614	0.00321	0.01052
8	0.15893	0.00842	0.00976	0.01037	0.01210	0.00855	0.00788	0.01400	0.01572	0.02433	0.19051	0.31966	0.04423	0.01736	0.00834	0.00273	0.00474	0.12911	0.00661	0.00665
9	0.00902	0.00640	0.00838	0.00991	0.01029	0.00602	0.00652	0.01017	0.01359	0.01812	0.03838	0.67168	0.04595	0.09380	0.01201	0.00336	0.00450	0.01967	0.00652	0.00576
10	0.01355	0.00678	0.00678	0.00678	0.00847	0.00678	0.00508	0.01694	0.01524	0.02710	0.02371	0.02710	0.01863	0.00847	0.00508	0.00169	0.00339	0.00678	0.78489	0.00678
11	0.01620	0.02632	0.29051	0.02694	0.03556	0.01782	0.43190	0.02319	0.01648	0.02319	0.01409	0.01802	0.01035	0.00642	0.00795	0.00240	0.01169	0.00738	0.00345	0.01015
12	0.03141	0.01431	0.01807	0.01385	0.01952	0.01355	0.01144	0.19027	0.02404	0.54482	0.02596	0.02298	0.01663	0.00893	0.00730	0.00223	0.00662	0.00712	0.00858	0.01237
13	0.01011	0.00707	0.00879	0.00968	0.01026	0.00687	0.00664	0.01127	0.01317	0.01733	0.03415	0.28999	0.06926	0.32673	0.02109	0.00473	0.00586	0.13582	0.00575	0.00543

[dist]
# distance from previous block
# <min> <max>
2	5

[block]
# block no. 1 follows, 28 sequences, length 106
# corresponding to MSA columns:
# 23-128
name=unknown_B
#
# <colnr> <probs for GDERKNQSTAVLIFYWHMCP>
#	G	D	E	R	K	N	Q	S	T	A	V	L	I	F	Y	W	H	M	C	P
0	0.01643	0.01531	0.02510	0.02904	0.32654	0.01467	0.11869	0.06219	0.01808	0.02541	0.10003	0.02635	0.07343	0.00839	0.00746	0.00211	0.00772	0.00804	0.00472	0.11029
1	0.02008	0.07218	0.22318	0.01616	0.02223	0.15547	0.01592	0.12290	0.02007	0.08918	0.06147	0.06599	0.06477	0.00970	0.00715	0.00219	0.00884	0.00759	0.00519	0.00974
2	0.01572	0.02689	0.33730	0.02361	0.03087	0.01857	0.23656	0.02188	0.01501	0.02188	0.01282	0.01687	0.00988	0.00794	0.01121	0.00255	0.17071	0.00664	0.00329	0.00982
3	0.01716	0.01961	0.04289	0.03064	0.03799	0.01838	0.67279	0.02328	0.01716	0.02328	0.01471	0.01961	0.01103	0.00613	0.00858	0.00245	0.01225	0.00858	0.00368	0.00980
4	0.02535	0.03025	0.02246	0.02377	0.15769	0.53105	0.01568	0.06947	0.02067	0.02079	0.01213	0.01437	0.00999	0.00737	0.00673	0.00195	0.01188	0.00516	0.00394	0.00930
5	0.01581	0.02898	0.38888	0.02547	0.03459	0.01760	0.33621	0.02315	0.01621	0.02315	0.01384	0.01739	0.01008	0.00653	0.00771	0.00237	0.01147	0.00691	0.00336	0.01029
6	0.03261	0.01237	0.01687	0.01293	0.01856	0.01068	0.01068	0.03543	0.02081	0.70423	0.02868	0.02474	0.01799	0.00900	0.00731	0.00225	0.00619	0.00731	0.00900	0.01237
7	0.01590	0.01590	0.02226	0.01908	0.01908	0.02226	0.01590	0.01749	0.01113	0.01749	0.00954	0.01590	0.00954	0.01272	0.02385	0.00318	0.73123	0.00636	0.00318	0.00795
8	0.01735	0.02507	0.25062	0.02656	0.18903	0.06265	0.12054	0.02663	0.16007	0.02448	0.01688	0.01901	0.01283	0.00736	0.00731	0.00230	0.00955	0.00669	0.00426	0.01080
9	0.00992	0.00742	0.00921	0.00876	0.01064	0.00670	0.00657	0.01301	0.01972	0.02711	0.56204	0.05766	0.20317	0.01562	0.00858	0.00232	0.00348	0.01362	0.00773	0.00670
10	0.00886	0.00633	0.00843	0.01012	0.01054	0.00590	0.00675	0.01012	0.01392	0.01856	0.04006	0.73979	0.04808	0.02277	0.00928	0.00295	0.00422	0.02066	0.00675	0.00590
11	0.00986	0.00704	0.00958	0.01126	0.01212	0.00677	0.00849	0.01185	0.01490	0.01967	0.03951	0.50961	0.04589	0.02183	0.00954	0.00309	0.00508	0.24098	0.00673	0.00618
12	0.01521	0.01335	0.01687	0.01205	0.01857	0.01025	0.05158	0.01863	0.01521	0.02366	0.01304	0.01537	0.01078	0.00543	0.00559	0.00117	0.00583	0.00458	0.00427	0.73857
13	0.00884	0.00639	0.00837	0.00994	0.01050	0.00592	0.00667	0.01014	0.01409	0.01863	0.04224	0.69646	0.09001	0.02249	0.00923	0.00292	0.00418	0.02032	0.00675	0.00592
14	0.01442	0.00913	0.01137	0.01079	0.01314	0.00887	0.00807	0.01970	0.12111	0.12924	0.27537	0.24182	0.07650	0.01561	0.00840	0.00251	0.00445	0.01374	0.00765	0.00811
15	0.01986	0.01770	0.01858	0.26368	0.02935	0.14621	0.01434	0.19347	0.02099	0.02732	0.01596	0.01925	0.01212	0.00793	0.00670	0.00211	0.00862	0.00621	0.16057	0.00901
16	0.02445	0.28458	0.02672	0.01653	0.02114	0.47510	0.01348	0.02649	0.01856	0.01755	0.01084	0.01260	0.00935	0.00705	0.00589	0.00176	0.01124	0.00440	0.00352	0.00874
17	0.01144	0.00886	0.01107	0.00983	0.01271	0.00752	0.00736	0.01438	0.01759	0.02539	0.35933	0.17947	0.04711	0.01359	0.00776	0.00206	0.00417	0.01199	0.00664	0.24172
18	0.30686	0.01772	0.07930	0.01768	0.02371	0.01648	0.20004	0.05516	0.05985	0.13244	0.01611	0.01755	0.01156	0.00722	0.00661	0.00232	0.00814	0.00629	0.00515	0.00979
19	0.02123	0.02300	0.02095	0.02540	0.25648	0.32950	0.01515	0.02426	0.01811	0.02174	0.01458	0.01761	0.01197	0.00733	0.00648	0.00194	0.00960	0.00573	0.15977	0.00918
20	0.00965	0.00723	0.00899	0.00928	0.01087	0.00658	0.00690	0.01216	0.01769	0.02367	0.33158	0.22125	0.21882	0.01804	0.00886	0.00257	0.00395	0.06818	0.00729	0.00644
21	0.04933	0.01516	0.01673	0.01277	0.01863	0.01432	0.01028	0.17895	0.12297	0.03038	0.01646	0.01737	0.01280	0.00693	0.00611	0.00160	0.00608	0.00543	0.00550	0.45219
22	0.01379	0.01305	0.02311	0.19049	0.17303	0.01338	0.14630	0.01781	0.01618	0.02195	0.10402	0.16439	0.04876	0.01118	0.00811	0.00246	0.00795	0.01076	0.00478	0.00852
23	0.00886	0.00633	0.00843	0.01012	0.01054	0.00590	0.00675	0.01012	0.01392	0.01856	0.04006	0.73979	0.04808	0.02277	0.00928	0.00295	0.00422	0.02066	0.00675	0.00590
24	0.01595	0.01657	0.03277	0.14503	0.17869	0.01665	0.34582	0.02105	0.01593	0.02183	0.01477	0.02032	0.01179	0.01229	0.09431	0.00351	0.01194	0.00769	0.00361	0.00948
25	0.02198	0.13975	0.10570	0.01545	0.02099	0.13831	0.05582	0.05109	0.04525	0.18852	0.06821	0.02477	0.07499	0.00906	0.00698	0.00212	0.00826	0.00722	0.00566	0.00988
26	0.00895	0.00717	0.00801	0.00824	0.01015	0.00622	0.00601	0.01097	0.01677	0.02115	0.18016	0.20094	0.45243	0.01864	0.00873	0.00252	0.00374	0.01601	0.00698	0.00622
27	0.00908	0.00648	0.00869	0.01037	0.01089	0.00610	0.00713	0.01050	0.01414	0.01880	0.03994	0.68881	0.04759	0.02256	0.00934	0.00298	0.00441	0.06947	0.00674	0.00597
28	0.19628	0.01273	0.01554	0.01221	0.01759	0.01189	0.01008	0.03241	0.01900	0.56022	0.02470	0.02197	0.01582	0.00851	0.00671	0.00225	0.00606	0.00659	0.00803	0.01141
29	0.02126	0.02382	0.02936	0.02635	0.13078	0.24855	0.23169	0.07165	0.04212	0.02292	0.01369	0.01702	0.01091	0.00749	0.00883	0.00226	0.07094	0.00663	0.00403	0.00970
30	0.02558	0.01934	0.02066	0.01631	0.02176	0.02159	0.01332	0.53851	0.17396	0.04251	0.02005	0.01953	0.01447	0.00897	0.00730	0.00224	0.00752	0.00690	0.00730	0.01218
31	0.02501	0.02122	0.01969	0.01631	0.02121	0.15389	0.01299	0.32343	0.22373	0.07579	0.02053	0.01992	0.01504	0.00884	0.00717	0.00221	0.00821	0.00673	0.00673	0.01135
32	0.02474	0.03063	0.02096	0.01880	0.02175	0.56674	0.01444	0.02655	0.01857	0.01773	0.01087	0.01371	0.00940	0.00861	0.01026	0.00215	0.16709	0.00504	0.00362	0.00833
33	0.01053	0.00797	0.01018	0.01018	0.01214	0.00697	0.00736	0.01274	0.01570	0.02199	0.17509	0.42000	0.04475	0.01749	0.00838	0.00245	0.00439	0.04258	0.00653	0.16260
34	0.01664	0.01807	0.03435	0.02585	0.03016	0.01999	0.40069	0.02089	0.01466	0.02089	0.01257	0.01807	0.01041	0.00886	0.01491	0.00275	0.31008	0.00766	0.00347	0.00904
35	0.02919	0.01356	0.01708	0.01357	0.01888	0.01300	0.01105	0.07574	0.16428	0.51894	0.02818	0.02480	0.01854	0.00917	0.00733	0.00229	0.00620	0.00746	0.00855	0.01218
36	0.00886	0.00633	0.00843	0.01012	0.01054	0.00590	0.00675	0.01012	0.01392	0.01856	0.04006	0.73979	0.04808	0.02277	0.00928	0.00295	0.00422	0.02066	0.00675	0.00590
37	0.00945	0.00707	0.00890	0.01000	0.01128	0.00652	0.00743	0.01142	0.01559	0.02016	0.09077	0.39187	0.21473	0.02060	0.00921	0.00286	0.00452	0.14461	0.00682	0.00618
38	0.01057	0.00705	0.00793	0.00793	0.00793	0.00705	0.00440	0.01057	0.01057	0.01409	0.02290	0.04757	0.02643	0.74454	0.03700	0.00705	0.00705	0.01057	0.00440	0.00440
39	0.02950	0.01307	0.01678	0.01333	0.01863	0.01227	0.01086	0.03611	0.16345	0.55974	0.02887	0.02525	0.01889	0.00918	0.00733	0.00230	0.00609	0.00750	0.00865	0.01219
40	0.02578	0.01666	0.01871	0.01507	0.02027	0.01791	0.01222	0.29330	0.24761	0.21554	0.02447	0.02261	0.01713	0.00918	0.00732	0.00229	0.00677	0.00730	0.00777	0.01208
41	0.02687	0.01899	0.02016	0.01592	0.02135	0.04906	0.01298	0.44950	0.13449	0.14301	0.02083	0.01991	0.01465	0.00890	0.00727	0.00222	0.00758	0.00685	0.00741	0.01206
42	0.76103	0.01398	0.01097	0.00971	0.01426	0.01605	0.00800	0.02201	0.01276	0.06328	0.01097	0.01240	0.00833	0.00685	0.00463	0.00225	0.00565	0.00409	0.00470	0.00808
43	0.00884	0.00639	0.00837	0.00994	0.01050	0.00592	0.00667	0.01014	0.01409	0.01863	0.04224	0.69646	0.09001	0.02249	0.00923	0.00292	0.00418	0.02032	0.00675	0.00592
44	0.01470	0.01111	0.01298	0.01203	0.01467	0.01161	0.00930	0.14889	0.12331	0.02949	0.24342	0.19255	0.06352	0.01511	0.00841	0.00253	0.00515	0.06547	0.00735	0.00843
45	0.02062	0.02160	0.02605	0.02520	0.16000	0.18272	0.15621	0.07098	0.20974	0.02557	0.01810	0.01976	0.01400	0.00775	0.00740	0.00224	0.00960	0.00701	0.00497	0.01047
46	0.00900	0.00644	0.00856	0.01002	0.01057	0.00600	0.00676	0.01048	0.01458	0.01961	0.10496	0.67190	0.05011	0.02199	0.00921	0.00289	0.00414	0.01992	0.00687	0.00600
47	0.00989	0.00716	0.00773	0.00773	0.00858	0.00673	0.00479	0.01052	0.01263	0.01600	0.04031	0.05525	0.25619	0.49546	0.02725	0.00547	0.00589	0.01221	0.00521	0.00500
48	0.01808	0.01561	0.01644	0.01479	0.01890	0.01808	0.01151	0.03863	0.68606	0.03041	0.02959	0.02712	0.02219	0.00986	0.00740	0.00247	0.00575	0.00822	0.00740	0.01151
49	0.02438	0.02658	0.02214	0.08074	0.12824	0.38471	0.01567	0.15657	0.04843	0.02486	0.01371	0.01580	0.01082	0.00766	0.00689	0.00205	0.01083	0.00562	0.00453	0.00978
50	0.01557	0.01911	0.16439	0.01583	0.01906	0.06332	0.01483	0.04843	0.01439	0.02118	0.01497	0.02090	0.01308	0.06245	0.09618	0.00386	0.25365	0.00654	0.12404	0.00820
51	0.01263	0.00631	0.00947	0.00947	0.00947	0.00631	0.00631	0.00947	0.00947	0.01263	0.01263	0.02210	0.01263	0.02525	0.02841	0.78851	0.00631	0.00631	0.00316	0.00316
52	0.09241	0.02079	0.01933	0.01556	0.02077	0.16745	0.01254	0.31322	0.02592	0.21286	0.01848	0.01798	0.01284	0.00837	0.00690	0.00214	0.00842	0.00613	0.00674	0.01115
53	0.01717	0.01863	0.03737	0.03215	0.17734	0.01864	0.44884	0.02233	0.01625	0.02264	0.01382	0.01878	0.01094	0.00705	0.01025	0.00248	0.10393	0.00784	0.00360	0.00993
54	0.00891	0.00738	0.00781	0.00770	0.01001	0.00627	0.00577	0.01105	0.01732	0.02143	0.19088	0.06700	0.57788	0.01774	0.00859	0.00242	0.00363	0.01493	0.00699	0.00627
55	0.01818	0.01985	0.16484	0.01453	0.02148	0.01458	0.01388	0.13932	0.10056	0.05190	0.01633	0.01736	0.01236	0.00698	0.00636	0.00175	0.00707	0.00551	0.00511	0.36206
56	0.01886	0.45145	0.12714	0.01777	0.02465	0.07409	0.15161	0.02277	0.01576	0.01923	0.01153	0.01391	0.00967	0.00638	0.00591	0.00186	0.00948	0.00512	0.00327	0.00955
57	0.02254	0.02359	0.02466	0.02149	0.08024	0.30488	0.15665	0.04883	0.01951	0.08559	0.05845	0.01901	0.01477	0.00758	0.00717	0.00202	0.01039	0.00650	0.00466	0.08146
58	0.01690	0.02133	0.17544	0.02249	0.02882	0.01704	0.28925	0.12294	0.01857	0.02568	0.01835	0.12839	0.01643	0.00965	0.00905	0.00250	0.05364	0.00929	0.00455	0.00970
59	0.01799	0.01727	0.02950	0.04462	0.69919	0.01727	0.02231	0.02231	0.01655	0.02375	0.01367	0.01799	0.01151	0.00648	0.00720	0.00216	0.00864	0.00648	0.00360	0.01151
60	0.01662	0.10590	0.29212	0.02380	0.13602	0.05972	0.12029	0.02326	0.05684	0.02243	0.01809	0.02031	0.05734	0.00764	0.00709	0.00221	0.00967	0.00669	0.00381	0.01016
61	0.01532	0.14650	0.60448	0.01945	0.02950	0.01870	0.02465	0.02283	0.01526	0.02211	0.01259	0.01478	0.00923	0.00680	0.00656	0.00219	0.01029	0.00514	0.00308	0.01053
62	0.01382	0.01122	0.01284	0.01286	0.01528	0.01230	0.00973	0.02499	0.35056	0.02488	0.03463	0.30299	0.03436	0.01598	0.00843	0.00276	0.00529	0.09122	0.00707	0.00880
63	0.01549	0.01472	0.02499	0.44437	0.31895	0.01661	0.02107	0.02012	0.01537	0.02072	0.01323	0.01880	0.01045	0.00694	0.00724	0.00231	0.00925	0.00647	0.00338	0.00950
64	0.01691	0.03029	0.40727	0.01911	0.02643	0.09977	0.02099	0.02619	0.14948	0.02323	0.01572	0.01750	0.01186	0.00825	0.00897	0.00239	0.09535	0.00598	0.00403	0.01029
65	0.01057	0.00705	0.00793	0.00793	0.00793	0.00705	0.00440	0.01057	0.01057	0.01409	0.02290	0.04757	0.02643	0.74454	0.03700	0.00705	0.00705	0.01057	0.00440	0.00440
66	0.00948	0.00680	0.00899	0.00970	0.01068	0.00632	0.00680	0.01168	0.01680	0.02313	0.32330	0.44351	0.05694	0.01935	0.00897	0.00266	0.00388	0.01741	0.00729	0.00632
67	0.00883	0.00644	0.00832	0.00982	0.01046	0.00593	0.00661	0.01016	0.01421	0.01868	0.04379	0.66552	0.11995	0.02229	0.00920	0.00290	0.00416	0.02007	0.00675	0.00593
68	0.02726	0.03158	0.02086	0.01830	0.02249	0.56680	0.01400	0.16753	0.02351	0.02380	0.01257	0.01404	0.01001	0.00776	0.00671	0.00194	0.01201	0.00508	0.00450	0.00927
69	0.01038	0.00779	0.01168	0.01168	0.01298	0.00909	0.00909	0.01298	0.01168	0.01687	0.01947	0.02856	0.01817	0.05452	0.71573	0.01168	0.01947	0.00779	0.00389	0.00649
70	0.00884	0.00640	0.00836	0.00993	0.01049	0.00592	0.00666	0.01014	0.01410	0.01863	0.04235	0.69429	0.09211	0.02248	0.00923	0.00292	0.00418	0.02030	0.00675	0.00592
71	0.01038	0.00779	0.01168	0.01168	0.01298	0.00909	0.00909	0.01298	0.01168	0.01687	0.01947	0.02856	0.01817	0.05452	0.71573	0.01168	0.01947	0.00779	0.00389	0.00649
72	0.02206	0.02574	0.02722	0.02632	0.16099	0.34221	0.17081	0.02728	0.08511	0.02153	0.01436	0.01701	0.01146	0.00720	0.00724	0.00213	0.01128	0.00631	0.00406	0.00967
73	0.01461	0.01263	0.02045	0.43681	0.18094	0.01452	0.01762	0.01905	0.01511	0.02139	0.01524	0.02062	0.01187	0.00734	0.00682	0.00222	0.00820	0.00653	0.15949	0.00855
74	0.73232	0.01458	0.01160	0.01015	0.01476	0.01682	0.00836	0.07545	0.01417	0.03371	0.01073	0.01228	0.00824	0.00691	0.00473	0.00224	0.00582	0.00415	0.00473	0.00824
75	0.01651	0.01167	0.01418	0.01072	0.01605	0.00922	0.00853	0.01972	0.01706	0.12042	0.16147	0.02484	0.02418	0.00792	0.00634	0.00150	0.00508	0.00662	0.00576	0.51222
76	0.01720	0.42113	0.34628	0.01625	0.02456	0.02329	0.01908	0.02234	0.01504	0.01983	0.01146	0.01336	0.00927	0.00654	0.00570	0.00190	0.00914	0.00457	0.00309	0.00998
77	0.01041	0.00752	0.01016	0.01172	0.01298	0.00727	0.00939	0.01286	0.01565	0.02039	0.04155	0.33123	0.09008	0.02099	0.00965	0.00313	0.00554	0.36640	0.00672	0.00635
78	0.00886	0.00633	0.00843	0.01012	0.01054	0.00590	0.00675	0.01012	0.01392	0.01856	0.04006	0.73979	0.04808	0.02277	0.00928	0.00295	0.00422	0.02066	0.00675	0.00590
79	0.01897	0.02054	0.02475	0.16890	0.24117	0.19199	0.04109	0.02230	0.01609	0.01996	0.01212	0.01669	0.01020	0.00813	0.01045	0.00236	0.15546	0.00608	0.00348	0.00928
80	0.01773	0.01583	0.01351	0.01250	0.01515	0.17666	0.00941	0.12035	0.05042	0.02636	0.10549	0.17845	0.02805	0.01219	0.00720	0.00219	0.00668	0.01007	0.18370	0.00807
81	0.03155	0.01408	0.01793	0.01375	0.01941	0.01323	0.01136	0.17256	0.02367	0.56305	0.02627	0.02318	0.01679	0.00894	0.00730	0.00223	0.00657	0.00715	0.00863	0.01237
82	0.01789	0.01492	0.01799	0.01322	0.01932	0.01332	0.03829	0.15929	0.01910	0.02816	0.01383	0.01581	0.01107	0.00643	0.00667	0.00146	0.03540	0.00505	0.00487	0.55790
83	0.01644	0.03101	0.42082	0.01849	0.02584	0.16510	0.02056	0.02230	0.01574	0.02067	0.01394	0.01751	0.01103	0.01654	0.14846	0.00408	0.01299	0.00571	0.00338	0.00940
84	0.00930	0.00718	0.00849	0.00861	0.01037	0.00637	0.00629	0.01165	0.01760	0.02312	0.30863	0.19771	0.32272	0.01790	0.00872	0.00249	0.00369	0.01555	0.00724	0.00637
85	0.00914	0.00655	0.00869	0.00993	0.01061	0.00609	0.00677	0.01084	0.01525	0.02067	0.17100	0.60283	0.05217	0.02119	0.00914	0.00282	0.00406	0.01916	0.00700	0.00609
86	0.67337	0.01388	0.01243	0.12195	0.01970	0.01628	0.00980	0.02093	0.01271	0.03041	0.01056	0.01299	0.00816	0.00683	0.00493	0.00228	0.00626	0.00433	0.00430	0.00790
87	0.01875	0.02122	0.02913	0.02305	0.02643	0.16952	0.24537	0.02199	0.01527	0.01958	0.01171	0.01660	0.01002	0.00929	0.01480	0.00264	0.32566	0.00678	0.00348	0.00870
88	0.01012	0.00695	0.00850	0.00892	0.00918	0.00700	0.00554	0.01074	0.01154	0.01554	0.02681	0.21906	0.03089	0.48208	0.11003	0.00657	0.00780	0.01278	0.00493	0.00503
89	0.00955	0.00740	0.00870	0.00837	0.01041	0.00655	0.00628	0.01230	0.01884	0.02503	0.42636	0.06107	0.34015	0.01640	0.00858	0.00236	0.00354	0.01410	0.00746	0.00655
90	0.01449	0.01396	0.02196	0.47933	0.03922	0.01829	0.01869	0.01819	0.01334	0.01819	0.01174	0.01816	0.00964	0.00918	0.01307	0.00269	0.26218	0.00643	0.00321	0.00803
91	0.00886	0.00633	0.00843	0.01012	0.01054	0.00590	0.00675	0.01012	0.01392	0.01856	0.04006	0.73979	0.04808	0.02277	0.00928	0.00295	0.00422	0.02066	0.00675	0.00590
92	0.00962	0.00706	0.01006	0.01090	0.01176	0.00749	0.00792	0.01155	0.01280	0.01772	0.02977	0.38442	0.03313	0.03863	0.36226	0.00731	0.01184	0.01423	0.00532	0.00620
93	0.01745	0.00953	0.01085	0.00949	0.01230	0.00946	0.00743	0.10696	0.01971	0.12635	0.16760	0.03131	0.02841	0.00995	0.00644	0.00197	0.00441	0.00819	0.40385	0.00834
94	0.01469	0.01454	0.02651	0.54377	0.08965	0.01667	0.15072	0.01976	0.01519	0.01985	0.01333	0.01934	0.01008	0.00699	0.00752	0.00241	0.01013	0.00688	0.00334	0.00864
95	0.00939	0.00774	0.00832	0.00842	0.01061	0.00694	0.00621	0.01249	0.05982	0.02098	0.11886	0.16909	0.49897	0.01823	0.00862	0.00252	0.00388	0.01551	0.00690	0.00651
96	0.01007	0.00739	0.00944	0.00900	0.01075	0.00675	0.00672	0.01327	0.01995	0.02784	0.61086	0.07963	0.13024	0.01549	0.00860	0.00233	0.00348	0.01362	0.00783	0.00675
97	0.01785	0.01713	0.02925	0.06700	0.67791	0.01723	0.02224	0.02219	0.01649	0.02358	0.01365	0.01804	0.01145	0.00650	0.00720	0.00217	0.00867	0.00648	0.00359	0.01140
98	0.00918	0.00653	0.00866	0.01001	0.01046	0.00631	0.00669	0.01042	0.01335	0.01791	0.03633	0.59982	0.04303	0.10656	0.07425	0.00418	0.00587	0.01840	0.00623	0.00579
99	0.40026	0.01730	0.01642	0.01325	0.01843	0.01952	0.01093	0.35794	0.02360	0.03941	0.01390	0.01471	0.01018	0.00777	0.00593	0.00221	0.00685	0.00528	0.00593	0.01018
100	0.01205	0.00632	0.00931	0.00957	0.00964	0.00625	0.00638	0.00957	0.01016	0.01354	0.01686	0.13272	0.01809	0.02487	0.02546	0.66742	0.00599	0.00853	0.00371	0.00358
101	0.00900	0.00639	0.00839	0.00994	0.01033	0.00600	0.00655	0.01016	0.01364	0.01819	0.03864	0.68252	0.04629	0.08249	0.01157	0.00329	0.00445	0.01983	0.00655	0.00578
102	0.01586	0.22574	0.52998	0.01853	0.02807	0.02002	0.02304	0.02269	0.01519	0.02145	0.01227	0.01437	0.00924	0.00672	0.00631	0.00210	0.00996	0.00498	0.00308	0.01037
103	0.02183	0.09002	0.26233	0.01818	0.02516	0.19345	0.01822	0.20283	0.05237	0.02778	0.01431	0.01560	0.01071	0.00763	0.00675	0.00211	0.01011	0.00553	0.00458	0.01053
104	0.01143	0.00897	0.01060	0.01055	0.01259	0.00902	0.00790	0.01777	0.16084	0.02496	0.25924	0.21339	0.15349	0.01653	0.00858	0.00257	0.00435	0.05243	0.00730	0.00750
105	0.02572	0.08639	0.02172	0.01686	0.02140	0.35527	0.01338	0.24280	0.02404	0.05081	0.01438	0.01589	0.01126	0.01104	0.05484	0.00263	0.01116	0.00554	0.00506	0.00982

[dist]
# distance from previous block
# <min> <max>
1	27

[block]
# block no. 2 follows, 28 sequences, length 36
# corresponding to MSA columns:
# 156-191
name=unknown_C
#
# <colnr> <probs for GDERKNQSTAVLIFYWHMCP>
#	G	D	E	R	K	N	Q	S	T	A	V	L	I	F	Y	W	H	M	C	P
0	0.02323	0.01509	0.01705	0.01442	0.01913	0.01631	0.01147	0.09562	0.43090	0.23015	0.02821	0.02554	0.02006	0.00950	0.00736	0.00238	0.00608	0.00780	0.00786	0.01184
1	0.02098	0.22553	0.19921	0.01714	0.06307	0.01938	0.01625	0.05663	0.12171	0.16394	0.01826	0.01834	0.01335	0.00766	0.00647	0.00209	0.00795	0.00592	0.00519	0.01092
2	0.00885	0.00637	0.00839	0.01001	0.01051	0.00591	0.00670	0.01013	0.01403	0.01860	0.04143	0.71251	0.07448	0.02260	0.00925	0.00293	0.00420	0.02045	0.00675	0.00591
3	0.01612	0.01391	0.01457	0.01326	0.01703	0.01562	0.01027	0.03282	0.54811	0.02819	0.03866	0.03595	0.16108	0.01162	0.00764	0.00246	0.00533	0.00969	0.00726	0.01040
4	0.01632	0.02269	0.17798	0.02764	0.03538	0.01752	0.50313	0.02278	0.01676	0.02315	0.01568	0.02218	0.01236	0.00706	0.00831	0.00247	0.01164	0.04341	0.00372	0.00983
5	0.01558	0.18417	0.56907	0.01901	0.02882	0.01933	0.02389	0.02276	0.01523	0.02180	0.01244	0.01459	0.00923	0.00676	0.00644	0.00215	0.01013	0.00507	0.00308	0.01045
6	0.01171	0.00837	0.01171	0.01339	0.01506	0.00837	0.01171	0.01506	0.01673	0.02175	0.03849	0.08199	0.04183	0.02008	0.01004	0.00335	0.00669	0.65027	0.00669	0.00669
7	0.01690	0.01884	0.03864	0.02826	0.03409	0.01918	0.53744	0.02209	0.01592	0.02209	0.01364	0.01884	0.01072	0.00749	0.01173	0.00260	0.16040	0.00812	0.00357	0.00942
8	0.01575	0.01398	0.01532	0.01161	0.01746	0.04265	0.00920	0.02080	0.08922	0.02386	0.01497	0.01691	0.01229	0.00816	0.03727	0.00174	0.00640	0.00491	0.00460	0.63290
9	0.01928	0.01928	0.03595	0.02886	0.11192	0.01930	0.42767	0.15337	0.02016	0.02753	0.01485	0.01878	0.01127	0.00705	0.00900	0.00240	0.05074	0.00780	0.00436	0.01042
10	0.01375	0.00976	0.01146	0.01156	0.01400	0.01004	0.00957	0.07668	0.09183	0.02565	0.03794	0.05698	0.13222	0.01528	0.00826	0.00267	0.00557	0.29192	0.16718	0.00767
11	0.79588	0.01406	0.01068	0.00956	0.01406	0.01631	0.00787	0.02137	0.01237	0.03261	0.01012	0.01181	0.00787	0.00675	0.00450	0.00225	0.00562	0.00394	0.00450	0.00787
12	0.01418	0.01212	0.01868	0.12310	0.24738	0.01258	0.01444	0.05647	0.01764	0.02449	0.18904	0.14031	0.03169	0.01414	0.04889	0.00290	0.00738	0.01044	0.00538	0.00875
13	0.01636	0.01720	0.01864	0.01611	0.01840	0.19593	0.10366	0.01847	0.01454	0.01749	0.01709	0.05365	0.01698	0.19535	0.15835	0.00536	0.09725	0.00808	0.00397	0.00711
14	0.01392	0.01025	0.01186	0.01118	0.01354	0.01036	0.00877	0.14898	0.01952	0.02560	0.11687	0.05591	0.17675	0.16186	0.01438	0.00353	0.00600	0.17690	0.00652	0.00730
15	0.03203	0.01331	0.01745	0.01338	0.01903	0.01208	0.01105	0.11094	0.02238	0.62649	0.02735	0.02388	0.01733	0.00896	0.00731	0.00224	0.00640	0.00722	0.00879	0.01237
16	0.01689	0.01614	0.02751	0.22153	0.53092	0.01698	0.02176	0.02134	0.01603	0.02241	0.01348	0.01835	0.01104	0.00668	0.00721	0.00223	0.00891	0.00647	0.00350	0.01062
17	0.01365	0.01154	0.01250	0.01234	0.01389	0.08020	0.00916	0.08386	0.01587	0.02061	0.02658	0.27480	0.02884	0.10418	0.19157	0.00544	0.03506	0.04755	0.00540	0.00695
18	0.01373	0.01292	0.02180	0.72707	0.05006	0.01615	0.02019	0.01857	0.01453	0.01857	0.01292	0.01938	0.00969	0.00727	0.00727	0.00242	0.00969	0.00646	0.00323	0.00807
19	0.01373	0.01292	0.02180	0.72707	0.05006	0.01615	0.02019	0.01857	0.01453	0.01857	0.01292	0.01938	0.00969	0.00727	0.00727	0.00242	0.00969	0.00646	0.00323	0.00807
20	0.15431	0.01171	0.01277	0.01108	0.01488	0.01218	0.00879	0.02740	0.17848	0.20669	0.10339	0.02706	0.02336	0.00940	0.00654	0.00219	0.00508	0.00753	0.16759	0.00958
21	0.03261	0.01237	0.01687	0.01293	0.01856	0.01068	0.01068	0.03543	0.02081	0.70423	0.02868	0.02474	0.01799	0.00900	0.00731	0.00225	0.00619	0.00731	0.00900	0.01237
22	0.00933	0.00693	0.00809	0.00879	0.00981	0.00637	0.00594	0.01053	0.01402	0.01787	0.04638	0.31846	0.25115	0.20836	0.01627	0.00387	0.00488	0.04119	0.00614	0.00562
23	0.02401	0.02109	0.01852	0.01575	0.01990	0.21194	0.01229	0.32613	0.02559	0.06895	0.02087	0.16132	0.01899	0.01121	0.00748	0.00225	0.00857	0.00889	0.00628	0.00997
24	0.01057	0.00705	0.00793	0.00793	0.00793	0.00705	0.00440	0.01057	0.01057	0.01409	0.02290	0.04757	0.02643	0.74454	0.03700	0.00705	0.00705	0.01057	0.00440	0.00440
25	0.01515	0.01438	0.02438	0.49883	0.26716	0.01652	0.02090	0.01982	0.01521	0.02030	0.01317	0.01892	0.01030	0.00700	0.00724	0.00233	0.00934	0.00647	0.00335	0.00923
26	0.01781	0.51102	0.26176	0.01521	0.02294	0.02479	0.01726	0.02219	0.01496	0.01908	0.01109	0.01289	0.00929	0.00645	0.00541	0.00180	0.00877	0.00438	0.00310	0.00980
27	0.01623	0.01346	0.01487	0.01345	0.01694	0.01522	0.01051	0.08730	0.40937	0.02773	0.03161	0.03160	0.10006	0.01997	0.15348	0.00434	0.00854	0.00882	0.00659	0.00992
28	0.01971	0.01094	0.01368	0.01141	0.01498	0.01044	0.00905	0.12319	0.02261	0.23642	0.36339	0.04018	0.06856	0.01226	0.00799	0.00227	0.00499	0.01043	0.00814	0.00936
29	0.00886	0.00633	0.00843	0.01012	0.01054	0.00590	0.00675	0.01012	0.01392	0.01856	0.04006	0.73979	0.04808	0.02277	0.00928	0.00295	0.00422	0.02066	0.00675	0.00590
30	0.01647	0.01454	0.02126	0.02074	0.15993	0.01323	0.09251	0.09291	0.01763	0.02543	0.01764	0.11879	0.01640	0.00853	0.00691	0.00186	0.00702	0.00784	0.00476	0.33561
31	0.01867	0.42757	0.02966	0.01629	0.09895	0.02274	0.01281	0.09830	0.04787	0.02332	0.09077	0.02114	0.04826	0.00822	0.00601	0.00186	0.00715	0.00624	0.00456	0.00963
32	0.00859	0.00736	0.00736	0.00736	0.00982	0.00614	0.00552	0.01043	0.01657	0.01964	0.07364	0.06996	0.69624	0.01841	0.00859	0.00245	0.00368	0.01534	0.00675	0.00614
33	0.01037	0.00696	0.00799	0.00819	0.00824	0.00691	0.00468	0.01052	0.01097	0.01462	0.02493	0.12930	0.02898	0.65932	0.03372	0.00656	0.00671	0.01176	0.00468	0.00458
34	0.01970	0.01747	0.02904	0.03353	0.37717	0.01760	0.14972	0.08295	0.09992	0.07361	0.01719	0.01985	0.01324	0.00719	0.00751	0.00226	0.00878	0.00717	0.00477	0.01130
35	0.01002	0.00742	0.00935	0.00887	0.01070	0.00675	0.00665	0.01321	0.01995	0.02767	0.59851	0.05674	0.16637	0.01541	0.00858	0.00231	0.00347	0.01349	0.00781	0.00675

[dist]
# distance from previous block
# <min> <max>
0	12

[block]
# block no. 3 follows, 28 sequences, length 18
# corresponding to MSA columns:
# 204-221
name=unknown_D
#
# <colnr> <probs for GDERKNQSTAVLIFYWHMCP>
#	G	D	E	R	K	N	Q	S	T	A	V	L	I	F	Y	W	H	M	C	P
0	0.19855	0.01372	0.01536	0.01274	0.01766	0.01416	0.01030	0.03325	0.21882	0.35190	0.02481	0.02257	0.01700	0.00875	0.00671	0.00231	0.00593	0.00683	0.00751	0.01111
1	0.01042	0.00768	0.00897	0.00878	0.01102	0.00678	0.00678	0.01300	0.01815	0.04994	0.28500	0.06389	0.38848	0.01697	0.00867	0.00247	0.00398	0.07507	0.00727	0.00669
2	0.01686	0.02211	0.16047	0.03221	0.21979	0.01796	0.34563	0.02272	0.01640	0.02312	0.01390	0.01822	0.01077	0.00664	0.00853	0.00237	0.04107	0.00731	0.00352	0.01037
3	0.01808	0.01561	0.01644	0.01479	0.01890	0.01808	0.01151	0.03863	0.68606	0.03041	0.02959	0.02712	0.02219	0.00986	0.00740	0.00247	0.00575	0.00822	0.00740	0.01151
4	0.00886	0.00633	0.00843	0.01012	0.01054	0.00590	0.00675	0.01012	0.01392	0.01856	0.04006	0.73979	0.04808	0.02277	0.00928	0.00295	0.00422	0.02066	0.00675	0.00590
5	0.01497	0.02866	0.42276	0.16572	0.03665	0.01706	0.16714	0.02218	0.01558	0.02218	0.01338	0.01710	0.00970	0.00681	0.00735	0.00236	0.01086	0.00629	0.00323	0.01000
6	0.01676	0.02270	0.16380	0.03013	0.09898	0.01800	0.49277	0.02314	0.01677	0.02328	0.01430	0.01867	0.01074	0.00630	0.00814	0.00240	0.01164	0.00779	0.00356	0.01014
7	0.01038	0.00708	0.00787	0.00787	0.00811	0.00696	0.00451	0.01056	0.01116	0.01464	0.02789	0.04977	0.09226	0.67317	0.03421	0.00660	0.00672	0.01104	0.00464	0.00457
8	0.01725	0.07341	0.02084	0.01668	0.01818	0.15029	0.01363	0.01929	0.01493	0.01966	0.13608	0.02212	0.02036	0.01164	0.01634	0.00265	0.40744	0.00711	0.00417	0.00794
9	0.09360	0.01776	0.01966	0.02313	0.22377	0.14164	0.01412	0.09762	0.01884	0.09571	0.02023	0.16311	0.01895	0.01050	0.00727	0.00229	0.00794	0.00887	0.00533	0.00966
10	0.79588	0.01406	0.01068	0.00956	0.01406	0.01631	0.00787	0.02137	0.01237	0.03261	0.01012	0.01181	0.00787	0.00675	0.00450	0.00225	0.00562	0.00394	0.00450	0.00787
11	0.02416	0.01676	0.02070	0.01648	0.02176	0.01788	0.07424	0.23482	0.27409	0.18229	0.02421	0.02288	0.01716	0.00897	0.00745	0.00233	0.00716	0.00753	0.00736	0.01180
12	0.01263	0.00818	0.00963	0.00914	0.01180	0.00715	0.00717	0.01509	0.01800	0.11773	0.19023	0.06169	0.40486	0.01654	0.00856	0.00248	0.00430	0.08028	0.00731	0.00722
13	0.01601	0.01379	0.02092	0.35300	0.03432	0.01549	0.07717	0.15049	0.01998	0.02658	0.14630	0.02765	0.04853	0.00934	0.00769	0.00235	0.00816	0.00830	0.00514	0.00880
14	0.01002	0.00750	0.00934	0.00912	0.01101	0.00683	0.00700	0.01306	0.01926	0.02619	0.48548	0.06063	0.21558	0.01620	0.00872	0.00243	0.00380	0.07359	0.00758	0.00667
15	0.14818	0.02032	0.14370	0.01567	0.04893	0.05955	0.01390	0.10163	0.09159	0.09590	0.01634	0.01715	0.01211	0.00731	0.00630	0.00199	0.00746	0.00555	0.00520	0.18123
16	0.01993	0.34915	0.02603	0.01415	0.01841	0.24675	0.01187	0.02270	0.04535	0.01816	0.01682	0.14676	0.01702	0.00983	0.00624	0.00195	0.00876	0.00742	0.00417	0.00850
17	0.01865	0.04534	0.05018	0.14926	0.02884	0.08198	0.15855	0.10424	0.06575	0.07180	0.01916	0.09685	0.01630	0.01170	0.04601	0.00286	0.00975	0.00841	0.00498	0.00940

[dist]
# distance from previous block
# <min> <max>
0	1

[block]
# block no. 4 follows, 28 sequences, length 26
# corresponding to MSA columns:
# 223-248
name=unknown_E
#
# <colnr> <probs for GDERKNQSTAVLIFYWHMCP>
#	G	D	E	R	K	N	Q	S	T	A	V	L	I	F	Y	W	H	M	C	P
0	0.01532	0.11777	0.56745	0.02017	0.02975	0.01856	0.05577	0.02264	0.01518	0.02211	0.01263	0.01515	0.00932	0.00705	0.00748	0.00226	0.04247	0.00540	0.00311	0.01041
1	0.01458	0.03760	0.70688	0.02072	0.03146	0.01688	0.02686	0.02302	0.01535	0.02302	0.01304	0.01535	0.00921	0.00691	0.00691	0.00230	0.01074	0.00537	0.00307	0.01074
2	0.01981	0.01793	0.01643	0.01479	0.01824	0.17383	0.01144	0.09887	0.22954	0.06765	0.02255	0.07188	0.01883	0.01968	0.16039	0.00431	0.01056	0.00793	0.00585	0.00949
3	0.01526	0.01550	0.02934	0.43454	0.11226	0.01698	0.22944	0.02046	0.01558	0.02061	0.01357	0.01931	0.01030	0.00682	0.00768	0.00240	0.01040	0.00714	0.00341	0.00898
4	0.00923	0.00659	0.00886	0.01055	0.01113	0.00622	0.00739	0.01076	0.01428	0.01897	0.03986	0.65444	0.04727	0.02242	0.00938	0.00300	0.00454	0.10236	0.00674	0.00601
5	0.00886	0.00633	0.00843	0.01012	0.01054	0.00590	0.00675	0.01012	0.01392	0.01856	0.04006	0.73979	0.04808	0.02277	0.00928	0.00295	0.00422	0.02066	0.00675	0.00590
6	0.01453	0.01374	0.02396	0.10790	0.25950	0.01393	0.13042	0.01859	0.01578	0.02143	0.02426	0.03304	0.09446	0.01600	0.10519	0.00371	0.01009	0.08017	0.00432	0.00897
7	0.01735	0.01908	0.03985	0.03382	0.18829	0.01813	0.52493	0.02306	0.01702	0.02339	0.01447	0.01924	0.01114	0.00621	0.00826	0.00238	0.01143	0.00810	0.00366	0.01019
8	0.00973	0.00741	0.00894	0.00856	0.01052	0.00662	0.00642	0.01264	0.01926	0.02603	0.49139	0.05944	0.27451	0.01602	0.00858	0.00234	0.00351	0.01387	0.00759	0.00662
9	0.00892	0.00638	0.00850	0.01008	0.01056	0.00595	0.00675	0.01029	0.01423	0.01906	0.07106	0.70737	0.04905	0.02240	0.00924	0.00292	0.00418	0.02031	0.00681	0.00595
10	0.01657	0.02370	0.19382	0.02838	0.03651	0.01804	0.52596	0.02322	0.01675	0.02322	0.01433	0.01864	0.01062	0.00630	0.00820	0.00242	0.01191	0.00785	0.00354	0.01002
11	0.00886	0.00633	0.00843	0.01012	0.01054	0.00590	0.00675	0.01012	0.01392	0.01856	0.04006	0.73979	0.04808	0.02277	0.00928	0.00295	0.00422	0.02066	0.00675	0.00590
12	0.01461	0.00991	0.01047	0.00971	0.01264	0.01009	0.00748	0.02236	0.20811	0.07517	0.04219	0.04104	0.24259	0.01218	0.00706	0.00221	0.00437	0.01005	0.24945	0.00833
13	0.01160	0.00972	0.01388	0.01330	0.01410	0.01200	0.01041	0.01371	0.01235	0.01790	0.05063	0.15963	0.02366	0.03536	0.36248	0.00730	0.21070	0.01005	0.00442	0.00680
14	0.02556	0.03071	0.01901	0.01722	0.02081	0.60095	0.01297	0.05589	0.02056	0.02012	0.01299	0.01496	0.01059	0.00766	0.00641	0.00186	0.01173	0.00501	0.09656	0.00840
15	0.01675	0.00986	0.01019	0.00904	0.01167	0.01036	0.00707	0.16651	0.01955	0.03135	0.02229	0.02491	0.01721	0.00853	0.00558	0.00180	0.00444	0.00672	0.60813	0.00805
16	0.00886	0.00633	0.00843	0.01012	0.01054	0.00590	0.00675	0.01012	0.01392	0.01856	0.04006	0.73979	0.04808	0.02277	0.00928	0.00295	0.00422	0.02066	0.00675	0.00590
17	0.02790	0.01993	0.02155	0.01652	0.02233	0.02191	0.01365	0.64063	0.03346	0.08115	0.01805	0.01784	0.01266	0.00874	0.00727	0.00219	0.00790	0.00659	0.00736	0.01236
18	0.01053	0.00721	0.00874	0.00874	0.00902	0.00749	0.00542	0.01109	0.01081	0.01470	0.02216	0.04346	0.02464	0.59542	0.18368	0.00805	0.00973	0.00997	0.00429	0.00486
19	0.01943	0.74891	0.03809	0.01244	0.01866	0.02876	0.01244	0.02177	0.01477	0.01710	0.01011	0.01166	0.00933	0.00622	0.00466	0.00155	0.00777	0.00389	0.00311	0.00933
20	0.01057	0.00705	0.00793	0.00793	0.00793	0.00705	0.00440	0.01057	0.01057	0.01409	0.02290	0.04757	0.02643	0.74454	0.03700	0.00705	0.00705	0.01057	0.00440	0.00440
21	0.01112	0.00794	0.01103	0.01271	0.01412	0.00786	0.01068	0.01404	0.01615	0.02109	0.03881	0.21839	0.04313	0.02064	0.00988	0.00326	0.00618	0.51972	0.00670	0.00653
22	0.55816	0.01353	0.01261	0.01061	0.01546	0.01456	0.00875	0.02575	0.01500	0.24179	0.01590	0.01584	0.01102	0.00745	0.00537	0.00225	0.00580	0.00499	0.00590	0.00927
23	0.01808	0.01561	0.01644	0.01479	0.01890	0.01808	0.01151	0.03863	0.68606	0.03041	0.02959	0.02712	0.02219	0.00986	0.00740	0.00247	0.00575	0.00822	0.00740	0.01151
24	0.01098	0.00796	0.01069	0.01144	0.01319	0.00767	0.00954	0.01425	0.01808	0.02422	0.27406	0.07129	0.09892	0.01811	0.00941	0.00291	0.00532	0.37808	0.00716	0.00671
25	0.01496	0.01162	0.01355	0.01023	0.01568	0.00899	0.00812	0.01791	0.01600	0.07300	0.05428	0.02759	0.14045	0.00846	0.00625	0.00147	0.00504	0.00694	0.00526	0.55420

[dist]
# distance from previous block
# <min> <max>
0	1

[block]
# block no. 5 follows, 28 sequences, length 38
# corresponding to MSA columns:
# 250-287
name=unknown_F
#
# <colnr> <probs for GDERKNQSTAVLIFYWHMCP>
#	G	D	E	R	K	N	Q	S	T	A	V	L	I	F	Y	W	H	M	C	P
0	0.01943	0.74891	0.03809	0.01244	0.01866	0.02876	0.01244	0.02177	0.01477	0.01710	0.01011	0.01166	0.00933	0.00622	0.00466	0.00155	0.00777	0.00389	0.00311	0.00933
1	0.01724	0.42744	0.34034	0.01618	0.02444	0.02339	0.01895	0.02233	0.01503	0.01978	0.01143	0.01333	0.00927	0.00653	0.00568	0.00189	0.00912	0.00456	0.00309	0.00997
2	0.02215	0.01624	0.01769	0.01497	0.01966	0.01808	0.01191	0.17961	0.45216	0.12401	0.02677	0.02465	0.01944	0.00949	0.00736	0.00237	0.00631	0.00772	0.00758	0.01181
3	0.02447	0.01859	0.01991	0.01597	0.02113	0.02073	0.01294	0.48861	0.19565	0.04083	0.02142	0.05017	0.01631	0.00960	0.00739	0.00228	0.00728	0.00755	0.00728	0.01188
4	0.01702	0.39541	0.37046	0.01655	0.02502	0.02286	0.01960	0.02239	0.01506	0.02004	0.01157	0.01349	0.00927	0.00656	0.00578	0.00193	0.00925	0.00462	0.00309	0.01003
5	0.01458	0.03760	0.70688	0.02072	0.03146	0.01688	0.02686	0.02302	0.01535	0.02302	0.01304	0.01535	0.00921	0.00691	0.00691	0.00230	0.01074	0.00537	0.00307	0.01074
6	0.01938	0.02295	0.03794	0.02799	0.03454	0.17327	0.52640	0.02456	0.01792	0.02206	0.01393	0.01816	0.01066	0.00643	0.00813	0.00232	0.01244	0.00771	0.00369	0.00950
7	0.02271	0.01871	0.01666	0.01432	0.01838	0.19530	0.01118	0.11445	0.14782	0.16085	0.12783	0.02886	0.07063	0.01028	0.00741	0.00220	0.00754	0.00815	0.00680	0.00991
8	0.02042	0.01632	0.01742	0.01506	0.01954	0.01855	0.01188	0.15216	0.54061	0.06254	0.02738	0.02529	0.02025	0.00962	0.00737	0.00241	0.00617	0.00788	0.00744	0.01170
9	0.00990	0.00718	0.00933	0.00928	0.01074	0.00661	0.00678	0.01277	0.01892	0.02638	0.52233	0.20733	0.09169	0.01678	0.00873	0.00244	0.00362	0.01491	0.00767	0.00661
10	0.01171	0.00837	0.01171	0.01339	0.01506	0.00837	0.01171	0.01506	0.01673	0.02175	0.03849	0.08199	0.04183	0.02008	0.01004	0.00335	0.00669	0.65027	0.00669	0.00669
11	0.00884	0.00720	0.00783	0.00804	0.01006	0.00619	0.00589	0.01078	0.01662	0.02062	0.14391	0.17836	0.51297	0.01870	0.00870	0.00252	0.00374	0.01595	0.00690	0.00619
12	0.01507	0.01292	0.01507	0.01077	0.01723	0.00969	0.00861	0.01830	0.01507	0.02369	0.01292	0.01507	0.01077	0.00538	0.00538	0.00108	0.00538	0.00431	0.00431	0.78898
13	0.01694	0.01896	0.03929	0.02862	0.03469	0.01906	0.55803	0.02227	0.01610	0.02227	0.01380	0.01896	0.01077	0.00728	0.01125	0.00258	0.13787	0.00819	0.00359	0.00948
14	0.22017	0.01834	0.01876	0.01472	0.02020	0.02033	0.01216	0.47622	0.02798	0.07872	0.01623	0.01644	0.01155	0.00825	0.00658	0.00220	0.00730	0.00593	0.00667	0.01124
15	0.01263	0.00631	0.00947	0.00947	0.00947	0.00631	0.00631	0.00947	0.00947	0.01263	0.01263	0.02210	0.01263	0.02525	0.02841	0.78851	0.00631	0.00631	0.00316	0.00316
16	0.02146	0.40673	0.02886	0.01370	0.01932	0.02390	0.01230	0.13042	0.17258	0.07884	0.01721	0.01716	0.01345	0.00767	0.00591	0.00192	0.00722	0.00557	0.00522	0.01055
17	0.01102	0.01068	0.06860	0.01095	0.01384	0.00842	0.00970	0.03687	0.01792	0.02332	0.17743	0.06401	0.29850	0.01690	0.00883	0.00266	0.00527	0.20135	0.00669	0.00705
18	0.00938	0.00655	0.00828	0.00945	0.00974	0.00625	0.00603	0.01026	0.01289	0.01719	0.03480	0.52759	0.04144	0.24404	0.01778	0.00421	0.00508	0.01757	0.00603	0.00544
19	0.01728	0.01833	0.02257	0.47832	0.13081	0.17169	0.01911	0.02140	0.01615	0.01909	0.01265	0.01780	0.00986	0.00721	0.00710	0.00227	0.01031	0.00607	0.00339	0.00861
20	0.01793	0.14761	0.35303	0.01752	0.02541	0.01988	0.01937	0.11596	0.16295	0.02678	0.01675	0.01758	0.01247	0.00768	0.00669	0.00220	0.00880	0.00590	0.00459	0.01090
21	0.01727	0.31627	0.29009	0.02273	0.17476	0.02170	0.02011	0.02236	0.01538	0.02083	0.01201	0.01447	0.00977	0.00654	0.00608	0.00197	0.00909	0.00503	0.00320	0.01035
22	0.01976	0.02164	0.11010	0.08936	0.13812	0.17096	0.01648	0.08881	0.04730	0.06705	0.01603	0.01932	0.01269	0.01576	0.13084	0.00382	0.01155	0.00630	0.00446	0.00966
23	0.00942	0.00730	0.00797	0.00786	0.00955	0.00651	0.00551	0.01112	0.01587	0.02014	0.18404	0.06128	0.40525	0.19852	0.01566	0.00356	0.00447	0.01372	0.00641	0.00585
24	0.01507	0.01292	0.01507	0.01077	0.01723	0.00969	0.00861	0.01830	0.01507	0.02369	0.01292	0.01507	0.01077	0.00538	0.00538	0.00108	0.00538	0.00431	0.00431	0.78898
25	0.01510	0.01413	0.02303	0.18081	0.40377	0.01460	0.01834	0.01904	0.01614	0.02182	0.02535	0.03088	0.13243	0.00948	0.00761	0.00233	0.00789	0.04342	0.00424	0.00958
26	0.01101	0.00874	0.01019	0.01075	0.01263	0.00873	0.00805	0.01655	0.14849	0.02165	0.04696	0.32314	0.21964	0.01864	0.00882	0.00277	0.00472	0.10445	0.00687	0.00719
27	0.00968	0.00667	0.00819	0.00907	0.00928	0.00645	0.00562	0.01034	0.01231	0.01641	0.03181	0.40665	0.03766	0.37014	0.02262	0.00492	0.00558	0.01581	0.00562	0.00518
28	0.01057	0.00705	0.00793	0.00793	0.00793	0.00705	0.00440	0.01057	0.01057	0.01409	0.02290	0.04757	0.02643	0.74454	0.03700	0.00705	0.00705	0.01057	0.00440	0.00440
29	0.01826	0.36206	0.25364	0.01786	0.02565	0.02304	0.10357	0.07745	0.01691	0.02225	0.01228	0.01438	0.00977	0.00664	0.00612	0.00197	0.00934	0.00520	0.00352	0.01010
30	0.00955	0.00696	0.00915	0.01065	0.01161	0.00655	0.00788	0.01141	0.01492	0.01949	0.04330	0.50020	0.11664	0.02162	0.00940	0.00300	0.00479	0.18002	0.00673	0.00613
31	0.01038	0.00779	0.01168	0.01168	0.01298	0.00909	0.00909	0.01298	0.01168	0.01687	0.01947	0.02856	0.01817	0.05452	0.71573	0.01168	0.01947	0.00779	0.00389	0.00649
32	0.02242	0.02410	0.25738	0.02078	0.09173	0.07414	0.06149	0.02737	0.01763	0.25596	0.01820	0.01896	0.01260	0.00796	0.00826	0.00230	0.05617	0.00636	0.00526	0.01094
33	0.01590	0.01223	0.01917	0.04772	0.24855	0.01165	0.05549	0.01900	0.01668	0.11643	0.03558	0.15133	0.19459	0.01259	0.00801	0.00241	0.00656	0.01135	0.00567	0.00910
34	0.01830	0.01248	0.01108	0.00997	0.01269	0.10325	0.00769	0.09878	0.01860	0.07258	0.02163	0.02392	0.01660	0.00840	0.00569	0.00181	0.00542	0.00650	0.53657	0.00803
35	0.01348	0.00822	0.01028	0.01035	0.01168	0.00843	0.00783	0.05944	0.03827	0.02137	0.02431	0.08480	0.02403	0.06565	0.01609	0.24899	0.00573	0.15082	0.18426	0.00596
