[name]
unknown

[dist]
# distance from previous block
# <min> <max>
0	26

[block]
# block no. 0 follows, 26 sequences, length 28
# corresponding to MSA columns:
# 26-53
name=unknown_A
#
# <colnr> <probs for GDERKNQSTAVLIFYWHMCP>
#	G	D	E	R	K	N	Q	S	T	A	V	L	I	F	Y	W	H	M	C	P
0	0.12779	0.01697	0.01719	0.01522	0.01948	0.05879	0.01251	0.24004	0.15638	0.03433	0.02504	0.03670	0.02215	0.01207	0.00792	0.00264	0.00749	0.17019	0.00683	0.01028
1	0.01915	0.62625	0.06354	0.01345	0.01959	0.02708	0.01351	0.02197	0.01567	0.01865	0.01404	0.02068	0.01359	0.00816	0.00560	0.00187	0.00811	0.07593	0.00367	0.00948
2	0.22355	0.09621	0.01945	0.11689	0.07879	0.01659	0.01274	0.07688	0.01749	0.13535	0.01960	0.11980	0.01714	0.01000	0.00681	0.00238	0.00710	0.00803	0.00560	0.00961
3	0.01742	0.01635	0.02356	0.24895	0.24481	0.05132	0.01871	0.05473	0.09152	0.02367	0.01643	0.02110	0.01325	0.01308	0.08068	0.00344	0.03963	0.00701	0.00430	0.01005
4	0.01106	0.00862	0.01256	0.09137	0.01712	0.00980	0.00996	0.01370	0.01295	0.01784	0.02575	0.03504	0.08788	0.11003	0.49031	0.00964	0.01624	0.00906	0.00434	0.00672
5	0.09913	0.00822	0.00854	0.00841	0.00921	0.00835	0.00513	0.01230	0.01190	0.01751	0.02789	0.04782	0.09361	0.57641	0.03166	0.00628	0.00682	0.01076	0.00486	0.00520
6	0.02056	0.01815	0.03218	0.11855	0.11878	0.01835	0.29233	0.09876	0.08052	0.09652	0.01824	0.02124	0.01338	0.00758	0.00818	0.00246	0.01016	0.00796	0.00513	0.01097
7	0.28536	0.01688	0.01525	0.01311	0.01770	0.07969	0.01035	0.12828	0.11295	0.03154	0.01881	0.09769	0.01647	0.00962	0.00650	0.00224	0.00681	0.00731	0.00577	0.11765
8	0.02785	0.02187	0.01985	0.01652	0.02158	0.19611	0.01310	0.19758	0.16918	0.20367	0.02236	0.02124	0.01588	0.00911	0.00743	0.00228	0.00872	0.00692	0.00713	0.01164
9	0.01653	0.01554	0.02619	0.21648	0.44432	0.01637	0.02085	0.02082	0.01641	0.02276	0.01720	0.09992	0.01586	0.00891	0.00778	0.00242	0.00877	0.00844	0.00403	0.01041
10	0.01496	0.01414	0.02391	0.61894	0.14350	0.01702	0.02138	0.01994	0.01547	0.02016	0.01359	0.02001	0.01039	0.00746	0.00757	0.00249	0.00995	0.00674	0.00343	0.00894
11	0.51076	0.01707	0.01538	0.01270	0.01789	0.01939	0.01047	0.25495	0.02120	0.03905	0.01335	0.01447	0.00992	0.00779	0.00575	0.00232	0.00677	0.00510	0.00575	0.00992
12	0.01521	0.03923	0.69413	0.02162	0.03283	0.01762	0.02802	0.02402	0.01601	0.02402	0.01361	0.01601	0.00961	0.00721	0.00721	0.00240	0.01121	0.00560	0.00320	0.01121
13	0.00924	0.00710	0.00849	0.00957	0.01088	0.00635	0.00673	0.01087	0.01570	0.01992	0.05530	0.45191	0.29480	0.02190	0.00943	0.00289	0.00428	0.04132	0.00704	0.00628
14	0.01829	0.01831	0.03007	0.02351	0.02660	0.02197	0.22161	0.08708	0.01613	0.02326	0.01254	0.01800	0.01076	0.01064	0.01799	0.00297	0.41956	0.00740	0.00393	0.00939
15	0.01521	0.03923	0.69413	0.02162	0.03283	0.01762	0.02802	0.02402	0.01601	0.02402	0.01361	0.01601	0.00961	0.00721	0.00721	0.00240	0.01121	0.00560	0.00320	0.01121
16	0.00924	0.00660	0.00880	0.01056	0.01100	0.00616	0.00704	0.01056	0.01452	0.01936	0.04181	0.72848	0.05017	0.02376	0.00968	0.00308	0.00440	0.02156	0.00704	0.00616
17	0.01654	0.01558	0.02548	0.38019	0.30536	0.01751	0.02112	0.02289	0.07691	0.02271	0.01541	0.02039	0.01209	0.00750	0.00757	0.00242	0.00929	0.00692	0.00393	0.01021
18	0.01789	0.11712	0.48929	0.01961	0.02875	0.01889	0.02352	0.02472	0.01616	0.09227	0.01464	0.01663	0.01061	0.00787	0.00848	0.00238	0.07063	0.00572	0.00386	0.01096
19	0.01596	0.10202	0.56591	0.02190	0.03230	0.01893	0.09227	0.02393	0.01615	0.02348	0.01351	0.01612	0.00982	0.00706	0.00717	0.00235	0.01109	0.00581	0.00327	0.01097
20	0.00924	0.00660	0.00880	0.01056	0.01100	0.00616	0.00704	0.01056	0.01452	0.01936	0.04181	0.72848	0.05017	0.02376	0.00968	0.00308	0.00440	0.02156	0.00704	0.00616
21	0.01646	0.01679	0.02855	0.02264	0.02584	0.01941	0.24158	0.02181	0.08296	0.02192	0.01766	0.10019	0.01645	0.01173	0.01575	0.00295	0.31446	0.00935	0.00438	0.00912
22	0.02509	0.02310	0.09969	0.02167	0.11135	0.05143	0.01694	0.42418	0.08458	0.03942	0.01796	0.01870	0.01314	0.00863	0.00751	0.00230	0.00879	0.00674	0.00644	0.01234
23	0.02642	0.01816	0.02270	0.01734	0.02340	0.01875	0.08002	0.33604	0.10136	0.17410	0.02133	0.02093	0.01498	0.00869	0.00757	0.00225	0.00790	0.00720	0.00730	0.08357
24	0.02369	0.08437	0.05490	0.01912	0.02418	0.13940	0.07469	0.25956	0.08666	0.03123	0.01601	0.01777	0.01238	0.00904	0.00984	0.00238	0.11194	0.00654	0.00545	0.01086
25	0.01933	0.01909	0.03024	0.04497	0.64722	0.05823	0.02277	0.02369	0.01752	0.02442	0.01412	0.01847	0.01188	0.00682	0.00747	0.00224	0.00929	0.00665	0.00376	0.01183
26	0.01690	0.27154	0.47658	0.01875	0.02839	0.02174	0.02302	0.02359	0.01581	0.02197	0.01259	0.01474	0.00965	0.00697	0.00643	0.00214	0.01018	0.00509	0.00322	0.01072
27	0.01920	0.01765	0.02857	0.15190	0.50770	0.01846	0.02191	0.09520	0.01902	0.02652	0.01459	0.01894	0.01181	0.00716	0.00753	0.00230	0.00911	0.00676	0.00413	0.01153

[dist]
# distance from previous block
# <min> <max>
0	1

[block]
# block no. 1 follows, 26 sequences, length 143
# corresponding to MSA columns:
# 55-127,174-220,226-248
name=unknown_B
#
# <colnr> <probs for GDERKNQSTAVLIFYWHMCP>
#	G	D	E	R	K	N	Q	S	T	A	V	L	I	F	Y	W	H	M	C	P
0	0.01881	0.01858	0.02921	0.12802	0.56626	0.06030	0.02247	0.02323	0.01727	0.02372	0.01401	0.01864	0.01164	0.00693	0.00748	0.00227	0.00944	0.00664	0.00372	0.01137
1	0.01908	0.18623	0.38846	0.01800	0.02671	0.01967	0.02078	0.02723	0.09255	0.10653	0.01697	0.01781	0.01234	0.00768	0.00681	0.00224	0.00934	0.00586	0.00450	0.01119
2	0.03097	0.01223	0.01662	0.01297	0.01831	0.01062	0.01062	0.03398	0.02168	0.60437	0.11577	0.02988	0.02572	0.01019	0.00780	0.00235	0.00608	0.00843	0.00925	0.01215
3	0.00958	0.00758	0.00862	0.00863	0.01069	0.00662	0.00637	0.01197	0.01834	0.02361	0.27091	0.14350	0.40965	0.01852	0.00904	0.00256	0.00382	0.01590	0.00747	0.00662
4	0.01877	0.01802	0.03079	0.04656	0.68612	0.01802	0.02328	0.02328	0.01727	0.02478	0.01427	0.01877	0.01201	0.00676	0.00751	0.00225	0.00901	0.00676	0.00375	0.01201
5	0.01803	0.01727	0.02945	0.15799	0.58048	0.01783	0.02291	0.02263	0.01692	0.02388	0.01414	0.01901	0.01170	0.00690	0.00752	0.00230	0.00919	0.00676	0.00369	0.01142
6	0.01009	0.00773	0.00924	0.00886	0.01093	0.00688	0.00665	0.01306	0.01994	0.02677	0.45992	0.06266	0.29604	0.01687	0.00895	0.00245	0.00368	0.01456	0.00787	0.00688
7	0.00896	0.00768	0.00768	0.00768	0.01025	0.00640	0.00576	0.01089	0.01729	0.02049	0.07684	0.07300	0.68304	0.01921	0.00896	0.00256	0.00384	0.01601	0.00704	0.00640
8	0.13843	0.01329	0.01632	0.01282	0.01827	0.01247	0.01055	0.07228	0.02095	0.51551	0.02613	0.02361	0.01697	0.00900	0.00706	0.00230	0.00630	0.00705	0.05881	0.01186
9	0.03272	0.01676	0.01868	0.01470	0.02035	0.09860	0.01196	0.10833	0.02330	0.53324	0.02631	0.02343	0.01698	0.00916	0.00753	0.00229	0.00757	0.00719	0.00850	0.01240
10	0.01222	0.00873	0.01222	0.01397	0.01572	0.00873	0.01222	0.01572	0.01746	0.02270	0.04016	0.08556	0.04365	0.02095	0.01048	0.00349	0.00698	0.63506	0.00698	0.00698
11	0.01981	0.01608	0.01718	0.01532	0.01970	0.01839	0.01195	0.04010	0.63211	0.07259	0.03081	0.02815	0.02288	0.01023	0.00771	0.00256	0.00603	0.00852	0.00782	0.01206
12	0.01134	0.00853	0.01064	0.01039	0.01233	0.00826	0.00784	0.01632	0.08525	0.02809	0.46017	0.13451	0.10588	0.01654	0.00900	0.00257	0.00415	0.05276	0.00796	0.00746
13	0.78701	0.01467	0.01115	0.00997	0.01467	0.01702	0.00821	0.02230	0.01291	0.03403	0.01056	0.01232	0.00821	0.00704	0.00469	0.00235	0.00587	0.00411	0.00469	0.00821
14	0.01877	0.01802	0.03079	0.04656	0.68612	0.01802	0.02328	0.02328	0.01727	0.02478	0.01427	0.01877	0.01201	0.00676	0.00751	0.00225	0.00901	0.00676	0.00375	0.01201
15	0.02028	0.73799	0.03975	0.01298	0.01947	0.03001	0.01298	0.02271	0.01541	0.01785	0.01055	0.01217	0.00973	0.00649	0.00487	0.00162	0.00811	0.00406	0.00324	0.00973
16	0.01092	0.00787	0.01040	0.01009	0.01188	0.00735	0.00779	0.01449	0.02097	0.02946	0.60230	0.06025	0.06810	0.01618	0.00914	0.00252	0.00400	0.09097	0.00818	0.00714
17	0.02883	0.02125	0.02276	0.01745	0.02352	0.02352	0.01442	0.66082	0.03566	0.04780	0.01821	0.01821	0.01290	0.00911	0.00759	0.00228	0.00835	0.00683	0.00759	0.01290
18	0.02337	0.01807	0.01954	0.01583	0.02114	0.01965	0.01286	0.37615	0.20440	0.03903	0.02407	0.02597	0.03660	0.01003	0.00763	0.00232	0.00724	0.04176	0.00727	0.08706
19	0.00924	0.00660	0.00880	0.01056	0.01100	0.00616	0.00704	0.01056	0.01452	0.01936	0.04181	0.72848	0.05017	0.02376	0.00968	0.00308	0.00440	0.02156	0.00704	0.00616
20	0.01103	0.00735	0.00827	0.00827	0.00827	0.00735	0.00460	0.01103	0.01103	0.01471	0.02390	0.04964	0.02758	0.73343	0.03861	0.00735	0.00735	0.01103	0.00460	0.00460
21	0.01825	0.01508	0.01705	0.01274	0.01909	0.01333	0.01023	0.12703	0.09500	0.02932	0.01627	0.01759	0.01289	0.00673	0.00618	0.00148	0.00611	0.00535	0.00538	0.56490
22	0.01886	0.49368	0.18563	0.01726	0.02494	0.02591	0.09659	0.02320	0.01586	0.02002	0.01182	0.01405	0.00993	0.00664	0.00589	0.00191	0.00938	0.00501	0.00331	0.01012
23	0.01041	0.00774	0.00968	0.00920	0.01113	0.00702	0.00690	0.01368	0.02069	0.02857	0.56937	0.05970	0.18547	0.01620	0.00895	0.00242	0.00363	0.01414	0.00811	0.00702
24	0.01054	0.00765	0.00993	0.00957	0.01126	0.00704	0.00710	0.01385	0.02068	0.02905	0.60182	0.11879	0.09146	0.01640	0.00901	0.00246	0.00366	0.01452	0.00818	0.00704
25	0.02715	0.03390	0.02265	0.02290	0.10584	0.61782	0.01573	0.02942	0.02097	0.01934	0.01204	0.01431	0.01005	0.00768	0.00692	0.00199	0.01310	0.00512	0.00389	0.00919
26	0.01414	0.00707	0.00707	0.00707	0.00884	0.00707	0.00530	0.01767	0.01591	0.02828	0.02474	0.02828	0.01944	0.00884	0.00530	0.00177	0.00353	0.00707	0.77554	0.00707
27	0.01117	0.00839	0.01076	0.01194	0.01395	0.00798	0.01014	0.01416	0.01741	0.02199	0.05197	0.08151	0.24955	0.02039	0.00999	0.00319	0.00597	0.43571	0.00700	0.00680
28	0.01790	0.02046	0.04476	0.03197	0.03964	0.01918	0.65857	0.02430	0.01790	0.02430	0.01535	0.02046	0.01151	0.00639	0.00895	0.00256	0.01279	0.00895	0.00384	0.01023
29	0.01887	0.01629	0.01715	0.01544	0.01972	0.01887	0.01201	0.04031	0.67241	0.03173	0.03087	0.02830	0.02315	0.01029	0.00772	0.00257	0.00600	0.00858	0.00772	0.01201
30	0.15056	0.02362	0.01914	0.01640	0.02115	0.23237	0.01290	0.21338	0.17835	0.03266	0.01794	0.01823	0.01359	0.00865	0.00691	0.00226	0.00904	0.00619	0.00600	0.01064
31	0.02501	0.11865	0.02140	0.01668	0.02056	0.50527	0.01291	0.02728	0.01982	0.02007	0.01371	0.01588	0.01135	0.00782	0.00634	0.00188	0.01132	0.00514	0.13028	0.00863
32	0.00972	0.00768	0.00881	0.00902	0.01109	0.00677	0.00683	0.01212	0.01801	0.02296	0.21503	0.13988	0.40999	0.01897	0.00918	0.00266	0.00413	0.07319	0.00735	0.00661
33	0.01521	0.03923	0.69413	0.02162	0.03283	0.01762	0.02802	0.02402	0.01601	0.02402	0.01361	0.01601	0.00961	0.00721	0.00721	0.00240	0.01121	0.00560	0.00320	0.01121
34	0.00921	0.00674	0.00866	0.01020	0.01091	0.00619	0.00688	0.01060	0.01487	0.01950	0.04616	0.64698	0.12885	0.02320	0.00959	0.00302	0.00433	0.02087	0.00704	0.00619
35	0.01877	0.01802	0.03079	0.04656	0.68612	0.01802	0.02328	0.02328	0.01727	0.02478	0.01427	0.01877	0.01201	0.00676	0.00751	0.00225	0.00901	0.00676	0.00375	0.01201
36	0.01877	0.01802	0.03079	0.04656	0.68612	0.01802	0.02328	0.02328	0.01727	0.02478	0.01427	0.01877	0.01201	0.00676	0.00751	0.00225	0.00901	0.00676	0.00375	0.01201
37	0.00924	0.00660	0.00880	0.01056	0.01100	0.00616	0.00704	0.01056	0.01452	0.01936	0.04181	0.72848	0.05017	0.02376	0.00968	0.00308	0.00440	0.02156	0.00704	0.00616
38	0.01074	0.00775	0.01014	0.00954	0.01133	0.00716	0.00716	0.01431	0.02147	0.03042	0.68211	0.05666	0.07157	0.01551	0.00895	0.00239	0.00358	0.01372	0.00835	0.00716
39	0.01084	0.00813	0.01219	0.01219	0.01354	0.00948	0.00948	0.01354	0.01219	0.01761	0.02032	0.02980	0.01896	0.05689	0.70337	0.01219	0.02032	0.00813	0.00406	0.00677
40	0.00924	0.00660	0.00880	0.01056	0.01100	0.00616	0.00704	0.01056	0.01452	0.01936	0.04181	0.72848	0.05017	0.02376	0.00968	0.00308	0.00440	0.02156	0.00704	0.00616
41	0.01084	0.00813	0.01219	0.01219	0.01354	0.00948	0.00948	0.01354	0.01219	0.01761	0.02032	0.02980	0.01896	0.05689	0.70337	0.01219	0.02032	0.00813	0.00406	0.00677
42	0.01034	0.00761	0.00967	0.00942	0.01116	0.00695	0.00697	0.01344	0.02013	0.02787	0.53093	0.13648	0.14696	0.01693	0.00903	0.00249	0.00371	0.01492	0.00803	0.00695
43	0.01038	0.00946	0.00884	0.00865	0.01120	0.04964	0.00649	0.01251	0.01807	0.02161	0.14806	0.06729	0.56531	0.01804	0.00883	0.00250	0.00442	0.01503	0.00701	0.00665
44	0.02833	0.03615	0.02149	0.01954	0.02345	0.70298	0.01466	0.03029	0.02149	0.01856	0.01172	0.01368	0.00977	0.00782	0.00684	0.00195	0.01368	0.00489	0.00391	0.00879
45	0.01086	0.00804	0.01174	0.01174	0.01293	0.00924	0.00892	0.01325	0.01206	0.01727	0.02073	0.03209	0.01996	0.13518	0.62645	0.01163	0.01882	0.00846	0.00413	0.00652
46	0.03339	0.01395	0.01824	0.01399	0.01988	0.01269	0.01155	0.11453	0.02344	0.61135	0.02847	0.02487	0.01805	0.00935	0.00762	0.00234	0.00669	0.00753	0.00916	0.01291
47	0.01815	0.01780	0.03159	0.12212	0.53239	0.01803	0.10201	0.02295	0.01711	0.02410	0.01431	0.01915	0.01173	0.00681	0.00770	0.00232	0.00961	0.00703	0.00372	0.01138
48	0.01551	0.00998	0.01225	0.01085	0.01367	0.00953	0.00837	0.09681	0.02235	0.11081	0.41086	0.09165	0.12731	0.01491	0.00867	0.00243	0.00460	0.01287	0.00815	0.00842
49	0.01749	0.01965	0.04221	0.11103	0.04110	0.01891	0.58480	0.02373	0.01759	0.02373	0.01513	0.02043	0.01135	0.00653	0.00879	0.00255	0.01248	0.00870	0.00378	0.01002
50	0.01573	0.01348	0.01573	0.01123	0.01798	0.01011	0.00899	0.01910	0.01573	0.02472	0.01348	0.01573	0.01123	0.00562	0.00562	0.00112	0.00562	0.00449	0.00449	0.77980
51	0.01593	0.11932	0.59418	0.02153	0.05514	0.01906	0.02611	0.02384	0.01599	0.02333	0.01328	0.01567	0.00971	0.00711	0.00695	0.00231	0.01077	0.00547	0.00323	0.01107
52	0.00961	0.00687	0.00923	0.01099	0.01159	0.00648	0.00769	0.01120	0.01489	0.01978	0.04160	0.64855	0.04936	0.02341	0.00978	0.00313	0.00472	0.09784	0.00703	0.00626
53	0.03403	0.01291	0.01760	0.01350	0.01936	0.01115	0.01115	0.03697	0.02171	0.69137	0.02992	0.02582	0.01878	0.00939	0.00763	0.00235	0.00645	0.00763	0.00939	0.01291
54	0.00917	0.00769	0.00797	0.00790	0.01037	0.00649	0.00592	0.01128	0.01777	0.02164	0.14688	0.07111	0.61228	0.01878	0.00896	0.00254	0.00381	0.01574	0.00719	0.00649
55	0.00924	0.00660	0.00880	0.01056	0.01100	0.00616	0.00704	0.01056	0.01452	0.01936	0.04181	0.72848	0.05017	0.02376	0.00968	0.00308	0.00440	0.02156	0.00704	0.00616
56	0.03403	0.01291	0.01760	0.01350	0.01936	0.01115	0.01115	0.03697	0.02171	0.69137	0.02992	0.02582	0.01878	0.00939	0.00763	0.00235	0.00645	0.00763	0.00939	0.01291
57	0.01032	0.00774	0.00956	0.00910	0.01107	0.00698	0.00683	0.01350	0.02048	0.02807	0.53875	0.06053	0.21640	0.01638	0.00895	0.00243	0.00364	0.01426	0.00804	0.00698
58	0.02833	0.03615	0.02149	0.01954	0.02345	0.70298	0.01466	0.03029	0.02149	0.01856	0.01172	0.01368	0.00977	0.00782	0.00684	0.00195	0.01368	0.00489	0.00391	0.00879
59	0.01887	0.01629	0.01715	0.01544	0.01972	0.01887	0.01201	0.04031	0.67241	0.03173	0.03087	0.02830	0.02315	0.01029	0.00772	0.00257	0.00600	0.00858	0.00772	0.01201
60	0.01103	0.00735	0.00827	0.00827	0.00827	0.00735	0.00460	0.01103	0.01103	0.01471	0.02390	0.04964	0.02758	0.73343	0.03861	0.00735	0.00735	0.01103	0.00460	0.00460
61	0.01373	0.01076	0.01617	0.40940	0.03339	0.01267	0.01414	0.01755	0.01469	0.02100	0.01821	0.02720	0.01548	0.12687	0.01206	0.00311	0.00790	0.00753	0.21071	0.00743
62	0.01850	0.01774	0.03029	0.08797	0.64685	0.01795	0.02314	0.02304	0.01714	0.02445	0.01422	0.01886	0.01190	0.00681	0.00751	0.00227	0.00908	0.00676	0.00373	0.01179
63	0.02028	0.73799	0.03975	0.01298	0.01947	0.03001	0.01298	0.02271	0.01541	0.01785	0.01055	0.01217	0.00973	0.00649	0.00487	0.00162	0.00811	0.00406	0.00324	0.00973
64	0.02851	0.01739	0.01958	0.01520	0.02072	0.01834	0.01250	0.42099	0.02968	0.21617	0.02207	0.02139	0.01521	0.00915	0.00733	0.00224	0.00729	0.00707	0.09693	0.01223
65	0.01661	0.01389	0.02075	0.06419	0.11591	0.01443	0.08862	0.12480	0.06276	0.02714	0.02804	0.15485	0.02807	0.01426	0.00892	0.00282	0.00787	0.19064	0.00610	0.00932
66	0.02028	0.73799	0.03975	0.01298	0.01947	0.03001	0.01298	0.02271	0.01541	0.01785	0.01055	0.01217	0.00973	0.00649	0.00487	0.00162	0.00811	0.00406	0.00324	0.00973
67	0.01955	0.01521	0.02210	0.20355	0.03055	0.01481	0.08836	0.10372	0.01911	0.10906	0.01634	0.01905	0.01211	0.00715	0.00703	0.00197	0.00810	0.00630	0.00512	0.29081
68	0.02833	0.03615	0.02149	0.01954	0.02345	0.70298	0.01466	0.03029	0.02149	0.01856	0.01172	0.01368	0.00977	0.00782	0.00684	0.00195	0.01368	0.00489	0.00391	0.00879
69	0.01573	0.01348	0.01573	0.01123	0.01798	0.01011	0.00899	0.01910	0.01573	0.02472	0.01348	0.01573	0.01123	0.00562	0.00562	0.00112	0.00562	0.00449	0.00449	0.77980
70	0.00921	0.00673	0.00867	0.01023	0.01091	0.00619	0.00689	0.01060	0.01484	0.01949	0.04586	0.65263	0.12340	0.02324	0.00960	0.00302	0.00434	0.02092	0.00704	0.00619
71	0.00917	0.00769	0.00797	0.00790	0.01037	0.00649	0.00592	0.01128	0.01777	0.02164	0.14688	0.07111	0.61228	0.01878	0.00896	0.00254	0.00381	0.01574	0.00719	0.00649
72	0.01432	0.01348	0.02275	0.71520	0.05224	0.01685	0.02107	0.01938	0.01517	0.01938	0.01348	0.02022	0.01011	0.00758	0.00758	0.00253	0.01011	0.00674	0.00337	0.00843
73	0.03384	0.01321	0.01779	0.01364	0.01951	0.01160	0.01127	0.05975	0.02222	0.66787	0.02950	0.02554	0.01856	0.00938	0.00763	0.00234	0.00652	0.00760	0.00932	0.01291
74	0.00924	0.00660	0.00880	0.01056	0.01100	0.00616	0.00704	0.01056	0.01452	0.01936	0.04181	0.72848	0.05017	0.02376	0.00968	0.00308	0.00440	0.02156	0.00704	0.00616
75	0.03403	0.01291	0.01760	0.01350	0.01936	0.01115	0.01115	0.03697	0.02171	0.69137	0.02992	0.02582	0.01878	0.00939	0.00763	0.00235	0.00645	0.00763	0.00939	0.01291
76	0.00938	0.00765	0.00829	0.00823	0.01052	0.00656	0.00613	0.01165	0.01812	0.02270	0.21299	0.09702	0.51721	0.01856	0.00899	0.00254	0.00381	0.01572	0.00734	0.00656
77	0.01432	0.01348	0.02275	0.71520	0.05224	0.01685	0.02107	0.01938	0.01517	0.01938	0.01348	0.02022	0.01011	0.00758	0.00758	0.00253	0.01011	0.00674	0.00337	0.00843
78	0.01887	0.01629	0.01715	0.01544	0.01972	0.01887	0.01201	0.04031	0.67241	0.03173	0.03087	0.02830	0.02315	0.01029	0.00772	0.00257	0.00600	0.00858	0.00772	0.01201
79	0.01188	0.00848	0.01183	0.01357	0.01517	0.00843	0.01162	0.01512	0.01712	0.02231	0.04035	0.15996	0.04441	0.02128	0.01038	0.00344	0.00669	0.56407	0.00699	0.00689
80	0.78701	0.01467	0.01115	0.00997	0.01467	0.01702	0.00821	0.02230	0.01291	0.03403	0.01056	0.01232	0.00821	0.00704	0.00469	0.00235	0.00587	0.00411	0.00469	0.00821
81	0.01369	0.00838	0.01015	0.00982	0.01169	0.00908	0.00759	0.05581	0.01560	0.02509	0.02251	0.02828	0.01884	0.02867	0.29340	0.00610	0.01076	0.00749	0.40973	0.00731
82	0.00896	0.00768	0.00768	0.00768	0.01025	0.00640	0.00576	0.01089	0.01729	0.02049	0.07684	0.07300	0.68304	0.01921	0.00896	0.00256	0.00384	0.01601	0.00704	0.00640
83	0.01498	0.01420	0.02371	0.59476	0.12359	0.01738	0.02104	0.01976	0.01519	0.01994	0.01335	0.01983	0.01032	0.00784	0.00865	0.00254	0.05393	0.00674	0.00341	0.00883
84	0.00924	0.00660	0.00880	0.01056	0.01100	0.00616	0.00704	0.01056	0.01452	0.01936	0.04181	0.72848	0.05017	0.02376	0.00968	0.00308	0.00440	0.02156	0.00704	0.00616
85	0.01608	0.02696	0.35040	0.01803	0.02579	0.01674	0.01972	0.02486	0.12177	0.02476	0.01596	0.01801	0.01222	0.00804	0.00897	0.00224	0.09105	0.00595	0.00425	0.18823
86	0.02270	0.01991	0.11180	0.02306	0.03021	0.01646	0.30629	0.03005	0.09460	0.23230	0.02146	0.02249	0.01488	0.00787	0.00819	0.00248	0.00984	0.00809	0.00593	0.01139
87	0.00969	0.00762	0.00779	0.00775	0.01016	0.00653	0.00581	0.01192	0.01743	0.02211	0.11431	0.06665	0.56231	0.01774	0.00854	0.00246	0.00379	0.01481	0.09607	0.00653
88	0.01981	0.01578	0.01706	0.01492	0.01921	0.01776	0.01171	0.11431	0.49038	0.06149	0.10462	0.03022	0.02730	0.01071	0.00784	0.00250	0.00603	0.00891	0.00785	0.01159
89	0.01521	0.03923	0.69413	0.02162	0.03283	0.01762	0.02802	0.02402	0.01601	0.02402	0.01361	0.01601	0.00961	0.00721	0.00721	0.00240	0.01121	0.00560	0.00320	0.01121
90	0.01084	0.00813	0.01219	0.01219	0.01354	0.00948	0.00948	0.01354	0.01219	0.01761	0.02032	0.02980	0.01896	0.05689	0.70337	0.01219	0.02032	0.00813	0.00406	0.00677
91	0.00952	0.00681	0.00908	0.01057	0.01121	0.00637	0.00724	0.01118	0.01543	0.02076	0.11584	0.62723	0.05241	0.02271	0.00963	0.00302	0.00440	0.04309	0.00719	0.00631
92	0.00994	0.00759	0.00912	0.00903	0.01092	0.00677	0.00666	0.01266	0.01916	0.02561	0.39332	0.14583	0.28023	0.01781	0.00904	0.00253	0.00377	0.01548	0.00774	0.00677
93	0.01659	0.22867	0.51673	0.01928	0.02921	0.02098	0.02395	0.02367	0.01585	0.02235	0.01278	0.01497	0.00964	0.00701	0.00657	0.00219	0.01037	0.00518	0.00321	0.01081
94	0.01573	0.01348	0.01573	0.01123	0.01798	0.01011	0.00899	0.01910	0.01573	0.02472	0.01348	0.01573	0.01123	0.00562	0.00562	0.00112	0.00562	0.00449	0.00449	0.77980
95	0.00924	0.00660	0.00880	0.01056	0.01100	0.00616	0.00704	0.01056	0.01452	0.01936	0.04181	0.72848	0.05017	0.02376	0.00968	0.00308	0.00440	0.02156	0.00704	0.00616
96	0.01569	0.01542	0.02826	0.33966	0.16934	0.01661	0.17330	0.02069	0.01637	0.02186	0.01720	0.05466	0.01493	0.00878	0.00819	0.00257	0.01007	0.05305	0.00397	0.00936
97	0.01729	0.01394	0.02304	0.55058	0.12150	0.01628	0.02009	0.02202	0.01622	0.10355	0.01562	0.02075	0.01141	0.00771	0.00758	0.00247	0.00953	0.00685	0.00416	0.00940
98	0.01954	0.01126	0.01256	0.01099	0.01414	0.01154	0.00857	0.17942	0.02135	0.11424	0.02634	0.13151	0.02238	0.01123	0.00682	0.00217	0.00523	0.00927	0.37233	0.00911
99	0.01362	0.00894	0.01174	0.01234	0.05574	0.00931	0.03040	0.01679	0.01575	0.02549	0.06604	0.14344	0.02626	0.01345	0.03194	0.00255	0.05639	0.00991	0.44246	0.00744
100	0.02113	0.02325	0.11103	0.02991	0.25633	0.08933	0.09365	0.15149	0.07141	0.02885	0.01595	0.01865	0.01239	0.00785	0.00822	0.00234	0.03523	0.00683	0.00476	0.01142
101	0.02028	0.73799	0.03975	0.01298	0.01947	0.03001	0.01298	0.02271	0.01541	0.01785	0.01055	0.01217	0.00973	0.00649	0.00487	0.00162	0.00811	0.00406	0.00324	0.00973
102	0.01603	0.01831	0.12892	0.01522	0.04519	0.01250	0.03654	0.02156	0.05659	0.02502	0.01468	0.01684	0.01174	0.00624	0.00620	0.00152	0.00694	0.00517	0.00443	0.55037
103	0.02028	0.73799	0.03975	0.01298	0.01947	0.03001	0.01298	0.02271	0.01541	0.01785	0.01055	0.01217	0.00973	0.00649	0.00487	0.00162	0.00811	0.00406	0.00324	0.00973
104	0.01882	0.01389	0.01640	0.01190	0.01849	0.01107	0.00959	0.06107	0.01771	0.10903	0.01582	0.01714	0.01228	0.00630	0.00599	0.00135	0.00589	0.00503	0.00529	0.63695
105	0.01084	0.00813	0.01219	0.01219	0.01354	0.00948	0.00948	0.01354	0.01219	0.01761	0.02032	0.02980	0.01896	0.05689	0.70337	0.01219	0.02032	0.00813	0.00406	0.00677
106	0.01074	0.00775	0.01014	0.00954	0.01133	0.00716	0.00716	0.01431	0.02147	0.03042	0.68211	0.05666	0.07157	0.01551	0.00895	0.00239	0.00358	0.01372	0.00835	0.00716
107	0.01432	0.01348	0.02275	0.71520	0.05224	0.01685	0.02107	0.01938	0.01517	0.01938	0.01348	0.02022	0.01011	0.00758	0.00758	0.00253	0.01011	0.00674	0.00337	0.00843
108	0.01822	0.01746	0.02979	0.12969	0.60730	0.01788	0.02300	0.02279	0.01701	0.02411	0.01417	0.01895	0.01178	0.00686	0.00752	0.00229	0.00915	0.00676	0.00371	0.01157
109	0.01832	0.01523	0.01598	0.01447	0.01846	0.01750	0.01123	0.03769	0.59644	0.03133	0.03016	0.02830	0.02272	0.01012	0.00744	0.00248	0.00572	0.00840	0.09657	0.01143
110	0.03403	0.01291	0.01760	0.01350	0.01936	0.01115	0.01115	0.03697	0.02171	0.69137	0.02992	0.02582	0.01878	0.00939	0.00763	0.00235	0.00645	0.00763	0.00939	0.01291
111	0.02418	0.01157	0.01499	0.01238	0.01666	0.01074	0.00989	0.02963	0.10253	0.38329	0.25311	0.03667	0.03738	0.01159	0.00809	0.00239	0.00541	0.00983	0.00883	0.01083
112	0.00926	0.00762	0.00819	0.00850	0.01072	0.00654	0.00637	0.01126	0.01710	0.02083	0.09112	0.15471	0.54362	0.01976	0.00915	0.00268	0.00410	0.05496	0.00708	0.00644
113	0.01584	0.00871	0.00889	0.00827	0.01054	0.00897	0.00636	0.09210	0.01819	0.03054	0.02399	0.02711	0.01868	0.00887	0.00557	0.00183	0.00409	0.00704	0.68667	0.00774
114	0.00960	0.00771	0.00857	0.00836	0.01064	0.00668	0.00627	0.01212	0.01880	0.02408	0.29546	0.06710	0.46218	0.01787	0.00896	0.00250	0.00375	0.01518	0.00752	0.00668
115	0.12050	0.01417	0.01751	0.01359	0.01935	0.01340	0.01123	0.11478	0.02247	0.53328	0.02619	0.02329	0.01680	0.00908	0.00728	0.00234	0.00663	0.00712	0.00862	0.01236
116	0.01877	0.01802	0.03079	0.04656	0.68612	0.01802	0.02328	0.02328	0.01727	0.02478	0.01427	0.01877	0.01201	0.00676	0.00751	0.00225	0.00901	0.00676	0.00375	0.01201
117	0.00941	0.00673	0.00896	0.01044	0.01104	0.00628	0.00705	0.01100	0.01533	0.02064	0.11590	0.65074	0.05264	0.02281	0.00960	0.00300	0.00431	0.02066	0.00719	0.00628
118	0.01152	0.00900	0.01298	0.01260	0.01363	0.01079	0.00970	0.01378	0.01198	0.01733	0.01957	0.03069	0.01898	0.13387	0.54537	0.01059	0.09858	0.00831	0.00404	0.00668
119	0.15335	0.52254	0.03250	0.01289	0.01901	0.02653	0.01223	0.08203	0.01707	0.04656	0.01192	0.01322	0.01008	0.00693	0.00518	0.00183	0.00769	0.00444	0.00411	0.00987
120	0.01134	0.00975	0.00996	0.00954	0.01252	0.00940	0.00726	0.01795	0.17455	0.02319	0.06580	0.06227	0.52463	0.01707	0.00867	0.00256	0.00436	0.01422	0.00721	0.00775
121	0.02590	0.02121	0.02207	0.13139	0.02770	0.10049	0.01522	0.46079	0.02999	0.03910	0.01691	0.01836	0.01231	0.00870	0.00742	0.00226	0.00909	0.00660	0.03300	0.01149
122	0.01878	0.01339	0.01604	0.01161	0.01821	0.01028	0.00935	0.02208	0.01673	0.13581	0.01622	0.01741	0.01249	0.00625	0.00595	0.00133	0.00576	0.00502	0.00531	0.65200
123	0.02166	0.13647	0.03050	0.02421	0.13448	0.02139	0.15805	0.17100	0.14510	0.05387	0.01848	0.01999	0.01407	0.00792	0.00746	0.00229	0.00889	0.00719	0.00550	0.01148
124	0.01147	0.00854	0.01102	0.01234	0.01371	0.00863	0.00944	0.01604	0.09733	0.02205	0.03988	0.41982	0.04456	0.02112	0.00971	0.00316	0.00549	0.23142	0.00711	0.00717
125	0.01282	0.00815	0.01059	0.01023	0.01226	0.00765	0.00802	0.01634	0.02018	0.06984	0.46045	0.05620	0.05769	0.01525	0.00869	0.00249	0.00431	0.11439	0.09697	0.00747
126	0.10788	0.02240	0.26762	0.07001	0.10708	0.01512	0.01847	0.02071	0.03814	0.02432	0.04428	0.10449	0.05911	0.01204	0.03087	0.00283	0.03197	0.00864	0.00451	0.00951
127	0.01865	0.14107	0.43983	0.02012	0.02951	0.02007	0.06463	0.10356	0.01873	0.05430	0.01452	0.01641	0.01055	0.00737	0.00703	0.00228	0.01028	0.00583	0.00406	0.01120
128	0.01734	0.03299	0.42646	0.02286	0.03125	0.09788	0.12839	0.02407	0.01641	0.02272	0.01322	0.01654	0.00998	0.00790	0.00965	0.00249	0.09982	0.00620	0.00340	0.01041
129	0.66013	0.01758	0.01386	0.01209	0.01682	0.10239	0.03654	0.02337	0.01419	0.03170	0.01091	0.01283	0.00855	0.00711	0.00514	0.00231	0.00713	0.00441	0.00456	0.00837
130	0.01041	0.00709	0.00846	0.00907	0.00922	0.00694	0.00545	0.01087	0.01225	0.01633	0.03013	0.28579	0.03544	0.48655	0.02854	0.00587	0.00633	0.01469	0.00545	0.00514
131	0.00975	0.00736	0.00859	0.00894	0.01035	0.00665	0.00621	0.01154	0.01640	0.02133	0.18604	0.24056	0.27831	0.13669	0.01401	0.00345	0.00451	0.01619	0.00692	0.00620
132	0.11403	0.23446	0.22838	0.01606	0.02261	0.02131	0.01698	0.06112	0.01617	0.04487	0.01334	0.01587	0.01069	0.00970	0.03310	0.00259	0.09133	0.00536	0.03211	0.00991
133	0.01349	0.01399	0.09497	0.01342	0.01690	0.01183	0.01174	0.02238	0.20673	0.02644	0.17424	0.15900	0.08026	0.01540	0.00873	0.00273	0.00587	0.10604	0.00704	0.00881
134	0.00924	0.00660	0.00880	0.01056	0.01100	0.00616	0.00704	0.01056	0.01452	0.01936	0.04181	0.72848	0.05017	0.02376	0.00968	0.00308	0.00440	0.02156	0.00704	0.00616
135	0.01608	0.01763	0.09564	0.13950	0.28195	0.01602	0.06102	0.02278	0.09576	0.02376	0.02068	0.13662	0.01904	0.01014	0.00797	0.00251	0.00854	0.00943	0.00466	0.01028
136	0.16674	0.13895	0.08868	0.09144	0.05272	0.21296	0.01521	0.02670	0.09636	0.02387	0.01411	0.01609	0.01121	0.00763	0.00637	0.00217	0.00956	0.00540	0.00428	0.00956
137	0.01159	0.00849	0.01137	0.01283	0.01466	0.00826	0.01099	0.01475	0.01734	0.02223	0.04624	0.10441	0.14896	0.02076	0.01020	0.00333	0.00638	0.51335	0.00700	0.00686
138	0.00953	0.00679	0.00902	0.01071	0.01122	0.00640	0.00731	0.01095	0.01459	0.01941	0.04093	0.65355	0.04874	0.05359	0.01096	0.00329	0.00471	0.06520	0.00693	0.00615
139	0.02317	0.11631	0.02829	0.02503	0.19033	0.04021	0.09013	0.23261	0.02320	0.08307	0.01694	0.02021	0.01337	0.05270	0.00926	0.00253	0.00894	0.00695	0.00545	0.01131
140	0.02000	0.65496	0.04033	0.01518	0.02180	0.02876	0.08769	0.02290	0.01570	0.01859	0.01110	0.01313	0.00994	0.00648	0.00534	0.00173	0.00865	0.00462	0.00331	0.00979
141	0.02086	0.02348	0.10306	0.02093	0.04688	0.13074	0.14408	0.13036	0.10759	0.02802	0.01657	0.01857	0.01270	0.00781	0.00801	0.00219	0.03482	0.00665	0.00499	0.13171
142	0.02727	0.03295	0.02107	0.01894	0.02302	0.58266	0.01433	0.06964	0.09768	0.02186	0.01433	0.01564	0.01151	0.00818	0.00699	0.00205	0.01247	0.00543	0.00457	0.00941

[dist]
# distance from previous block
# <min> <max>
0	1

[block]
# block no. 2 follows, 26 sequences, length 19
# corresponding to MSA columns:
# 250-268
name=unknown_C
#
# <colnr> <probs for GDERKNQSTAVLIFYWHMCP>
#	G	D	E	R	K	N	Q	S	T	A	V	L	I	F	Y	W	H	M	C	P
0	0.02341	0.01432	0.01799	0.01374	0.01918	0.01336	0.01124	0.07578	0.01886	0.26359	0.01923	0.01964	0.01388	0.00830	0.00917	0.00196	0.10528	0.00609	0.00632	0.33866
1	0.01354	0.00976	0.01266	0.01320	0.01529	0.00988	0.01096	0.09117	0.01985	0.02644	0.13985	0.16228	0.04535	0.01907	0.00978	0.00312	0.00625	0.37668	0.00728	0.00760
2	0.01074	0.00775	0.01014	0.00954	0.01133	0.00716	0.00716	0.01431	0.02147	0.03042	0.68211	0.05666	0.07157	0.01551	0.00895	0.00239	0.00358	0.01372	0.00835	0.00716
3	0.01017	0.00773	0.00935	0.00895	0.01098	0.00692	0.00671	0.01322	0.02013	0.02724	0.48837	0.06189	0.26730	0.01669	0.00895	0.00244	0.00366	0.01445	0.00793	0.00692
4	0.02988	0.01366	0.01748	0.01364	0.01898	0.01277	0.01117	0.14374	0.02414	0.48618	0.11844	0.02876	0.02507	0.01019	0.00780	0.00234	0.00639	0.00833	0.00893	0.01211
5	0.02833	0.03615	0.02149	0.01954	0.02345	0.70298	0.01466	0.03029	0.02149	0.01856	0.01172	0.01368	0.00977	0.00782	0.00684	0.00195	0.01368	0.00489	0.00391	0.00879
6	0.02909	0.01251	0.01618	0.01287	0.01813	0.01123	0.01048	0.03366	0.08372	0.53471	0.03653	0.03261	0.11145	0.01084	0.00782	0.00240	0.00605	0.00888	0.00890	0.01192
7	0.01022	0.00758	0.00952	0.00936	0.01110	0.00689	0.00690	0.01319	0.01977	0.02715	0.48734	0.15282	0.17553	0.01730	0.00905	0.00251	0.00374	0.01521	0.00794	0.00689
8	0.02874	0.01345	0.01677	0.01317	0.01850	0.01248	0.01078	0.14162	0.02338	0.46138	0.03608	0.03274	0.13391	0.01106	0.00785	0.00237	0.00633	0.00895	0.00866	0.01177
9	0.02713	0.01741	0.01959	0.01574	0.02119	0.01868	0.01277	0.29568	0.23133	0.21890	0.02538	0.02345	0.01772	0.00955	0.00764	0.00239	0.00709	0.00759	0.00812	0.01262
10	0.00922	0.00669	0.00871	0.01034	0.01094	0.00618	0.00694	0.01059	0.01474	0.01945	0.04456	0.67698	0.09989	0.02341	0.00963	0.00304	0.00436	0.02113	0.00704	0.00618
11	0.01591	0.01341	0.01935	0.09888	0.02357	0.01420	0.10156	0.10628	0.13453	0.02842	0.15135	0.13898	0.03382	0.01329	0.00865	0.00265	0.00714	0.07223	0.00660	0.00918
12	0.01670	0.24418	0.50220	0.01908	0.02891	0.02125	0.02361	0.02364	0.01584	0.02221	0.01271	0.01489	0.00965	0.00700	0.00652	0.00217	0.01030	0.00515	0.00322	0.01078
13	0.00917	0.00769	0.00797	0.00790	0.01037	0.00649	0.00593	0.01129	0.01778	0.02167	0.14851	0.07106	0.61063	0.01877	0.00896	0.00254	0.00381	0.01574	0.00720	0.00649
14	0.02246	0.01789	0.09758	0.01511	0.02007	0.01654	0.01353	0.26875	0.02363	0.12550	0.02016	0.02204	0.01500	0.01480	0.09077	0.00345	0.05413	0.00698	0.14093	0.01066
15	0.01649	0.11561	0.45100	0.02328	0.03303	0.01946	0.18851	0.02394	0.01643	0.02337	0.01370	0.01671	0.01011	0.00691	0.00738	0.00235	0.01126	0.00629	0.00337	0.01079
16	0.01885	0.01882	0.01745	0.01534	0.01933	0.19859	0.04957	0.02526	0.15056	0.04832	0.02938	0.11110	0.09626	0.01194	0.00780	0.00231	0.00808	0.04909	0.00587	0.11608
17	0.13228	0.01895	0.01991	0.01572	0.02106	0.02109	0.01285	0.50531	0.03004	0.04266	0.01751	0.01937	0.01322	0.04056	0.05257	0.00312	0.00872	0.00670	0.00684	0.01153
18	0.12311	0.17960	0.04398	0.01524	0.01966	0.22113	0.01282	0.06405	0.05967	0.02346	0.01936	0.04455	0.06842	0.00958	0.00793	0.00220	0.06484	0.00663	0.00464	0.00913

[dist]
# distance from previous block
# <min> <max>
0	34

[block]
# block no. 3 follows, 26 sequences, length 32
# corresponding to MSA columns:
# 303-334
name=unknown_D
#
# <colnr> <probs for GDERKNQSTAVLIFYWHMCP>
#	G	D	E	R	K	N	Q	S	T	A	V	L	I	F	Y	W	H	M	C	P
0	0.01303	0.01186	0.01824	0.07531	0.07942	0.01120	0.10963	0.01699	0.03538	0.02317	0.12390	0.04647	0.24383	0.04812	0.00989	0.00265	0.00670	0.03902	0.00578	0.07941
1	0.00946	0.00693	0.00850	0.00965	0.01044	0.00639	0.00642	0.01070	0.01454	0.01888	0.04601	0.49701	0.17149	0.12980	0.01390	0.00362	0.00474	0.01888	0.00667	0.00597
2	0.02369	0.02185	0.05650	0.01662	0.02120	0.22889	0.04169	0.06006	0.11084	0.16512	0.08368	0.06308	0.02311	0.01060	0.00779	0.00236	0.00894	0.03741	0.00644	0.01013
3	0.01634	0.01424	0.05134	0.09672	0.21029	0.04289	0.01451	0.01928	0.01585	0.08483	0.02398	0.19912	0.02431	0.13670	0.01338	0.00337	0.00778	0.01108	0.00519	0.00882
4	0.02317	0.40652	0.03221	0.01846	0.08497	0.21882	0.01457	0.08156	0.01911	0.02137	0.01192	0.01377	0.01024	0.00712	0.00592	0.00183	0.00979	0.00480	0.00387	0.00997
5	0.01701	0.10104	0.37177	0.08060	0.05142	0.01775	0.02120	0.02494	0.07688	0.05345	0.01562	0.01762	0.01160	0.00734	0.00689	0.00219	0.00936	0.00582	0.00409	0.10342
6	0.09989	0.01745	0.01748	0.07908	0.02166	0.10039	0.01219	0.23307	0.04139	0.07692	0.13570	0.05291	0.05844	0.01080	0.00759	0.00234	0.00753	0.00859	0.00666	0.00991
7	0.01920	0.02757	0.23928	0.02121	0.10354	0.18513	0.01831	0.05618	0.07883	0.02401	0.01798	0.06644	0.01547	0.04929	0.00905	0.00258	0.00993	0.00732	0.03871	0.00998
8	0.01209	0.00978	0.01432	0.01797	0.16238	0.00932	0.01066	0.01527	0.01869	0.02605	0.35108	0.20404	0.08735	0.01566	0.00879	0.00253	0.00500	0.01410	0.00695	0.00797
9	0.02248	0.11468	0.10636	0.02133	0.05943	0.21881	0.10590	0.02707	0.04993	0.08937	0.01500	0.01729	0.01170	0.00829	0.00936	0.00231	0.10000	0.00621	0.00439	0.01007
10	0.11137	0.01647	0.02813	0.20845	0.22867	0.01716	0.16200	0.02377	0.01680	0.09229	0.01545	0.01947	0.01164	0.00719	0.00753	0.00241	0.00950	0.00701	0.00436	0.01032
11	0.00918	0.00684	0.00855	0.00992	0.01083	0.00622	0.00675	0.01063	0.01514	0.01962	0.04966	0.58162	0.19196	0.02274	0.00952	0.00296	0.00428	0.02032	0.00704	0.00622
12	0.00922	0.00670	0.00870	0.01030	0.01093	0.00618	0.00692	0.01059	0.01478	0.01947	0.04505	0.66782	0.10873	0.02334	0.00962	0.00303	0.00435	0.02105	0.00704	0.00618
13	0.02474	0.02039	0.02316	0.01979	0.05689	0.15077	0.09477	0.16354	0.05459	0.15992	0.02280	0.02550	0.04951	0.00987	0.00903	0.00242	0.05859	0.03677	0.00621	0.01075
14	0.03035	0.01411	0.01788	0.01390	0.01936	0.01334	0.01140	0.16722	0.02465	0.48145	0.09943	0.02760	0.02335	0.01000	0.00776	0.00234	0.00654	0.00813	0.00889	0.01227
15	0.00920	0.00676	0.00863	0.01013	0.01089	0.00620	0.00685	0.01061	0.01494	0.01953	0.04707	0.62992	0.14532	0.02308	0.00957	0.00300	0.00432	0.02073	0.00704	0.00620
16	0.02838	0.03477	0.02161	0.01935	0.02346	0.64011	0.01463	0.08864	0.02281	0.02127	0.01232	0.01410	0.01006	0.00794	0.00691	0.00198	0.01319	0.00507	0.00425	0.00917
17	0.01601	0.14933	0.59103	0.02026	0.03072	0.01957	0.02565	0.02381	0.01592	0.02305	0.01313	0.01541	0.00963	0.00709	0.00684	0.00228	0.01072	0.00536	0.00321	0.01098
18	0.01489	0.00779	0.00787	0.00760	0.00958	0.00791	0.00577	0.05035	0.01691	0.02927	0.02441	0.02777	0.01911	0.00885	0.00542	0.00179	0.00378	0.00706	0.73653	0.00737
19	0.08794	0.01331	0.01446	0.01323	0.01681	0.01447	0.01063	0.11936	0.23133	0.03130	0.13174	0.04460	0.10398	0.01346	0.00823	0.00264	0.00591	0.11973	0.00731	0.00956
20	0.01521	0.03923	0.69413	0.02162	0.03283	0.01762	0.02802	0.02402	0.01601	0.02402	0.01361	0.01601	0.00961	0.00721	0.00721	0.00240	0.01121	0.00560	0.00320	0.01121
21	0.01318	0.00659	0.00988	0.00988	0.00988	0.00659	0.00659	0.00988	0.00988	0.01318	0.01318	0.02306	0.01318	0.02635	0.02964	0.77931	0.00659	0.00659	0.00329	0.00329
22	0.78701	0.01467	0.01115	0.00997	0.01467	0.01702	0.00821	0.02230	0.01291	0.03403	0.01056	0.01232	0.00821	0.00704	0.00469	0.00235	0.00587	0.00411	0.00469	0.00821
23	0.01790	0.02046	0.04476	0.03197	0.03964	0.01918	0.65857	0.02430	0.01790	0.02430	0.01535	0.02046	0.01151	0.00639	0.00895	0.00256	0.01279	0.00895	0.00384	0.01023
24	0.01014	0.00773	0.00932	0.00892	0.01097	0.00690	0.00669	0.01317	0.02007	0.02709	0.47942	0.06213	0.27634	0.01675	0.00895	0.00244	0.00367	0.01448	0.00791	0.00690
25	0.05395	0.00822	0.01056	0.01049	0.01175	0.00899	0.00762	0.01304	0.01236	0.01793	0.02606	0.03868	0.08236	0.25034	0.40396	0.00932	0.01416	0.00949	0.00453	0.00618
26	0.00931	0.00770	0.00816	0.00805	0.01046	0.00655	0.00603	0.01155	0.01810	0.02242	0.19450	0.06982	0.56417	0.01849	0.00896	0.00253	0.00379	0.01556	0.00730	0.00655
27	0.00924	0.00660	0.00880	0.01056	0.01100	0.00616	0.00704	0.01056	0.01452	0.01936	0.04181	0.72848	0.05017	0.02376	0.00968	0.00308	0.00440	0.02156	0.00704	0.00616
28	0.02167	0.61693	0.03660	0.01411	0.02015	0.14610	0.01327	0.02402	0.01646	0.01797	0.01075	0.01243	0.00974	0.00672	0.00521	0.00168	0.00907	0.00420	0.00336	0.00957
29	0.10668	0.01222	0.01573	0.01266	0.01769	0.01112	0.01040	0.03153	0.02056	0.50681	0.11051	0.03140	0.02562	0.01051	0.00764	0.00241	0.00606	0.04038	0.00866	0.01140
30	0.00930	0.00695	0.00865	0.00981	0.01085	0.00630	0.00675	0.01095	0.01575	0.02055	0.10357	0.51960	0.19933	0.02201	0.00945	0.00290	0.00420	0.01961	0.00715	0.00630
31	0.02128	0.01321	0.01575	0.01341	0.01745	0.01342	0.01087	0.18136	0.09064	0.18002	0.20072	0.04172	0.06696	0.01288	0.00838	0.00251	0.00606	0.08498	0.00810	0.01028

[dist]
# distance from previous block
# <min> <max>
0	1

[block]
# block no. 4 follows, 26 sequences, length 45
# corresponding to MSA columns:
# 336-380
name=unknown_E
#
# <colnr> <probs for GDERKNQSTAVLIFYWHMCP>
#	G	D	E	R	K	N	Q	S	T	A	V	L	I	F	Y	W	H	M	C	P
0	0.01530	0.01670	0.16919	0.01579	0.02025	0.01170	0.07895	0.01938	0.01582	0.10201	0.02634	0.24760	0.02576	0.01863	0.08737	0.00371	0.03296	0.01173	0.07209	0.00874
1	0.01139	0.00767	0.01114	0.01114	0.01200	0.00854	0.00817	0.01238	0.01151	0.01621	0.01919	0.03096	0.01882	0.14163	0.46098	0.18499	0.01546	0.00817	0.00396	0.00569
2	0.01900	0.08968	0.18938	0.07662	0.13472	0.15434	0.05197	0.02478	0.05176	0.02307	0.01539	0.01833	0.01207	0.00754	0.00689	0.00217	0.00987	0.00610	0.09631	0.01001
3	0.01450	0.01218	0.01433	0.01075	0.01641	0.00940	0.00850	0.01783	0.01679	0.02545	0.13096	0.02589	0.05893	0.00806	0.00637	0.00142	0.00517	0.00671	0.00529	0.60506
4	0.14384	0.02068	0.08903	0.04815	0.15536	0.08450	0.01566	0.12785	0.01968	0.05753	0.01449	0.01663	0.01115	0.00726	0.00661	0.00205	0.00836	0.00564	0.00486	0.16067
5	0.02347	0.18779	0.02474	0.01591	0.02130	0.08010	0.01330	0.25255	0.24227	0.03302	0.02011	0.01979	0.01532	0.00878	0.00694	0.00220	0.00795	0.00660	0.00631	0.01152
6	0.05537	0.02444	0.18237	0.01676	0.02396	0.07695	0.01611	0.25129	0.02365	0.07400	0.01594	0.01699	0.01165	0.00773	0.00689	0.00204	0.00870	0.00581	0.00555	0.17380
7	0.01747	0.05910	0.16474	0.20727	0.24539	0.01816	0.10725	0.02307	0.01664	0.04845	0.01448	0.01873	0.01111	0.00710	0.00752	0.00236	0.01009	0.00670	0.00375	0.01061
8	0.01974	0.15881	0.34301	0.01808	0.02603	0.01981	0.02012	0.05625	0.07400	0.11465	0.01670	0.01785	0.01222	0.00818	0.00822	0.00233	0.06226	0.00599	0.00465	0.01110
9	0.03115	0.01484	0.01921	0.07504	0.02314	0.01444	0.01274	0.17651	0.02430	0.48777	0.02585	0.02361	0.01670	0.00917	0.00761	0.00235	0.00720	0.00737	0.00846	0.01252
10	0.01560	0.03138	0.46767	0.12845	0.09452	0.01791	0.05540	0.02297	0.01586	0.02310	0.01354	0.01713	0.01001	0.00750	0.00830	0.00246	0.04813	0.00609	0.00331	0.01067
11	0.01986	0.01643	0.05383	0.14716	0.07777	0.01619	0.09160	0.14333	0.07043	0.10786	0.02630	0.03248	0.07473	0.01052	0.00817	0.00255	0.00844	0.07601	0.00600	0.01035
12	0.00999	0.00761	0.00924	0.00946	0.01128	0.00686	0.00709	0.01259	0.01846	0.02438	0.30527	0.18226	0.27697	0.01870	0.00921	0.00266	0.00411	0.06958	0.00755	0.00671
13	0.01050	0.00762	0.00887	0.00911	0.01107	0.00667	0.00662	0.01255	0.01733	0.05306	0.16004	0.26351	0.36664	0.01952	0.00911	0.00268	0.00409	0.01691	0.00736	0.00675
14	0.01739	0.33984	0.41261	0.01790	0.02708	0.02295	0.02155	0.02346	0.01576	0.02136	0.01229	0.01436	0.00966	0.00690	0.00620	0.00207	0.00988	0.00494	0.00322	0.01057
