[name]
unknown

[dist]
# distance from previous block
# <min> <max>
0	257

[block]
# block no. 0 follows, 27 sequences, length 38
# corresponding to MSA columns:
# 335-372
name=unknown_A
#
# <colnr> <probs for GDERKNQSTAVLIFYWHMCP>
#	G	D	E	R	K	N	Q	S	T	A	V	L	I	F	Y	W	H	M	C	P
0	0.01775	0.22682	0.21880	0.01515	0.02131	0.01763	0.01581	0.05810	0.01709	0.09370	0.02156	0.14082	0.02044	0.01120	0.00719	0.00234	0.00795	0.07174	0.00502	0.00960
1	0.01756	0.19376	0.28405	0.01644	0.02360	0.01901	0.01779	0.02651	0.16166	0.06429	0.02095	0.02462	0.03443	0.00901	0.00694	0.00229	0.00835	0.05342	0.00486	0.01047
2	0.05279	0.02950	0.42813	0.02144	0.02998	0.01719	0.15084	0.02285	0.03807	0.02373	0.01785	0.02039	0.05390	0.00810	0.00845	0.00245	0.05354	0.00688	0.00373	0.01019
3	0.01292	0.01079	0.01727	0.23809	0.02591	0.01214	0.07555	0.01511	0.01276	0.01704	0.01743	0.03109	0.01720	0.27779	0.08017	0.07569	0.04432	0.00842	0.00382	0.00647
4	0.01960	0.02023	0.02116	0.05541	0.12744	0.20012	0.01533	0.07714	0.04777	0.02195	0.01450	0.01900	0.01246	0.01757	0.13835	0.00415	0.16810	0.00644	0.00415	0.00911
5	0.02445	0.03034	0.01882	0.01725	0.02069	0.58191	0.01290	0.02633	0.01983	0.01818	0.01854	0.02107	0.07724	0.03676	0.04200	0.00264	0.01254	0.00621	0.00416	0.00814
6	0.01289	0.00645	0.00967	0.00967	0.00967	0.00645	0.00645	0.00967	0.00967	0.01289	0.01289	0.02257	0.01289	0.02579	0.02901	0.78401	0.00645	0.00645	0.00322	0.00322
7	0.01520	0.01359	0.02013	0.15217	0.26492	0.01421	0.01566	0.05640	0.07313	0.02421	0.06225	0.07551	0.15949	0.01115	0.00788	0.00240	0.00714	0.00986	0.00523	0.00945
8	0.01214	0.00960	0.01328	0.10665	0.05041	0.00987	0.01035	0.01735	0.07558	0.02761	0.46224	0.04865	0.05317	0.01369	0.00852	0.00244	0.00506	0.05842	0.00715	0.00779
9	0.02773	0.03538	0.02104	0.01913	0.02295	0.70930	0.01434	0.02964	0.02104	0.01817	0.01148	0.01339	0.00956	0.00765	0.00669	0.00191	0.01339	0.00478	0.00383	0.00861
10	0.02088	0.01532	0.01638	0.01400	0.01827	0.01707	0.01110	0.19081	0.36207	0.07219	0.02601	0.02511	0.01928	0.00948	0.00709	0.00229	0.00603	0.00765	0.14784	0.01114
11	0.12305	0.01617	0.02374	0.17958	0.14986	0.01679	0.10125	0.11617	0.01832	0.02754	0.01387	0.01743	0.01076	0.00692	0.00685	0.00212	0.00843	0.00615	0.00441	0.15058
12	0.01007	0.00730	0.00988	0.01012	0.01138	0.00711	0.00738	0.01273	0.01725	0.02413	0.36607	0.26169	0.05419	0.02504	0.13617	0.00429	0.00673	0.01482	0.00701	0.00663
13	0.00904	0.00646	0.00861	0.01034	0.01077	0.00603	0.00689	0.01034	0.01421	0.01895	0.04092	0.73426	0.04910	0.02326	0.00948	0.00301	0.00431	0.02110	0.00689	0.00603
14	0.01061	0.00795	0.01193	0.01193	0.01326	0.00928	0.00928	0.01326	0.01193	0.01723	0.01988	0.02916	0.01856	0.05568	0.70968	0.01193	0.01988	0.00795	0.00398	0.00663
15	0.02070	0.66682	0.03697	0.01340	0.01948	0.10306	0.01288	0.02303	0.01573	0.01754	0.01045	0.01207	0.00953	0.00649	0.00497	0.00162	0.00853	0.00406	0.00325	0.00943
16	0.01299	0.00932	0.01065	0.01022	0.01145	0.00968	0.00692	0.07445	0.08003	0.02115	0.08196	0.11864	0.03196	0.42928	0.02527	0.00525	0.00652	0.04207	0.00574	0.00644
17	0.00994	0.00760	0.00920	0.00933	0.01125	0.00686	0.00716	0.01265	0.01842	0.02430	0.32334	0.12198	0.29164	0.01789	0.00902	0.00260	0.00411	0.09865	0.00742	0.00663
18	0.01774	0.01180	0.01384	0.01263	0.01551	0.01219	0.00976	0.22556	0.02212	0.07986	0.06785	0.30336	0.03322	0.01568	0.00832	0.00259	0.00577	0.06041	0.07295	0.00884
19	0.02239	0.01958	0.01976	0.19488	0.02802	0.14923	0.01449	0.28555	0.02431	0.03146	0.01639	0.01894	0.01230	0.00825	0.00695	0.00216	0.00890	0.00634	0.12019	0.00990
20	0.01331	0.01016	0.01396	0.01611	0.12391	0.01037	0.01043	0.03637	0.03439	0.04983	0.03566	0.03881	0.20913	0.02894	0.27126	0.00592	0.01092	0.00981	0.06274	0.00797
21	0.01822	0.02099	0.13136	0.08696	0.09222	0.06895	0.01658	0.05968	0.26756	0.02646	0.01962	0.02082	0.01502	0.00853	0.00815	0.00232	0.04888	0.00678	0.00524	0.07567
22	0.01031	0.00782	0.00979	0.01063	0.01199	0.00731	0.00737	0.01326	0.06374	0.02037	0.03905	0.58906	0.07057	0.02049	0.00894	0.00278	0.00451	0.01842	0.00671	0.07686
23	0.01526	0.05992	0.45509	0.01757	0.02696	0.01541	0.02089	0.02192	0.01556	0.02347	0.01316	0.01543	0.00992	0.00653	0.00646	0.00192	0.00910	0.00508	0.00354	0.25681
24	0.01480	0.01091	0.01688	0.01456	0.01626	0.01186	0.09765	0.01737	0.12113	0.01790	0.01569	0.02238	0.01394	0.01917	0.02224	0.46498	0.08511	0.00709	0.00401	0.00608
25	0.01607	0.01537	0.02443	0.01745	0.02433	0.01272	0.21766	0.02031	0.01607	0.02406	0.01377	0.01687	0.01108	0.00574	0.00654	0.00155	0.00773	0.00579	0.00419	0.53829
26	0.02201	0.01708	0.01869	0.01467	0.02014	0.01781	0.01186	0.34721	0.14607	0.03716	0.06869	0.02181	0.01831	0.00875	0.00708	0.00201	0.00676	0.00694	0.00677	0.20020
27	0.00900	0.00662	0.00845	0.00991	0.01066	0.00607	0.00670	0.01038	0.01462	0.01912	0.04609	0.63429	0.14573	0.02259	0.00937	0.00294	0.00422	0.02028	0.00689	0.00607
28	0.02290	0.01683	0.01807	0.01498	0.01974	0.01872	0.01201	0.29523	0.30799	0.07745	0.02446	0.02349	0.01791	0.00940	0.00726	0.00231	0.00660	0.00749	0.08549	0.01168
29	0.01036	0.00739	0.00915	0.00921	0.01088	0.00680	0.00687	0.01323	0.01853	0.02578	0.38472	0.16429	0.16659	0.01678	0.00863	0.00248	0.00386	0.05022	0.07750	0.00671
30	0.01937	0.35574	0.20087	0.01863	0.02631	0.02255	0.14985	0.02412	0.01629	0.08178	0.01374	0.01570	0.01065	0.00676	0.00639	0.00203	0.00948	0.00564	0.00383	0.01026
31	0.01304	0.00791	0.00967	0.00928	0.00982	0.00808	0.00597	0.05947	0.01244	0.01699	0.01913	0.03546	0.02024	0.37868	0.03043	0.29492	0.00678	0.00866	0.04828	0.00476
32	0.14056	0.00963	0.01084	0.01106	0.01323	0.00990	0.00806	0.01850	0.10473	0.08438	0.03447	0.43575	0.05589	0.01738	0.00821	0.00275	0.00492	0.01519	0.00681	0.00774
33	0.01668	0.13404	0.02442	0.01715	0.08176	0.01499	0.09965	0.02033	0.01577	0.02304	0.01304	0.01572	0.01086	0.00584	0.00599	0.00147	0.00715	0.00512	0.00405	0.48294
34	0.23569	0.01809	0.05561	0.01345	0.01733	0.14009	0.01104	0.05425	0.08275	0.06380	0.01929	0.07558	0.01735	0.07366	0.06622	0.00353	0.00881	0.02965	0.00525	0.00857
35	0.05942	0.01209	0.01389	0.01260	0.01538	0.01285	0.00967	0.17007	0.04215	0.02719	0.03188	0.29724	0.09921	0.01669	0.02800	0.00283	0.06374	0.01291	0.00636	0.06583
36	0.01702	0.01645	0.09764	0.07797	0.02143	0.06728	0.01305	0.02342	0.11864	0.10115	0.07250	0.07756	0.02196	0.01832	0.13482	0.00400	0.00970	0.00830	0.00554	0.09323
37	0.06384	0.06301	0.14601	0.02276	0.17156	0.04128	0.04557	0.03983	0.04653	0.02323	0.01421	0.01879	0.01204	0.04995	0.01128	0.03999	0.08033	0.00617	0.00397	0.09961

[dist]
# distance from previous block
# <min> <max>
1	22

[block]
# block no. 1 follows, 27 sequences, length 15
# corresponding to MSA columns:
# 395-409
name=unknown_B
#
# <colnr> <probs for GDERKNQSTAVLIFYWHMCP>
#	G	D	E	R	K	N	Q	S	T	A	V	L	I	F	Y	W	H	M	C	P
0	0.09333	0.32471	0.07129	0.01469	0.05237	0.02055	0.01277	0.07047	0.04203	0.09334	0.05876	0.08089	0.01834	0.00911	0.00627	0.00206	0.00716	0.00702	0.00506	0.00976
1	0.26788	0.23494	0.07498	0.01425	0.04081	0.05419	0.01258	0.06176	0.05854	0.09710	0.01440	0.01526	0.01105	0.00733	0.00567	0.00208	0.00748	0.00503	0.00482	0.00983
2	0.17605	0.10095	0.07133	0.01621	0.04526	0.12741	0.01348	0.14570	0.13402	0.07585	0.01696	0.01741	0.01275	0.00803	0.00645	0.00219	0.00819	0.00582	0.00552	0.01044
3	0.01141	0.00878	0.01038	0.00993	0.01195	0.00873	0.00737	0.03934	0.07768	0.02413	0.25097	0.08463	0.21399	0.09899	0.10443	0.00422	0.00656	0.01267	0.00674	0.00709
4	0.01913	0.01193	0.01409	0.01200	0.01533	0.01209	0.00943	0.20050	0.02329	0.13095	0.24295	0.07275	0.03687	0.06096	0.00992	0.00265	0.00564	0.03495	0.07540	0.00918
5	0.10038	0.01648	0.01603	0.05743	0.05564	0.15427	0.01142	0.06340	0.01684	0.02290	0.10445	0.02789	0.02179	0.14087	0.09319	0.00424	0.07249	0.00773	0.00477	0.00779
6	0.01708	0.01856	0.03831	0.02794	0.03403	0.01843	0.53133	0.02252	0.01656	0.02328	0.01500	0.02009	0.01163	0.00732	0.01056	0.00254	0.10612	0.00833	0.06083	0.00953
7	0.01541	0.01501	0.02610	0.11461	0.22720	0.01553	0.16758	0.02001	0.04009	0.02171	0.02268	0.02843	0.09264	0.07468	0.03909	0.00324	0.05390	0.00865	0.00422	0.00921
8	0.00941	0.00727	0.00858	0.00884	0.01056	0.00645	0.00641	0.01166	0.01755	0.02292	0.26559	0.23720	0.32335	0.01877	0.00895	0.00258	0.00382	0.01634	0.00731	0.00645
9	0.01917	0.00910	0.01165	0.01053	0.01353	0.00814	0.00805	0.02165	0.01797	0.28136	0.09175	0.22778	0.10155	0.01448	0.00791	0.00243	0.00482	0.01249	0.12685	0.00880
10	0.01268	0.00894	0.01005	0.00979	0.01191	0.00926	0.00733	0.01895	0.14542	0.02528	0.12922	0.10179	0.12695	0.04086	0.07857	0.00339	0.00582	0.01090	0.23528	0.00759
11	0.71004	0.01417	0.01159	0.01013	0.01485	0.01604	0.00835	0.02337	0.01356	0.10474	0.01237	0.01348	0.00915	0.00714	0.00490	0.00230	0.00580	0.00439	0.00509	0.00853
12	0.01665	0.01362	0.01482	0.01373	0.01694	0.01526	0.01037	0.08595	0.42623	0.02857	0.03120	0.19296	0.02822	0.05831	0.00987	0.00290	0.00579	0.01136	0.00720	0.01004
13	0.01866	0.01902	0.02718	0.07346	0.02678	0.08158	0.16024	0.09017	0.01637	0.02239	0.01219	0.01726	0.01039	0.01018	0.01629	0.00280	0.37523	0.00688	0.00386	0.00908
14	0.06657	0.01395	0.01566	0.04811	0.01892	0.01570	0.01100	0.07734	0.35459	0.08687	0.02528	0.02781	0.02003	0.09300	0.08846	0.00401	0.00797	0.00804	0.00657	0.01014

[dist]
# distance from previous block
# <min> <max>
0	2

[block]
# block no. 2 follows, 27 sequences, length 8
# corresponding to MSA columns:
# 412-419
name=unknown_C
#
# <colnr> <probs for GDERKNQSTAVLIFYWHMCP>
#	G	D	E	R	K	N	Q	S	T	A	V	L	I	F	Y	W	H	M	C	P
0	0.02197	0.10967	0.18951	0.01683	0.02368	0.07025	0.01644	0.30399	0.02470	0.03301	0.05778	0.01852	0.01480	0.00824	0.00693	0.00209	0.00874	0.00621	0.00546	0.06117
1	0.24009	0.05481	0.11843	0.01522	0.02110	0.09767	0.04534	0.05330	0.14654	0.02796	0.01569	0.01683	0.01205	0.00749	0.00622	0.00214	0.00793	0.00557	0.00486	0.10075
2	0.17805	0.14094	0.10288	0.02362	0.20058	0.06571	0.06866	0.02335	0.01633	0.05789	0.04644	0.01765	0.01336	0.00727	0.00646	0.00215	0.00851	0.00594	0.00423	0.00999
3	0.07454	0.20191	0.49356	0.01832	0.02773	0.02004	0.02252	0.02308	0.01531	0.02283	0.01239	0.01452	0.00933	0.00688	0.00633	0.00217	0.00987	0.00502	0.00325	0.01041
4	0.07926	0.18873	0.02701	0.10135	0.10079	0.01795	0.10282	0.02098	0.01550	0.02266	0.01262	0.01578	0.01040	0.00627	0.00613	0.00179	0.00795	0.00537	0.00382	0.25281
5	0.02164	0.09601	0.01957	0.01562	0.01923	0.38879	0.01208	0.02622	0.09771	0.02246	0.17993	0.02525	0.02595	0.00965	0.00711	0.00206	0.00954	0.00725	0.00527	0.00867
6	0.02207	0.01477	0.01765	0.01455	0.01832	0.01629	0.01168	0.30217	0.02317	0.13049	0.01997	0.02454	0.01610	0.08984	0.18666	0.00520	0.06275	0.00749	0.00625	0.01004
7	0.00894	0.00686	0.00820	0.00927	0.01049	0.00612	0.00642	0.01046	0.01524	0.01937	0.05389	0.48346	0.29152	0.02157	0.00921	0.00282	0.00410	0.01905	0.00689	0.00612

[dist]
# distance from previous block
# <min> <max>
0	3

[block]
# block no. 3 follows, 27 sequences, length 7
# corresponding to MSA columns:
# 423-429
name=unknown_D
#
# <colnr> <probs for GDERKNQSTAVLIFYWHMCP>
#	G	D	E	R	K	N	Q	S	T	A	V	L	I	F	Y	W	H	M	C	P
0	0.01578	0.17421	0.35863	0.12723	0.03188	0.01917	0.08544	0.02205	0.01591	0.02196	0.05052	0.01819	0.01307	0.00734	0.00691	0.00223	0.00993	0.00612	0.00351	0.00994
1	0.01232	0.00804	0.01063	0.00997	0.01202	0.00742	0.00769	0.01577	0.02072	0.07895	0.58844	0.05544	0.06404	0.01515	0.00878	0.00242	0.00398	0.06269	0.00814	0.00741
2	0.01837	0.01590	0.08026	0.01553	0.01881	0.01587	0.01331	0.14568	0.06509	0.09878	0.02309	0.18343	0.02178	0.01659	0.06457	0.00341	0.17412	0.01013	0.00588	0.00941
3	0.00938	0.00678	0.00849	0.00958	0.01029	0.00631	0.00638	0.01070	0.01449	0.01914	0.08797	0.50040	0.12488	0.13250	0.01370	0.00355	0.00463	0.01832	0.00661	0.00589
4	0.11045	0.01296	0.01449	0.01075	0.01679	0.01061	0.00863	0.01997	0.01540	0.06305	0.01435	0.01621	0.01149	0.00604	0.00548	0.00135	0.00546	0.00466	0.04693	0.60494
5	0.02131	0.18283	0.02199	0.06666	0.02048	0.01808	0.01192	0.21438	0.02154	0.12691	0.02237	0.16492	0.02060	0.04253	0.00854	0.00248	0.00714	0.00928	0.00616	0.00989
6	0.08846	0.02101	0.21509	0.01840	0.06398	0.01573	0.04875	0.12062	0.01852	0.04852	0.06555	0.14542	0.02149	0.01118	0.00884	0.00251	0.06187	0.00920	0.00521	0.00965

[dist]
# distance from previous block
# <min> <max>
11	14

[block]
# block no. 4 follows, 27 sequences, length 12
# corresponding to MSA columns:
# 444-455
name=unknown_E
#
# <colnr> <probs for GDERKNQSTAVLIFYWHMCP>
#	G	D	E	R	K	N	Q	S	T	A	V	L	I	F	Y	W	H	M	C	P
0	0.01750	0.04590	0.01580	0.09816	0.01925	0.10459	0.01040	0.11175	0.01765	0.02381	0.01801	0.02635	0.01625	0.18621	0.01456	0.00323	0.03086	0.00714	0.15380	0.07880
1	0.13490	0.01756	0.12822	0.01551	0.04925	0.01413	0.01356	0.09148	0.05963	0.26574	0.04748	0.09067	0.01968	0.01000	0.00722	0.00238	0.00697	0.00812	0.00675	0.01076
2	0.01996	0.45480	0.19735	0.01570	0.02288	0.09772	0.01655	0.06105	0.01701	0.02073	0.01161	0.01333	0.00968	0.00681	0.00568	0.00185	0.00927	0.00458	0.00348	0.00996
3	0.01038	0.00774	0.01145	0.01170	0.01290	0.00881	0.00894	0.01284	0.01226	0.01748	0.02292	0.13085	0.02296	0.05100	0.60870	0.01064	0.01764	0.00985	0.00440	0.00654
4	0.01806	0.11701	0.32864	0.02035	0.02817	0.02000	0.11380	0.13219	0.01866	0.02607	0.01399	0.01683	0.01066	0.00973	0.03907	0.00274	0.06332	0.00616	0.00400	0.01054
5	0.60119	0.01280	0.01116	0.01029	0.01409	0.01486	0.00834	0.01973	0.01246	0.02939	0.01266	0.01623	0.01060	0.01878	0.17646	0.00465	0.00919	0.00498	0.00444	0.00770
6	0.01492	0.01407	0.01125	0.01078	0.01172	0.17833	0.00690	0.01539	0.01329	0.01531	0.02049	0.04000	0.02274	0.56081	0.03021	0.00591	0.00871	0.00933	0.00433	0.00550
7	0.02008	0.13625	0.02213	0.01443	0.02004	0.06849	0.03282	0.11172	0.11430	0.05523	0.01627	0.01739	0.01282	0.00744	0.00707	0.00179	0.03978	0.00561	0.00515	0.29119
8	0.01223	0.12505	0.07401	0.01071	0.01310	0.01142	0.00883	0.01430	0.01429	0.01924	0.14054	0.15009	0.03348	0.28724	0.05072	0.00458	0.00710	0.01125	0.00518	0.00663
9	0.21635	0.07453	0.06165	0.01251	0.01742	0.13277	0.01072	0.02325	0.06454	0.02601	0.01502	0.01687	0.01195	0.00724	0.00562	0.00187	0.00715	0.00511	0.13153	0.15788
10	0.06952	0.07448	0.04011	0.06603	0.02079	0.14350	0.01214	0.09736	0.11734	0.02599	0.05210	0.11896	0.02055	0.01033	0.00702	0.00219	0.00770	0.00828	0.02605	0.07955
11	0.01792	0.06069	0.18667	0.01567	0.02092	0.16530	0.01485	0.08750	0.06763	0.02428	0.07541	0.07039	0.09075	0.03866	0.02880	0.00273	0.00906	0.00850	0.00513	0.00914

[dist]
# distance from previous block
# <min> <max>
2	4

[block]
# block no. 5 follows, 27 sequences, length 11
# corresponding to MSA columns:
# 460-470
name=unknown_F
#
# <colnr> <probs for GDERKNQSTAVLIFYWHMCP>
#	G	D	E	R	K	N	Q	S	T	A	V	L	I	F	Y	W	H	M	C	P
0	0.01515	0.01394	0.02386	0.02896	0.29971	0.01363	0.11396	0.01926	0.01706	0.02309	0.02863	0.04584	0.08806	0.01243	0.00868	0.00269	0.00821	0.22248	0.00507	0.00930
1	0.01088	0.00749	0.00944	0.00938	0.01032	0.00780	0.00651	0.01259	0.01309	0.01862	0.09655	0.04205	0.06607	0.31855	0.25654	0.00747	0.01052	0.01002	0.08029	0.00582
2	0.01876	0.06274	0.10590	0.02673	0.14790	0.01936	0.23643	0.08954	0.16307	0.02729	0.01796	0.02024	0.01366	0.00750	0.00770	0.00236	0.00955	0.00745	0.00482	0.01104
3	0.01371	0.01246	0.06573	0.01215	0.01584	0.01064	0.07257	0.05902	0.07230	0.02653	0.11733	0.04130	0.21595	0.01213	0.00747	0.00224	0.00550	0.01039	0.21864	0.00811
4	0.01226	0.01189	0.05512	0.01833	0.15462	0.01011	0.04111	0.01586	0.01827	0.02519	0.30603	0.11928	0.15442	0.01401	0.00845	0.00242	0.00558	0.01254	0.00639	0.00813
5	0.07482	0.01591	0.02181	0.05135	0.11260	0.01605	0.06343	0.16149	0.06974	0.30273	0.02195	0.02152	0.01505	0.00840	0.00736	0.00231	0.00760	0.00710	0.00700	0.01177
6	0.01867	0.01809	0.02868	0.16398	0.35506	0.04906	0.11019	0.07631	0.05993	0.02520	0.01519	0.01919	0.01200	0.00717	0.00755	0.00231	0.00950	0.00695	0.00417	0.01079
7	0.06055	0.00814	0.00915	0.00902	0.01110	0.00757	0.00656	0.01360	0.01581	0.06948	0.10549	0.16558	0.31772	0.11106	0.05281	0.00369	0.00551	0.01397	0.00655	0.00666
8	0.02254	0.01887	0.06815	0.06086	0.05820	0.09165	0.01376	0.15822	0.02103	0.15386	0.01742	0.01877	0.01285	0.01031	0.04720	0.00251	0.00875	0.00603	0.00564	0.20336
9	0.01381	0.01294	0.01797	0.01640	0.01655	0.01710	0.01309	0.01533	0.01233	0.01823	0.02026	0.25850	0.02302	0.01646	0.01934	0.00317	0.48218	0.01143	0.00448	0.00742
10	0.06578	0.09348	0.27316	0.02020	0.08356	0.05339	0.08134	0.02242	0.01593	0.02353	0.01294	0.01556	0.01010	0.00652	0.00648	0.00196	0.00914	0.00537	0.00368	0.19546

[dist]
# distance from previous block
# <min> <max>
0	1

[block]
# block no. 6 follows, 27 sequences, length 13
# corresponding to MSA columns:
# 472-484
name=unknown_G
#
# <colnr> <probs for GDERKNQSTAVLIFYWHMCP>
#	G	D	E	R	K	N	Q	S	T	A	V	L	I	F	Y	W	H	M	C	P
0	0.43067	0.05415	0.06236	0.04422	0.04643	0.01524	0.01055	0.02203	0.01440	0.07531	0.01469	0.01671	0.01119	0.00737	0.00533	0.00216	0.00617	0.00512	0.14728	0.00861
1	0.10606	0.20120	0.46532	0.01785	0.02700	0.02002	0.02172	0.02301	0.01518	0.02323	0.01227	0.01437	0.00927	0.00687	0.00623	0.00217	0.00965	0.00496	0.00331	0.01029
2	0.01171	0.00875	0.01050	0.00963	0.01192	0.00827	0.00734	0.07146	0.02136	0.02918	0.49656	0.05556	0.19888	0.01540	0.00864	0.00236	0.00397	0.01331	0.00783	0.00735
3	0.02655	0.03360	0.02368	0.02053	0.02479	0.62928	0.08984	0.02896	0.02063	0.01882	0.01189	0.01416	0.00976	0.00749	0.00693	0.00198	0.01329	0.00524	0.00382	0.00877
4	0.01825	0.01471	0.02063	0.29777	0.12861	0.01659	0.01633	0.19329	0.02095	0.02898	0.05150	0.02202	0.01532	0.00828	0.00717	0.00226	0.00805	0.00703	0.11257	0.00968
5	0.01802	0.00916	0.01156	0.01044	0.01358	0.00798	0.00799	0.02027	0.01822	0.27036	0.10208	0.20991	0.23841	0.01601	0.00846	0.00254	0.00481	0.01374	0.00785	0.00862
6	0.01365	0.01236	0.02012	0.31403	0.21463	0.01356	0.01688	0.01734	0.01533	0.02046	0.02353	0.21357	0.05026	0.01195	0.00801	0.00255	0.00783	0.01089	0.00452	0.00853
7	0.01938	0.01429	0.01696	0.01428	0.01710	0.01631	0.01129	0.25765	0.02106	0.06422	0.02165	0.05716	0.04580	0.13891	0.08930	0.00431	0.14397	0.00851	0.02878	0.00906
8	0.01553	0.01277	0.01717	0.01848	0.09970	0.01426	0.01342	0.10654	0.04722	0.02490	0.02925	0.13596	0.05814	0.01565	0.01182	0.00294	0.13891	0.22287	0.00591	0.00856
9	0.01850	0.01608	0.01771	0.06149	0.02133	0.05179	0.01136	0.13110	0.09364	0.02790	0.01569	0.01741	0.01239	0.00707	0.00683	0.00165	0.02902	0.00547	0.00512	0.44844
10	0.01636	0.01756	0.07248	0.02259	0.10577	0.07670	0.17996	0.02025	0.01589	0.05002	0.02123	0.09324	0.05204	0.01859	0.13851	0.00424	0.07216	0.00909	0.00441	0.00891
11	0.07171	0.21799	0.08144	0.08413	0.13004	0.12210	0.04633	0.02262	0.01567	0.02067	0.01168	0.01515	0.00992	0.00773	0.00888	0.00220	0.11337	0.00544	0.00349	0.00946
12	0.06079	0.19872	0.02321	0.01591	0.08424	0.01811	0.01209	0.08940	0.04770	0.06027	0.01783	0.01939	0.04760	0.00931	0.02954	0.00216	0.03885	0.00587	0.00481	0.21421

[dist]
# distance from previous block
# <min> <max>
6	9

[block]
# block no. 7 follows, 27 sequences, length 14
# corresponding to MSA columns:
# 495-508
name=unknown_H
#
# <colnr> <probs for GDERKNQSTAVLIFYWHMCP>
#	G	D	E	R	K	N	Q	S	T	A	V	L	I	F	Y	W	H	M	C	P
0	0.01541	0.01441	0.01936	0.02427	0.28198	0.05280	0.01383	0.01887	0.01748	0.02408	0.13248	0.03215	0.13273	0.00982	0.00736	0.00201	0.00666	0.00861	0.00510	0.18060
1	0.02168	0.23345	0.02922	0.01879	0.04850	0.11264	0.10912	0.15900	0.11488	0.02693	0.01691	0.02007	0.01379	0.00818	0.00688	0.00213	0.00906	0.03333	0.00502	0.01040
2	0.51536	0.01487	0.01431	0.05816	0.06658	0.01712	0.01071	0.02563	0.16123	0.03126	0.01519	0.01647	0.01167	0.00761	0.00563	0.00235	0.00625	0.00534	0.00510	0.00914
3	0.01811	0.36875	0.06277	0.04239	0.08728	0.10078	0.01335	0.02063	0.01526	0.01821	0.01489	0.06112	0.01477	0.12061	0.01083	0.00271	0.00856	0.00656	0.00372	0.00869
4	0.08237	0.00859	0.01020	0.00970	0.01189	0.00830	0.00730	0.01587	0.04387	0.05589	0.44396	0.12902	0.11481	0.01525	0.00836	0.00243	0.00403	0.01322	0.00760	0.00733
5	0.01545	0.01432	0.01568	0.06139	0.01824	0.10291	0.01150	0.06603	0.05444	0.02082	0.02247	0.19974	0.02323	0.07361	0.13414	0.00463	0.13810	0.01060	0.00501	0.00770
6	0.00954	0.00683	0.00866	0.00956	0.01056	0.00625	0.00661	0.01084	0.01528	0.02010	0.13334	0.44030	0.18134	0.02147	0.01101	0.07375	0.00428	0.01761	0.00673	0.00596
7	0.01071	0.00753	0.00977	0.00977	0.01035	0.00811	0.00659	0.01187	0.01129	0.01564	0.02186	0.04009	0.02330	0.44027	0.33158	0.00927	0.01274	0.00955	0.00427	0.00543
8	0.06048	0.42446	0.03134	0.01805	0.10739	0.10871	0.01396	0.05571	0.07721	0.02189	0.01310	0.01466	0.01109	0.00703	0.00571	0.00186	0.00843	0.00495	0.00399	0.00998
9	0.01091	0.00828	0.00995	0.01029	0.01198	0.00807	0.00747	0.07055	0.01663	0.02159	0.04659	0.37543	0.23774	0.02478	0.09954	0.00394	0.00650	0.01643	0.00656	0.00678
10	0.07207	0.05044	0.09559	0.01971	0.08575	0.22076	0.01557	0.22130	0.04815	0.02984	0.01455	0.01600	0.01118	0.00773	0.00677	0.00207	0.00963	0.00564	0.00504	0.06222
11	0.07463	0.01788	0.05433	0.05282	0.24660	0.09113	0.04050	0.06276	0.01834	0.07303	0.06298	0.05544	0.01959	0.01150	0.03751	0.00276	0.00895	0.05435	0.00503	0.00988
12	0.07152	0.03827	0.01654	0.04759	0.01767	0.01447	0.01139	0.05824	0.01530	0.07269	0.04622	0.16231	0.02199	0.01943	0.11644	0.00400	0.18400	0.00954	0.00516	0.06723
13	0.08963	0.04695	0.15848	0.06284	0.03879	0.01695	0.01507	0.21476	0.05328	0.03108	0.07010	0.08839	0.06162	0.01052	0.00736	0.00236	0.00757	0.00852	0.00574	0.00999

[dist]
# distance from previous block
# <min> <max>
0	17

[block]
# block no. 8 follows, 27 sequences, length 21
# corresponding to MSA columns:
# 526-546
name=unknown_I
#
# <colnr> <probs for GDERKNQSTAVLIFYWHMCP>
#	G	D	E	R	K	N	Q	S	T	A	V	L	I	F	Y	W	H	M	C	P
0	0.01758	0.01774	0.11467	0.01449	0.02167	0.01256	0.06022	0.06605	0.01734	0.07113	0.01476	0.01661	0.01140	0.00626	0.00622	0.00154	0.00703	0.00524	0.00471	0.51279
1	0.01349	0.04355	0.20066	0.01654	0.02177	0.01316	0.12260	0.01932	0.06503	0.02320	0.13540	0.11266	0.07693	0.08924	0.01126	0.00296	0.00783	0.01059	0.00524	0.00857
2	0.01481	0.00844	0.01094	0.01055	0.01254	0.00802	0.00785	0.01716	0.01726	0.15297	0.18202	0.30353	0.08426	0.01658	0.00911	0.00258	0.03590	0.01439	0.08337	0.00771
3	0.01894	0.01898	0.09416	0.04589	0.13664	0.04053	0.06337	0.19464	0.09846	0.02996	0.04938	0.11289	0.04190	0.01056	0.00782	0.00240	0.00805	0.00922	0.00576	0.01045
4	0.00968	0.00673	0.00843	0.00952	0.00980	0.00645	0.00602	0.01050	0.01297	0.01730	0.03456	0.48567	0.04108	0.28278	0.01974	0.00453	0.00535	0.01737	0.00602	0.00547
5	0.01957	0.01668	0.06436	0.04694	0.12877	0.06444	0.04215	0.04639	0.08886	0.15262	0.05177	0.05447	0.11818	0.01029	0.00760	0.00227	0.00737	0.00880	0.00602	0.06246
6	0.61824	0.07571	0.01418	0.01050	0.01541	0.01691	0.00884	0.02390	0.01407	0.12673	0.01304	0.01393	0.00964	0.00717	0.00502	0.00224	0.00601	0.00451	0.00513	0.00882
7	0.01974	0.02093	0.02232	0.01923	0.02054	0.17908	0.01565	0.06833	0.01530	0.02006	0.01073	0.01571	0.00992	0.01148	0.01910	0.00287	0.51066	0.00612	0.00369	0.00856
8	0.02015	0.02248	0.14455	0.02131	0.12934	0.09002	0.01663	0.11939	0.23687	0.05182	0.02313	0.02330	0.04985	0.00897	0.00738	0.00233	0.00829	0.00730	0.00574	0.01115
9	0.08816	0.09490	0.19805	0.02138	0.13261	0.04726	0.01792	0.16647	0.06518	0.07537	0.01602	0.01728	0.01190	0.00768	0.00679	0.00221	0.00869	0.00596	0.00503	0.01114
10	0.01650	0.26699	0.48613	0.01842	0.02789	0.02117	0.02265	0.02309	0.01548	0.02155	0.01235	0.01445	0.00944	0.00683	0.00631	0.00210	0.00999	0.00499	0.00315	0.01050
11	0.64372	0.01374	0.01173	0.01021	0.01481	0.01533	0.00838	0.02337	0.01429	0.12483	0.05047	0.01628	0.01289	0.00767	0.00522	0.00230	0.00570	0.00502	0.00543	0.00862
12	0.01161	0.00816	0.01048	0.01034	0.01121	0.00889	0.00716	0.01410	0.06902	0.01676	0.02152	0.03658	0.02189	0.33879	0.29090	0.09146	0.01185	0.00904	0.00443	0.00580
13	0.51673	0.01465	0.01343	0.01127	0.01611	0.01616	0.00927	0.11805	0.01745	0.14596	0.01525	0.01585	0.01096	0.00765	0.00551	0.00226	0.00608	0.00512	0.04283	0.00942
14	0.00961	0.00686	0.00926	0.01098	0.01166	0.00652	0.00787	0.01131	0.01477	0.01958	0.04061	0.60864	0.04787	0.02273	0.00963	0.00309	0.00480	0.14116	0.00688	0.00619
15	0.02583	0.24789	0.09324	0.01505	0.02140	0.07107	0.01401	0.15607	0.02147	0.23755	0.01815	0.01776	0.01291	0.00792	0.00651	0.00204	0.00818	0.00582	0.00595	0.01120
16	0.01191	0.00680	0.00893	0.00893	0.00893	0.00680	0.00553	0.01020	0.01020	0.01360	0.01781	0.03475	0.01950	0.35995	0.03312	0.42010	0.00680	0.00848	0.00382	0.00382
17	0.09095	0.07644	0.04744	0.01747	0.02117	0.44337	0.01405	0.02562	0.01788	0.01955	0.01178	0.01476	0.01010	0.01164	0.06016	0.00284	0.09739	0.00513	0.00376	0.00851
18	0.02090	0.01796	0.02017	0.02060	0.14780	0.12640	0.03625	0.11633	0.04208	0.09444	0.02204	0.04913	0.06176	0.03861	0.00898	0.00233	0.03131	0.00762	0.03574	0.09956
19	0.14294	0.16813	0.04371	0.01315	0.01738	0.06759	0.01132	0.13193	0.01880	0.02695	0.08978	0.07166	0.02143	0.01639	0.10363	0.00353	0.00901	0.02862	0.00522	0.00881
20	0.01801	0.01519	0.04838	0.19028	0.17369	0.04208	0.03770	0.04293	0.03930	0.10735	0.13446	0.02666	0.02293	0.00898	0.00750	0.00229	0.00777	0.00793	0.05689	0.00968

[dist]
# distance from previous block
# <min> <max>
0	10

[block]
# block no. 9 follows, 27 sequences, length 20
# corresponding to MSA columns:
# 557-576
name=unknown_J
#
# <colnr> <probs for GDERKNQSTAVLIFYWHMCP>
#	G	D	E	R	K	N	Q	S	T	A	V	L	I	F	Y	W	H	M	C	P
0	0.28201	0.04251	0.01882	0.01801	0.12782	0.04198	0.01241	0.15389	0.04204	0.05750	0.01434	0.01585	0.01104	0.00725	0.00605	0.00205	0.00707	0.00535	0.00519	0.12883
1	0.01466	0.01585	0.06439	0.13741	0.02497	0.08932	0.09385	0.01813	0.01491	0.01948	0.02068	0.07154	0.04487	0.07274	0.15234	0.00476	0.06853	0.03209	0.03174	0.00776
2	0.01250	0.00753	0.00984	0.01035	0.01185	0.00683	0.00734	0.01433	0.01623	0.11290	0.11959	0.49535	0.10686	0.01996	0.00905	0.00279	0.00443	0.01783	0.00736	0.00707
3	0.07894	0.00968	0.01196	0.01090	0.01411	0.00888	0.00853	0.02098	0.01801	0.25510	0.11682	0.18489	0.15403	0.01518	0.00825	0.00257	0.00511	0.05973	0.00765	0.00867
4	0.08378	0.01952	0.02053	0.01621	0.02177	0.02180	0.01327	0.51738	0.13810	0.04322	0.01928	0.01900	0.01391	0.00895	0.00724	0.00228	0.00761	0.00676	0.00724	0.01214
5	0.18755	0.01142	0.01109	0.00993	0.01320	0.01243	0.00783	0.09103	0.10485	0.05490	0.02146	0.02312	0.01639	0.00850	0.00569	0.00203	0.00488	0.00647	0.39863	0.00861
6	0.40432	0.01579	0.01510	0.01241	0.01722	0.01749	0.01008	0.23712	0.02075	0.10225	0.01568	0.01802	0.01201	0.06261	0.00830	0.00264	0.00671	0.00575	0.00598	0.00975
7	0.02391	0.02828	0.16506	0.02220	0.11820	0.26617	0.01779	0.12221	0.05135	0.09135	0.01574	0.01703	0.01174	0.00782	0.00708	0.00216	0.01044	0.00589	0.00488	0.01067
8	0.02100	0.58578	0.10092	0.01359	0.02032	0.02594	0.01392	0.02405	0.01589	0.10081	0.01292	0.01390	0.01059	0.00676	0.00532	0.00175	0.00804	0.00454	0.00390	0.01005
9	0.53798	0.01466	0.01276	0.03680	0.04124	0.04238	0.00927	0.06808	0.01492	0.03116	0.01310	0.01669	0.01075	0.05643	0.00736	0.00257	0.00640	0.00511	0.06411	0.00822
10	0.01534	0.01229	0.01549	0.11128	0.02092	0.01319	0.03588	0.09575	0.17706	0.04605	0.05919	0.16376	0.14139	0.04669	0.00955	0.00277	0.00629	0.01181	0.00650	0.00883
11	0.00979	0.00740	0.00880	0.00926	0.01094	0.00667	0.00691	0.01165	0.01640	0.02093	0.14670	0.19223	0.33360	0.04649	0.01126	0.04477	0.00451	0.09872	0.00678	0.00617
12	0.01997	0.01764	0.01527	0.01531	0.06619	0.22799	0.01072	0.02258	0.01707	0.08760	0.01891	0.02338	0.01559	0.06149	0.08217	0.00336	0.03693	0.00663	0.24297	0.00822
13	0.01045	0.00730	0.00907	0.00941	0.01082	0.00664	0.00665	0.01251	0.01686	0.04686	0.24596	0.31663	0.18087	0.07155	0.01110	0.00298	0.00423	0.01640	0.00720	0.00651
14	0.01295	0.00904	0.01320	0.01249	0.01288	0.01086	0.00943	0.01253	0.01071	0.01527	0.01427	0.02313	0.01388	0.03180	0.22886	0.38493	0.16812	0.00690	0.00345	0.00530
15	0.02042	0.69194	0.03760	0.01317	0.01934	0.07894	0.01282	0.02277	0.01552	0.01752	0.01040	0.01202	0.00953	0.00645	0.00490	0.00161	0.00834	0.00403	0.00322	0.00946
16	0.01209	0.00788	0.00994	0.00973	0.01156	0.00742	0.00713	0.01422	0.01622	0.08700	0.17586	0.17252	0.20108	0.10262	0.12599	0.00459	0.00705	0.01359	0.00664	0.00686
17	0.02385	0.05471	0.09103	0.02068	0.06885	0.23079	0.08401	0.10318	0.09332	0.11038	0.01715	0.01825	0.01279	0.00808	0.00770	0.00221	0.03090	0.00636	0.00520	0.01054
18	0.07840	0.08650	0.10326	0.01820	0.07082	0.16580	0.01506	0.13873	0.02126	0.17242	0.01792	0.02035	0.01354	0.00847	0.00693	0.00219	0.00902	0.03483	0.00565	0.01065
19	0.05344	0.01701	0.01756	0.01578	0.04394	0.13844	0.03392	0.11856	0.03960	0.15323	0.02313	0.16245	0.02081	0.01456	0.05871	0.00299	0.00867	0.00932	0.00617	0.06170

[dist]
# distance from previous block
# <min> <max>
1	43

[block]
# block no. 10 follows, 27 sequences, length 6
# corresponding to MSA columns:
# 621-626
name=unknown_K
#
# <colnr> <probs for GDERKNQSTAVLIFYWHMCP>
#	G	D	E	R	K	N	Q	S	T	A	V	L	I	F	Y	W	H	M	C	P
0	0.01706	0.01337	0.01631	0.01416	0.06553	0.01159	0.01026	0.06855	0.06283	0.06700	0.07078	0.06512	0.01944	0.00823	0.00654	0.00165	0.00578	0.00693	0.00553	0.46336
1	0.01435	0.01085	0.01229	0.01153	0.01387	0.01128	0.00848	0.13854	0.11266	0.02668	0.11341	0.24952	0.11285	0.11391	0.01248	0.00322	0.00549	0.01366	0.00691	0.00801
2	0.01431	0.01148	0.01494	0.10650	0.08056	0.05282	0.01179	0.01810	0.04528	0.05442	0.02507	0.12784	0.04698	0.02659	0.23682	0.00555	0.01126	0.03558	0.06619	0.00790
3	0.02204	0.01968	0.07451	0.02027	0.11170	0.07902	0.04117	0.21342	0.10777	0.09471	0.02094	0.07034	0.01728	0.06159	0.00971	0.00267	0.00832	0.00807	0.00605	0.01077
4	0.01013	0.00726	0.00946	0.00981	0.01085	0.00726	0.00694	0.01153	0.01378	0.01846	0.09401	0.20723	0.14525	0.14038	0.20633	0.06774	0.00901	0.01317	0.00555	0.00586
5	0.02251	0.01998	0.09421	0.02600	0.20311	0.04012	0.09985	0.16431	0.05333	0.14164	0.01838	0.02009	0.01349	0.00980	0.03702	0.00269	0.00942	0.00701	0.00556	0.01147

[dist]
# distance from previous block
# <min> <max>
1	2

[block]
# block no. 11 follows, 27 sequences, length 11
# corresponding to MSA columns:
# 629-639
name=unknown_L
#
# <colnr> <probs for GDERKNQSTAVLIFYWHMCP>
#	G	D	E	R	K	N	Q	S	T	A	V	L	I	F	Y	W	H	M	C	P
0	0.06326	0.07396	0.09788	0.02323	0.17854	0.07369	0.01680	0.18347	0.06487	0.02928	0.01493	0.01701	0.01171	0.00791	0.00802	0.00218	0.05865	0.00599	0.00485	0.06376
1	0.18279	0.01923	0.13542	0.01421	0.01990	0.01661	0.01332	0.22494	0.05397	0.07933	0.06589	0.02308	0.04941	0.00913	0.00678	0.00227	0.00706	0.00697	0.05945	0.01024
2	0.21212	0.08092	0.04477	0.04655	0.01810	0.01444	0.01062	0.07523	0.01699	0.14149	0.06339	0.07005	0.01829	0.01103	0.00884	0.08447	0.00647	0.00713	0.00561	0.06350
3	0.01225	0.00883	0.01066	0.01022	0.01257	0.00803	0.00752	0.05753	0.01796	0.05169	0.17626	0.31138	0.17116	0.01730	0.00855	0.00249	0.00450	0.01516	0.00702	0.08891
4	0.02773	0.03538	0.02104	0.01913	0.02295	0.70930	0.01434	0.02964	0.02104	0.01817	0.01148	0.01339	0.00956	0.00765	0.00669	0.00191	0.01339	0.00478	0.00383	0.00861
5	0.02115	0.35247	0.09934	0.01421	0.02034	0.02329	0.01374	0.22146	0.02134	0.02846	0.01472	0.01613	0.01168	0.00751	0.00588	0.00188	0.00776	0.00534	0.10299	0.01031
6	0.01336	0.00839	0.00990	0.00946	0.01178	0.00786	0.00710	0.01726	0.06265	0.09593	0.22570	0.14950	0.19731	0.01519	0.00807	0.00239	0.00413	0.01306	0.13338	0.00759
7	0.01723	0.10755	0.11267	0.01569	0.07968	0.01394	0.03964	0.05780	0.01818	0.08258	0.12602	0.02652	0.02324	0.00895	0.00663	0.00205	0.00645	0.00747	0.23852	0.00920
8	0.01404	0.00940	0.04055	0.01124	0.01268	0.00869	0.00857	0.01367	0.01184	0.06362	0.01744	0.07294	0.01703	0.07540	0.11052	0.40295	0.04756	0.00786	0.00414	0.04985
9	0.01869	0.01370	0.01599	0.01396	0.01723	0.01520	0.01102	0.13297	0.20268	0.10651	0.06398	0.12834	0.10402	0.01327	0.01024	0.00260	0.10213	0.01061	0.00701	0.00984
10	0.01980	0.07352	0.16114	0.01843	0.08668	0.13321	0.01550	0.02564	0.08672	0.08826	0.01672	0.01923	0.01322	0.04737	0.00833	0.00224	0.00867	0.00594	0.00469	0.16470

[dist]
# distance from previous block
# <min> <max>
2	8

[block]
# block no. 12 follows, 27 sequences, length 13
# corresponding to MSA columns:
# 648-660
name=unknown_M
#
# <colnr> <probs for GDERKNQSTAVLIFYWHMCP>
#	G	D	E	R	K	N	Q	S	T	A	V	L	I	F	Y	W	H	M	C	P
0	0.01308	0.01243	0.01583	0.05867	0.01854	0.08951	0.09946	0.01585	0.01668	0.02133	0.11668	0.28243	0.12025	0.01705	0.03311	0.00289	0.00718	0.01389	0.03792	0.00723
1	0.01156	0.00729	0.00835	0.00848	0.00977	0.00686	0.00580	0.01337	0.01501	0.04530	0.10422	0.17973	0.14939	0.21272	0.01596	0.00368	0.00480	0.01292	0.17863	0.00619
2	0.10106	0.00972	0.01153	0.01081	0.01336	0.00946	0.00803	0.05766	0.01753	0.16071	0.12310	0.28571	0.07026	0.07380	0.01054	0.00296	0.00520	0.01343	0.00712	0.00801
3	0.02062	0.01280	0.01506	0.01249	0.01641	0.01297	0.00996	0.19700	0.07451	0.17121	0.27065	0.03668	0.06603	0.01179	0.00791	0.00230	0.00553	0.00986	0.03620	0.01000
4	0.09970	0.01053	0.01225	0.01039	0.01396	0.01022	0.00827	0.06425	0.01950	0.24353	0.17067	0.03082	0.02855	0.01010	0.00678	0.00213	0.00491	0.00822	0.23598	0.00924
5	0.10188	0.09139	0.02265	0.01600	0.02160	0.01939	0.06956	0.23170	0.15578	0.16389	0.02078	0.02026	0.01486	0.00850	0.00702	0.00227	0.00746	0.00682	0.00675	0.01145
6	0.01776	0.44677	0.31742	0.01626	0.02456	0.02427	0.01890	0.02277	0.01533	0.02001	0.01158	0.01349	0.00948	0.00665	0.00573	0.00191	0.00922	0.00461	0.00316	0.01013
7	0.07112	0.52971	0.03257	0.01341	0.01926	0.11597	0.01244	0.02460	0.01634	0.08810	0.01241	0.01348	0.01034	0.00685	0.00528	0.00175	0.00835	0.00444	0.00397	0.00963
8	0.64337	0.01634	0.01343	0.01273	0.04952	0.05965	0.00966	0.07545	0.01519	0.03304	0.01120	0.01293	0.00870	0.00709	0.00509	0.00226	0.00656	0.00442	0.00473	0.00864
9	0.01574	0.01119	0.01425	0.01394	0.04883	0.03576	0.01021	0.01894	0.04112	0.11423	0.09757	0.06228	0.08165	0.06028	0.19627	0.00521	0.10193	0.00941	0.05312	0.00807
10	0.01013	0.00772	0.00919	0.00941	0.01099	0.00724	0.00671	0.01337	0.05738	0.02299	0.24866	0.25433	0.22221	0.07190	0.01105	0.00295	0.00422	0.01574	0.00715	0.00663
11	0.02084	0.01303	0.01648	0.05815	0.05334	0.01335	0.01156	0.21139	0.02205	0.17726	0.02847	0.28627	0.02726	0.01410	0.00819	0.00255	0.00646	0.01221	0.00717	0.00986
12	0.01075	0.00820	0.01071	0.01243	0.05306	0.00790	0.00836	0.01361	0.04519	0.02127	0.12177	0.33151	0.12801	0.09315	0.01209	0.00328	0.00512	0.10022	0.00663	0.00674

[dist]
# distance from previous block
# <min> <max>
15	55

[block]
# block no. 13 follows, 27 sequences, length 8
# corresponding to MSA columns:
# 716-723
name=unknown_N
#
# <colnr> <probs for GDERKNQSTAVLIFYWHMCP>
#	G	D	E	R	K	N	Q	S	T	A	V	L	I	F	Y	W	H	M	C	P
0	0.04363	0.01697	0.02478	0.16541	0.23803	0.07221	0.06790	0.02192	0.01638	0.06136	0.06504	0.02104	0.01553	0.00869	0.01025	0.00245	0.12744	0.00709	0.00424	0.00965
1	0.00930	0.00721	0.00833	0.00870	0.01033	0.00640	0.00619	0.01122	0.01659	0.02129	0.18090	0.25512	0.35005	0.06103	0.01065	0.00289	0.00406	0.01650	0.00700	0.00624
2	0.01224	0.00667	0.00965	0.00975	0.00990	0.00676	0.00653	0.01016	0.01026	0.01380	0.01625	0.06650	0.01697	0.10385	0.09158	0.58614	0.00764	0.00788	0.00364	0.00383
3	0.02070	0.66713	0.03697	0.01340	0.01947	0.10276	0.01288	0.02303	0.01573	0.01754	0.01045	0.01207	0.00953	0.00649	0.00497	0.00162	0.00853	0.00406	0.00325	0.00943
4	0.01197	0.01016	0.01530	0.15181	0.02172	0.01031	0.07569	0.03738	0.01647	0.02135	0.10839	0.14831	0.21827	0.04056	0.03200	0.04824	0.00682	0.01252	0.00565	0.00708
5	0.01514	0.01434	0.02430	0.54684	0.21677	0.01679	0.02118	0.01995	0.01538	0.02033	0.01339	0.01943	0.01038	0.00721	0.00740	0.00240	0.00962	0.00660	0.00340	0.00915
6	0.01778	0.05064	0.02340	0.26054	0.14729	0.17063	0.05502	0.02158	0.01711	0.02033	0.01919	0.02756	0.05154	0.00926	0.00759	0.00237	0.00988	0.07538	0.00408	0.00883
7	0.13836	0.00981	0.01225	0.01168	0.01355	0.01013	0.05695	0.01594	0.07249	0.02156	0.02850	0.32258	0.03148	0.20292	0.01576	0.00389	0.00605	0.01359	0.00572	0.00677

[dist]
# distance from previous block
# <min> <max>
0	1

[block]
# block no. 14 follows, 27 sequences, length 8
# corresponding to MSA columns:
# 725-732
name=unknown_O
#
# <colnr> <probs for GDERKNQSTAVLIFYWHMCP>
#	G	D	E	R	K	N	Q	S	T	A	V	L	I	F	Y	W	H	M	C	P
0	0.05941	0.18190	0.12949	0.01642	0.02272	0.11860	0.01535	0.28521	0.02415	0.03158	0.03824	0.01666	0.01286	0.00802	0.00660	0.00207	0.00900	0.00576	0.00523	0.01072
1	0.01876	0.05897	0.21552	0.04524	0.10934	0.01741	0.06912	0.07744	0.06279	0.09870	0.01781	0.04676	0.01408	0.01128	0.04775	0.00293	0.06358	0.00717	0.00478	0.01056
2	0.01555	0.01528	0.08670	0.01184	0.01796	0.01092	0.01042	0.05307	0.01613	0.02487	0.01513	0.01907	0.01278	0.06134	0.00817	0.00180	0.00618	0.00532	0.06852	0.53895
3	0.01432	0.00961	0.01338	0.01210	0.01467	0.00900	0.05636	0.06032	0.01870	0.10875	0.19276	0.29750	0.12907	0.01678	0.00877	0.00261	0.00517	0.01499	0.00728	0.00786
4	0.01595	0.01488	0.02161	0.01924	0.05336	0.01881	0.06302	0.05805	0.01354	0.01986	0.01372	0.02275	0.01348	0.12997	0.07012	0.00429	0.42800	0.00747	0.00382	0.00806
5	0.06820	0.02068	0.15144	0.01496	0.02017	0.10188	0.01402	0.14209	0.02076	0.09323	0.07236	0.03408	0.09819	0.03914	0.00879	0.00258	0.00804	0.07401	0.00593	0.00946
6	0.00947	0.00731	0.00851	0.00903	0.01064	0.00655	0.00657	0.01137	0.01623	0.02066	0.13202	0.24338	0.34281	0.07536	0.01132	0.00306	0.00439	0.06826	0.00685	0.00620
7	0.01862	0.10216	0.22677	0.02388	0.14703	0.12093	0.06015	0.04016	0.05032	0.02220	0.01364	0.01680	0.01096	0.00862	0.00946	0.04579	0.06285	0.00594	0.00373	0.00999

[dist]
# distance from previous block
# <min> <max>
2	5

[block]
# block no. 15 follows, 27 sequences, length 35
# corresponding to MSA columns:
# 747-781
name=unknown_P
#
# <colnr> <probs for GDERKNQSTAVLIFYWHMCP>
#	G	D	E	R	K	N	Q	S	T	A	V	L	I	F	Y	W	H	M	C	P
0	0.13675	0.02163	0.16987	0.10863	0.16737	0.01822	0.01854	0.18124	0.02039	0.06695	0.01496	0.01725	0.01103	0.00755	0.00690	0.00229	0.00866	0.00604	0.00487	0.01086
1	0.01842	0.01770	0.10473	0.01697	0.06489	0.01312	0.07306	0.06602	0.01765	0.09425	0.01538	0.01722	0.01173	0.00644	0.00644	0.00165	0.00730	0.00554	0.00483	0.43666
2	0.01088	0.00777	0.00896	0.00869	0.01098	0.00676	0.00650	0.01326	0.01818	0.06607	0.25363	0.12470	0.40170	0.01751	0.00875	0.00249	0.00390	0.01497	0.00742	0.00687
3	0.01502	0.01148	0.01426	0.01242	0.01586	0.01137	0.05000	0.10414	0.10262	0.06377	0.16381	0.05146	0.26687	0.01461	0.00851	0.00251	0.00553	0.07002	0.00720	0.00855
4	0.01552	0.01310	0.01991	0.40545	0.10802	0.01508	0.01677	0.08777	0.01809	0.02483	0.10398	0.02494	0.01926	0.00864	0.00736	0.00232	0.00809	0.00754	0.08451	0.00879
5	0.01013	0.00753	0.00954	0.01026	0.01161	0.00713	0.00750	0.01318	0.04537	0.02297	0.22597	0.36572	0.13142	0.01960	0.00919	0.00278	0.00434	0.08183	0.00727	0.00666
6	0.02103	0.02463	0.19048	0.02045	0.02664	0.11521	0.14231	0.10956	0.01948	0.10879	0.01733	0.06275	0.01385	0.00912	0.00937	0.00243	0.08389	0.00750	0.00492	0.01027
7	0.01120	0.00706	0.00850	0.00847	0.00855	0.00704	0.00501	0.01072	0.01104	0.01480	0.05205	0.04367	0.02615	0.56220	0.03468	0.16317	0.00688	0.01004	0.00441	0.00436
8	0.02728	0.02352	0.02173	0.01759	0.02245	0.19168	0.01418	0.41529	0.02855	0.07350	0.01615	0.01700	0.01193	0.00899	0.00881	0.00225	0.07538	0.00624	0.00625	0.01122
9	0.09752	0.01642	0.02180	0.02039	0.13622	0.05759	0.09196	0.02217	0.01616	0.07024	0.01406	0.01672	0.01120	0.00672	0.00735	0.00183	0.04663	0.00562	0.00444	0.33495
10	0.01515	0.01229	0.01266	0.01206	0.01376	0.09018	0.00888	0.05780	0.07636	0.02111	0.04008	0.13287	0.04050	0.07023	0.09757	0.16103	0.03919	0.00959	0.08183	0.00688
11	0.01745	0.10129	0.08880	0.01767	0.06265	0.07135	0.05804	0.08073	0.06978	0.02386	0.01957	0.11371	0.01821	0.05012	0.01083	0.00263	0.09323	0.00849	0.08252	0.00908
12	0.02073	0.06376	0.08365	0.01806	0.10269	0.01634	0.01404	0.18496	0.03877	0.08357	0.01603	0.01730	0.01216	0.00711	0.00652	0.00180	0.00731	0.00567	0.00535	0.29418
13	0.16848	0.02106	0.02111	0.01709	0.02226	0.13487	0.07278	0.31699	0.05566	0.03532	0.01685	0.02025	0.01323	0.00876	0.00706	0.00229	0.00881	0.04072	0.00593	0.01050
14	0.00943	0.00719	0.00873	0.00941	0.01078	0.00666	0.00674	0.01122	0.01535	0.01978	0.09424	0.31438	0.27590	0.06883	0.07543	0.00389	0.00578	0.04353	0.00656	0.00618
