[name]
unknown

[dist]
# distance from previous block
# <min> <max>
0	587

[block]
# block no. 0 follows, 30 sequences, length 32
# corresponding to MSA columns:
# 587-618
name=unknown_A
#
# <colnr> <probs for GDERKNQSTAVLIFYWHMCP>
#	G	D	E	R	K	N	Q	S	T	A	V	L	I	F	Y	W	H	M	C	P
0	0.01178	0.00906	0.01289	0.05717	0.01689	0.00988	0.01216	0.01491	0.01537	0.02027	0.03255	0.06842	0.03504	0.01779	0.01087	0.00314	0.08388	0.55541	0.00587	0.00663
1	0.01239	0.00724	0.01097	0.01249	0.08288	0.00715	0.00762	0.01045	0.01028	0.01371	0.01633	0.02402	0.06083	0.02189	0.02380	0.65773	0.00612	0.00668	0.00332	0.00407
2	0.38824	0.10022	0.26371	0.01373	0.02043	0.01753	0.01485	0.06792	0.01459	0.02738	0.01120	0.01290	0.00846	0.00661	0.00534	0.00210	0.00751	0.00444	0.00388	0.00898
3	0.01522	0.01429	0.02404	0.25487	0.43190	0.01520	0.01923	0.01944	0.01569	0.02180	0.08586	0.02135	0.01627	0.00730	0.00707	0.00216	0.00808	0.00689	0.00379	0.00956
4	0.00893	0.00982	0.08214	0.00922	0.01182	0.00691	0.00781	0.01119	0.01501	0.01888	0.05479	0.26914	0.43373	0.01779	0.00828	0.00249	0.00440	0.01527	0.00611	0.00629
5	0.01092	0.01011	0.08362	0.00992	0.01240	0.00793	0.00863	0.01458	0.01686	0.02506	0.39223	0.03921	0.04286	0.01854	0.12513	0.00357	0.00654	0.00984	0.15515	0.00690
6	0.02404	0.02086	0.01911	0.01557	0.02020	0.17101	0.01245	0.42982	0.07533	0.03549	0.08887	0.02023	0.01758	0.00882	0.00697	0.00206	0.00812	0.00668	0.00634	0.01044
7	0.02226	0.01693	0.01992	0.15207	0.02567	0.01912	0.01394	0.49026	0.02697	0.03612	0.01613	0.01822	0.01197	0.01273	0.08264	0.00310	0.00914	0.00639	0.00591	0.01050
8	0.00988	0.00713	0.00933	0.00878	0.01043	0.00658	0.00658	0.01317	0.01975	0.02798	0.70754	0.05213	0.06584	0.01427	0.00823	0.00219	0.00329	0.01262	0.00768	0.00658
9	0.02068	0.01517	0.01693	0.01392	0.01802	0.01639	0.01131	0.44973	0.02742	0.03698	0.15311	0.08141	0.02722	0.01144	0.00760	0.00227	0.00646	0.06700	0.00703	0.00992
10	0.02453	0.02522	0.01938	0.01662	0.02093	0.35802	0.01294	0.24599	0.15576	0.02825	0.01616	0.01656	0.01232	0.00802	0.00667	0.00201	0.00961	0.00574	0.00539	0.00990
11	0.02415	0.01029	0.01390	0.01120	0.01535	0.00903	0.00903	0.02705	0.01990	0.48630	0.25459	0.03323	0.03349	0.01052	0.00742	0.00217	0.00505	0.00889	0.00832	0.01011
12	0.00850	0.00607	0.00810	0.00972	0.01012	0.00567	0.00648	0.00972	0.01336	0.01781	0.03846	0.75020	0.04615	0.02186	0.00891	0.00283	0.00405	0.01984	0.00648	0.00567
13	0.01866	0.75896	0.03657	0.01194	0.01791	0.02761	0.01194	0.02090	0.01418	0.01642	0.00970	0.01119	0.00896	0.00597	0.00448	0.00149	0.00746	0.00373	0.00299	0.00896
14	0.00952	0.00671	0.00759	0.00785	0.00836	0.00642	0.00479	0.01005	0.01176	0.01523	0.03390	0.16270	0.15878	0.49690	0.02606	0.00530	0.00571	0.01257	0.00502	0.00478
15	0.02607	0.03326	0.01978	0.01798	0.02157	0.72674	0.01348	0.02787	0.01978	0.01708	0.01079	0.01258	0.00899	0.00719	0.00629	0.00180	0.01258	0.00449	0.00360	0.00809
16	0.01589	0.01800	0.03878	0.02785	0.03457	0.01682	0.63816	0.02149	0.01643	0.02211	0.01808	0.02221	0.05952	0.00671	0.00824	0.00235	0.01119	0.00869	0.00374	0.00916
17	0.03131	0.01188	0.01619	0.01242	0.01781	0.01026	0.01026	0.03401	0.01997	0.71606	0.02753	0.02375	0.01727	0.00864	0.00702	0.00216	0.00594	0.00702	0.00864	0.01188
18	0.01736	0.01499	0.01578	0.01420	0.01815	0.01736	0.01105	0.03708	0.69862	0.02919	0.02840	0.02604	0.02130	0.00947	0.00710	0.00237	0.00552	0.00789	0.00710	0.01105
19	0.00850	0.00607	0.00810	0.00972	0.01012	0.00567	0.00648	0.00972	0.01336	0.01781	0.03846	0.75020	0.04615	0.02186	0.00891	0.00283	0.00405	0.01984	0.00648	0.00567
20	0.02653	0.01955	0.02094	0.01606	0.02164	0.02164	0.01326	0.68796	0.03281	0.04398	0.01675	0.01675	0.01187	0.00838	0.00698	0.00209	0.00768	0.00628	0.00698	0.01187
21	0.80405	0.01350	0.01026	0.00918	0.01350	0.01565	0.00756	0.02051	0.01188	0.03131	0.00972	0.01134	0.00756	0.00648	0.00432	0.00216	0.00540	0.00378	0.00432	0.00756
22	0.01487	0.00830	0.00850	0.00782	0.01000	0.00859	0.00604	0.10898	0.01714	0.02850	0.02193	0.02474	0.01706	0.00816	0.00517	0.00169	0.00386	0.00647	0.68493	0.00724
23	0.01160	0.00905	0.00952	0.00868	0.01143	0.00853	0.00670	0.11936	0.01899	0.02428	0.13271	0.05534	0.48917	0.01532	0.00788	0.00226	0.00416	0.01273	0.04532	0.00696
24	0.01866	0.75896	0.03657	0.01194	0.01791	0.02761	0.01194	0.02090	0.01418	0.01642	0.00970	0.01119	0.00896	0.00597	0.00448	0.00149	0.00746	0.00373	0.00299	0.00896
25	0.00825	0.00707	0.00707	0.00707	0.00943	0.00589	0.00530	0.01001	0.01591	0.01885	0.07069	0.06716	0.70839	0.01767	0.00825	0.00236	0.00353	0.01473	0.00648	0.00589
26	0.00825	0.00707	0.00707	0.00707	0.00943	0.00589	0.00530	0.01001	0.01591	0.01885	0.07069	0.06716	0.70839	0.01767	0.00825	0.00236	0.00353	0.01473	0.00648	0.00589
27	0.01202	0.00670	0.00740	0.00722	0.00886	0.00653	0.00542	0.01528	0.01625	0.02664	0.23953	0.03428	0.03307	0.01007	0.00594	0.00181	0.00326	0.00844	0.54474	0.00653
28	0.00966	0.00712	0.00903	0.00855	0.01029	0.00649	0.00642	0.01275	0.01925	0.02678	0.62352	0.05411	0.15062	0.01472	0.00823	0.00222	0.00332	0.01290	0.00752	0.00649
29	0.01477	0.01722	0.11952	0.26500	0.17657	0.01474	0.08837	0.01959	0.01484	0.02097	0.01275	0.01694	0.00996	0.00627	0.00666	0.00199	0.00861	0.00584	0.00342	0.17598
30	0.01957	0.07149	0.03021	0.05714	0.02822	0.08968	0.28736	0.17614	0.01947	0.02541	0.01330	0.01667	0.01034	0.00756	0.00953	0.00228	0.11524	0.00669	0.00421	0.00948
31	0.01705	0.02097	0.23921	0.02377	0.23182	0.01436	0.01814	0.02345	0.07980	0.10095	0.01714	0.05364	0.01365	0.00756	0.00673	0.00206	0.00779	0.00654	0.00446	0.11091

[dist]
# distance from previous block
# <min> <max>
3	43

[block]
# block no. 1 follows, 30 sequences, length 52
# corresponding to MSA columns:
# 662-713
name=unknown_B
#
# <colnr> <probs for GDERKNQSTAVLIFYWHMCP>
#	G	D	E	R	K	N	Q	S	T	A	V	L	I	F	Y	W	H	M	C	P
0	0.00928	0.00679	0.00960	0.01037	0.01117	0.00720	0.00749	0.01107	0.01219	0.01686	0.02818	0.37032	0.03134	0.06445	0.36093	0.00708	0.01131	0.01343	0.00505	0.00589
1	0.01558	0.01522	0.02562	0.24670	0.32539	0.01729	0.06657	0.01948	0.01431	0.02007	0.01219	0.01738	0.01012	0.00762	0.01021	0.00236	0.15502	0.00633	0.00327	0.00926
2	0.02561	0.01867	0.01997	0.01541	0.02073	0.02062	0.01270	0.64264	0.03158	0.04277	0.01716	0.01738	0.01227	0.00836	0.00684	0.00206	0.00738	0.00630	0.06005	0.01151
3	0.01736	0.01499	0.01578	0.01420	0.01815	0.01736	0.01105	0.03708	0.69862	0.02919	0.02840	0.02604	0.02130	0.00947	0.00710	0.00237	0.00552	0.00789	0.00710	0.01105
4	0.01524	0.01286	0.01488	0.01070	0.01686	0.01009	0.00859	0.06051	0.01564	0.02410	0.01268	0.01462	0.01043	0.00537	0.00528	0.00110	0.00533	0.00427	0.00432	0.74710
5	0.01015	0.00677	0.00761	0.00761	0.00761	0.00677	0.00423	0.01015	0.01015	0.01353	0.02199	0.04567	0.02537	0.75476	0.03552	0.00677	0.00677	0.01015	0.00423	0.00423
6	0.01527	0.01527	0.02137	0.01832	0.01832	0.02137	0.01527	0.01679	0.01069	0.01679	0.00916	0.01527	0.00916	0.01221	0.02290	0.00305	0.74198	0.00611	0.00305	0.00763
7	0.00979	0.00713	0.00920	0.00869	0.01037	0.00655	0.00651	0.01300	0.01954	0.02748	0.67269	0.05295	0.10101	0.01445	0.00823	0.00220	0.00331	0.01274	0.00762	0.00655
8	0.01318	0.01240	0.02093	0.73798	0.04806	0.01550	0.01938	0.01783	0.01395	0.01783	0.01240	0.01860	0.00930	0.00698	0.00698	0.00233	0.00930	0.00620	0.00310	0.00775
9	0.01015	0.00677	0.00761	0.00761	0.00761	0.00677	0.00423	0.01015	0.01015	0.01353	0.02199	0.04567	0.02537	0.75476	0.03552	0.00677	0.00677	0.01015	0.00423	0.00423
10	0.80405	0.01350	0.01026	0.00918	0.01350	0.01565	0.00756	0.02051	0.01188	0.03131	0.00972	0.01134	0.00756	0.00648	0.00432	0.00216	0.00540	0.00378	0.00432	0.00756
11	0.01687	0.01617	0.02760	0.11110	0.64610	0.01647	0.02122	0.02106	0.01570	0.02231	0.01306	0.01740	0.01088	0.00629	0.00692	0.00210	0.00839	0.00622	0.00342	0.01073
12	0.02486	0.01198	0.01523	0.01268	0.01716	0.01152	0.01034	0.03167	0.18018	0.44758	0.06587	0.03124	0.02313	0.01019	0.00736	0.00231	0.00574	0.07208	0.00800	0.01085
13	0.01719	0.01680	0.02959	0.04151	0.64496	0.01669	0.08667	0.02151	0.01595	0.02275	0.01322	0.01742	0.01101	0.00618	0.00704	0.00210	0.00863	0.00642	0.00346	0.01089
14	0.00850	0.00607	0.00810	0.00972	0.01012	0.00567	0.00648	0.00972	0.01336	0.01781	0.03846	0.75020	0.04615	0.02186	0.00891	0.00283	0.00405	0.01984	0.00648	0.00567
15	0.00850	0.00607	0.00810	0.00972	0.01012	0.00567	0.00648	0.00972	0.01336	0.01781	0.03846	0.75020	0.04615	0.02186	0.00891	0.00283	0.00405	0.01984	0.00648	0.00567
16	0.01510	0.01437	0.02440	0.41136	0.35966	0.01601	0.02034	0.01951	0.01486	0.02016	0.01274	0.01798	0.01013	0.00662	0.00694	0.00221	0.00883	0.00621	0.00327	0.00930
17	0.02653	0.01955	0.02094	0.01606	0.02164	0.02164	0.01326	0.68796	0.03281	0.04398	0.01675	0.01675	0.01187	0.00838	0.00698	0.00209	0.00768	0.00628	0.00698	0.01187
18	0.01376	0.01299	0.02198	0.63967	0.14185	0.01566	0.01967	0.01834	0.01423	0.01853	0.01251	0.01842	0.00955	0.00687	0.00697	0.00229	0.00916	0.00620	0.00315	0.00822
19	0.01518	0.03582	0.64997	0.01970	0.02936	0.08599	0.02457	0.02267	0.01523	0.02161	0.01235	0.01452	0.00885	0.00668	0.00660	0.00217	0.01054	0.00509	0.00301	0.01009
20	0.01727	0.01658	0.02832	0.04283	0.71123	0.01658	0.02142	0.02142	0.01589	0.02280	0.01313	0.01727	0.01105	0.00622	0.00691	0.00207	0.00829	0.00622	0.00345	0.01105
21	0.01328	0.01214	0.01355	0.08481	0.04105	0.05594	0.01012	0.02043	0.19626	0.02312	0.16582	0.04041	0.22585	0.01242	0.00853	0.00232	0.04969	0.01023	0.00605	0.00798
22	0.00988	0.00713	0.00933	0.00878	0.01043	0.00658	0.00658	0.01317	0.01975	0.02798	0.70754	0.05213	0.06584	0.01427	0.00823	0.00219	0.00329	0.01262	0.00768	0.00658
23	0.02486	0.01969	0.02197	0.01710	0.02247	0.08170	0.07891	0.45307	0.09906	0.08267	0.01791	0.01803	0.01284	0.00816	0.00706	0.00213	0.00817	0.00654	0.00647	0.01121
24	0.00907	0.00710	0.00821	0.00793	0.00993	0.00624	0.00595	0.01161	0.01785	0.02347	0.39294	0.05955	0.38326	0.01595	0.00824	0.00227	0.00341	0.01366	0.00709	0.00624
25	0.01591	0.01285	0.01299	0.01227	0.01451	0.12417	0.00922	0.02017	0.10473	0.10272	0.02290	0.12844	0.02142	0.09884	0.26007	0.00582	0.01119	0.00901	0.00519	0.00757
26	0.00988	0.00713	0.00933	0.00878	0.01043	0.00658	0.00658	0.01317	0.01975	0.02798	0.70754	0.05213	0.06584	0.01427	0.00823	0.00219	0.00329	0.01262	0.00768	0.00658
27	0.02607	0.03326	0.01978	0.01798	0.02157	0.72674	0.01348	0.02787	0.01978	0.01708	0.01079	0.01258	0.00899	0.00719	0.00629	0.00180	0.01258	0.00449	0.00360	0.00809
28	0.61590	0.11291	0.01474	0.01051	0.01496	0.09555	0.00878	0.02137	0.01305	0.02780	0.00983	0.01146	0.00790	0.00649	0.00456	0.00203	0.00646	0.00385	0.00406	0.00780
29	0.01633	0.02036	0.12831	0.02680	0.22431	0.10167	0.19285	0.02107	0.01704	0.02281	0.13778	0.02300	0.02020	0.00775	0.00738	0.00215	0.00912	0.00753	0.00418	0.00935
30	0.01552	0.13065	0.01747	0.01451	0.08289	0.03463	0.01018	0.09068	0.01662	0.06751	0.02526	0.34774	0.02697	0.01360	0.00728	0.00224	0.00589	0.01182	0.00554	0.07300
31	0.01938	0.01545	0.01634	0.01376	0.01808	0.01715	0.01097	0.27943	0.33718	0.03314	0.03075	0.02909	0.12753	0.01037	0.00724	0.00226	0.00602	0.00837	0.00696	0.01053
32	0.02484	0.10157	0.02010	0.01466	0.01955	0.27024	0.01179	0.11749	0.04563	0.18857	0.01633	0.01640	0.01198	0.00740	0.00626	0.00182	0.00861	0.00534	0.00539	0.10603
33	0.00850	0.00607	0.00810	0.00972	0.01012	0.00567	0.00648	0.00972	0.01336	0.01781	0.03846	0.75020	0.04615	0.02186	0.00891	0.00283	0.00405	0.01984	0.00648	0.00567
34	0.01609	0.01446	0.01957	0.09534	0.13205	0.01659	0.03952	0.05074	0.29477	0.02538	0.09539	0.02459	0.02083	0.00943	0.00945	0.00238	0.11059	0.00767	0.00545	0.00970
35	0.01124	0.00803	0.01124	0.01285	0.01446	0.00803	0.01124	0.01446	0.01606	0.02088	0.03695	0.07871	0.04016	0.01928	0.00964	0.00321	0.00643	0.66426	0.00643	0.00643
36	0.01673	0.01609	0.02683	0.03906	0.61639	0.01664	0.02020	0.02053	0.01538	0.02206	0.01493	0.01898	0.03748	0.00724	0.00853	0.00218	0.08017	0.00653	0.00353	0.01052
37	0.00850	0.00607	0.00810	0.00972	0.01012	0.00567	0.00648	0.00972	0.01336	0.01781	0.03846	0.75020	0.04615	0.02186	0.00891	0.00283	0.00405	0.01984	0.00648	0.00567
38	0.76150	0.01383	0.01084	0.00955	0.01394	0.01598	0.00787	0.05704	0.01302	0.03200	0.01010	0.01163	0.00779	0.00658	0.00446	0.00216	0.00552	0.00392	0.00446	0.00779
39	0.02744	0.01424	0.01727	0.01340	0.01850	0.01409	0.01100	0.27283	0.02468	0.40094	0.09035	0.02396	0.02005	0.00909	0.00712	0.00214	0.00632	0.00730	0.00793	0.01135
40	0.02988	0.01156	0.01574	0.01217	0.01732	0.01001	0.01001	0.03262	0.01996	0.67028	0.07277	0.02564	0.02051	0.00901	0.00710	0.00216	0.00576	0.00739	0.00857	0.01152
41	0.80405	0.01350	0.01026	0.00918	0.01350	0.01565	0.00756	0.02051	0.01188	0.03131	0.00972	0.01134	0.00756	0.00648	0.00432	0.00216	0.00540	0.00378	0.00432	0.00756
42	0.01400	0.03610	0.71860	0.01989	0.03020	0.01621	0.02578	0.02210	0.01473	0.02210	0.01252	0.01473	0.00884	0.00663	0.00663	0.00221	0.01031	0.00516	0.00295	0.01031
43	0.03131	0.01188	0.01619	0.01242	0.01781	0.01026	0.01026	0.03401	0.01997	0.71606	0.02753	0.02375	0.01727	0.00864	0.00702	0.00216	0.00594	0.00702	0.00864	0.01188
44	0.01000	0.00734	0.01052	0.01052	0.01153	0.00835	0.00786	0.01202	0.01101	0.01568	0.01933	0.03093	0.01897	0.18773	0.59380	0.01036	0.01639	0.00799	0.00383	0.00584
45	0.01015	0.00677	0.00761	0.00761	0.00761	0.00677	0.00423	0.01015	0.01015	0.01353	0.02199	0.04567	0.02537	0.75476	0.03552	0.00677	0.00677	0.01015	0.00423	0.00423
46	0.03724	0.10336	0.01466	0.10758	0.01736	0.01096	0.00970	0.01491	0.01632	0.02238	0.26224	0.11249	0.07903	0.01319	0.00757	0.00228	0.00535	0.10738	0.00580	0.05019
47	0.01473	0.11880	0.26214	0.01932	0.06115	0.01770	0.09144	0.01938	0.01444	0.02063	0.08085	0.04673	0.01626	0.00904	0.01048	0.00234	0.17510	0.00688	0.00367	0.00893
48	0.12194	0.13326	0.21883	0.02210	0.17310	0.04078	0.07699	0.02133	0.01481	0.02255	0.01193	0.01457	0.00947	0.00623	0.00605	0.00195	0.00849	0.00514	0.00344	0.08705
49	0.09407	0.18516	0.01827	0.01133	0.01540	0.01582	0.00951	0.06555	0.15722	0.09363	0.16832	0.02963	0.08903	0.00998	0.00655	0.00207	0.00549	0.00796	0.00608	0.00894
50	0.06678	0.25939	0.24347	0.03747	0.02204	0.08855	0.01592	0.02115	0.03564	0.01964	0.01264	0.01544	0.01043	0.01303	0.10769	0.00322	0.01032	0.00499	0.00336	0.00885
51	0.08869	0.34233	0.10802	0.01332	0.01862	0.02072	0.01291	0.05958	0.03599	0.02112	0.01265	0.04164	0.01124	0.00922	0.03391	0.00223	0.07979	0.00520	0.00374	0.07911

[dist]
# distance from previous block
# <min> <max>
45	718

[block]
# block no. 2 follows, 30 sequences, length 17
# corresponding to MSA columns:
# 1498-1514
name=unknown_C
#
# <colnr> <probs for GDERKNQSTAVLIFYWHMCP>
#	G	D	E	R	K	N	Q	S	T	A	V	L	I	F	Y	W	H	M	C	P
0	0.10081	0.20818	0.02599	0.16878	0.02664	0.04527	0.13666	0.02161	0.01496	0.10753	0.01429	0.01836	0.01144	0.06166	0.00836	0.00238	0.00838	0.00601	0.00408	0.00863
1	0.02136	0.01657	0.01914	0.01626	0.04018	0.12179	0.08314	0.17490	0.04248	0.15865	0.01996	0.07148	0.01647	0.05558	0.10596	0.00364	0.00966	0.00772	0.00569	0.00938
2	0.11853	0.01483	0.01498	0.12174	0.02067	0.10897	0.01089	0.11607	0.01900	0.14294	0.07483	0.02977	0.15830	0.01012	0.00690	0.00217	0.00685	0.00801	0.00583	0.00860
3	0.00891	0.00676	0.00821	0.00855	0.01001	0.00606	0.00614	0.01103	0.01643	0.02174	0.28560	0.28647	0.26308	0.01784	0.00846	0.00246	0.00362	0.01566	0.00690	0.00606
4	0.01795	0.02245	0.18695	0.02310	0.03028	0.01806	0.33711	0.15226	0.09056	0.02718	0.01576	0.01826	0.01156	0.00691	0.00751	0.00227	0.01000	0.00713	0.00444	0.01026
5	0.01170	0.00692	0.00820	0.00835	0.00910	0.00669	0.00537	0.01271	0.01240	0.06821	0.02688	0.22771	0.02915	0.39275	0.02174	0.00461	0.00545	0.01193	0.12460	0.00552
6	0.02653	0.01955	0.02094	0.01606	0.02164	0.02164	0.01326	0.68796	0.03281	0.04398	0.01675	0.01675	0.01187	0.00838	0.00698	0.00209	0.00768	0.00628	0.00698	0.01187
7	0.00850	0.00607	0.00810	0.00972	0.01012	0.00567	0.00648	0.00972	0.01336	0.01781	0.03846	0.75020	0.04615	0.02186	0.00891	0.00283	0.00405	0.01984	0.00648	0.00567
8	0.01301	0.00650	0.00650	0.00650	0.00813	0.00650	0.00488	0.01626	0.01463	0.02602	0.02276	0.02602	0.01789	0.00813	0.00488	0.00163	0.00325	0.00650	0.79350	0.00650
9	0.80405	0.01350	0.01026	0.00918	0.01350	0.01565	0.00756	0.02051	0.01188	0.03131	0.00972	0.01134	0.00756	0.00648	0.00432	0.00216	0.00540	0.00378	0.00432	0.00756
10	0.01527	0.01527	0.02137	0.01832	0.01832	0.02137	0.01527	0.01679	0.01069	0.01679	0.00916	0.01527	0.00916	0.01221	0.02290	0.00305	0.74198	0.00611	0.00305	0.00763
11	0.00899	0.00652	0.00856	0.00981	0.01065	0.00609	0.00701	0.01074	0.01463	0.01945	0.11801	0.53448	0.09637	0.02035	0.00887	0.00277	0.00422	0.09999	0.00661	0.00589
12	0.00848	0.00614	0.00803	0.00953	0.01007	0.00568	0.00640	0.00974	0.01354	0.01789	0.04068	0.70320	0.09172	0.02157	0.00886	0.00280	0.00401	0.01949	0.00648	0.00568
13	0.01484	0.01136	0.01290	0.01185	0.01421	0.01249	0.00879	0.14399	0.20347	0.02463	0.02537	0.16246	0.02453	0.18352	0.10919	0.00456	0.00768	0.01024	0.00588	0.00805
14	0.43031	0.01846	0.01429	0.01232	0.01664	0.17251	0.00984	0.13150	0.01760	0.06963	0.01264	0.01379	0.00954	0.00713	0.00536	0.00205	0.00730	0.00464	0.03585	0.00859
15	0.12345	0.01916	0.07262	0.11221	0.07866	0.10406	0.20808	0.02410	0.11933	0.02335	0.01564	0.01970	0.01234	0.00733	0.00697	0.00225	0.00922	0.02823	0.00418	0.00912
16	0.01872	0.21040	0.08858	0.06286	0.02014	0.09956	0.01245	0.04418	0.01707	0.12420	0.10659	0.02237	0.04251	0.00983	0.03235	0.00221	0.00780	0.00641	0.00488	0.06689

[dist]
# distance from previous block
# <min> <max>
0	10

[block]
# block no. 3 follows, 30 sequences, length 75
# corresponding to MSA columns:
# 1525-1599
name=unknown_D
#
# <colnr> <probs for GDERKNQSTAVLIFYWHMCP>
#	G	D	E	R	K	N	Q	S	T	A	V	L	I	F	Y	W	H	M	C	P
0	0.01739	0.04534	0.28579	0.01731	0.02377	0.04170	0.08096	0.10070	0.04565	0.08721	0.12407	0.02234	0.01960	0.00856	0.00793	0.00222	0.04780	0.00702	0.00493	0.00973
1	0.01506	0.01349	0.02068	0.07287	0.05048	0.04140	0.17678	0.06118	0.05016	0.06009	0.05463	0.06981	0.16634	0.01474	0.07550	0.00316	0.03058	0.00967	0.00512	0.00826
2	0.01515	0.01287	0.01882	0.01632	0.01737	0.01616	0.05530	0.01698	0.01259	0.08279	0.01853	0.20041	0.01928	0.01389	0.01698	0.00287	0.44178	0.00977	0.00446	0.00765
3	0.02119	0.42168	0.03080	0.01580	0.02100	0.28493	0.07553	0.02361	0.01646	0.01722	0.01052	0.01242	0.00912	0.00641	0.00550	0.00169	0.00976	0.00443	0.00326	0.00868
4	0.02050	0.02356	0.20529	0.05597	0.10700	0.12938	0.06191	0.10626	0.01888	0.13011	0.04301	0.01829	0.01322	0.00761	0.00733	0.00214	0.02858	0.00618	0.00472	0.01007
5	0.01830	0.25506	0.09320	0.01718	0.02255	0.16036	0.14593	0.04600	0.01615	0.01963	0.01290	0.01602	0.01074	0.01186	0.09047	0.00296	0.01075	0.00555	0.03571	0.00869
6	0.00941	0.00685	0.00858	0.00864	0.00990	0.00632	0.00612	0.01166	0.01670	0.02288	0.39964	0.20816	0.13291	0.10667	0.01171	0.00291	0.00391	0.01417	0.00685	0.00601
7	0.01015	0.00677	0.00761	0.00761	0.00761	0.00677	0.00423	0.01015	0.01015	0.01353	0.02199	0.04567	0.02537	0.75476	0.03552	0.00677	0.00677	0.01015	0.00423	0.00423
8	0.01804	0.06998	0.18796	0.10054	0.04637	0.08262	0.16022	0.10301	0.01734	0.04130	0.01305	0.01622	0.00997	0.00743	0.00880	0.00225	0.09550	0.00610	0.00382	0.00949
9	0.02897	0.01501	0.01822	0.01617	0.08344	0.07024	0.01194	0.11465	0.02119	0.51008	0.02347	0.02136	0.01534	0.00826	0.00694	0.00211	0.00691	0.00665	0.00754	0.01149
10	0.02456	0.03085	0.01897	0.01735	0.02072	0.65960	0.01304	0.02642	0.01897	0.01700	0.01153	0.01397	0.00978	0.01141	0.07370	0.00268	0.01316	0.00477	0.00361	0.00792
11	0.00922	0.00733	0.00924	0.01085	0.05473	0.00665	0.00721	0.01112	0.01524	0.01961	0.11012	0.33712	0.30753	0.01839	0.00849	0.00256	0.00416	0.04782	0.00639	0.00622
12	0.00948	0.00705	0.00882	0.00852	0.01022	0.00639	0.00634	0.01235	0.01861	0.02560	0.54394	0.10135	0.18472	0.01541	0.00828	0.00227	0.00339	0.01349	0.00738	0.00639
13	0.02065	0.25324	0.02393	0.01421	0.01918	0.07081	0.01205	0.19300	0.26922	0.02798	0.01836	0.01809	0.01419	0.00793	0.00618	0.00198	0.00716	0.00594	0.00552	0.01038
14	0.01346	0.00783	0.01037	0.00978	0.01075	0.00810	0.00682	0.05867	0.01214	0.06227	0.01737	0.02891	0.01705	0.22752	0.15487	0.32862	0.00867	0.00752	0.00413	0.00514
15	0.01621	0.19445	0.43940	0.02024	0.09026	0.01918	0.03885	0.06450	0.01592	0.02230	0.01226	0.01441	0.00931	0.00654	0.00624	0.00203	0.00936	0.00509	0.00328	0.01015
16	0.01972	0.01463	0.02616	0.15561	0.07421	0.01451	0.24654	0.02510	0.06058	0.21320	0.01980	0.02432	0.01479	0.00795	0.00760	0.00233	0.00874	0.04914	0.00527	0.00980
17	0.00943	0.00665	0.00794	0.00860	0.00912	0.00637	0.00557	0.01026	0.01230	0.01609	0.03433	0.28972	0.11456	0.37129	0.02159	0.00468	0.00544	0.05564	0.00540	0.00506
18	0.01985	0.31555	0.18480	0.01655	0.02311	0.14094	0.06218	0.11992	0.01812	0.02224	0.01185	0.01356	0.00947	0.00667	0.00589	0.00185	0.00929	0.00486	0.00370	0.00957
19	0.02109	0.05002	0.13965	0.09903	0.07655	0.13871	0.01659	0.22002	0.03900	0.06086	0.01433	0.01623	0.01074	0.00778	0.00779	0.00214	0.05897	0.00575	0.00470	0.01003
20	0.02078	0.49495	0.03103	0.01571	0.06315	0.23571	0.01300	0.02301	0.01596	0.01702	0.01024	0.01200	0.00910	0.00635	0.00517	0.00162	0.00904	0.00412	0.00320	0.00883
21	0.01750	0.01266	0.01504	0.01128	0.01701	0.01042	0.00917	0.07844	0.01691	0.11472	0.01645	0.02033	0.01344	0.00688	0.00588	0.00142	0.00558	0.05042	0.00513	0.57131
22	0.04356	0.13735	0.02301	0.01827	0.10079	0.15317	0.01348	0.26130	0.06802	0.09165	0.01567	0.01627	0.01178	0.00757	0.00639	0.00197	0.00828	0.00565	0.00539	0.01044
23	0.00846	0.00624	0.00793	0.00929	0.01001	0.00570	0.00629	0.00977	0.01377	0.01798	0.04371	0.63902	0.15395	0.02118	0.00880	0.00276	0.00396	0.01901	0.00648	0.00570
24	0.01178	0.00606	0.00900	0.00915	0.00919	0.00602	0.00610	0.00915	0.00949	0.01265	0.01458	0.08938	0.01530	0.02402	0.02556	0.72271	0.00587	0.00735	0.00335	0.00328
25	0.01000	0.00737	0.01066	0.01066	0.01171	0.00842	0.00803	0.01210	0.01105	0.01579	0.01920	0.03023	0.01867	0.16061	0.62050	0.01053	0.01685	0.00789	0.00381	0.00592
26	0.01630	0.08601	0.02269	0.01770	0.01850	0.06886	0.01484	0.01791	0.01162	0.01678	0.00932	0.01471	0.00913	0.01130	0.02007	0.00282	0.62480	0.00578	0.00308	0.00779
27	0.01662	0.01689	0.11875	0.01262	0.01931	0.01212	0.01162	0.11541	0.01731	0.04543	0.01348	0.01510	0.01053	0.00594	0.00570	0.00139	0.00631	0.00468	0.00450	0.54628
28	0.02260	0.01616	0.01718	0.01371	0.01825	0.01780	0.01115	0.47453	0.09094	0.03852	0.01921	0.01973	0.01412	0.00842	0.00651	0.00201	0.00647	0.00648	0.18563	0.01057
29	0.00868	0.00620	0.00830	0.00992	0.01040	0.00582	0.00678	0.01002	0.01353	0.01801	0.03836	0.70711	0.04577	0.02170	0.00895	0.00286	0.00420	0.06119	0.00647	0.00572
30	0.00988	0.00713	0.00933	0.00878	0.01043	0.00658	0.00658	0.01317	0.01975	0.02798	0.70754	0.05213	0.06584	0.01427	0.00823	0.00219	0.00329	0.01262	0.00768	0.00658
31	0.02604	0.01060	0.01406	0.01122	0.01527	0.00939	0.00876	0.02807	0.01753	0.54111	0.02615	0.02921	0.01929	0.19444	0.01411	0.00331	0.00614	0.00780	0.00754	0.00997
32	0.01253	0.00962	0.01425	0.38180	0.02892	0.01110	0.01253	0.01644	0.01493	0.02175	0.09890	0.02697	0.04795	0.00865	0.00648	0.00208	0.00637	0.00740	0.26419	0.00713
33	0.00986	0.00681	0.00773	0.00791	0.00828	0.00664	0.00480	0.01028	0.01129	0.01475	0.02940	0.09834	0.10667	0.58770	0.02943	0.00583	0.00619	0.03872	0.00474	0.00461
34	0.14420	0.47754	0.09110	0.01303	0.01858	0.07271	0.01279	0.02116	0.01403	0.01938	0.01000	0.01189	0.00874	0.00659	0.00594	0.00178	0.05451	0.00407	0.00324	0.00871
35	0.26774	0.08605	0.01868	0.10276	0.08192	0.18720	0.01249	0.08391	0.01662	0.02466	0.01276	0.05240	0.01098	0.00763	0.00584	0.00205	0.00817	0.00553	0.00416	0.00845
36	0.06702	0.01510	0.02388	0.19487	0.42593	0.01609	0.01869	0.02246	0.07630	0.05107	0.01470	0.01824	0.01160	0.00680	0.00678	0.00217	0.00799	0.00624	0.00397	0.01011
37	0.01495	0.07918	0.03990	0.01199	0.01835	0.01166	0.05228	0.01831	0.01458	0.02214	0.01228	0.01447	0.01018	0.00533	0.00535	0.00119	0.00595	0.00439	0.00396	0.65357
38	0.01447	0.01240	0.01447	0.01034	0.01654	0.00930	0.00827	0.01757	0.01447	0.02274	0.01240	0.01447	0.01034	0.00517	0.00517	0.00103	0.00517	0.00413	0.00413	0.79742
39	0.00997	0.00745	0.01110	0.01110	0.01231	0.00866	0.00858	0.01239	0.01118	0.01612	0.01879	0.02798	0.01769	0.07407	0.70571	0.01108	0.01832	0.00756	0.00375	0.00617
40	0.00998	0.00743	0.01098	0.01098	0.01214	0.00859	0.00842	0.01231	0.01114	0.01602	0.01891	0.02863	0.01797	0.09904	0.68112	0.01092	0.01790	0.00765	0.00377	0.00610
41	0.01472	0.01320	0.01777	0.01269	0.01900	0.01033	0.09191	0.01816	0.01472	0.02269	0.01261	0.01501	0.01037	0.00526	0.00555	0.00120	0.00598	0.00464	0.00406	0.70015
42	0.09331	0.01311	0.01461	0.01178	0.01629	0.01313	0.00958	0.23323	0.02217	0.24612	0.03458	0.03255	0.20802	0.01089	0.00711	0.00219	0.00577	0.00865	0.00712	0.00981
43	0.01567	0.01494	0.02542	0.31553	0.45108	0.01616	0.02062	0.02001	0.01513	0.02085	0.01284	0.01779	0.01037	0.00652	0.00694	0.00217	0.00869	0.00621	0.00332	0.00976
44	0.01483	0.00872	0.01075	0.00954	0.01237	0.00796	0.00739	0.01870	0.06398	0.18205	0.34839	0.04771	0.21283	0.01352	0.00788	0.00224	0.00410	0.01156	0.00756	0.00791
45	0.02618	0.01123	0.01456	0.01157	0.01575	0.01022	0.00909	0.07207	0.01860	0.51181	0.02555	0.02826	0.01875	0.17808	0.01349	0.00320	0.00624	0.00768	0.00753	0.01014
46	0.00891	0.00656	0.00882	0.00992	0.01075	0.00647	0.00705	0.01054	0.01321	0.01766	0.03693	0.49751	0.10134	0.02830	0.17199	0.00471	0.00741	0.04021	0.00585	0.00584
47	0.01604	0.01235	0.01463	0.01053	0.01666	0.00939	0.00845	0.01911	0.01498	0.08757	0.01382	0.01534	0.01098	0.00549	0.00534	0.00114	0.00524	0.00440	0.00456	0.72396
48	0.00865	0.00627	0.00817	0.00942	0.01011	0.00579	0.00641	0.01014	0.01429	0.01908	0.11950	0.62068	0.09434	0.02068	0.00878	0.00273	0.00392	0.01863	0.00662	0.00579
49	0.00844	0.00632	0.00784	0.00906	0.00995	0.00572	0.00619	0.00979	0.01399	0.01807	0.04645	0.58098	0.21022	0.02082	0.00874	0.00272	0.00392	0.01857	0.00648	0.00572
50	0.02615	0.01170	0.01491	0.01197	0.01674	0.01073	0.00971	0.03126	0.12035	0.52077	0.03343	0.02989	0.11021	0.00997	0.00719	0.00222	0.00556	0.00818	0.00812	0.01095
51	0.02530	0.01837	0.01964	0.01519	0.02042	0.02027	0.01250	0.62714	0.03116	0.04235	0.01730	0.01759	0.01241	0.00835	0.00679	0.00205	0.00728	0.00630	0.07820	0.01138
52	0.01126	0.00622	0.00870	0.00882	0.00922	0.00601	0.00597	0.00928	0.01046	0.01358	0.02319	0.07896	0.12439	0.02304	0.02300	0.61653	0.00552	0.00838	0.00381	0.00366
53	0.01128	0.00779	0.00913	0.00919	0.01128	0.00725	0.00703	0.01461	0.05958	0.06750	0.12777	0.18118	0.29738	0.01642	0.00814	0.00246	0.00420	0.08973	0.06131	0.00676
54	0.01451	0.00811	0.01063	0.00958	0.01201	0.00729	0.00732	0.01738	0.01898	0.18275	0.45103	0.10899	0.09578	0.01389	0.00802	0.00225	0.00398	0.01213	0.00771	0.00766
55	0.01013	0.00685	0.00804	0.00804	0.00818	0.00700	0.00476	0.01042	0.01027	0.01385	0.02160	0.04351	0.02443	0.67175	0.11725	0.00729	0.00817	0.00983	0.00417	0.00446
56	0.30355	0.02528	0.01684	0.01620	0.05656	0.43368	0.01180	0.02488	0.01674	0.02248	0.01053	0.01240	0.00859	0.00688	0.00562	0.00194	0.00978	0.00433	0.00385	0.00806
57	0.01551	0.01515	0.02685	0.32364	0.36162	0.01627	0.09957	0.02007	0.01517	0.02073	0.01295	0.01800	0.01029	0.00649	0.00709	0.00221	0.00911	0.00645	0.00332	0.00952
58	0.06613	0.01318	0.01481	0.01101	0.01677	0.01123	0.00883	0.10844	0.01675	0.02596	0.01391	0.04537	0.01187	0.00639	0.00552	0.00132	0.00548	0.00506	0.00463	0.60735
59	0.00986	0.00751	0.00954	0.00986	0.01158	0.00649	0.00688	0.01150	0.01361	0.01893	0.03254	0.58310	0.03802	0.01807	0.00806	0.00243	0.00430	0.01627	0.00595	0.18549
60	0.07509	0.01869	0.01973	0.01543	0.02076	0.02082	0.01267	0.57828	0.10020	0.04165	0.01751	0.01737	0.01257	0.00837	0.00682	0.00213	0.00731	0.00629	0.00682	0.01151
61	0.09408	0.01032	0.01172	0.01191	0.05924	0.00999	0.00829	0.01752	0.12283	0.02309	0.08084	0.16305	0.20723	0.01293	0.00718	0.00218	0.00470	0.01099	0.00585	0.13607
62	0.04011	0.22295	0.21616	0.01649	0.02288	0.01897	0.09444	0.08419	0.08471	0.02309	0.01628	0.08046	0.01407	0.00930	0.02462	0.00232	0.00850	0.00682	0.00419	0.00946
63	0.02974	0.01440	0.01776	0.01361	0.01907	0.01400	0.01125	0.24905	0.02419	0.49506	0.02399	0.02145	0.01550	0.00855	0.00701	0.00214	0.00651	0.00678	0.00809	0.01187
64	0.00927	0.00686	0.00834	0.00885	0.01006	0.00634	0.00634	0.01107	0.01510	0.01982	0.18299	0.25140	0.21222	0.13623	0.01293	0.00325	0.00444	0.08237	0.00636	0.00576
65	0.01752	0.08972	0.20854	0.02220	0.16553	0.01621	0.06388	0.06720	0.03206	0.09486	0.01784	0.06954	0.01528	0.00886	0.00767	0.00225	0.03765	0.04877	0.00452	0.00990
66	0.01635	0.06225	0.02430	0.15255	0.35343	0.01658	0.03397	0.04132	0.11282	0.02286	0.01731	0.02413	0.01481	0.00807	0.00708	0.00223	0.00791	0.06788	0.00426	0.00990
67	0.00885	0.00632	0.00789	0.00899	0.00949	0.00594	0.00586	0.00984	0.01287	0.01694	0.03773	0.52631	0.10336	0.18793	0.01489	0.00368	0.00462	0.01716	0.00597	0.00536
68	0.00915	0.00662	0.00879	0.01030	0.01113	0.00626	0.00756	0.01089	0.01419	0.01863	0.04033	0.53940	0.09056	0.02094	0.00904	0.00289	0.00459	0.17639	0.00647	0.00587
69	0.19638	0.01776	0.01872	0.27128	0.11385	0.16477	0.01497	0.02270	0.07605	0.02236	0.01297	0.01619	0.01013	0.00704	0.00623	0.00215	0.00864	0.00545	0.00388	0.00848
70	0.01952	0.01298	0.01483	0.01252	0.01647	0.01360	0.01005	0.20705	0.15335	0.15333	0.05998	0.03350	0.14801	0.01504	0.07472	0.00310	0.00699	0.02835	0.00692	0.00969
71	0.01876	0.13597	0.10330	0.06343	0.02300	0.05545	0.05647	0.19083	0.09087	0.02743	0.06292	0.01882	0.01519	0.00762	0.00647	0.00194	0.00775	0.00613	0.00495	0.10267
72	0.01063	0.06256	0.09441	0.01111	0.01372	0.00928	0.00964	0.01402	0.04251	0.02054	0.13260	0.34276	0.11566	0.01666	0.00816	0.00254	0.00514	0.07516	0.00601	0.00689
73	0.01583	0.16093	0.02209	0.09472	0.07380	0.04865	0.05729	0.03869	0.17228	0.02186	0.05692	0.09509	0.01966	0.01246	0.05714	0.00280	0.02816	0.00799	0.00481	0.00884
74	0.01947	0.04216	0.01632	0.01492	0.08074	0.01290	0.01071	0.18703	0.02009	0.18138	0.02904	0.16093	0.10109	0.01565	0.07166	0.00306	0.00716	0.00994	0.00642	0.00933

[dist]
# distance from previous block
# <min> <max>
10	172

[block]
# block no. 4 follows, 30 sequences, length 130
# corresponding to MSA columns:
# 1791-1817,1828-1930
name=unknown_E
#
# <colnr> <probs for GDERKNQSTAVLIFYWHMCP>
#	G	D	E	R	K	N	Q	S	T	A	V	L	I	F	Y	W	H	M	C	P
0	0.01744	0.06142	0.01682	0.01483	0.06194	0.11023	0.01091	0.09394	0.06719	0.05644	0.06586	0.04535	0.03902	0.04987	0.07913	0.00323	0.09123	0.00741	0.09940	0.00831
1	0.11155	0.01476	0.04458	0.14052	0.11322	0.03684	0.05830	0.09130	0.05364	0.08653	0.05101	0.05727	0.01703	0.00868	0.00679	0.00221	0.00727	0.02656	0.06286	0.00906
2	0.12857	0.10519	0.17069	0.01653	0.04755	0.04090	0.03979	0.19429	0.07382	0.09467	0.01561	0.01631	0.01139	0.00737	0.00629	0.00209	0.00790	0.00562	0.00510	0.01031
3	0.01975	0.05998	0.11463	0.01864	0.13559	0.06181	0.01416	0.10609	0.03871	0.15318	0.02215	0.07063	0.06554	0.00894	0.00680	0.00205	0.00729	0.00738	0.00537	0.08131
4	0.01706	0.01413	0.01742	0.09510	0.12017	0.06196	0.01271	0.09598	0.08092	0.05739	0.04277	0.02141	0.01553	0.01424	0.10841	0.00332	0.05163	0.00655	0.08441	0.07891
5	0.06448	0.01410	0.01652	0.01661	0.12264	0.03190	0.01130	0.14210	0.11710	0.10166	0.05303	0.02840	0.13770	0.00956	0.00687	0.00206	0.00608	0.00785	0.00599	0.10406
6	0.13575	0.01302	0.01647	0.04314	0.11766	0.01296	0.03195	0.11201	0.01736	0.05957	0.07896	0.02619	0.03821	0.07456	0.00907	0.00240	0.00639	0.03859	0.00512	0.16061
7	0.01432	0.01521	0.06540	0.28084	0.23866	0.04056	0.04988	0.01860	0.01570	0.02094	0.09048	0.02554	0.07754	0.00839	0.00721	0.00221	0.00816	0.00760	0.00401	0.00872
8	0.12440	0.01289	0.01979	0.43654	0.14654	0.01528	0.01698	0.01828	0.01363	0.02035	0.01260	0.01805	0.01006	0.01096	0.07085	0.00307	0.03226	0.00597	0.00338	0.00812
9	0.01159	0.00836	0.01205	0.09558	0.06624	0.00893	0.00928	0.01373	0.01268	0.04329	0.02312	0.18603	0.02389	0.17373	0.22116	0.00583	0.00976	0.01038	0.05791	0.00646
10	0.01373	0.01426	0.05609	0.53016	0.13044	0.01536	0.06433	0.01843	0.01451	0.01903	0.01544	0.02061	0.04346	0.00731	0.00710	0.00229	0.00911	0.00670	0.00333	0.00832
11	0.01330	0.01367	0.05348	0.19299	0.15869	0.01406	0.06049	0.01694	0.01505	0.02051	0.10425	0.03021	0.14032	0.01031	0.00990	0.00238	0.12245	0.00854	0.00432	0.00814
12	0.06135	0.01770	0.01868	0.01489	0.01989	0.01975	0.01213	0.49140	0.16592	0.03950	0.01907	0.01882	0.01386	0.00849	0.00678	0.00213	0.00692	0.00650	0.04498	0.01123
13	0.00885	0.00768	0.04206	0.00975	0.01083	0.00627	0.00711	0.01038	0.01351	0.01785	0.03989	0.58692	0.12084	0.07018	0.01052	0.00301	0.00447	0.01788	0.00616	0.00582
14	0.01360	0.01258	0.02122	0.62231	0.12315	0.01518	0.01898	0.01783	0.01394	0.01813	0.01247	0.01858	0.00964	0.00772	0.00794	0.04046	0.00903	0.00620	0.00314	0.00791
15	0.01460	0.01260	0.01514	0.01190	0.04990	0.00965	0.00890	0.01776	0.01454	0.02274	0.01244	0.01460	0.01037	0.00522	0.00525	0.00108	0.00532	0.00423	0.00410	0.75965
16	0.01720	0.01600	0.04953	0.01447	0.01872	0.01730	0.01175	0.03636	0.66578	0.02885	0.02764	0.02549	0.02070	0.00933	0.00708	0.00236	0.00575	0.00776	0.00690	0.01101
17	0.06173	0.01799	0.01928	0.01471	0.02035	0.01917	0.01211	0.53723	0.02856	0.03961	0.01565	0.01609	0.01139	0.00772	0.00653	0.00191	0.00712	0.00578	0.00635	0.15073
18	0.01768	0.28382	0.24665	0.01887	0.02640	0.02054	0.18022	0.05429	0.01608	0.05483	0.01285	0.01502	0.00986	0.00640	0.00630	0.00198	0.00933	0.00555	0.00357	0.00977
19	0.01703	0.01957	0.08244	0.02800	0.03518	0.01720	0.61206	0.02290	0.01653	0.05565	0.01466	0.01880	0.01080	0.00606	0.00808	0.00233	0.01139	0.00798	0.00374	0.00959
20	0.00850	0.00607	0.00810	0.00972	0.01012	0.00567	0.00648	0.00972	0.01336	0.01781	0.03846	0.75020	0.04615	0.02186	0.00891	0.00283	0.00405	0.01984	0.00648	0.00567
21	0.02165	0.03866	0.16973	0.02348	0.17568	0.01560	0.11419	0.09611	0.01869	0.22996	0.01771	0.01868	0.01240	0.00719	0.00702	0.00216	0.00843	0.00647	0.00526	0.01094
22	0.02469	0.01771	0.02120	0.01792	0.07187	0.01898	0.04573	0.50143	0.02832	0.10434	0.01876	0.06354	0.01441	0.00897	0.00716	0.00216	0.00753	0.00729	0.00668	0.01130
23	0.00893	0.00638	0.00859	0.01021	0.01080	0.00604	0.00723	0.01046	0.01378	0.01830	0.03822	0.64493	0.04521	0.02146	0.00902	0.00289	0.00442	0.12086	0.00647	0.00579
24	0.10983	0.10365	0.02016	0.05075	0.02125	0.49368	0.01261	0.02516	0.01769	0.01900	0.01074	0.01272	0.00893	0.00684	0.00584	0.00178	0.01061	0.00440	0.00362	0.06075
25	0.00850	0.00607	0.00810	0.00972	0.01012	0.00567	0.00648	0.00972	0.01336	0.01781	0.03846	0.75020	0.04615	0.02186	0.00891	0.00283	0.00405	0.01984	0.00648	0.00567
26	0.01772	0.01811	0.03002	0.03878	0.54510	0.06478	0.13857	0.02202	0.01626	0.02233	0.01314	0.01723	0.01083	0.00622	0.00710	0.00210	0.00920	0.00646	0.00348	0.01056
27	0.01280	0.01340	0.11458	0.01192	0.01630	0.00943	0.01081	0.01552	0.01336	0.01966	0.01712	0.05237	0.01624	0.01726	0.11063	0.12773	0.00805	0.08328	0.00409	0.32547
28	0.80405	0.01350	0.01026	0.00918	0.01350	0.01565	0.00756	0.02051	0.01188	0.03131	0.00972	0.01134	0.00756	0.00648	0.00432	0.00216	0.00540	0.00378	0.00432	0.00756
29	0.02423	0.01205	0.01846	0.01415	0.01914	0.01070	0.10423	0.02746	0.01854	0.44722	0.10405	0.02600	0.02159	0.01142	0.05235	0.00268	0.00719	0.00768	0.00720	0.06366
30	0.02607	0.03326	0.01978	0.01798	0.02157	0.72674	0.01348	0.02787	0.01978	0.01708	0.01079	0.01258	0.00899	0.00719	0.00629	0.00180	0.01258	0.00449	0.00360	0.00809
31	0.01801	0.01730	0.06338	0.20871	0.09930	0.05884	0.01558	0.17326	0.16819	0.02692	0.01862	0.06853	0.01512	0.00875	0.00707	0.00225	0.00791	0.00735	0.00513	0.00978
32	0.00861	0.00708	0.00757	0.00745	0.00965	0.00605	0.00559	0.01072	0.01676	0.02089	0.21272	0.06381	0.56510	0.01691	0.00824	0.00232	0.00348	0.01426	0.00675	0.00605
33	0.01637	0.01330	0.01540	0.01637	0.11020	0.01481	0.01107	0.03027	0.45207	0.02761	0.02506	0.02484	0.01914	0.00872	0.00658	0.00216	0.00539	0.00735	0.18326	0.01003
34	0.01012	0.00688	0.00818	0.00818	0.00837	0.00707	0.00493	0.01051	0.01032	0.01395	0.02147	0.04280	0.02413	0.64464	0.14394	0.00746	0.00863	0.00973	0.00415	0.00454
35	0.01718	0.01368	0.01488	0.01319	0.01659	0.01524	0.01016	0.17663	0.36009	0.02982	0.07274	0.13186	0.02604	0.05806	0.00919	0.00264	0.00572	0.00972	0.00684	0.00972
36	0.01007	0.00709	0.00915	0.00864	0.01028	0.00658	0.00648	0.01336	0.01943	0.02786	0.66462	0.05049	0.06284	0.01388	0.00802	0.00216	0.00329	0.01224	0.05694	0.00658
37	0.01858	0.02197	0.17292	0.03695	0.02328	0.10030	0.06061	0.18022	0.15138	0.02708	0.01735	0.01930	0.01331	0.01402	0.10780	0.00344	0.01028	0.00643	0.00493	0.00985
38	0.02653	0.01955	0.02094	0.01606	0.02164	0.02164	0.01326	0.68796	0.03281	0.04398	0.01675	0.01675	0.01187	0.00838	0.00698	0.00209	0.00768	0.00628	0.00698	0.01187
39	0.07530	0.01694	0.01866	0.01453	0.01979	0.01818	0.01195	0.46126	0.05301	0.18139	0.04473	0.01953	0.01508	0.00857	0.00687	0.00213	0.00693	0.00657	0.00719	0.01137
40	0.00882	0.00607	0.00819	0.00966	0.01003	0.00570	0.00644	0.00966	0.01298	0.01731	0.03613	0.68555	0.04314	0.02207	0.01054	0.07327	0.00423	0.01862	0.00617	0.00543
41	0.01647	0.01882	0.04118	0.02941	0.03647	0.01765	0.68588	0.02235	0.01647	0.02235	0.01412	0.01882	0.01059	0.00588	0.00824	0.00235	0.01176	0.00824	0.00353	0.00941
42	0.80405	0.01350	0.01026	0.00918	0.01350	0.01565	0.00756	0.02051	0.01188	0.03131	0.00972	0.01134	0.00756	0.00648	0.00432	0.00216	0.00540	0.00378	0.00432	0.00756
43	0.01544	0.01555	0.08858	0.03797	0.10687	0.01456	0.01293	0.06729	0.30455	0.02661	0.12129	0.03034	0.07065	0.04595	0.00863	0.00248	0.00623	0.00848	0.00598	0.00962
44	0.01810	0.01644	0.02843	0.04002	0.62214	0.01626	0.06564	0.02227	0.01618	0.06623	0.01410	0.01778	0.01141	0.00635	0.00700	0.00210	0.00838	0.00640	0.00378	0.01099
45	0.02451	0.01855	0.01981	0.01565	0.02087	0.02070	0.01278	0.54512	0.17893	0.04073	0.01931	0.01879	0.01394	0.00862	0.00701	0.00215	0.00721	0.00664	0.00701	0.01169
46	0.00964	0.00712	0.00900	0.00853	0.01028	0.00648	0.00640	0.01271	0.01920	0.02666	0.61527	0.05430	0.15894	0.01476	0.00823	0.00222	0.00333	0.01293	0.00751	0.00648
47	0.01846	0.01647	0.01797	0.06209	0.06635	0.11886	0.01315	0.18087	0.01902	0.02530	0.01719	0.02528	0.01520	0.01320	0.06276	0.00300	0.14407	0.08593	0.08623	0.00860
48	0.48612	0.01335	0.01302	0.01075	0.01553	0.01421	0.00887	0.07027	0.01607	0.26731	0.01631	0.01597	0.01119	0.00735	0.00543	0.00215	0.00574	0.00506	0.00598	0.00933
49	0.01888	0.01621	0.01763	0.05840	0.06124	0.05171	0.01241	0.16494	0.40443	0.03048	0.06926	0.02431	0.02050	0.00912	0.00709	0.00225	0.00654	0.00752	0.00650	0.01058
50	0.00858	0.00691	0.00769	0.00817	0.00999	0.00602	0.00606	0.01038	0.01545	0.01907	0.08234	0.22709	0.48277	0.01865	0.00850	0.00253	0.00386	0.06351	0.00652	0.00590
51	0.00997	0.00748	0.01121	0.01121	0.01246	0.00872	0.00872	0.01246	0.01121	0.01620	0.01869	0.02741	0.01745	0.05234	0.72710	0.01121	0.01869	0.00748	0.00374	0.00623
52	0.00872	0.00621	0.00827	0.00984	0.01030	0.00584	0.00669	0.01001	0.01342	0.01787	0.03786	0.68804	0.04515	0.04440	0.00977	0.00298	0.00428	0.05826	0.00640	0.00567
53	0.01161	0.00606	0.00895	0.00918	0.00924	0.00601	0.00612	0.00918	0.00969	0.01292	0.01581	0.12332	0.01689	0.02391	0.02470	0.68573	0.00578	0.00799	0.00351	0.00340
54	0.01547	0.06001	0.01804	0.01530	0.11742	0.01185	0.01054	0.03687	0.01516	0.02294	0.01246	0.01473	0.01040	0.00546	0.00543	0.00124	0.00583	0.00447	0.00404	0.61233
55	0.01884	0.01546	0.02182	0.07708	0.10145	0.01621	0.09495	0.17931	0.08970	0.06818	0.01644	0.01879	0.01264	0.01036	0.05307	0.00264	0.05799	0.00644	0.00505	0.13357
56	0.01980	0.45442	0.02863	0.01353	0.01833	0.19607	0.01199	0.05389	0.01609	0.01789	0.01140	0.01377	0.01013	0.01201	0.09272	0.00278	0.01009	0.00450	0.00342	0.00855
57	0.02497	0.01380	0.01641	0.01274	0.01792	0.01328	0.01041	0.22062	0.04779	0.33818	0.02704	0.02515	0.08640	0.00910	0.00691	0.00203	0.00609	0.00728	0.00733	0.10654
58	0.01594	0.01533	0.02645	0.26369	0.47489	0.01628	0.04554	0.02031	0.01529	0.02120	0.01293	0.01775	0.01048	0.00645	0.00698	0.00216	0.00874	0.00629	0.00334	0.00994
59	0.00835	0.00707	0.00721	0.00718	0.00949	0.00593	0.00538	0.01021	0.01615	0.01942	0.11061	0.06622	0.66811	0.01746	0.00825	0.00235	0.00352	0.01460	0.00656	0.00593
60	0.00988	0.00713	0.00933	0.00878	0.01043	0.00658	0.00658	0.01317	0.01975	0.02798	0.70754	0.05213	0.06584	0.01427	0.00823	0.00219	0.00329	0.01262	0.00768	0.00658
