[name]
unknown

[dist]
# distance from previous block
# <min> <max>
0	66

[block]
# block no. 0 follows, 33 sequences, length 10
# corresponding to MSA columns:
# 66-75
name=unknown_A
#
# <colnr> <probs for GDERKNQSTAVLIFYWHMCP>
#	G	D	E	R	K	N	Q	S	T	A	V	L	I	F	Y	W	H	M	C	P
0	0.01039	0.00744	0.01031	0.01148	0.01300	0.00735	0.00988	0.01344	0.01574	0.02082	0.14982	0.07008	0.04193	0.01740	0.00887	0.00287	0.00557	0.57128	0.00626	0.00609
1	0.01480	0.01436	0.02559	0.03314	0.49347	0.01411	0.13188	0.01853	0.01469	0.02066	0.01648	0.13997	0.01582	0.00825	0.00704	0.00212	0.00771	0.00830	0.00374	0.00933
2	0.00922	0.00673	0.00866	0.00818	0.00977	0.00617	0.00613	0.01223	0.01840	0.02585	0.68193	0.05009	0.10463	0.01366	0.00777	0.00208	0.00312	0.01203	0.00717	0.00617
3	0.00947	0.00681	0.00933	0.00933	0.01007	0.00755	0.00667	0.01095	0.01021	0.01436	0.01878	0.03220	0.01921	0.31405	0.48164	0.00904	0.01349	0.00798	0.00370	0.00518
4	0.01388	0.01287	0.02060	0.06015	0.46064	0.01305	0.01570	0.01790	0.04539	0.02020	0.02269	0.02572	0.13069	0.01310	0.09590	0.00307	0.00819	0.00742	0.00391	0.00893
5	0.11289	0.49065	0.02446	0.00968	0.01411	0.01975	0.00911	0.01859	0.01322	0.01943	0.01221	0.01404	0.01038	0.00620	0.00430	0.00152	0.00582	0.00417	0.20177	0.00772
6	0.00868	0.00643	0.00811	0.00827	0.00959	0.00585	0.00598	0.01098	0.01628	0.02217	0.41422	0.25891	0.16809	0.01608	0.00795	0.00227	0.00335	0.01421	0.00673	0.00585
7	0.01204	0.00852	0.00983	0.00906	0.01024	0.00900	0.00617	0.12604	0.01355	0.01820	0.02139	0.03650	0.05095	0.48744	0.14786	0.00618	0.00830	0.00873	0.00444	0.00558
8	0.01761	0.01636	0.10190	0.01330	0.01780	0.01561	0.01169	0.20872	0.33112	0.02995	0.02116	0.02093	0.01576	0.00812	0.00627	0.00203	0.00594	0.00651	0.13938	0.00983
9	0.51918	0.04638	0.05638	0.01139	0.01594	0.11260	0.00982	0.11834	0.01526	0.02841	0.01041	0.01177	0.00801	0.00645	0.00482	0.00196	0.00665	0.00407	0.00422	0.00798

[dist]
# distance from previous block
# <min> <max>
0	2

[block]
# block no. 1 follows, 33 sequences, length 46
# corresponding to MSA columns:
# 78-123
name=unknown_B
#
# <colnr> <probs for GDERKNQSTAVLIFYWHMCP>
#	G	D	E	R	K	N	Q	S	T	A	V	L	I	F	Y	W	H	M	C	P
0	0.01897	0.63187	0.03169	0.01206	0.01755	0.05284	0.01151	0.12196	0.01619	0.01938	0.01018	0.01139	0.00886	0.00601	0.00464	0.00150	0.00726	0.00391	0.00340	0.00883
1	0.01320	0.03405	0.73453	0.01876	0.02849	0.01529	0.02432	0.02085	0.01390	0.02085	0.01181	0.01390	0.00834	0.00625	0.00625	0.00208	0.00973	0.00486	0.00278	0.00973
2	0.00874	0.00629	0.00829	0.00867	0.00971	0.00583	0.00617	0.01098	0.01596	0.02215	0.41947	0.36592	0.05389	0.01663	0.00805	0.00234	0.00342	0.01492	0.00674	0.00583
3	0.01145	0.00641	0.00707	0.00717	0.00873	0.00629	0.00555	0.01446	0.01473	0.02398	0.12942	0.03557	0.05617	0.01012	0.00572	0.00182	0.00343	0.08514	0.56067	0.00611
4	0.02503	0.01844	0.01976	0.01515	0.02042	0.02042	0.01251	0.70562	0.03095	0.04149	0.01581	0.01581	0.01120	0.00790	0.00659	0.00198	0.00724	0.00593	0.00659	0.01120
5	0.01760	0.77260	0.03450	0.01126	0.01690	0.02605	0.01126	0.01971	0.01338	0.01549	0.00915	0.01056	0.00845	0.00563	0.00422	0.00141	0.00704	0.00352	0.00282	0.00845
6	0.08413	0.01610	0.01783	0.01376	0.01889	0.01715	0.01136	0.47634	0.02629	0.22415	0.01802	0.01719	0.01225	0.00784	0.00641	0.00200	0.00665	0.00594	0.00682	0.01090
7	0.00940	0.00705	0.01058	0.01058	0.01176	0.00823	0.00823	0.01176	0.01058	0.01528	0.01763	0.02586	0.01646	0.04937	0.74255	0.01058	0.01763	0.00705	0.00353	0.00588
8	0.01924	0.08947	0.02031	0.04780	0.10093	0.07991	0.07391	0.02262	0.03230	0.19946	0.03512	0.01902	0.03639	0.00690	0.00608	0.00173	0.00690	0.00585	0.00487	0.19120
9	0.01464	0.01667	0.06765	0.02231	0.02634	0.01719	0.36543	0.01862	0.01344	0.01907	0.01311	0.02047	0.01145	0.00869	0.01282	0.00251	0.28177	0.05638	0.00334	0.00811
10	0.01459	0.01453	0.11303	0.01271	0.01578	0.06266	0.01092	0.10981	0.05515	0.07363	0.02554	0.37074	0.02666	0.01388	0.00814	0.00237	0.04476	0.01184	0.00553	0.00772
11	0.02044	0.15820	0.01846	0.01178	0.01633	0.08729	0.00977	0.10127	0.01782	0.21739	0.06982	0.07477	0.01775	0.00828	0.00601	0.00175	0.00626	0.00655	0.00553	0.14452
12	0.01482	0.01166	0.01377	0.00989	0.01569	0.00884	0.00794	0.01771	0.01403	0.07353	0.01275	0.01429	0.01023	0.00512	0.00500	0.00105	0.00493	0.00410	0.00421	0.75043
13	0.00970	0.00653	0.00761	0.00780	0.00799	0.00653	0.00482	0.01008	0.01027	0.01364	0.02251	0.04699	0.02569	0.67444	0.03044	0.00596	0.00634	0.09414	0.00425	0.00425
14	0.37933	0.25982	0.18168	0.01178	0.01763	0.01848	0.01234	0.01981	0.01251	0.02309	0.00976	0.01138	0.00782	0.00599	0.00462	0.00185	0.00676	0.00384	0.00338	0.00814
15	0.01888	0.25048	0.02490	0.04945	0.10183	0.28274	0.05858	0.02147	0.01581	0.01729	0.01307	0.01938	0.01200	0.00748	0.00597	0.00184	0.00913	0.07814	0.00347	0.00810
16	0.01998	0.13031	0.16568	0.01347	0.01984	0.01388	0.04164	0.05713	0.01629	0.25344	0.01627	0.01638	0.01149	0.00652	0.00583	0.00171	0.00680	0.00519	0.00501	0.19314
17	0.01705	0.20530	0.41286	0.01602	0.02380	0.01841	0.01851	0.13538	0.01687	0.05917	0.01257	0.01386	0.00925	0.00648	0.00585	0.00190	0.00847	0.00481	0.00370	0.00975
18	0.00887	0.00609	0.00739	0.00808	0.00825	0.00591	0.00495	0.00939	0.01095	0.01459	0.02778	0.36976	0.03281	0.42984	0.02214	0.00470	0.00522	0.01371	0.00495	0.00460
19	0.04521	0.07801	0.07299	0.08740	0.19685	0.01533	0.01471	0.15129	0.01820	0.16088	0.01724	0.03886	0.01376	0.00795	0.00649	0.00205	0.00714	0.05092	0.00501	0.00970
20	0.01835	0.30021	0.22019	0.01589	0.02234	0.12450	0.06594	0.12142	0.01701	0.02125	0.01130	0.01295	0.00894	0.00629	0.00563	0.00178	0.00879	0.00465	0.00348	0.00911
21	0.00888	0.00671	0.00820	0.00783	0.00957	0.00603	0.00587	0.01159	0.01761	0.02397	0.53890	0.05317	0.24882	0.01436	0.00777	0.00211	0.00317	0.01247	0.00693	0.00603
22	0.06240	0.01127	0.01504	0.01159	0.01664	0.00989	0.00957	0.03155	0.01852	0.70274	0.02527	0.02192	0.01591	0.00806	0.00651	0.00204	0.00558	0.00649	0.00798	0.01103
23	0.00957	0.00638	0.00718	0.00718	0.00718	0.00638	0.00399	0.00957	0.00957	0.01276	0.02074	0.04308	0.02393	0.76864	0.03351	0.00638	0.00638	0.00957	0.00399	0.00399
24	0.01320	0.03405	0.73453	0.01876	0.02849	0.01529	0.02432	0.02085	0.01390	0.02085	0.01181	0.01390	0.00834	0.00625	0.00625	0.00208	0.00973	0.00486	0.00278	0.00973
25	0.00932	0.00673	0.00880	0.00828	0.00984	0.00621	0.00621	0.01242	0.01863	0.02640	0.72410	0.04918	0.06212	0.01346	0.00776	0.00207	0.00311	0.01191	0.00725	0.00621
26	0.01704	0.01613	0.05656	0.03523	0.56263	0.01503	0.07566	0.02111	0.01524	0.07634	0.01346	0.01670	0.01073	0.00600	0.00656	0.00196	0.00791	0.00598	0.00364	0.03608
27	0.19289	0.01614	0.01638	0.01332	0.01794	0.01820	0.01083	0.39135	0.19681	0.03545	0.01711	0.01688	0.01253	0.00777	0.00607	0.00205	0.00628	0.00580	0.00607	0.01013
28	0.01933	0.01795	0.02111	0.16055	0.22492	0.12706	0.01561	0.21769	0.08448	0.02608	0.01423	0.01648	0.01094	0.00700	0.00648	0.00199	0.00821	0.00578	0.00448	0.00964
29	0.01358	0.01259	0.02110	0.36476	0.30652	0.01402	0.01771	0.01752	0.01383	0.01874	0.01411	0.02184	0.01213	0.01038	0.06224	0.00279	0.00887	0.05559	0.00333	0.00833
30	0.01010	0.00809	0.01072	0.13201	0.01611	0.00825	0.00833	0.01433	0.06822	0.02350	0.44835	0.04442	0.15742	0.01251	0.00749	0.00213	0.00424	0.01089	0.00631	0.00660
31	0.01724	0.06827	0.01684	0.01245	0.01634	0.01149	0.08830	0.02273	0.13174	0.21589	0.17575	0.06213	0.09094	0.01014	0.00696	0.00207	0.00544	0.00888	0.00638	0.03001
32	0.01566	0.01487	0.02443	0.03608	0.62645	0.01493	0.01841	0.02037	0.06127	0.02163	0.01743	0.02039	0.06495	0.00688	0.00662	0.00199	0.00731	0.00658	0.00370	0.01006
33	0.60678	0.03808	0.01216	0.00973	0.01411	0.01485	0.00809	0.07798	0.01404	0.13443	0.01221	0.01285	0.00887	0.00655	0.00466	0.00201	0.00541	0.00421	0.00485	0.00811
34	0.17198	0.01920	0.08606	0.01312	0.01786	0.20067	0.01134	0.07653	0.01754	0.24606	0.01927	0.01886	0.05820	0.00777	0.00600	0.00196	0.00751	0.00569	0.00537	0.00900
35	0.06672	0.12437	0.59971	0.01716	0.02601	0.01659	0.02157	0.02061	0.01366	0.02076	0.01131	0.01327	0.00827	0.00617	0.00586	0.00200	0.00909	0.00461	0.00287	0.00940
36	0.01760	0.77260	0.03450	0.01126	0.01690	0.02605	0.01126	0.01971	0.01338	0.01549	0.00915	0.01056	0.00845	0.00563	0.00422	0.00141	0.00704	0.00352	0.00282	0.00845
37	0.00935	0.00681	0.00923	0.00923	0.01010	0.00746	0.00666	0.01091	0.01055	0.01464	0.02187	0.03385	0.06564	0.27722	0.46728	0.00869	0.01309	0.00831	0.00385	0.00525
38	0.81514	0.01273	0.00968	0.00866	0.01273	0.01477	0.00713	0.01935	0.01120	0.02954	0.00917	0.01069	0.00713	0.00611	0.00407	0.00204	0.00509	0.00356	0.00407	0.00713
39	0.00788	0.00667	0.00681	0.00678	0.00895	0.00560	0.00508	0.00964	0.01525	0.01835	0.11012	0.06242	0.68112	0.01646	0.00778	0.00221	0.00332	0.01376	0.00619	0.00560
40	0.10485	0.01433	0.06965	0.01255	0.01786	0.01256	0.01100	0.13631	0.04650	0.47285	0.02167	0.01965	0.01413	0.00780	0.00634	0.00204	0.00611	0.00611	0.00704	0.01066
41	0.01510	0.39377	0.02365	0.01138	0.01464	0.01917	0.01027	0.01729	0.01253	0.01733	0.01233	0.01561	0.01095	0.01154	0.08084	0.00263	0.15671	0.00484	0.16194	0.00749
42	0.02459	0.03138	0.01866	0.01696	0.02035	0.74221	0.01272	0.02629	0.01866	0.01611	0.01018	0.01187	0.00848	0.00678	0.00594	0.00170	0.01187	0.00424	0.00339	0.00763
43	0.01978	0.22404	0.04100	0.01392	0.01894	0.02000	0.04059	0.31528	0.13200	0.02969	0.06741	0.01823	0.01545	0.00771	0.00608	0.00188	0.00679	0.00599	0.00539	0.00982
44	0.01515	0.17893	0.54826	0.01681	0.02542	0.01705	0.02077	0.02137	0.01412	0.06677	0.01222	0.01380	0.00889	0.00626	0.00588	0.00195	0.00892	0.00471	0.00314	0.00957
45	0.01432	0.18494	0.54291	0.01691	0.02531	0.03715	0.02079	0.02049	0.01397	0.01957	0.01211	0.01548	0.00951	0.00660	0.00594	0.00197	0.00909	0.03074	0.00293	0.00927

[dist]
# distance from previous block
# <min> <max>
3	15

[block]
# block no. 2 follows, 33 sequences, length 44
# corresponding to MSA columns:
# 139-182
name=unknown_C
#
# <colnr> <probs for GDERKNQSTAVLIFYWHMCP>
#	G	D	E	R	K	N	Q	S	T	A	V	L	I	F	Y	W	H	M	C	P
0	0.23377	0.00945	0.01055	0.00953	0.01255	0.00942	0.00770	0.01772	0.01586	0.13348	0.28512	0.03615	0.03376	0.01083	0.00661	0.00213	0.00455	0.10339	0.00616	0.05128
1	0.13106	0.42627	0.14367	0.01227	0.01822	0.02042	0.01262	0.02186	0.04129	0.10078	0.01221	0.01303	0.00960	0.00622	0.00491	0.00171	0.00697	0.00426	0.00375	0.00887
2	0.02076	0.12356	0.02014	0.01315	0.01847	0.01445	0.06933	0.09823	0.10740	0.23843	0.01816	0.01784	0.01305	0.00688	0.00597	0.00173	0.00624	0.00567	0.00563	0.19491
3	0.09785	0.22901	0.02162	0.01332	0.01778	0.12361	0.05604	0.02394	0.08086	0.16237	0.01753	0.02220	0.01445	0.00809	0.00596	0.00195	0.00726	0.08262	0.00486	0.00869
4	0.01529	0.00890	0.01132	0.00975	0.01255	0.00836	0.00761	0.04884	0.06324	0.19146	0.46535	0.03888	0.04501	0.01144	0.00729	0.00204	0.00405	0.00989	0.00730	0.03144
5	0.01320	0.03405	0.73453	0.01876	0.02849	0.01529	0.02432	0.02085	0.01390	0.02085	0.01181	0.01390	0.00834	0.00625	0.00625	0.00208	0.00973	0.00486	0.00278	0.00973
6	0.01427	0.01255	0.01720	0.01895	0.15864	0.01369	0.04531	0.02352	0.28870	0.02294	0.04520	0.03422	0.04726	0.01208	0.03531	0.00268	0.04925	0.14403	0.00538	0.00882
7	0.00932	0.00673	0.00880	0.00828	0.00984	0.00621	0.00621	0.01242	0.01863	0.02640	0.72410	0.04918	0.06212	0.01346	0.00776	0.00207	0.00311	0.01191	0.00725	0.00621
8	0.01200	0.01226	0.00996	0.00943	0.01174	0.17202	0.00707	0.01406	0.01682	0.01976	0.23355	0.04786	0.38210	0.01356	0.00736	0.00206	0.00520	0.01117	0.00581	0.00620
9	0.01760	0.77260	0.03450	0.01126	0.01690	0.02605	0.01126	0.01971	0.01338	0.01549	0.00915	0.01056	0.00845	0.00563	0.00422	0.00141	0.00704	0.00352	0.00282	0.00845
10	0.00812	0.00668	0.00714	0.00703	0.00910	0.00570	0.00527	0.01010	0.01581	0.01969	0.21186	0.06022	0.57854	0.01596	0.00778	0.00219	0.00328	0.01345	0.00636	0.00570
11	0.00892	0.00671	0.00825	0.00787	0.00959	0.00604	0.00590	0.01166	0.01770	0.02418	0.55468	0.05283	0.23292	0.01429	0.00777	0.00211	0.00316	0.01242	0.00695	0.00604
12	0.01779	0.62695	0.03160	0.01241	0.01722	0.08234	0.01174	0.01979	0.01342	0.01558	0.00918	0.01110	0.00847	0.00640	0.00635	0.00160	0.09313	0.00383	0.00287	0.00824
13	0.02605	0.01562	0.01790	0.01639	0.09984	0.09659	0.01185	0.16967	0.04529	0.40066	0.02052	0.01921	0.01380	0.00771	0.00653	0.00198	0.00690	0.00615	0.00667	0.01068
14	0.00957	0.00638	0.00718	0.00718	0.00718	0.00638	0.00399	0.00957	0.00957	0.01276	0.02074	0.04308	0.02393	0.76864	0.03351	0.00638	0.00638	0.00957	0.00399	0.00399
15	0.11214	0.01441	0.02411	0.21551	0.23420	0.01578	0.14721	0.01926	0.01374	0.04118	0.01198	0.01619	0.00949	0.00670	0.00812	0.00218	0.08985	0.00596	0.00339	0.00860
16	0.00802	0.00573	0.00764	0.00917	0.00955	0.00535	0.00611	0.00917	0.01260	0.01681	0.03628	0.76434	0.04354	0.02062	0.00840	0.00267	0.00382	0.01872	0.00611	0.00535
17	0.01642	0.01801	0.12467	0.01922	0.02491	0.01566	0.27181	0.09881	0.19652	0.05028	0.07816	0.02160	0.01716	0.00754	0.00711	0.00216	0.00810	0.00739	0.00497	0.00950
18	0.01922	0.11001	0.28416	0.01574	0.02258	0.01865	0.01646	0.35068	0.02211	0.03009	0.01536	0.01617	0.03482	0.00734	0.00624	0.00196	0.00800	0.00554	0.00474	0.01014
19	0.01442	0.01221	0.01317	0.01233	0.01533	0.01381	0.00938	0.02897	0.55188	0.02507	0.02999	0.17441	0.04751	0.01153	0.00708	0.00232	0.00487	0.00991	0.00656	0.00924
20	0.20507	0.01453	0.01564	0.01202	0.01722	0.04045	0.04713	0.16742	0.03705	0.02764	0.01245	0.01389	0.00971	0.00604	0.00531	0.00157	0.00605	0.00459	0.00455	0.35165
21	0.01042	0.00733	0.00894	0.00939	0.01021	0.00734	0.00654	0.06964	0.01344	0.01787	0.02863	0.33517	0.03277	0.29287	0.01753	0.00402	0.00538	0.11167	0.00537	0.00546
22	0.01880	0.10822	0.01938	0.09824	0.02136	0.01863	0.01208	0.24240	0.33342	0.02923	0.01944	0.01928	0.01457	0.00793	0.00635	0.00205	0.00648	0.00630	0.00576	0.01007
23	0.01629	0.01564	0.02672	0.04041	0.72757	0.01564	0.02020	0.02020	0.01499	0.02151	0.01238	0.01629	0.01043	0.00587	0.00652	0.00196	0.00782	0.00587	0.00326	0.01043
24	0.01783	0.01513	0.02539	0.03708	0.64513	0.01495	0.01898	0.02158	0.01544	0.10393	0.01396	0.01700	0.01111	0.00613	0.00653	0.00196	0.00756	0.00595	0.00383	0.01052
25	0.01454	0.30750	0.41078	0.01497	0.02234	0.01854	0.01770	0.01946	0.01333	0.01815	0.01158	0.01515	0.00972	0.07134	0.00783	0.00220	0.00844	0.00477	0.00290	0.00876
26	0.00948	0.00675	0.00905	0.00905	0.00969	0.00740	0.00632	0.01077	0.01013	0.01415	0.01904	0.03363	0.01983	0.37375	0.42278	0.00869	0.01256	0.00819	0.00374	0.00503
27	0.13055	0.01563	0.04433	0.01712	0.07992	0.04233	0.09102	0.13664	0.21333	0.02711	0.01968	0.02577	0.01644	0.00883	0.00671	0.00222	0.00696	0.10099	0.00527	0.00917
28	0.14553	0.01261	0.01359	0.01188	0.01549	0.01373	0.00946	0.15616	0.22576	0.10941	0.08081	0.09633	0.02262	0.01022	0.00664	0.00220	0.00537	0.04675	0.00637	0.00905
29	0.00940	0.00705	0.01058	0.01058	0.01176	0.00823	0.00823	0.01176	0.01058	0.01528	0.01763	0.02586	0.01646	0.04937	0.74255	0.01058	0.01763	0.00705	0.00353	0.00588
30	0.00801	0.00654	0.00689	0.00705	0.00885	0.00562	0.00508	0.00952	0.01438	0.01751	0.07977	0.14133	0.56627	0.08145	0.01006	0.00263	0.00364	0.01401	0.00597	0.00542
31	0.01731	0.01514	0.02552	0.06022	0.64535	0.01510	0.01924	0.02112	0.01526	0.08224	0.01353	0.01686	0.01088	0.00608	0.00653	0.00197	0.00766	0.00593	0.00367	0.01040
32	0.22781	0.01687	0.01781	0.01996	0.20678	0.11842	0.01268	0.10167	0.11390	0.08129	0.01468	0.01578	0.01118	0.00689	0.00584	0.00199	0.00708	0.00532	0.00473	0.00932
33	0.00965	0.00686	0.01016	0.01016	0.01113	0.00784	0.00770	0.01127	0.01029	0.01470	0.01710	0.02617	0.01631	0.08725	0.62026	0.10158	0.01563	0.00704	0.00348	0.00543
34	0.00935	0.00697	0.00898	0.01002	0.01152	0.00660	0.00816	0.01169	0.01479	0.01894	0.07040	0.19495	0.21886	0.01805	0.00857	0.00272	0.00483	0.36266	0.00613	0.00581
35	0.01767	0.01615	0.03013	0.03147	0.35175	0.01563	0.29139	0.04860	0.01622	0.09382	0.01426	0.01748	0.01087	0.00605	0.00703	0.00207	0.00888	0.00670	0.00391	0.00992
36	0.01405	0.01529	0.10229	0.52292	0.12053	0.01532	0.01870	0.07668	0.01498	0.01994	0.01214	0.01684	0.00913	0.00657	0.00654	0.00214	0.00864	0.00575	0.00326	0.00828
37	0.00856	0.00641	0.00796	0.00833	0.00965	0.00581	0.00605	0.01065	0.01560	0.02085	0.30866	0.29378	0.21518	0.01682	0.00803	0.00235	0.00351	0.03948	0.00655	0.00576
38	0.01426	0.01037	0.01526	0.01917	0.21448	0.01026	0.01179	0.01845	0.07803	0.10457	0.08608	0.20199	0.02937	0.01285	0.00759	0.00238	0.00567	0.14361	0.00569	0.00814
39	0.09168	0.07873	0.20145	0.01877	0.14494	0.01471	0.03539	0.04733	0.07333	0.13774	0.01728	0.08050	0.01404	0.00792	0.00627	0.00206	0.00715	0.00662	0.00462	0.00946
40	0.01533	0.01341	0.01618	0.01402	0.01637	0.03575	0.01135	0.11485	0.15199	0.02221	0.01628	0.02095	0.01398	0.01775	0.16089	0.00400	0.24269	0.03073	0.00449	0.07677
41	0.01070	0.00702	0.00920	0.00967	0.01116	0.00627	0.00694	0.01230	0.01344	0.07883	0.03249	0.56457	0.03693	0.01758	0.00790	0.00245	0.00426	0.06449	0.00603	0.09778
42	0.01388	0.02511	0.40416	0.02223	0.10779	0.01491	0.17919	0.02062	0.04025	0.02170	0.07379	0.01848	0.01399	0.00676	0.00678	0.00211	0.00910	0.00635	0.00349	0.00934
43	0.01475	0.04684	0.39576	0.02100	0.13577	0.01519	0.06552	0.02224	0.09450	0.03787	0.01395	0.01583	0.01043	0.00636	0.00628	0.00197	0.00842	0.00543	0.00356	0.07832

[dist]
# distance from previous block
# <min> <max>
0	2

[block]
# block no. 3 follows, 33 sequences, length 32
# corresponding to MSA columns:
# 187-218
name=unknown_D
#
# <colnr> <probs for GDERKNQSTAVLIFYWHMCP>
#	G	D	E	R	K	N	Q	S	T	A	V	L	I	F	Y	W	H	M	C	P
0	0.01431	0.01579	0.12334	0.01546	0.11509	0.01106	0.01212	0.03950	0.01442	0.02200	0.01194	0.01412	0.00968	0.00531	0.00536	0.00131	0.00608	0.00438	0.00373	0.55502
1	0.01847	0.40428	0.07727	0.01173	0.01669	0.01921	0.01105	0.07388	0.04960	0.12518	0.01483	0.01812	0.01252	0.11078	0.00904	0.00232	0.00686	0.00529	0.00425	0.00865
2	0.01511	0.01520	0.12633	0.50044	0.07847	0.01411	0.01812	0.01971	0.01416	0.11556	0.01371	0.01760	0.00984	0.00671	0.00653	0.00214	0.00843	0.00581	0.00364	0.00839
3	0.01015	0.06099	0.06020	0.00920	0.01159	0.00819	0.00780	0.01350	0.01795	0.02527	0.62647	0.04412	0.05477	0.01243	0.00742	0.00203	0.00383	0.01085	0.00664	0.00661
4	0.01852	0.14497	0.30264	0.01422	0.02129	0.01467	0.01550	0.02359	0.03823	0.21315	0.01570	0.01598	0.01110	0.00657	0.00585	0.00181	0.00736	0.00507	0.00452	0.11928
5	0.01636	0.15702	0.12666	0.01559	0.09879	0.01514	0.01285	0.05915	0.11144	0.08344	0.08144	0.02091	0.04388	0.00757	0.00601	0.00180	0.00636	0.00614	0.00474	0.12472
6	0.00957	0.00638	0.00718	0.00718	0.00718	0.00638	0.00399	0.00957	0.00957	0.01276	0.02074	0.04308	0.02393	0.76864	0.03351	0.00638	0.00638	0.00957	0.00399	0.00399
7	0.01493	0.01370	0.02284	0.03360	0.55574	0.01370	0.01789	0.01862	0.01503	0.02107	0.01779	0.03024	0.01704	0.00883	0.00714	0.00221	0.00740	0.16890	0.00393	0.00938
8	0.01900	0.04110	0.06026	0.05026	0.13540	0.03550	0.04604	0.10361	0.28617	0.12266	0.01997	0.01993	0.01470	0.00764	0.00656	0.00208	0.00684	0.00649	0.00557	0.01023
9	0.22053	0.09334	0.07648	0.02300	0.27364	0.09483	0.03103	0.03624	0.03273	0.02275	0.01133	0.01382	0.00923	0.00632	0.00606	0.00194	0.02936	0.00488	0.00355	0.00892
10	0.06100	0.00953	0.01107	0.00950	0.01254	0.00912	0.00733	0.07178	0.05136	0.22336	0.13825	0.03838	0.19984	0.11502	0.01062	0.00269	0.00485	0.00944	0.00652	0.00780
11	0.01779	0.01754	0.06496	0.02217	0.02820	0.01645	0.41838	0.10685	0.13369	0.07941	0.01676	0.01882	0.01222	0.00663	0.00729	0.00217	0.00917	0.00726	0.00463	0.00964
12	0.13078	0.03550	0.06208	0.01539	0.08912	0.04446	0.01185	0.12769	0.09834	0.23464	0.01784	0.01752	0.01261	0.00721	0.00602	0.00194	0.00646	0.00563	0.00571	0.06923
13	0.00882	0.00607	0.00740	0.00814	0.00832	0.00588	0.00501	0.00938	0.01104	0.01472	0.02825	0.39134	0.03340	0.40746	0.02139	0.00459	0.00514	0.01399	0.00501	0.00464
14	0.00897	0.00666	0.00802	0.00771	0.00920	0.00607	0.00557	0.01124	0.01636	0.02218	0.45237	0.05186	0.22441	0.12711	0.01161	0.00275	0.00365	0.01206	0.00647	0.00571
15	0.01525	0.01431	0.02404	0.03561	0.62033	0.01423	0.01811	0.01904	0.01553	0.02224	0.11872	0.02121	0.01815	0.00700	0.00670	0.00197	0.00712	0.00677	0.00385	0.00980
16	0.01357	0.01260	0.01953	0.05482	0.27670	0.01455	0.01461	0.01642	0.01344	0.01958	0.12600	0.02223	0.01885	0.01427	0.10302	0.00334	0.23765	0.00695	0.00380	0.00806
17	0.00876	0.00663	0.00818	0.00872	0.01019	0.00605	0.00664	0.01091	0.01533	0.02001	0.21341	0.23327	0.26492	0.01715	0.00818	0.00245	0.00392	0.14313	0.00638	0.00576
18	0.00841	0.00601	0.00808	0.00961	0.01016	0.00568	0.00678	0.00983	0.01299	0.01724	0.03607	0.66124	0.04270	0.02026	0.00851	0.00273	0.00415	0.11801	0.00610	0.00545
19	0.34952	0.01550	0.09089	0.01181	0.01690	0.01434	0.01065	0.11795	0.06842	0.21987	0.01620	0.01593	0.01125	0.00713	0.00553	0.00205	0.00603	0.00514	0.00557	0.00931
20	0.03881	0.02221	0.12713	0.19718	0.02814	0.23816	0.07794	0.08926	0.01685	0.02039	0.01396	0.01675	0.03944	0.00725	0.00704	0.00203	0.03995	0.00567	0.00361	0.00822
21	0.00957	0.00638	0.00718	0.00718	0.00718	0.00638	0.00399	0.00957	0.00957	0.01276	0.02074	0.04308	0.02393	0.76864	0.03351	0.00638	0.00638	0.00957	0.00399	0.00399
22	0.04454	0.37388	0.18155	0.01362	0.01979	0.08690	0.01397	0.05952	0.01561	0.11662	0.01249	0.01332	0.00961	0.00636	0.00528	0.00172	0.00783	0.00444	0.00384	0.00914
23	0.01754	0.47551	0.20875	0.01401	0.02034	0.13034	0.01478	0.02098	0.01430	0.01693	0.00998	0.01160	0.00843	0.00596	0.00499	0.00162	0.00844	0.00397	0.00289	0.00865
24	0.12949	0.00714	0.00768	0.00797	0.00869	0.00734	0.00507	0.01092	0.01069	0.01643	0.02347	0.24522	0.02705	0.44006	0.02191	0.00467	0.00545	0.01130	0.00461	0.00485
25	0.01364	0.02534	0.43210	0.01840	0.02572	0.03494	0.16321	0.01973	0.01431	0.02107	0.01461	0.05300	0.01159	0.00702	0.00644	0.00206	0.00888	0.00631	0.11286	0.00878
26	0.00910	0.00632	0.00718	0.00741	0.00777	0.00611	0.00444	0.00950	0.01077	0.01406	0.02935	0.15362	0.12277	0.55400	0.02624	0.00526	0.00558	0.01153	0.00460	0.00441
27	0.00927	0.00666	0.00910	0.00931	0.01000	0.00725	0.00660	0.01071	0.01054	0.01469	0.02117	0.13236	0.02253	0.27347	0.41732	0.00817	0.01218	0.00945	0.00403	0.00521
28	0.01033	0.00868	0.01338	0.01219	0.01446	0.00823	0.11137	0.01383	0.04533	0.02088	0.19237	0.19297	0.14956	0.01508	0.00815	0.00246	0.00523	0.16307	0.00597	0.00648
29	0.48846	0.01345	0.01322	0.01111	0.01493	0.01546	0.00918	0.10741	0.01468	0.13415	0.01244	0.01360	0.00922	0.00738	0.00717	0.00214	0.10826	0.00462	0.00484	0.00826
30	0.01337	0.03085	0.62281	0.01824	0.02740	0.01466	0.05595	0.02040	0.01395	0.02093	0.01188	0.01406	0.00857	0.00607	0.00618	0.00197	0.00927	0.00490	0.00293	0.09562
31	0.02372	0.01802	0.02080	0.01892	0.12607	0.01970	0.01366	0.60321	0.02857	0.03850	0.01529	0.01588	0.01108	0.00760	0.00658	0.00197	0.00733	0.00592	0.00609	0.01108

[dist]
# distance from previous block
# <min> <max>
2	9

[block]
# block no. 4 follows, 33 sequences, length 31
# corresponding to MSA columns:
# 228-258
name=unknown_E
#
# <colnr> <probs for GDERKNQSTAVLIFYWHMCP>
#	G	D	E	R	K	N	Q	S	T	A	V	L	I	F	Y	W	H	M	C	P
0	0.01061	0.00819	0.05625	0.00897	0.01061	0.00695	0.00733	0.01320	0.01305	0.01999	0.02570	0.21062	0.02596	0.07841	0.07650	0.00327	0.00569	0.09559	0.31714	0.00598
1	0.01455	0.14470	0.47348	0.02226	0.17722	0.01703	0.02141	0.02053	0.01405	0.02016	0.01152	0.01390	0.00881	0.00607	0.00600	0.00195	0.00890	0.00487	0.00289	0.00968
2	0.17956	0.01106	0.01342	0.01065	0.01524	0.01036	0.00875	0.02820	0.01694	0.53610	0.02235	0.02033	0.01458	0.00771	0.00596	0.00199	0.00529	0.00599	0.07556	0.00998
3	0.39931	0.01210	0.01114	0.01011	0.01371	0.01351	0.00819	0.07679	0.15226	0.02746	0.02428	0.02744	0.12381	0.00948	0.00580	0.00218	0.00510	0.06427	0.00528	0.00778
4	0.00885	0.00664	0.00842	0.00896	0.01030	0.00595	0.00643	0.01066	0.01414	0.01906	0.14843	0.45082	0.12904	0.01747	0.00797	0.00240	0.00388	0.06016	0.00610	0.07431
5	0.00922	0.00714	0.00845	0.00805	0.00995	0.00659	0.00606	0.01275	0.05798	0.02361	0.46594	0.05244	0.27904	0.01426	0.00771	0.00213	0.00330	0.01230	0.00684	0.00624
6	0.00946	0.00684	0.00949	0.00949	0.01029	0.00764	0.00687	0.01106	0.01026	0.01447	0.01863	0.03138	0.01886	0.28006	0.51515	0.00923	0.01403	0.00786	0.00367	0.00527
7	0.16173	0.01408	0.01594	0.01243	0.01742	0.01443	0.01027	0.27359	0.02192	0.36258	0.01943	0.01802	0.01289	0.00771	0.00617	0.00201	0.00611	0.00585	0.00689	0.01051
8	0.00940	0.00705	0.01058	0.01058	0.01176	0.00823	0.00823	0.01176	0.01058	0.01528	0.01763	0.02586	0.01646	0.04937	0.74255	0.01058	0.01763	0.00705	0.00353	0.00588
9	0.01155	0.01010	0.01146	0.01124	0.01260	0.10326	0.00860	0.01337	0.01146	0.01506	0.01614	0.02355	0.01499	0.04158	0.58563	0.07769	0.01587	0.00657	0.00345	0.00585
10	0.01805	0.01941	0.10831	0.03150	0.46625	0.10846	0.01861	0.02191	0.01547	0.08132	0.01305	0.01589	0.01036	0.00644	0.00699	0.00198	0.03681	0.00560	0.00362	0.00993
11	0.38524	0.42233	0.02306	0.01006	0.01498	0.02085	0.00936	0.01955	0.01237	0.02196	0.00916	0.01062	0.00784	0.00585	0.00415	0.00170	0.00614	0.00354	0.00340	0.00784
12	0.37959	0.02431	0.40336	0.01415	0.02129	0.01505	0.01647	0.02016	0.01267	0.02482	0.01060	0.01243	0.00779	0.00619	0.00526	0.00206	0.00761	0.00427	0.00337	0.00854
13	0.01388	0.14843	0.62611	0.01760	0.02670	0.01696	0.02230	0.02067	0.01382	0.02002	0.01140	0.01338	0.00836	0.00616	0.00594	0.00198	0.00931	0.00466	0.00279	0.00953
14	0.01058	0.06347	0.14891	0.01086	0.01423	0.00976	0.01011	0.01498	0.07240	0.02062	0.18343	0.23133	0.15669	0.01367	0.00733	0.00223	0.00504	0.01180	0.00555	0.00703
15	0.02416	0.01587	0.10924	0.01349	0.01895	0.01338	0.01216	0.13648	0.15531	0.39514	0.02271	0.02069	0.01520	0.00802	0.00658	0.00207	0.00632	0.00644	0.00693	0.01086
16	0.01365	0.01170	0.01365	0.00975	0.01560	0.00878	0.00780	0.01658	0.01365	0.02145	0.01170	0.01365	0.00975	0.00488	0.00488	0.00098	0.00488	0.00390	0.00390	0.80888
17	0.01294	0.01202	0.01911	0.65686	0.04168	0.01485	0.01726	0.01918	0.10433	0.01821	0.01366	0.01846	0.01024	0.00689	0.00660	0.00220	0.00831	0.00606	0.00341	0.00772
18	0.00908	0.00618	0.00732	0.00781	0.00793	0.00606	0.00466	0.00945	0.01053	0.01404	0.02565	0.27073	0.03012	0.53255	0.02558	0.00521	0.00557	0.01246	0.00466	0.00442
19	0.00869	0.00670	0.00793	0.00762	0.00945	0.00594	0.00572	0.01121	0.01715	0.02287	0.45504	0.05498	0.33337	0.01477	0.00777	0.00213	0.00320	0.01272	0.00678	0.00594
20	0.00945	0.00687	0.00966	0.00966	0.01052	0.00773	0.00708	0.01116	0.01031	0.01460	0.01848	0.03052	0.01848	0.24412	0.55057	0.00944	0.01459	0.00774	0.00365	0.00537
21	0.00830	0.00625	0.00715	0.00771	0.00872	0.00568	0.00517	0.00937	0.01282	0.01622	0.04445	0.31663	0.30545	0.19892	0.01420	0.00339	0.00425	0.01463	0.00560	0.00510
22	0.01761	0.01714	0.02304	0.13364	0.42205	0.11001	0.01741	0.10729	0.01724	0.02254	0.01450	0.01762	0.03717	0.00676	0.00651	0.00197	0.00824	0.00597	0.00376	0.00954
23	0.01719	0.68480	0.05501	0.01201	0.01729	0.02521	0.01194	0.01942	0.01311	0.01569	0.00919	0.01099	0.00846	0.00616	0.00577	0.00156	0.07125	0.00375	0.00282	0.00838
24	0.51748	0.01280	0.01190	0.01015	0.01444	0.01411	0.00829	0.04904	0.10495	0.17749	0.01523	0.01514	0.01089	0.00697	0.00504	0.00206	0.00529	0.00480	0.00536	0.00856
25	0.00858	0.00629	0.00812	0.00945	0.01005	0.00608	0.00640	0.01089	0.05960	0.01752	0.03565	0.71490	0.04197	0.01984	0.00829	0.00264	0.00391	0.01796	0.00615	0.00569
26	0.01478	0.01429	0.01834	0.02417	0.32809	0.09869	0.01357	0.01933	0.09443	0.02024	0.05364	0.11928	0.05154	0.04710	0.05090	0.00277	0.00756	0.00841	0.00440	0.00845
27	0.01435	0.03137	0.57954	0.01763	0.02584	0.10884	0.02127	0.02083	0.01492	0.02071	0.07254	0.01665	0.01296	0.00694	0.00634	0.00203	0.00944	0.00539	0.00324	0.00916
28	0.01315	0.07810	0.59558	0.01742	0.02582	0.01498	0.02170	0.01984	0.01403	0.02036	0.01463	0.02152	0.01218	0.00776	0.00649	0.00216	0.00908	0.09281	0.00321	0.00917
29	0.01474	0.01405	0.02391	0.32756	0.45258	0.01523	0.01943	0.01884	0.01425	0.01962	0.01211	0.01680	0.00976	0.00615	0.00654	0.00205	0.00821	0.00586	0.00312	0.00917
30	0.00962	0.00691	0.00984	0.00984	0.01089	0.00785	0.00744	0.01171	0.01067	0.01557	0.01829	0.02801	0.01746	0.13992	0.60122	0.00943	0.01520	0.00732	0.05717	0.00565

[dist]
# distance from previous block
# <min> <max>
0	0

# created by:
# /home/berkeley/.conda/envs/busco_data_prod/bin/msa2prfl.pl pipeline/OGs_align_augustus/5794/31496.fs
