[name]
unknown

[dist]
# distance from previous block
# <min> <max>
0	1

[block]
# block no. 0 follows, 27 sequences, length 30
# corresponding to MSA columns:
# 28-57
name=unknown_A
#
# <colnr> <probs for GDERKNQSTAVLIFYWHMCP>
#	G	D	E	R	K	N	Q	S	T	A	V	L	I	F	Y	W	H	M	C	P
0	0.01927	0.05796	0.18949	0.01606	0.02141	0.09431	0.01598	0.02366	0.01793	0.15830	0.02597	0.04279	0.02379	0.01259	0.00818	0.00265	0.00860	0.24584	0.00583	0.00940
1	0.01487	0.18049	0.44228	0.01703	0.02557	0.01788	0.02058	0.02102	0.01577	0.02165	0.02341	0.02454	0.12723	0.00894	0.00687	0.00222	0.00909	0.00693	0.00379	0.00985
2	0.10759	0.01301	0.05469	0.01197	0.01409	0.06854	0.04885	0.01522	0.01335	0.01916	0.02348	0.18688	0.02597	0.34139	0.02125	0.00465	0.00748	0.01126	0.00484	0.00635
3	0.02081	0.07051	0.16331	0.05184	0.02821	0.14602	0.15473	0.05742	0.09920	0.08380	0.01682	0.01853	0.01247	0.00756	0.00728	0.00223	0.01015	0.00655	0.00472	0.03785
4	0.01539	0.10963	0.63379	0.02030	0.03081	0.01847	0.02594	0.02338	0.01561	0.02290	0.01302	0.01529	0.00942	0.00698	0.00682	0.00227	0.01067	0.00533	0.00314	0.01083
5	0.02380	0.01955	0.01973	0.01633	0.02135	0.06515	0.01306	0.34428	0.32382	0.03787	0.02299	0.02198	0.01694	0.00935	0.00744	0.00234	0.00747	0.00733	0.00725	0.01197
6	0.01211	0.00964	0.01210	0.01144	0.01363	0.00989	0.00870	0.05164	0.04112	0.02195	0.07481	0.21567	0.13733	0.02607	0.18258	0.00483	0.05486	0.01238	0.00580	0.09347
7	0.01668	0.17473	0.52879	0.01939	0.02901	0.06413	0.02374	0.02366	0.01590	0.02200	0.01262	0.01480	0.00944	0.00696	0.00659	0.00218	0.01054	0.00515	0.00319	0.01054
8	0.13141	0.35717	0.17058	0.01486	0.02185	0.02383	0.01538	0.14178	0.01852	0.02643	0.01234	0.01381	0.00986	0.00705	0.00571	0.00197	0.00830	0.00480	0.00416	0.01019
9	0.00901	0.00659	0.00848	0.00999	0.01068	0.00606	0.00674	0.01038	0.01454	0.01909	0.04509	0.65354	0.12712	0.02272	0.00939	0.00295	0.00424	0.02044	0.00689	0.00606
10	0.01559	0.01992	0.14260	0.07259	0.13873	0.01601	0.30020	0.02111	0.01673	0.02324	0.05400	0.10734	0.01870	0.00906	0.00825	0.00248	0.01002	0.00948	0.00423	0.00969
11	0.07953	0.01819	0.14077	0.01961	0.13022	0.01393	0.01544	0.06917	0.01939	0.31762	0.04361	0.06268	0.01800	0.00920	0.00732	0.00233	0.00743	0.00765	0.00660	0.01130
12	0.01875	0.01941	0.02608	0.14352	0.44040	0.13494	0.02004	0.02268	0.01729	0.02216	0.01689	0.02075	0.04947	0.00761	0.00733	0.00221	0.00948	0.00681	0.00382	0.01037
13	0.00994	0.00796	0.01146	0.05582	0.01479	0.00760	0.04869	0.01180	0.01474	0.01919	0.04259	0.48903	0.15576	0.06092	0.01078	0.00310	0.00524	0.01788	0.00633	0.00637
14	0.02192	0.11346	0.14304	0.02005	0.06637	0.11836	0.08203	0.12843	0.03789	0.09901	0.04716	0.01908	0.01447	0.00825	0.00804	0.00223	0.04814	0.00651	0.00504	0.01053
15	0.01765	0.08822	0.31267	0.02152	0.07025	0.09223	0.11008	0.02327	0.01652	0.05827	0.01615	0.06228	0.01339	0.01111	0.05153	0.00289	0.01095	0.00705	0.00395	0.01002
16	0.01485	0.01471	0.01468	0.01404	0.01585	0.16915	0.01087	0.01727	0.01396	0.01749	0.01734	0.02477	0.01596	0.04208	0.50680	0.00911	0.06287	0.00714	0.00390	0.00717
17	0.11008	0.02071	0.17076	0.23965	0.09979	0.05249	0.05376	0.02089	0.01528	0.02244	0.01660	0.02046	0.05263	0.00830	0.00844	0.00243	0.06578	0.00663	0.00373	0.00915
18	0.01565	0.02547	0.31401	0.09367	0.17933	0.04321	0.02124	0.02289	0.07133	0.02322	0.02232	0.02439	0.09395	0.00870	0.00739	0.00235	0.00917	0.00730	0.00412	0.01028
19	0.01744	0.01936	0.04009	0.03105	0.09150	0.01916	0.53259	0.02298	0.01672	0.02310	0.01429	0.01943	0.01112	0.00711	0.01054	0.00257	0.09904	0.00830	0.00369	0.00993
20	0.00908	0.00655	0.00861	0.01018	0.01074	0.00607	0.00684	0.01047	0.01456	0.01936	0.06370	0.68225	0.07855	0.02279	0.00942	0.00297	0.00426	0.02061	0.00693	0.00607
21	0.02148	0.05564	0.13870	0.06413	0.14891	0.05765	0.11339	0.13785	0.02056	0.11588	0.01733	0.02098	0.01317	0.00800	0.00749	0.00231	0.00948	0.03100	0.00507	0.01097
22	0.01809	0.01433	0.05546	0.01811	0.05867	0.01310	0.11890	0.09200	0.05956	0.13287	0.02743	0.22414	0.02614	0.01563	0.04633	0.00313	0.00810	0.05222	0.00631	0.00948
23	0.01016	0.00757	0.00944	0.00897	0.01088	0.00686	0.00673	0.01333	0.02019	0.02781	0.56486	0.05868	0.19529	0.01591	0.00876	0.00237	0.00355	0.01388	0.00791	0.00686
24	0.01688	0.15385	0.34086	0.11162	0.03099	0.08876	0.07544	0.02272	0.01609	0.02114	0.01403	0.04926	0.01152	0.00773	0.00693	0.00223	0.01037	0.00630	0.00346	0.00981
25	0.01710	0.24325	0.36978	0.01678	0.02477	0.03950	0.01946	0.02275	0.01562	0.04726	0.01410	0.01648	0.01099	0.01011	0.05053	0.00267	0.01004	0.00534	0.05348	0.01000
26	0.02577	0.01852	0.11343	0.01883	0.02556	0.01486	0.16797	0.10402	0.02121	0.35118	0.04587	0.02298	0.01669	0.00840	0.00776	0.00235	0.00851	0.00763	0.00687	0.01160
27	0.00909	0.00668	0.00840	0.00974	0.01050	0.00613	0.00655	0.01041	0.01449	0.01890	0.04581	0.58620	0.15648	0.05985	0.01083	0.00315	0.00437	0.01965	0.00677	0.00599
28	0.01607	0.01456	0.02314	0.07344	0.30298	0.01494	0.07081	0.05158	0.09487	0.02492	0.06054	0.17315	0.02416	0.01116	0.00803	0.00246	0.00757	0.01046	0.00522	0.00994
29	0.01824	0.06289	0.09643	0.02408	0.15038	0.01568	0.18497	0.05699	0.01806	0.10590	0.02546	0.09707	0.09027	0.01001	0.00792	0.00239	0.00860	0.00946	0.00516	0.01006

[dist]
# distance from previous block
# <min> <max>
0	15

[block]
# block no. 1 follows, 27 sequences, length 31
# corresponding to MSA columns:
# 73-103
name=unknown_B
#
# <colnr> <probs for GDERKNQSTAVLIFYWHMCP>
#	G	D	E	R	K	N	Q	S	T	A	V	L	I	F	Y	W	H	M	C	P
0	0.01547	0.02041	0.20196	0.01618	0.06205	0.01290	0.01500	0.02021	0.01539	0.02374	0.01313	0.01568	0.01056	0.00631	0.00684	0.00160	0.03819	0.00492	0.00396	0.49552
1	0.04795	0.19080	0.27268	0.02158	0.06573	0.12884	0.12693	0.02413	0.01665	0.02177	0.01256	0.01521	0.00985	0.00683	0.00669	0.00213	0.01061	0.00559	0.00344	0.01005
2	0.01842	0.05124	0.12547	0.06297	0.02257	0.25877	0.01460	0.02357	0.08117	0.02037	0.02297	0.02533	0.09703	0.01701	0.12269	0.00379	0.01171	0.00721	0.00442	0.00868
3	0.02043	0.15658	0.11627	0.02237	0.12270	0.08213	0.11349	0.11466	0.01937	0.04793	0.01410	0.01640	0.01102	0.00693	0.00677	0.00200	0.00931	0.00589	0.00434	0.10730
4	0.01733	0.15517	0.29346	0.01607	0.02302	0.10327	0.01734	0.04962	0.01780	0.04515	0.06782	0.02636	0.11862	0.00950	0.00701	0.00218	0.00885	0.00734	0.00453	0.00956
5	0.00915	0.00650	0.00858	0.01021	0.01061	0.00610	0.00675	0.01036	0.01401	0.01868	0.03989	0.69392	0.04780	0.06537	0.01114	0.00326	0.00448	0.02050	0.00675	0.00594
6	0.01385	0.01187	0.01814	0.04418	0.23977	0.01177	0.03537	0.05481	0.01690	0.02298	0.06303	0.28750	0.08758	0.04586	0.00968	0.00277	0.00652	0.01328	0.00560	0.00853
7	0.01971	0.02214	0.18083	0.09505	0.24932	0.01810	0.02024	0.17122	0.04816	0.05461	0.03789	0.01961	0.01383	0.00784	0.00736	0.00229	0.00888	0.00670	0.00489	0.01131
8	0.00926	0.00679	0.00870	0.00981	0.01073	0.00623	0.00675	0.01101	0.01572	0.02094	0.15613	0.53531	0.13266	0.02132	0.00926	0.00284	0.00410	0.01911	0.00711	0.00623
9	0.01638	0.02094	0.16682	0.21026	0.30374	0.01758	0.08402	0.02185	0.01596	0.02245	0.01356	0.01825	0.01067	0.00714	0.00814	0.00237	0.03944	0.00658	0.00346	0.01039
10	0.07525	0.12841	0.02121	0.08845	0.04964	0.08187	0.01270	0.14480	0.02068	0.18298	0.01838	0.01929	0.01336	0.00805	0.00649	0.00208	0.00765	0.00611	0.10234	0.01027
11	0.01985	0.74357	0.03890	0.01270	0.01905	0.02937	0.01270	0.02223	0.01508	0.01747	0.01032	0.01191	0.00953	0.00635	0.00476	0.00159	0.00794	0.00397	0.00318	0.00953
12	0.00936	0.00692	0.00883	0.01023	0.01121	0.00639	0.00729	0.01102	0.01507	0.01956	0.04705	0.53080	0.16665	0.02209	0.00944	0.00297	0.00452	0.09754	0.00688	0.00617
13	0.01492	0.02215	0.22673	0.04483	0.16888	0.08563	0.01760	0.01946	0.01658	0.02167	0.03021	0.11228	0.16548	0.01153	0.00776	0.00239	0.00834	0.00977	0.00460	0.00919
14	0.01516	0.03648	0.63195	0.02222	0.03283	0.01740	0.09419	0.02354	0.01587	0.02354	0.01350	0.01613	0.00960	0.00697	0.00723	0.00237	0.01113	0.00583	0.00320	0.01087
15	0.01042	0.00759	0.00980	0.00925	0.01104	0.00697	0.00694	0.01384	0.02081	0.02929	0.65862	0.05624	0.10060	0.01536	0.00876	0.00234	0.00352	0.01354	0.00811	0.00697
16	0.00911	0.00753	0.00798	0.00787	0.01023	0.00641	0.00590	0.01130	0.01770	0.02191	0.19269	0.06838	0.57113	0.01811	0.00877	0.00247	0.00371	0.01524	0.00714	0.00641
17	0.02223	0.01965	0.02535	0.06651	0.02685	0.13685	0.19006	0.16354	0.02250	0.11204	0.08806	0.02497	0.04879	0.00899	0.00786	0.00230	0.00947	0.00810	0.00580	0.01007
18	0.00923	0.00660	0.00878	0.01021	0.01081	0.00615	0.00691	0.01080	0.01506	0.02030	0.12180	0.64953	0.05171	0.02225	0.00939	0.00293	0.00421	0.02015	0.00705	0.00615
19	0.01558	0.01286	0.01404	0.01296	0.01599	0.01435	0.00974	0.02977	0.44337	0.02803	0.14277	0.07738	0.03290	0.10273	0.01165	0.00310	0.00554	0.01032	0.00724	0.00969
20	0.01899	0.02574	0.23094	0.15578	0.09026	0.11817	0.04442	0.13496	0.01974	0.02574	0.01550	0.05762	0.01261	0.00838	0.00736	0.00232	0.01012	0.00691	0.00430	0.01015
21	0.01803	0.46453	0.23323	0.01586	0.02297	0.02514	0.01740	0.02219	0.01490	0.01929	0.01115	0.01344	0.00951	0.00720	0.00734	0.00197	0.07819	0.00466	0.00317	0.00982
22	0.00904	0.00646	0.00861	0.01034	0.01077	0.00603	0.00689	0.01034	0.01421	0.01895	0.04092	0.73426	0.04910	0.02326	0.00948	0.00301	0.00431	0.02110	0.00689	0.00603
23	0.00898	0.00739	0.00789	0.00805	0.01022	0.00631	0.00593	0.01094	0.01698	0.02086	0.13024	0.15263	0.54991	0.01901	0.00886	0.00255	0.00380	0.01613	0.00702	0.00631
24	0.01871	0.09745	0.13796	0.19786	0.18074	0.05852	0.06552	0.11100	0.01876	0.02484	0.01375	0.01736	0.01064	0.00721	0.00712	0.00224	0.00977	0.00621	0.00397	0.01035
25	0.01396	0.01196	0.01314	0.01240	0.01384	0.08361	0.00920	0.05818	0.01406	0.01854	0.01925	0.03147	0.01908	0.23817	0.35841	0.00838	0.05710	0.00825	0.00429	0.00672
26	0.01772	0.01735	0.03071	0.12942	0.53654	0.01762	0.09632	0.02241	0.01671	0.02353	0.01399	0.01874	0.01147	0.00668	0.00752	0.00227	0.00938	0.00686	0.00364	0.01111
27	0.01889	0.02035	0.10895	0.08250	0.18111	0.05655	0.13440	0.05823	0.14082	0.06191	0.01907	0.05108	0.01514	0.00834	0.00767	0.00238	0.00918	0.00776	0.00494	0.01073
28	0.11697	0.01900	0.02932	0.07244	0.13163	0.05771	0.25017	0.12343	0.04696	0.05727	0.01562	0.01859	0.01173	0.00724	0.00751	0.00235	0.00977	0.00708	0.00477	0.01042
29	0.02214	0.02586	0.08434	0.01803	0.02291	0.31452	0.07690	0.10508	0.05727	0.04338	0.09168	0.02427	0.06252	0.00934	0.00745	0.00218	0.01013	0.00739	0.00522	0.00941
30	0.01752	0.14059	0.38034	0.02287	0.07412	0.01991	0.13446	0.08067	0.01770	0.02475	0.01360	0.01622	0.01019	0.00694	0.00705	0.00224	0.01038	0.00600	0.00367	0.01078

[dist]
# distance from previous block
# <min> <max>
0	74

[block]
# block no. 2 follows, 27 sequences, length 17
# corresponding to MSA columns:
# 190-206
name=unknown_C
#
# <colnr> <probs for GDERKNQSTAVLIFYWHMCP>
#	G	D	E	R	K	N	Q	S	T	A	V	L	I	F	Y	W	H	M	C	P
0	0.14576	0.01740	0.08364	0.14047	0.12515	0.03618	0.01560	0.08661	0.06631	0.12330	0.01901	0.07591	0.01535	0.00904	0.00707	0.00237	0.00785	0.00744	0.00540	0.01013
1	0.07714	0.27955	0.05352	0.01464	0.02081	0.02299	0.01328	0.28041	0.02365	0.12351	0.01601	0.01624	0.01186	0.00782	0.00627	0.00202	0.00778	0.00559	0.00578	0.01114
2	0.04366	0.01525	0.11588	0.01249	0.01722	0.01155	0.01127	0.08674	0.03468	0.11852	0.08573	0.09978	0.10357	0.06715	0.00973	0.00260	0.00627	0.00964	0.03956	0.10871
3	0.01458	0.01462	0.01238	0.01230	0.01380	0.18756	0.00872	0.01610	0.01617	0.01913	0.09855	0.28356	0.08299	0.13842	0.01405	0.00334	0.03807	0.01335	0.00568	0.00664
4	0.01118	0.00824	0.00960	0.00943	0.01161	0.00762	0.00699	0.01501	0.07071	0.05288	0.24953	0.17979	0.30506	0.01739	0.00874	0.00254	0.00406	0.01503	0.00743	0.00716
5	0.67714	0.01751	0.01243	0.01116	0.01564	0.12040	0.00898	0.02299	0.01389	0.03104	0.01051	0.01226	0.00827	0.00700	0.00491	0.00224	0.00689	0.00413	0.00448	0.00812
6	0.01443	0.01362	0.02301	0.65722	0.11195	0.01660	0.02082	0.01933	0.01504	0.01947	0.01327	0.01966	0.01007	0.00735	0.00742	0.00245	0.00979	0.00660	0.00333	0.00858
7	0.01729	0.01426	0.01516	0.01338	0.01729	0.01571	0.01047	0.12562	0.39314	0.03108	0.09365	0.03740	0.15966	0.01209	0.00788	0.00246	0.00559	0.01003	0.00745	0.01037
8	0.01432	0.00764	0.00887	0.00832	0.01040	0.00729	0.00632	0.01774	0.01799	0.08563	0.26093	0.03735	0.03711	0.01102	0.00665	0.00199	0.00372	0.00928	0.44000	0.00744
9	0.01715	0.02226	0.22131	0.01954	0.02616	0.01614	0.16570	0.16389	0.02108	0.02918	0.11723	0.07830	0.04807	0.01011	0.00802	0.00241	0.00885	0.00920	0.00538	0.01000
10	0.01409	0.00866	0.01093	0.01038	0.01233	0.00828	0.00753	0.01786	0.07045	0.11988	0.29340	0.20150	0.04755	0.12746	0.01312	0.00325	0.00484	0.01351	0.00741	0.00757
11	0.01353	0.01563	0.11059	0.01365	0.01641	0.06475	0.01183	0.01608	0.01431	0.01919	0.02594	0.16402	0.06322	0.16988	0.01694	0.00363	0.11490	0.07155	0.00486	0.06910
12	0.01242	0.00947	0.01244	0.01176	0.01349	0.01076	0.00919	0.06359	0.01464	0.02070	0.02763	0.03414	0.11824	0.06507	0.41082	0.00804	0.07501	0.00891	0.06656	0.00710
13	0.01917	0.13606	0.22749	0.08187	0.09196	0.16982	0.07108	0.02544	0.06773	0.02172	0.01395	0.01649	0.01088	0.00724	0.00687	0.00216	0.01048	0.00579	0.00374	0.01007
14	0.61467	0.07255	0.01469	0.01131	0.01605	0.08480	0.00936	0.06000	0.01492	0.03142	0.01088	0.01251	0.00857	0.00704	0.00497	0.00220	0.00679	0.00424	0.00458	0.00847
15	0.02053	0.12987	0.02844	0.03260	0.39660	0.16175	0.01860	0.02553	0.07403	0.02257	0.01429	0.01718	0.01190	0.00708	0.00684	0.00208	0.00938	0.00599	0.00396	0.01078
16	0.01676	0.01456	0.02543	0.13699	0.28536	0.01477	0.11702	0.02097	0.01672	0.07327	0.06830	0.08007	0.01976	0.01260	0.06160	0.00312	0.00946	0.00877	0.00466	0.00981

[dist]
# distance from previous block
# <min> <max>
0	1

[block]
# block no. 3 follows, 27 sequences, length 9
# corresponding to MSA columns:
# 208-216
name=unknown_D
#
# <colnr> <probs for GDERKNQSTAVLIFYWHMCP>
#	G	D	E	R	K	N	Q	S	T	A	V	L	I	F	Y	W	H	M	C	P
0	0.01349	0.01148	0.01790	0.11819	0.22940	0.01185	0.01371	0.01699	0.01687	0.02364	0.24746	0.03581	0.03393	0.09955	0.07484	0.00375	0.00795	0.00956	0.00529	0.00833
1	0.01092	0.00769	0.01060	0.01054	0.01170	0.00848	0.00783	0.01324	0.01289	0.01880	0.08252	0.03500	0.02488	0.17246	0.45942	0.00927	0.01459	0.00888	0.07398	0.00630
2	0.59525	0.01391	0.01255	0.01065	0.01555	0.01517	0.00878	0.02554	0.01486	0.20537	0.01524	0.01548	0.01072	0.00749	0.00534	0.00230	0.00589	0.00491	0.00578	0.00923
3	0.01598	0.02179	0.23562	0.21760	0.07581	0.01623	0.04933	0.11126	0.01810	0.02489	0.01825	0.12701	0.01628	0.00982	0.00768	0.00247	0.00919	0.00857	0.00442	0.00969
4	0.00916	0.00754	0.00805	0.00792	0.01026	0.00643	0.00594	0.01140	0.01783	0.02220	0.21089	0.06791	0.55275	0.01800	0.00877	0.00247	0.00370	0.01517	0.00718	0.00643
5	0.01282	0.01587	0.14758	0.01824	0.11051	0.01143	0.05470	0.01774	0.04069	0.02457	0.21352	0.12218	0.12280	0.01338	0.00835	0.00249	0.00661	0.04206	0.00591	0.00855
6	0.09558	0.14000	0.13364	0.02187	0.08602	0.09931	0.14396	0.14549	0.02000	0.02739	0.01358	0.01596	0.01049	0.00715	0.00684	0.00217	0.00984	0.00599	0.00434	0.01038
7	0.01284	0.01139	0.04897	0.04975	0.07434	0.01033	0.01078	0.07480	0.01929	0.02656	0.29638	0.15481	0.10232	0.01729	0.05365	0.00307	0.00631	0.01255	0.00661	0.00795
8	0.01849	0.11531	0.02329	0.02433	0.24308	0.06118	0.01531	0.05658	0.07789	0.05752	0.09658	0.03306	0.02428	0.01041	0.00761	0.00235	0.00765	0.10964	0.00545	0.01000

[dist]
# distance from previous block
# <min> <max>
1	9

[block]
# block no. 4 follows, 27 sequences, length 11
# corresponding to MSA columns:
# 226-228,255-262
name=unknown_E
#
# <colnr> <probs for GDERKNQSTAVLIFYWHMCP>
#	G	D	E	R	K	N	Q	S	T	A	V	L	I	F	Y	W	H	M	C	P
0	0.11602	0.20341	0.26688	0.01575	0.02294	0.02005	0.01700	0.08839	0.07588	0.02676	0.06733	0.01869	0.01553	0.00795	0.00639	0.00216	0.00824	0.00593	0.00455	0.01016
1	0.08442	0.01533	0.02075	0.12163	0.02526	0.07783	0.14333	0.07109	0.04812	0.02552	0.10462	0.12288	0.02455	0.01254	0.03564	0.00280	0.00861	0.00967	0.03687	0.00854
2	0.01095	0.00827	0.01088	0.01113	0.01258	0.00868	0.00820	0.01544	0.09090	0.02242	0.19023	0.27296	0.04179	0.02975	0.22397	0.00553	0.00907	0.01376	0.00638	0.00710
3	0.01209	0.01013	0.01124	0.01304	0.07136	0.06271	0.00844	0.01438	0.01657	0.02211	0.12678	0.31168	0.16029	0.01681	0.00830	0.00251	0.00510	0.01471	0.10472	0.00702
4	0.00973	0.00756	0.00884	0.00852	0.01061	0.00667	0.00639	0.01250	0.01917	0.02539	0.41241	0.06266	0.34924	0.01681	0.00876	0.00241	0.00362	0.01444	0.00760	0.00667
5	0.01695	0.07135	0.16920	0.08040	0.05245	0.04218	0.06126	0.12928	0.01848	0.02495	0.01962	0.16480	0.01876	0.01281	0.03455	0.00282	0.05663	0.00930	0.00478	0.00943
6	0.00965	0.00714	0.00822	0.00863	0.00972	0.00657	0.00574	0.01092	0.01463	0.01886	0.10627	0.24222	0.24922	0.24763	0.01814	0.00411	0.00497	0.01539	0.00625	0.00571
7	0.01073	0.00794	0.00911	0.00875	0.01024	0.00719	0.00576	0.01193	0.01372	0.01840	0.08023	0.14407	0.15661	0.36046	0.02227	0.00462	0.00568	0.01251	0.00552	0.10424
8	0.53517	0.01844	0.12837	0.01212	0.01770	0.01659	0.01164	0.07862	0.01533	0.03242	0.01253	0.01434	0.00949	0.00723	0.00530	0.00226	0.00667	0.00472	0.06221	0.00886
9	0.02119	0.01973	0.10703	0.01853	0.05903	0.06237	0.06974	0.19236	0.11207	0.08142	0.01806	0.02032	0.01374	0.01162	0.01155	0.15046	0.00849	0.00683	0.00548	0.00998
10	0.12730	0.11569	0.08559	0.11625	0.10211	0.17080	0.01556	0.07341	0.01800	0.02391	0.01779	0.01998	0.06777	0.00822	0.00660	0.00215	0.00915	0.00618	0.00424	0.00930

[dist]
# distance from previous block
# <min> <max>
0	3

[block]
# block no. 5 follows, 27 sequences, length 14
# corresponding to MSA columns:
# 266-270,275-283
name=unknown_F
#
# <colnr> <probs for GDERKNQSTAVLIFYWHMCP>
#	G	D	E	R	K	N	Q	S	T	A	V	L	I	F	Y	W	H	M	C	P
0	0.01723	0.03205	0.41588	0.02186	0.06931	0.13763	0.05643	0.02352	0.01694	0.02279	0.06392	0.01871	0.01427	0.00803	0.00820	0.00232	0.05083	0.00626	0.00371	0.01010
1	0.01689	0.01678	0.02918	0.13413	0.12384	0.01670	0.25491	0.02467	0.12819	0.02439	0.01684	0.02026	0.01299	0.00700	0.00760	0.00222	0.00928	0.00732	0.00442	0.14236
2	0.01242	0.01345	0.10081	0.11673	0.02178	0.01070	0.08001	0.01660	0.01694	0.02365	0.14162	0.04102	0.21302	0.01193	0.00771	0.00231	0.00639	0.01040	0.14474	0.00778
3	0.01915	0.07411	0.23236	0.01882	0.08034	0.01687	0.01738	0.15494	0.05244	0.08802	0.02326	0.07869	0.05269	0.01034	0.00752	0.00239	0.00820	0.04639	0.00552	0.01059
4	0.01086	0.00786	0.00967	0.00995	0.01132	0.00779	0.00711	0.04636	0.01558	0.02110	0.08787	0.28795	0.15139	0.10808	0.13437	0.00480	0.00736	0.01454	0.04959	0.00647
5	0.02157	0.01595	0.02113	0.01781	0.07858	0.01534	0.06983	0.19350	0.02149	0.11951	0.01716	0.01862	0.01282	0.00751	0.00748	0.00189	0.03667	0.00619	0.04205	0.27489
6	0.01493	0.01384	0.07558	0.12264	0.14933	0.01217	0.01424	0.01948	0.05333	0.07056	0.09332	0.18996	0.02788	0.05141	0.00953	0.00268	0.00693	0.01083	0.00549	0.05587
7	0.06854	0.01825	0.02512	0.02519	0.18381	0.10532	0.12991	0.02448	0.01691	0.12215	0.01606	0.01910	0.01243	0.00828	0.00992	0.00237	0.12444	0.00673	0.07104	0.00995
8	0.05738	0.24739	0.03048	0.12277	0.06850	0.01985	0.16416	0.02043	0.01500	0.02035	0.01386	0.01860	0.01175	0.01584	0.13929	0.00396	0.01147	0.00638	0.00358	0.00896
9	0.01288	0.00858	0.01072	0.01027	0.01233	0.00808	0.00763	0.06095	0.01963	0.07726	0.33869	0.24674	0.12354	0.01699	0.00877	0.00254	0.00431	0.01494	0.00769	0.00747
10	0.01722	0.01823	0.02685	0.20117	0.15118	0.11806	0.16844	0.02140	0.01692	0.02159	0.06194	0.06423	0.01705	0.00888	0.00888	0.00242	0.05416	0.00819	0.00410	0.00911
11	0.00941	0.00669	0.00876	0.01000	0.01059	0.00627	0.00670	0.01092	0.01492	0.02015	0.13457	0.57583	0.05028	0.08339	0.01179	0.00327	0.00444	0.01909	0.00687	0.00604
12	0.01318	0.01281	0.01293	0.01288	0.01456	0.13958	0.04307	0.01514	0.01659	0.02039	0.11246	0.45460	0.06631	0.01828	0.00880	0.00268	0.00634	0.01625	0.00630	0.00685
13	0.01753	0.11016	0.18616	0.01405	0.02161	0.01462	0.01416	0.04324	0.01649	0.07217	0.01418	0.01582	0.01101	0.00636	0.00599	0.00159	0.00729	0.00491	0.00438	0.41829

[dist]
# distance from previous block
# <min> <max>
0	2

[block]
# block no. 6 follows, 27 sequences, length 19
# corresponding to MSA columns:
# 292-310
name=unknown_G
#
# <colnr> <probs for GDERKNQSTAVLIFYWHMCP>
#	G	D	E	R	K	N	Q	S	T	A	V	L	I	F	Y	W	H	M	C	P
0	0.01990	0.01911	0.08414	0.01750	0.02243	0.05794	0.08617	0.20929	0.06695	0.05340	0.01993	0.10804	0.01739	0.01293	0.04814	0.00291	0.07008	0.00851	0.00563	0.06959
1	0.01688	0.01467	0.09910	0.01263	0.01740	0.01106	0.01097	0.04644	0.07300	0.12553	0.02589	0.15936	0.04702	0.08824	0.01053	0.00266	0.00633	0.00968	0.00593	0.21670
2	0.02064	0.03916	0.04712	0.01961	0.11581	0.01794	0.01423	0.24007	0.12114	0.06640	0.05230	0.08282	0.02002	0.01300	0.04774	0.00293	0.05364	0.00844	0.00623	0.01077
3	0.10329	0.20091	0.05189	0.01583	0.02126	0.06068	0.09354	0.07912	0.01821	0.14662	0.01834	0.04330	0.01509	0.01168	0.05143	0.00281	0.00904	0.04188	0.00526	0.00982
4	0.01150	0.00765	0.00880	0.00922	0.01041	0.00762	0.00635	0.01494	0.07113	0.02207	0.07394	0.28339	0.06888	0.15629	0.01361	0.00338	0.00470	0.01362	0.20597	0.00652
5	0.02064	0.01552	0.02090	0.02243	0.21578	0.01461	0.01405	0.14580	0.02065	0.11283	0.05927	0.02051	0.01620	0.00755	0.00686	0.00187	0.00695	0.00644	0.00560	0.26555
6	0.01402	0.01513	0.11972	0.01420	0.05862	0.01032	0.01187	0.01793	0.01675	0.04570	0.15567	0.11791	0.05295	0.01063	0.00720	0.00194	0.00595	0.00917	0.00548	0.30883
7	0.53253	0.01919	0.01549	0.01630	0.10283	0.16210	0.01125	0.02359	0.01494	0.02897	0.01104	0.01314	0.00883	0.00702	0.00539	0.00220	0.00774	0.00451	0.00432	0.00863
8	0.02378	0.06581	0.09420	0.01727	0.02321	0.07850	0.05077	0.23939	0.19084	0.10895	0.02063	0.02032	0.01495	0.00863	0.00727	0.00227	0.00835	0.00687	0.00643	0.01155
9	0.02041	0.05913	0.02517	0.04754	0.13802	0.01515	0.15026	0.06825	0.03910	0.17846	0.02345	0.15926	0.02062	0.01064	0.00794	0.00243	0.00799	0.00997	0.00591	0.01028
10	0.01769	0.00896	0.01180	0.01053	0.01321	0.00843	0.00808	0.02049	0.01797	0.22566	0.22556	0.08186	0.03654	0.06868	0.10869	0.00398	0.00695	0.01035	0.10619	0.00839
11	0.01703	0.02349	0.16780	0.02938	0.03754	0.01848	0.54532	0.02373	0.01717	0.02373	0.01470	0.01920	0.01091	0.00641	0.00844	0.00247	0.01222	0.00814	0.00364	0.01019
12	0.07751	0.01186	0.01554	0.01231	0.01728	0.01059	0.01004	0.03137	0.02066	0.53837	0.14389	0.02973	0.02679	0.01009	0.00751	0.00230	0.00579	0.00829	0.00872	0.01135
13	0.00918	0.00682	0.00856	0.00964	0.01066	0.00620	0.00665	0.01087	0.01563	0.02055	0.13057	0.51450	0.18038	0.02133	0.00924	0.00283	0.00409	0.01903	0.00706	0.00620
14	0.01063	0.00785	0.01138	0.01138	0.01252	0.00898	0.00860	0.01290	0.01177	0.01683	0.02039	0.03194	0.01976	0.15342	0.61359	0.01125	0.01807	0.00836	0.00405	0.00632
15	0.04596	0.11390	0.12209	0.02245	0.16364	0.02038	0.01713	0.27068	0.02372	0.10528	0.01644	0.01752	0.01208	0.00781	0.00694	0.00217	0.00840	0.00616	0.00559	0.01168
16	0.08470	0.18012	0.29851	0.02174	0.12822	0.01918	0.05570	0.02220	0.01534	0.02294	0.01329	0.01634	0.01059	0.00979	0.04932	0.00274	0.00997	0.00558	0.02364	0.01010
17	0.01985	0.74357	0.03890	0.01270	0.01905	0.02937	0.01270	0.02223	0.01508	0.01747	0.01032	0.01191	0.00953	0.00635	0.00476	0.00159	0.00794	0.00397	0.00318	0.00953
18	0.79154	0.01436	0.01091	0.00976	0.01436	0.01665	0.00804	0.02182	0.01263	0.03331	0.01034	0.01206	0.00804	0.00689	0.00459	0.00230	0.00574	0.00402	0.00459	0.00804

[dist]
# distance from previous block
# <min> <max>
0	10

[block]
# block no. 7 follows, 27 sequences, length 10
# corresponding to MSA columns:
# 321-330
name=unknown_H
#
# <colnr> <probs for GDERKNQSTAVLIFYWHMCP>
#	G	D	E	R	K	N	Q	S	T	A	V	L	I	F	Y	W	H	M	C	P
0	0.07747	0.01608	0.02075	0.21477	0.12743	0.11342	0.07713	0.02012	0.01607	0.02197	0.01873	0.14176	0.01764	0.01001	0.00737	0.00237	0.00864	0.00887	0.07091	0.00848
1	0.01289	0.00645	0.00967	0.00967	0.00967	0.00645	0.00645	0.00967	0.00967	0.01289	0.01289	0.02257	0.01289	0.02579	0.02901	0.78401	0.00645	0.00645	0.00322	0.00322
2	0.01061	0.00795	0.01193	0.01193	0.01326	0.00928	0.00928	0.01326	0.01193	0.01723	0.01988	0.02916	0.01856	0.05568	0.70968	0.01193	0.01988	0.00795	0.00398	0.00663
3	0.02235	0.44974	0.03083	0.01384	0.01977	0.12265	0.01251	0.07512	0.01806	0.07898	0.01299	0.01408	0.01068	0.00690	0.00555	0.00170	0.00835	0.00464	0.00424	0.08701
4	0.01960	0.01032	0.01134	0.00975	0.01289	0.01043	0.00771	0.13549	0.01992	0.14169	0.02392	0.02554	0.01779	0.00878	0.00596	0.00191	0.00476	0.00697	0.51635	0.00887
5	0.01346	0.01096	0.01435	0.01443	0.07253	0.01085	0.03791	0.07932	0.08577	0.02761	0.27408	0.11605	0.18396	0.01454	0.00846	0.00244	0.00517	0.01275	0.00706	0.00830
6	0.00942	0.00755	0.00841	0.00820	0.01042	0.00654	0.00615	0.01190	0.01844	0.02366	0.30295	0.06551	0.45979	0.01746	0.00877	0.00244	0.00366	0.01484	0.00737	0.00654
7	0.01752	0.12405	0.01898	0.01545	0.07426	0.13968	0.01118	0.10305	0.02023	0.02480	0.14704	0.09304	0.15702	0.01234	0.00756	0.00221	0.00712	0.01008	0.00581	0.00858
8	0.09473	0.11408	0.12463	0.21781	0.14327	0.01848	0.01828	0.07388	0.01733	0.08902	0.01459	0.01752	0.01094	0.00733	0.00673	0.00224	0.00873	0.00593	0.00434	0.01016
9	0.01579	0.01476	0.06216	0.03469	0.01951	0.03990	0.06866	0.08114	0.05837	0.04818	0.10960	0.15155	0.02741	0.01686	0.07951	0.00344	0.08331	0.01031	0.03943	0.03541

[dist]
# distance from previous block
# <min> <max>
0	1

[block]
# block no. 8 follows, 27 sequences, length 15
# corresponding to MSA columns:
# 332-346
name=unknown_I
#
# <colnr> <probs for GDERKNQSTAVLIFYWHMCP>
#	G	D	E	R	K	N	Q	S	T	A	V	L	I	F	Y	W	H	M	C	P
0	0.16468	0.01488	0.01731	0.06813	0.10943	0.01680	0.01316	0.02984	0.34613	0.02877	0.02405	0.02895	0.01968	0.00994	0.00724	0.00253	0.00663	0.07549	0.00610	0.01027
1	0.18960	0.01804	0.12135	0.05057	0.06943	0.01483	0.06026	0.05476	0.03669	0.14535	0.01775	0.05462	0.01381	0.00812	0.00669	0.00220	0.00754	0.00667	0.00531	0.11642
2	0.08029	0.19022	0.02326	0.01799	0.10496	0.12635	0.01283	0.05995	0.17711	0.02416	0.01759	0.02111	0.01494	0.08765	0.00980	0.00264	0.00815	0.00639	0.00487	0.00971
3	0.52534	0.01993	0.14404	0.01307	0.01908	0.01775	0.01267	0.12227	0.01666	0.03353	0.01207	0.01364	0.00901	0.00724	0.00550	0.00230	0.00711	0.00471	0.00476	0.00931
4	0.01063	0.00769	0.01038	0.01032	0.01159	0.00828	0.00765	0.01286	0.01327	0.01875	0.09128	0.03905	0.08734	0.16819	0.41973	0.00875	0.01367	0.00966	0.04466	0.00627
5	0.01369	0.01226	0.01568	0.09431	0.12527	0.05992	0.01208	0.01653	0.01626	0.02204	0.11928	0.19144	0.10197	0.01384	0.00960	0.00251	0.07654	0.01169	0.07728	0.00781
6	0.00994	0.00757	0.00914	0.00875	0.01075	0.00677	0.00656	0.01292	0.01969	0.02662	0.48975	0.06064	0.27114	0.01635	0.00876	0.00239	0.00359	0.01415	0.00776	0.00677
7	0.02001	0.01959	0.06912	0.13035	0.10499	0.06705	0.01617	0.15220	0.28193	0.02993	0.02078	0.02163	0.01562	0.00865	0.00739	0.00237	0.00817	0.00712	0.00584	0.01109
8	0.01067	0.00769	0.01058	0.01058	0.01145	0.00855	0.00760	0.01239	0.01153	0.01624	0.02112	0.03598	0.02152	0.29558	0.47382	0.01027	0.01543	0.00895	0.00416	0.00588
9	0.01875	0.01343	0.01693	0.01801	0.11860	0.01387	0.01226	0.10402	0.18175	0.12165	0.03397	0.11855	0.10894	0.01296	0.00814	0.00255	0.00630	0.07223	0.00695	0.01014
10	0.23277	0.38149	0.18111	0.01380	0.02071	0.02310	0.01475	0.02241	0.01454	0.02323	0.01101	0.01280	0.00909	0.00666	0.00524	0.00196	0.00802	0.00433	0.00356	0.00944
11	0.01104	0.00767	0.01150	0.01150	0.01257	0.00874	0.00874	0.01257	0.01150	0.01641	0.01855	0.02791	0.01748	0.04998	0.58004	0.15899	0.01733	0.00767	0.00383	0.00598
12	0.18104	0.05927	0.06938	0.01999	0.09411	0.27851	0.01518	0.02425	0.01635	0.02225	0.01126	0.01429	0.00951	0.00829	0.00963	0.00229	0.14652	0.00516	0.00378	0.00895
13	0.02001	0.06263	0.20073	0.01939	0.02564	0.24300	0.09305	0.02796	0.14861	0.02283	0.01928	0.02049	0.04709	0.00832	0.00721	0.00223	0.01042	0.00666	0.00450	0.00993
14	0.02158	0.24748	0.18035	0.01644	0.02346	0.02319	0.01644	0.25584	0.09301	0.03079	0.01581	0.01656	0.01201	0.00782	0.00653	0.00209	0.00849	0.00576	0.00516	0.01120

[dist]
# distance from previous block
# <min> <max>
0	1

[block]
# block no. 9 follows, 27 sequences, length 10
# corresponding to MSA columns:
# 348-357
name=unknown_J
#
# <colnr> <probs for GDERKNQSTAVLIFYWHMCP>
#	G	D	E	R	K	N	Q	S	T	A	V	L	I	F	Y	W	H	M	C	P
0	0.09712	0.08280	0.58386	0.01939	0.02939	0.01799	0.02440	0.02325	0.01531	0.02414	0.01281	0.01504	0.00927	0.00699	0.00664	0.00229	0.01022	0.00523	0.00329	0.01057
1	0.01502	0.08400	0.29651	0.01532	0.02133	0.06279	0.01639	0.01979	0.01585	0.04483	0.09076	0.02875	0.06448	0.09805	0.09116	0.00391	0.01005	0.00778	0.00443	0.00877
2	0.01027	0.00741	0.00971	0.00950	0.01104	0.00685	0.00699	0.01342	0.01991	0.02802	0.58403	0.16529	0.06666	0.01648	0.00887	0.00244	0.00363	0.01467	0.00796	0.00685
3	0.02065	0.01739	0.02530	0.05694	0.20716	0.01743	0.09938	0.18808	0.06792	0.05854	0.01669	0.01890	0.01273	0.00733	0.00723	0.00208	0.00824	0.00665	0.00526	0.15608
4	0.10766	0.01336	0.01398	0.17634	0.02174	0.10777	0.01079	0.01684	0.01386	0.01904	0.01928	0.10289	0.01977	0.23218	0.09009	0.00483	0.00954	0.00896	0.00434	0.00675
5	0.10811	0.66016	0.03570	0.01237	0.01852	0.02792	0.01217	0.02218	0.01480	0.01928	0.01032	0.01193	0.00936	0.00641	0.00474	0.00167	0.00769	0.00398	0.00334	0.00936
6	0.01509	0.01441	0.02617	0.45070	0.11856	0.01618	0.14236	0.01951	0.01514	0.01996	0.01360	0.01992	0.01063	0.00871	0.00955	0.07057	0.00997	0.00700	0.00342	0.00855
7	0.00995	0.00757	0.00915	0.00876	0.01075	0.00677	0.00657	0.01293	0.01970	0.02665	0.49181	0.06059	0.26906	0.01634	0.00876	0.00239	0.00359	0.01415	0.00776	0.00677
8	0.01437	0.01356	0.02290	0.66646	0.10317	0.01659	0.02079	0.01928	0.01501	0.01940	0.01326	0.01968	0.01005	0.00736	0.00742	0.00245	0.00981	0.00660	0.00333	0.00853
9	0.01538	0.01186	0.01204	0.01175	0.01416	0.08855	0.00889	0.01906	0.07118	0.10310	0.10891	0.21411	0.15534	0.04639	0.00982	0.00282	0.00594	0.08603	0.00690	0.00776

[dist]
# distance from previous block
# <min> <max>
2	22

[block]
# block no. 10 follows, 27 sequences, length 69
# corresponding to MSA columns:
# 380-448
name=unknown_K
#
# <colnr> <probs for GDERKNQSTAVLIFYWHMCP>
#	G	D	E	R	K	N	Q	S	T	A	V	L	I	F	Y	W	H	M	C	P
0	0.05996	0.11628	0.02657	0.11322	0.31455	0.07657	0.01783	0.05946	0.06922	0.05505	0.01515	0.01794	0.01205	0.00729	0.00684	0.00216	0.00867	0.00615	0.00438	0.01067
1	0.01844	0.06890	0.19483	0.18241	0.21768	0.05446	0.02122	0.10960	0.01867	0.02519	0.01380	0.01728	0.01062	0.00725	0.00711	0.00225	0.00969	0.00608	0.00394	0.01060
2	0.01519	0.00971	0.01173	0.01042	0.01336	0.00922	0.00807	0.05061	0.07786	0.13131	0.36715	0.05000	0.18731	0.01428	0.00839	0.00238	0.00442	0.01222	0.00797	0.00840
3	0.02036	0.02018	0.02655	0.03551	0.46296	0.12336	0.01931	0.07929	0.01894	0.02527	0.01384	0.01726	0.01142	0.00686	0.00707	0.00205	0.00912	0.00611	0.00410	0.09047
4	0.01554	0.10457	0.46794	0.01825	0.02674	0.05439	0.02160	0.02294	0.05040	0.02292	0.04866	0.05472	0.04250	0.00881	0.00709	0.00230	0.00957	0.00698	0.00397	0.01012
5	0.00890	0.00753	0.00770	0.00766	0.01011	0.00632	0.00574	0.01091	0.01723	0.02078	0.12112	0.07025	0.64341	0.01853	0.00877	0.00249	0.00374	0.01550	0.00699	0.00632
6	0.01114	0.00906	0.01007	0.00966	0.01213	0.00876	0.00728	0.01707	0.14176	0.02512	0.25871	0.09268	0.33633	0.01626	0.00858	0.00248	0.00410	0.01388	0.00742	0.00751
7	0.01846	0.01595	0.01679	0.01511	0.01930	0.01846	0.01175	0.03945	0.67938	0.03105	0.03022	0.02770	0.02266	0.01007	0.00755	0.00252	0.00588	0.00839	0.00755	0.01175
8	0.01539	0.01319	0.01539	0.01100	0.01759	0.00990	0.00880	0.01869	0.01539	0.02419	0.01319	0.01539	0.01100	0.00550	0.00550	0.00110	0.00550	0.00440	0.00440	0.78449
9	0.34951	0.01373	0.01482	0.01195	0.01722	0.01386	0.00986	0.05919	0.01828	0.39067	0.02085	0.01941	0.01380	0.00822	0.00627	0.00229	0.00616	0.00599	0.00719	0.01072
10	0.79154	0.01436	0.01091	0.00976	0.01436	0.01665	0.00804	0.02182	0.01263	0.03331	0.01034	0.01206	0.00804	0.00689	0.00459	0.00230	0.00574	0.00402	0.00459	0.00804
11	0.01061	0.00795	0.01193	0.01193	0.01326	0.00928	0.00928	0.01326	0.01193	0.01723	0.01988	0.02916	0.01856	0.05568	0.70968	0.01193	0.01988	0.00795	0.00398	0.00663
12	0.01536	0.01430	0.02375	0.29937	0.33539	0.01545	0.01934	0.01978	0.01664	0.02280	0.10297	0.02547	0.04101	0.00844	0.00761	0.00234	0.00838	0.00779	0.00422	0.00961
13	0.00880	0.00742	0.00762	0.00778	0.01009	0.00625	0.00575	0.01062	0.01667	0.01995	0.07207	0.13202	0.63122	0.01921	0.00884	0.00255	0.00381	0.01616	0.00689	0.00625
14	0.01539	0.01319	0.01539	0.01100	0.01759	0.00990	0.00880	0.01869	0.01539	0.02419	0.01319	0.01539	0.01100	0.00550	0.00550	0.00110	0.00550	0.00440	0.00440	0.78449
15	0.01547	0.03431	0.55461	0.02341	0.03361	0.01758	0.16936	0.02357	0.01608	0.02357	0.01370	0.01664	0.00982	0.00688	0.00743	0.00238	0.01131	0.00621	0.00327	0.01076
16	0.02313	0.02506	0.01878	0.01676	0.02030	0.38585	0.01291	0.14741	0.02120	0.02339	0.01500	0.01856	0.01262	0.02107	0.19967	0.00472	0.01417	0.00602	0.00456	0.00883
17	0.00904	0.00646	0.00861	0.01034	0.01077	0.00603	0.00689	0.01034	0.01421	0.01895	0.04092	0.73426	0.04910	0.02326	0.00948	0.00301	0.00431	0.02110	0.00689	0.00603
18	0.01557	0.01010	0.01362	0.01173	0.01522	0.00904	0.06764	0.01898	0.05201	0.17153	0.05253	0.14374	0.35728	0.01567	0.00851	0.00253	0.00531	0.01357	0.00715	0.00828
19	0.01226	0.00858	0.00962	0.00898	0.01175	0.00767	0.00686	0.01580	0.05984	0.09182	0.20326	0.06047	0.44275	0.01648	0.00856	0.00245	0.00410	0.01388	0.00745	0.00742
20	0.01837	0.01764	0.03013	0.04557	0.69279	0.01764	0.02278	0.02278	0.01690	0.02425	0.01396	0.01837	0.01176	0.00661	0.00735	0.00220	0.00882	0.00661	0.00367	0.01176
21	0.01975	0.02036	0.13925	0.02105	0.13230	0.01597	0.05428	0.16846	0.02054	0.06420	0.01533	0.01726	0.01161	0.00696	0.00680	0.00190	0.00804	0.00588	0.00496	0.26511
22	0.04380	0.01847	0.01692	0.01513	0.01906	0.13334	0.01175	0.09137	0.39956	0.02904	0.02414	0.02404	0.01857	0.01334	0.06799	0.00316	0.00844	0.00739	0.04398	0.01051
23	0.01985	0.74357	0.03890	0.01270	0.01905	0.02937	0.01270	0.02223	0.01508	0.01747	0.01032	0.01191	0.00953	0.00635	0.00476	0.00159	0.00794	0.00397	0.00318	0.00953
24	0.02525	0.02166	0.02046	0.01682	0.02191	0.12971	0.01345	0.38142	0.22355	0.03762	0.02049	0.02005	0.01511	0.00906	0.00735	0.00226	0.00831	0.00689	0.00690	0.01173
25	0.01472	0.08974	0.42218	0.02017	0.02839	0.01658	0.12286	0.02117	0.01566	0.02225	0.01809	0.13992	0.01655	0.00966	0.00754	0.00242	0.00981	0.00856	0.00388	0.00985
26	0.02151	0.01642	0.02702	0.05824	0.45313	0.01621	0.05270	0.02655	0.05227	0.17419	0.01824	0.02052	0.01371	0.00737	0.00746	0.00227	0.00834	0.00701	0.00509	0.01175
27	0.01498	0.01957	0.17338	0.01909	0.02502	0.01487	0.19317	0.02396	0.15686	0.02651	0.18461	0.03193	0.06255	0.01005	0.00813	0.00243	0.00814	0.00945	0.00565	0.00967
28	0.01832	0.01779	0.03102	0.04464	0.65042	0.01771	0.06445	0.02285	0.01694	0.02422	0.01403	0.01848	0.01173	0.00659	0.00744	0.00222	0.00906	0.00675	0.00368	0.01165
29	0.01515	0.08022	0.01496	0.01271	0.01506	0.12249	0.00973	0.05797	0.05140	0.02131	0.03284	0.30298	0.08146	0.05555	0.00995	0.00287	0.00685	0.09300	0.00599	0.00751
30	0.01855	0.09192	0.08180	0.22039	0.10181	0.01843	0.01690	0.19744	0.02155	0.02895	0.11091	0.02304	0.01937	0.00871	0.00730	0.00226	0.00828	0.00723	0.00514	0.01001
31	0.01837	0.01764	0.03013	0.04557	0.69279	0.01764	0.02278	0.02278	0.01690	0.02425	0.01396	0.01837	0.01176	0.00661	0.00735	0.00220	0.00882	0.00661	0.00367	0.01176
32	0.01737	0.01643	0.02687	0.19886	0.47164	0.01746	0.02109	0.02369	0.08771	0.02376	0.01553	0.01971	0.01250	0.00717	0.00739	0.00230	0.00875	0.00680	0.00400	0.01094
33	0.01634	0.01556	0.02645	0.36162	0.39265	0.01710	0.02177	0.02100	0.01594	0.02178	0.01360	0.01904	0.01089	0.00699	0.00738	0.00233	0.00932	0.00661	0.00350	0.01012
34	0.01472	0.01354	0.02249	0.28487	0.30721	0.01465	0.01847	0.01863	0.01556	0.02115	0.01965	0.17731	0.01934	0.01059	0.00785	0.00248	0.00821	0.00981	0.00425	0.00921
35	0.08233	0.00922	0.01190	0.13208	0.01837	0.00950	0.00952	0.01517	0.01838	0.02642	0.38681	0.04917	0.14196	0.01389	0.00823	0.00244	0.00503	0.04564	0.00675	0.00720
36	0.02113	0.02101	0.02826	0.02670	0.17496	0.13311	0.19334	0.17827	0.02209	0.02812	0.02074	0.02304	0.07762	0.00843	0.00778	0.00227	0.00994	0.00780	0.00494	0.01043
37	0.02345	0.01477	0.07814	0.01361	0.01858	0.01247	0.01182	0.07108	0.12412	0.32970	0.15098	0.06678	0.02910	0.01096	0.00778	0.00238	0.00616	0.00920	0.00796	0.01095
38	0.00889	0.00705	0.00801	0.00878	0.01036	0.00616	0.00620	0.01051	0.01571	0.01956	0.05992	0.36683	0.40426	0.02079	0.00909	0.00273	0.00400	0.01809	0.00689	0.00616
39	0.01837	0.01764	0.03013	0.04557	0.69279	0.01764	0.02278	0.02278	0.01690	0.02425	0.01396	0.01837	0.01176	0.00661	0.00735	0.00220	0.00882	0.00661	0.00367	0.01176
40	0.02009	0.01728	0.02997	0.04021	0.54500	0.01694	0.08674	0.02450	0.01749	0.10548	0.01592	0.01937	0.01251	0.00689	0.00751	0.00225	0.00889	0.00694	0.00435	0.01169
41	0.01771	0.01949	0.04074	0.03449	0.18554	0.01852	0.52155	0.02356	0.01738	0.02389	0.01478	0.01965	0.01138	0.00634	0.00844	0.00244	0.01169	0.00828	0.00374	0.01040
42	0.01752	0.02003	0.04380	0.03129	0.03880	0.01877	0.66583	0.02378	0.01752	0.02378	0.01502	0.02003	0.01126	0.00626	0.00876	0.00250	0.01252	0.00876	0.00375	0.01001
43	0.01741	0.01705	0.03023	0.17715	0.48730	0.01755	0.09993	0.02215	0.01657	0.02315	0.01394	0.01885	0.01133	0.00673	0.00753	0.00229	0.00948	0.00687	0.00361	0.01086
44	0.02238	0.05558	0.02055	0.01970	0.11211	0.19264	0.01362	0.11245	0.16383	0.08812	0.02184	0.10574	0.01868	0.01016	0.00738	0.00228	0.00844	0.00824	0.00592	0.01035
45	0.01537	0.10569	0.54763	0.02052	0.03021	0.01801	0.06734	0.02289	0.01583	0.02284	0.01477	0.01987	0.01164	0.00778	0.00714	0.00235	0.01051	0.04569	0.00341	0.01050
46	0.01306	0.01257	0.04366	0.12579	0.13218	0.01191	0.09028	0.01662	0.01586	0.02100	0.03195	0.16208	0.11922	0.05310	0.01021	0.00294	0.00759	0.11678	0.00519	0.00803
47	0.01561	0.01254	0.10003	0.01151	0.01521	0.00898	0.01019	0.01862	0.01734	0.17188	0.12106	0.13875	0.20063	0.07776	0.01094	0.00294	0.00576	0.04515	0.00686	0.00823
48	0.01823	0.08237	0.43914	0.01998	0.02799	0.17385	0.02244	0.02426	0.01642	0.02137	0.01237	0.01497	0.00948	0.00771	0.00848	0.00229	0.07995	0.00532	0.00330	0.01007
49	0.02000	0.02378	0.19497	0.02689	0.17679	0.05353	0.14568	0.08039	0.06424	0.08940	0.01662	0.01894	0.01234	0.00761	0.00816	0.00235	0.03569	0.00686	0.00465	0.01109
50	0.01763	0.15750	0.25406	0.09276	0.03142	0.01954	0.17490	0.02499	0.07688	0.05774	0.01554	0.01805	0.01160	0.00716	0.00715	0.00227	0.00997	0.00648	0.00403	0.01035
51	0.02421	0.01175	0.01520	0.01267	0.01659	0.01133	0.00997	0.10895	0.01972	0.36481	0.02688	0.09952	0.02171	0.09639	0.12061	0.00439	0.00857	0.00919	0.00741	0.01015
52	0.01935	0.08159	0.04393	0.05723	0.19783	0.03574	0.04901	0.04490	0.10384	0.12044	0.02207	0.02417	0.05114	0.01455	0.09811	0.00350	0.00957	0.00742	0.00523	0.01038
53	0.01908	0.16843	0.11430	0.06225	0.15931	0.13877	0.11193	0.02429	0.05149	0.02203	0.04876	0.01860	0.01406	0.00741	0.00697	0.00213	0.00987	0.00638	0.00396	0.00998
54	0.01743	0.01597	0.02581	0.34525	0.33734	0.01767	0.02093	0.08669	0.01781	0.02418	0.01401	0.01895	0.01101	0.00721	0.00739	0.00233	0.00924	0.00661	0.00389	0.01027
55	0.02551	0.01566	0.02598	0.01954	0.02560	0.01482	0.22850	0.03263	0.13347	0.35914	0.02471	0.02395	0.01675	0.00837	0.00791	0.00240	0.00830	0.00806	0.00710	0.01161
56	0.02008	0.08203	0.02935	0.02596	0.17428	0.05980	0.18551	0.16549	0.05544	0.02805	0.01987	0.05391	0.04878	0.00864	0.00765	0.00229	0.00921	0.00808	0.00500	0.01057
57	0.02659	0.02337	0.02540	0.01974	0.02547	0.17300	0.12631	0.37641	0.02799	0.07737	0.01666	0.01769	0.01208	0.00819	0.00750	0.00221	0.00995	0.00667	0.00611	0.01129
58	0.01289	0.00645	0.00967	0.00967	0.00967	0.00645	0.00645	0.00967	0.00967	0.01289	0.01289	0.02257	0.01289	0.02579	0.02901	0.78401	0.00645	0.00645	0.00322	0.00322
59	0.01793	0.01606	0.02908	0.29000	0.24786	0.01685	0.16386	0.02281	0.01667	0.08376	0.01531	0.01990	0.01156	0.00707	0.00770	0.00238	0.00981	0.00716	0.00406	0.01015
60	0.02173	0.02174	0.02847	0.03427	0.38576	0.14782	0.08510	0.13540	0.02084	0.02695	0.01427	0.01752	0.01145	0.00717	0.00738	0.00218	0.00994	0.00650	0.00436	0.01114
61	0.01258	0.01023	0.01309	0.01197	0.01210	0.01234	0.00858	0.01338	0.01175	0.01670	0.06866	0.03836	0.02449	0.44385	0.03116	0.00552	0.24541	0.00957	0.00436	0.00589
