[name]
unknown

[dist]
# distance from previous block
# <min> <max>
2	54

[block]
# block no. 0 follows, 28 sequences, length 44
# corresponding to MSA columns:
# 144-187
name=unknown_A
#
# <colnr> <probs for GDERKNQSTAVLIFYWHMCP>
#	G	D	E	R	K	N	Q	S	T	A	V	L	I	F	Y	W	H	M	C	P
0	0.01745	0.01532	0.01996	0.08439	0.14897	0.05143	0.04816	0.13080	0.07608	0.02617	0.04497	0.07788	0.01977	0.06829	0.00979	0.00260	0.00767	0.04213	0.00523	0.10294
1	0.01879	0.04246	0.01826	0.09409	0.05720	0.05192	0.01236	0.15340	0.08486	0.07866	0.12340	0.02831	0.07819	0.01002	0.00806	0.00218	0.04115	0.00805	0.00602	0.08262
2	0.01725	0.05538	0.08254	0.01357	0.01739	0.05140	0.01166	0.13443	0.04986	0.05074	0.07987	0.05221	0.05025	0.11580	0.03478	0.00319	0.07820	0.00817	0.02639	0.06690
3	0.08736	0.06059	0.11226	0.09387	0.08678	0.07314	0.01386	0.06836	0.01657	0.02392	0.01872	0.05915	0.04603	0.05310	0.00833	0.00236	0.00767	0.00703	0.08060	0.08028
4	0.07554	0.01567	0.05876	0.01592	0.05476	0.04638	0.07995	0.06902	0.08172	0.08314	0.02437	0.08517	0.07461	0.07096	0.00962	0.00256	0.00717	0.00853	0.00545	0.13069
5	0.12569	0.01742	0.08787	0.01478	0.05032	0.06649	0.01213	0.14317	0.05421	0.02749	0.02452	0.07660	0.10248	0.01388	0.06648	0.00297	0.00811	0.00803	0.00531	0.09206
6	0.01862	0.01801	0.05453	0.04441	0.10052	0.10214	0.01328	0.14633	0.05074	0.02651	0.01671	0.05240	0.01412	0.01236	0.07382	0.00281	0.00891	0.00654	0.02949	0.20775
7	0.01991	0.08441	0.04582	0.01979	0.14175	0.08710	0.01374	0.20109	0.05289	0.04619	0.06868	0.11740	0.02150	0.03706	0.00839	0.00240	0.00768	0.00867	0.00565	0.00989
8	0.04824	0.08729	0.02029	0.01867	0.13498	0.05353	0.01260	0.16035	0.10936	0.07362	0.05087	0.02467	0.01813	0.10991	0.04356	0.00324	0.00803	0.00727	0.00557	0.00983
9	0.01609	0.14037	0.16629	0.05239	0.02239	0.01535	0.07716	0.05409	0.01660	0.07240	0.02755	0.02892	0.16090	0.01214	0.03400	0.04380	0.00819	0.00797	0.00469	0.03873
10	0.01595	0.11195	0.12779	0.01507	0.05348	0.01416	0.01304	0.02077	0.07319	0.10552	0.06174	0.16450	0.07278	0.01523	0.05682	0.00303	0.05051	0.01004	0.00551	0.00893
11	0.05370	0.09966	0.19417	0.01584	0.02122	0.12497	0.04949	0.05594	0.06504	0.02198	0.01938	0.04706	0.05443	0.06999	0.03740	0.04023	0.00932	0.00715	0.00430	0.00872
12	0.01913	0.09917	0.13709	0.01881	0.07982	0.16454	0.05022	0.02364	0.05214	0.07172	0.01823	0.06939	0.03332	0.03136	0.00859	0.00228	0.04292	0.00710	0.00446	0.06607
13	0.01547	0.16887	0.35806	0.01714	0.02467	0.01756	0.05383	0.05936	0.01686	0.02322	0.06530	0.05685	0.05266	0.00919	0.00700	0.00223	0.00876	0.02916	0.00419	0.00964
14	0.01123	0.01038	0.06149	0.04951	0.01538	0.00930	0.00982	0.03425	0.04939	0.01970	0.03027	0.31223	0.05192	0.10680	0.15532	0.00506	0.00870	0.04686	0.00550	0.00686
15	0.00961	0.00891	0.05955	0.01113	0.01257	0.00702	0.00874	0.01168	0.01452	0.01934	0.03990	0.56701	0.08301	0.02103	0.00916	0.00292	0.00496	0.09610	0.00647	0.00637
16	0.04702	0.19592	0.19469	0.09446	0.08742	0.01931	0.07178	0.07982	0.01689	0.02323	0.01502	0.02155	0.01288	0.03464	0.00784	0.00237	0.00898	0.05262	0.00394	0.00963
17	0.01772	0.11237	0.16960	0.02923	0.31333	0.01779	0.06847	0.02350	0.05174	0.05948	0.05532	0.01977	0.01502	0.00732	0.00702	0.00216	0.00864	0.00661	0.00418	0.01072
18	0.02073	0.00963	0.01253	0.01074	0.01427	0.00858	0.00856	0.02361	0.01926	0.33782	0.19640	0.07082	0.10096	0.01250	0.00775	0.00231	0.00492	0.04385	0.08550	0.00926
19	0.01114	0.00808	0.00929	0.00875	0.01118	0.00726	0.00664	0.01456	0.05017	0.06461	0.31528	0.05903	0.37520	0.01604	0.00845	0.00238	0.00383	0.01366	0.00741	0.00705
20	0.01833	0.01671	0.05283	0.16815	0.28250	0.01643	0.11854	0.05754	0.05258	0.08551	0.01720	0.05085	0.01378	0.00783	0.00753	0.00232	0.00888	0.00754	0.00454	0.01043
21	0.01800	0.01498	0.02260	0.07691	0.33670	0.01573	0.01703	0.09873	0.04437	0.06181	0.07943	0.05168	0.02094	0.00979	0.00853	0.00238	0.04593	0.05907	0.00517	0.01024
22	0.16198	0.01209	0.01422	0.01194	0.01606	0.01225	0.00962	0.10396	0.01862	0.29969	0.02306	0.07428	0.01776	0.01646	0.11470	0.00369	0.00798	0.00762	0.06424	0.00979
23	0.00908	0.00642	0.00837	0.00984	0.01021	0.00605	0.00645	0.01018	0.01349	0.01798	0.03786	0.65082	0.04529	0.11555	0.01284	0.00348	0.00458	0.01937	0.00645	0.00571
24	0.01507	0.01292	0.01507	0.01077	0.01723	0.00969	0.00861	0.01830	0.01507	0.02369	0.01292	0.01507	0.01077	0.00538	0.00538	0.00108	0.00538	0.00431	0.00431	0.78898
25	0.06675	0.02058	0.16757	0.01517	0.02176	0.01618	0.01456	0.23424	0.02178	0.08853	0.04514	0.01826	0.01386	0.00783	0.00716	0.00199	0.03032	0.00595	0.00553	0.19685
26	0.02602	0.03110	0.02061	0.01846	0.02184	0.59045	0.01410	0.02791	0.01941	0.05415	0.01195	0.01408	0.00984	0.00823	0.00878	0.00206	0.10345	0.00503	0.00395	0.00858
27	0.01038	0.00779	0.01168	0.01168	0.01298	0.00909	0.00909	0.01298	0.01168	0.01687	0.01947	0.02856	0.01817	0.05452	0.71573	0.01168	0.01947	0.00779	0.00389	0.00649
28	0.02363	0.36064	0.02858	0.01586	0.02073	0.40199	0.01331	0.02571	0.01794	0.01748	0.01072	0.01245	0.00935	0.00691	0.00569	0.00173	0.01067	0.00432	0.00346	0.00884
29	0.01057	0.00705	0.00793	0.00793	0.00793	0.00705	0.00440	0.01057	0.01057	0.01409	0.02290	0.04757	0.02643	0.74454	0.03700	0.00705	0.00705	0.01057	0.00440	0.00440
30	0.01458	0.03760	0.70688	0.02072	0.03146	0.01688	0.02686	0.02302	0.01535	0.02302	0.01304	0.01535	0.00921	0.00691	0.00691	0.00230	0.01074	0.00537	0.00307	0.01074
31	0.00913	0.00728	0.00819	0.00819	0.01021	0.00633	0.00605	0.01140	0.01751	0.02241	0.25865	0.13414	0.43927	0.01778	0.00866	0.00245	0.00366	0.01522	0.00713	0.00633
32	0.05778	0.01279	0.05272	0.07330	0.08713	0.01128	0.03445	0.02031	0.01616	0.15956	0.05272	0.08052	0.10445	0.01614	0.09837	0.00342	0.00819	0.00886	0.00559	0.09627
33	0.01799	0.01727	0.02950	0.04462	0.69919	0.01727	0.02231	0.02231	0.01655	0.02375	0.01367	0.01799	0.01151	0.00648	0.00720	0.00216	0.00864	0.00648	0.00360	0.01151
34	0.01925	0.01407	0.01481	0.01275	0.01655	0.01567	0.01007	0.20628	0.29149	0.03357	0.02437	0.02446	0.01835	0.00910	0.00662	0.00214	0.00561	0.00729	0.25734	0.01022
35	0.00902	0.00713	0.00813	0.00840	0.01022	0.00624	0.00610	0.01108	0.01682	0.02146	0.20134	0.22442	0.40656	0.01866	0.00875	0.00254	0.00375	0.01612	0.00702	0.00624
36	0.01940	0.11124	0.06569	0.15349	0.12784	0.05374	0.07900	0.02511	0.08343	0.13031	0.01739	0.01990	0.01316	0.01070	0.05595	0.00285	0.00950	0.00658	0.00471	0.01001
37	0.01446	0.01363	0.02247	0.41139	0.25717	0.01523	0.01900	0.01875	0.01546	0.02040	0.02097	0.02543	0.09853	0.00844	0.00741	0.00234	0.00857	0.00761	0.00380	0.00895
38	0.00880	0.00705	0.00787	0.00834	0.01012	0.00612	0.00600	0.01058	0.01606	0.02002	0.10981	0.27300	0.45178	0.01947	0.00880	0.00259	0.00383	0.01680	0.00684	0.00612
39	0.01683	0.04574	0.02035	0.21745	0.09329	0.19383	0.04597	0.02004	0.01675	0.01976	0.05448	0.14891	0.02135	0.01095	0.00761	0.00236	0.00907	0.04268	0.00446	0.00811
40	0.05489	0.02213	0.18571	0.15978	0.08097	0.05798	0.20604	0.02388	0.01659	0.10012	0.01508	0.01830	0.01093	0.00699	0.00739	0.00232	0.01020	0.00669	0.00409	0.00993
41	0.01349	0.05303	0.27769	0.01602	0.04556	0.04974	0.01589	0.01790	0.01510	0.02099	0.02570	0.22675	0.07274	0.01270	0.00836	0.00244	0.04559	0.01058	0.06130	0.00843
42	0.08504	0.01847	0.04893	0.17699	0.28633	0.11585	0.04888	0.02198	0.01621	0.02283	0.01381	0.01787	0.01105	0.00699	0.00675	0.00216	0.00901	0.00608	0.07530	0.00949
43	0.02349	0.01180	0.01497	0.01237	0.01633	0.01160	0.00989	0.13554	0.02030	0.33219	0.05625	0.05293	0.02102	0.05559	0.13128	0.00410	0.00843	0.00815	0.06371	0.01004

[dist]
# distance from previous block
# <min> <max>
0	10

[block]
# block no. 1 follows, 28 sequences, length 26
# corresponding to MSA columns:
# 198-223
name=unknown_B
#
# <colnr> <probs for GDERKNQSTAVLIFYWHMCP>
#	G	D	E	R	K	N	Q	S	T	A	V	L	I	F	Y	W	H	M	C	P
0	0.01550	0.01332	0.02047	0.18382	0.20593	0.01424	0.05221	0.08323	0.03566	0.02271	0.01896	0.09115	0.01796	0.15081	0.01317	0.00325	0.00804	0.00876	0.03218	0.00866
1	0.01964	0.01770	0.01885	0.05880	0.05759	0.12714	0.01344	0.07037	0.18312	0.06941	0.05398	0.02201	0.01722	0.00984	0.01091	0.00242	0.17331	0.00703	0.05766	0.00956
2	0.01002	0.00742	0.00934	0.00886	0.01069	0.00674	0.00665	0.01319	0.01994	0.02763	0.59590	0.05680	0.16900	0.01543	0.00858	0.00231	0.00347	0.01350	0.00780	0.00674
3	0.02239	0.00999	0.01343	0.01129	0.01496	0.00927	0.00905	0.02533	0.01827	0.37863	0.12771	0.03029	0.02581	0.01859	0.14377	0.00400	0.00795	0.00822	0.11140	0.00965
4	0.00886	0.00633	0.00843	0.01012	0.01054	0.00590	0.00675	0.01012	0.01392	0.01856	0.04006	0.73979	0.04808	0.02277	0.00928	0.00295	0.00422	0.02066	0.00675	0.00590
5	0.01716	0.01961	0.04289	0.03064	0.03799	0.01838	0.67279	0.02328	0.01716	0.02328	0.01471	0.01961	0.01103	0.00613	0.00858	0.00245	0.01225	0.00858	0.00368	0.00980
6	0.01060	0.00745	0.00983	0.01110	0.01200	0.00732	0.00848	0.01252	0.01441	0.01895	0.03515	0.26625	0.03991	0.19739	0.01639	0.00413	0.00605	0.31002	0.00615	0.00590
7	0.01507	0.01292	0.01507	0.01077	0.01723	0.00969	0.00861	0.01830	0.01507	0.02369	0.01292	0.01507	0.01077	0.00538	0.00538	0.00108	0.00538	0.00431	0.00431	0.78898
8	0.01458	0.03760	0.70688	0.02072	0.03146	0.01688	0.02686	0.02302	0.01535	0.02302	0.01304	0.01535	0.00921	0.00691	0.00691	0.00230	0.01074	0.00537	0.00307	0.01074
9	0.79588	0.01406	0.01068	0.00956	0.01406	0.01631	0.00787	0.02137	0.01237	0.03261	0.01012	0.01181	0.00787	0.00675	0.00450	0.00225	0.00562	0.00394	0.00450	0.00787
10	0.00886	0.00633	0.00843	0.01012	0.01054	0.00590	0.00675	0.01012	0.01392	0.01856	0.04006	0.73979	0.04808	0.02277	0.00928	0.00295	0.00422	0.02066	0.00675	0.00590
11	0.00886	0.00633	0.00843	0.01012	0.01054	0.00590	0.00675	0.01012	0.01392	0.01856	0.04006	0.73979	0.04808	0.02277	0.00928	0.00295	0.00422	0.02066	0.00675	0.00590
12	0.01774	0.01251	0.01474	0.01276	0.01613	0.05846	0.04421	0.05730	0.07321	0.15256	0.16831	0.04249	0.14816	0.01274	0.00846	0.00239	0.02880	0.06900	0.05132	0.00871
13	0.01191	0.00663	0.00929	0.00929	0.00941	0.00675	0.00609	0.01007	0.00995	0.01338	0.01582	0.02905	0.01658	0.20756	0.09389	0.52179	0.00771	0.00751	0.00354	0.00378
14	0.31028	0.01633	0.01667	0.01328	0.01858	0.01771	0.01096	0.29800	0.02331	0.18244	0.01718	0.01695	0.01193	0.00806	0.00626	0.00222	0.00674	0.00575	0.00663	0.01072
15	0.01334	0.04604	0.09209	0.01502	0.01894	0.01164	0.14173	0.01812	0.05377	0.02314	0.07049	0.23586	0.02771	0.01237	0.00758	0.00234	0.00659	0.01139	0.15614	0.03571
16	0.01820	0.02154	0.22616	0.01876	0.02545	0.01533	0.14304	0.12057	0.01875	0.10062	0.04526	0.02124	0.01499	0.01514	0.12072	0.00375	0.01095	0.00704	0.00487	0.04761
17	0.00866	0.00708	0.00766	0.00813	0.01002	0.00607	0.00586	0.01035	0.01584	0.01934	0.06436	0.25508	0.51710	0.01962	0.00878	0.00259	0.00383	0.01681	0.00675	0.00607
18	0.02990	0.01672	0.01956	0.01500	0.02073	0.01714	0.01239	0.38365	0.02809	0.34572	0.02257	0.02077	0.01493	0.00885	0.00729	0.00221	0.00717	0.00689	0.00806	0.01237
19	0.01997	0.12339	0.20093	0.01522	0.02125	0.01664	0.01511	0.17372	0.02021	0.13407	0.02168	0.16571	0.01933	0.01082	0.00723	0.00229	0.00763	0.00888	0.00574	0.01018
20	0.00861	0.00730	0.00743	0.00754	0.00987	0.00612	0.00560	0.01041	0.01639	0.01957	0.07143	0.11394	0.65369	0.01870	0.00864	0.00249	0.00372	0.01569	0.00675	0.00612
21	0.00895	0.00647	0.00831	0.00973	0.01030	0.00600	0.00648	0.01018	0.01391	0.01833	0.04174	0.63355	0.10218	0.07324	0.01117	0.00320	0.00437	0.01950	0.00658	0.00582
22	0.01478	0.01896	0.16340	0.06738	0.22746	0.01489	0.13921	0.01972	0.01526	0.02161	0.01724	0.09121	0.01555	0.01585	0.12095	0.00386	0.01108	0.00826	0.00384	0.00949
23	0.01250	0.01155	0.05772	0.05219	0.01478	0.01161	0.00936	0.01558	0.07349	0.01707	0.02014	0.03639	0.02106	0.44710	0.05690	0.00566	0.11726	0.00903	0.00432	0.00631
24	0.01056	0.00709	0.00813	0.00813	0.00819	0.00715	0.00465	0.01070	0.01063	0.01424	0.02272	0.04657	0.02599	0.70827	0.07267	0.00729	0.00770	0.01042	0.00438	0.00451
25	0.05136	0.01106	0.01196	0.01043	0.01365	0.01154	0.00820	0.13802	0.08539	0.11769	0.02418	0.06502	0.01902	0.00946	0.00620	0.00202	0.00494	0.00762	0.39330	0.00895

[dist]
# distance from previous block
# <min> <max>
2	4

[block]
# block no. 2 follows, 28 sequences, length 21
# corresponding to MSA columns:
# 228-248
name=unknown_C
#
# <colnr> <probs for GDERKNQSTAVLIFYWHMCP>
#	G	D	E	R	K	N	Q	S	T	A	V	L	I	F	Y	W	H	M	C	P
0	0.01775	0.11969	0.35422	0.05608	0.05884	0.07876	0.05723	0.08004	0.01719	0.02327	0.01277	0.01548	0.00977	0.00740	0.00797	0.00223	0.06200	0.00558	0.00357	0.01016
1	0.01012	0.00742	0.00949	0.00897	0.01076	0.00679	0.00673	0.01340	0.02019	0.02823	0.63531	0.05581	0.12921	0.01520	0.00858	0.00230	0.00345	0.01336	0.00788	0.00679
2	0.01205	0.00991	0.01092	0.01033	0.01299	0.01007	0.00783	0.02016	0.22743	0.02559	0.23002	0.08732	0.27733	0.01498	0.00825	0.00244	0.00429	0.01278	0.00730	0.00801
3	0.00883	0.00737	0.00769	0.00761	0.00996	0.00624	0.00571	0.01089	0.01713	0.02096	0.16040	0.06777	0.60865	0.01791	0.00859	0.00243	0.00365	0.01503	0.00692	0.00624
4	0.00985	0.00711	0.00954	0.01112	0.01210	0.00679	0.00844	0.01189	0.01507	0.01975	0.04143	0.46804	0.08305	0.02157	0.00951	0.00306	0.00506	0.24368	0.00673	0.00620
5	0.50174	0.01518	0.01415	0.01169	0.01667	0.01677	0.00964	0.16829	0.01857	0.14476	0.01476	0.01516	0.01051	0.00755	0.00557	0.00223	0.00624	0.00506	0.00584	0.00960
6	0.01943	0.74891	0.03809	0.01244	0.01866	0.02876	0.01244	0.02177	0.01477	0.01710	0.01011	0.01166	0.00933	0.00622	0.00466	0.00155	0.00777	0.00389	0.00311	0.00933
7	0.00999	0.00742	0.00931	0.00884	0.01068	0.00673	0.00663	0.01315	0.01988	0.02750	0.58780	0.05701	0.17717	0.01547	0.00858	0.00232	0.00347	0.01353	0.00779	0.00673
8	0.01861	0.01588	0.01673	0.01490	0.01910	0.01833	0.01163	0.07383	0.65000	0.03126	0.02891	0.02659	0.02165	0.00980	0.00739	0.00245	0.00588	0.00813	0.00739	0.01155
9	0.01038	0.00779	0.01168	0.01168	0.01298	0.00909	0.00909	0.01298	0.01168	0.01687	0.01947	0.02856	0.01817	0.05452	0.71573	0.01168	0.01947	0.00779	0.00389	0.00649
10	0.79588	0.01406	0.01068	0.00956	0.01406	0.01631	0.00787	0.02137	0.01237	0.03261	0.01012	0.01181	0.00787	0.00675	0.00450	0.00225	0.00562	0.00394	0.00450	0.00787
11	0.31422	0.01299	0.01459	0.01169	0.01690	0.01276	0.00965	0.03024	0.01769	0.45643	0.02183	0.01997	0.01426	0.00817	0.00627	0.00225	0.00598	0.00607	0.00734	0.01071
12	0.01355	0.00678	0.00678	0.00678	0.00847	0.00678	0.00508	0.01694	0.01524	0.02710	0.02371	0.02710	0.01863	0.00847	0.00508	0.00169	0.00339	0.00678	0.78489	0.00678
13	0.01355	0.00678	0.00678	0.00678	0.00847	0.00678	0.00508	0.01694	0.01524	0.02710	0.02371	0.02710	0.01863	0.00847	0.00508	0.00169	0.00339	0.00678	0.78489	0.00678
14	0.00890	0.00738	0.00779	0.00768	0.01001	0.00627	0.00576	0.01102	0.01729	0.02135	0.18540	0.06714	0.58342	0.01777	0.00859	0.00242	0.00364	0.01495	0.00698	0.00627
15	0.01838	0.59378	0.18395	0.01424	0.02145	0.02617	0.01558	0.02204	0.01490	0.01839	0.01075	0.01246	0.00930	0.00637	0.00515	0.00172	0.00842	0.00421	0.00310	0.00964
16	0.01943	0.74891	0.03809	0.01244	0.01866	0.02876	0.01244	0.02177	0.01477	0.01710	0.01011	0.01166	0.00933	0.00622	0.00466	0.00155	0.00777	0.00389	0.00311	0.00933
17	0.01155	0.01043	0.01523	0.01362	0.01581	0.04226	0.12084	0.01386	0.01445	0.01871	0.03422	0.27511	0.13547	0.10494	0.13428	0.00471	0.00888	0.01364	0.00532	0.00666
18	0.01577	0.01319	0.01489	0.01476	0.05059	0.01457	0.01064	0.06255	0.41204	0.02764	0.05424	0.18491	0.06694	0.01310	0.00790	0.00253	0.00549	0.01132	0.00704	0.00987
19	0.05529	0.01243	0.01599	0.01315	0.01790	0.01167	0.01094	0.10354	0.02131	0.45591	0.05848	0.03467	0.02339	0.01107	0.00773	0.00243	0.00634	0.11859	0.00819	0.01097
20	0.02006	0.10165	0.07136	0.05285	0.11208	0.01822	0.12569	0.15135	0.05544	0.09335	0.08618	0.02211	0.01809	0.00836	0.00780	0.00223	0.03004	0.00733	0.00538	0.01044

[dist]
# distance from previous block
# <min> <max>
0	8

[block]
# block no. 3 follows, 28 sequences, length 21
# corresponding to MSA columns:
# 257-277
name=unknown_D
#
# <colnr> <probs for GDERKNQSTAVLIFYWHMCP>
#	G	D	E	R	K	N	Q	S	T	A	V	L	I	F	Y	W	H	M	C	P
0	0.02170	0.05459	0.01970	0.01822	0.11434	0.03439	0.01287	0.15554	0.05911	0.17648	0.02248	0.05636	0.04163	0.01341	0.06569	0.00304	0.06995	0.00770	0.04255	0.01028
1	0.01183	0.00826	0.01006	0.01040	0.01211	0.00786	0.00759	0.07193	0.01713	0.05360	0.07962	0.42985	0.17887	0.01939	0.00887	0.00273	0.00463	0.05140	0.00696	0.00693
2	0.50990	0.02059	0.01493	0.01461	0.06036	0.23129	0.01069	0.02378	0.01517	0.02749	0.01069	0.01260	0.00856	0.00696	0.00530	0.00213	0.00812	0.00433	0.00421	0.00828
3	0.01737	0.01028	0.01295	0.01081	0.01391	0.01033	0.06712	0.11057	0.01850	0.08394	0.02243	0.02489	0.01702	0.00834	0.00588	0.00187	0.00506	0.00695	0.54349	0.00828
4	0.02097	0.47524	0.05472	0.01448	0.02062	0.02574	0.03483	0.17318	0.07344	0.02516	0.01361	0.01462	0.01111	0.00711	0.00569	0.00183	0.00791	0.00505	0.00443	0.01026
5	0.00933	0.00653	0.00829	0.00952	0.00982	0.00622	0.00610	0.01025	0.01299	0.01732	0.03533	0.54869	0.04210	0.22203	0.01693	0.00408	0.00500	0.01788	0.00610	0.00549
6	0.00894	0.00684	0.00821	0.00899	0.01032	0.00611	0.00632	0.01069	0.01573	0.02030	0.13579	0.40842	0.28683	0.02018	0.00894	0.00269	0.00392	0.01777	0.00691	0.00611
7	0.00934	0.00739	0.00840	0.00815	0.01028	0.00645	0.00611	0.01188	0.01833	0.02382	0.34672	0.06308	0.42055	0.01685	0.00858	0.00238	0.00357	0.01438	0.00730	0.00645
8	0.01645	0.01682	0.02218	0.01907	0.01925	0.05606	0.01581	0.01806	0.01159	0.01751	0.00962	0.01577	0.00953	0.01247	0.02301	0.00312	0.69622	0.00628	0.00321	0.00797
9	0.01038	0.00779	0.01168	0.01168	0.01298	0.00909	0.00909	0.01298	0.01168	0.01687	0.01947	0.02856	0.01817	0.05452	0.71573	0.01168	0.01947	0.00779	0.00389	0.00649
10	0.59051	0.01360	0.01235	0.01047	0.01527	0.01479	0.00863	0.02515	0.01464	0.21333	0.01511	0.01529	0.01060	0.00735	0.00525	0.00225	0.00577	0.00484	0.00571	0.00908
11	0.01590	0.01590	0.02226	0.01908	0.01908	0.02226	0.01590	0.01749	0.01113	0.01749	0.00954	0.01590	0.00954	0.01272	0.02385	0.00318	0.73123	0.00636	0.00318	0.00795
12	0.02763	0.02036	0.02182	0.01672	0.02254	0.02254	0.01382	0.67496	0.03418	0.04581	0.01745	0.01745	0.01236	0.00873	0.00727	0.00218	0.00800	0.00654	0.00727	0.01236
13	0.01355	0.00678	0.00678	0.00678	0.00847	0.00678	0.00508	0.01694	0.01524	0.02710	0.02371	0.02710	0.01863	0.00847	0.00508	0.00169	0.00339	0.00678	0.78489	0.00678
14	0.00886	0.00633	0.00843	0.01012	0.01054	0.00590	0.00675	0.01012	0.01392	0.01856	0.04006	0.73979	0.04808	0.02277	0.00928	0.00295	0.00422	0.02066	0.00675	0.00590
15	0.00948	0.00740	0.00860	0.00830	0.01036	0.00652	0.00622	0.01216	0.01867	0.02463	0.39975	0.06174	0.36702	0.01655	0.00858	0.00237	0.00355	0.01419	0.00741	0.00652
16	0.01507	0.01292	0.01507	0.01077	0.01723	0.00969	0.00861	0.01830	0.01507	0.02369	0.01292	0.01507	0.01077	0.00538	0.00538	0.00108	0.00538	0.00431	0.00431	0.78898
17	0.01121	0.00846	0.01011	0.00998	0.01162	0.00843	0.00724	0.01611	0.11517	0.02397	0.29745	0.14909	0.10418	0.14380	0.01357	0.00331	0.00472	0.04777	0.00693	0.00691
18	0.01823	0.14786	0.10963	0.01523	0.02047	0.05212	0.01373	0.05566	0.38966	0.02638	0.02217	0.02194	0.01707	0.01109	0.04490	0.00274	0.00792	0.00684	0.00572	0.01064
19	0.01625	0.04467	0.24335	0.01994	0.06076	0.01659	0.10252	0.05657	0.04855	0.05165	0.13540	0.02395	0.02128	0.00935	0.00991	0.00242	0.11481	0.00760	0.00473	0.00971
20	0.01395	0.00973	0.01170	0.01102	0.01344	0.00979	0.00828	0.04330	0.15602	0.08330	0.29494	0.20315	0.08187	0.01513	0.00834	0.00248	0.00449	0.01326	0.00758	0.00821

[dist]
# distance from previous block
# <min> <max>
0	40

[block]
# block no. 4 follows, 28 sequences, length 23
# corresponding to MSA columns:
# 358-380
name=unknown_E
#
# <colnr> <probs for GDERKNQSTAVLIFYWHMCP>
#	G	D	E	R	K	N	Q	S	T	A	V	L	I	F	Y	W	H	M	C	P
0	0.17739	0.10043	0.01804	0.03875	0.10234	0.05075	0.01141	0.02368	0.13178	0.08253	0.02587	0.09289	0.09538	0.01032	0.00672	0.00227	0.00647	0.00831	0.00550	0.00916
1	0.01153	0.00812	0.00971	0.00939	0.01164	0.00731	0.00696	0.01467	0.04740	0.07018	0.23751	0.21290	0.25593	0.01676	0.00845	0.00244	0.00408	0.01455	0.00718	0.04327
2	0.15283	0.07184	0.02269	0.14962	0.06118	0.25973	0.08268	0.02356	0.01670	0.02173	0.01189	0.01502	0.00955	0.00689	0.00636	0.00203	0.00995	0.00530	0.00376	0.06669
3	0.01218	0.00696	0.00727	0.00721	0.00889	0.00670	0.00528	0.01505	0.01564	0.02508	0.10170	0.03845	0.13321	0.06946	0.00856	0.00230	0.00373	0.00912	0.51672	0.00649
4	0.00881	0.00649	0.00827	0.00969	0.01043	0.00594	0.00656	0.01017	0.01433	0.01873	0.04534	0.63446	0.15000	0.02209	0.00917	0.00287	0.00413	0.01983	0.00675	0.00594
5	0.01038	0.00779	0.01168	0.01168	0.01298	0.00909	0.00909	0.01298	0.01168	0.01687	0.01947	0.02856	0.01817	0.05452	0.71573	0.01168	0.01947	0.00779	0.00389	0.00649
6	0.00985	0.00737	0.00914	0.00879	0.01061	0.00666	0.00655	0.01283	0.01940	0.02657	0.52835	0.08675	0.20839	0.01599	0.00861	0.00235	0.00352	0.01396	0.00767	0.00666
7	0.01057	0.00705	0.00793	0.00793	0.00793	0.00705	0.00440	0.01057	0.01057	0.01409	0.02290	0.04757	0.02643	0.74454	0.03700	0.00705	0.00705	0.01057	0.00440	0.00440
8	0.01029	0.00743	0.00972	0.00914	0.01086	0.00686	0.00686	0.01372	0.02058	0.02915	0.69536	0.05430	0.06859	0.01486	0.00857	0.00229	0.00343	0.01315	0.00800	0.00686
9	0.01658	0.28862	0.41412	0.01730	0.02591	0.02120	0.02051	0.02382	0.06866	0.02151	0.01332	0.01498	0.01029	0.00690	0.00615	0.00205	0.00929	0.00507	0.00343	0.01030
10	0.00859	0.00736	0.00736	0.00736	0.00982	0.00614	0.00552	0.01043	0.01657	0.01964	0.07364	0.06996	0.69624	0.01841	0.00859	0.00245	0.00368	0.01534	0.00675	0.00614
11	0.01974	0.01917	0.02060	0.02168	0.15190	0.17378	0.04168	0.15672	0.04333	0.02552	0.01983	0.16060	0.01904	0.01321	0.04400	0.00281	0.04275	0.00911	0.00515	0.00939
12	0.00961	0.00678	0.00816	0.00888	0.00938	0.00645	0.00564	0.01047	0.01301	0.01717	0.06013	0.35515	0.10469	0.32694	0.02089	0.00461	0.00533	0.01559	0.00580	0.00533
13	0.02224	0.22345	0.02411	0.01475	0.01971	0.15431	0.01231	0.24773	0.02253	0.02780	0.01648	0.09727	0.01491	0.00916	0.00651	0.00196	0.00830	0.00690	0.00517	0.06442
14	0.02076	0.01489	0.01702	0.01336	0.01856	0.01475	0.01079	0.19766	0.12623	0.12096	0.04811	0.02299	0.04794	0.00870	0.00743	0.00193	0.03348	0.00685	0.00642	0.26118
15	0.01689	0.17474	0.05443	0.13662	0.02790	0.04964	0.15571	0.05998	0.05228	0.02159	0.01718	0.11390	0.01583	0.00949	0.00843	0.00233	0.06161	0.00824	0.00425	0.00898
16	0.01533	0.01454	0.02084	0.05599	0.11245	0.01769	0.01500	0.01785	0.01278	0.01939	0.01194	0.01761	0.01097	0.01493	0.09343	0.00358	0.39452	0.00619	0.00351	0.14147
17	0.00926	0.00652	0.00839	0.00964	0.01004	0.00617	0.00629	0.01037	0.01354	0.01813	0.06542	0.57163	0.04466	0.16638	0.01478	0.00374	0.00475	0.01832	0.00634	0.00565
18	0.01667	0.00957	0.01130	0.00984	0.01286	0.00905	0.00770	0.08603	0.02020	0.15774	0.24631	0.04245	0.16298	0.01252	0.00751	0.00218	0.00447	0.01051	0.16179	0.00833
19	0.01906	0.20518	0.23295	0.05656	0.07675	0.12599	0.09354	0.06798	0.01754	0.02220	0.01258	0.01513	0.00988	0.00685	0.00656	0.00206	0.01015	0.00549	0.00358	0.00997
20	0.02009	0.01424	0.01586	0.01376	0.01794	0.01553	0.01083	0.07707	0.43586	0.14695	0.09966	0.03035	0.04837	0.01045	0.00754	0.00239	0.00566	0.00870	0.00771	0.01105
21	0.00904	0.00717	0.00813	0.00833	0.01021	0.00626	0.00608	0.01114	0.01698	0.02165	0.21272	0.19979	0.41990	0.01845	0.00872	0.00251	0.00373	0.01589	0.00704	0.00626
22	0.01630	0.01749	0.09461	0.06437	0.42435	0.01568	0.01935	0.02255	0.08411	0.02466	0.09629	0.02555	0.02020	0.00843	0.00747	0.00228	0.00792	0.03331	0.00455	0.01054

[dist]
# distance from previous block
# <min> <max>
0	11

[block]
# block no. 5 follows, 28 sequences, length 22
# corresponding to MSA columns:
# 392-413
name=unknown_F
#
# <colnr> <probs for GDERKNQSTAVLIFYWHMCP>
#	G	D	E	R	K	N	Q	S	T	A	V	L	I	F	Y	W	H	M	C	P
0	0.01500	0.06167	0.02322	0.25298	0.24828	0.01664	0.01755	0.01861	0.01505	0.02017	0.02177	0.02565	0.11478	0.00938	0.00954	0.00239	0.10684	0.00764	0.00387	0.00896
1	0.00916	0.00705	0.00842	0.00911	0.01062	0.00631	0.00663	0.01111	0.01614	0.02074	0.14732	0.32577	0.31059	0.01970	0.00896	0.00269	0.00407	0.06253	0.00692	0.00619
2	0.01965	0.00961	0.01202	0.01061	0.01366	0.00879	0.00803	0.05082	0.01761	0.29090	0.03564	0.18931	0.11759	0.10384	0.01138	0.00297	0.00537	0.01163	0.07189	0.00867
3	0.00930	0.00665	0.00893	0.01053	0.01117	0.00628	0.00743	0.01094	0.01457	0.01942	0.06642	0.62217	0.04806	0.02208	0.00935	0.00298	0.00452	0.10634	0.00679	0.00605
4	0.01006	0.00719	0.00982	0.01150	0.01245	0.00694	0.00884	0.01221	0.01511	0.01991	0.03940	0.46202	0.04544	0.02164	0.00960	0.00312	0.00526	0.28653	0.00672	0.00624
5	0.57620	0.01534	0.01355	0.01137	0.01623	0.01732	0.00937	0.16702	0.01775	0.07913	0.01295	0.01390	0.00952	0.00733	0.00530	0.00223	0.00619	0.00473	0.00540	0.00916
6	0.01808	0.01561	0.01644	0.01479	0.01890	0.01808	0.01151	0.03863	0.68606	0.03041	0.02959	0.02712	0.02219	0.00986	0.00740	0.00247	0.00575	0.00822	0.00740	0.01151
7	0.00859	0.00736	0.00736	0.00736	0.00982	0.00614	0.00552	0.01043	0.01657	0.01964	0.07364	0.06996	0.69624	0.01841	0.00859	0.00245	0.00368	0.01534	0.00675	0.00614
8	0.01716	0.01961	0.04289	0.03064	0.03799	0.01838	0.67279	0.02328	0.01716	0.02328	0.01471	0.01961	0.01103	0.00613	0.00858	0.00245	0.01225	0.00858	0.00368	0.00980
9	0.01045	0.00754	0.01043	0.01043	0.01129	0.00841	0.00752	0.01218	0.01131	0.01595	0.02062	0.03491	0.02093	0.28496	0.48906	0.01013	0.01532	0.00872	0.00406	0.00579
10	0.02494	0.01696	0.01975	0.01564	0.02011	0.01886	0.01290	0.38099	0.02608	0.16492	0.02287	0.02293	0.06965	0.01029	0.01032	0.00239	0.13512	0.00739	0.00684	0.01107
11	0.02163	0.02042	0.01991	0.02106	0.16315	0.19770	0.01378	0.16884	0.07672	0.02814	0.01667	0.01854	0.01306	0.00774	0.00661	0.00197	0.00839	0.00606	0.12378	0.06584
12	0.01378	0.01132	0.01144	0.01078	0.01308	0.06800	0.00808	0.02056	0.16627	0.02670	0.30533	0.08138	0.06533	0.03751	0.00862	0.00241	0.00492	0.01081	0.12585	0.00784
13	0.01201	0.00824	0.00997	0.00983	0.01188	0.00774	0.00724	0.01592	0.07805	0.07979	0.23463	0.25601	0.20669	0.01712	0.00857	0.00254	0.00416	0.01497	0.00735	0.00728
14	0.01458	0.01217	0.01781	0.22153	0.02556	0.01500	0.01405	0.01742	0.01463	0.06873	0.10856	0.10917	0.05347	0.01258	0.01346	0.00272	0.25651	0.00942	0.00482	0.00784
15	0.09271	0.06747	0.23093	0.05159	0.08185	0.11402	0.06038	0.04568	0.01753	0.14794	0.01550	0.01695	0.01115	0.00730	0.00674	0.00218	0.00939	0.00580	0.00460	0.01030
16	0.02173	0.01230	0.01502	0.01252	0.01640	0.01217	0.00992	0.18131	0.04752	0.24756	0.21005	0.12242	0.03448	0.01233	0.00790	0.00234	0.00560	0.01046	0.00796	0.01000
17	0.02048	0.01376	0.02047	0.02065	0.14641	0.01437	0.06427	0.04484	0.06998	0.21086	0.04528	0.09347	0.01986	0.01046	0.01000	0.00244	0.11707	0.00864	0.05662	0.01008
18	0.02186	0.02045	0.09254	0.18931	0.07374	0.10651	0.04627	0.15993	0.03995	0.12746	0.01649	0.01858	0.01192	0.00799	0.00780	0.00228	0.03507	0.00641	0.00514	0.01032
19	0.01582	0.07558	0.09418	0.01658	0.08880	0.01362	0.04963	0.04219	0.01682	0.09222	0.05691	0.06604	0.20198	0.01179	0.00894	0.00233	0.07224	0.00964	0.05592	0.00876
20	0.00988	0.06820	0.01094	0.01009	0.01140	0.00800	0.00735	0.01146	0.01459	0.01882	0.04277	0.53080	0.14656	0.02054	0.00884	0.00278	0.00459	0.05969	0.00644	0.00628
21	0.01976	0.15992	0.11581	0.02459	0.18302	0.21189	0.08901	0.02371	0.01751	0.02107	0.05662	0.01766	0.01387	0.00727	0.00675	0.00203	0.01004	0.00602	0.00377	0.00967

[dist]
# distance from previous block
# <min> <max>
0	2

[block]
# block no. 6 follows, 28 sequences, length 29
# corresponding to MSA columns:
# 416-444
name=unknown_G
#
# <colnr> <probs for GDERKNQSTAVLIFYWHMCP>
#	G	D	E	R	K	N	Q	S	T	A	V	L	I	F	Y	W	H	M	C	P
0	0.26353	0.09842	0.13495	0.01661	0.06486	0.16684	0.01424	0.02326	0.01553	0.05208	0.01326	0.04869	0.01123	0.00799	0.00675	0.00217	0.04093	0.00555	0.00413	0.00896
1	0.01179	0.01108	0.05203	0.01344	0.01489	0.01212	0.01113	0.01429	0.01168	0.01713	0.01730	0.02666	0.01651	0.09685	0.47871	0.00902	0.16719	0.00757	0.00374	0.00687
2	0.01213	0.00892	0.00916	0.00883	0.00928	0.03948	0.00529	0.04324	0.01215	0.01578	0.02212	0.04458	0.02499	0.67629	0.03421	0.00658	0.00736	0.01011	0.00451	0.00497
3	0.06026	0.11163	0.02203	0.10360	0.17473	0.06429	0.01432	0.08059	0.01714	0.02358	0.04214	0.09346	0.01695	0.01122	0.04124	0.00257	0.02687	0.00747	0.00446	0.08144
4	0.09094	0.01749	0.01612	0.01523	0.04986	0.16419	0.01124	0.14850	0.07136	0.02745	0.11571	0.06329	0.04181	0.01705	0.11403	0.00364	0.00949	0.00815	0.00564	0.00881
5	0.05763	0.01558	0.10173	0.03952	0.07424	0.01226	0.03365	0.01981	0.07656	0.02280	0.01747	0.06223	0.01588	0.10556	0.03010	0.00278	0.00727	0.00701	0.00448	0.29343
6	0.01079	0.00829	0.01027	0.00937	0.01187	0.00717	0.00702	0.01372	0.01824	0.02570	0.41467	0.13877	0.12529	0.01455	0.00808	0.00217	0.00392	0.01275	0.00702	0.15032
7	0.01370	0.09978	0.09484	0.01517	0.09032	0.01257	0.01163	0.04759	0.01614	0.02203	0.08246	0.16678	0.10260	0.07935	0.01004	0.00261	0.00632	0.01043	0.00515	0.11048
8	0.00940	0.00736	0.00830	0.00808	0.01006	0.00648	0.00594	0.01169	0.01759	0.02278	0.30455	0.06218	0.40347	0.07715	0.01093	0.00277	0.00386	0.01412	0.00703	0.00627
9	0.01467	0.01249	0.01464	0.01072	0.01679	0.00944	0.00849	0.01777	0.01500	0.02335	0.01469	0.06243	0.01320	0.00652	0.00564	0.00120	0.00531	0.00538	0.00447	0.73780
10	0.01683	0.01755	0.03519	0.02750	0.08742	0.01675	0.47112	0.06428	0.01876	0.02572	0.12191	0.02479	0.02021	0.00770	0.00838	0.00238	0.01029	0.00899	0.00459	0.00965
11	0.01299	0.00887	0.01131	0.11116	0.01665	0.00918	0.00872	0.01794	0.07314	0.04883	0.30896	0.03920	0.06681	0.01155	0.00728	0.00216	0.00460	0.00992	0.22321	0.00754
12	0.02138	0.14597	0.06032	0.01718	0.07593	0.05246	0.01354	0.25795	0.05800	0.07148	0.02035	0.13548	0.01816	0.01032	0.00709	0.00221	0.00756	0.00837	0.00587	0.01038
13	0.01507	0.01292	0.01507	0.01077	0.01723	0.00969	0.00861	0.01830	0.01507	0.02369	0.01292	0.01507	0.01077	0.00538	0.00538	0.00108	0.00538	0.00431	0.00431	0.78898
14	0.00886	0.00633	0.00843	0.01012	0.01054	0.00590	0.00675	0.01012	0.01392	0.01856	0.04006	0.73979	0.04808	0.02277	0.00928	0.00295	0.00422	0.02066	0.00675	0.00590
15	0.01865	0.01214	0.01429	0.01318	0.01657	0.01281	0.01024	0.02936	0.32677	0.17701	0.03255	0.19628	0.02888	0.01351	0.00803	0.00260	0.00557	0.06402	0.00754	0.01000
16	0.01886	0.01189	0.01608	0.01548	0.10536	0.01014	0.01042	0.02100	0.01568	0.18424	0.01851	0.06623	0.01532	0.01065	0.00996	0.12553	0.00607	0.00669	0.00531	0.32658
17	0.73273	0.01392	0.01120	0.00984	0.01443	0.01584	0.00810	0.02253	0.01307	0.08818	0.01166	0.01288	0.00871	0.00693	0.00473	0.00225	0.00567	0.00422	0.00487	0.00824
18	0.01458	0.03760	0.70688	0.02072	0.03146	0.01688	0.02686	0.02302	0.01535	0.02302	0.01304	0.01535	0.00921	0.00691	0.00691	0.00230	0.01074	0.00537	0.00307	0.01074
19	0.01245	0.00971	0.01158	0.01071	0.01310	0.00998	0.00815	0.02064	0.20556	0.02950	0.51029	0.04674	0.05569	0.01347	0.00825	0.00234	0.00408	0.01178	0.00783	0.00815
20	0.00886	0.00633	0.00843	0.01012	0.01054	0.00590	0.00675	0.01012	0.01392	0.01856	0.04006	0.73979	0.04808	0.02277	0.00928	0.00295	0.00422	0.02066	0.00675	0.00590
21	0.79588	0.01406	0.01068	0.00956	0.01406	0.01631	0.00787	0.02137	0.01237	0.03261	0.01012	0.01181	0.00787	0.00675	0.00450	0.00225	0.00562	0.00394	0.00450	0.00787
22	0.01355	0.00678	0.00678	0.00678	0.00847	0.00678	0.00508	0.01694	0.01524	0.02710	0.02371	0.02710	0.01863	0.00847	0.00508	0.00169	0.00339	0.00678	0.78489	0.00678
23	0.01808	0.01561	0.01644	0.01479	0.01890	0.01808	0.01151	0.03863	0.68606	0.03041	0.02959	0.02712	0.02219	0.00986	0.00740	0.00247	0.00575	0.00822	0.00740	0.01151
24	0.02798	0.01980	0.02147	0.01646	0.02226	0.02171	0.01360	0.63030	0.03324	0.09178	0.01824	0.01796	0.01276	0.00874	0.00727	0.00219	0.00787	0.00660	0.00739	0.01236
25	0.01814	0.01282	0.01539	0.01115	0.01746	0.00986	0.00897	0.02129	0.01607	0.14257	0.01567	0.01676	0.01203	0.00601	0.00572	0.00128	0.00552	0.00483	0.00513	0.65331
26	0.01595	0.01492	0.01933	0.02155	0.19261	0.10367	0.07362	0.01935	0.01842	0.05626	0.20607	0.03852	0.14505	0.01143	0.00795	0.00228	0.00714	0.03152	0.00570	0.00867
27	0.00888	0.00665	0.00811	0.00924	0.01020	0.00603	0.00628	0.01023	0.01446	0.01861	0.04833	0.51775	0.22472	0.06146	0.01062	0.00304	0.00423	0.01865	0.00662	0.00589
28	0.01644	0.20134	0.07890	0.01494	0.04220	0.01669	0.04404	0.02060	0.04688	0.05127	0.01563	0.04737	0.01363	0.01374	0.10009	0.00310	0.04866	0.00613	0.00419	0.21417

[dist]
# distance from previous block
# <min> <max>
0	154

[block]
# block no. 7 follows, 28 sequences, length 60
# corresponding to MSA columns:
# 609-668
name=unknown_H
#
# <colnr> <probs for GDERKNQSTAVLIFYWHMCP>
#	G	D	E	R	K	N	Q	S	T	A	V	L	I	F	Y	W	H	M	C	P
0	0.06505	0.20398	0.20898	0.01984	0.11943	0.08908	0.01729	0.07153	0.01749	0.07188	0.01392	0.01568	0.01074	0.00707	0.00620	0.00201	0.00883	0.00529	0.03551	0.01018
1	0.28737	0.12873	0.04425	0.05123	0.01901	0.15946	0.01134	0.02272	0.01600	0.06976	0.08075	0.01841	0.01573	0.00984	0.03594	0.00248	0.00830	0.00558	0.00464	0.00846
2	0.01746	0.04738	0.08004	0.01363	0.01793	0.08360	0.05258	0.08649	0.06677	0.08547	0.10496	0.06174	0.14438	0.01123	0.00737	0.00222	0.00676	0.00936	0.09176	0.00886
3	0.01620	0.26988	0.12483	0.13034	0.02431	0.01935	0.01483	0.06280	0.04306	0.02266	0.12597	0.05248	0.02145	0.00914	0.00720	0.00212	0.03265	0.00718	0.00452	0.00902
4	0.01618	0.01760	0.09372	0.02480	0.25910	0.05980	0.01592	0.04502	0.12489	0.02453	0.07769	0.08945	0.06857	0.01209	0.03607	0.00269	0.00795	0.00898	0.00515	0.00981
5	0.01130	0.00743	0.00823	0.00791	0.01010	0.00668	0.00597	0.01401	0.01747	0.05169	0.22575	0.05281	0.32459	0.01450	0.00762	0.00220	0.00364	0.01221	0.20915	0.00675
6	0.00925	0.00732	0.00832	0.00822	0.01026	0.00639	0.00611	0.01166	0.01791	0.02317	0.30679	0.10796	0.41613	0.01735	0.00863	0.00242	0.00362	0.01486	0.00722	0.00639
7	0.01057	0.00705	0.00793	0.00793	0.00793	0.00705	0.00440	0.01057	0.01057	0.01409	0.02290	0.04757	0.02643	0.74454	0.03700	0.00705	0.00705	0.01057	0.00440	0.00440
8	0.01024	0.00801	0.00937	0.00915	0.01118	0.00750	0.00680	0.01440	0.07716	0.02486	0.35311	0.13350	0.27484	0.01650	0.00855	0.00243	0.00381	0.01429	0.00738	0.00692
9	0.03167	0.01388	0.01780	0.01365	0.01931	0.01292	0.01127	0.15604	0.02333	0.58005	0.02656	0.02337	0.01693	0.00895	0.00730	0.00224	0.00653	0.00717	0.00867	0.01237
10	0.01943	0.74891	0.03809	0.01244	0.01866	0.02876	0.01244	0.02177	0.01477	0.01710	0.01011	0.01166	0.00933	0.00622	0.00466	0.00155	0.00777	0.00389	0.00311	0.00933
11	0.79588	0.01406	0.01068	0.00956	0.01406	0.01631	0.00787	0.02137	0.01237	0.03261	0.01012	0.01181	0.00787	0.00675	0.00450	0.00225	0.00562	0.00394	0.00450	0.00787
12	0.01373	0.01292	0.02180	0.72707	0.05006	0.01615	0.02019	0.01857	0.01453	0.01857	0.01292	0.01938	0.00969	0.00727	0.00727	0.00242	0.00969	0.00646	0.00323	0.00807
13	0.01057	0.00705	0.00793	0.00793	0.00793	0.00705	0.00440	0.01057	0.01057	0.01409	0.02290	0.04757	0.02643	0.74454	0.03700	0.00705	0.00705	0.01057	0.00440	0.00440
14	0.01590	0.01590	0.02226	0.01908	0.01908	0.02226	0.01590	0.01749	0.01113	0.01749	0.00954	0.01590	0.00954	0.01272	0.02385	0.00318	0.73123	0.00636	0.00318	0.00795
15	0.00895	0.00644	0.00849	0.00995	0.01054	0.00598	0.00671	0.01039	0.01449	0.01935	0.08783	0.66597	0.07389	0.02205	0.00920	0.00289	0.00414	0.01993	0.00684	0.00598
16	0.01458	0.03760	0.70688	0.02072	0.03146	0.01688	0.02686	0.02302	0.01535	0.02302	0.01304	0.01535	0.00921	0.00691	0.00691	0.00230	0.01074	0.00537	0.00307	0.01074
17	0.02820	0.01946	0.02126	0.01630	0.02209	0.02120	0.01346	0.60268	0.03267	0.12022	0.01872	0.01828	0.01300	0.00876	0.00728	0.00219	0.00779	0.00663	0.00747	0.01236
18	0.02411	0.01105	0.01403	0.01188	0.01590	0.01037	0.00938	0.02916	0.10953	0.40657	0.02999	0.14277	0.02359	0.01130	0.00734	0.00232	0.00542	0.00955	0.11534	0.01042
19	0.01070	0.00764	0.01055	0.01223	0.01345	0.00749	0.00995	0.01330	0.01573	0.02062	0.03905	0.31603	0.04406	0.02104	0.00977	0.00321	0.00581	0.42626	0.00671	0.00641
20	0.00859	0.00736	0.00736	0.00736	0.00982	0.00614	0.00552	0.01043	0.01657	0.01964	0.07364	0.06996	0.69624	0.01841	0.00859	0.00245	0.00368	0.01534	0.00675	0.00614
21	0.01670	0.01825	0.03533	0.02640	0.03106	0.01981	0.43205	0.02116	0.01495	0.02116	0.01281	0.01825	0.01048	0.00854	0.01418	0.00272	0.27575	0.00777	0.00349	0.00913
22	0.02715	0.03464	0.02060	0.01873	0.02247	0.71536	0.01404	0.02903	0.02060	0.01779	0.01124	0.01311	0.00936	0.00749	0.00655	0.00187	0.01311	0.00468	0.00375	0.00843
23	0.01507	0.01292	0.01507	0.01077	0.01723	0.00969	0.00861	0.01830	0.01507	0.02369	0.01292	0.01507	0.01077	0.00538	0.00538	0.00108	0.00538	0.00431	0.00431	0.78898
24	0.24669	0.13961	0.09933	0.01516	0.02030	0.04686	0.03995	0.11338	0.07223	0.02771	0.01323	0.01513	0.01047	0.00799	0.00819	0.00227	0.10220	0.00534	0.00450	0.00947
25	0.01109	0.00912	0.01167	0.01411	0.11114	0.00874	0.00854	0.01426	0.06268	0.02026	0.07238	0.20268	0.26882	0.13607	0.01312	0.00327	0.00521	0.01384	0.00600	0.00700
26	0.01670	0.01653	0.05215	0.23598	0.14404	0.04018	0.08818	0.06390	0.10178	0.02447	0.04283	0.02096	0.01459	0.00762	0.00719	0.00221	0.00853	0.00692	0.03378	0.07146
27	0.01323	0.00765	0.00917	0.00888	0.00968	0.00737	0.00555	0.01378	0.01237	0.10538	0.02600	0.13887	0.02827	0.54958	0.02932	0.00586	0.00655	0.01152	0.00533	0.00566
28	0.01020	0.00740	0.01028	0.01046	0.01140	0.00803	0.00759	0.01215	0.01254	0.01761	0.08262	0.13282	0.02846	0.19083	0.41419	0.00868	0.01336	0.01062	0.00476	0.00601
29	0.01302	0.01196	0.01985	0.62226	0.04429	0.01465	0.01822	0.01734	0.01444	0.01857	0.01689	0.12470	0.01530	0.00953	0.00756	0.00250	0.00889	0.00854	0.00374	0.00776
30	0.01043	0.00759	0.01068	0.01068	0.01163	0.00854	0.00783	0.01234	0.01138	0.01613	0.02039	0.03364	0.02038	0.23917	0.53410	0.01044	0.01615	0.00853	0.00403	0.00593
31	0.02016	0.55250	0.10965	0.01439	0.02071	0.14015	0.01431	0.02310	0.01579	0.01787	0.01062	0.01231	0.00932	0.00650	0.00522	0.00169	0.00898	0.00418	0.00321	0.00934
32	0.01507	0.01292	0.01507	0.01077	0.01723	0.00969	0.00861	0.01830	0.01507	0.02369	0.01292	0.01507	0.01077	0.00538	0.00538	0.00108	0.00538	0.00431	0.00431	0.78898
33	0.01047	0.00708	0.00798	0.00796	0.00814	0.00700	0.00456	0.01070	0.01128	0.01500	0.05479	0.04885	0.05782	0.68035	0.03449	0.00663	0.00674	0.01089	0.00467	0.00459
34	0.08900	0.09360	0.01960	0.01496	0.01899	0.19538	0.03713	0.14536	0.09489	0.02708	0.08452	0.10726	0.02173	0.01030	0.00701	0.00219	0.00809	0.00818	0.00559	0.00914
35	0.01769	0.01696	0.02896	0.09305	0.65313	0.01719	0.02216	0.02204	0.01641	0.02338	0.01362	0.01809	0.01138	0.00653	0.00720	0.00218	0.00871	0.00648	0.00357	0.01127
36	0.01402	0.01263	0.01791	0.22981	0.15378	0.01379	0.01440	0.02128	0.15778	0.02305	0.07916	0.03497	0.17613	0.01079	0.00768	0.00238	0.00682	0.00937	0.00534	0.00891
37	0.00930	0.00694	0.00836	0.00917	0.01030	0.00636	0.00641	0.01085	0.01489	0.01923	0.09431	0.36017	0.23315	0.11909	0.01286	0.00334	0.00455	0.05833	0.00652	0.00589
38	0.01725	0.01345	0.01480	0.01323	0.01643	0.01482	0.01013	0.17574	0.28001	0.02975	0.07482	0.12349	0.02795	0.11329	0.01188	0.00312	0.00613	0.03734	0.00689	0.00947
39	0.03863	0.02352	0.33075	0.19218	0.03087	0.01551	0.02015	0.01999	0.03691	0.02135	0.01727	0.12633	0.01563	0.00997	0.00870	0.00251	0.06874	0.00809	0.00387	0.00906
40	0.01458	0.03760	0.70688	0.02072	0.03146	0.01688	0.02686	0.02302	0.01535	0.02302	0.01304	0.01535	0.00921	0.00691	0.00691	0.00230	0.01074	0.00537	0.00307	0.01074
41	0.04904	0.01935	0.07168	0.02575	0.25036	0.01908	0.01695	0.27088	0.12074	0.05686	0.01777	0.01895	0.01332	0.00794	0.00714	0.00223	0.00793	0.00662	0.00572	0.01168
42	0.01039	0.00776	0.01152	0.01152	0.01277	0.00900	0.00889	0.01288	0.01164	0.01676	0.01962	0.02936	0.01852	0.08378	0.68695	0.01149	0.01894	0.00791	0.00392	0.00640
43	0.02256	0.46104	0.03110	0.01489	0.02019	0.27768	0.01308	0.05009	0.01765	0.01848	0.01080	0.01241	0.00946	0.00678	0.00545	0.00169	0.00972	0.00428	0.00350	0.00912
44	0.01255	0.01115	0.01550	0.01436	0.01489	0.01421	0.01134	0.01433	0.01233	0.01794	0.04725	0.16526	0.04459	0.05575	0.18167	0.00522	0.34006	0.01023	0.00440	0.00696
45	0.02225	0.13701	0.07368	0.02112	0.11759	0.01830	0.12094	0.13428	0.04855	0.17404	0.02032	0.02101	0.04196	0.00798	0.00709	0.00217	0.00825	0.00696	0.00557	0.01093
46	0.01497	0.01008	0.01330	0.01364	0.04362	0.01013	0.02847	0.02094	0.15463	0.11419	0.03380	0.37057	0.03452	0.01636	0.00842	0.00269	0.00537	0.06078	0.03516	0.00838
