[name]
unknown

[dist]
# distance from previous block
# <min> <max>
0	98

[block]
# block no. 0 follows, 26 sequences, length 56
# corresponding to MSA columns:
# 121-176
name=unknown_A
#
# <colnr> <probs for GDERKNQSTAVLIFYWHMCP>
#	G	D	E	R	K	N	Q	S	T	A	V	L	I	F	Y	W	H	M	C	P
0	0.02058	0.01837	0.02668	0.02219	0.05481	0.04308	0.17413	0.22716	0.02258	0.03038	0.01968	0.03057	0.01748	0.01114	0.01136	0.00273	0.13020	0.12115	0.00553	0.01020
1	0.02038	0.01962	0.02266	0.02892	0.31627	0.16610	0.01656	0.02516	0.07395	0.07431	0.02493	0.06919	0.08929	0.00992	0.00768	0.00231	0.00873	0.00851	0.00512	0.01039
2	0.02031	0.01046	0.01404	0.01264	0.01589	0.01009	0.01025	0.02292	0.01787	0.28983	0.03763	0.10974	0.12815	0.02010	0.09237	0.00387	0.05202	0.11517	0.00739	0.00925
3	0.01972	0.02017	0.13724	0.13030	0.02834	0.01801	0.05173	0.22068	0.07316	0.05635	0.02163	0.02385	0.05647	0.01342	0.06863	0.00329	0.03329	0.00759	0.00554	0.01057
4	0.07203	0.02309	0.02129	0.02147	0.13111	0.22445	0.01454	0.24849	0.02420	0.03066	0.01678	0.05733	0.01450	0.05570	0.00928	0.00255	0.00963	0.00714	0.00544	0.01032
5	0.01066	0.00783	0.00956	0.00978	0.01123	0.00721	0.00696	0.01253	0.01579	0.02117	0.16148	0.21905	0.14163	0.19563	0.01642	0.00385	0.00525	0.08316	0.00652	0.05429
6	0.10397	0.01850	0.02466	0.05321	0.10566	0.09914	0.15043	0.08345	0.01799	0.02625	0.01510	0.01913	0.01214	0.00999	0.03378	0.00273	0.10474	0.00679	0.10288	0.00945
7	0.01611	0.01030	0.01221	0.01118	0.01417	0.00994	0.00853	0.06144	0.09977	0.13891	0.17591	0.18011	0.19913	0.01594	0.00863	0.00257	0.00489	0.01370	0.00782	0.00871
8	0.34229	0.01593	0.01431	0.01234	0.01674	0.09019	0.00985	0.05427	0.05913	0.16425	0.12722	0.02377	0.02212	0.00929	0.00654	0.00232	0.00659	0.00689	0.00647	0.00949
9	0.01590	0.00884	0.01055	0.00944	0.01247	0.00779	0.00732	0.01869	0.01923	0.18013	0.21708	0.05218	0.28634	0.01466	0.00819	0.00237	0.00434	0.01235	0.10391	0.00820
10	0.01809	0.01512	0.01693	0.01305	0.01908	0.01394	0.01040	0.10088	0.18585	0.02926	0.01849	0.01924	0.01448	0.00723	0.00639	0.00163	0.00604	0.00581	0.00569	0.49241
11	0.02054	0.01592	0.01720	0.01522	0.01968	0.01802	0.01191	0.03994	0.60072	0.10440	0.03077	0.02803	0.02267	0.01019	0.00771	0.00255	0.00605	0.00847	0.00790	0.01211
12	0.02064	0.08327	0.02157	0.02095	0.12681	0.31589	0.01415	0.02294	0.01817	0.01981	0.02317	0.10064	0.09705	0.01116	0.00891	0.00229	0.07083	0.00847	0.00451	0.00877
13	0.01994	0.69158	0.08321	0.01355	0.02036	0.02919	0.01398	0.02280	0.01545	0.01826	0.01075	0.01242	0.00973	0.00654	0.00502	0.00167	0.00832	0.00416	0.00324	0.00983
14	0.01644	0.06302	0.16546	0.18451	0.05417	0.01491	0.01686	0.06653	0.01776	0.08028	0.06457	0.17678	0.02375	0.01173	0.00788	0.00251	0.00807	0.01011	0.00528	0.00938
15	0.01610	0.12648	0.19285	0.01481	0.02042	0.09138	0.01469	0.02294	0.10994	0.02435	0.15711	0.03339	0.12333	0.01102	0.00750	0.00228	0.00770	0.00886	0.00551	0.00933
16	0.01050	0.00774	0.00982	0.00930	0.01119	0.00706	0.00697	0.01387	0.02092	0.02912	0.60303	0.05879	0.15146	0.01599	0.00895	0.00241	0.00361	0.01402	0.00818	0.00706
17	0.01696	0.01616	0.02734	0.26901	0.45174	0.01725	0.02196	0.02157	0.01657	0.02283	0.01607	0.02104	0.03349	0.00744	0.00758	0.00235	0.00921	0.00706	0.00373	0.01063
18	0.02153	0.10749	0.02471	0.09998	0.19356	0.12901	0.01616	0.12842	0.02087	0.06764	0.05656	0.06566	0.01774	0.00916	0.00733	0.00223	0.00888	0.00756	0.00514	0.01036
19	0.01622	0.01207	0.01564	0.01428	0.05261	0.01177	0.05130	0.11345	0.06234	0.08524	0.21386	0.04745	0.24510	0.01384	0.00848	0.00244	0.00565	0.01191	0.00732	0.00902
20	0.00955	0.00673	0.00871	0.01017	0.01054	0.00636	0.00662	0.01064	0.01393	0.01857	0.03875	0.61276	0.04632	0.14474	0.01461	0.00381	0.00490	0.01977	0.00662	0.00589
21	0.01432	0.01348	0.02275	0.71520	0.05224	0.01685	0.02107	0.01938	0.01517	0.01938	0.01348	0.02022	0.01011	0.00758	0.00758	0.00253	0.01011	0.00674	0.00337	0.00843
22	0.02392	0.01612	0.09780	0.10044	0.02407	0.01351	0.01408	0.09044	0.06098	0.31691	0.02680	0.13682	0.02139	0.01126	0.00791	0.00250	0.00729	0.00951	0.00726	0.01101
23	0.00967	0.00691	0.00928	0.01093	0.01159	0.00652	0.00768	0.01136	0.01519	0.02026	0.06994	0.62000	0.05032	0.02305	0.00975	0.00310	0.00468	0.09635	0.00709	0.00631
24	0.46464	0.01375	0.01436	0.01682	0.14562	0.01489	0.01073	0.02007	0.01477	0.02952	0.04471	0.05107	0.11365	0.00972	0.00621	0.00239	0.00605	0.00738	0.00507	0.00858
25	0.01559	0.07245	0.50209	0.02044	0.02885	0.01907	0.02427	0.02243	0.01499	0.02232	0.01300	0.01645	0.01005	0.01027	0.03766	0.00292	0.14768	0.00582	0.00326	0.01039
26	0.01573	0.01348	0.01573	0.01123	0.01798	0.01011	0.00899	0.01910	0.01573	0.02472	0.01348	0.01573	0.01123	0.00562	0.00562	0.00112	0.00562	0.00449	0.00449	0.77980
27	0.01026	0.00914	0.01219	0.01080	0.01381	0.00798	0.07808	0.01290	0.01778	0.02198	0.12845	0.06610	0.52271	0.01750	0.00902	0.00258	0.00493	0.04004	0.00682	0.00692
28	0.01573	0.01095	0.01130	0.01059	0.01346	0.01192	0.00812	0.02659	0.28883	0.02915	0.03107	0.03153	0.06911	0.01019	0.00657	0.00216	0.00458	0.00834	0.40072	0.00907
29	0.00972	0.00709	0.00958	0.01085	0.01169	0.00695	0.00770	0.01151	0.01462	0.01962	0.05890	0.50931	0.08083	0.02911	0.13543	0.00470	0.00737	0.05211	0.00654	0.00636
30	0.01103	0.00735	0.00827	0.00827	0.00827	0.00735	0.00460	0.01103	0.01103	0.01471	0.02390	0.04964	0.02758	0.73343	0.03861	0.00735	0.00735	0.01103	0.00460	0.00460
31	0.78701	0.01467	0.01115	0.00997	0.01467	0.01702	0.00821	0.02230	0.01291	0.03403	0.01056	0.01232	0.00821	0.00704	0.00469	0.00235	0.00587	0.00411	0.00469	0.00821
32	0.01521	0.03923	0.69413	0.02162	0.03283	0.01762	0.02802	0.02402	0.01601	0.02402	0.01361	0.01601	0.00961	0.00721	0.00721	0.00240	0.01121	0.00560	0.00320	0.01121
33	0.52932	0.25778	0.02076	0.01098	0.01628	0.02138	0.00982	0.02244	0.01375	0.02859	0.01056	0.01227	0.00873	0.00686	0.00475	0.00210	0.00662	0.00409	0.00421	0.00873
34	0.02150	0.02071	0.02340	0.02073	0.10263	0.16024	0.09376	0.11061	0.02034	0.05161	0.01470	0.01697	0.01156	0.00693	0.00686	0.00182	0.00902	0.00584	0.00481	0.29597
35	0.01090	0.00786	0.01083	0.01083	0.01172	0.00874	0.00779	0.01267	0.01179	0.01660	0.02156	0.03667	0.02194	0.29108	0.47326	0.01052	0.01583	0.00913	0.00425	0.00602
36	0.01767	0.18016	0.44220	0.06421	0.03030	0.05848	0.02299	0.05861	0.01721	0.02345	0.01312	0.01548	0.00986	0.00722	0.00675	0.00222	0.01048	0.00539	0.00350	0.01068
37	0.01504	0.01421	0.02405	0.60725	0.15458	0.01704	0.02142	0.02001	0.01551	0.02025	0.01361	0.01999	0.01042	0.00745	0.00757	0.00248	0.00993	0.00674	0.00343	0.00901
38	0.01432	0.01348	0.02275	0.71520	0.05224	0.01685	0.02107	0.01938	0.01517	0.01938	0.01348	0.02022	0.01011	0.00758	0.00758	0.00253	0.01011	0.00674	0.00337	0.00843
39	0.01800	0.02583	0.27628	0.02337	0.09489	0.05774	0.12846	0.07294	0.01882	0.05493	0.02180	0.02872	0.05655	0.00957	0.00803	0.00250	0.01004	0.07643	0.00468	0.01042
40	0.01432	0.01348	0.02275	0.71520	0.05224	0.01685	0.02107	0.01938	0.01517	0.01938	0.01348	0.02022	0.01011	0.00758	0.00758	0.00253	0.01011	0.00674	0.00337	0.00843
41	0.00924	0.00660	0.00880	0.01056	0.01100	0.00616	0.00704	0.01056	0.01452	0.01936	0.04181	0.72848	0.05017	0.02376	0.00968	0.00308	0.00440	0.02156	0.00704	0.00616
42	0.02011	0.01811	0.02845	0.11495	0.49615	0.01889	0.02143	0.13843	0.02037	0.02836	0.01490	0.01883	0.01197	0.00727	0.00753	0.00229	0.00901	0.00677	0.00441	0.01178
43	0.05211	0.01789	0.09413	0.08749	0.18656	0.05897	0.01641	0.06370	0.01835	0.07697	0.06155	0.10543	0.06238	0.01120	0.00838	0.00248	0.02982	0.03103	0.00534	0.00977
44	0.00944	0.00720	0.00868	0.00936	0.01080	0.00644	0.00662	0.01141	0.01684	0.02192	0.17939	0.36929	0.27411	0.02057	0.00929	0.00276	0.00405	0.01810	0.00730	0.00644
45	0.00936	0.00710	0.00832	0.00921	0.01038	0.00640	0.00626	0.01074	0.01511	0.01920	0.05255	0.40086	0.28180	0.11071	0.01303	0.00342	0.00456	0.01819	0.00674	0.00606
46	0.02127	0.01426	0.10019	0.01335	0.01786	0.01072	0.01177	0.05894	0.01987	0.29330	0.13555	0.20863	0.03384	0.01376	0.00831	0.00254	0.00617	0.01187	0.00774	0.01004
47	0.01710	0.02357	0.22617	0.06735	0.10071	0.04112	0.09270	0.04995	0.15849	0.02526	0.01873	0.02260	0.01482	0.05442	0.05100	0.00331	0.01024	0.00733	0.00465	0.01050
48	0.20905	0.09521	0.02626	0.14352	0.19897	0.08621	0.09283	0.02312	0.01612	0.02474	0.01270	0.01642	0.01023	0.00700	0.00665	0.00226	0.00923	0.00589	0.00389	0.00969
49	0.01439	0.01306	0.04884	0.10291	0.06584	0.01271	0.08393	0.01923	0.05103	0.04783	0.07571	0.02816	0.02075	0.05221	0.27470	0.00626	0.01298	0.00821	0.00472	0.05653
50	0.01966	0.31810	0.02663	0.05779	0.02100	0.09618	0.01269	0.08592	0.11721	0.02386	0.05472	0.09719	0.01992	0.00992	0.00670	0.00212	0.00789	0.00772	0.00512	0.00966
51	0.01799	0.01724	0.08694	0.10591	0.18990	0.05731	0.01609	0.06229	0.01849	0.09720	0.02980	0.11677	0.12885	0.01161	0.00798	0.00245	0.00790	0.01001	0.00549	0.00979
52	0.09979	0.01177	0.01326	0.01186	0.01486	0.01205	0.00888	0.09397	0.05872	0.02533	0.02411	0.20727	0.02494	0.12818	0.05691	0.00375	0.03373	0.01074	0.00570	0.15418
53	0.01460	0.04524	0.13470	0.01415	0.01882	0.01217	0.06990	0.01911	0.05146	0.05178	0.09061	0.06500	0.06440	0.19497	0.01552	0.00352	0.00748	0.00949	0.00523	0.11186
54	0.05322	0.01727	0.10438	0.09142	0.14078	0.01579	0.01658	0.05092	0.01742	0.14101	0.06335	0.02547	0.05693	0.01253	0.04819	0.00305	0.11861	0.00771	0.00529	0.01007
55	0.17576	0.06382	0.16272	0.01839	0.10431	0.08183	0.01517	0.02235	0.01664	0.07693	0.05083	0.09989	0.06100	0.01027	0.00705	0.00236	0.00795	0.00823	0.00503	0.00946

[dist]
# distance from previous block
# <min> <max>
1	77

[block]
# block no. 1 follows, 26 sequences, length 50
# corresponding to MSA columns:
# 254-267,270-299,307-312
name=unknown_B
#
# <colnr> <probs for GDERKNQSTAVLIFYWHMCP>
#	G	D	E	R	K	N	Q	S	T	A	V	L	I	F	Y	W	H	M	C	P
0	0.10845	0.18091	0.11624	0.01577	0.02168	0.07489	0.05488	0.09056	0.01887	0.11114	0.02039	0.07536	0.03855	0.00968	0.00694	0.00227	0.00838	0.02977	0.00530	0.00997
1	0.01988	0.10205	0.09736	0.05059	0.02187	0.04415	0.01394	0.11246	0.17082	0.09283	0.10050	0.02830	0.06654	0.01032	0.00810	0.00236	0.03294	0.00817	0.00633	0.01048
2	0.01751	0.19019	0.17122	0.01626	0.02268	0.01856	0.07600	0.11985	0.02019	0.02722	0.14026	0.02757	0.07262	0.00961	0.00727	0.00217	0.00802	0.00797	0.00523	0.03959
3	0.05413	0.31625	0.14381	0.04158	0.08529	0.02199	0.01594	0.07095	0.05230	0.02428	0.05799	0.02088	0.04882	0.00830	0.00642	0.00208	0.00810	0.00633	0.00443	0.01012
4	0.02047	0.02335	0.21698	0.01692	0.02316	0.06860	0.01661	0.07229	0.13251	0.13407	0.05922	0.05014	0.01901	0.00972	0.00866	0.00239	0.05611	0.00758	0.00588	0.05633
5	0.13704	0.06369	0.16162	0.01479	0.02060	0.03934	0.04629	0.02332	0.06243	0.10790	0.02723	0.06829	0.11072	0.01255	0.03955	0.00281	0.00815	0.00839	0.00545	0.03985
6	0.06500	0.20393	0.09442	0.01640	0.05380	0.06951	0.06252	0.02095	0.01662	0.06085	0.02846	0.07540	0.15251	0.01094	0.00782	0.00228	0.03590	0.00876	0.00486	0.00908
7	0.01787	0.06273	0.11768	0.13459	0.31452	0.06499	0.02036	0.02436	0.08417	0.02353	0.01855	0.02161	0.04632	0.00800	0.00737	0.00231	0.00917	0.00697	0.00418	0.01073
8	0.12101	0.03489	0.56980	0.02119	0.06073	0.01755	0.02509	0.02375	0.01565	0.02543	0.01322	0.01564	0.00953	0.00716	0.00688	0.00239	0.01038	0.00545	0.00343	0.01084
9	0.01388	0.01188	0.01652	0.10729	0.14236	0.01267	0.01291	0.02098	0.16908	0.02330	0.03196	0.31933	0.05626	0.01526	0.00853	0.00272	0.00632	0.01371	0.00613	0.00890
10	0.01103	0.00735	0.00827	0.00827	0.00827	0.00735	0.00460	0.01103	0.01103	0.01471	0.02390	0.04964	0.02758	0.73343	0.03861	0.00735	0.00735	0.01103	0.00460	0.00460
11	0.01091	0.00783	0.01069	0.01069	0.01153	0.00867	0.00761	0.01258	0.01175	0.01650	0.02169	0.03738	0.02225	0.31540	0.44936	0.01034	0.01536	0.00924	0.00427	0.00594
12	0.02021	0.01696	0.01791	0.01571	0.02024	0.01949	0.01233	0.12391	0.58662	0.03390	0.02917	0.02694	0.02177	0.01013	0.00770	0.00253	0.00632	0.00834	0.00770	0.01213
13	0.01542	0.03781	0.64500	0.02240	0.03334	0.01773	0.07573	0.02404	0.01616	0.02404	0.01374	0.01635	0.00975	0.00714	0.00734	0.00241	0.01133	0.00586	0.00325	0.01114
14	0.64760	0.01588	0.01328	0.01135	0.01630	0.01821	0.00935	0.13971	0.01709	0.03656	0.01197	0.01340	0.00908	0.00742	0.00523	0.00233	0.00632	0.00461	0.00523	0.00908
15	0.10965	0.18975	0.02480	0.01535	0.02108	0.02198	0.04644	0.20841	0.17288	0.03232	0.01791	0.01835	0.01377	0.00810	0.00656	0.00212	0.00749	0.00619	0.00581	0.07105
16	0.01698	0.15129	0.34303	0.01709	0.02530	0.01824	0.01915	0.07601	0.03871	0.02496	0.01614	0.06979	0.01367	0.00834	0.00679	0.00211	0.00886	0.00657	0.00422	0.13275
17	0.02079	0.11785	0.28553	0.06231	0.02782	0.05375	0.01939	0.17864	0.02120	0.06377	0.01509	0.01671	0.01107	0.00763	0.00691	0.00216	0.00950	0.00577	0.00474	0.06937
18	0.00946	0.00685	0.00894	0.01022	0.01100	0.00633	0.00698	0.01117	0.01578	0.02115	0.14367	0.58226	0.09374	0.02219	0.00952	0.00294	0.00424	0.01999	0.00724	0.00633
19	0.01419	0.01280	0.02113	0.05181	0.28859	0.01253	0.06400	0.01773	0.01724	0.02384	0.13582	0.21072	0.07122	0.01331	0.00850	0.00254	0.00695	0.01243	0.00555	0.00911
20	0.01960	0.07361	0.10557	0.01984	0.04986	0.04904	0.12930	0.06055	0.01785	0.12253	0.02309	0.09572	0.06308	0.01097	0.01062	0.00256	0.12209	0.00901	0.00524	0.00987
21	0.02038	0.01034	0.01289	0.01128	0.01392	0.00986	0.00828	0.06425	0.01710	0.25634	0.02757	0.06341	0.02554	0.34735	0.02233	0.00479	0.00698	0.06230	0.00676	0.00833
22	0.01432	0.01348	0.02275	0.71520	0.05224	0.01685	0.02107	0.01938	0.01517	0.01938	0.01348	0.02022	0.01011	0.00758	0.00758	0.00253	0.01011	0.00674	0.00337	0.00843
23	0.01769	0.01478	0.02154	0.21759	0.18646	0.01637	0.01680	0.10596	0.04401	0.05840	0.02471	0.07559	0.09122	0.01068	0.00920	0.00252	0.06252	0.00896	0.00516	0.00984
24	0.01773	0.18995	0.11622	0.07066	0.07267	0.01881	0.01501	0.12877	0.05197	0.02522	0.02055	0.15349	0.01989	0.05546	0.00920	0.00264	0.00794	0.00912	0.00505	0.00967
25	0.00962	0.00731	0.00834	0.00908	0.01067	0.00653	0.00652	0.01142	0.01595	0.02036	0.05694	0.30622	0.35324	0.05276	0.01046	0.00298	0.00437	0.05338	0.04755	0.00630
26	0.02419	0.01177	0.01486	0.01269	0.01662	0.01126	0.00978	0.02988	0.13879	0.37185	0.03126	0.14460	0.02587	0.10610	0.01201	0.00316	0.00615	0.01053	0.00807	0.01055
27	0.04460	0.01796	0.11631	0.01620	0.02078	0.03718	0.03502	0.09677	0.01889	0.20838	0.02340	0.15051	0.02038	0.01376	0.03549	0.00298	0.11549	0.00952	0.00625	0.01014
28	0.01713	0.15676	0.04483	0.01972	0.14010	0.01638	0.03354	0.02000	0.01497	0.08536	0.01879	0.06572	0.01748	0.10035	0.16196	0.00499	0.06043	0.00798	0.00452	0.00900
29	0.02569	0.01900	0.02039	0.01634	0.02174	0.02111	0.01327	0.43894	0.21189	0.06740	0.02244	0.02171	0.01624	0.00944	0.00754	0.00234	0.00743	0.00736	0.03733	0.01243
30	0.05267	0.00774	0.00957	0.00968	0.01117	0.00728	0.00690	0.01287	0.01529	0.05100	0.14212	0.22293	0.18229	0.02056	0.01419	0.20289	0.00488	0.01365	0.00627	0.00605
31	0.01916	0.01773	0.04307	0.10770	0.09088	0.07351	0.06919	0.04787	0.03807	0.07611	0.01544	0.01814	0.01199	0.00715	0.00753	0.00192	0.03573	0.00599	0.00469	0.30814
32	0.01770	0.01401	0.02304	0.44206	0.17962	0.01578	0.01946	0.02216	0.01647	0.11249	0.01734	0.05664	0.01373	0.00848	0.00768	0.00247	0.00909	0.00762	0.00446	0.00968
33	0.02547	0.01613	0.01771	0.01433	0.01934	0.04223	0.01157	0.24448	0.11265	0.23563	0.05510	0.03120	0.11784	0.01103	0.00784	0.00237	0.00683	0.00884	0.00796	0.01146
34	0.01309	0.01148	0.04338	0.16462	0.02424	0.01132	0.07118	0.01656	0.01532	0.05081	0.08329	0.15878	0.05238	0.05787	0.18555	0.00527	0.01082	0.01117	0.00516	0.00770
35	0.01603	0.01433	0.02050	0.04546	0.20429	0.06538	0.07257	0.01970	0.04146	0.05173	0.02495	0.23790	0.02565	0.07019	0.05173	0.00351	0.00866	0.01183	0.00525	0.00888
36	0.01390	0.01276	0.02102	0.58603	0.04511	0.01589	0.01896	0.01836	0.01454	0.01894	0.01453	0.02243	0.01182	0.04655	0.08028	0.00376	0.03644	0.00708	0.00350	0.00808
37	0.01491	0.01391	0.01948	0.02715	0.31013	0.06479	0.01480	0.01769	0.01627	0.02169	0.02734	0.36025	0.03022	0.01503	0.00850	0.00263	0.00715	0.01375	0.00535	0.00895
38	0.01708	0.02113	0.16091	0.20572	0.15702	0.04829	0.11363	0.02256	0.01688	0.04666	0.01679	0.02464	0.01387	0.00836	0.00784	0.00245	0.01010	0.06219	0.00408	0.03981
39	0.01450	0.06805	0.02209	0.05441	0.02227	0.04879	0.14362	0.01789	0.01609	0.02105	0.04685	0.17026	0.02819	0.01880	0.07798	0.00375	0.06406	0.14819	0.00520	0.00795
40	0.01462	0.01802	0.21301	0.01348	0.01877	0.01102	0.01362	0.01976	0.05572	0.10683	0.04369	0.15563	0.25621	0.01464	0.00832	0.00257	0.00657	0.01234	0.00624	0.00894
41	0.01860	0.02030	0.02770	0.20480	0.03383	0.14533	0.17339	0.02340	0.05082	0.02079	0.01362	0.01857	0.01104	0.00895	0.01225	0.00264	0.19409	0.00701	0.00380	0.00909
42	0.01844	0.02340	0.20415	0.02613	0.21012	0.08314	0.05653	0.02440	0.05121	0.07555	0.08338	0.07059	0.02064	0.00936	0.00775	0.00237	0.00909	0.00824	0.00493	0.01057
43	0.01176	0.00910	0.01321	0.01598	0.11395	0.00949	0.00969	0.01369	0.01313	0.01825	0.02492	0.18051	0.02689	0.23276	0.26450	0.00740	0.01160	0.01156	0.00479	0.00683
44	0.07535	0.01625	0.02677	0.33483	0.14390	0.01803	0.13658	0.06062	0.06741	0.02488	0.01534	0.01994	0.01169	0.00749	0.00762	0.00246	0.00969	0.00710	0.00420	0.00985
45	0.01988	0.07522	0.12331	0.13339	0.11008	0.12945	0.07667	0.07796	0.01837	0.04887	0.01495	0.01994	0.01222	0.06335	0.01049	0.00270	0.04245	0.00665	0.00420	0.00985
46	0.01930	0.12327	0.05361	0.10294	0.21398	0.07216	0.04086	0.08721	0.01812	0.02412	0.01564	0.01925	0.03231	0.00850	0.00947	0.00233	0.10638	0.00655	0.03385	0.01016
47	0.01546	0.00980	0.01170	0.01079	0.01344	0.00984	0.00820	0.02136	0.13033	0.11595	0.17131	0.06915	0.12204	0.06882	0.08921	0.00385	0.00662	0.01097	0.10275	0.00840
48	0.02038	0.24062	0.02716	0.01796	0.07675	0.07285	0.04731	0.11278	0.12570	0.02611	0.01776	0.05947	0.01521	0.00850	0.00667	0.00202	0.00803	0.00681	0.00507	0.10286
49	0.01670	0.01616	0.02930	0.07747	0.26588	0.01608	0.21624	0.02176	0.05499	0.02281	0.01935	0.02537	0.04772	0.06402	0.01210	0.06233	0.00951	0.00833	0.00418	0.00970

[dist]
# distance from previous block
# <min> <max>
2	47

[block]
# block no. 2 follows, 26 sequences, length 35
# corresponding to MSA columns:
# 362-372,377-393,395-401
name=unknown_C
#
# <colnr> <probs for GDERKNQSTAVLIFYWHMCP>
#	G	D	E	R	K	N	Q	S	T	A	V	L	I	F	Y	W	H	M	C	P
0	0.01195	0.00983	0.01362	0.01680	0.14773	0.00925	0.01025	0.01494	0.01823	0.02449	0.26155	0.07388	0.22958	0.06206	0.01073	0.00284	0.00529	0.06259	0.00666	0.00772
1	0.01828	0.14621	0.13939	0.01449	0.01955	0.04126	0.01391	0.08763	0.05491	0.06225	0.02280	0.02467	0.07230	0.01320	0.06185	0.00299	0.06532	0.00712	0.12230	0.00955
2	0.01714	0.10092	0.05463	0.13655	0.02431	0.13936	0.02990	0.05044	0.01641	0.02001	0.01933	0.08017	0.03983	0.10017	0.09020	0.00405	0.05586	0.00825	0.00430	0.00815
3	0.01171	0.00917	0.01414	0.01270	0.01417	0.00964	0.08020	0.01365	0.01233	0.01709	0.02132	0.03740	0.02188	0.34634	0.33545	0.00900	0.01382	0.00949	0.00427	0.00621
4	0.22924	0.01645	0.01329	0.01263	0.01571	0.16771	0.00975	0.03905	0.01761	0.04566	0.09583	0.14455	0.02703	0.01242	0.00720	0.00244	0.00714	0.06375	0.06460	0.00796
5	0.02154	0.02435	0.18438	0.02185	0.12449	0.10106	0.01777	0.14764	0.09638	0.08654	0.01961	0.05634	0.01575	0.03783	0.00875	0.00255	0.00912	0.00747	0.00552	0.01108
6	0.01450	0.01268	0.01703	0.09543	0.02036	0.01584	0.01271	0.02057	0.14397	0.02044	0.01915	0.02720	0.01733	0.11668	0.20574	0.00601	0.21360	0.00801	0.00457	0.00816
7	0.01039	0.00751	0.00967	0.01057	0.01174	0.00710	0.00782	0.01257	0.01647	0.02193	0.17276	0.30299	0.11475	0.10266	0.01297	0.00347	0.00510	0.15613	0.00701	0.00639
8	0.01733	0.01615	0.02483	0.02275	0.11493	0.01667	0.17970	0.05984	0.25057	0.02854	0.10104	0.03154	0.08114	0.01010	0.00825	0.00249	0.00783	0.00956	0.00618	0.01056
9	0.02145	0.08889	0.10676	0.02225	0.11140	0.21227	0.05781	0.12040	0.02041	0.02487	0.01679	0.09801	0.01529	0.00966	0.00816	0.00230	0.04095	0.00770	0.00463	0.00999
10	0.11846	0.02498	0.11742	0.02209	0.07888	0.14122	0.11444	0.20851	0.02248	0.03104	0.01440	0.01669	0.01091	0.00792	0.00793	0.00233	0.03838	0.00629	0.00492	0.01070
11	0.00991	0.00736	0.00921	0.01032	0.01156	0.00682	0.00757	0.01183	0.01594	0.02063	0.08570	0.37698	0.20072	0.06017	0.01118	0.00322	0.00486	0.13271	0.00697	0.00634
12	0.02141	0.11767	0.08089	0.09597	0.02445	0.04453	0.01469	0.18800	0.07506	0.09760	0.11366	0.02432	0.02151	0.00957	0.00805	0.00230	0.03617	0.00747	0.00612	0.01057
13	0.01132	0.00965	0.01641	0.01499	0.01711	0.00905	0.13922	0.01402	0.01608	0.02168	0.10136	0.47965	0.04414	0.01925	0.00951	0.00293	0.00616	0.05383	0.00652	0.00713
14	0.02211	0.01686	0.02115	0.08889	0.05799	0.09383	0.08535	0.11184	0.04638	0.17167	0.02514	0.02770	0.07357	0.05263	0.06741	0.00345	0.00971	0.00821	0.00602	0.01007
15	0.10440	0.01064	0.01269	0.01128	0.01452	0.01069	0.00876	0.02241	0.07404	0.19643	0.10689	0.03752	0.11624	0.08693	0.14813	0.00481	0.00848	0.00958	0.00678	0.00877
16	0.02536	0.01758	0.01892	0.01497	0.01997	0.01916	0.01220	0.48654	0.03045	0.06498	0.02076	0.04528	0.01572	0.00957	0.00720	0.00220	0.00717	0.00742	0.16306	0.01148
17	0.01595	0.02283	0.19995	0.02380	0.02997	0.01825	0.27444	0.02141	0.01608	0.02282	0.04713	0.02389	0.06284	0.00953	0.01219	0.00269	0.17433	0.00830	0.00399	0.00962
18	0.01116	0.00904	0.01371	0.01298	0.01515	0.00843	0.08106	0.01415	0.01768	0.02359	0.20763	0.25202	0.14146	0.01847	0.00947	0.00285	0.00557	0.14150	0.00701	0.00707
19	0.32556	0.01185	0.01208	0.01036	0.01447	0.01220	0.00836	0.02471	0.01702	0.22269	0.09441	0.02443	0.02065	0.00903	0.00614	0.00223	0.00531	0.00680	0.16248	0.00922
20	0.02360	0.53696	0.03409	0.01351	0.01985	0.02597	0.01279	0.08770	0.01853	0.14239	0.01479	0.01522	0.01168	0.00727	0.00563	0.00182	0.00784	0.00497	0.00478	0.01062
21	0.01927	0.23158	0.16148	0.01599	0.02204	0.08062	0.01546	0.08921	0.15431	0.02519	0.01976	0.09743	0.01735	0.00974	0.00692	0.00224	0.00840	0.00762	0.00508	0.01034
22	0.01432	0.01348	0.02275	0.71520	0.05224	0.01685	0.02107	0.01938	0.01517	0.01938	0.01348	0.02022	0.01011	0.00758	0.00758	0.00253	0.01011	0.00674	0.00337	0.00843
23	0.01474	0.01240	0.01501	0.01143	0.01708	0.00998	0.00909	0.01797	0.01501	0.02328	0.01487	0.01858	0.01280	0.01599	0.14684	0.00336	0.00859	0.00523	0.00441	0.62334
24	0.00921	0.00673	0.00867	0.01023	0.01091	0.00619	0.00689	0.01060	0.01484	0.01949	0.04584	0.65305	0.12300	0.02324	0.00960	0.00302	0.00434	0.02092	0.00704	0.00619
25	0.01854	0.01535	0.01657	0.01503	0.01894	0.01741	0.01172	0.10528	0.49199	0.03165	0.03118	0.11065	0.02615	0.01225	0.00807	0.00264	0.00613	0.04167	0.00759	0.01118
26	0.21389	0.01077	0.01186	0.01107	0.01451	0.01096	0.00917	0.02279	0.01689	0.18123	0.02632	0.03844	0.02269	0.01163	0.00702	0.00249	0.00569	0.16831	0.20560	0.00868
27	0.12723	0.01043	0.01149	0.00985	0.01347	0.01027	0.00786	0.04510	0.01798	0.24108	0.02424	0.02498	0.01748	0.00877	0.00603	0.00205	0.00494	0.00683	0.40066	0.00928
28	0.01875	0.01719	0.02773	0.22041	0.44188	0.01834	0.02167	0.09562	0.01883	0.02600	0.01451	0.01909	0.01161	0.00725	0.00754	0.00233	0.00923	0.00676	0.00409	0.01117
29	0.01061	0.00742	0.00815	0.00815	0.00867	0.00716	0.00483	0.01100	0.01230	0.01588	0.03461	0.05436	0.16024	0.58888	0.03261	0.00638	0.00664	0.01204	0.00509	0.00496
30	0.02971	0.01983	0.02189	0.01678	0.02282	0.02142	0.01386	0.55507	0.03330	0.15689	0.02020	0.01950	0.01390	0.00915	0.00759	0.00229	0.00803	0.00696	0.00789	0.01290
31	0.01608	0.01380	0.01589	0.01171	0.01817	0.01109	0.00933	0.02148	0.08943	0.02550	0.01543	0.01714	0.01257	0.00614	0.00585	0.00129	0.00566	0.00495	0.00486	0.69362
32	0.15674	0.11930	0.05309	0.01436	0.01868	0.18057	0.01190	0.05158	0.09090	0.02464	0.02003	0.15993	0.01935	0.01095	0.00687	0.00228	0.00813	0.00853	0.00516	0.03703
33	0.10838	0.02256	0.09795	0.01753	0.02295	0.14631	0.07061	0.19789	0.02274	0.05378	0.03710	0.02638	0.01704	0.00975	0.00748	0.00239	0.00922	0.08081	0.03906	0.01006
34	0.08920	0.18186	0.02616	0.08456	0.13474	0.04151	0.01510	0.20083	0.02157	0.05466	0.01457	0.01655	0.01136	0.00749	0.00653	0.00205	0.00822	0.00573	0.00503	0.07229

[dist]
# distance from previous block
# <min> <max>
0	107

[block]
# block no. 3 follows, 26 sequences, length 9
# corresponding to MSA columns:
# 514-522
name=unknown_D
#
# <colnr> <probs for GDERKNQSTAVLIFYWHMCP>
#	G	D	E	R	K	N	Q	S	T	A	V	L	I	F	Y	W	H	M	C	P
0	0.01551	0.01250	0.01785	0.07261	0.16389	0.01339	0.01325	0.11617	0.01819	0.02517	0.08786	0.08384	0.02444	0.09009	0.20516	0.00560	0.01108	0.00941	0.00521	0.00878
1	0.01200	0.00906	0.01022	0.00997	0.01197	0.00869	0.00719	0.09284	0.01847	0.02392	0.11790	0.23904	0.27523	0.11294	0.01289	0.00328	0.00499	0.01546	0.00693	0.00700
2	0.03338	0.01396	0.01825	0.01399	0.01989	0.01270	0.01156	0.11535	0.02346	0.61051	0.02845	0.02486	0.01804	0.00935	0.00762	0.00234	0.00669	0.00753	0.00916	0.01291
3	0.01826	0.01451	0.01601	0.01391	0.01774	0.01597	0.01091	0.16153	0.32390	0.03466	0.24362	0.03557	0.03702	0.01177	0.00810	0.00245	0.00569	0.00991	0.00790	0.01059
4	0.12886	0.01672	0.01787	0.01437	0.01900	0.01828	0.01149	0.38340	0.02617	0.08900	0.01909	0.02358	0.01536	0.12330	0.05685	0.00371	0.00848	0.00725	0.00665	0.01059
5	0.25132	0.01932	0.01936	0.01526	0.02092	0.02161	0.01260	0.47345	0.02899	0.04376	0.01597	0.01648	0.01152	0.00850	0.00674	0.00230	0.00762	0.00603	0.00674	0.01152
6	0.01139	0.00744	0.01059	0.01098	0.01169	0.00789	0.00795	0.01197	0.01215	0.01667	0.02335	0.13266	0.02473	0.12470	0.28357	0.22167	0.01165	0.05891	0.00456	0.00547
7	0.18359	0.01942	0.01567	0.01383	0.01765	0.18711	0.01075	0.18131	0.02143	0.03081	0.01902	0.10673	0.01689	0.01015	0.00668	0.00223	0.00787	0.00766	0.13215	0.00908
8	0.28716	0.02083	0.15125	0.01422	0.02024	0.04471	0.01356	0.10374	0.10409	0.03164	0.01618	0.01746	0.01221	0.00782	0.00616	0.00223	0.00738	0.00563	0.06532	0.06820

[dist]
# distance from previous block
# <min> <max>
3	54

[block]
# block no. 4 follows, 26 sequences, length 19
# corresponding to MSA columns:
# 604-609,615-627
name=unknown_E
#
# <colnr> <probs for GDERKNQSTAVLIFYWHMCP>
#	G	D	E	R	K	N	Q	S	T	A	V	L	I	F	Y	W	H	M	C	P
0	0.01231	0.00927	0.01292	0.03776	0.07181	0.00956	0.00983	0.01428	0.01496	0.05487	0.03754	0.37409	0.12345	0.05209	0.06698	0.00381	0.06551	0.01555	0.00611	0.00729
1	0.00987	0.00726	0.00911	0.01040	0.01117	0.00695	0.00700	0.01219	0.04902	0.01972	0.04254	0.58335	0.09732	0.08133	0.01191	0.00337	0.00468	0.01957	0.00687	0.00636
2	0.02484	0.01084	0.01443	0.01177	0.01591	0.00957	0.00931	0.02766	0.02058	0.42974	0.21024	0.03786	0.05533	0.07388	0.01071	0.00280	0.00566	0.00986	0.00861	0.01040
3	0.02573	0.01864	0.02029	0.01619	0.02156	0.02052	0.01316	0.43393	0.17770	0.08784	0.06620	0.02359	0.01954	0.00982	0.00771	0.00236	0.00737	0.00774	0.00779	0.01231
4	0.38166	0.01145	0.01043	0.00932	0.01303	0.01232	0.00747	0.02249	0.01528	0.12145	0.01876	0.02041	0.01405	0.00806	0.00533	0.00212	0.00503	0.00575	0.30717	0.00841
5	0.38897	0.19632	0.02144	0.01277	0.01828	0.02203	0.01110	0.19707	0.01976	0.03377	0.01265	0.01389	0.00987	0.00747	0.00553	0.00215	0.00710	0.00484	0.00513	0.00987
6	0.13229	0.01632	0.01826	0.01452	0.01985	0.01703	0.01185	0.31041	0.02610	0.25720	0.02309	0.08124	0.01743	0.01018	0.00739	0.00238	0.00704	0.00799	0.00774	0.01168
7	0.25336	0.40286	0.02807	0.01316	0.01868	0.13780	0.01182	0.02384	0.01567	0.02286	0.01075	0.01246	0.00928	0.00688	0.00514	0.00190	0.00836	0.00421	0.00379	0.00912
8	0.39620	0.01533	0.01656	0.05656	0.07547	0.01654	0.01176	0.11016	0.01853	0.19177	0.01670	0.01734	0.01180	0.00788	0.00619	0.00234	0.00685	0.00569	0.00604	0.01029
9	0.15960	0.02002	0.01823	0.01559	0.01992	0.13474	0.01241	0.17161	0.19747	0.06238	0.01927	0.01968	0.01456	0.00918	0.00828	0.00238	0.06461	0.00652	0.03299	0.01056
10	0.00982	0.00758	0.00862	0.00872	0.01049	0.00678	0.00628	0.01186	0.01712	0.02199	0.20845	0.13160	0.35834	0.12093	0.01332	0.00329	0.00445	0.03704	0.00700	0.00632
11	0.04849	0.01078	0.01217	0.01100	0.01344	0.01181	0.00853	0.09484	0.06021	0.05027	0.02651	0.03127	0.07322	0.07965	0.11256	0.00411	0.05717	0.00824	0.27762	0.00811
12	0.00968	0.00708	0.00918	0.01061	0.01156	0.00659	0.00759	0.01147	0.01558	0.02043	0.07335	0.52672	0.13276	0.02244	0.00967	0.00304	0.00465	0.10419	0.00709	0.00635
13	0.01244	0.00666	0.00958	0.00982	0.00988	0.00660	0.00646	0.01008	0.01062	0.01416	0.01810	0.12180	0.01959	0.09298	0.02777	0.60030	0.00636	0.00905	0.00393	0.00381
14	0.08274	0.20097	0.02721	0.25298	0.14151	0.13429	0.01727	0.02292	0.01644	0.02097	0.01234	0.01621	0.01012	0.00716	0.00652	0.00214	0.00967	0.00554	0.00360	0.00940
15	0.01664	0.01684	0.01462	0.01244	0.01660	0.18111	0.00950	0.01944	0.01861	0.02372	0.17189	0.05735	0.11251	0.01078	0.00724	0.00187	0.00689	0.00875	0.00563	0.28754
16	0.19060	0.01752	0.07027	0.01324	0.01645	0.09352	0.01080	0.10097	0.01628	0.02482	0.01671	0.02744	0.01628	0.27130	0.01957	0.00420	0.07010	0.00740	0.00470	0.00783
17	0.07960	0.13420	0.02416	0.16867	0.05060	0.01826	0.06958	0.09310	0.05650	0.05355	0.01733	0.05821	0.01454	0.01247	0.06451	0.00306	0.00927	0.00722	0.00482	0.06035
18	0.01553	0.01572	0.09183	0.02376	0.19740	0.01335	0.06850	0.03856	0.04573	0.04913	0.13272	0.13709	0.03056	0.01479	0.04668	0.00309	0.00821	0.05214	0.00567	0.00953

[dist]
# distance from previous block
# <min> <max>
1	109

[block]
# block no. 5 follows, 26 sequences, length 86
# corresponding to MSA columns:
# 737-762,801-860
name=unknown_F
#
# <colnr> <probs for GDERKNQSTAVLIFYWHMCP>
#	G	D	E	R	K	N	Q	S	T	A	V	L	I	F	Y	W	H	M	C	P
0	0.11885	0.01359	0.01549	0.05877	0.01812	0.04879	0.01111	0.05036	0.01640	0.13969	0.01882	0.02238	0.01475	0.03340	0.04497	0.00302	0.15520	0.00672	0.20075	0.00882
1	0.01756	0.01736	0.05808	0.14759	0.34973	0.01722	0.03869	0.05143	0.10781	0.02627	0.07607	0.02359	0.01843	0.00827	0.00771	0.00237	0.00849	0.00764	0.00478	0.01093
2	0.01300	0.00905	0.01104	0.01082	0.01248	0.00902	0.00772	0.07413	0.04170	0.04795	0.17608	0.28364	0.07153	0.14401	0.04894	0.00398	0.00600	0.01477	0.00691	0.00723
3	0.01741	0.02279	0.17263	0.05390	0.32735	0.06615	0.06684	0.02324	0.04446	0.02378	0.02153	0.02430	0.08518	0.00844	0.00767	0.00234	0.00944	0.00762	0.00416	0.01075
4	0.37178	0.05965	0.01363	0.01075	0.01483	0.01424	0.00866	0.02316	0.04418	0.14507	0.02296	0.10269	0.04977	0.03264	0.00722	0.00252	0.00576	0.00790	0.05380	0.00880
5	0.01659	0.01659	0.02323	0.01991	0.01991	0.02323	0.01659	0.01825	0.01162	0.01825	0.00996	0.01659	0.00996	0.01328	0.02489	0.00332	0.71955	0.00664	0.00332	0.00830
6	0.01611	0.18741	0.52420	0.01936	0.02912	0.01991	0.02399	0.02328	0.01572	0.02242	0.01325	0.01580	0.01005	0.00923	0.03722	0.00266	0.01095	0.00538	0.00325	0.01070
7	0.01971	0.51921	0.14483	0.01443	0.02129	0.02537	0.01507	0.04324	0.01641	0.05268	0.01415	0.05742	0.01272	0.00789	0.00577	0.00190	0.00833	0.00564	0.00391	0.01002
8	0.01542	0.01485	0.02554	0.53290	0.10736	0.01735	0.09050	0.02164	0.05853	0.02122	0.01489	0.02064	0.01129	0.00755	0.00774	0.00251	0.01003	0.00710	0.00374	0.00919
9	0.01026	0.00773	0.00948	0.00904	0.01104	0.00695	0.00678	0.01339	0.02035	0.02775	0.51968	0.06104	0.23566	0.01650	0.00895	0.00243	0.00365	0.01433	0.00800	0.00695
10	0.02833	0.03615	0.02149	0.01954	0.02345	0.70298	0.01466	0.03029	0.02149	0.01856	0.01172	0.01368	0.00977	0.00782	0.00684	0.00195	0.01368	0.00489	0.00391	0.00879
11	0.01590	0.01498	0.02598	0.41745	0.22907	0.01676	0.07745	0.02082	0.01606	0.02194	0.01461	0.02036	0.01139	0.00732	0.00754	0.00240	0.00961	0.00696	0.05389	0.00952
12	0.00973	0.00765	0.00878	0.00863	0.01075	0.00671	0.00642	0.01231	0.01889	0.02461	0.32993	0.10404	0.38869	0.01791	0.00900	0.00252	0.00376	0.01536	0.00759	0.00671
13	0.01874	0.01219	0.01647	0.06737	0.11935	0.01214	0.01189	0.10113	0.02088	0.14591	0.17695	0.06903	0.08912	0.01172	0.00786	0.00234	0.00604	0.01008	0.09118	0.00960
14	0.01080	0.00739	0.00821	0.00821	0.00849	0.00725	0.00472	0.01101	0.01172	0.01534	0.02970	0.05220	0.09936	0.65521	0.03536	0.00683	0.00697	0.01158	0.00486	0.00479
15	0.01659	0.01659	0.02323	0.01991	0.01991	0.02323	0.01659	0.01825	0.01162	0.01825	0.00996	0.01659	0.00996	0.01328	0.02489	0.00332	0.71955	0.00664	0.00332	0.00830
16	0.01682	0.01545	0.01623	0.01195	0.01845	0.07017	0.00948	0.02007	0.01623	0.02418	0.01333	0.01555	0.01111	0.00581	0.00572	0.00120	0.00632	0.00453	0.00444	0.71297
17	0.01467	0.01019	0.01166	0.01095	0.01292	0.01053	0.00791	0.13732	0.04638	0.02729	0.12950	0.21948	0.03618	0.16531	0.01451	0.00351	0.00559	0.01275	0.11572	0.00764
18	0.22250	0.08694	0.02137	0.04855	0.09869	0.23631	0.01374	0.09833	0.01925	0.02702	0.01254	0.01471	0.01009	0.00738	0.00623	0.00207	0.00936	0.00511	0.00447	0.05534
19	0.08680	0.04926	0.02539	0.29346	0.18357	0.11197	0.06474	0.02353	0.04849	0.02268	0.01401	0.01836	0.01104	0.00738	0.00720	0.00234	0.00988	0.00639	0.00389	0.00962
20	0.01202	0.00920	0.01200	0.01161	0.01275	0.01010	0.00864	0.04012	0.01554	0.02156	0.16089	0.14568	0.06420	0.17189	0.15463	0.00561	0.09147	0.03957	0.00580	0.00674
21	0.00974	0.00717	0.00913	0.00980	0.01102	0.00655	0.00691	0.01196	0.01741	0.02351	0.27800	0.39567	0.14483	0.02015	0.00932	0.00276	0.00403	0.01796	0.00751	0.00655
22	0.01961	0.00952	0.01233	0.01117	0.01411	0.00852	0.00842	0.02166	0.01770	0.28942	0.06702	0.21231	0.11393	0.11572	0.01280	0.00330	0.00564	0.04035	0.00770	0.00876
23	0.02623	0.01995	0.02130	0.01693	0.02253	0.02231	0.01379	0.49875	0.20198	0.04361	0.02152	0.02085	0.01558	0.00941	0.00762	0.00235	0.00773	0.00729	0.00762	0.01267
24	0.05663	0.01446	0.01574	0.01316	0.01753	0.01551	0.01053	0.19207	0.19257	0.15031	0.02494	0.02457	0.01812	0.00930	0.00690	0.00223	0.00602	0.00737	0.21113	0.01092
25	0.02883	0.02125	0.02276	0.01745	0.02352	0.02352	0.01442	0.66082	0.03566	0.04780	0.01821	0.01821	0.01290	0.00911	0.00759	0.00228	0.00835	0.00683	0.00759	0.01290
26	0.02168	0.05373	0.15186	0.01825	0.02291	0.06448	0.01703	0.09544	0.06526	0.13615	0.01656	0.01866	0.01262	0.01013	0.01340	0.00265	0.25703	0.00654	0.00513	0.01050
27	0.01983	0.67576	0.09803	0.01375	0.02066	0.02891	0.01432	0.02283	0.01547	0.01840	0.01082	0.01251	0.00972	0.00655	0.00508	0.00169	0.00839	0.00419	0.00324	0.00987
28	0.08396	0.03705	0.63330	0.02058	0.03121	0.01756	0.02626	0.02387	0.01574	0.02491	0.01334	0.01569	0.00948	0.00719	0.00698	0.00240	0.01073	0.00547	0.00334	0.01094
29	0.01927	0.01649	0.01738	0.01552	0.01988	0.01906	0.01210	0.06547	0.64659	0.03238	0.03036	0.02789	0.02274	0.01024	0.00771	0.00256	0.00610	0.00850	0.00771	0.01204
30	0.01162	0.00713	0.00945	0.00930	0.01033	0.00669	0.00655	0.01122	0.01446	0.01916	0.19591	0.04272	0.17816	0.02202	0.01979	0.40941	0.00521	0.01050	0.00541	0.00496
31	0.01477	0.01375	0.02299	0.53210	0.15980	0.01616	0.02016	0.01959	0.01612	0.02136	0.07580	0.02336	0.01616	0.00818	0.00770	0.00247	0.00931	0.00739	0.00390	0.00894
32	0.01120	0.00805	0.00976	0.01043	0.01147	0.00785	0.00723	0.05359	0.01559	0.02048	0.03949	0.38375	0.11083	0.19910	0.01675	0.00407	0.00556	0.07201	0.00646	0.00631
33	0.01214	0.00699	0.00931	0.00931	0.00937	0.00706	0.00588	0.01055	0.01048	0.01405	0.01811	0.03475	0.01961	0.33012	0.06625	0.41197	0.00758	0.00856	0.00389	0.00402
34	0.02028	0.73799	0.03975	0.01298	0.01947	0.03001	0.01298	0.02271	0.01541	0.01785	0.01055	0.01217	0.00973	0.00649	0.00487	0.00162	0.00811	0.00406	0.00324	0.00973
35	0.01018	0.00826	0.00912	0.00916	0.01138	0.00758	0.00676	0.01399	0.07436	0.02304	0.17441	0.17447	0.41289	0.01853	0.00897	0.00262	0.00407	0.01588	0.00733	0.00698
36	0.01547	0.03691	0.61867	0.02229	0.03277	0.01797	0.07302	0.02379	0.01596	0.02379	0.01358	0.01636	0.00976	0.00741	0.00809	0.00245	0.04154	0.00589	0.00325	0.01101
37	0.04654	0.01591	0.01970	0.08352	0.16044	0.04117	0.01460	0.03062	0.32472	0.05624	0.07386	0.02662	0.02200	0.01143	0.03691	0.00285	0.00770	0.00807	0.00622	0.01088
38	0.06601	0.01744	0.07376	0.05189	0.08560	0.05530	0.22226	0.02046	0.01691	0.02337	0.02346	0.13390	0.02324	0.01217	0.00866	0.00274	0.00942	0.13957	0.00494	0.00891
39	0.02105	0.02339	0.09975	0.06146	0.20796	0.09862	0.19350	0.14935	0.02132	0.02812	0.01494	0.01831	0.01146	0.00733	0.00781	0.00233	0.01072	0.00703	0.00447	0.01109
40	0.01574	0.03571	0.57902	0.02245	0.03284	0.01787	0.09981	0.02502	0.05521	0.02451	0.01484	0.01726	0.01063	0.00730	0.00744	0.00243	0.01108	0.00617	0.00354	0.01114
41	0.00946	0.00718	0.00872	0.00944	0.01083	0.00644	0.00666	0.01143	0.01682	0.02198	0.18387	0.38213	0.25634	0.02062	0.00930	0.00277	0.00405	0.01819	0.00731	0.00644
42	0.01108	0.00878	0.01375	0.01293	0.01444	0.00886	0.07870	0.01329	0.01403	0.01928	0.07107	0.27792	0.03398	0.15596	0.22307	0.00647	0.01057	0.01378	0.00545	0.00658
43	0.01051	0.00796	0.01013	0.01039	0.01195	0.00784	0.00761	0.01404	0.05571	0.02332	0.23758	0.26011	0.14573	0.02558	0.13111	0.00436	0.00696	0.01520	0.00696	0.00696
44	0.01790	0.02046	0.04476	0.03197	0.03964	0.01918	0.65857	0.02430	0.01790	0.02430	0.01535	0.02046	0.01151	0.00639	0.00895	0.00256	0.01279	0.00895	0.00384	0.01023
45	0.01521	0.03923	0.69413	0.02162	0.03283	0.01762	0.02802	0.02402	0.01601	0.02402	0.01361	0.01601	0.00961	0.00721	0.00721	0.00240	0.01121	0.00560	0.00320	0.01121
46	0.78701	0.01467	0.01115	0.00997	0.01467	0.01702	0.00821	0.02230	0.01291	0.03403	0.01056	0.01232	0.00821	0.00704	0.00469	0.00235	0.00587	0.00411	0.00469	0.00821
47	0.01659	0.01659	0.02323	0.01991	0.01991	0.02323	0.01659	0.01825	0.01162	0.01825	0.00996	0.01659	0.00996	0.01328	0.02489	0.00332	0.71955	0.00664	0.00332	0.00830
48	0.02855	0.02099	0.02084	0.01773	0.05393	0.13887	0.01361	0.34050	0.02797	0.18515	0.01990	0.01975	0.01402	0.00881	0.00733	0.00220	0.00860	0.00668	0.05276	0.01179
49	0.02128	0.01488	0.02027	0.09866	0.06261	0.01728	0.01490	0.09227	0.06162	0.17250	0.02061	0.02676	0.01663	0.01123	0.01296	0.00274	0.22138	0.06302	0.03829	0.01012
50	0.20077	0.01734	0.01650	0.01329	0.01869	0.10491	0.01070	0.10884	0.02009	0.20655	0.02035	0.02020	0.04202	0.00829	0.00650	0.00205	0.00724	0.00610	0.00628	0.16330
51	0.01043	0.00774	0.00971	0.00922	0.01114	0.00703	0.00691	0.01371	0.02074	0.02868	0.57635	0.05951	0.17842	0.01615	0.00895	0.00242	0.00362	0.01412	0.00812	0.00703
52	0.01354	0.01231	0.01702	0.01523	0.01695	0.05753	0.06823	0.01607	0.01309	0.01805	0.01806	0.02799	0.01721	0.11635	0.41553	0.00873	0.12884	0.00807	0.00397	0.00722
53	0.46712	0.01573	0.01506	0.05809	0.01955	0.01778	0.01074	0.13722	0.07659	0.09453	0.01565	0.01651	0.01144	0.00794	0.00592	0.00237	0.00664	0.00547	0.00581	0.00981
54	0.01327	0.00814	0.01038	0.01061	0.01243	0.00748	0.00764	0.01591	0.03904	0.11705	0.13933	0.41946	0.13100	0.01945	0.00912	0.00279	0.00455	0.01725	0.00759	0.00750
55	0.05868	0.14110	0.02075	0.01352	0.01870	0.01784	0.01137	0.14714	0.13640	0.22777	0.02305	0.02218	0.01650	0.00882	0.00674	0.00218	0.00663	0.00680	0.10261	0.01126
56	0.00972	0.00741	0.00816	0.00842	0.00983	0.00669	0.00569	0.01105	0.01518	0.01907	0.08566	0.17084	0.35382	0.23392	0.01797	0.00407	0.00497	0.01530	0.00637	0.00586
57	0.02218	0.02591	0.02241	0.01974	0.02160	0.34690	0.01567	0.02398	0.01632	0.01840	0.01080	0.01521	0.00987	0.01068	0.01630	0.00267	0.38344	0.00580	0.00360	0.00853
58	0.24822	0.01408	0.01453	0.01137	0.01702	0.01312	0.00911	0.07666	0.01658	0.02922	0.01487	0.06142	0.01301	0.00754	0.00578	0.00172	0.00586	0.00570	0.00500	0.42920
59	0.01862	0.60976	0.03491	0.01284	0.01843	0.02641	0.01236	0.02110	0.01485	0.01780	0.01226	0.01527	0.01136	0.01534	0.12759	0.00348	0.01026	0.00477	0.00339	0.00921
60	0.78701	0.01467	0.01115	0.00997	0.01467	0.01702	0.00821	0.02230	0.01291	0.03403	0.01056	0.01232	0.00821	0.00704	0.00469	0.00235	0.00587	0.00411	0.00469	0.00821
61	0.02950	0.02689	0.02126	0.01776	0.02276	0.34489	0.01396	0.25158	0.02648	0.14634	0.01717	0.01738	0.01244	0.00854	0.00724	0.00214	0.01055	0.00604	0.00615	0.01095
62	0.00924	0.00660	0.00880	0.01056	0.01100	0.00616	0.00704	0.01056	0.01452	0.01936	0.04181	0.72848	0.05017	0.02376	0.00968	0.00308	0.00440	0.02156	0.00704	0.00616
63	0.01214	0.00810	0.01046	0.01029	0.01231	0.00765	0.00781	0.01478	0.01764	0.07907	0.24276	0.15817	0.19320	0.02465	0.13103	0.00431	0.00711	0.04419	0.00712	0.00724
64	0.02088	0.01031	0.01339	0.01150	0.01496	0.00936	0.00893	0.05132	0.02061	0.30202	0.23592	0.13148	0.07884	0.04312	0.00964	0.00267	0.00526	0.01196	0.00834	0.00951
65	0.02540	0.01954	0.02083	0.01676	0.02222	0.02192	0.01359	0.44732	0.25475	0.04227	0.02257	0.02168	0.01643	0.00951	0.00763	0.00238	0.00754	0.00743	0.00763	0.01259
