[name]
unknown

[dist]
# distance from previous block
# <min> <max>
0	70

[block]
# block no. 0 follows, 30 sequences, length 37
# corresponding to MSA columns:
# 74-110
name=unknown_A
#
# <colnr> <probs for GDERKNQSTAVLIFYWHMCP>
#	G	D	E	R	K	N	Q	S	T	A	V	L	I	F	Y	W	H	M	C	P
0	0.04204	0.13908	0.02284	0.07842	0.19311	0.07622	0.01454	0.07525	0.14707	0.04891	0.04101	0.02239	0.01607	0.00822	0.00663	0.00211	0.00757	0.04391	0.00485	0.00977
1	0.07427	0.01274	0.01490	0.06929	0.05815	0.04068	0.01078	0.02045	0.15477	0.02306	0.08455	0.12055	0.06624	0.01099	0.00865	0.00222	0.08496	0.00888	0.00528	0.12859
2	0.01686	0.13618	0.02370	0.23122	0.20977	0.01776	0.01604	0.08719	0.08097	0.02329	0.01500	0.01821	0.01185	0.00709	0.00638	0.00204	0.00768	0.00600	0.07335	0.00943
3	0.00863	0.00613	0.00806	0.00956	0.00993	0.00575	0.00631	0.00975	0.01311	0.01749	0.03720	0.69634	0.04457	0.07789	0.01094	0.00313	0.00426	0.01910	0.00631	0.00556
4	0.00997	0.00748	0.01121	0.01121	0.01246	0.00872	0.00872	0.01246	0.01121	0.01620	0.01869	0.02741	0.01745	0.05234	0.72710	0.01121	0.01869	0.00748	0.00374	0.00623
5	0.01505	0.18393	0.38828	0.01572	0.02285	0.01622	0.01804	0.02020	0.01469	0.06491	0.01794	0.15785	0.01668	0.00959	0.00664	0.00217	0.00820	0.00783	0.00401	0.00922
6	0.00836	0.00662	0.00753	0.00826	0.00974	0.00579	0.00583	0.00988	0.01476	0.01839	0.05624	0.37335	0.41153	0.01955	0.00854	0.00257	0.00377	0.01702	0.00648	0.00579
7	0.00846	0.00624	0.00793	0.00928	0.01001	0.00570	0.00628	0.00977	0.01378	0.01799	0.04378	0.63739	0.15553	0.02117	0.00880	0.00276	0.00396	0.01899	0.00648	0.00570
8	0.71915	0.01338	0.01140	0.08741	0.01721	0.01564	0.00883	0.02022	0.01210	0.02986	0.01000	0.01212	0.00774	0.00653	0.00460	0.00218	0.00582	0.00404	0.00419	0.00758
9	0.00950	0.00703	0.00887	0.00859	0.01024	0.00640	0.00637	0.01237	0.01860	0.02567	0.54953	0.11426	0.16580	0.01546	0.00829	0.00228	0.00340	0.01357	0.00739	0.00640
10	0.01865	0.22317	0.23064	0.01961	0.10043	0.02038	0.05717	0.17391	0.01894	0.02569	0.01289	0.01476	0.00997	0.00670	0.00620	0.00194	0.00860	0.00529	0.00402	0.04103
11	0.01750	0.01550	0.02293	0.11105	0.13831	0.01503	0.11621	0.15393	0.01864	0.02635	0.01366	0.01657	0.01067	0.00632	0.00651	0.00178	0.00771	0.00579	0.00437	0.29117
12	0.04805	0.20542	0.05700	0.01587	0.05445	0.10317	0.01297	0.11738	0.26538	0.02597	0.01787	0.01797	0.01387	0.00777	0.00620	0.00201	0.00749	0.00587	0.00515	0.01013
13	0.03026	0.01215	0.01622	0.01249	0.01777	0.01078	0.01030	0.07077	0.02070	0.65276	0.05136	0.02437	0.01871	0.00882	0.00706	0.00216	0.00594	0.00718	0.00851	0.01169
14	0.07215	0.01726	0.01811	0.01484	0.01966	0.01947	0.01198	0.37400	0.30922	0.03700	0.02117	0.02028	0.01553	0.00871	0.00686	0.00221	0.00663	0.00679	0.00686	0.01125
15	0.01774	0.01444	0.02259	0.01769	0.02223	0.01483	0.20641	0.02651	0.22485	0.12558	0.09861	0.02655	0.04334	0.00914	0.00871	0.00231	0.06337	0.00832	0.00591	0.04085
16	0.01990	0.01429	0.02140	0.24227	0.22774	0.01514	0.01646	0.12040	0.01865	0.17014	0.01929	0.02141	0.04609	0.00784	0.00703	0.00218	0.00778	0.00681	0.00510	0.01009
17	0.01537	0.24924	0.51749	0.01755	0.02658	0.01957	0.02170	0.02174	0.01457	0.02042	0.01169	0.01369	0.00887	0.00644	0.00600	0.00200	0.00947	0.00474	0.00296	0.00991
18	0.00835	0.00707	0.00722	0.00718	0.00949	0.00594	0.00539	0.01022	0.01616	0.01945	0.11245	0.06617	0.66626	0.01745	0.00825	0.00235	0.00352	0.01459	0.00656	0.00594
19	0.01829	0.01251	0.01666	0.01741	0.13051	0.01311	0.01173	0.02593	0.20348	0.17874	0.20403	0.03017	0.02958	0.01023	0.00856	0.00228	0.06178	0.00854	0.00668	0.00979
20	0.01807	0.01620	0.02664	0.10572	0.57395	0.01657	0.02023	0.06699	0.01702	0.05117	0.01387	0.01762	0.01119	0.00653	0.00692	0.00210	0.00825	0.00625	0.00387	0.01083
21	0.05903	0.01537	0.10481	0.01341	0.01940	0.01177	0.01226	0.06399	0.01962	0.56891	0.02441	0.02179	0.01557	0.00829	0.00686	0.00216	0.00655	0.00662	0.00767	0.01151
22	0.00998	0.00742	0.01094	0.01094	0.01209	0.00857	0.00838	0.01228	0.01113	0.01600	0.01894	0.02881	0.01805	0.10603	0.67423	0.01087	0.01778	0.00768	0.00378	0.00608
23	0.01318	0.01240	0.02093	0.73798	0.04806	0.01550	0.01938	0.01783	0.01395	0.01783	0.01240	0.01860	0.00930	0.00698	0.00698	0.00233	0.00930	0.00620	0.00310	0.00775
24	0.01219	0.01019	0.01101	0.08819	0.01570	0.06919	0.00847	0.03435	0.01624	0.05386	0.09415	0.26594	0.26222	0.01595	0.00805	0.00242	0.00531	0.01374	0.00608	0.00674
25	0.01617	0.00982	0.01472	0.26479	0.02541	0.01032	0.01198	0.01898	0.01532	0.20269	0.02647	0.30234	0.02564	0.01316	0.00773	0.00248	0.00638	0.01168	0.00587	0.00804
26	0.02894	0.01135	0.01543	0.01201	0.01700	0.00985	0.00985	0.03170	0.01995	0.63985	0.10285	0.02689	0.02265	0.00926	0.00715	0.00216	0.00564	0.00764	0.00853	0.01129
27	0.00849	0.00613	0.00804	0.00956	0.01008	0.00568	0.00641	0.00973	0.01351	0.01787	0.04031	0.71102	0.08414	0.02162	0.00887	0.00281	0.00402	0.01954	0.00648	0.00568
28	0.01667	0.01252	0.01855	0.02390	0.29191	0.01246	0.01373	0.04261	0.08674	0.11594	0.05272	0.19123	0.04900	0.01162	0.00758	0.00234	0.00628	0.02904	0.00569	0.00947
29	0.01334	0.01001	0.01194	0.01138	0.01337	0.01092	0.00864	0.11785	0.09304	0.02372	0.02988	0.26635	0.07889	0.02105	0.12633	0.00389	0.04937	0.01179	0.09071	0.00753
30	0.01527	0.01527	0.02137	0.01832	0.01832	0.02137	0.01527	0.01679	0.01069	0.01679	0.00916	0.01527	0.00916	0.01221	0.02290	0.00305	0.74198	0.00611	0.00305	0.00763
31	0.01447	0.01240	0.01447	0.01034	0.01654	0.00930	0.00827	0.01757	0.01447	0.02274	0.01240	0.01447	0.01034	0.00517	0.00517	0.00103	0.00517	0.00413	0.00413	0.79742
32	0.01866	0.75896	0.03657	0.01194	0.01791	0.02761	0.01194	0.02090	0.01418	0.01642	0.00970	0.01119	0.00896	0.00597	0.00448	0.00149	0.00746	0.00373	0.00299	0.00896
33	0.01727	0.01658	0.02832	0.04283	0.71123	0.01658	0.02142	0.02142	0.01589	0.02280	0.01313	0.01727	0.01105	0.00622	0.00691	0.00207	0.00829	0.00622	0.00345	0.01105
34	0.01368	0.01341	0.01138	0.01111	0.01279	0.18072	0.00792	0.01607	0.03970	0.02015	0.21292	0.20245	0.07628	0.13559	0.01235	0.00301	0.00637	0.01188	0.00576	0.00646
35	0.01943	0.01297	0.01861	0.11521	0.02304	0.03429	0.09815	0.04669	0.07708	0.22778	0.08116	0.11226	0.02235	0.00990	0.00735	0.00221	0.00687	0.00885	0.00617	0.06964
36	0.17386	0.07571	0.02131	0.04204	0.02113	0.17725	0.09323	0.05693	0.01634	0.10114	0.01328	0.01551	0.01030	0.00781	0.00862	0.00217	0.11999	0.00549	0.02917	0.00870

[dist]
# distance from previous block
# <min> <max>
0	92

[block]
# block no. 1 follows, 30 sequences, length 30
# corresponding to MSA columns:
# 209-238
name=unknown_B
#
# <colnr> <probs for GDERKNQSTAVLIFYWHMCP>
#	G	D	E	R	K	N	Q	S	T	A	V	L	I	F	Y	W	H	M	C	P
0	0.01513	0.16816	0.02434	0.13644	0.14528	0.05314	0.08958	0.01895	0.03567	0.02028	0.08940	0.13406	0.02167	0.00967	0.00699	0.00215	0.00763	0.00868	0.00434	0.00844
1	0.01662	0.03128	0.57160	0.05262	0.02915	0.01557	0.02305	0.04469	0.01596	0.11338	0.01462	0.01616	0.01006	0.00696	0.00671	0.00221	0.00961	0.00549	0.00383	0.01045
2	0.01638	0.04910	0.26046	0.02724	0.29613	0.01678	0.02011	0.05814	0.10765	0.02452	0.04513	0.01885	0.01401	0.00724	0.00681	0.00214	0.00833	0.00627	0.00412	0.01057
3	0.02639	0.01286	0.01602	0.01265	0.01713	0.01278	0.01038	0.16557	0.02118	0.42229	0.02332	0.02208	0.01570	0.00875	0.00775	0.00212	0.05557	0.00672	0.12999	0.01075
4	0.01850	0.01679	0.02318	0.03041	0.40636	0.05025	0.01701	0.04984	0.23891	0.04883	0.01860	0.02010	0.01453	0.00748	0.00695	0.00216	0.00749	0.00671	0.00494	0.01097
5	0.01766	0.02676	0.32286	0.08389	0.11650	0.11749	0.07486	0.02426	0.05977	0.06863	0.01451	0.01675	0.01070	0.00694	0.00683	0.00216	0.00981	0.00584	0.00382	0.00995
6	0.01535	0.01365	0.01902	0.16589	0.02396	0.01734	0.01487	0.10221	0.01522	0.02123	0.01662	0.05138	0.01617	0.01219	0.01479	0.00280	0.34341	0.12169	0.00427	0.00792
7	0.01015	0.00677	0.00761	0.00761	0.00761	0.00677	0.00423	0.01015	0.01015	0.01353	0.02199	0.04567	0.02537	0.75476	0.03552	0.00677	0.00677	0.01015	0.00423	0.00423
8	0.01273	0.01277	0.02483	0.01917	0.02334	0.01187	0.34766	0.01672	0.01634	0.02204	0.15044	0.18745	0.09892	0.01204	0.00838	0.00243	0.00774	0.01219	0.00521	0.00774
9	0.01615	0.02439	0.23619	0.05350	0.03428	0.05592	0.43134	0.02241	0.01605	0.02182	0.01341	0.01728	0.00994	0.00621	0.00761	0.00228	0.01129	0.00706	0.00335	0.00954
10	0.00846	0.00623	0.00794	0.00930	0.01001	0.00570	0.00629	0.00976	0.01376	0.01798	0.04347	0.64397	0.14915	0.02121	0.00880	0.00276	0.00397	0.01904	0.00648	0.00570
11	0.01658	0.01842	0.03861	0.02927	0.07973	0.01756	0.59650	0.02329	0.06248	0.02284	0.01502	0.01921	0.01134	0.00615	0.00807	0.00234	0.01111	0.00808	0.00377	0.00963
12	0.02052	0.01572	0.02244	0.02614	0.28639	0.04718	0.01613	0.02430	0.05124	0.18969	0.01623	0.01855	0.01249	0.00866	0.01131	0.00237	0.20925	0.00639	0.00480	0.01019
13	0.03131	0.01188	0.01619	0.01242	0.01781	0.01026	0.01026	0.03401	0.01997	0.71606	0.02753	0.02375	0.01727	0.00864	0.00702	0.00216	0.00594	0.00702	0.00864	0.01188
14	0.00997	0.00748	0.01121	0.01121	0.01246	0.00872	0.00872	0.01246	0.01121	0.01620	0.01869	0.02741	0.01745	0.05234	0.72710	0.01121	0.01869	0.00748	0.00374	0.00623
15	0.01718	0.14409	0.50354	0.01768	0.02656	0.01762	0.02137	0.05790	0.01614	0.09504	0.01388	0.01524	0.00990	0.00683	0.00636	0.00209	0.00928	0.00519	0.00376	0.01035
16	0.00893	0.00710	0.00801	0.00778	0.00984	0.00618	0.00584	0.01133	0.01751	0.02266	0.33648	0.06088	0.44023	0.01625	0.00824	0.00229	0.00343	0.01385	0.00698	0.00618
17	0.00850	0.00607	0.00810	0.00972	0.01012	0.00567	0.00648	0.00972	0.01336	0.01781	0.03846	0.75020	0.04615	0.02186	0.00891	0.00283	0.00405	0.01984	0.00648	0.00567
18	0.01664	0.01576	0.02465	0.30898	0.38251	0.04141	0.01978	0.06669	0.01646	0.02215	0.01302	0.01759	0.01036	0.00670	0.00692	0.00216	0.00879	0.00616	0.00357	0.00973
19	0.01944	0.68248	0.03480	0.01258	0.01830	0.10128	0.01210	0.02163	0.01477	0.01649	0.00982	0.01134	0.00896	0.00610	0.00467	0.00152	0.00800	0.00381	0.00305	0.00886
20	0.01608	0.18331	0.20412	0.01358	0.02076	0.01597	0.01400	0.06474	0.01571	0.02261	0.01213	0.01397	0.00974	0.00594	0.00552	0.00151	0.00719	0.00446	0.00376	0.36486
21	0.01518	0.02802	0.43183	0.02708	0.23077	0.01674	0.05990	0.02156	0.01490	0.02197	0.01257	0.01574	0.00961	0.00684	0.00787	0.00223	0.05805	0.00570	0.00314	0.01031
22	0.01771	0.01573	0.02434	0.18971	0.40073	0.01679	0.01871	0.14669	0.01856	0.02549	0.01485	0.05200	0.01248	0.00753	0.00703	0.00217	0.00820	0.00687	0.00419	0.01023
23	0.01318	0.01240	0.02093	0.73798	0.04806	0.01550	0.01938	0.01783	0.01395	0.01783	0.01240	0.01860	0.00930	0.00698	0.00698	0.00233	0.00930	0.00620	0.00310	0.00775
24	0.01753	0.01825	0.12008	0.05357	0.42304	0.01540	0.08966	0.02222	0.01600	0.08137	0.01500	0.01827	0.01164	0.00659	0.00688	0.00211	0.00842	0.00637	0.05716	0.01045
25	0.01759	0.02093	0.05905	0.15913	0.04760	0.25104	0.09502	0.02157	0.04589	0.01902	0.01972	0.06646	0.07845	0.00927	0.00820	0.00222	0.05914	0.00754	0.00402	0.00813
26	0.00997	0.00748	0.01121	0.01121	0.01246	0.00872	0.00872	0.01246	0.01121	0.01620	0.01869	0.02741	0.01745	0.05234	0.72710	0.01121	0.01869	0.00748	0.00374	0.00623
27	0.01866	0.75896	0.03657	0.01194	0.01791	0.02761	0.01194	0.02090	0.01418	0.01642	0.00970	0.01119	0.00896	0.00597	0.00448	0.00149	0.00746	0.00373	0.00299	0.00896
28	0.01481	0.07590	0.39349	0.09509	0.09446	0.03664	0.02031	0.02058	0.01517	0.04389	0.04772	0.08035	0.01528	0.00833	0.00682	0.00220	0.00887	0.00693	0.00375	0.00944
29	0.01387	0.01083	0.01212	0.01123	0.01329	0.01207	0.00811	0.05822	0.28382	0.02180	0.02373	0.03352	0.02181	0.31141	0.12885	0.00545	0.00815	0.00863	0.00544	0.00765

[dist]
# distance from previous block
# <min> <max>
5	28

[block]
# block no. 2 follows, 30 sequences, length 10
# corresponding to MSA columns:
# 272-281
name=unknown_C
#
# <colnr> <probs for GDERKNQSTAVLIFYWHMCP>
#	G	D	E	R	K	N	Q	S	T	A	V	L	I	F	Y	W	H	M	C	P
0	0.17198	0.11186	0.04352	0.01269	0.01685	0.09165	0.03433	0.09346	0.08953	0.03957	0.01599	0.02002	0.01346	0.09734	0.03372	0.00283	0.00757	0.00592	0.05899	0.03873
1	0.02102	0.15404	0.10472	0.01818	0.10247	0.05171	0.03554	0.16138	0.06025	0.13057	0.06101	0.01926	0.01553	0.00775	0.00653	0.00200	0.00765	0.00622	0.00533	0.02884
2	0.02088	0.04719	0.12624	0.05263	0.09638	0.05799	0.01524	0.20030	0.05378	0.13452	0.01976	0.05899	0.01610	0.00926	0.00710	0.00223	0.00785	0.05766	0.00564	0.01025
3	0.01026	0.00674	0.00821	0.00829	0.00846	0.00686	0.00506	0.01028	0.01032	0.01390	0.02137	0.07602	0.02406	0.55849	0.11319	0.09212	0.00793	0.00988	0.00415	0.00440
4	0.01925	0.10383	0.19993	0.02097	0.15310	0.13444	0.01708	0.05452	0.01733	0.10056	0.01820	0.02268	0.04129	0.00831	0.00675	0.00211	0.00880	0.05673	0.00441	0.00971
5	0.02262	0.10649	0.16597	0.04672	0.02438	0.26983	0.06741	0.02638	0.01768	0.16586	0.01488	0.01596	0.01084	0.00714	0.00649	0.00199	0.00996	0.00544	0.00443	0.00953
6	0.02093	0.00958	0.01269	0.01085	0.01436	0.00866	0.00854	0.02317	0.01687	0.39052	0.03441	0.11067	0.13687	0.04884	0.11590	0.00380	0.00727	0.00989	0.00713	0.00905
7	0.01036	0.00789	0.00987	0.00986	0.01123	0.00833	0.00715	0.01398	0.08645	0.01835	0.07127	0.12666	0.12963	0.17791	0.27228	0.00648	0.00990	0.01096	0.00518	0.00625
8	0.01916	0.25898	0.23656	0.04255	0.09780	0.11109	0.01748	0.04324	0.01628	0.07752	0.01283	0.01454	0.00994	0.00668	0.00599	0.00191	0.00901	0.00496	0.00369	0.00977
9	0.01130	0.00875	0.01127	0.01025	0.01188	0.00908	0.00746	0.01290	0.01139	0.01649	0.01799	0.03083	0.01841	0.30274	0.27687	0.00698	0.06761	0.00773	0.00394	0.15610

[dist]
# distance from previous block
# <min> <max>
1	4

[block]
# block no. 3 follows, 30 sequences, length 31
# corresponding to MSA columns:
# 286-316
name=unknown_D
#
# <colnr> <probs for GDERKNQSTAVLIFYWHMCP>
#	G	D	E	R	K	N	Q	S	T	A	V	L	I	F	Y	W	H	M	C	P
0	0.01439	0.01242	0.01721	0.09886	0.15807	0.01417	0.01259	0.04140	0.12460	0.02003	0.01799	0.02760	0.01690	0.23878	0.04472	0.00407	0.11623	0.00772	0.00431	0.00794
1	0.06424	0.04434	0.05161	0.04168	0.11784	0.03519	0.04169	0.09139	0.05436	0.06429	0.01446	0.01623	0.01124	0.00641	0.00603	0.00169	0.00691	0.00529	0.00459	0.32051
2	0.01468	0.02016	0.21811	0.15132	0.14033	0.01407	0.05888	0.01981	0.01480	0.02166	0.01266	0.01602	0.00986	0.00612	0.00638	0.00185	0.00828	0.00539	0.00346	0.25616
3	0.00909	0.00694	0.00794	0.00794	0.00948	0.00623	0.00562	0.01095	0.01580	0.02056	0.24965	0.12680	0.33144	0.14528	0.01305	0.00312	0.00408	0.01381	0.00645	0.00579
4	0.02029	0.11813	0.02366	0.02047	0.13969	0.09118	0.05171	0.16873	0.24062	0.02791	0.01820	0.01880	0.01403	0.00777	0.00667	0.00208	0.00778	0.00638	0.00534	0.01055
5	0.01589	0.01997	0.23967	0.01660	0.05629	0.01345	0.05705	0.10521	0.03852	0.07046	0.15094	0.02765	0.06381	0.03591	0.00818	0.00230	0.00735	0.00786	0.00525	0.05765
6	0.01806	0.07239	0.40752	0.05109	0.06863	0.01664	0.06071	0.08170	0.01714	0.11880	0.01491	0.01649	0.01053	0.00696	0.00671	0.00215	0.00923	0.00572	0.00415	0.01046
7	0.02002	0.67821	0.03437	0.01199	0.01790	0.02574	0.01176	0.02231	0.01481	0.09204	0.01163	0.01255	0.00985	0.00626	0.00475	0.00156	0.00730	0.00409	0.00360	0.00927
8	0.00825	0.00707	0.00707	0.00707	0.00943	0.00589	0.00530	0.01001	0.01591	0.01885	0.07069	0.06716	0.70839	0.01767	0.00825	0.00236	0.00353	0.01473	0.00648	0.00589
9	0.01479	0.26246	0.13614	0.01529	0.02042	0.04642	0.11597	0.01836	0.01519	0.01958	0.07674	0.17123	0.03890	0.01039	0.00680	0.00211	0.00763	0.00904	0.00429	0.00825
10	0.02115	0.18924	0.16823	0.01901	0.08275	0.11293	0.06075	0.14875	0.01940	0.09332	0.01411	0.01542	0.01060	0.00700	0.00634	0.00197	0.00897	0.00544	0.00445	0.01017
11	0.01005	0.00717	0.00966	0.00966	0.01037	0.00788	0.00678	0.01146	0.01075	0.01505	0.02011	0.03529	0.02086	0.35536	0.42876	0.00930	0.01355	0.00863	0.00395	0.00537
12	0.01856	0.01808	0.12508	0.17544	0.24768	0.01601	0.01823	0.13741	0.01855	0.08841	0.01539	0.01819	0.01147	0.00714	0.00678	0.00213	0.00818	0.00616	0.05090	0.01020
13	0.01756	0.04606	0.14721	0.07129	0.25421	0.01585	0.09430	0.06309	0.04107	0.08572	0.01728	0.05125	0.01433	0.00807	0.00717	0.00223	0.00846	0.04031	0.00442	0.01012
14	0.01684	0.01596	0.02072	0.09898	0.20020	0.07647	0.05868	0.06508	0.19639	0.02501	0.09073	0.02589	0.06070	0.00884	0.00722	0.00220	0.00744	0.00780	0.00521	0.00963
15	0.00997	0.00748	0.01121	0.01121	0.01246	0.00872	0.00872	0.01246	0.01121	0.01620	0.01869	0.02741	0.01745	0.05234	0.72710	0.01121	0.01869	0.00748	0.00374	0.00623
16	0.01391	0.01304	0.01962	0.17929	0.30599	0.04355	0.01558	0.01723	0.01532	0.02042	0.05778	0.17329	0.07421	0.01092	0.00748	0.00230	0.00720	0.00991	0.00445	0.00849
17	0.31649	0.05035	0.15524	0.01627	0.06215	0.18017	0.01419	0.04780	0.01531	0.02479	0.01096	0.01309	0.00866	0.00705	0.00659	0.00211	0.05172	0.00459	0.00381	0.00866
18	0.06604	0.01924	0.02040	0.01571	0.02123	0.02134	0.01297	0.65404	0.03175	0.04334	0.01640	0.01648	0.01165	0.00828	0.00685	0.00210	0.00756	0.00616	0.00685	0.01165
19	0.01915	0.06744	0.24651	0.02333	0.17420	0.05909	0.07116	0.07827	0.03788	0.11405	0.01591	0.03465	0.01209	0.00733	0.00682	0.00213	0.00888	0.00627	0.00442	0.01043
20	0.01914	0.30002	0.32079	0.01551	0.02321	0.01958	0.01754	0.04459	0.01601	0.14167	0.01422	0.01505	0.01045	0.00679	0.00591	0.00193	0.00841	0.00499	0.00408	0.01013
21	0.01400	0.03610	0.71860	0.01989	0.03020	0.01621	0.02578	0.02210	0.01473	0.02210	0.01252	0.01473	0.00884	0.00663	0.00663	0.00221	0.01031	0.00516	0.00295	0.01031
22	0.01496	0.07929	0.11384	0.02204	0.23652	0.01408	0.01483	0.05362	0.01537	0.02123	0.08695	0.02424	0.06715	0.01178	0.01150	0.15801	0.03513	0.00710	0.00409	0.00829
23	0.01511	0.12641	0.46880	0.02041	0.02896	0.01827	0.13815	0.02166	0.01471	0.02107	0.01223	0.01501	0.00918	0.00676	0.00762	0.00219	0.05502	0.00556	0.00306	0.00981
24	0.01866	0.75896	0.03657	0.01194	0.01791	0.02761	0.01194	0.02090	0.01418	0.01642	0.00970	0.01119	0.00896	0.00597	0.00448	0.00149	0.00746	0.00373	0.00299	0.00896
25	0.00856	0.00651	0.00788	0.00874	0.00992	0.00584	0.00610	0.01017	0.01487	0.01921	0.11826	0.45080	0.26861	0.01968	0.00862	0.00261	0.00380	0.01739	0.00660	0.00584
26	0.01169	0.00887	0.01107	0.01065	0.01273	0.00861	0.03545	0.10348	0.01724	0.02282	0.06257	0.33660	0.21374	0.01705	0.00822	0.00252	0.00479	0.05146	0.05360	0.00685
27	0.01833	0.35459	0.18637	0.01607	0.02254	0.09973	0.06918	0.07276	0.01636	0.02035	0.01189	0.01416	0.00980	0.00921	0.04894	0.00239	0.00971	0.00492	0.00344	0.00926
28	0.01002	0.00683	0.00816	0.00826	0.00847	0.00698	0.00502	0.01046	0.01050	0.01418	0.02249	0.08521	0.02546	0.60856	0.13464	0.00718	0.00834	0.01034	0.00429	0.00461
29	0.01049	0.00727	0.01019	0.01013	0.01149	0.00811	0.00782	0.01320	0.01273	0.01918	0.09386	0.02984	0.02275	0.04053	0.52378	0.00857	0.01434	0.00786	0.14154	0.00632
30	0.01918	0.05058	0.08475	0.02069	0.12878	0.32839	0.03722	0.02198	0.01677	0.01874	0.01736	0.11872	0.04042	0.00965	0.00792	0.00213	0.05680	0.00755	0.00396	0.00839

[dist]
# distance from previous block
# <min> <max>
0	13

[block]
# block no. 4 follows, 30 sequences, length 35
# corresponding to MSA columns:
# 330-353,357-367
name=unknown_E
#
# <colnr> <probs for GDERKNQSTAVLIFYWHMCP>
#	G	D	E	R	K	N	Q	S	T	A	V	L	I	F	Y	W	H	M	C	P
0	0.01544	0.01471	0.02502	0.35362	0.41474	0.01610	0.02051	0.01981	0.01502	0.02058	0.01280	0.01787	0.01027	0.00656	0.00694	0.00219	0.00874	0.00621	0.00330	0.00958
1	0.01178	0.00954	0.01115	0.01045	0.01067	0.03611	0.00716	0.01233	0.01068	0.01452	0.01870	0.03692	0.02087	0.52569	0.07915	0.00612	0.16011	0.00892	0.00393	0.00521
2	0.09153	0.35678	0.02722	0.05002	0.02097	0.29102	0.03381	0.02340	0.01616	0.01826	0.01039	0.01234	0.00891	0.00653	0.00539	0.00174	0.00945	0.00429	0.00336	0.00846
3	0.80405	0.01350	0.01026	0.00918	0.01350	0.01565	0.00756	0.02051	0.01188	0.03131	0.00972	0.01134	0.00756	0.00648	0.00432	0.00216	0.00540	0.00378	0.00432	0.00756
4	0.02116	0.51665	0.03109	0.01378	0.01913	0.19872	0.01243	0.08048	0.01717	0.01897	0.01058	0.01202	0.00922	0.00648	0.00514	0.00162	0.00874	0.00414	0.00348	0.00900
5	0.00944	0.00635	0.00768	0.00865	0.00963	0.00591	0.00599	0.01123	0.01426	0.02006	0.06893	0.47525	0.13654	0.01815	0.00797	0.00249	0.00378	0.01609	0.16567	0.00591
6	0.01832	0.01579	0.01938	0.02106	0.17976	0.01758	0.01375	0.12823	0.39423	0.02911	0.02380	0.02357	0.03938	0.00891	0.00764	0.00228	0.03282	0.00742	0.00607	0.01088
7	0.01708	0.18331	0.02310	0.01799	0.08851	0.14474	0.01345	0.01903	0.01403	0.01754	0.01460	0.12997	0.01511	0.01084	0.01200	0.00235	0.25713	0.00747	0.00372	0.00805
8	0.00887	0.00675	0.00747	0.00784	0.00905	0.00610	0.00525	0.00999	0.01361	0.01703	0.04881	0.21795	0.35320	0.23750	0.01650	0.00378	0.00461	0.01454	0.00581	0.00535
9	0.00899	0.00628	0.00795	0.00909	0.00938	0.00599	0.00581	0.00984	0.01241	0.01654	0.03357	0.54100	0.03998	0.23948	0.01681	0.00400	0.00486	0.01696	0.00581	0.00524
10	0.01425	0.06338	0.46324	0.01784	0.05406	0.01509	0.01979	0.06189	0.01517	0.02175	0.01576	0.06882	0.01397	0.11262	0.01076	0.00284	0.00900	0.00690	0.00365	0.00921
11	0.01196	0.00871	0.01179	0.01122	0.01264	0.00997	0.00860	0.07412	0.01312	0.01877	0.01841	0.02763	0.01727	0.12117	0.49052	0.04316	0.04436	0.00750	0.04263	0.00645
12	0.00835	0.00707	0.00721	0.00718	0.00949	0.00593	0.00538	0.01021	0.01614	0.01942	0.11015	0.06623	0.66858	0.01746	0.00825	0.00235	0.00352	0.01460	0.00655	0.00593
13	0.01447	0.01240	0.01447	0.01034	0.01654	0.00930	0.00827	0.01757	0.01447	0.02274	0.01240	0.01447	0.01034	0.00517	0.00517	0.00103	0.00517	0.00413	0.00413	0.79742
14	0.00938	0.00644	0.00784	0.00860	0.00879	0.00625	0.00528	0.00995	0.01165	0.01554	0.02970	0.37568	0.03511	0.41146	0.02305	0.00492	0.00549	0.01469	0.00528	0.00490
15	0.02619	0.01860	0.02008	0.01546	0.02087	0.02042	0.01275	0.62612	0.03138	0.07708	0.01756	0.01750	0.01240	0.00838	0.00689	0.00208	0.00740	0.00633	0.04088	0.01164
16	0.01564	0.29125	0.47786	0.01708	0.02586	0.02023	0.02090	0.02167	0.01454	0.02009	0.01153	0.01348	0.00888	0.00640	0.00587	0.00196	0.00931	0.00465	0.00296	0.00983
17	0.01986	0.01552	0.08837	0.01694	0.11794	0.01220	0.01278	0.04526	0.06632	0.21225	0.03674	0.01935	0.01451	0.00707	0.00635	0.00177	0.00640	0.00589	0.00554	0.28895
18	0.08267	0.22453	0.19007	0.01499	0.02164	0.02056	0.01515	0.22826	0.04035	0.07815	0.01438	0.01510	0.01068	0.00720	0.00601	0.00198	0.00788	0.00522	0.00484	0.01034
19	0.01807	0.57680	0.10582	0.01361	0.01937	0.02553	0.01380	0.04354	0.01450	0.01800	0.01018	0.01220	0.00907	0.00680	0.00680	0.00176	0.08775	0.00423	0.00313	0.00905
20	0.01071	0.00740	0.00904	0.00954	0.01094	0.00693	0.00675	0.05282	0.01526	0.04929	0.04328	0.47032	0.20376	0.01955	0.00944	0.04145	0.00433	0.01652	0.00643	0.00624
21	0.01831	0.29560	0.14574	0.01746	0.09728	0.06468	0.01508	0.08473	0.06583	0.02239	0.01296	0.01454	0.01050	0.00657	0.00573	0.00176	0.00797	0.00488	0.00388	0.10411
22	0.01253	0.01141	0.01897	0.59102	0.04086	0.01413	0.01722	0.01674	0.01340	0.01750	0.01367	0.02039	0.01095	0.01615	0.15259	0.00412	0.01120	0.00646	0.00323	0.00744
23	0.01003	0.00722	0.00993	0.00993	0.01073	0.00803	0.00712	0.01164	0.01083	0.01525	0.01987	0.03392	0.02027	0.30257	0.48073	0.00963	0.01444	0.00843	0.00391	0.00552
24	0.01031	0.00824	0.01148	0.01402	0.11782	0.00772	0.00861	0.01282	0.01650	0.02245	0.28341	0.26880	0.15927	0.01599	0.00824	0.00240	0.00434	0.01426	0.00645	0.00687
25	0.05230	0.19880	0.12436	0.12820	0.12462	0.10300	0.01650	0.10000	0.04887	0.02288	0.01282	0.01519	0.01015	0.00686	0.00613	0.00198	0.00871	0.00525	0.00385	0.00954
26	0.00934	0.00706	0.00807	0.00841	0.00981	0.00648	0.00608	0.01090	0.01441	0.01820	0.08930	0.11536	0.33015	0.21810	0.01591	0.00371	0.00488	0.11236	0.00593	0.00555
27	0.00981	0.00732	0.00903	0.00931	0.01053	0.00730	0.00660	0.03799	0.01369	0.01798	0.03784	0.25460	0.19683	0.15765	0.18542	0.00539	0.00806	0.01335	0.00544	0.00585
28	0.02052	0.12370	0.15600	0.08917	0.07912	0.18023	0.05944	0.14378	0.01937	0.04582	0.01313	0.01525	0.01003	0.00700	0.00650	0.00201	0.00967	0.00546	0.00410	0.00971
29	0.01993	0.23194	0.07360	0.02098	0.17173	0.07520	0.03467	0.14038	0.05309	0.05434	0.01522	0.05148	0.01277	0.00766	0.00631	0.00196	0.00807	0.00615	0.00448	0.01004
30	0.05255	0.01186	0.01380	0.01546	0.10502	0.07495	0.00999	0.05035	0.01610	0.12907	0.02806	0.38396	0.02962	0.03519	0.00854	0.00257	0.00599	0.01298	0.00602	0.00791
31	0.00918	0.00726	0.00796	0.00799	0.00975	0.00658	0.00571	0.01161	0.04455	0.01971	0.14949	0.13582	0.41409	0.12459	0.01224	0.00303	0.00411	0.01403	0.00635	0.00594
32	0.01745	0.06025	0.14940	0.06948	0.44089	0.04972	0.04368	0.02211	0.01584	0.04666	0.01324	0.01664	0.01057	0.00644	0.00675	0.00208	0.00889	0.00592	0.00352	0.01048
33	0.02032	0.20334	0.18555	0.01574	0.02219	0.04976	0.01552	0.24757	0.12272	0.02891	0.01555	0.01615	0.01175	0.00750	0.00628	0.00200	0.00811	0.00557	0.00495	0.01052
34	0.14260	0.06634	0.02656	0.03481	0.52429	0.01722	0.04714	0.02128	0.01516	0.02370	0.01239	0.01598	0.01034	0.00623	0.00639	0.00206	0.00792	0.00575	0.00356	0.01028

[dist]
# distance from previous block
# <min> <max>
0	12

[block]
# block no. 5 follows, 30 sequences, length 12
# corresponding to MSA columns:
# 380-391
name=unknown_F
#
# <colnr> <probs for GDERKNQSTAVLIFYWHMCP>
#	G	D	E	R	K	N	Q	S	T	A	V	L	I	F	Y	W	H	M	C	P
0	0.01599	0.06394	0.13081	0.20303	0.25620	0.01675	0.03873	0.06407	0.05439	0.02309	0.05483	0.01940	0.01400	0.00724	0.00687	0.00215	0.00841	0.00643	0.00394	0.00974
1	0.00875	0.00651	0.00815	0.00896	0.01004	0.00591	0.00625	0.01053	0.01529	0.02025	0.19096	0.45484	0.18939	0.01933	0.00862	0.00259	0.00378	0.01719	0.00674	0.00591
2	0.01579	0.02113	0.21676	0.02980	0.37977	0.01498	0.01992	0.02082	0.01528	0.02259	0.01281	0.01599	0.01029	0.00612	0.00647	0.00190	0.00821	0.00550	0.00345	0.17242
3	0.01962	0.01800	0.06666	0.10178	0.30168	0.01744	0.08066	0.20310	0.02042	0.05763	0.01469	0.01746	0.01117	0.00695	0.00700	0.00211	0.00848	0.00633	0.00460	0.03424
4	0.01831	0.01694	0.01852	0.06145	0.12198	0.08203	0.01338	0.06249	0.46595	0.02715	0.02308	0.02266	0.01754	0.00859	0.00699	0.00226	0.00689	0.00716	0.00601	0.01062
5	0.02120	0.06918	0.09135	0.02403	0.24389	0.05750	0.04459	0.07316	0.01796	0.18531	0.01629	0.01758	0.01199	0.00690	0.00659	0.00196	0.00792	0.00591	0.00492	0.09180
6	0.01725	0.15669	0.19746	0.06521	0.15394	0.05253	0.03622	0.02262	0.05886	0.07914	0.01808	0.05403	0.04255	0.00801	0.00658	0.00209	0.00824	0.00666	0.00417	0.00967
7	0.01000	0.00694	0.00871	0.00880	0.00919	0.00728	0.00569	0.01081	0.01065	0.01457	0.02194	0.08021	0.02419	0.50448	0.23949	0.00786	0.01015	0.00990	0.00421	0.00490
8	0.01604	0.14859	0.13308	0.05437	0.25680	0.01661	0.01660	0.02156	0.07431	0.04609	0.09623	0.02322	0.05127	0.00810	0.00667	0.00206	0.00739	0.00692	0.00440	0.00969
9	0.04587	0.10500	0.12972	0.16445	0.25939	0.01797	0.05102	0.06289	0.05627	0.02298	0.01354	0.01678	0.01064	0.00671	0.00658	0.00211	0.00855	0.00588	0.00372	0.00990
10	0.02186	0.01723	0.01831	0.01511	0.01986	0.01946	0.01213	0.35653	0.37184	0.03645	0.02269	0.02148	0.01667	0.00893	0.00704	0.00223	0.00658	0.00710	0.00704	0.01145
11	0.01410	0.01089	0.01256	0.01245	0.05419	0.01111	0.00868	0.17726	0.05931	0.02526	0.06105	0.18585	0.21717	0.10440	0.01123	0.00290	0.00543	0.01218	0.00623	0.00773

[dist]
# distance from previous block
# <min> <max>
0	2

[block]
# block no. 6 follows, 30 sequences, length 18
# corresponding to MSA columns:
# 394-411
name=unknown_G
#
# <colnr> <probs for GDERKNQSTAVLIFYWHMCP>
#	G	D	E	R	K	N	Q	S	T	A	V	L	I	F	Y	W	H	M	C	P
0	0.04256	0.05319	0.04829	0.10506	0.41235	0.08568	0.03979	0.08791	0.01753	0.02377	0.01294	0.01641	0.01047	0.00660	0.00670	0.00206	0.00879	0.00590	0.00377	0.01023
1	0.01943	0.04514	0.11213	0.04425	0.06574	0.10978	0.07973	0.15553	0.04351	0.05728	0.01508	0.04036	0.01225	0.01046	0.04000	0.00266	0.12609	0.00655	0.00452	0.00952
2	0.00902	0.00661	0.00831	0.00940	0.01031	0.00616	0.00666	0.01054	0.01405	0.01828	0.06283	0.44434	0.16520	0.09527	0.01157	0.00318	0.00452	0.10179	0.00628	0.00569
3	0.01772	0.09830	0.15149	0.10505	0.18307	0.16111	0.01811	0.02217	0.03741	0.01981	0.01295	0.01745	0.01089	0.00771	0.00828	0.00216	0.08693	0.02671	0.00347	0.00922
4	0.05797	0.05443	0.07733	0.04766	0.05800	0.13380	0.05487	0.12608	0.08310	0.14043	0.02047	0.02279	0.04512	0.00858	0.00687	0.00215	0.00821	0.03689	0.00545	0.00981
5	0.01244	0.01239	0.01877	0.01735	0.09001	0.04776	0.17572	0.01566	0.01650	0.02075	0.08605	0.04699	0.34334	0.01291	0.00809	0.00234	0.00670	0.05338	0.00536	0.00749
6	0.04510	0.01249	0.01774	0.04496	0.17468	0.01172	0.01240	0.04651	0.01847	0.38620	0.04713	0.02787	0.10481	0.00927	0.00711	0.00217	0.00625	0.00783	0.00679	0.01051
7	0.01675	0.02274	0.19289	0.09250	0.22989	0.10721	0.10547	0.02277	0.05973	0.02206	0.05001	0.01876	0.01355	0.00710	0.00702	0.00215	0.00943	0.00644	0.00378	0.00975
8	0.01766	0.01657	0.02751	0.07390	0.63664	0.01685	0.02081	0.06314	0.01686	0.02390	0.01332	0.01730	0.01102	0.00639	0.00692	0.00209	0.00830	0.00622	0.00366	0.01095
9	0.01058	0.00737	0.01082	0.01079	0.01160	0.00839	0.00807	0.01162	0.01081	0.01531	0.01825	0.07216	0.01811	0.07506	0.46621	0.18252	0.04510	0.00801	0.00375	0.00546
10	0.02069	0.01829	0.11188	0.02964	0.38080	0.01576	0.01837	0.09069	0.04987	0.16907	0.01711	0.01865	0.01262	0.00714	0.00691	0.00212	0.00787	0.00633	0.00498	0.01121
11	0.02001	0.01660	0.02216	0.14169	0.30130	0.09147	0.01662	0.06231	0.06739	0.13357	0.04581	0.02010	0.01465	0.00753	0.00694	0.00213	0.00809	0.00655	0.00488	0.01019
12	0.01598	0.01367	0.01979	0.11192	0.19347	0.01438	0.05515	0.15451	0.06255	0.02549	0.02518	0.17462	0.08073	0.01121	0.00756	0.00233	0.00703	0.01004	0.00526	0.00913
13	0.01375	0.00999	0.01352	0.05934	0.10428	0.01033	0.01071	0.01916	0.10490	0.05509	0.14409	0.04193	0.04800	0.03394	0.02813	0.00272	0.00591	0.15072	0.13559	0.00791
14	0.01737	0.02047	0.16528	0.03443	0.43301	0.01628	0.12168	0.02247	0.01600	0.06521	0.01404	0.01740	0.01093	0.00640	0.00706	0.00215	0.00907	0.00636	0.00368	0.01071
15	0.01594	0.01524	0.02625	0.15855	0.51477	0.01575	0.05004	0.02008	0.01530	0.02149	0.01412	0.04213	0.01216	0.00880	0.03757	0.00254	0.00892	0.00681	0.00351	0.01003
16	0.01740	0.16985	0.43648	0.01945	0.08681	0.01766	0.02075	0.02333	0.01540	0.10997	0.01396	0.01544	0.01014	0.00672	0.00629	0.00205	0.00903	0.00522	0.00373	0.01032
17	0.05341	0.02104	0.14084	0.12356	0.12727	0.08021	0.01685	0.23728	0.02139	0.05416	0.04657	0.01805	0.01313	0.00766	0.00679	0.00213	0.00853	0.00612	0.00489	0.01013

[dist]
# distance from previous block
# <min> <max>
1	20

[block]
# block no. 7 follows, 30 sequences, length 11
# corresponding to MSA columns:
# 432-442
name=unknown_H
#
# <colnr> <probs for GDERKNQSTAVLIFYWHMCP>
#	G	D	E	R	K	N	Q	S	T	A	V	L	I	F	Y	W	H	M	C	P
0	0.14958	0.19130	0.18033	0.01599	0.07383	0.01832	0.01463	0.12262	0.01733	0.05530	0.03428	0.04378	0.03932	0.00795	0.00602	0.00203	0.00741	0.00603	0.00447	0.00946
1	0.11009	0.09055	0.18862	0.01621	0.06003	0.10230	0.01488	0.05901	0.01661	0.09176	0.01649	0.04186	0.01398	0.00838	0.00641	0.00207	0.00805	0.06717	0.00454	0.08098
2	0.05888	0.30360	0.04642	0.01371	0.03886	0.12732	0.01168	0.08577	0.01752	0.02258	0.09660	0.01769	0.01638	0.00736	0.00568	0.00170	0.00747	0.00536	0.00427	0.11114
3	0.01140	0.00918	0.01354	0.01257	0.01454	0.00903	0.09077	0.01514	0.06805	0.02026	0.10471	0.14990	0.07574	0.18372	0.01481	0.00363	0.00624	0.18447	0.00577	0.00653
4	0.01940	0.19799	0.26761	0.01803	0.02529	0.09601	0.09952	0.10708	0.01798	0.06872	0.01340	0.01503	0.01003	0.00680	0.00636	0.00200	0.00945	0.00540	0.00398	0.00995
5	0.01987	0.27408	0.18372	0.01883	0.09711	0.04824	0.04279	0.15779	0.01886	0.05771	0.01320	0.01473	0.01021	0.00680	0.00607	0.00192	0.00853	0.00520	0.00415	0.01020
6	0.00850	0.00607	0.00810	0.00972	0.01012	0.00567	0.00648	0.00972	0.01336	0.01781	0.03846	0.75020	0.04615	0.02186	0.00891	0.00283	0.00405	0.01984	0.00648	0.00567
7	0.01595	0.00986	0.01186	0.01026	0.01333	0.00944	0.00803	0.09348	0.05813	0.15998	0.33824	0.04420	0.17303	0.01292	0.00780	0.00222	0.00446	0.01098	0.00752	0.00830
8	0.01539	0.00929	0.01371	0.11604	0.01891	0.00894	0.04675	0.01780	0.01561	0.19585	0.03453	0.33586	0.11267	0.01496	0.00803	0.00250	0.00565	0.01334	0.00638	0.00778
9	0.02255	0.01611	0.09737	0.01708	0.02291	0.01319	0.18335	0.05901	0.04978	0.31629	0.02144	0.02157	0.01466	0.00768	0.00703	0.00216	0.00763	0.00707	0.10274	0.01038
10	0.00851	0.00692	0.00725	0.00742	0.00928	0.00597	0.00530	0.01000	0.01493	0.01809	0.06125	0.13824	0.55324	0.10843	0.01166	0.00295	0.00399	0.01472	0.00620	0.00566

[dist]
# distance from previous block
# <min> <max>
6	18

[block]
# block no. 8 follows, 30 sequences, length 8
# corresponding to MSA columns:
# 473-480
name=unknown_I
#
# <colnr> <probs for GDERKNQSTAVLIFYWHMCP>
#	G	D	E	R	K	N	Q	S	T	A	V	L	I	F	Y	W	H	M	C	P
0	0.01360	0.01284	0.02170	0.66562	0.11710	0.01562	0.01959	0.01820	0.01416	0.01835	0.01248	0.01847	0.00948	0.00690	0.00697	0.00230	0.00920	0.00620	0.00314	0.00810
1	0.06745	0.01911	0.15883	0.01785	0.09220	0.07709	0.04654	0.04165	0.07084	0.14866	0.04414	0.02676	0.05880	0.03102	0.02789	0.00261	0.00809	0.04575	0.00527	0.00946
2	0.08428	0.05678	0.14711	0.01931	0.08296	0.08826	0.14240	0.03946	0.01664	0.06902	0.08068	0.08568	0.03928	0.00902	0.00705	0.00219	0.00833	0.00800	0.00463	0.00894
3	0.08041	0.11488	0.02006	0.06581	0.12223	0.12064	0.01258	0.06252	0.07552	0.12316	0.02360	0.02398	0.10858	0.00874	0.00652	0.00206	0.00739	0.00689	0.00514	0.00930
4	0.04629	0.00878	0.01022	0.00951	0.01158	0.00844	0.00687	0.05986	0.01529	0.13846	0.03473	0.14524	0.15992	0.26180	0.01706	0.00388	0.00559	0.04362	0.00604	0.00682
5	0.02302	0.05303	0.12844	0.04055	0.04523	0.23885	0.05570	0.16066	0.05341	0.11138	0.01547	0.01644	0.01134	0.00747	0.00670	0.00204	0.00960	0.00574	0.00493	0.01000
6	0.09514	0.10867	0.02318	0.16839	0.02705	0.09422	0.07860	0.20348	0.05380	0.06100	0.01452	0.01651	0.01086	0.00731	0.00648	0.00209	0.00850	0.00583	0.00482	0.00956
7	0.01022	0.00679	0.00842	0.00902	0.01010	0.00622	0.00616	0.01158	0.01416	0.06136	0.08585	0.42636	0.16105	0.13381	0.01277	0.00328	0.00445	0.01614	0.00634	0.00593

[dist]
# distance from previous block
# <min> <max>
0	226

# created by:
# /home/berkeley/.conda/envs/busco_data_prod/bin/msa2prfl.pl pipeline/OGs_align_augustus/5794/31573.fs
