[name]
unknown

[dist]
# distance from previous block
# <min> <max>
0	154

[block]
# block no. 0 follows, 26 sequences, length 22
# corresponding to MSA columns:
# 154-175
name=unknown_A
#
# <colnr> <probs for GDERKNQSTAVLIFYWHMCP>
#	G	D	E	R	K	N	Q	S	T	A	V	L	I	F	Y	W	H	M	C	P
0	0.02072	0.01462	0.01874	0.01591	0.02016	0.01556	0.06077	0.18231	0.15586	0.11414	0.02652	0.03535	0.02218	0.01746	0.09805	0.00384	0.00907	0.11997	0.03835	0.01043
1	0.01677	0.01544	0.02408	0.09588	0.38546	0.01476	0.01777	0.02076	0.01643	0.02385	0.01605	0.07165	0.01450	0.00779	0.00714	0.00202	0.00780	0.00723	0.00418	0.23045
2	0.01207	0.00897	0.01197	0.01160	0.01269	0.01006	0.00862	0.03968	0.01376	0.01925	0.07179	0.03978	0.02616	0.25518	0.33506	0.00849	0.05868	0.04489	0.00481	0.00649
3	0.00924	0.00660	0.00880	0.01056	0.01100	0.00616	0.00704	0.01056	0.01452	0.01936	0.04181	0.72848	0.05017	0.02376	0.00968	0.00308	0.00440	0.02156	0.00704	0.00616
4	0.02343	0.01856	0.01972	0.01636	0.02146	0.02100	0.01311	0.32465	0.38063	0.03910	0.02507	0.02368	0.01845	0.00975	0.00766	0.00244	0.00708	0.00778	0.00766	0.01242
5	0.01103	0.00735	0.00827	0.00827	0.00827	0.00735	0.00460	0.01103	0.01103	0.01471	0.02390	0.04964	0.02758	0.73343	0.03861	0.00735	0.00735	0.01103	0.00460	0.00460
6	0.02836	0.03539	0.02156	0.01943	0.02345	0.66816	0.01464	0.06260	0.02222	0.02006	0.01206	0.01391	0.00993	0.00788	0.00688	0.00197	0.01341	0.00498	0.00410	0.00900
7	0.01830	0.02195	0.15562	0.10897	0.31537	0.01813	0.10738	0.08218	0.01853	0.02612	0.01453	0.01845	0.01133	0.00705	0.00758	0.00230	0.00984	0.00674	0.00401	0.04563
8	0.02495	0.08488	0.09612	0.06597	0.11316	0.12690	0.01698	0.23671	0.02414	0.11321	0.01668	0.01790	0.01222	0.00810	0.00719	0.00221	0.00943	0.00624	0.00562	0.01140
9	0.01699	0.01430	0.01413	0.01266	0.01595	0.06582	0.00966	0.16984	0.12916	0.02852	0.06951	0.13363	0.21171	0.06077	0.01027	0.00282	0.00630	0.01210	0.00694	0.00892
10	0.01802	0.07289	0.25966	0.05865	0.15035	0.10845	0.01997	0.02335	0.01684	0.02295	0.01325	0.01612	0.01046	0.00684	0.00674	0.00200	0.00968	0.00545	0.00369	0.17463
11	0.01780	0.35139	0.18138	0.01549	0.02227	0.02259	0.01609	0.02176	0.01513	0.02059	0.01172	0.01427	0.01002	0.00735	0.00808	0.00192	0.09855	0.00482	0.00348	0.15531
12	0.02292	0.01470	0.01767	0.01681	0.07711	0.06449	0.01190	0.04788	0.07901	0.25497	0.02299	0.02810	0.01848	0.15088	0.05995	0.00402	0.08380	0.00799	0.00636	0.00997
13	0.01467	0.01291	0.04831	0.06729	0.05544	0.05133	0.01127	0.01792	0.03747	0.07142	0.14554	0.20274	0.06865	0.10000	0.01313	0.00319	0.05224	0.01248	0.00610	0.00790
14	0.01894	0.27924	0.02877	0.15726	0.13565	0.08157	0.01601	0.02500	0.11195	0.02192	0.04401	0.01925	0.01483	0.00781	0.00660	0.00210	0.00863	0.00618	0.00428	0.00999
15	0.00929	0.00681	0.00873	0.01012	0.01092	0.00625	0.00688	0.01082	0.01529	0.02014	0.08286	0.60234	0.13635	0.02268	0.00954	0.00297	0.00428	0.02037	0.00712	0.00625
16	0.02131	0.08236	0.05703	0.01988	0.11044	0.08749	0.05191	0.13329	0.06999	0.06601	0.01718	0.01881	0.01323	0.00760	0.00679	0.00198	0.00820	0.00620	0.06415	0.15616
17	0.01781	0.10647	0.36073	0.02281	0.09066	0.06301	0.08066	0.05193	0.05945	0.02486	0.04088	0.01859	0.01346	0.00765	0.00724	0.00230	0.01022	0.00637	0.00404	0.01085
18	0.01514	0.00912	0.01279	0.01489	0.09777	0.00864	0.00926	0.01660	0.01527	0.11737	0.03142	0.30062	0.05894	0.07196	0.01355	0.10680	0.00570	0.01335	0.07335	0.00748
19	0.01117	0.00762	0.00916	0.05004	0.01213	0.00749	0.00664	0.01311	0.01508	0.02127	0.12193	0.16894	0.12561	0.23283	0.01728	0.00393	0.00528	0.01295	0.15139	0.00616
20	0.06453	0.02987	0.34561	0.02290	0.11570	0.07463	0.02159	0.12607	0.07683	0.02868	0.01560	0.01739	0.01156	0.00775	0.00717	0.00234	0.00990	0.00606	0.00451	0.01128
21	0.02198	0.02423	0.21196	0.01798	0.02475	0.07372	0.04923	0.09803	0.18739	0.14768	0.04973	0.02289	0.01779	0.00895	0.00758	0.00239	0.00869	0.00731	0.00623	0.01147

[dist]
# distance from previous block
# <min> <max>
4	17

[block]
# block no. 1 follows, 26 sequences, length 19
# corresponding to MSA columns:
# 193-211
name=unknown_B
#
# <colnr> <probs for GDERKNQSTAVLIFYWHMCP>
#	G	D	E	R	K	N	Q	S	T	A	V	L	I	F	Y	W	H	M	C	P
0	0.02354	0.16181	0.12425	0.01676	0.02285	0.02190	0.01573	0.23749	0.08842	0.11290	0.01790	0.01849	0.01324	0.00889	0.00879	0.00231	0.08103	0.00636	0.00589	0.01147
1	0.01862	0.02428	0.19390	0.08374	0.14142	0.11597	0.04215	0.02661	0.12610	0.04696	0.04251	0.02537	0.01730	0.00907	0.00769	0.00243	0.00956	0.05100	0.00484	0.01047
2	0.01608	0.01408	0.01760	0.01523	0.08642	0.01149	0.01078	0.01949	0.01571	0.02444	0.01341	0.01608	0.01126	0.00607	0.00665	0.00133	0.03703	0.00482	0.00437	0.66767
3	0.00940	0.00672	0.00899	0.01075	0.01126	0.00630	0.00732	0.01084	0.01468	0.01954	0.04172	0.69357	0.04981	0.02361	0.00972	0.00310	0.00454	0.05488	0.00704	0.00621
4	0.01676	0.01378	0.01832	0.01383	0.01967	0.01155	0.07568	0.06882	0.01756	0.05255	0.01881	0.12008	0.01734	0.00875	0.00678	0.00169	0.00642	0.00773	0.00523	0.49866
5	0.00924	0.00660	0.00880	0.01056	0.01100	0.00616	0.00704	0.01056	0.01452	0.01936	0.04181	0.72848	0.05017	0.02376	0.00968	0.00308	0.00440	0.02156	0.00704	0.00616
6	0.01903	0.01863	0.05401	0.22289	0.22709	0.01892	0.15923	0.13707	0.02009	0.02729	0.01497	0.01934	0.01145	0.00735	0.00785	0.00240	0.01010	0.00720	0.00434	0.01076
7	0.01655	0.01935	0.08681	0.01670	0.01935	0.15166	0.01431	0.02028	0.04278	0.01923	0.01577	0.02180	0.01409	0.02907	0.29299	0.00651	0.19374	0.00687	0.00391	0.00824
8	0.01840	0.04979	0.11508	0.04879	0.18284	0.05714	0.01694	0.08184	0.17950	0.02839	0.12046	0.02595	0.02330	0.00931	0.00760	0.00234	0.00797	0.00789	0.00566	0.01082
9	0.01318	0.00659	0.00988	0.00988	0.00988	0.00659	0.00659	0.00988	0.00988	0.01318	0.01318	0.02306	0.01318	0.02635	0.02964	0.77931	0.00659	0.00659	0.00329	0.00329
10	0.01254	0.01046	0.01443	0.01440	0.06064	0.01151	0.01035	0.01568	0.01877	0.02683	0.45625	0.04571	0.08123	0.01456	0.01244	0.00259	0.16532	0.01174	0.00683	0.00772
11	0.00970	0.00764	0.00876	0.00864	0.01074	0.00669	0.00642	0.01225	0.01879	0.02443	0.31961	0.11244	0.39082	0.01803	0.00901	0.00253	0.00377	0.01547	0.00757	0.00669
12	0.01318	0.00659	0.00988	0.00988	0.00988	0.00659	0.00659	0.00988	0.00988	0.01318	0.01318	0.02306	0.01318	0.02635	0.02964	0.77931	0.00659	0.00659	0.00329	0.00329
13	0.01521	0.03923	0.69413	0.02162	0.03283	0.01762	0.02802	0.02402	0.01601	0.02402	0.01361	0.01601	0.00961	0.00721	0.00721	0.00240	0.01121	0.00560	0.00320	0.01121
14	0.01790	0.02046	0.04476	0.03197	0.03964	0.01918	0.65857	0.02430	0.01790	0.02430	0.01535	0.02046	0.01151	0.00639	0.00895	0.00256	0.01279	0.00895	0.00384	0.01023
15	0.01171	0.01043	0.01029	0.01017	0.01217	0.07794	0.00747	0.01420	0.01891	0.02410	0.30852	0.17818	0.25322	0.01737	0.00887	0.00252	0.00484	0.01494	0.00725	0.00691
16	0.02149	0.02090	0.07110	0.01908	0.02443	0.13907	0.15849	0.13936	0.02288	0.09723	0.17753	0.02781	0.02656	0.00970	0.00807	0.00232	0.00916	0.00862	0.00614	0.01006
17	0.01571	0.14497	0.02745	0.07435	0.18389	0.01671	0.13295	0.01952	0.01695	0.02240	0.07513	0.10122	0.08977	0.01096	0.00790	0.00239	0.00813	0.03553	0.00480	0.00927
18	0.14389	0.12988	0.19579	0.01632	0.02257	0.16475	0.01621	0.02525	0.01736	0.09168	0.01707	0.02355	0.01439	0.00905	0.00681	0.00231	0.00945	0.07931	0.00468	0.00967

[dist]
# distance from previous block
# <min> <max>
3	7

[block]
# block no. 2 follows, 26 sequences, length 117
# corresponding to MSA columns:
# 219-335
name=unknown_C
#
# <colnr> <probs for GDERKNQSTAVLIFYWHMCP>
#	G	D	E	R	K	N	Q	S	T	A	V	L	I	F	Y	W	H	M	C	P
0	0.02228	0.01960	0.02017	0.02193	0.16086	0.17470	0.01432	0.07605	0.12410	0.11640	0.07054	0.05296	0.04811	0.01038	0.00776	0.00235	0.00839	0.03245	0.00617	0.01048
1	0.02036	0.43913	0.13106	0.01611	0.02211	0.13316	0.01588	0.02356	0.01600	0.01891	0.01111	0.01350	0.00975	0.00761	0.00790	0.00199	0.09414	0.00472	0.00335	0.00963
2	0.01084	0.00813	0.01219	0.01219	0.01354	0.00948	0.00948	0.01354	0.01219	0.01761	0.02032	0.02980	0.01896	0.05689	0.70337	0.01219	0.02032	0.00813	0.00406	0.00677
3	0.02365	0.01959	0.02690	0.03244	0.36473	0.02069	0.01898	0.33251	0.02619	0.03595	0.01618	0.01850	0.01244	0.00790	0.00755	0.00226	0.00869	0.00679	0.00561	0.01244
4	0.02079	0.33762	0.12806	0.01603	0.02204	0.19906	0.04107	0.02433	0.01723	0.02044	0.01318	0.01537	0.01094	0.00721	0.00594	0.00188	0.00966	0.00506	0.09467	0.00941
5	0.02197	0.01947	0.01878	0.01653	0.01909	0.21578	0.01306	0.02413	0.01655	0.14815	0.01701	0.02144	0.01412	0.04355	0.16292	0.00477	0.20215	0.00678	0.00487	0.00889
6	0.01887	0.01629	0.01715	0.01544	0.01972	0.01887	0.01201	0.04031	0.67241	0.03173	0.03087	0.02830	0.02315	0.01029	0.00772	0.00257	0.00600	0.00858	0.00772	0.01201
7	0.01670	0.01591	0.02705	0.35742	0.39142	0.01748	0.02225	0.02147	0.01629	0.02227	0.01390	0.01945	0.01113	0.00714	0.00754	0.00238	0.00952	0.00675	0.00358	0.01035
8	0.01670	0.18061	0.10193	0.01287	0.02008	0.01551	0.01216	0.02050	0.01569	0.02308	0.01283	0.01496	0.01070	0.00600	0.00564	0.00139	0.00685	0.00453	0.00406	0.51393
9	0.00953	0.00682	0.00906	0.01036	0.01107	0.00635	0.00706	0.01129	0.01586	0.02150	0.16553	0.59867	0.05430	0.02217	0.00954	0.00295	0.00424	0.02005	0.00729	0.00635
10	0.02846	0.01218	0.01618	0.01281	0.01776	0.01091	0.01042	0.06530	0.02240	0.50666	0.17747	0.03242	0.03045	0.01076	0.00793	0.00235	0.00590	0.00897	0.00906	0.01160
11	0.02380	0.01656	0.02268	0.13957	0.18401	0.01759	0.01653	0.17059	0.11527	0.18352	0.02099	0.02187	0.01504	0.00853	0.00760	0.00237	0.00803	0.00723	0.00641	0.01182
12	0.01103	0.00735	0.00827	0.00827	0.00827	0.00735	0.00460	0.01103	0.01103	0.01471	0.02390	0.04964	0.02758	0.73343	0.03861	0.00735	0.00735	0.01103	0.00460	0.00460
13	0.02515	0.32272	0.02946	0.01617	0.02182	0.21156	0.01389	0.22404	0.02340	0.02740	0.01326	0.01447	0.01073	0.00767	0.00625	0.00192	0.00970	0.00515	0.00478	0.01047
14	0.02482	0.01925	0.02050	0.01664	0.02199	0.02165	0.01345	0.41081	0.29222	0.04133	0.02331	0.02228	0.01703	0.00958	0.00764	0.00240	0.00740	0.00753	0.00764	0.01254
15	0.01074	0.00775	0.01014	0.00954	0.01133	0.00716	0.00716	0.01431	0.02147	0.03042	0.68211	0.05666	0.07157	0.01551	0.00895	0.00239	0.00358	0.01372	0.00835	0.00716
16	0.01790	0.02046	0.04476	0.03197	0.03964	0.01918	0.65857	0.02430	0.01790	0.02430	0.01535	0.02046	0.01151	0.00639	0.00895	0.00256	0.01279	0.00895	0.00384	0.01023
17	0.02077	0.02234	0.16000	0.02933	0.22921	0.01813	0.14370	0.10179	0.07189	0.10050	0.01784	0.02002	0.01317	0.00762	0.00777	0.00238	0.00958	0.00720	0.00504	0.01171
18	0.01103	0.00735	0.00827	0.00827	0.00827	0.00735	0.00460	0.01103	0.01103	0.01471	0.02390	0.04964	0.02758	0.73343	0.03861	0.00735	0.00735	0.01103	0.00460	0.00460
19	0.01318	0.00659	0.00988	0.00988	0.00988	0.00659	0.00659	0.00988	0.00988	0.01318	0.01318	0.02306	0.01318	0.02635	0.02964	0.77931	0.00659	0.00659	0.00329	0.00329
20	0.01984	0.02479	0.10825	0.02269	0.02816	0.22451	0.26171	0.02330	0.01722	0.02037	0.01362	0.01837	0.01108	0.01078	0.01210	0.15245	0.01167	0.00686	0.00368	0.00857
21	0.00920	0.00676	0.00864	0.01015	0.01089	0.00620	0.00686	0.01061	0.01492	0.01952	0.04679	0.63522	0.14021	0.02312	0.00958	0.00301	0.00432	0.02077	0.00704	0.00620
22	0.01318	0.00659	0.00988	0.00988	0.00988	0.00659	0.00659	0.00988	0.00988	0.01318	0.01318	0.02306	0.01318	0.02635	0.02964	0.77931	0.00659	0.00659	0.00329	0.00329
23	0.02112	0.01992	0.01790	0.01556	0.01801	0.20575	0.01179	0.14075	0.01907	0.04886	0.01701	0.02650	0.01616	0.22984	0.02016	0.00394	0.14687	0.00756	0.00491	0.00835
24	0.01830	0.01859	0.02093	0.16464	0.02670	0.16503	0.05664	0.05079	0.01636	0.02077	0.01480	0.02163	0.01300	0.07558	0.05544	0.00352	0.17883	0.00695	0.06324	0.00827
25	0.00929	0.00747	0.00834	0.00896	0.01087	0.00652	0.00661	0.01117	0.01654	0.02035	0.06434	0.25502	0.45905	0.02060	0.00928	0.00278	0.00424	0.06516	0.00704	0.00638
26	0.01573	0.01348	0.01573	0.01123	0.01798	0.01011	0.00899	0.01910	0.01573	0.02472	0.01348	0.01573	0.01123	0.00562	0.00562	0.00112	0.00562	0.00449	0.00449	0.77980
27	0.01790	0.02046	0.04476	0.03197	0.03964	0.01918	0.65857	0.02430	0.01790	0.02430	0.01535	0.02046	0.01151	0.00639	0.00895	0.00256	0.01279	0.00895	0.00384	0.01023
28	0.01573	0.01348	0.01573	0.01123	0.01798	0.01011	0.00899	0.01910	0.01573	0.02472	0.01348	0.01573	0.01123	0.00562	0.00562	0.00112	0.00562	0.00449	0.00449	0.77980
29	0.02883	0.02125	0.02276	0.01745	0.02352	0.02352	0.01442	0.66082	0.03566	0.04780	0.01821	0.01821	0.01290	0.00911	0.00759	0.00228	0.00835	0.00683	0.00759	0.01290
30	0.01772	0.18341	0.46198	0.02006	0.02966	0.01993	0.07225	0.02461	0.01640	0.06636	0.01416	0.01619	0.01038	0.00714	0.00687	0.00225	0.01037	0.00567	0.00366	0.01093
31	0.00924	0.00660	0.00880	0.01056	0.01100	0.00616	0.00704	0.01056	0.01452	0.01936	0.04181	0.72848	0.05017	0.02376	0.00968	0.00308	0.00440	0.02156	0.00704	0.00616
32	0.01414	0.00981	0.01218	0.01224	0.01408	0.00999	0.00899	0.13489	0.01873	0.05042	0.03517	0.48743	0.03926	0.02288	0.06259	0.00362	0.00655	0.04225	0.00700	0.00777
33	0.08286	0.12250	0.04925	0.04592	0.09649	0.01844	0.01417	0.07839	0.18829	0.14717	0.02247	0.02529	0.01744	0.00929	0.00716	0.00237	0.00734	0.04781	0.00626	0.01110
34	0.16844	0.02055	0.02678	0.02116	0.02583	0.12162	0.21762	0.05539	0.08779	0.02611	0.01469	0.01790	0.01165	0.00856	0.01058	0.00256	0.14184	0.00684	0.00451	0.00959
35	0.06024	0.01900	0.02941	0.10646	0.48305	0.07063	0.07492	0.02347	0.01721	0.02423	0.01389	0.01832	0.01141	0.00690	0.00743	0.00229	0.00963	0.00665	0.00379	0.01106
36	0.01707	0.01522	0.02340	0.51678	0.09475	0.01833	0.01995	0.12044	0.01836	0.02420	0.01410	0.01960	0.01069	0.00806	0.00851	0.00251	0.04783	0.00675	0.00406	0.00940
37	0.01205	0.00887	0.01178	0.01320	0.01492	0.00894	0.01098	0.01645	0.06727	0.02268	0.04111	0.20304	0.06691	0.02060	0.01006	0.00331	0.00630	0.44729	0.00705	0.00719
38	0.07587	0.01218	0.01336	0.01171	0.01528	0.01260	0.00921	0.12422	0.12392	0.07823	0.18639	0.04330	0.20111	0.01546	0.04082	0.00290	0.00597	0.01095	0.00738	0.00913
39	0.01393	0.01295	0.02168	0.66100	0.04907	0.01603	0.01999	0.01870	0.01512	0.01938	0.01566	0.07470	0.01319	0.00883	0.00774	0.00257	0.00967	0.00788	0.00365	0.00825
40	0.01453	0.02432	0.30654	0.02221	0.07064	0.01483	0.16431	0.02039	0.01625	0.02309	0.05540	0.14321	0.02159	0.05622	0.01012	0.00286	0.00961	0.00994	0.00440	0.00954
41	0.02083	0.22580	0.02340	0.06708	0.02054	0.02023	0.01204	0.24426	0.02255	0.03091	0.01836	0.05701	0.01525	0.00895	0.00639	0.00203	0.00711	0.00686	0.18044	0.00995
42	0.02248	0.12401	0.12542	0.02445	0.18716	0.07533	0.01809	0.19248	0.07715	0.05709	0.01651	0.01798	0.01260	0.00789	0.00708	0.00220	0.00905	0.00627	0.00518	0.01159
43	0.02268	0.49470	0.03326	0.01508	0.02069	0.23460	0.01345	0.02574	0.04408	0.01863	0.01173	0.01329	0.01029	0.00705	0.00558	0.00176	0.00972	0.00449	0.00363	0.00954
44	0.78701	0.01467	0.01115	0.00997	0.01467	0.01702	0.00821	0.02230	0.01291	0.03403	0.01056	0.01232	0.00821	0.00704	0.00469	0.00235	0.00587	0.00411	0.00469	0.00821
45	0.01987	0.01804	0.07102	0.14569	0.02689	0.01836	0.01502	0.24182	0.19950	0.03278	0.02565	0.07103	0.05973	0.01059	0.00782	0.00248	0.00772	0.00873	0.00643	0.01085
46	0.01820	0.01943	0.11856	0.05039	0.12478	0.04134	0.08798	0.16457	0.02049	0.02776	0.05485	0.09132	0.02061	0.11132	0.01226	0.00311	0.00886	0.00915	0.00522	0.00978
47	0.01827	0.07201	0.02509	0.16588	0.02810	0.02155	0.05844	0.11784	0.01693	0.02379	0.01295	0.01798	0.01090	0.01029	0.01523	0.00275	0.33143	0.00666	0.03469	0.00922
48	0.01137	0.00986	0.05415	0.00991	0.01239	0.00773	0.00800	0.01424	0.01827	0.05090	0.32112	0.10828	0.23108	0.09469	0.01208	0.00303	0.00474	0.01390	0.00718	0.00708
49	0.01041	0.00774	0.00969	0.00920	0.01113	0.00702	0.00690	0.01368	0.02070	0.02859	0.57045	0.05967	0.18437	0.01619	0.00895	0.00242	0.00363	0.01414	0.00811	0.00702
50	0.02028	0.73799	0.03975	0.01298	0.01947	0.03001	0.01298	0.02271	0.01541	0.01785	0.01055	0.01217	0.00973	0.00649	0.00487	0.00162	0.00811	0.00406	0.00324	0.00973
51	0.08325	0.01302	0.01718	0.01327	0.01906	0.01153	0.01096	0.03601	0.02113	0.64840	0.02866	0.02493	0.01809	0.00923	0.00744	0.00235	0.00642	0.00740	0.00908	0.01260
52	0.00972	0.00729	0.00918	0.00975	0.01112	0.00675	0.00697	0.01192	0.01692	0.02259	0.22792	0.33716	0.19756	0.02296	0.06267	0.00347	0.00527	0.01706	0.00718	0.00654
53	0.01159	0.00853	0.01135	0.01275	0.01466	0.00828	0.01097	0.01478	0.01743	0.02227	0.04725	0.08313	0.16720	0.02062	0.01018	0.00331	0.00638	0.51544	0.00700	0.00687
54	0.00936	0.00745	0.00840	0.00869	0.01062	0.00649	0.00632	0.01146	0.01745	0.02211	0.18320	0.21898	0.42361	0.01955	0.00912	0.00265	0.00392	0.01684	0.00729	0.00649
55	0.01103	0.00735	0.00827	0.00827	0.00827	0.00735	0.00460	0.01103	0.01103	0.01471	0.02390	0.04964	0.02758	0.73343	0.03861	0.00735	0.00735	0.01103	0.00460	0.00460
56	0.01648	0.01568	0.02665	0.39088	0.35970	0.01742	0.02214	0.02127	0.01619	0.02200	0.01386	0.01952	0.01103	0.00718	0.00755	0.00239	0.00958	0.00675	0.00356	0.01017
57	0.01917	0.48332	0.24131	0.01589	0.02382	0.02583	0.01771	0.05737	0.01669	0.02136	0.01191	0.01368	0.00987	0.00685	0.00574	0.00190	0.00908	0.00468	0.00346	0.01036
58	0.56795	0.01946	0.01484	0.01481	0.06816	0.16173	0.01073	0.02406	0.01505	0.03006	0.01109	0.01310	0.00883	0.00718	0.00536	0.00226	0.00776	0.00448	0.00446	0.00863
59	0.00921	0.00769	0.00803	0.00795	0.01040	0.00651	0.00596	0.01137	0.01788	0.02189	0.16187	0.07070	0.59713	0.01869	0.00896	0.00254	0.00380	0.01569	0.00723	0.00651
60	0.01808	0.02482	0.20279	0.03059	0.13188	0.01891	0.36628	0.06569	0.01850	0.02584	0.01494	0.01896	0.01120	0.00683	0.00822	0.00246	0.01155	0.00766	0.00391	0.01091
61	0.01573	0.01348	0.01573	0.01123	0.01798	0.01011	0.00899	0.01910	0.01573	0.02472	0.01348	0.01573	0.01123	0.00562	0.00562	0.00112	0.00562	0.00449	0.00449	0.77980
62	0.01222	0.00873	0.01222	0.01397	0.01572	0.00873	0.01222	0.01572	0.01746	0.02270	0.04016	0.08556	0.04365	0.02095	0.01048	0.00349	0.00698	0.63506	0.00698	0.00698
63	0.01318	0.00659	0.00988	0.00988	0.00988	0.00659	0.00659	0.00988	0.00988	0.01318	0.01318	0.02306	0.01318	0.02635	0.02964	0.77931	0.00659	0.00659	0.00329	0.00329
64	0.01521	0.03923	0.69413	0.02162	0.03283	0.01762	0.02802	0.02402	0.01601	0.02402	0.01361	0.01601	0.00961	0.00721	0.00721	0.00240	0.01121	0.00560	0.00320	0.01121
65	0.02028	0.73799	0.03975	0.01298	0.01947	0.03001	0.01298	0.02271	0.01541	0.01785	0.01055	0.01217	0.00973	0.00649	0.00487	0.00162	0.00811	0.00406	0.00324	0.00973
66	0.01631	0.01616	0.07566	0.01257	0.01957	0.01168	0.01100	0.04418	0.04742	0.02584	0.01449	0.01644	0.01171	0.00611	0.00593	0.00135	0.00623	0.00487	0.00465	0.64784
67	0.01828	0.01057	0.01517	0.11659	0.02155	0.01077	0.01262	0.02145	0.01763	0.20624	0.03249	0.15314	0.03153	0.01592	0.00970	0.00297	0.03449	0.25317	0.00698	0.00876
68	0.02833	0.03615	0.02149	0.01954	0.02345	0.70298	0.01466	0.03029	0.02149	0.01856	0.01172	0.01368	0.00977	0.00782	0.00684	0.00195	0.01368	0.00489	0.00391	0.00879
69	0.02649	0.01598	0.02401	0.07866	0.21861	0.01570	0.05065	0.11497	0.02158	0.32216	0.02172	0.02201	0.01495	0.00828	0.00766	0.00234	0.00808	0.00727	0.00674	0.01216
70	0.12696	0.15832	0.10671	0.01444	0.01989	0.04723	0.01331	0.05388	0.21477	0.05146	0.01959	0.02036	0.01515	0.01093	0.04381	0.00275	0.00809	0.00632	0.05575	0.01027
71	0.78701	0.01467	0.01115	0.00997	0.01467	0.01702	0.00821	0.02230	0.01291	0.03403	0.01056	0.01232	0.00821	0.00704	0.00469	0.00235	0.00587	0.00411	0.00469	0.00821
72	0.78701	0.01467	0.01115	0.00997	0.01467	0.01702	0.00821	0.02230	0.01291	0.03403	0.01056	0.01232	0.00821	0.00704	0.00469	0.00235	0.00587	0.00411	0.00469	0.00821
73	0.01659	0.01659	0.02323	0.01991	0.01991	0.02323	0.01659	0.01825	0.01162	0.01825	0.00996	0.01659	0.00996	0.01328	0.02489	0.00332	0.71955	0.00664	0.00332	0.00830
74	0.01052	0.00751	0.00859	0.00881	0.00966	0.00716	0.00577	0.01152	0.01377	0.01782	0.07383	0.10260	0.18293	0.42807	0.02609	0.00540	0.00612	0.06269	0.00571	0.00544
75	0.01640	0.19323	0.41521	0.01885	0.02682	0.02087	0.02191	0.02231	0.01500	0.02136	0.01278	0.01660	0.01043	0.03769	0.01065	0.00257	0.11823	0.00563	0.00329	0.01016
76	0.01089	0.00790	0.01102	0.01102	0.01197	0.00884	0.00802	0.01279	0.01184	0.01674	0.02139	0.03574	0.02154	0.25945	0.50434	0.01074	0.01644	0.00900	0.00422	0.00612
77	0.01555	0.01474	0.02497	0.53050	0.22733	0.01718	0.02168	0.02046	0.01575	0.02087	0.01370	0.01982	0.01064	0.00736	0.00756	0.00245	0.00981	0.00675	0.00348	0.00942
78	0.01482	0.00834	0.01008	0.00962	0.01124	0.00771	0.00650	0.01593	0.01472	0.14723	0.03667	0.17612	0.13214	0.34912	0.02258	0.00484	0.00608	0.01313	0.00636	0.00678
79	0.01642	0.01221	0.01712	0.14699	0.10081	0.01310	0.01297	0.11823	0.04373	0.04519	0.08338	0.15332	0.02521	0.01521	0.01236	0.15263	0.00710	0.01018	0.00555	0.00830
80	0.01670	0.01420	0.02129	0.01597	0.02144	0.01272	0.13502	0.02024	0.01564	0.06650	0.01586	0.02060	0.01332	0.05375	0.07148	0.00299	0.06337	0.00643	0.00456	0.40792
81	0.08398	0.01530	0.01991	0.08400	0.10006	0.01619	0.03953	0.11689	0.09270	0.07867	0.01830	0.02295	0.01496	0.09206	0.01184	0.00284	0.05413	0.00706	0.00542	0.12320
82	0.02058	0.35628	0.06574	0.01812	0.02440	0.02450	0.13391	0.14573	0.01979	0.02546	0.01497	0.02003	0.01290	0.00823	0.00745	0.00215	0.03813	0.04693	0.00444	0.01027
83	0.01183	0.00934	0.01278	0.01166	0.01380	0.00901	0.05744	0.01586	0.06287	0.02440	0.28563	0.05614	0.13856	0.16699	0.01530	0.00361	0.00568	0.08520	0.00682	0.00706
84	0.10571	0.01669	0.02118	0.07175	0.02414	0.04407	0.10797	0.18341	0.02172	0.03138	0.09235	0.02384	0.04469	0.00868	0.00723	0.00211	0.00780	0.00740	0.00563	0.17225
85	0.01930	0.01359	0.02084	0.01743	0.06435	0.01212	0.11018	0.02297	0.01675	0.17148	0.01892	0.02186	0.01464	0.01746	0.15382	0.00402	0.01023	0.00679	0.00534	0.27791
86	0.36035	0.01357	0.01311	0.01167	0.01556	0.01485	0.00915	0.12166	0.05293	0.08302	0.02306	0.15216	0.04236	0.04546	0.00821	0.00273	0.00604	0.00903	0.00619	0.00890
87	0.01655	0.02167	0.16087	0.02429	0.03120	0.01725	0.33950	0.02560	0.13532	0.02549	0.05124	0.07717	0.01904	0.00902	0.00845	0.00256	0.01018	0.00943	0.00487	0.01028
88	0.00959	0.00749	0.00873	0.00906	0.01091	0.00663	0.00666	0.01184	0.01767	0.02274	0.21489	0.22155	0.36099	0.01943	0.00919	0.00268	0.00404	0.04200	0.00736	0.00655
89	0.02028	0.73799	0.03975	0.01298	0.01947	0.03001	0.01298	0.02271	0.01541	0.01785	0.01055	0.01217	0.00973	0.00649	0.00487	0.00162	0.00811	0.00406	0.00324	0.00973
90	0.01592	0.03480	0.56332	0.02042	0.03030	0.01786	0.02493	0.02717	0.14285	0.02551	0.01695	0.01839	0.01223	0.00780	0.00731	0.00244	0.01020	0.00618	0.00408	0.01136
91	0.01117	0.00798	0.01088	0.01122	0.01220	0.00862	0.00838	0.01312	0.01282	0.01762	0.02535	0.04722	0.02662	0.27649	0.34688	0.00889	0.01340	0.13024	0.00481	0.00608
92	0.01318	0.00659	0.00988	0.00988	0.00988	0.00659	0.00659	0.00988	0.00988	0.01318	0.01318	0.02306	0.01318	0.02635	0.02964	0.77931	0.00659	0.00659	0.00329	0.00329
93	0.02833	0.03615	0.02149	0.01954	0.02345	0.70298	0.01466	0.03029	0.02149	0.01856	0.01172	0.01368	0.00977	0.00782	0.00684	0.00195	0.01368	0.00489	0.00391	0.00879
94	0.02833	0.03615	0.02149	0.01954	0.02345	0.70298	0.01466	0.03029	0.02149	0.01856	0.01172	0.01368	0.00977	0.00782	0.00684	0.00195	0.01368	0.00489	0.00391	0.00879
95	0.00914	0.00699	0.00840	0.00953	0.01073	0.00625	0.00658	0.01068	0.01551	0.01977	0.05434	0.49396	0.27660	0.02213	0.00942	0.00289	0.00420	0.01958	0.00704	0.00625
96	0.01108	0.00840	0.01029	0.00971	0.01181	0.00794	0.00731	0.01578	0.07088	0.02897	0.53751	0.05703	0.16332	0.01568	0.00885	0.00243	0.00381	0.01368	0.00810	0.00741
97	0.00924	0.00660	0.00880	0.01056	0.01100	0.00616	0.00704	0.01056	0.01452	0.01936	0.04181	0.72848	0.05017	0.02376	0.00968	0.00308	0.00440	0.02156	0.00704	0.00616
98	0.40259	0.01411	0.01465	0.01193	0.01723	0.01452	0.00984	0.05494	0.01796	0.34349	0.01997	0.01890	0.01337	0.00823	0.00619	0.00234	0.00624	0.00587	0.00702	0.01061
99	0.00934	0.00700	0.00867	0.00972	0.01085	0.00633	0.00673	0.01106	0.01600	0.02088	0.12230	0.48861	0.21153	0.02170	0.00942	0.00287	0.00417	0.01929	0.00719	0.00633
100	0.00939	0.00770	0.00828	0.00813	0.01051	0.00659	0.00610	0.01172	0.01830	0.02290	0.22346	0.06904	0.53492	0.01831	0.00896	0.00252	0.00378	0.01545	0.00736	0.00659
101	0.78701	0.01467	0.01115	0.00997	0.01467	0.01702	0.00821	0.02230	0.01291	0.03403	0.01056	0.01232	0.00821	0.00704	0.00469	0.00235	0.00587	0.00411	0.00469	0.00821
102	0.32493	0.06149	0.01484	0.01127	0.01560	0.01673	0.00929	0.18447	0.01974	0.03488	0.01652	0.01832	0.01268	0.00804	0.00562	0.00212	0.00599	0.00564	0.22264	0.00919
103	0.02350	0.05255	0.02079	0.01624	0.02145	0.02152	0.01316	0.32376	0.34975	0.03844	0.02411	0.02292	0.01782	0.00957	0.00752	0.00239	0.00718	0.00756	0.00745	0.01231
104	0.00976	0.00728	0.00914	0.00998	0.01130	0.00665	0.00722	0.01191	0.01694	0.02237	0.19280	0.37811	0.19538	0.02066	0.00942	0.00284	0.00431	0.07007	0.00733	0.00651
105	0.01775	0.02450	0.24293	0.02552	0.21490	0.04369	0.01990	0.07152	0.01827	0.02627	0.04141	0.01848	0.01346	0.00723	0.00702	0.00204	0.00888	0.00608	0.00423	0.18593
106	0.16090	0.01540	0.01681	0.01500	0.01673	0.06688	0.01192	0.04483	0.03965	0.02343	0.01685	0.09704	0.01660	0.06768	0.01657	0.00315	0.29947	0.00811	0.05494	0.00805
107	0.21713	0.01473	0.01577	0.01318	0.01755	0.01618	0.01071	0.23895	0.02176	0.11247	0.01860	0.02083	0.01419	0.01867	0.15339	0.00435	0.00965	0.00652	0.06539	0.00997
108	0.02314	0.25336	0.10287	0.01939	0.07404	0.19810	0.01632	0.14793	0.02091	0.02505	0.01293	0.01486	0.01053	0.00775	0.00730	0.00205	0.04350	0.00530	0.00429	0.01038
109	0.01071	0.00858	0.01138	0.01179	0.01266	0.00935	0.00873	0.01241	0.01415	0.01907	0.03852	0.36730	0.13523	0.05349	0.11668	0.00458	0.11199	0.04085	0.00595	0.00658
110	0.00924	0.00769	0.00806	0.00797	0.01041	0.00652	0.00598	0.01141	0.01793	0.02201	0.16938	0.07050	0.58955	0.01864	0.00896	0.00253	0.00380	0.01566	0.00724	0.00652
111	0.02288	0.02472	0.01899	0.01718	0.02130	0.30916	0.01313	0.03605	0.39621	0.02614	0.02275	0.02210	0.01748	0.00924	0.00735	0.00231	0.00926	0.00701	0.00610	0.01064
112	0.78701	0.01467	0.01115	0.00997	0.01467	0.01702	0.00821	0.02230	0.01291	0.03403	0.01056	0.01232	0.00821	0.00704	0.00469	0.00235	0.00587	0.00411	0.00469	0.00821
113	0.00974	0.00763	0.00882	0.00870	0.01077	0.00671	0.00646	0.01233	0.01887	0.02466	0.33359	0.11641	0.37226	0.01797	0.00901	0.00253	0.00377	0.01545	0.00760	0.00671
114	0.01432	0.01348	0.02275	0.71520	0.05224	0.01685	0.02107	0.01938	0.01517	0.01938	0.01348	0.02022	0.01011	0.00758	0.00758	0.00253	0.01011	0.00674	0.00337	0.00843
115	0.00944	0.00674	0.00902	0.01078	0.01131	0.00633	0.00738	0.01090	0.01471	0.01958	0.04170	0.68645	0.04974	0.02358	0.00973	0.00311	0.00457	0.06167	0.00704	0.00621
116	0.01074	0.00775	0.01014	0.00954	0.01133	0.00716	0.00716	0.01431	0.02147	0.03042	0.68211	0.05666	0.07157	0.01551	0.00895	0.00239	0.00358	0.01372	0.00835	0.00716

[dist]
# distance from previous block
# <min> <max>
4	29

[block]
# block no. 3 follows, 26 sequences, length 16
# corresponding to MSA columns:
# 365-380
name=unknown_D
#
# <colnr> <probs for GDERKNQSTAVLIFYWHMCP>
#	G	D	E	R	K	N	Q	S	T	A	V	L	I	F	Y	W	H	M	C	P
0	0.38633	0.01531	0.01424	0.01239	0.01689	0.01734	0.00995	0.12255	0.18778	0.03467	0.06536	0.02305	0.04713	0.00931	0.00639	0.00241	0.00603	0.00686	0.00627	0.00975
1	0.01723	0.01700	0.02329	0.49468	0.12191	0.09369	0.01989	0.04820	0.04978	0.02171	0.01444	0.01964	0.01107	0.00771	0.00750	0.00242	0.01010	0.00663	0.00386	0.00926
2	0.01649	0.01607	0.02024	0.02194	0.15154	0.08689	0.01440	0.01845	0.01368	0.01873	0.01506	0.02546	0.01516	0.18234	0.07577	0.00460	0.28363	0.00762	0.00382	0.00812
3	0.40082	0.01510	0.01438	0.01143	0.01707	0.01532	0.00932	0.10564	0.01697	0.03240	0.01266	0.01436	0.00995	0.00679	0.00542	0.00188	0.00610	0.00461	0.00500	0.29478
4	0.01588	0.01447	0.01226	0.01166	0.01367	0.17576	0.00861	0.01848	0.01722	0.02290	0.16237	0.03368	0.02922	0.10497	0.13317	0.00445	0.00940	0.00863	0.19605	0.00716
5	0.00940	0.00749	0.00843	0.00864	0.01063	0.00652	0.00631	0.01156	0.01765	0.02241	0.20026	0.19690	0.42844	0.01930	0.00910	0.00262	0.00389	0.01660	0.00732	0.00652
6	0.01432	0.01348	0.02275	0.71520	0.05224	0.01685	0.02107	0.01938	0.01517	0.01938	0.01348	0.02022	0.01011	0.00758	0.00758	0.00253	0.01011	0.00674	0.00337	0.00843
7	0.00931	0.00769	0.00820	0.00836	0.01069	0.00658	0.00631	0.01141	0.01747	0.02133	0.12046	0.11076	0.56149	0.01928	0.00909	0.00263	0.00403	0.05129	0.00714	0.00648
8	0.01521	0.03923	0.69413	0.02162	0.03283	0.01762	0.02802	0.02402	0.01601	0.02402	0.01361	0.01601	0.00961	0.00721	0.00721	0.00240	0.01121	0.00560	0.00320	0.01121
9	0.00998	0.00772	0.00910	0.00875	0.01087	0.00684	0.00657	0.01286	0.01970	0.02620	0.42519	0.06359	0.33113	0.01708	0.00895	0.00246	0.00369	0.01469	0.00780	0.00684
10	0.01318	0.00659	0.00988	0.00988	0.00988	0.00659	0.00659	0.00988	0.00988	0.01318	0.01318	0.02306	0.01318	0.02635	0.02964	0.77931	0.00659	0.00659	0.00329	0.00329
11	0.01360	0.00830	0.01092	0.01045	0.01167	0.00865	0.00731	0.01503	0.01273	0.09386	0.02316	0.03893	0.02310	0.37838	0.30192	0.00872	0.01245	0.00947	0.00493	0.00643
12	0.02156	0.01919	0.02506	0.09469	0.11609	0.05407	0.10182	0.20964	0.21597	0.03245	0.02023	0.02155	0.01518	0.00856	0.00776	0.00241	0.00879	0.00751	0.00599	0.01149
13	0.02221	0.16598	0.02736	0.02616	0.24649	0.13934	0.01653	0.05493	0.13389	0.06958	0.01722	0.01868	0.01362	0.00778	0.00691	0.00214	0.00891	0.00627	0.00492	0.01109
14	0.01061	0.00709	0.00836	0.00899	0.00999	0.00670	0.00607	0.01237	0.01511	0.02128	0.10214	0.31265	0.12428	0.16288	0.01455	0.00357	0.00469	0.01530	0.14723	0.00614
15	0.18600	0.10065	0.05437	0.01364	0.01957	0.01846	0.01189	0.19487	0.07204	0.03289	0.04181	0.01788	0.01411	0.00781	0.00624	0.00199	0.00693	0.00573	0.00557	0.18754

[dist]
# distance from previous block
# <min> <max>
2	3

[block]
# block no. 4 follows, 26 sequences, length 32
# corresponding to MSA columns:
# 385-411,415-419
name=unknown_E
#
# <colnr> <probs for GDERKNQSTAVLIFYWHMCP>
#	G	D	E	R	K	N	Q	S	T	A	V	L	I	F	Y	W	H	M	C	P
0	0.02018	0.23216	0.02209	0.01267	0.01711	0.01687	0.01092	0.07866	0.04756	0.15721	0.18762	0.06568	0.03220	0.01157	0.00742	0.00226	0.00633	0.05503	0.00675	0.00972
1	0.01619	0.01396	0.02300	0.14985	0.02799	0.01437	0.15016	0.01993	0.01607	0.07397	0.05057	0.13514	0.02059	0.01085	0.01024	0.00246	0.10316	0.00958	0.00496	0.14697
2	0.02234	0.11521	0.08436	0.01892	0.02433	0.23224	0.07936	0.08528	0.18804	0.02545	0.01753	0.01863	0.01364	0.00839	0.00775	0.00225	0.03440	0.00643	0.00504	0.01043
3	0.05059	0.01985	0.09890	0.02411	0.08583	0.01835	0.21165	0.06605	0.07525	0.13611	0.01801	0.02038	0.01329	0.00857	0.01046	0.00257	0.11643	0.00749	0.00521	0.01088
4	0.00940	0.00667	0.00876	0.01036	0.01076	0.00626	0.00683	0.01060	0.01422	0.01896	0.04025	0.66935	0.04820	0.08558	0.01220	0.00345	0.00466	0.02065	0.00683	0.00602
5	0.01592	0.00988	0.01377	0.11812	0.02043	0.01003	0.01164	0.01969	0.04203	0.13910	0.03506	0.20148	0.05843	0.01649	0.00896	0.00290	0.00647	0.21846	0.04291	0.00823
6	0.01921	0.01834	0.03150	0.07353	0.53056	0.01851	0.09853	0.07032	0.01861	0.02617	0.01465	0.01900	0.01193	0.00693	0.00769	0.00230	0.00946	0.00703	0.00403	0.01170
7	0.08739	0.23184	0.27543	0.01707	0.02504	0.02262	0.01851	0.18711	0.02062	0.02924	0.01365	0.01516	0.01037	0.00748	0.00642	0.00214	0.00912	0.00535	0.00447	0.01096
8	0.00924	0.00743	0.00824	0.00859	0.01056	0.00644	0.00623	0.01122	0.01713	0.02141	0.14101	0.22736	0.45884	0.01985	0.00913	0.00266	0.00394	0.01706	0.00720	0.00644
9	0.21628	0.10978	0.26782	0.01591	0.02292	0.10363	0.01691	0.05349	0.01674	0.02668	0.01342	0.01550	0.01030	0.00739	0.00610	0.00218	0.00898	0.00514	0.07116	0.00969
10	0.01766	0.02001	0.12360	0.06162	0.18820	0.03746	0.04774	0.04556	0.23644	0.02681	0.04559	0.02379	0.01799	0.01216	0.05905	0.00314	0.00932	0.00761	0.00529	0.01097
11	0.01408	0.00923	0.01068	0.01033	0.01182	0.01037	0.00788	0.01851	0.07221	0.02554	0.02599	0.14709	0.02363	0.01220	0.00921	0.00230	0.11161	0.00963	0.46015	0.00753
12	0.01188	0.00853	0.01154	0.01300	0.01466	0.00844	0.01107	0.01495	0.01688	0.02183	0.04144	0.08147	0.08947	0.08355	0.01284	0.00376	0.00678	0.53439	0.00678	0.00673
13	0.02954	0.01443	0.01750	0.01367	0.01898	0.01410	0.01121	0.21370	0.02485	0.40630	0.02577	0.02400	0.01718	0.00922	0.00727	0.00224	0.00656	0.00731	0.12413	0.01203
14	0.02139	0.01838	0.02045	0.25255	0.03152	0.12063	0.01567	0.14847	0.12476	0.08507	0.01882	0.02133	0.01407	0.01214	0.05890	0.00310	0.01009	0.00695	0.00553	0.01018
15	0.01579	0.01468	0.02457	0.24230	0.37842	0.01563	0.01981	0.01991	0.01616	0.02222	0.01877	0.14142	0.01801	0.00994	0.00791	0.00248	0.00855	0.00930	0.00420	0.00992
16	0.00914	0.00699	0.00840	0.00952	0.01073	0.00625	0.00658	0.01068	0.01552	0.01977	0.05449	0.49112	0.27934	0.02211	0.00942	0.00289	0.00420	0.01955	0.00704	0.00625
17	0.01905	0.64416	0.03594	0.01254	0.01842	0.02708	0.01223	0.02163	0.01619	0.01946	0.09684	0.01788	0.01768	0.00765	0.00539	0.00172	0.00753	0.00530	0.00390	0.00940
18	0.68958	0.01551	0.01264	0.01094	0.01581	0.01785	0.00901	0.10435	0.01583	0.03580	0.01154	0.01308	0.00882	0.00731	0.00507	0.00234	0.00619	0.00446	0.00507	0.00882
19	0.02378	0.01826	0.01942	0.01569	0.02086	0.02015	0.01270	0.42135	0.19334	0.04025	0.02893	0.02779	0.10159	0.01070	0.00780	0.00239	0.00718	0.00845	0.00755	0.01184
20	0.01688	0.01466	0.01550	0.01321	0.01646	0.06471	0.01050	0.16311	0.02157	0.02830	0.15033	0.04061	0.22300	0.01353	0.01064	0.00243	0.11335	0.01045	0.00642	0.06434
21	0.34611	0.01183	0.01132	0.01007	0.01361	0.01276	0.00801	0.06713	0.01791	0.06385	0.20180	0.02850	0.02866	0.00997	0.00634	0.00225	0.00504	0.00766	0.13888	0.00829
22	0.01638	0.03713	0.03726	0.01695	0.09707	0.05981	0.01186	0.05150	0.13351	0.04094	0.06441	0.03433	0.07974	0.11051	0.11630	0.00444	0.00923	0.02703	0.00559	0.04600
23	0.01664	0.01252	0.01432	0.01182	0.01622	0.01148	0.00921	0.15342	0.02062	0.05618	0.07048	0.15817	0.13960	0.01275	0.00764	0.00210	0.00559	0.01076	0.00649	0.26399
24	0.01741	0.01448	0.01663	0.01203	0.01869	0.01183	0.00969	0.10156	0.01829	0.02768	0.01409	0.01605	0.01145	0.00607	0.00587	0.00127	0.00597	0.00479	0.00489	0.68125
25	0.01661	0.01578	0.02416	0.27839	0.19762	0.01906	0.01929	0.02275	0.09923	0.02202	0.01500	0.01996	0.01222	0.00920	0.01207	0.00267	0.19327	0.00695	0.00401	0.00975
26	0.28925	0.01284	0.01315	0.01170	0.01534	0.01399	0.00912	0.07038	0.10081	0.11198	0.06197	0.07408	0.02154	0.08882	0.07063	0.00380	0.00731	0.00818	0.00620	0.00893
27	0.01962	0.29934	0.21049	0.02367	0.17309	0.11048	0.01953	0.02416	0.01677	0.02115	0.01235	0.01487	0.01022	0.00691	0.00634	0.00202	0.00986	0.00518	0.00343	0.01052
28	0.01596	0.01701	0.07453	0.01742	0.10235	0.12336	0.01249	0.05755	0.01896	0.02425	0.18016	0.12402	0.10445	0.01444	0.01010	0.07080	0.00728	0.01089	0.00578	0.00820
29	0.01634	0.01825	0.11105	0.03508	0.45049	0.01542	0.02003	0.02056	0.01618	0.02305	0.01877	0.11738	0.01826	0.07360	0.01052	0.00284	0.00852	0.00900	0.00420	0.01046
30	0.08951	0.01686	0.01744	0.07515	0.02114	0.07110	0.01198	0.30065	0.02385	0.03221	0.02326	0.02539	0.09815	0.01301	0.01131	0.13852	0.00782	0.00756	0.00585	0.00925
31	0.01630	0.01619	0.02317	0.10926	0.02407	0.02241	0.01717	0.01840	0.01207	0.01840	0.01041	0.01706	0.00998	0.01254	0.02267	0.00322	0.62839	0.00665	0.00333	0.00831

[dist]
# distance from previous block
# <min> <max>
0	8

# created by:
# /home/berkeley/.conda/envs/busco_data_prod/bin/msa2prfl.pl pipeline/OGs_align_augustus/5794/31598.fs
