[name]
unknown

[dist]
# distance from previous block
# <min> <max>
0	7

[block]
# block no. 0 follows, 28 sequences, length 19
# corresponding to MSA columns:
# 7-25
name=unknown_A
#
# <colnr> <probs for GDERKNQSTAVLIFYWHMCP>
#	G	D	E	R	K	N	Q	S	T	A	V	L	I	F	Y	W	H	M	C	P
0	0.02055	0.15052	0.03992	0.01539	0.05061	0.06853	0.01260	0.06954	0.10929	0.15081	0.04744	0.03342	0.02194	0.01070	0.00731	0.00231	0.00729	0.14099	0.00610	0.03472
1	0.07516	0.01355	0.01339	0.01263	0.01542	0.09797	0.00966	0.09571	0.05846	0.07119	0.08759	0.27038	0.03242	0.01475	0.00797	0.00251	0.00630	0.07254	0.00648	0.03592
2	0.01590	0.01416	0.01917	0.02038	0.21099	0.01184	0.01250	0.01944	0.01549	0.02370	0.01313	0.01590	0.01098	0.00569	0.00590	0.00138	0.00631	0.00492	0.00411	0.56808
3	0.01617	0.01237	0.01943	0.27969	0.18526	0.01310	0.01568	0.02008	0.01707	0.11428	0.13556	0.03075	0.09070	0.00972	0.00761	0.00232	0.00732	0.00860	0.00525	0.00905
4	0.01232	0.00758	0.01005	0.00996	0.01163	0.00694	0.00726	0.01485	0.01805	0.10322	0.36703	0.31362	0.05487	0.01721	0.00870	0.00254	0.00405	0.01535	0.00764	0.00713
5	0.00998	0.00742	0.00928	0.00882	0.01067	0.00673	0.00661	0.01311	0.01984	0.02740	0.58094	0.05718	0.18410	0.01551	0.00858	0.00232	0.00348	0.01355	0.00777	0.00673
6	0.00912	0.00665	0.00859	0.00966	0.01054	0.00612	0.00665	0.01088	0.01552	0.02080	0.17590	0.53773	0.11347	0.02076	0.00907	0.00277	0.00401	0.01864	0.00700	0.00612
7	0.01907	0.69500	0.08878	0.01307	0.01963	0.02786	0.01353	0.02186	0.01481	0.01755	0.01033	0.01194	0.00932	0.00627	0.00483	0.00161	0.00800	0.00400	0.00311	0.00944
8	0.02599	0.03267	0.01993	0.01833	0.02192	0.66230	0.01387	0.02798	0.02031	0.01809	0.01328	0.01828	0.01180	0.00844	0.00682	0.00198	0.01263	0.05313	0.00397	0.00830
9	0.79588	0.01406	0.01068	0.00956	0.01406	0.01631	0.00787	0.02137	0.01237	0.03261	0.01012	0.01181	0.00787	0.00675	0.00450	0.00225	0.00562	0.00394	0.00450	0.00787
10	0.16702	0.01820	0.01864	0.01500	0.02022	0.02046	0.01224	0.42094	0.16716	0.04015	0.01865	0.01845	0.01360	0.00860	0.00679	0.00225	0.00709	0.00642	0.00679	0.01136
11	0.63207	0.01306	0.01102	0.00998	0.01371	0.01524	0.00808	0.01990	0.01231	0.02968	0.01193	0.01544	0.00998	0.04156	0.06120	0.00319	0.04097	0.00475	0.03834	0.00758
12	0.01488	0.05480	0.01323	0.01120	0.01351	0.03702	0.00848	0.09702	0.09697	0.02428	0.02546	0.18696	0.02477	0.09314	0.09937	0.00393	0.00743	0.01031	0.16949	0.00775
13	0.00898	0.00709	0.00809	0.00844	0.01021	0.00621	0.00610	0.01096	0.01659	0.02111	0.17990	0.24898	0.40372	0.01894	0.00877	0.00256	0.00378	0.01638	0.00698	0.00621
14	0.01799	0.01727	0.02950	0.04462	0.69919	0.01727	0.02231	0.02231	0.01655	0.02375	0.01367	0.01799	0.01151	0.00648	0.00720	0.00216	0.00864	0.00648	0.00360	0.01151
15	0.16082	0.00999	0.01095	0.00958	0.01288	0.00951	0.00735	0.01987	0.01633	0.21847	0.08301	0.04166	0.22608	0.12845	0.01197	0.00307	0.00527	0.01003	0.00669	0.00802
16	0.71260	0.01474	0.01189	0.01034	0.01498	0.01698	0.00852	0.09222	0.01473	0.03404	0.01092	0.01242	0.00836	0.00696	0.00480	0.00224	0.00588	0.00422	0.00480	0.00836
17	0.01027	0.00739	0.00921	0.00949	0.01039	0.00739	0.00666	0.01132	0.01316	0.01732	0.05890	0.15949	0.16129	0.25027	0.10444	0.06415	0.02712	0.06091	0.00535	0.00550
18	0.02596	0.01299	0.01619	0.01317	0.01770	0.01254	0.01055	0.18678	0.02281	0.38451	0.05947	0.15595	0.02453	0.01174	0.00772	0.00236	0.00614	0.00986	0.00811	0.01092

[dist]
# distance from previous block
# <min> <max>
0	11

[block]
# block no. 1 follows, 28 sequences, length 20
# corresponding to MSA columns:
# 37-56
name=unknown_B
#
# <colnr> <probs for GDERKNQSTAVLIFYWHMCP>
#	G	D	E	R	K	N	Q	S	T	A	V	L	I	F	Y	W	H	M	C	P
0	0.52360	0.01659	0.03384	0.01183	0.01653	0.05092	0.00990	0.15744	0.01773	0.03379	0.03534	0.03853	0.01224	0.00800	0.00554	0.00224	0.00651	0.00541	0.00519	0.00882
1	0.01835	0.07973	0.40948	0.02122	0.06915	0.11800	0.04986	0.08552	0.03851	0.02431	0.01362	0.01569	0.01015	0.00715	0.00685	0.00218	0.01041	0.00558	0.00375	0.01050
2	0.15329	0.06280	0.05387	0.03744	0.14008	0.05735	0.01273	0.06915	0.01762	0.11893	0.04620	0.02779	0.12678	0.03630	0.00790	0.00238	0.00705	0.00764	0.00539	0.00931
3	0.01588	0.01791	0.13457	0.26781	0.17300	0.01584	0.01890	0.10580	0.01760	0.02399	0.01771	0.12472	0.01602	0.00953	0.00749	0.00239	0.00861	0.00840	0.00434	0.00948
4	0.01698	0.01421	0.01553	0.01140	0.01764	0.05283	0.00908	0.02010	0.01579	0.06859	0.01387	0.01560	0.01116	0.00575	0.00558	0.00120	0.00591	0.00453	0.00458	0.68968
5	0.01434	0.01292	0.01955	0.27199	0.16988	0.01304	0.01531	0.01810	0.01503	0.02118	0.01682	0.11719	0.01569	0.00868	0.00697	0.00204	0.00743	0.00778	0.00411	0.24195
6	0.01209	0.01026	0.01323	0.01225	0.01330	0.01217	0.00939	0.01491	0.05549	0.01878	0.07706	0.06418	0.13577	0.16505	0.14779	0.00525	0.21128	0.01010	0.00490	0.00675
7	0.01196	0.00878	0.00993	0.00938	0.01167	0.00873	0.00711	0.01816	0.13922	0.02713	0.33008	0.04750	0.17460	0.01349	0.00773	0.00224	0.00389	0.01152	0.14931	0.00754
8	0.01097	0.00724	0.00921	0.00960	0.01088	0.00668	0.00677	0.01283	0.01594	0.06372	0.19941	0.34884	0.11978	0.10700	0.01230	0.00320	0.00452	0.03779	0.00691	0.00641
9	0.01721	0.01592	0.01610	0.01205	0.01815	0.09465	0.00955	0.05575	0.01679	0.02420	0.01297	0.01497	0.01069	0.00582	0.00563	0.00123	0.00645	0.00447	0.00440	0.65301
10	0.02600	0.02948	0.01987	0.01768	0.02174	0.51740	0.01348	0.08333	0.12692	0.05265	0.01542	0.01620	0.01202	0.00803	0.00678	0.00201	0.01122	0.00551	0.00484	0.00941
11	0.01355	0.00678	0.00678	0.00678	0.00847	0.00678	0.00508	0.01694	0.01524	0.02710	0.02371	0.02710	0.01863	0.00847	0.00508	0.00169	0.00339	0.00678	0.78489	0.00678
12	0.01195	0.00903	0.01294	0.01109	0.01391	0.00810	0.07734	0.01510	0.01892	0.07031	0.37529	0.05378	0.26456	0.01471	0.00850	0.00236	0.00463	0.01299	0.00720	0.00730
13	0.79588	0.01406	0.01068	0.00956	0.01406	0.01631	0.00787	0.02137	0.01237	0.03261	0.01012	0.01181	0.00787	0.00675	0.00450	0.00225	0.00562	0.00394	0.00450	0.00787
14	0.01829	0.01802	0.03448	0.02874	0.12933	0.01804	0.40239	0.02504	0.08773	0.06886	0.01658	0.02016	0.01261	0.00738	0.00959	0.00246	0.07776	0.00794	0.00437	0.01023
15	0.01157	0.00945	0.01262	0.01093	0.01396	0.00834	0.04786	0.01524	0.04275	0.02493	0.31136	0.14719	0.12729	0.01380	0.00798	0.00217	0.00461	0.01225	0.00660	0.16912
16	0.01420	0.01337	0.02210	0.48833	0.20024	0.01535	0.01914	0.01860	0.01523	0.01992	0.01954	0.02442	0.08298	0.00826	0.00739	0.00236	0.00880	0.00741	0.00369	0.00869
17	0.09906	0.05849	0.10678	0.21968	0.33483	0.01745	0.02021	0.02126	0.01532	0.02284	0.01282	0.01704	0.01024	0.00676	0.00676	0.00222	0.00880	0.00593	0.00350	0.00999
18	0.01546	0.01451	0.02450	0.31668	0.36427	0.01595	0.02005	0.01981	0.01522	0.02093	0.01398	0.01967	0.01148	0.01189	0.08241	0.00328	0.01021	0.00661	0.00348	0.00959
19	0.06656	0.14292	0.08266	0.01721	0.02258	0.13198	0.15564	0.02257	0.01633	0.07537	0.03770	0.02112	0.01450	0.09896	0.01042	0.00264	0.00922	0.00661	0.00429	0.06071

[dist]
# distance from previous block
# <min> <max>
1	28

[block]
# block no. 2 follows, 28 sequences, length 22
# corresponding to MSA columns:
# 86-95,100-111
name=unknown_C
#
# <colnr> <probs for GDERKNQSTAVLIFYWHMCP>
#	G	D	E	R	K	N	Q	S	T	A	V	L	I	F	Y	W	H	M	C	P
0	0.05631	0.01247	0.06169	0.01546	0.09185	0.01104	0.03825	0.03843	0.08500	0.02328	0.08699	0.20018	0.17040	0.06366	0.01000	0.00280	0.00588	0.01245	0.00591	0.00795
1	0.01280	0.00915	0.01235	0.01173	0.01297	0.01025	0.00883	0.03671	0.01410	0.06043	0.09866	0.14585	0.02867	0.14980	0.25429	0.00647	0.10424	0.01065	0.00523	0.00683
2	0.01249	0.01149	0.01165	0.01179	0.03556	0.08804	0.00850	0.01646	0.07477	0.02207	0.18628	0.09525	0.24646	0.02134	0.12109	0.00385	0.00759	0.01192	0.00618	0.00723
3	0.24751	0.01752	0.01765	0.01401	0.01923	0.01945	0.01154	0.42655	0.02639	0.07000	0.01615	0.01664	0.01163	0.00816	0.00637	0.00218	0.00701	0.00584	0.04538	0.01080
4	0.01834	0.58805	0.18934	0.01431	0.02155	0.02608	0.01570	0.02205	0.01490	0.01844	0.01077	0.01249	0.00930	0.00637	0.00517	0.00172	0.00845	0.00422	0.00310	0.00965
5	0.07099	0.13468	0.07356	0.01743	0.02273	0.04848	0.15418	0.14663	0.01926	0.04944	0.04137	0.09995	0.01752	0.01245	0.05659	0.00289	0.00929	0.00815	0.00499	0.00941
6	0.01155	0.00685	0.00752	0.00778	0.00934	0.00652	0.00567	0.01430	0.01580	0.02460	0.11178	0.17350	0.12905	0.01341	0.00680	0.00212	0.00359	0.01143	0.43185	0.00652
7	0.01041	0.00799	0.01150	0.01159	0.01267	0.00918	0.00883	0.01262	0.01214	0.01719	0.02422	0.14341	0.04685	0.06856	0.51492	0.00931	0.05768	0.01012	0.00443	0.00640
8	0.17743	0.01517	0.01502	0.01332	0.01727	0.04778	0.01041	0.12563	0.26672	0.07814	0.02458	0.13546	0.02105	0.01095	0.00704	0.00241	0.00619	0.00886	0.00663	0.00992
9	0.01288	0.00982	0.01190	0.01160	0.01314	0.01051	0.00859	0.11739	0.01712	0.02314	0.03603	0.39964	0.11997	0.04451	0.01134	0.00288	0.08671	0.01513	0.04051	0.00718
10	0.02114	0.01605	0.01761	0.01456	0.01856	0.09831	0.05712	0.22035	0.02194	0.10493	0.02373	0.07554	0.05997	0.01192	0.00936	0.07626	0.00746	0.03506	0.07515	0.03497
11	0.01800	0.03680	0.52007	0.02018	0.02901	0.20701	0.02337	0.02466	0.01678	0.02160	0.01255	0.01474	0.00925	0.00707	0.00681	0.00219	0.01139	0.00518	0.00325	0.01011
12	0.01042	0.00765	0.01100	0.01100	0.01206	0.00871	0.00823	0.01254	0.01148	0.01637	0.02010	0.03202	0.01968	0.18039	0.59192	0.01084	0.01720	0.00830	0.00399	0.00611
13	0.01041	0.00715	0.00831	0.00831	0.00863	0.00721	0.00501	0.01083	0.01112	0.01480	0.02609	0.04700	0.07265	0.61569	0.11145	0.00725	0.00821	0.01059	0.00451	0.00476
14	0.05204	0.01057	0.01077	0.00961	0.01245	0.01134	0.00752	0.13913	0.09412	0.03112	0.02262	0.02466	0.01741	0.00859	0.00571	0.00189	0.00459	0.00677	0.52070	0.00837
15	0.01405	0.01260	0.01544	0.01450	0.01560	0.05792	0.01136	0.06130	0.01453	0.01988	0.02251	0.23663	0.02430	0.02383	0.15610	0.00468	0.24472	0.03787	0.00486	0.00734
16	0.01381	0.01226	0.01985	0.59682	0.04304	0.01522	0.01798	0.01830	0.01446	0.01964	0.01417	0.02022	0.01086	0.00770	0.00781	0.00236	0.04489	0.00650	0.10621	0.00790
17	0.01507	0.01292	0.01507	0.01077	0.01723	0.00969	0.00861	0.01830	0.01507	0.02369	0.01292	0.01507	0.01077	0.00538	0.00538	0.00108	0.00538	0.00431	0.00431	0.78898
18	0.01864	0.01530	0.02143	0.01698	0.02027	0.01692	0.12791	0.24155	0.01984	0.02707	0.01658	0.02511	0.01504	0.18664	0.01894	0.05784	0.13254	0.00782	0.00496	0.00861
19	0.02166	0.01553	0.02089	0.01630	0.02126	0.01594	0.11572	0.24676	0.10498	0.14043	0.13121	0.02927	0.06631	0.01008	0.00779	0.00230	0.00712	0.00879	0.00707	0.01059
20	0.07663	0.21150	0.12903	0.01745	0.02383	0.13687	0.08911	0.15553	0.02010	0.05588	0.01355	0.01510	0.01040	0.00719	0.00638	0.00203	0.00943	0.00546	0.00447	0.01009
21	0.53972	0.01489	0.01362	0.01135	0.01626	0.01650	0.00936	0.13793	0.01753	0.14209	0.01436	0.01486	0.01027	0.00745	0.00543	0.00224	0.00613	0.00493	0.00570	0.00938

[dist]
# distance from previous block
# <min> <max>
0	6

[block]
# block no. 3 follows, 28 sequences, length 17
# corresponding to MSA columns:
# 118-134
name=unknown_D
#
# <colnr> <probs for GDERKNQSTAVLIFYWHMCP>
#	G	D	E	R	K	N	Q	S	T	A	V	L	I	F	Y	W	H	M	C	P
0	0.00913	0.00655	0.00850	0.00994	0.01051	0.00614	0.00674	0.01043	0.01394	0.01841	0.04050	0.60811	0.08393	0.08321	0.01161	0.00329	0.00455	0.05211	0.00655	0.00583
1	0.00976	0.00669	0.00882	0.00958	0.01026	0.00631	0.00650	0.01105	0.01492	0.02034	0.20853	0.42209	0.04798	0.09321	0.01367	0.07722	0.00449	0.01632	0.00651	0.00575
2	0.01546	0.00986	0.01237	0.01121	0.01390	0.00997	0.00876	0.09100	0.04354	0.11898	0.19562	0.08578	0.10783	0.02341	0.17581	0.00457	0.00836	0.02423	0.03117	0.00817
3	0.01961	0.60009	0.11308	0.01398	0.02048	0.09211	0.01424	0.02259	0.01539	0.01785	0.01055	0.01222	0.00932	0.00642	0.00510	0.00167	0.00862	0.00413	0.00316	0.00941
4	0.01352	0.00965	0.01182	0.01061	0.01357	0.00863	0.00787	0.03655	0.05219	0.06871	0.16738	0.26199	0.03697	0.05219	0.00926	0.00244	0.00483	0.01228	0.00644	0.21310
5	0.02066	0.15521	0.26506	0.01722	0.02408	0.16641	0.01764	0.12168	0.01938	0.06019	0.01522	0.05752	0.01248	0.00822	0.00666	0.00210	0.00969	0.00614	0.00438	0.01005
6	0.01191	0.00953	0.01449	0.24626	0.02578	0.01052	0.01369	0.01542	0.01556	0.02020	0.03038	0.16706	0.03232	0.01632	0.00901	0.00298	0.00728	0.33870	0.00557	0.00702
7	0.01470	0.01820	0.11316	0.02394	0.02985	0.01488	0.41164	0.01986	0.01618	0.02210	0.02143	0.18586	0.02074	0.01069	0.00861	0.00259	0.00997	0.04228	0.00445	0.00888
8	0.01715	0.01508	0.01958	0.40255	0.03569	0.05689	0.01618	0.13704	0.09196	0.02509	0.01761	0.06217	0.01423	0.00879	0.00724	0.00235	0.00851	0.00741	0.04545	0.00904
9	0.01855	0.40071	0.05725	0.01754	0.09396	0.05830	0.03659	0.02258	0.05766	0.04050	0.01598	0.06106	0.01483	0.00862	0.00670	0.00201	0.03086	0.04279	0.00408	0.00943
10	0.00893	0.00722	0.00794	0.00809	0.01011	0.00623	0.00594	0.01097	0.01688	0.02116	0.17853	0.16699	0.48872	0.01843	0.00869	0.00250	0.00372	0.01575	0.00697	0.00623
11	0.01225	0.00641	0.00927	0.00927	0.00950	0.00630	0.00624	0.00956	0.01014	0.01329	0.01838	0.02661	0.07705	0.02461	0.02654	0.71443	0.00607	0.00716	0.00350	0.00344
12	0.01734	0.25268	0.29153	0.07975	0.09786	0.06447	0.01974	0.02337	0.05057	0.02094	0.01294	0.01529	0.01022	0.00687	0.00628	0.00205	0.00940	0.00522	0.00342	0.01005
13	0.01540	0.01333	0.02044	0.07273	0.29314	0.01409	0.01569	0.07327	0.01736	0.02416	0.09560	0.03170	0.04708	0.01747	0.12396	0.00391	0.03820	0.06844	0.00482	0.00922
14	0.01417	0.00945	0.01134	0.01061	0.01318	0.00924	0.00807	0.07810	0.05353	0.10339	0.11556	0.19324	0.22561	0.02093	0.09556	0.00363	0.00652	0.01315	0.00688	0.00781
15	0.01012	0.00724	0.00843	0.00872	0.00961	0.00690	0.00588	0.01128	0.01367	0.01778	0.09354	0.11344	0.17581	0.38675	0.02321	0.00491	0.00576	0.08593	0.00566	0.00536
16	0.37309	0.07602	0.01633	0.01321	0.04337	0.07459	0.01015	0.13620	0.05007	0.03024	0.01414	0.01743	0.01168	0.06949	0.00817	0.00254	0.00699	0.00542	0.03205	0.00881

[dist]
# distance from previous block
# <min> <max>
1	16

[block]
# block no. 4 follows, 28 sequences, length 8
# corresponding to MSA columns:
# 151-158
name=unknown_E
#
# <colnr> <probs for GDERKNQSTAVLIFYWHMCP>
#	G	D	E	R	K	N	Q	S	T	A	V	L	I	F	Y	W	H	M	C	P
0	0.01001	0.00699	0.00922	0.01030	0.01132	0.00659	0.00761	0.01141	0.01482	0.01941	0.08701	0.36528	0.13495	0.02132	0.01166	0.10009	0.00489	0.15490	0.00638	0.00584
1	0.35885	0.02160	0.01636	0.01404	0.01864	0.23315	0.01115	0.15728	0.01982	0.06907	0.01301	0.01409	0.00982	0.00751	0.00586	0.00212	0.00845	0.00489	0.00509	0.00921
2	0.05396	0.00857	0.01010	0.00968	0.01196	0.00825	0.00722	0.01643	0.04925	0.10640	0.13523	0.16464	0.20739	0.06568	0.07598	0.00360	0.00593	0.01262	0.03984	0.00728
3	0.02310	0.05553	0.02518	0.02328	0.16559	0.09654	0.09616	0.23616	0.02320	0.10464	0.02032	0.02144	0.05873	0.00836	0.00730	0.00217	0.00873	0.00712	0.00561	0.01085
4	0.11123	0.04321	0.05845	0.01079	0.01635	0.01107	0.00935	0.01833	0.01550	0.05164	0.05839	0.02569	0.12225	0.00839	0.00610	0.00165	0.00551	0.00665	0.00497	0.41449
5	0.02094	0.02206	0.18325	0.02043	0.11787	0.12926	0.04076	0.02503	0.01762	0.19633	0.02126	0.13466	0.01814	0.01001	0.00744	0.00231	0.00867	0.00849	0.00539	0.01007
6	0.01974	0.21996	0.13213	0.01900	0.04555	0.10016	0.08984	0.10448	0.06797	0.02358	0.01360	0.01587	0.01094	0.00785	0.00864	0.00217	0.09871	0.00577	0.00410	0.00993
7	0.01396	0.00962	0.01188	0.04172	0.01525	0.00966	0.00933	0.04442	0.10204	0.08357	0.12157	0.16292	0.15057	0.01589	0.00850	0.00264	0.00527	0.14712	0.03618	0.00788

[dist]
# distance from previous block
# <min> <max>
0	3

[block]
# block no. 5 follows, 28 sequences, length 47
# corresponding to MSA columns:
# 162-208
name=unknown_F
#
# <colnr> <probs for GDERKNQSTAVLIFYWHMCP>
#	G	D	E	R	K	N	Q	S	T	A	V	L	I	F	Y	W	H	M	C	P
0	0.40618	0.01474	0.01467	0.01202	0.01706	0.01585	0.00989	0.14012	0.04957	0.22845	0.01764	0.01722	0.01223	0.00788	0.00593	0.00225	0.00621	0.00556	0.00641	0.01012
1	0.00909	0.00711	0.00823	0.00853	0.01027	0.00626	0.00618	0.01118	0.01689	0.02175	0.22129	0.23994	0.37009	0.01865	0.00876	0.00254	0.00376	0.01617	0.00706	0.00626
2	0.01221	0.00710	0.00793	0.00818	0.00991	0.00661	0.00596	0.01463	0.01549	0.06113	0.03979	0.23340	0.17986	0.01469	0.00716	0.00224	0.00384	0.01258	0.35059	0.00670
3	0.00972	0.00723	0.00905	0.00897	0.01061	0.00656	0.00658	0.01248	0.01868	0.02552	0.46452	0.17325	0.18629	0.01688	0.00870	0.00243	0.00361	0.01484	0.00755	0.00656
4	0.01808	0.01561	0.01644	0.01479	0.01890	0.01808	0.01151	0.03863	0.68606	0.03041	0.02959	0.02712	0.02219	0.00986	0.00740	0.00247	0.00575	0.00822	0.00740	0.01151
5	0.07575	0.03576	0.65237	0.01984	0.03010	0.01684	0.02537	0.02289	0.01511	0.02377	0.01282	0.01507	0.00910	0.00689	0.00672	0.00230	0.01034	0.00526	0.00318	0.01052
6	0.01898	0.01400	0.01631	0.01193	0.01819	0.01177	0.00965	0.12095	0.01865	0.10390	0.01539	0.01653	0.01183	0.00630	0.00589	0.00138	0.00587	0.00499	0.00529	0.58219
7	0.01509	0.01507	0.01240	0.01209	0.01349	0.21180	0.00844	0.01632	0.01414	0.01632	0.02116	0.12695	0.02277	0.29722	0.15966	0.00593	0.01089	0.00967	0.00443	0.00618
8	0.01064	0.00872	0.00984	0.01127	0.01213	0.05813	0.00806	0.01228	0.01485	0.01900	0.03771	0.58297	0.04426	0.02123	0.00920	0.00294	0.00526	0.11877	0.00652	0.00621
9	0.02262	0.01814	0.01649	0.01423	0.01832	0.15402	0.01114	0.13077	0.24386	0.12484	0.02293	0.02251	0.01692	0.00885	0.00680	0.00214	0.00721	0.00688	0.14100	0.01033
10	0.01496	0.01247	0.01447	0.01047	0.01659	0.00948	0.00836	0.01820	0.01509	0.02394	0.01371	0.01595	0.01134	0.00561	0.00536	0.00112	0.00524	0.00449	0.06135	0.73182
11	0.07987	0.01390	0.01829	0.01420	0.01963	0.01321	0.06228	0.08013	0.10124	0.36944	0.05320	0.02344	0.01828	0.00857	0.00707	0.00216	0.00650	0.00716	0.00740	0.09402
12	0.08010	0.01355	0.01977	0.01570	0.02055	0.01310	0.12460	0.09486	0.01831	0.17931	0.02105	0.02790	0.01714	0.01605	0.11600	0.00368	0.00937	0.08155	0.00582	0.12158
13	0.01512	0.01038	0.01179	0.01081	0.01346	0.01041	0.00822	0.17426	0.02054	0.05770	0.10847	0.24346	0.16591	0.01538	0.00800	0.00242	0.00494	0.01317	0.09755	0.00801
14	0.01388	0.01345	0.02406	0.56173	0.04508	0.01570	0.12147	0.01865	0.01490	0.01931	0.01533	0.07582	0.01291	0.00830	0.00763	0.00247	0.00966	0.00790	0.00358	0.00818
15	0.01638	0.01757	0.03283	0.08045	0.03123	0.01979	0.35392	0.02055	0.01450	0.02055	0.01246	0.01808	0.01032	0.00891	0.01470	0.00275	0.30515	0.00751	0.00344	0.00891
16	0.19833	0.01395	0.01539	0.01305	0.01722	0.01505	0.01046	0.12879	0.12734	0.21301	0.02325	0.11243	0.01889	0.01056	0.00786	0.00242	0.04679	0.00824	0.00683	0.01013
17	0.01264	0.00876	0.01076	0.01081	0.01262	0.00854	0.00795	0.09747	0.01825	0.05412	0.14052	0.41166	0.11114	0.01858	0.00879	0.00269	0.00473	0.04564	0.00710	0.00723
18	0.02228	0.01314	0.01547	0.01264	0.01672	0.01334	0.01005	0.23893	0.02242	0.22507	0.03015	0.03222	0.12111	0.09709	0.09192	0.00387	0.00802	0.00870	0.00699	0.00986
19	0.01458	0.03760	0.70688	0.02072	0.03146	0.01688	0.02686	0.02302	0.01535	0.02302	0.01304	0.01535	0.00921	0.00691	0.00691	0.00230	0.01074	0.00537	0.00307	0.01074
20	0.00912	0.00714	0.00828	0.00871	0.01045	0.00631	0.00638	0.01116	0.01659	0.02117	0.17606	0.24812	0.37724	0.01902	0.00884	0.00260	0.00392	0.04570	0.00697	0.00623
21	0.00871	0.00688	0.00786	0.00865	0.01016	0.00603	0.00609	0.01029	0.01534	0.01913	0.05804	0.38125	0.39502	0.02044	0.00891	0.00269	0.00393	0.01782	0.00675	0.00603
22	0.01057	0.00705	0.00793	0.00793	0.00793	0.00705	0.00440	0.01057	0.01057	0.01409	0.02290	0.04757	0.02643	0.74454	0.03700	0.00705	0.00705	0.01057	0.00440	0.00440
23	0.01458	0.03760	0.70688	0.02072	0.03146	0.01688	0.02686	0.02302	0.01535	0.02302	0.01304	0.01535	0.00921	0.00691	0.00691	0.00230	0.01074	0.00537	0.00307	0.01074
24	0.01770	0.52417	0.03477	0.01509	0.02073	0.02416	0.11249	0.02065	0.01466	0.01801	0.01224	0.01546	0.01094	0.01361	0.11432	0.00324	0.01025	0.00520	0.00332	0.00897
25	0.01014	0.00687	0.00806	0.00848	0.00858	0.00676	0.00499	0.01046	0.01141	0.01521	0.02721	0.22114	0.03186	0.56356	0.03005	0.00602	0.00634	0.01310	0.00499	0.00478
26	0.37307	0.01886	0.05090	0.03651	0.02166	0.12346	0.14076	0.02241	0.01495	0.02660	0.01245	0.01529	0.00975	0.00714	0.00665	0.00223	0.03833	0.00542	0.06516	0.00839
27	0.01040	0.00709	0.00798	0.00795	0.00824	0.00697	0.00463	0.01074	0.01160	0.01537	0.06469	0.04970	0.08124	0.64666	0.03318	0.00642	0.00658	0.01109	0.00479	0.00468
28	0.02045	0.02430	0.14357	0.02099	0.13418	0.17440	0.01629	0.13997	0.02004	0.02621	0.01350	0.01558	0.01058	0.00691	0.00656	0.00185	0.00910	0.00534	0.00437	0.20581
29	0.01496	0.01392	0.02422	0.12179	0.05314	0.01403	0.23176	0.09522	0.01788	0.02374	0.02662	0.21139	0.07517	0.01230	0.00841	0.00256	0.00833	0.03087	0.00516	0.00854
30	0.02272	0.01020	0.01353	0.01135	0.01528	0.00896	0.00910	0.02551	0.01974	0.40884	0.18705	0.07903	0.10275	0.01260	0.00797	0.00237	0.00521	0.03967	0.00830	0.00984
31	0.01651	0.00914	0.01115	0.01023	0.01307	0.00845	0.00797	0.05531	0.01852	0.18657	0.12529	0.15143	0.18219	0.01467	0.00797	0.00241	0.00475	0.05875	0.10745	0.00815
32	0.00974	0.00727	0.00818	0.00803	0.00942	0.00665	0.00547	0.01134	0.01548	0.02015	0.21866	0.05785	0.29240	0.27674	0.01873	0.00405	0.00482	0.01306	0.00624	0.00571
33	0.01367	0.01026	0.01181	0.01103	0.01359	0.01045	0.00851	0.12173	0.09429	0.02808	0.22813	0.15658	0.15278	0.01524	0.00829	0.00247	0.00481	0.05743	0.04289	0.00797
34	0.02401	0.01881	0.01851	0.01462	0.02011	0.12227	0.01172	0.23787	0.08485	0.13693	0.01813	0.01817	0.01325	0.00777	0.00666	0.00187	0.00757	0.00592	0.00620	0.22474
35	0.02706	0.01635	0.01878	0.01437	0.02002	0.01658	0.01182	0.36644	0.02685	0.24898	0.02073	0.01990	0.01423	0.00840	0.00696	0.00205	0.00691	0.00653	0.04321	0.10383
36	0.01665	0.01798	0.03610	0.02579	0.03292	0.01626	0.51070	0.02207	0.01665	0.02338	0.01427	0.01850	0.01097	0.00595	0.00780	0.00212	0.01058	0.00754	0.00383	0.19997
37	0.02205	0.01508	0.02244	0.03991	0.02376	0.01531	0.16033	0.03257	0.27743	0.24236	0.05103	0.02547	0.01974	0.00886	0.00768	0.00239	0.00739	0.00815	0.00696	0.01111
38	0.02065	0.00973	0.01294	0.01155	0.01498	0.00867	0.00925	0.02326	0.01858	0.34475	0.10501	0.15632	0.10682	0.01455	0.00832	0.00256	0.00539	0.10956	0.00793	0.00921
39	0.01918	0.01427	0.01544	0.01308	0.01666	0.04482	0.01027	0.30146	0.02528	0.06180	0.21442	0.14114	0.06520	0.01301	0.00798	0.00233	0.00608	0.01092	0.00729	0.00936
40	0.01981	0.01717	0.02261	0.01678	0.02299	0.09430	0.16286	0.04613	0.01765	0.11716	0.01546	0.01730	0.01171	0.00641	0.00659	0.00169	0.00807	0.00583	0.00484	0.38463
41	0.01105	0.00755	0.00993	0.00979	0.01018	0.00823	0.00661	0.01144	0.01077	0.01487	0.01975	0.03662	0.02113	0.39616	0.24119	0.12420	0.04258	0.00891	0.00401	0.00501
42	0.05965	0.01346	0.01611	0.01309	0.01731	0.01383	0.01045	0.22288	0.02172	0.27402	0.02219	0.02547	0.01693	0.11061	0.12450	0.00436	0.00895	0.00742	0.00686	0.01020
43	0.01102	0.00828	0.01194	0.01098	0.01199	0.00862	0.05832	0.01238	0.01146	0.01575	0.02110	0.03895	0.02243	0.45328	0.26440	0.00826	0.01166	0.00947	0.00417	0.00553
44	0.01706	0.04810	0.05976	0.01448	0.01833	0.06492	0.05545	0.16478	0.08091	0.02560	0.02712	0.12199	0.10434	0.01671	0.06524	0.08328	0.00828	0.00958	0.00553	0.00855
45	0.21775	0.01647	0.01643	0.01334	0.01813	0.08218	0.04058	0.15206	0.06080	0.03099	0.11172	0.02109	0.01920	0.00827	0.00637	0.00199	0.00677	0.00640	0.00558	0.16386
46	0.09928	0.01265	0.01688	0.01619	0.07040	0.04080	0.08341	0.06655	0.01726	0.10166	0.05830	0.21509	0.05784	0.03818	0.03374	0.00298	0.00718	0.04725	0.00597	0.00837

[dist]
# distance from previous block
# <min> <max>
5	316

[block]
# block no. 6 follows, 28 sequences, length 43
# corresponding to MSA columns:
# 594-636
name=unknown_G
#
# <colnr> <probs for GDERKNQSTAVLIFYWHMCP>
#	G	D	E	R	K	N	Q	S	T	A	V	L	I	F	Y	W	H	M	C	P
0	0.02104	0.04792	0.07749	0.03750	0.02274	0.18135	0.07587	0.17794	0.02147	0.04670	0.05746	0.04050	0.01621	0.02990	0.00785	0.00218	0.00898	0.00684	0.03429	0.08578
1	0.01472	0.01399	0.04601	0.04878	0.10918	0.03848	0.07429	0.05853	0.06183	0.02351	0.09841	0.16822	0.02730	0.09523	0.01111	0.00284	0.00708	0.01050	0.00534	0.08467
2	0.09550	0.12355	0.09580	0.01558	0.02144	0.01837	0.08402	0.21794	0.02029	0.02911	0.01495	0.01919	0.01240	0.09070	0.00986	0.00255	0.00804	0.00617	0.00486	0.10968
3	0.06168	0.04271	0.05522	0.07102	0.07552	0.03229	0.01159	0.04490	0.04009	0.02175	0.02777	0.19223	0.09369	0.01449	0.00968	0.07927	0.00651	0.05461	0.00514	0.05982
4	0.08209	0.11207	0.01917	0.22529	0.02625	0.12950	0.01294	0.02018	0.04151	0.02159	0.10559	0.02667	0.09172	0.00929	0.00679	0.00212	0.00785	0.00738	0.00460	0.04739
5	0.02217	0.02415	0.01983	0.01977	0.09707	0.34144	0.01381	0.10818	0.08951	0.02347	0.01972	0.06932	0.05404	0.00980	0.00822	0.00220	0.05584	0.00732	0.00490	0.00926
6	0.06712	0.01337	0.01547	0.01265	0.03703	0.01190	0.00966	0.10127	0.04424	0.07219	0.01812	0.09855	0.01597	0.00831	0.00627	0.00167	0.00575	0.00684	0.00538	0.44825
7	0.04426	0.00715	0.00731	0.00727	0.00895	0.00732	0.00541	0.01647	0.01462	0.02587	0.02285	0.02784	0.01865	0.05648	0.05235	0.00268	0.00473	0.00696	0.65619	0.00666
8	0.15551	0.01086	0.01233	0.01078	0.01425	0.01132	0.00861	0.05158	0.05911	0.20456	0.02191	0.02368	0.01645	0.01743	0.14512	0.00396	0.00801	0.00670	0.20890	0.00892
9	0.00914	0.00653	0.00876	0.01044	0.01098	0.00614	0.00723	0.01060	0.01419	0.01887	0.03991	0.67548	0.04747	0.02251	0.00935	0.00299	0.00446	0.08222	0.00674	0.00598
10	0.00984	0.00740	0.00945	0.00924	0.01096	0.00701	0.00693	0.01265	0.01782	0.02439	0.40774	0.09719	0.19502	0.02265	0.12484	0.00391	0.00617	0.01322	0.00698	0.00658
11	0.00957	0.00717	0.00888	0.00895	0.01055	0.00648	0.00652	0.01214	0.01814	0.02454	0.40255	0.21239	0.21053	0.01747	0.00874	0.00248	0.00367	0.01535	0.00743	0.00648
12	0.01943	0.74891	0.03809	0.01244	0.01866	0.02876	0.01244	0.02177	0.01477	0.01710	0.01011	0.01166	0.00933	0.00622	0.00466	0.00155	0.00777	0.00389	0.00311	0.00933
13	0.01176	0.00710	0.00803	0.00780	0.00957	0.00675	0.00585	0.01502	0.01754	0.02725	0.30240	0.04217	0.10174	0.01200	0.00683	0.00201	0.00343	0.01017	0.39585	0.00675
14	0.79588	0.01406	0.01068	0.00956	0.01406	0.01631	0.00787	0.02137	0.01237	0.03261	0.01012	0.01181	0.00787	0.00675	0.00450	0.00225	0.00562	0.00394	0.00450	0.00787
15	0.01105	0.00808	0.01018	0.00987	0.01017	0.00900	0.00659	0.01180	0.01088	0.01506	0.02082	0.04014	0.02290	0.51586	0.19028	0.00772	0.08068	0.00953	0.00417	0.00523
16	0.22545	0.01857	0.02305	0.01759	0.02336	0.02010	0.14145	0.37716	0.02517	0.03796	0.01501	0.01641	0.01093	0.00770	0.00681	0.00225	0.00822	0.00626	0.00585	0.01069
17	0.10909	0.01480	0.01744	0.04506	0.01897	0.01730	0.01208	0.19054	0.04404	0.11538	0.01722	0.01931	0.01308	0.00952	0.01096	0.00240	0.19632	0.00639	0.13051	0.00959
18	0.01808	0.01341	0.01438	0.01273	0.01633	0.01474	0.01017	0.18305	0.25997	0.03180	0.02893	0.03288	0.06389	0.01080	0.00715	0.00230	0.00569	0.07069	0.19325	0.00977
19	0.01377	0.01310	0.04535	0.01460	0.01562	0.04253	0.01198	0.01532	0.01217	0.01712	0.01705	0.03087	0.01753	0.13491	0.13705	0.08188	0.28840	0.08015	0.00390	0.00669
20	0.02197	0.01379	0.01586	0.01281	0.01704	0.01418	0.01033	0.29810	0.02580	0.16269	0.20172	0.03220	0.06804	0.01093	0.00755	0.00220	0.00590	0.00895	0.05975	0.01018
21	0.00987	0.00718	0.00932	0.00947	0.01089	0.00663	0.00695	0.01262	0.01841	0.02545	0.45557	0.23617	0.10210	0.01739	0.00882	0.00252	0.00379	0.04277	0.00754	0.00656
22	0.01507	0.01292	0.01507	0.01077	0.01723	0.00969	0.00861	0.01830	0.01507	0.02369	0.01292	0.01507	0.01077	0.00538	0.00538	0.00108	0.00538	0.00431	0.00431	0.78898
23	0.01115	0.00825	0.01044	0.01043	0.01165	0.00883	0.00756	0.01466	0.07851	0.01860	0.06801	0.06811	0.06150	0.27331	0.25964	0.00722	0.01064	0.06008	0.00512	0.00628
24	0.01252	0.00840	0.01092	0.01167	0.05512	0.00805	0.00810	0.01511	0.01643	0.06799	0.20380	0.04972	0.14596	0.12623	0.07681	0.00393	0.00635	0.08344	0.08248	0.00698
25	0.02011	0.22830	0.19232	0.01974	0.02660	0.20117	0.14577	0.04629	0.01754	0.02086	0.01224	0.01466	0.00974	0.00678	0.00654	0.00201	0.01074	0.00545	0.00352	0.00963
26	0.46672	0.01123	0.01055	0.01009	0.01316	0.01284	0.00797	0.01767	0.01247	0.02659	0.01653	0.09942	0.01560	0.02147	0.19628	0.00484	0.00910	0.00697	0.03327	0.00724
27	0.01614	0.01602	0.06284	0.04540	0.20336	0.01498	0.11788	0.08966	0.08701	0.02647	0.10994	0.06536	0.09242	0.01017	0.00785	0.00234	0.00760	0.00941	0.00539	0.00976
28	0.01432	0.01207	0.01414	0.01085	0.01625	0.00964	0.00849	0.01841	0.05641	0.02387	0.05620	0.09538	0.01878	0.00806	0.00611	0.00143	0.00517	0.00680	0.00497	0.61266
29	0.00885	0.00715	0.00787	0.00817	0.01010	0.00617	0.00594	0.01075	0.01646	0.02051	0.13865	0.21374	0.48235	0.01895	0.00874	0.00254	0.00377	0.01624	0.00690	0.00617
30	0.01509	0.09631	0.31706	0.02207	0.06227	0.01693	0.19012	0.02105	0.01535	0.02162	0.01562	0.06383	0.01323	0.01263	0.08173	0.00329	0.01124	0.00735	0.00358	0.00964
31	0.01697	0.01708	0.05446	0.22877	0.14253	0.12890	0.01638	0.02071	0.01555	0.06114	0.01546	0.02065	0.01265	0.01964	0.19282	0.00470	0.01247	0.00652	0.00390	0.00870
32	0.18343	0.01319	0.01595	0.01250	0.01791	0.01252	0.01032	0.07186	0.01996	0.53088	0.02432	0.02173	0.01564	0.00853	0.00675	0.00225	0.00619	0.00660	0.00800	0.01148
33	0.02331	0.01109	0.01348	0.01114	0.01533	0.01036	0.00894	0.05343	0.08459	0.36693	0.03474	0.03258	0.12977	0.01051	0.00709	0.00219	0.00526	0.00858	0.16050	0.01016
34	0.01029	0.00826	0.01236	0.22076	0.02215	0.00891	0.01070	0.01260	0.01410	0.01856	0.03209	0.52814	0.03680	0.01822	0.00869	0.00280	0.00583	0.01649	0.00571	0.00654
35	0.01373	0.01292	0.02180	0.72707	0.05006	0.01615	0.02019	0.01857	0.01453	0.01857	0.01292	0.01938	0.00969	0.00727	0.00727	0.00242	0.00969	0.00646	0.00323	0.00807
36	0.01863	0.01550	0.01612	0.01429	0.01813	0.03975	0.01110	0.17070	0.39107	0.03106	0.03009	0.13052	0.05736	0.01185	0.00768	0.00245	0.00616	0.00991	0.00712	0.01050
37	0.07435	0.26840	0.06906	0.01891	0.11073	0.15673	0.01474	0.12216	0.01928	0.06388	0.01316	0.01465	0.01048	0.00712	0.00604	0.00192	0.00890	0.00508	0.00436	0.01007
38	0.01071	0.00810	0.00936	0.00907	0.01097	0.00757	0.00661	0.05737	0.01816	0.02394	0.26878	0.15720	0.27751	0.08818	0.01137	0.00290	0.00430	0.01431	0.00698	0.00661
39	0.54561	0.01439	0.01304	0.01097	0.01573	0.01592	0.00903	0.11020	0.01672	0.14292	0.01453	0.01514	0.01045	0.00743	0.00534	0.00222	0.00596	0.00492	0.03033	0.00916
40	0.69463	0.01383	0.01150	0.01001	0.01465	0.01556	0.00825	0.02323	0.01349	0.12170	0.01258	0.01352	0.00921	0.00705	0.00487	0.00225	0.00570	0.00438	0.00510	0.00847
41	0.02203	0.01835	0.02035	0.01662	0.02077	0.07811	0.04143	0.35903	0.06561	0.03308	0.01717	0.01980	0.01352	0.01795	0.14778	0.00414	0.08143	0.00680	0.00576	0.01028
42	0.01417	0.01323	0.01880	0.01629	0.01760	0.01642	0.05784	0.04050	0.03451	0.02035	0.06173	0.12987	0.09009	0.01590	0.04524	0.00326	0.38176	0.01003	0.00469	0.00774

[dist]
# distance from previous block
# <min> <max>
0	9

[block]
# block no. 7 follows, 28 sequences, length 37
# corresponding to MSA columns:
# 646-649,651-683
name=unknown_H
#
# <colnr> <probs for GDERKNQSTAVLIFYWHMCP>
#	G	D	E	R	K	N	Q	S	T	A	V	L	I	F	Y	W	H	M	C	P
0	0.11217	0.01655	0.01819	0.01446	0.01955	0.01765	0.01178	0.39876	0.02687	0.18366	0.02129	0.08975	0.01661	0.00995	0.00717	0.00228	0.00697	0.00781	0.00728	0.01123
1	0.01166	0.00901	0.01095	0.01099	0.01260	0.00968	0.00806	0.01722	0.15291	0.01998	0.03218	0.16099	0.09326	0.17195	0.20188	0.00596	0.00924	0.04883	0.00565	0.00699
2	0.01442	0.01362	0.02305	0.61665	0.15509	0.01633	0.02053	0.01918	0.01486	0.01941	0.01304	0.01916	0.00999	0.00714	0.00726	0.00238	0.00952	0.00646	0.00329	0.00863
3	0.09661	0.01765	0.02663	0.02037	0.02541	0.01909	0.23575	0.21543	0.07300	0.03021	0.01608	0.01954	0.01256	0.03031	0.04306	0.00299	0.09298	0.00725	0.00508	0.00999
4	0.01048	0.00777	0.00961	0.00965	0.01134	0.00728	0.00716	0.04293	0.01851	0.02499	0.34210	0.23867	0.17426	0.01759	0.00878	0.00254	0.00407	0.04820	0.00734	0.00672
5	0.02316	0.23339	0.02450	0.01569	0.02013	0.37424	0.01278	0.08910	0.02028	0.02160	0.08627	0.01763	0.01612	0.00806	0.00631	0.00186	0.01003	0.00556	0.00438	0.00890
6	0.00886	0.00633	0.00843	0.01012	0.01054	0.00590	0.00675	0.01012	0.01392	0.01856	0.04006	0.73979	0.04808	0.02277	0.00928	0.00295	0.00422	0.02066	0.00675	0.00590
7	0.01827	0.03349	0.51198	0.01969	0.02892	0.05683	0.02316	0.17268	0.01995	0.02795	0.01395	0.01571	0.00994	0.00736	0.00697	0.00225	0.01025	0.00560	0.00407	0.01099
8	0.01545	0.01359	0.02042	0.26008	0.09550	0.01589	0.04902	0.08882	0.01552	0.02106	0.01541	0.02520	0.01420	0.18386	0.01710	0.00360	0.12565	0.00754	0.00400	0.00808
9	0.02718	0.03394	0.02066	0.01863	0.02248	0.68103	0.01403	0.06103	0.02127	0.01918	0.01154	0.01332	0.00951	0.00755	0.00659	0.00189	0.01286	0.00477	0.00392	0.00862
10	0.01811	0.03127	0.47716	0.02069	0.02992	0.01773	0.09428	0.13923	0.01916	0.06240	0.01482	0.01667	0.01042	0.00725	0.00717	0.00229	0.01019	0.00603	0.00419	0.01101
11	0.00893	0.00642	0.00835	0.00986	0.01037	0.00598	0.00656	0.01016	0.01388	0.01838	0.04096	0.66828	0.08143	0.05996	0.01068	0.00314	0.00434	0.01986	0.00663	0.00584
12	0.00934	0.00673	0.00864	0.00978	0.01055	0.00630	0.00675	0.01089	0.01469	0.01952	0.10965	0.50019	0.10266	0.09270	0.01193	0.00327	0.00453	0.05930	0.00664	0.00593
13	0.01233	0.00791	0.01019	0.00934	0.01152	0.00717	0.00711	0.01554	0.02021	0.09490	0.56846	0.05292	0.12521	0.01463	0.00845	0.00230	0.00373	0.01278	0.00798	0.00733
14	0.01876	0.02196	0.14319	0.10194	0.03471	0.01885	0.34604	0.17200	0.02048	0.02789	0.01487	0.01840	0.01089	0.00697	0.00787	0.00236	0.01076	0.00736	0.00435	0.01035
15	0.06119	0.01920	0.02366	0.10538	0.24596	0.13178	0.01763	0.05738	0.01615	0.02209	0.01201	0.01638	0.01024	0.00868	0.01179	0.00244	0.21886	0.00602	0.00371	0.00945
16	0.00973	0.00749	0.00909	0.01002	0.01178	0.00686	0.00792	0.01197	0.01607	0.02014	0.05450	0.21347	0.33513	0.01990	0.00924	0.00287	0.00483	0.23598	0.00673	0.00628
17	0.01707	0.01606	0.02713	0.07897	0.58853	0.01624	0.02103	0.02131	0.01646	0.02324	0.01634	0.02506	0.01473	0.00801	0.00751	0.00230	0.00848	0.07681	0.00392	0.01080
18	0.01458	0.03760	0.70688	0.02072	0.03146	0.01688	0.02686	0.02302	0.01535	0.02302	0.01304	0.01535	0.00921	0.00691	0.00691	0.00230	0.01074	0.00537	0.00307	0.01074
19	0.01725	0.10447	0.28829	0.13197	0.02877	0.04534	0.01894	0.07952	0.10808	0.04377	0.01884	0.02038	0.04720	0.00812	0.00690	0.00224	0.00893	0.00642	0.00443	0.01011
20	0.02307	0.01387	0.01539	0.01283	0.01693	0.03402	0.01020	0.21585	0.08853	0.21199	0.02521	0.10112	0.01993	0.01036	0.00704	0.00220	0.00609	0.00845	0.16660	0.01032
21	0.01355	0.00678	0.00678	0.00678	0.00847	0.00678	0.00508	0.01694	0.01524	0.02710	0.02371	0.02710	0.01863	0.00847	0.00508	0.00169	0.00339	0.00678	0.78489	0.00678
22	0.01044	0.00755	0.01048	0.01048	0.01137	0.00844	0.00759	0.01221	0.01133	0.01599	0.02057	0.03462	0.02081	0.27470	0.49915	0.01020	0.01551	0.00868	0.00406	0.00582
23	0.01020	0.00734	0.00877	0.00842	0.01032	0.00666	0.00631	0.01320	0.01894	0.02641	0.45786	0.05546	0.22881	0.01510	0.00820	0.00227	0.00349	0.01303	0.09255	0.00666
24	0.02812	0.01957	0.02133	0.01635	0.02215	0.02137	0.01351	0.61178	0.03286	0.11085	0.01856	0.01817	0.01292	0.00875	0.00728	0.00219	0.00782	0.00662	0.00744	0.01236
25	0.01519	0.01259	0.01914	0.19423	0.10997	0.01332	0.06659	0.02152	0.12343	0.05832	0.02337	0.18358	0.02168	0.01105	0.00762	0.00240	0.00714	0.01007	0.04672	0.05207
26	0.02136	0.45210	0.06744	0.01517	0.02054	0.23917	0.01388	0.02384	0.01640	0.01765	0.01058	0.01253	0.00934	0.00699	0.00639	0.00178	0.04813	0.00434	0.00331	0.00905
27	0.01088	0.00776	0.00921	0.00878	0.00977	0.00759	0.00564	0.01172	0.01153	0.01580	0.02417	0.04252	0.06061	0.51969	0.14212	0.00695	0.00871	0.00977	0.00444	0.08234
28	0.01617	0.29946	0.17514	0.01427	0.01977	0.08249	0.01445	0.01981	0.01590	0.01978	0.05204	0.10410	0.05505	0.01070	0.00675	0.00216	0.00801	0.07100	0.00433	0.00864
29	0.13644	0.01461	0.05702	0.06537	0.13807	0.01393	0.05941	0.05505	0.01662	0.13508	0.02169	0.16782	0.02003	0.01105	0.00805	0.00247	0.03554	0.02692	0.00547	0.00934
30	0.01661	0.35052	0.26537	0.01698	0.02443	0.02137	0.09018	0.02157	0.01581	0.02101	0.07932	0.01802	0.01533	0.00730	0.00625	0.00198	0.00886	0.00583	0.00364	0.00962
31	0.00988	0.00680	0.00831	0.00942	0.01054	0.00635	0.00677	0.01181	0.01490	0.02049	0.04316	0.43512	0.15745	0.01936	0.00855	0.00270	0.00424	0.08315	0.13482	0.00617
32	0.01683	0.01959	0.15826	0.20541	0.22676	0.01669	0.01986	0.12006	0.01810	0.02502	0.01561	0.05572	0.01297	0.01051	0.04497	0.00281	0.00957	0.00707	0.00414	0.01006
33	0.06029	0.01620	0.05259	0.28079	0.09786	0.07879	0.05039	0.02293	0.01658	0.14581	0.01850	0.06218	0.01510	0.00894	0.00736	0.00238	0.00877	0.04048	0.00483	0.00924
34	0.06056	0.01525	0.09528	0.01373	0.01840	0.01279	0.03748	0.11375	0.01912	0.22530	0.03103	0.10052	0.12859	0.04968	0.00987	0.00265	0.04028	0.00960	0.00653	0.00958
35	0.01927	0.01717	0.02733	0.12350	0.24451	0.01785	0.13373	0.15615	0.01972	0.04469	0.01464	0.01817	0.01136	0.00728	0.00818	0.00221	0.04634	0.00669	0.00450	0.07671
36	0.05755	0.01783	0.05505	0.18274	0.14800	0.03694	0.07041	0.18145	0.08616	0.02845	0.01611	0.01919	0.01232	0.01005	0.04386	0.00277	0.00936	0.00668	0.00483	0.01024

[dist]
# distance from previous block
# <min> <max>
46	324

[block]
# block no. 8 follows, 28 sequences, length 30
# corresponding to MSA columns:
# 1042-1071
name=unknown_I
#
# <colnr> <probs for GDERKNQSTAVLIFYWHMCP>
#	G	D	E	R	K	N	Q	S	T	A	V	L	I	F	Y	W	H	M	C	P
0	0.21409	0.07714	0.06767	0.01387	0.01862	0.03833	0.01215	0.19893	0.04210	0.07345	0.05346	0.04771	0.01598	0.01109	0.03873	0.00268	0.05217	0.00662	0.00557	0.00964
1	0.06172	0.06599	0.17937	0.05909	0.05915	0.10921	0.01479	0.02099	0.03683	0.04375	0.02107	0.02380	0.09263	0.03930	0.00901	0.04323	0.00825	0.00670	0.00426	0.10087
2	0.06312	0.04217	0.01963	0.01764	0.09252	0.03727	0.05128	0.16390	0.10196	0.06920	0.05800	0.02645	0.07306	0.03622	0.05977	0.00306	0.02985	0.00780	0.00578	0.04133
3	0.19604	0.05021	0.11522	0.01696	0.02266	0.09647	0.11564	0.06623	0.05818	0.11089	0.05047	0.01883	0.01434	0.00792	0.00717	0.00225	0.02941	0.00632	0.00508	0.00970
4	0.06162	0.14039	0.08236	0.06491	0.02016	0.14271	0.01238	0.04168	0.03592	0.04256	0.04229	0.04933	0.06928	0.08473	0.00979	0.00260	0.00812	0.03557	0.00465	0.04895
5	0.01986	0.13531	0.04234	0.01834	0.11856	0.12439	0.01327	0.08768	0.07757	0.07969	0.08350	0.02750	0.07489	0.00958	0.00702	0.00211	0.00769	0.03329	0.00546	0.03194
6	0.01809	0.13579	0.16143	0.01945	0.11936	0.01644	0.05172	0.07882	0.01784	0.08787	0.06972	0.02481	0.01827	0.05509	0.00881	0.00243	0.00795	0.03511	0.02941	0.04158
7	0.02054	0.20309	0.09413	0.01842	0.09642	0.13016	0.01477	0.07298	0.09902	0.06707	0.01765	0.01866	0.03845	0.00795	0.00694	0.00201	0.03042	0.00593	0.00467	0.05071
8	0.08211	0.06652	0.17630	0.04063	0.07936	0.10696	0.06413	0.04631	0.14126	0.02502	0.01618	0.01789	0.01244	0.00742	0.00662	0.00213	0.00872	0.00599	0.03451	0.05952
9	0.02059	0.10662	0.06082	0.12590	0.05048	0.23916	0.01492	0.06752	0.13729	0.02284	0.01535	0.01713	0.01206	0.00757	0.00659	0.00201	0.00941	0.00568	0.00447	0.07358
10	0.04212	0.12420	0.06068	0.10792	0.03275	0.01944	0.35196	0.04566	0.01640	0.02259	0.01329	0.01746	0.01039	0.00681	0.00843	0.00227	0.05693	0.00693	0.00368	0.05008
11	0.01285	0.01072	0.01214	0.05488	0.01525	0.03914	0.00892	0.03784	0.10833	0.02272	0.13625	0.04161	0.18816	0.07894	0.12109	0.00419	0.03696	0.01033	0.05225	0.00742
12	0.01059	0.00765	0.00891	0.00845	0.01074	0.00669	0.00639	0.01319	0.01859	0.05907	0.35099	0.06059	0.37909	0.01633	0.00852	0.00237	0.00370	0.01394	0.00743	0.00678
13	0.06880	0.05056	0.07087	0.19747	0.13604	0.18505	0.01671	0.02465	0.10582	0.02195	0.01568	0.04695	0.01297	0.00807	0.00687	0.00222	0.00933	0.00650	0.00418	0.00931
14	0.00897	0.00642	0.00854	0.01004	0.01057	0.00598	0.00676	0.01042	0.01446	0.01943	0.09385	0.68353	0.04976	0.02212	0.00922	0.00290	0.00415	0.02005	0.00685	0.00598
15	0.05598	0.01323	0.01328	0.01213	0.01452	0.07042	0.00908	0.07693	0.17182	0.02393	0.02143	0.02899	0.01904	0.19026	0.12545	0.00485	0.03667	0.00782	0.09619	0.00798
16	0.02321	0.02104	0.01864	0.01607	0.02005	0.21748	0.01262	0.13085	0.23016	0.10394	0.05489	0.02182	0.01787	0.00940	0.00854	0.00228	0.06768	0.00694	0.00620	0.01032
17	0.01458	0.03760	0.70688	0.02072	0.03146	0.01688	0.02686	0.02302	0.01535	0.02302	0.01304	0.01535	0.00921	0.00691	0.00691	0.00230	0.01074	0.00537	0.00307	0.01074
