[name]
unknown

[dist]
# distance from previous block
# <min> <max>
0	386

[block]
# block no. 0 follows, 23 sequences, length 9
# corresponding to MSA columns:
# 455-463
name=unknown_A
#
# <colnr> <probs for GDERKNQSTAVLIFYWHMCP>
#	G	D	E	R	K	N	Q	S	T	A	V	L	I	F	Y	W	H	M	C	P
0	0.07469	0.06930	0.05659	0.01675	0.02200	0.10558	0.01431	0.18699	0.13074	0.07800	0.05779	0.03166	0.02247	0.01133	0.00808	0.00259	0.00862	0.08434	0.00694	0.01126
1	0.07379	0.02768	0.20791	0.02354	0.11508	0.06630	0.02018	0.25365	0.02575	0.08351	0.01743	0.01876	0.01258	0.00860	0.00774	0.00246	0.00996	0.00666	0.00590	0.01253
2	0.13950	0.14935	0.22279	0.01628	0.02340	0.06503	0.01692	0.05996	0.01849	0.02746	0.06196	0.06032	0.04073	0.00968	0.00707	0.00233	0.00885	0.00736	0.00487	0.05765
3	0.08295	0.26505	0.07956	0.04789	0.02361	0.06487	0.04738	0.08173	0.01925	0.02570	0.02250	0.02392	0.09683	0.00918	0.00683	0.00214	0.00867	0.00697	0.00479	0.08019
4	0.07069	0.02598	0.23366	0.02436	0.14730	0.05537	0.02048	0.08356	0.04579	0.10997	0.02014	0.02493	0.01570	0.00933	0.00786	0.00255	0.00957	0.04801	0.03301	0.01176
5	0.02155	0.01914	0.09407	0.07613	0.07696	0.06946	0.07788	0.06364	0.02047	0.16113	0.05337	0.15580	0.02554	0.01260	0.00876	0.00271	0.00893	0.03478	0.00648	0.01061
6	0.02240	0.02053	0.08393	0.01856	0.06489	0.07241	0.01450	0.24827	0.06735	0.03178	0.01866	0.02441	0.01567	0.09114	0.01645	0.15656	0.00908	0.00757	0.00578	0.01007
7	0.02223	0.01767	0.02072	0.17729	0.02934	0.07195	0.01513	0.19746	0.02309	0.08394	0.01854	0.02225	0.01433	0.01833	0.13358	0.00430	0.01170	0.00713	0.00576	0.10526
8	0.01473	0.01455	0.10313	0.01553	0.04770	0.01160	0.01238	0.06337	0.04189	0.04982	0.03107	0.30917	0.03314	0.11232	0.09661	0.00483	0.00891	0.01445	0.00625	0.00856

[dist]
# distance from previous block
# <min> <max>
13	22

[block]
# block no. 1 follows, 23 sequences, length 34
# corresponding to MSA columns:
# 498-531
name=unknown_B
#
# <colnr> <probs for GDERKNQSTAVLIFYWHMCP>
#	G	D	E	R	K	N	Q	S	T	A	V	L	I	F	Y	W	H	M	C	P
0	0.16880	0.01528	0.02001	0.02521	0.23994	0.01593	0.01469	0.10483	0.01939	0.02994	0.02621	0.16835	0.06585	0.03925	0.00930	0.00285	0.00739	0.01085	0.00580	0.01014
1	0.01876	0.09527	0.02418	0.10573	0.14840	0.11233	0.01615	0.02219	0.01791	0.02322	0.05887	0.07517	0.02057	0.01069	0.00950	0.00240	0.07305	0.04010	0.00476	0.12076
2	0.02021	0.01092	0.01331	0.01125	0.01548	0.00944	0.00888	0.02364	0.03850	0.25374	0.15241	0.05162	0.27417	0.01487	0.00879	0.00252	0.00526	0.01244	0.00848	0.06408
3	0.02429	0.02140	0.01994	0.01700	0.02127	0.14036	0.01347	0.21781	0.19131	0.03479	0.02210	0.02298	0.01690	0.01018	0.00930	0.00247	0.07092	0.00744	0.12473	0.01133
4	0.08447	0.01682	0.01678	0.01412	0.01861	0.07728	0.01127	0.17560	0.07469	0.15675	0.02358	0.02445	0.01735	0.01279	0.05024	0.00299	0.00819	0.00735	0.19574	0.01094
5	0.01289	0.00891	0.01089	0.01132	0.01309	0.00853	0.00811	0.01677	0.07601	0.06464	0.11511	0.36436	0.14910	0.06674	0.01188	0.00334	0.00511	0.03777	0.00774	0.00771
6	0.04860	0.01534	0.02039	0.06391	0.13244	0.01574	0.01449	0.06643	0.16275	0.22397	0.12106	0.03055	0.02705	0.01054	0.00826	0.00256	0.00715	0.00897	0.00776	0.01203
7	0.01719	0.01303	0.01443	0.01339	0.01653	0.01391	0.01015	0.14150	0.18695	0.03170	0.07143	0.24095	0.09286	0.01619	0.00882	0.00276	0.00578	0.01392	0.07870	0.00980
8	0.02381	0.02649	0.02015	0.01803	0.02165	0.35379	0.01406	0.08082	0.02216	0.02457	0.07154	0.03036	0.06096	0.01173	0.01012	0.00246	0.08659	0.06317	0.00540	0.05216
9	0.01771	0.01634	0.02001	0.09449	0.06507	0.07534	0.05535	0.07552	0.01922	0.02576	0.02449	0.15275	0.05447	0.03189	0.00896	0.00242	0.00809	0.01012	0.00547	0.23652
10	0.09248	0.08550	0.02674	0.04811	0.21340	0.12494	0.01746	0.18026	0.02385	0.08763	0.01661	0.01853	0.01270	0.00831	0.00743	0.00233	0.00966	0.00650	0.00562	0.01193
11	0.50703	0.01590	0.01758	0.01419	0.01987	0.01690	0.07821	0.02798	0.01673	0.19243	0.01700	0.01772	0.01198	0.00808	0.00630	0.00254	0.00724	0.00590	0.00617	0.01027
12	0.02751	0.02788	0.02381	0.02225	0.08210	0.28947	0.01617	0.22398	0.10950	0.03221	0.01758	0.01890	0.01363	0.00938	0.00886	0.00240	0.05023	0.00669	0.00592	0.01153
13	0.01891	0.01554	0.02206	0.34487	0.09454	0.01784	0.01771	0.16503	0.02102	0.02822	0.01789	0.02586	0.01485	0.10782	0.01264	0.00330	0.00948	0.00790	0.04469	0.00984
14	0.01083	0.00792	0.01060	0.01208	0.01324	0.00769	0.00906	0.01305	0.01634	0.02151	0.04553	0.41839	0.10935	0.02807	0.08421	0.00442	0.00720	0.16642	0.00717	0.00691
15	0.01543	0.00891	0.01122	0.01091	0.01326	0.00795	0.00797	0.01766	0.01880	0.15081	0.15513	0.28692	0.18653	0.05606	0.01124	0.00313	0.00502	0.01676	0.00813	0.00817
16	0.01793	0.01384	0.01539	0.01390	0.01741	0.01501	0.01076	0.16701	0.18589	0.03178	0.03777	0.15052	0.12592	0.02069	0.09163	0.00399	0.00809	0.01218	0.05021	0.01008
17	0.59696	0.01636	0.01403	0.01212	0.01732	0.01860	0.00992	0.08328	0.06695	0.07799	0.01510	0.01604	0.01124	0.00817	0.00576	0.00252	0.00657	0.00528	0.00588	0.00989
18	0.36602	0.01887	0.01641	0.01402	0.01891	0.09119	0.01130	0.17888	0.02149	0.05769	0.01919	0.02081	0.04871	0.01382	0.06764	0.00341	0.00916	0.00646	0.00597	0.01005
19	0.04524	0.01916	0.01889	0.08776	0.02390	0.13116	0.01372	0.19626	0.08075	0.03132	0.04691	0.14061	0.02477	0.01617	0.05152	0.00333	0.00965	0.04219	0.00654	0.01012
20	0.02219	0.58167	0.04134	0.01675	0.02358	0.08957	0.08213	0.02522	0.01737	0.01992	0.01196	0.01414	0.01062	0.00706	0.00588	0.00188	0.00976	0.00499	0.00360	0.01038
21	0.55551	0.01875	0.01454	0.01302	0.01719	0.11316	0.01040	0.02403	0.01489	0.03137	0.01218	0.01595	0.01031	0.04608	0.00929	0.00283	0.07191	0.00516	0.00476	0.00868
22	0.01970	0.09796	0.10106	0.01624	0.02146	0.12064	0.04682	0.02754	0.14414	0.06056	0.11456	0.03223	0.08255	0.01098	0.00787	0.00240	0.00828	0.00895	0.06585	0.01021
23	0.01085	0.00790	0.01025	0.01069	0.01215	0.00730	0.00778	0.01367	0.01973	0.02703	0.36148	0.29546	0.11301	0.02037	0.00994	0.00290	0.00436	0.04967	0.00824	0.00720
24	0.01515	0.01328	0.02161	0.47369	0.10026	0.01578	0.01916	0.01992	0.01625	0.02216	0.01807	0.06225	0.01521	0.01296	0.05646	0.00337	0.01038	0.00826	0.08685	0.00894
25	0.01207	0.00792	0.00880	0.00928	0.01095	0.00745	0.00679	0.01448	0.01670	0.02379	0.04708	0.15179	0.21679	0.11365	0.01301	0.00337	0.00498	0.07919	0.24508	0.00684
26	0.01190	0.00802	0.01105	0.01105	0.01233	0.00824	0.00813	0.01274	0.01434	0.01932	0.09046	0.06241	0.14839	0.03807	0.27394	0.23577	0.01173	0.01082	0.00524	0.00607
27	0.02193	0.38974	0.21597	0.01792	0.02572	0.16123	0.01878	0.02635	0.01800	0.02111	0.01246	0.01451	0.01038	0.00745	0.00634	0.00204	0.01083	0.00499	0.00360	0.01065
28	0.01261	0.00940	0.01313	0.01163	0.01253	0.00925	0.07398	0.01336	0.01261	0.01686	0.02456	0.04968	0.02762	0.63720	0.03782	0.00730	0.00850	0.01156	0.00483	0.00558
29	0.02348	0.12041	0.03083	0.02528	0.12620	0.15259	0.14975	0.05894	0.02006	0.09473	0.01749	0.02190	0.01422	0.05342	0.05257	0.00333	0.01171	0.00740	0.00494	0.01073
30	0.16752	0.02178	0.02402	0.12243	0.19619	0.12415	0.01771	0.17562	0.02280	0.03258	0.01499	0.01798	0.01164	0.00821	0.00738	0.00243	0.00977	0.00639	0.00518	0.01122
31	0.01314	0.00816	0.01166	0.01277	0.01372	0.00811	0.01002	0.01367	0.01504	0.01975	0.03142	0.13211	0.03421	0.02509	0.01945	0.31275	0.00700	0.30031	0.00587	0.00577
32	0.02375	0.02438	0.05685	0.01960	0.02465	0.20518	0.07100	0.13309	0.14368	0.05211	0.02304	0.03013	0.01927	0.01370	0.04673	0.00320	0.01112	0.08144	0.00620	0.01088
33	0.02506	0.02027	0.02547	0.07064	0.22535	0.04275	0.01797	0.33095	0.02820	0.03860	0.01825	0.02062	0.01384	0.00878	0.00784	0.00238	0.00899	0.00723	0.07433	0.01249

[dist]
# distance from previous block
# <min> <max>
0	1

[block]
# block no. 2 follows, 23 sequences, length 8
# corresponding to MSA columns:
# 534-541
name=unknown_C
#
# <colnr> <probs for GDERKNQSTAVLIFYWHMCP>
#	G	D	E	R	K	N	Q	S	T	A	V	L	I	F	Y	W	H	M	C	P
0	0.31659	0.02473	0.19057	0.09914	0.08445	0.06048	0.01833	0.06984	0.01775	0.03092	0.01356	0.01638	0.01025	0.00783	0.00673	0.00251	0.00933	0.00567	0.00452	0.01043
1	0.08281	0.01303	0.01582	0.01952	0.14465	0.05292	0.01228	0.01899	0.01659	0.02440	0.02656	0.08632	0.02699	0.14126	0.04035	0.00407	0.00818	0.14600	0.11096	0.00828
2	0.29121	0.02309	0.07599	0.12012	0.02621	0.16682	0.01478	0.08733	0.01924	0.03038	0.01430	0.01706	0.01100	0.00819	0.00661	0.00240	0.00944	0.00569	0.06048	0.00966
3	0.02009	0.07943	0.06195	0.01446	0.02028	0.01676	0.01260	0.19097	0.02214	0.03175	0.01796	0.02104	0.01448	0.01644	0.11578	0.00366	0.00975	0.00644	0.08208	0.24194
4	0.01604	0.01207	0.01340	0.01277	0.01474	0.05219	0.00924	0.08014	0.04918	0.05571	0.05951	0.18366	0.03160	0.20187	0.16440	0.00631	0.01041	0.01254	0.00626	0.00794
5	0.01643	0.01336	0.02221	0.24020	0.23760	0.01450	0.01776	0.01845	0.01493	0.02024	0.01458	0.02221	0.01265	0.01501	0.01653	0.27507	0.00908	0.00716	0.00371	0.00830
6	0.01911	0.01694	0.02602	0.02465	0.12274	0.01743	0.15544	0.13313	0.13447	0.03056	0.02720	0.20344	0.02576	0.01304	0.00905	0.00278	0.00856	0.01229	0.00645	0.01094
7	0.01439	0.01186	0.01468	0.01588	0.09126	0.03980	0.03243	0.01809	0.04680	0.04841	0.15938	0.10119	0.24087	0.07792	0.01187	0.00308	0.00610	0.01351	0.04415	0.00834

[dist]
# distance from previous block
# <min> <max>
0	2

[block]
# block no. 3 follows, 23 sequences, length 12
# corresponding to MSA columns:
# 544-555
name=unknown_D
#
# <colnr> <probs for GDERKNQSTAVLIFYWHMCP>
#	G	D	E	R	K	N	Q	S	T	A	V	L	I	F	Y	W	H	M	C	P
0	0.02143	0.01783	0.02094	0.02352	0.17811	0.09792	0.01472	0.09990	0.05752	0.09256	0.12453	0.07912	0.02850	0.06873	0.01176	0.00297	0.03298	0.00989	0.00648	0.01057
1	0.07527	0.02655	0.36657	0.01761	0.02465	0.01413	0.01971	0.02007	0.01625	0.02467	0.02578	0.28038	0.02667	0.01444	0.00850	0.00284	0.00875	0.01236	0.00512	0.00968
2	0.21962	0.08610	0.21658	0.02276	0.12798	0.10195	0.01943	0.06955	0.01864	0.02921	0.01364	0.01608	0.01058	0.00775	0.00682	0.00239	0.00993	0.00563	0.00437	0.01096
3	0.02120	0.02043	0.03351	0.02563	0.03020	0.02327	0.25210	0.15944	0.02071	0.02902	0.01481	0.01971	0.01198	0.01041	0.01602	0.00299	0.28495	0.00809	0.00478	0.01076
4	0.08137	0.01591	0.01740	0.01411	0.01944	0.01621	0.01139	0.21287	0.10143	0.15961	0.03648	0.03472	0.15984	0.01189	0.00806	0.00246	0.00672	0.00946	0.00787	0.07276
5	0.01087	0.00817	0.01006	0.00979	0.01180	0.00736	0.00727	0.01405	0.02121	0.02885	0.46176	0.11906	0.22332	0.01833	0.00964	0.00266	0.00397	0.01600	0.00846	0.00736
6	0.02225	0.03007	0.21023	0.02454	0.03235	0.15959	0.20457	0.05292	0.09409	0.06305	0.01803	0.02025	0.01331	0.00818	0.00829	0.00253	0.01200	0.00745	0.00491	0.01140
7	0.14306	0.01836	0.06081	0.01528	0.02138	0.01747	0.01324	0.22313	0.05033	0.25972	0.02337	0.02250	0.01599	0.00940	0.00744	0.00245	0.00750	0.00717	0.06900	0.01238
8	0.01057	0.00774	0.00997	0.01085	0.01213	0.00714	0.00779	0.01297	0.01841	0.02478	0.24015	0.39065	0.13188	0.02189	0.01008	0.00303	0.00456	0.06042	0.00796	0.00701
9	0.02900	0.23123	0.07210	0.01441	0.02100	0.01829	0.01338	0.03247	0.02030	0.38056	0.02404	0.02258	0.01648	0.00889	0.00705	0.00224	0.00759	0.00680	0.05938	0.01221
10	0.01420	0.00897	0.01174	0.01155	0.01320	0.00905	0.00860	0.01628	0.01550	0.08443	0.06825	0.05290	0.08038	0.26016	0.20957	0.00745	0.01109	0.10345	0.00609	0.00716
11	0.02953	0.02827	0.02242	0.01899	0.02417	0.31396	0.01487	0.23393	0.11875	0.08630	0.01942	0.01958	0.01443	0.00934	0.00779	0.00233	0.01092	0.00673	0.00656	0.01172

[dist]
# distance from previous block
# <min> <max>
1	6

[block]
# block no. 4 follows, 23 sequences, length 9
# corresponding to MSA columns:
# 562-570
name=unknown_E
#
# <colnr> <probs for GDERKNQSTAVLIFYWHMCP>
#	G	D	E	R	K	N	Q	S	T	A	V	L	I	F	Y	W	H	M	C	P
0	0.02786	0.10422	0.02641	0.01933	0.02500	0.23122	0.05725	0.21784	0.10772	0.07663	0.01879	0.01936	0.01412	0.00898	0.00766	0.00232	0.01056	0.00678	0.00623	0.01172
1	0.01350	0.01041	0.01317	0.01250	0.01405	0.01114	0.00948	0.05824	0.01928	0.02655	0.25692	0.14685	0.09152	0.11917	0.01660	0.00367	0.09820	0.06395	0.00715	0.00763
2	0.01330	0.00846	0.01016	0.01006	0.01185	0.00769	0.00702	0.01508	0.01732	0.09025	0.13765	0.21622	0.21076	0.18695	0.01724	0.00405	0.00541	0.01597	0.00737	0.00718
3	0.01958	0.00974	0.01292	0.01203	0.01496	0.00868	0.00903	0.02203	0.01966	0.25428	0.14000	0.32033	0.08697	0.01820	0.00940	0.00286	0.00531	0.01601	0.00865	0.00935
4	0.01834	0.01012	0.01287	0.01174	0.01468	0.00954	0.00894	0.02314	0.07364	0.18631	0.28320	0.16830	0.04922	0.01554	0.00892	0.00264	0.00496	0.01356	0.07495	0.00939
5	0.22488	0.01429	0.01706	0.01347	0.01943	0.01353	0.01112	0.03552	0.02081	0.50758	0.02671	0.02392	0.01719	0.00940	0.00736	0.00251	0.00674	0.00720	0.00876	0.01252
6	0.02554	0.01864	0.01882	0.01554	0.02012	0.09221	0.01234	0.28864	0.02689	0.12074	0.02491	0.02776	0.05037	0.06527	0.08871	0.00399	0.01004	0.00819	0.07025	0.01104
7	0.77215	0.01569	0.01193	0.01067	0.01569	0.01820	0.00879	0.02385	0.01381	0.03641	0.01130	0.01318	0.00879	0.00753	0.00502	0.00251	0.00628	0.00439	0.00502	0.00879
8	0.09029	0.23986	0.02692	0.01625	0.02151	0.18262	0.01367	0.14365	0.05563	0.02772	0.01555	0.01778	0.01285	0.01436	0.08525	0.00339	0.01134	0.00589	0.00503	0.01044

[dist]
# distance from previous block
# <min> <max>
9	12

[block]
# block no. 5 follows, 23 sequences, length 55
# corresponding to MSA columns:
# 583-637
name=unknown_F
#
# <colnr> <probs for GDERKNQSTAVLIFYWHMCP>
#	G	D	E	R	K	N	Q	S	T	A	V	L	I	F	Y	W	H	M	C	P
0	0.02063	0.32742	0.20679	0.02248	0.07664	0.08878	0.10358	0.02572	0.01780	0.02241	0.01327	0.01600	0.01082	0.00729	0.00688	0.00218	0.01088	0.00579	0.00366	0.01099
1	0.01378	0.01168	0.01565	0.01383	0.01584	0.01239	0.03182	0.01591	0.01548	0.02217	0.10082	0.18268	0.05598	0.14394	0.01883	0.00369	0.16497	0.01240	0.00570	0.14243
2	0.01093	0.00838	0.01012	0.01060	0.01244	0.00776	0.00784	0.01429	0.04568	0.02510	0.21985	0.26345	0.24273	0.02071	0.00990	0.00294	0.00459	0.06747	0.00793	0.00729
3	0.01638	0.01428	0.01856	0.01943	0.11435	0.07354	0.05403	0.02012	0.02062	0.04869	0.32843	0.04384	0.04577	0.04298	0.01111	0.00278	0.03974	0.03253	0.04385	0.00895
4	0.02755	0.03009	0.09678	0.01938	0.02514	0.30739	0.01642	0.14323	0.13697	0.08866	0.01948	0.01979	0.01448	0.00916	0.00775	0.00236	0.01112	0.00667	0.00607	0.01152
5	0.02148	0.01807	0.01908	0.01678	0.02159	0.02079	0.01316	0.11534	0.57523	0.03603	0.03138	0.02896	0.02344	0.01085	0.00824	0.00271	0.00673	0.00895	0.00824	0.01296
6	0.01631	0.01340	0.01446	0.01307	0.01674	0.01427	0.01012	0.07797	0.29241	0.03172	0.17561	0.04903	0.21240	0.01473	0.00889	0.00268	0.00545	0.01238	0.00818	0.01017
7	0.01837	0.01753	0.02984	0.28252	0.44491	0.01883	0.02405	0.02340	0.01766	0.02443	0.01496	0.02064	0.01212	0.00755	0.00806	0.00252	0.01006	0.00722	0.00387	0.01147
8	0.77215	0.01569	0.01193	0.01067	0.01569	0.01820	0.00879	0.02385	0.01381	0.03641	0.01130	0.01318	0.00879	0.00753	0.00502	0.00251	0.00628	0.00439	0.00502	0.00879
9	0.02169	0.71972	0.04252	0.01388	0.02083	0.03211	0.01388	0.02430	0.01649	0.01909	0.01128	0.01302	0.01041	0.00694	0.00521	0.00174	0.00868	0.00434	0.00347	0.01041
10	0.01342	0.00981	0.01342	0.01467	0.01703	0.00948	0.01276	0.01715	0.01851	0.02448	0.04033	0.08464	0.04350	0.02090	0.01073	0.00350	0.00734	0.55380	0.00723	0.07732
11	0.01159	0.00869	0.01304	0.01304	0.01449	0.01014	0.01014	0.01449	0.01304	0.01884	0.02173	0.03188	0.02029	0.06086	0.68268	0.01304	0.02173	0.00869	0.00435	0.00724
12	0.00996	0.00779	0.00903	0.00967	0.01143	0.00686	0.00689	0.01200	0.01796	0.02287	0.14487	0.31804	0.34999	0.02189	0.00988	0.00293	0.00430	0.01908	0.00772	0.00686
13	0.01454	0.01261	0.01821	0.33068	0.03418	0.01468	0.01558	0.02222	0.14294	0.02386	0.05413	0.22626	0.02891	0.01411	0.00886	0.00288	0.00786	0.01256	0.00591	0.00901
14	0.02305	0.65458	0.04033	0.01394	0.02082	0.03024	0.01370	0.02570	0.01711	0.07914	0.01319	0.01436	0.01131	0.00723	0.00548	0.00181	0.00851	0.00469	0.00408	0.01073
15	0.02166	0.01121	0.01457	0.01214	0.01644	0.00971	0.00969	0.02507	0.02181	0.27563	0.27147	0.04523	0.08511	0.01333	0.00867	0.00244	0.00547	0.03931	0.00869	0.10234
16	0.05952	0.02172	0.02494	0.21681	0.17582	0.15178	0.01900	0.12594	0.02212	0.08185	0.01638	0.01964	0.01236	0.00836	0.00779	0.00245	0.01047	0.00678	0.00515	0.01112
17	0.02098	0.02061	0.03292	0.03845	0.36903	0.04916	0.12494	0.08103	0.01961	0.02728	0.01498	0.01972	0.01239	0.00858	0.01129	0.00264	0.12270	0.00752	0.00434	0.01183
18	0.02043	0.01866	0.01818	0.01642	0.02075	0.08028	0.01269	0.03992	0.54189	0.03253	0.08101	0.03124	0.02757	0.01121	0.00827	0.00268	0.00697	0.00925	0.00793	0.01211
19	0.01881	0.01847	0.02728	0.08958	0.40814	0.07060	0.02079	0.02277	0.01752	0.02389	0.01775	0.08399	0.01659	0.01328	0.05540	0.00330	0.06791	0.00862	0.00431	0.01099
20	0.77215	0.01569	0.01193	0.01067	0.01569	0.01820	0.00879	0.02385	0.01381	0.03641	0.01130	0.01318	0.00879	0.00753	0.00502	0.00251	0.00628	0.00439	0.00502	0.00879
21	0.01775	0.01775	0.02485	0.02130	0.02130	0.02485	0.01775	0.01953	0.01243	0.01953	0.01065	0.01775	0.01065	0.01420	0.02663	0.00355	0.69998	0.00710	0.00355	0.00888
22	0.01861	0.01570	0.01710	0.01582	0.01985	0.01784	0.01246	0.03764	0.52132	0.03263	0.08414	0.04030	0.03161	0.01287	0.00873	0.00286	0.00635	0.08422	0.00821	0.01176
23	0.02480	0.01637	0.02310	0.12186	0.05818	0.01920	0.01668	0.07360	0.01890	0.24244	0.01934	0.02192	0.01421	0.01120	0.01527	0.00293	0.27524	0.00750	0.00612	0.01113
24	0.02038	0.01613	0.02311	0.07743	0.13959	0.01709	0.06274	0.11444	0.13510	0.07573	0.02677	0.03913	0.02336	0.01453	0.04205	0.00335	0.00927	0.14213	0.00656	0.01113
25	0.01107	0.00828	0.01028	0.00978	0.01187	0.00748	0.00733	0.01452	0.02200	0.03024	0.53484	0.06440	0.20309	0.01745	0.00957	0.00259	0.00389	0.01521	0.00863	0.00748
26	0.01894	0.01832	0.01650	0.01587	0.01908	0.14815	0.01199	0.03058	0.30986	0.02689	0.03277	0.21527	0.03122	0.01516	0.00884	0.00283	0.00767	0.05278	0.00719	0.01010
27	0.01801	0.29181	0.02420	0.01188	0.01621	0.01820	0.05151	0.02153	0.01695	0.02552	0.01975	0.02283	0.01609	0.00828	0.00575	0.00189	0.00640	0.00642	0.40785	0.00893
28	0.01261	0.00772	0.00903	0.00923	0.01086	0.00735	0.00672	0.01582	0.01865	0.02857	0.23309	0.18754	0.07337	0.01562	0.00808	0.00244	0.00401	0.01355	0.32840	0.00735
29	0.02315	0.01810	0.02725	0.07414	0.07610	0.01978	0.13621	0.15626	0.05302	0.11503	0.01950	0.02234	0.01460	0.00974	0.01151	0.00269	0.13264	0.00792	0.06866	0.01137
30	0.05061	0.01458	0.01523	0.01332	0.01573	0.09896	0.03595	0.06763	0.01661	0.07165	0.02004	0.03297	0.01948	0.27876	0.02530	0.16359	0.00871	0.00862	0.00515	0.03712
31	0.01986	0.19624	0.03106	0.02048	0.02324	0.07862	0.06794	0.02229	0.01485	0.01998	0.01144	0.01666	0.01071	0.01130	0.01829	0.00291	0.41457	0.00646	0.00363	0.00948
32	0.01890	0.01460	0.01713	0.01260	0.01952	0.01166	0.01008	0.02400	0.06775	0.08641	0.01753	0.01889	0.01378	0.00678	0.00639	0.00145	0.00612	0.00546	0.00556	0.63538
33	0.07788	0.04720	0.01771	0.01838	0.10096	0.15776	0.01205	0.02049	0.01719	0.02297	0.04909	0.17208	0.02598	0.09588	0.04086	0.00360	0.03837	0.01075	0.06237	0.00841
34	0.02346	0.23630	0.08440	0.02141	0.07525	0.27398	0.03900	0.02665	0.01888	0.02087	0.01389	0.04451	0.01252	0.00894	0.00859	0.00225	0.06880	0.00625	0.00398	0.01009
35	0.02220	0.02322	0.07463	0.13031	0.11760	0.12828	0.06718	0.16268	0.02341	0.03036	0.05961	0.02168	0.01638	0.00865	0.00796	0.00235	0.01026	0.00729	0.00527	0.08067
36	0.02680	0.06538	0.02329	0.02093	0.05491	0.49357	0.01536	0.03082	0.07188	0.02211	0.05798	0.01931	0.01619	0.00925	0.00827	0.00223	0.04089	0.00631	0.00476	0.00976
37	0.01304	0.01164	0.01814	0.04842	0.12159	0.01107	0.08353	0.01615	0.01756	0.02277	0.04709	0.20936	0.24067	0.04110	0.01066	0.00307	0.00692	0.06261	0.00631	0.00830
38	0.01179	0.00792	0.00914	0.00914	0.00924	0.00802	0.00527	0.01198	0.01188	0.01595	0.02530	0.05165	0.02887	0.67018	0.08510	0.00822	0.00881	0.01159	0.00488	0.00508
39	0.02063	0.01172	0.01440	0.01269	0.01635	0.01135	0.00993	0.04669	0.12235	0.21178	0.15181	0.06715	0.13946	0.01588	0.01105	0.07293	0.00585	0.03983	0.00827	0.00991
40	0.02986	0.02224	0.02380	0.01847	0.02479	0.02470	0.01518	0.58235	0.09457	0.04955	0.02073	0.02048	0.01481	0.00986	0.00813	0.00246	0.00870	0.00748	0.00813	0.01371
41	0.39660	0.01558	0.01460	0.01227	0.01719	0.01716	0.01002	0.15907	0.02071	0.10557	0.01799	0.01914	0.01323	0.00863	0.00615	0.00238	0.00648	0.00600	0.14104	0.01020
42	0.21463	0.01901	0.02006	0.01576	0.02184	0.02050	0.01301	0.35297	0.02883	0.18537	0.02026	0.01974	0.01397	0.00926	0.00736	0.00247	0.00782	0.00678	0.00778	0.01257
43	0.01069	0.00797	0.01014	0.01156	0.01296	0.00741	0.00873	0.01290	0.01711	0.02199	0.05327	0.38707	0.19806	0.02342	0.01041	0.00328	0.00533	0.18328	0.00752	0.00690
44	0.02169	0.71972	0.04252	0.01388	0.02083	0.03211	0.01388	0.02430	0.01649	0.01909	0.01128	0.01302	0.01041	0.00694	0.00521	0.00174	0.00868	0.00434	0.00347	0.01041
45	0.40645	0.01612	0.01568	0.01291	0.01830	0.01746	0.01061	0.14969	0.02102	0.18206	0.01864	0.01886	0.01316	0.00867	0.00639	0.00245	0.00678	0.00604	0.05786	0.01084
46	0.02281	0.01873	0.01983	0.01704	0.02210	0.02141	0.01348	0.18940	0.49900	0.03818	0.02969	0.02762	0.02207	0.01070	0.00822	0.00267	0.00704	0.00871	0.00822	0.01308
47	0.01090	0.00813	0.01012	0.00992	0.01184	0.00736	0.00733	0.01407	0.02115	0.02891	0.46555	0.14067	0.19726	0.01846	0.00967	0.00268	0.00399	0.01618	0.00847	0.00736
48	0.01532	0.01442	0.02434	0.69533	0.05589	0.01803	0.02253	0.02073	0.01622	0.02073	0.01442	0.02163	0.01082	0.00811	0.00811	0.00270	0.01082	0.00721	0.00361	0.00901
49	0.01198	0.01009	0.01075	0.01125	0.01320	0.03709	0.00807	0.01634	0.09266	0.02339	0.09291	0.35202	0.24833	0.02083	0.00968	0.00295	0.00508	0.01819	0.00756	0.00761
50	0.01296	0.00745	0.00972	0.00972	0.00972	0.00745	0.00599	0.01118	0.01118	0.01490	0.01977	0.03873	0.02171	0.36776	0.03645	0.39002	0.00745	0.00940	0.00421	0.00421
51	0.02277	0.63473	0.04008	0.01476	0.02136	0.11324	0.01411	0.02531	0.01730	0.01919	0.01144	0.01322	0.01042	0.00712	0.00547	0.00178	0.00942	0.00445	0.00356	0.01029
52	0.01076	0.00832	0.00990	0.01054	0.01222	0.00777	0.00750	0.01423	0.06057	0.02395	0.15789	0.36481	0.23872	0.02150	0.00985	0.00297	0.00450	0.01893	0.00782	0.00727
53	0.02268	0.08035	0.21359	0.02463	0.07766	0.25942	0.10132	0.02939	0.06988	0.02390	0.01538	0.01784	0.01196	0.00801	0.00771	0.00236	0.01232	0.00642	0.00422	0.01095
54	0.02935	0.02094	0.02340	0.02155	0.10346	0.07037	0.01556	0.31473	0.10603	0.17615	0.02277	0.02225	0.01612	0.00954	0.00807	0.00246	0.00871	0.00755	0.00774	0.01324

[dist]
# distance from previous block
# <min> <max>
0	2

[block]
# block no. 6 follows, 23 sequences, length 18
# corresponding to MSA columns:
# 640-657
name=unknown_G
#
# <colnr> <probs for GDERKNQSTAVLIFYWHMCP>
#	G	D	E	R	K	N	Q	S	T	A	V	L	I	F	Y	W	H	M	C	P
0	0.06770	0.02243	0.02122	0.01994	0.08861	0.18991	0.01420	0.06463	0.07629	0.02687	0.01545	0.01784	0.01263	0.00834	0.00889	0.00209	0.07800	0.00592	0.00497	0.25409
1	0.01546	0.01317	0.01868	0.23575	0.08706	0.01431	0.01501	0.02238	0.11710	0.02460	0.02455	0.15807	0.02287	0.01409	0.03837	0.00303	0.00825	0.01043	0.05756	0.09926
2	0.01671	0.01708	0.06636	0.02156	0.02672	0.01607	0.23131	0.08228	0.04415	0.02575	0.02255	0.02838	0.04696	0.02961	0.27843	0.00682	0.01557	0.00912	0.00489	0.00969
3	0.64113	0.01837	0.01400	0.01229	0.01736	0.07860	0.00998	0.07775	0.01674	0.03619	0.01212	0.01386	0.00937	0.00780	0.00550	0.00247	0.00726	0.00472	0.00521	0.00928
4	0.01094	0.00839	0.01010	0.01002	0.01225	0.00755	0.00775	0.01407	0.02070	0.02739	0.35894	0.07123	0.30023	0.01885	0.00978	0.00277	0.00439	0.08912	0.00821	0.00732
5	0.02400	0.25841	0.09238	0.01601	0.02234	0.02260	0.01497	0.20038	0.02359	0.11086	0.02144	0.09511	0.01871	0.01082	0.00746	0.00237	0.00838	0.03252	0.00622	0.01144
6	0.01628	0.01603	0.02411	0.06440	0.07009	0.08298	0.17043	0.02025	0.01834	0.02334	0.02981	0.20325	0.03131	0.01579	0.00978	0.00305	0.00949	0.17667	0.00581	0.00881
7	0.02549	0.02368	0.13466	0.01844	0.02521	0.02141	0.01692	0.34220	0.15188	0.08011	0.02219	0.02240	0.01610	0.01255	0.04633	0.00313	0.00957	0.00758	0.00724	0.01293
8	0.01037	0.00774	0.00971	0.01079	0.01214	0.00708	0.00779	0.01252	0.01763	0.02309	0.14379	0.40627	0.19692	0.02269	0.01015	0.00310	0.00472	0.07889	0.00773	0.00690
9	0.02114	0.02189	0.01898	0.01582	0.02042	0.22557	0.01233	0.06172	0.02076	0.02630	0.12574	0.02398	0.02270	0.00960	0.00913	0.00202	0.07426	0.00702	0.00541	0.27522
10	0.02622	0.02284	0.02381	0.01970	0.02327	0.13996	0.01605	0.24010	0.02427	0.08842	0.01598	0.01868	0.01256	0.01124	0.01509	0.00281	0.27509	0.00694	0.00584	0.01113
11	0.01394	0.04355	0.01442	0.01409	0.05356	0.05111	0.01015	0.01741	0.04652	0.02360	0.08076	0.14148	0.26305	0.01725	0.01021	0.00278	0.05378	0.06726	0.06702	0.00806
12	0.02405	0.02242	0.03146	0.05431	0.09432	0.13660	0.21623	0.05670	0.05611	0.12101	0.01829	0.02118	0.01372	0.00885	0.01049	0.00263	0.08722	0.00787	0.00532	0.01122
13	0.01422	0.00966	0.01021	0.00978	0.01237	0.00976	0.00742	0.02116	0.13608	0.02930	0.13423	0.04608	0.18162	0.01343	0.00766	0.00235	0.00436	0.01118	0.33075	0.00839
14	0.01177	0.00903	0.01268	0.01324	0.01417	0.01009	0.01003	0.01396	0.01451	0.02010	0.03183	0.28832	0.03525	0.07091	0.25736	0.00713	0.08063	0.08606	0.00584	0.00708
15	0.01961	0.01575	0.02367	0.03115	0.33299	0.01591	0.01741	0.02708	0.13105	0.09262	0.13453	0.07148	0.02929	0.01092	0.00849	0.00256	0.00748	0.00993	0.00644	0.01166
16	0.05475	0.01234	0.01696	0.01377	0.01846	0.01081	0.07125	0.02220	0.01864	0.16147	0.07587	0.15199	0.09364	0.01289	0.00814	0.00236	0.00627	0.01132	0.04972	0.18717
17	0.01734	0.01414	0.01968	0.10630	0.15700	0.01489	0.01472	0.12851	0.05082	0.03137	0.21029	0.13600	0.03812	0.01343	0.00887	0.00264	0.00707	0.01189	0.00685	0.01007

[dist]
# distance from previous block
# <min> <max>
0	17

[block]
# block no. 7 follows, 23 sequences, length 14
# corresponding to MSA columns:
# 675-688
name=unknown_H
#
# <colnr> <probs for GDERKNQSTAVLIFYWHMCP>
#	G	D	E	R	K	N	Q	S	T	A	V	L	I	F	Y	W	H	M	C	P
0	0.13303	0.02700	0.02174	0.02039	0.06816	0.31342	0.01494	0.09950	0.06143	0.09030	0.01638	0.01783	0.01261	0.00907	0.00867	0.00240	0.06081	0.00615	0.00551	0.01067
1	0.02009	0.01292	0.01468	0.01388	0.01730	0.05261	0.01117	0.05435	0.06032	0.18042	0.04322	0.14863	0.13524	0.01733	0.00951	0.00299	0.00686	0.18096	0.00799	0.00955
2	0.07517	0.02243	0.02102	0.16384	0.11344	0.25258	0.01640	0.02418	0.01935	0.02322	0.05056	0.06447	0.04912	0.01110	0.00810	0.00254	0.01046	0.05785	0.00492	0.00923
3	0.22473	0.01754	0.01982	0.01947	0.10017	0.07147	0.06992	0.10801	0.02043	0.03093	0.03106	0.03541	0.15381	0.01167	0.00787	0.00261	0.00806	0.05138	0.00589	0.00974
4	0.07516	0.02642	0.02162	0.01775	0.02339	0.26550	0.01403	0.24605	0.02693	0.07399	0.01644	0.01741	0.01238	0.00856	0.00732	0.00214	0.01032	0.00604	0.00610	0.12246
5	0.02321	0.02106	0.02500	0.34381	0.04051	0.16908	0.06429	0.07496	0.02069	0.11461	0.01701	0.02073	0.01238	0.00847	0.00805	0.00252	0.01120	0.00708	0.00503	0.01030
6	0.01686	0.05518	0.01423	0.01130	0.01474	0.01140	0.00892	0.02278	0.10926	0.12319	0.25877	0.05024	0.18680	0.01461	0.00862	0.00252	0.00501	0.01232	0.06398	0.00927
7	0.07134	0.01447	0.02000	0.01670	0.02023	0.01534	0.07597	0.06834	0.01767	0.07247	0.02408	0.21961	0.02435	0.01419	0.01232	0.00276	0.15577	0.01151	0.00591	0.13696
8	0.01288	0.00876	0.00930	0.00890	0.01127	0.00822	0.00664	0.04720	0.01932	0.02731	0.14605	0.05567	0.29585	0.05951	0.01027	0.00275	0.00445	0.01288	0.24533	0.00744
9	0.01955	0.01606	0.01749	0.08761	0.02209	0.06886	0.01284	0.07108	0.19736	0.05049	0.02500	0.07603	0.02069	0.01148	0.01002	0.00261	0.09385	0.00889	0.17790	0.01010
10	0.02513	0.07657	0.02463	0.06642	0.02547	0.02092	0.07109	0.34390	0.02840	0.06510	0.01998	0.02169	0.01475	0.00908	0.00755	0.00232	0.00843	0.00735	0.14951	0.01173
11	0.01151	0.00759	0.00881	0.00944	0.01052	0.00719	0.00635	0.01335	0.01589	0.02254	0.08040	0.28439	0.12823	0.17765	0.01624	0.00391	0.00509	0.01581	0.16859	0.00652
12	0.05536	0.01196	0.01287	0.01185	0.01498	0.01278	0.00941	0.10995	0.12004	0.03370	0.10327	0.03847	0.02943	0.01197	0.00749	0.00242	0.00548	0.07692	0.32232	0.00934
13	0.01437	0.01165	0.01702	0.08098	0.10578	0.01320	0.01284	0.01829	0.06375	0.02039	0.02047	0.03147	0.01929	0.15289	0.27533	0.06399	0.05702	0.00871	0.00453	0.00803

[dist]
# distance from previous block
# <min> <max>
1	7

[block]
# block no. 8 follows, 23 sequences, length 18
# corresponding to MSA columns:
# 696-713
name=unknown_I
#
# <colnr> <probs for GDERKNQSTAVLIFYWHMCP>
#	G	D	E	R	K	N	Q	S	T	A	V	L	I	F	Y	W	H	M	C	P
0	0.26691	0.01848	0.02047	0.02316	0.18571	0.07716	0.01465	0.07261	0.04451	0.13188	0.01908	0.05867	0.01536	0.00926	0.00716	0.00250	0.00811	0.00728	0.00598	0.01109
1	0.02471	0.19098	0.02846	0.05289	0.12522	0.22570	0.01618	0.13580	0.02233	0.02608	0.01496	0.01913	0.01284	0.06016	0.00961	0.00257	0.01074	0.00628	0.00472	0.01063
2	0.01792	0.01269	0.01563	0.01342	0.01715	0.01296	0.04097	0.10445	0.11794	0.08483	0.15349	0.04315	0.15366	0.01773	0.06917	0.00348	0.00731	0.01118	0.09313	0.00974
3	0.01018	0.00797	0.00922	0.00949	0.01147	0.00701	0.00690	0.01257	0.01902	0.02454	0.23151	0.22313	0.35682	0.02062	0.00977	0.00282	0.00417	0.01786	0.00792	0.00701
4	0.01251	0.00864	0.01051	0.01027	0.01267	0.00772	0.00787	0.01543	0.02036	0.07057	0.29905	0.11828	0.28504	0.01882	0.00969	0.00278	0.00454	0.06931	0.00825	0.00768
5	0.28058	0.01242	0.01319	0.01147	0.01579	0.01240	0.00914	0.02486	0.01873	0.22639	0.11991	0.08544	0.11356	0.01267	0.00764	0.00261	0.00572	0.01011	0.00763	0.00974
6	0.72716	0.01558	0.01235	0.01090	0.01600	0.01782	0.00898	0.02481	0.01438	0.07514	0.01257	0.01406	0.00948	0.00769	0.00521	0.00251	0.00632	0.00462	0.00533	0.00909
7	0.02150	0.01619	0.01461	0.01305	0.01663	0.11170	0.01010	0.08349	0.16243	0.07904	0.02568	0.02679	0.01948	0.00971	0.00690	0.00221	0.00667	0.00760	0.35617	0.01005
8	0.09104	0.18853	0.21545	0.01717	0.02500	0.02168	0.01788	0.14931	0.02201	0.12004	0.04598	0.01970	0.01523	0.00865	0.00711	0.00233	0.00902	0.00642	0.00569	0.01175
9	0.02046	0.24866	0.02772	0.13578	0.05875	0.12350	0.01523	0.06009	0.07572	0.02334	0.02112	0.09373	0.04340	0.01043	0.00735	0.00233	0.00921	0.00824	0.00493	0.01000
10	0.77215	0.01569	0.01193	0.01067	0.01569	0.01820	0.00879	0.02385	0.01381	0.03641	0.01130	0.01318	0.00879	0.00753	0.00502	0.00251	0.00628	0.00439	0.00502	0.00879
11	0.14754	0.01915	0.02465	0.02103	0.07402	0.02044	0.10889	0.26405	0.08203	0.07463	0.01971	0.02265	0.01512	0.05811	0.01016	0.00290	0.00886	0.00770	0.00658	0.01176
12	0.00993	0.00745	0.00921	0.01043	0.01159	0.00674	0.00719	0.01169	0.01685	0.02190	0.10016	0.49877	0.21161	0.02351	0.01010	0.00310	0.00449	0.02091	0.00764	0.00674
13	0.01528	0.07103	0.07529	0.01979	0.02447	0.01533	0.21500	0.01947	0.01738	0.02387	0.07241	0.16965	0.07646	0.04850	0.01159	0.00300	0.04860	0.01243	0.05153	0.00892
14	0.01397	0.01138	0.01425	0.01557	0.07322	0.01153	0.01085	0.02167	0.16144	0.02837	0.22506	0.10591	0.15898	0.01668	0.00943	0.00284	0.00556	0.09651	0.00778	0.00904
15	0.01420	0.00866	0.01336	0.15497	0.02002	0.00942	0.01017	0.01280	0.01185	0.01561	0.01495	0.02597	0.01446	0.07096	0.02739	0.55150	0.00790	0.00741	0.00364	0.00478
16	0.12833	0.34725	0.03067	0.06629	0.02411	0.19515	0.01438	0.06801	0.01925	0.02401	0.01240	0.01454	0.01046	0.00767	0.00614	0.00205	0.01005	0.00499	0.00420	0.01006
17	0.02123	0.02371	0.10511	0.09562	0.16518	0.11104	0.10792	0.12167	0.02144	0.02833	0.01661	0.02072	0.01305	0.01214	0.06030	0.00326	0.01184	0.00728	0.04249	0.01106

[dist]
# distance from previous block
# <min> <max>
4	11

[block]
# block no. 9 follows, 23 sequences, length 6
# corresponding to MSA columns:
# 726-731
name=unknown_J
#
# <colnr> <probs for GDERKNQSTAVLIFYWHMCP>
#	G	D	E	R	K	N	Q	S	T	A	V	L	I	F	Y	W	H	M	C	P
0	0.10048	0.23578	0.03184	0.02160	0.10501	0.02267	0.11443	0.11127	0.02051	0.08015	0.01661	0.01878	0.01292	0.00786	0.00693	0.00223	0.00887	0.00653	0.06437	0.01116
1	0.04307	0.01742	0.02262	0.04638	0.02427	0.06438	0.12208	0.14836	0.07232	0.07738	0.09265	0.03333	0.08546	0.04476	0.06542	0.00365	0.00985	0.00970	0.00658	0.01033
2	0.01757	0.01583	0.01504	0.01395	0.01669	0.12741	0.01086	0.09593	0.02157	0.02774	0.15677	0.09273	0.12150	0.01848	0.05802	0.00340	0.04641	0.06476	0.06679	0.00855
3	0.01365	0.01126	0.01271	0.07855	0.01794	0.04789	0.01018	0.01828	0.06761	0.02465	0.10645	0.11290	0.18736	0.02034	0.06905	0.00366	0.00748	0.08017	0.10194	0.00793
4	0.01596	0.08278	0.02005	0.21239	0.02814	0.04348	0.01454	0.06429	0.01873	0.02385	0.06404	0.12343	0.11912	0.01442	0.01000	0.00280	0.05751	0.07012	0.00568	0.00867
5	0.05825	0.28975	0.18014	0.10627	0.09187	0.02452	0.01967	0.09556	0.01918	0.02614	0.01378	0.01651	0.01099	0.00765	0.00676	0.00224	0.00971	0.00571	0.00415	0.01115

[dist]
# distance from previous block
# <min> <max>
10	46

[block]
# block no. 10 follows, 23 sequences, length 11
# corresponding to MSA columns:
# 781-791
name=unknown_K
#
# <colnr> <probs for GDERKNQSTAVLIFYWHMCP>
#	G	D	E	R	K	N	Q	S	T	A	V	L	I	F	Y	W	H	M	C	P
0	0.02330	0.01780	0.02002	0.04752	0.08518	0.05976	0.01356	0.24196	0.08205	0.08453	0.02381	0.08243	0.02101	0.14334	0.01449	0.00355	0.00851	0.00951	0.00679	0.01089
1	0.01757	0.05558	0.02329	0.07006	0.17641	0.01728	0.03258	0.07128	0.06887	0.02623	0.05281	0.02850	0.06461	0.01958	0.13446	0.00444	0.06531	0.00846	0.00519	0.05748
2	0.08074	0.46639	0.08529	0.06727	0.02425	0.06868	0.01547	0.02413	0.01686	0.02151	0.01392	0.01921	0.01266	0.00823	0.00614	0.00209	0.00921	0.04400	0.00391	0.01005
3	0.02271	0.47844	0.12762	0.01580	0.02311	0.06491	0.01604	0.02745	0.05301	0.08211	0.01499	0.01603	0.01211	0.00765	0.00613	0.00200	0.00920	0.00526	0.00439	0.01104
4	0.10281	0.07251	0.01959	0.01543	0.01862	0.12555	0.04698	0.02172	0.01652	0.07038	0.02343	0.03184	0.06838	0.10560	0.08296	0.04166	0.08607	0.03647	0.00509	0.00841
5	0.01677	0.01551	0.02187	0.14794	0.23124	0.05740	0.01723	0.02185	0.06248	0.02305	0.02201	0.08391	0.02089	0.07229	0.10862	0.00458	0.01103	0.04675	0.00487	0.00969
6	0.01120	0.00784	0.00978	0.00999	0.01086	0.00747	0.00664	0.01307	0.01714	0.02361	0.28116	0.21770	0.05406	0.26895	0.02113	0.00464	0.00549	0.01571	0.00715	0.00641
7	0.01136	0.00810	0.01016	0.01027	0.01154	0.00765	0.00728	0.01376	0.01849	0.02533	0.32932	0.15069	0.09566	0.19607	0.01788	0.00411	0.00528	0.06279	0.00752	0.00675
8	0.02581	0.02023	0.02152	0.01765	0.02325	0.02281	0.01421	0.35675	0.32676	0.04302	0.02587	0.02458	0.01898	0.01034	0.00818	0.00258	0.00775	0.00819	0.00818	0.01335
9	0.01574	0.01489	0.02522	0.57225	0.08606	0.01809	0.04559	0.02093	0.01641	0.02137	0.01572	0.02466	0.01266	0.00895	0.00912	0.00277	0.04099	0.03553	0.00383	0.00922
10	0.17169	0.07027	0.05266	0.03910	0.02234	0.02125	0.01360	0.33380	0.02703	0.04067	0.01786	0.01927	0.01329	0.00891	0.00693	0.00234	0.00788	0.00649	0.11319	0.01144

[dist]
# distance from previous block
# <min> <max>
2	4

[block]
# block no. 11 follows, 23 sequences, length 16
# corresponding to MSA columns:
# 796-811
name=unknown_L
#
# <colnr> <probs for GDERKNQSTAVLIFYWHMCP>
#	G	D	E	R	K	N	Q	S	T	A	V	L	I	F	Y	W	H	M	C	P
0	0.01967	0.01832	0.07894	0.04272	0.04831	0.04241	0.01426	0.17580	0.09603	0.03356	0.11366	0.07184	0.02863	0.01208	0.00830	0.00252	0.00757	0.05731	0.06766	0.06042
1	0.01066	0.00798	0.00995	0.01043	0.01210	0.00727	0.00768	0.01332	0.01929	0.02574	0.28545	0.26586	0.20742	0.02069	0.00994	0.00292	0.00445	0.06369	0.00806	0.00712
2	0.02442	0.01839	0.02925	0.03978	0.47607	0.01818	0.02138	0.07703	0.02106	0.16543	0.01917	0.02164	0.01447	0.00803	0.00807	0.00243	0.00900	0.00743	0.00563	0.01313
3	0.01070	0.00745	0.00973	0.01094	0.01153	0.00735	0.00735	0.01218	0.01461	0.02003	0.03736	0.46996	0.04331	0.14950	0.10857	0.00537	0.00757	0.01840	0.04164	0.00644
4	0.01394	0.00710	0.01046	0.01046	0.01046	0.00710	0.00691	0.01065	0.01065	0.01420	0.01485	0.02654	0.01511	0.07354	0.03235	0.71398	0.00710	0.00736	0.00362	0.00362
5	0.02169	0.71972	0.04252	0.01388	0.02083	0.03211	0.01388	0.02430	0.01649	0.01909	0.01128	0.01302	0.01041	0.00694	0.00521	0.00174	0.00868	0.00434	0.00347	0.01041
6	0.01090	0.00860	0.01167	0.11173	0.01846	0.00856	0.00984	0.01329	0.01676	0.02166	0.07105	0.40702	0.17712	0.02130	0.00989	0.00309	0.00564	0.05932	0.00700	0.00710
7	0.01615	0.01527	0.02583	0.58304	0.16170	0.01825	0.02295	0.02146	0.01662	0.02174	0.01457	0.02136	0.01117	0.00796	0.00810	0.00265	0.01061	0.00721	0.00368	0.00968
8	0.02307	0.02483	0.02901	0.03451	0.32081	0.22362	0.07702	0.06082	0.02140	0.02627	0.06637	0.02178	0.01721	0.00843	0.00808	0.00235	0.01105	0.00743	0.00470	0.01125
9	0.01268	0.00985	0.01229	0.01234	0.01365	0.01021	0.00879	0.01585	0.06580	0.02119	0.03337	0.34092	0.03763	0.18399	0.01868	0.00420	0.07070	0.04904	0.00636	0.07245
10	0.01981	0.01970	0.03445	0.03728	0.31925	0.01988	0.21820	0.02936	0.16108	0.02802	0.01964	0.02296	0.01537	0.00796	0.00858	0.00259	0.01021	0.00842	0.00500	0.01224
11	0.02220	0.01924	0.02449	0.10747	0.16498	0.09675	0.05754	0.07000	0.10733	0.09840	0.02084	0.04805	0.01659	0.01147	0.03860	0.00291	0.00994	0.00799	0.00573	0.06946
12	0.02155	0.01665	0.01768	0.01350	0.01971	0.06430	0.01078	0.10698	0.02116	0.09928	0.04420	0.02087	0.01625	0.00780	0.00675	0.00168	0.00693	0.00613	0.05588	0.44192
13	0.01294	0.00852	0.01068	0.01022	0.01225	0.00775	0.00747	0.01578	0.02033	0.07696	0.38508	0.13830	0.15937	0.08291	0.01252	0.00316	0.00459	0.01531	0.00825	0.00762
14	0.02223	0.01974	0.06011	0.05607	0.27702	0.09475	0.01816	0.05348	0.02012	0.12697	0.02404	0.09716	0.04501	0.01057	0.00818	0.00250	0.00897	0.00919	0.03441	0.01132
15	0.01705	0.02674	0.30906	0.04101	0.05587	0.01708	0.02030	0.07494	0.13628	0.02911	0.07658	0.06748	0.07125	0.01117	0.00831	0.00264	0.00890	0.00930	0.00571	0.01119

[dist]
# distance from previous block
# <min> <max>
7	11

[block]
# block no. 12 follows, 23 sequences, length 8
# corresponding to MSA columns:
# 824-831
name=unknown_M
#
# <colnr> <probs for GDERKNQSTAVLIFYWHMCP>
#	G	D	E	R	K	N	Q	S	T	A	V	L	I	F	Y	W	H	M	C	P
0	0.01922	0.07939	0.07681	0.11589	0.10363	0.05085	0.01694	0.09631	0.05945	0.02676	0.01961	0.02822	0.01714	0.06049	0.01206	0.00298	0.07933	0.05315	0.07161	0.01013
1	0.10964	0.02133	0.02381	0.11568	0.25718	0.16102	0.01804	0.02724	0.08210	0.02653	0.01675	0.02010	0.01340	0.00817	0.00738	0.00239	0.00970	0.00668	0.06214	0.01073
2	0.08991	0.01736	0.02366	0.01823	0.02407	0.01764	0.13304	0.18614	0.08482	0.11955	0.07387	0.02545	0.02047	0.00940	0.00793	0.00242	0.00810	0.00822	0.06076	0.06895
3	0.21043	0.02633	0.01851	0.01628	0.02096	0.32541	0.01259	0.07778	0.05586	0.02853	0.01508	0.01683	0.01197	0.00830	0.00664	0.00217	0.01017	0.00554	0.05888	0.07173
4	0.01128	0.00856	0.01064	0.01138	0.01345	0.00792	0.00916	0.01425	0.01917	0.02472	0.17386	0.13173	0.26935	0.02090	0.01026	0.00312	0.00537	0.23989	0.00778	0.00722
5	0.02487	0.01294	0.01534	0.01259	0.01690	0.01273	0.01011	0.15588	0.02448	0.24526	0.12772	0.03194	0.02797	0.01084	0.00763	0.00232	0.00590	0.00884	0.23480	0.01095
6	0.01037	0.00751	0.00943	0.01042	0.01133	0.00697	0.00703	0.01205	0.01655	0.02205	0.14464	0.44108	0.12522	0.11883	0.01442	0.00374	0.00493	0.01947	0.00739	0.00656
7	0.02621	0.01892	0.02093	0.01673	0.02185	0.02092	0.01359	0.47549	0.03172	0.04315	0.01989	0.02216	0.01514	0.01791	0.10273	0.05007	0.01027	0.00750	0.05292	0.01189

[dist]
# distance from previous block
# <min> <max>
0	1

[block]
# block no. 13 follows, 23 sequences, length 12
# corresponding to MSA columns:
# 834-845
name=unknown_N
#
# <colnr> <probs for GDERKNQSTAVLIFYWHMCP>
#	G	D	E	R	K	N	Q	S	T	A	V	L	I	F	Y	W	H	M	C	P
0	0.05579	0.01545	0.01738	0.01286	0.01973	0.01312	0.01032	0.07968	0.05913	0.02972	0.01593	0.01775	0.01284	0.00675	0.00630	0.00148	0.00632	0.00530	0.00535	0.60878
1	0.12258	0.44108	0.03057	0.01296	0.01819	0.06042	0.01180	0.02238	0.01567	0.02147	0.01270	0.01586	0.01137	0.01028	0.00910	0.11040	0.00814	0.00498	0.05107	0.00898
2	0.12253	0.02863	0.24578	0.02084	0.06525	0.13489	0.01952	0.02552	0.01710	0.06490	0.01517	0.01980	0.01239	0.06216	0.01255	0.00300	0.10887	0.00645	0.00436	0.01029
3	0.06625	0.11589	0.02519	0.08552	0.22395	0.01879	0.01652	0.05048	0.10494	0.05093	0.02281	0.14174	0.02120	0.01122	0.00790	0.00255	0.00795	0.00973	0.00557	0.01088
4	0.01489	0.01392	0.02223	0.01908	0.02084	0.01697	0.10178	0.01778	0.01391	0.02030	0.01884	0.08834	0.01855	0.03182	0.27041	0.00699	0.28116	0.00955	0.00430	0.00834
