[name]
unknown

[dist]
# distance from previous block
# <min> <max>
0	40

[block]
# block no. 0 follows, 29 sequences, length 13
# corresponding to MSA columns:
# 40-52
name=unknown_A
#
# <colnr> <probs for GDERKNQSTAVLIFYWHMCP>
#	G	D	E	R	K	N	Q	S	T	A	V	L	I	F	Y	W	H	M	C	P
0	0.01147	0.00820	0.01147	0.01311	0.01475	0.00820	0.01147	0.01475	0.01639	0.02131	0.03770	0.08032	0.04098	0.01967	0.00984	0.00328	0.00656	0.65741	0.00656	0.00656
1	0.01602	0.01564	0.02745	0.20803	0.39786	0.01656	0.10211	0.02033	0.01543	0.02144	0.01424	0.04897	0.01221	0.00747	0.00813	0.00230	0.04523	0.00718	0.00356	0.00984
2	0.00982	0.00806	0.01180	0.01108	0.01299	0.00734	0.07511	0.01226	0.01633	0.02170	0.22339	0.32544	0.20238	0.01755	0.00867	0.00255	0.00460	0.01582	0.00664	0.00648
3	0.00980	0.00757	0.00997	0.01064	0.01112	0.00799	0.00747	0.01112	0.01349	0.01833	0.07912	0.50940	0.06672	0.09471	0.01360	0.00327	0.09694	0.01677	0.00602	0.00596
4	0.01783	0.01570	0.02122	0.10545	0.27749	0.08684	0.01589	0.04659	0.01591	0.07671	0.01564	0.02132	0.01332	0.06841	0.11711	0.00394	0.06058	0.00671	0.00414	0.00921
5	0.01618	0.01456	0.02475	0.34367	0.11794	0.01591	0.14491	0.08875	0.01693	0.04294	0.01581	0.05494	0.01316	0.04810	0.00904	0.00259	0.00918	0.00765	0.00410	0.00891
6	0.06038	0.10872	0.02508	0.02532	0.25970	0.06461	0.06914	0.07170	0.04354	0.02373	0.05815	0.03777	0.01613	0.04501	0.00939	0.00240	0.05842	0.00696	0.00431	0.00953
7	0.01574	0.01461	0.01861	0.26839	0.09203	0.11311	0.03916	0.01931	0.01652	0.06124	0.12194	0.02812	0.07389	0.01323	0.07105	0.00305	0.00924	0.00799	0.00465	0.00812
8	0.01877	0.11618	0.11029	0.08992	0.02529	0.05354	0.08305	0.11501	0.19735	0.05399	0.02079	0.02154	0.04647	0.00829	0.00693	0.00220	0.00814	0.00691	0.00521	0.01013
9	0.12131	0.01464	0.01794	0.15456	0.09262	0.06666	0.01358	0.01902	0.01385	0.02169	0.01282	0.01722	0.01074	0.00997	0.03887	0.00258	0.17508	0.00567	0.08387	0.10730
10	0.09137	0.18410	0.14459	0.01552	0.02111	0.09391	0.01478	0.12724	0.06488	0.08096	0.01439	0.01562	0.01104	0.00789	0.00785	0.00212	0.08275	0.00537	0.00463	0.00988
11	0.48480	0.06943	0.01663	0.01549	0.11091	0.05523	0.01089	0.06177	0.01523	0.08479	0.01236	0.01382	0.00945	0.00687	0.00528	0.00212	0.00665	0.00466	0.00467	0.00896
12	0.31207	0.01112	0.01115	0.01019	0.01330	0.01180	0.00802	0.06231	0.01545	0.09623	0.06688	0.03564	0.07281	0.14560	0.01195	0.00322	0.00583	0.09328	0.00569	0.00749

[dist]
# distance from previous block
# <min> <max>
0	1

[block]
# block no. 1 follows, 29 sequences, length 41
# corresponding to MSA columns:
# 54-94
name=unknown_B
#
# <colnr> <probs for GDERKNQSTAVLIFYWHMCP>
#	G	D	E	R	K	N	Q	S	T	A	V	L	I	F	Y	W	H	M	C	P
0	0.01862	0.01471	0.05962	0.01532	0.01962	0.01406	0.09316	0.11428	0.13373	0.14182	0.08520	0.02811	0.04579	0.05367	0.10218	0.00374	0.03248	0.00825	0.00609	0.00956
1	0.00990	0.00742	0.00905	0.00943	0.01071	0.00711	0.00663	0.01318	0.06787	0.02183	0.23470	0.33212	0.13629	0.08667	0.01120	0.00298	0.00421	0.01553	0.00680	0.00637
2	0.11903	0.01406	0.01960	0.11756	0.24964	0.01498	0.01480	0.06485	0.09359	0.06881	0.13034	0.02432	0.02151	0.00852	0.00697	0.00222	0.00686	0.00735	0.00528	0.00971
3	0.00948	0.00652	0.00834	0.00926	0.01016	0.00610	0.00642	0.01145	0.01535	0.02148	0.18967	0.48795	0.07003	0.01890	0.00847	0.00259	0.00385	0.01693	0.09097	0.00610
4	0.01262	0.01332	0.08972	0.05080	0.15116	0.01133	0.01290	0.01797	0.09686	0.02207	0.09440	0.19767	0.10569	0.03688	0.03032	0.00287	0.00657	0.03310	0.00550	0.00824
5	0.01606	0.00909	0.01101	0.00995	0.01297	0.00821	0.00759	0.01953	0.06017	0.19389	0.08226	0.19487	0.17449	0.01388	0.00756	0.00227	0.00455	0.01190	0.09118	0.06858
6	0.01492	0.03668	0.67691	0.02019	0.03036	0.05310	0.02566	0.02286	0.01530	0.02228	0.01269	0.01492	0.00903	0.00679	0.00675	0.00223	0.01064	0.00523	0.00304	0.01041
7	0.01804	0.08994	0.25452	0.01597	0.02210	0.12092	0.01621	0.11898	0.08046	0.02591	0.08965	0.04096	0.01846	0.00867	0.00676	0.00211	0.00845	0.00676	0.04552	0.00962
8	0.02233	0.14707	0.07978	0.01427	0.01968	0.06201	0.01284	0.08234	0.01785	0.21940	0.01648	0.01709	0.01210	0.00786	0.00827	0.00196	0.09679	0.00554	0.00531	0.15103
9	0.01863	0.69287	0.09493	0.01288	0.01935	0.02718	0.01339	0.02143	0.01452	0.01725	0.01015	0.01173	0.00913	0.00615	0.00476	0.00159	0.00786	0.00393	0.00304	0.00926
10	0.01904	0.75404	0.03731	0.01218	0.01828	0.02818	0.01218	0.02132	0.01447	0.01675	0.00990	0.01142	0.00914	0.00609	0.00457	0.00152	0.00761	0.00381	0.00305	0.00914
11	0.01005	0.00805	0.00872	0.00908	0.01061	0.03873	0.00652	0.01214	0.01641	0.02158	0.21442	0.29814	0.23820	0.01759	0.00835	0.00246	0.00413	0.01535	0.05320	0.00625
12	0.01237	0.00618	0.00928	0.00928	0.00928	0.00618	0.00618	0.00928	0.00928	0.01237	0.01237	0.02165	0.01237	0.02474	0.02783	0.79283	0.00618	0.00618	0.00309	0.00309
13	0.01589	0.03809	0.11975	0.01315	0.01627	0.03869	0.01177	0.02066	0.08668	0.07409	0.01895	0.02535	0.01630	0.14961	0.01520	0.00315	0.14851	0.00709	0.17273	0.00806
14	0.00896	0.00671	0.00836	0.00960	0.01050	0.00626	0.00656	0.01098	0.03874	0.01879	0.04478	0.59746	0.16392	0.02108	0.00890	0.00279	0.00409	0.01886	0.00663	0.00602
15	0.01017	0.00763	0.01144	0.01144	0.01272	0.00890	0.00890	0.01272	0.01144	0.01653	0.01907	0.02797	0.01780	0.05340	0.72153	0.01144	0.01907	0.00763	0.00381	0.00636
16	0.02660	0.03394	0.02018	0.01834	0.02201	0.72116	0.01376	0.02843	0.02018	0.01743	0.01101	0.01284	0.00917	0.00734	0.00642	0.00183	0.01284	0.00459	0.00367	0.00825
17	0.00883	0.00661	0.00795	0.00886	0.00987	0.00600	0.00603	0.01019	0.01432	0.01846	0.07376	0.44757	0.23827	0.09472	0.01162	0.00313	0.00423	0.01741	0.00643	0.00574
18	0.01084	0.00737	0.00845	0.00848	0.01058	0.00642	0.00624	0.01276	0.01619	0.08074	0.10541	0.23221	0.40605	0.01770	0.00835	0.00247	0.00393	0.01520	0.03403	0.00657
19	0.01992	0.01253	0.01450	0.01244	0.01585	0.01291	0.00956	0.22881	0.07324	0.16257	0.02893	0.19817	0.05975	0.10337	0.01125	0.00295	0.00611	0.01090	0.00697	0.00927
20	0.01440	0.01576	0.12209	0.01674	0.12133	0.01203	0.01285	0.10270	0.01865	0.02574	0.13385	0.03502	0.19426	0.01074	0.00728	0.00206	0.00618	0.00904	0.00546	0.13384
21	0.64907	0.01657	0.01314	0.01151	0.01577	0.10581	0.03116	0.02182	0.01326	0.02930	0.01018	0.01212	0.00806	0.00688	0.00544	0.00219	0.03146	0.00418	0.00424	0.00785
22	0.01904	0.75404	0.03731	0.01218	0.01828	0.02818	0.01218	0.02132	0.01447	0.01675	0.00990	0.01142	0.00914	0.00609	0.00457	0.00152	0.00761	0.00381	0.00305	0.00914
23	0.01545	0.03981	0.16930	0.01688	0.09220	0.01382	0.01410	0.13868	0.05878	0.02648	0.06755	0.17030	0.06984	0.01169	0.00738	0.00230	0.00673	0.00997	0.05962	0.00913
24	0.00964	0.00721	0.00845	0.00814	0.01010	0.00644	0.00610	0.01240	0.01831	0.02485	0.41613	0.05737	0.30811	0.01549	0.00819	0.00227	0.00345	0.01330	0.05760	0.00644
25	0.01489	0.02119	0.24100	0.19434	0.21137	0.01567	0.02045	0.02185	0.07545	0.02289	0.07727	0.02117	0.01617	0.00771	0.00712	0.00226	0.00864	0.00674	0.00400	0.00982
26	0.09472	0.01359	0.01499	0.01228	0.01650	0.01431	0.00991	0.23638	0.08587	0.17318	0.10319	0.02485	0.02138	0.00921	0.00669	0.00212	0.00576	0.00730	0.13773	0.01006
27	0.01463	0.00944	0.01234	0.03630	0.01410	0.00936	0.03417	0.03978	0.05796	0.12180	0.12855	0.06371	0.09499	0.26466	0.06335	0.00446	0.00687	0.01036	0.00597	0.00720
28	0.01771	0.01530	0.01610	0.01449	0.01852	0.01771	0.01127	0.03784	0.69247	0.02979	0.02898	0.02657	0.02174	0.00966	0.00725	0.00242	0.00564	0.00805	0.00725	0.01127
29	0.01942	0.01531	0.01777	0.01466	0.01892	0.01681	0.04161	0.30458	0.19534	0.03302	0.05283	0.02754	0.08480	0.01598	0.10460	0.00352	0.00840	0.00818	0.00652	0.01019
30	0.01345	0.01266	0.02136	0.73264	0.04904	0.01582	0.01978	0.01819	0.01424	0.01819	0.01266	0.01898	0.00949	0.00712	0.00712	0.00237	0.00949	0.00633	0.00316	0.00791
31	0.01762	0.01692	0.02890	0.04371	0.70533	0.01692	0.02185	0.02185	0.01621	0.02326	0.01339	0.01762	0.01128	0.00634	0.00705	0.00211	0.00846	0.00634	0.00352	0.01128
32	0.01071	0.00819	0.00995	0.00956	0.01150	0.00796	0.00714	0.01583	0.10620	0.02646	0.46594	0.12595	0.13706	0.01518	0.00833	0.00235	0.00377	0.01331	0.00748	0.00712
33	0.01694	0.06015	0.02835	0.02627	0.18976	0.01883	0.17855	0.07067	0.01564	0.02207	0.01315	0.01804	0.01120	0.01271	0.08142	0.00334	0.21306	0.00680	0.00371	0.00935
34	0.01751	0.01574	0.02407	0.15624	0.39135	0.01679	0.01841	0.09629	0.09789	0.02587	0.05633	0.02097	0.01561	0.00761	0.00717	0.00221	0.00794	0.00694	0.00456	0.01051
35	0.01499	0.12684	0.53075	0.02062	0.08019	0.01758	0.02325	0.02187	0.01513	0.02178	0.01393	0.01864	0.01110	0.00741	0.00668	0.00221	0.00975	0.04383	0.00326	0.01017
36	0.09290	0.01898	0.01690	0.01640	0.07053	0.20169	0.01181	0.13506	0.08795	0.02542	0.02406	0.07044	0.10400	0.01261	0.04480	0.00270	0.04177	0.00791	0.00524	0.00883
37	0.19662	0.06841	0.01461	0.01129	0.01507	0.05527	0.00908	0.05750	0.08448	0.14784	0.12769	0.07197	0.02418	0.00984	0.00643	0.00215	0.00571	0.00778	0.07522	0.00883
38	0.13436	0.08758	0.01981	0.01519	0.01982	0.26163	0.01216	0.17628	0.10678	0.07735	0.01565	0.01606	0.01183	0.00780	0.00629	0.00203	0.00881	0.00545	0.00533	0.00979
39	0.38671	0.01845	0.01485	0.03827	0.01811	0.15366	0.01043	0.14455	0.05806	0.03057	0.01346	0.01487	0.01032	0.00741	0.00560	0.00211	0.00738	0.00497	0.05143	0.00878
40	0.19289	0.01515	0.04384	0.01688	0.11496	0.01526	0.01211	0.12113	0.14249	0.10484	0.02562	0.02676	0.09890	0.00949	0.00677	0.00228	0.00635	0.02844	0.00597	0.00987

[dist]
# distance from previous block
# <min> <max>
0	4

[block]
# block no. 2 follows, 29 sequences, length 21
# corresponding to MSA columns:
# 99-119
name=unknown_C
#
# <colnr> <probs for GDERKNQSTAVLIFYWHMCP>
#	G	D	E	R	K	N	Q	S	T	A	V	L	I	F	Y	W	H	M	C	P
0	0.01378	0.01238	0.01288	0.01284	0.05072	0.11380	0.00907	0.04838	0.01912	0.02533	0.41698	0.04020	0.04514	0.04890	0.09583	0.00349	0.00732	0.01024	0.00631	0.00731
1	0.06632	0.01730	0.01983	0.03910	0.09820	0.05258	0.01345	0.29762	0.08099	0.14802	0.04761	0.02017	0.01552	0.00867	0.00774	0.00221	0.04057	0.00670	0.00642	0.01097
2	0.01781	0.01468	0.02216	0.01976	0.09458	0.01500	0.15720	0.09512	0.19211	0.08196	0.18124	0.02909	0.02760	0.00948	0.00773	0.00229	0.00706	0.00884	0.00630	0.00999
3	0.01627	0.02643	0.38643	0.02259	0.14348	0.01586	0.04299	0.02481	0.11575	0.06796	0.01954	0.02082	0.04955	0.00784	0.00705	0.00226	0.00883	0.00662	0.00431	0.01059
4	0.01456	0.01059	0.01192	0.01053	0.01361	0.01057	0.00820	0.11594	0.11698	0.07216	0.25895	0.04711	0.25315	0.01371	0.00797	0.00230	0.00460	0.01155	0.00732	0.00829
5	0.01541	0.01460	0.02377	0.22515	0.34094	0.01649	0.01876	0.01924	0.01513	0.02132	0.07785	0.02102	0.01577	0.00839	0.01001	0.00237	0.13375	0.00694	0.00376	0.00932
6	0.01706	0.01603	0.02558	0.10847	0.50475	0.01653	0.01944	0.02353	0.11146	0.02366	0.01548	0.01888	0.01253	0.00684	0.00699	0.00213	0.00800	0.00647	0.00405	0.05215
7	0.01112	0.00852	0.00979	0.00998	0.01152	0.00862	0.00719	0.01588	0.13571	0.02021	0.07457	0.17968	0.16129	0.21660	0.01608	0.00382	0.00531	0.09141	0.00616	0.00656
8	0.01543	0.01548	0.01698	0.03409	0.05063	0.14219	0.07737	0.02087	0.11206	0.02299	0.15365	0.05980	0.12794	0.01164	0.00770	0.00225	0.00711	0.05731	0.00569	0.05880
9	0.00903	0.00679	0.00843	0.00945	0.01065	0.00619	0.00683	0.01082	0.01518	0.01964	0.10009	0.42736	0.23047	0.02021	0.00893	0.00275	0.00420	0.09025	0.00670	0.00601
10	0.01845	0.01627	0.01759	0.07678	0.03990	0.07249	0.01256	0.13964	0.28556	0.02824	0.05603	0.02491	0.04762	0.00981	0.00883	0.00234	0.08329	0.00758	0.04226	0.00986
11	0.00876	0.00667	0.00807	0.00888	0.01013	0.00598	0.00622	0.01046	0.01532	0.01983	0.13316	0.43057	0.27047	0.01990	0.00878	0.00265	0.00386	0.01756	0.00676	0.00598
12	0.01603	0.01507	0.07588	0.05306	0.13127	0.04290	0.01304	0.13301	0.01902	0.04445	0.03169	0.09099	0.16735	0.01185	0.00750	0.00230	0.00672	0.05659	0.07251	0.00877
13	0.00934	0.00725	0.00849	0.00818	0.01018	0.00640	0.00613	0.01200	0.01840	0.02439	0.42049	0.06004	0.35087	0.01611	0.00841	0.00231	0.00347	0.01384	0.00729	0.00640
14	0.01783	0.02441	0.27548	0.02405	0.19557	0.05453	0.01953	0.02750	0.19430	0.06875	0.01809	0.01920	0.01350	0.00758	0.00697	0.00224	0.00856	0.00635	0.00466	0.01089
15	0.05992	0.01737	0.02238	0.10006	0.26266	0.06250	0.01616	0.20829	0.02121	0.10992	0.01607	0.01875	0.01225	0.03187	0.00788	0.00230	0.00820	0.00636	0.00520	0.01066
16	0.01343	0.00937	0.01071	0.00981	0.01234	0.00933	0.00745	0.03823	0.14511	0.07043	0.28188	0.04519	0.17130	0.05305	0.00923	0.00249	0.00433	0.01106	0.08746	0.00780
17	0.01618	0.24472	0.33207	0.01705	0.02464	0.01982	0.05797	0.02412	0.11913	0.02223	0.04638	0.01774	0.01380	0.00732	0.00636	0.00207	0.00866	0.00580	0.00393	0.00999
18	0.01024	0.00735	0.01003	0.01003	0.01082	0.00814	0.00714	0.01181	0.01103	0.01549	0.02036	0.03511	0.02090	0.32032	0.45885	0.00970	0.01441	0.00867	0.00401	0.00557
19	0.06881	0.18251	0.24570	0.01508	0.02165	0.05600	0.01579	0.04278	0.09328	0.09569	0.08085	0.01986	0.01692	0.00797	0.00638	0.00208	0.00792	0.00609	0.00480	0.00985
20	0.25434	0.01493	0.01528	0.01238	0.01729	0.01594	0.01008	0.21416	0.09752	0.13177	0.01786	0.01793	0.01293	0.00781	0.00603	0.00207	0.00611	0.00575	0.05527	0.08456

[dist]
# distance from previous block
# <min> <max>
0	3

[block]
# block no. 3 follows, 29 sequences, length 15
# corresponding to MSA columns:
# 123-137
name=unknown_D
#
# <colnr> <probs for GDERKNQSTAVLIFYWHMCP>
#	G	D	E	R	K	N	Q	S	T	A	V	L	I	F	Y	W	H	M	C	P
0	0.02156	0.31102	0.14387	0.01640	0.02268	0.18292	0.06611	0.02509	0.01686	0.11214	0.01344	0.01469	0.01040	0.00685	0.00601	0.00188	0.00943	0.00504	0.00401	0.00960
1	0.02060	0.18366	0.06010	0.07594	0.02179	0.05386	0.01315	0.18965	0.08979	0.08879	0.03910	0.04307	0.01654	0.00891	0.00664	0.00210	0.00747	0.03437	0.03455	0.00992
2	0.00876	0.00647	0.00821	0.00938	0.01024	0.00591	0.00642	0.01030	0.01468	0.01933	0.10692	0.56765	0.15793	0.02087	0.00891	0.00275	0.00397	0.01868	0.00673	0.00591
3	0.01510	0.01423	0.02340	0.51705	0.04188	0.01729	0.08208	0.06994	0.01554	0.02057	0.01274	0.01842	0.00980	0.00782	0.00935	0.00245	0.10392	0.00652	0.00351	0.00838
4	0.00912	0.00715	0.00826	0.00818	0.01010	0.00628	0.00606	0.01151	0.01760	0.02296	0.32738	0.12443	0.38155	0.01700	0.00847	0.00238	0.00355	0.01463	0.00712	0.00628
5	0.02437	0.01810	0.02004	0.01587	0.02067	0.02035	0.01301	0.48783	0.10872	0.06834	0.04891	0.02001	0.01571	0.00931	0.00865	0.00227	0.07266	0.00691	0.00688	0.01138
6	0.80005	0.01377	0.01047	0.00936	0.01377	0.01597	0.00771	0.02093	0.01212	0.03195	0.00991	0.01157	0.00771	0.00661	0.00441	0.00220	0.00551	0.00386	0.00441	0.00771
7	0.01504	0.01402	0.02296	0.20429	0.20725	0.01500	0.11088	0.02136	0.11904	0.02131	0.01807	0.05085	0.01590	0.11965	0.01177	0.00302	0.00840	0.00802	0.00425	0.00893
8	0.02267	0.02760	0.01764	0.01611	0.01931	0.55123	0.01208	0.02487	0.02017	0.02007	0.17526	0.02244	0.02297	0.00905	0.00689	0.00193	0.01059	0.00656	0.00466	0.00789
9	0.01510	0.00921	0.01086	0.00976	0.01253	0.00880	0.00753	0.05489	0.07118	0.13537	0.24698	0.08173	0.17616	0.01323	0.00762	0.00223	0.00430	0.01124	0.11327	0.00802
10	0.01620	0.06855	0.07752	0.10486	0.14162	0.01441	0.01403	0.10593	0.03898	0.05648	0.12557	0.07407	0.07580	0.01022	0.00722	0.00220	0.00676	0.00873	0.04174	0.00913
11	0.01671	0.20301	0.36662	0.01670	0.02427	0.07430	0.01877	0.06263	0.01633	0.02179	0.01459	0.07958	0.01272	0.00810	0.00639	0.00206	0.00909	0.00624	0.00369	0.03642
12	0.02401	0.02927	0.01870	0.01717	0.02063	0.57056	0.01287	0.02827	0.11059	0.01916	0.01563	0.07148	0.01381	0.00881	0.00674	0.00199	0.01119	0.00627	0.00438	0.00847
13	0.01669	0.11383	0.24165	0.01407	0.02164	0.01419	0.01482	0.02134	0.01532	0.08379	0.01373	0.01528	0.01051	0.00617	0.00583	0.00160	0.00732	0.00477	0.00409	0.37334
14	0.01108	0.00878	0.01239	0.01185	0.01271	0.01054	0.00907	0.01306	0.01164	0.01681	0.05546	0.03059	0.02054	0.16663	0.44818	0.00878	0.13344	0.00817	0.00401	0.00625

[dist]
# distance from previous block
# <min> <max>
0	14

[block]
# block no. 4 follows, 29 sequences, length 19
# corresponding to MSA columns:
# 152-170
name=unknown_E
#
# <colnr> <probs for GDERKNQSTAVLIFYWHMCP>
#	G	D	E	R	K	N	Q	S	T	A	V	L	I	F	Y	W	H	M	C	P
0	0.01281	0.00795	0.01026	0.00938	0.01166	0.00728	0.00719	0.01580	0.01898	0.11887	0.46788	0.04974	0.15130	0.01707	0.05917	0.00292	0.00488	0.01205	0.00750	0.00732
1	0.01666	0.01567	0.02582	0.03753	0.57759	0.01528	0.01924	0.02056	0.01587	0.02289	0.01516	0.06926	0.01375	0.00736	0.00699	0.00205	0.00779	0.00710	0.00382	0.09960
2	0.00963	0.00749	0.00896	0.00963	0.01156	0.00682	0.00774	0.01202	0.01634	0.02050	0.09832	0.12364	0.37564	0.01872	0.00897	0.00274	0.00468	0.24369	0.00667	0.00623
3	0.80005	0.01377	0.01047	0.00936	0.01377	0.01597	0.00771	0.02093	0.01212	0.03195	0.00991	0.01157	0.00771	0.00661	0.00441	0.00220	0.00551	0.00386	0.00441	0.00771
4	0.01890	0.01648	0.03162	0.02563	0.10607	0.01566	0.39211	0.05986	0.01820	0.11801	0.05457	0.02198	0.01548	0.00720	0.00777	0.00227	0.00947	0.00801	0.06084	0.00990
5	0.01210	0.01041	0.01492	0.01382	0.01457	0.01338	0.01102	0.01416	0.01119	0.01660	0.01580	0.02459	0.01524	0.07700	0.43603	0.00824	0.27330	0.00728	0.00359	0.00675
6	0.01558	0.01558	0.02181	0.01869	0.01869	0.02181	0.01558	0.01714	0.01091	0.01714	0.00935	0.01558	0.00935	0.01246	0.02337	0.00312	0.73672	0.00623	0.00312	0.00779
7	0.01771	0.01530	0.01610	0.01449	0.01852	0.01771	0.01127	0.03784	0.69247	0.02979	0.02898	0.02657	0.02174	0.00966	0.00725	0.00242	0.00564	0.00805	0.00725	0.01127
8	0.01130	0.00713	0.00916	0.00975	0.01090	0.00662	0.00683	0.01285	0.01470	0.08143	0.09568	0.42380	0.09370	0.12704	0.01285	0.00335	0.00475	0.05528	0.00658	0.00629
9	0.01617	0.22330	0.40569	0.01916	0.07427	0.01979	0.02054	0.02391	0.09182	0.02188	0.01390	0.01557	0.01066	0.00688	0.00626	0.00207	0.00905	0.00527	0.00354	0.01029
10	0.00880	0.00700	0.00790	0.00816	0.00998	0.00610	0.00593	0.01078	0.01642	0.02083	0.18812	0.21651	0.43173	0.01831	0.00856	0.00248	0.00368	0.01577	0.00685	0.00610
11	0.19637	0.01615	0.01855	0.11034	0.10781	0.07715	0.04644	0.14105	0.01831	0.04665	0.01471	0.01739	0.01130	0.00750	0.00668	0.00213	0.02948	0.00580	0.11710	0.00909
12	0.01215	0.04119	0.01274	0.05306	0.04132	0.00884	0.00860	0.01470	0.01613	0.05418	0.19518	0.26083	0.09869	0.01443	0.00776	0.00224	0.00480	0.01271	0.00615	0.13430
13	0.15181	0.05047	0.01809	0.01547	0.01836	0.29391	0.01213	0.05349	0.04264	0.02163	0.01463	0.09693	0.01389	0.01004	0.00978	0.00230	0.15526	0.00676	0.00429	0.00812
14	0.02027	0.10776	0.13544	0.09719	0.02503	0.01974	0.01551	0.30121	0.10850	0.03147	0.01775	0.05737	0.01409	0.00870	0.00688	0.00219	0.00796	0.00687	0.00550	0.01057
15	0.01612	0.02280	0.24656	0.03030	0.34000	0.01647	0.05428	0.02360	0.09959	0.02364	0.01773	0.02019	0.04188	0.00738	0.00711	0.00222	0.00874	0.00669	0.00396	0.01072
16	0.00895	0.00700	0.00796	0.00818	0.00987	0.00617	0.00587	0.01086	0.01616	0.02067	0.19728	0.20419	0.38667	0.06513	0.01034	0.00276	0.00387	0.01535	0.00673	0.00601
17	0.01798	0.01441	0.01707	0.01756	0.11838	0.01550	0.01198	0.12769	0.31888	0.06351	0.06101	0.03172	0.13212	0.01055	0.00744	0.00231	0.00598	0.00886	0.00668	0.01038
18	0.00886	0.00656	0.00827	0.00926	0.01025	0.00598	0.00640	0.01055	0.01518	0.02007	0.15376	0.50604	0.17226	0.02024	0.00885	0.00269	0.00391	0.01807	0.00681	0.00598

[dist]
# distance from previous block
# <min> <max>
0	15

[block]
# block no. 5 follows, 29 sequences, length 21
# corresponding to MSA columns:
# 186-206
name=unknown_F
#
# <colnr> <probs for GDERKNQSTAVLIFYWHMCP>
#	G	D	E	R	K	N	Q	S	T	A	V	L	I	F	Y	W	H	M	C	P
0	0.01201	0.00961	0.01302	0.01482	0.10539	0.01017	0.00944	0.01654	0.10305	0.02009	0.09295	0.06908	0.07355	0.17734	0.23483	0.00610	0.01000	0.00971	0.00506	0.00723
1	0.01758	0.01703	0.02954	0.04304	0.67289	0.01697	0.05379	0.02190	0.01624	0.02324	0.01344	0.01770	0.01126	0.00633	0.00712	0.00213	0.00863	0.00644	0.00353	0.01120
2	0.01699	0.10350	0.17261	0.11584	0.14144	0.11858	0.11949	0.02165	0.01585	0.02031	0.01394	0.04723	0.01176	0.00939	0.03911	0.00257	0.01040	0.00654	0.00349	0.00930
3	0.01745	0.08558	0.14436	0.07659	0.02461	0.11607	0.09573	0.10591	0.01872	0.02438	0.11407	0.04307	0.01977	0.01015	0.02901	0.00245	0.03042	0.00734	0.02537	0.00896
4	0.01190	0.00627	0.00906	0.00914	0.00928	0.00619	0.00608	0.00940	0.00987	0.01305	0.01699	0.06188	0.04697	0.05742	0.02635	0.67972	0.00599	0.00750	0.00349	0.00342
5	0.02169	0.50148	0.03130	0.01434	0.01959	0.27123	0.01274	0.02382	0.01647	0.01699	0.01029	0.01192	0.00915	0.00653	0.00522	0.00163	0.00945	0.00408	0.00326	0.00883
6	0.05831	0.01504	0.01818	0.11104	0.08834	0.06189	0.01281	0.17195	0.01970	0.18136	0.01695	0.01911	0.01251	0.01052	0.01023	0.13037	0.00757	0.00619	0.00550	0.04245
7	0.01174	0.01053	0.07471	0.01078	0.01295	0.00866	0.00869	0.01524	0.06323	0.05471	0.10064	0.21570	0.08142	0.18350	0.11061	0.00470	0.00744	0.01227	0.00568	0.00681
8	0.01607	0.01095	0.01365	0.01219	0.01427	0.01241	0.00953	0.09508	0.06471	0.08906	0.02077	0.02889	0.01829	0.13595	0.18477	0.00524	0.11387	0.02888	0.11755	0.00787
9	0.01608	0.09715	0.19642	0.12536	0.12504	0.03583	0.01691	0.04197	0.01596	0.07081	0.02136	0.08466	0.07179	0.04047	0.00824	0.00242	0.00814	0.00789	0.00435	0.00916
10	0.05340	0.29765	0.14153	0.08240	0.04628	0.04354	0.06364	0.04428	0.05748	0.02076	0.01359	0.01761	0.01156	0.06850	0.00847	0.00237	0.00852	0.00563	0.00370	0.00910
11	0.01615	0.01574	0.02755	0.14831	0.36713	0.01620	0.14152	0.02190	0.07204	0.02253	0.01663	0.07169	0.01437	0.00784	0.00748	0.00229	0.00874	0.00787	0.00401	0.01002
12	0.00880	0.00625	0.00823	0.00976	0.01014	0.00586	0.00644	0.00995	0.01340	0.01786	0.03803	0.69440	0.04556	0.07511	0.01106	0.00318	0.00433	0.01953	0.00644	0.00568
13	0.01797	0.06640	0.15363	0.17197	0.16864	0.03457	0.09208	0.11751	0.01828	0.04569	0.01475	0.01928	0.01154	0.00739	0.00710	0.00223	0.00927	0.02754	0.00412	0.01004
14	0.01598	0.06297	0.44112	0.09980	0.06132	0.04029	0.05623	0.02239	0.01521	0.05275	0.01316	0.01602	0.00969	0.00719	0.00787	0.00227	0.05672	0.00565	0.00337	0.00998
15	0.02352	0.01030	0.01321	0.01078	0.01477	0.00931	0.00867	0.04875	0.01957	0.41142	0.14424	0.03092	0.04898	0.01000	0.00698	0.00211	0.00503	0.00828	0.16326	0.00990
16	0.01773	0.01345	0.01531	0.01496	0.06594	0.04063	0.01075	0.07800	0.25259	0.09340	0.09278	0.09749	0.04579	0.01111	0.00802	0.00232	0.03861	0.00922	0.08233	0.00956
17	0.02087	0.34658	0.10880	0.04144	0.06444	0.26985	0.01523	0.02390	0.01665	0.01811	0.01093	0.01298	0.00928	0.00666	0.00572	0.00178	0.00991	0.00449	0.00329	0.00908
18	0.01835	0.01310	0.03965	0.03920	0.15598	0.01206	0.01237	0.07999	0.05046	0.17173	0.13489	0.08265	0.09332	0.01083	0.00748	0.00221	0.00607	0.00936	0.00637	0.05394
19	0.02361	0.01565	0.02162	0.05114	0.12689	0.01638	0.05743	0.20010	0.05283	0.23375	0.02165	0.02201	0.04271	0.00885	0.00866	0.00229	0.06996	0.00718	0.00632	0.01097
20	0.09842	0.01647	0.01650	0.10750	0.07515	0.16302	0.01247	0.02226	0.03919	0.11985	0.02693	0.03137	0.13113	0.01056	0.00791	0.00232	0.04157	0.06365	0.00525	0.00850

[dist]
# distance from previous block
# <min> <max>
0	3

[block]
# block no. 6 follows, 29 sequences, length 8
# corresponding to MSA columns:
# 210-217
name=unknown_G
#
# <colnr> <probs for GDERKNQSTAVLIFYWHMCP>
#	G	D	E	R	K	N	Q	S	T	A	V	L	I	F	Y	W	H	M	C	P
0	0.02747	0.08678	0.05006	0.01428	0.01983	0.07199	0.01224	0.15878	0.07443	0.37675	0.02227	0.02050	0.01502	0.00836	0.00684	0.00212	0.00726	0.00648	0.00715	0.01139
1	0.01514	0.18785	0.41523	0.05235	0.09020	0.01826	0.02089	0.02106	0.01508	0.02090	0.01682	0.01883	0.06324	0.00747	0.00646	0.00210	0.00911	0.00585	0.00335	0.00982
2	0.01408	0.01111	0.01715	0.06969	0.01977	0.01079	0.13035	0.01928	0.08766	0.09120	0.22436	0.06935	0.18054	0.01242	0.00809	0.00236	0.00599	0.01125	0.00642	0.00814
3	0.06562	0.01097	0.01571	0.01283	0.01690	0.01003	0.07849	0.02478	0.01745	0.35887	0.02921	0.16276	0.05309	0.01133	0.00731	0.00230	0.00585	0.00990	0.09710	0.00950
4	0.00934	0.00716	0.00802	0.00785	0.00951	0.00642	0.00556	0.01121	0.01610	0.02081	0.24853	0.05912	0.36396	0.17856	0.01455	0.00335	0.00426	0.01336	0.00647	0.00585
5	0.00892	0.00638	0.00848	0.00975	0.01038	0.00594	0.00663	0.01052	0.01475	0.01996	0.15306	0.62621	0.05055	0.02098	0.00897	0.00278	0.00400	0.01898	0.00682	0.00594
6	0.00899	0.00644	0.00854	0.00970	0.01040	0.00599	0.00663	0.01069	0.01507	0.02047	0.18549	0.59233	0.05153	0.02060	0.00894	0.00275	0.00396	0.01862	0.00688	0.00599
7	0.00905	0.00712	0.00822	0.00854	0.01037	0.00629	0.00638	0.01119	0.01658	0.02113	0.19350	0.18980	0.39867	0.01823	0.00865	0.00253	0.00389	0.06683	0.00686	0.00616

[dist]
# distance from previous block
# <min> <max>
0	1

[block]
# block no. 7 follows, 29 sequences, length 29
# corresponding to MSA columns:
# 219-247
name=unknown_H
#
# <colnr> <probs for GDERKNQSTAVLIFYWHMCP>
#	G	D	E	R	K	N	Q	S	T	A	V	L	I	F	Y	W	H	M	C	P
0	0.19065	0.28408	0.14032	0.01601	0.02247	0.05405	0.10863	0.06876	0.01599	0.02393	0.01158	0.01362	0.00925	0.00654	0.00570	0.00197	0.00851	0.00493	0.00374	0.00929
1	0.09230	0.02086	0.06110	0.01630	0.06656	0.22270	0.01245	0.12294	0.06794	0.06150	0.01758	0.05297	0.01423	0.00846	0.00641	0.00204	0.00817	0.00642	0.12989	0.00918
2	0.80005	0.01377	0.01047	0.00936	0.01377	0.01597	0.00771	0.02093	0.01212	0.03195	0.00991	0.01157	0.00771	0.00661	0.00441	0.00220	0.00551	0.00386	0.00441	0.00771
3	0.01175	0.01160	0.06348	0.06582	0.04964	0.01070	0.04307	0.01563	0.05205	0.02168	0.16231	0.25024	0.07805	0.03633	0.01034	0.00267	0.07019	0.01264	0.02444	0.00737
4	0.02954	0.01191	0.01565	0.01218	0.01726	0.01066	0.01000	0.06773	0.02047	0.59568	0.02694	0.02411	0.01740	0.00874	0.00691	0.00214	0.00584	0.00706	0.09829	0.01149
5	0.02187	0.02429	0.02221	0.05310	0.02411	0.33888	0.10782	0.10484	0.10494	0.02317	0.01839	0.01995	0.05563	0.00848	0.00779	0.00214	0.04201	0.00661	0.00466	0.00911
6	0.00988	0.00715	0.00908	0.01009	0.01116	0.00682	0.00755	0.01170	0.01453	0.01891	0.06577	0.28089	0.13817	0.15486	0.01421	0.00366	0.00530	0.21823	0.00622	0.00583
7	0.01057	0.00774	0.01012	0.00999	0.01048	0.00862	0.00690	0.01167	0.01096	0.01526	0.02115	0.07343	0.02286	0.40583	0.28480	0.00809	0.06240	0.00958	0.00417	0.00538
8	0.01148	0.00796	0.01033	0.01188	0.05522	0.00761	0.00769	0.04305	0.01509	0.05112	0.03726	0.47291	0.10488	0.07583	0.01063	0.00298	0.00479	0.01613	0.04650	0.00666
9	0.01205	0.00743	0.00983	0.00997	0.01159	0.00682	0.00734	0.01438	0.01704	0.10298	0.27886	0.34634	0.07525	0.01761	0.00863	0.00258	0.00420	0.05288	0.00731	0.00692
10	0.02029	0.01614	0.01729	0.01475	0.01905	0.01818	0.01166	0.27139	0.38610	0.03422	0.02560	0.09144	0.02062	0.01046	0.00738	0.00236	0.00630	0.00861	0.00714	0.01106
11	0.01912	0.06441	0.14240	0.08870	0.10200	0.08009	0.08542	0.18057	0.02037	0.02718	0.04699	0.01804	0.01320	0.00737	0.00688	0.00206	0.00896	0.00622	0.00453	0.07551
12	0.01849	0.01748	0.02265	0.01827	0.02225	0.12294	0.17634	0.10154	0.09655	0.05325	0.01765	0.02234	0.01455	0.06435	0.15213	0.00440	0.05382	0.00733	0.00474	0.00891
13	0.01105	0.00871	0.01195	0.05290	0.08410	0.00867	0.00944	0.04391	0.03302	0.02049	0.03686	0.48382	0.09999	0.01836	0.00861	0.00271	0.00514	0.04715	0.00615	0.00696
14	0.07472	0.01386	0.01485	0.01292	0.01687	0.01537	0.01022	0.12306	0.34892	0.09303	0.02671	0.02597	0.05017	0.01200	0.04835	0.00279	0.00643	0.00760	0.08596	0.01022
15	0.01664	0.01537	0.02494	0.20556	0.43904	0.01631	0.01953	0.05684	0.04239	0.02379	0.05816	0.02054	0.01487	0.00730	0.00716	0.00220	0.00824	0.00683	0.00405	0.01022
16	0.01488	0.01997	0.19882	0.02219	0.12970	0.01579	0.10068	0.02033	0.05383	0.02179	0.01699	0.10282	0.01540	0.00970	0.01036	0.00242	0.14875	0.00795	0.04423	0.04340
17	0.01094	0.00724	0.00928	0.00932	0.01093	0.00657	0.00677	0.01331	0.01739	0.07264	0.33992	0.29192	0.14227	0.01729	0.00855	0.00248	0.00385	0.01530	0.00732	0.00669
18	0.05017	0.00897	0.01069	0.03476	0.01209	0.00924	0.00675	0.01665	0.04358	0.13128	0.02231	0.03833	0.02235	0.50733	0.02717	0.00541	0.03232	0.00914	0.00512	0.00633
19	0.04692	0.01699	0.02149	0.12417	0.21824	0.05056	0.01584	0.19890	0.14234	0.02924	0.01810	0.05400	0.01464	0.00846	0.00709	0.00224	0.00782	0.00717	0.00529	0.01049
20	0.00916	0.00699	0.00842	0.00859	0.01021	0.00625	0.00624	0.01146	0.01720	0.02280	0.32220	0.22777	0.28160	0.01765	0.00857	0.00246	0.00363	0.01542	0.00711	0.00625
21	0.02030	0.05145	0.05224	0.06776	0.06627	0.09151	0.04576	0.12245	0.22823	0.09208	0.03732	0.02253	0.03272	0.00978	0.02580	0.00246	0.00808	0.00710	0.00582	0.01035
22	0.01796	0.01425	0.02264	0.06724	0.13088	0.01614	0.09726	0.02106	0.01501	0.13501	0.04776	0.05316	0.01601	0.01008	0.01296	0.00255	0.26075	0.00764	0.04255	0.00910
23	0.02259	0.05678	0.01830	0.01489	0.01867	0.29778	0.01169	0.05598	0.06246	0.13622	0.10608	0.02290	0.03999	0.00925	0.00799	0.00206	0.05970	0.00676	0.00549	0.04440
24	0.00928	0.00761	0.00828	0.00860	0.01068	0.00687	0.00644	0.01225	0.05894	0.01986	0.06081	0.19245	0.49008	0.01841	0.00857	0.00256	0.00404	0.06128	0.00665	0.00634
25	0.01595	0.01393	0.01744	0.01463	0.06679	0.01242	0.03058	0.05130	0.08458	0.02452	0.01444	0.01646	0.01175	0.00639	0.00683	0.00148	0.04836	0.00511	0.00453	0.55250
26	0.01675	0.01668	0.02439	0.18056	0.43230	0.08261	0.01913	0.02065	0.01619	0.02130	0.01808	0.02307	0.06281	0.00786	0.00719	0.00220	0.00867	0.02602	0.00378	0.00976
27	0.09784	0.01818	0.02425	0.21302	0.21838	0.11509	0.09321	0.05653	0.05349	0.02341	0.01367	0.01734	0.01071	0.00697	0.00688	0.00220	0.00926	0.00617	0.00394	0.00946
28	0.06821	0.01563	0.02274	0.36013	0.22572	0.07535	0.04143	0.02008	0.01506	0.02053	0.01301	0.01817	0.01042	0.00980	0.05252	0.00282	0.00992	0.00618	0.00345	0.00883

[dist]
# distance from previous block
# <min> <max>
0	20

[block]
# block no. 8 follows, 29 sequences, length 6
# corresponding to MSA columns:
# 268-273
name=unknown_I
#
# <colnr> <probs for GDERKNQSTAVLIFYWHMCP>
#	G	D	E	R	K	N	Q	S	T	A	V	L	I	F	Y	W	H	M	C	P
0	0.05968	0.04163	0.01769	0.15802	0.07849	0.06469	0.01264	0.07287	0.05918	0.12010	0.09223	0.05641	0.07062	0.00961	0.00704	0.00216	0.00698	0.00799	0.00558	0.05641
1	0.05650	0.05556	0.01551	0.01281	0.01574	0.19139	0.00995	0.06209	0.01738	0.05126	0.11345	0.05409	0.06363	0.05983	0.09055	0.00343	0.04758	0.00792	0.03046	0.04087
2	0.02423	0.02054	0.01935	0.01606	0.02036	0.16642	0.01281	0.32578	0.10387	0.08545	0.01883	0.06265	0.01499	0.00960	0.00837	0.00223	0.06465	0.00712	0.00620	0.01048
3	0.15446	0.01727	0.01578	0.05808	0.01914	0.16513	0.01130	0.07444	0.07166	0.05830	0.01889	0.12371	0.01752	0.01047	0.00804	0.00227	0.06446	0.03480	0.00513	0.06914
4	0.01352	0.01143	0.01370	0.01275	0.01430	0.05180	0.00980	0.05914	0.06825	0.01914	0.01858	0.02763	0.01745	0.14800	0.38096	0.00780	0.10670	0.00766	0.00429	0.00710
5	0.01909	0.08350	0.11709	0.09114	0.15712	0.06598	0.10621	0.09580	0.11409	0.05644	0.01620	0.01829	0.01229	0.00729	0.00699	0.00218	0.00895	0.00643	0.00456	0.01037

[dist]
# distance from previous block
# <min> <max>
0	9

[block]
# block no. 9 follows, 29 sequences, length 41
# corresponding to MSA columns:
# 283-323
name=unknown_J
#
# <colnr> <probs for GDERKNQSTAVLIFYWHMCP>
#	G	D	E	R	K	N	Q	S	T	A	V	L	I	F	Y	W	H	M	C	P
0	0.01015	0.00821	0.01011	0.00945	0.01171	0.00762	0.02859	0.01418	0.07129	0.02411	0.33397	0.09900	0.31358	0.01576	0.00836	0.00236	0.00397	0.01366	0.00709	0.00683
1	0.01396	0.01103	0.01213	0.01293	0.06004	0.06040	0.00871	0.01834	0.11129	0.07832	0.06854	0.25248	0.16686	0.07904	0.01052	0.00286	0.00553	0.01311	0.00632	0.00760
2	0.01997	0.11679	0.14000	0.04531	0.08980	0.07958	0.17386	0.11190	0.01882	0.08651	0.01558	0.04218	0.01221	0.00748	0.00704	0.00215	0.00949	0.00674	0.00447	0.01011
3	0.06503	0.01909	0.02190	0.04422	0.18242	0.15200	0.05593	0.13168	0.05229	0.12033	0.01745	0.02097	0.01367	0.00956	0.03044	0.00248	0.00909	0.03605	0.00523	0.01017
4	0.00887	0.00651	0.00824	0.00954	0.01033	0.00601	0.00657	0.01025	0.01405	0.01831	0.04375	0.56443	0.15318	0.05617	0.01031	0.00302	0.00431	0.05383	0.00650	0.00579
5	0.01504	0.08273	0.01639	0.01528	0.09350	0.06901	0.01057	0.01769	0.01715	0.07894	0.23953	0.17878	0.03780	0.01344	0.00867	0.00235	0.04725	0.04192	0.00605	0.00791
6	0.01919	0.05929	0.06986	0.02184	0.12077	0.01702	0.15970	0.19291	0.04652	0.06631	0.07740	0.07868	0.01955	0.00909	0.00750	0.00225	0.00814	0.00837	0.00546	0.01017
7	0.01825	0.04588	0.06171	0.01778	0.02069	0.14682	0.06124	0.05983	0.09127	0.02131	0.01398	0.01757	0.01175	0.01166	0.04595	0.00290	0.29478	0.00624	0.04167	0.00872
8	0.00981	0.00749	0.00910	0.00952	0.01099	0.00713	0.00682	0.01340	0.07482	0.02237	0.23504	0.35510	0.17545	0.01817	0.00860	0.00257	0.00394	0.01608	0.00702	0.00657
9	0.02270	0.30691	0.02692	0.01595	0.02028	0.36593	0.01332	0.04804	0.01761	0.01813	0.01065	0.01271	0.00928	0.00738	0.00732	0.00185	0.07834	0.00451	0.00350	0.00869
10	0.01023	0.00682	0.00843	0.00859	0.00904	0.00670	0.00548	0.01075	0.01245	0.01683	0.12877	0.14475	0.05676	0.39149	0.05880	0.09604	0.00635	0.01171	0.00510	0.00491
11	0.04743	0.18291	0.29473	0.01996	0.06539	0.12725	0.08759	0.02385	0.04833	0.02131	0.01277	0.01494	0.00995	0.00674	0.00637	0.00205	0.00988	0.00532	0.00346	0.00976
12	0.01658	0.08705	0.02264	0.02105	0.16722	0.06708	0.10402	0.04476	0.07759	0.04479	0.15233	0.02997	0.07340	0.04996	0.00893	0.00241	0.00742	0.00853	0.00522	0.00903
13	0.01291	0.01002	0.01214	0.01307	0.04654	0.00955	0.00913	0.01679	0.09943	0.02451	0.19092	0.24522	0.17319	0.01800	0.00932	0.00294	0.00524	0.08554	0.00740	0.00813
14	0.01635	0.14402	0.06205	0.18339	0.30105	0.01835	0.09616	0.02068	0.01527	0.02063	0.01299	0.01740	0.01067	0.00870	0.04095	0.00255	0.00956	0.00615	0.00336	0.00971
15	0.01864	0.01409	0.01274	0.01165	0.01459	0.13872	0.00911	0.05489	0.09995	0.10441	0.06963	0.03031	0.02218	0.00988	0.00657	0.00206	0.00617	0.06921	0.29682	0.00838
16	0.00922	0.00704	0.00835	0.00843	0.01007	0.00629	0.00610	0.01145	0.01704	0.02250	0.31505	0.18529	0.29648	0.05234	0.00986	0.00264	0.00376	0.01490	0.00699	0.00617
17	0.00985	0.00760	0.00907	0.00895	0.01087	0.00701	0.00675	0.01330	0.05024	0.02422	0.36640	0.11845	0.27301	0.01643	0.00849	0.00242	0.00379	0.04932	0.00723	0.00661
18	0.00903	0.00714	0.00817	0.00871	0.01033	0.00644	0.00622	0.01146	0.04217	0.02003	0.11148	0.33051	0.36460	0.01908	0.00863	0.00258	0.00387	0.01661	0.00674	0.00619
19	0.30221	0.01355	0.01425	0.01197	0.01669	0.01435	0.00970	0.03062	0.19540	0.28808	0.02184	0.02033	0.01518	0.00825	0.00620	0.00226	0.00575	0.00622	0.00683	0.01032
20	0.80005	0.01377	0.01047	0.00936	0.01377	0.01597	0.00771	0.02093	0.01212	0.03195	0.00991	0.01157	0.00771	0.00661	0.00441	0.00220	0.00551	0.00386	0.00441	0.00771
21	0.01477	0.01266	0.01477	0.01055	0.01687	0.00949	0.00844	0.01793	0.01477	0.02320	0.01266	0.01477	0.01055	0.00527	0.00527	0.00105	0.00527	0.00422	0.00422	0.79328
22	0.80005	0.01377	0.01047	0.00936	0.01377	0.01597	0.00771	0.02093	0.01212	0.03195	0.00991	0.01157	0.00771	0.00661	0.00441	0.00220	0.00551	0.00386	0.00441	0.00771
23	0.01022	0.00700	0.00789	0.00797	0.00828	0.00688	0.00476	0.01055	0.01121	0.01469	0.02793	0.05031	0.09138	0.64469	0.03231	0.00630	0.00657	0.04183	0.00464	0.00458
24	0.01097	0.00833	0.01011	0.01012	0.01160	0.00873	0.00747	0.01483	0.09512	0.01843	0.03362	0.04764	0.15255	0.24687	0.20473	0.00625	0.00929	0.09177	0.00525	0.00630
25	0.01762	0.01692	0.02890	0.04371	0.70533	0.01692	0.02185	0.02185	0.01621	0.02326	0.01339	0.01762	0.01128	0.00634	0.00705	0.00211	0.00846	0.00634	0.00352	0.01128
26	0.01947	0.34294	0.13994	0.01591	0.02196	0.16327	0.04518	0.02563	0.12317	0.02017	0.01381	0.01505	0.01120	0.00701	0.00589	0.00189	0.00902	0.00508	0.00386	0.00954
27	0.01887	0.33952	0.12507	0.01605	0.02225	0.02193	0.09062	0.16378	0.01886	0.02449	0.01519	0.08428	0.01359	0.00826	0.00630	0.00199	0.00824	0.00668	0.00433	0.00971
28	0.01023	0.00692	0.00811	0.00822	0.00836	0.00699	0.00486	0.01052	0.01067	0.01433	0.02330	0.09268	0.02666	0.64174	0.09186	0.00701	0.00773	0.01080	0.00443	0.00459
29	0.01002	0.00714	0.00894	0.00952	0.01007	0.00730	0.00628	0.01187	0.04444	0.01672	0.02881	0.31679	0.03273	0.31830	0.13304	0.00584	0.00769	0.01369	0.00528	0.00555
30	0.01885	0.20779	0.19268	0.02149	0.11540	0.13542	0.08046	0.04742	0.05372	0.02142	0.01295	0.01524	0.01036	0.00696	0.00691	0.00203	0.03198	0.00546	0.00363	0.00984
31	0.01058	0.00772	0.01086	0.01073	0.01155	0.00883	0.00790	0.01213	0.01103	0.01565	0.01912	0.03175	0.01916	0.22473	0.48050	0.05275	0.04725	0.00817	0.00387	0.00573
32	0.00997	0.00742	0.00920	0.01001	0.01130	0.00712	0.00743	0.01273	0.04753	0.02013	0.10545	0.30572	0.16387	0.09562	0.01181	0.00322	0.00485	0.15391	0.00651	0.00619
33	0.01426	0.01221	0.01835	0.11769	0.19732	0.01359	0.01443	0.04935	0.04512	0.02136	0.01992	0.08644	0.01902	0.03770	0.14543	0.00431	0.07281	0.07091	0.03141	0.00839
34	0.01943	0.14400	0.13132	0.06351	0.16435	0.10661	0.10094	0.05608	0.06340	0.06235	0.01460	0.01685	0.01128	0.00697	0.00672	0.00208	0.00932	0.00597	0.00411	0.01012
35	0.02011	0.02648	0.16707	0.02213	0.12123	0.26047	0.07109	0.08277	0.04590	0.02372	0.07693	0.01914	0.01568	0.00783	0.00702	0.00210	0.01006	0.00635	0.00434	0.00959
36	0.02486	0.05397	0.01798	0.01370	0.01828	0.04026	0.01108	0.26824	0.02363	0.27170	0.02456	0.15698	0.02041	0.01107	0.00735	0.00226	0.00668	0.00909	0.00728	0.01062
37	0.01547	0.13741	0.08617	0.01468	0.01892	0.09627	0.08805	0.06720	0.01751	0.02212	0.10719	0.15903	0.09624	0.01302	0.02710	0.00248	0.00776	0.01014	0.00511	0.00813
38	0.01786	0.05890	0.02736	0.06456	0.13632	0.11841	0.19842	0.06355	0.01749	0.02237	0.04751	0.02386	0.04736	0.00875	0.00914	0.00231	0.08433	0.03822	0.00419	0.00909
39	0.01442	0.04630	0.02364	0.08976	0.32377	0.01398	0.09205	0.01790	0.01532	0.02093	0.02250	0.22182	0.04470	0.01120	0.00772	0.00237	0.00755	0.01063	0.00445	0.00899
40	0.19682	0.18482	0.02099	0.01420	0.01831	0.28904	0.01158	0.02446	0.06251	0.02198	0.04951	0.01552	0.01288	0.00770	0.00653	0.00197	0.04356	0.00502	0.00414	0.00843

[dist]
# distance from previous block
# <min> <max>
0	4

[block]
# block no. 10 follows, 29 sequences, length 31
# corresponding to MSA columns:
# 328-358
name=unknown_K
#
# <colnr> <probs for GDERKNQSTAVLIFYWHMCP>
#	G	D	E	R	K	N	Q	S	T	A	V	L	I	F	Y	W	H	M	C	P
0	0.09786	0.01600	0.02021	0.08470	0.24546	0.05801	0.01495	0.12194	0.08917	0.04426	0.03658	0.04583	0.04574	0.01043	0.03613	0.00259	0.00800	0.00727	0.00502	0.00986
1	0.01556	0.19254	0.16020	0.01601	0.02146	0.09186	0.10550	0.01934	0.01566	0.01988	0.04265	0.15563	0.05948	0.01033	0.00696	0.00213	0.00823	0.00886	0.00427	0.04347
2	0.00972	0.00743	0.00877	0.00907	0.01053	0.00700	0.00641	0.01280	0.06275	0.02126	0.19979	0.28263	0.22618	0.08894	0.01125	0.00296	0.00418	0.01531	0.00672	0.00630
3	0.01310	0.01223	0.01710	0.01868	0.12592	0.04175	0.03732	0.01527	0.01401	0.01922	0.04876	0.28341	0.06918	0.01635	0.03606	0.00300	0.20412	0.01213	0.00488	0.00752
4	0.04191	0.01978	0.07319	0.15365	0.15831	0.08612	0.12302	0.17776	0.02017	0.02714	0.01430	0.01752	0.01088	0.00716	0.00706	0.00218	0.00936	0.00638	0.03414	0.00997
5	0.01550	0.01564	0.02140	0.09286	0.21624	0.09554	0.07164	0.01887	0.01647	0.02151	0.11951	0.03039	0.10977	0.01027	0.00949	0.00234	0.09504	0.02437	0.00456	0.00859
6	0.01397	0.01294	0.02182	0.05969	0.35672	0.01277	0.07217	0.01728	0.01537	0.02115	0.02534	0.24923	0.06695	0.01211	0.00790	0.00241	0.00714	0.01144	0.00468	0.00893
7	0.02025	0.05198	0.02428	0.02051	0.08549	0.11970	0.09890	0.15198	0.01904	0.04884	0.03717	0.01750	0.01261	0.00870	0.01105	0.00227	0.19156	0.00633	0.00453	0.06732
8	0.01444	0.01208	0.01716	0.13000	0.19250	0.01254	0.01350	0.10136	0.01779	0.02378	0.03187	0.11933	0.16354	0.01243	0.00777	0.00240	0.00661	0.07287	0.03956	0.00846
9	0.01003	0.00691	0.00797	0.00804	0.00845	0.00672	0.00487	0.01066	0.01219	0.01626	0.10452	0.10874	0.08319	0.54932	0.02868	0.00569	0.00602	0.01184	0.00508	0.00484
10	0.00968	0.00752	0.00890	0.00928	0.01095	0.00704	0.00678	0.01305	0.06607	0.02180	0.19549	0.28815	0.26654	0.01814	0.00861	0.00257	0.00400	0.04202	0.00693	0.00650
11	0.01037	0.00803	0.00944	0.00959	0.01125	0.00784	0.00689	0.01488	0.11174	0.02248	0.21709	0.27167	0.18901	0.06399	0.01023	0.00280	0.00421	0.01483	0.00688	0.00676
12	0.01713	0.00963	0.01331	0.01125	0.01437	0.00907	0.05707	0.02142	0.05831	0.19602	0.25614	0.06592	0.03570	0.01108	0.00725	0.00215	0.00482	0.00970	0.19117	0.00848
13	0.08451	0.08181	0.02434	0.02585	0.27006	0.10030	0.01619	0.13483	0.01853	0.05162	0.01314	0.01591	0.01067	0.00781	0.00891	0.00219	0.11313	0.00575	0.00433	0.01013
