[name]
unknown

[dist]
# distance from previous block
# <min> <max>
2	7

[block]
# block no. 0 follows, 33 sequences, length 6
# corresponding to MSA columns:
# 8-13
name=unknown_A
#
# <colnr> <probs for GDERKNQSTAVLIFYWHMCP>
#	G	D	E	R	K	N	Q	S	T	A	V	L	I	F	Y	W	H	M	C	P
0	0.05035	0.08614	0.01623	0.08253	0.01749	0.05257	0.08623	0.01696	0.09009	0.01864	0.02269	0.17508	0.05241	0.14646	0.01148	0.00290	0.00648	0.00946	0.04900	0.00681
1	0.01753	0.13143	0.01903	0.01581	0.10352	0.08173	0.01124	0.21909	0.01885	0.02431	0.01830	0.12977	0.01792	0.08458	0.00916	0.00242	0.00697	0.04742	0.00486	0.03605
2	0.17898	0.01085	0.01159	0.05506	0.05417	0.04736	0.00863	0.01772	0.07613	0.08009	0.09627	0.15558	0.15918	0.01178	0.00669	0.00219	0.00511	0.00981	0.00553	0.00728
3	0.09166	0.01043	0.01128	0.01029	0.01321	0.05173	0.00791	0.05058	0.01571	0.16090	0.06069	0.25006	0.09822	0.01295	0.00701	0.00218	0.00508	0.04818	0.00601	0.08593
4	0.21177	0.01342	0.01342	0.01131	0.01520	0.03983	0.00897	0.17442	0.10916	0.07702	0.01728	0.05424	0.01415	0.04246	0.04782	0.00259	0.00644	0.00618	0.04278	0.09154
5	0.06454	0.12206	0.25652	0.04927	0.02236	0.08935	0.01566	0.14922	0.08077	0.02393	0.01323	0.01491	0.01009	0.00771	0.00703	0.04704	0.00817	0.00508	0.00400	0.00904

[dist]
# distance from previous block
# <min> <max>
0	6

[block]
# block no. 1 follows, 33 sequences, length 16
# corresponding to MSA columns:
# 20-35
name=unknown_B
#
# <colnr> <probs for GDERKNQSTAVLIFYWHMCP>
#	G	D	E	R	K	N	Q	S	T	A	V	L	I	F	Y	W	H	M	C	P
0	0.01966	0.01402	0.01673	0.01340	0.01769	0.01446	0.04717	0.35062	0.05248	0.10188	0.02322	0.14897	0.05792	0.01027	0.00689	0.00205	0.00617	0.00864	0.00622	0.08152
1	0.01762	0.07627	0.02141	0.01849	0.09855	0.12245	0.08695	0.16862	0.01770	0.02279	0.01592	0.12575	0.01504	0.01151	0.04516	0.00257	0.11281	0.00760	0.00436	0.00844
2	0.01451	0.13270	0.02144	0.01746	0.12180	0.01373	0.12778	0.05616	0.03290	0.04378	0.07355	0.12664	0.02115	0.12004	0.01061	0.00264	0.00681	0.00861	0.00449	0.04323
3	0.13605	0.06601	0.04426	0.01734	0.10863	0.05130	0.02979	0.17100	0.05892	0.09785	0.03630	0.01660	0.01233	0.00785	0.00827	0.00210	0.11565	0.00567	0.00483	0.00927
4	0.01530	0.22979	0.02141	0.01837	0.19756	0.07776	0.01184	0.04020	0.01469	0.01918	0.01797	0.19250	0.01823	0.00963	0.00607	0.00191	0.00650	0.00813	0.08497	0.00801
5	0.20245	0.00994	0.01058	0.01024	0.03677	0.01039	0.00758	0.01859	0.13948	0.05425	0.25943	0.03603	0.15770	0.01102	0.00661	0.00211	0.00426	0.00907	0.00609	0.00740
6	0.01830	0.01542	0.01606	0.01243	0.01763	0.06058	0.00997	0.23510	0.12189	0.02826	0.01509	0.01580	0.01163	0.00654	0.00574	0.00152	0.00611	0.00507	0.00512	0.39173
7	0.01641	0.07452	0.02544	0.02821	0.36615	0.01587	0.11718	0.11884	0.01694	0.02323	0.01610	0.12023	0.01493	0.00815	0.00679	0.00205	0.00760	0.00776	0.00412	0.00945
8	0.01717	0.01320	0.01376	0.01220	0.01445	0.11002	0.00966	0.02173	0.11189	0.12438	0.01828	0.02055	0.01435	0.01291	0.08520	0.00294	0.16361	0.00615	0.21969	0.00787
9	0.00935	0.00629	0.00725	0.00747	0.00753	0.00623	0.00430	0.00951	0.01002	0.01335	0.02301	0.14840	0.02680	0.65941	0.02984	0.00584	0.00601	0.01091	0.00430	0.00419
10	0.01755	0.40150	0.02767	0.01396	0.01817	0.04266	0.05104	0.11881	0.01540	0.01967	0.01096	0.01367	0.00960	0.01050	0.06603	0.00253	0.14356	0.00482	0.00348	0.00842
11	0.01329	0.00988	0.01130	0.00996	0.01291	0.00943	0.00762	0.16425	0.01819	0.04512	0.11062	0.22649	0.19172	0.01346	0.00722	0.00208	0.00459	0.01152	0.00608	0.12428
12	0.01300	0.01058	0.01217	0.01170	0.01364	0.06655	0.04068	0.07421	0.09222	0.05107	0.05372	0.46895	0.03337	0.01568	0.00774	0.00242	0.00529	0.01399	0.00600	0.00703
13	0.01915	0.01792	0.01641	0.01281	0.01795	0.17667	0.01016	0.20276	0.01940	0.02560	0.01245	0.01383	0.00985	0.00611	0.00557	0.00140	0.00708	0.00452	0.00450	0.41585
14	0.01248	0.01061	0.01468	0.04497	0.08470	0.01255	0.01065	0.06226	0.01274	0.01791	0.01923	0.20437	0.02086	0.15169	0.06883	0.00383	0.22702	0.00974	0.00422	0.00668
15	0.01805	0.01314	0.01493	0.01181	0.01678	0.01265	0.00944	0.09552	0.25176	0.12932	0.01927	0.01881	0.01433	0.00702	0.00592	0.00165	0.00534	0.00569	0.00573	0.34284

[dist]
# distance from previous block
# <min> <max>
0	1

[block]
# block no. 2 follows, 33 sequences, length 57
# corresponding to MSA columns:
# 37-93
name=unknown_C
#
# <colnr> <probs for GDERKNQSTAVLIFYWHMCP>
#	G	D	E	R	K	N	Q	S	T	A	V	L	I	F	Y	W	H	M	C	P
0	0.01880	0.01612	0.01514	0.01242	0.01659	0.14082	0.00981	0.22953	0.04987	0.06431	0.08469	0.04250	0.09944	0.00901	0.00644	0.00180	0.00652	0.00712	0.00559	0.16349
1	0.00900	0.00741	0.00925	0.00876	0.01096	0.00637	0.03301	0.01098	0.01459	0.01904	0.12559	0.25965	0.33873	0.01567	0.00763	0.00219	0.00393	0.01369	0.00588	0.09765
2	0.01705	0.01543	0.02406	0.14391	0.45851	0.01658	0.01824	0.13466	0.01708	0.02379	0.01261	0.01628	0.01019	0.00668	0.00751	0.00205	0.05589	0.00587	0.00374	0.00987
3	0.01177	0.00666	0.00790	0.00759	0.00893	0.00660	0.00558	0.03891	0.01459	0.02277	0.20815	0.02984	0.02763	0.01261	0.01022	0.18078	0.00382	0.00759	0.38244	0.00562
4	0.01253	0.01166	0.01904	0.45880	0.19017	0.01324	0.01636	0.01641	0.01412	0.01856	0.06171	0.02476	0.09951	0.00807	0.00679	0.00214	0.00756	0.00720	0.00365	0.00772
5	0.00867	0.00642	0.00809	0.00827	0.00959	0.00584	0.00597	0.01094	0.01622	0.02206	0.40602	0.26418	0.17118	0.01614	0.00796	0.00228	0.00336	0.01427	0.00671	0.00584
6	0.01684	0.01766	0.02066	0.01753	0.01871	0.14145	0.04266	0.06205	0.01309	0.01775	0.00955	0.01421	0.00883	0.01025	0.01743	0.00260	0.55231	0.00560	0.00322	0.00760
7	0.01365	0.01170	0.01365	0.00975	0.01560	0.00878	0.00780	0.01658	0.01365	0.02145	0.01170	0.01365	0.00975	0.00488	0.00488	0.00098	0.00488	0.00390	0.00390	0.80888
8	0.01237	0.00881	0.01070	0.01007	0.01216	0.00881	0.00770	0.11791	0.05189	0.04769	0.31793	0.21252	0.07824	0.01442	0.00775	0.00228	0.00430	0.06063	0.00674	0.00707
9	0.00998	0.00749	0.00954	0.00851	0.01072	0.00660	0.00646	0.01306	0.01787	0.02564	0.61487	0.04373	0.05409	0.01214	0.00732	0.00190	0.00338	0.01068	0.00673	0.12928
10	0.00809	0.00654	0.00720	0.00734	0.00916	0.00564	0.00539	0.00993	0.01528	0.01916	0.17881	0.16832	0.50269	0.01671	0.00787	0.00227	0.00337	0.01428	0.00631	0.00564
11	0.00919	0.00634	0.00787	0.00863	0.00900	0.00621	0.00574	0.01006	0.01148	0.01523	0.02832	0.29894	0.03290	0.39319	0.02102	0.00458	0.00544	0.11605	0.00505	0.00478
12	0.01838	0.01514	0.01602	0.01380	0.01788	0.01731	0.01091	0.19076	0.55663	0.03078	0.02424	0.02253	0.01803	0.00869	0.00667	0.00217	0.00568	0.00709	0.00667	0.01060
13	0.00778	0.00667	0.00667	0.00667	0.00889	0.00556	0.00500	0.00945	0.01501	0.01778	0.06669	0.06336	0.72490	0.01667	0.00778	0.00222	0.00333	0.01389	0.00611	0.00556
14	0.00802	0.00573	0.00764	0.00917	0.00955	0.00535	0.00611	0.00917	0.01260	0.01681	0.03628	0.76434	0.04354	0.02062	0.00840	0.00267	0.00382	0.01872	0.00611	0.00535
15	0.01760	0.77260	0.03450	0.01126	0.01690	0.02605	0.01126	0.01971	0.01338	0.01549	0.00915	0.01056	0.00845	0.00563	0.00422	0.00141	0.00704	0.00352	0.00282	0.00845
16	0.02724	0.01490	0.01756	0.01346	0.01865	0.01516	0.01112	0.37572	0.02502	0.37977	0.02079	0.01904	0.01369	0.00802	0.00660	0.00201	0.00644	0.00627	0.00735	0.01120
17	0.01098	0.00942	0.01303	0.01231	0.01327	0.03101	0.00979	0.01310	0.01068	0.01544	0.01534	0.02282	0.01443	0.03942	0.55501	0.00855	0.18912	0.00668	0.00337	0.00623
18	0.00870	0.00639	0.00827	0.00935	0.01039	0.00597	0.00695	0.01055	0.01418	0.01861	0.11334	0.42811	0.14872	0.01872	0.00839	0.00262	0.00417	0.16474	0.00622	0.00563
19	0.01243	0.01170	0.01975	0.75282	0.04534	0.01463	0.01828	0.01682	0.01316	0.01682	0.01170	0.01755	0.00878	0.00658	0.00658	0.00219	0.00878	0.00585	0.00293	0.00731
20	0.01243	0.01170	0.01975	0.75282	0.04534	0.01463	0.01828	0.01682	0.01316	0.01682	0.01170	0.01755	0.00878	0.00658	0.00658	0.00219	0.00878	0.00585	0.00293	0.00731
21	0.01522	0.27812	0.33801	0.01833	0.02597	0.01922	0.17774	0.02052	0.01410	0.01911	0.01127	0.01367	0.00876	0.00588	0.00592	0.00189	0.00914	0.00509	0.00292	0.00910
22	0.01574	0.11653	0.48609	0.01670	0.02495	0.01699	0.01975	0.13559	0.01669	0.02373	0.01217	0.01381	0.00892	0.00637	0.00598	0.00192	0.00869	0.00482	0.00350	0.06107
23	0.63682	0.12359	0.01432	0.01067	0.04334	0.04368	0.00848	0.01970	0.01195	0.02667	0.00934	0.01095	0.00751	0.00606	0.00427	0.00193	0.00574	0.00368	0.00383	0.00748
24	0.01521	0.01680	0.03352	0.02476	0.02953	0.01765	0.50718	0.01959	0.01398	0.01959	0.01199	0.01680	0.00960	0.00725	0.01171	0.00241	0.22361	0.00720	0.00320	0.00840
25	0.01437	0.01751	0.13192	0.01843	0.02293	0.04511	0.21047	0.02135	0.14191	0.02081	0.03484	0.02444	0.01580	0.01263	0.07969	0.00314	0.10368	0.06838	0.00417	0.00842
26	0.01847	0.02149	0.01848	0.01637	0.01855	0.37221	0.04870	0.02034	0.01480	0.01625	0.01247	0.06278	0.01179	0.01392	0.09728	0.00316	0.21618	0.00610	0.00344	0.00723
27	0.00916	0.00672	0.00858	0.00812	0.00974	0.00614	0.00609	0.01212	0.01826	0.02552	0.65685	0.05063	0.12991	0.01379	0.00777	0.00209	0.00313	0.01211	0.00713	0.00614
28	0.00780	0.00661	0.00673	0.00683	0.00893	0.00554	0.00507	0.00943	0.01485	0.01772	0.06474	0.10831	0.68121	0.01693	0.00782	0.00225	0.00337	0.01420	0.00611	0.00554
29	0.81514	0.01273	0.00968	0.00866	0.01273	0.01477	0.00713	0.01935	0.01120	0.02954	0.00917	0.01069	0.00713	0.00611	0.00407	0.00204	0.00509	0.00356	0.00407	0.00713
30	0.01637	0.01414	0.01489	0.01340	0.01712	0.01637	0.01042	0.03498	0.71568	0.02754	0.02679	0.02456	0.02010	0.00893	0.00670	0.00223	0.00521	0.00744	0.00670	0.01042
31	0.00802	0.00573	0.00764	0.00917	0.00955	0.00535	0.00611	0.00917	0.01260	0.01681	0.03628	0.76434	0.04354	0.02062	0.00840	0.00267	0.00382	0.01872	0.00611	0.00535
32	0.00862	0.00616	0.00833	0.00986	0.01050	0.00587	0.00716	0.01021	0.01320	0.01748	0.03595	0.60353	0.04222	0.02006	0.00856	0.00276	0.00434	0.17358	0.00610	0.00551
33	0.81514	0.01273	0.00968	0.00866	0.01273	0.01477	0.00713	0.01935	0.01120	0.02954	0.00917	0.01069	0.00713	0.00611	0.00407	0.00204	0.00509	0.00356	0.00407	0.00713
34	0.01444	0.01080	0.01243	0.01097	0.01375	0.01171	0.00864	0.18684	0.12874	0.02671	0.14832	0.03086	0.09356	0.01952	0.17770	0.00402	0.00785	0.00828	0.07691	0.00796
35	0.00946	0.00665	0.00796	0.00769	0.00939	0.00609	0.00581	0.01223	0.01697	0.02397	0.44813	0.04931	0.20490	0.01343	0.00732	0.00205	0.00323	0.03005	0.12930	0.00605
36	0.01762	0.01588	0.01351	0.01180	0.01502	0.18145	0.00919	0.20317	0.05527	0.02530	0.02751	0.02801	0.17203	0.01181	0.04521	0.00236	0.00717	0.00749	0.14228	0.00792
37	0.01509	0.35160	0.43354	0.01554	0.02351	0.01992	0.01871	0.02036	0.01367	0.01854	0.01067	0.01246	0.00839	0.00599	0.00538	0.00179	0.00857	0.00429	0.00280	0.00918
38	0.50739	0.01377	0.01266	0.01065	0.01502	0.01543	0.00872	0.15102	0.08156	0.10743	0.01387	0.01421	0.01009	0.00693	0.00507	0.00204	0.00556	0.00470	0.00523	0.00864
39	0.24994	0.02606	0.01610	0.01459	0.01818	0.53485	0.01113	0.02431	0.01653	0.01994	0.00989	0.01154	0.00810	0.00659	0.00541	0.00179	0.00994	0.00405	0.00359	0.00749
40	0.01338	0.01256	0.01176	0.01121	0.01312	0.14228	0.00838	0.01823	0.12908	0.02209	0.26562	0.18412	0.03664	0.01260	0.00792	0.00217	0.04311	0.01059	0.04812	0.00701
41	0.00883	0.00671	0.00813	0.00777	0.00954	0.00601	0.00583	0.01149	0.01749	0.02369	0.51734	0.05364	0.27057	0.01447	0.00777	0.00212	0.00318	0.01253	0.00689	0.00601
42	0.01333	0.25713	0.34800	0.01378	0.02038	0.01636	0.01585	0.01783	0.01384	0.01841	0.02178	0.06930	0.13112	0.00873	0.00602	0.00194	0.00744	0.00685	0.00357	0.00835
43	0.00836	0.00669	0.00747	0.00727	0.00925	0.00580	0.00545	0.01056	0.01636	0.02101	0.31273	0.05805	0.47685	0.01547	0.00777	0.00217	0.00325	0.01315	0.00654	0.00580
44	0.01951	0.01570	0.01665	0.01403	0.01831	0.01784	0.01118	0.27791	0.46765	0.03259	0.02281	0.02139	0.01687	0.00856	0.00666	0.00214	0.00595	0.00689	0.00666	0.01070
45	0.01791	0.74023	0.03381	0.01151	0.01705	0.05733	0.01133	0.02000	0.01361	0.01552	0.00920	0.01062	0.00845	0.00568	0.00430	0.00142	0.00725	0.00355	0.00284	0.00841
46	0.01594	0.00968	0.01006	0.00873	0.01134	0.01025	0.00688	0.21400	0.01874	0.02942	0.01984	0.02203	0.01524	0.00774	0.00517	0.00166	0.00427	0.00608	0.57535	0.00759
47	0.00957	0.00638	0.00718	0.00718	0.00718	0.00638	0.00399	0.00957	0.00957	0.01276	0.02074	0.04308	0.02393	0.76864	0.03351	0.00638	0.00638	0.00957	0.00399	0.00399
48	0.00932	0.00673	0.00880	0.00828	0.00984	0.00621	0.00621	0.01242	0.01863	0.02640	0.72410	0.04918	0.06212	0.01346	0.00776	0.00207	0.00311	0.01191	0.00725	0.00621
49	0.01760	0.77260	0.03450	0.01126	0.01690	0.02605	0.01126	0.01971	0.01338	0.01549	0.00915	0.01056	0.00845	0.00563	0.00422	0.00141	0.00704	0.00352	0.00282	0.00845
50	0.01338	0.01267	0.02146	0.57728	0.21344	0.01488	0.01876	0.01765	0.01361	0.01798	0.01187	0.01724	0.00918	0.00641	0.00657	0.00214	0.00854	0.00585	0.00301	0.00808
51	0.01414	0.01402	0.01966	0.01693	0.01699	0.01953	0.01408	0.01563	0.01011	0.01581	0.00912	0.01501	0.00905	0.01352	0.05966	0.00329	0.71759	0.00583	0.00291	0.00713
52	0.02371	0.01757	0.01889	0.01475	0.01969	0.01944	0.01208	0.63517	0.06617	0.03951	0.01742	0.05394	0.01329	0.00860	0.00668	0.00202	0.00696	0.00665	0.00657	0.01086
53	0.00837	0.00591	0.00770	0.00888	0.00923	0.00568	0.00583	0.00937	0.01195	0.01599	0.03252	0.59594	0.03861	0.15817	0.04992	0.00375	0.00498	0.01646	0.00559	0.00513
54	0.01787	0.01728	0.01557	0.01405	0.01771	0.14867	0.01084	0.03340	0.58863	0.02546	0.02377	0.02225	0.01798	0.00854	0.00656	0.00214	0.00642	0.00686	0.00610	0.00991
55	0.13886	0.37766	0.25609	0.01349	0.02019	0.02055	0.01492	0.05623	0.01414	0.02075	0.01037	0.01194	0.00836	0.00603	0.00498	0.00175	0.00762	0.00409	0.00320	0.00881
56	0.16029	0.20061	0.40971	0.01490	0.02231	0.01737	0.01759	0.02001	0.01334	0.02114	0.01167	0.01505	0.00937	0.00658	0.00550	0.00196	0.00811	0.03252	0.00316	0.00881

[dist]
# distance from previous block
# <min> <max>
0	2

[block]
# block no. 3 follows, 33 sequences, length 15
# corresponding to MSA columns:
# 96-110
name=unknown_D
#
# <colnr> <probs for GDERKNQSTAVLIFYWHMCP>
#	G	D	E	R	K	N	Q	S	T	A	V	L	I	F	Y	W	H	M	C	P
0	0.00802	0.00573	0.00764	0.00917	0.00955	0.00535	0.00611	0.00917	0.01260	0.01681	0.03628	0.76434	0.04354	0.02062	0.00840	0.00267	0.00382	0.01872	0.00611	0.00535
1	0.01764	0.20758	0.03456	0.02150	0.02767	0.01964	0.41413	0.13515	0.01757	0.02309	0.01269	0.01562	0.00980	0.00596	0.00668	0.00197	0.00943	0.00639	0.00374	0.00916
2	0.00778	0.00667	0.00667	0.00667	0.00889	0.00556	0.00500	0.00945	0.01501	0.01778	0.06669	0.06336	0.72490	0.01667	0.00778	0.00222	0.00333	0.01389	0.00611	0.00556
3	0.00843	0.00683	0.00757	0.00776	0.00979	0.00597	0.00608	0.01048	0.01544	0.01908	0.13550	0.06358	0.53534	0.01656	0.00800	0.00234	0.00376	0.12554	0.00623	0.00572
4	0.01423	0.01365	0.02132	0.02829	0.41464	0.01489	0.01590	0.01710	0.01376	0.01939	0.02160	0.02462	0.14361	0.00931	0.01055	0.00224	0.19517	0.00734	0.00370	0.00871
5	0.01678	0.49907	0.11148	0.01943	0.19682	0.02222	0.01498	0.01996	0.01384	0.01761	0.01026	0.01238	0.00893	0.00576	0.00503	0.00162	0.00754	0.00426	0.00292	0.00909
6	0.01357	0.01249	0.01682	0.01454	0.01545	0.01592	0.04067	0.01769	0.12811	0.01725	0.01492	0.02345	0.01446	0.20112	0.02151	0.00362	0.41050	0.00709	0.00382	0.00700
7	0.01469	0.01525	0.02486	0.01991	0.02159	0.01928	0.18763	0.01716	0.01145	0.01716	0.00982	0.01525	0.00898	0.01002	0.01813	0.00271	0.56923	0.00627	0.00299	0.00762
8	0.01731	0.02831	0.55376	0.01699	0.02556	0.01388	0.02064	0.02367	0.01514	0.19961	0.01537	0.01604	0.01034	0.00673	0.00635	0.00207	0.00869	0.00531	0.00413	0.01010
9	0.10722	0.01558	0.01631	0.19917	0.02421	0.09937	0.01239	0.11773	0.25622	0.02519	0.01801	0.05031	0.01425	0.00814	0.00634	0.00212	0.00708	0.00651	0.00503	0.00884
10	0.01398	0.01346	0.01243	0.01291	0.01490	0.19206	0.01064	0.01668	0.01643	0.01955	0.10638	0.05575	0.03323	0.01479	0.00815	0.00259	0.00719	0.43690	0.00552	0.00647
11	0.00913	0.00644	0.00839	0.00878	0.00925	0.00672	0.00589	0.01018	0.01066	0.01459	0.02364	0.21879	0.02645	0.34823	0.25630	0.00681	0.00937	0.01106	0.00437	0.00494
12	0.04967	0.08523	0.46731	0.20221	0.03111	0.01594	0.02101	0.01968	0.01355	0.01981	0.01146	0.01441	0.00840	0.00628	0.00608	0.00206	0.00907	0.00495	0.00288	0.00890
13	0.00802	0.00573	0.00764	0.00917	0.00955	0.00535	0.00611	0.00917	0.01260	0.01681	0.03628	0.76434	0.04354	0.02062	0.00840	0.00267	0.00382	0.01872	0.00611	0.00535
14	0.21856	0.01441	0.02115	0.02919	0.46776	0.01475	0.01573	0.02133	0.01447	0.10366	0.01311	0.01558	0.01026	0.00618	0.00591	0.00199	0.00688	0.00537	0.00401	0.00969

[dist]
# distance from previous block
# <min> <max>
5	31

[block]
# block no. 4 follows, 33 sequences, length 27
# corresponding to MSA columns:
# 147-173
name=unknown_E
#
# <colnr> <probs for GDERKNQSTAVLIFYWHMCP>
#	G	D	E	R	K	N	Q	S	T	A	V	L	I	F	Y	W	H	M	C	P
0	0.01461	0.01375	0.02241	0.35048	0.35313	0.01527	0.01833	0.02027	0.08795	0.02008	0.01360	0.01772	0.01072	0.00650	0.00656	0.00209	0.00797	0.00603	0.00347	0.00906
1	0.01284	0.20038	0.24663	0.01600	0.09291	0.01457	0.01461	0.01657	0.01345	0.01827	0.01948	0.26613	0.02044	0.01090	0.00652	0.00211	0.00689	0.00931	0.00396	0.00802
2	0.01324	0.01423	0.02884	0.02122	0.02638	0.01319	0.48114	0.01772	0.01579	0.02103	0.10656	0.03065	0.16097	0.00872	0.00777	0.00220	0.00860	0.00949	0.00435	0.00790
3	0.00973	0.00961	0.08520	0.00939	0.01180	0.00717	0.00812	0.01331	0.01814	0.02582	0.64912	0.04546	0.05646	0.01270	0.00761	0.00207	0.00380	0.01116	0.00678	0.00658
4	0.00958	0.00753	0.00961	0.00894	0.01045	0.00756	0.00686	0.01225	0.01708	0.02374	0.53046	0.04807	0.17577	0.01383	0.00922	0.00218	0.08247	0.01162	0.00658	0.00620
5	0.73034	0.01206	0.00941	0.00850	0.01215	0.01389	0.00680	0.01832	0.01103	0.02777	0.01039	0.01410	0.00890	0.08638	0.00717	0.00249	0.00523	0.00420	0.00407	0.00680
6	0.01154	0.00635	0.00975	0.08692	0.01245	0.00666	0.00704	0.00944	0.00906	0.01200	0.01146	0.01975	0.01116	0.02116	0.02371	0.72359	0.00604	0.00573	0.00287	0.00333
7	0.00952	0.00661	0.00833	0.00833	0.00872	0.00700	0.00542	0.01031	0.00991	0.01361	0.01970	0.03728	0.02142	0.52636	0.27235	0.00780	0.01017	0.00872	0.00383	0.00463
8	0.01764	0.01131	0.01187	0.00993	0.01303	0.01215	0.00793	0.30589	0.02102	0.03168	0.01909	0.02087	0.01448	0.00777	0.00544	0.00172	0.00483	0.00605	0.46904	0.00827
9	0.01761	0.01476	0.01558	0.01365	0.01759	0.01695	0.01072	0.13108	0.61756	0.02954	0.02522	0.02331	0.01882	0.00878	0.00668	0.00220	0.00550	0.00723	0.00668	0.01053
10	0.61204	0.01293	0.00970	0.00882	0.01239	0.06714	0.00709	0.01914	0.01222	0.02764	0.01146	0.01327	0.00898	0.00644	0.00431	0.00192	0.00523	0.00408	0.14820	0.00699
11	0.08990	0.01710	0.01805	0.01406	0.01914	0.01874	0.01154	0.54135	0.08467	0.03785	0.01585	0.01594	0.01148	0.00761	0.00626	0.00193	0.00672	0.00570	0.00618	0.06992
12	0.10147	0.02637	0.47444	0.06908	0.04310	0.01495	0.01960	0.07642	0.01534	0.02365	0.06466	0.01664	0.01251	0.00692	0.00619	0.00207	0.00841	0.00543	0.00359	0.00915
13	0.00933	0.00697	0.00893	0.00990	0.01142	0.00657	0.00805	0.01169	0.01493	0.01918	0.09236	0.18543	0.22333	0.01786	0.00853	0.00269	0.00475	0.34608	0.00617	0.00582
14	0.01939	0.07170	0.01777	0.01419	0.01824	0.15077	0.01125	0.14279	0.42539	0.02689	0.02069	0.01980	0.01568	0.00813	0.00637	0.00203	0.00690	0.00633	0.00580	0.00990
15	0.01624	0.02824	0.49325	0.01710	0.02537	0.01605	0.01996	0.19450	0.01821	0.02614	0.01282	0.01436	0.00918	0.00656	0.00622	0.00197	0.00870	0.00505	0.00384	0.07623
16	0.00846	0.00607	0.00803	0.00887	0.00965	0.00564	0.00614	0.01026	0.01464	0.02004	0.26797	0.52344	0.04980	0.01821	0.00819	0.00247	0.00358	0.01642	0.00649	0.00564
17	0.02053	0.01621	0.01722	0.01424	0.01870	0.01831	0.01142	0.35698	0.38692	0.03424	0.02152	0.02036	0.01582	0.00844	0.00664	0.00211	0.00619	0.00672	0.00664	0.01079
18	0.01227	0.00614	0.00614	0.00614	0.00767	0.00614	0.00460	0.01534	0.01381	0.02454	0.02148	0.02454	0.01687	0.00767	0.00460	0.00153	0.00307	0.00614	0.80518	0.00614
19	0.02954	0.01120	0.01528	0.01171	0.01681	0.00968	0.00968	0.03208	0.01884	0.73213	0.02597	0.02241	0.01630	0.00815	0.00662	0.00204	0.00560	0.00662	0.00815	0.01120
20	0.00932	0.00673	0.00880	0.00828	0.00984	0.00621	0.00621	0.01242	0.01863	0.02640	0.72410	0.04918	0.06212	0.01346	0.00776	0.00207	0.00311	0.01191	0.00725	0.00621
21	0.01699	0.01872	0.01978	0.01720	0.01806	0.20364	0.01398	0.01850	0.01226	0.01591	0.00903	0.01376	0.00860	0.01032	0.01762	0.00258	0.56736	0.00537	0.00301	0.00731
22	0.54885	0.01901	0.01270	0.01145	0.01530	0.25980	0.00901	0.02169	0.01371	0.02501	0.00951	0.01109	0.00758	0.00634	0.00470	0.00192	0.00738	0.00379	0.00384	0.00730
23	0.01144	0.00572	0.00858	0.00858	0.00858	0.00572	0.00572	0.00858	0.00858	0.01144	0.01144	0.02001	0.01144	0.02287	0.02573	0.80846	0.00572	0.00572	0.00286	0.00286
24	0.00957	0.00638	0.00718	0.00718	0.00718	0.00638	0.00399	0.00957	0.00957	0.01276	0.02074	0.04308	0.02393	0.76864	0.03351	0.00638	0.00638	0.00957	0.00399	0.00399
25	0.01597	0.01532	0.02614	0.09936	0.67112	0.01556	0.02005	0.01992	0.01484	0.02112	0.01233	0.01640	0.01029	0.00592	0.00652	0.00197	0.00790	0.00586	0.00323	0.01017
26	0.07660	0.01885	0.13004	0.02099	0.02732	0.01605	0.35782	0.08650	0.09312	0.08310	0.01554	0.01763	0.01128	0.00649	0.00696	0.00215	0.00900	0.00674	0.00437	0.00945

[dist]
# distance from previous block
# <min> <max>
0	1

[block]
# block no. 5 follows, 33 sequences, length 77
# corresponding to MSA columns:
# 175-251
name=unknown_F
#
# <colnr> <probs for GDERKNQSTAVLIFYWHMCP>
#	G	D	E	R	K	N	Q	S	T	A	V	L	I	F	Y	W	H	M	C	P
0	0.02092	0.02120	0.01646	0.01427	0.01796	0.31794	0.01107	0.20728	0.12410	0.02554	0.05259	0.02129	0.07308	0.00857	0.00641	0.00190	0.00819	0.00639	0.03613	0.00870
1	0.09248	0.01701	0.01725	0.01381	0.01823	0.05646	0.01115	0.49541	0.05610	0.03513	0.01584	0.01791	0.01223	0.06152	0.04732	0.00273	0.00771	0.00600	0.00586	0.00984
2	0.04550	0.00941	0.01064	0.00936	0.01195	0.00939	0.00729	0.15709	0.02007	0.02770	0.39480	0.04387	0.20201	0.01273	0.00737	0.00208	0.00411	0.01077	0.00672	0.00714
3	0.02503	0.01844	0.01976	0.01515	0.02042	0.02042	0.01251	0.70562	0.03095	0.04149	0.01581	0.01581	0.01120	0.00790	0.00659	0.00198	0.00724	0.00593	0.00659	0.01120
4	0.01601	0.01523	0.02590	0.03897	0.69135	0.01523	0.01972	0.01987	0.01500	0.02142	0.01352	0.01923	0.01182	0.00649	0.00665	0.00201	0.00773	0.04023	0.00340	0.01021
5	0.00957	0.00638	0.00718	0.00718	0.00718	0.00638	0.00399	0.00957	0.00957	0.01276	0.02074	0.04308	0.02393	0.76864	0.03351	0.00638	0.00638	0.00957	0.00399	0.00399
6	0.01184	0.01098	0.01956	0.01587	0.01836	0.01173	0.21924	0.01462	0.01184	0.01662	0.01594	0.02544	0.01507	0.16952	0.30515	0.00640	0.09414	0.00761	0.00348	0.00657
7	0.01561	0.01324	0.01876	0.01351	0.01943	0.01105	0.13537	0.06495	0.01544	0.06048	0.01303	0.01501	0.01024	0.00538	0.00561	0.00133	0.00621	0.00489	0.00420	0.56626
8	0.01631	0.01731	0.02656	0.02068	0.02473	0.08427	0.30327	0.02381	0.18995	0.02100	0.01530	0.01813	0.01206	0.00792	0.01060	0.00233	0.18604	0.00689	0.00407	0.00875
9	0.01690	0.01314	0.01501	0.01112	0.01670	0.01155	0.00898	0.15478	0.05614	0.06349	0.01410	0.01515	0.01096	0.00587	0.00541	0.00130	0.00540	0.00464	0.00481	0.56455
10	0.01530	0.01490	0.01360	0.01150	0.01541	0.16886	0.00873	0.05755	0.01550	0.02030	0.01777	0.20146	0.01802	0.00942	0.00609	0.00162	0.00628	0.00781	0.00450	0.38537
11	0.00802	0.00573	0.00764	0.00917	0.00955	0.00535	0.00611	0.00917	0.01260	0.01681	0.03628	0.76434	0.04354	0.02062	0.00840	0.00267	0.00382	0.01872	0.00611	0.00535
12	0.01573	0.01473	0.01401	0.01266	0.01572	0.14161	0.00972	0.07884	0.22186	0.02205	0.02049	0.11024	0.01825	0.01829	0.16735	0.00386	0.00907	0.00765	0.00504	0.09285
13	0.01371	0.11862	0.65437	0.01790	0.02717	0.01652	0.02283	0.02072	0.01384	0.02023	0.01151	0.01352	0.00835	0.00618	0.00602	0.00201	0.00942	0.00471	0.00278	0.00958
14	0.01365	0.01170	0.01365	0.00975	0.01560	0.00878	0.00780	0.01658	0.01365	0.02145	0.01170	0.01365	0.00975	0.00488	0.00488	0.00098	0.00488	0.00390	0.00390	0.80888
15	0.00787	0.00667	0.00679	0.00676	0.00894	0.00559	0.00507	0.00961	0.01521	0.01826	0.10301	0.06257	0.68828	0.01650	0.00778	0.00221	0.00332	0.01378	0.00618	0.00559
16	0.01440	0.01440	0.02016	0.01728	0.01728	0.02016	0.01440	0.01584	0.01008	0.01584	0.00864	0.01440	0.00864	0.01152	0.02160	0.00288	0.75659	0.00576	0.00288	0.00720
17	0.00796	0.00596	0.00740	0.00854	0.00938	0.00540	0.00583	0.00924	0.01321	0.01705	0.04390	0.58872	0.21425	0.01963	0.00825	0.00256	0.00370	0.01751	0.00611	0.00540
18	0.00969	0.00767	0.00909	0.01018	0.01115	0.04520	0.00756	0.01158	0.01432	0.01871	0.12364	0.46514	0.04272	0.01837	0.00836	0.00263	0.00470	0.17743	0.00610	0.00575
19	0.00932	0.00673	0.00880	0.00828	0.00984	0.00621	0.00621	0.01242	0.01863	0.02640	0.72410	0.04918	0.06212	0.01346	0.00776	0.00207	0.00311	0.01191	0.00725	0.00621
20	0.01836	0.69171	0.03277	0.01189	0.01727	0.10420	0.01142	0.02043	0.01395	0.01556	0.00926	0.01070	0.00845	0.00576	0.00441	0.00144	0.00757	0.00360	0.00288	0.00836
21	0.02465	0.01249	0.01548	0.01195	0.01706	0.01154	0.00976	0.11100	0.09540	0.44188	0.02222	0.02024	0.01490	0.00761	0.00631	0.00186	0.00562	0.00613	0.00702	0.15688
22	0.05034	0.01371	0.01501	0.01246	0.01653	0.01479	0.00998	0.25248	0.23710	0.12228	0.09916	0.02676	0.08121	0.00952	0.00675	0.00210	0.00555	0.00771	0.00675	0.00979
23	0.01012	0.00654	0.00809	0.00890	0.00977	0.00645	0.00660	0.01196	0.01287	0.01835	0.02873	0.21469	0.03110	0.20447	0.01407	0.00346	0.00497	0.21331	0.18016	0.00539
24	0.01803	0.31476	0.24717	0.01611	0.05910	0.02075	0.01610	0.19194	0.01803	0.02398	0.01182	0.01321	0.00921	0.00641	0.00557	0.00179	0.00797	0.00466	0.00377	0.00964
25	0.02305	0.02009	0.01924	0.09591	0.02293	0.16667	0.01306	0.45237	0.06696	0.03280	0.01486	0.01571	0.01090	0.00759	0.00646	0.00196	0.00823	0.00566	0.00554	0.01000
26	0.68617	0.07987	0.01244	0.00939	0.01359	0.05426	0.00784	0.02004	0.01196	0.04328	0.00959	0.01101	0.00752	0.00615	0.00424	0.00196	0.00563	0.00366	0.00402	0.00736
27	0.01896	0.01654	0.01892	0.02029	0.19487	0.09527	0.01295	0.25988	0.05694	0.02636	0.01537	0.02072	0.01329	0.14255	0.01217	0.00279	0.05190	0.00645	0.00473	0.00906
28	0.00876	0.00634	0.00810	0.00923	0.01005	0.00600	0.00667	0.01023	0.01307	0.01703	0.03778	0.42927	0.12617	0.11848	0.01179	0.00318	0.00459	0.16210	0.00582	0.00535
29	0.04391	0.01748	0.01689	0.01400	0.01823	0.14431	0.01137	0.33634	0.02373	0.14914	0.05766	0.02464	0.01734	0.00919	0.00676	0.00206	0.00737	0.08381	0.00619	0.00959
30	0.00831	0.00673	0.00741	0.00735	0.00937	0.00583	0.00559	0.01041	0.01593	0.02006	0.23146	0.06032	0.52230	0.01594	0.00784	0.00223	0.00342	0.04735	0.00640	0.00575
31	0.01840	0.01871	0.02478	0.03441	0.55039	0.14873	0.01831	0.06779	0.01674	0.02188	0.01221	0.01545	0.01012	0.00617	0.00642	0.00191	0.00852	0.00557	0.00351	0.00997
32	0.16922	0.01063	0.01301	0.01050	0.01473	0.00994	0.00855	0.02600	0.01741	0.46876	0.15644	0.02539	0.02339	0.00879	0.00637	0.00204	0.00503	0.00707	0.00723	0.00950
33	0.00942	0.00698	0.01023	0.01023	0.01128	0.00804	0.00779	0.01153	0.01048	0.01502	0.01795	0.02764	0.01723	0.12354	0.66944	0.01015	0.01647	0.00731	0.00357	0.00568
34	0.01070	0.00834	0.00998	0.00968	0.01176	0.00836	0.00758	0.01667	0.15692	0.02420	0.37043	0.05053	0.15301	0.01382	0.00777	0.00228	0.00404	0.12023	0.00677	0.00693
35	0.01554	0.01776	0.03885	0.02775	0.03441	0.01665	0.70366	0.02109	0.01554	0.02109	0.01332	0.01776	0.00999	0.00555	0.00777	0.00222	0.01110	0.00777	0.00333	0.00888
36	0.00863	0.00632	0.00812	0.00859	0.00971	0.00581	0.00615	0.01073	0.01556	0.02117	0.33918	0.35806	0.12600	0.01701	0.00807	0.00237	0.00351	0.03265	0.00660	0.00577
37	0.01425	0.01361	0.02159	0.01542	0.02152	0.01126	0.22695	0.01800	0.01425	0.02134	0.01221	0.01494	0.00983	0.00509	0.00579	0.00137	0.00684	0.00512	0.00372	0.55694
38	0.01187	0.00878	0.01056	0.01057	0.01255	0.00880	0.00831	0.13789	0.01743	0.02285	0.07818	0.27293	0.15811	0.01651	0.00811	0.00253	0.00493	0.19614	0.00625	0.00670
39	0.01990	0.01879	0.01754	0.01509	0.01911	0.19510	0.04793	0.09167	0.40469	0.06725	0.02096	0.02017	0.01568	0.00809	0.00655	0.00207	0.00737	0.00649	0.00578	0.00977
40	0.00925	0.00644	0.00827	0.00906	0.01016	0.00602	0.00681	0.01021	0.01310	0.01672	0.03956	0.25449	0.22678	0.01937	0.01181	0.16164	0.00460	0.17517	0.00546	0.00509
41	0.01772	0.01118	0.01322	0.01136	0.01477	0.01155	0.00894	0.07202	0.26211	0.19813	0.26492	0.03189	0.03298	0.01022	0.00704	0.00211	0.00472	0.00867	0.00723	0.00922
42	0.01791	0.01750	0.02391	0.12849	0.46021	0.11019	0.01805	0.10349	0.01716	0.02261	0.01242	0.01583	0.01005	0.00633	0.00646	0.00196	0.00840	0.00566	0.00363	0.00975
43	0.01753	0.25856	0.33894	0.01554	0.02288	0.01990	0.01733	0.19206	0.01801	0.02436	0.01199	0.01334	0.00909	0.00648	0.00571	0.00185	0.00828	0.00471	0.00374	0.00970
44	0.02025	0.01025	0.01303	0.01080	0.01449	0.00976	0.00870	0.10461	0.01813	0.34919	0.07195	0.03129	0.14790	0.01731	0.13750	0.00358	0.00737	0.00825	0.00671	0.00893
45	0.01066	0.00631	0.00695	0.00693	0.00815	0.00612	0.00488	0.01293	0.01386	0.02166	0.15357	0.07466	0.07598	0.16235	0.01138	0.00271	0.00380	0.00907	0.40239	0.00564
46	0.01364	0.00908	0.01038	0.00919	0.01078	0.00930	0.00637	0.14863	0.01589	0.05913	0.14487	0.03768	0.02779	0.44404	0.02220	0.00452	0.00593	0.00911	0.00530	0.00619
47	0.01487	0.01450	0.02705	0.02041	0.02454	0.01501	0.36595	0.01860	0.01454	0.06786	0.05353	0.02495	0.10978	0.00902	0.01097	0.00236	0.18564	0.00824	0.00411	0.00806
48	0.00957	0.00638	0.00718	0.00718	0.00718	0.00638	0.00399	0.00957	0.00957	0.01276	0.02074	0.04308	0.02393	0.76864	0.03351	0.00638	0.00638	0.00957	0.00399	0.00399
49	0.01430	0.01468	0.02438	0.15409	0.02635	0.01834	0.17366	0.01723	0.01190	0.01723	0.01028	0.01575	0.00898	0.00925	0.01568	0.00260	0.44846	0.00624	0.00299	0.00761
50	0.01409	0.02891	0.55434	0.01687	0.02559	0.01445	0.02050	0.06650	0.01501	0.02236	0.01206	0.01398	0.00879	0.00611	0.00603	0.00187	0.00867	0.00476	0.00324	0.15586
51	0.00828	0.00646	0.00751	0.00773	0.00932	0.00569	0.00562	0.01023	0.01547	0.02001	0.24757	0.22846	0.37071	0.01671	0.00793	0.00229	0.00339	0.01449	0.00644	0.00569
52	0.01554	0.13819	0.06145	0.01381	0.01993	0.01341	0.13289	0.01904	0.01426	0.06237	0.01242	0.01441	0.00989	0.00539	0.00546	0.00139	0.00664	0.00474	0.00381	0.44496
53	0.00936	0.00669	0.00845	0.00947	0.01039	0.00647	0.00653	0.01214	0.07579	0.03808	0.03696	0.63531	0.08137	0.01899	0.00816	0.00259	0.00397	0.01708	0.00622	0.00598
54	0.01407	0.17979	0.59639	0.01728	0.02620	0.01741	0.02175	0.02062	0.01380	0.01979	0.01129	0.01324	0.00836	0.00613	0.00585	0.00195	0.00920	0.00460	0.00279	0.00948
55	0.00807	0.00615	0.00746	0.00845	0.00954	0.00554	0.00596	0.00950	0.01358	0.01730	0.04680	0.48358	0.28053	0.01912	0.00822	0.00254	0.00377	0.05232	0.00611	0.00546
56	0.01058	0.00745	0.01094	0.01063	0.01208	0.00731	0.04821	0.01274	0.01381	0.05650	0.15615	0.25289	0.03573	0.10442	0.14700	0.00441	0.00731	0.09023	0.00555	0.00606
57	0.02058	0.01159	0.01469	0.01283	0.05763	0.01073	0.00959	0.06150	0.11021	0.31854	0.10436	0.02548	0.05457	0.00855	0.00650	0.00188	0.00524	0.00712	0.00663	0.15177
58	0.02347	0.01753	0.01801	0.01418	0.01891	0.05694	0.01157	0.55269	0.05989	0.05621	0.01684	0.01704	0.01216	0.00787	0.00636	0.00193	0.00694	0.00595	0.08503	0.01047
59	0.01769	0.01649	0.01565	0.01219	0.01736	0.14141	0.00964	0.13545	0.06505	0.02429	0.01314	0.01444	0.01047	0.00600	0.00547	0.00136	0.00654	0.00454	0.00445	0.47837
60	0.01768	0.01338	0.01391	0.01163	0.01509	0.05337	0.00922	0.29549	0.05872	0.03038	0.11617	0.05175	0.02115	0.01114	0.04546	0.00233	0.00627	0.00722	0.16375	0.05588
61	0.01603	0.39634	0.34869	0.01498	0.02232	0.06351	0.01723	0.02061	0.01392	0.01794	0.01041	0.01214	0.00840	0.00598	0.00524	0.00173	0.00854	0.00417	0.00283	0.00898
62	0.01493	0.01308	0.01919	0.54786	0.03804	0.01577	0.01644	0.13099	0.09674	0.02207	0.01410	0.01807	0.01047	0.00707	0.00660	0.00216	0.00812	0.00605	0.00395	0.00830
63	0.01774	0.00899	0.01131	0.00988	0.01298	0.00811	0.00767	0.05990	0.01735	0.30661	0.10622	0.18940	0.18989	0.01324	0.00737	0.00221	0.00455	0.01131	0.00707	0.00818
64	0.42603	0.06009	0.07184	0.04071	0.01687	0.01653	0.01114	0.01927	0.01179	0.06560	0.01033	0.01283	0.00829	0.00759	0.00889	0.00222	0.19402	0.00448	0.00379	0.00768
65	0.00833	0.00648	0.00759	0.00785	0.00942	0.00574	0.00573	0.01031	0.01544	0.01999	0.24202	0.22881	0.35999	0.01676	0.00796	0.00231	0.00345	0.02970	0.00643	0.00570
66	0.02197	0.01534	0.01825	0.09444	0.02174	0.01665	0.02836	0.45264	0.02506	0.11748	0.01892	0.10496	0.01532	0.00923	0.00683	0.00209	0.00690	0.00755	0.00624	0.01003
67	0.01254	0.01237	0.05929	0.15141	0.09157	0.01234	0.06735	0.03564	0.08314	0.01941	0.02117	0.20253	0.02121	0.05145	0.04010	0.00293	0.05814	0.04541	0.00447	0.00752
68	0.00836	0.00628	0.00796	0.00897	0.01001	0.00588	0.00650	0.00995	0.01335	0.01726	0.04247	0.44825	0.21591	0.02161	0.06639	0.00322	0.00504	0.09117	0.00590	0.00552
69	0.01040	0.00927	0.01529	0.01425	0.04292	0.00882	0.15417	0.01369	0.05560	0.01865	0.03362	0.44867	0.11622	0.01569	0.00802	0.00247	0.00554	0.01465	0.00545	0.00662
70	0.01486	0.06185	0.10845	0.24775	0.40015	0.01592	0.01958	0.01925	0.01422	0.01968	0.01192	0.01604	0.00957	0.00611	0.00637	0.00201	0.00828	0.00560	0.00308	0.00930
71	0.01769	0.01325	0.01605	0.01543	0.11451	0.04013	0.01068	0.16878	0.01951	0.10638	0.16902	0.02460	0.02288	0.00830	0.00644	0.00176	0.00580	0.02355	0.00563	0.20959
72	0.12228	0.00919	0.01219	0.21017	0.02057	0.01029	0.01033	0.04010	0.01347	0.01976	0.02497	0.33908	0.04164	0.01382	0.00761	0.00245	0.02435	0.06637	0.00490	0.00646
73	0.01325	0.14860	0.20766	0.03175	0.01870	0.01411	0.01358	0.04509	0.10268	0.02037	0.02226	0.19573	0.02222	0.01154	0.00687	0.00225	0.00670	0.10391	0.00466	0.00807
74	0.03839	0.10992	0.11211	0.01533	0.06116	0.09894	0.01305	0.11134	0.03755	0.17839	0.05294	0.01763	0.01387	0.00752	0.00697	0.00190	0.05154	0.00562	0.00500	0.06083
75	0.13169	0.01791	0.01861	0.05376	0.16352	0.18002	0.01322	0.10113	0.01706	0.13412	0.01357	0.01539	0.01032	0.00763	0.00786	0.02033	0.07514	0.00529	0.00449	0.00894
76	0.06240	0.01389	0.02171	0.21243	0.30047	0.01633	0.01701	0.01783	0.01281	0.01901	0.01097	0.01585	0.00935	0.00801	0.01097	0.02147	0.21233	0.00569	0.00311	0.00838

[dist]
# distance from previous block
# <min> <max>
4	43

[block]
# block no. 6 follows, 33 sequences, length 27
# corresponding to MSA columns:
# 297-323
name=unknown_G
#
# <colnr> <probs for GDERKNQSTAVLIFYWHMCP>
#	G	D	E	R	K	N	Q	S	T	A	V	L	I	F	Y	W	H	M	C	P
0	0.10542	0.21816	0.07048	0.01720	0.07221	0.16186	0.09624	0.10595	0.01704	0.06040	0.01199	0.01361	0.00940	0.00637	0.00569	0.00182	0.00845	0.00490	0.00391	0.00891
1	0.24785	0.09556	0.04462	0.01139	0.01551	0.05398	0.00974	0.02281	0.20859	0.02415	0.02044	0.02414	0.05979	0.00858	0.00577	0.00203	0.00585	0.06775	0.00488	0.06656
2	0.01081	0.07515	0.01073	0.00894	0.01000	0.05766	0.00616	0.01190	0.01274	0.01642	0.12818	0.24665	0.03286	0.32233	0.01801	0.00392	0.00559	0.01166	0.00494	0.00535
3	0.14990	0.11171	0.12938	0.01344	0.01818	0.10911	0.01239	0.15356	0.06029	0.02457	0.01432	0.04652	0.01197	0.01290	0.10133	0.00306	0.00892	0.00563	0.00430	0.00852
4	0.05434	0.07019	0.01864	0.01422	0.01817	0.13960	0.11281	0.02242	0.05414	0.18654	0.06333	0.08344	0.06877	0.00983	0.00684	0.00210	0.00717	0.05366	0.00546	0.00833
5	0.02128	0.01588	0.11403	0.01342	0.01826	0.01350	0.01200	0.27265	0.02134	0.23650	0.02240	0.16926	0.01886	0.01033	0.00692	0.00215	0.00641	0.00858	0.00643	0.00981
6	0.00799	0.00586	0.00751	0.00882	0.00946	0.00538	0.00596	0.00921	0.01293	0.01694	0.04046	0.66816	0.13704	0.02008	0.00832	0.00261	0.00375	0.01805	0.00611	0.00538
7	0.01647	0.07364	0.18626	0.01827	0.12962	0.01542	0.01492	0.14114	0.13350	0.05429	0.01929	0.13318	0.01693	0.00919	0.00663	0.00211	0.00696	0.00776	0.00491	0.00950
8	0.01580	0.01553	0.02768	0.11086	0.56335	0.01568	0.11376	0.01998	0.01488	0.02097	0.01244	0.01662	0.01020	0.00589	0.00670	0.00202	0.00837	0.00613	0.00323	0.00990
9	0.00821	0.00586	0.00786	0.00938	0.00985	0.00551	0.00644	0.00949	0.01279	0.01702	0.03618	0.71404	0.04313	0.02045	0.00845	0.00270	0.00398	0.06715	0.00611	0.00540
10	0.01560	0.01378	0.07047	0.05015	0.09832	0.01247	0.10669	0.15001	0.01762	0.08207	0.02478	0.23884	0.06730	0.01149	0.00733	0.00225	0.00669	0.01041	0.00529	0.00843
11	0.01203	0.24058	0.17116	0.01154	0.01581	0.01384	0.01149	0.01500	0.01337	0.01734	0.02663	0.22814	0.12996	0.01410	0.04835	0.00255	0.00675	0.00981	0.00427	0.00727
12	0.01053	0.00872	0.01402	0.01599	0.11148	0.00841	0.07668	0.01296	0.01386	0.01859	0.03042	0.41624	0.03433	0.01653	0.00826	0.00262	0.00564	0.18272	0.00544	0.00657
13	0.00812	0.00608	0.00754	0.00846	0.00942	0.00550	0.00586	0.00962	0.01390	0.01819	0.12579	0.50974	0.21019	0.01882	0.00818	0.00249	0.00362	0.01674	0.00625	0.00550
14	0.01738	0.28498	0.10955	0.06210	0.11728	0.08845	0.15482	0.03823	0.01516	0.03718	0.01156	0.01411	0.00930	0.00600	0.00589	0.00182	0.00879	0.00518	0.00327	0.00894
15	0.01582	0.01420	0.02170	0.15383	0.31394	0.05964	0.07858	0.01930	0.01522	0.08313	0.02167	0.04819	0.10961	0.00820	0.00685	0.00207	0.00760	0.00753	0.00414	0.00880
16	0.01227	0.00614	0.00614	0.00614	0.00767	0.00614	0.00460	0.01534	0.01381	0.02454	0.02148	0.02454	0.01687	0.00767	0.00460	0.00153	0.00307	0.00614	0.80518	0.00614
17	0.09230	0.01166	0.01701	0.01691	0.12667	0.01152	0.11287	0.07392	0.03263	0.08544	0.02785	0.14526	0.13926	0.01064	0.00687	0.00215	0.00598	0.00949	0.06353	0.00805
18	0.02024	0.07288	0.08573	0.02117	0.20976	0.04132	0.01479	0.26707	0.02129	0.09650	0.07117	0.01854	0.01498	0.00747	0.00644	0.00194	0.00728	0.00612	0.00517	0.01014
19	0.00987	0.00781	0.01181	0.10161	0.01586	0.00922	0.00949	0.01236	0.01129	0.01597	0.04023	0.08387	0.01878	0.03914	0.54079	0.00833	0.04579	0.00793	0.00375	0.00608
20	0.00925	0.00673	0.00871	0.00821	0.00979	0.00618	0.00616	0.01229	0.01848	0.02602	0.69546	0.04979	0.09099	0.01360	0.00777	0.00208	0.00312	0.01199	0.00720	0.00618
21	0.01413	0.02014	0.22421	0.23153	0.10741	0.01558	0.20934	0.02051	0.05417	0.02022	0.01311	0.01686	0.00981	0.00626	0.00682	0.00215	0.00938	0.00620	0.00325	0.00892
22	0.06591	0.20907	0.04514	0.03677	0.16262	0.07112	0.01344	0.13237	0.04885	0.13278	0.01446	0.01539	0.01095	0.00673	0.00578	0.00184	0.00730	0.00519	0.00462	0.00968
23	0.01480	0.00797	0.01041	0.00910	0.01169	0.00712	0.00707	0.01763	0.01838	0.22185	0.47264	0.04297	0.10722	0.01226	0.00745	0.00207	0.00382	0.01061	0.00740	0.00754
24	0.00922	0.00728	0.01051	0.01150	0.04133	0.00682	0.04485	0.01121	0.01400	0.01844	0.08220	0.43631	0.14148	0.01778	0.00826	0.00257	0.00461	0.11978	0.00591	0.00595
25	0.02055	0.21966	0.16414	0.01636	0.05893	0.18276	0.01476	0.15053	0.01846	0.07687	0.01262	0.01371	0.00966	0.00664	0.00576	0.00179	0.00863	0.00476	0.00408	0.00935
26	0.46354	0.01750	0.10823	0.01727	0.16186	0.06031	0.01262	0.05066	0.01367	0.02647	0.01053	0.01256	0.00823	0.00620	0.00508	0.00200	0.00677	0.00435	0.00381	0.00835

[dist]
# distance from previous block
# <min> <max>
0	2

[block]
# block no. 7 follows, 33 sequences, length 17
# corresponding to MSA columns:
# 326-342
name=unknown_H
#
# <colnr> <probs for GDERKNQSTAVLIFYWHMCP>
#	G	D	E	R	K	N	Q	S	T	A	V	L	I	F	Y	W	H	M	C	P
0	0.09320	0.05473	0.26655	0.02226	0.20617	0.08588	0.01791	0.09379	0.05720	0.02373	0.01274	0.01471	0.00977	0.00649	0.00606	0.00198	0.00836	0.00515	0.00372	0.00960
1	0.01592	0.01437	0.12072	0.06325	0.11137	0.01167	0.01278	0.06165	0.08573	0.14462	0.17223	0.06872	0.06899	0.00987	0.00697	0.00211	0.00599	0.00849	0.00572	0.00883
2	0.01602	0.01802	0.15910	0.02655	0.35787	0.01427	0.01725	0.06963	0.04513	0.04886	0.05776	0.01834	0.01398	0.00672	0.00636	0.00190	0.00727	0.00596	0.02370	0.08530
3	0.17075	0.01019	0.01169	0.01109	0.05224	0.00946	0.00826	0.01741	0.01443	0.12868	0.02896	0.07224	0.16704	0.01050	0.00635	0.00198	0.00494	0.08290	0.00537	0.18554
4	0.01978	0.40372	0.02601	0.01346	0.01793	0.31175	0.01155	0.02177	0.01534	0.01593	0.01016	0.01211	0.00898	0.00869	0.04911	0.00206	0.00954	0.00403	0.00313	0.03497
5	0.01408	0.01267	0.04777	0.01066	0.01566	0.01029	0.00889	0.09698	0.05710	0.02390	0.06431	0.06188	0.07007	0.00785	0.00585	0.00148	0.00511	0.00648	0.00483	0.47415
6	0.01415	0.11144	0.40780	0.01534	0.02218	0.01435	0.01774	0.02020	0.04753	0.06580	0.02034	0.02764	0.05863	0.00906	0.00663	0.00218	0.00793	0.11817	0.00406	0.00884
7	0.00843	0.00662	0.00761	0.00752	0.00933	0.00581	0.00558	0.01064	0.01630	0.02123	0.33284	0.11165	0.40163	0.01566	0.00782	0.00220	0.00328	0.01345	0.00658	0.00581
