[name]
unknown

[dist]
# distance from previous block
# <min> <max>
0	23

[block]
# block no. 0 follows, 27 sequences, length 41
# corresponding to MSA columns:
# 23-63
name=unknown_A
#
# <colnr> <probs for GDERKNQSTAVLIFYWHMCP>
#	G	D	E	R	K	N	Q	S	T	A	V	L	I	F	Y	W	H	M	C	P
0	0.19026	0.00946	0.01044	0.01106	0.01343	0.00998	0.00934	0.01734	0.01569	0.02614	0.02885	0.05311	0.02878	0.01438	0.00767	0.00273	0.00573	0.33513	0.20336	0.00713
1	0.17086	0.01486	0.01695	0.01337	0.01868	0.01506	0.01099	0.20696	0.02342	0.34807	0.06836	0.02285	0.01845	0.00910	0.00701	0.00228	0.00653	0.00702	0.00778	0.01139
2	0.00902	0.00654	0.00853	0.01012	0.01071	0.00605	0.00680	0.01036	0.01442	0.01903	0.04352	0.68390	0.09778	0.02292	0.00942	0.00298	0.00427	0.02069	0.00689	0.00605
3	0.01263	0.00972	0.01343	0.01716	0.17367	0.00972	0.00892	0.01369	0.01227	0.01678	0.02111	0.04128	0.02331	0.56197	0.03042	0.00599	0.00759	0.00978	0.00430	0.00625
4	0.01752	0.02003	0.04380	0.03129	0.03880	0.01877	0.66583	0.02378	0.01752	0.02378	0.01502	0.02003	0.01126	0.00626	0.00876	0.00250	0.01252	0.00876	0.00375	0.01001
5	0.01539	0.01319	0.01539	0.01100	0.01759	0.00990	0.00880	0.01869	0.01539	0.02419	0.01319	0.01539	0.01100	0.00550	0.00550	0.00110	0.00550	0.00440	0.00440	0.78449
6	0.01281	0.00973	0.01055	0.00953	0.01238	0.00931	0.00737	0.12259	0.02085	0.02742	0.21049	0.05559	0.38047	0.01557	0.00830	0.00237	0.00442	0.01302	0.05969	0.00756
7	0.16614	0.02381	0.01724	0.01543	0.01949	0.31820	0.01190	0.07336	0.17925	0.02671	0.01711	0.01790	0.01331	0.00825	0.00646	0.00214	0.00911	0.00579	0.05899	0.00942
8	0.01752	0.02003	0.04380	0.03129	0.03880	0.01877	0.66583	0.02378	0.01752	0.02378	0.01502	0.02003	0.01126	0.00626	0.00876	0.00250	0.01252	0.00876	0.00375	0.01001
9	0.01022	0.00758	0.00952	0.00903	0.01091	0.00688	0.00677	0.01344	0.02032	0.02813	0.58557	0.05815	0.17438	0.01579	0.00876	0.00236	0.00355	0.01380	0.00796	0.00688
10	0.01573	0.01494	0.02536	0.45591	0.30312	0.01694	0.02147	0.02047	0.01565	0.02104	0.01350	0.01924	0.01063	0.00710	0.00739	0.00237	0.00947	0.00660	0.00345	0.00963
11	0.00955	0.00675	0.00839	0.00948	0.00992	0.00639	0.00609	0.01049	0.01338	0.01767	0.03803	0.48538	0.08593	0.23591	0.01785	0.00422	0.00513	0.01767	0.00618	0.00559
12	0.01846	0.01606	0.01769	0.01717	0.06493	0.01841	0.01250	0.03832	0.63450	0.03059	0.02911	0.02707	0.02192	0.00984	0.00754	0.00250	0.00607	0.00827	0.00729	0.01175
13	0.02720	0.08336	0.02225	0.01869	0.02269	0.66324	0.01423	0.02914	0.02063	0.01812	0.01140	0.01329	0.00956	0.00756	0.00656	0.00189	0.01302	0.00473	0.00378	0.00867
14	0.01051	0.00759	0.00992	0.00934	0.01109	0.00700	0.00700	0.01401	0.02101	0.02977	0.68888	0.05545	0.07005	0.01518	0.00876	0.00233	0.00350	0.01343	0.00817	0.00700
15	0.03331	0.01263	0.01723	0.01321	0.01895	0.01091	0.01091	0.03618	0.02125	0.69794	0.02929	0.02527	0.01838	0.00919	0.00747	0.00230	0.00632	0.00747	0.00919	0.01263
16	0.01269	0.01027	0.01160	0.01079	0.01350	0.01054	0.00823	0.02146	0.23241	0.02802	0.33971	0.05007	0.19288	0.01434	0.00837	0.00243	0.00433	0.01230	0.00769	0.00837
17	0.01051	0.00759	0.00992	0.00934	0.01109	0.00700	0.00700	0.01401	0.02101	0.02977	0.68888	0.05545	0.07005	0.01518	0.00876	0.00233	0.00350	0.01343	0.00817	0.00700
18	0.01501	0.01421	0.02406	0.56713	0.19749	0.01675	0.02111	0.01984	0.01531	0.02017	0.01337	0.01947	0.01032	0.00724	0.00741	0.00241	0.00965	0.00660	0.00338	0.00905
19	0.00966	0.00705	0.00993	0.01097	0.01175	0.00732	0.00784	0.01149	0.01331	0.01827	0.03258	0.45472	0.03699	0.03611	0.28707	0.00655	0.01048	0.01589	0.00574	0.00627
20	0.01748	0.01673	0.02852	0.18438	0.56097	0.01740	0.02234	0.02200	0.01648	0.02317	0.01381	0.01867	0.01138	0.00678	0.00736	0.00226	0.00904	0.00661	0.00360	0.01104
21	0.01609	0.01393	0.01987	0.01654	0.01941	0.01560	0.10192	0.13033	0.06388	0.02700	0.14718	0.12637	0.05212	0.01489	0.04004	0.00304	0.16643	0.01065	0.00591	0.00879
22	0.17207	0.01610	0.02203	0.02455	0.20913	0.01956	0.01610	0.04353	0.01407	0.02379	0.01175	0.01657	0.01043	0.01149	0.04187	0.00307	0.32474	0.00610	0.00382	0.00924
23	0.74890	0.05465	0.01246	0.00992	0.01462	0.01736	0.00830	0.02184	0.01277	0.03243	0.01034	0.01205	0.00812	0.00686	0.00460	0.00226	0.00586	0.00402	0.00452	0.00812
24	0.01733	0.02015	0.11948	0.02821	0.25845	0.07066	0.09791	0.04396	0.01655	0.02307	0.01527	0.02047	0.01282	0.03923	0.08426	0.00350	0.05979	0.00689	0.05216	0.00986
25	0.01516	0.01435	0.02432	0.54492	0.21859	0.01679	0.02118	0.01996	0.01538	0.02035	0.01340	0.01942	0.01038	0.00721	0.00740	0.00240	0.00962	0.00660	0.00340	0.00916
26	0.01080	0.00720	0.00810	0.00810	0.00810	0.00720	0.00450	0.01080	0.01080	0.01439	0.02339	0.04858	0.02699	0.73910	0.03779	0.00720	0.00720	0.01080	0.00450	0.00450
27	0.01489	0.03840	0.70064	0.02116	0.03213	0.01724	0.02743	0.02351	0.01567	0.02351	0.01332	0.01567	0.00940	0.00705	0.00705	0.00235	0.01097	0.00549	0.00313	0.01097
28	0.00955	0.00755	0.00860	0.00834	0.01051	0.00660	0.00625	0.01216	0.01876	0.02442	0.35100	0.06426	0.41126	0.01717	0.00877	0.00243	0.00364	0.01466	0.00747	0.00660
29	0.03331	0.01263	0.01723	0.01321	0.01895	0.01091	0.01091	0.03618	0.02125	0.69794	0.02929	0.02527	0.01838	0.00919	0.00747	0.00230	0.00632	0.00747	0.00919	0.01263
30	0.01384	0.00692	0.00692	0.00692	0.00865	0.00692	0.00519	0.01730	0.01557	0.02768	0.02422	0.02768	0.01903	0.00865	0.00519	0.00173	0.00346	0.00692	0.78031	0.00692
31	0.01061	0.00795	0.01193	0.01193	0.01326	0.00928	0.00928	0.01326	0.01193	0.01723	0.01988	0.02916	0.01856	0.05568	0.70968	0.01193	0.01988	0.00795	0.00398	0.00663
32	0.01813	0.01739	0.02970	0.08290	0.65734	0.01758	0.02266	0.02257	0.01679	0.02396	0.01392	0.01845	0.01166	0.00666	0.00735	0.00222	0.00888	0.00661	0.00365	0.01157
33	0.02773	0.03538	0.02104	0.01913	0.02295	0.70930	0.01434	0.02964	0.02104	0.01817	0.01148	0.01339	0.00956	0.00765	0.00669	0.00191	0.01339	0.00478	0.00383	0.00861
34	0.01837	0.01764	0.03013	0.04557	0.69279	0.01764	0.02278	0.02278	0.01690	0.02425	0.01396	0.01837	0.01176	0.00661	0.00735	0.00220	0.00882	0.00661	0.00367	0.01176
35	0.00982	0.00756	0.00897	0.00862	0.01067	0.00671	0.00646	0.01268	0.01939	0.02592	0.44559	0.06179	0.31574	0.01661	0.00876	0.00240	0.00360	0.01431	0.00767	0.00671
36	0.00931	0.00700	0.00863	0.00936	0.01065	0.00632	0.00659	0.01127	0.01650	0.02175	0.20003	0.40267	0.22248	0.02021	0.00912	0.00272	0.00398	0.01790	0.00719	0.00632
37	0.02540	0.24490	0.02632	0.01722	0.02180	0.50815	0.01386	0.02745	0.01928	0.01796	0.01113	0.01295	0.00955	0.00727	0.00612	0.00182	0.01178	0.00454	0.00363	0.00888
38	0.01289	0.00645	0.00967	0.00967	0.00967	0.00645	0.00645	0.00967	0.00967	0.01289	0.01289	0.02257	0.01289	0.02579	0.02901	0.78401	0.00645	0.00645	0.00322	0.00322
39	0.01470	0.01389	0.02350	0.61534	0.15171	0.01667	0.02096	0.01957	0.01517	0.01980	0.01332	0.01957	0.01019	0.00730	0.00741	0.00243	0.00973	0.00660	0.00336	0.00880
40	0.02687	0.02447	0.06865	0.01743	0.02311	0.17802	0.01472	0.39195	0.07271	0.08219	0.01768	0.01783	0.01277	0.00859	0.00724	0.00219	0.00927	0.00633	0.00643	0.01153

[dist]
# distance from previous block
# <min> <max>
0	6

[block]
# block no. 1 follows, 27 sequences, length 8
# corresponding to MSA columns:
# 70-77
name=unknown_B
#
# <colnr> <probs for GDERKNQSTAVLIFYWHMCP>
#	G	D	E	R	K	N	Q	S	T	A	V	L	I	F	Y	W	H	M	C	P
0	0.79154	0.01436	0.01091	0.00976	0.01436	0.01665	0.00804	0.02182	0.01263	0.03331	0.01034	0.01206	0.00804	0.00689	0.00459	0.00230	0.00574	0.00402	0.00459	0.00804
1	0.01321	0.01202	0.01293	0.01382	0.07853	0.07650	0.00931	0.01787	0.08282	0.02553	0.32378	0.04962	0.22714	0.01415	0.00831	0.00235	0.00527	0.01208	0.00690	0.00787
2	0.01536	0.03558	0.60963	0.02447	0.12180	0.01729	0.02680	0.02341	0.01584	0.02361	0.01341	0.01604	0.00972	0.00699	0.00709	0.00233	0.01068	0.00564	0.00321	0.01108
3	0.01473	0.11001	0.01529	0.01164	0.01421	0.01340	0.00896	0.02220	0.22844	0.02301	0.02719	0.21455	0.02614	0.01507	0.01031	0.10947	0.00549	0.01074	0.11107	0.00809
4	0.02237	0.51719	0.03319	0.01476	0.02030	0.24672	0.01323	0.02460	0.01699	0.01769	0.01069	0.01238	0.00954	0.00677	0.00538	0.00169	0.00968	0.00423	0.00338	0.00923
5	0.00889	0.00707	0.00798	0.00871	0.01034	0.00617	0.00617	0.01052	0.01578	0.01959	0.06077	0.35043	0.42011	0.02068	0.00907	0.00272	0.00399	0.01796	0.00689	0.00617
6	0.01925	0.33209	0.03535	0.09743	0.11884	0.08960	0.16574	0.02303	0.01644	0.02007	0.01232	0.01564	0.01027	0.00660	0.00651	0.00201	0.00985	0.00579	0.00345	0.00972
7	0.01689	0.32344	0.43315	0.01774	0.02684	0.02215	0.02148	0.02299	0.01544	0.02107	0.01211	0.01415	0.00945	0.00677	0.00613	0.00204	0.00975	0.00487	0.00315	0.01039

[dist]
# distance from previous block
# <min> <max>
0	5

[block]
# block no. 2 follows, 27 sequences, length 42
# corresponding to MSA columns:
# 83-124
name=unknown_C
#
# <colnr> <probs for GDERKNQSTAVLIFYWHMCP>
#	G	D	E	R	K	N	Q	S	T	A	V	L	I	F	Y	W	H	M	C	P
0	0.01051	0.00759	0.00992	0.00934	0.01109	0.00700	0.00700	0.01401	0.02101	0.02977	0.68888	0.05545	0.07005	0.01518	0.00876	0.00233	0.00350	0.01343	0.00817	0.00700
1	0.00914	0.00653	0.00870	0.01027	0.01079	0.00609	0.00690	0.01058	0.01466	0.01967	0.08370	0.68944	0.05048	0.02272	0.00943	0.00297	0.00425	0.02060	0.00698	0.00609
2	0.01752	0.02003	0.04380	0.03129	0.03880	0.01877	0.66583	0.02378	0.01752	0.02378	0.01502	0.02003	0.01126	0.00626	0.00876	0.00250	0.01252	0.00876	0.00375	0.01001
3	0.01944	0.01493	0.01589	0.01326	0.01751	0.01601	0.01059	0.30429	0.15225	0.03478	0.07982	0.03691	0.19990	0.01218	0.00782	0.00235	0.00607	0.00987	0.03596	0.01017
4	0.01815	0.15332	0.02368	0.13657	0.02494	0.12827	0.01429	0.02092	0.01512	0.01951	0.01152	0.01540	0.00999	0.00821	0.01061	0.00209	0.18853	0.00528	0.00360	0.19000
5	0.02018	0.01159	0.01432	0.01267	0.01604	0.01185	0.00987	0.11281	0.10043	0.21326	0.02858	0.18669	0.02518	0.01999	0.12214	0.00401	0.00807	0.01062	0.06207	0.00964
6	0.00932	0.00754	0.00827	0.00809	0.01036	0.00650	0.00607	0.01170	0.01820	0.02310	0.26742	0.06644	0.49566	0.01767	0.00877	0.00245	0.00368	0.01497	0.00729	0.00650
7	0.01080	0.00720	0.00810	0.00810	0.00810	0.00720	0.00450	0.01080	0.01080	0.01439	0.02339	0.04858	0.02699	0.73910	0.03779	0.00720	0.00720	0.01080	0.00450	0.00450
8	0.01913	0.01622	0.02129	0.01779	0.02165	0.01875	0.09108	0.03287	0.40830	0.08277	0.02411	0.02422	0.01829	0.01014	0.01114	0.00265	0.15441	0.00797	0.00635	0.01087
9	0.02781	0.03291	0.02125	0.01878	0.02296	0.59303	0.01430	0.13780	0.02339	0.02302	0.01255	0.01414	0.01008	0.00786	0.00682	0.00197	0.01250	0.00510	0.00444	0.00929
10	0.00996	0.00757	0.00916	0.00876	0.01075	0.00677	0.00657	0.01295	0.01972	0.02669	0.49463	0.06052	0.26622	0.01632	0.00876	0.00239	0.00358	0.01414	0.00777	0.00677
11	0.02786	0.01991	0.02156	0.01669	0.02249	0.02190	0.01373	0.58202	0.07972	0.08837	0.01945	0.01901	0.01371	0.00901	0.00744	0.00225	0.00788	0.00686	0.00755	0.01256
12	0.01837	0.01764	0.03013	0.04557	0.69279	0.01764	0.02278	0.02278	0.01690	0.02425	0.01396	0.01837	0.01176	0.00661	0.00735	0.00220	0.00882	0.00661	0.00367	0.01176
13	0.79154	0.01436	0.01091	0.00976	0.01436	0.01665	0.00804	0.02182	0.01263	0.03331	0.01034	0.01206	0.00804	0.00689	0.00459	0.00230	0.00574	0.00402	0.00459	0.00804
14	0.01593	0.02753	0.35759	0.02809	0.18616	0.01725	0.14246	0.02245	0.01604	0.02325	0.01510	0.05538	0.01242	0.00792	0.00829	0.00242	0.04030	0.00723	0.00358	0.01060
15	0.00970	0.00709	0.00882	0.00937	0.01042	0.00664	0.00645	0.01147	0.01562	0.02090	0.19662	0.32427	0.15264	0.13515	0.04684	0.00385	0.00522	0.01615	0.00668	0.00609
16	0.03331	0.01263	0.01723	0.01321	0.01895	0.01091	0.01091	0.03618	0.02125	0.69794	0.02929	0.02527	0.01838	0.00919	0.00747	0.00230	0.00632	0.00747	0.00919	0.01263
17	0.02098	0.02168	0.02594	0.13792	0.36599	0.19000	0.01953	0.08527	0.01933	0.02409	0.01360	0.01729	0.01101	0.00721	0.00720	0.00217	0.01006	0.00616	0.00401	0.01053
18	0.02028	0.02014	0.02404	0.13932	0.29105	0.15392	0.01805	0.10071	0.07179	0.02571	0.05101	0.02026	0.01509	0.00795	0.00733	0.00222	0.00930	0.00676	0.00463	0.01043
19	0.02273	0.37462	0.09847	0.01690	0.06573	0.06791	0.01497	0.12888	0.01959	0.10495	0.01443	0.01537	0.01123	0.00728	0.00604	0.00191	0.00850	0.00521	0.00465	0.01063
20	0.01977	0.17857	0.23409	0.02067	0.02853	0.01932	0.20079	0.02607	0.04840	0.12911	0.01648	0.01818	0.01200	0.00716	0.00713	0.00223	0.00978	0.00654	0.00448	0.01069
21	0.00901	0.00659	0.00848	0.01000	0.01068	0.00606	0.00674	0.01037	0.01454	0.01908	0.04501	0.65521	0.12550	0.02273	0.00939	0.00295	0.00424	0.02046	0.00689	0.00606
22	0.01512	0.01627	0.05826	0.01350	0.01625	0.15934	0.01091	0.05199	0.03757	0.02155	0.03599	0.28405	0.12764	0.01664	0.00856	0.00266	0.00723	0.10287	0.00603	0.00758
23	0.02116	0.01797	0.07108	0.10994	0.23869	0.01740	0.01763	0.16392	0.09406	0.11163	0.01949	0.05082	0.01517	0.00865	0.00748	0.00233	0.00814	0.00747	0.00564	0.01133
24	0.01794	0.00895	0.01161	0.01023	0.01309	0.00840	0.00801	0.02114	0.01875	0.22296	0.26468	0.03716	0.03716	0.01680	0.09167	0.00334	0.00628	0.00955	0.18369	0.00858
25	0.01080	0.00720	0.00810	0.00810	0.00810	0.00720	0.00450	0.01080	0.01080	0.01439	0.02339	0.04858	0.02699	0.73910	0.03779	0.00720	0.00720	0.01080	0.00450	0.00450
26	0.38212	0.02295	0.01767	0.01869	0.11843	0.28395	0.01266	0.02498	0.01651	0.02612	0.01131	0.01351	0.00918	0.00714	0.00581	0.00214	0.00915	0.00470	0.00416	0.00881
27	0.02120	0.01731	0.01833	0.01566	0.02035	0.01974	0.01241	0.21596	0.49841	0.03547	0.02674	0.02492	0.01984	0.00975	0.00752	0.00244	0.00652	0.00791	0.00752	0.01200
28	0.01868	0.19947	0.02308	0.01775	0.10701	0.09618	0.01268	0.04765	0.15179	0.04630	0.10839	0.09555	0.02486	0.01034	0.00707	0.00218	0.00726	0.00849	0.00558	0.00969
29	0.02216	0.42418	0.09763	0.01571	0.02171	0.24032	0.01472	0.05052	0.01779	0.01945	0.01128	0.01298	0.00965	0.00693	0.00570	0.00179	0.00995	0.00448	0.00354	0.00951
30	0.01660	0.01770	0.04233	0.05531	0.06480	0.16977	0.09173	0.01978	0.01832	0.05337	0.09348	0.04013	0.26213	0.01213	0.00801	0.00232	0.00804	0.01032	0.00549	0.00826
31	0.01752	0.35632	0.09930	0.10022	0.04853	0.06614	0.01507	0.02184	0.04654	0.01918	0.01368	0.01712	0.01172	0.01479	0.11956	0.00353	0.01071	0.00545	0.00358	0.00918
32	0.01919	0.05657	0.17648	0.07329	0.14924	0.06932	0.01792	0.09080	0.10210	0.07043	0.06060	0.02299	0.04138	0.00865	0.00730	0.00227	0.00858	0.00713	0.00514	0.01063
33	0.00938	0.00745	0.00745	0.00745	0.00986	0.00635	0.00559	0.01145	0.01676	0.02097	0.06909	0.06619	0.60930	0.01758	0.00834	0.00241	0.00372	0.01462	0.09969	0.00635
34	0.01331	0.00762	0.00782	0.00768	0.00966	0.00759	0.00579	0.01771	0.05883	0.02712	0.07460	0.03476	0.10311	0.01039	0.00601	0.00191	0.00365	0.00849	0.58679	0.00716
35	0.01645	0.01562	0.02675	0.15948	0.47014	0.01609	0.04808	0.02066	0.01625	0.02267	0.01711	0.10459	0.01589	0.00874	0.00768	0.00236	0.00863	0.00844	0.00400	0.01038
36	0.01447	0.01364	0.02143	0.09783	0.06089	0.01396	0.16425	0.02261	0.17437	0.02497	0.12442	0.03814	0.17424	0.01135	0.00825	0.00246	0.00724	0.01050	0.00591	0.00907
37	0.00877	0.00752	0.00752	0.00752	0.01003	0.00627	0.00564	0.01065	0.01692	0.02005	0.07520	0.07144	0.68978	0.01880	0.00877	0.00251	0.00376	0.01567	0.00689	0.00627
38	0.00904	0.00646	0.00861	0.01034	0.01077	0.00603	0.00689	0.01034	0.01421	0.01895	0.04092	0.73426	0.04910	0.02326	0.00948	0.00301	0.00431	0.02110	0.00689	0.00603
39	0.01929	0.31874	0.24514	0.04712	0.02652	0.05974	0.06107	0.09940	0.01808	0.02337	0.01265	0.01474	0.00999	0.00698	0.00628	0.00202	0.00960	0.00524	0.00374	0.01028
40	0.01837	0.01764	0.03013	0.04557	0.69279	0.01764	0.02278	0.02278	0.01690	0.02425	0.01396	0.01837	0.01176	0.00661	0.00735	0.00220	0.00882	0.00661	0.00367	0.01176
41	0.79154	0.01436	0.01091	0.00976	0.01436	0.01665	0.00804	0.02182	0.01263	0.03331	0.01034	0.01206	0.00804	0.00689	0.00459	0.00230	0.00574	0.00402	0.00459	0.00804

[dist]
# distance from previous block
# <min> <max>
0	40

[block]
# block no. 3 follows, 27 sequences, length 71
# corresponding to MSA columns:
# 165-221,224-237
name=unknown_D
#
# <colnr> <probs for GDERKNQSTAVLIFYWHMCP>
#	G	D	E	R	K	N	Q	S	T	A	V	L	I	F	Y	W	H	M	C	P
0	0.01615	0.11145	0.49077	0.01902	0.02812	0.01882	0.02267	0.02656	0.14866	0.02436	0.01638	0.01767	0.01208	0.00758	0.00690	0.00230	0.00962	0.00590	0.00403	0.01097
1	0.00941	0.00695	0.00862	0.00972	0.01070	0.00640	0.00676	0.01096	0.01499	0.01949	0.07568	0.45506	0.18562	0.08561	0.01187	0.00328	0.00459	0.06151	0.00673	0.00604
2	0.01752	0.02003	0.04380	0.03129	0.03880	0.01877	0.66583	0.02378	0.01752	0.02378	0.01502	0.02003	0.01126	0.00626	0.00876	0.00250	0.01252	0.00876	0.00375	0.01001
3	0.00996	0.00757	0.00917	0.00877	0.01076	0.00677	0.00658	0.01296	0.01973	0.02672	0.49624	0.06047	0.26458	0.01631	0.00876	0.00239	0.00358	0.01413	0.00777	0.00677
4	0.02822	0.02079	0.02228	0.01708	0.02302	0.02302	0.01411	0.66804	0.03490	0.04679	0.01782	0.01782	0.01262	0.00891	0.00743	0.00223	0.00817	0.00668	0.00743	0.01262
5	0.01885	0.03244	0.38702	0.02426	0.13282	0.15664	0.02276	0.06198	0.01786	0.02364	0.01314	0.01579	0.01001	0.00750	0.00788	0.00228	0.04527	0.00564	0.00361	0.01058
6	0.01678	0.02104	0.20102	0.07297	0.26155	0.01595	0.01976	0.02453	0.12113	0.05439	0.02011	0.10201	0.01734	0.00936	0.00756	0.00241	0.00836	0.00830	0.00474	0.01070
7	0.01489	0.03840	0.70064	0.02116	0.03213	0.01724	0.02743	0.02351	0.01567	0.02351	0.01332	0.01567	0.00940	0.00705	0.00705	0.00235	0.01097	0.00549	0.00313	0.01097
8	0.01402	0.01319	0.02227	0.72126	0.05113	0.01649	0.02062	0.01897	0.01484	0.01897	0.01319	0.01979	0.00990	0.00742	0.00742	0.00247	0.00990	0.00660	0.00330	0.00825
9	0.04602	0.02021	0.06459	0.10243	0.08871	0.10329	0.11828	0.16170	0.08950	0.02807	0.01879	0.09033	0.01598	0.00933	0.00764	0.00238	0.00922	0.00822	0.00519	0.01013
10	0.01736	0.01357	0.02434	0.01879	0.02357	0.01291	0.25752	0.02196	0.03975	0.14619	0.05489	0.03280	0.12655	0.01934	0.15080	0.00437	0.01088	0.00964	0.00561	0.00914
11	0.01738	0.01186	0.01850	0.01616	0.01982	0.01140	0.12373	0.05206	0.04116	0.14768	0.03419	0.11878	0.06909	0.01522	0.00909	0.00287	0.00733	0.26811	0.00680	0.00878
12	0.01105	0.00879	0.01308	0.01755	0.14770	0.00847	0.01030	0.01306	0.01488	0.02016	0.03544	0.56157	0.04133	0.01980	0.00908	0.00287	0.00533	0.04608	0.00624	0.00721
13	0.01898	0.13316	0.38255	0.02044	0.02932	0.01826	0.13385	0.02537	0.01679	0.12924	0.01571	0.01740	0.01116	0.00715	0.00708	0.00226	0.01007	0.00615	0.00420	0.01086
14	0.02522	0.01705	0.02439	0.02884	0.32430	0.01715	0.01712	0.19717	0.02290	0.22159	0.01934	0.02019	0.01387	0.00795	0.00740	0.00224	0.00794	0.00687	0.00623	0.01224
15	0.01642	0.01283	0.01939	0.01844	0.08650	0.01285	0.11010	0.02235	0.11424	0.10704	0.06097	0.08540	0.15200	0.01328	0.00936	0.00264	0.04509	0.09561	0.00633	0.00916
16	0.01051	0.00735	0.00943	0.00965	0.01014	0.00774	0.00639	0.01155	0.01161	0.01591	0.02445	0.12910	0.02700	0.42195	0.25676	0.00823	0.01103	0.01116	0.00463	0.00540
17	0.01840	0.01877	0.02724	0.11382	0.29924	0.09698	0.12070	0.02536	0.12192	0.02369	0.01753	0.05181	0.01461	0.00807	0.00763	0.00234	0.00939	0.00767	0.00442	0.01045
18	0.01985	0.74357	0.03890	0.01270	0.01905	0.02937	0.01270	0.02223	0.01508	0.01747	0.01032	0.01191	0.00953	0.00635	0.00476	0.00159	0.00794	0.00397	0.00318	0.00953
19	0.00994	0.00765	0.00914	0.00901	0.01107	0.00685	0.00693	0.01277	0.01896	0.02507	0.37555	0.06471	0.32051	0.01717	0.00891	0.00251	0.00393	0.07510	0.00752	0.00669
20	0.01193	0.00773	0.00889	0.00843	0.01068	0.00696	0.00638	0.01480	0.01846	0.06592	0.29440	0.05374	0.27875	0.01479	0.00796	0.00227	0.00375	0.01255	0.16455	0.00706
21	0.02056	0.02343	0.15613	0.01761	0.02307	0.08665	0.01614	0.17139	0.26976	0.03036	0.02011	0.02051	0.01515	0.00929	0.00913	0.00244	0.08449	0.00688	0.00582	0.01110
22	0.00984	0.00737	0.00865	0.00946	0.01110	0.00670	0.00713	0.01188	0.01590	0.02043	0.05380	0.25709	0.32222	0.04440	0.01002	0.00294	0.00460	0.13548	0.05471	0.00629
23	0.00949	0.00693	0.00893	0.00974	0.01080	0.00637	0.00681	0.01156	0.01669	0.02258	0.25505	0.44860	0.11859	0.02019	0.00917	0.00274	0.00399	0.01807	0.00731	0.00637
24	0.01835	0.01634	0.01814	0.01542	0.01812	0.06494	0.01248	0.18784	0.05999	0.02742	0.06910	0.03124	0.15865	0.01275	0.01347	0.00263	0.24943	0.00891	0.00571	0.00909
25	0.01613	0.16073	0.47711	0.04600	0.07818	0.01949	0.05750	0.02309	0.01572	0.02234	0.01292	0.01556	0.00971	0.00687	0.00677	0.00222	0.01032	0.00551	0.00322	0.01063
26	0.01111	0.00791	0.01078	0.01211	0.01346	0.00775	0.00985	0.01388	0.01659	0.02198	0.11741	0.21437	0.04643	0.06351	0.01156	0.00343	0.00592	0.39852	0.00687	0.00655
27	0.02283	0.01560	0.01732	0.01453	0.01917	0.01699	0.01159	0.18333	0.34173	0.15700	0.06118	0.02639	0.02182	0.00984	0.00746	0.00236	0.00625	0.00801	0.04497	0.01164
28	0.01007	0.00761	0.00954	0.00917	0.01107	0.00708	0.00692	0.01306	0.01892	0.02583	0.45406	0.05654	0.22341	0.02077	0.08951	0.00348	0.00546	0.01337	0.00736	0.00677
29	0.02779	0.03370	0.02118	0.01889	0.02296	0.63024	0.01432	0.10319	0.02264	0.02147	0.01221	0.01390	0.00992	0.00780	0.00678	0.00195	0.01279	0.00500	0.00424	0.00907
30	0.01669	0.01224	0.01474	0.01099	0.01672	0.00956	0.00876	0.01997	0.01696	0.10269	0.12180	0.02286	0.02118	0.00745	0.00624	0.00143	0.00528	0.00618	0.00555	0.57272
31	0.01779	0.01824	0.02962	0.14011	0.22136	0.07853	0.21783	0.05102	0.01842	0.02438	0.09187	0.02291	0.01787	0.00781	0.00790	0.00233	0.00990	0.00790	0.00434	0.00988
32	0.02035	0.01989	0.01765	0.01592	0.02004	0.15873	0.01228	0.03746	0.54571	0.02844	0.02641	0.02479	0.02000	0.00958	0.00738	0.00240	0.00740	0.00766	0.00680	0.01111
33	0.63646	0.01863	0.01297	0.01166	0.01610	0.15729	0.00932	0.02341	0.01434	0.03023	0.01057	0.01233	0.00835	0.00705	0.00502	0.00222	0.00729	0.00417	0.00444	0.00815
34	0.01095	0.00878	0.01264	0.07895	0.01652	0.01000	0.01021	0.01309	0.01353	0.01859	0.02921	0.36579	0.03267	0.02841	0.18514	0.00523	0.09626	0.05197	0.00538	0.00669
35	0.01603	0.01317	0.01546	0.01107	0.01764	0.00993	0.00887	0.01932	0.01560	0.04826	0.01377	0.01575	0.01126	0.00563	0.00557	0.00114	0.00553	0.00451	0.00457	0.75691
36	0.00903	0.00653	0.00855	0.01016	0.01072	0.00604	0.00681	0.01036	0.01438	0.01902	0.04304	0.69320	0.08879	0.02298	0.00943	0.00298	0.00427	0.02077	0.00689	0.00604
37	0.02367	0.01853	0.01972	0.01616	0.02129	0.02090	0.01301	0.37501	0.33534	0.03945	0.02360	0.02243	0.01730	0.00945	0.00749	0.00236	0.00710	0.00748	0.00749	0.01222
38	0.01724	0.01392	0.01906	0.32492	0.03251	0.01618	0.01532	0.10503	0.15175	0.06187	0.11991	0.02669	0.02232	0.00958	0.00817	0.00245	0.02978	0.00804	0.00571	0.00954
39	0.02234	0.02120	0.02149	0.02251	0.15756	0.15774	0.01500	0.16506	0.27862	0.03037	0.02058	0.02088	0.01573	0.00864	0.00731	0.00227	0.00846	0.00695	0.00599	0.01130
40	0.01776	0.01057	0.01282	0.01260	0.01537	0.04501	0.01024	0.02041	0.01788	0.20580	0.03897	0.18289	0.09961	0.01708	0.00902	0.00287	0.00626	0.25919	0.00734	0.00831
41	0.01228	0.00802	0.00916	0.00881	0.01134	0.00693	0.00662	0.01444	0.01754	0.10722	0.13389	0.15124	0.42644	0.01745	0.00859	0.00250	0.00412	0.01483	0.03145	0.00715
42	0.01934	0.03230	0.51451	0.01943	0.02900	0.01691	0.02328	0.09977	0.01877	0.13275	0.01636	0.01744	0.01119	0.00760	0.00716	0.00233	0.00991	0.00594	0.00459	0.01142
43	0.06594	0.02218	0.05197	0.01618	0.02121	0.16736	0.01337	0.32442	0.05595	0.07595	0.05854	0.05694	0.01772	0.00964	0.00729	0.00223	0.00860	0.00736	0.00643	0.01072
44	0.02295	0.01774	0.15483	0.01499	0.02078	0.01308	0.01431	0.05984	0.10282	0.30998	0.02906	0.05720	0.04689	0.01115	0.00787	0.00251	0.00719	0.08864	0.00720	0.01097
45	0.00940	0.00681	0.00892	0.01022	0.01104	0.00633	0.00713	0.01116	0.01548	0.02068	0.13061	0.56022	0.09342	0.02171	0.00938	0.00291	0.00431	0.05698	0.00706	0.00623
46	0.01742	0.01666	0.02840	0.19412	0.55172	0.01739	0.02231	0.02194	0.01645	0.02309	0.01379	0.01869	0.01135	0.00679	0.00737	0.00226	0.00906	0.00661	0.00359	0.01099
47	0.06341	0.08866	0.12046	0.02049	0.05120	0.15875	0.11876	0.21324	0.02268	0.05167	0.01467	0.01643	0.01100	0.00757	0.00706	0.00217	0.01011	0.00611	0.00493	0.01063
48	0.02071	0.01315	0.01509	0.01271	0.01658	0.01338	0.01004	0.26116	0.02424	0.14751	0.09668	0.15594	0.11735	0.01340	0.00799	0.00240	0.00590	0.01122	0.04475	0.00980
49	0.69593	0.01414	0.01171	0.01020	0.01494	0.01593	0.00840	0.02363	0.01372	0.11711	0.01273	0.01373	0.00934	0.00718	0.00496	0.00230	0.00582	0.00445	0.00517	0.00862
50	0.01094	0.00733	0.00879	0.00879	0.00916	0.00760	0.00550	0.01168	0.01131	0.01576	0.02274	0.04344	0.02482	0.55831	0.17053	0.00782	0.00952	0.00999	0.05090	0.00507
51	0.17024	0.02004	0.01982	0.01564	0.02119	0.06233	0.01283	0.47609	0.02921	0.07725	0.01666	0.01688	0.01190	0.00848	0.00686	0.00223	0.00793	0.00612	0.00678	0.01153
52	0.01023	0.00747	0.00922	0.00892	0.01074	0.00679	0.00664	0.01327	0.01952	0.02707	0.49509	0.09802	0.19058	0.01607	0.00863	0.00238	0.00360	0.01402	0.04492	0.00679
53	0.02299	0.02177	0.02263	0.14517	0.13334	0.17757	0.01641	0.23715	0.09629	0.03007	0.01631	0.01833	0.01241	0.00813	0.00726	0.00223	0.00952	0.00641	0.00530	0.01071
54	0.00910	0.00672	0.00854	0.00996	0.01080	0.00616	0.00685	0.01057	0.01479	0.01926	0.04686	0.59555	0.16103	0.02238	0.00938	0.00294	0.00430	0.04183	0.00689	0.00610
55	0.14322	0.24608	0.02799	0.08318	0.04706	0.22327	0.08876	0.02423	0.01676	0.02127	0.01159	0.01425	0.00961	0.00691	0.00609	0.00200	0.00992	0.00510	0.00368	0.00903
56	0.01764	0.16889	0.24749	0.02396	0.16159	0.01856	0.09410	0.02303	0.01688	0.06554	0.07825	0.02035	0.01645	0.00764	0.00704	0.00218	0.00910	0.00667	0.00418	0.01046
57	0.02281	0.01630	0.01838	0.01402	0.02000	0.01591	0.01139	0.26959	0.09398	0.11690	0.01875	0.01884	0.01377	0.00774	0.00669	0.00183	0.00665	0.00607	0.00648	0.31391
58	0.02535	0.01514	0.01767	0.01423	0.01957	0.01533	0.01147	0.13519	0.25129	0.28826	0.02600	0.02383	0.01813	0.00904	0.00727	0.00223	0.00636	0.00732	0.00781	0.09850
59	0.01837	0.01764	0.03013	0.04557	0.69279	0.01764	0.02278	0.02278	0.01690	0.02425	0.01396	0.01837	0.01176	0.00661	0.00735	0.00220	0.00882	0.00661	0.00367	0.01176
60	0.02175	0.02049	0.16275	0.03177	0.37455	0.01572	0.02048	0.02659	0.01784	0.20815	0.01802	0.01971	0.01309	0.00741	0.00732	0.00226	0.00857	0.00662	0.00507	0.01184
61	0.01752	0.02003	0.04380	0.03129	0.03880	0.01877	0.66583	0.02378	0.01752	0.02378	0.01502	0.02003	0.01126	0.00626	0.00876	0.00250	0.01252	0.00876	0.00375	0.01001
62	0.03285	0.01337	0.01768	0.01356	0.01932	0.01200	0.01120	0.09304	0.02248	0.63934	0.02826	0.02460	0.01786	0.00916	0.00746	0.00229	0.00648	0.00740	0.00903	0.01263
63	0.00904	0.00646	0.00861	0.01034	0.01077	0.00603	0.00689	0.01034	0.01421	0.01895	0.04092	0.73426	0.04910	0.02326	0.00948	0.00301	0.00431	0.02110	0.00689	0.00603
64	0.01790	0.01725	0.02887	0.07776	0.58180	0.01817	0.02192	0.02202	0.01616	0.02324	0.01344	0.01820	0.01143	0.00739	0.00931	0.00234	0.09144	0.00660	0.00361	0.01116
65	0.06373	0.01136	0.01497	0.01207	0.01667	0.01013	0.00975	0.02957	0.02051	0.49159	0.17514	0.05869	0.03053	0.01095	0.00769	0.00233	0.00559	0.00915	0.00865	0.01091
66	0.01306	0.00785	0.00988	0.00973	0.01095	0.00744	0.00669	0.01460	0.01525	0.09783	0.17244	0.18307	0.04056	0.31584	0.02085	0.00454	0.00571	0.05088	0.00644	0.00642
67	0.01980	0.25195	0.14419	0.01436	0.02009	0.05861	0.01397	0.05450	0.03839	0.12874	0.08123	0.10279	0.02162	0.01000	0.00683	0.00215	0.00766	0.00795	0.00538	0.00980
68	0.01002	0.00813	0.01022	0.01070	0.01180	0.00833	0.00785	0.01169	0.01504	0.01967	0.07244	0.39372	0.24091	0.02020	0.01113	0.00288	0.09513	0.03724	0.00648	0.00643
69	0.00904	0.00646	0.00861	0.01034	0.01077	0.00603	0.00689	0.01034	0.01421	0.01895	0.04092	0.73426	0.04910	0.02326	0.00948	0.00301	0.00431	0.02110	0.00689	0.00603
70	0.01910	0.01928	0.03609	0.03218	0.19960	0.01932	0.37387	0.11019	0.01931	0.02662	0.01479	0.01907	0.01147	0.00715	0.00925	0.00244	0.05760	0.00779	0.00420	0.01068

[dist]
# distance from previous block
# <min> <max>
3	4

[block]
# block no. 4 follows, 27 sequences, length 17
# corresponding to MSA columns:
# 242-258
name=unknown_E
#
# <colnr> <probs for GDERKNQSTAVLIFYWHMCP>
#	G	D	E	R	K	N	Q	S	T	A	V	L	I	F	Y	W	H	M	C	P
0	0.01748	0.07020	0.05484	0.01335	0.04031	0.01314	0.01105	0.07491	0.01728	0.04791	0.01394	0.01577	0.01121	0.00609	0.00581	0.00137	0.00633	0.00479	0.00463	0.56958
1	0.06264	0.31832	0.15864	0.01689	0.02328	0.24115	0.04021	0.02486	0.01704	0.01993	0.01144	0.01341	0.00950	0.00692	0.00595	0.00191	0.01030	0.00470	0.00347	0.00945
2	0.01965	0.04336	0.09269	0.02097	0.02678	0.01635	0.26027	0.06800	0.01914	0.14512	0.12486	0.02546	0.02166	0.00904	0.00948	0.00244	0.07061	0.00846	0.00555	0.01009
3	0.00887	0.00752	0.00766	0.00762	0.01009	0.00631	0.00572	0.01085	0.01716	0.02061	0.11032	0.07053	0.65432	0.01859	0.00877	0.00250	0.00375	0.01554	0.00697	0.00631
4	0.02486	0.01900	0.13954	0.10330	0.02862	0.01497	0.12005	0.08422	0.02010	0.33660	0.02134	0.02148	0.01418	0.00812	0.00759	0.00235	0.00870	0.00716	0.00642	0.01140
5	0.01402	0.01319	0.02227	0.72126	0.05113	0.01649	0.02062	0.01897	0.01484	0.01897	0.01319	0.01979	0.00990	0.00742	0.00742	0.00247	0.00990	0.00660	0.00330	0.00825
6	0.02356	0.01331	0.01822	0.22420	0.02791	0.01396	0.01363	0.11065	0.04889	0.29652	0.06210	0.02474	0.01842	0.00898	0.00737	0.00231	0.00724	0.00746	0.05994	0.01056
7	0.01418	0.01288	0.02248	0.06562	0.17691	0.01276	0.15401	0.01761	0.01543	0.02091	0.02374	0.12276	0.02452	0.15433	0.01438	0.00357	0.00847	0.12247	0.00478	0.00819
8	0.01169	0.00846	0.01158	0.01314	0.01492	0.00835	0.01142	0.01497	0.01708	0.02203	0.04239	0.08268	0.09830	0.02036	0.01013	0.00334	0.00657	0.58896	0.00684	0.00679
9	0.01371	0.01236	0.02034	0.51864	0.08608	0.01468	0.01858	0.01817	0.01534	0.01988	0.01912	0.06689	0.01763	0.01041	0.00801	0.00264	0.00902	0.11627	0.00411	0.00813
10	0.00900	0.00663	0.00844	0.00989	0.01065	0.00607	0.00669	0.01039	0.01465	0.01913	0.04641	0.62813	0.15168	0.02254	0.00936	0.00293	0.00422	0.02023	0.00689	0.00607
11	0.01783	0.01866	0.03218	0.17910	0.31010	0.06423	0.22328	0.02277	0.01695	0.02260	0.01397	0.01885	0.01107	0.00674	0.00776	0.00233	0.01051	0.00716	0.00363	0.01027
12	0.01375	0.00842	0.01007	0.00972	0.01230	0.00743	0.00750	0.01592	0.01734	0.14070	0.09294	0.13651	0.35051	0.05412	0.01027	0.00286	0.00480	0.09017	0.00725	0.00739
13	0.01643	0.01960	0.13977	0.04167	0.02304	0.06245	0.09256	0.09483	0.14439	0.02592	0.03252	0.09219	0.15939	0.01166	0.00796	0.00245	0.00791	0.01005	0.00569	0.00951
14	0.01387	0.00871	0.00947	0.00908	0.01093	0.00891	0.00660	0.07238	0.05645	0.02629	0.07728	0.11907	0.05219	0.12420	0.01147	0.00289	0.00470	0.01011	0.36818	0.00720
15	0.08930	0.22042	0.09319	0.06321	0.04564	0.01877	0.01370	0.07847	0.04783	0.09108	0.01694	0.06818	0.01426	0.00834	0.00631	0.00202	0.00742	0.00647	0.00490	0.10353
16	0.05720	0.13050	0.07511	0.01276	0.01627	0.03134	0.01119	0.04071	0.01641	0.07504	0.10539	0.15150	0.07696	0.05159	0.03673	0.00304	0.06865	0.02583	0.00559	0.00820

[dist]
# distance from previous block
# <min> <max>
0	12

[block]
# block no. 5 follows, 27 sequences, length 11
# corresponding to MSA columns:
# 278-288
name=unknown_F
#
# <colnr> <probs for GDERKNQSTAVLIFYWHMCP>
#	G	D	E	R	K	N	Q	S	T	A	V	L	I	F	Y	W	H	M	C	P
0	0.12893	0.11435	0.09839	0.04179	0.05441	0.03546	0.01376	0.11092	0.01876	0.14359	0.04624	0.02352	0.01654	0.04480	0.03313	0.00283	0.02319	0.03400	0.00550	0.00989
1	0.01916	0.01974	0.05794	0.02014	0.02457	0.14056	0.20413	0.02269	0.01714	0.09767	0.02437	0.06787	0.10184	0.01070	0.01093	0.00253	0.13512	0.00898	0.00486	0.00905
2	0.01775	0.01444	0.02331	0.29619	0.27242	0.01578	0.01880	0.02303	0.05573	0.09870	0.01688	0.02117	0.01302	0.01158	0.06689	0.00316	0.00971	0.00692	0.00442	0.01008
3	0.02024	0.14449	0.23561	0.04569	0.02726	0.10194	0.09983	0.05717	0.01769	0.09919	0.01490	0.01714	0.01119	0.00910	0.03024	0.00253	0.04529	0.00602	0.00425	0.01022
4	0.01844	0.13325	0.19026	0.08856	0.02856	0.08209	0.12108	0.09654	0.05147	0.02401	0.01510	0.01901	0.01207	0.04320	0.04245	0.00291	0.01056	0.00647	0.00413	0.00984
5	0.01010	0.00759	0.00942	0.00942	0.01127	0.00691	0.00720	0.01300	0.01897	0.02552	0.40332	0.11388	0.22996	0.01735	0.00899	0.00255	0.00401	0.08622	0.00758	0.00672
6	0.01095	0.00851	0.01117	0.11138	0.01720	0.00871	0.00934	0.01423	0.04360	0.02083	0.06968	0.23601	0.18521	0.05203	0.03815	0.00330	0.00606	0.09787	0.04899	0.00679
7	0.04787	0.07776	0.18187	0.02684	0.20766	0.03852	0.07783	0.10091	0.01786	0.02550	0.01328	0.01666	0.01062	0.00793	0.00963	0.00237	0.11614	0.00619	0.00395	0.01059
8	0.01215	0.00939	0.01322	0.05014	0.13420	0.00966	0.00931	0.01359	0.01251	0.01709	0.02228	0.09725	0.02434	0.43548	0.10318	0.00624	0.00879	0.01039	0.00443	0.00635
9	0.00919	0.00690	0.00832	0.00927	0.01034	0.00625	0.00633	0.01067	0.01509	0.01949	0.08531	0.44424	0.23631	0.08213	0.01163	0.00318	0.00435	0.01821	0.00676	0.00602
10	0.01979	0.06492	0.06863	0.05688	0.08202	0.19936	0.06939	0.07291	0.08057	0.02516	0.09271	0.02267	0.01917	0.00858	0.00709	0.00214	0.00903	0.00705	0.08248	0.00944

[dist]
# distance from previous block
# <min> <max>
0	1

[block]
# block no. 6 follows, 27 sequences, length 8
# corresponding to MSA columns:
# 290-297
name=unknown_G
#
# <colnr> <probs for GDERKNQSTAVLIFYWHMCP>
#	G	D	E	R	K	N	Q	S	T	A	V	L	I	F	Y	W	H	M	C	P
0	0.01860	0.04637	0.04792	0.02043	0.09525	0.17096	0.13882	0.06598	0.01734	0.02153	0.01685	0.02603	0.01564	0.20985	0.01569	0.00354	0.00985	0.00766	0.04328	0.00841
1	0.02139	0.11925	0.01988	0.01681	0.08162	0.29694	0.01201	0.05389	0.01875	0.02301	0.01590	0.01841	0.01292	0.00775	0.00605	0.00185	0.00882	0.00561	0.25045	0.00868
2	0.15600	0.01093	0.01283	0.01077	0.01486	0.01024	0.00864	0.02434	0.01897	0.31625	0.18365	0.03760	0.14133	0.01177	0.00748	0.00234	0.00515	0.00960	0.00777	0.00948
3	0.20722	0.01122	0.01177	0.01079	0.01387	0.01193	0.00832	0.07798	0.05412	0.07275	0.03193	0.10067	0.15352	0.07938	0.11868	0.00431	0.00780	0.00988	0.00592	0.00794
4	0.01297	0.05351	0.01258	0.01015	0.01352	0.07589	0.00789	0.01663	0.06387	0.02245	0.14540	0.05011	0.36332	0.01423	0.00785	0.00220	0.00524	0.01172	0.00631	0.10416
5	0.01157	0.02006	0.28908	0.01339	0.01919	0.01085	0.01473	0.01648	0.01716	0.02323	0.16243	0.04590	0.30039	0.01337	0.00807	0.00241	0.00664	0.01113	0.00560	0.00831
6	0.02041	0.03060	0.31892	0.02117	0.02886	0.13663	0.10533	0.16598	0.02086	0.02749	0.01406	0.01635	0.01040	0.00773	0.00809	0.00231	0.04376	0.00610	0.00428	0.01068
7	0.01799	0.12383	0.09450	0.01515	0.01967	0.07591	0.03028	0.13570	0.06864	0.02641	0.10147	0.06232	0.10260	0.01127	0.00909	0.00234	0.07923	0.00873	0.00553	0.00934

[dist]
# distance from previous block
# <min> <max>
1	224

[block]
# block no. 7 follows, 27 sequences, length 22
# corresponding to MSA columns:
# 552-573
name=unknown_H
#
# <colnr> <probs for GDERKNQSTAVLIFYWHMCP>
#	G	D	E	R	K	N	Q	S	T	A	V	L	I	F	Y	W	H	M	C	P
0	0.05334	0.05544	0.05137	0.05156	0.10241	0.14862	0.09500	0.07147	0.01878	0.07730	0.04608	0.02257	0.01576	0.00869	0.00816	0.00225	0.05067	0.03661	0.05193	0.03198
1	0.06287	0.10611	0.11784	0.04619	0.02169	0.07083	0.04835	0.06649	0.03506	0.05878	0.05798	0.07367	0.01822	0.02562	0.00879	0.00233	0.06033	0.00749	0.04837	0.06300
2	0.07271	0.01934	0.05646	0.05002	0.08527	0.12644	0.06869	0.05684	0.08401	0.20379	0.01943	0.02031	0.01407	0.01017	0.03969	0.00266	0.00919	0.00663	0.00578	0.04849
3	0.01470	0.01451	0.08082	0.01569	0.04927	0.01296	0.04411	0.06136	0.17756	0.02688	0.15079	0.07461	0.07893	0.04417	0.00968	0.00281	0.00654	0.11907	0.00654	0.00900
4	0.01282	0.01317	0.07655	0.01317	0.01525	0.05330	0.01108	0.01518	0.01401	0.01927	0.10972	0.06358	0.05188	0.06498	0.26238	0.08063	0.10253	0.00900	0.00457	0.00692
5	0.02242	0.01947	0.02137	0.07177	0.14637	0.11087	0.01487	0.30255	0.04577	0.03189	0.01803	0.05729	0.01538	0.07653	0.01023	0.00271	0.00875	0.00758	0.00566	0.01050
6	0.00937	0.00752	0.00821	0.00805	0.01020	0.00652	0.00594	0.01158	0.01767	0.02236	0.23963	0.06569	0.48028	0.06157	0.01053	0.00274	0.00390	0.01476	0.00710	0.00636
7	0.01384	0.01140	0.01403	0.10691	0.01956	0.01254	0.01063	0.02395	0.27201	0.02737	0.25903	0.13079	0.04101	0.01326	0.00821	0.00251	0.00538	0.01161	0.00711	0.00886
8	0.01080	0.00720	0.00810	0.00810	0.00810	0.00720	0.00450	0.01080	0.01080	0.01439	0.02339	0.04858	0.02699	0.73910	0.03779	0.00720	0.00720	0.01080	0.00450	0.00450
9	0.00968	0.00714	0.00914	0.01047	0.01128	0.00685	0.00715	0.01231	0.05509	0.02030	0.07599	0.63104	0.07197	0.02186	0.00929	0.00293	0.00434	0.01973	0.00700	0.00644
10	0.01602	0.01012	0.00984	0.00903	0.01140	0.04258	0.00694	0.10068	0.01882	0.02986	0.08616	0.02838	0.02262	0.00926	0.00589	0.00186	0.00454	0.00741	0.57085	0.00774
11	0.01497	0.10910	0.05789	0.01288	0.01774	0.01290	0.07039	0.01866	0.01502	0.02287	0.01672	0.02061	0.01391	0.01501	0.12498	0.00335	0.00874	0.00600	0.18693	0.25133
12	0.01895	0.01346	0.01590	0.01193	0.01806	0.01122	0.00956	0.02454	0.10523	0.14339	0.01830	0.01877	0.01385	0.00676	0.00612	0.00150	0.00569	0.00547	0.00566	0.54563
13	0.09464	0.01708	0.02071	0.08768	0.17270	0.04713	0.01493	0.26105	0.02260	0.03235	0.01624	0.01924	0.01267	0.01237	0.07265	0.00311	0.00919	0.00646	0.06681	0.01040
14	0.01225	0.00846	0.01111	0.01093	0.01243	0.00894	0.00836	0.01473	0.01557	0.05645	0.14500	0.18656	0.10135	0.02432	0.15187	0.00449	0.07606	0.03904	0.10507	0.00703
15	0.01063	0.00785	0.01142	0.01142	0.01257	0.00900	0.00864	0.01293	0.01178	0.01685	0.02035	0.03176	0.01969	0.14705	0.61985	0.01130	0.01819	0.00833	0.00405	0.00634
16	0.01402	0.01319	0.02227	0.72126	0.05113	0.01649	0.02062	0.01897	0.01484	0.01897	0.01319	0.01979	0.00990	0.00742	0.00742	0.00247	0.00990	0.00660	0.00330	0.00825
17	0.01665	0.13505	0.37225	0.04669	0.02581	0.01750	0.01953	0.05286	0.04456	0.04655	0.01597	0.01832	0.01206	0.00974	0.03973	0.00262	0.00947	0.00584	0.09870	0.01010
18	0.00931	0.00727	0.00832	0.00859	0.01034	0.00642	0.00617	0.01131	0.01688	0.02162	0.19688	0.22111	0.37559	0.05352	0.01032	0.00281	0.00400	0.01622	0.00705	0.00629
19	0.01888	0.51963	0.21682	0.01529	0.02277	0.05821	0.01676	0.02293	0.01552	0.01913	0.01119	0.01300	0.00950	0.00660	0.00547	0.00181	0.00902	0.00442	0.00320	0.00987
20	0.05333	0.11206	0.14715	0.02019	0.08769	0.10716	0.07716	0.07961	0.06909	0.11631	0.01933	0.02026	0.04203	0.00811	0.00701	0.00220	0.00907	0.00660	0.00507	0.01057
21	0.01142	0.00855	0.01165	0.01435	0.10462	0.00849	0.00826	0.01267	0.01293	0.01751	0.02748	0.23182	0.03130	0.37839	0.05297	0.00538	0.00716	0.04380	0.00513	0.00613

[dist]
# distance from previous block
# <min> <max>
0	7

[block]
# block no. 8 follows, 27 sequences, length 19
# corresponding to MSA columns:
# 581-599
name=unknown_I
#
# <colnr> <probs for GDERKNQSTAVLIFYWHMCP>
#	G	D	E	R	K	N	Q	S	T	A	V	L	I	F	Y	W	H	M	C	P
0	0.20551	0.08957	0.02023	0.04559	0.06113	0.06724	0.01229	0.21003	0.02086	0.03164	0.01350	0.01519	0.01052	0.00721	0.00605	0.00194	0.00752	0.00519	0.00508	0.16372
1	0.44851	0.01538	0.10399	0.01045	0.01505	0.01377	0.00982	0.02068	0.01394	0.03025	0.01497	0.01731	0.01157	0.00745	0.00511	0.00213	0.00576	0.00510	0.24064	0.00810
2	0.02373	0.11828	0.02523	0.02163	0.15000	0.02218	0.01522	0.36201	0.12548	0.03611	0.01792	0.01860	0.01354	0.00830	0.00707	0.00218	0.00792	0.00656	0.00615	0.01190
3	0.01233	0.00909	0.01112	0.01102	0.01304	0.00858	0.00792	0.08661	0.01718	0.02376	0.07310	0.49106	0.04005	0.01825	0.00852	0.00258	0.00483	0.01627	0.03140	0.11329
4	0.01548	0.01292	0.02101	0.02214	0.16431	0.01271	0.12634	0.04978	0.05677	0.05811	0.04788	0.25821	0.02822	0.07772	0.01106	0.00299	0.00733	0.01249	0.00566	0.00886
5	0.00940	0.00698	0.00876	0.00952	0.01071	0.00635	0.00668	0.01141	0.01662	0.02216	0.22678	0.41814	0.17898	0.02016	0.00914	0.00273	0.00398	0.01793	0.00725	0.00635
6	0.01028	0.01131	0.10352	0.01118	0.01371	0.00790	0.00959	0.01335	0.01690	0.02316	0.24829	0.34320	0.12357	0.01795	0.00883	0.00265	0.00490	0.01589	0.00679	0.00704
7	0.02596	0.13417	0.02271	0.11160	0.02465	0.13430	0.01361	0.12222	0.06105	0.24800	0.01947	0.01946	0.01375	0.00825	0.00690	0.00215	0.00850	0.00628	0.00617	0.01081
8	0.02386	0.01648	0.01677	0.01443	0.01791	0.13643	0.01122	0.12684	0.02021	0.23296	0.02319	0.14519	0.02008	0.01339	0.01119	0.08660	0.05825	0.00907	0.00649	0.00943
9	0.02433	0.03022	0.01931	0.01756	0.02094	0.56477	0.01329	0.02622	0.01979	0.01841	0.02007	0.02153	0.10257	0.00955	0.00822	0.00209	0.06229	0.00639	0.00420	0.00825
10	0.01248	0.10801	0.01270	0.00886	0.01134	0.00994	0.00708	0.01559	0.01810	0.02614	0.32350	0.04393	0.13417	0.01264	0.00721	0.00209	0.00413	0.01062	0.22423	0.00722
