[name]
unknown

[dist]
# distance from previous block
# <min> <max>
3	413

[block]
# block no. 0 follows, 26 sequences, length 28
# corresponding to MSA columns:
# 480-486,495-506,517-525
name=unknown_A
#
# <colnr> <probs for GDERKNQSTAVLIFYWHMCP>
#	G	D	E	R	K	N	Q	S	T	A	V	L	I	F	Y	W	H	M	C	P
0	0.00999	0.00784	0.00921	0.00919	0.01130	0.00681	0.00670	0.01229	0.01750	0.02304	0.21731	0.23943	0.30803	0.01847	0.00890	0.00255	0.00406	0.01605	0.00719	0.06414
1	0.01062	0.00733	0.00907	0.00944	0.00977	0.00747	0.00597	0.01137	0.01197	0.01620	0.02707	0.19009	0.03086	0.46500	0.14840	0.00729	0.00899	0.01276	0.00502	0.00531
2	0.01018	0.00803	0.01026	0.10611	0.01593	0.00793	0.00811	0.01196	0.01486	0.01888	0.04594	0.29530	0.24480	0.14993	0.01445	0.00362	0.00555	0.01580	0.00609	0.00626
3	0.11807	0.00887	0.00951	0.00901	0.01026	0.00904	0.00577	0.01336	0.01172	0.01832	0.02103	0.04055	0.02307	0.53045	0.07952	0.00655	0.00796	0.00938	0.00456	0.06300
4	0.01392	0.01122	0.01459	0.01590	0.10607	0.01137	0.01050	0.06628	0.09871	0.02858	0.31967	0.04515	0.13485	0.01732	0.06894	0.00326	0.00647	0.01147	0.00703	0.00870
5	0.02429	0.02989	0.01880	0.01764	0.02081	0.55525	0.01304	0.02611	0.02002	0.01873	0.01810	0.16522	0.01833	0.01120	0.00744	0.00219	0.01171	0.00842	0.00457	0.00824
6	0.01588	0.01369	0.01436	0.01122	0.01652	0.06096	0.00873	0.01899	0.01608	0.02428	0.01736	0.07934	0.01564	0.00780	0.00602	0.00144	0.00583	0.00636	0.11070	0.54877
7	0.01869	0.07386	0.09822	0.01778	0.07878	0.01798	0.01435	0.11258	0.26593	0.02950	0.02524	0.02508	0.06575	0.00920	0.00721	0.00221	0.00712	0.00749	0.00600	0.11702
8	0.02714	0.01970	0.02247	0.11317	0.02723	0.02190	0.01514	0.53698	0.03205	0.08066	0.01823	0.01892	0.01285	0.00891	0.00759	0.00231	0.00848	0.00686	0.00711	0.01228
9	0.68095	0.01451	0.01178	0.01015	0.01512	0.01607	0.00832	0.02186	0.01330	0.03275	0.01096	0.01279	0.00863	0.00685	0.00482	0.00218	0.00583	0.00416	0.00467	0.11431
10	0.62484	0.01608	0.01363	0.01157	0.01656	0.01841	0.00954	0.15888	0.01778	0.03698	0.01220	0.01358	0.00922	0.00748	0.00531	0.00233	0.00640	0.00469	0.00531	0.00922
11	0.02619	0.02815	0.02257	0.12252	0.05660	0.44738	0.04377	0.02904	0.02025	0.11172	0.01475	0.01683	0.01123	0.00789	0.00718	0.00213	0.01192	0.00579	0.00457	0.00951
12	0.01880	0.17159	0.02848	0.08472	0.27149	0.06860	0.05837	0.04981	0.01755	0.02334	0.01610	0.06250	0.01425	0.00817	0.00694	0.00215	0.00870	0.00714	0.07118	0.01012
13	0.09155	0.01304	0.01711	0.01323	0.01900	0.01160	0.01092	0.03584	0.02104	0.64115	0.02845	0.02479	0.01797	0.00921	0.00740	0.00235	0.00641	0.00736	0.00903	0.01255
14	0.02261	0.01590	0.01772	0.01465	0.01911	0.03514	0.01162	0.32885	0.02562	0.10635	0.02410	0.17154	0.02176	0.01575	0.06343	0.00314	0.00816	0.00991	0.00701	0.07761
15	0.01858	0.01569	0.01764	0.09059	0.04304	0.09580	0.01317	0.02482	0.13643	0.10357	0.08621	0.03545	0.09662	0.01230	0.01079	0.00263	0.12079	0.06046	0.00610	0.00930
16	0.01154	0.00814	0.00934	0.00885	0.00982	0.00764	0.00539	0.01210	0.01194	0.01644	0.02383	0.09683	0.02705	0.57914	0.03186	0.00617	0.00689	0.01094	0.00477	0.11131
17	0.01487	0.01325	0.01301	0.01258	0.01532	0.07187	0.00958	0.02367	0.24916	0.02386	0.04136	0.09202	0.18515	0.10016	0.01210	0.00324	0.00635	0.09729	0.00671	0.00845
18	0.01821	0.08398	0.22545	0.08077	0.15403	0.01958	0.15805	0.07992	0.05938	0.02590	0.01532	0.01845	0.01165	0.00728	0.00754	0.00235	0.01022	0.00679	0.00412	0.01101
19	0.02026	0.01491	0.01852	0.01418	0.01947	0.01411	0.05687	0.17512	0.05687	0.09622	0.01914	0.02412	0.01584	0.13038	0.01224	0.00276	0.00719	0.00703	0.00588	0.28889
20	0.41945	0.02090	0.15784	0.01372	0.01986	0.04686	0.01339	0.07977	0.01689	0.09421	0.01437	0.01564	0.01047	0.00759	0.00588	0.00231	0.00751	0.00516	0.03851	0.00968
21	0.01211	0.00819	0.01043	0.00998	0.01216	0.00746	0.00775	0.01535	0.02031	0.07057	0.46346	0.06074	0.17007	0.01636	0.00904	0.00254	0.00419	0.08388	0.00804	0.00738
22	0.02157	0.25105	0.06417	0.08767	0.04972	0.21976	0.07120	0.05984	0.01862	0.02167	0.01323	0.01594	0.01081	0.00732	0.00646	0.00200	0.01024	0.00551	0.05367	0.00954
23	0.04056	0.04502	0.29946	0.12600	0.03070	0.07735	0.03991	0.06841	0.01756	0.02412	0.01636	0.02443	0.01383	0.00942	0.00890	0.00255	0.06449	0.07698	0.00411	0.00984
24	0.00953	0.00697	0.00867	0.00973	0.01059	0.00642	0.00656	0.01100	0.01520	0.01999	0.10145	0.48237	0.15664	0.10241	0.01276	0.00341	0.00457	0.01875	0.00688	0.00611
25	0.01403	0.01595	0.10885	0.20784	0.09128	0.01424	0.01607	0.02059	0.09563	0.02398	0.13735	0.03517	0.13391	0.01128	0.00876	0.00251	0.03869	0.00951	0.00534	0.00902
26	0.01057	0.00746	0.00907	0.00965	0.01034	0.00732	0.00651	0.01168	0.01334	0.01752	0.03537	0.19410	0.10769	0.37352	0.06875	0.00576	0.00715	0.09299	0.00564	0.00556
27	0.02324	0.01922	0.02401	0.01901	0.02398	0.02174	0.09183	0.33398	0.19737	0.03674	0.02007	0.02091	0.01502	0.00965	0.01013	0.00253	0.10475	0.00752	0.00659	0.01172

[dist]
# distance from previous block
# <min> <max>
1	3

[block]
# block no. 1 follows, 26 sequences, length 30
# corresponding to MSA columns:
# 529-558
name=unknown_B
#
# <colnr> <probs for GDERKNQSTAVLIFYWHMCP>
#	G	D	E	R	K	N	Q	S	T	A	V	L	I	F	Y	W	H	M	C	P
0	0.01328	0.01659	0.16156	0.01432	0.01787	0.01294	0.01355	0.01722	0.01610	0.02376	0.22789	0.03367	0.03228	0.07668	0.07910	0.00382	0.14641	0.00908	0.03551	0.04838
1	0.01818	0.05157	0.09521	0.01829	0.11222	0.04614	0.01403	0.11060	0.01917	0.02721	0.01873	0.02191	0.04794	0.00790	0.00665	0.00182	0.00742	0.02377	0.04509	0.30615
2	0.01946	0.00965	0.01160	0.01031	0.01298	0.00946	0.00785	0.05065	0.01754	0.20820	0.02715	0.10788	0.02298	0.09204	0.01099	0.00278	0.03150	0.00927	0.32912	0.00860
3	0.01996	0.02118	0.05694	0.02000	0.07283	0.15260	0.04850	0.12207	0.06775	0.02583	0.05233	0.02594	0.09370	0.01096	0.01170	0.00253	0.17243	0.00797	0.00514	0.00965
4	0.00999	0.00736	0.00899	0.00926	0.01059	0.00675	0.00648	0.01210	0.01722	0.02309	0.28603	0.24510	0.18865	0.11789	0.01326	0.00330	0.00438	0.01600	0.00719	0.00637
5	0.01450	0.01225	0.01693	0.09711	0.01989	0.01527	0.01251	0.06849	0.01409	0.01997	0.01686	0.02734	0.01627	0.15720	0.23807	0.00667	0.22695	0.00794	0.00414	0.00754
6	0.00920	0.00765	0.00775	0.00775	0.01002	0.00651	0.00563	0.01090	0.01659	0.01984	0.07091	0.07038	0.60959	0.09924	0.01229	0.00310	0.00424	0.01545	0.00677	0.00620
7	0.01184	0.00861	0.01158	0.01128	0.01234	0.00974	0.00828	0.03432	0.01274	0.01818	0.02110	0.03481	0.02102	0.25523	0.42566	0.00964	0.04285	0.00886	0.03551	0.00639
8	0.02508	0.32767	0.02956	0.01616	0.02179	0.22056	0.01388	0.21150	0.02307	0.02681	0.01312	0.01437	0.01067	0.00763	0.00623	0.00191	0.00977	0.00510	0.00470	0.01039
9	0.00917	0.00764	0.00804	0.00830	0.01062	0.00651	0.00624	0.01113	0.01705	0.02051	0.07158	0.13373	0.58927	0.01972	0.00911	0.00266	0.00407	0.05119	0.00704	0.00641
10	0.01410	0.01224	0.01785	0.27545	0.10314	0.01384	0.01466	0.02061	0.13220	0.02167	0.02434	0.18758	0.02379	0.09159	0.01150	0.00316	0.00764	0.01095	0.00517	0.00853
11	0.01680	0.26628	0.38499	0.01896	0.02785	0.02126	0.07778	0.02293	0.01605	0.02183	0.01606	0.01812	0.04501	0.00753	0.00668	0.00217	0.00994	0.00593	0.00347	0.01039
12	0.78701	0.01467	0.01115	0.00997	0.01467	0.01702	0.00821	0.02230	0.01291	0.03403	0.01056	0.01232	0.00821	0.00704	0.00469	0.00235	0.00587	0.00411	0.00469	0.00821
13	0.01653	0.10785	0.36536	0.01915	0.05211	0.01695	0.05379	0.02325	0.03725	0.05197	0.04379	0.02125	0.04858	0.00801	0.00705	0.00217	0.00913	0.00655	0.00423	0.10502
14	0.02458	0.01959	0.02153	0.01774	0.04766	0.04110	0.01393	0.41372	0.08600	0.03874	0.01760	0.01849	0.01319	0.00891	0.00872	0.00221	0.06694	0.00656	0.00653	0.12629
15	0.74398	0.01486	0.01225	0.01202	0.05227	0.01707	0.00906	0.02235	0.01315	0.03351	0.01077	0.01268	0.00843	0.00703	0.00485	0.00234	0.00604	0.00426	0.00464	0.00843
16	0.05112	0.02647	0.09893	0.02742	0.23444	0.26881	0.01833	0.06805	0.01935	0.02374	0.01463	0.05330	0.01274	0.00855	0.00803	0.00226	0.04283	0.00662	0.00420	0.01019
17	0.01857	0.01789	0.03010	0.04412	0.62510	0.01850	0.02267	0.02282	0.01675	0.02418	0.01387	0.01857	0.01183	0.00736	0.00910	0.00235	0.07408	0.00675	0.00371	0.01167
18	0.01603	0.01737	0.09842	0.01620	0.05684	0.01223	0.07145	0.02037	0.01604	0.02460	0.01371	0.01636	0.01111	0.00593	0.00621	0.00146	0.00711	0.00515	0.00424	0.57916
19	0.78701	0.01467	0.01115	0.00997	0.01467	0.01702	0.00821	0.02230	0.01291	0.03403	0.01056	0.01232	0.00821	0.00704	0.00469	0.00235	0.00587	0.00411	0.00469	0.00821
20	0.01089	0.00729	0.00832	0.00846	0.00849	0.00726	0.00479	0.01099	0.01131	0.01508	0.02535	0.10460	0.02941	0.67597	0.03626	0.00701	0.00711	0.01188	0.00479	0.00472
21	0.01165	0.01124	0.04613	0.09970	0.02049	0.01044	0.08290	0.01456	0.01549	0.02067	0.03853	0.33478	0.15933	0.01701	0.00970	0.00278	0.04382	0.01512	0.03835	0.00732
22	0.01795	0.05342	0.04991	0.08197	0.20075	0.01718	0.04282	0.02125	0.01564	0.09614	0.01916	0.13323	0.01803	0.01145	0.01206	0.00267	0.18278	0.00912	0.00473	0.00974
23	0.00944	0.00690	0.00888	0.01008	0.01097	0.00634	0.00692	0.01118	0.01591	0.02121	0.14526	0.55061	0.12441	0.02197	0.00949	0.00291	0.00421	0.01972	0.00724	0.00634
24	0.10562	0.01637	0.02421	0.25112	0.28086	0.01793	0.01902	0.11084	0.01889	0.06233	0.01497	0.01881	0.01146	0.00752	0.00723	0.00236	0.00879	0.00651	0.00456	0.01061
25	0.02439	0.14145	0.12659	0.02210	0.14781	0.02053	0.01730	0.23066	0.02346	0.14727	0.01755	0.01831	0.01274	0.00799	0.00707	0.00219	0.00853	0.00631	0.00580	0.01195
26	0.01406	0.00876	0.01103	0.04669	0.01403	0.00835	0.00787	0.01706	0.03884	0.11440	0.21285	0.14995	0.14554	0.12627	0.01317	0.00326	0.00514	0.01317	0.04206	0.00750
27	0.01478	0.01091	0.01242	0.01194	0.01480	0.01116	0.00914	0.04639	0.20728	0.07334	0.06947	0.20176	0.20298	0.01656	0.00874	0.00272	0.00520	0.06419	0.00747	0.00876
28	0.02474	0.05833	0.14032	0.05737	0.02615	0.19469	0.05236	0.12891	0.02158	0.16150	0.01743	0.01870	0.01261	0.01033	0.03911	0.00268	0.01072	0.00632	0.00543	0.01072
29	0.02458	0.02575	0.08300	0.04506	0.04926	0.27737	0.01528	0.17990	0.02343	0.08403	0.05167	0.04188	0.01626	0.01105	0.03555	0.00261	0.01068	0.00692	0.00551	0.01022

[dist]
# distance from previous block
# <min> <max>
0	105

[block]
# block no. 2 follows, 26 sequences, length 29
# corresponding to MSA columns:
# 672-700
name=unknown_C
#
# <colnr> <probs for GDERKNQSTAVLIFYWHMCP>
#	G	D	E	R	K	N	Q	S	T	A	V	L	I	F	Y	W	H	M	C	P
0	0.01892	0.11409	0.20037	0.04115	0.05148	0.05698	0.04727	0.08405	0.01821	0.05379	0.01480	0.01795	0.01177	0.04000	0.00809	0.00218	0.00888	0.00579	0.00438	0.19986
1	0.02183	0.17990	0.14022	0.06807	0.08458	0.19390	0.07380	0.10684	0.02001	0.02417	0.01327	0.01579	0.01051	0.00737	0.00687	0.00212	0.01068	0.00572	0.00407	0.01030
2	0.01542	0.25224	0.04816	0.01207	0.01637	0.05853	0.03328	0.01800	0.01627	0.02020	0.05888	0.03763	0.19001	0.08844	0.01030	0.00264	0.00701	0.02981	0.03993	0.04482
3	0.05036	0.01696	0.04983	0.01562	0.02032	0.08138	0.10055	0.06546	0.04466	0.02559	0.08198	0.05426	0.05219	0.06091	0.01025	0.00248	0.03860	0.00825	0.03262	0.18773
4	0.01261	0.00814	0.00990	0.00937	0.01151	0.00730	0.00689	0.01504	0.01852	0.09527	0.30827	0.11608	0.23687	0.09575	0.01214	0.00304	0.00445	0.01412	0.00755	0.00718
5	0.01432	0.01200	0.01845	0.17834	0.14738	0.01352	0.01463	0.05970	0.01529	0.02114	0.01777	0.02630	0.01591	0.08413	0.31970	0.00713	0.01413	0.00769	0.00412	0.00837
6	0.01153	0.00871	0.01034	0.00958	0.01190	0.00812	0.00728	0.05992	0.02129	0.02881	0.45987	0.05860	0.24353	0.01611	0.00885	0.00243	0.00400	0.01388	0.00792	0.00735
7	0.00931	0.00734	0.00840	0.00889	0.01065	0.00643	0.00638	0.01127	0.01697	0.02153	0.15138	0.28590	0.38832	0.02018	0.00920	0.00271	0.00399	0.01751	0.00723	0.00643
8	0.01668	0.00954	0.01173	0.01038	0.01346	0.00882	0.00806	0.02113	0.06934	0.18312	0.31847	0.04860	0.17139	0.01396	0.00831	0.00238	0.00448	0.01191	0.05951	0.00872
9	0.02716	0.01108	0.01451	0.01168	0.01621	0.00983	0.00945	0.03029	0.02044	0.47515	0.10200	0.02981	0.02484	0.00996	0.00728	0.00223	0.00551	0.00819	0.17340	0.01101
10	0.78701	0.01467	0.01115	0.00997	0.01467	0.01702	0.00821	0.02230	0.01291	0.03403	0.01056	0.01232	0.00821	0.00704	0.00469	0.00235	0.00587	0.00411	0.00469	0.00821
11	0.78701	0.01467	0.01115	0.00997	0.01467	0.01702	0.00821	0.02230	0.01291	0.03403	0.01056	0.01232	0.00821	0.00704	0.00469	0.00235	0.00587	0.00411	0.00469	0.00821
12	0.02028	0.73799	0.03975	0.01298	0.01947	0.03001	0.01298	0.02271	0.01541	0.01785	0.01055	0.01217	0.00973	0.00649	0.00487	0.00162	0.00811	0.00406	0.00324	0.00973
13	0.78701	0.01467	0.01115	0.00997	0.01467	0.01702	0.00821	0.02230	0.01291	0.03403	0.01056	0.01232	0.00821	0.00704	0.00469	0.00235	0.00587	0.00411	0.00469	0.00821
14	0.02072	0.01721	0.01819	0.01581	0.02043	0.01973	0.01245	0.15543	0.55428	0.03471	0.02852	0.02643	0.02125	0.01007	0.00769	0.00252	0.00644	0.00825	0.00769	0.01217
15	0.01032	0.00743	0.00981	0.01012	0.01146	0.00691	0.00740	0.01315	0.01896	0.02635	0.43558	0.27986	0.06297	0.01853	0.00927	0.00268	0.00404	0.05049	0.00784	0.00682
16	0.01591	0.01516	0.01410	0.01431	0.01681	0.15614	0.01154	0.02102	0.09628	0.02336	0.09896	0.08911	0.07980	0.01639	0.00909	0.00287	0.00762	0.29706	0.00656	0.00790
17	0.01318	0.00659	0.00988	0.00988	0.00988	0.00659	0.00659	0.00988	0.00988	0.01318	0.01318	0.02306	0.01318	0.02635	0.02964	0.77931	0.00659	0.00659	0.00329	0.00329
18	0.01234	0.00740	0.00865	0.00889	0.01034	0.00722	0.00661	0.01529	0.01667	0.02579	0.17491	0.11265	0.03778	0.09042	0.01069	0.00283	0.00444	0.08293	0.35743	0.00673
19	0.01192	0.00791	0.00966	0.00954	0.01163	0.00702	0.00703	0.01430	0.01828	0.08584	0.25067	0.23220	0.26911	0.01832	0.00902	0.00262	0.00415	0.01595	0.00767	0.00718
20	0.05611	0.17575	0.05751	0.06571	0.09629	0.04411	0.08755	0.16536	0.06488	0.09072	0.01669	0.01822	0.01256	0.00777	0.00699	0.00220	0.00884	0.00641	0.00528	0.01106
21	0.01521	0.03923	0.69413	0.02162	0.03283	0.01762	0.02802	0.02402	0.01601	0.02402	0.01361	0.01601	0.00961	0.00721	0.00721	0.00240	0.01121	0.00560	0.00320	0.01121
22	0.01656	0.00931	0.01229	0.01198	0.01451	0.00870	0.00944	0.04080	0.01887	0.17762	0.14140	0.24391	0.07830	0.01771	0.00917	0.00285	0.00547	0.16499	0.00779	0.00832
23	0.01626	0.19668	0.38687	0.01917	0.05286	0.01942	0.02116	0.02184	0.01537	0.02146	0.01449	0.02040	0.01228	0.00961	0.00935	0.05832	0.04363	0.04743	0.00350	0.00990
24	0.02395	0.01568	0.02303	0.02633	0.26063	0.04202	0.03935	0.02745	0.01906	0.28178	0.06564	0.02585	0.04552	0.00933	0.00895	0.00238	0.05741	0.00792	0.00634	0.01136
25	0.01636	0.01493	0.01961	0.01724	0.01868	0.01943	0.01404	0.04831	0.15103	0.02215	0.01686	0.02190	0.01474	0.02169	0.16389	0.00499	0.39327	0.00737	0.00457	0.00894
26	0.32216	0.11707	0.02132	0.05791	0.02183	0.09383	0.03880	0.17115	0.01975	0.03157	0.01282	0.01477	0.00998	0.00773	0.00661	0.00224	0.03062	0.00526	0.00492	0.00967
27	0.00948	0.00770	0.00839	0.00822	0.01056	0.00662	0.00617	0.01188	0.01850	0.02336	0.25182	0.06827	0.50626	0.01814	0.00896	0.00251	0.00377	0.01535	0.00742	0.00662
28	0.02281	0.38389	0.03278	0.01964	0.09285	0.23122	0.04550	0.05281	0.01844	0.02041	0.01186	0.01399	0.01021	0.00703	0.00606	0.00186	0.01012	0.00495	0.00372	0.00985

[dist]
# distance from previous block
# <min> <max>
0	1

[block]
# block no. 3 follows, 26 sequences, length 13
# corresponding to MSA columns:
# 702-714
name=unknown_D
#
# <colnr> <probs for GDERKNQSTAVLIFYWHMCP>
#	G	D	E	R	K	N	Q	S	T	A	V	L	I	F	Y	W	H	M	C	P
0	0.01538	0.07672	0.01595	0.01207	0.01563	0.01349	0.00942	0.05249	0.14935	0.02371	0.02162	0.05293	0.01951	0.12407	0.15867	0.00487	0.00926	0.00789	0.04773	0.16922
1	0.02155	0.22592	0.12981	0.01901	0.07103	0.09973	0.01669	0.18002	0.02130	0.02718	0.01578	0.02131	0.01354	0.00897	0.00777	0.00223	0.04430	0.05866	0.00474	0.01049
2	0.01805	0.04313	0.02277	0.07769	0.29594	0.01592	0.01635	0.09059	0.06124	0.05759	0.08713	0.07919	0.05295	0.01199	0.03376	0.00274	0.00798	0.00909	0.00550	0.01043
3	0.01015	0.00731	0.00841	0.00876	0.01018	0.00668	0.00610	0.01206	0.01620	0.02175	0.15539	0.22954	0.25598	0.12637	0.01325	0.00331	0.00444	0.01542	0.08246	0.00626
4	0.02448	0.01197	0.01513	0.01237	0.01669	0.01131	0.00992	0.08511	0.06416	0.35404	0.21397	0.03425	0.03359	0.01112	0.00783	0.00232	0.00556	0.00931	0.06609	0.01078
5	0.01014	0.00756	0.00838	0.00827	0.00965	0.00693	0.00555	0.01159	0.01553	0.02000	0.16905	0.06042	0.30144	0.30911	0.02102	0.00448	0.00522	0.01355	0.00629	0.00581
6	0.58716	0.01544	0.01362	0.01149	0.01652	0.01729	0.00947	0.11836	0.01730	0.11273	0.01395	0.01477	0.01014	0.00762	0.00546	0.00234	0.00630	0.00492	0.00567	0.00945
7	0.00998	0.00766	0.00913	0.00890	0.01090	0.00681	0.00662	0.01280	0.01949	0.02602	0.41599	0.10187	0.30160	0.01739	0.00900	0.00249	0.00373	0.01504	0.00778	0.00681
8	0.00971	0.00771	0.00871	0.00846	0.01070	0.00672	0.00635	0.01232	0.01904	0.02465	0.33026	0.06616	0.42703	0.01766	0.00896	0.00249	0.00373	0.01505	0.00759	0.00672
9	0.01573	0.01348	0.01573	0.01123	0.01798	0.01011	0.00899	0.01910	0.01573	0.02472	0.01348	0.01573	0.01123	0.00562	0.00562	0.00112	0.00562	0.00449	0.00449	0.77980
10	0.01092	0.00777	0.01040	0.01040	0.01113	0.00851	0.00724	0.01239	0.01166	0.01628	0.02196	0.03888	0.02291	0.36667	0.39899	0.00998	0.01438	0.00946	0.00431	0.00578
11	0.78701	0.01467	0.01115	0.00997	0.01467	0.01702	0.00821	0.02230	0.01291	0.03403	0.01056	0.01232	0.00821	0.00704	0.00469	0.00235	0.00587	0.00411	0.00469	0.00821
12	0.01887	0.01629	0.01715	0.01544	0.01972	0.01887	0.01201	0.04031	0.67241	0.03173	0.03087	0.02830	0.02315	0.01029	0.00772	0.00257	0.00600	0.00858	0.00772	0.01201

[dist]
# distance from previous block
# <min> <max>
0	32

[block]
# block no. 4 follows, 26 sequences, length 14
# corresponding to MSA columns:
# 747-760
name=unknown_E
#
# <colnr> <probs for GDERKNQSTAVLIFYWHMCP>
#	G	D	E	R	K	N	Q	S	T	A	V	L	I	F	Y	W	H	M	C	P
0	0.72054	0.01451	0.01172	0.01029	0.01508	0.01650	0.00847	0.02359	0.01369	0.09206	0.01227	0.01351	0.00915	0.00725	0.00495	0.00235	0.00592	0.00442	0.00511	0.00863
1	0.02833	0.03615	0.02149	0.01954	0.02345	0.70298	0.01466	0.03029	0.02149	0.01856	0.01172	0.01368	0.00977	0.00782	0.00684	0.00195	0.01368	0.00489	0.00391	0.00879
2	0.02028	0.73799	0.03975	0.01298	0.01947	0.03001	0.01298	0.02271	0.01541	0.01785	0.01055	0.01217	0.00973	0.00649	0.00487	0.00162	0.00811	0.00406	0.00324	0.00973
3	0.01082	0.00726	0.00834	0.00855	0.00860	0.00721	0.00489	0.01097	0.01145	0.01526	0.02603	0.13053	0.03027	0.64886	0.03516	0.00684	0.00700	0.01229	0.00489	0.00478
4	0.03270	0.01505	0.01893	0.01451	0.02043	0.01432	0.01199	0.19684	0.02529	0.52645	0.02692	0.02387	0.01727	0.00932	0.00762	0.00233	0.00694	0.00742	0.00893	0.01291
5	0.01856	0.01999	0.02315	0.38371	0.15329	0.19754	0.01908	0.02256	0.01730	0.02016	0.01597	0.02059	0.04027	0.00802	0.00744	0.00233	0.01058	0.00667	0.00374	0.00906
6	0.03127	0.01358	0.01760	0.01377	0.01933	0.01254	0.01128	0.08125	0.08015	0.55693	0.05855	0.02688	0.02112	0.00972	0.00769	0.00236	0.00642	0.00793	0.00906	0.01257
7	0.01063	0.00736	0.00907	0.00949	0.01009	0.00713	0.00626	0.01195	0.01451	0.01967	0.16730	0.21384	0.04329	0.36426	0.02354	0.00503	0.00584	0.05894	0.00613	0.00567
8	0.39278	0.02284	0.01759	0.01784	0.09009	0.26373	0.01257	0.02506	0.01639	0.02668	0.01135	0.01372	0.00927	0.00761	0.00680	0.00225	0.04555	0.00480	0.00424	0.00883
9	0.01318	0.00659	0.00988	0.00988	0.00988	0.00659	0.00659	0.00988	0.00988	0.01318	0.01318	0.02306	0.01318	0.02635	0.02964	0.77931	0.00659	0.00659	0.00329	0.00329
10	0.01910	0.07913	0.02727	0.08089	0.29646	0.12657	0.06446	0.02361	0.04232	0.02255	0.01742	0.02662	0.01576	0.00915	0.00832	0.00241	0.03537	0.08820	0.00427	0.01014
11	0.01963	0.10595	0.06574	0.08584	0.19258	0.08457	0.04149	0.07117	0.12841	0.02561	0.01650	0.01876	0.01305	0.00755	0.00701	0.00213	0.00880	0.00634	0.00466	0.09423
12	0.01105	0.00807	0.00973	0.03613	0.01210	0.00764	0.00687	0.01232	0.01430	0.01876	0.08131	0.10268	0.17707	0.30063	0.02183	0.05066	0.00603	0.06598	0.00565	0.05119
13	0.01928	0.08287	0.02030	0.13248	0.04717	0.25783	0.01389	0.02362	0.08024	0.02034	0.02265	0.13989	0.05761	0.01143	0.00821	0.00237	0.03732	0.00906	0.00481	0.00863

[dist]
# distance from previous block
# <min> <max>
0	1

[block]
# block no. 5 follows, 26 sequences, length 8
# corresponding to MSA columns:
# 762-769
name=unknown_F
#
# <colnr> <probs for GDERKNQSTAVLIFYWHMCP>
#	G	D	E	R	K	N	Q	S	T	A	V	L	I	F	Y	W	H	M	C	P
0	0.01408	0.06485	0.03197	0.01050	0.01279	0.06009	0.00807	0.01628	0.01619	0.05620	0.08721	0.21100	0.11929	0.11668	0.01214	0.00309	0.00579	0.01257	0.13404	0.00716
1	0.01837	0.07219	0.01869	0.07340	0.08411	0.24602	0.01253	0.02044	0.01671	0.01873	0.02063	0.13339	0.02163	0.16014	0.01399	0.00337	0.00947	0.04383	0.00458	0.00778
2	0.01861	0.01870	0.01849	0.01759	0.10768	0.16529	0.01184	0.02157	0.01688	0.02264	0.01394	0.01810	0.01218	0.05817	0.00849	0.00190	0.00799	0.00535	0.00427	0.45031
3	0.01217	0.01080	0.06575	0.01046	0.01246	0.00878	0.00797	0.01341	0.01212	0.01707	0.02015	0.03705	0.02135	0.41446	0.12481	0.08006	0.00920	0.00888	0.00427	0.10878
4	0.07618	0.29133	0.06747	0.01859	0.10902	0.02277	0.01460	0.08700	0.16400	0.02673	0.04162	0.01912	0.01552	0.00804	0.00639	0.00211	0.00763	0.00614	0.00502	0.01072
5	0.06090	0.18240	0.02468	0.06867	0.06936	0.09960	0.07392	0.02206	0.01689	0.07324	0.07108	0.02724	0.01971	0.07688	0.04535	0.00318	0.00930	0.04187	0.00477	0.00892
6	0.09975	0.08557	0.01793	0.01411	0.01787	0.13159	0.01110	0.10413	0.10648	0.07951	0.02363	0.17725	0.02216	0.01528	0.05702	0.00310	0.00848	0.00963	0.00604	0.00937
7	0.01076	0.00748	0.00954	0.01062	0.01125	0.00733	0.00753	0.01216	0.01398	0.01848	0.03443	0.28871	0.03964	0.29726	0.02108	0.00485	0.00625	0.18678	0.00608	0.00578

[dist]
# distance from previous block
# <min> <max>
0	2

[block]
# block no. 6 follows, 26 sequences, length 42
# corresponding to MSA columns:
# 772-813
name=unknown_G
#
# <colnr> <probs for GDERKNQSTAVLIFYWHMCP>
#	G	D	E	R	K	N	Q	S	T	A	V	L	I	F	Y	W	H	M	C	P
0	0.00984	0.00694	0.00905	0.01051	0.01100	0.00661	0.00714	0.01115	0.01422	0.01890	0.03861	0.55053	0.04570	0.14363	0.01466	0.00384	0.00515	0.07992	0.00662	0.00598
1	0.01600	0.01496	0.02231	0.45944	0.13064	0.03971	0.01918	0.04229	0.07736	0.02232	0.01869	0.02506	0.03758	0.00874	0.00773	0.00251	0.00929	0.03266	0.00426	0.00927
2	0.06076	0.02233	0.08747	0.16654	0.12570	0.13063	0.09471	0.11698	0.04665	0.05342	0.01544	0.01844	0.01163	0.00770	0.00744	0.00234	0.01017	0.00658	0.00465	0.01043
3	0.00981	0.00727	0.00935	0.01013	0.01138	0.00682	0.00730	0.01197	0.01656	0.02214	0.19372	0.37616	0.16000	0.02350	0.06286	0.00355	0.00547	0.04838	0.00711	0.00652
4	0.01002	0.00758	0.00930	0.00960	0.01134	0.00686	0.00718	0.01261	0.01836	0.02434	0.30291	0.20640	0.25066	0.01889	0.00925	0.00269	0.00415	0.07362	0.00755	0.00670
5	0.02356	0.12769	0.15496	0.08292	0.02776	0.13991	0.04929	0.18059	0.02227	0.09739	0.01574	0.01723	0.01156	0.00790	0.00707	0.00220	0.00998	0.00604	0.00509	0.01086
6	0.05493	0.10491	0.11672	0.16232	0.09215	0.01837	0.14687	0.02266	0.05430	0.02383	0.05794	0.02129	0.01550	0.00798	0.00791	0.00236	0.03333	0.00715	0.03978	0.00969
7	0.01274	0.00782	0.00989	0.00993	0.01118	0.00763	0.00705	0.01417	0.05592	0.04123	0.07935	0.14188	0.12635	0.06187	0.01787	0.28246	0.00541	0.03409	0.06733	0.00584
8	0.01281	0.03860	0.01200	0.01075	0.01264	0.01025	0.00797	0.05276	0.07715	0.02250	0.11345	0.10999	0.12878	0.23551	0.04315	0.00445	0.00654	0.08739	0.00628	0.00704
9	0.02062	0.02307	0.06141	0.14535	0.23453	0.17884	0.11182	0.06610	0.04096	0.02403	0.01447	0.01821	0.01141	0.00738	0.00757	0.00229	0.01080	0.00664	0.00409	0.01042
10	0.03226	0.01576	0.01937	0.01485	0.02078	0.01538	0.01227	0.25018	0.02648	0.47142	0.02592	0.02322	0.01677	0.00929	0.00761	0.00232	0.00710	0.00735	0.00877	0.01291
11	0.01971	0.16144	0.12949	0.09090	0.16515	0.01966	0.01796	0.05497	0.08604	0.08604	0.01651	0.01855	0.01272	0.00777	0.00757	0.00220	0.03696	0.00619	0.00467	0.05550
12	0.01190	0.01269	0.08622	0.01235	0.01631	0.00939	0.06935	0.01577	0.01855	0.02558	0.27832	0.04932	0.23880	0.01380	0.00832	0.00233	0.00549	0.01205	0.04632	0.06716
13	0.01308	0.03363	0.05661	0.01199	0.04067	0.00970	0.00946	0.04764	0.01968	0.06049	0.28787	0.09689	0.25253	0.01543	0.00857	0.00245	0.00496	0.01320	0.00718	0.00797
14	0.01697	0.01869	0.13701	0.05247	0.17729	0.01564	0.08716	0.06181	0.01671	0.05774	0.01789	0.05066	0.01569	0.08275	0.11295	0.00434	0.05205	0.00801	0.00442	0.00975
15	0.01659	0.01659	0.02323	0.01991	0.01991	0.02323	0.01659	0.01825	0.01162	0.01825	0.00996	0.01659	0.00996	0.01328	0.02489	0.00332	0.71955	0.00664	0.00332	0.00830
16	0.02028	0.73799	0.03975	0.01298	0.01947	0.03001	0.01298	0.02271	0.01541	0.01785	0.01055	0.01217	0.00973	0.00649	0.00487	0.00162	0.00811	0.00406	0.00324	0.00973
17	0.00995	0.00732	0.00933	0.00993	0.01096	0.00716	0.00692	0.01164	0.01458	0.01944	0.09971	0.30075	0.14922	0.14768	0.15425	0.00548	0.00793	0.01542	0.00615	0.00616
18	0.01318	0.00659	0.00988	0.00988	0.00988	0.00659	0.00659	0.00988	0.00988	0.01318	0.01318	0.02306	0.01318	0.02635	0.02964	0.77931	0.00659	0.00659	0.00329	0.00329
19	0.02261	0.07923	0.06288	0.01953	0.04875	0.20213	0.05908	0.18463	0.05472	0.02751	0.01729	0.08272	0.01518	0.01000	0.00914	0.00236	0.07937	0.00760	0.00515	0.01013
20	0.01010	0.00773	0.00926	0.00888	0.01094	0.00689	0.00666	0.01309	0.01997	0.02686	0.46544	0.06251	0.29046	0.01683	0.00895	0.00245	0.00367	0.01454	0.00788	0.00689
21	0.01734	0.02134	0.15315	0.02214	0.14944	0.09945	0.01680	0.05857	0.05008	0.02399	0.04469	0.10665	0.01976	0.03895	0.03860	0.00304	0.07749	0.00866	0.04032	0.00955
22	0.01636	0.00894	0.01143	0.01031	0.01308	0.00796	0.00784	0.01907	0.01957	0.19985	0.30304	0.12894	0.16241	0.04428	0.00988	0.00269	0.00462	0.01333	0.00809	0.00831
23	0.01787	0.01551	0.06016	0.01632	0.06681	0.01502	0.01250	0.12213	0.23455	0.05886	0.23128	0.05705	0.03582	0.01170	0.00810	0.00244	0.00612	0.00999	0.00736	0.01041
24	0.00994	0.00722	0.00937	0.00989	0.01111	0.00665	0.00701	0.01238	0.01803	0.02473	0.35058	0.36465	0.10119	0.01952	0.00928	0.00271	0.00397	0.01745	0.00767	0.00665
25	0.06469	0.14634	0.13322	0.12086	0.17886	0.16178	0.01897	0.04969	0.01782	0.02291	0.01284	0.01597	0.01033	0.00723	0.00673	0.00215	0.01012	0.00558	0.00377	0.01015
26	0.05184	0.12079	0.10868	0.01749	0.08645	0.01723	0.01449	0.12701	0.01968	0.10385	0.01569	0.01698	0.01190	0.00711	0.00641	0.00184	0.00757	0.00552	0.00515	0.25434
27	0.20949	0.17568	0.17659	0.01472	0.02066	0.06757	0.01473	0.02303	0.05715	0.02422	0.01431	0.01723	0.01176	0.01566	0.12395	0.00386	0.01059	0.00547	0.00407	0.00927
28	0.78701	0.01467	0.01115	0.00997	0.01467	0.01702	0.00821	0.02230	0.01291	0.03403	0.01056	0.01232	0.00821	0.00704	0.00469	0.00235	0.00587	0.00411	0.00469	0.00821
29	0.01970	0.01872	0.08599	0.01694	0.02121	0.05172	0.05548	0.22991	0.02147	0.03000	0.01732	0.02123	0.01393	0.01886	0.15006	0.00437	0.10916	0.00701	0.09713	0.00979
30	0.01103	0.00735	0.00827	0.00827	0.00827	0.00735	0.00460	0.01103	0.01103	0.01471	0.02390	0.04964	0.02758	0.73343	0.03861	0.00735	0.00735	0.01103	0.00460	0.00460
31	0.02177	0.06998	0.01947	0.01619	0.01983	0.29514	0.01255	0.10369	0.11450	0.02390	0.01944	0.08517	0.01738	0.01803	0.12511	0.00390	0.01182	0.00769	0.00518	0.00923
32	0.01820	0.01761	0.03055	0.12523	0.57742	0.01794	0.05584	0.02287	0.01705	0.02411	0.01423	0.01903	0.01176	0.00684	0.00759	0.00230	0.00934	0.00687	0.00371	0.01150
33	0.00934	0.00770	0.00820	0.00808	0.01048	0.00656	0.00606	0.01161	0.01818	0.02260	0.20517	0.06953	0.55339	0.01842	0.00896	0.00252	0.00379	0.01552	0.00732	0.00656
34	0.02580	0.26224	0.02770	0.01699	0.02216	0.34869	0.01406	0.15279	0.02232	0.02412	0.01263	0.01408	0.01038	0.00764	0.00634	0.00191	0.01081	0.00500	0.00442	0.00991
35	0.02715	0.02155	0.02450	0.01867	0.02482	0.05622	0.07637	0.53840	0.03232	0.04301	0.01739	0.01809	0.01253	0.00862	0.00759	0.00223	0.00891	0.00683	0.00690	0.04788
36	0.01960	0.08605	0.08972	0.04731	0.21191	0.05353	0.01697	0.11911	0.07969	0.04855	0.04803	0.02242	0.01663	0.03655	0.06825	0.00327	0.00963	0.00708	0.00503	0.01068
37	0.02216	0.01793	0.01900	0.01610	0.02098	0.02040	0.01280	0.24525	0.46211	0.03704	0.02669	0.02497	0.01977	0.00990	0.00768	0.00247	0.00678	0.00800	0.00768	0.01230
38	0.01590	0.01515	0.02536	0.45344	0.25298	0.01766	0.02147	0.02055	0.01560	0.02103	0.01349	0.01951	0.01071	0.00771	0.00875	0.00249	0.05841	0.00674	0.00349	0.00957
39	0.01821	0.01761	0.03087	0.06793	0.37869	0.01769	0.17153	0.06014	0.05203	0.02569	0.01769	0.07437	0.01537	0.00834	0.00804	0.00242	0.00941	0.00852	0.00444	0.01103
40	0.01918	0.02042	0.06858	0.04337	0.60561	0.06213	0.02300	0.02377	0.01747	0.02434	0.01407	0.01829	0.01173	0.00685	0.00745	0.00224	0.00944	0.00657	0.00373	0.01176
41	0.01622	0.02570	0.30958	0.02581	0.14101	0.01612	0.16091	0.02265	0.01742	0.04720	0.08064	0.02522	0.05987	0.00857	0.00793	0.00242	0.00984	0.00802	0.00437	0.01050

[dist]
# distance from previous block
# <min> <max>
3	66

[block]
# block no. 7 follows, 26 sequences, length 46
# corresponding to MSA columns:
# 880-925
name=unknown_H
#
# <colnr> <probs for GDERKNQSTAVLIFYWHMCP>
#	G	D	E	R	K	N	Q	S	T	A	V	L	I	F	Y	W	H	M	C	P
0	0.01535	0.01018	0.04043	0.01058	0.01381	0.00830	0.00872	0.01861	0.02010	0.16373	0.34478	0.05370	0.20830	0.01501	0.00866	0.00246	0.00469	0.03629	0.00797	0.00832
1	0.01697	0.01884	0.10758	0.03139	0.33975	0.01655	0.05777	0.02504	0.14699	0.02528	0.02140	0.11958	0.01923	0.00987	0.00790	0.00247	0.00827	0.00918	0.00494	0.01099
2	0.01817	0.02054	0.14162	0.05970	0.24293	0.01806	0.01920	0.10260	0.10388	0.02810	0.08441	0.02318	0.01893	0.00912	0.00926	0.00245	0.07434	0.00750	0.00505	0.01097
3	0.01112	0.00840	0.01183	0.01466	0.06902	0.00811	0.01023	0.01354	0.01598	0.02110	0.04081	0.39699	0.07913	0.02106	0.00975	0.00313	0.00571	0.24571	0.00675	0.00697
4	0.02028	0.02283	0.14787	0.04893	0.19146	0.06419	0.05377	0.09951	0.19154	0.05373	0.01940	0.02077	0.01461	0.00821	0.00756	0.00238	0.00901	0.00706	0.00533	0.01156
5	0.01138	0.00794	0.00967	0.01071	0.04570	0.00791	0.00604	0.01183	0.01182	0.01583	0.02508	0.09229	0.02873	0.62368	0.03408	0.00667	0.00724	0.03342	0.00479	0.00518
6	0.01375	0.01051	0.01407	0.09507	0.07460	0.01132	0.01097	0.01947	0.10058	0.02609	0.18210	0.12373	0.03516	0.01291	0.00857	0.00246	0.03686	0.03852	0.17504	0.00823
7	0.01222	0.00873	0.01222	0.01397	0.01572	0.00873	0.01222	0.01572	0.01746	0.02270	0.04016	0.08556	0.04365	0.02095	0.01048	0.00349	0.00698	0.63506	0.00698	0.00698
8	0.26489	0.01770	0.01775	0.01416	0.01951	0.01958	0.01166	0.37744	0.02632	0.08468	0.01703	0.01755	0.01226	0.00846	0.00653	0.00227	0.00713	0.00605	0.05799	0.01105
9	0.02833	0.03615	0.02149	0.01954	0.02345	0.70298	0.01466	0.03029	0.02149	0.01856	0.01172	0.01368	0.00977	0.00782	0.00684	0.00195	0.01368	0.00489	0.00391	0.00879
10	0.01084	0.00813	0.01219	0.01219	0.01354	0.00948	0.00948	0.01354	0.01219	0.01761	0.02032	0.02980	0.01896	0.05689	0.70337	0.01219	0.02032	0.00813	0.00406	0.00677
11	0.01103	0.00735	0.00827	0.00827	0.00827	0.00735	0.00460	0.01103	0.01103	0.01471	0.02390	0.04964	0.02758	0.73343	0.03861	0.00735	0.00735	0.01103	0.00460	0.00460
12	0.02883	0.02125	0.02276	0.01745	0.02352	0.02352	0.01442	0.66082	0.03566	0.04780	0.01821	0.01821	0.01290	0.00911	0.00759	0.00228	0.00835	0.00683	0.00759	0.01290
13	0.00979	0.00776	0.00890	0.00925	0.01136	0.00687	0.00713	0.01217	0.01773	0.02232	0.16419	0.13320	0.42512	0.01932	0.00927	0.00273	0.00435	0.11470	0.00724	0.00659
14	0.78701	0.01467	0.01115	0.00997	0.01467	0.01702	0.00821	0.02230	0.01291	0.03403	0.01056	0.01232	0.00821	0.00704	0.00469	0.00235	0.00587	0.00411	0.00469	0.00821
15	0.01100	0.00883	0.00995	0.00947	0.01193	0.00834	0.00716	0.01615	0.10401	0.02613	0.32600	0.06031	0.33973	0.01649	0.00880	0.00249	0.00401	0.01408	0.00768	0.00745
16	0.01703	0.29004	0.45926	0.01852	0.02803	0.02207	0.02262	0.02355	0.01580	0.02180	0.01251	0.01463	0.00965	0.00695	0.00637	0.00212	0.01010	0.00505	0.00322	0.01068
17	0.02956	0.02008	0.02204	0.01690	0.02294	0.02179	0.01396	0.57367	0.03371	0.13771	0.01985	0.01927	0.01372	0.00914	0.00759	0.00229	0.00808	0.00694	0.00784	0.01290
18	0.01462	0.01378	0.02329	0.67064	0.09449	0.01693	0.02121	0.01964	0.01531	0.01974	0.01353	0.02013	0.01024	0.00753	0.00758	0.00251	0.01004	0.00674	0.00340	0.00867
19	0.00896	0.00768	0.00768	0.00768	0.01025	0.00640	0.00576	0.01089	0.01729	0.02049	0.07684	0.07300	0.68304	0.01921	0.00896	0.00256	0.00384	0.01601	0.00704	0.00640
20	0.78701	0.01467	0.01115	0.00997	0.01467	0.01702	0.00821	0.02230	0.01291	0.03403	0.01056	0.01232	0.00821	0.00704	0.00469	0.00235	0.00587	0.00411	0.00469	0.00821
21	0.01317	0.01208	0.01930	0.54359	0.04214	0.01438	0.01747	0.01760	0.01603	0.02048	0.07936	0.03167	0.12246	0.01010	0.00792	0.00252	0.00857	0.00880	0.00437	0.00800
22	0.72371	0.01646	0.01201	0.01077	0.01540	0.07425	0.00875	0.02296	0.01362	0.03274	0.01066	0.01243	0.00834	0.00711	0.00487	0.00231	0.00652	0.00417	0.00463	0.00826
23	0.01102	0.00741	0.00853	0.00853	0.00862	0.00750	0.00492	0.01120	0.01111	0.01490	0.02366	0.04831	0.02700	0.68834	0.08291	0.00768	0.00822	0.01084	0.00456	0.00474
24	0.01917	0.58482	0.18320	0.01487	0.02240	0.02730	0.01628	0.02300	0.01554	0.01920	0.01122	0.01301	0.00971	0.00665	0.00538	0.00179	0.00879	0.00440	0.00324	0.01006
25	0.01433	0.01347	0.02253	0.64758	0.08499	0.01646	0.02051	0.01922	0.01538	0.01972	0.01631	0.02247	0.03983	0.00805	0.00764	0.00251	0.00978	0.00715	0.00355	0.00853
26	0.01577	0.01571	0.01994	0.20499	0.05808	0.09770	0.01572	0.01866	0.01437	0.01888	0.01612	0.08595	0.01542	0.01954	0.13660	0.00445	0.22200	0.00812	0.00390	0.00809
27	0.01432	0.01348	0.02275	0.71520	0.05224	0.01685	0.02107	0.01938	0.01517	0.01938	0.01348	0.02022	0.01011	0.00758	0.00758	0.00253	0.01011	0.00674	0.00337	0.00843
28	0.07216	0.01755	0.02365	0.06566	0.15996	0.01901	0.07878	0.14693	0.24537	0.06018	0.02118	0.02207	0.01587	0.00855	0.00756	0.00242	0.00798	0.00747	0.00611	0.01157
29	0.01918	0.02038	0.02694	0.08948	0.27381	0.15880	0.11109	0.02354	0.04048	0.02212	0.01650	0.06700	0.01485	0.04085	0.00987	0.00260	0.04054	0.00792	0.00414	0.00990
30	0.02710	0.02618	0.02135	0.01785	0.02264	0.29829	0.01409	0.34958	0.02791	0.03335	0.01576	0.01736	0.01215	0.01265	0.06657	0.00299	0.01153	0.00615	0.00579	0.01071
31	0.09531	0.01742	0.06101	0.11821	0.02917	0.01652	0.14924	0.11233	0.04963	0.24404	0.02033	0.02122	0.01396	0.00817	0.00760	0.00242	0.00874	0.00728	0.00628	0.01114
32	0.04785	0.00931	0.01063	0.00981	0.01176	0.00908	0.00683	0.04384	0.03755	0.04673	0.13624	0.11419	0.03330	0.29233	0.01957	0.00422	0.00581	0.01098	0.07159	0.07839
33	0.01204	0.00909	0.01240	0.07189	0.06028	0.00916	0.00998	0.04116	0.01663	0.02253	0.08900	0.32105	0.08046	0.06838	0.01107	0.00314	0.00576	0.10038	0.04841	0.00718
34	0.02833	0.03615	0.02149	0.01954	0.02345	0.70298	0.01466	0.03029	0.02149	0.01856	0.01172	0.01368	0.00977	0.00782	0.00684	0.00195	0.01368	0.00489	0.00391	0.00879
35	0.01877	0.01802	0.03079	0.04656	0.68612	0.01802	0.02328	0.02328	0.01727	0.02478	0.01427	0.01877	0.01201	0.00676	0.00751	0.00225	0.00901	0.00676	0.00375	0.01201
36	0.01210	0.00856	0.01065	0.01124	0.01244	0.00855	0.00835	0.05582	0.01610	0.02129	0.05950	0.21874	0.05928	0.24565	0.01888	0.00446	0.00636	0.20927	0.00634	0.00642
37	0.01258	0.01100	0.01545	0.30358	0.02906	0.01219	0.01323	0.01804	0.08155	0.02271	0.13482	0.04472	0.21913	0.01301	0.00833	0.00256	0.00676	0.03757	0.00577	0.00793
38	0.01084	0.00813	0.01219	0.01219	0.01354	0.00948	0.00948	0.01354	0.01219	0.01761	0.02032	0.02980	0.01896	0.05689	0.70337	0.01219	0.02032	0.00813	0.00406	0.00677
39	0.17233	0.00979	0.01103	0.01058	0.01326	0.00962	0.00796	0.01852	0.01617	0.15036	0.07850	0.24625	0.10423	0.07567	0.01060	0.00306	0.00534	0.04196	0.00689	0.00786
40	0.01037	0.01007	0.06611	0.01054	0.01286	0.00764	0.00871	0.01275	0.01642	0.02142	0.13417	0.23387	0.26419	0.04996	0.01138	0.03941	0.00513	0.07172	0.00661	0.00667
41	0.01559	0.03661	0.60341	0.02307	0.03378	0.01783	0.11612	0.02406	0.01628	0.02406	0.01385	0.01664	0.00987	0.00709	0.00745	0.00242	0.01143	0.00607	0.00329	0.01107
42	0.72285	0.01452	0.01170	0.01027	0.01507	0.01652	0.00846	0.02355	0.01366	0.09004	0.01221	0.01347	0.00911	0.00724	0.00494	0.00235	0.00592	0.00441	0.00509	0.00861
43	0.01116	0.00794	0.00912	0.00906	0.01026	0.00770	0.00616	0.01365	0.04603	0.02109	0.17517	0.07708	0.14701	0.33100	0.02180	0.00464	0.00557	0.04126	0.04822	0.00609
44	0.01877	0.01802	0.03079	0.04656	0.68612	0.01802	0.02328	0.02328	0.01727	0.02478	0.01427	0.01877	0.01201	0.00676	0.00751	0.00225	0.00901	0.00676	0.00375	0.01201
45	0.02146	0.02259	0.02771	0.06812	0.45976	0.19290	0.02059	0.05295	0.01906	0.02397	0.01376	0.01751	0.01140	0.00717	0.00735	0.00219	0.01022	0.00628	0.00395	0.01107

[dist]
# distance from previous block
# <min> <max>
1	2

[block]
# block no. 8 follows, 26 sequences, length 16
# corresponding to MSA columns:
# 928-943
name=unknown_I
#
# <colnr> <probs for GDERKNQSTAVLIFYWHMCP>
#	G	D	E	R	K	N	Q	S	T	A	V	L	I	F	Y	W	H	M	C	P
0	0.01105	0.00752	0.00895	0.00913	0.00956	0.00743	0.00583	0.01192	0.01315	0.01769	0.10744	0.08206	0.03563	0.53992	0.03077	0.00615	0.00673	0.07845	0.00541	0.00523
1	0.08645	0.01465	0.02147	0.17928	0.24315	0.01581	0.01705	0.02451	0.11068	0.07700	0.02112	0.06209	0.01819	0.00983	0.00769	0.00253	0.00793	0.06513	0.00522	0.01020
2	0.12609	0.01653	0.02138	0.24897	0.17951	0.07778	0.01686	0.02095	0.01533	0.02252	0.01353	0.01967	0.01153	0.05883	0.01060	0.00271	0.06866	0.00636	0.00385	0.05835
3	0.01965	0.01975	0.01898	0.07113	0.02294	0.18048	0.04504	0.05110	0.31026	0.02655	0.06645	0.08940	0.02360	0.01082	0.00781	0.00245	0.00827	0.00903	0.00625	0.01005
4	0.01307	0.01084	0.01396	0.01599	0.10975	0.01092	0.01026	0.01993	0.15859	0.02624	0.23024	0.16791	0.15175	0.01523	0.00861	0.00256	0.00507	0.01340	0.00710	0.00859
5	0.01879	0.07052	0.01933	0.12862	0.02387	0.01519	0.01228	0.11355	0.06301	0.08139	0.01763	0.02123	0.01413	0.04828	0.07203	0.00308	0.00847	0.00636	0.00525	0.25700
6	0.01146	0.00807	0.00944	0.00890	0.01135	0.00706	0.00674	0.01417	0.01942	0.07074	0.33901	0.06261	0.36950	0.01691	0.00887	0.00247	0.00391	0.01443	0.00778	0.00718
7	0.02172	0.32161	0.02799	0.07023	0.02281	0.28409	0.01382	0.02421	0.01732	0.01821	0.01245	0.01558	0.01093	0.01337	0.09300	0.00314	0.01192	0.00509	0.00361	0.00890
8	0.01997	0.11140	0.07593	0.05565	0.21092	0.14961	0.06270	0.02361	0.01728	0.05489	0.01649	0.08640	0.01493	0.00921	0.00854	0.00232	0.05830	0.00761	0.00424	0.01000
9	0.01222	0.01135	0.01761	0.01459	0.01808	0.01062	0.16178	0.01681	0.07530	0.02226	0.07399	0.12829	0.32438	0.06459	0.01096	0.00294	0.00646	0.01386	0.00622	0.00769
10	0.00951	0.00765	0.00848	0.00839	0.01061	0.00662	0.00625	0.01190	0.01841	0.02343	0.25759	0.10098	0.46689	0.01832	0.00900	0.00253	0.00379	0.01560	0.00744	0.00662
11	0.01820	0.53692	0.06473	0.04442	0.02123	0.02503	0.04264	0.02122	0.01590	0.01948	0.06063	0.06856	0.01714	0.00846	0.00592	0.00190	0.00796	0.00643	0.00391	0.00932
12	0.12513	0.06863	0.02479	0.14742	0.30991	0.01798	0.01787	0.06587	0.01722	0.05386	0.01475	0.01877	0.01189	0.01111	0.06129	0.00305	0.00943	0.00634	0.00431	0.01040
13	0.01143	0.00779	0.01038	0.01181	0.01314	0.00762	0.00946	0.01423	0.01650	0.02268	0.06829	0.28423	0.04401	0.02010	0.00950	0.00309	0.00556	0.33046	0.10297	0.00674
14	0.01348	0.01329	0.06717	0.06619	0.06550	0.01216	0.01200	0.02156	0.18537	0.02558	0.16265	0.18664	0.10875	0.01450	0.00845	0.00260	0.00586	0.01270	0.00667	0.00886
15	0.01613	0.07865	0.11052	0.01490	0.01953	0.04540	0.06287	0.04238	0.08706	0.05388	0.15385	0.03534	0.07621	0.01543	0.07148	0.00326	0.00844	0.04041	0.05518	0.00908

[dist]
# distance from previous block
# <min> <max>
2	39

[block]
# block no. 9 follows, 26 sequences, length 6
# corresponding to MSA columns:
# 983-988
name=unknown_J
#
# <colnr> <probs for GDERKNQSTAVLIFYWHMCP>
#	G	D	E	R	K	N	Q	S	T	A	V	L	I	F	Y	W	H	M	C	P
0	0.01944	0.12275	0.15437	0.07851	0.17302	0.06121	0.06895	0.12772	0.01995	0.02633	0.01861	0.02104	0.05890	0.00818	0.00728	0.00225	0.00949	0.00689	0.00443	0.01068
1	0.01184	0.00922	0.01103	0.01013	0.01268	0.00876	0.00769	0.01748	0.10533	0.02869	0.46114	0.05285	0.15550	0.01476	0.00858	0.00236	0.00407	0.01281	0.00782	0.05725
2	0.00980	0.00756	0.00899	0.00926	0.01110	0.00675	0.00688	0.01224	0.01810	0.02361	0.26308	0.19978	0.31809	0.01904	0.00920	0.00267	0.00407	0.05571	0.00746	0.00664
