[name]
unknown

[dist]
# distance from previous block
# <min> <max>
0	190

[block]
# block no. 0 follows, 26 sequences, length 31
# corresponding to MSA columns:
# 228-258
name=unknown_A
#
# <colnr> <probs for GDERKNQSTAVLIFYWHMCP>
#	G	D	E	R	K	N	Q	S	T	A	V	L	I	F	Y	W	H	M	C	P
0	0.09496	0.17563	0.15481	0.01642	0.02264	0.02099	0.03458	0.12941	0.14855	0.02880	0.01869	0.02282	0.01525	0.00912	0.00745	0.00235	0.02981	0.05185	0.00526	0.01061
1	0.19585	0.17626	0.14802	0.08499	0.02567	0.12571	0.04711	0.02505	0.06379	0.02429	0.01330	0.01551	0.01047	0.00733	0.00624	0.00219	0.00930	0.00531	0.00404	0.00957
2	0.01909	0.17906	0.27176	0.10706	0.02934	0.15356	0.01975	0.02604	0.08402	0.02187	0.01435	0.01655	0.01112	0.00754	0.00675	0.00219	0.01037	0.00559	0.00383	0.01016
3	0.01594	0.33489	0.20519	0.01437	0.02058	0.01982	0.01525	0.02018	0.01666	0.02209	0.14520	0.09516	0.02587	0.01020	0.00678	0.00213	0.00768	0.00814	0.00462	0.00926
4	0.05374	0.01368	0.01587	0.01234	0.01777	0.01238	0.00975	0.07167	0.09642	0.17704	0.02056	0.02301	0.01603	0.08183	0.00980	0.00235	0.00624	0.00651	0.00623	0.34679
5	0.02477	0.08724	0.01867	0.01305	0.01782	0.01422	0.01060	0.12954	0.02056	0.30407	0.02373	0.05406	0.01863	0.10094	0.06166	0.00352	0.00790	0.00789	0.00700	0.07415
6	0.01937	0.07335	0.02514	0.14213	0.02861	0.20160	0.10712	0.02450	0.08104	0.02062	0.01506	0.01930	0.01243	0.01388	0.08675	0.00349	0.10582	0.00669	0.00407	0.00903
7	0.01401	0.01034	0.01234	0.01134	0.01392	0.01028	0.00883	0.13939	0.02265	0.03076	0.35609	0.12249	0.13147	0.01604	0.00889	0.00255	0.00492	0.06782	0.00779	0.00806
8	0.01768	0.01799	0.03541	0.02587	0.03189	0.01732	0.46542	0.08686	0.01838	0.02484	0.01730	0.02591	0.01478	0.14810	0.01458	0.00346	0.01128	0.00914	0.00437	0.00941
9	0.01826	0.52220	0.03191	0.01239	0.01831	0.02370	0.01159	0.02077	0.01538	0.01934	0.01432	0.08617	0.01416	0.00809	0.00551	0.00167	0.00725	0.00593	0.00388	0.15917
10	0.02186	0.02438	0.21486	0.05010	0.02569	0.07483	0.01704	0.14384	0.05416	0.12641	0.01754	0.01843	0.01261	0.00780	0.00704	0.00210	0.00879	0.00606	0.00547	0.16099
11	0.02627	0.03064	0.06881	0.01793	0.02239	0.49765	0.01443	0.02901	0.02112	0.10210	0.08269	0.01973	0.01718	0.00875	0.00718	0.00208	0.01159	0.00618	0.00498	0.00930
12	0.01004	0.00746	0.00889	0.00969	0.01091	0.00692	0.00693	0.01161	0.01508	0.01921	0.04853	0.26437	0.24336	0.18193	0.01611	0.00395	0.00531	0.11719	0.00648	0.00602
13	0.02712	0.09369	0.15210	0.01557	0.02242	0.01668	0.01505	0.15852	0.02255	0.33594	0.02219	0.02107	0.01490	0.00859	0.00716	0.00225	0.00782	0.00668	0.03769	0.01202
14	0.01819	0.01694	0.02200	0.31157	0.14155	0.07716	0.01761	0.10538	0.08912	0.02579	0.05285	0.02437	0.04723	0.00891	0.00766	0.00240	0.00895	0.00758	0.00491	0.00984
15	0.01583	0.01171	0.01328	0.01144	0.01446	0.01190	0.00882	0.20533	0.02393	0.03231	0.31511	0.04740	0.15614	0.08479	0.01146	0.00287	0.00541	0.01181	0.00753	0.00848
16	0.01103	0.00735	0.00827	0.00827	0.00827	0.00735	0.00460	0.01103	0.01103	0.01471	0.02390	0.04964	0.02758	0.73343	0.03861	0.00735	0.00735	0.01103	0.00460	0.00460
17	0.01624	0.24305	0.13092	0.01321	0.01804	0.01612	0.01269	0.01951	0.01647	0.08668	0.08362	0.23310	0.05482	0.01331	0.00747	0.00236	0.00678	0.01118	0.00557	0.00887
18	0.01663	0.01510	0.01987	0.01998	0.10102	0.04318	0.01415	0.08308	0.01541	0.02174	0.01693	0.08414	0.01700	0.09619	0.10128	0.00450	0.30836	0.00856	0.00438	0.00848
19	0.01103	0.00735	0.00827	0.00827	0.00827	0.00735	0.00460	0.01103	0.01103	0.01471	0.02390	0.04964	0.02758	0.73343	0.03861	0.00735	0.00735	0.01103	0.00460	0.00460
20	0.00923	0.00665	0.00875	0.01043	0.01097	0.00617	0.00698	0.01058	0.01465	0.01942	0.04344	0.69795	0.07964	0.02355	0.00965	0.00306	0.00437	0.02130	0.00704	0.00617
21	0.01550	0.01511	0.02686	0.51951	0.15370	0.01734	0.10257	0.02064	0.01586	0.02088	0.01385	0.02002	0.01060	0.00730	0.00775	0.00249	0.01027	0.00703	0.00349	0.00924
22	0.02213	0.01959	0.01861	0.01598	0.02046	0.11459	0.01256	0.20662	0.34278	0.03417	0.08871	0.02627	0.02323	0.01013	0.00768	0.00239	0.00748	0.00809	0.00721	0.01133
23	0.01098	0.00756	0.00932	0.00932	0.00968	0.00792	0.00590	0.01170	0.01134	0.01548	0.02295	0.04436	0.02528	0.55331	0.21559	0.00864	0.01080	0.01026	0.00445	0.00518
24	0.01665	0.01487	0.02406	0.07608	0.21475	0.01495	0.11890	0.09965	0.02080	0.02869	0.22071	0.03323	0.06270	0.01032	0.00826	0.00238	0.00772	0.00968	0.00578	0.00983
25	0.09564	0.09491	0.13138	0.01713	0.02202	0.07339	0.03612	0.05517	0.09249	0.09156	0.01735	0.05258	0.01425	0.00991	0.01078	0.00252	0.16085	0.00695	0.00499	0.01001
26	0.01729	0.05454	0.28469	0.12755	0.10613	0.01797	0.04163	0.07678	0.07870	0.02591	0.01557	0.01825	0.01171	0.00744	0.00718	0.00226	0.00945	0.00622	0.00422	0.08651
27	0.25048	0.15472	0.11679	0.01874	0.12785	0.04165	0.01474	0.02209	0.01504	0.02543	0.01263	0.01552	0.01045	0.01043	0.05654	0.00278	0.00884	0.00510	0.00397	0.08621
28	0.20525	0.02207	0.11556	0.01466	0.02009	0.15342	0.01313	0.06556	0.07439	0.05503	0.07450	0.02243	0.04925	0.00891	0.00671	0.00220	0.00811	0.00661	0.00536	0.07678
29	0.05577	0.09119	0.08839	0.01634	0.02086	0.06922	0.10714	0.07194	0.03592	0.02451	0.09851	0.05618	0.07448	0.08604	0.03402	0.00321	0.04338	0.00903	0.00513	0.00874
30	0.01947	0.07560	0.21351	0.01749	0.05745	0.04161	0.01646	0.08619	0.05059	0.09760	0.01841	0.06943	0.01503	0.00857	0.00697	0.00207	0.00817	0.00692	0.00514	0.18332

[dist]
# distance from previous block
# <min> <max>
8	45

[block]
# block no. 1 follows, 26 sequences, length 24
# corresponding to MSA columns:
# 312-335
name=unknown_B
#
# <colnr> <probs for GDERKNQSTAVLIFYWHMCP>
#	G	D	E	R	K	N	Q	S	T	A	V	L	I	F	Y	W	H	M	C	P
0	0.01328	0.01065	0.01616	0.06500	0.01914	0.01040	0.09850	0.06490	0.01817	0.04554	0.11901	0.32537	0.12929	0.01691	0.00901	0.00272	0.00617	0.01539	0.00661	0.00779
1	0.01679	0.01718	0.01997	0.26062	0.13158	0.15887	0.01630	0.02033	0.01738	0.02112	0.07224	0.13074	0.02330	0.01139	0.00802	0.00250	0.00913	0.04932	0.00471	0.00852
2	0.02003	0.02275	0.21676	0.06836	0.02615	0.01752	0.01779	0.21196	0.10261	0.06887	0.02235	0.06305	0.01860	0.01065	0.00792	0.00255	0.00857	0.07652	0.00602	0.01097
3	0.08009	0.01782	0.01916	0.01528	0.02024	0.01949	0.01232	0.46384	0.02874	0.03997	0.01920	0.05697	0.01585	0.06481	0.05558	0.00329	0.00857	0.00767	0.00677	0.04434
4	0.02020	0.01830	0.02452	0.22293	0.03209	0.05404	0.06629	0.20845	0.02068	0.02774	0.01391	0.01828	0.01098	0.00960	0.01266	0.00266	0.21535	0.00682	0.00466	0.00986
5	0.13848	0.01285	0.01500	0.10938	0.02061	0.01401	0.01102	0.17605	0.01971	0.06587	0.02504	0.24831	0.02525	0.07191	0.01032	0.00299	0.00675	0.01150	0.00623	0.00871
6	0.02455	0.02386	0.02010	0.05609	0.02338	0.25094	0.01379	0.22014	0.19160	0.03122	0.01933	0.01989	0.01464	0.00887	0.00725	0.00223	0.00940	0.00663	0.04536	0.01073
7	0.01625	0.02385	0.25100	0.21018	0.24861	0.01799	0.02377	0.02211	0.01585	0.02260	0.01350	0.01805	0.01055	0.00764	0.00881	0.00246	0.06647	0.00636	0.00343	0.01051
8	0.01501	0.01225	0.01383	0.01264	0.01575	0.01332	0.00971	0.02798	0.36386	0.03111	0.33957	0.04174	0.04610	0.01276	0.00830	0.00248	0.00485	0.01101	0.00802	0.00971
9	0.00958	0.00690	0.00889	0.01006	0.01080	0.00641	0.00680	0.01117	0.01548	0.02073	0.13770	0.53739	0.09220	0.07400	0.01164	0.00326	0.00446	0.01928	0.00706	0.00621
10	0.01350	0.01093	0.01509	0.01436	0.04968	0.01120	0.04113	0.04635	0.09409	0.02632	0.25701	0.03821	0.05878	0.02532	0.21105	0.00519	0.00981	0.01011	0.00626	0.05560
11	0.01014	0.00773	0.00932	0.00892	0.01097	0.00690	0.00669	0.01316	0.02007	0.02709	0.47921	0.06214	0.27655	0.01675	0.00895	0.00244	0.00367	0.01449	0.00791	0.00690
12	0.01776	0.32554	0.02972	0.10622	0.06032	0.02383	0.01525	0.01998	0.01389	0.01822	0.01113	0.01575	0.01023	0.01022	0.01346	0.05902	0.23182	0.00554	0.00332	0.00877
13	0.01017	0.00735	0.00954	0.01053	0.01161	0.00691	0.00766	0.01229	0.01646	0.02202	0.17895	0.37543	0.10222	0.07293	0.01171	0.00327	0.00483	0.12256	0.00713	0.00642
14	0.06024	0.15918	0.12013	0.02328	0.16298	0.23984	0.01739	0.02678	0.01832	0.08467	0.01397	0.01588	0.01099	0.00737	0.00664	0.00207	0.01026	0.00545	0.00421	0.01034
15	0.01802	0.29504	0.02961	0.01724	0.01974	0.02585	0.01520	0.01998	0.01308	0.01810	0.01018	0.01489	0.00987	0.01066	0.01716	0.00266	0.44494	0.00564	0.00329	0.00885
16	0.01027	0.00778	0.00956	0.00968	0.01161	0.00707	0.00745	0.01313	0.01898	0.02521	0.34211	0.11954	0.26166	0.01816	0.00924	0.00266	0.00423	0.10722	0.00762	0.00681
17	0.01216	0.01325	0.13199	0.01294	0.01606	0.00894	0.01173	0.01533	0.01599	0.05841	0.03975	0.38210	0.11081	0.01903	0.00918	0.00293	0.00610	0.11922	0.00648	0.00760
18	0.10414	0.02560	0.03981	0.06091	0.02463	0.31406	0.05040	0.15790	0.02236	0.02724	0.01645	0.02324	0.01410	0.00934	0.00735	0.00231	0.01068	0.07493	0.00504	0.00951
19	0.01252	0.00692	0.00997	0.00997	0.01017	0.00712	0.00671	0.01058	0.01038	0.01404	0.01579	0.02797	0.01614	0.13560	0.12760	0.55480	0.00867	0.00747	0.00360	0.00399
20	0.01986	0.01951	0.11627	0.17364	0.07919	0.04627	0.10698	0.11801	0.01986	0.08990	0.01761	0.02067	0.01293	0.00789	0.00736	0.00231	0.00916	0.00696	0.11540	0.01023
21	0.01536	0.01413	0.01539	0.01232	0.01689	0.06579	0.00974	0.01830	0.01642	0.02350	0.09963	0.02653	0.08037	0.01152	0.04221	0.00224	0.08139	0.00709	0.00500	0.43619
22	0.01798	0.08651	0.09545	0.01892	0.02473	0.07153	0.16467	0.07067	0.10925	0.02595	0.06254	0.04840	0.04877	0.00982	0.00780	0.00234	0.00885	0.04829	0.00529	0.07222
23	0.25608	0.18095	0.05368	0.01598	0.02139	0.14395	0.09470	0.02469	0.05352	0.02560	0.05384	0.01736	0.01404	0.00769	0.00621	0.00216	0.00877	0.00576	0.00445	0.00919

[dist]
# distance from previous block
# <min> <max>
6	20

[block]
# block no. 2 follows, 26 sequences, length 13
# corresponding to MSA columns:
# 356-368
name=unknown_C
#
# <colnr> <probs for GDERKNQSTAVLIFYWHMCP>
#	G	D	E	R	K	N	Q	S	T	A	V	L	I	F	Y	W	H	M	C	P
0	0.57054	0.02080	0.01410	0.01270	0.01717	0.21274	0.01005	0.02458	0.01536	0.02962	0.01089	0.01271	0.00866	0.00726	0.00531	0.00223	0.00810	0.00433	0.00447	0.00838
1	0.01590	0.01285	0.01791	0.01518	0.01925	0.01225	0.08663	0.12536	0.02030	0.02800	0.09991	0.12711	0.03176	0.01374	0.00851	0.00250	0.00691	0.17789	0.00635	0.17168
2	0.01935	0.01871	0.03242	0.12042	0.08843	0.01939	0.30797	0.12490	0.13415	0.02861	0.01815	0.02131	0.01360	0.00768	0.00822	0.00249	0.01025	0.00808	0.00502	0.01085
3	0.00974	0.00706	0.00930	0.01091	0.01176	0.00663	0.00783	0.01149	0.01527	0.02004	0.04452	0.56044	0.10324	0.02288	0.00976	0.00311	0.00480	0.12787	0.00703	0.00632
4	0.01535	0.00866	0.01225	0.01194	0.01397	0.00875	0.00904	0.01765	0.01503	0.16457	0.02947	0.25872	0.02918	0.03567	0.32406	0.00706	0.01207	0.01244	0.00620	0.00790
5	0.01439	0.01582	0.10883	0.11930	0.09562	0.01408	0.01583	0.06165	0.01697	0.02301	0.02950	0.15736	0.10047	0.01421	0.01043	0.00279	0.08915	0.09669	0.00524	0.00866
6	0.08249	0.01125	0.01521	0.01379	0.01586	0.01317	0.01104	0.01919	0.01395	0.13654	0.02039	0.07308	0.01821	0.03258	0.32703	0.00708	0.16748	0.00830	0.00509	0.00825
7	0.00916	0.00729	0.00822	0.00884	0.01058	0.00636	0.00631	0.01095	0.01650	0.02061	0.09673	0.31154	0.41885	0.02067	0.00923	0.00274	0.00403	0.01791	0.00711	0.00636
8	0.01547	0.01353	0.01857	0.17096	0.13665	0.01492	0.01443	0.02534	0.23332	0.02710	0.18583	0.03369	0.05679	0.01074	0.00800	0.00246	0.00672	0.00943	0.00623	0.00982
9	0.01636	0.02387	0.24736	0.21851	0.27333	0.01762	0.05036	0.02251	0.01631	0.02305	0.01388	0.01833	0.01069	0.00711	0.00749	0.00239	0.01019	0.00646	0.00347	0.01071
10	0.02076	0.02415	0.02640	0.02169	0.02547	0.29374	0.18143	0.02394	0.01732	0.01985	0.01368	0.01848	0.01169	0.01608	0.11914	0.00395	0.14290	0.00676	0.00381	0.00876
11	0.01092	0.00778	0.01041	0.01041	0.01115	0.00852	0.00726	0.01240	0.01166	0.01629	0.02194	0.03880	0.02287	0.36393	0.40167	0.01000	0.01443	0.00944	0.00431	0.00578
12	0.26498	0.00949	0.00933	0.00974	0.01204	0.00978	0.00715	0.01449	0.01459	0.02443	0.03914	0.35053	0.17387	0.01727	0.00789	0.00273	0.00476	0.01462	0.00627	0.00689

[dist]
# distance from previous block
# <min> <max>
0	4

[block]
# block no. 3 follows, 26 sequences, length 20
# corresponding to MSA columns:
# 374-393
name=unknown_D
#
# <colnr> <probs for GDERKNQSTAVLIFYWHMCP>
#	G	D	E	R	K	N	Q	S	T	A	V	L	I	F	Y	W	H	M	C	P
0	0.01522	0.01864	0.19086	0.11761	0.02490	0.01306	0.01543	0.06012	0.04351	0.06199	0.07896	0.10692	0.12631	0.01179	0.00786	0.00239	0.00740	0.00995	0.00556	0.08153
1	0.00981	0.00706	0.00931	0.01038	0.01102	0.00699	0.00706	0.01122	0.01366	0.01835	0.03654	0.45820	0.07027	0.14170	0.14590	0.00546	0.00786	0.01709	0.00609	0.00604
2	0.01682	0.02893	0.35611	0.03073	0.20399	0.01812	0.18797	0.02390	0.01682	0.02429	0.01423	0.01787	0.01072	0.00688	0.00773	0.00240	0.01104	0.00676	0.00351	0.01117
3	0.02003	0.29817	0.17507	0.02050	0.02808	0.07256	0.19316	0.02487	0.01706	0.06341	0.01381	0.01622	0.01077	0.00689	0.00679	0.00211	0.01034	0.00601	0.00383	0.01031
4	0.02064	0.01474	0.02151	0.12835	0.23040	0.01508	0.01596	0.11712	0.02105	0.15185	0.11097	0.02922	0.07018	0.00979	0.00785	0.00236	0.00750	0.00853	0.00616	0.01072
5	0.00982	0.00729	0.00878	0.00922	0.01049	0.00665	0.00638	0.01168	0.01651	0.02180	0.21234	0.28626	0.21645	0.12507	0.01357	0.00340	0.00448	0.01656	0.00702	0.00625
6	0.01908	0.15777	0.04219	0.02750	0.03469	0.06876	0.49126	0.02441	0.01768	0.02267	0.01418	0.01841	0.01105	0.00651	0.00803	0.00234	0.01196	0.00774	0.00373	0.01004
7	0.06246	0.04271	0.01804	0.01529	0.01855	0.18505	0.05239	0.06625	0.04428	0.07185	0.05599	0.20376	0.04832	0.03793	0.00971	0.00265	0.03941	0.01090	0.00584	0.00860
8	0.00940	0.00688	0.00887	0.01040	0.01121	0.00636	0.00721	0.01094	0.01507	0.01973	0.04631	0.60095	0.13297	0.02298	0.00964	0.00304	0.00449	0.06027	0.00704	0.00625
9	0.01782	0.00944	0.01251	0.01125	0.01431	0.00853	0.00900	0.02107	0.02065	0.22697	0.34737	0.05286	0.09639	0.01474	0.00878	0.00255	0.00496	0.10364	0.00836	0.00880
10	0.01975	0.24159	0.23111	0.01728	0.02427	0.13609	0.01762	0.02842	0.16774	0.02304	0.01635	0.01730	0.01279	0.00780	0.00657	0.00213	0.00950	0.00571	0.00437	0.01055
11	0.02231	0.02551	0.22827	0.02320	0.12413	0.01991	0.04185	0.27990	0.07242	0.06179	0.01754	0.01876	0.01271	0.00819	0.00752	0.00235	0.00922	0.00668	0.00564	0.01210
12	0.00977	0.00730	0.00842	0.00886	0.01007	0.00666	0.00598	0.01120	0.01533	0.01974	0.11858	0.25273	0.26579	0.20534	0.01686	0.00393	0.00488	0.01606	0.00655	0.00595
13	0.02673	0.01706	0.01672	0.01373	0.01827	0.12211	0.01097	0.18054	0.02352	0.25899	0.02290	0.02272	0.01612	0.00893	0.00689	0.00212	0.00729	0.00686	0.20679	0.01074
14	0.02006	0.01897	0.02763	0.02557	0.15133	0.10702	0.19113	0.02402	0.01751	0.08997	0.01657	0.04334	0.01358	0.00999	0.03758	0.00264	0.05957	0.00739	0.00458	0.13154
15	0.02256	0.06255	0.02434	0.09300	0.02632	0.01875	0.10839	0.29656	0.02556	0.09595	0.05764	0.02691	0.08756	0.00981	0.00784	0.00235	0.00828	0.00836	0.00645	0.01084
16	0.01179	0.00934	0.01277	0.01579	0.11777	0.00894	0.00996	0.01418	0.01623	0.02140	0.10470	0.14341	0.18171	0.15004	0.01463	0.00364	0.00601	0.14437	0.00619	0.00712
17	0.02364	0.02350	0.01975	0.06091	0.02334	0.25054	0.01365	0.19171	0.20291	0.02981	0.02326	0.02338	0.06105	0.00960	0.00747	0.00228	0.00931	0.00728	0.00607	0.01053
18	0.06611	0.01220	0.01743	0.20221	0.12985	0.01261	0.01378	0.02122	0.01709	0.15054	0.03224	0.06259	0.16021	0.01105	0.00764	0.00242	0.00695	0.00941	0.05526	0.00921
19	0.10793	0.02493	0.21190	0.01581	0.02222	0.13958	0.01555	0.06739	0.04421	0.02663	0.08059	0.02316	0.05874	0.00885	0.00693	0.00213	0.00863	0.00675	0.00490	0.12318

[dist]
# distance from previous block
# <min> <max>
0	13

[block]
# block no. 4 follows, 26 sequences, length 9
# corresponding to MSA columns:
# 426-434
name=unknown_E
#
# <colnr> <probs for GDERKNQSTAVLIFYWHMCP>
#	G	D	E	R	K	N	Q	S	T	A	V	L	I	F	Y	W	H	M	C	P
0	0.07546	0.01494	0.01983	0.01671	0.05067	0.05138	0.12029	0.08632	0.01930	0.02762	0.15778	0.06030	0.05535	0.05333	0.00946	0.00246	0.00730	0.00914	0.00568	0.15667
1	0.24351	0.01303	0.01555	0.14192	0.08174	0.01428	0.01176	0.06852	0.01609	0.07328	0.02126	0.06170	0.05588	0.13690	0.01238	0.00330	0.00722	0.00809	0.00516	0.00844
2	0.13368	0.01806	0.02267	0.05249	0.27683	0.05621	0.01649	0.10431	0.13772	0.08064	0.01823	0.01979	0.01390	0.00801	0.00712	0.00233	0.00803	0.00667	0.00550	0.01132
3	0.01053	0.00771	0.01034	0.01042	0.01161	0.00802	0.00757	0.01269	0.01445	0.02001	0.15705	0.12102	0.08617	0.16513	0.31425	0.00761	0.01161	0.01188	0.00557	0.00635
4	0.01407	0.01018	0.01195	0.01126	0.01322	0.01119	0.00829	0.05766	0.14740	0.02375	0.05748	0.03505	0.02440	0.20965	0.21152	0.00637	0.01004	0.00901	0.11982	0.00770
5	0.01581	0.00831	0.01118	0.01127	0.01321	0.00752	0.00812	0.01767	0.01679	0.19564	0.07484	0.50690	0.04317	0.01954	0.00910	0.00285	0.00489	0.01748	0.00773	0.00798
6	0.02023	0.01963	0.03574	0.12954	0.03730	0.01997	0.39561	0.18995	0.02214	0.02971	0.01582	0.01984	0.01167	0.00728	0.00839	0.00248	0.01123	0.00807	0.00475	0.01066
7	0.01061	0.00739	0.00846	0.00851	0.00908	0.00713	0.00523	0.01137	0.01333	0.01766	0.11116	0.10161	0.11737	0.50627	0.02923	0.00585	0.00625	0.01273	0.00553	0.00524
8	0.01148	0.00917	0.01296	0.04485	0.01501	0.01058	0.00983	0.01382	0.01428	0.02019	0.13630	0.19109	0.03375	0.07407	0.25621	0.00642	0.11576	0.01201	0.00536	0.00687

[dist]
# distance from previous block
# <min> <max>
0	1

[block]
# block no. 5 follows, 26 sequences, length 100
# corresponding to MSA columns:
# 436-535
name=unknown_F
#
# <colnr> <probs for GDERKNQSTAVLIFYWHMCP>
#	G	D	E	R	K	N	Q	S	T	A	V	L	I	F	Y	W	H	M	C	P
0	0.16265	0.04516	0.06397	0.01917	0.13154	0.01685	0.01377	0.09579	0.14981	0.08205	0.12084	0.02532	0.02303	0.00933	0.00714	0.00235	0.00684	0.00759	0.00622	0.01058
1	0.01529	0.01377	0.02031	0.01946	0.13224	0.01175	0.08539	0.01881	0.01601	0.02368	0.01910	0.14946	0.01865	0.00928	0.00708	0.00184	0.00679	0.00856	0.00477	0.41775
2	0.02103	0.02016	0.02368	0.23179	0.17945	0.13477	0.01813	0.14900	0.09684	0.02739	0.01629	0.01934	0.01253	0.00805	0.00746	0.00233	0.00965	0.00666	0.00487	0.01057
3	0.01227	0.00849	0.01119	0.01049	0.01264	0.00802	0.00784	0.01387	0.01490	0.04150	0.13054	0.09214	0.12217	0.02824	0.19843	0.14954	0.00910	0.01038	0.00547	0.11279
4	0.01006	0.00811	0.00901	0.00886	0.01115	0.00731	0.00661	0.01352	0.05500	0.02397	0.25021	0.10942	0.42379	0.01792	0.00894	0.00254	0.00392	0.01529	0.00747	0.00692
5	0.01401	0.01745	0.14364	0.01715	0.01970	0.01667	0.01582	0.01732	0.01281	0.01920	0.01606	0.06818	0.01544	0.02673	0.23651	0.00596	0.31744	0.00792	0.00378	0.00821
6	0.05489	0.02062	0.09753	0.07439	0.02535	0.01898	0.01504	0.36230	0.02623	0.03690	0.01590	0.01732	0.01172	0.00788	0.00698	0.00205	0.00810	0.00604	0.00591	0.18587
7	0.00917	0.00689	0.00850	0.00979	0.01080	0.00623	0.00670	0.01065	0.01526	0.01966	0.05119	0.55284	0.21975	0.02254	0.00949	0.00294	0.00425	0.02007	0.00704	0.00623
8	0.13789	0.01588	0.02397	0.35171	0.16535	0.01800	0.06128	0.09248	0.01769	0.02622	0.01383	0.01850	0.01059	0.00743	0.00721	0.00242	0.00922	0.00649	0.00415	0.00971
9	0.02316	0.08475	0.17518	0.01773	0.02458	0.04853	0.01694	0.32309	0.14750	0.03578	0.01863	0.01891	0.01368	0.00863	0.00727	0.00229	0.00875	0.00657	0.00611	0.01193
10	0.00943	0.00715	0.00871	0.00949	0.01083	0.00642	0.00667	0.01136	0.01666	0.02176	0.17119	0.40264	0.24857	0.02083	0.00932	0.00279	0.00408	0.01840	0.00728	0.00642
11	0.01484	0.01401	0.02368	0.63772	0.12569	0.01699	0.02132	0.01983	0.01541	0.02001	0.01357	0.02005	0.01033	0.00749	0.00757	0.00250	0.00998	0.00674	0.00341	0.00884
12	0.01414	0.00707	0.00707	0.00707	0.00884	0.00707	0.00530	0.01767	0.01591	0.02828	0.02474	0.02828	0.01944	0.00884	0.00530	0.00177	0.00353	0.00707	0.77554	0.00707
13	0.01973	0.02993	0.30488	0.01929	0.02571	0.15092	0.01979	0.12109	0.01903	0.02501	0.01418	0.01856	0.01157	0.06415	0.01233	0.00282	0.12058	0.00623	0.00414	0.01005
14	0.01317	0.01026	0.01523	0.04513	0.11636	0.01034	0.01399	0.01682	0.01734	0.02281	0.03647	0.07279	0.05781	0.01829	0.00988	0.00324	0.00730	0.49862	0.00637	0.00777
15	0.00922	0.00668	0.00872	0.01036	0.01095	0.00618	0.00695	0.01058	0.01472	0.01944	0.04431	0.68169	0.09535	0.02344	0.00963	0.00304	0.00436	0.02117	0.00704	0.00618
16	0.78701	0.01467	0.01115	0.00997	0.01467	0.01702	0.00821	0.02230	0.01291	0.03403	0.01056	0.01232	0.00821	0.00704	0.00469	0.00235	0.00587	0.00411	0.00469	0.00821
17	0.01953	0.03047	0.39075	0.02514	0.15194	0.01927	0.02349	0.19452	0.02151	0.03054	0.01497	0.01712	0.01094	0.00763	0.00736	0.00234	0.01003	0.00615	0.00448	0.01181
18	0.00972	0.00708	0.00926	0.01082	0.01171	0.00662	0.00778	0.01147	0.01533	0.02005	0.04544	0.54654	0.11967	0.02278	0.00974	0.00309	0.00478	0.12478	0.00703	0.00633
19	0.01144	0.00846	0.00912	0.00909	0.01132	0.00794	0.00673	0.04959	0.04330	0.02390	0.07988	0.19288	0.35819	0.01736	0.00838	0.00251	0.00423	0.01477	0.13382	0.00708
20	0.02435	0.01667	0.01797	0.01450	0.01931	0.01819	0.01174	0.37565	0.12700	0.08686	0.02246	0.02258	0.01637	0.00924	0.00709	0.00221	0.00676	0.00721	0.18239	0.01144
21	0.00944	0.00754	0.00845	0.00857	0.01063	0.00655	0.00630	0.01168	0.01791	0.02277	0.22079	0.16619	0.43850	0.01897	0.00907	0.00260	0.00386	0.01627	0.00737	0.00655
22	0.01554	0.01439	0.02373	0.60127	0.12845	0.01730	0.02103	0.04941	0.01637	0.02135	0.01380	0.01995	0.01047	0.00755	0.00757	0.00248	0.00990	0.00675	0.00361	0.00907
23	0.78701	0.01467	0.01115	0.00997	0.01467	0.01702	0.00821	0.02230	0.01291	0.03403	0.01056	0.01232	0.00821	0.00704	0.00469	0.00235	0.00587	0.00411	0.00469	0.00821
24	0.01712	0.01814	0.03561	0.02650	0.03274	0.01767	0.46553	0.02574	0.13936	0.02513	0.02119	0.10091	0.01799	0.00906	0.00880	0.00262	0.01059	0.01029	0.00492	0.01011
25	0.01041	0.00774	0.00968	0.00920	0.01113	0.00702	0.00690	0.01368	0.02069	0.02857	0.56944	0.05970	0.18539	0.01620	0.00895	0.00242	0.00363	0.01414	0.00811	0.00702
26	0.01887	0.01629	0.01715	0.01544	0.01972	0.01887	0.01201	0.04031	0.67241	0.03173	0.03087	0.02830	0.02315	0.01029	0.00772	0.00257	0.00600	0.00858	0.00772	0.01201
27	0.01432	0.01348	0.02275	0.71520	0.05224	0.01685	0.02107	0.01938	0.01517	0.01938	0.01348	0.02022	0.01011	0.00758	0.00758	0.00253	0.01011	0.00674	0.00337	0.00843
28	0.01754	0.01497	0.01597	0.01445	0.01838	0.01702	0.01120	0.03614	0.57125	0.03114	0.10814	0.03334	0.05469	0.01125	0.00791	0.00255	0.00564	0.00946	0.00776	0.01122
29	0.02616	0.01992	0.02126	0.01691	0.02250	0.02227	0.01377	0.49455	0.20628	0.04350	0.02160	0.02091	0.01565	0.00942	0.00762	0.00236	0.00772	0.00730	0.00762	0.01266
30	0.02028	0.73799	0.03975	0.01298	0.01947	0.03001	0.01298	0.02271	0.01541	0.01785	0.01055	0.01217	0.00973	0.00649	0.00487	0.00162	0.00811	0.00406	0.00324	0.00973
31	0.01083	0.00782	0.01028	0.00984	0.01162	0.00726	0.00749	0.01441	0.02120	0.02990	0.63928	0.05859	0.06971	0.01587	0.00905	0.00246	0.00381	0.05517	0.00826	0.00715
32	0.01432	0.01348	0.02275	0.71520	0.05224	0.01685	0.02107	0.01938	0.01517	0.01938	0.01348	0.02022	0.01011	0.00758	0.00758	0.00253	0.01011	0.00674	0.00337	0.00843
33	0.01573	0.01348	0.01573	0.01123	0.01798	0.01011	0.00899	0.01910	0.01573	0.02472	0.01348	0.01573	0.01123	0.00562	0.00562	0.00112	0.00562	0.00449	0.00449	0.77980
34	0.01521	0.03923	0.69413	0.02162	0.03283	0.01762	0.02802	0.02402	0.01601	0.02402	0.01361	0.01601	0.00961	0.00721	0.00721	0.00240	0.01121	0.00560	0.00320	0.01121
35	0.00924	0.00660	0.00880	0.01056	0.01100	0.00616	0.00704	0.01056	0.01452	0.01936	0.04181	0.72848	0.05017	0.02376	0.00968	0.00308	0.00440	0.02156	0.00704	0.00616
36	0.01101	0.00870	0.01011	0.01047	0.01232	0.00852	0.00756	0.01623	0.12762	0.02336	0.14237	0.33710	0.21790	0.01907	0.00905	0.00275	0.00440	0.01674	0.00735	0.00736
37	0.01455	0.01351	0.02260	0.32236	0.18185	0.01514	0.05368	0.01863	0.01590	0.02153	0.06297	0.14202	0.02149	0.01092	0.00905	0.00260	0.04806	0.00984	0.00443	0.00885
38	0.32186	0.01358	0.01514	0.01215	0.01757	0.01339	0.01003	0.03136	0.01835	0.44010	0.02252	0.02066	0.01474	0.00849	0.00651	0.00235	0.00623	0.00628	0.00759	0.01111
39	0.02499	0.01389	0.01613	0.01339	0.01803	0.01430	0.01073	0.11086	0.22401	0.28463	0.02782	0.02611	0.01954	0.00953	0.00722	0.00230	0.00600	0.00772	0.15127	0.01154
40	0.01103	0.00735	0.00827	0.00827	0.00827	0.00735	0.00460	0.01103	0.01103	0.01471	0.02390	0.04964	0.02758	0.73343	0.03861	0.00735	0.00735	0.01103	0.00460	0.00460
41	0.01671	0.02035	0.15120	0.08908	0.44067	0.01653	0.02218	0.02170	0.01657	0.02362	0.01716	0.09755	0.01568	0.00880	0.00770	0.00239	0.00899	0.00819	0.00399	0.01094
42	0.01414	0.00707	0.00707	0.00707	0.00884	0.00707	0.00530	0.01767	0.01591	0.02828	0.02474	0.02828	0.01944	0.00884	0.00530	0.00177	0.00353	0.00707	0.77554	0.00707
43	0.10394	0.02288	0.14707	0.02763	0.27186	0.13191	0.01848	0.02250	0.01684	0.02377	0.01761	0.12767	0.01673	0.00971	0.00737	0.00237	0.00914	0.00825	0.00430	0.00998
44	0.01901	0.15160	0.24053	0.01566	0.02258	0.04486	0.01642	0.07313	0.06841	0.10284	0.02834	0.02810	0.13735	0.00997	0.00722	0.00227	0.00821	0.00779	0.00536	0.01035
45	0.01414	0.00707	0.00707	0.00707	0.00884	0.00707	0.00530	0.01767	0.01591	0.02828	0.02474	0.02828	0.01944	0.00884	0.00530	0.00177	0.00353	0.00707	0.77554	0.00707
46	0.78701	0.01467	0.01115	0.00997	0.01467	0.01702	0.00821	0.02230	0.01291	0.03403	0.01056	0.01232	0.00821	0.00704	0.00469	0.00235	0.00587	0.00411	0.00469	0.00821
47	0.05114	0.02285	0.01789	0.01597	0.01967	0.27781	0.01234	0.08327	0.21256	0.02689	0.01969	0.02064	0.01536	0.00908	0.00786	0.00223	0.04868	0.00653	0.11978	0.00978
48	0.00975	0.00795	0.00854	0.00844	0.01073	0.00703	0.00624	0.01257	0.04146	0.02240	0.18194	0.09177	0.49361	0.05128	0.01031	0.00277	0.00405	0.01530	0.00719	0.00665
49	0.01254	0.01806	0.19338	0.01284	0.01755	0.05614	0.01280	0.01687	0.01866	0.02470	0.26213	0.04819	0.24897	0.01397	0.00835	0.00242	0.00638	0.01170	0.00625	0.00811
50	0.05033	0.15684	0.10968	0.04904	0.02431	0.14199	0.05097	0.06861	0.11221	0.02481	0.01655	0.01997	0.01351	0.00811	0.00678	0.00210	0.00915	0.03214	0.00468	0.09822
51	0.23820	0.30730	0.02580	0.01426	0.01941	0.24458	0.01218	0.02505	0.01668	0.02262	0.01093	0.01270	0.00932	0.00707	0.00546	0.00193	0.00929	0.00434	0.00387	0.00900
52	0.01031	0.00774	0.00954	0.00909	0.01107	0.00697	0.00682	0.01348	0.02046	0.02801	0.53520	0.06062	0.21999	0.01641	0.00895	0.00243	0.00364	0.01427	0.00803	0.00697
53	0.01629	0.01651	0.12453	0.12972	0.18106	0.01321	0.01671	0.02085	0.01808	0.09892	0.17202	0.05980	0.07874	0.01084	0.00801	0.00242	0.00744	0.00953	0.00565	0.00968
54	0.01790	0.02046	0.04476	0.03197	0.03964	0.01918	0.65857	0.02430	0.01790	0.02430	0.01535	0.02046	0.01151	0.00639	0.00895	0.00256	0.01279	0.00895	0.00384	0.01023
55	0.02126	0.02188	0.03722	0.02748	0.03405	0.12429	0.45976	0.02638	0.01862	0.09758	0.01619	0.01985	0.01199	0.00724	0.00915	0.00247	0.04186	0.00808	0.00445	0.01023
56	0.01103	0.00735	0.00827	0.00827	0.00827	0.00735	0.00460	0.01103	0.01103	0.01471	0.02390	0.04964	0.02758	0.73343	0.03861	0.00735	0.00735	0.01103	0.00460	0.00460
57	0.01615	0.01496	0.02491	0.20859	0.40036	0.01570	0.01972	0.02062	0.01752	0.02447	0.13839	0.02619	0.02262	0.00860	0.00780	0.00235	0.00828	0.00805	0.00451	0.01020
58	0.01084	0.00813	0.01219	0.01219	0.01354	0.00948	0.00948	0.01354	0.01219	0.01761	0.02032	0.02980	0.01896	0.05689	0.70337	0.01219	0.02032	0.00813	0.00406	0.00677
59	0.02034	0.01703	0.01798	0.01574	0.02029	0.01956	0.01236	0.13234	0.57797	0.03411	0.02899	0.02680	0.02163	0.01011	0.00770	0.00253	0.00635	0.00832	0.00770	0.01214
60	0.01489	0.01448	0.02616	0.02067	0.02520	0.01412	0.29297	0.02198	0.11919	0.02500	0.10501	0.16287	0.05589	0.01274	0.00900	0.00270	0.00837	0.05383	0.00589	0.00903
61	0.01573	0.01348	0.01573	0.01123	0.01798	0.01011	0.00899	0.01910	0.01573	0.02472	0.01348	0.01573	0.01123	0.00562	0.00562	0.00112	0.00562	0.00449	0.00449	0.77980
62	0.01958	0.01608	0.01813	0.12421	0.02399	0.04846	0.01304	0.22672	0.16786	0.03352	0.16746	0.05693	0.02899	0.01106	0.00796	0.00242	0.00715	0.00921	0.00693	0.01028
63	0.01684	0.01619	0.02859	0.08200	0.41711	0.01610	0.11948	0.02151	0.01801	0.02539	0.13870	0.02619	0.02289	0.00838	0.00801	0.00234	0.00866	0.00840	0.00460	0.01059
64	0.01414	0.00707	0.00707	0.00707	0.00884	0.00707	0.00530	0.01767	0.01591	0.02828	0.02474	0.02828	0.01944	0.00884	0.00530	0.00177	0.00353	0.00707	0.77554	0.00707
65	0.01752	0.01462	0.01732	0.06700	0.02087	0.01441	0.01128	0.12165	0.08963	0.02736	0.01902	0.02241	0.04009	0.05653	0.01018	0.00222	0.06339	0.00654	0.00526	0.37270
66	0.14438	0.01973	0.01918	0.01582	0.02099	0.06644	0.01274	0.33273	0.22219	0.03888	0.02038	0.02001	0.01503	0.00905	0.00712	0.00235	0.00761	0.00680	0.00693	0.01162
67	0.02365	0.01960	0.02068	0.02105	0.14389	0.14911	0.01411	0.16886	0.04956	0.12539	0.12197	0.02480	0.02246	0.00931	0.00754	0.00218	0.00824	0.00757	0.00637	0.05365
68	0.16896	0.02582	0.02086	0.01752	0.02242	0.31158	0.04896	0.18802	0.04885	0.05648	0.01482	0.01600	0.01125	0.00808	0.00681	0.00218	0.01024	0.00571	0.00535	0.01009
69	0.01414	0.00707	0.00707	0.00707	0.00884	0.00707	0.00530	0.01767	0.01591	0.02828	0.02474	0.02828	0.01944	0.00884	0.00530	0.00177	0.00353	0.00707	0.77554	0.00707
70	0.18578	0.01686	0.01555	0.01431	0.01726	0.12276	0.01114	0.10888	0.06188	0.02720	0.02269	0.20722	0.02300	0.01341	0.00947	0.00265	0.08672	0.03886	0.00574	0.00861
71	0.02833	0.03615	0.02149	0.01954	0.02345	0.70298	0.01466	0.03029	0.02149	0.01856	0.01172	0.01368	0.00977	0.00782	0.00684	0.00195	0.01368	0.00489	0.00391	0.00879
72	0.01671	0.01462	0.01662	0.14497	0.02418	0.06669	0.01340	0.08476	0.18811	0.02611	0.03110	0.09240	0.06973	0.01367	0.00851	0.00275	0.00755	0.16263	0.00633	0.00915
73	0.01870	0.01562	0.01762	0.09252	0.02208	0.06205	0.01281	0.12547	0.19214	0.05816	0.04623	0.10442	0.04640	0.01569	0.06654	0.00338	0.07466	0.00948	0.00625	0.00979
74	0.02449	0.32082	0.11086	0.01588	0.02220	0.18429	0.01494	0.05408	0.01895	0.14541	0.01513	0.01579	0.01154	0.00754	0.00625	0.00196	0.00951	0.00522	0.00472	0.01042
75	0.01303	0.00664	0.00977	0.00977	0.00977	0.00664	0.00645	0.00996	0.00996	0.01328	0.01389	0.02483	0.01414	0.07353	0.03024	0.72781	0.00664	0.00688	0.00338	0.00338
76	0.01797	0.03126	0.42229	0.06141	0.03360	0.01886	0.14271	0.13160	0.01964	0.02784	0.01471	0.01745	0.01055	0.00740	0.00762	0.00242	0.01096	0.00650	0.00407	0.01116
77	0.00924	0.00660	0.00880	0.01056	0.01100	0.00616	0.00704	0.01056	0.01452	0.01936	0.04181	0.72848	0.05017	0.02376	0.00968	0.00308	0.00440	0.02156	0.00704	0.00616
78	0.01147	0.00888	0.01283	0.11667	0.04365	0.00904	0.01073	0.01472	0.01790	0.02438	0.27934	0.22415	0.04972	0.01707	0.00915	0.00278	0.00558	0.12784	0.00686	0.00725
79	0.01126	0.00812	0.01055	0.01170	0.01285	0.00808	0.00889	0.01444	0.05205	0.02120	0.07361	0.30364	0.04388	0.13248	0.01435	0.00384	0.00588	0.24982	0.00675	0.00661
80	0.01621	0.17695	0.56516	0.01992	0.03020	0.02006	0.02506	0.02376	0.01590	0.02280	0.01301	0.01526	0.00963	0.00707	0.00675	0.00225	0.01060	0.00530	0.00321	0.01092
81	0.01943	0.02026	0.02759	0.21158	0.03443	0.16491	0.19500	0.02345	0.01718	0.05803	0.01568	0.05813	0.01312	0.00900	0.01006	0.00253	0.09852	0.00782	0.00415	0.00912
82	0.02555	0.01807	0.01925	0.01513	0.02024	0.01984	0.01238	0.51696	0.03124	0.04344	0.01967	0.02046	0.01436	0.00905	0.00708	0.00216	0.00727	0.00688	0.17937	0.01160
83	0.01448	0.12364	0.09206	0.09765	0.06066	0.01628	0.07459	0.01816	0.01453	0.01973	0.02001	0.07472	0.04695	0.05001	0.18072	0.00503	0.06985	0.00841	0.00404	0.00845
84	0.01100	0.00749	0.00894	0.00894	0.00917	0.00772	0.00543	0.01146	0.01123	0.01520	0.02329	0.04626	0.02611	0.61814	0.15189	0.00818	0.00956	0.01054	0.00451	0.00497
85	0.28023	0.01090	0.01045	0.00942	0.01266	0.01163	0.00745	0.05553	0.01724	0.06880	0.13108	0.02692	0.02402	0.00940	0.00597	0.00213	0.00477	0.00720	0.29607	0.00813
86	0.02028	0.73799	0.03975	0.01298	0.01947	0.03001	0.01298	0.02271	0.01541	0.01785	0.01055	0.01217	0.00973	0.00649	0.00487	0.00162	0.00811	0.00406	0.00324	0.00973
87	0.01318	0.00659	0.00988	0.00988	0.00988	0.00659	0.00659	0.00988	0.00988	0.01318	0.01318	0.02306	0.01318	0.02635	0.02964	0.77931	0.00659	0.00659	0.00329	0.00329
88	0.01790	0.02046	0.04476	0.03197	0.03964	0.01918	0.65857	0.02430	0.01790	0.02430	0.01535	0.02046	0.01151	0.00639	0.00895	0.00256	0.01279	0.00895	0.00384	0.01023
89	0.01877	0.01802	0.03079	0.04656	0.68612	0.01802	0.02328	0.02328	0.01727	0.02478	0.01427	0.01877	0.01201	0.00676	0.00751	0.00225	0.00901	0.00676	0.00375	0.01201
90	0.00931	0.00741	0.00835	0.00872	0.01061	0.00646	0.00631	0.01133	0.01722	0.02174	0.16146	0.23999	0.42473	0.01981	0.00915	0.00267	0.00395	0.01709	0.00725	0.00646
91	0.01432	0.01348	0.02275	0.71520	0.05224	0.01685	0.02107	0.01938	0.01517	0.01938	0.01348	0.02022	0.01011	0.00758	0.00758	0.00253	0.01011	0.00674	0.00337	0.00843
92	0.00909	0.00721	0.00817	0.00894	0.01058	0.00630	0.00632	0.01074	0.01608	0.02000	0.06152	0.35958	0.40634	0.02120	0.00928	0.00279	0.00409	0.01844	0.00704	0.00630
93	0.01790	0.02046	0.04476	0.03197	0.03964	0.01918	0.65857	0.02430	0.01790	0.02430	0.01535	0.02046	0.01151	0.00639	0.00895	0.00256	0.01279	0.00895	0.00384	0.01023
94	0.01521	0.03923	0.69413	0.02162	0.03283	0.01762	0.02802	0.02402	0.01601	0.02402	0.01361	0.01601	0.00961	0.00721	0.00721	0.00240	0.01121	0.00560	0.00320	0.01121
95	0.01277	0.01097	0.01356	0.01194	0.01487	0.01086	0.00957	0.01537	0.01619	0.02254	0.11194	0.07682	0.20822	0.01443	0.01123	0.00242	0.13788	0.07846	0.00581	0.21413
96	0.03163	0.01537	0.01896	0.01468	0.02050	0.01498	0.01208	0.20435	0.06886	0.47491	0.02685	0.02394	0.01749	0.00937	0.00762	0.00234	0.00693	0.00748	0.00879	0.01285
97	0.10589	0.02227	0.03240	0.02465	0.03076	0.15256	0.36506	0.02760	0.11430	0.02536	0.01639	0.01938	0.01251	0.00732	0.00788	0.00242	0.01119	0.00756	0.00452	0.00999
98	0.01774	0.03578	0.58874	0.02066	0.03105	0.01759	0.02565	0.07578	0.01802	0.07709	0.01523	0.01694	0.01057	0.00753	0.00727	0.00239	0.01062	0.00586	0.00403	0.01147
99	0.02409	0.01603	0.01798	0.01463	0.01953	0.01677	0.01205	0.37108	0.02805	0.13977	0.03339	0.03710	0.14199	0.01235	0.00817	0.00248	0.00706	0.07875	0.00770	0.01103

[dist]
# distance from previous block
# <min> <max>
0	2

[block]
# block no. 6 follows, 26 sequences, length 45
# corresponding to MSA columns:
# 538-582
name=unknown_G
#
# <colnr> <probs for GDERKNQSTAVLIFYWHMCP>
#	G	D	E	R	K	N	Q	S	T	A	V	L	I	F	Y	W	H	M	C	P
0	0.08101	0.10733	0.10898	0.01473	0.02108	0.01799	0.01365	0.13881	0.04792	0.02855	0.01425	0.01614	0.01132	0.00751	0.00768	0.00190	0.06522	0.00534	0.00480	0.28576
1	0.02274	0.01578	0.01806	0.01410	0.01992	0.01532	0.01145	0.20071	0.12923	0.14346	0.02140	0.02288	0.01616	0.00856	0.00702	0.00197	0.00662	0.03104	0.00678	0.28678
2	0.49613	0.01652	0.01519	0.01253	0.01773	0.01851	0.01033	0.21691	0.02052	0.09164	0.01445	0.01520	0.01049	0.00786	0.00581	0.00233	0.00667	0.00522	0.00595	0.01002
3	0.03010	0.01819	0.02075	0.01602	0.02193	0.01912	0.01320	0.41994	0.06210	0.26420	0.02278	0.02127	0.01538	0.00926	0.00761	0.00231	0.00759	0.00718	0.00820	0.01286
4	0.01167	0.00842	0.01145	0.01249	0.01429	0.00820	0.01057	0.01511	0.01851	0.02463	0.21163	0.07731	0.08205	0.01943	0.01000	0.00315	0.00593	0.44078	0.00735	0.00700
5	0.01573	0.01348	0.01573	0.01123	0.01798	0.01011	0.00899	0.01910	0.01573	0.02472	0.01348	0.01573	0.01123	0.00562	0.00562	0.00112	0.00562	0.00449	0.00449	0.77980
6	0.01501	0.01306	0.02081	0.59363	0.04547	0.01596	0.01879	0.05029	0.01625	0.02186	0.01511	0.02112	0.01140	0.00781	0.00730	0.00242	0.00921	0.00679	0.09923	0.00848
7	0.02875	0.02379	0.02255	0.01781	0.02351	0.13940	0.01446	0.55329	0.03325	0.04282	0.01710	0.01744	0.01237	0.00889	0.00746	0.00222	0.00926	0.00650	0.00696	0.01220
8	0.01017	0.00792	0.00945	0.01031	0.01230	0.00720	0.00824	0.01257	0.01699	0.02113	0.05914	0.16327	0.37156	0.02043	0.00960	0.00296	0.00504	0.23812	0.00702	0.00658
9	0.02070	0.53892	0.13028	0.01514	0.02193	0.12379	0.01536	0.02397	0.01636	0.01883	0.01115	0.01293	0.00972	0.00678	0.00548	0.00178	0.00934	0.00439	0.00333	0.00981
10	0.01155	0.00798	0.01015	0.00948	0.01155	0.00724	0.00715	0.01489	0.02093	0.05893	0.57348	0.05741	0.14921	0.01572	0.00889	0.00241	0.00374	0.01374	0.00823	0.00732
11	0.00904	0.00769	0.00779	0.00776	0.01029	0.00643	0.00582	0.01103	0.01746	0.02090	0.10190	0.07232	0.65772	0.01906	0.00896	0.00255	0.00383	0.01591	0.00710	0.00643
12	0.01473	0.00816	0.01090	0.01134	0.01313	0.00744	0.00828	0.01660	0.01641	0.16226	0.04070	0.49743	0.07105	0.02028	0.00928	0.00294	0.00502	0.06883	0.00753	0.00767
13	0.01432	0.01348	0.02275	0.71520	0.05224	0.01685	0.02107	0.01938	0.01517	0.01938	0.01348	0.02022	0.01011	0.00758	0.00758	0.00253	0.01011	0.00674	0.00337	0.00843
14	0.16526	0.02381	0.02030	0.01791	0.02030	0.28534	0.01428	0.02367	0.01568	0.02133	0.01075	0.01467	0.00956	0.00999	0.01412	0.00261	0.31265	0.00549	0.00380	0.00847
15	0.01954	0.37082	0.06650	0.10421	0.10694	0.05434	0.01616	0.07396	0.01734	0.02176	0.01340	0.04303	0.01191	0.00797	0.00712	0.00206	0.04327	0.00587	0.00386	0.00994
16	0.01203	0.00888	0.01026	0.01054	0.01210	0.00884	0.00739	0.06586	0.06930	0.02259	0.04168	0.37499	0.14833	0.12079	0.01314	0.00343	0.00513	0.01623	0.04146	0.00704
17	0.01074	0.00775	0.01014	0.00954	0.01133	0.00716	0.00716	0.01431	0.02147	0.03042	0.68211	0.05666	0.07157	0.01551	0.00895	0.00239	0.00358	0.01372	0.00835	0.00716
18	0.02028	0.73799	0.03975	0.01298	0.01947	0.03001	0.01298	0.02271	0.01541	0.01785	0.01055	0.01217	0.00973	0.00649	0.00487	0.00162	0.00811	0.00406	0.00324	0.00973
19	0.02298	0.01818	0.02278	0.16499	0.12258	0.02029	0.01646	0.36050	0.07924	0.03654	0.01797	0.01995	0.01330	0.00854	0.00749	0.00233	0.00841	0.00695	0.03898	0.01153
20	0.01106	0.00738	0.00928	0.00929	0.01080	0.00693	0.00679	0.01416	0.01897	0.02770	0.42480	0.19230	0.05733	0.01599	0.00842	0.00242	0.00374	0.01412	0.15159	0.00693
21	0.01940	0.02115	0.02115	0.02273	0.14404	0.24544	0.01532	0.02196	0.01612	0.01941	0.01409	0.01952	0.01266	0.02176	0.19497	0.00501	0.16627	0.00647	0.00379	0.00876
22	0.03061	0.01302	0.01725	0.01307	0.01910	0.01095	0.01074	0.03362	0.02059	0.56666	0.02685	0.02393	0.01737	0.00868	0.00725	0.00212	0.00630	0.00704	0.00847	0.15637
23	0.78701	0.01467	0.01115	0.00997	0.01467	0.01702	0.00821	0.02230	0.01291	0.03403	0.01056	0.01232	0.00821	0.00704	0.00469	0.00235	0.00587	0.00411	0.00469	0.00821
24	0.02028	0.73799	0.03975	0.01298	0.01947	0.03001	0.01298	0.02271	0.01541	0.01785	0.01055	0.01217	0.00973	0.00649	0.00487	0.00162	0.00811	0.00406	0.00324	0.00973
25	0.01421	0.01282	0.02092	0.40359	0.16001	0.01451	0.01780	0.01877	0.01723	0.02331	0.19037	0.02958	0.02671	0.00952	0.00793	0.00244	0.00818	0.00859	0.00476	0.00876
26	0.01028	0.00774	0.00950	0.00906	0.01105	0.00696	0.00680	0.01343	0.02039	0.02784	0.52520	0.06089	0.23009	0.01647	0.00895	0.00243	0.00365	0.01431	0.00801	0.00696
27	0.01226	0.01129	0.04699	0.01255	0.01605	0.00937	0.08858	0.01618	0.04383	0.05331	0.18486	0.10978	0.33367	0.01586	0.00882	0.00255	0.00550	0.01394	0.00686	0.00776
28	0.01136	0.00784	0.00963	0.00931	0.01122	0.00708	0.00682	0.01397	0.01889	0.06002	0.37531	0.13627	0.21646	0.06842	0.01109	0.00286	0.00416	0.01469	0.00766	0.00697
29	0.02446	0.01907	0.02030	0.01657	0.02186	0.02148	0.01336	0.38847	0.31514	0.04075	0.02377	0.02264	0.01740	0.00963	0.00764	0.00241	0.00732	0.00760	0.00764	0.01251
30	0.78701	0.01467	0.01115	0.00997	0.01467	0.01702	0.00821	0.02230	0.01291	0.03403	0.01056	0.01232	0.00821	0.00704	0.00469	0.00235	0.00587	0.00411	0.00469	0.00821
31	0.02473	0.01460	0.01790	0.01457	0.01934	0.01497	0.04040	0.19177	0.12202	0.23596	0.02626	0.02871	0.01950	0.01005	0.00750	0.00236	0.00670	0.05253	0.13892	0.01123
32	0.00923	0.00665	0.00875	0.01042	0.01096	0.00617	0.00698	0.01058	0.01466	0.01942	0.04352	0.69642	0.08112	0.02354	0.00965	0.00306	0.00437	0.02129	0.00704	0.00617
33	0.00920	0.00769	0.00801	0.00793	0.01039	0.00650	0.00595	0.01133	0.01784	0.02179	0.15605	0.07086	0.60301	0.01873	0.00896	0.00254	0.00381	0.01571	0.00721	0.00650
34	0.01689	0.00912	0.01211	0.01059	0.01345	0.00821	0.00821	0.02030	0.02153	0.20513	0.50971	0.04851	0.05761	0.01389	0.00860	0.00238	0.00434	0.01211	0.00862	0.00868
35	0.01444	0.00821	0.01095	0.01073	0.01269	0.00747	0.00785	0.01691	0.01848	0.14923	0.28015	0.34462	0.05234	0.01797	0.00902	0.00268	0.00448	0.01601	0.00797	0.00780
36	0.01573	0.01348	0.01573	0.01123	0.01798	0.01011	0.00899	0.01910	0.01573	0.02472	0.01348	0.01573	0.01123	0.00562	0.00562	0.00112	0.00562	0.00449	0.00449	0.77980
