[name]
unknown

[dist]
# distance from previous block
# <min> <max>
0	995

[block]
# block no. 0 follows, 25 sequences, length 21
# corresponding to MSA columns:
# 1040-1060
name=unknown_A
#
# <colnr> <probs for GDERKNQSTAVLIFYWHMCP>
#	G	D	E	R	K	N	Q	S	T	A	V	L	I	F	Y	W	H	M	C	P
0	0.02068	0.04046	0.02494	0.08000	0.23547	0.01642	0.07126	0.09174	0.04533	0.11941	0.02242	0.07392	0.01921	0.01020	0.00806	0.00250	0.00831	0.06114	0.03759	0.01094
1	0.01128	0.00752	0.00846	0.00846	0.00846	0.00752	0.00470	0.01128	0.01128	0.01503	0.02443	0.05074	0.02819	0.72751	0.03946	0.00752	0.00752	0.01128	0.00470	0.00470
2	0.00962	0.00784	0.00829	0.00820	0.01047	0.00675	0.00601	0.01168	0.01778	0.02200	0.16563	0.07001	0.52805	0.07945	0.01175	0.00301	0.00419	0.01557	0.00719	0.00651
3	0.02073	0.73217	0.04063	0.01327	0.01990	0.03068	0.01327	0.02322	0.01575	0.01824	0.01078	0.01244	0.00995	0.00663	0.00498	0.00166	0.00829	0.00415	0.00332	0.00995
4	0.00916	0.00785	0.00785	0.00785	0.01047	0.00655	0.00589	0.01113	0.01767	0.02095	0.07855	0.07462	0.67599	0.01964	0.00916	0.00262	0.00393	0.01636	0.00720	0.00655
5	0.72459	0.01486	0.01191	0.01047	0.01537	0.01693	0.00863	0.02395	0.01389	0.08493	0.01232	0.01366	0.00923	0.00738	0.00503	0.00240	0.00604	0.00448	0.00517	0.00877
6	0.02877	0.01404	0.01749	0.01379	0.01883	0.01347	0.01111	0.17323	0.02448	0.40559	0.10253	0.03039	0.02490	0.07208	0.01067	0.00283	0.00678	0.00864	0.00863	0.01178
7	0.02896	0.03695	0.02197	0.01998	0.02397	0.69638	0.01498	0.03096	0.02197	0.01898	0.01199	0.01398	0.00999	0.00799	0.00699	0.00200	0.01398	0.00499	0.00400	0.00899
8	0.00942	0.00684	0.00890	0.01054	0.01118	0.00632	0.00708	0.01082	0.01509	0.01989	0.04582	0.66666	0.10508	0.02389	0.00983	0.00310	0.00445	0.02155	0.00720	0.00632
9	0.01900	0.01582	0.01823	0.01592	0.02028	0.01772	0.04415	0.03744	0.53860	0.05851	0.09821	0.03146	0.02807	0.01084	0.00808	0.00260	0.00625	0.00930	0.00783	0.01170
10	0.02073	0.73217	0.04063	0.01327	0.01990	0.03068	0.01327	0.02322	0.01575	0.01824	0.01078	0.01244	0.00995	0.00663	0.00498	0.00166	0.00829	0.00415	0.00332	0.00995
11	0.01733	0.13113	0.07384	0.12718	0.16773	0.01761	0.01653	0.08641	0.01820	0.02467	0.01974	0.15730	0.01919	0.01062	0.00750	0.00232	0.00808	0.00917	0.00480	0.08064
12	0.01338	0.01059	0.01622	0.06401	0.02074	0.01081	0.06737	0.01813	0.04675	0.02385	0.06295	0.07330	0.03969	0.01848	0.01018	0.00333	0.00768	0.47809	0.00670	0.00776
13	0.01119	0.00787	0.01026	0.01026	0.01088	0.00849	0.00694	0.01243	0.01181	0.01637	0.02279	0.04163	0.02423	0.42687	0.33470	0.00974	0.01347	0.00994	0.00445	0.00570
14	0.02054	0.14309	0.03504	0.14654	0.10296	0.04467	0.25385	0.05681	0.01869	0.08068	0.01568	0.01932	0.01190	0.00726	0.00776	0.00235	0.01060	0.00727	0.00441	0.01056
15	0.78228	0.01499	0.01140	0.01020	0.01499	0.01739	0.00840	0.02279	0.01320	0.03479	0.01080	0.01260	0.00840	0.00720	0.00480	0.00240	0.00600	0.00420	0.00480	0.00840
16	0.01097	0.01104	0.06844	0.07079	0.01678	0.00901	0.01005	0.01414	0.01715	0.02282	0.19712	0.13019	0.23659	0.05753	0.08895	0.00399	0.00723	0.01356	0.00639	0.00725
17	0.01108	0.00831	0.01246	0.01246	0.01385	0.00969	0.00969	0.01385	0.01246	0.01800	0.02077	0.03046	0.01938	0.05815	0.69678	0.01246	0.02077	0.00831	0.00415	0.00692
18	0.02215	0.02468	0.02083	0.07779	0.02368	0.32580	0.01482	0.06595	0.01841	0.02060	0.01378	0.01963	0.01238	0.06717	0.06841	0.00364	0.18105	0.00645	0.00412	0.00863
19	0.54461	0.06014	0.01709	0.01632	0.10739	0.01893	0.01144	0.07229	0.03964	0.03347	0.01268	0.01455	0.00996	0.00741	0.00555	0.00234	0.00678	0.00495	0.00492	0.00954
20	0.02111	0.01869	0.02863	0.11377	0.45535	0.01962	0.02141	0.17185	0.02185	0.03027	0.01545	0.01922	0.01228	0.00757	0.00770	0.00234	0.00918	0.00692	0.00472	0.01209

[dist]
# distance from previous block
# <min> <max>
0	1

[block]
# block no. 1 follows, 25 sequences, length 41
# corresponding to MSA columns:
# 1062-1102
name=unknown_B
#
# <colnr> <probs for GDERKNQSTAVLIFYWHMCP>
#	G	D	E	R	K	N	Q	S	T	A	V	L	I	F	Y	W	H	M	C	P
0	0.01711	0.01651	0.02839	0.24227	0.35597	0.01802	0.06876	0.02172	0.01633	0.02272	0.01447	0.02027	0.01192	0.01062	0.04955	0.00309	0.06096	0.00714	0.00371	0.01045
1	0.01696	0.01696	0.02375	0.02036	0.02036	0.02375	0.01696	0.01866	0.01187	0.01866	0.01018	0.01696	0.01018	0.01357	0.02545	0.00339	0.71332	0.00679	0.00339	0.00848
2	0.01924	0.14511	0.18195	0.01655	0.04750	0.06343	0.01560	0.05807	0.01858	0.09524	0.04688	0.08429	0.06746	0.01014	0.00724	0.00219	0.00819	0.00814	0.00527	0.09894
3	0.02164	0.01855	0.04127	0.01399	0.01981	0.11631	0.01146	0.11117	0.02048	0.10322	0.01806	0.04727	0.01451	0.00806	0.00666	0.00176	0.00749	0.00629	0.05595	0.35606
4	0.02073	0.73217	0.04063	0.01327	0.01990	0.03068	0.01327	0.02322	0.01575	0.01824	0.01078	0.01244	0.00995	0.00663	0.00498	0.00166	0.00829	0.00415	0.00332	0.00995
5	0.00940	0.00693	0.00881	0.01031	0.01112	0.00634	0.00698	0.01085	0.01531	0.01998	0.04867	0.61509	0.15481	0.02352	0.00978	0.00306	0.00440	0.02110	0.00720	0.00634
6	0.04180	0.13308	0.23906	0.04328	0.06982	0.09144	0.05322	0.08295	0.01887	0.04930	0.01630	0.01849	0.03270	0.00811	0.00782	0.00227	0.03900	0.00621	0.00431	0.04197
7	0.11928	0.05602	0.02120	0.21670	0.08098	0.01660	0.04925	0.06132	0.01694	0.02500	0.06538	0.06353	0.04425	0.01480	0.07602	0.00350	0.04725	0.00835	0.00475	0.00888
8	0.01087	0.00792	0.01022	0.00964	0.01152	0.00727	0.00723	0.01443	0.02170	0.03050	0.64002	0.05890	0.10856	0.01607	0.00915	0.00245	0.00367	0.01416	0.00846	0.00727
9	0.00938	0.00733	0.00841	0.00924	0.01075	0.00647	0.00645	0.01098	0.01611	0.02018	0.05983	0.37404	0.36105	0.04945	0.01069	0.00306	0.00433	0.01880	0.00710	0.00636
10	0.02073	0.05525	0.29917	0.02222	0.05461	0.16859	0.11259	0.02658	0.01839	0.07646	0.01575	0.01810	0.01166	0.00763	0.00738	0.00230	0.01115	0.00632	0.05452	0.01060
11	0.01464	0.01378	0.02326	0.70887	0.05340	0.01723	0.02153	0.01981	0.01550	0.01981	0.01378	0.02067	0.01034	0.00775	0.00775	0.00258	0.01034	0.00689	0.00345	0.00861
12	0.03443	0.01376	0.01834	0.01406	0.02008	0.01224	0.01162	0.07877	0.02314	0.64219	0.02979	0.02587	0.01879	0.00958	0.00779	0.00239	0.00673	0.00774	0.00947	0.01319
13	0.01667	0.06273	0.02736	0.26427	0.32402	0.01759	0.04607	0.02118	0.01698	0.02285	0.04237	0.02485	0.06331	0.00843	0.00775	0.00240	0.00910	0.00777	0.00409	0.01021
14	0.07435	0.01966	0.06781	0.02919	0.27509	0.06921	0.06868	0.08742	0.01949	0.09384	0.01825	0.06099	0.01518	0.01185	0.05214	0.00304	0.00994	0.00775	0.00508	0.01104
15	0.13470	0.01792	0.01646	0.01421	0.01797	0.16195	0.01123	0.04840	0.01998	0.18294	0.14969	0.02993	0.07057	0.01119	0.00927	0.00243	0.07670	0.00833	0.00663	0.00951
16	0.66803	0.01833	0.01300	0.01168	0.01636	0.12037	0.00940	0.02403	0.01453	0.03239	0.01098	0.01281	0.00864	0.00732	0.00513	0.00234	0.00721	0.00432	0.00468	0.00849
17	0.01127	0.00774	0.01001	0.01028	0.01182	0.00731	0.00777	0.01444	0.01928	0.02746	0.38485	0.19492	0.05866	0.01754	0.00908	0.00266	0.00429	0.09709	0.09647	0.00707
18	0.01851	0.10454	0.26693	0.07987	0.16030	0.01983	0.02148	0.09426	0.08283	0.02732	0.04014	0.01985	0.01442	0.00806	0.00736	0.00235	0.00944	0.00663	0.00455	0.01135
19	0.01857	0.01805	0.03182	0.04370	0.56628	0.01799	0.09183	0.02327	0.01739	0.02481	0.01510	0.02010	0.01268	0.01015	0.05202	0.00299	0.01038	0.00724	0.00387	0.01174
20	0.00970	0.00782	0.00855	0.00895	0.01106	0.00685	0.00671	0.01165	0.01695	0.02069	0.06673	0.14968	0.49133	0.06576	0.01136	0.00310	0.00458	0.08503	0.00703	0.00646
21	0.00980	0.00758	0.00901	0.00976	0.01143	0.00678	0.00718	0.01190	0.01717	0.02191	0.12974	0.30371	0.32278	0.02104	0.00958	0.00288	0.00442	0.07936	0.00734	0.00660
22	0.00989	0.00758	0.00852	0.00881	0.01075	0.00667	0.00641	0.01214	0.01773	0.02304	0.17561	0.21237	0.38576	0.01930	0.00908	0.00265	0.00398	0.01661	0.05639	0.00667
23	0.01862	0.01608	0.01690	0.01526	0.01952	0.01845	0.01185	0.03922	0.62255	0.03168	0.03465	0.03193	0.06657	0.01112	0.00797	0.00263	0.00599	0.00927	0.00784	0.01190
24	0.21084	0.01300	0.01387	0.01155	0.01599	0.01329	0.00935	0.11425	0.02048	0.22454	0.06049	0.02683	0.05539	0.00975	0.00670	0.00228	0.00579	0.00749	0.16806	0.01007
25	0.56814	0.01580	0.01350	0.01190	0.01670	0.01824	0.00965	0.06823	0.15540	0.03521	0.01579	0.01652	0.01201	0.00805	0.00566	0.00244	0.00619	0.00537	0.00566	0.00955
26	0.02146	0.06283	0.01689	0.01321	0.01710	0.11171	0.01053	0.19282	0.09506	0.03256	0.02140	0.02300	0.01648	0.00897	0.00651	0.00206	0.00697	0.00682	0.32380	0.00981
27	0.00999	0.00708	0.00932	0.01062	0.01144	0.00687	0.00736	0.01173	0.01477	0.02019	0.04071	0.53478	0.08490	0.02797	0.11021	0.00439	0.00679	0.01871	0.05570	0.00646
28	0.10452	0.05560	0.29070	0.02584	0.13978	0.04669	0.12397	0.04939	0.01777	0.05378	0.01464	0.01741	0.01092	0.00730	0.00734	0.00239	0.01039	0.00635	0.00411	0.01107
29	0.01854	0.43945	0.31417	0.01700	0.02568	0.02532	0.01977	0.02378	0.01601	0.02091	0.01211	0.01410	0.00990	0.00694	0.00599	0.00200	0.00963	0.00482	0.00330	0.01059
30	0.01692	0.01203	0.01352	0.01179	0.01512	0.01228	0.00921	0.17399	0.07201	0.05627	0.24387	0.07271	0.15901	0.01403	0.00834	0.00243	0.00523	0.01180	0.08030	0.00915
31	0.05110	0.12188	0.01988	0.08769	0.02076	0.04203	0.01212	0.02232	0.01745	0.16098	0.11844	0.05677	0.06280	0.01612	0.07801	0.00345	0.08423	0.00880	0.00597	0.00920
32	0.01939	0.11956	0.31115	0.07980	0.13000	0.04704	0.06653	0.02551	0.01737	0.09022	0.01534	0.01787	0.01135	0.00743	0.00729	0.00233	0.01034	0.00622	0.00410	0.01117
33	0.03344	0.01535	0.01933	0.01482	0.02087	0.01459	0.01224	0.19340	0.02580	0.52380	0.02756	0.02442	0.01767	0.00952	0.00779	0.00238	0.00709	0.00759	0.00913	0.01319
34	0.00964	0.00716	0.00902	0.01031	0.01136	0.00655	0.00722	0.01137	0.01600	0.02085	0.08544	0.51483	0.18345	0.02269	0.00974	0.00302	0.00447	0.05316	0.00727	0.00645
35	0.02038	0.15857	0.28381	0.02558	0.18206	0.06417	0.02178	0.06674	0.01862	0.06714	0.01475	0.01695	0.01126	0.00743	0.00703	0.00223	0.01000	0.00589	0.00416	0.01144
36	0.00947	0.00745	0.00855	0.00916	0.01088	0.00654	0.00653	0.01139	0.01709	0.02163	0.13082	0.31325	0.37784	0.02095	0.00943	0.00280	0.00411	0.01821	0.00735	0.00654
37	0.01669	0.00788	0.00841	0.00795	0.01022	0.00769	0.00608	0.02023	0.01691	0.10097	0.02588	0.02863	0.01980	0.00910	0.00568	0.00187	0.00394	0.00729	0.68690	0.00788
38	0.01803	0.10516	0.24193	0.25657	0.06409	0.11884	0.04479	0.02371	0.01695	0.02146	0.01333	0.01733	0.01021	0.00746	0.00726	0.00234	0.01106	0.00602	0.00349	0.00996
39	0.01724	0.02362	0.22424	0.06091	0.13454	0.01791	0.05488	0.02946	0.25306	0.02710	0.02434	0.02531	0.05453	0.00914	0.00783	0.00252	0.00874	0.00791	0.00532	0.01139
40	0.01117	0.00814	0.01101	0.01110	0.01183	0.00900	0.00786	0.01274	0.01228	0.01715	0.02416	0.11373	0.02577	0.29429	0.36142	0.00935	0.03739	0.01084	0.00466	0.00610

[dist]
# distance from previous block
# <min> <max>
0	2

[block]
# block no. 2 follows, 25 sequences, length 19
# corresponding to MSA columns:
# 1105-1123
name=unknown_C
#
# <colnr> <probs for GDERKNQSTAVLIFYWHMCP>
#	G	D	E	R	K	N	Q	S	T	A	V	L	I	F	Y	W	H	M	C	P
0	0.02108	0.61689	0.03855	0.01716	0.08693	0.07059	0.01444	0.02375	0.01633	0.01901	0.01124	0.01322	0.01019	0.00675	0.00537	0.00174	0.00874	0.00448	0.00341	0.01013
1	0.01900	0.01387	0.01943	0.02063	0.17605	0.01247	0.01299	0.02191	0.01692	0.12003	0.05711	0.02171	0.01675	0.00970	0.01007	0.08011	0.03762	0.00651	0.00521	0.32191
2	0.01850	0.10372	0.38285	0.02267	0.10265	0.08280	0.02258	0.02559	0.04537	0.05255	0.01542	0.01793	0.01174	0.01067	0.04979	0.00294	0.01125	0.00602	0.00395	0.01100
3	0.45848	0.01343	0.01324	0.03665	0.08225	0.01519	0.00997	0.02146	0.01444	0.03125	0.01488	0.01778	0.01179	0.00789	0.00612	0.00228	0.03266	0.00542	0.19630	0.00851
4	0.06796	0.01935	0.07938	0.07164	0.19644	0.08412	0.03758	0.04038	0.01805	0.05383	0.02125	0.02711	0.06126	0.00913	0.00748	0.00226	0.00866	0.05432	0.00482	0.13498
5	0.01534	0.01004	0.01201	0.06378	0.01510	0.01056	0.00822	0.09936	0.01666	0.05241	0.02483	0.10258	0.02479	0.32278	0.05556	0.00508	0.00753	0.01041	0.13575	0.00719
6	0.01005	0.00696	0.00884	0.01015	0.01099	0.00649	0.00694	0.01185	0.01573	0.02166	0.09185	0.55670	0.09279	0.02178	0.00934	0.00292	0.00431	0.01954	0.08462	0.00649
7	0.01124	0.00767	0.00922	0.00922	0.00949	0.00793	0.00566	0.01177	0.01150	0.01560	0.02373	0.04685	0.02650	0.59908	0.16558	0.00847	0.01006	0.01071	0.00459	0.00512
8	0.01987	0.01255	0.01475	0.01348	0.01706	0.01300	0.01030	0.03024	0.28816	0.19124	0.03683	0.22661	0.06310	0.01464	0.00850	0.00272	0.00568	0.01266	0.00809	0.01053
9	0.01929	0.01666	0.01753	0.01578	0.02016	0.01929	0.01227	0.04120	0.66513	0.03243	0.03156	0.02893	0.02367	0.01052	0.00789	0.00263	0.00614	0.00877	0.00789	0.01227
10	0.01668	0.00908	0.01199	0.01085	0.01356	0.00817	0.00827	0.01978	0.02081	0.19371	0.39794	0.14725	0.07938	0.01565	0.00892	0.00254	0.00453	0.01371	0.00856	0.00862
11	0.78228	0.01499	0.01140	0.01020	0.01499	0.01739	0.00840	0.02279	0.01320	0.03479	0.01080	0.01260	0.00840	0.00720	0.00480	0.00240	0.00600	0.00420	0.00480	0.00840
12	0.01130	0.00782	0.00965	0.00919	0.01110	0.00722	0.00690	0.01478	0.02069	0.02975	0.52013	0.05539	0.12647	0.01524	0.00861	0.00236	0.00368	0.01327	0.11922	0.00722
13	0.01696	0.01696	0.02375	0.02036	0.02036	0.02375	0.01696	0.01866	0.01187	0.01866	0.01018	0.01696	0.01018	0.01357	0.02545	0.00339	0.71332	0.00679	0.00339	0.00848
14	0.01608	0.01378	0.01608	0.01148	0.01837	0.01034	0.00919	0.01952	0.01608	0.02527	0.01378	0.01608	0.01148	0.00574	0.00574	0.00115	0.00574	0.00459	0.00459	0.77491
15	0.01897	0.01605	0.01687	0.01523	0.01944	0.01851	0.01183	0.03971	0.62330	0.03221	0.03115	0.02893	0.02342	0.01042	0.00773	0.00258	0.00597	0.00867	0.05706	0.01195
16	0.01801	0.01673	0.02091	0.29670	0.03366	0.08959	0.01735	0.10370	0.01893	0.02411	0.01949	0.03333	0.01793	0.01173	0.01087	0.00281	0.11204	0.13831	0.00485	0.00893
17	0.02154	0.01297	0.01409	0.01193	0.01574	0.01369	0.00949	0.18706	0.10879	0.11762	0.02508	0.02594	0.01857	0.00937	0.00665	0.00213	0.00559	0.00744	0.37609	0.01019
18	0.07941	0.02115	0.06219	0.04727	0.10752	0.16508	0.04721	0.05999	0.08434	0.07062	0.01930	0.02491	0.01597	0.01586	0.10215	0.00380	0.01131	0.04674	0.00517	0.01002

[dist]
# distance from previous block
# <min> <max>
4	90

[block]
# block no. 3 follows, 25 sequences, length 63
# corresponding to MSA columns:
# 1231-1237,1253-1308
name=unknown_D
#
# <colnr> <probs for GDERKNQSTAVLIFYWHMCP>
#	G	D	E	R	K	N	Q	S	T	A	V	L	I	F	Y	W	H	M	C	P
0	0.01943	0.07897	0.16619	0.04388	0.12940	0.04656	0.09823	0.04317	0.06195	0.09103	0.04169	0.07705	0.01797	0.00958	0.00858	0.00247	0.03974	0.00831	0.00506	0.01075
1	0.02076	0.09821	0.26132	0.02270	0.09006	0.12112	0.06170	0.09296	0.01946	0.05383	0.01492	0.01758	0.01147	0.01031	0.04168	0.00281	0.03774	0.00619	0.00429	0.01088
2	0.01303	0.01023	0.01450	0.01374	0.01530	0.01230	0.01087	0.05886	0.01406	0.02022	0.01941	0.02809	0.01790	0.04966	0.57209	0.01072	0.09912	0.00804	0.00432	0.00754
3	0.00966	0.00706	0.00915	0.01073	0.01155	0.00654	0.00748	0.01127	0.01543	0.02021	0.04693	0.59185	0.12631	0.02349	0.00987	0.00312	0.00465	0.07112	0.00719	0.00640
4	0.06116	0.19806	0.19202	0.02132	0.07830	0.09697	0.07007	0.11341	0.01955	0.02619	0.01346	0.01590	0.01064	0.00772	0.00772	0.00224	0.04455	0.00579	0.00418	0.01075
5	0.02160	0.09710	0.10811	0.09157	0.26452	0.05045	0.01942	0.02677	0.04299	0.14689	0.01859	0.02246	0.01446	0.00829	0.00747	0.00234	0.00903	0.03148	0.00505	0.01140
6	0.00985	0.00704	0.00946	0.01126	0.01188	0.00665	0.00790	0.01149	0.01524	0.02024	0.04251	0.63840	0.05040	0.02391	0.01000	0.00320	0.00485	0.10211	0.00719	0.00641
7	0.02022	0.17730	0.02972	0.11533	0.34257	0.01959	0.01877	0.02410	0.01748	0.09820	0.01888	0.02164	0.04780	0.00794	0.00717	0.00222	0.00856	0.00689	0.00451	0.01110
8	0.02014	0.14870	0.24644	0.05492	0.16356	0.11585	0.04822	0.07005	0.01880	0.02442	0.01366	0.01649	0.01072	0.00736	0.00709	0.00223	0.01063	0.00589	0.00386	0.01099
9	0.01162	0.00882	0.01237	0.01593	0.11658	0.00841	0.00954	0.01394	0.01618	0.02257	0.08588	0.43823	0.09067	0.01892	0.00895	0.00278	0.00504	0.01703	0.08909	0.00744
10	0.01006	0.00828	0.00889	0.00885	0.01118	0.00749	0.00654	0.01312	0.05182	0.02173	0.10960	0.10142	0.49599	0.05918	0.04804	0.00343	0.00516	0.01538	0.00703	0.00681
11	0.05101	0.02460	0.27552	0.11240	0.09648	0.01692	0.02041	0.02777	0.13639	0.10060	0.02171	0.02299	0.04194	0.00872	0.00756	0.00249	0.00900	0.00718	0.00515	0.01117
12	0.02059	0.07886	0.07279	0.06856	0.14020	0.06754	0.10094	0.11558	0.06888	0.06200	0.02240	0.02786	0.05146	0.00960	0.00794	0.00245	0.00930	0.05691	0.00537	0.01077
13	0.02413	0.02912	0.02090	0.01879	0.02156	0.46464	0.01440	0.02595	0.01880	0.01880	0.01584	0.01994	0.04711	0.04851	0.01317	0.00265	0.17674	0.00637	0.00407	0.00851
14	0.10189	0.01574	0.02118	0.34723	0.05696	0.01833	0.01705	0.17131	0.02060	0.06103	0.01877	0.02227	0.04689	0.00901	0.00826	0.00252	0.03877	0.00717	0.00513	0.00990
15	0.02241	0.28846	0.03004	0.05605	0.05575	0.20884	0.03934	0.06660	0.01862	0.02164	0.01269	0.01552	0.01080	0.00809	0.00835	0.00210	0.08492	0.00545	0.03464	0.00970
16	0.01428	0.01329	0.02192	0.59797	0.07548	0.01606	0.01986	0.01913	0.01606	0.02067	0.05005	0.02615	0.05972	0.00893	0.00791	0.00257	0.00952	0.00789	0.00397	0.00857
17	0.01013	0.00789	0.00919	0.00887	0.01106	0.00696	0.00665	0.01299	0.01995	0.02634	0.39577	0.06574	0.35541	0.01762	0.00915	0.00252	0.00378	0.01512	0.00791	0.00696
18	0.01504	0.01115	0.01651	0.09300	0.15153	0.01094	0.01243	0.01886	0.02007	0.08704	0.36456	0.04456	0.09721	0.01291	0.00858	0.00244	0.00579	0.01144	0.00703	0.00893
19	0.03235	0.01350	0.01752	0.01359	0.01922	0.01229	0.01118	0.09820	0.02308	0.55903	0.02888	0.02584	0.01865	0.00951	0.00757	0.00234	0.00651	0.00766	0.08044	0.01264
20	0.00977	0.00776	0.00860	0.00859	0.01067	0.00678	0.00626	0.01196	0.01804	0.02291	0.21718	0.12072	0.43416	0.06831	0.01132	0.00296	0.00416	0.01589	0.00735	0.00658
21	0.78228	0.01499	0.01140	0.01020	0.01499	0.01739	0.00840	0.02279	0.01320	0.03479	0.01080	0.01260	0.00840	0.00720	0.00480	0.00240	0.00600	0.00420	0.00480	0.00840
22	0.01555	0.04011	0.68733	0.02210	0.03356	0.01801	0.02865	0.02455	0.01637	0.02455	0.01391	0.01637	0.00982	0.00737	0.00737	0.00246	0.01146	0.00573	0.00327	0.01146
23	0.01033	0.00748	0.00925	0.01032	0.01126	0.00706	0.00726	0.01183	0.01500	0.01945	0.04440	0.34963	0.15288	0.18644	0.01678	0.00414	0.00554	0.11826	0.00661	0.00611
24	0.78228	0.01499	0.01140	0.01020	0.01499	0.01739	0.00840	0.02279	0.01320	0.03479	0.01080	0.01260	0.00840	0.00720	0.00480	0.00240	0.00600	0.00420	0.00480	0.00840
25	0.00945	0.00675	0.00900	0.01080	0.01125	0.00630	0.00720	0.01080	0.01484	0.01979	0.04274	0.72245	0.05128	0.02429	0.00990	0.00315	0.00450	0.02204	0.00720	0.00630
26	0.02073	0.73217	0.04063	0.01327	0.01990	0.03068	0.01327	0.02322	0.01575	0.01824	0.01078	0.01244	0.00995	0.00663	0.00498	0.00166	0.00829	0.00415	0.00332	0.00995
27	0.01960	0.01200	0.01486	0.01287	0.01582	0.01265	0.00984	0.16060	0.01931	0.14670	0.02304	0.03233	0.02025	0.21205	0.24535	0.00706	0.01199	0.00869	0.00610	0.00890
28	0.02163	0.57267	0.11479	0.01437	0.02151	0.02710	0.01489	0.02495	0.01652	0.09084	0.01329	0.01441	0.01093	0.00704	0.00556	0.00183	0.00848	0.00473	0.00399	0.01048
29	0.01464	0.01378	0.02326	0.70887	0.05340	0.01723	0.02153	0.01981	0.01550	0.01981	0.01378	0.02067	0.01034	0.00775	0.00775	0.00258	0.01034	0.00689	0.00345	0.00861
30	0.01263	0.00995	0.01176	0.01241	0.01413	0.01050	0.00884	0.02062	0.22501	0.02388	0.03912	0.49831	0.04236	0.01984	0.00925	0.00298	0.00503	0.01775	0.00742	0.00823
31	0.10027	0.02070	0.05782	0.02174	0.05007	0.10548	0.16277	0.06611	0.01707	0.02446	0.01409	0.01972	0.01209	0.05269	0.04356	0.00333	0.18294	0.00706	0.00420	0.03385
32	0.01164	0.00743	0.00895	0.00895	0.00903	0.00750	0.00531	0.01121	0.01114	0.01492	0.02236	0.04500	0.02520	0.57174	0.07304	0.13912	0.00809	0.01034	0.00444	0.00459
33	0.02106	0.01046	0.01177	0.01010	0.01344	0.01035	0.00799	0.10433	0.02022	0.18226	0.02565	0.02700	0.01886	0.00920	0.00627	0.00201	0.00493	0.00733	0.49740	0.00937
34	0.02206	0.36062	0.05410	0.01477	0.02127	0.09601	0.01346	0.13698	0.02024	0.02548	0.01304	0.01459	0.01084	0.00711	0.00593	0.00174	0.00855	0.00490	0.00444	0.16387
35	0.01576	0.01411	0.02290	0.03310	0.40777	0.01397	0.01794	0.01947	0.01717	0.02374	0.02727	0.16324	0.05346	0.01328	0.00870	0.00270	0.00775	0.12248	0.00520	0.01001
36	0.01698	0.12670	0.30327	0.02283	0.08065	0.01906	0.12102	0.05340	0.01706	0.02393	0.01512	0.01910	0.01202	0.01522	0.11637	0.00393	0.01242	0.00661	0.00379	0.01052
37	0.01501	0.01215	0.01325	0.01217	0.01548	0.01269	0.00946	0.09067	0.22515	0.02925	0.14784	0.08014	0.24578	0.01533	0.00871	0.00263	0.00526	0.04212	0.00769	0.00921
38	0.01830	0.02092	0.04575	0.03268	0.04052	0.01961	0.65098	0.02484	0.01830	0.02484	0.01569	0.02092	0.01176	0.00654	0.00915	0.00261	0.01307	0.00915	0.00392	0.01046
39	0.01581	0.02174	0.18901	0.02727	0.25033	0.05398	0.04590	0.02059	0.01733	0.02331	0.02999	0.10072	0.14855	0.01139	0.00815	0.00249	0.00868	0.01003	0.00472	0.01005
40	0.01885	0.01681	0.02826	0.15254	0.50463	0.01725	0.02187	0.02341	0.01778	0.06047	0.05074	0.02190	0.01560	0.00767	0.00777	0.00236	0.00896	0.00734	0.00434	0.01146
41	0.01560	0.00959	0.01382	0.01290	0.01495	0.01062	0.01011	0.01821	0.01409	0.13610	0.02215	0.03011	0.01934	0.08299	0.50410	0.00993	0.05398	0.00830	0.00511	0.00800
42	0.01128	0.00752	0.00846	0.00846	0.00846	0.00752	0.00470	0.01128	0.01128	0.01503	0.02443	0.05074	0.02819	0.72751	0.03946	0.00752	0.00752	0.01128	0.00470	0.00470
43	0.01497	0.06767	0.42809	0.09521	0.07621	0.01682	0.02312	0.02180	0.01654	0.02319	0.02400	0.02603	0.11539	0.00928	0.00759	0.00244	0.00982	0.00753	0.00395	0.01035
44	0.01275	0.01239	0.06314	0.01721	0.06995	0.01099	0.08024	0.01586	0.01469	0.02018	0.02718	0.12957	0.04809	0.16156	0.20021	0.00634	0.01154	0.08556	0.00500	0.00756
45	0.01830	0.02092	0.04575	0.03268	0.04052	0.01961	0.65098	0.02484	0.01830	0.02484	0.01569	0.02092	0.01176	0.00654	0.00915	0.00261	0.01307	0.00915	0.00392	0.01046
46	0.01027	0.00724	0.00946	0.01093	0.01152	0.00694	0.00760	0.01173	0.01468	0.01948	0.03915	0.49826	0.04602	0.15130	0.01539	0.00401	0.00547	0.11767	0.00674	0.00614
47	0.01752	0.06956	0.18583	0.02648	0.15723	0.04228	0.15183	0.04972	0.03585	0.02524	0.04689	0.07540	0.01934	0.00980	0.00815	0.00252	0.00984	0.05141	0.00464	0.01047
48	0.00945	0.00675	0.00900	0.01080	0.01125	0.00630	0.00720	0.01080	0.01484	0.01979	0.04274	0.72245	0.05128	0.02429	0.00990	0.00315	0.00450	0.02204	0.00720	0.00630
49	0.01846	0.01102	0.01372	0.01224	0.01526	0.01072	0.00937	0.12814	0.02253	0.16063	0.25894	0.22906	0.04606	0.01582	0.00885	0.00261	0.00531	0.01380	0.00824	0.00921
50	0.01882	0.06315	0.27778	0.14217	0.13400	0.05355	0.02185	0.02465	0.01708	0.09757	0.01610	0.01933	0.01204	0.01114	0.05533	0.00308	0.01098	0.00641	0.00421	0.01077
51	0.01577	0.02521	0.29227	0.06337	0.13633	0.04487	0.02130	0.02151	0.01680	0.02351	0.05457	0.03039	0.04678	0.01217	0.03303	0.00297	0.06645	0.07838	0.00434	0.01001
52	0.01293	0.01026	0.01387	0.01259	0.01316	0.01175	0.03949	0.01404	0.01232	0.01752	0.02196	0.08637	0.02412	0.41594	0.05942	0.00596	0.16677	0.01057	0.04481	0.00617
53	0.15547	0.01892	0.02527	0.10988	0.31860	0.08013	0.05211	0.07178	0.01843	0.02771	0.01437	0.01815	0.01150	0.00740	0.00711	0.00232	0.00914	0.00639	0.03468	0.01064
54	0.00944	0.00679	0.00895	0.01068	0.01122	0.00631	0.00715	0.01081	0.01495	0.01984	0.04411	0.69760	0.07524	0.02411	0.00987	0.00313	0.00448	0.02182	0.00720	0.00631
55	0.01608	0.01378	0.01608	0.01148	0.01837	0.01034	0.00919	0.01952	0.01608	0.02527	0.01378	0.01608	0.01148	0.00574	0.00574	0.00115	0.00574	0.00459	0.00459	0.77491
56	0.01055	0.00774	0.01013	0.01164	0.01293	0.00732	0.00898	0.01283	0.01642	0.02126	0.04777	0.38161	0.14756	0.02248	0.01009	0.00322	0.00540	0.24825	0.00718	0.00665
57	0.01119	0.00748	0.00848	0.00857	0.00859	0.00746	0.00482	0.01125	0.01145	0.01526	0.02531	0.08297	0.02930	0.69377	0.03805	0.00731	0.00737	0.01179	0.00482	0.00477
58	0.00945	0.00675	0.00900	0.01080	0.01125	0.00630	0.00720	0.01080	0.01484	0.01979	0.04274	0.72245	0.05128	0.02429	0.00990	0.00315	0.00450	0.02204	0.00720	0.00630
59	0.01696	0.01696	0.02375	0.02036	0.02036	0.02375	0.01696	0.01866	0.01187	0.01866	0.01018	0.01696	0.01018	0.01357	0.02545	0.00339	0.71332	0.00679	0.00339	0.00848
60	0.01261	0.01037	0.01183	0.01304	0.01493	0.05593	0.01074	0.01547	0.01767	0.02202	0.04583	0.17294	0.15353	0.02059	0.01006	0.00323	0.00667	0.38856	0.00694	0.00704
61	0.01464	0.01378	0.02326	0.70887	0.05340	0.01723	0.02153	0.01981	0.01550	0.01981	0.01378	0.02067	0.01034	0.00775	0.00775	0.00258	0.01034	0.00689	0.00345	0.00861
62	0.18830	0.07883	0.11265	0.01955	0.06871	0.27593	0.03432	0.02807	0.08076	0.02504	0.01409	0.01591	0.01115	0.00776	0.00662	0.00222	0.01038	0.00548	0.00439	0.00986

[dist]
# distance from previous block
# <min> <max>
6	24

[block]
# block no. 4 follows, 25 sequences, length 11
# corresponding to MSA columns:
# 1333-1343
name=unknown_E
#
# <colnr> <probs for GDERKNQSTAVLIFYWHMCP>
#	G	D	E	R	K	N	Q	S	T	A	V	L	I	F	Y	W	H	M	C	P
0	0.09125	0.15485	0.32723	0.05587	0.07403	0.01915	0.02062	0.02433	0.01627	0.08028	0.01493	0.01744	0.01129	0.01046	0.04829	0.00290	0.01029	0.00578	0.00407	0.01068
1	0.00916	0.00785	0.00785	0.00785	0.01047	0.00655	0.00589	0.01113	0.01767	0.02095	0.07855	0.07462	0.67599	0.01964	0.00916	0.00262	0.00393	0.01636	0.00720	0.00655
2	0.00957	0.00706	0.00900	0.01050	0.01139	0.00649	0.00728	0.01115	0.01549	0.02018	0.04869	0.57663	0.15646	0.02334	0.00982	0.00308	0.00455	0.05572	0.00719	0.00639
3	0.01903	0.09295	0.16536	0.16199	0.06411	0.10469	0.06867	0.02395	0.01776	0.07618	0.02002	0.02779	0.03633	0.00953	0.00779	0.00248	0.01013	0.07682	0.00457	0.00987
4	0.01585	0.02259	0.22324	0.29827	0.20920	0.01728	0.02353	0.02187	0.01643	0.02273	0.01701	0.02148	0.04132	0.00796	0.00768	0.00247	0.01008	0.00698	0.00367	0.01033
5	0.02026	0.02142	0.02071	0.04663	0.13255	0.22805	0.01508	0.02738	0.16115	0.02284	0.01860	0.02206	0.01543	0.01928	0.15464	0.00450	0.04780	0.00701	0.00482	0.00980
6	0.01724	0.01833	0.08305	0.18325	0.38418	0.01739	0.02157	0.02368	0.07500	0.02433	0.01778	0.06763	0.01531	0.00863	0.00784	0.00246	0.00905	0.00799	0.00430	0.01101
7	0.01838	0.11399	0.16284	0.01692	0.02249	0.06750	0.01628	0.08359	0.01760	0.02413	0.01757	0.02037	0.05583	0.01101	0.03236	0.00261	0.16439	0.00643	0.00432	0.14138
8	0.01302	0.01091	0.01603	0.05278	0.17946	0.01094	0.01270	0.01698	0.05995	0.02241	0.03607	0.36581	0.08180	0.01770	0.00913	0.00288	0.00624	0.07058	0.00623	0.00838
9	0.01261	0.00704	0.00998	0.00998	0.01049	0.00697	0.00687	0.01059	0.01144	0.01499	0.02381	0.03179	0.11262	0.02865	0.08697	0.59114	0.00758	0.00831	0.00401	0.00416
10	0.01556	0.02305	0.26206	0.08036	0.12906	0.01518	0.01927	0.07800	0.01911	0.02630	0.08589	0.03347	0.15858	0.01087	0.00802	0.00246	0.00845	0.00913	0.00509	0.01009

[dist]
# distance from previous block
# <min> <max>
0	37

[block]
# block no. 5 follows, 25 sequences, length 17
# corresponding to MSA columns:
# 1381-1397
name=unknown_F
#
# <colnr> <probs for GDERKNQSTAVLIFYWHMCP>
#	G	D	E	R	K	N	Q	S	T	A	V	L	I	F	Y	W	H	M	C	P
0	0.55854	0.01555	0.01470	0.07031	0.05152	0.01779	0.01095	0.09925	0.01652	0.03421	0.01348	0.04315	0.01107	0.00818	0.00575	0.00243	0.00676	0.00562	0.00510	0.00911
1	0.65655	0.01469	0.01251	0.01080	0.01580	0.01639	0.00890	0.02531	0.01471	0.14407	0.01413	0.01492	0.01021	0.00760	0.00530	0.00240	0.00610	0.00480	0.00561	0.00920
2	0.01097	0.00793	0.01036	0.00975	0.01158	0.00732	0.00732	0.01463	0.02195	0.03109	0.67505	0.05792	0.07316	0.01585	0.00914	0.00244	0.00366	0.01402	0.00854	0.00732
3	0.01490	0.00861	0.01059	0.00963	0.01223	0.00780	0.00738	0.01816	0.02031	0.12918	0.36703	0.05109	0.15825	0.01440	0.00832	0.00236	0.00415	0.01233	0.13521	0.00807
4	0.01696	0.01696	0.02375	0.02036	0.02036	0.02375	0.01696	0.01866	0.01187	0.01866	0.01018	0.01696	0.01018	0.01357	0.02545	0.00339	0.71332	0.00679	0.00339	0.00848
5	0.02947	0.02172	0.02327	0.01784	0.02404	0.02404	0.01474	0.65329	0.03646	0.04887	0.01862	0.01862	0.01319	0.00931	0.00776	0.00233	0.00853	0.00698	0.00776	0.01319
6	0.01126	0.00758	0.00876	0.00876	0.00886	0.00768	0.00507	0.01147	0.01136	0.01526	0.02416	0.04923	0.02753	0.67756	0.08851	0.00789	0.00851	0.01105	0.00466	0.00486
7	0.01941	0.07934	0.01956	0.01556	0.02014	0.02028	0.01236	0.03963	0.60825	0.03119	0.02974	0.02748	0.02247	0.01018	0.00763	0.00254	0.00633	0.00836	0.00749	0.01207
8	0.45061	0.20463	0.02115	0.01234	0.01787	0.02205	0.01078	0.13308	0.01793	0.03290	0.01216	0.01361	0.00964	0.00742	0.00536	0.00219	0.00704	0.00467	0.00493	0.00964
9	0.02418	0.24261	0.02844	0.06673	0.08988	0.06742	0.01515	0.19862	0.08221	0.08715	0.01723	0.01821	0.01317	0.00817	0.00684	0.00215	0.00862	0.00619	0.00561	0.01141
10	0.01691	0.01813	0.17387	0.10255	0.06125	0.01336	0.01618	0.04661	0.01734	0.11541	0.05608	0.18704	0.02545	0.04438	0.04399	0.00334	0.03210	0.01087	0.00567	0.00946
11	0.02142	0.16811	0.27831	0.02004	0.05203	0.12453	0.05514	0.02672	0.01800	0.10678	0.01525	0.01686	0.01135	0.00746	0.00693	0.00216	0.01033	0.00575	0.00432	0.04850
12	0.02071	0.15707	0.11171	0.01643	0.02261	0.01903	0.07581	0.15395	0.06992	0.09044	0.05384	0.02801	0.10053	0.00997	0.00747	0.00230	0.00798	0.00819	0.03332	0.01070
13	0.01569	0.00913	0.01157	0.01150	0.01382	0.00843	0.00858	0.04823	0.01808	0.15494	0.04506	0.39107	0.14841	0.01961	0.00931	0.00290	0.00522	0.06262	0.00770	0.00812
14	0.01871	0.06591	0.19616	0.10899	0.12405	0.09478	0.17434	0.02596	0.07073	0.02383	0.01548	0.01892	0.01186	0.00743	0.00775	0.00241	0.01107	0.00694	0.00399	0.01070
15	0.04244	0.01847	0.07525	0.13174	0.18626	0.01777	0.10149	0.11749	0.06901	0.02879	0.05113	0.02840	0.01872	0.00951	0.00816	0.00256	0.00915	0.06775	0.00522	0.01069
16	0.00988	0.00745	0.00892	0.00941	0.01084	0.00673	0.00659	0.01186	0.01713	0.02245	0.20420	0.29970	0.25162	0.08240	0.01208	0.00319	0.00438	0.01738	0.00730	0.00648

[dist]
# distance from previous block
# <min> <max>
2	4

[block]
# block no. 6 follows, 25 sequences, length 17
# corresponding to MSA columns:
# 1402-1418
name=unknown_G
#
# <colnr> <probs for GDERKNQSTAVLIFYWHMCP>
#	G	D	E	R	K	N	Q	S	T	A	V	L	I	F	Y	W	H	M	C	P
0	0.01481	0.04012	0.10773	0.01827	0.11337	0.01210	0.01376	0.01907	0.03851	0.04587	0.02835	0.24081	0.05285	0.01379	0.00812	0.00245	0.00680	0.05510	0.00563	0.16249
1	0.39332	0.09247	0.01848	0.01412	0.01897	0.23460	0.01139	0.04960	0.01766	0.06937	0.01270	0.01411	0.00991	0.00762	0.00581	0.00220	0.00889	0.00477	0.00481	0.00921
2	0.00970	0.00697	0.00906	0.01063	0.01123	0.00652	0.00719	0.01109	0.01489	0.01968	0.04335	0.60923	0.08407	0.07378	0.01199	0.00345	0.00480	0.04912	0.00702	0.00624
3	0.01529	0.14274	0.08861	0.01515	0.01823	0.01773	0.01357	0.04209	0.01412	0.01975	0.01622	0.02438	0.01532	0.09857	0.26241	0.00662	0.16975	0.00721	0.00394	0.00829
4	0.00934	0.00786	0.00810	0.00804	0.01058	0.00662	0.00603	0.01147	0.01809	0.02194	0.13711	0.07298	0.61680	0.01927	0.00916	0.00260	0.00390	0.01613	0.00733	0.00662
5	0.78228	0.01499	0.01140	0.01020	0.01499	0.01739	0.00840	0.02279	0.01320	0.03479	0.01080	0.01260	0.00840	0.00720	0.00480	0.00240	0.00600	0.00420	0.00480	0.00840
6	0.00991	0.00788	0.00889	0.00864	0.01093	0.00686	0.00648	0.01257	0.01943	0.02512	0.32409	0.06774	0.42784	0.01808	0.00916	0.00254	0.00382	0.01540	0.00775	0.00686
7	0.02896	0.03695	0.02197	0.01998	0.02397	0.69638	0.01498	0.03096	0.02197	0.01898	0.01199	0.01398	0.00999	0.00799	0.00699	0.00200	0.01398	0.00499	0.00400	0.00899
8	0.78228	0.01499	0.01140	0.01020	0.01499	0.01739	0.00840	0.02279	0.01320	0.03479	0.01080	0.01260	0.00840	0.00720	0.00480	0.00240	0.00600	0.00420	0.00480	0.00840
9	0.01445	0.00723	0.00723	0.00723	0.00903	0.00723	0.00542	0.01807	0.01626	0.02891	0.02529	0.02891	0.01987	0.00903	0.00542	0.00181	0.00361	0.00723	0.77055	0.00723
10	0.12191	0.02089	0.02181	0.01690	0.02293	0.02323	0.01396	0.57587	0.03360	0.04714	0.01766	0.01788	0.01260	0.00905	0.00739	0.00234	0.00822	0.00664	0.00739	0.01260
11	0.00945	0.00675	0.00900	0.01080	0.01125	0.00630	0.00720	0.01080	0.01484	0.01979	0.04274	0.72245	0.05128	0.02429	0.00990	0.00315	0.00450	0.02204	0.00720	0.00630
12	0.01863	0.01785	0.03046	0.12879	0.60231	0.01828	0.02352	0.02331	0.01739	0.02465	0.01449	0.01937	0.01204	0.00701	0.00769	0.00234	0.00935	0.00691	0.00379	0.01183
13	0.01930	0.02059	0.10190	0.05183	0.02479	0.04536	0.04787	0.05983	0.47169	0.03055	0.02646	0.02560	0.01978	0.00965	0.00784	0.00257	0.00775	0.00811	0.00674	0.01181
14	0.01909	0.11620	0.08786	0.05501	0.07881	0.01687	0.08280	0.04675	0.05389	0.11309	0.02416	0.11088	0.04483	0.01101	0.00851	0.00246	0.03533	0.03537	0.00555	0.05154
15	0.01893	0.12927	0.32081	0.01798	0.02592	0.01899	0.04440	0.08838	0.08404	0.05812	0.01795	0.01948	0.01332	0.00805	0.00697	0.00227	0.00905	0.00635	0.09872	0.01102
16	0.02574	0.10336	0.02226	0.01817	0.02200	0.54451	0.01385	0.02770	0.02047	0.01900	0.01564	0.10081	0.01505	0.00985	0.00714	0.00210	0.01224	0.00700	0.00432	0.00876

[dist]
# distance from previous block
# <min> <max>
3	7

[block]
# block no. 7 follows, 25 sequences, length 10
# corresponding to MSA columns:
# 1426-1435
name=unknown_H
#
# <colnr> <probs for GDERKNQSTAVLIFYWHMCP>
#	G	D	E	R	K	N	Q	S	T	A	V	L	I	F	Y	W	H	M	C	P
0	0.02040	0.01886	0.06056	0.12014	0.19449	0.08259	0.05630	0.04541	0.04369	0.10138	0.03871	0.02212	0.01543	0.01048	0.03440	0.00280	0.06319	0.00726	0.05130	0.01048
1	0.00946	0.00787	0.00827	0.00817	0.01065	0.00667	0.00612	0.01170	0.01837	0.02261	0.17630	0.07188	0.57720	0.01902	0.00916	0.00259	0.00388	0.01598	0.00742	0.00667
2	0.01608	0.01378	0.01608	0.01148	0.01837	0.01034	0.00919	0.01952	0.01608	0.02527	0.01378	0.01608	0.01148	0.00574	0.00574	0.00115	0.00574	0.00459	0.00459	0.77491
3	0.00988	0.00714	0.00939	0.01076	0.01163	0.00666	0.00756	0.01174	0.01619	0.02163	0.12816	0.54469	0.09148	0.02267	0.00982	0.00306	0.00456	0.06911	0.00737	0.00651
4	0.05984	0.46938	0.11399	0.01557	0.02215	0.16521	0.01525	0.02495	0.01698	0.01999	0.01141	0.01324	0.00986	0.00703	0.00567	0.00186	0.00973	0.00452	0.00352	0.00986
5	0.01561	0.01446	0.02415	0.31294	0.30463	0.01580	0.01995	0.01987	0.01628	0.02209	0.01920	0.14332	0.01833	0.01031	0.00810	0.00257	0.00885	0.00956	0.00427	0.00972
6	0.00940	0.00695	0.00879	0.01027	0.01111	0.00634	0.00696	0.01086	0.01535	0.02000	0.04917	0.60603	0.16354	0.02346	0.00976	0.00305	0.00440	0.02102	0.00720	0.00634
7	0.01342	0.01174	0.01628	0.01577	0.01630	0.01459	0.01265	0.01540	0.01416	0.02001	0.02795	0.27535	0.03165	0.01893	0.01696	0.00335	0.31925	0.14330	0.00550	0.00744
8	0.00967	0.00709	0.00869	0.00985	0.01067	0.00653	0.00656	0.01094	0.01487	0.01930	0.04714	0.49096	0.17291	0.12986	0.01423	0.00370	0.00484	0.01927	0.00682	0.00611
9	0.01555	0.04011	0.68733	0.02210	0.03356	0.01801	0.02865	0.02455	0.01637	0.02455	0.01391	0.01637	0.00982	0.00737	0.00737	0.00246	0.01146	0.00573	0.00327	0.01146

[dist]
# distance from previous block
# <min> <max>
0	10

[block]
# block no. 8 follows, 25 sequences, length 30
# corresponding to MSA columns:
# 1446-1469,1473-1478
name=unknown_I
#
# <colnr> <probs for GDERKNQSTAVLIFYWHMCP>
#	G	D	E	R	K	N	Q	S	T	A	V	L	I	F	Y	W	H	M	C	P
0	0.01874	0.01619	0.01702	0.01536	0.01964	0.01860	0.01193	0.03959	0.63053	0.03182	0.03407	0.03137	0.05853	0.01101	0.00796	0.00263	0.00602	0.00917	0.00785	0.01197
1	0.02073	0.73217	0.04063	0.01327	0.01990	0.03068	0.01327	0.02322	0.01575	0.01824	0.01078	0.01244	0.00995	0.00663	0.00498	0.00166	0.00829	0.00415	0.00332	0.00995
2	0.02766	0.01503	0.01737	0.01374	0.01877	0.01528	0.01121	0.27249	0.02627	0.27398	0.02461	0.02399	0.01702	0.00934	0.00719	0.00222	0.00661	0.00734	0.19816	0.01171
3	0.01608	0.01378	0.01608	0.01148	0.01837	0.01034	0.00919	0.01952	0.01608	0.02527	0.01378	0.01608	0.01148	0.00574	0.00574	0.00115	0.00574	0.00459	0.00459	0.77491
4	0.01347	0.00673	0.01010	0.01010	0.01010	0.00673	0.00673	0.01010	0.01010	0.01347	0.01347	0.02357	0.01347	0.02694	0.03030	0.77441	0.00673	0.00673	0.00337	0.00337
5	0.01445	0.00723	0.00723	0.00723	0.00903	0.00723	0.00542	0.01807	0.01626	0.02891	0.02529	0.02891	0.01987	0.00903	0.00542	0.00181	0.00361	0.00723	0.77055	0.00723
6	0.23147	0.23167	0.09437	0.01484	0.02134	0.02356	0.01402	0.22907	0.02188	0.03343	0.01367	0.01491	0.01057	0.00774	0.00608	0.00216	0.00807	0.00525	0.00517	0.01074
7	0.00916	0.00785	0.00785	0.00785	0.01047	0.00655	0.00589	0.01113	0.01767	0.02095	0.07855	0.07462	0.67599	0.01964	0.00916	0.00262	0.00393	0.01636	0.00720	0.00655
8	0.01784	0.01704	0.02903	0.24418	0.49312	0.01807	0.02312	0.02261	0.01702	0.02369	0.01435	0.01963	0.01170	0.00716	0.00770	0.00239	0.00955	0.00690	0.00372	0.01119
9	0.01939	0.01777	0.02188	0.04867	0.21936	0.08264	0.01489	0.04479	0.01805	0.04845	0.01460	0.01742	0.01186	0.00665	0.00667	0.00172	0.00791	0.00561	0.00455	0.38711
10	0.02145	0.01773	0.01875	0.01622	0.02099	0.02030	0.01280	0.17146	0.53135	0.03593	0.02880	0.02673	0.02144	0.01026	0.00786	0.00257	0.00665	0.00839	0.00786	0.01247
11	0.01805	0.01738	0.02371	0.02014	0.02068	0.02377	0.01677	0.07366	0.01400	0.02128	0.01091	0.01711	0.01044	0.01320	0.02391	0.00330	0.65224	0.00680	0.00377	0.00889
12	0.03096	0.07761	0.02109	0.01456	0.02073	0.01605	0.01221	0.18386	0.02464	0.42644	0.02479	0.02257	0.01639	0.00900	0.00740	0.00223	0.00715	0.00706	0.00825	0.06702
13	0.14719	0.01892	0.02010	0.01589	0.02145	0.02090	0.01307	0.45697	0.02974	0.08659	0.01837	0.01921	0.01337	0.01323	0.06701	0.00322	0.00906	0.00671	0.00710	0.01189
14	0.01518	0.01216	0.01347	0.01246	0.01452	0.05727	0.00928	0.11784	0.01703	0.02248	0.02472	0.03583	0.06463	0.22246	0.31713	0.00813	0.01366	0.00921	0.00508	0.00746
15	0.02354	0.07013	0.05511	0.02237	0.11428	0.03937	0.07436	0.16408	0.04930	0.13329	0.01781	0.01950	0.01333	0.00881	0.00985	0.00238	0.10237	0.00686	0.00573	0.06752
16	0.01112	0.00823	0.01087	0.01123	0.01256	0.00854	0.00819	0.04029	0.01531	0.02078	0.06968	0.27673	0.10212	0.08283	0.27646	0.00690	0.01104	0.01435	0.00595	0.00681
17	0.00990	0.00771	0.00899	0.00905	0.01102	0.00680	0.00664	0.01242	0.01886	0.02464	0.30097	0.17060	0.34678	0.01892	0.00927	0.00263	0.00391	0.01637	0.00771	0.00680
18	0.01892	0.05837	0.08652	0.03930	0.47822	0.01921	0.06443	0.02571	0.08503	0.02559	0.01617	0.01972	0.01310	0.00728	0.00763	0.00234	0.00929	0.00701	0.00419	0.01196
19	0.01786	0.04540	0.14401	0.05297	0.02370	0.01868	0.01571	0.03295	0.40616	0.02773	0.02419	0.02456	0.01847	0.01097	0.01019	0.05743	0.04425	0.00769	0.00608	0.01102
20	0.01700	0.05905	0.14369	0.09696	0.21397	0.01897	0.07529	0.02246	0.03758	0.02355	0.05338	0.02321	0.01617	0.00934	0.01091	0.00260	0.13242	0.02899	0.00412	0.01035
21	0.01057	0.00765	0.00908	0.00927	0.01015	0.00756	0.00611	0.01165	0.01330	0.01738	0.03786	0.12259	0.17464	0.37687	0.14562	0.00683	0.00873	0.01302	0.00543	0.00567
22	0.01749	0.05425	0.17887	0.01555	0.02244	0.10640	0.01498	0.02183	0.01670	0.02332	0.01525	0.06310	0.01344	0.00801	0.00728	0.00182	0.03457	0.00615	0.00427	0.37429
23	0.06150	0.06843	0.06334	0.02460	0.13626	0.06755	0.14780	0.12857	0.09900	0.03001	0.07912	0.02295	0.01877	0.00860	0.00776	0.00237	0.00923	0.00775	0.00542	0.01094
24	0.01274	0.00917	0.01248	0.12787	0.01897	0.00905	0.00971	0.01612	0.01956	0.07027	0.36205	0.09989	0.17170	0.01538	0.00888	0.00255	0.00509	0.01341	0.00740	0.00771
25	0.02463	0.02476	0.02275	0.04453	0.13007	0.30121	0.03887	0.06218	0.06443	0.09327	0.05194	0.02035	0.01598	0.00842	0.00742	0.00215	0.01033	0.00663	0.00528	0.06477
26	0.01836	0.01627	0.06002	0.07901	0.37333	0.01532	0.01906	0.02269	0.01734	0.09285	0.06413	0.02455	0.01826	0.01657	0.12422	0.00407	0.01069	0.00768	0.00477	0.01083
27	0.01971	0.01758	0.12212	0.01402	0.02057	0.01263	0.01292	0.02642	0.10427	0.16188	0.09044	0.02443	0.02103	0.00851	0.00707	0.00195	0.00665	0.00699	0.00627	0.31454
28	0.02147	0.06316	0.33035	0.02184	0.07412	0.15776	0.02151	0.06205	0.03751	0.08431	0.01554	0.01732	0.01148	0.00810	0.00807	0.00235	0.04156	0.00598	0.00442	0.01109
29	0.01695	0.01513	0.02526	0.10092	0.36056	0.01498	0.06117	0.02091	0.01694	0.04739	0.02109	0.16903	0.02054	0.01068	0.00812	0.00245	0.00824	0.01014	0.00478	0.06473

[dist]
# distance from previous block
# <min> <max>
1	10

[block]
# block no. 9 follows, 25 sequences, length 15
# corresponding to MSA columns:
# 1489-1503
name=unknown_J
#
# <colnr> <probs for GDERKNQSTAVLIFYWHMCP>
#	G	D	E	R	K	N	Q	S	T	A	V	L	I	F	Y	W	H	M	C	P
