[name]
unknown

[dist]
# distance from previous block
# <min> <max>
4	27

[block]
# block no. 0 follows, 27 sequences, length 39
# corresponding to MSA columns:
# 27-37,64-91
name=unknown_A
#
# <colnr> <probs for GDERKNQSTAVLIFYWHMCP>
#	G	D	E	R	K	N	Q	S	T	A	V	L	I	F	Y	W	H	M	C	P
0	0.06808	0.02100	0.22910	0.01664	0.02261	0.01495	0.05795	0.05442	0.01718	0.16775	0.02247	0.05909	0.05726	0.00994	0.00933	0.00245	0.09533	0.00775	0.05671	0.00999
1	0.06664	0.01200	0.01363	0.01343	0.04574	0.05346	0.00963	0.02272	0.10168	0.16562	0.17921	0.22032	0.03737	0.01407	0.00807	0.00250	0.00560	0.01216	0.00726	0.00890
2	0.06781	0.08170	0.19607	0.06045	0.02418	0.11220	0.01596	0.02642	0.13006	0.06900	0.05118	0.01978	0.01552	0.00800	0.00672	0.00212	0.00851	0.00616	0.00489	0.09328
3	0.15072	0.07256	0.35612	0.01740	0.02477	0.01812	0.01941	0.02452	0.05604	0.08240	0.01459	0.01645	0.01081	0.00808	0.00868	0.00241	0.09692	0.00561	0.00419	0.01022
4	0.02471	0.06264	0.08941	0.01607	0.02244	0.01421	0.09292	0.06881	0.01940	0.33694	0.02141	0.02135	0.01477	0.01082	0.05051	0.00272	0.00849	0.00680	0.00650	0.10906
5	0.06610	0.06173	0.05248	0.29835	0.08972	0.01728	0.01655	0.13882	0.01922	0.06857	0.02092	0.02362	0.07837	0.00875	0.00719	0.00233	0.00832	0.00719	0.00488	0.00962
6	0.09184	0.23437	0.02843	0.03973	0.22867	0.01996	0.05533	0.02423	0.06047	0.08145	0.05548	0.01941	0.01546	0.00752	0.00651	0.00209	0.00779	0.00631	0.00461	0.01034
7	0.02353	0.11146	0.15177	0.05253	0.10543	0.05105	0.01606	0.02762	0.01829	0.29126	0.02311	0.02288	0.05533	0.00854	0.00707	0.00221	0.00809	0.00687	0.00590	0.01101
8	0.32148	0.05024	0.05872	0.01278	0.01739	0.04958	0.05335	0.02156	0.01555	0.11442	0.02517	0.11211	0.09870	0.01068	0.00664	0.00238	0.00667	0.00848	0.00551	0.00859
9	0.02053	0.15188	0.06802	0.01763	0.08654	0.01908	0.01393	0.18527	0.11827	0.06968	0.04925	0.03653	0.01728	0.01168	0.05219	0.00274	0.00822	0.00696	0.00572	0.05859
10	0.13918	0.01805	0.01574	0.01442	0.04805	0.18473	0.01071	0.06255	0.01927	0.15208	0.05731	0.02944	0.14948	0.01026	0.00702	0.00216	0.00752	0.00789	0.00600	0.05814
11	0.01772	0.08395	0.19007	0.05118	0.05811	0.04843	0.01641	0.10271	0.10049	0.02679	0.06200	0.02413	0.01790	0.00876	0.00706	0.00215	0.00814	0.04566	0.00502	0.12333
12	0.06007	0.01627	0.10442	0.01371	0.01935	0.01299	0.01241	0.09730	0.06168	0.28567	0.14431	0.02739	0.02516	0.00960	0.00734	0.00221	0.00648	0.00784	0.00729	0.07852
13	0.01886	0.10806	0.17867	0.01675	0.06289	0.01529	0.01502	0.10635	0.01871	0.13617	0.02405	0.22086	0.02272	0.01213	0.00759	0.00241	0.00744	0.01028	0.00580	0.00994
14	0.02219	0.01836	0.02419	0.08915	0.31742	0.08566	0.01765	0.14629	0.02134	0.11298	0.05799	0.02106	0.01598	0.00807	0.00741	0.00222	0.00860	0.00697	0.00534	0.01113
15	0.02011	0.33864	0.02957	0.02109	0.18653	0.02163	0.01455	0.02578	0.11172	0.09218	0.05677	0.01978	0.01651	0.00777	0.00633	0.00199	0.00743	0.00619	0.00485	0.01057
16	0.01639	0.17681	0.27978	0.01808	0.06561	0.01880	0.01797	0.02553	0.16364	0.02475	0.10180	0.02274	0.02018	0.00857	0.00692	0.00222	0.00812	0.00689	0.00479	0.01039
17	0.01959	0.14009	0.15121	0.01566	0.02141	0.01930	0.01481	0.24045	0.10444	0.03048	0.02148	0.14833	0.01940	0.01090	0.00731	0.00233	0.00768	0.00885	0.00583	0.01049
18	0.36027	0.19002	0.06433	0.01509	0.05906	0.11502	0.01251	0.06598	0.01628	0.02726	0.01139	0.01320	0.00921	0.00700	0.00543	0.00207	0.00798	0.00454	0.00420	0.00918
19	0.07312	0.22928	0.06897	0.12250	0.04077	0.19161	0.01537	0.13242	0.01976	0.02438	0.01257	0.01484	0.01006	0.00735	0.00628	0.00202	0.00968	0.00518	0.00417	0.00967
20	0.02229	0.25083	0.23475	0.01599	0.02333	0.06531	0.01683	0.02765	0.05132	0.19816	0.01731	0.01747	0.01248	0.00759	0.00645	0.00208	0.00870	0.00563	0.00500	0.01084
21	0.01214	0.00834	0.00948	0.00931	0.01176	0.00748	0.00692	0.01521	0.05672	0.09404	0.08687	0.21268	0.40541	0.01809	0.00872	0.00259	0.00428	0.01547	0.00724	0.00726
22	0.02605	0.03266	0.02119	0.10535	0.02641	0.62422	0.01511	0.02833	0.02028	0.01827	0.01169	0.01417	0.00960	0.00762	0.00678	0.00198	0.01296	0.00500	0.00376	0.00856
23	0.01759	0.01313	0.01562	0.01127	0.01776	0.01002	0.00906	0.02084	0.01611	0.10693	0.01517	0.01661	0.01190	0.00595	0.00574	0.00125	0.00560	0.00477	0.00499	0.68970
24	0.01700	0.01575	0.02132	0.01824	0.01914	0.02107	0.01510	0.09713	0.01433	0.02134	0.01202	0.01807	0.01121	0.01788	0.10884	0.00422	0.54830	0.00670	0.00385	0.00849
25	0.00930	0.00763	0.00825	0.00835	0.01069	0.00658	0.00643	0.01153	0.01744	0.02146	0.14702	0.07070	0.54970	0.01852	0.00892	0.00258	0.00403	0.07740	0.00705	0.00641
26	0.01539	0.01319	0.01539	0.01100	0.01759	0.00990	0.00880	0.01869	0.01539	0.02419	0.01319	0.01539	0.01100	0.00550	0.00550	0.00110	0.00550	0.00440	0.00440	0.78449
27	0.01688	0.01828	0.03756	0.17933	0.12173	0.01815	0.45006	0.02264	0.01688	0.02282	0.01450	0.01977	0.01103	0.00655	0.00830	0.00246	0.01151	0.00804	0.00365	0.00985
28	0.01074	0.00743	0.00930	0.00930	0.00971	0.00785	0.00600	0.01157	0.01115	0.01528	0.02229	0.04250	0.02435	0.52497	0.24831	0.00868	0.01117	0.00991	0.00433	0.00517
29	0.00877	0.00752	0.00752	0.00752	0.01003	0.00627	0.00564	0.01065	0.01692	0.02005	0.07520	0.07144	0.68978	0.01880	0.00877	0.00251	0.00376	0.01567	0.00689	0.00627
30	0.02765	0.01477	0.01767	0.01407	0.01928	0.01475	0.01144	0.21029	0.10534	0.36735	0.02938	0.05450	0.05811	0.01035	0.00762	0.00235	0.00655	0.00839	0.00827	0.01188
31	0.01734	0.01815	0.07190	0.16972	0.53080	0.01740	0.02268	0.02212	0.01644	0.02322	0.01378	0.01846	0.01126	0.00679	0.00734	0.00226	0.00916	0.00654	0.00357	0.01105
32	0.02974	0.01479	0.01677	0.01345	0.01845	0.09618	0.01084	0.03258	0.02119	0.53012	0.11035	0.02762	0.02382	0.00976	0.00753	0.00225	0.00683	0.00789	0.00840	0.01143
33	0.01539	0.01319	0.01539	0.01100	0.01759	0.00990	0.00880	0.01869	0.01539	0.02419	0.01319	0.01539	0.01100	0.00550	0.00550	0.00110	0.00550	0.00440	0.00440	0.78449
34	0.01289	0.00645	0.00967	0.00967	0.00967	0.00645	0.00645	0.00967	0.00967	0.01289	0.01289	0.02257	0.01289	0.02579	0.02901	0.78401	0.00645	0.00645	0.00322	0.00322
35	0.01061	0.00795	0.01193	0.01193	0.01326	0.00928	0.00928	0.01326	0.01193	0.01723	0.01988	0.02916	0.01856	0.05568	0.70968	0.01193	0.01988	0.00795	0.00398	0.00663
36	0.01389	0.00804	0.01042	0.01064	0.01260	0.00726	0.00788	0.01589	0.01665	0.14726	0.08516	0.39515	0.14815	0.01915	0.00901	0.00279	0.00476	0.07048	0.00740	0.00744
37	0.07456	0.06989	0.02261	0.01806	0.02265	0.36093	0.05467	0.14043	0.10444	0.02604	0.01497	0.01625	0.01174	0.00807	0.00716	0.00211	0.02495	0.00575	0.00491	0.00980
38	0.02391	0.02234	0.03148	0.02376	0.02990	0.19025	0.33405	0.05729	0.01999	0.16636	0.01728	0.01937	0.01241	0.00735	0.00791	0.00230	0.01122	0.00739	0.00509	0.01034

[dist]
# distance from previous block
# <min> <max>
4	13

[block]
# block no. 1 follows, 27 sequences, length 8
# corresponding to MSA columns:
# 106-113
name=unknown_B
#
# <colnr> <probs for GDERKNQSTAVLIFYWHMCP>
#	G	D	E	R	K	N	Q	S	T	A	V	L	I	F	Y	W	H	M	C	P
0	0.01905	0.02340	0.13327	0.16151	0.22026	0.12666	0.11454	0.06924	0.01834	0.02371	0.01375	0.01764	0.01068	0.00711	0.00742	0.00228	0.01057	0.00646	0.00382	0.01028
1	0.01658	0.01646	0.02390	0.02359	0.12536	0.02194	0.01727	0.01864	0.01224	0.01887	0.01041	0.01658	0.01006	0.01199	0.02169	0.00308	0.61283	0.00652	0.00332	0.00869
2	0.01752	0.02003	0.04380	0.03129	0.03880	0.01877	0.66583	0.02378	0.01752	0.02378	0.01502	0.02003	0.01126	0.00626	0.00876	0.00250	0.01252	0.00876	0.00375	0.01001
3	0.01515	0.01407	0.02219	0.54285	0.11011	0.01692	0.01944	0.02257	0.11954	0.02140	0.01595	0.02089	0.01209	0.00776	0.00744	0.00245	0.00916	0.00688	0.00401	0.00915
4	0.01397	0.01100	0.01757	0.08508	0.02058	0.01137	0.11275	0.01802	0.05561	0.06849	0.11242	0.17267	0.03046	0.10911	0.10052	0.00436	0.03103	0.01159	0.00563	0.00776
5	0.01809	0.02111	0.08989	0.12978	0.11893	0.16306	0.06281	0.04508	0.05008	0.02326	0.10953	0.02333	0.01966	0.01071	0.03531	0.00269	0.05552	0.00736	0.00454	0.00928
6	0.06875	0.02370	0.28233	0.01842	0.05367	0.01553	0.06365	0.02532	0.14130	0.05139	0.04595	0.02268	0.04780	0.00831	0.00710	0.00224	0.00821	0.00696	0.00489	0.10182
7	0.05609	0.06655	0.04172	0.01862	0.07882	0.01751	0.07923	0.11004	0.16793	0.08116	0.08039	0.04406	0.02115	0.04144	0.00996	0.00261	0.05835	0.00814	0.00597	0.01025

[dist]
# distance from previous block
# <min> <max>
0	1

[block]
# block no. 2 follows, 27 sequences, length 15
# corresponding to MSA columns:
# 115-129
name=unknown_C
#
# <colnr> <probs for GDERKNQSTAVLIFYWHMCP>
#	G	D	E	R	K	N	Q	S	T	A	V	L	I	F	Y	W	H	M	C	P
0	0.01820	0.15032	0.18902	0.07783	0.02638	0.09123	0.08427	0.02371	0.05202	0.07016	0.04617	0.05030	0.04154	0.00865	0.00705	0.00218	0.00908	0.00720	0.00452	0.04017
1	0.01808	0.01890	0.08191	0.12649	0.52480	0.01775	0.02242	0.05654	0.01750	0.02473	0.01402	0.01831	0.01139	0.00687	0.00734	0.00225	0.00909	0.00653	0.00378	0.01130
2	0.05909	0.01660	0.12212	0.08320	0.02431	0.01337	0.09541	0.04580	0.05054	0.15390	0.12546	0.03428	0.07254	0.01073	0.00792	0.00247	0.00759	0.05895	0.00614	0.00959
3	0.08110	0.21946	0.05197	0.01972	0.12170	0.08751	0.04338	0.04767	0.01657	0.04635	0.01264	0.01515	0.01049	0.00725	0.00766	0.00196	0.07266	0.00524	0.00402	0.12751
4	0.00938	0.00708	0.00802	0.00864	0.01026	0.00627	0.00615	0.01126	0.01603	0.02081	0.09394	0.31641	0.35951	0.01946	0.00875	0.00263	0.00393	0.01689	0.06830	0.00627
5	0.01893	0.35059	0.24533	0.05419	0.02545	0.08001	0.01797	0.05402	0.05076	0.02159	0.01290	0.01474	0.01033	0.00705	0.00606	0.00198	0.00936	0.00501	0.00365	0.01010
6	0.05054	0.01791	0.16653	0.01408	0.01918	0.01354	0.01342	0.11783	0.07960	0.05510	0.08797	0.09541	0.09882	0.01621	0.08007	0.00335	0.00819	0.00948	0.00588	0.04688
7	0.11094	0.01483	0.11711	0.01577	0.09467	0.01130	0.01217	0.01687	0.01420	0.02242	0.09905	0.02271	0.01860	0.01360	0.01358	0.24587	0.00678	0.00656	0.00426	0.13870
8	0.01429	0.01192	0.01632	0.16183	0.05543	0.01339	0.01266	0.07417	0.08874	0.02393	0.09973	0.03116	0.07900	0.02298	0.20012	0.00499	0.03825	0.00864	0.00522	0.03721
9	0.01785	0.05659	0.15311	0.07162	0.22693	0.12074	0.10012	0.02255	0.01688	0.02223	0.01604	0.07490	0.01405	0.00828	0.00732	0.00226	0.00978	0.00745	0.04142	0.00990
10	0.01637	0.01503	0.02441	0.47949	0.22329	0.01734	0.02067	0.07350	0.01706	0.02270	0.01379	0.01924	0.01063	0.00733	0.00740	0.00238	0.00946	0.00661	0.00374	0.00956
11	0.67528	0.01485	0.01380	0.01515	0.11637	0.01680	0.01026	0.02197	0.01328	0.03195	0.01088	0.01301	0.00860	0.00685	0.00501	0.00228	0.00621	0.00441	0.00446	0.00860
12	0.01215	0.00976	0.01298	0.06563	0.06741	0.00982	0.00966	0.01774	0.09795	0.02775	0.44858	0.04821	0.11596	0.01369	0.00841	0.00237	0.00469	0.01201	0.00727	0.00795
13	0.01603	0.01489	0.01885	0.02362	0.23947	0.07097	0.01387	0.02288	0.15970	0.02352	0.06329	0.11465	0.04988	0.05536	0.07646	0.00357	0.00847	0.00973	0.00538	0.00942
14	0.12018	0.07587	0.02035	0.14817	0.05604	0.12824	0.01383	0.15553	0.02046	0.02781	0.09056	0.02252	0.04373	0.00911	0.00759	0.00224	0.03655	0.00690	0.00510	0.00923

[dist]
# distance from previous block
# <min> <max>
0	11

[block]
# block no. 3 follows, 27 sequences, length 41
# corresponding to MSA columns:
# 141-181
name=unknown_D
#
# <colnr> <probs for GDERKNQSTAVLIFYWHMCP>
#	G	D	E	R	K	N	Q	S	T	A	V	L	I	F	Y	W	H	M	C	P
0	0.01466	0.01295	0.01981	0.18788	0.24115	0.01361	0.01559	0.04373	0.04205	0.02518	0.20143	0.03431	0.09590	0.01054	0.00790	0.00235	0.00701	0.00942	0.00540	0.00914
1	0.02460	0.05868	0.02110	0.04749	0.10387	0.17083	0.01388	0.02741	0.01851	0.25227	0.04330	0.02071	0.01549	0.01027	0.03183	0.00253	0.08071	0.00654	0.00572	0.04427
2	0.01324	0.01202	0.03867	0.01413	0.06197	0.01170	0.01022	0.02205	0.23845	0.02499	0.11744	0.17260	0.17579	0.01633	0.03355	0.00290	0.00574	0.01270	0.00680	0.00872
3	0.06371	0.01780	0.02758	0.06024	0.53072	0.01838	0.02054	0.12229	0.01938	0.02808	0.01433	0.01797	0.01162	0.00701	0.00721	0.00222	0.00858	0.00648	0.00429	0.01157
4	0.01545	0.01540	0.01334	0.01280	0.01443	0.20448	0.00927	0.01711	0.01414	0.01665	0.01858	0.03053	0.01855	0.24555	0.31316	0.00772	0.01429	0.00791	0.00409	0.00655
5	0.01404	0.01686	0.13222	0.41133	0.11154	0.01513	0.01966	0.01929	0.01626	0.02213	0.12824	0.02503	0.02025	0.00859	0.00758	0.00240	0.00887	0.00758	0.00414	0.00887
6	0.01910	0.01792	0.02959	0.06635	0.48095	0.01831	0.09155	0.08865	0.06491	0.02672	0.01557	0.01921	0.01248	0.00708	0.00753	0.00227	0.00900	0.00698	0.00432	0.01151
7	0.49495	0.17136	0.06597	0.01216	0.01749	0.09225	0.01103	0.02285	0.01424	0.02770	0.01066	0.01242	0.00861	0.00687	0.00502	0.00211	0.00737	0.00419	0.00411	0.00862
8	0.02675	0.01153	0.01493	0.01198	0.01612	0.01049	0.00928	0.06121	0.01902	0.47361	0.02706	0.03141	0.02049	0.21336	0.01594	0.00366	0.00666	0.00836	0.00779	0.01036
9	0.01384	0.00692	0.00692	0.00692	0.00865	0.00692	0.00519	0.01730	0.01557	0.02768	0.02422	0.02768	0.01903	0.00865	0.00519	0.00173	0.00346	0.00692	0.78031	0.00692
10	0.02062	0.09460	0.16940	0.02432	0.21036	0.01765	0.01813	0.02900	0.15985	0.15223	0.01985	0.02045	0.01462	0.00791	0.00709	0.00226	0.00808	0.00665	0.00539	0.01153
11	0.02773	0.03538	0.02104	0.01913	0.02295	0.70930	0.01434	0.02964	0.02104	0.01817	0.01148	0.01339	0.00956	0.00765	0.00669	0.00191	0.01339	0.00478	0.00383	0.00861
12	0.01384	0.00692	0.00692	0.00692	0.00865	0.00692	0.00519	0.01730	0.01557	0.02768	0.02422	0.02768	0.01903	0.00865	0.00519	0.00173	0.00346	0.00692	0.78031	0.00692
13	0.79154	0.01436	0.01091	0.00976	0.01436	0.01665	0.00804	0.02182	0.01263	0.03331	0.01034	0.01206	0.00804	0.00689	0.00459	0.00230	0.00574	0.00402	0.00459	0.00804
14	0.03101	0.01631	0.01951	0.01495	0.02079	0.01637	0.01235	0.32120	0.02741	0.40421	0.02412	0.02191	0.01578	0.00906	0.00745	0.00227	0.00715	0.00711	0.00839	0.01263
15	0.02033	0.01286	0.01728	0.01838	0.12756	0.01268	0.01267	0.13603	0.02123	0.18545	0.07751	0.09402	0.07658	0.01323	0.00835	0.00257	0.00662	0.13962	0.00708	0.00993
16	0.02113	0.01535	0.01687	0.01477	0.01924	0.01711	0.01160	0.03886	0.56132	0.15069	0.03005	0.02726	0.02189	0.00991	0.00754	0.00248	0.00595	0.00823	0.00785	0.01191
17	0.01624	0.01624	0.02274	0.01949	0.01949	0.02274	0.01624	0.01787	0.01137	0.01787	0.00975	0.01624	0.00975	0.01299	0.02436	0.00325	0.72552	0.00650	0.00325	0.00812
18	0.01963	0.16511	0.02867	0.02455	0.18786	0.04739	0.10184	0.07275	0.22444	0.02626	0.01860	0.01996	0.01461	0.00779	0.00706	0.00221	0.00835	0.00685	0.00506	0.01101
19	0.02106	0.02456	0.32012	0.01676	0.02427	0.01497	0.01815	0.12224	0.02079	0.20393	0.11624	0.02428	0.02103	0.00907	0.00746	0.00232	0.00825	0.00734	0.00609	0.01108
20	0.01745	0.01661	0.02820	0.13377	0.57762	0.01702	0.02180	0.02189	0.01681	0.02379	0.04347	0.02019	0.01407	0.00710	0.00742	0.00225	0.00873	0.00691	0.00382	0.01108
21	0.01827	0.22879	0.18599	0.01527	0.02131	0.01998	0.01536	0.15938	0.03589	0.02530	0.01565	0.01989	0.01321	0.06641	0.12435	0.00403	0.01057	0.00616	0.00442	0.00977
22	0.01384	0.00692	0.00692	0.00692	0.00865	0.00692	0.00519	0.01730	0.01557	0.02768	0.02422	0.02768	0.01903	0.00865	0.00519	0.00173	0.00346	0.00692	0.78031	0.00692
23	0.01097	0.00826	0.01030	0.01061	0.01211	0.00819	0.00763	0.01595	0.11149	0.02501	0.29947	0.36137	0.05375	0.01814	0.00891	0.00267	0.00421	0.01622	0.00750	0.00723
24	0.01539	0.11011	0.63334	0.02030	0.03080	0.01847	0.02593	0.02338	0.01561	0.02290	0.01302	0.01529	0.00942	0.00698	0.00682	0.00227	0.01066	0.00533	0.00314	0.01082
25	0.01402	0.01319	0.02227	0.72126	0.05113	0.01649	0.02062	0.01897	0.01484	0.01897	0.01319	0.01979	0.00990	0.00742	0.00742	0.00247	0.00990	0.00660	0.00330	0.00825
26	0.01639	0.01409	0.01584	0.01233	0.01815	0.01267	0.00975	0.02541	0.23026	0.02641	0.01870	0.01938	0.01477	0.00698	0.00616	0.00156	0.00562	0.00569	0.00542	0.53443
27	0.01402	0.01319	0.02227	0.72126	0.05113	0.01649	0.02062	0.01897	0.01484	0.01897	0.01319	0.01979	0.00990	0.00742	0.00742	0.00247	0.00990	0.00660	0.00330	0.00825
28	0.02085	0.01715	0.02712	0.03747	0.51417	0.01725	0.02007	0.10351	0.01958	0.09547	0.01702	0.02165	0.01379	0.00772	0.00749	0.00227	0.00840	0.03244	0.00483	0.01176
29	0.01742	0.01696	0.02560	0.06708	0.50106	0.06399	0.01934	0.02146	0.01765	0.02417	0.10580	0.02506	0.04535	0.00833	0.00755	0.00223	0.00828	0.00774	0.00439	0.01054
30	0.36990	0.01615	0.02139	0.02929	0.38434	0.01719	0.01608	0.02235	0.01496	0.02837	0.01231	0.01550	0.01007	0.00674	0.00610	0.00225	0.00742	0.00543	0.00409	0.01007
31	0.02752	0.01221	0.01710	0.01607	0.09137	0.01083	0.01144	0.03034	0.01976	0.50866	0.03198	0.09888	0.06758	0.01099	0.00775	0.00237	0.00621	0.00931	0.00819	0.01143
32	0.02077	0.02238	0.02719	0.07253	0.47279	0.21106	0.02031	0.02451	0.01796	0.02228	0.01323	0.01705	0.01105	0.00695	0.00717	0.00214	0.01015	0.00610	0.00370	0.01070
33	0.01113	0.00721	0.00911	0.00911	0.00937	0.00746	0.00576	0.01107	0.01082	0.01467	0.02086	0.04025	0.02288	0.48168	0.16536	0.14541	0.00950	0.00948	0.00417	0.00468
34	0.01961	0.01545	0.01656	0.01465	0.01866	0.03904	0.01167	0.13962	0.36432	0.06890	0.10423	0.03476	0.02795	0.01148	0.00793	0.00251	0.00637	0.07806	0.00749	0.01076
35	0.05543	0.03341	0.02150	0.01921	0.02306	0.63602	0.03664	0.02874	0.02027	0.01892	0.01150	0.01367	0.00957	0.00776	0.00730	0.00199	0.03763	0.00495	0.00383	0.00862
36	0.02004	0.01967	0.11558	0.09045	0.09844	0.06450	0.04093	0.12572	0.11607	0.09943	0.02129	0.09249	0.01774	0.03367	0.00859	0.00255	0.00839	0.00836	0.00567	0.01043
37	0.02338	0.23695	0.13804	0.01764	0.02336	0.40227	0.01603	0.02653	0.01846	0.01885	0.01145	0.01334	0.00953	0.00718	0.00620	0.00189	0.01144	0.00467	0.00353	0.00926
38	0.01231	0.01210	0.01116	0.01219	0.04984	0.11572	0.00828	0.01418	0.01681	0.01969	0.05244	0.24349	0.36926	0.01764	0.00857	0.00254	0.00568	0.01499	0.00624	0.00687
39	0.01750	0.21357	0.01691	0.00918	0.01261	0.01361	0.00787	0.02060	0.01601	0.09299	0.02085	0.02302	0.01630	0.00806	0.00530	0.00175	0.00500	0.00615	0.48450	0.00823
40	0.01878	0.14903	0.15374	0.01362	0.02090	0.01498	0.01345	0.02289	0.01627	0.12396	0.01512	0.01631	0.01153	0.00651	0.00597	0.00161	0.00713	0.00499	0.00465	0.37857

[dist]
# distance from previous block
# <min> <max>
0	1

[block]
# block no. 4 follows, 27 sequences, length 6
# corresponding to MSA columns:
# 183-188
name=unknown_E
#
# <colnr> <probs for GDERKNQSTAVLIFYWHMCP>
#	G	D	E	R	K	N	Q	S	T	A	V	L	I	F	Y	W	H	M	C	P
0	0.01624	0.22977	0.52105	0.01886	0.02858	0.02053	0.02343	0.02316	0.01551	0.02187	0.01251	0.01465	0.00944	0.00686	0.00643	0.00214	0.01015	0.00507	0.00315	0.01058
1	0.01166	0.01374	0.12427	0.01258	0.01530	0.01118	0.01129	0.01441	0.01336	0.01837	0.03085	0.03911	0.17043	0.18162	0.20163	0.00608	0.10289	0.00973	0.00452	0.00699
2	0.00944	0.00735	0.00858	0.00869	0.01054	0.00649	0.00636	0.01179	0.01787	0.02331	0.28727	0.18908	0.34997	0.01834	0.00890	0.00254	0.00377	0.01588	0.00735	0.00649
3	0.01295	0.01121	0.06611	0.00999	0.01341	0.00850	0.00831	0.01622	0.01594	0.02463	0.15343	0.08264	0.02944	0.09830	0.01037	0.00249	0.00511	0.00894	0.21581	0.20618
4	0.01490	0.10842	0.21095	0.01741	0.04969	0.01540	0.08641	0.02098	0.06851	0.02319	0.09023	0.06593	0.05841	0.05022	0.00898	0.00247	0.00797	0.00839	0.00472	0.08680
5	0.01969	0.13950	0.08166	0.01530	0.02003	0.15393	0.01336	0.06007	0.19825	0.04840	0.04965	0.05285	0.04411	0.01046	0.00725	0.00229	0.00814	0.05962	0.00568	0.00979

[dist]
# distance from previous block
# <min> <max>
0	2

[block]
# block no. 5 follows, 27 sequences, length 41
# corresponding to MSA columns:
# 193-233
name=unknown_F
#
# <colnr> <probs for GDERKNQSTAVLIFYWHMCP>
#	G	D	E	R	K	N	Q	S	T	A	V	L	I	F	Y	W	H	M	C	P
0	0.01606	0.01487	0.05193	0.06180	0.19185	0.01420	0.08878	0.04693	0.11372	0.05165	0.05417	0.21142	0.02586	0.01212	0.00816	0.00253	0.00741	0.01124	0.00562	0.00967
1	0.02132	0.23606	0.09259	0.02021	0.10260	0.05122	0.08624	0.02814	0.12853	0.13538	0.01811	0.01886	0.01365	0.00759	0.00673	0.00212	0.00846	0.00631	0.00506	0.01083
2	0.01332	0.01155	0.01467	0.09254	0.09283	0.03937	0.01142	0.01944	0.14916	0.02236	0.05661	0.37993	0.03461	0.01610	0.00849	0.00270	0.00606	0.01441	0.00621	0.00820
3	0.47164	0.04607	0.01650	0.01455	0.05423	0.13431	0.01103	0.12586	0.01790	0.03183	0.01191	0.01354	0.00928	0.00730	0.00555	0.00219	0.00766	0.00471	0.00481	0.00912
4	0.01069	0.00799	0.01113	0.01124	0.01205	0.00901	0.00822	0.01248	0.01204	0.01694	0.02362	0.15090	0.02504	0.19678	0.40870	0.00893	0.05287	0.01070	0.00454	0.00615
5	0.01826	0.51767	0.25089	0.01541	0.02324	0.02549	0.01742	0.02264	0.01527	0.01940	0.01128	0.01311	0.00949	0.00658	0.00550	0.00183	0.00891	0.00446	0.00316	0.00999
6	0.37575	0.01775	0.12917	0.01297	0.01907	0.01459	0.01238	0.02751	0.01639	0.28174	0.01797	0.01764	0.01216	0.00778	0.00609	0.00231	0.00684	0.00556	0.00608	0.01026
7	0.01930	0.01930	0.02320	0.02983	0.34673	0.14816	0.01693	0.05337	0.09249	0.02577	0.12807	0.02462	0.02231	0.00873	0.00749	0.00221	0.00845	0.00760	0.00505	0.01040
8	0.01402	0.01319	0.02227	0.72126	0.05113	0.01649	0.02062	0.01897	0.01484	0.01897	0.01319	0.01979	0.00990	0.00742	0.00742	0.00247	0.00990	0.00660	0.00330	0.00825
9	0.01985	0.74357	0.03890	0.01270	0.01905	0.02937	0.01270	0.02223	0.01508	0.01747	0.01032	0.01191	0.00953	0.00635	0.00476	0.00159	0.00794	0.00397	0.00318	0.00953
10	0.01451	0.01350	0.02167	0.64413	0.04765	0.01671	0.01965	0.02120	0.08743	0.02029	0.01505	0.02066	0.01129	0.00771	0.00744	0.00248	0.00946	0.00679	0.00376	0.00863
11	0.01237	0.00679	0.01019	0.01019	0.01049	0.00709	0.00709	0.01049	0.01019	0.01388	0.01449	0.02407	0.01419	0.03260	0.18414	0.60805	0.00951	0.00679	0.00340	0.00400
12	0.02664	0.05532	0.02013	0.04283	0.07189	0.05271	0.01276	0.17785	0.02348	0.31992	0.09798	0.02488	0.02114	0.00931	0.00740	0.00223	0.00722	0.00753	0.00741	0.01137
13	0.66543	0.05409	0.01452	0.01383	0.08871	0.01745	0.00990	0.02195	0.01323	0.03146	0.01073	0.01274	0.00853	0.00683	0.00490	0.00225	0.00620	0.00430	0.00442	0.00853
14	0.01071	0.00754	0.00984	0.00984	0.01045	0.00815	0.00668	0.01192	0.01131	0.01569	0.02179	0.03973	0.02315	0.42766	0.34398	0.00935	0.01298	0.00950	0.00426	0.00547
15	0.01952	0.55523	0.07080	0.06557	0.02216	0.09097	0.01401	0.02243	0.01590	0.01847	0.03819	0.01459	0.01199	0.00695	0.00543	0.00176	0.00858	0.00470	0.00345	0.00932
16	0.01687	0.01226	0.01478	0.01102	0.01676	0.00958	0.00878	0.02014	0.01698	0.10870	0.11891	0.02277	0.02098	0.00744	0.00624	0.00144	0.00529	0.00616	0.00557	0.56930
17	0.02419	0.10180	0.13720	0.05527	0.02516	0.13249	0.01624	0.27708	0.05374	0.08196	0.01640	0.01722	0.01199	0.00811	0.00697	0.00216	0.00931	0.00602	0.00558	0.01109
18	0.02295	0.18416	0.12974	0.01625	0.02222	0.12981	0.01511	0.10469	0.12983	0.12421	0.01794	0.01816	0.01337	0.00822	0.00723	0.00215	0.03184	0.00599	0.00539	0.01075
19	0.01270	0.01088	0.01533	0.01414	0.01479	0.01391	0.01113	0.01459	0.01156	0.01705	0.01668	0.02727	0.01656	0.14017	0.36002	0.00805	0.27668	0.00784	0.00379	0.00686
20	0.01657	0.07949	0.07279	0.10348	0.27234	0.01752	0.19776	0.02128	0.01633	0.02237	0.01681	0.09748	0.01523	0.00845	0.00774	0.00236	0.00951	0.00851	0.00394	0.01004
21	0.01260	0.01045	0.01587	0.01389	0.01622	0.01051	0.08146	0.01455	0.01392	0.01978	0.05278	0.24552	0.02667	0.02141	0.10437	0.09648	0.08981	0.01146	0.00495	0.13729
22	0.00960	0.00726	0.00886	0.00907	0.01069	0.00652	0.00657	0.01202	0.01797	0.02397	0.33199	0.24273	0.24889	0.01843	0.00895	0.00257	0.00380	0.01616	0.00745	0.00652
23	0.01110	0.00779	0.00998	0.00957	0.01152	0.00731	0.00723	0.01401	0.01850	0.05498	0.40305	0.08942	0.18465	0.02201	0.11144	0.00381	0.00612	0.01322	0.00728	0.00700
24	0.01591	0.06341	0.45268	0.14177	0.07457	0.05450	0.02421	0.02275	0.01571	0.02202	0.01298	0.01628	0.00966	0.00731	0.00765	0.00234	0.03709	0.00568	0.00324	0.01026
25	0.01937	0.09280	0.39818	0.02056	0.02952	0.01734	0.13016	0.02592	0.01702	0.15470	0.01646	0.01794	0.01148	0.00727	0.00722	0.00230	0.01005	0.00629	0.00442	0.01101
26	0.01138	0.00880	0.01224	0.01182	0.01260	0.01042	0.00882	0.01315	0.01154	0.01651	0.01957	0.03298	0.01981	0.24298	0.43228	0.00948	0.10678	0.00857	0.00403	0.00622
27	0.01567	0.03113	0.46448	0.07496	0.10825	0.01750	0.13688	0.02316	0.01607	0.02332	0.01368	0.01702	0.01002	0.00689	0.00741	0.00237	0.01092	0.00626	0.00331	0.01070
28	0.02064	0.15440	0.02142	0.09342	0.09728	0.03749	0.01272	0.02353	0.01755	0.22174	0.06026	0.13492	0.05193	0.01103	0.00734	0.00228	0.00696	0.00931	0.00606	0.00971
29	0.01328	0.00858	0.01052	0.00990	0.01235	0.00782	0.00759	0.03954	0.01940	0.10527	0.30107	0.13175	0.23768	0.01647	0.00872	0.00251	0.00435	0.04795	0.00768	0.00755
30	0.01570	0.03196	0.52534	0.01898	0.02805	0.01637	0.02298	0.09252	0.01856	0.02697	0.11280	0.02174	0.01864	0.00845	0.00734	0.00234	0.00957	0.00678	0.00434	0.01057
31	0.01588	0.12097	0.29623	0.05683	0.05611	0.01675	0.06452	0.02126	0.01613	0.05857	0.04005	0.05215	0.07696	0.00975	0.00805	0.00238	0.03769	0.03572	0.00433	0.00967
32	0.01560	0.02849	0.47236	0.01789	0.02595	0.01406	0.02106	0.02197	0.01596	0.09616	0.02119	0.17625	0.01920	0.01088	0.00764	0.00249	0.00898	0.00917	0.00463	0.01006
33	0.01923	0.01519	0.02588	0.27449	0.17061	0.01597	0.12557	0.05802	0.01783	0.13642	0.01807	0.05815	0.01415	0.00828	0.00775	0.00241	0.00912	0.00788	0.00485	0.01011
34	0.01871	0.01661	0.07517	0.22589	0.29593	0.01600	0.01971	0.02315	0.01643	0.12681	0.01623	0.02013	0.01237	0.01012	0.04518	0.00286	0.03716	0.00672	0.00438	0.01044
35	0.01540	0.01765	0.10036	0.25435	0.21941	0.01615	0.13820	0.02044	0.01592	0.02179	0.01682	0.09806	0.01494	0.00870	0.00783	0.00245	0.00958	0.00848	0.00387	0.00959
36	0.01678	0.01760	0.02428	0.39969	0.11502	0.13041	0.08927	0.02104	0.01635	0.01996	0.01529	0.07241	0.01315	0.00843	0.00759	0.00239	0.01022	0.00763	0.00375	0.00873
37	0.01625	0.01550	0.02679	0.22629	0.39268	0.01625	0.06890	0.02085	0.01683	0.02337	0.08755	0.02294	0.01758	0.00774	0.00763	0.00232	0.00881	0.00752	0.00407	0.01014
38	0.02154	0.01179	0.01826	0.01522	0.01956	0.01070	0.10620	0.02487	0.01881	0.31479	0.03546	0.07653	0.09946	0.01345	0.00863	0.00268	0.00699	0.17793	0.00741	0.00971
39	0.01737	0.02099	0.21591	0.02358	0.14647	0.01463	0.10980	0.05102	0.01775	0.09797	0.04815	0.11658	0.02110	0.01053	0.00801	0.00249	0.00872	0.05366	0.00512	0.01015
40	0.01904	0.06425	0.19680	0.02841	0.23339	0.13251	0.09408	0.02600	0.08961	0.02339	0.01510	0.01774	0.01182	0.00722	0.00721	0.00223	0.01016	0.00633	0.00397	0.01072

[dist]
# distance from previous block
# <min> <max>
14	171

[block]
# block no. 6 follows, 27 sequences, length 53
# corresponding to MSA columns:
# 424-476
name=unknown_G
#
# <colnr> <probs for GDERKNQSTAVLIFYWHMCP>
#	G	D	E	R	K	N	Q	S	T	A	V	L	I	F	Y	W	H	M	C	P
0	0.05886	0.01797	0.07285	0.01555	0.04944	0.09590	0.01259	0.05419	0.15194	0.24263	0.03081	0.02915	0.11530	0.01019	0.00741	0.00232	0.00723	0.00815	0.00686	0.01065
1	0.06415	0.01536	0.01646	0.01570	0.06643	0.04715	0.01146	0.05784	0.30256	0.02799	0.02757	0.02989	0.07686	0.00999	0.00719	0.00222	0.00634	0.04752	0.00620	0.16111
2	0.01456	0.01286	0.01304	0.01354	0.06153	0.11065	0.00886	0.04594	0.01666	0.02141	0.18645	0.04153	0.03339	0.29980	0.06382	0.00481	0.00812	0.03078	0.00543	0.00683
3	0.28702	0.05913	0.09402	0.01348	0.01876	0.09753	0.01209	0.06548	0.01781	0.16242	0.05744	0.05175	0.01646	0.00882	0.00636	0.00225	0.00743	0.00649	0.00568	0.00957
4	0.02279	0.01912	0.01661	0.01430	0.01826	0.18686	0.01117	0.17064	0.13117	0.09125	0.06772	0.02367	0.01937	0.00920	0.00691	0.00211	0.00763	0.00709	0.16420	0.00993
5	0.05724	0.01829	0.02315	0.02729	0.28707	0.04658	0.01634	0.22626	0.11545	0.03181	0.01778	0.02092	0.01426	0.05396	0.00916	0.00256	0.00814	0.00696	0.00549	0.01127
6	0.02164	0.55489	0.03428	0.01387	0.01995	0.05932	0.01299	0.13760	0.04433	0.02321	0.01247	0.01363	0.01058	0.00701	0.00543	0.00175	0.00815	0.00466	0.00413	0.01012
7	0.02019	0.46823	0.16942	0.01475	0.02184	0.02442	0.01552	0.04528	0.05816	0.07958	0.01407	0.01501	0.01120	0.00706	0.00572	0.00188	0.00829	0.00495	0.00410	0.01033
8	0.01738	0.01730	0.02556	0.26025	0.37702	0.08357	0.02042	0.02161	0.01632	0.02151	0.01385	0.01903	0.01137	0.01006	0.05149	0.00288	0.01031	0.00652	0.00359	0.00999
9	0.01925	0.01807	0.01680	0.01508	0.01853	0.13093	0.01151	0.07041	0.39842	0.02680	0.02435	0.02690	0.01976	0.10008	0.03999	0.00338	0.03554	0.00790	0.00625	0.01006
10	0.01455	0.01394	0.02419	0.62922	0.09654	0.01672	0.06136	0.01954	0.01516	0.01965	0.01336	0.01970	0.01012	0.00729	0.00750	0.00246	0.00998	0.00673	0.00335	0.00861
11	0.01867	0.01830	0.01610	0.01465	0.01850	0.14869	0.01126	0.03292	0.44628	0.02681	0.03390	0.03203	0.12803	0.01102	0.00759	0.00240	0.00697	0.00888	0.00673	0.01026
12	0.01950	0.01934	0.01658	0.01495	0.01866	0.19049	0.01147	0.05697	0.35360	0.02773	0.13027	0.03007	0.05727	0.01062	0.00758	0.00232	0.00739	0.00854	0.00667	0.01000
13	0.02016	0.01366	0.01553	0.01360	0.01770	0.01455	0.01079	0.07213	0.34933	0.16584	0.09440	0.03617	0.08225	0.01165	0.00790	0.00249	0.00577	0.04746	0.00784	0.01079
14	0.01528	0.01439	0.02397	0.49631	0.22202	0.01640	0.02049	0.01998	0.01543	0.02071	0.01340	0.01914	0.01046	0.00709	0.00729	0.00232	0.00934	0.00647	0.00347	0.05604
15	0.02705	0.09689	0.02259	0.01857	0.02261	0.65024	0.01420	0.02900	0.02052	0.01811	0.01137	0.01326	0.00956	0.00754	0.00653	0.00188	0.01291	0.00471	0.00377	0.00869
16	0.00904	0.00646	0.00861	0.01034	0.01077	0.00603	0.00689	0.01034	0.01421	0.01895	0.04092	0.73426	0.04910	0.02326	0.00948	0.00301	0.00431	0.02110	0.00689	0.00603
17	0.01402	0.01319	0.02227	0.72126	0.05113	0.01649	0.02062	0.01897	0.01484	0.01897	0.01319	0.01979	0.00990	0.00742	0.00742	0.00247	0.00990	0.00660	0.00330	0.00825
18	0.00877	0.00752	0.00752	0.00752	0.01003	0.00627	0.00564	0.01065	0.01692	0.02005	0.07520	0.07144	0.68978	0.01880	0.00877	0.00251	0.00376	0.01567	0.00689	0.00627
19	0.01402	0.01319	0.02227	0.72126	0.05113	0.01649	0.02062	0.01897	0.01484	0.01897	0.01319	0.01979	0.00990	0.00742	0.00742	0.00247	0.00990	0.00660	0.00330	0.00825
20	0.01489	0.03840	0.70064	0.02116	0.03213	0.01724	0.02743	0.02351	0.01567	0.02351	0.01332	0.01567	0.00940	0.00705	0.00705	0.00235	0.01097	0.00549	0.00313	0.01097
21	0.01985	0.74357	0.03890	0.01270	0.01905	0.02937	0.01270	0.02223	0.01508	0.01747	0.01032	0.01191	0.00953	0.00635	0.00476	0.00159	0.00794	0.00397	0.00318	0.00953
22	0.01846	0.01595	0.01679	0.01511	0.01930	0.01846	0.01175	0.03945	0.67938	0.03105	0.03022	0.02770	0.02266	0.01007	0.00755	0.00252	0.00588	0.00839	0.00755	0.01175
23	0.03331	0.01263	0.01723	0.01321	0.01895	0.01091	0.01091	0.03618	0.02125	0.69794	0.02929	0.02527	0.01838	0.00919	0.00747	0.00230	0.00632	0.00747	0.00919	0.01263
24	0.01837	0.01764	0.03013	0.04557	0.69279	0.01764	0.02278	0.02278	0.01690	0.02425	0.01396	0.01837	0.01176	0.00661	0.00735	0.00220	0.00882	0.00661	0.00367	0.01176
25	0.01061	0.00795	0.01193	0.01193	0.01326	0.00928	0.00928	0.01326	0.01193	0.01723	0.01988	0.02916	0.01856	0.05568	0.70968	0.01193	0.01988	0.00795	0.00398	0.00663
26	0.00904	0.00646	0.00861	0.01034	0.01077	0.00603	0.00689	0.01034	0.01421	0.01895	0.04092	0.73426	0.04910	0.02326	0.00948	0.00301	0.00431	0.02110	0.00689	0.00603
27	0.00996	0.00810	0.01076	0.10256	0.01635	0.00826	0.00877	0.01228	0.01480	0.01897	0.04552	0.21946	0.28324	0.02712	0.17420	0.00485	0.00850	0.01401	0.00573	0.00655
28	0.02773	0.03538	0.02104	0.01913	0.02295	0.70930	0.01434	0.02964	0.02104	0.01817	0.01148	0.01339	0.00956	0.00765	0.00669	0.00191	0.01339	0.00478	0.00383	0.00861
29	0.00904	0.00646	0.00861	0.01034	0.01077	0.00603	0.00689	0.01034	0.01421	0.01895	0.04092	0.73426	0.04910	0.02326	0.00948	0.00301	0.00431	0.02110	0.00689	0.00603
30	0.02253	0.50641	0.03313	0.01457	0.02036	0.16532	0.01322	0.10833	0.01888	0.02145	0.01154	0.01298	0.00994	0.00695	0.00550	0.00174	0.00907	0.00449	0.00386	0.00975
31	0.01159	0.00902	0.01058	0.01060	0.01257	0.00899	0.00775	0.03774	0.13023	0.02487	0.20937	0.29690	0.16593	0.01768	0.00877	0.00264	0.00440	0.01553	0.00735	0.00751
32	0.02509	0.17301	0.08353	0.01806	0.02299	0.51731	0.01516	0.02767	0.01942	0.01850	0.01141	0.01330	0.00954	0.00735	0.00635	0.00189	0.01212	0.00468	0.00364	0.00899
33	0.02822	0.02079	0.02228	0.01708	0.02302	0.02302	0.01411	0.66804	0.03490	0.04679	0.01782	0.01782	0.01262	0.00891	0.00743	0.00223	0.00817	0.00668	0.00743	0.01262
34	0.03299	0.01315	0.01755	0.01345	0.01921	0.01167	0.01111	0.07593	0.02211	0.65697	0.02857	0.02480	0.01801	0.00917	0.00746	0.00229	0.00643	0.00742	0.00908	0.01263
35	0.01096	0.00718	0.00850	0.00850	0.00859	0.00728	0.00500	0.01087	0.01078	0.01446	0.02223	0.04497	0.02518	0.62953	0.08383	0.07500	0.00802	0.01022	0.00435	0.00454
36	0.01061	0.00795	0.01193	0.01193	0.01326	0.00928	0.00928	0.01326	0.01193	0.01723	0.01988	0.02916	0.01856	0.05568	0.70968	0.01193	0.01988	0.00795	0.00398	0.00663
37	0.01985	0.74357	0.03890	0.01270	0.01905	0.02937	0.01270	0.02223	0.01508	0.01747	0.01032	0.01191	0.00953	0.00635	0.00476	0.00159	0.00794	0.00397	0.00318	0.00953
38	0.01539	0.01319	0.01539	0.01100	0.01759	0.00990	0.00880	0.01869	0.01539	0.02419	0.01319	0.01539	0.01100	0.00550	0.00550	0.00110	0.00550	0.00440	0.00440	0.78449
39	0.01837	0.01764	0.03013	0.04557	0.69279	0.01764	0.02278	0.02278	0.01690	0.02425	0.01396	0.01837	0.01176	0.00661	0.00735	0.00220	0.00882	0.00661	0.00367	0.01176
40	0.02822	0.02079	0.02228	0.01708	0.02302	0.02302	0.01411	0.66804	0.03490	0.04679	0.01782	0.01782	0.01262	0.00891	0.00743	0.00223	0.00817	0.00668	0.00743	0.01262
41	0.01402	0.01319	0.02227	0.72126	0.05113	0.01649	0.02062	0.01897	0.01484	0.01897	0.01319	0.01979	0.00990	0.00742	0.00742	0.00247	0.00990	0.00660	0.00330	0.00825
42	0.02735	0.01996	0.02135	0.01647	0.02215	0.02205	0.01357	0.62877	0.03374	0.04563	0.01821	0.01842	0.01301	0.00890	0.00729	0.00220	0.00788	0.00670	0.05407	0.01228
43	0.01149	0.00821	0.01142	0.01313	0.01463	0.00814	0.01114	0.01456	0.01662	0.02168	0.03957	0.18973	0.04376	0.02096	0.01013	0.00335	0.00642	0.54152	0.00684	0.00670
44	0.01402	0.01319	0.02227	0.72126	0.05113	0.01649	0.02062	0.01897	0.01484	0.01897	0.01319	0.01979	0.00990	0.00742	0.00742	0.00247	0.00990	0.00660	0.00330	0.00825
45	0.25247	0.12217	0.40472	0.01659	0.02502	0.01863	0.01961	0.02283	0.01467	0.02572	0.01202	0.01408	0.00900	0.00691	0.00601	0.00224	0.00898	0.00484	0.00359	0.00989
46	0.02296	0.46403	0.03185	0.01524	0.02059	0.29776	0.01335	0.02516	0.01743	0.01774	0.01078	0.01249	0.00954	0.00686	0.00553	0.00172	0.01009	0.00429	0.00343	0.00916
47	0.01511	0.01289	0.01509	0.01097	0.01729	0.00972	0.00871	0.01832	0.01534	0.02396	0.01444	0.04765	0.01271	0.00629	0.00568	0.00119	0.00544	0.00515	0.00451	0.74956
48	0.00999	0.00695	0.00874	0.00948	0.00987	0.00685	0.00609	0.01095	0.01287	0.01736	0.06074	0.35222	0.03802	0.32882	0.08225	0.00553	0.00685	0.01525	0.00568	0.00548
49	0.08590	0.04093	0.12923	0.01831	0.09262	0.01384	0.05982	0.02257	0.01658	0.17802	0.02695	0.13097	0.08612	0.01136	0.00859	0.00247	0.05077	0.00953	0.00570	0.00969
50	0.34640	0.01865	0.01816	0.01852	0.10587	0.12815	0.01312	0.02305	0.04515	0.02589	0.01177	0.01483	0.00986	0.00860	0.01020	0.00246	0.18107	0.00528	0.00416	0.00881
51	0.01349	0.01011	0.01219	0.01210	0.01440	0.01029	0.00956	0.10511	0.07564	0.02664	0.14976	0.21113	0.11431	0.01756	0.00904	0.00280	0.00546	0.18536	0.00722	0.00783
52	0.02063	0.02026	0.07082	0.12878	0.20055	0.07522	0.04391	0.20659	0.04746	0.02976	0.03810	0.01937	0.01372	0.00786	0.00733	0.00221	0.00902	0.00668	0.00500	0.04673

[dist]
# distance from previous block
# <min> <max>
2	29

[block]
# block no. 7 follows, 27 sequences, length 74
# corresponding to MSA columns:
# 506-579
name=unknown_H
#
# <colnr> <probs for GDERKNQSTAVLIFYWHMCP>
#	G	D	E	R	K	N	Q	S	T	A	V	L	I	F	Y	W	H	M	C	P
0	0.74275	0.01477	0.01164	0.01023	0.01491	0.01706	0.00843	0.06313	0.01406	0.03417	0.01082	0.01243	0.00833	0.00702	0.00478	0.00229	0.00590	0.00419	0.00478	0.00833
1	0.01900	0.59809	0.13233	0.01508	0.02216	0.02699	0.05653	0.02251	0.01532	0.01872	0.01104	0.01296	0.00962	0.00644	0.00534	0.00175	0.00866	0.00449	0.00321	0.00976
2	0.02527	0.07778	0.02079	0.01752	0.02137	0.59343	0.01334	0.02721	0.02023	0.01832	0.01797	0.01927	0.07962	0.00872	0.00678	0.00195	0.01205	0.00585	0.00410	0.00842
3	0.01600	0.01487	0.12624	0.03608	0.02025	0.01140	0.07976	0.02023	0.01656	0.13016	0.12588	0.03216	0.02548	0.04197	0.18234	0.00487	0.01057	0.03676	0.05971	0.00871
4	0.01286	0.00820	0.01095	0.01084	0.01286	0.00813	0.00832	0.01514	0.01498	0.10564	0.03899	0.17372	0.18318	0.03325	0.28933	0.00639	0.01079	0.04321	0.00602	0.00721
5	0.01640	0.01694	0.01850	0.26097	0.02880	0.18224	0.05490	0.01905	0.01529	0.01771	0.01718	0.05878	0.01677	0.22695	0.01650	0.00378	0.00986	0.00820	0.00398	0.00723
6	0.02231	0.02380	0.03519	0.01947	0.09009	0.30439	0.01377	0.03068	0.23081	0.05872	0.02033	0.04598	0.01668	0.04469	0.00870	0.00246	0.00946	0.00715	0.00541	0.00992
7	0.02469	0.01904	0.02029	0.01637	0.02167	0.02137	0.01326	0.44027	0.26844	0.04109	0.02231	0.02140	0.01626	0.00933	0.00747	0.00233	0.00734	0.00730	0.00747	0.01231
8	0.52022	0.08543	0.16180	0.01253	0.01874	0.01763	0.01266	0.02208	0.01363	0.02936	0.01110	0.01297	0.00860	0.00681	0.00518	0.00219	0.00705	0.00435	0.00414	0.04350
9	0.01817	0.37589	0.34934	0.01671	0.02520	0.02276	0.01955	0.02351	0.01566	0.05358	0.01266	0.01433	0.00990	0.00682	0.00597	0.00198	0.00929	0.00485	0.00345	0.01036
10	0.02150	0.01230	0.01502	0.01253	0.01676	0.01201	0.00994	0.05464	0.18224	0.26539	0.22571	0.03398	0.03421	0.01095	0.00775	0.00228	0.00539	0.00925	0.00811	0.06007
11	0.09696	0.01465	0.01476	0.01325	0.01624	0.07887	0.01034	0.18298	0.01985	0.02732	0.02877	0.16352	0.11487	0.02005	0.11468	0.00392	0.05425	0.01044	0.00583	0.00843
12	0.01671	0.07806	0.16654	0.06342	0.36104	0.01741	0.06506	0.02188	0.01688	0.02387	0.08310	0.02131	0.01699	0.00758	0.00733	0.00223	0.00894	0.00702	0.00398	0.01066
13	0.01716	0.01199	0.01375	0.01159	0.01577	0.01118	0.00903	0.11096	0.08118	0.11245	0.03672	0.15093	0.17949	0.01297	0.00765	0.00219	0.00541	0.01092	0.00674	0.19191
14	0.05064	0.09018	0.02740	0.02942	0.31666	0.01630	0.13098	0.01997	0.01633	0.02276	0.02411	0.10615	0.09759	0.00992	0.00763	0.00233	0.00812	0.00936	0.00444	0.00973
15	0.01487	0.02120	0.22629	0.09913	0.23267	0.01502	0.06861	0.02015	0.01609	0.02279	0.04856	0.14236	0.01984	0.01004	0.00780	0.00244	0.00884	0.00923	0.00423	0.00984
16	0.01267	0.00800	0.01072	0.01170	0.01336	0.00754	0.00919	0.01500	0.01630	0.09026	0.04200	0.34968	0.09780	0.02035	0.00951	0.00306	0.00546	0.26325	0.00711	0.00705
17	0.01523	0.03605	0.61652	0.02246	0.03298	0.01744	0.10919	0.02354	0.01591	0.02354	0.01354	0.01623	0.00964	0.00695	0.00727	0.00237	0.01117	0.00591	0.00321	0.01085
18	0.01769	0.01076	0.01678	0.01426	0.01782	0.00980	0.10625	0.02084	0.01835	0.21210	0.13234	0.17071	0.10494	0.01476	0.00873	0.00264	0.00626	0.09897	0.00725	0.00875
19	0.01080	0.00720	0.00810	0.00810	0.00810	0.00720	0.00450	0.01080	0.01080	0.01439	0.02339	0.04858	0.02699	0.73910	0.03779	0.00720	0.00720	0.01080	0.00450	0.00450
20	0.03331	0.01263	0.01723	0.01321	0.01895	0.01091	0.01091	0.03618	0.02125	0.69794	0.02929	0.02527	0.01838	0.00919	0.00747	0.00230	0.00632	0.00747	0.00919	0.01263
21	0.01241	0.00662	0.00987	0.00997	0.01014	0.00675	0.00680	0.01012	0.01019	0.01374	0.01530	0.06394	0.01561	0.02907	0.10588	0.65099	0.00786	0.00746	0.00352	0.00377
22	0.01665	0.03545	0.54118	0.02221	0.06798	0.09690	0.02495	0.02381	0.01608	0.02258	0.01292	0.01560	0.00958	0.00748	0.00814	0.00235	0.05680	0.00553	0.00325	0.01056
23	0.02582	0.01476	0.01986	0.02016	0.15185	0.01455	0.01363	0.13088	0.08803	0.32805	0.06672	0.02714	0.02080	0.00954	0.00763	0.00234	0.00690	0.03204	0.00751	0.01179
24	0.01411	0.01347	0.02178	0.01967	0.06609	0.04106	0.14627	0.01743	0.01368	0.01919	0.01655	0.02389	0.01485	0.03356	0.38204	0.00757	0.12934	0.00767	0.00379	0.00799
25	0.01930	0.01869	0.02962	0.03902	0.51087	0.05717	0.09043	0.06695	0.01838	0.02553	0.01461	0.01860	0.01193	0.00687	0.00738	0.00220	0.00922	0.00676	0.03520	0.01125
26	0.01848	0.01628	0.02739	0.15933	0.25510	0.01811	0.10526	0.02240	0.01572	0.09106	0.01452	0.01905	0.01154	0.00852	0.01166	0.00256	0.18189	0.00696	0.00408	0.01009
27	0.75420	0.01538	0.01141	0.01022	0.01478	0.05051	0.00835	0.02220	0.01304	0.03257	0.01039	0.01212	0.00811	0.00693	0.00470	0.00228	0.00612	0.00406	0.00456	0.00807
28	0.02181	0.02325	0.27429	0.01647	0.02357	0.01522	0.01721	0.16122	0.02173	0.20556	0.09528	0.05094	0.02077	0.00954	0.00752	0.00233	0.00807	0.00775	0.00634	0.01112
29	0.02360	0.10062	0.02441	0.01809	0.02307	0.24504	0.09650	0.11518	0.15800	0.06869	0.01811	0.01888	0.01379	0.00814	0.00702	0.00214	0.00965	0.00645	0.03236	0.01027
