[name]
unknown

[dist]
# distance from previous block
# <min> <max>
13	203

[block]
# block no. 0 follows, 27 sequences, length 13
# corresponding to MSA columns:
# 349-361
name=unknown_A
#
# <colnr> <probs for GDERKNQSTAVLIFYWHMCP>
#	G	D	E	R	K	N	Q	S	T	A	V	L	I	F	Y	W	H	M	C	P
0	0.12218	0.04444	0.10718	0.01752	0.11510	0.03809	0.01320	0.02159	0.08155	0.05694	0.06590	0.05889	0.05758	0.07734	0.05576	0.00333	0.00800	0.00814	0.00512	0.04217
1	0.09004	0.01885	0.11494	0.01952	0.13930	0.05323	0.01455	0.06927	0.04733	0.04981	0.03868	0.07586	0.01643	0.00850	0.00676	0.00201	0.00741	0.00702	0.00493	0.21558
2	0.17862	0.11015	0.06497	0.01516	0.02046	0.21516	0.01291	0.10610	0.09560	0.02707	0.01433	0.01547	0.01126	0.00755	0.00615	0.00202	0.00881	0.00520	0.00479	0.07822
3	0.13806	0.13849	0.15948	0.04583	0.02128	0.04800	0.01411	0.08214	0.01786	0.05872	0.08311	0.06646	0.04616	0.00945	0.00667	0.00218	0.00757	0.00736	0.00504	0.04203
4	0.04962	0.21662	0.35178	0.01741	0.02600	0.01930	0.05565	0.02235	0.01545	0.02247	0.01249	0.01473	0.00974	0.00657	0.00620	0.00196	0.00917	0.00504	0.00344	0.13403
5	0.01460	0.05132	0.17595	0.01358	0.01835	0.05566	0.01306	0.04170	0.05025	0.04730	0.17605	0.14032	0.11375	0.01297	0.00787	0.00235	0.00670	0.01094	0.00595	0.04134
6	0.01972	0.09289	0.16041	0.02218	0.15553	0.06246	0.04845	0.06704	0.04778	0.08365	0.01594	0.01781	0.01217	0.00716	0.00672	0.00200	0.00854	0.00594	0.03287	0.13074
7	0.06780	0.07884	0.13556	0.01692	0.04948	0.09572	0.04364	0.13195	0.01981	0.02770	0.06604	0.01859	0.01517	0.00757	0.00659	0.00191	0.00828	0.00594	0.00479	0.19770
8	0.19071	0.09457	0.07876	0.05140	0.06604	0.15649	0.04281	0.02260	0.04818	0.02351	0.01774	0.12017	0.01686	0.00994	0.00679	0.00231	0.00852	0.02930	0.00455	0.00876
9	0.00999	0.00809	0.00898	0.00913	0.01122	0.00747	0.00669	0.01377	0.07937	0.02220	0.14877	0.21498	0.39556	0.01848	0.00881	0.00260	0.00405	0.01590	0.00713	0.00683
10	0.02773	0.03538	0.02104	0.01913	0.02295	0.70930	0.01434	0.02964	0.02104	0.01817	0.01148	0.01339	0.00956	0.00765	0.00669	0.00191	0.01339	0.00478	0.00383	0.00861
11	0.01594	0.01454	0.02113	0.16916	0.20047	0.01410	0.01538	0.01976	0.01542	0.02272	0.01318	0.01714	0.01089	0.00666	0.00757	0.00181	0.05247	0.00557	0.00391	0.37221
12	0.01126	0.00684	0.00954	0.00993	0.01025	0.00697	0.00668	0.01064	0.01128	0.01527	0.02229	0.18887	0.02455	0.15778	0.14253	0.33707	0.00840	0.01079	0.00441	0.00467

[dist]
# distance from previous block
# <min> <max>
0	1

[block]
# block no. 1 follows, 27 sequences, length 162
# corresponding to MSA columns:
# 363-524
name=unknown_B
#
# <colnr> <probs for GDERKNQSTAVLIFYWHMCP>
#	G	D	E	R	K	N	Q	S	T	A	V	L	I	F	Y	W	H	M	C	P
0	0.02012	0.08536	0.04765	0.01587	0.02047	0.14445	0.01295	0.03548	0.47359	0.02720	0.02435	0.02320	0.01857	0.00918	0.00713	0.00232	0.00763	0.00722	0.00631	0.01095
1	0.27347	0.10582	0.02073	0.01894	0.11840	0.27287	0.01313	0.02452	0.01661	0.02388	0.01171	0.01421	0.00978	0.00920	0.03663	0.00248	0.00988	0.00485	0.00399	0.00891
2	0.01727	0.01456	0.06697	0.05916	0.22777	0.01300	0.03616	0.02211	0.06446	0.12537	0.04886	0.22179	0.02579	0.01228	0.00806	0.00251	0.00710	0.01116	0.00580	0.00983
3	0.01660	0.01495	0.01727	0.08508	0.04769	0.05149	0.01107	0.04602	0.01652	0.02424	0.01332	0.01594	0.01090	0.00600	0.00591	0.00137	0.00663	0.00482	0.00435	0.59984
4	0.01064	0.00783	0.01130	0.01130	0.01241	0.00894	0.00850	0.01285	0.01175	0.01677	0.02046	0.03234	0.01994	0.16729	0.59996	0.01116	0.01781	0.00842	0.00406	0.00628
5	0.02741	0.02039	0.02183	0.01692	0.02271	0.02265	0.01392	0.61612	0.08814	0.04549	0.01885	0.01864	0.01345	0.00901	0.00744	0.00225	0.00798	0.00682	0.00744	0.01255
6	0.02105	0.14002	0.08029	0.02349	0.05634	0.09962	0.26685	0.11937	0.01983	0.05139	0.01444	0.01731	0.01109	0.00728	0.00809	0.00225	0.03984	0.00677	0.00435	0.01032
7	0.01446	0.01382	0.02335	0.62249	0.07257	0.01705	0.04310	0.01920	0.01477	0.01926	0.01305	0.01950	0.01000	0.00774	0.00865	0.00252	0.06004	0.00667	0.00333	0.00843
8	0.01061	0.00795	0.01193	0.01193	0.01326	0.00928	0.00928	0.01326	0.01193	0.01723	0.01988	0.02916	0.01856	0.05568	0.70968	0.01193	0.01988	0.00795	0.00398	0.00663
9	0.01058	0.00790	0.01133	0.01147	0.01247	0.00898	0.00857	0.01269	0.01208	0.01713	0.02287	0.12683	0.02348	0.13449	0.51121	0.00988	0.03723	0.01005	0.00442	0.00633
10	0.01713	0.10384	0.29202	0.07669	0.20025	0.04290	0.06684	0.02423	0.06340	0.02310	0.01441	0.01733	0.01113	0.00707	0.00705	0.00225	0.00985	0.00610	0.00367	0.01073
11	0.00902	0.00705	0.00818	0.00891	0.01043	0.00621	0.00630	0.01075	0.01599	0.02024	0.10274	0.36836	0.35831	0.02055	0.00909	0.00272	0.00399	0.01796	0.00698	0.00621
12	0.01006	0.00783	0.01140	0.15524	0.01899	0.00816	0.00969	0.01210	0.01434	0.01895	0.03527	0.58863	0.04111	0.02003	0.00906	0.00290	0.00545	0.01815	0.00616	0.00648
13	0.01574	0.03332	0.53659	0.02713	0.19377	0.01734	0.02629	0.02333	0.01597	0.02369	0.01348	0.01633	0.00998	0.00695	0.00713	0.00232	0.01044	0.00576	0.00327	0.01116
14	0.18617	0.09180	0.04268	0.01610	0.08960	0.01639	0.03779	0.12139	0.04090	0.02740	0.05697	0.02687	0.04385	0.15740	0.01288	0.00323	0.00724	0.00748	0.00508	0.00878
15	0.01478	0.01397	0.02364	0.60341	0.16305	0.01669	0.02099	0.01963	0.01520	0.01989	0.01333	0.01954	0.01022	0.00728	0.00741	0.00243	0.00971	0.00660	0.00336	0.00886
16	0.01772	0.01710	0.02957	0.14168	0.57426	0.01752	0.04873	0.02228	0.01663	0.02348	0.01390	0.01864	0.01147	0.00672	0.00742	0.00226	0.00912	0.00670	0.00362	0.01119
17	0.01995	0.01913	0.05371	0.06239	0.36482	0.01890	0.12172	0.15529	0.05851	0.02892	0.01579	0.01902	0.01232	0.00727	0.00759	0.00229	0.00922	0.00703	0.00464	0.01149
18	0.00904	0.00646	0.00861	0.01034	0.01077	0.00603	0.00689	0.01034	0.01421	0.01895	0.04092	0.73426	0.04910	0.02326	0.00948	0.00301	0.00431	0.02110	0.00689	0.00603
19	0.01539	0.01319	0.01539	0.01100	0.01759	0.00990	0.00880	0.01869	0.01539	0.02419	0.01319	0.01539	0.01100	0.00550	0.00550	0.00110	0.00550	0.00440	0.00440	0.78449
20	0.03271	0.01360	0.01783	0.01367	0.01943	0.01234	0.01129	0.11091	0.02286	0.62092	0.02793	0.02439	0.01770	0.00916	0.00746	0.00229	0.00654	0.00737	0.00898	0.01263
21	0.01289	0.00645	0.00967	0.00967	0.00967	0.00645	0.00645	0.00967	0.00967	0.01289	0.01289	0.02257	0.01289	0.02579	0.02901	0.78401	0.00645	0.00645	0.00322	0.00322
22	0.07964	0.02037	0.02226	0.02003	0.08556	0.12121	0.06707	0.26747	0.09489	0.07772	0.01907	0.02231	0.01483	0.00895	0.00739	0.00231	0.00874	0.04307	0.00613	0.01098
23	0.02824	0.01977	0.19595	0.01548	0.02260	0.01317	0.01539	0.06466	0.02048	0.48906	0.02454	0.02239	0.01574	0.00862	0.00736	0.00231	0.00763	0.00691	0.00752	0.01220
24	0.01560	0.01497	0.02589	0.46864	0.25744	0.01698	0.05378	0.02044	0.01564	0.02091	0.01353	0.01935	0.01057	0.00710	0.00747	0.00239	0.00968	0.00671	0.00344	0.00947
25	0.01814	0.01849	0.06738	0.11485	0.55733	0.01773	0.02244	0.05064	0.01740	0.02463	0.01401	0.01835	0.01146	0.00683	0.00734	0.00224	0.00903	0.00655	0.00377	0.01138
26	0.02654	0.02928	0.02080	0.05856	0.02391	0.49395	0.01439	0.08019	0.04604	0.07989	0.01424	0.01582	0.01109	0.00823	0.00778	0.00209	0.04770	0.00549	0.00466	0.00935
27	0.01080	0.00720	0.00810	0.00810	0.00810	0.00720	0.00450	0.01080	0.01080	0.01439	0.02339	0.04858	0.02699	0.73910	0.03779	0.00720	0.00720	0.01080	0.00450	0.00450
28	0.01030	0.00696	0.00839	0.00901	0.01030	0.00646	0.00638	0.01261	0.01638	0.02326	0.18423	0.34411	0.14201	0.01786	0.00834	0.00253	0.00388	0.01573	0.16482	0.00646
29	0.01800	0.01865	0.06824	0.07176	0.62873	0.01757	0.02296	0.02267	0.01675	0.02399	0.01390	0.01828	0.01155	0.00667	0.00734	0.00222	0.00899	0.00655	0.00363	0.01157
30	0.00904	0.00646	0.00861	0.01034	0.01077	0.00603	0.00689	0.01034	0.01421	0.01895	0.04092	0.73426	0.04910	0.02326	0.00948	0.00301	0.00431	0.02110	0.00689	0.00603
31	0.01020	0.00724	0.00928	0.00937	0.01049	0.00680	0.00654	0.01255	0.01756	0.02443	0.41342	0.22123	0.05738	0.14343	0.01400	0.00335	0.00434	0.01486	0.00722	0.00633
32	0.01908	0.01761	0.02781	0.13908	0.52864	0.05189	0.02137	0.02335	0.01707	0.06180	0.01461	0.01872	0.01176	0.00693	0.00733	0.00223	0.00906	0.00657	0.00394	0.01115
33	0.01554	0.01474	0.02501	0.48566	0.27486	0.01689	0.02137	0.02030	0.01556	0.02081	0.01346	0.01930	0.01055	0.00714	0.00740	0.00238	0.00952	0.00660	0.00343	0.00947
34	0.02773	0.03538	0.02104	0.01913	0.02295	0.70930	0.01434	0.02964	0.02104	0.01817	0.01148	0.01339	0.00956	0.00765	0.00669	0.00191	0.01339	0.00478	0.00383	0.00861
35	0.01855	0.07100	0.03425	0.16402	0.03637	0.13084	0.35801	0.02345	0.01730	0.02149	0.01368	0.01814	0.01058	0.00669	0.00774	0.00228	0.01151	0.00716	0.00366	0.04327
36	0.01201	0.00928	0.01105	0.01031	0.01254	0.00931	0.00774	0.01880	0.15539	0.02847	0.47008	0.05071	0.10868	0.05084	0.00997	0.00263	0.00420	0.01244	0.00776	0.00779
37	0.00966	0.00707	0.00908	0.00961	0.01083	0.00649	0.00681	0.01200	0.01750	0.02386	0.33150	0.36569	0.12395	0.01922	0.00908	0.00266	0.00389	0.01715	0.00746	0.00649
38	0.00902	0.00753	0.00786	0.00778	0.01018	0.00637	0.00583	0.01113	0.01750	0.02143	0.16198	0.06918	0.60214	0.01829	0.00877	0.00248	0.00372	0.01535	0.00707	0.00637
39	0.00900	0.00665	0.00842	0.00985	0.01064	0.00607	0.00667	0.01039	0.01469	0.01914	0.04690	0.61865	0.16084	0.02248	0.00935	0.00293	0.00421	0.02016	0.00689	0.00607
40	0.01205	0.00795	0.01031	0.00951	0.01160	0.00724	0.00721	0.01541	0.02080	0.07729	0.60624	0.05420	0.10185	0.01495	0.00866	0.00234	0.00372	0.01313	0.00817	0.00737
41	0.79154	0.01436	0.01091	0.00976	0.01436	0.01665	0.00804	0.02182	0.01263	0.03331	0.01034	0.01206	0.00804	0.00689	0.00459	0.00230	0.00574	0.00402	0.00459	0.00804
42	0.01690	0.32503	0.43166	0.01772	0.02682	0.02217	0.02144	0.02299	0.01543	0.02105	0.01210	0.01414	0.00945	0.00677	0.00612	0.00204	0.00974	0.00487	0.00315	0.01038
43	0.01846	0.01595	0.01679	0.01511	0.01930	0.01846	0.01175	0.03945	0.67938	0.03105	0.03022	0.02770	0.02266	0.01007	0.00755	0.00252	0.00588	0.00839	0.00755	0.01175
44	0.79154	0.01436	0.01091	0.00976	0.01436	0.01665	0.00804	0.02182	0.01263	0.03331	0.01034	0.01206	0.00804	0.00689	0.00459	0.00230	0.00574	0.00402	0.00459	0.00804
45	0.02822	0.02079	0.02228	0.01708	0.02302	0.02302	0.01411	0.66804	0.03490	0.04679	0.01782	0.01782	0.01262	0.00891	0.00743	0.00223	0.00817	0.00668	0.00743	0.01262
46	0.79154	0.01436	0.01091	0.00976	0.01436	0.01665	0.00804	0.02182	0.01263	0.03331	0.01034	0.01206	0.00804	0.00689	0.00459	0.00230	0.00574	0.00402	0.00459	0.00804
47	0.01837	0.01764	0.03013	0.04557	0.69279	0.01764	0.02278	0.02278	0.01690	0.02425	0.01396	0.01837	0.01176	0.00661	0.00735	0.00220	0.00882	0.00661	0.00367	0.01176
48	0.01846	0.01595	0.01679	0.01511	0.01930	0.01846	0.01175	0.03945	0.67938	0.03105	0.03022	0.02770	0.02266	0.01007	0.00755	0.00252	0.00588	0.00839	0.00755	0.01175
49	0.01846	0.01595	0.01679	0.01511	0.01930	0.01846	0.01175	0.03945	0.67938	0.03105	0.03022	0.02770	0.02266	0.01007	0.00755	0.00252	0.00588	0.00839	0.00755	0.01175
50	0.01752	0.02003	0.04380	0.03129	0.03880	0.01877	0.66583	0.02378	0.01752	0.02378	0.01502	0.02003	0.01126	0.00626	0.00876	0.00250	0.01252	0.00876	0.00375	0.01001
51	0.01126	0.00787	0.00942	0.01020	0.01219	0.00744	0.00843	0.01416	0.01672	0.02259	0.04844	0.06813	0.25798	0.01751	0.00872	0.00276	0.00510	0.29989	0.16451	0.00666
52	0.02122	0.01570	0.01756	0.01395	0.01950	0.01575	0.01118	0.16740	0.24587	0.10737	0.02179	0.02121	0.01614	0.00820	0.00683	0.00196	0.00629	0.00659	0.00666	0.26881
53	0.01752	0.02003	0.04380	0.03129	0.03880	0.01877	0.66583	0.02378	0.01752	0.02378	0.01502	0.02003	0.01126	0.00626	0.00876	0.00250	0.01252	0.00876	0.00375	0.01001
54	0.01080	0.00720	0.00810	0.00810	0.00810	0.00720	0.00450	0.01080	0.01080	0.01439	0.02339	0.04858	0.02699	0.73910	0.03779	0.00720	0.00720	0.01080	0.00450	0.00450
55	0.01542	0.00862	0.01105	0.01031	0.01292	0.00769	0.00790	0.01803	0.01877	0.18539	0.25384	0.18106	0.17558	0.01626	0.00866	0.00254	0.00455	0.04556	0.00785	0.00801
56	0.00921	0.00679	0.00863	0.00975	0.01070	0.00621	0.00671	0.01091	0.01561	0.02067	0.13902	0.53331	0.15243	0.02140	0.00926	0.00284	0.00411	0.01915	0.00707	0.00621
57	0.01735	0.16130	0.42487	0.02080	0.05868	0.04501	0.05069	0.06014	0.01678	0.02333	0.01290	0.01538	0.00982	0.00730	0.00761	0.00224	0.04627	0.00550	0.00347	0.01057
58	0.03120	0.01601	0.01932	0.01481	0.02064	0.01593	0.01224	0.29790	0.02690	0.42823	0.02454	0.02218	0.01599	0.00907	0.00745	0.00227	0.00708	0.00714	0.00846	0.01263
59	0.47178	0.01790	0.01742	0.02003	0.18242	0.09538	0.01272	0.05998	0.01591	0.03015	0.01178	0.01409	0.00939	0.00702	0.00567	0.00223	0.00750	0.00490	0.00444	0.00928
60	0.00968	0.00679	0.00865	0.00975	0.01036	0.00639	0.00653	0.01071	0.01399	0.01847	0.06453	0.47351	0.10118	0.14105	0.01521	0.04841	0.00491	0.03786	0.00633	0.00570
61	0.14460	0.01943	0.01868	0.01588	0.01921	0.14575	0.01270	0.18278	0.02002	0.07460	0.01583	0.05848	0.01368	0.03850	0.01227	0.00267	0.18335	0.00691	0.00527	0.00937
62	0.35784	0.07369	0.16079	0.01698	0.02358	0.04936	0.13737	0.02365	0.01517	0.06111	0.01284	0.01502	0.00963	0.00692	0.00614	0.00228	0.00863	0.00542	0.00423	0.00938
63	0.31455	0.05006	0.01737	0.01830	0.13416	0.16617	0.01206	0.02182	0.01556	0.02506	0.01601	0.09364	0.01543	0.03900	0.00761	0.00248	0.00798	0.02971	0.00452	0.00848
64	0.01440	0.01297	0.02126	0.16699	0.32960	0.01349	0.01706	0.01793	0.01569	0.02151	0.02309	0.23857	0.02407	0.01243	0.00814	0.00256	0.00758	0.03883	0.00471	0.00911
65	0.01885	0.01527	0.02177	0.04934	0.13105	0.01538	0.10608	0.17108	0.04751	0.03028	0.01798	0.02072	0.01389	0.00760	0.00680	0.00201	0.00737	0.00677	0.19058	0.11968
66	0.00937	0.00754	0.00835	0.00815	0.01039	0.00652	0.00611	0.01181	0.01833	0.02339	0.28615	0.06595	0.47675	0.01756	0.00877	0.00245	0.00367	0.01490	0.00733	0.00652
67	0.06417	0.01270	0.01697	0.01307	0.01876	0.01114	0.01079	0.03559	0.02090	0.67088	0.02852	0.02473	0.01796	0.00909	0.00735	0.00230	0.00629	0.00733	0.00900	0.01245
68	0.01155	0.00727	0.00799	0.00781	0.00974	0.00678	0.00586	0.01462	0.01757	0.02639	0.23975	0.04718	0.20362	0.01320	0.00718	0.00211	0.00355	0.01111	0.34994	0.00678
69	0.01846	0.01595	0.01679	0.01511	0.01930	0.01846	0.01175	0.03945	0.67938	0.03105	0.03022	0.02770	0.02266	0.01007	0.00755	0.00252	0.00588	0.00839	0.00755	0.01175
70	0.01752	0.02003	0.04380	0.03129	0.03880	0.01877	0.66583	0.02378	0.01752	0.02378	0.01502	0.02003	0.01126	0.00626	0.00876	0.00250	0.01252	0.00876	0.00375	0.01001
71	0.01539	0.01319	0.01539	0.01100	0.01759	0.00990	0.00880	0.01869	0.01539	0.02419	0.01319	0.01539	0.01100	0.00550	0.00550	0.00110	0.00550	0.00440	0.00440	0.78449
72	0.01402	0.01319	0.02227	0.72126	0.05113	0.01649	0.02062	0.01897	0.01484	0.01897	0.01319	0.01979	0.00990	0.00742	0.00742	0.00247	0.00990	0.00660	0.00330	0.00825
73	0.01402	0.01319	0.02227	0.72126	0.05113	0.01649	0.02062	0.01897	0.01484	0.01897	0.01319	0.01979	0.00990	0.00742	0.00742	0.00247	0.00990	0.00660	0.00330	0.00825
74	0.01043	0.00759	0.00981	0.00926	0.01104	0.00697	0.00694	0.01386	0.02083	0.02933	0.66092	0.05618	0.09828	0.01534	0.00876	0.00234	0.00351	0.01353	0.00811	0.00697
75	0.03331	0.01263	0.01723	0.01321	0.01895	0.01091	0.01091	0.03618	0.02125	0.69794	0.02929	0.02527	0.01838	0.00919	0.00747	0.00230	0.00632	0.00747	0.00919	0.01263
76	0.03331	0.01263	0.01723	0.01321	0.01895	0.01091	0.01091	0.03618	0.02125	0.69794	0.02929	0.02527	0.01838	0.00919	0.00747	0.00230	0.00632	0.00747	0.00919	0.01263
77	0.01136	0.00835	0.01113	0.01252	0.01438	0.00812	0.01078	0.01449	0.01706	0.02181	0.04605	0.08143	0.16420	0.02019	0.00998	0.00325	0.00626	0.52509	0.00685	0.00673
78	0.02822	0.02079	0.02228	0.01708	0.02302	0.02302	0.01411	0.66804	0.03490	0.04679	0.01782	0.01782	0.01262	0.00891	0.00743	0.00223	0.00817	0.00668	0.00743	0.01262
79	0.01043	0.00759	0.00981	0.00926	0.01104	0.00697	0.00694	0.01386	0.02083	0.02933	0.66092	0.05618	0.09828	0.01534	0.00876	0.00234	0.00351	0.01353	0.00811	0.00697
80	0.03331	0.01263	0.01723	0.01321	0.01895	0.01091	0.01091	0.03618	0.02125	0.69794	0.02929	0.02527	0.01838	0.00919	0.00747	0.00230	0.00632	0.00747	0.00919	0.01263
81	0.05784	0.01649	0.02739	0.02072	0.02672	0.01620	0.27131	0.03142	0.18523	0.23163	0.02299	0.02319	0.01616	0.00814	0.00787	0.00243	0.00864	0.00806	0.00641	0.01116
82	0.01402	0.01319	0.02227	0.72126	0.05113	0.01649	0.02062	0.01897	0.01484	0.01897	0.01319	0.01979	0.00990	0.00742	0.00742	0.00247	0.00990	0.00660	0.00330	0.00825
83	0.01051	0.00759	0.00992	0.00934	0.01109	0.00700	0.00700	0.01401	0.02101	0.02977	0.68888	0.05545	0.07005	0.01518	0.00876	0.00233	0.00350	0.01343	0.00817	0.00700
84	0.03166	0.01527	0.01886	0.01446	0.02027	0.01483	0.01195	0.24048	0.02566	0.48740	0.02558	0.02286	0.01652	0.00910	0.00745	0.00227	0.00692	0.00721	0.00862	0.01263
85	0.01659	0.19611	0.49978	0.01959	0.02912	0.04581	0.04961	0.02346	0.01582	0.02196	0.01265	0.01492	0.00951	0.00689	0.00659	0.00217	0.01044	0.00525	0.00319	0.01052
86	0.01489	0.03840	0.70064	0.02116	0.03213	0.01724	0.02743	0.02351	0.01567	0.02351	0.01332	0.01567	0.00940	0.00705	0.00705	0.00235	0.01097	0.00549	0.00313	0.01097
87	0.01114	0.00796	0.01102	0.01273	0.01408	0.00784	0.01053	0.01396	0.01628	0.02130	0.03976	0.26721	0.04452	0.02128	0.01003	0.00330	0.00612	0.46748	0.00685	0.00661
88	0.01985	0.74357	0.03890	0.01270	0.01905	0.02937	0.01270	0.02223	0.01508	0.01747	0.01032	0.01191	0.00953	0.00635	0.00476	0.00159	0.00794	0.00397	0.00318	0.00953
89	0.01051	0.00759	0.00992	0.00934	0.01109	0.00700	0.00700	0.01401	0.02101	0.02977	0.68888	0.05545	0.07005	0.01518	0.00876	0.00233	0.00350	0.01343	0.00817	0.00700
90	0.01657	0.02965	0.42612	0.02031	0.07477	0.04674	0.02145	0.04814	0.10051	0.02549	0.01648	0.01835	0.01224	0.00756	0.00692	0.00223	0.00933	0.00602	0.06855	0.04256
91	0.00904	0.00646	0.00861	0.01034	0.01077	0.00603	0.00689	0.01034	0.01421	0.01895	0.04092	0.73426	0.04910	0.02326	0.00948	0.00301	0.00431	0.02110	0.00689	0.00603
92	0.79154	0.01436	0.01091	0.00976	0.01436	0.01665	0.00804	0.02182	0.01263	0.03331	0.01034	0.01206	0.00804	0.00689	0.00459	0.00230	0.00574	0.00402	0.00459	0.00804
93	0.04618	0.07581	0.20979	0.02215	0.12401	0.01809	0.07705	0.06419	0.16042	0.07394	0.04258	0.02088	0.01573	0.00806	0.00722	0.00231	0.00853	0.00691	0.00513	0.01103
94	0.01533	0.01704	0.15011	0.01445	0.01891	0.01391	0.01331	0.02584	0.25862	0.05464	0.10257	0.03002	0.02485	0.06164	0.16046	0.00475	0.00971	0.00842	0.00588	0.00955
95	0.01051	0.00759	0.00992	0.00934	0.01109	0.00700	0.00700	0.01401	0.02101	0.02977	0.68888	0.05545	0.07005	0.01518	0.00876	0.00233	0.00350	0.01343	0.00817	0.00700
96	0.79154	0.01436	0.01091	0.00976	0.01436	0.01665	0.00804	0.02182	0.01263	0.03331	0.01034	0.01206	0.00804	0.00689	0.00459	0.00230	0.00574	0.00402	0.00459	0.00804
97	0.01061	0.00795	0.01193	0.01193	0.01326	0.00928	0.00928	0.01326	0.01193	0.01723	0.01988	0.02916	0.01856	0.05568	0.70968	0.01193	0.01988	0.00795	0.00398	0.00663
98	0.02048	0.01646	0.01740	0.01499	0.01943	0.01873	0.01185	0.18908	0.47656	0.03460	0.02680	0.02532	0.01999	0.00969	0.00735	0.00239	0.00625	0.00788	0.06313	0.01161
99	0.00877	0.00752	0.00752	0.00752	0.01003	0.00627	0.00564	0.01065	0.01692	0.02005	0.07520	0.07144	0.68978	0.01880	0.00877	0.00251	0.00376	0.01567	0.00689	0.00627
100	0.01402	0.01319	0.02227	0.72126	0.05113	0.01649	0.02062	0.01897	0.01484	0.01897	0.01319	0.01979	0.00990	0.00742	0.00742	0.00247	0.00990	0.00660	0.00330	0.00825
101	0.01080	0.00720	0.00810	0.00810	0.00810	0.00720	0.00450	0.01080	0.01080	0.01439	0.02339	0.04858	0.02699	0.73910	0.03779	0.00720	0.00720	0.01080	0.00450	0.00450
102	0.01489	0.03840	0.70064	0.02116	0.03213	0.01724	0.02743	0.02351	0.01567	0.02351	0.01332	0.01567	0.00940	0.00705	0.00705	0.00235	0.01097	0.00549	0.00313	0.01097
103	0.01956	0.70315	0.07683	0.01319	0.01980	0.02868	0.01355	0.02230	0.01512	0.01781	0.01049	0.01212	0.00952	0.00639	0.00489	0.00163	0.00811	0.00406	0.00317	0.00961
104	0.01664	0.01564	0.02625	0.22576	0.46674	0.01648	0.02087	0.02106	0.01630	0.02277	0.01663	0.02127	0.03939	0.00741	0.00735	0.00227	0.00871	0.00699	0.03103	0.01041
105	0.02377	0.01802	0.01945	0.01577	0.02075	0.02017	0.01277	0.42674	0.20477	0.03969	0.02154	0.02167	0.01599	0.01255	0.05752	0.00298	0.00820	0.00724	0.03867	0.01173
106	0.02516	0.01895	0.01896	0.01510	0.02000	0.07002	0.01225	0.48452	0.02983	0.04067	0.01870	0.01957	0.01374	0.00876	0.00690	0.00210	0.00756	0.00659	0.16947	0.01113
107	0.01890	0.13527	0.14930	0.02017	0.11832	0.07701	0.01650	0.08221	0.06360	0.02463	0.01411	0.01629	0.01134	0.00738	0.00761	0.00198	0.05609	0.00551	0.00424	0.16955
108	0.02053	0.02085	0.02601	0.08408	0.32845	0.16718	0.05886	0.09285	0.01964	0.02476	0.01603	0.02306	0.01387	0.00832	0.00756	0.00229	0.00988	0.06106	0.00436	0.01037
109	0.01846	0.01595	0.01679	0.01511	0.01930	0.01846	0.01175	0.03945	0.67938	0.03105	0.03022	0.02770	0.02266	0.01007	0.00755	0.00252	0.00588	0.00839	0.00755	0.01175
110	0.01044	0.00858	0.01160	0.16272	0.01958	0.00868	0.00979	0.01318	0.01645	0.02110	0.13897	0.20973	0.26380	0.01697	0.00874	0.00265	0.00539	0.05853	0.00630	0.00678
111	0.00895	0.00684	0.00822	0.00933	0.01050	0.00611	0.00644	0.01045	0.01518	0.01935	0.05320	0.49673	0.27869	0.02166	0.00922	0.00283	0.00411	0.01916	0.00689	0.00611
112	0.01785	0.01710	0.02919	0.12686	0.61560	0.01750	0.02252	0.02232	0.01666	0.02362	0.01387	0.01854	0.01153	0.00671	0.00736	0.00224	0.00895	0.00661	0.00363	0.01134
113	0.01068	0.00766	0.01046	0.01046	0.01128	0.00848	0.00745	0.01232	0.01150	0.01615	0.02123	0.03659	0.02178	0.31712	0.45266	0.01012	0.01503	0.00904	0.00418	0.00581
114	0.01066	0.00763	0.01041	0.01176	0.01300	0.00738	0.00931	0.01331	0.01666	0.02223	0.14389	0.31769	0.04944	0.02066	0.00973	0.00310	0.00538	0.31414	0.00707	0.00657
115	0.01846	0.01595	0.01679	0.01511	0.01930	0.01846	0.01175	0.03945	0.67938	0.03105	0.03022	0.02770	0.02266	0.01007	0.00755	0.00252	0.00588	0.00839	0.00755	0.01175
116	0.01985	0.74357	0.03890	0.01270	0.01905	0.02937	0.01270	0.02223	0.01508	0.01747	0.01032	0.01191	0.00953	0.00635	0.00476	0.00159	0.00794	0.00397	0.00318	0.00953
117	0.79154	0.01436	0.01091	0.00976	0.01436	0.01665	0.00804	0.02182	0.01263	0.03331	0.01034	0.01206	0.00804	0.00689	0.00459	0.00230	0.00574	0.00402	0.00459	0.00804
118	0.01196	0.00854	0.01196	0.01367	0.01538	0.00854	0.01196	0.01538	0.01709	0.02222	0.03931	0.08374	0.04272	0.02051	0.01025	0.00342	0.00684	0.64283	0.00684	0.00684
119	0.00904	0.00646	0.00861	0.01034	0.01077	0.00603	0.00689	0.01034	0.01421	0.01895	0.04092	0.73426	0.04910	0.02326	0.00948	0.00301	0.00431	0.02110	0.00689	0.00603
120	0.00904	0.00646	0.00861	0.01034	0.01077	0.00603	0.00689	0.01034	0.01421	0.01895	0.04092	0.73426	0.04910	0.02326	0.00948	0.00301	0.00431	0.02110	0.00689	0.00603
121	0.01481	0.01400	0.02370	0.59821	0.16799	0.01670	0.02101	0.01966	0.01522	0.01993	0.01333	0.01953	0.01024	0.00727	0.00741	0.00242	0.00970	0.00660	0.00337	0.00889
122	0.01489	0.03840	0.70064	0.02116	0.03213	0.01724	0.02743	0.02351	0.01567	0.02351	0.01332	0.01567	0.00940	0.00705	0.00705	0.00235	0.01097	0.00549	0.00313	0.01097
123	0.02874	0.01367	0.01694	0.01324	0.01857	0.01286	0.01085	0.16857	0.02358	0.46192	0.03331	0.03020	0.11208	0.01049	0.00764	0.00231	0.00635	0.00846	0.00848	0.01173
124	0.01260	0.01006	0.01363	0.01372	0.01627	0.01010	0.04822	0.01837	0.11074	0.02315	0.04340	0.06984	0.16016	0.01789	0.00951	0.00307	0.00645	0.39844	0.00677	0.00761
125	0.01994	0.01410	0.01546	0.01361	0.01701	0.06383	0.01055	0.08956	0.19161	0.15210	0.02395	0.02793	0.01930	0.10212	0.19906	0.00544	0.01063	0.00794	0.00628	0.00960
126	0.01985	0.74357	0.03890	0.01270	0.01905	0.02937	0.01270	0.02223	0.01508	0.01747	0.01032	0.01191	0.00953	0.00635	0.00476	0.00159	0.00794	0.00397	0.00318	0.00953
127	0.01810	0.01829	0.01845	0.09825	0.06993	0.16199	0.01235	0.02137	0.01665	0.02229	0.01288	0.01568	0.01061	0.00627	0.00611	0.00151	0.00795	0.00489	0.00410	0.47233
128	0.01291	0.09550	0.01430	0.01218	0.01409	0.04249	0.00947	0.04178	0.04004	0.02102	0.03431	0.42281	0.03885	0.01891	0.00881	0.00283	0.00590	0.15023	0.00635	0.00721
129	0.00903	0.00650	0.00857	0.01022	0.01074	0.00604	0.00684	0.01035	0.01432	0.01900	0.04232	0.70720	0.07526	0.02308	0.00945	0.00299	0.00428	0.02088	0.00689	0.00604
130	0.02241	0.02374	0.18517	0.04702	0.11665	0.02007	0.01850	0.37434	0.02614	0.03587	0.01615	0.01795	0.01190	0.01015	0.03804	0.00269	0.00950	0.00644	0.00559	0.01169
131	0.01797	0.01871	0.02695	0.31744	0.15418	0.11618	0.12285	0.04602	0.01702	0.02151	0.01331	0.01835	0.01048	0.00757	0.00871	0.00240	0.06065	0.00668	0.00366	0.00935
132	0.01061	0.00795	0.01193	0.01193	0.01326	0.00928	0.00928	0.01326	0.01193	0.01723	0.01988	0.02916	0.01856	0.05568	0.70968	0.01193	0.01988	0.00795	0.00398	0.00663
133	0.44095	0.01986	0.01591	0.01348	0.01832	0.13928	0.01087	0.20721	0.02044	0.03451	0.01267	0.01393	0.00961	0.00760	0.00577	0.00221	0.00777	0.00491	0.00527	0.00944
134	0.01270	0.00885	0.01133	0.01100	0.01314	0.00866	0.00861	0.01791	0.09105	0.06153	0.42910	0.09499	0.05615	0.01576	0.00888	0.00259	0.00455	0.12765	0.00784	0.00771
135	0.00943	0.00755	0.00844	0.00821	0.01043	0.00655	0.00616	0.01193	0.01848	0.02375	0.30878	0.06536	0.45389	0.01742	0.00877	0.00244	0.00366	0.01481	0.00738	0.00655
136	0.00983	0.00765	0.00903	0.00919	0.01123	0.00684	0.00711	0.01243	0.01811	0.02342	0.26277	0.10162	0.36064	0.01814	0.00903	0.00262	0.00418	0.11229	0.00729	0.00658
137	0.00901	0.00658	0.00849	0.01001	0.01068	0.00606	0.00675	0.01037	0.01452	0.01908	0.04484	0.65834	0.12248	0.02275	0.00940	0.00296	0.00424	0.02048	0.00689	0.00606
138	0.01985	0.74357	0.03890	0.01270	0.01905	0.02937	0.01270	0.02223	0.01508	0.01747	0.01032	0.01191	0.00953	0.00635	0.00476	0.00159	0.00794	0.00397	0.00318	0.00953
139	0.01489	0.03840	0.70064	0.02116	0.03213	0.01724	0.02743	0.02351	0.01567	0.02351	0.01332	0.01567	0.00940	0.00705	0.00705	0.00235	0.01097	0.00549	0.00313	0.01097
140	0.03331	0.01263	0.01723	0.01321	0.01895	0.01091	0.01091	0.03618	0.02125	0.69794	0.02929	0.02527	0.01838	0.00919	0.00747	0.00230	0.00632	0.00747	0.00919	0.01263
141	0.01624	0.01624	0.02274	0.01949	0.01949	0.02274	0.01624	0.01787	0.01137	0.01787	0.00975	0.01624	0.00975	0.01299	0.02436	0.00325	0.72552	0.00650	0.00325	0.00812
142	0.01489	0.03840	0.70064	0.02116	0.03213	0.01724	0.02743	0.02351	0.01567	0.02351	0.01332	0.01567	0.00940	0.00705	0.00705	0.00235	0.01097	0.00549	0.00313	0.01097
143	0.01402	0.01319	0.02227	0.72126	0.05113	0.01649	0.02062	0.01897	0.01484	0.01897	0.01319	0.01979	0.00990	0.00742	0.00742	0.00247	0.00990	0.00660	0.00330	0.00825
144	0.01846	0.01595	0.01679	0.01511	0.01930	0.01846	0.01175	0.03945	0.67938	0.03105	0.03022	0.02770	0.02266	0.01007	0.00755	0.00252	0.00588	0.00839	0.00755	0.01175
145	0.00903	0.00709	0.00817	0.00883	0.01042	0.00623	0.00627	0.01081	0.01617	0.02044	0.11413	0.34108	0.37435	0.02031	0.00906	0.00270	0.00396	0.01770	0.00700	0.00623
146	0.03126	0.01592	0.01926	0.01477	0.02059	0.01578	0.01220	0.29034	0.02674	0.43602	0.02468	0.02227	0.01606	0.00908	0.00745	0.00227	0.00706	0.00715	0.00848	0.01263
147	0.01846	0.01595	0.01679	0.01511	0.01930	0.01846	0.01175	0.03945	0.67938	0.03105	0.03022	0.02770	0.02266	0.01007	0.00755	0.00252	0.00588	0.00839	0.00755	0.01175
148	0.01985	0.74357	0.03890	0.01270	0.01905	0.02937	0.01270	0.02223	0.01508	0.01747	0.01032	0.01191	0.00953	0.00635	0.00476	0.00159	0.00794	0.00397	0.00318	0.00953
149	0.00968	0.00750	0.00881	0.00860	0.01061	0.00663	0.00640	0.01236	0.01889	0.02499	0.38899	0.09657	0.33892	0.01716	0.00880	0.00244	0.00366	0.01479	0.00755	0.00663
150	0.00904	0.00646	0.00861	0.01034	0.01077	0.00603	0.00689	0.01034	0.01421	0.01895	0.04092	0.73426	0.04910	0.02326	0.00948	0.00301	0.00431	0.02110	0.00689	0.00603
151	0.01103	0.00747	0.00888	0.00923	0.00958	0.00747	0.00602	0.01173	0.01208	0.01599	0.02663	0.05575	0.03020	0.59263	0.03217	0.00643	0.00712	0.13962	0.00497	0.00497
152	0.76140	0.01407	0.01076	0.00965	0.01414	0.01628	0.00793	0.02165	0.01275	0.03309	0.01087	0.01266	0.00847	0.00696	0.00462	0.00228	0.00565	0.00413	0.03466	0.00800
153	0.01241	0.00901	0.01085	0.01091	0.01248	0.00897	0.00777	0.11499	0.01827	0.02449	0.12562	0.43156	0.08098	0.08148	0.01146	0.00313	0.00503	0.01658	0.00694	0.00709
154	0.00929	0.00700	0.00844	0.00936	0.01055	0.00635	0.00654	0.01089	0.01534	0.01973	0.08762	0.40945	0.25190	0.07239	0.01126	0.00313	0.00440	0.04351	0.00679	0.00608
155	0.01837	0.01764	0.03013	0.04557	0.69279	0.01764	0.02278	0.02278	0.01690	0.02425	0.01396	0.01837	0.01176	0.00661	0.00735	0.00220	0.00882	0.00661	0.00367	0.01176
156	0.06287	0.13609	0.42133	0.01887	0.02729	0.16780	0.02142	0.02455	0.01657	0.02207	0.01233	0.01444	0.00938	0.00707	0.00651	0.00215	0.01076	0.00504	0.00337	0.01009
157	0.00954	0.00731	0.00874	0.00890	0.01063	0.00651	0.00648	0.01194	0.01796	0.02373	0.31558	0.21616	0.29299	0.01835	0.00893	0.00255	0.00378	0.01600	0.00741	0.00651
158	0.01584	0.01202	0.04450	0.01409	0.01791	0.01042	0.12320	0.04515	0.01791	0.12047	0.06990	0.14946	0.16519	0.01344	0.00809	0.00245	0.00627	0.03417	0.12113	0.00840
159	0.04700	0.02082	0.18177	0.03035	0.33223	0.01565	0.04674	0.02415	0.01698	0.13007	0.01812	0.07123	0.01484	0.00834	0.00741	0.00233	0.00863	0.00755	0.00469	0.01109
160	0.02040	0.02017	0.02570	0.16499	0.16924	0.14457	0.10751	0.15098	0.02073	0.02613	0.01619	0.06899	0.01376	0.00856	0.00761	0.00231	0.00993	0.00762	0.00462	0.01000
161	0.01402	0.01319	0.02227	0.72126	0.05113	0.01649	0.02062	0.01897	0.01484	0.01897	0.01319	0.01979	0.00990	0.00742	0.00742	0.00247	0.00990	0.00660	0.00330	0.00825

[dist]
# distance from previous block
# <min> <max>
0	5

[block]
# block no. 2 follows, 27 sequences, length 22
# corresponding to MSA columns:
# 530-551
name=unknown_C
#
# <colnr> <probs for GDERKNQSTAVLIFYWHMCP>
#	G	D	E	R	K	N	Q	S	T	A	V	L	I	F	Y	W	H	M	C	P
0	0.01872	0.06968	0.14131	0.01612	0.04222	0.13540	0.01424	0.08665	0.05227	0.02422	0.01508	0.01858	0.01253	0.05327	0.04759	0.00269	0.00930	0.00571	0.00442	0.23001
1	0.01913	0.36872	0.07174	0.01384	0.02000	0.08920	0.01283	0.02465	0.10772	0.02127	0.01401	0.01524	0.01166	0.00685	0.00565	0.00169	0.00785	0.00485	0.00411	0.17900
2	0.00915	0.00650	0.00858	0.01021	0.01061	0.00610	0.00675	0.01036	0.01402	0.01869	0.03990	0.69456	0.04782	0.06470	0.01111	0.00326	0.00447	0.02051	0.00675	0.00594
3	0.01767	0.01692	0.02886	0.15528	0.58860	0.01745	0.02243	0.02216	0.01657	0.02339	0.01384	0.01860	0.01146	0.00675	0.00736	0.00225	0.00899	0.00661	0.00361	0.01119
4	0.00969	0.00713	0.00916	0.01017	0.01135	0.00660	0.00742	0.01180	0.01635	0.02168	0.17192	0.40973	0.15144	0.02062	0.00933	0.00286	0.00442	0.10482	0.00713	0.00637
5	0.01012	0.00757	0.00939	0.00893	0.01085	0.00684	0.00670	0.01326	0.02010	0.02761	0.55237	0.05901	0.20790	0.01598	0.00876	0.00237	0.00356	0.01392	0.00789	0.00684
6	0.00999	0.00757	0.00921	0.00880	0.01077	0.00678	0.00660	0.01301	0.01979	0.02687	0.50556	0.06023	0.25518	0.01626	0.00876	0.00239	0.00358	0.01410	0.00779	0.00678
7	0.01196	0.00854	0.01196	0.01367	0.01538	0.00854	0.01196	0.01538	0.01709	0.02222	0.03931	0.08374	0.04272	0.02051	0.01025	0.00342	0.00684	0.64283	0.00684	0.00684
8	0.02822	0.02079	0.02228	0.01708	0.02302	0.02302	0.01411	0.66804	0.03490	0.04679	0.01782	0.01782	0.01262	0.00891	0.00743	0.00223	0.00817	0.00668	0.00743	0.01262
9	0.03331	0.01263	0.01723	0.01321	0.01895	0.01091	0.01091	0.03618	0.02125	0.69794	0.02929	0.02527	0.01838	0.00919	0.00747	0.00230	0.00632	0.00747	0.00919	0.01263
10	0.01846	0.01595	0.01679	0.01511	0.01930	0.01846	0.01175	0.03945	0.67938	0.03105	0.03022	0.02770	0.02266	0.01007	0.00755	0.00252	0.00588	0.00839	0.00755	0.01175
11	0.00933	0.00666	0.00894	0.01066	0.01122	0.00628	0.00739	0.01083	0.01449	0.01927	0.04076	0.67076	0.04848	0.02299	0.00955	0.00305	0.00455	0.08179	0.00689	0.00611
12	0.01822	0.48073	0.24449	0.01729	0.06322	0.02490	0.01789	0.02266	0.01538	0.01975	0.01147	0.01347	0.00962	0.00659	0.00563	0.00186	0.00894	0.00460	0.00319	0.01011
13	0.16809	0.01472	0.01720	0.01344	0.01902	0.01458	0.01109	0.17153	0.02269	0.43669	0.02339	0.02128	0.01527	0.00872	0.00694	0.00228	0.00662	0.00668	0.00798	0.01181
14	0.18185	0.07649	0.06596	0.11895	0.18126	0.01805	0.01584	0.02637	0.16032	0.06029	0.01707	0.01891	0.01309	0.00768	0.00660	0.00229	0.00762	0.00620	0.00487	0.01029
15	0.01837	0.01764	0.03013	0.04557	0.69279	0.01764	0.02278	0.02278	0.01690	0.02425	0.01396	0.01837	0.01176	0.00661	0.00735	0.00220	0.00882	0.00661	0.00367	0.01176
16	0.01080	0.00720	0.00810	0.00810	0.00810	0.00720	0.00450	0.01080	0.01080	0.01439	0.02339	0.04858	0.02699	0.73910	0.03779	0.00720	0.00720	0.01080	0.00450	0.00450
17	0.01739	0.01954	0.04193	0.06778	0.07600	0.01859	0.59650	0.02348	0.01735	0.02356	0.01487	0.01992	0.01122	0.00634	0.00861	0.00248	0.01217	0.00853	0.00373	0.01002
18	0.02478	0.02211	0.04860	0.02576	0.18629	0.16651	0.10630	0.14437	0.02194	0.15464	0.01716	0.01864	0.01255	0.00771	0.00743	0.00221	0.00979	0.00665	0.00543	0.01114
19	0.01064	0.00782	0.01128	0.01128	0.01238	0.00892	0.00846	0.01284	0.01174	0.01675	0.02048	0.03247	0.02000	0.17214	0.59519	0.01112	0.01772	0.00844	0.00407	0.00627
20	0.01071	0.00716	0.00812	0.00821	0.00823	0.00714	0.00462	0.01077	0.01097	0.01463	0.02430	0.08405	0.02813	0.70207	0.03632	0.00698	0.00705	0.01133	0.00462	0.00458
21	0.28160	0.18655	0.02141	0.01510	0.05300	0.17886	0.01175	0.06120	0.04199	0.02562	0.01368	0.05396	0.01204	0.00808	0.00581	0.00209	0.00823	0.00559	0.00445	0.00900

[dist]
# distance from previous block
# <min> <max>
0	1

[block]
# block no. 3 follows, 27 sequences, length 69
# corresponding to MSA columns:
# 553-621
name=unknown_D
#
# <colnr> <probs for GDERKNQSTAVLIFYWHMCP>
#	G	D	E	R	K	N	Q	S	T	A	V	L	I	F	Y	W	H	M	C	P
0	0.38298	0.25345	0.02196	0.01232	0.01715	0.04929	0.01086	0.06369	0.01530	0.02704	0.01187	0.01529	0.01024	0.00775	0.00635	0.00215	0.05178	0.02743	0.00428	0.00881
1	0.02844	0.01374	0.01674	0.01318	0.01827	0.01338	0.01077	0.17931	0.04989	0.41423	0.02587	0.02403	0.01732	0.00907	0.00710	0.00220	0.00627	0.00724	0.13125	0.01169
2	0.01748	0.29223	0.07022	0.01703	0.08854	0.01907	0.05388	0.02106	0.01558	0.02158	0.01231	0.01468	0.01043	0.00608	0.00571	0.00156	0.00754	0.00480	0.00374	0.31648
3	0.00991	0.00776	0.00910	0.00933	0.01147	0.00695	0.00737	0.01253	0.01798	0.02296	0.22074	0.07015	0.39263	0.01827	0.00909	0.00266	0.00437	0.15295	0.00720	0.00658
4	0.00940	0.00661	0.00851	0.00988	0.01023	0.00627	0.00641	0.01043	0.01352	0.01803	0.03737	0.59545	0.04462	0.16818	0.01521	0.00386	0.00489	0.01902	0.00641	0.00572
5	0.02216	0.02173	0.02046	0.10736	0.07163	0.21199	0.01487	0.16465	0.18776	0.02824	0.01964	0.02345	0.01576	0.00922	0.00742	0.00232	0.00923	0.04617	0.00563	0.01031
6	0.00922	0.00754	0.00814	0.00799	0.01030	0.00646	0.00599	0.01151	0.01797	0.02254	0.23223	0.06735	0.53120	0.01787	0.00877	0.00246	0.00369	0.01509	0.00722	0.00646
7	0.01539	0.01319	0.01539	0.01100	0.01759	0.00990	0.00880	0.01869	0.01539	0.02419	0.01319	0.01539	0.01100	0.00550	0.00550	0.00110	0.00550	0.00440	0.00440	0.78449
8	0.79154	0.01436	0.01091	0.00976	0.01436	0.01665	0.00804	0.02182	0.01263	0.03331	0.01034	0.01206	0.00804	0.00689	0.00459	0.00230	0.00574	0.00402	0.00459	0.00804
9	0.01687	0.01417	0.02244	0.56705	0.08636	0.01684	0.01952	0.08260	0.01730	0.06468	0.01470	0.01986	0.01081	0.00763	0.00742	0.00242	0.00944	0.00666	0.00409	0.00916
10	0.01314	0.01030	0.01376	0.01415	0.01644	0.01073	0.03751	0.02019	0.16220	0.02369	0.03659	0.17514	0.03809	0.01809	0.00947	0.00312	0.00644	0.37617	0.00688	0.00791
11	0.01267	0.01055	0.01412	0.01297	0.01327	0.01314	0.00971	0.01384	0.01125	0.01626	0.01779	0.03281	0.01902	0.32921	0.18468	0.00687	0.26298	0.00864	0.00394	0.00625
12	0.01539	0.01319	0.01539	0.01100	0.01759	0.00990	0.00880	0.01869	0.01539	0.02419	0.01319	0.01539	0.01100	0.00550	0.00550	0.00110	0.00550	0.00440	0.00440	0.78449
13	0.01051	0.00759	0.00992	0.00934	0.01109	0.00700	0.00700	0.01401	0.02101	0.02977	0.68888	0.05545	0.07005	0.01518	0.00876	0.00233	0.00350	0.01343	0.00817	0.00700
14	0.01570	0.15301	0.59309	0.01978	0.03001	0.01921	0.02504	0.02330	0.01558	0.02253	0.01283	0.01506	0.00942	0.00694	0.00668	0.00223	0.01048	0.00524	0.00314	0.01074
15	0.00880	0.00741	0.00764	0.00782	0.01011	0.00624	0.00578	0.01062	0.01663	0.01994	0.07151	0.14287	0.62074	0.01928	0.00885	0.00256	0.00382	0.01625	0.00689	0.00624
16	0.01117	0.00874	0.00948	0.00937	0.01034	0.04022	0.00627	0.01230	0.01301	0.01679	0.05800	0.04719	0.14406	0.40375	0.17160	0.00692	0.00940	0.01089	0.00493	0.00555
17	0.01061	0.00795	0.01193	0.01193	0.01326	0.00928	0.00928	0.01326	0.01193	0.01723	0.01988	0.02916	0.01856	0.05568	0.70968	0.01193	0.01988	0.00795	0.00398	0.00663
18	0.02030	0.01885	0.01733	0.01547	0.01961	0.12583	0.01200	0.07602	0.50572	0.02987	0.02624	0.02485	0.01983	0.00956	0.00730	0.00237	0.00708	0.00766	0.04302	0.01109
19	0.02006	0.01441	0.04686	0.01305	0.01758	0.05446	0.01078	0.06010	0.06788	0.20000	0.06900	0.13310	0.04793	0.01183	0.00762	0.00224	0.00636	0.05048	0.00680	0.15945
20	0.01693	0.05439	0.28230	0.05822	0.11478	0.01744	0.20952	0.02385	0.03901	0.04619	0.01549	0.01872	0.01156	0.00702	0.00744	0.00232	0.01023	0.00682	0.04733	0.01046
21	0.01977	0.01324	0.01591	0.01178	0.01802	0.01069	0.00948	0.02412	0.05980	0.18185	0.01805	0.01850	0.01347	0.00666	0.00609	0.00147	0.00571	0.00537	0.00572	0.55429
22	0.01544	0.03185	0.49121	0.02254	0.03200	0.01716	0.16604	0.02389	0.04820	0.02422	0.04603	0.01906	0.01328	0.00740	0.00753	0.00239	0.01072	0.00672	0.00372	0.01061
23	0.01708	0.05110	0.02809	0.25549	0.45959	0.01784	0.02162	0.02156	0.01617	0.02227	0.01355	0.01851	0.01107	0.00685	0.00725	0.00226	0.00911	0.00648	0.00353	0.01055
24	0.02118	0.54116	0.03293	0.01373	0.01923	0.17640	0.01257	0.02353	0.01642	0.01828	0.01147	0.01325	0.01015	0.00678	0.00521	0.00167	0.00884	0.00434	0.05371	0.00916
25	0.01061	0.00795	0.01193	0.01193	0.01326	0.00928	0.00928	0.01326	0.01193	0.01723	0.01988	0.02916	0.01856	0.05568	0.70968	0.01193	0.01988	0.00795	0.00398	0.00663
26	0.00930	0.00679	0.00844	0.00954	0.01033	0.00627	0.00639	0.01065	0.01461	0.01917	0.08066	0.50177	0.15219	0.11198	0.01288	0.00342	0.00454	0.01849	0.00666	0.00593
27	0.01708	0.18641	0.38238	0.06676	0.13787	0.01970	0.02250	0.02324	0.01587	0.04386	0.01328	0.01586	0.01014	0.00692	0.00664	0.00217	0.00974	0.00547	0.00344	0.01067
28	0.02927	0.01232	0.01635	0.01282	0.01792	0.01103	0.01047	0.07190	0.02206	0.54822	0.13635	0.02974	0.02646	0.01015	0.00767	0.00230	0.00597	0.00839	0.00891	0.01171
29	0.02025	0.01199	0.01419	0.01179	0.01544	0.01202	0.00939	0.19232	0.02391	0.16686	0.27822	0.03523	0.03675	0.01133	0.00760	0.00221	0.00529	0.00946	0.12615	0.00960
30	0.00958	0.00755	0.00862	0.00849	0.01043	0.00687	0.00624	0.01171	0.01661	0.02128	0.19914	0.06067	0.40608	0.09840	0.09175	0.00404	0.00591	0.01378	0.00659	0.00628
31	0.01713	0.01818	0.08888	0.38236	0.04018	0.05566	0.12089	0.02416	0.09185	0.06376	0.01634	0.02032	0.01203	0.00763	0.00757	0.00243	0.00992	0.00699	0.00424	0.00948
32	0.02014	0.01594	0.01975	0.02153	0.16611	0.01742	0.01406	0.03544	0.45957	0.10594	0.02657	0.02539	0.01979	0.00922	0.00750	0.00242	0.00657	0.00790	0.00690	0.01185
33	0.01626	0.00888	0.01167	0.01024	0.01305	0.00797	0.00794	0.01952	0.02087	0.20041	0.48946	0.04852	0.08761	0.01382	0.00843	0.00233	0.00424	0.01201	0.00837	0.00841
34	0.00971	0.00755	0.00929	0.00941	0.01125	0.00714	0.00711	0.01211	0.01648	0.02157	0.19399	0.13082	0.31449	0.02641	0.15827	0.00457	0.00732	0.03946	0.00655	0.00650
35	0.02035	0.12103	0.10238	0.06072	0.05854	0.23132	0.14168	0.02640	0.09346	0.02152	0.01491	0.01759	0.01185	0.00929	0.03524	0.00255	0.01122	0.00625	0.00405	0.00967
36	0.00877	0.00752	0.00752	0.00752	0.01003	0.00627	0.00564	0.01065	0.01692	0.02005	0.07520	0.07144	0.68978	0.01880	0.00877	0.00251	0.00376	0.01567	0.00689	0.00627
37	0.01624	0.01624	0.02274	0.01949	0.01949	0.02274	0.01624	0.01787	0.01137	0.01787	0.00975	0.01624	0.00975	0.01299	0.02436	0.00325	0.72552	0.00650	0.00325	0.00812
38	0.01365	0.01457	0.09042	0.13897	0.06194	0.01296	0.04642	0.02065	0.12435	0.02346	0.07413	0.06453	0.13046	0.01309	0.00839	0.00266	0.00728	0.13774	0.00570	0.00866
39	0.02450	0.11458	0.09039	0.01968	0.05615	0.28439	0.05644	0.14923	0.04863	0.06548	0.01487	0.01621	0.01139	0.00773	0.00688	0.00207	0.01051	0.00575	0.00482	0.01031
40	0.01489	0.03840	0.70064	0.02116	0.03213	0.01724	0.02743	0.02351	0.01567	0.02351	0.01332	0.01567	0.00940	0.00705	0.00705	0.00235	0.01097	0.00549	0.00313	0.01097
