[name]
unknown

[dist]
# distance from previous block
# <min> <max>
0	342

[block]
# block no. 0 follows, 29 sequences, length 12
# corresponding to MSA columns:
# 342-353
name=unknown_A
#
# <colnr> <probs for GDERKNQSTAVLIFYWHMCP>
#	G	D	E	R	K	N	Q	S	T	A	V	L	I	F	Y	W	H	M	C	P
0	0.06350	0.14421	0.11598	0.08485	0.11042	0.05267	0.01590	0.14218	0.12069	0.02660	0.01641	0.01975	0.01316	0.00796	0.00658	0.00215	0.00811	0.03402	0.00474	0.01010
1	0.00933	0.00698	0.00857	0.00894	0.01036	0.00636	0.00648	0.01149	0.01650	0.02191	0.27100	0.25674	0.22498	0.05817	0.01020	0.00278	0.00402	0.05216	0.00690	0.00612
2	0.01544	0.07626	0.20283	0.16940	0.09722	0.01633	0.05291	0.07042	0.01648	0.02291	0.05221	0.06166	0.01526	0.00830	0.00756	0.00219	0.03591	0.00701	0.00401	0.06569
3	0.01579	0.01391	0.02038	0.29174	0.11479	0.01661	0.01616	0.11596	0.01640	0.02231	0.01573	0.08391	0.01443	0.05591	0.01227	0.00278	0.15042	0.00781	0.00417	0.00852
4	0.01098	0.00859	0.01320	0.01197	0.01413	0.00786	0.09491	0.01358	0.01654	0.04807	0.22700	0.32275	0.14872	0.01681	0.00863	0.00254	0.00494	0.01531	0.00664	0.00682
5	0.19883	0.04731	0.01703	0.01326	0.01727	0.01310	0.09663	0.04579	0.05055	0.13290	0.07951	0.10172	0.07675	0.01390	0.06195	0.00301	0.00721	0.00893	0.00582	0.00854
6	0.01507	0.01470	0.05156	0.06563	0.03548	0.11803	0.01075	0.02016	0.09731	0.02290	0.08234	0.12064	0.04942	0.01108	0.00779	0.00220	0.04795	0.00901	0.21017	0.00781
7	0.01200	0.01125	0.01114	0.01234	0.06144	0.10440	0.00810	0.01383	0.01594	0.01952	0.11727	0.23852	0.24166	0.08699	0.01091	0.00285	0.00565	0.01371	0.00591	0.00655
8	0.19629	0.02332	0.24387	0.10322	0.08740	0.08945	0.01748	0.02385	0.01564	0.11582	0.01404	0.01595	0.01015	0.00707	0.00631	0.00219	0.00872	0.00535	0.00424	0.00962
9	0.25900	0.11463	0.01764	0.01268	0.01702	0.16146	0.01034	0.07476	0.04990	0.10206	0.09969	0.01952	0.01770	0.00822	0.00599	0.00205	0.00727	0.00588	0.00533	0.00888
10	0.01653	0.07045	0.06190	0.01691	0.01883	0.07369	0.01443	0.05523	0.05104	0.01978	0.01472	0.10125	0.01456	0.01206	0.01628	0.00273	0.41968	0.00763	0.00400	0.00828
11	0.01812	0.14229	0.02175	0.04967	0.14825	0.06374	0.01295	0.16726	0.02063	0.02719	0.18590	0.02666	0.02565	0.04971	0.00854	0.00230	0.00715	0.00766	0.00536	0.00923

[dist]
# distance from previous block
# <min> <max>
0	4

[block]
# block no. 1 follows, 29 sequences, length 9
# corresponding to MSA columns:
# 358-366
name=unknown_B
#
# <colnr> <probs for GDERKNQSTAVLIFYWHMCP>
#	G	D	E	R	K	N	Q	S	T	A	V	L	I	F	Y	W	H	M	C	P
0	0.26410	0.10797	0.10583	0.09035	0.02174	0.01818	0.01339	0.07730	0.09280	0.02629	0.01390	0.01627	0.01097	0.01050	0.05243	0.00281	0.05647	0.00538	0.00436	0.00896
1	0.01494	0.00981	0.01321	0.19869	0.02182	0.00979	0.01030	0.01825	0.01638	0.12352	0.10719	0.03397	0.14905	0.01031	0.00693	0.00207	0.00560	0.00868	0.15273	0.08676
2	0.01522	0.00856	0.01035	0.00916	0.01221	0.00741	0.00713	0.01770	0.01841	0.20840	0.23042	0.05242	0.34572	0.01460	0.00807	0.00231	0.00420	0.01232	0.00754	0.00785
3	0.01237	0.00618	0.00928	0.00928	0.00928	0.00618	0.00618	0.00928	0.00928	0.01237	0.01237	0.02165	0.01237	0.02474	0.02783	0.79283	0.00618	0.00618	0.00309	0.00309
4	0.09723	0.08961	0.02189	0.01560	0.02071	0.06587	0.07872	0.30731	0.07458	0.06096	0.01696	0.01784	0.01260	0.00786	0.00651	0.00207	0.00768	0.00617	0.07954	0.01032
5	0.01619	0.00850	0.01068	0.00951	0.01233	0.00757	0.00735	0.01891	0.01844	0.21964	0.26944	0.09757	0.17010	0.01356	0.00776	0.00225	0.00423	0.01160	0.08635	0.00804
6	0.02292	0.08780	0.05664	0.01214	0.01689	0.01339	0.01059	0.09749	0.07056	0.29774	0.06194	0.02397	0.01897	0.00868	0.00650	0.00204	0.00591	0.00692	0.16869	0.01022
7	0.01619	0.00913	0.01165	0.01042	0.01227	0.00907	0.00753	0.07130	0.05867	0.09787	0.01720	0.02418	0.01508	0.09146	0.02073	0.41800	0.00616	0.00675	0.04037	0.05596
8	0.02044	0.01691	0.02149	0.19264	0.02772	0.02047	0.01565	0.32900	0.02231	0.03040	0.01379	0.01713	0.01068	0.00932	0.01177	0.00247	0.21661	0.00634	0.00501	0.00984

[dist]
# distance from previous block
# <min> <max>
1	2

[block]
# block no. 2 follows, 29 sequences, length 9
# corresponding to MSA columns:
# 369-377
name=unknown_C
#
# <colnr> <probs for GDERKNQSTAVLIFYWHMCP>
#	G	D	E	R	K	N	Q	S	T	A	V	L	I	F	Y	W	H	M	C	P
0	0.20050	0.14376	0.12305	0.03990	0.01850	0.01628	0.01253	0.01939	0.05470	0.02219	0.01592	0.07875	0.01454	0.01787	0.15186	0.00409	0.04722	0.00668	0.00409	0.00818
1	0.16476	0.12632	0.01941	0.13850	0.02306	0.11291	0.01219	0.04567	0.15294	0.02413	0.01703	0.01848	0.03578	0.00769	0.00605	0.00203	0.00752	0.00573	0.00461	0.07518
2	0.01073	0.00944	0.01500	0.01297	0.01549	0.00868	0.14265	0.01325	0.01539	0.01999	0.10207	0.20405	0.23991	0.10949	0.01218	0.00311	0.00598	0.04725	0.00582	0.00657
3	0.00911	0.00688	0.00793	0.00831	0.00958	0.00623	0.00570	0.01061	0.01487	0.01913	0.13967	0.24763	0.29845	0.16665	0.01422	0.00342	0.00438	0.01522	0.00632	0.00570
4	0.02753	0.01121	0.01549	0.01242	0.01707	0.01015	0.01015	0.03024	0.01857	0.56959	0.02626	0.02499	0.01766	0.01786	0.15202	0.00408	0.00870	0.00726	0.00780	0.01095
5	0.01986	0.01557	0.01723	0.01462	0.01874	0.01764	0.01168	0.28600	0.29512	0.03304	0.02230	0.02313	0.01715	0.01809	0.15204	0.00414	0.00923	0.00732	0.00650	0.01060
6	0.01834	0.00954	0.01094	0.00944	0.01240	0.00939	0.00744	0.10437	0.01917	0.16782	0.12427	0.02884	0.02462	0.00936	0.00620	0.00192	0.00445	0.00764	0.41539	0.00846
7	0.40000	0.01534	0.01310	0.01124	0.01550	0.06518	0.00906	0.17736	0.01863	0.03144	0.02433	0.02453	0.14974	0.00944	0.00601	0.00220	0.00620	0.00678	0.00545	0.00846
8	0.07819	0.01735	0.05461	0.02462	0.25681	0.01693	0.01583	0.20236	0.06262	0.17269	0.01811	0.01885	0.01310	0.00769	0.00690	0.00217	0.00751	0.00641	0.00585	0.01139

[dist]
# distance from previous block
# <min> <max>
1	3

[block]
# block no. 3 follows, 29 sequences, length 10
# corresponding to MSA columns:
# 381-390
name=unknown_D
#
# <colnr> <probs for GDERKNQSTAVLIFYWHMCP>
#	G	D	E	R	K	N	Q	S	T	A	V	L	I	F	Y	W	H	M	C	P
0	0.00882	0.00723	0.00778	0.00764	0.00987	0.00618	0.00573	0.01101	0.01719	0.02152	0.22671	0.06476	0.54644	0.01718	0.00841	0.00236	0.00355	0.01450	0.00691	0.00618
1	0.01501	0.01244	0.01801	0.15176	0.13727	0.01362	0.04306	0.05710	0.13179	0.02468	0.07967	0.02536	0.01967	0.01440	0.10118	0.00340	0.00844	0.00752	0.12677	0.00884
2	0.00885	0.00677	0.00781	0.00844	0.00970	0.00607	0.00580	0.01026	0.01460	0.01852	0.08070	0.33468	0.32347	0.11607	0.01235	0.00318	0.00424	0.01639	0.00636	0.00573
3	0.01210	0.00628	0.00908	0.00908	0.00908	0.00628	0.00594	0.00942	0.00942	0.01256	0.01370	0.02494	0.01415	0.12034	0.02894	0.68919	0.00628	0.00673	0.00325	0.00325
4	0.09622	0.13461	0.01922	0.24184	0.02588	0.01528	0.01303	0.01900	0.01458	0.08692	0.02077	0.02956	0.05814	0.05188	0.04038	0.00298	0.03405	0.08318	0.00453	0.00796
5	0.01557	0.09895	0.01894	0.01620	0.11342	0.01285	0.05948	0.05394	0.01623	0.05365	0.05416	0.08395	0.06103	0.07683	0.00929	0.00237	0.00628	0.00827	0.10834	0.13024
6	0.01825	0.16581	0.02388	0.08949	0.16872	0.05182	0.01441	0.11124	0.10816	0.02443	0.01737	0.01951	0.03619	0.01015	0.04707	0.00251	0.00832	0.00619	0.00456	0.07196
7	0.01941	0.07349	0.04334	0.10278	0.16612	0.16270	0.03585	0.09913	0.01870	0.05826	0.03991	0.11368	0.01739	0.00938	0.00710	0.00217	0.00866	0.00792	0.00471	0.00930
8	0.07930	0.04367	0.13143	0.04923	0.06214	0.01400	0.01327	0.11831	0.06910	0.02558	0.02589	0.19031	0.07556	0.01200	0.00731	0.00236	0.00671	0.02852	0.00537	0.03996
9	0.12166	0.12163	0.07518	0.04506	0.15397	0.05616	0.01421	0.12338	0.06254	0.02626	0.03984	0.01920	0.01399	0.05734	0.00827	0.00236	0.00768	0.00603	0.00457	0.04068

[dist]
# distance from previous block
# <min> <max>
11	126

[block]
# block no. 4 follows, 29 sequences, length 34
# corresponding to MSA columns:
# 526-530,535-563
name=unknown_E
#
# <colnr> <probs for GDERKNQSTAVLIFYWHMCP>
#	G	D	E	R	K	N	Q	S	T	A	V	L	I	F	Y	W	H	M	C	P
0	0.01900	0.11009	0.01905	0.07400	0.04498	0.18612	0.01195	0.02490	0.15207	0.07942	0.02296	0.13881	0.04312	0.01048	0.00697	0.00217	0.00776	0.00852	0.00530	0.03234
1	0.01771	0.01989	0.12973	0.01630	0.06102	0.15978	0.01342	0.02301	0.09441	0.08246	0.12032	0.02681	0.02253	0.08799	0.06449	0.00337	0.03541	0.00755	0.00510	0.00871
2	0.01431	0.01347	0.01839	0.01603	0.01603	0.01818	0.01284	0.01549	0.01077	0.01633	0.01253	0.02313	0.01338	0.19202	0.02650	0.00404	0.55898	0.00724	0.00341	0.00694
3	0.01901	0.04355	0.12143	0.06015	0.30752	0.01839	0.01867	0.16327	0.12525	0.02830	0.01638	0.01841	0.01262	0.00741	0.00698	0.00218	0.00820	0.00639	0.00476	0.01113
4	0.01593	0.01519	0.02585	0.32234	0.43990	0.01647	0.02101	0.02037	0.01541	0.02121	0.01310	0.01817	0.01056	0.00666	0.00708	0.00222	0.00888	0.00634	0.00338	0.00992
5	0.02052	0.01539	0.01675	0.01422	0.01845	0.01697	0.01125	0.27185	0.29805	0.07315	0.02764	0.11077	0.05078	0.01108	0.00747	0.00236	0.00621	0.00916	0.00719	0.01074
6	0.00925	0.00721	0.00851	0.00866	0.01048	0.00630	0.00627	0.01133	0.01630	0.02140	0.21265	0.27326	0.30489	0.01783	0.00845	0.00244	0.00380	0.01555	0.00678	0.04863
7	0.01345	0.01266	0.02136	0.73264	0.04904	0.01582	0.01978	0.01819	0.01424	0.01819	0.01266	0.01898	0.00949	0.00712	0.00712	0.00237	0.00949	0.00633	0.00316	0.00791
8	0.02046	0.01819	0.02196	0.13662	0.10636	0.07419	0.01590	0.25178	0.06036	0.02847	0.01434	0.01733	0.01127	0.00894	0.01088	0.00240	0.17942	0.00630	0.00485	0.00997
9	0.00976	0.00720	0.00848	0.00816	0.01009	0.00646	0.00612	0.01257	0.01835	0.02513	0.42583	0.05636	0.28513	0.01526	0.00812	0.00225	0.00344	0.01312	0.07170	0.00646
10	0.02112	0.01760	0.13894	0.09950	0.14401	0.01410	0.01598	0.10152	0.01903	0.23374	0.02337	0.02385	0.07085	0.00856	0.00709	0.00221	0.00754	0.00715	0.03331	0.01052
11	0.01117	0.00661	0.00838	0.00838	0.00838	0.00661	0.00508	0.00992	0.00992	0.01322	0.01834	0.03644	0.02039	0.45474	0.03282	0.32670	0.00661	0.00866	0.00382	0.00382
12	0.02652	0.01967	0.02106	0.01627	0.02187	0.02183	0.01340	0.64411	0.07185	0.04400	0.01779	0.01765	0.01267	0.00861	0.00713	0.00215	0.00771	0.00651	0.00713	0.01206
13	0.01853	0.01607	0.01895	0.09830	0.13887	0.09213	0.01308	0.07548	0.01778	0.07655	0.04684	0.01825	0.01376	0.00687	0.00636	0.00170	0.00732	0.00567	0.00468	0.32279
14	0.01760	0.56116	0.07303	0.01158	0.01707	0.02318	0.01163	0.02046	0.01460	0.01906	0.01273	0.01465	0.01094	0.00657	0.00479	0.00160	0.00694	0.00446	0.15925	0.00873
15	0.80005	0.01377	0.01047	0.00936	0.01377	0.01597	0.00771	0.02093	0.01212	0.03195	0.00991	0.01157	0.00771	0.00661	0.00441	0.00220	0.00551	0.00386	0.00441	0.00771
16	0.07864	0.02023	0.08233	0.07298	0.10884	0.17646	0.01401	0.10712	0.01854	0.08327	0.03627	0.02114	0.01445	0.09115	0.00994	0.00262	0.00868	0.00639	0.03787	0.00905
17	0.01071	0.00734	0.01012	0.03930	0.01246	0.00768	0.00794	0.01183	0.01226	0.01648	0.02535	0.14535	0.02763	0.21803	0.17098	0.11837	0.00903	0.13900	0.00476	0.00538
18	0.00900	0.00648	0.00812	0.00920	0.00982	0.00604	0.00609	0.01018	0.01365	0.01801	0.06983	0.51900	0.11627	0.14712	0.01367	0.00350	0.00452	0.01763	0.00627	0.00560
19	0.01618	0.00874	0.01049	0.00930	0.01252	0.00750	0.00723	0.01840	0.01776	0.24334	0.11147	0.09473	0.38443	0.01501	0.00805	0.00236	0.00441	0.01262	0.00743	0.00803
20	0.01987	0.01049	0.01251	0.01049	0.01388	0.01024	0.00834	0.12953	0.02080	0.21882	0.19653	0.03116	0.02955	0.01008	0.00680	0.00204	0.00482	0.00834	0.24666	0.00907
21	0.16642	0.01313	0.01591	0.01243	0.01776	0.01251	0.01027	0.09212	0.02014	0.52956	0.02388	0.02135	0.01537	0.00840	0.00667	0.00220	0.00613	0.00651	0.00788	0.01134
22	0.02707	0.01995	0.02137	0.01638	0.02208	0.02208	0.01353	0.68159	0.03348	0.04488	0.01710	0.01710	0.01211	0.00855	0.00712	0.00214	0.00784	0.00641	0.00712	0.01211
23	0.01036	0.00690	0.00777	0.00777	0.00777	0.00690	0.00431	0.01036	0.01036	0.01381	0.02244	0.04660	0.02589	0.74975	0.03624	0.00690	0.00690	0.01036	0.00431	0.00431
24	0.01881	0.72000	0.06938	0.01257	0.01887	0.02762	0.01285	0.02138	0.01450	0.01703	0.01004	0.01159	0.00913	0.00612	0.00467	0.00156	0.00775	0.00388	0.00304	0.00920
25	0.34134	0.01582	0.01608	0.01296	0.01785	0.01747	0.01070	0.26602	0.02142	0.15998	0.01585	0.01609	0.01121	0.00798	0.00674	0.00222	0.03850	0.00550	0.00615	0.01014
26	0.01882	0.01613	0.01894	0.01976	0.13756	0.01810	0.01337	0.11214	0.49680	0.03047	0.02487	0.02389	0.01878	0.00895	0.00720	0.00233	0.00639	0.00756	0.00659	0.01137
27	0.01756	0.01030	0.01176	0.01020	0.01348	0.01012	0.00802	0.08872	0.09508	0.16768	0.13086	0.03746	0.16426	0.01146	0.00709	0.00214	0.00467	0.00948	0.19096	0.00872
28	0.02426	0.01855	0.01979	0.01582	0.02101	0.02077	0.01286	0.48845	0.23119	0.04035	0.02066	0.01994	0.01500	0.00888	0.00716	0.00222	0.00718	0.00690	0.00716	0.01186
29	0.00886	0.00712	0.00790	0.00795	0.00995	0.00616	0.00587	0.01099	0.01692	0.02144	0.22550	0.13897	0.47208	0.01764	0.00849	0.00242	0.00360	0.01506	0.00692	0.00616
30	0.01186	0.00648	0.00956	0.00956	0.00978	0.00670	0.00654	0.00994	0.00972	0.01318	0.01415	0.02428	0.01414	0.07456	0.14815	0.60924	0.00845	0.00669	0.00329	0.00373
31	0.04102	0.01952	0.15899	0.02034	0.10382	0.01642	0.09556	0.16166	0.03960	0.02821	0.05328	0.02254	0.01598	0.00867	0.00839	0.00228	0.06798	0.03293	0.09306	0.00975
32	0.01523	0.01238	0.01767	0.09582	0.20680	0.01292	0.01290	0.11055	0.01666	0.02285	0.05845	0.02856	0.04575	0.16036	0.07301	0.05278	0.00830	0.00790	0.00455	0.03658
33	0.01774	0.10284	0.06713	0.02087	0.13559	0.15902	0.08147	0.04784	0.03802	0.02237	0.11570	0.05156	0.05038	0.00935	0.00800	0.00215	0.04868	0.00775	0.00459	0.00895

[dist]
# distance from previous block
# <min> <max>
1	34

[block]
# block no. 5 follows, 29 sequences, length 24
# corresponding to MSA columns:
# 603-617,620-628
name=unknown_F
#
# <colnr> <probs for GDERKNQSTAVLIFYWHMCP>
#	G	D	E	R	K	N	Q	S	T	A	V	L	I	F	Y	W	H	M	C	P
0	0.01767	0.06849	0.01872	0.01710	0.09919	0.09072	0.02841	0.09232	0.14284	0.05539	0.12398	0.05452	0.07700	0.01299	0.04985	0.00275	0.02442	0.00859	0.00580	0.00923
1	0.14812	0.01654	0.10138	0.11897	0.15734	0.01566	0.01538	0.02291	0.14499	0.02526	0.08609	0.04067	0.01868	0.00878	0.00772	0.00233	0.04796	0.00714	0.00477	0.00931
2	0.01320	0.00687	0.00970	0.00949	0.01007	0.00672	0.00655	0.01172	0.01130	0.06116	0.06266	0.03068	0.01989	0.12300	0.02529	0.53339	0.00611	0.04375	0.00416	0.00431
3	0.06137	0.01553	0.04690	0.01697	0.10571	0.06055	0.01216	0.14372	0.09467	0.05321	0.20613	0.06032	0.05033	0.01076	0.00785	0.00225	0.02717	0.00891	0.00621	0.00929
4	0.01393	0.01007	0.01412	0.01196	0.01413	0.01039	0.09958	0.07596	0.01522	0.02288	0.02137	0.07013	0.02002	0.21948	0.04126	0.00377	0.03859	0.00869	0.28156	0.00689
5	0.01239	0.00777	0.00983	0.00940	0.01149	0.00715	0.00704	0.01473	0.01682	0.11446	0.24187	0.15892	0.21651	0.04304	0.09212	0.00359	0.00585	0.01314	0.00688	0.00700
6	0.12288	0.01381	0.02117	0.01960	0.12059	0.01397	0.16976	0.08779	0.01751	0.06417	0.05063	0.02174	0.01576	0.00906	0.02971	0.00240	0.00756	0.00698	0.19592	0.00902
7	0.01455	0.01234	0.01556	0.01763	0.15359	0.01276	0.01122	0.06920	0.20586	0.02680	0.17810	0.03966	0.18954	0.01193	0.00772	0.00229	0.00540	0.01026	0.00646	0.00912
8	0.00880	0.00658	0.00819	0.00915	0.01020	0.00596	0.00634	0.01046	0.01512	0.01982	0.13618	0.49305	0.20367	0.02026	0.00884	0.00269	0.00390	0.01803	0.00678	0.00596
9	0.01584	0.02409	0.36273	0.01829	0.02544	0.01356	0.11474	0.02157	0.01606	0.11482	0.05813	0.14272	0.02015	0.01000	0.00754	0.00238	0.00865	0.00894	0.00476	0.00959
10	0.80005	0.01377	0.01047	0.00936	0.01377	0.01597	0.00771	0.02093	0.01212	0.03195	0.00991	0.01157	0.00771	0.00661	0.00441	0.00220	0.00551	0.00386	0.00441	0.00771
11	0.01530	0.01458	0.01941	0.01592	0.01807	0.01761	0.01315	0.01741	0.01222	0.01920	0.01047	0.01530	0.00976	0.01001	0.01721	0.00241	0.48760	0.00555	0.00349	0.27531
12	0.01454	0.07644	0.67555	0.01985	0.03013	0.01718	0.02553	0.02248	0.01500	0.02223	0.01262	0.01483	0.00903	0.00673	0.00664	0.00221	0.01036	0.00518	0.00301	0.01045
13	0.02324	0.02489	0.02203	0.02172	0.12185	0.33271	0.01525	0.16447	0.02063	0.02408	0.01233	0.01498	0.01014	0.00845	0.00996	0.00219	0.15181	0.00555	0.00428	0.00943
14	0.01428	0.03683	0.71286	0.02030	0.03082	0.01654	0.02631	0.02255	0.01503	0.02255	0.01278	0.01503	0.00902	0.00677	0.00677	0.00226	0.01052	0.00526	0.00301	0.01052
15	0.00997	0.00727	0.00937	0.00884	0.01057	0.00667	0.00663	0.01323	0.01990	0.02794	0.66016	0.05420	0.10898	0.01479	0.00840	0.00225	0.00338	0.01302	0.00776	0.00667
16	0.01762	0.01692	0.02890	0.04371	0.70533	0.01692	0.02185	0.02185	0.01621	0.02326	0.01339	0.01762	0.01128	0.00634	0.00705	0.00211	0.00846	0.00634	0.00352	0.01128
17	0.13861	0.00948	0.00967	0.00860	0.01151	0.00976	0.00678	0.06970	0.01663	0.12086	0.02136	0.02321	0.01607	0.00812	0.00534	0.00185	0.00437	0.00626	0.50386	0.00795
18	0.01754	0.00900	0.01148	0.00987	0.01310	0.00789	0.00775	0.02030	0.01928	0.27149	0.30596	0.04651	0.20415	0.01334	0.00796	0.00227	0.00439	0.01135	0.00789	0.00849
19	0.02482	0.19272	0.11691	0.01489	0.02128	0.01954	0.01408	0.25744	0.02288	0.22047	0.01788	0.01747	0.01253	0.00780	0.00648	0.00203	0.00765	0.00585	0.00608	0.01120
20	0.01092	0.00663	0.00836	0.00836	0.00882	0.00640	0.00539	0.00983	0.01098	0.01418	0.02726	0.03925	0.14867	0.27530	0.02705	0.36909	0.00594	0.00932	0.00419	0.00407
21	0.02079	0.17641	0.02517	0.01681	0.02073	0.13702	0.05812	0.19584	0.01975	0.02491	0.01415	0.06402	0.01265	0.00946	0.01031	0.00224	0.17123	0.00658	0.00452	0.00928
22	0.01649	0.11337	0.01906	0.08949	0.06500	0.04519	0.01134	0.07510	0.01667	0.02367	0.03368	0.01910	0.03166	0.00724	0.00642	0.00167	0.03058	0.00563	0.10641	0.28223
23	0.01847	0.01637	0.01872	0.01724	0.06538	0.07267	0.05674	0.13982	0.29947	0.02762	0.02177	0.02449	0.01750	0.07189	0.09592	0.00374	0.00893	0.00753	0.00580	0.00992

[dist]
# distance from previous block
# <min> <max>
0	1

[block]
# block no. 6 follows, 29 sequences, length 20
# corresponding to MSA columns:
# 642-661
name=unknown_G
#
# <colnr> <probs for GDERKNQSTAVLIFYWHMCP>
#	G	D	E	R	K	N	Q	S	T	A	V	L	I	F	Y	W	H	M	C	P
0	0.02017	0.02152	0.02208	0.13588	0.22677	0.25060	0.01650	0.05540	0.11418	0.02261	0.03586	0.01858	0.01353	0.00762	0.00692	0.00211	0.00949	0.00620	0.00434	0.00965
1	0.01043	0.00769	0.01043	0.01056	0.01158	0.00851	0.00767	0.01319	0.04923	0.01687	0.02316	0.13051	0.02388	0.20543	0.42804	0.00874	0.01351	0.01000	0.00450	0.00609
2	0.00876	0.00686	0.00794	0.00844	0.01003	0.00604	0.00604	0.01061	0.01591	0.02030	0.15765	0.30687	0.37117	0.01902	0.00865	0.00255	0.00376	0.01655	0.00680	0.00604
3	0.02831	0.01131	0.01536	0.01205	0.01692	0.00984	0.00984	0.03117	0.02034	0.59688	0.14011	0.02905	0.02587	0.00977	0.00737	0.00221	0.00561	0.00811	0.00865	0.01122
4	0.02172	0.01511	0.01677	0.01427	0.01872	0.01656	0.01131	0.15255	0.41285	0.16248	0.02713	0.05761	0.02038	0.00988	0.00729	0.00235	0.00605	0.00815	0.00749	0.01133
5	0.01477	0.00808	0.00824	0.00770	0.00979	0.00832	0.00591	0.08889	0.01695	0.02854	0.02256	0.02552	0.01758	0.00832	0.00521	0.00171	0.00381	0.00661	0.70425	0.00723
6	0.36619	0.01466	0.01372	0.01141	0.01576	0.01642	0.00932	0.26195	0.02048	0.03565	0.01510	0.01646	0.01134	0.00764	0.00551	0.00207	0.00594	0.00532	0.15592	0.00912
7	0.01345	0.01266	0.02136	0.73264	0.04904	0.01582	0.01978	0.01819	0.01424	0.01819	0.01266	0.01898	0.00949	0.00712	0.00712	0.00237	0.00949	0.00633	0.00316	0.00791
8	0.01904	0.75404	0.03731	0.01218	0.01828	0.02818	0.01218	0.02132	0.01447	0.01675	0.00990	0.01142	0.00914	0.00609	0.00457	0.00152	0.00761	0.00381	0.00305	0.00914
9	0.01651	0.01578	0.02689	0.22726	0.53047	0.01663	0.02130	0.02088	0.01569	0.02191	0.01320	0.01799	0.01080	0.00655	0.00707	0.00218	0.00873	0.00634	0.00343	0.01038
10	0.02374	0.01625	0.01799	0.01478	0.01967	0.01776	0.01188	0.25721	0.33356	0.17032	0.02474	0.02287	0.01763	0.00911	0.00719	0.00228	0.00647	0.00731	0.00752	0.01173
11	0.00874	0.00723	0.00767	0.00756	0.00982	0.00615	0.00567	0.01086	0.01701	0.02108	0.19668	0.06549	0.57674	0.01735	0.00841	0.00237	0.00356	0.01460	0.00685	0.00615
12	0.01214	0.00619	0.00921	0.00932	0.00934	0.00616	0.00621	0.00932	0.00955	0.01273	0.01405	0.06691	0.01454	0.02459	0.02666	0.74340	0.00606	0.00706	0.00331	0.00326
13	0.00880	0.00719	0.00755	0.00748	0.00957	0.00618	0.00547	0.01063	0.01616	0.01987	0.14437	0.06460	0.56145	0.08616	0.01102	0.00281	0.00389	0.01433	0.00655	0.00594
14	0.01341	0.01222	0.01433	0.01314	0.01375	0.07222	0.00992	0.01468	0.01161	0.01585	0.01634	0.02912	0.01710	0.28038	0.18875	0.00627	0.25300	0.00787	0.00375	0.00628
15	0.02064	0.02624	0.34194	0.02002	0.05779	0.01699	0.07838	0.18141	0.02052	0.14230	0.01653	0.01754	0.01145	0.00744	0.00707	0.00222	0.00918	0.00618	0.00503	0.01112
16	0.01588	0.01452	0.02047	0.11902	0.22152	0.05523	0.05614	0.10512	0.01789	0.02352	0.02479	0.19495	0.07748	0.01156	0.00772	0.00236	0.00756	0.01041	0.00496	0.00891
17	0.02156	0.11901	0.07914	0.01497	0.02034	0.01966	0.01321	0.32739	0.15007	0.05701	0.05116	0.05864	0.01784	0.00929	0.00693	0.00216	0.00716	0.00733	0.00631	0.01083
18	0.13555	0.06893	0.04140	0.03874	0.09600	0.01439	0.08375	0.03869	0.01599	0.06006	0.08726	0.03081	0.16189	0.01169	0.03070	0.00257	0.05972	0.00846	0.00501	0.00841
19	0.18006	0.10059	0.20922	0.01586	0.04269	0.05595	0.03262	0.08241	0.05248	0.02576	0.04409	0.05035	0.01461	0.01093	0.05103	0.00274	0.00870	0.00630	0.00440	0.00921

[dist]
# distance from previous block
# <min> <max>
1	105

[block]
# block no. 7 follows, 29 sequences, length 11
# corresponding to MSA columns:
# 770-780
name=unknown_H
#
# <colnr> <probs for GDERKNQSTAVLIFYWHMCP>
#	G	D	E	R	K	N	Q	S	T	A	V	L	I	F	Y	W	H	M	C	P
0	0.19914	0.14217	0.06263	0.01312	0.01802	0.04596	0.01165	0.13302	0.09841	0.07622	0.06926	0.02320	0.01794	0.00888	0.00631	0.00217	0.00682	0.05006	0.00556	0.00946
1	0.01895	0.17864	0.14704	0.01716	0.04107	0.13513	0.06206	0.10620	0.01803	0.02298	0.01428	0.06524	0.01249	0.00796	0.00692	0.00195	0.03154	0.00619	0.00411	0.10206
2	0.12056	0.06017	0.03386	0.05214	0.01436	0.01056	0.00849	0.03112	0.01460	0.02126	0.03494	0.13599	0.19166	0.11630	0.01134	0.00304	0.00562	0.07585	0.05145	0.00669
3	0.01517	0.25514	0.35586	0.01551	0.02272	0.01825	0.01794	0.02035	0.01486	0.02056	0.03821	0.02197	0.01461	0.04944	0.00791	0.00233	0.00854	0.04959	0.04188	0.00915
4	0.01401	0.00871	0.01113	0.01032	0.01185	0.00914	0.00740	0.06178	0.01358	0.09891	0.02147	0.03495	0.02093	0.35116	0.28546	0.00770	0.01139	0.00869	0.00486	0.00655
5	0.01598	0.15397	0.06743	0.01261	0.01591	0.08826	0.01070	0.09480	0.01594	0.02026	0.03956	0.02766	0.04465	0.19880	0.13381	0.00478	0.03560	0.00737	0.00432	0.00759
6	0.01183	0.00687	0.00767	0.00751	0.00887	0.00671	0.00536	0.01457	0.01562	0.02484	0.21823	0.03780	0.03370	0.14291	0.01156	0.00277	0.00397	0.00910	0.42387	0.00624
7	0.02165	0.14555	0.01948	0.01263	0.01700	0.01574	0.01064	0.13286	0.05188	0.23294	0.10611	0.02889	0.10152	0.01035	0.00814	0.00217	0.05791	0.00801	0.00665	0.00988
8	0.11941	0.01596	0.06522	0.01375	0.01942	0.01458	0.01197	0.17447	0.06743	0.39019	0.02253	0.02069	0.01492	0.00841	0.00681	0.00221	0.00667	0.00653	0.00741	0.01143
9	0.00952	0.00720	0.00914	0.00908	0.01072	0.00682	0.00677	0.01209	0.01685	0.02286	0.34456	0.13385	0.21432	0.02329	0.13622	0.00401	0.00633	0.01334	0.00667	0.00637
10	0.00890	0.00637	0.00846	0.00976	0.01038	0.00593	0.00663	0.01047	0.01466	0.01981	0.14338	0.63632	0.05025	0.02109	0.00898	0.00279	0.00401	0.01908	0.00680	0.00593

[dist]
# distance from previous block
# <min> <max>
0	5

[block]
# block no. 8 follows, 29 sequences, length 12
# corresponding to MSA columns:
# 786-797
name=unknown_I
#
# <colnr> <probs for GDERKNQSTAVLIFYWHMCP>
#	G	D	E	R	K	N	Q	S	T	A	V	L	I	F	Y	W	H	M	C	P
0	0.01904	0.75404	0.03731	0.01218	0.01828	0.02818	0.01218	0.02132	0.01447	0.01675	0.00990	0.01142	0.00914	0.00609	0.00457	0.00152	0.00761	0.00381	0.00305	0.00914
1	0.00941	0.00725	0.00860	0.00826	0.01023	0.00644	0.00620	0.01215	0.01859	0.02484	0.45040	0.05931	0.32068	0.01594	0.00841	0.00231	0.00346	0.01374	0.00735	0.00644
2	0.01762	0.01692	0.02890	0.04371	0.70533	0.01692	0.02185	0.02185	0.01621	0.02326	0.01339	0.01762	0.01128	0.00634	0.00705	0.00211	0.00846	0.00634	0.00352	0.01128
3	0.01601	0.01044	0.01403	0.01557	0.12606	0.01065	0.00991	0.01942	0.05428	0.13223	0.02740	0.03289	0.10176	0.14462	0.07873	0.00387	0.04924	0.00851	0.13628	0.00811
4	0.01016	0.00721	0.00894	0.00851	0.01028	0.00662	0.00638	0.01331	0.01914	0.02712	0.55389	0.05273	0.14726	0.01443	0.00808	0.00221	0.00339	0.01258	0.08116	0.00662
5	0.01652	0.01236	0.01763	0.19852	0.16652	0.01334	0.01396	0.07653	0.05770	0.06603	0.02112	0.02594	0.04039	0.00862	0.00675	0.00216	0.00679	0.03776	0.20240	0.00897
6	0.01237	0.00618	0.00928	0.00928	0.00928	0.00618	0.00618	0.00928	0.00928	0.01237	0.01237	0.02165	0.01237	0.02474	0.02783	0.79283	0.00618	0.00618	0.00309	0.00309
7	0.01815	0.01624	0.01886	0.08324	0.02066	0.08296	0.01355	0.14315	0.01703	0.02414	0.01372	0.01787	0.01144	0.01002	0.01398	0.00249	0.33517	0.00619	0.14272	0.00845
8	0.01498	0.01285	0.01486	0.01084	0.01700	0.01010	0.00865	0.01939	0.06452	0.02369	0.01385	0.01563	0.01137	0.00560	0.00542	0.00115	0.00530	0.00450	0.00444	0.73587
9	0.01459	0.01306	0.01506	0.11294	0.06454	0.06393	0.01121	0.05954	0.13410	0.02377	0.10088	0.15670	0.10315	0.01215	0.00754	0.00227	0.00624	0.01045	0.00577	0.08213
10	0.02258	0.01894	0.12971	0.03843	0.02177	0.05570	0.03587	0.20261	0.02224	0.22067	0.05739	0.02638	0.09653	0.00953	0.00729	0.00221	0.00755	0.00771	0.00646	0.01044
11	0.01391	0.15684	0.16582	0.01304	0.01797	0.01389	0.01257	0.05521	0.01543	0.02122	0.02236	0.28756	0.02372	0.01231	0.00699	0.00215	0.00656	0.01049	0.00480	0.13716

[dist]
# distance from previous block
# <min> <max>
0	5

[block]
# block no. 9 follows, 29 sequences, length 17
# corresponding to MSA columns:
# 803-819
name=unknown_J
#
# <colnr> <probs for GDERKNQSTAVLIFYWHMCP>
#	G	D	E	R	K	N	Q	S	T	A	V	L	I	F	Y	W	H	M	C	P
0	0.01183	0.00856	0.01011	0.00998	0.01199	0.00840	0.00733	0.01682	0.13635	0.05562	0.17666	0.23981	0.20107	0.01696	0.00942	0.04681	0.00432	0.01392	0.00688	0.00716
1	0.00964	0.00644	0.00788	0.00891	0.00953	0.00612	0.00590	0.01100	0.01337	0.01870	0.03553	0.48014	0.07193	0.14935	0.01327	0.00340	0.00448	0.01620	0.12255	0.00566
2	0.01780	0.00896	0.01132	0.00990	0.01299	0.00787	0.00761	0.02008	0.01791	0.28187	0.17101	0.11002	0.21195	0.06569	0.00996	0.00266	0.00477	0.01179	0.00752	0.00832
3	0.02707	0.01995	0.02137	0.01638	0.02208	0.02208	0.01353	0.68159	0.03348	0.04488	0.01710	0.01710	0.01211	0.00855	0.00712	0.00214	0.00784	0.00641	0.00712	0.01211
4	0.13277	0.01074	0.01243	0.01069	0.01431	0.01052	0.00844	0.07667	0.01787	0.28750	0.02553	0.15053	0.02114	0.01076	0.00663	0.00220	0.00518	0.00884	0.17807	0.00917
5	0.02707	0.01995	0.02137	0.01638	0.02208	0.02208	0.01353	0.68159	0.03348	0.04488	0.01710	0.01710	0.01211	0.00855	0.00712	0.00214	0.00784	0.00641	0.00712	0.01211
6	0.01017	0.00763	0.01144	0.01144	0.01272	0.00890	0.00890	0.01272	0.01144	0.01653	0.01907	0.02797	0.01780	0.05340	0.72153	0.01144	0.01907	0.00763	0.00381	0.00636
7	0.01904	0.75404	0.03731	0.01218	0.01828	0.02818	0.01218	0.02132	0.01447	0.01675	0.00990	0.01142	0.00914	0.00609	0.00457	0.00152	0.00761	0.00381	0.00305	0.00914
8	0.02410	0.21673	0.05829	0.01674	0.02149	0.46503	0.01395	0.06861	0.01933	0.01928	0.01120	0.01286	0.00935	0.00707	0.00601	0.00180	0.01107	0.00454	0.00370	0.00884
9	0.02192	0.01775	0.01810	0.01526	0.01989	0.05778	0.01213	0.25216	0.40741	0.06231	0.02398	0.02255	0.01766	0.00913	0.00716	0.00228	0.00679	0.00727	0.00707	0.01142
10	0.00901	0.00700	0.00784	0.00805	0.00963	0.00621	0.00566	0.01069	0.01551	0.01969	0.15671	0.18318	0.38664	0.12702	0.01267	0.00313	0.00415	0.01493	0.00646	0.00583
11	0.01467	0.01275	0.02032	0.32197	0.24058	0.01372	0.01676	0.01850	0.01563	0.05878	0.02674	0.02968	0.16180	0.00936	0.00738	0.00229	0.00770	0.00828	0.00434	0.00877
12	0.00998	0.00713	0.00843	0.00863	0.01031	0.00633	0.00619	0.01187	0.01610	0.05127	0.18298	0.26264	0.31399	0.05866	0.01009	0.00276	0.00400	0.01554	0.00683	0.00626
13	0.01237	0.00618	0.00928	0.00928	0.00928	0.00618	0.00618	0.00928	0.00928	0.01237	0.01237	0.02165	0.01237	0.02474	0.02783	0.79283	0.00618	0.00618	0.00309	0.00309
14	0.35057	0.01573	0.01353	0.01178	0.01600	0.09696	0.00940	0.06592	0.11969	0.12069	0.01970	0.01977	0.04580	0.00824	0.00584	0.00216	0.00636	0.00590	0.05695	0.00903
15	0.01293	0.01127	0.01614	0.05523	0.20524	0.01035	0.01176	0.01584	0.01538	0.02155	0.06590	0.19564	0.11794	0.01192	0.00735	0.00209	0.00576	0.01062	0.00507	0.20202
16	0.08897	0.01569	0.04775	0.06593	0.12375	0.01514	0.14985	0.12657	0.01940	0.10994	0.08776	0.02444	0.05098	0.00846	0.00724	0.00223	0.00776	0.00770	0.03070	0.00975

[dist]
# distance from previous block
# <min> <max>
0	11

[block]
# block no. 10 follows, 29 sequences, length 37
# corresponding to MSA columns:
# 831-863,871-874
name=unknown_K
#
# <colnr> <probs for GDERKNQSTAVLIFYWHMCP>
#	G	D	E	R	K	N	Q	S	T	A	V	L	I	F	Y	W	H	M	C	P
0	0.04448	0.22962	0.05973	0.01550	0.02079	0.07946	0.09267	0.14567	0.01927	0.08015	0.01993	0.09190	0.05289	0.00922	0.00666	0.00207	0.00801	0.00755	0.00500	0.00943
1	0.01692	0.43470	0.33810	0.01580	0.02386	0.02299	0.01847	0.02187	0.01472	0.01933	0.01118	0.01303	0.00909	0.00639	0.00555	0.00185	0.00891	0.00446	0.00303	0.00975
2	0.01211	0.00628	0.00908	0.00908	0.00908	0.00628	0.00594	0.00942	0.00942	0.01256	0.01369	0.02491	0.01414	0.11955	0.02893	0.69005	0.00628	0.00673	0.00325	0.00325
3	0.15496	0.01256	0.01326	0.03320	0.01559	0.03117	0.00935	0.10616	0.12128	0.02796	0.17796	0.03281	0.09256	0.05462	0.04807	0.00306	0.04247	0.00873	0.00603	0.00820
4	0.01289	0.00892	0.01217	0.01541	0.14405	0.00905	0.00936	0.01575	0.01473	0.02307	0.02570	0.22047	0.02526	0.01233	0.00741	0.00220	0.03344	0.03674	0.36372	0.00734
5	0.01194	0.00749	0.00915	0.00914	0.01111	0.00667	0.00669	0.01352	0.01557	0.10924	0.08100	0.27428	0.30918	0.01970	0.03567	0.04678	0.00479	0.01480	0.00666	0.00662
6	0.01556	0.01688	0.03558	0.02699	0.05970	0.01621	0.52326	0.02082	0.01575	0.02162	0.01527	0.02084	0.01217	0.01517	0.14598	0.00413	0.01322	0.00817	0.00364	0.00905
7	0.01495	0.01239	0.01372	0.01249	0.01566	0.01373	0.00962	0.02900	0.44907	0.02934	0.27248	0.03621	0.03819	0.01143	0.00766	0.00235	0.00481	0.00980	0.00746	0.00962
8	0.00884	0.00648	0.00830	0.00943	0.01028	0.00594	0.00647	0.01044	0.01487	0.01976	0.13557	0.56194	0.13412	0.02068	0.00891	0.00274	0.00396	0.01855	0.00678	0.00594
9	0.04558	0.11981	0.06087	0.08787	0.08018	0.26877	0.01490	0.13916	0.02001	0.02390	0.01381	0.01758	0.01138	0.00775	0.00647	0.00201	0.00968	0.03082	0.03023	0.00925
10	0.23069	0.13166	0.09866	0.01212	0.01661	0.01495	0.01124	0.02027	0.01464	0.11863	0.02282	0.12493	0.06843	0.01082	0.00724	0.00231	0.04242	0.03799	0.00515	0.00843
11	0.01597	0.01644	0.02373	0.01965	0.02075	0.05080	0.10180	0.01805	0.01205	0.01774	0.01069	0.01737	0.01030	0.04553	0.02128	0.00314	0.57693	0.00664	0.00326	0.00789
12	0.12435	0.01763	0.04628	0.01829	0.10601	0.01843	0.01350	0.27007	0.20055	0.08359	0.01945	0.01937	0.01424	0.00826	0.00678	0.00223	0.00701	0.00651	0.00631	0.01115
13	0.02700	0.02192	0.02120	0.01666	0.02207	0.12080	0.01357	0.58936	0.03160	0.04100	0.01624	0.01650	0.01169	0.00838	0.00702	0.00209	0.00854	0.00615	0.00664	0.01157
14	0.01660	0.01413	0.01514	0.01368	0.01737	0.01611	0.01061	0.03428	0.59452	0.02961	0.12697	0.03045	0.02836	0.01037	0.00741	0.00239	0.00530	0.00875	0.00733	0.01061
15	0.01008	0.00728	0.00952	0.00896	0.01064	0.00672	0.00672	0.01344	0.02016	0.02855	0.70158	0.05319	0.06719	0.01456	0.00840	0.00224	0.00336	0.01288	0.00784	0.00672
16	0.01205	0.00619	0.00919	0.00933	0.00937	0.00615	0.00622	0.00933	0.00965	0.01287	0.01468	0.08391	0.01536	0.02453	0.02622	0.72484	0.00601	0.00739	0.00339	0.00332
17	0.15248	0.15646	0.01819	0.01152	0.01571	0.01758	0.00977	0.22417	0.02000	0.03099	0.01611	0.01786	0.01256	0.00778	0.00597	0.00191	0.02597	0.00554	0.24042	0.00903
18	0.01066	0.00715	0.00899	0.00906	0.01043	0.00657	0.00639	0.01269	0.01635	0.05903	0.29214	0.26191	0.13291	0.11807	0.01237	0.00310	0.00426	0.01472	0.00688	0.00631
19	0.02764	0.01524	0.01799	0.01421	0.01949	0.01558	0.01160	0.24246	0.15429	0.36586	0.02474	0.02240	0.01665	0.00889	0.00717	0.00222	0.00655	0.00709	0.00797	0.01195
20	0.01035	0.00693	0.00791	0.00791	0.00797	0.00698	0.00450	0.01045	0.01040	0.01392	0.02230	0.04585	0.02556	0.72164	0.06391	0.00709	0.00739	0.01025	0.00429	0.00440
21	0.02239	0.30124	0.02711	0.01568	0.02018	0.23100	0.01336	0.15183	0.01940	0.02250	0.01156	0.01349	0.00976	0.00777	0.00807	0.00194	0.10455	0.00486	0.00404	0.00928
22	0.01484	0.01197	0.01553	0.13528	0.06484	0.01188	0.01093	0.11249	0.01731	0.02423	0.09978	0.06682	0.02221	0.13901	0.01200	0.00278	0.00656	0.00805	0.00500	0.21849
23	0.01788	0.24625	0.05000	0.10767	0.02194	0.15848	0.01279	0.05376	0.05408	0.02003	0.01777	0.14641	0.01719	0.00982	0.00646	0.00206	0.00813	0.00777	0.03307	0.00843
24	0.80005	0.01377	0.01047	0.00936	0.01377	0.01597	0.00771	0.02093	0.01212	0.03195	0.00991	0.01157	0.00771	0.00661	0.00441	0.00220	0.00551	0.00386	0.00441	0.00771
25	0.04102	0.05654	0.08899	0.01572	0.02079	0.08333	0.01385	0.27330	0.17490	0.03190	0.02093	0.02647	0.01721	0.00979	0.00721	0.00230	0.00784	0.09143	0.00607	0.01042
26	0.01480	0.11131	0.07110	0.27354	0.09488	0.01623	0.06644	0.05090	0.01499	0.01986	0.01510	0.04293	0.01336	0.08645	0.07572	0.00353	0.00979	0.00703	0.00368	0.00834
27	0.00964	0.00660	0.00836	0.00949	0.00999	0.00636	0.00640	0.01088	0.01313	0.01782	0.03384	0.45831	0.03939	0.21000	0.01598	0.00390	0.00504	0.07983	0.04950	0.00553
28	0.02268	0.00990	0.01274	0.01084	0.01453	0.00892	0.00853	0.02576	0.03894	0.40407	0.03168	0.15562	0.06117	0.01166	0.00718	0.00225	0.00507	0.00986	0.14895	0.00964
29	0.02418	0.01660	0.01833	0.01492	0.01991	0.01815	0.01204	0.29998	0.29856	0.16247	0.02397	0.02227	0.01704	0.00905	0.00718	0.00226	0.00661	0.00722	0.00749	0.01177
30	0.05289	0.00846	0.00927	0.00835	0.01091	0.00834	0.00650	0.04801	0.01696	0.13436	0.08857	0.02766	0.02212	0.00891	0.00571	0.00185	0.00405	0.00718	0.52213	0.00779
31	0.07743	0.01887	0.02009	0.01563	0.02112	0.02086	0.01286	0.56635	0.07439	0.07385	0.01791	0.01768	0.01270	0.00851	0.00695	0.00216	0.00746	0.00638	0.00703	0.01177
32	0.02184	0.39734	0.02976	0.01448	0.01967	0.02277	0.04548	0.09682	0.01736	0.15309	0.01434	0.01544	0.01120	0.00772	0.00800	0.00197	0.10291	0.00528	0.00464	0.00989
33	0.02009	0.65804	0.03523	0.01273	0.01877	0.02738	0.01236	0.10767	0.01695	0.02043	0.01084	0.01216	0.00953	0.00641	0.00490	0.00160	0.00764	0.00415	0.00358	0.00953
34	0.15668	0.01551	0.02192	0.20831	0.21808	0.01707	0.04903	0.14789	0.01828	0.02778	0.01378	0.01726	0.01062	0.00708	0.00659	0.00220	0.00804	0.00603	0.03819	0.00965
35	0.02281	0.01881	0.01951	0.01605	0.02055	0.06289	0.01294	0.36181	0.25904	0.03560	0.02018	0.01999	0.01503	0.00920	0.00852	0.00230	0.07011	0.00685	0.00661	0.01121
36	0.00886	0.00673	0.00816	0.00886	0.01016	0.00603	0.00624	0.01068	0.01571	0.02049	0.17550	0.39574	0.26216	0.01946	0.00874	0.00261	0.00382	0.01716	0.00684	0.00603

[dist]
# distance from previous block
# <min> <max>
0	2

[block]
# block no. 11 follows, 29 sequences, length 6
# corresponding to MSA columns:
# 877-882
name=unknown_L
#
# <colnr> <probs for GDERKNQSTAVLIFYWHMCP>
#	G	D	E	R	K	N	Q	S	T	A	V	L	I	F	Y	W	H	M	C	P
0	0.01132	0.00678	0.00977	0.00977	0.01020	0.00721	0.00681	0.01060	0.01017	0.01399	0.01617	0.02759	0.01627	0.14534	0.26265	0.40950	0.01063	0.00731	0.00352	0.00438
1	0.07903	0.01834	0.07368	0.07988	0.16654	0.04614	0.09785	0.09733	0.14157	0.02613	0.01630	0.01895	0.01271	0.00961	0.03703	0.00268	0.05500	0.00662	0.00461	0.01002
2	0.05493	0.07500	0.01919	0.01588	0.07156	0.06196	0.01187	0.32525	0.02388	0.06177	0.01891	0.08441	0.01574	0.00926	0.00663	0.00207	0.00703	0.00730	0.11734	0.01002
3	0.01904	0.10903	0.08625	0.06216	0.16303	0.11248	0.04278	0.04666	0.01738	0.10812	0.04482	0.09961	0.03969	0.00935	0.00703	0.00215	0.00821	0.00793	0.00482	0.00946
4	0.01807	0.04197	0.02141	0.02197	0.18590	0.10997	0.06742	0.12254	0.07227	0.02569	0.07319	0.06757	0.09537	0.00983	0.00733	0.00216	0.00772	0.00851	0.00524	0.03586
5	0.08161	0.01586	0.06167	0.01693	0.08549	0.06796	0.06461	0.04988	0.05539	0.11722	0.02169	0.05213	0.04970	0.07340	0.04493	0.00300	0.00804	0.03122	0.00520	0.09406

[dist]
# distance from previous block
# <min> <max>
8	312

[block]
# block no. 12 follows, 29 sequences, length 16
# corresponding to MSA columns:
# 1265-1280
name=unknown_M
#
# <colnr> <probs for GDERKNQSTAVLIFYWHMCP>
#	G	D	E	R	K	N	Q	S	T	A	V	L	I	F	Y	W	H	M	C	P
0	0.01513	0.01041	0.01272	0.01104	0.01404	0.01026	0.00860	0.08476	0.04361	0.08884	0.19894	0.11448	0.06263	0.01493	0.05712	0.00277	0.04425	0.00994	0.06798	0.12756
1	0.05413	0.08321	0.01262	0.00989	0.01248	0.01010	0.00772	0.04146	0.01597	0.07343	0.09087	0.20725	0.23199	0.02012	0.09309	0.00346	0.00642	0.01254	0.00608	0.00717
2	0.01674	0.09244	0.24791	0.04336	0.09940	0.03640	0.09706	0.07999	0.01641	0.03963	0.01487	0.02077	0.01258	0.12006	0.01174	0.00290	0.02789	0.00659	0.00388	0.00939
3	0.25212	0.18177	0.20155	0.01459	0.02106	0.08639	0.01486	0.10926	0.01696	0.02656	0.01171	0.01329	0.00908	0.00686	0.00560	0.00203	0.00827	0.00462	0.00404	0.00938
4	0.01117	0.00985	0.04924	0.01214	0.01418	0.00904	0.06360	0.01386	0.01359	0.01953	0.02822	0.21966	0.06872	0.07192	0.18488	0.00498	0.03676	0.03766	0.12436	0.00664
5	0.01584	0.12676	0.02213	0.01614	0.01770	0.02030	0.01363	0.06226	0.01309	0.01885	0.01184	0.01745	0.01114	0.01915	0.15455	0.00442	0.43706	0.00615	0.00351	0.00801
6	0.01982	0.01725	0.06717	0.07862	0.12288	0.01709	0.03972	0.27694	0.08913	0.03015	0.01615	0.01884	0.01247	0.01038	0.01025	0.12254	0.00786	0.00646	0.00518	0.03109
7	0.07826	0.01217	0.01720	0.39351	0.03274	0.01436	0.01452	0.02020	0.11674	0.02082	0.01637	0.02249	0.01345	0.07339	0.08092	0.00358	0.00910	0.00674	0.00410	0.04933
8	0.05268	0.01423	0.01618	0.01221	0.01782	0.01314	0.00990	0.20396	0.02089	0.10279	0.07205	0.01944	0.01627	0.00738	0.00621	0.00162	0.00592	0.00584	0.00582	0.39565
9	0.00912	0.00717	0.00824	0.00812	0.01009	0.00629	0.00603	0.01153	0.01767	0.02301	0.32991	0.10836	0.39530	0.01689	0.00845	0.00237	0.00354	0.01450	0.00712	0.00629
10	0.01230	0.00918	0.01269	0.01207	0.01389	0.01056	0.00948	0.09683	0.01422	0.02009	0.01882	0.02661	0.01709	0.04776	0.63169	0.01027	0.01766	0.00748	0.00423	0.00708
11	0.04190	0.01319	0.01511	0.01296	0.01630	0.01426	0.01008	0.27579	0.06812	0.08589	0.02292	0.13418	0.02094	0.10327	0.12745	0.00435	0.00863	0.00927	0.00625	0.00912
12	0.01104	0.12074	0.01334	0.00952	0.01167	0.00975	0.00744	0.01370	0.01769	0.02400	0.41812	0.18893	0.09780	0.01509	0.00796	0.00227	0.00418	0.01315	0.00677	0.00685
13	0.02043	0.43078	0.12682	0.01431	0.02062	0.07118	0.01419	0.07855	0.06856	0.07371	0.01381	0.01462	0.01097	0.00695	0.00562	0.00182	0.00813	0.00486	0.00418	0.00991
14	0.01242	0.00782	0.00997	0.00975	0.01051	0.00812	0.00662	0.01422	0.11457	0.01688	0.07474	0.05784	0.02251	0.17621	0.02418	0.40975	0.00594	0.00844	0.00451	0.00500
15	0.07145	0.05385	0.02064	0.01623	0.01897	0.13173	0.11286	0.02018	0.01464	0.02152	0.01409	0.01807	0.01175	0.00882	0.01124	0.00227	0.22847	0.00611	0.20920	0.00790

[dist]
# distance from previous block
# <min> <max>
0	3

[block]
# block no. 13 follows, 29 sequences, length 19
# corresponding to MSA columns:
# 1284-1302
name=unknown_N
#
# <colnr> <probs for GDERKNQSTAVLIFYWHMCP>
#	G	D	E	R	K	N	Q	S	T	A	V	L	I	F	Y	W	H	M	C	P
0	0.02106	0.41289	0.02953	0.04948	0.05461	0.24890	0.01347	0.02436	0.05242	0.01805	0.01157	0.01334	0.00994	0.00674	0.00555	0.00174	0.00932	0.00453	0.00350	0.00902
1	0.01068	0.00741	0.00878	0.00886	0.01026	0.00722	0.00632	0.03833	0.01541	0.02153	0.14189	0.19994	0.15656	0.12839	0.08356	0.00393	0.00584	0.01278	0.12609	0.00619
2	0.01006	0.00741	0.00820	0.00799	0.01019	0.00641	0.00592	0.01207	0.01671	0.05668	0.17925	0.09826	0.48161	0.05544	0.00984	0.00263	0.00389	0.01426	0.00683	0.00636
3	0.01750	0.00882	0.01144	0.01021	0.01316	0.00778	0.00785	0.01996	0.01829	0.27370	0.21998	0.18217	0.15081	0.01457	0.00809	0.00238	0.00454	0.01261	0.00775	0.00839
4	0.01917	0.01342	0.01519	0.01313	0.01702	0.01448	0.01033	0.09406	0.36867	0.14016	0.17998	0.03130	0.03044	0.01053	0.00748	0.00231	0.00540	0.00884	0.00762	0.01046
5	0.29522	0.01472	0.01570	0.01250	0.01767	0.01538	0.01031	0.19804	0.02094	0.30376	0.01897	0.01802	0.01278	0.00799	0.00620	0.00219	0.00633	0.00583	0.00686	0.01060
