[name]
unknown

[dist]
# distance from previous block
# <min> <max>
0	53

[block]
# block no. 0 follows, 28 sequences, length 13
# corresponding to MSA columns:
# 53-65
name=unknown_A
#
# <colnr> <probs for GDERKNQSTAVLIFYWHMCP>
#	G	D	E	R	K	N	Q	S	T	A	V	L	I	F	Y	W	H	M	C	P
0	0.01171	0.00837	0.01171	0.01339	0.01506	0.00837	0.01171	0.01506	0.01673	0.02175	0.03849	0.08199	0.04183	0.02008	0.01004	0.00335	0.00669	0.65027	0.00669	0.00669
1	0.79588	0.01406	0.01068	0.00956	0.01406	0.01631	0.00787	0.02137	0.01237	0.03261	0.01012	0.01181	0.00787	0.00675	0.00450	0.00225	0.00562	0.00394	0.00450	0.00787
2	0.01943	0.74891	0.03809	0.01244	0.01866	0.02876	0.01244	0.02177	0.01477	0.01710	0.01011	0.01166	0.00933	0.00622	0.00466	0.00155	0.00777	0.00389	0.00311	0.00933
3	0.01556	0.01406	0.02321	0.10281	0.45809	0.01430	0.01798	0.01930	0.01577	0.02252	0.01919	0.15179	0.01859	0.00970	0.00743	0.00230	0.00754	0.00911	0.06092	0.00980
4	0.01504	0.00848	0.01124	0.00995	0.01250	0.00767	0.00767	0.01833	0.02062	0.17271	0.55359	0.04801	0.05783	0.01361	0.00830	0.00228	0.00402	0.01190	0.00821	0.00803
5	0.01671	0.02412	0.25660	0.01731	0.02323	0.10637	0.04716	0.07075	0.10812	0.02513	0.07942	0.06764	0.02272	0.01071	0.00770	0.00243	0.00875	0.09045	0.00516	0.00950
6	0.01449	0.01272	0.01927	0.12066	0.17114	0.01489	0.01474	0.05184	0.01418	0.02009	0.01558	0.02338	0.01421	0.07724	0.24475	0.00586	0.14570	0.00718	0.00382	0.00826
7	0.12841	0.01981	0.10861	0.10853	0.02449	0.08853	0.01474	0.11909	0.16781	0.05389	0.01963	0.02444	0.01572	0.00918	0.00704	0.00238	0.00809	0.06428	0.00548	0.00985
8	0.01937	0.01528	0.02194	0.07797	0.29419	0.01591	0.01609	0.16632	0.05370	0.08016	0.04535	0.12153	0.01984	0.00999	0.00758	0.00232	0.00743	0.00888	0.00559	0.01056
9	0.01476	0.01311	0.01846	0.08413	0.20386	0.01177	0.01296	0.01835	0.01612	0.02352	0.08967	0.02442	0.06717	0.00780	0.00662	0.00172	0.00632	0.00683	0.00459	0.36781
10	0.05249	0.01490	0.02229	0.06093	0.37278	0.01486	0.01634	0.02292	0.08572	0.06002	0.05487	0.02211	0.01654	0.04133	0.00832	0.00230	0.00733	0.00687	0.00468	0.11238
11	0.08798	0.09895	0.11850	0.09167	0.16643	0.04942	0.01655	0.09774	0.01776	0.02526	0.01664	0.02216	0.03275	0.00817	0.00672	0.00214	0.00824	0.05259	0.00433	0.07600
12	0.01650	0.11786	0.13776	0.05237	0.11269	0.01684	0.06628	0.09284	0.06797	0.02456	0.02391	0.06181	0.10306	0.00936	0.00710	0.00216	0.00780	0.00798	0.00475	0.06639

[dist]
# distance from previous block
# <min> <max>
13	39

[block]
# block no. 1 follows, 28 sequences, length 14
# corresponding to MSA columns:
# 106-119
name=unknown_B
#
# <colnr> <probs for GDERKNQSTAVLIFYWHMCP>
#	G	D	E	R	K	N	Q	S	T	A	V	L	I	F	Y	W	H	M	C	P
0	0.11375	0.39037	0.02849	0.08522	0.02230	0.15873	0.01309	0.07525	0.01715	0.02154	0.01120	0.01320	0.00944	0.00684	0.00548	0.00184	0.00876	0.00452	0.00374	0.00910
1	0.01519	0.01699	0.10405	0.01619	0.08505	0.09834	0.01247	0.09534	0.01905	0.02458	0.13156	0.18270	0.14193	0.01360	0.00797	0.00238	0.00685	0.01158	0.00584	0.00836
2	0.09782	0.01921	0.01970	0.05022	0.18722	0.16846	0.01414	0.13378	0.04725	0.02741	0.09094	0.02454	0.07070	0.00910	0.00706	0.00217	0.00819	0.00731	0.00520	0.00957
3	0.01715	0.11133	0.06656	0.14279	0.31847	0.01795	0.01868	0.02098	0.01540	0.05361	0.01519	0.06736	0.01345	0.00847	0.00868	0.00229	0.08076	0.00708	0.00388	0.00993
4	0.35970	0.02370	0.24007	0.01662	0.06165	0.05083	0.01596	0.10691	0.01680	0.02997	0.01228	0.01412	0.00917	0.00707	0.00590	0.00223	0.00813	0.00493	0.00430	0.00963
5	0.12058	0.08088	0.12433	0.07155	0.06720	0.01607	0.06007	0.02656	0.11222	0.17497	0.02196	0.02233	0.05371	0.00834	0.00682	0.00226	0.00757	0.00686	0.00549	0.01023
6	0.02539	0.02319	0.02030	0.01684	0.02172	0.20989	0.01337	0.35865	0.17464	0.03479	0.01845	0.01841	0.01372	0.00864	0.00710	0.00216	0.00889	0.00641	0.00634	0.01110
7	0.00997	0.00742	0.00927	0.00881	0.01066	0.00672	0.00661	0.01310	0.01982	0.02736	0.57820	0.05725	0.18686	0.01553	0.00858	0.00232	0.00348	0.01356	0.00777	0.00672
8	0.00883	0.00643	0.00833	0.00985	0.01047	0.00593	0.00662	0.01015	0.01418	0.01866	0.04343	0.67272	0.11298	0.02234	0.00921	0.00290	0.00416	0.02013	0.00675	0.00593
9	0.02368	0.32526	0.02771	0.01583	0.02078	0.34915	0.01327	0.08078	0.04482	0.02035	0.01200	0.01342	0.01009	0.00716	0.00587	0.00179	0.01021	0.00465	0.00392	0.00925
10	0.01251	0.01038	0.06571	0.01038	0.01324	0.00801	0.00862	0.01586	0.03850	0.09734	0.21878	0.20891	0.23132	0.01625	0.00843	0.00249	0.00464	0.01408	0.00705	0.00749
11	0.02153	0.45604	0.05472	0.01687	0.06740	0.23730	0.01410	0.02406	0.01669	0.01797	0.01080	0.01267	0.00949	0.00665	0.00549	0.00172	0.00956	0.00436	0.00334	0.00925
12	0.00925	0.00702	0.00797	0.00839	0.01009	0.00621	0.00604	0.01125	0.01625	0.02117	0.14779	0.26355	0.36856	0.01852	0.00855	0.00253	0.00378	0.01602	0.06083	0.00621
13	0.01984	0.07164	0.14773	0.11083	0.02862	0.16645	0.09523	0.09845	0.14209	0.02486	0.01619	0.01807	0.01227	0.00768	0.00706	0.00221	0.00987	0.00631	0.00457	0.01002

[dist]
# distance from previous block
# <min> <max>
0	3

[block]
# block no. 2 follows, 28 sequences, length 49
# corresponding to MSA columns:
# 123-171
name=unknown_C
#
# <colnr> <probs for GDERKNQSTAVLIFYWHMCP>
#	G	D	E	R	K	N	Q	S	T	A	V	L	I	F	Y	W	H	M	C	P
0	0.08944	0.01507	0.01590	0.01632	0.09121	0.13194	0.05343	0.03968	0.03902	0.02031	0.02020	0.11253	0.02099	0.28234	0.01822	0.00405	0.00813	0.00931	0.00464	0.00726
1	0.06710	0.01348	0.01340	0.01253	0.01443	0.09433	0.00938	0.08698	0.05404	0.02171	0.02222	0.09054	0.02289	0.24725	0.06991	0.00466	0.06466	0.07823	0.00511	0.00715
2	0.01038	0.00779	0.01168	0.01168	0.01298	0.00909	0.00909	0.01298	0.01168	0.01687	0.01947	0.02856	0.01817	0.05452	0.71573	0.01168	0.01947	0.00779	0.00389	0.00649
3	0.01593	0.01434	0.02111	0.05094	0.24620	0.01503	0.05804	0.02537	0.23177	0.02697	0.18455	0.02990	0.02871	0.00960	0.00769	0.00232	0.00673	0.00879	0.00588	0.01014
4	0.01507	0.01292	0.01507	0.01077	0.01723	0.00969	0.00861	0.01830	0.01507	0.02369	0.01292	0.01507	0.01077	0.00538	0.00538	0.00108	0.00538	0.00431	0.00431	0.78898
5	0.02158	0.01825	0.01926	0.09921	0.02409	0.06557	0.01352	0.26265	0.33080	0.03368	0.02209	0.02184	0.01637	0.00900	0.00728	0.00232	0.00750	0.00718	0.00662	0.01121
6	0.02146	0.01730	0.01834	0.01548	0.02019	0.01966	0.01232	0.26402	0.45516	0.03586	0.02529	0.02370	0.01871	0.00946	0.00735	0.00236	0.00655	0.00763	0.00735	0.01181
7	0.06406	0.01519	0.02231	0.05190	0.25239	0.03994	0.08309	0.09976	0.01893	0.02669	0.11298	0.09205	0.02454	0.01038	0.00774	0.00237	0.00769	0.05328	0.00521	0.00949
8	0.01587	0.01563	0.13077	0.01741	0.06489	0.01243	0.08176	0.04898	0.01633	0.10913	0.09395	0.02665	0.02086	0.02627	0.27884	0.00589	0.01258	0.00787	0.00498	0.00891
9	0.01909	0.01774	0.01690	0.01523	0.01930	0.09580	0.01179	0.03756	0.61189	0.02900	0.02754	0.02556	0.02076	0.00960	0.00730	0.00240	0.00657	0.00782	0.00699	0.01116
10	0.01509	0.02044	0.18210	0.41554	0.08635	0.04269	0.09437	0.02076	0.01537	0.02043	0.01313	0.01815	0.00984	0.00701	0.00730	0.00236	0.01028	0.00638	0.00329	0.00912
11	0.04183	0.07236	0.04992	0.01951	0.13642	0.07318	0.05105	0.03919	0.05776	0.04781	0.09207	0.16536	0.02796	0.01237	0.00779	0.00243	0.00728	0.08137	0.00551	0.00881
12	0.01461	0.01088	0.01601	0.01994	0.21025	0.01046	0.01200	0.01777	0.01728	0.09546	0.16615	0.04330	0.18112	0.01741	0.08697	0.00341	0.00730	0.05511	0.00601	0.00857
13	0.01044	0.00757	0.01057	0.01057	0.01148	0.00848	0.00769	0.01226	0.01135	0.01605	0.02049	0.03421	0.02063	0.25967	0.51393	0.01030	0.01578	0.00862	0.00405	0.00587
14	0.01838	0.10792	0.40030	0.02017	0.02881	0.05012	0.09803	0.14435	0.01923	0.02643	0.01367	0.01575	0.01003	0.00711	0.00692	0.00220	0.01020	0.00578	0.00396	0.01068
15	0.01829	0.03075	0.33630	0.02525	0.11221	0.17054	0.15716	0.02431	0.01702	0.02202	0.01307	0.01606	0.00990	0.00682	0.00721	0.00222	0.01132	0.00602	0.00341	0.01013
16	0.00921	0.00688	0.00847	0.00938	0.01052	0.00628	0.00661	0.01091	0.01530	0.01992	0.11839	0.41432	0.21512	0.06188	0.01066	0.00301	0.00431	0.05606	0.00675	0.00603
17	0.00983	0.00702	0.00955	0.01124	0.01209	0.00674	0.00844	0.01181	0.01488	0.01965	0.03953	0.51526	0.04595	0.02185	0.00954	0.00309	0.00506	0.23557	0.00673	0.00617
18	0.19248	0.06054	0.01734	0.04087	0.01916	0.15944	0.01131	0.12655	0.14232	0.02933	0.11164	0.02202	0.02020	0.00891	0.00657	0.00217	0.00751	0.00667	0.00567	0.00930
19	0.01329	0.01072	0.01122	0.01102	0.01343	0.04943	0.00837	0.06420	0.08701	0.04687	0.07076	0.23664	0.25613	0.01705	0.00853	0.00260	0.00525	0.07317	0.00680	0.00751
20	0.00932	0.00688	0.00875	0.00961	0.01075	0.00631	0.00685	0.01132	0.01612	0.02147	0.20344	0.42585	0.16062	0.01999	0.00904	0.00273	0.00408	0.05359	0.00705	0.00622
21	0.01824	0.01661	0.03081	0.18617	0.03548	0.01696	0.34075	0.02607	0.12643	0.09926	0.01829	0.02136	0.01332	0.00732	0.00794	0.00242	0.00992	0.00789	0.00478	0.00997
22	0.02053	0.14094	0.10037	0.02503	0.15745	0.07386	0.17634	0.09732	0.04239	0.07430	0.01516	0.01745	0.01158	0.00703	0.00706	0.00214	0.00959	0.00644	0.00443	0.01058
23	0.01236	0.01085	0.01576	0.05353	0.05597	0.01049	0.10212	0.03949	0.05524	0.02254	0.08238	0.07437	0.31916	0.04609	0.00949	0.00263	0.00601	0.03301	0.04092	0.00760
24	0.00896	0.00668	0.00838	0.00967	0.01063	0.00610	0.00675	0.01048	0.01469	0.01899	0.04769	0.54822	0.19672	0.02162	0.00916	0.00286	0.00424	0.05542	0.00675	0.00600
25	0.69024	0.01353	0.01086	0.00976	0.01399	0.01554	0.00794	0.02145	0.04337	0.03220	0.07267	0.01632	0.01398	0.00762	0.00500	0.00226	0.00543	0.00496	0.00494	0.00794
26	0.02078	0.62968	0.03543	0.01314	0.01929	0.02774	0.01266	0.12867	0.01795	0.02180	0.01131	0.01261	0.00982	0.00663	0.00509	0.00166	0.00781	0.00432	0.00379	0.00982
27	0.01752	0.01981	0.03497	0.02595	0.03170	0.10231	0.47042	0.02250	0.01752	0.02285	0.08977	0.02241	0.01713	0.00775	0.00944	0.00242	0.06378	0.00845	0.00413	0.00917
28	0.01668	0.09556	0.01800	0.01193	0.01780	0.01377	0.00976	0.02378	0.16943	0.04127	0.01683	0.01770	0.01341	0.00660	0.00581	0.00148	0.00575	0.00523	0.00500	0.50421
29	0.23697	0.11931	0.02455	0.01658	0.02163	0.01893	0.17126	0.13892	0.01776	0.02840	0.01398	0.01793	0.01143	0.05603	0.00906	0.00252	0.04056	0.00620	0.03889	0.00908
30	0.10550	0.27473	0.20739	0.04396	0.07039	0.06135	0.01689	0.08008	0.03668	0.02386	0.01252	0.01442	0.00995	0.00692	0.00593	0.00200	0.00871	0.00497	0.00382	0.00992
31	0.00971	0.00747	0.00892	0.00872	0.01073	0.00667	0.00665	0.01251	0.01874	0.02492	0.40724	0.06229	0.31383	0.01660	0.00868	0.00242	0.00374	0.05615	0.00742	0.00656
32	0.00880	0.00656	0.00819	0.00949	0.01038	0.00596	0.00647	0.01019	0.01453	0.01880	0.04778	0.58581	0.19708	0.02177	0.00912	0.00284	0.00409	0.01944	0.00675	0.00596
33	0.01895	0.02199	0.09599	0.08631	0.29371	0.17663	0.01833	0.06536	0.01805	0.02273	0.01633	0.10125	0.01496	0.00888	0.00727	0.00222	0.00942	0.00761	0.00416	0.00984
34	0.20387	0.32480	0.02598	0.01334	0.01893	0.05419	0.01186	0.21994	0.02035	0.02946	0.01239	0.01351	0.00991	0.00716	0.00550	0.00192	0.00757	0.00474	0.00472	0.00987
35	0.02922	0.01202	0.01583	0.01245	0.01765	0.01062	0.01018	0.03295	0.05837	0.59280	0.03352	0.02969	0.09047	0.01005	0.00745	0.00228	0.00589	0.00822	0.00867	0.01166
36	0.02081	0.00915	0.01137	0.00986	0.01288	0.00839	0.00753	0.02330	0.01685	0.31227	0.02724	0.09521	0.02215	0.10934	0.01073	0.00277	0.00515	0.00881	0.27745	0.00875
37	0.05409	0.30963	0.12610	0.01438	0.01954	0.19593	0.01345	0.02193	0.01553	0.01835	0.01292	0.01845	0.01205	0.12750	0.01076	0.00268	0.00934	0.00540	0.00354	0.00844
38	0.01496	0.09297	0.65481	0.02007	0.03046	0.01781	0.02573	0.02292	0.01530	0.02256	0.01282	0.01506	0.00922	0.00685	0.00673	0.00224	0.01051	0.00526	0.00307	0.01063
39	0.01067	0.00820	0.00988	0.00966	0.01157	0.00789	0.00715	0.01548	0.09677	0.02591	0.40181	0.16603	0.16911	0.01619	0.00855	0.00245	0.00387	0.01418	0.00751	0.00712
40	0.00937	0.00687	0.00891	0.01035	0.01131	0.00641	0.00753	0.01111	0.01484	0.01933	0.04460	0.51700	0.14021	0.02163	0.00933	0.00296	0.00462	0.14083	0.00674	0.00609
41	0.01736	0.01534	0.09241	0.01423	0.01842	0.01360	0.03632	0.11753	0.17688	0.09754	0.07656	0.16152	0.04950	0.04032	0.03582	0.00298	0.00696	0.01058	0.00658	0.00956
42	0.01766	0.01037	0.01309	0.01135	0.01429	0.01028	0.00901	0.03995	0.01806	0.22766	0.13687	0.08947	0.24501	0.01429	0.01027	0.00249	0.10273	0.01147	0.00714	0.00854
43	0.00902	0.00645	0.00858	0.01001	0.01058	0.00601	0.00676	0.01052	0.01466	0.01974	0.11310	0.66339	0.05036	0.02189	0.00920	0.00288	0.00413	0.01983	0.00689	0.00601
44	0.01674	0.01608	0.02686	0.20441	0.46869	0.01756	0.02109	0.02088	0.01547	0.02182	0.01303	0.01809	0.01086	0.00736	0.00907	0.00234	0.08942	0.00646	0.00346	0.01030
45	0.07612	0.06398	0.04468	0.01532	0.02006	0.25133	0.01254	0.10280	0.09896	0.16673	0.06203	0.02024	0.01673	0.00856	0.00679	0.00210	0.00871	0.00633	0.00593	0.01005
46	0.09874	0.23548	0.30053	0.01575	0.02350	0.04427	0.01748	0.04648	0.01603	0.06193	0.01288	0.01443	0.00985	0.00678	0.00592	0.00196	0.00867	0.00484	0.00384	0.07063
47	0.28439	0.10973	0.16161	0.01937	0.09579	0.10016	0.08865	0.02296	0.01521	0.02509	0.01174	0.01420	0.00924	0.00671	0.00599	0.00215	0.00886	0.00510	0.00377	0.00930
48	0.01436	0.00924	0.01079	0.01044	0.01278	0.00899	0.00775	0.07979	0.06181	0.09951	0.04149	0.32456	0.17669	0.01660	0.00816	0.00253	0.00470	0.01440	0.08767	0.00776

[dist]
# distance from previous block
# <min> <max>
2	7

[block]
# block no. 3 follows, 28 sequences, length 8
# corresponding to MSA columns:
# 179-186
name=unknown_D
#
# <colnr> <probs for GDERKNQSTAVLIFYWHMCP>
#	G	D	E	R	K	N	Q	S	T	A	V	L	I	F	Y	W	H	M	C	P
0	0.01956	0.01778	0.06287	0.15690	0.10133	0.06965	0.14562	0.09591	0.01886	0.11653	0.01920	0.08516	0.01608	0.00919	0.00773	0.00238	0.00915	0.03125	0.00506	0.00978
1	0.01174	0.01139	0.10755	0.01031	0.01314	0.00817	0.00930	0.01550	0.01682	0.02536	0.23214	0.13944	0.06494	0.01321	0.00739	0.00225	0.00474	0.04346	0.25592	0.00721
2	0.01437	0.02351	0.32244	0.08233	0.14191	0.01454	0.01968	0.05545	0.01655	0.02308	0.02478	0.09883	0.11135	0.01024	0.00749	0.00237	0.00846	0.00871	0.00431	0.00958
3	0.15122	0.16610	0.33339	0.05514	0.02700	0.05827	0.06975	0.02262	0.01511	0.02304	0.01200	0.01445	0.00918	0.00674	0.00619	0.00214	0.00949	0.00511	0.00342	0.00963
4	0.01674	0.11496	0.01578	0.01084	0.01442	0.01233	0.00884	0.07574	0.05355	0.13748	0.24891	0.06435	0.17174	0.01287	0.00767	0.00223	0.00509	0.01075	0.00708	0.00864
5	0.00907	0.00686	0.00838	0.00910	0.01039	0.00617	0.00641	0.01096	0.01608	0.02107	0.18583	0.39977	0.24384	0.01984	0.00893	0.00267	0.00390	0.01753	0.00701	0.00617
6	0.46329	0.01528	0.08830	0.01112	0.01560	0.01422	0.00997	0.06152	0.01479	0.02903	0.02192	0.12207	0.08714	0.01041	0.00606	0.00237	0.00594	0.00785	0.00508	0.00802
7	0.01567	0.06040	0.16230	0.01545	0.02185	0.07335	0.08333	0.02016	0.01673	0.02355	0.12711	0.02182	0.01995	0.00759	0.00663	0.00177	0.00769	0.00647	0.00449	0.30369

[dist]
# distance from previous block
# <min> <max>
0	2

[block]
# block no. 4 follows, 28 sequences, length 25
# corresponding to MSA columns:
# 189-213
name=unknown_E
#
# <colnr> <probs for GDERKNQSTAVLIFYWHMCP>
#	G	D	E	R	K	N	Q	S	T	A	V	L	I	F	Y	W	H	M	C	P
0	0.00957	0.00720	0.00893	0.00946	0.01099	0.00656	0.00705	0.01191	0.01702	0.02247	0.24877	0.26588	0.23218	0.01883	0.00897	0.00266	0.00413	0.09393	0.00712	0.00636
1	0.02411	0.04847	0.02058	0.04754	0.02246	0.13932	0.01335	0.31458	0.21190	0.05366	0.01963	0.01949	0.01453	0.00868	0.00709	0.00220	0.00826	0.00661	0.00642	0.01115
2	0.02086	0.48032	0.03157	0.01403	0.01966	0.11057	0.03765	0.09030	0.01793	0.04414	0.01620	0.01721	0.05735	0.00757	0.00568	0.00178	0.00829	0.00535	0.00410	0.00943
3	0.01982	0.34842	0.18378	0.01559	0.02238	0.06041	0.01589	0.12331	0.10128	0.02447	0.01436	0.01536	0.01135	0.00727	0.00601	0.00195	0.00852	0.00520	0.00429	0.01033
4	0.01477	0.15907	0.10990	0.10466	0.02465	0.01578	0.11883	0.01949	0.04381	0.04005	0.10133	0.14370	0.05231	0.01092	0.00747	0.00231	0.00770	0.00977	0.00488	0.00861
5	0.01047	0.00743	0.00986	0.00986	0.01053	0.00810	0.00682	0.01181	0.01114	0.01553	0.02113	0.03777	0.02217	0.38876	0.38696	0.00944	0.01345	0.00914	0.00414	0.00548
6	0.10864	0.01189	0.01414	0.01410	0.06211	0.01277	0.01017	0.09269	0.11661	0.07528	0.02889	0.09580	0.10748	0.02281	0.18864	0.00477	0.00931	0.00931	0.00585	0.00873
7	0.01792	0.08231	0.14299	0.23009	0.19016	0.09128	0.04976	0.06984	0.01736	0.02254	0.01312	0.01694	0.01023	0.00701	0.00696	0.00219	0.00982	0.00598	0.00365	0.00987
8	0.00889	0.00666	0.00826	0.00937	0.01038	0.00603	0.00645	0.01045	0.01504	0.01956	0.09360	0.52537	0.21126	0.02114	0.00906	0.00278	0.00403	0.01882	0.00683	0.00603
9	0.01667	0.04898	0.01579	0.01348	0.01552	0.15575	0.01020	0.09353	0.01661	0.02065	0.04696	0.11504	0.02183	0.17063	0.12254	0.00475	0.08988	0.00907	0.00477	0.00737
10	0.01769	0.10963	0.02733	0.07498	0.02564	0.14149	0.17566	0.02094	0.01594	0.01996	0.06471	0.02146	0.04696	0.00938	0.01155	0.00241	0.19461	0.00724	0.00392	0.00850
11	0.01289	0.00911	0.01263	0.01510	0.09730	0.00901	0.00962	0.01623	0.06568	0.07159	0.03278	0.40867	0.03585	0.07645	0.04207	0.00350	0.00610	0.06170	0.00626	0.00748
12	0.08120	0.01552	0.01775	0.01390	0.01918	0.01600	0.01141	0.29931	0.05054	0.30894	0.02240	0.02108	0.01516	0.00872	0.00694	0.00219	0.00668	0.00675	0.06472	0.01161
13	0.01708	0.01673	0.02665	0.25843	0.46235	0.05023	0.02125	0.02145	0.01611	0.02183	0.01332	0.01820	0.01084	0.00677	0.00719	0.00223	0.00918	0.00639	0.00349	0.01028
14	0.01769	0.14123	0.35155	0.10815	0.07623	0.11830	0.02123	0.04543	0.01663	0.02165	0.01252	0.01522	0.00958	0.00696	0.00659	0.00213	0.01025	0.00530	0.00337	0.00997
15	0.00873	0.00682	0.00793	0.00882	0.01020	0.00601	0.00617	0.01027	0.01517	0.01907	0.05590	0.42375	0.35389	0.02071	0.00895	0.00272	0.00396	0.01815	0.00675	0.00601
16	0.01497	0.06917	0.01554	0.01245	0.01558	0.01412	0.00989	0.07122	0.25206	0.02685	0.18973	0.03347	0.05092	0.02095	0.16573	0.00439	0.00851	0.00908	0.00640	0.00898
17	0.01943	0.74891	0.03809	0.01244	0.01866	0.02876	0.01244	0.02177	0.01477	0.01710	0.01011	0.01166	0.00933	0.00622	0.00466	0.00155	0.00777	0.00389	0.00311	0.00933
18	0.01053	0.00721	0.00874	0.00874	0.00902	0.00749	0.00542	0.01109	0.01081	0.01470	0.02216	0.04346	0.02464	0.59534	0.18376	0.00805	0.00973	0.00997	0.00429	0.00486
19	0.17713	0.11380	0.02031	0.01620	0.05469	0.21436	0.01231	0.11636	0.12927	0.02696	0.01599	0.04379	0.01319	0.00828	0.00628	0.00210	0.00844	0.00598	0.00501	0.00955
20	0.07431	0.04195	0.07120	0.10492	0.12521	0.01385	0.01377	0.06683	0.06392	0.02429	0.04099	0.21100	0.02359	0.01186	0.00744	0.00238	0.00683	0.02790	0.00519	0.06257
21	0.22466	0.01753	0.01801	0.01995	0.16950	0.12141	0.01279	0.04891	0.08536	0.07140	0.01701	0.06960	0.01440	0.00840	0.00642	0.00215	0.00745	0.00663	0.00503	0.07339
22	0.14863	0.17114	0.14296	0.01539	0.02121	0.01834	0.06527	0.09079	0.06619	0.05381	0.01836	0.07124	0.01618	0.00935	0.00668	0.00228	0.00776	0.06001	0.00492	0.00952
23	0.01581	0.13602	0.37455	0.01774	0.02549	0.01653	0.07135	0.02175	0.01630	0.06432	0.07075	0.02607	0.04812	0.00897	0.00716	0.00228	0.00895	0.05379	0.00430	0.00975
24	0.01842	0.16878	0.17607	0.01652	0.02297	0.05119	0.08364	0.11512	0.01823	0.04980	0.01629	0.07371	0.01420	0.04060	0.00801	0.00224	0.00853	0.00691	0.00450	0.10428

[dist]
# distance from previous block
# <min> <max>
48	181

[block]
# block no. 5 follows, 28 sequences, length 119
# corresponding to MSA columns:
# 440-472,478-563
name=unknown_F
#
# <colnr> <probs for GDERKNQSTAVLIFYWHMCP>
#	G	D	E	R	K	N	Q	S	T	A	V	L	I	F	Y	W	H	M	C	P
0	0.14171	0.14312	0.16569	0.01554	0.02156	0.05215	0.04977	0.12752	0.03694	0.04937	0.04767	0.01839	0.01401	0.01199	0.07193	0.00301	0.00935	0.00597	0.00468	0.00964
1	0.01811	0.14357	0.19286	0.02259	0.16253	0.05693	0.04945	0.11708	0.01872	0.02510	0.04394	0.08426	0.01630	0.00876	0.00700	0.00217	0.00871	0.00738	0.00441	0.01012
2	0.10592	0.04527	0.05307	0.11564	0.16570	0.03809	0.03736	0.04358	0.01584	0.09953	0.01805	0.07586	0.01603	0.08959	0.04720	0.00328	0.00854	0.00771	0.00469	0.00903
3	0.02077	0.02477	0.16661	0.02007	0.10840	0.21685	0.01616	0.07059	0.05463	0.09095	0.02030	0.06568	0.04732	0.03495	0.00822	0.00237	0.00937	0.00736	0.00490	0.00974
4	0.02059	0.12042	0.24339	0.01754	0.05529	0.08132	0.01692	0.09631	0.01872	0.14646	0.01888	0.09869	0.01568	0.00922	0.00697	0.00221	0.00861	0.00737	0.00511	0.01030
5	0.01698	0.16014	0.22861	0.10612	0.06239	0.01843	0.01756	0.06836	0.10962	0.04451	0.04183	0.02204	0.05649	0.00837	0.00681	0.00219	0.00824	0.00670	0.00458	0.01003
6	0.01902	0.48941	0.09371	0.01726	0.09700	0.02493	0.01479	0.05077	0.09195	0.02107	0.01328	0.01470	0.01115	0.00683	0.00557	0.00182	0.00792	0.00491	0.00382	0.01007
7	0.10756	0.08623	0.18783	0.01873	0.11929	0.05281	0.01579	0.02373	0.01634	0.13651	0.01793	0.01902	0.04404	0.00748	0.00639	0.00201	0.00787	0.00585	0.00468	0.11990
8	0.01302	0.19647	0.01883	0.01205	0.01456	0.01465	0.01011	0.01558	0.01344	0.01836	0.09312	0.02640	0.02111	0.03515	0.41181	0.00751	0.05906	0.00732	0.00412	0.00734
9	0.01663	0.19032	0.27714	0.01857	0.06545	0.05263	0.01850	0.04789	0.01604	0.02151	0.01737	0.02353	0.04521	0.00925	0.00868	0.00230	0.08973	0.06588	0.00384	0.00952
10	0.00907	0.00677	0.00844	0.00932	0.01044	0.00614	0.00650	0.01088	0.01578	0.02082	0.17280	0.45913	0.19681	0.02029	0.00899	0.00271	0.00395	0.01804	0.00699	0.00614
11	0.01817	0.25154	0.19866	0.01478	0.02192	0.09736	0.01511	0.02227	0.01583	0.03974	0.01232	0.01412	0.00996	0.00637	0.00573	0.00166	0.00839	0.00457	0.00369	0.23780
12	0.01360	0.00986	0.01066	0.00980	0.01297	0.00947	0.00756	0.01999	0.17367	0.10018	0.08387	0.05417	0.43594	0.01520	0.00817	0.00243	0.00444	0.01268	0.00721	0.00813
13	0.11159	0.02092	0.01851	0.04932	0.02104	0.20694	0.01262	0.22581	0.06353	0.06255	0.01516	0.01704	0.01168	0.00994	0.00963	0.07557	0.04757	0.00585	0.00530	0.00943
14	0.02121	0.01764	0.02575	0.05763	0.41778	0.01842	0.01871	0.20401	0.06001	0.06268	0.01632	0.01874	0.01261	0.00744	0.00724	0.00220	0.00821	0.00663	0.00508	0.01167
15	0.00863	0.00722	0.00751	0.00775	0.00992	0.00610	0.00570	0.01039	0.01620	0.01948	0.06891	0.16426	0.60499	0.01902	0.00869	0.00252	0.00376	0.01609	0.00675	0.00610
16	0.01903	0.66579	0.03630	0.01319	0.01871	0.02803	0.01283	0.02128	0.01436	0.01715	0.01004	0.01214	0.00935	0.00696	0.00684	0.00174	0.08982	0.00417	0.00312	0.00917
17	0.06795	0.01381	0.01663	0.01255	0.01843	0.01238	0.01027	0.12175	0.02031	0.33711	0.02060	0.01964	0.01413	0.00759	0.00649	0.00184	0.00614	0.00598	0.00688	0.27953
18	0.01358	0.01249	0.01781	0.01597	0.01651	0.01672	0.01303	0.01559	0.01136	0.01723	0.01372	0.02123	0.01318	0.03032	0.31511	0.00676	0.43161	0.00696	0.00348	0.00734
19	0.01263	0.00631	0.00947	0.00947	0.00947	0.00631	0.00631	0.00947	0.00947	0.01263	0.01263	0.02210	0.01263	0.02525	0.02841	0.78851	0.00631	0.00631	0.00316	0.00316
20	0.00886	0.00633	0.00843	0.01012	0.01054	0.00590	0.00675	0.01012	0.01392	0.01856	0.04006	0.73979	0.04808	0.02277	0.00928	0.00295	0.00422	0.02066	0.00675	0.00590
21	0.01716	0.01961	0.04289	0.03064	0.03799	0.01838	0.67279	0.02328	0.01716	0.02328	0.01471	0.01961	0.01103	0.00613	0.00858	0.00245	0.01225	0.00858	0.00368	0.00980
22	0.01373	0.01292	0.02180	0.72707	0.05006	0.01615	0.02019	0.01857	0.01453	0.01857	0.01292	0.01938	0.00969	0.00727	0.00727	0.00242	0.00969	0.00646	0.00323	0.00807
23	0.01481	0.03621	0.66040	0.02236	0.07727	0.01691	0.02654	0.02297	0.01543	0.02307	0.01309	0.01553	0.00937	0.00688	0.00693	0.00229	0.01060	0.00545	0.00311	0.01080
24	0.00886	0.00633	0.00843	0.01012	0.01054	0.00590	0.00675	0.01012	0.01392	0.01856	0.04006	0.73979	0.04808	0.02277	0.00928	0.00295	0.00422	0.02066	0.00675	0.00590
25	0.02393	0.02831	0.01896	0.01720	0.02063	0.52393	0.01306	0.07638	0.01993	0.01980	0.01332	0.01645	0.01131	0.01673	0.14447	0.00380	0.01395	0.00543	0.00405	0.00836
26	0.06046	0.01696	0.01987	0.06504	0.15852	0.06822	0.01416	0.23779	0.06800	0.05835	0.02070	0.14065	0.01854	0.01046	0.00741	0.00233	0.00762	0.00880	0.00586	0.01025
27	0.00934	0.00714	0.00830	0.00849	0.01004	0.00639	0.00602	0.01130	0.01647	0.02144	0.23463	0.19912	0.31339	0.10065	0.01195	0.00303	0.00410	0.01527	0.00683	0.00609
28	0.01050	0.00726	0.00897	0.00891	0.00939	0.00748	0.00573	0.01147	0.01195	0.01642	0.09839	0.04408	0.02936	0.50758	0.18546	0.00754	0.00941	0.01024	0.00470	0.00515
29	0.12595	0.01990	0.02173	0.02189	0.15842	0.16207	0.07458	0.09594	0.07863	0.02694	0.04723	0.01845	0.01422	0.00752	0.00671	0.00205	0.00855	0.00619	0.00479	0.09825
30	0.01958	0.65557	0.08289	0.01340	0.01977	0.07076	0.01353	0.02230	0.01517	0.01755	0.01038	0.01200	0.00932	0.00635	0.00494	0.00163	0.00831	0.00404	0.00315	0.00937
31	0.01845	0.01145	0.01441	0.01137	0.01634	0.00945	0.00900	0.02128	0.01607	0.20132	0.02088	0.10133	0.01774	0.01387	0.08672	0.00280	0.00706	0.00735	0.00577	0.40737
32	0.02407	0.09638	0.13509	0.01774	0.02344	0.31572	0.01582	0.20307	0.05480	0.02679	0.01400	0.01519	0.01076	0.00773	0.00667	0.00203	0.01049	0.00540	0.00471	0.01011
33	0.01308	0.01462	0.09740	0.07364	0.18852	0.01210	0.08273	0.01693	0.01596	0.02192	0.08987	0.22983	0.08704	0.01298	0.00815	0.00249	0.00716	0.01198	0.00510	0.00851
34	0.02488	0.01271	0.01525	0.01221	0.01663	0.01249	0.00990	0.19335	0.02307	0.31923	0.10038	0.02671	0.02242	0.00948	0.00698	0.00212	0.00576	0.00767	0.16817	0.01059
35	0.01125	0.00982	0.01665	0.01422	0.01683	0.00910	0.15761	0.01447	0.01732	0.02365	0.28116	0.27486	0.09181	0.01575	0.00881	0.00256	0.00571	0.01476	0.00652	0.00716
36	0.02471	0.14532	0.14518	0.01530	0.02185	0.01614	0.04573	0.03062	0.09405	0.35414	0.02209	0.02082	0.01506	0.00810	0.00685	0.00217	0.00752	0.00653	0.00648	0.01133
37	0.01524	0.01294	0.01685	0.01988	0.15680	0.01392	0.01300	0.02575	0.30003	0.02532	0.02986	0.15194	0.02827	0.01338	0.00821	0.00266	0.00629	0.14368	0.00636	0.00960
38	0.01458	0.03760	0.70688	0.02072	0.03146	0.01688	0.02686	0.02302	0.01535	0.02302	0.01304	0.01535	0.00921	0.00691	0.00691	0.00230	0.01074	0.00537	0.00307	0.01074
39	0.01770	0.01716	0.02984	0.08200	0.62489	0.01727	0.05956	0.02216	0.01647	0.02343	0.01369	0.01816	0.01138	0.00650	0.00728	0.00219	0.00890	0.00660	0.00358	0.01122
40	0.01488	0.03199	0.53093	0.02351	0.09339	0.01650	0.09861	0.02229	0.01559	0.02288	0.01474	0.05491	0.01171	0.00763	0.00725	0.00234	0.01037	0.00666	0.00338	0.01045
41	0.00897	0.00731	0.00794	0.00792	0.01009	0.00628	0.00589	0.01112	0.01727	0.02162	0.20579	0.10834	0.52031	0.01792	0.00863	0.00245	0.00366	0.01520	0.00702	0.00628
42	0.00883	0.00642	0.00834	0.00987	0.01048	0.00593	0.00663	0.01015	0.01416	0.01866	0.04317	0.67786	0.10801	0.02237	0.00921	0.00291	0.00417	0.02017	0.00675	0.00593
43	0.02611	0.17296	0.02493	0.01694	0.06326	0.02161	0.01355	0.39238	0.02680	0.14516	0.01748	0.01744	0.01258	0.00810	0.00672	0.00206	0.00770	0.00610	0.00644	0.01167
44	0.01444	0.00902	0.01017	0.00911	0.01209	0.00822	0.00708	0.06473	0.01901	0.12646	0.15756	0.05190	0.36569	0.01458	0.00790	0.00229	0.00430	0.01216	0.09557	0.00772
45	0.00885	0.00636	0.00840	0.01002	0.01052	0.00591	0.00670	0.01013	0.01401	0.01859	0.04124	0.71628	0.07083	0.02262	0.00925	0.00293	0.00420	0.02048	0.00675	0.00591
46	0.17744	0.01987	0.02064	0.02114	0.15946	0.19250	0.05446	0.02597	0.01745	0.15131	0.01515	0.01662	0.01136	0.00714	0.00644	0.00204	0.00864	0.00560	0.00490	0.08189
47	0.01211	0.09386	0.01290	0.00982	0.01275	0.04822	0.00769	0.01637	0.10016	0.02096	0.08453	0.11612	0.40707	0.01561	0.00795	0.00236	0.00495	0.01297	0.00632	0.00731
48	0.01460	0.09532	0.26155	0.01487	0.02144	0.01400	0.01581	0.01945	0.01468	0.03789	0.01601	0.02201	0.01371	0.01713	0.15243	0.00391	0.01053	0.04571	0.00392	0.20506
49	0.01943	0.74891	0.03809	0.01244	0.01866	0.02876	0.01244	0.02177	0.01477	0.01710	0.01011	0.01166	0.00933	0.00622	0.00466	0.00155	0.00777	0.00389	0.00311	0.00933
50	0.01157	0.07958	0.01212	0.00917	0.01209	0.01002	0.00727	0.04946	0.05571	0.02356	0.20303	0.05561	0.41376	0.01544	0.00807	0.00232	0.00436	0.01288	0.00675	0.00724
51	0.01716	0.01961	0.04289	0.03064	0.03799	0.01838	0.67279	0.02328	0.01716	0.02328	0.01471	0.01961	0.01103	0.00613	0.00858	0.00245	0.01225	0.00858	0.00368	0.00980
52	0.01640	0.03360	0.56098	0.02267	0.09768	0.01756	0.02492	0.09688	0.01760	0.02568	0.01361	0.01585	0.00980	0.00707	0.00698	0.00227	0.01022	0.00562	0.00360	0.01100
53	0.01355	0.00678	0.00678	0.00678	0.00847	0.00678	0.00508	0.01694	0.01524	0.02710	0.02371	0.02710	0.01863	0.00847	0.00508	0.00169	0.00339	0.00678	0.78489	0.00678
54	0.01458	0.03760	0.70688	0.02072	0.03146	0.01688	0.02686	0.02302	0.01535	0.02302	0.01304	0.01535	0.00921	0.00691	0.00691	0.00230	0.01074	0.00537	0.00307	0.01074
55	0.02715	0.03464	0.02060	0.01873	0.02247	0.71536	0.01404	0.02903	0.02060	0.01779	0.01124	0.01311	0.00936	0.00749	0.00655	0.00187	0.01311	0.00468	0.00375	0.00843
56	0.02109	0.01709	0.02647	0.08902	0.32756	0.01762	0.08399	0.15147	0.06210	0.10514	0.01714	0.01950	0.01288	0.00744	0.00738	0.00224	0.00851	0.00690	0.00514	0.01132
57	0.00883	0.00644	0.00832	0.00982	0.01046	0.00593	0.00661	0.01016	0.01421	0.01868	0.04377	0.66590	0.11958	0.02229	0.00920	0.00290	0.00416	0.02008	0.00675	0.00593
58	0.01023	0.00743	0.00964	0.00909	0.01083	0.00684	0.00682	0.01361	0.02045	0.02884	0.67508	0.05481	0.08906	0.01498	0.00857	0.00229	0.00344	0.01322	0.00796	0.00684
59	0.01390	0.01257	0.01324	0.01324	0.01504	0.09270	0.01023	0.01913	0.12628	0.02230	0.11379	0.25232	0.03715	0.01643	0.01002	0.00276	0.07084	0.14415	0.00633	0.00758
60	0.00904	0.00705	0.00826	0.00906	0.01062	0.00628	0.00662	0.01085	0.01568	0.01972	0.07775	0.33236	0.36171	0.02015	0.00899	0.00273	0.00416	0.07606	0.00679	0.00612
61	0.00930	0.00651	0.00830	0.00956	0.00987	0.00620	0.00615	0.01024	0.01306	0.01741	0.03566	0.56207	0.04252	0.20808	0.01639	0.00400	0.00494	0.01807	0.00615	0.00552
62	0.01991	0.02112	0.02600	0.03583	0.47851	0.19589	0.01946	0.02354	0.01760	0.02208	0.01475	0.02113	0.01304	0.00767	0.00723	0.00217	0.00965	0.05019	0.00385	0.01039
63	0.01038	0.00779	0.01168	0.01168	0.01298	0.00909	0.00909	0.01298	0.01168	0.01687	0.01947	0.02856	0.01817	0.05452	0.71573	0.01168	0.01947	0.00779	0.00389	0.00649
64	0.01488	0.08226	0.66488	0.02020	0.03066	0.01763	0.02595	0.02294	0.01531	0.02265	0.01286	0.01512	0.00922	0.00686	0.00677	0.00226	0.01056	0.00528	0.00307	0.01065
65	0.02497	0.03100	0.02092	0.01880	0.02181	0.58063	0.01441	0.02678	0.01876	0.01773	0.01091	0.01365	0.00940	0.00851	0.00992	0.00213	0.15270	0.00501	0.00364	0.00833
66	0.01057	0.00705	0.00793	0.00793	0.00793	0.00705	0.00440	0.01057	0.01057	0.01409	0.02290	0.04757	0.02643	0.74454	0.03700	0.00705	0.00705	0.01057	0.00440	0.00440
67	0.02177	0.15536	0.23713	0.01745	0.02422	0.13937	0.01759	0.17897	0.02072	0.06536	0.01399	0.01538	0.01052	0.00772	0.00738	0.00211	0.04453	0.00543	0.00453	0.01044
68	0.01077	0.00701	0.00888	0.00943	0.00988	0.00688	0.00637	0.01098	0.01217	0.01603	0.02865	0.16413	0.06190	0.33559	0.02510	0.15747	0.00622	0.11266	0.00503	0.00486
69	0.02270	0.01015	0.01309	0.01078	0.01483	0.00886	0.00864	0.02547	0.01959	0.40621	0.15830	0.03905	0.15907	0.01186	0.00765	0.00226	0.00502	0.00990	0.05676	0.00981
70	0.01799	0.01727	0.02950	0.04462	0.69919	0.01727	0.02231	0.02231	0.01655	0.02375	0.01367	0.01799	0.01151	0.00648	0.00720	0.00216	0.00864	0.00648	0.00360	0.01151
71	0.01206	0.01015	0.01533	0.09013	0.18295	0.01035	0.01214	0.01546	0.05065	0.02046	0.03036	0.45379	0.03395	0.01656	0.00847	0.00268	0.00592	0.01512	0.00566	0.00779
72	0.00932	0.00692	0.00853	0.00909	0.01029	0.00631	0.00635	0.01125	0.01617	0.02151	0.23333	0.34942	0.19487	0.06908	0.01083	0.00293	0.00407	0.01666	0.00695	0.00612
73	0.00918	0.00673	0.00870	0.01016	0.01102	0.00625	0.00721	0.01079	0.01464	0.01911	0.04447	0.56456	0.13625	0.02183	0.00928	0.00293	0.00446	0.09966	0.00674	0.00604
74	0.01761	0.01771	0.02537	0.19044	0.39878	0.09602	0.01993	0.02155	0.01623	0.02142	0.01430	0.02105	0.01237	0.00789	0.00833	0.00231	0.05433	0.04077	0.00367	0.00992
75	0.02715	0.03464	0.02060	0.01873	0.02247	0.71536	0.01404	0.02903	0.02060	0.01779	0.01124	0.01311	0.00936	0.00749	0.00655	0.00187	0.01311	0.00468	0.00375	0.00843
76	0.01391	0.01328	0.02293	0.68974	0.04942	0.01627	0.05517	0.01882	0.01468	0.01882	0.01302	0.01939	0.00976	0.00721	0.00734	0.00242	0.00983	0.00657	0.00325	0.00817
77	0.01248	0.00680	0.01014	0.01004	0.01018	0.00715	0.00694	0.01013	0.00977	0.01327	0.01330	0.02262	0.01315	0.02815	0.10604	0.67472	0.03169	0.00648	0.00324	0.00369
78	0.02039	0.01820	0.02838	0.03666	0.48597	0.01868	0.06071	0.18827	0.02107	0.02933	0.01470	0.01795	0.01170	0.00703	0.00730	0.00218	0.00870	0.00662	0.00454	0.01162
79	0.00899	0.00734	0.00794	0.00788	0.01008	0.00629	0.00588	0.01116	0.01737	0.02175	0.21324	0.09401	0.52719	0.01778	0.00862	0.00244	0.00365	0.01506	0.00703	0.00629
80	0.01040	0.00770	0.01057	0.01082	0.01208	0.00831	0.00829	0.01259	0.01278	0.01743	0.02892	0.04413	0.09970	0.16008	0.42084	0.00866	0.01377	0.10206	0.00471	0.00613
81	0.01041	0.00768	0.01114	0.01114	0.01225	0.00879	0.00841	0.01263	0.01152	0.01648	0.01996	0.03129	0.01936	0.15363	0.61824	0.01102	0.01769	0.00819	0.00397	0.00619
82	0.01540	0.00742	0.00822	0.00792	0.00996	0.00716	0.00597	0.01847	0.01579	0.11072	0.02619	0.10763	0.02189	0.01016	0.00584	0.00191	0.00383	0.00842	0.59973	0.00738
83	0.01672	0.01425	0.01522	0.01378	0.01752	0.01619	0.01068	0.03435	0.57534	0.02981	0.11457	0.03228	0.05577	0.01084	0.00759	0.00244	0.00538	0.00913	0.00745	0.01070
84	0.01174	0.01043	0.01630	0.43972	0.03414	0.01208	0.01464	0.01523	0.01466	0.01872	0.02851	0.21342	0.11631	0.01286	0.00798	0.00256	0.00742	0.01140	0.00464	0.00724
85	0.00886	0.00633	0.00843	0.01012	0.01054	0.00590	0.00675	0.01012	0.01392	0.01856	0.04006	0.73979	0.04808	0.02277	0.00928	0.00295	0.00422	0.02066	0.00675	0.00590
86	0.79588	0.01406	0.01068	0.00956	0.01406	0.01631	0.00787	0.02137	0.01237	0.03261	0.01012	0.01181	0.00787	0.00675	0.00450	0.00225	0.00562	0.00394	0.00450	0.00787
87	0.01716	0.01961	0.04289	0.03064	0.03799	0.01838	0.67279	0.02328	0.01716	0.02328	0.01471	0.01961	0.01103	0.00613	0.00858	0.00245	0.01225	0.00858	0.00368	0.00980
88	0.03187	0.01356	0.01760	0.01350	0.01915	0.01244	0.01115	0.13040	0.02279	0.60645	0.02701	0.02366	0.01716	0.00896	0.00730	0.00224	0.00645	0.00720	0.00874	0.01237
89	0.01736	0.01871	0.03817	0.06171	0.03583	0.01769	0.54452	0.05752	0.01775	0.02430	0.01460	0.01906	0.01101	0.00625	0.00815	0.00231	0.01127	0.00797	0.00391	0.08190
90	0.02523	0.02027	0.02039	0.01640	0.02164	0.07395	0.01326	0.46859	0.19440	0.03988	0.01998	0.01951	0.01457	0.00891	0.00725	0.00223	0.00783	0.00682	0.00704	0.01185
91	0.01653	0.20913	0.32619	0.02043	0.07648	0.01948	0.09381	0.02292	0.04312	0.02198	0.01321	0.01556	0.01028	0.00660	0.00644	0.00202	0.00935	0.00547	0.00347	0.07752
92	0.01851	0.10585	0.31239	0.02179	0.13176	0.05174	0.01991	0.11511	0.03755	0.04849	0.05688	0.01862	0.01439	0.00769	0.00687	0.00216	0.00907	0.00614	0.00440	0.01066
93	0.01627	0.07084	0.59680	0.01998	0.02983	0.05790	0.02469	0.05979	0.01667	0.02371	0.01305	0.01516	0.00940	0.00701	0.00680	0.00223	0.01058	0.00533	0.00335	0.01063
94	0.01829	0.01614	0.02611	0.13894	0.48480	0.01679	0.02005	0.02443	0.09245	0.06618	0.01630	0.01965	0.01286	0.00713	0.00724	0.00224	0.00831	0.00672	0.00431	0.01106
95	0.02025	0.02714	0.22344	0.10432	0.14536	0.20624	0.06068	0.02514	0.01749	0.08166	0.01414	0.01675	0.01059	0.00717	0.00704	0.00218	0.01059	0.00587	0.00393	0.01003
96	0.05435	0.06142	0.04761	0.12444	0.27818	0.01588	0.01702	0.04738	0.01787	0.23800	0.01803	0.01955	0.01296	0.00746	0.00697	0.00220	0.00789	0.00643	0.00536	0.01102
97	0.00859	0.00736	0.00736	0.00736	0.00982	0.00614	0.00552	0.01043	0.01657	0.01964	0.07364	0.06996	0.69624	0.01841	0.00859	0.00245	0.00368	0.01534	0.00675	0.00614
98	0.01059	0.00816	0.01048	0.04089	0.05482	0.00799	0.00799	0.01230	0.01400	0.01807	0.03952	0.12524	0.21218	0.25637	0.05840	0.00463	0.00671	0.10013	0.00547	0.00606
99	0.01905	0.27047	0.33238	0.01731	0.02522	0.09851	0.01920	0.09720	0.01787	0.02307	0.01237	0.01412	0.00962	0.00695	0.00617	0.00199	0.00971	0.00494	0.00363	0.01020
100	0.01580	0.03358	0.53286	0.05614	0.06240	0.06493	0.08766	0.02321	0.01590	0.02251	0.01310	0.01591	0.00952	0.00687	0.00707	0.00229	0.01091	0.00573	0.00321	0.01040
101	0.01171	0.00837	0.01171	0.01339	0.01506	0.00837	0.01171	0.01506	0.01673	0.02175	0.03849	0.08199	0.04183	0.02008	0.01004	0.00335	0.00669	0.65027	0.00669	0.00669
102	0.01844	0.01767	0.10174	0.26999	0.28219	0.01634	0.02023	0.05869	0.01721	0.10502	0.01536	0.01895	0.01146	0.00722	0.00721	0.00228	0.00891	0.00645	0.00426	0.01040
103	0.02209	0.02230	0.02655	0.02906	0.27335	0.18816	0.08924	0.16298	0.03815	0.02685	0.01423	0.01701	0.01131	0.00751	0.00790	0.00218	0.03969	0.00633	0.00450	0.01061
104	0.02129	0.01703	0.01907	0.01578	0.01983	0.01968	0.01276	0.31326	0.24305	0.03519	0.07905	0.02359	0.02004	0.01021	0.00985	0.00243	0.11250	0.00764	0.00678	0.01096
105	0.01686	0.05430	0.14837	0.01834	0.05688	0.01444	0.13652	0.02257	0.05481	0.06110	0.01501	0.01718	0.01156	0.00635	0.00653	0.00178	0.00798	0.00577	0.00431	0.33934
106	0.01534	0.03151	0.49462	0.02362	0.06345	0.01760	0.14940	0.02261	0.01542	0.02268	0.01312	0.01633	0.00969	0.00719	0.00855	0.00239	0.06675	0.00611	0.00322	0.01038
107	0.79588	0.01406	0.01068	0.00956	0.01406	0.01631	0.00787	0.02137	0.01237	0.03261	0.01012	0.01181	0.00787	0.00675	0.00450	0.00225	0.00562	0.00394	0.00450	0.00787
108	0.01795	0.01981	0.13576	0.10310	0.06335	0.01674	0.24134	0.11436	0.04103	0.06230	0.01939	0.04882	0.03114	0.00865	0.00791	0.00243	0.00963	0.04150	0.00478	0.01000
109	0.01546	0.04798	0.40602	0.02132	0.10248	0.05262	0.04386	0.02138	0.01574	0.04433	0.01825	0.14304	0.01666	0.00970	0.00735	0.00236	0.00931	0.00828	0.00403	0.00984
110	0.00994	0.00742	0.00923	0.00878	0.01065	0.00671	0.00658	0.01304	0.01975	0.02719	0.56737	0.05752	0.19780	0.01559	0.00858	0.00232	0.00348	0.01360	0.00774	0.00671
111	0.00902	0.00644	0.00862	0.01031	0.01081	0.00605	0.00704	0.01041	0.01408	0.01874	0.03997	0.70163	0.04771	0.02262	0.00932	0.00297	0.00436	0.05719	0.00674	0.00595
112	0.10491	0.16770	0.29486	0.02088	0.02900	0.01958	0.21944	0.02267	0.01545	0.02304	0.01265	0.01553	0.00964	0.00652	0.00671	0.00220	0.01005	0.00590	0.00342	0.00986
113	0.01307	0.10699	0.37923	0.01596	0.02247	0.01427	0.01797	0.01823	0.01477	0.02074	0.02245	0.27611	0.02323	0.01255	0.00751	0.00245	0.00805	0.01072	0.00440	0.00884
114	0.00931	0.00673	0.00865	0.01001	0.01074	0.00631	0.00697	0.01075	0.01420	0.01862	0.04172	0.53292	0.11143	0.08876	0.01186	0.00332	0.00471	0.09059	0.00653	0.00588
115	0.02127	0.12787	0.21910	0.01799	0.02502	0.05804	0.05819	0.29121	0.02324	0.03102	0.01476	0.01647	0.01108	0.00983	0.04083	0.00258	0.00983	0.00592	0.00492	0.01082
116	0.02075	0.02017	0.12726	0.02089	0.15213	0.12411	0.01543	0.07186	0.01885	0.16364	0.04511	0.14612	0.02063	0.01054	0.00749	0.00230	0.00816	0.00892	0.00563	0.01000
117	0.01389	0.01050	0.01204	0.01050	0.01338	0.00996	0.00775	0.12921	0.01828	0.02508	0.12589	0.15447	0.10641	0.16387	0.01370	0.00314	0.00552	0.01123	0.00606	0.15912
118	0.10868	0.01914	0.02145	0.06960	0.12552	0.12188	0.04618	0.16586	0.08318	0.02801	0.01604	0.05152	0.01335	0.00897	0.00883	0.00234	0.08777	0.00686	0.00497	0.00985

[dist]
# distance from previous block
# <min> <max>
0	1

[block]
# block no. 6 follows, 28 sequences, length 25
# corresponding to MSA columns:
# 565-589
name=unknown_G
#
# <colnr> <probs for GDERKNQSTAVLIFYWHMCP>
#	G	D	E	R	K	N	Q	S	T	A	V	L	I	F	Y	W	H	M	C	P
0	0.01544	0.01273	0.01323	0.01250	0.01501	0.06903	0.00945	0.15369	0.08000	0.02700	0.12918	0.29694	0.07249	0.01591	0.00837	0.00256	0.00586	0.04562	0.00685	0.00815
1	0.01624	0.01353	0.02147	0.25494	0.25873	0.01478	0.01698	0.08027	0.01588	0.02151	0.01354	0.01937	0.01127	0.01145	0.01231	0.19073	0.00836	0.00644	0.00372	0.00848
2	0.01606	0.01530	0.02602	0.35330	0.40558	0.01676	0.02135	0.02062	0.01564	0.02141	0.01333	0.01862	0.01069	0.00683	0.00723	0.00228	0.00911	0.00647	0.00343	0.00996
3	0.02474	0.09529	0.02176	0.01683	0.02142	0.33163	0.01333	0.19772	0.15583	0.02750	0.01639	0.01688	0.01269	0.00816	0.00673	0.00204	0.00981	0.00579	0.00532	0.01015
4	0.01668	0.01580	0.02676	0.13129	0.55747	0.01619	0.02075	0.02082	0.01607	0.02264	0.01574	0.07748	0.01428	0.00792	0.00738	0.00226	0.00841	0.00764	0.00381	0.01060
5	0.01764	0.23071	0.24942	0.02151	0.02952	0.02109	0.24191	0.06371	0.01698	0.02287	0.01306	0.01589	0.01006	0.00656	0.00687	0.00213	0.01025	0.00612	0.00355	0.01013
