[name]
unknown

[dist]
# distance from previous block
# <min> <max>
0	56

[block]
# block no. 0 follows, 29 sequences, length 18
# corresponding to MSA columns:
# 56-73
name=unknown_A
#
# <colnr> <probs for GDERKNQSTAVLIFYWHMCP>
#	G	D	E	R	K	N	Q	S	T	A	V	L	I	F	Y	W	H	M	C	P
0	0.05910	0.01204	0.01383	0.07099	0.01829	0.04682	0.01067	0.03777	0.08541	0.02344	0.06577	0.08465	0.02607	0.01425	0.04367	0.00277	0.00699	0.18714	0.00551	0.18483
1	0.00897	0.00724	0.00798	0.00780	0.00996	0.00625	0.00585	0.01129	0.01754	0.02235	0.28220	0.06341	0.49044	0.01687	0.00841	0.00235	0.00352	0.01431	0.00702	0.00625
2	0.02023	0.64019	0.03460	0.01316	0.01887	0.13773	0.01243	0.02245	0.01537	0.01686	0.01007	0.01165	0.00914	0.00629	0.00486	0.00157	0.00844	0.00393	0.00314	0.00900
3	0.01017	0.00763	0.01144	0.01144	0.01272	0.00890	0.00890	0.01272	0.01144	0.01653	0.01907	0.02797	0.01780	0.05340	0.72153	0.01144	0.01907	0.00763	0.00381	0.00636
4	0.02707	0.01995	0.02137	0.01638	0.02208	0.02208	0.01353	0.68159	0.03348	0.04488	0.01710	0.01710	0.01211	0.00855	0.00712	0.00214	0.00784	0.00641	0.00712	0.01211
5	0.01762	0.01692	0.02890	0.04371	0.70533	0.01692	0.02185	0.02185	0.01621	0.02326	0.01339	0.01762	0.01128	0.00634	0.00705	0.00211	0.00846	0.00634	0.00352	0.01128
6	0.01192	0.00634	0.00894	0.00894	0.00894	0.00634	0.00577	0.00952	0.00952	0.01269	0.01461	0.02721	0.01538	0.18640	0.02971	0.61759	0.00634	0.00711	0.00336	0.00336
7	0.01880	0.71802	0.07123	0.01259	0.01891	0.02759	0.01289	0.02138	0.01450	0.01704	0.01004	0.01160	0.00913	0.00613	0.00468	0.00156	0.00776	0.00388	0.00304	0.00921
8	0.01986	0.01967	0.02574	0.10109	0.31663	0.15960	0.08165	0.02438	0.05113	0.07032	0.01455	0.01776	0.01150	0.00726	0.00795	0.00219	0.04830	0.00632	0.00407	0.01004
9	0.00871	0.00675	0.00797	0.00882	0.01018	0.00600	0.00626	0.01035	0.01510	0.01915	0.07940	0.40345	0.33075	0.02007	0.00880	0.00267	0.00396	0.03903	0.00666	0.00594
10	0.01577	0.14150	0.35329	0.01938	0.06012	0.01762	0.08438	0.05501	0.04767	0.02278	0.03894	0.05103	0.01402	0.00849	0.00763	0.03322	0.00902	0.00658	0.00384	0.00972
11	0.01023	0.00765	0.00957	0.00928	0.01101	0.00724	0.00688	0.01425	0.06254	0.02639	0.51142	0.14532	0.12011	0.01560	0.00842	0.00235	0.00363	0.01375	0.00752	0.00682
12	0.02600	0.07766	0.02238	0.01596	0.02162	0.02236	0.01332	0.59970	0.06246	0.04196	0.01708	0.01709	0.01232	0.00841	0.00693	0.00210	0.00772	0.00628	0.00681	0.01184
13	0.02449	0.14674	0.08947	0.01604	0.02226	0.02260	0.01451	0.50667	0.02849	0.03797	0.01546	0.01593	0.01131	0.00796	0.00665	0.00204	0.00805	0.00586	0.00604	0.01145
14	0.02365	0.27819	0.05929	0.01509	0.02116	0.02396	0.01366	0.41922	0.02595	0.03397	0.01437	0.01501	0.01092	0.00760	0.00621	0.00193	0.00788	0.00544	0.00550	0.01099
15	0.04604	0.43557	0.26533	0.01512	0.02263	0.02338	0.01692	0.06456	0.01581	0.02110	0.01135	0.01303	0.00924	0.00650	0.00548	0.00184	0.00854	0.00447	0.00335	0.00975
16	0.01759	0.31993	0.37901	0.01654	0.02484	0.02118	0.01936	0.05596	0.01598	0.05136	0.01252	0.01410	0.00960	0.00668	0.00593	0.00196	0.00904	0.00482	0.00348	0.01012
17	0.01765	0.08439	0.44918	0.01832	0.02684	0.06380	0.02105	0.12810	0.05256	0.02573	0.01396	0.01553	0.01023	0.00713	0.00661	0.00212	0.00960	0.00540	0.00396	0.03785

[dist]
# distance from previous block
# <min> <max>
0	53

[block]
# block no. 1 follows, 29 sequences, length 18
# corresponding to MSA columns:
# 141-158
name=unknown_B
#
# <colnr> <probs for GDERKNQSTAVLIFYWHMCP>
#	G	D	E	R	K	N	Q	S	T	A	V	L	I	F	Y	W	H	M	C	P
0	0.05164	0.05422	0.02042	0.18346	0.06740	0.06115	0.01446	0.18103	0.06580	0.04556	0.01595	0.04235	0.01296	0.01122	0.05031	0.00279	0.07313	0.00661	0.00484	0.03472
1	0.05776	0.01619	0.02397	0.12052	0.28910	0.04007	0.07817	0.04955	0.13519	0.06487	0.04187	0.02070	0.01501	0.00756	0.00712	0.00223	0.00808	0.00693	0.00478	0.01032
2	0.01377	0.01117	0.01288	0.00982	0.01496	0.00868	0.00771	0.01673	0.01482	0.02300	0.01970	0.06555	0.06197	0.00758	0.00570	0.00133	0.00486	0.00626	0.09628	0.59724
3	0.01811	0.01906	0.02339	0.28031	0.07321	0.17413	0.10870	0.06784	0.05841	0.02152	0.01683	0.02033	0.04639	0.00796	0.00775	0.00225	0.03414	0.00678	0.00406	0.00881
4	0.00971	0.00718	0.00907	0.00878	0.01046	0.00653	0.00651	0.01266	0.01902	0.02629	0.55196	0.11358	0.16036	0.01573	0.00846	0.00232	0.00346	0.01382	0.00755	0.00653
5	0.01585	0.01340	0.01599	0.16208	0.02337	0.01525	0.01214	0.09035	0.34213	0.02709	0.07119	0.07200	0.08710	0.01087	0.00750	0.00240	0.00622	0.00922	0.00633	0.00955
6	0.01573	0.01478	0.02395	0.35455	0.32485	0.01651	0.01966	0.02207	0.09515	0.02172	0.01490	0.01930	0.01170	0.00709	0.00710	0.00227	0.00860	0.00654	0.00380	0.00974
7	0.00941	0.00653	0.00814	0.00903	0.00936	0.00627	0.00573	0.01029	0.01275	0.01710	0.07173	0.43489	0.04010	0.30252	0.01952	0.00440	0.00516	0.01599	0.00580	0.00527
8	0.08582	0.29607	0.14501	0.01628	0.04610	0.19250	0.01497	0.04891	0.05593	0.02124	0.01217	0.01372	0.00993	0.00686	0.00573	0.00188	0.00913	0.00469	0.00372	0.00935
9	0.09187	0.03566	0.08370	0.10918	0.28066	0.01757	0.01753	0.15870	0.04167	0.02797	0.01409	0.01685	0.01097	0.00699	0.00664	0.00210	0.00804	0.00589	0.00442	0.05950
10	0.04793	0.13081	0.02305	0.04099	0.19541	0.10984	0.01386	0.06373	0.03806	0.02323	0.01289	0.01525	0.01065	0.00639	0.00597	0.00169	0.00775	0.00505	0.00404	0.24340
11	0.01713	0.14674	0.08342	0.02661	0.11233	0.01964	0.37788	0.02314	0.05692	0.02204	0.01411	0.01771	0.01107	0.00654	0.00789	0.00223	0.03406	0.00705	0.00366	0.00983
12	0.01879	0.01592	0.02540	0.15521	0.18573	0.01670	0.14296	0.14153	0.07158	0.07416	0.01813	0.06941	0.01473	0.00835	0.00750	0.00230	0.00853	0.00789	0.00499	0.01017
13	0.00962	0.00726	0.00888	0.00848	0.01036	0.00652	0.00636	0.01255	0.01908	0.02599	0.52839	0.05741	0.24198	0.01551	0.00840	0.00228	0.00343	0.01347	0.00750	0.00652
14	0.01523	0.01415	0.05779	0.01337	0.01721	0.01391	0.03269	0.07172	0.33802	0.02912	0.23205	0.03560	0.07618	0.01128	0.00767	0.00233	0.00549	0.00967	0.00699	0.00953
15	0.00880	0.00681	0.00788	0.00846	0.00988	0.00605	0.00594	0.01042	0.01525	0.01940	0.11758	0.32764	0.34603	0.06364	0.01036	0.00285	0.00399	0.01656	0.00659	0.00589
16	0.53771	0.01521	0.01576	0.01426	0.06448	0.01674	0.05641	0.11775	0.01599	0.03215	0.01166	0.01349	0.00896	0.00676	0.00531	0.00214	0.00649	0.00474	0.00468	0.04928
17	0.18123	0.06495	0.01783	0.12736	0.08720	0.03986	0.01183	0.01933	0.01427	0.02327	0.01223	0.01541	0.01008	0.00856	0.04251	0.00220	0.00744	0.00484	0.00390	0.30570

[dist]
# distance from previous block
# <min> <max>
0	12

[block]
# block no. 2 follows, 29 sequences, length 7
# corresponding to MSA columns:
# 171-177
name=unknown_C
#
# <colnr> <probs for GDERKNQSTAVLIFYWHMCP>
#	G	D	E	R	K	N	Q	S	T	A	V	L	I	F	Y	W	H	M	C	P
0	0.07952	0.19571	0.11693	0.05293	0.02122	0.11665	0.01392	0.11490	0.01785	0.04847	0.01375	0.01580	0.01082	0.00756	0.00698	0.00199	0.05591	0.00522	0.09468	0.00918
1	0.45831	0.01345	0.01301	0.09605	0.01862	0.01531	0.00976	0.09633	0.05112	0.03058	0.07465	0.02112	0.05969	0.00847	0.00579	0.00224	0.00595	0.00616	0.00515	0.00823
2	0.01316	0.01483	0.14220	0.01572	0.07486	0.01156	0.01289	0.09175	0.01615	0.02263	0.07125	0.19193	0.02559	0.04898	0.20775	0.00509	0.01030	0.01033	0.00498	0.00803
3	0.07229	0.10455	0.04706	0.01907	0.11928	0.10032	0.01395	0.25006	0.09400	0.02991	0.01594	0.01809	0.01265	0.03669	0.03347	0.00258	0.00856	0.00605	0.00520	0.01027
4	0.06281	0.01414	0.09321	0.01061	0.01399	0.09039	0.00923	0.01464	0.01621	0.02069	0.08824	0.12914	0.38076	0.01500	0.00781	0.00235	0.00566	0.01241	0.00577	0.00693
5	0.03778	0.02159	0.30848	0.06007	0.02401	0.01375	0.06050	0.01798	0.01476	0.02164	0.08434	0.18340	0.02329	0.01156	0.00920	0.00250	0.08258	0.00969	0.00438	0.00851
6	0.09782	0.17297	0.05871	0.07750	0.09493	0.04941	0.01376	0.12205	0.04158	0.10455	0.01562	0.03806	0.01235	0.00758	0.00619	0.00199	0.00755	0.00585	0.00488	0.06666

[dist]
# distance from previous block
# <min> <max>
6	98

[block]
# block no. 3 follows, 29 sequences, length 19
# corresponding to MSA columns:
# 289-307
name=unknown_D
#
# <colnr> <probs for GDERKNQSTAVLIFYWHMCP>
#	G	D	E	R	K	N	Q	S	T	A	V	L	I	F	Y	W	H	M	C	P
0	0.01581	0.03759	0.07054	0.23238	0.05331	0.01373	0.07052	0.02113	0.06770	0.09777	0.04705	0.06899	0.04115	0.01164	0.05090	0.00279	0.00844	0.00792	0.00480	0.07585
1	0.10457	0.06345	0.21402	0.01683	0.05115	0.09959	0.04332	0.04413	0.04212	0.11038	0.03774	0.08387	0.04069	0.00915	0.00681	0.00222	0.00822	0.00739	0.00489	0.00945
2	0.01741	0.12662	0.07920	0.05449	0.24525	0.01646	0.06366	0.02239	0.06449	0.07944	0.01765	0.05624	0.01533	0.04952	0.00852	0.00239	0.00790	0.02583	0.00443	0.04277
3	0.08279	0.06927	0.02123	0.04532	0.10183	0.07610	0.10445	0.04046	0.08556	0.09102	0.07693	0.09386	0.06118	0.00994	0.00720	0.00225	0.00741	0.00871	0.00539	0.00910
4	0.01725	0.01692	0.05104	0.15106	0.11482	0.10291	0.01444	0.14256	0.01872	0.02425	0.01990	0.11647	0.04498	0.01309	0.06051	0.00287	0.00896	0.00824	0.00474	0.06627
5	0.06250	0.04711	0.11481	0.16122	0.20128	0.04029	0.01798	0.17535	0.04158	0.02730	0.01431	0.01729	0.01101	0.00857	0.02743	0.00244	0.00894	0.00602	0.00439	0.01020
6	0.01408	0.11540	0.16735	0.01585	0.08469	0.08544	0.01334	0.01732	0.01518	0.01914	0.02942	0.13233	0.16140	0.08654	0.01013	0.00269	0.00746	0.00979	0.00453	0.00794
7	0.01404	0.17405	0.10869	0.01257	0.01580	0.05498	0.01142	0.01567	0.01368	0.01739	0.02077	0.17119	0.02204	0.01610	0.01245	0.20062	0.00710	0.10042	0.00430	0.00671
8	0.01661	0.17756	0.17289	0.02047	0.14417	0.01763	0.05202	0.04921	0.03083	0.05052	0.03711	0.02151	0.03960	0.05242	0.05848	0.00301	0.03585	0.00658	0.00407	0.00944
9	0.01568	0.07056	0.02169	0.02297	0.21341	0.11560	0.07256	0.01860	0.01509	0.01934	0.01858	0.13830	0.01845	0.04126	0.16150	0.00433	0.01087	0.00875	0.00411	0.00837
10	0.01210	0.01017	0.01564	0.09713	0.01938	0.01105	0.07078	0.03685	0.01593	0.02187	0.17017	0.18940	0.03509	0.01865	0.07994	0.00353	0.08144	0.09814	0.00558	0.00715
11	0.00966	0.00699	0.00810	0.00825	0.00979	0.00646	0.00593	0.01173	0.01560	0.02112	0.18281	0.16405	0.27869	0.09188	0.05452	0.00336	0.00488	0.01353	0.09658	0.00605
12	0.12559	0.04644	0.05195	0.12508	0.07331	0.05679	0.07485	0.01916	0.05224	0.02218	0.02238	0.12100	0.06763	0.04470	0.00826	0.00249	0.00732	0.00873	0.06192	0.00799
13	0.18091	0.02579	0.01775	0.06829	0.02155	0.45140	0.01270	0.02466	0.01716	0.02035	0.01140	0.01418	0.00951	0.01056	0.05634	0.00266	0.03819	0.00484	0.00377	0.00797
14	0.63241	0.01432	0.01325	0.07135	0.05835	0.01646	0.00997	0.06908	0.01410	0.03125	0.01087	0.01294	0.00839	0.00678	0.00499	0.00221	0.00618	0.00439	0.00445	0.00826
15	0.34790	0.01552	0.01481	0.01233	0.01669	0.04420	0.01007	0.20398	0.01952	0.09958	0.02031	0.02069	0.08388	0.00896	0.00710	0.00225	0.05103	0.00625	0.00572	0.00921
16	0.01253	0.05585	0.01373	0.01316	0.08088	0.06128	0.00888	0.01555	0.01870	0.02528	0.47580	0.04442	0.07820	0.05399	0.00944	0.00242	0.00503	0.01102	0.00656	0.00727
17	0.01551	0.01309	0.01471	0.01285	0.01568	0.05470	0.03143	0.12513	0.14125	0.02818	0.27025	0.07981	0.06847	0.04431	0.00996	0.00253	0.04659	0.01041	0.00668	0.00845
18	0.12635	0.05010	0.19987	0.01712	0.09073	0.01393	0.03958	0.03778	0.01611	0.04935	0.11448	0.05226	0.01989	0.00833	0.00655	0.00203	0.00713	0.00692	0.00465	0.13683

[dist]
# distance from previous block
# <min> <max>
0	1

[block]
# block no. 4 follows, 29 sequences, length 20
# corresponding to MSA columns:
# 309-328
name=unknown_E
#
# <colnr> <probs for GDERKNQSTAVLIFYWHMCP>
#	G	D	E	R	K	N	Q	S	T	A	V	L	I	F	Y	W	H	M	C	P
0	0.21352	0.04659	0.01614	0.09087	0.08152	0.15405	0.01132	0.01965	0.01427	0.02163	0.01330	0.01854	0.01164	0.06389	0.07039	0.05863	0.00893	0.00557	0.04093	0.03861
1	0.01902	0.10074	0.05581	0.19995	0.15012	0.05251	0.01623	0.19701	0.01998	0.02652	0.01455	0.01840	0.01156	0.03672	0.00781	0.00228	0.00843	0.00611	0.04657	0.00971
2	0.01162	0.00976	0.01422	0.01338	0.01432	0.01235	0.01069	0.01390	0.01130	0.01669	0.01647	0.02466	0.01554	0.04245	0.53473	0.00922	0.21109	0.00726	0.00363	0.00674
3	0.01251	0.00772	0.00981	0.00940	0.01108	0.00749	0.00682	0.01388	0.01376	0.10123	0.06045	0.07663	0.19383	0.18471	0.19313	0.06641	0.00868	0.01071	0.00546	0.00626
4	0.01181	0.00645	0.00924	0.00924	0.00937	0.00658	0.00615	0.00980	0.00967	0.01303	0.01472	0.02644	0.01517	0.14842	0.09927	0.58300	0.00761	0.00703	0.00337	0.00363
5	0.06571	0.01968	0.01990	0.07705	0.07425	0.13556	0.01377	0.27472	0.12629	0.09534	0.01788	0.01839	0.01308	0.00815	0.00688	0.00216	0.00823	0.00628	0.00598	0.01069
6	0.01681	0.01921	0.04202	0.03001	0.03721	0.01801	0.67947	0.02281	0.01681	0.02281	0.01441	0.01921	0.01080	0.00600	0.00840	0.00240	0.01200	0.00840	0.00360	0.00960
7	0.02191	0.14303	0.02136	0.01470	0.01959	0.06211	0.01211	0.20271	0.31744	0.07853	0.02149	0.02053	0.01604	0.00856	0.00670	0.00214	0.00701	0.00663	0.00640	0.01101
8	0.01565	0.06701	0.08454	0.26712	0.12933	0.01504	0.03396	0.05056	0.01623	0.06051	0.04864	0.08798	0.03361	0.00895	0.00711	0.00222	0.00795	0.00785	0.00438	0.05137
9	0.01622	0.06852	0.01980	0.03887	0.01907	0.16861	0.05857	0.01856	0.01418	0.01771	0.04126	0.02169	0.01496	0.06143	0.21210	0.00515	0.18537	0.00674	0.00371	0.00749
10	0.01821	0.23865	0.37903	0.01737	0.02546	0.08623	0.01970	0.09619	0.01741	0.02291	0.01228	0.01403	0.00941	0.00683	0.00615	0.00199	0.00961	0.00491	0.00354	0.01009
11	0.00946	0.00709	0.00877	0.00870	0.01035	0.00640	0.00639	0.01211	0.01818	0.02469	0.44654	0.16853	0.21339	0.01663	0.00851	0.00238	0.00354	0.01457	0.00735	0.00640
12	0.01932	0.01792	0.01589	0.04375	0.05070	0.21099	0.01134	0.02663	0.20866	0.07127	0.05634	0.02618	0.04799	0.01024	0.00804	0.04462	0.00758	0.02523	0.08848	0.00884
13	0.03706	0.00822	0.01028	0.00980	0.01199	0.00751	0.00717	0.01709	0.01608	0.19132	0.11677	0.28165	0.12242	0.09089	0.01095	0.00293	0.00474	0.01354	0.03214	0.00743
14	0.01256	0.10166	0.01415	0.01090	0.01307	0.01138	0.00846	0.08664	0.01570	0.02084	0.06188	0.23463	0.09337	0.06997	0.20631	0.00516	0.00917	0.01173	0.00537	0.00704
15	0.00885	0.00698	0.00798	0.00826	0.01002	0.00611	0.00599	0.01087	0.01648	0.02107	0.20532	0.22857	0.40166	0.01829	0.00857	0.00249	0.00368	0.01581	0.00689	0.00611
16	0.01934	0.01520	0.12788	0.04970	0.03732	0.01130	0.02952	0.05798	0.01805	0.25106	0.08400	0.15621	0.05177	0.01139	0.00754	0.00230	0.00654	0.00982	0.00645	0.04663
17	0.00877	0.00669	0.00806	0.00885	0.01012	0.00599	0.00621	0.01049	0.01540	0.01992	0.13825	0.41747	0.27854	0.01979	0.00876	0.00264	0.00385	0.01745	0.00677	0.00599
18	0.07218	0.08204	0.05969	0.08894	0.02180	0.11629	0.01194	0.05221	0.01617	0.02274	0.01306	0.03800	0.01107	0.00673	0.00581	0.00161	0.00744	0.00512	0.00408	0.36307
19	0.06104	0.07035	0.15365	0.01445	0.03581	0.01263	0.05893	0.03505	0.01502	0.04394	0.04686	0.17128	0.02166	0.08591	0.00991	0.00260	0.00699	0.00916	0.00472	0.14002

[dist]
# distance from previous block
# <min> <max>
0	4

[block]
# block no. 5 follows, 29 sequences, length 17
# corresponding to MSA columns:
# 333-349
name=unknown_F
#
# <colnr> <probs for GDERKNQSTAVLIFYWHMCP>
#	G	D	E	R	K	N	Q	S	T	A	V	L	I	F	Y	W	H	M	C	P
0	0.01755	0.01527	0.02429	0.11094	0.43421	0.01586	0.01840	0.05068	0.04533	0.06067	0.01592	0.04356	0.01334	0.00966	0.04034	0.00261	0.03223	0.00692	0.00422	0.03801
1	0.07340	0.27962	0.06940	0.02026	0.15727	0.11505	0.01500	0.12572	0.01835	0.02393	0.01232	0.01446	0.01019	0.00816	0.02698	0.00216	0.00889	0.00503	0.00398	0.00982
2	0.00922	0.00663	0.00840	0.00943	0.01016	0.00622	0.00644	0.01063	0.01412	0.01871	0.09901	0.46550	0.10844	0.13625	0.01331	0.00345	0.00460	0.05743	0.00635	0.00571
3	0.01758	0.05909	0.09026	0.14064	0.15808	0.09960	0.06934	0.04625	0.08397	0.04788	0.08258	0.02264	0.03480	0.00817	0.00712	0.00218	0.00859	0.00710	0.00459	0.00952
4	0.00966	0.00714	0.00902	0.00881	0.01045	0.00650	0.00651	0.01253	0.01878	0.02590	0.52711	0.13958	0.15958	0.01602	0.00848	0.00234	0.00349	0.01409	0.00751	0.00650
5	0.01755	0.07821	0.13731	0.02259	0.14320	0.12797	0.11350	0.02223	0.04092	0.04126	0.07546	0.05041	0.01762	0.03033	0.00889	0.00234	0.04939	0.00734	0.00423	0.00926
6	0.00905	0.00697	0.00811	0.00835	0.00993	0.00621	0.00597	0.01102	0.01628	0.02112	0.22933	0.22123	0.33481	0.06638	0.01040	0.00277	0.00388	0.01536	0.00679	0.00604
7	0.05270	0.07632	0.02045	0.08747	0.07607	0.11261	0.03241	0.06329	0.24642	0.02421	0.01848	0.02100	0.01487	0.04426	0.03418	0.00278	0.05130	0.00666	0.00500	0.00951
8	0.01572	0.06763	0.56849	0.02085	0.06589	0.06967	0.02395	0.02343	0.03929	0.02220	0.01312	0.01525	0.00961	0.00686	0.00667	0.00219	0.01028	0.00530	0.00324	0.01036
9	0.01917	0.25156	0.04887	0.01720	0.07887	0.11145	0.04973	0.10271	0.05546	0.02306	0.01777	0.01943	0.05696	0.00811	0.00709	0.00197	0.04827	0.00608	0.06695	0.00928
10	0.09441	0.05082	0.02054	0.07503	0.11257	0.11110	0.01394	0.21207	0.07507	0.04968	0.01557	0.01739	0.01196	0.00804	0.00765	0.00216	0.05740	0.00596	0.04869	0.00996
11	0.00929	0.00683	0.00799	0.00875	0.01020	0.00618	0.00636	0.01119	0.01526	0.02008	0.07867	0.33280	0.29979	0.01876	0.00846	0.00258	0.00400	0.06460	0.08217	0.00605
12	0.01663	0.01378	0.01835	0.12895	0.16134	0.01502	0.01388	0.12130	0.17371	0.02785	0.10489	0.02909	0.04630	0.00964	0.00730	0.00227	0.00666	0.03456	0.05885	0.00964
13	0.00964	0.00707	0.00781	0.00777	0.00973	0.00628	0.00577	0.01206	0.01690	0.02280	0.23018	0.10247	0.38208	0.01586	0.00791	0.00228	0.00353	0.01348	0.13010	0.00628
14	0.01491	0.01210	0.01712	0.04545	0.17305	0.01274	0.03457	0.07596	0.10115	0.02428	0.02455	0.09328	0.04504	0.03475	0.09653	0.00359	0.00812	0.07379	0.10034	0.00869
15	0.01719	0.08657	0.01812	0.05598	0.12486	0.06958	0.01192	0.04872	0.01590	0.09601	0.01889	0.06176	0.01620	0.02009	0.19059	0.00444	0.01025	0.00719	0.11723	0.00853
16	0.07128	0.04074	0.09112	0.08897	0.19480	0.11560	0.01590	0.09443	0.05578	0.02574	0.09277	0.02104	0.01758	0.00804	0.00679	0.00212	0.00817	0.00660	0.03297	0.00956

[dist]
# distance from previous block
# <min> <max>
0	29

[block]
# block no. 6 follows, 29 sequences, length 30
# corresponding to MSA columns:
# 379-408
name=unknown_G
#
# <colnr> <probs for GDERKNQSTAVLIFYWHMCP>
#	G	D	E	R	K	N	Q	S	T	A	V	L	I	F	Y	W	H	M	C	P
0	0.25900	0.01998	0.15860	0.01371	0.01903	0.09018	0.01295	0.07988	0.01621	0.06610	0.01560	0.07361	0.01327	0.01208	0.06575	0.00292	0.00858	0.00629	0.00465	0.06161
1	0.01618	0.11237	0.19286	0.02055	0.13855	0.01626	0.05207	0.02243	0.08625	0.06350	0.11892	0.05342	0.02164	0.00909	0.00786	0.00223	0.04369	0.00765	0.00479	0.00970
2	0.01357	0.01483	0.12593	0.01415	0.05546	0.01148	0.01186	0.02108	0.16519	0.04403	0.20805	0.10613	0.08949	0.01189	0.00758	0.00225	0.00564	0.01025	0.00618	0.07496
3	0.00896	0.00690	0.00808	0.00847	0.00997	0.00614	0.00602	0.01085	0.01600	0.02071	0.19953	0.27351	0.32407	0.05544	0.01002	0.00275	0.00388	0.01593	0.00677	0.00601
4	0.00916	0.00670	0.00811	0.00892	0.00980	0.00621	0.00604	0.01044	0.01393	0.01811	0.07650	0.38428	0.18779	0.17868	0.01482	0.00364	0.00467	0.04044	0.00617	0.00559
5	0.01960	0.15939	0.12765	0.01748	0.05920	0.10723	0.05353	0.18537	0.01987	0.02570	0.01532	0.04293	0.01298	0.04362	0.04820	0.00276	0.00940	0.00637	0.03386	0.00954
6	0.24963	0.01885	0.13816	0.11013	0.30851	0.01644	0.01815	0.02127	0.01456	0.02514	0.01217	0.01554	0.00963	0.00659	0.00622	0.00220	0.00805	0.00542	0.00366	0.00969
7	0.01747	0.04950	0.39670	0.03789	0.05709	0.04022	0.02030	0.07171	0.13253	0.06486	0.01661	0.01772	0.01207	0.00746	0.00681	0.00220	0.00899	0.00591	0.00443	0.02953
8	0.01021	0.00684	0.00781	0.00795	0.00798	0.00681	0.00451	0.01032	0.01063	0.01418	0.02386	0.10571	0.02768	0.68819	0.03394	0.00656	0.00667	0.01119	0.00451	0.00444
9	0.01559	0.01467	0.09663	0.01224	0.01741	0.01126	0.01085	0.08460	0.01602	0.05843	0.01614	0.02069	0.01361	0.06974	0.14327	0.00377	0.00886	0.00588	0.02770	0.35264
10	0.01703	0.01176	0.01567	0.01364	0.01546	0.01387	0.01081	0.08126	0.01470	0.13452	0.01809	0.02574	0.01608	0.14368	0.21798	0.00584	0.22362	0.00747	0.00484	0.00795
11	0.01710	0.01953	0.14008	0.02893	0.34925	0.01607	0.01855	0.05692	0.11504	0.02517	0.01563	0.01801	0.01235	0.00684	0.00676	0.00202	0.00787	0.00608	0.00427	0.13354
12	0.00953	0.00726	0.00876	0.00838	0.01030	0.00649	0.00629	0.01238	0.01886	0.02548	0.49390	0.05825	0.27678	0.01570	0.00840	0.00229	0.00344	0.01359	0.00743	0.00649
13	0.01916	0.02672	0.22530	0.07905	0.24891	0.18624	0.02048	0.06942	0.01788	0.02279	0.01285	0.01578	0.01004	0.00692	0.00683	0.00211	0.01015	0.00561	0.00363	0.01014
14	0.04240	0.18917	0.13346	0.01569	0.04629	0.05430	0.01431	0.14169	0.05300	0.10140	0.01635	0.01878	0.01281	0.00972	0.03835	0.00239	0.00839	0.02702	0.00495	0.06953
15	0.05363	0.49825	0.07709	0.01358	0.01944	0.11840	0.01301	0.02394	0.04986	0.05769	0.01224	0.01335	0.01019	0.00666	0.00524	0.00173	0.00823	0.00442	0.00372	0.00933
16	0.01541	0.24602	0.46675	0.01731	0.02591	0.01945	0.02098	0.02153	0.01463	0.02044	0.01235	0.01484	0.00965	0.00971	0.05423	0.00266	0.01024	0.00499	0.00307	0.00984
17	0.04966	0.46675	0.15725	0.01450	0.02106	0.09652	0.01486	0.06994	0.01644	0.02050	0.01106	0.01265	0.00928	0.00654	0.00534	0.00176	0.00862	0.00434	0.00345	0.00946
18	0.01454	0.05259	0.01379	0.01189	0.01445	0.01264	0.00942	0.06976	0.19923	0.02404	0.02561	0.05803	0.02352	0.09855	0.13249	0.00443	0.00815	0.11275	0.10602	0.00810
19	0.01187	0.00864	0.01418	0.01223	0.01411	0.00826	0.10950	0.01254	0.01374	0.01845	0.15788	0.03477	0.12413	0.02081	0.06488	0.34766	0.00701	0.00923	0.00467	0.00545
20	0.01420	0.01430	0.01128	0.01119	0.01264	0.20567	0.00768	0.01527	0.01472	0.01666	0.03018	0.21950	0.11665	0.25859	0.01725	0.00386	0.00741	0.01191	0.00503	0.00602
21	0.01237	0.00618	0.00928	0.00928	0.00928	0.00618	0.00618	0.00928	0.00928	0.01237	0.01237	0.02165	0.01237	0.02474	0.02783	0.79283	0.00618	0.00618	0.00309	0.00309
22	0.01723	0.03061	0.47689	0.05624	0.03029	0.01783	0.07108	0.16697	0.01917	0.02725	0.01384	0.01599	0.00985	0.00712	0.00698	0.00225	0.00999	0.00580	0.00396	0.01067
23	0.00874	0.00708	0.00776	0.00790	0.00990	0.00610	0.00581	0.01074	0.01655	0.02071	0.17712	0.16153	0.49913	0.01803	0.00851	0.00244	0.00364	0.01539	0.00683	0.00610
24	0.01325	0.01144	0.01636	0.02104	0.23931	0.01142	0.01215	0.01882	0.11339	0.02451	0.21673	0.12685	0.12052	0.01259	0.00788	0.00233	0.00548	0.01125	0.00603	0.00865
25	0.01678	0.05720	0.23931	0.17960	0.09912	0.11544	0.01917	0.02363	0.08919	0.02150	0.01419	0.01694	0.01086	0.00707	0.00668	0.00211	0.00940	0.00568	0.00373	0.06241
26	0.01238	0.01174	0.03995	0.11143	0.14690	0.01152	0.04663	0.01566	0.01578	0.02148	0.14236	0.17087	0.11173	0.01341	0.00915	0.00250	0.05549	0.04793	0.00529	0.00779
27	0.01570	0.06337	0.19422	0.13122	0.22822	0.05130	0.01883	0.02054	0.01521	0.02138	0.01384	0.01778	0.01113	0.01012	0.05897	0.00273	0.00955	0.00583	0.05627	0.05378
28	0.01325	0.04830	0.01222	0.01000	0.01274	0.05764	0.00773	0.10064	0.01958	0.02501	0.25620	0.04905	0.28943	0.05567	0.00948	0.00249	0.00509	0.01168	0.00656	0.00725
29	0.02045	0.23604	0.05812	0.01459	0.01889	0.31323	0.01221	0.02355	0.05457	0.01788	0.01353	0.01835	0.01237	0.11605	0.01029	0.00251	0.00964	0.00542	0.00377	0.03851

[dist]
# distance from previous block
# <min> <max>
0	118

[block]
# block no. 7 follows, 29 sequences, length 36
# corresponding to MSA columns:
# 527-562
name=unknown_H
#
# <colnr> <probs for GDERKNQSTAVLIFYWHMCP>
#	G	D	E	R	K	N	Q	S	T	A	V	L	I	F	Y	W	H	M	C	P
0	0.07441	0.01814	0.04128	0.01863	0.12607	0.13611	0.01295	0.07995	0.18739	0.02709	0.13036	0.02586	0.02320	0.00922	0.00702	0.00216	0.00729	0.02473	0.00564	0.04250
1	0.01593	0.02000	0.16136	0.04734	0.15021	0.09056	0.04589	0.07208	0.05048	0.02285	0.02341	0.13983	0.07454	0.01251	0.03866	0.00271	0.00873	0.00915	0.00466	0.00912
2	0.01391	0.14116	0.17754	0.08875	0.04551	0.01423	0.01375	0.01770	0.01436	0.02017	0.06463	0.05505	0.01849	0.13486	0.01142	0.00278	0.00742	0.00716	0.04275	0.10835
3	0.01606	0.01772	0.15323	0.02146	0.18560	0.01415	0.01590	0.02227	0.09935	0.07904	0.04468	0.02470	0.06929	0.01347	0.08256	0.00317	0.05733	0.00728	0.00476	0.06798
4	0.01534	0.01669	0.15261	0.04408	0.14432	0.01255	0.03905	0.02092	0.07043	0.08880	0.11930	0.08285	0.07066	0.01204	0.03742	0.00263	0.00747	0.00895	0.00532	0.04858
5	0.01851	0.01916	0.16934	0.09131	0.07835	0.03995	0.08498	0.06579	0.05680	0.14427	0.02229	0.08081	0.04955	0.00923	0.00731	0.00229	0.00813	0.00808	0.03405	0.00981
6	0.01514	0.01235	0.01751	0.10378	0.14596	0.01299	0.03427	0.04522	0.14005	0.04673	0.11717	0.03532	0.02623	0.11272	0.01163	0.00299	0.00686	0.07801	0.00553	0.02955
7	0.01081	0.00760	0.00888	0.00912	0.00981	0.00764	0.00615	0.01259	0.04611	0.01645	0.02910	0.05372	0.07391	0.51966	0.02772	0.00566	0.00655	0.13824	0.00506	0.00522
8	0.00895	0.00670	0.00808	0.00881	0.00991	0.00608	0.00606	0.01051	0.01490	0.01941	0.13383	0.39347	0.23316	0.09222	0.01150	0.00307	0.00416	0.01682	0.00654	0.00583
9	0.01480	0.12363	0.30328	0.01655	0.06947	0.01479	0.01661	0.01984	0.01502	0.04631	0.06382	0.02187	0.01640	0.04331	0.07888	0.00317	0.00906	0.00637	0.10781	0.00898
10	0.00883	0.00692	0.00800	0.00838	0.01004	0.00609	0.00604	0.01079	0.01626	0.02083	0.19154	0.26695	0.37680	0.01859	0.00861	0.00252	0.00371	0.01614	0.00686	0.00609
11	0.02070	0.07687	0.18319	0.01773	0.02296	0.24207	0.01652	0.10860	0.09763	0.02345	0.01399	0.01578	0.01100	0.00825	0.00891	0.00220	0.11074	0.00556	0.00425	0.00962
12	0.00890	0.00640	0.00846	0.00983	0.01048	0.00596	0.00674	0.01044	0.01448	0.01940	0.10985	0.63158	0.06859	0.02128	0.00902	0.00282	0.00411	0.03900	0.00674	0.00591
13	0.01540	0.01810	0.12614	0.21282	0.23504	0.01652	0.06332	0.02178	0.08494	0.02179	0.01580	0.05492	0.01318	0.00816	0.00840	0.00236	0.06060	0.00718	0.00387	0.00965
14	0.01762	0.01692	0.02890	0.04371	0.70533	0.01692	0.02185	0.02185	0.01621	0.02326	0.01339	0.01762	0.01128	0.00634	0.00705	0.00211	0.00846	0.00634	0.00352	0.01128
15	0.01658	0.01733	0.05156	0.03362	0.42654	0.05535	0.09233	0.02043	0.01574	0.02175	0.01651	0.11424	0.01566	0.00894	0.00859	0.00231	0.06044	0.00828	0.00390	0.00991
16	0.01809	0.02058	0.11619	0.02139	0.14517	0.14126	0.07629	0.05861	0.01781	0.05289	0.08658	0.02106	0.01720	0.01142	0.06625	0.00277	0.00967	0.00664	0.00448	0.10565
17	0.01426	0.09550	0.25631	0.01731	0.06701	0.03797	0.04917	0.04309	0.03937	0.02201	0.05416	0.15971	0.09236	0.01125	0.00734	0.00230	0.00774	0.00963	0.00466	0.00887
18	0.01097	0.06690	0.01086	0.00897	0.01106	0.05817	0.00662	0.01258	0.01542	0.01865	0.09761	0.14947	0.36065	0.12636	0.01224	0.00303	0.00512	0.01329	0.00587	0.00618
19	0.01997	0.08220	0.18508	0.01899	0.07112	0.01608	0.10507	0.07531	0.06534	0.15845	0.01723	0.01819	0.01244	0.00711	0.00675	0.00203	0.00819	0.00615	0.00504	0.11924
20	0.16280	0.20395	0.07978	0.01380	0.01920	0.07204	0.01248	0.15159	0.09056	0.07331	0.01612	0.04705	0.01299	0.00807	0.00601	0.00205	0.00744	0.00588	0.00511	0.00978
21	0.01618	0.01000	0.01114	0.00986	0.01277	0.00996	0.00757	0.08582	0.10111	0.12105	0.10191	0.03862	0.17048	0.07281	0.00945	0.00253	0.00480	0.00959	0.19617	0.00819
22	0.01344	0.08198	0.01508	0.11764	0.01790	0.07725	0.00984	0.01555	0.01314	0.01719	0.03954	0.02929	0.01861	0.22975	0.19438	0.00577	0.03308	0.00762	0.05642	0.00652
23	0.01048	0.00789	0.00944	0.00918	0.01107	0.00737	0.00680	0.05654	0.01866	0.02503	0.35200	0.19661	0.22907	0.01667	0.00846	0.00241	0.00388	0.01453	0.00721	0.00670
24	0.01237	0.00618	0.00928	0.00928	0.00928	0.00618	0.00618	0.00928	0.00928	0.01237	0.01237	0.02165	0.01237	0.02474	0.02783	0.79283	0.00618	0.00618	0.00309	0.00309
25	0.01237	0.00618	0.00928	0.00928	0.00928	0.00618	0.00618	0.00928	0.00928	0.01237	0.01237	0.02165	0.01237	0.02474	0.02783	0.79283	0.00618	0.00618	0.00309	0.00309
26	0.02061	0.03749	0.01982	0.05355	0.12211	0.11766	0.01296	0.12429	0.04835	0.09086	0.01530	0.01679	0.01176	0.00687	0.00632	0.00174	0.00760	0.00546	0.00496	0.27549
27	0.03984	0.01120	0.01504	0.09351	0.18254	0.01179	0.01149	0.07892	0.01678	0.02671	0.01876	0.02226	0.01475	0.00767	0.00588	0.00191	0.00570	0.00643	0.42040	0.00843
28	0.01153	0.00739	0.00922	0.00941	0.01108	0.00668	0.00684	0.01345	0.01600	0.09218	0.16009	0.31095	0.19973	0.06707	0.01046	0.00288	0.00438	0.04717	0.00690	0.00660
29	0.01000	0.00682	0.00807	0.00832	0.00860	0.00667	0.00504	0.01065	0.01218	0.01644	0.10896	0.17915	0.03496	0.52232	0.02770	0.00557	0.00595	0.01253	0.00518	0.00489
30	0.01742	0.01794	0.05966	0.04177	0.63118	0.01697	0.06603	0.02195	0.01620	0.02320	0.01343	0.01762	0.01115	0.00634	0.00713	0.00214	0.00879	0.00643	0.00351	0.01113
31	0.47409	0.29158	0.02093	0.01081	0.01582	0.05135	0.00965	0.02141	0.01335	0.02563	0.00996	0.01157	0.00831	0.00645	0.00456	0.00193	0.00662	0.00387	0.00387	0.00827
32	0.17233	0.47161	0.12481	0.01308	0.01915	0.02384	0.01343	0.02121	0.01390	0.02057	0.01027	0.01216	0.00885	0.00661	0.00578	0.00184	0.04413	0.00414	0.00331	0.00898
33	0.01485	0.03943	0.13373	0.01380	0.01916	0.01187	0.06702	0.02048	0.08360	0.07525	0.11525	0.07975	0.09537	0.01011	0.00712	0.00204	0.00637	0.00877	0.00548	0.19056
34	0.09218	0.02092	0.19630	0.01993	0.10840	0.01586	0.08838	0.14535	0.01831	0.02764	0.01457	0.01798	0.01145	0.04352	0.00800	0.00227	0.00822	0.00601	0.04419	0.11051
35	0.01248	0.01353	0.10715	0.01107	0.01500	0.01056	0.01001	0.08547	0.09445	0.02509	0.15751	0.04856	0.35363	0.01398	0.00792	0.00233	0.00519	0.01165	0.00644	0.00797

[dist]
# distance from previous block
# <min> <max>
4	26

[block]
# block no. 8 follows, 29 sequences, length 25
# corresponding to MSA columns:
# 589-613
name=unknown_I
#
# <colnr> <probs for GDERKNQSTAVLIFYWHMCP>
#	G	D	E	R	K	N	Q	S	T	A	V	L	I	F	Y	W	H	M	C	P
0	0.10177	0.12874	0.02378	0.13529	0.14400	0.11658	0.04375	0.06274	0.10950	0.04614	0.01492	0.01709	0.01167	0.00724	0.00642	0.00210	0.00845	0.00581	0.00440	0.00962
1	0.10503	0.02468	0.04356	0.01609	0.02046	0.32583	0.01283	0.11425	0.21699	0.02628	0.01698	0.01734	0.01306	0.00807	0.00655	0.00210	0.00924	0.00578	0.00521	0.00966
2	0.01839	0.01689	0.02596	0.08500	0.27339	0.01788	0.12237	0.11055	0.20137	0.02732	0.01819	0.02034	0.01400	0.00753	0.00733	0.00227	0.00826	0.00714	0.00498	0.01085
3	0.02292	0.02486	0.12093	0.05343	0.12479	0.20573	0.01673	0.23875	0.04866	0.05306	0.01496	0.01645	0.01121	0.00763	0.00688	0.00209	0.00957	0.00584	0.00497	0.01051
4	0.01036	0.00690	0.00777	0.00777	0.00777	0.00690	0.00431	0.01036	0.01036	0.01381	0.02244	0.04660	0.02589	0.74975	0.03624	0.00690	0.00690	0.01036	0.00431	0.00431
5	0.01563	0.01514	0.05474	0.03113	0.42872	0.01417	0.01745	0.05774	0.01688	0.02339	0.02360	0.11531	0.07188	0.01062	0.00766	0.00235	0.00744	0.07175	0.00462	0.00976
6	0.01872	0.08038	0.20445	0.02618	0.19733	0.09672	0.12911	0.06266	0.05248	0.04363	0.01433	0.01684	0.01100	0.00686	0.00696	0.00214	0.00975	0.00614	0.00394	0.01038
7	0.02400	0.01356	0.01540	0.01247	0.01686	0.05332	0.01003	0.15983	0.02254	0.33157	0.15319	0.03237	0.10162	0.01076	0.00748	0.00220	0.00605	0.00878	0.00774	0.01022
8	0.01237	0.00618	0.00928	0.00928	0.00928	0.00618	0.00618	0.00928	0.00928	0.01237	0.01237	0.02165	0.01237	0.02474	0.02783	0.79283	0.00618	0.00618	0.00309	0.00309
9	0.01726	0.19934	0.35735	0.01833	0.02608	0.12968	0.07577	0.02263	0.01592	0.02027	0.01476	0.01672	0.04180	0.00716	0.00642	0.00204	0.01002	0.00555	0.00334	0.00956
10	0.01919	0.02324	0.26575	0.02712	0.22343	0.01568	0.13018	0.02482	0.01674	0.16015	0.01628	0.01831	0.01168	0.00693	0.00720	0.00223	0.00928	0.00647	0.00441	0.01091
11	0.03195	0.01212	0.01652	0.01267	0.01818	0.01047	0.01047	0.03470	0.02038	0.71026	0.02809	0.02424	0.01763	0.00881	0.00716	0.00220	0.00606	0.00716	0.00881	0.01212
12	0.01622	0.01666	0.02171	0.01867	0.01889	0.06281	0.01547	0.01780	0.01145	0.01715	0.00944	0.01542	0.00934	0.01216	0.02237	0.00304	0.69428	0.00614	0.00315	0.00782
13	0.02015	0.05098	0.27613	0.09909	0.06972	0.03793	0.08746	0.05477	0.01749	0.19244	0.01678	0.01822	0.01166	0.00728	0.00701	0.00222	0.00918	0.00621	0.00476	0.01053
14	0.01829	0.01693	0.16868	0.05399	0.07332	0.01232	0.01522	0.02400	0.07463	0.20133	0.02842	0.03798	0.07191	0.01137	0.00779	0.00250	0.00730	0.15833	0.00602	0.00966
15	0.01036	0.00690	0.00777	0.00777	0.00777	0.00690	0.00431	0.01036	0.01036	0.01381	0.02244	0.04660	0.02589	0.74975	0.03624	0.00690	0.00690	0.01036	0.00431	0.00431
16	0.01472	0.01358	0.02261	0.17233	0.41380	0.01411	0.01790	0.01835	0.01522	0.02108	0.01926	0.18696	0.01925	0.01021	0.00754	0.00235	0.00766	0.00957	0.00417	0.00933
17	0.01664	0.02705	0.34140	0.10207	0.20442	0.06533	0.06678	0.05192	0.01655	0.02294	0.01310	0.01633	0.00992	0.00676	0.00698	0.00221	0.01003	0.00587	0.00343	0.01029
18	0.05904	0.01911	0.02380	0.13235	0.39396	0.16196	0.01818	0.02197	0.01654	0.02155	0.01605	0.01949	0.05081	0.00736	0.00687	0.00211	0.00908	0.00636	0.00373	0.00968
19	0.00961	0.00773	0.00946	0.01041	0.05089	0.00693	0.00715	0.01202	0.01713	0.02221	0.25051	0.13341	0.37511	0.01684	0.00846	0.00243	0.00400	0.04237	0.00679	0.00653
20	0.04921	0.01707	0.02529	0.06761	0.36856	0.01807	0.04266	0.18810	0.02026	0.06866	0.01482	0.01767	0.01151	0.00744	0.00799	0.00221	0.05081	0.00639	0.00473	0.01096
21	0.02203	0.05842	0.08265	0.02394	0.17260	0.27829	0.04142	0.12985	0.01984	0.02369	0.01259	0.01516	0.01017	0.00760	0.00813	0.00210	0.07211	0.00557	0.00406	0.00978
22	0.01424	0.05916	0.11587	0.18686	0.17448	0.01500	0.04097	0.01784	0.01368	0.01878	0.01508	0.02468	0.01409	0.19987	0.01547	0.00347	0.05158	0.00716	0.00353	0.00819
23	0.11760	0.06229	0.11966	0.08939	0.06173	0.04999	0.15269	0.02244	0.05529	0.04927	0.05339	0.01883	0.01396	0.00711	0.00667	0.00209	0.00846	0.00633	0.00427	0.09854
24	0.01675	0.01584	0.04280	0.14469	0.30147	0.04581	0.01685	0.11653	0.01816	0.02434	0.02060	0.13639	0.04916	0.00996	0.00743	0.00229	0.00787	0.00888	0.00463	0.00956

[dist]
# distance from previous block
# <min> <max>
3	265

# created by:
# /home/berkeley/.conda/envs/busco_data_prod/bin/msa2prfl.pl pipeline/OGs_align_augustus/5794/31975.fs
