[name]
unknown

[dist]
# distance from previous block
# <min> <max>
0	76

[block]
# block no. 0 follows, 29 sequences, length 13
# corresponding to MSA columns:
# 79-91
name=unknown_A
#
# <colnr> <probs for GDERKNQSTAVLIFYWHMCP>
#	G	D	E	R	K	N	Q	S	T	A	V	L	I	F	Y	W	H	M	C	P
0	0.04804	0.04686	0.11225	0.01917	0.11530	0.09426	0.06418	0.07450	0.01731	0.02328	0.04011	0.07417	0.05541	0.04887	0.00877	0.00247	0.00810	0.07434	0.00468	0.06791
1	0.10661	0.04860	0.20362	0.06276	0.11809	0.01601	0.01656	0.10686	0.05408	0.07990	0.10077	0.02143	0.01819	0.00819	0.00678	0.00220	0.00766	0.00665	0.00505	0.00999
2	0.02079	0.01496	0.01711	0.01482	0.05055	0.01555	0.01128	0.24045	0.18458	0.11318	0.07472	0.02684	0.07594	0.00959	0.00714	0.00212	0.00616	0.00782	0.00686	0.09954
3	0.01586	0.01174	0.01515	0.04035	0.14274	0.04884	0.01085	0.05235	0.01545	0.10087	0.02539	0.09705	0.08321	0.15035	0.11307	0.04589	0.00864	0.00933	0.00507	0.00779
4	0.02073	0.01797	0.02054	0.02430	0.25080	0.15001	0.01467	0.12370	0.01961	0.10572	0.02034	0.16080	0.01881	0.01031	0.00736	0.00223	0.00807	0.00885	0.00534	0.00984
5	0.01327	0.00664	0.00664	0.00664	0.00830	0.00664	0.00498	0.01659	0.01493	0.02655	0.02323	0.02655	0.01825	0.00830	0.00498	0.00166	0.00332	0.00664	0.78928	0.00664
6	0.01475	0.01247	0.01613	0.20863	0.02483	0.01443	0.01265	0.07770	0.22131	0.02481	0.09162	0.06382	0.05926	0.01524	0.08503	0.00338	0.03073	0.00880	0.00562	0.00878
7	0.01420	0.01140	0.01228	0.01132	0.01434	0.01237	0.00870	0.02611	0.37198	0.02751	0.17151	0.03852	0.13691	0.01180	0.00740	0.00229	0.00459	0.00996	0.09780	0.00899
8	0.01327	0.00664	0.00664	0.00664	0.00830	0.00664	0.00498	0.01659	0.01493	0.02655	0.02323	0.02655	0.01825	0.00830	0.00498	0.00166	0.00332	0.00664	0.78928	0.00664
9	0.16500	0.10486	0.02009	0.09772	0.02245	0.24634	0.01275	0.06067	0.01763	0.12999	0.01379	0.01532	0.01043	0.00761	0.00698	0.00207	0.04752	0.00515	0.00464	0.00901
10	0.01485	0.00944	0.04293	0.00940	0.01214	0.00788	0.00758	0.01758	0.01663	0.15589	0.17614	0.04164	0.15784	0.10508	0.04154	0.00312	0.00537	0.01008	0.15739	0.00748
11	0.01771	0.05309	0.09519	0.04595	0.07648	0.01519	0.10608	0.09427	0.11320	0.09752	0.05966	0.05356	0.06044	0.03515	0.04201	0.00285	0.00817	0.00833	0.00549	0.00967
12	0.00947	0.00681	0.00789	0.00829	0.00903	0.00640	0.00531	0.01041	0.01313	0.01708	0.08100	0.23576	0.18180	0.35157	0.02124	0.00457	0.00523	0.01414	0.00565	0.00523

[dist]
# distance from previous block
# <min> <max>
0	1

[block]
# block no. 1 follows, 29 sequences, length 51
# corresponding to MSA columns:
# 93-100,103-145
name=unknown_B
#
# <colnr> <probs for GDERKNQSTAVLIFYWHMCP>
#	G	D	E	R	K	N	Q	S	T	A	V	L	I	F	Y	W	H	M	C	P
0	0.02085	0.38878	0.07464	0.01462	0.02027	0.14052	0.01344	0.11129	0.11095	0.02272	0.01384	0.01472	0.01125	0.00716	0.00573	0.00183	0.00844	0.00496	0.00426	0.00977
1	0.01656	0.01202	0.01592	0.11165	0.06409	0.01247	0.01161	0.10148	0.07774	0.09946	0.09042	0.07392	0.04501	0.01727	0.12614	0.00369	0.00845	0.00843	0.00569	0.09797
2	0.04818	0.01631	0.01830	0.04524	0.03992	0.04862	0.01238	0.25600	0.13780	0.17134	0.04870	0.05175	0.01802	0.00956	0.00796	0.00228	0.04259	0.00750	0.00679	0.01076
3	0.04322	0.04644	0.21432	0.01473	0.02017	0.06166	0.01437	0.14517	0.01855	0.11783	0.01942	0.08926	0.01708	0.13251	0.01184	0.00300	0.00812	0.00783	0.00521	0.00928
4	0.01255	0.01152	0.02018	0.09355	0.02200	0.01188	0.20122	0.01517	0.01337	0.01804	0.02173	0.18281	0.02314	0.24807	0.01839	0.00399	0.06003	0.01118	0.00439	0.00678
5	0.01705	0.01669	0.02450	0.33909	0.32798	0.07774	0.01984	0.05305	0.01654	0.02161	0.01305	0.01777	0.01036	0.00687	0.00703	0.00220	0.00926	0.00619	0.00356	0.00960
6	0.06916	0.05343	0.32304	0.01651	0.02330	0.01576	0.03975	0.12376	0.01736	0.06306	0.01631	0.04923	0.01327	0.03644	0.10514	0.00363	0.01024	0.00661	0.00439	0.00963
7	0.01558	0.01558	0.02181	0.01869	0.01869	0.02181	0.01558	0.01714	0.01091	0.01714	0.00935	0.01558	0.00935	0.01246	0.02337	0.00312	0.73672	0.00623	0.00312	0.00779
8	0.01206	0.01003	0.01432	0.01267	0.01342	0.01163	0.05885	0.01331	0.01115	0.01573	0.01815	0.03404	0.01946	0.40254	0.14404	0.00641	0.18364	0.00877	0.00389	0.00588
9	0.01635	0.01561	0.02659	0.25454	0.50449	0.01658	0.02122	0.02073	0.01561	0.02171	0.01317	0.01804	0.01073	0.00658	0.00707	0.00219	0.00878	0.00634	0.00341	0.01025
10	0.02390	0.05090	0.01977	0.01499	0.02007	0.01995	0.01229	0.44290	0.17570	0.06270	0.02018	0.01981	0.01470	0.00867	0.00689	0.00214	0.00698	0.00670	0.05933	0.01143
11	0.01473	0.13605	0.52110	0.01778	0.02681	0.01707	0.02177	0.02136	0.01486	0.02156	0.01365	0.05014	0.01103	0.00730	0.00643	0.00208	0.00934	0.00569	0.00329	0.07794
12	0.01237	0.00618	0.00928	0.00928	0.00928	0.00618	0.00618	0.00928	0.00928	0.01237	0.01237	0.02165	0.01237	0.02474	0.02783	0.79283	0.00618	0.00618	0.00309	0.00309
13	0.01558	0.01558	0.02181	0.01869	0.01869	0.02181	0.01558	0.01714	0.01091	0.01714	0.00935	0.01558	0.00935	0.01246	0.02337	0.00312	0.73672	0.00623	0.00312	0.00779
14	0.01550	0.01284	0.01611	0.11667	0.13383	0.07428	0.01236	0.06631	0.01679	0.07221	0.02746	0.32720	0.05107	0.01405	0.00793	0.00247	0.00677	0.01244	0.00556	0.00816
15	0.01017	0.00763	0.01144	0.01144	0.01272	0.00890	0.00890	0.01272	0.01144	0.01653	0.01907	0.02797	0.01780	0.05340	0.72153	0.01144	0.01907	0.00763	0.00381	0.00636
16	0.02660	0.03394	0.02018	0.01834	0.02201	0.72116	0.01376	0.02843	0.02018	0.01743	0.01101	0.01284	0.00917	0.00734	0.00642	0.00183	0.01284	0.00459	0.00367	0.00825
17	0.01099	0.00946	0.01537	0.01373	0.01627	0.00881	0.13558	0.01403	0.01642	0.02172	0.15705	0.22704	0.16178	0.01652	0.00886	0.00267	0.00589	0.14469	0.00624	0.00687
18	0.01611	0.01526	0.02590	0.20919	0.49932	0.01612	0.02048	0.02035	0.01541	0.02158	0.01359	0.01865	0.01128	0.00968	0.05484	0.00280	0.00942	0.00643	0.00346	0.01013
19	0.01345	0.01266	0.02136	0.73264	0.04904	0.01582	0.01978	0.01819	0.01424	0.01819	0.01266	0.01898	0.00949	0.00712	0.00712	0.00237	0.00949	0.00633	0.00316	0.00791
20	0.01845	0.01642	0.02679	0.10260	0.49303	0.01682	0.04712	0.09284	0.01820	0.04964	0.03890	0.01927	0.01341	0.00702	0.00717	0.00216	0.00837	0.00670	0.00422	0.01085
21	0.09533	0.04102	0.01602	0.01363	0.01672	0.15213	0.05423	0.07877	0.01800	0.07248	0.09667	0.26125	0.02882	0.01309	0.00750	0.00235	0.00703	0.01117	0.00582	0.00796
22	0.10552	0.01513	0.01975	0.01720	0.06570	0.03926	0.10163	0.18869	0.02074	0.16288	0.02356	0.14133	0.04603	0.01053	0.00736	0.00232	0.00723	0.00913	0.00622	0.00981
23	0.21313	0.02375	0.02556	0.02029	0.02539	0.29796	0.24893	0.02459	0.01700	0.02291	0.01195	0.01479	0.00939	0.00668	0.00663	0.00213	0.01074	0.00576	0.00383	0.00860
24	0.01022	0.00819	0.01144	0.01486	0.12460	0.00774	0.00875	0.01197	0.01428	0.01889	0.03959	0.45604	0.15531	0.07073	0.01057	0.00296	0.00495	0.01633	0.00594	0.00663
25	0.14643	0.16262	0.06761	0.01435	0.03999	0.12505	0.01220	0.10569	0.01777	0.05395	0.01267	0.01410	0.01002	0.00666	0.00564	0.00175	0.00773	0.00467	0.00439	0.18671
26	0.02058	0.01259	0.01516	0.01159	0.01702	0.01089	0.00933	0.05696	0.07819	0.23360	0.04810	0.02093	0.01647	0.00742	0.00623	0.00165	0.00550	0.00603	0.04162	0.38013
27	0.00951	0.00731	0.00874	0.00854	0.01051	0.00654	0.00651	0.01226	0.01836	0.02441	0.40991	0.06102	0.31587	0.01626	0.00850	0.00237	0.00367	0.05601	0.00727	0.00643
28	0.07707	0.09908	0.02057	0.01504	0.02000	0.13704	0.01224	0.27303	0.18114	0.03180	0.01738	0.01750	0.01317	0.00805	0.00648	0.00204	0.00784	0.00593	0.00581	0.04879
29	0.01410	0.02449	0.34706	0.05256	0.05552	0.01577	0.11049	0.01965	0.01425	0.02058	0.01614	0.02121	0.03997	0.06084	0.06181	0.00335	0.10291	0.00682	0.00343	0.00907
30	0.01729	0.21206	0.21155	0.01557	0.04808	0.01735	0.01525	0.07845	0.03892	0.08067	0.07737	0.08160	0.03956	0.00961	0.00675	0.00213	0.00748	0.02587	0.00492	0.00953
31	0.01644	0.15003	0.26718	0.01527	0.02164	0.01672	0.01622	0.05036	0.12955	0.06376	0.11312	0.02659	0.02197	0.00926	0.00693	0.00221	0.00758	0.05029	0.00512	0.00977
32	0.01033	0.00700	0.00825	0.00825	0.00842	0.00717	0.00492	0.01067	0.01050	0.01417	0.02199	0.04413	0.02482	0.65766	0.12687	0.00750	0.00851	0.00999	0.00425	0.00458
33	0.01648	0.01717	0.07716	0.06672	0.11670	0.13018	0.01372	0.06260	0.01768	0.05132	0.11042	0.18640	0.02723	0.01221	0.00832	0.00237	0.03695	0.03265	0.00528	0.00844
34	0.01430	0.02015	0.22180	0.36317	0.08453	0.01576	0.06399	0.03804	0.01554	0.02128	0.04287	0.03941	0.01313	0.00767	0.00721	0.00233	0.00943	0.00683	0.00358	0.00901
35	0.01475	0.01365	0.02237	0.07980	0.46174	0.01367	0.01722	0.01821	0.01559	0.02157	0.02397	0.16079	0.08527	0.01057	0.00757	0.00231	0.00723	0.00983	0.00439	0.00950
36	0.01236	0.01225	0.06181	0.01995	0.21183	0.01059	0.01250	0.01641	0.04936	0.02258	0.14664	0.16722	0.17365	0.01377	0.00803	0.00241	0.00574	0.03902	0.00572	0.00818
37	0.01751	0.03036	0.41986	0.02076	0.02871	0.09529	0.11273	0.05716	0.01667	0.05180	0.01338	0.01591	0.00983	0.00739	0.00840	0.00229	0.07240	0.00584	0.00363	0.01006
38	0.06781	0.01324	0.01684	0.06178	0.01950	0.09015	0.11209	0.05267	0.01676	0.02253	0.09863	0.29533	0.03198	0.01430	0.00810	0.00253	0.00704	0.05570	0.00560	0.00741
39	0.01276	0.00736	0.00964	0.01010	0.01164	0.00665	0.00717	0.01438	0.01526	0.13950	0.06042	0.53206	0.10679	0.01930	0.00867	0.00270	0.00439	0.01723	0.00703	0.00694
40	0.01737	0.01727	0.11173	0.11829	0.12764	0.03920	0.11742	0.02314	0.07409	0.11857	0.06461	0.10001	0.01990	0.00937	0.00755	0.00233	0.00819	0.00864	0.00510	0.00959
41	0.01543	0.01733	0.12847	0.02136	0.11588	0.01424	0.16794	0.09286	0.04105	0.02414	0.02043	0.14965	0.01921	0.06016	0.03222	0.00294	0.00860	0.00951	0.04958	0.00901
42	0.08627	0.03550	0.01633	0.01369	0.01761	0.06249	0.05498	0.02496	0.10720	0.21228	0.03023	0.06805	0.08045	0.01201	0.00764	0.00247	0.00670	0.14540	0.00658	0.00914
43	0.08732	0.01570	0.09523	0.11582	0.13551	0.01412	0.01502	0.11429	0.01823	0.07166	0.04281	0.06174	0.07541	0.01066	0.00742	0.00240	0.00733	0.09489	0.00528	0.00916
44	0.06132	0.10881	0.10265	0.01697	0.02237	0.05913	0.14243	0.09599	0.06907	0.07752	0.05770	0.07036	0.01849	0.00908	0.00705	0.00221	0.00810	0.02828	0.03302	0.00944
45	0.05565	0.01085	0.01417	0.01250	0.01545	0.01110	0.05260	0.08396	0.06311	0.10953	0.05279	0.19677	0.13773	0.01949	0.10509	0.00370	0.02960	0.01157	0.00622	0.00813
46	0.01698	0.01357	0.01940	0.02505	0.30801	0.04842	0.01444	0.02048	0.01782	0.10679	0.18126	0.03473	0.05585	0.01039	0.00763	0.00224	0.00672	0.07295	0.00563	0.03164
47	0.01914	0.09018	0.17519	0.05435	0.11993	0.19209	0.08894	0.05955	0.04638	0.02251	0.03310	0.01719	0.01223	0.00721	0.00675	0.00207	0.00989	0.00594	0.02774	0.00962
48	0.22471	0.09766	0.06050	0.02149	0.18844	0.06411	0.05862	0.09159	0.03977	0.02667	0.01617	0.01809	0.04876	0.00745	0.00621	0.00211	0.00780	0.00593	0.00437	0.00955
49	0.16904	0.05323	0.15428	0.02469	0.26542	0.03803	0.01710	0.04067	0.06393	0.04947	0.01457	0.01682	0.01132	0.00697	0.00627	0.00213	0.00783	0.00565	0.04249	0.01008
50	0.20068	0.02011	0.01654	0.01548	0.05324	0.23199	0.01142	0.13256	0.04799	0.07558	0.01876	0.09034	0.03772	0.00939	0.00653	0.00216	0.00814	0.00707	0.00531	0.00900

[dist]
# distance from previous block
# <min> <max>
14	122

[block]
# block no. 2 follows, 29 sequences, length 22
# corresponding to MSA columns:
# 270-291
name=unknown_C
#
# <colnr> <probs for GDERKNQSTAVLIFYWHMCP>
#	G	D	E	R	K	N	Q	S	T	A	V	L	I	F	Y	W	H	M	C	P
0	0.01801	0.01907	0.17005	0.04915	0.05174	0.05302	0.01496	0.09365	0.08764	0.11325	0.10876	0.02454	0.02074	0.01479	0.09978	0.00344	0.03501	0.00732	0.00544	0.00963
1	0.06231	0.04580	0.04873	0.01454	0.05530	0.03941	0.01146	0.11789	0.10877	0.21328	0.06657	0.04597	0.01945	0.00899	0.00674	0.00210	0.00635	0.00726	0.07417	0.04490
2	0.08037	0.06148	0.05252	0.01819	0.10280	0.01640	0.06288	0.13810	0.13637	0.10516	0.06393	0.02269	0.03909	0.00840	0.00685	0.00213	0.00698	0.00705	0.00582	0.06278
3	0.01721	0.07435	0.02149	0.05354	0.19939	0.01455	0.06331	0.08008	0.05233	0.08403	0.09210	0.10342	0.05091	0.01008	0.00728	0.00221	0.00682	0.00901	0.04846	0.00943
4	0.01568	0.05699	0.13968	0.07239	0.11983	0.01380	0.04433	0.05291	0.01723	0.08278	0.12263	0.08356	0.08089	0.01078	0.00807	0.00232	0.03302	0.02886	0.00523	0.00903
5	0.07306	0.16479	0.07546	0.04924	0.05976	0.15190	0.04446	0.07682	0.08237	0.10723	0.01637	0.01876	0.01278	0.00779	0.00645	0.00207	0.00862	0.02746	0.00484	0.00977
6	0.01850	0.01440	0.04942	0.04184	0.04717	0.01314	0.08980	0.09478	0.09449	0.14109	0.11012	0.02709	0.05664	0.01005	0.02411	0.00230	0.00696	0.00790	0.02728	0.12293
7	0.01701	0.08834	0.15809	0.05207	0.15272	0.01408	0.03895	0.02101	0.01590	0.12686	0.05672	0.11467	0.01991	0.04779	0.00859	0.00243	0.00753	0.00835	0.00488	0.04410
8	0.01902	0.01480	0.01749	0.04306	0.15183	0.08464	0.01271	0.07894	0.10202	0.13545	0.05447	0.11390	0.08181	0.01143	0.00761	0.00234	0.00691	0.04595	0.00612	0.00951
9	0.11739	0.01240	0.01604	0.18475	0.05818	0.02735	0.02633	0.04525	0.07024	0.04678	0.01991	0.07036	0.05229	0.01387	0.06395	0.07141	0.00791	0.00748	0.00462	0.08349
10	0.01588	0.01244	0.01782	0.17994	0.07765	0.04802	0.06392	0.01925	0.01671	0.11762	0.12711	0.13600	0.06338	0.01111	0.00762	0.00227	0.00696	0.00994	0.00553	0.06083
11	0.02076	0.01956	0.02366	0.02239	0.12708	0.18484	0.14867	0.02691	0.12740	0.11154	0.01950	0.02460	0.01584	0.04158	0.00871	0.00246	0.00927	0.05044	0.00510	0.00969
12	0.02319	0.01636	0.05524	0.03969	0.01987	0.06135	0.01210	0.19985	0.02244	0.24028	0.10981	0.02579	0.05186	0.00960	0.00787	0.00216	0.03725	0.00756	0.00680	0.05095
13	0.01290	0.08165	0.01603	0.06334	0.10642	0.01201	0.01082	0.03495	0.08734	0.02223	0.11882	0.25768	0.09234	0.01443	0.00789	0.00244	0.00561	0.03933	0.00587	0.00789
14	0.01572	0.06530	0.10427	0.01595	0.06459	0.01387	0.05122	0.05093	0.10576	0.05015	0.04397	0.04314	0.04349	0.01401	0.09873	0.00314	0.00848	0.00706	0.00486	0.19534
15	0.01279	0.10543	0.01661	0.01242	0.01468	0.01295	0.04563	0.01706	0.09361	0.01797	0.01918	0.02849	0.01811	0.17621	0.34632	0.00742	0.03606	0.00773	0.00419	0.00712
16	0.01850	0.19746	0.14465	0.05430	0.05998	0.13726	0.03755	0.07123	0.01688	0.02179	0.01344	0.01623	0.01089	0.00878	0.02979	0.00227	0.04909	0.00540	0.09544	0.00907
17	0.01481	0.01182	0.01553	0.01176	0.01700	0.00947	0.05843	0.01799	0.01590	0.06861	0.09618	0.06864	0.05556	0.00834	0.00639	0.00155	0.00546	0.00727	0.00516	0.50414
18	0.06753	0.01943	0.16005	0.01821	0.10398	0.06760	0.01467	0.02535	0.23285	0.02511	0.07598	0.11573	0.02284	0.01030	0.00720	0.00233	0.00715	0.00868	0.00542	0.00959
19	0.01247	0.00963	0.01391	0.15715	0.07829	0.01057	0.01138	0.01663	0.04920	0.02156	0.10864	0.03527	0.02531	0.06877	0.15417	0.00447	0.00891	0.07961	0.12675	0.00731
20	0.01380	0.00759	0.00796	0.00756	0.00949	0.00767	0.00575	0.06011	0.01678	0.02800	0.10422	0.02912	0.02372	0.00906	0.00553	0.00176	0.00362	0.00737	0.64388	0.00701
21	0.01293	0.01074	0.01133	0.01116	0.01283	0.07052	0.00810	0.09277	0.01600	0.02054	0.03151	0.28424	0.10317	0.11890	0.15662	0.00491	0.00866	0.01282	0.00555	0.00671

[dist]
# distance from previous block
# <min> <max>
1	3

[block]
# block no. 3 follows, 29 sequences, length 23
# corresponding to MSA columns:
# 295-317
name=unknown_D
#
# <colnr> <probs for GDERKNQSTAVLIFYWHMCP>
#	G	D	E	R	K	N	Q	S	T	A	V	L	I	F	Y	W	H	M	C	P
0	0.02168	0.28598	0.02818	0.01627	0.02147	0.16426	0.09488	0.14338	0.01965	0.06014	0.01519	0.06986	0.01322	0.00815	0.00637	0.00195	0.00892	0.00643	0.00457	0.00947
1	0.13561	0.06293	0.01860	0.01547	0.01894	0.29599	0.01244	0.06330	0.01783	0.08366	0.01577	0.02256	0.01385	0.00956	0.00875	0.00227	0.10340	0.08584	0.00469	0.00853
2	0.01687	0.01374	0.04667	0.13514	0.12712	0.01343	0.01367	0.02457	0.17708	0.11333	0.12435	0.06235	0.02440	0.00956	0.00729	0.00223	0.00651	0.00834	0.00587	0.06750
3	0.01323	0.01176	0.06451	0.07145	0.06029	0.00945	0.01028	0.01636	0.01622	0.07267	0.16633	0.05544	0.17238	0.07757	0.00995	0.00250	0.00565	0.00980	0.00564	0.14853
4	0.01657	0.01254	0.01489	0.01271	0.01461	0.01439	0.00969	0.18507	0.01734	0.05101	0.02264	0.03274	0.07873	0.28954	0.02206	0.00419	0.17985	0.00866	0.00514	0.00760
5	0.11728	0.05436	0.04632	0.05635	0.09961	0.10638	0.04111	0.08508	0.05204	0.14977	0.01616	0.01723	0.01192	0.00721	0.00638	0.00199	0.00785	0.00570	0.00516	0.11211
6	0.02431	0.02210	0.04640	0.01701	0.02226	0.14412	0.03830	0.39201	0.15851	0.03545	0.01808	0.01820	0.01331	0.00839	0.00706	0.00215	0.00854	0.00644	0.00626	0.01111
7	0.01237	0.00832	0.01033	0.00997	0.01222	0.00761	0.00760	0.01498	0.04960	0.07163	0.13440	0.15214	0.19202	0.01701	0.01078	0.10464	0.00480	0.09623	0.00630	0.07703
8	0.01886	0.10415	0.27853	0.11011	0.02779	0.13606	0.03772	0.02371	0.01626	0.10534	0.01498	0.04345	0.01168	0.00784	0.00727	0.00217	0.03447	0.00605	0.00402	0.00955
9	0.04214	0.22133	0.44489	0.01859	0.05953	0.01928	0.02100	0.02275	0.01512	0.05584	0.01273	0.01457	0.00955	0.00667	0.00615	0.00205	0.00927	0.00498	0.00338	0.01019
10	0.02307	0.02416	0.01627	0.01491	0.01816	0.44980	0.01139	0.02542	0.01878	0.08178	0.01716	0.02183	0.01425	0.00859	0.00643	0.00194	0.00970	0.05355	0.17471	0.00812
11	0.00905	0.00670	0.00814	0.00884	0.00986	0.00613	0.00603	0.01058	0.01480	0.01942	0.14521	0.38464	0.20417	0.11767	0.01246	0.00321	0.00426	0.01655	0.00649	0.00578
12	0.01956	0.02082	0.13714	0.06646	0.25683	0.07922	0.06000	0.08258	0.04520	0.09971	0.01855	0.02048	0.04577	0.00770	0.00713	0.00218	0.00880	0.00673	0.00464	0.01050
13	0.01203	0.00860	0.01228	0.01173	0.01284	0.01012	0.00905	0.01391	0.01166	0.04556	0.01829	0.02750	0.01715	0.10526	0.47145	0.05851	0.10464	0.00755	0.03547	0.00640
14	0.01147	0.00820	0.01147	0.01311	0.01475	0.00820	0.01147	0.01475	0.01639	0.02131	0.03770	0.08032	0.04098	0.01967	0.00984	0.00328	0.00656	0.65741	0.00656	0.00656
15	0.05085	0.02231	0.17693	0.13712	0.08521	0.12957	0.06721	0.04483	0.05332	0.07077	0.01994	0.02185	0.07292	0.00818	0.00703	0.00222	0.00917	0.00679	0.00438	0.00940
16	0.01675	0.08129	0.13840	0.05689	0.35954	0.05159	0.01901	0.02265	0.07832	0.02240	0.01898	0.02139	0.06673	0.00771	0.00690	0.00214	0.00834	0.00672	0.00398	0.01028
17	0.01998	0.01856	0.02104	0.02117	0.13185	0.13413	0.03927	0.02861	0.24616	0.08526	0.01884	0.02011	0.01465	0.00909	0.01040	0.00239	0.15642	0.00676	0.00521	0.01008
18	0.01167	0.00989	0.01175	0.01159	0.01291	0.07247	0.00874	0.01382	0.01209	0.01626	0.01879	0.02903	0.01807	0.13932	0.56884	0.01000	0.01694	0.00771	0.00387	0.00626
19	0.23159	0.01730	0.01733	0.01410	0.01910	0.01952	0.01149	0.36748	0.16862	0.03820	0.01772	0.01764	0.01299	0.00827	0.00642	0.00221	0.00674	0.00608	0.00642	0.01076
20	0.01036	0.00690	0.00777	0.00777	0.00777	0.00690	0.00431	0.01036	0.01036	0.01381	0.02244	0.04660	0.02589	0.74975	0.03624	0.00690	0.00690	0.01036	0.00431	0.00431
21	0.01170	0.00754	0.00938	0.00903	0.01018	0.00751	0.00619	0.01303	0.01304	0.06921	0.09765	0.04386	0.10478	0.37675	0.18346	0.00659	0.00886	0.01029	0.00517	0.00581
22	0.00872	0.00687	0.00787	0.00837	0.00999	0.00602	0.00599	0.01052	0.01584	0.02006	0.14104	0.29929	0.39606	0.01906	0.00864	0.00255	0.00376	0.01655	0.00677	0.00602

[dist]
# distance from previous block
# <min> <max>
0	40

[block]
# block no. 4 follows, 29 sequences, length 53
# corresponding to MSA columns:
# 358-410
name=unknown_E
#
# <colnr> <probs for GDERKNQSTAVLIFYWHMCP>
#	G	D	E	R	K	N	Q	S	T	A	V	L	I	F	Y	W	H	M	C	P
0	0.01477	0.01266	0.01477	0.01055	0.01687	0.00949	0.00844	0.01793	0.01477	0.02320	0.01266	0.01477	0.01055	0.00527	0.00527	0.00105	0.00527	0.00422	0.00422	0.79328
1	0.01724	0.39016	0.26521	0.01600	0.02274	0.04740	0.01749	0.02145	0.01440	0.01880	0.01085	0.01323	0.00913	0.00718	0.00778	0.00199	0.10184	0.00464	0.00306	0.00941
2	0.01724	0.01618	0.10477	0.08948	0.19494	0.01343	0.11588	0.02141	0.01637	0.14052	0.02434	0.11819	0.07557	0.00992	0.00763	0.00234	0.00794	0.00922	0.00502	0.00960
3	0.01510	0.06531	0.55858	0.02418	0.15259	0.01713	0.02487	0.02237	0.01522	0.02242	0.01276	0.01534	0.00944	0.00666	0.00672	0.00220	0.01002	0.00539	0.00310	0.01060
4	0.01059	0.00803	0.01137	0.01116	0.01206	0.00937	0.00838	0.01251	0.01117	0.01598	0.01912	0.03113	0.01896	0.20088	0.52480	0.00988	0.06659	0.00812	0.00387	0.00602
5	0.00954	0.00673	0.00819	0.00876	0.01003	0.00617	0.00621	0.01168	0.01598	0.02207	0.21574	0.34985	0.17492	0.01781	0.00829	0.00248	0.00373	0.01571	0.09994	0.00617
6	0.01658	0.01206	0.01384	0.01194	0.01524	0.01266	0.00936	0.16258	0.17488	0.06987	0.34308	0.03842	0.06555	0.01198	0.00780	0.00226	0.00499	0.01017	0.00756	0.00917
7	0.02229	0.44717	0.03013	0.01464	0.01987	0.26721	0.01283	0.07593	0.01794	0.01921	0.01085	0.01236	0.00938	0.00672	0.00541	0.00168	0.00944	0.00428	0.00358	0.00907
8	0.01209	0.00901	0.01268	0.01332	0.06872	0.00827	0.02602	0.01443	0.01501	0.05372	0.12266	0.32517	0.03535	0.04961	0.07498	0.00336	0.00634	0.01305	0.00583	0.13039
9	0.02054	0.05284	0.16661	0.02559	0.24879	0.08382	0.04584	0.02498	0.01705	0.16290	0.01588	0.01756	0.01174	0.00693	0.00677	0.00204	0.00869	0.00593	0.00455	0.07094
10	0.50464	0.01461	0.01573	0.07396	0.14280	0.01630	0.01178	0.06770	0.01492	0.06261	0.01214	0.01425	0.00928	0.00684	0.00542	0.00220	0.00655	0.00484	0.00455	0.00889
11	0.00900	0.00648	0.00823	0.00932	0.00997	0.00604	0.00623	0.01034	0.01407	0.01871	0.10403	0.53177	0.10172	0.11403	0.01243	0.00330	0.00437	0.01783	0.00644	0.00571
12	0.01123	0.00699	0.00910	0.00988	0.01111	0.00635	0.00690	0.01278	0.01492	0.09365	0.06944	0.56432	0.11612	0.02006	0.00878	0.00274	0.00425	0.01795	0.00690	0.00653
13	0.04775	0.01295	0.04903	0.31319	0.03030	0.01345	0.04749	0.07140	0.04101	0.04502	0.02273	0.17800	0.04794	0.01107	0.00746	0.00243	0.00748	0.00976	0.03342	0.00812
14	0.01173	0.00893	0.01144	0.01117	0.01279	0.01013	0.00855	0.01671	0.11536	0.01999	0.02614	0.09319	0.06890	0.06008	0.35140	0.00690	0.05221	0.00922	0.09809	0.00706
15	0.00873	0.00654	0.00811	0.00916	0.01018	0.00592	0.00632	0.01029	0.01483	0.01933	0.10393	0.51813	0.21146	0.02059	0.00886	0.00272	0.00394	0.01832	0.00672	0.00592
16	0.37370	0.01210	0.01309	0.01179	0.01386	0.01474	0.00938	0.01675	0.01108	0.02272	0.01077	0.01576	0.00970	0.01455	0.04550	0.19768	0.19138	0.00519	0.00373	0.00654
17	0.08078	0.17492	0.11414	0.15430	0.20568	0.08885	0.04393	0.02178	0.01542	0.02098	0.01197	0.01534	0.00970	0.00659	0.00628	0.00205	0.00907	0.00538	0.00338	0.00946
18	0.01860	0.01715	0.07667	0.06718	0.50669	0.01552	0.01989	0.02285	0.01657	0.11048	0.01786	0.02065	0.04324	0.00726	0.00711	0.00216	0.00813	0.00676	0.00429	0.01094
19	0.01073	0.01002	0.01623	0.01346	0.01665	0.00902	0.17188	0.01367	0.01645	0.02109	0.12967	0.15894	0.35327	0.01530	0.00851	0.00246	0.00573	0.01394	0.00602	0.00695
20	0.01137	0.00905	0.01431	0.01297	0.01457	0.00961	0.08772	0.01330	0.01235	0.01699	0.02266	0.06953	0.04670	0.17448	0.29932	0.07083	0.04306	0.06081	0.00426	0.00612
21	0.01581	0.02629	0.31542	0.11121	0.05579	0.12066	0.07243	0.02122	0.01543	0.02035	0.01567	0.01915	0.04156	0.01140	0.06559	0.00301	0.05019	0.00628	0.00343	0.00912
22	0.16927	0.10293	0.23061	0.05563	0.10621	0.01771	0.14774	0.02149	0.01471	0.02345	0.01252	0.01575	0.00974	0.00823	0.03326	0.00253	0.00954	0.00571	0.00350	0.00945
23	0.01929	0.02149	0.01824	0.01573	0.01893	0.30413	0.01232	0.02147	0.01572	0.01868	0.01194	0.01565	0.01052	0.01319	0.09045	0.00302	0.17891	0.00522	0.00369	0.20140
24	0.01343	0.01311	0.04846	0.15983	0.06043	0.01281	0.06618	0.04899	0.13036	0.02302	0.06234	0.03987	0.24615	0.01182	0.00780	0.00239	0.00667	0.03244	0.00552	0.00837
25	0.01327	0.00664	0.00664	0.00664	0.00830	0.00664	0.00498	0.01659	0.01493	0.02655	0.02323	0.02655	0.01825	0.00830	0.00498	0.00166	0.00332	0.00664	0.78928	0.00664
26	0.00863	0.00662	0.00791	0.00886	0.01007	0.00590	0.00616	0.01015	0.01484	0.01893	0.07442	0.46603	0.29507	0.02043	0.00881	0.00269	0.00391	0.01802	0.00665	0.00590
27	0.01042	0.00727	0.01024	0.01032	0.01123	0.00807	0.00756	0.01200	0.01130	0.01613	0.02029	0.06523	0.02032	0.17992	0.47588	0.07217	0.01444	0.00860	0.03289	0.00569
28	0.01327	0.00664	0.00664	0.00664	0.00830	0.00664	0.00498	0.01659	0.01493	0.02655	0.02323	0.02655	0.01825	0.00830	0.00498	0.00166	0.00332	0.00664	0.78928	0.00664
29	0.05176	0.20726	0.05376	0.01329	0.01662	0.09988	0.03532	0.01869	0.01439	0.01930	0.01728	0.06485	0.01699	0.10297	0.01185	0.00275	0.08953	0.05864	0.09727	0.00760
30	0.01540	0.01490	0.02605	0.39885	0.31265	0.01644	0.07326	0.02004	0.01524	0.02061	0.01309	0.01845	0.01032	0.00672	0.00719	0.00227	0.00928	0.00650	0.00334	0.00940
31	0.04407	0.01167	0.01505	0.16117	0.02178	0.03324	0.03527	0.03549	0.07124	0.02229	0.09997	0.09839	0.13002	0.01405	0.04794	0.00282	0.05334	0.00969	0.03064	0.06185
32	0.01246	0.00855	0.00948	0.00885	0.00957	0.00882	0.00548	0.09495	0.01327	0.01772	0.02176	0.04288	0.02415	0.65634	0.03257	0.00630	0.00702	0.00986	0.00467	0.00530
33	0.05446	0.01606	0.02243	0.10849	0.27747	0.01694	0.01637	0.21958	0.02132	0.10984	0.01738	0.05725	0.01384	0.00825	0.00709	0.00221	0.00775	0.00710	0.00538	0.01079
34	0.11526	0.12498	0.02014	0.01355	0.01851	0.01995	0.01138	0.37075	0.07858	0.03569	0.01691	0.01756	0.01270	0.00801	0.00616	0.00202	0.00678	0.00588	0.10479	0.01039
35	0.01047	0.00864	0.01184	0.01117	0.01284	0.00869	0.04480	0.01346	0.04082	0.02218	0.24587	0.26524	0.17569	0.01681	0.00994	0.00257	0.07116	0.01456	0.00653	0.00671
36	0.01429	0.01295	0.04753	0.15816	0.14854	0.01307	0.06842	0.04063	0.01485	0.04761	0.01822	0.05910	0.01627	0.02404	0.25114	0.00547	0.01224	0.03495	0.00415	0.00839
37	0.06183	0.04313	0.01773	0.01298	0.01850	0.01287	0.01081	0.11513	0.02146	0.57101	0.02524	0.02231	0.01619	0.00858	0.00694	0.00217	0.00632	0.00680	0.00819	0.01182
38	0.01605	0.00915	0.01174	0.01065	0.01330	0.00867	0.00812	0.02071	0.09254	0.19482	0.34193	0.16863	0.04636	0.01401	0.00809	0.00237	0.00441	0.01228	0.00779	0.00838
39	0.01333	0.01251	0.02152	0.12523	0.02513	0.04173	0.21708	0.01619	0.01463	0.01906	0.02287	0.24280	0.02381	0.01447	0.01088	0.10232	0.00817	0.05657	0.00459	0.00710
40	0.01847	0.12774	0.02885	0.07762	0.02613	0.02102	0.17855	0.11878	0.01683	0.04517	0.01271	0.01663	0.01037	0.00878	0.01260	0.00246	0.25758	0.00647	0.00401	0.00923
41	0.01558	0.01558	0.02181	0.01869	0.01869	0.02181	0.01558	0.01714	0.01091	0.01714	0.00935	0.01558	0.00935	0.01246	0.02337	0.00312	0.73672	0.00623	0.00312	0.00779
42	0.01147	0.00820	0.01147	0.01311	0.01475	0.00820	0.01147	0.01475	0.01639	0.02131	0.03770	0.08032	0.04098	0.01967	0.00984	0.00328	0.00656	0.65741	0.00656	0.00656
43	0.01311	0.06759	0.12666	0.01844	0.07658	0.01309	0.17672	0.01737	0.01658	0.02213	0.13299	0.05744	0.20905	0.01119	0.00780	0.00229	0.00737	0.01026	0.00501	0.00832
44	0.04985	0.11486	0.02525	0.01698	0.02226	0.01742	0.18944	0.17864	0.04865	0.09796	0.01786	0.01952	0.01327	0.00749	0.00664	0.00206	0.00774	0.00668	0.14756	0.00985
45	0.01694	0.01582	0.02675	0.03479	0.46633	0.01579	0.09704	0.07345	0.01729	0.02419	0.01770	0.12708	0.01667	0.00888	0.00752	0.00227	0.00818	0.00868	0.00429	0.01032
46	0.33476	0.01637	0.02307	0.10269	0.02640	0.01766	0.20886	0.14098	0.01763	0.02996	0.01287	0.01571	0.00964	0.00684	0.00640	0.00227	0.00833	0.00596	0.00451	0.00909
47	0.01558	0.01558	0.02181	0.01869	0.01869	0.02181	0.01558	0.01714	0.01091	0.01714	0.00935	0.01558	0.00935	0.01246	0.02337	0.00312	0.73672	0.00623	0.00312	0.00779
48	0.01585	0.01413	0.01791	0.12192	0.02266	0.01676	0.04270	0.02792	0.37965	0.02399	0.02223	0.02587	0.01809	0.09747	0.01309	0.00304	0.11403	0.00782	0.00552	0.00936
49	0.01600	0.01547	0.02811	0.03326	0.38114	0.01517	0.18153	0.02045	0.01640	0.02270	0.01926	0.03250	0.01802	0.00934	0.00803	0.00245	0.00889	0.15726	0.00424	0.00978
50	0.00888	0.00664	0.00828	0.00931	0.01038	0.00604	0.00654	0.01056	0.01505	0.01966	0.11734	0.48427	0.20333	0.02037	0.00889	0.00272	0.00403	0.04500	0.00674	0.00597
51	0.20000	0.02024	0.01917	0.11015	0.10392	0.22538	0.01418	0.02209	0.01516	0.02178	0.01102	0.01448	0.00922	0.00786	0.00914	0.00222	0.14114	0.00513	0.00368	0.04402
52	0.01821	0.25699	0.02171	0.01236	0.01620	0.01787	0.01036	0.08176	0.16864	0.06386	0.01701	0.01942	0.01397	0.01403	0.04387	0.19729	0.00726	0.00597	0.00476	0.00845

[dist]
# distance from previous block
# <min> <max>
4	13

[block]
# block no. 5 follows, 29 sequences, length 23
# corresponding to MSA columns:
# 424-446
name=unknown_F
#
# <colnr> <probs for GDERKNQSTAVLIFYWHMCP>
#	G	D	E	R	K	N	Q	S	T	A	V	L	I	F	Y	W	H	M	C	P
0	0.01483	0.06117	0.36315	0.01670	0.02333	0.01378	0.06476	0.02000	0.01484	0.07703	0.01961	0.11161	0.01814	0.10797	0.01114	0.00296	0.00868	0.03706	0.00430	0.00894
1	0.00879	0.00682	0.00804	0.00883	0.01027	0.00607	0.00634	0.01051	0.01530	0.01940	0.09060	0.36846	0.34055	0.01983	0.00879	0.00266	0.00399	0.05210	0.00668	0.00598
2	0.09135	0.02182	0.23231	0.06070	0.02600	0.01646	0.09202	0.11202	0.01786	0.14669	0.01591	0.01783	0.01140	0.00943	0.03378	0.00265	0.07062	0.00621	0.00483	0.01012
3	0.11185	0.01612	0.02571	0.11935	0.11883	0.01661	0.20185	0.13358	0.01873	0.06433	0.01611	0.02167	0.01282	0.00769	0.00724	0.00228	0.00875	0.04805	0.00472	0.04370
4	0.01072	0.00699	0.00824	0.00824	0.00868	0.00721	0.00519	0.01161	0.01117	0.01601	0.02197	0.04069	0.02347	0.53000	0.14867	0.00696	0.00849	0.00938	0.11134	0.00498
5	0.01020	0.00753	0.01095	0.01095	0.01206	0.00863	0.00829	0.01240	0.01130	0.01617	0.01952	0.03045	0.01888	0.14614	0.63027	0.01084	0.01745	0.00799	0.00388	0.00609
6	0.01996	0.66656	0.03523	0.01293	0.01873	0.11235	0.01238	0.02219	0.01516	0.01683	0.01003	0.01159	0.00914	0.00624	0.00479	0.00156	0.00825	0.00390	0.00312	0.00903
7	0.01030	0.00712	0.00886	0.00886	0.00923	0.00750	0.00568	0.01106	0.01068	0.01461	0.02144	0.04107	0.02349	0.54314	0.23957	0.00825	0.01051	0.00955	0.00417	0.00492
8	0.01916	0.01547	0.01865	0.16180	0.05546	0.01738	0.01361	0.26717	0.19066	0.03195	0.07114	0.02568	0.06149	0.00946	0.00732	0.00228	0.00707	0.00780	0.00621	0.01024
9	0.12959	0.06359	0.02206	0.09364	0.20284	0.08677	0.03498	0.09017	0.01794	0.11874	0.01554	0.03883	0.01225	0.00754	0.00653	0.00210	0.00801	0.00619	0.00480	0.03790
10	0.02587	0.01935	0.02070	0.01614	0.02163	0.02152	0.01324	0.59932	0.11770	0.04295	0.01861	0.01831	0.01334	0.00869	0.00714	0.00217	0.00755	0.00662	0.00714	0.01200
11	0.01017	0.00763	0.01144	0.01144	0.01272	0.00890	0.00890	0.01272	0.01144	0.01653	0.01907	0.02797	0.01780	0.05340	0.72153	0.01144	0.01907	0.00763	0.00381	0.00636
12	0.01567	0.01044	0.01622	0.01746	0.13375	0.00996	0.05310	0.01873	0.01705	0.15266	0.20576	0.17243	0.03514	0.01737	0.08762	0.00338	0.00720	0.01125	0.00632	0.00849
13	0.01940	0.12719	0.29573	0.06315	0.09456	0.08865	0.04576	0.04634	0.01696	0.11564	0.01456	0.01630	0.01065	0.00702	0.00661	0.00210	0.00945	0.00559	0.00409	0.01026
14	0.00878	0.00624	0.00823	0.00979	0.01017	0.00585	0.00647	0.00994	0.01344	0.01792	0.03824	0.70331	0.04583	0.06584	0.01071	0.00313	0.00430	0.01965	0.00647	0.00570
15	0.00916	0.00728	0.00878	0.00936	0.01073	0.00689	0.00685	0.01090	0.01514	0.01940	0.09341	0.34728	0.31699	0.01940	0.00954	0.00268	0.04137	0.05226	0.00651	0.00608
16	0.05071	0.01771	0.11826	0.01410	0.04236	0.10519	0.01204	0.02039	0.05676	0.05978	0.06758	0.09741	0.09306	0.01047	0.00697	0.00205	0.00689	0.03262	0.00518	0.18049
17	0.01823	0.06650	0.07244	0.24500	0.19484	0.14687	0.01796	0.06005	0.04458	0.02176	0.01363	0.01722	0.01074	0.00711	0.00672	0.00211	0.00936	0.00586	0.02962	0.00938
18	0.05857	0.01170	0.01593	0.13939	0.10339	0.01251	0.01205	0.10544	0.01636	0.05092	0.02088	0.16656	0.02047	0.08590	0.10486	0.00396	0.00853	0.00945	0.00497	0.04814
19	0.07387	0.01487	0.01627	0.07687	0.06303	0.08363	0.01122	0.09839	0.01885	0.14866	0.06177	0.02614	0.10664	0.00903	0.00675	0.00197	0.00673	0.00725	0.00572	0.16232
20	0.07173	0.12532	0.09941	0.02206	0.18275	0.01752	0.06991	0.08615	0.05954	0.09647	0.01786	0.01926	0.03990	0.00743	0.00657	0.00205	0.00778	0.00628	0.00475	0.05725
21	0.01775	0.05751	0.01923	0.01634	0.05586	0.09116	0.07180	0.12622	0.08485	0.05306	0.05470	0.12806	0.05718	0.01375	0.04716	0.00279	0.00801	0.04861	0.00568	0.04027
22	0.01838	0.04648	0.07788	0.02033	0.17495	0.04269	0.01413	0.14227	0.01985	0.08333	0.12623	0.06294	0.02275	0.01173	0.04677	0.00261	0.00778	0.00787	0.00549	0.06554

[dist]
# distance from previous block
# <min> <max>
1	112

[block]
# block no. 6 follows, 29 sequences, length 13
# corresponding to MSA columns:
# 559-571
name=unknown_G
#
# <colnr> <probs for GDERKNQSTAVLIFYWHMCP>
#	G	D	E	R	K	N	Q	S	T	A	V	L	I	F	Y	W	H	M	C	P
0	0.06229	0.06286	0.01977	0.01636	0.07637	0.07363	0.04940	0.12016	0.01945	0.21087	0.02147	0.02191	0.05471	0.00938	0.02331	0.00225	0.02762	0.00667	0.05464	0.06688
1	0.06318	0.15163	0.19822	0.05541	0.02285	0.11815	0.01545	0.05846	0.04731	0.09656	0.04787	0.06292	0.01572	0.00851	0.00652	0.00210	0.00844	0.00656	0.00467	0.00947
2	0.07205	0.23902	0.28388	0.01621	0.02357	0.04572	0.03846	0.09625	0.01743	0.06038	0.03617	0.01580	0.01178	0.00712	0.00612	0.00201	0.00869	0.00530	0.00409	0.00995
3	0.07022	0.23318	0.07270	0.01440	0.01976	0.14770	0.03273	0.06051	0.01766	0.13278	0.04089	0.01789	0.03094	0.00772	0.00653	0.00191	0.02831	0.00560	0.00475	0.05380
4	0.01720	0.14912	0.26613	0.02062	0.13325	0.10994	0.01817	0.04720	0.04268	0.02177	0.01959	0.02106	0.08760	0.00810	0.00661	0.00207	0.00894	0.00635	0.00391	0.00970
5	0.04388	0.36965	0.10449	0.01368	0.01989	0.02176	0.01328	0.09608	0.09301	0.09659	0.01523	0.01569	0.01179	0.00709	0.00570	0.00184	0.00738	0.00511	0.00467	0.05317
6	0.01748	0.22832	0.18562	0.02102	0.10090	0.07820	0.12403	0.04663	0.01641	0.02118	0.01487	0.05649	0.01321	0.00794	0.00670	0.00210	0.00929	0.03634	0.00374	0.00951
7	0.01276	0.00750	0.01037	0.01022	0.01090	0.00775	0.00717	0.06594	0.01224	0.01649	0.01785	0.13875	0.01856	0.02620	0.10067	0.51185	0.00743	0.00863	0.00408	0.00465
8	0.01682	0.21220	0.46989	0.01809	0.02676	0.09821	0.02144	0.02291	0.01547	0.02056	0.01188	0.01390	0.00907	0.00666	0.00619	0.00203	0.01007	0.00483	0.00309	0.00993
9	0.01956	0.46589	0.02924	0.01358	0.01836	0.19505	0.01208	0.02178	0.01541	0.01688	0.01154	0.01425	0.01044	0.01348	0.11236	0.00308	0.01061	0.00457	0.00331	0.00851
10	0.01200	0.01602	0.16680	0.01172	0.01570	0.06843	0.01125	0.01568	0.01668	0.02206	0.17789	0.07656	0.25039	0.01511	0.04058	0.00268	0.00659	0.01090	0.05555	0.00740
11	0.01946	0.10239	0.04508	0.01338	0.01760	0.07561	0.01123	0.28321	0.02217	0.02885	0.02322	0.02624	0.09727	0.07217	0.08829	0.00346	0.00876	0.00741	0.04508	0.00912
12	0.04868	0.16400	0.15780	0.01918	0.09816	0.10627	0.01627	0.19148	0.08381	0.02757	0.01459	0.01585	0.01124	0.00738	0.00639	0.00203	0.00870	0.00552	0.00464	0.01044

[dist]
# distance from previous block
# <min> <max>
6	48

[block]
# block no. 7 follows, 29 sequences, length 7
# corresponding to MSA columns:
# 628-634
name=unknown_H
#
# <colnr> <probs for GDERKNQSTAVLIFYWHMCP>
#	G	D	E	R	K	N	Q	S	T	A	V	L	I	F	Y	W	H	M	C	P
0	0.01147	0.00869	0.01074	0.07618	0.01507	0.00850	0.00831	0.04503	0.04311	0.04596	0.20076	0.15978	0.27463	0.01589	0.00832	0.00246	0.00468	0.04668	0.00670	0.00703
1	0.00900	0.00643	0.00855	0.00980	0.01034	0.00615	0.00662	0.01041	0.01375	0.01855	0.08698	0.59362	0.04509	0.07472	0.06072	0.00372	0.00531	0.01811	0.00635	0.00579
2	0.02213	0.02026	0.10705	0.11963	0.05786	0.06539	0.07364	0.23234	0.07904	0.12477	0.01766	0.01882	0.01259	0.00786	0.00715	0.00222	0.00870	0.00655	0.00561	0.01074
3	0.02013	0.06649	0.02532	0.02010	0.07107	0.04909	0.18808	0.12438	0.09829	0.11003	0.01991	0.02445	0.01573	0.01050	0.04033	0.00268	0.00894	0.05251	0.04197	0.01001
4	0.01092	0.00784	0.01094	0.10465	0.01555	0.00873	0.00855	0.01318	0.01230	0.01775	0.02167	0.10640	0.02161	0.18729	0.30409	0.00699	0.01140	0.00924	0.11479	0.00610
5	0.61301	0.01865	0.01281	0.01154	0.01576	0.18650	0.00917	0.02275	0.01407	0.02844	0.01018	0.01188	0.00806	0.00679	0.00489	0.00211	0.00728	0.00403	0.00423	0.00784
6	0.01064	0.05743	0.06423	0.01061	0.01242	0.00864	0.00853	0.01224	0.01355	0.01827	0.09153	0.32454	0.07153	0.05690	0.09955	0.10777	0.00697	0.01321	0.00531	0.00611

[dist]
# distance from previous block
# <min> <max>
1	1

[block]
# block no. 8 follows, 29 sequences, length 36
# corresponding to MSA columns:
# 639-648,673-698
name=unknown_I
#
# <colnr> <probs for GDERKNQSTAVLIFYWHMCP>
#	G	D	E	R	K	N	Q	S	T	A	V	L	I	F	Y	W	H	M	C	P
0	0.01696	0.01507	0.02456	0.19494	0.28093	0.01610	0.07578	0.04480	0.05090	0.05788	0.01503	0.01916	0.01192	0.00977	0.04739	0.00274	0.05323	0.00660	0.00407	0.05216
1	0.02679	0.01228	0.01600	0.01203	0.01779	0.01017	0.00986	0.02967	0.01869	0.50400	0.02346	0.02139	0.01550	0.00775	0.00659	0.00186	0.00582	0.00628	0.00743	0.24663
2	0.01393	0.02083	0.25250	0.25216	0.07029	0.01610	0.02017	0.01910	0.01401	0.01982	0.01407	0.02106	0.01174	0.01197	0.06391	0.00317	0.12185	0.04121	0.00336	0.00877
3	0.00879	0.00686	0.00798	0.00848	0.01004	0.00605	0.00606	0.01065	0.01595	0.02041	0.16540	0.30937	0.36061	0.01899	0.00865	0.00255	0.00375	0.01655	0.00682	0.00605
4	0.01999	0.05831	0.01822	0.01515	0.01922	0.13813	0.01208	0.12369	0.38010	0.02824	0.02408	0.02748	0.01949	0.00992	0.00720	0.00232	0.00738	0.07238	0.00632	0.01028
5	0.04162	0.19140	0.40218	0.09193	0.02919	0.01886	0.05930	0.02161	0.01482	0.02116	0.01212	0.01476	0.00921	0.00655	0.00627	0.00207	0.00949	0.00515	0.00316	0.03916
6	0.01637	0.05808	0.09338	0.01355	0.01711	0.12304	0.01154	0.06333	0.14484	0.02177	0.01918	0.02535	0.01677	0.14083	0.15596	0.00477	0.01034	0.00709	0.04844	0.00825
7	0.62777	0.01826	0.01263	0.01136	0.01561	0.17305	0.00906	0.02260	0.01391	0.02871	0.01016	0.01185	0.00804	0.00677	0.00486	0.00212	0.00714	0.00402	0.00424	0.00783
8	0.02350	0.21514	0.02471	0.01681	0.02071	0.47048	0.01355	0.02542	0.01774	0.01722	0.01055	0.01277	0.00918	0.00757	0.00775	0.00189	0.08854	0.00456	0.00345	0.00843
9	0.00868	0.00620	0.00826	0.00991	0.01033	0.00578	0.00661	0.00991	0.01363	0.01818	0.03925	0.74510	0.04710	0.02231	0.00909	0.00289	0.00413	0.02024	0.00661	0.00578
10	0.01607	0.01346	0.02026	0.19813	0.02752	0.01429	0.12379	0.10399	0.10290	0.06342	0.08430	0.05334	0.12688	0.01034	0.00772	0.00235	0.00742	0.00930	0.00560	0.00891
11	0.00868	0.00620	0.00826	0.00991	0.01033	0.00578	0.00661	0.00991	0.01363	0.01818	0.03925	0.74510	0.04710	0.02231	0.00909	0.00289	0.00413	0.02024	0.00661	0.00578
12	0.01477	0.01266	0.01477	0.01055	0.01687	0.00949	0.00844	0.01793	0.01477	0.02320	0.01266	0.01477	0.01055	0.00527	0.00527	0.00105	0.00527	0.00422	0.00422	0.79328
13	0.10420	0.25454	0.02457	0.01539	0.02001	0.39085	0.01263	0.06500	0.01838	0.02038	0.01092	0.01253	0.00919	0.00695	0.00568	0.00179	0.01016	0.00438	0.00376	0.00871
14	0.80005	0.01377	0.01047	0.00936	0.01377	0.01597	0.00771	0.02093	0.01212	0.03195	0.00991	0.01157	0.00771	0.00661	0.00441	0.00220	0.00551	0.00386	0.00441	0.00771
15	0.01944	0.01617	0.02652	0.21846	0.23138	0.01701	0.12852	0.13369	0.01913	0.09647	0.01551	0.01885	0.01152	0.00712	0.00732	0.00224	0.00898	0.00678	0.00459	0.01032
16	0.01428	0.03683	0.71286	0.02030	0.03082	0.01654	0.02631	0.02255	0.01503	0.02255	0.01278	0.01503	0.00902	0.00677	0.00677	0.00226	0.01052	0.00526	0.00301	0.01052
17	0.01917	0.00922	0.01236	0.01061	0.01379	0.00822	0.00829	0.02209	0.01968	0.31488	0.35973	0.10166	0.04454	0.01282	0.00794	0.00228	0.00456	0.01111	0.00814	0.00891
18	0.01171	0.00758	0.00948	0.00908	0.01112	0.00678	0.00677	0.01428	0.01815	0.09503	0.37058	0.16940	0.21092	0.01609	0.00839	0.00238	0.00383	0.01403	0.00744	0.00695
19	0.01900	0.02128	0.02130	0.01859	0.01972	0.23890	0.01501	0.02064	0.01378	0.01723	0.00986	0.01473	0.00929	0.01087	0.01811	0.00272	0.51202	0.00572	0.00329	0.00793
20	0.01345	0.01266	0.02136	0.73264	0.04904	0.01582	0.01978	0.01819	0.01424	0.01819	0.01266	0.01898	0.00949	0.00712	0.00712	0.00237	0.00949	0.00633	0.00316	0.00791
21	0.02048	0.23487	0.11426	0.02069	0.13707	0.09748	0.01636	0.16786	0.01934	0.02490	0.01251	0.01469	0.01016	0.00745	0.00768	0.00202	0.07266	0.00529	0.00410	0.01012
22	0.01079	0.00876	0.01130	0.01116	0.01235	0.00949	0.00844	0.01385	0.05208	0.02179	0.22318	0.28185	0.12430	0.01719	0.01113	0.00268	0.12635	0.04018	0.00640	0.00674
23	0.03072	0.01410	0.01775	0.01361	0.01916	0.01340	0.01124	0.19811	0.02369	0.54218	0.02531	0.02243	0.01623	0.00875	0.00715	0.00219	0.00651	0.00697	0.00839	0.01212
24	0.01028	0.00742	0.01076	0.01070	0.01195	0.00821	0.00818	0.01229	0.01244	0.01754	0.09422	0.03246	0.06395	0.04417	0.53078	0.09066	0.01513	0.00849	0.00434	0.00604
25	0.01170	0.00769	0.00900	0.00842	0.01052	0.00684	0.00616	0.01379	0.01692	0.09269	0.25853	0.05543	0.31763	0.13815	0.01293	0.00308	0.00433	0.01275	0.00684	0.00658
