[name]
unknown

[dist]
# distance from previous block
# <min> <max>
0	147

[block]
# block no. 0 follows, 26 sequences, length 26
# corresponding to MSA columns:
# 201-226
name=unknown_A
#
# <colnr> <probs for GDERKNQSTAVLIFYWHMCP>
#	G	D	E	R	K	N	Q	S	T	A	V	L	I	F	Y	W	H	M	C	P
0	0.01854	0.04778	0.04620	0.04972	0.05893	0.01401	0.03612	0.12390	0.03913	0.08077	0.02404	0.06950	0.02135	0.01106	0.00752	0.00233	0.00698	0.11617	0.13485	0.09109
1	0.01897	0.07259	0.06086	0.05626	0.02316	0.10958	0.07935	0.08889	0.07734	0.05702	0.02294	0.06956	0.02112	0.04785	0.05372	0.00338	0.00976	0.11289	0.00549	0.00928
2	0.06622	0.16282	0.02736	0.01933	0.07858	0.02018	0.10892	0.16252	0.08328	0.06233	0.04894	0.01998	0.01565	0.00795	0.00695	0.00211	0.00805	0.00673	0.00550	0.08660
3	0.01781	0.04803	0.02134	0.25397	0.10378	0.01626	0.01564	0.11375	0.01837	0.05435	0.01752	0.07585	0.01536	0.04975	0.00977	0.00256	0.03640	0.00775	0.00480	0.11695
4	0.04327	0.00877	0.01017	0.01027	0.01248	0.00809	0.00758	0.04394	0.01694	0.02299	0.08391	0.33926	0.22084	0.01879	0.00881	0.00267	0.00471	0.05252	0.00681	0.07719
5	0.02036	0.02039	0.04804	0.05175	0.02042	0.21957	0.01230	0.05526	0.12245	0.08050	0.15103	0.03181	0.06858	0.05298	0.00953	0.00259	0.00838	0.00868	0.00617	0.00921
6	0.00987	0.00687	0.00862	0.00976	0.01004	0.00658	0.00618	0.01073	0.01330	0.01773	0.03551	0.48998	0.04223	0.27309	0.01984	0.00458	0.00544	0.01786	0.00618	0.00561
7	0.02425	0.02021	0.02247	0.01804	0.02347	0.05964	0.06720	0.34542	0.26628	0.03832	0.02224	0.02183	0.01636	0.00924	0.00771	0.00239	0.00816	0.00754	0.00712	0.01212
8	0.01927	0.13110	0.09110	0.05243	0.02350	0.01855	0.04258	0.17590	0.02047	0.02827	0.01762	0.01952	0.04887	0.00811	0.00770	0.00196	0.04933	0.00619	0.00491	0.23262
9	0.02143	0.05132	0.35253	0.02069	0.02948	0.01722	0.12215	0.08015	0.01929	0.18517	0.01806	0.01912	0.01238	0.00773	0.00754	0.00238	0.00998	0.00667	0.00515	0.01155
10	0.01566	0.03609	0.58545	0.02335	0.03397	0.01788	0.13355	0.02407	0.01633	0.02407	0.01390	0.01676	0.00993	0.00707	0.00750	0.00243	0.01147	0.00617	0.00331	0.01105
11	0.01490	0.13383	0.01683	0.01201	0.01484	0.09323	0.00950	0.05056	0.01840	0.02326	0.19733	0.16347	0.10492	0.01956	0.09037	0.00351	0.00793	0.01172	0.00605	0.00778
12	0.01883	0.11136	0.19180	0.01742	0.02379	0.05719	0.07449	0.06108	0.09893	0.08120	0.08291	0.05585	0.02166	0.00983	0.00755	0.00234	0.00854	0.03681	0.00549	0.03294
13	0.01314	0.00857	0.01105	0.06883	0.01498	0.00914	0.00847	0.01683	0.05493	0.04877	0.02697	0.17957	0.02622	0.10304	0.16330	0.00509	0.00864	0.01092	0.21436	0.00719
14	0.01065	0.00786	0.01140	0.01162	0.01273	0.00886	0.00872	0.01293	0.01238	0.01756	0.02339	0.12084	0.02374	0.11520	0.55335	0.01058	0.01709	0.01011	0.00449	0.00649
15	0.05395	0.04883	0.13642	0.13612	0.10238	0.01642	0.01703	0.06090	0.13244	0.02659	0.07977	0.05064	0.02266	0.01046	0.00776	0.00252	0.00799	0.07181	0.00537	0.00992
16	0.02112	0.02197	0.02502	0.06244	0.17497	0.18236	0.07514	0.06545	0.17039	0.02526	0.01735	0.01974	0.01375	0.00864	0.00931	0.00241	0.08230	0.00692	0.00488	0.01057
17	0.01013	0.00667	0.00898	0.01022	0.01069	0.00628	0.00685	0.01042	0.01362	0.01800	0.03741	0.52346	0.08187	0.02407	0.01426	0.18275	0.00487	0.01774	0.00617	0.00551
18	0.01141	0.00729	0.00961	0.00973	0.01007	0.00758	0.00638	0.01130	0.01123	0.01529	0.02154	0.08161	0.02343	0.35537	0.18843	0.20065	0.00998	0.00992	0.00430	0.00487
19	0.01744	0.01670	0.01876	0.11850	0.07521	0.13383	0.04462	0.08899	0.06151	0.02559	0.13446	0.17692	0.03039	0.01264	0.00820	0.00248	0.00800	0.01101	0.00587	0.00886
20	0.01468	0.01739	0.15870	0.10360	0.05486	0.01282	0.09048	0.01971	0.03723	0.06939	0.03338	0.15650	0.14434	0.01314	0.00843	0.00263	0.00791	0.04040	0.00546	0.00897
21	0.01808	0.01183	0.01170	0.01057	0.01338	0.09019	0.00806	0.02047	0.01841	0.15294	0.14944	0.03843	0.14177	0.01328	0.00926	0.06752	0.00562	0.00961	0.20146	0.00798
22	0.09690	0.43124	0.03391	0.01614	0.02172	0.02424	0.12389	0.02158	0.01528	0.02078	0.01419	0.07910	0.01358	0.00850	0.00717	0.00209	0.04994	0.00665	0.00384	0.00926
23	0.16559	0.01651	0.01960	0.24630	0.10790	0.09260	0.01562	0.02142	0.03607	0.02336	0.01551	0.07805	0.01382	0.00921	0.00836	0.00243	0.06411	0.00722	0.00424	0.05211
24	0.01530	0.09822	0.04951	0.11075	0.02319	0.01528	0.08924	0.07168	0.04826	0.02209	0.04627	0.06317	0.02069	0.18160	0.10799	0.00482	0.01009	0.00891	0.00472	0.00820
25	0.39767	0.09292	0.06927	0.01387	0.01907	0.09113	0.01229	0.10320	0.01740	0.05726	0.01261	0.01428	0.00976	0.00783	0.00689	0.00229	0.05306	0.00494	0.00481	0.00943

[dist]
# distance from previous block
# <min> <max>
0	16

[block]
# block no. 1 follows, 26 sequences, length 63
# corresponding to MSA columns:
# 243-305
name=unknown_B
#
# <colnr> <probs for GDERKNQSTAVLIFYWHMCP>
#	G	D	E	R	K	N	Q	S	T	A	V	L	I	F	Y	W	H	M	C	P
0	0.01872	0.13594	0.10760	0.01412	0.01859	0.07585	0.01259	0.12532	0.05634	0.04339	0.01869	0.02617	0.01671	0.18063	0.07817	0.00424	0.00960	0.00728	0.04104	0.00900
1	0.34659	0.01632	0.04014	0.01200	0.01603	0.08367	0.01001	0.03911	0.01567	0.02739	0.02595	0.02704	0.15464	0.01037	0.00794	0.00235	0.07185	0.00726	0.03459	0.05109
2	0.01408	0.01044	0.01343	0.04774	0.01645	0.01038	0.00951	0.04629	0.04104	0.04415	0.07808	0.05839	0.02447	0.10082	0.22211	0.00568	0.01043	0.03786	0.03487	0.17380
3	0.01352	0.01077	0.03832	0.01493	0.09765	0.00906	0.01020	0.01634	0.01749	0.08422	0.12427	0.19588	0.23712	0.01618	0.00864	0.00255	0.00533	0.04222	0.00673	0.04859
4	0.01974	0.31046	0.08382	0.01417	0.01948	0.04802	0.01302	0.15180	0.05339	0.02559	0.05175	0.05466	0.01827	0.09311	0.01021	0.00266	0.00803	0.00715	0.00498	0.00969
5	0.68024	0.01769	0.01260	0.01132	0.01590	0.11356	0.00912	0.02342	0.01412	0.03185	0.01073	0.01251	0.00843	0.00715	0.00500	0.00229	0.00697	0.00422	0.00458	0.00830
6	0.02065	0.20109	0.05856	0.01867	0.11324	0.06254	0.01429	0.07788	0.01929	0.11072	0.05240	0.02983	0.04626	0.00999	0.00720	0.00221	0.00789	0.08700	0.00547	0.05483
7	0.02068	0.05181	0.01757	0.01507	0.04885	0.04618	0.01146	0.09693	0.19416	0.15122	0.11868	0.03667	0.10211	0.01179	0.00794	0.00243	0.00642	0.04217	0.00739	0.01046
8	0.11119	0.01382	0.01644	0.01348	0.01860	0.01378	0.01089	0.03530	0.20316	0.40557	0.05660	0.02639	0.02116	0.00965	0.00739	0.00241	0.00614	0.00777	0.00836	0.01189
9	0.02827	0.01521	0.01950	0.13136	0.02559	0.01559	0.01350	0.21892	0.02450	0.35658	0.02345	0.02273	0.01561	0.00898	0.00750	0.00233	0.00749	0.00722	0.04377	0.01188
10	0.02000	0.01708	0.10130	0.22737	0.02965	0.04651	0.01567	0.08912	0.01890	0.16746	0.04539	0.08002	0.01921	0.07648	0.01058	0.00290	0.00850	0.00853	0.00569	0.00964
11	0.01037	0.00707	0.00847	0.00912	0.00928	0.00691	0.00550	0.01086	0.01232	0.01643	0.03054	0.30127	0.03595	0.47037	0.02788	0.00577	0.00626	0.01493	0.00550	0.00518
12	0.01003	0.00697	0.00873	0.00982	0.01014	0.00671	0.00631	0.01093	0.01331	0.01772	0.03495	0.44707	0.04135	0.29296	0.02069	0.00472	0.00562	0.04029	0.00611	0.00560
13	0.01640	0.02067	0.13821	0.33991	0.13784	0.04559	0.14898	0.02213	0.01641	0.02187	0.01392	0.01910	0.01057	0.00717	0.00775	0.00245	0.01081	0.00692	0.00351	0.00978
14	0.02109	0.01981	0.02202	0.11311	0.15630	0.11542	0.01614	0.12633	0.27067	0.02933	0.02075	0.02180	0.01584	0.00872	0.00752	0.00237	0.00856	0.00720	0.00582	0.01123
15	0.02907	0.02087	0.02253	0.01727	0.02333	0.02296	0.01427	0.63238	0.03503	0.07715	0.01874	0.01856	0.01317	0.00912	0.00759	0.00228	0.00826	0.00687	0.00767	0.01290
16	0.67028	0.04664	0.01366	0.04631	0.01730	0.01795	0.00943	0.05922	0.01445	0.03338	0.01115	0.01306	0.00865	0.00716	0.00502	0.00232	0.00632	0.00440	0.00473	0.00856
17	0.00927	0.00677	0.00872	0.01019	0.01093	0.00623	0.00690	0.01074	0.01511	0.01992	0.07053	0.62642	0.12456	0.02292	0.00957	0.00299	0.00430	0.02062	0.00709	0.00623
18	0.02113	0.14452	0.02216	0.01348	0.01994	0.01767	0.01139	0.21088	0.02182	0.05593	0.01499	0.01622	0.01175	0.00695	0.00615	0.00160	0.00690	0.00523	0.00538	0.38591
19	0.01771	0.25406	0.05894	0.11563	0.07658	0.08040	0.09851	0.02130	0.01644	0.02015	0.02139	0.02397	0.10496	0.00898	0.00798	0.00221	0.05037	0.00724	0.00397	0.00922
20	0.02359	0.32969	0.14808	0.01593	0.02311	0.02189	0.04535	0.08519	0.01911	0.19476	0.01698	0.01729	0.01240	0.00759	0.00643	0.00205	0.00847	0.00573	0.00524	0.01112
21	0.01350	0.00882	0.01076	0.01022	0.01264	0.00820	0.00766	0.01760	0.07011	0.10622	0.29292	0.17403	0.20461	0.01672	0.00883	0.00256	0.00433	0.01452	0.00788	0.00787
22	0.00924	0.00660	0.00880	0.01056	0.01100	0.00616	0.00704	0.01056	0.01452	0.01936	0.04181	0.72848	0.05017	0.02376	0.00968	0.00308	0.00440	0.02156	0.00704	0.00616
23	0.01414	0.01262	0.01738	0.05214	0.01753	0.01636	0.01257	0.01572	0.01203	0.01752	0.01674	0.03124	0.01767	0.21905	0.08849	0.00522	0.37810	0.04448	0.00396	0.00705
24	0.02318	0.22801	0.19027	0.01755	0.02494	0.05400	0.05074	0.18448	0.02182	0.11233	0.01596	0.01684	0.01173	0.00774	0.00677	0.00213	0.00922	0.00587	0.00516	0.01126
25	0.00907	0.00769	0.00783	0.00779	0.01031	0.00645	0.00584	0.01108	0.01753	0.02107	0.11196	0.07205	0.64755	0.01899	0.00896	0.00255	0.00383	0.01588	0.00712	0.00645
26	0.01318	0.00659	0.00988	0.00988	0.00988	0.00659	0.00659	0.00988	0.00988	0.01318	0.01318	0.02306	0.01318	0.02635	0.02964	0.77931	0.00659	0.00659	0.00329	0.00329
27	0.05105	0.02693	0.25620	0.11266	0.03205	0.05927	0.09463	0.22055	0.02239	0.03087	0.01499	0.01748	0.01087	0.00778	0.00746	0.00237	0.01029	0.00642	0.00475	0.01099
28	0.00981	0.00764	0.00942	0.00991	0.01125	0.00737	0.00712	0.01165	0.01561	0.02036	0.11099	0.31316	0.25882	0.05776	0.08322	0.00399	0.03241	0.01650	0.00661	0.00641
29	0.09894	0.01284	0.01557	0.01254	0.01723	0.01238	0.01017	0.11750	0.02249	0.36179	0.16661	0.03023	0.02835	0.01041	0.00751	0.00232	0.00590	0.00846	0.04787	0.01092
30	0.02028	0.73799	0.03975	0.01298	0.01947	0.03001	0.01298	0.02271	0.01541	0.01785	0.01055	0.01217	0.00973	0.00649	0.00487	0.00162	0.00811	0.00406	0.00324	0.00973
31	0.01630	0.01228	0.01596	0.01681	0.12044	0.01167	0.01104	0.05100	0.09553	0.08470	0.21809	0.05720	0.11445	0.01184	0.00790	0.00222	0.00556	0.01024	0.00681	0.12993
32	0.06368	0.05965	0.24929	0.05788	0.08479	0.10853	0.07569	0.02646	0.09113	0.05055	0.01566	0.01797	0.01187	0.00791	0.00811	0.00238	0.04741	0.00627	0.00426	0.01050
33	0.19745	0.06569	0.02060	0.01825	0.05009	0.45139	0.01359	0.02721	0.01859	0.02226	0.01143	0.01366	0.00953	0.00779	0.00716	0.00210	0.04553	0.00483	0.00402	0.00883
34	0.01799	0.02123	0.16814	0.14500	0.17227	0.01793	0.01951	0.10773	0.15401	0.02777	0.01952	0.06150	0.01579	0.00902	0.00764	0.00245	0.00871	0.00775	0.00507	0.01099
35	0.78701	0.01467	0.01115	0.00997	0.01467	0.01702	0.00821	0.02230	0.01291	0.03403	0.01056	0.01232	0.00821	0.00704	0.00469	0.00235	0.00587	0.00411	0.00469	0.00821
36	0.01538	0.01804	0.12927	0.07159	0.02418	0.07160	0.11511	0.01957	0.01661	0.05522	0.05422	0.06716	0.10526	0.05506	0.10769	0.00414	0.01061	0.04583	0.00498	0.00849
37	0.00923	0.00666	0.00874	0.01042	0.01096	0.00617	0.00698	0.01058	0.01466	0.01942	0.04358	0.69523	0.08227	0.02353	0.00965	0.00305	0.00437	0.02128	0.00704	0.00617
38	0.05025	0.48390	0.05744	0.01435	0.02038	0.08999	0.01345	0.05563	0.10931	0.02211	0.01399	0.01501	0.01171	0.00732	0.00566	0.00187	0.00838	0.00496	0.00419	0.01011
39	0.01363	0.00902	0.01163	0.04682	0.01414	0.00931	0.00818	0.05194	0.01540	0.07258	0.08380	0.13729	0.05698	0.26248	0.16697	0.00623	0.00937	0.01160	0.00573	0.00690
40	0.01912	0.05942	0.17485	0.13426	0.02934	0.05409	0.05480	0.18950	0.02137	0.02869	0.04284	0.05288	0.01556	0.01106	0.03985	0.00276	0.00987	0.00733	0.00495	0.04745
41	0.18043	0.17579	0.11912	0.01456	0.02093	0.05102	0.01386	0.08233	0.05239	0.19518	0.01763	0.01761	0.01265	0.00792	0.00634	0.00219	0.00785	0.00570	0.00572	0.01078
42	0.01103	0.00735	0.00827	0.00827	0.00827	0.00735	0.00460	0.01103	0.01103	0.01471	0.02390	0.04964	0.02758	0.73343	0.03861	0.00735	0.00735	0.01103	0.00460	0.00460
43	0.18423	0.01002	0.01045	0.00932	0.01225	0.01015	0.00705	0.02150	0.01554	0.16953	0.02264	0.02856	0.01850	0.15259	0.01229	0.00313	0.00542	0.00734	0.29142	0.00808
44	0.01361	0.01243	0.01385	0.06781	0.04807	0.08959	0.04264	0.01659	0.01794	0.02326	0.14868	0.09376	0.24510	0.01395	0.00806	0.00237	0.00613	0.01192	0.11672	0.00750
45	0.02386	0.00992	0.01222	0.01021	0.01398	0.00906	0.00816	0.02710	0.01874	0.35225	0.02727	0.02708	0.01912	0.00911	0.00644	0.00205	0.00496	0.00734	0.40121	0.00992
46	0.01344	0.00721	0.00779	0.00808	0.00973	0.00715	0.00615	0.01679	0.01612	0.02710	0.04974	0.09244	0.02597	0.01141	0.00626	0.00206	0.00393	0.06630	0.61534	0.00699
47	0.01365	0.01247	0.02058	0.59760	0.04540	0.01519	0.01874	0.01834	0.01587	0.02066	0.09248	0.06037	0.01927	0.00932	0.00785	0.00254	0.00906	0.00830	0.00413	0.00816
48	0.00939	0.00670	0.00897	0.01073	0.01123	0.00629	0.00729	0.01081	0.01466	0.01952	0.04173	0.69742	0.04985	0.02363	0.00972	0.00310	0.00453	0.05120	0.00704	0.00620
49	0.00999	0.00772	0.00910	0.00876	0.01087	0.00684	0.00657	0.01286	0.01970	0.02622	0.42595	0.06357	0.33036	0.01707	0.00895	0.00246	0.00369	0.01469	0.00780	0.00684
50	0.08214	0.01438	0.01802	0.01391	0.01973	0.01354	0.01149	0.13757	0.02341	0.54387	0.02676	0.02370	0.01713	0.00919	0.00743	0.00234	0.00672	0.00727	0.00879	0.01260
51	0.01389	0.01244	0.01714	0.01544	0.01574	0.01627	0.01216	0.01540	0.01176	0.01744	0.01662	0.06356	0.01756	0.17352	0.16215	0.00592	0.39332	0.00864	0.00393	0.00711
52	0.02395	0.01074	0.01456	0.01213	0.01613	0.00981	0.00968	0.02679	0.01936	0.40353	0.13904	0.03485	0.06004	0.04688	0.13241	0.00430	0.00834	0.00927	0.00798	0.01023
53	0.01790	0.02046	0.04476	0.03197	0.03964	0.01918	0.65857	0.02430	0.01790	0.02430	0.01535	0.02046	0.01151	0.00639	0.00895	0.00256	0.01279	0.00895	0.00384	0.01023
54	0.02038	0.02166	0.02184	0.05401	0.02375	0.24339	0.09220	0.09705	0.01976	0.02321	0.02171	0.06191	0.05988	0.01378	0.04655	0.00303	0.09343	0.06876	0.00490	0.00881
55	0.26569	0.02219	0.16183	0.01581	0.02048	0.11083	0.01497	0.02171	0.01442	0.02453	0.01281	0.01677	0.01071	0.01606	0.11866	0.00401	0.13026	0.00559	0.00394	0.00873
56	0.21147	0.01797	0.01763	0.01691	0.06903	0.13936	0.04556	0.05956	0.05071	0.02668	0.01913	0.07994	0.01799	0.03180	0.00797	0.00248	0.00806	0.07431	0.00516	0.09828
57	0.01642	0.06696	0.08240	0.01435	0.05339	0.04754	0.01174	0.01991	0.01670	0.05971	0.05284	0.09277	0.06870	0.00949	0.00680	0.00181	0.00662	0.00787	0.00510	0.35886
58	0.01190	0.00959	0.01383	0.01289	0.01449	0.00975	0.06765	0.04339	0.01578	0.02130	0.08983	0.33388	0.08753	0.13151	0.05132	0.00405	0.05303	0.01530	0.00611	0.00688
59	0.02146	0.01574	0.01821	0.01473	0.01958	0.05195	0.03616	0.16995	0.05568	0.13415	0.05562	0.06088	0.05426	0.01077	0.00831	0.00223	0.03534	0.05220	0.00664	0.17616
60	0.02073	0.01847	0.05410	0.06646	0.04992	0.10320	0.03939	0.15050	0.04555	0.09560	0.04388	0.10294	0.05153	0.01139	0.00855	0.00242	0.03551	0.03918	0.00604	0.05463
61	0.01935	0.15270	0.16466	0.14754	0.05520	0.04967	0.07254	0.05797	0.04824	0.07537	0.01527	0.01794	0.01159	0.00771	0.00781	0.00226	0.04191	0.00619	0.00433	0.04174
62	0.01882	0.16026	0.02249	0.01523	0.04351	0.01558	0.06758	0.05493	0.01789	0.11971	0.05325	0.11548	0.03980	0.01089	0.00787	0.00220	0.03393	0.03201	0.06587	0.10273

[dist]
# distance from previous block
# <min> <max>
1	15

[block]
# block no. 2 follows, 26 sequences, length 15
# corresponding to MSA columns:
# 321-335
name=unknown_C
#
# <colnr> <probs for GDERKNQSTAVLIFYWHMCP>
#	G	D	E	R	K	N	Q	S	T	A	V	L	I	F	Y	W	H	M	C	P
0	0.06686	0.02412	0.01878	0.01660	0.02039	0.32030	0.01281	0.10549	0.09103	0.07845	0.05554	0.07505	0.01882	0.01032	0.00838	0.00231	0.05186	0.00759	0.00570	0.00961
1	0.01943	0.01525	0.05848	0.06315	0.18465	0.01376	0.01467	0.05971	0.07520	0.15546	0.09140	0.03239	0.12029	0.01041	0.00779	0.00232	0.00694	0.00894	0.00631	0.05346
2	0.01302	0.01601	0.14043	0.01475	0.03504	0.01122	0.05907	0.01840	0.06028	0.02457	0.14873	0.08144	0.18820	0.01315	0.00822	0.00239	0.00651	0.04581	0.00596	0.10679
3	0.01815	0.01497	0.01702	0.01253	0.01902	0.01289	0.01009	0.13075	0.05451	0.02907	0.01523	0.01683	0.01216	0.00647	0.00607	0.00140	0.00611	0.00512	0.00520	0.60641
4	0.01895	0.06472	0.25636	0.01775	0.05457	0.08882	0.01726	0.02382	0.01714	0.10672	0.01815	0.08900	0.01535	0.00883	0.00702	0.00210	0.00873	0.00713	0.00475	0.17287
5	0.01918	0.01353	0.06107	0.05870	0.14079	0.01233	0.01336	0.02304	0.01746	0.17419	0.07996	0.02665	0.02081	0.01193	0.04685	0.00280	0.04868	0.00765	0.21134	0.00970
6	0.01154	0.01003	0.01023	0.01145	0.01227	0.08614	0.00777	0.01285	0.01511	0.01899	0.03728	0.60587	0.04418	0.06442	0.01109	0.00321	0.00564	0.01902	0.00654	0.00637
7	0.01874	0.01339	0.01604	0.01161	0.01820	0.01028	0.00934	0.02203	0.01671	0.13424	0.01618	0.01739	0.01247	0.00624	0.00595	0.00132	0.00575	0.00501	0.00530	0.65381
8	0.01624	0.01399	0.01744	0.01491	0.01797	0.06113	0.07591	0.14386	0.01925	0.02533	0.06593	0.07578	0.09865	0.08587	0.20303	0.00557	0.03534	0.00998	0.00553	0.00829
9	0.01082	0.00726	0.00834	0.00854	0.00860	0.00721	0.00489	0.01097	0.01144	0.01526	0.02602	0.13000	0.03025	0.64942	0.03518	0.00685	0.00700	0.01228	0.00489	0.00478
10	0.02437	0.29042	0.02746	0.01553	0.02058	0.19556	0.01326	0.11312	0.02061	0.10337	0.05281	0.01783	0.01483	0.00845	0.00749	0.00203	0.05138	0.00578	0.00504	0.01008
11	0.01423	0.01349	0.04546	0.05494	0.01725	0.07163	0.01010	0.01896	0.09175	0.04900	0.06465	0.14111	0.21033	0.05921	0.05541	0.00338	0.00727	0.01198	0.00609	0.05376
12	0.05846	0.06046	0.08913	0.06024	0.02246	0.01648	0.01358	0.18357	0.06452	0.17452	0.05241	0.02649	0.08093	0.00973	0.00734	0.00227	0.00728	0.00772	0.00666	0.05573
13	0.06929	0.05701	0.05892	0.08597	0.12063	0.01546	0.01421	0.12340	0.02010	0.10211	0.09793	0.05982	0.06101	0.01245	0.04101	0.00279	0.00788	0.00850	0.00587	0.03566
14	0.01518	0.01106	0.01515	0.01328	0.01551	0.01140	0.04680	0.04136	0.01566	0.08808	0.05885	0.22228	0.04954	0.15704	0.01695	0.00358	0.11612	0.01224	0.00586	0.08406

[dist]
# distance from previous block
# <min> <max>
3	202

[block]
# block no. 3 follows, 26 sequences, length 25
# corresponding to MSA columns:
# 568-592
name=unknown_D
#
# <colnr> <probs for GDERKNQSTAVLIFYWHMCP>
#	G	D	E	R	K	N	Q	S	T	A	V	L	I	F	Y	W	H	M	C	P
0	0.12410	0.07123	0.11861	0.09056	0.06771	0.04294	0.08904	0.07545	0.01816	0.07546	0.02431	0.04724	0.10475	0.00956	0.00732	0.00237	0.00845	0.00802	0.00504	0.00970
1	0.06961	0.05995	0.06470	0.01401	0.01909	0.07598	0.01199	0.14013	0.05389	0.02847	0.06663	0.06073	0.07545	0.01007	0.00778	0.00209	0.03871	0.00779	0.00560	0.18729
2	0.06838	0.19949	0.13459	0.01410	0.01948	0.08393	0.01346	0.04692	0.01801	0.08428	0.09570	0.10481	0.06557	0.01093	0.00707	0.00224	0.00769	0.00867	0.00537	0.00930
3	0.01875	0.06386	0.11194	0.01466	0.01988	0.01490	0.01342	0.17929	0.02145	0.07537	0.05719	0.14238	0.02531	0.01241	0.00787	0.00239	0.00718	0.08990	0.00627	0.11560
4	0.01202	0.00824	0.01151	0.01104	0.01256	0.00840	0.00811	0.01288	0.01208	0.01721	0.01911	0.07197	0.01900	0.08973	0.33602	0.21972	0.01270	0.00830	0.00414	0.10525
5	0.01650	0.03908	0.01735	0.01789	0.12556	0.05999	0.03480	0.02090	0.08504	0.07644	0.12664	0.08085	0.06246	0.18560	0.01538	0.00358	0.00714	0.01037	0.00590	0.00853
6	0.08179	0.01097	0.01153	0.01041	0.01379	0.01060	0.00809	0.12249	0.01970	0.02690	0.07078	0.12902	0.34356	0.01579	0.00821	0.00246	0.00508	0.03201	0.00676	0.07004
7	0.06136	0.13934	0.02228	0.04988	0.02186	0.04643	0.01267	0.18090	0.20459	0.05573	0.01938	0.01959	0.01473	0.00831	0.00672	0.00210	0.00738	0.00635	0.00604	0.11436
8	0.02144	0.01804	0.10061	0.01763	0.08846	0.01481	0.01408	0.14529	0.06907	0.15491	0.02538	0.02527	0.08300	0.00904	0.00725	0.00210	0.00716	0.00738	0.00627	0.18281
9	0.02022	0.07133	0.25853	0.05258	0.05087	0.01697	0.01815	0.15009	0.02068	0.12567	0.02310	0.08088	0.05787	0.01000	0.00754	0.00238	0.00856	0.00813	0.00558	0.01086
10	0.01564	0.16652	0.31851	0.01805	0.02474	0.01882	0.05957	0.02066	0.01480	0.02072	0.01577	0.06581	0.01460	0.09700	0.01290	0.00301	0.09249	0.00733	0.00368	0.00939
11	0.01497	0.01077	0.01605	0.07702	0.07851	0.01058	0.05543	0.01836	0.03418	0.10797	0.10176	0.14558	0.14761	0.07101	0.07215	0.00377	0.00764	0.01215	0.00621	0.00828
12	0.01786	0.07569	0.24340	0.06017	0.04712	0.01838	0.07046	0.14845	0.02004	0.02775	0.05895	0.07137	0.01846	0.01003	0.00883	0.00248	0.05516	0.03026	0.00489	0.01028
13	0.13192	0.16382	0.02540	0.19709	0.07481	0.06214	0.06667	0.02358	0.01681	0.10077	0.05629	0.01985	0.01483	0.00785	0.00675	0.00223	0.00861	0.00641	0.00465	0.00952
14	0.01243	0.00825	0.01187	0.01166	0.01330	0.00929	0.00908	0.01525	0.01312	0.05393	0.02133	0.02941	0.01901	0.04881	0.58566	0.01046	0.01764	0.00798	0.09441	0.00713
15	0.01534	0.01531	0.10474	0.13013	0.15476	0.01277	0.01562	0.02006	0.04934	0.08116	0.03073	0.21204	0.10010	0.01325	0.00824	0.00259	0.00728	0.01172	0.00556	0.00924
16	0.01741	0.06147	0.02573	0.16755	0.22522	0.01679	0.07414	0.02139	0.01575	0.07509	0.01611	0.02137	0.01320	0.01738	0.14523	0.00433	0.06084	0.00710	0.00414	0.00977
17	0.01259	0.01043	0.01366	0.07233	0.01787	0.01067	0.04193	0.04292	0.12136	0.02406	0.10010	0.25660	0.18889	0.01689	0.00887	0.00273	0.00561	0.03775	0.00681	0.00793
18	0.01103	0.00735	0.00827	0.00827	0.00827	0.00735	0.00460	0.01103	0.01103	0.01471	0.02390	0.04964	0.02758	0.73343	0.03861	0.00735	0.00735	0.01103	0.00460	0.00460
19	0.01946	0.01510	0.02051	0.06832	0.22524	0.05864	0.01515	0.05409	0.01806	0.13592	0.02599	0.14135	0.06885	0.01341	0.03400	0.00286	0.05749	0.00996	0.00565	0.00995
20	0.02063	0.12694	0.02575	0.01915	0.06532	0.06031	0.14015	0.02680	0.10796	0.14021	0.05791	0.02944	0.04548	0.00967	0.00762	0.00234	0.00817	0.05139	0.04456	0.01020
21	0.01184	0.01002	0.01258	0.01289	0.01412	0.04000	0.03225	0.01527	0.07273	0.02041	0.03499	0.51465	0.03982	0.02286	0.05848	0.00361	0.05265	0.01732	0.00640	0.00712
22	0.02111	0.59552	0.03559	0.01349	0.01970	0.02775	0.01288	0.05806	0.08683	0.04732	0.01387	0.01474	0.01168	0.00714	0.00542	0.00179	0.00783	0.00482	0.00419	0.01026
23	0.08479	0.01818	0.09606	0.06299	0.06387	0.06535	0.01425	0.06560	0.06024	0.02602	0.05755	0.03109	0.07820	0.01058	0.00850	0.00235	0.05215	0.06992	0.00522	0.12706
24	0.06391	0.19091	0.02722	0.05643	0.08843	0.33116	0.04364	0.07314	0.01981	0.02226	0.01237	0.01473	0.01022	0.00739	0.00653	0.00201	0.01093	0.00526	0.00402	0.00964

[dist]
# distance from previous block
# <min> <max>
0	1

[block]
# block no. 4 follows, 26 sequences, length 18
# corresponding to MSA columns:
# 595-612
name=unknown_E
#
# <colnr> <probs for GDERKNQSTAVLIFYWHMCP>
#	G	D	E	R	K	N	Q	S	T	A	V	L	I	F	Y	W	H	M	C	P
0	0.16063	0.01983	0.01872	0.04105	0.07568	0.19285	0.03200	0.08978	0.01877	0.02613	0.04129	0.10462	0.01868	0.01086	0.00875	0.00244	0.07036	0.03265	0.02601	0.00889
1	0.07559	0.32054	0.12665	0.01695	0.05066	0.10533	0.01559	0.12027	0.01955	0.06501	0.01360	0.01492	0.01073	0.00737	0.00612	0.00199	0.00905	0.00513	0.00446	0.01049
2	0.54576	0.11478	0.13869	0.01248	0.01859	0.01884	0.01243	0.02266	0.01380	0.03008	0.01111	0.01297	0.00867	0.00700	0.00517	0.00226	0.00713	0.00437	0.00423	0.00896
3	0.01150	0.00886	0.01243	0.04001	0.08571	0.00922	0.00913	0.01331	0.01320	0.01797	0.02794	0.15453	0.07002	0.26652	0.21892	0.00698	0.01065	0.01166	0.00488	0.00655
4	0.00953	0.00717	0.00883	0.00955	0.01088	0.00647	0.00673	0.01156	0.01695	0.02236	0.20748	0.39006	0.22375	0.02054	0.00931	0.00277	0.00405	0.01817	0.00736	0.00647
5	0.06274	0.16850	0.37551	0.01746	0.02552	0.01916	0.01997	0.06509	0.04455	0.02479	0.01702	0.09553	0.01488	0.00917	0.00692	0.00232	0.00911	0.00721	0.00421	0.01032
6	0.68459	0.01505	0.01270	0.05610	0.01771	0.01746	0.00947	0.06628	0.01463	0.03404	0.01128	0.01324	0.00866	0.00722	0.00508	0.00235	0.00631	0.00447	0.00481	0.00855
7	0.12569	0.11540	0.10522	0.06367	0.02289	0.05807	0.03387	0.10898	0.05793	0.07107	0.02227	0.06449	0.07007	0.00996	0.00775	0.00236	0.03754	0.00768	0.00531	0.00980
8	0.01900	0.30415	0.16177	0.01409	0.02039	0.01941	0.01441	0.02386	0.04932	0.11695	0.12209	0.02604	0.06029	0.00936	0.00674	0.00210	0.00746	0.00727	0.00533	0.01000
9	0.01953	0.00971	0.01220	0.01066	0.01422	0.00842	0.00831	0.02199	0.01927	0.29754	0.12660	0.13429	0.25572	0.01529	0.00850	0.00252	0.00496	0.01298	0.00817	0.00914
10	0.01368	0.01210	0.01936	0.49972	0.07078	0.01444	0.01689	0.01739	0.01419	0.01842	0.01623	0.02780	0.01474	0.19633	0.01565	0.00377	0.00934	0.00786	0.00371	0.00760
11	0.04965	0.10675	0.15870	0.01859	0.05118	0.28319	0.01640	0.05006	0.04038	0.04234	0.01366	0.01541	0.01077	0.00737	0.00658	0.00197	0.01043	0.00521	0.00421	0.10713
12	0.01121	0.00835	0.01157	0.01316	0.06727	0.00853	0.00832	0.01310	0.01412	0.01960	0.12349	0.18266	0.03519	0.24262	0.20008	0.00658	0.00973	0.01248	0.00545	0.00649
13	0.01051	0.00762	0.01059	0.01099	0.01185	0.00827	0.00789	0.01233	0.01248	0.01739	0.02597	0.19316	0.02790	0.19272	0.40447	0.00909	0.01394	0.01180	0.00485	0.00617
14	0.01390	0.00933	0.01147	0.01124	0.01340	0.00924	0.00836	0.01811	0.09271	0.10642	0.08613	0.30780	0.18455	0.01975	0.03842	0.00315	0.03551	0.01535	0.00722	0.00793
15	0.06169	0.07110	0.02243	0.02065	0.11664	0.17919	0.01465	0.14424	0.08815	0.11193	0.01893	0.02227	0.01501	0.00917	0.00789	0.00230	0.03526	0.04195	0.00578	0.01077
16	0.02409	0.01901	0.02215	0.09894	0.02651	0.02135	0.03996	0.39765	0.20003	0.03933	0.02088	0.02119	0.01522	0.00913	0.00768	0.00239	0.00811	0.00736	0.00698	0.01204
17	0.15754	0.01960	0.01915	0.01784	0.06608	0.15044	0.05395	0.11947	0.15255	0.02975	0.02000	0.07542	0.01677	0.00953	0.00705	0.00233	0.00817	0.00764	0.05678	0.00993

[dist]
# distance from previous block
# <min> <max>
0	1

[block]
# block no. 5 follows, 26 sequences, length 38
# corresponding to MSA columns:
# 614-651
name=unknown_F
#
# <colnr> <probs for GDERKNQSTAVLIFYWHMCP>
#	G	D	E	R	K	N	Q	S	T	A	V	L	I	F	Y	W	H	M	C	P
0	0.00919	0.00679	0.00861	0.01006	0.01087	0.00620	0.00682	0.01062	0.01501	0.01956	0.04792	0.61404	0.16066	0.02297	0.00956	0.00299	0.00430	0.02059	0.00704	0.00620
1	0.05104	0.08963	0.04977	0.01446	0.02066	0.04353	0.01239	0.24971	0.05298	0.03289	0.03912	0.01808	0.01411	0.00771	0.00654	0.00183	0.00733	0.00584	0.00569	0.27669
2	0.01855	0.18234	0.02651	0.14647	0.05717	0.05530	0.10387	0.05009	0.01790	0.08392	0.02648	0.05461	0.12580	0.00995	0.00742	0.00228	0.00848	0.00854	0.00496	0.00935
3	0.06312	0.17250	0.10089	0.01600	0.06942	0.04849	0.01353	0.05318	0.05665	0.13895	0.01861	0.01963	0.01399	0.00786	0.00629	0.00202	0.00738	0.00601	0.13468	0.05080
4	0.01740	0.30680	0.37965	0.01943	0.05905	0.02267	0.02148	0.02323	0.01565	0.02142	0.01230	0.01469	0.00979	0.00718	0.00710	0.00213	0.04113	0.00511	0.00325	0.01055
5	0.00924	0.00660	0.00880	0.01056	0.01100	0.00616	0.00704	0.01056	0.01452	0.01936	0.04181	0.72848	0.05017	0.02376	0.00968	0.00308	0.00440	0.02156	0.00704	0.00616
6	0.01725	0.01104	0.01587	0.05153	0.10004	0.01097	0.01277	0.04906	0.01836	0.14489	0.05966	0.15367	0.03305	0.01807	0.04694	0.00339	0.00754	0.23025	0.00678	0.00889
7	0.01908	0.01641	0.05919	0.12247	0.09586	0.01616	0.17262	0.02337	0.01674	0.14330	0.01956	0.05664	0.01622	0.01197	0.04158	0.00309	0.10846	0.04239	0.00499	0.00990
8	0.01135	0.00797	0.00881	0.00875	0.01123	0.00680	0.00650	0.01325	0.01719	0.08273	0.06605	0.18875	0.50520	0.01913	0.00897	0.00264	0.00419	0.01625	0.00726	0.00696
9	0.01318	0.00659	0.00988	0.00988	0.00988	0.00659	0.00659	0.00988	0.00988	0.01318	0.01318	0.02306	0.01318	0.02635	0.02964	0.77931	0.00659	0.00659	0.00329	0.00329
10	0.02381	0.15101	0.15121	0.01866	0.05968	0.09702	0.01669	0.16358	0.06030	0.12837	0.01720	0.01793	0.01269	0.00831	0.00773	0.00222	0.04077	0.00610	0.00546	0.01126
11	0.01197	0.00773	0.00983	0.01012	0.01168	0.00719	0.00721	0.01384	0.01606	0.08293	0.12161	0.33900	0.16495	0.08256	0.07327	0.00399	0.00605	0.01619	0.00695	0.00688
12	0.03203	0.01612	0.01959	0.01502	0.02097	0.01592	0.01241	0.27744	0.02709	0.44329	0.02541	0.02289	0.01651	0.00928	0.00761	0.00232	0.00718	0.00732	0.00869	0.01290
13	0.02028	0.73799	0.03975	0.01298	0.01947	0.03001	0.01298	0.02271	0.01541	0.01785	0.01055	0.01217	0.00973	0.00649	0.00487	0.00162	0.00811	0.00406	0.00324	0.00973
14	0.01595	0.01074	0.01436	0.05082	0.01746	0.01071	0.03911	0.04750	0.07591	0.12198	0.11228	0.09812	0.14245	0.07760	0.06198	0.00374	0.00720	0.07684	0.00685	0.00843
15	0.02028	0.73799	0.03975	0.01298	0.01947	0.03001	0.01298	0.02271	0.01541	0.01785	0.01055	0.01217	0.00973	0.00649	0.00487	0.00162	0.00811	0.00406	0.00324	0.00973
16	0.09163	0.02231	0.10277	0.05120	0.11499	0.19477	0.05034	0.02422	0.01795	0.05934	0.04158	0.02275	0.01572	0.00852	0.00697	0.00222	0.00922	0.03344	0.12070	0.00937
17	0.02028	0.73799	0.03975	0.01298	0.01947	0.03001	0.01298	0.02271	0.01541	0.01785	0.01055	0.01217	0.00973	0.00649	0.00487	0.00162	0.00811	0.00406	0.00324	0.00973
18	0.78701	0.01467	0.01115	0.00997	0.01467	0.01702	0.00821	0.02230	0.01291	0.03403	0.01056	0.01232	0.00821	0.00704	0.00469	0.00235	0.00587	0.00411	0.00469	0.00821
19	0.01438	0.01217	0.01948	0.34763	0.14955	0.01385	0.01649	0.01807	0.01485	0.02044	0.01733	0.02726	0.01526	0.08150	0.06237	0.04081	0.00948	0.03530	0.07564	0.00814
20	0.00923	0.00665	0.00875	0.01042	0.01097	0.00617	0.00698	0.01058	0.01465	0.01942	0.04348	0.69709	0.08047	0.02355	0.00965	0.00306	0.00437	0.02130	0.00704	0.00617
21	0.02577	0.09980	0.02331	0.01676	0.02228	0.09372	0.01378	0.39666	0.16467	0.03816	0.01934	0.01919	0.01437	0.00893	0.00724	0.00223	0.00839	0.00669	0.00676	0.01194
22	0.01463	0.00911	0.01106	0.01076	0.01277	0.00882	0.00791	0.04618	0.04916	0.10503	0.10112	0.21636	0.10560	0.15713	0.01461	0.00362	0.00554	0.06952	0.04357	0.00752
23	0.04289	0.01768	0.06034	0.13936	0.12730	0.08942	0.03520	0.02368	0.04877	0.10454	0.01845	0.05839	0.01547	0.04533	0.04102	0.00297	0.03010	0.00748	0.00488	0.08673
24	0.01567	0.03608	0.58505	0.02336	0.03397	0.01788	0.13394	0.02407	0.01633	0.02407	0.01390	0.01676	0.00993	0.00707	0.00750	0.00243	0.01147	0.00617	0.00331	0.01105
25	0.01103	0.00735	0.00827	0.00827	0.00827	0.00735	0.00460	0.01103	0.01103	0.01471	0.02390	0.04964	0.02758	0.73343	0.03861	0.00735	0.00735	0.01103	0.00460	0.00460
26	0.01515	0.00853	0.01002	0.00988	0.01228	0.00809	0.00770	0.01870	0.04319	0.11679	0.04003	0.14321	0.15115	0.01474	0.00776	0.00246	0.00471	0.10045	0.27734	0.00781
27	0.01219	0.00811	0.00991	0.00939	0.01169	0.00719	0.00706	0.01496	0.01950	0.08770	0.36583	0.11860	0.26572	0.01688	0.00889	0.00250	0.00401	0.01460	0.00790	0.00736
28	0.01822	0.00957	0.01277	0.01248	0.01508	0.00908	0.01023	0.02096	0.01746	0.20859	0.03366	0.05955	0.03261	0.13962	0.01424	0.00374	0.00671	0.31803	0.04917	0.00823
29	0.01902	0.02446	0.11835	0.01982	0.02474	0.24780	0.13328	0.02329	0.01910	0.02253	0.08509	0.03644	0.02412	0.01132	0.00834	0.00253	0.01059	0.15539	0.00496	0.00881
30	0.02021	0.01698	0.02434	0.02672	0.22551	0.01914	0.04511	0.05819	0.18790	0.09148	0.01932	0.02146	0.01510	0.00961	0.01186	0.00262	0.18048	0.00739	0.00542	0.01116
31	0.00963	0.00699	0.00925	0.01071	0.01152	0.00662	0.00755	0.01134	0.01512	0.02005	0.06598	0.56171	0.09498	0.02462	0.04614	0.00353	0.00540	0.07560	0.00693	0.00632
32	0.01516	0.00861	0.01053	0.00950	0.01223	0.00772	0.00732	0.01822	0.01976	0.15174	0.32580	0.05077	0.19835	0.01430	0.00820	0.00233	0.00417	0.01219	0.11504	0.00805
33	0.08722	0.07731	0.25208	0.05411	0.11032	0.01865	0.11663	0.05925	0.01754	0.08759	0.01509	0.01766	0.01115	0.00751	0.00785	0.00237	0.03620	0.00635	0.00433	0.01081
34	0.01650	0.03497	0.03824	0.05618	0.13856	0.01249	0.01256	0.07243	0.01938	0.08297	0.19750	0.07022	0.05546	0.01512	0.06367	0.00310	0.00733	0.00981	0.08435	0.00916
35	0.01690	0.01430	0.02038	0.37456	0.07057	0.01649	0.01678	0.15325	0.04818	0.02662	0.04673	0.09473	0.04775	0.01042	0.00791	0.00251	0.00840	0.00901	0.00518	0.00934
36	0.01585	0.01544	0.02222	0.16010	0.26533	0.07127	0.04592	0.01965	0.01736	0.02262	0.07738	0.08992	0.09823	0.01111	0.00812	0.00246	0.00829	0.03463	0.00484	0.00925
37	0.07470	0.02128	0.18574	0.05761	0.14185	0.01610	0.11148	0.07417	0.01840	0.09143	0.02256	0.06287	0.06969	0.00931	0.00770	0.00244	0.00892	0.00829	0.00500	0.01047

[dist]
# distance from previous block
# <min> <max>
3	4

[block]
# block no. 6 follows, 26 sequences, length 11
# corresponding to MSA columns:
# 657-667
name=unknown_G
#
# <colnr> <probs for GDERKNQSTAVLIFYWHMCP>
#	G	D	E	R	K	N	Q	S	T	A	V	L	I	F	Y	W	H	M	C	P
0	0.01185	0.00933	0.01092	0.01031	0.01307	0.00865	0.00800	0.06017	0.01818	0.02390	0.12630	0.11742	0.30296	0.02126	0.08402	0.00354	0.00644	0.06906	0.00665	0.08797
1	0.01945	0.05858	0.01924	0.05683	0.02154	0.10484	0.01164	0.12792	0.01955	0.02662	0.01430	0.01682	0.01164	0.00982	0.04914	0.00222	0.00846	0.00527	0.00477	0.41135
2	0.02130	0.05796	0.04848	0.07267	0.10406	0.10051	0.10272	0.16131	0.02129	0.07477	0.01950	0.11775	0.01728	0.01021	0.00844	0.00242	0.03489	0.00879	0.00539	0.01027
3	0.08241	0.01657	0.05703	0.01626	0.04907	0.01534	0.03777	0.19768	0.04039	0.16017	0.05732	0.07912	0.02063	0.01020	0.00750	0.00229	0.00714	0.03075	0.00675	0.10560
4	0.01079	0.00857	0.01119	0.08637	0.01624	0.00802	0.00859	0.01327	0.01645	0.02216	0.15448	0.33123	0.15692	0.01756	0.00871	0.00257	0.00492	0.01553	0.00657	0.09988
5	0.01830	0.01467	0.01673	0.01271	0.01860	0.01303	0.01013	0.17839	0.02057	0.02990	0.01773	0.09364	0.01587	0.00846	0.00655	0.00162	0.00617	0.00693	0.00554	0.50443
6	0.02010	0.05563	0.02081	0.02082	0.15982	0.05708	0.03848	0.03954	0.01896	0.15833	0.09855	0.08248	0.02606	0.01104	0.00784	0.00232	0.00733	0.07652	0.00616	0.09213
7	0.07341	0.09623	0.23261	0.08653	0.06848	0.01830	0.05580	0.02307	0.03110	0.05527	0.01398	0.01697	0.01082	0.00773	0.00870	0.00228	0.08615	0.00586	0.00397	0.10277
8	0.01541	0.01136	0.01326	0.01270	0.01524	0.01168	0.00975	0.20412	0.02152	0.02838	0.03890	0.35242	0.11614	0.01849	0.00908	0.00283	0.00584	0.09739	0.00720	0.00830
9	0.01400	0.01197	0.04639	0.06600	0.02075	0.01055	0.11141	0.01714	0.01594	0.07021	0.03162	0.24933	0.06532	0.09054	0.01201	0.00323	0.00727	0.09714	0.00587	0.05330
10	0.01675	0.01721	0.06004	0.15378	0.05364	0.07857	0.10174	0.04764	0.01739	0.04584	0.05931	0.12262	0.05569	0.01137	0.00990	0.00253	0.08584	0.00968	0.00492	0.04553

[dist]
# distance from previous block
# <min> <max>
0	4

[block]
# block no. 7 follows, 26 sequences, length 10
# corresponding to MSA columns:
# 672-681
name=unknown_H
#
# <colnr> <probs for GDERKNQSTAVLIFYWHMCP>
#	G	D	E	R	K	N	Q	S	T	A	V	L	I	F	Y	W	H	M	C	P
0	0.05100	0.19350	0.06172	0.06360	0.10169	0.05538	0.09991	0.02357	0.01687	0.11012	0.05074	0.02223	0.01612	0.06860	0.01013	0.00263	0.03082	0.00696	0.00468	0.00976
1	0.01664	0.06065	0.02297	0.03947	0.06247	0.07106	0.14624	0.07246	0.01887	0.02458	0.08731	0.03568	0.13155	0.03529	0.03083	0.00283	0.02944	0.04103	0.03541	0.03522
2	0.05392	0.07962	0.04270	0.05736	0.05815	0.01330	0.05091	0.03522	0.01664	0.02278	0.11463	0.07877	0.16613	0.10120	0.01256	0.00310	0.04054	0.03912	0.00551	0.00785
3	0.09646	0.01752	0.07915	0.08843	0.05889	0.01600	0.08261	0.12492	0.07323	0.02878	0.01903	0.08427	0.01653	0.00931	0.00732	0.00227	0.00792	0.02778	0.00526	0.15432
4	0.08149	0.05085	0.06417	0.04652	0.01903	0.01299	0.04061	0.07375	0.01873	0.11316	0.12651	0.03961	0.11263	0.05985	0.05219	0.00337	0.00763	0.06185	0.00627	0.00881
5	0.08002	0.08858	0.05358	0.05010	0.09111	0.03782	0.11970	0.04161	0.01605	0.02288	0.01911	0.08182	0.01815	0.01863	0.13075	0.00423	0.04808	0.06442	0.00447	0.00889
6	0.02381	0.10577	0.02415	0.04525	0.02363	0.16189	0.07312	0.18191	0.06875	0.10072	0.01926	0.06330	0.01565	0.01180	0.04458	0.00278	0.00994	0.00749	0.00577	0.01043
7	0.08620	0.13458	0.08278	0.01676	0.02272	0.09625	0.09906	0.09727	0.02006	0.12576	0.06613	0.02287	0.05009	0.00871	0.00707	0.00218	0.00860	0.00709	0.00553	0.04028
8	0.06615	0.08058	0.06173	0.01746	0.08168	0.01441	0.07207	0.06132	0.01827	0.12693	0.11460	0.08705	0.02555	0.06350	0.04038	0.00309	0.00786	0.00913	0.00587	0.04235
9	0.01667	0.04822	0.15931	0.06183	0.08194	0.01537	0.07557	0.02469	0.13804	0.06017	0.14434	0.02748	0.02495	0.00996	0.00852	0.03112	0.00786	0.00819	0.00552	0.05026

[dist]
# distance from previous block
# <min> <max>
132	854

# created by:
# /home/berkeley/.conda/envs/busco_data_prod/bin/msa2prfl.pl pipeline/OGs_align_augustus/5794/31981.fs
