[name]
unknown

[dist]
# distance from previous block
# <min> <max>
0	0

[block]
# block no. 0 follows, 28 sequences, length 72
# corresponding to MSA columns:
# 0-71
name=unknown_A
#
# <colnr> <probs for GDERKNQSTAVLIFYWHMCP>
#	G	D	E	R	K	N	Q	S	T	A	V	L	I	F	Y	W	H	M	C	P
0	0.01171	0.00837	0.01171	0.01339	0.01506	0.00837	0.01171	0.01506	0.01673	0.02175	0.03849	0.08199	0.04183	0.02008	0.01004	0.00335	0.00669	0.65027	0.00669	0.00669
1	0.02407	0.01584	0.01823	0.01368	0.01969	0.01517	0.01120	0.29076	0.02415	0.18261	0.01824	0.01818	0.01301	0.00755	0.00658	0.00179	0.00663	0.00588	0.00655	0.30018
2	0.01029	0.00743	0.00972	0.00914	0.01086	0.00686	0.00686	0.01372	0.02058	0.02915	0.69536	0.05430	0.06859	0.01486	0.00857	0.00229	0.00343	0.01315	0.00800	0.00686
3	0.00885	0.00669	0.00817	0.00924	0.01034	0.00602	0.00638	0.01039	0.01504	0.01940	0.08219	0.50409	0.24478	0.02107	0.00904	0.00277	0.00402	0.01869	0.00681	0.00602
4	0.79588	0.01406	0.01068	0.00956	0.01406	0.01631	0.00787	0.02137	0.01237	0.03261	0.01012	0.01181	0.00787	0.00675	0.00450	0.00225	0.00562	0.00394	0.00450	0.00787
5	0.00892	0.00726	0.00778	0.00786	0.00992	0.00625	0.00574	0.01082	0.01653	0.02044	0.14485	0.12653	0.52847	0.05380	0.01004	0.00270	0.00386	0.01531	0.00679	0.00612
6	0.01943	0.74891	0.03809	0.01244	0.01866	0.02876	0.01244	0.02177	0.01477	0.01710	0.01011	0.01166	0.00933	0.00622	0.00466	0.00155	0.00777	0.00389	0.00311	0.00933
7	0.00888	0.00714	0.00793	0.00823	0.01012	0.00618	0.00598	0.01081	0.01652	0.02070	0.15122	0.21919	0.46377	0.01891	0.00874	0.00254	0.00377	0.01624	0.00692	0.00618
8	0.79588	0.01406	0.01068	0.00956	0.01406	0.01631	0.00787	0.02137	0.01237	0.03261	0.01012	0.01181	0.00787	0.00675	0.00450	0.00225	0.00562	0.00394	0.00450	0.00787
9	0.02366	0.10511	0.02182	0.01597	0.02096	0.13803	0.01298	0.29509	0.23090	0.03306	0.01931	0.01904	0.01454	0.00858	0.00689	0.00215	0.00814	0.00644	0.00624	0.01109
10	0.07468	0.09687	0.05451	0.01257	0.01670	0.01514	0.01065	0.18799	0.06122	0.05604	0.03177	0.18939	0.13734	0.01311	0.00744	0.00236	0.00614	0.01082	0.00624	0.00902
11	0.07843	0.02617	0.01902	0.01695	0.02076	0.39622	0.01306	0.07598	0.19046	0.02403	0.01618	0.01708	0.01276	0.00845	0.00774	0.00215	0.05442	0.00577	0.00495	0.00942
12	0.02854	0.01668	0.01913	0.01476	0.02026	0.01735	0.01216	0.40653	0.02825	0.27944	0.02184	0.02064	0.01475	0.00881	0.00715	0.00218	0.00707	0.00683	0.05562	0.01202
13	0.01318	0.01046	0.01221	0.01124	0.01384	0.01102	0.00858	0.02295	0.26720	0.02962	0.44862	0.04423	0.05139	0.01301	0.00814	0.00235	0.00429	0.01132	0.00778	0.00858
14	0.01062	0.00765	0.01017	0.01012	0.01182	0.00720	0.00797	0.01403	0.01969	0.02745	0.54467	0.06065	0.06245	0.01606	0.00891	0.00253	0.00418	0.15931	0.00770	0.00682
15	0.03261	0.01237	0.01687	0.01293	0.01856	0.01068	0.01068	0.03543	0.02081	0.70423	0.02868	0.02474	0.01799	0.00900	0.00731	0.00225	0.00619	0.00731	0.00900	0.01237
16	0.01932	0.01534	0.01647	0.01463	0.01887	0.01745	0.01144	0.03835	0.62949	0.08770	0.02951	0.02692	0.02183	0.00979	0.00739	0.00245	0.00579	0.00814	0.00753	0.01158
17	0.00891	0.00738	0.00780	0.00769	0.01001	0.00627	0.00577	0.01104	0.01731	0.02140	0.18904	0.06705	0.57974	0.01775	0.00859	0.00242	0.00364	0.01493	0.00698	0.00627
18	0.07023	0.02302	0.04416	0.02036	0.02564	0.23449	0.20855	0.12355	0.02052	0.07985	0.01666	0.06888	0.01369	0.00843	0.00740	0.00223	0.01036	0.00745	0.00492	0.00959
19	0.01544	0.01467	0.02489	0.45323	0.31053	0.01660	0.02104	0.02007	0.01534	0.02065	0.01322	0.01882	0.01042	0.00695	0.00724	0.00232	0.00927	0.00647	0.00338	0.00945
20	0.79588	0.01406	0.01068	0.00956	0.01406	0.01631	0.00787	0.02137	0.01237	0.03261	0.01012	0.01181	0.00787	0.00675	0.00450	0.00225	0.00562	0.00394	0.00450	0.00787
21	0.02986	0.01361	0.01725	0.01357	0.01897	0.01293	0.01110	0.09364	0.12768	0.53779	0.02781	0.02446	0.01815	0.00911	0.00732	0.00228	0.00628	0.00739	0.00859	0.01223
22	0.00925	0.00739	0.00828	0.00806	0.01023	0.00642	0.00605	0.01172	0.01814	0.02336	0.31684	0.06383	0.45072	0.01702	0.00858	0.00239	0.00358	0.01448	0.00724	0.00642
23	0.02202	0.24163	0.02607	0.01579	0.02090	0.13788	0.05679	0.13015	0.13399	0.07294	0.01699	0.01796	0.01328	0.01061	0.04996	0.00259	0.00927	0.00598	0.00511	0.01010
24	0.00953	0.00766	0.00853	0.00826	0.01050	0.00680	0.00621	0.01257	0.04025	0.02349	0.30035	0.06279	0.44353	0.01682	0.00854	0.00239	0.00366	0.01430	0.00723	0.00658
25	0.01018	0.00743	0.00957	0.00904	0.01080	0.00681	0.00678	0.01352	0.02033	0.02857	0.65720	0.05526	0.10711	0.01508	0.00857	0.00230	0.00344	0.01328	0.00792	0.00681
26	0.01261	0.01090	0.01600	0.34823	0.03047	0.01266	0.01383	0.01863	0.12097	0.02045	0.02563	0.28759	0.02590	0.01343	0.00803	0.00263	0.00704	0.01200	0.00520	0.00782
27	0.02574	0.03092	0.02000	0.01800	0.02191	0.57078	0.01363	0.06208	0.12696	0.02116	0.01445	0.01555	0.01155	0.00793	0.00672	0.00198	0.01169	0.00533	0.00450	0.00911
28	0.01791	0.33685	0.37515	0.01666	0.02513	0.02147	0.01961	0.02336	0.01549	0.06859	0.01290	0.01445	0.00988	0.00676	0.00599	0.00198	0.00916	0.00488	0.00350	0.01026
29	0.00948	0.00696	0.00889	0.00933	0.01060	0.00637	0.00665	0.01181	0.01730	0.02355	0.34499	0.34290	0.13705	0.01861	0.00887	0.00259	0.00379	0.01656	0.00732	0.00637
30	0.02763	0.02036	0.02182	0.01672	0.02254	0.02254	0.01382	0.67496	0.03418	0.04581	0.01745	0.01745	0.01236	0.00873	0.00727	0.00218	0.00800	0.00654	0.00727	0.01236
31	0.01764	0.18709	0.31178	0.02138	0.02976	0.01954	0.21860	0.02366	0.01614	0.06755	0.01395	0.01646	0.01038	0.00666	0.00695	0.00218	0.01024	0.00615	0.00366	0.01026
32	0.01373	0.01292	0.02180	0.72707	0.05006	0.01615	0.02019	0.01857	0.01453	0.01857	0.01292	0.01938	0.00969	0.00727	0.00727	0.00242	0.00969	0.00646	0.00323	0.00807
33	0.01166	0.00950	0.01323	0.01242	0.01455	0.00996	0.05293	0.01734	0.12961	0.02215	0.13678	0.19762	0.08109	0.02752	0.22311	0.00534	0.00949	0.01225	0.00599	0.00747
34	0.01808	0.01561	0.01644	0.01479	0.01890	0.01808	0.01151	0.03863	0.68606	0.03041	0.02959	0.02712	0.02219	0.00986	0.00740	0.00247	0.00575	0.00822	0.00740	0.01151
35	0.01507	0.01292	0.01507	0.01077	0.01723	0.00969	0.00861	0.01830	0.01507	0.02369	0.01292	0.01507	0.01077	0.00538	0.00538	0.00108	0.00538	0.00431	0.00431	0.78898
36	0.01767	0.01431	0.01530	0.01330	0.01723	0.01573	0.01046	0.17107	0.35149	0.03181	0.11104	0.03544	0.14060	0.01165	0.00771	0.00238	0.00563	0.00963	0.00733	0.01024
37	0.01051	0.00671	0.00814	0.00920	0.01025	0.00639	0.00658	0.01263	0.01474	0.02149	0.03722	0.42261	0.08214	0.01791	0.00802	0.00257	0.00414	0.06963	0.24286	0.00625
38	0.01269	0.00794	0.01034	0.00953	0.01167	0.00721	0.00722	0.01585	0.02004	0.10574	0.55042	0.08700	0.09660	0.01479	0.00847	0.00233	0.00380	0.01298	0.00798	0.00740
39	0.34525	0.01652	0.01645	0.01318	0.01842	0.01813	0.01088	0.30589	0.02310	0.14282	0.01618	0.01626	0.01139	0.00795	0.00613	0.00222	0.00674	0.00559	0.00640	0.01051
40	0.01048	0.00739	0.00969	0.00969	0.01030	0.00800	0.00660	0.01170	0.01109	0.01540	0.02129	0.03866	0.02256	0.42109	0.35515	0.00922	0.01287	0.00927	0.00417	0.00538
41	0.12538	0.01523	0.01567	0.01398	0.01822	0.01746	0.01097	0.03610	0.55958	0.06534	0.02687	0.02490	0.02001	0.00939	0.00699	0.00242	0.00576	0.00758	0.00708	0.01105
42	0.01663	0.23858	0.33185	0.02090	0.07284	0.02021	0.11870	0.02241	0.01552	0.02143	0.01248	0.01508	0.00975	0.00648	0.00645	0.00204	0.00969	0.00544	0.00327	0.05024
43	0.01723	0.13365	0.06557	0.07064	0.21306	0.06668	0.01578	0.05423	0.09834	0.02268	0.01861	0.10737	0.01704	0.01225	0.05312	0.00283	0.00879	0.00792	0.00452	0.00969
44	0.01611	0.02644	0.30786	0.17207	0.07738	0.06404	0.18804	0.02252	0.01606	0.02185	0.01336	0.01728	0.00992	0.00680	0.00740	0.00233	0.01094	0.00643	0.00333	0.00984
45	0.01373	0.01292	0.02180	0.72707	0.05006	0.01615	0.02019	0.01857	0.01453	0.01857	0.01292	0.01938	0.00969	0.00727	0.00727	0.00242	0.00969	0.00646	0.00323	0.00807
46	0.00899	0.00647	0.00852	0.00992	0.01055	0.00601	0.00671	0.01049	0.01468	0.01966	0.10709	0.64646	0.07385	0.02182	0.00918	0.00287	0.00412	0.01971	0.00687	0.00601
47	0.01045	0.00798	0.00903	0.00930	0.01090	0.00764	0.00683	0.01326	0.05965	0.01905	0.04728	0.08581	0.29781	0.23865	0.01744	0.00404	0.00545	0.13729	0.00607	0.00607
48	0.79588	0.01406	0.01068	0.00956	0.01406	0.01631	0.00787	0.02137	0.01237	0.03261	0.01012	0.01181	0.00787	0.00675	0.00450	0.00225	0.00562	0.00394	0.00450	0.00787
49	0.01844	0.60383	0.17450	0.01413	0.02127	0.02634	0.01538	0.02202	0.01489	0.01831	0.01071	0.01241	0.00930	0.00636	0.00512	0.00171	0.00838	0.00419	0.00310	0.00962
50	0.01839	0.01891	0.02630	0.06815	0.02671	0.13383	0.21350	0.02200	0.01631	0.05437	0.05506	0.01948	0.01416	0.00853	0.01120	0.00233	0.17549	0.00697	0.00415	0.10415
51	0.03202	0.01332	0.01746	0.01338	0.01903	0.01209	0.01106	0.11125	0.02239	0.62617	0.02735	0.02388	0.01733	0.00896	0.00731	0.00224	0.00640	0.00722	0.00879	0.01237
52	0.01285	0.01196	0.01279	0.01289	0.01455	0.10514	0.04253	0.01667	0.09233	0.02006	0.03361	0.52124	0.03789	0.01834	0.00865	0.00272	0.00603	0.01642	0.00625	0.00709
53	0.02602	0.01457	0.01735	0.01378	0.01914	0.01440	0.01116	0.13763	0.19470	0.34493	0.02529	0.02307	0.01734	0.00876	0.00710	0.00216	0.00627	0.00708	0.00776	0.10149
54	0.01733	0.01974	0.08109	0.03359	0.26009	0.01788	0.36249	0.02402	0.06403	0.02393	0.01529	0.01930	0.01186	0.00656	0.00791	0.00234	0.01047	0.00763	0.00387	0.01057
55	0.01000	0.00739	0.00954	0.01052	0.01196	0.00693	0.00818	0.01243	0.01649	0.02163	0.15749	0.27854	0.17161	0.01971	0.00928	0.00288	0.00480	0.22731	0.00694	0.00637
56	0.01490	0.01361	0.02194	0.03153	0.44794	0.01333	0.01651	0.01858	0.01715	0.02397	0.15062	0.07512	0.10329	0.01043	0.00774	0.00227	0.00681	0.00962	0.00498	0.00967
57	0.02699	0.02004	0.02145	0.01660	0.02230	0.02224	0.01366	0.63222	0.07796	0.04478	0.01827	0.01810	0.01302	0.00880	0.00728	0.00220	0.00785	0.00666	0.00728	0.01230
58	0.02715	0.03464	0.02060	0.01873	0.02247	0.71536	0.01404	0.02903	0.02060	0.01779	0.01124	0.01311	0.00936	0.00749	0.00655	0.00187	0.01311	0.00468	0.00375	0.00843
59	0.01533	0.00905	0.01144	0.01046	0.01223	0.00934	0.00754	0.06239	0.01439	0.12732	0.02241	0.03516	0.02125	0.33429	0.23837	0.00716	0.01067	0.00876	0.03549	0.00697
60	0.07193	0.01561	0.02476	0.29744	0.36079	0.01713	0.01992	0.06467	0.01668	0.02391	0.01339	0.01804	0.01063	0.00694	0.00704	0.00227	0.00878	0.00630	0.00377	0.01002
61	0.02660	0.03348	0.02034	0.01849	0.02225	0.67256	0.01389	0.02962	0.06145	0.01856	0.01236	0.01397	0.01015	0.00764	0.00661	0.00191	0.01266	0.00490	0.00397	0.00862
62	0.01967	0.01640	0.01733	0.01511	0.01951	0.01882	0.01189	0.14454	0.57756	0.03297	0.02757	0.02551	0.02055	0.00967	0.00738	0.00242	0.00613	0.00794	0.00738	0.01165
63	0.01355	0.00678	0.00678	0.00678	0.00847	0.00678	0.00508	0.01694	0.01524	0.02710	0.02371	0.02710	0.01863	0.00847	0.00508	0.00169	0.00339	0.00678	0.78489	0.00678
64	0.01373	0.01292	0.02180	0.72707	0.05006	0.01615	0.02019	0.01857	0.01453	0.01857	0.01292	0.01938	0.00969	0.00727	0.00727	0.00242	0.00969	0.00646	0.00323	0.00807
65	0.21809	0.01993	0.01517	0.01398	0.01719	0.27509	0.01082	0.04853	0.01612	0.02244	0.01392	0.01805	0.01201	0.02286	0.23994	0.00522	0.01308	0.00559	0.00413	0.00781
66	0.01048	0.00747	0.00906	0.00970	0.01066	0.00723	0.00705	0.01193	0.01374	0.01773	0.03746	0.10863	0.14502	0.34669	0.02190	0.00484	0.00618	0.21305	0.00567	0.00551
67	0.01561	0.01416	0.02337	0.05823	0.46843	0.01423	0.01826	0.01932	0.01603	0.02237	0.02079	0.10311	0.02074	0.03652	0.00894	0.00262	0.00784	0.11522	0.00445	0.00977
68	0.02535	0.02768	0.02001	0.01709	0.02167	0.43092	0.01320	0.18128	0.05562	0.02577	0.01381	0.01506	0.01087	0.00764	0.00662	0.00188	0.01059	0.00525	0.00483	0.10485
69	0.00924	0.00681	0.00868	0.00967	0.01072	0.00625	0.00683	0.01112	0.01577	0.02095	0.17251	0.46755	0.15366	0.02041	0.00907	0.00276	0.00411	0.05073	0.00699	0.00617
70	0.00910	0.00669	0.00851	0.00985	0.01071	0.00618	0.00687	0.01059	0.01449	0.01886	0.04508	0.55050	0.15673	0.04459	0.01010	0.00303	0.00442	0.07106	0.00667	0.00596
71	0.79588	0.01406	0.01068	0.00956	0.01406	0.01631	0.00787	0.02137	0.01237	0.03261	0.01012	0.01181	0.00787	0.00675	0.00450	0.00225	0.00562	0.00394	0.00450	0.00787

[dist]
# distance from previous block
# <min> <max>
5	13

[block]
# block no. 1 follows, 28 sequences, length 13
# corresponding to MSA columns:
# 85-97
name=unknown_B
#
# <colnr> <probs for GDERKNQSTAVLIFYWHMCP>
#	G	D	E	R	K	N	Q	S	T	A	V	L	I	F	Y	W	H	M	C	P
0	0.01353	0.05252	0.08913	0.06178	0.01948	0.01334	0.05082	0.06038	0.01778	0.02467	0.26065	0.07493	0.07746	0.01453	0.04521	0.00289	0.09709	0.01014	0.00565	0.00804
1	0.01656	0.23195	0.02078	0.01255	0.01624	0.01766	0.01029	0.09992	0.17378	0.02435	0.05112	0.20776	0.02592	0.04879	0.00857	0.00251	0.00620	0.01026	0.00581	0.00897
2	0.01798	0.14394	0.29546	0.06309	0.14714	0.01802	0.06425	0.02354	0.01609	0.09212	0.01439	0.01668	0.01075	0.00684	0.00670	0.00212	0.00924	0.00576	0.00388	0.04200
3	0.05789	0.01348	0.08571	0.01846	0.14634	0.01134	0.01301	0.03774	0.04271	0.04408	0.03239	0.24217	0.09964	0.01487	0.00821	0.00264	0.00637	0.10884	0.00574	0.00836
4	0.01620	0.27527	0.48341	0.01795	0.02718	0.02085	0.02204	0.02260	0.01515	0.02104	0.01206	0.01412	0.00925	0.00668	0.00616	0.00205	0.00975	0.00488	0.00308	0.01027
5	0.01523	0.09609	0.03850	0.06543	0.14088	0.01312	0.01279	0.05025	0.01668	0.06773	0.07050	0.22527	0.02937	0.04186	0.00905	0.00267	0.00664	0.08390	0.00558	0.00845
6	0.06867	0.06478	0.05666	0.01738	0.12422	0.07298	0.01182	0.10188	0.01649	0.02259	0.01903	0.09893	0.01919	0.21888	0.05263	0.00407	0.00846	0.00859	0.00464	0.00809
7	0.01144	0.01416	0.16065	0.01276	0.01560	0.01022	0.01173	0.01441	0.01276	0.01798	0.02253	0.12269	0.02356	0.23078	0.21176	0.00640	0.03667	0.05270	0.00438	0.00681
8	0.02852	0.01977	0.02083	0.01615	0.02181	0.06277	0.01326	0.51824	0.03090	0.16474	0.01913	0.01852	0.01321	0.00870	0.00723	0.00218	0.00798	0.00657	0.00737	0.01212
9	0.01316	0.00979	0.01189	0.01149	0.01350	0.00996	0.00839	0.12336	0.04254	0.02337	0.02964	0.38459	0.03247	0.07999	0.10741	0.00418	0.00731	0.01402	0.00610	0.06683
10	0.15012	0.01784	0.01825	0.01509	0.01969	0.15436	0.08046	0.02921	0.12960	0.20318	0.02032	0.02040	0.01464	0.00812	0.00662	0.00217	0.00776	0.00646	0.08584	0.00986
11	0.11001	0.12463	0.14928	0.01534	0.02153	0.20611	0.01436	0.06118	0.01770	0.06499	0.01300	0.01448	0.01010	0.00692	0.00601	0.00186	0.00903	0.00482	0.00424	0.14443
12	0.00956	0.00715	0.00864	0.00954	0.01080	0.00661	0.00697	0.01123	0.01484	0.01889	0.04820	0.29890	0.25362	0.12313	0.01313	0.00345	0.00492	0.13809	0.00641	0.00592

[dist]
# distance from previous block
# <min> <max>
0	2

[block]
# block no. 2 follows, 28 sequences, length 15
# corresponding to MSA columns:
# 113-123,171-174
name=unknown_C
#
# <colnr> <probs for GDERKNQSTAVLIFYWHMCP>
#	G	D	E	R	K	N	Q	S	T	A	V	L	I	F	Y	W	H	M	C	P
0	0.01371	0.01183	0.05155	0.01257	0.01585	0.01043	0.04534	0.04267	0.12008	0.05892	0.19931	0.22699	0.07265	0.01427	0.00814	0.00241	0.00534	0.01266	0.00674	0.06851
1	0.01788	0.20802	0.01859	0.01080	0.01456	0.06660	0.00913	0.10468	0.01783	0.02567	0.01777	0.02029	0.01433	0.00948	0.03279	0.00209	0.00656	0.00576	0.35693	0.04025
2	0.07461	0.07102	0.36496	0.01887	0.07456	0.01685	0.01949	0.09069	0.01712	0.02596	0.01314	0.01523	0.00991	0.00673	0.00637	0.00200	0.00875	0.00518	0.00389	0.15469
3	0.02122	0.13540	0.02355	0.02033	0.10884	0.34040	0.01451	0.02353	0.01683	0.01831	0.01218	0.01581	0.01075	0.01368	0.09640	0.00325	0.10737	0.00540	0.00357	0.00867
4	0.61221	0.01898	0.01305	0.01175	0.01607	0.18333	0.00935	0.02320	0.01434	0.02907	0.01039	0.01212	0.00823	0.00693	0.00499	0.00216	0.00741	0.00411	0.00432	0.00800
5	0.01313	0.01183	0.01511	0.06532	0.01772	0.06303	0.05349	0.01711	0.06777	0.02009	0.11121	0.07452	0.05333	0.11534	0.21585	0.00568	0.05776	0.00957	0.00494	0.00720
6	0.06812	0.00783	0.00954	0.01008	0.01177	0.00745	0.00754	0.01359	0.01612	0.05714	0.15914	0.33941	0.14260	0.01847	0.00870	0.00273	0.00453	0.10164	0.00692	0.00669
7	0.59346	0.01462	0.01294	0.01093	0.01575	0.01632	0.00901	0.10594	0.01629	0.12693	0.01361	0.01431	0.00984	0.00731	0.00524	0.00224	0.00600	0.00473	0.00547	0.00906
8	0.01042	0.00766	0.01102	0.01102	0.01209	0.00873	0.00826	0.01255	0.01149	0.01638	0.02008	0.03192	0.01963	0.17674	0.59551	0.01086	0.01727	0.00828	0.00398	0.00612
9	0.01874	0.04429	0.02864	0.20039	0.11914	0.19360	0.20841	0.02299	0.01720	0.02051	0.01429	0.02054	0.01181	0.00749	0.00751	0.00228	0.01096	0.03842	0.00370	0.00908
10	0.01077	0.00731	0.00905	0.00861	0.01037	0.00680	0.00646	0.01409	0.01938	0.02821	0.53775	0.05039	0.09764	0.01393	0.00795	0.00219	0.00344	0.01214	0.14672	0.00680
11	0.05958	0.02043	0.11380	0.01903	0.02441	0.09471	0.14917	0.02744	0.10470	0.17043	0.01922	0.02214	0.01450	0.00884	0.00930	0.00243	0.09129	0.03309	0.00535	0.01012
12	0.01472	0.01491	0.01360	0.01318	0.01527	0.19636	0.01016	0.01708	0.01482	0.01765	0.02395	0.03150	0.08857	0.03649	0.41741	0.00769	0.01548	0.03991	0.00430	0.00698
13	0.17437	0.01526	0.02121	0.11996	0.25014	0.01634	0.03911	0.08906	0.05383	0.07250	0.01587	0.01855	0.01214	0.00735	0.00659	0.00221	0.00754	0.00622	0.06169	0.01006
14	0.39922	0.01731	0.01723	0.01618	0.08738	0.07273	0.03814	0.14335	0.01798	0.03167	0.01241	0.01425	0.00963	0.00698	0.00571	0.00208	0.00721	0.00497	0.00481	0.09075

[dist]
# distance from previous block
# <min> <max>
9	20

[block]
# block no. 3 follows, 28 sequences, length 121
# corresponding to MSA columns:
# 195-315
name=unknown_D
#
# <colnr> <probs for GDERKNQSTAVLIFYWHMCP>
#	G	D	E	R	K	N	Q	S	T	A	V	L	I	F	Y	W	H	M	C	P
0	0.01365	0.01277	0.01208	0.01247	0.01440	0.13601	0.00963	0.01699	0.05220	0.02160	0.13397	0.22670	0.09596	0.01702	0.00874	0.00270	0.00645	0.19319	0.00641	0.00704
1	0.08316	0.01345	0.01659	0.01321	0.01849	0.01297	0.01078	0.06487	0.14145	0.50434	0.02702	0.02393	0.01778	0.00898	0.00713	0.00229	0.00615	0.00720	0.00831	0.01190
2	0.01581	0.09843	0.57912	0.02114	0.06473	0.05263	0.02473	0.02317	0.01562	0.02228	0.01273	0.01505	0.00935	0.00685	0.00671	0.00221	0.01049	0.00527	0.00313	0.01054
3	0.06953	0.01782	0.02544	0.06868	0.44958	0.04621	0.01891	0.10903	0.07543	0.02727	0.01515	0.01817	0.01212	0.00716	0.00703	0.00220	0.00835	0.00640	0.00445	0.01110
4	0.01871	0.01319	0.01591	0.01359	0.01691	0.01462	0.01083	0.28842	0.02141	0.06455	0.01934	0.02499	0.01629	0.07799	0.34098	0.00695	0.01321	0.00743	0.00559	0.00910
5	0.01322	0.01091	0.01209	0.01186	0.01438	0.01172	0.00880	0.02374	0.33136	0.02472	0.06553	0.27363	0.13723	0.01571	0.00826	0.00262	0.00483	0.01368	0.00710	0.00862
6	0.44883	0.01749	0.01891	0.01711	0.07316	0.08601	0.10898	0.07768	0.01623	0.02978	0.01286	0.01666	0.01041	0.00737	0.00596	0.00227	0.00783	0.02907	0.00455	0.00884
7	0.17835	0.01599	0.02600	0.02747	0.25484	0.01616	0.18989	0.02312	0.05082	0.05754	0.01622	0.04513	0.01320	0.00744	0.00700	0.00228	0.00829	0.00718	0.04318	0.00990
8	0.01653	0.01779	0.15190	0.07605	0.02397	0.01345	0.08078	0.10616	0.01908	0.07218	0.13800	0.08539	0.02451	0.00975	0.00744	0.00217	0.00744	0.00858	0.00548	0.13337
9	0.01250	0.00846	0.00856	0.00826	0.01016	0.04193	0.00620	0.01565	0.01752	0.02647	0.26299	0.04095	0.11577	0.01182	0.00679	0.00200	0.00392	0.00990	0.38335	0.00681
10	0.01866	0.01787	0.02252	0.33610	0.08599	0.10654	0.05135	0.12090	0.12005	0.02494	0.01605	0.01937	0.01214	0.00779	0.00726	0.00230	0.00933	0.00662	0.00458	0.00962
11	0.01597	0.22619	0.50353	0.01889	0.02830	0.02010	0.04771	0.02270	0.01526	0.02146	0.01233	0.01453	0.00931	0.00669	0.00637	0.00211	0.01001	0.00510	0.00310	0.01033
12	0.01083	0.00731	0.00891	0.00893	0.01068	0.00661	0.00653	0.01330	0.01749	0.05551	0.29162	0.22666	0.20928	0.01689	0.00840	0.00244	0.00381	0.01476	0.07332	0.00669
13	0.01029	0.00743	0.00972	0.00914	0.01086	0.00686	0.00686	0.01372	0.02058	0.02915	0.69536	0.05430	0.06859	0.01486	0.00857	0.00229	0.00343	0.01315	0.00800	0.00686
14	0.00930	0.00720	0.00843	0.00906	0.01068	0.00646	0.00671	0.01122	0.01593	0.02016	0.11049	0.25078	0.35245	0.05340	0.01029	0.00290	0.00435	0.09733	0.00674	0.00612
15	0.02963	0.01715	0.01983	0.01520	0.02094	0.01778	0.01256	0.41819	0.02881	0.31016	0.02196	0.02038	0.01462	0.00883	0.00729	0.00221	0.00727	0.00685	0.00796	0.01237
16	0.01142	0.00789	0.00988	0.00962	0.01120	0.00850	0.00743	0.01413	0.01441	0.02169	0.08730	0.03695	0.14495	0.02729	0.25715	0.00549	0.05699	0.00920	0.25185	0.00664
17	0.01507	0.01292	0.01507	0.01077	0.01723	0.00969	0.00861	0.01830	0.01507	0.02369	0.01292	0.01507	0.01077	0.00538	0.00538	0.00108	0.00538	0.00431	0.00431	0.78898
18	0.29151	0.01552	0.01554	0.01211	0.01769	0.01581	0.00989	0.21376	0.01978	0.03335	0.01328	0.01464	0.01023	0.00685	0.00563	0.00181	0.00624	0.00484	0.00525	0.28625
19	0.01391	0.00971	0.01151	0.01118	0.01218	0.05789	0.00800	0.01508	0.09429	0.01596	0.01587	0.02326	0.01459	0.02741	0.14889	0.49545	0.00910	0.00670	0.00386	0.00516
20	0.01064	0.00740	0.00971	0.00971	0.01043	0.00803	0.00674	0.01210	0.01137	0.01616	0.02126	0.03714	0.02196	0.36642	0.36810	0.00903	0.01294	0.00900	0.04631	0.00556
21	0.01991	0.15128	0.08114	0.12112	0.02551	0.02081	0.01488	0.19951	0.23544	0.02968	0.01897	0.01961	0.01430	0.00827	0.00681	0.00221	0.00772	0.00649	0.00560	0.01076
22	0.02110	0.30121	0.20069	0.01689	0.02333	0.28316	0.01669	0.02481	0.01710	0.01886	0.01127	0.01314	0.00931	0.00687	0.00594	0.00186	0.01052	0.00456	0.00334	0.00935
23	0.01926	0.01341	0.01438	0.01259	0.01594	0.08004	0.00991	0.13942	0.02087	0.15986	0.14559	0.09363	0.09706	0.01814	0.09817	0.00353	0.00801	0.03448	0.00684	0.00889
24	0.02181	0.02092	0.03196	0.02406	0.02974	0.15409	0.36490	0.02610	0.01796	0.14514	0.01610	0.01893	0.01183	0.00750	0.00931	0.00237	0.07546	0.00739	0.00461	0.00983
25	0.01534	0.01455	0.02436	0.36053	0.34798	0.01597	0.02014	0.01973	0.01561	0.02104	0.01752	0.02228	0.05858	0.00768	0.00733	0.00230	0.00878	0.00709	0.00365	0.00953
26	0.01959	0.02582	0.22408	0.08135	0.03050	0.09722	0.15964	0.17062	0.04519	0.02732	0.01466	0.01728	0.01086	0.00757	0.00798	0.00231	0.03677	0.00648	0.00440	0.01035
27	0.02284	0.01459	0.01433	0.01258	0.01610	0.13750	0.00983	0.05743	0.01890	0.27119	0.02538	0.11620	0.02100	0.01290	0.04016	0.00264	0.00738	0.03224	0.15757	0.00926
28	0.00960	0.00688	0.00921	0.01040	0.01129	0.00648	0.00752	0.01165	0.01580	0.02136	0.18367	0.49025	0.05164	0.02063	0.00924	0.00287	0.00442	0.11384	0.00701	0.00623
29	0.01296	0.01133	0.07117	0.04060	0.06916	0.00935	0.01076	0.04576	0.01662	0.06998	0.11735	0.40436	0.05799	0.01682	0.00850	0.00263	0.00552	0.01502	0.00640	0.00772
30	0.02241	0.22775	0.02131	0.01205	0.01683	0.04145	0.01034	0.02590	0.04972	0.28411	0.13523	0.02884	0.07468	0.00984	0.00681	0.00206	0.00625	0.00781	0.00667	0.00992
31	0.03109	0.01313	0.01703	0.01313	0.01859	0.01201	0.01082	0.11610	0.02225	0.58868	0.02701	0.02392	0.01731	0.00894	0.00720	0.00221	0.00629	0.00719	0.04499	0.01211
32	0.02247	0.01191	0.01478	0.01260	0.01653	0.01166	0.00990	0.08409	0.13764	0.31830	0.11493	0.15793	0.03015	0.01237	0.00784	0.00241	0.00556	0.01057	0.00803	0.01034
33	0.01597	0.01824	0.09687	0.18481	0.16318	0.01760	0.17194	0.02207	0.06581	0.02200	0.01534	0.02142	0.01253	0.00825	0.00984	0.00251	0.10512	0.03307	0.00384	0.00960
34	0.01559	0.00869	0.01025	0.00932	0.01244	0.00743	0.00717	0.01764	0.01747	0.21803	0.05646	0.13941	0.41966	0.01622	0.00830	0.00246	0.00447	0.01367	0.00740	0.00792
35	0.02583	0.01127	0.01438	0.01160	0.01626	0.01005	0.00939	0.02966	0.06342	0.48557	0.03714	0.03380	0.14962	0.01084	0.00743	0.00227	0.00550	0.00889	0.05633	0.01076
36	0.61909	0.01889	0.03752	0.01173	0.01631	0.15167	0.00975	0.02291	0.01407	0.02940	0.01044	0.01219	0.00821	0.00690	0.00498	0.00218	0.00726	0.00413	0.00430	0.00808
37	0.01154	0.00861	0.01021	0.01012	0.01199	0.00831	0.00741	0.09582	0.01868	0.02481	0.20188	0.33601	0.19080	0.01812	0.00870	0.00258	0.00439	0.01589	0.00712	0.00701
38	0.02300	0.06192	0.02538	0.02708	0.24210	0.34048	0.04890	0.07670	0.04532	0.02261	0.01332	0.01581	0.01086	0.00722	0.00686	0.00202	0.01068	0.00569	0.00408	0.00996
39	0.01562	0.00751	0.00815	0.00764	0.00985	0.00724	0.00585	0.01889	0.01617	0.11064	0.05054	0.02924	0.04303	0.00910	0.00560	0.00181	0.00374	0.00736	0.63456	0.00745
40	0.00886	0.00633	0.00843	0.01012	0.01054	0.00590	0.00675	0.01012	0.01392	0.01856	0.04006	0.73979	0.04808	0.02277	0.00928	0.00295	0.00422	0.02066	0.00675	0.00590
41	0.01569	0.01585	0.02240	0.57963	0.10907	0.09724	0.01968	0.02014	0.01543	0.01898	0.01280	0.01852	0.00983	0.00722	0.00718	0.00233	0.00998	0.00626	0.00332	0.00845
42	0.00937	0.00700	0.00862	0.00903	0.01038	0.00635	0.00640	0.01151	0.01682	0.02245	0.28304	0.30637	0.20978	0.04664	0.00993	0.00275	0.00391	0.01630	0.00711	0.00625
43	0.00980	0.00763	0.00896	0.00952	0.01147	0.00692	0.00755	0.01209	0.01645	0.02056	0.09689	0.09878	0.38965	0.05678	0.01056	0.00299	0.00481	0.21567	0.00669	0.00626
44	0.02653	0.10925	0.02332	0.01686	0.02207	0.24204	0.01373	0.39534	0.02764	0.03364	0.01464	0.01541	0.01106	0.00805	0.00674	0.00201	0.00959	0.00565	0.00568	0.01077
45	0.01624	0.28091	0.47811	0.01789	0.02708	0.02095	0.02192	0.02259	0.01515	0.02100	0.01204	0.01409	0.00925	0.00667	0.00614	0.00205	0.00973	0.00486	0.00308	0.01026
46	0.15297	0.05738	0.14147	0.01505	0.01926	0.15090	0.01408	0.02119	0.01543	0.02291	0.01657	0.02545	0.01499	0.00989	0.00888	0.00238	0.10740	0.10095	0.09455	0.00828
47	0.02300	0.01446	0.01645	0.01374	0.01806	0.01537	0.01078	0.14950	0.29187	0.22345	0.02627	0.02730	0.01975	0.10308	0.01112	0.00294	0.00645	0.00796	0.00745	0.01100
48	0.03261	0.01237	0.01687	0.01293	0.01856	0.01068	0.01068	0.03543	0.02081	0.70423	0.02868	0.02474	0.01799	0.00900	0.00731	0.00225	0.00619	0.00731	0.00900	0.01237
49	0.01205	0.00928	0.01138	0.01141	0.01359	0.00944	0.00908	0.01865	0.15230	0.02592	0.28602	0.09226	0.10373	0.01607	0.00880	0.00268	0.00490	0.19748	0.00733	0.00763
50	0.02978	0.01154	0.01537	0.01202	0.01706	0.01010	0.00985	0.03268	0.01998	0.60371	0.02794	0.02509	0.01809	0.00892	0.00698	0.00217	0.00577	0.00723	0.12418	0.01154
51	0.00922	0.00659	0.00885	0.01054	0.01112	0.00622	0.00738	0.01075	0.01428	0.01896	0.03986	0.65593	0.04728	0.02243	0.00938	0.00300	0.00453	0.10094	0.00674	0.00600
52	0.01943	0.74891	0.03809	0.01244	0.01866	0.02876	0.01244	0.02177	0.01477	0.01710	0.01011	0.01166	0.00933	0.00622	0.00466	0.00155	0.00777	0.00389	0.00311	0.00933
53	0.01038	0.00779	0.01168	0.01168	0.01298	0.00909	0.00909	0.01298	0.01168	0.01687	0.01947	0.02856	0.01817	0.05452	0.71573	0.01168	0.01947	0.00779	0.00389	0.00649
54	0.79588	0.01406	0.01068	0.00956	0.01406	0.01631	0.00787	0.02137	0.01237	0.03261	0.01012	0.01181	0.00787	0.00675	0.00450	0.00225	0.00562	0.00394	0.00450	0.00787
55	0.01055	0.00794	0.01010	0.01098	0.01291	0.00748	0.00918	0.01343	0.01713	0.02194	0.12575	0.07496	0.25321	0.01894	0.00941	0.00294	0.00536	0.37440	0.00686	0.00654
56	0.01072	0.00796	0.01101	0.01086	0.01168	0.00909	0.00793	0.01244	0.01130	0.01602	0.02007	0.03398	0.02037	0.27206	0.46534	0.00978	0.05087	0.00860	0.00402	0.00590
57	0.01373	0.01292	0.02180	0.72707	0.05006	0.01615	0.02019	0.01857	0.01453	0.01857	0.01292	0.01938	0.00969	0.00727	0.00727	0.00242	0.00969	0.00646	0.00323	0.00807
58	0.01586	0.01102	0.01448	0.11859	0.02039	0.01157	0.01155	0.13569	0.01981	0.08370	0.10753	0.17921	0.05448	0.01504	0.00853	0.00268	0.00638	0.16857	0.00664	0.00826
59	0.01986	0.01996	0.02868	0.06222	0.41757	0.11028	0.09886	0.08917	0.01872	0.02477	0.01372	0.01748	0.01113	0.00700	0.00775	0.00220	0.02942	0.00650	0.00397	0.01076
60	0.01821	0.02442	0.19411	0.02223	0.02818	0.08628	0.20833	0.07926	0.07401	0.02405	0.01443	0.01766	0.01119	0.00831	0.01083	0.00248	0.15530	0.00677	0.00406	0.00989
61	0.01007	0.00684	0.00807	0.00856	0.00869	0.00672	0.00508	0.01044	0.01154	0.01539	0.02788	0.24831	0.03271	0.53523	0.02896	0.00586	0.00623	0.01350	0.00508	0.00484
62	0.06513	0.02111	0.02093	0.01947	0.10493	0.16956	0.01397	0.28901	0.02520	0.17315	0.01761	0.01781	0.01256	0.00814	0.00698	0.00213	0.00869	0.00616	0.00627	0.01118
63	0.02062	0.42130	0.16618	0.01465	0.02155	0.06233	0.01513	0.05627	0.01686	0.09654	0.01329	0.01435	0.01048	0.00683	0.00567	0.00181	0.00841	0.00476	0.00404	0.03893
64	0.02030	0.28782	0.17456	0.01827	0.07009	0.17505	0.01657	0.05918	0.07424	0.02162	0.01327	0.01483	0.01071	0.00710	0.00611	0.00194	0.00948	0.00507	0.00386	0.00993
65	0.01742	0.05701	0.17077	0.10015	0.12485	0.06567	0.04277	0.02548	0.14982	0.05557	0.07492	0.02213	0.01775	0.00844	0.00780	0.00229	0.03525	0.00701	0.00480	0.01008
66	0.17176	0.01589	0.01535	0.01207	0.01760	0.10444	0.00965	0.02414	0.01656	0.17662	0.01567	0.01634	0.01163	0.00673	0.00580	0.00167	0.00663	0.00496	0.00532	0.36117
67	0.01712	0.01416	0.01631	0.01419	0.01730	0.01634	0.01125	0.12743	0.30342	0.03054	0.20611	0.03136	0.03143	0.01147	0.01014	0.00248	0.11317	0.00903	0.00692	0.00984
68	0.01302	0.01141	0.01208	0.04814	0.01548	0.04519	0.00883	0.02090	0.21197	0.02537	0.23486	0.04756	0.24925	0.01378	0.00807	0.00238	0.00499	0.01165	0.00697	0.00812
69	0.01178	0.00831	0.01055	0.00976	0.01183	0.00795	0.00739	0.01663	0.07702	0.05426	0.61420	0.05090	0.06278	0.01422	0.00843	0.00230	0.00373	0.01251	0.00799	0.00746
70	0.02960	0.01170	0.01590	0.01242	0.01752	0.01017	0.01017	0.03250	0.02077	0.61320	0.11858	0.02873	0.02482	0.00979	0.00748	0.00225	0.00581	0.00810	0.00886	0.01163
71	0.00998	0.00684	0.00806	0.00856	0.00879	0.00667	0.00515	0.01043	0.01181	0.01565	0.03008	0.25517	0.06005	0.49958	0.02757	0.00564	0.00607	0.01378	0.00520	0.00492
72	0.01004	0.00742	0.00937	0.00888	0.01070	0.00675	0.00666	0.01323	0.01998	0.02774	0.60301	0.05662	0.16181	0.01539	0.00858	0.00231	0.00347	0.01347	0.00782	0.00675
73	0.10965	0.02293	0.01794	0.01603	0.01998	0.30102	0.01280	0.19904	0.02252	0.02782	0.01857	0.02875	0.01689	0.01041	0.00726	0.00231	0.00954	0.14207	0.00540	0.00906
74	0.01022	0.00733	0.00827	0.00817	0.01020	0.00661	0.00621	0.01296	0.01768	0.02430	0.27172	0.05755	0.32829	0.01550	0.00802	0.00231	0.00370	0.04618	0.14824	0.00652
75	0.79588	0.01406	0.01068	0.00956	0.01406	0.01631	0.00787	0.02137	0.01237	0.03261	0.01012	0.01181	0.00787	0.00675	0.00450	0.00225	0.00562	0.00394	0.00450	0.00787
76	0.01786	0.01369	0.01924	0.01654	0.01781	0.01761	0.01364	0.01987	0.01299	0.14187	0.01493	0.01996	0.01275	0.02014	0.15481	0.00466	0.46198	0.00681	0.00437	0.00847
77	0.23254	0.01603	0.01687	0.01338	0.01858	0.01718	0.01102	0.31112	0.02413	0.20151	0.01856	0.01823	0.01286	0.00825	0.00643	0.00219	0.00668	0.00605	0.04752	0.01088
78	0.01930	0.02036	0.02089	0.01790	0.02054	0.22373	0.06917	0.07485	0.04154	0.02103	0.01409	0.01856	0.01215	0.01764	0.14036	0.00412	0.22146	0.00641	0.02748	0.00844
79	0.02071	0.01403	0.01565	0.01343	0.01730	0.01521	0.01035	0.11257	0.35393	0.15910	0.02668	0.02916	0.02092	0.14274	0.01273	0.00322	0.00635	0.00826	0.00715	0.01049
80	0.01846	0.01346	0.01477	0.01257	0.01586	0.01473	0.00971	0.25992	0.13837	0.03163	0.07896	0.02969	0.02257	0.14601	0.06210	0.00373	0.00728	0.00824	0.10273	0.00920
81	0.01563	0.00887	0.01126	0.01006	0.01279	0.00816	0.00775	0.01949	0.05242	0.18107	0.39236	0.07883	0.11593	0.01378	0.00813	0.00231	0.00423	0.01192	0.03679	0.00822
82	0.04952	0.01174	0.01313	0.01105	0.01464	0.01205	0.00869	0.14244	0.08416	0.19467	0.02379	0.02596	0.01795	0.07114	0.00893	0.00247	0.00552	0.00722	0.28550	0.00944
83	0.00909	0.00731	0.00811	0.00805	0.01016	0.00633	0.00599	0.01135	0.01754	0.02228	0.24912	0.10956	0.47421	0.01768	0.00863	0.00244	0.00364	0.01506	0.00711	0.00633
84	0.02136	0.00972	0.01280	0.01069	0.01427	0.00868	0.00849	0.02449	0.02007	0.35230	0.29820	0.03699	0.03856	0.01131	0.00756	0.00220	0.00474	0.00961	0.09846	0.00949
85	0.01925	0.26688	0.12164	0.17584	0.13273	0.01990	0.01739	0.02335	0.01597	0.12127	0.01444	0.01679	0.01102	0.00700	0.00633	0.00204	0.00850	0.00557	0.00408	0.01004
86	0.01057	0.00705	0.00793	0.00793	0.00793	0.00705	0.00440	0.01057	0.01057	0.01409	0.02290	0.04757	0.02643	0.74454	0.03700	0.00705	0.00705	0.01057	0.00440	0.00440
87	0.01244	0.00905	0.01107	0.01083	0.01213	0.00990	0.00765	0.01749	0.16866	0.01872	0.02358	0.09324	0.02328	0.24254	0.18629	0.12273	0.00932	0.00959	0.00500	0.00650
88	0.02517	0.01626	0.02439	0.02475	0.21430	0.01600	0.09129	0.15334	0.04733	0.28024	0.02069	0.02093	0.01443	0.00793	0.00742	0.00224	0.00791	0.00711	0.00646	0.01180
89	0.16257	0.13168	0.09126	0.01647	0.04684	0.18220	0.01393	0.13048	0.11090	0.02735	0.01465	0.01569	0.01139	0.00759	0.00619	0.00208	0.00872	0.00535	0.00478	0.00987
90	0.01560	0.01467	0.02435	0.23724	0.36306	0.01634	0.01945	0.01961	0.01487	0.02082	0.01383	0.01956	0.01166	0.01338	0.09901	0.00354	0.07335	0.00663	0.00349	0.00956
91	0.01115	0.00681	0.00798	0.00848	0.00948	0.00662	0.00587	0.01327	0.01465	0.02221	0.10679	0.25304	0.03551	0.14737	0.01270	0.00317	0.00441	0.03176	0.29265	0.00609
92	0.01539	0.11987	0.26956	0.12491	0.08547	0.05104	0.05316	0.02082	0.01652	0.02246	0.13153	0.02258	0.01994	0.00821	0.00705	0.00219	0.00894	0.00692	0.00407	0.00939
93	0.00899	0.00738	0.00792	0.00778	0.01006	0.00631	0.00584	0.01120	0.01751	0.02187	0.21933	0.06629	0.54916	0.01758	0.00859	0.00242	0.00362	0.01483	0.00704	0.00631
94	0.00927	0.00699	0.01015	0.01114	0.01191	0.00652	0.03983	0.01078	0.01408	0.01879	0.03880	0.70402	0.04624	0.02195	0.00924	0.00293	0.00462	0.02006	0.00660	0.00610
95	0.06803	0.01699	0.01889	0.01466	0.02007	0.01801	0.01207	0.42737	0.02821	0.21619	0.02045	0.01974	0.01404	0.00868	0.00698	0.00217	0.00708	0.00662	0.06200	0.01174
96	0.01603	0.16631	0.31410	0.01791	0.05110	0.01897	0.01858	0.02437	0.13701	0.02335	0.07310	0.02022	0.01674	0.00840	0.00799	0.00225	0.06279	0.00638	0.00431	0.01010
97	0.01111	0.00846	0.01043	0.00998	0.01194	0.00834	0.00748	0.01655	0.11051	0.02723	0.47560	0.11246	0.10237	0.01666	0.03567	0.00274	0.00445	0.01310	0.00756	0.00734
98	0.06470	0.01554	0.01775	0.01427	0.01887	0.01671	0.01157	0.36402	0.02520	0.16578	0.01988	0.02208	0.01497	0.05353	0.13705	0.00416	0.00956	0.00698	0.00671	0.01067
99	0.01826	0.43758	0.15516	0.13274	0.02650	0.08275	0.01647	0.02208	0.01533	0.01848	0.01120	0.01373	0.00937	0.00662	0.00566	0.00186	0.00908	0.00465	0.00318	0.00930
100	0.01769	0.01730	0.02027	0.23425	0.09428	0.13310	0.04146	0.04766	0.07397	0.02282	0.01525	0.01861	0.01196	0.00721	0.00668	0.00199	0.00856	0.00603	0.06770	0.15321
101	0.05086	0.20519	0.12579	0.14066	0.05933	0.10688	0.01612	0.02339	0.08828	0.02099	0.01538	0.02019	0.01293	0.01007	0.03957	0.00258	0.00944	0.03916	0.00398	0.00922
102	0.00887	0.00660	0.00827	0.00948	0.01040	0.00600	0.00649	0.01037	0.01482	0.01931	0.07952	0.56150	0.18900	0.02144	0.00910	0.00281	0.00406	0.01915	0.00681	0.00600
103	0.65661	0.01520	0.01270	0.01086	0.01560	0.01744	0.00895	0.13986	0.01632	0.03501	0.01145	0.01283	0.00869	0.00711	0.00500	0.00224	0.00605	0.00441	0.00500	0.00869
104	0.79588	0.01406	0.01068	0.00956	0.01406	0.01631	0.00787	0.02137	0.01237	0.03261	0.01012	0.01181	0.00787	0.00675	0.00450	0.00225	0.00562	0.00394	0.00450	0.00787
105	0.01373	0.01292	0.02180	0.72707	0.05006	0.01615	0.02019	0.01857	0.01453	0.01857	0.01292	0.01938	0.00969	0.00727	0.00727	0.00242	0.00969	0.00646	0.00323	0.00807
106	0.02111	0.16730	0.02091	0.01466	0.01842	0.26745	0.01171	0.05576	0.04915	0.07782	0.01851	0.11267	0.01707	0.01555	0.09709	0.00328	0.01049	0.00751	0.00482	0.00870
107	0.01011	0.00758	0.00965	0.01085	0.01244	0.00712	0.00871	0.01252	0.01600	0.02036	0.04906	0.23856	0.23310	0.02025	0.00943	0.00299	0.00522	0.31297	0.00672	0.00634
108	0.01882	0.65822	0.12336	0.01349	0.02029	0.02725	0.01428	0.02193	0.01484	0.01786	0.01048	0.01213	0.00931	0.00631	0.00495	0.00165	0.00815	0.00408	0.00310	0.00951
109	0.01784	0.01791	0.01645	0.04202	0.01831	0.22025	0.01181	0.07482	0.01645	0.02032	0.01576	0.02168	0.01398	0.05130	0.26031	0.00572	0.10533	0.00657	0.05543	0.00775
110	0.01504	0.01956	0.25117	0.07697	0.05667	0.01248	0.01676	0.04067	0.01656	0.09015	0.02798	0.14950	0.07970	0.01264	0.00798	0.00257	0.00776	0.10157	0.00527	0.00901
111	0.00871	0.00688	0.00786	0.00865	0.01016	0.00603	0.00609	0.01029	0.01533	0.01913	0.05796	0.38269	0.39363	0.02045	0.00891	0.00269	0.00393	0.01783	0.00675	0.00603
112	0.01164	0.00813	0.01042	0.01098	0.01307	0.00761	0.00913	0.01456	0.01753	0.05630	0.15749	0.07117	0.22740	0.01819	0.00926	0.00287	0.00528	0.33507	0.00704	0.00685
113	0.01893	0.02294	0.15126	0.11143	0.27132	0.10609	0.10849	0.05394	0.01768	0.04844	0.01403	0.01749	0.01083	0.00693	0.00726	0.00222	0.01007	0.00636	0.00386	0.01043
114	0.01252	0.01374	0.10258	0.01419	0.01607	0.01341	0.01236	0.01506	0.01177	0.01728	0.01651	0.02704	0.01621	0.17300	0.29499	0.00716	0.21774	0.00763	0.00369	0.00703
115	0.01351	0.00833	0.01051	0.01059	0.01252	0.00784	0.00831	0.01567	0.01589	0.10997	0.07238	0.06212	0.16284	0.19937	0.01607	0.00390	0.00597	0.25095	0.00650	0.00677
116	0.02723	0.01555	0.01570	0.01295	0.01738	0.14629	0.01030	0.02999	0.02004	0.42774	0.08121	0.02530	0.02069	0.00914	0.00699	0.00211	0.00694	0.00723	0.10682	0.01043
117	0.02120	0.15069	0.06386	0.09013	0.10223	0.17808	0.11076	0.13179	0.04000	0.02448	0.01364	0.01619	0.01074	0.00718	0.00682	0.00208	0.01004	0.00592	0.00421	0.00996
118	0.14268	0.09091	0.22247	0.01581	0.05578	0.01562	0.01519	0.07852	0.01752	0.08381	0.09477	0.07270	0.04594	0.00957	0.00680	0.00225	0.00735	0.00765	0.00515	0.00951
119	0.01057	0.00705	0.00793	0.00793	0.00793	0.00705	0.00440	0.01057	0.01057	0.01409	0.02290	0.04757	0.02643	0.74454	0.03700	0.00705	0.00705	0.01057	0.00440	0.00440
120	0.01855	0.02569	0.20092	0.02049	0.11329	0.20808	0.01705	0.07416	0.01871	0.02310	0.05981	0.02497	0.10723	0.00948	0.00809	0.00222	0.04710	0.00728	0.00445	0.00934

[dist]
# distance from previous block
# <min> <max>
0	1

[block]
# block no. 4 follows, 28 sequences, length 8
# corresponding to MSA columns:
# 317-324
name=unknown_E
#
# <colnr> <probs for GDERKNQSTAVLIFYWHMCP>
#	G	D	E	R	K	N	Q	S	T	A	V	L	I	F	Y	W	H	M	C	P
0	0.01927	0.01738	0.02614	0.03558	0.48774	0.01811	0.01925	0.11086	0.13962	0.02784	0.01704	0.01957	0.01355	0.00738	0.00724	0.00222	0.00803	0.00680	0.00477	0.01162
1	0.01388	0.01187	0.01528	0.01407	0.01580	0.01460	0.01109	0.02123	0.20454	0.02073	0.02026	0.02630	0.01779	0.07153	0.31363	0.00681	0.17993	0.00774	0.00476	0.00815
2	0.12525	0.01886	0.02666	0.03625	0.49653	0.09369	0.05375	0.02297	0.01646	0.02428	0.01298	0.01670	0.01076	0.00661	0.00683	0.00216	0.00891	0.00604	0.00374	0.01059
3	0.01161	0.00878	0.01015	0.01062	0.01259	0.00886	0.00810	0.01736	0.14634	0.02260	0.04364	0.25495	0.18651	0.01724	0.00844	0.00268	0.00474	0.12697	0.09053	0.00728
4	0.02356	0.36760	0.02875	0.01580	0.02069	0.39530	0.01330	0.02564	0.01788	0.01747	0.01071	0.01243	0.00935	0.00690	0.00567	0.00172	0.01062	0.00431	0.00345	0.00885
5	0.01588	0.01159	0.01389	0.01073	0.01600	0.00906	0.00841	0.01870	0.01567	0.10275	0.02215	0.12258	0.05658	0.00904	0.00635	0.00156	0.00521	0.00763	0.00535	0.54086
6	0.01095	0.00788	0.01002	0.01103	0.01208	0.00775	0.00782	0.07703	0.01615	0.02152	0.03768	0.61855	0.04404	0.02117	0.00913	0.00290	0.00478	0.06609	0.00680	0.00661
7	0.14133	0.08400	0.06876	0.01842	0.13465	0.01560	0.01348	0.07015	0.03989	0.15330	0.01762	0.02003	0.01364	0.01744	0.15636	0.00417	0.00992	0.00626	0.00513	0.00984

[dist]
# distance from previous block
# <min> <max>
0	29

[block]
# block no. 5 follows, 28 sequences, length 53
# corresponding to MSA columns:
# 354-406
name=unknown_F
#
# <colnr> <probs for GDERKNQSTAVLIFYWHMCP>
#	G	D	E	R	K	N	Q	S	T	A	V	L	I	F	Y	W	H	M	C	P
0	0.07681	0.25415	0.02542	0.01573	0.02059	0.33510	0.01300	0.11421	0.04281	0.02282	0.01228	0.01364	0.01010	0.00729	0.00595	0.00186	0.00999	0.00476	0.00420	0.00931
1	0.01804	0.01627	0.01569	0.08032	0.01993	0.16736	0.01109	0.02242	0.08398	0.08867	0.09526	0.15108	0.02517	0.01120	0.00781	0.00216	0.02898	0.00923	0.00566	0.13969
2	0.01799	0.01727	0.02950	0.04462	0.69919	0.01727	0.02231	0.02231	0.01655	0.02375	0.01367	0.01799	0.01151	0.00648	0.00720	0.00216	0.00864	0.00648	0.00360	0.01151
3	0.02153	0.01198	0.01478	0.01246	0.01636	0.01204	0.00996	0.02836	0.17587	0.30768	0.12194	0.03532	0.12624	0.01163	0.00883	0.00240	0.05523	0.00942	0.00775	0.01021
4	0.01370	0.01265	0.02113	0.62940	0.07309	0.01543	0.01944	0.01838	0.01483	0.01909	0.01545	0.02545	0.01291	0.00849	0.00754	0.00250	0.00935	0.06947	0.00358	0.00808
5	0.00919	0.00673	0.00866	0.00972	0.01067	0.00620	0.00679	0.01100	0.01558	0.02078	0.16650	0.50811	0.13004	0.02067	0.00909	0.00278	0.00409	0.04029	0.00698	0.00614
6	0.01770	0.01697	0.02898	0.09157	0.65454	0.01719	0.02216	0.02205	0.01641	0.02339	0.01362	0.01809	0.01139	0.00653	0.00720	0.00218	0.00871	0.00648	0.00357	0.01128
