[name]
unknown

[dist]
# distance from previous block
# <min> <max>
2	511

[block]
# block no. 0 follows, 29 sequences, length 28
# corresponding to MSA columns:
# 627-654
name=unknown_A
#
# <colnr> <probs for GDERKNQSTAVLIFYWHMCP>
#	G	D	E	R	K	N	Q	S	T	A	V	L	I	F	Y	W	H	M	C	P
0	0.14113	0.01634	0.07399	0.03939	0.10084	0.03990	0.01273	0.13833	0.08894	0.07791	0.07757	0.04375	0.04996	0.00918	0.00673	0.00220	0.00668	0.00740	0.05746	0.00957
1	0.10973	0.11213	0.21242	0.03614	0.09547	0.03958	0.06056	0.08658	0.03825	0.07076	0.01430	0.01625	0.01081	0.00811	0.02448	0.00232	0.00880	0.00559	0.00428	0.04347
2	0.10830	0.04458	0.12574	0.07658	0.16859	0.03627	0.03422	0.06666	0.01649	0.07340	0.01525	0.05051	0.01247	0.00771	0.00701	0.00210	0.03062	0.00630	0.02617	0.09102
3	0.06653	0.01494	0.05225	0.18348	0.25882	0.01507	0.01636	0.06713	0.05997	0.02448	0.08489	0.02484	0.04137	0.04980	0.00871	0.00250	0.00761	0.00741	0.00455	0.00930
4	0.01100	0.00874	0.01099	0.01177	0.05735	0.00814	0.00799	0.01452	0.06119	0.02231	0.19837	0.19722	0.17032	0.06776	0.01015	0.00269	0.00466	0.04736	0.00635	0.08112
5	0.01807	0.05859	0.27497	0.08252	0.12666	0.06371	0.01932	0.09159	0.08833	0.05019	0.01530	0.01718	0.01144	0.00723	0.00675	0.00213	0.00896	0.00583	0.00428	0.04693
6	0.00903	0.00659	0.00806	0.00896	0.00974	0.00609	0.00597	0.01028	0.01394	0.01825	0.08594	0.44523	0.16578	0.15535	0.01393	0.00350	0.00450	0.01697	0.00627	0.00562
7	0.01738	0.35840	0.27694	0.06765	0.02610	0.07307	0.04855	0.02212	0.01518	0.01926	0.01141	0.01371	0.00920	0.00649	0.00585	0.00191	0.00937	0.00478	0.00311	0.00950
8	0.34398	0.01042	0.01047	0.00935	0.01254	0.01102	0.03789	0.01722	0.01490	0.02788	0.13757	0.03070	0.12546	0.01000	0.00599	0.00213	0.00470	0.00786	0.17279	0.00715
9	0.14438	0.01189	0.01245	0.01294	0.06367	0.04428	0.00909	0.06361	0.09053	0.02588	0.12474	0.13373	0.16523	0.01308	0.00737	0.00235	0.00534	0.03113	0.03041	0.00787
10	0.06580	0.00758	0.00899	0.00910	0.01088	0.00715	0.00683	0.01269	0.01720	0.02424	0.33960	0.18975	0.19435	0.01662	0.00836	0.00247	0.00395	0.06101	0.00700	0.00644
11	0.02533	0.01191	0.01570	0.06340	0.01908	0.01117	0.01055	0.09441	0.02097	0.44629	0.12939	0.03037	0.06879	0.01013	0.00742	0.00223	0.00592	0.00840	0.00795	0.01061
12	0.00965	0.00693	0.00901	0.06056	0.01211	0.00692	0.00667	0.01067	0.01243	0.01652	0.03096	0.42787	0.03636	0.29777	0.01927	0.00438	0.00557	0.01549	0.00549	0.00538
13	0.01439	0.02081	0.27627	0.01565	0.02146	0.01322	0.05724	0.11221	0.01946	0.02753	0.25626	0.08091	0.03262	0.01080	0.00766	0.00229	0.00727	0.00935	0.00558	0.00902
14	0.00889	0.00662	0.00831	0.00936	0.01040	0.00604	0.00657	0.01057	0.01503	0.01968	0.11903	0.49347	0.19177	0.02041	0.00890	0.00273	0.00404	0.04547	0.00674	0.00597
15	0.01305	0.00857	0.01069	0.00991	0.01138	0.00924	0.00749	0.01525	0.01444	0.07100	0.12302	0.03703	0.10222	0.14396	0.10542	0.00421	0.10542	0.00922	0.19176	0.00670
16	0.02595	0.11671	0.02239	0.01529	0.02079	0.05726	0.01279	0.42661	0.07645	0.12777	0.01816	0.01777	0.01300	0.00828	0.00676	0.00207	0.00767	0.00619	0.00664	0.01146
17	0.04542	0.17177	0.19503	0.01389	0.02080	0.07425	0.01406	0.02064	0.01528	0.02172	0.03184	0.01499	0.01130	0.00631	0.00566	0.00159	0.00765	0.00466	0.00374	0.31941
18	0.02027	0.29921	0.07320	0.01587	0.02151	0.11217	0.06182	0.11171	0.17095	0.02425	0.01580	0.01656	0.01249	0.00741	0.00617	0.00196	0.00838	0.00563	0.00464	0.01002
19	0.01934	0.02038	0.18242	0.01719	0.04262	0.06198	0.01593	0.05973	0.12021	0.14730	0.02120	0.02785	0.01734	0.01032	0.00967	0.00250	0.10963	0.09896	0.00549	0.00993
20	0.01036	0.00690	0.00777	0.00777	0.00777	0.00690	0.00431	0.01036	0.01036	0.01381	0.02244	0.04660	0.02589	0.74975	0.03624	0.00690	0.00690	0.01036	0.00431	0.00431
21	0.01461	0.01328	0.02127	0.34681	0.21272	0.01529	0.01753	0.03885	0.03343	0.02019	0.01461	0.02118	0.01227	0.05105	0.10062	0.00372	0.04357	0.00675	0.00363	0.00864
22	0.00896	0.00694	0.00817	0.00848	0.01011	0.00615	0.00612	0.01104	0.01660	0.02158	0.24117	0.25743	0.33518	0.01827	0.00860	0.00250	0.00369	0.01591	0.00696	0.00615
23	0.01760	0.01138	0.01353	0.01173	0.01486	0.01145	0.00912	0.20883	0.02252	0.12328	0.24663	0.18169	0.06996	0.01379	0.00800	0.00235	0.00519	0.01184	0.00745	0.00879
24	0.01783	0.01227	0.01834	0.01502	0.01842	0.01280	0.11141	0.11606	0.01770	0.14150	0.04993	0.07731	0.01983	0.04370	0.18966	0.00478	0.05832	0.00855	0.05787	0.00870
25	0.01601	0.01915	0.12552	0.02544	0.15505	0.04040	0.25066	0.04073	0.05077	0.02281	0.01798	0.07503	0.01593	0.05776	0.00959	0.00264	0.00936	0.02709	0.02874	0.00935
26	0.01666	0.10750	0.10109	0.15165	0.36910	0.01817	0.09272	0.02135	0.01561	0.02150	0.01290	0.01701	0.01043	0.00645	0.00688	0.00213	0.00913	0.00615	0.00336	0.01019
27	0.05812	0.02469	0.06476	0.01747	0.05235	0.34063	0.01369	0.11744	0.04141	0.04451	0.01586	0.03836	0.01354	0.01152	0.05394	0.00268	0.01062	0.03995	0.00467	0.03377

[dist]
# distance from previous block
# <min> <max>
2	26

[block]
# block no. 1 follows, 29 sequences, length 17
# corresponding to MSA columns:
# 681-697
name=unknown_B
#
# <colnr> <probs for GDERKNQSTAVLIFYWHMCP>
#	G	D	E	R	K	N	Q	S	T	A	V	L	I	F	Y	W	H	M	C	P
0	0.02086	0.01731	0.02128	0.02033	0.13005	0.05748	0.06973	0.31606	0.05434	0.03274	0.03710	0.05529	0.04542	0.00942	0.00729	0.00220	0.00769	0.02637	0.05874	0.01031
1	0.04440	0.01739	0.01657	0.01448	0.01782	0.16630	0.04334	0.13303	0.12395	0.04135	0.02090	0.08426	0.01829	0.04227	0.03808	0.00278	0.03117	0.02870	0.10615	0.00877
2	0.01347	0.01105	0.01337	0.08328	0.01682	0.04055	0.00986	0.09179	0.01551	0.02054	0.05493	0.03641	0.09281	0.18763	0.18937	0.00565	0.06468	0.04059	0.00480	0.00690
3	0.00903	0.00661	0.00849	0.00934	0.01033	0.00607	0.00650	0.01092	0.01573	0.02116	0.22560	0.47687	0.12770	0.01968	0.00882	0.00266	0.00386	0.01762	0.00695	0.00607
4	0.01537	0.01302	0.01509	0.01084	0.01713	0.01011	0.00869	0.05074	0.01569	0.02427	0.01288	0.01488	0.01062	0.00544	0.00536	0.00111	0.00540	0.00433	0.00436	0.75466
5	0.01729	0.01647	0.02014	0.16954	0.17633	0.10479	0.01486	0.07944	0.01739	0.02323	0.04250	0.01862	0.01326	0.00960	0.04745	0.00240	0.00876	0.00593	0.00417	0.20783
6	0.01482	0.02596	0.38917	0.01795	0.02583	0.01467	0.08842	0.07645	0.01678	0.02399	0.02019	0.06786	0.07247	0.00865	0.00708	0.00217	0.00878	0.00739	0.00412	0.10726
7	0.00896	0.00650	0.00846	0.00952	0.01034	0.00600	0.00655	0.01070	0.01523	0.02049	0.18456	0.54768	0.09798	0.02033	0.00889	0.00272	0.00393	0.01828	0.00688	0.00600
8	0.10530	0.00942	0.01082	0.01018	0.01169	0.01016	0.00721	0.07960	0.06128	0.02025	0.01877	0.06932	0.01881	0.22813	0.09114	0.22165	0.00758	0.00819	0.00456	0.00592
9	0.01925	0.16705	0.14240	0.02116	0.14032	0.14248	0.04595	0.10458	0.03784	0.02329	0.01682	0.05121	0.04137	0.00813	0.00663	0.00205	0.00901	0.00652	0.00420	0.00975
10	0.01299	0.00920	0.01084	0.00997	0.01206	0.00924	0.00735	0.05262	0.05356	0.06608	0.03685	0.07492	0.22614	0.18739	0.10042	0.03702	0.03711	0.01072	0.00558	0.03996
11	0.00886	0.00640	0.00843	0.00999	0.01060	0.00597	0.00689	0.01028	0.01398	0.01846	0.04102	0.65908	0.08425	0.02188	0.00910	0.00289	0.00427	0.06520	0.00661	0.00585
12	0.02252	0.06057	0.02250	0.07933	0.21284	0.12497	0.01531	0.14345	0.05328	0.13470	0.01697	0.01844	0.01268	0.00758	0.00676	0.00207	0.00830	0.00617	0.04105	0.01050
13	0.01904	0.05398	0.18982	0.05645	0.21743	0.05099	0.01800	0.10031	0.01791	0.09455	0.01557	0.01934	0.01233	0.06554	0.00910	0.00247	0.00863	0.00621	0.00442	0.03791
14	0.00993	0.00703	0.00931	0.01017	0.01090	0.00707	0.00731	0.01155	0.01328	0.01789	0.06388	0.29461	0.03682	0.21054	0.13191	0.00534	0.00767	0.13347	0.00563	0.00569
15	0.25676	0.07790	0.02050	0.07302	0.12690	0.19923	0.04290	0.05202	0.01645	0.02456	0.01201	0.01458	0.00965	0.00688	0.00588	0.00204	0.00863	0.00504	0.03629	0.00877
16	0.01411	0.01223	0.01317	0.05973	0.01693	0.06555	0.00909	0.03776	0.06670	0.02223	0.02439	0.23186	0.04483	0.01161	0.00689	0.00197	0.00572	0.00996	0.06508	0.28019

[dist]
# distance from previous block
# <min> <max>
0	12

[block]
# block no. 2 follows, 29 sequences, length 21
# corresponding to MSA columns:
# 710-730
name=unknown_C
#
# <colnr> <probs for GDERKNQSTAVLIFYWHMCP>
#	G	D	E	R	K	N	Q	S	T	A	V	L	I	F	Y	W	H	M	C	P
0	0.15015	0.00956	0.01055	0.00994	0.01279	0.00977	0.00805	0.04267	0.01551	0.07656	0.02804	0.03712	0.09713	0.01677	0.09836	0.00340	0.00679	0.12041	0.19915	0.04725
1	0.01287	0.09276	0.01599	0.13297	0.06638	0.01165	0.01074	0.01643	0.03722	0.04863	0.23943	0.11983	0.12927	0.01290	0.00769	0.00229	0.00557	0.02382	0.00591	0.00764
2	0.01522	0.01121	0.01286	0.01205	0.01484	0.01192	0.00910	0.05881	0.28843	0.07801	0.13209	0.23635	0.06097	0.01419	0.00797	0.00249	0.00494	0.01235	0.00724	0.00894
3	0.01105	0.00785	0.00948	0.00939	0.01030	0.00810	0.00637	0.05271	0.01305	0.01744	0.02791	0.11711	0.08443	0.40042	0.16853	0.00662	0.00886	0.02989	0.00489	0.00558
4	0.01765	0.06285	0.09965	0.05769	0.15184	0.01771	0.01630	0.07913	0.01592	0.05820	0.01292	0.01627	0.01055	0.00824	0.01106	0.00221	0.20802	0.00572	0.00402	0.14406
5	0.02776	0.01450	0.01889	0.01470	0.02010	0.01424	0.05200	0.15135	0.13489	0.43432	0.02542	0.02303	0.01690	0.00874	0.00724	0.00224	0.00667	0.00725	0.00793	0.01182
6	0.15075	0.27621	0.13905	0.01465	0.02093	0.04806	0.03758	0.11281	0.05668	0.06248	0.01364	0.01471	0.01053	0.00702	0.00575	0.00197	0.00793	0.00503	0.00442	0.00980
7	0.01717	0.07767	0.05873	0.02407	0.24540	0.05863	0.04061	0.11675	0.01892	0.02533	0.09588	0.12250	0.02330	0.01033	0.00739	0.00223	0.00757	0.03300	0.00502	0.00949
8	0.01237	0.01019	0.01598	0.01418	0.01631	0.01157	0.07999	0.06030	0.01350	0.01919	0.01784	0.02553	0.01615	0.04278	0.55384	0.00933	0.06225	0.00754	0.00398	0.00719
9	0.21681	0.24815	0.15584	0.05305	0.02173	0.09384	0.01457	0.04233	0.01495	0.02276	0.01091	0.01312	0.00888	0.00698	0.00645	0.00203	0.05057	0.00454	0.00359	0.00890
10	0.05330	0.01438	0.07307	0.12026	0.02019	0.08427	0.01161	0.01800	0.07484	0.02077	0.07229	0.09177	0.13651	0.06687	0.07151	0.00349	0.00808	0.04626	0.00510	0.00744
11	0.01164	0.13203	0.01379	0.00930	0.01169	0.01022	0.00744	0.01463	0.01831	0.02544	0.47333	0.08040	0.08532	0.01328	0.00756	0.00212	0.00412	0.01141	0.06094	0.00703
12	0.01263	0.01073	0.06061	0.01499	0.09077	0.00907	0.01035	0.05547	0.01567	0.06297	0.03246	0.52382	0.03647	0.01777	0.00846	0.00267	0.00541	0.01599	0.00618	0.00751
13	0.01794	0.05771	0.10434	0.11555	0.38152	0.06993	0.05371	0.05593	0.03372	0.02306	0.01351	0.01710	0.01083	0.00672	0.00693	0.00213	0.00917	0.00611	0.00369	0.01042
14	0.10764	0.01542	0.01482	0.01256	0.01644	0.12243	0.00985	0.09073	0.01847	0.12505	0.09742	0.09533	0.05623	0.01035	0.00763	0.00208	0.04373	0.00811	0.00584	0.13986
15	0.00890	0.00655	0.00868	0.00987	0.01065	0.00633	0.00686	0.01042	0.01356	0.01802	0.03956	0.54946	0.11557	0.02703	0.12813	0.00427	0.00657	0.01755	0.00614	0.00591
16	0.06767	0.01523	0.01996	0.17016	0.20107	0.05153	0.01520	0.09149	0.09346	0.09211	0.01814	0.04733	0.01432	0.00816	0.00684	0.00220	0.00757	0.00693	0.06081	0.00983
17	0.11599	0.02242	0.16983	0.02046	0.09203	0.05665	0.09493	0.20465	0.05995	0.07204	0.01564	0.01704	0.01141	0.00743	0.00683	0.00220	0.00872	0.00613	0.00506	0.01060
18	0.01827	0.01596	0.05630	0.08122	0.13923	0.05089	0.01419	0.10460	0.12850	0.08822	0.06580	0.10537	0.02116	0.01026	0.00815	0.00233	0.04412	0.00858	0.02712	0.00974
19	0.01035	0.00695	0.00823	0.00841	0.00913	0.00684	0.00554	0.01164	0.01300	0.01818	0.10511	0.12612	0.07656	0.38141	0.07122	0.00524	0.00640	0.03161	0.09273	0.00534
20	0.01554	0.01554	0.09329	0.10298	0.07179	0.03818	0.01303	0.08712	0.11612	0.06141	0.03580	0.07137	0.22510	0.01173	0.00757	0.00233	0.00667	0.00981	0.00572	0.00892

[dist]
# distance from previous block
# <min> <max>
2	19

[block]
# block no. 3 follows, 29 sequences, length 20
# corresponding to MSA columns:
# 750-769
name=unknown_D
#
# <colnr> <probs for GDERKNQSTAVLIFYWHMCP>
#	G	D	E	R	K	N	Q	S	T	A	V	L	I	F	Y	W	H	M	C	P
0	0.16374	0.13943	0.10096	0.01795	0.06571	0.06163	0.12496	0.04515	0.01625	0.09689	0.01374	0.01555	0.01043	0.00662	0.00613	0.00198	0.00825	0.00544	0.00433	0.09485
1	0.00906	0.00696	0.00829	0.00855	0.01016	0.00619	0.00619	0.01124	0.01686	0.02213	0.27816	0.24957	0.30494	0.01802	0.00860	0.00248	0.00367	0.01573	0.00703	0.00619
2	0.01520	0.10132	0.30223	0.03660	0.02507	0.01680	0.10001	0.06168	0.03715	0.02194	0.01775	0.02230	0.05052	0.08024	0.03896	0.00306	0.04932	0.00686	0.00385	0.00916
3	0.01890	0.04586	0.07050	0.01329	0.01911	0.01499	0.01148	0.20256	0.09299	0.05187	0.01662	0.01875	0.01315	0.05057	0.00796	0.00199	0.00663	0.00575	0.00536	0.33168
4	0.00856	0.00704	0.00754	0.00779	0.00980	0.00602	0.00570	0.01037	0.01603	0.01964	0.10603	0.18349	0.55026	0.01855	0.00853	0.00248	0.00368	0.01579	0.00669	0.00602
5	0.01477	0.01266	0.01477	0.01055	0.01687	0.00949	0.00844	0.01793	0.01477	0.02320	0.01266	0.01477	0.01055	0.00527	0.00527	0.00105	0.00527	0.00422	0.00422	0.79328
6	0.02183	0.21397	0.06679	0.01513	0.02016	0.29919	0.01301	0.07881	0.01903	0.04582	0.06475	0.01661	0.01424	0.00751	0.00610	0.00178	0.00932	0.00527	0.00430	0.07637
7	0.01036	0.00690	0.00777	0.00777	0.00777	0.00690	0.00431	0.01036	0.01036	0.01381	0.02244	0.04660	0.02589	0.74975	0.03624	0.00690	0.00690	0.01036	0.00431	0.00431
8	0.00925	0.00706	0.00849	0.00853	0.01023	0.00630	0.00625	0.01168	0.01760	0.02343	0.36277	0.18608	0.28213	0.01718	0.00853	0.00242	0.00359	0.01498	0.00719	0.00630
9	0.01014	0.00814	0.01262	0.01403	0.06541	0.00772	0.06367	0.01193	0.01389	0.01867	0.03414	0.58493	0.04000	0.06580	0.01060	0.00305	0.00529	0.01757	0.00598	0.00643
10	0.01482	0.12605	0.06804	0.37471	0.17746	0.01712	0.01839	0.01902	0.01469	0.01931	0.01462	0.07779	0.01292	0.00805	0.00686	0.00223	0.00861	0.00704	0.00350	0.00879
11	0.01827	0.01197	0.01297	0.07388	0.01683	0.05556	0.00931	0.09131	0.08481	0.12423	0.09977	0.02676	0.02212	0.00908	0.00640	0.00200	0.00555	0.00738	0.31313	0.00866
12	0.01036	0.00690	0.00777	0.00777	0.00777	0.00690	0.00431	0.01036	0.01036	0.01381	0.02244	0.04660	0.02589	0.74975	0.03624	0.00690	0.00690	0.01036	0.00431	0.00431
13	0.01542	0.03767	0.02028	0.14454	0.06463	0.01288	0.07483	0.04041	0.01555	0.02277	0.01292	0.01608	0.01043	0.00587	0.00604	0.00153	0.00701	0.00517	0.00399	0.48198
14	0.08643	0.08745	0.17358	0.01703	0.02292	0.12819	0.07511	0.07775	0.01780	0.14156	0.01523	0.01664	0.01117	0.00770	0.00777	0.00216	0.06450	0.00573	0.03150	0.00979
15	0.01018	0.00698	0.00849	0.00862	0.00889	0.00718	0.00535	0.01075	0.01083	0.01467	0.02322	0.10134	0.02616	0.56074	0.16037	0.00741	0.00892	0.01068	0.00441	0.00481
16	0.01733	0.03863	0.01903	0.07938	0.16635	0.04853	0.01369	0.15819	0.01960	0.02658	0.04892	0.05438	0.05718	0.01030	0.00765	0.00223	0.02553	0.08633	0.06502	0.05514
17	0.06357	0.01788	0.02090	0.12166	0.15034	0.13544	0.05067	0.09605	0.01817	0.05910	0.01542	0.06262	0.01300	0.00783	0.00673	0.00200	0.00839	0.00659	0.00454	0.13911
18	0.01369	0.06529	0.01381	0.01081	0.01272	0.01006	0.04643	0.01547	0.01271	0.08428	0.02070	0.03330	0.02004	0.32255	0.21656	0.00659	0.01025	0.00837	0.06985	0.00651
19	0.02484	0.01863	0.12384	0.01579	0.02199	0.01555	0.05589	0.25478	0.02358	0.27964	0.02446	0.02343	0.06621	0.00894	0.00726	0.00222	0.00754	0.00729	0.00686	0.01125

[dist]
# distance from previous block
# <min> <max>
0	15

[block]
# block no. 4 follows, 29 sequences, length 14
# corresponding to MSA columns:
# 785-798
name=unknown_E
#
# <colnr> <probs for GDERKNQSTAVLIFYWHMCP>
#	G	D	E	R	K	N	Q	S	T	A	V	L	I	F	Y	W	H	M	C	P
0	0.01606	0.09495	0.14822	0.12543	0.06943	0.08497	0.08743	0.02220	0.08971	0.02107	0.03264	0.06350	0.01580	0.01062	0.03650	0.00265	0.03814	0.02751	0.00413	0.00904
1	0.01480	0.01351	0.01804	0.01769	0.08786	0.05422	0.09961	0.05925	0.13217	0.02406	0.07432	0.13058	0.12356	0.01321	0.00817	0.00251	0.00683	0.10518	0.00593	0.00850
2	0.10031	0.14494	0.01961	0.01276	0.01712	0.01887	0.01080	0.30394	0.02232	0.03273	0.01611	0.01768	0.01243	0.00808	0.00681	0.00198	0.04770	0.00574	0.19046	0.00960
3	0.01846	0.21311	0.10104	0.01343	0.01963	0.05701	0.01253	0.10980	0.01754	0.04565	0.01330	0.01516	0.01077	0.00901	0.04557	0.00212	0.00805	0.00483	0.00426	0.27871
4	0.01596	0.01302	0.06311	0.01554	0.05783	0.01222	0.05080	0.09994	0.05481	0.09309	0.02186	0.10925	0.01942	0.02639	0.27068	0.00568	0.01149	0.00872	0.04156	0.00863
5	0.01771	0.01530	0.01610	0.01449	0.01852	0.01771	0.01127	0.03784	0.69247	0.02979	0.02898	0.02657	0.02174	0.00966	0.00725	0.00242	0.00564	0.00805	0.00725	0.01127
6	0.01635	0.08963	0.02317	0.15600	0.26143	0.01618	0.01592	0.04728	0.07933	0.02282	0.01591	0.06047	0.01373	0.00761	0.00664	0.00199	0.00746	0.00669	0.00420	0.14719
7	0.01692	0.02142	0.21084	0.09051	0.22661	0.04333	0.04993	0.02363	0.08491	0.06920	0.01974	0.02313	0.05138	0.00814	0.00721	0.00227	0.00867	0.02763	0.00437	0.01018
8	0.01888	0.05930	0.01807	0.13799	0.02282	0.24125	0.01270	0.02150	0.01646	0.08847	0.05700	0.06966	0.01760	0.01713	0.13291	0.00379	0.04466	0.00726	0.00452	0.00803
9	0.09335	0.03398	0.01394	0.01509	0.09294	0.07320	0.01043	0.01645	0.01537	0.03812	0.06880	0.17344	0.08730	0.01936	0.09794	0.00365	0.00792	0.12592	0.00543	0.00737
10	0.05371	0.21211	0.11987	0.01491	0.05783	0.03909	0.01313	0.07837	0.01672	0.04794	0.03238	0.08959	0.01533	0.00826	0.00609	0.00184	0.00715	0.00651	0.00444	0.17473
11	0.01875	0.13599	0.08338	0.09677	0.13937	0.11654	0.01515	0.06134	0.04215	0.07544	0.08574	0.06320	0.01896	0.00878	0.00683	0.00210	0.00814	0.00721	0.00476	0.00941
12	0.01493	0.01192	0.05237	0.01318	0.03529	0.01101	0.01041	0.08640	0.11613	0.07885	0.10943	0.20748	0.05418	0.05815	0.00989	0.00284	0.00578	0.10682	0.00663	0.00829
13	0.01773	0.07518	0.06156	0.09707	0.02241	0.04867	0.03832	0.09595	0.08645	0.08055	0.06132	0.02598	0.09738	0.00983	0.00912	0.00225	0.10068	0.00758	0.00524	0.05673

[dist]
# distance from previous block
# <min> <max>
0	38

[block]
# block no. 5 follows, 29 sequences, length 81
# corresponding to MSA columns:
# 837-905,914-925
name=unknown_F
#
# <colnr> <probs for GDERKNQSTAVLIFYWHMCP>
#	G	D	E	R	K	N	Q	S	T	A	V	L	I	F	Y	W	H	M	C	P
0	0.05826	0.10500	0.06470	0.09669	0.18642	0.04386	0.03627	0.06838	0.07382	0.02325	0.01987	0.05066	0.04928	0.04733	0.00845	0.00247	0.00785	0.04372	0.00450	0.00924
1	0.01100	0.03475	0.08845	0.11455	0.01869	0.00954	0.01096	0.01394	0.01429	0.01954	0.03153	0.34868	0.08870	0.01695	0.03411	0.00283	0.00630	0.03852	0.05935	0.03732
2	0.01369	0.04248	0.04557	0.03401	0.01508	0.13312	0.00930	0.01631	0.01759	0.04309	0.19821	0.10178	0.25794	0.01409	0.00785	0.00228	0.00603	0.02839	0.00604	0.00716
3	0.54488	0.01466	0.07661	0.01074	0.01510	0.01436	0.00957	0.01993	0.01253	0.05422	0.01281	0.01642	0.01054	0.04870	0.11002	0.00377	0.00803	0.00497	0.00436	0.00779
4	0.01723	0.10512	0.19302	0.04385	0.07037	0.08245	0.03906	0.02369	0.09697	0.04923	0.05151	0.01860	0.01452	0.00725	0.00645	0.00192	0.00814	0.00587	0.00436	0.16039
5	0.07325	0.02086	0.21319	0.02225	0.16137	0.04197	0.07965	0.04480	0.01684	0.08850	0.07135	0.09750	0.01911	0.00915	0.00722	0.00228	0.00822	0.00807	0.00475	0.00970
6	0.00868	0.00620	0.00826	0.00991	0.01033	0.00578	0.00661	0.00991	0.01363	0.01818	0.03925	0.74510	0.04710	0.02231	0.00909	0.00289	0.00413	0.02024	0.00661	0.00578
7	0.01353	0.00998	0.03762	0.01176	0.01394	0.00971	0.00957	0.08300	0.01538	0.05630	0.04684	0.06480	0.06503	0.05681	0.26598	0.11260	0.01085	0.10429	0.00512	0.00689
8	0.09381	0.06218	0.17109	0.09979	0.06824	0.11639	0.04089	0.11835	0.04251	0.07753	0.03385	0.01743	0.01236	0.00751	0.00664	0.00215	0.00893	0.00588	0.00462	0.00985
9	0.01990	0.02569	0.25534	0.02278	0.08188	0.04603	0.15917	0.24691	0.02197	0.03006	0.01457	0.01674	0.01063	0.00720	0.00724	0.00222	0.00985	0.00638	0.00460	0.01084
10	0.00868	0.00620	0.00826	0.00991	0.01033	0.00578	0.00661	0.00991	0.01363	0.01818	0.03925	0.74510	0.04710	0.02231	0.00909	0.00289	0.00413	0.02024	0.00661	0.00578
11	0.01518	0.01408	0.02350	0.29101	0.37162	0.01524	0.01913	0.01921	0.01504	0.02056	0.01521	0.02393	0.01345	0.06582	0.00953	0.00265	0.00861	0.04337	0.00363	0.00923
12	0.01757	0.01654	0.01613	0.01222	0.01808	0.12107	0.00967	0.07173	0.01708	0.02401	0.01275	0.01465	0.01046	0.00585	0.00560	0.00126	0.00665	0.00445	0.00436	0.60988
13	0.01036	0.00690	0.00777	0.00777	0.00777	0.00690	0.00431	0.01036	0.01036	0.01381	0.02244	0.04660	0.02589	0.74975	0.03624	0.00690	0.00690	0.01036	0.00431	0.00431
14	0.01681	0.01921	0.04202	0.03001	0.03721	0.01801	0.67947	0.02281	0.01681	0.02281	0.01441	0.01921	0.01080	0.00600	0.00840	0.00240	0.01200	0.00840	0.00360	0.00960
15	0.01342	0.01154	0.01815	0.23329	0.21290	0.01255	0.01463	0.01678	0.01484	0.02078	0.08132	0.11967	0.02246	0.07992	0.01052	0.00275	0.02819	0.00915	0.06914	0.00800
16	0.01313	0.02642	0.43726	0.01788	0.02560	0.01379	0.09237	0.01954	0.01617	0.02306	0.12627	0.02847	0.11068	0.00938	0.00742	0.00229	0.00867	0.00808	0.00429	0.00924
17	0.80005	0.01377	0.01047	0.00936	0.01377	0.01597	0.00771	0.02093	0.01212	0.03195	0.00991	0.01157	0.00771	0.00661	0.00441	0.00220	0.00551	0.00386	0.00441	0.00771
18	0.00951	0.00717	0.00905	0.00899	0.01063	0.00672	0.00668	0.01211	0.01721	0.02337	0.37329	0.14319	0.21149	0.02155	0.10299	0.00358	0.00560	0.01366	0.00685	0.00638
19	0.01510	0.01964	0.13425	0.08215	0.02106	0.18136	0.01374	0.01817	0.01510	0.01843	0.02228	0.18852	0.05618	0.03725	0.08526	0.00349	0.06647	0.00965	0.00433	0.00757
20	0.01152	0.00743	0.00873	0.00849	0.00900	0.00747	0.00522	0.01255	0.03804	0.04101	0.06906	0.04354	0.02730	0.58275	0.05300	0.04816	0.00692	0.01002	0.00476	0.00504
21	0.72548	0.01316	0.01038	0.00933	0.01347	0.01510	0.00762	0.02022	0.01288	0.03163	0.07520	0.01550	0.01333	0.00736	0.00478	0.00221	0.00531	0.00471	0.00473	0.00762
22	0.00867	0.00659	0.00799	0.00898	0.01011	0.00591	0.00622	0.01020	0.01483	0.01908	0.08521	0.48714	0.26241	0.02050	0.00883	0.00270	0.00392	0.01815	0.00668	0.00591
23	0.01865	0.01664	0.02650	0.15516	0.32621	0.01799	0.08084	0.13430	0.01850	0.04503	0.01403	0.01792	0.01106	0.00747	0.00874	0.00229	0.07754	0.00656	0.00420	0.01037
24	0.01740	0.01780	0.02496	0.28748	0.37280	0.11637	0.01996	0.02147	0.01607	0.02062	0.01279	0.01743	0.01034	0.00676	0.00699	0.00217	0.00945	0.00609	0.00342	0.00964
25	0.02485	0.03131	0.07547	0.01903	0.02345	0.55413	0.06158	0.02752	0.01923	0.05533	0.01224	0.01417	0.00973	0.00746	0.00722	0.00197	0.03763	0.00510	0.00387	0.00872
26	0.80005	0.01377	0.01047	0.00936	0.01377	0.01597	0.00771	0.02093	0.01212	0.03195	0.00991	0.01157	0.00771	0.00661	0.00441	0.00220	0.00551	0.00386	0.00441	0.00771
27	0.01367	0.01288	0.02176	0.69571	0.08422	0.01588	0.01989	0.01839	0.01434	0.01847	0.01270	0.01891	0.00959	0.00708	0.00712	0.00236	0.00944	0.00633	0.00318	0.00809
28	0.01189	0.00754	0.00953	0.00908	0.01104	0.00684	0.00678	0.01468	0.01845	0.09006	0.42284	0.14780	0.14448	0.01524	0.00820	0.00232	0.00375	0.01333	0.04914	0.00700
29	0.00866	0.00625	0.00821	0.00977	0.01029	0.00580	0.00655	0.00993	0.01377	0.01823	0.04101	0.70884	0.08222	0.02208	0.00905	0.00287	0.00410	0.01996	0.00661	0.00580
30	0.00853	0.00716	0.00741	0.00747	0.00972	0.00604	0.00556	0.01040	0.01633	0.01976	0.10941	0.10384	0.62792	0.01805	0.00845	0.00242	0.00362	0.01517	0.00669	0.00604
31	0.80005	0.01377	0.01047	0.00936	0.01377	0.01597	0.00771	0.02093	0.01212	0.03195	0.00991	0.01157	0.00771	0.00661	0.00441	0.00220	0.00551	0.00386	0.00441	0.00771
32	0.01904	0.75404	0.03731	0.01218	0.01828	0.02818	0.01218	0.02132	0.01447	0.01675	0.00990	0.01142	0.00914	0.00609	0.00457	0.00152	0.00761	0.00381	0.00305	0.00914
33	0.01428	0.03683	0.71286	0.02030	0.03082	0.01654	0.02631	0.02255	0.01503	0.02255	0.01278	0.01503	0.00902	0.00677	0.00677	0.00226	0.01052	0.00526	0.00301	0.01052
34	0.01147	0.00820	0.01147	0.01311	0.01475	0.00820	0.01147	0.01475	0.01639	0.02131	0.03770	0.08032	0.04098	0.01967	0.00984	0.00328	0.00656	0.65741	0.00656	0.00656
35	0.80005	0.01377	0.01047	0.00936	0.01377	0.01597	0.00771	0.02093	0.01212	0.03195	0.00991	0.01157	0.00771	0.00661	0.00441	0.00220	0.00551	0.00386	0.00441	0.00771
36	0.00868	0.00620	0.00826	0.00991	0.01033	0.00578	0.00661	0.00991	0.01363	0.01818	0.03925	0.74510	0.04710	0.02231	0.00909	0.00289	0.00413	0.02024	0.00661	0.00578
37	0.80005	0.01377	0.01047	0.00936	0.01377	0.01597	0.00771	0.02093	0.01212	0.03195	0.00991	0.01157	0.00771	0.00661	0.00441	0.00220	0.00551	0.00386	0.00441	0.00771
38	0.01762	0.01692	0.02890	0.04371	0.70533	0.01692	0.02185	0.02185	0.01621	0.02326	0.01339	0.01762	0.01128	0.00634	0.00705	0.00211	0.00846	0.00634	0.00352	0.01128
39	0.01845	0.01566	0.01652	0.01464	0.01880	0.01805	0.01145	0.08845	0.64066	0.03097	0.02805	0.02582	0.02098	0.00957	0.00724	0.00239	0.00581	0.00792	0.00724	0.01134
40	0.00868	0.00620	0.00826	0.00991	0.01033	0.00578	0.00661	0.00991	0.01363	0.01818	0.03925	0.74510	0.04710	0.02231	0.00909	0.00289	0.00413	0.02024	0.00661	0.00578
41	0.01681	0.01921	0.04202	0.03001	0.03721	0.01801	0.67947	0.02281	0.01681	0.02281	0.01441	0.01921	0.01080	0.00600	0.00840	0.00240	0.01200	0.00840	0.00360	0.00960
42	0.03177	0.01241	0.01670	0.01281	0.01832	0.01089	0.01058	0.05846	0.02086	0.68583	0.02769	0.02397	0.01742	0.00880	0.00716	0.00220	0.00612	0.00713	0.00875	0.01212
43	0.00868	0.00620	0.00826	0.00991	0.01033	0.00578	0.00661	0.00991	0.01363	0.01818	0.03925	0.74510	0.04710	0.02231	0.00909	0.00289	0.00413	0.02024	0.00661	0.00578
44	0.03075	0.01404	0.01771	0.01358	0.01914	0.01331	0.01122	0.19336	0.02359	0.54707	0.02540	0.02249	0.01627	0.00875	0.00715	0.00219	0.00649	0.00698	0.00840	0.01212
45	0.01069	0.00747	0.00831	0.00828	0.01057	0.00639	0.00613	0.01247	0.01610	0.08425	0.06131	0.20155	0.50491	0.01803	0.00843	0.00248	0.00394	0.01534	0.00682	0.00654
46	0.02198	0.01208	0.01467	0.01233	0.01648	0.01168	0.01014	0.17178	0.02191	0.28402	0.07137	0.04139	0.15420	0.01252	0.00787	0.00240	0.00592	0.10985	0.00761	0.00979
47	0.02966	0.01295	0.01669	0.01311	0.01841	0.01206	0.01073	0.06581	0.11826	0.58026	0.02770	0.02424	0.01796	0.00892	0.00717	0.00223	0.00608	0.00725	0.00851	0.01200
48	0.01029	0.00713	0.00890	0.00887	0.00932	0.00746	0.00574	0.01119	0.01118	0.01536	0.05759	0.04169	0.02580	0.51400	0.22831	0.00794	0.01015	0.00972	0.00436	0.00502
49	0.01020	0.00752	0.01091	0.01091	0.01200	0.00861	0.00824	0.01237	0.01129	0.01614	0.01956	0.03067	0.01897	0.15417	0.62236	0.01079	0.01731	0.00802	0.00389	0.00606
50	0.01746	0.01773	0.02656	0.11937	0.05503	0.10092	0.22977	0.06063	0.01625	0.02174	0.01360	0.01825	0.01096	0.00862	0.01119	0.03017	0.15305	0.00680	0.07332	0.00858
51	0.01836	0.15517	0.07752	0.07181	0.15335	0.09756	0.06136	0.10261	0.03553	0.02319	0.01942	0.02255	0.07718	0.00846	0.00727	0.00212	0.02903	0.02369	0.00429	0.00951
52	0.01734	0.44057	0.31093	0.01567	0.02348	0.04501	0.01797	0.02204	0.01488	0.01913	0.01110	0.01293	0.00909	0.00640	0.00552	0.00183	0.00896	0.00442	0.00305	0.00967
53	0.01237	0.00618	0.00928	0.00928	0.00928	0.00618	0.00618	0.00928	0.00928	0.01237	0.01237	0.02165	0.01237	0.02474	0.02783	0.79283	0.00618	0.00618	0.00309	0.00309
54	0.01477	0.01266	0.01477	0.01055	0.01687	0.00949	0.00844	0.01793	0.01477	0.02320	0.01266	0.01477	0.01055	0.00527	0.00527	0.00105	0.00527	0.00422	0.00422	0.79328
55	0.00978	0.00688	0.00884	0.00954	0.01031	0.00659	0.00666	0.01148	0.01476	0.02002	0.19731	0.31938	0.04598	0.20137	0.01578	0.00378	0.00493	0.09451	0.00633	0.00574
56	0.00880	0.00644	0.00831	0.00975	0.01049	0.00595	0.00673	0.01023	0.01412	0.01849	0.04335	0.62110	0.13021	0.02161	0.00905	0.00285	0.00420	0.05585	0.00661	0.00586
57	0.00931	0.00725	0.00846	0.00815	0.01017	0.00639	0.00612	0.01195	0.01835	0.02426	0.41147	0.06026	0.35997	0.01616	0.00841	0.00232	0.00347	0.01387	0.00727	0.00639
58	0.00928	0.00725	0.00841	0.00812	0.01015	0.00638	0.00609	0.01189	0.01827	0.02408	0.39939	0.06055	0.37217	0.01623	0.00841	0.00232	0.00348	0.01391	0.00725	0.00638
59	0.01504	0.00715	0.00757	0.00721	0.00923	0.00700	0.00550	0.01830	0.01545	0.09108	0.02369	0.02633	0.01819	0.00834	0.00518	0.00171	0.00358	0.00669	0.71561	0.00715
60	0.01477	0.01266	0.01477	0.01055	0.01687	0.00949	0.00844	0.01793	0.01477	0.02320	0.01266	0.01477	0.01055	0.00527	0.00527	0.00105	0.00527	0.00422	0.00422	0.79328
61	0.02753	0.01921	0.02091	0.01603	0.02171	0.02099	0.01324	0.62053	0.03224	0.10768	0.01813	0.01777	0.01263	0.00857	0.00713	0.00214	0.00767	0.00648	0.00728	0.01211
62	0.02707	0.01995	0.02137	0.01638	0.02208	0.02208	0.01353	0.68159	0.03348	0.04488	0.01710	0.01710	0.01211	0.00855	0.00712	0.00214	0.00784	0.00641	0.00712	0.01211
63	0.00866	0.00688	0.00778	0.00829	0.00995	0.00600	0.00594	0.01042	0.01573	0.01976	0.12051	0.29421	0.42248	0.01914	0.00864	0.00255	0.00376	0.01658	0.00673	0.00600
64	0.01363	0.01284	0.02168	0.70309	0.07719	0.01587	0.01986	0.01835	0.01432	0.01841	0.01269	0.01893	0.00957	0.00709	0.00712	0.00236	0.00945	0.00633	0.00318	0.00805
65	0.01034	0.00696	0.00806	0.00806	0.00816	0.00706	0.00468	0.01054	0.01044	0.01402	0.02217	0.04513	0.02525	0.69501	0.09012	0.00726	0.00786	0.01014	0.00428	0.00448
66	0.01681	0.01921	0.04202	0.03001	0.03721	0.01801	0.67947	0.02281	0.01681	0.02281	0.01441	0.01921	0.01080	0.00600	0.00840	0.00240	0.01200	0.00840	0.00360	0.00960
67	0.01237	0.00618	0.00928	0.00928	0.00928	0.00618	0.00618	0.00928	0.00928	0.01237	0.01237	0.02165	0.01237	0.02474	0.02783	0.79283	0.00618	0.00618	0.00309	0.00309
68	0.01365	0.01221	0.02010	0.31634	0.20949	0.01375	0.01711	0.01764	0.01451	0.01962	0.01746	0.02864	0.01581	0.01750	0.14471	0.00417	0.01067	0.09448	0.00384	0.00831
69	0.01809	0.53418	0.11234	0.01650	0.02329	0.02495	0.14192	0.02174	0.01498	0.01855	0.01108	0.01331	0.00945	0.00615	0.00555	0.00177	0.00878	0.00485	0.00315	0.00938
70	0.01658	0.02077	0.10156	0.02915	0.03665	0.01788	0.62149	0.02279	0.01665	0.02279	0.01426	0.01884	0.01065	0.00607	0.00826	0.00239	0.01187	0.00812	0.00355	0.00969
71	0.02519	0.01068	0.01347	0.01085	0.01512	0.00970	0.00879	0.05894	0.01924	0.44881	0.02856	0.02692	0.05425	0.00915	0.00661	0.00206	0.00524	0.00740	0.22879	0.01024
72	0.01144	0.00758	0.01010	0.01148	0.04794	0.00694	0.00762	0.01327	0.01541	0.08491	0.10451	0.47253	0.14140	0.01882	0.00863	0.00265	0.00439	0.01680	0.00677	0.00680
73	0.01575	0.12199	0.05599	0.43505	0.06124	0.01827	0.01758	0.05719	0.10698	0.02137	0.01473	0.01858	0.01127	0.00735	0.00675	0.00223	0.00862	0.00615	0.00392	0.00901
74	0.01237	0.00618	0.00928	0.00928	0.00928	0.00618	0.00618	0.00928	0.00928	0.01237	0.01237	0.02165	0.01237	0.02474	0.02783	0.79283	0.00618	0.00618	0.00309	0.00309
75	0.00875	0.00625	0.00832	0.00987	0.01034	0.00583	0.00662	0.01009	0.01396	0.01869	0.07211	0.71077	0.04809	0.02192	0.00905	0.00286	0.00409	0.01988	0.00667	0.00583
76	0.06090	0.01599	0.01684	0.01266	0.01857	0.04747	0.01023	0.22453	0.02069	0.03012	0.01381	0.01523	0.01082	0.00646	0.00586	0.00149	0.00644	0.00490	0.00510	0.47191
77	0.01522	0.01690	0.08527	0.04491	0.02066	0.01872	0.01538	0.01784	0.01216	0.01885	0.01043	0.01550	0.00955	0.01034	0.01771	0.00261	0.49994	0.00576	0.00332	0.15894
78	0.01110	0.01046	0.08378	0.01148	0.01339	0.00830	0.00930	0.01416	0.04618	0.04665	0.03358	0.54077	0.03780	0.01843	0.00899	0.00272	0.03181	0.01633	0.04783	0.00691
79	0.00922	0.00694	0.00841	0.00865	0.01010	0.00627	0.00618	0.01137	0.01671	0.02222	0.30102	0.24608	0.24497	0.05678	0.01007	0.00271	0.00383	0.01538	0.00696	0.00613
80	0.04617	0.08409	0.05811	0.05254	0.13914	0.16302	0.01504	0.20085	0.07530	0.02817	0.05735	0.01862	0.01488	0.00796	0.00673	0.00207	0.00864	0.00619	0.00503	0.01011

[dist]
# distance from previous block
# <min> <max>
1	3

[block]
# block no. 6 follows, 29 sequences, length 12
# corresponding to MSA columns:
# 929-940
name=unknown_G
#
# <colnr> <probs for GDERKNQSTAVLIFYWHMCP>
#	G	D	E	R	K	N	Q	S	T	A	V	L	I	F	Y	W	H	M	C	P
0	0.05794	0.17709	0.12049	0.01671	0.05466	0.03775	0.04564	0.16495	0.01874	0.06213	0.01583	0.05519	0.01332	0.01337	0.08805	0.00316	0.03419	0.00651	0.00465	0.00964
1	0.01845	0.24122	0.24484	0.01865	0.02533	0.15570	0.10084	0.02293	0.01575	0.01949	0.01153	0.01413	0.00933	0.00703	0.00757	0.00205	0.06739	0.00518	0.00323	0.00935
2	0.00879	0.00723	0.00773	0.00761	0.00985	0.00617	0.00571	0.01095	0.01712	0.02134	0.21435	0.06506	0.55892	0.01725	0.00841	0.00237	0.00355	0.01454	0.00689	0.00617
3	0.01284	0.00818	0.00912	0.00906	0.01088	0.00844	0.00680	0.04276	0.08460	0.02470	0.05680	0.13372	0.06064	0.05093	0.04569	0.00285	0.00504	0.04429	0.37560	0.00704
4	0.01075	0.00819	0.01009	0.01043	0.01207	0.00814	0.00777	0.01573	0.11753	0.02359	0.24794	0.29602	0.10047	0.01737	0.00862	0.00262	0.00433	0.08428	0.00708	0.00700
5	0.00944	0.00725	0.00863	0.00829	0.01025	0.00645	0.00621	0.01220	0.01864	0.02496	0.45907	0.05910	0.31193	0.01590	0.00841	0.00230	0.00345	0.01371	0.00737	0.00645
6	0.01551	0.01625	0.07802	0.23453	0.35756	0.01567	0.01999	0.02085	0.04752	0.02185	0.01649	0.02498	0.01428	0.00819	0.00736	0.00234	0.00858	0.07641	0.00388	0.00975
7	0.02403	0.02207	0.01942	0.01629	0.02095	0.19930	0.01289	0.31417	0.23540	0.03316	0.01924	0.01896	0.01436	0.00859	0.00698	0.00215	0.00843	0.00646	0.00628	0.01086
8	0.50310	0.01614	0.01465	0.01206	0.01696	0.01832	0.00995	0.27473	0.02032	0.03691	0.01267	0.01369	0.00940	0.00735	0.00545	0.00218	0.00640	0.00484	0.00545	0.00940
9	0.01834	0.01916	0.02541	0.20471	0.41623	0.15176	0.01980	0.02223	0.01650	0.02092	0.01276	0.01703	0.01044	0.00672	0.00695	0.00212	0.00955	0.00600	0.00347	0.00989
10	0.01819	0.19612	0.02217	0.01414	0.01884	0.05263	0.05225	0.02721	0.25749	0.07225	0.02419	0.02740	0.05363	0.00933	0.00674	0.00212	0.00684	0.06197	0.00560	0.07091
11	0.01899	0.18378	0.11997	0.01735	0.09047	0.03457	0.04518	0.05100	0.08545	0.12496	0.03598	0.02270	0.01598	0.11123	0.01065	0.00272	0.00781	0.00671	0.00490	0.00960

[dist]
# distance from previous block
# <min> <max>
0	44

[block]
# block no. 7 follows, 29 sequences, length 8
# corresponding to MSA columns:
# 991-998
name=unknown_H
#
# <colnr> <probs for GDERKNQSTAVLIFYWHMCP>
#	G	D	E	R	K	N	Q	S	T	A	V	L	I	F	Y	W	H	M	C	P
0	0.01156	0.01060	0.04747	0.01131	0.01420	0.00947	0.04252	0.07874	0.01687	0.02213	0.09563	0.10357	0.29595	0.02440	0.17779	0.00455	0.00850	0.01185	0.00576	0.00715
1	0.09610	0.01429	0.01479	0.01214	0.01660	0.05944	0.00951	0.11532	0.04306	0.02599	0.01826	0.14807	0.01743	0.00956	0.00698	0.00185	0.03346	0.00767	0.00514	0.34436
2	0.04793	0.15485	0.05515	0.26979	0.15929	0.01788	0.01662	0.04747	0.05170	0.02173	0.03983	0.05838	0.01461	0.00804	0.00666	0.00217	0.00803	0.00681	0.00399	0.00908
3	0.05695	0.01662	0.07754	0.11392	0.17438	0.06376	0.03982	0.01904	0.01517	0.02125	0.02047	0.02704	0.08129	0.01062	0.02892	0.00253	0.07744	0.06083	0.00409	0.08831
4	0.01873	0.01253	0.01482	0.01277	0.01603	0.01377	0.01018	0.10716	0.19523	0.14246	0.09393	0.02845	0.05046	0.01397	0.06804	0.00305	0.07884	0.00809	0.10197	0.00952
5	0.01850	0.01795	0.02702	0.10782	0.54525	0.06874	0.02050	0.06587	0.01746	0.02377	0.01339	0.01737	0.01100	0.00664	0.00702	0.00212	0.00884	0.00622	0.00374	0.01078
6	0.00973	0.00755	0.00904	0.00949	0.01151	0.00687	0.00767	0.01230	0.01698	0.02158	0.17224	0.06974	0.36906	0.01796	0.00889	0.00267	0.00455	0.22903	0.00681	0.00632
7	0.00932	0.00715	0.00854	0.00841	0.01023	0.00636	0.00622	0.01190	0.01806	0.02408	0.40333	0.12732	0.30006	0.01661	0.00847	0.00237	0.00353	0.01440	0.00726	0.00636

[dist]
# distance from previous block
# <min> <max>
0	22

[block]
# block no. 8 follows, 29 sequences, length 54
# corresponding to MSA columns:
# 1021-1074
name=unknown_I
#
# <colnr> <probs for GDERKNQSTAVLIFYWHMCP>
#	G	D	E	R	K	N	Q	S	T	A	V	L	I	F	Y	W	H	M	C	P
0	0.01462	0.00982	0.01164	0.01065	0.01328	0.00996	0.00838	0.07421	0.11807	0.07495	0.31662	0.04376	0.06483	0.01269	0.00769	0.00228	0.00456	0.07441	0.11943	0.00814
1	0.00922	0.00724	0.00833	0.00806	0.01011	0.00635	0.00604	0.01177	0.01813	0.02374	0.37616	0.06112	0.39561	0.01635	0.00841	0.00232	0.00349	0.01399	0.00720	0.00635
2	0.00896	0.00723	0.00797	0.00778	0.00995	0.00624	0.00584	0.01127	0.01751	0.02228	0.27791	0.06351	0.49476	0.01690	0.00841	0.00235	0.00353	0.01433	0.00701	0.00624
3	0.01552	0.00780	0.00861	0.00793	0.01022	0.00756	0.00610	0.03837	0.01673	0.11178	0.09268	0.03008	0.04661	0.00933	0.00577	0.00182	0.00381	0.00761	0.56420	0.00747
4	0.01904	0.75404	0.03731	0.01218	0.01828	0.02818	0.01218	0.02132	0.01447	0.01675	0.00990	0.01142	0.00914	0.00609	0.00457	0.00152	0.00761	0.00381	0.00305	0.00914
5	0.01428	0.03683	0.71286	0.02030	0.03082	0.01654	0.02631	0.02255	0.01503	0.02255	0.01278	0.01503	0.00902	0.00677	0.00677	0.00226	0.01052	0.00526	0.00301	0.01052
6	0.02707	0.01995	0.02137	0.01638	0.02208	0.02208	0.01353	0.68159	0.03348	0.04488	0.01710	0.01710	0.01211	0.00855	0.00712	0.00214	0.00784	0.00641	0.00712	0.01211
7	0.01558	0.01558	0.02181	0.01869	0.01869	0.02181	0.01558	0.01714	0.01091	0.01714	0.00935	0.01558	0.00935	0.01246	0.02337	0.00312	0.73672	0.00623	0.00312	0.00779
8	0.01021	0.00748	0.01067	0.01067	0.01167	0.00848	0.00794	0.01222	0.01121	0.01596	0.01978	0.03190	0.01950	0.20003	0.57723	0.01049	0.01651	0.00820	0.00392	0.00593
9	0.00864	0.00633	0.00813	0.00956	0.01024	0.00581	0.00645	0.00995	0.01397	0.01832	0.04354	0.65678	0.13265	0.02175	0.00900	0.00283	0.00406	0.01956	0.00661	0.00581
10	0.01762	0.01692	0.02890	0.04371	0.70533	0.01692	0.02185	0.02185	0.01621	0.02326	0.01339	0.01762	0.01128	0.00634	0.00705	0.00211	0.00846	0.00634	0.00352	0.01128
11	0.02665	0.03255	0.02030	0.01815	0.02202	0.65178	0.01374	0.09326	0.02150	0.02015	0.01161	0.01326	0.00946	0.00746	0.00649	0.00186	0.01234	0.00477	0.00401	0.00864
12	0.09735	0.01628	0.02157	0.06603	0.16194	0.01758	0.06439	0.27333	0.02185	0.03105	0.01942	0.02215	0.06584	0.03267	0.03037	0.00266	0.03314	0.00712	0.00524	0.01001
13	0.01893	0.09112	0.02332	0.01721	0.02133	0.13332	0.14705	0.08798	0.11844	0.04812	0.01898	0.04959	0.01678	0.10996	0.01181	0.00288	0.03714	0.03222	0.00493	0.00888
14	0.03047	0.01450	0.01800	0.01380	0.01936	0.01400	0.01140	0.23130	0.02436	0.50804	0.02475	0.02207	0.01595	0.00873	0.00715	0.00218	0.00660	0.00693	0.00830	0.01212
15	0.01756	0.01709	0.02987	0.04269	0.65597	0.01700	0.07044	0.02192	0.01626	0.02323	0.01347	0.01774	0.01124	0.00632	0.00715	0.00214	0.00872	0.00650	0.00353	0.01116
16	0.01345	0.01266	0.02136	0.73264	0.04904	0.01582	0.01978	0.01819	0.01424	0.01819	0.01266	0.01898	0.00949	0.00712	0.00712	0.00237	0.00949	0.00633	0.00316	0.00791
17	0.01969	0.01628	0.01721	0.01489	0.01927	0.01863	0.01175	0.17381	0.55328	0.03297	0.02647	0.02457	0.01970	0.00943	0.00722	0.00236	0.00610	0.00770	0.00722	0.01145
18	0.01678	0.01748	0.03401	0.11476	0.32851	0.01729	0.32008	0.02188	0.01626	0.02249	0.01377	0.01850	0.01086	0.00628	0.00767	0.00227	0.01018	0.00728	0.00352	0.01014
19	0.01820	0.01309	0.01551	0.06749	0.05987	0.08128	0.03395	0.02306	0.08694	0.15942	0.13180	0.03453	0.05214	0.03770	0.00842	0.00242	0.00654	0.06411	0.09480	0.00873
20	0.00902	0.00721	0.00811	0.00843	0.01024	0.00643	0.00611	0.01148	0.03833	0.02055	0.14630	0.25154	0.41396	0.01847	0.00856	0.00252	0.00378	0.01595	0.00680	0.00622
21	0.01433	0.00908	0.01077	0.01010	0.01249	0.00907	0.00763	0.02045	0.14762	0.10347	0.24400	0.14821	0.06478	0.01315	0.00751	0.00227	0.00423	0.01138	0.15145	0.00802
22	0.01477	0.01266	0.01477	0.01055	0.01687	0.00949	0.00844	0.01793	0.01477	0.02320	0.01266	0.01477	0.01055	0.00527	0.00527	0.00105	0.00527	0.00422	0.00422	0.79328
23	0.00908	0.00688	0.00846	0.00941	0.01073	0.00626	0.00690	0.01094	0.01534	0.01972	0.09863	0.38347	0.26008	0.01999	0.00892	0.00274	0.00424	0.10551	0.00669	0.00603
24	0.00884	0.00656	0.00828	0.00951	0.01045	0.00600	0.00664	0.01039	0.01458	0.01899	0.07256	0.54156	0.18136	0.02097	0.00897	0.00279	0.00413	0.05485	0.00666	0.00591
25	0.01590	0.01570	0.02726	0.25232	0.30357	0.01748	0.11055	0.02012	0.01486	0.02068	0.01268	0.01795	0.01036	0.00748	0.00977	0.00239	0.12150	0.00660	0.00336	0.00946
26	0.02141	0.02363	0.12452	0.10987	0.06607	0.17055	0.01670	0.24469	0.04798	0.02845	0.01521	0.01863	0.01189	0.00830	0.00767	0.00221	0.03881	0.02850	0.00487	0.01006
27	0.03054	0.01293	0.01685	0.01308	0.01849	0.01185	0.01075	0.08232	0.07113	0.61111	0.02735	0.02389	0.01753	0.00886	0.00716	0.00221	0.00616	0.00717	0.00857	0.01205
28	0.01625	0.01626	0.05205	0.24651	0.41847	0.01665	0.02042	0.02227	0.07857	0.02232	0.01460	0.01876	0.01163	0.00690	0.00708	0.00223	0.00859	0.00646	0.00374	0.01024
29	0.01345	0.01266	0.02136	0.73264	0.04904	0.01582	0.01978	0.01819	0.01424	0.01819	0.01266	0.01898	0.00949	0.00712	0.00712	0.00237	0.00949	0.00633	0.00316	0.00791
