[name]
unknown

[dist]
# distance from previous block
# <min> <max>
0	81

[block]
# block no. 0 follows, 29 sequences, length 13
# corresponding to MSA columns:
# 82-94
name=unknown_A
#
# <colnr> <probs for GDERKNQSTAVLIFYWHMCP>
#	G	D	E	R	K	N	Q	S	T	A	V	L	I	F	Y	W	H	M	C	P
0	0.05905	0.01222	0.01616	0.01683	0.12278	0.01183	0.03506	0.10411	0.01721	0.02465	0.02654	0.15617	0.09766	0.01465	0.05801	0.00281	0.00702	0.04443	0.00528	0.16754
1	0.01657	0.01875	0.11982	0.14934	0.12204	0.07044	0.07107	0.07262	0.01759	0.04113	0.09051	0.02366	0.05369	0.00860	0.00807	0.00221	0.04705	0.00728	0.00447	0.05507
2	0.01120	0.00706	0.00878	0.00912	0.01000	0.00665	0.00602	0.01232	0.01367	0.07134	0.09122	0.34018	0.07357	0.28416	0.01869	0.00421	0.00519	0.01473	0.00606	0.00584
3	0.01679	0.13342	0.01780	0.01294	0.01579	0.13187	0.01038	0.06515	0.03824	0.04592	0.09999	0.15477	0.05803	0.01402	0.03649	0.00263	0.07084	0.03091	0.03608	0.00794
4	0.01552	0.01515	0.05552	0.12238	0.13341	0.07380	0.03500	0.04108	0.01662	0.03982	0.12246	0.06627	0.04871	0.01048	0.00903	0.03882	0.04596	0.00819	0.03538	0.06641
5	0.01766	0.17267	0.30128	0.08836	0.07378	0.05302	0.07010	0.10012	0.01748	0.02344	0.01278	0.01532	0.00975	0.00682	0.00653	0.00209	0.00961	0.00549	0.00363	0.01006
6	0.01632	0.01310	0.02109	0.02588	0.29246	0.01285	0.07164	0.06462	0.01692	0.08427	0.02422	0.27624	0.02456	0.01235	0.00790	0.00242	0.00697	0.01153	0.00535	0.00932
7	0.01381	0.01336	0.01812	0.01579	0.01636	0.01766	0.01298	0.01557	0.01266	0.01850	0.08043	0.02836	0.13914	0.01365	0.01938	0.00291	0.54138	0.00839	0.00415	0.00738
8	0.03999	0.01228	0.09201	0.01407	0.07085	0.01006	0.01094	0.01717	0.01452	0.10983	0.08294	0.05831	0.08012	0.11925	0.22983	0.00568	0.01033	0.00895	0.00512	0.00775
9	0.01729	0.07157	0.10941	0.09621	0.15852	0.13119	0.11814	0.02148	0.01577	0.02039	0.01306	0.01708	0.01070	0.01077	0.06910	0.00287	0.03676	0.00601	0.00349	0.07018
10	0.01027	0.00726	0.00956	0.00956	0.01018	0.00788	0.00655	0.01150	0.01089	0.01513	0.02080	0.03753	0.02195	0.41058	0.37003	0.00911	0.01283	0.00903	0.00407	0.00531
11	0.00865	0.00629	0.00816	0.00966	0.01026	0.00580	0.00650	0.00994	0.01388	0.01828	0.04233	0.68175	0.10846	0.02191	0.00903	0.00285	0.00408	0.01975	0.00661	0.00580
12	0.01244	0.03401	0.01291	0.07225	0.04494	0.10533	0.00956	0.01406	0.01442	0.01791	0.02914	0.46955	0.03334	0.01917	0.03715	0.04045	0.00673	0.01470	0.00541	0.00653

[dist]
# distance from previous block
# <min> <max>
0	2

[block]
# block no. 1 follows, 29 sequences, length 35
# corresponding to MSA columns:
# 97-131
name=unknown_B
#
# <colnr> <probs for GDERKNQSTAVLIFYWHMCP>
#	G	D	E	R	K	N	Q	S	T	A	V	L	I	F	Y	W	H	M	C	P
0	0.13312	0.08163	0.01663	0.01289	0.01643	0.03462	0.04101	0.04315	0.17740	0.06474	0.04311	0.09442	0.03811	0.01884	0.14856	0.00409	0.00879	0.00829	0.00550	0.00866
1	0.02098	0.14564	0.09351	0.01543	0.02060	0.11633	0.05232	0.10978	0.08433	0.12650	0.04128	0.02071	0.01545	0.04192	0.06165	0.00295	0.00920	0.00646	0.00523	0.00973
2	0.01851	0.31403	0.16067	0.01627	0.04882	0.10758	0.01529	0.02329	0.06454	0.04397	0.05677	0.01706	0.01412	0.00776	0.00727	0.00198	0.06326	0.00547	0.00395	0.00939
3	0.01615	0.01511	0.01916	0.22865	0.13144	0.06732	0.01455	0.02273	0.13076	0.02257	0.01586	0.01879	0.01247	0.00701	0.00650	0.00192	0.00755	0.00594	0.03638	0.21917
4	0.05261	0.13317	0.08972	0.01229	0.01573	0.13788	0.01054	0.04009	0.01556	0.02029	0.08733	0.06417	0.02187	0.18590	0.03546	0.00344	0.00806	0.00780	0.05074	0.00736
5	0.08046	0.01556	0.01680	0.01397	0.01850	0.01712	0.01120	0.24734	0.28053	0.10884	0.09251	0.02477	0.02170	0.00947	0.00710	0.00227	0.00617	0.00759	0.00722	0.01091
6	0.01213	0.01424	0.12957	0.01167	0.01502	0.06191	0.01051	0.01517	0.01627	0.04885	0.12293	0.23668	0.22345	0.01573	0.00816	0.00247	0.00580	0.03618	0.00601	0.00724
7	0.04583	0.03201	0.53309	0.01991	0.02890	0.04672	0.07275	0.04945	0.01612	0.02356	0.01444	0.01927	0.01123	0.00760	0.00699	0.00230	0.01018	0.04606	0.00353	0.01007
8	0.31343	0.01241	0.04425	0.01086	0.01438	0.01222	0.00890	0.06648	0.01515	0.11639	0.02098	0.17249	0.01982	0.05721	0.05260	0.00318	0.00653	0.00873	0.03598	0.00800
9	0.00959	0.00675	0.00782	0.00829	0.00876	0.00646	0.00512	0.01021	0.01215	0.01584	0.03452	0.24706	0.13176	0.43633	0.02447	0.00511	0.00563	0.01384	0.00530	0.00498
10	0.01335	0.00772	0.00977	0.00965	0.01087	0.00744	0.00667	0.01453	0.01330	0.12326	0.02911	0.19588	0.04693	0.35197	0.07475	0.00526	0.00698	0.06066	0.00570	0.00620
11	0.19490	0.01779	0.01500	0.01332	0.01692	0.16440	0.01031	0.11103	0.16617	0.02731	0.05775	0.02227	0.01736	0.06861	0.06446	0.00325	0.00843	0.00659	0.00538	0.00876
12	0.01454	0.02768	0.45586	0.01756	0.02518	0.03611	0.03900	0.02077	0.01578	0.05367	0.08948	0.02407	0.06808	0.01076	0.03861	0.00269	0.03949	0.00708	0.00412	0.00947
13	0.01815	0.01631	0.01888	0.01489	0.01978	0.05708	0.05273	0.12205	0.16078	0.02675	0.01639	0.01787	0.01294	0.00771	0.00837	0.00188	0.09316	0.00588	0.00509	0.32332
14	0.00950	0.00767	0.00999	0.01027	0.01197	0.00706	0.03825	0.01201	0.03903	0.01945	0.04978	0.38158	0.28691	0.01930	0.00880	0.00270	0.00455	0.06837	0.00649	0.00630
15	0.01712	0.01640	0.02799	0.12726	0.62574	0.01679	0.02160	0.02141	0.01597	0.02265	0.01330	0.01779	0.01106	0.00644	0.00706	0.00215	0.00858	0.00634	0.00348	0.01087
16	0.01217	0.00805	0.01077	0.01165	0.01352	0.00768	0.00970	0.01496	0.01654	0.07291	0.08086	0.15851	0.12832	0.01868	0.00927	0.00297	0.00563	0.40419	0.00682	0.00681
17	0.48042	0.01372	0.01239	0.03840	0.01585	0.01557	0.00886	0.15115	0.01692	0.03305	0.01374	0.01554	0.01047	0.00731	0.00515	0.00210	0.00575	0.00494	0.14026	0.00841
18	0.67660	0.01351	0.01144	0.00990	0.01448	0.01509	0.00815	0.02314	0.01345	0.14097	0.01284	0.01360	0.00931	0.00696	0.00485	0.00220	0.00560	0.00439	0.00511	0.00842
19	0.01407	0.00810	0.01034	0.00992	0.01226	0.00725	0.00759	0.01645	0.01750	0.16568	0.21110	0.21253	0.19174	0.01636	0.00843	0.00251	0.00443	0.06891	0.00738	0.00746
20	0.01026	0.00729	0.00972	0.00972	0.01040	0.00796	0.00675	0.01161	0.01093	0.01525	0.02065	0.03670	0.02159	0.37984	0.40028	0.00932	0.01337	0.00891	0.00405	0.00540
21	0.01190	0.00649	0.00973	0.00973	0.01000	0.00676	0.00676	0.01000	0.00973	0.01325	0.01379	0.02298	0.01352	0.03080	0.17444	0.62769	0.00891	0.00649	0.00324	0.00378
22	0.28447	0.01287	0.01331	0.01142	0.01527	0.01401	0.00905	0.11024	0.09154	0.15030	0.01889	0.02207	0.01490	0.09037	0.08547	0.00368	0.00746	0.00641	0.02934	0.00894
23	0.01129	0.00861	0.00997	0.00981	0.01181	0.00832	0.00722	0.08818	0.04205	0.02404	0.17952	0.29402	0.24337	0.01745	0.00846	0.00251	0.00429	0.01519	0.00694	0.00696
24	0.25596	0.01535	0.01290	0.01176	0.01535	0.10345	0.00917	0.02702	0.25756	0.02820	0.01970	0.02027	0.01515	0.00815	0.00580	0.00212	0.00601	0.00604	0.17121	0.00883
25	0.02777	0.01617	0.01871	0.01464	0.02003	0.01683	0.01200	0.33510	0.11669	0.31035	0.02311	0.02124	0.01562	0.00880	0.00715	0.00220	0.00683	0.00693	0.00782	0.01200
26	0.01006	0.00677	0.00828	0.00932	0.01051	0.00639	0.00687	0.01216	0.01476	0.02062	0.04069	0.38098	0.14126	0.01826	0.00824	0.00262	0.00427	0.11982	0.17201	0.00612
27	0.01836	0.06185	0.09748	0.02341	0.24448	0.01444	0.01556	0.08494	0.01672	0.10176	0.01678	0.02322	0.01417	0.01172	0.01143	0.16715	0.00768	0.05513	0.00454	0.00918
28	0.00861	0.00646	0.00799	0.00922	0.01014	0.00584	0.00630	0.00999	0.01430	0.01845	0.04774	0.57041	0.21631	0.02120	0.00891	0.00277	0.00400	0.01890	0.00661	0.00584
29	0.00881	0.00647	0.00831	0.00972	0.01050	0.00597	0.00674	0.01026	0.01418	0.01853	0.04391	0.60585	0.14151	0.02153	0.00904	0.00285	0.00421	0.05915	0.00661	0.00586
30	0.27672	0.01450	0.01639	0.07056	0.12435	0.01602	0.01173	0.18990	0.01838	0.03036	0.01484	0.01969	0.01239	0.09872	0.00967	0.00273	0.00691	0.00605	0.05117	0.00893
31	0.13680	0.04344	0.01840	0.01956	0.16219	0.07463	0.01280	0.01858	0.01445	0.02222	0.05641	0.12643	0.01888	0.01062	0.01016	0.00234	0.16096	0.00803	0.02855	0.05456
32	0.06362	0.10193	0.13660	0.10099	0.08963	0.04736	0.10154	0.07140	0.04860	0.04158	0.03625	0.06307	0.01469	0.00806	0.00683	0.00215	0.00848	0.00699	0.00435	0.04590
33	0.01465	0.01023	0.01170	0.01058	0.01346	0.00990	0.00804	0.15278	0.01929	0.06627	0.07297	0.25355	0.19031	0.01505	0.00782	0.00233	0.00489	0.01289	0.05545	0.06783
34	0.06426	0.13210	0.13344	0.04398	0.06615	0.15456	0.09686	0.03705	0.01663	0.02143	0.01754	0.02278	0.05285	0.00825	0.00671	0.00209	0.00918	0.05494	0.00398	0.05523

[dist]
# distance from previous block
# <min> <max>
0	93

[block]
# block no. 2 follows, 29 sequences, length 16
# corresponding to MSA columns:
# 232-247
name=unknown_C
#
# <colnr> <probs for GDERKNQSTAVLIFYWHMCP>
#	G	D	E	R	K	N	Q	S	T	A	V	L	I	F	Y	W	H	M	C	P
0	0.01443	0.05368	0.01839	0.16364	0.08229	0.07401	0.05425	0.06642	0.01647	0.02086	0.02648	0.28360	0.07004	0.01328	0.00779	0.00243	0.00729	0.01179	0.00504	0.00783
1	0.01499	0.02881	0.45363	0.02613	0.19747	0.01621	0.06521	0.02173	0.01520	0.02234	0.01346	0.01681	0.01028	0.00975	0.05497	0.00285	0.01068	0.00589	0.00323	0.01037
2	0.05122	0.18899	0.10684	0.04271	0.02260	0.01893	0.05129	0.15722	0.06671	0.19855	0.01791	0.01797	0.01277	0.00764	0.00648	0.00207	0.00772	0.00599	0.00567	0.01072
3	0.04669	0.04216	0.16135	0.05697	0.07005	0.03616	0.11776	0.02181	0.03569	0.10795	0.02436	0.05188	0.06701	0.01037	0.00765	0.00243	0.00831	0.11721	0.00502	0.00917
4	0.01368	0.00915	0.01091	0.01015	0.01241	0.00883	0.00755	0.10694	0.01897	0.08355	0.21738	0.22338	0.16352	0.06786	0.01026	0.00275	0.00471	0.01357	0.00704	0.00740
5	0.01009	0.00691	0.00812	0.00878	0.01011	0.00653	0.00642	0.01209	0.01452	0.02008	0.04206	0.25037	0.20917	0.08440	0.04019	0.00327	0.00498	0.08896	0.16698	0.00600
6	0.01735	0.16896	0.23726	0.02298	0.14536	0.08532	0.09672	0.02222	0.01565	0.02093	0.01221	0.01507	0.00979	0.00662	0.00705	0.00201	0.03667	0.00543	0.00333	0.06906
7	0.01052	0.00721	0.00901	0.06283	0.01164	0.00722	0.00616	0.01070	0.01166	0.01508	0.02933	0.09058	0.13717	0.38968	0.02601	0.14893	0.00623	0.01074	0.00454	0.00475
8	0.00895	0.00699	0.00812	0.00835	0.01008	0.00616	0.00607	0.01107	0.01674	0.02165	0.24420	0.22377	0.36634	0.01805	0.00857	0.00247	0.00366	0.01564	0.00696	0.00616
9	0.01361	0.01653	0.18598	0.01499	0.04594	0.01167	0.01353	0.10818	0.01688	0.02314	0.02632	0.25325	0.02791	0.10114	0.01146	0.00313	0.00709	0.10587	0.00538	0.00801
10	0.05424	0.04457	0.02247	0.09723	0.06846	0.08495	0.08578	0.25255	0.02251	0.08772	0.01821	0.04779	0.01494	0.00904	0.00726	0.00226	0.00850	0.05594	0.00557	0.01002
11	0.01731	0.00984	0.01039	0.00909	0.01184	0.01021	0.00714	0.16244	0.01927	0.06820	0.02216	0.02436	0.01688	0.00838	0.00557	0.00179	0.00445	0.00662	0.57592	0.00813
12	0.01520	0.01490	0.02742	0.08448	0.31860	0.01492	0.19279	0.01941	0.01537	0.02139	0.01720	0.10155	0.01583	0.01366	0.09176	0.00340	0.01024	0.00861	0.00390	0.00938
13	0.01976	0.10840	0.01980	0.01517	0.01817	0.32757	0.03010	0.02213	0.01752	0.02026	0.12211	0.02121	0.01950	0.00913	0.00879	0.00204	0.11113	0.00638	0.09293	0.00790
14	0.01841	0.07195	0.09040	0.09769	0.02205	0.01426	0.01258	0.07840	0.09748	0.13130	0.03980	0.02217	0.01588	0.07398	0.00915	0.00236	0.00696	0.00647	0.00532	0.18339
15	0.04197	0.30151	0.07592	0.01286	0.01762	0.05683	0.04764	0.05835	0.01664	0.02215	0.08046	0.06823	0.06636	0.00923	0.00614	0.00193	0.00694	0.00732	0.09350	0.00842

[dist]
# distance from previous block
# <min> <max>
0	6

[block]
# block no. 3 follows, 29 sequences, length 32
# corresponding to MSA columns:
# 254-285
name=unknown_D
#
# <colnr> <probs for GDERKNQSTAVLIFYWHMCP>
#	G	D	E	R	K	N	Q	S	T	A	V	L	I	F	Y	W	H	M	C	P
0	0.62801	0.01235	0.01014	0.00919	0.01304	0.01392	0.00743	0.01913	0.01366	0.03073	0.12786	0.02142	0.05357	0.00852	0.00528	0.00222	0.00505	0.00593	0.00509	0.00746
1	0.72071	0.01360	0.01109	0.00971	0.01423	0.01541	0.00800	0.02235	0.01297	0.10201	0.01179	0.01288	0.00874	0.00684	0.00469	0.00220	0.00557	0.00420	0.00486	0.00817
2	0.01032	0.00702	0.00838	0.00838	0.00859	0.00723	0.00508	0.01075	0.01054	0.01426	0.02188	0.04351	0.02455	0.63426	0.14990	0.00766	0.00892	0.00990	0.00423	0.00465
3	0.41292	0.01569	0.01560	0.07745	0.02011	0.01771	0.01099	0.24948	0.02021	0.07868	0.01381	0.01496	0.01003	0.00747	0.00577	0.00220	0.00671	0.00517	0.00551	0.00953
4	0.01995	0.02040	0.02310	0.01805	0.02293	0.21754	0.18167	0.08573	0.01829	0.04797	0.01489	0.02003	0.01261	0.10249	0.01065	0.00252	0.00966	0.00651	0.00437	0.16064
5	0.16081	0.12501	0.02066	0.01528	0.01978	0.37047	0.01221	0.09974	0.01950	0.07697	0.01268	0.01379	0.00990	0.00729	0.00595	0.00192	0.00976	0.00476	0.00450	0.00901
6	0.01253	0.01065	0.01438	0.01611	0.14775	0.00931	0.00999	0.01541	0.01604	0.02273	0.14727	0.14880	0.13357	0.01185	0.00727	0.00198	0.00512	0.01042	0.00548	0.25336
7	0.36242	0.01898	0.01833	0.01885	0.12711	0.17762	0.05974	0.02217	0.01497	0.02513	0.01252	0.05124	0.01094	0.00779	0.00677	0.00220	0.04498	0.00570	0.00409	0.00844
8	0.01369	0.01333	0.02212	0.01840	0.02032	0.01586	0.16124	0.01637	0.01278	0.01846	0.01728	0.13973	0.01753	0.02039	0.14965	0.00449	0.31753	0.00931	0.00394	0.00759
9	0.01826	0.27332	0.21911	0.01579	0.02232	0.09353	0.01626	0.06904	0.01629	0.02125	0.01161	0.01375	0.00950	0.00707	0.00734	0.00189	0.07470	0.00475	0.00353	0.10070
10	0.02645	0.01549	0.01819	0.01379	0.01954	0.01511	0.01134	0.30102	0.02471	0.29433	0.02040	0.01935	0.01390	0.00799	0.00676	0.00194	0.00664	0.00625	0.00718	0.16961
11	0.02175	0.02489	0.02198	0.01889	0.02165	0.35814	0.05628	0.06330	0.05239	0.01993	0.01194	0.01515	0.01016	0.00921	0.01247	0.00236	0.26140	0.00568	0.00386	0.00856
12	0.00862	0.00682	0.00776	0.00837	0.00996	0.00597	0.00596	0.01029	0.01546	0.01939	0.09724	0.33080	0.40925	0.01949	0.00868	0.00258	0.00380	0.01693	0.00669	0.00597
13	0.04192	0.01002	0.01114	0.01000	0.01289	0.00991	0.00772	0.07687	0.11255	0.02746	0.31174	0.04713	0.22864	0.01357	0.00783	0.00224	0.00432	0.01147	0.00705	0.04552
14	0.02814	0.01659	0.01916	0.01465	0.02031	0.01699	0.01208	0.40027	0.02746	0.29160	0.02093	0.01962	0.01407	0.00845	0.00703	0.00210	0.00702	0.00656	0.00758	0.05940
15	0.01771	0.01530	0.01610	0.01449	0.01852	0.01771	0.01127	0.03784	0.69247	0.02979	0.02898	0.02657	0.02174	0.00966	0.00725	0.00242	0.00564	0.00805	0.00725	0.01127
16	0.01535	0.01541	0.02299	0.01927	0.02000	0.02066	0.07525	0.01737	0.01147	0.01761	0.01041	0.01668	0.01001	0.01443	0.06549	0.00357	0.62645	0.00652	0.00320	0.00786
17	0.01108	0.00897	0.01319	0.01266	0.01372	0.01107	0.01002	0.01346	0.01135	0.01663	0.01744	0.02589	0.01638	0.04651	0.60402	0.01004	0.13986	0.00739	0.00370	0.00660
18	0.06492	0.01164	0.01545	0.01209	0.01712	0.01029	0.00991	0.03165	0.01997	0.60149	0.10378	0.02694	0.02280	0.00936	0.00717	0.00221	0.00573	0.00766	0.00850	0.01130
19	0.00874	0.00677	0.00796	0.00863	0.01006	0.00600	0.00610	0.01048	0.01556	0.01991	0.13485	0.36656	0.33393	0.01950	0.00871	0.00260	0.00381	0.01708	0.00676	0.00600
20	0.00930	0.00705	0.00949	0.01071	0.01109	0.00723	0.00742	0.01057	0.01339	0.01808	0.03654	0.67908	0.04368	0.02142	0.01038	0.00291	0.07043	0.01897	0.00629	0.00597
21	0.01447	0.01071	0.01188	0.01084	0.01356	0.01100	0.00828	0.17558	0.07840	0.02806	0.12820	0.19763	0.17876	0.01457	0.00782	0.00236	0.00486	0.01241	0.08259	0.00804
22	0.01010	0.00708	0.00898	0.01012	0.01094	0.00685	0.00694	0.05214	0.01495	0.02035	0.03690	0.65627	0.04317	0.02060	0.00872	0.00277	0.00431	0.01856	0.05402	0.00623
23	0.05340	0.00962	0.01214	0.01175	0.03715	0.00909	0.00861	0.05651	0.01770	0.21230	0.10263	0.25176	0.09710	0.01453	0.00784	0.00244	0.00499	0.03438	0.04771	0.00835
24	0.18617	0.00843	0.00932	0.01007	0.01188	0.00859	0.00767	0.01351	0.01443	0.02250	0.06982	0.34844	0.10613	0.01745	0.00808	0.00273	0.00481	0.13735	0.00617	0.00643
25	0.00879	0.00655	0.00808	0.00924	0.01017	0.00598	0.00635	0.01017	0.01420	0.01832	0.04651	0.51902	0.20874	0.05852	0.01034	0.00299	0.00422	0.03951	0.00649	0.00579
26	0.37817	0.16348	0.06097	0.01317	0.01806	0.22258	0.01145	0.02328	0.01508	0.02425	0.01040	0.01212	0.00849	0.00673	0.00516	0.00197	0.00834	0.00414	0.00385	0.00831
27	0.01743	0.01577	0.05896	0.20461	0.29409	0.01614	0.01854	0.05489	0.01607	0.08417	0.01477	0.01901	0.01166	0.01108	0.06360	0.00301	0.07586	0.00645	0.00406	0.00982
28	0.01212	0.00949	0.01259	0.01210	0.01422	0.00925	0.04771	0.08462	0.05151	0.02247	0.03520	0.45990	0.07809	0.01775	0.00851	0.00264	0.00525	0.05470	0.00637	0.05552
29	0.01629	0.29610	0.08952	0.01489	0.01861	0.02109	0.03811	0.03894	0.01346	0.01800	0.01250	0.01936	0.01216	0.13326	0.01582	0.00301	0.22126	0.00600	0.00342	0.00817
30	0.01364	0.17962	0.01956	0.08200	0.01868	0.03578	0.05664	0.03674	0.01510	0.01921	0.04325	0.27405	0.02825	0.07487	0.00997	0.00279	0.00681	0.07077	0.00502	0.00727
31	0.05868	0.00950	0.03167	0.00990	0.01253	0.00833	0.00766	0.01527	0.06775	0.04653	0.12919	0.26769	0.20653	0.01577	0.00792	0.00239	0.00446	0.01364	0.00644	0.07814

[dist]
# distance from previous block
# <min> <max>
1	70

[block]
# block no. 4 follows, 29 sequences, length 12
# corresponding to MSA columns:
# 361-372
name=unknown_E
#
# <colnr> <probs for GDERKNQSTAVLIFYWHMCP>
#	G	D	E	R	K	N	Q	S	T	A	V	L	I	F	Y	W	H	M	C	P
0	0.01941	0.01372	0.01933	0.20088	0.13815	0.01420	0.01443	0.11258	0.04373	0.15036	0.06615	0.02199	0.01665	0.00795	0.00691	0.00208	0.00716	0.00679	0.03747	0.10005
1	0.02054	0.26004	0.21363	0.01537	0.02192	0.07323	0.01584	0.04602	0.04423	0.15067	0.01551	0.01644	0.01163	0.00895	0.03147	0.00233	0.03228	0.00536	0.00450	0.01005
2	0.05443	0.12111	0.02262	0.09523	0.23295	0.05826	0.01495	0.09991	0.01757	0.02409	0.01753	0.09328	0.01629	0.00919	0.00678	0.00216	0.00763	0.04365	0.05309	0.00928
3	0.01432	0.01205	0.01302	0.01204	0.01520	0.01319	0.00923	0.02743	0.42516	0.02714	0.15128	0.07442	0.15074	0.01260	0.00774	0.00241	0.00482	0.01071	0.00720	0.00930
4	0.02351	0.01273	0.01506	0.01225	0.01672	0.01255	0.00988	0.15384	0.10779	0.31773	0.06201	0.03109	0.11967	0.01044	0.00726	0.00221	0.00568	0.00850	0.06058	0.01050
5	0.02177	0.07236	0.11153	0.02494	0.21774	0.09628	0.07532	0.07179	0.05230	0.16138	0.01687	0.01820	0.01242	0.00727	0.00693	0.00212	0.00880	0.00627	0.00494	0.01077
6	0.01129	0.00673	0.00943	0.00943	0.00976	0.00706	0.00639	0.01042	0.01010	0.01379	0.01666	0.02968	0.01723	0.21894	0.20511	0.39291	0.00962	0.00762	0.00359	0.00423
7	0.00917	0.00724	0.00826	0.00800	0.01008	0.00633	0.00600	0.01168	0.01801	0.02346	0.35736	0.06158	0.41459	0.01646	0.00841	0.00233	0.00349	0.01405	0.00717	0.00633
8	0.01970	0.01346	0.01935	0.14857	0.06008	0.01400	0.06959	0.17494	0.02014	0.16476	0.02347	0.19635	0.02111	0.01136	0.00771	0.00240	0.00727	0.01008	0.00612	0.00954
9	0.07064	0.01919	0.02188	0.06663	0.02437	0.05343	0.07018	0.44313	0.09631	0.03753	0.01706	0.01784	0.01240	0.00817	0.00705	0.00219	0.00818	0.00650	0.00624	0.01107
10	0.00937	0.00731	0.01114	0.01163	0.01262	0.00683	0.06398	0.01101	0.01390	0.01857	0.03713	0.68321	0.04400	0.02092	0.00903	0.00285	0.00480	0.01923	0.00635	0.00611
11	0.01502	0.01614	0.03371	0.07465	0.03265	0.01543	0.49355	0.02005	0.01611	0.02168	0.01939	0.13631	0.01797	0.00935	0.00850	0.00252	0.01031	0.04373	0.00420	0.00873

[dist]
# distance from previous block
# <min> <max>
0	10

[block]
# block no. 5 follows, 29 sequences, length 49
# corresponding to MSA columns:
# 383-431
name=unknown_F
#
# <colnr> <probs for GDERKNQSTAVLIFYWHMCP>
#	G	D	E	R	K	N	Q	S	T	A	V	L	I	F	Y	W	H	M	C	P
0	0.02143	0.02484	0.02006	0.09182	0.02415	0.41089	0.06168	0.04804	0.09222	0.02027	0.01696	0.10307	0.01532	0.00930	0.00707	0.00213	0.01044	0.00735	0.00447	0.00848
1	0.01728	0.03762	0.14562	0.06546	0.09855	0.01452	0.01508	0.07616	0.10911	0.07620	0.05090	0.02317	0.01676	0.00815	0.00680	0.00203	0.00722	0.04104	0.00510	0.18323
2	0.07785	0.55290	0.03179	0.01252	0.01840	0.02514	0.01188	0.10126	0.01704	0.07690	0.01222	0.01314	0.01007	0.00664	0.00507	0.00170	0.00736	0.00439	0.00410	0.00963
3	0.80005	0.01377	0.01047	0.00936	0.01377	0.01597	0.00771	0.02093	0.01212	0.03195	0.00991	0.01157	0.00771	0.00661	0.00441	0.00220	0.00551	0.00386	0.00441	0.00771
4	0.22974	0.01731	0.01753	0.01387	0.01901	0.01921	0.01143	0.44759	0.02637	0.06595	0.01596	0.01642	0.01149	0.00804	0.00630	0.00213	0.00691	0.00578	0.04831	0.01066
5	0.01034	0.00693	0.00787	0.00784	0.00794	0.00689	0.00446	0.01054	0.01093	0.01468	0.06254	0.04699	0.02833	0.70634	0.03460	0.00663	0.00669	0.01050	0.00452	0.00446
6	0.01860	0.01628	0.01900	0.17306	0.12004	0.12945	0.01524	0.10082	0.01888	0.07325	0.02140	0.03571	0.01972	0.01098	0.00779	0.00247	0.00860	0.19470	0.00517	0.00885
7	0.31806	0.01401	0.01296	0.01123	0.01517	0.06478	0.00893	0.10794	0.01751	0.15390	0.01903	0.09277	0.01567	0.00917	0.00597	0.00217	0.00601	0.00691	0.10904	0.00878
8	0.07586	0.70018	0.03536	0.01198	0.01795	0.02729	0.01186	0.02129	0.01430	0.01786	0.00990	0.01143	0.00903	0.00613	0.00456	0.00157	0.00746	0.00381	0.00314	0.00903
9	0.04174	0.01680	0.11401	0.06062	0.06141	0.01431	0.04922	0.15898	0.01909	0.04719	0.04400	0.05972	0.10895	0.03356	0.00880	0.00237	0.03582	0.02760	0.00524	0.09056
10	0.07036	0.08543	0.01297	0.01005	0.01161	0.01063	0.00751	0.04492	0.01203	0.01748	0.01548	0.02479	0.01503	0.13171	0.16720	0.30481	0.00903	0.00671	0.03676	0.00550
11	0.66744	0.01260	0.01025	0.00961	0.01341	0.01438	0.00776	0.01932	0.01251	0.02979	0.01476	0.10261	0.01402	0.00912	0.00523	0.00234	0.00539	0.03728	0.00477	0.00743
12	0.01428	0.03683	0.71286	0.02030	0.03082	0.01654	0.02631	0.02255	0.01503	0.02255	0.01278	0.01503	0.00902	0.00677	0.00677	0.00226	0.01052	0.00526	0.00301	0.01052
13	0.02194	0.01246	0.01477	0.01218	0.01623	0.01258	0.00975	0.15542	0.12356	0.25059	0.17494	0.02986	0.02823	0.01011	0.00720	0.00217	0.00544	0.00836	0.09402	0.01019
14	0.01904	0.75404	0.03731	0.01218	0.01828	0.02818	0.01218	0.02132	0.01447	0.01675	0.00990	0.01142	0.00914	0.00609	0.00457	0.00152	0.00761	0.00381	0.00305	0.00914
15	0.02007	0.01501	0.01460	0.01258	0.01623	0.08722	0.00988	0.16597	0.19321	0.08740	0.06575	0.02463	0.01996	0.00904	0.00656	0.00205	0.00609	0.00718	0.22695	0.00961
16	0.01345	0.01266	0.02136	0.73264	0.04904	0.01582	0.01978	0.01819	0.01424	0.01819	0.01266	0.01898	0.00949	0.00712	0.00712	0.00237	0.00949	0.00633	0.00316	0.00791
17	0.01213	0.00989	0.01086	0.01026	0.01051	0.05107	0.00682	0.01258	0.01105	0.01464	0.01956	0.03903	0.02199	0.56477	0.05581	0.00616	0.12435	0.00927	0.00407	0.00517
18	0.01935	0.01273	0.01483	0.01222	0.01597	0.01304	0.00976	0.25817	0.04280	0.12766	0.31617	0.03614	0.06728	0.01162	0.00774	0.00221	0.00542	0.00972	0.00764	0.00950
19	0.01013	0.00740	0.01069	0.01087	0.01197	0.00836	0.00821	0.01238	0.01170	0.01682	0.02154	0.10370	0.02144	0.09941	0.57507	0.00992	0.01614	0.00911	0.02900	0.00616
20	0.01942	0.01352	0.01649	0.01315	0.01708	0.01429	0.07856	0.29606	0.02290	0.03384	0.01974	0.02182	0.01490	0.00816	0.00623	0.00194	0.00611	0.00673	0.37980	0.00924
21	0.26378	0.01296	0.01491	0.01183	0.01702	0.01264	0.00977	0.05906	0.01846	0.47601	0.02212	0.02009	0.01439	0.00814	0.00633	0.00220	0.00597	0.00613	0.00741	0.01079
22	0.01179	0.00743	0.00970	0.00954	0.01126	0.00676	0.00699	0.01430	0.01783	0.09536	0.37838	0.27464	0.09529	0.01668	0.00849	0.00246	0.00390	0.01480	0.00747	0.00693
23	0.02383	0.01362	0.01611	0.01301	0.01747	0.01366	0.01048	0.27199	0.02425	0.27097	0.08727	0.10255	0.07995	0.01138	0.00756	0.00227	0.00609	0.00939	0.00768	0.01048
24	0.01985	0.01324	0.01394	0.01148	0.01517	0.01423	0.00922	0.34466	0.02415	0.03525	0.02255	0.02390	0.04815	0.00889	0.00620	0.00193	0.00556	0.00693	0.36537	0.00931
25	0.00868	0.00620	0.00826	0.00991	0.01033	0.00578	0.00661	0.00991	0.01363	0.01818	0.03925	0.74510	0.04710	0.02231	0.00909	0.00289	0.00413	0.02024	0.00661	0.00578
26	0.01989	0.01525	0.01811	0.01752	0.08964	0.01696	0.01253	0.16502	0.32157	0.08686	0.02397	0.07499	0.01918	0.01054	0.00885	0.02566	0.04806	0.00819	0.00656	0.01068
27	0.00869	0.00669	0.00795	0.00876	0.01007	0.00595	0.00614	0.01033	0.01521	0.01946	0.10752	0.41774	0.31004	0.01996	0.00876	0.00264	0.00386	0.01755	0.00671	0.00595
28	0.00867	0.00623	0.00823	0.00982	0.01030	0.00579	0.00657	0.00993	0.01373	0.01821	0.04042	0.72102	0.07042	0.02216	0.00906	0.00287	0.00411	0.02006	0.00661	0.00579
29	0.25018	0.12662	0.04950	0.06858	0.07150	0.26180	0.01322	0.02395	0.01608	0.04369	0.01143	0.01351	0.00917	0.00688	0.00570	0.00199	0.00908	0.00463	0.00388	0.00863
30	0.14268	0.01685	0.10427	0.27552	0.16395	0.01564	0.05431	0.02204	0.01524	0.10301	0.01427	0.01769	0.01052	0.00698	0.00670	0.00226	0.00851	0.00602	0.00410	0.00943
31	0.00900	0.00663	0.00850	0.00988	0.01078	0.00614	0.00704	0.01060	0.01443	0.01876	0.04457	0.54499	0.15639	0.02125	0.00907	0.00286	0.00436	0.10224	0.00660	0.00592
32	0.04377	0.34535	0.05057	0.07848	0.02295	0.14520	0.04556	0.05614	0.01630	0.01990	0.01119	0.01362	0.00948	0.00688	0.00666	0.00183	0.05183	0.00474	0.00353	0.06602
33	0.01980	0.01660	0.08071	0.10125	0.13572	0.05529	0.01476	0.12022	0.04548	0.15681	0.02209	0.15937	0.01942	0.01054	0.00743	0.00232	0.00752	0.00906	0.00574	0.00987
34	0.01415	0.00965	0.03185	0.03735	0.01423	0.00830	0.00837	0.01760	0.04614	0.15350	0.18207	0.05233	0.33544	0.01455	0.00810	0.00237	0.00469	0.04448	0.00706	0.00777
35	0.01943	0.34132	0.10945	0.01448	0.02016	0.06875	0.01381	0.13330	0.09364	0.02448	0.06250	0.01765	0.01513	0.00785	0.00651	0.00193	0.02962	0.00565	0.00457	0.00977
36	0.01566	0.00949	0.01214	0.06306	0.01593	0.00920	0.00895	0.02016	0.09036	0.17996	0.17613	0.15914	0.15720	0.01428	0.00807	0.00244	0.00496	0.03744	0.00718	0.00824
37	0.07811	0.06914	0.17387	0.06784	0.08825	0.01791	0.01639	0.17417	0.10702	0.11252	0.01736	0.01813	0.01256	0.00772	0.00669	0.00219	0.00792	0.00609	0.00536	0.01076
38	0.12478	0.01769	0.04887	0.10585	0.14632	0.07506	0.01475	0.17971	0.02034	0.13652	0.01706	0.05242	0.01325	0.00825	0.00678	0.00220	0.00791	0.00664	0.00542	0.01019
39	0.02275	0.01358	0.06509	0.01235	0.01723	0.01151	0.01066	0.05973	0.12144	0.35882	0.03573	0.03299	0.16188	0.01071	0.00734	0.00226	0.00581	0.00877	0.03094	0.01042
40	0.01587	0.01026	0.01409	0.08219	0.01790	0.01018	0.03342	0.07387	0.03744	0.14306	0.31587	0.10295	0.06051	0.01292	0.00805	0.00235	0.00537	0.03825	0.00712	0.00831
41	0.04341	0.11572	0.09334	0.18293	0.02721	0.05810	0.01520	0.23840	0.02092	0.02767	0.01659	0.09796	0.01441	0.00912	0.00685	0.00219	0.00827	0.00730	0.00490	0.00951
42	0.01049	0.00713	0.00945	0.00945	0.00998	0.00766	0.00641	0.01122	0.01069	0.01479	0.02000	0.03628	0.02113	0.38557	0.31973	0.09034	0.01188	0.00879	0.00398	0.00504
43	0.00891	0.00689	0.00812	0.00853	0.01010	0.00611	0.00613	0.01091	0.01634	0.02117	0.21555	0.28735	0.33119	0.01859	0.00863	0.00252	0.00372	0.01622	0.00691	0.00611
44	0.01069	0.00929	0.01591	0.08866	0.01936	0.00910	0.13337	0.01318	0.01429	0.01904	0.03186	0.53448	0.03643	0.01769	0.00876	0.00275	0.00615	0.01659	0.00569	0.00672
45	0.04256	0.01769	0.02411	0.16678	0.08409	0.04622	0.12375	0.23326	0.13429	0.03011	0.01699	0.01912	0.01266	0.00775	0.00724	0.00226	0.00867	0.00684	0.00526	0.01036
46	0.01591	0.01248	0.01079	0.01033	0.01247	0.12732	0.00769	0.08610	0.01745	0.02508	0.02409	0.18198	0.02247	0.01126	0.00635	0.00201	0.00556	0.00928	0.40413	0.00729
47	0.01327	0.01169	0.01945	0.06352	0.20712	0.01230	0.06948	0.01671	0.01447	0.02007	0.02157	0.08594	0.02136	0.02371	0.21154	0.00512	0.03450	0.13566	0.00440	0.00811
48	0.02708	0.03096	0.01998	0.01771	0.02170	0.60352	0.01347	0.08408	0.02132	0.07692	0.01293	0.01414	0.01012	0.00756	0.00654	0.00189	0.01186	0.00495	0.00438	0.00890

[dist]
# distance from previous block
# <min> <max>
0	1

[block]
# block no. 6 follows, 29 sequences, length 48
# corresponding to MSA columns:
# 433-480
name=unknown_G
#
# <colnr> <probs for GDERKNQSTAVLIFYWHMCP>
#	G	D	E	R	K	N	Q	S	T	A	V	L	I	F	Y	W	H	M	C	P
0	0.01667	0.04608	0.11072	0.01211	0.01596	0.01237	0.01089	0.10830	0.01676	0.09318	0.01982	0.04791	0.01698	0.12105	0.08614	0.00371	0.03500	0.00730	0.17431	0.04476
1	0.07610	0.56230	0.06221	0.01442	0.02057	0.05795	0.08087	0.02183	0.01482	0.01875	0.01053	0.01244	0.00920	0.00621	0.00512	0.00171	0.00827	0.00438	0.00323	0.00910
2	0.63311	0.01812	0.01256	0.01130	0.01555	0.16818	0.00902	0.02255	0.01386	0.02881	0.01015	0.01184	0.00803	0.00677	0.00484	0.00212	0.00709	0.00401	0.00425	0.00783
3	0.61554	0.01395	0.01227	0.01043	0.01511	0.01550	0.00860	0.07155	0.01506	0.14590	0.01347	0.01408	0.00969	0.00712	0.00506	0.00220	0.00577	0.00459	0.00534	0.00877
4	0.01049	0.00689	0.00772	0.00772	0.00779	0.00689	0.00434	0.01064	0.01056	0.01438	0.02247	0.04570	0.02554	0.71645	0.03484	0.00667	0.00674	0.01019	0.03957	0.00442
5	0.49544	0.01458	0.01350	0.01122	0.01595	0.01615	0.00924	0.16524	0.01798	0.12778	0.01451	0.01511	0.01045	0.00740	0.00539	0.00217	0.00600	0.00498	0.03769	0.00922
6	0.09141	0.00748	0.00969	0.00938	0.01019	0.00773	0.00656	0.03258	0.01133	0.01709	0.06017	0.02287	0.01592	0.02100	0.02251	0.60007	0.00585	0.00644	0.03750	0.00424
7	0.01343	0.01221	0.01615	0.01375	0.01699	0.04194	0.10594	0.02101	0.18840	0.02493	0.23580	0.04017	0.14803	0.01574	0.07029	0.00312	0.00701	0.01055	0.00633	0.00821
8	0.01658	0.01391	0.01622	0.01198	0.01775	0.01219	0.00969	0.11257	0.01715	0.02585	0.01305	0.01516	0.01068	0.00627	0.00686	0.00136	0.05914	0.00468	0.00455	0.62436
9	0.45069	0.01410	0.04462	0.04212	0.06927	0.04009	0.01001	0.01990	0.01365	0.02796	0.01472	0.04270	0.01247	0.00791	0.00535	0.00216	0.00601	0.02675	0.14166	0.00786
10	0.38473	0.02068	0.01556	0.01354	0.01793	0.21684	0.01072	0.13996	0.07126	0.02993	0.01297	0.01407	0.00999	0.00739	0.00567	0.00210	0.00800	0.00484	0.00489	0.00891
11	0.01428	0.03683	0.71286	0.02030	0.03082	0.01654	0.02631	0.02255	0.01503	0.02255	0.01278	0.01503	0.00902	0.00677	0.00677	0.00226	0.01052	0.00526	0.00301	0.01052
12	0.02408	0.01800	0.01970	0.01519	0.02065	0.01932	0.01247	0.53797	0.02920	0.03971	0.01661	0.01756	0.01230	0.01136	0.05912	0.00266	0.00829	0.00619	0.00647	0.12315
13	0.01558	0.01558	0.02181	0.01869	0.01869	0.02181	0.01558	0.01714	0.01091	0.01714	0.00935	0.01558	0.00935	0.01246	0.02337	0.00312	0.73672	0.00623	0.00312	0.00779
14	0.06762	0.01219	0.01624	0.01252	0.01797	0.01072	0.01034	0.03406	0.02000	0.67877	0.02725	0.02365	0.01717	0.00871	0.00703	0.00220	0.00603	0.00701	0.00861	0.01191
15	0.03195	0.01212	0.01652	0.01267	0.01818	0.01047	0.01047	0.03470	0.02038	0.71026	0.02809	0.02424	0.01763	0.00881	0.00716	0.00220	0.00606	0.00716	0.00881	0.01212
16	0.02430	0.01477	0.01761	0.01415	0.01871	0.01564	0.01155	0.33896	0.02447	0.22268	0.02063	0.02173	0.01503	0.01956	0.18129	0.00442	0.01008	0.00692	0.00679	0.01071
17	0.02027	0.01128	0.01372	0.01172	0.01544	0.01123	0.00925	0.02828	0.21499	0.27069	0.22174	0.03340	0.03312	0.01068	0.00739	0.00224	0.00498	0.00903	0.06060	0.00995
18	0.01032	0.00703	0.00839	0.00839	0.00860	0.00724	0.00509	0.01075	0.01054	0.01427	0.02187	0.04346	0.02452	0.63227	0.15186	0.00767	0.00896	0.00990	0.00423	0.00466
19	0.01327	0.00664	0.00664	0.00664	0.00830	0.00664	0.00498	0.01659	0.01493	0.02655	0.02323	0.02655	0.01825	0.00830	0.00498	0.00166	0.00332	0.00664	0.78928	0.00664
20	0.01570	0.00769	0.00820	0.00762	0.00982	0.00760	0.00586	0.04321	0.01618	0.09729	0.02350	0.02596	0.01796	0.00836	0.00528	0.00173	0.00377	0.00668	0.68018	0.00740
21	0.00996	0.00737	0.00934	0.00930	0.01083	0.00692	0.00680	0.01343	0.04727	0.02551	0.47267	0.21541	0.10557	0.01641	0.00851	0.00241	0.00366	0.01455	0.00744	0.00665
22	0.24126	0.01229	0.01380	0.01123	0.01579	0.01222	0.00917	0.07611	0.01867	0.35415	0.09172	0.02334	0.01964	0.00874	0.00637	0.00216	0.00557	0.00674	0.06107	0.00996
23	0.05515	0.01434	0.01705	0.01365	0.01879	0.01449	0.01110	0.14817	0.18911	0.40067	0.02574	0.02311	0.01732	0.00890	0.00708	0.00224	0.00625	0.00713	0.00797	0.01175
24	0.00868	0.00620	0.00826	0.00991	0.01033	0.00578	0.00661	0.00991	0.01363	0.01818	0.03925	0.74510	0.04710	0.02231	0.00909	0.00289	0.00413	0.02024	0.00661	0.00578
25	0.02580	0.08382	0.04954	0.01306	0.01816	0.01423	0.01117	0.16072	0.02121	0.37852	0.05185	0.02471	0.01830	0.08458	0.00992	0.00261	0.00674	0.00718	0.00716	0.01073
26	0.00998	0.01155	0.11855	0.01212	0.01446	0.00802	0.03645	0.01255	0.01418	0.01930	0.05974	0.52865	0.05992	0.04727	0.00972	0.00289	0.00550	0.01663	0.00589	0.00665
27	0.01172	0.00758	0.00880	0.00914	0.01062	0.00735	0.00648	0.03858	0.04236	0.04631	0.03733	0.35123	0.12787	0.06697	0.00968	0.00274	0.00433	0.01416	0.19014	0.00660
28	0.24860	0.09916	0.11778	0.01798	0.04689	0.21833	0.11238	0.02364	0.01589	0.02331	0.01141	0.01374	0.00904	0.00669	0.00601	0.00206	0.00957	0.00501	0.00372	0.00880
29	0.17064	0.01493	0.01835	0.09442	0.14148	0.04314	0.01324	0.11862	0.01884	0.21806	0.01892	0.06714	0.01462	0.00859	0.00671	0.00223	0.00714	0.00697	0.00585	0.01011
30	0.00872	0.00628	0.00827	0.00977	0.01031	0.00583	0.00657	0.01006	0.01399	0.01861	0.06578	0.69169	0.07408	0.02184	0.00904	0.00285	0.00408	0.01975	0.00666	0.00583
31	0.06558	0.16884	0.01977	0.01316	0.01558	0.01715	0.01094	0.08709	0.01392	0.01987	0.01279	0.01820	0.01172	0.02059	0.14911	0.16772	0.17111	0.00584	0.00374	0.00729
32	0.01266	0.00823	0.01058	0.03727	0.01335	0.00821	0.00800	0.01568	0.05700	0.09869	0.05359	0.40623	0.10785	0.01852	0.03167	0.00290	0.03131	0.01496	0.05619	0.00712
33	0.01003	0.00740	0.00853	0.00821	0.01039	0.00646	0.00617	0.01246	0.01783	0.05106	0.31329	0.08507	0.40452	0.01646	0.00838	0.00235	0.00363	0.01406	0.00718	0.00653
34	0.02132	0.53633	0.03213	0.01405	0.01941	0.23769	0.01266	0.02347	0.01619	0.01696	0.01023	0.01185	0.00915	0.00647	0.00513	0.00162	0.00920	0.00404	0.00323	0.00887
35	0.01491	0.01825	0.16820	0.19483	0.09550	0.01538	0.01708	0.06522	0.09748	0.02319	0.02231	0.05354	0.08314	0.00951	0.00830	0.00236	0.05802	0.00777	0.03586	0.00916
36	0.01766	0.33709	0.17861	0.04220	0.05346	0.02210	0.14693	0.05222	0.04745	0.02135	0.01283	0.01517	0.01026	0.00654	0.00621	0.00197	0.00911	0.00552	0.00355	0.00980
37	0.01775	0.01509	0.02503	0.17777	0.41218	0.01561	0.04265	0.04783	0.01671	0.08271	0.01649	0.06857	0.01395	0.00789	0.00727	0.00224	0.00827	0.00745	0.00427	0.01026
38	0.01144	0.00774	0.00966	0.01016	0.01166	0.00739	0.00723	0.01486	0.07895	0.07390	0.11238	0.47426	0.11540	0.01878	0.00862	0.00267	0.00428	0.01673	0.00697	0.00691
39	0.37920	0.01317	0.01397	0.01132	0.01634	0.01341	0.00934	0.05376	0.01716	0.37743	0.01944	0.01823	0.01293	0.00781	0.00591	0.00220	0.00588	0.00564	0.00675	0.01012
40	0.06670	0.01331	0.08645	0.04578	0.01753	0.01224	0.07321	0.01560	0.03150	0.01901	0.04643	0.06100	0.08011	0.21689	0.01922	0.06157	0.11342	0.00897	0.00431	0.00675
41	0.01237	0.00618	0.00928	0.00928	0.00928	0.00618	0.00618	0.00928	0.00928	0.01237	0.01237	0.02165	0.01237	0.02474	0.02783	0.79283	0.00618	0.00618	0.00309	0.00309
42	0.00868	0.00620	0.00826	0.00991	0.01033	0.00578	0.00661	0.00991	0.01363	0.01818	0.03925	0.74510	0.04710	0.02231	0.00909	0.00289	0.00413	0.02024	0.00661	0.00578
43	0.01948	0.01183	0.01323	0.01125	0.01471	0.01211	0.00888	0.23689	0.02179	0.13176	0.02883	0.12692	0.08556	0.01133	0.00691	0.00214	0.00535	0.00933	0.23261	0.00907
44	0.01552	0.07649	0.37221	0.01764	0.02459	0.08107	0.06415	0.02086	0.01554	0.05164	0.01893	0.17286	0.01777	0.01017	0.00722	0.00231	0.00906	0.00863	0.00415	0.00920
45	0.01345	0.01266	0.02136	0.73264	0.04904	0.01582	0.01978	0.01819	0.01424	0.01819	0.01266	0.01898	0.00949	0.00712	0.00712	0.00237	0.00949	0.00633	0.00316	0.00791
46	0.01681	0.01921	0.04202	0.03001	0.03721	0.01801	0.67947	0.02281	0.01681	0.02281	0.01441	0.01921	0.01080	0.00600	0.00840	0.00240	0.01200	0.00840	0.00360	0.00960
47	0.01554	0.01343	0.01409	0.01331	0.01636	0.03865	0.01006	0.02983	0.47970	0.02649	0.05500	0.20221	0.02912	0.01284	0.00771	0.00251	0.00544	0.01108	0.00699	0.00967

[dist]
# distance from previous block
# <min> <max>
0	1

[block]
# block no. 7 follows, 29 sequences, length 36
# corresponding to MSA columns:
# 482-517
name=unknown_H
#
# <colnr> <probs for GDERKNQSTAVLIFYWHMCP>
#	G	D	E	R	K	N	Q	S	T	A	V	L	I	F	Y	W	H	M	C	P
0	0.01960	0.01934	0.05700	0.07328	0.09277	0.16614	0.01359	0.12033	0.04962	0.06267	0.04714	0.08820	0.01726	0.00897	0.00690	0.00201	0.00810	0.00732	0.00509	0.13467
1	0.24961	0.09602	0.01593	0.01170	0.01579	0.11723	0.00954	0.09679	0.05803	0.07515	0.01612	0.01733	0.01235	0.00757	0.00550	0.00197	0.00663	0.00532	0.17270	0.00872
2	0.80005	0.01377	0.01047	0.00936	0.01377	0.01597	0.00771	0.02093	0.01212	0.03195	0.00991	0.01157	0.00771	0.00661	0.00441	0.00220	0.00551	0.00386	0.00441	0.00771
3	0.80005	0.01377	0.01047	0.00936	0.01377	0.01597	0.00771	0.02093	0.01212	0.03195	0.00991	0.01157	0.00771	0.00661	0.00441	0.00220	0.00551	0.00386	0.00441	0.00771
4	0.01042	0.00680	0.00772	0.00790	0.00809	0.00676	0.00462	0.01083	0.01110	0.01536	0.02432	0.12059	0.02754	0.60838	0.03066	0.00603	0.00630	0.01111	0.07079	0.00467
5	0.02660	0.03394	0.02018	0.01834	0.02201	0.72116	0.01376	0.02843	0.02018	0.01743	0.01101	0.01284	0.00917	0.00734	0.00642	0.00183	0.01284	0.00459	0.00367	0.00825
6	0.80005	0.01377	0.01047	0.00936	0.01377	0.01597	0.00771	0.02093	0.01212	0.03195	0.00991	0.01157	0.00771	0.00661	0.00441	0.00220	0.00551	0.00386	0.00441	0.00771
7	0.01345	0.01266	0.02136	0.73264	0.04904	0.01582	0.01978	0.01819	0.01424	0.01819	0.01266	0.01898	0.00949	0.00712	0.00712	0.00237	0.00949	0.00633	0.00316	0.00791
8	0.01945	0.01269	0.01566	0.01161	0.01734	0.01050	0.00942	0.02241	0.01605	0.20839	0.01663	0.01737	0.01239	0.00666	0.00687	0.00149	0.04951	0.00513	0.00539	0.53504
9	0.01443	0.03577	0.67248	0.02088	0.03120	0.01663	0.06562	0.02257	0.01514	0.02257	0.01288	0.01528	0.00913	0.00672	0.00686	0.00226	0.01061	0.00545	0.00304	0.01047
10	0.01762	0.01692	0.02890	0.04371	0.70533	0.01692	0.02185	0.02185	0.01621	0.02326	0.01339	0.01762	0.01128	0.00634	0.00705	0.00211	0.00846	0.00634	0.00352	0.01128
11	0.02377	0.05835	0.01643	0.01350	0.04704	0.01132	0.01022	0.06695	0.01878	0.40314	0.02866	0.22122	0.02457	0.01223	0.00752	0.00234	0.00585	0.01047	0.00750	0.01015
12	0.01704	0.01413	0.01595	0.01199	0.01789	0.01257	0.00961	0.12040	0.11514	0.02740	0.01567	0.01681	0.01239	0.00640	0.00583	0.00141	0.00571	0.00510	0.00509	0.56345
13	0.01904	0.75404	0.03731	0.01218	0.01828	0.02818	0.01218	0.02132	0.01447	0.01675	0.00990	0.01142	0.00914	0.00609	0.00457	0.00152	0.00761	0.00381	0.00305	0.00914
14	0.01106	0.00875	0.01014	0.00953	0.01183	0.00857	0.00722	0.01712	0.14397	0.02634	0.41142	0.05227	0.22552	0.01456	0.00819	0.00232	0.00385	0.01255	0.00741	0.00738
15	0.01327	0.00664	0.00664	0.00664	0.00830	0.00664	0.00498	0.01659	0.01493	0.02655	0.02323	0.02655	0.01825	0.00830	0.00498	0.00166	0.00332	0.00664	0.78928	0.00664
16	0.01017	0.00763	0.01144	0.01144	0.01272	0.00890	0.00890	0.01272	0.01144	0.01653	0.01907	0.02797	0.01780	0.05340	0.72153	0.01144	0.01907	0.00763	0.00381	0.00636
17	0.02727	0.01962	0.02117	0.01623	0.02192	0.02160	0.01341	0.65459	0.03293	0.07265	0.01755	0.01739	0.01234	0.00856	0.00712	0.00214	0.00776	0.00644	0.00719	0.01211
18	0.01188	0.00636	0.00891	0.00891	0.00891	0.00636	0.00573	0.00954	0.00954	0.01272	0.01481	0.02771	0.01565	0.20091	0.02987	0.60186	0.00636	0.00720	0.00339	0.00339
19	0.01237	0.00618	0.00928	0.00928	0.00928	0.00618	0.00618	0.00928	0.00928	0.01237	0.01237	0.02165	0.01237	0.02474	0.02783	0.79283	0.00618	0.00618	0.00309	0.00309
20	0.00856	0.00722	0.00741	0.00736	0.00970	0.00607	0.00552	0.01049	0.01656	0.02002	0.12524	0.06723	0.64885	0.01774	0.00841	0.00239	0.00359	0.01485	0.00672	0.00607
21	0.01071	0.00766	0.00957	0.00978	0.01066	0.00790	0.00670	0.05117	0.01328	0.01791	0.02876	0.25616	0.06052	0.28497	0.18551	0.00624	0.00881	0.01273	0.00518	0.00579
22	0.02885	0.01708	0.01960	0.01502	0.02065	0.01783	0.01241	0.44497	0.02869	0.28826	0.02112	0.01971	0.01413	0.00864	0.00714	0.00216	0.00719	0.00669	0.00774	0.01211
23	0.02306	0.01332	0.01589	0.01304	0.01731	0.01351	0.01043	0.20790	0.10592	0.26520	0.14439	0.08809	0.02778	0.01098	0.00754	0.00228	0.00586	0.00916	0.00780	0.01053
24	0.00875	0.00623	0.00824	0.00982	0.01022	0.00583	0.00651	0.00993	0.01349	0.01799	0.03852	0.71473	0.04617	0.05394	0.01027	0.00307	0.00425	0.01981	0.00651	0.00572
25	0.01287	0.00990	0.01415	0.04336	0.01581	0.01043	0.07752	0.01643	0.04559	0.04527	0.07263	0.06443	0.14814	0.06643	0.09451	0.00368	0.07659	0.00972	0.16536	0.00718
26	0.01357	0.01409	0.01111	0.01076	0.01300	0.19389	0.00788	0.01543	0.01716	0.01964	0.13866	0.13661	0.30795	0.05705	0.00956	0.00255	0.00625	0.01238	0.00588	0.00658
27	0.00858	0.00658	0.00786	0.00888	0.01006	0.00587	0.00615	0.01003	0.01462	0.01858	0.05179	0.48712	0.29699	0.02068	0.00883	0.00271	0.00393	0.01825	0.00661	0.00587
