[name]
unknown

[dist]
# distance from previous block
# <min> <max>
0	2

[block]
# block no. 0 follows, 27 sequences, length 32
# corresponding to MSA columns:
# 40-71
name=unknown_A
#
# <colnr> <probs for GDERKNQSTAVLIFYWHMCP>
#	G	D	E	R	K	N	Q	S	T	A	V	L	I	F	Y	W	H	M	C	P
0	0.01202	0.00954	0.01393	0.01837	0.17496	0.00935	0.01037	0.01394	0.01444	0.01972	0.06276	0.30136	0.03473	0.21489	0.01673	0.00395	0.00629	0.05003	0.00552	0.00709
1	0.11348	0.01724	0.01965	0.04605	0.10466	0.04737	0.01350	0.23635	0.09293	0.11820	0.01863	0.01961	0.01378	0.01092	0.04722	0.00276	0.00829	0.00650	0.00617	0.05669
2	0.25392	0.01540	0.01630	0.01505	0.06943	0.05525	0.01106	0.02910	0.11032	0.24294	0.01984	0.01940	0.01409	0.00795	0.00636	0.00217	0.00661	0.00602	0.00634	0.09245
3	0.01461	0.01003	0.01408	0.01206	0.01494	0.00946	0.06009	0.06682	0.02104	0.09981	0.42612	0.10192	0.09036	0.01422	0.00858	0.00240	0.00495	0.01266	0.00769	0.00815
4	0.01402	0.01319	0.02227	0.72126	0.05113	0.01649	0.02062	0.01897	0.01484	0.01897	0.01319	0.01979	0.00990	0.00742	0.00742	0.00247	0.00990	0.00660	0.00330	0.00825
5	0.01690	0.01341	0.02027	0.01731	0.05812	0.01345	0.15316	0.15343	0.02118	0.03053	0.16347	0.07189	0.02830	0.01034	0.00758	0.00224	0.00679	0.00950	0.19311	0.00903
6	0.01080	0.00720	0.00810	0.00810	0.00810	0.00720	0.00450	0.01080	0.01080	0.01439	0.02339	0.04858	0.02699	0.73910	0.03779	0.00720	0.00720	0.01080	0.00450	0.00450
7	0.02574	0.22028	0.02605	0.01697	0.02193	0.37849	0.01386	0.16741	0.02249	0.02425	0.01256	0.01397	0.01022	0.00758	0.00634	0.00190	0.01080	0.00498	0.00444	0.00973
8	0.01203	0.00833	0.01140	0.01188	0.01276	0.00885	0.00862	0.01361	0.01420	0.07247	0.03410	0.52207	0.03885	0.02379	0.07511	0.00380	0.09794	0.01696	0.00634	0.00687
9	0.01045	0.00752	0.00967	0.01052	0.01154	0.00721	0.00733	0.04881	0.01682	0.02280	0.17454	0.55181	0.05137	0.02075	0.00921	0.00283	0.00436	0.01868	0.00719	0.00661
10	0.01077	0.00801	0.00956	0.01001	0.01113	0.00795	0.00681	0.01445	0.09399	0.02084	0.12537	0.34038	0.09421	0.19305	0.01593	0.00383	0.00504	0.01563	0.00657	0.00649
11	0.00922	0.00659	0.00882	0.01054	0.01105	0.00618	0.00720	0.01064	0.01439	0.01915	0.04082	0.69510	0.04872	0.02309	0.00952	0.00304	0.00446	0.05853	0.00689	0.00608
12	0.01489	0.03840	0.70064	0.02116	0.03213	0.01724	0.02743	0.02351	0.01567	0.02351	0.01332	0.01567	0.00940	0.00705	0.00705	0.00235	0.01097	0.00549	0.00313	0.01097
13	0.01489	0.03840	0.70064	0.02116	0.03213	0.01724	0.02743	0.02351	0.01567	0.02351	0.01332	0.01567	0.00940	0.00705	0.00705	0.00235	0.01097	0.00549	0.00313	0.01097
14	0.41038	0.19523	0.02030	0.01279	0.01769	0.17157	0.01077	0.04707	0.01587	0.02666	0.01085	0.01252	0.00890	0.00700	0.00520	0.00204	0.00803	0.00427	0.00419	0.00869
15	0.01489	0.03840	0.70064	0.02116	0.03213	0.01724	0.02743	0.02351	0.01567	0.02351	0.01332	0.01567	0.00940	0.00705	0.00705	0.00235	0.01097	0.00549	0.00313	0.01097
16	0.01536	0.08173	0.61941	0.02124	0.03171	0.01810	0.06493	0.02345	0.01575	0.02315	0.01324	0.01570	0.00952	0.00696	0.00701	0.00231	0.01087	0.00559	0.00317	0.01082
17	0.01061	0.00795	0.01193	0.01193	0.01326	0.00928	0.00928	0.01326	0.01193	0.01723	0.01988	0.02916	0.01856	0.05568	0.70968	0.01193	0.01988	0.00795	0.00398	0.00663
18	0.00985	0.00741	0.00919	0.00955	0.01118	0.00674	0.00714	0.01239	0.01790	0.02382	0.30293	0.22290	0.22821	0.01862	0.00909	0.00266	0.00411	0.08239	0.00739	0.00656
19	0.05999	0.19133	0.02181	0.01375	0.01862	0.02035	0.01154	0.12961	0.29871	0.05555	0.02333	0.02270	0.03575	0.00895	0.00659	0.00218	0.00653	0.00691	0.05506	0.01073
20	0.01985	0.74357	0.03890	0.01270	0.01905	0.02937	0.01270	0.02223	0.01508	0.01747	0.01032	0.01191	0.00953	0.00635	0.00476	0.00159	0.00794	0.00397	0.00318	0.00953
21	0.01714	0.00915	0.01122	0.01044	0.01323	0.00866	0.00832	0.02094	0.04967	0.18258	0.11374	0.04682	0.10787	0.05045	0.00928	0.00265	0.00509	0.12515	0.19933	0.00829
22	0.02094	0.01552	0.07033	0.01394	0.01897	0.01351	0.01190	0.17881	0.05924	0.16916	0.02528	0.16722	0.02242	0.01166	0.00760	0.00228	0.00658	0.03391	0.00681	0.14394
23	0.01655	0.00952	0.01061	0.00948	0.01236	0.00934	0.00737	0.07174	0.05879	0.11675	0.12357	0.03756	0.13604	0.01139	0.00689	0.00210	0.00441	0.00939	0.33782	0.00832
24	0.01840	0.01565	0.01621	0.01518	0.05679	0.07707	0.01111	0.20355	0.12629	0.03126	0.16303	0.06985	0.13959	0.01242	0.00796	0.00235	0.00647	0.01030	0.00693	0.00958
25	0.05926	0.00925	0.01074	0.01091	0.01304	0.00940	0.00853	0.05524	0.05498	0.04567	0.05891	0.19794	0.08577	0.04330	0.00929	0.00283	0.00527	0.16530	0.14695	0.00742
26	0.03841	0.01363	0.01945	0.12665	0.19721	0.01437	0.01477	0.04269	0.12517	0.11679	0.06759	0.05166	0.02225	0.06700	0.01006	0.00281	0.00731	0.04648	0.00579	0.00992
27	0.05396	0.01527	0.01945	0.13353	0.07605	0.01718	0.01425	0.17909	0.13858	0.10689	0.01987	0.02202	0.01503	0.01514	0.10270	0.00369	0.04386	0.00711	0.00590	0.01046
28	0.01979	0.01693	0.01795	0.06323	0.04674	0.08497	0.01252	0.23428	0.09708	0.03041	0.05004	0.09454	0.06019	0.03180	0.00897	0.00248	0.02632	0.03306	0.00619	0.06250
29	0.07376	0.05823	0.07118	0.01532	0.01805	0.04513	0.08048	0.01720	0.01337	0.01931	0.01962	0.06238	0.05145	0.20610	0.04752	0.00422	0.17650	0.00862	0.00414	0.00742
30	0.07529	0.01346	0.01584	0.05462	0.05351	0.01185	0.01021	0.07172	0.01702	0.02595	0.02080	0.02245	0.09197	0.00765	0.00619	0.00159	0.00596	0.00615	0.00486	0.48292
31	0.07340	0.01911	0.06224	0.02057	0.08894	0.12474	0.13056	0.10148	0.01894	0.02562	0.07076	0.08861	0.02006	0.01589	0.10217	0.00363	0.01068	0.00854	0.00491	0.00914

[dist]
# distance from previous block
# <min> <max>
1	69

[block]
# block no. 1 follows, 27 sequences, length 42
# corresponding to MSA columns:
# 156-197
name=unknown_B
#
# <colnr> <probs for GDERKNQSTAVLIFYWHMCP>
#	G	D	E	R	K	N	Q	S	T	A	V	L	I	F	Y	W	H	M	C	P
0	0.01559	0.01630	0.07355	0.09982	0.02531	0.04407	0.14035	0.06935	0.01610	0.02212	0.01788	0.07959	0.01649	0.07812	0.11470	0.00426	0.09130	0.00849	0.03009	0.03651
1	0.22113	0.01820	0.01913	0.01737	0.05998	0.11717	0.07947	0.11991	0.10794	0.02895	0.01852	0.09772	0.01624	0.01015	0.00773	0.02995	0.00798	0.00776	0.00537	0.00934
2	0.01721	0.05829	0.01996	0.06669	0.09463	0.07131	0.05823	0.08298	0.04549	0.04774	0.14551	0.05565	0.08252	0.01121	0.00859	0.03911	0.00725	0.00893	0.00560	0.07310
3	0.01704	0.01551	0.06876	0.01313	0.01740	0.05381	0.01109	0.11235	0.04295	0.06483	0.15991	0.05791	0.05626	0.04773	0.04966	0.00290	0.03331	0.00875	0.00601	0.16070
4	0.01698	0.02063	0.18282	0.13459	0.02594	0.05521	0.01589	0.13483	0.08285	0.02529	0.02062	0.05520	0.03823	0.14371	0.01303	0.00327	0.00874	0.00808	0.00491	0.00919
5	0.01626	0.01776	0.09191	0.25872	0.38994	0.01673	0.02179	0.02121	0.01632	0.02274	0.04558	0.02032	0.01369	0.00732	0.00741	0.00231	0.00912	0.00682	0.00371	0.01033
6	0.79154	0.01436	0.01091	0.00976	0.01436	0.01665	0.00804	0.02182	0.01263	0.03331	0.01034	0.01206	0.00804	0.00689	0.00459	0.00230	0.00574	0.00402	0.00459	0.00804
7	0.01396	0.01286	0.02164	0.68560	0.04905	0.01599	0.01991	0.01850	0.01458	0.01866	0.01318	0.01993	0.01005	0.00834	0.00850	0.04164	0.00972	0.00659	0.00329	0.00800
8	0.00920	0.00705	0.00850	0.00957	0.01090	0.00634	0.00687	0.01091	0.01549	0.01966	0.05370	0.42624	0.29000	0.02133	0.00928	0.00286	0.00433	0.07468	0.00689	0.00619
9	0.01402	0.01319	0.02227	0.72126	0.05113	0.01649	0.02062	0.01897	0.01484	0.01897	0.01319	0.01979	0.00990	0.00742	0.00742	0.00247	0.00990	0.00660	0.00330	0.00825
10	0.00926	0.00713	0.00847	0.00900	0.01055	0.00634	0.00642	0.01128	0.01680	0.02180	0.19873	0.32012	0.30805	0.01969	0.00904	0.00266	0.00391	0.01724	0.00718	0.00634
11	0.42902	0.01089	0.00905	0.00844	0.01170	0.01212	0.00671	0.01971	0.01400	0.03068	0.01681	0.01934	0.01316	0.00771	0.00487	0.00203	0.00468	0.00537	0.36619	0.00752
12	0.02512	0.01925	0.02053	0.01645	0.02184	0.02157	0.01336	0.46816	0.23983	0.04178	0.02176	0.02096	0.01582	0.00928	0.00747	0.00232	0.00744	0.00723	0.00747	0.01235
13	0.01803	0.01729	0.02951	0.09872	0.64232	0.01755	0.02261	0.02248	0.01674	0.02384	0.01390	0.01849	0.01161	0.00668	0.00736	0.00223	0.00890	0.00661	0.00365	0.01148
14	0.02822	0.02079	0.02228	0.01708	0.02302	0.02302	0.01411	0.66804	0.03490	0.04679	0.01782	0.01782	0.01262	0.00891	0.00743	0.00223	0.00817	0.00668	0.00743	0.01262
15	0.00906	0.00682	0.00825	0.00936	0.01039	0.00617	0.00638	0.01046	0.01484	0.01903	0.05035	0.49439	0.24245	0.06216	0.01085	0.00310	0.00430	0.01887	0.00676	0.00602
16	0.00953	0.00798	0.00836	0.00828	0.01072	0.00705	0.00620	0.01268	0.05669	0.02160	0.13057	0.09863	0.55944	0.01814	0.00873	0.00251	0.00389	0.01527	0.00706	0.00665
17	0.01024	0.00720	0.00811	0.00826	0.00883	0.00690	0.00504	0.01085	0.01267	0.01649	0.06080	0.11985	0.15426	0.50694	0.02849	0.00573	0.00613	0.01281	0.00532	0.00507
18	0.01609	0.20972	0.53987	0.01910	0.02895	0.02019	0.02385	0.02320	0.01553	0.02204	0.01259	0.01476	0.00943	0.00688	0.00650	0.00217	0.01023	0.00512	0.00314	0.01062
19	0.01726	0.01430	0.01640	0.01188	0.01838	0.01181	0.00957	0.11324	0.01823	0.02748	0.01387	0.01575	0.01123	0.00599	0.00578	0.00126	0.00589	0.00473	0.00484	0.67210
20	0.01783	0.37004	0.02916	0.01522	0.01866	0.05670	0.01355	0.01996	0.01370	0.01761	0.01138	0.01563	0.01074	0.01489	0.10032	0.00347	0.25381	0.00537	0.00333	0.00864
21	0.02347	0.18245	0.02493	0.05659	0.04960	0.10766	0.01407	0.15637	0.02039	0.13620	0.01646	0.04304	0.01320	0.00916	0.00928	0.00225	0.11290	0.00645	0.00529	0.01025
22	0.01539	0.01318	0.01371	0.05127	0.01692	0.06573	0.00930	0.12340	0.01945	0.02540	0.09775	0.09865	0.18481	0.07656	0.01031	0.00259	0.00624	0.01053	0.00599	0.15282
23	0.02276	0.20871	0.09032	0.01551	0.02117	0.10411	0.01397	0.15946	0.13385	0.09249	0.01767	0.01820	0.01343	0.00899	0.00772	0.04127	0.00835	0.00599	0.00546	0.01056
24	0.02056	0.08873	0.10135	0.01421	0.01899	0.01400	0.01318	0.08000	0.01904	0.22150	0.03012	0.07979	0.07909	0.01276	0.00874	0.00256	0.04095	0.13807	0.00659	0.00979
25	0.01876	0.28370	0.02498	0.01255	0.01888	0.01907	0.01102	0.10179	0.04501	0.02481	0.01341	0.01492	0.01114	0.00643	0.00555	0.00148	0.00675	0.00469	0.00445	0.37061
26	0.00996	0.00755	0.00932	0.00995	0.01167	0.00691	0.00768	0.01244	0.01731	0.02250	0.19661	0.20953	0.26622	0.01932	0.00926	0.00279	0.00454	0.16275	0.00717	0.00651
27	0.00902	0.00687	0.00830	0.00935	0.01053	0.00615	0.00648	0.01060	0.01542	0.01979	0.08061	0.48228	0.26503	0.02141	0.00921	0.00281	0.00409	0.01895	0.00695	0.00615
28	0.01837	0.01764	0.03013	0.04557	0.69279	0.01764	0.02278	0.02278	0.01690	0.02425	0.01396	0.01837	0.01176	0.00661	0.00735	0.00220	0.00882	0.00661	0.00367	0.01176
29	0.00973	0.00696	0.00850	0.00918	0.00992	0.00654	0.00603	0.01101	0.01444	0.01918	0.12730	0.35495	0.12459	0.23638	0.01778	0.00412	0.00500	0.01630	0.00635	0.00573
30	0.01518	0.01329	0.01910	0.01682	0.05090	0.01325	0.09152	0.06908	0.04797	0.02398	0.02306	0.21019	0.02351	0.01261	0.00985	0.00238	0.09381	0.04812	0.00533	0.21004
31	0.01063	0.00713	0.00815	0.00831	0.00836	0.00708	0.00473	0.01075	0.01113	0.01484	0.02510	0.11532	0.02914	0.66942	0.03503	0.00679	0.00692	0.01180	0.00473	0.00465
32	0.02085	0.01752	0.02870	0.11863	0.25652	0.01801	0.15503	0.13505	0.05349	0.09613	0.01712	0.01998	0.01278	0.00747	0.00769	0.00233	0.00922	0.00725	0.00504	0.01118
33	0.01692	0.01711	0.02601	0.19654	0.17990	0.07809	0.12518	0.02086	0.01570	0.02120	0.01489	0.05255	0.01288	0.00886	0.01046	0.00248	0.13374	0.00749	0.04999	0.00915
34	0.00912	0.00749	0.00809	0.00847	0.01064	0.00646	0.00641	0.01107	0.01660	0.02013	0.06739	0.15613	0.54616	0.01953	0.00901	0.00266	0.00413	0.07734	0.00689	0.00629
35	0.06201	0.01906	0.16711	0.01459	0.01950	0.03955	0.01366	0.08139	0.19018	0.02789	0.11343	0.13164	0.06500	0.01209	0.00773	0.00247	0.00683	0.01012	0.00619	0.00956
36	0.01871	0.11503	0.09011	0.04552	0.04441	0.17075	0.01335	0.05735	0.03674	0.04271	0.04894	0.06419	0.01882	0.14568	0.01370	0.00314	0.05002	0.00774	0.00460	0.00850
37	0.01163	0.00788	0.00929	0.00944	0.01166	0.00693	0.00715	0.01371	0.01694	0.08642	0.08992	0.22116	0.37962	0.01889	0.00896	0.00269	0.00443	0.07920	0.00717	0.00693
38	0.02031	0.01721	0.02463	0.05595	0.22952	0.05039	0.07528	0.08692	0.07621	0.09124	0.01721	0.02007	0.01339	0.00862	0.01010	0.00240	0.12492	0.00697	0.05812	0.01055
39	0.01374	0.05465	0.09443	0.01436	0.01838	0.01220	0.07479	0.03760	0.01606	0.04187	0.05742	0.22696	0.10354	0.01638	0.05077	0.00300	0.04851	0.01180	0.00542	0.09812
40	0.09208	0.07434	0.07521	0.01393	0.01739	0.04841	0.01195	0.13675	0.01786	0.02572	0.02118	0.19255	0.02126	0.03752	0.06522	0.00337	0.08516	0.00973	0.04184	0.00853
41	0.01721	0.01864	0.14298	0.05045	0.04936	0.05245	0.01358	0.07237	0.01762	0.06984	0.05609	0.02507	0.04590	0.09318	0.01040	0.00251	0.00761	0.00695	0.00494	0.24283

[dist]
# distance from previous block
# <min> <max>
1	38

[block]
# block no. 2 follows, 27 sequences, length 36
# corresponding to MSA columns:
# 239-274
name=unknown_C
#
# <colnr> <probs for GDERKNQSTAVLIFYWHMCP>
#	G	D	E	R	K	N	Q	S	T	A	V	L	I	F	Y	W	H	M	C	P
0	0.09839	0.06543	0.08843	0.04851	0.04869	0.12033	0.05460	0.18852	0.06118	0.02921	0.01535	0.01815	0.01214	0.04297	0.00823	0.00235	0.00891	0.00608	0.00499	0.07757
1	0.02027	0.04661	0.01974	0.09238	0.08766	0.18381	0.01364	0.13818	0.06730	0.02627	0.04567	0.06330	0.01734	0.01141	0.04105	0.00260	0.00919	0.00734	0.05842	0.04781
2	0.16136	0.04482	0.12910	0.11980	0.07796	0.01666	0.01558	0.07257	0.11567	0.05298	0.01857	0.02334	0.01481	0.00869	0.00681	0.00237	0.00768	0.04931	0.05210	0.00982
3	0.00960	0.00734	0.00893	0.00984	0.01139	0.00667	0.00740	0.01167	0.01625	0.02073	0.09808	0.31338	0.29089	0.02050	0.00931	0.00285	0.00453	0.13733	0.00697	0.00634
4	0.01091	0.00741	0.00910	0.00950	0.01097	0.00691	0.00683	0.01285	0.01565	0.05029	0.11652	0.28074	0.19763	0.09261	0.05950	0.00375	0.00558	0.04317	0.05364	0.00646
5	0.00937	0.00740	0.00847	0.00864	0.01059	0.00649	0.00639	0.01163	0.01758	0.02253	0.23257	0.17527	0.40145	0.01861	0.00893	0.00257	0.00387	0.03397	0.00723	0.00644
6	0.11878	0.01568	0.01779	0.06116	0.11181	0.06209	0.01243	0.16946	0.02031	0.12984	0.01955	0.05792	0.01635	0.09892	0.01073	0.00286	0.00756	0.00756	0.04945	0.00974
7	0.01987	0.01125	0.01296	0.01127	0.01470	0.01145	0.00884	0.08993	0.13793	0.18122	0.09452	0.07186	0.02591	0.01060	0.00697	0.00219	0.00506	0.00881	0.26505	0.00960
8	0.02288	0.01807	0.02285	0.07252	0.22306	0.05174	0.01625	0.23353	0.10575	0.10013	0.01963	0.04675	0.01524	0.00878	0.00746	0.00230	0.00811	0.00740	0.00603	0.01152
9	0.01658	0.06798	0.27424	0.08914	0.02991	0.01788	0.13249	0.09626	0.01833	0.02545	0.07012	0.02250	0.04482	0.00865	0.00855	0.00239	0.05308	0.00735	0.00433	0.00995
10	0.01007	0.00746	0.00914	0.00890	0.01054	0.00680	0.00646	0.01273	0.01865	0.02543	0.44847	0.10413	0.19419	0.09023	0.01177	0.00291	0.00399	0.01415	0.00744	0.00653
11	0.01507	0.01216	0.01540	0.18213	0.02416	0.01346	0.01236	0.02464	0.24610	0.05822	0.09303	0.04150	0.14244	0.01244	0.00811	0.00257	0.00638	0.07427	0.00648	0.00908
12	0.01827	0.01558	0.02026	0.20289	0.13973	0.05032	0.01553	0.20244	0.02104	0.02771	0.02119	0.18977	0.02036	0.01151	0.00787	0.00246	0.00806	0.01001	0.00542	0.00957
13	0.00975	0.00765	0.00888	0.00883	0.01097	0.00678	0.00679	0.01240	0.01850	0.02397	0.30551	0.06658	0.38895	0.01759	0.00891	0.00253	0.00397	0.07746	0.00738	0.00660
14	0.01886	0.10554	0.02246	0.01932	0.15329	0.01648	0.01311	0.13113	0.05109	0.02754	0.01460	0.01657	0.01181	0.00663	0.00620	0.00164	0.00693	0.00537	0.00477	0.36666
15	0.01452	0.01193	0.01336	0.01262	0.01557	0.01299	0.00970	0.02689	0.36690	0.02820	0.19277	0.11282	0.08512	0.01389	0.00829	0.00258	0.00506	0.04991	0.00754	0.00935
16	0.06670	0.05221	0.02679	0.01954	0.02518	0.01680	0.24988	0.08654	0.12682	0.11539	0.05037	0.02733	0.08388	0.00914	0.00782	0.00239	0.00837	0.00868	0.00593	0.01025
17	0.00932	0.00731	0.00844	0.00865	0.01049	0.00642	0.00630	0.01153	0.01747	0.02254	0.23990	0.21263	0.37504	0.01876	0.00892	0.00257	0.00381	0.01623	0.00725	0.00642
18	0.01111	0.00899	0.01139	0.01086	0.01223	0.01002	0.00831	0.01305	0.01362	0.01857	0.03783	0.04386	0.24734	0.11938	0.23225	0.00609	0.12591	0.01065	0.05204	0.00650
19	0.09990	0.25312	0.07146	0.01596	0.02126	0.33777	0.01388	0.02656	0.01800	0.06286	0.01226	0.01370	0.00995	0.00723	0.00596	0.00190	0.01032	0.00467	0.00399	0.00925
20	0.63708	0.01457	0.01395	0.08439	0.08541	0.01674	0.01076	0.02163	0.01328	0.03098	0.01098	0.01346	0.00859	0.00692	0.00515	0.00231	0.00646	0.00454	0.00437	0.00843
21	0.01811	0.01737	0.02966	0.08625	0.65416	0.01757	0.02265	0.02255	0.01678	0.02393	0.01392	0.01846	0.01165	0.00666	0.00735	0.00222	0.00888	0.00661	0.00365	0.01155
22	0.02202	0.01771	0.01879	0.01583	0.02066	0.02013	0.01261	0.26858	0.44446	0.03679	0.02570	0.02410	0.01900	0.00965	0.00751	0.00241	0.00671	0.00777	0.00751	0.01207
23	0.01402	0.01319	0.02227	0.72126	0.05113	0.01649	0.02062	0.01897	0.01484	0.01897	0.01319	0.01979	0.00990	0.00742	0.00742	0.00247	0.00990	0.00660	0.00330	0.00825
24	0.01524	0.00933	0.00989	0.00913	0.01121	0.00983	0.00676	0.09767	0.06194	0.02740	0.02352	0.03040	0.01995	0.14616	0.03826	0.00324	0.00552	0.00775	0.45932	0.00749
25	0.01163	0.00913	0.01072	0.01025	0.01250	0.00905	0.00769	0.01809	0.15074	0.02716	0.37997	0.11963	0.17366	0.01563	0.00859	0.00247	0.00410	0.01359	0.00769	0.00772
26	0.02301	0.01793	0.02030	0.10504	0.02519	0.02026	0.01419	0.38558	0.20420	0.03785	0.02162	0.02398	0.01646	0.00961	0.00760	0.00240	0.00771	0.03861	0.00691	0.01155
27	0.01836	0.01448	0.02131	0.01535	0.02201	0.01181	0.13999	0.02219	0.01665	0.11988	0.01585	0.01772	0.01210	0.00617	0.00643	0.00155	0.00701	0.00570	0.00495	0.52048
28	0.01483	0.01317	0.01237	0.01169	0.01312	0.12938	0.00820	0.05930	0.01451	0.01805	0.01997	0.03494	0.02063	0.36990	0.22125	0.00730	0.01193	0.00868	0.00443	0.00636
29	0.01758	0.08970	0.09770	0.01823	0.06243	0.01835	0.06584	0.05067	0.36232	0.02773	0.05691	0.05887	0.02163	0.00971	0.00746	0.00239	0.00723	0.00837	0.00609	0.01082
30	0.01398	0.01108	0.01536	0.01326	0.01631	0.01125	0.07560	0.08211	0.08093	0.04387	0.19997	0.08331	0.14368	0.02217	0.14816	0.00434	0.00854	0.01140	0.00649	0.00821
31	0.01548	0.28812	0.09416	0.01568	0.05074	0.01954	0.01371	0.01830	0.01408	0.01873	0.01775	0.15348	0.01835	0.01689	0.09729	0.00353	0.12319	0.00843	0.00402	0.00853
32	0.01799	0.01402	0.01738	0.15586	0.06447	0.01551	0.01296	0.19369	0.12364	0.03112	0.10242	0.02886	0.06231	0.00996	0.00736	0.00228	0.00672	0.00830	0.11544	0.00971
33	0.02473	0.01420	0.01903	0.01945	0.15230	0.01385	0.01300	0.15205	0.02191	0.30202	0.02876	0.02811	0.09452	0.01179	0.03868	0.00270	0.00737	0.00810	0.03619	0.01123
34	0.07661	0.04793	0.02325	0.05528	0.20301	0.16106	0.01591	0.14692	0.02114	0.12834	0.01591	0.01759	0.01197	0.00792	0.00759	0.00220	0.03527	0.00610	0.00525	0.01078
35	0.06811	0.14520	0.06981	0.13198	0.07660	0.12219	0.01563	0.10369	0.10398	0.07005	0.01615	0.01778	0.01231	0.00779	0.00668	0.00216	0.00886	0.00595	0.00488	0.01022

[dist]
# distance from previous block
# <min> <max>
2	160

[block]
# block no. 3 follows, 27 sequences, length 12
# corresponding to MSA columns:
# 435-446
name=unknown_D
#
# <colnr> <probs for GDERKNQSTAVLIFYWHMCP>
#	G	D	E	R	K	N	Q	S	T	A	V	L	I	F	Y	W	H	M	C	P
0	0.05155	0.08297	0.02040	0.08180	0.02230	0.09331	0.03300	0.08313	0.08599	0.06030	0.01809	0.08683	0.01580	0.00944	0.00836	0.00215	0.07099	0.00732	0.00511	0.16117
1	0.08105	0.01658	0.05797	0.01425	0.01836	0.09343	0.06835	0.12781	0.02085	0.05586	0.17689	0.05945	0.05470	0.01069	0.00736	0.00223	0.00700	0.00895	0.10936	0.00886
2	0.01088	0.00739	0.00882	0.00897	0.00926	0.00752	0.00563	0.01145	0.01146	0.01537	0.02444	0.04974	0.02753	0.60737	0.10253	0.00734	0.00843	0.06628	0.00465	0.00492
3	0.01266	0.01396	0.12311	0.01343	0.01686	0.01053	0.06077	0.01822	0.08909	0.02394	0.13417	0.23544	0.03477	0.06614	0.01018	0.00284	0.00614	0.01242	0.10740	0.00792
4	0.01061	0.00717	0.00889	0.00925	0.00973	0.00735	0.00601	0.01166	0.01208	0.01687	0.02642	0.18712	0.02936	0.39899	0.16463	0.00688	0.00887	0.01211	0.06053	0.00542
5	0.01436	0.01260	0.08180	0.01281	0.01611	0.01007	0.05968	0.06291	0.01728	0.08262	0.08262	0.22498	0.12603	0.10098	0.01180	0.00309	0.00621	0.01294	0.05324	0.00786
6	0.00992	0.00719	0.00816	0.00841	0.00930	0.00673	0.00540	0.01091	0.01380	0.01783	0.08848	0.17120	0.21676	0.36735	0.02291	0.00485	0.00549	0.01407	0.00583	0.00543
7	0.01860	0.01487	0.01986	0.02009	0.13073	0.01559	0.06457	0.09398	0.25327	0.08252	0.03002	0.08360	0.08763	0.03943	0.00905	0.00264	0.00688	0.00967	0.00649	0.01050
8	0.01092	0.00741	0.00892	0.00914	0.01040	0.00737	0.00659	0.01293	0.01429	0.02020	0.07470	0.09754	0.14383	0.20566	0.14266	0.00535	0.00775	0.05968	0.14860	0.00608
9	0.02162	0.15721	0.13996	0.01787	0.02449	0.07183	0.07309	0.22452	0.11840	0.03032	0.01662	0.01759	0.01257	0.00786	0.00689	0.00214	0.00894	0.00620	0.00525	0.03663
10	0.19300	0.01869	0.05719	0.01431	0.01872	0.11698	0.01186	0.10506	0.15775	0.07768	0.02059	0.08247	0.01716	0.01327	0.06062	0.00308	0.00850	0.00753	0.00585	0.00969
11	0.02184	0.13415	0.11589	0.01668	0.02299	0.03915	0.11519	0.05103	0.01815	0.21212	0.03807	0.02195	0.01555	0.06021	0.00918	0.00245	0.00838	0.00684	0.00550	0.08467

[dist]
# distance from previous block
# <min> <max>
16	116

[block]
# block no. 4 follows, 27 sequences, length 14
# corresponding to MSA columns:
# 615-628
name=unknown_E
#
# <colnr> <probs for GDERKNQSTAVLIFYWHMCP>
#	G	D	E	R	K	N	Q	S	T	A	V	L	I	F	Y	W	H	M	C	P
0	0.06444	0.02140	0.08996	0.12863	0.05921	0.17932	0.01509	0.10363	0.06342	0.02489	0.04251	0.02623	0.04391	0.06426	0.00958	0.00267	0.00922	0.03766	0.00488	0.00909
1	0.01399	0.12705	0.05908	0.01392	0.01776	0.01420	0.07897	0.02023	0.13392	0.02279	0.09992	0.14855	0.12065	0.05515	0.00968	0.00273	0.00653	0.04063	0.00587	0.00838
2	0.01349	0.00973	0.01363	0.01249	0.01504	0.00963	0.05163	0.06347	0.01779	0.06865	0.14249	0.14480	0.14176	0.02485	0.16111	0.00466	0.00871	0.08198	0.00645	0.00764
3	0.01836	0.11130	0.06768	0.07566	0.02199	0.10852	0.01372	0.05366	0.01668	0.05922	0.01746	0.07037	0.01629	0.04013	0.01069	0.00246	0.11080	0.05389	0.00459	0.12654
4	0.02098	0.06447	0.06730	0.02503	0.22354	0.20520	0.01643	0.02609	0.07959	0.07606	0.03327	0.01993	0.01458	0.01273	0.07980	0.00315	0.01069	0.00643	0.00460	0.01014
5	0.09540	0.05068	0.08769	0.01268	0.01625	0.01249	0.01090	0.08125	0.05560	0.06960	0.02966	0.30253	0.06006	0.01803	0.05982	0.00328	0.00709	0.01248	0.00609	0.00842
6	0.01535	0.01304	0.01656	0.09518	0.02125	0.01410	0.05369	0.10025	0.21349	0.02667	0.05793	0.07730	0.18266	0.01578	0.06002	0.00319	0.00741	0.01062	0.00636	0.00916
7	0.09791	0.03935	0.07637	0.07309	0.08632	0.05616	0.16465	0.09022	0.01799	0.02592	0.01671	0.09440	0.01478	0.00861	0.00727	0.00223	0.00886	0.00787	0.00455	0.10675
8	0.04464	0.06262	0.07167	0.01984	0.09844	0.19488	0.01507	0.04900	0.05023	0.09597	0.08472	0.02099	0.01775	0.00941	0.01000	0.00233	0.13107	0.00670	0.00499	0.00967
9	0.17562	0.01126	0.01248	0.06363	0.01670	0.01218	0.00945	0.05576	0.11428	0.02821	0.19250	0.13668	0.08441	0.01347	0.00772	0.00252	0.00535	0.04306	0.00659	0.00812
10	0.26898	0.01847	0.12565	0.10481	0.10939	0.01666	0.01552	0.06627	0.08598	0.02874	0.04103	0.02205	0.01505	0.00849	0.00666	0.00240	0.00763	0.04177	0.00484	0.00960
11	0.01064	0.00735	0.00877	0.00874	0.00917	0.00747	0.00545	0.01134	0.01182	0.01593	0.05963	0.04705	0.06255	0.55583	0.14144	0.00745	0.00884	0.01073	0.00473	0.00506
12	0.02418	0.18550	0.13346	0.01706	0.02358	0.12452	0.01595	0.32901	0.02543	0.03240	0.01452	0.01552	0.01098	0.00786	0.00667	0.00206	0.00933	0.00561	0.00528	0.01109
13	0.01234	0.01059	0.01618	0.01541	0.05491	0.01037	0.11106	0.01616	0.06402	0.02033	0.03551	0.14498	0.14951	0.17986	0.05635	0.00426	0.00769	0.07771	0.00555	0.00722

[dist]
# distance from previous block
# <min> <max>
0	1

[block]
# block no. 5 follows, 27 sequences, length 10
# corresponding to MSA columns:
# 630-637,639,640
name=unknown_F
#
# <colnr> <probs for GDERKNQSTAVLIFYWHMCP>
#	G	D	E	R	K	N	Q	S	T	A	V	L	I	F	Y	W	H	M	C	P
0	0.01790	0.04083	0.09078	0.01544	0.01992	0.01538	0.05900	0.26299	0.02267	0.03038	0.02858	0.26744	0.06882	0.01402	0.00819	0.00253	0.00715	0.01216	0.00635	0.00948
1	0.00890	0.00704	0.00802	0.00880	0.01036	0.00616	0.00621	0.01051	0.01569	0.01955	0.05958	0.37349	0.39782	0.02083	0.00909	0.00274	0.00401	0.01815	0.00689	0.00616
2	0.17148	0.30282	0.11043	0.01504	0.02172	0.02140	0.07788	0.06098	0.01615	0.02461	0.01198	0.01401	0.00977	0.00658	0.00566	0.00189	0.00802	0.00486	0.00392	0.11079
3	0.01702	0.01740	0.01760	0.01586	0.01769	0.16244	0.01235	0.04439	0.01558	0.02003	0.01967	0.22042	0.02117	0.01388	0.01382	0.00264	0.26850	0.01010	0.00469	0.08475
4	0.01466	0.01426	0.02065	0.43442	0.03737	0.05358	0.01759	0.01823	0.01429	0.01867	0.01568	0.10570	0.01462	0.01066	0.01156	0.00269	0.17539	0.00825	0.00375	0.00797
5	0.01578	0.16502	0.58182	0.01964	0.02978	0.01942	0.02478	0.02328	0.01557	0.02242	0.01278	0.01500	0.00943	0.00693	0.00664	0.00221	0.01043	0.00521	0.00314	0.01071
6	0.01905	0.02017	0.03155	0.06586	0.30233	0.10233	0.22378	0.02555	0.08866	0.02385	0.01570	0.01936	0.01242	0.00704	0.00774	0.00231	0.01028	0.00726	0.00412	0.01066
7	0.01009	0.00770	0.00904	0.00908	0.01079	0.00681	0.00631	0.01179	0.01532	0.02029	0.12377	0.26811	0.22665	0.14778	0.01388	0.00335	0.00469	0.01511	0.00637	0.08309
8	0.00987	0.01106	0.09313	0.04188	0.01486	0.00795	0.00951	0.01245	0.01548	0.01994	0.04971	0.35657	0.29253	0.01885	0.00882	0.00271	0.00515	0.01644	0.00628	0.00682
9	0.01249	0.00954	0.01120	0.01148	0.01329	0.00975	0.00827	0.08539	0.11692	0.02388	0.04043	0.48112	0.10863	0.01926	0.00889	0.00280	0.00490	0.01707	0.00705	0.00762

[dist]
# distance from previous block
# <min> <max>
0	8

[block]
# block no. 6 follows, 27 sequences, length 60
# corresponding to MSA columns:
# 649-660,665,670-716
name=unknown_G
#
# <colnr> <probs for GDERKNQSTAVLIFYWHMCP>
#	G	D	E	R	K	N	Q	S	T	A	V	L	I	F	Y	W	H	M	C	P
0	0.02008	0.02092	0.05323	0.01830	0.08369	0.20128	0.01372	0.12755	0.07486	0.02706	0.10184	0.03118	0.04438	0.01054	0.00761	0.00225	0.00854	0.08162	0.00568	0.06569
1	0.01679	0.10843	0.29605	0.08555	0.19038	0.01886	0.02156	0.02531	0.12041	0.02379	0.01578	0.01815	0.01212	0.00737	0.00697	0.00227	0.00921	0.00614	0.00398	0.01088
2	0.40010	0.01525	0.01445	0.01172	0.01704	0.01608	0.00954	0.13063	0.06846	0.03300	0.01387	0.01511	0.01071	0.00711	0.00553	0.00199	0.00610	0.00490	0.00525	0.21316
3	0.00991	0.00736	0.00919	0.00943	0.01064	0.00721	0.00666	0.01169	0.01455	0.01937	0.13112	0.17849	0.18993	0.17979	0.17519	0.00572	0.00824	0.01358	0.00590	0.00603
4	0.01224	0.00824	0.01005	0.00997	0.01083	0.03797	0.00700	0.01143	0.01200	0.01532	0.02642	0.03427	0.14113	0.07945	0.14241	0.41513	0.00863	0.00866	0.00416	0.00471
5	0.01410	0.00804	0.01008	0.00922	0.01145	0.00746	0.00704	0.01751	0.01972	0.11075	0.44650	0.04500	0.05131	0.01286	0.00773	0.00218	0.00384	0.01111	0.19641	0.00767
6	0.01636	0.01371	0.01490	0.11318	0.01933	0.11036	0.01075	0.08363	0.01522	0.01901	0.01620	0.05561	0.01575	0.12568	0.05130	0.25417	0.04665	0.00762	0.00415	0.00641
7	0.01508	0.01428	0.02419	0.55635	0.20773	0.01677	0.02115	0.01990	0.01535	0.02026	0.01338	0.01945	0.01035	0.00722	0.00740	0.00241	0.00963	0.00660	0.00339	0.00910
8	0.00914	0.00722	0.00824	0.00865	0.01042	0.00632	0.00624	0.01112	0.01680	0.02134	0.16703	0.26403	0.39813	0.01951	0.00898	0.00263	0.00388	0.01690	0.00711	0.00632
9	0.01933	0.01728	0.02690	0.18706	0.42386	0.01843	0.02064	0.14656	0.01993	0.02745	0.01454	0.01858	0.01152	0.00723	0.00738	0.00227	0.00893	0.00662	0.00432	0.01116
10	0.01601	0.01490	0.01750	0.18466	0.02618	0.06538	0.01210	0.01960	0.01569	0.02245	0.01306	0.01631	0.01062	0.00613	0.00606	0.00150	0.00718	0.00496	0.00409	0.53560
11	0.01031	0.00727	0.00959	0.01099	0.01175	0.00705	0.00807	0.01204	0.01450	0.01915	0.03713	0.39762	0.04293	0.15605	0.01501	0.00393	0.00566	0.21854	0.00643	0.00600
12	0.01203	0.00928	0.01095	0.01063	0.01284	0.00921	0.00803	0.04980	0.11277	0.02661	0.29275	0.17864	0.17087	0.01658	0.00873	0.00257	0.00445	0.04811	0.00750	0.00764
13	0.01710	0.01573	0.02464	0.34970	0.23187	0.01840	0.01995	0.08797	0.01706	0.02328	0.01342	0.01867	0.01071	0.00813	0.00981	0.00248	0.11095	0.00660	0.00383	0.00972
14	0.01563	0.01527	0.02378	0.01989	0.02187	0.01878	0.13280	0.01999	0.07111	0.02058	0.01760	0.06228	0.01699	0.01444	0.04351	0.00338	0.39367	0.07565	0.00431	0.00848
15	0.20452	0.01457	0.02143	0.38180	0.19993	0.01681	0.01809	0.02060	0.01481	0.02376	0.01269	0.01756	0.00990	0.00709	0.00672	0.00236	0.00862	0.00597	0.00371	0.00906
16	0.71206	0.01418	0.01157	0.01012	0.01484	0.01605	0.00834	0.02333	0.01354	0.10298	0.01232	0.01344	0.00912	0.00713	0.00490	0.00230	0.00580	0.00438	0.00508	0.00852
17	0.00978	0.00718	0.00899	0.00976	0.01078	0.00688	0.00687	0.01137	0.01445	0.01897	0.07522	0.31877	0.16876	0.15420	0.09039	0.00463	0.00656	0.06425	0.00621	0.00598
18	0.01278	0.00775	0.01000	0.01062	0.01207	0.00735	0.00764	0.01552	0.04247	0.09491	0.08747	0.47451	0.04312	0.01904	0.00876	0.00276	0.00458	0.05068	0.08078	0.00718
19	0.02231	0.01663	0.01837	0.01587	0.01899	0.14727	0.04627	0.02461	0.01751	0.23667	0.02427	0.17695	0.02208	0.01284	0.01106	0.00260	0.14189	0.02835	0.00619	0.00927
20	0.00891	0.00700	0.00806	0.00890	0.01039	0.00615	0.00625	0.01050	0.01559	0.01951	0.05839	0.39646	0.37562	0.02099	0.00912	0.00276	0.00403	0.01833	0.00689	0.00615
21	0.07747	0.01472	0.01561	0.01406	0.01793	0.01665	0.01102	0.09410	0.44212	0.03162	0.08820	0.06667	0.02711	0.01132	0.00764	0.00252	0.00583	0.03750	0.00730	0.01061
22	0.02362	0.25455	0.02761	0.01607	0.02188	0.15602	0.04243	0.24065	0.02304	0.02846	0.01358	0.01491	0.01081	0.00737	0.00629	0.00186	0.00902	0.00530	0.00489	0.09165
23	0.02255	0.01876	0.05999	0.14624	0.23044	0.01893	0.01827	0.27325	0.02383	0.09015	0.01662	0.01886	0.01222	0.00789	0.00739	0.00228	0.00865	0.00665	0.00551	0.01153
24	0.16565	0.01068	0.01242	0.01066	0.01411	0.01059	0.00826	0.02376	0.01592	0.28350	0.02294	0.02786	0.01814	0.14870	0.09182	0.00422	0.00754	0.00742	0.10695	0.00885
25	0.00930	0.00727	0.00815	0.00843	0.01012	0.00642	0.00597	0.01108	0.01627	0.02059	0.14957	0.20447	0.39676	0.09733	0.01206	0.00310	0.00421	0.01595	0.00681	0.00613
26	0.01106	0.00781	0.01122	0.01122	0.01260	0.00894	0.00870	0.01383	0.01245	0.01871	0.02050	0.02895	0.01863	0.04901	0.60978	0.01048	0.01756	0.00781	0.11407	0.00667
27	0.01061	0.00712	0.00815	0.00833	0.00838	0.00707	0.00475	0.01075	0.01115	0.01487	0.02523	0.12046	0.02931	0.66406	0.03482	0.00676	0.00689	0.01188	0.00475	0.00466
28	0.01692	0.02491	0.23194	0.03101	0.15899	0.01812	0.36041	0.02352	0.01687	0.02379	0.01433	0.01845	0.01082	0.00656	0.00800	0.00240	0.01138	0.00741	0.00356	0.01062
29	0.01650	0.01260	0.01502	0.01108	0.01703	0.00982	0.00878	0.01956	0.01551	0.08172	0.01541	0.01856	0.01279	0.04555	0.03896	0.00200	0.00630	0.00515	0.00480	0.64285
30	0.01817	0.01635	0.01724	0.01624	0.04682	0.11875	0.01216	0.13286	0.01837	0.02488	0.02006	0.15260	0.01947	0.01474	0.04859	0.00302	0.18519	0.00914	0.11684	0.00851
31	0.01539	0.01319	0.01539	0.01100	0.01759	0.00990	0.00880	0.01869	0.01539	0.02419	0.01319	0.01539	0.01100	0.00550	0.00550	0.00110	0.00550	0.00440	0.00440	0.78449
32	0.02773	0.03538	0.02104	0.01913	0.02295	0.70930	0.01434	0.02964	0.02104	0.01817	0.01148	0.01339	0.00956	0.00765	0.00669	0.00191	0.01339	0.00478	0.00383	0.00861
33	0.01080	0.00720	0.00810	0.00810	0.00810	0.00720	0.00450	0.01080	0.01080	0.01439	0.02339	0.04858	0.02699	0.73910	0.03779	0.00720	0.00720	0.01080	0.00450	0.00450
34	0.02393	0.01866	0.01986	0.01621	0.02139	0.02102	0.01307	0.39155	0.31838	0.03987	0.02327	0.02217	0.01704	0.00942	0.00748	0.00236	0.00716	0.00744	0.00748	0.01224
35	0.02390	0.02895	0.02111	0.18997	0.02962	0.50408	0.01574	0.02756	0.05425	0.01904	0.01288	0.01570	0.01033	0.00772	0.00692	0.00208	0.01214	0.00541	0.00389	0.00868
36	0.01887	0.01716	0.02729	0.03867	0.54512	0.01744	0.02026	0.09447	0.03947	0.02740	0.06688	0.02145	0.01668	0.00764	0.00747	0.00223	0.00825	0.00720	0.00456	0.01149
37	0.01924	0.01563	0.01993	0.05586	0.15055	0.01550	0.01358	0.23096	0.02189	0.03063	0.01861	0.11417	0.01677	0.00933	0.00712	0.00201	0.00708	0.00795	0.00553	0.23767
38	0.01661	0.01582	0.14515	0.01300	0.01724	0.01225	0.01209	0.05652	0.11025	0.09535	0.02234	0.02722	0.01811	0.09977	0.12817	0.00438	0.00898	0.00751	0.18026	0.00896
39	0.01837	0.01764	0.03013	0.04557	0.69279	0.01764	0.02278	0.02278	0.01690	0.02425	0.01396	0.01837	0.01176	0.00661	0.00735	0.00220	0.00882	0.00661	0.00367	0.01176
40	0.01827	0.01470	0.02410	0.36681	0.25093	0.01640	0.01970	0.02258	0.01623	0.11696	0.01554	0.01993	0.01169	0.00771	0.00830	0.00240	0.04679	0.00672	0.00425	0.00999
41	0.01021	0.00746	0.00929	0.00934	0.01101	0.00716	0.00700	0.01142	0.01444	0.01841	0.07015	0.05149	0.34520	0.02919	0.18568	0.15578	0.00837	0.03707	0.00551	0.00582
42	0.04211	0.01626	0.03837	0.01672	0.10642	0.07783	0.01182	0.02080	0.01602	0.05039	0.01421	0.01695	0.01170	0.00995	0.06020	0.00228	0.00800	0.00514	0.00438	0.47047
43	0.00979	0.00754	0.00905	0.01006	0.01133	0.00716	0.00701	0.01294	0.07247	0.02027	0.04836	0.51124	0.20324	0.02103	0.00914	0.00285	0.00431	0.01868	0.00695	0.00658
44	0.01918	0.23073	0.13367	0.09596	0.11791	0.02059	0.09043	0.08533	0.01793	0.05824	0.01455	0.01722	0.01131	0.00711	0.00662	0.00209	0.00895	0.00598	0.04591	0.01029
45	0.02486	0.07669	0.02365	0.12435	0.09780	0.14008	0.01560	0.27583	0.02464	0.10127	0.01624	0.01773	0.01196	0.00806	0.00709	0.00217	0.00919	0.00621	0.00564	0.01095
46	0.00903	0.00727	0.00805	0.00841	0.01032	0.00629	0.00610	0.01094	0.01669	0.02083	0.13292	0.23326	0.46487	0.01951	0.00895	0.00261	0.00387	0.01677	0.00703	0.00629
47	0.00974	0.00654	0.00873	0.01000	0.01051	0.00613	0.00671	0.01024	0.01357	0.01790	0.03833	0.55029	0.09170	0.02339	0.01307	0.14882	0.00466	0.01795	0.00621	0.00552
48	0.01479	0.01391	0.01917	0.01678	0.01688	0.01880	0.01351	0.01619	0.01131	0.01717	0.01307	0.02328	0.01364	0.15188	0.07966	0.00465	0.53702	0.00741	0.00354	0.00733
49	0.01020	0.00746	0.00841	0.00818	0.01026	0.00666	0.00613	0.01296	0.01840	0.02509	0.31781	0.05872	0.34229	0.01588	0.00826	0.00233	0.00361	0.01351	0.11717	0.00666
50	0.01061	0.00712	0.00815	0.00833	0.00838	0.00707	0.00475	0.01075	0.01115	0.01487	0.02523	0.12046	0.02931	0.66406	0.03482	0.00676	0.00689	0.01188	0.00475	0.00466
51	0.01710	0.01634	0.02784	0.24264	0.50564	0.01730	0.02215	0.02167	0.01630	0.02271	0.01374	0.01879	0.01122	0.00685	0.00737	0.00228	0.00913	0.00661	0.00357	0.01073
52	0.01402	0.01319	0.02227	0.72126	0.05113	0.01649	0.02062	0.01897	0.01484	0.01897	0.01319	0.01979	0.00990	0.00742	0.00742	0.00247	0.00990	0.00660	0.00330	0.00825
53	0.01251	0.18782	0.01846	0.01099	0.01466	0.01301	0.05851	0.01519	0.01737	0.02174	0.18281	0.04964	0.34247	0.01405	0.00779	0.00225	0.00540	0.01182	0.00601	0.00750
54	0.01678	0.01382	0.01917	0.05349	0.02101	0.01483	0.10373	0.18394	0.04676	0.02776	0.02922	0.03179	0.14491	0.01933	0.13971	0.00417	0.04630	0.00902	0.06527	0.00897
55	0.20775	0.01333	0.01318	0.01121	0.01522	0.01438	0.00901	0.19156	0.06185	0.06866	0.02646	0.02687	0.10253	0.00973	0.00637	0.00218	0.00560	0.00742	0.19747	0.00921
56	0.01158	0.00854	0.01089	0.01195	0.01348	0.00850	0.00928	0.04838	0.05053	0.02231	0.04105	0.37507	0.08994	0.02050	0.00950	0.00306	0.00547	0.24606	0.00693	0.00698
57	0.01668	0.01754	0.07705	0.20191	0.29046	0.01665	0.04797	0.02375	0.10572	0.02378	0.01588	0.01953	0.01249	0.00718	0.00723	0.00222	0.00866	0.00662	0.00415	0.09455
58	0.01734	0.01443	0.01744	0.01293	0.01913	0.01237	0.03872	0.12980	0.01895	0.02783	0.01711	0.02056	0.03438	0.00715	0.00627	0.00149	0.00626	0.03096	0.00507	0.56183
59	0.02506	0.02715	0.02145	0.02087	0.09492	0.37966	0.01473	0.14684	0.14683	0.02645	0.01642	0.01742	0.01282	0.00822	0.00706	0.00212	0.01053	0.00600	0.00516	0.01027

[dist]
# distance from previous block
# <min> <max>
0	5

[block]
# block no. 7 follows, 27 sequences, length 8
# corresponding to MSA columns:
# 722-729
name=unknown_H
#
# <colnr> <probs for GDERKNQSTAVLIFYWHMCP>
#	G	D	E	R	K	N	Q	S	T	A	V	L	I	F	Y	W	H	M	C	P
0	0.12751	0.01514	0.01748	0.01390	0.01932	0.01541	0.01137	0.17583	0.11539	0.37377	0.02442	0.02225	0.01636	0.00896	0.00710	0.00231	0.00659	0.00698	0.00798	0.01192
1	0.00928	0.00672	0.00877	0.00999	0.01078	0.00621	0.00683	0.01098	0.01554	0.02086	0.15331	0.57705	0.09299	0.02160	0.00931	0.00287	0.00414	0.01946	0.00711	0.00621
2	0.01489	0.03840	0.70064	0.02116	0.03213	0.01724	0.02743	0.02351	0.01567	0.02351	0.01332	0.01567	0.00940	0.00705	0.00705	0.00235	0.01097	0.00549	0.00313	0.01097
3	0.00933	0.00728	0.00810	0.00836	0.01002	0.00645	0.00588	0.01102	0.01602	0.02020	0.13544	0.19146	0.39769	0.12359	0.01311	0.00326	0.00433	0.01572	0.00670	0.00606
4	0.00938	0.00754	0.00836	0.00816	0.01040	0.00653	0.00612	0.01183	0.01836	0.02346	0.29060	0.06583	0.47225	0.01753	0.00877	0.00245	0.00367	0.01488	0.00734	0.00653
5	0.01647	0.01084	0.01280	0.01153	0.01378	0.01141	0.00849	0.17133	0.01838	0.07220	0.02465	0.14117	0.02437	0.23399	0.13600	0.00543	0.00882	0.01042	0.06014	0.00779
6	0.18681	0.14804	0.05332	0.01202	0.01583	0.01504	0.01033	0.02021	0.06089	0.07353	0.02214	0.19053	0.02169	0.01870	0.11575	0.00385	0.00833	0.00937	0.00526	0.00837
7	0.02134	0.05561	0.02331	0.02258	0.18154	0.01825	0.01517	0.16786	0.02002	0.10102	0.01538	0.01770	0.01204	0.00837	0.01005	0.00217	0.14072	0.00615	0.00515	0.15556

[dist]
# distance from previous block
# <min> <max>
2	67

[block]
# block no. 8 follows, 27 sequences, length 27
# corresponding to MSA columns:
# 799-825
name=unknown_I
#
# <colnr> <probs for GDERKNQSTAVLIFYWHMCP>
#	G	D	E	R	K	N	Q	S	T	A	V	L	I	F	Y	W	H	M	C	P
0	0.05785	0.01717	0.02567	0.18236	0.42247	0.05257	0.01996	0.02311	0.05558	0.02369	0.01442	0.01853	0.01168	0.00702	0.00713	0.00223	0.00882	0.00641	0.00391	0.03944
1	0.01797	0.10685	0.02618	0.02436	0.19347	0.10162	0.09848	0.02222	0.05034	0.02192	0.01687	0.09891	0.01574	0.00902	0.00828	0.00216	0.05677	0.00778	0.00428	0.11678
2	0.01133	0.00794	0.01156	0.01141	0.01228	0.00910	0.00852	0.01249	0.01134	0.01610	0.01841	0.02932	0.01792	0.11980	0.47258	0.16501	0.04737	0.00789	0.00385	0.00579
3	0.05898	0.01627	0.02438	0.31371	0.26472	0.01817	0.01943	0.14725	0.01936	0.02697	0.01421	0.01851	0.01097	0.00741	0.00725	0.00232	0.00897	0.00649	0.00430	0.01030
4	0.01864	0.01192	0.01316	0.01144	0.01462	0.01252	0.00894	0.22268	0.04695	0.06891	0.08059	0.12443	0.02554	0.01138	0.00699	0.00217	0.00531	0.00943	0.29530	0.00909
5	0.00915	0.00701	0.00840	0.00917	0.01054	0.00625	0.00645	0.01097	0.01616	0.02088	0.14507	0.39633	0.28591	0.02049	0.00912	0.00273	0.00399	0.01803	0.00707	0.00625
6	0.01015	0.00733	0.01007	0.01058	0.01139	0.00775	0.00751	0.01192	0.01290	0.01789	0.06176	0.25485	0.03237	0.17199	0.32787	0.00775	0.01177	0.01289	0.00520	0.00606
7	0.00938	0.00682	0.00871	0.00974	0.01061	0.00629	0.00665	0.01107	0.01556	0.02081	0.16238	0.50406	0.11916	0.05895	0.01076	0.00306	0.00425	0.01858	0.00700	0.00615
8	0.01503	0.03744	0.66627	0.02169	0.03248	0.01732	0.06083	0.02352	0.01577	0.02352	0.01341	0.01590	0.00950	0.00701	0.00714	0.00236	0.01105	0.00566	0.00317	0.01092
9	0.01080	0.00720	0.00810	0.00810	0.00810	0.00720	0.00450	0.01080	0.01080	0.01439	0.02339	0.04858	0.02699	0.73910	0.03779	0.00720	0.00720	0.01080	0.00450	0.00450
10	0.01685	0.05128	0.11918	0.02437	0.16674	0.03631	0.14579	0.02291	0.06883	0.05070	0.10132	0.06278	0.02227	0.00925	0.00774	0.00231	0.00850	0.02614	0.00497	0.05176
11	0.02054	0.11899	0.02275	0.09961	0.02410	0.14720	0.05405	0.18460	0.05502	0.02630	0.01903	0.11852	0.01757	0.04844	0.00890	0.00251	0.00888	0.00839	0.00523	0.00938
12	0.08726	0.05654	0.18944	0.01389	0.01901	0.04954	0.01346	0.02097	0.07878	0.04456	0.02232	0.08489	0.05310	0.11134	0.06083	0.00360	0.00857	0.00823	0.00479	0.06889
13	0.10202	0.14389	0.06498	0.01765	0.02304	0.10535	0.11008	0.11573	0.08053	0.06177	0.01732	0.01882	0.03408	0.00837	0.00814	0.00225	0.06460	0.00643	0.00493	0.01000
14	0.01867	0.44203	0.23205	0.01686	0.02463	0.02466	0.06783	0.05753	0.01651	0.02131	0.01197	0.01396	0.00979	0.00669	0.00589	0.00192	0.00919	0.00493	0.00344	0.01015
15	0.01402	0.01319	0.02227	0.72126	0.05113	0.01649	0.02062	0.01897	0.01484	0.01897	0.01319	0.01979	0.00990	0.00742	0.00742	0.00247	0.00990	0.00660	0.00330	0.00825
16	0.01577	0.13619	0.56113	0.02069	0.03077	0.01905	0.07057	0.02335	0.01572	0.02268	0.01302	0.01545	0.00955	0.00690	0.00685	0.00225	0.01065	0.00550	0.00318	0.01070
