[name]
unknown

[dist]
# distance from previous block
# <min> <max>
0	68

[block]
# block no. 0 follows, 30 sequences, length 12
# corresponding to MSA columns:
# 74-85
name=unknown_A
#
# <colnr> <probs for GDERKNQSTAVLIFYWHMCP>
#	G	D	E	R	K	N	Q	S	T	A	V	L	I	F	Y	W	H	M	C	P
0	0.20246	0.10862	0.16248	0.01958	0.15268	0.01768	0.01569	0.12869	0.01726	0.02715	0.01448	0.01998	0.01223	0.00784	0.00621	0.00216	0.00766	0.06327	0.00433	0.00955
1	0.01313	0.00983	0.01215	0.01151	0.01328	0.01112	0.00884	0.07591	0.11113	0.02162	0.02270	0.08362	0.02154	0.12563	0.25092	0.00592	0.05664	0.04764	0.08965	0.00723
2	0.00910	0.00765	0.00901	0.08586	0.01377	0.00706	0.00707	0.01149	0.01647	0.02057	0.19211	0.05893	0.50455	0.01584	0.00811	0.00232	0.00411	0.01339	0.00636	0.00623
3	0.01509	0.01391	0.04661	0.21878	0.13441	0.01484	0.01477	0.07677	0.13261	0.02268	0.01887	0.02396	0.03397	0.07701	0.07106	0.00341	0.03482	0.00716	0.03052	0.00875
4	0.01400	0.03610	0.71860	0.01989	0.03020	0.01621	0.02578	0.02210	0.01473	0.02210	0.01252	0.01473	0.00884	0.00663	0.00663	0.00221	0.01031	0.00516	0.00295	0.01031
5	0.80405	0.01350	0.01026	0.00918	0.01350	0.01565	0.00756	0.02051	0.01188	0.03131	0.00972	0.01134	0.00756	0.00648	0.00432	0.00216	0.00540	0.00378	0.00432	0.00756
6	0.01355	0.03525	0.01586	0.04190	0.20279	0.01077	0.01154	0.05146	0.01549	0.04931	0.02720	0.38869	0.02941	0.01448	0.00772	0.00242	0.00570	0.01308	0.05544	0.00794
7	0.01342	0.00792	0.01046	0.00938	0.01165	0.00719	0.00719	0.01661	0.01979	0.14167	0.59519	0.04744	0.05782	0.01334	0.00803	0.00219	0.00373	0.01169	0.00784	0.00746
8	0.01444	0.01304	0.01973	0.12763	0.23748	0.01370	0.05485	0.02136	0.15288	0.02312	0.07491	0.07125	0.09404	0.00979	0.00731	0.00225	0.00676	0.00888	0.03750	0.00908
9	0.00901	0.00706	0.00791	0.00772	0.00958	0.00622	0.00563	0.01112	0.01662	0.02143	0.28542	0.05966	0.41316	0.09560	0.01117	0.00277	0.00380	0.01351	0.00665	0.00595
10	0.01677	0.09613	0.04452	0.04163	0.12478	0.06905	0.07369	0.09373	0.01630	0.02165	0.01631	0.02286	0.03215	0.01531	0.11266	0.00359	0.13607	0.05006	0.00404	0.00871
11	0.17403	0.01828	0.01917	0.04899	0.14184	0.10574	0.01344	0.22043	0.09403	0.07464	0.01577	0.01680	0.01178	0.00756	0.00638	0.00211	0.00768	0.00578	0.00538	0.01016

[dist]
# distance from previous block
# <min> <max>
1	19

[block]
# block no. 1 follows, 30 sequences, length 31
# corresponding to MSA columns:
# 105-135
name=unknown_B
#
# <colnr> <probs for GDERKNQSTAVLIFYWHMCP>
#	G	D	E	R	K	N	Q	S	T	A	V	L	I	F	Y	W	H	M	C	P
0	0.16226	0.14263	0.05666	0.01468	0.01930	0.32363	0.01232	0.10438	0.01857	0.02315	0.01469	0.01590	0.04938	0.00759	0.00586	0.00190	0.00925	0.00509	0.00417	0.00858
1	0.04736	0.19731	0.06422	0.04729	0.21751	0.18772	0.10125	0.02283	0.01622	0.01999	0.01171	0.01462	0.00972	0.00640	0.00625	0.00192	0.00959	0.00533	0.00338	0.00938
2	0.05781	0.14866	0.14731	0.01414	0.01954	0.01678	0.01360	0.02294	0.08647	0.10925	0.01560	0.03542	0.01247	0.00802	0.00844	0.00202	0.11634	0.00569	0.00451	0.15501
3	0.00997	0.00698	0.00853	0.00875	0.01038	0.00623	0.00633	0.01201	0.01629	0.05661	0.23458	0.30091	0.26128	0.01774	0.00841	0.00247	0.00377	0.01554	0.00692	0.00631
4	0.01015	0.00677	0.00761	0.00761	0.00761	0.00677	0.00423	0.01015	0.01015	0.01353	0.02199	0.04567	0.02537	0.75476	0.03552	0.00677	0.00677	0.01015	0.00423	0.00423
5	0.00998	0.00744	0.01103	0.01103	0.01221	0.00862	0.00849	0.01234	0.01116	0.01606	0.01886	0.02837	0.01786	0.08902	0.69099	0.01098	0.01807	0.00762	0.00376	0.00613
6	0.02607	0.03326	0.01978	0.01798	0.02157	0.72674	0.01348	0.02787	0.01978	0.01708	0.01079	0.01258	0.00899	0.00719	0.00629	0.00180	0.01258	0.00449	0.00360	0.00809
7	0.01629	0.01503	0.01760	0.01644	0.12067	0.06481	0.01123	0.04637	0.01561	0.02285	0.01238	0.01489	0.01034	0.00602	0.00662	0.00141	0.04932	0.00467	0.00405	0.54342
8	0.02461	0.01173	0.01513	0.01169	0.01670	0.01019	0.00951	0.06595	0.01963	0.44131	0.12433	0.02574	0.02279	0.00878	0.00684	0.00194	0.00550	0.00724	0.00753	0.16287
9	0.01647	0.01882	0.04118	0.02941	0.03647	0.01765	0.68588	0.02235	0.01647	0.02235	0.01412	0.01882	0.01059	0.00588	0.00824	0.00235	0.01176	0.00824	0.00353	0.00941
10	0.00975	0.00713	0.00915	0.00864	0.01035	0.00653	0.00648	0.01292	0.01945	0.02727	0.65750	0.05331	0.11634	0.01453	0.00823	0.00221	0.00331	0.01279	0.00759	0.00653
11	0.01008	0.00674	0.00763	0.00770	0.00771	0.00672	0.00432	0.01013	0.01028	0.01371	0.02266	0.07454	0.02622	0.72472	0.03443	0.00660	0.00665	0.01055	0.00432	0.00429
12	0.02607	0.03326	0.01978	0.01798	0.02157	0.72674	0.01348	0.02787	0.01978	0.01708	0.01079	0.01258	0.00899	0.00719	0.00629	0.00180	0.01258	0.00449	0.00360	0.00809
13	0.01318	0.01240	0.02093	0.73798	0.04806	0.01550	0.01938	0.01783	0.01395	0.01783	0.01240	0.01860	0.00930	0.00698	0.00698	0.00233	0.00930	0.00620	0.00310	0.00775
14	0.01866	0.75896	0.03657	0.01194	0.01791	0.02761	0.01194	0.02090	0.01418	0.01642	0.00970	0.01119	0.00896	0.00597	0.00448	0.00149	0.00746	0.00373	0.00299	0.00896
15	0.00886	0.00654	0.00838	0.00971	0.01064	0.00606	0.00698	0.01048	0.01422	0.01846	0.04403	0.52738	0.16435	0.02072	0.00890	0.00280	0.00431	0.11488	0.00647	0.00582
16	0.02653	0.01955	0.02094	0.01606	0.02164	0.02164	0.01326	0.68796	0.03281	0.04398	0.01675	0.01675	0.01187	0.00838	0.00698	0.00209	0.00768	0.00628	0.00698	0.01187
17	0.00937	0.00730	0.00863	0.00926	0.01078	0.00685	0.00673	0.01246	0.06581	0.02012	0.10872	0.35682	0.27239	0.01866	0.00853	0.00260	0.00407	0.05799	0.00663	0.00627
18	0.00909	0.00700	0.00841	0.00901	0.01064	0.00632	0.00683	0.01122	0.01592	0.02041	0.15891	0.23587	0.32496	0.01844	0.00865	0.00260	0.00413	0.12888	0.00666	0.00604
19	0.04075	0.00902	0.01136	0.01017	0.01274	0.00857	0.00781	0.06698	0.01956	0.16090	0.40252	0.14664	0.04762	0.01362	0.00788	0.00227	0.00431	0.01185	0.00753	0.00790
20	0.00982	0.00702	0.00803	0.00837	0.01022	0.00609	0.00605	0.01145	0.01525	0.06331	0.05627	0.31126	0.42458	0.01861	0.00841	0.00252	0.00387	0.01608	0.00662	0.00620
21	0.01831	0.01623	0.02742	0.04058	0.65979	0.01611	0.02059	0.02235	0.01619	0.07422	0.01419	0.01775	0.01151	0.00640	0.00692	0.00208	0.00812	0.00628	0.00384	0.01111
22	0.02557	0.01394	0.01649	0.01320	0.01801	0.01418	0.01072	0.19942	0.15402	0.34699	0.04518	0.02341	0.01818	0.00887	0.00692	0.00215	0.00605	0.00713	0.05836	0.01121
23	0.00989	0.00671	0.00792	0.00816	0.00830	0.00673	0.00485	0.01023	0.01069	0.01434	0.02423	0.14941	0.02796	0.60045	0.07602	0.00647	0.00713	0.01142	0.00453	0.00457
24	0.10912	0.01470	0.11769	0.01211	0.01674	0.01154	0.01107	0.09760	0.01838	0.20399	0.10060	0.11053	0.12427	0.01145	0.00716	0.00227	0.00589	0.00943	0.00644	0.00902
25	0.01374	0.06048	0.19976	0.01711	0.10472	0.03551	0.01443	0.01739	0.01491	0.05719	0.02886	0.21427	0.12892	0.01264	0.00825	0.00236	0.04572	0.01064	0.00482	0.00830
26	0.01338	0.01199	0.01999	0.04551	0.08437	0.01237	0.16505	0.05140	0.05405	0.02056	0.02193	0.18916	0.02206	0.10007	0.13077	0.00440	0.03007	0.01051	0.00466	0.00773
27	0.01391	0.01802	0.19687	0.16940	0.02900	0.01323	0.15017	0.01895	0.01577	0.05695	0.11364	0.10756	0.02295	0.00989	0.00763	0.00236	0.00835	0.03230	0.00457	0.00849
28	0.01692	0.01821	0.06069	0.12962	0.38607	0.09741	0.07399	0.02092	0.01566	0.02088	0.01364	0.01897	0.01153	0.05461	0.00873	0.00240	0.00908	0.00639	0.02477	0.00952
29	0.01688	0.08124	0.15171	0.18709	0.08515	0.09659	0.11839	0.02184	0.03482	0.06005	0.01559	0.07131	0.01302	0.00790	0.00696	0.00219	0.00931	0.00703	0.00389	0.00905
30	0.01602	0.07655	0.21261	0.09965	0.20271	0.07238	0.08044	0.02089	0.01537	0.02086	0.01381	0.05412	0.01169	0.00718	0.00671	0.00206	0.00909	0.00635	0.00347	0.06802

[dist]
# distance from previous block
# <min> <max>
0	44

[block]
# block no. 2 follows, 30 sequences, length 15
# corresponding to MSA columns:
# 180-194
name=unknown_C
#
# <colnr> <probs for GDERKNQSTAVLIFYWHMCP>
#	G	D	E	R	K	N	Q	S	T	A	V	L	I	F	Y	W	H	M	C	P
0	0.01850	0.04911	0.07604	0.05963	0.08925	0.09136	0.08101	0.16493	0.03964	0.05540	0.11167	0.04457	0.04083	0.03721	0.00824	0.00231	0.00797	0.00779	0.00526	0.00928
1	0.04793	0.00964	0.01266	0.07033	0.01478	0.01055	0.03973	0.06334	0.01278	0.01791	0.01954	0.09230	0.02104	0.39849	0.02458	0.05917	0.06578	0.00935	0.00432	0.00580
2	0.03886	0.01402	0.10243	0.11905	0.07822	0.01205	0.05874	0.03504	0.06717	0.02268	0.16558	0.08888	0.04922	0.10487	0.01101	0.00286	0.00687	0.00948	0.00507	0.00788
3	0.60432	0.01394	0.01238	0.01157	0.04748	0.01558	0.00881	0.05156	0.06818	0.03060	0.01191	0.01329	0.00924	0.00668	0.00485	0.00208	0.00563	0.00436	0.00460	0.07292
4	0.01010	0.00738	0.00900	0.00924	0.01032	0.00723	0.00640	0.01319	0.06947	0.02079	0.23272	0.25913	0.07380	0.20241	0.01524	0.00358	0.00467	0.03297	0.00632	0.00604
5	0.02165	0.02424	0.01956	0.02019	0.11958	0.36753	0.01374	0.03028	0.26516	0.02229	0.01751	0.01813	0.01375	0.00788	0.00667	0.00204	0.00941	0.00597	0.00485	0.00959
6	0.00925	0.00703	0.00852	0.00832	0.01009	0.00629	0.00617	0.01190	0.01803	0.02430	0.45367	0.11272	0.26639	0.01595	0.00829	0.00230	0.00343	0.01386	0.00721	0.00629
7	0.00891	0.00638	0.00784	0.00886	0.00984	0.00584	0.00612	0.01054	0.01439	0.01935	0.08687	0.50946	0.17699	0.01941	0.00840	0.00260	0.00383	0.01726	0.07129	0.00584
8	0.01400	0.03610	0.71860	0.01989	0.03020	0.01621	0.02578	0.02210	0.01473	0.02210	0.01252	0.01473	0.00884	0.00663	0.00663	0.00221	0.01031	0.00516	0.00295	0.01031
9	0.01370	0.01112	0.01320	0.01100	0.01531	0.00951	0.00862	0.05664	0.04927	0.02306	0.02169	0.18244	0.02188	0.01068	0.00665	0.00178	0.00522	0.07634	0.00520	0.45668
10	0.00863	0.00613	0.00806	0.00956	0.00993	0.00575	0.00631	0.00975	0.01312	0.01749	0.03722	0.69709	0.04459	0.07711	0.01091	0.00313	0.00425	0.01911	0.00631	0.00556
11	0.28523	0.01351	0.01492	0.01187	0.01694	0.01366	0.00980	0.12301	0.01914	0.39440	0.02012	0.01866	0.01330	0.00789	0.00612	0.00215	0.00601	0.00585	0.00698	0.01045
12	0.03131	0.01188	0.01619	0.01242	0.01781	0.01026	0.01026	0.03401	0.01997	0.71606	0.02753	0.02375	0.01727	0.00864	0.00702	0.00216	0.00594	0.00702	0.00864	0.01188
13	0.02265	0.01762	0.01876	0.01527	0.02016	0.01983	0.01233	0.41269	0.31439	0.03773	0.02168	0.02068	0.01586	0.00884	0.00703	0.00221	0.00677	0.00696	0.00703	0.01152
14	0.73899	0.01292	0.00995	0.00896	0.01305	0.01490	0.00734	0.02016	0.01210	0.03087	0.01079	0.01254	0.00841	0.00661	0.00436	0.00212	0.00522	0.00400	0.06923	0.00747

[dist]
# distance from previous block
# <min> <max>
0	8

[block]
# block no. 3 follows, 30 sequences, length 14
# corresponding to MSA columns:
# 203-216
name=unknown_D
#
# <colnr> <probs for GDERKNQSTAVLIFYWHMCP>
#	G	D	E	R	K	N	Q	S	T	A	V	L	I	F	Y	W	H	M	C	P
0	0.00838	0.00653	0.00762	0.00849	0.00980	0.00577	0.00594	0.00985	0.01454	0.01829	0.05334	0.43497	0.35178	0.01993	0.00860	0.00261	0.00381	0.01748	0.00648	0.00577
1	0.01318	0.01240	0.02093	0.73798	0.04806	0.01550	0.01938	0.01783	0.01395	0.01783	0.01240	0.01860	0.00930	0.00698	0.00698	0.00233	0.00930	0.00620	0.00310	0.00775
2	0.18003	0.01835	0.01883	0.01470	0.02003	0.02046	0.01214	0.55619	0.02868	0.04148	0.01536	0.01568	0.01102	0.00800	0.00646	0.00211	0.00723	0.00579	0.00646	0.01102
3	0.00834	0.00669	0.00746	0.00808	0.00969	0.00581	0.00575	0.00990	0.01493	0.01845	0.05834	0.32889	0.45463	0.01928	0.00850	0.00254	0.00373	0.01669	0.00648	0.00581
4	0.01318	0.01240	0.02093	0.73798	0.04806	0.01550	0.01938	0.01783	0.01395	0.01783	0.01240	0.01860	0.00930	0.00698	0.00698	0.00233	0.00930	0.00620	0.00310	0.00775
5	0.00997	0.00748	0.01121	0.01121	0.01246	0.00872	0.00872	0.01246	0.01121	0.01620	0.01869	0.02741	0.01745	0.05234	0.72710	0.01121	0.01869	0.00748	0.00374	0.00623
6	0.01488	0.00828	0.01098	0.01131	0.04181	0.00743	0.00791	0.01686	0.01610	0.20120	0.08908	0.36169	0.15162	0.01647	0.00817	0.00250	0.00458	0.01451	0.00700	0.00762
7	0.01643	0.01476	0.02404	0.11027	0.49405	0.01509	0.01844	0.02125	0.05831	0.04932	0.01876	0.06693	0.04537	0.00810	0.00712	0.00218	0.00765	0.00760	0.00418	0.01016
8	0.01400	0.03610	0.71860	0.01989	0.03020	0.01621	0.02578	0.02210	0.01473	0.02210	0.01252	0.01473	0.00884	0.00663	0.00663	0.00221	0.01031	0.00516	0.00295	0.01031
9	0.00850	0.00607	0.00810	0.00972	0.01012	0.00567	0.00648	0.00972	0.01336	0.01781	0.03846	0.75020	0.04615	0.02186	0.00891	0.00283	0.00405	0.01984	0.00648	0.00567
10	0.30435	0.10731	0.01965	0.04251	0.06013	0.04056	0.06048	0.09126	0.01606	0.05812	0.01235	0.01417	0.00961	0.00649	0.00549	0.00190	0.00691	0.00483	0.00442	0.13341
11	0.01749	0.36617	0.16091	0.06489	0.02245	0.02140	0.01499	0.04484	0.06510	0.04395	0.01281	0.01457	0.01035	0.00693	0.00662	0.00186	0.05322	0.00486	0.00370	0.06287
12	0.01407	0.09000	0.18647	0.01480	0.04500	0.01419	0.01365	0.06668	0.12913	0.02287	0.04721	0.16104	0.06722	0.01548	0.07781	0.00316	0.00794	0.00946	0.00507	0.00875
13	0.00925	0.00704	0.00851	0.00829	0.01008	0.00629	0.00616	0.01190	0.01805	0.02430	0.45316	0.10589	0.27388	0.01591	0.00828	0.00229	0.00342	0.01381	0.00721	0.00629

[dist]
# distance from previous block
# <min> <max>
0	1

[block]
# block no. 4 follows, 30 sequences, length 26
# corresponding to MSA columns:
# 218-243
name=unknown_E
#
# <colnr> <probs for GDERKNQSTAVLIFYWHMCP>
#	G	D	E	R	K	N	Q	S	T	A	V	L	I	F	Y	W	H	M	C	P
0	0.07248	0.13834	0.05563	0.16951	0.06750	0.23566	0.06294	0.04542	0.01689	0.02049	0.04407	0.01636	0.01194	0.00710	0.00632	0.00199	0.00958	0.00553	0.00371	0.00855
1	0.01469	0.01289	0.01783	0.01648	0.04834	0.01589	0.03592	0.07228	0.04578	0.02050	0.01724	0.06716	0.01687	0.07380	0.09624	0.00400	0.32704	0.05222	0.03712	0.00770
2	0.07837	0.00815	0.00965	0.00887	0.01126	0.00764	0.00679	0.01595	0.01791	0.11124	0.39198	0.07314	0.15002	0.01331	0.00755	0.00220	0.00386	0.01137	0.06358	0.00717
3	0.01050	0.00810	0.00995	0.00952	0.01147	0.00804	0.00719	0.01543	0.10323	0.02479	0.40668	0.08029	0.15675	0.01912	0.09418	0.00335	0.00549	0.01208	0.00689	0.00695
4	0.01873	0.00958	0.01145	0.00988	0.01300	0.00905	0.00756	0.02291	0.09473	0.27207	0.06146	0.03624	0.13556	0.12971	0.01150	0.00287	0.00509	0.00905	0.13106	0.00850
5	0.21327	0.02850	0.01748	0.01586	0.01963	0.55563	0.01206	0.02610	0.01787	0.02050	0.01053	0.01228	0.00864	0.00702	0.00582	0.00188	0.01086	0.00432	0.00377	0.00796
6	0.01866	0.75896	0.03657	0.01194	0.01791	0.02761	0.01194	0.02090	0.01418	0.01642	0.00970	0.01119	0.00896	0.00597	0.00448	0.00149	0.00746	0.00373	0.00299	0.00896
7	0.00871	0.00679	0.00833	0.00922	0.01025	0.00642	0.00647	0.01012	0.01408	0.01811	0.04774	0.49543	0.26098	0.02008	0.00929	0.00269	0.03557	0.01758	0.00633	0.00583
8	0.01931	0.69757	0.03527	0.01228	0.01822	0.02712	0.01205	0.07627	0.01573	0.01871	0.01029	0.01166	0.00920	0.00617	0.00469	0.00154	0.00748	0.00394	0.00332	0.00920
9	0.07182	0.01533	0.07471	0.16284	0.11369	0.01410	0.01437	0.07396	0.01549	0.02333	0.01294	0.01658	0.01046	0.00975	0.05647	0.00249	0.04556	0.00539	0.00391	0.25680
10	0.01781	0.01836	0.01681	0.06716	0.04162	0.26304	0.03944	0.02070	0.03990	0.05403	0.05433	0.05397	0.06467	0.07701	0.10310	0.00369	0.04453	0.00771	0.00449	0.00761
11	0.02975	0.01437	0.01774	0.01360	0.01906	0.01396	0.01124	0.24685	0.02415	0.49732	0.02402	0.02147	0.01551	0.00855	0.00701	0.00214	0.00650	0.00678	0.00810	0.01187
12	0.02021	0.00918	0.01198	0.01024	0.01355	0.00818	0.00804	0.02292	0.01833	0.35208	0.19615	0.11276	0.06207	0.01179	0.00730	0.00218	0.00463	0.01006	0.10940	0.00895
13	0.01747	0.05688	0.20479	0.12026	0.22827	0.07703	0.05373	0.06053	0.01668	0.05109	0.01427	0.04214	0.01149	0.00725	0.00683	0.00214	0.00917	0.00630	0.00380	0.00988
14	0.02040	0.01399	0.02318	0.10085	0.02582	0.01437	0.18442	0.04734	0.04903	0.24216	0.02128	0.02778	0.01667	0.00949	0.00935	0.00246	0.08627	0.08985	0.00570	0.00960
15	0.07878	0.00863	0.00990	0.00964	0.01244	0.00797	0.00787	0.01589	0.01626	0.13136	0.04973	0.05871	0.36141	0.01574	0.00810	0.00254	0.00485	0.18642	0.00663	0.00712
16	0.01524	0.01804	0.20457	0.05907	0.14311	0.01249	0.06666	0.01971	0.01579	0.10452	0.06559	0.15904	0.04475	0.01080	0.00753	0.00235	0.00755	0.02916	0.00494	0.00907
17	0.01696	0.01579	0.05005	0.20564	0.24875	0.04780	0.05149	0.04374	0.01616	0.07897	0.04037	0.04716	0.03656	0.00837	0.00827	0.00226	0.06086	0.00725	0.00423	0.00931
18	0.02607	0.03326	0.01978	0.01798	0.02157	0.72674	0.01348	0.02787	0.01978	0.01708	0.01079	0.01258	0.00899	0.00719	0.00629	0.00180	0.01258	0.00449	0.00360	0.00809
19	0.01640	0.00989	0.03660	0.01238	0.07021	0.00868	0.00866	0.01885	0.01560	0.19561	0.10679	0.08263	0.05764	0.16913	0.03661	0.00340	0.00591	0.00937	0.12785	0.00780
20	0.01822	0.07641	0.18126	0.16363	0.09458	0.06784	0.04193	0.09160	0.04171	0.08246	0.01637	0.01861	0.03365	0.00764	0.00731	0.00217	0.03455	0.00615	0.00427	0.00966
21	0.01196	0.00909	0.01139	0.10444	0.01649	0.03176	0.00899	0.06101	0.01531	0.04494	0.03270	0.46565	0.06301	0.05514	0.00972	0.00285	0.00553	0.03742	0.00595	0.00665
22	0.02607	0.03326	0.01978	0.01798	0.02157	0.72674	0.01348	0.02787	0.01978	0.01708	0.01079	0.01258	0.00899	0.00719	0.00629	0.00180	0.01258	0.00449	0.00360	0.00809
23	0.30295	0.04902	0.14569	0.01604	0.05498	0.13105	0.03288	0.12290	0.01749	0.05004	0.01233	0.01388	0.00929	0.00693	0.00579	0.00208	0.00821	0.00487	0.00438	0.00921
24	0.00931	0.00948	0.06698	0.00895	0.01165	0.00701	0.00763	0.01206	0.01679	0.02174	0.24431	0.09083	0.41277	0.01604	0.00819	0.00235	0.00416	0.03677	0.00653	0.00646
25	0.01734	0.13812	0.04306	0.01498	0.03893	0.05405	0.06730	0.06575	0.05571	0.04006	0.03176	0.01638	0.01232	0.00684	0.00709	0.00168	0.05967	0.00532	0.00430	0.31935

[dist]
# distance from previous block
# <min> <max>
0	1

[block]
# block no. 5 follows, 30 sequences, length 6
# corresponding to MSA columns:
# 245-250
name=unknown_F
#
# <colnr> <probs for GDERKNQSTAVLIFYWHMCP>
#	G	D	E	R	K	N	Q	S	T	A	V	L	I	F	Y	W	H	M	C	P
0	0.14746	0.16276	0.15991	0.04654	0.09877	0.11761	0.01572	0.13083	0.01791	0.02531	0.01205	0.01398	0.00943	0.00681	0.00590	0.00198	0.00860	0.00491	0.00399	0.00954
1	0.01635	0.01616	0.02497	0.15702	0.43244	0.06813	0.05318	0.02041	0.01630	0.02206	0.08986	0.02110	0.01665	0.00730	0.00709	0.00212	0.00841	0.00690	0.00388	0.00968
2	0.01153	0.00811	0.01023	0.01011	0.01129	0.00866	0.00724	0.07897	0.01381	0.01928	0.02415	0.19668	0.02557	0.22188	0.26301	0.00660	0.01012	0.01083	0.05578	0.00616
3	0.01392	0.01143	0.01503	0.17794	0.02220	0.01324	0.01185	0.06565	0.15949	0.02388	0.11583	0.10127	0.02591	0.01400	0.05381	0.00296	0.06773	0.03939	0.05636	0.00811
4	0.01524	0.00920	0.01105	0.00978	0.01277	0.00855	0.00753	0.01988	0.09281	0.15054	0.21435	0.10103	0.10169	0.01192	0.00715	0.00208	0.00429	0.01019	0.12307	0.08689
5	0.01165	0.00953	0.01049	0.01044	0.01261	0.00991	0.00763	0.01947	0.25544	0.02187	0.04297	0.26343	0.22128	0.05856	0.00962	0.00276	0.00458	0.01364	0.00657	0.00754

[dist]
# distance from previous block
# <min> <max>
0	8

[block]
# block no. 6 follows, 30 sequences, length 8
# corresponding to MSA columns:
# 259-266
name=unknown_G
#
# <colnr> <probs for GDERKNQSTAVLIFYWHMCP>
#	G	D	E	R	K	N	Q	S	T	A	V	L	I	F	Y	W	H	M	C	P
0	0.01831	0.01788	0.01979	0.05490	0.02128	0.17701	0.10326	0.15430	0.01826	0.02267	0.01548	0.02175	0.01354	0.10242	0.16987	0.00466	0.04532	0.00683	0.00432	0.00815
1	0.01335	0.00977	0.01125	0.01069	0.01317	0.00985	0.00812	0.09312	0.12614	0.05977	0.12459	0.23743	0.19404	0.01565	0.00810	0.00247	0.00469	0.04318	0.00689	0.00774
2	0.05891	0.00936	0.01316	0.01230	0.01429	0.00924	0.08428	0.07778	0.01551	0.02154	0.03286	0.48263	0.07131	0.05078	0.00954	0.00282	0.00545	0.01552	0.00596	0.00676
3	0.02105	0.01891	0.04309	0.01424	0.01850	0.16832	0.01137	0.12695	0.21447	0.10593	0.02014	0.02235	0.01587	0.09300	0.00996	0.00257	0.00771	0.00667	0.00578	0.07313
4	0.01408	0.01187	0.01570	0.15895	0.02206	0.01205	0.01127	0.01806	0.04966	0.04680	0.10902	0.02455	0.06085	0.00879	0.00867	0.00191	0.10433	0.00689	0.00471	0.30978
5	0.05897	0.11763	0.01921	0.01399	0.05865	0.04916	0.05656	0.05051	0.01572	0.04107	0.01584	0.07511	0.01398	0.00749	0.00580	0.00164	0.00635	0.00620	0.09406	0.29208
6	0.12721	0.01440	0.01501	0.01269	0.01646	0.12172	0.06300	0.01947	0.01516	0.09085	0.01984	0.17245	0.01916	0.05463	0.00825	0.00227	0.00676	0.00851	0.03120	0.18097
7	0.01811	0.17679	0.02060	0.01348	0.01731	0.14277	0.04136	0.09518	0.01786	0.06348	0.02884	0.06703	0.18797	0.01092	0.00808	0.00211	0.06646	0.00838	0.00499	0.00828

[dist]
# distance from previous block
# <min> <max>
7	208

[block]
# block no. 7 follows, 30 sequences, length 63
# corresponding to MSA columns:
# 503-565
name=unknown_H
#
# <colnr> <probs for GDERKNQSTAVLIFYWHMCP>
#	G	D	E	R	K	N	Q	S	T	A	V	L	I	F	Y	W	H	M	C	P
0	0.01554	0.06121	0.04680	0.02242	0.19599	0.01428	0.12399	0.08106	0.01675	0.02321	0.05506	0.09176	0.04566	0.01128	0.03722	0.03599	0.00792	0.00816	0.00446	0.10124
1	0.06185	0.03623	0.07262	0.01265	0.01619	0.09081	0.01049	0.12531	0.09084	0.02495	0.07644	0.13438	0.02340	0.09791	0.03470	0.00299	0.00719	0.00891	0.02793	0.04420
2	0.06460	0.10380	0.06667	0.05431	0.08508	0.10318	0.01275	0.08002	0.07012	0.10062	0.02091	0.07647	0.05500	0.00901	0.00650	0.00205	0.00730	0.00720	0.03712	0.03728
3	0.07417	0.01551	0.14807	0.01290	0.01683	0.03188	0.01187	0.08761	0.01581	0.04700	0.06035	0.16544	0.02257	0.04297	0.17757	0.00451	0.00959	0.00918	0.00494	0.04122
4	0.01621	0.04423	0.01934	0.28190	0.08235	0.06263	0.01430	0.04408	0.07459	0.04511	0.01518	0.04242	0.01232	0.00725	0.00644	0.00191	0.00763	0.00610	0.00421	0.21180
5	0.01644	0.01588	0.01450	0.01416	0.04372	0.19155	0.01020	0.11245	0.01764	0.02158	0.04070	0.19516	0.05037	0.04556	0.14687	0.00409	0.00981	0.00983	0.00504	0.03446
6	0.09279	0.00920	0.01136	0.06490	0.04610	0.00932	0.00868	0.04102	0.01539	0.02210	0.14630	0.09900	0.13920	0.10064	0.01203	0.04896	0.00546	0.08849	0.00555	0.03352
7	0.01032	0.00727	0.00858	0.00824	0.00937	0.00696	0.00549	0.01142	0.01258	0.01725	0.10406	0.04361	0.12367	0.38399	0.09666	0.03761	0.00688	0.01007	0.03686	0.05910
8	0.01883	0.61905	0.03289	0.01245	0.01811	0.02588	0.01187	0.05367	0.11267	0.01950	0.01269	0.01357	0.01085	0.00658	0.00497	0.00164	0.00720	0.00444	0.00375	0.00939
9	0.00976	0.00726	0.00839	0.00802	0.01016	0.00635	0.00605	0.01225	0.01777	0.04668	0.35546	0.05892	0.39608	0.01583	0.00820	0.00228	0.00351	0.01352	0.00709	0.00641
10	0.00886	0.00709	0.00791	0.00771	0.00980	0.00615	0.00578	0.01119	0.01734	0.02226	0.30848	0.06155	0.46847	0.01640	0.00824	0.00230	0.00344	0.01394	0.00693	0.00615
11	0.01866	0.75896	0.03657	0.01194	0.01791	0.02761	0.01194	0.02090	0.01418	0.01642	0.00970	0.01119	0.00896	0.00597	0.00448	0.00149	0.00746	0.00373	0.00299	0.00896
12	0.00885	0.00694	0.00800	0.00806	0.00988	0.00610	0.00592	0.01105	0.01684	0.02183	0.28478	0.16599	0.38661	0.01714	0.00834	0.00237	0.00353	0.01478	0.00689	0.00610
13	0.01866	0.75896	0.03657	0.01194	0.01791	0.02761	0.01194	0.02090	0.01418	0.01642	0.00970	0.01119	0.00896	0.00597	0.00448	0.00149	0.00746	0.00373	0.00299	0.00896
14	0.01447	0.01240	0.01447	0.01034	0.01654	0.00930	0.00827	0.01757	0.01447	0.02274	0.01240	0.01447	0.01034	0.00517	0.00517	0.00103	0.00517	0.00413	0.00413	0.79742
15	0.00997	0.00748	0.01121	0.01121	0.01246	0.00872	0.00872	0.01246	0.01121	0.01620	0.01869	0.02741	0.01745	0.05234	0.72710	0.01121	0.01869	0.00748	0.00374	0.00623
16	0.57584	0.01527	0.01339	0.01120	0.01589	0.01741	0.00923	0.21642	0.01802	0.03503	0.01178	0.01293	0.00882	0.00704	0.00510	0.00214	0.00607	0.00451	0.00510	0.00882
17	0.02307	0.01783	0.01900	0.01536	0.02032	0.02003	0.01243	0.44271	0.28369	0.03841	0.02114	0.02025	0.01542	0.00879	0.00703	0.00220	0.00687	0.00689	0.00703	0.01156
18	0.01952	0.01062	0.01268	0.01058	0.01397	0.01043	0.00842	0.14933	0.02106	0.21236	0.22625	0.03139	0.03081	0.01013	0.00684	0.00203	0.00483	0.00841	0.20136	0.00898
19	0.01960	0.01298	0.01463	0.01222	0.01625	0.01343	0.00975	0.19795	0.17107	0.16061	0.12748	0.03471	0.15651	0.01127	0.00743	0.00223	0.00547	0.00928	0.00732	0.00981
20	0.08379	0.01459	0.09440	0.01123	0.01683	0.01084	0.01007	0.05650	0.01574	0.02518	0.06915	0.03872	0.01600	0.00705	0.00569	0.00152	0.00560	0.00564	0.06553	0.44596
21	0.01010	0.00697	0.00866	0.00866	0.00902	0.00733	0.00554	0.01082	0.01046	0.01431	0.02103	0.04035	0.02306	0.55036	0.23676	0.00806	0.01024	0.00937	0.00409	0.00481
22	0.00853	0.00642	0.00791	0.00893	0.00995	0.00579	0.00617	0.01004	0.01450	0.01881	0.09401	0.51646	0.22679	0.02020	0.00868	0.00266	0.00386	0.01795	0.00656	0.00579
23	0.01755	0.58679	0.19900	0.01383	0.02084	0.02490	0.01524	0.02118	0.01431	0.01777	0.01037	0.01204	0.00893	0.00613	0.00499	0.00166	0.00814	0.00407	0.00298	0.00928
24	0.16984	0.01710	0.01816	0.01416	0.01948	0.01856	0.01169	0.45150	0.02673	0.15897	0.01735	0.01698	0.01202	0.00807	0.00650	0.00212	0.00696	0.00595	0.00678	0.01108
25	0.02505	0.01111	0.01403	0.01140	0.01573	0.01041	0.00920	0.03028	0.11467	0.46183	0.05095	0.02552	0.01969	0.00886	0.00666	0.00209	0.00527	0.00724	0.15946	0.01054
26	0.00913	0.00691	0.00842	0.00845	0.01007	0.00620	0.00618	0.01157	0.01739	0.02333	0.39066	0.19051	0.25227	0.01673	0.00837	0.00237	0.00351	0.01463	0.00710	0.00620
27	0.06211	0.01618	0.02571	0.24201	0.23498	0.04550	0.12419	0.05067	0.01556	0.02186	0.01253	0.01716	0.01001	0.00716	0.00861	0.00229	0.08445	0.00631	0.00354	0.00917
28	0.02237	0.01046	0.01336	0.01111	0.01482	0.01013	0.00895	0.08692	0.01821	0.35290	0.02368	0.02434	0.01695	0.01690	0.14511	0.00377	0.00791	0.00691	0.19570	0.00950
29	0.16327	0.00824	0.00888	0.00836	0.01054	0.00829	0.00640	0.01503	0.01711	0.02787	0.41736	0.03999	0.07272	0.01176	0.00685	0.00209	0.00370	0.00986	0.15498	0.00673
30	0.01553	0.01781	0.15375	0.38941	0.19892	0.01553	0.02044	0.02058	0.01497	0.06745	0.01363	0.01791	0.01017	0.00685	0.00690	0.00223	0.00902	0.00606	0.00353	0.00929
31	0.05167	0.12755	0.09669	0.01512	0.02098	0.05245	0.01371	0.35942	0.02376	0.03237	0.01393	0.01501	0.01054	0.00750	0.00688	0.00192	0.03758	0.00536	0.00522	0.10234
32	0.50916	0.09876	0.04515	0.01193	0.01652	0.17916	0.01015	0.02230	0.01404	0.02608	0.01008	0.01175	0.00809	0.00659	0.00488	0.00201	0.00747	0.00400	0.00395	0.00794
33	0.65123	0.01220	0.00975	0.00888	0.01236	0.01394	0.00692	0.01852	0.01154	0.02789	0.01208	0.01794	0.01099	0.15051	0.01032	0.00305	0.00566	0.00500	0.00430	0.00692
34	0.00929	0.00668	0.00846	0.00958	0.01035	0.00634	0.00678	0.01070	0.01353	0.01767	0.03874	0.41274	0.11763	0.16198	0.01409	0.00360	0.00495	0.13529	0.00604	0.00556
35	0.01209	0.00724	0.00955	0.01004	0.01153	0.00662	0.00731	0.01394	0.01538	0.11882	0.10991	0.46820	0.09481	0.01865	0.00857	0.00266	0.00438	0.06665	0.00691	0.00673
36	0.01124	0.00645	0.00735	0.00799	0.00911	0.00632	0.00572	0.01362	0.01404	0.02229	0.02878	0.27479	0.02903	0.05386	0.00815	0.00240	0.00388	0.04606	0.44282	0.00609
37	0.00901	0.00676	0.00791	0.00822	0.00947	0.00614	0.00568	0.01061	0.01494	0.01945	0.18408	0.24101	0.27201	0.15690	0.01355	0.00328	0.00423	0.01479	0.00630	0.00566
38	0.01736	0.01499	0.01578	0.01420	0.01815	0.01736	0.01105	0.03708	0.69862	0.02919	0.02840	0.02604	0.02130	0.00947	0.00710	0.00237	0.00552	0.00789	0.00710	0.01105
39	0.02712	0.02109	0.02004	0.01591	0.02108	0.15574	0.01288	0.46760	0.02847	0.13468	0.01714	0.01695	0.01208	0.00819	0.00685	0.00205	0.00837	0.00604	0.00657	0.01114
40	0.01736	0.01499	0.01578	0.01420	0.01815	0.01736	0.01105	0.03708	0.69862	0.02919	0.02840	0.02604	0.02130	0.00947	0.00710	0.00237	0.00552	0.00789	0.00710	0.01105
41	0.01866	0.75896	0.03657	0.01194	0.01791	0.02761	0.01194	0.02090	0.01418	0.01642	0.00970	0.01119	0.00896	0.00597	0.00448	0.00149	0.00746	0.00373	0.00299	0.00896
42	0.01124	0.00803	0.01124	0.01285	0.01446	0.00803	0.01124	0.01446	0.01606	0.02088	0.03695	0.07871	0.04016	0.01928	0.00964	0.00321	0.00643	0.66426	0.00643	0.00643
43	0.01414	0.01206	0.01525	0.15018	0.02212	0.01033	0.01021	0.01754	0.01438	0.02198	0.01300	0.01594	0.01057	0.00569	0.00550	0.00132	0.00585	0.00467	0.04970	0.59955
44	0.01224	0.00988	0.01123	0.01041	0.01298	0.01026	0.00794	0.02106	0.25774	0.02691	0.36464	0.04541	0.15531	0.01314	0.00784	0.00228	0.00412	0.01130	0.00728	0.00804
45	0.00850	0.00607	0.00810	0.00972	0.01012	0.00567	0.00648	0.00972	0.01336	0.01781	0.03846	0.75020	0.04615	0.02186	0.00891	0.00283	0.00405	0.01984	0.00648	0.00567
46	0.10148	0.01245	0.00963	0.00914	0.01144	0.14614	0.00693	0.01878	0.01562	0.02499	0.05874	0.02335	0.01783	0.00813	0.00528	0.00175	0.00528	0.00618	0.50995	0.00693
47	0.75132	0.01338	0.01066	0.00940	0.01379	0.01529	0.00774	0.02143	0.01243	0.07804	0.01093	0.01218	0.00822	0.00663	0.00450	0.00216	0.00543	0.00400	0.00461	0.00785
48	0.02437	0.03005	0.02142	0.02276	0.15433	0.59004	0.01501	0.02662	0.01903	0.01818	0.01124	0.01349	0.00939	0.00700	0.00641	0.00185	0.01176	0.00483	0.00357	0.00866
49	0.01928	0.01721	0.01437	0.01280	0.01569	0.22098	0.00970	0.12012	0.04818	0.07022	0.11713	0.02972	0.02350	0.12475	0.01127	0.00276	0.00762	0.03745	0.08927	0.00797
50	0.01412	0.01204	0.01410	0.01030	0.01617	0.00909	0.00816	0.01712	0.01441	0.02245	0.01391	0.05713	0.01241	0.00614	0.00538	0.00114	0.00510	0.00504	0.00427	0.75151
51	0.01341	0.15771	0.38695	0.01534	0.02201	0.01520	0.01755	0.01851	0.01428	0.02015	0.01899	0.20057	0.01867	0.01042	0.00675	0.00221	0.00793	0.00867	0.03593	0.00874
52	0.01031	0.00759	0.00970	0.00909	0.01087	0.00721	0.00684	0.01456	0.05912	0.02805	0.66817	0.05061	0.06326	0.01399	0.00816	0.00220	0.00342	0.01235	0.00765	0.00684
53	0.02440	0.01708	0.01870	0.01498	0.02004	0.01873	0.01216	0.39739	0.23401	0.13414	0.02182	0.02057	0.01551	0.00875	0.00702	0.00219	0.00678	0.00688	0.00725	0.01162
54	0.01015	0.00677	0.00761	0.00761	0.00761	0.00677	0.00423	0.01015	0.01015	0.01353	0.02199	0.04567	0.02537	0.75476	0.03552	0.00677	0.00677	0.01015	0.00423	0.00423
55	0.00997	0.00748	0.01121	0.01121	0.01246	0.00872	0.00872	0.01246	0.01121	0.01620	0.01869	0.02741	0.01745	0.05234	0.72710	0.01121	0.01869	0.00748	0.00374	0.00623
56	0.01692	0.01622	0.02769	0.10238	0.65442	0.01649	0.02124	0.02111	0.01572	0.02237	0.01306	0.01739	0.01090	0.00628	0.00691	0.00209	0.00838	0.00622	0.00342	0.01077
57	0.00997	0.00748	0.01121	0.01121	0.01246	0.00872	0.00872	0.01246	0.01121	0.01620	0.01869	0.02741	0.01745	0.05234	0.72710	0.01121	0.01869	0.00748	0.00374	0.00623
58	0.65429	0.01730	0.01209	0.01087	0.01505	0.15253	0.00870	0.02193	0.01340	0.02857	0.00992	0.01158	0.00783	0.00662	0.00470	0.00209	0.00678	0.00392	0.00418	0.00766
59	0.65438	0.01466	0.01231	0.01050	0.01506	0.01681	0.00866	0.14899	0.01591	0.03375	0.01107	0.01238	0.00839	0.00684	0.00483	0.00215	0.00584	0.00426	0.00483	0.00839
60	0.02209	0.01864	0.01635	0.01450	0.01819	0.22498	0.01153	0.13775	0.07716	0.14531	0.02413	0.03270	0.04703	0.04215	0.00856	0.00246	0.00821	0.13317	0.00603	0.00907
61	0.02438	0.01304	0.01555	0.01229	0.01713	0.01254	0.01001	0.19422	0.04979	0.35467	0.03251	0.03004	0.14881	0.01020	0.00717	0.00214	0.00587	0.00823	0.00755	0.04386
62	0.01091	0.00739	0.00886	0.00907	0.01030	0.00694	0.00611	0.01277	0.04210	0.05782	0.03589	0.33687	0.12919	0.24223	0.01657	0.00383	0.00502	0.01428	0.00585	0.03799

[dist]
# distance from previous block
# <min> <max>
0	2

[block]
# block no. 8 follows, 30 sequences, length 82
# corresponding to MSA columns:
# 568-590,593-651
name=unknown_I
#
# <colnr> <probs for GDERKNQSTAVLIFYWHMCP>
#	G	D	E	R	K	N	Q	S	T	A	V	L	I	F	Y	W	H	M	C	P
0	0.01679	0.01609	0.02746	0.12418	0.63362	0.01645	0.02118	0.02100	0.01566	0.02222	0.01304	0.01743	0.01085	0.00631	0.00692	0.00210	0.00841	0.00622	0.00341	0.01067
1	0.06042	0.01233	0.01614	0.01539	0.09353	0.01195	0.01105	0.12262	0.02075	0.31258	0.17654	0.03090	0.02752	0.01010	0.00729	0.00221	0.00587	0.04550	0.00727	0.01008
2	0.01900	0.01648	0.02005	0.15869	0.11394	0.06551	0.01445	0.17963	0.07623	0.04563	0.01494	0.01732	0.01152	0.00751	0.00772	0.00201	0.05973	0.00587	0.00478	0.15901
3	0.01141	0.00743	0.01042	0.01020	0.01127	0.00810	0.00746	0.01284	0.01128	0.05521	0.01950	0.03132	0.01901	0.22503	0.45494	0.07276	0.01393	0.00801	0.00409	0.00579
4	0.10284	0.01339	0.01177	0.01155	0.01364	0.14314	0.00896	0.01852	0.04829	0.02212	0.02309	0.12740	0.02264	0.04030	0.00875	0.00247	0.04836	0.12151	0.20427	0.00699
5	0.01605	0.01617	0.02141	0.01976	0.06755	0.05333	0.01533	0.01903	0.05903	0.01809	0.01085	0.01603	0.01013	0.01137	0.01991	0.00288	0.60542	0.00616	0.00339	0.00813
6	0.01400	0.03610	0.71860	0.01989	0.03020	0.01621	0.02578	0.02210	0.01473	0.02210	0.01252	0.01473	0.00884	0.00663	0.00663	0.00221	0.01031	0.00516	0.00295	0.01031
7	0.01017	0.00736	0.00971	0.01074	0.01189	0.00731	0.00831	0.01275	0.03241	0.01934	0.07413	0.26306	0.07212	0.10655	0.06302	0.00396	0.00630	0.26876	0.00609	0.00604
8	0.02766	0.01773	0.01982	0.01519	0.02073	0.01895	0.01255	0.53322	0.02977	0.20301	0.01930	0.01841	0.01315	0.00844	0.00699	0.00211	0.00727	0.00646	0.00737	0.01187
9	0.00852	0.00631	0.00797	0.00918	0.01001	0.00575	0.00626	0.00994	0.01414	0.01850	0.07679	0.58933	0.17038	0.02072	0.00875	0.00271	0.00392	0.01854	0.00654	0.00575
10	0.01318	0.01240	0.02093	0.73798	0.04806	0.01550	0.01938	0.01783	0.01395	0.01783	0.01240	0.01860	0.00930	0.00698	0.00698	0.00233	0.00930	0.00620	0.00310	0.00775
11	0.00928	0.00704	0.00862	0.00925	0.01053	0.00662	0.00654	0.01217	0.05667	0.02090	0.18851	0.41872	0.18201	0.01863	0.00852	0.00257	0.00387	0.01653	0.00678	0.00624
12	0.00896	0.00642	0.00851	0.00941	0.01022	0.00597	0.00651	0.01086	0.01548	0.02118	0.26021	0.51884	0.05268	0.01934	0.00868	0.00262	0.00380	0.01745	0.00688	0.00597
13	0.00893	0.00632	0.00824	0.00953	0.01000	0.00598	0.00640	0.01017	0.01335	0.01786	0.06841	0.58515	0.04390	0.12395	0.01263	0.00337	0.00451	0.04953	0.00622	0.00555
14	0.01409	0.01411	0.01574	0.01443	0.01623	0.15067	0.04909	0.01640	0.01328	0.01693	0.01717	0.08049	0.01657	0.03291	0.39081	0.00708	0.11551	0.00774	0.00382	0.00692
15	0.02381	0.01425	0.01892	0.04437	0.14825	0.01443	0.01309	0.14016	0.12994	0.30242	0.02322	0.05971	0.01709	0.00891	0.00710	0.00221	0.00662	0.00753	0.00684	0.01112
16	0.01328	0.00821	0.00979	0.00900	0.01163	0.00733	0.00688	0.01634	0.04539	0.14800	0.24134	0.10053	0.32550	0.01502	0.00802	0.00231	0.00402	0.01280	0.00724	0.00737
17	0.01750	0.01301	0.01852	0.05718	0.14815	0.03001	0.06680	0.07888	0.05091	0.12185	0.02804	0.03709	0.09626	0.01096	0.00759	0.00236	0.00696	0.13919	0.05970	0.00905
18	0.01772	0.01486	0.01839	0.01575	0.01956	0.06350	0.10351	0.09260	0.26160	0.07623	0.02649	0.14574	0.02368	0.01165	0.00773	0.00244	0.00697	0.07587	0.00630	0.00942
19	0.01679	0.01236	0.01314	0.01161	0.01512	0.01338	0.00909	0.10722	0.32835	0.06776	0.03379	0.03243	0.14721	0.01057	0.00689	0.00219	0.00503	0.00867	0.14899	0.00941
20	0.05850	0.01193	0.01599	0.01230	0.01766	0.01045	0.01016	0.03353	0.01969	0.69196	0.02690	0.02331	0.01693	0.00856	0.00692	0.00216	0.00592	0.00690	0.00849	0.01172
21	0.02899	0.01664	0.01837	0.01431	0.01963	0.07239	0.01171	0.29300	0.02505	0.39317	0.02191	0.02008	0.01446	0.00842	0.00694	0.00210	0.00716	0.00652	0.00757	0.01157
22	0.01669	0.01599	0.02728	0.14075	0.61781	0.01643	0.02113	0.02091	0.01562	0.02210	0.01302	0.01746	0.01081	0.00632	0.00692	0.00211	0.00843	0.00622	0.00340	0.01059
23	0.01208	0.00825	0.01205	0.01157	0.01309	0.00950	0.00910	0.01456	0.01200	0.07283	0.01899	0.02638	0.01697	0.04513	0.60612	0.00972	0.05853	0.00733	0.02904	0.00677
24	0.07987	0.01650	0.02965	0.11263	0.39368	0.01669	0.20589	0.02121	0.01552	0.02281	0.01305	0.01737	0.01045	0.00623	0.00708	0.00219	0.00914	0.00658	0.00351	0.00995
25	0.01481	0.01406	0.02387	0.46162	0.31171	0.01593	0.02019	0.01926	0.01472	0.01980	0.01269	0.01807	0.01000	0.00667	0.00695	0.00222	0.00890	0.00621	0.00324	0.00906
26	0.04042	0.01136	0.01341	0.01167	0.01424	0.01257	0.00930	0.12497	0.07224	0.06644	0.18348	0.03348	0.11144	0.01377	0.04731	0.00274	0.11568	0.00893	0.09839	0.00816
27	0.00948	0.00726	0.00879	0.00881	0.01072	0.00656	0.00688	0.01218	0.01765	0.02328	0.34977	0.06239	0.30794	0.01642	0.00848	0.00243	0.00392	0.12373	0.00701	0.00629
28	0.01132	0.01652	0.20532	0.05263	0.06123	0.01062	0.05169	0.01556	0.01606	0.02141	0.13505	0.04241	0.30813	0.01225	0.00766	0.00227	0.00641	0.01049	0.00516	0.00781
29	0.01447	0.01240	0.01447	0.01034	0.01654	0.00930	0.00827	0.01757	0.01447	0.02274	0.01240	0.01447	0.01034	0.00517	0.00517	0.00103	0.00517	0.00413	0.00413	0.79742
30	0.00888	0.00630	0.00827	0.00959	0.01001	0.00604	0.00641	0.01005	0.01289	0.01723	0.03520	0.59751	0.04173	0.12577	0.04582	0.00378	0.00518	0.03778	0.00603	0.00552
31	0.01147	0.00778	0.00940	0.00952	0.01125	0.00736	0.00700	0.06018	0.01675	0.05617	0.14599	0.34253	0.17486	0.01720	0.00819	0.00249	0.00421	0.03977	0.06120	0.00668
32	0.02447	0.01756	0.01875	0.01460	0.01959	0.01934	0.01199	0.58581	0.03005	0.04125	0.01767	0.01816	0.01278	0.00834	0.00666	0.00202	0.00701	0.00632	0.12659	0.01105
33	0.01136	0.00667	0.00759	0.00794	0.00942	0.00629	0.00573	0.01374	0.01490	0.04679	0.07395	0.26201	0.12949	0.01422	0.00690	0.00216	0.00364	0.01227	0.35859	0.00635
34	0.02644	0.02210	0.02073	0.01641	0.02163	0.15289	0.01330	0.56508	0.03038	0.03897	0.01564	0.01598	0.01133	0.00816	0.00685	0.00204	0.00859	0.00595	0.00635	0.01116
35	0.01197	0.00761	0.00935	0.00861	0.01087	0.00680	0.00657	0.01479	0.01850	0.10180	0.42844	0.05172	0.22992	0.01425	0.00794	0.00221	0.00365	0.01226	0.04575	0.00698
36	0.01866	0.75896	0.03657	0.01194	0.01791	0.02761	0.01194	0.02090	0.01418	0.01642	0.00970	0.01119	0.00896	0.00597	0.00448	0.00149	0.00746	0.00373	0.00299	0.00896
37	0.01015	0.00677	0.00761	0.00761	0.00761	0.00677	0.00423	0.01015	0.01015	0.01353	0.02199	0.04567	0.02537	0.75476	0.03552	0.00677	0.00677	0.01015	0.00423	0.00423
38	0.00997	0.00748	0.01121	0.01121	0.01246	0.00872	0.00872	0.01246	0.01121	0.01620	0.01869	0.02741	0.01745	0.05234	0.72710	0.01121	0.01869	0.00748	0.00374	0.00623
39	0.00977	0.00707	0.00860	0.00822	0.01002	0.00642	0.00616	0.01272	0.01849	0.02580	0.51151	0.05335	0.20421	0.01453	0.00796	0.00218	0.00334	0.01259	0.07061	0.00642
40	0.01318	0.01240	0.02093	0.73798	0.04806	0.01550	0.01938	0.01783	0.01395	0.01783	0.01240	0.01860	0.00930	0.00698	0.00698	0.00233	0.00930	0.00620	0.00310	0.00775
41	0.00942	0.00706	0.00880	0.00897	0.01060	0.00644	0.00679	0.01200	0.01739	0.02333	0.36914	0.16657	0.21916	0.01686	0.00850	0.00245	0.00383	0.08939	0.00705	0.00625
42	0.00993	0.00662	0.00788	0.00815	0.00833	0.00651	0.00489	0.01019	0.01127	0.01513	0.06597	0.17592	0.03099	0.53521	0.02848	0.04726	0.00601	0.01189	0.00479	0.00458
43	0.00981	0.00708	0.00927	0.00882	0.01041	0.00654	0.00658	0.01300	0.01944	0.02749	0.67522	0.08585	0.06489	0.01463	0.00826	0.00223	0.00333	0.01297	0.00762	0.00654
44	0.01589	0.01649	0.03171	0.20797	0.20121	0.01684	0.32445	0.02178	0.05153	0.02170	0.01420	0.01877	0.01094	0.00642	0.00754	0.00228	0.00999	0.00722	0.00359	0.00948
45	0.00939	0.00711	0.00866	0.00827	0.01013	0.00638	0.00620	0.01223	0.01861	0.02526	0.51783	0.05660	0.25726	0.01528	0.00824	0.00224	0.00336	0.01325	0.00732	0.00638
46	0.01273	0.01032	0.01394	0.01589	0.13206	0.01066	0.00998	0.05138	0.07431	0.02413	0.26918	0.12912	0.06323	0.09965	0.01189	0.00285	0.04388	0.01116	0.00603	0.00764
47	0.01760	0.27320	0.14734	0.01583	0.05353	0.07623	0.01449	0.04323	0.09128	0.04672	0.01469	0.01695	0.01203	0.01353	0.10855	0.00324	0.03294	0.00544	0.00396	0.00923
48	0.02251	0.12350	0.02127	0.01592	0.05535	0.14893	0.01229	0.33930	0.02403	0.03041	0.01715	0.01936	0.03857	0.05317	0.00817	0.00222	0.00815	0.00616	0.04375	0.00978
49	0.02057	0.01222	0.01585	0.01372	0.07244	0.01031	0.01002	0.02423	0.04214	0.27590	0.07426	0.02152	0.01777	0.00740	0.00630	0.00167	0.00556	0.00617	0.00611	0.35584
50	0.01243	0.01946	0.28030	0.01506	0.02039	0.01167	0.06850	0.04914	0.01615	0.02245	0.11725	0.15507	0.10031	0.04646	0.00899	0.00258	0.00727	0.03341	0.00498	0.00813
51	0.16597	0.01845	0.09059	0.04176	0.11390	0.04123	0.28142	0.03851	0.01567	0.02403	0.01577	0.02110	0.03340	0.00747	0.00748	0.00230	0.02720	0.04082	0.00393	0.00902
52	0.01446	0.00794	0.00825	0.00785	0.00998	0.00820	0.00599	0.01999	0.11061	0.05833	0.02377	0.02591	0.01834	0.00834	0.00529	0.00175	0.00369	0.00672	0.64718	0.00739
53	0.01801	0.01633	0.02769	0.04123	0.67481	0.01625	0.02083	0.02208	0.01610	0.05921	0.01388	0.01761	0.01138	0.00634	0.00691	0.00208	0.00817	0.00626	0.00373	0.01110
54	0.01746	0.29819	0.05472	0.12208	0.09664	0.06213	0.07409	0.02067	0.01494	0.05495	0.01423	0.07410	0.01281	0.00798	0.00707	0.00202	0.04690	0.00644	0.00372	0.00886
55	0.01055	0.00789	0.00951	0.00956	0.01121	0.00757	0.00695	0.06606	0.03471	0.02350	0.24634	0.33229	0.17277	0.01737	0.00838	0.00248	0.00405	0.01529	0.00690	0.00662
