[name]
unknown

[dist]
# distance from previous block
# <min> <max>
0	309

[block]
# block no. 0 follows, 29 sequences, length 45
# corresponding to MSA columns:
# 309-353
name=unknown_A
#
# <colnr> <probs for GDERKNQSTAVLIFYWHMCP>
#	G	D	E	R	K	N	Q	S	T	A	V	L	I	F	Y	W	H	M	C	P
0	0.01115	0.00797	0.01108	0.01261	0.01414	0.00790	0.01079	0.01425	0.01635	0.02142	0.07328	0.13788	0.04292	0.01963	0.00969	0.00319	0.00617	0.56643	0.00663	0.00650
1	0.01714	0.46857	0.30620	0.01541	0.02327	0.02354	0.01781	0.02181	0.01469	0.01906	0.01105	0.01286	0.00909	0.00636	0.00544	0.00181	0.00877	0.00439	0.00303	0.00969
2	0.25183	0.01577	0.01971	0.02297	0.24269	0.04274	0.04409	0.09668	0.05350	0.02872	0.07552	0.04373	0.01693	0.00814	0.00651	0.00220	0.00709	0.00677	0.00489	0.00953
3	0.12527	0.01433	0.01462	0.01208	0.01642	0.07540	0.00971	0.11486	0.05578	0.29340	0.02180	0.02125	0.01521	0.00830	0.00628	0.00206	0.00623	0.00634	0.17065	0.01001
4	0.01266	0.01125	0.01932	0.01533	0.01827	0.01081	0.20915	0.01517	0.01287	0.01780	0.01860	0.03247	0.01865	0.34558	0.13696	0.00577	0.01028	0.00878	0.00401	0.07628
5	0.01002	0.00679	0.00796	0.00824	0.00842	0.00668	0.00489	0.01046	0.01156	0.01551	0.06608	0.17830	0.03234	0.56918	0.02948	0.00587	0.00617	0.01236	0.00496	0.00473
6	0.01297	0.01014	0.01113	0.01031	0.01265	0.03593	0.00783	0.05357	0.12954	0.02789	0.39047	0.07565	0.09352	0.01317	0.00778	0.00223	0.00437	0.01133	0.08180	0.00771
7	0.43830	0.01583	0.01506	0.01249	0.01702	0.01814	0.01028	0.26546	0.01996	0.03530	0.01302	0.01463	0.00993	0.00997	0.04277	0.00269	0.03944	0.00510	0.00533	0.00928
8	0.01447	0.01370	0.02321	0.56393	0.20976	0.01609	0.02028	0.01909	0.01472	0.01943	0.01284	0.01865	0.00993	0.00693	0.00710	0.00231	0.00924	0.00633	0.00325	0.00874
9	0.06159	0.01747	0.01999	0.01936	0.12108	0.01940	0.01363	0.31363	0.27251	0.03548	0.02056	0.02038	0.01531	0.00853	0.00702	0.00224	0.00700	0.00687	0.00650	0.01145
10	0.01506	0.15391	0.60258	0.01897	0.02877	0.01844	0.02400	0.02235	0.01494	0.02160	0.01231	0.01444	0.00904	0.00666	0.00641	0.00214	0.01005	0.00502	0.00301	0.01030
11	0.00868	0.00620	0.00826	0.00991	0.01033	0.00578	0.00661	0.00991	0.01363	0.01818	0.03925	0.74510	0.04710	0.02231	0.00909	0.00289	0.00413	0.02024	0.00661	0.00578
12	0.00858	0.00657	0.00787	0.00892	0.01007	0.00587	0.00617	0.01003	0.01459	0.01857	0.05140	0.49513	0.28923	0.02073	0.00884	0.00271	0.00394	0.01832	0.00661	0.00587
13	0.02255	0.18744	0.17680	0.01533	0.02158	0.13259	0.01497	0.06186	0.04829	0.19785	0.04244	0.01827	0.01417	0.00775	0.00642	0.00201	0.00848	0.00578	0.00520	0.01023
14	0.01237	0.00618	0.00928	0.00928	0.00928	0.00618	0.00618	0.00928	0.00928	0.01237	0.01237	0.02165	0.01237	0.02474	0.02783	0.79283	0.00618	0.00618	0.00309	0.00309
15	0.00956	0.00688	0.00906	0.00931	0.01052	0.00638	0.00668	0.01214	0.01776	0.02474	0.45822	0.30742	0.05981	0.01741	0.00865	0.00248	0.00364	0.01558	0.00739	0.00638
16	0.02660	0.03394	0.02018	0.01834	0.02201	0.72116	0.01376	0.02843	0.02018	0.01743	0.01101	0.01284	0.00917	0.00734	0.00642	0.00183	0.01284	0.00459	0.00367	0.00825
17	0.04759	0.08614	0.11388	0.05675	0.07067	0.06138	0.01542	0.24001	0.12758	0.06161	0.01689	0.01778	0.01258	0.00804	0.00726	0.00217	0.03201	0.00611	0.00542	0.01070
18	0.01497	0.01153	0.01318	0.01233	0.01509	0.01270	0.00935	0.05483	0.31957	0.05588	0.03110	0.15016	0.07219	0.06352	0.12595	0.00421	0.00763	0.01052	0.00643	0.00885
19	0.00915	0.00651	0.00801	0.00900	0.00949	0.00614	0.00580	0.01008	0.01291	0.01697	0.03748	0.46881	0.10577	0.23972	0.01715	0.00404	0.00491	0.01676	0.00592	0.00537
20	0.23356	0.02452	0.15977	0.04347	0.10081	0.20348	0.04612	0.04628	0.01659	0.04633	0.01230	0.01449	0.00944	0.00693	0.00617	0.00212	0.00933	0.00510	0.00398	0.00921
21	0.00887	0.00640	0.00840	0.00966	0.01034	0.00593	0.00657	0.01043	0.01469	0.01971	0.13582	0.61572	0.07906	0.02101	0.00896	0.00278	0.00400	0.01895	0.00679	0.00593
22	0.02328	0.02428	0.02252	0.06778	0.19318	0.30677	0.01597	0.18084	0.05181	0.02595	0.01394	0.01602	0.01097	0.00747	0.00682	0.00203	0.01005	0.00571	0.00458	0.01003
23	0.00908	0.00689	0.00837	0.00873	0.01021	0.00618	0.00627	0.01123	0.01672	0.02211	0.27939	0.29103	0.26143	0.01827	0.00864	0.00251	0.00370	0.01604	0.00704	0.00618
24	0.01934	0.09199	0.19854	0.01608	0.02237	0.01903	0.01566	0.16199	0.29704	0.05369	0.02057	0.02017	0.01518	0.00832	0.00684	0.00223	0.00754	0.00657	0.00579	0.01107
25	0.01581	0.01507	0.02563	0.34271	0.42049	0.01644	0.02095	0.02026	0.01536	0.02106	0.01307	0.01821	0.01050	0.00668	0.00708	0.00223	0.00891	0.00634	0.00337	0.00982
26	0.00916	0.00732	0.00825	0.00825	0.01039	0.00641	0.00635	0.01153	0.01732	0.02198	0.24094	0.06546	0.46580	0.01724	0.00855	0.00244	0.00382	0.07559	0.00694	0.00626
27	0.01506	0.15490	0.60165	0.01896	0.02875	0.01845	0.02398	0.02235	0.01494	0.02160	0.01230	0.01444	0.00904	0.00665	0.00640	0.00213	0.01004	0.00502	0.00301	0.01030
28	0.01706	0.13996	0.07194	0.02666	0.03383	0.01960	0.54066	0.02255	0.01634	0.02181	0.01360	0.01775	0.01045	0.00605	0.00770	0.00225	0.01122	0.00751	0.00348	0.00957
29	0.09511	0.00757	0.00741	0.00717	0.00916	0.00774	0.00541	0.01732	0.01459	0.04888	0.02197	0.02594	0.01753	0.04589	0.00658	0.00200	0.00382	0.00656	0.64254	0.00681
30	0.02694	0.01403	0.01659	0.01299	0.01790	0.01405	0.01064	0.26798	0.02423	0.34916	0.02323	0.02203	0.01572	0.00863	0.00677	0.00209	0.00624	0.00680	0.14283	0.01117
31	0.02682	0.02747	0.02073	0.01744	0.02205	0.39815	0.01365	0.33022	0.02632	0.03011	0.01382	0.01481	0.01053	0.00790	0.00675	0.00197	0.01053	0.00543	0.00526	0.01004
32	0.80005	0.01377	0.01047	0.00936	0.01377	0.01597	0.00771	0.02093	0.01212	0.03195	0.00991	0.01157	0.00771	0.00661	0.00441	0.00220	0.00551	0.00386	0.00441	0.00771
33	0.02891	0.01123	0.01492	0.01169	0.01657	0.00984	0.00957	0.03176	0.01949	0.59910	0.02730	0.02461	0.01773	0.00873	0.00681	0.00211	0.00561	0.00708	0.13571	0.01123
34	0.00897	0.00724	0.00799	0.00780	0.00996	0.00625	0.00585	0.01130	0.01755	0.02237	0.28379	0.06337	0.48883	0.01686	0.00841	0.00235	0.00352	0.01430	0.00702	0.00625
35	0.01017	0.00763	0.01144	0.01144	0.01272	0.00890	0.00890	0.01272	0.01144	0.01653	0.01907	0.02797	0.01780	0.05340	0.72153	0.01144	0.01907	0.00763	0.00381	0.00636
36	0.00984	0.00705	0.00813	0.00887	0.01024	0.00663	0.00626	0.01260	0.05138	0.02047	0.04532	0.39860	0.22530	0.01813	0.00813	0.00253	0.00393	0.01589	0.13441	0.00628
37	0.01681	0.01921	0.04202	0.03001	0.03721	0.01801	0.67947	0.02281	0.01681	0.02281	0.01441	0.01921	0.01080	0.00600	0.00840	0.00240	0.01200	0.00840	0.00360	0.00960
38	0.01238	0.00746	0.00929	0.00955	0.01139	0.00661	0.00688	0.01404	0.01551	0.13102	0.04728	0.42529	0.23855	0.01883	0.00857	0.00263	0.00429	0.01655	0.00697	0.00688
39	0.01276	0.00764	0.00974	0.00990	0.01180	0.00686	0.00733	0.01473	0.01617	0.13268	0.11298	0.36137	0.18680	0.01819	0.00861	0.00263	0.00442	0.06126	0.00709	0.00702
40	0.01904	0.75404	0.03731	0.01218	0.01828	0.02818	0.01218	0.02132	0.01447	0.01675	0.00990	0.01142	0.00914	0.00609	0.00457	0.00152	0.00761	0.00381	0.00305	0.00914
41	0.12459	0.01279	0.01375	0.01204	0.01554	0.05400	0.02876	0.05820	0.12887	0.13796	0.11406	0.06526	0.10210	0.01194	0.00815	0.03847	0.00583	0.03071	0.02830	0.00865
42	0.00947	0.00685	0.00897	0.00941	0.01059	0.00635	0.00676	0.01189	0.01718	0.02366	0.38210	0.34287	0.08212	0.01807	0.00873	0.00255	0.00378	0.03510	0.00724	0.00630
43	0.01120	0.00872	0.01154	0.01103	0.01144	0.01026	0.00793	0.01233	0.01094	0.01546	0.01972	0.06707	0.02130	0.36663	0.24047	0.00739	0.14766	0.00921	0.00404	0.00565
44	0.24900	0.01325	0.01742	0.01354	0.01862	0.01273	0.11876	0.01878	0.01377	0.02466	0.01317	0.01670	0.01093	0.01365	0.12245	0.00332	0.00870	0.00536	0.00411	0.30108

[dist]
# distance from previous block
# <min> <max>
0	2

[block]
# block no. 1 follows, 29 sequences, length 66
# corresponding to MSA columns:
# 356-421
name=unknown_B
#
# <colnr> <probs for GDERKNQSTAVLIFYWHMCP>
#	G	D	E	R	K	N	Q	S	T	A	V	L	I	F	Y	W	H	M	C	P
0	0.20107	0.10645	0.01873	0.01386	0.01797	0.17709	0.01129	0.15994	0.01876	0.04371	0.01362	0.01613	0.01109	0.01505	0.12448	0.00357	0.02843	0.00532	0.00463	0.00881
1	0.01632	0.01610	0.02895	0.23453	0.41100	0.01679	0.12993	0.02099	0.01576	0.02177	0.01335	0.01827	0.01070	0.00651	0.00729	0.00223	0.00933	0.00668	0.00344	0.01006
2	0.01274	0.00935	0.01129	0.01004	0.01244	0.00919	0.00774	0.12284	0.02204	0.03052	0.54091	0.04844	0.10693	0.01384	0.00819	0.00224	0.00411	0.01198	0.00763	0.00755
3	0.01597	0.01208	0.01562	0.01160	0.01713	0.00962	0.04590	0.01928	0.01637	0.09852	0.12749	0.02235	0.02062	0.00722	0.00617	0.00145	0.00542	0.00619	0.00528	0.53572
4	0.01020	0.00721	0.00963	0.01102	0.01192	0.00704	0.00844	0.01216	0.01437	0.01891	0.03594	0.33728	0.04105	0.13425	0.01365	0.00369	0.00565	0.30548	0.00623	0.00590
5	0.09097	0.01443	0.01794	0.01817	0.13046	0.05482	0.01246	0.07314	0.01868	0.22801	0.14849	0.02525	0.02321	0.00967	0.00915	0.00229	0.09938	0.00750	0.00621	0.00978
6	0.01784	0.01843	0.02517	0.24915	0.39272	0.13295	0.01988	0.02183	0.01627	0.02076	0.01278	0.01725	0.01039	0.00674	0.00697	0.00215	0.00950	0.00605	0.00344	0.00975
7	0.01198	0.00776	0.00975	0.00897	0.01120	0.00695	0.00683	0.01495	0.01934	0.09688	0.49818	0.05347	0.19725	0.01470	0.00827	0.00227	0.00369	0.01275	0.00768	0.00713
8	0.01896	0.01958	0.02719	0.06398	0.56913	0.13324	0.02044	0.02281	0.01680	0.02212	0.01297	0.01688	0.01087	0.00654	0.00695	0.00208	0.00922	0.00605	0.00354	0.01066
9	0.01202	0.00631	0.00902	0.00902	0.00902	0.00631	0.00586	0.00946	0.00946	0.01262	0.01411	0.02596	0.01471	0.15018	0.02929	0.65684	0.00631	0.00691	0.00330	0.00330
10	0.31037	0.02571	0.01648	0.01484	0.01885	0.43561	0.01142	0.02592	0.01723	0.04908	0.01126	0.01281	0.00896	0.00713	0.00571	0.00198	0.00989	0.00442	0.00413	0.00820
11	0.02422	0.01214	0.01494	0.01198	0.01628	0.01171	0.00969	0.16585	0.02246	0.34770	0.16128	0.02885	0.02655	0.00985	0.00714	0.00213	0.00556	0.00809	0.10323	0.01036
12	0.01938	0.01709	0.06275	0.08067	0.39547	0.01648	0.01850	0.06341	0.12265	0.10557	0.01767	0.01971	0.01345	0.00735	0.00709	0.00220	0.00789	0.00665	0.00487	0.01115
13	0.01098	0.00906	0.01243	0.04173	0.01410	0.01056	0.00954	0.01246	0.01283	0.01770	0.02879	0.41740	0.03345	0.08912	0.01533	0.00334	0.19218	0.05735	0.00535	0.00629
14	0.01565	0.24261	0.51904	0.01797	0.02722	0.01988	0.02226	0.02220	0.01487	0.02089	0.01195	0.01400	0.00905	0.00657	0.00614	0.00205	0.00969	0.00484	0.00302	0.01013
15	0.01020	0.00751	0.01084	0.01084	0.01190	0.00857	0.00814	0.01233	0.01126	0.01608	0.01963	0.03105	0.01914	0.16846	0.60830	0.01069	0.01706	0.00808	0.00390	0.00602
16	0.01470	0.03392	0.60202	0.02190	0.03188	0.01678	0.13423	0.02259	0.01533	0.02259	0.01305	0.01572	0.00931	0.00664	0.00704	0.00228	0.01077	0.00578	0.00310	0.01037
17	0.01179	0.00891	0.01184	0.01127	0.01199	0.01064	0.00850	0.01359	0.01177	0.01777	0.01958	0.06947	0.01957	0.19517	0.25845	0.00655	0.16556	0.00850	0.13284	0.00621
18	0.00897	0.00683	0.00829	0.00901	0.01038	0.00615	0.00649	0.01086	0.01574	0.02041	0.15851	0.36292	0.27486	0.01943	0.00879	0.00264	0.00396	0.05288	0.00681	0.00606
19	0.06062	0.01320	0.02016	0.01660	0.01940	0.01502	0.11815	0.02031	0.03458	0.12591	0.06402	0.02605	0.03921	0.01741	0.12358	0.00401	0.23683	0.03159	0.00492	0.00844
20	0.02660	0.03394	0.02018	0.01834	0.02201	0.72116	0.01376	0.02843	0.02018	0.01743	0.01101	0.01284	0.00917	0.00734	0.00642	0.00183	0.01284	0.00459	0.00367	0.00825
21	0.01017	0.00763	0.01144	0.01144	0.01272	0.00890	0.00890	0.01272	0.01144	0.01653	0.01907	0.02797	0.01780	0.05340	0.72153	0.01144	0.01907	0.00763	0.00381	0.00636
22	0.01762	0.01692	0.02890	0.04371	0.70533	0.01692	0.02185	0.02185	0.01621	0.02326	0.01339	0.01762	0.01128	0.00634	0.00705	0.00211	0.00846	0.00634	0.00352	0.01128
23	0.00892	0.00638	0.00848	0.00975	0.01038	0.00595	0.00663	0.01052	0.01476	0.01997	0.15385	0.62539	0.05057	0.02097	0.00897	0.00278	0.00400	0.01897	0.00682	0.00595
24	0.00863	0.00636	0.00809	0.00947	0.01021	0.00582	0.00641	0.00996	0.01406	0.01835	0.04464	0.63407	0.15465	0.02161	0.00898	0.00281	0.00405	0.01939	0.00661	0.00582
25	0.01681	0.01921	0.04202	0.03001	0.03721	0.01801	0.67947	0.02281	0.01681	0.02281	0.01441	0.01921	0.01080	0.00600	0.00840	0.00240	0.01200	0.00840	0.00360	0.00960
26	0.02524	0.01919	0.02289	0.01768	0.02315	0.10089	0.12256	0.31006	0.05272	0.17415	0.02076	0.02074	0.03901	0.00844	0.00731	0.00218	0.00850	0.00707	0.00647	0.01098
27	0.01682	0.00900	0.01183	0.01026	0.01316	0.00823	0.00799	0.02062	0.04502	0.22993	0.47787	0.04366	0.05087	0.01268	0.00799	0.00224	0.00424	0.01101	0.00810	0.00848
28	0.01036	0.00690	0.00777	0.00777	0.00777	0.00690	0.00431	0.01036	0.01036	0.01381	0.02244	0.04660	0.02589	0.74975	0.03624	0.00690	0.00690	0.01036	0.00431	0.00431
29	0.14897	0.14033	0.02192	0.02008	0.16425	0.20157	0.01340	0.02495	0.11257	0.02282	0.01713	0.01849	0.04993	0.00773	0.00615	0.00202	0.00830	0.00579	0.00433	0.00926
30	0.01898	0.04990	0.10215	0.05936	0.42258	0.01564	0.01912	0.02318	0.01646	0.13451	0.01702	0.05986	0.01395	0.00773	0.00705	0.00217	0.00805	0.00704	0.00447	0.01079
31	0.01205	0.00964	0.01439	0.01278	0.01448	0.01027	0.08950	0.01469	0.01490	0.02195	0.13784	0.22587	0.05358	0.03868	0.01123	0.00262	0.12440	0.01191	0.17234	0.00687
32	0.37983	0.11740	0.01909	0.01471	0.04618	0.21536	0.03219	0.06102	0.01622	0.02598	0.01091	0.01271	0.00880	0.00683	0.00538	0.00201	0.00830	0.00445	0.00412	0.00851
33	0.01018	0.00921	0.01348	0.01137	0.01441	0.00815	0.11708	0.01302	0.01721	0.02193	0.20443	0.05692	0.44502	0.01526	0.00841	0.00237	0.00494	0.01345	0.00639	0.00676
34	0.01849	0.10050	0.09307	0.02337	0.21623	0.01813	0.01640	0.10905	0.01727	0.05242	0.01326	0.01607	0.01075	0.00757	0.00913	0.00206	0.12669	0.00563	0.00416	0.13975
35	0.01762	0.01692	0.02890	0.04371	0.70533	0.01692	0.02185	0.02185	0.01621	0.02326	0.01339	0.01762	0.01128	0.00634	0.00705	0.00211	0.00846	0.00634	0.00352	0.01128
36	0.01441	0.06243	0.02005	0.01625	0.01701	0.01878	0.01351	0.01631	0.01177	0.01763	0.05006	0.01991	0.01428	0.02043	0.16239	0.00464	0.50236	0.00673	0.00352	0.00753
37	0.00910	0.00738	0.00817	0.00838	0.01057	0.00645	0.00655	0.01132	0.01670	0.02062	0.13682	0.06875	0.52290	0.01791	0.00865	0.00253	0.00406	0.12021	0.00674	0.00618
38	0.01745	0.39321	0.22525	0.01459	0.02185	0.06164	0.01572	0.02155	0.01500	0.01945	0.01121	0.01305	0.00933	0.00623	0.00541	0.00168	0.00838	0.00433	0.00325	0.13142
39	0.00957	0.00726	0.00882	0.00843	0.01033	0.00650	0.00632	0.01246	0.01896	0.02571	0.50964	0.05787	0.26090	0.01562	0.00840	0.00229	0.00343	0.01353	0.00746	0.00650
40	0.01974	0.21738	0.15475	0.01943	0.02595	0.19947	0.16873	0.04867	0.01730	0.02067	0.01211	0.01456	0.00967	0.00657	0.00644	0.00194	0.01041	0.00544	0.00352	0.03723
41	0.06203	0.01633	0.02712	0.10786	0.60273	0.01676	0.02084	0.02145	0.01579	0.02327	0.01312	0.01741	0.01090	0.00643	0.00690	0.00214	0.00839	0.00620	0.00354	0.01075
42	0.00868	0.00620	0.00826	0.00991	0.01033	0.00578	0.00661	0.00991	0.01363	0.01818	0.03925	0.74510	0.04710	0.02231	0.00909	0.00289	0.00413	0.02024	0.00661	0.00578
43	0.01009	0.00818	0.00906	0.00868	0.01102	0.00763	0.00655	0.01458	0.09679	0.02373	0.28732	0.05825	0.40045	0.01584	0.00827	0.00235	0.00376	0.01346	0.00712	0.00687
44	0.01655	0.01582	0.02696	0.22101	0.53643	0.01664	0.02132	0.02091	0.01571	0.02196	0.01320	0.01797	0.01082	0.00654	0.00707	0.00218	0.00873	0.00634	0.00343	0.01041
45	0.67472	0.01350	0.01145	0.00990	0.01449	0.01508	0.00816	0.02318	0.01347	0.14263	0.01288	0.01363	0.00933	0.00697	0.00486	0.00220	0.00560	0.00440	0.00513	0.00843
46	0.01683	0.01611	0.02747	0.17421	0.58101	0.01671	0.02146	0.02116	0.01584	0.02230	0.01325	0.01788	0.01094	0.00649	0.00706	0.00216	0.00865	0.00634	0.00346	0.01064
47	0.01035	0.00757	0.01117	0.01117	0.01246	0.00877	0.00868	0.01294	0.01164	0.01710	0.01931	0.02789	0.01783	0.05082	0.68049	0.01088	0.01817	0.00757	0.04880	0.00637
48	0.01681	0.01921	0.04202	0.03001	0.03721	0.01801	0.67947	0.02281	0.01681	0.02281	0.01441	0.01921	0.01080	0.00600	0.00840	0.00240	0.01200	0.00840	0.00360	0.00960
49	0.01867	0.69896	0.08919	0.01281	0.01924	0.02728	0.01327	0.02142	0.01451	0.01720	0.01012	0.01170	0.00913	0.00614	0.00474	0.00158	0.00784	0.00392	0.00304	0.00924
50	0.02573	0.03249	0.02031	0.01837	0.02175	0.66611	0.01390	0.02754	0.01945	0.01740	0.01088	0.01306	0.00919	0.00774	0.00775	0.00194	0.06982	0.00472	0.00363	0.00822
51	0.00868	0.00620	0.00826	0.00991	0.01033	0.00578	0.00661	0.00991	0.01363	0.01818	0.03925	0.74510	0.04710	0.02231	0.00909	0.00289	0.00413	0.02024	0.00661	0.00578
52	0.01521	0.06727	0.65475	0.01963	0.02975	0.01680	0.02504	0.02299	0.01523	0.05043	0.01328	0.01525	0.00938	0.00682	0.00669	0.00222	0.01021	0.00528	0.00325	0.01053
53	0.01036	0.00690	0.00777	0.00777	0.00777	0.00690	0.00431	0.01036	0.01036	0.01381	0.02244	0.04660	0.02589	0.74975	0.03624	0.00690	0.00690	0.01036	0.00431	0.00431
54	0.00868	0.00620	0.00826	0.00991	0.01033	0.00578	0.00661	0.00991	0.01363	0.01818	0.03925	0.74510	0.04710	0.02231	0.00909	0.00289	0.00413	0.02024	0.00661	0.00578
55	0.01681	0.01921	0.04202	0.03001	0.03721	0.01801	0.67947	0.02281	0.01681	0.02281	0.01441	0.01921	0.01080	0.00600	0.00840	0.00240	0.01200	0.00840	0.00360	0.00960
56	0.01237	0.00618	0.00928	0.00928	0.00928	0.00618	0.00618	0.00928	0.00928	0.01237	0.01237	0.02165	0.01237	0.02474	0.02783	0.79283	0.00618	0.00618	0.00309	0.00309
57	0.01019	0.00733	0.00936	0.01042	0.01152	0.00707	0.00798	0.01208	0.01440	0.01866	0.03920	0.22210	0.12610	0.18220	0.01534	0.00388	0.00570	0.28457	0.00608	0.00581
58	0.01690	0.01618	0.02760	0.16291	0.59178	0.01673	0.02149	0.02122	0.01587	0.02239	0.01327	0.01786	0.01097	0.00648	0.00706	0.00216	0.00864	0.00634	0.00346	0.01070
59	0.34437	0.01523	0.06803	0.01241	0.01754	0.01435	0.01098	0.05548	0.01661	0.31047	0.01791	0.01753	0.01218	0.00795	0.00693	0.00226	0.04810	0.00557	0.00616	0.00994
60	0.01004	0.00694	0.00862	0.00889	0.00923	0.00714	0.00566	0.01078	0.01113	0.01510	0.02451	0.15810	0.02769	0.48341	0.17558	0.00719	0.00900	0.01142	0.00459	0.00499
61	0.01070	0.00709	0.00871	0.00849	0.00956	0.00703	0.00591	0.01285	0.01502	0.02191	0.28417	0.04360	0.03959	0.26039	0.10379	0.00480	0.00643	0.01039	0.13369	0.00587
62	0.01741	0.42868	0.27569	0.01529	0.02264	0.06193	0.01708	0.02184	0.01522	0.01933	0.03861	0.01446	0.01142	0.00674	0.00561	0.00183	0.00877	0.00473	0.00326	0.00949
63	0.01850	0.01888	0.13512	0.33834	0.03527	0.01763	0.01819	0.21155	0.05900	0.05554	0.01552	0.01844	0.01120	0.00769	0.00707	0.00228	0.00882	0.00631	0.00474	0.00991
64	0.01712	0.01653	0.02551	0.07739	0.06402	0.04603	0.20338	0.12832	0.01819	0.02443	0.04507	0.04742	0.07918	0.00993	0.01110	0.00248	0.16199	0.00836	0.00458	0.00897
65	0.14723	0.01116	0.01412	0.13593	0.02036	0.01183	0.01065	0.03726	0.01627	0.20151	0.07173	0.13891	0.08885	0.01174	0.00813	0.00241	0.04774	0.00958	0.00612	0.00847

[dist]
# distance from previous block
# <min> <max>
2	6

[block]
# block no. 2 follows, 29 sequences, length 15
# corresponding to MSA columns:
# 428-442
name=unknown_C
#
# <colnr> <probs for GDERKNQSTAVLIFYWHMCP>
#	G	D	E	R	K	N	Q	S	T	A	V	L	I	F	Y	W	H	M	C	P
0	0.01946	0.30096	0.04854	0.01362	0.01847	0.12812	0.01200	0.12411	0.08369	0.02438	0.11218	0.02223	0.04703	0.00869	0.00627	0.00191	0.00761	0.00650	0.00498	0.00925
1	0.01623	0.01329	0.01686	0.11649	0.13431	0.06116	0.01252	0.07449	0.01738	0.07373	0.11603	0.03397	0.08540	0.12376	0.01273	0.00301	0.04383	0.03132	0.00526	0.00823
2	0.05483	0.12317	0.07959	0.01748	0.09443	0.19484	0.01349	0.02381	0.07733	0.02180	0.01330	0.01507	0.01084	0.00661	0.00592	0.00171	0.00835	0.00490	0.00402	0.22853
3	0.01017	0.00763	0.01144	0.01144	0.01272	0.00890	0.00890	0.01272	0.01144	0.01653	0.01907	0.02797	0.01780	0.05340	0.72153	0.01144	0.01907	0.00763	0.00381	0.00636
4	0.02146	0.52342	0.03183	0.01416	0.01947	0.25011	0.01269	0.02360	0.01630	0.01697	0.01025	0.01188	0.00915	0.00649	0.00516	0.00162	0.00929	0.00406	0.00325	0.00886
5	0.23812	0.01280	0.01412	0.01088	0.01642	0.01159	0.00887	0.02397	0.01577	0.23896	0.01669	0.01682	0.01196	0.00674	0.00562	0.00173	0.00558	0.00503	0.00570	0.33264
6	0.01171	0.01059	0.01485	0.01303	0.01567	0.04455	0.11039	0.01445	0.01577	0.02061	0.13262	0.15406	0.17302	0.06125	0.08815	0.00368	0.00758	0.06030	0.00563	0.04209
7	0.12205	0.02335	0.33621	0.14580	0.02815	0.01552	0.01916	0.01966	0.01365	0.02177	0.01309	0.01729	0.01029	0.01435	0.11716	0.00374	0.06088	0.00569	0.00336	0.00884
8	0.01409	0.01331	0.02251	0.62708	0.14960	0.01599	0.02009	0.01875	0.01454	0.01897	0.01277	0.01878	0.00977	0.00700	0.00711	0.00233	0.00933	0.00633	0.00322	0.00843
9	0.01345	0.01266	0.02136	0.73264	0.04904	0.01582	0.01978	0.01819	0.01424	0.01819	0.01266	0.01898	0.00949	0.00712	0.00712	0.00237	0.00949	0.00633	0.00316	0.00791
10	0.01556	0.01323	0.01951	0.06189	0.29711	0.01342	0.01442	0.10911	0.01981	0.02747	0.24747	0.03299	0.07747	0.01023	0.00761	0.00219	0.00639	0.00913	0.00565	0.00933
11	0.01165	0.00887	0.01094	0.01122	0.01292	0.00924	0.00837	0.06085	0.10674	0.02212	0.06501	0.35366	0.08603	0.02355	0.11784	0.00405	0.00700	0.06641	0.00635	0.00717
12	0.39200	0.01260	0.01260	0.01050	0.01498	0.01322	0.00860	0.06287	0.01649	0.25880	0.01821	0.01816	0.01271	0.00769	0.00556	0.00213	0.00553	0.00549	0.11258	0.00929
13	0.14227	0.00962	0.01127	0.01309	0.10658	0.00932	0.00839	0.01427	0.01624	0.02380	0.18244	0.07888	0.33041	0.01398	0.00758	0.00232	0.00457	0.01175	0.00607	0.00716
14	0.20935	0.01038	0.01044	0.01008	0.01277	0.01086	0.00761	0.08799	0.05505	0.02548	0.03708	0.27179	0.19519	0.01508	0.00743	0.00249	0.00484	0.01262	0.00615	0.00733

[dist]
# distance from previous block
# <min> <max>
0	19

[block]
# block no. 3 follows, 29 sequences, length 9
# corresponding to MSA columns:
# 462-464,469-474
name=unknown_D
#
# <colnr> <probs for GDERKNQSTAVLIFYWHMCP>
#	G	D	E	R	K	N	Q	S	T	A	V	L	I	F	Y	W	H	M	C	P
0	0.01683	0.01163	0.01409	0.01162	0.01595	0.01073	0.00915	0.06095	0.09300	0.12717	0.02311	0.09640	0.04403	0.01655	0.12288	0.00338	0.00765	0.00783	0.00570	0.30135
1	0.00976	0.00672	0.00824	0.00903	0.00931	0.00655	0.00577	0.01050	0.01212	0.01612	0.03033	0.32982	0.03553	0.40321	0.02337	0.00502	0.00576	0.06236	0.00540	0.00507
2	0.01477	0.01266	0.01477	0.01055	0.01687	0.00949	0.00844	0.01793	0.01477	0.02320	0.01266	0.01477	0.01055	0.00527	0.00527	0.00105	0.00527	0.00422	0.00422	0.79328
3	0.01805	0.17220	0.14834	0.02062	0.13345	0.01738	0.08538	0.02302	0.04439	0.10521	0.07716	0.02019	0.01653	0.00767	0.00725	0.00205	0.03418	0.00647	0.00455	0.05591
4	0.01179	0.00652	0.00960	0.00960	0.00985	0.00677	0.00659	0.01003	0.00978	0.01330	0.01442	0.02468	0.01441	0.08217	0.16584	0.58195	0.00879	0.00677	0.00332	0.00383
5	0.03115	0.01340	0.01732	0.01328	0.01882	0.01236	0.01097	0.14043	0.02252	0.60152	0.02630	0.02307	0.01672	0.00877	0.00715	0.00219	0.00635	0.00704	0.00854	0.01212
6	0.22676	0.01447	0.02217	0.02063	0.13205	0.01465	0.18136	0.01923	0.01415	0.02384	0.01590	0.01950	0.05199	0.00909	0.00947	0.08287	0.04209	0.00648	0.00398	0.08930
7	0.01584	0.04658	0.06476	0.01817	0.06995	0.04696	0.14408	0.08634	0.01876	0.02573	0.17622	0.05281	0.02683	0.00965	0.00746	0.00211	0.00747	0.04759	0.00526	0.12745
8	0.21541	0.18646	0.04284	0.01242	0.01654	0.10328	0.03373	0.01950	0.01560	0.02332	0.12991	0.02513	0.09184	0.00939	0.00701	0.00209	0.04603	0.00693	0.00465	0.00793

[dist]
# distance from previous block
# <min> <max>
31	222

[block]
# block no. 4 follows, 29 sequences, length 44
# corresponding to MSA columns:
# 715-758
name=unknown_E
#
# <colnr> <probs for GDERKNQSTAVLIFYWHMCP>
#	G	D	E	R	K	N	Q	S	T	A	V	L	I	F	Y	W	H	M	C	P
0	0.01985	0.02519	0.21931	0.06544	0.10756	0.11910	0.12281	0.12188	0.04245	0.06590	0.01494	0.01715	0.01102	0.00718	0.00712	0.00219	0.00996	0.00622	0.00436	0.01034
1	0.04151	0.05796	0.05041	0.06149	0.21184	0.01520	0.16538	0.04426	0.04017	0.02258	0.02030	0.19672	0.01997	0.01045	0.00763	0.00237	0.00805	0.01002	0.00453	0.00914
2	0.06183	0.05002	0.12507	0.02108	0.10239	0.26785	0.08106	0.06949	0.01871	0.08731	0.01482	0.04179	0.01183	0.00768	0.00679	0.00209	0.01007	0.00613	0.00439	0.00961
3	0.02216	0.08412	0.19606	0.01667	0.02343	0.01570	0.08745	0.07544	0.08223	0.26427	0.02212	0.02163	0.03970	0.00816	0.00702	0.00220	0.00796	0.00685	0.00593	0.01088
4	0.01787	0.02834	0.43199	0.01965	0.02817	0.01635	0.10008	0.05939	0.09122	0.11237	0.01693	0.01808	0.01189	0.00734	0.00708	0.00228	0.00946	0.00624	0.00449	0.01078
5	0.01382	0.00895	0.01013	0.00926	0.01225	0.00816	0.00713	0.01795	0.09151	0.14480	0.12316	0.07791	0.41723	0.01526	0.00808	0.00237	0.00426	0.01282	0.00720	0.00774
6	0.01814	0.08108	0.19293	0.01527	0.04952	0.01384	0.01424	0.08405	0.04012	0.16186	0.07446	0.13416	0.06804	0.01104	0.00730	0.00228	0.00693	0.00924	0.00586	0.00964
7	0.01969	0.01475	0.01933	0.22361	0.07279	0.05750	0.03711	0.13077	0.04891	0.14738	0.02297	0.07347	0.05404	0.00983	0.00745	0.00233	0.00785	0.03508	0.00563	0.00950
8	0.01218	0.00745	0.00970	0.01041	0.01164	0.00704	0.00724	0.01452	0.04895	0.10700	0.03660	0.58729	0.04116	0.05026	0.00988	0.00295	0.00457	0.01754	0.00683	0.00681
9	0.01926	0.01562	0.02718	0.16336	0.31300	0.01579	0.13819	0.02424	0.04210	0.14524	0.01665	0.01968	0.01239	0.00699	0.00734	0.00224	0.00876	0.00692	0.00456	0.01050
10	0.02102	0.02155	0.12534	0.08258	0.25623	0.14305	0.01797	0.04983	0.01800	0.14515	0.01759	0.01939	0.03531	0.00757	0.00697	0.00213	0.00902	0.00631	0.00463	0.01035
11	0.01987	0.01481	0.02458	0.10158	0.21673	0.01475	0.13935	0.06326	0.04342	0.17162	0.04276	0.04988	0.01643	0.00814	0.00739	0.00224	0.00802	0.00775	0.03714	0.01027
12	0.01002	0.00675	0.00896	0.00975	0.01074	0.00624	0.00680	0.01193	0.01578	0.04923	0.22892	0.51724	0.05167	0.01954	0.00881	0.00268	0.00399	0.01760	0.00705	0.00631
13	0.11324	0.02101	0.13803	0.02552	0.23112	0.06875	0.06720	0.08535	0.01745	0.08720	0.01414	0.01663	0.01079	0.00740	0.00803	0.00224	0.06535	0.00596	0.00434	0.01026
14	0.01874	0.04711	0.19036	0.02373	0.16595	0.01750	0.09713	0.08552	0.17538	0.07911	0.01834	0.01952	0.01360	0.00755	0.00712	0.00224	0.00845	0.00671	0.00499	0.01096
15	0.04572	0.01772	0.20738	0.01499	0.01989	0.01196	0.06181	0.06331	0.03499	0.09450	0.02696	0.29961	0.04432	0.01342	0.00781	0.00250	0.00700	0.01183	0.00559	0.00869
16	0.01438	0.02185	0.23589	0.08528	0.05492	0.01533	0.28928	0.02018	0.01593	0.02174	0.02340	0.02614	0.12604	0.00836	0.00775	0.00235	0.00981	0.00831	0.00389	0.00919
17	0.15993	0.01881	0.15897	0.01522	0.04934	0.06459	0.01383	0.04700	0.04270	0.18277	0.02027	0.02583	0.01606	0.00909	0.00669	0.00228	0.00738	0.08546	0.06420	0.00956
18	0.01489	0.12887	0.62616	0.01925	0.02921	0.01803	0.02450	0.02239	0.01496	0.02181	0.01241	0.01457	0.00904	0.00668	0.00648	0.00216	0.01015	0.00508	0.00301	0.01035
19	0.01575	0.01330	0.01923	0.02599	0.33684	0.04323	0.01430	0.04022	0.01712	0.05000	0.12196	0.15375	0.02681	0.01080	0.00741	0.00222	0.00654	0.00978	0.07561	0.00913
20	0.01706	0.18345	0.12718	0.02676	0.15242	0.02003	0.29662	0.02202	0.01569	0.02127	0.01279	0.01648	0.01022	0.00647	0.00775	0.00217	0.04191	0.00650	0.00336	0.00985
21	0.01183	0.01154	0.02047	0.01609	0.01996	0.01052	0.25221	0.01543	0.01702	0.02230	0.17229	0.09650	0.27729	0.01326	0.00846	0.00241	0.00667	0.01256	0.00575	0.00745
22	0.02250	0.01106	0.01415	0.01177	0.01568	0.01036	0.00937	0.10484	0.02051	0.35898	0.14341	0.11362	0.07455	0.01385	0.03893	0.00270	0.00601	0.01007	0.00783	0.00983
23	0.01537	0.13816	0.02060	0.12372	0.13263	0.10116	0.01316	0.01801	0.01577	0.01979	0.10671	0.12490	0.05772	0.01139	0.00859	0.03317	0.03777	0.00891	0.00451	0.00797
24	0.01081	0.00836	0.01201	0.01557	0.12682	0.00814	0.00933	0.01257	0.01380	0.01861	0.03168	0.41718	0.03652	0.15113	0.01376	0.00353	0.00565	0.09230	0.00567	0.00653
25	0.01822	0.03000	0.43877	0.02029	0.02905	0.01829	0.09721	0.21083	0.02050	0.02896	0.01420	0.01610	0.01011	0.00719	0.00705	0.00224	0.00992	0.00595	0.00425	0.01087
26	0.01540	0.01465	0.02488	0.41102	0.35543	0.01633	0.02075	0.01990	0.01516	0.02056	0.01300	0.01835	0.01033	0.00676	0.00709	0.00225	0.00901	0.00634	0.00333	0.00948
27	0.01882	0.45037	0.07532	0.01400	0.01921	0.14961	0.01330	0.02159	0.01586	0.01803	0.01495	0.02346	0.01447	0.00864	0.00593	0.00192	0.00858	0.11354	0.00374	0.00864
28	0.01036	0.00690	0.00777	0.00777	0.00777	0.00690	0.00431	0.01036	0.01036	0.01381	0.02244	0.04660	0.02589	0.74975	0.03624	0.00690	0.00690	0.01036	0.00431	0.00431
29	0.01017	0.00763	0.01144	0.01144	0.01272	0.00890	0.00890	0.01272	0.01144	0.01653	0.01907	0.02797	0.01780	0.05340	0.72153	0.01144	0.01907	0.00763	0.00381	0.00636
30	0.01024	0.00737	0.01014	0.01014	0.01096	0.00819	0.00728	0.01188	0.01106	0.01556	0.02027	0.03458	0.02067	0.30023	0.47863	0.00983	0.01476	0.00860	0.00399	0.00563
31	0.09566	0.02783	0.02330	0.01940	0.02397	0.46382	0.13752	0.06020	0.01950	0.04636	0.01247	0.01455	0.00980	0.00714	0.00667	0.00200	0.01151	0.00542	0.00409	0.00879
32	0.01762	0.01692	0.02890	0.04371	0.70533	0.01692	0.02185	0.02185	0.01621	0.02326	0.01339	0.01762	0.01128	0.00634	0.00705	0.00211	0.00846	0.00634	0.00352	0.01128
33	0.00868	0.00620	0.00826	0.00991	0.01033	0.00578	0.00661	0.00991	0.01363	0.01818	0.03925	0.74510	0.04710	0.02231	0.00909	0.00289	0.00413	0.02024	0.00661	0.00578
34	0.01345	0.01266	0.02136	0.73264	0.04904	0.01582	0.01978	0.01819	0.01424	0.01819	0.01266	0.01898	0.00949	0.00712	0.00712	0.00237	0.00949	0.00633	0.00316	0.00791
35	0.01685	0.01290	0.02195	0.31538	0.08577	0.01374	0.12026	0.02056	0.01513	0.13447	0.01735	0.02480	0.01417	0.14173	0.01260	0.00315	0.00877	0.00753	0.00442	0.00850
36	0.00848	0.00696	0.00748	0.00789	0.00980	0.00595	0.00571	0.01014	0.01558	0.01897	0.06390	0.23793	0.53836	0.01910	0.00858	0.00253	0.00374	0.01633	0.00661	0.00595
37	0.01428	0.03683	0.71286	0.02030	0.03082	0.01654	0.02631	0.02255	0.01503	0.02255	0.01278	0.01503	0.00902	0.00677	0.00677	0.00226	0.01052	0.00526	0.00301	0.01052
38	0.00872	0.00700	0.00779	0.00807	0.00993	0.00607	0.00587	0.01063	0.01625	0.02039	0.15867	0.21455	0.46418	0.01845	0.00856	0.00249	0.00368	0.01585	0.00679	0.00607
39	0.00929	0.00664	0.00897	0.01062	0.01131	0.00632	0.00769	0.01099	0.01424	0.01887	0.03890	0.59802	0.04574	0.02172	0.00925	0.00298	0.00467	0.16122	0.00660	0.00595
40	0.01287	0.00677	0.00726	0.00726	0.00887	0.00693	0.00549	0.01609	0.01448	0.02525	0.02269	0.02673	0.01819	0.01416	0.09810	0.00293	0.00537	0.00677	0.68720	0.00660
41	0.17820	0.02227	0.16310	0.01945	0.02551	0.09715	0.20482	0.04881	0.01625	0.05966	0.01357	0.01629	0.01021	0.00720	0.00779	0.00227	0.05828	0.00605	0.03389	0.00924
42	0.01792	0.01846	0.11474	0.02562	0.21909	0.01560	0.13682	0.07524	0.07796	0.07575	0.08108	0.02196	0.01757	0.00768	0.00729	0.00216	0.00820	0.00726	0.00492	0.06467
43	0.01939	0.01841	0.01799	0.01612	0.04392	0.17450	0.04996	0.14698	0.14228	0.02647	0.02128	0.14031	0.01918	0.01026	0.00710	0.00214	0.00773	0.00855	0.05196	0.07546

[dist]
# distance from previous block
# <min> <max>
1	4

[block]
# block no. 5 follows, 29 sequences, length 17
# corresponding to MSA columns:
# 763-779
name=unknown_F
#
# <colnr> <probs for GDERKNQSTAVLIFYWHMCP>
#	G	D	E	R	K	N	Q	S	T	A	V	L	I	F	Y	W	H	M	C	P
0	0.13535	0.06982	0.04911	0.01430	0.01865	0.08219	0.10359	0.04570	0.07377	0.05400	0.17176	0.03049	0.10255	0.01002	0.00706	0.00219	0.00693	0.00845	0.00558	0.00849
1	0.16412	0.14291	0.09116	0.01592	0.08466	0.04748	0.03667	0.04265	0.06898	0.02306	0.01486	0.02041	0.01319	0.13307	0.01097	0.00280	0.00753	0.00599	0.00417	0.06940
2	0.02034	0.02078	0.13738	0.01667	0.02181	0.10052	0.07115	0.15203	0.10232	0.10570	0.01857	0.02220	0.01467	0.09481	0.04228	0.00317	0.03354	0.00695	0.00532	0.00977
3	0.01263	0.00914	0.01084	0.01061	0.01266	0.00909	0.00809	0.12578	0.01898	0.02567	0.16130	0.27456	0.13697	0.01673	0.00836	0.00254	0.00477	0.08770	0.05639	0.00721
4	0.01835	0.11436	0.11659	0.01392	0.01942	0.03533	0.01272	0.20417	0.02009	0.04574	0.01891	0.15217	0.01759	0.00985	0.00671	0.00198	0.00705	0.00802	0.00527	0.17173
5	0.01122	0.00907	0.01200	0.13252	0.01810	0.00919	0.00928	0.01578	0.07622	0.02397	0.31200	0.14606	0.11940	0.01380	0.00798	0.00232	0.00487	0.01211	0.00644	0.05767
6	0.01918	0.01966	0.07653	0.02557	0.28195	0.14197	0.01606	0.06285	0.04690	0.08010	0.02501	0.02610	0.12925	0.00902	0.00717	0.00215	0.00823	0.00756	0.00485	0.00990
7	0.01689	0.32269	0.04358	0.01440	0.06234	0.01767	0.04743	0.01924	0.01447	0.07888	0.01783	0.10682	0.01755	0.13468	0.01119	0.00274	0.00719	0.00765	0.00432	0.05244
8	0.01192	0.00909	0.01029	0.00984	0.01210	0.00879	0.00735	0.12478	0.01902	0.02474	0.15170	0.25563	0.29357	0.01713	0.00839	0.00248	0.00444	0.01475	0.00689	0.00709
9	0.01504	0.01717	0.13839	0.01724	0.02155	0.01414	0.16192	0.11432	0.01653	0.02277	0.01981	0.13341	0.01963	0.18657	0.01573	0.00353	0.05981	0.00967	0.00461	0.00817
10	0.02011	0.17072	0.10315	0.01621	0.02130	0.08538	0.08951	0.02355	0.01591	0.17369	0.01645	0.01885	0.01271	0.01540	0.12929	0.00369	0.06396	0.00615	0.00459	0.00936
11	0.00870	0.00705	0.00773	0.00793	0.00989	0.00608	0.00581	0.01064	0.01637	0.02043	0.15923	0.18130	0.49748	0.01825	0.00853	0.00246	0.00366	0.01560	0.00679	0.00608
12	0.00939	0.00693	0.00894	0.01028	0.01139	0.00648	0.00770	0.01128	0.01487	0.01923	0.04499	0.43796	0.16833	0.02079	0.00916	0.00291	0.00469	0.19205	0.00660	0.00604
13	0.01070	0.00746	0.01063	0.01063	0.01196	0.00852	0.00823	0.01337	0.01204	0.01823	0.01978	0.02773	0.01788	0.04574	0.59971	0.00978	0.01639	0.00746	0.13736	0.00641
14	0.02630	0.12096	0.01899	0.01288	0.01782	0.01332	0.01106	0.06461	0.01955	0.45490	0.02645	0.03150	0.02005	0.01024	0.00723	0.00228	0.00647	0.11718	0.00749	0.01073
15	0.15223	0.05748	0.01983	0.15194	0.09787	0.08662	0.01402	0.12240	0.17792	0.02759	0.01647	0.01808	0.01261	0.00773	0.00647	0.00219	0.00777	0.00602	0.00500	0.00975
16	0.02031	0.27703	0.12911	0.02114	0.13883	0.16742	0.04462	0.08339	0.01787	0.02166	0.01199	0.01414	0.00983	0.00671	0.00609	0.00189	0.00947	0.00504	0.00365	0.00981

[dist]
# distance from previous block
# <min> <max>
0	111

# created by:
# /home/berkeley/.conda/envs/busco_data_prod/bin/msa2prfl.pl pipeline/OGs_align_augustus/5794/32118.fs
