[name]
unknown

[dist]
# distance from previous block
# <min> <max>
14	42

[block]
# block no. 0 follows, 27 sequences, length 15
# corresponding to MSA columns:
# 53-67
name=unknown_A
#
# <colnr> <probs for GDERKNQSTAVLIFYWHMCP>
#	G	D	E	R	K	N	Q	S	T	A	V	L	I	F	Y	W	H	M	C	P
0	0.11991	0.01172	0.01484	0.01193	0.01665	0.01074	0.00969	0.02951	0.02015	0.46891	0.17376	0.03039	0.02862	0.01024	0.00741	0.00231	0.00562	0.00837	0.00841	0.01083
1	0.01827	0.01033	0.01278	0.01140	0.01465	0.00986	0.00879	0.02398	0.12998	0.22830	0.20557	0.14683	0.11990	0.01419	0.00828	0.00248	0.00490	0.01223	0.00802	0.00926
2	0.31136	0.01258	0.01389	0.01140	0.01617	0.01251	0.00931	0.02783	0.01802	0.36033	0.11224	0.02449	0.02159	0.00915	0.00658	0.00230	0.00572	0.00700	0.00735	0.01016
3	0.07978	0.01004	0.01268	0.01081	0.01428	0.00950	0.00855	0.02405	0.01795	0.30684	0.14236	0.03017	0.02651	0.01503	0.06613	0.06134	0.00640	0.00814	0.14033	0.00911
4	0.01330	0.00768	0.00978	0.01005	0.01172	0.00699	0.00717	0.01521	0.01613	0.12493	0.09387	0.42038	0.11126	0.04251	0.00963	0.00283	0.00452	0.01633	0.06851	0.00717
5	0.01234	0.00892	0.01076	0.01099	0.01255	0.00908	0.00776	0.01794	0.15252	0.04780	0.13741	0.36904	0.04298	0.10929	0.01247	0.00331	0.00495	0.01547	0.00701	0.00742
6	0.01129	0.00896	0.01324	0.01284	0.01401	0.01091	0.01012	0.01381	0.01186	0.01731	0.01866	0.02760	0.01749	0.05052	0.62682	0.01088	0.10520	0.00778	0.00389	0.00681
7	0.01082	0.00793	0.01141	0.01164	0.01283	0.00889	0.00899	0.01321	0.01248	0.01752	0.02302	0.03929	0.02302	0.14513	0.52160	0.01012	0.01635	0.09496	0.00444	0.00636
8	0.00960	0.00667	0.00865	0.00981	0.01035	0.00627	0.00651	0.01059	0.01403	0.01869	0.07820	0.52565	0.07781	0.10975	0.01421	0.05825	0.00473	0.01808	0.00642	0.00572
9	0.01147	0.00934	0.00991	0.01050	0.01155	0.05993	0.00739	0.01302	0.01511	0.01930	0.10445	0.27515	0.09370	0.21930	0.01710	0.00404	0.00601	0.10057	0.00612	0.00603
10	0.01805	0.01647	0.02644	0.27738	0.38840	0.01789	0.02098	0.09947	0.01836	0.02514	0.01416	0.01880	0.01122	0.00717	0.00738	0.00230	0.00912	0.00662	0.00400	0.01064
11	0.05863	0.35635	0.17909	0.01733	0.06935	0.08768	0.01633	0.04209	0.01639	0.02153	0.01179	0.01378	0.00979	0.00669	0.00576	0.00185	0.00889	0.00468	0.00355	0.06846
12	0.02054	0.43307	0.08832	0.01527	0.02146	0.10664	0.06281	0.02368	0.01667	0.07436	0.01717	0.01828	0.05810	0.00767	0.00599	0.00188	0.00877	0.00566	0.00405	0.00960
13	0.16363	0.16606	0.15236	0.01628	0.04451	0.15547	0.01496	0.07239	0.01752	0.02496	0.01217	0.01404	0.00972	0.00694	0.00593	0.00194	0.00894	0.00478	0.00405	0.10336
14	0.05999	0.07999	0.13443	0.01540	0.02164	0.07451	0.03982	0.14478	0.02074	0.15037	0.02407	0.02404	0.09408	0.00903	0.00700	0.00213	0.00801	0.00708	0.00577	0.07710

[dist]
# distance from previous block
# <min> <max>
6	64

[block]
# block no. 1 follows, 27 sequences, length 39
# corresponding to MSA columns:
# 132-170
name=unknown_B
#
# <colnr> <probs for GDERKNQSTAVLIFYWHMCP>
#	G	D	E	R	K	N	Q	S	T	A	V	L	I	F	Y	W	H	M	C	P
0	0.10310	0.01396	0.01662	0.04225	0.08330	0.06449	0.03824	0.07091	0.05417	0.10416	0.17891	0.14298	0.03220	0.01209	0.00776	0.00241	0.00655	0.01041	0.00647	0.00904
1	0.15247	0.20720	0.24951	0.01606	0.02296	0.09423	0.04053	0.02265	0.01616	0.02374	0.07746	0.01787	0.01517	0.00767	0.00624	0.00211	0.00889	0.00566	0.00399	0.00942
2	0.05111	0.10740	0.22944	0.02311	0.15507	0.01935	0.04908	0.12048	0.09423	0.02758	0.01798	0.01961	0.03755	0.00791	0.00700	0.00225	0.00879	0.00651	0.00462	0.01095
3	0.01584	0.00904	0.01226	0.01227	0.01464	0.00867	0.01009	0.01866	0.01723	0.16201	0.08460	0.08726	0.06546	0.07838	0.06524	0.00400	0.00727	0.31226	0.00702	0.00779
4	0.02140	0.01741	0.01844	0.01570	0.02042	0.01984	0.01246	0.22886	0.48518	0.03580	0.02648	0.02472	0.01964	0.00972	0.00752	0.00243	0.00657	0.00788	0.00752	0.01201
5	0.01599	0.01521	0.02584	0.41470	0.34225	0.01701	0.02160	0.02070	0.01578	0.02137	0.01354	0.01915	0.01074	0.00706	0.00739	0.00235	0.00941	0.00661	0.00347	0.00984
6	0.01889	0.05574	0.40737	0.02156	0.10086	0.01675	0.02190	0.05561	0.04759	0.12626	0.01775	0.02078	0.01317	0.00809	0.00724	0.00234	0.00938	0.03286	0.00466	0.01119
7	0.01878	0.38691	0.20060	0.01866	0.02635	0.02335	0.15199	0.02351	0.01602	0.05187	0.01291	0.01514	0.01027	0.00664	0.00628	0.00200	0.00956	0.00550	0.00357	0.01013
8	0.01077	0.00728	0.00939	0.00998	0.01130	0.00693	0.00748	0.01355	0.01745	0.02487	0.28481	0.26960	0.05164	0.01760	0.00869	0.00263	0.00427	0.11379	0.12130	0.00666
9	0.00919	0.00682	0.00843	0.00964	0.01057	0.00624	0.00660	0.01060	0.01471	0.01901	0.04766	0.51457	0.19596	0.06948	0.01121	0.00319	0.00445	0.03893	0.00673	0.00601
10	0.01680	0.16297	0.14610	0.01783	0.02338	0.04760	0.10836	0.02477	0.15655	0.02301	0.02138	0.08330	0.01933	0.01046	0.00815	0.00244	0.03640	0.07660	0.00491	0.00966
11	0.00928	0.00696	0.00861	0.00943	0.01065	0.00629	0.00660	0.01117	0.01629	0.02145	0.18259	0.42865	0.21405	0.02048	0.00915	0.00275	0.00400	0.01816	0.00715	0.00629
12	0.00996	0.00738	0.00941	0.01080	0.01160	0.00724	0.00736	0.01316	0.07875	0.02013	0.03988	0.66570	0.04653	0.02198	0.00929	0.00297	0.00446	0.01987	0.00696	0.00658
13	0.02085	0.20401	0.02936	0.12071	0.24648	0.12821	0.04427	0.02437	0.01720	0.07755	0.01388	0.01679	0.01113	0.00702	0.00667	0.00206	0.00940	0.00581	0.00399	0.01023
14	0.12377	0.10372	0.29399	0.02500	0.21433	0.01812	0.02064	0.02388	0.01596	0.07475	0.01396	0.01625	0.01057	0.00699	0.00658	0.00222	0.00897	0.00559	0.00394	0.01076
15	0.00940	0.00767	0.00839	0.00858	0.01090	0.00666	0.00668	0.01166	0.01734	0.02131	0.12960	0.07165	0.53694	0.01869	0.00898	0.00262	0.00418	0.10531	0.00701	0.00642
16	0.01562	0.00948	0.01275	0.01381	0.06417	0.00890	0.00950	0.04744	0.01750	0.15351	0.06269	0.36587	0.10105	0.01765	0.00880	0.00274	0.00534	0.06783	0.00717	0.00818
17	0.01953	0.09924	0.13161	0.02535	0.23751	0.01696	0.04479	0.06718	0.04088	0.11555	0.10812	0.02354	0.02035	0.00841	0.00730	0.00221	0.00802	0.00734	0.00526	0.01084
18	0.02195	0.01723	0.01806	0.01509	0.01942	0.04923	0.01197	0.36644	0.14791	0.03697	0.08822	0.12573	0.02512	0.01173	0.00784	0.00239	0.00698	0.00963	0.00728	0.01079
19	0.01752	0.02003	0.04380	0.03129	0.03880	0.01877	0.66583	0.02378	0.01752	0.02378	0.01502	0.02003	0.01126	0.00626	0.00876	0.00250	0.01252	0.00876	0.00375	0.01001
20	0.01801	0.16969	0.27727	0.08707	0.02898	0.10171	0.06774	0.02585	0.11134	0.02235	0.01505	0.01711	0.01153	0.00739	0.00680	0.00220	0.00994	0.00587	0.00392	0.01018
21	0.02000	0.21005	0.10043	0.02668	0.24750	0.02069	0.08075	0.09955	0.01864	0.05645	0.01461	0.01718	0.01158	0.00703	0.00671	0.00208	0.00877	0.00607	0.03437	0.01088
22	0.01700	0.01271	0.01387	0.01359	0.01637	0.06343	0.01066	0.02485	0.21142	0.10899	0.03371	0.22001	0.03291	0.01576	0.00865	0.00280	0.00633	0.17088	0.00713	0.00894
23	0.01933	0.01665	0.02799	0.11912	0.55458	0.01686	0.02139	0.02365	0.01709	0.08902	0.01536	0.01920	0.01219	0.00696	0.00737	0.00224	0.00870	0.00670	0.00417	0.01145
24	0.10594	0.01977	0.01893	0.01932	0.12356	0.19242	0.01315	0.05817	0.10228	0.18333	0.02143	0.02153	0.03910	0.00858	0.00691	0.00219	0.00827	0.00664	0.03808	0.01040
25	0.01108	0.00737	0.00929	0.00994	0.01144	0.00666	0.00713	0.01295	0.01622	0.07121	0.11843	0.42861	0.19513	0.02019	0.00912	0.00279	0.00435	0.04417	0.00720	0.00672
26	0.01104	0.00794	0.01082	0.01213	0.01362	0.00772	0.00997	0.01397	0.01706	0.02255	0.13410	0.21154	0.07314	0.02024	0.00982	0.00315	0.00572	0.40174	0.00704	0.00667
27	0.01857	0.01634	0.02701	0.14422	0.34027	0.01693	0.09654	0.05276	0.08189	0.06931	0.01798	0.05339	0.01467	0.00808	0.00766	0.00236	0.00875	0.00777	0.00468	0.01082
28	0.02013	0.08730	0.18179	0.04802	0.12160	0.01867	0.01755	0.15586	0.12773	0.07898	0.02126	0.02194	0.04932	0.00859	0.00718	0.00227	0.00822	0.00696	0.00546	0.01118
29	0.01039	0.00758	0.00936	0.01029	0.01105	0.00752	0.00687	0.01342	0.07834	0.01966	0.06490	0.49314	0.04286	0.17043	0.01514	0.00381	0.00502	0.01739	0.00651	0.00631
30	0.01505	0.01228	0.01332	0.01199	0.01535	0.01307	0.00929	0.08705	0.29143	0.02946	0.19639	0.04451	0.20372	0.01340	0.00814	0.00244	0.00499	0.01128	0.00752	0.00931
31	0.04272	0.13567	0.07684	0.02302	0.11778	0.12257	0.14791	0.10277	0.06902	0.02595	0.05327	0.01932	0.01495	0.00772	0.00714	0.00217	0.00957	0.00674	0.00462	0.01025
32	0.01650	0.26144	0.22158	0.04671	0.09775	0.01994	0.08083	0.02150	0.01653	0.02235	0.10935	0.02100	0.01859	0.00787	0.00675	0.00210	0.00878	0.00661	0.00399	0.00982
33	0.01285	0.00816	0.00966	0.00957	0.01129	0.00755	0.00673	0.03345	0.01559	0.09583	0.04400	0.24031	0.22154	0.20993	0.01653	0.00389	0.00534	0.03461	0.00653	0.00666
34	0.01310	0.00954	0.01350	0.01643	0.13502	0.00898	0.01018	0.01577	0.01723	0.07323	0.18245	0.22485	0.14385	0.04286	0.00977	0.00277	0.00530	0.06066	0.00667	0.00782
35	0.05992	0.12473	0.09446	0.01753	0.04437	0.27493	0.01475	0.08140	0.06072	0.13490	0.01616	0.01674	0.01206	0.00785	0.00664	0.00207	0.00983	0.00559	0.00510	0.01025
36	0.07324	0.12652	0.16550	0.02155	0.11840	0.24733	0.01759	0.10240	0.01964	0.02447	0.01274	0.01481	0.01010	0.00730	0.00655	0.00206	0.01037	0.00525	0.00405	0.01011
37	0.07684	0.20545	0.07907	0.04474	0.16941	0.07895	0.01546	0.05911	0.01704	0.02370	0.01254	0.01504	0.01037	0.00663	0.00605	0.00184	0.00828	0.00507	0.00393	0.16047
38	0.01300	0.00841	0.01060	0.01015	0.01220	0.00786	0.00731	0.01503	0.01416	0.07053	0.02719	0.24962	0.02828	0.13636	0.13402	0.00471	0.00770	0.01178	0.10226	0.12882

[dist]
# distance from previous block
# <min> <max>
0	2

[block]
# block no. 2 follows, 27 sequences, length 55
# corresponding to MSA columns:
# 173-227
name=unknown_C
#
# <colnr> <probs for GDERKNQSTAVLIFYWHMCP>
#	G	D	E	R	K	N	Q	S	T	A	V	L	I	F	Y	W	H	M	C	P
0	0.12698	0.13145	0.02156	0.05222	0.06026	0.07632	0.01298	0.11255	0.25921	0.04519	0.01942	0.01964	0.01485	0.00835	0.00660	0.00223	0.00747	0.00637	0.00574	0.01059
1	0.01036	0.00725	0.00894	0.00967	0.01032	0.00702	0.00660	0.01159	0.01372	0.01815	0.07162	0.24848	0.07687	0.33774	0.02200	0.00486	0.00592	0.11743	0.00590	0.00556
2	0.01447	0.06225	0.23441	0.02153	0.08005	0.01487	0.15514	0.01975	0.01620	0.02229	0.02412	0.13227	0.04891	0.01171	0.00823	0.00260	0.00906	0.10838	0.00458	0.00920
3	0.06204	0.23839	0.28280	0.01828	0.02618	0.02101	0.09533	0.04524	0.07520	0.04801	0.01469	0.01636	0.01118	0.00715	0.00652	0.00215	0.00926	0.00571	0.00405	0.01045
4	0.01684	0.00867	0.01118	0.01003	0.01268	0.00791	0.00770	0.01995	0.01948	0.20163	0.34135	0.11005	0.04595	0.01332	0.00789	0.00229	0.00430	0.01154	0.13887	0.00835
5	0.01116	0.00778	0.01108	0.01108	0.01247	0.00888	0.00858	0.01394	0.01255	0.01901	0.02062	0.02891	0.01864	0.04767	0.58967	0.01019	0.01709	0.00778	0.13623	0.00668
6	0.02174	0.07386	0.14557	0.05917	0.02703	0.16554	0.10858	0.05550	0.10617	0.10964	0.01728	0.01871	0.01279	0.00803	0.00791	0.00228	0.03843	0.00649	0.00493	0.01035
7	0.01356	0.01361	0.05950	0.32146	0.14975	0.01373	0.01723	0.01785	0.01570	0.02101	0.06331	0.06145	0.07305	0.01419	0.06508	0.00327	0.00924	0.05413	0.00440	0.00846
8	0.01743	0.00903	0.01172	0.01034	0.01330	0.00806	0.00800	0.02039	0.01990	0.23516	0.34336	0.10183	0.11148	0.01407	0.00827	0.00237	0.00446	0.01216	0.04007	0.00860
9	0.01759	0.01491	0.07420	0.05322	0.20828	0.01321	0.01481	0.08922	0.01913	0.10339	0.11519	0.16210	0.02789	0.01170	0.00786	0.00240	0.00686	0.01037	0.03789	0.00977
10	0.08271	0.08351	0.02763	0.02566	0.19638	0.11244	0.14251	0.05157	0.08211	0.02506	0.01488	0.01751	0.01188	0.00700	0.00692	0.00209	0.00918	0.00629	0.00435	0.09031
11	0.01878	0.08419	0.05115	0.07594	0.08250	0.01466	0.08826	0.02234	0.01666	0.17292	0.05115	0.09751	0.02117	0.01512	0.07703	0.00339	0.05127	0.04098	0.00551	0.00947
12	0.01859	0.02018	0.07424	0.01614	0.02015	0.15336	0.04622	0.12938	0.02030	0.02590	0.11579	0.02945	0.11691	0.01114	0.01031	0.00235	0.12361	0.00839	0.00536	0.05224
13	0.01572	0.05396	0.01648	0.01160	0.01741	0.01209	0.00933	0.02175	0.11953	0.02534	0.07074	0.02038	0.01755	0.00705	0.00604	0.00145	0.00553	0.00573	0.00513	0.55718
14	0.01700	0.07176	0.20493	0.02032	0.09082	0.08330	0.09782	0.02251	0.04141	0.05367	0.10044	0.02719	0.08681	0.00921	0.00745	0.00223	0.00875	0.00795	0.00479	0.04163
15	0.01985	0.74357	0.03890	0.01270	0.01905	0.02937	0.01270	0.02223	0.01508	0.01747	0.01032	0.01191	0.00953	0.00635	0.00476	0.00159	0.00794	0.00397	0.00318	0.00953
16	0.01539	0.01319	0.01539	0.01100	0.01759	0.00990	0.00880	0.01869	0.01539	0.02419	0.01319	0.01539	0.01100	0.00550	0.00550	0.00110	0.00550	0.00440	0.00440	0.78449
17	0.00931	0.00666	0.00889	0.01043	0.01103	0.00624	0.00716	0.01089	0.01491	0.02000	0.09363	0.64588	0.05048	0.02246	0.00946	0.00298	0.00437	0.05209	0.00699	0.00615
18	0.16337	0.11403	0.24514	0.01987	0.11603	0.01823	0.01785	0.05260	0.05378	0.10979	0.01560	0.01686	0.01148	0.00739	0.00645	0.00222	0.00834	0.00564	0.00467	0.01067
19	0.02069	0.01744	0.02812	0.11012	0.27134	0.01799	0.13734	0.12603	0.07776	0.09206	0.01755	0.02023	0.01317	0.00755	0.00766	0.00233	0.00903	0.00725	0.00510	0.01125
20	0.01297	0.01210	0.04548	0.20557	0.09156	0.01317	0.01471	0.01621	0.01330	0.01856	0.01700	0.05532	0.01556	0.02948	0.30178	0.04620	0.07186	0.00775	0.00376	0.00767
21	0.54035	0.01594	0.01895	0.01792	0.10338	0.01739	0.11288	0.05072	0.01491	0.03128	0.01185	0.01435	0.00921	0.00685	0.00571	0.00231	0.00729	0.00520	0.00447	0.00901
22	0.00917	0.00691	0.00852	0.00964	0.01078	0.00626	0.00677	0.01084	0.01545	0.01996	0.08343	0.48413	0.23004	0.02147	0.00928	0.00286	0.00423	0.04711	0.00695	0.00618
23	0.01956	0.02027	0.12452	0.01639	0.02194	0.01904	0.01460	0.14325	0.46675	0.03254	0.02548	0.02415	0.01889	0.00940	0.00745	0.00244	0.00706	0.00765	0.00684	0.01178
24	0.01040	0.00755	0.01005	0.01127	0.01259	0.00720	0.00882	0.01292	0.01662	0.02197	0.14009	0.31467	0.10669	0.02056	0.00962	0.00303	0.00515	0.26724	0.00706	0.00652
25	0.01705	0.01477	0.07041	0.01274	0.01694	0.04979	0.03356	0.07157	0.01753	0.10054	0.08177	0.07139	0.05725	0.17512	0.01418	0.00320	0.00700	0.00896	0.00566	0.17058
26	0.01790	0.40525	0.27566	0.01604	0.02381	0.02374	0.01792	0.02466	0.09137	0.02121	0.01368	0.01508	0.01099	0.00703	0.00591	0.00197	0.00880	0.00502	0.00366	0.01030
27	0.01021	0.00695	0.00827	0.00884	0.00899	0.00681	0.00530	0.01064	0.01194	0.01592	0.02924	0.27753	0.03437	0.50008	0.02833	0.00580	0.00623	0.01424	0.00530	0.00501
28	0.01985	0.74357	0.03890	0.01270	0.01905	0.02937	0.01270	0.02223	0.01508	0.01747	0.01032	0.01191	0.00953	0.00635	0.00476	0.00159	0.00794	0.00397	0.00318	0.00953
29	0.07370	0.01838	0.02033	0.11371	0.12877	0.15964	0.01529	0.04817	0.01603	0.02139	0.01475	0.05811	0.01346	0.01603	0.10782	0.00378	0.15091	0.00702	0.00402	0.00867
30	0.00956	0.00690	0.00910	0.01029	0.01117	0.00644	0.00727	0.01149	0.01591	0.02140	0.17022	0.51751	0.08149	0.02124	0.00937	0.00289	0.00433	0.07000	0.00714	0.00630
31	0.00990	0.00729	0.00927	0.00936	0.01087	0.00665	0.00679	0.01261	0.01871	0.02568	0.43963	0.23362	0.14662	0.01775	0.00894	0.00253	0.00375	0.01571	0.00767	0.00665
32	0.01748	0.25066	0.44484	0.01826	0.02743	0.02139	0.02188	0.07563	0.01706	0.02357	0.01278	0.01471	0.00970	0.00699	0.00639	0.00211	0.00982	0.00512	0.00350	0.01067
33	0.01817	0.01728	0.02573	0.30734	0.33549	0.06008	0.02059	0.08294	0.01805	0.02394	0.01387	0.01857	0.01097	0.00721	0.00735	0.00230	0.00946	0.00650	0.00389	0.01026
34	0.01069	0.00764	0.01032	0.01032	0.01108	0.00840	0.00727	0.01222	0.01145	0.01604	0.02136	0.03734	0.02211	0.34335	0.42686	0.00994	0.01454	0.00915	0.00420	0.00573
35	0.05044	0.01790	0.03191	0.02408	0.02926	0.04276	0.37215	0.07391	0.01717	0.02404	0.01511	0.02036	0.01223	0.01572	0.12880	0.00413	0.09883	0.00784	0.00407	0.00929
36	0.09786	0.08089	0.05113	0.05656	0.02266	0.20506	0.06059	0.06093	0.04141	0.02205	0.01361	0.01881	0.01194	0.07964	0.01289	0.00282	0.14219	0.00620	0.00410	0.00867
37	0.01964	0.71381	0.06683	0.01306	0.01961	0.02886	0.01332	0.02228	0.01511	0.01772	0.01045	0.01207	0.00952	0.00638	0.00486	0.00162	0.00807	0.00403	0.00317	0.00959
38	0.01515	0.04340	0.10683	0.05212	0.02119	0.01192	0.01209	0.01917	0.01519	0.02316	0.01348	0.01633	0.01110	0.00868	0.04566	0.00197	0.00737	0.00485	0.00410	0.56624
39	0.06095	0.02438	0.31046	0.01887	0.04996	0.01544	0.07601	0.06121	0.07138	0.07555	0.07555	0.05611	0.05282	0.00945	0.00750	0.00239	0.00854	0.00805	0.00511	0.01025
40	0.00993	0.00757	0.00912	0.00873	0.01074	0.00676	0.00655	0.01289	0.01965	0.02653	0.48454	0.06078	0.27641	0.01638	0.00876	0.00239	0.00359	0.01417	0.00775	0.00676
41	0.01950	0.01755	0.02475	0.22777	0.30530	0.05658	0.01913	0.15509	0.02021	0.02722	0.01486	0.01879	0.01161	0.00746	0.00725	0.00225	0.00901	0.00653	0.03857	0.01055
42	0.02155	0.18802	0.27632	0.01702	0.02473	0.04155	0.01816	0.14077	0.05749	0.12119	0.01659	0.01717	0.01202	0.00772	0.00668	0.00215	0.00893	0.00578	0.00503	0.01115
43	0.02053	0.01362	0.01966	0.01776	0.07404	0.01399	0.08506	0.08015	0.08359	0.19657	0.02597	0.08943	0.04899	0.04416	0.04609	0.00315	0.06656	0.00920	0.05155	0.00996
44	0.00948	0.00755	0.00850	0.00826	0.01046	0.00657	0.00620	0.01202	0.01859	0.02402	0.32559	0.06492	0.43692	0.01732	0.00877	0.00244	0.00365	0.01475	0.00742	0.00657
45	0.01403	0.05569	0.12979	0.01321	0.01710	0.01224	0.01212	0.11687	0.01914	0.02577	0.11864	0.25151	0.10174	0.01560	0.00838	0.00259	0.00629	0.06467	0.00629	0.00831
46	0.01978	0.01879	0.06304	0.12223	0.33568	0.05760	0.01903	0.13247	0.02038	0.05421	0.06994	0.02132	0.01641	0.00800	0.00744	0.00225	0.00871	0.00704	0.00483	0.01086
47	0.00927	0.00744	0.00837	0.00897	0.01093	0.00653	0.00678	0.01124	0.01637	0.02012	0.06296	0.21368	0.46426	0.01998	0.00913	0.00274	0.00430	0.10375	0.00689	0.00630
48	0.01152	0.00840	0.01135	0.01282	0.01464	0.00823	0.01109	0.01473	0.01707	0.02192	0.04428	0.08204	0.13241	0.02027	0.01005	0.00329	0.00641	0.55590	0.00684	0.00676
49	0.24206	0.02265	0.05674	0.01784	0.07525	0.18202	0.01366	0.18257	0.08728	0.03150	0.01488	0.01605	0.01136	0.00787	0.00644	0.00221	0.00869	0.00558	0.00524	0.01013
50	0.08211	0.01372	0.01603	0.01336	0.01751	0.01412	0.04701	0.24198	0.02289	0.08396	0.03601	0.09474	0.19046	0.01298	0.00786	0.00244	0.00635	0.04724	0.03987	0.00936
51	0.02076	0.01643	0.02062	0.01570	0.02119	0.07016	0.08962	0.08074	0.01873	0.14179	0.04400	0.01944	0.01466	0.00776	0.00829	0.00188	0.07051	0.00624	0.00543	0.32604
52	0.25475	0.05144	0.12453	0.01445	0.02081	0.01638	0.04057	0.09947	0.04447	0.16511	0.01675	0.01723	0.01194	0.00755	0.00627	0.00216	0.00732	0.00566	0.00561	0.08753
53	0.08460	0.01651	0.01581	0.01315	0.01782	0.12122	0.01034	0.07815	0.08639	0.15063	0.07718	0.05586	0.05421	0.00962	0.00695	0.00204	0.00686	0.00763	0.00632	0.17874
54	0.04178	0.08124	0.12594	0.01600	0.02181	0.08249	0.04343	0.16879	0.01995	0.02721	0.01589	0.02032	0.01315	0.01527	0.11651	0.00355	0.01053	0.02959	0.00474	0.14182

[dist]
# distance from previous block
# <min> <max>
1	12

[block]
# block no. 3 follows, 27 sequences, length 28
# corresponding to MSA columns:
# 240-267
name=unknown_D
#
# <colnr> <probs for GDERKNQSTAVLIFYWHMCP>
#	G	D	E	R	K	N	Q	S	T	A	V	L	I	F	Y	W	H	M	C	P
0	0.10136	0.11764	0.07767	0.01353	0.01888	0.05589	0.01207	0.05858	0.10492	0.22398	0.05965	0.02630	0.07954	0.00958	0.00691	0.00223	0.00695	0.00745	0.00649	0.01037
1	0.07863	0.01814	0.09892	0.05301	0.03983	0.05848	0.08033	0.04801	0.12519	0.08813	0.08613	0.02422	0.01975	0.01347	0.07597	0.00327	0.03855	0.00749	0.00545	0.03704
2	0.02227	0.11512	0.02278	0.01643	0.02128	0.23258	0.07512	0.04518	0.11632	0.10205	0.04532	0.02331	0.06475	0.00886	0.00703	0.00208	0.00898	0.00704	0.00542	0.05808
3	0.00930	0.00748	0.00836	0.00879	0.01084	0.00654	0.00666	0.01137	0.01678	0.02075	0.10402	0.17335	0.47706	0.01946	0.00905	0.00268	0.00419	0.09001	0.00697	0.00634
4	0.04345	0.26330	0.02582	0.01431	0.02003	0.02264	0.01243	0.27283	0.10197	0.03193	0.04359	0.01816	0.01485	0.00808	0.00635	0.00195	0.00732	0.00597	0.00569	0.07932
5	0.01657	0.01367	0.01582	0.01642	0.10878	0.05133	0.01099	0.09835	0.08401	0.05764	0.14909	0.07935	0.16349	0.01227	0.00782	0.00224	0.00602	0.01041	0.00648	0.08924
6	0.02080	0.30678	0.17496	0.01650	0.05984	0.02043	0.01579	0.05725	0.01737	0.13337	0.01502	0.01600	0.01141	0.00702	0.00607	0.00188	0.00811	0.00521	0.00454	0.10165
7	0.01690	0.05415	0.16054	0.07409	0.21795	0.01807	0.16302	0.02429	0.09439	0.02419	0.04466	0.02064	0.01469	0.00764	0.00812	0.00236	0.03231	0.00725	0.00418	0.01057
8	0.00919	0.00719	0.00834	0.00879	0.01047	0.00633	0.00631	0.01119	0.01681	0.02154	0.18088	0.28521	0.36217	0.01957	0.00900	0.00264	0.00389	0.01702	0.00714	0.00633
9	0.00970	0.00735	0.00799	0.00808	0.01013	0.00645	0.00596	0.01199	0.01719	0.02254	0.17351	0.13549	0.43233	0.01746	0.00843	0.00244	0.00374	0.01484	0.09795	0.00645
10	0.02152	0.06517	0.14921	0.05137	0.20801	0.08578	0.08527	0.12834	0.02028	0.09132	0.01557	0.01782	0.01165	0.00739	0.00725	0.00222	0.00967	0.00639	0.00469	0.01110
11	0.00967	0.00756	0.00876	0.00846	0.01058	0.00665	0.00635	0.01239	0.01904	0.02508	0.39244	0.06318	0.36941	0.01693	0.00876	0.00242	0.00363	0.01451	0.00755	0.00665
12	0.01679	0.01741	0.01955	0.01726	0.01829	0.13597	0.01393	0.01882	0.01422	0.01923	0.09111	0.02203	0.01794	0.01786	0.10811	0.00404	0.42833	0.00721	0.00402	0.00788
13	0.05884	0.03033	0.46128	0.10317	0.03229	0.01786	0.06404	0.02223	0.01501	0.02288	0.01282	0.01629	0.00954	0.00774	0.00910	0.00248	0.09485	0.00586	0.00329	0.01009
14	0.01274	0.00894	0.01065	0.01010	0.01111	0.00949	0.00680	0.08852	0.01401	0.01900	0.02257	0.06509	0.02418	0.47298	0.18536	0.00754	0.01008	0.01004	0.00481	0.00599
15	0.01196	0.00854	0.01196	0.01367	0.01538	0.00854	0.01196	0.01538	0.01709	0.02222	0.03931	0.08374	0.04272	0.02051	0.01025	0.00342	0.00684	0.64283	0.00684	0.00684
16	0.01058	0.00830	0.01210	0.08258	0.08416	0.00829	0.00970	0.01247	0.01435	0.01923	0.03447	0.55242	0.04022	0.06139	0.01070	0.00312	0.00548	0.01763	0.00608	0.00674
17	0.11364	0.09176	0.06302	0.02168	0.12668	0.14327	0.08143	0.10127	0.05785	0.10655	0.01602	0.01742	0.01204	0.00757	0.00682	0.00217	0.00915	0.00609	0.00505	0.01052
18	0.01720	0.03431	0.58242	0.02081	0.03097	0.01659	0.06238	0.02501	0.01643	0.10273	0.01530	0.01705	0.01057	0.00726	0.00720	0.00235	0.01051	0.00591	0.00388	0.01111
19	0.00939	0.00671	0.00901	0.01073	0.01131	0.00633	0.00749	0.01093	0.01455	0.01933	0.04073	0.65786	0.04835	0.02293	0.00957	0.00306	0.00460	0.09412	0.00688	0.00612
20	0.06258	0.01999	0.12934	0.10561	0.07159	0.01698	0.34735	0.02178	0.01596	0.02302	0.01480	0.01988	0.01153	0.01239	0.09063	0.00356	0.01225	0.00754	0.00369	0.00953
21	0.08142	0.13648	0.14079	0.02411	0.21030	0.05078	0.01768	0.09964	0.06005	0.08725	0.01572	0.01731	0.01199	0.00743	0.00668	0.00216	0.00853	0.00591	0.00475	0.01102
22	0.00954	0.00697	0.00858	0.00956	0.01046	0.00648	0.00655	0.01097	0.01468	0.01914	0.07743	0.41534	0.17030	0.14362	0.01417	0.00362	0.00480	0.05534	0.00655	0.00591
23	0.01454	0.09687	0.01875	0.01311	0.01679	0.01197	0.09336	0.01878	0.04096	0.07013	0.41589	0.04040	0.04677	0.01183	0.00796	0.00220	0.00557	0.01060	0.00682	0.05671
24	0.06423	0.17278	0.02491	0.05681	0.18059	0.01869	0.01450	0.06471	0.10328	0.11417	0.01720	0.01842	0.01322	0.00741	0.00647	0.00201	0.00737	0.00598	0.00514	0.10211
25	0.01734	0.02284	0.20663	0.05182	0.02960	0.01802	0.20457	0.08728	0.15461	0.02655	0.01811	0.02080	0.01369	0.01141	0.06020	0.00316	0.03077	0.00740	0.00471	0.01050
26	0.01357	0.00953	0.01463	0.01282	0.01514	0.00940	0.09242	0.01597	0.01433	0.08449	0.02927	0.11861	0.09148	0.17400	0.21604	0.00617	0.01053	0.01086	0.05363	0.00712
27	0.09173	0.01619	0.02616	0.06833	0.20057	0.01686	0.16593	0.05681	0.01678	0.02474	0.02046	0.02380	0.08813	0.00880	0.00946	0.00239	0.09279	0.00774	0.00433	0.05798

[dist]
# distance from previous block
# <min> <max>
0	8

[block]
# block no. 4 follows, 27 sequences, length 63
# corresponding to MSA columns:
# 276-302,322-357
name=unknown_E
#
# <colnr> <probs for GDERKNQSTAVLIFYWHMCP>
#	G	D	E	R	K	N	Q	S	T	A	V	L	I	F	Y	W	H	M	C	P
0	0.09870	0.07146	0.19636	0.09944	0.11109	0.04513	0.07453	0.11084	0.04091	0.02681	0.01691	0.01933	0.04116	0.00781	0.00700	0.00228	0.00919	0.00647	0.00436	0.01023
1	0.01197	0.00950	0.03886	0.01197	0.01321	0.00923	0.00916	0.01380	0.01370	0.05694	0.03041	0.37385	0.03396	0.11428	0.12330	0.00489	0.08255	0.03592	0.00574	0.00675
2	0.02108	0.45364	0.08453	0.01817	0.09556	0.10395	0.01527	0.09039	0.01807	0.02181	0.01186	0.01369	0.01009	0.00685	0.00572	0.00182	0.00891	0.00475	0.00374	0.01010
3	0.10086	0.01280	0.01601	0.01656	0.10768	0.01338	0.01135	0.04482	0.08540	0.02728	0.19896	0.03357	0.07118	0.01115	0.00914	0.00230	0.08040	0.03223	0.00589	0.11905
4	0.01922	0.01891	0.02833	0.03958	0.54189	0.06878	0.02109	0.04927	0.01733	0.02403	0.01347	0.01775	0.01141	0.00749	0.00919	0.00230	0.08854	0.00647	0.00379	0.01116
5	0.01895	0.01408	0.01449	0.01314	0.01654	0.07743	0.01006	0.02857	0.27353	0.14195	0.12272	0.13164	0.05212	0.01250	0.00785	0.00244	0.00594	0.01058	0.03567	0.00978
6	0.01456	0.00825	0.01037	0.01011	0.01243	0.00728	0.00746	0.01657	0.01717	0.17285	0.10819	0.32893	0.22074	0.01811	0.00876	0.00265	0.00453	0.01582	0.00753	0.00767
7	0.02490	0.01609	0.01815	0.01501	0.02004	0.01733	0.01204	0.17977	0.34621	0.22544	0.02717	0.02478	0.01918	0.00956	0.00750	0.00239	0.00652	0.00774	0.00799	0.01220
8	0.00912	0.00682	0.00847	0.00956	0.01062	0.00618	0.00660	0.01076	0.01551	0.02024	0.11024	0.51053	0.20549	0.02142	0.00924	0.00283	0.00410	0.01907	0.00701	0.00618
9	0.02708	0.01258	0.01610	0.01304	0.01790	0.01188	0.01052	0.03369	0.15363	0.46878	0.12323	0.03005	0.02658	0.01022	0.00767	0.00235	0.00583	0.00850	0.00871	0.01166
10	0.02351	0.01139	0.01451	0.01199	0.01615	0.01047	0.00956	0.09248	0.02150	0.36590	0.16134	0.10200	0.10133	0.01265	0.00804	0.00239	0.00551	0.01068	0.00835	0.01025
11	0.01752	0.02003	0.04380	0.03129	0.03880	0.01877	0.66583	0.02378	0.01752	0.02378	0.01502	0.02003	0.01126	0.00626	0.00876	0.00250	0.01252	0.00876	0.00375	0.01001
12	0.02628	0.01375	0.01683	0.01354	0.01841	0.01357	0.01095	0.14583	0.12436	0.36692	0.13857	0.02940	0.02671	0.01028	0.00769	0.00232	0.00611	0.00847	0.00845	0.01155
13	0.01276	0.00784	0.00990	0.00957	0.01141	0.00730	0.00700	0.01397	0.01531	0.09413	0.10970	0.11592	0.24567	0.07116	0.10104	0.13573	0.00675	0.01224	0.00614	0.00644
14	0.01225	0.00797	0.00989	0.00936	0.01159	0.00711	0.00703	0.01501	0.01919	0.09544	0.38392	0.13181	0.22856	0.01642	0.00871	0.00245	0.00395	0.01426	0.00779	0.00728
15	0.27401	0.01611	0.01675	0.01352	0.01880	0.01737	0.01109	0.23145	0.09122	0.20920	0.01967	0.01892	0.01368	0.00845	0.00654	0.00230	0.00667	0.00621	0.00698	0.01106
16	0.03242	0.01405	0.01810	0.01388	0.01966	0.01301	0.01147	0.14587	0.02362	0.58490	0.02730	0.02398	0.01738	0.00914	0.00746	0.00229	0.00664	0.00733	0.00888	0.01263
17	0.01629	0.01514	0.02525	0.17549	0.46095	0.01579	0.01969	0.02019	0.01571	0.02189	0.01593	0.05068	0.01457	0.08860	0.01082	0.00284	0.00867	0.00765	0.00382	0.01002
18	0.01272	0.00799	0.01054	0.00985	0.01187	0.00730	0.00740	0.01591	0.02028	0.09805	0.54850	0.12753	0.06235	0.01545	0.00870	0.00241	0.00388	0.01366	0.00814	0.00748
19	0.01691	0.02811	0.34171	0.02601	0.03503	0.01779	0.35119	0.02411	0.01682	0.04851	0.01477	0.01824	0.01068	0.00673	0.00794	0.00243	0.01158	0.00722	0.00367	0.01055
20	0.01751	0.12532	0.10948	0.02880	0.31569	0.01846	0.04570	0.04742	0.09059	0.02431	0.02171	0.02370	0.08287	0.00835	0.00717	0.00221	0.00823	0.00732	0.00444	0.01072
21	0.04579	0.02220	0.17619	0.06691	0.38914	0.01765	0.12849	0.02290	0.01649	0.02411	0.01383	0.01789	0.01095	0.00670	0.00742	0.00230	0.00982	0.00663	0.00359	0.01101
22	0.01076	0.00724	0.00830	0.00823	0.00843	0.00718	0.00478	0.01115	0.01193	0.01610	0.09713	0.04934	0.03176	0.65889	0.03457	0.00666	0.00679	0.01109	0.00491	0.00478
23	0.44216	0.04750	0.01643	0.01374	0.01774	0.19997	0.01105	0.05241	0.01579	0.02764	0.01090	0.01312	0.00889	0.00784	0.00747	0.00227	0.08769	0.00461	0.00432	0.00846
24	0.01080	0.00802	0.01051	0.01108	0.01226	0.00837	0.00796	0.01467	0.08781	0.02067	0.10047	0.36758	0.03895	0.04861	0.18590	0.03005	0.00844	0.01486	0.00619	0.00678
25	0.02075	0.01876	0.01888	0.04507	0.04992	0.10012	0.01298	0.14310	0.36648	0.03076	0.02272	0.02231	0.01719	0.00886	0.00720	0.00223	0.00741	0.00711	0.00643	0.09174
26	0.10010	0.01901	0.01897	0.01532	0.02039	0.09034	0.01240	0.35389	0.05022	0.11019	0.01818	0.01902	0.01339	0.01319	0.07720	0.00314	0.00925	0.00641	0.00651	0.04287
27	0.01698	0.17478	0.39499	0.01742	0.02567	0.01872	0.02023	0.06045	0.04521	0.04866	0.04517	0.02206	0.03757	0.00848	0.00690	0.00224	0.00910	0.03071	0.00428	0.01038
28	0.01856	0.38012	0.03118	0.01578	0.02116	0.02259	0.10841	0.08349	0.09079	0.02288	0.01840	0.12103	0.01732	0.00946	0.00660	0.00210	0.00788	0.00793	0.00469	0.00963
29	0.00961	0.00744	0.00875	0.00866	0.01060	0.00658	0.00640	0.01218	0.01854	0.02444	0.35604	0.13295	0.33595	0.01758	0.00884	0.00248	0.00370	0.01519	0.00749	0.00658
30	0.01665	0.28829	0.46614	0.01816	0.02750	0.02154	0.02221	0.02306	0.01546	0.02137	0.01226	0.01434	0.00945	0.00680	0.00624	0.00208	0.00990	0.00495	0.00315	0.01046
31	0.09800	0.01558	0.02203	0.13970	0.07985	0.01636	0.08632	0.11017	0.10675	0.21880	0.02056	0.02130	0.01444	0.00822	0.00732	0.00236	0.00794	0.00708	0.00626	0.01096
32	0.03163	0.01532	0.01889	0.01448	0.02029	0.01490	0.01197	0.24436	0.02575	0.48340	0.02551	0.02281	0.01648	0.00910	0.00745	0.00227	0.00693	0.00721	0.00861	0.01263
33	0.01102	0.00860	0.01020	0.01008	0.01232	0.00822	0.00789	0.01579	0.08748	0.02547	0.31099	0.06254	0.26239	0.01673	0.00889	0.00259	0.00439	0.11973	0.00747	0.00723
34	0.01450	0.01015	0.01431	0.01296	0.01583	0.00962	0.07645	0.01900	0.09206	0.11773	0.04307	0.30214	0.18303	0.01687	0.00877	0.00270	0.00560	0.04010	0.00697	0.00812
35	0.01451	0.01420	0.01663	0.07421	0.11017	0.10927	0.01264	0.01691	0.01544	0.01974	0.05137	0.23476	0.07816	0.01847	0.07596	0.00351	0.10960	0.01170	0.00500	0.00775
36	0.02221	0.02645	0.02484	0.05243	0.02543	0.37376	0.10780	0.02479	0.01735	0.01891	0.01154	0.01548	0.00987	0.00905	0.01233	0.00242	0.22713	0.00594	0.00362	0.00864
37	0.01812	0.01732	0.02809	0.02179	0.02527	0.01986	0.22903	0.12868	0.01731	0.02433	0.01427	0.02112	0.01252	0.08558	0.01775	0.00324	0.29461	0.00772	0.00425	0.00913
38	0.04569	0.09193	0.04976	0.02239	0.14952	0.01756	0.10014	0.05289	0.12859	0.10114	0.01890	0.02139	0.01477	0.01475	0.10768	0.00367	0.03661	0.00708	0.00511	0.01041
39	0.02059	0.10882	0.31432	0.01725	0.02504	0.01819	0.01865	0.08156	0.14466	0.14905	0.01948	0.01946	0.01384	0.00809	0.00699	0.00228	0.00857	0.00632	0.00544	0.01139
40	0.00904	0.00646	0.00861	0.01034	0.01077	0.00603	0.00689	0.01034	0.01421	0.01895	0.04092	0.73426	0.04910	0.02326	0.00948	0.00301	0.00431	0.02110	0.00689	0.00603
41	0.11218	0.01528	0.01844	0.10299	0.05336	0.01639	0.01305	0.13691	0.18155	0.23838	0.02278	0.02214	0.01595	0.00876	0.00714	0.00236	0.00700	0.00702	0.00700	0.01131
42	0.02008	0.05147	0.09460	0.01858	0.09004	0.10068	0.01493	0.13238	0.02114	0.09603	0.08494	0.03761	0.02514	0.01171	0.00800	0.00249	0.00822	0.16618	0.00603	0.00974
43	0.02428	0.34783	0.02904	0.01613	0.02123	0.35680	0.01360	0.07424	0.01944	0.02000	0.01144	0.01307	0.00978	0.00717	0.00589	0.00179	0.01058	0.00456	0.00381	0.00932
44	0.01723	0.01607	0.08650	0.01395	0.01884	0.04123	0.01229	0.02467	0.15590	0.09076	0.09672	0.03306	0.02494	0.01052	0.00801	0.00222	0.03091	0.09748	0.00609	0.21261
45	0.01987	0.15918	0.25058	0.05348	0.16828	0.05811	0.04372	0.02503	0.01693	0.11504	0.01505	0.01707	0.01126	0.00715	0.00681	0.00216	0.00946	0.00584	0.00416	0.01082
46	0.01080	0.00720	0.00810	0.00810	0.00810	0.00720	0.00450	0.01080	0.01080	0.01439	0.02339	0.04858	0.02699	0.73910	0.03779	0.00720	0.00720	0.01080	0.00450	0.00450
47	0.12520	0.01511	0.01547	0.01323	0.01747	0.08527	0.01043	0.07591	0.10642	0.26690	0.08703	0.10344	0.02446	0.01094	0.00736	0.00236	0.00657	0.00886	0.00733	0.01024
48	0.01544	0.01623	0.09187	0.47669	0.06591	0.01639	0.01950	0.09080	0.01725	0.02281	0.01639	0.06995	0.01384	0.00898	0.00760	0.00249	0.00931	0.02550	0.00410	0.00895
49	0.01167	0.00874	0.01028	0.00992	0.01194	0.00836	0.00731	0.08458	0.01942	0.02588	0.27026	0.22195	0.21785	0.04534	0.00991	0.00272	0.00443	0.01505	0.00730	0.00710
50	0.02372	0.02201	0.01832	0.01623	0.02018	0.27512	0.01277	0.13596	0.10632	0.10240	0.02080	0.02639	0.01721	0.01501	0.08528	0.00335	0.01078	0.07257	0.00585	0.00974
51	0.01316	0.00836	0.01036	0.01064	0.01277	0.00777	0.00850	0.01553	0.01653	0.09553	0.04664	0.09607	0.23467	0.10731	0.01266	0.00340	0.00564	0.24969	0.03781	0.00698
52	0.04190	0.01966	0.03381	0.09815	0.03442	0.09371	0.40189	0.02590	0.01811	0.13284	0.01664	0.01990	0.01201	0.00703	0.00807	0.00240	0.01115	0.00775	0.00462	0.01005
53	0.01034	0.00790	0.00978	0.01079	0.01268	0.00734	0.00882	0.01289	0.01670	0.02097	0.05414	0.15080	0.30752	0.02012	0.00956	0.00300	0.00530	0.31797	0.00687	0.00651
54	0.01752	0.02003	0.04380	0.03129	0.03880	0.01877	0.66583	0.02378	0.01752	0.02378	0.01502	0.02003	0.01126	0.00626	0.00876	0.00250	0.01252	0.00876	0.00375	0.01001
55	0.02234	0.01600	0.02030	0.02138	0.15955	0.01695	0.01442	0.16607	0.22543	0.14447	0.02500	0.02909	0.01963	0.01004	0.00775	0.00245	0.00715	0.07347	0.00692	0.01158
56	0.01374	0.01836	0.20720	0.01376	0.01877	0.01271	0.01362	0.02279	0.19225	0.02516	0.06989	0.11199	0.14484	0.01238	0.00766	0.00243	0.00639	0.01041	0.08649	0.00914
57	0.01147	0.00833	0.01127	0.01255	0.01435	0.00814	0.01076	0.01474	0.01751	0.02283	0.11501	0.07933	0.11303	0.01974	0.00993	0.00320	0.00615	0.50788	0.00699	0.00680
58	0.02526	0.02715	0.13503	0.01779	0.02366	0.24829	0.01581	0.20558	0.09896	0.10371	0.01764	0.01794	0.01284	0.00834	0.00714	0.00218	0.00991	0.00613	0.00572	0.01091
59	0.01731	0.20614	0.26865	0.02518	0.12453	0.02072	0.19026	0.02316	0.01619	0.02218	0.01311	0.01626	0.01026	0.00661	0.00697	0.00218	0.01032	0.00613	0.00338	0.01047
60	0.00968	0.00705	0.00885	0.01004	0.01094	0.00660	0.00708	0.01119	0.01460	0.01896	0.04392	0.43096	0.15205	0.12387	0.01350	0.00358	0.00500	0.10963	0.00654	0.00597
61	0.01303	0.09120	0.01425	0.01134	0.01428	0.01223	0.00910	0.02001	0.18256	0.02336	0.08953	0.13657	0.23356	0.01578	0.00832	0.00259	0.00524	0.10222	0.00673	0.00810
62	0.44994	0.11353	0.01687	0.08514	0.01946	0.09418	0.01057	0.02172	0.01490	0.02769	0.07405	0.01704	0.01438	0.00773	0.00553	0.00218	0.00711	0.00524	0.00452	0.00823

[dist]
# distance from previous block
# <min> <max>
0	13

# created by:
# /home/berkeley/.conda/envs/busco_data_prod/bin/msa2prfl.pl pipeline/OGs_align_augustus/5794/32123.fs
