[name]
unknown

[dist]
# distance from previous block
# <min> <max>
0	457

[block]
# block no. 0 follows, 31 sequences, length 34
# corresponding to MSA columns:
# 537-539,541-571
name=unknown_A
#
# <colnr> <probs for GDERKNQSTAVLIFYWHMCP>
#	G	D	E	R	K	N	Q	S	T	A	V	L	I	F	Y	W	H	M	C	P
0	0.08681	0.00739	0.00805	0.00810	0.00866	0.00759	0.00511	0.01133	0.01066	0.01563	0.02180	0.04462	0.02457	0.61653	0.02946	0.00587	0.00647	0.07233	0.00436	0.00466
1	0.04457	0.01709	0.13934	0.04481	0.11139	0.01366	0.06469	0.12799	0.01780	0.09640	0.04317	0.11316	0.01770	0.03310	0.00779	0.00225	0.00728	0.00793	0.00501	0.08486
2	0.03742	0.11150	0.13105	0.01580	0.06683	0.03969	0.01354	0.25182	0.02035	0.04895	0.01491	0.01819	0.01203	0.07873	0.00883	0.00231	0.00754	0.00575	0.02888	0.08587
3	0.01082	0.00886	0.01099	0.01333	0.07900	0.04293	0.00840	0.04318	0.01453	0.01909	0.03300	0.61350	0.03860	0.01864	0.00833	0.00262	0.00494	0.01681	0.00595	0.00646
4	0.65492	0.01197	0.00994	0.00924	0.01282	0.01376	0.00742	0.01834	0.01172	0.02801	0.01306	0.08353	0.01195	0.01211	0.07471	0.00303	0.00642	0.00555	0.00438	0.00711
5	0.00935	0.00668	0.00866	0.00874	0.00988	0.00623	0.00620	0.01171	0.01677	0.02339	0.46491	0.23998	0.05554	0.08771	0.01082	0.00275	0.00375	0.01404	0.00689	0.00599
6	0.01472	0.04768	0.07839	0.01153	0.01618	0.01153	0.01019	0.01788	0.01394	0.05415	0.01507	0.04903	0.01283	0.00747	0.00762	0.00162	0.10161	0.00556	0.13020	0.39278
7	0.01708	0.13280	0.14236	0.10372	0.11393	0.08514	0.01535	0.06117	0.01603	0.04295	0.01321	0.03717	0.01088	0.00676	0.00602	0.00178	0.00799	0.00538	0.00380	0.17648
8	0.01654	0.00877	0.01165	0.01042	0.01197	0.00890	0.00759	0.12096	0.01398	0.10792	0.01454	0.02042	0.01249	0.01933	0.02103	0.57145	0.00618	0.00610	0.00429	0.00546
9	0.00840	0.00631	0.00780	0.00876	0.00977	0.00570	0.00606	0.00994	0.01437	0.01872	0.11310	0.50555	0.22142	0.01962	0.00850	0.00259	0.00376	0.01744	0.00647	0.00570
10	0.01095	0.00958	0.01488	0.01211	0.01536	0.00866	0.16916	0.01396	0.01561	0.02092	0.06778	0.04642	0.39340	0.01269	0.00746	0.00217	0.00533	0.01133	0.15550	0.00674
11	0.01801	0.16832	0.17078	0.11549	0.18641	0.05204	0.03918	0.10503	0.01717	0.04686	0.01285	0.01540	0.00996	0.00661	0.00628	0.00198	0.00865	0.00542	0.00376	0.00981
12	0.01192	0.00977	0.01086	0.01024	0.01277	0.01015	0.00776	0.02062	0.27335	0.02489	0.24586	0.09815	0.20938	0.01363	0.00771	0.00230	0.00416	0.01169	0.00694	0.00785
13	0.01955	0.00965	0.01151	0.00995	0.01305	0.00933	0.00779	0.10719	0.01812	0.25180	0.02552	0.13960	0.02099	0.01030	0.00635	0.00201	0.00472	0.00859	0.31535	0.00862
14	0.01999	0.11835	0.06330	0.05620	0.19210	0.03964	0.05832	0.12790	0.01799	0.12563	0.01524	0.03592	0.01200	0.00777	0.00808	0.00211	0.07865	0.00624	0.00461	0.00996
15	0.02223	0.01715	0.02032	0.01807	0.08678	0.01941	0.01356	0.43003	0.06598	0.05665	0.04845	0.01862	0.01432	0.00895	0.00938	0.00222	0.12476	0.00653	0.00599	0.01061
16	0.00882	0.00631	0.00844	0.00967	0.01038	0.00593	0.00682	0.01054	0.01440	0.01942	0.15034	0.57237	0.04791	0.01995	0.00869	0.00271	0.00407	0.08093	0.00654	0.00578
17	0.01903	0.01918	0.02794	0.05674	0.14735	0.10829	0.22809	0.14941	0.01854	0.02435	0.01294	0.01649	0.01023	0.00744	0.00951	0.00225	0.12224	0.00650	0.00401	0.00947
18	0.00858	0.00698	0.00767	0.00801	0.01002	0.00607	0.00616	0.01051	0.01553	0.01900	0.08537	0.12749	0.53761	0.01779	0.00833	0.00246	0.00390	0.10628	0.00639	0.00585
19	0.01430	0.01408	0.03967	0.04429	0.10296	0.04799	0.05581	0.03648	0.08380	0.01957	0.01934	0.17100	0.01962	0.08857	0.01429	0.00296	0.20368	0.00938	0.00441	0.00782
20	0.01819	0.02049	0.13117	0.04100	0.09909	0.11904	0.01548	0.05539	0.20105	0.06159	0.01695	0.01855	0.01312	0.00971	0.03135	0.00253	0.12483	0.00620	0.00466	0.00961
21	0.01362	0.01156	0.01359	0.01007	0.01561	0.00878	0.00794	0.01649	0.01408	0.02183	0.01462	0.08546	0.01351	0.00664	0.00542	0.00118	0.00496	0.00553	0.00427	0.72484
22	0.01904	0.01570	0.01661	0.01433	0.01856	0.01796	0.01132	0.18402	0.55357	0.03187	0.02528	0.02348	0.01881	0.00904	0.00693	0.00226	0.00589	0.00738	0.00693	0.01101
23	0.01641	0.01544	0.08716	0.06065	0.24627	0.01239	0.01464	0.02030	0.01540	0.09175	0.04477	0.01785	0.01324	0.00636	0.00617	0.00168	0.00676	0.00557	0.00426	0.31293
24	0.00838	0.00694	0.00734	0.00724	0.00942	0.00590	0.00543	0.01039	0.01629	0.02014	0.18847	0.06311	0.59392	0.01671	0.00808	0.00228	0.00342	0.01406	0.00657	0.00590
25	0.01615	0.01845	0.04037	0.02884	0.03576	0.01730	0.69204	0.02191	0.01615	0.02191	0.01384	0.01845	0.01038	0.00577	0.00807	0.00231	0.01153	0.00807	0.00346	0.00923
26	0.01480	0.01619	0.10755	0.20505	0.10696	0.01449	0.12177	0.10558	0.01769	0.02393	0.10849	0.02618	0.08408	0.00864	0.00726	0.00220	0.00801	0.00788	0.00451	0.00873
27	0.01313	0.01022	0.04642	0.10732	0.11747	0.00936	0.01110	0.01593	0.01458	0.08682	0.05017	0.33651	0.02855	0.01352	0.00742	0.00235	0.00556	0.01210	0.10397	0.00750
28	0.02311	0.01274	0.01458	0.01171	0.01589	0.01303	0.00950	0.25165	0.05244	0.25237	0.02205	0.02173	0.01550	0.00827	0.00624	0.00195	0.00559	0.00652	0.24511	0.01002
29	0.00827	0.00622	0.00767	0.00883	0.00974	0.00562	0.00604	0.00960	0.01377	0.01774	0.04621	0.56958	0.22527	0.02033	0.00856	0.00265	0.00383	0.01810	0.00635	0.00562
30	0.01419	0.01216	0.01419	0.01013	0.01621	0.00912	0.00811	0.01723	0.01419	0.02229	0.01216	0.01419	0.01013	0.00507	0.00507	0.00101	0.00507	0.00405	0.00405	0.80139
31	0.01431	0.01027	0.01310	0.01326	0.04800	0.03582	0.00949	0.06016	0.01490	0.10461	0.02608	0.34168	0.02743	0.02126	0.12830	0.00391	0.08329	0.01212	0.00555	0.02646
32	0.14118	0.00947	0.01003	0.00888	0.01231	0.00890	0.00701	0.01851	0.04995	0.19262	0.04742	0.04476	0.39732	0.01302	0.00712	0.00223	0.00443	0.01056	0.00656	0.00772
33	0.00889	0.00635	0.00808	0.00913	0.00969	0.00609	0.00616	0.01004	0.01266	0.01673	0.03560	0.47372	0.09011	0.18310	0.04820	0.00399	0.00532	0.05504	0.00574	0.00534

[dist]
# distance from previous block
# <min> <max>
0	1

[block]
# block no. 1 follows, 31 sequences, length 28
# corresponding to MSA columns:
# 573-600
name=unknown_B
#
# <colnr> <probs for GDERKNQSTAVLIFYWHMCP>
#	G	D	E	R	K	N	Q	S	T	A	V	L	I	F	Y	W	H	M	C	P
0	0.01842	0.02091	0.18199	0.16885	0.21754	0.05664	0.01898	0.14099	0.01837	0.07158	0.01404	0.01671	0.01044	0.00692	0.00671	0.00211	0.00875	0.00583	0.00417	0.01006
1	0.76248	0.01436	0.01060	0.00950	0.01369	0.05695	0.00775	0.02053	0.01209	0.02989	0.00959	0.01118	0.00749	0.00639	0.00435	0.00210	0.00570	0.00375	0.00419	0.00744
2	0.01535	0.05602	0.02428	0.20883	0.34179	0.01722	0.01814	0.01876	0.01376	0.01925	0.01201	0.01752	0.01041	0.03440	0.01089	0.00242	0.16065	0.00607	0.00322	0.00899
3	0.02349	0.14120	0.02150	0.01600	0.01993	0.50193	0.01261	0.02543	0.01776	0.05694	0.01134	0.01300	0.00935	0.00711	0.00679	0.00176	0.05206	0.00450	0.00371	0.05357
4	0.00947	0.00679	0.00863	0.00850	0.00972	0.00633	0.00604	0.01186	0.01690	0.02352	0.48765	0.14978	0.08060	0.12932	0.01226	0.00293	0.00386	0.01308	0.00680	0.00595
5	0.00978	0.00679	0.00726	0.00714	0.00909	0.00610	0.00536	0.01227	0.01608	0.02249	0.19914	0.05097	0.36933	0.01389	0.00713	0.00207	0.00333	0.01166	0.23401	0.00610
6	0.63265	0.01287	0.01137	0.00971	0.01419	0.01415	0.00801	0.02309	0.01343	0.18649	0.01346	0.01386	0.00956	0.00683	0.00483	0.00212	0.00541	0.00442	0.00519	0.00836
7	0.10613	0.01360	0.01266	0.01251	0.05314	0.10638	0.00896	0.11871	0.05822	0.02542	0.02749	0.12445	0.12455	0.01091	0.00649	0.00208	0.00584	0.00883	0.16582	0.00779
8	0.02949	0.01358	0.01707	0.01309	0.01843	0.01292	0.01081	0.20314	0.02282	0.54726	0.02428	0.02152	0.01557	0.00840	0.00687	0.00210	0.00626	0.00669	0.00805	0.01164
9	0.01423	0.06080	0.15941	0.01426	0.02091	0.01227	0.09223	0.01842	0.01439	0.02149	0.01366	0.05618	0.01176	0.00640	0.00587	0.00152	0.00690	0.00557	0.00382	0.45990
10	0.01702	0.01470	0.01547	0.01392	0.01779	0.01702	0.01083	0.03635	0.70453	0.02862	0.02785	0.02553	0.02088	0.00928	0.00696	0.00232	0.00541	0.00773	0.00696	0.01083
11	0.80789	0.01323	0.01006	0.00900	0.01323	0.01535	0.00741	0.02011	0.01164	0.03070	0.00953	0.01111	0.00741	0.00635	0.00423	0.00212	0.00529	0.00370	0.00423	0.00741
12	0.02069	0.01652	0.01754	0.01467	0.01919	0.01873	0.01172	0.30505	0.42985	0.03454	0.02318	0.02181	0.01711	0.00885	0.00691	0.00221	0.00628	0.00709	0.00691	0.01116
13	0.80789	0.01323	0.01006	0.00900	0.01323	0.01535	0.00741	0.02011	0.01164	0.03070	0.00953	0.01111	0.00741	0.00635	0.00423	0.00212	0.00529	0.00370	0.00423	0.00741
14	0.01693	0.01626	0.02777	0.04199	0.71689	0.01626	0.02100	0.02100	0.01558	0.02235	0.01287	0.01693	0.01084	0.00610	0.00677	0.00203	0.00813	0.00610	0.00339	0.01084
15	0.01702	0.01470	0.01547	0.01392	0.01779	0.01702	0.01083	0.03635	0.70453	0.02862	0.02785	0.02553	0.02088	0.00928	0.00696	0.00232	0.00541	0.00773	0.00696	0.01083
16	0.01159	0.00725	0.00876	0.00880	0.01077	0.00636	0.00643	0.01333	0.01543	0.12178	0.08706	0.32517	0.31679	0.01743	0.00816	0.00245	0.00399	0.01515	0.00673	0.00659
17	0.12157	0.00790	0.00795	0.00739	0.00976	0.00800	0.00574	0.01848	0.01458	0.10546	0.02113	0.02332	0.01611	0.00781	0.00495	0.00172	0.00377	0.00608	0.60117	0.00711
18	0.00984	0.00708	0.00975	0.00975	0.01054	0.00788	0.00700	0.01142	0.01063	0.01496	0.01946	0.03318	0.01984	0.30061	0.48689	0.00946	0.01421	0.00825	0.00383	0.00542
19	0.01412	0.00691	0.00770	0.00752	0.00935	0.00667	0.00562	0.01694	0.01475	0.10354	0.02521	0.13697	0.02171	0.01009	0.00563	0.00183	0.00361	0.00844	0.58655	0.00685
20	0.01041	0.00601	0.00842	0.00901	0.00915	0.00586	0.00593	0.00923	0.01054	0.01405	0.02222	0.29179	0.02528	0.08983	0.02088	0.43652	0.00528	0.01125	0.00431	0.00402
21	0.06241	0.01302	0.01466	0.01070	0.01660	0.01086	0.00862	0.09412	0.01607	0.02515	0.01249	0.01426	0.01014	0.00550	0.00522	0.00120	0.00536	0.00427	0.00438	0.66497
22	0.00873	0.00691	0.00794	0.00835	0.01016	0.00612	0.00636	0.01076	0.01567	0.01970	0.13907	0.17855	0.43008	0.01781	0.00838	0.00248	0.00391	0.10663	0.00649	0.00590
23	0.00831	0.00607	0.00782	0.00923	0.00985	0.00558	0.00622	0.00956	0.01338	0.01758	0.04131	0.67662	0.12141	0.02097	0.00866	0.00273	0.00391	0.01888	0.00635	0.00558
24	0.01680	0.01640	0.03114	0.02286	0.02864	0.01584	0.45177	0.09817	0.05664	0.05001	0.08239	0.02440	0.05527	0.00773	0.00783	0.00226	0.00933	0.00854	0.00475	0.00923
25	0.01704	0.05990	0.12676	0.26829	0.10936	0.01511	0.03907	0.05874	0.03306	0.12405	0.03340	0.03884	0.03117	0.00780	0.00680	0.00216	0.00805	0.00672	0.00444	0.00924
26	0.00833	0.00620	0.00776	0.00893	0.00979	0.00564	0.00610	0.00971	0.01387	0.01805	0.06935	0.57901	0.19180	0.02027	0.00857	0.00265	0.00383	0.01810	0.00639	0.00564
27	0.12960	0.04620	0.01987	0.01517	0.01989	0.13892	0.09281	0.14449	0.01949	0.21338	0.01683	0.01735	0.01199	0.00756	0.00684	0.00204	0.03203	0.00586	0.05009	0.00960

[dist]
# distance from previous block
# <min> <max>
0	1

[block]
# block no. 2 follows, 31 sequences, length 52
# corresponding to MSA columns:
# 623-674
name=unknown_C
#
# <colnr> <probs for GDERKNQSTAVLIFYWHMCP>
#	G	D	E	R	K	N	Q	S	T	A	V	L	I	F	Y	W	H	M	C	P
0	0.23622	0.13157	0.08645	0.02480	0.31622	0.01789	0.01578	0.05664	0.01502	0.02475	0.01157	0.01416	0.00942	0.00628	0.00569	0.00198	0.00737	0.00497	0.00369	0.00955
1	0.01943	0.38459	0.04488	0.01385	0.01842	0.26167	0.01228	0.02173	0.01604	0.01705	0.01506	0.02103	0.03639	0.00817	0.00576	0.00181	0.00884	0.08124	0.00363	0.00814
2	0.23418	0.01237	0.01289	0.01013	0.01508	0.01140	0.00812	0.06041	0.01444	0.02531	0.01339	0.01827	0.01173	0.05198	0.00696	0.00182	0.00544	0.03557	0.00439	0.44611
3	0.01139	0.00924	0.01270	0.01188	0.01249	0.01143	0.00911	0.01303	0.01076	0.01588	0.01669	0.02773	0.01670	0.20513	0.33778	0.00732	0.21653	0.00753	0.04065	0.00604
4	0.39060	0.01421	0.01403	0.01159	0.01626	0.01552	0.00949	0.15728	0.09732	0.18630	0.01687	0.01652	0.01191	0.00752	0.00565	0.00213	0.00586	0.00536	0.00600	0.00957
5	0.00945	0.00688	0.00825	0.00796	0.00927	0.00637	0.00557	0.01149	0.01603	0.02178	0.39692	0.05221	0.17959	0.22096	0.01548	0.00342	0.00422	0.01210	0.00637	0.00568
6	0.01023	0.00705	0.00884	0.00928	0.00985	0.00719	0.00654	0.01137	0.01167	0.01555	0.02525	0.05174	0.02802	0.47549	0.10573	0.00616	0.00785	0.19255	0.00469	0.00496
7	0.33050	0.01366	0.01429	0.01150	0.01630	0.01432	0.00948	0.16526	0.01896	0.29035	0.01787	0.01721	0.01216	0.00758	0.00578	0.00209	0.00589	0.00548	0.03151	0.00983
8	0.00880	0.00619	0.00804	0.00911	0.00985	0.00577	0.00625	0.01047	0.01435	0.01968	0.15695	0.56983	0.06881	0.01927	0.00838	0.00259	0.00378	0.01734	0.04877	0.00577
9	0.00941	0.00698	0.00876	0.00832	0.01005	0.00634	0.00624	0.01238	0.01871	0.02589	0.60186	0.05365	0.17693	0.01456	0.00807	0.00218	0.00327	0.01273	0.00733	0.00634
10	0.00831	0.00604	0.00784	0.00928	0.00986	0.00558	0.00624	0.00955	0.01333	0.01756	0.04065	0.69081	0.10763	0.02105	0.00867	0.00273	0.00392	0.01898	0.00635	0.00558
11	0.01127	0.01091	0.07678	0.01152	0.01378	0.00931	0.00937	0.04249	0.13548	0.02178	0.09026	0.44098	0.03766	0.01666	0.00811	0.00258	0.00497	0.04258	0.00625	0.00725
12	0.07960	0.01252	0.01410	0.01026	0.01616	0.01010	0.00824	0.04382	0.01468	0.02379	0.01211	0.01402	0.00997	0.00529	0.00507	0.00114	0.00518	0.00411	0.00418	0.70565
13	0.02291	0.01510	0.01653	0.01359	0.01806	0.04559	0.01090	0.21086	0.24013	0.22371	0.08772	0.02427	0.02085	0.00911	0.00698	0.00215	0.00619	0.00736	0.00725	0.01074
14	0.01292	0.01216	0.02052	0.74312	0.04712	0.01520	0.01900	0.01748	0.01368	0.01748	0.01216	0.01824	0.00912	0.00684	0.00684	0.00228	0.00912	0.00608	0.00304	0.00760
15	0.01372	0.03539	0.72412	0.01950	0.02961	0.01589	0.02528	0.02167	0.01444	0.02167	0.01228	0.01444	0.00867	0.00650	0.00650	0.00217	0.01011	0.00506	0.00289	0.01011
16	0.00834	0.00595	0.00794	0.00953	0.00992	0.00556	0.00635	0.00953	0.01310	0.01746	0.03771	0.75510	0.04525	0.02143	0.00873	0.00278	0.00397	0.01945	0.00635	0.00556
17	0.01988	0.01045	0.01326	0.01098	0.01453	0.00991	0.00874	0.10076	0.04382	0.29552	0.34614	0.03555	0.03868	0.01104	0.00743	0.00213	0.00480	0.00939	0.00779	0.00919
18	0.01221	0.00901	0.01069	0.01011	0.01181	0.00944	0.00735	0.11419	0.05247	0.02155	0.09034	0.15981	0.09772	0.20602	0.15122	0.00505	0.00783	0.01106	0.00551	0.00660
19	0.01615	0.01845	0.04037	0.02884	0.03576	0.01730	0.69204	0.02191	0.01615	0.02191	0.01384	0.01845	0.01038	0.00577	0.00807	0.00231	0.01153	0.00807	0.00346	0.00923
20	0.00924	0.00698	0.00854	0.00815	0.00995	0.00627	0.00611	0.01206	0.01833	0.02498	0.53661	0.05515	0.24275	0.01490	0.00807	0.00220	0.00329	0.01294	0.00721	0.00627
21	0.19934	0.01162	0.03641	0.01090	0.01416	0.01134	0.00878	0.12164	0.01767	0.11943	0.14097	0.22658	0.02960	0.01240	0.00697	0.00230	0.00515	0.01039	0.00630	0.00804
22	0.01618	0.42681	0.35421	0.01531	0.02313	0.02190	0.01798	0.02103	0.01415	0.01867	0.01079	0.01258	0.00873	0.00615	0.00537	0.00179	0.00861	0.00430	0.00291	0.00940
23	0.01577	0.01792	0.03881	0.02781	0.03452	0.01676	0.65998	0.02135	0.01612	0.02175	0.01643	0.02067	0.04323	0.00631	0.00807	0.00231	0.01116	0.00837	0.00360	0.00907
24	0.00995	0.00663	0.00746	0.00746	0.00746	0.00663	0.00415	0.00995	0.00995	0.01327	0.02156	0.04477	0.02487	0.75957	0.03482	0.00663	0.00663	0.00995	0.00415	0.00415
25	0.13455	0.01671	0.04578	0.24566	0.03062	0.10178	0.16586	0.02031	0.01468	0.05033	0.01404	0.06320	0.01171	0.00781	0.00759	0.00226	0.04841	0.00681	0.00380	0.00809
26	0.00951	0.00747	0.00869	0.00870	0.01051	0.00701	0.00639	0.01327	0.08059	0.02223	0.27577	0.20406	0.28791	0.01633	0.00811	0.00236	0.00367	0.01419	0.00681	0.00643
27	0.00986	0.00713	0.00953	0.00959	0.01019	0.00783	0.00670	0.01114	0.01074	0.01496	0.02121	0.10191	0.02273	0.34258	0.35356	0.00818	0.03327	0.00951	0.00410	0.00528
28	0.80789	0.01323	0.01006	0.00900	0.01323	0.01535	0.00741	0.02011	0.01164	0.03070	0.00953	0.01111	0.00741	0.00635	0.00423	0.00212	0.00529	0.00370	0.00423	0.00741
29	0.01924	0.01676	0.01877	0.01534	0.01926	0.16376	0.11206	0.13558	0.02029	0.10835	0.16845	0.02870	0.05669	0.01231	0.05335	0.00267	0.00848	0.02559	0.00574	0.00862
30	0.01716	0.01731	0.04524	0.09902	0.20413	0.08228	0.13783	0.02088	0.01507	0.05765	0.01282	0.01651	0.01028	0.00708	0.00907	0.00210	0.11916	0.00601	0.00367	0.11675
31	0.00895	0.00671	0.00840	0.00925	0.01055	0.00616	0.00690	0.01094	0.01518	0.01977	0.14700	0.34455	0.22536	0.01877	0.00859	0.00263	0.00414	0.13374	0.00652	0.00588
32	0.42409	0.02077	0.01462	0.01287	0.01700	0.27622	0.01013	0.08604	0.01664	0.05037	0.01115	0.01247	0.00864	0.00685	0.00527	0.00198	0.00808	0.00430	0.00436	0.00814
33	0.01256	0.00749	0.00937	0.00905	0.01114	0.00664	0.00672	0.01467	0.01652	0.14455	0.21644	0.25863	0.22769	0.01613	0.00806	0.00237	0.00397	0.01406	0.00703	0.00692
34	0.01592	0.04480	0.02185	0.33847	0.22244	0.10126	0.01715	0.04785	0.01589	0.02009	0.03522	0.04075	0.03427	0.00764	0.00678	0.00212	0.00860	0.00663	0.00368	0.00860
35	0.00994	0.00667	0.00800	0.00789	0.00939	0.00612	0.00576	0.01170	0.01563	0.02172	0.28404	0.08453	0.23517	0.01590	0.01041	0.12151	0.00374	0.01148	0.12472	0.00568
36	0.01141	0.01102	0.07975	0.01274	0.01561	0.00881	0.11082	0.01490	0.01542	0.02246	0.16541	0.22816	0.03428	0.01317	0.00752	0.00230	0.00554	0.06243	0.17131	0.00694
37	0.01769	0.01583	0.12160	0.01398	0.01856	0.01312	0.04819	0.19744	0.05014	0.11555	0.18697	0.11982	0.02912	0.01097	0.00740	0.00222	0.00634	0.00943	0.00638	0.00923
38	0.01062	0.00647	0.00753	0.00777	0.00912	0.00617	0.00564	0.01326	0.01546	0.02373	0.21477	0.21212	0.07092	0.01333	0.00679	0.00207	0.00340	0.01157	0.35309	0.00617
39	0.01122	0.00915	0.01020	0.00980	0.01215	0.00929	0.00736	0.01854	0.22236	0.02378	0.22489	0.13760	0.24810	0.01455	0.00783	0.00233	0.00405	0.01252	0.00685	0.00744
40	0.80789	0.01323	0.01006	0.00900	0.01323	0.01535	0.00741	0.02011	0.01164	0.03070	0.00953	0.01111	0.00741	0.00635	0.00423	0.00212	0.00529	0.00370	0.00423	0.00741
41	0.80789	0.01323	0.01006	0.00900	0.01323	0.01535	0.00741	0.02011	0.01164	0.03070	0.00953	0.01111	0.00741	0.00635	0.00423	0.00212	0.00529	0.00370	0.00423	0.00741
42	0.01314	0.03629	0.08163	0.19570	0.07920	0.01245	0.01276	0.05921	0.04420	0.02066	0.11944	0.02973	0.02239	0.20293	0.03922	0.00361	0.00762	0.00795	0.00443	0.00742
43	0.01930	0.56672	0.03185	0.01298	0.01822	0.02550	0.01223	0.13513	0.01670	0.02074	0.01064	0.01228	0.00929	0.00683	0.00649	0.00171	0.07635	0.00430	0.00360	0.00915
44	0.00941	0.01007	0.09664	0.01068	0.01279	0.00725	0.00911	0.01179	0.01402	0.01849	0.03961	0.41435	0.16133	0.04148	0.00926	0.00279	0.00507	0.11379	0.00585	0.00623
45	0.01224	0.00932	0.01081	0.00998	0.01248	0.00921	0.00788	0.11544	0.05635	0.02653	0.31257	0.05178	0.23030	0.01439	0.00800	0.00231	0.00443	0.09181	0.00692	0.00726
46	0.01639	0.07001	0.29182	0.01790	0.04745	0.12048	0.07380	0.08822	0.01727	0.02258	0.05584	0.04419	0.05733	0.00995	0.03503	0.00243	0.00939	0.00681	0.00406	0.00904
47	0.01537	0.02386	0.25860	0.02586	0.03379	0.01685	0.47923	0.02184	0.01560	0.02184	0.01334	0.01717	0.00983	0.00600	0.00757	0.00226	0.01108	0.00711	0.00328	0.00951
48	0.12062	0.01403	0.01610	0.13728	0.02169	0.05254	0.01168	0.14421	0.01841	0.18087	0.02408	0.02463	0.11662	0.00945	0.00812	0.00222	0.07576	0.00712	0.00561	0.00895
49	0.01546	0.01768	0.16522	0.10919	0.12559	0.03330	0.01605	0.02040	0.06199	0.08721	0.02192	0.08253	0.08236	0.00997	0.00937	0.00234	0.11819	0.00791	0.00445	0.00886
50	0.04290	0.01569	0.11801	0.10674	0.08159	0.04263	0.03481	0.06120	0.01666	0.16354	0.02513	0.14233	0.07771	0.01071	0.00721	0.00228	0.00710	0.02957	0.00537	0.00884
51	0.00874	0.00641	0.00828	0.00951	0.01041	0.00595	0.00681	0.01040	0.01420	0.01864	0.08485	0.52403	0.13978	0.02005	0.00869	0.00272	0.00416	0.10422	0.00642	0.00574

[dist]
# distance from previous block
# <min> <max>
0	1

[block]
# block no. 3 follows, 31 sequences, length 22
# corresponding to MSA columns:
# 679-700
name=unknown_D
#
# <colnr> <probs for GDERKNQSTAVLIFYWHMCP>
#	G	D	E	R	K	N	Q	S	T	A	V	L	I	F	Y	W	H	M	C	P
0	0.01579	0.08045	0.16000	0.08392	0.05409	0.03494	0.20652	0.06043	0.03687	0.04740	0.01717	0.11080	0.01509	0.01006	0.03361	0.00254	0.00924	0.00803	0.00414	0.00895
1	0.01897	0.01561	0.02472	0.16874	0.14192	0.04326	0.16909	0.10494	0.01760	0.12726	0.01578	0.01984	0.01209	0.05191	0.00933	0.00246	0.03570	0.00683	0.00456	0.00940
2	0.04538	0.01199	0.01870	0.39700	0.14562	0.01343	0.01567	0.02015	0.01483	0.11797	0.01566	0.01948	0.01160	0.00708	0.00645	0.00212	0.00753	0.00615	0.11469	0.00851
3	0.01419	0.01216	0.01419	0.01013	0.01621	0.00912	0.00811	0.01723	0.01419	0.02229	0.01216	0.01419	0.01013	0.00507	0.00507	0.00101	0.00507	0.00405	0.00405	0.80139
4	0.01560	0.01602	0.02086	0.01794	0.01815	0.06331	0.01486	0.01711	0.01101	0.01648	0.00908	0.01481	0.00897	0.01168	0.02148	0.00292	0.70329	0.00589	0.00303	0.00751
5	0.00893	0.00696	0.00810	0.00781	0.00976	0.00613	0.00586	0.01145	0.01758	0.02319	0.40819	0.05809	0.37229	0.01557	0.00808	0.00223	0.00334	0.01335	0.00697	0.00613
6	0.00934	0.00680	0.00879	0.00867	0.01011	0.00625	0.00636	0.01211	0.01800	0.02509	0.55222	0.18007	0.09950	0.01554	0.00819	0.00228	0.00338	0.01378	0.00725	0.00625
7	0.00864	0.00681	0.00779	0.00784	0.00965	0.00597	0.00577	0.01078	0.01647	0.02124	0.27378	0.15707	0.41025	0.01682	0.00817	0.00232	0.00346	0.01447	0.00673	0.00597
8	0.30894	0.01202	0.01311	0.01065	0.01524	0.01204	0.00874	0.05089	0.01671	0.38681	0.01991	0.01885	0.01336	0.00765	0.00574	0.00207	0.00546	0.00567	0.07649	0.00965
9	0.01702	0.01470	0.01547	0.01392	0.01779	0.01702	0.01083	0.03635	0.70453	0.02862	0.02785	0.02553	0.02088	0.00928	0.00696	0.00232	0.00541	0.00773	0.00696	0.01083
10	0.01419	0.01216	0.01419	0.01013	0.01621	0.00912	0.00811	0.01723	0.01419	0.02229	0.01216	0.01419	0.01013	0.00507	0.00507	0.00101	0.00507	0.00405	0.00405	0.80139
11	0.80789	0.01323	0.01006	0.00900	0.01323	0.01535	0.00741	0.02011	0.01164	0.03070	0.00953	0.01111	0.00741	0.00635	0.00423	0.00212	0.00529	0.00370	0.00423	0.00741
12	0.01292	0.01216	0.02052	0.74312	0.04712	0.01520	0.01900	0.01748	0.01368	0.01748	0.01216	0.01824	0.00912	0.00684	0.00684	0.00228	0.00912	0.00608	0.00304	0.00760
13	0.00926	0.00687	0.00874	0.00967	0.01068	0.00661	0.00685	0.01214	0.06056	0.02006	0.14884	0.50987	0.09011	0.01901	0.00850	0.00264	0.00404	0.05286	0.00658	0.00611
14	0.02770	0.01684	0.01817	0.01425	0.01941	0.07881	0.01163	0.31634	0.05132	0.34174	0.02104	0.01946	0.01410	0.00826	0.00680	0.00207	0.00711	0.00639	0.00728	0.01128
15	0.01709	0.39261	0.06578	0.01185	0.01652	0.01945	0.01114	0.08901	0.01546	0.04754	0.01414	0.01746	0.01217	0.04313	0.12694	0.00339	0.00888	0.00522	0.07382	0.00843
16	0.01135	0.01090	0.01686	0.01415	0.01651	0.01156	0.13914	0.01378	0.01429	0.01887	0.06527	0.14020	0.29449	0.01429	0.01156	0.00253	0.18051	0.01184	0.00505	0.00684
17	0.00899	0.00672	0.00819	0.00857	0.00989	0.00614	0.00619	0.01097	0.01556	0.02057	0.24778	0.24796	0.23102	0.08302	0.01071	0.00283	0.00400	0.05858	0.00651	0.00581
18	0.01902	0.14453	0.05322	0.08991	0.05376	0.04580	0.18552	0.17241	0.01863	0.04634	0.01317	0.01604	0.01021	0.00732	0.00849	0.00214	0.09375	0.00611	0.00417	0.00946
19	0.01854	0.06325	0.01770	0.14370	0.02246	0.25676	0.01233	0.02210	0.05736	0.08038	0.05932	0.02289	0.06649	0.01317	0.08285	0.00297	0.03863	0.00665	0.00448	0.00797
20	0.01590	0.16516	0.11736	0.01389	0.07493	0.01385	0.01185	0.01954	0.01462	0.06252	0.01423	0.01619	0.01132	0.00618	0.00533	0.00151	0.00621	0.00483	0.13341	0.29116
21	0.17534	0.02007	0.22573	0.11676	0.02559	0.01490	0.07516	0.07115	0.03624	0.02465	0.01604	0.01820	0.05175	0.00716	0.00621	0.00206	0.00783	0.00581	0.00399	0.09536

[dist]
# distance from previous block
# <min> <max>
0	49

[block]
# block no. 4 follows, 31 sequences, length 40
# corresponding to MSA columns:
# 750-773,775-784,798-803
name=unknown_E
#
# <colnr> <probs for GDERKNQSTAVLIFYWHMCP>
#	G	D	E	R	K	N	Q	S	T	A	V	L	I	F	Y	W	H	M	C	P
0	0.05135	0.15727	0.01999	0.07241	0.02000	0.31452	0.01151	0.04289	0.03051	0.01856	0.01336	0.04902	0.01231	0.07563	0.00847	0.00220	0.00902	0.00564	0.00381	0.08155
1	0.00889	0.00692	0.00823	0.00854	0.01020	0.00635	0.00642	0.01093	0.01522	0.01953	0.15725	0.16235	0.35579	0.04729	0.07502	0.00338	0.00525	0.08033	0.00621	0.00588
2	0.02156	0.01609	0.05168	0.02141	0.18744	0.01630	0.01478	0.18116	0.08091	0.18626	0.01868	0.02110	0.01413	0.00868	0.00888	0.00225	0.09924	0.03317	0.00571	0.01057
3	0.07670	0.09430	0.12343	0.02525	0.28345	0.15945	0.01691	0.06417	0.01677	0.02227	0.01465	0.01694	0.04297	0.00700	0.00626	0.00196	0.00870	0.00560	0.00372	0.00951
4	0.01256	0.00874	0.01212	0.17544	0.04711	0.00900	0.00970	0.01534	0.01496	0.08357	0.09787	0.12085	0.16432	0.04717	0.04270	0.00282	0.00598	0.01030	0.11246	0.00699
5	0.00945	0.00646	0.00778	0.00832	0.00855	0.00631	0.00514	0.01004	0.01147	0.01534	0.05203	0.27563	0.03330	0.47302	0.02470	0.00513	0.00564	0.03192	0.00504	0.00475
6	0.08088	0.01610	0.02342	0.07653	0.26274	0.01672	0.07849	0.20867	0.02035	0.12597	0.01561	0.01747	0.01149	0.00705	0.00674	0.00210	0.00781	0.00622	0.00510	0.01053
7	0.02055	0.02092	0.06399	0.18369	0.09404	0.26383	0.04246	0.02383	0.01694	0.13458	0.01574	0.06097	0.01267	0.00792	0.00675	0.00207	0.00945	0.00645	0.00435	0.00880
8	0.01153	0.00750	0.00969	0.00962	0.01124	0.00710	0.00701	0.01492	0.05972	0.08668	0.34818	0.31797	0.05008	0.01606	0.00815	0.00240	0.00388	0.01431	0.00713	0.00685
9	0.01675	0.18414	0.02803	0.17827	0.31701	0.01879	0.05957	0.05027	0.04471	0.02107	0.01281	0.01630	0.01045	0.00640	0.00634	0.00199	0.00822	0.00574	0.00352	0.00963
10	0.01012	0.00691	0.00876	0.00869	0.00964	0.00720	0.00612	0.01189	0.01244	0.01793	0.12039	0.03801	0.05749	0.28257	0.26755	0.00669	0.00963	0.00914	0.10334	0.00550
11	0.00853	0.00609	0.00783	0.00914	0.00958	0.00570	0.00602	0.00959	0.01282	0.01698	0.03716	0.63281	0.07429	0.11447	0.01200	0.00324	0.00428	0.01801	0.00607	0.00539
12	0.00968	0.00699	0.00914	0.00861	0.01022	0.00646	0.00646	0.01291	0.01937	0.02743	0.71328	0.05110	0.06455	0.01399	0.00807	0.00215	0.00323	0.01237	0.00753	0.00646
13	0.00880	0.00615	0.00780	0.00893	0.00922	0.00587	0.00572	0.00965	0.01220	0.01626	0.03308	0.55145	0.03941	0.23306	0.01621	0.00388	0.00473	0.01673	0.00572	0.00515
14	0.01829	0.76368	0.03585	0.01171	0.01756	0.02707	0.01171	0.02049	0.01390	0.01610	0.00951	0.01097	0.00878	0.00585	0.00439	0.00146	0.00732	0.00366	0.00293	0.00878
15	0.01372	0.03539	0.72412	0.01950	0.02961	0.01589	0.02528	0.02167	0.01444	0.02167	0.01228	0.01444	0.00867	0.00650	0.00650	0.00217	0.01011	0.00506	0.00289	0.01011
16	0.02967	0.01190	0.01579	0.01216	0.01732	0.01061	0.01003	0.07432	0.02016	0.65064	0.02613	0.02294	0.01663	0.00843	0.00679	0.00209	0.00582	0.00681	0.04032	0.01143
17	0.01829	0.76368	0.03585	0.01171	0.01756	0.02707	0.01171	0.02049	0.01390	0.01610	0.00951	0.01097	0.00878	0.00585	0.00439	0.00146	0.00732	0.00366	0.00293	0.00878
18	0.01303	0.01247	0.01797	0.41413	0.10205	0.05786	0.01542	0.01643	0.01412	0.01795	0.02058	0.15526	0.06419	0.01037	0.00785	0.00234	0.03763	0.00898	0.00393	0.00744
19	0.00834	0.00595	0.00794	0.00953	0.00992	0.00556	0.00635	0.00953	0.01310	0.01746	0.03771	0.75510	0.04525	0.02143	0.00873	0.00278	0.00397	0.01945	0.00635	0.00556
20	0.00912	0.00675	0.00862	0.00993	0.01064	0.00660	0.00676	0.01196	0.07586	0.01848	0.03681	0.68888	0.04304	0.02033	0.00857	0.00274	0.00410	0.01839	0.00641	0.00604
21	0.05569	0.09639	0.08800	0.04909	0.02372	0.03726	0.10824	0.26271	0.02074	0.07189	0.01401	0.01594	0.01051	0.00782	0.00867	0.00217	0.10653	0.00593	0.00483	0.00986
22	0.01735	0.16556	0.25995	0.02086	0.14312	0.01777	0.06411	0.09394	0.01696	0.06652	0.01692	0.01849	0.05452	0.00725	0.00641	0.00201	0.00837	0.00600	0.00401	0.00991
23	0.01957	0.02146	0.19644	0.01547	0.02109	0.04625	0.01491	0.29786	0.10678	0.03134	0.01694	0.01796	0.01253	0.00801	0.00722	0.00209	0.04252	0.00602	0.10541	0.01014
24	0.00967	0.00658	0.00784	0.00810	0.00827	0.00662	0.00488	0.01008	0.01055	0.01417	0.02390	0.15848	0.02751	0.57889	0.09058	0.00638	0.00721	0.01127	0.00446	0.00454
25	0.09496	0.02948	0.50398	0.02016	0.06002	0.01635	0.08871	0.06719	0.01559	0.02409	0.01246	0.01476	0.00901	0.00651	0.00646	0.00216	0.00950	0.00534	0.00337	0.00989
26	0.01768	0.20654	0.22649	0.01449	0.02117	0.05153	0.01497	0.11188	0.04234	0.04824	0.04427	0.01605	0.01256	0.00686	0.00587	0.00177	0.00772	0.00515	0.00420	0.14021
27	0.01747	0.45055	0.02936	0.01628	0.11200	0.05074	0.01269	0.01998	0.01412	0.01801	0.01040	0.01268	0.00930	0.00629	0.00634	0.00160	0.06629	0.00427	0.00320	0.13844
28	0.00876	0.00630	0.00840	0.00993	0.01059	0.00594	0.00707	0.01029	0.01362	0.01799	0.03861	0.62008	0.06858	0.02087	0.00883	0.00282	0.00433	0.12496	0.00634	0.00569
29	0.07138	0.01572	0.11535	0.08992	0.20404	0.01317	0.10508	0.01848	0.01490	0.05102	0.05129	0.11733	0.06144	0.03133	0.00795	0.00237	0.00755	0.00871	0.00435	0.00863
30	0.08571	0.01301	0.05843	0.03715	0.04138	0.01201	0.02918	0.07367	0.14238	0.02489	0.08588	0.13431	0.11918	0.01124	0.00698	0.00216	0.00556	0.00956	0.00563	0.10171
31	0.00827	0.00682	0.00727	0.00742	0.00942	0.00581	0.00546	0.01008	0.01565	0.01923	0.12833	0.15022	0.56733	0.01751	0.00816	0.00235	0.00350	0.01486	0.00647	0.00581
32	0.00828	0.00617	0.00771	0.00895	0.00977	0.00561	0.00610	0.00959	0.01365	0.01769	0.04471	0.60229	0.19354	0.02052	0.00859	0.00267	0.00386	0.01834	0.00635	0.00561
33	0.02370	0.01927	0.02119	0.08265	0.13990	0.11607	0.01464	0.37534	0.02497	0.09178	0.01556	0.01669	0.01135	0.00760	0.00674	0.00203	0.00828	0.00596	0.00562	0.01065
34	0.01755	0.01405	0.01216	0.01083	0.01376	0.13960	0.00837	0.12511	0.08109	0.04833	0.04429	0.02599	0.07846	0.00898	0.00600	0.00186	0.00581	0.00702	0.34275	0.00799
35	0.00845	0.00628	0.00788	0.00888	0.00982	0.00571	0.00613	0.01000	0.01437	0.01888	0.12590	0.52775	0.18561	0.01969	0.00852	0.00261	0.00378	0.01756	0.00649	0.00571
36	0.01382	0.01177	0.01380	0.01010	0.01582	0.00890	0.00800	0.01675	0.01412	0.02199	0.01375	0.06041	0.01232	0.00609	0.00530	0.00112	0.00500	0.00501	0.00420	0.75174
37	0.02148	0.01645	0.02192	0.02396	0.24632	0.04216	0.04674	0.16912	0.16531	0.14641	0.01914	0.01962	0.01407	0.00764	0.00689	0.00212	0.00735	0.00662	0.00574	0.01096
38	0.05709	0.08852	0.01995	0.04513	0.02045	0.01908	0.01226	0.39384	0.11612	0.08428	0.01879	0.02124	0.01441	0.00867	0.00667	0.00212	0.00700	0.04753	0.00629	0.01056
39	0.05402	0.04960	0.06315	0.01607	0.06690	0.03569	0.06535	0.26387	0.02184	0.07997	0.05754	0.02540	0.11116	0.00910	0.00680	0.00207	0.00695	0.00748	0.04750	0.00954

[dist]
# distance from previous block
# <min> <max>
0	27

[block]
# block no. 5 follows, 31 sequences, length 21
# corresponding to MSA columns:
# 838-858
name=unknown_F
#
# <colnr> <probs for GDERKNQSTAVLIFYWHMCP>
#	G	D	E	R	K	N	Q	S	T	A	V	L	I	F	Y	W	H	M	C	P
0	0.01402	0.01488	0.02920	0.11344	0.09707	0.01436	0.39000	0.01857	0.01566	0.02064	0.02598	0.02891	0.16807	0.00852	0.00780	0.00228	0.00910	0.00906	0.00405	0.00841
1	0.01702	0.01470	0.01547	0.01392	0.01779	0.01702	0.01083	0.03635	0.70453	0.02862	0.02785	0.02553	0.02088	0.00928	0.00696	0.00232	0.00541	0.00773	0.00696	0.01083
2	0.00868	0.00618	0.00821	0.00944	0.00988	0.00600	0.00632	0.00986	0.01250	0.01680	0.03374	0.59392	0.03985	0.11171	0.08869	0.00411	0.00581	0.01704	0.00581	0.00545
3	0.00914	0.00625	0.00834	0.00962	0.01008	0.00598	0.00663	0.01006	0.01271	0.01688	0.03353	0.53479	0.03943	0.09903	0.01317	0.07448	0.00470	0.09411	0.00581	0.00527
4	0.00970	0.00653	0.00754	0.00778	0.00784	0.00647	0.00449	0.00988	0.01044	0.01392	0.02406	0.15503	0.02804	0.64499	0.03077	0.00603	0.00622	0.01142	0.00449	0.00436
5	0.02551	0.01892	0.02025	0.01564	0.02103	0.02099	0.01288	0.65789	0.06915	0.04232	0.01705	0.01693	0.01214	0.00827	0.00685	0.00207	0.00741	0.00625	0.00685	0.01159
6	0.02992	0.01289	0.01665	0.01276	0.01808	0.01190	0.01054	0.14256	0.02166	0.60947	0.02524	0.02215	0.01606	0.00843	0.00687	0.00211	0.00610	0.00676	0.00820	0.01164
7	0.01841	0.01539	0.01626	0.01420	0.01832	0.01767	0.01117	0.13845	0.60016	0.03087	0.02607	0.02411	0.01945	0.00912	0.00694	0.00228	0.00574	0.00749	0.00694	0.01095
8	0.01071	0.00840	0.00939	0.00910	0.01131	0.00808	0.00691	0.05383	0.05997	0.03677	0.09941	0.16997	0.41246	0.01639	0.00852	0.00241	0.02756	0.03571	0.00644	0.00666
9	0.02080	0.01781	0.01752	0.01487	0.01924	0.08302	0.01177	0.25575	0.41752	0.03240	0.02246	0.02129	0.01670	0.00872	0.00685	0.00218	0.00675	0.00691	0.00661	0.01084
10	0.01684	0.25469	0.09216	0.05145	0.10582	0.08839	0.01352	0.02016	0.01478	0.01950	0.01126	0.01354	0.00947	0.00586	0.00540	0.00153	0.00756	0.00441	0.00340	0.26026
11	0.05991	0.08113	0.01884	0.01309	0.01844	0.01519	0.01099	0.23292	0.02258	0.42374	0.02150	0.01960	0.01420	0.00807	0.00654	0.00204	0.00645	0.00624	0.00731	0.01121
12	0.00831	0.00663	0.00745	0.00790	0.00954	0.00577	0.00567	0.01000	0.01514	0.01896	0.11681	0.28225	0.44485	0.01833	0.00829	0.00244	0.00360	0.01584	0.00646	0.00577
13	0.01428	0.01641	0.10144	0.17410	0.17350	0.05942	0.06888	0.01903	0.05255	0.01996	0.01879	0.16134	0.01810	0.01013	0.00795	0.00234	0.03895	0.03027	0.00412	0.00846
14	0.01808	0.08371	0.10975	0.01752	0.05936	0.05407	0.11837	0.08215	0.06396	0.12611	0.02033	0.14007	0.01786	0.01167	0.04325	0.00263	0.00830	0.00847	0.00511	0.00924
15	0.00891	0.00627	0.00823	0.00949	0.01020	0.00586	0.00667	0.00999	0.01329	0.01740	0.03890	0.53880	0.11900	0.02090	0.01034	0.07402	0.00433	0.08593	0.00604	0.00543
16	0.01811	0.01522	0.02298	0.02010	0.08897	0.04958	0.18050	0.05837	0.09487	0.11304	0.06998	0.02404	0.01786	0.00890	0.00946	0.00230	0.11438	0.03442	0.04770	0.00921
17	0.01796	0.14647	0.15225	0.08887	0.12842	0.10339	0.12202	0.08470	0.05136	0.02224	0.01309	0.01569	0.01021	0.00661	0.00648	0.00201	0.00927	0.00570	0.00372	0.00954
18	0.01923	0.01743	0.06788	0.15062	0.09060	0.08052	0.07452	0.14572	0.07089	0.10769	0.02025	0.02361	0.05178	0.00846	0.00707	0.00219	0.00819	0.03871	0.00512	0.00954
19	0.01026	0.00720	0.00856	0.00863	0.00927	0.00729	0.00558	0.04304	0.01213	0.01617	0.02732	0.18062	0.07425	0.44770	0.10727	0.00587	0.00730	0.01161	0.00480	0.00512
20	0.28497	0.01684	0.05528	0.05091	0.05689	0.05527	0.03086	0.18833	0.01808	0.02943	0.01264	0.01470	0.00977	0.00886	0.04063	0.00238	0.00762	0.00502	0.00460	0.10691

[dist]
# distance from previous block
# <min> <max>
11	40

[block]
# block no. 6 follows, 31 sequences, length 20
# corresponding to MSA columns:
# 948-967
name=unknown_G
#
# <colnr> <probs for GDERKNQSTAVLIFYWHMCP>
#	G	D	E	R	K	N	Q	S	T	A	V	L	I	F	Y	W	H	M	C	P
0	0.01936	0.16600	0.11442	0.01843	0.14161	0.08719	0.01417	0.04953	0.05720	0.13766	0.04852	0.02068	0.04786	0.00781	0.00627	0.00194	0.00744	0.00622	0.03809	0.00959
1	0.06318	0.08031	0.09015	0.01796	0.05143	0.04507	0.19283	0.06270	0.05688	0.06994	0.04481	0.08624	0.01694	0.00843	0.00678	0.00212	0.00778	0.00774	0.07982	0.00887
2	0.01699	0.01349	0.01989	0.04345	0.33247	0.01331	0.01420	0.07712	0.03901	0.08338	0.03993	0.04417	0.01646	0.11649	0.01078	0.00264	0.00697	0.00715	0.00464	0.09747
3	0.01538	0.01133	0.01336	0.05568	0.01649	0.03748	0.00894	0.03839	0.01532	0.09942	0.04276	0.15962	0.01999	0.00974	0.00703	0.00179	0.03862	0.00810	0.07986	0.32070
4	0.01510	0.10393	0.07547	0.01232	0.01633	0.07671	0.03861	0.01796	0.01575	0.08671	0.12103	0.20215	0.04329	0.01137	0.00690	0.00202	0.00619	0.00975	0.00528	0.13313
5	0.01418	0.01923	0.20697	0.08650	0.17494	0.04288	0.01647	0.01857	0.01457	0.02077	0.01599	0.12262	0.01484	0.00829	0.00656	0.00195	0.00760	0.00720	0.00382	0.19606
6	0.02003	0.05718	0.06426	0.02153	0.16145	0.33053	0.03356	0.04568	0.08270	0.02034	0.01564	0.08689	0.01402	0.00838	0.00663	0.00200	0.00948	0.00669	0.00413	0.00889
7	0.00824	0.00632	0.00756	0.00855	0.00967	0.00564	0.00592	0.00964	0.01404	0.01785	0.04963	0.49502	0.29763	0.01988	0.00849	0.00260	0.00378	0.01756	0.00635	0.00564
8	0.01778	0.16151	0.09379	0.10649	0.15395	0.01928	0.18762	0.13496	0.01790	0.02395	0.01294	0.01601	0.01007	0.00645	0.00664	0.00204	0.00903	0.00604	0.00382	0.00974
9	0.01549	0.01650	0.02948	0.02273	0.02577	0.01935	0.31221	0.01886	0.01297	0.01886	0.01111	0.01650	0.00960	0.00925	0.01614	0.00269	0.42415	0.00690	0.00320	0.00825
10	0.01269	0.01445	0.10987	0.21778	0.07496	0.04449	0.01468	0.01613	0.01357	0.01807	0.01937	0.12140	0.01945	0.09655	0.05382	0.00342	0.05394	0.08404	0.00402	0.00729
11	0.00980	0.00723	0.01051	0.01051	0.01156	0.00829	0.00795	0.01191	0.01085	0.01552	0.01877	0.02933	0.01817	0.14844	0.63678	0.01040	0.01672	0.00769	0.00373	0.00584
12	0.00837	0.00649	0.00765	0.00844	0.00977	0.00577	0.00600	0.00996	0.01457	0.01848	0.08381	0.39973	0.33796	0.01921	0.00844	0.00256	0.00379	0.03689	0.00641	0.00572
13	0.01019	0.00671	0.00790	0.00790	0.00824	0.00690	0.00488	0.01086	0.01053	0.01482	0.02114	0.04022	0.02299	0.58034	0.13836	0.00682	0.00809	0.00921	0.07925	0.00466
14	0.00895	0.00656	0.00851	0.00897	0.01011	0.00612	0.00641	0.01111	0.01581	0.02158	0.31820	0.35319	0.11865	0.01970	0.05073	0.00295	0.00445	0.01532	0.00668	0.00598
15	0.01649	0.12977	0.01826	0.01148	0.01714	0.11823	0.00941	0.01921	0.01491	0.02053	0.01152	0.01342	0.00973	0.00548	0.00513	0.00119	0.00648	0.00404	0.00380	0.56378
16	0.01755	0.01660	0.09143	0.10701	0.02653	0.01550	0.17227	0.02405	0.11841	0.13058	0.01676	0.01893	0.01243	0.00776	0.00925	0.00224	0.11690	0.00661	0.00465	0.08454
17	0.01514	0.03773	0.08442	0.22636	0.02576	0.04671	0.01444	0.01840	0.01405	0.08453	0.02065	0.05400	0.08941	0.00998	0.01044	0.00236	0.17983	0.00739	0.05053	0.00788
18	0.01237	0.00890	0.04076	0.01015	0.01244	0.00755	0.00841	0.01527	0.01709	0.09982	0.32332	0.05336	0.10655	0.08517	0.01073	0.00282	0.00488	0.16684	0.00672	0.00687
19	0.01444	0.01474	0.02589	0.31806	0.03460	0.01763	0.19511	0.01832	0.01328	0.01832	0.01157	0.01723	0.00941	0.00823	0.01226	0.00252	0.25069	0.00658	0.00314	0.00799

[dist]
# distance from previous block
# <min> <max>
4	65

[block]
# block no. 7 follows, 31 sequences, length 26
# corresponding to MSA columns:
# 1034-1059
name=unknown_H
#
# <colnr> <probs for GDERKNQSTAVLIFYWHMCP>
#	G	D	E	R	K	N	Q	S	T	A	V	L	I	F	Y	W	H	M	C	P
0	0.01519	0.01594	0.14370	0.01457	0.05114	0.04758	0.05675	0.05376	0.01657	0.08937	0.08778	0.10243	0.09335	0.01160	0.03051	0.00236	0.00692	0.00878	0.08782	0.06389
1	0.05597	0.14433	0.02015	0.04057	0.08756	0.05410	0.01187	0.18432	0.14607	0.02666	0.02311	0.07073	0.08757	0.00942	0.00653	0.00207	0.00670	0.00754	0.00534	0.00938
2	0.01709	0.19130	0.02708	0.06919	0.15709	0.01770	0.13948	0.08977	0.03927	0.04880	0.04026	0.10019	0.01648	0.00843	0.00674	0.00207	0.00776	0.00769	0.00441	0.00921
3	0.01788	0.01635	0.02696	0.19775	0.10667	0.01725	0.23060	0.21200	0.02004	0.02678	0.01672	0.01992	0.04410	0.00731	0.00729	0.00220	0.00906	0.00714	0.00445	0.00953
4	0.80789	0.01323	0.01006	0.00900	0.01323	0.01535	0.00741	0.02011	0.01164	0.03070	0.00953	0.01111	0.00741	0.00635	0.00423	0.00212	0.00529	0.00370	0.00423	0.00741
5	0.00809	0.00693	0.00693	0.00693	0.00924	0.00578	0.00520	0.00982	0.01559	0.01848	0.06931	0.06584	0.71411	0.01733	0.00809	0.00231	0.00347	0.01444	0.00635	0.00578
6	0.00830	0.00694	0.00722	0.00715	0.00937	0.00587	0.00536	0.01023	0.01609	0.01967	0.15459	0.06389	0.62809	0.01688	0.00808	0.00229	0.00343	0.01417	0.00651	0.00587
7	0.00995	0.00663	0.00746	0.00746	0.00746	0.00663	0.00415	0.00995	0.00995	0.01327	0.02156	0.04477	0.02487	0.75957	0.03482	0.00663	0.00663	0.00995	0.00415	0.00415
8	0.04094	0.01253	0.01389	0.01202	0.01575	0.01345	0.00948	0.08714	0.33449	0.15161	0.10069	0.02819	0.04946	0.00963	0.00680	0.00216	0.00513	0.00794	0.08887	0.00983
9	0.21588	0.06470	0.01543	0.01113	0.01597	0.01274	0.00930	0.05532	0.01744	0.43105	0.02081	0.01935	0.01389	0.00773	0.00593	0.00203	0.00569	0.00582	0.05972	0.01007
10	0.02012	0.01833	0.01694	0.01490	0.01885	0.14728	0.01181	0.19105	0.34645	0.02911	0.02281	0.02627	0.01837	0.00961	0.00705	0.00224	0.00728	0.07527	0.00624	0.01003
11	0.01620	0.01306	0.01873	0.02378	0.31267	0.01330	0.01358	0.14083	0.01933	0.02783	0.18387	0.02638	0.02495	0.00867	0.00680	0.00200	0.00609	0.00766	0.12501	0.00925
12	0.01383	0.01552	0.09593	0.26955	0.19793	0.01460	0.11006	0.01840	0.01406	0.01939	0.01369	0.01914	0.01111	0.01458	0.13907	0.00380	0.01099	0.00648	0.00328	0.00859
13	0.01507	0.01604	0.06033	0.29956	0.18010	0.01619	0.19533	0.02153	0.08614	0.02101	0.01437	0.01859	0.01100	0.00664	0.00715	0.00223	0.00921	0.00673	0.00362	0.00916
14	0.01346	0.00845	0.00886	0.00843	0.01057	0.00895	0.00641	0.02055	0.18133	0.02646	0.09505	0.02816	0.02320	0.00891	0.00565	0.00183	0.00373	0.00732	0.52524	0.00746
