[name]
unknown

[dist]
# distance from previous block
# <min> <max>
0	128

[block]
# block no. 0 follows, 32 sequences, length 13
# corresponding to MSA columns:
# 128-140
name=unknown_A
#
# <colnr> <probs for GDERKNQSTAVLIFYWHMCP>
#	G	D	E	R	K	N	Q	S	T	A	V	L	I	F	Y	W	H	M	C	P
0	0.01260	0.00991	0.01330	0.01140	0.01456	0.00936	0.05549	0.01829	0.12275	0.04729	0.34432	0.03964	0.03957	0.01127	0.00734	0.00205	0.00478	0.08185	0.00632	0.14789
1	0.00805	0.00633	0.00728	0.00804	0.00939	0.00556	0.00565	0.00949	0.01410	0.01764	0.05283	0.40419	0.38977	0.01896	0.00824	0.00249	0.00364	0.01656	0.00623	0.00556
2	0.01794	0.76823	0.03516	0.01148	0.01722	0.02655	0.01148	0.02009	0.01363	0.01579	0.00933	0.01076	0.00861	0.00574	0.00431	0.00144	0.00718	0.00359	0.00287	0.00861
3	0.00811	0.00680	0.00705	0.00699	0.00918	0.00574	0.00524	0.00998	0.01573	0.01915	0.14401	0.06289	0.64293	0.01661	0.00793	0.00225	0.00337	0.01392	0.00637	0.00574
4	0.02187	0.02661	0.01992	0.16640	0.08400	0.53206	0.01474	0.02434	0.01758	0.01702	0.01087	0.01364	0.00887	0.00680	0.00623	0.00185	0.01112	0.00479	0.00335	0.00795
5	0.01047	0.00786	0.01070	0.09794	0.01524	0.00844	0.00854	0.05460	0.01376	0.01888	0.02853	0.31506	0.07793	0.02561	0.21478	0.00480	0.00862	0.01208	0.05988	0.00629
6	0.00905	0.00640	0.00761	0.00798	0.00857	0.00608	0.00511	0.01000	0.01252	0.01663	0.12288	0.25253	0.11825	0.36328	0.02024	0.00434	0.00495	0.01327	0.00538	0.00495
7	0.01267	0.01193	0.02013	0.74806	0.04621	0.01491	0.01863	0.01714	0.01342	0.01714	0.01193	0.01789	0.00894	0.00671	0.00671	0.00224	0.00894	0.00596	0.00298	0.00745
8	0.01758	0.11508	0.09599	0.01401	0.05981	0.12339	0.01158	0.02155	0.04746	0.12669	0.19219	0.02512	0.02482	0.00866	0.00637	0.00189	0.00662	0.00699	0.06372	0.03048
9	0.01646	0.16041	0.42556	0.01643	0.02449	0.01799	0.01902	0.14329	0.01719	0.02412	0.01229	0.01389	0.00915	0.00646	0.00597	0.00190	0.00861	0.00484	0.00362	0.06830
10	0.01805	0.02113	0.07815	0.06505	0.38763	0.18288	0.10798	0.02203	0.01605	0.02032	0.01215	0.01564	0.00988	0.00622	0.00666	0.00199	0.00955	0.00577	0.00331	0.00956
11	0.58362	0.01095	0.00927	0.00897	0.01206	0.01233	0.00697	0.01678	0.01182	0.02642	0.01719	0.22340	0.01780	0.01043	0.00540	0.00226	0.00482	0.00801	0.00474	0.00675
12	0.52467	0.01043	0.00912	0.00901	0.01182	0.01162	0.00690	0.01602	0.01193	0.02547	0.01921	0.27835	0.02052	0.01151	0.00573	0.00231	0.00473	0.00915	0.00489	0.00662

[dist]
# distance from previous block
# <min> <max>
0	2

[block]
# block no. 1 follows, 32 sequences, length 56
# corresponding to MSA columns:
# 143-198
name=unknown_B
#
# <colnr> <probs for GDERKNQSTAVLIFYWHMCP>
#	G	D	E	R	K	N	Q	S	T	A	V	L	I	F	Y	W	H	M	C	P
0	0.03577	0.09446	0.23725	0.02120	0.10122	0.05450	0.18210	0.02290	0.01558	0.12480	0.01450	0.01649	0.01060	0.00645	0.00651	0.00203	0.00896	0.00589	0.02920	0.00959
1	0.01309	0.01200	0.05654	0.02141	0.25869	0.01071	0.03102	0.01599	0.01476	0.05793	0.08836	0.23767	0.08309	0.03865	0.00878	0.00244	0.02476	0.01111	0.00501	0.00800
2	0.00855	0.00649	0.00787	0.00822	0.00962	0.00582	0.00590	0.01056	0.01572	0.02078	0.27897	0.29537	0.26730	0.01724	0.00814	0.00237	0.00349	0.01514	0.00662	0.00582
3	0.01693	0.01312	0.03932	0.33554	0.21684	0.01367	0.01675	0.02083	0.01486	0.15873	0.01548	0.01911	0.01153	0.01035	0.06590	0.00283	0.00880	0.00619	0.00417	0.00903
4	0.01710	0.09462	0.48627	0.01678	0.02491	0.05391	0.01986	0.02304	0.01538	0.13777	0.03891	0.01645	0.01179	0.00693	0.00629	0.00203	0.00886	0.00535	0.00394	0.00981
5	0.02551	0.01879	0.02014	0.01544	0.02081	0.02081	0.01275	0.69996	0.03155	0.04229	0.01611	0.01611	0.01141	0.00805	0.00671	0.00201	0.00738	0.00604	0.00671	0.01141
6	0.01346	0.03471	0.72942	0.01912	0.02904	0.01558	0.02479	0.02125	0.01417	0.02125	0.01204	0.01417	0.00850	0.00637	0.00637	0.00212	0.00992	0.00496	0.00283	0.00992
7	0.01482	0.01238	0.05273	0.12620	0.09955	0.01208	0.01266	0.04774	0.13305	0.08750	0.15211	0.03370	0.04641	0.01253	0.04639	0.00272	0.00684	0.08647	0.00561	0.00850
8	0.01744	0.01400	0.02128	0.41167	0.16176	0.05027	0.04089	0.04264	0.01566	0.13781	0.01460	0.01815	0.01064	0.00686	0.00671	0.00213	0.00842	0.00609	0.00409	0.00889
9	0.01267	0.01193	0.02013	0.74806	0.04621	0.01491	0.01863	0.01714	0.01342	0.01714	0.01193	0.01789	0.00894	0.00671	0.00671	0.00224	0.00894	0.00596	0.00298	0.00745
10	0.31259	0.00895	0.00838	0.00799	0.01012	0.00987	0.00594	0.01538	0.01169	0.02305	0.01654	0.02427	0.01509	0.18916	0.09489	0.00396	0.00639	0.00619	0.22346	0.00609
11	0.01340	0.01587	0.11704	0.40417	0.08638	0.05006	0.01738	0.01776	0.01448	0.01930	0.10860	0.02118	0.01644	0.00794	0.00789	0.00221	0.06182	0.00658	0.00361	0.00789
12	0.11161	0.27614	0.02272	0.01254	0.01761	0.01995	0.01094	0.18454	0.13454	0.12321	0.01628	0.01607	0.01219	0.00725	0.00561	0.00187	0.00649	0.00527	0.00533	0.00984
13	0.11745	0.05965	0.06726	0.01318	0.01753	0.21264	0.01101	0.09527	0.04409	0.02326	0.04977	0.09504	0.01597	0.00845	0.00602	0.00184	0.00751	0.00646	0.00453	0.14307
14	0.05311	0.02107	0.13798	0.01523	0.02083	0.09516	0.01387	0.32514	0.09141	0.11149	0.03715	0.01777	0.01344	0.00787	0.00653	0.00204	0.00772	0.00599	0.00582	0.01038
15	0.04622	0.01361	0.01304	0.07713	0.01700	0.15945	0.00987	0.01902	0.05256	0.07928	0.25603	0.03881	0.07708	0.01159	0.00731	0.00219	0.00635	0.10027	0.00586	0.00733
16	0.00930	0.00671	0.00880	0.00857	0.00998	0.00620	0.00632	0.01218	0.01810	0.02548	0.61950	0.15347	0.06055	0.01478	0.00801	0.00220	0.00327	0.01315	0.00722	0.00620
17	0.01708	0.58290	0.15251	0.05237	0.02089	0.04293	0.01418	0.02031	0.01386	0.01681	0.00996	0.01176	0.00861	0.00593	0.00483	0.00160	0.00787	0.00397	0.00289	0.00875
18	0.01642	0.01859	0.16427	0.08254	0.22839	0.01531	0.05962	0.11419	0.07346	0.04527	0.01736	0.06067	0.01472	0.00831	0.00697	0.00219	0.00795	0.04963	0.00444	0.00970
19	0.01176	0.00779	0.00990	0.00958	0.01138	0.00751	0.00708	0.01600	0.09160	0.08782	0.38494	0.24956	0.04900	0.01484	0.00788	0.00230	0.00384	0.01316	0.00708	0.00700
20	0.00867	0.00677	0.00786	0.00771	0.00955	0.00596	0.00574	0.01101	0.01684	0.02210	0.36513	0.10181	0.37536	0.01574	0.00796	0.00222	0.00332	0.01354	0.00676	0.00596
21	0.01992	0.02265	0.32160	0.01959	0.12515	0.01430	0.01801	0.06836	0.06035	0.23691	0.01771	0.01795	0.01220	0.00718	0.00658	0.00209	0.00791	0.00588	0.00506	0.01061
22	0.01753	0.00851	0.01151	0.01030	0.01305	0.00778	0.00795	0.01983	0.01647	0.30813	0.16289	0.20678	0.05954	0.01784	0.09621	0.00330	0.00618	0.01108	0.00698	0.00813
23	0.01794	0.76823	0.03516	0.01148	0.01722	0.02655	0.01148	0.02009	0.01363	0.01579	0.00933	0.01076	0.00861	0.00574	0.00431	0.00144	0.00718	0.00359	0.00287	0.00861
24	0.06556	0.02176	0.22887	0.06219	0.24464	0.05576	0.14006	0.02048	0.01493	0.02142	0.01522	0.01819	0.04748	0.00673	0.00667	0.00210	0.00899	0.00623	0.00339	0.00935
25	0.01761	0.16186	0.18246	0.06435	0.26337	0.01711	0.06420	0.02205	0.01516	0.10987	0.01366	0.01592	0.01042	0.00633	0.00624	0.00196	0.00824	0.00553	0.00375	0.00991
26	0.01166	0.00583	0.00874	0.00874	0.00874	0.00583	0.00583	0.00874	0.00874	0.01166	0.01166	0.02040	0.01166	0.02331	0.02622	0.80478	0.00583	0.00583	0.00291	0.00291
27	0.01317	0.01232	0.02069	0.57564	0.16419	0.01455	0.01821	0.01747	0.01410	0.01861	0.05667	0.01970	0.01268	0.00702	0.00677	0.00218	0.00841	0.00636	0.00332	0.00795
28	0.01542	0.02168	0.24096	0.06138	0.41845	0.01589	0.08769	0.02074	0.01492	0.02149	0.01251	0.01606	0.00987	0.00610	0.00669	0.00207	0.00892	0.00586	0.00317	0.01013
29	0.02470	0.12336	0.01803	0.01224	0.01682	0.07708	0.01030	0.07993	0.01867	0.39907	0.02214	0.02404	0.01616	0.00858	0.00638	0.00199	0.00647	0.06029	0.06385	0.00989
30	0.01275	0.05230	0.01389	0.01204	0.01447	0.10905	0.05202	0.01642	0.07059	0.02016	0.13348	0.18612	0.14353	0.01425	0.00773	0.00235	0.00596	0.12035	0.00570	0.00685
31	0.01040	0.00774	0.00970	0.00930	0.00950	0.00874	0.00623	0.01100	0.01000	0.01386	0.01893	0.03701	0.02100	0.54331	0.14850	0.00672	0.11058	0.00880	0.00383	0.00483
32	0.02226	0.05754	0.02370	0.02240	0.18969	0.11249	0.11273	0.08106	0.06154	0.22293	0.01741	0.01816	0.01256	0.00707	0.00667	0.00201	0.00811	0.00623	0.00523	0.01020
33	0.00877	0.00644	0.00878	0.00968	0.01055	0.00645	0.00700	0.01054	0.01296	0.01754	0.07669	0.43209	0.08080	0.02823	0.20913	0.00489	0.00781	0.05035	0.00557	0.00571
34	0.01462	0.11853	0.61131	0.01804	0.02724	0.01713	0.02261	0.05745	0.01504	0.02175	0.01195	0.01388	0.00867	0.00639	0.00615	0.00204	0.00946	0.00486	0.00305	0.00985
35	0.01614	0.02026	0.11804	0.02395	0.03033	0.07446	0.47305	0.02243	0.06014	0.02170	0.01453	0.01802	0.01095	0.00620	0.00731	0.00216	0.01031	0.00714	0.05392	0.00898
36	0.07975	0.01032	0.01255	0.01135	0.01395	0.01063	0.00872	0.12399	0.01720	0.18701	0.05375	0.33863	0.02833	0.01401	0.00834	0.00240	0.05272	0.01185	0.00646	0.00806
37	0.01598	0.01530	0.02610	0.15416	0.61428	0.01578	0.02028	0.02004	0.01498	0.02116	0.01251	0.01681	0.01036	0.00610	0.00665	0.00203	0.00813	0.00598	0.00327	0.01012
38	0.01620	0.01436	0.02420	0.26708	0.45944	0.01522	0.01928	0.02025	0.01493	0.06542	0.01328	0.01742	0.01047	0.00636	0.00667	0.00208	0.00814	0.00602	0.00353	0.00966
39	0.04173	0.23989	0.18923	0.04079	0.02166	0.17211	0.01521	0.07507	0.01627	0.02014	0.01292	0.01794	0.01122	0.00765	0.00654	0.00195	0.03844	0.05900	0.00360	0.00863
40	0.01020	0.00689	0.00903	0.00938	0.01080	0.00653	0.00698	0.01228	0.01483	0.06415	0.18044	0.30423	0.14442	0.02190	0.10822	0.00362	0.00590	0.06779	0.00624	0.00618
41	0.02422	0.03058	0.01914	0.01731	0.02049	0.67919	0.01310	0.02593	0.01831	0.01640	0.01024	0.01231	0.00866	0.00731	0.00734	0.00183	0.07203	0.00445	0.00341	0.00774
42	0.06968	0.08984	0.14337	0.01294	0.01801	0.01443	0.01216	0.17330	0.01853	0.18250	0.02100	0.09064	0.04315	0.07030	0.00871	0.00244	0.00675	0.00746	0.00556	0.00923
43	0.01078	0.00725	0.00890	0.00861	0.01067	0.00658	0.00659	0.01310	0.01623	0.08647	0.25431	0.10950	0.30494	0.01830	0.06705	0.00297	0.00492	0.04982	0.00656	0.00644
44	0.02482	0.02401	0.02094	0.01706	0.02170	0.33152	0.06817	0.31000	0.02404	0.07257	0.01406	0.01495	0.01044	0.00738	0.00652	0.00191	0.00965	0.00549	0.00513	0.00964
45	0.01661	0.01594	0.02724	0.04119	0.72233	0.01594	0.02059	0.02059	0.01528	0.02192	0.01262	0.01661	0.01063	0.00598	0.00664	0.00199	0.00797	0.00598	0.00332	0.01063
46	0.01458	0.04517	0.32156	0.19892	0.15389	0.03741	0.05717	0.02100	0.04885	0.02042	0.01282	0.01608	0.00967	0.00648	0.00654	0.00211	0.00917	0.00561	0.00320	0.00933
47	0.00811	0.00680	0.00704	0.00698	0.00917	0.00574	0.00524	0.00997	0.01571	0.01912	0.14132	0.06295	0.64565	0.01662	0.00793	0.00225	0.00337	0.01393	0.00636	0.00574
48	0.48301	0.01359	0.01285	0.01075	0.01525	0.01495	0.00881	0.11752	0.07236	0.17041	0.01514	0.01514	0.01077	0.00713	0.00524	0.00208	0.00561	0.00491	0.00555	0.00894
49	0.07898	0.01835	0.12086	0.01852	0.02356	0.10092	0.26848	0.01871	0.01517	0.02053	0.02287	0.11962	0.09783	0.00977	0.00731	0.00226	0.00863	0.03553	0.00419	0.00790
50	0.01116	0.01026	0.03412	0.20647	0.13213	0.01039	0.01237	0.01433	0.01433	0.01927	0.12131	0.12979	0.12599	0.01699	0.10820	0.00343	0.00778	0.00991	0.00463	0.00713
51	0.01624	0.01422	0.02255	0.03089	0.47025	0.01472	0.01674	0.02106	0.07263	0.06213	0.11110	0.02209	0.01885	0.00789	0.00808	0.00211	0.06723	0.00699	0.00441	0.00982
52	0.01783	0.01633	0.02626	0.03766	0.62616	0.01661	0.01952	0.11373	0.01751	0.02471	0.01310	0.01654	0.01074	0.00626	0.00665	0.00200	0.00789	0.00599	0.00379	0.01074
53	0.06712	0.01821	0.10191	0.02377	0.22682	0.06899	0.10106	0.09372	0.06133	0.06174	0.01699	0.09715	0.01466	0.00824	0.00681	0.00213	0.00795	0.00741	0.00450	0.00949
54	0.13370	0.39514	0.02689	0.01644	0.11404	0.17895	0.01245	0.02157	0.01472	0.01883	0.01001	0.01188	0.00870	0.00610	0.00499	0.00167	0.00808	0.00408	0.00325	0.00851
55	0.02033	0.01217	0.01738	0.14046	0.13005	0.01151	0.01242	0.04296	0.01683	0.29477	0.04472	0.02180	0.04261	0.00758	0.00648	0.00190	0.00634	0.00644	0.00567	0.15758

[dist]
# distance from previous block
# <min> <max>
9	47

[block]
# block no. 2 follows, 32 sequences, length 58
# corresponding to MSA columns:
# 246-303
name=unknown_C
#
# <colnr> <probs for GDERKNQSTAVLIFYWHMCP>
#	G	D	E	R	K	N	Q	S	T	A	V	L	I	F	Y	W	H	M	C	P
0	0.01572	0.02022	0.16837	0.03016	0.38741	0.07625	0.07605	0.02012	0.01516	0.02077	0.01501	0.09562	0.01361	0.00773	0.00685	0.00210	0.00856	0.00720	0.00355	0.00955
1	0.02443	0.01416	0.01635	0.01299	0.01761	0.01467	0.01057	0.31329	0.09084	0.27924	0.02222	0.05150	0.01601	0.00877	0.00664	0.00205	0.00608	0.00701	0.07494	0.01065
2	0.03669	0.01917	0.28635	0.01392	0.01981	0.01138	0.01471	0.02244	0.03546	0.23665	0.07502	0.10250	0.05105	0.01005	0.00697	0.00222	0.00683	0.03390	0.00561	0.00927
3	0.09383	0.02173	0.21405	0.01572	0.02145	0.08300	0.06501	0.14164	0.14208	0.02602	0.01916	0.02072	0.05745	0.03981	0.00766	0.00229	0.00794	0.00644	0.00472	0.00927
4	0.01156	0.01000	0.01535	0.01915	0.19500	0.01028	0.03274	0.01395	0.01389	0.01892	0.02946	0.32193	0.08125	0.01513	0.00937	0.00256	0.07588	0.11131	0.00508	0.00719
5	0.01627	0.01560	0.02663	0.10138	0.66476	0.01585	0.02043	0.02030	0.01512	0.02151	0.01256	0.01672	0.01049	0.00604	0.00665	0.00201	0.00805	0.00598	0.00329	0.01036
6	0.01807	0.02209	0.21912	0.05927	0.18600	0.07695	0.13200	0.04432	0.01612	0.11120	0.01412	0.01657	0.01044	0.00673	0.00734	0.00211	0.03786	0.00598	0.00392	0.00977
7	0.15382	0.02185	0.23979	0.13851	0.09062	0.08569	0.01711	0.04469	0.01500	0.08228	0.01268	0.01507	0.00937	0.00687	0.00674	0.00211	0.03985	0.00516	0.00379	0.00898
8	0.00821	0.00652	0.00742	0.00809	0.00963	0.00573	0.00589	0.00982	0.01443	0.01790	0.05470	0.31336	0.43215	0.01854	0.00825	0.00249	0.00377	0.06125	0.00623	0.00562
9	0.01813	0.01157	0.01550	0.01162	0.01689	0.00941	0.06013	0.02102	0.01570	0.23045	0.02210	0.04998	0.07370	0.00765	0.00611	0.00159	0.00549	0.00654	0.00549	0.41094
10	0.01585	0.09415	0.20743	0.04115	0.08182	0.03757	0.04994	0.11794	0.10708	0.02378	0.02086	0.08895	0.06669	0.00901	0.00670	0.00211	0.00758	0.00756	0.00457	0.00924
11	0.00983	0.00672	0.00794	0.00849	0.00988	0.00624	0.00604	0.01222	0.04106	0.04419	0.07375	0.39606	0.21653	0.01702	0.00774	0.00239	0.00375	0.01494	0.10916	0.00606
12	0.01284	0.02247	0.35338	0.01792	0.02429	0.01336	0.14736	0.01949	0.07342	0.02083	0.01998	0.20550	0.01897	0.01020	0.00726	0.00232	0.00826	0.00934	0.00414	0.00867
13	0.02303	0.01932	0.04705	0.04611	0.19297	0.21115	0.01429	0.02739	0.07664	0.24847	0.01768	0.01805	0.01272	0.00729	0.00652	0.00199	0.00825	0.00587	0.00524	0.00997
14	0.02088	0.02193	0.15334	0.05250	0.11290	0.16917	0.14350	0.02506	0.01687	0.19500	0.01561	0.01707	0.01114	0.00680	0.00673	0.00204	0.00932	0.00599	0.00449	0.00965
15	0.01918	0.01531	0.17952	0.01221	0.01741	0.00986	0.01195	0.02273	0.01676	0.33498	0.06178	0.08114	0.16656	0.01078	0.00708	0.00217	0.00597	0.00896	0.00641	0.00923
16	0.01858	0.04968	0.11079	0.05544	0.11852	0.08185	0.01448	0.06132	0.07180	0.14656	0.01829	0.10087	0.01548	0.00930	0.00852	0.00221	0.09489	0.00732	0.00488	0.00924
17	0.01618	0.19753	0.35505	0.01717	0.04774	0.07932	0.03145	0.02152	0.03801	0.04172	0.01253	0.01534	0.01002	0.03951	0.00799	0.00217	0.04926	0.00509	0.00329	0.00912
18	0.01578	0.00972	0.01148	0.01061	0.01322	0.00987	0.00804	0.07328	0.15677	0.14897	0.08548	0.25360	0.04713	0.01296	0.00718	0.00225	0.00460	0.01122	0.10963	0.00819
19	0.01843	0.02041	0.19364	0.01701	0.07974	0.10696	0.01465	0.10750	0.07661	0.12450	0.02032	0.15321	0.01782	0.00981	0.00689	0.00216	0.00762	0.00817	0.00519	0.00934
20	0.01776	0.12711	0.13518	0.02473	0.24374	0.09132	0.09350	0.04639	0.05885	0.04588	0.01342	0.01571	0.01057	0.00637	0.00630	0.00192	0.00857	0.00557	0.00374	0.04336
21	0.01532	0.01492	0.04681	0.06848	0.24676	0.03705	0.11593	0.02194	0.14576	0.04371	0.03635	0.13923	0.01905	0.00929	0.00719	0.00222	0.00738	0.00876	0.00468	0.00917
22	0.01267	0.01193	0.02013	0.74806	0.04621	0.01491	0.01863	0.01714	0.01342	0.01714	0.01193	0.01789	0.00894	0.00671	0.00671	0.00224	0.00894	0.00596	0.00298	0.00745
23	0.01964	0.37331	0.15639	0.01493	0.02063	0.27629	0.01444	0.02268	0.01564	0.01701	0.01019	0.01186	0.00860	0.00627	0.00530	0.00167	0.00942	0.00410	0.00307	0.00855
24	0.01999	0.01982	0.10111	0.07210	0.12161	0.12379	0.01497	0.20029	0.10177	0.07499	0.03925	0.02066	0.01463	0.00807	0.00673	0.00208	0.00803	0.03513	0.00515	0.00982
25	0.00939	0.00640	0.00844	0.00932	0.01016	0.00616	0.00646	0.01077	0.01282	0.04668	0.03533	0.51420	0.09531	0.07284	0.11817	0.00410	0.00618	0.01577	0.00579	0.00571
26	0.00878	0.00590	0.00803	0.00936	0.00973	0.00559	0.00633	0.00941	0.01234	0.01643	0.03322	0.62738	0.03938	0.02127	0.01118	0.12035	0.00426	0.04022	0.00574	0.00510
27	0.01835	0.01607	0.02280	0.14827	0.16547	0.06309	0.07391	0.10751	0.01643	0.08988	0.01325	0.01671	0.01039	0.00809	0.01065	0.00229	0.19754	0.00609	0.00409	0.00911
28	0.05394	0.01389	0.02031	0.13090	0.31296	0.01477	0.01565	0.14693	0.01769	0.02503	0.01737	0.07938	0.01584	0.00890	0.00688	0.00218	0.00723	0.07074	0.03022	0.00920
29	0.00876	0.00689	0.00794	0.00784	0.00978	0.00607	0.00598	0.01114	0.01679	0.02179	0.32734	0.05953	0.40926	0.01578	0.00802	0.00226	0.00350	0.05868	0.00669	0.00597
30	0.81159	0.01298	0.00986	0.00882	0.01298	0.01505	0.00727	0.01972	0.01142	0.03010	0.00934	0.01090	0.00727	0.00623	0.00415	0.00208	0.00519	0.00363	0.00415	0.00727
31	0.02506	0.03198	0.01901	0.01729	0.02074	0.73725	0.01296	0.02679	0.01901	0.01642	0.01037	0.01210	0.00864	0.00691	0.00605	0.00173	0.01210	0.00432	0.00346	0.00778
32	0.00841	0.00672	0.00738	0.00738	0.00920	0.00585	0.00538	0.01028	0.01554	0.01961	0.20371	0.11163	0.47953	0.06767	0.00977	0.00256	0.00360	0.01378	0.00633	0.00568
33	0.00902	0.00659	0.00848	0.00853	0.00987	0.00605	0.00620	0.01155	0.01710	0.02365	0.48863	0.23324	0.11435	0.01587	0.00808	0.00228	0.00337	0.01409	0.00699	0.00605
34	0.01913	0.04761	0.02122	0.01627	0.01972	0.05340	0.11227	0.19431	0.01849	0.09207	0.01620	0.06786	0.01355	0.00938	0.01061	0.00226	0.19699	0.00706	0.07273	0.00888
35	0.03947	0.05434	0.15898	0.02161	0.21743	0.01539	0.01583	0.11623	0.06157	0.04871	0.01401	0.01581	0.01082	0.00641	0.00608	0.00181	0.00727	0.00531	0.00423	0.17869
36	0.07376	0.38900	0.05754	0.01443	0.05664	0.02241	0.01251	0.19456	0.07747	0.02513	0.01288	0.01381	0.01035	0.00669	0.00534	0.00176	0.00710	0.00475	0.00430	0.00957
37	0.01062	0.00806	0.00993	0.00937	0.01125	0.00801	0.00704	0.01631	0.13454	0.02647	0.55907	0.09143	0.05491	0.01341	0.00777	0.00218	0.00357	0.01182	0.00722	0.00699
38	0.01166	0.00945	0.01136	0.00910	0.01297	0.00763	0.00708	0.01463	0.01615	0.02375	0.31411	0.03250	0.07869	0.00945	0.00641	0.00155	0.00411	0.00808	0.00556	0.41576
39	0.01448	0.00949	0.01203	0.01025	0.01351	0.00877	0.03680	0.01925	0.10673	0.15849	0.23631	0.04216	0.23097	0.01213	0.00737	0.00211	0.00446	0.01040	0.00678	0.05751
40	0.09242	0.01901	0.01920	0.01498	0.02014	0.05920	0.01230	0.60550	0.02915	0.03985	0.01522	0.01545	0.01091	0.00784	0.00646	0.00200	0.00745	0.00574	0.00632	0.01086
41	0.02209	0.08795	0.02182	0.02169	0.18463	0.37610	0.01423	0.04883	0.07697	0.06376	0.01345	0.01495	0.01070	0.00691	0.00617	0.00184	0.00957	0.00514	0.00407	0.00911
42	0.01806	0.62581	0.03153	0.01205	0.01741	0.05588	0.01142	0.02266	0.11601	0.01762	0.01201	0.01291	0.01035	0.00628	0.00475	0.00157	0.00712	0.00421	0.00348	0.00887
43	0.01346	0.03471	0.72942	0.01912	0.02904	0.01558	0.02479	0.02125	0.01417	0.02125	0.01204	0.01417	0.00850	0.00637	0.00637	0.00212	0.00992	0.00496	0.00283	0.00992
44	0.02355	0.22129	0.08265	0.01320	0.01887	0.01749	0.01218	0.17882	0.03941	0.28501	0.03175	0.01788	0.01358	0.00751	0.00607	0.00190	0.00679	0.00570	0.00594	0.01040
45	0.01806	0.13309	0.11350	0.01737	0.07892	0.29525	0.01392	0.02073	0.01553	0.01753	0.01508	0.14129	0.01494	0.00939	0.00756	0.00203	0.06699	0.00710	0.00371	0.00799
46	0.02506	0.03198	0.01901	0.01729	0.02074	0.73725	0.01296	0.02679	0.01901	0.01642	0.01037	0.01210	0.00864	0.00691	0.00605	0.00173	0.01210	0.00432	0.00346	0.00778
47	0.01574	0.08710	0.04251	0.08270	0.20394	0.01374	0.05179	0.07594	0.01598	0.08383	0.02096	0.23499	0.02071	0.01081	0.00706	0.00220	0.00677	0.00974	0.00482	0.00867
48	0.00985	0.00733	0.00923	0.00867	0.01043	0.00694	0.00652	0.01391	0.06180	0.02646	0.63712	0.04942	0.09961	0.01362	0.00785	0.00213	0.00331	0.01197	0.00728	0.00656
49	0.00880	0.00661	0.00814	0.00822	0.00971	0.00596	0.00599	0.01114	0.01666	0.02245	0.39810	0.21308	0.22820	0.01620	0.00806	0.00229	0.00339	0.01421	0.00683	0.00596
50	0.01504	0.01266	0.01955	0.57013	0.05641	0.01516	0.01701	0.06285	0.08044	0.06405	0.01456	0.01873	0.01070	0.00710	0.00672	0.00221	0.00828	0.00617	0.00392	0.00832
51	0.01753	0.01540	0.01935	0.01913	0.12412	0.01761	0.04266	0.11621	0.40090	0.02721	0.02076	0.02102	0.01593	0.00868	0.00873	0.00228	0.09963	0.00695	0.00565	0.01025
52	0.01166	0.00583	0.00874	0.00874	0.00874	0.00583	0.00583	0.00874	0.00874	0.01166	0.01166	0.02040	0.01166	0.02331	0.02622	0.80478	0.00583	0.00583	0.00291	0.00291
53	0.47263	0.01479	0.10082	0.04175	0.01609	0.01399	0.01008	0.04135	0.01306	0.02651	0.07849	0.01848	0.01449	0.07182	0.00830	0.00250	0.03777	0.00541	0.00427	0.00739
54	0.04899	0.04547	0.13116	0.01225	0.01770	0.03714	0.01133	0.03638	0.14664	0.04771	0.05580	0.02227	0.07514	0.00779	0.00603	0.00173	0.00603	0.00623	0.00485	0.27936
55	0.01575	0.01450	0.04296	0.01108	0.01442	0.11948	0.00886	0.14529	0.01814	0.02408	0.07234	0.05485	0.12144	0.08673	0.00922	0.00232	0.00620	0.00797	0.12323	0.10113
56	0.08380	0.14329	0.02156	0.02077	0.23864	0.06977	0.01298	0.01894	0.01405	0.02026	0.01250	0.03834	0.01131	0.03240	0.03052	0.00216	0.03913	0.00538	0.00357	0.18064
57	0.01605	0.16021	0.02101	0.14381	0.08409	0.11288	0.04206	0.01982	0.06168	0.04782	0.01551	0.04518	0.01382	0.08467	0.10032	0.00348	0.00938	0.00647	0.00385	0.00788

[dist]
# distance from previous block
# <min> <max>
1	86

[block]
# block no. 3 follows, 32 sequences, length 91
# corresponding to MSA columns:
# 390-480
name=unknown_D
#
# <colnr> <probs for GDERKNQSTAVLIFYWHMCP>
#	G	D	E	R	K	N	Q	S	T	A	V	L	I	F	Y	W	H	M	C	P
0	0.04295	0.01413	0.01727	0.01711	0.12590	0.04215	0.03563	0.02622	0.26541	0.09686	0.06202	0.02143	0.01764	0.00763	0.00638	0.00190	0.00604	0.00651	0.00552	0.18131
1	0.01351	0.01078	0.01495	0.01450	0.10570	0.00945	0.03952	0.01582	0.04050	0.01939	0.01444	0.06223	0.01319	0.01087	0.01084	0.19947	0.00574	0.00599	0.02665	0.36645
2	0.35276	0.01505	0.01709	0.08115	0.21890	0.07189	0.01274	0.02145	0.01412	0.09162	0.01230	0.01445	0.00946	0.00640	0.00550	0.00200	0.00689	0.00486	0.00415	0.03722
3	0.01177	0.01056	0.01656	0.16196	0.19821	0.01096	0.03545	0.01501	0.01467	0.01966	0.11186	0.03394	0.18656	0.01673	0.12345	0.00353	0.00819	0.00893	0.00449	0.00752
4	0.00966	0.00720	0.01030	0.01236	0.05467	0.00720	0.00874	0.01174	0.01340	0.01801	0.03206	0.40420	0.03630	0.02406	0.12464	0.00407	0.00703	0.20268	0.00562	0.00606
5	0.01622	0.01431	0.02261	0.06846	0.02270	0.01686	0.15671	0.10028	0.01485	0.06370	0.01344	0.01815	0.01116	0.01560	0.12908	0.00383	0.29329	0.00659	0.00392	0.00823
6	0.01468	0.01468	0.02055	0.01762	0.01762	0.02055	0.01468	0.01615	0.01028	0.01615	0.00881	0.01468	0.00881	0.01174	0.02202	0.00294	0.75191	0.00587	0.00294	0.00734
7	0.01497	0.01465	0.01674	0.01478	0.01549	0.10975	0.01183	0.01659	0.01185	0.01692	0.01236	0.01915	0.01181	0.08590	0.06360	0.00345	0.44753	0.00618	0.09961	0.00686
8	0.01504	0.23776	0.44138	0.01823	0.02655	0.01884	0.11253	0.02096	0.01424	0.01975	0.01149	0.01375	0.00876	0.00610	0.00601	0.00195	0.00934	0.00498	0.00292	0.00943
9	0.00856	0.00665	0.00779	0.00787	0.00954	0.00587	0.00576	0.01071	0.01623	0.02122	0.30479	0.18537	0.35258	0.01650	0.00804	0.00229	0.00340	0.01430	0.00666	0.00587
10	0.00870	0.00621	0.00839	0.00994	0.01056	0.00590	0.00714	0.01025	0.01336	0.01772	0.03669	0.62390	0.04323	0.02053	0.00870	0.00280	0.00435	0.14981	0.00622	0.00559
11	0.02083	0.01406	0.06063	0.11006	0.07078	0.01308	0.03189	0.11065	0.09202	0.27714	0.02507	0.05040	0.07505	0.00899	0.00691	0.00215	0.00661	0.00759	0.00619	0.00991
12	0.01650	0.01523	0.02320	0.31149	0.36841	0.06568	0.01865	0.02043	0.01506	0.06263	0.01304	0.01717	0.01020	0.00647	0.00663	0.00207	0.00850	0.00590	0.00350	0.00925
13	0.00811	0.00608	0.00753	0.00870	0.00956	0.00550	0.00594	0.00942	0.01347	0.01738	0.04486	0.58311	0.21599	0.02000	0.00840	0.00261	0.00377	0.01783	0.00623	0.00550
14	0.45054	0.09452	0.01682	0.01271	0.01686	0.21479	0.04662	0.02170	0.01393	0.02405	0.00984	0.01171	0.00798	0.00649	0.00539	0.00195	0.02860	0.00411	0.00376	0.00764
15	0.59946	0.01253	0.01051	0.00926	0.01287	0.01426	0.00731	0.08865	0.01324	0.02858	0.01197	0.01682	0.01049	0.12988	0.00930	0.00279	0.00563	0.00488	0.00440	0.00718
16	0.01126	0.00711	0.00951	0.00928	0.01069	0.00691	0.00677	0.01341	0.01496	0.08867	0.28406	0.19088	0.04083	0.11646	0.15368	0.00448	0.00688	0.01180	0.00607	0.00629
17	0.01872	0.38507	0.14815	0.01646	0.06867	0.19833	0.01484	0.02183	0.01504	0.01731	0.01025	0.01221	0.00875	0.00636	0.00585	0.00171	0.03442	0.00424	0.00304	0.00872
18	0.01178	0.00839	0.00980	0.00933	0.01089	0.00826	0.00660	0.09813	0.01507	0.02067	0.09064	0.20223	0.05329	0.27555	0.01678	0.00373	0.00534	0.05185	0.04070	0.06097
19	0.01788	0.01674	0.02199	0.06989	0.40082	0.11910	0.01636	0.02282	0.08219	0.07046	0.08047	0.02038	0.01651	0.00733	0.00670	0.00201	0.00777	0.00652	0.00438	0.00969
20	0.01661	0.01594	0.02724	0.04119	0.72233	0.01594	0.02059	0.02059	0.01528	0.02192	0.01262	0.01661	0.01063	0.00598	0.00664	0.00199	0.00797	0.00598	0.00332	0.01063
21	0.71399	0.01278	0.01057	0.00921	0.01349	0.01440	0.00759	0.02134	0.01239	0.11714	0.01148	0.01239	0.00843	0.00649	0.00448	0.00208	0.00526	0.00402	0.00467	0.00779
22	0.01588	0.00962	0.01115	0.00976	0.01251	0.05174	0.00757	0.01865	0.01867	0.21542	0.42088	0.04188	0.11468	0.01217	0.00749	0.00209	0.00442	0.01040	0.00728	0.00773
23	0.01363	0.07598	0.57540	0.01894	0.02770	0.01575	0.08800	0.02046	0.01421	0.02068	0.01358	0.06078	0.01090	0.00718	0.00653	0.00213	0.00951	0.00604	0.00310	0.00947
24	0.01097	0.00719	0.00874	0.00834	0.01040	0.00635	0.00625	0.01328	0.01688	0.09756	0.32015	0.14457	0.29368	0.01527	0.00788	0.00224	0.00362	0.01319	0.00692	0.00652
25	0.03010	0.01142	0.01557	0.01194	0.01713	0.00986	0.00986	0.03270	0.01920	0.72698	0.02647	0.02284	0.01661	0.00830	0.00675	0.00208	0.00571	0.00675	0.00830	0.01142
26	0.81159	0.01298	0.00986	0.00882	0.01298	0.01505	0.00727	0.01972	0.01142	0.03010	0.00934	0.01090	0.00727	0.00623	0.00415	0.00208	0.00519	0.00363	0.00415	0.00727
27	0.01468	0.01468	0.02055	0.01762	0.01762	0.02055	0.01468	0.01615	0.01028	0.01615	0.00881	0.01468	0.00881	0.01174	0.02202	0.00294	0.75191	0.00587	0.00294	0.00734
28	0.01267	0.01193	0.02013	0.74806	0.04621	0.01491	0.01863	0.01714	0.01342	0.01714	0.01193	0.01789	0.00894	0.00671	0.00671	0.00224	0.00894	0.00596	0.00298	0.00745
29	0.66017	0.01267	0.01097	0.00943	0.01378	0.01405	0.00777	0.02224	0.01293	0.16513	0.01266	0.01321	0.00908	0.00663	0.00466	0.00208	0.00529	0.00424	0.00496	0.00807
30	0.00961	0.00707	0.01019	0.01019	0.01119	0.00807	0.00765	0.01160	0.01061	0.01514	0.01851	0.02934	0.01807	0.17166	0.61803	0.01006	0.01602	0.00763	0.00367	0.00566
31	0.00969	0.00677	0.00868	0.00868	0.00915	0.00724	0.00576	0.01063	0.01016	0.01402	0.01990	0.03702	0.02140	0.48381	0.31044	0.00819	0.01101	0.00875	0.00388	0.00482
32	0.00818	0.00584	0.00779	0.00934	0.00973	0.00545	0.00623	0.00934	0.01285	0.01713	0.03698	0.75981	0.04438	0.02102	0.00856	0.00273	0.00389	0.01908	0.00623	0.00545
33	0.01606	0.01490	0.02315	0.08295	0.47833	0.01562	0.01769	0.02345	0.17358	0.02289	0.01708	0.02162	0.01418	0.00738	0.00682	0.00213	0.00734	0.04042	0.00424	0.01018
34	0.68208	0.08438	0.03951	0.01009	0.01469	0.01621	0.03114	0.01987	0.01187	0.02816	0.00958	0.01124	0.00753	0.00617	0.00437	0.00202	0.00575	0.00382	0.00396	0.00755
35	0.01930	0.01146	0.01595	0.01411	0.06133	0.03400	0.05769	0.02200	0.01527	0.28226	0.01977	0.02293	0.01524	0.07079	0.17526	0.00422	0.00914	0.00663	0.02820	0.11447
36	0.71359	0.01242	0.00992	0.00881	0.01284	0.01416	0.00723	0.02014	0.01202	0.06723	0.01114	0.01253	0.00846	0.00645	0.00433	0.00204	0.00507	0.00398	0.06021	0.00742
37	0.01335	0.00729	0.00886	0.00841	0.01020	0.00694	0.00637	0.01592	0.01554	0.11419	0.21433	0.04004	0.03317	0.13098	0.01102	0.00273	0.00434	0.08046	0.26928	0.00659
38	0.00871	0.00633	0.00833	0.00974	0.01055	0.00595	0.00709	0.01033	0.01363	0.01785	0.03956	0.55017	0.10614	0.02012	0.00865	0.00276	0.00433	0.15791	0.00622	0.00562
39	0.00852	0.00608	0.00818	0.00973	0.01027	0.00575	0.00682	0.00993	0.01318	0.01751	0.03679	0.67099	0.04363	0.02070	0.00866	0.00277	0.00419	0.10451	0.00622	0.00554
40	0.02413	0.02816	0.01935	0.01702	0.02045	0.55116	0.01310	0.13541	0.02021	0.02061	0.01115	0.01300	0.00911	0.00757	0.00770	0.00189	0.08296	0.00475	0.00394	0.00833
41	0.01327	0.01269	0.01334	0.01309	0.01501	0.15285	0.05140	0.01566	0.01521	0.01854	0.07092	0.16275	0.03068	0.06949	0.06970	0.00351	0.00809	0.25220	0.00520	0.00640
42	0.03010	0.01142	0.01557	0.01194	0.01713	0.00986	0.00986	0.03270	0.01920	0.72698	0.02647	0.02284	0.01661	0.00830	0.00675	0.00208	0.00571	0.00675	0.00830	0.01142
43	0.00811	0.00609	0.00753	0.00867	0.00956	0.00551	0.00593	0.00942	0.01349	0.01739	0.04516	0.57645	0.22246	0.01996	0.00840	0.00260	0.00376	0.01778	0.00623	0.00551
44	0.01394	0.00868	0.01018	0.00929	0.01193	0.00804	0.00717	0.07862	0.01730	0.14582	0.11186	0.11803	0.31514	0.06030	0.00935	0.00255	0.00456	0.05340	0.00662	0.00719
45	0.01641	0.01820	0.03566	0.02602	0.03177	0.04390	0.55939	0.04796	0.01587	0.02146	0.01296	0.01737	0.01000	0.00657	0.00958	0.00232	0.10474	0.00745	0.00347	0.00888
46	0.00959	0.00719	0.01078	0.01078	0.01198	0.00839	0.00839	0.01198	0.01078	0.01558	0.01797	0.02636	0.01677	0.05032	0.73760	0.01078	0.01797	0.00719	0.00359	0.00599
47	0.61436	0.01258	0.01130	0.00961	0.01402	0.01374	0.00792	0.02300	0.01338	0.20598	0.01367	0.01391	0.00962	0.00675	0.00481	0.00208	0.00532	0.00442	0.00520	0.00831
48	0.00931	0.00732	0.01017	0.01045	0.01196	0.00682	0.04904	0.01127	0.01408	0.01810	0.04210	0.33016	0.21107	0.06433	0.01011	0.00290	0.00493	0.17417	0.00591	0.00581
49	0.07240	0.11304	0.02203	0.01600	0.02055	0.28520	0.06503	0.19618	0.02058	0.08446	0.01320	0.01434	0.01006	0.00719	0.00659	0.00190	0.03229	0.00516	0.00465	0.00916
50	0.00976	0.00651	0.00732	0.00732	0.00732	0.00651	0.00407	0.00976	0.00976	0.01301	0.02114	0.04391	0.02439	0.76419	0.03415	0.00651	0.00651	0.00976	0.00407	0.00407
51	0.00818	0.00584	0.00779	0.00934	0.00973	0.00545	0.00623	0.00934	0.01285	0.01713	0.03698	0.75981	0.04438	0.02102	0.00856	0.00273	0.00389	0.01908	0.00623	0.00545
52	0.01254	0.00929	0.01205	0.10598	0.01675	0.00964	0.00927	0.09973	0.04299	0.04485	0.28341	0.16931	0.07585	0.01365	0.00776	0.00232	0.00498	0.06605	0.00637	0.00721
53	0.01620	0.01552	0.02180	0.36127	0.24880	0.08212	0.01768	0.08947	0.01636	0.02115	0.01329	0.04219	0.01091	0.00713	0.00669	0.00211	0.00860	0.00627	0.00363	0.00880
54	0.01539	0.01470	0.02503	0.26062	0.51245	0.01562	0.01998	0.01952	0.01470	0.02044	0.01241	0.01700	0.01011	0.00621	0.00666	0.00207	0.00827	0.00597	0.00322	0.00964
55	0.68592	0.01500	0.01183	0.01166	0.05791	0.08503	0.00865	0.02046	0.01239	0.02827	0.00965	0.01137	0.00761	0.00628	0.00449	0.00204	0.00603	0.00385	0.00403	0.00753
56	0.00960	0.00715	0.01057	0.01057	0.01169	0.00827	0.00812	0.01184	0.01072	0.01542	0.01817	0.02744	0.01724	0.09437	0.69419	0.01052	0.01727	0.00735	0.00362	0.00587
57	0.01340	0.04119	0.09028	0.03743	0.01913	0.01347	0.09043	0.02236	0.26179	0.02206	0.02862	0.17010	0.09207	0.01171	0.00784	0.00236	0.03082	0.03106	0.00543	0.00845
58	0.01862	0.01334	0.01473	0.01114	0.01661	0.05979	0.00890	0.02240	0.05791	0.18610	0.01614	0.01654	0.01205	0.00613	0.00557	0.00137	0.00565	0.00486	0.00512	0.51701
59	0.00895	0.00686	0.00821	0.00795	0.00979	0.00613	0.00602	0.01156	0.01749	0.02339	0.45198	0.05639	0.30885	0.01511	0.00796	0.00220	0.00335	0.03481	0.00691	0.00608
60	0.01348	0.01353	0.02554	0.04915	0.02472	0.01442	0.31463	0.01733	0.01360	0.01889	0.01635	0.02635	0.01484	0.01847	0.17677	0.00442	0.13800	0.08817	0.00368	0.00765
61	0.01454	0.01249	0.01420	0.01078	0.01625	0.01070	0.00855	0.02114	0.17150	0.02327	0.01541	0.01643	0.01232	0.00590	0.00539	0.00128	0.00505	0.00479	0.00462	0.62538
62	0.01391	0.01193	0.01391	0.00994	0.01590	0.00894	0.00795	0.01690	0.01391	0.02186	0.01193	0.01391	0.00994	0.00497	0.00497	0.00099	0.00497	0.00398	0.00398	0.80521
63	0.00959	0.00688	0.00931	0.00932	0.01010	0.00746	0.00662	0.01115	0.01110	0.01555	0.07185	0.05865	0.02387	0.30168	0.40790	0.00834	0.01231	0.00887	0.00413	0.00531
64	0.00960	0.00644	0.00737	0.00752	0.00756	0.00640	0.00429	0.00972	0.01007	0.01343	0.02275	0.11652	0.02642	0.68881	0.03156	0.00612	0.00624	0.01070	0.00429	0.00421
65	0.01067	0.00762	0.01065	0.01219	0.01368	0.00760	0.01057	0.01366	0.01531	0.01992	0.03561	0.11249	0.03893	0.01867	0.00923	0.00307	0.00606	0.64177	0.00618	0.00614
66	0.01509	0.01440	0.02450	0.31333	0.46203	0.01554	0.01984	0.01926	0.01456	0.02008	0.01235	0.01710	0.00998	0.00626	0.00667	0.00209	0.00835	0.00597	0.00319	0.00941
67	0.01573	0.01504	0.02564	0.19938	0.57102	0.01571	0.02015	0.01982	0.01486	0.02085	0.01247	0.01689	0.01025	0.00614	0.00666	0.00205	0.00819	0.00598	0.00325	0.00992
68	0.01744	0.28383	0.29047	0.01545	0.02231	0.08977	0.01663	0.07843	0.08688	0.02132	0.01284	0.01406	0.01001	0.00662	0.00570	0.00186	0.00851	0.00478	0.00363	0.00945
69	0.00870	0.00662	0.00787	0.00796	0.00946	0.00594	0.00574	0.01077	0.01593	0.02106	0.31405	0.19170	0.29003	0.06200	0.00964	0.00255	0.00359	0.01405	0.00655	0.00579
70	0.01070	0.00764	0.01068	0.01222	0.01372	0.00762	0.01061	0.01370	0.01533	0.01995	0.03559	0.10598	0.03887	0.01865	0.00924	0.00307	0.00608	0.64803	0.00618	0.00615
71	0.19353	0.04029	0.10765	0.06485	0.02092	0.01499	0.03205	0.13507	0.06029	0.24018	0.01737	0.01733	0.01197	0.00735	0.00609	0.00208	0.00681	0.00566	0.00568	0.00984
72	0.01506	0.04968	0.37748	0.12578	0.11684	0.01489	0.05474	0.02076	0.01460	0.07811	0.01478	0.06122	0.01177	0.00736	0.00663	0.00214	0.00880	0.00634	0.00360	0.00941
73	0.02001	0.00945	0.01114	0.00945	0.01274	0.00916	0.00751	0.04903	0.08448	0.29017	0.02393	0.02387	0.01709	0.00813	0.00575	0.00184	0.00447	0.00656	0.39642	0.00881
74	0.03010	0.01142	0.01557	0.01194	0.01713	0.00986	0.00986	0.03270	0.01920	0.72698	0.02647	0.02284	0.01661	0.00830	0.00675	0.00208	0.00571	0.00675	0.00830	0.01142
75	0.01346	0.03471	0.72942	0.01912	0.02904	0.01558	0.02479	0.02125	0.01417	0.02125	0.01204	0.01417	0.00850	0.00637	0.00637	0.00212	0.00992	0.00496	0.00283	0.00992
76	0.00818	0.00584	0.00779	0.00934	0.00973	0.00545	0.00623	0.00934	0.01285	0.01713	0.03698	0.75981	0.04438	0.02102	0.00856	0.00273	0.00389	0.01908	0.00623	0.00545
77	0.04818	0.20675	0.02632	0.04126	0.17725	0.01763	0.10228	0.09054	0.01699	0.15190	0.01574	0.04915	0.01256	0.00721	0.00624	0.00195	0.00747	0.00626	0.00462	0.00969
78	0.01794	0.76823	0.03516	0.01148	0.01722	0.02655	0.01148	0.02009	0.01363	0.01579	0.00933	0.01076	0.00861	0.00574	0.00431	0.00144	0.00718	0.00359	0.00287	0.00861
79	0.00976	0.00651	0.00732	0.00732	0.00732	0.00651	0.00407	0.00976	0.00976	0.01301	0.02114	0.04391	0.02439	0.76419	0.03415	0.00651	0.00651	0.00976	0.00407	0.00407
80	0.01513	0.08413	0.60999	0.01820	0.02725	0.06006	0.02256	0.02196	0.01463	0.04861	0.01233	0.01415	0.00884	0.00644	0.00623	0.00205	0.00969	0.00490	0.00309	0.00976
81	0.01410	0.05959	0.65923	0.01856	0.02798	0.01617	0.02348	0.04279	0.03758	0.02193	0.01257	0.01446	0.00899	0.00649	0.00633	0.00210	0.00959	0.00503	0.00309	0.00994
82	0.01669	0.01441	0.01517	0.01365	0.01745	0.01669	0.01062	0.03565	0.71021	0.02807	0.02731	0.02503	0.02048	0.00910	0.00683	0.00228	0.00531	0.00759	0.00683	0.01062
83	0.00818	0.00584	0.00779	0.00934	0.00973	0.00545	0.00623	0.00934	0.01285	0.01713	0.03698	0.75981	0.04438	0.02102	0.00856	0.00273	0.00389	0.01908	0.00623	0.00545
84	0.00959	0.00719	0.01078	0.01078	0.01198	0.00839	0.00839	0.01198	0.01078	0.01558	0.01797	0.02636	0.01677	0.05032	0.73760	0.01078	0.01797	0.00719	0.00359	0.00599
85	0.01467	0.01191	0.01707	0.25635	0.13084	0.03393	0.01375	0.01804	0.01379	0.05137	0.01497	0.01927	0.01187	0.00781	0.00860	0.00210	0.12810	0.00602	0.23180	0.00776
86	0.00800	0.00680	0.00689	0.00687	0.00911	0.00569	0.00515	0.00976	0.01546	0.01852	0.09679	0.06393	0.69055	0.01685	0.00793	0.00226	0.00339	0.01407	0.00628	0.00569
87	0.07624	0.01242	0.01405	0.01026	0.01603	0.01018	0.00826	0.06020	0.01500	0.04820	0.01249	0.01413	0.01006	0.00537	0.00508	0.00118	0.00516	0.00417	0.00431	0.66720
88	0.05472	0.01448	0.01646	0.01335	0.01729	0.04108	0.01093	0.21733	0.01924	0.11416	0.01693	0.04461	0.01411	0.00906	0.00895	0.00204	0.13061	0.05214	0.02320	0.17930
89	0.07289	0.17550	0.04019	0.01359	0.01778	0.10201	0.04125	0.14490	0.11782	0.03954	0.01896	0.15134	0.01751	0.00968	0.00635	0.00205	0.00702	0.00782	0.00505	0.00876
90	0.10492	0.04333	0.05158	0.10584	0.07170	0.12856	0.05696	0.16593	0.08490	0.04552	0.01490	0.01800	0.01169	0.00767	0.00702	0.00210	0.03775	0.02784	0.00463	0.00915

[dist]
# distance from previous block
# <min> <max>
0	39

[block]
# block no. 4 follows, 32 sequences, length 155
# corresponding to MSA columns:
# 520-533,535-582,591-683
name=unknown_E
#
# <colnr> <probs for GDERKNQSTAVLIFYWHMCP>
#	G	D	E	R	K	N	Q	S	T	A	V	L	I	F	Y	W	H	M	C	P
0	0.01779	0.12899	0.12015	0.01944	0.11847	0.08999	0.07662	0.09810	0.08328	0.04116	0.05084	0.01929	0.01442	0.00758	0.00697	0.00199	0.03418	0.02560	0.00435	0.04081
1	0.10396	0.12726	0.23526	0.02443	0.24688	0.01705	0.08148	0.02056	0.01429	0.02172	0.01168	0.01446	0.00927	0.00602	0.00601	0.00195	0.00832	0.00518	0.00324	0.04098
2	0.04263	0.32317	0.21928	0.01730	0.10075	0.07490	0.01588	0.02105	0.03904	0.01949	0.03989	0.01631	0.01217	0.00683	0.00563	0.00183	0.00808	0.02335	0.00341	0.00900
3	0.04286	0.12487	0.07438	0.01147	0.01550	0.01277	0.01010	0.06464	0.04349	0.15398	0.11811	0.07234	0.02274	0.05796	0.09479	0.00326	0.00733	0.00764	0.00542	0.05638
4	0.01839	0.38917	0.16981	0.01529	0.02155	0.11259	0.06143	0.07835	0.04031	0.01998	0.01148	0.01305	0.00935	0.00632	0.00547	0.00174	0.00858	0.00459	0.00343	0.00910
5	0.05425	0.06581	0.02251	0.37454	0.21504	0.01682	0.01728	0.11486	0.01638	0.02247	0.01240	0.01648	0.00963	0.00662	0.00640	0.00208	0.00817	0.00570	0.00365	0.00891
6	0.01930	0.36687	0.18129	0.01505	0.02095	0.25716	0.01487	0.02254	0.01551	0.01719	0.01026	0.01194	0.00860	0.00626	0.00533	0.00168	0.00939	0.00413	0.00305	0.00862
7	0.01887	0.41986	0.02980	0.04525	0.18584	0.05932	0.01415	0.11653	0.01682	0.02106	0.01121	0.01322	0.00950	0.00622	0.00537	0.00169	0.00771	0.00462	0.00355	0.00940
8	0.00834	0.00596	0.00798	0.00953	0.00999	0.00559	0.00652	0.00963	0.01301	0.01731	0.03689	0.71676	0.04402	0.02087	0.00861	0.00275	0.00404	0.06049	0.00623	0.00550
9	0.00973	0.00663	0.00794	0.00794	0.00816	0.00684	0.00484	0.01016	0.00994	0.01347	0.02057	0.04075	0.02302	0.63570	0.16076	0.00728	0.00857	0.00930	0.00398	0.00441
10	0.00834	0.00596	0.00797	0.00953	0.00999	0.00559	0.00651	0.00962	0.01301	0.01731	0.03689	0.71779	0.04402	0.02087	0.00861	0.00275	0.00403	0.05950	0.00623	0.00549
11	0.00793	0.00680	0.00680	0.00680	0.00906	0.00566	0.00510	0.00963	0.01529	0.01813	0.06797	0.06457	0.71961	0.01699	0.00793	0.00227	0.00340	0.01416	0.00623	0.00566
12	0.03010	0.01142	0.01557	0.01194	0.01713	0.00986	0.00986	0.03270	0.01920	0.72698	0.02647	0.02284	0.01661	0.00830	0.00675	0.00208	0.00571	0.00675	0.00830	0.01142
13	0.01669	0.01441	0.01517	0.01365	0.01745	0.01669	0.01062	0.03565	0.71021	0.02807	0.02731	0.02503	0.02048	0.00910	0.00683	0.00228	0.00531	0.00759	0.00683	0.01062
14	0.02551	0.01879	0.02014	0.01544	0.02081	0.02081	0.01275	0.69996	0.03155	0.04229	0.01611	0.01611	0.01141	0.00805	0.00671	0.00201	0.00738	0.00604	0.00671	0.01141
15	0.01346	0.03471	0.72942	0.01912	0.02904	0.01558	0.02479	0.02125	0.01417	0.02125	0.01204	0.01417	0.00850	0.00637	0.00637	0.00212	0.00992	0.00496	0.00283	0.00992
16	0.01584	0.01810	0.03959	0.02828	0.03507	0.01697	0.69796	0.02149	0.01584	0.02149	0.01357	0.01810	0.01018	0.00566	0.00792	0.00226	0.01131	0.00792	0.00339	0.00905
17	0.01391	0.01193	0.01391	0.00994	0.01590	0.00894	0.00795	0.01690	0.01391	0.02186	0.01193	0.01391	0.00994	0.00497	0.00497	0.00099	0.00497	0.00398	0.00398	0.80521
18	0.00809	0.00615	0.00746	0.00851	0.00951	0.00552	0.00586	0.00944	0.01365	0.01746	0.04718	0.53114	0.26647	0.01970	0.00836	0.00257	0.00373	0.01746	0.00623	0.00552
