[name]
unknown

[dist]
# distance from previous block
# <min> <max>
10	293

[block]
# block no. 0 follows, 30 sequences, length 13
# corresponding to MSA columns:
# 317-329
name=unknown_A
#
# <colnr> <probs for GDERKNQSTAVLIFYWHMCP>
#	G	D	E	R	K	N	Q	S	T	A	V	L	I	F	Y	W	H	M	C	P
0	0.01928	0.38618	0.17847	0.01711	0.06782	0.18625	0.01590	0.02280	0.01571	0.01822	0.01079	0.01268	0.00908	0.00641	0.00552	0.00176	0.00932	0.00438	0.00315	0.00919
1	0.01679	0.01346	0.04689	0.01168	0.01488	0.11187	0.00936	0.01955	0.01787	0.16162	0.24973	0.17601	0.03695	0.01258	0.00753	0.00217	0.00580	0.01076	0.00654	0.06795
2	0.01953	0.67332	0.03459	0.01265	0.01834	0.11011	0.01212	0.02172	0.01484	0.01650	0.00983	0.01136	0.00896	0.00611	0.00469	0.00153	0.00807	0.00382	0.00306	0.00885
3	0.01767	0.02372	0.36203	0.07250	0.08852	0.01369	0.01908	0.02325	0.01626	0.18273	0.04454	0.02262	0.06616	0.00819	0.00695	0.00220	0.00828	0.00675	0.00476	0.01009
4	0.01069	0.06801	0.01283	0.01084	0.01232	0.01001	0.00844	0.01286	0.01133	0.01590	0.01836	0.02829	0.01771	0.13274	0.58596	0.00990	0.01636	0.00749	0.00374	0.00621
5	0.01825	0.69548	0.09646	0.01264	0.01899	0.02661	0.01316	0.02100	0.01423	0.01692	0.00995	0.01150	0.00895	0.00603	0.00467	0.00156	0.00771	0.00386	0.00298	0.00907
6	0.01937	0.12241	0.12677	0.01422	0.02089	0.01392	0.07224	0.02325	0.01602	0.19445	0.01596	0.01674	0.01167	0.00643	0.00602	0.00167	0.00705	0.00531	0.00486	0.30073
7	0.01986	0.46049	0.11631	0.01400	0.02031	0.02431	0.01392	0.17771	0.05193	0.02418	0.01261	0.01365	0.01022	0.00678	0.00546	0.00176	0.00777	0.00471	0.00411	0.00991
8	0.00947	0.00677	0.00895	0.01014	0.01091	0.00661	0.00737	0.01109	0.01346	0.01782	0.03559	0.40976	0.06748	0.12931	0.06747	0.00411	0.00608	0.16598	0.00593	0.00569
9	0.00844	0.00659	0.00766	0.00842	0.00981	0.00581	0.00593	0.01001	0.01485	0.01876	0.08336	0.39568	0.36078	0.01954	0.00856	0.00258	0.00377	0.01710	0.00653	0.00581
10	0.01838	0.69896	0.03534	0.01246	0.01794	0.02711	0.01221	0.02056	0.01390	0.01645	0.00966	0.01152	0.00897	0.00647	0.00596	0.00162	0.06672	0.00392	0.00299	0.00885
11	0.01822	0.69106	0.10063	0.01269	0.01906	0.02654	0.01324	0.02101	0.01423	0.01695	0.00997	0.01153	0.00894	0.00603	0.00468	0.00156	0.00773	0.00387	0.00298	0.00908
12	0.01883	0.02668	0.41593	0.01721	0.02517	0.01558	0.01942	0.07153	0.13042	0.16245	0.01842	0.01853	0.01278	0.00762	0.00681	0.00222	0.00847	0.00605	0.00503	0.01085

[dist]
# distance from previous block
# <min> <max>
6	11

[block]
# block no. 1 follows, 30 sequences, length 17
# corresponding to MSA columns:
# 341-357
name=unknown_B
#
# <colnr> <probs for GDERKNQSTAVLIFYWHMCP>
#	G	D	E	R	K	N	Q	S	T	A	V	L	I	F	Y	W	H	M	C	P
0	0.01548	0.02022	0.18721	0.19698	0.27032	0.01641	0.08712	0.02218	0.07410	0.02198	0.01423	0.01790	0.01097	0.00674	0.00701	0.00222	0.00910	0.00631	0.00358	0.00994
1	0.02766	0.05798	0.02010	0.01444	0.01948	0.01306	0.06912	0.03049	0.01839	0.54397	0.02346	0.02172	0.01538	0.00860	0.00856	0.00223	0.08018	0.00683	0.00730	0.01106
2	0.01366	0.01270	0.02124	0.52838	0.17512	0.01483	0.01851	0.01807	0.01491	0.01982	0.08166	0.02167	0.01527	0.00755	0.00709	0.00226	0.00851	0.00684	0.00363	0.00829
3	0.01654	0.01231	0.02005	0.60328	0.04245	0.01453	0.01769	0.02083	0.01507	0.14746	0.01521	0.01956	0.01078	0.00728	0.00698	0.00229	0.00868	0.00635	0.00413	0.00852
4	0.02529	0.01205	0.01777	0.25318	0.02785	0.01200	0.01328	0.02864	0.01798	0.48436	0.02251	0.02204	0.01463	0.00809	0.00700	0.00221	0.00705	0.00675	0.00680	0.01051
5	0.02916	0.01140	0.01551	0.01205	0.01707	0.00989	0.00989	0.03192	0.01995	0.64721	0.09557	0.02659	0.02213	0.00920	0.00714	0.00216	0.00567	0.00758	0.00854	0.01135
6	0.01492	0.17867	0.58408	0.01832	0.02778	0.01846	0.02305	0.02186	0.01462	0.02098	0.01197	0.01403	0.00886	0.00650	0.00621	0.00207	0.00975	0.00488	0.00295	0.01005
7	0.01404	0.01139	0.01819	0.43637	0.10293	0.01289	0.01570	0.01772	0.01475	0.07862	0.02259	0.13065	0.07525	0.01015	0.00737	0.00236	0.00765	0.00901	0.00440	0.00797
8	0.01993	0.01581	0.08784	0.18286	0.02602	0.05153	0.01517	0.02339	0.01582	0.24081	0.01897	0.02490	0.01484	0.00975	0.01033	0.00247	0.15308	0.07209	0.00520	0.00918
9	0.00920	0.00687	0.00871	0.00991	0.01115	0.00638	0.00750	0.01111	0.01476	0.01893	0.04629	0.38874	0.21393	0.02007	0.00894	0.00282	0.00458	0.19770	0.00646	0.00594
10	0.01774	0.30493	0.08954	0.15734	0.02775	0.02061	0.11789	0.08705	0.01668	0.04886	0.01491	0.01732	0.03676	0.00701	0.00622	0.00197	0.00854	0.00584	0.00385	0.00920
11	0.01423	0.01002	0.01544	0.31488	0.02759	0.01137	0.01298	0.01738	0.01386	0.11210	0.01975	0.06603	0.01771	0.09326	0.17786	0.00489	0.01033	0.04840	0.00450	0.00742
12	0.01315	0.01636	0.14097	0.37632	0.03633	0.01424	0.10771	0.01820	0.01505	0.02009	0.05891	0.02767	0.05053	0.00882	0.00746	0.00238	0.00891	0.06490	0.00386	0.00813
13	0.01893	0.25478	0.14363	0.10061	0.09856	0.06187	0.01639	0.04793	0.01581	0.09580	0.01309	0.01531	0.01024	0.00722	0.00746	0.00202	0.07173	0.00523	0.00386	0.00954
14	0.01792	0.01466	0.02094	0.22469	0.14801	0.05363	0.05344	0.11249	0.01788	0.09206	0.01759	0.02487	0.01454	0.01285	0.07931	0.00318	0.00955	0.06858	0.00468	0.00914
15	0.09523	0.02092	0.18509	0.02090	0.09326	0.05757	0.15550	0.07910	0.03771	0.04574	0.04052	0.03742	0.01518	0.00985	0.03477	0.00261	0.00927	0.04558	0.00442	0.00938
16	0.01830	0.01820	0.14147	0.17852	0.19171	0.01533	0.08516	0.02469	0.08395	0.14756	0.01709	0.01933	0.01240	0.00718	0.00705	0.00222	0.00850	0.00655	0.00460	0.01020

[dist]
# distance from previous block
# <min> <max>
3	12

[block]
# block no. 2 follows, 30 sequences, length 11
# corresponding to MSA columns:
# 370-380
name=unknown_C
#
# <colnr> <probs for GDERKNQSTAVLIFYWHMCP>
#	G	D	E	R	K	N	Q	S	T	A	V	L	I	F	Y	W	H	M	C	P
0	0.08805	0.03761	0.08347	0.01524	0.01954	0.01550	0.06814	0.15888	0.01903	0.12721	0.08937	0.07557	0.02064	0.01038	0.00934	0.00237	0.10875	0.03598	0.00568	0.00925
1	0.01439	0.01507	0.07101	0.11339	0.26987	0.01544	0.01696	0.01790	0.01432	0.02055	0.07940	0.07458	0.01827	0.01178	0.04408	0.00283	0.17970	0.00778	0.00391	0.00876
2	0.07420	0.01776	0.02298	0.06760	0.07370	0.16609	0.19021	0.02180	0.01575	0.08519	0.01541	0.02050	0.01268	0.06789	0.11397	0.00379	0.01117	0.00675	0.00413	0.00840
3	0.19146	0.10765	0.07350	0.06774	0.12564	0.07203	0.10202	0.07193	0.01660	0.08968	0.01345	0.01556	0.01019	0.00674	0.00618	0.00207	0.00829	0.00552	0.00429	0.00946
4	0.00925	0.00727	0.00810	0.00852	0.01002	0.00676	0.00594	0.01187	0.06299	0.01849	0.05018	0.28491	0.34515	0.12341	0.01226	0.00314	0.00430	0.01526	0.00620	0.00595
5	0.01389	0.00874	0.01102	0.01043	0.01159	0.00916	0.00736	0.11023	0.06351	0.01897	0.01873	0.12902	0.01894	0.08911	0.02095	0.43379	0.00603	0.00861	0.00452	0.00540
6	0.01804	0.01432	0.02258	0.33742	0.15651	0.01576	0.06637	0.07177	0.08411	0.11865	0.01664	0.01969	0.01218	0.00734	0.00708	0.00225	0.00835	0.00664	0.00464	0.00966
7	0.08936	0.01359	0.02089	0.12025	0.13190	0.03553	0.13511	0.01990	0.05635	0.05540	0.01655	0.02346	0.01426	0.12214	0.11173	0.00414	0.00987	0.00719	0.00414	0.00825
8	0.01099	0.01007	0.01170	0.01150	0.01327	0.07778	0.05726	0.01295	0.01532	0.01912	0.08548	0.39983	0.18187	0.01772	0.00845	0.00257	0.00541	0.04633	0.00606	0.00633
9	0.08766	0.01531	0.16338	0.01244	0.01622	0.04355	0.01158	0.01709	0.01515	0.08963	0.07795	0.30892	0.06159	0.01429	0.00762	0.00247	0.00613	0.03566	0.00567	0.00768
10	0.09143	0.27136	0.25752	0.03764	0.06399	0.10261	0.01706	0.02261	0.03996	0.02067	0.01173	0.01366	0.00938	0.00655	0.00570	0.00192	0.00884	0.00467	0.00335	0.00934

[dist]
# distance from previous block
# <min> <max>
2	11

[block]
# block no. 3 follows, 30 sequences, length 14
# corresponding to MSA columns:
# 392-405
name=unknown_D
#
# <colnr> <probs for GDERKNQSTAVLIFYWHMCP>
#	G	D	E	R	K	N	Q	S	T	A	V	L	I	F	Y	W	H	M	C	P
0	0.01284	0.11405	0.18017	0.01259	0.01639	0.01265	0.01224	0.01690	0.05352	0.01843	0.02173	0.03977	0.02225	0.27727	0.01736	0.00397	0.00755	0.14876	0.00440	0.00716
1	0.01740	0.29679	0.32184	0.05606	0.02582	0.02043	0.04936	0.06121	0.01590	0.05686	0.01258	0.01442	0.00960	0.00658	0.00597	0.00195	0.00890	0.00500	0.00353	0.00981
2	0.08734	0.01643	0.07915	0.35851	0.14590	0.04524	0.01767	0.02234	0.11792	0.02192	0.01464	0.01827	0.01119	0.00716	0.00668	0.00224	0.00843	0.00608	0.00388	0.00900
3	0.01088	0.11844	0.10613	0.01010	0.01368	0.01050	0.00936	0.01384	0.01611	0.02085	0.19220	0.11573	0.30847	0.01419	0.00755	0.00222	0.00499	0.01192	0.00578	0.00705
4	0.01624	0.18860	0.05632	0.01161	0.01553	0.04843	0.01008	0.06613	0.04891	0.09430	0.11748	0.14620	0.12899	0.01206	0.00701	0.00214	0.00595	0.00995	0.00577	0.00830
5	0.01693	0.02754	0.44168	0.08606	0.03095	0.01547	0.12690	0.02355	0.01573	0.12669	0.01503	0.01710	0.01043	0.00685	0.00697	0.00224	0.00979	0.00602	0.00391	0.01017
6	0.01866	0.01351	0.02200	0.36170	0.23688	0.01459	0.01783	0.02270	0.01594	0.18375	0.01618	0.01942	0.01170	0.00714	0.00697	0.00221	0.00821	0.00640	0.00451	0.00970
7	0.01071	0.00828	0.01184	0.14886	0.01823	0.00851	0.00974	0.01426	0.01809	0.02497	0.47319	0.04974	0.05115	0.01363	0.00820	0.00237	0.00492	0.10993	0.00662	0.00678
8	0.01728	0.02166	0.27085	0.21686	0.03243	0.01526	0.08452	0.02446	0.08376	0.13935	0.01677	0.01886	0.01181	0.00728	0.00700	0.00226	0.00896	0.00633	0.00443	0.00986
9	0.01631	0.02078	0.19450	0.19258	0.28684	0.01677	0.06708	0.07996	0.01671	0.02334	0.01320	0.01702	0.01016	0.00666	0.00695	0.00218	0.00920	0.00610	0.00357	0.01008
10	0.01330	0.01599	0.12643	0.62939	0.04536	0.01561	0.02035	0.01848	0.01407	0.01848	0.01242	0.01802	0.00923	0.00692	0.00692	0.00231	0.00946	0.00604	0.00308	0.00814
11	0.01379	0.01337	0.02345	0.56949	0.04365	0.01531	0.11923	0.01849	0.01438	0.01893	0.01266	0.01829	0.00958	0.00666	0.00701	0.00222	0.00933	0.00633	0.00325	0.07458
12	0.05135	0.02314	0.30417	0.19877	0.15798	0.01621	0.02082	0.02263	0.09589	0.02245	0.01436	0.01734	0.01078	0.00697	0.00672	0.00223	0.00890	0.00587	0.00364	0.00978
13	0.01737	0.10302	0.01987	0.09927	0.02136	0.12073	0.07127	0.02032	0.01654	0.11200	0.12296	0.08814	0.02429	0.01280	0.04726	0.00272	0.04000	0.04683	0.00514	0.00812

[dist]
# distance from previous block
# <min> <max>
5	12

[block]
# block no. 4 follows, 30 sequences, length 15
# corresponding to MSA columns:
# 418-432
name=unknown_E
#
# <colnr> <probs for GDERKNQSTAVLIFYWHMCP>
#	G	D	E	R	K	N	Q	S	T	A	V	L	I	F	Y	W	H	M	C	P
0	0.15785	0.01422	0.07862	0.01190	0.01610	0.01305	0.01036	0.09414	0.14319	0.10382	0.19604	0.02928	0.05325	0.00994	0.00678	0.00219	0.00549	0.00804	0.03671	0.00903
1	0.15732	0.18824	0.21467	0.01460	0.02066	0.06443	0.01500	0.02131	0.01415	0.04861	0.01148	0.01358	0.00917	0.00703	0.00738	0.00198	0.08951	0.00462	0.00360	0.09265
2	0.01845	0.01142	0.01648	0.09332	0.02019	0.01117	0.07427	0.06575	0.01851	0.23771	0.13468	0.03615	0.18147	0.01123	0.00819	0.00228	0.03371	0.00957	0.00658	0.00885
3	0.09624	0.01041	0.01158	0.00929	0.01349	0.00883	0.00720	0.01553	0.01512	0.02353	0.15502	0.03052	0.11448	0.05909	0.00812	0.00194	0.00472	0.00755	0.00516	0.40219
4	0.13439	0.39418	0.14981	0.01400	0.02007	0.14729	0.01401	0.02228	0.01493	0.01972	0.01039	0.01208	0.00874	0.00638	0.00515	0.00177	0.00857	0.00412	0.00328	0.00884
5	0.01357	0.00766	0.00954	0.00939	0.01134	0.00684	0.00675	0.01512	0.01509	0.16925	0.04248	0.33966	0.20665	0.09946	0.01129	0.00300	0.00463	0.01467	0.00670	0.00691
6	0.02368	0.02024	0.01958	0.04776	0.02149	0.17252	0.01324	0.27345	0.11026	0.10280	0.01690	0.01767	0.01256	0.00874	0.00896	0.00221	0.10585	0.00615	0.00575	0.01020
7	0.01551	0.15099	0.17242	0.11868	0.06884	0.10776	0.01597	0.01964	0.01595	0.02026	0.09297	0.04792	0.02059	0.00955	0.00691	0.00219	0.00836	0.09289	0.00418	0.00842
8	0.00912	0.00631	0.00799	0.00909	0.00990	0.00587	0.00624	0.01081	0.01438	0.01989	0.11334	0.54879	0.09094	0.01927	0.00836	0.00260	0.00384	0.01727	0.09011	0.00587
9	0.01434	0.10118	0.29133	0.01531	0.02130	0.10840	0.04502	0.01875	0.01552	0.01967	0.02756	0.10732	0.16483	0.01069	0.00703	0.00219	0.00821	0.00876	0.00422	0.00836
10	0.12298	0.02144	0.16446	0.02056	0.02737	0.04297	0.26474	0.12752	0.01857	0.10027	0.01494	0.01700	0.01069	0.00684	0.00701	0.00222	0.00941	0.00647	0.00460	0.00994
11	0.02825	0.12535	0.06644	0.01285	0.01866	0.01325	0.01155	0.03124	0.01875	0.56469	0.02385	0.02127	0.01546	0.00810	0.00661	0.00206	0.00646	0.00640	0.00741	0.01133
12	0.01491	0.01384	0.02312	0.11287	0.48549	0.01409	0.01795	0.01848	0.01513	0.02116	0.01854	0.17639	0.01847	0.00970	0.00735	0.00227	0.00748	0.00917	0.00407	0.00952
13	0.04759	0.01724	0.09391	0.01854	0.11234	0.06408	0.08771	0.02317	0.04373	0.15521	0.02144	0.02223	0.07669	0.00773	0.00666	0.00193	0.00741	0.00667	0.00502	0.18069
14	0.01309	0.01043	0.08465	0.01050	0.01319	0.00772	0.00885	0.01585	0.01592	0.12405	0.15013	0.31754	0.09724	0.01534	0.00784	0.00240	0.00474	0.01346	0.07971	0.00733

[dist]
# distance from previous block
# <min> <max>
3	8

[block]
# block no. 5 follows, 30 sequences, length 27
# corresponding to MSA columns:
# 441-467
name=unknown_F
#
# <colnr> <probs for GDERKNQSTAVLIFYWHMCP>
#	G	D	E	R	K	N	Q	S	T	A	V	L	I	F	Y	W	H	M	C	P
0	0.01684	0.01232	0.01418	0.01182	0.01511	0.01288	0.00938	0.29531	0.02521	0.03467	0.41871	0.03734	0.04328	0.01180	0.00771	0.00215	0.00513	0.00997	0.00739	0.00879
1	0.01441	0.01634	0.14125	0.02989	0.01863	0.01280	0.01236	0.09124	0.07891	0.02531	0.13760	0.02907	0.11077	0.00989	0.00813	0.00203	0.06293	0.00788	0.00528	0.18527
2	0.01050	0.00683	0.00845	0.00856	0.00904	0.00671	0.00565	0.01078	0.01202	0.01605	0.10605	0.04663	0.06175	0.41960	0.02667	0.14826	0.00603	0.08102	0.00477	0.00461
3	0.19573	0.37777	0.02560	0.01231	0.01762	0.02274	0.01110	0.14297	0.09142	0.02611	0.01301	0.01384	0.01051	0.00690	0.00518	0.00185	0.00683	0.00465	0.00445	0.00940
4	0.01670	0.17752	0.51060	0.01754	0.02648	0.01787	0.02143	0.02308	0.01516	0.09231	0.01350	0.01496	0.00973	0.00670	0.00624	0.00206	0.00930	0.00506	0.00354	0.01020
5	0.01501	0.01708	0.09653	0.28183	0.16460	0.01719	0.10469	0.02012	0.04173	0.02007	0.01283	0.01768	0.01021	0.00770	0.00997	0.00240	0.14163	0.00641	0.00336	0.00897
6	0.01150	0.00985	0.01244	0.01155	0.01304	0.01143	0.00901	0.01530	0.08756	0.01903	0.07768	0.03844	0.20755	0.08306	0.19284	0.00507	0.17306	0.00974	0.00500	0.00684
7	0.01527	0.02048	0.15883	0.18937	0.03798	0.01690	0.41466	0.02128	0.01558	0.02128	0.01344	0.01804	0.00998	0.00627	0.00766	0.00232	0.01094	0.00722	0.00333	0.00920
8	0.02000	0.10329	0.05911	0.02295	0.02905	0.18049	0.35421	0.10297	0.01886	0.02308	0.01313	0.01617	0.01013	0.00652	0.00717	0.00210	0.01094	0.00654	0.00388	0.00939
9	0.02193	0.00974	0.01264	0.01068	0.01450	0.00843	0.00843	0.02415	0.01788	0.43095	0.03972	0.15694	0.18779	0.01304	0.00763	0.00232	0.00504	0.01103	0.00776	0.00939
10	0.01242	0.00787	0.00971	0.00960	0.01172	0.00720	0.00725	0.01528	0.04399	0.11761	0.16554	0.24569	0.23337	0.01676	0.00832	0.00250	0.00428	0.06684	0.00701	0.00704
11	0.01886	0.42274	0.02780	0.10791	0.02181	0.18348	0.01260	0.02134	0.01553	0.01734	0.01384	0.01586	0.04256	0.00704	0.00542	0.00172	0.00848	0.00489	0.04246	0.00833
12	0.01822	0.09435	0.01830	0.14374	0.02266	0.01641	0.01205	0.04357	0.34438	0.10786	0.02263	0.02261	0.01681	0.00840	0.00658	0.00217	0.00631	0.00687	0.07615	0.00994
13	0.01225	0.00695	0.00840	0.00877	0.01030	0.00643	0.00629	0.01427	0.01475	0.09619	0.03661	0.38155	0.11402	0.01598	0.00747	0.00236	0.00396	0.01400	0.23285	0.00661
14	0.00995	0.00668	0.00767	0.00786	0.00791	0.00663	0.00450	0.01010	0.01053	0.01404	0.02396	0.12985	0.02785	0.66719	0.03234	0.00630	0.00644	0.01131	0.00450	0.00440
15	0.01634	0.01751	0.10596	0.28969	0.23992	0.01674	0.01922	0.09041	0.09098	0.02376	0.01482	0.01836	0.01134	0.00712	0.00693	0.00222	0.00854	0.00627	0.00402	0.00983
16	0.10537	0.00927	0.01351	0.01212	0.01441	0.00995	0.07753	0.01421	0.01301	0.01990	0.08883	0.03105	0.07788	0.06381	0.40920	0.00743	0.01315	0.00832	0.00442	0.00664
17	0.01044	0.00674	0.00750	0.00750	0.00766	0.00674	0.00430	0.01078	0.01061	0.01481	0.02207	0.04365	0.02460	0.67800	0.03237	0.00624	0.00640	0.00977	0.08537	0.00446
18	0.00864	0.00629	0.00790	0.00912	0.00976	0.00581	0.00608	0.00980	0.01339	0.01752	0.04134	0.58088	0.13796	0.09662	0.01155	0.00317	0.00425	0.01812	0.00625	0.00555
19	0.01344	0.01069	0.01766	0.01483	0.01658	0.01182	0.13093	0.01475	0.01175	0.04266	0.01544	0.02481	0.01465	0.13376	0.17721	0.18639	0.14528	0.00742	0.00367	0.00625
20	0.01484	0.11232	0.08200	0.14502	0.18626	0.01568	0.01480	0.02046	0.11163	0.01984	0.01671	0.02422	0.01502	0.17761	0.01313	0.00317	0.00779	0.00693	0.00399	0.00858
21	0.01144	0.01067	0.08207	0.00991	0.01116	0.00929	0.00772	0.01283	0.01121	0.01626	0.01971	0.03683	0.02101	0.50792	0.02752	0.00528	0.08662	0.00876	0.09828	0.00550
22	0.02166	0.13425	0.02511	0.02412	0.24376	0.10488	0.01557	0.14082	0.01903	0.10707	0.01426	0.01623	0.01117	0.00758	0.00812	0.00206	0.08372	0.00572	0.00460	0.01026
23	0.01070	0.00881	0.01243	0.08984	0.01689	0.00812	0.04039	0.01295	0.01392	0.01917	0.02992	0.44626	0.05796	0.01562	0.00781	0.00234	0.00521	0.01412	0.00545	0.18208
24	0.05545	0.05685	0.18032	0.01906	0.08506	0.08891	0.04158	0.15549	0.03283	0.02509	0.01391	0.01727	0.01123	0.02876	0.08287	0.00322	0.08259	0.00590	0.00417	0.00944
25	0.14146	0.15690	0.27370	0.01503	0.02205	0.01809	0.01612	0.08931	0.07327	0.10922	0.01512	0.01579	0.01101	0.00714	0.00600	0.00207	0.00785	0.00525	0.00459	0.01004
26	0.13650	0.12552	0.01788	0.01413	0.07114	0.01501	0.01066	0.12544	0.01724	0.10737	0.02059	0.02899	0.04284	0.07217	0.03893	0.04229	0.00711	0.09245	0.00525	0.00849

[dist]
# distance from previous block
# <min> <max>
0	25

[block]
# block no. 6 follows, 30 sequences, length 7
# corresponding to MSA columns:
# 500-506
name=unknown_G
#
# <colnr> <probs for GDERKNQSTAVLIFYWHMCP>
#	G	D	E	R	K	N	Q	S	T	A	V	L	I	F	Y	W	H	M	C	P
0	0.05963	0.12180	0.06419	0.05451	0.07520	0.01578	0.01253	0.06813	0.10123	0.02298	0.05721	0.05850	0.01762	0.01614	0.12891	0.00363	0.04769	0.00701	0.00457	0.06270
1	0.08729	0.10548	0.04401	0.06562	0.06538	0.10293	0.12673	0.08234	0.05566	0.08014	0.01498	0.03375	0.01186	0.00751	0.00730	0.00208	0.04420	0.00619	0.00450	0.05205
2	0.01414	0.01118	0.01784	0.01558	0.05522	0.01022	0.13233	0.01704	0.01436	0.08144	0.02164	0.18771	0.02128	0.06583	0.12176	0.00381	0.00858	0.00974	0.00486	0.18546
3	0.01047	0.00839	0.01187	0.01252	0.05284	0.00937	0.00892	0.01265	0.01215	0.01684	0.02681	0.03435	0.13387	0.10345	0.45565	0.00825	0.06228	0.00877	0.00418	0.00637
4	0.01122	0.00875	0.01199	0.01172	0.01342	0.01018	0.00911	0.01662	0.12726	0.01839	0.02033	0.02718	0.01810	0.04510	0.60556	0.00972	0.01647	0.00755	0.00431	0.00704
5	0.01417	0.00952	0.01403	0.01368	0.06199	0.00874	0.06855	0.01682	0.01652	0.13819	0.13286	0.15056	0.18697	0.05367	0.00963	0.00268	0.00552	0.08187	0.00642	0.00760
6	0.06067	0.28194	0.05298	0.13887	0.08850	0.14043	0.01464	0.06806	0.01675	0.05966	0.01226	0.01448	0.00981	0.00674	0.00582	0.00188	0.00865	0.00493	0.00381	0.00914

[dist]
# distance from previous block
# <min> <max>
0	2

[block]
# block no. 7 follows, 30 sequences, length 21
# corresponding to MSA columns:
# 509-529
name=unknown_H
#
# <colnr> <probs for GDERKNQSTAVLIFYWHMCP>
#	G	D	E	R	K	N	Q	S	T	A	V	L	I	F	Y	W	H	M	C	P
0	0.01774	0.01471	0.02402	0.16426	0.40783	0.01567	0.01850	0.02144	0.01543	0.10749	0.01532	0.04480	0.01259	0.00782	0.00859	0.00226	0.08062	0.00680	0.00410	0.01001
1	0.01084	0.00756	0.00840	0.00792	0.01045	0.00645	0.00604	0.01299	0.01704	0.08957	0.18756	0.06000	0.51779	0.01613	0.00812	0.00231	0.00373	0.01356	0.00692	0.00662
2	0.04425	0.07670	0.38287	0.06613	0.02855	0.01651	0.11054	0.05790	0.01622	0.09148	0.01489	0.03723	0.01113	0.00723	0.00677	0.00219	0.00933	0.00616	0.00396	0.00994
3	0.01730	0.13361	0.12181	0.02298	0.23103	0.01779	0.01617	0.10591	0.12278	0.02595	0.09878	0.02144	0.01868	0.00797	0.00669	0.00206	0.00735	0.00672	0.00482	0.01019
4	0.01142	0.00788	0.01078	0.01222	0.01383	0.00788	0.01062	0.01464	0.01592	0.02139	0.03554	0.07350	0.03796	0.01817	0.00917	0.00306	0.00611	0.59918	0.08430	0.00643
5	0.01479	0.00834	0.00992	0.00891	0.01189	0.00717	0.00689	0.01698	0.01738	0.21095	0.14091	0.09129	0.39769	0.01498	0.00795	0.00231	0.00419	0.01262	0.00723	0.00761
6	0.01469	0.01667	0.11091	0.28453	0.03432	0.01518	0.18435	0.08451	0.01645	0.02208	0.01740	0.13371	0.01565	0.00915	0.00755	0.00238	0.00905	0.00875	0.00411	0.00856
7	0.01892	0.13603	0.35406	0.01670	0.02416	0.09000	0.01833	0.02616	0.10117	0.12521	0.01615	0.01675	0.01168	0.00724	0.00639	0.00207	0.00888	0.00550	0.00439	0.01021
8	0.01697	0.49714	0.28360	0.01482	0.02236	0.02348	0.01695	0.02133	0.01438	0.01848	0.01072	0.01248	0.00891	0.00621	0.00526	0.00175	0.00850	0.00425	0.00297	0.00945
9	0.01871	0.01627	0.02740	0.11568	0.43081	0.01654	0.10232	0.08349	0.01763	0.08116	0.01469	0.01810	0.01138	0.00666	0.00710	0.00215	0.00859	0.00654	0.00417	0.01061
10	0.02004	0.01665	0.02022	0.01764	0.05520	0.05855	0.07896	0.12930	0.30176	0.09008	0.02120	0.02139	0.01586	0.00881	0.00867	0.00230	0.08249	0.00709	0.03337	0.01040
11	0.01929	0.01488	0.01584	0.01323	0.01739	0.01632	0.01057	0.30844	0.23981	0.03374	0.06541	0.02952	0.12065	0.01039	0.00715	0.00220	0.00591	0.00839	0.05074	0.01015
12	0.00858	0.00625	0.00810	0.00954	0.01021	0.00578	0.00653	0.00993	0.01374	0.01804	0.04192	0.65069	0.11823	0.02131	0.00886	0.00280	0.00408	0.04322	0.00648	0.00572
13	0.01439	0.01293	0.08511	0.12775	0.12259	0.01138	0.01343	0.01773	0.01492	0.10625	0.05987	0.12631	0.09152	0.03725	0.10080	0.00360	0.03150	0.00952	0.00497	0.00818
14	0.00962	0.00712	0.00897	0.00850	0.01026	0.00647	0.00638	0.01266	0.01914	0.02652	0.60532	0.05454	0.16899	0.01481	0.00823	0.00222	0.00333	0.01296	0.00749	0.00647
15	0.02396	0.32709	0.02666	0.01389	0.01950	0.06161	0.01226	0.27308	0.02236	0.13411	0.01514	0.01528	0.01132	0.00735	0.00591	0.00184	0.00759	0.00523	0.00538	0.01045
16	0.01858	0.00962	0.01250	0.01081	0.01375	0.00920	0.00835	0.02279	0.11002	0.25947	0.26244	0.03353	0.03388	0.01345	0.01100	0.14124	0.00498	0.00892	0.00711	0.00837
17	0.06727	0.01455	0.02193	0.23291	0.14974	0.01564	0.09334	0.02357	0.17237	0.02331	0.01624	0.01914	0.01253	0.00704	0.00675	0.00213	0.00779	0.00643	0.00434	0.10297
18	0.01569	0.10794	0.02327	0.01753	0.01827	0.02215	0.01485	0.01731	0.01112	0.01675	0.00923	0.01476	0.00913	0.01144	0.02060	0.00286	0.65045	0.00581	0.00304	0.00780
19	0.00881	0.00645	0.00835	0.00976	0.01057	0.00599	0.00692	0.01035	0.01403	0.01833	0.04252	0.57662	0.13258	0.02099	0.00891	0.00282	0.00428	0.09947	0.00647	0.00579
20	0.01267	0.01054	0.01029	0.01052	0.01222	0.09652	0.00785	0.01436	0.01507	0.05296	0.03873	0.18418	0.19261	0.15506	0.01347	0.00337	0.00610	0.15143	0.00580	0.00623

[dist]
# distance from previous block
# <min> <max>
0	1

[block]
# block no. 8 follows, 30 sequences, length 37
# corresponding to MSA columns:
# 531-567
name=unknown_I
#
# <colnr> <probs for GDERKNQSTAVLIFYWHMCP>
#	G	D	E	R	K	N	Q	S	T	A	V	L	I	F	Y	W	H	M	C	P
0	0.01482	0.01160	0.01165	0.01075	0.01227	0.07458	0.00741	0.01928	0.15247	0.06792	0.02208	0.03565	0.02171	0.44600	0.02442	0.00491	0.04202	0.00876	0.00502	0.00668
1	0.01272	0.01116	0.01485	0.01332	0.01340	0.01430	0.01016	0.01369	0.01094	0.01597	0.04154	0.06369	0.01944	0.30645	0.02668	0.00448	0.38860	0.00860	0.00385	0.00615
2	0.01681	0.01224	0.06189	0.01011	0.01345	0.01138	0.00870	0.20201	0.01966	0.03069	0.02037	0.02265	0.01557	0.00809	0.00558	0.00180	0.00498	0.00635	0.51943	0.00826
3	0.01341	0.13350	0.35776	0.01533	0.02195	0.01493	0.01724	0.01851	0.01379	0.01971	0.01569	0.08287	0.01408	0.01714	0.15367	0.00391	0.01067	0.00666	0.00352	0.06567
4	0.02079	0.02406	0.02749	0.02953	0.27748	0.31468	0.16037	0.02432	0.01764	0.02030	0.01236	0.01564	0.01009	0.00655	0.00693	0.00202	0.01084	0.00593	0.00353	0.00946
5	0.00882	0.00638	0.00840	0.00976	0.01047	0.00595	0.00682	0.01040	0.01422	0.01891	0.09124	0.60049	0.08561	0.02082	0.00888	0.00279	0.00416	0.07350	0.00657	0.00581
6	0.01052	0.00744	0.00928	0.00919	0.01063	0.00718	0.00665	0.01341	0.07692	0.02170	0.29118	0.15669	0.15579	0.01765	0.01213	0.16478	0.00422	0.01235	0.00629	0.00600
7	0.01707	0.25497	0.02824	0.08749	0.16631	0.05102	0.09154	0.02175	0.06732	0.02035	0.01467	0.01716	0.03036	0.00666	0.00611	0.00184	0.00801	0.00570	0.00373	0.09970
8	0.01168	0.00635	0.00953	0.00953	0.00978	0.00660	0.00660	0.00978	0.00953	0.01295	0.01346	0.02248	0.01321	0.02998	0.17031	0.63637	0.00864	0.00635	0.00318	0.00368
9	0.00841	0.00642	0.00774	0.00880	0.00988	0.00575	0.00607	0.00982	0.01424	0.01817	0.04964	0.51329	0.27585	0.02041	0.00868	0.00267	0.00387	0.01807	0.00648	0.00575
10	0.01647	0.03153	0.46141	0.01819	0.02593	0.16084	0.02056	0.02398	0.07758	0.02214	0.06376	0.01801	0.01410	0.00755	0.00672	0.00214	0.00984	0.00581	0.00379	0.00966
11	0.01302	0.00784	0.00980	0.00953	0.01058	0.00777	0.00648	0.01396	0.01288	0.11987	0.02941	0.24505	0.06558	0.34963	0.02141	0.00449	0.04856	0.01249	0.00559	0.00607
12	0.01450	0.01414	0.01870	0.18680	0.14366	0.09552	0.01477	0.01757	0.01357	0.01790	0.01415	0.02037	0.01243	0.02356	0.26335	0.00545	0.10585	0.00645	0.00344	0.00781
13	0.01447	0.01240	0.01447	0.01034	0.01654	0.00930	0.00827	0.01757	0.01447	0.02274	0.01240	0.01447	0.01034	0.00517	0.00517	0.00103	0.00517	0.00413	0.00413	0.79742
14	0.01622	0.01598	0.09682	0.01458	0.01880	0.03379	0.06031	0.13605	0.18324	0.04562	0.02882	0.17733	0.08062	0.01214	0.00758	0.00238	0.00661	0.03007	0.02392	0.00913
15	0.14382	0.20120	0.07291	0.01373	0.03463	0.01633	0.07357	0.01973	0.01421	0.02247	0.01148	0.01363	0.00947	0.00578	0.00529	0.00156	0.00683	0.00448	0.00372	0.32515
16	0.01292	0.00862	0.01041	0.00957	0.01201	0.00817	0.00729	0.03602	0.07985	0.10129	0.36429	0.09934	0.19431	0.01434	0.00801	0.00229	0.00402	0.01238	0.00736	0.00750
17	0.00875	0.00643	0.00792	0.00901	0.00980	0.00593	0.00610	0.00998	0.01356	0.01758	0.04290	0.49972	0.17867	0.11429	0.01219	0.00325	0.00436	0.03784	0.00619	0.00555
18	0.07274	0.02327	0.28572	0.01792	0.02565	0.01503	0.14135	0.08063	0.01640	0.02495	0.01296	0.01536	0.00975	0.00624	0.00639	0.00190	0.00858	0.00545	0.00384	0.22586
19	0.01028	0.00700	0.00842	0.00807	0.00981	0.00647	0.00605	0.01334	0.01815	0.02626	0.47519	0.04897	0.14926	0.01351	0.00755	0.00210	0.00332	0.01168	0.16812	0.00647
20	0.00993	0.00674	0.00864	0.00978	0.01052	0.00656	0.00707	0.01158	0.01350	0.01845	0.03330	0.37275	0.03786	0.16978	0.01417	0.00362	0.00513	0.17825	0.07673	0.00564
21	0.02113	0.18323	0.02394	0.01669	0.01977	0.32273	0.01370	0.05438	0.01636	0.01813	0.01033	0.01332	0.00917	0.00855	0.01111	0.00214	0.23863	0.00492	0.00346	0.00831
22	0.01701	0.45707	0.11351	0.11940	0.02645	0.02306	0.11647	0.02082	0.01456	0.01817	0.01108	0.01381	0.00924	0.00618	0.00565	0.00182	0.00870	0.00493	0.00308	0.00901
23	0.01381	0.00758	0.00855	0.00802	0.01008	0.00745	0.00611	0.01799	0.05632	0.07942	0.20954	0.03294	0.03107	0.00991	0.00608	0.00186	0.00360	0.00829	0.47418	0.00720
24	0.01274	0.00799	0.01001	0.00991	0.01184	0.00750	0.00725	0.01620	0.07155	0.12053	0.18862	0.34312	0.13197	0.01674	0.00825	0.00250	0.00420	0.01477	0.00710	0.00722
25	0.01688	0.01449	0.01464	0.01368	0.01681	0.09521	0.01071	0.02806	0.36234	0.06433	0.02638	0.06918	0.02257	0.01743	0.11622	0.00375	0.00837	0.08355	0.00617	0.00921
26	0.01410	0.01521	0.15612	0.01217	0.01624	0.01115	0.01144	0.12451	0.01929	0.05229	0.28306	0.03762	0.09361	0.08886	0.03127	0.00292	0.00636	0.00964	0.00606	0.00809
27	0.01209	0.02538	0.45820	0.01561	0.02276	0.01248	0.01852	0.01798	0.01534	0.02179	0.09855	0.09373	0.13746	0.01069	0.00728	0.00229	0.00785	0.00890	0.00437	0.00875
28	0.02020	0.00978	0.01277	0.01068	0.01424	0.00885	0.00848	0.02404	0.05713	0.34851	0.31896	0.03825	0.07494	0.01156	0.00760	0.00220	0.00466	0.00986	0.00803	0.00926
29	0.01682	0.01750	0.09194	0.13454	0.02606	0.04897	0.08639	0.09258	0.08845	0.04820	0.01526	0.01902	0.01213	0.01369	0.09344	0.00345	0.17178	0.00658	0.00426	0.00894
30	0.02041	0.01660	0.08396	0.26005	0.06813	0.01599	0.05536	0.15996	0.05203	0.17165	0.01739	0.01926	0.01220	0.00760	0.00703	0.00222	0.00826	0.00650	0.00528	0.01012
31	0.01447	0.01205	0.05482	0.01451	0.05452	0.01162	0.01136	0.08366	0.01643	0.08062	0.03153	0.23858	0.10588	0.01529	0.01042	0.00266	0.11484	0.11308	0.00582	0.00783
32	0.01511	0.01206	0.01475	0.11394	0.09350	0.05345	0.01093	0.11204	0.01613	0.02249	0.01786	0.02588	0.01591	0.15606	0.14034	0.00452	0.00922	0.00714	0.15109	0.00755
33	0.01619	0.01517	0.05522	0.01485	0.05787	0.03371	0.04153	0.01998	0.03378	0.06250	0.01346	0.01573	0.01085	0.00647	0.00756	0.00155	0.08442	0.00498	0.00422	0.49994
34	0.02094	0.16639	0.10281	0.10166	0.10424	0.09018	0.01607	0.26449	0.02175	0.02806	0.01340	0.01530	0.01029	0.00718	0.00637	0.00198	0.00867	0.00546	0.00456	0.01019
35	0.00850	0.00607	0.00810	0.00972	0.01012	0.00567	0.00648	0.00972	0.01336	0.01781	0.03846	0.75020	0.04615	0.02186	0.00891	0.00283	0.00405	0.01984	0.00648	0.00567
36	0.01027	0.00788	0.01188	0.07632	0.01538	0.00922	0.00942	0.01281	0.01140	0.01619	0.01832	0.02769	0.01718	0.08922	0.62206	0.01016	0.01715	0.00752	0.00371	0.00625

[dist]
# distance from previous block
# <min> <max>
1	5

[block]
# block no. 9 follows, 30 sequences, length 7
# corresponding to MSA columns:
# 593-599
name=unknown_J
#
# <colnr> <probs for GDERKNQSTAVLIFYWHMCP>
#	G	D	E	R	K	N	Q	S	T	A	V	L	I	F	Y	W	H	M	C	P
0	0.24273	0.09452	0.06810	0.01265	0.03955	0.05768	0.01030	0.02159	0.07844	0.09458	0.01849	0.10208	0.01690	0.10286	0.00970	0.00274	0.00661	0.00734	0.00494	0.00821
1	0.01371	0.01536	0.09986	0.41877	0.19504	0.01478	0.01919	0.01827	0.01442	0.01946	0.01537	0.09610	0.01360	0.00835	0.00713	0.00231	0.00862	0.00755	0.00353	0.00858
2	0.01532	0.01306	0.03809	0.01431	0.01789	0.01315	0.09508	0.14329	0.11109	0.02608	0.02813	0.06444	0.10254	0.01629	0.09378	0.00340	0.02476	0.07639	0.09443	0.00848
3	0.01233	0.00882	0.01203	0.01028	0.01275	0.00845	0.09114	0.04292	0.01600	0.02366	0.10879	0.03862	0.17147	0.09045	0.00977	0.00251	0.00495	0.00956	0.31878	0.00673
4	0.01825	0.01489	0.02273	0.12204	0.17899	0.01628	0.08480	0.07826	0.10982	0.10187	0.01851	0.02410	0.01499	0.00897	0.00933	0.00240	0.10027	0.05873	0.00497	0.00979
5	0.01137	0.00834	0.00973	0.00918	0.01106	0.00835	0.00676	0.01688	0.13168	0.02548	0.38872	0.04537	0.09664	0.10626	0.01113	0.00275	0.00412	0.01104	0.08816	0.00698
6	0.01633	0.01112	0.01526	0.24915	0.02524	0.01182	0.01202	0.10230	0.01820	0.14291	0.09552	0.10645	0.14179	0.01154	0.00753	0.00231	0.00639	0.00986	0.00592	0.00833

[dist]
# distance from previous block
# <min> <max>
0	3

[block]
# block no. 10 follows, 30 sequences, length 25
# corresponding to MSA columns:
# 603-627
name=unknown_K
#
# <colnr> <probs for GDERKNQSTAVLIFYWHMCP>
#	G	D	E	R	K	N	Q	S	T	A	V	L	I	F	Y	W	H	M	C	P
0	0.00943	0.00741	0.01013	0.13071	0.01622	0.00747	0.00832	0.01139	0.01418	0.01849	0.08662	0.42276	0.15355	0.05813	0.00988	0.00284	0.00493	0.01564	0.00588	0.00604
1	0.01412	0.01269	0.01660	0.01857	0.15425	0.01423	0.01210	0.02165	0.21864	0.02203	0.03070	0.05459	0.16430	0.03968	0.05030	0.00307	0.12936	0.00914	0.00526	0.00871
2	0.11964	0.33998	0.12345	0.13475	0.02458	0.11596	0.01475	0.02143	0.01467	0.01946	0.01069	0.01313	0.00882	0.00646	0.00542	0.00186	0.00859	0.00445	0.00325	0.00865
3	0.14370	0.00744	0.00937	0.00940	0.01029	0.00788	0.00663	0.01141	0.01032	0.01647	0.01578	0.11444	0.01629	0.02375	0.09032	0.48378	0.00694	0.00760	0.00376	0.00444
4	0.14802	0.11119	0.01715	0.01111	0.01671	0.08373	0.00914	0.01951	0.01452	0.02279	0.01145	0.01334	0.00956	0.00569	0.00505	0.00136	0.00624	0.00406	0.00396	0.48543
5	0.01361	0.00792	0.01056	0.00993	0.01136	0.00817	0.00713	0.01511	0.01224	0.13198	0.02153	0.03433	0.02068	0.33454	0.32181	0.00787	0.01165	0.00850	0.00476	0.00635
6	0.01569	0.01274	0.01606	0.08041	0.10134	0.01379	0.01180	0.17208	0.13297	0.02628	0.02868	0.14860	0.10947	0.01598	0.07874	0.00322	0.00748	0.01001	0.00577	0.00890
7	0.01664	0.11655	0.17674	0.01974	0.07341	0.01843	0.12781	0.02814	0.29831	0.02439	0.01905	0.01982	0.01447	0.00757	0.00683	0.00220	0.00806	0.00669	0.00481	0.01034
8	0.01626	0.02014	0.12950	0.02178	0.02769	0.04287	0.30104	0.02380	0.12933	0.02260	0.01535	0.01833	0.01186	0.00737	0.00929	0.00227	0.10203	0.00692	0.00404	0.08753
9	0.00846	0.00624	0.00793	0.00927	0.01001	0.00571	0.00628	0.00977	0.01379	0.01799	0.04384	0.63613	0.15675	0.02116	0.00880	0.00275	0.00396	0.01898	0.00648	0.00571
10	0.10602	0.08593	0.01958	0.47755	0.03575	0.01585	0.01543	0.03662	0.01433	0.02091	0.01313	0.01783	0.01012	0.00699	0.00618	0.00214	0.00793	0.00571	0.09417	0.00782
11	0.02214	0.11707	0.02514	0.01787	0.02250	0.18968	0.11800	0.22409	0.02135	0.05027	0.01464	0.04824	0.01207	0.00836	0.00825	0.00211	0.07744	0.00644	0.00478	0.00953
12	0.00850	0.00607	0.00810	0.00972	0.01012	0.00567	0.00648	0.00972	0.01336	0.01781	0.03846	0.75020	0.04615	0.02186	0.00891	0.00283	0.00405	0.01984	0.00648	0.00567
13	0.01386	0.01310	0.02217	0.62189	0.15881	0.01568	0.01972	0.01843	0.01428	0.01866	0.01252	0.01838	0.00959	0.00685	0.00697	0.00228	0.00913	0.00620	0.00316	0.00830
14	0.01701	0.01191	0.01296	0.01113	0.01431	0.01280	0.00877	0.21720	0.13539	0.03229	0.17825	0.02925	0.02763	0.00983	0.00663	0.00202	0.00495	0.00807	0.25074	0.00886
15	0.14968	0.09147	0.10947	0.12206	0.02380	0.01827	0.01397	0.17860	0.14535	0.02854	0.01604	0.01809	0.01233	0.03478	0.00730	0.00232	0.00743	0.00589	0.00496	0.00961
16	0.01604	0.10109	0.30918	0.01578	0.02178	0.01649	0.01689	0.13016	0.01712	0.02400	0.08138	0.01928	0.01545	0.01036	0.01067	0.10496	0.07025	0.00613	0.00411	0.00889
17	0.00870	0.00642	0.00816	0.00930	0.01019	0.00588	0.00647	0.01028	0.01452	0.01911	0.11000	0.54239	0.15848	0.02032	0.00876	0.00270	0.00398	0.04193	0.00660	0.00582
18	0.02607	0.03326	0.01978	0.01798	0.02157	0.72674	0.01348	0.02787	0.01978	0.01708	0.01079	0.01258	0.00899	0.00719	0.00629	0.00180	0.01258	0.00449	0.00360	0.00809
19	0.04643	0.01696	0.02269	0.01797	0.02305	0.01844	0.16553	0.19694	0.35181	0.03142	0.02157	0.02155	0.01601	0.00827	0.00723	0.00229	0.00749	0.00742	0.00616	0.01076
20	0.00865	0.00618	0.00827	0.00989	0.01036	0.00580	0.00674	0.00998	0.01351	0.01798	0.03838	0.71354	0.04583	0.02172	0.00895	0.00285	0.00418	0.05502	0.00647	0.00571
21	0.00903	0.00703	0.00820	0.00806	0.00995	0.00620	0.00599	0.01148	0.01753	0.02307	0.36788	0.10898	0.35881	0.01637	0.00829	0.00231	0.00346	0.01410	0.00705	0.00620
22	0.01813	0.01321	0.01906	0.19239	0.21117	0.01411	0.01465	0.12472	0.01818	0.09429	0.01722	0.02021	0.01299	0.00743	0.00647	0.00204	0.00701	0.00637	0.19094	0.00940
23	0.00965	0.00705	0.00907	0.00873	0.01033	0.00646	0.00648	0.01267	0.01897	0.02652	0.60863	0.10782	0.11131	0.01511	0.00828	0.00226	0.00337	0.01334	0.00750	0.00646
24	0.02176	0.02324	0.20569	0.01679	0.02337	0.01953	0.01625	0.40933	0.13186	0.03585	0.01745	0.01766	0.01253	0.00808	0.00691	0.00217	0.00804	0.00623	0.00593	0.01133

[dist]
# distance from previous block
# <min> <max>
0	15

[block]
# block no. 11 follows, 30 sequences, length 26
# corresponding to MSA columns:
# 643-668
name=unknown_L
#
# <colnr> <probs for GDERKNQSTAVLIFYWHMCP>
#	G	D	E	R	K	N	Q	S	T	A	V	L	I	F	Y	W	H	M	C	P
0	0.70932	0.01266	0.00981	0.00886	0.01285	0.01456	0.00724	0.02000	0.01221	0.03068	0.01128	0.01309	0.00879	0.00668	0.00439	0.00210	0.00514	0.00411	0.09882	0.00743
1	0.00917	0.00711	0.00835	0.00804	0.00999	0.00628	0.00603	0.01180	0.01809	0.02403	0.43212	0.05863	0.34373	0.01574	0.00824	0.00226	0.00340	0.01353	0.00716	0.00628
2	0.01036	0.00691	0.00771	0.00751	0.00937	0.00634	0.00563	0.01316	0.01690	0.02447	0.28718	0.04852	0.25344	0.01338	0.00716	0.00206	0.00336	0.01133	0.25885	0.00634
3	0.01261	0.01049	0.01144	0.01061	0.01345	0.01101	0.00813	0.02252	0.31026	0.02584	0.22987	0.04531	0.23430	0.01320	0.00775	0.00232	0.00432	0.01120	0.00708	0.00830
4	0.01393	0.01317	0.02228	0.61100	0.16920	0.01570	0.01975	0.01848	0.01431	0.01874	0.01254	0.01836	0.00962	0.00684	0.00696	0.00228	0.00912	0.00620	0.00317	0.00836
5	0.01318	0.01240	0.02093	0.73798	0.04806	0.01550	0.01938	0.01783	0.01395	0.01783	0.01240	0.01860	0.00930	0.00698	0.00698	0.00233	0.00930	0.00620	0.00310	0.00775
6	0.36068	0.01569	0.01491	0.01257	0.01717	0.01789	0.01019	0.22228	0.20449	0.03448	0.01687	0.01693	0.01256	0.00785	0.00586	0.00220	0.00611	0.00563	0.00586	0.00978
7	0.01915	0.17899	0.01985	0.01283	0.01672	0.08329	0.01062	0.17683	0.01981	0.08966	0.10074	0.09281	0.02203	0.01588	0.10670	0.00329	0.00858	0.00786	0.00552	0.00885
8	0.01218	0.00769	0.00979	0.00894	0.01115	0.00691	0.00682	0.01516	0.01917	0.10893	0.52460	0.05112	0.16245	0.01414	0.00809	0.00222	0.00365	0.01229	0.00760	0.00711
9	0.00970	0.00777	0.01234	0.01235	0.01366	0.00731	0.08826	0.01165	0.01397	0.01863	0.03541	0.60360	0.04137	0.01972	0.00889	0.00281	0.00518	0.07509	0.00612	0.00618
10	0.01508	0.01295	0.01475	0.01115	0.01688	0.01099	0.00885	0.02167	0.15811	0.02409	0.01576	0.01690	0.01264	0.00607	0.00557	0.00131	0.00524	0.00492	0.00476	0.63231
11	0.01545	0.01472	0.02503	0.35222	0.41607	0.01610	0.02051	0.01982	0.01503	0.02059	0.01280	0.01786	0.01027	0.00656	0.00694	0.00219	0.00874	0.00621	0.00330	0.00958
12	0.00932	0.00660	0.00873	0.01001	0.01060	0.00641	0.00707	0.01076	0.01322	0.01759	0.03457	0.48330	0.04034	0.13977	0.04959	0.00395	0.00564	0.13096	0.00597	0.00560
13	0.01496	0.01422	0.02415	0.43558	0.33655	0.01597	0.02027	0.01939	0.01480	0.01999	0.01272	0.01802	0.01006	0.00665	0.00695	0.00222	0.00886	0.00621	0.00325	0.00919
14	0.01494	0.00999	0.01207	0.01103	0.01363	0.01011	0.00839	0.07435	0.14868	0.10986	0.30617	0.18136	0.04321	0.01373	0.00790	0.00234	0.00454	0.01199	0.00739	0.00831
15	0.01216	0.00766	0.01054	0.05535	0.01428	0.00737	0.00869	0.01431	0.01518	0.10263	0.07025	0.41627	0.06472	0.01828	0.00866	0.00275	0.00504	0.15254	0.00658	0.00675
16	0.00996	0.00744	0.01099	0.01092	0.01222	0.00847	0.00847	0.01255	0.01224	0.01761	0.10118	0.03037	0.02324	0.04778	0.64102	0.01013	0.01685	0.00809	0.00421	0.00627
17	0.00917	0.00657	0.00895	0.01047	0.01118	0.00635	0.00762	0.01088	0.01380	0.01836	0.03693	0.56476	0.04313	0.02319	0.05323	0.00343	0.00545	0.15438	0.00630	0.00586
18	0.01525	0.01921	0.16971	0.07523	0.41305	0.01519	0.01982	0.02066	0.04544	0.02215	0.02052	0.02318	0.09444	0.00787	0.00702	0.00216	0.00809	0.00709	0.00385	0.01008
19	0.01301	0.00650	0.00650	0.00650	0.00813	0.00650	0.00488	0.01626	0.01463	0.02602	0.02276	0.02602	0.01789	0.00813	0.00488	0.00163	0.00325	0.00650	0.79350	0.00650
20	0.06288	0.01826	0.01555	0.01356	0.01722	0.20601	0.01054	0.13492	0.13882	0.07217	0.16583	0.02792	0.06701	0.00997	0.00701	0.00211	0.00722	0.00784	0.00617	0.00899
21	0.02041	0.01670	0.01921	0.02162	0.20582	0.11316	0.01358	0.13025	0.09413	0.12398	0.02303	0.11904	0.04817	0.01000	0.00720	0.00220	0.00737	0.00849	0.00571	0.00994
22	0.01301	0.00650	0.00650	0.00650	0.00813	0.00650	0.00488	0.01626	0.01463	0.02602	0.02276	0.02602	0.01789	0.00813	0.00488	0.00163	0.00325	0.00650	0.79350	0.00650
23	0.35854	0.30230	0.02012	0.01035	0.01462	0.01855	0.00907	0.01876	0.01303	0.02314	0.01476	0.14118	0.01489	0.00898	0.00519	0.00202	0.00596	0.00658	0.00418	0.00777
24	0.05686	0.01460	0.01469	0.01293	0.01596	0.10252	0.03295	0.13197	0.12796	0.02610	0.01993	0.02520	0.01670	0.05992	0.09493	0.00347	0.02866	0.03551	0.17077	0.00833
25	0.09661	0.30806	0.02478	0.01356	0.01850	0.07288	0.01176	0.14860	0.17257	0.02592	0.01530	0.01581	0.01216	0.00752	0.00617	0.00193	0.02802	0.00527	0.00483	0.00973

[dist]
# distance from previous block
# <min> <max>
1	6

[block]
# block no. 12 follows, 30 sequences, length 6
# corresponding to MSA columns:
# 675-680
name=unknown_M
#
# <colnr> <probs for GDERKNQSTAVLIFYWHMCP>
#	G	D	E	R	K	N	Q	S	T	A	V	L	I	F	Y	W	H	M	C	P
0	0.01760	0.49743	0.15236	0.01902	0.14815	0.02361	0.01607	0.02120	0.01459	0.01857	0.01082	0.01293	0.00932	0.00613	0.00530	0.00172	0.00811	0.00444	0.00307	0.00958
1	0.01548	0.01358	0.01816	0.01903	0.14477	0.08320	0.08789	0.04884	0.01687	0.05936	0.13435	0.09954	0.05023	0.11074	0.03052	0.00311	0.00757	0.04352	0.00526	0.00798
2	0.11817	0.01229	0.01559	0.01175	0.01709	0.01046	0.08487	0.01711	0.01462	0.02311	0.02301	0.02429	0.13899	0.00773	0.00597	0.00158	0.00565	0.00651	0.00452	0.45666
3	0.01122	0.00927	0.01016	0.01017	0.01241	0.00946	0.00749	0.01851	0.23173	0.02181	0.04712	0.26935	0.28170	0.01639	0.00809	0.00251	0.00433	0.01417	0.00668	0.00746
4	0.01576	0.01935	0.14881	0.01699	0.02155	0.10785	0.12989	0.09457	0.01646	0.02154	0.01741	0.08165	0.01596	0.08279	0.17286	0.00465	0.01164	0.00790	0.00417	0.00821
