[name]
unknown

[dist]
# distance from previous block
# <min> <max>
0	163

[block]
# block no. 0 follows, 24 sequences, length 29
# corresponding to MSA columns:
# 323-331,335-345,350-358
name=unknown_A
#
# <colnr> <probs for GDERKNQSTAVLIFYWHMCP>
#	G	D	E	R	K	N	Q	S	T	A	V	L	I	F	Y	W	H	M	C	P
0	0.13246	0.42078	0.05919	0.01375	0.01931	0.02355	0.01335	0.02203	0.01625	0.02267	0.01841	0.03087	0.01823	0.01044	0.00654	0.00230	0.00800	0.14799	0.00453	0.00934
1	0.01861	0.42718	0.18523	0.01561	0.02248	0.05400	0.01639	0.02251	0.01640	0.02044	0.01673	0.11929	0.01649	0.00973	0.00651	0.00213	0.00892	0.00740	0.00401	0.00993
2	0.01746	0.44818	0.08127	0.01300	0.01833	0.02286	0.01250	0.02006	0.01553	0.01905	0.02102	0.07920	0.06396	0.10427	0.03092	0.00306	0.00838	0.00781	0.00420	0.00895
3	0.02190	0.59962	0.07993	0.01481	0.02174	0.06298	0.01476	0.06711	0.01793	0.02126	0.01184	0.01349	0.01040	0.00709	0.00554	0.00181	0.00899	0.00459	0.00374	0.01045
4	0.01277	0.00743	0.01066	0.01066	0.01102	0.00779	0.00731	0.01151	0.01115	0.01522	0.01756	0.03057	0.01785	0.15237	0.20024	0.44866	0.01067	0.00808	0.00388	0.00460
5	0.02027	0.14222	0.28799	0.01982	0.02670	0.19364	0.02058	0.02528	0.01771	0.02207	0.04135	0.01744	0.01300	0.00887	0.00978	0.00240	0.11095	0.00594	0.00380	0.01021
6	0.01369	0.00868	0.01064	0.00981	0.01217	0.00780	0.00728	0.01645	0.02003	0.10396	0.36416	0.05885	0.21376	0.10238	0.01297	0.00317	0.00465	0.01385	0.00803	0.00767
7	0.02496	0.32446	0.03051	0.01624	0.02228	0.10510	0.01415	0.23232	0.10359	0.03090	0.01646	0.01709	0.01302	0.00834	0.00664	0.00209	0.00897	0.00589	0.00556	0.01145
8	0.01886	0.05148	0.17353	0.01607	0.02413	0.01477	0.04803	0.06398	0.01842	0.07187	0.01561	0.01751	0.01196	0.00685	0.00669	0.00175	0.00798	0.00558	0.00486	0.42008
9	0.01951	0.07999	0.51094	0.02088	0.03114	0.04291	0.02522	0.06929	0.01887	0.08596	0.01585	0.01750	0.01117	0.00786	0.00743	0.00243	0.01095	0.00601	0.00429	0.01182
10	0.01495	0.00969	0.01321	0.04290	0.01572	0.01055	0.00955	0.01849	0.05611	0.09621	0.02377	0.03534	0.02194	0.21484	0.37081	0.00915	0.01466	0.00917	0.00526	0.00770
11	0.01188	0.00776	0.00991	0.01066	0.01211	0.00702	0.00750	0.01378	0.01713	0.07456	0.12227	0.47591	0.15609	0.02182	0.00973	0.00298	0.00457	0.01943	0.00772	0.00717
12	0.01877	0.02007	0.06814	0.10300	0.37705	0.01907	0.17866	0.02549	0.06205	0.02571	0.01628	0.02075	0.01291	0.00733	0.00823	0.00249	0.01042	0.00771	0.00416	0.01169
13	0.01727	0.01892	0.09541	0.05723	0.16865	0.01828	0.09923	0.04813	0.05842	0.02394	0.01696	0.02377	0.01470	0.07234	0.09527	0.00433	0.14489	0.00787	0.00432	0.01008
14	0.00984	0.00698	0.00915	0.01081	0.01123	0.00656	0.00712	0.01109	0.01483	0.01978	0.04191	0.65245	0.05018	0.09162	0.01302	0.00365	0.00490	0.02149	0.00712	0.00628
15	0.02207	0.02171	0.13176	0.01948	0.02602	0.01880	0.10994	0.19793	0.16194	0.08683	0.09761	0.02663	0.02269	0.00984	0.00828	0.00253	0.00864	0.00857	0.00687	0.01187
16	0.02059	0.12253	0.35750	0.05759	0.05807	0.01900	0.07624	0.02717	0.01794	0.14450	0.01713	0.01885	0.01214	0.00778	0.00748	0.00241	0.01036	0.00645	0.00464	0.01164
17	0.01928	0.02042	0.06862	0.04484	0.53647	0.01901	0.12457	0.02455	0.01809	0.02578	0.01506	0.01976	0.01234	0.00703	0.00808	0.00241	0.01018	0.00737	0.00391	0.01222
18	0.01136	0.00838	0.01215	0.01215	0.01336	0.00959	0.00917	0.01378	0.01257	0.01797	0.02179	0.03418	0.02114	0.15609	0.59507	0.01201	0.01926	0.00894	0.00433	0.00675
19	0.14332	0.01687	0.02542	0.13327	0.26993	0.01732	0.06320	0.05134	0.01826	0.10321	0.01626	0.01947	0.01237	0.00755	0.00736	0.00236	0.00873	0.00670	0.00494	0.07215
20	0.11077	0.41345	0.03143	0.04522	0.02188	0.13795	0.01345	0.02441	0.01675	0.02144	0.01160	0.01384	0.01015	0.00731	0.00632	0.00190	0.03299	0.00465	0.00380	0.07070
21	0.01501	0.02157	0.27387	0.01522	0.02151	0.01210	0.01648	0.02048	0.01907	0.08531	0.19313	0.04506	0.16268	0.01338	0.00862	0.00261	0.00744	0.05060	0.00635	0.00952
22	0.02000	0.22882	0.37790	0.01970	0.02859	0.15121	0.02228	0.02600	0.01767	0.02224	0.01297	0.01517	0.01011	0.00745	0.00679	0.00220	0.01133	0.00527	0.00350	0.01081
23	0.01461	0.01231	0.01618	0.01463	0.01489	0.01566	0.01122	0.01601	0.01273	0.01927	0.01948	0.08570	0.02072	0.23519	0.02679	0.00457	0.34840	0.00968	0.09484	0.00713
24	0.01644	0.01409	0.01644	0.01175	0.01879	0.01057	0.00940	0.01997	0.01644	0.02584	0.01409	0.01644	0.01175	0.00587	0.00587	0.00117	0.00587	0.00470	0.00470	0.76979
25	0.00966	0.00690	0.00920	0.01104	0.01150	0.00644	0.00736	0.01104	0.01518	0.02024	0.04371	0.71614	0.05245	0.02484	0.01012	0.00322	0.00460	0.02254	0.00736	0.00644
26	0.01153	0.00769	0.00865	0.00865	0.00865	0.00769	0.00480	0.01153	0.01153	0.01538	0.02499	0.05189	0.02883	0.72131	0.04036	0.00769	0.00769	0.01153	0.00480	0.00480
27	0.01429	0.00910	0.01268	0.01392	0.01583	0.00889	0.01174	0.01726	0.01783	0.07528	0.03986	0.15559	0.04270	0.02158	0.01166	0.04331	0.00691	0.46676	0.00731	0.00750
28	0.14321	0.51847	0.12271	0.01428	0.02142	0.02743	0.01488	0.02386	0.01577	0.02227	0.01146	0.01329	0.00990	0.00698	0.00539	0.00193	0.00854	0.00447	0.00363	0.01013

[dist]
# distance from previous block
# <min> <max>
0	1

[block]
# block no. 1 follows, 24 sequences, length 6
# corresponding to MSA columns:
# 360-365
name=unknown_B
#
# <colnr> <probs for GDERKNQSTAVLIFYWHMCP>
#	G	D	E	R	K	N	Q	S	T	A	V	L	I	F	Y	W	H	M	C	P
0	0.01855	0.09247	0.38279	0.02136	0.06354	0.02035	0.02261	0.07577	0.17043	0.02838	0.01863	0.01977	0.01381	0.00836	0.00749	0.00246	0.00979	0.00662	0.00485	0.01196
1	0.01527	0.12845	0.01721	0.01255	0.01560	0.01424	0.00992	0.10343	0.06746	0.02544	0.03986	0.31517	0.13679	0.01777	0.00876	0.00275	0.00599	0.04793	0.00684	0.00858
2	0.01535	0.01218	0.01423	0.01085	0.01633	0.00962	0.00855	0.01894	0.01746	0.02733	0.12329	0.02530	0.02331	0.00804	0.00640	0.00148	0.00522	0.00666	0.11040	0.53904
3	0.05007	0.04972	0.07934	0.04083	0.05092	0.08145	0.01364	0.06129	0.03967	0.15003	0.03171	0.14235	0.11059	0.01314	0.00914	0.00260	0.04648	0.01064	0.00641	0.00996
4	0.02386	0.50887	0.03553	0.01573	0.02167	0.23907	0.01412	0.02624	0.01812	0.01889	0.01141	0.01322	0.01019	0.00722	0.00574	0.00181	0.01032	0.00451	0.00361	0.00987
5	0.01421	0.01203	0.01423	0.01255	0.01590	0.01193	0.00992	0.05208	0.05307	0.02445	0.04132	0.12599	0.22693	0.01536	0.01087	0.00254	0.10221	0.05466	0.00624	0.19350

[dist]
# distance from previous block
# <min> <max>
0	2

[block]
# block no. 2 follows, 24 sequences, length 15
# corresponding to MSA columns:
# 368-380,382,383
name=unknown_C
#
# <colnr> <probs for GDERKNQSTAVLIFYWHMCP>
#	G	D	E	R	K	N	Q	S	T	A	V	L	I	F	Y	W	H	M	C	P
0	0.02779	0.11898	0.02582	0.02173	0.07942	0.46905	0.01585	0.10576	0.02314	0.02364	0.01317	0.01515	0.01081	0.00807	0.00705	0.00207	0.01248	0.00542	0.00446	0.01013
1	0.01797	0.10882	0.17804	0.01510	0.02292	0.01620	0.01510	0.08118	0.01874	0.02736	0.04421	0.01827	0.01421	0.00720	0.00653	0.00173	0.00776	0.00559	0.00471	0.38835
2	0.02285	0.29734	0.03266	0.01810	0.02305	0.02393	0.09169	0.02579	0.01673	0.15723	0.01571	0.01803	0.01244	0.00934	0.01192	0.00246	0.19899	0.00639	0.00483	0.01052
3	0.00978	0.00713	0.00898	0.01040	0.01114	0.00658	0.00695	0.01113	0.01529	0.02000	0.04744	0.56614	0.14013	0.08377	0.01260	0.00352	0.00478	0.02076	0.00714	0.00634
4	0.01652	0.02150	0.15024	0.02393	0.02955	0.01838	0.25529	0.02269	0.04965	0.02439	0.06764	0.08931	0.02059	0.01105	0.01259	0.00285	0.15945	0.00982	0.00466	0.00989
5	0.03558	0.01350	0.01840	0.01411	0.02024	0.01166	0.01166	0.03865	0.02270	0.67734	0.03128	0.02699	0.01963	0.00981	0.00797	0.00245	0.00675	0.00797	0.00981	0.01350
6	0.00966	0.00690	0.00920	0.01104	0.01150	0.00644	0.00736	0.01104	0.01518	0.02024	0.04371	0.71614	0.05245	0.02484	0.01012	0.00322	0.00460	0.02254	0.00736	0.00644
7	0.01666	0.01742	0.03356	0.02563	0.03023	0.01865	0.34875	0.02129	0.01578	0.02229	0.01596	0.02275	0.01349	0.02077	0.17325	0.00523	0.17638	0.00859	0.00394	0.00938
8	0.02244	0.02508	0.13890	0.02412	0.09780	0.14280	0.12917	0.10748	0.02141	0.09187	0.02022	0.10485	0.01733	0.01007	0.00824	0.00250	0.01048	0.00891	0.00541	0.01092
9	0.00960	0.00714	0.00896	0.01041	0.01134	0.00649	0.00708	0.01111	0.01579	0.02049	0.05136	0.58246	0.18119	0.02385	0.00996	0.00311	0.00448	0.02133	0.00736	0.00649
10	0.01686	0.00928	0.01240	0.01208	0.01464	0.00866	0.00936	0.01940	0.01804	0.18571	0.08431	0.24739	0.11636	0.02377	0.09340	0.00415	0.00744	0.10056	0.00768	0.00851
11	0.01622	0.01055	0.01466	0.09739	0.01998	0.01124	0.01120	0.04816	0.01689	0.12706	0.03292	0.03711	0.13958	0.03538	0.33634	0.00747	0.01378	0.00971	0.00581	0.00856
12	0.01912	0.32872	0.31524	0.01876	0.02760	0.02434	0.05077	0.05320	0.05034	0.02391	0.01410	0.01602	0.01108	0.00743	0.00663	0.00218	0.01001	0.00556	0.00385	0.01114
13	0.40795	0.31231	0.02464	0.01201	0.01779	0.02303	0.01089	0.02459	0.01525	0.07463	0.01249	0.01383	0.01005	0.00730	0.00520	0.00214	0.00716	0.00454	0.00463	0.00960
14	0.01602	0.12141	0.51878	0.01977	0.02944	0.01869	0.02434	0.02327	0.01602	0.02312	0.01516	0.02057	0.01237	0.09531	0.01127	0.00305	0.01082	0.00636	0.00353	0.01068

[dist]
# distance from previous block
# <min> <max>
21	204

[block]
# block no. 3 follows, 24 sequences, length 19
# corresponding to MSA columns:
# 593-611
name=unknown_D
#
# <colnr> <probs for GDERKNQSTAVLIFYWHMCP>
#	G	D	E	R	K	N	Q	S	T	A	V	L	I	F	Y	W	H	M	C	P
0	0.02083	0.40411	0.02978	0.01412	0.01937	0.19041	0.01243	0.02313	0.01811	0.01942	0.02583	0.02642	0.14796	0.00991	0.00650	0.00199	0.00900	0.00707	0.00440	0.00920
1	0.02311	0.04161	0.07122	0.10251	0.27234	0.10045	0.01959	0.09015	0.04612	0.10844	0.01748	0.01991	0.01324	0.00802	0.00765	0.00233	0.00964	0.00679	0.00518	0.03425
2	0.10058	0.06903	0.12041	0.02515	0.20568	0.08683	0.01768	0.05310	0.07837	0.02809	0.08996	0.02275	0.01954	0.00870	0.00734	0.00231	0.00872	0.00711	0.00507	0.04356
3	0.01152	0.01343	0.12228	0.01296	0.01586	0.00937	0.01129	0.01580	0.05258	0.02375	0.14352	0.42482	0.07305	0.01952	0.00941	0.00293	0.00572	0.01739	0.00696	0.00785
4	0.01832	0.02345	0.10623	0.01655	0.01992	0.25669	0.01385	0.02117	0.01831	0.02126	0.06569	0.28209	0.03020	0.01523	0.00963	0.00267	0.05245	0.01248	0.00548	0.00836
5	0.03222	0.01888	0.02173	0.01666	0.02293	0.01964	0.01376	0.41320	0.03170	0.29007	0.02373	0.02208	0.01584	0.00963	0.00795	0.00241	0.00797	0.00746	0.00865	0.01349
6	0.01446	0.16088	0.02461	0.01625	0.02005	0.01492	0.14900	0.01782	0.01793	0.02387	0.18279	0.25556	0.04013	0.01495	0.00871	0.00260	0.00714	0.01380	0.00612	0.00842
7	0.00982	0.00702	0.00934	0.01093	0.01154	0.00655	0.00737	0.01144	0.01592	0.02141	0.10695	0.64956	0.05472	0.02397	0.01004	0.00315	0.00451	0.02171	0.00750	0.00655
8	0.01324	0.01133	0.01622	0.01518	0.01599	0.01442	0.01203	0.01549	0.01268	0.01865	0.01941	0.07848	0.01944	0.06740	0.38954	0.00870	0.25092	0.00914	0.00424	0.00748
9	0.02478	0.01651	0.01793	0.01444	0.01915	0.01775	0.01168	0.38858	0.02933	0.08135	0.04659	0.05160	0.01954	0.01032	0.00742	0.00228	0.00688	0.00814	0.21442	0.01132
10	0.02962	0.03779	0.02247	0.02043	0.02451	0.68948	0.01532	0.03166	0.02247	0.01941	0.01226	0.01430	0.01021	0.00817	0.00715	0.00204	0.01430	0.00511	0.00409	0.00919
11	0.01416	0.01308	0.02132	0.58609	0.04734	0.01584	0.01944	0.01901	0.01652	0.02114	0.06405	0.02925	0.08152	0.00971	0.00817	0.00264	0.00945	0.00851	0.00426	0.00851
12	0.07457	0.01448	0.01859	0.01433	0.02042	0.01329	0.01184	0.09932	0.02368	0.57955	0.02896	0.02543	0.01842	0.00965	0.00781	0.00245	0.00692	0.00769	0.00936	0.01323
13	0.01331	0.01274	0.02185	0.01810	0.02116	0.01280	0.19426	0.01636	0.01627	0.02163	0.03821	0.26049	0.16315	0.04815	0.01311	0.00318	0.09650	0.01499	0.00577	0.00795
14	0.01369	0.00820	0.00965	0.00909	0.01134	0.00760	0.00689	0.01712	0.01988	0.07036	0.32789	0.04971	0.13848	0.01403	0.00799	0.00230	0.00396	0.01195	0.26214	0.00772
15	0.01493	0.01246	0.01708	0.01547	0.01664	0.01579	0.01240	0.05515	0.01424	0.02120	0.01764	0.02628	0.01647	0.06890	0.32847	0.00775	0.26867	0.00792	0.05458	0.00797
16	0.01014	0.00724	0.00971	0.01105	0.01161	0.00714	0.00749	0.01160	0.01439	0.01941	0.03803	0.53275	0.04460	0.10762	0.12237	0.00524	0.00761	0.01907	0.00658	0.00636
17	0.01546	0.01434	0.02376	0.11669	0.31821	0.01442	0.05694	0.01936	0.01747	0.02378	0.05657	0.16036	0.10420	0.01253	0.00864	0.00262	0.00799	0.01165	0.00516	0.00986
18	0.01489	0.01611	0.08875	0.07257	0.24852	0.01377	0.05697	0.01901	0.01696	0.02334	0.02851	0.23986	0.05590	0.01422	0.00890	0.00278	0.00811	0.05594	0.00529	0.00960

[dist]
# distance from previous block
# <min> <max>
0	12

[block]
# block no. 4 follows, 24 sequences, length 53
# corresponding to MSA columns:
# 624-676
name=unknown_E
#
# <colnr> <probs for GDERKNQSTAVLIFYWHMCP>
#	G	D	E	R	K	N	Q	S	T	A	V	L	I	F	Y	W	H	M	C	P
0	0.40401	0.04664	0.02135	0.09062	0.25144	0.01872	0.01566	0.02340	0.01545	0.02997	0.01270	0.01605	0.01025	0.00729	0.00625	0.00240	0.00782	0.00554	0.00436	0.01008
1	0.01805	0.19983	0.23296	0.16760	0.03307	0.07426	0.05490	0.02355	0.01704	0.02209	0.01530	0.02128	0.01265	0.00830	0.00721	0.00235	0.01046	0.04038	0.02865	0.01006
2	0.01118	0.00821	0.01198	0.04470	0.01490	0.00907	0.00939	0.01328	0.01337	0.01861	0.02681	0.21762	0.02838	0.07801	0.40745	0.04816	0.01482	0.01231	0.00505	0.00669
3	0.01090	0.00796	0.01024	0.00994	0.01172	0.00730	0.00735	0.01423	0.02127	0.02966	0.54992	0.13516	0.11972	0.01750	0.00944	0.00259	0.00386	0.01546	0.00846	0.00730
4	0.02263	0.08673	0.02925	0.11187	0.39343	0.01873	0.02031	0.04523	0.01908	0.15026	0.01771	0.02052	0.01349	0.00774	0.00761	0.00234	0.00893	0.00696	0.00508	0.01211
5	0.01478	0.00739	0.00739	0.00739	0.00924	0.00739	0.00554	0.01848	0.01663	0.02956	0.02587	0.02956	0.02033	0.00924	0.00554	0.00185	0.00370	0.00739	0.76534	0.00739
6	0.01032	0.00778	0.00955	0.00972	0.01145	0.00700	0.00706	0.01299	0.01941	0.02604	0.34930	0.23170	0.22980	0.01946	0.00955	0.00273	0.00404	0.01708	0.00801	0.00700
7	0.07242	0.33157	0.03047	0.01675	0.02221	0.28202	0.03894	0.05121	0.01936	0.02196	0.01261	0.01460	0.01070	0.00756	0.00617	0.00195	0.01059	0.00502	0.03417	0.00974
8	0.02147	0.64591	0.03957	0.01425	0.02061	0.03059	0.01387	0.05779	0.01705	0.02041	0.01143	0.01334	0.01037	0.00735	0.00647	0.00184	0.04921	0.00456	0.00365	0.01027
9	0.01714	0.00808	0.00864	0.00815	0.01049	0.00787	0.00624	0.02077	0.01732	0.10309	0.02648	0.02927	0.02025	0.00930	0.00582	0.00192	0.00404	0.00746	0.67958	0.00808
10	0.01614	0.01529	0.02589	0.53833	0.20943	0.01792	0.02260	0.02128	0.01641	0.02168	0.01430	0.02076	0.01107	0.00771	0.00791	0.00257	0.01028	0.00705	0.00362	0.00975
11	0.02300	0.02022	0.06338	0.09304	0.23456	0.07219	0.07761	0.07765	0.02008	0.14356	0.01797	0.02094	0.01351	0.01034	0.03543	0.00288	0.04958	0.00727	0.00526	0.01153
12	0.03331	0.01713	0.02065	0.01583	0.02206	0.01705	0.01308	0.29163	0.02878	0.41577	0.02618	0.02368	0.01707	0.00969	0.00796	0.00242	0.00757	0.00763	0.00903	0.01349
13	0.01019	0.00778	0.00913	0.00948	0.01098	0.00726	0.00664	0.01189	0.01587	0.02033	0.09229	0.20311	0.30090	0.15695	0.09655	0.00492	0.00687	0.01588	0.00660	0.00638
14	0.02051	0.04628	0.05970	0.13648	0.25025	0.01850	0.04313	0.07649	0.11256	0.08375	0.01950	0.02338	0.01531	0.04837	0.00967	0.00275	0.00899	0.00759	0.00530	0.01147
15	0.01367	0.01395	0.10044	0.04902	0.07818	0.01123	0.01213	0.04777	0.01566	0.02188	0.02663	0.21389	0.02852	0.23701	0.04738	0.00469	0.00810	0.01246	0.04962	0.00775
16	0.02534	0.34081	0.03098	0.01742	0.02251	0.36813	0.01464	0.02759	0.01919	0.01906	0.01163	0.01374	0.01021	0.00782	0.00711	0.00196	0.04370	0.00481	0.00375	0.00960
17	0.01801	0.01890	0.06412	0.02160	0.14233	0.06746	0.06430	0.02226	0.01768	0.02551	0.04202	0.01909	0.01437	0.00689	0.00687	0.00172	0.00808	0.00602	0.00454	0.42824
18	0.02141	0.04079	0.06468	0.04295	0.13197	0.05293	0.04474	0.12952	0.18889	0.06610	0.02197	0.02465	0.01720	0.05116	0.03858	0.00317	0.00914	0.00779	0.03092	0.01143
19	0.02489	0.02951	0.02355	0.02660	0.18864	0.43768	0.01696	0.02772	0.02084	0.02145	0.01854	0.02382	0.04901	0.00941	0.00769	0.00226	0.01205	0.04516	0.00443	0.00980
20	0.01123	0.00829	0.01073	0.01062	0.01216	0.00829	0.00776	0.01450	0.03829	0.02455	0.29778	0.12681	0.10268	0.11165	0.17296	0.00563	0.00853	0.01359	0.00692	0.00705
21	0.01941	0.01862	0.03180	0.07885	0.64335	0.01878	0.02423	0.02415	0.01795	0.02565	0.01488	0.01970	0.01247	0.00711	0.00785	0.00237	0.00947	0.00706	0.00391	0.01239
22	0.03365	0.01658	0.02031	0.01557	0.02178	0.01624	0.01287	0.25358	0.02786	0.45511	0.02695	0.02417	0.01745	0.00971	0.00796	0.00243	0.00745	0.00768	0.00915	0.01349
23	0.01440	0.00898	0.01231	0.01168	0.01396	0.00928	0.00910	0.01730	0.01613	0.10716	0.10798	0.04003	0.11473	0.03988	0.39179	0.00825	0.01401	0.01019	0.04490	0.00793
24	0.01179	0.00922	0.01451	0.01387	0.01560	0.01020	0.04985	0.01469	0.01351	0.01911	0.02354	0.07467	0.02308	0.08346	0.53875	0.01081	0.01836	0.04319	0.00461	0.00718
25	0.01404	0.01266	0.02096	0.52608	0.04428	0.01565	0.01893	0.01870	0.01506	0.01979	0.01592	0.02370	0.01294	0.02110	0.18217	0.00522	0.01330	0.00742	0.00371	0.00837
26	0.39448	0.01700	0.01557	0.01314	0.01822	0.07005	0.01062	0.10147	0.01951	0.20017	0.01914	0.05693	0.01461	0.00930	0.00653	0.00246	0.00717	0.00667	0.00660	0.01036
27	0.04691	0.01248	0.01511	0.01226	0.01710	0.01149	0.00992	0.09155	0.02220	0.36816	0.04150	0.03863	0.18458	0.01229	0.00802	0.00245	0.00595	0.00997	0.07837	0.01106
28	0.01646	0.01234	0.01853	0.16936	0.14497	0.01285	0.01492	0.05113	0.01811	0.08619	0.03088	0.25139	0.05637	0.01518	0.00895	0.00283	0.00742	0.06675	0.00615	0.00921
29	0.03026	0.01194	0.01559	0.01239	0.01743	0.01057	0.01009	0.03349	0.02115	0.51183	0.02990	0.02765	0.01981	0.00967	0.00735	0.00230	0.00597	0.00783	0.20285	0.01194
30	0.03041	0.02179	0.02354	0.01805	0.02438	0.02397	0.01491	0.61604	0.03658	0.08035	0.01963	0.01942	0.01378	0.00953	0.00793	0.00238	0.00863	0.00718	0.00802	0.01349
31	0.01256	0.01018	0.01150	0.01171	0.01305	0.04724	0.00841	0.01556	0.05510	0.01950	0.03271	0.16775	0.08387	0.21679	0.21502	0.00705	0.01101	0.04855	0.00564	0.00681
32	0.01565	0.01790	0.10783	0.02072	0.10178	0.05349	0.01614	0.01912	0.01531	0.02178	0.02127	0.13530	0.02139	0.02002	0.10588	0.00426	0.19540	0.04822	0.04967	0.00887
33	0.01005	0.00728	0.00958	0.01127	0.01208	0.00681	0.00796	0.01177	0.01582	0.02079	0.04641	0.58306	0.10078	0.02408	0.01017	0.00323	0.00491	0.10001	0.00735	0.00657
34	0.12723	0.03215	0.41456	0.02121	0.03045	0.01951	0.08046	0.10603	0.01897	0.02967	0.01442	0.01694	0.01048	0.00794	0.00809	0.00254	0.03764	0.00617	0.00424	0.01129
35	0.00964	0.00699	0.00911	0.01080	0.01144	0.00646	0.00725	0.01107	0.01541	0.02034	0.04663	0.66502	0.10168	0.02446	0.01006	0.00318	0.00455	0.02208	0.00736	0.00646
36	0.01170	0.00891	0.01292	0.01272	0.01388	0.01048	0.00973	0.01413	0.01256	0.01808	0.02106	0.03286	0.02037	0.13691	0.57258	0.01159	0.05957	0.00877	0.00427	0.00690
37	0.01992	0.01856	0.02741	0.20714	0.31414	0.07127	0.05236	0.02547	0.05335	0.06229	0.01641	0.02046	0.01284	0.00764	0.00779	0.00237	0.00975	0.00703	0.00446	0.05933
38	0.02000	0.20204	0.04281	0.02915	0.09564	0.05710	0.39074	0.02520	0.01818	0.02342	0.01446	0.01864	0.01152	0.00682	0.00801	0.00236	0.01179	0.00761	0.00385	0.01066
39	0.03375	0.01538	0.01944	0.01502	0.02112	0.01459	0.01237	0.15849	0.05572	0.52300	0.02892	0.02555	0.01863	0.00980	0.00797	0.00245	0.00712	0.00786	0.00936	0.01345
40	0.05884	0.01234	0.05034	0.01374	0.01595	0.01213	0.01102	0.06748	0.01686	0.05415	0.04930	0.35097	0.03404	0.02406	0.10383	0.00434	0.09156	0.01460	0.00631	0.00815
41	0.02179	0.06403	0.07532	0.09562	0.02672	0.10330	0.08243	0.05474	0.01975	0.15874	0.02488	0.11983	0.02231	0.01208	0.00843	0.00264	0.00927	0.08197	0.00609	0.01008
42	0.01147	0.00793	0.00989	0.00989	0.01032	0.00836	0.00635	0.01233	0.01190	0.01629	0.02385	0.04561	0.02610	0.52078	0.23716	0.00922	0.01179	0.01061	0.00464	0.00549
43	0.02079	0.00990	0.01257	0.01078	0.01425	0.00894	0.00848	0.02418	0.02097	0.26567	0.25724	0.04172	0.07577	0.01252	0.00799	0.00234	0.00484	0.01058	0.18087	0.00961
44	0.02119	0.02186	0.09424	0.01875	0.07294	0.15039	0.01470	0.08094	0.13991	0.08113	0.06682	0.10055	0.05481	0.01164	0.00807	0.00248	0.00848	0.00956	0.03105	0.01052
45	0.01928	0.01687	0.10700	0.07470	0.09548	0.01435	0.04865	0.02365	0.01823	0.15991	0.07596	0.06421	0.02579	0.01437	0.03678	0.00321	0.07307	0.11226	0.00611	0.01014
46	0.40806	0.01164	0.01046	0.00993	0.01288	0.01302	0.00749	0.01876	0.01354	0.02825	0.01858	0.06417	0.01771	0.15583	0.07804	0.00445	0.00749	0.00757	0.10473	0.00741
47	0.01512	0.11019	0.09557	0.01360	0.01691	0.01286	0.01187	0.01792	0.01621	0.08793	0.04990	0.38106	0.03534	0.01965	0.04194	0.00329	0.04095	0.01491	0.00630	0.00847
48	0.01890	0.18320	0.20124	0.02989	0.23100	0.02177	0.11127	0.02568	0.05795	0.02447	0.01513	0.01823	0.01205	0.00730	0.00738	0.00231	0.01017	0.00657	0.00393	0.01154
49	0.01757	0.01130	0.01713	0.09191	0.02183	0.01166	0.05204	0.02086	0.01742	0.16069	0.05240	0.12760	0.06460	0.02320	0.13140	0.00469	0.04364	0.11465	0.00653	0.00889
50	0.01794	0.21398	0.06101	0.01352	0.01792	0.01756	0.01196	0.02304	0.09363	0.09687	0.06344	0.14705	0.11947	0.01354	0.00893	0.00250	0.05099	0.01090	0.00619	0.00956
51	0.02214	0.01828	0.02626	0.02953	0.27672	0.04296	0.06724	0.09722	0.04787	0.10254	0.01870	0.02242	0.01475	0.00809	0.00771	0.00222	0.00867	0.02677	0.00550	0.15442
52	0.02550	0.14881	0.13625	0.01716	0.02372	0.12040	0.01603	0.13833	0.07278	0.16304	0.02042	0.04891	0.01560	0.00931	0.00736	0.00231	0.00925	0.00708	0.00615	0.01159

[dist]
# distance from previous block
# <min> <max>
0	83

[block]
# block no. 5 follows, 24 sequences, length 27
# corresponding to MSA columns:
# 792-818
name=unknown_F
#
# <colnr> <probs for GDERKNQSTAVLIFYWHMCP>
#	G	D	E	R	K	N	Q	S	T	A	V	L	I	F	Y	W	H	M	C	P
0	0.02212	0.18390	0.08971	0.06399	0.02459	0.23689	0.01549	0.08303	0.05506	0.02356	0.01839	0.11337	0.01714	0.01036	0.00731	0.00228	0.01019	0.00794	0.00485	0.00984
1	0.02186	0.05052	0.07973	0.02291	0.16583	0.13093	0.01594	0.02684	0.05731	0.11942	0.06879	0.05039	0.01981	0.00913	0.00752	0.00218	0.00867	0.00756	0.00561	0.12906
2	0.01986	0.18206	0.27639	0.02185	0.07894	0.08178	0.05636	0.02522	0.01742	0.06728	0.01603	0.05386	0.01332	0.00876	0.00827	0.00237	0.04839	0.00682	0.00417	0.01084
3	0.01067	0.00759	0.01011	0.01120	0.01188	0.00763	0.00782	0.01226	0.01423	0.01919	0.03524	0.38411	0.04050	0.17862	0.14808	0.00605	0.00873	0.07360	0.00621	0.00630
4	0.08714	0.01711	0.12210	0.05412	0.15232	0.01395	0.01589	0.06648	0.01770	0.02603	0.02676	0.28634	0.02827	0.01476	0.00852	0.00279	0.00756	0.03709	0.00566	0.00940
5	0.02052	0.04758	0.02987	0.06684	0.21265	0.11023	0.14575	0.05002	0.01903	0.04956	0.04756	0.05640	0.01702	0.00942	0.01001	0.00254	0.08147	0.00832	0.00467	0.01055
6	0.01042	0.00756	0.00961	0.01073	0.01175	0.00709	0.00762	0.01227	0.01630	0.02150	0.11169	0.40257	0.13054	0.10536	0.01363	0.00366	0.00516	0.09883	0.00720	0.00650
7	0.01694	0.01603	0.02764	0.09840	0.35564	0.01694	0.08119	0.02128	0.01630	0.02312	0.01626	0.02265	0.01399	0.02034	0.17647	0.00502	0.04971	0.00763	0.00395	0.01047
8	0.02224	0.11842	0.11896	0.03044	0.24732	0.05655	0.10335	0.11847	0.02108	0.06535	0.01587	0.01860	0.01225	0.00762	0.00762	0.00232	0.01013	0.00679	0.00473	0.01189
9	0.01738	0.09727	0.18340	0.08560	0.10471	0.05395	0.08948	0.02299	0.03907	0.04578	0.02513	0.09643	0.08396	0.01064	0.00803	0.00251	0.00944	0.00932	0.00476	0.01016
10	0.02112	0.01132	0.01367	0.01178	0.01566	0.01055	0.00925	0.07331	0.05198	0.25099	0.11495	0.10922	0.19266	0.01456	0.00852	0.00255	0.00544	0.01225	0.06027	0.00996
11	0.01463	0.04126	0.12407	0.05524	0.09531	0.01466	0.09198	0.01928	0.03899	0.02272	0.05685	0.15072	0.08974	0.08642	0.01312	0.00324	0.05606	0.01156	0.00517	0.00898
12	0.05328	0.11398	0.17079	0.02346	0.12716	0.07059	0.07047	0.02966	0.08452	0.15196	0.01897	0.02004	0.01390	0.00811	0.00743	0.00237	0.00953	0.00674	0.00536	0.01168
13	0.01673	0.01552	0.02602	0.34449	0.32431	0.01711	0.02154	0.02147	0.01683	0.02314	0.01663	0.06065	0.01425	0.00857	0.00792	0.00252	0.00944	0.00796	0.03463	0.01028
14	0.01262	0.00846	0.01179	0.01193	0.01314	0.00896	0.00882	0.01396	0.01408	0.05340	0.03216	0.23351	0.08836	0.03591	0.25831	0.12260	0.04668	0.01302	0.00558	0.00673
15	0.01946	0.10112	0.26320	0.11953	0.03228	0.02045	0.06359	0.08680	0.10296	0.06011	0.01754	0.01973	0.01297	0.00844	0.00833	0.00250	0.03809	0.00678	0.00482	0.01131
16	0.02115	0.10103	0.30087	0.02190	0.08679	0.05510	0.04304	0.06888	0.01949	0.11658	0.01849	0.02249	0.01417	0.00869	0.00755	0.00241	0.00997	0.03871	0.03124	0.01145
17	0.01337	0.01216	0.01944	0.14803	0.08559	0.01219	0.10709	0.01663	0.01662	0.02152	0.07137	0.04617	0.21752	0.16039	0.01541	0.00367	0.00794	0.01165	0.00534	0.00790
18	0.01747	0.09169	0.28881	0.02370	0.07367	0.01821	0.15223	0.02351	0.01710	0.05820	0.01920	0.11521	0.01706	0.01003	0.00884	0.00259	0.03838	0.00900	0.00444	0.01066
19	0.06055	0.02785	0.31267	0.05403	0.17797	0.05367	0.05223	0.02321	0.01684	0.02451	0.01701	0.07301	0.01492	0.04650	0.00947	0.00279	0.01028	0.00780	0.00404	0.01066
20	0.01998	0.02070	0.13708	0.26758	0.14169	0.05328	0.05074	0.02520	0.01795	0.12900	0.01836	0.05177	0.01420	0.00874	0.00798	0.00254	0.01003	0.00769	0.00481	0.01068
21	0.01760	0.01697	0.02659	0.18497	0.41524	0.04297	0.02089	0.02203	0.01798	0.02431	0.05521	0.02710	0.07611	0.00899	0.00806	0.00244	0.00906	0.00827	0.00442	0.01080
22	0.02289	0.05963	0.06859	0.18369	0.24521	0.04603	0.01985	0.06919	0.01983	0.16175	0.01806	0.02067	0.01325	0.00807	0.00769	0.00240	0.00937	0.00694	0.00528	0.01163
23	0.01939	0.02150	0.15360	0.10113	0.20022	0.04635	0.04054	0.05999	0.04130	0.09006	0.02535	0.06279	0.08287	0.01012	0.00812	0.00252	0.00913	0.00879	0.00527	0.01098
24	0.01832	0.03737	0.02134	0.13668	0.06116	0.03843	0.07298	0.02162	0.01721	0.13057	0.02980	0.11805	0.10662	0.01614	0.05860	0.00343	0.08603	0.01063	0.00571	0.00931
25	0.01736	0.09941	0.15478	0.21366	0.09506	0.01827	0.11736	0.02268	0.01700	0.05559	0.02008	0.02479	0.05717	0.04244	0.00940	0.00272	0.01011	0.00779	0.00423	0.01007
26	0.01932	0.05044	0.16569	0.07302	0.13693	0.06039	0.16131	0.02461	0.01808	0.08802	0.01997	0.10930	0.01737	0.00976	0.00828	0.00256	0.01027	0.00918	0.00481	0.01070

[dist]
# distance from previous block
# <min> <max>
2	14

[block]
# block no. 6 follows, 24 sequences, length 22
# corresponding to MSA columns:
# 833-854
name=unknown_G
#
# <colnr> <probs for GDERKNQSTAVLIFYWHMCP>
#	G	D	E	R	K	N	Q	S	T	A	V	L	I	F	Y	W	H	M	C	P
0	0.02103	0.11055	0.06717	0.14917	0.11685	0.11185	0.04554	0.05257	0.01883	0.06864	0.01506	0.01806	0.01175	0.00743	0.00710	0.00209	0.00962	0.00607	0.00450	0.15611
1	0.06139	0.02094	0.07553	0.02376	0.16694	0.07597	0.01664	0.17816	0.06326	0.15087	0.02167	0.07231	0.01718	0.00987	0.00785	0.00245	0.00866	0.00812	0.00650	0.01195
2	0.01619	0.01019	0.01354	0.04387	0.04455	0.00923	0.00959	0.01937	0.01998	0.14480	0.27907	0.12941	0.13321	0.01498	0.00877	0.00249	0.00517	0.01304	0.00777	0.07480
3	0.02070	0.08336	0.08991	0.02428	0.10774	0.04801	0.17906	0.09025	0.04876	0.07828	0.02070	0.08936	0.01747	0.00956	0.00805	0.00246	0.00954	0.00893	0.05271	0.01088
4	0.02204	0.10645	0.25442	0.02289	0.09167	0.15291	0.05208	0.08021	0.02016	0.07000	0.01644	0.04589	0.01313	0.00853	0.00749	0.00234	0.01085	0.00677	0.00459	0.01114
5	0.01175	0.00942	0.01079	0.01073	0.01308	0.00927	0.00811	0.01722	0.11676	0.02435	0.14723	0.12606	0.29996	0.04873	0.06549	0.00378	0.00614	0.05610	0.00732	0.00769
6	0.01148	0.00985	0.01033	0.01166	0.01264	0.06963	0.00799	0.01298	0.01610	0.02026	0.04385	0.59796	0.09985	0.02291	0.00978	0.00307	0.00545	0.02045	0.00706	0.00672
7	0.02014	0.01998	0.05760	0.08966	0.20596	0.08289	0.03330	0.12000	0.05133	0.02815	0.04670	0.06490	0.01807	0.01014	0.00983	0.00254	0.08150	0.00826	0.03834	0.01071
8	0.02089	0.05097	0.10975	0.08932	0.22009	0.01792	0.01874	0.13063	0.04016	0.08852	0.06348	0.04973	0.01916	0.00936	0.00783	0.00242	0.00855	0.00804	0.03298	0.01147
9	0.01685	0.01610	0.02502	0.46830	0.20758	0.04975	0.02145	0.02175	0.01677	0.02212	0.01481	0.02085	0.01155	0.00779	0.00775	0.00250	0.01011	0.00698	0.04225	0.00971
10	0.56654	0.01921	0.01562	0.01565	0.07559	0.11513	0.01127	0.05406	0.01632	0.03306	0.01194	0.01398	0.00941	0.00755	0.00564	0.00238	0.00773	0.00479	0.00484	0.00926
11	0.01219	0.00841	0.01003	0.00998	0.01234	0.00767	0.00747	0.01432	0.01703	0.08133	0.05863	0.18392	0.37997	0.02689	0.12795	0.00451	0.00738	0.01558	0.00705	0.00734
12	0.01888	0.01808	0.02694	0.05429	0.22490	0.05909	0.13648	0.04469	0.13967	0.02751	0.07747	0.02700	0.02111	0.04035	0.00960	0.00269	0.00905	0.00860	0.04278	0.01083
13	0.01130	0.00868	0.01314	0.01298	0.01460	0.00816	0.06649	0.01394	0.01730	0.02380	0.16785	0.43698	0.05120	0.02041	0.00973	0.00299	0.00539	0.06328	0.04463	0.00716
14	0.08563	0.01544	0.06087	0.01405	0.01819	0.04102	0.04138	0.07382	0.10695	0.07860	0.11333	0.09363	0.06818	0.01461	0.04242	0.00301	0.00735	0.01017	0.10180	0.00955
15	0.01760	0.11384	0.22810	0.04671	0.05714	0.01602	0.01739	0.03915	0.01741	0.08337	0.02210	0.17369	0.02086	0.01136	0.00768	0.00239	0.00830	0.00957	0.00517	0.10216
16	0.02468	0.13844	0.02289	0.01554	0.02098	0.22933	0.01260	0.08411	0.02155	0.11011	0.07245	0.02048	0.01767	0.00849	0.00691	0.00193	0.00915	0.00624	0.00561	0.17084
17	0.01382	0.01009	0.01202	0.01090	0.01403	0.00898	0.00820	0.05842	0.01966	0.05744	0.19476	0.21308	0.17976	0.01656	0.00876	0.00247	0.00488	0.01436	0.00737	0.14443
18	0.01317	0.00998	0.01319	0.01229	0.01463	0.01034	0.00931	0.05380	0.01493	0.02134	0.02252	0.09393	0.02226	0.12366	0.40092	0.00882	0.01492	0.00948	0.00490	0.12561
19	0.08803	0.14851	0.13360	0.02049	0.05477	0.12515	0.08749	0.14731	0.02129	0.02853	0.01475	0.01742	0.01165	0.01132	0.05386	0.00298	0.01121	0.00621	0.00467	0.01074
20	0.01316	0.03199	0.01427	0.01216	0.01520	0.04206	0.05520	0.05775	0.01992	0.02513	0.16299	0.15598	0.32930	0.01745	0.00915	0.00265	0.00569	0.01507	0.00712	0.00778
21	0.01882	0.01431	0.01554	0.05978	0.01960	0.06309	0.01049	0.05312	0.06639	0.11750	0.03296	0.09656	0.13296	0.05611	0.00983	0.00255	0.00680	0.00997	0.00643	0.20718

[dist]
# distance from previous block
# <min> <max>
19	41

[block]
# block no. 7 follows, 24 sequences, length 29
# corresponding to MSA columns:
# 910-938
name=unknown_H
#
# <colnr> <probs for GDERKNQSTAVLIFYWHMCP>
#	G	D	E	R	K	N	Q	S	T	A	V	L	I	F	Y	W	H	M	C	P
0	0.01039	0.00769	0.01033	0.01112	0.01216	0.00786	0.00794	0.01228	0.01433	0.01932	0.03827	0.33292	0.11217	0.09269	0.26420	0.00704	0.01094	0.01577	0.00600	0.00658
1	0.01904	0.55411	0.07591	0.01323	0.01923	0.02627	0.01304	0.02163	0.01563	0.01875	0.01624	0.02111	0.04258	0.10307	0.01016	0.00259	0.00838	0.00589	0.00376	0.00940
2	0.01622	0.03482	0.50545	0.10553	0.03783	0.01857	0.12170	0.02458	0.01694	0.02458	0.01449	0.01797	0.01041	0.00745	0.00786	0.00255	0.01183	0.00653	0.00347	0.01122
3	0.01382	0.01148	0.01316	0.03603	0.01584	0.06698	0.00976	0.01652	0.01817	0.02454	0.26182	0.07586	0.04208	0.02293	0.11565	0.07589	0.00853	0.07893	0.00633	0.08570
4	0.23716	0.01936	0.06422	0.01491	0.01926	0.12439	0.01301	0.09687	0.01963	0.03005	0.02245	0.03763	0.02115	0.01214	0.00764	0.00269	0.00836	0.18485	0.05518	0.00905
5	0.01174	0.00952	0.01192	0.08965	0.01753	0.00964	0.00950	0.01671	0.09412	0.02401	0.14383	0.24913	0.22293	0.01845	0.00933	0.00284	0.00529	0.03894	0.00721	0.00770
6	0.01985	0.01366	0.01583	0.01493	0.05795	0.01411	0.01090	0.13790	0.15230	0.10650	0.11238	0.03867	0.14204	0.01230	0.00805	0.00244	0.00590	0.01022	0.11361	0.01045
7	0.01795	0.30515	0.43399	0.01912	0.02894	0.02341	0.02323	0.02459	0.01650	0.02262	0.01299	0.01519	0.01010	0.00724	0.00659	0.00220	0.01047	0.00524	0.00337	0.01112
8	0.01744	0.01225	0.01446	0.01318	0.01615	0.01330	0.00995	0.02765	0.26982	0.10051	0.10472	0.03711	0.02972	0.14724	0.14535	0.00547	0.00916	0.00986	0.00703	0.00962
9	0.00971	0.00805	0.00851	0.00839	0.01092	0.00684	0.00629	0.01204	0.01888	0.02334	0.18877	0.07316	0.55899	0.01937	0.00937	0.00264	0.00397	0.01629	0.00762	0.00684
10	0.01595	0.01399	0.06987	0.01475	0.01807	0.01273	0.05962	0.05039	0.04428	0.06969	0.17950	0.14374	0.05688	0.01407	0.01058	0.00266	0.08988	0.01182	0.11263	0.00890
11	0.04945	0.47147	0.10282	0.01483	0.02183	0.05652	0.01480	0.02688	0.01755	0.13667	0.01501	0.01575	0.01179	0.00748	0.00595	0.00196	0.00870	0.00511	0.00461	0.01083
12	0.01759	0.00921	0.01136	0.01019	0.01197	0.00867	0.00686	0.01882	0.01567	0.18526	0.10344	0.04645	0.03200	0.45650	0.02844	0.00574	0.00698	0.01097	0.00655	0.00733
13	0.02619	0.37140	0.03193	0.01718	0.06733	0.04882	0.01419	0.12689	0.02141	0.17854	0.01737	0.01762	0.01309	0.00800	0.00649	0.00204	0.00839	0.00581	0.00569	0.01162
14	0.01508	0.03384	0.52631	0.02063	0.02992	0.01700	0.02510	0.02277	0.01579	0.02359	0.01543	0.01954	0.01194	0.01779	0.13974	0.00452	0.04035	0.00641	0.00353	0.01071
15	0.02412	0.08007	0.02591	0.12466	0.02941	0.25370	0.09026	0.12109	0.04581	0.04955	0.01633	0.01981	0.01292	0.03574	0.00878	0.00248	0.01111	0.00673	0.03144	0.01009
16	0.01921	0.01643	0.02300	0.08107	0.04384	0.04008	0.12581	0.15738	0.11974	0.02895	0.02349	0.14526	0.02142	0.01381	0.01132	0.09436	0.00861	0.01044	0.00597	0.00979
17	0.02181	0.01613	0.01836	0.01589	0.04277	0.01746	0.03180	0.28863	0.12417	0.03656	0.02512	0.02884	0.04224	0.09499	0.01146	0.00298	0.00725	0.00842	0.15437	0.01075
18	0.00976	0.00763	0.00867	0.00925	0.01094	0.00674	0.00652	0.01157	0.01704	0.02148	0.11197	0.28974	0.37188	0.06560	0.01158	0.00316	0.00442	0.01818	0.00731	0.00655
19	0.22229	0.09895	0.01848	0.04169	0.04001	0.01683	0.01211	0.10749	0.01931	0.07802	0.02361	0.07913	0.02222	0.01231	0.00753	0.00266	0.00718	0.14670	0.03400	0.00947
20	0.02135	0.47642	0.06658	0.01479	0.02101	0.02484	0.05402	0.02426	0.01656	0.09780	0.01558	0.01982	0.01363	0.09170	0.01000	0.00260	0.00866	0.00596	0.00437	0.01005
21	0.01590	0.01576	0.02684	0.02176	0.02434	0.01881	0.18299	0.01929	0.01409	0.02058	0.01519	0.02260	0.01369	0.02571	0.22191	0.00606	0.31383	0.00806	0.00385	0.00874
22	0.00996	0.00719	0.00984	0.01135	0.01198	0.00706	0.00782	0.01160	0.01475	0.01991	0.03968	0.59334	0.04660	0.03105	0.13198	0.00493	0.00758	0.02003	0.00680	0.00656
23	0.01922	0.20531	0.17909	0.04484	0.23017	0.05152	0.02020	0.04542	0.01800	0.02427	0.01693	0.01974	0.03767	0.00789	0.00698	0.00220	0.00942	0.00638	0.04373	0.01103
24	0.01352	0.01270	0.05546	0.01305	0.01550	0.01216	0.01075	0.04786	0.06061	0.02693	0.27235	0.12669	0.12712	0.04819	0.01314	0.00300	0.11264	0.01313	0.00698	0.00821
25	0.01138	0.00841	0.01097	0.01221	0.01396	0.00800	0.00994	0.01430	0.01805	0.02339	0.10857	0.19847	0.17404	0.02154	0.01034	0.00327	0.00582	0.33285	0.00746	0.00704
26	0.01297	0.00974	0.01313	0.01608	0.12789	0.00983	0.00863	0.01399	0.01278	0.01745	0.02294	0.04480	0.02535	0.55153	0.07550	0.00705	0.00885	0.01054	0.00461	0.00634
27	0.07755	0.01547	0.02122	0.02106	0.16205	0.01352	0.04228	0.02434	0.01765	0.12824	0.01682	0.01874	0.01293	0.00690	0.00672	0.00180	0.00715	0.00591	0.00531	0.39433
28	0.10032	0.11114	0.05184	0.02112	0.07063	0.20987	0.09011	0.12920	0.02202	0.07193	0.01620	0.04139	0.01307	0.00856	0.00729	0.00228	0.01045	0.00673	0.00517	0.01067

[dist]
# distance from previous block
# <min> <max>
2	49

[block]
# block no. 8 follows, 24 sequences, length 10
# corresponding to MSA columns:
# 992-1001
name=unknown_I
#
# <colnr> <probs for GDERKNQSTAVLIFYWHMCP>
#	G	D	E	R	K	N	Q	S	T	A	V	L	I	F	Y	W	H	M	C	P
0	0.01821	0.05184	0.01723	0.08883	0.02055	0.04108	0.01137	0.11387	0.05223	0.05934	0.11132	0.10929	0.02686	0.01532	0.01270	0.15699	0.00713	0.00962	0.00602	0.07019
1	0.02184	0.32262	0.14230	0.01767	0.02383	0.10027	0.01724	0.10912	0.01918	0.02419	0.01270	0.01519	0.01065	0.00859	0.00951	0.00225	0.12277	0.00544	0.00410	0.01054
2	0.02101	0.06101	0.02133	0.09187	0.10831	0.24673	0.01506	0.02563	0.07610	0.04560	0.02456	0.11573	0.05335	0.01182	0.00805	0.00248	0.00976	0.04677	0.00532	0.00950
3	0.01768	0.01105	0.01351	0.01276	0.01556	0.01084	0.00972	0.13159	0.02124	0.12803	0.07111	0.34133	0.09992	0.01863	0.00935	0.00289	0.00579	0.06214	0.00791	0.00896
4	0.01680	0.01328	0.01674	0.06963	0.09030	0.04117	0.01217	0.10422	0.01934	0.04937	0.10182	0.18266	0.03147	0.10777	0.04834	0.00384	0.04333	0.01195	0.02707	0.00872
5	0.06157	0.01011	0.01143	0.01003	0.01327	0.00982	0.00788	0.05710	0.01987	0.17036	0.12627	0.03432	0.05939	0.01087	0.00693	0.00218	0.00479	0.00885	0.36586	0.00909
6	0.01126	0.00824	0.01129	0.01129	0.01238	0.00908	0.00822	0.01324	0.01275	0.01775	0.02610	0.03991	0.06415	0.24362	0.46285	0.01067	0.01631	0.00988	0.00461	0.00641
7	0.01117	0.00846	0.01204	0.01212	0.01374	0.00933	0.00947	0.01399	0.01428	0.01984	0.06498	0.04196	0.10597	0.04985	0.52544	0.01036	0.01726	0.04760	0.00507	0.00707
8	0.01655	0.03652	0.53516	0.02508	0.03595	0.01879	0.16986	0.02518	0.01719	0.02518	0.01465	0.01781	0.01050	0.00734	0.00795	0.00255	0.01210	0.00666	0.00350	0.01148
9	0.04342	0.00974	0.01068	0.00952	0.01231	0.00901	0.00690	0.01707	0.04539	0.02515	0.11703	0.04110	0.10241	0.18293	0.01508	0.00337	0.00536	0.00982	0.17305	0.16067

[dist]
# distance from previous block
# <min> <max>
1	6

[block]
# block no. 9 follows, 24 sequences, length 31
# corresponding to MSA columns:
# 1008-1019,1056-1074
name=unknown_J
#
# <colnr> <probs for GDERKNQSTAVLIFYWHMCP>
#	G	D	E	R	K	N	Q	S	T	A	V	L	I	F	Y	W	H	M	C	P
0	0.01553	0.11746	0.12377	0.04343	0.04896	0.01578	0.03879	0.02242	0.10629	0.02565	0.13782	0.10694	0.05609	0.01236	0.00810	0.00247	0.00733	0.04290	0.00590	0.06199
1	0.01050	0.00769	0.01004	0.01057	0.01175	0.00751	0.00750	0.01266	0.01638	0.02227	0.18834	0.29583	0.11575	0.09476	0.14556	0.00527	0.00788	0.01620	0.00683	0.00668
2	0.01266	0.00921	0.01219	0.01206	0.01322	0.01014	0.00896	0.01546	0.06165	0.01954	0.05437	0.06620	0.05558	0.17374	0.23205	0.11587	0.05085	0.06443	0.00520	0.00660
3	0.01808	0.09830	0.19368	0.02540	0.18951	0.01843	0.01991	0.07227	0.01841	0.02581	0.01845	0.02852	0.01671	0.03740	0.00994	0.00268	0.04447	0.08980	0.00457	0.06766
4	0.01084	0.00792	0.00910	0.00890	0.01023	0.00735	0.00599	0.01258	0.01680	0.02226	0.24458	0.06095	0.21950	0.30416	0.02197	0.00466	0.00542	0.01386	0.00676	0.00618
5	0.06686	0.11565	0.02312	0.01584	0.02171	0.15078	0.01301	0.20790	0.02342	0.03109	0.01449	0.01613	0.01153	0.00788	0.00727	0.00192	0.03310	0.00549	0.00533	0.22745
6	0.01598	0.01410	0.01579	0.01417	0.01745	0.06684	0.05333	0.10266	0.09407	0.02743	0.09701	0.18725	0.20190	0.01647	0.00908	0.00273	0.00663	0.04118	0.00714	0.00879
7	0.02338	0.23924	0.07583	0.01804	0.02308	0.19542	0.01597	0.10890	0.05701	0.02440	0.01376	0.01606	0.01147	0.00906	0.01010	0.00231	0.13545	0.00572	0.00446	0.01035
8	0.02188	0.02101	0.18458	0.02127	0.11535	0.01518	0.01787	0.10822	0.02141	0.18199	0.05947	0.08608	0.02376	0.01164	0.00840	0.00263	0.00836	0.07294	0.00659	0.01137
9	0.01732	0.01414	0.01645	0.01348	0.01851	0.01358	0.01062	0.09594	0.14204	0.02840	0.02148	0.07008	0.01858	0.01794	0.12667	0.00378	0.00889	0.00770	0.00583	0.34857
10	0.01000	0.00750	0.00896	0.00997	0.01115	0.00685	0.00691	0.01153	0.01578	0.02016	0.05270	0.38713	0.24435	0.11727	0.01402	0.00368	0.00499	0.05370	0.00701	0.00635
11	0.07869	0.01898	0.14005	0.06170	0.07508	0.01492	0.04930	0.06939	0.03579	0.18502	0.02346	0.02456	0.03887	0.00898	0.00735	0.00238	0.00791	0.00744	0.13919	0.01094
12	0.01916	0.18370	0.12337	0.01678	0.02223	0.09937	0.03965	0.07687	0.09259	0.02539	0.04605	0.13011	0.02351	0.01195	0.00781	0.00248	0.00878	0.05471	0.00550	0.00999
13	0.01050	0.00794	0.00971	0.00973	0.01163	0.00715	0.00723	0.01337	0.01991	0.02671	0.37782	0.16467	0.24509	0.01886	0.00953	0.00270	0.00408	0.03821	0.00807	0.00709
14	0.01096	0.00760	0.00947	0.01036	0.01175	0.00684	0.00725	0.01278	0.01687	0.05300	0.10491	0.46993	0.20456	0.02222	0.00977	0.00299	0.00449	0.01972	0.00760	0.00693
15	0.01879	0.12217	0.07467	0.01862	0.02317	0.18074	0.13094	0.02205	0.01709	0.02026	0.01883	0.09182	0.01837	0.11390	0.09041	0.00427	0.01203	0.00883	0.00436	0.00868
16	0.01710	0.01565	0.02216	0.09441	0.22317	0.04366	0.04063	0.06421	0.05458	0.02769	0.17566	0.03536	0.09763	0.01139	0.00924	0.00252	0.03912	0.00991	0.00587	0.01004
17	0.01823	0.01219	0.01424	0.01235	0.01597	0.01223	0.00967	0.10572	0.12860	0.12269	0.29446	0.04725	0.14539	0.01415	0.00876	0.00253	0.00528	0.01199	0.00845	0.00983
18	0.05538	0.01844	0.03110	0.08476	0.49899	0.01926	0.06918	0.02366	0.01725	0.02540	0.01438	0.01934	0.01202	0.00768	0.00936	0.00250	0.06862	0.00709	0.00391	0.01166
