[name]
unknown

[dist]
# distance from previous block
# <min> <max>
0	1127

[block]
# block no. 0 follows, 28 sequences, length 8
# corresponding to MSA columns:
# 1173-1180
name=unknown_A
#
# <colnr> <probs for GDERKNQSTAVLIFYWHMCP>
#	G	D	E	R	K	N	Q	S	T	A	V	L	I	F	Y	W	H	M	C	P
0	0.00939	0.00730	0.00861	0.00903	0.01084	0.00653	0.00682	0.01165	0.01691	0.02168	0.19253	0.19787	0.35667	0.01872	0.00890	0.00263	0.00411	0.09646	0.00700	0.00631
1	0.01192	0.00653	0.00931	0.00958	0.00973	0.00649	0.00645	0.01002	0.01052	0.01399	0.01836	0.10317	0.01984	0.11593	0.02639	0.55993	0.00621	0.04793	0.00390	0.00382
2	0.26249	0.11118	0.15739	0.07787	0.06212	0.01700	0.01461	0.01974	0.01385	0.02397	0.01530	0.11512	0.01441	0.00937	0.00738	0.00234	0.05608	0.00708	0.00409	0.00860
3	0.01544	0.13212	0.01985	0.04803	0.01869	0.01298	0.08686	0.01830	0.01574	0.10657	0.06096	0.15471	0.10316	0.01807	0.10605	0.00356	0.00835	0.01033	0.00542	0.05481
4	0.01967	0.08040	0.02472	0.20719	0.21183	0.05323	0.04090	0.06684	0.01768	0.10930	0.01516	0.01813	0.01152	0.00706	0.00685	0.00207	0.00852	0.00612	0.00447	0.08831
5	0.01864	0.10563	0.08188	0.06207	0.13980	0.09261	0.01473	0.07088	0.01761	0.07958	0.06116	0.02548	0.06494	0.07349	0.01073	0.00262	0.05681	0.00734	0.00476	0.00925
6	0.02149	0.05965	0.11887	0.02253	0.16800	0.04395	0.01688	0.29122	0.02335	0.03196	0.01464	0.01650	0.01120	0.00759	0.00742	0.00206	0.03391	0.00591	0.00508	0.09778
7	0.06845	0.11463	0.12923	0.05078	0.02356	0.03566	0.05881	0.11961	0.03720	0.17297	0.01717	0.01829	0.01247	0.00967	0.03678	0.00254	0.03033	0.00609	0.00534	0.05041

[dist]
# distance from previous block
# <min> <max>
1	22

[block]
# block no. 1 follows, 28 sequences, length 19
# corresponding to MSA columns:
# 1205-1223
name=unknown_B
#
# <colnr> <probs for GDERKNQSTAVLIFYWHMCP>
#	G	D	E	R	K	N	Q	S	T	A	V	L	I	F	Y	W	H	M	C	P
0	0.04333	0.02665	0.31759	0.02111	0.09941	0.08370	0.04735	0.07698	0.06110	0.04205	0.01564	0.01899	0.01222	0.04288	0.05698	0.00310	0.01040	0.00624	0.00416	0.01012
1	0.10273	0.21609	0.19186	0.02083	0.14922	0.07921	0.01726	0.06513	0.01703	0.02397	0.04452	0.01628	0.01256	0.00717	0.00618	0.00203	0.00868	0.00542	0.00390	0.00993
2	0.06797	0.19442	0.28721	0.01790	0.05273	0.02101	0.01838	0.17924	0.04819	0.02805	0.01397	0.01539	0.01056	0.00728	0.00636	0.00210	0.00878	0.00539	0.00438	0.01069
3	0.02068	0.06752	0.15821	0.02249	0.12492	0.09721	0.08933	0.20082	0.02139	0.02850	0.01413	0.01628	0.01079	0.00712	0.00690	0.00204	0.00938	0.00593	0.00457	0.09179
4	0.11276	0.24035	0.10203	0.01619	0.08904	0.04165	0.04106	0.01938	0.01516	0.02149	0.06917	0.02551	0.07753	0.08922	0.00959	0.00258	0.00754	0.00702	0.00421	0.00852
5	0.03410	0.04894	0.12818	0.01199	0.01619	0.01090	0.01110	0.04555	0.01718	0.04656	0.19231	0.13083	0.11082	0.01602	0.06278	0.00296	0.00680	0.01061	0.00583	0.09034
6	0.05805	0.13774	0.21288	0.01995	0.12207	0.01687	0.04605	0.02355	0.05752	0.09832	0.08861	0.02162	0.01807	0.00993	0.03619	0.00256	0.00853	0.00669	0.00473	0.01007
7	0.01535	0.15186	0.14020	0.15187	0.11208	0.01697	0.08247	0.01991	0.01574	0.02132	0.05000	0.02247	0.06904	0.00787	0.00682	0.00206	0.00838	0.00683	0.00390	0.09486
8	0.01655	0.07701	0.15935	0.07452	0.07915	0.01819	0.01723	0.09414	0.06052	0.02372	0.01785	0.06161	0.01632	0.01080	0.01106	0.00258	0.16794	0.07755	0.00450	0.00941
9	0.01544	0.06316	0.18575	0.09398	0.02249	0.04277	0.01427	0.01937	0.01504	0.07608	0.04971	0.06141	0.01827	0.12054	0.06651	0.00355	0.00892	0.00751	0.00445	0.11079
10	0.01510	0.01689	0.09612	0.11464	0.28619	0.05968	0.01733	0.01893	0.01520	0.02062	0.01834	0.12652	0.01774	0.04724	0.09417	0.00367	0.00988	0.00866	0.00404	0.00905
11	0.14096	0.02400	0.30813	0.15505	0.02974	0.01617	0.01915	0.07455	0.01700	0.12661	0.01523	0.01714	0.01064	0.00740	0.00669	0.00230	0.00884	0.00574	0.00453	0.01014
12	0.00996	0.00726	0.00910	0.00890	0.01038	0.00669	0.00641	0.01259	0.01828	0.02521	0.47570	0.12841	0.13863	0.09623	0.01177	0.00290	0.00394	0.01393	0.00732	0.00640
13	0.01784	0.10543	0.02324	0.05959	0.04075	0.09185	0.09814	0.05473	0.01691	0.02303	0.01288	0.01550	0.01051	0.00613	0.00611	0.00157	0.00791	0.00516	0.00409	0.39862
14	0.00886	0.00633	0.00843	0.01012	0.01054	0.00590	0.00675	0.01012	0.01392	0.01856	0.04006	0.73979	0.04808	0.02277	0.00928	0.00295	0.00422	0.02066	0.00675	0.00590
15	0.01057	0.00705	0.00793	0.00793	0.00793	0.00705	0.00440	0.01057	0.01057	0.01409	0.02290	0.04757	0.02643	0.74454	0.03700	0.00705	0.00705	0.01057	0.00440	0.00440
16	0.10104	0.55958	0.06031	0.01258	0.01831	0.02470	0.01248	0.02104	0.01475	0.01951	0.01335	0.01955	0.01274	0.00783	0.00533	0.00186	0.00755	0.07491	0.00365	0.00894
17	0.01532	0.01893	0.12025	0.10966	0.06825	0.12847	0.08625	0.01880	0.01542	0.01936	0.04566	0.05978	0.05334	0.17566	0.03125	0.00358	0.00947	0.00853	0.00416	0.00784
18	0.01731	0.31859	0.11501	0.04323	0.07099	0.09642	0.01430	0.02144	0.04604	0.02031	0.07355	0.05555	0.06173	0.00896	0.00637	0.00199	0.00800	0.00695	0.00422	0.00905

[dist]
# distance from previous block
# <min> <max>
0	2

[block]
# block no. 2 follows, 28 sequences, length 6
# corresponding to MSA columns:
# 1226-1231
name=unknown_C
#
# <colnr> <probs for GDERKNQSTAVLIFYWHMCP>
#	G	D	E	R	K	N	Q	S	T	A	V	L	I	F	Y	W	H	M	C	P
0	0.12852	0.03956	0.11022	0.12142	0.14605	0.01432	0.01519	0.02315	0.01604	0.17737	0.04959	0.02285	0.01597	0.07822	0.00965	0.00270	0.00766	0.00679	0.00510	0.00963
1	0.01535	0.01229	0.01665	0.05981	0.08567	0.05238	0.04391	0.01924	0.05123	0.08089	0.02310	0.02821	0.06737	0.04879	0.28127	0.00605	0.04662	0.00795	0.04506	0.00815
2	0.32481	0.01511	0.05532	0.17142	0.02427	0.01583	0.01278	0.08208	0.01523	0.02724	0.01277	0.01635	0.01013	0.01192	0.07701	0.00315	0.03677	0.00534	0.00427	0.07819
3	0.01581	0.01399	0.02132	0.24847	0.17766	0.01520	0.05121	0.09942	0.05840	0.02502	0.08196	0.07014	0.07065	0.00983	0.00767	0.00236	0.00781	0.00883	0.00498	0.00926
4	0.01970	0.13234	0.02893	0.11556	0.16054	0.02000	0.13557	0.20429	0.02106	0.02791	0.01754	0.02016	0.04845	0.00776	0.00716	0.00217	0.00885	0.00695	0.00469	0.01036
5	0.01426	0.08799	0.08618	0.16409	0.18294	0.01497	0.01565	0.01945	0.06654	0.02165	0.05685	0.03269	0.18714	0.01026	0.00735	0.00227	0.00728	0.00875	0.00469	0.00898

[dist]
# distance from previous block
# <min> <max>
13	26

[block]
# block no. 3 follows, 28 sequences, length 8
# corresponding to MSA columns:
# 1260-1267
name=unknown_D
#
# <colnr> <probs for GDERKNQSTAVLIFYWHMCP>
#	G	D	E	R	K	N	Q	S	T	A	V	L	I	F	Y	W	H	M	C	P
0	0.02124	0.02006	0.13722	0.01975	0.07788	0.01705	0.08719	0.18202	0.13431	0.12650	0.01963	0.02042	0.01426	0.01002	0.03827	0.00265	0.00871	0.00690	0.00585	0.05010
1	0.01939	0.10524	0.29294	0.01834	0.02550	0.01901	0.05859	0.13374	0.01856	0.09059	0.01461	0.01651	0.01082	0.00797	0.00896	0.00226	0.10160	0.00587	0.00446	0.04504
2	0.07653	0.20045	0.36123	0.01685	0.02493	0.02001	0.01916	0.07511	0.07509	0.04552	0.01439	0.01568	0.01078	0.00719	0.00628	0.00212	0.00887	0.00531	0.00407	0.01043
3	0.08604	0.01788	0.04704	0.01826	0.09316	0.01871	0.01361	0.32832	0.16330	0.03561	0.02094	0.08790	0.01722	0.00982	0.00724	0.00232	0.00715	0.00797	0.00645	0.01104
4	0.02099	0.11563	0.18225	0.01577	0.02196	0.05120	0.01529	0.19676	0.10913	0.09386	0.05237	0.02134	0.01646	0.04512	0.00839	0.00241	0.00811	0.00667	0.00566	0.01062
5	0.02105	0.07658	0.07701	0.01458	0.01925	0.08647	0.01273	0.18496	0.04703	0.12635	0.05188	0.02558	0.07976	0.01527	0.09451	0.00337	0.04045	0.00747	0.00588	0.00983
6	0.01823	0.09376	0.10295	0.01381	0.01812	0.01638	0.01215	0.26563	0.02107	0.02830	0.02042	0.12100	0.01967	0.16402	0.04914	0.00372	0.00819	0.00892	0.00548	0.00903
7	0.08465	0.05306	0.45291	0.07495	0.02859	0.01693	0.02177	0.02212	0.01474	0.05235	0.01341	0.01632	0.00997	0.00972	0.04208	0.00280	0.06467	0.00556	0.00352	0.00988

[dist]
# distance from previous block
# <min> <max>
6	13

[block]
# block no. 4 follows, 28 sequences, length 15
# corresponding to MSA columns:
# 1281-1295
name=unknown_E
#
# <colnr> <probs for GDERKNQSTAVLIFYWHMCP>
#	G	D	E	R	K	N	Q	S	T	A	V	L	I	F	Y	W	H	M	C	P
0	0.11794	0.08233	0.29880	0.01595	0.02309	0.01678	0.01714	0.08516	0.07632	0.11814	0.01830	0.06772	0.01438	0.00865	0.00672	0.00228	0.00809	0.00676	0.00508	0.01036
1	0.01819	0.20338	0.08442	0.01353	0.01842	0.01770	0.01239	0.15493	0.07548	0.06064	0.06243	0.09171	0.08408	0.01138	0.00717	0.00225	0.00684	0.05977	0.00582	0.00948
2	0.02225	0.10309	0.10700	0.01470	0.01981	0.09245	0.03387	0.10574	0.01915	0.20873	0.04487	0.02391	0.01701	0.10437	0.04851	0.00325	0.00885	0.00699	0.00571	0.00976
3	0.05621	0.08976	0.35508	0.01615	0.02344	0.06453	0.01799	0.04687	0.01653	0.08526	0.02119	0.02360	0.08375	0.05865	0.00885	0.00253	0.00887	0.00675	0.00438	0.00961
4	0.01409	0.17454	0.22326	0.01347	0.01906	0.01482	0.01380	0.01780	0.01410	0.01958	0.01830	0.13076	0.01851	0.14214	0.01199	0.00291	0.00761	0.00816	0.00407	0.13104
5	0.01647	0.22546	0.08003	0.01254	0.01643	0.04644	0.01125	0.01908	0.01407	0.08960	0.01736	0.02445	0.01574	0.13818	0.23644	0.00579	0.01170	0.00670	0.00421	0.00805
6	0.01852	0.24065	0.05362	0.01391	0.06362	0.01552	0.01107	0.02093	0.01585	0.17170	0.02622	0.13862	0.07898	0.08789	0.00999	0.00266	0.00663	0.00924	0.00548	0.00890
7	0.01968	0.20493	0.26447	0.01615	0.02288	0.12606	0.01691	0.02405	0.01664	0.11711	0.01712	0.09186	0.01461	0.00880	0.00661	0.00211	0.00904	0.00679	0.00441	0.00976
8	0.01682	0.28154	0.22444	0.01435	0.02041	0.01779	0.01509	0.02073	0.01537	0.09169	0.02024	0.19197	0.01967	0.01076	0.00673	0.00219	0.00761	0.00878	0.00461	0.00923
9	0.01233	0.01087	0.04316	0.01093	0.01238	0.06922	0.00828	0.01307	0.01255	0.01610	0.02453	0.08249	0.09073	0.15951	0.20379	0.20073	0.01027	0.00924	0.00425	0.00558
10	0.06066	0.09545	0.19292	0.07005	0.02196	0.04903	0.01451	0.02198	0.01566	0.15879	0.02095	0.08454	0.04174	0.06177	0.01031	0.05014	0.00791	0.00771	0.00496	0.00895
11	0.01458	0.08859	0.35771	0.15948	0.06425	0.01658	0.02081	0.02147	0.05182	0.02206	0.04996	0.06918	0.01584	0.00857	0.00707	0.00231	0.00908	0.00713	0.00387	0.00964
12	0.09311	0.01143	0.08348	0.10674	0.01830	0.00955	0.01061	0.01383	0.01432	0.02065	0.03472	0.40549	0.11711	0.01679	0.00817	0.00268	0.00571	0.01472	0.00565	0.00694
13	0.05207	0.15658	0.03846	0.02847	0.13735	0.02007	0.41652	0.02276	0.01640	0.02260	0.01347	0.01751	0.01065	0.00623	0.00744	0.00223	0.01055	0.00716	0.00359	0.00990
14	0.01630	0.01537	0.02058	0.18760	0.07355	0.08968	0.08306	0.10002	0.01764	0.02279	0.03977	0.13268	0.01922	0.01664	0.10601	0.00370	0.03317	0.00910	0.00465	0.00847

[dist]
# distance from previous block
# <min> <max>
4	38

[block]
# block no. 5 follows, 28 sequences, length 44
# corresponding to MSA columns:
# 1334-1377
name=unknown_F
#
# <colnr> <probs for GDERKNQSTAVLIFYWHMCP>
#	G	D	E	R	K	N	Q	S	T	A	V	L	I	F	Y	W	H	M	C	P
0	0.06296	0.08822	0.09062	0.06801	0.11433	0.05236	0.06506	0.13390	0.01964	0.15650	0.01630	0.01781	0.01190	0.00769	0.00759	0.00218	0.04064	0.00616	0.00519	0.03294
1	0.02014	0.01833	0.15495	0.01798	0.09965	0.01435	0.01470	0.08440	0.13785	0.18472	0.04851	0.02735	0.05184	0.08042	0.01022	0.00276	0.00733	0.00784	0.00615	0.01051
2	0.01498	0.01715	0.17963	0.01312	0.01728	0.04556	0.01223	0.01892	0.04395	0.08425	0.02095	0.08248	0.01998	0.24157	0.09426	0.00474	0.00913	0.00859	0.00473	0.06649
3	0.09270	0.00910	0.01250	0.11502	0.01821	0.01011	0.01017	0.01523	0.01384	0.05062	0.06486	0.17331	0.02626	0.03004	0.28466	0.00616	0.01129	0.04383	0.00506	0.00704
4	0.02245	0.46960	0.03125	0.01490	0.02015	0.29725	0.01307	0.02461	0.01705	0.01737	0.01055	0.01223	0.00934	0.00672	0.00540	0.00168	0.00986	0.00420	0.00336	0.00898
5	0.01382	0.00984	0.01207	0.01000	0.01322	0.00847	0.00728	0.01516	0.01296	0.04908	0.01690	0.02660	0.01630	0.21235	0.08627	0.12001	0.00737	0.00676	0.00433	0.35120
6	0.01358	0.09736	0.06885	0.06270	0.07446	0.01236	0.01370	0.01658	0.01535	0.02014	0.02640	0.05212	0.02743	0.01616	0.01102	0.09913	0.00743	0.35277	0.00509	0.00736
7	0.01523	0.11388	0.01752	0.01615	0.11415	0.01307	0.01081	0.09367	0.01737	0.04895	0.02883	0.31894	0.05275	0.01457	0.00770	0.00242	0.00589	0.03540	0.06439	0.00831
8	0.01551	0.01171	0.01829	0.22361	0.16224	0.01250	0.01460	0.01898	0.01647	0.10536	0.13286	0.15875	0.02792	0.01165	0.00847	0.00245	0.03417	0.01030	0.00545	0.00869
9	0.01518	0.01244	0.01533	0.09549	0.02041	0.01127	0.01037	0.09718	0.01719	0.02477	0.01943	0.15320	0.01888	0.00977	0.00673	0.00180	0.00604	0.03063	0.00508	0.42880
10	0.01373	0.01292	0.02180	0.72707	0.05006	0.01615	0.02019	0.01857	0.01453	0.01857	0.01292	0.01938	0.00969	0.00727	0.00727	0.00242	0.00969	0.00646	0.00323	0.00807
11	0.01534	0.01080	0.01635	0.01454	0.01725	0.01086	0.09096	0.01958	0.06487	0.12339	0.13389	0.20725	0.03633	0.01527	0.00990	0.00274	0.06058	0.13523	0.00667	0.00819
12	0.01263	0.00631	0.00947	0.00947	0.00947	0.00631	0.00631	0.00947	0.00947	0.01263	0.01263	0.02210	0.01263	0.02525	0.02841	0.78851	0.00631	0.00631	0.00316	0.00316
13	0.01572	0.13425	0.33922	0.15961	0.03056	0.07042	0.02050	0.02123	0.01520	0.02030	0.01423	0.06739	0.01213	0.00832	0.00754	0.00227	0.04185	0.00646	0.00343	0.00936
14	0.07975	0.01454	0.01579	0.01304	0.01680	0.01563	0.01008	0.31825	0.05604	0.09798	0.02150	0.07433	0.01904	0.19744	0.01480	0.00350	0.00704	0.00848	0.00647	0.00952
15	0.01939	0.01903	0.15432	0.01477	0.02017	0.01551	0.01391	0.28906	0.02515	0.06811	0.24688	0.02988	0.03107	0.01045	0.00764	0.00224	0.00691	0.00859	0.00676	0.01017
16	0.01030	0.00693	0.00801	0.00828	0.00835	0.00686	0.00478	0.01050	0.01111	0.01481	0.02566	0.15859	0.02990	0.62878	0.03255	0.00639	0.00659	0.01219	0.00478	0.00465
17	0.01253	0.01071	0.01090	0.01067	0.01161	0.09463	0.00735	0.01374	0.01222	0.01559	0.02018	0.03618	0.02123	0.39425	0.28897	0.00816	0.01247	0.00880	0.00413	0.00568
18	0.00880	0.00737	0.00765	0.00758	0.00995	0.00622	0.00569	0.01083	0.01706	0.02080	0.14984	0.06804	0.61932	0.01797	0.00859	0.00243	0.00365	0.01507	0.00690	0.00622
19	0.02318	0.02148	0.02278	0.02288	0.15691	0.15443	0.01569	0.27627	0.07365	0.03071	0.01526	0.01722	0.01194	0.00871	0.00955	0.00229	0.11477	0.00627	0.00527	0.01073
20	0.02111	0.01535	0.01757	0.01487	0.01902	0.01696	0.01215	0.34344	0.11916	0.06414	0.02265	0.02927	0.01877	0.01944	0.14915	0.00427	0.00973	0.08596	0.00662	0.01037
21	0.01433	0.01045	0.01134	0.01059	0.01295	0.04372	0.00809	0.07902	0.01844	0.07461	0.16754	0.05309	0.19765	0.15551	0.01394	0.00337	0.00580	0.10575	0.00660	0.00721
22	0.01695	0.01720	0.11976	0.01747	0.02006	0.01738	0.01606	0.02003	0.01401	0.10329	0.01797	0.02962	0.01674	0.01283	0.01669	0.00297	0.39751	0.13024	0.00455	0.00866
23	0.02715	0.03464	0.02060	0.01873	0.02247	0.71536	0.01404	0.02903	0.02060	0.01779	0.01124	0.01311	0.00936	0.00749	0.00655	0.00187	0.01311	0.00468	0.00375	0.00843
24	0.00944	0.00674	0.00910	0.01078	0.01146	0.00640	0.00775	0.01112	0.01449	0.01920	0.03974	0.60639	0.04681	0.02223	0.00943	0.00303	0.00472	0.14835	0.00674	0.00606
25	0.01458	0.03760	0.70688	0.02072	0.03146	0.01688	0.02686	0.02302	0.01535	0.02302	0.01304	0.01535	0.00921	0.00691	0.00691	0.00230	0.01074	0.00537	0.00307	0.01074
26	0.02310	0.02648	0.01824	0.01649	0.02002	0.45507	0.01247	0.07594	0.10372	0.02289	0.09925	0.05609	0.02035	0.00953	0.00709	0.00207	0.01019	0.00709	0.00513	0.00879
27	0.01616	0.01792	0.10563	0.05353	0.15321	0.06107	0.10240	0.02280	0.10415	0.04763	0.17512	0.02990	0.05940	0.00962	0.00772	0.00229	0.00783	0.00872	0.00537	0.00953
28	0.01474	0.07943	0.16088	0.01861	0.10426	0.01404	0.06953	0.01975	0.04525	0.02232	0.02137	0.11598	0.06186	0.00934	0.00694	0.00202	0.00740	0.00820	0.00444	0.21364
29	0.01711	0.01946	0.04208	0.03019	0.03725	0.01853	0.64709	0.02306	0.01692	0.02306	0.01450	0.01946	0.01097	0.00639	0.00918	0.00248	0.04039	0.00849	0.00366	0.00973
30	0.01923	0.04588	0.06437	0.10237	0.18825	0.15374	0.01648	0.12601	0.01887	0.02393	0.01467	0.01875	0.01209	0.01639	0.14333	0.00396	0.01171	0.00623	0.00418	0.00957
31	0.01363	0.01265	0.01144	0.01127	0.01239	0.14889	0.00776	0.01479	0.01326	0.01606	0.02184	0.12089	0.02366	0.34064	0.19298	0.00664	0.01094	0.00995	0.00444	0.00590
32	0.01057	0.00705	0.00793	0.00793	0.00793	0.00705	0.00440	0.01057	0.01057	0.01409	0.02290	0.04757	0.02643	0.74454	0.03700	0.00705	0.00705	0.01057	0.00440	0.00440
33	0.01038	0.00779	0.01168	0.01168	0.01298	0.00909	0.00909	0.01298	0.01168	0.01687	0.01947	0.02856	0.01817	0.05452	0.71573	0.01168	0.01947	0.00779	0.00389	0.00649
34	0.01518	0.01082	0.01255	0.01134	0.01395	0.01136	0.00872	0.16980	0.07121	0.03019	0.23102	0.14872	0.03749	0.01637	0.06091	0.00300	0.00600	0.01111	0.12196	0.00830
35	0.00908	0.00733	0.00778	0.00770	0.00974	0.00635	0.00558	0.01093	0.01642	0.02036	0.15905	0.06490	0.52164	0.10688	0.01207	0.00299	0.00406	0.01443	0.00665	0.00603
36	0.01916	0.02219	0.17268	0.09365	0.10475	0.04943	0.01763	0.15789	0.23067	0.02929	0.01912	0.02010	0.01425	0.00821	0.00719	0.00231	0.00837	0.00671	0.00538	0.01102
37	0.01035	0.00717	0.00836	0.00821	0.00884	0.00693	0.00514	0.01139	0.01366	0.01848	0.20410	0.05103	0.08787	0.49751	0.02737	0.00545	0.00584	0.01161	0.00553	0.00518
38	0.65156	0.01485	0.01527	0.01491	0.08685	0.01658	0.06393	0.02162	0.01320	0.03093	0.01086	0.01309	0.00851	0.00667	0.00511	0.00226	0.00648	0.00458	0.00434	0.00841
39	0.01799	0.01942	0.02190	0.07221	0.02209	0.16025	0.01585	0.01988	0.01328	0.01763	0.01013	0.01561	0.00952	0.01127	0.01915	0.00286	0.53357	0.00603	0.00330	0.00806
40	0.01100	0.00899	0.00996	0.00942	0.01156	0.03421	0.00709	0.01510	0.06413	0.02629	0.46080	0.05505	0.22886	0.01518	0.00842	0.00233	0.00402	0.01307	0.00747	0.00704
41	0.02520	0.02930	0.02181	0.02235	0.13171	0.49708	0.01511	0.10657	0.02149	0.02224	0.01418	0.01606	0.02975	0.00779	0.00680	0.00197	0.01149	0.00551	0.00424	0.00934
42	0.01659	0.02095	0.15573	0.09046	0.18391	0.06181	0.09814	0.02149	0.01604	0.02265	0.01322	0.01663	0.01048	0.00634	0.00674	0.00191	0.00893	0.00576	0.00369	0.23853
43	0.01780	0.01920	0.11990	0.12401	0.10441	0.06846	0.01613	0.17773	0.02030	0.02702	0.06473	0.09051	0.04431	0.01178	0.03347	0.00268	0.03461	0.00837	0.00508	0.00951

[dist]
# distance from previous block
# <min> <max>
0	28

[block]
# block no. 6 follows, 28 sequences, length 67
# corresponding to MSA columns:
# 1406-1472
name=unknown_G
#
# <colnr> <probs for GDERKNQSTAVLIFYWHMCP>
#	G	D	E	R	K	N	Q	S	T	A	V	L	I	F	Y	W	H	M	C	P
0	0.06986	0.01659	0.04512	0.09601	0.15222	0.03795	0.06105	0.08162	0.07102	0.15191	0.01758	0.01908	0.01291	0.00736	0.00686	0.00208	0.00779	0.00633	0.00533	0.13130
1	0.01853	0.01292	0.01410	0.04815	0.01701	0.05607	0.00969	0.10044	0.11307	0.15112	0.11626	0.07322	0.12612	0.09714	0.01116	0.00288	0.00624	0.01013	0.00684	0.00891
2	0.01571	0.01330	0.01541	0.01107	0.01750	0.01034	0.00888	0.05156	0.01604	0.02481	0.01315	0.01519	0.01085	0.00555	0.00548	0.00113	0.00552	0.00442	0.00446	0.74964
3	0.00896	0.00684	0.00828	0.00937	0.01060	0.00616	0.00666	0.01058	0.01506	0.01917	0.05193	0.45446	0.27889	0.02103	0.00909	0.00280	0.00420	0.06314	0.00674	0.00604
4	0.10614	0.00984	0.01069	0.00976	0.01202	0.00992	0.00708	0.05597	0.05579	0.02399	0.17112	0.04229	0.07999	0.26711	0.01765	0.00391	0.00569	0.03797	0.00581	0.06725
5	0.00900	0.00728	0.00799	0.00802	0.01012	0.00628	0.00594	0.01114	0.01722	0.02168	0.21040	0.12899	0.49447	0.01802	0.00865	0.00246	0.00368	0.01534	0.00703	0.00628
6	0.01220	0.00647	0.00905	0.00905	0.00945	0.00632	0.00614	0.01006	0.01068	0.01438	0.02062	0.02813	0.09473	0.02338	0.02457	0.64488	0.00581	0.00742	0.05293	0.00374
7	0.01897	0.01614	0.01981	0.09411	0.14422	0.05823	0.01351	0.11767	0.01875	0.06074	0.01442	0.01677	0.01130	0.00659	0.00636	0.00169	0.00734	0.00543	0.00471	0.36325
8	0.01627	0.01759	0.11601	0.16732	0.27005	0.01561	0.01844	0.09746	0.01735	0.02396	0.01746	0.09871	0.01605	0.06474	0.00967	0.00269	0.00846	0.00819	0.00430	0.00967
9	0.01550	0.01444	0.02418	0.16920	0.44891	0.01498	0.01906	0.01937	0.01568	0.02181	0.01835	0.15011	0.01784	0.00961	0.00759	0.00235	0.00803	0.00907	0.00410	0.00983
10	0.01438	0.01719	0.11364	0.11949	0.12986	0.05718	0.04963	0.01842	0.01648	0.02217	0.14778	0.03179	0.12283	0.01076	0.00965	0.00240	0.09422	0.00886	0.00472	0.00856
11	0.00975	0.00679	0.00853	0.00946	0.00989	0.00654	0.00621	0.01082	0.01328	0.01777	0.07407	0.40205	0.04100	0.28691	0.01945	0.00444	0.00536	0.05624	0.00596	0.00546
12	0.01558	0.01398	0.05905	0.01674	0.09780	0.01357	0.01199	0.11103	0.17400	0.02644	0.05959	0.15848	0.02561	0.06166	0.08351	0.00367	0.00773	0.01019	0.04024	0.00913
13	0.00878	0.00691	0.00794	0.00867	0.01019	0.00607	0.00613	0.01044	0.01557	0.01958	0.08609	0.36697	0.38054	0.02019	0.00890	0.00267	0.00391	0.01761	0.00680	0.00607
14	0.02023	0.01597	0.01784	0.01321	0.01941	0.01497	0.01075	0.28784	0.02291	0.03277	0.01478	0.01605	0.01142	0.00676	0.00616	0.00153	0.00646	0.00523	0.00552	0.47019
15	0.01038	0.00779	0.01168	0.01168	0.01298	0.00909	0.00909	0.01298	0.01168	0.01687	0.01947	0.02856	0.01817	0.05452	0.71573	0.01168	0.01947	0.00779	0.00389	0.00649
16	0.25194	0.02341	0.15516	0.01885	0.10247	0.12888	0.01554	0.13735	0.01900	0.06429	0.01354	0.01511	0.01011	0.00733	0.00625	0.00218	0.00864	0.00527	0.00470	0.00998
17	0.01650	0.23766	0.21116	0.02063	0.02785	0.01985	0.23067	0.02179	0.01593	0.02121	0.01576	0.02361	0.01374	0.00803	0.00716	0.00226	0.00988	0.08307	0.00371	0.00954
18	0.00902	0.00639	0.00839	0.00992	0.01030	0.00601	0.00653	0.01016	0.01360	0.01814	0.03846	0.67514	0.04605	0.09018	0.01187	0.00333	0.00448	0.01972	0.00653	0.00576
19	0.01767	0.05431	0.14907	0.03258	0.33932	0.06146	0.11712	0.02244	0.01601	0.02221	0.01296	0.01696	0.01060	0.00723	0.00901	0.00229	0.08849	0.00636	0.00346	0.01045
20	0.02251	0.07133	0.02167	0.02055	0.10301	0.38145	0.01471	0.07389	0.01954	0.02116	0.01586	0.02437	0.01469	0.00962	0.00829	0.00222	0.06088	0.10102	0.00435	0.00887
21	0.01050	0.00733	0.00936	0.00936	0.00985	0.00782	0.00619	0.01149	0.01099	0.01515	0.02160	0.04033	0.02328	0.48179	0.29545	0.00881	0.01178	0.00951	0.00421	0.00520
22	0.01530	0.01629	0.13537	0.03863	0.04975	0.01284	0.07751	0.11929	0.01908	0.02730	0.12892	0.03174	0.08628	0.05628	0.00913	0.00249	0.00694	0.00869	0.14950	0.00868
23	0.00953	0.00740	0.00866	0.00834	0.01039	0.00653	0.00626	0.01224	0.01878	0.02488	0.41603	0.06133	0.35058	0.01645	0.00858	0.00236	0.00354	0.01413	0.00744	0.00653
24	0.01885	0.02015	0.15935	0.14270	0.13365	0.01733	0.01798	0.10311	0.20378	0.07982	0.01943	0.02068	0.01429	0.00809	0.00722	0.00233	0.00818	0.00681	0.00532	0.01093
25	0.00991	0.00836	0.00870	0.00845	0.01102	0.00764	0.00638	0.01416	0.09704	0.02196	0.13610	0.06313	0.54730	0.01700	0.00845	0.00244	0.00390	0.01425	0.00696	0.00686
26	0.01582	0.14599	0.50200	0.02252	0.10719	0.01884	0.04505	0.02275	0.01546	0.02219	0.01271	0.01522	0.00955	0.00672	0.00664	0.00217	0.01008	0.00537	0.00316	0.01058
27	0.01139	0.00894	0.01406	0.01422	0.01612	0.00867	0.08214	0.01438	0.01588	0.02090	0.03640	0.28524	0.04047	0.01942	0.00964	0.00312	0.00651	0.37933	0.00638	0.00678
28	0.01263	0.00631	0.00947	0.00947	0.00947	0.00631	0.00631	0.00947	0.00947	0.01263	0.01263	0.02210	0.01263	0.02525	0.02841	0.78851	0.00631	0.00631	0.00316	0.00316
29	0.01847	0.01561	0.02286	0.02923	0.36456	0.01616	0.03190	0.12952	0.08951	0.02883	0.05938	0.02238	0.01725	0.00798	0.00706	0.00215	0.00728	0.00717	0.11201	0.01067
30	0.01475	0.01110	0.01371	0.01529	0.12051	0.01071	0.00991	0.02069	0.14547	0.10418	0.05043	0.04820	0.37872	0.01378	0.00799	0.00239	0.00515	0.01163	0.00665	0.00875
31	0.07651	0.01879	0.02437	0.06136	0.18795	0.07269	0.06271	0.19185	0.01987	0.02798	0.01332	0.01675	0.01074	0.00859	0.01084	0.00241	0.17231	0.00630	0.00452	0.01013
32	0.12390	0.09689	0.07364	0.22139	0.12651	0.06019	0.01628	0.02262	0.06902	0.04715	0.01600	0.04534	0.01340	0.00822	0.00670	0.00227	0.00832	0.02869	0.00425	0.00921
33	0.01079	0.00782	0.00929	0.00986	0.01058	0.00794	0.00649	0.01390	0.09293	0.01817	0.03141	0.33486	0.03549	0.33029	0.02095	0.00466	0.00570	0.03709	0.00582	0.00596
34	0.01883	0.01568	0.01906	0.11535	0.02438	0.01762	0.04713	0.18966	0.31456	0.03102	0.02665	0.02919	0.05887	0.01016	0.00764	0.00244	0.00713	0.04759	0.00651	0.01053
35	0.00994	0.00694	0.00795	0.00831	0.00874	0.00668	0.00505	0.01046	0.01211	0.01580	0.03358	0.19483	0.12477	0.49254	0.02725	0.00555	0.00599	0.01334	0.00522	0.00496
36	0.02715	0.03464	0.02060	0.01873	0.02247	0.71536	0.01404	0.02903	0.02060	0.01779	0.01124	0.01311	0.00936	0.00749	0.00655	0.00187	0.01311	0.00468	0.00375	0.00843
37	0.01936	0.04653	0.22067	0.01926	0.02624	0.01922	0.11477	0.18980	0.21082	0.03065	0.01900	0.01973	0.01396	0.00806	0.00732	0.00232	0.00877	0.00690	0.00544	0.01118
38	0.01012	0.00776	0.01116	0.01445	0.09314	0.00741	0.00891	0.01188	0.01441	0.01937	0.03681	0.61295	0.04332	0.02066	0.00908	0.00288	0.00490	0.05779	0.00637	0.00662
39	0.01160	0.00966	0.01397	0.01336	0.01423	0.01203	0.01053	0.01378	0.01180	0.01723	0.01936	0.10794	0.01947	0.04031	0.45958	0.00853	0.19685	0.00892	0.00405	0.00679
40	0.03236	0.01278	0.01712	0.01313	0.01876	0.01130	0.01085	0.06848	0.02150	0.67020	0.02810	0.02436	0.01770	0.00898	0.00731	0.00225	0.00628	0.00727	0.00891	0.01237
41	0.02378	0.01898	0.02287	0.01786	0.02340	0.02083	0.09196	0.42391	0.20952	0.03893	0.02043	0.02034	0.01488	0.00872	0.00746	0.00229	0.00790	0.00724	0.00688	0.01182
42	0.01979	0.01539	0.02689	0.06490	0.02734	0.01497	0.27888	0.11258	0.02072	0.15315	0.16064	0.02754	0.02451	0.00892	0.00808	0.00234	0.00853	0.00889	0.00603	0.00990
43	0.01585	0.01423	0.02107	0.16707	0.18348	0.01538	0.06142	0.05209	0.17698	0.02463	0.06227	0.02941	0.06065	0.05569	0.00948	0.00267	0.00763	0.02528	0.00518	0.00955
44	0.01133	0.09685	0.01467	0.01458	0.10714	0.01027	0.00932	0.01328	0.01498	0.01935	0.04037	0.40163	0.18421	0.01755	0.00828	0.00256	0.00514	0.01549	0.00588	0.00715
45	0.01814	0.01625	0.01627	0.01468	0.01862	0.05901	0.01137	0.03652	0.60531	0.02958	0.06954	0.02796	0.02428	0.01003	0.00742	0.00242	0.00605	0.00831	0.00722	0.01104
46	0.00945	0.00658	0.00826	0.00936	0.00963	0.00630	0.00593	0.01028	0.01275	0.01700	0.03409	0.49869	0.04054	0.27416	0.01893	0.00438	0.00520	0.01715	0.00593	0.00538
47	0.01725	0.01959	0.11173	0.03271	0.32855	0.01690	0.20221	0.06181	0.01710	0.02399	0.01498	0.02086	0.01255	0.07550	0.01034	0.00272	0.00971	0.00732	0.00386	0.01033
48	0.01668	0.29761	0.38101	0.01885	0.02752	0.02144	0.09876	0.02259	0.01535	0.02087	0.01216	0.01450	0.00947	0.00656	0.00628	0.00204	0.00983	0.00521	0.00316	0.01011
49	0.00904	0.00726	0.00807	0.00813	0.01016	0.00629	0.00600	0.01120	0.01723	0.02184	0.22203	0.14619	0.46490	0.01806	0.00867	0.00247	0.00368	0.01544	0.00706	0.00629
50	0.01001	0.00821	0.00895	0.00892	0.01116	0.00764	0.00662	0.01424	0.09679	0.02216	0.15437	0.16206	0.42751	0.01752	0.00855	0.00251	0.00397	0.01496	0.00701	0.00685
51	0.01776	0.29761	0.35421	0.01712	0.02514	0.08656	0.01941	0.02408	0.05698	0.02081	0.01281	0.01451	0.01007	0.00689	0.00608	0.00200	0.00956	0.00494	0.00341	0.01005
52	0.02088	0.02117	0.01827	0.11562	0.02380	0.26869	0.01347	0.15838	0.06232	0.02495	0.02034	0.12404	0.01912	0.01112	0.00754	0.00233	0.00930	0.06445	0.00531	0.00888
53	0.01813	0.28378	0.23335	0.02431	0.21238	0.06983	0.01959	0.02280	0.01584	0.02076	0.01205	0.01462	0.00990	0.00658	0.00617	0.00197	0.00927	0.00511	0.00328	0.01030
54	0.01890	0.01559	0.01863	0.01392	0.01991	0.01461	0.04387	0.20240	0.06767	0.03013	0.01536	0.01683	0.01200	0.00685	0.00668	0.00160	0.02503	0.00547	0.00529	0.45925
55	0.02017	0.12881	0.25150	0.01789	0.02432	0.19756	0.01789	0.08679	0.09828	0.02355	0.01435	0.01591	0.01113	0.00784	0.00765	0.00215	0.05451	0.00550	0.00416	0.01003
56	0.01395	0.01097	0.01288	0.09651	0.01722	0.01213	0.00908	0.05922	0.20718	0.02169	0.02613	0.08098	0.04671	0.33068	0.02043	0.00447	0.00675	0.00996	0.00552	0.00752
57	0.02100	0.02366	0.10588	0.01969	0.02522	0.16427	0.13663	0.16174	0.16003	0.02781	0.01743	0.01905	0.01327	0.00980	0.03348	0.00262	0.03618	0.00678	0.00513	0.01033
58	0.00932	0.00714	0.00861	0.00918	0.01076	0.00642	0.00677	0.01145	0.01657	0.02148	0.18988	0.28257	0.29577	0.01922	0.00894	0.00266	0.00408	0.07589	0.00701	0.00627
59	0.01524	0.01127	0.01287	0.01216	0.01502	0.01182	0.00933	0.08330	0.22647	0.06909	0.07764	0.22383	0.12571	0.01530	0.00830	0.00260	0.00523	0.05881	0.00721	0.00881
60	0.00911	0.00643	0.00836	0.00980	0.01015	0.00607	0.00640	0.01019	0.01342	0.01789	0.03751	0.63695	0.04486	0.13000	0.01340	0.00356	0.00464	0.01917	0.00640	0.00568
61	0.02049	0.06799	0.02556	0.06598	0.34926	0.21711	0.01793	0.02595	0.09753	0.02217	0.01462	0.01736	0.01195	0.00719	0.00688	0.00209	0.00957	0.00601	0.00404	0.01032
62	0.01381	0.01225	0.01965	0.29144	0.17204	0.01383	0.01699	0.01764	0.01527	0.02042	0.02191	0.09819	0.02181	0.01213	0.00917	0.00270	0.05234	0.17566	0.00452	0.00824
63	0.01663	0.01630	0.02461	0.06058	0.25073	0.05266	0.09488	0.02186	0.07768	0.02187	0.01524	0.01980	0.01282	0.01431	0.10701	0.00361	0.11977	0.00682	0.00397	0.05884
64	0.00964	0.00771	0.00992	0.09465	0.01508	0.00741	0.00794	0.01199	0.01631	0.02115	0.18511	0.27443	0.27663	0.01773	0.00865	0.00257	0.00452	0.01552	0.00659	0.00644
65	0.05666	0.01784	0.15250	0.01285	0.01999	0.01154	0.01236	0.02070	0.01542	0.07565	0.01400	0.01569	0.01086	0.00603	0.00579	0.00147	0.00652	0.00473	0.00443	0.53498
66	0.16521	0.06567	0.07163	0.02469	0.24111	0.07772	0.03924	0.10230	0.01855	0.10602	0.01477	0.01662	0.01119	0.00718	0.00653	0.00215	0.00832	0.00579	0.00478	0.01052

[dist]
# distance from previous block
# <min> <max>
0	25

[block]
# block no. 7 follows, 28 sequences, length 55
# corresponding to MSA columns:
# 1498-1552
name=unknown_H
#
# <colnr> <probs for GDERKNQSTAVLIFYWHMCP>
#	G	D	E	R	K	N	Q	S	T	A	V	L	I	F	Y	W	H	M	C	P
0	0.02254	0.12197	0.02551	0.08013	0.18060	0.06624	0.01589	0.30813	0.02406	0.03167	0.01457	0.01653	0.01126	0.00751	0.00676	0.00204	0.00847	0.00593	0.00515	0.04503
1	0.12735	0.02584	0.23716	0.02680	0.21241	0.11391	0.10914	0.02346	0.01623	0.02388	0.01278	0.01585	0.00992	0.00674	0.00683	0.00222	0.00998	0.00582	0.00359	0.01010
2	0.01637	0.01678	0.02206	0.30395	0.24691	0.11952	0.01790	0.02019	0.01637	0.02025	0.02136	0.02504	0.10579	0.00860	0.00732	0.00226	0.00903	0.00744	0.00391	0.00895
3	0.02277	0.02133	0.02095	0.10555	0.08924	0.18180	0.01483	0.25714	0.13503	0.03054	0.01874	0.01985	0.03267	0.00852	0.00716	0.00219	0.00896	0.00663	0.00561	0.01052
4	0.01018	0.00737	0.00921	0.00911	0.01014	0.00745	0.00632	0.01179	0.01358	0.01842	0.15178	0.04679	0.12996	0.31346	0.21638	0.00680	0.00935	0.01096	0.00526	0.00568
5	0.01445	0.06615	0.35648	0.01537	0.02302	0.01395	0.01724	0.01974	0.01456	0.02164	0.01422	0.01958	0.01212	0.11000	0.01053	0.00255	0.00840	0.00569	0.00364	0.25070
6	0.01323	0.00850	0.01089	0.01018	0.01235	0.00808	0.00766	0.01770	0.07510	0.10341	0.46908	0.14917	0.05604	0.01495	0.00844	0.00239	0.00405	0.01318	0.00788	0.00772
7	0.01773	0.01926	0.02606	0.02129	0.02326	0.11885	0.14406	0.02025	0.01364	0.01867	0.01079	0.01624	0.00981	0.01070	0.01844	0.00285	0.48982	0.00656	0.00336	0.00838
8	0.01657	0.01548	0.02610	0.23043	0.48154	0.01637	0.02075	0.02098	0.01592	0.02251	0.01403	0.01889	0.01141	0.00681	0.00710	0.00221	0.00863	0.00649	0.04748	0.01030
9	0.01142	0.00844	0.01066	0.01157	0.01301	0.00847	0.00874	0.05225	0.06865	0.02221	0.05798	0.43618	0.06334	0.01990	0.00916	0.00293	0.00514	0.17613	0.00685	0.00695
10	0.16998	0.01720	0.01766	0.26691	0.02935	0.14711	0.01452	0.06106	0.05817	0.02398	0.01695	0.02588	0.01472	0.00925	0.00699	0.00240	0.00877	0.09617	0.00456	0.00838
11	0.01072	0.00764	0.00951	0.00910	0.01113	0.00691	0.00696	0.01374	0.01938	0.04905	0.48262	0.05879	0.21651	0.01584	0.00863	0.00239	0.00378	0.05280	0.00765	0.00686
12	0.01596	0.01238	0.01420	0.01265	0.01557	0.01369	0.00972	0.14306	0.22657	0.02839	0.14979	0.03321	0.02883	0.10857	0.14967	0.00474	0.00857	0.00904	0.00644	0.00895
13	0.01269	0.00915	0.01168	0.01241	0.01412	0.00927	0.00982	0.10556	0.01794	0.02372	0.03623	0.36328	0.04045	0.01967	0.00931	0.00301	0.00578	0.28196	0.00680	0.00714
14	0.01402	0.01426	0.02822	0.02206	0.02634	0.01382	0.36933	0.01813	0.01578	0.02135	0.02443	0.24805	0.02522	0.01292	0.00979	0.00273	0.04974	0.07071	0.00487	0.00821
15	0.00886	0.00633	0.00843	0.01012	0.01054	0.00590	0.00675	0.01012	0.01392	0.01856	0.04006	0.73979	0.04808	0.02277	0.00928	0.00295	0.00422	0.02066	0.00675	0.00590
16	0.02243	0.02841	0.23581	0.01977	0.02686	0.15561	0.08487	0.28080	0.02397	0.03100	0.01460	0.01617	0.01066	0.00766	0.00715	0.00219	0.01028	0.00602	0.00492	0.01083
17	0.01458	0.03760	0.70688	0.02072	0.03146	0.01688	0.02686	0.02302	0.01535	0.02302	0.01304	0.01535	0.00921	0.00691	0.00691	0.00230	0.01074	0.00537	0.00307	0.01074
18	0.00940	0.00740	0.00848	0.00821	0.01031	0.00648	0.00616	0.01199	0.01847	0.02415	0.36850	0.06253	0.39857	0.01673	0.00858	0.00237	0.00356	0.01430	0.00734	0.00648
19	0.01064	0.00712	0.00814	0.00824	0.00833	0.00712	0.00482	0.01082	0.01092	0.01453	0.02378	0.04951	0.02729	0.70375	0.03548	0.00684	0.00703	0.04659	0.00453	0.00453
20	0.01817	0.50742	0.16951	0.01661	0.02388	0.02498	0.10800	0.02222	0.01522	0.01913	0.01133	0.01350	0.00954	0.00634	0.00565	0.00183	0.00898	0.00484	0.00318	0.00967
21	0.01021	0.00718	0.00822	0.00819	0.00879	0.00705	0.00509	0.01090	0.01218	0.01602	0.06652	0.05014	0.13886	0.53189	0.08388	0.00640	0.00727	0.01128	0.00494	0.00498
22	0.01589	0.37596	0.02598	0.01289	0.01617	0.02073	0.01134	0.01779	0.01382	0.01770	0.04434	0.09012	0.01925	0.09982	0.01322	0.00280	0.14855	0.04172	0.00401	0.00790
23	0.01027	0.00735	0.00919	0.01012	0.01109	0.00708	0.00746	0.01190	0.01415	0.01835	0.03882	0.22207	0.12764	0.24476	0.01801	0.00428	0.00582	0.21991	0.00601	0.00573
24	0.01864	0.01128	0.01361	0.01144	0.01461	0.01120	0.00884	0.16787	0.02231	0.16280	0.31644	0.03920	0.03999	0.11480	0.01202	0.00292	0.00552	0.01014	0.00753	0.00884
25	0.00994	0.00678	0.00811	0.00873	0.00888	0.00663	0.00526	0.01041	0.01179	0.01572	0.02917	0.30040	0.03433	0.48092	0.02687	0.00555	0.00601	0.01426	0.00526	0.00495
26	0.01716	0.33117	0.40025	0.01712	0.02577	0.02204	0.02032	0.05096	0.01593	0.02157	0.01202	0.01391	0.00940	0.00670	0.00599	0.00199	0.00939	0.00481	0.00327	0.01023
27	0.02742	0.02673	0.02127	0.01762	0.02251	0.33139	0.01392	0.38701	0.02812	0.03332	0.01468	0.01552	0.01103	0.00818	0.00695	0.00204	0.01028	0.00571	0.00570	0.01061
28	0.01263	0.00631	0.00947	0.00947	0.00947	0.00631	0.00631	0.00947	0.00947	0.01263	0.01263	0.02210	0.01263	0.02525	0.02841	0.78851	0.00631	0.00631	0.00316	0.00316
29	0.01565	0.00999	0.01246	0.01147	0.01305	0.01077	0.00832	0.10038	0.14958	0.02046	0.01668	0.02252	0.01453	0.02003	0.02146	0.52896	0.00642	0.00673	0.00454	0.00602
30	0.01054	0.00715	0.00846	0.00846	0.00864	0.00733	0.00506	0.01091	0.01073	0.01448	0.02242	0.04490	0.02527	0.64763	0.13233	0.00770	0.00879	0.01018	0.00433	0.00470
31	0.01263	0.01085	0.01255	0.01203	0.01412	0.01204	0.00915	0.02007	0.22238	0.02239	0.04220	0.22455	0.22135	0.01611	0.01054	0.00269	0.10665	0.01327	0.00645	0.00799
32	0.05068	0.01350	0.01707	0.05901	0.08294	0.01216	0.01143	0.05082	0.05457	0.11970	0.01773	0.02160	0.01423	0.00744	0.00637	0.00173	0.00629	0.04397	0.00528	0.40347
33	0.02432	0.18705	0.12056	0.01681	0.02251	0.31612	0.01512	0.10043	0.02015	0.09245	0.01375	0.01480	0.01056	0.00743	0.00635	0.00194	0.01032	0.00509	0.00445	0.00980
34	0.05243	0.01478	0.01907	0.04561	0.20625	0.04258	0.01335	0.09462	0.01912	0.09001	0.11418	0.02557	0.05832	0.00868	0.00698	0.00199	0.00676	0.00737	0.00549	0.16684
35	0.01851	0.02755	0.33610	0.02501	0.18640	0.08175	0.02149	0.02530	0.06169	0.08503	0.01538	0.01745	0.01147	0.00756	0.00792	0.00228	0.04827	0.00599	0.00410	0.01076
36	0.01148	0.11151	0.01383	0.01137	0.01329	0.01010	0.00926	0.01387	0.01581	0.02054	0.09814	0.30091	0.07880	0.01850	0.00880	0.00281	0.00550	0.24237	0.00633	0.00677
37	0.01561	0.01279	0.01470	0.01092	0.01642	0.01051	0.00851	0.07830	0.01622	0.02440	0.01474	0.01986	0.01311	0.10951	0.01000	0.00202	0.00586	0.00539	0.00460	0.60654
38	0.05736	0.13096	0.02136	0.04450	0.04277	0.03498	0.04953	0.18860	0.02109	0.09233	0.07077	0.07479	0.08157	0.01008	0.00704	0.00214	0.00703	0.00829	0.00587	0.04892
39	0.01970	0.01611	0.11249	0.02096	0.16741	0.01360	0.01524	0.02451	0.06484	0.20932	0.01974	0.02231	0.01501	0.01811	0.14763	0.04201	0.04871	0.00693	0.00530	0.01007
40	0.01246	0.00852	0.01016	0.01026	0.01221	0.00822	0.00741	0.01678	0.10982	0.08469	0.08362	0.35112	0.18935	0.04822	0.00978	0.00284	0.00456	0.01559	0.00703	0.00734
41	0.01513	0.01443	0.02466	0.21180	0.32975	0.01499	0.08425	0.01927	0.01599	0.02172	0.05080	0.02693	0.08499	0.04380	0.00900	0.00253	0.00845	0.00810	0.00407	0.00935
42	0.01806	0.08990	0.08110	0.21084	0.04987	0.14908	0.03170	0.05994	0.09315	0.02179	0.01751	0.05998	0.03121	0.00896	0.00790	0.00228	0.04628	0.00708	0.00431	0.00909
43	0.01813	0.01108	0.01532	0.11313	0.02027	0.01183	0.01152	0.05522	0.01727	0.20645	0.07031	0.21167	0.04681	0.01405	0.01019	0.00264	0.09820	0.05071	0.00651	0.00868
44	0.01580	0.01205	0.01421	0.01054	0.01602	0.00940	0.00818	0.01854	0.01488	0.07502	0.01554	0.02039	0.01353	0.10948	0.00997	0.00201	0.00568	0.00542	0.00468	0.61866
45	0.01667	0.01588	0.02640	0.03938	0.60237	0.01571	0.01995	0.02064	0.01655	0.02317	0.02209	0.02529	0.10768	0.00815	0.00739	0.00220	0.00794	0.00772	0.00404	0.01076
46	0.01659	0.01280	0.01566	0.01381	0.01675	0.04950	0.06952	0.05901	0.16410	0.09179	0.02916	0.16500	0.04962	0.15741	0.01383	0.00344	0.00687	0.05050	0.00624	0.00841
47	0.00962	0.01087	0.10637	0.01121	0.01337	0.00748	0.00939	0.01198	0.01451	0.01934	0.04119	0.53989	0.13760	0.01991	0.00884	0.00279	0.00506	0.01774	0.00623	0.00662
48	0.01819	0.01552	0.02274	0.28105	0.22039	0.01724	0.01785	0.19445	0.02030	0.02730	0.01682	0.08417	0.01441	0.00885	0.00743	0.00233	0.00844	0.00778	0.00473	0.00998
49	0.01072	0.00823	0.00915	0.00920	0.01066	0.00811	0.00629	0.01456	0.10834	0.01963	0.07775	0.17967	0.22677	0.25769	0.01793	0.00406	0.00517	0.01363	0.00613	0.00631
50	0.02219	0.02371	0.11978	0.08023	0.19745	0.13121	0.01834	0.26286	0.02335	0.03039	0.01452	0.01675	0.01101	0.00759	0.00709	0.00216	0.00950	0.00606	0.00487	0.01095
51	0.01513	0.00847	0.01104	0.01009	0.01228	0.00783	0.00763	0.01775	0.01831	0.16632	0.36375	0.04939	0.04730	0.15677	0.01400	0.00331	0.00502	0.07069	0.00738	0.00751
52	0.01501	0.01352	0.01840	0.01326	0.01962	0.01067	0.09784	0.01855	0.01543	0.02342	0.01641	0.01862	0.04748	0.00618	0.00598	0.00134	0.00622	0.00547	0.00435	0.64221
53	0.01363	0.01090	0.01388	0.15017	0.02080	0.01178	0.01076	0.10350	0.10169	0.02549	0.14263	0.22978	0.10680	0.01452	0.00820	0.00252	0.00578	0.01268	0.00642	0.00806
54	0.21185	0.01932	0.05807	0.08162	0.02518	0.05907	0.09722	0.26242	0.02231	0.07376	0.01498	0.01660	0.01085	0.00763	0.00670	0.00225	0.00845	0.00603	0.00544	0.01024

[dist]
# distance from previous block
# <min> <max>
0	8

[block]
# block no. 8 follows, 28 sequences, length 20
# corresponding to MSA columns:
# 1561-1580
name=unknown_I
#
# <colnr> <probs for GDERKNQSTAVLIFYWHMCP>
#	G	D	E	R	K	N	Q	S	T	A	V	L	I	F	Y	W	H	M	C	P
0	0.05752	0.14025	0.06358	0.20795	0.07763	0.01882	0.06106	0.14452	0.01871	0.05840	0.01539	0.04414	0.01242	0.00987	0.03726	0.00261	0.00905	0.00662	0.00452	0.00966
1	0.01371	0.01092	0.01594	0.28325	0.07468	0.04129	0.01302	0.01495	0.01335	0.01717	0.05395	0.02462	0.04919	0.01543	0.01586	0.31789	0.00775	0.00715	0.00369	0.00619
2	0.07380	0.05358	0.05102	0.09264	0.05504	0.09155	0.07347	0.09412	0.01912	0.06989	0.14809	0.02707	0.06112	0.00971	0.00819	0.00227	0.04700	0.00795	0.00536	0.00901
3	0.01686	0.01457	0.01632	0.14092	0.02300	0.04434	0.01214	0.11805	0.28224	0.02818	0.09238	0.03286	0.12555	0.01091	0.00761	0.00237	0.00655	0.00907	0.00644	0.00963
4	0.01670	0.01315	0.01848	0.14988	0.10311	0.01498	0.01445	0.08099	0.06265	0.06967	0.02136	0.03506	0.01986	0.09554	0.01377	0.00319	0.11850	0.13482	0.00515	0.00870
5	0.01972	0.01557	0.01841	0.08315	0.09522	0.03699	0.01310	0.19248	0.20330	0.06783	0.05465	0.02724	0.08010	0.01061	0.00851	0.04152	0.00698	0.00805	0.00630	0.01026
6	0.02227	0.01647	0.01788	0.01508	0.01981	0.01837	0.01201	0.20357	0.43836	0.11376	0.02633	0.02433	0.01914	0.00946	0.00735	0.00237	0.00639	0.00768	0.00755	0.01183
7	0.13624	0.01724	0.08607	0.04430	0.02109	0.03600	0.03950	0.06636	0.04039	0.02527	0.01465	0.02019	0.01254	0.00848	0.00911	0.00213	0.12262	0.04911	0.00443	0.24428
8	0.01580	0.01091	0.01502	0.01650	0.11911	0.01102	0.01108	0.03825	0.07886	0.12243	0.11565	0.03882	0.12342	0.02254	0.17905	0.00464	0.00910	0.05291	0.00613	0.00875
