[name]
unknown

[dist]
# distance from previous block
# <min> <max>
0	564

[block]
# block no. 0 follows, 27 sequences, length 23
# corresponding to MSA columns:
# 1786-1808
name=unknown_A
#
# <colnr> <probs for GDERKNQSTAVLIFYWHMCP>
#	G	D	E	R	K	N	Q	S	T	A	V	L	I	F	Y	W	H	M	C	P
0	0.02021	0.05537	0.09466	0.04105	0.02365	0.10697	0.06874	0.20213	0.09542	0.02915	0.02182	0.08416	0.01952	0.01096	0.00783	0.00245	0.00881	0.09132	0.00575	0.01003
1	0.01248	0.07455	0.11506	0.01142	0.01526	0.01103	0.01061	0.04660	0.01966	0.02691	0.39178	0.04692	0.16227	0.01357	0.00811	0.00230	0.00525	0.01153	0.00674	0.00794
2	0.02295	0.01818	0.05285	0.02094	0.15003	0.05616	0.01466	0.23186	0.07183	0.13537	0.12458	0.02533	0.02275	0.00942	0.00758	0.00226	0.00754	0.00781	0.00669	0.01121
3	0.00891	0.00698	0.00808	0.00896	0.01041	0.00615	0.00628	0.01049	0.01554	0.01949	0.05768	0.41013	0.36240	0.02108	0.00913	0.00277	0.00404	0.01845	0.00689	0.00615
4	0.02160	0.51009	0.07779	0.01496	0.02094	0.20813	0.01411	0.02427	0.01670	0.01805	0.01082	0.01255	0.00953	0.00674	0.00542	0.00172	0.00958	0.00428	0.00334	0.00938
5	0.09924	0.01165	0.05669	0.03603	0.01505	0.01018	0.00908	0.04467	0.01651	0.04690	0.18161	0.09164	0.08956	0.14586	0.04644	0.00363	0.00647	0.01041	0.00588	0.07251
6	0.13972	0.18283	0.26874	0.01699	0.02435	0.01903	0.07178	0.02373	0.01588	0.09451	0.04210	0.01733	0.01286	0.00757	0.00702	0.00221	0.03328	0.00577	0.00427	0.01003
7	0.01967	0.10688	0.23224	0.01785	0.02429	0.15350	0.05976	0.12497	0.01969	0.02543	0.01660	0.07667	0.01415	0.00882	0.00696	0.00218	0.00963	0.00701	0.06390	0.00982
8	0.01597	0.00866	0.01106	0.00991	0.01232	0.00805	0.00744	0.01860	0.01803	0.17938	0.28423	0.04412	0.08394	0.13112	0.06649	0.00379	0.00600	0.01082	0.07222	0.00782
9	0.14094	0.01988	0.12833	0.07268	0.26741	0.04034	0.01810	0.08650	0.01777	0.05206	0.01637	0.07716	0.01407	0.00854	0.00704	0.00232	0.00836	0.00722	0.00457	0.01035
10	0.01587	0.01913	0.20155	0.07877	0.04338	0.04150	0.05863	0.02040	0.01644	0.10310	0.05449	0.15854	0.05169	0.01538	0.06182	0.00324	0.00911	0.03268	0.00524	0.00902
11	0.01699	0.01622	0.02762	0.26098	0.48823	0.01727	0.02209	0.02157	0.01625	0.02257	0.01372	0.01883	0.01117	0.00687	0.00737	0.00229	0.00916	0.00661	0.00355	0.01064
12	0.00912	0.00681	0.00828	0.00939	0.01034	0.00619	0.00635	0.01046	0.01466	0.01887	0.04868	0.49825	0.21974	0.08214	0.01166	0.00323	0.00440	0.01878	0.00669	0.00597
13	0.07945	0.12509	0.03033	0.08692	0.18178	0.17910	0.16857	0.02412	0.01724	0.02201	0.01277	0.01633	0.01037	0.00682	0.00695	0.00215	0.01047	0.00612	0.00370	0.00972
14	0.01392	0.01249	0.01986	0.25317	0.12117	0.01359	0.07358	0.01871	0.07030	0.02020	0.02249	0.09086	0.05081	0.17043	0.01447	0.00353	0.00828	0.00956	0.00450	0.00808
15	0.00932	0.00683	0.00879	0.01009	0.01098	0.00630	0.00705	0.01101	0.01534	0.02023	0.10136	0.54811	0.13473	0.02180	0.00937	0.00291	0.00432	0.05825	0.00700	0.00620
16	0.01322	0.00949	0.01051	0.01008	0.01105	0.04185	0.00671	0.04191	0.01314	0.04586	0.02279	0.06637	0.02431	0.47756	0.16726	0.00731	0.00993	0.01000	0.00478	0.00588
17	0.05659	0.08103	0.18247	0.01833	0.05325	0.04130	0.01694	0.32147	0.04646	0.08637	0.01678	0.01739	0.01207	0.00811	0.00699	0.00221	0.00868	0.00613	0.00583	0.01161
18	0.01103	0.01059	0.06367	0.01266	0.05756	0.00880	0.00958	0.01391	0.01554	0.02110	0.12362	0.08037	0.22449	0.08687	0.16541	0.00496	0.00859	0.03415	0.04006	0.00705
19	0.01242	0.00662	0.00931	0.00931	0.00931	0.00662	0.00600	0.00993	0.00993	0.01324	0.01529	0.02851	0.01611	0.18868	0.03102	0.60662	0.00662	0.00744	0.00351	0.00351
20	0.05207	0.18141	0.12577	0.02411	0.23026	0.05561	0.01692	0.02218	0.03620	0.04271	0.04503	0.10138	0.01794	0.00917	0.00689	0.00219	0.00814	0.00769	0.00438	0.00997
21	0.08568	0.10990	0.08058	0.10229	0.14858	0.18241	0.01683	0.11324	0.04833	0.02549	0.01374	0.01617	0.01085	0.00744	0.00666	0.00213	0.00962	0.00564	0.00432	0.01009
22	0.01759	0.01831	0.09877	0.09389	0.07876	0.05809	0.03928	0.12544	0.01923	0.02662	0.07261	0.02502	0.01829	0.04002	0.00947	0.00239	0.04901	0.03512	0.04087	0.13121

[dist]
# distance from previous block
# <min> <max>
1	13

[block]
# block no. 1 follows, 27 sequences, length 16
# corresponding to MSA columns:
# 1822-1837
name=unknown_B
#
# <colnr> <probs for GDERKNQSTAVLIFYWHMCP>
#	G	D	E	R	K	N	Q	S	T	A	V	L	I	F	Y	W	H	M	C	P
0	0.01967	0.06866	0.17467	0.09858	0.05928	0.01882	0.07881	0.19519	0.02083	0.06240	0.01724	0.07343	0.01418	0.00920	0.00854	0.00240	0.05504	0.00757	0.00500	0.01048
1	0.13653	0.12157	0.09145	0.04788	0.12890	0.06890	0.09827	0.06200	0.06278	0.09068	0.01558	0.01744	0.01180	0.00734	0.00671	0.00220	0.00880	0.00609	0.00471	0.01037
2	0.01416	0.00966	0.01170	0.01055	0.01312	0.00932	0.00807	0.10646	0.02173	0.07528	0.40086	0.11956	0.13992	0.01520	0.00856	0.00241	0.00447	0.01316	0.00783	0.00798
3	0.02248	0.46332	0.05872	0.01518	0.02096	0.22354	0.01385	0.06843	0.01817	0.01990	0.01128	0.01288	0.00974	0.00693	0.00559	0.00175	0.00964	0.00445	0.00365	0.00953
4	0.01981	0.00986	0.01247	0.01095	0.01415	0.00911	0.00848	0.06016	0.01961	0.26721	0.16094	0.17341	0.06831	0.01353	0.00786	0.00237	0.00495	0.01161	0.11611	0.00911
5	0.00936	0.00717	0.00794	0.00838	0.00972	0.00644	0.00567	0.01061	0.01467	0.01833	0.05331	0.23316	0.35868	0.20375	0.01635	0.00383	0.00478	0.01580	0.00628	0.00576
6	0.01228	0.00747	0.00897	0.00887	0.01016	0.00728	0.00618	0.01434	0.01506	0.05599	0.14588	0.12608	0.06517	0.22220	0.07611	0.00447	0.00619	0.01141	0.18951	0.00638
7	0.01209	0.00847	0.00997	0.00928	0.01179	0.00773	0.00707	0.01599	0.06023	0.07800	0.35512	0.05768	0.30709	0.01582	0.00859	0.00241	0.00397	0.01353	0.00771	0.00745
8	0.01055	0.00669	0.00810	0.00911	0.00980	0.00644	0.00608	0.01219	0.01402	0.02046	0.03387	0.44476	0.03790	0.13301	0.01287	0.00335	0.00455	0.01584	0.20440	0.00601
9	0.01778	0.01340	0.01452	0.01265	0.01623	0.01464	0.00993	0.16637	0.26295	0.03325	0.16733	0.03294	0.05320	0.01096	0.00742	0.00228	0.00539	0.00909	0.13974	0.00992
10	0.79154	0.01436	0.01091	0.00976	0.01436	0.01665	0.00804	0.02182	0.01263	0.03331	0.01034	0.01206	0.00804	0.00689	0.00459	0.00230	0.00574	0.00402	0.00459	0.00804
11	0.01795	0.01721	0.02937	0.11081	0.63084	0.01753	0.02257	0.02241	0.01670	0.02374	0.01389	0.01851	0.01158	0.00669	0.00736	0.00223	0.00892	0.00661	0.00364	0.01142
12	0.15903	0.01650	0.01741	0.01396	0.01932	0.05494	0.01135	0.18090	0.09206	0.29163	0.02170	0.02039	0.01487	0.00856	0.00684	0.00223	0.00697	0.00650	0.00729	0.04755
13	0.02573	0.01972	0.02733	0.02191	0.06786	0.05430	0.18085	0.32065	0.02626	0.15158	0.01854	0.01949	0.01307	0.00807	0.00773	0.00229	0.00926	0.00725	0.00638	0.01170
14	0.07326	0.02632	0.27330	0.02179	0.11918	0.05731	0.01945	0.16067	0.08401	0.06942	0.01661	0.01785	0.01213	0.00782	0.00706	0.00229	0.00910	0.00615	0.00503	0.01127
15	0.01845	0.28059	0.26238	0.09668	0.02883	0.06106	0.05744	0.07305	0.01728	0.02240	0.01260	0.01511	0.00987	0.00698	0.00640	0.00207	0.00980	0.00532	0.00358	0.01010

[dist]
# distance from previous block
# <min> <max>
2	7

[block]
# block no. 2 follows, 27 sequences, length 24
# corresponding to MSA columns:
# 1845-1868
name=unknown_C
#
# <colnr> <probs for GDERKNQSTAVLIFYWHMCP>
#	G	D	E	R	K	N	Q	S	T	A	V	L	I	F	Y	W	H	M	C	P
0	0.01780	0.01459	0.02108	0.11320	0.21102	0.01524	0.03948	0.08581	0.12623	0.07053	0.05290	0.09453	0.06362	0.01038	0.00777	0.00238	0.00731	0.00925	0.00571	0.03118
1	0.02297	0.01723	0.02458	0.01838	0.02432	0.01714	0.16653	0.28421	0.02514	0.12354	0.08681	0.02289	0.01875	0.00854	0.00765	0.00217	0.00814	0.00769	0.00649	0.10682
2	0.16906	0.02792	0.42412	0.01744	0.02539	0.01584	0.02043	0.02268	0.04714	0.02562	0.01756	0.02606	0.01492	0.00925	0.00708	0.00251	0.00905	0.10393	0.00421	0.00979
3	0.01607	0.01635	0.05048	0.07892	0.02727	0.01684	0.21047	0.02557	0.21432	0.02441	0.02322	0.08469	0.02038	0.01094	0.01002	0.00270	0.08204	0.07037	0.00533	0.00960
4	0.00972	0.00703	0.00865	0.00967	0.01048	0.00661	0.00663	0.01102	0.01415	0.01838	0.04235	0.39224	0.15122	0.19304	0.01619	0.00397	0.00516	0.08140	0.00631	0.00579
5	0.01714	0.01889	0.03750	0.02776	0.03302	0.01996	0.47148	0.02201	0.01568	0.02201	0.01344	0.01889	0.01081	0.00827	0.01343	0.00273	0.22584	0.00808	0.00360	0.00945
6	0.01206	0.00875	0.01169	0.01248	0.01404	0.00906	0.00990	0.06758	0.01656	0.02216	0.03412	0.28540	0.03746	0.02759	0.15152	0.00491	0.00874	0.25265	0.00632	0.00701
7	0.01289	0.00645	0.00967	0.00967	0.00967	0.00645	0.00645	0.00967	0.00967	0.01289	0.01289	0.02257	0.01289	0.02579	0.02901	0.78401	0.00645	0.00645	0.00322	0.00322
8	0.00917	0.00663	0.00846	0.00987	0.01046	0.00616	0.00656	0.01041	0.01417	0.01865	0.04267	0.60959	0.10897	0.08620	0.01191	0.00334	0.00451	0.01967	0.00668	0.00592
9	0.01409	0.01071	0.01186	0.01153	0.01359	0.01167	0.00841	0.02327	0.27914	0.02361	0.02954	0.11454	0.02826	0.23042	0.01681	0.00397	0.00594	0.06900	0.08561	0.00802
10	0.71692	0.01467	0.01277	0.01322	0.07983	0.01675	0.00946	0.02191	0.01305	0.03243	0.01069	0.01267	0.00840	0.00686	0.00486	0.00229	0.00604	0.00427	0.00451	0.00840
11	0.01056	0.00738	0.00945	0.00961	0.01010	0.00779	0.00635	0.01159	0.01151	0.01580	0.02389	0.10817	0.02627	0.43832	0.26284	0.00840	0.01122	0.01083	0.00455	0.00537
12	0.01558	0.02137	0.17018	0.02514	0.03227	0.01621	0.40579	0.02160	0.01704	0.02321	0.02297	0.03063	0.07959	0.00909	0.00857	0.00257	0.01078	0.07367	0.00425	0.00952
13	0.01045	0.00705	0.00820	0.00854	0.00863	0.00696	0.00497	0.01070	0.01148	0.01530	0.02688	0.18519	0.03139	0.59648	0.03214	0.00636	0.00662	0.01285	0.00497	0.00480
14	0.01808	0.01472	0.01650	0.01299	0.01847	0.01394	0.01030	0.15375	0.15154	0.02970	0.01983	0.07817	0.01682	0.00858	0.00663	0.00177	0.00602	0.00705	0.00585	0.40929
15	0.01589	0.18133	0.56651	0.01944	0.02948	0.01970	0.02444	0.02325	0.01555	0.02228	0.01271	0.01491	0.00943	0.00691	0.00659	0.00220	0.01036	0.00518	0.00314	0.01068
16	0.01846	0.01595	0.01679	0.01511	0.01930	0.01846	0.01175	0.03945	0.67938	0.03105	0.03022	0.02770	0.02266	0.01007	0.00755	0.00252	0.00588	0.00839	0.00755	0.01175
17	0.00954	0.00672	0.00864	0.00979	0.01027	0.00636	0.00643	0.01080	0.01423	0.01915	0.10375	0.52816	0.04684	0.16505	0.01504	0.00378	0.00480	0.01826	0.00655	0.00582
18	0.01003	0.00732	0.00788	0.00788	0.00883	0.00684	0.00493	0.01074	0.01312	0.01655	0.04308	0.05727	0.27891	0.46532	0.02676	0.00541	0.00589	0.01265	0.00541	0.00517
19	0.01251	0.00771	0.00976	0.00981	0.01147	0.00701	0.00698	0.01446	0.01668	0.10508	0.18929	0.32305	0.14435	0.09230	0.01186	0.00312	0.00459	0.01581	0.00722	0.00695
20	0.01049	0.00707	0.00819	0.00849	0.00856	0.00699	0.00492	0.01072	0.01139	0.01519	0.02644	0.16806	0.03084	0.61437	0.03285	0.00647	0.00669	0.01259	0.00492	0.00477
21	0.03981	0.01189	0.01370	0.01311	0.04214	0.01240	0.00945	0.12545	0.13644	0.07654	0.09175	0.15936	0.08804	0.08344	0.01076	0.00291	0.00568	0.01135	0.05690	0.00890
22	0.01769	0.01690	0.02458	0.35507	0.26371	0.06589	0.01990	0.07467	0.01766	0.02322	0.01372	0.01852	0.01078	0.00721	0.00727	0.00227	0.00945	0.00639	0.00385	0.04126
23	0.05388	0.21345	0.02884	0.02714	0.29850	0.02167	0.01677	0.12108	0.10063	0.02702	0.01541	0.01742	0.01247	0.00733	0.00657	0.00208	0.00799	0.00602	0.00462	0.01112

[dist]
# distance from previous block
# <min> <max>
0	1

[block]
# block no. 3 follows, 27 sequences, length 19
# corresponding to MSA columns:
# 1870-1881,1896-1902
name=unknown_D
#
# <colnr> <probs for GDERKNQSTAVLIFYWHMCP>
#	G	D	E	R	K	N	Q	S	T	A	V	L	I	F	Y	W	H	M	C	P
0	0.31227	0.01808	0.11674	0.22346	0.15328	0.01687	0.01719	0.02142	0.01450	0.02608	0.01226	0.01598	0.00946	0.00702	0.00627	0.00234	0.00826	0.00546	0.00384	0.00921
1	0.01791	0.02114	0.16667	0.15958	0.16702	0.01794	0.05231	0.12037	0.12441	0.02734	0.01895	0.02134	0.03547	0.00814	0.00746	0.00237	0.00893	0.00708	0.00478	0.01077
2	0.01069	0.00682	0.00895	0.00955	0.01038	0.00638	0.00666	0.01040	0.01318	0.01693	0.03785	0.25038	0.19075	0.02306	0.01727	0.31987	0.00517	0.04533	0.00540	0.00499
3	0.01401	0.00874	0.01129	0.01066	0.01261	0.00858	0.00796	0.03633	0.01690	0.11362	0.18301	0.17588	0.13201	0.06780	0.09236	0.04812	0.03342	0.01275	0.00668	0.00728
4	0.00965	0.00750	0.00843	0.00823	0.01013	0.00665	0.00596	0.01183	0.01751	0.02265	0.28054	0.06281	0.38547	0.11521	0.01270	0.00308	0.00414	0.01423	0.00701	0.00628
5	0.01376	0.01006	0.01198	0.01157	0.01364	0.01017	0.00853	0.16380	0.02044	0.02751	0.15955	0.40606	0.07718	0.01817	0.00883	0.00268	0.00502	0.01603	0.00726	0.00776
6	0.02192	0.01621	0.01766	0.01514	0.01980	0.01811	0.01198	0.13176	0.49506	0.12379	0.02826	0.02591	0.02060	0.00978	0.00752	0.00245	0.00627	0.00802	0.00776	0.01200
7	0.10067	0.01974	0.02225	0.02024	0.11299	0.02168	0.01470	0.51809	0.03031	0.04243	0.01658	0.01734	0.01206	0.00840	0.00714	0.00223	0.00802	0.00642	0.00664	0.01206
8	0.12410	0.11943	0.02258	0.01439	0.02068	0.01558	0.09960	0.05444	0.01686	0.09713	0.01458	0.01625	0.01129	0.00647	0.00602	0.00171	0.00706	0.00532	0.00482	0.34169
9	0.01837	0.01764	0.03013	0.04557	0.69279	0.01764	0.02278	0.02278	0.01690	0.02425	0.01396	0.01837	0.01176	0.00661	0.00735	0.00220	0.00882	0.00661	0.00367	0.01176
10	0.01837	0.01764	0.03013	0.04557	0.69279	0.01764	0.02278	0.02278	0.01690	0.02425	0.01396	0.01837	0.01176	0.00661	0.00735	0.00220	0.00882	0.00661	0.00367	0.01176
11	0.08832	0.01059	0.01444	0.01621	0.11140	0.01023	0.01084	0.02003	0.01760	0.16734	0.15236	0.19998	0.03649	0.01450	0.00827	0.00261	0.00571	0.09742	0.00694	0.00873
12	0.01841	0.01947	0.14998	0.02146	0.11918	0.01580	0.07624	0.16146	0.05503	0.06208	0.04733	0.12268	0.02220	0.01122	0.00804	0.00250	0.00817	0.06268	0.00574	0.01031
13	0.01110	0.00924	0.01181	0.01114	0.01245	0.01034	0.00852	0.01301	0.01415	0.01907	0.10096	0.04566	0.23923	0.12990	0.19016	0.00565	0.14475	0.01110	0.00526	0.00652
14	0.00936	0.00665	0.00846	0.00978	0.01023	0.00626	0.00638	0.01044	0.01372	0.01816	0.03945	0.57282	0.07826	0.15565	0.01468	0.00376	0.00481	0.01891	0.00645	0.00576
15	0.01645	0.02298	0.20081	0.14745	0.16820	0.01779	0.27192	0.02271	0.01649	0.02300	0.01408	0.01858	0.01067	0.00672	0.00783	0.00240	0.01096	0.00716	0.00351	0.01030
16	0.01632	0.01678	0.03122	0.11793	0.03326	0.01544	0.35480	0.02140	0.01643	0.02327	0.01415	0.01842	0.01099	0.00616	0.00747	0.00202	0.00977	0.00698	0.00391	0.27329
17	0.00921	0.00684	0.00859	0.00962	0.01067	0.00622	0.00666	0.01095	0.01578	0.02080	0.14516	0.49971	0.18035	0.02115	0.00923	0.00281	0.00408	0.01886	0.00708	0.00622
18	0.01846	0.01654	0.11244	0.04154	0.08084	0.01367	0.04708	0.14358	0.02084	0.11941	0.13138	0.16814	0.02931	0.01219	0.00807	0.00245	0.00711	0.01070	0.00642	0.00981

[dist]
# distance from previous block
# <min> <max>
1	7

[block]
# block no. 4 follows, 27 sequences, length 10
# corresponding to MSA columns:
# 1910-1919
name=unknown_E
#
# <colnr> <probs for GDERKNQSTAVLIFYWHMCP>
#	G	D	E	R	K	N	Q	S	T	A	V	L	I	F	Y	W	H	M	C	P
0	0.01403	0.01147	0.01537	0.09828	0.06694	0.01278	0.01168	0.08381	0.05098	0.02256	0.05021	0.03771	0.11849	0.10895	0.17139	0.00524	0.06061	0.04643	0.00517	0.00790
1	0.05689	0.11215	0.32424	0.01863	0.06765	0.05416	0.01897	0.05207	0.01647	0.02394	0.01328	0.01583	0.01039	0.00925	0.04196	0.00249	0.00972	0.00526	0.00374	0.14291
2	0.16679	0.17994	0.02522	0.02211	0.17834	0.23372	0.01478	0.05813	0.01792	0.02377	0.01193	0.01422	0.00995	0.00705	0.00608	0.00200	0.00943	0.00499	0.00398	0.00965
3	0.00927	0.00719	0.00844	0.00886	0.01052	0.00636	0.00637	0.01133	0.01699	0.02196	0.20713	0.28354	0.33665	0.01941	0.00900	0.00263	0.00388	0.01692	0.00719	0.00636
4	0.01715	0.04767	0.11323	0.11270	0.16911	0.01585	0.09802	0.04169	0.07216	0.07164	0.04422	0.06054	0.04124	0.05109	0.00938	0.00265	0.00853	0.00837	0.00485	0.00992
5	0.00953	0.00710	0.00846	0.00897	0.01018	0.00648	0.00616	0.01120	0.01572	0.02058	0.17120	0.30152	0.23346	0.13857	0.01381	0.00343	0.00447	0.01638	0.00674	0.00603
6	0.01115	0.00842	0.01018	0.01070	0.01210	0.00849	0.00775	0.01546	0.10576	0.02106	0.08545	0.28301	0.11386	0.14521	0.04319	0.00399	0.00587	0.09503	0.00653	0.00677
7	0.01494	0.05715	0.16678	0.04501	0.02285	0.01496	0.08201	0.07439	0.01688	0.02362	0.05363	0.21164	0.02370	0.01234	0.00951	0.00249	0.08041	0.01050	0.00495	0.07225
8	0.01345	0.01241	0.02003	0.49841	0.10653	0.01444	0.01768	0.01780	0.01582	0.02049	0.07474	0.02964	0.10958	0.00953	0.00771	0.00244	0.00843	0.00840	0.00422	0.00823
9	0.02080	0.12420	0.14495	0.06762	0.02559	0.11143	0.06323	0.14819	0.05632	0.06606	0.08384	0.02109	0.01759	0.00847	0.00713	0.00219	0.00907	0.00680	0.00521	0.01024

[dist]
# distance from previous block
# <min> <max>
32	54

[block]
# block no. 5 follows, 27 sequences, length 9
# corresponding to MSA columns:
# 1974-1982
name=unknown_F
#
# <colnr> <probs for GDERKNQSTAVLIFYWHMCP>
#	G	D	E	R	K	N	Q	S	T	A	V	L	I	F	Y	W	H	M	C	P
0	0.02083	0.07623	0.10972	0.01409	0.01876	0.01523	0.01273	0.13423	0.01930	0.18981	0.02569	0.06286	0.07667	0.11356	0.01315	0.00306	0.06972	0.00855	0.00608	0.00973
1	0.06921	0.20011	0.14550	0.01823	0.09245	0.02029	0.01568	0.14771	0.06563	0.02769	0.01532	0.03743	0.01251	0.00770	0.00636	0.00201	0.00795	0.00591	0.00469	0.09761
2	0.01625	0.01307	0.01704	0.01601	0.05193	0.07565	0.08276	0.06604	0.01595	0.05144	0.02140	0.09005	0.02121	0.12105	0.08339	0.15981	0.00926	0.07564	0.00489	0.00718
3	0.01175	0.00683	0.00759	0.00814	0.00938	0.00661	0.00572	0.01417	0.01488	0.02344	0.03279	0.26029	0.07183	0.06522	0.00909	0.00258	0.00401	0.01233	0.42692	0.00642
4	0.01605	0.01497	0.09466	0.05459	0.23086	0.01269	0.01582	0.01995	0.01632	0.09341	0.07937	0.08518	0.02402	0.04986	0.10838	0.00400	0.00937	0.05603	0.00513	0.00934
5	0.06162	0.15138	0.15625	0.02115	0.14501	0.07738	0.01689	0.13194	0.01959	0.02698	0.04795	0.01749	0.01359	0.00749	0.00655	0.00202	0.00863	0.00580	0.00447	0.07782
6	0.01174	0.00787	0.01010	0.05516	0.01276	0.00795	0.00704	0.01309	0.01345	0.05290	0.08576	0.16136	0.06099	0.36778	0.09495	0.00579	0.00767	0.01225	0.00544	0.00594
7	0.05422	0.01297	0.07200	0.01163	0.01549	0.01084	0.00978	0.02207	0.11767	0.13807	0.13770	0.06497	0.12184	0.11455	0.01192	0.00301	0.00581	0.01016	0.00665	0.05866
8	0.09736	0.10100	0.15359	0.02423	0.20850	0.08832	0.01789	0.08104	0.01863	0.11920	0.01530	0.01695	0.01148	0.00736	0.00670	0.00216	0.00889	0.00580	0.00471	0.01088

[dist]
# distance from previous block
# <min> <max>
1	9

[block]
# block no. 6 follows, 27 sequences, length 96
# corresponding to MSA columns:
# 1992-2087
name=unknown_G
#
# <colnr> <probs for GDERKNQSTAVLIFYWHMCP>
#	G	D	E	R	K	N	Q	S	T	A	V	L	I	F	Y	W	H	M	C	P
0	0.01873	0.01937	0.12144	0.12385	0.09050	0.01761	0.06891	0.17509	0.13925	0.02918	0.04561	0.02173	0.01577	0.00976	0.00921	0.06266	0.00850	0.00723	0.00527	0.01033
1	0.01359	0.01360	0.07556	0.04655	0.17216	0.01181	0.01327	0.03946	0.06337	0.02500	0.19638	0.15356	0.09194	0.03922	0.00927	0.00262	0.00623	0.01172	0.00599	0.00869
2	0.01878	0.27244	0.04179	0.01297	0.01767	0.07796	0.01139	0.05771	0.01715	0.07303	0.02130	0.05800	0.04716	0.07543	0.00940	0.00249	0.00759	0.07956	0.00493	0.09323
3	0.01007	0.00752	0.00935	0.00899	0.01085	0.00680	0.00671	0.01313	0.01984	0.02721	0.52880	0.08843	0.20231	0.01631	0.00879	0.00240	0.00359	0.01424	0.00784	0.00680
4	0.02191	0.27917	0.08573	0.01591	0.02160	0.17063	0.01432	0.11245	0.16194	0.02492	0.01609	0.01673	0.01276	0.00783	0.00633	0.00201	0.00896	0.00558	0.00481	0.01034
5	0.04582	0.08461	0.04870	0.01636	0.06086	0.18336	0.01249	0.04124	0.07142	0.09324	0.09817	0.04874	0.04728	0.06308	0.01036	0.00260	0.04922	0.00793	0.00545	0.00907
6	0.12358	0.13429	0.12543	0.01494	0.02080	0.08154	0.03673	0.12498	0.01865	0.07651	0.01534	0.01916	0.01256	0.08697	0.00970	0.00258	0.00840	0.00593	0.00481	0.07711
7	0.01057	0.00748	0.00871	0.00892	0.01071	0.00662	0.00637	0.01239	0.01642	0.05750	0.13681	0.25621	0.33859	0.07466	0.01114	0.00298	0.00429	0.01613	0.00700	0.00650
8	0.02170	0.09937	0.02218	0.01962	0.13525	0.01841	0.01365	0.19423	0.16211	0.10485	0.10963	0.02515	0.02252	0.00933	0.00732	0.00223	0.00695	0.00771	0.00661	0.01119
9	0.01825	0.01561	0.01701	0.14518	0.02360	0.10515	0.01238	0.12007	0.04423	0.06178	0.04909	0.04399	0.04075	0.05578	0.11851	0.00393	0.00999	0.00766	0.00523	0.10182
10	0.01013	0.00781	0.00938	0.01005	0.01156	0.00743	0.00722	0.01372	0.07567	0.02192	0.13770	0.38770	0.20947	0.01975	0.00906	0.00276	0.00429	0.04049	0.00713	0.00677
11	0.07095	0.00838	0.01039	0.01163	0.01317	0.00842	0.00907	0.01456	0.04724	0.02194	0.03939	0.35937	0.07887	0.02006	0.00926	0.00306	0.00542	0.25533	0.00672	0.00678
12	0.02682	0.01555	0.01563	0.01297	0.01724	0.13100	0.01019	0.05003	0.03840	0.37817	0.02459	0.02525	0.01757	0.06515	0.00930	0.00252	0.00718	0.00717	0.13493	0.01034
13	0.01181	0.01135	0.06431	0.01111	0.01399	0.00957	0.00925	0.01565	0.04800	0.02318	0.20925	0.08329	0.14649	0.07659	0.08674	0.00373	0.04504	0.01107	0.02775	0.09182
14	0.01466	0.01349	0.02072	0.32863	0.13697	0.01600	0.01715	0.02023	0.08695	0.02096	0.01926	0.13725	0.01799	0.01093	0.01002	0.00263	0.10378	0.00916	0.00440	0.00880
15	0.02062	0.26570	0.02530	0.01463	0.01986	0.02298	0.01248	0.14196	0.34099	0.02912	0.02127	0.02059	0.01644	0.00860	0.00658	0.00215	0.00698	0.00659	0.00603	0.01114
16	0.01689	0.06149	0.15574	0.04607	0.27164	0.01615	0.01836	0.04876	0.04261	0.02518	0.06630	0.02014	0.01592	0.00738	0.00691	0.00202	0.00803	0.00641	0.00432	0.15968
17	0.01640	0.01172	0.01418	0.01336	0.05309	0.01187	0.00955	0.18446	0.02273	0.06017	0.30664	0.06860	0.08809	0.09219	0.01146	0.00287	0.00559	0.01119	0.00723	0.00862
18	0.07747	0.20845	0.41046	0.01775	0.02654	0.02082	0.02085	0.09324	0.01739	0.02531	0.01284	0.01470	0.00968	0.00707	0.00634	0.00215	0.00952	0.00513	0.00372	0.01057
19	0.01277	0.00871	0.01257	0.01193	0.01415	0.00795	0.05841	0.01523	0.01696	0.09532	0.13818	0.32941	0.15646	0.01821	0.00904	0.00275	0.00517	0.07238	0.00708	0.00731
20	0.08327	0.07667	0.22589	0.02329	0.19043	0.01662	0.01863	0.05181	0.01789	0.15750	0.05495	0.02001	0.01525	0.00784	0.00695	0.00224	0.00833	0.00643	0.00504	0.01099
21	0.01373	0.06715	0.01282	0.01074	0.01284	0.07217	0.00791	0.04287	0.01644	0.04509	0.07819	0.25169	0.17962	0.09601	0.01270	0.04769	0.00591	0.01354	0.00605	0.00685
22	0.01545	0.01325	0.02431	0.01855	0.02321	0.01225	0.29501	0.01968	0.01754	0.07596	0.08929	0.06601	0.15460	0.01087	0.00814	0.00237	0.00774	0.01069	0.12652	0.00855
23	0.01836	0.01908	0.10072	0.14435	0.37117	0.01743	0.05795	0.04946	0.06849	0.05702	0.01597	0.01943	0.01237	0.00725	0.00743	0.00231	0.00906	0.00679	0.00427	0.01109
24	0.05508	0.08155	0.02842	0.02681	0.22564	0.02003	0.12799	0.24155	0.02270	0.03182	0.01557	0.01817	0.01203	0.00744	0.00715	0.00219	0.00872	0.00668	0.04936	0.01112
25	0.11768	0.01529	0.01803	0.01398	0.01966	0.01521	0.01155	0.22491	0.02439	0.42646	0.02369	0.02153	0.01547	0.00884	0.00713	0.00228	0.00681	0.00684	0.00814	0.01211
26	0.09909	0.01683	0.01916	0.01482	0.02055	0.01743	0.01224	0.34806	0.02724	0.31533	0.02190	0.02039	0.01459	0.00884	0.00719	0.00226	0.00718	0.00677	0.00790	0.01222
27	0.01612	0.13933	0.02410	0.07759	0.02298	0.01695	0.12413	0.02218	0.11619	0.05235	0.11466	0.08305	0.06958	0.01108	0.00922	0.00242	0.07415	0.00948	0.00543	0.00900
28	0.00971	0.00717	0.00899	0.00933	0.01068	0.00654	0.00664	0.01203	0.01756	0.02376	0.33270	0.29450	0.16803	0.04533	0.01008	0.00278	0.00396	0.01639	0.00737	0.00645
29	0.06220	0.01725	0.01939	0.01501	0.02060	0.01814	0.01237	0.41037	0.02868	0.24461	0.02136	0.02040	0.01454	0.00889	0.00719	0.00222	0.00724	0.00682	0.05059	0.01211
30	0.01494	0.00843	0.00975	0.00892	0.01121	0.00821	0.00684	0.05601	0.01920	0.08129	0.27444	0.03736	0.03780	0.01116	0.00684	0.00203	0.00397	0.00940	0.38445	0.00773
31	0.09312	0.01395	0.02059	0.14691	0.02650	0.01411	0.11412	0.08803	0.01919	0.22295	0.02795	0.05124	0.10885	0.00997	0.00764	0.00241	0.00766	0.00870	0.00625	0.00987
32	0.01201	0.00818	0.01071	0.01132	0.01327	0.00769	0.00923	0.01492	0.01780	0.06169	0.18016	0.14322	0.15929	0.01876	0.00944	0.00293	0.00531	0.29979	0.00726	0.00702
33	0.01211	0.00790	0.01054	0.01136	0.01298	0.00743	0.00887	0.01462	0.01692	0.07407	0.13425	0.30911	0.09521	0.01974	0.00943	0.00296	0.00518	0.23310	0.00723	0.00697
34	0.01837	0.01764	0.03013	0.04557	0.69279	0.01764	0.02278	0.02278	0.01690	0.02425	0.01396	0.01837	0.01176	0.00661	0.00735	0.00220	0.00882	0.00661	0.00367	0.01176
35	0.10954	0.02345	0.14504	0.01646	0.02181	0.12542	0.01498	0.19713	0.10915	0.02999	0.01681	0.01952	0.01328	0.05206	0.03693	0.00296	0.04372	0.00636	0.00526	0.01014
36	0.05917	0.01200	0.02008	0.01601	0.02001	0.01116	0.20030	0.01861	0.01785	0.09768	0.17781	0.13410	0.15731	0.01321	0.00848	0.00250	0.00674	0.01233	0.00637	0.00829
37	0.00896	0.00680	0.00827	0.00944	0.01053	0.00611	0.00649	0.01044	0.01507	0.01930	0.05180	0.52391	0.25243	0.02184	0.00925	0.00285	0.00413	0.01938	0.00689	0.00611
38	0.00955	0.00748	0.00870	0.00903	0.01096	0.00664	0.00682	0.01186	0.01742	0.02226	0.20118	0.17271	0.38276	0.01888	0.00904	0.00265	0.00412	0.08431	0.00717	0.00645
39	0.02370	0.02689	0.02410	0.02018	0.02453	0.36970	0.11571	0.08508	0.13448	0.02373	0.01568	0.01750	0.01237	0.00837	0.00859	0.00224	0.06643	0.00632	0.00473	0.00968
40	0.01741	0.01471	0.02455	0.33823	0.03728	0.01616	0.15141	0.02509	0.13105	0.09660	0.05689	0.02384	0.01674	0.00827	0.00780	0.00246	0.00899	0.00784	0.00505	0.00962
41	0.01153	0.00808	0.00869	0.00823	0.01105	0.00681	0.00628	0.01359	0.01759	0.09433	0.09963	0.06565	0.58696	0.01758	0.00863	0.00248	0.00403	0.01467	0.00720	0.00700
42	0.01407	0.03267	0.57216	0.01896	0.02822	0.01534	0.02363	0.02174	0.01667	0.02467	0.13899	0.02307	0.02068	0.00856	0.00737	0.00235	0.00958	0.00696	0.00407	0.01023
43	0.02050	0.15899	0.08920	0.01577	0.02045	0.25259	0.01353	0.02780	0.18169	0.02192	0.04526	0.02170	0.01682	0.07193	0.00938	0.00252	0.00932	0.00648	0.00480	0.00937
44	0.01309	0.00918	0.01043	0.00944	0.01228	0.00842	0.00728	0.07430	0.02023	0.08011	0.26240	0.05768	0.37536	0.01596	0.00854	0.00241	0.00429	0.01346	0.00754	0.00760
45	0.00904	0.00646	0.00861	0.01034	0.01077	0.00603	0.00689	0.01034	0.01421	0.01895	0.04092	0.73426	0.04910	0.02326	0.00948	0.00301	0.00431	0.02110	0.00689	0.00603
46	0.01913	0.68680	0.03667	0.01244	0.01844	0.02765	0.01226	0.02160	0.01554	0.01841	0.06266	0.01527	0.01419	0.00703	0.00507	0.00165	0.00760	0.00470	0.00356	0.00933
47	0.02377	0.07949	0.04887	0.02321	0.12904	0.17299	0.08667	0.24954	0.06183	0.03053	0.01550	0.01721	0.01190	0.00779	0.00719	0.00216	0.00984	0.00633	0.00519	0.01098
48	0.14239	0.03445	0.58741	0.01929	0.02921	0.01714	0.02425	0.02323	0.01517	0.02512	0.01283	0.01508	0.00918	0.00703	0.00665	0.00234	0.01011	0.00525	0.00337	0.01049
49	0.01640	0.01851	0.14175	0.02060	0.07548	0.01478	0.15810	0.08557	0.07959	0.05001	0.02497	0.18228	0.04387	0.04180	0.00943	0.00273	0.00834	0.01080	0.00539	0.00959
50	0.01709	0.01725	0.02908	0.03234	0.31848	0.05000	0.17947	0.02113	0.01583	0.02189	0.01493	0.02126	0.01297	0.05241	0.09418	0.00378	0.07688	0.00743	0.00374	0.00984
51	0.01560	0.02764	0.38118	0.06896	0.17697	0.01666	0.07517	0.02293	0.04030	0.02417	0.06631	0.02037	0.01526	0.00765	0.00743	0.00234	0.00980	0.00678	0.00386	0.01062
52	0.02353	0.01802	0.01936	0.01583	0.02099	0.02004	0.01273	0.33667	0.32562	0.06287	0.02369	0.02248	0.01732	0.00932	0.00742	0.00232	0.00697	0.00740	0.00744	0.03996
53	0.01624	0.01624	0.02274	0.01949	0.01949	0.02274	0.01624	0.01787	0.01137	0.01787	0.00975	0.01624	0.00975	0.01299	0.02436	0.00325	0.72552	0.00650	0.00325	0.00812
54	0.02611	0.07597	0.02389	0.02111	0.13793	0.08023	0.05941	0.13644	0.02171	0.27775	0.02105	0.05114	0.01558	0.00873	0.00733	0.00222	0.00819	0.00734	0.00648	0.01139
55	0.02569	0.01923	0.02245	0.02226	0.16205	0.06282	0.01513	0.35877	0.05008	0.12522	0.04776	0.02062	0.01586	0.00870	0.00743	0.00223	0.00811	0.00700	0.00668	0.01192
56	0.00911	0.00747	0.00803	0.00803	0.01027	0.00639	0.00597	0.01126	0.01752	0.02179	0.18726	0.10894	0.53538	0.01840	0.00881	0.00251	0.00375	0.01558	0.00713	0.00639
57	0.13886	0.01138	0.01484	0.01626	0.13060	0.01116	0.01055	0.02169	0.01857	0.16981	0.26991	0.03352	0.03500	0.01058	0.00728	0.00225	0.00536	0.00896	0.07426	0.00916
58	0.07586	0.19428	0.12549	0.07704	0.11306	0.07394	0.01673	0.13561	0.01961	0.08124	0.01441	0.01619	0.01099	0.00739	0.00648	0.00210	0.00883	0.00558	0.00462	0.01054
59	0.01661	0.01815	0.07276	0.19416	0.14551	0.09067	0.10225	0.05956	0.01738	0.02245	0.01951	0.16883	0.01874	0.01055	0.00791	0.00246	0.00923	0.00966	0.00448	0.00912
60	0.02688	0.01165	0.01546	0.01252	0.01709	0.01047	0.01006	0.06609	0.02123	0.48432	0.13104	0.10667	0.02932	0.01162	0.00788	0.00238	0.00577	0.00982	0.00868	0.01105
61	0.01295	0.02432	0.36826	0.01626	0.02229	0.04249	0.01779	0.01803	0.01515	0.02112	0.02469	0.30543	0.02599	0.03980	0.00911	0.00277	0.00826	0.01192	0.00472	0.00865
62	0.06477	0.08820	0.04768	0.02450	0.23131	0.15537	0.01579	0.02605	0.01809	0.16606	0.01845	0.05467	0.01523	0.00872	0.00705	0.00220	0.00874	0.03156	0.00514	0.01040
63	0.01518	0.00826	0.01063	0.01028	0.01220	0.00752	0.00734	0.01696	0.01637	0.17804	0.12439	0.31071	0.08844	0.14201	0.01374	0.00344	0.00513	0.01472	0.00719	0.00745
64	0.01296	0.01216	0.01751	0.01710	0.05561	0.05265	0.09688	0.01523	0.01469	0.01962	0.02868	0.42101	0.03250	0.01872	0.03645	0.00319	0.11724	0.01497	0.00545	0.00738
65	0.01860	0.13703	0.19596	0.06433	0.23548	0.06884	0.01991	0.06294	0.04195	0.02391	0.01381	0.01655	0.01098	0.00700	0.00674	0.00209	0.00927	0.00573	0.00387	0.05503
66	0.02121	0.62144	0.03582	0.01381	0.01973	0.14663	0.01299	0.02351	0.01611	0.01759	0.01052	0.01216	0.00953	0.00658	0.00510	0.00164	0.00888	0.00411	0.00329	0.00937
67	0.12203	0.01780	0.07565	0.10151	0.21798	0.01684	0.07334	0.08121	0.06913	0.07122	0.01827	0.02059	0.03718	0.00779	0.00710	0.00228	0.00825	0.00682	0.00486	0.04015
68	0.01840	0.01899	0.07862	0.16975	0.41292	0.04615	0.02116	0.04503	0.05261	0.04297	0.01509	0.01890	0.01192	0.00718	0.00733	0.00228	0.00913	0.00657	0.00405	0.01094
69	0.01271	0.01052	0.01714	0.06839	0.01923	0.01026	0.15239	0.01587	0.01568	0.02200	0.10126	0.08039	0.10879	0.16309	0.01417	0.00339	0.00693	0.03177	0.13894	0.00708
70	0.01052	0.00832	0.01070	0.01075	0.01208	0.00850	0.00814	0.01285	0.01686	0.02282	0.25479	0.24846	0.17912	0.01835	0.01087	0.00275	0.08674	0.06380	0.00689	0.00670
71	0.01810	0.05055	0.24910	0.02054	0.07520	0.05430	0.07462	0.12999	0.09357	0.02776	0.05811	0.07781	0.01854	0.00938	0.00754	0.00235	0.00896	0.00801	0.00507	0.01050
72	0.01739	0.01636	0.02655	0.14663	0.48676	0.01718	0.02056	0.02382	0.09794	0.02408	0.01673	0.04347	0.01404	0.00772	0.00746	0.00231	0.00848	0.00731	0.00420	0.01102
73	0.01085	0.00688	0.00949	0.01052	0.01114	0.00662	0.00754	0.01100	0.01331	0.01751	0.03308	0.33962	0.07351	0.02339	0.01625	0.27023	0.00544	0.12278	0.00563	0.00522
74	0.06123	0.01961	0.10355	0.14965	0.29015	0.01767	0.20482	0.02245	0.01636	0.02367	0.01386	0.01843	0.01084	0.00671	0.00757	0.00236	0.01010	0.00695	0.00363	0.01038
75	0.02163	0.13490	0.22429	0.04651	0.14000	0.01746	0.01850	0.02756	0.05752	0.21287	0.01848	0.01913	0.01317	0.00767	0.00691	0.00221	0.00847	0.00622	0.00521	0.01130
76	0.01822	0.01749	0.02986	0.06888	0.67066	0.01760	0.02271	0.02265	0.01683	0.02407	0.01394	0.01842	0.01169	0.00664	0.00735	0.00221	0.00886	0.00661	0.00366	0.01164
77	0.01131	0.00829	0.01106	0.04976	0.01328	0.00927	0.00808	0.01296	0.01238	0.01763	0.02390	0.15560	0.02552	0.26854	0.21062	0.00672	0.06602	0.01089	0.07213	0.00604
78	0.16087	0.06350	0.05133	0.02509	0.22706	0.24058	0.01623	0.08739	0.01906	0.02571	0.01266	0.01512	0.01025	0.00722	0.00650	0.00210	0.00971	0.00538	0.00420	0.01001
79	0.01147	0.00774	0.01006	0.01062	0.01228	0.00717	0.00814	0.01398	0.01736	0.06269	0.20495	0.27985	0.14336	0.01916	0.00926	0.00282	0.00473	0.16017	0.00733	0.00688
80	0.02141	0.46181	0.03290	0.04496	0.09460	0.19542	0.01451	0.02399	0.01674	0.01844	0.01111	0.01328	0.00979	0.00674	0.00562	0.00177	0.00945	0.00456	0.00339	0.00949
81	0.04339	0.01161	0.01382	0.01194	0.03993	0.00962	0.00910	0.01690	0.01559	0.02322	0.02703	0.03327	0.13186	0.01239	0.04687	0.00230	0.00630	0.07612	0.00505	0.46369
82	0.05223	0.15246	0.22802	0.01735	0.02444	0.14185	0.01745	0.18096	0.02144	0.07568	0.01459	0.01569	0.01082	0.00763	0.00662	0.00211	0.00966	0.00548	0.00479	0.01071
83	0.01693	0.41634	0.26737	0.01541	0.02273	0.02258	0.01723	0.02138	0.01520	0.01974	0.01470	0.09188	0.01379	0.00844	0.00608	0.00201	0.00861	0.00637	0.00357	0.00965
84	0.01031	0.00805	0.00950	0.00958	0.01175	0.00740	0.00753	0.01372	0.04274	0.02406	0.26747	0.06696	0.33786	0.01762	0.00901	0.00263	0.00435	0.13532	0.00733	0.00682
85	0.01810	0.49526	0.27192	0.01568	0.02366	0.02510	0.01789	0.02268	0.01529	0.01959	0.01138	0.01323	0.00948	0.00660	0.00557	0.00186	0.00901	0.00450	0.00316	0.01004
86	0.00976	0.00721	0.00886	0.00912	0.01046	0.00659	0.00642	0.01191	0.01710	0.02299	0.30423	0.25440	0.18519	0.09707	0.01213	0.00310	0.00419	0.01582	0.00714	0.00630
87	0.01033	0.00740	0.00903	0.00922	0.01094	0.00661	0.00668	0.01262	0.01764	0.04731	0.27285	0.27009	0.25484	0.01860	0.00894	0.00260	0.00393	0.01629	0.00741	0.00667
88	0.01062	0.00789	0.01160	0.01160	0.01281	0.00910	0.00886	0.01304	0.01183	0.01699	0.02019	0.03085	0.01929	0.11516	0.65120	0.01152	0.01878	0.00820	0.00402	0.00644
89	0.21093	0.01863	0.02002	0.01764	0.07907	0.02052	0.01327	0.43040	0.02742	0.06863	0.01617	0.01680	0.01169	0.00824	0.00674	0.00225	0.00757	0.00607	0.00649	0.01145
90	0.02285	0.02573	0.01791	0.01652	0.01973	0.42943	0.01234	0.11153	0.02112	0.02228	0.02014	0.20499	0.02046	0.01196	0.00753	0.00225	0.01027	0.00937	0.00513	0.00847
91	0.01050	0.00753	0.00933	0.00888	0.01074	0.00689	0.00666	0.01376	0.01998	0.02815	0.54530	0.05572	0.15933	0.01522	0.00848	0.00231	0.00354	0.01326	0.06754	0.00689
92	0.01757	0.10022	0.09393	0.02848	0.03613	0.01981	0.54548	0.02359	0.01711	0.02307	0.01438	0.01881	0.01093	0.00633	0.00819	0.00239	0.01190	0.00799	0.00364	0.01003
93	0.02822	0.02079	0.02228	0.01708	0.02302	0.02302	0.01411	0.66804	0.03490	0.04679	0.01782	0.01782	0.01262	0.00891	0.00743	0.00223	0.00817	0.00668	0.00743	0.01262
94	0.70727	0.01497	0.01449	0.01211	0.01702	0.01688	0.07966	0.02204	0.01317	0.03227	0.01085	0.01293	0.00839	0.00682	0.00505	0.00232	0.00648	0.00454	0.00450	0.00825
95	0.02306	0.06446	0.07540	0.05221	0.04801	0.20878	0.01548	0.21831	0.04429	0.02827	0.01422	0.01621	0.01112	0.00830	0.00857	0.00215	0.08043	0.00578	0.00490	0.07005

[dist]
# distance from previous block
# <min> <max>
0	1

[block]
# block no. 7 follows, 27 sequences, length 6
# corresponding to MSA columns:
# 2089-2094
name=unknown_H
#
# <colnr> <probs for GDERKNQSTAVLIFYWHMCP>
#	G	D	E	R	K	N	Q	S	T	A	V	L	I	F	Y	W	H	M	C	P
0	0.08765	0.02189	0.02131	0.01902	0.06541	0.23842	0.08227	0.07685	0.07454	0.04731	0.05145	0.02102	0.04191	0.00864	0.00791	0.00216	0.04553	0.00673	0.00501	0.07498
1	0.01099	0.00733	0.00880	0.00880	0.00920	0.00760	0.00553	0.01180	0.01139	0.01599	0.02273	0.04300	0.02465	0.54297	0.17350	0.00775	0.00952	0.00992	0.06341	0.00512
2	0.08550	0.13536	0.09291	0.07437	0.02246	0.09585	0.01385	0.14651	0.06936	0.02806	0.10824	0.05728	0.02123	0.00952	0.00693	0.00221	0.00795	0.00744	0.00538	0.00958
3	0.00904	0.00646	0.00861	0.01034	0.01077	0.00603	0.00689	0.01034	0.01421	0.01895	0.04092	0.73426	0.04910	0.02326	0.00948	0.00301	0.00431	0.02110	0.00689	0.00603
4	0.06255	0.02195	0.08002	0.18851	0.15809	0.14259	0.01804	0.16043	0.04942	0.02741	0.01461	0.01753	0.01118	0.00768	0.00710	0.00225	0.00964	0.00614	0.00458	0.01028
5	0.01653	0.00935	0.01149	0.01001	0.01308	0.00835	0.00756	0.01861	0.01648	0.19940	0.07762	0.04462	0.22025	0.15561	0.08827	0.00421	0.00694	0.01065	0.00660	0.07435

[dist]
# distance from previous block
# <min> <max>
0	1

[block]
# block no. 8 follows, 27 sequences, length 40
# corresponding to MSA columns:
# 2096-2135
name=unknown_I
#
# <colnr> <probs for GDERKNQSTAVLIFYWHMCP>
#	G	D	E	R	K	N	Q	S	T	A	V	L	I	F	Y	W	H	M	C	P
0	0.02163	0.01657	0.01870	0.01540	0.01954	0.14740	0.08817	0.02644	0.07610	0.21026	0.24027	0.03242	0.03310	0.01058	0.00790	0.00228	0.00747	0.00913	0.00703	0.00962
1	0.01912	0.02016	0.13372	0.02305	0.13632	0.01664	0.11700	0.11145	0.11558	0.06855	0.01885	0.04925	0.01485	0.00814	0.00740	0.00221	0.00843	0.00738	0.00523	0.11665
2	0.02223	0.01975	0.01787	0.01429	0.01981	0.18862	0.01125	0.09277	0.07544	0.10564	0.01659	0.01735	0.01266	0.00722	0.00641	0.00168	0.00790	0.00543	0.00540	0.35170
3	0.02326	0.18212	0.02410	0.01577	0.02097	0.11542	0.01310	0.24305	0.22886	0.03152	0.01915	0.01898	0.01464	0.00853	0.00677	0.00213	0.00811	0.00635	0.00604	0.01112
4	0.07856	0.18095	0.14293	0.01883	0.08300	0.17390	0.01596	0.02780	0.13622	0.05121	0.01580	0.01689	0.01233	0.00761	0.00643	0.00210	0.00916	0.00560	0.00450	0.01020
5	0.02080	0.10025	0.33859	0.01854	0.02620	0.16942	0.01987	0.08633	0.01912	0.07877	0.01550	0.01879	0.01195	0.00806	0.00696	0.00221	0.01038	0.03347	0.00435	0.01043
6	0.02221	0.12998	0.02096	0.01556	0.01936	0.30840	0.01241	0.05246	0.04093	0.07657	0.01809	0.02055	0.04252	0.01772	0.14381	0.00395	0.03484	0.00624	0.00461	0.00886
7	0.00922	0.00659	0.00877	0.01022	0.01081	0.00615	0.00690	0.01077	0.01502	0.02024	0.11789	0.65362	0.05159	0.02230	0.00939	0.00293	0.00421	0.02019	0.00704	0.00615
8	0.02489	0.01817	0.01984	0.01564	0.02041	0.02040	0.01285	0.50834	0.02980	0.04127	0.01817	0.01928	0.01342	0.00921	0.00849	0.00223	0.06780	0.00671	0.13174	0.01133
9	0.01412	0.01416	0.02584	0.02077	0.02387	0.01510	0.26705	0.01744	0.01481	0.02058	0.02316	0.27929	0.02468	0.01410	0.01283	0.00287	0.18376	0.01270	0.00477	0.00810
10	0.02271	0.20274	0.02616	0.02040	0.12943	0.14895	0.01459	0.13038	0.15294	0.05598	0.01713	0.01792	0.01341	0.00791	0.00664	0.00207	0.00864	0.00602	0.00519	0.01079
11	0.01832	0.07126	0.32702	0.01982	0.08217	0.01773	0.01967	0.15469	0.01963	0.02812	0.01409	0.01605	0.01059	0.00704	0.00670	0.00202	0.00893	0.00552	0.00432	0.16631
12	0.79154	0.01436	0.01091	0.00976	0.01436	0.01665	0.00804	0.02182	0.01263	0.03331	0.01034	0.01206	0.00804	0.00689	0.00459	0.00230	0.00574	0.00402	0.00459	0.00804
13	0.01948	0.01389	0.01482	0.01297	0.01682	0.01539	0.01019	0.12127	0.36131	0.07455	0.02674	0.02615	0.01996	0.00945	0.00687	0.00224	0.00555	0.00768	0.22409	0.01058
14	0.00877	0.00752	0.00752	0.00752	0.01003	0.00627	0.00564	0.01065	0.01692	0.02005	0.07520	0.07144	0.68978	0.01880	0.00877	0.00251	0.00376	0.01567	0.00689	0.00627
15	0.01131	0.00832	0.00928	0.00918	0.01128	0.00780	0.00678	0.06717	0.01818	0.02425	0.13879	0.21880	0.31566	0.01734	0.00840	0.00249	0.00419	0.01488	0.09899	0.00692
16	0.00994	0.00742	0.00926	0.00924	0.01094	0.00674	0.00685	0.01273	0.01891	0.02569	0.43128	0.16929	0.19993	0.01743	0.00892	0.00252	0.00379	0.03479	0.00765	0.00668
17	0.24195	0.01803	0.01851	0.01458	0.02012	0.01981	0.01204	0.41255	0.02706	0.12038	0.01709	0.01710	0.01203	0.00838	0.00664	0.00226	0.00727	0.00603	0.00684	0.01135
18	0.00965	0.00714	0.00901	0.00941	0.01078	0.00650	0.00673	0.01202	0.01769	0.02394	0.33407	0.31944	0.16847	0.01891	0.00904	0.00263	0.00386	0.01677	0.00746	0.00650
19	0.51142	0.01233	0.01069	0.00948	0.01351	0.01359	0.00768	0.02242	0.01437	0.11089	0.01598	0.01744	0.01195	0.00759	0.00508	0.00216	0.00525	0.00514	0.19470	0.00831
20	0.11261	0.01407	0.01536	0.01270	0.01676	0.01493	0.01018	0.28224	0.02492	0.09271	0.19700	0.05933	0.02986	0.01095	0.00735	0.00226	0.00593	0.00886	0.07216	0.00983
21	0.01837	0.01764	0.03013	0.04557	0.69279	0.01764	0.02278	0.02278	0.01690	0.02425	0.01396	0.01837	0.01176	0.00661	0.00735	0.00220	0.00882	0.00661	0.00367	0.01176
22	0.01061	0.00795	0.01193	0.01193	0.01326	0.00928	0.00928	0.01326	0.01193	0.01723	0.01988	0.02916	0.01856	0.05568	0.70968	0.01193	0.01988	0.00795	0.00398	0.00663
23	0.02073	0.01743	0.02293	0.13963	0.25938	0.08503	0.01703	0.09452	0.04242	0.10444	0.01703	0.02165	0.01371	0.06947	0.01061	0.00271	0.03915	0.00695	0.00489	0.01031
24	0.01702	0.17977	0.50947	0.01910	0.02871	0.02019	0.02332	0.07752	0.01717	0.02425	0.01309	0.01509	0.00970	0.00707	0.00662	0.00219	0.01012	0.00528	0.00350	0.01082
25	0.01019	0.00699	0.00960	0.01043	0.01111	0.00701	0.00732	0.01138	0.01360	0.01853	0.08633	0.36829	0.03826	0.08935	0.15669	0.09792	0.00800	0.03742	0.00577	0.00580
26	0.01412	0.00805	0.00836	0.00816	0.01009	0.00840	0.00611	0.01947	0.09406	0.02705	0.02471	0.02866	0.01979	0.04291	0.03670	0.00250	0.00461	0.00731	0.62158	0.00737
27	0.02897	0.01406	0.01734	0.01379	0.01909	0.01372	0.01123	0.11591	0.14934	0.45850	0.02780	0.02490	0.01850	0.00930	0.00738	0.00231	0.00634	0.00752	0.04178	0.01222
