[name]
unknown

[dist]
# distance from previous block
# <min> <max>
0	21

[block]
# block no. 0 follows, 24 sequences, length 34
# corresponding to MSA columns:
# 63-96
name=unknown_A
#
# <colnr> <probs for GDERKNQSTAVLIFYWHMCP>
#	G	D	E	R	K	N	Q	S	T	A	V	L	I	F	Y	W	H	M	C	P
0	0.01615	0.01693	0.08177	0.19668	0.11919	0.03924	0.01784	0.02388	0.12142	0.02543	0.08688	0.04013	0.02684	0.01207	0.00867	0.00278	0.00858	0.14011	0.00564	0.00976
1	0.01076	0.00866	0.01190	0.01163	0.01352	0.00791	0.05394	0.01296	0.01687	0.02182	0.10975	0.29753	0.24365	0.08894	0.01276	0.00340	0.00545	0.05474	0.00699	0.00683
2	0.02258	0.14641	0.11704	0.08300	0.03177	0.24781	0.16597	0.05167	0.01979	0.02275	0.01364	0.01683	0.01078	0.00754	0.00748	0.00226	0.01222	0.00632	0.00396	0.01018
3	0.01920	0.01987	0.02714	0.16956	0.23710	0.12153	0.08994	0.02503	0.07460	0.02361	0.01825	0.07849	0.01603	0.00943	0.00880	0.00254	0.03547	0.00848	0.00452	0.01041
4	0.02833	0.01244	0.01622	0.01334	0.01842	0.01114	0.01095	0.03248	0.06080	0.47247	0.03996	0.04086	0.12267	0.01264	0.00849	0.00262	0.00635	0.06894	0.00908	0.01178
5	0.01218	0.00922	0.01085	0.01071	0.01292	0.00874	0.00805	0.07442	0.02042	0.02687	0.22206	0.22611	0.25195	0.01930	0.00951	0.00279	0.00475	0.05380	0.00778	0.00754
6	0.09206	0.10098	0.23635	0.13324	0.13545	0.05085	0.02153	0.02443	0.04095	0.02443	0.01401	0.01753	0.01098	0.00801	0.00840	0.00247	0.05777	0.00608	0.00385	0.01063
7	0.01049	0.00716	0.00927	0.01059	0.01122	0.00695	0.00714	0.01208	0.01476	0.02052	0.03823	0.52595	0.04424	0.09523	0.06964	0.00433	0.00621	0.01880	0.08078	0.00643
8	0.02396	0.01576	0.01765	0.01440	0.01912	0.01645	0.01153	0.29172	0.08623	0.14016	0.03500	0.03419	0.15719	0.01373	0.01051	0.07729	0.00698	0.00950	0.00769	0.01095
9	0.01962	0.02094	0.03594	0.11655	0.30109	0.07862	0.26018	0.02492	0.01844	0.02448	0.01502	0.02001	0.01192	0.00712	0.00837	0.00248	0.01150	0.00777	0.00393	0.01111
10	0.01815	0.13967	0.21272	0.02844	0.12636	0.02069	0.25698	0.02442	0.01784	0.02460	0.04441	0.02021	0.01415	0.00742	0.00796	0.00242	0.01112	0.00748	0.00394	0.01101
11	0.19598	0.01389	0.01694	0.01331	0.01918	0.01298	0.01099	0.03533	0.02071	0.53856	0.02691	0.02394	0.01724	0.00928	0.00731	0.00245	0.00661	0.00718	0.00875	0.01243
12	0.01914	0.01272	0.01454	0.01260	0.01654	0.01283	0.00990	0.09384	0.17573	0.14429	0.18736	0.04630	0.19320	0.01401	0.00865	0.00257	0.00549	0.01174	0.00833	0.01021
13	0.05734	0.13935	0.22569	0.01811	0.06351	0.01791	0.01748	0.02736	0.08059	0.14837	0.05800	0.02613	0.06806	0.00955	0.00740	0.00238	0.00829	0.00759	0.00574	0.01117
14	0.01658	0.01789	0.12813	0.09935	0.25204	0.01443	0.01883	0.02099	0.01691	0.06791	0.02378	0.20495	0.02335	0.01468	0.04157	0.00315	0.00903	0.01110	0.00512	0.01020
15	0.02006	0.57794	0.17967	0.01552	0.02337	0.02857	0.01697	0.02404	0.01625	0.02005	0.01172	0.01359	0.01015	0.00695	0.00562	0.00187	0.00918	0.00459	0.00338	0.01051
16	0.02255	0.02910	0.17642	0.10827	0.17590	0.20405	0.02133	0.11950	0.02160	0.02688	0.01455	0.01759	0.01124	0.00795	0.00761	0.00234	0.01133	0.00626	0.00439	0.01113
17	0.02401	0.01829	0.11003	0.08598	0.13107	0.01488	0.05966	0.05783	0.02026	0.26543	0.02605	0.02656	0.05872	0.00931	0.00793	0.00245	0.00838	0.00806	0.05347	0.01165
18	0.47304	0.01687	0.02061	0.02504	0.24830	0.01827	0.04499	0.02377	0.01536	0.03167	0.01265	0.01568	0.01016	0.00722	0.00616	0.00243	0.00765	0.00552	0.00452	0.01009
19	0.02217	0.05480	0.19017	0.09335	0.02966	0.25431	0.04958	0.02663	0.01867	0.06728	0.01570	0.04923	0.01291	0.00925	0.00923	0.00245	0.07342	0.00684	0.00431	0.01003
20	0.01154	0.00886	0.01244	0.01255	0.01340	0.01016	0.00931	0.01352	0.01311	0.01850	0.02616	0.19918	0.02808	0.13826	0.36996	0.00882	0.08219	0.01218	0.00501	0.00677
21	0.02201	0.02337	0.20171	0.05141	0.19491	0.01671	0.07876	0.05107	0.01930	0.16953	0.01849	0.02039	0.01329	0.00778	0.00776	0.00235	0.00952	0.00695	0.00528	0.07940
22	0.01881	0.03236	0.44940	0.05864	0.15656	0.01769	0.02600	0.02627	0.01763	0.09898	0.01629	0.01867	0.01164	0.00772	0.00766	0.00248	0.01066	0.00639	0.00420	0.01195
23	0.03507	0.01431	0.01891	0.01450	0.02065	0.01287	0.01198	0.09547	0.02406	0.61858	0.03014	0.02625	0.01905	0.00979	0.00797	0.00245	0.00693	0.00790	0.00964	0.01349
24	0.01034	0.00719	0.00900	0.01017	0.01047	0.00689	0.00643	0.01122	0.01386	0.01848	0.03692	0.47544	0.04389	0.27722	0.02108	0.00484	0.00572	0.01855	0.00643	0.00585
25	0.02251	0.23713	0.25432	0.01897	0.02669	0.20288	0.01959	0.08698	0.02010	0.02413	0.01324	0.01514	0.01046	0.00768	0.00676	0.00214	0.01118	0.00531	0.00401	0.01077
26	0.01130	0.00851	0.01107	0.03796	0.01447	0.00864	0.00895	0.01494	0.05979	0.02212	0.06698	0.35986	0.11364	0.02657	0.10904	0.00445	0.00750	0.07325	0.03372	0.00723
27	0.01132	0.00846	0.01255	0.01250	0.01396	0.00970	0.00970	0.01423	0.01360	0.01960	0.07855	0.03364	0.02470	0.05564	0.62956	0.01184	0.01969	0.00901	0.00465	0.00712
28	0.01413	0.01205	0.01657	0.08620	0.16171	0.01199	0.01270	0.07135	0.01916	0.02493	0.06572	0.17073	0.27005	0.01586	0.00891	0.00267	0.00636	0.01381	0.00633	0.00877
29	0.01844	0.01454	0.02323	0.20216	0.06141	0.01520	0.11654	0.09717	0.02037	0.09323	0.07207	0.11521	0.05417	0.01214	0.00878	0.00271	0.00864	0.04818	0.00605	0.00977
30	0.03321	0.01625	0.01998	0.01543	0.02155	0.01587	0.01271	0.21851	0.05734	0.46077	0.02771	0.02476	0.01803	0.00977	0.00797	0.00244	0.00731	0.00777	0.00917	0.01345
31	0.01247	0.00774	0.01042	0.01166	0.01279	0.00719	0.00826	0.01421	0.01619	0.08464	0.04234	0.59336	0.04864	0.02312	0.00999	0.00318	0.00505	0.07395	0.00760	0.00721
32	0.01862	0.25829	0.10800	0.02344	0.03073	0.02258	0.31132	0.02359	0.01700	0.02222	0.01496	0.02070	0.01269	0.07016	0.01049	0.00277	0.01105	0.00747	0.00380	0.01011
33	0.08380	0.01561	0.02436	0.06553	0.12489	0.04610	0.14982	0.04151	0.01705	0.02474	0.06156	0.02577	0.01856	0.02517	0.23379	0.00589	0.01378	0.00820	0.00458	0.00929

[dist]
# distance from previous block
# <min> <max>
1	72

[block]
# block no. 1 follows, 24 sequences, length 7
# corresponding to MSA columns:
# 169-175
name=unknown_B
#
# <colnr> <probs for GDERKNQSTAVLIFYWHMCP>
#	G	D	E	R	K	N	Q	S	T	A	V	L	I	F	Y	W	H	M	C	P
0	0.02245	0.08221	0.02649	0.01973	0.02419	0.16570	0.11884	0.11327	0.04741	0.05873	0.11259	0.02439	0.02163	0.01024	0.01071	0.00249	0.11523	0.00797	0.00559	0.01015
1	0.01350	0.01103	0.01696	0.01503	0.01716	0.01176	0.09781	0.01650	0.01569	0.02249	0.06027	0.11810	0.07224	0.09066	0.11131	0.00474	0.09865	0.08012	0.11840	0.00756
2	0.01022	0.00767	0.00913	0.00971	0.01112	0.00698	0.00682	0.01210	0.01696	0.02202	0.15667	0.27978	0.25309	0.11841	0.01398	0.00356	0.00481	0.04322	0.00723	0.00651
3	0.01528	0.00981	0.01149	0.10594	0.01746	0.01066	0.00903	0.02198	0.11220	0.02897	0.07294	0.03060	0.02360	0.00980	0.00654	0.00213	0.00504	0.00809	0.49007	0.00836
4	0.01768	0.01653	0.02575	0.11185	0.41313	0.01714	0.01977	0.02471	0.11284	0.02572	0.02654	0.02920	0.10571	0.00953	0.00810	0.00248	0.00833	0.00870	0.00498	0.01132
5	0.01472	0.01010	0.01276	0.01189	0.01416	0.01103	0.00928	0.10343	0.01849	0.02733	0.11804	0.03327	0.02723	0.03471	0.33877	0.00731	0.01293	0.00893	0.17750	0.00810
6	0.01906	0.02609	0.15581	0.03053	0.03889	0.07136	0.48722	0.02583	0.01866	0.02489	0.01543	0.02003	0.01154	0.00695	0.00887	0.00260	0.01315	0.00842	0.00390	0.01076

[dist]
# distance from previous block
# <min> <max>
0	10

[block]
# block no. 2 follows, 24 sequences, length 27
# corresponding to MSA columns:
# 186-212
name=unknown_C
#
# <colnr> <probs for GDERKNQSTAVLIFYWHMCP>
#	G	D	E	R	K	N	Q	S	T	A	V	L	I	F	Y	W	H	M	C	P
0	0.02080	0.04806	0.02736	0.06150	0.26904	0.09592	0.06587	0.05652	0.16521	0.02731	0.01859	0.02096	0.01471	0.00806	0.00769	0.00232	0.00928	0.00717	0.00509	0.06855
1	0.02764	0.20382	0.02735	0.01841	0.02351	0.42481	0.01485	0.12536	0.02322	0.02399	0.01301	0.01465	0.01071	0.00804	0.00677	0.00201	0.01201	0.00521	0.00452	0.01010
2	0.01877	0.06709	0.15010	0.01729	0.07004	0.01530	0.01505	0.07673	0.06677	0.09247	0.02938	0.06547	0.11777	0.01065	0.00762	0.00225	0.00748	0.00876	0.00588	0.15512
3	0.01971	0.01977	0.02120	0.23071	0.06597	0.18932	0.03841	0.02540	0.08802	0.05229	0.07786	0.09389	0.02248	0.01074	0.00814	0.00252	0.00973	0.00909	0.00533	0.00943
4	0.00979	0.00753	0.00896	0.00969	0.01124	0.00670	0.00685	0.01178	0.01744	0.02248	0.15392	0.36352	0.29834	0.02165	0.00971	0.00290	0.00424	0.01900	0.00757	0.00670
5	0.01640	0.01571	0.02762	0.25981	0.28328	0.01665	0.09839	0.02103	0.01695	0.02307	0.01927	0.12889	0.01804	0.01008	0.00842	0.00263	0.00955	0.00976	0.00434	0.01012
6	0.02067	0.17682	0.37275	0.02093	0.05484	0.13228	0.02246	0.02676	0.01800	0.06442	0.01437	0.01629	0.01081	0.00761	0.00701	0.00226	0.01108	0.00559	0.00392	0.01113
7	0.01421	0.01218	0.01903	0.13776	0.20832	0.01253	0.01563	0.01801	0.01796	0.02436	0.12796	0.14835	0.06913	0.01480	0.00910	0.00282	0.00732	0.12568	0.00594	0.00892
8	0.00997	0.00733	0.00918	0.01031	0.01120	0.00690	0.00698	0.01140	0.01508	0.01971	0.04644	0.46427	0.16058	0.11374	0.06421	0.00439	0.00611	0.01905	0.00681	0.00633
9	0.01237	0.11958	0.01493	0.01114	0.01304	0.01137	0.00847	0.01442	0.01515	0.02041	0.07946	0.26637	0.06915	0.10473	0.16317	0.00544	0.00910	0.01374	0.04085	0.00712
10	0.02239	0.02063	0.02974	0.09474	0.17854	0.09299	0.16229	0.08562	0.09360	0.08556	0.01847	0.02125	0.01396	0.00833	0.00885	0.00251	0.03616	0.00768	0.00528	0.01142
11	0.01778	0.01696	0.02886	0.30752	0.42740	0.01836	0.02342	0.02272	0.01718	0.02367	0.01459	0.02023	0.01177	0.00741	0.00788	0.00247	0.00988	0.00706	0.00377	0.01107
12	0.01633	0.00981	0.01365	0.01453	0.01702	0.00952	0.01260	0.01989	0.01895	0.12558	0.04032	0.07972	0.04158	0.02002	0.01049	0.00346	0.00722	0.52334	0.00769	0.00827
13	0.10068	0.16096	0.28566	0.05368	0.13025	0.02118	0.06845	0.04733	0.01735	0.02588	0.01369	0.01664	0.01060	0.00733	0.00700	0.00234	0.01011	0.00593	0.00384	0.01108
14	0.01503	0.07529	0.17429	0.01990	0.02604	0.01551	0.19161	0.02082	0.03821	0.02482	0.11812	0.13825	0.08315	0.01234	0.00869	0.00262	0.00886	0.01155	0.00542	0.00948
15	0.01088	0.00808	0.01147	0.01175	0.01310	0.00867	0.00883	0.01352	0.01500	0.02101	0.12926	0.17932	0.06412	0.04381	0.41276	0.00873	0.01430	0.01268	0.00573	0.00699
16	0.01170	0.00950	0.01216	0.01184	0.01345	0.00997	0.00925	0.01438	0.01835	0.02482	0.26595	0.13969	0.21128	0.01855	0.01224	0.00292	0.11389	0.08554	0.00723	0.00732
17	0.02252	0.07861	0.23258	0.01827	0.02582	0.02044	0.01844	0.16831	0.20375	0.09812	0.02189	0.02163	0.01580	0.00906	0.00764	0.00247	0.00877	0.00712	0.00636	0.01241
18	0.01498	0.01409	0.02378	0.70226	0.05462	0.01762	0.02202	0.02026	0.01586	0.02026	0.01409	0.02114	0.01057	0.00793	0.00793	0.00264	0.01057	0.00705	0.00352	0.00881
19	0.03149	0.01264	0.01679	0.01316	0.01876	0.01088	0.01078	0.03440	0.02198	0.57513	0.03893	0.03468	0.12076	0.01141	0.00819	0.00249	0.00632	0.00934	0.00943	0.01244
20	0.01708	0.03498	0.53352	0.12794	0.03654	0.01784	0.02698	0.02527	0.01700	0.06813	0.01535	0.01812	0.01077	0.00775	0.00762	0.00253	0.01121	0.00619	0.00381	0.01139
21	0.02021	0.06766	0.02388	0.01839	0.02276	0.18553	0.13290	0.04437	0.07331	0.05427	0.18609	0.08163	0.03196	0.01143	0.00836	0.00243	0.00914	0.01005	0.00616	0.00950
22	0.00958	0.00722	0.00887	0.01020	0.01128	0.00651	0.00699	0.01114	0.01600	0.02057	0.05400	0.53623	0.22571	0.02351	0.00991	0.00307	0.00444	0.02091	0.00736	0.00651
23	0.01964	0.01856	0.02997	0.04360	0.57037	0.01898	0.02250	0.02711	0.11770	0.02704	0.01762	0.02118	0.01438	0.00764	0.00788	0.00241	0.00893	0.00736	0.00457	0.01256
24	0.11219	0.02560	0.12939	0.08129	0.06693	0.13875	0.20571	0.07226	0.01972	0.05219	0.01508	0.01833	0.01130	0.00762	0.00779	0.00246	0.01137	0.00693	0.00450	0.01059
25	0.01101	0.00807	0.01038	0.01078	0.01222	0.00786	0.00804	0.01345	0.01702	0.02286	0.19797	0.15830	0.14289	0.12794	0.11572	0.00509	0.00765	0.10917	0.00686	0.00673
26	0.00979	0.00752	0.00897	0.00972	0.01125	0.00670	0.00687	0.01178	0.01742	0.02250	0.15498	0.36849	0.29216	0.02167	0.00971	0.00290	0.00424	0.01904	0.00758	0.00670

[dist]
# distance from previous block
# <min> <max>
0	1

[block]
# block no. 3 follows, 24 sequences, length 7
# corresponding to MSA columns:
# 214-220
name=unknown_D
#
# <colnr> <probs for GDERKNQSTAVLIFYWHMCP>
#	G	D	E	R	K	N	Q	S	T	A	V	L	I	F	Y	W	H	M	C	P
0	0.02356	0.07751	0.02542	0.09010	0.20359	0.18503	0.01734	0.03078	0.14443	0.09634	0.01908	0.02067	0.01466	0.00842	0.00752	0.00233	0.00975	0.00683	0.00534	0.01129
1	0.17360	0.02418	0.02725	0.02660	0.15562	0.21817	0.15413	0.02801	0.07141	0.02639	0.01504	0.01791	0.01192	0.00767	0.00741	0.00238	0.01083	0.00659	0.00453	0.01036
2	0.18346	0.02040	0.11253	0.08886	0.07482	0.06173	0.01565	0.10263	0.05680	0.08061	0.02236	0.07615	0.05138	0.01020	0.00743	0.00252	0.00833	0.00809	0.00569	0.01036
3	0.02263	0.02299	0.10578	0.06217	0.13132	0.07697	0.09688	0.15337	0.08948	0.07396	0.01839	0.02029	0.01370	0.00819	0.00784	0.00236	0.00975	0.00713	0.00556	0.07125
4	0.06484	0.04574	0.06866	0.01472	0.01868	0.06915	0.03636	0.04868	0.05520	0.08485	0.18163	0.12058	0.06555	0.01390	0.00916	0.00264	0.03412	0.04953	0.00679	0.00920
5	0.05888	0.07689	0.11648	0.01861	0.05110	0.09100	0.06675	0.10625	0.04730	0.10055	0.01859	0.02188	0.01453	0.04177	0.04736	0.04512	0.00995	0.00698	0.04967	0.01034
6	0.08481	0.01841	0.11348	0.01816	0.06652	0.03716	0.03597	0.02498	0.16490	0.02729	0.07804	0.13588	0.02744	0.01261	0.00897	0.00266	0.03900	0.04344	0.00604	0.05423

[dist]
# distance from previous block
# <min> <max>
2	87

[block]
# block no. 4 follows, 24 sequences, length 48
# corresponding to MSA columns:
# 335-344,387-424
name=unknown_E
#
# <colnr> <probs for GDERKNQSTAVLIFYWHMCP>
#	G	D	E	R	K	N	Q	S	T	A	V	L	I	F	Y	W	H	M	C	P
0	0.05998	0.11568	0.14267	0.08369	0.02767	0.02028	0.07717	0.12235	0.01959	0.06578	0.01958	0.02232	0.05242	0.01201	0.04499	0.00305	0.08808	0.00727	0.00494	0.01047
1	0.11975	0.12696	0.06679	0.02132	0.13390	0.14493	0.01547	0.08762	0.08604	0.02754	0.02173	0.02292	0.07485	0.00916	0.00709	0.00229	0.00901	0.00697	0.00512	0.01054
2	0.02173	0.32032	0.17178	0.01701	0.02405	0.09933	0.01703	0.12235	0.05040	0.02580	0.01581	0.05208	0.01353	0.00865	0.00669	0.00214	0.00956	0.00631	0.00460	0.01083
3	0.05876	0.02131	0.09642	0.05310	0.17939	0.07150	0.01733	0.11552	0.02112	0.12539	0.01727	0.01903	0.01284	0.00780	0.00728	0.00216	0.00881	0.00634	0.00550	0.15314
4	0.01125	0.00860	0.01152	0.07689	0.01648	0.00870	0.00964	0.01372	0.01612	0.02104	0.07520	0.21109	0.15836	0.10483	0.08944	0.00469	0.00779	0.14139	0.00641	0.00683
5	0.01783	0.01584	0.02471	0.17762	0.33399	0.01684	0.01907	0.08289	0.01852	0.02532	0.01998	0.02701	0.04848	0.09067	0.04491	0.00354	0.00970	0.00814	0.00453	0.01041
6	0.09872	0.12744	0.21200	0.02385	0.11787	0.15179	0.07900	0.02534	0.01775	0.02410	0.01459	0.04591	0.01229	0.00813	0.00717	0.00232	0.01072	0.00654	0.00398	0.01048
7	0.02206	0.02182	0.10200	0.02768	0.16406	0.08090	0.16852	0.04717	0.05096	0.13227	0.02125	0.06027	0.01727	0.00944	0.00840	0.00256	0.01013	0.03639	0.00552	0.01132
8	0.00995	0.00750	0.00876	0.00951	0.01077	0.00679	0.00647	0.01145	0.01601	0.02048	0.08677	0.34249	0.27137	0.13680	0.01477	0.00372	0.00485	0.01822	0.00702	0.00632
9	0.01882	0.06088	0.21981	0.11946	0.14183	0.01823	0.02065	0.10422	0.04894	0.05500	0.01979	0.10094	0.01703	0.01000	0.00791	0.00253	0.00931	0.00850	0.00503	0.01110
10	0.02669	0.04615	0.11628	0.01870	0.02531	0.05120	0.04939	0.27238	0.08984	0.16160	0.02096	0.02094	0.01480	0.00931	0.00861	0.00247	0.03872	0.00722	0.00694	0.01249
11	0.01794	0.00969	0.01179	0.01118	0.01354	0.00941	0.00810	0.02207	0.08307	0.17347	0.03310	0.24362	0.03190	0.13780	0.01381	0.00351	0.00563	0.01306	0.14872	0.00859
12	0.01088	0.00870	0.00925	0.00897	0.01140	0.00780	0.00660	0.04524	0.01878	0.02337	0.13093	0.09930	0.48262	0.08611	0.01228	0.00315	0.00461	0.01576	0.00729	0.00694
13	0.01462	0.08181	0.04726	0.01494	0.05029	0.08736	0.01106	0.01825	0.05099	0.02329	0.14662	0.34625	0.04218	0.01721	0.00882	0.00271	0.00658	0.01506	0.00653	0.00818
14	0.01971	0.01827	0.02088	0.02266	0.15469	0.13140	0.04500	0.04792	0.11150	0.06120	0.15217	0.03773	0.06410	0.01184	0.00850	0.00253	0.00825	0.06504	0.00643	0.01018
15	0.01952	0.03123	0.33301	0.02761	0.17206	0.09372	0.05657	0.08422	0.02003	0.02738	0.04865	0.01978	0.01442	0.00810	0.00779	0.00242	0.01089	0.00679	0.00431	0.01152
16	0.02241	0.14186	0.03018	0.12115	0.28312	0.02257	0.01940	0.20886	0.02316	0.03107	0.01536	0.01846	0.01216	0.00786	0.00741	0.00229	0.00920	0.00660	0.00497	0.01192
17	0.01906	0.01862	0.02054	0.01771	0.07429	0.11087	0.04935	0.02445	0.07862	0.02559	0.01574	0.01794	0.01279	0.00682	0.00663	0.00163	0.00786	0.00563	0.00483	0.48103
18	0.02463	0.13977	0.12795	0.02259	0.09226	0.36416	0.01823	0.04729	0.02014	0.02179	0.01277	0.01528	0.01054	0.00806	0.00788	0.00217	0.04492	0.00544	0.00394	0.01019
19	0.01057	0.00806	0.00959	0.00922	0.01130	0.00721	0.00684	0.01353	0.02041	0.02736	0.42855	0.06508	0.28696	0.04762	0.01068	0.00278	0.00401	0.01508	0.00807	0.00708
20	0.01915	0.01862	0.02962	0.21732	0.24526	0.05189	0.11929	0.07981	0.01895	0.02544	0.01515	0.02040	0.01211	0.01031	0.04041	0.00301	0.05096	0.00739	0.00419	0.01069
21	0.01338	0.00689	0.01022	0.01040	0.01044	0.00684	0.00693	0.01040	0.01079	0.01439	0.01662	0.08999	0.01746	0.02729	0.02900	0.69635	0.00667	0.00838	0.00382	0.00373
22	0.02463	0.33444	0.03117	0.01609	0.02190	0.02666	0.01432	0.24361	0.05654	0.06475	0.01593	0.01701	0.01258	0.00881	0.00848	0.00220	0.07784	0.00597	0.00557	0.01149
23	0.02082	0.65558	0.03984	0.01429	0.02040	0.03067	0.01394	0.02328	0.01572	0.01870	0.01096	0.01318	0.01020	0.00749	0.00717	0.00187	0.07795	0.00451	0.00340	0.01003
24	0.01014	0.00806	0.00910	0.00884	0.01118	0.00702	0.00663	0.01287	0.01989	0.02573	0.32393	0.06923	0.42235	0.01848	0.00936	0.00260	0.00390	0.01574	0.00793	0.00702
25	0.02331	0.01056	0.01350	0.01130	0.01529	0.00938	0.00899	0.02653	0.02108	0.33956	0.18761	0.04050	0.10350	0.01236	0.00803	0.00238	0.00520	0.01035	0.14031	0.01026
26	0.77733	0.01534	0.01166	0.01043	0.01534	0.01779	0.00859	0.02331	0.01350	0.03558	0.01104	0.01288	0.00859	0.00736	0.00491	0.00245	0.00613	0.00429	0.00491	0.00859
27	0.01052	0.00807	0.01089	0.01214	0.01254	0.00844	0.00848	0.01194	0.01484	0.02011	0.03998	0.63793	0.04774	0.02362	0.01190	0.00325	0.08319	0.02080	0.00693	0.00669
28	0.01731	0.27283	0.40690	0.01856	0.02782	0.02198	0.02226	0.02370	0.01664	0.02268	0.01716	0.02070	0.04158	0.00837	0.00690	0.00228	0.01010	0.02774	0.00369	0.01080
29	0.09145	0.02238	0.15331	0.02009	0.05713	0.01879	0.07403	0.12562	0.19139	0.13138	0.02227	0.02229	0.01597	0.00893	0.00775	0.00253	0.00859	0.00744	0.00652	0.01214
30	0.03285	0.01289	0.01753	0.01365	0.01930	0.01119	0.01119	0.03600	0.02267	0.60509	0.10251	0.03060	0.02581	0.01053	0.00813	0.00246	0.00641	0.00869	0.00969	0.01282
31	0.01963	0.01884	0.03219	0.04867	0.67185	0.01884	0.02434	0.02434	0.01806	0.02591	0.01492	0.01963	0.01256	0.00707	0.00785	0.00236	0.00942	0.00707	0.00393	0.01256
32	0.01840	0.06197	0.26700	0.09093	0.03119	0.01780	0.10877	0.05601	0.07717	0.07913	0.02498	0.02644	0.08634	0.00940	0.00802	0.00253	0.00975	0.00813	0.00510	0.01094
33	0.02384	0.01415	0.01641	0.01338	0.01808	0.01396	0.01076	0.22373	0.02595	0.22134	0.10604	0.06278	0.18839	0.01347	0.00853	0.00252	0.00631	0.01105	0.00840	0.01092
34	0.00963	0.00701	0.00909	0.01076	0.01143	0.00647	0.00723	0.01107	0.01546	0.02036	0.04719	0.65522	0.11111	0.02439	0.01005	0.00317	0.00455	0.02199	0.00736	0.00647
35	0.01840	0.01874	0.03533	0.17356	0.34134	0.01900	0.22784	0.02388	0.01784	0.02462	0.01512	0.02051	0.01199	0.00711	0.00836	0.00252	0.01095	0.00782	0.00387	0.01120
36	0.01590	0.04102	0.68023	0.02260	0.03432	0.01842	0.02930	0.02511	0.01674	0.02511	0.01423	0.01674	0.01005	0.00753	0.00753	0.00251	0.01172	0.00586	0.00335	0.01172
37	0.03193	0.01474	0.01871	0.01454	0.02027	0.01390	0.01193	0.16187	0.02569	0.48054	0.09465	0.02868	0.02407	0.01042	0.00811	0.00244	0.00685	0.00846	0.00931	0.01287
38	0.01049	0.00808	0.00958	0.00920	0.01139	0.00717	0.00690	0.01354	0.02071	0.02767	0.43390	0.06603	0.31116	0.01775	0.00936	0.00257	0.00385	0.01529	0.00819	0.00717
39	0.01042	0.01101	0.07274	0.01029	0.01331	0.00793	0.00875	0.01336	0.01838	0.02370	0.18774	0.16813	0.38790	0.01885	0.00931	0.00271	0.00479	0.01613	0.00726	0.00729
40	0.01024	0.00720	0.00897	0.01014	0.01056	0.00685	0.00649	0.01121	0.01417	0.01876	0.03959	0.47519	0.07510	0.24447	0.01963	0.00460	0.00555	0.01878	0.00655	0.00594
41	0.01644	0.01409	0.01644	0.01175	0.01879	0.01057	0.00940	0.01997	0.01644	0.02584	0.01409	0.01644	0.01175	0.00587	0.00587	0.00117	0.00587	0.00470	0.00470	0.76979
42	0.01615	0.01164	0.01510	0.01652	0.08335	0.01163	0.01140	0.10654	0.04342	0.06753	0.08854	0.26401	0.10071	0.01778	0.00937	0.00290	0.00618	0.11089	0.00736	0.00897
43	0.01694	0.01610	0.02734	0.42598	0.31553	0.01814	0.02300	0.02198	0.01679	0.02265	0.01444	0.02050	0.01141	0.00756	0.00790	0.00252	0.01008	0.00705	0.00369	0.01039
44	0.01153	0.00769	0.00865	0.00865	0.00865	0.00769	0.00480	0.01153	0.01153	0.01538	0.02499	0.05189	0.02883	0.72131	0.04036	0.00769	0.00769	0.01153	0.00480	0.00480
45	0.01775	0.01487	0.01714	0.01236	0.01934	0.01191	0.00994	0.07951	0.01843	0.02814	0.01457	0.01669	0.01191	0.00622	0.00607	0.00129	0.00614	0.00493	0.00501	0.69778
46	0.02294	0.03011	0.18704	0.02945	0.21583	0.20573	0.05012	0.11483	0.02172	0.02731	0.01465	0.01744	0.01140	0.00782	0.00766	0.00232	0.01142	0.00634	0.00440	0.01147
47	0.00982	0.00703	0.00935	0.01093	0.01154	0.00655	0.00737	0.01145	0.01593	0.02144	0.10832	0.64811	0.05476	0.02395	0.01004	0.00315	0.00451	0.02169	0.00750	0.00655

[dist]
# distance from previous block
# <min> <max>
0	5

[block]
# block no. 5 follows, 24 sequences, length 11
# corresponding to MSA columns:
# 430-440
name=unknown_F
#
# <colnr> <probs for GDERKNQSTAVLIFYWHMCP>
#	G	D	E	R	K	N	Q	S	T	A	V	L	I	F	Y	W	H	M	C	P
0	0.01645	0.01101	0.01532	0.19693	0.02531	0.01137	0.01249	0.04707	0.01842	0.13004	0.03996	0.20586	0.15944	0.01595	0.00899	0.00282	0.00683	0.06031	0.00676	0.00867
1	0.01522	0.01411	0.02270	0.14685	0.20104	0.01458	0.08250	0.02095	0.08101	0.02377	0.03160	0.17458	0.11148	0.01305	0.00873	0.00270	0.00798	0.01206	0.00547	0.00961
2	0.01834	0.01769	0.01810	0.01390	0.01979	0.10498	0.01105	0.02147	0.01681	0.02424	0.01345	0.01625	0.01139	0.00704	0.00819	0.00154	0.08159	0.00499	0.00448	0.58470
3	0.01293	0.00744	0.01117	0.01117	0.01166	0.00793	0.00793	0.01166	0.01117	0.01538	0.01636	0.02654	0.01587	0.03860	0.25907	0.50741	0.01186	0.00744	0.00372	0.00470
4	0.12983	0.01976	0.02442	0.15998	0.27314	0.11059	0.01883	0.02608	0.08535	0.02582	0.01549	0.01917	0.01243	0.00810	0.00813	0.00246	0.03874	0.00659	0.00443	0.01064
5	0.48431	0.01314	0.01160	0.01022	0.01456	0.01437	0.00829	0.02436	0.01559	0.12713	0.01758	0.01899	0.01304	0.00817	0.00551	0.00231	0.00563	0.00558	0.19062	0.00901
6	0.00984	0.00805	0.00868	0.00852	0.01100	0.00689	0.00639	0.01228	0.01917	0.02403	0.22793	0.07202	0.51940	0.01911	0.00937	0.00263	0.00395	0.01613	0.00771	0.00689
7	0.00966	0.00690	0.00920	0.01104	0.01150	0.00644	0.00736	0.01104	0.01518	0.02024	0.04371	0.71614	0.05245	0.02484	0.01012	0.00322	0.00460	0.02254	0.00736	0.00644
8	0.00966	0.00690	0.00920	0.01104	0.01150	0.00644	0.00736	0.01104	0.01518	0.02024	0.04371	0.71614	0.05245	0.02484	0.01012	0.00322	0.00460	0.02254	0.00736	0.00644
9	0.01133	0.00850	0.01274	0.01274	0.01416	0.00991	0.00991	0.01416	0.01274	0.01841	0.02124	0.03115	0.01982	0.05947	0.68989	0.01274	0.02124	0.00850	0.00425	0.00708
10	0.77733	0.01534	0.01166	0.01043	0.01534	0.01779	0.00859	0.02331	0.01350	0.03558	0.01104	0.01288	0.00859	0.00736	0.00491	0.00245	0.00613	0.00429	0.00491	0.00859

[dist]
# distance from previous block
# <min> <max>
0	11

[block]
# block no. 6 follows, 24 sequences, length 22
# corresponding to MSA columns:
# 452-473
name=unknown_G
#
# <colnr> <probs for GDERKNQSTAVLIFYWHMCP>
#	G	D	E	R	K	N	Q	S	T	A	V	L	I	F	Y	W	H	M	C	P
0	0.01644	0.01409	0.01644	0.01175	0.01879	0.01057	0.00940	0.01997	0.01644	0.02584	0.01409	0.01644	0.01175	0.00587	0.00587	0.00117	0.00587	0.00470	0.00470	0.76979
1	0.01644	0.01409	0.01644	0.01175	0.01879	0.01057	0.00940	0.01997	0.01644	0.02584	0.01409	0.01644	0.01175	0.00587	0.00587	0.00117	0.00587	0.00470	0.00470	0.76979
2	0.77733	0.01534	0.01166	0.01043	0.01534	0.01779	0.00859	0.02331	0.01350	0.03558	0.01104	0.01288	0.00859	0.00736	0.00491	0.00245	0.00613	0.00429	0.00491	0.00859
3	0.01972	0.01703	0.01793	0.01614	0.02062	0.01972	0.01255	0.04214	0.65752	0.03317	0.03228	0.02959	0.02421	0.01076	0.00807	0.00269	0.00628	0.00897	0.00807	0.01255
4	0.77733	0.01534	0.01166	0.01043	0.01534	0.01779	0.00859	0.02331	0.01350	0.03558	0.01104	0.01288	0.00859	0.00736	0.00491	0.00245	0.00613	0.00429	0.00491	0.00859
5	0.01963	0.01884	0.03219	0.04867	0.67185	0.01884	0.02434	0.02434	0.01806	0.02591	0.01492	0.01963	0.01256	0.00707	0.00785	0.00236	0.00942	0.00707	0.00393	0.01256
6	0.02154	0.01794	0.01895	0.01651	0.02131	0.02057	0.01299	0.14734	0.54936	0.03610	0.02997	0.02775	0.02234	0.01054	0.00805	0.00264	0.00670	0.00865	0.00805	0.01271
7	0.01188	0.00863	0.01129	0.01143	0.01209	0.00941	0.00817	0.01333	0.01298	0.01780	0.02628	0.08397	0.02864	0.36367	0.21885	0.00812	0.05206	0.09028	0.00503	0.00609
8	0.00966	0.00690	0.00920	0.01104	0.01150	0.00644	0.00736	0.01104	0.01518	0.02024	0.04371	0.71614	0.05245	0.02484	0.01012	0.00322	0.00460	0.02254	0.00736	0.00644
9	0.13249	0.01374	0.01752	0.01363	0.01960	0.01246	0.01125	0.03664	0.02149	0.59349	0.02864	0.02515	0.01819	0.00949	0.00757	0.00245	0.00667	0.00749	0.00917	0.01285
10	0.01921	0.01903	0.02784	0.12100	0.28911	0.09027	0.10190	0.06742	0.01928	0.02526	0.01939	0.12643	0.01817	0.01016	0.00834	0.00254	0.00984	0.00954	0.00472	0.01058
11	0.03558	0.01350	0.01840	0.01411	0.02024	0.01166	0.01166	0.03865	0.02270	0.67734	0.03128	0.02699	0.01963	0.00981	0.00797	0.00245	0.00675	0.00797	0.00981	0.01350
12	0.01292	0.00751	0.00861	0.00874	0.01036	0.00726	0.00640	0.01624	0.01805	0.02865	0.21172	0.15227	0.04120	0.01382	0.00739	0.00226	0.00386	0.01189	0.42360	0.00726
13	0.03415	0.01578	0.01982	0.01519	0.02138	0.01505	0.01255	0.19783	0.02652	0.51275	0.02807	0.02490	0.01802	0.00974	0.00796	0.00243	0.00727	0.00776	0.00932	0.01349
14	0.02498	0.02339	0.01909	0.01703	0.02122	0.27646	0.01314	0.03387	0.22637	0.12844	0.02293	0.02346	0.01749	0.01597	0.09678	0.00372	0.01141	0.00725	0.00631	0.01069
15	0.01590	0.04102	0.68023	0.02260	0.03432	0.01842	0.02930	0.02511	0.01674	0.02511	0.01423	0.01674	0.01005	0.00753	0.00753	0.00251	0.01172	0.00586	0.00335	0.01172
16	0.02003	0.00962	0.01202	0.01103	0.01388	0.00893	0.00851	0.02267	0.01792	0.23366	0.03343	0.09638	0.05618	0.12785	0.01320	0.00337	0.00589	0.09098	0.20562	0.00882
17	0.02309	0.19010	0.07639	0.05134	0.15951	0.21763	0.09398	0.02701	0.01901	0.05095	0.01402	0.01687	0.01133	0.00746	0.00717	0.00218	0.01119	0.00607	0.00407	0.01064
18	0.17491	0.01233	0.01518	0.01334	0.01775	0.01211	0.01111	0.02793	0.01879	0.33095	0.02859	0.03874	0.02333	0.01746	0.08218	0.00384	0.00833	0.14504	0.00767	0.01043
19	0.02216	0.02208	0.02066	0.01943	0.05609	0.17150	0.01443	0.06334	0.38253	0.02890	0.02387	0.02381	0.01845	0.01026	0.00980	0.00260	0.08453	0.00769	0.00645	0.01141
20	0.01141	0.00771	0.00861	0.00861	0.00877	0.00763	0.00488	0.01152	0.01191	0.01572	0.02818	0.05330	0.06573	0.68087	0.03857	0.00740	0.00748	0.01183	0.00495	0.00491
21	0.01002	0.00732	0.00883	0.00987	0.01069	0.00678	0.00650	0.01122	0.01497	0.01939	0.04721	0.43134	0.17707	0.18097	0.01679	0.00411	0.00517	0.01883	0.00678	0.00613

[dist]
# distance from previous block
# <min> <max>
0	1

[block]
# block no. 7 follows, 24 sequences, length 69
# corresponding to MSA columns:
# 475-491,512-563
name=unknown_H
#
# <colnr> <probs for GDERKNQSTAVLIFYWHMCP>
#	G	D	E	R	K	N	Q	S	T	A	V	L	I	F	Y	W	H	M	C	P
0	0.06218	0.02293	0.02390	0.01882	0.02476	0.15056	0.07638	0.29094	0.05148	0.14028	0.01933	0.01964	0.01380	0.00882	0.00772	0.00232	0.00963	0.00694	0.00684	0.04271
1	0.01049	0.00803	0.00961	0.00931	0.01142	0.00716	0.00695	0.01351	0.02058	0.02758	0.43022	0.09001	0.29048	0.01795	0.00939	0.00259	0.00387	0.01552	0.00818	0.00716
2	0.02911	0.02170	0.02321	0.01804	0.02420	0.02411	0.01482	0.58544	0.09894	0.04831	0.02035	0.02009	0.01455	0.00964	0.00795	0.00241	0.00848	0.00732	0.00795	0.01339
3	0.03038	0.02183	0.02356	0.01806	0.02440	0.02402	0.01492	0.61872	0.03664	0.07757	0.01958	0.01939	0.01376	0.00953	0.00793	0.00238	0.00864	0.00718	0.00802	0.01349
4	0.03243	0.01855	0.02153	0.01651	0.02276	0.01915	0.01364	0.39032	0.03115	0.31372	0.02419	0.02238	0.01607	0.00964	0.00795	0.00241	0.00789	0.00749	0.00872	0.01349
5	0.02254	0.61697	0.03853	0.01466	0.02101	0.13571	0.01385	0.02500	0.01712	0.01878	0.01122	0.01297	0.01018	0.00700	0.00542	0.00175	0.00940	0.00438	0.00350	0.01002
6	0.00974	0.00723	0.00909	0.01035	0.01137	0.00658	0.00711	0.01145	0.01639	0.02148	0.10488	0.53210	0.17699	0.02315	0.00991	0.00305	0.00441	0.02068	0.00748	0.00658
7	0.01256	0.00948	0.01191	0.01209	0.01408	0.00955	0.00931	0.01878	0.12158	0.02803	0.31339	0.19657	0.05634	0.01825	0.00962	0.00290	0.00503	0.13439	0.00806	0.00804
8	0.03014	0.02221	0.02380	0.01825	0.02459	0.02459	0.01507	0.64541	0.03728	0.04998	0.01904	0.01904	0.01349	0.00952	0.00793	0.00238	0.00873	0.00714	0.00793	0.01349
9	0.01956	0.01903	0.03328	0.04754	0.62484	0.01893	0.07047	0.02442	0.01811	0.02587	0.01500	0.01976	0.01252	0.00704	0.00796	0.00238	0.00972	0.00724	0.00393	0.01242
10	0.01291	0.00746	0.01118	0.01118	0.01168	0.00796	0.00796	0.01168	0.01118	0.01541	0.01641	0.02660	0.01591	0.03883	0.26384	0.50193	0.01196	0.00746	0.00373	0.00473
11	0.01710	0.01864	0.03956	0.02905	0.03566	0.01778	0.51174	0.02292	0.01760	0.02404	0.01821	0.05675	0.01523	0.01594	0.11728	0.00430	0.01419	0.00986	0.00421	0.00992
12	0.77733	0.01534	0.01166	0.01043	0.01534	0.01779	0.00859	0.02331	0.01350	0.03558	0.01104	0.01288	0.00859	0.00736	0.00491	0.00245	0.00613	0.00429	0.00491	0.00859
13	0.01590	0.04102	0.68023	0.02260	0.03432	0.01842	0.02930	0.02511	0.01674	0.02511	0.01423	0.01674	0.01005	0.00753	0.00753	0.00251	0.01172	0.00586	0.00335	0.01172
14	0.03014	0.02221	0.02380	0.01825	0.02459	0.02459	0.01507	0.64541	0.03728	0.04998	0.01904	0.01904	0.01349	0.00952	0.00793	0.00238	0.00873	0.00714	0.00793	0.01349
15	0.01590	0.04102	0.68023	0.02260	0.03432	0.01842	0.02930	0.02511	0.01674	0.02511	0.01423	0.01674	0.01005	0.00753	0.00753	0.00251	0.01172	0.00586	0.00335	0.01172
16	0.01889	0.01809	0.03086	0.15229	0.57400	0.01865	0.02397	0.02369	0.01771	0.02501	0.01479	0.01987	0.01225	0.00720	0.00786	0.00240	0.00960	0.00706	0.00386	0.01197
17	0.01061	0.00768	0.01065	0.01147	0.01228	0.00808	0.00813	0.01244	0.01368	0.01884	0.03172	0.33877	0.03549	0.12798	0.30486	0.00786	0.01211	0.01514	0.00570	0.00651
18	0.01009	0.00806	0.00903	0.00879	0.01115	0.00700	0.00659	0.01277	0.01977	0.02544	0.30788	0.06970	0.43857	0.01858	0.00936	0.00261	0.00391	0.01581	0.00789	0.00700
19	0.01771	0.01689	0.02873	0.31756	0.41792	0.01834	0.02338	0.02266	0.01715	0.02358	0.01458	0.02025	0.01174	0.00742	0.00788	0.00247	0.00989	0.00706	0.00376	0.01102
20	0.02700	0.02000	0.02161	0.01717	0.02241	0.12365	0.07500	0.24480	0.02619	0.16228	0.02141	0.02214	0.01537	0.00903	0.00749	0.00227	0.00870	0.00725	0.15489	0.01134
21	0.00997	0.00712	0.00956	0.01140	0.01199	0.00671	0.00790	0.01158	0.01549	0.02059	0.04354	0.65384	0.05177	0.02455	0.01020	0.00326	0.00487	0.08178	0.00736	0.00653
22	0.01153	0.00769	0.00865	0.00865	0.00865	0.00769	0.00480	0.01153	0.01153	0.01538	0.02499	0.05189	0.02883	0.72131	0.04036	0.00769	0.00769	0.01153	0.00480	0.00480
23	0.02193	0.25098	0.16009	0.01840	0.02534	0.12740	0.09580	0.02641	0.01827	0.08619	0.01594	0.01793	0.01232	0.00768	0.00677	0.00213	0.01002	0.00602	0.07994	0.01044
24	0.01513	0.01048	0.01252	0.01233	0.01463	0.01071	0.00924	0.02196	0.16769	0.08088	0.09577	0.19696	0.08294	0.12912	0.01424	0.00370	0.00594	0.09987	0.00745	0.00846
25	0.03228	0.01253	0.01666	0.01304	0.01850	0.01098	0.01069	0.03545	0.02173	0.57465	0.03043	0.02740	0.01974	0.00972	0.00759	0.00236	0.00626	0.00788	0.12959	0.01253
26	0.01573	0.01507	0.02548	0.35001	0.22830	0.01643	0.06647	0.02044	0.01707	0.02249	0.02498	0.02946	0.11559	0.00951	0.00824	0.00257	0.00940	0.00876	0.00429	0.00972
27	0.01568	0.08599	0.49823	0.02085	0.03036	0.01776	0.05246	0.02321	0.01677	0.02414	0.01861	0.07910	0.01634	0.00996	0.00791	0.00260	0.01063	0.05459	0.00401	0.01079
28	0.01814	0.01824	0.02581	0.29558	0.25560	0.09173	0.02083	0.02238	0.01678	0.02186	0.01431	0.02019	0.01181	0.01166	0.05505	0.00323	0.07611	0.00693	0.00377	0.01000
29	0.02990	0.01623	0.02116	0.11414	0.05533	0.01651	0.01461	0.19349	0.05100	0.36597	0.02498	0.02387	0.01662	0.00939	0.00796	0.00247	0.00790	0.00763	0.00810	0.01275
30	0.01644	0.01409	0.01644	0.01175	0.01879	0.01057	0.00940	0.01997	0.01644	0.02584	0.01409	0.01644	0.01175	0.00587	0.00587	0.00117	0.00587	0.00470	0.00470	0.76979
31	0.02668	0.01506	0.01704	0.01362	0.01846	0.01552	0.01107	0.27799	0.02665	0.21443	0.02458	0.02460	0.01736	0.00951	0.00717	0.00223	0.00657	0.00745	0.25249	0.01152
32	0.01014	0.00806	0.00910	0.00884	0.01118	0.00702	0.00663	0.01287	0.01990	0.02575	0.32502	0.06920	0.42125	0.01847	0.00936	0.00260	0.00390	0.01574	0.00793	0.00702
33	0.00942	0.00785	0.00822	0.00851	0.01084	0.00665	0.00624	0.01133	0.01762	0.02123	0.07453	0.17775	0.57094	0.02084	0.00949	0.00276	0.00411	0.01766	0.00736	0.00665
34	0.01153	0.00769	0.00865	0.00865	0.00865	0.00769	0.00480	0.01153	0.01153	0.01538	0.02499	0.05189	0.02883	0.72131	0.04036	0.00769	0.00769	0.01153	0.00480	0.00480
35	0.00937	0.00803	0.00803	0.00803	0.01071	0.00669	0.00602	0.01138	0.01807	0.02142	0.08033	0.07632	0.66863	0.02008	0.00937	0.00268	0.00402	0.01674	0.00736	0.00669
36	0.02120	0.72609	0.04155	0.01357	0.02035	0.03138	0.01357	0.02374	0.01611	0.01866	0.01102	0.01272	0.01018	0.00678	0.00509	0.00170	0.00848	0.00424	0.00339	0.01018
37	0.01590	0.04102	0.68023	0.02260	0.03432	0.01842	0.02930	0.02511	0.01674	0.02511	0.01423	0.01674	0.01005	0.00753	0.00753	0.00251	0.01172	0.00586	0.00335	0.01172
38	0.00983	0.00805	0.00867	0.00852	0.01099	0.00689	0.00639	0.01227	0.01917	0.02401	0.22687	0.07205	0.52048	0.01912	0.00937	0.00263	0.00395	0.01614	0.00770	0.00689
39	0.02120	0.72609	0.04155	0.01357	0.02035	0.03138	0.01357	0.02374	0.01611	0.01866	0.01102	0.01272	0.01018	0.00678	0.00509	0.00170	0.00848	0.00424	0.00339	0.01018
40	0.03014	0.02221	0.02380	0.01825	0.02459	0.02459	0.01507	0.64541	0.03728	0.04998	0.01904	0.01904	0.01349	0.00952	0.00793	0.00238	0.00873	0.00714	0.00793	0.01349
41	0.01043	0.00767	0.00992	0.01128	0.01250	0.00716	0.00837	0.01259	0.01687	0.02207	0.09565	0.42550	0.15028	0.02279	0.01013	0.00318	0.00505	0.15435	0.00745	0.00675
42	0.01478	0.00739	0.00739	0.00739	0.00924	0.00739	0.00554	0.01848	0.01663	0.02956	0.02587	0.02956	0.02033	0.00924	0.00554	0.00185	0.00370	0.00739	0.76534	0.00739
43	0.28133	0.02237	0.01950	0.01596	0.02147	0.12771	0.01293	0.33890	0.02694	0.04029	0.01527	0.01622	0.01132	0.00858	0.00679	0.00235	0.00874	0.00586	0.00631	0.01116
44	0.02747	0.01833	0.02040	0.01653	0.02214	0.01988	0.01337	0.28465	0.26534	0.18408	0.02672	0.02475	0.01886	0.01005	0.00799	0.00251	0.00737	0.00801	0.00840	0.01314
45	0.01498	0.01409	0.02378	0.70226	0.05462	0.01762	0.02202	0.02026	0.01586	0.02026	0.01409	0.02114	0.01057	0.00793	0.00793	0.00264	0.01057	0.00705	0.00352	0.00881
46	0.02837	0.02505	0.02187	0.01816	0.02347	0.21440	0.01440	0.30564	0.15278	0.08467	0.02058	0.02032	0.01509	0.00939	0.00774	0.00235	0.00971	0.00697	0.00699	0.01207
47	0.01869	0.30345	0.32658	0.01772	0.02631	0.02305	0.02031	0.07169	0.01855	0.02507	0.06646	0.01881	0.01563	0.00810	0.00676	0.00218	0.00958	0.00602	0.00416	0.01091
48	0.27455	0.02286	0.02540	0.07111	0.02810	0.18077	0.17625	0.08328	0.01939	0.02924	0.01360	0.01662	0.01047	0.00762	0.00711	0.00242	0.01055	0.00627	0.00465	0.00975
49	0.01830	0.28977	0.34500	0.02100	0.03031	0.02344	0.12082	0.02466	0.01682	0.02279	0.01334	0.01600	0.01041	0.00712	0.00692	0.00224	0.01079	0.00582	0.00347	0.01099
50	0.02583	0.02706	0.02217	0.01890	0.02313	0.31075	0.01487	0.17391	0.08699	0.02838	0.01568	0.01758	0.01252	0.00948	0.01032	0.00235	0.12135	0.00623	0.00533	0.06716
51	0.01751	0.24879	0.48653	0.01986	0.03008	0.02235	0.02453	0.02470	0.01655	0.02315	0.01326	0.01552	0.01008	0.00731	0.00679	0.00226	0.01074	0.00537	0.00336	0.01125
52	0.03113	0.01871	0.02128	0.01640	0.02246	0.01963	0.01352	0.42156	0.03163	0.24888	0.02327	0.02208	0.01578	0.00960	0.00783	0.00238	0.00785	0.00742	0.04539	0.01319
53	0.08919	0.01756	0.01817	0.01557	0.02045	0.01985	0.01237	0.19569	0.39049	0.03690	0.03051	0.02883	0.06807	0.01083	0.00785	0.00259	0.00673	0.00865	0.00770	0.01201
54	0.01730	0.01785	0.02358	0.59416	0.04984	0.12413	0.02096	0.02207	0.01691	0.02013	0.01380	0.02006	0.01051	0.00797	0.00780	0.00255	0.01116	0.00674	0.00361	0.00887
55	0.01498	0.01409	0.02378	0.70226	0.05462	0.01762	0.02202	0.02026	0.01586	0.02026	0.01409	0.02114	0.01057	0.00793	0.00793	0.00264	0.01057	0.00705	0.00352	0.00881
56	0.00998	0.00810	0.00887	0.00880	0.01124	0.00700	0.00668	0.01248	0.01916	0.02408	0.22313	0.07269	0.49515	0.01921	0.00944	0.00268	0.00409	0.04261	0.00770	0.00691
57	0.01963	0.01884	0.03219	0.04867	0.67185	0.01884	0.02434	0.02434	0.01806	0.02591	0.01492	0.01963	0.01256	0.00707	0.00785	0.00236	0.00942	0.00707	0.00393	0.01256
58	0.01972	0.01703	0.01793	0.01614	0.02062	0.01972	0.01255	0.04214	0.65752	0.03317	0.03228	0.02959	0.02421	0.01076	0.00807	0.00269	0.00628	0.00897	0.00807	0.01255
59	0.01611	0.03955	0.63300	0.02341	0.03485	0.01854	0.07506	0.02513	0.01689	0.02513	0.01437	0.01709	0.01019	0.00747	0.00767	0.00252	0.01184	0.00612	0.00340	0.01164
60	0.01166	0.00783	0.00906	0.00924	0.00942	0.00783	0.00560	0.01202	0.01220	0.01621	0.02668	0.05563	0.03050	0.65179	0.03744	0.00729	0.00765	0.07186	0.00505	0.00505
61	0.01047	0.00748	0.01012	0.01196	0.01277	0.00713	0.00876	0.01243	0.01597	0.02114	0.04326	0.55449	0.05069	0.02409	0.01034	0.00333	0.00530	0.17626	0.00735	0.00666
62	0.01028	0.00807	0.00929	0.00899	0.01127	0.00708	0.00674	0.01314	0.02022	0.02651	0.36835	0.06794	0.37744	0.01818	0.00936	0.00259	0.00388	0.01556	0.00803	0.00708
63	0.02088	0.02355	0.04214	0.03074	0.03815	0.10608	0.52072	0.06762	0.02044	0.02628	0.01576	0.02033	0.01190	0.00706	0.00898	0.00257	0.01318	0.00867	0.00428	0.01069
64	0.01224	0.00895	0.01203	0.01356	0.01552	0.00874	0.01171	0.01563	0.01823	0.02337	0.04807	0.08737	0.14440	0.02162	0.01070	0.00350	0.00678	0.52308	0.00731	0.00721
65	0.02398	0.13754	0.03294	0.02255	0.02877	0.17876	0.21111	0.14907	0.08629	0.02849	0.01656	0.01871	0.01281	0.00800	0.00776	0.00231	0.01120	0.00708	0.00510	0.01099
66	0.52436	0.01579	0.01745	0.12285	0.02405	0.01858	0.05890	0.02256	0.01412	0.03075	0.01184	0.01527	0.00934	0.00805	0.00782	0.00260	0.07703	0.00537	0.00448	0.00879
67	0.01091	0.00847	0.01132	0.01341	0.06530	0.00786	0.00874	0.01333	0.01780	0.02375	0.19172	0.35255	0.17767	0.02033	0.00965	0.00289	0.00480	0.04484	0.00739	0.00727
68	0.05731	0.02613	0.07141	0.01941	0.02441	0.26194	0.07609	0.15252	0.04544	0.02829	0.02034	0.09248	0.01854	0.01108	0.00809	0.00250	0.01070	0.05767	0.00557	0.01007

[dist]
# distance from previous block
# <min> <max>
2	12

[block]
# block no. 8 follows, 24 sequences, length 44
# corresponding to MSA columns:
# 576-597,610-631
name=unknown_I
#
# <colnr> <probs for GDERKNQSTAVLIFYWHMCP>
#	G	D	E	R	K	N	Q	S	T	A	V	L	I	F	Y	W	H	M	C	P
0	0.09482	0.05172	0.02260	0.02434	0.19506	0.23862	0.01533	0.05912	0.01972	0.02610	0.01489	0.01772	0.01215	0.00771	0.00678	0.00206	0.00964	0.00585	0.08998	0.08581
1	0.22625	0.02270	0.05344	0.09244	0.02413	0.21378	0.01353	0.05312	0.01825	0.02662	0.01519	0.06798	0.01335	0.00887	0.00672	0.00222	0.00930	0.00649	0.00472	0.12090
2	0.01057	0.00808	0.00969	0.00929	0.01145	0.00720	0.00697	0.01370	0.02090	0.02813	0.46003	0.06527	0.28475	0.01758	0.00936	0.00256	0.00384	0.01519	0.00825	0.00720
3	0.00968	0.00713	0.00907	0.01052	0.01139	0.00652	0.00715	0.01125	0.01593	0.02089	0.07454	0.58816	0.15123	0.02374	0.00997	0.00311	0.00447	0.02129	0.00742	0.00652
4	0.01087	0.00798	0.01018	0.00986	0.01169	0.00729	0.00731	0.01419	0.02126	0.02953	0.54221	0.12369	0.13948	0.01747	0.00943	0.00258	0.00385	0.01539	0.00845	0.00729
5	0.01028	0.00734	0.00991	0.01175	0.01248	0.00698	0.00844	0.01211	0.01579	0.02094	0.04336	0.59146	0.05109	0.02426	0.01029	0.00331	0.00514	0.14110	0.00735	0.00661
