[name]
unknown

[dist]
# distance from previous block
# <min> <max>
0	936

[block]
# block no. 0 follows, 31 sequences, length 84
# corresponding to MSA columns:
# 949-1032
name=unknown_A
#
# <colnr> <probs for GDERKNQSTAVLIFYWHMCP>
#	G	D	E	R	K	N	Q	S	T	A	V	L	I	F	Y	W	H	M	C	P
0	0.01102	0.00787	0.01102	0.01260	0.01417	0.00787	0.01102	0.01417	0.01575	0.02047	0.03622	0.07717	0.03937	0.01890	0.00945	0.00315	0.00630	0.67084	0.00630	0.00630
1	0.01309	0.01234	0.02083	0.71282	0.07606	0.01525	0.01909	0.01763	0.01376	0.01769	0.01219	0.01818	0.00919	0.00681	0.00684	0.00227	0.00908	0.00608	0.00305	0.00774
2	0.01607	0.01821	0.03901	0.02807	0.03451	0.01756	0.64464	0.02153	0.01575	0.02153	0.01350	0.01821	0.01028	0.00620	0.00908	0.00235	0.06303	0.00793	0.00343	0.00911
3	0.00834	0.00595	0.00794	0.00953	0.00992	0.00556	0.00635	0.00953	0.01310	0.01746	0.03771	0.75510	0.04525	0.02143	0.00873	0.00278	0.00397	0.01945	0.00635	0.00556
4	0.01409	0.03320	0.64433	0.02208	0.10836	0.01593	0.02479	0.02159	0.01457	0.02174	0.01235	0.01473	0.00892	0.00645	0.00653	0.00215	0.00988	0.00517	0.00295	0.01019
5	0.01615	0.01845	0.04037	0.02884	0.03576	0.01730	0.69204	0.02191	0.01615	0.02191	0.01384	0.01845	0.01038	0.00577	0.00807	0.00231	0.01153	0.00807	0.00346	0.00923
6	0.02941	0.01127	0.01520	0.01176	0.01678	0.00979	0.00968	0.03209	0.01921	0.67171	0.02666	0.02345	0.01698	0.00843	0.00673	0.00208	0.00563	0.00684	0.06505	0.01127
7	0.01693	0.01626	0.02777	0.04199	0.71689	0.01626	0.02100	0.02100	0.01558	0.02235	0.01287	0.01693	0.01084	0.00610	0.00677	0.00203	0.00813	0.00610	0.00339	0.01084
8	0.01645	0.01617	0.02611	0.09360	0.53115	0.04391	0.04548	0.02023	0.01512	0.02110	0.01337	0.04373	0.01172	0.00719	0.00807	0.00215	0.06445	0.00658	0.00345	0.00996
9	0.01066	0.00750	0.01032	0.01183	0.01322	0.00743	0.01000	0.01349	0.01526	0.02020	0.03587	0.18572	0.03940	0.01885	0.00913	0.00302	0.00579	0.53616	0.03997	0.00618
10	0.01070	0.06534	0.03796	0.00888	0.00994	0.00889	0.00633	0.01161	0.01061	0.01428	0.01970	0.03782	0.02163	0.54589	0.15685	0.00685	0.00892	0.00881	0.00392	0.00508
11	0.01573	0.01543	0.05208	0.02750	0.38655	0.01349	0.01576	0.02017	0.04231	0.02255	0.01316	0.01610	0.01087	0.00584	0.00610	0.00165	0.00691	0.00532	0.00377	0.31873
12	0.02138	0.02631	0.04765	0.02057	0.10814	0.45075	0.01481	0.02365	0.01669	0.01755	0.01093	0.01407	0.00942	0.00960	0.03815	0.00241	0.15125	0.00506	0.00339	0.00822
13	0.01170	0.00831	0.00975	0.00914	0.01117	0.00842	0.00692	0.01794	0.14671	0.02725	0.44009	0.04095	0.04652	0.01184	0.00717	0.00207	0.00363	0.01025	0.17291	0.00726
14	0.01361	0.01190	0.01557	0.01486	0.04661	0.01463	0.01133	0.02012	0.18621	0.02055	0.04893	0.02459	0.03961	0.02188	0.21021	0.00485	0.24039	0.00736	0.03883	0.00795
15	0.00834	0.00595	0.00794	0.00953	0.00992	0.00556	0.00635	0.00953	0.01310	0.01746	0.03771	0.75510	0.04525	0.02143	0.00873	0.00278	0.00397	0.01945	0.00635	0.00556
16	0.00969	0.00822	0.01023	0.01216	0.09903	0.00740	0.00798	0.01201	0.01594	0.01999	0.11494	0.05972	0.48888	0.01580	0.00808	0.00236	0.00437	0.09058	0.00608	0.00653
17	0.01657	0.00853	0.01127	0.00971	0.01258	0.00762	0.00759	0.01954	0.01927	0.25690	0.45719	0.04255	0.07788	0.01231	0.00768	0.00215	0.00410	0.01065	0.00779	0.00814
18	0.80789	0.01323	0.01006	0.00900	0.01323	0.01535	0.00741	0.02011	0.01164	0.03070	0.00953	0.01111	0.00741	0.00635	0.00423	0.00212	0.00529	0.00370	0.00423	0.00741
19	0.00968	0.00699	0.00914	0.00861	0.01022	0.00646	0.00646	0.01291	0.01937	0.02743	0.71328	0.05110	0.06455	0.01399	0.00807	0.00215	0.00323	0.01237	0.00753	0.00646
20	0.02391	0.01210	0.01465	0.01211	0.01649	0.01204	0.00972	0.03239	0.25580	0.40226	0.02675	0.02431	0.01837	0.00869	0.00667	0.00213	0.00538	0.00712	0.09836	0.01076
21	0.02306	0.14723	0.11700	0.01556	0.02172	0.02150	0.01442	0.49045	0.02671	0.03569	0.01470	0.01524	0.01076	0.00759	0.00638	0.00197	0.00784	0.00559	0.00565	0.01095
22	0.01829	0.76368	0.03585	0.01171	0.01756	0.02707	0.01171	0.02049	0.01390	0.01610	0.00951	0.01097	0.00878	0.00585	0.00439	0.00146	0.00732	0.00366	0.00293	0.00878
23	0.01451	0.16066	0.49010	0.01682	0.02497	0.04774	0.02028	0.02051	0.01470	0.02018	0.01697	0.02007	0.06344	0.00771	0.00635	0.00207	0.00906	0.03123	0.00332	0.00931
24	0.01480	0.20796	0.56103	0.01765	0.02675	0.01854	0.02206	0.02139	0.01432	0.02035	0.01162	0.01362	0.00869	0.00635	0.00600	0.00200	0.00945	0.00472	0.00290	0.00980
25	0.01702	0.01470	0.01547	0.01392	0.01779	0.01702	0.01083	0.03635	0.70453	0.02862	0.02785	0.02553	0.02088	0.00928	0.00696	0.00232	0.00541	0.00773	0.00696	0.01083
26	0.01330	0.01281	0.01743	0.14539	0.05117	0.04300	0.01335	0.01558	0.01305	0.01806	0.07331	0.11562	0.07421	0.01239	0.01437	0.00263	0.34424	0.00882	0.00409	0.00721
27	0.01423	0.01394	0.02508	0.42190	0.20478	0.01539	0.13275	0.01873	0.01453	0.01940	0.01372	0.04981	0.01131	0.00711	0.00711	0.00225	0.00907	0.00700	0.00334	0.00857
28	0.00895	0.00640	0.00862	0.00956	0.01010	0.00647	0.00655	0.01026	0.01208	0.01641	0.03036	0.46265	0.03506	0.14531	0.19210	0.00542	0.00795	0.01495	0.00534	0.00547
29	0.01693	0.01626	0.02777	0.04199	0.71689	0.01626	0.02100	0.02100	0.01558	0.02235	0.01287	0.01693	0.01084	0.00610	0.00677	0.00203	0.00813	0.00610	0.00339	0.01084
30	0.70357	0.01402	0.01145	0.00990	0.01430	0.01613	0.00816	0.11004	0.01438	0.03235	0.01045	0.01182	0.00797	0.00660	0.00458	0.00211	0.00559	0.00403	0.00458	0.00797
31	0.01526	0.01657	0.03330	0.18844	0.03594	0.01731	0.44994	0.02019	0.01483	0.02019	0.01281	0.01794	0.00991	0.00684	0.00971	0.00239	0.10913	0.00735	0.00330	0.00863
32	0.01316	0.01123	0.01184	0.01103	0.01409	0.01208	0.00845	0.02477	0.40061	0.02449	0.07252	0.07355	0.26875	0.01287	0.00749	0.00233	0.00457	0.01083	0.00674	0.00862
33	0.00968	0.00699	0.00914	0.00861	0.01022	0.00646	0.00646	0.01291	0.01937	0.02743	0.71328	0.05110	0.06455	0.01399	0.00807	0.00215	0.00323	0.01237	0.00753	0.00646
34	0.01942	0.02337	0.03308	0.02494	0.03068	0.26556	0.45627	0.02379	0.01727	0.02012	0.01271	0.01633	0.00984	0.00621	0.00741	0.00212	0.01181	0.00680	0.00348	0.00878
35	0.01999	0.01828	0.01700	0.01483	0.01894	0.12817	0.01160	0.15586	0.47518	0.02945	0.02308	0.02182	0.01732	0.00874	0.00682	0.00219	0.00687	0.00693	0.00641	0.01053
36	0.00966	0.00878	0.06033	0.01121	0.01280	0.00712	0.00930	0.01204	0.01423	0.01887	0.03673	0.43380	0.06943	0.01929	0.00880	0.00284	0.00521	0.24731	0.00608	0.00615
37	0.01863	0.13018	0.20877	0.01749	0.04980	0.01601	0.11475	0.07297	0.03466	0.15480	0.06510	0.02064	0.01575	0.04110	0.00792	0.00226	0.00807	0.00656	0.00483	0.00971
38	0.01372	0.03539	0.72412	0.01950	0.02961	0.01589	0.02528	0.02167	0.01444	0.02167	0.01228	0.01444	0.00867	0.00650	0.00650	0.00217	0.01011	0.00506	0.00289	0.01011
39	0.01292	0.01216	0.02052	0.74312	0.04712	0.01520	0.01900	0.01748	0.01368	0.01748	0.01216	0.01824	0.00912	0.00684	0.00684	0.00228	0.00912	0.00608	0.00304	0.00760
40	0.02231	0.01195	0.01463	0.01215	0.01630	0.01189	0.00970	0.05589	0.22687	0.35144	0.15993	0.02909	0.02716	0.00977	0.00713	0.00218	0.00526	0.00818	0.00777	0.01039
41	0.01386	0.05725	0.70346	0.01927	0.02925	0.01622	0.02487	0.02163	0.01443	0.02150	0.01219	0.01434	0.00867	0.00648	0.00644	0.00215	0.01003	0.00501	0.00289	0.01007
42	0.01507	0.01248	0.01368	0.01288	0.01585	0.01409	0.01002	0.02911	0.49542	0.02525	0.02853	0.03707	0.02465	0.10547	0.01091	0.00301	0.00572	0.12511	0.00649	0.00919
43	0.00846	0.00604	0.00808	0.00966	0.01011	0.00566	0.00656	0.00973	0.01322	0.01760	0.03764	0.72474	0.04499	0.02132	0.00876	0.00280	0.00407	0.04862	0.00635	0.00559
44	0.01341	0.01362	0.05129	0.63200	0.12312	0.01535	0.01950	0.01806	0.01393	0.01822	0.01225	0.01793	0.00930	0.00674	0.00682	0.00225	0.00905	0.00604	0.00307	0.00808
45	0.01497	0.01497	0.02095	0.01796	0.01796	0.02095	0.01497	0.01646	0.01048	0.01646	0.00898	0.01497	0.00898	0.01197	0.02245	0.00299	0.74704	0.00599	0.00299	0.00748
46	0.00851	0.00695	0.00753	0.00738	0.00950	0.00596	0.00554	0.01065	0.01661	0.02089	0.24223	0.06188	0.53968	0.01643	0.00808	0.00227	0.00340	0.01388	0.00667	0.00596
47	0.01517	0.01446	0.02459	0.34977	0.42288	0.01579	0.02012	0.01945	0.01474	0.02021	0.01256	0.01751	0.01008	0.00642	0.00680	0.00214	0.00856	0.00609	0.00323	0.00942
48	0.01188	0.00594	0.00891	0.00891	0.00891	0.00594	0.00594	0.00891	0.00891	0.01188	0.01188	0.02080	0.01188	0.02377	0.02674	0.80095	0.00594	0.00594	0.00297	0.00297
49	0.00962	0.00699	0.00906	0.00854	0.01018	0.00643	0.00641	0.01279	0.01922	0.02708	0.68774	0.05169	0.09031	0.01412	0.00807	0.00216	0.00324	0.01245	0.00748	0.00643
50	0.01829	0.76368	0.03585	0.01171	0.01756	0.02707	0.01171	0.02049	0.01390	0.01610	0.00951	0.01097	0.00878	0.00585	0.00439	0.00146	0.00732	0.00366	0.00293	0.00878
51	0.01372	0.03539	0.72412	0.01950	0.02961	0.01589	0.02528	0.02167	0.01444	0.02167	0.01228	0.01444	0.00867	0.00650	0.00650	0.00217	0.01011	0.00506	0.00289	0.01011
52	0.00889	0.00696	0.00805	0.00778	0.00973	0.00612	0.00583	0.01138	0.01750	0.02299	0.39393	0.05841	0.38667	0.01564	0.00808	0.00223	0.00335	0.01340	0.00695	0.00612
53	0.00829	0.00687	0.00726	0.00731	0.00940	0.00584	0.00542	0.01015	0.01585	0.01944	0.14088	0.11357	0.59167	0.01724	0.00813	0.00233	0.00347	0.01456	0.00649	0.00584
54	0.02778	0.01387	0.01681	0.01299	0.01808	0.01366	0.01070	0.26122	0.02357	0.43643	0.02299	0.02107	0.01514	0.00834	0.00672	0.00206	0.00622	0.00659	0.06449	0.01126
55	0.01419	0.01216	0.01419	0.01013	0.01621	0.00912	0.00811	0.01723	0.01419	0.02229	0.01216	0.01419	0.01013	0.00507	0.00507	0.00101	0.00507	0.00405	0.00405	0.80139
56	0.01275	0.00638	0.00638	0.00638	0.00797	0.00638	0.00478	0.01594	0.01435	0.02551	0.02232	0.02551	0.01754	0.00797	0.00478	0.00159	0.00319	0.00638	0.79755	0.00638
57	0.01419	0.01216	0.01419	0.01013	0.01621	0.00912	0.00811	0.01723	0.01419	0.02229	0.01216	0.01419	0.01013	0.00507	0.00507	0.00101	0.00507	0.00405	0.00405	0.80139
58	0.01188	0.00594	0.00891	0.00891	0.00891	0.00594	0.00594	0.00891	0.00891	0.01188	0.01188	0.02080	0.01188	0.02377	0.02674	0.80095	0.00594	0.00594	0.00297	0.00297
59	0.00952	0.00748	0.00868	0.00837	0.01037	0.00691	0.00627	0.01323	0.06674	0.02357	0.38189	0.08503	0.31630	0.01528	0.00802	0.00225	0.00351	0.01315	0.00698	0.00646
60	0.00834	0.00675	0.00741	0.00765	0.00950	0.00582	0.00558	0.01015	0.01558	0.01941	0.14427	0.19776	0.50250	0.01770	0.00821	0.00238	0.00353	0.01515	0.00650	0.00582
61	0.01720	0.12269	0.01841	0.01360	0.01776	0.01847	0.01096	0.03407	0.60495	0.02681	0.02520	0.02343	0.01914	0.00879	0.00659	0.00220	0.00569	0.00715	0.00638	0.01053
62	0.01433	0.01602	0.11893	0.09362	0.10968	0.01164	0.01337	0.01837	0.01434	0.02170	0.01227	0.01500	0.00990	0.00559	0.00568	0.00144	0.00661	0.00467	0.00369	0.50314
63	0.01658	0.10808	0.30872	0.02475	0.17620	0.04619	0.13543	0.06430	0.01624	0.02240	0.01256	0.01532	0.00963	0.00635	0.00660	0.00206	0.00954	0.00568	0.00337	0.00998
64	0.01017	0.00699	0.00804	0.00791	0.00791	0.00725	0.00461	0.01023	0.00997	0.01340	0.02101	0.04348	0.02419	0.72729	0.03429	0.00648	0.03859	0.00978	0.00410	0.00429
65	0.00951	0.00700	0.00871	0.00904	0.01043	0.00653	0.00682	0.01174	0.01585	0.02108	0.26770	0.13921	0.18843	0.11604	0.01200	0.00306	0.00445	0.15010	0.00644	0.00587
66	0.01488	0.03043	0.55821	0.01841	0.02684	0.01616	0.02215	0.02360	0.10127	0.04930	0.01458	0.01622	0.01055	0.00731	0.00769	0.00224	0.06094	0.00553	0.00363	0.01008
67	0.01659	0.02172	0.21807	0.03275	0.43436	0.01653	0.04990	0.06347	0.03826	0.02363	0.01345	0.01656	0.01059	0.00643	0.00676	0.00209	0.00869	0.00595	0.00358	0.01062
68	0.01603	0.01680	0.02007	0.01744	0.01800	0.11500	0.01430	0.01762	0.01170	0.01646	0.00983	0.01543	0.00951	0.01399	0.06859	0.00337	0.59943	0.00587	0.00311	0.00745
69	0.11713	0.01691	0.02294	0.22025	0.27549	0.11015	0.06820	0.02137	0.01529	0.05108	0.01263	0.01633	0.00990	0.00653	0.00649	0.00210	0.00875	0.00575	0.00364	0.00907
70	0.00811	0.00683	0.00703	0.00720	0.00931	0.00575	0.00532	0.00979	0.01534	0.01838	0.06607	0.13643	0.64561	0.01775	0.00815	0.00236	0.00352	0.01495	0.00635	0.00575
71	0.01884	0.70818	0.03460	0.01216	0.01783	0.08060	0.01182	0.02100	0.01432	0.01615	0.00959	0.01108	0.00878	0.00594	0.00452	0.00149	0.00770	0.00371	0.00297	0.00872
72	0.00987	0.00694	0.00904	0.00904	0.00958	0.00749	0.00611	0.01096	0.01042	0.01443	0.02012	0.03679	0.02141	0.44374	0.34591	0.00858	0.01185	0.00878	0.00393	0.00502
73	0.00968	0.00699	0.00914	0.00861	0.01022	0.00646	0.00646	0.01291	0.01937	0.02743	0.71328	0.05110	0.06455	0.01399	0.00807	0.00215	0.00323	0.01237	0.00753	0.00646
74	0.03070	0.01164	0.01588	0.01217	0.01746	0.01006	0.01006	0.03334	0.01958	0.72163	0.02699	0.02329	0.01694	0.00847	0.00688	0.00212	0.00582	0.00688	0.00847	0.01164
75	0.01497	0.01497	0.02095	0.01796	0.01796	0.02095	0.01497	0.01646	0.01048	0.01646	0.00898	0.01497	0.00898	0.01197	0.02245	0.00299	0.74704	0.00599	0.00299	0.00748
76	0.01829	0.76368	0.03585	0.01171	0.01756	0.02707	0.01171	0.02049	0.01390	0.01610	0.00951	0.01097	0.00878	0.00585	0.00439	0.00146	0.00732	0.00366	0.00293	0.00878
77	0.02074	0.61500	0.03190	0.01180	0.01754	0.02371	0.01138	0.02303	0.01502	0.15558	0.01297	0.01341	0.01039	0.00637	0.00488	0.00159	0.00702	0.00430	0.00402	0.00935
78	0.01181	0.01373	0.16800	0.01049	0.01473	0.00851	0.01030	0.01508	0.01585	0.09355	0.08454	0.07888	0.42052	0.01398	0.00763	0.00227	0.00520	0.01166	0.00586	0.00739
79	0.01419	0.01216	0.01419	0.01013	0.01621	0.00912	0.00811	0.01723	0.01419	0.02229	0.01216	0.01419	0.01013	0.00507	0.00507	0.00101	0.00507	0.00405	0.00405	0.80139
80	0.00977	0.00733	0.01100	0.01100	0.01222	0.00855	0.00855	0.01222	0.01100	0.01588	0.01833	0.02688	0.01710	0.05131	0.73245	0.01100	0.01833	0.00733	0.00367	0.00611
81	0.02090	0.01556	0.04814	0.01460	0.01939	0.01544	0.06556	0.26567	0.14534	0.14169	0.09491	0.02514	0.04751	0.00913	0.00705	0.00214	0.00653	0.00765	0.03737	0.01026
82	0.02653	0.01622	0.01879	0.01483	0.01989	0.09612	0.05993	0.14700	0.10776	0.38554	0.02244	0.02078	0.01511	0.00817	0.00689	0.00210	0.00722	0.00666	0.00707	0.01094
83	0.07250	0.04719	0.01480	0.01495	0.11464	0.12449	0.00995	0.04002	0.01749	0.05125	0.23071	0.03073	0.07692	0.00985	0.00661	0.00197	0.00595	0.00811	0.11407	0.00780

[dist]
# distance from previous block
# <min> <max>
0	30

[block]
# block no. 1 follows, 31 sequences, length 81
# corresponding to MSA columns:
# 1063-1143
name=unknown_B
#
# <colnr> <probs for GDERKNQSTAVLIFYWHMCP>
#	G	D	E	R	K	N	Q	S	T	A	V	L	I	F	Y	W	H	M	C	P
0	0.04695	0.11018	0.22780	0.01680	0.02278	0.13356	0.05131	0.11161	0.03548	0.05404	0.02877	0.01560	0.01115	0.00748	0.00772	0.00206	0.07580	0.00542	0.00410	0.03140
1	0.04188	0.09462	0.13916	0.01528	0.02110	0.01714	0.07529	0.24507	0.05661	0.08269	0.01663	0.01766	0.01220	0.00737	0.00628	0.00197	0.00739	0.00594	0.10507	0.03064
2	0.11137	0.23359	0.22550	0.01640	0.02259	0.14503	0.07006	0.02185	0.01472	0.02001	0.01080	0.01306	0.00873	0.00667	0.00668	0.00195	0.05426	0.00469	0.00322	0.00880
3	0.01829	0.76368	0.03585	0.01171	0.01756	0.02707	0.01171	0.02049	0.01390	0.01610	0.00951	0.01097	0.00878	0.00585	0.00439	0.00146	0.00732	0.00366	0.00293	0.00878
4	0.00833	0.00694	0.00728	0.00719	0.00939	0.00588	0.00539	0.01030	0.01618	0.01988	0.16977	0.06354	0.61278	0.01681	0.00808	0.00229	0.00343	0.01412	0.00654	0.00588
5	0.00977	0.00733	0.01100	0.01100	0.01222	0.00855	0.00855	0.01222	0.01100	0.01588	0.01833	0.02688	0.01710	0.05131	0.73245	0.01100	0.01833	0.00733	0.00367	0.00611
6	0.36269	0.11613	0.01904	0.04971	0.15912	0.01701	0.01197	0.07299	0.01524	0.10051	0.01269	0.01429	0.00970	0.00662	0.00537	0.00201	0.00654	0.00481	0.00448	0.00907
7	0.01188	0.00594	0.00891	0.00891	0.00891	0.00594	0.00594	0.00891	0.00891	0.01188	0.01188	0.02080	0.01188	0.02377	0.02674	0.80095	0.00594	0.00594	0.00297	0.00297
8	0.00850	0.00608	0.00808	0.00942	0.00996	0.00567	0.00636	0.00993	0.01385	0.01867	0.11924	0.67014	0.04758	0.02053	0.00865	0.00270	0.00388	0.01860	0.00649	0.00567
9	0.01693	0.01626	0.02777	0.04199	0.71689	0.01626	0.02100	0.02100	0.01558	0.02235	0.01287	0.01693	0.01084	0.00610	0.00677	0.00203	0.00813	0.00610	0.00339	0.01084
10	0.01677	0.15259	0.21635	0.12908	0.22856	0.05235	0.01931	0.06849	0.01606	0.02157	0.01216	0.01515	0.00960	0.00647	0.00627	0.00199	0.00883	0.00531	0.00337	0.00973
11	0.01808	0.01948	0.25810	0.01377	0.01974	0.01253	0.01437	0.11868	0.01869	0.17678	0.08751	0.02675	0.09560	0.00920	0.00680	0.00210	0.00680	0.00745	0.07806	0.00950
12	0.71527	0.01552	0.01116	0.01002	0.01417	0.10020	0.00810	0.02096	0.01256	0.02904	0.00965	0.01126	0.00758	0.00643	0.00446	0.00207	0.00613	0.00379	0.00415	0.00747
13	0.01602	0.01525	0.02592	0.13345	0.59655	0.01564	0.02008	0.02002	0.01522	0.02149	0.01388	0.05009	0.01215	0.00688	0.00687	0.00210	0.00807	0.00669	0.00347	0.01017
14	0.00995	0.00663	0.00746	0.00746	0.00746	0.00663	0.00415	0.00995	0.00995	0.01327	0.02156	0.04477	0.02487	0.75957	0.03482	0.00663	0.00663	0.00995	0.00415	0.00415
15	0.01646	0.01577	0.02691	0.12500	0.63760	0.01613	0.02076	0.02058	0.01535	0.02177	0.01278	0.01709	0.01063	0.00618	0.00678	0.00206	0.00825	0.00609	0.00335	0.01045
16	0.03070	0.01164	0.01588	0.01217	0.01746	0.01006	0.01006	0.03334	0.01958	0.72163	0.02699	0.02329	0.01694	0.00847	0.00688	0.00212	0.00582	0.00688	0.00847	0.01164
17	0.01702	0.01470	0.01547	0.01392	0.01779	0.01702	0.01083	0.03635	0.70453	0.02862	0.02785	0.02553	0.02088	0.00928	0.00696	0.00232	0.00541	0.00773	0.00696	0.01083
18	0.01372	0.01377	0.02630	0.07333	0.07210	0.01391	0.31719	0.01803	0.01582	0.02202	0.18532	0.02684	0.02411	0.01248	0.07456	0.00309	0.06625	0.00863	0.00441	0.00812
19	0.01292	0.01216	0.02052	0.74312	0.04712	0.01520	0.01900	0.01748	0.01368	0.01748	0.01216	0.01824	0.00912	0.00684	0.00684	0.00228	0.00912	0.00608	0.00304	0.00760
20	0.01702	0.01470	0.01547	0.01392	0.01779	0.01702	0.01083	0.03635	0.70453	0.02862	0.02785	0.02553	0.02088	0.00928	0.00696	0.00232	0.00541	0.00773	0.00696	0.01083
21	0.02043	0.04898	0.23827	0.02136	0.11947	0.01594	0.11492	0.12083	0.01858	0.18927	0.01654	0.01760	0.01158	0.00702	0.00683	0.00211	0.00856	0.00617	0.00492	0.01061
22	0.80789	0.01323	0.01006	0.00900	0.01323	0.01535	0.00741	0.02011	0.01164	0.03070	0.00953	0.01111	0.00741	0.00635	0.00423	0.00212	0.00529	0.00370	0.00423	0.00741
23	0.00936	0.00731	0.00852	0.00816	0.01016	0.00665	0.00614	0.01269	0.04829	0.02384	0.42034	0.05597	0.32735	0.01514	0.00803	0.00222	0.00342	0.01301	0.00703	0.00637
24	0.02425	0.01747	0.01866	0.01450	0.01946	0.01925	0.01191	0.60422	0.02981	0.04078	0.01721	0.01763	0.01242	0.00818	0.00657	0.00199	0.00695	0.00619	0.11162	0.01094
25	0.01702	0.01470	0.01547	0.01392	0.01779	0.01702	0.01083	0.03635	0.70453	0.02862	0.02785	0.02553	0.02088	0.00928	0.00696	0.00232	0.00541	0.00773	0.00696	0.01083
26	0.01702	0.01470	0.01547	0.01392	0.01779	0.01702	0.01083	0.03635	0.70453	0.02862	0.02785	0.02553	0.02088	0.00928	0.00696	0.00232	0.00541	0.00773	0.00696	0.01083
27	0.01713	0.54104	0.18221	0.01493	0.02178	0.02381	0.07685	0.02087	0.01422	0.01781	0.01049	0.01239	0.00890	0.00598	0.00517	0.00169	0.00829	0.00436	0.00297	0.00910
28	0.00918	0.00639	0.00725	0.00793	0.00926	0.00581	0.00561	0.01099	0.01426	0.01953	0.04577	0.35338	0.27907	0.01711	0.00766	0.00236	0.00362	0.01488	0.17413	0.00581
29	0.00865	0.00692	0.00773	0.00760	0.00960	0.00600	0.00567	0.01088	0.01681	0.02154	0.29061	0.08520	0.46604	0.01632	0.00810	0.00227	0.00340	0.01390	0.00676	0.00600
30	0.01048	0.00720	0.00925	0.00861	0.01046	0.00655	0.00650	0.01354	0.01903	0.05764	0.62433	0.05119	0.12121	0.01404	0.00802	0.00216	0.00337	0.01231	0.00747	0.00663
31	0.01359	0.01285	0.02173	0.62577	0.15922	0.01538	0.01933	0.01807	0.01400	0.01830	0.01228	0.01802	0.00941	0.00672	0.00683	0.00224	0.00895	0.00608	0.00310	0.00814
32	0.00809	0.00693	0.00693	0.00693	0.00924	0.00578	0.00520	0.00982	0.01559	0.01848	0.06931	0.06584	0.71411	0.01733	0.00809	0.00231	0.00347	0.01444	0.00635	0.00578
33	0.00834	0.00595	0.00794	0.00953	0.00992	0.00556	0.00635	0.00953	0.01310	0.01746	0.03771	0.75510	0.04525	0.02143	0.00873	0.00278	0.00397	0.01945	0.00635	0.00556
34	0.01623	0.01822	0.03904	0.03023	0.10786	0.01719	0.62101	0.02182	0.01609	0.02196	0.01374	0.01829	0.01043	0.00580	0.00794	0.00228	0.01117	0.00786	0.00345	0.00940
35	0.02484	0.03012	0.01960	0.01748	0.02093	0.61623	0.01332	0.08757	0.01992	0.01914	0.01100	0.01290	0.00908	0.00751	0.00739	0.00188	0.06439	0.00468	0.00379	0.00824
36	0.00977	0.00733	0.01100	0.01100	0.01222	0.00855	0.00855	0.01222	0.01100	0.01588	0.01833	0.02688	0.01710	0.05131	0.73245	0.01100	0.01833	0.00733	0.00367	0.00611
37	0.01372	0.03539	0.72412	0.01950	0.02961	0.01589	0.02528	0.02167	0.01444	0.02167	0.01228	0.01444	0.00867	0.00650	0.00650	0.00217	0.01011	0.00506	0.00289	0.01011
38	0.01781	0.68681	0.10850	0.01253	0.01883	0.02589	0.01314	0.02061	0.01396	0.01668	0.00980	0.01134	0.00877	0.00592	0.00461	0.00154	0.00761	0.00381	0.00292	0.00892
39	0.00980	0.00721	0.01040	0.01040	0.01142	0.00823	0.00781	0.01184	0.01082	0.01544	0.01887	0.02987	0.01840	0.16985	0.61569	0.01026	0.01637	0.00777	0.00375	0.00578
40	0.00888	0.00696	0.00803	0.00776	0.00973	0.00611	0.00582	0.01136	0.01747	0.02293	0.38941	0.05852	0.39123	0.01567	0.00808	0.00223	0.00335	0.01341	0.00694	0.00611
41	0.01684	0.43189	0.19540	0.01402	0.02012	0.08670	0.01470	0.02039	0.01418	0.01746	0.01133	0.01385	0.00976	0.01160	0.09292	0.00281	0.00977	0.00450	0.00306	0.00870
42	0.01344	0.01266	0.02101	0.50830	0.20361	0.01459	0.01821	0.01762	0.01431	0.01873	0.01756	0.02228	0.07405	0.00762	0.00694	0.00222	0.00837	0.00685	0.00343	0.00821
43	0.02332	0.01707	0.01834	0.01436	0.01891	0.01878	0.01152	0.57957	0.02845	0.03812	0.01728	0.02117	0.01385	0.13397	0.01153	0.00282	0.00738	0.00679	0.00639	0.01038
44	0.00830	0.00608	0.00780	0.00918	0.00983	0.00559	0.00620	0.00956	0.01343	0.01760	0.04189	0.66377	0.13388	0.02089	0.00865	0.00272	0.00390	0.01879	0.00635	0.00559
45	0.01892	0.01961	0.05752	0.04933	0.14205	0.11159	0.21091	0.18190	0.02010	0.02589	0.01881	0.02105	0.07484	0.00771	0.00720	0.00212	0.00923	0.00718	0.00449	0.00957
46	0.01692	0.01790	0.01933	0.42609	0.03520	0.20112	0.01606	0.02337	0.13757	0.01926	0.01453	0.01800	0.01112	0.00733	0.00669	0.00215	0.00930	0.00594	0.00386	0.00826
47	0.80789	0.01323	0.01006	0.00900	0.01323	0.01535	0.00741	0.02011	0.01164	0.03070	0.00953	0.01111	0.00741	0.00635	0.00423	0.00212	0.00529	0.00370	0.00423	0.00741
48	0.00942	0.00699	0.00884	0.00886	0.01049	0.00642	0.00676	0.01217	0.01764	0.02398	0.44703	0.12080	0.18362	0.01589	0.00830	0.00236	0.00371	0.09344	0.00705	0.00623
49	0.01762	0.08591	0.02306	0.05704	0.27522	0.11215	0.01554	0.02368	0.14163	0.02134	0.01451	0.01700	0.01190	0.00736	0.00804	0.00203	0.08614	0.00578	0.00401	0.07002
50	0.01419	0.01216	0.01419	0.01013	0.01621	0.00912	0.00811	0.01723	0.01419	0.02229	0.01216	0.01419	0.01013	0.00507	0.00507	0.00101	0.00507	0.00405	0.00405	0.80139
51	0.03938	0.08907	0.05408	0.09032	0.18782	0.09408	0.01548	0.26654	0.02150	0.02857	0.01378	0.01589	0.01063	0.00711	0.00637	0.00197	0.00821	0.00562	0.03354	0.01005
52	0.01510	0.31153	0.39526	0.01552	0.02322	0.01930	0.01836	0.02041	0.01469	0.02006	0.07538	0.01647	0.01382	0.00694	0.00584	0.00190	0.00841	0.00519	0.00333	0.00927
53	0.00883	0.00631	0.00851	0.01009	0.01071	0.00599	0.00721	0.01039	0.01359	0.01802	0.03743	0.62976	0.04416	0.02097	0.00886	0.00285	0.00440	0.13989	0.00634	0.00569
54	0.09716	0.03083	0.01853	0.01684	0.02043	0.66650	0.01269	0.02666	0.01868	0.01802	0.01048	0.01223	0.00868	0.00699	0.00599	0.00179	0.01169	0.00434	0.00359	0.00788
55	0.00811	0.00684	0.00702	0.00717	0.00930	0.00576	0.00530	0.00979	0.01537	0.01839	0.06641	0.12893	0.65289	0.01770	0.00814	0.00235	0.00351	0.01490	0.00635	0.00576
56	0.67536	0.07082	0.01241	0.00931	0.01383	0.01569	0.00780	0.01988	0.01205	0.02881	0.00976	0.01138	0.00776	0.00620	0.00432	0.00197	0.00543	0.00373	0.00412	0.07937
57	0.01485	0.00986	0.01205	0.01089	0.01351	0.01026	0.00841	0.08046	0.11533	0.11751	0.10982	0.06347	0.11853	0.07248	0.20566	0.00490	0.00866	0.00943	0.00603	0.00789
58	0.01529	0.01218	0.01371	0.01292	0.01604	0.01353	0.01024	0.02862	0.45369	0.05102	0.09261	0.07021	0.02940	0.01208	0.00762	0.00248	0.00534	0.13678	0.00691	0.00935
59	0.01743	0.01435	0.02155	0.02871	0.39396	0.01476	0.01626	0.02486	0.17936	0.08759	0.02081	0.02753	0.01756	0.00876	0.00718	0.00226	0.00703	0.09464	0.00509	0.01031
60	0.10104	0.01179	0.01535	0.01188	0.01708	0.01053	0.00982	0.03214	0.01886	0.65909	0.02541	0.02218	0.01607	0.00828	0.00664	0.00212	0.00577	0.00659	0.00808	0.01126
61	0.02123	0.02495	0.02481	0.02491	0.18128	0.38470	0.13840	0.02560	0.07060	0.01987	0.01302	0.01551	0.01048	0.00677	0.00671	0.00197	0.01070	0.00571	0.00375	0.00905
62	0.02453	0.01760	0.02439	0.01819	0.02398	0.01822	0.17386	0.41214	0.02603	0.16353	0.01776	0.01818	0.01232	0.00768	0.00714	0.00213	0.00816	0.00675	0.00634	0.01106
63	0.00809	0.00693	0.00693	0.00693	0.00924	0.00578	0.00520	0.00982	0.01559	0.01848	0.06931	0.06584	0.71411	0.01733	0.00809	0.00231	0.00347	0.01444	0.00635	0.00578
64	0.01518	0.01385	0.02429	0.12472	0.34348	0.01388	0.12559	0.01904	0.01542	0.05228	0.04382	0.11500	0.04506	0.00893	0.00734	0.00222	0.00782	0.00871	0.00422	0.00915
65	0.08457	0.00821	0.01013	0.01054	0.01266	0.00800	0.00868	0.01491	0.01588	0.07519	0.12812	0.12314	0.14455	0.01629	0.00831	0.00268	0.00511	0.30990	0.00645	0.00668
66	0.01657	0.01588	0.02711	0.10616	0.65559	0.01616	0.02081	0.02067	0.01540	0.02191	0.01280	0.01705	0.01068	0.00616	0.00678	0.00205	0.00822	0.00609	0.00335	0.01054
67	0.01762	0.01765	0.02682	0.05777	0.63601	0.08175	0.02023	0.02148	0.01588	0.02171	0.01264	0.01655	0.01061	0.00620	0.00672	0.00201	0.00854	0.00594	0.00339	0.01049
68	0.11358	0.07925	0.02057	0.07795	0.11952	0.30596	0.01375	0.08611	0.08024	0.02266	0.01292	0.01478	0.01031	0.00703	0.00608	0.00194	0.00921	0.00510	0.00412	0.00892
69	0.00888	0.00687	0.00820	0.00882	0.01044	0.00619	0.00671	0.01092	0.01546	0.01968	0.13307	0.23713	0.34505	0.01823	0.00850	0.00256	0.00409	0.13680	0.00648	0.00590
70	0.01608	0.01784	0.02510	0.02160	0.08715	0.16392	0.27122	0.01963	0.01643	0.02028	0.07419	0.09105	0.09181	0.00961	0.00826	0.00223	0.04208	0.00906	0.00432	0.00812
71	0.01579	0.01459	0.02214	0.37818	0.23191	0.04776	0.01817	0.02040	0.04627	0.05055	0.01338	0.01786	0.01047	0.00729	0.00823	0.00225	0.07620	0.00611	0.00358	0.00886
72	0.01068	0.00601	0.00850	0.00896	0.00907	0.00589	0.00590	0.00918	0.01021	0.01362	0.02021	0.23467	0.02269	0.09044	0.02229	0.49816	0.00544	0.01020	0.00405	0.00382
73	0.38756	0.01156	0.01249	0.06617	0.01627	0.01269	0.03875	0.05997	0.01567	0.02850	0.22172	0.05853	0.02674	0.00945	0.00612	0.00217	0.00533	0.00755	0.00536	0.00740
74	0.01500	0.23928	0.33712	0.18037	0.06062	0.01897	0.01977	0.02036	0.01417	0.01915	0.01148	0.01440	0.00890	0.00637	0.00598	0.00198	0.00900	0.00493	0.00296	0.00920
75	0.01752	0.01677	0.02889	0.03825	0.57361	0.01677	0.10931	0.07242	0.01692	0.02388	0.01327	0.01710	0.01084	0.00621	0.00695	0.00207	0.00853	0.00636	0.00366	0.01068
76	0.01162	0.00714	0.00940	0.00935	0.01094	0.00651	0.00680	0.01391	0.01675	0.10690	0.33695	0.33063	0.07379	0.01642	0.00819	0.00240	0.00385	0.01462	0.00713	0.00670
77	0.01931	0.01496	0.01723	0.01605	0.07117	0.01658	0.01180	0.26467	0.27478	0.05309	0.02250	0.07777	0.01823	0.01341	0.07344	0.00303	0.00746	0.00789	0.00635	0.01030
78	0.01774	0.46754	0.11738	0.04269	0.02055	0.07448	0.01382	0.02286	0.10123	0.01849	0.01233	0.01378	0.01031	0.00672	0.00587	0.00177	0.03532	0.00458	0.00348	0.00905
79	0.07669	0.02537	0.34635	0.07610	0.03025	0.04760	0.22197	0.02101	0.01484	0.02172	0.01358	0.04868	0.01076	0.00699	0.00691	0.00222	0.00991	0.00655	0.00336	0.00914
80	0.00849	0.00646	0.00761	0.00829	0.00946	0.00581	0.00572	0.00993	0.01423	0.01822	0.09962	0.37686	0.29674	0.08688	0.01083	0.00291	0.00397	0.01615	0.00624	0.00558

[dist]
# distance from previous block
# <min> <max>
0	3

[block]
# block no. 2 follows, 31 sequences, length 51
# corresponding to MSA columns:
# 1147-1197
name=unknown_C
#
# <colnr> <probs for GDERKNQSTAVLIFYWHMCP>
#	G	D	E	R	K	N	Q	S	T	A	V	L	I	F	Y	W	H	M	C	P
0	0.01702	0.01470	0.01547	0.01392	0.01779	0.01702	0.01083	0.03635	0.70453	0.02862	0.02785	0.02553	0.02088	0.00928	0.00696	0.00232	0.00541	0.00773	0.00696	0.01083
1	0.01167	0.00844	0.01031	0.01070	0.01205	0.00851	0.00761	0.13862	0.01669	0.02230	0.03369	0.61580	0.03891	0.01894	0.00838	0.00264	0.00464	0.01694	0.00644	0.00670
2	0.01702	0.01470	0.01547	0.01392	0.01779	0.01702	0.01083	0.03635	0.70453	0.02862	0.02785	0.02553	0.02088	0.00928	0.00696	0.00232	0.00541	0.00773	0.00696	0.01083
3	0.01852	0.67382	0.07353	0.01254	0.01848	0.07353	0.01257	0.02101	0.01430	0.01645	0.00974	0.01126	0.00878	0.00597	0.00463	0.00152	0.00781	0.00379	0.00296	0.00880
4	0.01295	0.01792	0.20345	0.30092	0.14434	0.01381	0.01843	0.01785	0.01473	0.01999	0.05421	0.02530	0.11084	0.00845	0.00697	0.00221	0.00814	0.00729	0.00374	0.00847
5	0.01614	0.01312	0.01494	0.01102	0.01658	0.01124	0.00877	0.14439	0.01730	0.02563	0.01358	0.01662	0.01139	0.05526	0.00736	0.00158	0.00563	0.00484	0.00459	0.60004
6	0.00831	0.00607	0.00782	0.00921	0.00984	0.00558	0.00621	0.00956	0.01340	0.01759	0.04150	0.67234	0.12556	0.02094	0.00865	0.00272	0.00391	0.01885	0.00635	0.00558
7	0.80789	0.01323	0.01006	0.00900	0.01323	0.01535	0.00741	0.02011	0.01164	0.03070	0.00953	0.01111	0.00741	0.00635	0.00423	0.00212	0.00529	0.00370	0.00423	0.00741
8	0.01845	0.01380	0.01684	0.01408	0.01751	0.04864	0.05520	0.06874	0.19907	0.15710	0.12347	0.02901	0.08211	0.01045	0.00940	0.00231	0.10991	0.00832	0.00632	0.00927
9	0.22426	0.08998	0.06632	0.07061	0.16379	0.08120	0.01421	0.02260	0.09980	0.02332	0.01291	0.01525	0.01039	0.00720	0.00718	0.00212	0.07082	0.00521	0.00393	0.00892
10	0.00964	0.00650	0.00755	0.00785	0.00793	0.00643	0.00456	0.00987	0.01054	0.01406	0.02460	0.17873	0.02872	0.62036	0.02990	0.00591	0.00613	0.01174	0.00456	0.00441
11	0.01800	0.49200	0.20841	0.01439	0.02104	0.10815	0.01533	0.02160	0.01469	0.01759	0.01034	0.01202	0.00875	0.00616	0.00514	0.00168	0.00862	0.00410	0.00299	0.00902
12	0.09619	0.21266	0.28259	0.01599	0.02281	0.01755	0.10527	0.01989	0.01419	0.02095	0.01584	0.01800	0.05531	0.00861	0.03227	0.00231	0.00867	0.00571	0.03641	0.00880
13	0.09458	0.01547	0.02194	0.25226	0.16068	0.01725	0.06356	0.19603	0.06424	0.02739	0.01430	0.01732	0.01079	0.00709	0.00667	0.00216	0.00807	0.00612	0.00450	0.00957
14	0.00875	0.00681	0.00796	0.00798	0.00973	0.00601	0.00587	0.01099	0.01670	0.02186	0.31852	0.16404	0.35700	0.01663	0.00818	0.00232	0.00345	0.01438	0.00682	0.00601
15	0.01626	0.41383	0.32101	0.01604	0.02373	0.02181	0.06153	0.02107	0.01427	0.01878	0.01094	0.01290	0.00884	0.00612	0.00550	0.00181	0.00875	0.00452	0.00295	0.00936
16	0.01616	0.02332	0.25597	0.02091	0.15957	0.12210	0.01721	0.08591	0.01711	0.02236	0.02110	0.10795	0.08209	0.00950	0.00696	0.00215	0.00842	0.00789	0.00422	0.00911
17	0.00874	0.00668	0.00763	0.00788	0.00926	0.00599	0.00549	0.01032	0.01475	0.01895	0.16723	0.21126	0.33681	0.14291	0.01274	0.00311	0.00407	0.01442	0.00619	0.00557
18	0.01286	0.01208	0.02008	0.64840	0.08811	0.01464	0.01821	0.01720	0.01393	0.01786	0.01602	0.02133	0.05632	0.00749	0.00692	0.00227	0.00868	0.00664	0.00328	0.00769
19	0.02404	0.21262	0.02322	0.01468	0.01957	0.22955	0.01222	0.20143	0.05858	0.11876	0.01498	0.01524	0.01129	0.00736	0.00603	0.00184	0.00854	0.00519	0.00509	0.00977
20	0.16976	0.01849	0.02259	0.04620	0.18447	0.12027	0.11021	0.15335	0.01889	0.07237	0.01363	0.01574	0.01033	0.00682	0.00641	0.00207	0.00845	0.00574	0.00457	0.00964
21	0.00944	0.00688	0.00777	0.00798	0.00974	0.00602	0.00572	0.01103	0.01492	0.05200	0.08713	0.24205	0.42526	0.07009	0.01008	0.00272	0.00392	0.01497	0.00636	0.00592
22	0.01478	0.01148	0.01524	0.01354	0.01466	0.01410	0.01069	0.01786	0.07186	0.09019	0.06377	0.05829	0.02046	0.15193	0.05982	0.00391	0.32330	0.03210	0.00470	0.00732
23	0.08806	0.12917	0.13618	0.02419	0.21925	0.05684	0.10871	0.02348	0.10758	0.02256	0.01400	0.01626	0.01106	0.00658	0.00632	0.00204	0.00839	0.00576	0.00381	0.00974
24	0.12607	0.01456	0.01737	0.01492	0.04519	0.01547	0.04916	0.20993	0.16255	0.16632	0.02171	0.09062	0.01717	0.00930	0.00678	0.00221	0.00637	0.00769	0.00647	0.01015
25	0.00934	0.00669	0.00844	0.00873	0.00949	0.00667	0.00592	0.01068	0.01263	0.01708	0.12017	0.20372	0.09780	0.28522	0.16135	0.00564	0.00761	0.01231	0.00520	0.00531
26	0.01852	0.21285	0.15545	0.01652	0.08710	0.01768	0.01440	0.11042	0.07131	0.10711	0.06593	0.06027	0.01723	0.00834	0.00634	0.00200	0.00715	0.00669	0.00497	0.00976
27	0.06768	0.01391	0.02104	0.01679	0.02068	0.04996	0.22051	0.04527	0.05179	0.08158	0.02758	0.15396	0.12395	0.01131	0.00865	0.00237	0.05946	0.01021	0.00517	0.00814
28	0.01188	0.00594	0.00891	0.00891	0.00891	0.00594	0.00594	0.00891	0.00891	0.01188	0.01188	0.02080	0.01188	0.02377	0.02674	0.80095	0.00594	0.00594	0.00297	0.00297
29	0.01239	0.01070	0.01620	0.36341	0.07824	0.01205	0.01378	0.05898	0.01562	0.02053	0.08989	0.17063	0.08734	0.01141	0.00744	0.00234	0.00684	0.01010	0.00470	0.00741
30	0.12611	0.02243	0.21453	0.01984	0.11127	0.10097	0.07125	0.06566	0.01608	0.06320	0.01342	0.01577	0.01019	0.00715	0.00739	0.00212	0.06177	0.00550	0.05608	0.00925
31	0.01441	0.01296	0.01956	0.26667	0.16421	0.01514	0.01562	0.06243	0.05406	0.02139	0.07497	0.07277	0.01781	0.01080	0.03312	0.00264	0.12116	0.00769	0.00421	0.00838
32	0.01733	0.01330	0.01626	0.01385	0.01675	0.01544	0.01122	0.30424	0.01998	0.02759	0.01640	0.02099	0.01380	0.02820	0.33773	0.00622	0.10044	0.00667	0.00494	0.00863
33	0.04217	0.01632	0.02022	0.02298	0.23082	0.11697	0.05223	0.06367	0.01642	0.02150	0.02435	0.02904	0.14470	0.01016	0.00933	0.00228	0.11277	0.05115	0.00436	0.00854
34	0.01749	0.01400	0.01834	0.09430	0.17449	0.01498	0.01335	0.19316	0.07882	0.06456	0.02853	0.02915	0.17332	0.00998	0.00788	0.00220	0.04236	0.00820	0.00549	0.00943
35	0.01635	0.00831	0.01097	0.01022	0.01253	0.00768	0.00770	0.01823	0.01529	0.25086	0.06744	0.21646	0.07576	0.12616	0.07381	0.00378	0.00629	0.05804	0.00656	0.00753
36	0.00841	0.00601	0.00801	0.00947	0.00994	0.00561	0.00636	0.00972	0.01345	0.01803	0.07577	0.71543	0.04634	0.02101	0.00869	0.00274	0.00393	0.01905	0.00642	0.00561
37	0.01493	0.01865	0.16622	0.25056	0.25066	0.01620	0.01977	0.02151	0.09164	0.02107	0.01399	0.01768	0.01088	0.00710	0.00764	0.00222	0.05017	0.00606	0.00356	0.00949
38	0.32336	0.21393	0.08060	0.06018	0.01914	0.01930	0.01188	0.06503	0.06780	0.02507	0.01178	0.01351	0.00940	0.00692	0.00601	0.00202	0.04695	0.00456	0.00401	0.00856
39	0.00995	0.00663	0.00746	0.00746	0.00746	0.00663	0.00415	0.00995	0.00995	0.01327	0.02156	0.04477	0.02487	0.75957	0.03482	0.00663	0.00663	0.00995	0.00415	0.00415
40	0.02071	0.01034	0.01462	0.01430	0.09783	0.00936	0.00993	0.02375	0.01902	0.36248	0.29809	0.03359	0.03514	0.01038	0.00734	0.00212	0.00506	0.00897	0.00749	0.00949
41	0.21738	0.01654	0.10307	0.20309	0.13332	0.01588	0.03785	0.05564	0.01479	0.07309	0.01273	0.01583	0.00961	0.00705	0.00720	0.00221	0.05639	0.00548	0.00397	0.00889
42	0.01686	0.09440	0.07874	0.01611	0.07773	0.11293	0.01273	0.08810	0.17646	0.02349	0.02608	0.06003	0.10058	0.01045	0.00698	0.00219	0.00719	0.07474	0.00525	0.00896
43	0.04833	0.06298	0.11457	0.01088	0.01398	0.06655	0.00929	0.01514	0.01224	0.01695	0.01672	0.02937	0.01720	0.37366	0.06749	0.00469	0.00814	0.00725	0.00380	0.10076
44	0.01771	0.37377	0.18129	0.01419	0.02026	0.05566	0.01457	0.11457	0.01650	0.02112	0.01219	0.01446	0.01015	0.01179	0.09194	0.00285	0.00951	0.00479	0.00358	0.00911
45	0.16607	0.01289	0.01431	0.01124	0.01584	0.01261	0.00911	0.11041	0.01683	0.07231	0.09641	0.01896	0.01665	0.00756	0.00698	0.00172	0.06301	0.00560	0.00509	0.33641
46	0.01631	0.05067	0.01657	0.10370	0.06901	0.01245	0.01233	0.11453	0.01833	0.09595	0.08303	0.04162	0.02602	0.01190	0.00763	0.00239	0.00661	0.24384	0.00578	0.06133
47	0.01591	0.26194	0.02300	0.07830	0.11774	0.05742	0.01213	0.06294	0.01576	0.02008	0.06287	0.07290	0.05048	0.04668	0.03118	0.00239	0.00740	0.00707	0.00415	0.04967
48	0.02054	0.01938	0.06795	0.04561	0.02063	0.12581	0.01332	0.26551	0.05445	0.06423	0.02100	0.02193	0.09119	0.00956	0.00935	0.00222	0.12570	0.00684	0.00532	0.00943
49	0.05656	0.05045	0.18954	0.05616	0.04937	0.01301	0.05810	0.08239	0.01609	0.02271	0.07231	0.15096	0.08856	0.05322	0.00869	0.00250	0.00705	0.00949	0.00474	0.00809
50	0.05901	0.06200	0.06637	0.01284	0.01717	0.01251	0.08266	0.05305	0.09800	0.12167	0.03151	0.05615	0.18275	0.07452	0.00936	0.00253	0.00626	0.00894	0.00559	0.03713

[dist]
# distance from previous block
# <min> <max>
0	1432

# created by:
# /home/berkeley/.conda/envs/busco_data_prod/bin/msa2prfl.pl pipeline/OGs_align_augustus/5794/32339.fs
