[name]
unknown

[dist]
# distance from previous block
# <min> <max>
20	372

[block]
# block no. 0 follows, 32 sequences, length 17
# corresponding to MSA columns:
# 514-528,530,531
name=unknown_A
#
# <colnr> <probs for GDERKNQSTAVLIFYWHMCP>
#	G	D	E	R	K	N	Q	S	T	A	V	L	I	F	Y	W	H	M	C	P
0	0.09506	0.01290	0.01654	0.18994	0.13914	0.05456	0.01284	0.05340	0.01447	0.02081	0.01565	0.04439	0.01450	0.08745	0.05540	0.00304	0.00801	0.05484	0.00397	0.10307
1	0.01778	0.06879	0.13756	0.20704	0.04991	0.07773	0.01578	0.08798	0.05035	0.10695	0.01489	0.01751	0.01119	0.01047	0.06106	0.00274	0.04329	0.00577	0.00424	0.00898
2	0.14912	0.01308	0.04202	0.11139	0.05460	0.01325	0.02501	0.07432	0.05170	0.13457	0.04402	0.02155	0.04117	0.03444	0.06560	0.00290	0.04592	0.00641	0.00497	0.06399
3	0.21338	0.01766	0.01734	0.01499	0.03933	0.14087	0.03672	0.17497	0.01806	0.02699	0.06021	0.01622	0.01292	0.00810	0.00855	0.00209	0.13101	0.00551	0.00457	0.05048
4	0.05410	0.01251	0.01720	0.01893	0.17971	0.01294	0.05081	0.06646	0.15459	0.05850	0.12485	0.08136	0.10405	0.01039	0.00741	0.00219	0.02043	0.00908	0.00564	0.00885
5	0.05442	0.01398	0.06327	0.01204	0.01683	0.01256	0.01020	0.06244	0.22076	0.05099	0.04363	0.02015	0.01582	0.01170	0.08215	0.00266	0.00688	0.00595	0.00515	0.28841
6	0.27633	0.06495	0.01624	0.01473	0.12703	0.01331	0.01007	0.01940	0.01355	0.05867	0.01172	0.01357	0.00941	0.00576	0.00501	0.00159	0.00571	0.00429	0.00407	0.32459
7	0.07172	0.01464	0.01657	0.06631	0.01956	0.01752	0.01185	0.09919	0.42575	0.02694	0.02074	0.02091	0.01587	0.00906	0.00915	0.00234	0.12972	0.00675	0.00571	0.00970
8	0.35878	0.01289	0.01295	0.02649	0.01576	0.01387	0.00894	0.09230	0.11282	0.14700	0.01770	0.07101	0.01407	0.00818	0.00566	0.00208	0.00549	0.00617	0.00560	0.06224
9	0.01108	0.00583	0.00858	0.00884	0.00891	0.00576	0.00589	0.00884	0.00942	0.01256	0.01586	0.14315	0.01709	0.02293	0.02329	0.67163	0.00551	0.00803	0.00346	0.00333
10	0.02148	0.22535	0.02062	0.01156	0.01631	0.01496	0.00995	0.02376	0.01547	0.30924	0.01759	0.01881	0.01322	0.05931	0.00873	0.00208	0.05903	0.00554	0.00538	0.14161
11	0.01450	0.01771	0.13167	0.01290	0.01681	0.13634	0.01151	0.02204	0.19240	0.02362	0.24328	0.03263	0.09601	0.01047	0.00706	0.00210	0.00639	0.00864	0.00570	0.00820
12	0.01236	0.01123	0.01858	0.62593	0.04085	0.01371	0.01734	0.01661	0.01375	0.01763	0.01584	0.02748	0.01387	0.00867	0.00713	0.00238	0.00849	0.11739	0.00351	0.00724
13	0.33461	0.42000	0.02404	0.01080	0.01576	0.06764	0.00990	0.02038	0.01310	0.02153	0.00940	0.01090	0.00808	0.00601	0.00436	0.00171	0.00670	0.00365	0.00342	0.00802
14	0.57808	0.13858	0.01524	0.01031	0.01470	0.08851	0.00870	0.04294	0.01320	0.02681	0.00967	0.01117	0.00776	0.00628	0.00445	0.00193	0.00627	0.00377	0.00396	0.00767
15	0.14530	0.01210	0.01842	0.62534	0.04070	0.01493	0.01675	0.01757	0.01309	0.01930	0.01150	0.01673	0.00867	0.00663	0.00628	0.00221	0.00832	0.00558	0.00318	0.00742
16	0.04745	0.01397	0.01860	0.43927	0.03446	0.03936	0.01554	0.12581	0.13205	0.02341	0.01564	0.01997	0.01200	0.00764	0.00668	0.00221	0.00798	0.02507	0.00435	0.00856

[dist]
# distance from previous block
# <min> <max>
0	4

[block]
# block no. 1 follows, 32 sequences, length 8
# corresponding to MSA columns:
# 536-543
name=unknown_B
#
# <colnr> <probs for GDERKNQSTAVLIFYWHMCP>
#	G	D	E	R	K	N	Q	S	T	A	V	L	I	F	Y	W	H	M	C	P
0	0.00992	0.00766	0.01158	0.10957	0.01617	0.00884	0.00937	0.01226	0.01139	0.01584	0.02038	0.07451	0.04900	0.03989	0.52848	0.04266	0.01466	0.00806	0.00377	0.00601
1	0.13626	0.00961	0.01340	0.19046	0.02075	0.01083	0.03935	0.01459	0.01290	0.01969	0.08913	0.02836	0.08189	0.06608	0.23322	0.00508	0.01002	0.00764	0.00417	0.00657
2	0.05214	0.01472	0.06723	0.16321	0.07384	0.01395	0.01322	0.11061	0.07102	0.02461	0.06893	0.01883	0.01472	0.00730	0.00692	0.00186	0.04189	0.00586	0.00447	0.22467
3	0.01426	0.14541	0.41219	0.11569	0.02767	0.01802	0.02026	0.01971	0.01337	0.01903	0.01109	0.01421	0.00863	0.00716	0.00854	0.00216	0.12574	0.00502	0.00288	0.00897
4	0.01643	0.13902	0.13547	0.23468	0.20386	0.07177	0.01812	0.06689	0.01570	0.02044	0.01187	0.01529	0.00939	0.00643	0.00621	0.00198	0.00870	0.00531	0.00332	0.00911
5	0.01510	0.02605	0.42160	0.01971	0.11836	0.04722	0.01945	0.02088	0.01497	0.05535	0.04615	0.01648	0.01200	0.00657	0.00627	0.00191	0.00846	0.00534	0.00358	0.13457
6	0.01625	0.23209	0.13729	0.06984	0.07935	0.01856	0.01532	0.06674	0.01502	0.04679	0.01479	0.02249	0.01335	0.00885	0.00871	0.00217	0.12445	0.09541	0.00384	0.00868
7	0.01503	0.21772	0.19582	0.01693	0.13011	0.01564	0.01442	0.01916	0.01514	0.04779	0.12414	0.02107	0.01894	0.00756	0.00590	0.00184	0.00675	0.00612	0.11123	0.00868

[dist]
# distance from previous block
# <min> <max>
0	20

[block]
# block no. 2 follows, 32 sequences, length 9
# corresponding to MSA columns:
# 576-584
name=unknown_C
#
# <colnr> <probs for GDERKNQSTAVLIFYWHMCP>
#	G	D	E	R	K	N	Q	S	T	A	V	L	I	F	Y	W	H	M	C	P
0	0.01318	0.01023	0.01093	0.00951	0.01256	0.01009	0.00747	0.20712	0.02049	0.02635	0.15166	0.04855	0.41816	0.01395	0.00758	0.00217	0.00450	0.01154	0.00654	0.00741
1	0.01283	0.01103	0.01481	0.01116	0.01595	0.00892	0.06952	0.01610	0.01554	0.02327	0.21382	0.02462	0.02519	0.00753	0.00607	0.00143	0.00502	0.00666	0.00490	0.50563
2	0.00905	0.00684	0.00835	0.00797	0.00975	0.00614	0.00598	0.01180	0.01794	0.02440	0.53304	0.05425	0.25063	0.01465	0.00792	0.00215	0.00323	0.01271	0.00706	0.00614
3	0.01403	0.05193	0.37974	0.01673	0.02306	0.01366	0.09623	0.05341	0.01371	0.01944	0.01222	0.01637	0.00975	0.01119	0.01216	0.23119	0.00867	0.00555	0.00313	0.00785
4	0.01137	0.00952	0.01410	0.01887	0.21431	0.00922	0.01156	0.01407	0.01487	0.01964	0.03592	0.18640	0.17133	0.01511	0.00811	0.00254	0.00569	0.22477	0.00538	0.00720
5	0.01667	0.01452	0.01856	0.02029	0.21023	0.01464	0.01278	0.08590	0.26027	0.02589	0.01789	0.01875	0.01396	0.00697	0.00624	0.00181	0.00613	0.00598	0.00504	0.23748
6	0.58854	0.01253	0.01149	0.00971	0.01416	0.01357	0.00801	0.02343	0.01364	0.22900	0.01423	0.01431	0.00993	0.00682	0.00489	0.00208	0.00534	0.00452	0.00534	0.00845
7	0.01396	0.07451	0.01699	0.15043	0.08352	0.05620	0.01195	0.05802	0.03207	0.03480	0.02042	0.23006	0.02093	0.03553	0.07869	0.00322	0.05707	0.00969	0.00449	0.00746
8	0.15522	0.11517	0.11604	0.01475	0.03885	0.10508	0.03391	0.04539	0.21340	0.02385	0.01715	0.06369	0.01422	0.00806	0.00602	0.00206	0.00723	0.00628	0.00465	0.00898

[dist]
# distance from previous block
# <min> <max>
0	2

[block]
# block no. 3 follows, 32 sequences, length 10
# corresponding to MSA columns:
# 587-596
name=unknown_D
#
# <colnr> <probs for GDERKNQSTAVLIFYWHMCP>
#	G	D	E	R	K	N	Q	S	T	A	V	L	I	F	Y	W	H	M	C	P
0	0.08343	0.01874	0.02070	0.12268	0.15869	0.14772	0.03309	0.21005	0.06448	0.02671	0.01364	0.01588	0.01053	0.00726	0.00702	0.00205	0.03770	0.00566	0.00452	0.00945
1	0.00861	0.00739	0.00744	0.00733	0.00971	0.00652	0.00552	0.01164	0.06902	0.01889	0.06483	0.06152	0.66556	0.01638	0.00784	0.00227	0.00355	0.01365	0.00628	0.00605
2	0.01320	0.01348	0.07764	0.09875	0.14987	0.01257	0.03860	0.06836	0.01556	0.02101	0.04701	0.09045	0.14089	0.03701	0.00966	0.00250	0.07296	0.07798	0.00464	0.00786
3	0.01592	0.01186	0.01412	0.01019	0.01605	0.00906	0.00819	0.01886	0.01457	0.10935	0.01373	0.01502	0.01077	0.00538	0.00519	0.00113	0.00506	0.00432	0.00451	0.70672
4	0.00892	0.00687	0.00822	0.00837	0.01014	0.00617	0.00643	0.01129	0.01645	0.02148	0.29495	0.11644	0.33475	0.01635	0.00816	0.00236	0.00374	0.10632	0.00664	0.00596
5	0.07899	0.11033	0.43774	0.01800	0.02591	0.01753	0.08811	0.07865	0.01538	0.02297	0.01190	0.01411	0.00884	0.00657	0.00676	0.00208	0.03816	0.00513	0.00333	0.00950
6	0.02231	0.14596	0.08655	0.06012	0.02250	0.12889	0.01402	0.38286	0.02401	0.03056	0.01350	0.01455	0.01012	0.00727	0.00618	0.00190	0.00838	0.00527	0.00501	0.01002
7	0.00976	0.00651	0.00732	0.00732	0.00732	0.00651	0.00407	0.00976	0.00976	0.01301	0.02114	0.04391	0.02439	0.76419	0.03415	0.00651	0.00651	0.00976	0.00407	0.00407
8	0.01513	0.12239	0.16342	0.01993	0.07955	0.01606	0.19176	0.06124	0.04539	0.02143	0.01693	0.02586	0.01504	0.04214	0.03929	0.00274	0.00907	0.09988	0.00398	0.00875
9	0.08495	0.17041	0.17139	0.01411	0.01959	0.07841	0.01364	0.07945	0.20841	0.02443	0.05883	0.01839	0.01532	0.00762	0.00599	0.00198	0.00726	0.00577	0.00470	0.00935

[dist]
# distance from previous block
# <min> <max>
0	3

[block]
# block no. 4 follows, 32 sequences, length 65
# corresponding to MSA columns:
# 600-664
name=unknown_E
#
# <colnr> <probs for GDERKNQSTAVLIFYWHMCP>
#	G	D	E	R	K	N	Q	S	T	A	V	L	I	F	Y	W	H	M	C	P
0	0.20119	0.01923	0.01958	0.01784	0.09084	0.18952	0.08938	0.12473	0.05600	0.07012	0.01360	0.01504	0.01033	0.00680	0.00602	0.00195	0.00818	0.00531	0.00460	0.04975
1	0.00846	0.00652	0.00751	0.00784	0.00924	0.00581	0.00552	0.01010	0.01472	0.01889	0.17029	0.25124	0.34700	0.09301	0.01075	0.00279	0.00381	0.01471	0.00622	0.00556
2	0.01688	0.01794	0.05598	0.01679	0.01875	0.10438	0.01423	0.08682	0.01397	0.01956	0.01016	0.01443	0.00913	0.00996	0.01635	0.00250	0.48837	0.00550	0.00346	0.07486
3	0.01412	0.02296	0.35273	0.01448	0.02230	0.01252	0.01609	0.04368	0.01467	0.02231	0.01213	0.01411	0.00931	0.00575	0.00570	0.00157	0.00740	0.00452	0.00353	0.40013
4	0.00991	0.00839	0.01267	0.01422	0.09488	0.00783	0.06594	0.01203	0.01412	0.01847	0.03945	0.40301	0.19755	0.01687	0.00818	0.00251	0.00502	0.05684	0.00565	0.00645
5	0.00818	0.00584	0.00779	0.00934	0.00973	0.00545	0.00623	0.00934	0.01285	0.01713	0.03698	0.75981	0.04438	0.02102	0.00856	0.00273	0.00389	0.01908	0.00623	0.00545
6	0.00894	0.00642	0.00864	0.01007	0.01087	0.00612	0.00746	0.01073	0.01386	0.01833	0.06216	0.52505	0.06312	0.01995	0.00872	0.00279	0.00448	0.20034	0.00626	0.00569
7	0.01944	0.09567	0.15421	0.01761	0.06079	0.01544	0.12532	0.12389	0.01842	0.16962	0.06828	0.01933	0.01518	0.00727	0.00658	0.00197	0.00769	0.00636	0.00507	0.06187
8	0.02506	0.03198	0.01901	0.01729	0.02074	0.73725	0.01296	0.02679	0.01901	0.01642	0.01037	0.01210	0.00864	0.00691	0.00605	0.00173	0.01210	0.00432	0.00346	0.00778
9	0.00834	0.00681	0.00737	0.00723	0.00932	0.00584	0.00542	0.01043	0.01627	0.02044	0.23956	0.06076	0.54658	0.01613	0.00793	0.00222	0.00334	0.01363	0.00654	0.00584
10	0.08372	0.01499	0.05644	0.20108	0.25490	0.01501	0.01611	0.11569	0.01697	0.07540	0.01730	0.03832	0.05004	0.00765	0.00657	0.00211	0.00747	0.00657	0.00436	0.00930
11	0.01381	0.01309	0.02218	0.54346	0.24191	0.01521	0.01920	0.01814	0.01396	0.01853	0.01213	0.01752	0.00943	0.00650	0.00669	0.00217	0.00866	0.00597	0.00308	0.00837
12	0.00961	0.00693	0.00912	0.00877	0.01035	0.00645	0.00671	0.01277	0.01870	0.02633	0.66148	0.05227	0.06124	0.01412	0.00803	0.00219	0.00342	0.06791	0.00729	0.00632
13	0.02135	0.02532	0.02253	0.02467	0.22065	0.43763	0.05026	0.02390	0.01709	0.01822	0.01105	0.01390	0.00930	0.00697	0.00760	0.00193	0.07056	0.00510	0.00337	0.00862
14	0.00959	0.00719	0.01078	0.01078	0.01198	0.00839	0.00839	0.01198	0.01078	0.01558	0.01797	0.02636	0.01677	0.05032	0.73760	0.01078	0.01797	0.00719	0.00359	0.00599
15	0.01937	0.20190	0.11209	0.01450	0.01993	0.06367	0.01332	0.20157	0.23547	0.02720	0.01709	0.01710	0.01302	0.00754	0.00608	0.00195	0.00729	0.00569	0.00513	0.01008
16	0.01533	0.01455	0.02426	0.27024	0.46323	0.01565	0.01941	0.02029	0.05270	0.02070	0.01320	0.01749	0.01062	0.00639	0.00667	0.00209	0.00814	0.00606	0.00340	0.00959
17	0.01444	0.01240	0.01415	0.01065	0.01620	0.01043	0.00846	0.02048	0.14713	0.02305	0.01487	0.01604	0.01196	0.00576	0.00532	0.00124	0.00503	0.00467	0.00452	0.65319
18	0.01669	0.01441	0.01517	0.01365	0.01745	0.01669	0.01062	0.03565	0.71021	0.02807	0.02731	0.02503	0.02048	0.00910	0.00683	0.00228	0.00531	0.00759	0.00683	0.01062
19	0.01391	0.01193	0.01391	0.00994	0.01590	0.00894	0.00795	0.01690	0.01391	0.02186	0.01193	0.01391	0.00994	0.00497	0.00497	0.00099	0.00497	0.00398	0.00398	0.80521
20	0.00842	0.00682	0.00747	0.00731	0.00936	0.00587	0.00548	0.01057	0.01644	0.02086	0.27046	0.06008	0.51541	0.01597	0.00793	0.00222	0.00333	0.01353	0.00659	0.00587
21	0.01584	0.01810	0.03959	0.02828	0.03507	0.01697	0.69796	0.02149	0.01584	0.02149	0.01357	0.01810	0.01018	0.00566	0.00792	0.00226	0.01131	0.00792	0.00339	0.00905
22	0.01622	0.01554	0.02653	0.11123	0.65534	0.01584	0.02040	0.02025	0.01509	0.02145	0.01255	0.01673	0.01046	0.00605	0.00665	0.00202	0.00807	0.00598	0.00329	0.01031
23	0.01462	0.01491	0.01536	0.01401	0.01514	0.16835	0.01091	0.01626	0.01225	0.01562	0.01370	0.02164	0.01335	0.11869	0.25361	0.00569	0.25945	0.00646	0.00341	0.00658
24	0.02635	0.01743	0.01930	0.01479	0.02013	0.01879	0.01222	0.57695	0.02927	0.16851	0.01802	0.01735	0.01237	0.00810	0.00672	0.00203	0.00707	0.00617	0.00701	0.01141
25	0.00798	0.00661	0.00699	0.00728	0.00919	0.00562	0.00531	0.00957	0.01483	0.01794	0.06204	0.19759	0.59043	0.01776	0.00805	0.00235	0.00349	0.01510	0.00623	0.00562
26	0.01805	0.01382	0.01575	0.01159	0.01734	0.01232	0.00940	0.20907	0.01914	0.06617	0.01389	0.01502	0.01072	0.00602	0.00555	0.00134	0.00569	0.00471	0.00498	0.53944
27	0.01506	0.01090	0.01218	0.01077	0.01397	0.01128	0.00840	0.07950	0.25489	0.09936	0.19420	0.03938	0.19857	0.01190	0.00733	0.00219	0.00457	0.01000	0.00695	0.00859
28	0.00823	0.00676	0.00724	0.00723	0.00927	0.00578	0.00538	0.01017	0.01584	0.01968	0.18520	0.09745	0.56532	0.01660	0.00796	0.00226	0.00338	0.01404	0.00644	0.00578
29	0.00925	0.00677	0.00942	0.05072	0.01304	0.00668	0.00835	0.01121	0.01370	0.01806	0.03515	0.50354	0.04062	0.01945	0.00868	0.00281	0.00489	0.22582	0.00604	0.00579
30	0.02644	0.02039	0.06179	0.01436	0.01918	0.25799	0.01197	0.09010	0.01980	0.35952	0.01903	0.01810	0.01294	0.00768	0.00643	0.00194	0.00822	0.00573	0.02846	0.00994
31	0.43848	0.05350	0.01756	0.05980	0.23244	0.05785	0.01251	0.02028	0.01326	0.02537	0.01055	0.01309	0.00854	0.00619	0.00517	0.00201	0.00675	0.00452	0.00373	0.00840
32	0.01420	0.01437	0.02004	0.60828	0.04109	0.09530	0.01769	0.01813	0.01378	0.01698	0.01150	0.01699	0.00890	0.00714	0.00787	0.00224	0.06922	0.00577	0.00303	0.00748
33	0.01854	0.70647	0.03381	0.01197	0.01752	0.08616	0.01161	0.02065	0.01409	0.01584	0.00942	0.01088	0.00861	0.00584	0.00445	0.00146	0.00759	0.00365	0.00292	0.00854
34	0.00818	0.00584	0.00779	0.00934	0.00973	0.00545	0.00623	0.00934	0.01285	0.01713	0.03698	0.75981	0.04438	0.02102	0.00856	0.00273	0.00389	0.01908	0.00623	0.00545
35	0.01026	0.00755	0.01004	0.01129	0.01298	0.00733	0.00972	0.01308	0.01542	0.01971	0.04173	0.07356	0.16890	0.01824	0.00901	0.00293	0.00565	0.55032	0.00619	0.00608
36	0.17962	0.01172	0.01448	0.01134	0.01633	0.01085	0.00937	0.03022	0.01772	0.59366	0.02319	0.02055	0.01482	0.00791	0.00625	0.00208	0.00561	0.00615	0.00751	0.01062
37	0.01193	0.00637	0.00677	0.00667	0.00824	0.00627	0.00500	0.01507	0.01501	0.02538	0.15522	0.02982	0.02602	0.00895	0.00531	0.00167	0.00313	0.00738	0.64952	0.00627
38	0.03010	0.01142	0.01557	0.01194	0.01713	0.00986	0.00986	0.03270	0.01920	0.72698	0.02647	0.02284	0.01661	0.00830	0.00675	0.00208	0.00571	0.00675	0.00830	0.01142
39	0.01584	0.01810	0.03959	0.02828	0.03507	0.01697	0.69796	0.02149	0.01584	0.02149	0.01357	0.01810	0.01018	0.00566	0.00792	0.00226	0.01131	0.00792	0.00339	0.00905
40	0.01669	0.01441	0.01517	0.01365	0.01745	0.01669	0.01062	0.03565	0.71021	0.02807	0.02731	0.02503	0.02048	0.00910	0.00683	0.00228	0.00531	0.00759	0.00683	0.01062
41	0.81159	0.01298	0.00986	0.00882	0.01298	0.01505	0.00727	0.01972	0.01142	0.03010	0.00934	0.01090	0.00727	0.00623	0.00415	0.00208	0.00519	0.00363	0.00415	0.00727
42	0.02551	0.01879	0.02014	0.01544	0.02081	0.02081	0.01275	0.69996	0.03155	0.04229	0.01611	0.01611	0.01141	0.00805	0.00671	0.00201	0.00738	0.00604	0.00671	0.01141
43	0.81159	0.01298	0.00986	0.00882	0.01298	0.01505	0.00727	0.01972	0.01142	0.03010	0.00934	0.01090	0.00727	0.00623	0.00415	0.00208	0.00519	0.00363	0.00415	0.00727
44	0.01661	0.01594	0.02724	0.04119	0.72233	0.01594	0.02059	0.02059	0.01528	0.02192	0.01262	0.01661	0.01063	0.00598	0.00664	0.00199	0.00797	0.00598	0.00332	0.01063
45	0.01669	0.01441	0.01517	0.01365	0.01745	0.01669	0.01062	0.03565	0.71021	0.02807	0.02731	0.02503	0.02048	0.00910	0.00683	0.00228	0.00531	0.00759	0.00683	0.01062
46	0.03010	0.01142	0.01557	0.01194	0.01713	0.00986	0.00986	0.03270	0.01920	0.72698	0.02647	0.02284	0.01661	0.00830	0.00675	0.00208	0.00571	0.00675	0.00830	0.01142
47	0.17962	0.01172	0.01448	0.01134	0.01633	0.01085	0.00937	0.03022	0.01772	0.59366	0.02319	0.02055	0.01482	0.00791	0.00625	0.00208	0.00561	0.00615	0.00751	0.01062
48	0.00972	0.00664	0.00798	0.00798	0.00821	0.00687	0.00489	0.01018	0.00995	0.01350	0.02054	0.04055	0.02294	0.62761	0.16873	0.00732	0.00870	0.00927	0.00398	0.00443
49	0.00818	0.00584	0.00779	0.00934	0.00973	0.00545	0.00623	0.00934	0.01285	0.01713	0.03698	0.75981	0.04438	0.02102	0.00856	0.00273	0.00389	0.01908	0.00623	0.00545
50	0.00913	0.00628	0.00840	0.00914	0.00958	0.00635	0.00617	0.00995	0.01136	0.01540	0.02719	0.37796	0.03118	0.19638	0.17205	0.07258	0.00767	0.01330	0.00489	0.00504
51	0.01391	0.01193	0.01391	0.00994	0.01590	0.00894	0.00795	0.01690	0.01391	0.02186	0.01193	0.01391	0.00994	0.00497	0.00497	0.00099	0.00497	0.00398	0.00398	0.80521
52	0.00801	0.00680	0.00690	0.00688	0.00911	0.00570	0.00516	0.00978	0.01548	0.01856	0.10013	0.06386	0.68719	0.01683	0.00793	0.00226	0.00339	0.01406	0.00629	0.00570
53	0.00883	0.00682	0.00753	0.00748	0.00948	0.00599	0.00570	0.01109	0.01616	0.02100	0.22995	0.05852	0.46141	0.01555	0.00776	0.00222	0.00347	0.04933	0.06578	0.00591
54	0.02041	0.01611	0.01526	0.01356	0.01730	0.15159	0.01075	0.06206	0.27282	0.17476	0.02645	0.03009	0.05495	0.01006	0.00702	0.00222	0.00681	0.09193	0.00638	0.00947
55	0.01677	0.01321	0.02002	0.13957	0.11133	0.01476	0.08257	0.10052	0.01608	0.09316	0.01677	0.08045	0.01422	0.00912	0.00969	0.00226	0.14961	0.00737	0.09397	0.00856
56	0.01068	0.00763	0.01066	0.01221	0.01370	0.00761	0.01059	0.01368	0.01532	0.01993	0.03560	0.10949	0.03890	0.01866	0.00923	0.00307	0.00607	0.64466	0.00618	0.00614
57	0.00842	0.00602	0.00804	0.00942	0.00997	0.00564	0.00647	0.00985	0.01349	0.01810	0.09410	0.66534	0.04567	0.02028	0.00855	0.00269	0.00395	0.05211	0.00632	0.00556
58	0.01443	0.01467	0.02401	0.14456	0.18208	0.06774	0.19488	0.01815	0.01464	0.01929	0.01738	0.13356	0.01661	0.01146	0.04777	0.00275	0.03008	0.03393	0.00385	0.00817
59	0.02007	0.23639	0.06132	0.01405	0.01895	0.13004	0.01232	0.13508	0.20185	0.05895	0.01707	0.01823	0.01345	0.00771	0.00600	0.00191	0.00752	0.02451	0.00498	0.00961
60	0.68989	0.12878	0.01374	0.00923	0.01363	0.01682	0.00791	0.01978	0.01176	0.02791	0.00934	0.01088	0.00747	0.00615	0.00418	0.00198	0.00549	0.00363	0.00396	0.00747
61	0.01391	0.01193	0.01391	0.00994	0.01590	0.00894	0.00795	0.01690	0.01391	0.02186	0.01193	0.01391	0.00994	0.00497	0.00497	0.00099	0.00497	0.00398	0.00398	0.80521
62	0.01391	0.01193	0.01391	0.00994	0.01590	0.00894	0.00795	0.01690	0.01391	0.02186	0.01193	0.01391	0.00994	0.00497	0.00497	0.00099	0.00497	0.00398	0.00398	0.80521
63	0.01641	0.03439	0.05389	0.04320	0.23095	0.03994	0.01358	0.03890	0.01544	0.07287	0.01496	0.03651	0.01274	0.00688	0.00610	0.00168	0.00672	0.03858	0.00420	0.31207
64	0.01630	0.01287	0.01675	0.01428	0.01719	0.01442	0.05538	0.10649	0.18366	0.08080	0.02196	0.16174	0.01995	0.01328	0.04612	0.00279	0.14917	0.00901	0.00553	0.05232

[dist]
# distance from previous block
# <min> <max>
2	14

[block]
# block no. 5 follows, 32 sequences, length 73
# corresponding to MSA columns:
# 679-751
name=unknown_F
#
# <colnr> <probs for GDERKNQSTAVLIFYWHMCP>
#	G	D	E	R	K	N	Q	S	T	A	V	L	I	F	Y	W	H	M	C	P
0	0.02080	0.05995	0.02221	0.11665	0.20958	0.22308	0.01544	0.16569	0.04214	0.04189	0.01328	0.01551	0.01038	0.00692	0.00638	0.00194	0.00896	0.00546	0.00425	0.00949
1	0.01287	0.01253	0.04618	0.46603	0.10410	0.01325	0.01593	0.01668	0.01322	0.01782	0.01317	0.02045	0.01118	0.10287	0.00997	0.00260	0.00810	0.00617	0.00327	0.10362
2	0.01327	0.01134	0.01733	0.01381	0.01764	0.01057	0.15511	0.08504	0.01792	0.02494	0.23147	0.03719	0.09394	0.01063	0.00736	0.00205	0.00595	0.07800	0.03152	0.13489
3	0.02221	0.01061	0.01329	0.01058	0.01483	0.00955	0.00854	0.06082	0.04074	0.38508	0.09369	0.02457	0.02046	0.00836	0.00628	0.00186	0.00498	0.00685	0.14565	0.11106
4	0.01251	0.00932	0.04888	0.01132	0.01341	0.00842	0.02712	0.01542	0.04035	0.10765	0.02614	0.25178	0.02670	0.08910	0.23107	0.00536	0.00932	0.05400	0.00528	0.00684
5	0.01391	0.01193	0.01391	0.00994	0.01590	0.00894	0.00795	0.01690	0.01391	0.02186	0.01193	0.01391	0.00994	0.00497	0.00497	0.00099	0.00497	0.00398	0.00398	0.80521
6	0.00912	0.00684	0.00845	0.00805	0.00979	0.00617	0.00604	0.01194	0.01811	0.02481	0.56322	0.05358	0.22019	0.01450	0.00792	0.00215	0.00322	0.01262	0.00711	0.00617
7	0.01879	0.00810	0.00958	0.00828	0.01114	0.00754	0.00654	0.02172	0.01590	0.27549	0.02352	0.02424	0.01699	0.00799	0.00542	0.00175	0.00405	0.00643	0.51844	0.00810
8	0.00818	0.00584	0.00779	0.00934	0.00973	0.00545	0.00623	0.00934	0.01285	0.01713	0.03698	0.75981	0.04438	0.02102	0.00856	0.00273	0.00389	0.01908	0.00623	0.00545
9	0.00912	0.00684	0.00845	0.00805	0.00979	0.00617	0.00604	0.01194	0.01811	0.02481	0.56328	0.05357	0.22013	0.01450	0.00792	0.00215	0.00322	0.01262	0.00711	0.00617
10	0.00823	0.00588	0.00783	0.00931	0.00974	0.00548	0.00623	0.00947	0.01309	0.01751	0.06364	0.73207	0.04512	0.02074	0.00854	0.00270	0.00386	0.01880	0.00627	0.00548
11	0.02631	0.01751	0.01934	0.01483	0.02017	0.01890	0.01225	0.58376	0.02940	0.16153	0.01791	0.01728	0.01232	0.00810	0.00672	0.00202	0.00709	0.00616	0.00699	0.01141
12	0.01391	0.01193	0.01391	0.00994	0.01590	0.00894	0.00795	0.01690	0.01391	0.02186	0.01193	0.01391	0.00994	0.00497	0.00497	0.00099	0.00497	0.00398	0.00398	0.80521
13	0.01557	0.01344	0.01411	0.01278	0.01638	0.01529	0.00992	0.03234	0.62172	0.02680	0.03249	0.03007	0.10951	0.01011	0.00697	0.00227	0.00507	0.00842	0.00675	0.00999
14	0.01267	0.01193	0.02013	0.74806	0.04621	0.01491	0.01863	0.01714	0.01342	0.01714	0.01193	0.01789	0.00894	0.00671	0.00671	0.00224	0.00894	0.00596	0.00298	0.00745
15	0.01346	0.03471	0.72942	0.01912	0.02904	0.01558	0.02479	0.02125	0.01417	0.02125	0.01204	0.01417	0.00850	0.00637	0.00637	0.00212	0.00992	0.00496	0.00283	0.00992
16	0.00818	0.00584	0.00779	0.00934	0.00973	0.00545	0.00623	0.00934	0.01285	0.01713	0.03698	0.75981	0.04438	0.02102	0.00856	0.00273	0.00389	0.01908	0.00623	0.00545
17	0.02940	0.01158	0.01555	0.01203	0.01715	0.01022	0.00990	0.03286	0.05550	0.69027	0.02652	0.02295	0.01681	0.00835	0.00675	0.00209	0.00569	0.00679	0.00823	0.01138
18	0.01063	0.00825	0.01126	0.01338	0.10164	0.00785	0.00922	0.01354	0.01630	0.02202	0.22745	0.05596	0.19361	0.01470	0.00802	0.00241	0.00479	0.22438	0.04793	0.00668
19	0.01584	0.01810	0.03959	0.02828	0.03507	0.01697	0.69796	0.02149	0.01584	0.02149	0.01357	0.01810	0.01018	0.00566	0.00792	0.00226	0.01131	0.00792	0.00339	0.00905
20	0.00989	0.00850	0.00867	0.00833	0.01094	0.00813	0.00634	0.01546	0.17099	0.02035	0.05886	0.05572	0.56297	0.01523	0.00768	0.00227	0.00383	0.01269	0.00636	0.00677
21	0.01053	0.00704	0.00962	0.00963	0.01058	0.00753	0.00690	0.01207	0.01118	0.05237	0.02178	0.12479	0.02255	0.25679	0.39708	0.00803	0.01212	0.00944	0.00432	0.00563
22	0.01623	0.02098	0.19886	0.01685	0.02221	0.10396	0.11072	0.04184	0.19535	0.03944	0.01766	0.01960	0.01359	0.01289	0.10130	0.00323	0.00976	0.00639	0.04002	0.00911
23	0.01424	0.16245	0.60852	0.01779	0.02698	0.01749	0.02247	0.02105	0.01407	0.02030	0.01157	0.01357	0.00852	0.00626	0.00601	0.00200	0.00944	0.00472	0.00284	0.00969
24	0.02844	0.01409	0.01723	0.01321	0.01846	0.01383	0.01091	0.27472	0.02368	0.47864	0.02271	0.02040	0.01472	0.00821	0.00673	0.00205	0.00632	0.00649	0.00773	0.01142
25	0.01376	0.01341	0.02384	0.53330	0.16254	0.01535	0.10548	0.01830	0.01405	0.01853	0.01226	0.01769	0.00940	0.00645	0.00685	0.00220	0.00908	0.00621	0.00309	0.00821
26	0.01661	0.01594	0.02724	0.04119	0.72233	0.01594	0.02059	0.02059	0.01528	0.02192	0.01262	0.01661	0.01063	0.00598	0.00664	0.00199	0.00797	0.00598	0.00332	0.01063
27	0.00976	0.00651	0.00732	0.00732	0.00732	0.00651	0.00407	0.00976	0.00976	0.01301	0.02114	0.04391	0.02439	0.76419	0.03415	0.00651	0.00651	0.00976	0.00407	0.00407
28	0.01859	0.01404	0.01773	0.01415	0.01803	0.12230	0.16121	0.02181	0.01647	0.17593	0.02378	0.02488	0.08294	0.00820	0.00639	0.00193	0.00692	0.00721	0.24932	0.00818
29	0.00972	0.00664	0.00798	0.00798	0.00821	0.00687	0.00489	0.01018	0.00995	0.01350	0.02053	0.04055	0.02293	0.62736	0.16898	0.00733	0.00870	0.00927	0.00398	0.00443
30	0.45278	0.05718	0.13854	0.01236	0.01712	0.04031	0.01184	0.02063	0.01262	0.07044	0.01088	0.01275	0.00840	0.00709	0.00705	0.00215	0.10147	0.00437	0.00394	0.00809
31	0.01669	0.01441	0.01517	0.01365	0.01745	0.01669	0.01062	0.03565	0.71021	0.02807	0.02731	0.02503	0.02048	0.00910	0.00683	0.00228	0.00531	0.00759	0.00683	0.01062
32	0.81159	0.01298	0.00986	0.00882	0.01298	0.01505	0.00727	0.01972	0.01142	0.03010	0.00934	0.01090	0.00727	0.00623	0.00415	0.00208	0.00519	0.00363	0.00415	0.00727
33	0.00820	0.00681	0.00717	0.00708	0.00923	0.00578	0.00531	0.01015	0.01593	0.01965	0.18062	0.06207	0.60601	0.01643	0.00793	0.00224	0.00336	0.01381	0.00643	0.00578
34	0.01386	0.01314	0.02227	0.53495	0.25006	0.01522	0.01922	0.01818	0.01398	0.01858	0.01214	0.01750	0.00945	0.00649	0.00669	0.00216	0.00865	0.00597	0.00308	0.00841
35	0.01775	0.01310	0.01427	0.01226	0.01624	0.01412	0.00964	0.07447	0.43383	0.09635	0.02413	0.02302	0.01795	0.00834	0.00634	0.00201	0.00517	0.00684	0.10784	0.09632
36	0.01194	0.01011	0.00995	0.00933	0.01116	0.10302	0.00700	0.01491	0.01837	0.02528	0.53633	0.04189	0.05021	0.01207	0.00726	0.00199	0.00434	0.01035	0.10798	0.00651
37	0.01243	0.00792	0.01027	0.00902	0.01148	0.00702	0.00692	0.01551	0.01850	0.11080	0.56346	0.04315	0.05225	0.01218	0.00747	0.00199	0.00366	0.01066	0.00715	0.08816
38	0.00876	0.00629	0.00831	0.00895	0.00986	0.00584	0.00627	0.01081	0.01556	0.02144	0.33778	0.44671	0.05273	0.01780	0.00828	0.00245	0.00357	0.01601	0.00674	0.00584
39	0.01156	0.01035	0.01183	0.01161	0.01310	0.10120	0.00897	0.01387	0.01183	0.01568	0.01700	0.02454	0.01574	0.04480	0.64444	0.00963	0.01722	0.00682	0.00358	0.00622
40	0.81159	0.01298	0.00986	0.00882	0.01298	0.01505	0.00727	0.01972	0.01142	0.03010	0.00934	0.01090	0.00727	0.00623	0.00415	0.00208	0.00519	0.00363	0.00415	0.00727
41	0.81159	0.01298	0.00986	0.00882	0.01298	0.01505	0.00727	0.01972	0.01142	0.03010	0.00934	0.01090	0.00727	0.00623	0.00415	0.00208	0.00519	0.00363	0.00415	0.00727
42	0.05267	0.01727	0.01897	0.01459	0.01988	0.01865	0.01205	0.55716	0.02865	0.16503	0.01775	0.01715	0.01221	0.00804	0.00663	0.00203	0.00701	0.00609	0.00691	0.01127
43	0.01703	0.24247	0.33638	0.01746	0.02482	0.11256	0.08734	0.05197	0.01559	0.02002	0.01138	0.01341	0.00885	0.00626	0.00591	0.00188	0.00944	0.00483	0.00315	0.00924
44	0.00882	0.00683	0.00803	0.00773	0.00961	0.00604	0.00580	0.01135	0.01739	0.02311	0.43754	0.05637	0.34693	0.01513	0.00792	0.00218	0.00327	0.01301	0.00689	0.00604
45	0.11579	0.01347	0.02132	0.40530	0.27979	0.01529	0.01788	0.01869	0.01382	0.02047	0.01184	0.01655	0.00932	0.00639	0.00636	0.00213	0.00812	0.00567	0.00325	0.00855
46	0.01614	0.01366	0.02058	0.27719	0.09165	0.03524	0.09498	0.09036	0.06248	0.07262	0.02010	0.02766	0.04627	0.00889	0.00721	0.00228	0.00800	0.09144	0.00464	0.00859
47	0.01584	0.01810	0.03959	0.02828	0.03507	0.01697	0.69796	0.02149	0.01584	0.02149	0.01357	0.01810	0.01018	0.00566	0.00792	0.00226	0.01131	0.00792	0.00339	0.00905
48	0.00919	0.00768	0.01172	0.01129	0.01295	0.00704	0.09421	0.01111	0.01386	0.01801	0.04089	0.48655	0.19102	0.01808	0.00836	0.00258	0.00480	0.03881	0.00587	0.00598
49	0.01252	0.00979	0.01223	0.10454	0.01718	0.01040	0.00974	0.11888	0.04765	0.02190	0.03448	0.08794	0.19337	0.06740	0.08209	0.00355	0.00706	0.14678	0.00550	0.00702
50	0.01709	0.41012	0.15456	0.01328	0.01894	0.14567	0.01334	0.02014	0.01488	0.01719	0.01747	0.01847	0.09913	0.00749	0.00545	0.00172	0.00805	0.00531	0.00339	0.00833
51	0.00851	0.00608	0.00817	0.00973	0.01026	0.00574	0.00681	0.00992	0.01318	0.01750	0.03680	0.67270	0.04364	0.02070	0.00865	0.00277	0.00418	0.10288	0.00622	0.00554
52	0.05787	0.44100	0.30601	0.01434	0.02163	0.02165	0.01648	0.02053	0.01373	0.01868	0.01039	0.01210	0.00850	0.00601	0.00511	0.00174	0.00815	0.00413	0.00292	0.00905
53	0.11395	0.01292	0.01959	0.31664	0.20171	0.01402	0.01574	0.02186	0.01496	0.18244	0.01512	0.01786	0.01091	0.00684	0.00639	0.00212	0.00751	0.00587	0.00443	0.00912
54	0.81159	0.01298	0.00986	0.00882	0.01298	0.01505	0.00727	0.01972	0.01142	0.03010	0.00934	0.01090	0.00727	0.00623	0.00415	0.00208	0.00519	0.00363	0.00415	0.00727
55	0.01729	0.00881	0.00971	0.00846	0.01116	0.00881	0.00666	0.10914	0.01728	0.14955	0.02192	0.02346	0.01633	0.00793	0.00532	0.00171	0.00414	0.00631	0.55817	0.00784
56	0.01794	0.76823	0.03516	0.01148	0.01722	0.02655	0.01148	0.02009	0.01363	0.01579	0.00933	0.01076	0.00861	0.00574	0.00431	0.00144	0.00718	0.00359	0.00287	0.00861
57	0.00802	0.00680	0.00693	0.00689	0.00912	0.00570	0.00517	0.00981	0.01551	0.01865	0.10656	0.06372	0.68070	0.01680	0.00793	0.00226	0.00338	0.01404	0.00630	0.00570
58	0.01064	0.00637	0.00674	0.00691	0.00850	0.00601	0.00508	0.01316	0.01450	0.02239	0.07434	0.12990	0.19920	0.01213	0.00618	0.00192	0.00329	0.01020	0.45655	0.00601
59	0.00943	0.00686	0.00887	0.00837	0.00998	0.00630	0.00628	0.01253	0.01883	0.02652	0.68973	0.05077	0.09262	0.01386	0.00791	0.00212	0.00318	0.01223	0.00733	0.00630
60	0.03010	0.01142	0.01557	0.01194	0.01713	0.00986	0.00986	0.03270	0.01920	0.72698	0.02647	0.02284	0.01661	0.00830	0.00675	0.00208	0.00571	0.00675	0.00830	0.01142
61	0.01669	0.01441	0.01517	0.01365	0.01745	0.01669	0.01062	0.03565	0.71021	0.02807	0.02731	0.02503	0.02048	0.00910	0.00683	0.00228	0.00531	0.00759	0.00683	0.01062
62	0.01391	0.01193	0.01391	0.00994	0.01590	0.00894	0.00795	0.01690	0.01391	0.02186	0.01193	0.01391	0.00994	0.00497	0.00497	0.00099	0.00497	0.00398	0.00398	0.80521
63	0.81159	0.01298	0.00986	0.00882	0.01298	0.01505	0.00727	0.01972	0.01142	0.03010	0.00934	0.01090	0.00727	0.00623	0.00415	0.00208	0.00519	0.00363	0.00415	0.00727
64	0.01267	0.01193	0.02013	0.74806	0.04621	0.01491	0.01863	0.01714	0.01342	0.01714	0.01193	0.01789	0.00894	0.00671	0.00671	0.00224	0.00894	0.00596	0.00298	0.00745
65	0.00818	0.00584	0.00779	0.00934	0.00973	0.00545	0.00623	0.00934	0.01285	0.01713	0.03698	0.75981	0.04438	0.02102	0.00856	0.00273	0.00389	0.01908	0.00623	0.00545
66	0.01830	0.01575	0.01542	0.11093	0.04754	0.17597	0.01126	0.02403	0.14762	0.13838	0.10927	0.02852	0.10943	0.00960	0.00689	0.00208	0.00700	0.00781	0.00565	0.00854
67	0.11900	0.67205	0.03194	0.01114	0.01668	0.02509	0.01094	0.02004	0.01335	0.01761	0.00933	0.01078	0.00844	0.00580	0.00429	0.00152	0.00692	0.00359	0.00303	0.00844
68	0.00833	0.00616	0.00764	0.00861	0.00946	0.00563	0.00586	0.00968	0.01363	0.01782	0.09463	0.51499	0.18475	0.06747	0.01003	0.00283	0.00390	0.01692	0.00618	0.00547
69	0.00854	0.00633	0.00802	0.00900	0.01002	0.00581	0.00644	0.01024	0.01435	0.01884	0.13003	0.46975	0.17907	0.01907	0.00842	0.00259	0.00391	0.07751	0.00637	0.00567
70	0.01438	0.15788	0.52017	0.01762	0.02556	0.01810	0.02122	0.02040	0.01358	0.01966	0.01116	0.01365	0.00856	0.00695	0.00801	0.00211	0.10393	0.00484	0.00285	0.00936
71	0.11509	0.01276	0.02006	0.53083	0.15973	0.01511	0.01753	0.01807	0.01349	0.01963	0.01172	0.01678	0.00902	0.00652	0.00637	0.00217	0.00830	0.00567	0.00319	0.00798
72	0.30055	0.01360	0.01583	0.34547	0.06480	0.06689	0.01335	0.01885	0.01324	0.02250	0.01156	0.01535	0.00894	0.00658	0.00561	0.00209	0.00740	0.00503	0.05485	0.00750

[dist]
# distance from previous block
# <min> <max>
0	26

[block]
# block no. 6 follows, 32 sequences, length 38
# corresponding to MSA columns:
# 778-815
name=unknown_G
#
# <colnr> <probs for GDERKNQSTAVLIFYWHMCP>
#	G	D	E	R	K	N	Q	S	T	A	V	L	I	F	Y	W	H	M	C	P
0	0.01611	0.01621	0.05143	0.10990	0.63128	0.01583	0.02055	0.02028	0.01506	0.02143	0.01253	0.01665	0.01039	0.00606	0.00664	0.00202	0.00814	0.00594	0.00327	0.01029
1	0.00876	0.00683	0.00794	0.00766	0.00957	0.00602	0.00575	0.01123	0.01725	0.02276	0.41127	0.05695	0.37343	0.01527	0.00792	0.00218	0.00328	0.01309	0.00684	0.00602
2	0.05374	0.01594	0.05655	0.34209	0.06978	0.11402	0.01514	0.07808	0.01610	0.02083	0.04836	0.04296	0.05649	0.00958	0.03070	0.00241	0.00861	0.00679	0.00396	0.00788
3	0.00850	0.00598	0.00769	0.00892	0.00923	0.00567	0.00578	0.00943	0.01221	0.01628	0.03371	0.61204	0.04025	0.17442	0.01385	0.00351	0.00443	0.01715	0.00578	0.00516
4	0.13179	0.01313	0.01759	0.03645	0.11661	0.01382	0.06259	0.07394	0.10722	0.16677	0.03699	0.02267	0.01577	0.10726	0.01083	0.00273	0.04265	0.00682	0.00535	0.00903
5	0.01222	0.00802	0.00926	0.00932	0.01082	0.00814	0.00672	0.11966	0.01602	0.02322	0.02871	0.40176	0.03052	0.04345	0.00812	0.00242	0.00432	0.01294	0.23779	0.00657
6	0.01016	0.00779	0.00887	0.00843	0.01052	0.00747	0.00637	0.01492	0.10833	0.02406	0.36367	0.04964	0.26785	0.01373	0.00753	0.00214	0.00352	0.01175	0.06656	0.00667
7	0.01762	0.01665	0.02569	0.19448	0.30935	0.05277	0.11474	0.14245	0.01805	0.02416	0.01311	0.01680	0.01022	0.00652	0.00682	0.00208	0.00877	0.00618	0.00387	0.00968
8	0.00992	0.00730	0.00986	0.00971	0.01035	0.00824	0.00693	0.01128	0.01033	0.01455	0.01880	0.03300	0.01951	0.34318	0.40981	0.00861	0.05141	0.00818	0.00375	0.00527
9	0.00836	0.00592	0.00773	0.00911	0.00945	0.00557	0.00598	0.00939	0.01249	0.01665	0.03514	0.67648	0.04205	0.10753	0.01154	0.00317	0.00420	0.01799	0.00598	0.00529
10	0.00928	0.00685	0.00867	0.00821	0.00989	0.00624	0.00616	0.01224	0.01848	0.02568	0.62817	0.05213	0.15470	0.01417	0.00792	0.00213	0.00320	0.01242	0.00723	0.00624
11	0.00818	0.00584	0.00779	0.00934	0.00973	0.00545	0.00623	0.00934	0.01285	0.01713	0.03698	0.75981	0.04438	0.02102	0.00856	0.00273	0.00389	0.01908	0.00623	0.00545
12	0.01794	0.76823	0.03516	0.01148	0.01722	0.02655	0.01148	0.02009	0.01363	0.01579	0.00933	0.01076	0.00861	0.00574	0.00431	0.00144	0.00718	0.00359	0.00287	0.00861
13	0.01346	0.03471	0.72942	0.01912	0.02904	0.01558	0.02479	0.02125	0.01417	0.02125	0.01204	0.01417	0.00850	0.00637	0.00637	0.00212	0.00992	0.00496	0.00283	0.00992
14	0.03010	0.01142	0.01557	0.01194	0.01713	0.00986	0.00986	0.03270	0.01920	0.72698	0.02647	0.02284	0.01661	0.00830	0.00675	0.00208	0.00571	0.00675	0.00830	0.01142
15	0.01794	0.76823	0.03516	0.01148	0.01722	0.02655	0.01148	0.02009	0.01363	0.01579	0.00933	0.01076	0.00861	0.00574	0.00431	0.00144	0.00718	0.00359	0.00287	0.00861
16	0.01267	0.01193	0.02013	0.74806	0.04621	0.01491	0.01863	0.01714	0.01342	0.01714	0.01193	0.01789	0.00894	0.00671	0.00671	0.00224	0.00894	0.00596	0.00298	0.00745
17	0.01081	0.00772	0.01081	0.01236	0.01390	0.00772	0.01081	0.01390	0.01545	0.02008	0.03553	0.07569	0.03862	0.01854	0.00927	0.00309	0.00618	0.67717	0.00618	0.00618
18	0.00818	0.00584	0.00779	0.00934	0.00973	0.00545	0.00623	0.00934	0.01285	0.01713	0.03698	0.75981	0.04438	0.02102	0.00856	0.00273	0.00389	0.01908	0.00623	0.00545
19	0.01794	0.76823	0.03516	0.01148	0.01722	0.02655	0.01148	0.02009	0.01363	0.01579	0.00933	0.01076	0.00861	0.00574	0.00431	0.00144	0.00718	0.00359	0.00287	0.00861
20	0.01081	0.00772	0.01081	0.01236	0.01390	0.00772	0.01081	0.01390	0.01545	0.02008	0.03553	0.07569	0.03862	0.01854	0.00927	0.00309	0.00618	0.67717	0.00618	0.00618
21	0.81159	0.01298	0.00986	0.00882	0.01298	0.01505	0.00727	0.01972	0.01142	0.03010	0.00934	0.01090	0.00727	0.00623	0.00415	0.00208	0.00519	0.00363	0.00415	0.00727
22	0.00976	0.00651	0.00732	0.00732	0.00732	0.00651	0.00407	0.00976	0.00976	0.01301	0.02114	0.04391	0.02439	0.76419	0.03415	0.00651	0.00651	0.00976	0.00407	0.00407
23	0.02152	0.01179	0.01435	0.01215	0.01586	0.01173	0.00955	0.18779	0.07221	0.29919	0.02712	0.23870	0.02383	0.01205	0.00728	0.00227	0.00555	0.01027	0.00720	0.00960
24	0.01391	0.01193	0.01391	0.00994	0.01590	0.00894	0.00795	0.01690	0.01391	0.02186	0.01193	0.01391	0.00994	0.00497	0.00497	0.00099	0.00497	0.00398	0.00398	0.80521
25	0.01584	0.01810	0.03959	0.02828	0.03507	0.01697	0.69796	0.02149	0.01584	0.02149	0.01357	0.01810	0.01018	0.00566	0.00792	0.00226	0.01131	0.00792	0.00339	0.00905
26	0.00808	0.00685	0.00701	0.00709	0.00931	0.00577	0.00540	0.00985	0.01530	0.01823	0.06629	0.06515	0.68419	0.01707	0.00800	0.00231	0.00354	0.04865	0.00623	0.00569
27	0.01467	0.01422	0.02289	0.41422	0.30797	0.03675	0.01904	0.01872	0.01415	0.01894	0.01200	0.01706	0.00959	0.00668	0.00743	0.00216	0.04578	0.00592	0.00313	0.00870
28	0.01935	0.05779	0.20781	0.01526	0.02098	0.05423	0.04742	0.19115	0.01945	0.13924	0.01905	0.12235	0.01597	0.00919	0.00674	0.00211	0.00761	0.00760	0.02712	0.00957
29	0.00801	0.00680	0.00690	0.00688	0.00911	0.00570	0.00516	0.00978	0.01547	0.01855	0.09944	0.06388	0.68788	0.01683	0.00793	0.00226	0.00339	0.01406	0.00629	0.00570
30	0.00942	0.00683	0.00891	0.00868	0.01019	0.00632	0.00654	0.01237	0.01819	0.02546	0.60505	0.10802	0.08201	0.01467	0.00804	0.00222	0.00340	0.05028	0.00719	0.00623
31	0.01715	0.12748	0.27692	0.07050	0.02361	0.10948	0.01645	0.05285	0.05559	0.07936	0.01534	0.05462	0.01240	0.01002	0.04752	0.00251	0.00916	0.00597	0.00401	0.00905
32	0.01827	0.30303	0.06187	0.01441	0.01831	0.10598	0.01297	0.09923	0.03356	0.02010	0.01134	0.01382	0.00972	0.00793	0.00958	0.00199	0.20111	0.00486	0.04340	0.00851
33	0.01598	0.01269	0.01412	0.08823	0.01767	0.06245	0.00952	0.16110	0.01665	0.04966	0.01656	0.02475	0.01512	0.21722	0.10938	0.00420	0.00854	0.00674	0.00456	0.14486
34	0.04412	0.51442	0.04915	0.01222	0.01766	0.02340	0.01160	0.13016	0.07141	0.02197	0.01239	0.01339	0.01028	0.00649	0.00496	0.00164	0.00692	0.00444	0.03425	0.00912
35	0.01024	0.00731	0.01016	0.01170	0.01300	0.00723	0.00982	0.01291	0.01488	0.01944	0.03584	0.22414	0.03987	0.01908	0.00912	0.00301	0.00568	0.53437	0.00619	0.00602
36	0.01393	0.01161	0.01340	0.00983	0.01536	0.00909	0.00783	0.01765	0.04543	0.02238	0.01337	0.01525	0.01096	0.00537	0.00503	0.00109	0.00485	0.00431	0.06398	0.70927
37	0.16687	0.01396	0.01858	0.01688	0.09773	0.01459	0.08170	0.06795	0.06076	0.06136	0.04863	0.01734	0.01319	0.00743	0.00817	0.00198	0.11015	0.00574	0.00450	0.18248

[dist]
# distance from previous block
# <min> <max>
0	69

[block]
# block no. 7 follows, 32 sequences, length 48
# corresponding to MSA columns:
# 894-941
name=unknown_H
#
# <colnr> <probs for GDERKNQSTAVLIFYWHMCP>
#	G	D	E	R	K	N	Q	S	T	A	V	L	I	F	Y	W	H	M	C	P
0	0.43369	0.13553	0.05807	0.01648	0.15960	0.01660	0.01161	0.01949	0.01280	0.02494	0.01164	0.05209	0.01022	0.00689	0.00505	0.00199	0.00628	0.00500	0.00381	0.00822
1	0.01267	0.01193	0.02013	0.74806	0.04621	0.01491	0.01863	0.01714	0.01342	0.01714	0.01193	0.01789	0.00894	0.00671	0.00671	0.00224	0.00894	0.00596	0.00298	0.00745
2	0.01584	0.01810	0.03959	0.02828	0.03507	0.01697	0.69796	0.02149	0.01584	0.02149	0.01357	0.01810	0.01018	0.00566	0.00792	0.00226	0.01131	0.00792	0.00339	0.00905
3	0.01669	0.01441	0.01517	0.01365	0.01745	0.01669	0.01062	0.03565	0.71021	0.02807	0.02731	0.02503	0.02048	0.00910	0.00683	0.00228	0.00531	0.00759	0.00683	0.01062
4	0.01028	0.00713	0.00867	0.00812	0.01015	0.00633	0.00615	0.01292	0.01778	0.06804	0.46013	0.05318	0.27730	0.01446	0.00785	0.00216	0.00340	0.01247	0.00706	0.00643
5	0.01081	0.00772	0.01081	0.01236	0.01390	0.00772	0.01081	0.01390	0.01545	0.02008	0.03553	0.07569	0.03862	0.01854	0.00927	0.00309	0.00618	0.67717	0.00618	0.00618
6	0.00976	0.00651	0.00732	0.00732	0.00732	0.00651	0.00407	0.00976	0.00976	0.01301	0.02114	0.04391	0.02439	0.76419	0.03415	0.00651	0.00651	0.00976	0.00407	0.00407
7	0.02551	0.01879	0.02014	0.01544	0.02081	0.02081	0.01275	0.69996	0.03155	0.04229	0.01611	0.01611	0.01141	0.00805	0.00671	0.00201	0.00738	0.00604	0.00671	0.01141
8	0.03010	0.01142	0.01557	0.01194	0.01713	0.00986	0.00986	0.03270	0.01920	0.72698	0.02647	0.02284	0.01661	0.00830	0.00675	0.00208	0.00571	0.00675	0.00830	0.01142
9	0.01669	0.01441	0.01517	0.01365	0.01745	0.01669	0.01062	0.03565	0.71021	0.02807	0.02731	0.02503	0.02048	0.00910	0.00683	0.00228	0.00531	0.00759	0.00683	0.01062
10	0.00976	0.00651	0.00732	0.00732	0.00732	0.00651	0.00407	0.00976	0.00976	0.01301	0.02114	0.04391	0.02439	0.76419	0.03415	0.00651	0.00651	0.00976	0.00407	0.00407
11	0.01383	0.01210	0.01549	0.13092	0.05092	0.01021	0.01022	0.01709	0.01389	0.02110	0.01196	0.01467	0.00981	0.00529	0.00532	0.00124	0.00574	0.00438	0.00379	0.64204
12	0.01496	0.01410	0.02307	0.33581	0.36928	0.01558	0.01880	0.02061	0.08221	0.02051	0.01376	0.01797	0.01088	0.00659	0.00669	0.00212	0.00812	0.00613	0.00352	0.00929
