[name]
unknown

[dist]
# distance from previous block
# <min> <max>
3	420

[block]
# block no. 0 follows, 29 sequences, length 31
# corresponding to MSA columns:
# 539-569
name=unknown_A
#
# <colnr> <probs for GDERKNQSTAVLIFYWHMCP>
#	G	D	E	R	K	N	Q	S	T	A	V	L	I	F	Y	W	H	M	C	P
0	0.01413	0.03209	0.14259	0.06142	0.15594	0.01349	0.06227	0.04787	0.01803	0.02550	0.28478	0.03116	0.03272	0.01000	0.00820	0.00225	0.03457	0.00882	0.00526	0.00890
1	0.01350	0.03388	0.05381	0.04066	0.06396	0.01522	0.01312	0.01643	0.01534	0.02237	0.28305	0.03053	0.03228	0.01222	0.01441	0.00259	0.31509	0.00875	0.00500	0.00779
2	0.01521	0.00821	0.01013	0.00923	0.01111	0.00756	0.00645	0.01667	0.01516	0.18562	0.13401	0.09400	0.10685	0.32556	0.01995	0.00427	0.00560	0.01118	0.00636	0.00686
3	0.52450	0.01696	0.01355	0.01184	0.01627	0.09642	0.00952	0.10214	0.09971	0.03158	0.01325	0.01422	0.01013	0.00730	0.00531	0.00218	0.00663	0.00476	0.00500	0.00873
4	0.01457	0.01136	0.01408	0.01293	0.01555	0.01304	0.01018	0.12073	0.17972	0.02406	0.02117	0.02598	0.01789	0.03598	0.43969	0.00784	0.01411	0.00755	0.00515	0.00842
5	0.01926	0.02169	0.18617	0.01638	0.02240	0.01854	0.01549	0.19798	0.36069	0.03188	0.02203	0.02136	0.01621	0.00868	0.00710	0.00231	0.00738	0.00696	0.00619	0.01130
6	0.21022	0.37928	0.02616	0.01317	0.01820	0.21335	0.01153	0.02316	0.01545	0.02062	0.01020	0.01184	0.00880	0.00656	0.00503	0.00177	0.00852	0.00403	0.00354	0.00855
7	0.11299	0.24742	0.27782	0.01460	0.02145	0.01881	0.01609	0.02212	0.05926	0.03638	0.09450	0.01895	0.01678	0.00769	0.00604	0.00203	0.00776	0.00576	0.00415	0.00938
8	0.02190	0.01778	0.01755	0.01461	0.01866	0.15091	0.04867	0.18178	0.12433	0.10982	0.05070	0.02324	0.01768	0.04828	0.00839	0.00233	0.00759	0.00704	0.11907	0.00965
9	0.02563	0.02784	0.02000	0.01734	0.02160	0.44480	0.01339	0.20651	0.10694	0.02639	0.01488	0.01569	0.01152	0.00795	0.00671	0.00199	0.01059	0.00551	0.00505	0.00967
10	0.01713	0.01535	0.02237	0.01615	0.02259	0.01347	0.17171	0.12025	0.01811	0.02641	0.01376	0.01620	0.01085	0.00595	0.00631	0.00155	0.00729	0.00557	0.00451	0.48446
11	0.11314	0.01036	0.01121	0.00986	0.01192	0.01076	0.00687	0.11684	0.01528	0.10330	0.02074	0.03512	0.02056	0.45710	0.02442	0.00504	0.00677	0.00857	0.00529	0.00685
12	0.61092	0.19304	0.01697	0.01005	0.01486	0.01893	0.00879	0.02103	0.01269	0.02827	0.00991	0.01153	0.00806	0.00648	0.00445	0.00204	0.00602	0.00384	0.00408	0.00806
13	0.01653	0.46661	0.19696	0.01404	0.02047	0.02242	0.01510	0.02031	0.01414	0.01812	0.01199	0.01482	0.01043	0.01346	0.11436	0.00321	0.01007	0.00474	0.00315	0.00905
14	0.02172	0.02207	0.08172	0.12038	0.04922	0.15423	0.01544	0.25290	0.15587	0.03008	0.01712	0.01825	0.01276	0.00810	0.00698	0.00218	0.00886	0.00627	0.00543	0.01043
15	0.01918	0.01520	0.07675	0.07016	0.01994	0.06835	0.01205	0.08286	0.08068	0.18967	0.02686	0.24468	0.02495	0.01280	0.00771	0.00244	0.00680	0.02330	0.00642	0.00920
16	0.01108	0.00875	0.01083	0.01016	0.01291	0.00725	0.00733	0.01308	0.01408	0.02016	0.02876	0.45695	0.03268	0.01559	0.00758	0.00217	0.00458	0.01392	0.00567	0.31649
17	0.02244	0.01575	0.01859	0.12418	0.02420	0.01747	0.01312	0.23091	0.26863	0.15333	0.02271	0.02211	0.01620	0.00878	0.00717	0.00229	0.00697	0.00713	0.00686	0.01117
18	0.01399	0.02083	0.28580	0.01662	0.02216	0.01314	0.08923	0.02022	0.11153	0.02103	0.04265	0.07839	0.01704	0.01298	0.01236	0.19379	0.00816	0.00771	0.00417	0.00821
19	0.01578	0.01449	0.02076	0.01793	0.10174	0.01269	0.11264	0.02160	0.09908	0.02396	0.01503	0.01724	0.01206	0.00605	0.00620	0.00155	0.00672	0.00558	0.00442	0.48448
20	0.01365	0.01028	0.01313	0.18462	0.01994	0.01138	0.00946	0.11454	0.01482	0.01960	0.01925	0.03542	0.01982	0.45696	0.02475	0.00508	0.00767	0.00878	0.00446	0.00637
21	0.01197	0.00893	0.01053	0.00995	0.01209	0.00868	0.00745	0.11372	0.01977	0.02654	0.30234	0.21853	0.18971	0.01626	0.00837	0.00242	0.00428	0.01414	0.00717	0.00716
22	0.01461	0.00828	0.01112	0.01036	0.01123	0.00861	0.00730	0.11173	0.01296	0.01732	0.01309	0.02095	0.01233	0.02227	0.02467	0.67233	0.00644	0.00622	0.00371	0.00447
23	0.04189	0.02011	0.14791	0.06053	0.51148	0.01682	0.02164	0.02254	0.04609	0.02354	0.01385	0.01742	0.01118	0.00660	0.00693	0.00216	0.00864	0.00615	0.00362	0.01092
24	0.13484	0.01420	0.02194	0.20150	0.36265	0.01525	0.01748	0.01948	0.01482	0.02279	0.01560	0.09905	0.01434	0.00837	0.00689	0.00228	0.00777	0.00753	0.00392	0.00930
25	0.01816	0.01864	0.02989	0.06097	0.52230	0.07955	0.12128	0.02247	0.01659	0.02252	0.01331	0.01748	0.01096	0.00640	0.00720	0.00214	0.00942	0.00650	0.00354	0.01065
26	0.04840	0.05343	0.07993	0.12421	0.02381	0.21877	0.01370	0.02478	0.01702	0.18596	0.01743	0.04650	0.01402	0.07124	0.00966	0.00254	0.02816	0.00658	0.00492	0.00892
27	0.01689	0.01667	0.12278	0.02162	0.18160	0.01294	0.07085	0.05034	0.01776	0.10615	0.14493	0.06741	0.02414	0.00911	0.00729	0.00211	0.00715	0.00823	0.00531	0.10672
28	0.01606	0.01115	0.01691	0.01360	0.01758	0.00992	0.11267	0.01885	0.01522	0.14856	0.02430	0.15301	0.04602	0.08103	0.09041	0.00354	0.00791	0.00959	0.00545	0.19821
29	0.01807	0.05961	0.16307	0.01778	0.06642	0.01725	0.03407	0.21149	0.12329	0.02887	0.02101	0.14694	0.01881	0.01055	0.00777	0.00234	0.02823	0.00878	0.00553	0.01012
30	0.02159	0.01784	0.02538	0.02400	0.16300	0.04928	0.14600	0.16703	0.14474	0.11348	0.01882	0.02000	0.01391	0.00791	0.00791	0.00226	0.03314	0.00710	0.00564	0.01097

[dist]
# distance from previous block
# <min> <max>
1	15

[block]
# block no. 1 follows, 29 sequences, length 7
# corresponding to MSA columns:
# 585-591
name=unknown_B
#
# <colnr> <probs for GDERKNQSTAVLIFYWHMCP>
#	G	D	E	R	K	N	Q	S	T	A	V	L	I	F	Y	W	H	M	C	P
0	0.01839	0.06822	0.12083	0.06007	0.11799	0.12429	0.07749	0.05440	0.06640	0.05396	0.01520	0.01841	0.01213	0.01316	0.09487	0.00332	0.06102	0.00627	0.00413	0.00948
1	0.06336	0.18975	0.08030	0.01553	0.02033	0.09723	0.01389	0.20165	0.06979	0.02716	0.03596	0.01651	0.01270	0.00846	0.00874	0.00215	0.11628	0.00569	0.00477	0.00976
2	0.02042	0.01809	0.10368	0.01585	0.02119	0.01631	0.06916	0.30837	0.05610	0.08223	0.18429	0.02675	0.02586	0.00965	0.00751	0.00222	0.00720	0.00814	0.00662	0.01036
3	0.01229	0.01065	0.01668	0.08622	0.15652	0.01059	0.07384	0.01478	0.01436	0.01924	0.07741	0.10370	0.11859	0.23531	0.01651	0.00374	0.00697	0.01072	0.00477	0.00712
4	0.01980	0.02192	0.18066	0.02049	0.12362	0.04288	0.01673	0.28102	0.06991	0.03122	0.01885	0.10568	0.01609	0.00952	0.00725	0.00226	0.00813	0.00787	0.00546	0.01065
5	0.01769	0.01919	0.11040	0.03143	0.35889	0.01739	0.08678	0.11157	0.01789	0.02526	0.01525	0.06395	0.01321	0.00820	0.00867	0.00230	0.07001	0.00732	0.00413	0.01048
6	0.01494	0.11558	0.01911	0.01896	0.18681	0.09894	0.01190	0.01793	0.01775	0.02274	0.24793	0.03613	0.14146	0.01103	0.00730	0.00209	0.00641	0.00934	0.00539	0.00826

[dist]
# distance from previous block
# <min> <max>
2	18

[block]
# block no. 2 follows, 29 sequences, length 9
# corresponding to MSA columns:
# 610-618
name=unknown_C
#
# <colnr> <probs for GDERKNQSTAVLIFYWHMCP>
#	G	D	E	R	K	N	Q	S	T	A	V	L	I	F	Y	W	H	M	C	P
0	0.00892	0.00692	0.00812	0.00848	0.01010	0.00612	0.00611	0.01095	0.01644	0.02129	0.22252	0.27146	0.34017	0.01845	0.00862	0.00251	0.00370	0.01607	0.00692	0.00612
1	0.09777	0.11266	0.15030	0.02030	0.16547	0.01536	0.03883	0.02236	0.01590	0.14721	0.02123	0.08717	0.05775	0.00905	0.00675	0.00219	0.00742	0.00761	0.00490	0.00976
2	0.18402	0.02119	0.18234	0.01692	0.02353	0.05509	0.11030	0.08575	0.01808	0.21071	0.01682	0.01745	0.01160	0.00737	0.00663	0.00222	0.00839	0.00600	0.00535	0.01025
3	0.31677	0.00966	0.00937	0.00897	0.01166	0.01009	0.00689	0.01542	0.01562	0.02715	0.25325	0.12525	0.13969	0.01297	0.00693	0.00233	0.00433	0.01062	0.00616	0.00688
4	0.01709	0.14995	0.02754	0.06133	0.37621	0.01886	0.01765	0.02048	0.01486	0.02094	0.01204	0.01595	0.01045	0.00713	0.00885	0.00206	0.11669	0.00564	0.00343	0.09285
5	0.01824	0.01644	0.02498	0.13876	0.23245	0.01729	0.09897	0.14237	0.09027	0.02684	0.01553	0.01854	0.01206	0.00724	0.00755	0.00215	0.02922	0.00657	0.00458	0.08996
6	0.01670	0.01740	0.02271	0.46019	0.18009	0.14415	0.01911	0.02081	0.01573	0.01910	0.01251	0.01759	0.00980	0.00700	0.00698	0.00222	0.00989	0.00602	0.00333	0.00867
7	0.01592	0.01398	0.02136	0.60256	0.04415	0.01696	0.01864	0.13868	0.01773	0.02304	0.01346	0.01864	0.00997	0.00738	0.00712	0.00233	0.00919	0.00634	0.00388	0.00867
8	0.01966	0.02400	0.30062	0.02504	0.18200	0.01534	0.10686	0.02537	0.01683	0.18961	0.01685	0.01840	0.01186	0.00707	0.00714	0.00223	0.00916	0.00638	0.00461	0.01096

[dist]
# distance from previous block
# <min> <max>
11	18

[block]
# block no. 3 follows, 29 sequences, length 49
# corresponding to MSA columns:
# 637-666,676-694
name=unknown_D
#
# <colnr> <probs for GDERKNQSTAVLIFYWHMCP>
#	G	D	E	R	K	N	Q	S	T	A	V	L	I	F	Y	W	H	M	C	P
0	0.08271	0.07939	0.19098	0.05180	0.13834	0.01756	0.17599	0.06774	0.01683	0.05521	0.01377	0.01657	0.01040	0.00661	0.00682	0.00214	0.00922	0.00611	0.00396	0.04784
1	0.04855	0.14213	0.02550	0.13563	0.29889	0.06681	0.01682	0.04892	0.06950	0.02251	0.01659	0.01934	0.04448	0.00741	0.00658	0.00208	0.00818	0.00625	0.00402	0.00983
2	0.01959	0.18090	0.30813	0.01840	0.02552	0.26108	0.04771	0.02433	0.01676	0.01962	0.01166	0.01373	0.00917	0.00679	0.00627	0.00197	0.01079	0.00487	0.00327	0.00942
3	0.01642	0.10316	0.11635	0.17723	0.04573	0.01728	0.16929	0.05152	0.01595	0.05445	0.01560	0.07471	0.01325	0.00832	0.00828	0.00228	0.05915	0.00743	0.00401	0.03959
4	0.01447	0.02260	0.32255	0.01488	0.02107	0.01385	0.01604	0.10308	0.07512	0.02403	0.02756	0.03135	0.14584	0.12295	0.01167	0.00299	0.00789	0.00830	0.00478	0.00898
5	0.02217	0.13701	0.02326	0.07810	0.02267	0.21572	0.01416	0.13051	0.01875	0.07694	0.01293	0.01539	0.01039	0.00865	0.01037	0.00221	0.18170	0.00550	0.00437	0.00919
6	0.01206	0.00902	0.01150	0.01085	0.01271	0.00979	0.00828	0.09675	0.01516	0.02064	0.05351	0.03618	0.12489	0.13068	0.40611	0.00794	0.01311	0.00916	0.00488	0.00678
7	0.04539	0.16467	0.16424	0.07861	0.13050	0.01750	0.13098	0.02067	0.01551	0.04135	0.04757	0.08045	0.01594	0.00822	0.00689	0.00217	0.00860	0.00741	0.00397	0.00935
8	0.01750	0.28213	0.31407	0.01974	0.10179	0.08124	0.01924	0.02315	0.04205	0.02047	0.01233	0.01434	0.00983	0.00665	0.00603	0.00196	0.00929	0.00493	0.00330	0.00996
9	0.01124	0.00693	0.01039	0.01039	0.01105	0.00759	0.00759	0.01105	0.01039	0.01451	0.01583	0.02491	0.01517	0.03952	0.38563	0.38981	0.01283	0.00693	0.00346	0.00478
10	0.01254	0.01358	0.15422	0.01118	0.01476	0.00876	0.01034	0.01536	0.01488	0.09315	0.03962	0.19599	0.22918	0.13898	0.01278	0.00322	0.00597	0.01251	0.00572	0.00726
11	0.01811	0.02553	0.32650	0.02647	0.19149	0.01641	0.13174	0.05268	0.01704	0.10329	0.01516	0.01750	0.01099	0.00685	0.00717	0.00223	0.00964	0.00631	0.00408	0.01080
12	0.01907	0.11591	0.02960	0.03496	0.47098	0.12155	0.06324	0.02281	0.01661	0.02153	0.01266	0.01622	0.01066	0.00643	0.00672	0.00202	0.00923	0.00589	0.00349	0.01044
13	0.11198	0.03396	0.62552	0.01894	0.02870	0.01647	0.02400	0.02235	0.01467	0.02372	0.01242	0.01460	0.00886	0.00675	0.00647	0.00225	0.00990	0.00509	0.00318	0.01017
14	0.01580	0.11726	0.29560	0.05328	0.10143	0.01745	0.13180	0.05215	0.01668	0.02323	0.06869	0.02123	0.01553	0.00769	0.00707	0.00221	0.00930	0.02995	0.00388	0.00979
15	0.01357	0.02032	0.24907	0.02119	0.15871	0.03909	0.04286	0.01828	0.01587	0.02209	0.09726	0.18220	0.04533	0.01166	0.00771	0.00239	0.00774	0.03112	0.00470	0.00885
16	0.01021	0.00684	0.00781	0.00795	0.00799	0.00681	0.00451	0.01032	0.01064	0.01418	0.02388	0.10665	0.02771	0.68721	0.03391	0.00656	0.00667	0.01121	0.00451	0.00444
17	0.01482	0.10810	0.09486	0.01535	0.01838	0.07163	0.06969	0.01743	0.01371	0.01796	0.01823	0.05912	0.01882	0.18722	0.01740	0.00358	0.15243	0.08986	0.00404	0.00738
18	0.01308	0.01118	0.01660	0.16613	0.12667	0.01161	0.04363	0.07206	0.01654	0.02192	0.03253	0.23603	0.15373	0.01354	0.00792	0.00245	0.00647	0.01209	0.02795	0.00786
19	0.01621	0.05665	0.04850	0.07871	0.19580	0.11132	0.05990	0.04482	0.03007	0.02140	0.05224	0.14678	0.02044	0.01391	0.06877	0.00304	0.00924	0.00896	0.00446	0.00876
20	0.01738	0.01980	0.03692	0.02723	0.03356	0.09280	0.54765	0.02269	0.01713	0.02209	0.01614	0.02403	0.01335	0.00738	0.00832	0.00242	0.01160	0.06645	0.00387	0.00918
21	0.01369	0.01553	0.10818	0.01705	0.02147	0.01297	0.18562	0.01879	0.06935	0.04801	0.03376	0.14175	0.19148	0.01259	0.00951	0.00252	0.07305	0.01120	0.00519	0.00830
22	0.01086	0.00945	0.01428	0.01455	0.07332	0.00905	0.08085	0.01343	0.01593	0.02113	0.14991	0.25390	0.22463	0.01621	0.00920	0.00255	0.03791	0.02979	0.00606	0.00699
23	0.02108	0.01896	0.11181	0.06167	0.21065	0.01665	0.08680	0.18105	0.02100	0.13781	0.04897	0.02013	0.01469	0.00771	0.00726	0.00220	0.00837	0.00688	0.00535	0.01095
24	0.02011	0.01704	0.02453	0.03139	0.41035	0.01774	0.01768	0.24796	0.02194	0.03027	0.01689	0.07998	0.01464	0.00848	0.00725	0.00219	0.00787	0.00756	0.00503	0.01109
25	0.02343	0.01800	0.01936	0.01526	0.02064	0.01959	0.01241	0.45247	0.18728	0.03880	0.01940	0.01907	0.01421	0.00843	0.00694	0.00208	0.00702	0.00655	0.00682	0.10227
26	0.01440	0.18644	0.15718	0.01639	0.10447	0.01480	0.01371	0.01799	0.01568	0.05070	0.08546	0.14516	0.12688	0.01157	0.00708	0.00219	0.00668	0.00973	0.00489	0.00858
27	0.01197	0.05855	0.01183	0.01007	0.01267	0.00979	0.00802	0.09540	0.01784	0.02241	0.05008	0.17760	0.35400	0.01705	0.00833	0.00253	0.00495	0.11345	0.00643	0.00703
28	0.01399	0.01327	0.02205	0.61202	0.10286	0.01643	0.01959	0.01842	0.01412	0.01854	0.01244	0.01857	0.00963	0.00751	0.00851	0.00241	0.07194	0.00632	0.00319	0.00819
29	0.01100	0.00747	0.00890	0.00884	0.01083	0.00671	0.00650	0.01295	0.01593	0.08197	0.13211	0.20270	0.34475	0.04913	0.06401	0.00334	0.00522	0.01442	0.00666	0.00656
30	0.01781	0.02349	0.24059	0.08846	0.31761	0.04377	0.04305	0.06659	0.01719	0.05390	0.01397	0.01705	0.01066	0.00682	0.00700	0.00218	0.00932	0.00605	0.00381	0.01069
31	0.01640	0.14806	0.19832	0.02292	0.02962	0.01997	0.30811	0.02163	0.01508	0.02085	0.01247	0.01633	0.00987	0.00719	0.00965	0.00233	0.12191	0.00654	0.00329	0.00947
32	0.31154	0.02180	0.01692	0.07647	0.02076	0.29129	0.01230	0.02304	0.01525	0.02285	0.01049	0.01331	0.00868	0.00783	0.00832	0.00221	0.12045	0.00472	0.00382	0.00795
33	0.01319	0.01216	0.01985	0.59486	0.04222	0.01512	0.01791	0.01730	0.01387	0.01800	0.01479	0.04616	0.01279	0.04861	0.00995	0.00272	0.05754	0.03192	0.00346	0.00759
34	0.15002	0.02187	0.30209	0.01433	0.02120	0.01307	0.01557	0.02095	0.01503	0.09768	0.02016	0.08212	0.05947	0.00883	0.00649	0.00212	0.00736	0.00701	0.00461	0.13001
35	0.01995	0.02286	0.06263	0.05454	0.13821	0.18664	0.27483	0.08105	0.04555	0.02357	0.01409	0.01733	0.01090	0.00682	0.00743	0.00219	0.01086	0.00675	0.00401	0.00981
36	0.01200	0.01177	0.09896	0.01106	0.01407	0.00857	0.00940	0.04007	0.01587	0.05233	0.12377	0.30140	0.10666	0.07822	0.01044	0.00279	0.00535	0.01339	0.00603	0.07787
37	0.00962	0.00743	0.00859	0.00848	0.01030	0.00653	0.00600	0.01143	0.01537	0.02021	0.16654	0.20157	0.28467	0.12903	0.01254	0.00305	0.00432	0.01410	0.00628	0.07395
38	0.01904	0.75404	0.03731	0.01218	0.01828	0.02818	0.01218	0.02132	0.01447	0.01675	0.00990	0.01142	0.00914	0.00609	0.00457	0.00152	0.00761	0.00381	0.00305	0.00914
39	0.01420	0.01287	0.01668	0.01754	0.12517	0.06672	0.06785	0.01733	0.04119	0.05106	0.06737	0.10095	0.22675	0.07931	0.01153	0.00279	0.05657	0.01097	0.00536	0.00779
40	0.00927	0.00671	0.00782	0.00844	0.00916	0.00627	0.00543	0.01016	0.01297	0.01672	0.04049	0.31234	0.19415	0.30498	0.01952	0.00434	0.00509	0.01515	0.00572	0.00526
41	0.01048	0.00808	0.01116	0.14749	0.01747	0.00835	0.00883	0.01299	0.01560	0.02104	0.25763	0.16597	0.08493	0.15756	0.01373	0.00333	0.00549	0.03765	0.00592	0.00627
42	0.01331	0.00967	0.01479	0.01923	0.20760	0.00935	0.01095	0.01464	0.01433	0.05243	0.07913	0.23187	0.07248	0.01682	0.01279	0.19119	0.00585	0.01139	0.00510	0.00709
43	0.20624	0.01456	0.01802	0.01978	0.18123	0.01516	0.01293	0.13597	0.04339	0.16042	0.02127	0.02507	0.04703	0.00899	0.00675	0.00227	0.00671	0.05822	0.00588	0.01011
44	0.07298	0.04443	0.01108	0.00990	0.01205	0.00942	0.00749	0.03998	0.06174	0.02388	0.20692	0.26356	0.15989	0.01614	0.00803	0.00247	0.00443	0.03195	0.00664	0.00700
45	0.01569	0.09920	0.02008	0.15902	0.10127	0.07266	0.03886	0.02007	0.06876	0.05325	0.02436	0.16674	0.05205	0.01169	0.00749	0.00238	0.00751	0.06557	0.00496	0.00838
46	0.01143	0.00937	0.01047	0.00949	0.01274	0.00819	0.00732	0.04572	0.04297	0.02183	0.04692	0.14239	0.34570	0.01489	0.00775	0.00220	0.00456	0.05615	0.00609	0.19382
47	0.01168	0.09154	0.06463	0.01070	0.01340	0.04127	0.00903	0.01427	0.01523	0.01992	0.16844	0.10378	0.16253	0.08509	0.15275	0.00448	0.00833	0.01078	0.00532	0.00683
48	0.05900	0.01988	0.02015	0.01965	0.12006	0.17222	0.04424	0.22430	0.07436	0.02803	0.01649	0.02135	0.01394	0.12194	0.01138	0.00284	0.00880	0.00671	0.00512	0.00954

[dist]
# distance from previous block
# <min> <max>
0	32

[block]
# block no. 4 follows, 29 sequences, length 7
# corresponding to MSA columns:
# 727-733
name=unknown_E
#
# <colnr> <probs for GDERKNQSTAVLIFYWHMCP>
#	G	D	E	R	K	N	Q	S	T	A	V	L	I	F	Y	W	H	M	C	P
0	0.02044	0.06768	0.06826	0.01408	0.01944	0.04116	0.01217	0.28450	0.07799	0.05968	0.04512	0.05943	0.05482	0.00925	0.00683	0.00200	0.00693	0.00734	0.00601	0.13688
1	0.01357	0.01117	0.01354	0.01228	0.05219	0.00974	0.00881	0.05203	0.05336	0.02422	0.11184	0.14909	0.08323	0.01091	0.00689	0.00182	0.00502	0.00940	0.00557	0.36530
2	0.01766	0.01754	0.06173	0.01445	0.01754	0.11343	0.01185	0.14569	0.05387	0.02393	0.05756	0.02495	0.01774	0.15583	0.05296	0.00364	0.13744	0.00722	0.00480	0.06017
3	0.01509	0.15440	0.20022	0.01527	0.01996	0.09117	0.01514	0.01891	0.01380	0.01828	0.01403	0.01887	0.01226	0.02406	0.26593	0.00547	0.07959	0.00587	0.00339	0.00828
4	0.00929	0.00678	0.00895	0.00983	0.01084	0.00643	0.00706	0.01131	0.01535	0.02073	0.19244	0.42979	0.09995	0.02254	0.06690	0.00343	0.00529	0.06034	0.00666	0.00612
5	0.01230	0.00967	0.01035	0.01033	0.01150	0.04730	0.00717	0.05012	0.05872	0.01863	0.02846	0.18069	0.05872	0.34090	0.06709	0.00509	0.00727	0.06428	0.00533	0.00609
6	0.01850	0.11457	0.10604	0.01877	0.12835	0.01655	0.01427	0.16671	0.06322	0.07154	0.02066	0.15918	0.01902	0.01104	0.00792	0.03260	0.00719	0.00876	0.00537	0.00976

[dist]
# distance from previous block
# <min> <max>
3	21

[block]
# block no. 5 follows, 29 sequences, length 17
# corresponding to MSA columns:
# 755-771
name=unknown_F
#
# <colnr> <probs for GDERKNQSTAVLIFYWHMCP>
#	G	D	E	R	K	N	Q	S	T	A	V	L	I	F	Y	W	H	M	C	P
0	0.01691	0.06894	0.09284	0.01782	0.10917	0.11650	0.01349	0.10458	0.03469	0.02498	0.16090	0.08119	0.07451	0.01085	0.00802	0.00221	0.03939	0.00884	0.00532	0.00885
1	0.04374	0.17274	0.07359	0.09908	0.02373	0.05700	0.07559	0.03595	0.01588	0.11406	0.01858	0.02053	0.06447	0.00866	0.00848	0.02193	0.07243	0.00637	0.00443	0.06279
2	0.01417	0.17448	0.12726	0.01334	0.01743	0.01559	0.01291	0.01897	0.06779	0.02127	0.06444	0.03700	0.10250	0.01182	0.00890	0.00237	0.08725	0.13107	0.06324	0.00819
3	0.01060	0.00713	0.00864	0.00899	0.01052	0.00639	0.00635	0.01227	0.01541	0.07064	0.11987	0.34776	0.25288	0.07552	0.01076	0.00293	0.00424	0.01605	0.00673	0.00631
4	0.01640	0.02397	0.28441	0.01971	0.10042	0.06180	0.01798	0.11104	0.05596	0.02471	0.02158	0.10110	0.06843	0.01008	0.00817	0.00234	0.04949	0.00813	0.00459	0.00969
5	0.01738	0.12417	0.32807	0.02060	0.02829	0.11655	0.16749	0.04398	0.01661	0.02168	0.01371	0.04412	0.01106	0.00726	0.00690	0.00215	0.01046	0.00631	0.00351	0.00968
6	0.01510	0.01007	0.01185	0.01128	0.01330	0.03275	0.00861	0.04080	0.05175	0.11796	0.03213	0.20801	0.09507	0.07403	0.05149	0.00337	0.06294	0.06187	0.09011	0.00752
7	0.01254	0.00906	0.01049	0.01042	0.01255	0.00904	0.00773	0.01821	0.16101	0.06783	0.06891	0.23435	0.19991	0.08353	0.01090	0.00299	0.00486	0.06151	0.00673	0.00741
8	0.01999	0.02324	0.19695	0.07153	0.16000	0.07916	0.13124	0.10021	0.01874	0.10728	0.01535	0.01765	0.01119	0.00708	0.00718	0.00220	0.00967	0.00637	0.00445	0.01052
9	0.01382	0.23542	0.06851	0.01406	0.01842	0.01607	0.10410	0.01683	0.01521	0.01917	0.03274	0.09151	0.21110	0.01218	0.00816	0.00228	0.04803	0.05982	0.00468	0.00787
10	0.00899	0.00692	0.00822	0.00856	0.01014	0.00615	0.00617	0.01108	0.01660	0.02169	0.24961	0.27121	0.31242	0.01831	0.00862	0.00250	0.00369	0.01598	0.00698	0.00615
11	0.01885	0.06873	0.07808	0.03189	0.39275	0.11358	0.05614	0.07001	0.01770	0.02326	0.01450	0.05526	0.01263	0.00749	0.00697	0.00211	0.00908	0.00672	0.00390	0.01034
12	0.01805	0.01097	0.01753	0.01695	0.09081	0.01014	0.09944	0.02063	0.01621	0.23352	0.02859	0.30066	0.02787	0.06183	0.00996	0.00279	0.00643	0.01246	0.00641	0.00875
13	0.01448	0.01419	0.01797	0.05637	0.01829	0.06900	0.01315	0.01621	0.01219	0.01712	0.01552	0.12038	0.01636	0.05667	0.09083	0.00400	0.42783	0.00843	0.00378	0.00722
14	0.01170	0.01042	0.05139	0.01473	0.11613	0.00858	0.00997	0.01433	0.01608	0.05745	0.09517	0.21180	0.29489	0.01596	0.00827	0.00248	0.00509	0.04202	0.00615	0.00741
15	0.07958	0.10357	0.12114	0.02114	0.07759	0.05701	0.15806	0.12795	0.01787	0.02521	0.01363	0.03951	0.01128	0.00807	0.00905	0.00228	0.10682	0.00651	0.00412	0.00962
16	0.01085	0.00869	0.01117	0.01087	0.01164	0.00961	0.00793	0.01288	0.03044	0.01978	0.17990	0.24108	0.09026	0.16319	0.01701	0.00354	0.14594	0.01323	0.00577	0.00624

[dist]
# distance from previous block
# <min> <max>
1	6

[block]
# block no. 6 follows, 29 sequences, length 20
# corresponding to MSA columns:
# 781-800
name=unknown_G
#
# <colnr> <probs for GDERKNQSTAVLIFYWHMCP>
#	G	D	E	R	K	N	Q	S	T	A	V	L	I	F	Y	W	H	M	C	P
0	0.08116	0.13204	0.02059	0.04366	0.11491	0.04422	0.04662	0.06314	0.01695	0.05601	0.04973	0.05577	0.14211	0.00962	0.00668	0.00202	0.00673	0.00797	0.00493	0.09514
1	0.01981	0.14307	0.10770	0.04181	0.15521	0.05057	0.01554	0.14183	0.05495	0.08031	0.04157	0.04719	0.01515	0.00808	0.00665	0.00204	0.00783	0.00656	0.00496	0.04916
2	0.01243	0.05914	0.01344	0.01330	0.07585	0.03663	0.00865	0.04160	0.01389	0.01818	0.02691	0.22268	0.07139	0.19149	0.11705	0.04640	0.00809	0.01150	0.00488	0.00649
3	0.01656	0.01477	0.04832	0.12803	0.13450	0.01453	0.12630	0.06508	0.04611	0.08570	0.05819	0.06535	0.10373	0.01000	0.00856	0.00237	0.04865	0.00894	0.00509	0.00922
4	0.01816	0.18046	0.15568	0.07478	0.04898	0.05709	0.01506	0.10941	0.01771	0.04948	0.01497	0.06383	0.01273	0.00776	0.00626	0.00189	0.00798	0.00608	0.00431	0.14739
5	0.01102	0.01384	0.16784	0.01214	0.01501	0.00970	0.01116	0.01393	0.01211	0.01718	0.02058	0.09738	0.02108	0.25904	0.27911	0.00716	0.01194	0.00912	0.00405	0.00660
6	0.01145	0.00637	0.00882	0.00896	0.00922	0.00622	0.00592	0.00955	0.01042	0.01367	0.02138	0.08980	0.08087	0.11104	0.02547	0.55873	0.00586	0.00869	0.00386	0.00374
7	0.01617	0.01942	0.12027	0.09373	0.25742	0.08123	0.09696	0.02146	0.04952	0.02200	0.04988	0.06866	0.01655	0.01050	0.04273	0.00270	0.00952	0.00768	0.00406	0.00954
8	0.02518	0.14761	0.02102	0.01393	0.01881	0.14170	0.01156	0.19075	0.02221	0.22000	0.05209	0.01977	0.01575	0.00826	0.00648	0.00197	0.00766	0.00618	0.05879	0.01027
9	0.00883	0.00659	0.00817	0.00927	0.01026	0.00600	0.00643	0.01035	0.01459	0.01893	0.07943	0.50358	0.20608	0.04134	0.00968	0.00287	0.00413	0.04100	0.00660	0.00587
10	0.01179	0.01314	0.14140	0.01240	0.01529	0.00938	0.01114	0.01461	0.01434	0.06512	0.03427	0.39230	0.11053	0.01909	0.04935	0.00316	0.05539	0.01431	0.00569	0.00729
11	0.01380	0.10513	0.04938	0.01121	0.01431	0.01302	0.00922	0.06321	0.14285	0.02350	0.16177	0.06255	0.10508	0.14379	0.04771	0.00349	0.00643	0.00982	0.00584	0.00787
12	0.18708	0.00845	0.00855	0.00865	0.01058	0.00856	0.00622	0.01276	0.01340	0.02074	0.03891	0.19179	0.24316	0.14753	0.06013	0.00386	0.00576	0.01230	0.00552	0.00607
13	0.06896	0.00969	0.01128	0.01021	0.01291	0.00958	0.00775	0.06761	0.05595	0.15340	0.15502	0.15892	0.06579	0.06195	0.00925	0.00259	0.00484	0.01083	0.11539	0.00807
14	0.06090	0.02375	0.24615	0.08696	0.28346	0.08123	0.02055	0.02177	0.01607	0.02292	0.05889	0.01850	0.01375	0.00720	0.00685	0.00217	0.00911	0.00613	0.00368	0.00997
15	0.01559	0.17975	0.15383	0.01383	0.01872	0.05364	0.01342	0.08021	0.04454	0.02192	0.05573	0.02597	0.10201	0.01800	0.14635	0.00390	0.03227	0.00723	0.00446	0.00863
16	0.01535	0.01051	0.01484	0.11109	0.10094	0.01020	0.01112	0.01809	0.01537	0.13557	0.02988	0.08930	0.13257	0.07622	0.07671	0.00348	0.00748	0.04133	0.00543	0.09451
17	0.01209	0.00798	0.01103	0.06622	0.04036	0.00777	0.00852	0.01396	0.01446	0.09408	0.03604	0.43169	0.10138	0.05906	0.05754	0.00348	0.00601	0.01534	0.00617	0.00683
18	0.01832	0.06432	0.20198	0.06934	0.14469	0.11613	0.04585	0.02320	0.03396	0.09592	0.03651	0.08544	0.01598	0.00868	0.00705	0.00220	0.00892	0.00736	0.00444	0.00969
19	0.12278	0.01511	0.02253	0.18188	0.22642	0.01620	0.07071	0.11619	0.01796	0.05377	0.04057	0.05464	0.01457	0.00803	0.00699	0.00226	0.00800	0.00715	0.00461	0.00963

[dist]
# distance from previous block
# <min> <max>
3	40

[block]
# block no. 7 follows, 29 sequences, length 25
# corresponding to MSA columns:
# 841-865
name=unknown_H
#
# <colnr> <probs for GDERKNQSTAVLIFYWHMCP>
#	G	D	E	R	K	N	Q	S	T	A	V	L	I	F	Y	W	H	M	C	P
0	0.08370	0.12056	0.02101	0.01616	0.06009	0.13135	0.01235	0.19771	0.14027	0.08435	0.01759	0.01886	0.01363	0.04249	0.00782	0.00228	0.00788	0.00609	0.00561	0.01018
1	0.35527	0.11829	0.14084	0.01387	0.01940	0.17317	0.01307	0.02365	0.04411	0.02502	0.01148	0.01309	0.00906	0.00686	0.00541	0.00205	0.00829	0.00444	0.00394	0.00867
2	0.01099	0.00830	0.00994	0.01060	0.04534	0.00776	0.00720	0.01432	0.06622	0.04839	0.16232	0.17346	0.30859	0.08121	0.01078	0.00284	0.00443	0.01389	0.00660	0.00684
3	0.01922	0.09577	0.06827	0.01407	0.01884	0.01495	0.06278	0.16624	0.03809	0.12412	0.11244	0.06728	0.02275	0.01151	0.03861	0.00251	0.00723	0.00804	0.06863	0.03864
4	0.01491	0.04518	0.18169	0.01951	0.08654	0.01425	0.12296	0.08044	0.03825	0.02441	0.08403	0.17504	0.02381	0.01080	0.00760	0.00231	0.00779	0.00986	0.00494	0.04568
5	0.11317	0.01649	0.01908	0.02112	0.18508	0.06829	0.01388	0.18155	0.08056	0.06121	0.02183	0.02875	0.04680	0.00981	0.00719	0.00232	0.00743	0.09982	0.00565	0.00996
6	0.01290	0.10086	0.10496	0.01167	0.01544	0.01235	0.01062	0.01952	0.13150	0.02622	0.39274	0.03944	0.07018	0.01186	0.00754	0.00219	0.00518	0.01009	0.00650	0.00823
7	0.05566	0.19736	0.09471	0.01423	0.02004	0.09514	0.01307	0.12496	0.03699	0.22507	0.01950	0.01905	0.03804	0.00802	0.00634	0.00201	0.00778	0.00594	0.00570	0.01038
8	0.01814	0.07541	0.16392	0.06387	0.19240	0.01856	0.07168	0.11547	0.01761	0.04469	0.01345	0.01657	0.01055	0.00756	0.00899	0.00223	0.10409	0.00603	0.00402	0.04475
9	0.01672	0.16049	0.25652	0.02909	0.30427	0.01897	0.07229	0.02206	0.01555	0.02179	0.01262	0.01574	0.01010	0.00641	0.00660	0.00207	0.00926	0.00568	0.00327	0.01050
10	0.00857	0.00722	0.00742	0.00737	0.00971	0.00608	0.00553	0.01051	0.01659	0.02008	0.12907	0.06714	0.64498	0.01772	0.00841	0.00239	0.00358	0.01483	0.00672	0.00608
11	0.01824	0.22012	0.21631	0.02128	0.10935	0.11661	0.08950	0.02441	0.07937	0.02111	0.01354	0.01563	0.01074	0.00680	0.00639	0.00202	0.00952	0.00552	0.00363	0.00991
12	0.08492	0.02126	0.16561	0.05140	0.07624	0.06204	0.11371	0.10342	0.04806	0.17792	0.01730	0.01836	0.01219	0.00745	0.00698	0.00222	0.00877	0.00637	0.00525	0.01052
13	0.00906	0.00694	0.00772	0.00801	0.00938	0.00624	0.00547	0.01043	0.01458	0.01839	0.10021	0.19442	0.36181	0.19741	0.01535	0.00359	0.00450	0.01475	0.00614	0.00560
14	0.00897	0.00649	0.00820	0.00944	0.01010	0.00605	0.00637	0.01020	0.01365	0.01789	0.04114	0.54637	0.12533	0.11325	0.01245	0.00335	0.00451	0.04425	0.00632	0.00566
15	0.10324	0.04291	0.15089	0.07294	0.12567	0.04933	0.01650	0.25152	0.02156	0.03053	0.01745	0.01905	0.05176	0.00801	0.00673	0.00216	0.00827	0.00626	0.00493	0.01029
16	0.20125	0.02591	0.09559	0.01864	0.08886	0.32738	0.01437	0.05269	0.07044	0.02399	0.01284	0.01451	0.01013	0.00724	0.00615	0.00205	0.00970	0.00501	0.00417	0.00908
17	0.01762	0.01692	0.02890	0.04371	0.70533	0.01692	0.02185	0.02185	0.01621	0.02326	0.01339	0.01762	0.01128	0.00634	0.00705	0.00211	0.00846	0.00634	0.00352	0.01128
18	0.02297	0.12193	0.10838	0.01627	0.02211	0.13872	0.01459	0.31312	0.09786	0.03149	0.01575	0.01634	0.01184	0.00783	0.00658	0.00202	0.00867	0.00573	0.00542	0.03239
19	0.01310	0.00824	0.01062	0.01001	0.01237	0.00763	0.00755	0.01547	0.01539	0.11127	0.11500	0.21130	0.11690	0.02285	0.15567	0.00416	0.00739	0.01184	0.05296	0.09026
20	0.06088	0.19873	0.13097	0.04236	0.03974	0.05100	0.01483	0.19127	0.02031	0.12362	0.01504	0.01593	0.01111	0.00747	0.00664	0.00201	0.02624	0.00543	0.00503	0.03138
21	0.01465	0.06920	0.64131	0.02050	0.03062	0.01717	0.06466	0.02251	0.01511	0.02230	0.01274	0.01511	0.00913	0.00669	0.00676	0.00223	0.01048	0.00538	0.00304	0.01040
22	0.00868	0.00620	0.00826	0.00991	0.01033	0.00578	0.00661	0.00991	0.01363	0.01818	0.03925	0.74510	0.04710	0.02231	0.00909	0.00289	0.00413	0.02024	0.00661	0.00578
23	0.01571	0.22727	0.14111	0.08001	0.10691	0.05727	0.01551	0.01946	0.01560	0.02026	0.09203	0.02402	0.08443	0.00897	0.00776	0.00209	0.06185	0.00690	0.00402	0.00881
24	0.07806	0.13119	0.15941	0.01377	0.01905	0.01624	0.01326	0.05717	0.17391	0.07296	0.11568	0.07708	0.02361	0.00980	0.00680	0.00221	0.00663	0.00794	0.00565	0.00957

[dist]
# distance from previous block
# <min> <max>
0	12

[block]
# block no. 8 follows, 29 sequences, length 7
# corresponding to MSA columns:
# 878-884
name=unknown_I
#
# <colnr> <probs for GDERKNQSTAVLIFYWHMCP>
#	G	D	E	R	K	N	Q	S	T	A	V	L	I	F	Y	W	H	M	C	P
0	0.00919	0.00693	0.00876	0.00954	0.01071	0.00668	0.00688	0.01088	0.01387	0.01806	0.04308	0.33276	0.21801	0.07593	0.14821	0.00470	0.00721	0.05678	0.00591	0.00591
1	0.01392	0.02413	0.36221	0.02336	0.18295	0.01403	0.02058	0.01962	0.01531	0.02196	0.01991	0.12274	0.01907	0.01053	0.00757	0.00245	0.00864	0.09742	0.00410	0.00952
2	0.01752	0.04942	0.16877	0.05763	0.10104	0.01568	0.01585	0.09883	0.04189	0.09538	0.07286	0.06572	0.01905	0.05389	0.01075	0.00261	0.09080	0.00774	0.00501	0.00952
3	0.05739	0.09375	0.14826	0.02534	0.09162	0.01902	0.33301	0.06569	0.01679	0.02385	0.01329	0.01689	0.01024	0.00670	0.00811	0.00227	0.04749	0.00677	0.00369	0.00984
4	0.01396	0.01007	0.01081	0.00951	0.01276	0.00952	0.00745	0.14267	0.02011	0.07862	0.09114	0.05428	0.48153	0.01529	0.00807	0.00233	0.00461	0.01263	0.00695	0.00771
5	0.01712	0.02078	0.11736	0.12311	0.30446	0.06953	0.19951	0.02222	0.01627	0.02197	0.01332	0.01754	0.01048	0.00648	0.00734	0.00222	0.01014	0.00663	0.00344	0.01007
6	0.01923	0.02467	0.17607	0.02289	0.16216	0.19647	0.05115	0.07353	0.04657	0.04390	0.01928	0.05704	0.05842	0.00865	0.00711	0.00216	0.00944	0.00714	0.00440	0.00971

[dist]
# distance from previous block
# <min> <max>
0	9

[block]
# block no. 9 follows, 29 sequences, length 17
# corresponding to MSA columns:
# 895-911
name=unknown_J
#
# <colnr> <probs for GDERKNQSTAVLIFYWHMCP>
#	G	D	E	R	K	N	Q	S	T	A	V	L	I	F	Y	W	H	M	C	P
0	0.01349	0.11103	0.08148	0.01089	0.01421	0.01107	0.00954	0.03508	0.01729	0.07653	0.25926	0.15227	0.11095	0.05440	0.00925	0.00252	0.00531	0.01156	0.00626	0.00763
1	0.01968	0.61791	0.03422	0.01336	0.01874	0.10870	0.01261	0.02186	0.01488	0.01686	0.00999	0.01188	0.00916	0.00669	0.00611	0.00167	0.05955	0.00407	0.00312	0.00894
2	0.01731	0.12075	0.13212	0.01579	0.02155	0.01683	0.09055	0.08734	0.17031	0.05664	0.09401	0.02487	0.05257	0.00878	0.00697	0.00212	0.00729	0.00747	0.00546	0.06129
3	0.02109	0.14998	0.13037	0.01452	0.02003	0.12019	0.01352	0.07792	0.09319	0.15741	0.07529	0.02330	0.05545	0.00883	0.00671	0.00207	0.00778	0.00682	0.00562	0.00991
4	0.01022	0.00742	0.01041	0.01041	0.01132	0.00834	0.00761	0.01205	0.01114	0.01576	0.02002	0.03322	0.02008	0.24940	0.52865	0.01017	0.01565	0.00840	0.00396	0.00578
5	0.01237	0.00618	0.00928	0.00928	0.00928	0.00618	0.00618	0.00928	0.00928	0.01237	0.01237	0.02165	0.01237	0.02474	0.02783	0.79283	0.00618	0.00618	0.00309	0.00309
6	0.01908	0.03109	0.35852	0.02358	0.14643	0.19198	0.02126	0.08315	0.01818	0.02341	0.01284	0.01513	0.00973	0.00699	0.00676	0.00212	0.01049	0.00539	0.00363	0.01024
7	0.10520	0.01692	0.01966	0.11559	0.16854	0.10297	0.01446	0.07671	0.10566	0.15318	0.01847	0.04131	0.01410	0.00815	0.00681	0.00220	0.00783	0.00666	0.00543	0.01012
8	0.01258	0.00793	0.00976	0.00892	0.01136	0.00701	0.00682	0.01536	0.01895	0.11989	0.40986	0.05402	0.26074	0.01486	0.00823	0.00229	0.00381	0.01277	0.00759	0.00724
9	0.01336	0.00831	0.01187	0.01128	0.01339	0.00750	0.05123	0.01540	0.01583	0.14101	0.08564	0.42986	0.13145	0.01774	0.00856	0.00263	0.00486	0.01594	0.00688	0.00724
10	0.01705	0.01440	0.01660	0.01435	0.01745	0.10780	0.08088	0.13555	0.02011	0.07070	0.15745	0.25620	0.03384	0.01369	0.00804	0.00239	0.00679	0.01209	0.00636	0.00825
11	0.01540	0.01513	0.02220	0.20583	0.35967	0.06283	0.01757	0.01912	0.01600	0.02082	0.02452	0.02758	0.14569	0.00889	0.00729	0.00222	0.00807	0.00792	0.00405	0.00921
12	0.01019	0.00853	0.00905	0.00891	0.01133	0.00809	0.00666	0.01526	0.13509	0.02160	0.10303	0.13456	0.46819	0.01680	0.00828	0.00245	0.00400	0.01423	0.00681	0.00696
13	0.01653	0.01561	0.01871	0.01935	0.18560	0.07530	0.01219	0.01983	0.01561	0.02270	0.01269	0.01529	0.01060	0.00572	0.00581	0.00138	0.00673	0.00477	0.00400	0.53156
14	0.01176	0.00886	0.01089	0.01027	0.01170	0.00940	0.00752	0.07440	0.01555	0.02112	0.14698	0.10358	0.12455	0.21266	0.14715	0.00526	0.05521	0.01117	0.00554	0.00642
15	0.01134	0.00896	0.01328	0.13738	0.01788	0.00938	0.06793	0.01282	0.01189	0.01575	0.02139	0.09726	0.02341	0.49194	0.02637	0.00537	0.00759	0.01029	0.00424	0.00554
16	0.01312	0.01205	0.01866	0.19879	0.26620	0.01243	0.01517	0.01660	0.01575	0.02054	0.03444	0.03909	0.24386	0.01132	0.00771	0.00235	0.00697	0.05191	0.00467	0.00838

[dist]
# distance from previous block
# <min> <max>
32	206

[block]
# block no. 10 follows, 29 sequences, length 19
# corresponding to MSA columns:
# 1199-1217
name=unknown_K
#
# <colnr> <probs for GDERKNQSTAVLIFYWHMCP>
#	G	D	E	R	K	N	Q	S	T	A	V	L	I	F	Y	W	H	M	C	P
0	0.01659	0.06942	0.07412	0.08005	0.15582	0.05084	0.01457	0.14140	0.01846	0.02466	0.05063	0.14961	0.02053	0.01512	0.08321	0.00323	0.00887	0.00892	0.00488	0.00907
1	0.01892	0.15514	0.07040	0.07055	0.02096	0.18006	0.01271	0.09583	0.01851	0.05092	0.05041	0.10664	0.06485	0.00998	0.00676	0.00205	0.00816	0.00787	0.00484	0.04446
2	0.01582	0.10051	0.07855	0.08168	0.13232	0.01550	0.11821	0.05530	0.01555	0.02156	0.01461	0.02134	0.01297	0.12998	0.01150	0.00273	0.00829	0.00657	0.00387	0.15314
3	0.04608	0.01107	0.01306	0.01127	0.01470	0.01109	0.00879	0.07024	0.12877	0.18145	0.12522	0.03539	0.11638	0.07347	0.08555	0.00357	0.00681	0.00917	0.00677	0.04117
4	0.01837	0.05613	0.09145	0.07328	0.19751	0.01486	0.01546	0.07439	0.06542	0.13046	0.07746	0.05579	0.01953	0.01235	0.06334	0.00293	0.00828	0.00764	0.00531	0.01001
5	0.01752	0.22261	0.14871	0.04149	0.17927	0.01782	0.01594	0.02230	0.04658	0.08043	0.01928	0.02083	0.06171	0.00773	0.00627	0.00199	0.00754	0.00624	0.06595	0.00978
6	0.01637	0.17007	0.02355	0.05788	0.11389	0.07277	0.05657	0.04651	0.03573	0.02059	0.05976	0.02559	0.06399	0.04983	0.06163	0.00309	0.08622	0.02322	0.00425	0.00850
7	0.04377	0.02322	0.26570	0.07096	0.08921	0.07017	0.05292	0.02225	0.07687	0.02354	0.09176	0.02204	0.03416	0.00802	0.00693	0.00214	0.00848	0.00675	0.00431	0.07682
8	0.01722	0.12091	0.07678	0.02202	0.21632	0.01726	0.01491	0.11412	0.12623	0.02621	0.07180	0.02665	0.10126	0.00919	0.00698	0.00214	0.00701	0.00771	0.00519	0.01006
9	0.01219	0.06719	0.01361	0.01116	0.01310	0.01092	0.00875	0.06563	0.01467	0.02040	0.12555	0.03151	0.02517	0.10495	0.43354	0.00807	0.01369	0.00831	0.00469	0.00689
10	0.07752	0.20514	0.41731	0.01695	0.02504	0.06493	0.01982	0.02204	0.01483	0.02127	0.01205	0.01437	0.00938	0.00886	0.04028	0.00249	0.01000	0.00487	0.00321	0.00962
11	0.01779	0.10924	0.07128	0.18559	0.13678	0.05187	0.19202	0.02225	0.01585	0.07015	0.01376	0.01756	0.01060	0.00697	0.00794	0.00223	0.04840	0.00647	0.00374	0.00950
12	0.01005	0.00677	0.00786	0.00816	0.00824	0.00670	0.00474	0.01027	0.01096	0.01461	0.02554	0.17552	0.02980	0.61549	0.03123	0.00616	0.00639	0.01218	0.00474	0.00459
13	0.00972	0.00738	0.00903	0.00894	0.01085	0.00668	0.00692	0.01257	0.01839	0.02458	0.41024	0.06173	0.26967	0.01636	0.00859	0.00243	0.00386	0.09833	0.00727	0.00647
14	0.01819	0.15307	0.03382	0.09853	0.20896	0.01884	0.27009	0.02269	0.01622	0.07100	0.01412	0.01770	0.01098	0.00642	0.00712	0.00215	0.00959	0.00672	0.00381	0.00997
15	0.01501	0.01212	0.01822	0.06979	0.26257	0.01239	0.01374	0.07495	0.01643	0.05242	0.02498	0.21416	0.05706	0.04637	0.07394	0.00340	0.00788	0.01076	0.00508	0.00872
16	0.01415	0.02237	0.30905	0.01510	0.02212	0.01307	0.01612	0.02146	0.10434	0.02314	0.01836	0.11247	0.01619	0.00872	0.00667	0.00198	0.00739	0.00727	0.00442	0.25560
17	0.01595	0.01395	0.02333	0.08587	0.39027	0.01394	0.06292	0.01957	0.01573	0.05617	0.02122	0.06763	0.05268	0.06721	0.00984	0.00268	0.00791	0.05927	0.00440	0.00945
18	0.01220	0.01113	0.01812	0.05478	0.18863	0.01070	0.09512	0.01525	0.01583	0.02109	0.08825	0.22450	0.18747	0.01394	0.00819	0.00245	0.00627	0.01282	0.00540	0.00786

[dist]
# distance from previous block
# <min> <max>
14	38

[block]
# block no. 11 follows, 29 sequences, length 50
# corresponding to MSA columns:
# 1260-1309
name=unknown_L
#
# <colnr> <probs for GDERKNQSTAVLIFYWHMCP>
#	G	D	E	R	K	N	Q	S	T	A	V	L	I	F	Y	W	H	M	C	P
0	0.01741	0.10289	0.02096	0.04683	0.18340	0.15362	0.01365	0.05539	0.05205	0.02117	0.02361	0.13897	0.08875	0.01087	0.00780	0.00221	0.03802	0.00894	0.00467	0.00878
1	0.04845	0.10246	0.01621	0.01252	0.01546	0.05667	0.01002	0.09031	0.09740	0.04978	0.02346	0.13100	0.02279	0.07039	0.14886	0.00445	0.00916	0.07710	0.00542	0.00810
2	0.01782	0.10716	0.19173	0.15722	0.06297	0.01766	0.01718	0.13770	0.07125	0.06096	0.04015	0.02131	0.05010	0.00822	0.00685	0.00218	0.00820	0.00663	0.00476	0.00995
3	0.13200	0.01007	0.01113	0.01056	0.01336	0.00985	0.00782	0.05119	0.06654	0.02360	0.02865	0.37563	0.05083	0.01475	0.00736	0.00234	0.00486	0.01278	0.00588	0.16078
4	0.01294	0.01314	0.04897	0.33156	0.08471	0.01316	0.09457	0.01698	0.01494	0.01972	0.02458	0.12489	0.10825	0.01037	0.00760	0.00236	0.00800	0.00950	0.00423	0.04953
5	0.01672	0.01387	0.02135	0.02912	0.39105	0.01397	0.01588	0.02254	0.11214	0.07629	0.07356	0.13867	0.02326	0.01019	0.00752	0.00230	0.00679	0.00938	0.00528	0.01011
6	0.01477	0.01266	0.01477	0.01055	0.01687	0.00949	0.00844	0.01793	0.01477	0.02320	0.01266	0.01477	0.01055	0.00527	0.00527	0.00105	0.00527	0.00422	0.00422	0.79328
7	0.01277	0.01118	0.01857	0.26532	0.08316	0.01199	0.09423	0.01637	0.01477	0.02003	0.02452	0.14608	0.06504	0.05048	0.00922	0.00268	0.00752	0.05940	0.07916	0.00751
8	0.01021	0.00726	0.00953	0.00937	0.01030	0.00753	0.00658	0.01207	0.01364	0.01912	0.22335	0.04225	0.03543	0.29499	0.26024	0.00705	0.00997	0.01018	0.00519	0.00572
9	0.01357	0.00800	0.01062	0.01003	0.01140	0.00827	0.00715	0.01504	0.01233	0.12096	0.02191	0.03550	0.02129	0.34910	0.31510	0.00806	0.01181	0.00874	0.00479	0.00635
10	0.02755	0.02645	0.01998	0.01690	0.02145	0.40499	0.01319	0.22371	0.02417	0.13107	0.01542	0.01584	0.01133	0.00792	0.00674	0.00198	0.01032	0.00552	0.00548	0.00999
11	0.01386	0.01270	0.02112	0.50117	0.15735	0.01482	0.01884	0.01829	0.01492	0.01956	0.01669	0.02831	0.01471	0.00894	0.00753	0.00247	0.00886	0.10783	0.00376	0.00828
12	0.00942	0.00731	0.00861	0.00843	0.01043	0.00649	0.00642	0.01208	0.01818	0.02396	0.38052	0.06168	0.34893	0.01642	0.00849	0.00238	0.00366	0.05298	0.00721	0.00639
13	0.01747	0.01709	0.02454	0.11729	0.44347	0.07041	0.01873	0.02390	0.11923	0.02305	0.01781	0.02079	0.03975	0.00748	0.00709	0.00218	0.00830	0.00681	0.00418	0.01044
14	0.01935	0.01307	0.01641	0.07409	0.07172	0.01397	0.01187	0.03003	0.32348	0.18771	0.02782	0.13410	0.02283	0.01093	0.00748	0.00241	0.00603	0.00943	0.00691	0.01036
15	0.23169	0.01589	0.01770	0.18207	0.06946	0.04499	0.01328	0.22741	0.02011	0.03124	0.01412	0.01665	0.01062	0.00748	0.00618	0.00216	0.00747	0.00564	0.06653	0.00931
16	0.01021	0.00744	0.01049	0.01047	0.01146	0.00834	0.00773	0.01218	0.01154	0.01637	0.04723	0.03340	0.02170	0.21690	0.53051	0.01000	0.01556	0.00849	0.00409	0.00589
17	0.01527	0.23604	0.18204	0.01344	0.01871	0.01713	0.01360	0.08178	0.01619	0.02161	0.07069	0.02506	0.06161	0.07369	0.12012	0.00383	0.00945	0.00693	0.00425	0.00855
