[name]
unknown

[dist]
# distance from previous block
# <min> <max>
0	42

[block]
# block no. 0 follows, 33 sequences, length 81
# corresponding to MSA columns:
# 42-122
name=unknown_A
#
# <colnr> <probs for GDERKNQSTAVLIFYWHMCP>
#	G	D	E	R	K	N	Q	S	T	A	V	L	I	F	Y	W	H	M	C	P
0	0.01042	0.00900	0.01390	0.01249	0.01447	0.00886	0.10361	0.01272	0.01383	0.01899	0.10692	0.36106	0.07725	0.01518	0.00923	0.00242	0.07750	0.05491	0.00536	0.07187
1	0.01723	0.08681	0.30578	0.12034	0.08675	0.01574	0.01801	0.07052	0.06565	0.12821	0.01508	0.01649	0.01081	0.00680	0.00626	0.00203	0.00809	0.00549	0.00419	0.00972
2	0.01967	0.12873	0.01883	0.01439	0.06666	0.06224	0.01102	0.11087	0.05722	0.18511	0.07882	0.02083	0.01715	0.01179	0.07065	0.00270	0.06903	0.00631	0.03898	0.00902
3	0.01785	0.01157	0.01408	0.01027	0.01592	0.00901	0.00830	0.02068	0.01502	0.20941	0.01548	0.01597	0.01148	0.00574	0.00534	0.00126	0.00507	0.00462	0.00502	0.59791
4	0.01410	0.01391	0.01936	0.01666	0.01666	0.01931	0.01376	0.01545	0.01005	0.01565	0.00939	0.01618	0.00959	0.05849	0.02234	0.00310	0.71005	0.00600	0.00295	0.00700
5	0.01190	0.00862	0.01022	0.00937	0.01173	0.00856	0.00717	0.01815	0.17078	0.06964	0.42853	0.04424	0.14988	0.01262	0.00746	0.00213	0.00376	0.01090	0.00701	0.00735
6	0.01433	0.00966	0.01336	0.06658	0.07200	0.01036	0.00996	0.05568	0.03509	0.11799	0.04791	0.21886	0.02341	0.01781	0.11919	0.00353	0.06886	0.00983	0.07808	0.00751
7	0.04313	0.17787	0.11630	0.01420	0.01953	0.06041	0.01305	0.21000	0.22930	0.02730	0.01666	0.01670	0.01263	0.00740	0.00597	0.00193	0.00712	0.00557	0.00507	0.00987
8	0.01488	0.00891	0.01085	0.00924	0.01213	0.00828	0.00722	0.07901	0.01847	0.14302	0.35120	0.03503	0.05748	0.01048	0.00671	0.00187	0.00406	0.00891	0.12802	0.08421
9	0.01612	0.21896	0.26127	0.01782	0.05640	0.06364	0.09033	0.04318	0.05861	0.02000	0.01207	0.01419	0.00955	0.00654	0.00685	0.00191	0.05644	0.00505	0.00332	0.03772
10	0.01468	0.28163	0.49986	0.01625	0.02461	0.01890	0.01995	0.02047	0.01372	0.01905	0.01092	0.01278	0.00838	0.00605	0.00557	0.00186	0.00883	0.00441	0.00279	0.00930
11	0.00888	0.00671	0.00819	0.00782	0.00957	0.00602	0.00587	0.01157	0.01760	0.02393	0.53586	0.05324	0.25190	0.01438	0.00777	0.00211	0.00317	0.01247	0.00692	0.00602
12	0.00975	0.00619	0.00813	0.00905	0.00991	0.00575	0.00625	0.01129	0.01365	0.06259	0.10102	0.60296	0.04197	0.01835	0.00799	0.00250	0.00381	0.01652	0.05649	0.00584
13	0.03764	0.06640	0.08711	0.24842	0.24258	0.05649	0.01722	0.02106	0.05791	0.06435	0.01335	0.01653	0.01033	0.00664	0.00666	0.00204	0.02704	0.00560	0.00362	0.00900
14	0.01607	0.01394	0.06359	0.01686	0.04800	0.01506	0.07940	0.01861	0.01256	0.13703	0.01436	0.01950	0.01215	0.06255	0.11649	0.00387	0.33157	0.00647	0.00398	0.00794
15	0.00975	0.00757	0.01041	0.01039	0.01101	0.00866	0.00765	0.01127	0.01134	0.01596	0.06198	0.22795	0.02659	0.16149	0.27791	0.00616	0.11315	0.01074	0.00443	0.00560
16	0.15521	0.04304	0.09038	0.13390	0.13281	0.17363	0.06226	0.09430	0.01644	0.02285	0.01152	0.01421	0.00897	0.00645	0.00598	0.00197	0.00870	0.00508	0.00368	0.00862
17	0.01377	0.00903	0.01112	0.00984	0.01236	0.00893	0.00761	0.06098	0.11570	0.11502	0.49727	0.04039	0.04747	0.01183	0.00740	0.00208	0.00396	0.01026	0.00724	0.00772
18	0.01948	0.41232	0.02616	0.01300	0.01777	0.16116	0.01140	0.10138	0.12134	0.02059	0.01304	0.01384	0.01071	0.00665	0.00520	0.00165	0.00762	0.00458	0.02324	0.00884
19	0.01251	0.00997	0.07190	0.00996	0.01291	0.00749	0.00825	0.01499	0.01419	0.11063	0.06241	0.31644	0.08547	0.01462	0.03074	0.00238	0.00503	0.01162	0.06941	0.12908
20	0.05015	0.29953	0.19246	0.01677	0.08869	0.08141	0.03508	0.02168	0.07184	0.01949	0.01191	0.01357	0.00964	0.00614	0.00541	0.00174	0.00791	0.00459	0.00335	0.05864
21	0.01529	0.01246	0.01874	0.17829	0.18694	0.03006	0.04281	0.05033	0.04780	0.08684	0.11823	0.02340	0.01926	0.01337	0.10253	0.00319	0.03037	0.00708	0.00456	0.00844
22	0.81514	0.01273	0.00968	0.00866	0.01273	0.01477	0.00713	0.01935	0.01120	0.02954	0.00917	0.01069	0.00713	0.00611	0.00407	0.00204	0.00509	0.00356	0.00407	0.00713
23	0.00802	0.00573	0.00764	0.00917	0.00955	0.00535	0.00611	0.00917	0.01260	0.01681	0.03628	0.76434	0.04354	0.02062	0.00840	0.00267	0.00382	0.01872	0.00611	0.00535
24	0.02125	0.10389	0.02018	0.06178	0.02078	0.09185	0.01208	0.37136	0.10703	0.03088	0.01516	0.01578	0.01139	0.00729	0.00611	0.00184	0.00733	0.00547	0.00537	0.08320
25	0.04084	0.16555	0.15867	0.03881	0.05836	0.07696	0.06350	0.07824	0.07508	0.10568	0.01536	0.04541	0.01215	0.00742	0.00655	0.00197	0.02996	0.00589	0.00435	0.00924
26	0.13937	0.04304	0.22936	0.01926	0.15612	0.05603	0.01595	0.07829	0.01599	0.11777	0.01355	0.01493	0.00994	0.00647	0.00589	0.00193	0.00765	0.00504	0.00420	0.05920
27	0.01547	0.05260	0.12691	0.02147	0.02760	0.01528	0.40418	0.02175	0.07229	0.06232	0.09592	0.02130	0.01682	0.00697	0.00725	0.00214	0.00903	0.00756	0.00422	0.00893
28	0.01365	0.00766	0.00992	0.00894	0.01129	0.00685	0.00684	0.01629	0.01773	0.18619	0.42505	0.10362	0.13335	0.01324	0.00756	0.00213	0.00376	0.01150	0.00722	0.00720
29	0.01815	0.04702	0.19545	0.07368	0.02070	0.01268	0.01351	0.09493	0.04242	0.20738	0.08395	0.04716	0.04069	0.00858	0.00649	0.00203	0.00658	0.00702	0.06237	0.00919
30	0.01368	0.06561	0.33063	0.04358	0.10288	0.01515	0.16872	0.01903	0.01404	0.01988	0.01496	0.10758	0.01330	0.00798	0.00729	0.00216	0.03400	0.00730	0.00337	0.00885
31	0.01242	0.01161	0.01845	0.47252	0.03385	0.01492	0.01587	0.01583	0.01207	0.01636	0.01190	0.01809	0.00991	0.01420	0.12164	0.00362	0.18063	0.00601	0.00301	0.00707
32	0.01190	0.01029	0.01504	0.29763	0.08352	0.01156	0.01259	0.03673	0.09959	0.01929	0.02484	0.26412	0.06225	0.01200	0.00725	0.00233	0.00629	0.01069	0.00474	0.00732
33	0.01359	0.02330	0.37983	0.12916	0.11881	0.01416	0.07479	0.01933	0.01417	0.03703	0.01515	0.06522	0.01285	0.00781	0.00676	0.00218	0.00878	0.04469	0.00343	0.00895
34	0.01150	0.01039	0.01693	0.19416	0.13086	0.01115	0.07148	0.01436	0.01360	0.01834	0.06450	0.25425	0.06635	0.03454	0.00912	0.00247	0.05352	0.01095	0.00447	0.00704
35	0.00973	0.00700	0.00883	0.00875	0.00906	0.00761	0.00579	0.01046	0.01004	0.01382	0.02026	0.08405	0.02247	0.50093	0.20083	0.00693	0.05545	0.00933	0.00395	0.00473
36	0.81514	0.01273	0.00968	0.00866	0.01273	0.01477	0.00713	0.01935	0.01120	0.02954	0.00917	0.01069	0.00713	0.00611	0.00407	0.00204	0.00509	0.00356	0.00407	0.00713
37	0.01590	0.01353	0.06191	0.11112	0.14998	0.01232	0.01290	0.10686	0.01603	0.08790	0.01664	0.07999	0.01451	0.05377	0.06034	0.00274	0.00750	0.00685	0.00449	0.16473
38	0.02248	0.02786	0.01897	0.01703	0.01972	0.59255	0.01307	0.02412	0.01688	0.01606	0.00986	0.01240	0.00851	0.00777	0.00918	0.00194	0.16623	0.00456	0.00329	0.00754
39	0.01523	0.02294	0.34968	0.06224	0.02406	0.01505	0.01759	0.14255	0.11548	0.02529	0.04716	0.02430	0.01614	0.00860	0.00678	0.00220	0.00790	0.08288	0.00457	0.00937
40	0.00828	0.00584	0.00756	0.00884	0.00916	0.00552	0.00576	0.00923	0.01210	0.01614	0.03372	0.64515	0.04030	0.14424	0.01255	0.00329	0.00424	0.01720	0.00576	0.00512
41	0.01594	0.06992	0.29145	0.01736	0.05587	0.01387	0.09889	0.02074	0.01493	0.13099	0.06145	0.06663	0.01574	0.00794	0.00717	0.00205	0.03926	0.00678	0.00428	0.05876
42	0.01472	0.01729	0.13158	0.02181	0.13918	0.01531	0.17142	0.06193	0.05972	0.02283	0.13265	0.02197	0.01906	0.00837	0.00945	0.00222	0.13023	0.00725	0.00423	0.00878
43	0.06489	0.04079	0.28822	0.01721	0.08971	0.01484	0.01624	0.09160	0.04043	0.02358	0.01238	0.01440	0.00955	0.00643	0.00668	0.00182	0.05006	0.00487	0.00372	0.20259
44	0.01668	0.02027	0.22842	0.02448	0.27319	0.01466	0.03525	0.06118	0.07337	0.08129	0.01466	0.01650	0.01106	0.00642	0.00632	0.00192	0.00771	0.00561	0.00406	0.09693
45	0.23715	0.01497	0.02276	0.03084	0.48690	0.01546	0.05898	0.02002	0.01398	0.02370	0.01155	0.01484	0.00949	0.00591	0.00592	0.00199	0.00727	0.00535	0.00349	0.00942
46	0.01581	0.01546	0.10142	0.07207	0.34911	0.01352	0.01629	0.02130	0.09332	0.09242	0.01997	0.09955	0.04370	0.00854	0.00677	0.00211	0.00698	0.00770	0.00448	0.00949
47	0.13420	0.01738	0.01806	0.01414	0.01914	0.01938	0.01164	0.56873	0.07069	0.03896	0.01557	0.01564	0.01118	0.00772	0.00624	0.00200	0.00682	0.00569	0.00624	0.01058
48	0.00821	0.00614	0.00770	0.00857	0.00951	0.00572	0.00596	0.00966	0.01330	0.01740	0.08586	0.47030	0.20310	0.04564	0.06754	0.00328	0.00484	0.01591	0.00591	0.00545
49	0.00949	0.00635	0.00859	0.05465	0.01108	0.00637	0.00634	0.00971	0.01106	0.01464	0.02632	0.31447	0.06542	0.18354	0.04869	0.19634	0.00569	0.01208	0.00457	0.00461
50	0.01648	0.02192	0.26269	0.01999	0.06110	0.04403	0.18657	0.08204	0.01608	0.07860	0.03443	0.01867	0.01232	0.05612	0.00949	0.00241	0.05763	0.00641	0.00395	0.00909
51	0.00802	0.00573	0.00764	0.00917	0.00955	0.00535	0.00611	0.00917	0.01260	0.01681	0.03628	0.76434	0.04354	0.02062	0.00840	0.00267	0.00382	0.01872	0.00611	0.00535
52	0.00823	0.00657	0.00683	0.00688	0.00850	0.00575	0.00480	0.00947	0.01360	0.01653	0.05443	0.08349	0.53009	0.19966	0.01406	0.00325	0.00409	0.01302	0.00560	0.00517
53	0.00942	0.00637	0.00807	0.00881	0.00996	0.00581	0.00619	0.01088	0.01363	0.06216	0.06456	0.51061	0.18918	0.01995	0.03898	0.00285	0.00438	0.01619	0.00617	0.00581
54	0.06584	0.02445	0.27618	0.01654	0.02308	0.13725	0.06085	0.13147	0.01829	0.16158	0.01486	0.01557	0.01039	0.00692	0.00630	0.00200	0.00873	0.00538	0.00463	0.00969
55	0.01554	0.01776	0.03885	0.02775	0.03441	0.01665	0.70366	0.02109	0.01554	0.02109	0.01332	0.01776	0.00999	0.00555	0.00777	0.00222	0.01110	0.00777	0.00333	0.00888
56	0.00964	0.00646	0.00740	0.00749	0.00759	0.00646	0.00440	0.00983	0.00992	0.01320	0.02163	0.04504	0.02481	0.72155	0.03198	0.00617	0.00636	0.05185	0.00412	0.00412
57	0.01693	0.48875	0.10823	0.01614	0.02236	0.05118	0.17506	0.02042	0.01415	0.01739	0.01045	0.01265	0.00880	0.00572	0.00534	0.00168	0.00847	0.00469	0.00296	0.00865
58	0.01760	0.77260	0.03450	0.01126	0.01690	0.02605	0.01126	0.01971	0.01338	0.01549	0.00915	0.01056	0.00845	0.00563	0.00422	0.00141	0.00704	0.00352	0.00282	0.00845
59	0.00876	0.00641	0.00834	0.00968	0.01037	0.00623	0.00676	0.01116	0.05694	0.01772	0.03557	0.65965	0.04159	0.01969	0.00835	0.00268	0.00410	0.07412	0.00614	0.00573
60	0.00802	0.00573	0.00764	0.00917	0.00955	0.00535	0.00611	0.00917	0.01260	0.01681	0.03628	0.76434	0.04354	0.02062	0.00840	0.00267	0.00382	0.01872	0.00611	0.00535
61	0.00932	0.00673	0.00880	0.00828	0.00984	0.00621	0.00621	0.01242	0.01863	0.02640	0.72410	0.04918	0.06212	0.01346	0.00776	0.00207	0.00311	0.01191	0.00725	0.00621
62	0.01430	0.01361	0.02312	0.40856	0.37502	0.01512	0.01921	0.01846	0.01405	0.01909	0.01203	0.01694	0.00957	0.00624	0.00655	0.00208	0.00831	0.00586	0.00309	0.00882
63	0.00780	0.00661	0.00673	0.00683	0.00893	0.00554	0.00507	0.00943	0.01485	0.01772	0.06478	0.10734	0.68215	0.01692	0.00782	0.00225	0.00336	0.01420	0.00611	0.00554
64	0.00802	0.00573	0.00764	0.00917	0.00955	0.00535	0.00611	0.00917	0.01260	0.01681	0.03628	0.76434	0.04354	0.02062	0.00840	0.00267	0.00382	0.01872	0.00611	0.00535
65	0.00802	0.00573	0.00764	0.00917	0.00955	0.00535	0.00611	0.00917	0.01260	0.01681	0.03628	0.76434	0.04354	0.02062	0.00840	0.00267	0.00382	0.01872	0.00611	0.00535
66	0.30049	0.01192	0.01227	0.01073	0.01425	0.01275	0.00847	0.17362	0.01721	0.13706	0.02048	0.21457	0.01917	0.01070	0.00619	0.00219	0.00532	0.00861	0.00581	0.00820
67	0.02954	0.01120	0.01528	0.01171	0.01681	0.00968	0.00968	0.03208	0.01884	0.73213	0.02597	0.02241	0.01630	0.00815	0.00662	0.00204	0.00560	0.00662	0.00815	0.01120
68	0.02954	0.01120	0.01528	0.01171	0.01681	0.00968	0.00968	0.03208	0.01884	0.73213	0.02597	0.02241	0.01630	0.00815	0.00662	0.00204	0.00560	0.00662	0.00815	0.01120
69	0.00883	0.00648	0.00791	0.00795	0.00916	0.00596	0.00559	0.01079	0.01532	0.02072	0.35579	0.18114	0.17810	0.14231	0.01221	0.00293	0.00383	0.01313	0.00628	0.00556
70	0.00885	0.00676	0.00809	0.00811	0.00981	0.00610	0.00618	0.01120	0.01625	0.02142	0.33838	0.08040	0.31074	0.04722	0.00903	0.00244	0.00371	0.09298	0.00650	0.00582
71	0.02503	0.01844	0.01976	0.01515	0.02042	0.02042	0.01251	0.70562	0.03095	0.04149	0.01581	0.01581	0.01120	0.00790	0.00659	0.00198	0.00724	0.00593	0.00659	0.01120
72	0.00957	0.00638	0.00718	0.00718	0.00718	0.00638	0.00399	0.00957	0.00957	0.01276	0.02074	0.04308	0.02393	0.76864	0.03351	0.00638	0.00638	0.00957	0.00399	0.00399
73	0.01270	0.00766	0.00936	0.00856	0.01059	0.00703	0.00630	0.03454	0.01626	0.13693	0.27958	0.09195	0.18763	0.14719	0.01214	0.00290	0.00431	0.01132	0.00648	0.00658
74	0.00836	0.00587	0.00754	0.00874	0.00904	0.00557	0.00565	0.00925	0.01195	0.01593	0.03292	0.60807	0.03929	0.18270	0.01384	0.00348	0.00437	0.01673	0.00565	0.00505
75	0.02310	0.01264	0.01509	0.01254	0.01696	0.01295	0.01004	0.03350	0.35961	0.38757	0.02637	0.02346	0.01815	0.00853	0.00666	0.00213	0.00541	0.00702	0.00744	0.01082
76	0.01032	0.00662	0.00841	0.00901	0.01000	0.00632	0.00622	0.01249	0.04143	0.06459	0.11190	0.48618	0.03934	0.09084	0.01035	0.00283	0.00411	0.01499	0.05811	0.00594
77	0.01096	0.00751	0.00899	0.00901	0.01038	0.00736	0.00635	0.01429	0.09333	0.06292	0.12895	0.24555	0.11280	0.20783	0.01437	0.00341	0.00468	0.03928	0.00592	0.00611
78	0.18673	0.29270	0.32960	0.01392	0.02098	0.01901	0.01598	0.02012	0.01313	0.02080	0.01030	0.01202	0.00812	0.00600	0.00506	0.00183	0.00778	0.00411	0.00307	0.00872
79	0.33482	0.07282	0.03585	0.01013	0.01393	0.04131	0.00873	0.01724	0.01372	0.02413	0.09725	0.02816	0.04475	0.00919	0.00573	0.00201	0.00551	0.11924	0.00465	0.11082
80	0.20505	0.09134	0.09503	0.01801	0.10579	0.12933	0.07010	0.06226	0.07423	0.02320	0.01217	0.01417	0.00966	0.00680	0.00671	0.00200	0.05660	0.00503	0.00385	0.00867

[dist]
# distance from previous block
# <min> <max>
0	3

[block]
# block no. 1 follows, 33 sequences, length 111
# corresponding to MSA columns:
# 126-236
name=unknown_B
#
# <colnr> <probs for GDERKNQSTAVLIFYWHMCP>
#	G	D	E	R	K	N	Q	S	T	A	V	L	I	F	Y	W	H	M	C	P
0	0.21688	0.07494	0.17356	0.04193	0.05952	0.01327	0.01259	0.01833	0.01386	0.06522	0.12922	0.02091	0.01849	0.01292	0.09912	0.00309	0.00787	0.00606	0.00429	0.00794
1	0.46136	0.03975	0.01362	0.01096	0.01494	0.06502	0.00903	0.04110	0.01398	0.18842	0.01323	0.01392	0.00961	0.00713	0.00640	0.00206	0.07174	0.00457	0.00488	0.00826
2	0.00810	0.00649	0.00725	0.00747	0.00920	0.00563	0.00545	0.00992	0.01516	0.01912	0.17779	0.20482	0.46663	0.01691	0.00791	0.00229	0.00339	0.01453	0.00632	0.00563
3	0.02233	0.01413	0.01576	0.01273	0.01709	0.01510	0.01031	0.30702	0.17997	0.19184	0.02136	0.02048	0.01514	0.00816	0.00634	0.00199	0.00584	0.00645	0.11763	0.01032
4	0.02494	0.26272	0.02226	0.01207	0.01737	0.01665	0.01062	0.12788	0.01884	0.39401	0.01893	0.01753	0.01296	0.00728	0.00583	0.00182	0.00632	0.00550	0.00616	0.01030
5	0.00941	0.00649	0.00801	0.00813	0.00843	0.00673	0.00515	0.01005	0.01004	0.01367	0.02123	0.09520	0.02371	0.54217	0.19740	0.00708	0.00881	0.00970	0.00405	0.00454
6	0.00834	0.00669	0.00744	0.00726	0.00924	0.00580	0.00544	0.01053	0.01633	0.02092	0.30576	0.05820	0.48387	0.01550	0.00777	0.00217	0.00325	0.01317	0.00653	0.00580
7	0.01320	0.03405	0.73453	0.01876	0.02849	0.01529	0.02432	0.02085	0.01390	0.02085	0.01181	0.01390	0.00834	0.00625	0.00625	0.00208	0.00973	0.00486	0.00278	0.00973
8	0.01365	0.01170	0.01365	0.00975	0.01560	0.00878	0.00780	0.01658	0.01365	0.02145	0.01170	0.01365	0.00975	0.00488	0.00488	0.00098	0.00488	0.00390	0.00390	0.80888
9	0.00834	0.00625	0.00760	0.00841	0.00946	0.00570	0.00592	0.00982	0.01369	0.01769	0.09633	0.40675	0.23995	0.07701	0.01017	0.00281	0.00397	0.05870	0.00603	0.00541
10	0.00932	0.00673	0.00880	0.00828	0.00984	0.00621	0.00621	0.01242	0.01863	0.02640	0.72410	0.04918	0.06212	0.01346	0.00776	0.00207	0.00311	0.01191	0.00725	0.00621
11	0.00778	0.00667	0.00667	0.00667	0.00889	0.00556	0.00500	0.00945	0.01501	0.01778	0.06669	0.06336	0.72490	0.01667	0.00778	0.00222	0.00333	0.01389	0.00611	0.00556
12	0.00837	0.00599	0.00798	0.00915	0.00979	0.00561	0.00634	0.00995	0.01379	0.01863	0.15718	0.60567	0.04654	0.01925	0.00832	0.00258	0.00380	0.04919	0.00631	0.00553
13	0.00897	0.00652	0.00784	0.00832	0.00944	0.00608	0.00598	0.01061	0.01384	0.01825	0.14261	0.21497	0.20835	0.17615	0.01345	0.00327	0.00442	0.10603	0.02953	0.00536
14	0.00778	0.00667	0.00667	0.00667	0.00889	0.00556	0.00500	0.00945	0.01501	0.01778	0.06669	0.06336	0.72490	0.01667	0.00778	0.00222	0.00333	0.01389	0.00611	0.00556
15	0.00802	0.00573	0.00764	0.00917	0.00955	0.00535	0.00611	0.00917	0.01260	0.01681	0.03628	0.76434	0.04354	0.02062	0.00840	0.00267	0.00382	0.01872	0.00611	0.00535
16	0.00834	0.00665	0.00720	0.00709	0.00889	0.00580	0.00514	0.01012	0.01514	0.01906	0.20530	0.05776	0.49354	0.10816	0.01093	0.00270	0.00366	0.01293	0.00610	0.00551
17	0.00926	0.00607	0.00805	0.00924	0.00995	0.00560	0.00629	0.01051	0.01304	0.05838	0.03659	0.70046	0.06217	0.01978	0.00828	0.00262	0.00391	0.01787	0.00623	0.00569
18	0.02459	0.03138	0.01866	0.01696	0.02035	0.74221	0.01272	0.02629	0.01866	0.01611	0.01018	0.01187	0.00848	0.00678	0.00594	0.00170	0.01187	0.00424	0.00339	0.00763
19	0.09069	0.01132	0.01484	0.01148	0.01649	0.01007	0.00948	0.03109	0.01825	0.67744	0.02466	0.02150	0.01558	0.00799	0.00642	0.00204	0.00556	0.00638	0.00783	0.01089
20	0.01765	0.00853	0.01064	0.00916	0.01205	0.00752	0.00693	0.01938	0.01556	0.32714	0.06027	0.08227	0.21347	0.16456	0.01250	0.00300	0.00495	0.01008	0.00661	0.00770
21	0.00924	0.00673	0.00870	0.00821	0.00979	0.00618	0.00615	0.01228	0.01846	0.02599	0.69276	0.04985	0.09371	0.01361	0.00777	0.00208	0.00312	0.01200	0.00719	0.00618
22	0.70810	0.01294	0.01070	0.00927	0.01349	0.01470	0.00764	0.06020	0.01295	0.08493	0.01086	0.01190	0.00808	0.00637	0.00442	0.00203	0.00526	0.00394	0.00454	0.00768
23	0.00911	0.00672	0.00851	0.00806	0.00971	0.00612	0.00605	0.01202	0.01814	0.02523	0.63474	0.05110	0.15221	0.01390	0.00777	0.00209	0.00314	0.01218	0.00709	0.00612
24	0.01222	0.00646	0.00923	0.00896	0.00926	0.00657	0.00611	0.04906	0.00988	0.01318	0.01169	0.01977	0.01142	0.02200	0.02462	0.76162	0.00581	0.00573	0.00308	0.00334
25	0.01554	0.01776	0.03885	0.02775	0.03441	0.01665	0.70366	0.02109	0.01554	0.02109	0.01332	0.01776	0.00999	0.00555	0.00777	0.00222	0.01110	0.00777	0.00333	0.00888
26	0.01355	0.09155	0.68003	0.01818	0.02759	0.01613	0.02331	0.02076	0.01386	0.02043	0.01161	0.01364	0.00835	0.00621	0.00610	0.00203	0.00952	0.00476	0.00278	0.00963
27	0.02199	0.01418	0.01558	0.01249	0.01675	0.01522	0.01014	0.37248	0.10853	0.14467	0.01993	0.01975	0.01428	0.00802	0.00619	0.00192	0.00586	0.00626	0.17572	0.01003
28	0.02378	0.06579	0.01988	0.01805	0.06126	0.66588	0.01309	0.02562	0.01819	0.01640	0.01026	0.01207	0.00859	0.00668	0.00589	0.00170	0.01141	0.00430	0.00336	0.00783
29	0.02954	0.01120	0.01528	0.01171	0.01681	0.00968	0.00968	0.03208	0.01884	0.73213	0.02597	0.02241	0.01630	0.00815	0.00662	0.00204	0.00560	0.00662	0.00815	0.01120
30	0.01412	0.03284	0.67889	0.01848	0.02786	0.01569	0.02340	0.07416	0.01523	0.02246	0.01212	0.01405	0.00856	0.00638	0.00628	0.00208	0.00954	0.00495	0.00308	0.00984
31	0.01814	0.01614	0.02621	0.06091	0.47145	0.03726	0.10496	0.08504	0.01688	0.07829	0.01379	0.01683	0.01078	0.00625	0.00668	0.00200	0.00817	0.00612	0.00395	0.01016
32	0.02818	0.01337	0.01662	0.01274	0.01789	0.01289	0.01053	0.23396	0.02247	0.52513	0.02292	0.02043	0.01477	0.00807	0.00661	0.00202	0.00609	0.00641	0.00768	0.01120
33	0.00800	0.00580	0.00756	0.00897	0.00950	0.00536	0.00602	0.00919	0.01279	0.01688	0.03865	0.70977	0.09658	0.02032	0.00835	0.00264	0.00378	0.01834	0.00611	0.00536
34	0.01423	0.29940	0.37192	0.01448	0.02151	0.01787	0.01688	0.01919	0.01441	0.01971	0.11612	0.01790	0.01633	0.00709	0.00574	0.00184	0.00777	0.00541	0.00345	0.00874
35	0.02954	0.01120	0.01528	0.01171	0.01681	0.00968	0.00968	0.03208	0.01884	0.73213	0.02597	0.02241	0.01630	0.00815	0.00662	0.00204	0.00560	0.00662	0.00815	0.01120
36	0.00802	0.00573	0.00764	0.00917	0.00955	0.00535	0.00611	0.00917	0.01260	0.01681	0.03628	0.76434	0.04354	0.02062	0.00840	0.00267	0.00382	0.01872	0.00611	0.00535
37	0.01623	0.01581	0.02767	0.03942	0.67361	0.01572	0.07341	0.02027	0.01503	0.02147	0.01246	0.01641	0.01039	0.00584	0.00661	0.00198	0.00808	0.00601	0.00326	0.01031
38	0.01538	0.01763	0.08439	0.09558	0.30247	0.01598	0.32905	0.02035	0.01500	0.02086	0.01270	0.01689	0.00993	0.00581	0.00707	0.00211	0.00953	0.00665	0.00323	0.00940
39	0.00802	0.00573	0.00764	0.00917	0.00955	0.00535	0.00611	0.00917	0.01260	0.01681	0.03628	0.76434	0.04354	0.02062	0.00840	0.00267	0.00382	0.01872	0.00611	0.00535
40	0.01554	0.01776	0.03885	0.02775	0.03441	0.01665	0.70366	0.02109	0.01554	0.02109	0.01332	0.01776	0.00999	0.00555	0.00777	0.00222	0.01110	0.00777	0.00333	0.00888
41	0.01437	0.01213	0.01404	0.01009	0.01591	0.00951	0.00810	0.06019	0.01475	0.02272	0.01196	0.01379	0.00984	0.00507	0.00498	0.00104	0.00503	0.00403	0.00407	0.75839
42	0.01872	0.01622	0.07012	0.01895	0.08756	0.01555	0.14783	0.08168	0.30351	0.13661	0.02082	0.02072	0.01513	0.00760	0.00684	0.00214	0.00713	0.00694	0.00567	0.01026
43	0.01301	0.01252	0.01963	0.01945	0.13424	0.04648	0.16373	0.01724	0.06928	0.02048	0.11084	0.24920	0.02753	0.01187	0.00839	0.00231	0.05020	0.01101	0.00490	0.00768
44	0.08527	0.01111	0.01433	0.01122	0.01599	0.01005	0.00922	0.03027	0.03950	0.61819	0.02451	0.02175	0.01578	0.00800	0.00632	0.00201	0.00541	0.00640	0.05410	0.01059
45	0.01555	0.01723	0.10947	0.24610	0.17900	0.03618	0.07077	0.07069	0.14522	0.02235	0.01503	0.01787	0.01142	0.00684	0.00662	0.00211	0.00819	0.00614	0.00398	0.00925
46	0.01030	0.00653	0.00792	0.00757	0.00912	0.00619	0.00568	0.01339	0.01703	0.02578	0.49125	0.04101	0.04712	0.01154	0.00672	0.00189	0.00309	0.00999	0.27168	0.00619
47	0.00872	0.00585	0.00748	0.00867	0.00929	0.00551	0.00589	0.01027	0.01313	0.01851	0.07404	0.61346	0.04068	0.01829	0.00780	0.00247	0.00367	0.01646	0.12428	0.00551
48	0.01243	0.01170	0.01975	0.75282	0.04534	0.01463	0.01828	0.01682	0.01316	0.01682	0.01170	0.01755	0.00878	0.00658	0.00658	0.00219	0.00878	0.00585	0.00293	0.00731
49	0.16196	0.12961	0.11147	0.01309	0.01771	0.21848	0.01182	0.10418	0.01672	0.02336	0.01240	0.01407	0.00977	0.00669	0.00528	0.00178	0.00783	0.00458	0.12105	0.00815
50	0.72681	0.01381	0.01077	0.00944	0.01359	0.03989	0.00774	0.07301	0.01299	0.03001	0.00972	0.01113	0.00749	0.00627	0.00433	0.00202	0.00549	0.00377	0.00425	0.00746
51	0.01394	0.01133	0.01652	0.04342	0.26033	0.01143	0.01222	0.05232	0.06707	0.05798	0.20015	0.03199	0.11251	0.01294	0.06431	0.00272	0.00655	0.00861	0.00528	0.00840
52	0.01144	0.00572	0.00858	0.00858	0.00858	0.00572	0.00572	0.00858	0.00858	0.01144	0.01144	0.02001	0.01144	0.02287	0.02573	0.80846	0.00572	0.00572	0.00286	0.00286
53	0.01626	0.01744	0.13694	0.19755	0.02768	0.01556	0.08790	0.21891	0.06055	0.02643	0.06300	0.02212	0.06417	0.00809	0.00682	0.00211	0.00778	0.00696	0.00473	0.00899
54	0.01310	0.01342	0.10062	0.01196	0.01561	0.01181	0.02854	0.02308	0.30909	0.02409	0.10012	0.05192	0.11978	0.01061	0.00683	0.00216	0.00520	0.04080	0.10291	0.00835
55	0.00860	0.00662	0.00764	0.00774	0.00930	0.00594	0.00567	0.01049	0.01509	0.01948	0.22885	0.12564	0.35790	0.10549	0.01097	0.00277	0.00386	0.05624	0.00616	0.00556
56	0.04762	0.32591	0.09872	0.01204	0.01762	0.01835	0.01156	0.10293	0.04861	0.04120	0.06761	0.01606	0.01387	0.00669	0.00529	0.00160	0.00647	0.00494	0.00417	0.14875
57	0.02486	0.01498	0.01716	0.01356	0.01845	0.01576	0.01107	0.32804	0.16680	0.28503	0.02168	0.01995	0.01484	0.00820	0.00662	0.00205	0.00624	0.00648	0.00717	0.01104
58	0.04009	0.06344	0.17644	0.01815	0.13554	0.01488	0.01480	0.15909	0.03655	0.15232	0.10561	0.02064	0.01775	0.00780	0.00645	0.00199	0.00695	0.00640	0.00528	0.00983
59	0.01602	0.18676	0.18353	0.03589	0.02251	0.09566	0.10946	0.05439	0.06543	0.01969	0.01325	0.01610	0.01073	0.01243	0.10770	0.00311	0.02979	0.00549	0.00351	0.00857
60	0.00806	0.00579	0.00765	0.00906	0.00954	0.00538	0.00608	0.00928	0.01287	0.01715	0.05943	0.71945	0.06535	0.02027	0.00836	0.00264	0.00378	0.01835	0.00615	0.00538
61	0.01047	0.00794	0.00980	0.00912	0.01103	0.00788	0.00690	0.01612	0.13281	0.02659	0.60988	0.04514	0.05523	0.01272	0.00759	0.00210	0.00345	0.01117	0.00716	0.00690
62	0.01138	0.00921	0.01109	0.00901	0.01273	0.00747	0.00704	0.01428	0.01577	0.02306	0.29794	0.03354	0.08757	0.00962	0.00638	0.00157	0.00409	0.02977	0.00546	0.40299
63	0.81514	0.01273	0.00968	0.00866	0.01273	0.01477	0.00713	0.01935	0.01120	0.02954	0.00917	0.01069	0.00713	0.00611	0.00407	0.00204	0.00509	0.00356	0.00407	0.00713
64	0.01760	0.77260	0.03450	0.01126	0.01690	0.02605	0.01126	0.01971	0.01338	0.01549	0.00915	0.01056	0.00845	0.00563	0.00422	0.00141	0.00704	0.00352	0.00282	0.00845
65	0.00801	0.00654	0.00708	0.00724	0.00911	0.00561	0.00532	0.00979	0.01511	0.01874	0.14611	0.16515	0.53960	0.01685	0.00787	0.00227	0.00338	0.01435	0.00626	0.00561
66	0.00865	0.00670	0.00787	0.00758	0.00942	0.00593	0.00568	0.01113	0.01705	0.02264	0.43757	0.05536	0.35099	0.01486	0.00777	0.00214	0.00321	0.01277	0.00675	0.00593
67	0.01598	0.20448	0.14299	0.20889	0.13424	0.01847	0.07058	0.09187	0.01568	0.02079	0.01175	0.01488	0.00922	0.00625	0.00603	0.00193	0.00838	0.00528	0.00334	0.00899
68	0.00885	0.00641	0.00840	0.00879	0.00993	0.00595	0.00641	0.01116	0.01601	0.02205	0.39728	0.31949	0.07910	0.01657	0.00809	0.00236	0.00357	0.05703	0.00670	0.00585
69	0.01524	0.01393	0.02083	0.42922	0.19981	0.03990	0.01722	0.10718	0.01635	0.02156	0.04630	0.01834	0.01201	0.00692	0.00660	0.00209	0.00819	0.00610	0.00370	0.00851
70	0.05256	0.01228	0.01105	0.01025	0.01261	0.12423	0.00777	0.05851	0.10565	0.02475	0.22189	0.08604	0.03021	0.01030	0.00637	0.00194	0.00513	0.00850	0.20275	0.00722
71	0.81514	0.01273	0.00968	0.00866	0.01273	0.01477	0.00713	0.01935	0.01120	0.02954	0.00917	0.01069	0.00713	0.00611	0.00407	0.00204	0.00509	0.00356	0.00407	0.00713
72	0.01962	0.46446	0.08364	0.01377	0.01897	0.26738	0.01277	0.02202	0.01520	0.01612	0.00971	0.01126	0.00845	0.00607	0.00496	0.00156	0.00888	0.00387	0.00301	0.00827
73	0.01582	0.01516	0.02587	0.12780	0.64388	0.01552	0.01997	0.01979	0.01477	0.02093	0.01230	0.01645	0.01023	0.00595	0.00653	0.00198	0.00794	0.00586	0.00322	0.01005
74	0.01009	0.00793	0.00926	0.00872	0.01079	0.00771	0.00660	0.01537	0.13190	0.02443	0.44547	0.04869	0.22100	0.01352	0.00759	0.00214	0.00351	0.01167	0.00687	0.00674
75	0.01365	0.01170	0.01365	0.00975	0.01560	0.00878	0.00780	0.01658	0.01365	0.02145	0.01170	0.01365	0.00975	0.00488	0.00488	0.00098	0.00488	0.00390	0.00390	0.80888
76	0.02901	0.01151	0.01540	0.01187	0.01692	0.01020	0.00978	0.05266	0.03964	0.69046	0.02569	0.02227	0.01625	0.00816	0.00662	0.00204	0.00564	0.00662	0.00806	0.01118
77	0.01760	0.77260	0.03450	0.01126	0.01690	0.02605	0.01126	0.01971	0.01338	0.01549	0.00915	0.01056	0.00845	0.00563	0.00422	0.00141	0.00704	0.00352	0.00282	0.00845
78	0.01381	0.00707	0.00874	0.00845	0.01031	0.00658	0.00627	0.01620	0.01514	0.15721	0.13438	0.25323	0.03181	0.01259	0.00663	0.00206	0.00379	0.01094	0.28791	0.00687
79	0.01243	0.01170	0.01975	0.75282	0.04534	0.01463	0.01828	0.01682	0.01316	0.01682	0.01170	0.01755	0.00878	0.00658	0.00658	0.00219	0.00878	0.00585	0.00293	0.00731
80	0.00872	0.00655	0.00808	0.00803	0.00955	0.00591	0.00589	0.01114	0.01674	0.02267	0.44684	0.17043	0.22444	0.01544	0.00787	0.00221	0.00328	0.01352	0.00678	0.00591
81	0.00977	0.00675	0.00777	0.00752	0.00943	0.00602	0.00564	0.01216	0.01624	0.04927	0.30315	0.08599	0.32725	0.01420	0.00736	0.00209	0.00333	0.01213	0.10785	0.00608
82	0.01721	0.01906	0.15762	0.12757	0.27628	0.03873	0.10711	0.06472	0.01611	0.09171	0.01379	0.01664	0.01032	0.00638	0.00663	0.00205	0.00861	0.00595	0.00383	0.00970
83	0.00820	0.00634	0.00749	0.00794	0.00934	0.00562	0.00567	0.00999	0.01490	0.01929	0.19755	0.31887	0.33032	0.01744	0.00801	0.00236	0.00346	0.01524	0.00636	0.00562
84	0.01293	0.01006	0.01390	0.01709	0.18722	0.01030	0.00997	0.10077	0.01472	0.02048	0.02189	0.21771	0.02310	0.19088	0.06984	0.00381	0.00685	0.01018	0.05118	0.00711
85	0.02289	0.01738	0.01856	0.01472	0.01960	0.01942	0.01200	0.54019	0.19986	0.03805	0.01852	0.01797	0.01339	0.00816	0.00661	0.00204	0.00674	0.00630	0.00661	0.01100
86	0.02015	0.01388	0.01543	0.01318	0.01735	0.01524	0.01045	0.09671	0.49475	0.18783	0.02559	0.02326	0.01841	0.00866	0.00667	0.00216	0.00549	0.00712	0.00702	0.01067
87	0.02249	0.01743	0.01752	0.01412	0.01865	0.07436	0.01141	0.45191	0.15454	0.05687	0.01817	0.01803	0.01325	0.00799	0.00640	0.00197	0.00684	0.00611	0.07157	0.01036
88	0.00847	0.00605	0.00737	0.00823	0.00874	0.00569	0.00532	0.00933	0.01198	0.01569	0.03546	0.45171	0.12600	0.24993	0.01604	0.00375	0.00454	0.01528	0.00546	0.00496
89	0.01562	0.01302	0.01969	0.34945	0.18702	0.01457	0.01593	0.13735	0.01682	0.04966	0.01603	0.10573	0.01398	0.00838	0.00679	0.00215	0.00759	0.00742	0.00422	0.00860
90	0.01319	0.00789	0.00984	0.00887	0.01113	0.00749	0.00682	0.01738	0.07222	0.13030	0.46104	0.04054	0.06310	0.01167	0.00711	0.00201	0.00364	0.01010	0.10840	0.00725
91	0.01320	0.03405	0.73453	0.01876	0.02849	0.01529	0.02432	0.02085	0.01390	0.02085	0.01181	0.01390	0.00834	0.00625	0.00625	0.00208	0.00973	0.00486	0.00278	0.00973
92	0.01540	0.01870	0.07925	0.02723	0.03406	0.01657	0.66421	0.02107	0.01544	0.02107	0.01323	0.01753	0.00989	0.00559	0.00768	0.00221	0.01102	0.00760	0.00330	0.00893
93	0.02503	0.01844	0.01976	0.01515	0.02042	0.02042	0.01251	0.70562	0.03095	0.04149	0.01581	0.01581	0.01120	0.00790	0.00659	0.00198	0.00724	0.00593	0.00659	0.01120
94	0.01473	0.01609	0.03422	0.02519	0.03100	0.01516	0.59014	0.01987	0.01548	0.02086	0.01685	0.02701	0.01456	0.00762	0.00799	0.00235	0.01027	0.11841	0.00378	0.00842
95	0.00802	0.00573	0.00764	0.00917	0.00955	0.00535	0.00611	0.00917	0.01260	0.01681	0.03628	0.76434	0.04354	0.02062	0.00840	0.00267	0.00382	0.01872	0.00611	0.00535
96	0.01637	0.01414	0.01489	0.01340	0.01712	0.01637	0.01042	0.03498	0.71568	0.02754	0.02679	0.02456	0.02010	0.00893	0.00670	0.00223	0.00521	0.00744	0.00670	0.01042
97	0.81514	0.01273	0.00968	0.00866	0.01273	0.01477	0.00713	0.01935	0.01120	0.02954	0.00917	0.01069	0.00713	0.00611	0.00407	0.00204	0.00509	0.00356	0.00407	0.00713
98	0.01320	0.03405	0.73453	0.01876	0.02849	0.01529	0.02432	0.02085	0.01390	0.02085	0.01181	0.01390	0.00834	0.00625	0.00625	0.00208	0.00973	0.00486	0.00278	0.00973
99	0.02503	0.01844	0.01976	0.01515	0.02042	0.02042	0.01251	0.70562	0.03095	0.04149	0.01581	0.01581	0.01120	0.00790	0.00659	0.00198	0.00724	0.00593	0.00659	0.01120
100	0.01417	0.00924	0.01164	0.10355	0.01599	0.00958	0.00854	0.08037	0.06556	0.09938	0.23251	0.07562	0.04884	0.05587	0.00837	0.00229	0.00485	0.00909	0.13710	0.00742
101	0.11857	0.01476	0.01437	0.01231	0.01608	0.10527	0.00968	0.17483	0.08796	0.18626	0.02301	0.14332	0.04519	0.01015	0.00656	0.00211	0.00628	0.00816	0.00614	0.00898
102	0.00928	0.00669	0.00842	0.00799	0.00962	0.00613	0.00599	0.01221	0.01797	0.02529	0.61264	0.04968	0.13857	0.01356	0.00762	0.00206	0.00313	0.01187	0.04515	0.00613
103	0.01583	0.19459	0.01728	0.01112	0.01417	0.04907	0.00901	0.06714	0.05582	0.10937	0.03998	0.22125	0.02273	0.04514	0.09484	0.00323	0.00726	0.00932	0.00515	0.00770
104	0.01629	0.01564	0.02672	0.04041	0.72757	0.01564	0.02020	0.02020	0.01499	0.02151	0.01238	0.01629	0.01043	0.00587	0.00652	0.00196	0.00782	0.00587	0.00326	0.01043
105	0.01557	0.25066	0.03907	0.01250	0.01599	0.01746	0.01087	0.02193	0.18856	0.06066	0.03985	0.04253	0.01597	0.01524	0.12839	0.00342	0.10215	0.00632	0.00447	0.00839
106	0.02388	0.01362	0.01605	0.01278	0.01742	0.01386	0.01037	0.23973	0.14181	0.32309	0.05615	0.04079	0.01805	0.00868	0.00667	0.00204	0.00586	0.00703	0.00719	0.03495
107	0.03519	0.15593	0.39781	0.01971	0.11345	0.13005	0.01938	0.02138	0.01462	0.01949	0.01112	0.01325	0.00862	0.00618	0.00584	0.00189	0.00925	0.00464	0.00297	0.00921
108	0.02046	0.01299	0.03886	0.01622	0.13280	0.01154	0.01137	0.11121	0.01869	0.27402	0.12462	0.02279	0.02019	0.00791	0.00646	0.00184	0.00580	0.00667	0.00610	0.14946
109	0.00820	0.00590	0.00779	0.00912	0.00968	0.00549	0.00623	0.00957	0.01323	0.01768	0.09073	0.66465	0.06599	0.01987	0.00836	0.00262	0.00382	0.03944	0.00620	0.00544
110	0.05489	0.24939	0.02166	0.05457	0.01858	0.01622	0.03241	0.09296	0.01557	0.05648	0.01282	0.03904	0.01079	0.00631	0.00522	0.00149	0.00624	0.00486	0.00407	0.29643

[dist]
# distance from previous block
# <min> <max>
2	4

[block]
# block no. 2 follows, 33 sequences, length 48
# corresponding to MSA columns:
# 241-288
name=unknown_C
#
# <colnr> <probs for GDERKNQSTAVLIFYWHMCP>
#	G	D	E	R	K	N	Q	S	T	A	V	L	I	F	Y	W	H	M	C	P
0	0.06170	0.24963	0.05057	0.01475	0.05227	0.22588	0.01204	0.05580	0.06878	0.01986	0.01194	0.01349	0.00987	0.00661	0.00590	0.00169	0.03545	0.00450	0.02929	0.06998
1	0.01367	0.00794	0.00997	0.00867	0.01106	0.00770	0.05910	0.04350	0.01525	0.07368	0.04810	0.02834	0.09088	0.00867	0.00550	0.00173	0.00406	0.00728	0.54809	0.00684
2	0.01343	0.08463	0.57948	0.01818	0.02680	0.01554	0.07433	0.02020	0.01432	0.02086	0.06144	0.01641	0.01223	0.00666	0.00633	0.00204	0.00918	0.00548	0.00314	0.00933
3	0.00797	0.00650	0.00705	0.00729	0.00910	0.00558	0.00532	0.00966	0.01488	0.01838	0.12042	0.19586	0.53483	0.01714	0.00790	0.00230	0.00341	0.01463	0.00622	0.00558
4	0.01501	0.01692	0.03667	0.02645	0.03267	0.01586	0.65499	0.02026	0.01533	0.02079	0.01492	0.06985	0.01233	0.00660	0.00781	0.00225	0.01059	0.00853	0.00352	0.00863
5	0.01838	0.06956	0.12192	0.01370	0.01839	0.01561	0.01241	0.29536	0.07163	0.07366	0.01979	0.14281	0.01740	0.01292	0.06326	0.00275	0.00756	0.00799	0.00556	0.00934
6	0.01598	0.01595	0.02911	0.06565	0.54838	0.01582	0.17035	0.02027	0.01504	0.02123	0.01256	0.01666	0.01027	0.00582	0.00680	0.00202	0.00858	0.00628	0.00326	0.00996
7	0.01580	0.01457	0.02002	0.25504	0.19059	0.03942	0.01570	0.06913	0.20806	0.02241	0.01600	0.01865	0.01242	0.00754	0.00773	0.00217	0.06505	0.00624	0.00430	0.00915
8	0.02188	0.02583	0.01590	0.01458	0.01756	0.58042	0.01094	0.02388	0.01759	0.01797	0.01266	0.01466	0.01032	0.00698	0.00564	0.00166	0.00994	0.00466	0.17962	0.00730
9	0.00856	0.00662	0.00794	0.00876	0.01027	0.00600	0.00673	0.01041	0.01434	0.01798	0.04984	0.27106	0.35394	0.01821	0.00829	0.00256	0.00416	0.18261	0.00610	0.00562
10	0.00865	0.00595	0.00734	0.00837	0.00920	0.00552	0.00575	0.01021	0.01333	0.01842	0.06535	0.53752	0.13071	0.01797	0.00775	0.00243	0.00362	0.01601	0.12036	0.00552
11	0.00953	0.00655	0.00801	0.00801	0.00830	0.00683	0.00503	0.01011	0.00982	0.01338	0.01998	0.03887	0.02210	0.59263	0.20701	0.00741	0.00914	0.00896	0.00388	0.00445
12	0.11933	0.01643	0.01708	0.01340	0.01812	0.01821	0.01102	0.54874	0.02673	0.03823	0.01561	0.01612	0.01131	0.00766	0.00607	0.00194	0.00654	0.00566	0.09164	0.01016
13	0.17022	0.01739	0.01790	0.01395	0.01900	0.01938	0.01152	0.57951	0.02732	0.03929	0.01459	0.01487	0.01045	0.00757	0.00612	0.00199	0.00685	0.00549	0.00612	0.01045
14	0.01637	0.01414	0.01489	0.01340	0.01712	0.01637	0.01042	0.03498	0.71568	0.02754	0.02679	0.02456	0.02010	0.00893	0.00670	0.00223	0.00521	0.00744	0.00670	0.01042
15	0.01907	0.01426	0.01550	0.01338	0.01746	0.01598	0.01057	0.11264	0.54640	0.11978	0.02541	0.02327	0.01857	0.00871	0.00668	0.00218	0.00550	0.00716	0.00687	0.01061
16	0.00867	0.00670	0.00790	0.00760	0.00944	0.00594	0.00570	0.01117	0.01711	0.02277	0.44747	0.05514	0.34101	0.01481	0.00777	0.00213	0.00320	0.01274	0.00677	0.00594
17	0.01704	0.00978	0.01189	0.01008	0.01310	0.00959	0.00795	0.11983	0.05397	0.19322	0.33836	0.03386	0.03644	0.01048	0.00689	0.00199	0.00439	0.00888	0.10395	0.00830
18	0.02110	0.01335	0.01738	0.11927	0.02117	0.01500	0.01224	0.19400	0.01896	0.24192	0.04494	0.01951	0.01414	0.00877	0.00974	0.00220	0.16580	0.00634	0.04481	0.00935
19	0.81514	0.01273	0.00968	0.00866	0.01273	0.01477	0.00713	0.01935	0.01120	0.02954	0.00917	0.01069	0.00713	0.00611	0.00407	0.00204	0.00509	0.00356	0.00407	0.00713
20	0.01805	0.01630	0.01986	0.24672	0.07674	0.08162	0.01503	0.21936	0.06954	0.02488	0.01339	0.01644	0.01037	0.00793	0.00905	0.00219	0.13348	0.00583	0.00432	0.00890
21	0.09818	0.00927	0.01098	0.00913	0.01266	0.00871	0.00735	0.02398	0.01604	0.37389	0.02251	0.02216	0.01565	0.00776	0.00555	0.00183	0.00451	0.00613	0.33499	0.00873
22	0.00891	0.00708	0.00866	0.06002	0.01209	0.00674	0.00667	0.01158	0.04258	0.01966	0.20220	0.23275	0.30032	0.03998	0.00863	0.00243	0.00396	0.01371	0.00610	0.00592
23	0.24704	0.01163	0.01373	0.01087	0.01568	0.01109	0.00897	0.02856	0.01673	0.53761	0.02132	0.01916	0.01376	0.00758	0.00592	0.00204	0.00546	0.00577	0.00702	0.01008
24	0.00947	0.00669	0.00810	0.00791	0.00960	0.00615	0.00604	0.01226	0.01695	0.02381	0.43817	0.05066	0.19802	0.01370	0.00743	0.00210	0.00336	0.05840	0.11511	0.00605
25	0.00932	0.00673	0.00880	0.00828	0.00984	0.00621	0.00621	0.01242	0.01863	0.02640	0.72410	0.04918	0.06212	0.01346	0.00776	0.00207	0.00311	0.01191	0.00725	0.00621
26	0.01070	0.00848	0.00984	0.00919	0.01139	0.00850	0.00698	0.01722	0.18357	0.02502	0.43280	0.04604	0.17877	0.01300	0.00751	0.00214	0.00365	0.01123	0.00690	0.00709
27	0.02478	0.01439	0.01794	0.12121	0.08658	0.06895	0.01256	0.13680	0.01961	0.39885	0.01984	0.01928	0.01326	0.00757	0.00655	0.00202	0.00700	0.00615	0.00634	0.01030
28	0.01442	0.01235	0.01306	0.01189	0.01521	0.01382	0.00920	0.02905	0.54719	0.02582	0.08423	0.03287	0.14162	0.01056	0.00696	0.00222	0.00474	0.00885	0.00664	0.00930
29	0.81514	0.01273	0.00968	0.00866	0.01273	0.01477	0.00713	0.01935	0.01120	0.02954	0.00917	0.01069	0.00713	0.00611	0.00407	0.00204	0.00509	0.00356	0.00407	0.00713
30	0.01039	0.00751	0.01031	0.01170	0.01327	0.00742	0.01018	0.01332	0.01514	0.01955	0.03730	0.07342	0.09070	0.01807	0.00899	0.00297	0.00585	0.63181	0.00607	0.00602
31	0.01939	0.09936	0.09748	0.08792	0.14099	0.09917	0.12875	0.11928	0.01777	0.10661	0.01392	0.01595	0.01037	0.00656	0.00642	0.00196	0.00867	0.00574	0.00421	0.00949
32	0.01637	0.01414	0.01489	0.01340	0.01712	0.01637	0.01042	0.03498	0.71568	0.02754	0.02679	0.02456	0.02010	0.00893	0.00670	0.00223	0.00521	0.00744	0.00670	0.01042
33	0.01354	0.03172	0.63510	0.02005	0.02934	0.01548	0.12142	0.02088	0.01413	0.02088	0.01203	0.01445	0.00858	0.00615	0.00647	0.00210	0.00993	0.00528	0.00286	0.00961
34	0.00790	0.00667	0.00683	0.00679	0.00896	0.00561	0.00509	0.00968	0.01528	0.01845	0.11723	0.06227	0.67395	0.01643	0.00778	0.00221	0.00332	0.01374	0.00620	0.00561
35	0.81514	0.01273	0.00968	0.00866	0.01273	0.01477	0.00713	0.01935	0.01120	0.02954	0.00917	0.01069	0.00713	0.00611	0.00407	0.00204	0.00509	0.00356	0.00407	0.00713
36	0.02058	0.01500	0.01995	0.01925	0.13782	0.10721	0.11311	0.02467	0.06756	0.26193	0.02209	0.10768	0.03489	0.00895	0.00693	0.00210	0.00730	0.00802	0.00561	0.00938
37	0.00786	0.00667	0.00677	0.00675	0.00894	0.00559	0.00506	0.00959	0.01518	0.01821	0.09882	0.06266	0.69250	0.01652	0.00778	0.00222	0.00332	0.01380	0.00617	0.00559
38	0.01545	0.01750	0.03741	0.02694	0.03309	0.01692	0.65068	0.02068	0.01512	0.02068	0.01296	0.01750	0.00989	0.00601	0.00883	0.00227	0.06840	0.00761	0.00330	0.00875
39	0.02427	0.01434	0.01760	0.01392	0.01803	0.01552	0.01150	0.28874	0.02165	0.30971	0.01872	0.01868	0.01305	0.01064	0.04510	0.00257	0.13305	0.00623	0.00643	0.01027
40	0.02833	0.01085	0.01464	0.01132	0.01617	0.00943	0.00932	0.03091	0.01849	0.68276	0.02566	0.02256	0.01634	0.00811	0.00648	0.00200	0.00543	0.00659	0.06376	0.01085
41	0.00932	0.00673	0.00880	0.00828	0.00984	0.00621	0.00621	0.01242	0.01863	0.02640	0.72410	0.04918	0.06212	0.01346	0.00776	0.00207	0.00311	0.01191	0.00725	0.00621
42	0.01177	0.01435	0.12336	0.01589	0.01959	0.01189	0.16823	0.01533	0.01403	0.01892	0.02977	0.11552	0.16953	0.01257	0.00981	0.00248	0.11419	0.12103	0.00452	0.00722
43	0.01361	0.07074	0.60073	0.06687	0.07903	0.01585	0.02294	0.02048	0.01390	0.02035	0.01171	0.01413	0.00852	0.00621	0.00619	0.00205	0.00939	0.00493	0.00283	0.00956
44	0.02878	0.01242	0.01603	0.01229	0.01741	0.01148	0.01015	0.14529	0.02088	0.61605	0.02426	0.02130	0.01544	0.00811	0.00661	0.00203	0.00588	0.00650	0.00789	0.01120
45	0.29302	0.07360	0.01620	0.01205	0.01663	0.05429	0.00995	0.21110	0.10019	0.12993	0.01546	0.01541	0.01121	0.00721	0.00553	0.00198	0.00627	0.00512	0.00551	0.00933
46	0.01939	0.02693	0.32338	0.01717	0.02381	0.19154	0.05085	0.07986	0.06821	0.11426	0.01474	0.01563	0.01057	0.00692	0.00636	0.00199	0.00925	0.00536	0.00424	0.00954
47	0.01773	0.14652	0.32972	0.01735	0.02454	0.07460	0.09107	0.12644	0.03499	0.05752	0.01310	0.01459	0.00966	0.00653	0.00615	0.00195	0.00892	0.00522	0.00383	0.00958

[dist]
# distance from previous block
# <min> <max>
1	2

[block]
