[name]
unknown

[dist]
# distance from previous block
# <min> <max>
0	49

[block]
# block no. 0 follows, 33 sequences, length 35
# corresponding to MSA columns:
# 49-83
name=unknown_A
#
# <colnr> <probs for GDERKNQSTAVLIFYWHMCP>
#	G	D	E	R	K	N	Q	S	T	A	V	L	I	F	Y	W	H	M	C	P
0	0.03911	0.11314	0.05170	0.14517	0.07990	0.01323	0.05929	0.01889	0.01489	0.12381	0.07693	0.03103	0.02044	0.05641	0.00847	0.00244	0.00700	0.12543	0.00473	0.00798
1	0.15809	0.01391	0.03639	0.06154	0.08523	0.01411	0.05823	0.02519	0.19544	0.14437	0.01762	0.01823	0.01301	0.00724	0.00667	0.00202	0.03647	0.00588	0.00514	0.09522
2	0.06502	0.07182	0.29059	0.06679	0.08348	0.01527	0.01661	0.08779	0.06720	0.04395	0.07213	0.01803	0.01436	0.00712	0.00615	0.00197	0.00752	0.00571	0.00416	0.05433
3	0.10296	0.09478	0.06691	0.10530	0.21759	0.01490	0.06112	0.02153	0.01473	0.14599	0.01397	0.01602	0.01049	0.00626	0.00596	0.00188	0.00724	0.00539	0.00415	0.08283
4	0.01699	0.01858	0.14705	0.10460	0.27657	0.01568	0.01736	0.17651	0.01808	0.02545	0.01290	0.01556	0.00997	0.00635	0.00628	0.00188	0.00775	0.00545	0.00398	0.11300
5	0.01304	0.01186	0.01541	0.01686	0.15571	0.07043	0.05618	0.01571	0.01538	0.04142	0.12911	0.16215	0.14759	0.01147	0.00709	0.00202	0.00577	0.01019	0.00508	0.10752
6	0.01590	0.01376	0.08083	0.06095	0.01854	0.01108	0.01057	0.10364	0.04441	0.10297	0.02083	0.08148	0.07055	0.00826	0.00612	0.00169	0.00576	0.00683	0.00501	0.33083
7	0.06540	0.01303	0.01773	0.25869	0.13084	0.03312	0.01357	0.07524	0.01585	0.07252	0.06709	0.01859	0.01389	0.00684	0.00614	0.00185	0.00691	0.00579	0.00426	0.17264
8	0.01219	0.00949	0.01405	0.01136	0.01473	0.00828	0.10155	0.01529	0.01647	0.07035	0.32689	0.08147	0.10368	0.01100	0.00713	0.00191	0.00479	0.00994	0.00590	0.17352
9	0.01198	0.01320	0.11076	0.01152	0.01630	0.00895	0.03731	0.01512	0.01345	0.01997	0.01912	0.23800	0.01966	0.00979	0.00623	0.00168	0.00547	0.00861	0.00439	0.42849
10	0.01633	0.01356	0.02255	0.26983	0.39929	0.01432	0.01792	0.02021	0.01495	0.10173	0.03635	0.01845	0.01220	0.00660	0.00659	0.00205	0.00773	0.00614	0.00384	0.00936
11	0.01365	0.01170	0.01365	0.00975	0.01560	0.00878	0.00780	0.01658	0.01365	0.02145	0.01170	0.01365	0.00975	0.00488	0.00488	0.00098	0.00488	0.00390	0.00390	0.80888
12	0.01734	0.40531	0.26151	0.01469	0.02128	0.14326	0.01579	0.02119	0.01444	0.01735	0.01020	0.01188	0.00842	0.00603	0.00518	0.00168	0.00874	0.00408	0.00290	0.00873
13	0.01270	0.09340	0.49505	0.01535	0.02245	0.01407	0.01836	0.01820	0.01341	0.01932	0.06130	0.02111	0.01472	0.14065	0.01096	0.00278	0.00845	0.00605	0.00330	0.00837
14	0.01451	0.14669	0.02138	0.02304	0.32319	0.05935	0.01339	0.01748	0.01557	0.02039	0.14400	0.02798	0.12894	0.00887	0.00649	0.00190	0.00642	0.00764	0.00432	0.00842
15	0.01896	0.01491	0.09556	0.01252	0.01772	0.01226	0.01104	0.12616	0.12035	0.19382	0.02022	0.08728	0.01602	0.00832	0.00630	0.00184	0.00590	0.00685	0.00580	0.21817
16	0.00914	0.00669	0.00914	0.00935	0.01022	0.00723	0.00676	0.01075	0.01093	0.01510	0.02422	0.13572	0.06925	0.20537	0.43071	0.00797	0.01221	0.00971	0.00417	0.00536
17	0.01697	0.01767	0.02215	0.09670	0.38899	0.16196	0.01670	0.02097	0.05451	0.01965	0.01392	0.06226	0.01236	0.00759	0.00755	0.00205	0.05895	0.00641	0.00360	0.00904
18	0.03193	0.15668	0.22481	0.01940	0.15618	0.01512	0.07231	0.01790	0.01436	0.01977	0.04836	0.06380	0.11536	0.00857	0.00641	0.00200	0.00738	0.00735	0.00379	0.00853
19	0.01500	0.01484	0.02614	0.23797	0.24668	0.01572	0.19626	0.02163	0.11735	0.02093	0.01454	0.01825	0.01126	0.00644	0.00689	0.00213	0.00857	0.00659	0.00369	0.00913
20	0.00884	0.00731	0.00785	0.00793	0.00995	0.00673	0.00585	0.01233	0.09033	0.01918	0.09640	0.18150	0.48952	0.01634	0.00777	0.00229	0.00361	0.01393	0.00624	0.00608
21	0.12427	0.29311	0.22798	0.01580	0.02242	0.01938	0.12533	0.02115	0.05715	0.02055	0.01167	0.01354	0.00921	0.00606	0.00550	0.00187	0.00807	0.00483	0.00330	0.00882
22	0.02104	0.08556	0.29850	0.01539	0.02226	0.06436	0.01623	0.14696	0.01862	0.22369	0.01618	0.01622	0.01111	0.00707	0.00623	0.00197	0.00805	0.00540	0.00501	0.01016
23	0.01322	0.02084	0.34428	0.01723	0.11634	0.01174	0.01633	0.01801	0.01481	0.07861	0.03075	0.03087	0.24026	0.00972	0.00681	0.00211	0.00707	0.00806	0.00436	0.00860
24	0.01816	0.01629	0.06687	0.18523	0.06925	0.01694	0.01428	0.27473	0.18366	0.02880	0.01714	0.01924	0.01299	0.03796	0.00766	0.00227	0.00729	0.00633	0.00521	0.00969
25	0.01811	0.01937	0.16774	0.15115	0.17160	0.06379	0.11209	0.04898	0.01607	0.14539	0.01464	0.01698	0.01058	0.00657	0.00663	0.00206	0.00869	0.00595	0.00411	0.00951
26	0.02090	0.01245	0.03374	0.01139	0.01546	0.03262	0.00940	0.14381	0.06718	0.29870	0.12981	0.02927	0.09748	0.00972	0.00676	0.00202	0.00540	0.00796	0.05659	0.00935
27	0.00794	0.00654	0.00699	0.00717	0.00907	0.00558	0.00526	0.00965	0.01495	0.01835	0.11645	0.16498	0.57033	0.01699	0.00787	0.00228	0.00339	0.01444	0.00621	0.00558
28	0.01913	0.26144	0.12545	0.01517	0.06281	0.12424	0.01331	0.04715	0.07913	0.11696	0.06232	0.01725	0.01440	0.00715	0.00578	0.00181	0.00756	0.00539	0.00443	0.00913
29	0.01563	0.06597	0.28723	0.13558	0.15170	0.01563	0.11259	0.02139	0.03336	0.07890	0.01351	0.01619	0.00997	0.00633	0.00648	0.00206	0.00882	0.00572	0.00351	0.00943
30	0.01036	0.00640	0.00836	0.00886	0.00993	0.00586	0.00619	0.01127	0.01336	0.07591	0.09093	0.43491	0.13742	0.01878	0.01065	0.12066	0.00412	0.01457	0.00589	0.00556
31	0.01536	0.01611	0.02243	0.12944	0.23572	0.12121	0.10890	0.01856	0.01457	0.01866	0.01772	0.07024	0.07078	0.00865	0.00872	0.00217	0.10152	0.00740	0.00362	0.00821
32	0.07178	0.01963	0.20963	0.01856	0.14401	0.07372	0.01512	0.02330	0.08188	0.15995	0.02090	0.04951	0.06713	0.00819	0.00644	0.00206	0.00731	0.00671	0.00480	0.00937
33	0.01573	0.01854	0.12530	0.03510	0.50312	0.01578	0.14828	0.02046	0.01494	0.02134	0.01248	0.01624	0.01006	0.00586	0.00672	0.00202	0.00869	0.00608	0.00321	0.01004
34	0.00827	0.00668	0.00816	0.06928	0.01218	0.00621	0.00657	0.00993	0.01382	0.01728	0.04908	0.36104	0.37283	0.01754	0.00795	0.00241	0.00399	0.01530	0.00585	0.00561

[dist]
# distance from previous block
# <min> <max>
0	29

[block]
# block no. 1 follows, 33 sequences, length 14
# corresponding to MSA columns:
# 113-126
name=unknown_B
#
# <colnr> <probs for GDERKNQSTAVLIFYWHMCP>
#	G	D	E	R	K	N	Q	S	T	A	V	L	I	F	Y	W	H	M	C	P
0	0.02173	0.16519	0.07205	0.10761	0.02293	0.16826	0.01347	0.20231	0.01986	0.12497	0.01401	0.01501	0.01033	0.00699	0.00598	0.00185	0.00830	0.00513	0.00469	0.00934
1	0.07729	0.08831	0.13737	0.01403	0.01955	0.14509	0.01299	0.10729	0.03893	0.27050	0.01695	0.01652	0.01175	0.00722	0.00605	0.00193	0.00769	0.00536	0.00542	0.00977
2	0.00809	0.00606	0.00751	0.00847	0.00942	0.00548	0.00585	0.00955	0.01378	0.01798	0.11051	0.52380	0.21164	0.01896	0.00819	0.00251	0.00363	0.01688	0.00622	0.00548
3	0.01838	0.02085	0.02386	0.01908	0.02335	0.27658	0.25257	0.02454	0.15204	0.01974	0.01553	0.01942	0.01276	0.08076	0.00940	0.00244	0.00978	0.00661	0.00407	0.00825
4	0.01693	0.01898	0.06485	0.07964	0.31186	0.10300	0.24101	0.04480	0.01598	0.02107	0.01247	0.01619	0.00986	0.00601	0.00685	0.00203	0.00951	0.00624	0.00337	0.00937
5	0.01363	0.01646	0.13045	0.14254	0.15626	0.01454	0.15472	0.01800	0.01421	0.01986	0.05590	0.04530	0.01616	0.00871	0.00891	0.00231	0.09730	0.07275	0.00369	0.00831
6	0.00782	0.00652	0.00682	0.00706	0.00899	0.00552	0.00517	0.00940	0.01463	0.01763	0.06198	0.17191	0.61939	0.01728	0.00788	0.00229	0.00341	0.01464	0.00611	0.00552
7	0.01909	0.09114	0.05008	0.05869	0.19572	0.25309	0.01466	0.08191	0.07969	0.02077	0.01325	0.01563	0.01078	0.00958	0.05585	0.00245	0.00957	0.00530	0.00384	0.00891
8	0.01749	0.21642	0.11713	0.01234	0.01742	0.01656	0.01175	0.18171	0.03925	0.08606	0.09697	0.02524	0.11709	0.00896	0.00622	0.00190	0.00634	0.00701	0.00521	0.00892
9	0.01907	0.01501	0.01631	0.14929	0.02190	0.16542	0.03548	0.04901	0.01726	0.19626	0.12577	0.07850	0.02207	0.00955	0.00737	0.00210	0.03229	0.02367	0.00544	0.00821
10	0.01713	0.01657	0.01754	0.24397	0.07366	0.16828	0.01346	0.16412	0.01886	0.02304	0.07057	0.02397	0.10392	0.00863	0.00668	0.00202	0.00794	0.00698	0.00454	0.00811
11	0.35446	0.01561	0.13252	0.14554	0.09651	0.01384	0.01321	0.01837	0.01333	0.02461	0.10059	0.01789	0.01491	0.00712	0.00560	0.00207	0.00655	0.00548	0.00397	0.00782
12	0.55685	0.05987	0.11053	0.01211	0.01732	0.01549	0.07739	0.02019	0.01238	0.05175	0.01052	0.01222	0.00797	0.00612	0.00482	0.00202	0.00642	0.00425	0.00390	0.00787
13	0.01580	0.01559	0.02127	0.28829	0.21978	0.11123	0.05134	0.06521	0.01586	0.02012	0.01484	0.04556	0.01305	0.00791	0.00681	0.00214	0.00855	0.06457	0.00372	0.00836

[dist]
# distance from previous block
# <min> <max>
0	2

[block]
# block no. 2 follows, 33 sequences, length 40
# corresponding to MSA columns:
# 129-168
name=unknown_C
#
# <colnr> <probs for GDERKNQSTAVLIFYWHMCP>
#	G	D	E	R	K	N	Q	S	T	A	V	L	I	F	Y	W	H	M	C	P
0	0.01370	0.04076	0.10809	0.01127	0.01419	0.01062	0.00982	0.08123	0.01359	0.08672	0.01805	0.02731	0.01669	0.23931	0.27312	0.00626	0.01082	0.00720	0.00427	0.00697
1	0.12682	0.11642	0.01838	0.01430	0.01787	0.43810	0.01121	0.02375	0.06326	0.01851	0.01175	0.01375	0.00985	0.01079	0.07627	0.00260	0.01048	0.00455	0.00365	0.00769
2	0.12410	0.11563	0.01978	0.19021	0.13100	0.08477	0.01355	0.02106	0.01481	0.13122	0.01539	0.02106	0.01265	0.00764	0.00610	0.00204	0.00745	0.06884	0.00427	0.00844
3	0.01578	0.02362	0.34814	0.02618	0.29709	0.01514	0.02050	0.02262	0.07717	0.06968	0.01432	0.01635	0.01073	0.00647	0.00642	0.00204	0.00831	0.00560	0.00368	0.01016
4	0.01431	0.01339	0.02243	0.28343	0.42261	0.01440	0.01798	0.01801	0.01384	0.01905	0.01295	0.01930	0.01115	0.07937	0.00913	0.00246	0.00801	0.00622	0.00321	0.00873
5	0.16707	0.08374	0.02305	0.01949	0.12796	0.06568	0.15436	0.15884	0.01809	0.02654	0.08059	0.01780	0.01453	0.00703	0.00621	0.00197	0.00762	0.00610	0.00445	0.00888
6	0.01527	0.15839	0.32055	0.01439	0.02045	0.08292	0.01561	0.01975	0.01513	0.07329	0.10982	0.09059	0.01954	0.00868	0.00630	0.00198	0.00768	0.00697	0.00416	0.00852
7	0.00928	0.00762	0.00989	0.14956	0.01642	0.00763	0.00838	0.01144	0.01388	0.01729	0.04368	0.13620	0.34233	0.08693	0.01026	0.00278	0.00511	0.11023	0.00530	0.00579
8	0.01349	0.01291	0.02321	0.22142	0.21648	0.01338	0.16477	0.01767	0.01519	0.02073	0.12268	0.02751	0.02038	0.00833	0.00724	0.00220	0.00790	0.07225	0.00406	0.00820
9	0.04756	0.10657	0.01745	0.01231	0.01663	0.03322	0.01021	0.17313	0.11856	0.23900	0.08551	0.04441	0.02014	0.00905	0.00649	0.00203	0.00596	0.03562	0.00647	0.00969
10	0.01454	0.01611	0.08439	0.41232	0.18736	0.06415	0.01811	0.02030	0.08147	0.01918	0.01321	0.01724	0.01016	0.00664	0.00651	0.00210	0.00852	0.00581	0.00338	0.00852
11	0.00840	0.00618	0.00791	0.00882	0.00978	0.00569	0.00626	0.01011	0.01426	0.01893	0.16814	0.47891	0.15011	0.01853	0.00824	0.00252	0.00376	0.06155	0.00632	0.00559
12	0.01855	0.63193	0.03090	0.01151	0.01691	0.02366	0.01104	0.02228	0.08131	0.08049	0.01235	0.01296	0.01027	0.00617	0.00468	0.00154	0.00674	0.00417	0.00366	0.00888
13	0.05878	0.10507	0.28240	0.01566	0.02256	0.01750	0.03463	0.24865	0.01999	0.11186	0.01444	0.01512	0.01023	0.00693	0.00612	0.00197	0.00793	0.00529	0.00476	0.01010
14	0.00847	0.00638	0.00784	0.00832	0.00940	0.00606	0.00584	0.00995	0.01304	0.01702	0.09087	0.29133	0.24057	0.12336	0.12657	0.00423	0.00613	0.01373	0.00551	0.00537
15	0.01634	0.01897	0.03705	0.02679	0.03315	0.08128	0.64211	0.02155	0.01582	0.02064	0.01304	0.01723	0.00985	0.00566	0.00761	0.00217	0.01117	0.00745	0.00334	0.00877
16	0.02136	0.01840	0.06911	0.03960	0.15624	0.10758	0.06488	0.21555	0.02056	0.15234	0.03312	0.04191	0.01353	0.00765	0.00665	0.00200	0.00793	0.00645	0.00523	0.00992
17	0.01341	0.01947	0.24830	0.28671	0.08071	0.01442	0.12735	0.01886	0.01396	0.01982	0.01297	0.01701	0.00971	0.00637	0.00647	0.00208	0.00884	0.00587	0.07924	0.00842
18	0.00823	0.00667	0.00735	0.00755	0.00947	0.00579	0.00573	0.01015	0.01525	0.01892	0.14203	0.12499	0.52421	0.01676	0.00795	0.00231	0.00358	0.07115	0.00625	0.00566
19	0.02061	0.40599	0.07594	0.01376	0.01892	0.24833	0.01257	0.05183	0.01618	0.06550	0.01107	0.01222	0.00910	0.00630	0.00516	0.00161	0.00865	0.00415	0.00351	0.00858
20	0.01741	0.08627	0.06687	0.04884	0.25045	0.07069	0.06759	0.08255	0.19659	0.02358	0.01594	0.01754	0.01244	0.00690	0.00640	0.00200	0.00772	0.00603	0.00436	0.00984
21	0.00818	0.00588	0.00797	0.00933	0.00980	0.00567	0.00635	0.00946	0.01238	0.01663	0.03419	0.68158	0.04051	0.02385	0.09068	0.00356	0.00537	0.01741	0.00582	0.00541
22	0.01346	0.16159	0.54125	0.01628	0.02457	0.01625	0.02017	0.01955	0.01391	0.01961	0.01662	0.01806	0.07718	0.00715	0.00604	0.00198	0.00864	0.00549	0.00311	0.00910
23	0.06127	0.10105	0.15987	0.04592	0.04416	0.10075	0.01354	0.12499	0.01770	0.13775	0.02030	0.04803	0.08030	0.00834	0.00624	0.00197	0.00746	0.00649	0.00484	0.00902
24	0.01420	0.02773	0.48110	0.02466	0.17601	0.01557	0.12597	0.02075	0.01438	0.02102	0.01216	0.01498	0.00903	0.00607	0.00654	0.00208	0.00954	0.00551	0.00296	0.00975
25	0.01280	0.01208	0.02042	0.68440	0.11086	0.01472	0.01847	0.01715	0.01334	0.01727	0.01177	0.01743	0.00893	0.00651	0.00658	0.00217	0.00868	0.00585	0.00296	0.00761
26	0.01905	0.01541	0.02167	0.13733	0.31898	0.04294	0.01623	0.18434	0.01904	0.09351	0.01562	0.02014	0.01244	0.00743	0.00668	0.00206	0.00767	0.04500	0.00464	0.00986
27	0.12399	0.01327	0.04344	0.07041	0.10220	0.01366	0.02999	0.04160	0.12493	0.15286	0.07140	0.07191	0.01837	0.00907	0.00800	0.00221	0.08127	0.00729	0.00531	0.00886
28	0.00950	0.00674	0.00812	0.00847	0.00946	0.00683	0.00606	0.01113	0.01277	0.01803	0.03526	0.29794	0.17804	0.09027	0.05755	0.00322	0.05547	0.01265	0.16693	0.00558
29	0.00976	0.00733	0.00922	0.01000	0.01110	0.00750	0.00730	0.01349	0.10400	0.01815	0.03293	0.39517	0.06543	0.09159	0.08112	0.00376	0.00588	0.11448	0.00573	0.00605
30	0.01890	0.21335	0.26268	0.01505	0.02160	0.07041	0.01579	0.14896	0.04073	0.09079	0.01424	0.01610	0.01087	0.00704	0.00591	0.00189	0.00810	0.02374	0.00427	0.00959
31	0.01768	0.04364	0.16816	0.02033	0.17374	0.01465	0.04596	0.07046	0.14645	0.13389	0.08158	0.02109	0.01733	0.00767	0.00661	0.00205	0.00704	0.00662	0.00513	0.00994
32	0.00831	0.00650	0.00761	0.00829	0.00980	0.00580	0.00619	0.01005	0.01438	0.01803	0.07480	0.28794	0.38833	0.01804	0.00816	0.00248	0.00387	0.10971	0.00614	0.00558
33	0.01636	0.39416	0.27680	0.01581	0.02281	0.07087	0.08094	0.02069	0.01413	0.01792	0.01054	0.01249	0.00856	0.00592	0.00538	0.00174	0.00869	0.00444	0.00289	0.00888
34	0.02067	0.02084	0.10715	0.01839	0.09658	0.18169	0.04485	0.19020	0.04645	0.10192	0.03048	0.03496	0.01439	0.00823	0.00668	0.00204	0.00836	0.05167	0.00503	0.00943
35	0.01487	0.01415	0.02337	0.11439	0.49272	0.01521	0.01796	0.01826	0.01392	0.01981	0.01394	0.08282	0.01296	0.00801	0.00870	0.00217	0.10712	0.00699	0.00343	0.00920
36	0.01674	0.01758	0.03203	0.02374	0.02930	0.05835	0.48787	0.10456	0.01735	0.02296	0.01516	0.02207	0.01248	0.00729	0.00822	0.00226	0.04190	0.06743	0.00396	0.00877
37	0.01542	0.01476	0.02476	0.19279	0.48033	0.01554	0.05352	0.02083	0.07704	0.02100	0.01357	0.01738	0.01091	0.00628	0.00661	0.00205	0.00796	0.00610	0.00350	0.00967
38	0.01397	0.12985	0.53237	0.01754	0.02524	0.01747	0.02107	0.01994	0.01325	0.01937	0.01098	0.01353	0.00840	0.00697	0.00831	0.00212	0.12283	0.00482	0.00280	0.00917
39	0.27837	0.01412	0.07886	0.01788	0.19149	0.01292	0.01222	0.01980	0.04378	0.08801	0.02190	0.02535	0.10751	0.00859	0.00605	0.00212	0.00606	0.05192	0.00464	0.00841

[dist]
# distance from previous block
# <min> <max>
0	3

[block]
# block no. 3 follows, 33 sequences, length 60
# corresponding to MSA columns:
# 172-231
name=unknown_D
#
# <colnr> <probs for GDERKNQSTAVLIFYWHMCP>
#	G	D	E	R	K	N	Q	S	T	A	V	L	I	F	Y	W	H	M	C	P
0	0.01760	0.01813	0.02326	0.15475	0.42037	0.15900	0.01776	0.04683	0.04129	0.02061	0.01248	0.01592	0.01014	0.00635	0.00642	0.00196	0.00867	0.00560	0.00348	0.00938
1	0.01807	0.01467	0.02574	0.02472	0.21432	0.03605	0.25317	0.02208	0.01662	0.17033	0.11661	0.02261	0.01878	0.00734	0.00713	0.00207	0.00795	0.00749	0.00488	0.00937
2	0.02251	0.02102	0.01863	0.10395	0.02275	0.30480	0.03414	0.17314	0.05414	0.12076	0.01501	0.01632	0.01117	0.00927	0.04120	0.00233	0.00956	0.00553	0.00485	0.00895
3	0.01459	0.00994	0.07119	0.01091	0.01363	0.00780	0.00919	0.01720	0.01545	0.20470	0.13099	0.29639	0.03461	0.01583	0.03288	0.00268	0.00542	0.09271	0.00643	0.00747
4	0.01743	0.01780	0.02599	0.01984	0.02482	0.11546	0.32160	0.12575	0.11024	0.02462	0.07717	0.02236	0.04989	0.00771	0.00720	0.00210	0.00881	0.00760	0.00473	0.00888
5	0.01976	0.33752	0.16254	0.01466	0.02032	0.25461	0.01419	0.03826	0.01585	0.05162	0.01095	0.01231	0.00888	0.00630	0.00534	0.00167	0.00905	0.00421	0.00334	0.00862
6	0.01187	0.00907	0.01358	0.01284	0.01500	0.00886	0.09185	0.07120	0.01566	0.04271	0.03253	0.32386	0.06798	0.01635	0.00832	0.00264	0.00576	0.23738	0.00586	0.00669
7	0.01596	0.01457	0.02339	0.29242	0.39853	0.01585	0.01859	0.10119	0.01625	0.02223	0.01255	0.01669	0.00993	0.00637	0.00655	0.00204	0.00809	0.00587	0.00354	0.00940
8	0.01715	0.01431	0.02401	0.18527	0.30545	0.01481	0.11123	0.05393	0.04999	0.10683	0.01569	0.02003	0.01224	0.00695	0.00682	0.00211	0.00799	0.03146	0.00421	0.00951
9	0.12827	0.01496	0.02159	0.10942	0.17608	0.01589	0.11182	0.14191	0.09806	0.09437	0.01555	0.01734	0.01152	0.00687	0.00641	0.00208	0.00741	0.00608	0.00478	0.00959
10	0.01206	0.00911	0.01035	0.00937	0.01179	0.00896	0.00718	0.16073	0.01938	0.02572	0.27626	0.13720	0.25810	0.01418	0.00760	0.00217	0.00416	0.01211	0.00660	0.00697
11	0.65173	0.01252	0.01100	0.07118	0.01581	0.01404	0.00815	0.01881	0.01166	0.02750	0.00968	0.01162	0.00758	0.00600	0.00438	0.00192	0.00538	0.00380	0.00396	0.10329
12	0.01167	0.00763	0.01040	0.09801	0.01404	0.00822	0.00756	0.01330	0.01130	0.07492	0.01915	0.03193	0.01876	0.34876	0.25170	0.00662	0.01002	0.00792	0.04242	0.00569
13	0.01776	0.01655	0.07764	0.08652	0.29818	0.01604	0.01635	0.21650	0.01944	0.04233	0.06645	0.03473	0.01493	0.00771	0.00729	0.00206	0.03860	0.00654	0.00460	0.00979
14	0.11853	0.01958	0.01783	0.01508	0.03942	0.16059	0.01176	0.40925	0.06553	0.03315	0.01463	0.01522	0.01085	0.00746	0.00610	0.00193	0.00766	0.00541	0.03024	0.00978
15	0.01335	0.02453	0.39792	0.01585	0.02239	0.07410	0.05003	0.02006	0.08328	0.02059	0.04465	0.07039	0.11652	0.00915	0.00675	0.00213	0.00804	0.00759	0.00407	0.00860
16	0.01689	0.02592	0.42468	0.01892	0.02665	0.01541	0.13445	0.07960	0.01610	0.12010	0.01419	0.01590	0.00996	0.00679	0.00733	0.00213	0.04553	0.00572	0.00393	0.00979
17	0.01458	0.26505	0.51558	0.01642	0.02487	0.01865	0.02024	0.02049	0.01374	0.01917	0.01098	0.01285	0.00837	0.00606	0.00562	0.00187	0.00889	0.00444	0.00279	0.00933
18	0.00783	0.00663	0.00677	0.00683	0.00895	0.00556	0.00509	0.00951	0.01498	0.01796	0.08228	0.09655	0.67509	0.01678	0.00781	0.00224	0.00335	0.01407	0.00614	0.00556
19	0.01649	0.45004	0.28895	0.01441	0.02138	0.07324	0.01614	0.02060	0.01394	0.01749	0.01020	0.01187	0.00841	0.00594	0.00509	0.00168	0.00837	0.00406	0.00284	0.00886
20	0.01741	0.01335	0.04269	0.20298	0.15095	0.01377	0.07473	0.02081	0.01462	0.18973	0.01705	0.08059	0.01386	0.00857	0.00883	0.00224	0.10722	0.00724	0.00453	0.00883
21	0.01392	0.01535	0.08411	0.18716	0.29626	0.01416	0.14191	0.01816	0.01427	0.01971	0.01564	0.11940	0.01436	0.00802	0.00700	0.00216	0.00823	0.00789	0.00355	0.00871
22	0.00812	0.00674	0.00714	0.00720	0.00932	0.00576	0.00551	0.01001	0.01533	0.01867	0.12149	0.06291	0.61789	0.01650	0.00787	0.00227	0.00351	0.06190	0.00621	0.00565
23	0.02123	0.01528	0.03641	0.08521	0.18982	0.06132	0.07819	0.04620	0.10093	0.26881	0.01880	0.01930	0.01329	0.00719	0.00666	0.00205	0.00741	0.00637	0.00544	0.01011
24	0.01648	0.04127	0.18751	0.01905	0.08185	0.01305	0.19157	0.02074	0.01498	0.15485	0.05095	0.04973	0.01624	0.10020	0.01015	0.00262	0.00811	0.00741	0.00447	0.00878
25	0.00797	0.00613	0.00729	0.00816	0.00930	0.00546	0.00568	0.00938	0.01374	0.01749	0.06951	0.46610	0.31253	0.01885	0.00814	0.00248	0.00361	0.01661	0.00615	0.00546
26	0.01348	0.03210	0.65110	0.01984	0.02920	0.01545	0.10579	0.02088	0.01410	0.02088	0.01199	0.01436	0.00854	0.00617	0.00644	0.00210	0.00989	0.00521	0.00285	0.00963
27	0.12241	0.01684	0.06418	0.10502	0.08009	0.11876	0.01360	0.07577	0.01460	0.02109	0.03733	0.01680	0.01165	0.01303	0.09783	0.00321	0.17068	0.00560	0.00369	0.00784
28	0.01564	0.01586	0.08038	0.12078	0.12445	0.03703	0.10850	0.13164	0.10105	0.02386	0.01871	0.14033	0.01677	0.00915	0.00696	0.00217	0.00752	0.00831	0.02207	0.00884
29	0.00971	0.00697	0.00973	0.01107	0.01221	0.00700	0.00900	0.01210	0.01386	0.01832	0.03321	0.27074	0.03697	0.02264	0.09685	0.00383	0.00679	0.40737	0.00577	0.00583
30	0.01165	0.10285	0.11271	0.01247	0.01561	0.01069	0.01204	0.01521	0.01519	0.02016	0.11141	0.05531	0.03321	0.01447	0.00796	0.00259	0.00633	0.42789	0.00536	0.00687
31	0.01527	0.01590	0.10050	0.01348	0.01779	0.01534	0.01163	0.03115	0.57278	0.02592	0.02834	0.02654	0.07777	0.00926	0.00674	0.00221	0.00559	0.00767	0.00618	0.00993
32	0.02280	0.01733	0.01850	0.01470	0.01957	0.01938	0.01197	0.53306	0.20714	0.03790	0.01863	0.01806	0.01349	0.00817	0.00661	0.00204	0.00672	0.00632	0.00661	0.01100
33	0.02011	0.01758	0.01689	0.01438	0.01856	0.10470	0.01136	0.24747	0.41407	0.03061	0.02130	0.02025	0.01587	0.00835	0.00657	0.00209	0.00666	0.00658	0.00627	0.01033
34	0.00855	0.00630	0.00813	0.00939	0.01034	0.00588	0.00691	0.01020	0.01358	0.01762	0.04124	0.49022	0.16035	0.01940	0.00845	0.00267	0.00423	0.16489	0.00610	0.00554
35	0.02234	0.01711	0.01824	0.01460	0.01939	0.01916	0.01186	0.49737	0.24358	0.03716	0.01922	0.01852	0.01396	0.00822	0.00662	0.00206	0.00661	0.00640	0.00662	0.01095
36	0.01057	0.00652	0.00842	0.00912	0.01033	0.00590	0.00638	0.01195	0.01369	0.10273	0.03937	0.57577	0.13709	0.01857	0.00810	0.00253	0.00396	0.01658	0.00636	0.00608
37	0.01547	0.01461	0.02479	0.03683	0.64173	0.01475	0.01877	0.01919	0.01446	0.02076	0.01301	0.01744	0.01115	0.01108	0.09478	0.00299	0.00900	0.00601	0.00329	0.00988
38	0.01421	0.16858	0.54740	0.01814	0.02686	0.01738	0.07887	0.02066	0.01394	0.01988	0.01145	0.01361	0.00850	0.00608	0.00601	0.00197	0.00935	0.00486	0.00283	0.00942
39	0.01320	0.03405	0.73453	0.01876	0.02849	0.01529	0.02432	0.02085	0.01390	0.02085	0.01181	0.01390	0.00834	0.00625	0.00625	0.00208	0.00973	0.00486	0.00278	0.00973
40	0.01629	0.01564	0.02672	0.04041	0.72757	0.01564	0.02020	0.02020	0.01499	0.02151	0.01238	0.01629	0.01043	0.00587	0.00652	0.00196	0.00782	0.00587	0.00326	0.01043
41	0.01788	0.01508	0.02400	0.04281	0.26104	0.04060	0.16250	0.11086	0.01770	0.10406	0.05210	0.08781	0.01662	0.00812	0.00702	0.00209	0.00776	0.00780	0.00473	0.00943
42	0.00874	0.00629	0.00844	0.00991	0.01068	0.00598	0.00734	0.01044	0.01341	0.01766	0.03697	0.54423	0.06639	0.01979	0.00858	0.00276	0.00444	0.20629	0.00610	0.00556
43	0.00918	0.00673	0.00883	0.00990	0.01114	0.00638	0.00777	0.01140	0.01469	0.01926	0.12251	0.30140	0.14031	0.01822	0.00852	0.00268	0.00457	0.28452	0.00623	0.00577
44	0.02162	0.09374	0.10691	0.01898	0.10638	0.11937	0.08743	0.13401	0.03617	0.18769	0.01583	0.01652	0.01139	0.00692	0.00635	0.00194	0.00822	0.00571	0.00493	0.00989
45	0.01493	0.02108	0.20184	0.02680	0.12369	0.01593	0.43483	0.02070	0.01515	0.02122	0.03053	0.01743	0.01095	0.00596	0.00724	0.00215	0.01014	0.00693	0.00329	0.00922
46	0.00785	0.00641	0.00693	0.00734	0.00907	0.00550	0.00530	0.00937	0.01436	0.01752	0.05847	0.25299	0.54058	0.01774	0.00795	0.00234	0.00347	0.01520	0.00611	0.00550
47	0.01899	0.01765	0.08831	0.02552	0.17873	0.01560	0.29986	0.10496	0.01769	0.14292	0.01541	0.01766	0.01115	0.00640	0.00704	0.00209	0.00889	0.00670	0.00447	0.00995
48	0.01627	0.01495	0.02876	0.19649	0.03285	0.01505	0.38395	0.02223	0.07413	0.10116	0.03612	0.01972	0.01277	0.00660	0.00727	0.00219	0.00920	0.00728	0.00417	0.00882
49	0.00802	0.00573	0.00764	0.00917	0.00955	0.00535	0.00611	0.00917	0.01260	0.01681	0.03628	0.76434	0.04354	0.02062	0.00840	0.00267	0.00382	0.01872	0.00611	0.00535
50	0.01593	0.01644	0.02343	0.31463	0.32752	0.11853	0.05111	0.01979	0.01482	0.01889	0.01185	0.01623	0.00949	0.00626	0.00652	0.00202	0.00893	0.00572	0.00315	0.00874
51	0.08665	0.01958	0.02494	0.02218	0.12384	0.17204	0.20914	0.13682	0.01808	0.05026	0.01272	0.01530	0.00983	0.00683	0.00764	0.00205	0.06307	0.00590	0.00409	0.00904
52	0.02276	0.01889	0.01742	0.01467	0.01876	0.19048	0.01177	0.27408	0.12287	0.12565	0.01881	0.02189	0.01468	0.00879	0.00713	0.00207	0.03110	0.06262	0.00589	0.00968
53	0.01510	0.01442	0.02457	0.26044	0.51686	0.01533	0.01961	0.01916	0.01443	0.02006	0.01217	0.01668	0.00992	0.00609	0.00654	0.00203	0.00812	0.00586	0.00316	0.00947
54	0.01662	0.01253	0.01444	0.01103	0.01624	0.01109	0.00881	0.09808	0.11251	0.09259	0.01652	0.04412	0.01322	0.00667	0.00562	0.00143	0.00522	0.00543	0.00508	0.50274
55	0.01344	0.01069	0.01385	0.07651	0.10133	0.01122	0.01032	0.15580	0.06309	0.02352	0.05068	0.32544	0.08968	0.01373	0.00746	0.00232	0.00544	0.01209	0.00567	0.00770
56	0.01109	0.00674	0.00881	0.00899	0.01027	0.00620	0.00635	0.01286	0.01482	0.10491	0.22426	0.39718	0.06136	0.08207	0.01018	0.00274	0.00405	0.01447	0.00648	0.00618
57	0.19038	0.01999	0.24298	0.01383	0.01942	0.01507	0.01395	0.18159	0.07591	0.02750	0.01658	0.10524	0.01433	0.02679	0.00680	0.00223	0.00696	0.00682	0.00472	0.00890
58	0.01594	0.01640	0.10652	0.18736	0.25979	0.01517	0.01749	0.14884	0.01751	0.02394	0.01590	0.02416	0.01373	0.00815	0.00687	0.00218	0.00791	0.09882	0.00414	0.00920
59	0.01012	0.01019	0.09572	0.00980	0.01194	0.00786	0.00811	0.01221	0.01155	0.01643	0.02246	0.14950	0.04806	0.26565	0.18158	0.00538	0.00851	0.00944	0.04251	0.07296

[dist]
# distance from previous block
# <min> <max>
6	11

[block]
# block no. 4 follows, 33 sequences, length 39
# corresponding to MSA columns:
# 244-282
name=unknown_E
#
# <colnr> <probs for GDERKNQSTAVLIFYWHMCP>
#	G	D	E	R	K	N	Q	S	T	A	V	L	I	F	Y	W	H	M	C	P
0	0.02052	0.16083	0.06093	0.01702	0.11232	0.05500	0.01303	0.26082	0.04360	0.09794	0.07986	0.01856	0.01573	0.00762	0.00619	0.00188	0.00705	0.00598	0.00528	0.00983
1	0.01500	0.12071	0.01518	0.01094	0.01364	0.09241	0.00842	0.07003	0.07579	0.04652	0.01947	0.08732	0.03123	0.20178	0.11028	0.00412	0.00814	0.00770	0.00451	0.05679
2	0.16033	0.12393	0.34647	0.01439	0.02082	0.08199	0.01596	0.01967	0.01420	0.02169	0.08198	0.04321	0.01472	0.00742	0.00579	0.00197	0.00786	0.00559	0.00364	0.00839
3	0.05705	0.39435	0.26365	0.01401	0.02067	0.04450	0.01537	0.02169	0.07798	0.01911	0.01169	0.01300	0.00941	0.00620	0.00517	0.00175	0.00783	0.00435	0.00324	0.00896
4	0.14831	0.08947	0.08857	0.01389	0.01836	0.19866	0.01219	0.11000	0.10576	0.04724	0.01613	0.02107	0.01354	0.00823	0.00606	0.00202	0.00785	0.07943	0.00466	0.00858
5	0.13261	0.01484	0.01767	0.01423	0.01858	0.01612	0.08634	0.29666	0.14820	0.03177	0.07165	0.04313	0.04318	0.00893	0.00663	0.00212	0.00642	0.02568	0.00589	0.00935
6	0.00829	0.00669	0.00738	0.00721	0.00921	0.00578	0.00540	0.01044	0.01621	0.02065	0.28551	0.05864	0.50429	0.01560	0.00778	0.00217	0.00326	0.01323	0.00649	0.00578
7	0.01527	0.01014	0.01159	0.01055	0.01321	0.04630	0.00826	0.04396	0.09406	0.16009	0.22814	0.07132	0.10679	0.03271	0.04874	0.00277	0.00565	0.07619	0.00657	0.00770
8	0.05200	0.05591	0.01856	0.01310	0.01851	0.03523	0.08552	0.15951	0.04495	0.02574	0.01337	0.01501	0.01051	0.00598	0.00557	0.00148	0.00633	0.00493	0.03330	0.39449
9	0.00911	0.00695	0.00928	0.01005	0.01080	0.00712	0.00742	0.01082	0.01364	0.01844	0.12776	0.47303	0.07696	0.01830	0.00959	0.00264	0.07299	0.10342	0.00596	0.00574
10	0.01459	0.01390	0.02365	0.35456	0.42673	0.01519	0.01936	0.01871	0.01418	0.01944	0.01208	0.01685	0.00970	0.00618	0.00655	0.00206	0.00824	0.00586	0.00311	0.00905
11	0.02324	0.08496	0.01899	0.01373	0.01855	0.04513	0.02544	0.24626	0.19543	0.22788	0.02051	0.01924	0.01446	0.00793	0.00641	0.00200	0.00652	0.00625	0.00651	0.01057
12	0.01716	0.01634	0.02234	0.13649	0.21512	0.11260	0.10562	0.09552	0.03082	0.04125	0.01662	0.02536	0.01455	0.00832	0.00703	0.00217	0.00850	0.11117	0.00423	0.00880
13	0.00830	0.00609	0.00785	0.00908	0.00988	0.00564	0.00641	0.00979	0.01345	0.01764	0.06977	0.56870	0.13743	0.01953	0.00836	0.00262	0.00395	0.08390	0.00616	0.00548
14	0.05878	0.49047	0.12585	0.01272	0.01863	0.02257	0.01288	0.08698	0.07939	0.02054	0.01177	0.01281	0.00970	0.00626	0.00495	0.00166	0.00716	0.00430	0.00359	0.00900
15	0.06055	0.06988	0.24111	0.01842	0.09984	0.05741	0.01654	0.27542	0.02065	0.05888	0.01357	0.01475	0.00992	0.00689	0.00617	0.00196	0.00813	0.00526	0.00458	0.01009
16	0.00993	0.00686	0.00817	0.00834	0.01006	0.00615	0.00606	0.01210	0.03187	0.07260	0.14739	0.30777	0.31481	0.01679	0.00789	0.00235	0.00369	0.01463	0.00644	0.00612
17	0.01183	0.01341	0.09635	0.56213	0.03812	0.01336	0.01699	0.01618	0.01352	0.01740	0.01982	0.02390	0.11433	0.00803	0.00672	0.00219	0.00808	0.00693	0.00338	0.00732
18	0.03919	0.10533	0.34221	0.01575	0.02250	0.11121	0.01692	0.02511	0.13762	0.09922	0.01542	0.01599	0.01127	0.00693	0.00606	0.00198	0.00836	0.00525	0.00417	0.00953
19	0.01474	0.08377	0.37655	0.02510	0.19617	0.01647	0.15335	0.02065	0.01444	0.02064	0.01203	0.01496	0.00917	0.00598	0.00645	0.00203	0.00933	0.00556	0.00300	0.00963
20	0.00850	0.00638	0.00800	0.00910	0.01023	0.00588	0.00675	0.01019	0.01380	0.01769	0.04435	0.42590	0.22981	0.01902	0.00838	0.00263	0.00416	0.15758	0.00610	0.00556
21	0.02085	0.01973	0.01536	0.01387	0.01698	0.33472	0.01049	0.10382	0.04593	0.12422	0.02041	0.20476	0.01927	0.01070	0.00677	0.00205	0.00811	0.00858	0.00528	0.00811
22	0.08733	0.02067	0.27926	0.02052	0.17914	0.03048	0.01708	0.02062	0.09133	0.02229	0.04250	0.06334	0.01667	0.00864	0.00660	0.00218	0.00752	0.07076	0.00411	0.00896
23	0.00837	0.00597	0.00791	0.00901	0.00953	0.00572	0.00609	0.00968	0.01276	0.01723	0.09669	0.58551	0.04167	0.08591	0.06182	0.00349	0.00494	0.01649	0.00585	0.00535
24	0.01243	0.01170	0.01975	0.75282	0.04534	0.01463	0.01828	0.01682	0.01316	0.01682	0.01170	0.01755	0.00878	0.00658	0.00658	0.00219	0.00878	0.00585	0.00293	0.00731
25	0.02004	0.01805	0.08657	0.06295	0.31348	0.11034	0.01627	0.02482	0.06913	0.18878	0.01630	0.01762	0.01201	0.00683	0.00646	0.00199	0.00786	0.00586	0.00463	0.01002
26	0.01563	0.01549	0.12740	0.01868	0.10853	0.01229	0.14185	0.02124	0.09234	0.13148	0.02659	0.08731	0.10995	0.00992	0.00722	0.00223	0.00707	0.05084	0.00511	0.00884
27	0.01501	0.01433	0.02440	0.27730	0.50071	0.01530	0.01957	0.01908	0.01438	0.01995	0.01216	0.01671	0.00988	0.00610	0.00654	0.00203	0.00814	0.00586	0.00315	0.00939
28	0.01568	0.01319	0.02105	0.37401	0.25953	0.01469	0.01725	0.02131	0.09146	0.08507	0.01489	0.01836	0.01124	0.00675	0.00658	0.00211	0.00779	0.00610	0.00393	0.00902
29	0.01663	0.05977	0.44630	0.01941	0.10197	0.08715	0.01978	0.02223	0.01509	0.10454	0.01508	0.01645	0.03303	0.00680	0.00626	0.00200	0.00892	0.00536	0.00364	0.00958
30	0.01413	0.02793	0.56159	0.01657	0.02467	0.01344	0.02031	0.02064	0.01505	0.08686	0.11815	0.01988	0.01700	0.00749	0.00651	0.00208	0.00837	0.00606	0.00393	0.00935
31	0.01898	0.01421	0.01838	0.11221	0.02204	0.05151	0.08009	0.24482	0.01953	0.11843	0.01677	0.02082	0.01322	0.07391	0.14108	0.00391	0.00965	0.00659	0.00507	0.00876
32	0.01930	0.11924	0.11113	0.06485	0.02640	0.19285	0.22551	0.05790	0.01677	0.08508	0.01303	0.01526	0.00979	0.00636	0.00645	0.00194	0.00976	0.00571	0.00380	0.00886
33	0.01570	0.01536	0.02714	0.13234	0.56204	0.01562	0.09505	0.01986	0.01481	0.02085	0.01240	0.01662	0.01016	0.00592	0.00666	0.00202	0.00831	0.00607	0.00322	0.00985
34	0.00858	0.00620	0.00856	0.00978	0.01044	0.00617	0.00703	0.01018	0.01248	0.01682	0.03236	0.53945	0.03745	0.02616	0.15667	0.00431	0.00685	0.08938	0.00558	0.00553
35	0.01573	0.01457	0.01999	0.10983	0.20646	0.08021	0.08875	0.10721	0.01571	0.02053	0.01503	0.02377	0.01395	0.22374	0.01431	0.00325	0.00818	0.00699	0.00388	0.00789
36	0.01769	0.01837	0.18324	0.01341	0.01855	0.08369	0.01274	0.08595	0.05653	0.15408	0.11101	0.08941	0.02117	0.00907	0.00659	0.00197	0.00675	0.00746	0.00542	0.09692
37	0.00851	0.00639	0.00897	0.09088	0.01348	0.00637	0.00745	0.01001	0.01267	0.01681	0.03358	0.68229	0.03972	0.01908	0.00820	0.00262	0.00436	0.01730	0.00576	0.00556
38	0.01671	0.01692	0.01727	0.01484	0.01806	0.20602	0.10152	0.09611	0.12120	0.02293	0.12612	0.16673	0.02557	0.01075	0.00712	0.00212	0.00740	0.00933	0.00533	0.00794

[dist]
# distance from previous block
# <min> <max>
0	1

[block]
# block no. 5 follows, 33 sequences, length 83
# corresponding to MSA columns:
# 284-366
name=unknown_F
#
# <colnr> <probs for GDERKNQSTAVLIFYWHMCP>
#	G	D	E	R	K	N	Q	S	T	A	V	L	I	F	Y	W	H	M	C	P
0	0.02139	0.12008	0.07715	0.04964	0.07024	0.07792	0.08569	0.30257	0.02184	0.08914	0.01437	0.01552	0.01055	0.00697	0.00631	0.00192	0.00815	0.00563	0.00495	0.00997
1	0.01373	0.10221	0.02095	0.41465	0.12838	0.05285	0.01586	0.01732	0.01332	0.01703	0.01234	0.01756	0.01014	0.01305	0.12088	0.00335	0.00998	0.00568	0.00308	0.00766
2	0.01512	0.01798	0.09126	0.11484	0.16556	0.01611	0.43875	0.02040	0.01502	0.02064	0.01283	0.01714	0.00979	0.00579	0.00727	0.00216	0.01010	0.00695	0.00322	0.00906
3	0.01498	0.01977	0.20870	0.12825	0.39617	0.01547	0.02022	0.02113	0.07182	0.02120	0.01332	0.01652	0.01045	0.00631	0.00647	0.00204	0.00823	0.00573	0.00337	0.00983
4	0.02108	0.07581	0.02110	0.05248	0.09675	0.01528	0.07171	0.09225	0.07992	0.26411	0.04006	0.01958	0.01448	0.00801	0.00831	0.00211	0.09514	0.00641	0.00559	0.00981
5	0.01390	0.01309	0.01422	0.01338	0.01573	0.12412	0.06615	0.01962	0.16487	0.01967	0.02608	0.15344	0.02645	0.10221	0.01075	0.00292	0.00688	0.19407	0.00532	0.00712
6	0.02043	0.31548	0.13778	0.01460	0.02067	0.06316	0.06985	0.08811	0.01680	0.17294	0.01421	0.01479	0.01050	0.00655	0.00567	0.00179	0.00780	0.00501	0.00439	0.00949
7	0.11149	0.01408	0.01681	0.01696	0.16382	0.04372	0.01110	0.08345	0.01589	0.08223	0.01303	0.01469	0.01020	0.00586	0.00547	0.00151	0.00609	0.00469	0.00436	0.37455
8	0.18145	0.00770	0.00827	0.00887	0.01054	0.00777	0.00661	0.01204	0.01296	0.01991	0.03542	0.33409	0.16738	0.05520	0.00875	0.00269	0.00444	0.10455	0.00556	0.00580
9	0.01573	0.01607	0.02113	0.37865	0.22975	0.12836	0.01731	0.02073	0.07204	0.01890	0.01289	0.01689	0.01012	0.00661	0.00647	0.00205	0.00870	0.00573	0.00340	0.00849
10	0.01613	0.08863	0.43376	0.01721	0.02436	0.01788	0.01949	0.15908	0.01679	0.02391	0.01197	0.01408	0.00897	0.00726	0.00827	0.00212	0.11183	0.00509	0.00357	0.00957
11	0.00871	0.00643	0.00878	0.00997	0.01054	0.00650	0.00716	0.01019	0.01259	0.01694	0.03320	0.58713	0.03889	0.02264	0.07735	0.00346	0.03784	0.09040	0.00573	0.00556
12	0.01174	0.01106	0.01120	0.09746	0.01534	0.12214	0.00841	0.01349	0.01291	0.01564	0.02711	0.09675	0.14916	0.18576	0.18799	0.00507	0.00942	0.00929	0.00424	0.00580
13	0.01626	0.29625	0.30414	0.01495	0.02159	0.10404	0.01628	0.02207	0.07974	0.01920	0.03957	0.01482	0.01157	0.00662	0.00559	0.00181	0.00834	0.00482	0.00340	0.00895
14	0.01373	0.02445	0.41464	0.01988	0.06248	0.01379	0.15631	0.01953	0.01429	0.05100	0.01657	0.13203	0.01460	0.00841	0.00692	0.00219	0.00881	0.00773	0.00366	0.00898
15	0.01307	0.01235	0.02090	0.63468	0.15847	0.01479	0.01860	0.01738	0.01347	0.01760	0.01181	0.01734	0.00905	0.00646	0.00657	0.00215	0.00862	0.00585	0.00298	0.00783
16	0.02093	0.29070	0.06931	0.01661	0.10244	0.07917	0.01330	0.17681	0.03563	0.11515	0.01387	0.01460	0.01059	0.00671	0.00566	0.00177	0.00751	0.00498	0.00454	0.00972
17	0.01944	0.01431	0.01946	0.23749	0.04185	0.05906	0.07648	0.12306	0.07539	0.18521	0.03675	0.02194	0.01458	0.00792	0.00681	0.00213	0.00765	0.03603	0.00528	0.00916
18	0.00860	0.00638	0.00840	0.00945	0.01043	0.00618	0.00697	0.01031	0.01307	0.01718	0.03805	0.42862	0.14814	0.02408	0.12274	0.00389	0.00624	0.11998	0.00570	0.00558
19	0.01977	0.01638	0.02139	0.01843	0.07896	0.03418	0.12037	0.35874	0.10261	0.03130	0.01817	0.05513	0.01485	0.01013	0.03539	0.00245	0.00796	0.03835	0.00558	0.00988
20	0.01916	0.01889	0.08363	0.02435	0.25221	0.09373	0.07204	0.14844	0.10937	0.07204	0.01606	0.03274	0.01248	0.00720	0.00662	0.00202	0.00801	0.00630	0.00467	0.01003
21	0.01501	0.08697	0.26929	0.02731	0.28240	0.01632	0.14431	0.02031	0.01469	0.02084	0.03317	0.01623	0.01100	0.00615	0.00650	0.00200	0.00886	0.00585	0.00319	0.00962
22	0.01061	0.00719	0.00909	0.00959	0.01141	0.00663	0.00769	0.01288	0.01525	0.07245	0.10055	0.17789	0.25386	0.01698	0.00828	0.00257	0.00457	0.25999	0.00634	0.00618
23	0.04279	0.02383	0.13508	0.02412	0.20117	0.24122	0.11028	0.08860	0.03166	0.02196	0.01226	0.01470	0.00961	0.00643	0.00640	0.00194	0.00963	0.00543	0.00365	0.00922
24	0.01475	0.02746	0.48282	0.01900	0.06868	0.01623	0.02053	0.06986	0.10907	0.02279	0.01387	0.01566	0.01027	0.00716	0.00768	0.00216	0.07324	0.00542	0.00361	0.00975
25	0.01480	0.01397	0.05181	0.11417	0.02306	0.01585	0.12153	0.01768	0.01230	0.07829	0.01292	0.01846	0.01102	0.04309	0.10041	0.00362	0.32943	0.00642	0.00352	0.00765
26	0.01389	0.01141	0.01325	0.01375	0.07405	0.07439	0.00957	0.01605	0.03454	0.07533	0.02573	0.07448	0.10429	0.19564	0.03429	0.00357	0.12388	0.09043	0.00473	0.00670
27	0.01700	0.01244	0.01359	0.03395	0.01602	0.10924	0.03915	0.02074	0.07350	0.19099	0.06490	0.09832	0.15859	0.01226	0.00737	0.00226	0.00613	0.10957	0.00611	0.00788
28	0.02020	0.09230	0.13382	0.02326	0.24194	0.18543	0.01635	0.08192	0.01736	0.10657	0.01340	0.01505	0.01023	0.00657	0.00615	0.00188	0.00867	0.00521	0.00405	0.00964
29	0.01269	0.01161	0.01922	0.32733	0.27172	0.01273	0.01600	0.01613	0.01366	0.01843	0.01789	0.19792	0.01776	0.00973	0.00700	0.00223	0.00725	0.00897	0.00381	0.00791
30	0.01447	0.07428	0.02094	0.47298	0.07179	0.01505	0.04561	0.03782	0.03264	0.06318	0.01352	0.01808	0.01039	0.01029	0.06960	0.00282	0.00911	0.00594	0.00354	0.00795
31	0.01771	0.02446	0.27419	0.07284	0.12749	0.13352	0.09575	0.06482	0.03359	0.07354	0.01344	0.01560	0.00993	0.00653	0.00649	0.00202	0.00932	0.00556	0.00374	0.00944
32	0.00988	0.00656	0.00808	0.00856	0.00999	0.00584	0.00608	0.01145	0.01429	0.07916	0.09261	0.43652	0.25082	0.01785	0.00802	0.00244	0.00377	0.01573	0.00637	0.00597
33	0.01214	0.01390	0.10689	0.13026	0.02321	0.01184	0.14399	0.01772	0.09637	0.01982	0.05062	0.05216	0.14566	0.07245	0.00952	0.00262	0.00719	0.07156	0.00460	0.00749
34	0.01598	0.18324	0.19785	0.01861	0.15228	0.01604	0.01541	0.01988	0.01482	0.09841	0.09818	0.02064	0.04363	0.00793	0.00739	0.00198	0.06844	0.00620	0.00413	0.00896
35	0.01433	0.08936	0.46876	0.01958	0.02781	0.01655	0.16532	0.02202	0.07443	0.02103	0.01320	0.01535	0.00971	0.00628	0.00645	0.00207	0.00941	0.00559	0.00324	0.00950
36	0.00932	0.00668	0.00979	0.01018	0.01099	0.00673	0.03362	0.01050	0.01172	0.01588	0.02689	0.37229	0.03034	0.09095	0.18189	0.09466	0.00788	0.05955	0.00486	0.00526
37	0.01621	0.17944	0.23063	0.01809	0.11415	0.09936	0.01589	0.03779	0.11796	0.02120	0.07456	0.01792	0.01505	0.00718	0.00603	0.00190	0.00787	0.00565	0.00396	0.00915
38	0.01560	0.08773	0.35131	0.18351	0.11255	0.01548	0.01974	0.02103	0.01437	0.09887	0.01321	0.01566	0.00958	0.00644	0.00623	0.00203	0.00860	0.00528	0.00347	0.00933
39	0.01187	0.01884	0.28271	0.01910	0.13050	0.01161	0.07488	0.01625	0.01379	0.01944	0.02252	0.28252	0.04489	0.01158	0.00724	0.00229	0.00724	0.01048	0.00419	0.00807
40	0.01666	0.01767	0.01547	0.09500	0.05334	0.28834	0.01220	0.03946	0.01717	0.01960	0.10789	0.03676	0.02450	0.01111	0.00726	0.00223	0.00831	0.21513	0.00474	0.00717
41	0.01804	0.01860	0.02458	0.08783	0.21040	0.19909	0.18132	0.02123	0.01562	0.05569	0.01329	0.01794	0.01088	0.00783	0.00819	0.06204	0.00940	0.02601	0.00359	0.00842
42	0.01839	0.01881	0.11957	0.03625	0.17492	0.09108	0.12249	0.11553	0.01766	0.10666	0.01697	0.10060	0.01436	0.00819	0.00685	0.00208	0.00825	0.00740	0.00457	0.00936
43	0.01030	0.00818	0.01156	0.01107	0.01181	0.00992	0.00846	0.01203	0.01030	0.01489	0.01670	0.02725	0.01657	0.18306	0.48055	0.00844	0.14233	0.00732	0.00351	0.00574
44	0.01329	0.01341	0.02209	0.13246	0.02528	0.07194	0.24922	0.01688	0.01372	0.01783	0.01679	0.04859	0.01544	0.06616	0.18753	0.00455	0.01145	0.06252	0.00367	0.00716
45	0.02343	0.07901	0.15742	0.01357	0.01947	0.01390	0.01302	0.09310	0.09892	0.38809	0.02097	0.01940	0.01406	0.00764	0.00636	0.00201	0.00663	0.00605	0.00635	0.01060
46	0.01355	0.01075	0.01731	0.01939	0.18757	0.01160	0.05550	0.01629	0.01254	0.07575	0.01617	0.02269	0.01431	0.06838	0.35696	0.00637	0.07666	0.00680	0.00380	0.00762
47	0.01469	0.01438	0.05369	0.03982	0.09046	0.01292	0.34705	0.01892	0.01548	0.07884	0.06582	0.10309	0.06281	0.00921	0.00760	0.00225	0.00825	0.04187	0.00453	0.00833
