[name]
unknown

[dist]
# distance from previous block
# <min> <max>
33	297

[block]
# block no. 0 follows, 26 sequences, length 16
# corresponding to MSA columns:
# 529-544
name=unknown_A
#
# <colnr> <probs for GDERKNQSTAVLIFYWHMCP>
#	G	D	E	R	K	N	Q	S	T	A	V	L	I	F	Y	W	H	M	C	P
0	0.02075	0.14078	0.14783	0.08486	0.08668	0.09071	0.01778	0.08455	0.01860	0.08859	0.04331	0.01877	0.01383	0.00868	0.00929	0.00233	0.10148	0.00628	0.00460	0.01031
1	0.18292	0.04664	0.02181	0.02036	0.11764	0.13170	0.08775	0.06606	0.05214	0.05100	0.10948	0.02404	0.03939	0.00895	0.00713	0.00228	0.00834	0.00740	0.00535	0.00962
2	0.05495	0.06498	0.05428	0.01809	0.08208	0.16794	0.01359	0.08379	0.05544	0.22281	0.02013	0.02242	0.01531	0.07904	0.01016	0.00270	0.00884	0.00680	0.00607	0.01059
3	0.18150	0.04935	0.04835	0.02195	0.16888	0.01788	0.04921	0.16595	0.02101	0.09993	0.05654	0.01989	0.01549	0.00808	0.00690	0.00224	0.00771	0.00658	0.00566	0.04691
4	0.19523	0.08539	0.10610	0.01403	0.02026	0.01694	0.01306	0.11226	0.05781	0.13271	0.01803	0.02058	0.01382	0.00828	0.00648	0.00216	0.00722	0.03506	0.00574	0.12884
5	0.05043	0.10591	0.11240	0.02427	0.18658	0.11745	0.04545	0.02481	0.01792	0.10327	0.07699	0.02095	0.01716	0.00849	0.00830	0.00227	0.05549	0.00676	0.00476	0.01036
6	0.01414	0.00814	0.01046	0.01042	0.01232	0.00735	0.00749	0.01611	0.01706	0.14531	0.14257	0.36377	0.12871	0.06597	0.01100	0.00305	0.00477	0.01635	0.00752	0.00749
7	0.11734	0.01641	0.02514	0.18033	0.37673	0.01804	0.01968	0.02310	0.05865	0.02485	0.01442	0.01872	0.01171	0.00763	0.00832	0.00241	0.05544	0.00652	0.00402	0.01051
8	0.01031	0.00749	0.00971	0.00967	0.01120	0.00689	0.00706	0.01329	0.01970	0.02742	0.50691	0.20717	0.09972	0.01755	0.00911	0.00255	0.00378	0.01559	0.00799	0.00689
9	0.08789	0.01392	0.06190	0.01841	0.10474	0.01233	0.07496	0.02126	0.06054	0.10536	0.13281	0.19762	0.05036	0.01316	0.00819	0.00256	0.00660	0.01181	0.00637	0.00920
10	0.01564	0.01530	0.02136	0.01870	0.01876	0.02102	0.01536	0.01726	0.01199	0.01840	0.01409	0.10894	0.01517	0.01464	0.02292	0.00329	0.62678	0.00857	0.00380	0.00802
11	0.02004	0.42522	0.03544	0.02643	0.28098	0.05459	0.01709	0.02326	0.01641	0.02060	0.01206	0.01482	0.01063	0.00665	0.00599	0.00188	0.00871	0.00515	0.00347	0.01059
12	0.01707	0.01387	0.01586	0.01690	0.10227	0.09651	0.01122	0.01980	0.01796	0.10308	0.15538	0.18543	0.05466	0.01545	0.03939	0.00282	0.03432	0.01142	0.00625	0.08032
13	0.02187	0.15245	0.11710	0.07183	0.21947	0.16366	0.01882	0.05532	0.01871	0.07154	0.01426	0.01674	0.01123	0.00735	0.00687	0.00212	0.00998	0.00579	0.00419	0.01069
14	0.01735	0.25413	0.31150	0.02000	0.02773	0.02250	0.10351	0.02285	0.01547	0.02132	0.01237	0.01546	0.00994	0.00771	0.00912	0.00230	0.10752	0.00569	0.00331	0.01022
15	0.00981	0.00711	0.00897	0.00988	0.01062	0.00689	0.00664	0.01110	0.01382	0.01826	0.03981	0.39849	0.12712	0.18455	0.10597	0.00514	0.00704	0.01673	0.00611	0.00593

[dist]
# distance from previous block
# <min> <max>
0	6

[block]
# block no. 1 follows, 26 sequences, length 14
# corresponding to MSA columns:
# 551-564
name=unknown_B
#
# <colnr> <probs for GDERKNQSTAVLIFYWHMCP>
#	G	D	E	R	K	N	Q	S	T	A	V	L	I	F	Y	W	H	M	C	P
0	0.30969	0.10339	0.01990	0.01466	0.01955	0.09501	0.05476	0.02925	0.22996	0.02900	0.01765	0.01822	0.01367	0.00808	0.00623	0.00231	0.00751	0.00597	0.00537	0.00983
1	0.01840	0.12316	0.36463	0.02283	0.08559	0.11184	0.07523	0.02573	0.06002	0.02309	0.01430	0.01662	0.01090	0.00729	0.00706	0.00225	0.01075	0.00588	0.00370	0.01074
2	0.09511	0.11235	0.14782	0.01382	0.01976	0.06095	0.01333	0.05822	0.07298	0.04474	0.02963	0.02962	0.16741	0.01018	0.00694	0.00217	0.00737	0.00788	0.00525	0.09448
3	0.01615	0.01538	0.01381	0.01300	0.01560	0.16978	0.01012	0.06050	0.02154	0.02703	0.34699	0.04973	0.08093	0.01438	0.00862	0.00247	0.00680	0.11235	0.00698	0.00785
4	0.01318	0.01118	0.01543	0.01870	0.16878	0.01116	0.01141	0.01863	0.09631	0.02559	0.23848	0.04524	0.18551	0.01827	0.08511	0.00350	0.00704	0.01139	0.00644	0.00865
5	0.00961	0.00695	0.00959	0.01094	0.01159	0.00693	0.00761	0.01125	0.01398	0.01896	0.03682	0.56649	0.04293	0.03144	0.17052	0.00519	0.00809	0.01845	0.00635	0.00630
6	0.01657	0.01430	0.01496	0.01364	0.01753	0.01598	0.01056	0.03348	0.52052	0.02912	0.04153	0.03866	0.17615	0.01236	0.00801	0.00257	0.00550	0.01030	0.00756	0.01071
7	0.01063	0.01417	0.16770	0.01313	0.01606	0.00882	0.01191	0.01368	0.01487	0.02044	0.03527	0.56329	0.04076	0.01992	0.00911	0.00292	0.00598	0.01786	0.00615	0.00733
8	0.01839	0.02143	0.18176	0.10687	0.28564	0.01662	0.07608	0.02447	0.03864	0.08159	0.01670	0.01998	0.01264	0.00740	0.00744	0.00233	0.00929	0.00683	0.05486	0.01103
9	0.01910	0.57599	0.19147	0.01498	0.02257	0.02714	0.01647	0.02302	0.01555	0.01928	0.01126	0.01306	0.00970	0.00666	0.00541	0.00180	0.00883	0.00441	0.00323	0.01008
10	0.01672	0.01309	0.01921	0.01894	0.11338	0.01314	0.09381	0.03979	0.13452	0.08210	0.12638	0.03707	0.06246	0.17810	0.01525	0.00358	0.00724	0.00998	0.00613	0.00913
11	0.22681	0.01699	0.01961	0.05537	0.02247	0.06240	0.08479	0.06952	0.03927	0.02803	0.01352	0.01613	0.01074	0.00724	0.00733	0.00202	0.05082	0.00549	0.00464	0.25682
12	0.00956	0.00771	0.00850	0.00830	0.01061	0.00665	0.00623	0.01203	0.01868	0.02380	0.27876	0.06755	0.47905	0.01797	0.00896	0.00250	0.00375	0.01524	0.00748	0.00665
13	0.00963	0.00689	0.00856	0.00971	0.01029	0.00646	0.00633	0.01071	0.01402	0.01841	0.04152	0.49875	0.11478	0.18780	0.01631	0.00401	0.00502	0.01851	0.00647	0.00582

[dist]
# distance from previous block
# <min> <max>
5	15

[block]
# block no. 2 follows, 26 sequences, length 16
# corresponding to MSA columns:
# 580-595
name=unknown_C
#
# <colnr> <probs for GDERKNQSTAVLIFYWHMCP>
#	G	D	E	R	K	N	Q	S	T	A	V	L	I	F	Y	W	H	M	C	P
0	0.01336	0.01293	0.10767	0.01167	0.01451	0.01003	0.01002	0.01795	0.07385	0.04830	0.10890	0.10875	0.03036	0.21402	0.08733	0.00476	0.00782	0.01056	0.09969	0.00754
1	0.01067	0.08257	0.01205	0.01068	0.01170	0.00871	0.00753	0.01181	0.01422	0.01869	0.03632	0.58834	0.04309	0.05335	0.01147	0.04260	0.00503	0.01852	0.00635	0.00632
2	0.01449	0.03296	0.54255	0.02013	0.02967	0.01595	0.06392	0.02214	0.01662	0.02412	0.06405	0.02444	0.07827	0.00885	0.00760	0.00243	0.01010	0.00735	0.00395	0.01042
3	0.02511	0.03005	0.09409	0.02057	0.02579	0.35891	0.08098	0.16783	0.02293	0.02616	0.01358	0.01584	0.01064	0.00832	0.00868	0.00224	0.06767	0.00594	0.00460	0.01006
4	0.01494	0.04333	0.09716	0.01244	0.01720	0.01159	0.01106	0.05191	0.05931	0.05556	0.16814	0.12256	0.09893	0.01230	0.00767	0.00217	0.00583	0.01045	0.00627	0.19116
5	0.02025	0.22360	0.19774	0.02083	0.06016	0.09280	0.10012	0.04926	0.01740	0.06100	0.01360	0.01613	0.01072	0.00772	0.00849	0.00223	0.07779	0.00585	0.00394	0.01036
6	0.01138	0.00992	0.01022	0.01140	0.01251	0.07870	0.00802	0.01297	0.01573	0.01961	0.04238	0.54220	0.11417	0.02143	0.00936	0.00293	0.00547	0.05835	0.00671	0.00651
7	0.02271	0.01329	0.01927	0.10698	0.10403	0.01295	0.03881	0.07571	0.02079	0.28394	0.12147	0.03269	0.09252	0.01058	0.00798	0.00239	0.00696	0.00913	0.00718	0.01063
8	0.01825	0.11684	0.27824	0.02755	0.20166	0.01953	0.08848	0.02398	0.01644	0.06115	0.01422	0.01732	0.01100	0.00752	0.00859	0.00235	0.06585	0.00626	0.00378	0.01100
9	0.01602	0.01391	0.02457	0.13556	0.19176	0.01397	0.14497	0.02005	0.01672	0.06488	0.02427	0.19207	0.02398	0.01231	0.00861	0.00268	0.00851	0.07073	0.00515	0.00930
10	0.06451	0.08140	0.09077	0.05308	0.18207	0.22659	0.09861	0.02455	0.01786	0.02218	0.01479	0.06160	0.01300	0.00819	0.00723	0.00223	0.01062	0.00694	0.00397	0.00982
11	0.05954	0.01412	0.02231	0.18844	0.19495	0.01467	0.07687	0.04703	0.01725	0.02439	0.05927	0.10029	0.06407	0.01052	0.00790	0.00244	0.00804	0.02979	0.00486	0.05327
12	0.01799	0.06424	0.02365	0.02313	0.15444	0.14353	0.10441	0.05711	0.01858	0.02308	0.04278	0.18806	0.04309	0.01244	0.00819	0.00248	0.00883	0.04970	0.00517	0.00910
13	0.05964	0.02411	0.11244	0.13034	0.16702	0.15103	0.13859	0.08140	0.01916	0.02513	0.01394	0.01759	0.01078	0.00730	0.00748	0.00232	0.01084	0.00653	0.00406	0.01031
14	0.01546	0.01505	0.05490	0.17448	0.17542	0.05247	0.04858	0.01913	0.01646	0.05064	0.04458	0.24944	0.02581	0.01288	0.00830	0.00259	0.00805	0.01174	0.00511	0.00891
15	0.01666	0.01834	0.07841	0.07574	0.33374	0.05826	0.08523	0.02103	0.01733	0.02350	0.06426	0.10526	0.04908	0.00996	0.00801	0.00241	0.00882	0.00935	0.00453	0.01009

[dist]
# distance from previous block
# <min> <max>
2	47

[block]
# block no. 3 follows, 26 sequences, length 11
# corresponding to MSA columns:
# 644-654
name=unknown_D
#
# <colnr> <probs for GDERKNQSTAVLIFYWHMCP>
#	G	D	E	R	K	N	Q	S	T	A	V	L	I	F	Y	W	H	M	C	P
0	0.10009	0.01746	0.02267	0.02597	0.25079	0.08628	0.05428	0.07274	0.02003	0.11964	0.13145	0.02516	0.02264	0.00893	0.00751	0.00229	0.00806	0.00775	0.00573	0.01054
1	0.01642	0.13885	0.02284	0.08238	0.18960	0.01688	0.01423	0.04547	0.10403	0.02460	0.08526	0.03183	0.13800	0.01027	0.00738	0.00222	0.00696	0.00868	0.00532	0.04877
2	0.09906	0.20840	0.11022	0.02185	0.13642	0.12662	0.01707	0.02324	0.01576	0.02166	0.01164	0.01487	0.01000	0.00817	0.00970	0.00228	0.14437	0.00534	0.00359	0.00974
3	0.01169	0.00960	0.01276	0.01570	0.12764	0.00901	0.00980	0.01419	0.01678	0.02172	0.11407	0.06041	0.29923	0.12683	0.01352	0.00338	0.00576	0.11442	0.00622	0.00727
4	0.01023	0.01240	0.12695	0.01203	0.01465	0.00818	0.01047	0.01294	0.01520	0.02034	0.04231	0.50504	0.14013	0.02021	0.00914	0.00288	0.00549	0.01796	0.00638	0.00707
5	0.01826	0.01965	0.12871	0.06486	0.09221	0.05006	0.03340	0.10436	0.01981	0.05634	0.13008	0.02429	0.02179	0.00909	0.00857	0.00219	0.05598	0.00737	0.00529	0.14768
6	0.01728	0.02111	0.14228	0.03153	0.30535	0.02005	0.02141	0.02139	0.01478	0.02202	0.01242	0.01742	0.01077	0.00946	0.01445	0.00271	0.29520	0.00651	0.00348	0.01038
7	0.01084	0.00813	0.01219	0.01219	0.01354	0.00948	0.00948	0.01354	0.01219	0.01761	0.02032	0.02980	0.01896	0.05689	0.70337	0.01219	0.02032	0.00813	0.00406	0.00677
8	0.02250	0.54474	0.03472	0.01479	0.02056	0.21532	0.01344	0.02480	0.01709	0.01804	0.01087	0.01258	0.00974	0.00685	0.00541	0.00171	0.00964	0.00428	0.00343	0.00947
9	0.01847	0.28195	0.20397	0.09790	0.18648	0.02186	0.02013	0.02334	0.01621	0.04519	0.01323	0.01609	0.01061	0.00696	0.00649	0.00210	0.00928	0.00552	0.00359	0.01064
10	0.01680	0.01365	0.08447	0.01660	0.09046	0.01147	0.01221	0.02161	0.11748	0.11105	0.07466	0.14741	0.02585	0.01618	0.01351	0.19552	0.00661	0.01009	0.00587	0.00850

[dist]
# distance from previous block
# <min> <max>
7	103

[block]
# block no. 4 follows, 26 sequences, length 9
# corresponding to MSA columns:
# 783-791
name=unknown_E
#
# <colnr> <probs for GDERKNQSTAVLIFYWHMCP>
#	G	D	E	R	K	N	Q	S	T	A	V	L	I	F	Y	W	H	M	C	P
0	0.07411	0.15912	0.06862	0.02191	0.11476	0.06433	0.11533	0.02615	0.08229	0.09434	0.04643	0.02006	0.01531	0.00823	0.00823	0.00229	0.05645	0.00678	0.00488	0.01039
1	0.03924	0.11453	0.02271	0.01677	0.05423	0.01573	0.10727	0.06393	0.08850	0.07542	0.07734	0.08865	0.05311	0.07767	0.01043	0.00274	0.00731	0.00938	0.00576	0.06928
2	0.05020	0.01425	0.04422	0.01295	0.01637	0.06100	0.01038	0.06487	0.12074	0.11590	0.12671	0.11399	0.06423	0.07136	0.07502	0.00375	0.00776	0.01055	0.00674	0.00903
3	0.10812	0.07998	0.15227	0.01364	0.01956	0.01430	0.01311	0.02315	0.07719	0.10309	0.02467	0.11485	0.06525	0.01040	0.00696	0.00220	0.00683	0.00844	0.00554	0.15045
4	0.06836	0.11415	0.31603	0.02007	0.05644	0.11366	0.05078	0.07411	0.01817	0.02514	0.01326	0.01549	0.01014	0.00717	0.00673	0.00214	0.01018	0.00545	0.00390	0.06865
5	0.13097	0.01482	0.04377	0.01317	0.01761	0.01461	0.01087	0.14405	0.11079	0.13051	0.12236	0.02857	0.02473	0.06442	0.05613	0.00333	0.00737	0.00807	0.00679	0.04706
6	0.06737	0.07878	0.08392	0.02257	0.21157	0.01588	0.01495	0.05447	0.06113	0.02581	0.09248	0.02583	0.02073	0.09506	0.01076	0.00274	0.00750	0.00742	0.00490	0.09614
7	0.02189	0.05599	0.05509	0.05959	0.02081	0.06256	0.01252	0.06909	0.08330	0.22545	0.07158	0.03681	0.11186	0.01172	0.00792	0.00245	0.00717	0.06699	0.00703	0.01019
8	0.01193	0.00967	0.01019	0.06249	0.01313	0.05319	0.00690	0.01285	0.01328	0.01661	0.03189	0.11173	0.12511	0.45859	0.02707	0.00552	0.00717	0.01203	0.00505	0.00557

[dist]
# distance from previous block
# <min> <max>
1	6

[block]
# block no. 5 follows, 26 sequences, length 7
# corresponding to MSA columns:
# 798-804
name=unknown_F
#
# <colnr> <probs for GDERKNQSTAVLIFYWHMCP>
#	G	D	E	R	K	N	Q	S	T	A	V	L	I	F	Y	W	H	M	C	P
0	0.01650	0.01361	0.02173	0.07303	0.20069	0.01282	0.09977	0.02022	0.01773	0.09583	0.05940	0.03743	0.21774	0.01106	0.00807	0.00233	0.00729	0.01002	0.00557	0.06915
1	0.01757	0.01760	0.02787	0.13619	0.41747	0.05929	0.08138	0.02190	0.01729	0.02310	0.02091	0.02473	0.08463	0.00826	0.00777	0.00234	0.00926	0.00786	0.00407	0.01051
2	0.08031	0.10651	0.07380	0.02708	0.26479	0.17003	0.01745	0.04929	0.01811	0.02416	0.01301	0.01583	0.01074	0.00698	0.00661	0.00201	0.00946	0.00550	0.00399	0.09434
3	0.01422	0.04732	0.07833	0.09048	0.15291	0.06577	0.01409	0.01770	0.01728	0.02208	0.09626	0.11353	0.21396	0.01317	0.00811	0.00243	0.00716	0.01129	0.00538	0.00853
4	0.01680	0.08934	0.02072	0.01894	0.11564	0.09406	0.05935	0.07832	0.04944	0.02371	0.03394	0.17908	0.16307	0.01344	0.00805	0.00243	0.00746	0.01161	0.00566	0.00893
5	0.01805	0.01849	0.06921	0.17048	0.29460	0.01786	0.13288	0.09140	0.01873	0.02576	0.01633	0.06137	0.01377	0.00815	0.00790	0.00242	0.00968	0.00796	0.00427	0.01069
6	0.01799	0.01845	0.02547	0.37146	0.27697	0.11809	0.02092	0.02239	0.01686	0.02121	0.01351	0.01874	0.01075	0.00732	0.00745	0.00234	0.01024	0.00647	0.00359	0.00978

[dist]
# distance from previous block
# <min> <max>
0	1

[block]
# block no. 6 follows, 26 sequences, length 16
# corresponding to MSA columns:
# 806-821
name=unknown_G
#
# <colnr> <probs for GDERKNQSTAVLIFYWHMCP>
#	G	D	E	R	K	N	Q	S	T	A	V	L	I	F	Y	W	H	M	C	P
0	0.01799	0.01925	0.10292	0.13128	0.17888	0.01775	0.12518	0.02573	0.12190	0.05758	0.01732	0.02050	0.01329	0.00802	0.00902	0.00244	0.06497	0.00719	0.00457	0.05424
1	0.23044	0.01873	0.08376	0.07768	0.20366	0.01759	0.01628	0.12697	0.01863	0.03060	0.01368	0.01641	0.01065	0.00719	0.00650	0.00219	0.00793	0.00567	0.00465	0.10079
2	0.01823	0.06980	0.08715	0.02258	0.15721	0.01502	0.10185	0.02337	0.04390	0.10406	0.12917	0.02835	0.02403	0.00912	0.00764	0.00222	0.00782	0.03549	0.00550	0.10747
3	0.01783	0.20519	0.18296	0.01458	0.02075	0.01716	0.01497	0.05979	0.01860	0.08686	0.12403	0.03186	0.05587	0.01046	0.00726	0.00224	0.00757	0.06849	0.00547	0.04807
4	0.01925	0.05313	0.01497	0.01251	0.01520	0.21781	0.00914	0.02076	0.01709	0.10226	0.05568	0.03774	0.11926	0.25269	0.01787	0.00390	0.00850	0.00926	0.00544	0.00753
5	0.01326	0.00754	0.01078	0.01025	0.01116	0.00726	0.00713	0.01129	0.01078	0.01493	0.01386	0.02281	0.01347	0.02669	0.08801	0.61840	0.00772	0.00648	0.00350	0.09466
6	0.02054	0.27160	0.02576	0.04157	0.07455	0.10475	0.01307	0.06951	0.01911	0.08558	0.09591	0.08049	0.02286	0.01020	0.00697	0.00214	0.00794	0.03255	0.00532	0.00959
7	0.05083	0.04486	0.13504	0.05958	0.26744	0.01566	0.01776	0.04381	0.01604	0.04945	0.01674	0.02427	0.01480	0.13295	0.07564	0.00403	0.00989	0.00722	0.00420	0.00981
8	0.01117	0.00924	0.01334	0.01446	0.07434	0.00844	0.04737	0.01366	0.01661	0.02235	0.14029	0.35726	0.16218	0.01804	0.00896	0.00266	0.00516	0.01626	0.00660	0.05158
9	0.01404	0.00878	0.01098	0.01074	0.01216	0.00893	0.00745	0.01711	0.07339	0.09892	0.02887	0.20139	0.03000	0.30091	0.13628	0.00612	0.00859	0.01240	0.00594	0.00700
10	0.11422	0.13872	0.11091	0.01497	0.02135	0.04424	0.01389	0.13583	0.11060	0.10918	0.01779	0.01807	0.01319	0.00792	0.00651	0.00210	0.00771	0.00588	0.00568	0.10125
11	0.09563	0.12668	0.04644	0.05160	0.08707	0.01843	0.05710	0.14565	0.04554	0.10949	0.09489	0.02265	0.01944	0.00865	0.00706	0.00220	0.00763	0.00711	0.00586	0.04088
12	0.07519	0.17107	0.08486	0.01911	0.10263	0.04893	0.04299	0.08323	0.07563	0.07680	0.01596	0.01734	0.01237	0.00732	0.00648	0.00199	0.00808	0.00577	0.00492	0.13933
13	0.01890	0.05155	0.21222	0.01631	0.02289	0.01703	0.01617	0.10580	0.20545	0.07355	0.06938	0.02383	0.01956	0.01106	0.03752	0.00272	0.00831	0.00728	0.00596	0.07451
14	0.06826	0.15555	0.09616	0.08005	0.02507	0.08964	0.06769	0.04886	0.06911	0.08158	0.04536	0.02138	0.04083	0.00864	0.00777	0.00224	0.04267	0.00673	0.00491	0.03751
15	0.01896	0.12216	0.18222	0.01669	0.02308	0.07091	0.05586	0.07845	0.07356	0.06924	0.04783	0.08548	0.03826	0.00973	0.00728	0.00222	0.00845	0.00803	0.00525	0.07634

[dist]
# distance from previous block
# <min> <max>
9	144

[block]
# block no. 7 follows, 26 sequences, length 21
# corresponding to MSA columns:
# 979-999
name=unknown_H
#
# <colnr> <probs for GDERKNQSTAVLIFYWHMCP>
#	G	D	E	R	K	N	Q	S	T	A	V	L	I	F	Y	W	H	M	C	P
0	0.06890	0.18780	0.38866	0.01770	0.02653	0.01965	0.02062	0.04876	0.01718	0.11535	0.01514	0.01635	0.01092	0.00741	0.00660	0.00221	0.00943	0.00549	0.00431	0.01099
1	0.01786	0.24131	0.19399	0.01461	0.02063	0.01814	0.01510	0.06183	0.01750	0.06950	0.08724	0.02642	0.04798	0.01141	0.00944	0.08830	0.00792	0.03673	0.00482	0.00928
2	0.01767	0.31335	0.21073	0.01822	0.09528	0.02104	0.01693	0.02320	0.04879	0.02268	0.01511	0.01736	0.01219	0.00728	0.00601	0.00198	0.00821	0.00549	0.12840	0.01007
3	0.01887	0.07282	0.24212	0.19254	0.12541	0.14233	0.02162	0.05576	0.01792	0.02281	0.01337	0.01687	0.01027	0.00740	0.00714	0.00228	0.01074	0.00587	0.00367	0.01020
4	0.01401	0.02056	0.23497	0.08181	0.06186	0.01440	0.04024	0.01978	0.04312	0.02295	0.06209	0.10204	0.06621	0.01278	0.00984	0.00274	0.07055	0.10603	0.00495	0.00908
5	0.01105	0.11518	0.01334	0.01070	0.01200	0.00981	0.00769	0.01241	0.01432	0.01869	0.03546	0.55730	0.04201	0.08905	0.01173	0.00327	0.00523	0.01796	0.00624	0.00654
6	0.01449	0.01201	0.01819	0.01525	0.01876	0.01241	0.09580	0.08752	0.01607	0.02289	0.01841	0.02519	0.01616	0.03731	0.43091	0.00818	0.01581	0.00755	0.00449	0.12260
7	0.02004	0.02631	0.23662	0.01834	0.02505	0.11518	0.04808	0.08982	0.18946	0.06339	0.04894	0.02370	0.04288	0.00916	0.00757	0.00238	0.00916	0.00739	0.00561	0.01092
8	0.01669	0.01939	0.12655	0.10239	0.13400	0.01645	0.18591	0.08236	0.04230	0.02537	0.02056	0.15355	0.01903	0.01039	0.00828	0.00256	0.00940	0.01003	0.00479	0.01001
9	0.00959	0.00708	0.00902	0.01015	0.01122	0.00651	0.00717	0.01147	0.01615	0.02131	0.13696	0.48213	0.16031	0.02166	0.00951	0.00292	0.00436	0.05887	0.00722	0.00639
10	0.06543	0.02563	0.21767	0.01973	0.02719	0.05705	0.10216	0.22442	0.05440	0.10620	0.01763	0.01862	0.01248	0.00810	0.00747	0.00236	0.00959	0.00667	0.00567	0.01153
11	0.01764	0.01801	0.02436	0.24285	0.25585	0.12016	0.05507	0.02175	0.01724	0.02189	0.02018	0.02418	0.07556	0.00844	0.00755	0.00232	0.00952	0.00749	0.04040	0.00954
12	0.21073	0.01784	0.02729	0.02118	0.02547	0.02037	0.22662	0.08270	0.01632	0.02702	0.01268	0.01696	0.01032	0.00904	0.01292	0.00272	0.23945	0.00679	0.00424	0.00936
13	0.01646	0.01624	0.02268	0.52104	0.10686	0.08641	0.01965	0.04452	0.01688	0.02093	0.01655	0.02183	0.04212	0.00813	0.00757	0.00244	0.01001	0.00699	0.00379	0.00888
14	0.01714	0.04720	0.01983	0.23473	0.08143	0.07719	0.01467	0.07692	0.01851	0.04308	0.08228	0.12720	0.02266	0.01062	0.00761	0.00230	0.00803	0.00910	0.00514	0.09435
15	0.01192	0.01014	0.01537	0.24343	0.08883	0.01090	0.01294	0.01489	0.01550	0.02036	0.06365	0.29946	0.10375	0.04259	0.00976	0.00289	0.00671	0.01393	0.00550	0.00748
16	0.02023	0.01526	0.02026	0.01969	0.11224	0.01615	0.05429	0.11126	0.20289	0.11743	0.09292	0.03076	0.06466	0.03999	0.01006	0.00267	0.04267	0.00898	0.00680	0.01080
17	0.01934	0.01613	0.02205	0.04084	0.11845	0.07196	0.10855	0.07403	0.05228	0.09992	0.08245	0.12279	0.02401	0.01060	0.00790	0.00232	0.00790	0.00962	0.02530	0.08356
18	0.01656	0.01419	0.02007	0.11889	0.12123	0.04036	0.08130	0.07971	0.03576	0.06493	0.03629	0.11030	0.20335	0.01263	0.00830	0.00250	0.00752	0.01117	0.00579	0.00914
19	0.01964	0.09839	0.02718	0.02989	0.32315	0.07005	0.04947	0.08510	0.09758	0.02613	0.02206	0.02402	0.07714	0.00863	0.00741	0.00225	0.00853	0.00754	0.00487	0.01098
20	0.01531	0.05053	0.06793	0.12187	0.11479	0.10670	0.01423	0.01899	0.01821	0.02352	0.21249	0.12443	0.05614	0.01225	0.00803	0.00239	0.00757	0.01057	0.00553	0.00851

[dist]
# distance from previous block
# <min> <max>
14	76

[block]
# block no. 8 follows, 26 sequences, length 31
# corresponding to MSA columns:
# 1081-1111
name=unknown_I
#
# <colnr> <probs for GDERKNQSTAVLIFYWHMCP>
#	G	D	E	R	K	N	Q	S	T	A	V	L	I	F	Y	W	H	M	C	P
0	0.01790	0.16867	0.24618	0.02004	0.07152	0.01882	0.08665	0.05845	0.04720	0.05699	0.11464	0.02309	0.02045	0.00852	0.00726	0.00225	0.00885	0.00723	0.00482	0.01047
1	0.02277	0.06907	0.14063	0.02024	0.08504	0.10741	0.06843	0.02964	0.11308	0.18754	0.02205	0.02222	0.03769	0.00848	0.00737	0.00227	0.00892	0.00704	0.00574	0.03439
2	0.01838	0.13113	0.20236	0.01890	0.02511	0.12693	0.11983	0.06440	0.01770	0.02239	0.01712	0.08289	0.01582	0.09162	0.01092	0.00286	0.01017	0.00792	0.00421	0.00936
3	0.12493	0.08309	0.13246	0.01766	0.02407	0.06334	0.08145	0.14131	0.05308	0.15194	0.01755	0.01834	0.01261	0.00822	0.00770	0.00233	0.03692	0.00635	0.00567	0.01097
4	0.13012	0.10184	0.07593	0.03670	0.08692	0.06214	0.02850	0.13343	0.02012	0.06770	0.06963	0.03534	0.01696	0.00841	0.00674	0.00211	0.00786	0.00660	0.00531	0.09763
5	0.45778	0.01355	0.01345	0.01416	0.08812	0.01492	0.00983	0.02290	0.05775	0.06079	0.08566	0.02100	0.01793	0.00840	0.00584	0.00230	0.00577	0.00617	0.08483	0.00885
6	0.00978	0.00737	0.00888	0.00944	0.01076	0.00686	0.00665	0.01152	0.01552	0.02012	0.11204	0.27248	0.25360	0.12554	0.07007	0.00421	0.00594	0.03646	0.00658	0.00619
7	0.01628	0.02438	0.24035	0.02778	0.14311	0.01779	0.22610	0.02220	0.01648	0.02331	0.01949	0.02302	0.07032	0.00858	0.00986	0.00254	0.08634	0.00791	0.00385	0.01030
8	0.00941	0.00736	0.00860	0.00948	0.01111	0.00655	0.00694	0.01125	0.01621	0.02027	0.05912	0.33511	0.36531	0.02120	0.00941	0.00286	0.00439	0.08203	0.00704	0.00637
9	0.02549	0.05591	0.02096	0.01646	0.02160	0.12376	0.01323	0.25941	0.24721	0.10280	0.02236	0.02144	0.01636	0.00921	0.00739	0.00230	0.00815	0.00707	0.00705	0.01182
10	0.02543	0.11229	0.02370	0.01650	0.02208	0.05748	0.06515	0.14246	0.20620	0.21390	0.02341	0.02229	0.01671	0.00888	0.00735	0.00230	0.00779	0.00724	0.00704	0.01179
11	0.01951	0.01678	0.07635	0.01517	0.01994	0.01625	0.01293	0.03500	0.44100	0.11694	0.08278	0.03225	0.02642	0.01089	0.00791	0.00256	0.00638	0.04199	0.00755	0.01139
12	0.02208	0.14014	0.02227	0.01503	0.02023	0.02134	0.01249	0.28306	0.23786	0.03465	0.02708	0.02612	0.08478	0.01009	0.00731	0.00229	0.00708	0.00787	0.00684	0.01140
13	0.01521	0.03923	0.69413	0.02162	0.03283	0.01762	0.02802	0.02402	0.01601	0.02402	0.01361	0.01601	0.00961	0.00721	0.00721	0.00240	0.01121	0.00560	0.00320	0.01121
14	0.01049	0.00723	0.00833	0.00868	0.00899	0.00703	0.00519	0.01092	0.01228	0.01615	0.03217	0.18750	0.09016	0.52820	0.03019	0.00607	0.00645	0.01358	0.00530	0.00507
15	0.01449	0.00868	0.00898	0.00840	0.01076	0.00865	0.00644	0.08251	0.01852	0.02897	0.07191	0.03720	0.14520	0.01118	0.00643	0.00200	0.00409	0.00909	0.50894	0.00755
16	0.01809	0.01809	0.02713	0.27769	0.40421	0.08010	0.02172	0.02256	0.01692	0.02233	0.01376	0.01881	0.01114	0.00714	0.00747	0.00232	0.00982	0.00658	0.00363	0.01047
17	0.02499	0.01581	0.01854	0.08684	0.02283	0.04278	0.01271	0.24588	0.04650	0.22689	0.08890	0.08750	0.02363	0.01095	0.00789	0.00240	0.00729	0.00902	0.00756	0.01109
18	0.01081	0.00834	0.00995	0.00972	0.01175	0.00787	0.00721	0.01525	0.07715	0.02654	0.38523	0.14579	0.22195	0.01707	0.00894	0.00254	0.00397	0.01487	0.00779	0.00726
19	0.01750	0.01813	0.08091	0.04847	0.24318	0.01673	0.12728	0.07978	0.08820	0.02722	0.08646	0.04383	0.02056	0.01195	0.05309	0.00304	0.00954	0.00845	0.00505	0.01062
20	0.01905	0.01606	0.01631	0.01419	0.01851	0.07552	0.01094	0.08049	0.28458	0.06349	0.02648	0.14302	0.02313	0.01129	0.00754	0.00228	0.00655	0.00946	0.00670	0.16443
21	0.01575	0.01361	0.01746	0.08063	0.08026	0.01201	0.01197	0.02086	0.06951	0.02458	0.01782	0.02490	0.01563	0.00792	0.00666	0.00173	0.00651	0.07259	0.00485	0.49476
22	0.01484	0.01425	0.01891	0.01692	0.01953	0.07415	0.10783	0.01926	0.06982	0.02180	0.03265	0.16662	0.09689	0.01588	0.01162	0.00295	0.11736	0.16490	0.00575	0.00803
23	0.01759	0.28117	0.31062	0.01704	0.02454	0.08756	0.01885	0.02259	0.01604	0.02064	0.01495	0.07312	0.01340	0.01065	0.03855	0.00259	0.01022	0.00640	0.00364	0.00984
24	0.01824	0.01807	0.08575	0.02953	0.32598	0.01632	0.01839	0.14084	0.02065	0.02823	0.02619	0.03417	0.09904	0.01071	0.00808	0.00248	0.00818	0.09317	0.00527	0.01073
25	0.06292	0.01589	0.08326	0.02084	0.13360	0.01360	0.08222	0.02217	0.01721	0.14626	0.04779	0.09813	0.09990	0.01144	0.00904	0.00249	0.05357	0.02655	0.00575	0.04736
26	0.01833	0.02918	0.30268	0.02123	0.06905	0.15261	0.06581	0.05822	0.01844	0.02392	0.01909	0.05217	0.04626	0.00914	0.00754	0.00232	0.01036	0.03464	0.00425	0.05478
27	0.02136	0.05355	0.13019	0.01543	0.02110	0.12234	0.01412	0.16937	0.03705	0.09756	0.09575	0.02886	0.10416	0.01034	0.00752	0.00223	0.00818	0.00812	0.00615	0.04663
28	0.01871	0.06153	0.12525	0.01913	0.07605	0.09593	0.07828	0.02368	0.04850	0.10881	0.09331	0.07454	0.06724	0.01136	0.00803	0.00245	0.00841	0.06338	0.00573	0.00966
29	0.01800	0.02148	0.11124	0.18233	0.30226	0.11791	0.02063	0.02272	0.01766	0.02311	0.07590	0.02151	0.01651	0.00797	0.00752	0.00230	0.00972	0.00698	0.00405	0.01020
30	0.06354	0.13993	0.02954	0.02183	0.09415	0.01927	0.17927	0.11773	0.04112	0.06387	0.01731	0.02242	0.01416	0.00805	0.00728	0.00220	0.00880	0.04822	0.00504	0.09625

[dist]
# distance from previous block
# <min> <max>
14	94

[block]
# block no. 9 follows, 26 sequences, length 34
# corresponding to MSA columns:
# 1230-1263
name=unknown_J
#
# <colnr> <probs for GDERKNQSTAVLIFYWHMCP>
#	G	D	E	R	K	N	Q	S	T	A	V	L	I	F	Y	W	H	M	C	P
0	0.05440	0.29914	0.07911	0.04896	0.07530	0.06107	0.01428	0.04126	0.04196	0.02109	0.01469	0.01903	0.01290	0.04335	0.13933	0.00410	0.01095	0.00587	0.00391	0.00929
1	0.13369	0.16703	0.06872	0.01487	0.05422	0.01816	0.01230	0.13534	0.01849	0.02764	0.01617	0.06898	0.01475	0.06404	0.00872	0.00239	0.00729	0.00669	0.00488	0.15562
2	0.01894	0.27866	0.11586	0.01510	0.04010	0.07690	0.01384	0.02381	0.06050	0.07815	0.17735	0.02600	0.02643	0.00938	0.00683	0.00208	0.00765	0.00735	0.00534	0.00970
3	0.12937	0.01847	0.07957	0.01435	0.01970	0.07280	0.01247	0.11971	0.08698	0.08412	0.04674	0.06175	0.01920	0.00982	0.00708	0.00222	0.00731	0.04762	0.00600	0.15473
4	0.15880	0.08829	0.23079	0.01779	0.02497	0.13843	0.04775	0.12543	0.01955	0.02816	0.01328	0.01517	0.01008	0.00741	0.00656	0.00218	0.00978	0.00538	0.00438	0.04581
5	0.01155	0.00871	0.01004	0.00962	0.01135	0.00831	0.00662	0.01495	0.07563	0.02162	0.16316	0.13361	0.13530	0.27171	0.01923	0.00418	0.00546	0.01284	0.00628	0.06982
6	0.01206	0.11140	0.01396	0.01093	0.01268	0.01055	0.00849	0.01400	0.01533	0.01995	0.09456	0.21672	0.07334	0.18561	0.01585	0.00388	0.00613	0.16192	0.00604	0.00661
7	0.02398	0.02533	0.07725	0.06369	0.02568	0.28717	0.07511	0.09984	0.02159	0.10884	0.07225	0.02124	0.01701	0.01054	0.03476	0.00261	0.01105	0.00689	0.00530	0.00988
8	0.01646	0.06514	0.59915	0.02086	0.03122	0.04364	0.02596	0.04530	0.03898	0.02461	0.01415	0.01626	0.01018	0.00737	0.00713	0.00236	0.01091	0.00566	0.00352	0.01114
9	0.01811	0.06631	0.11246	0.04376	0.11489	0.08593	0.09589	0.04803	0.04269	0.06796	0.06730	0.08544	0.09732	0.01069	0.00787	0.00238	0.00860	0.00937	0.00528	0.00974
10	0.01691	0.01362	0.01777	0.01675	0.11758	0.01130	0.01131	0.02036	0.01601	0.06713	0.01530	0.01815	0.01256	0.01083	0.07132	0.00241	0.00755	0.00537	0.00466	0.54309
11	0.01055	0.00776	0.01017	0.01163	0.01302	0.00737	0.00919	0.01297	0.01633	0.02108	0.04697	0.32455	0.15397	0.02171	0.00992	0.00318	0.00549	0.30054	0.00702	0.00658
12	0.38609	0.29014	0.02288	0.01189	0.01721	0.02222	0.01057	0.02501	0.10759	0.02755	0.01344	0.01453	0.01092	0.00729	0.00519	0.00210	0.00674	0.00472	0.00457	0.00933
13	0.09002	0.08669	0.12006	0.01549	0.02007	0.11862	0.04453	0.06397	0.04327	0.02489	0.06071	0.05336	0.01958	0.07084	0.01061	0.00275	0.04704	0.03061	0.06804	0.00885
14	0.71428	0.01530	0.01226	0.01069	0.01552	0.01764	0.00881	0.08355	0.01509	0.03535	0.01130	0.01289	0.00866	0.00724	0.00497	0.00234	0.00611	0.00437	0.00497	0.00866
15	0.00961	0.00728	0.00892	0.00980	0.01120	0.00659	0.00709	0.01161	0.01659	0.02150	0.13976	0.37579	0.25255	0.02097	0.00942	0.00286	0.00433	0.07048	0.00721	0.00644
16	0.02969	0.01371	0.01738	0.01366	0.01883	0.01307	0.01110	0.15304	0.02301	0.46741	0.02660	0.02607	0.01820	0.05468	0.04965	0.00318	0.00758	0.00769	0.03359	0.01187
17	0.26975	0.06151	0.17758	0.01534	0.02199	0.07415	0.01506	0.12080	0.01926	0.13541	0.01557	0.01631	0.01112	0.00779	0.00637	0.00228	0.00835	0.00548	0.00537	0.01049
18	0.03279	0.01319	0.01757	0.01365	0.01939	0.01178	0.01122	0.03724	0.07508	0.63727	0.03000	0.02602	0.01914	0.00946	0.00764	0.00237	0.00642	0.00771	0.00925	0.01283
19	0.00934	0.00668	0.00889	0.01050	0.01102	0.00623	0.00705	0.01080	0.01497	0.02008	0.08318	0.68507	0.05155	0.02323	0.00963	0.00304	0.00435	0.02106	0.00713	0.00623
20	0.02367	0.02288	0.15822	0.08938	0.17592	0.08372	0.01901	0.11961	0.02096	0.18554	0.01811	0.01945	0.01287	0.00800	0.00743	0.00231	0.00931	0.00656	0.00552	0.01154
21	0.01144	0.00892	0.01364	0.01527	0.07626	0.01000	0.01057	0.01420	0.01286	0.01843	0.02156	0.08769	0.02094	0.04940	0.57976	0.01049	0.01792	0.00913	0.00429	0.00721
22	0.00935	0.00682	0.00859	0.00995	0.01066	0.00630	0.00665	0.01065	0.01463	0.01913	0.04538	0.57602	0.14019	0.08295	0.01202	0.00337	0.00457	0.01987	0.00684	0.00606
23	0.01857	0.01860	0.03412	0.04308	0.53191	0.01830	0.17481	0.02352	0.01742	0.02466	0.01452	0.01918	0.01189	0.00667	0.00785	0.00233	0.00991	0.00728	0.00377	0.01159
24	0.02094	0.11571	0.13629	0.02063	0.02761	0.02145	0.17108	0.19994	0.15220	0.03127	0.01831	0.01963	0.01367	0.00805	0.00753	0.00234	0.00938	0.00713	0.00545	0.01140
25	0.01707	0.01629	0.02772	0.30199	0.44396	0.01758	0.02243	0.02179	0.01647	0.02272	0.01397	0.01933	0.01129	0.00707	0.00754	0.00236	0.00943	0.00675	0.00361	0.01064
26	0.60529	0.08652	0.01542	0.01154	0.01638	0.08892	0.00958	0.04869	0.01494	0.03144	0.01099	0.01268	0.00871	0.00715	0.00505	0.00223	0.00698	0.00429	0.00459	0.00861
27	0.01749	0.34275	0.18784	0.01709	0.02324	0.02308	0.06916	0.02139	0.01480	0.01958	0.01285	0.01797	0.01159	0.07735	0.01184	0.00267	0.11060	0.00586	0.00342	0.00942
28	0.01068	0.00795	0.00983	0.01043	0.01148	0.00807	0.00719	0.01370	0.06915	0.01921	0.03711	0.33669	0.10438	0.18339	0.12973	0.00542	0.00774	0.01536	0.00607	0.00644
29	0.01894	0.01926	0.07260	0.01722	0.08098	0.11760	0.01300	0.17315	0.06422	0.02818	0.06692	0.03558	0.17395	0.07241	0.01046	0.00276	0.00790	0.00941	0.00599	0.00948
30	0.01532	0.06286	0.17638	0.01433	0.01985	0.01360	0.01392	0.10585	0.01848	0.02553	0.02809	0.19522	0.08373	0.01299	0.00778	0.00235	0.00710	0.04669	0.00552	0.14441
31	0.01919	0.29878	0.17234	0.02185	0.15018	0.11188	0.01790	0.02341	0.01720	0.02162	0.06715	0.01810	0.01522	0.00761	0.00647	0.00202	0.00930	0.00581	0.00384	0.01015
32	0.01878	0.08571	0.06763	0.03543	0.44086	0.05539	0.02040	0.02288	0.01666	0.02323	0.01333	0.01730	0.01131	0.00725	0.00848	0.00218	0.06729	0.00614	0.00371	0.07603
33	0.06724	0.01399	0.01772	0.06956	0.16635	0.04970	0.01359	0.07236	0.01876	0.08625	0.03315	0.10449	0.14125	0.01319	0.00820	0.00258	0.00719	0.09923	0.00599	0.00922

[dist]
# distance from previous block
# <min> <max>
0	16

[block]
# block no. 10 follows, 26 sequences, length 49
# corresponding to MSA columns:
# 1291-1339
name=unknown_K
#
# <colnr> <probs for GDERKNQSTAVLIFYWHMCP>
#	G	D	E	R	K	N	Q	S	T	A	V	L	I	F	Y	W	H	M	C	P
0	0.12797	0.08821	0.09621	0.08914	0.02357	0.08983	0.01412	0.11232	0.05255	0.09997	0.08884	0.02379	0.04420	0.00921	0.00701	0.00228	0.00806	0.00709	0.00569	0.00994
1	0.12888	0.09987	0.18955	0.05830	0.17255	0.01881	0.05286	0.09001	0.01782	0.02695	0.01558	0.06723	0.01333	0.00837	0.00699	0.00233	0.00886	0.00698	0.00433	0.01043
2	0.05926	0.06446	0.02636	0.10553	0.30293	0.14850	0.01864	0.09256	0.01912	0.02511	0.01343	0.01705	0.01102	0.00773	0.00826	0.00227	0.05699	0.00611	0.00414	0.01054
3	0.01887	0.38926	0.24888	0.01595	0.02370	0.02386	0.01759	0.09129	0.01791	0.02325	0.01637	0.01774	0.05065	0.00777	0.00617	0.00200	0.00889	0.00558	0.00393	0.01035
4	0.00957	0.00771	0.00853	0.00832	0.01062	0.00666	0.00624	0.01206	0.01873	0.02390	0.28501	0.06738	0.47273	0.01794	0.00896	0.00250	0.00375	0.01522	0.00749	0.00666
5	0.01971	0.02031	0.02729	0.03339	0.36304	0.13132	0.08663	0.02636	0.11274	0.02510	0.06404	0.02218	0.01745	0.00803	0.00768	0.00229	0.00937	0.00744	0.00469	0.01094
6	0.00916	0.00691	0.00849	0.00975	0.01079	0.00623	0.00668	0.01065	0.01530	0.01968	0.05171	0.54313	0.22913	0.02248	0.00948	0.00293	0.00424	0.01999	0.00704	0.00623
7	0.02054	0.42649	0.03265	0.01590	0.02105	0.13386	0.06366	0.02390	0.05557	0.01900	0.01249	0.01510	0.01095	0.00879	0.00876	0.05745	0.05578	0.00520	0.00368	0.00921
8	0.01246	0.01041	0.01562	0.03758	0.05646	0.01270	0.01195	0.01516	0.01249	0.01821	0.01788	0.02646	0.01665	0.04449	0.51782	0.00970	0.14492	0.00773	0.00389	0.00741
9	0.01339	0.01183	0.01856	0.26693	0.16848	0.01278	0.01570	0.01695	0.01584	0.02081	0.02955	0.15230	0.10672	0.04186	0.00962	0.00286	0.00770	0.07492	0.00495	0.00825
10	0.02201	0.58710	0.03582	0.01439	0.02032	0.17470	0.01334	0.02434	0.01672	0.01800	0.01080	0.01249	0.00974	0.00677	0.00529	0.00169	0.00931	0.00423	0.00339	0.00953
11	0.02024	0.21828	0.22116	0.04045	0.06259	0.02175	0.08978	0.10934	0.01891	0.07144	0.01457	0.01674	0.01109	0.00762	0.00775	0.00223	0.04485	0.00601	0.00434	0.01087
12	0.01441	0.01184	0.01368	0.01290	0.01491	0.06069	0.00983	0.08093	0.05557	0.02117	0.02063	0.03011	0.01914	0.13845	0.45008	0.00921	0.01599	0.00819	0.00470	0.00755
13	0.78701	0.01467	0.01115	0.00997	0.01467	0.01702	0.00821	0.02230	0.01291	0.03403	0.01056	0.01232	0.00821	0.00704	0.00469	0.00235	0.00587	0.00411	0.00469	0.00821
14	0.02121	0.02405	0.02395	0.27716	0.17635	0.30735	0.01883	0.02483	0.01830	0.02020	0.01291	0.01714	0.01038	0.00750	0.00725	0.00223	0.01138	0.00596	0.00368	0.00935
15	0.01437	0.01393	0.08719	0.06028	0.04594	0.01146	0.03690	0.02061	0.09359	0.06335	0.32625	0.04111	0.08831	0.01221	0.00823	0.00236	0.00595	0.01069	0.00680	0.05048
16	0.01149	0.00821	0.01138	0.01313	0.01456	0.00810	0.01095	0.01445	0.01674	0.02188	0.04056	0.24300	0.04525	0.02164	0.01028	0.00339	0.00635	0.48482	0.00700	0.00678
17	0.10245	0.01702	0.01686	0.01507	0.01945	0.04384	0.01178	0.05943	0.55545	0.03205	0.02754	0.02569	0.02070	0.00981	0.00736	0.00252	0.00635	0.00790	0.00725	0.01151
18	0.01826	0.01418	0.01824	0.01316	0.01986	0.01132	0.05578	0.04302	0.01719	0.09604	0.01551	0.01722	0.01211	0.00619	0.00613	0.00139	0.00631	0.00522	0.00507	0.61778
19	0.01877	0.01802	0.03079	0.04656	0.68612	0.01802	0.02328	0.02328	0.01727	0.02478	0.01427	0.01877	0.01201	0.00676	0.00751	0.00225	0.00901	0.00676	0.00375	0.01201
20	0.01646	0.21062	0.53363	0.01950	0.02955	0.02066	0.02433	0.02370	0.01587	0.02251	0.01286	0.01507	0.00964	0.00703	0.00663	0.00221	0.01045	0.00522	0.00321	0.01085
21	0.03106	0.01535	0.05868	0.01442	0.02047	0.01307	0.01245	0.07481	0.08746	0.54548	0.02832	0.02501	0.01830	0.00933	0.00761	0.00237	0.00681	0.00755	0.00874	0.01271
22	0.01103	0.00735	0.00827	0.00827	0.00827	0.00735	0.00460	0.01103	0.01103	0.01471	0.02390	0.04964	0.02758	0.73343	0.03861	0.00735	0.00735	0.01103	0.00460	0.00460
23	0.01638	0.01649	0.02360	0.55802	0.12697	0.09104	0.02065	0.02104	0.01611	0.01995	0.01339	0.01934	0.01031	0.00751	0.00749	0.00243	0.01036	0.00654	0.00348	0.00891
24	0.01529	0.01856	0.11950	0.09858	0.09723	0.01614	0.24311	0.02052	0.01552	0.02176	0.01595	0.02204	0.01311	0.02053	0.19619	0.00513	0.04003	0.00774	0.00373	0.00935
25	0.00907	0.00728	0.00810	0.00875	0.01053	0.00631	0.00624	0.01077	0.01626	0.02007	0.06382	0.31653	0.44790	0.02090	0.00923	0.00275	0.00405	0.01807	0.00704	0.00631
26	0.02700	0.01948	0.02081	0.01616	0.02169	0.02147	0.01328	0.58057	0.03320	0.04537	0.01903	0.01947	0.01372	0.00907	0.00730	0.00221	0.00775	0.00686	0.10341	0.01217
27	0.01280	0.00684	0.01025	0.01025	0.01047	0.00705	0.00705	0.01047	0.01025	0.01389	0.01433	0.02414	0.01411	0.03128	0.13831	0.65559	0.00880	0.00684	0.00342	0.00385
28	0.01552	0.01372	0.01933	0.11891	0.19304	0.01472	0.01467	0.09356	0.01883	0.02505	0.07433	0.03819	0.22836	0.01232	0.00992	0.00251	0.08234	0.01011	0.00543	0.00915
29	0.01103	0.00735	0.00827	0.00827	0.00827	0.00735	0.00460	0.01103	0.01103	0.01471	0.02390	0.04964	0.02758	0.73343	0.03861	0.00735	0.00735	0.01103	0.00460	0.00460
30	0.01659	0.01659	0.02323	0.01991	0.01991	0.02323	0.01659	0.01825	0.01162	0.01825	0.00996	0.01659	0.00996	0.01328	0.02489	0.00332	0.71955	0.00664	0.00332	0.00830
31	0.78701	0.01467	0.01115	0.00997	0.01467	0.01702	0.00821	0.02230	0.01291	0.03403	0.01056	0.01232	0.00821	0.00704	0.00469	0.00235	0.00587	0.00411	0.00469	0.00821
32	0.01829	0.01753	0.02992	0.11871	0.61771	0.01790	0.02304	0.02286	0.01704	0.02420	0.01418	0.01893	0.01181	0.00685	0.00752	0.00228	0.00913	0.00676	0.00371	0.01163
33	0.23785	0.01355	0.01788	0.07044	0.22090	0.01473	0.01357	0.02005	0.03970	0.02499	0.01712	0.06006	0.01587	0.09186	0.10713	0.00428	0.00922	0.00750	0.00446	0.00884
34	0.01697	0.01503	0.02016	0.01461	0.02118	0.01268	0.09176	0.06555	0.01728	0.02608	0.01393	0.01653	0.01134	0.00623	0.00686	0.00146	0.03186	0.00530	0.00459	0.60059
35	0.52042	0.01698	0.01523	0.01260	0.01778	0.01930	0.01040	0.24682	0.02091	0.03887	0.01325	0.01439	0.00986	0.00777	0.00571	0.00232	0.00674	0.00506	0.00571	0.00986
36	0.01372	0.01167	0.01842	0.02586	0.28571	0.01150	0.01469	0.01678	0.01624	0.02224	0.03030	0.30881	0.03336	0.01629	0.00896	0.00283	0.00680	0.14142	0.00570	0.00870
37	0.02285	0.02676	0.02490	0.17113	0.17200	0.37932	0.04980	0.02621	0.01909	0.02035	0.01281	0.01647	0.01041	0.00747	0.00724	0.00217	0.01189	0.00588	0.00376	0.00948
38	0.01877	0.01802	0.03079	0.04656	0.68612	0.01802	0.02328	0.02328	0.01727	0.02478	0.01427	0.01877	0.01201	0.00676	0.00751	0.00225	0.00901	0.00676	0.00375	0.01201
39	0.01387	0.01383	0.02644	0.11759	0.02938	0.01349	0.29173	0.01812	0.01657	0.02185	0.03008	0.20935	0.09597	0.01330	0.00905	0.00275	0.00894	0.05424	0.00514	0.00832
40	0.01565	0.08045	0.62242	0.02161	0.03236	0.01844	0.05842	0.02396	0.01607	0.02366	0.01351	0.01600	0.00971	0.00712	0.00715	0.00236	0.01110	0.00568	0.00324	0.01107
41	0.01772	0.01660	0.02758	0.27863	0.43184	0.01789	0.02207	0.05357	0.01745	0.02404	0.01419	0.01925	0.01139	0.00716	0.00754	0.00235	0.00936	0.00676	0.00381	0.01081
42	0.01710	0.01634	0.02831	0.07280	0.41177	0.01639	0.11225	0.02232	0.04263	0.02423	0.02116	0.03103	0.04345	0.00938	0.00821	0.00251	0.00901	0.09600	0.00449	0.01063
43	0.01119	0.00915	0.01251	0.06305	0.08744	0.00883	0.01040	0.01385	0.01665	0.02142	0.07199	0.22544	0.25613	0.01839	0.00920	0.00284	0.00560	0.14221	0.00647	0.00724
44	0.01670	0.01591	0.02704	0.35806	0.39081	0.01748	0.02225	0.02146	0.01629	0.02226	0.01390	0.01945	0.01113	0.00714	0.00754	0.00238	0.00952	0.00675	0.00358	0.01034
45	0.01580	0.01499	0.02541	0.49353	0.26238	0.01724	0.02180	0.02067	0.01586	0.02117	0.01374	0.01974	0.01074	0.00731	0.00756	0.00244	0.00975	0.00675	0.00350	0.00962
46	0.01231	0.00923	0.01147	0.01218	0.01443	0.00898	0.01022	0.06012	0.01860	0.02369	0.04981	0.10104	0.23621	0.01968	0.00978	0.00311	0.00603	0.37887	0.00705	0.00720
47	0.01586	0.13211	0.48230	0.02211	0.09985	0.01859	0.02383	0.02282	0.01616	0.02299	0.01777	0.01984	0.05797	0.00792	0.00704	0.00229	0.01001	0.00626	0.00354	0.01075
48	0.01202	0.01087	0.01721	0.20592	0.05226	0.01117	0.08172	0.01533	0.01616	0.02063	0.04058	0.19887	0.22372	0.01528	0.00877	0.00271	0.00702	0.04664	0.00556	0.00757

[dist]
# distance from previous block
# <min> <max>
2	77

# created by:
# /home/berkeley/.conda/envs/busco_data_prod/bin/msa2prfl.pl pipeline/OGs_align_augustus/5794/32634.fs
