[name]
unknown

[dist]
# distance from previous block
# <min> <max>
0	166

[block]
# block no. 0 follows, 25 sequences, length 52
# corresponding to MSA columns:
# 166-173,182-225
name=unknown_A
#
# <colnr> <probs for GDERKNQSTAVLIFYWHMCP>
#	G	D	E	R	K	N	Q	S	T	A	V	L	I	F	Y	W	H	M	C	P
0	0.01160	0.00834	0.01144	0.01317	0.01464	0.00817	0.01092	0.01455	0.01708	0.02226	0.04284	0.24734	0.06925	0.02208	0.01045	0.00343	0.00636	0.45202	0.00716	0.00691
1	0.01802	0.16909	0.45995	0.01926	0.02871	0.02003	0.02307	0.06602	0.01777	0.05301	0.01563	0.04789	0.01233	0.00821	0.00707	0.00232	0.01014	0.00633	0.00403	0.01113
2	0.07636	0.02770	0.38860	0.01808	0.02605	0.01572	0.04662	0.02428	0.06795	0.04623	0.07211	0.02273	0.01775	0.01052	0.03483	0.00281	0.00953	0.00699	0.07475	0.01038
3	0.00945	0.00675	0.00900	0.01080	0.01125	0.00630	0.00720	0.01080	0.01484	0.01979	0.04274	0.72245	0.05128	0.02429	0.00990	0.00315	0.00450	0.02204	0.00720	0.00630
4	0.01901	0.02765	0.26010	0.03068	0.18636	0.04624	0.20545	0.08232	0.01929	0.02682	0.01494	0.01846	0.01128	0.00722	0.00798	0.00244	0.01123	0.00708	0.00403	0.01142
5	0.02085	0.01774	0.02534	0.17400	0.20056	0.02060	0.01897	0.18191	0.02076	0.05173	0.01496	0.01909	0.01184	0.00936	0.01190	0.00263	0.17513	0.00693	0.00485	0.01086
6	0.00936	0.00707	0.00867	0.00994	0.01102	0.00637	0.00682	0.01089	0.01566	0.02013	0.05310	0.53487	0.23216	0.02294	0.00968	0.00300	0.00433	0.02040	0.00720	0.00637
7	0.02464	0.02185	0.02306	0.21634	0.03230	0.13672	0.01682	0.34026	0.02700	0.03423	0.01576	0.01835	0.01170	0.00881	0.00833	0.00239	0.03816	0.00661	0.00571	0.01097
8	0.01498	0.00933	0.01236	0.06602	0.01642	0.00895	0.00916	0.01869	0.04682	0.13410	0.27135	0.21785	0.11038	0.01645	0.00895	0.00265	0.00501	0.01446	0.00781	0.00827
9	0.01284	0.01008	0.01059	0.01026	0.01272	0.03895	0.00763	0.05630	0.01935	0.05246	0.15474	0.20590	0.34253	0.01843	0.00907	0.00265	0.00488	0.01575	0.00740	0.00745
10	0.02703	0.02065	0.02764	0.02406	0.11159	0.09077	0.14905	0.22209	0.02515	0.19345	0.01971	0.02059	0.01390	0.00834	0.00797	0.00237	0.00968	0.00742	0.00649	0.01205
11	0.01904	0.01895	0.02906	0.17900	0.50094	0.07177	0.02264	0.02356	0.01756	0.02371	0.01422	0.01908	0.01171	0.00716	0.00764	0.00234	0.00982	0.00675	0.00377	0.01128
12	0.00997	0.00789	0.00898	0.00870	0.01097	0.00689	0.00653	0.01269	0.01958	0.02548	0.34528	0.06715	0.40643	0.01794	0.00916	0.00254	0.00381	0.01532	0.00780	0.00689
13	0.02428	0.02159	0.02434	0.06249	0.07811	0.18473	0.10896	0.03293	0.19478	0.15449	0.02179	0.02229	0.01596	0.00867	0.00781	0.00240	0.00968	0.00744	0.00609	0.01116
14	0.02409	0.02157	0.16554	0.01915	0.02621	0.01678	0.11409	0.11255	0.12179	0.23212	0.04909	0.02405	0.01812	0.00900	0.00798	0.00247	0.00870	0.00786	0.00683	0.01202
15	0.01425	0.02376	0.30213	0.16339	0.08269	0.01489	0.02110	0.02030	0.01669	0.02289	0.02756	0.03604	0.11751	0.01119	0.00820	0.00265	0.00931	0.09137	0.00448	0.00959
16	0.00964	0.00716	0.00887	0.01014	0.01114	0.00656	0.00701	0.01117	0.01545	0.01996	0.05003	0.49770	0.19718	0.06465	0.01151	0.00330	0.00467	0.05049	0.00705	0.00630
17	0.01603	0.01383	0.02057	0.06483	0.20933	0.01563	0.01521	0.06796	0.01576	0.02230	0.01733	0.02678	0.01626	0.13444	0.19555	0.00596	0.12105	0.00794	0.00427	0.00896
18	0.02311	0.08819	0.16288	0.07797	0.11419	0.36017	0.01936	0.02720	0.01924	0.02098	0.01277	0.01557	0.01028	0.00759	0.00706	0.00215	0.01209	0.00548	0.00373	0.00998
19	0.01762	0.02336	0.21273	0.01974	0.02398	0.02074	0.01930	0.10339	0.01646	0.02426	0.01341	0.01835	0.01139	0.01567	0.08474	0.00389	0.35051	0.00666	0.00401	0.00980
20	0.01122	0.00674	0.00948	0.01049	0.01074	0.00649	0.00699	0.01049	0.01275	0.01700	0.02981	0.41390	0.03459	0.02546	0.01891	0.34365	0.00549	0.01528	0.00551	0.00500
21	0.34361	0.22160	0.12086	0.01696	0.08463	0.05547	0.01456	0.02368	0.01526	0.02692	0.01168	0.01382	0.00950	0.00708	0.00562	0.00217	0.00816	0.00471	0.00402	0.00969
22	0.01281	0.01097	0.01147	0.01109	0.01357	0.04443	0.00827	0.01924	0.14928	0.02614	0.24553	0.15266	0.23143	0.01672	0.00890	0.00261	0.00488	0.01436	0.00759	0.00803
23	0.02106	0.40175	0.21132	0.01687	0.02442	0.11582	0.01775	0.06964	0.01823	0.02223	0.01235	0.01415	0.01015	0.00720	0.00609	0.00197	0.00992	0.00489	0.00371	0.01046
24	0.02109	0.48527	0.03680	0.01679	0.02252	0.07256	0.07738	0.06061	0.01717	0.02081	0.01174	0.01431	0.01035	0.00772	0.00820	0.00203	0.09580	0.00519	0.00369	0.00995
25	0.01833	0.11205	0.07688	0.20027	0.10956	0.01865	0.01711	0.08818	0.07946	0.02597	0.01567	0.01867	0.01227	0.00747	0.00694	0.00209	0.00847	0.00614	0.00457	0.17124
26	0.02177	0.49262	0.12381	0.01587	0.02260	0.16910	0.01570	0.02503	0.01715	0.01925	0.01146	0.01329	0.00994	0.00702	0.00572	0.00184	0.00992	0.00454	0.00345	0.00995
27	0.00957	0.00684	0.00910	0.01071	0.01127	0.00638	0.00721	0.01110	0.01541	0.02069	0.09271	0.66992	0.05301	0.02362	0.00984	0.00309	0.00443	0.02141	0.00730	0.00638
28	0.02989	0.01266	0.01678	0.01333	0.01856	0.01139	0.01084	0.03449	0.07288	0.53233	0.13002	0.03145	0.02787	0.01063	0.00801	0.00242	0.00611	0.00883	0.00930	0.01222
29	0.01601	0.10082	0.63060	0.02132	0.03236	0.01912	0.02730	0.02444	0.01632	0.02400	0.01364	0.01603	0.00983	0.00730	0.00716	0.00239	0.01118	0.00559	0.00328	0.01133
30	0.01123	0.00771	0.00945	0.00945	0.00979	0.00806	0.00594	0.01191	0.01157	0.01577	0.02352	0.04571	0.02600	0.56134	0.20265	0.00874	0.01081	0.01054	0.00456	0.00525
31	0.01111	0.00781	0.00931	0.00956	0.01149	0.00689	0.00692	0.01324	0.01777	0.06170	0.17429	0.28837	0.31337	0.01992	0.00933	0.00275	0.00423	0.01735	0.00759	0.00700
32	0.01043	0.00771	0.00833	0.00829	0.01039	0.00684	0.00608	0.01282	0.01779	0.02368	0.18054	0.09032	0.39837	0.05945	0.01043	0.00278	0.00407	0.01450	0.12053	0.00667
33	0.01379	0.01211	0.01691	0.01537	0.01588	0.01571	0.01214	0.01559	0.01199	0.01779	0.01658	0.02779	0.01670	0.15203	0.27966	0.00750	0.33318	0.00812	0.00390	0.00725
34	0.00940	0.00692	0.00882	0.01034	0.01112	0.00634	0.00699	0.01085	0.01529	0.01997	0.04834	0.62098	0.14913	0.02356	0.00978	0.00307	0.00441	0.02115	0.00720	0.00634
35	0.31625	0.01263	0.01321	0.01104	0.01569	0.01281	0.00899	0.02790	0.01750	0.29814	0.02191	0.02165	0.01521	0.00856	0.00615	0.00227	0.00574	0.00630	0.16794	0.01010
36	0.01720	0.02673	0.30043	0.03485	0.37364	0.01759	0.02482	0.02357	0.01738	0.02535	0.05342	0.02032	0.01487	0.00763	0.00764	0.00237	0.00981	0.00684	0.00388	0.01165
37	0.01905	0.02773	0.26758	0.06409	0.32652	0.07214	0.02422	0.06170	0.01855	0.02569	0.01434	0.01779	0.01118	0.00734	0.00752	0.00235	0.01041	0.00633	0.00386	0.01161
38	0.03190	0.01782	0.02086	0.01599	0.02210	0.01826	0.01321	0.37187	0.02993	0.33949	0.02409	0.02217	0.01593	0.00944	0.00778	0.00236	0.00765	0.00735	0.00860	0.01319
39	0.02041	0.01839	0.02858	0.13985	0.35827	0.01947	0.06687	0.14557	0.07207	0.02953	0.01666	0.02020	0.01302	0.00776	0.00783	0.00240	0.00929	0.00723	0.00486	0.01176
40	0.02700	0.11956	0.02406	0.01685	0.02229	0.16904	0.01386	0.38370	0.02894	0.03670	0.01665	0.01759	0.01259	0.00864	0.00703	0.00212	0.00929	0.00619	0.06652	0.01137
41	0.01461	0.00878	0.01238	0.01187	0.01369	0.00817	0.04540	0.01656	0.01596	0.12291	0.05553	0.39163	0.03859	0.13006	0.01380	0.00356	0.00571	0.01596	0.06736	0.00746
42	0.01866	0.13982	0.32602	0.02100	0.08977	0.07212	0.02062	0.02517	0.04650	0.06740	0.04526	0.06062	0.01650	0.00891	0.00727	0.00232	0.00964	0.00713	0.00448	0.01078
43	0.01730	0.15271	0.50805	0.02205	0.06905	0.05465	0.02513	0.02462	0.01663	0.02328	0.01334	0.01577	0.01000	0.00725	0.00697	0.00229	0.01093	0.00550	0.00335	0.01113
44	0.01128	0.00752	0.00846	0.00846	0.00846	0.00752	0.00470	0.01128	0.01128	0.01503	0.02443	0.05074	0.02819	0.72751	0.03946	0.00752	0.00752	0.01128	0.00470	0.00470
45	0.01987	0.01948	0.01749	0.16304	0.02509	0.22116	0.01326	0.07411	0.01935	0.02435	0.02155	0.02467	0.06556	0.00957	0.00807	0.00223	0.05062	0.00715	0.20479	0.00857
46	0.05726	0.05938	0.17221	0.15479	0.29114	0.05850	0.02210	0.02417	0.01711	0.05148	0.01442	0.01816	0.01123	0.00734	0.00730	0.00235	0.00987	0.00629	0.00392	0.01097
47	0.01587	0.08904	0.10017	0.04791	0.23931	0.01623	0.10814	0.02010	0.01654	0.02270	0.02240	0.22163	0.02291	0.01192	0.00823	0.00255	0.00859	0.01119	0.00469	0.00986
48	0.00980	0.00723	0.00917	0.01006	0.01121	0.00660	0.00702	0.01185	0.01714	0.02292	0.21327	0.44728	0.15521	0.02136	0.00959	0.00288	0.00419	0.01906	0.00755	0.00660
49	0.01821	0.19665	0.02704	0.02096	0.13298	0.04369	0.08507	0.05960	0.08008	0.02284	0.01928	0.06665	0.01837	0.16004	0.01398	0.00335	0.00861	0.00839	0.00473	0.00947
50	0.01874	0.03288	0.46430	0.02087	0.03070	0.01816	0.06103	0.12321	0.01985	0.05605	0.01544	0.01739	0.01099	0.00759	0.00742	0.00234	0.01044	0.00612	0.00438	0.07209
51	0.02496	0.03090	0.01907	0.01749	0.02107	0.55326	0.01303	0.02685	0.02075	0.01908	0.02304	0.02535	0.11523	0.04644	0.00898	0.00238	0.01208	0.00709	0.00453	0.00839

[dist]
# distance from previous block
# <min> <max>
0	1

[block]
# block no. 1 follows, 25 sequences, length 23
# corresponding to MSA columns:
# 227-249
name=unknown_B
#
# <colnr> <probs for GDERKNQSTAVLIFYWHMCP>
#	G	D	E	R	K	N	Q	S	T	A	V	L	I	F	Y	W	H	M	C	P
0	0.46415	0.12642	0.15685	0.01359	0.02013	0.01989	0.01371	0.06219	0.01567	0.03109	0.01192	0.01373	0.00922	0.00728	0.00554	0.00230	0.00763	0.00468	0.00445	0.00956
1	0.24085	0.12743	0.01959	0.01272	0.01830	0.01702	0.01083	0.08787	0.01972	0.29658	0.02366	0.02249	0.05378	0.00903	0.00659	0.00229	0.00672	0.00665	0.00694	0.01093
2	0.02266	0.15071	0.30197	0.01990	0.06084	0.12388	0.02011	0.02800	0.01840	0.15853	0.01655	0.01754	0.01193	0.00777	0.00701	0.00223	0.01019	0.00583	0.00472	0.01122
3	0.01042	0.00807	0.00965	0.01011	0.01220	0.00730	0.00798	0.01311	0.01843	0.02359	0.19215	0.11801	0.34455	0.01961	0.00961	0.00286	0.00474	0.17332	0.00747	0.00684
4	0.02256	0.02350	0.16327	0.01738	0.02449	0.01973	0.01640	0.30976	0.13981	0.03700	0.01912	0.01955	0.01404	0.00854	0.00738	0.00222	0.00829	0.00665	0.00632	0.13399
5	0.01915	0.01839	0.07001	0.05292	0.02639	0.01845	0.16006	0.15120	0.08153	0.04584	0.04303	0.06063	0.01850	0.05729	0.03431	0.00329	0.11450	0.00890	0.00548	0.01014
6	0.02576	0.15996	0.06124	0.01825	0.05151	0.05309	0.04993	0.19520	0.10697	0.17096	0.02040	0.02021	0.01474	0.00858	0.00725	0.00226	0.00846	0.00679	0.00650	0.01196
7	0.01038	0.00731	0.00928	0.00989	0.01065	0.00692	0.00661	0.01210	0.01615	0.02210	0.23400	0.34763	0.05225	0.19857	0.01710	0.00403	0.00500	0.01685	0.00698	0.00621
8	0.13762	0.01002	0.01162	0.01134	0.01385	0.00993	0.00841	0.05289	0.01770	0.12487	0.09939	0.37612	0.06151	0.01751	0.00855	0.00278	0.00517	0.01522	0.00734	0.00816
9	0.06085	0.06283	0.12930	0.02502	0.20352	0.12264	0.01782	0.09367	0.02069	0.05486	0.11402	0.02326	0.02073	0.00887	0.00745	0.00228	0.00907	0.00724	0.00517	0.01070
10	0.02021	0.17866	0.03195	0.02189	0.06510	0.02197	0.17810	0.16122	0.02027	0.02714	0.01538	0.01940	0.01265	0.01524	0.10783	0.00380	0.07715	0.00707	0.00461	0.01037
11	0.00937	0.00706	0.00868	0.00997	0.01103	0.00637	0.00683	0.01089	0.01564	0.02012	0.05281	0.54026	0.22696	0.02298	0.00969	0.00300	0.00434	0.02045	0.00720	0.00637
12	0.01113	0.00809	0.01136	0.01136	0.01236	0.00909	0.00832	0.01314	0.01213	0.01718	0.02178	0.03604	0.02181	0.24241	0.51584	0.01110	0.01712	0.00912	0.00430	0.00631
13	0.02143	0.12564	0.06790	0.11091	0.02635	0.21326	0.01564	0.08705	0.11703	0.02444	0.01806	0.02297	0.01505	0.01214	0.04989	0.00293	0.01081	0.04369	0.00492	0.00990
14	0.01305	0.01074	0.01154	0.01099	0.01398	0.01077	0.00844	0.05334	0.17824	0.02600	0.10085	0.10571	0.36387	0.01699	0.00890	0.00268	0.00489	0.04316	0.00749	0.00838
15	0.00976	0.00788	0.00869	0.00848	0.01084	0.00680	0.00636	0.01229	0.01909	0.02431	0.27632	0.06908	0.47612	0.01838	0.00916	0.00256	0.00384	0.01559	0.00764	0.00680
16	0.01820	0.01869	0.02502	0.14107	0.18185	0.12281	0.11325	0.05537	0.01909	0.02368	0.02751	0.03256	0.13468	0.01038	0.00824	0.00247	0.00963	0.04108	0.00481	0.00960
17	0.16551	0.08517	0.02239	0.02194	0.17147	0.05529	0.03780	0.02757	0.12776	0.10914	0.04096	0.06604	0.01841	0.00933	0.00713	0.00238	0.00760	0.00773	0.00575	0.01064
18	0.01381	0.01109	0.01414	0.05719	0.06139	0.01095	0.01029	0.06194	0.07899	0.02403	0.03331	0.33930	0.07156	0.05440	0.01021	0.00286	0.00592	0.01433	0.00634	0.11793
19	0.06968	0.19351	0.13000	0.01927	0.10756	0.02030	0.01586	0.14651	0.02059	0.06517	0.07185	0.02239	0.01789	0.05681	0.00907	0.00255	0.00827	0.00684	0.00523	0.01063
20	0.09423	0.01758	0.02017	0.01566	0.02151	0.06366	0.07296	0.15607	0.05489	0.06596	0.01819	0.06148	0.01498	0.00847	0.00697	0.00199	0.00764	0.00700	0.00577	0.28483
21	0.01876	0.04658	0.14989	0.02340	0.18377	0.08816	0.01721	0.02321	0.01772	0.06487	0.04803	0.06671	0.01722	0.00858	0.00721	0.00207	0.00854	0.00723	0.00472	0.19612
22	0.01835	0.01654	0.02351	0.05433	0.27394	0.04418	0.04987	0.09726	0.09602	0.02727	0.02391	0.15731	0.02287	0.01184	0.00837	0.00260	0.00819	0.04747	0.00561	0.01058

[dist]
# distance from previous block
# <min> <max>
5	70

[block]
# block no. 2 follows, 25 sequences, length 7
# corresponding to MSA columns:
# 348-354
name=unknown_C
#
# <colnr> <probs for GDERKNQSTAVLIFYWHMCP>
#	G	D	E	R	K	N	Q	S	T	A	V	L	I	F	Y	W	H	M	C	P
0	0.17296	0.08404	0.02071	0.13125	0.08428	0.01661	0.01344	0.02154	0.01542	0.04747	0.01327	0.01648	0.01076	0.00725	0.00746	0.00200	0.05772	0.00533	0.00434	0.26767
1	0.11584	0.01726	0.12393	0.01347	0.01924	0.01341	0.01262	0.08464	0.01859	0.15321	0.01966	0.02137	0.01459	0.01261	0.06963	0.00301	0.00815	0.00635	0.13516	0.13725
2	0.01691	0.01025	0.01281	0.01244	0.01475	0.01003	0.00912	0.11981	0.01958	0.13493	0.03679	0.49232	0.03975	0.01941	0.00920	0.00289	0.00550	0.01723	0.00769	0.00856
3	0.01848	0.01370	0.01565	0.01536	0.07990	0.01407	0.01084	0.19839	0.08169	0.05605	0.04189	0.04107	0.24859	0.01279	0.00793	0.00238	0.00599	0.01050	0.11487	0.00984
4	0.01255	0.01003	0.01216	0.03824	0.01562	0.00984	0.00934	0.01847	0.12309	0.02520	0.16229	0.17800	0.15918	0.01684	0.00896	0.00269	0.00524	0.10706	0.00717	0.07803
5	0.02008	0.01839	0.02853	0.06235	0.21480	0.01867	0.15149	0.12860	0.12809	0.02996	0.01815	0.02077	0.01402	0.00772	0.00780	0.00230	0.00903	0.00742	0.00524	0.10660
6	0.02480	0.02605	0.02152	0.02270	0.14470	0.34504	0.01501	0.12872	0.02257	0.02668	0.01576	0.01819	0.01258	0.00817	0.00698	0.00208	0.01048	0.00605	0.13190	0.01000

[dist]
# distance from previous block
# <min> <max>
0	1

[block]
# block no. 3 follows, 25 sequences, length 8
# corresponding to MSA columns:
# 356-363
name=unknown_D
#
# <colnr> <probs for GDERKNQSTAVLIFYWHMCP>
#	G	D	E	R	K	N	Q	S	T	A	V	L	I	F	Y	W	H	M	C	P
0	0.06214	0.27553	0.05488	0.04094	0.02192	0.09927	0.01367	0.19597	0.02227	0.02828	0.02163	0.02242	0.09242	0.00922	0.00668	0.00211	0.00856	0.00669	0.00517	0.01025
1	0.02084	0.18895	0.09792	0.01493	0.02067	0.01842	0.03362	0.14186	0.02031	0.10723	0.02206	0.05619	0.04044	0.08467	0.01054	0.00276	0.00800	0.03828	0.00567	0.06665
2	0.02053	0.08394	0.02339	0.01978	0.07867	0.21854	0.08421	0.06728	0.09948	0.02421	0.03057	0.03107	0.16446	0.01068	0.00777	0.00230	0.00935	0.00874	0.00538	0.00965
3	0.01602	0.01467	0.02476	0.29263	0.11818	0.01592	0.11996	0.07413	0.01803	0.02400	0.02131	0.15414	0.02034	0.01132	0.00851	0.00268	0.00924	0.04006	0.00482	0.00927
4	0.05764	0.01979	0.05601	0.01726	0.05404	0.12586	0.04619	0.02815	0.19522	0.05074	0.05580	0.02564	0.05957	0.00919	0.00731	0.00216	0.00789	0.00752	0.00580	0.16818
5	0.01949	0.16198	0.27984	0.09790	0.03216	0.11519	0.09851	0.06430	0.01844	0.02364	0.01356	0.01649	0.01038	0.00738	0.00716	0.00227	0.01111	0.00596	0.00376	0.01050
6	0.01423	0.09998	0.01835	0.01436	0.01691	0.05536	0.07469	0.05561	0.01712	0.02190	0.03259	0.47451	0.03716	0.01834	0.00890	0.00279	0.00669	0.01650	0.00622	0.00778
7	0.01748	0.01674	0.02310	0.10845	0.09517	0.07587	0.12850	0.09196	0.07339	0.02565	0.02928	0.15477	0.10125	0.01234	0.00850	0.00259	0.00864	0.01122	0.00562	0.00950

[dist]
# distance from previous block
# <min> <max>
71	307

[block]
# block no. 4 follows, 25 sequences, length 32
# corresponding to MSA columns:
# 749-780
name=unknown_E
#
# <colnr> <probs for GDERKNQSTAVLIFYWHMCP>
#	G	D	E	R	K	N	Q	S	T	A	V	L	I	F	Y	W	H	M	C	P
0	0.15361	0.02496	0.18487	0.01590	0.02160	0.15788	0.01522	0.10374	0.01981	0.02890	0.05920	0.06232	0.01775	0.00947	0.00694	0.00230	0.00886	0.00716	0.08994	0.00958
1	0.02137	0.06316	0.02522	0.30777	0.12287	0.11554	0.01870	0.18183	0.02200	0.02766	0.01467	0.01852	0.01124	0.00800	0.00747	0.00234	0.01012	0.00648	0.00465	0.01039
2	0.01732	0.01678	0.02627	0.06172	0.37496	0.05657	0.07800	0.02172	0.01904	0.02621	0.19095	0.02945	0.02828	0.00936	0.00817	0.00236	0.00843	0.00890	0.00509	0.01043
3	0.06419	0.01667	0.08269	0.36883	0.08999	0.04881	0.01805	0.01957	0.01637	0.02186	0.02671	0.03023	0.14523	0.01003	0.00777	0.00251	0.00895	0.00844	0.00434	0.00877
4	0.01769	0.01733	0.02667	0.28844	0.36886	0.06108	0.02149	0.02228	0.01737	0.02319	0.05022	0.02152	0.01474	0.00778	0.00774	0.00239	0.00963	0.00717	0.00396	0.01044
5	0.01077	0.00789	0.01057	0.01174	0.01311	0.00769	0.00913	0.01332	0.01656	0.02193	0.10330	0.29547	0.11616	0.02590	0.08873	0.00423	0.00711	0.22264	0.00696	0.00678
6	0.01643	0.01409	0.02138	0.01914	0.06122	0.01441	0.13245	0.11737	0.05277	0.02834	0.11441	0.04594	0.10576	0.01650	0.05396	0.00338	0.03127	0.13558	0.00634	0.00925
7	0.02711	0.02648	0.02155	0.01822	0.02319	0.28087	0.01431	0.28448	0.16458	0.03391	0.01882	0.01903	0.01419	0.00906	0.00749	0.00227	0.01011	0.00660	0.00634	0.01138
8	0.02073	0.73217	0.04063	0.01327	0.01990	0.03068	0.01327	0.02322	0.01575	0.01824	0.01078	0.01244	0.00995	0.00663	0.00498	0.00166	0.00829	0.00415	0.00332	0.00995
9	0.01053	0.00782	0.01067	0.01102	0.01222	0.00827	0.00807	0.01263	0.01383	0.01893	0.05949	0.18605	0.10461	0.11903	0.37062	0.00839	0.01320	0.01272	0.00539	0.00652
10	0.01940	0.17351	0.42459	0.01949	0.02892	0.02174	0.02278	0.15173	0.02032	0.02823	0.01425	0.01605	0.01053	0.00761	0.00697	0.00227	0.01024	0.00567	0.00419	0.01151
11	0.01713	0.01619	0.02737	0.23210	0.44915	0.01713	0.02185	0.02164	0.01682	0.02333	0.01658	0.07505	0.01480	0.00852	0.00787	0.00245	0.00916	0.00810	0.00399	0.01077
12	0.01347	0.00673	0.01010	0.01010	0.01010	0.00673	0.00673	0.01010	0.01010	0.01347	0.01347	0.02357	0.01347	0.02694	0.03030	0.77441	0.00673	0.00673	0.00337	0.00337
13	0.01555	0.04011	0.68733	0.02210	0.03356	0.01801	0.02865	0.02455	0.01637	0.02455	0.01391	0.01637	0.00982	0.00737	0.00737	0.00246	0.01146	0.00573	0.00327	0.01146
14	0.01810	0.01518	0.02024	0.01662	0.02069	0.09003	0.14465	0.02134	0.01885	0.12819	0.07881	0.08761	0.21463	0.01384	0.00953	0.00262	0.03841	0.04536	0.00644	0.00886
15	0.01686	0.01768	0.03558	0.02848	0.08391	0.01689	0.42919	0.02321	0.05018	0.02515	0.06045	0.07493	0.02176	0.00988	0.00917	0.00270	0.01074	0.06842	0.00491	0.00992
16	0.01830	0.02092	0.04575	0.03268	0.04052	0.01961	0.65098	0.02484	0.01830	0.02484	0.01569	0.02092	0.01176	0.00654	0.00915	0.00261	0.01307	0.00915	0.00392	0.01046
17	0.00945	0.00675	0.00900	0.01080	0.01125	0.00630	0.00720	0.01080	0.01484	0.01979	0.04274	0.72245	0.05128	0.02429	0.00990	0.00315	0.00450	0.02204	0.00720	0.00630
18	0.01031	0.00802	0.01034	0.01035	0.01224	0.00721	0.03808	0.01254	0.01688	0.02225	0.11261	0.32069	0.29100	0.01963	0.00915	0.00275	0.00455	0.01730	0.06734	0.00677
19	0.02429	0.02585	0.02493	0.06202	0.23256	0.31942	0.01804	0.02732	0.01918	0.07346	0.01416	0.01727	0.01148	0.00838	0.00936	0.00231	0.08927	0.00611	0.00429	0.01029
20	0.11210	0.02098	0.02197	0.01700	0.02305	0.02331	0.01404	0.58409	0.03390	0.04732	0.01776	0.01795	0.01266	0.00908	0.00743	0.00233	0.00825	0.00668	0.00743	0.01266
21	0.78228	0.01499	0.01140	0.01020	0.01499	0.01739	0.00840	0.02279	0.01320	0.03479	0.01080	0.01260	0.00840	0.00720	0.00480	0.00240	0.00600	0.00420	0.00480	0.00840
22	0.01291	0.00839	0.01028	0.01006	0.01242	0.00747	0.00766	0.01551	0.01898	0.09945	0.23667	0.16888	0.27744	0.01828	0.00924	0.00270	0.00450	0.06375	0.00785	0.00753
23	0.00989	0.00742	0.00920	0.00993	0.01133	0.00673	0.00711	0.01207	0.01749	0.02309	0.21167	0.36249	0.21610	0.02085	0.00955	0.00285	0.00425	0.04380	0.00753	0.00665
24	0.02136	0.01683	0.01975	0.01799	0.07220	0.01825	0.01332	0.27713	0.16258	0.03478	0.02100	0.02301	0.01644	0.01891	0.14723	0.00432	0.01026	0.00738	0.00642	0.09083
25	0.01820	0.16243	0.05233	0.21941	0.18475	0.04703	0.01804	0.07488	0.01838	0.02354	0.02108	0.02419	0.08674	0.00881	0.00729	0.00228	0.00896	0.00730	0.00432	0.01003
26	0.13645	0.16376	0.30881	0.01903	0.05748	0.02104	0.01980	0.05226	0.06759	0.02632	0.01425	0.01629	0.01100	0.00785	0.00757	0.00235	0.04771	0.00560	0.00411	0.01071
27	0.01710	0.03771	0.55508	0.02306	0.03343	0.08123	0.09568	0.02518	0.01710	0.02407	0.01393	0.01665	0.01005	0.00733	0.00753	0.00243	0.01187	0.00604	0.00341	0.01112
28	0.01444	0.06965	0.01909	0.11096	0.12321	0.04745	0.01340	0.01733	0.01675	0.02177	0.09964	0.15453	0.15396	0.01420	0.01024	0.00262	0.08519	0.01178	0.00543	0.00836
29	0.01726	0.01605	0.01938	0.04828	0.18013	0.09043	0.01410	0.04297	0.01826	0.02461	0.06884	0.07403	0.02377	0.03965	0.00906	0.00243	0.00784	0.09368	0.00522	0.20399
30	0.06320	0.01684	0.06139	0.09684	0.11740	0.08360	0.01475	0.07086	0.01817	0.05341	0.07143	0.10186	0.02238	0.02055	0.14834	0.00450	0.01101	0.00904	0.00520	0.00921
31	0.01391	0.04502	0.15221	0.01533	0.01953	0.01268	0.06338	0.05528	0.01674	0.02291	0.06247	0.13835	0.05481	0.13349	0.09166	0.00460	0.00951	0.07457	0.00534	0.00820

[dist]
# distance from previous block
# <min> <max>
4	17

[block]
# block no. 5 follows, 25 sequences, length 26
# corresponding to MSA columns:
# 798-823
name=unknown_F
#
# <colnr> <probs for GDERKNQSTAVLIFYWHMCP>
#	G	D	E	R	K	N	Q	S	T	A	V	L	I	F	Y	W	H	M	C	P
0	0.01417	0.02263	0.30894	0.01559	0.02190	0.01263	0.01702	0.02074	0.04724	0.05418	0.26318	0.07520	0.07007	0.01229	0.00829	0.00250	0.00739	0.01045	0.00609	0.00951
1	0.01658	0.15246	0.54811	0.02194	0.06400	0.02011	0.02588	0.02430	0.01633	0.02356	0.01343	0.01587	0.00997	0.00722	0.00699	0.00232	0.01083	0.00553	0.00331	0.01125
2	0.01451	0.05391	0.35392	0.01718	0.02428	0.01539	0.01917	0.02152	0.05961	0.02432	0.08462	0.09743	0.07913	0.01141	0.00890	0.00251	0.05112	0.00923	0.00488	0.04695
3	0.01942	0.15197	0.18908	0.01878	0.02589	0.02012	0.10903	0.18002	0.02182	0.02904	0.02423	0.02807	0.09430	0.00990	0.00770	0.00239	0.00922	0.04316	0.00520	0.01063
4	0.01297	0.01228	0.05275	0.01130	0.01512	0.01037	0.00937	0.01980	0.13826	0.02718	0.25103	0.04911	0.22700	0.01405	0.00834	0.00235	0.00496	0.01192	0.00716	0.11469
5	0.01584	0.07897	0.65101	0.02160	0.03279	0.01872	0.02778	0.02448	0.01634	0.02420	0.01374	0.01615	0.00983	0.00733	0.00723	0.00241	0.01128	0.00564	0.00328	0.01137
6	0.00958	0.00787	0.00843	0.00829	0.01073	0.00672	0.00622	0.01193	0.01865	0.02327	0.21508	0.07080	0.53801	0.01877	0.00916	0.00258	0.00387	0.01583	0.00751	0.00672
7	0.01607	0.03673	0.58514	0.02214	0.03271	0.01822	0.06479	0.02615	0.07784	0.02532	0.01569	0.01783	0.01125	0.00761	0.00752	0.00248	0.01105	0.00622	0.00375	0.01148
8	0.00965	0.00754	0.00875	0.00916	0.01095	0.00664	0.00660	0.01180	0.01776	0.02284	0.19946	0.26631	0.35447	0.02020	0.00938	0.00274	0.00404	0.01756	0.00749	0.00664
9	0.02174	0.02457	0.02146	0.28773	0.03432	0.33834	0.01682	0.05255	0.02008	0.02173	0.07400	0.02084	0.01608	0.00868	0.00752	0.00228	0.01137	0.00665	0.00436	0.00887
10	0.01816	0.17833	0.32475	0.01812	0.02549	0.14403	0.01960	0.02332	0.01704	0.02147	0.01738	0.12464	0.01631	0.00995	0.00719	0.00231	0.01019	0.00779	0.00402	0.00989
11	0.02198	0.11764	0.05230	0.11647	0.09162	0.08211	0.04777	0.06688	0.01876	0.14451	0.01781	0.02061	0.01358	0.01270	0.06913	0.00319	0.04215	0.00671	0.04376	0.01033
12	0.01543	0.03000	0.45856	0.01773	0.02671	0.01484	0.02137	0.02259	0.01630	0.02546	0.01598	0.01862	0.01192	0.00742	0.00676	0.00213	0.00913	0.00583	0.14409	0.12912
13	0.01868	0.01370	0.01634	0.01181	0.01857	0.01048	0.00949	0.02207	0.01693	0.11704	0.01612	0.01751	0.01256	0.00628	0.00603	0.00132	0.00586	0.00504	0.00529	0.66887
14	0.01859	0.01836	0.06317	0.01698	0.02106	0.11734	0.08304	0.02687	0.19469	0.07902	0.02909	0.24295	0.02767	0.01374	0.00848	0.00266	0.00797	0.01213	0.00647	0.00971
15	0.01128	0.00752	0.00846	0.00846	0.00846	0.00752	0.00470	0.01128	0.01128	0.01503	0.02443	0.05074	0.02819	0.72751	0.03946	0.00752	0.00752	0.01128	0.00470	0.00470
16	0.00945	0.00675	0.00900	0.01080	0.01125	0.00630	0.00720	0.01080	0.01484	0.01979	0.04274	0.72245	0.05128	0.02429	0.00990	0.00315	0.00450	0.02204	0.00720	0.00630
17	0.01765	0.01685	0.02868	0.27227	0.46654	0.01802	0.02303	0.02244	0.01692	0.02346	0.01431	0.01969	0.01162	0.00720	0.00770	0.00240	0.00959	0.00690	0.00370	0.01104
18	0.78228	0.01499	0.01140	0.01020	0.01499	0.01739	0.00840	0.02279	0.01320	0.03479	0.01080	0.01260	0.00840	0.00720	0.00480	0.00240	0.00600	0.00420	0.00480	0.00840
19	0.01830	0.02092	0.04575	0.03268	0.04052	0.01961	0.65098	0.02484	0.01830	0.02484	0.01569	0.02092	0.01176	0.00654	0.00915	0.00261	0.01307	0.00915	0.00392	0.01046
20	0.02117	0.01759	0.01859	0.01616	0.02088	0.02016	0.01273	0.15417	0.54910	0.03547	0.02917	0.02702	0.02173	0.01030	0.00786	0.00257	0.00658	0.00844	0.00786	0.01244
21	0.01467	0.01266	0.01444	0.10906	0.02072	0.01389	0.01089	0.02602	0.31129	0.02562	0.04458	0.04475	0.24378	0.06084	0.01040	0.00294	0.00606	0.01125	0.00682	0.00931
22	0.01660	0.01578	0.02679	0.42427	0.32271	0.01774	0.02251	0.02153	0.01643	0.02219	0.01413	0.02003	0.01117	0.00739	0.00772	0.00246	0.00985	0.00690	0.00361	0.01019
23	0.02547	0.01715	0.02188	0.09768	0.11649	0.01824	0.01535	0.24168	0.11513	0.18690	0.04791	0.02371	0.01795	0.00929	0.00783	0.00242	0.00785	0.00768	0.00721	0.01219
24	0.58916	0.01375	0.01167	0.01055	0.01414	0.01599	0.00828	0.02039	0.01275	0.03007	0.01327	0.01993	0.01217	0.14057	0.01257	0.00341	0.05324	0.00568	0.00469	0.00772
25	0.01851	0.01538	0.01394	0.01296	0.01628	0.14900	0.01025	0.05053	0.02049	0.11614	0.10232	0.05368	0.24874	0.01535	0.00874	0.00260	0.00712	0.12247	0.00702	0.00847

[dist]
# distance from previous block
# <min> <max>
0	4

[block]
# block no. 6 follows, 25 sequences, length 45
# corresponding to MSA columns:
# 828-872
name=unknown_G
#
# <colnr> <probs for GDERKNQSTAVLIFYWHMCP>
#	G	D	E	R	K	N	Q	S	T	A	V	L	I	F	Y	W	H	M	C	P
0	0.01474	0.01935	0.15989	0.02006	0.09694	0.05559	0.09371	0.01951	0.01866	0.02514	0.19921	0.04098	0.12490	0.03652	0.00958	0.00267	0.00808	0.03979	0.00565	0.00904
1	0.01121	0.05854	0.07481	0.01314	0.01538	0.00968	0.04326	0.01361	0.01522	0.02039	0.03658	0.57440	0.04270	0.02065	0.00930	0.00296	0.00583	0.01870	0.00641	0.00723
2	0.02877	0.02130	0.02289	0.01751	0.02375	0.02333	0.01445	0.62010	0.03539	0.04763	0.01836	0.01848	0.01310	0.00912	0.00765	0.00227	0.00839	0.00686	0.00759	0.05307
3	0.01858	0.01482	0.01706	0.01254	0.01918	0.01242	0.01008	0.09421	0.05266	0.05634	0.01598	0.01748	0.01265	0.00657	0.00617	0.00141	0.00612	0.00522	0.00534	0.61517
4	0.00939	0.00786	0.00817	0.00809	0.01061	0.00664	0.00607	0.01156	0.01820	0.02220	0.15231	0.07255	0.60145	0.01917	0.00916	0.00260	0.00389	0.01607	0.00737	0.00664
5	0.01854	0.01908	0.03645	0.08575	0.39048	0.01880	0.26632	0.02393	0.01776	0.02477	0.01496	0.01996	0.01195	0.00682	0.00825	0.00244	0.01078	0.00777	0.00384	0.01133
6	0.00956	0.00761	0.00858	0.00888	0.01085	0.00663	0.00645	0.01169	0.01780	0.02253	0.17925	0.22151	0.42125	0.02002	0.00933	0.00271	0.00401	0.01725	0.00744	0.00663
7	0.01155	0.00861	0.01038	0.00969	0.01183	0.00803	0.00726	0.04712	0.02123	0.02896	0.47481	0.05927	0.20348	0.05097	0.01055	0.00272	0.00416	0.01405	0.00801	0.00732
8	0.02706	0.01291	0.01636	0.01306	0.01797	0.01198	0.01059	0.11939	0.02382	0.40542	0.16370	0.03567	0.08372	0.01166	0.00818	0.00241	0.00606	0.00965	0.00892	0.01145
9	0.02630	0.03225	0.02344	0.08522	0.11991	0.53936	0.01682	0.02895	0.02078	0.01996	0.01252	0.01532	0.01035	0.00781	0.00716	0.00209	0.01298	0.00544	0.00392	0.00942
10	0.01918	0.01402	0.01663	0.01206	0.01880	0.01104	0.00971	0.04764	0.01774	0.11645	0.01628	0.01759	0.01261	0.00641	0.00610	0.00137	0.00597	0.00513	0.00541	0.63987
11	0.05383	0.17043	0.53153	0.01984	0.03006	0.02039	0.02474	0.02421	0.01610	0.02385	0.01317	0.01544	0.00978	0.00722	0.00679	0.00230	0.01059	0.00535	0.00336	0.01102
12	0.78228	0.01499	0.01140	0.01020	0.01499	0.01739	0.00840	0.02279	0.01320	0.03479	0.01080	0.01260	0.00840	0.00720	0.00480	0.00240	0.00600	0.00420	0.00480	0.00840
13	0.02842	0.02120	0.02268	0.01763	0.02364	0.02355	0.01448	0.59011	0.10134	0.04717	0.01995	0.01968	0.01427	0.00943	0.00777	0.00236	0.00828	0.00717	0.00777	0.01309
14	0.00965	0.00689	0.00923	0.01103	0.01157	0.00647	0.00755	0.01115	0.01504	0.02002	0.04262	0.68027	0.05084	0.02410	0.00995	0.00318	0.00467	0.06222	0.00719	0.00635
15	0.03044	0.01906	0.02373	0.01819	0.02429	0.09023	0.10375	0.19303	0.02527	0.35524	0.02337	0.02227	0.01559	0.00891	0.00789	0.00237	0.00882	0.00748	0.00771	0.01235
16	0.01574	0.01490	0.02524	0.54906	0.20463	0.01752	0.02208	0.02077	0.01602	0.02114	0.01398	0.02031	0.01081	0.00755	0.00773	0.00252	0.01006	0.00689	0.00354	0.00950
17	0.02938	0.01440	0.01783	0.01449	0.01992	0.01415	0.01170	0.03898	0.24651	0.45700	0.03093	0.02728	0.02075	0.00992	0.00783	0.00248	0.00644	0.00814	0.00900	0.01287
18	0.01770	0.00963	0.01123	0.00983	0.01358	0.00816	0.00773	0.02001	0.01918	0.24211	0.06256	0.05855	0.45708	0.01629	0.00871	0.00255	0.00482	0.01351	0.00800	0.00876
19	0.02356	0.02093	0.15846	0.01668	0.02312	0.01711	0.01562	0.07740	0.30581	0.21600	0.02673	0.02489	0.01881	0.00952	0.00774	0.00251	0.00754	0.00774	0.00740	0.01242
20	0.01812	0.01508	0.01620	0.01477	0.01860	0.01700	0.01136	0.08932	0.47298	0.03130	0.03449	0.14189	0.05891	0.01307	0.00826	0.00269	0.00598	0.01111	0.00773	0.01111
21	0.02944	0.01798	0.02049	0.01613	0.02194	0.01899	0.01319	0.33963	0.14316	0.25781	0.02490	0.02304	0.01705	0.00962	0.00779	0.00240	0.00746	0.00757	0.00839	0.01303
22	0.02226	0.01600	0.01845	0.01536	0.01969	0.01707	0.03042	0.33310	0.08742	0.07952	0.02920	0.18694	0.05554	0.03992	0.00955	0.00277	0.00712	0.01136	0.00751	0.01079
23	0.02609	0.01969	0.02201	0.01782	0.02308	0.15759	0.10308	0.03349	0.16332	0.26290	0.02797	0.02677	0.06082	0.00969	0.00793	0.00241	0.00879	0.00819	0.00708	0.01128
24	0.00928	0.00740	0.00833	0.00908	0.01079	0.00644	0.00643	0.01099	0.01650	0.02047	0.06368	0.34353	0.41668	0.02157	0.00947	0.00284	0.00416	0.01872	0.00720	0.00644
25	0.02902	0.01591	0.02472	0.01864	0.02491	0.01495	0.15974	0.07603	0.08860	0.42231	0.02644	0.02487	0.01754	0.00896	0.00812	0.00247	0.00818	0.00816	0.00798	0.01247
26	0.01949	0.02002	0.02781	0.17185	0.40359	0.11523	0.02149	0.02357	0.01733	0.02274	0.01366	0.01854	0.01138	0.00782	0.00918	0.00241	0.07278	0.00662	0.00374	0.01075
27	0.01555	0.04011	0.68733	0.02210	0.03356	0.01801	0.02865	0.02455	0.01637	0.02455	0.01391	0.01637	0.00982	0.00737	0.00737	0.00246	0.01146	0.00573	0.00327	0.01146
28	0.01518	0.01484	0.02111	0.54812	0.04478	0.07612	0.01891	0.01952	0.01599	0.01973	0.01775	0.12004	0.01614	0.01013	0.00799	0.00261	0.00983	0.00888	0.00403	0.00832
29	0.01721	0.01641	0.02790	0.33502	0.40716	0.01790	0.02281	0.02206	0.01672	0.02293	0.01424	0.01983	0.01144	0.00728	0.00771	0.00243	0.00970	0.00690	0.00367	0.01069
30	0.01798	0.10504	0.42315	0.02059	0.02970	0.01948	0.06498	0.11324	0.01943	0.02726	0.01679	0.02291	0.01354	0.00876	0.00759	0.00246	0.01044	0.06126	0.00430	0.01110
31	0.01376	0.01238	0.05715	0.01393	0.01763	0.01032	0.08316	0.01834	0.06289	0.07203	0.06785	0.14976	0.27273	0.01677	0.00917	0.00279	0.00631	0.09792	0.00683	0.00826
32	0.01755	0.02213	0.15189	0.25637	0.19470	0.06800	0.02183	0.02433	0.07424	0.02305	0.01520	0.01948	0.01186	0.00814	0.00884	0.00251	0.05886	0.00669	0.00394	0.01040
33	0.01747	0.13318	0.06014	0.20378	0.07329	0.06628	0.10854	0.03696	0.01700	0.02174	0.01772	0.07087	0.01638	0.01010	0.00906	0.00255	0.05861	0.06278	0.00423	0.00931
34	0.02275	0.07044	0.05096	0.01718	0.07709	0.13465	0.01263	0.02660	0.06283	0.19585	0.02319	0.05511	0.02004	0.16025	0.01423	0.00342	0.00860	0.02841	0.00602	0.00975
35	0.01918	0.08879	0.17528	0.02619	0.03384	0.05317	0.34313	0.07049	0.01873	0.02524	0.01453	0.01844	0.01111	0.00748	0.00933	0.00250	0.06052	0.00747	0.00398	0.01061
36	0.01724	0.03477	0.47849	0.02337	0.03315	0.06537	0.13683	0.02627	0.06458	0.02480	0.01539	0.01793	0.01119	0.00749	0.00770	0.00246	0.01153	0.00651	0.00378	0.01117
37	0.02228	0.13338	0.09678	0.05313	0.13555	0.14010	0.07400	0.02754	0.06295	0.10426	0.01636	0.01855	0.01262	0.00818	0.00857	0.00232	0.06153	0.00645	0.00468	0.01077
38	0.02643	0.01445	0.01813	0.04003	0.02076	0.01491	0.01224	0.10898	0.15433	0.33693	0.05444	0.02710	0.02103	0.01442	0.06985	0.00338	0.03458	0.00814	0.00803	0.01185
39	0.01323	0.01211	0.01296	0.01289	0.01455	0.07148	0.00978	0.01661	0.06386	0.02155	0.07281	0.27733	0.18416	0.01860	0.01158	0.00292	0.10711	0.06253	0.00648	0.00746
40	0.01372	0.01373	0.07306	0.01340	0.01595	0.05755	0.03133	0.01621	0.01587	0.05194	0.05982	0.25991	0.12878	0.09366	0.06428	0.00401	0.05943	0.01391	0.00592	0.00753
41	0.01941	0.38312	0.07526	0.06567	0.08158	0.02386	0.01535	0.06959	0.06260	0.02325	0.01730	0.02073	0.03706	0.00824	0.00638	0.00203	0.00827	0.02909	0.00436	0.04684
42	0.02593	0.02072	0.04679	0.02007	0.08124	0.04839	0.01543	0.38399	0.07601	0.08797	0.05040	0.02149	0.01672	0.00969	0.00901	0.00242	0.05718	0.00736	0.00697	0.01220
43	0.01556	0.01495	0.07287	0.01239	0.01635	0.04442	0.01072	0.08506	0.04398	0.07032	0.05316	0.05131	0.39577	0.01541	0.00980	0.00259	0.05775	0.01230	0.00667	0.00862
44	0.06995	0.01676	0.07631	0.06483	0.02243	0.01372	0.01237	0.02434	0.13929	0.02683	0.01697	0.01865	0.01335	0.00705	0.00638	0.00174	0.00668	0.00563	0.00503	0.45170

[dist]
# distance from previous block
# <min> <max>
21	54

[block]
# block no. 7 follows, 25 sequences, length 55
# corresponding to MSA columns:
# 932-986
name=unknown_H
#
# <colnr> <probs for GDERKNQSTAVLIFYWHMCP>
#	G	D	E	R	K	N	Q	S	T	A	V	L	I	F	Y	W	H	M	C	P
0	0.02048	0.02002	0.01819	0.01727	0.06118	0.18624	0.01248	0.11472	0.14501	0.02750	0.05304	0.08140	0.07312	0.01351	0.04339	0.00280	0.00895	0.00888	0.00603	0.08579
1	0.04771	0.01516	0.06449	0.08579	0.19839	0.01380	0.08943	0.01998	0.01744	0.04842	0.09728	0.15443	0.02895	0.01259	0.00858	0.00267	0.00801	0.07197	0.00548	0.00944
2	0.02583	0.02040	0.02125	0.01635	0.02253	0.05537	0.01332	0.44452	0.05648	0.04100	0.01764	0.01819	0.01304	0.00844	0.00724	0.00204	0.00805	0.00638	0.00681	0.19512
3	0.00951	0.00776	0.00844	0.00869	0.01091	0.00668	0.00647	0.01163	0.01773	0.02189	0.13146	0.15968	0.50824	0.01995	0.00932	0.00271	0.00410	0.04091	0.00733	0.00661
4	0.02428	0.01997	0.02412	0.02372	0.14714	0.15252	0.09408	0.09588	0.02171	0.17356	0.06263	0.08417	0.02069	0.01004	0.00805	0.00239	0.00923	0.00879	0.00619	0.01085
5	0.01648	0.13972	0.56126	0.02206	0.06308	0.01987	0.02617	0.02432	0.01634	0.02367	0.01349	0.01594	0.00996	0.00724	0.00703	0.00233	0.01089	0.00556	0.00331	0.01128
6	0.01808	0.02269	0.10946	0.03256	0.08038	0.01937	0.54847	0.02474	0.01807	0.02484	0.01544	0.02035	0.01160	0.00664	0.00888	0.00258	0.01266	0.00866	0.00385	0.01067
7	0.01464	0.01378	0.02326	0.70887	0.05340	0.01723	0.02153	0.01981	0.01550	0.01981	0.01378	0.02067	0.01034	0.00775	0.00775	0.00258	0.01034	0.00689	0.00345	0.00861
8	0.01755	0.02545	0.27980	0.15549	0.16414	0.01734	0.10889	0.02400	0.01716	0.06791	0.01750	0.02093	0.03319	0.00779	0.00783	0.00247	0.01045	0.00713	0.00406	0.01091
9	0.09184	0.02560	0.02321	0.02291	0.13378	0.24385	0.01580	0.28838	0.02653	0.03385	0.01509	0.01667	0.01157	0.00829	0.00724	0.00222	0.01022	0.00608	0.00560	0.01124
10	0.00945	0.00675	0.00900	0.01080	0.01125	0.00630	0.00720	0.01080	0.01484	0.01979	0.04274	0.72245	0.05128	0.02429	0.00990	0.00315	0.00450	0.02204	0.00720	0.00630
11	0.01608	0.01378	0.01608	0.01148	0.01837	0.01034	0.00919	0.01952	0.01608	0.02527	0.01378	0.01608	0.01148	0.00574	0.00574	0.00115	0.00574	0.00459	0.00459	0.77491
12	0.00940	0.00786	0.00818	0.00810	0.01062	0.00665	0.00608	0.01158	0.01823	0.02227	0.15630	0.07244	0.59741	0.01914	0.00916	0.00259	0.00389	0.01606	0.00737	0.00665
13	0.01115	0.00803	0.01107	0.01107	0.01197	0.00894	0.00796	0.01295	0.01205	0.01697	0.02204	0.03751	0.02244	0.29071	0.46841	0.01074	0.01616	0.00934	0.00434	0.00615
14	0.02043	0.01812	0.02533	0.11996	0.21382	0.06447	0.05972	0.07581	0.01875	0.07543	0.01533	0.01885	0.01207	0.00792	0.00916	0.00224	0.07888	0.00656	0.00466	0.15249
15	0.00993	0.00705	0.00933	0.01098	0.01154	0.00668	0.00756	0.01141	0.01487	0.01977	0.04103	0.59802	0.04865	0.08233	0.01244	0.00356	0.00503	0.08659	0.00698	0.00626
16	0.01620	0.01537	0.02607	0.48264	0.26748	0.01764	0.02231	0.02117	0.01624	0.02170	0.01406	0.02016	0.01100	0.00746	0.00773	0.00249	0.00995	0.00690	0.00358	0.00987
17	0.01844	0.17059	0.30602	0.06756	0.09324	0.11822	0.02113	0.02402	0.01737	0.02237	0.03883	0.01927	0.03500	0.00801	0.00702	0.00223	0.01037	0.00616	0.00378	0.01038
18	0.01965	0.28639	0.21337	0.01681	0.02481	0.02226	0.04172	0.11330	0.01905	0.02585	0.01348	0.01537	0.01071	0.00706	0.00633	0.00192	0.00895	0.00526	0.00419	0.14350
19	0.00940	0.00693	0.00881	0.01031	0.01112	0.00634	0.00698	0.01085	0.01531	0.01998	0.04862	0.61606	0.15388	0.02353	0.00978	0.00306	0.00440	0.02111	0.00720	0.00634
20	0.01015	0.00762	0.00954	0.01058	0.01204	0.00701	0.00792	0.01237	0.01701	0.02204	0.12202	0.34410	0.22298	0.02151	0.00978	0.00301	0.00478	0.14155	0.00733	0.00665
21	0.02004	0.17150	0.10058	0.06466	0.27434	0.05584	0.12320	0.02478	0.01757	0.05525	0.01450	0.01792	0.01158	0.00706	0.00729	0.00224	0.01005	0.00652	0.00395	0.01111
22	0.03082	0.01659	0.08716	0.01904	0.10713	0.01298	0.01475	0.03463	0.02101	0.53211	0.02682	0.02444	0.01735	0.00902	0.00774	0.00239	0.00743	0.00747	0.00821	0.01290
23	0.00969	0.00788	0.00858	0.00840	0.01079	0.00677	0.00630	0.01214	0.01891	0.02388	0.25108	0.06979	0.50163	0.01854	0.00916	0.00257	0.00385	0.01569	0.00759	0.00677
24	0.01853	0.01563	0.02382	0.19864	0.19757	0.03996	0.06427	0.04865	0.01835	0.08911	0.02510	0.03267	0.08247	0.01053	0.00895	0.00260	0.03662	0.07142	0.00515	0.00998
25	0.04844	0.09044	0.27597	0.02714	0.20627	0.09297	0.02207	0.02561	0.05812	0.02421	0.01442	0.01723	0.01137	0.00776	0.00807	0.00235	0.04662	0.00602	0.00387	0.01107
26	0.02816	0.03562	0.02209	0.02000	0.02373	0.65142	0.01511	0.03014	0.02130	0.01896	0.01186	0.01418	0.01000	0.00836	0.00822	0.00209	0.06073	0.00511	0.00395	0.00895
27	0.02114	0.11239	0.03701	0.02734	0.07319	0.18424	0.33660	0.02563	0.01840	0.02223	0.01375	0.01782	0.01104	0.00739	0.00911	0.00238	0.05926	0.00723	0.00382	0.01002
28	0.01019	0.00789	0.00928	0.00893	0.01110	0.00698	0.00670	0.01311	0.02010	0.02670	0.41683	0.06515	0.33412	0.01749	0.00915	0.00252	0.00377	0.01504	0.00796	0.00698
29	0.00940	0.00695	0.00879	0.01026	0.01111	0.00634	0.00696	0.01086	0.01536	0.02000	0.04922	0.60516	0.16439	0.02345	0.00976	0.00305	0.00440	0.02101	0.00720	0.00634
30	0.00965	0.00787	0.00853	0.00837	0.01077	0.00675	0.00628	0.01208	0.01883	0.02369	0.24013	0.07010	0.51270	0.01861	0.00916	0.00257	0.00385	0.01573	0.00756	0.00675
31	0.01097	0.00793	0.01036	0.00975	0.01158	0.00732	0.00732	0.01463	0.02195	0.03109	0.67505	0.05792	0.07316	0.01585	0.00914	0.00244	0.00366	0.01402	0.00854	0.00732
32	0.00946	0.00787	0.00826	0.00816	0.01065	0.00667	0.00612	0.01170	0.01837	0.02260	0.17584	0.07190	0.57766	0.01902	0.00916	0.00259	0.00388	0.01598	0.00742	0.00667
33	0.78228	0.01499	0.01140	0.01020	0.01499	0.01739	0.00840	0.02279	0.01320	0.03479	0.01080	0.01260	0.00840	0.00720	0.00480	0.00240	0.00600	0.00420	0.00480	0.00840
34	0.01555	0.04011	0.68733	0.02210	0.03356	0.01801	0.02865	0.02455	0.01637	0.02455	0.01391	0.01637	0.00982	0.00737	0.00737	0.00246	0.01146	0.00573	0.00327	0.01146
35	0.01929	0.01666	0.01753	0.01578	0.02016	0.01929	0.01227	0.04120	0.66513	0.03243	0.03156	0.02893	0.02367	0.01052	0.00789	0.00263	0.00614	0.00877	0.00789	0.01227
36	0.78228	0.01499	0.01140	0.01020	0.01499	0.01739	0.00840	0.02279	0.01320	0.03479	0.01080	0.01260	0.00840	0.00720	0.00480	0.00240	0.00600	0.00420	0.00480	0.00840
37	0.02947	0.02172	0.02327	0.01784	0.02404	0.02404	0.01474	0.65329	0.03646	0.04887	0.01862	0.01862	0.01319	0.00931	0.00776	0.00233	0.00853	0.00698	0.00776	0.01319
38	0.78228	0.01499	0.01140	0.01020	0.01499	0.01739	0.00840	0.02279	0.01320	0.03479	0.01080	0.01260	0.00840	0.00720	0.00480	0.00240	0.00600	0.00420	0.00480	0.00840
39	0.01919	0.01842	0.03147	0.04759	0.67914	0.01842	0.02380	0.02380	0.01765	0.02533	0.01458	0.01919	0.01228	0.00691	0.00768	0.00230	0.00921	0.00691	0.00384	0.01228
