[name]
unknown

[dist]
# distance from previous block
# <min> <max>
0	141

[block]
# block no. 0 follows, 29 sequences, length 14
# corresponding to MSA columns:
# 154-167
name=unknown_A
#
# <colnr> <probs for GDERKNQSTAVLIFYWHMCP>
#	G	D	E	R	K	N	Q	S	T	A	V	L	I	F	Y	W	H	M	C	P
0	0.20903	0.01162	0.01375	0.11520	0.02024	0.01294	0.01189	0.07635	0.05286	0.02602	0.02497	0.04610	0.02468	0.01313	0.00772	0.00274	0.00678	0.31057	0.00563	0.00778
1	0.01992	0.01429	0.02326	0.26168	0.31404	0.01491	0.01825	0.02395	0.01663	0.19763	0.01692	0.01976	0.01232	0.00723	0.00710	0.00222	0.00818	0.00655	0.00476	0.01039
2	0.22159	0.01300	0.01407	0.17070	0.02223	0.04404	0.01050	0.01796	0.01444	0.02348	0.02183	0.02379	0.12554	0.00827	0.00603	0.00191	0.00634	0.00642	0.00441	0.24346
3	0.19848	0.01214	0.01670	0.27555	0.09957	0.01416	0.01390	0.01730	0.01357	0.02190	0.01779	0.17918	0.01766	0.01070	0.00809	0.00248	0.05998	0.00885	0.00426	0.00774
4	0.13387	0.01476	0.02099	0.36522	0.19752	0.04675	0.01731	0.02063	0.01494	0.05136	0.01301	0.01732	0.01003	0.00686	0.00659	0.00220	0.00847	0.00583	0.00375	0.04259
5	0.18030	0.01400	0.01800	0.12502	0.10308	0.01572	0.03660	0.09361	0.10781	0.02688	0.01981	0.03029	0.01764	0.01014	0.00787	0.00250	0.03944	0.13718	0.00514	0.00896
6	0.01194	0.00647	0.00970	0.00970	0.00995	0.00671	0.00671	0.00995	0.00970	0.01318	0.01367	0.02288	0.01343	0.03032	0.16289	0.64069	0.00869	0.00647	0.00323	0.00373
7	0.01327	0.00664	0.00664	0.00664	0.00830	0.00664	0.00498	0.01659	0.01493	0.02655	0.02323	0.02655	0.01825	0.00830	0.00498	0.00166	0.00332	0.00664	0.78928	0.00664
8	0.01651	0.21184	0.02527	0.02247	0.22373	0.01905	0.01464	0.02235	0.12785	0.02089	0.01574	0.01914	0.01346	0.01578	0.13561	0.00376	0.07217	0.00617	0.00404	0.00953
9	0.00876	0.00695	0.00818	0.00871	0.01031	0.00637	0.00632	0.01050	0.01469	0.01849	0.05371	0.27762	0.39129	0.02470	0.11563	0.00392	0.00609	0.01558	0.00619	0.00599
10	0.01327	0.00664	0.00664	0.00664	0.00830	0.00664	0.00498	0.01659	0.01493	0.02655	0.02323	0.02655	0.01825	0.00830	0.00498	0.00166	0.00332	0.00664	0.78928	0.00664
11	0.01354	0.01308	0.02309	0.51896	0.04182	0.01535	0.11736	0.01796	0.01441	0.01884	0.01560	0.09599	0.01368	0.00880	0.00823	0.00246	0.04118	0.00811	0.00359	0.00793
12	0.01824	0.63375	0.15061	0.01354	0.02038	0.02622	0.01455	0.02153	0.01456	0.01773	0.01038	0.01203	0.00912	0.00620	0.00494	0.00165	0.00810	0.00405	0.00304	0.00937
13	0.15440	0.24272	0.07397	0.01444	0.01996	0.13948	0.01298	0.17914	0.05600	0.02720	0.01302	0.01410	0.01027	0.00721	0.00576	0.00194	0.00829	0.00489	0.00457	0.00966

[dist]
# distance from previous block
# <min> <max>
12	46

[block]
# block no. 1 follows, 29 sequences, length 10
# corresponding to MSA columns:
# 217-226
name=unknown_B
#
# <colnr> <probs for GDERKNQSTAVLIFYWHMCP>
#	G	D	E	R	K	N	Q	S	T	A	V	L	I	F	Y	W	H	M	C	P
0	0.06237	0.15646	0.15895	0.05223	0.13141	0.08940	0.01693	0.16112	0.05983	0.02652	0.01389	0.01568	0.01077	0.00719	0.00637	0.00205	0.00873	0.00548	0.00436	0.01027
1	0.07074	0.16712	0.02352	0.07367	0.10025	0.20926	0.01402	0.10157	0.12886	0.02411	0.01475	0.01623	0.01173	0.00743	0.00627	0.00200	0.00883	0.00550	0.00452	0.00965
2	0.01075	0.00699	0.00937	0.00937	0.00981	0.00743	0.00631	0.01092	0.01049	0.01442	0.01901	0.03457	0.02006	0.34683	0.26990	0.18576	0.01092	0.00848	0.00387	0.00474
3	0.01277	0.01098	0.01736	0.04286	0.01898	0.01102	0.15449	0.01831	0.11047	0.02189	0.03112	0.20222	0.08811	0.04358	0.03389	0.00301	0.00699	0.07476	0.08957	0.00762
4	0.01327	0.00664	0.00664	0.00664	0.00830	0.00664	0.00498	0.01659	0.01493	0.02655	0.02323	0.02655	0.01825	0.00830	0.00498	0.00166	0.00332	0.00664	0.78928	0.00664
5	0.01475	0.15335	0.13499	0.01262	0.01881	0.01404	0.01219	0.01851	0.01423	0.02085	0.01318	0.01627	0.01118	0.01327	0.11839	0.00298	0.00876	0.00485	0.00374	0.39305
6	0.08122	0.18809	0.03099	0.02000	0.02578	0.16939	0.24225	0.11638	0.01898	0.02412	0.01270	0.01522	0.01003	0.00671	0.00663	0.00203	0.01010	0.00593	0.00405	0.00942
7	0.01327	0.00664	0.00664	0.00664	0.00830	0.00664	0.00498	0.01659	0.01493	0.02655	0.02323	0.02655	0.01825	0.00830	0.00498	0.00166	0.00332	0.00664	0.78928	0.00664
8	0.01247	0.01219	0.05576	0.02079	0.16756	0.01075	0.09450	0.01579	0.01551	0.02125	0.07088	0.30827	0.03304	0.01506	0.00851	0.00265	0.00673	0.11499	0.00544	0.00789
9	0.01876	0.02654	0.18269	0.10332	0.06179	0.22821	0.18892	0.02353	0.01675	0.02030	0.01248	0.01604	0.00970	0.00710	0.00813	0.00223	0.05485	0.00609	0.00341	0.00918

[dist]
# distance from previous block
# <min> <max>
0	8

[block]
# block no. 2 follows, 29 sequences, length 11
# corresponding to MSA columns:
# 235-245
name=unknown_C
#
# <colnr> <probs for GDERKNQSTAVLIFYWHMCP>
#	G	D	E	R	K	N	Q	S	T	A	V	L	I	F	Y	W	H	M	C	P
0	0.02660	0.03394	0.02018	0.01834	0.02201	0.72116	0.01376	0.02843	0.02018	0.01743	0.01101	0.01284	0.00917	0.00734	0.00642	0.00183	0.01284	0.00459	0.00367	0.00825
1	0.01765	0.54548	0.23375	0.01454	0.02192	0.02479	0.01629	0.02168	0.01463	0.01844	0.01074	0.01247	0.00910	0.00629	0.00521	0.00174	0.00846	0.00423	0.00303	0.00954
2	0.01682	0.41888	0.35300	0.01597	0.02414	0.02274	0.01878	0.02190	0.01473	0.01946	0.01124	0.01311	0.00908	0.00641	0.00560	0.00187	0.00897	0.00449	0.00303	0.00979
3	0.01310	0.01149	0.01821	0.39954	0.13550	0.01317	0.01521	0.01628	0.01331	0.01758	0.01585	0.02749	0.01494	0.24128	0.01630	0.00376	0.00852	0.00760	0.00358	0.00729
4	0.01327	0.00664	0.00664	0.00664	0.00830	0.00664	0.00498	0.01659	0.01493	0.02655	0.02323	0.02655	0.01825	0.00830	0.00498	0.00166	0.00332	0.00664	0.78928	0.00664
5	0.01317	0.01106	0.01713	0.02297	0.28411	0.01141	0.01252	0.01555	0.01297	0.01830	0.01792	0.02993	0.01785	0.26064	0.21771	0.00629	0.01094	0.00801	0.00386	0.00764
6	0.00964	0.00813	0.01021	0.01253	0.09634	0.00730	0.00780	0.01158	0.01548	0.01943	0.05542	0.25586	0.42890	0.01780	0.00844	0.00251	0.00436	0.01544	0.00623	0.00660
7	0.01327	0.00664	0.00664	0.00664	0.00830	0.00664	0.00498	0.01659	0.01493	0.02655	0.02323	0.02655	0.01825	0.00830	0.00498	0.00166	0.00332	0.00664	0.78928	0.00664
8	0.01556	0.01520	0.02698	0.36637	0.31325	0.01654	0.10266	0.02025	0.01536	0.02082	0.01317	0.01846	0.01038	0.00667	0.00725	0.00227	0.00939	0.00659	0.00336	0.00948
9	0.01532	0.14022	0.32099	0.21002	0.13589	0.01824	0.02169	0.02111	0.01491	0.02060	0.01239	0.01590	0.00951	0.00669	0.00656	0.00215	0.00948	0.00548	0.00313	0.00973
10	0.02044	0.13824	0.02589	0.08744	0.30386	0.12568	0.01671	0.05947	0.01772	0.08837	0.01618	0.01848	0.03650	0.00731	0.00662	0.00202	0.00864	0.00606	0.00426	0.01012

[dist]
# distance from previous block
# <min> <max>
1	6

[block]
# block no. 3 follows, 29 sequences, length 16
# corresponding to MSA columns:
# 330-345
name=unknown_D
#
# <colnr> <probs for GDERKNQSTAVLIFYWHMCP>
#	G	D	E	R	K	N	Q	S	T	A	V	L	I	F	Y	W	H	M	C	P
0	0.28557	0.09048	0.13979	0.06125	0.02206	0.12467	0.01417	0.11681	0.01722	0.02717	0.01177	0.01376	0.00909	0.00720	0.00633	0.00213	0.03247	0.00481	0.00419	0.00906
1	0.12895	0.50024	0.05520	0.01186	0.01702	0.02248	0.01139	0.01967	0.01413	0.01950	0.01467	0.10312	0.01479	0.00869	0.00539	0.00188	0.00696	0.03177	0.00381	0.00848
2	0.01247	0.01069	0.01408	0.17381	0.05864	0.01148	0.01112	0.01936	0.16003	0.02399	0.21742	0.04159	0.19270	0.01223	0.00780	0.00234	0.00555	0.01054	0.00614	0.00803
3	0.00923	0.00659	0.00890	0.01055	0.01120	0.00626	0.00757	0.01087	0.01418	0.01879	0.03894	0.61411	0.04589	0.02179	0.00924	0.00297	0.00461	0.14580	0.00660	0.00594
4	0.00864	0.00634	0.00811	0.00953	0.01023	0.00582	0.00644	0.00996	0.01400	0.01833	0.04395	0.64839	0.14078	0.02170	0.00899	0.00282	0.00406	0.01950	0.00661	0.00582
5	0.00975	0.00704	0.00978	0.01111	0.01203	0.00707	0.00842	0.01182	0.01397	0.01873	0.03484	0.41846	0.03962	0.02770	0.14969	0.00468	0.00775	0.19538	0.00604	0.00611
6	0.01327	0.00664	0.00664	0.00664	0.00830	0.00664	0.00498	0.01659	0.01493	0.02655	0.02323	0.02655	0.01825	0.00830	0.00498	0.00166	0.00332	0.00664	0.78928	0.00664
7	0.01904	0.75404	0.03731	0.01218	0.01828	0.02818	0.01218	0.02132	0.01447	0.01675	0.00990	0.01142	0.00914	0.00609	0.00457	0.00152	0.00761	0.00381	0.00305	0.00914
8	0.80005	0.01377	0.01047	0.00936	0.01377	0.01597	0.00771	0.02093	0.01212	0.03195	0.00991	0.01157	0.00771	0.00661	0.00441	0.00220	0.00551	0.00386	0.00441	0.00771
9	0.01327	0.00664	0.00664	0.00664	0.00830	0.00664	0.00498	0.01659	0.01493	0.02655	0.02323	0.02655	0.01825	0.00830	0.00498	0.00166	0.00332	0.00664	0.78928	0.00664
10	0.01477	0.01266	0.01477	0.01055	0.01687	0.00949	0.00844	0.01793	0.01477	0.02320	0.01266	0.01477	0.01055	0.00527	0.00527	0.00105	0.00527	0.00422	0.00422	0.79328
11	0.02203	0.02598	0.02224	0.08975	0.15870	0.41689	0.01617	0.02457	0.01752	0.01861	0.01139	0.01475	0.00964	0.00785	0.00903	0.00212	0.11515	0.00533	0.00351	0.00875
12	0.02707	0.01995	0.02137	0.01638	0.02208	0.02208	0.01353	0.68159	0.03348	0.04488	0.01710	0.01710	0.01211	0.00855	0.00712	0.00214	0.00784	0.00641	0.00712	0.01211
13	0.01445	0.00848	0.01227	0.01145	0.01360	0.00901	0.00901	0.01712	0.01401	0.15435	0.08425	0.02958	0.02235	0.04101	0.51452	0.00877	0.01505	0.00802	0.00517	0.00753
14	0.01558	0.01558	0.02181	0.01869	0.01869	0.02181	0.01558	0.01714	0.01091	0.01714	0.00935	0.01558	0.00935	0.01246	0.02337	0.00312	0.73672	0.00623	0.00312	0.00779
15	0.00992	0.00721	0.00956	0.01069	0.01195	0.00685	0.00832	0.01231	0.01595	0.02111	0.14821	0.32294	0.11024	0.01968	0.00919	0.00288	0.00486	0.25510	0.00679	0.00624

[dist]
# distance from previous block
# <min> <max>
0	1

[block]
# block no. 4 follows, 29 sequences, length 23
# corresponding to MSA columns:
# 347-354,358-372
name=unknown_E
#
# <colnr> <probs for GDERKNQSTAVLIFYWHMCP>
#	G	D	E	R	K	N	Q	S	T	A	V	L	I	F	Y	W	H	M	C	P
0	0.14182	0.01770	0.01925	0.09153	0.02336	0.01984	0.01308	0.45104	0.06718	0.06139	0.01662	0.01727	0.01193	0.00818	0.00672	0.00219	0.00747	0.00614	0.00635	0.01095
1	0.01327	0.00664	0.00664	0.00664	0.00830	0.00664	0.00498	0.01659	0.01493	0.02655	0.02323	0.02655	0.01825	0.00830	0.00498	0.00166	0.00332	0.00664	0.78928	0.00664
2	0.00868	0.00620	0.00826	0.00991	0.01033	0.00578	0.00661	0.00991	0.01363	0.01818	0.03925	0.74510	0.04710	0.02231	0.00909	0.00289	0.00413	0.02024	0.00661	0.00578
3	0.29936	0.06132	0.09306	0.02427	0.25291	0.01696	0.07304	0.02233	0.01479	0.06232	0.01274	0.01530	0.00993	0.00657	0.00605	0.00216	0.00774	0.00541	0.00405	0.00969
4	0.00900	0.00643	0.00863	0.01028	0.01084	0.00606	0.00717	0.01047	0.01395	0.01854	0.03907	0.66875	0.04639	0.02201	0.00917	0.00294	0.00441	0.09343	0.00660	0.00587
5	0.01591	0.04677	0.10740	0.01758	0.02250	0.04549	0.14895	0.02599	0.25379	0.02492	0.10611	0.02760	0.06250	0.00959	0.00845	0.00235	0.05071	0.00837	0.00546	0.00955
6	0.01775	0.10128	0.17055	0.01271	0.01814	0.01276	0.01262	0.02246	0.05319	0.20082	0.11718	0.03444	0.17510	0.01088	0.00722	0.00220	0.00632	0.00889	0.00616	0.00933
7	0.01468	0.03436	0.63283	0.01963	0.02941	0.01667	0.02458	0.02431	0.09285	0.02338	0.01464	0.01636	0.01048	0.00710	0.00682	0.00227	0.00996	0.00558	0.00349	0.01061
8	0.01477	0.01266	0.01477	0.01055	0.01687	0.00949	0.00844	0.01793	0.01477	0.02320	0.01266	0.01477	0.01055	0.00527	0.00527	0.00105	0.00527	0.00422	0.00422	0.79328
9	0.01784	0.57307	0.20777	0.01423	0.02144	0.02524	0.01575	0.02163	0.01461	0.01822	0.01063	0.01233	0.00911	0.00626	0.00512	0.00171	0.00835	0.00417	0.00304	0.00949
10	0.20576	0.02061	0.17270	0.01473	0.02079	0.01735	0.01421	0.24698	0.07177	0.06979	0.06464	0.01898	0.01531	0.00821	0.00650	0.00221	0.00731	0.00617	0.00570	0.01026
11	0.01566	0.22289	0.37752	0.01597	0.02437	0.01808	0.01857	0.02120	0.01482	0.02115	0.01198	0.01401	0.00939	0.00625	0.00585	0.00179	0.00858	0.00464	0.00329	0.18398
12	0.01866	0.01758	0.02600	0.03096	0.35621	0.05449	0.09847	0.10000	0.12051	0.02623	0.01790	0.02332	0.01490	0.00806	0.00742	0.00227	0.00849	0.05314	0.00473	0.01067
13	0.01237	0.00618	0.00928	0.00928	0.00928	0.00618	0.00618	0.00928	0.00928	0.01237	0.01237	0.02165	0.01237	0.02474	0.02783	0.79283	0.00618	0.00618	0.00309	0.00309
14	0.01025	0.00733	0.00995	0.00995	0.01070	0.00809	0.00704	0.01176	0.01100	0.01542	0.02044	0.03555	0.02109	0.33662	0.44281	0.00960	0.01412	0.00874	0.00402	0.00553
15	0.01327	0.00664	0.00664	0.00664	0.00830	0.00664	0.00498	0.01659	0.01493	0.02655	0.02323	0.02655	0.01825	0.00830	0.00498	0.00166	0.00332	0.00664	0.78928	0.00664
16	0.01477	0.01266	0.01477	0.01055	0.01687	0.00949	0.00844	0.01793	0.01477	0.02320	0.01266	0.01477	0.01055	0.00527	0.00527	0.00105	0.00527	0.00422	0.00422	0.79328
17	0.01542	0.06729	0.12612	0.01431	0.01811	0.16880	0.01319	0.01913	0.01784	0.02217	0.19349	0.04358	0.03335	0.01270	0.00788	0.00242	0.00785	0.20314	0.00544	0.00778
18	0.01327	0.00664	0.00664	0.00664	0.00830	0.00664	0.00498	0.01659	0.01493	0.02655	0.02323	0.02655	0.01825	0.00830	0.00498	0.00166	0.00332	0.00664	0.78928	0.00664
19	0.01950	0.21774	0.07739	0.07383	0.27746	0.17809	0.01764	0.02300	0.01643	0.01983	0.01184	0.01481	0.00996	0.00658	0.00623	0.00192	0.00944	0.00520	0.00337	0.00975
20	0.01676	0.01605	0.01568	0.01200	0.01777	0.11743	0.00944	0.02093	0.06385	0.02280	0.01357	0.01532	0.01114	0.00590	0.00559	0.00127	0.00644	0.00455	0.00435	0.61916
21	0.01887	0.34445	0.26376	0.01582	0.02327	0.02268	0.01722	0.14597	0.04367	0.02448	0.01294	0.01428	0.01013	0.00692	0.00590	0.00192	0.00857	0.00495	0.00395	0.01025
22	0.14645	0.12299	0.14385	0.01449	0.02043	0.06580	0.01392	0.13552	0.01919	0.17346	0.01757	0.02079	0.01347	0.00834	0.00642	0.00216	0.00779	0.05184	0.00547	0.01005

[dist]
# distance from previous block
# <min> <max>
22	46

[block]
# block no. 5 follows, 29 sequences, length 26
# corresponding to MSA columns:
# 419-444
name=unknown_F
#
# <colnr> <probs for GDERKNQSTAVLIFYWHMCP>
#	G	D	E	R	K	N	Q	S	T	A	V	L	I	F	Y	W	H	M	C	P
0	0.01493	0.01417	0.02403	0.48874	0.28138	0.01621	0.02051	0.01949	0.01494	0.01999	0.01292	0.01850	0.01012	0.00684	0.00709	0.00228	0.00913	0.00633	0.00329	0.00910
1	0.22073	0.01430	0.01617	0.01318	0.01694	0.01592	0.01080	0.05024	0.04526	0.02494	0.01189	0.01484	0.01003	0.00818	0.01076	0.00210	0.22919	0.00502	0.00421	0.27530
2	0.80005	0.01377	0.01047	0.00936	0.01377	0.01597	0.00771	0.02093	0.01212	0.03195	0.00991	0.01157	0.00771	0.00661	0.00441	0.00220	0.00551	0.00386	0.00441	0.00771
3	0.01704	0.01632	0.02785	0.14022	0.61339	0.01676	0.02156	0.02134	0.01594	0.02255	0.01329	0.01781	0.01103	0.00645	0.00706	0.00215	0.00860	0.00634	0.00347	0.01081
4	0.00868	0.00620	0.00826	0.00991	0.01033	0.00578	0.00661	0.00991	0.01363	0.01818	0.03925	0.74510	0.04710	0.02231	0.00909	0.00289	0.00413	0.02024	0.00661	0.00578
5	0.00868	0.00620	0.00826	0.00991	0.01033	0.00578	0.00661	0.00991	0.01363	0.01818	0.03925	0.74510	0.04710	0.02231	0.00909	0.00289	0.00413	0.02024	0.00661	0.00578
6	0.80005	0.01377	0.01047	0.00936	0.01377	0.01597	0.00771	0.02093	0.01212	0.03195	0.00991	0.01157	0.00771	0.00661	0.00441	0.00220	0.00551	0.00386	0.00441	0.00771
7	0.01327	0.00664	0.00664	0.00664	0.00830	0.00664	0.00498	0.01659	0.01493	0.02655	0.02323	0.02655	0.01825	0.00830	0.00498	0.00166	0.00332	0.00664	0.78928	0.00664
8	0.01904	0.75404	0.03731	0.01218	0.01828	0.02818	0.01218	0.02132	0.01447	0.01675	0.00990	0.01142	0.00914	0.00609	0.00457	0.00152	0.00761	0.00381	0.00305	0.00914
9	0.01012	0.00680	0.00784	0.00807	0.00813	0.00675	0.00464	0.01029	0.01081	0.01442	0.02479	0.14445	0.02886	0.64784	0.03244	0.00634	0.00652	0.01174	0.00464	0.00452
10	0.01327	0.00664	0.00664	0.00664	0.00830	0.00664	0.00498	0.01659	0.01493	0.02655	0.02323	0.02655	0.01825	0.00830	0.00498	0.00166	0.00332	0.00664	0.78928	0.00664
11	0.01877	0.11818	0.01913	0.01307	0.01770	0.01714	0.01077	0.22470	0.16656	0.03146	0.16190	0.02561	0.02512	0.00928	0.00682	0.00199	0.00606	0.00747	0.00635	0.11191
12	0.02171	0.02625	0.02137	0.01850	0.02215	0.47028	0.10598	0.02428	0.01784	0.01799	0.01321	0.01697	0.01125	0.01701	0.15968	0.00397	0.01406	0.00577	0.00369	0.00804
13	0.02730	0.01957	0.02114	0.01621	0.02189	0.02152	0.01339	0.65053	0.03285	0.07683	0.01762	0.01744	0.01237	0.00856	0.00713	0.00214	0.00775	0.00645	0.00720	0.01211
14	0.01032	0.00706	0.00855	0.00855	0.00883	0.00733	0.00530	0.01086	0.01059	0.01439	0.02172	0.04261	0.02416	0.60078	0.18285	0.00787	0.00951	0.00977	0.00421	0.00475
15	0.01558	0.01558	0.02181	0.01869	0.01869	0.02181	0.01558	0.01714	0.01091	0.01714	0.00935	0.01558	0.00935	0.01246	0.02337	0.00312	0.73672	0.00623	0.00312	0.00779
16	0.01450	0.01279	0.01593	0.01235	0.01686	0.01203	0.00998	0.01726	0.01364	0.02129	0.01257	0.01620	0.01099	0.01138	0.07749	0.00248	0.16045	0.00497	0.00395	0.55290
17	0.11192	0.12231	0.02368	0.02413	0.26152	0.01928	0.01501	0.10944	0.19142	0.02778	0.01695	0.01825	0.01334	0.00747	0.00644	0.00212	0.00718	0.00613	0.00497	0.01065
18	0.01327	0.00664	0.00664	0.00664	0.00830	0.00664	0.00498	0.01659	0.01493	0.02655	0.02323	0.02655	0.01825	0.00830	0.00498	0.00166	0.00332	0.00664	0.78928	0.00664
19	0.00858	0.00656	0.00789	0.00896	0.01008	0.00586	0.00619	0.01002	0.01455	0.01855	0.05089	0.50558	0.27910	0.02080	0.00885	0.00272	0.00395	0.01840	0.00661	0.00586
20	0.01401	0.12028	0.16588	0.01250	0.01846	0.01287	0.01234	0.01810	0.01586	0.02307	0.15824	0.05429	0.02352	0.00840	0.00632	0.00171	0.00627	0.00690	0.00466	0.31632
21	0.01691	0.30407	0.20676	0.01458	0.02142	0.02027	0.01517	0.02470	0.15970	0.02197	0.01512	0.01608	0.01200	0.00692	0.00582	0.00184	0.00763	0.00515	0.00410	0.11981
22	0.01147	0.01749	0.25782	0.01273	0.01686	0.01013	0.01290	0.01526	0.01450	0.02057	0.16393	0.12759	0.03135	0.23767	0.01643	0.00376	0.00708	0.01037	0.00489	0.00721
23	0.01570	0.45833	0.05670	0.01123	0.01572	0.02010	0.01053	0.01815	0.01513	0.01912	0.15975	0.02544	0.02390	0.11211	0.00992	0.00246	0.00673	0.00673	0.00425	0.00801
24	0.01046	0.00690	0.00850	0.00834	0.00911	0.00659	0.00551	0.01096	0.01358	0.01827	0.21438	0.04594	0.11957	0.30204	0.02327	0.17022	0.00536	0.01076	0.00532	0.00494
25	0.17901	0.28712	0.02369	0.01310	0.01819	0.17669	0.01128	0.02569	0.01654	0.16829	0.01404	0.01451	0.01068	0.00706	0.00550	0.00187	0.00803	0.00471	0.00469	0.00929

[dist]
# distance from previous block
# <min> <max>
2	19

[block]
# block no. 6 follows, 29 sequences, length 82
# corresponding to MSA columns:
# 464-545
name=unknown_G
#
# <colnr> <probs for GDERKNQSTAVLIFYWHMCP>
#	G	D	E	R	K	N	Q	S	T	A	V	L	I	F	Y	W	H	M	C	P
0	0.48403	0.10596	0.01654	0.01145	0.01642	0.01841	0.00971	0.16431	0.01759	0.08007	0.01273	0.01362	0.00952	0.00712	0.00520	0.00211	0.00631	0.00463	0.00513	0.00914
1	0.01811	0.61398	0.16924	0.01377	0.02073	0.02590	0.01494	0.02156	0.01458	0.01789	0.01046	0.01213	0.00911	0.00622	0.00500	0.00167	0.00818	0.00409	0.00304	0.00941
2	0.01455	0.01925	0.18100	0.02393	0.15666	0.01430	0.18897	0.02057	0.04529	0.02473	0.20648	0.02776	0.02670	0.00878	0.00772	0.00227	0.00830	0.00853	0.00479	0.00940
3	0.01237	0.00618	0.00928	0.00928	0.00928	0.00618	0.00618	0.00928	0.00928	0.01237	0.01237	0.02165	0.01237	0.02474	0.02783	0.79283	0.00618	0.00618	0.00309	0.00309
4	0.11130	0.02995	0.49403	0.05530	0.12874	0.01649	0.02307	0.02205	0.01481	0.02361	0.01251	0.01517	0.00921	0.00670	0.00653	0.00223	0.00956	0.00530	0.00326	0.01017
5	0.01327	0.00664	0.00664	0.00664	0.00830	0.00664	0.00498	0.01659	0.01493	0.02655	0.02323	0.02655	0.01825	0.00830	0.00498	0.00166	0.00332	0.00664	0.78928	0.00664
6	0.01477	0.01266	0.01477	0.01055	0.01687	0.00949	0.00844	0.01793	0.01477	0.02320	0.01266	0.01477	0.01055	0.00527	0.00527	0.00105	0.00527	0.00422	0.00422	0.79328
7	0.01134	0.00698	0.00792	0.00768	0.00944	0.00659	0.00576	0.01449	0.01728	0.02649	0.31369	0.04288	0.12286	0.01212	0.00683	0.00199	0.00337	0.01028	0.36542	0.00659
8	0.01327	0.00664	0.00664	0.00664	0.00830	0.00664	0.00498	0.01659	0.01493	0.02655	0.02323	0.02655	0.01825	0.00830	0.00498	0.00166	0.00332	0.00664	0.78928	0.00664
9	0.01612	0.01577	0.02799	0.27275	0.40343	0.01668	0.10198	0.02075	0.01563	0.02151	0.01327	0.01827	0.01062	0.00656	0.00724	0.00224	0.00924	0.00659	0.00341	0.00994
10	0.69425	0.01653	0.01179	0.01059	0.01490	0.11244	0.00854	0.02196	0.01322	0.02996	0.01006	0.01174	0.00791	0.00671	0.00468	0.00215	0.00651	0.00396	0.00431	0.00779
11	0.01422	0.02893	0.47681	0.07861	0.03031	0.01604	0.09960	0.02082	0.01453	0.02114	0.01366	0.01877	0.01083	0.07514	0.01056	0.00275	0.04832	0.00623	0.00321	0.00949
12	0.01904	0.75404	0.03731	0.01218	0.01828	0.02818	0.01218	0.02132	0.01447	0.01675	0.00990	0.01142	0.00914	0.00609	0.00457	0.00152	0.00761	0.00381	0.00305	0.00914
13	0.01477	0.01266	0.01477	0.01055	0.01687	0.00949	0.00844	0.01793	0.01477	0.02320	0.01266	0.01477	0.01055	0.00527	0.00527	0.00105	0.00527	0.00422	0.00422	0.79328
14	0.00913	0.00639	0.00813	0.00934	0.00964	0.00609	0.00599	0.01003	0.01275	0.01700	0.03471	0.55679	0.04138	0.21843	0.01641	0.00397	0.00488	0.01758	0.00599	0.00539
15	0.01696	0.01155	0.01745	0.02122	0.23247	0.01079	0.03259	0.01976	0.01666	0.17665	0.03529	0.17564	0.17749	0.01274	0.00783	0.00236	0.00606	0.01134	0.00604	0.00912
16	0.02660	0.03394	0.02018	0.01834	0.02201	0.72116	0.01376	0.02843	0.02018	0.01743	0.01101	0.01284	0.00917	0.00734	0.00642	0.00183	0.01284	0.00459	0.00367	0.00825
17	0.01512	0.01573	0.03236	0.02467	0.03011	0.01491	0.46830	0.02026	0.01668	0.02234	0.02177	0.03853	0.02034	0.01032	0.00886	0.00268	0.01028	0.21357	0.00454	0.00864
18	0.12044	0.00978	0.01311	0.15121	0.02088	0.01055	0.01191	0.01669	0.01526	0.05718	0.02876	0.13788	0.02990	0.01523	0.00834	0.00285	0.00666	0.33048	0.00573	0.00717
19	0.01558	0.01558	0.02181	0.01869	0.01869	0.02181	0.01558	0.01714	0.01091	0.01714	0.00935	0.01558	0.00935	0.01246	0.02337	0.00312	0.73672	0.00623	0.00312	0.00779
20	0.01762	0.01692	0.02890	0.04371	0.70533	0.01692	0.02185	0.02185	0.01621	0.02326	0.01339	0.01762	0.01128	0.00634	0.00705	0.00211	0.00846	0.00634	0.00352	0.01128
21	0.01345	0.01266	0.02136	0.73264	0.04904	0.01582	0.01978	0.01819	0.01424	0.01819	0.01266	0.01898	0.00949	0.00712	0.00712	0.00237	0.00949	0.00633	0.00316	0.00791
22	0.01174	0.00657	0.00958	0.01010	0.01046	0.00652	0.00726	0.01041	0.01119	0.01481	0.02057	0.12189	0.02216	0.02346	0.02205	0.54319	0.00600	0.13374	0.00419	0.00409
23	0.02086	0.01805	0.01780	0.01530	0.01973	0.07753	0.01206	0.20268	0.46682	0.03264	0.02442	0.02298	0.01821	0.00918	0.00715	0.00230	0.00680	0.00734	0.00692	0.01123
24	0.01425	0.01313	0.02133	0.22531	0.33582	0.01379	0.01705	0.01821	0.01629	0.02225	0.12880	0.02929	0.09643	0.00916	0.00743	0.00224	0.00740	0.00834	0.00445	0.00904
25	0.02271	0.01930	0.02829	0.02135	0.02697	0.09327	0.27484	0.16856	0.05226	0.14793	0.01740	0.01907	0.01253	0.00775	0.00855	0.00229	0.05389	0.00720	0.00543	0.01041
26	0.01509	0.03118	0.49753	0.02341	0.03287	0.01701	0.23596	0.02263	0.01560	0.02263	0.01330	0.01637	0.00959	0.00652	0.00729	0.00230	0.01100	0.00627	0.00320	0.01023
27	0.01016	0.00898	0.01190	0.23684	0.02234	0.00922	0.01026	0.01297	0.01561	0.01901	0.05156	0.05347	0.44940	0.01467	0.00808	0.00244	0.00562	0.04529	0.00552	0.00664
28	0.01447	0.14718	0.28588	0.10588	0.02802	0.01693	0.10882	0.01972	0.01445	0.01988	0.01477	0.05180	0.01269	0.04007	0.08636	0.00338	0.01062	0.00672	0.00342	0.00893
29	0.01860	0.04089	0.13583	0.09170	0.28232	0.01643	0.10041	0.02493	0.07845	0.11538	0.01666	0.01905	0.01245	0.00707	0.00714	0.00222	0.00871	0.00662	0.00446	0.01070
30	0.01554	0.01642	0.01593	0.01908	0.17045	0.20128	0.01168	0.01787	0.01699	0.01993	0.06836	0.17195	0.19999	0.01315	0.00770	0.00227	0.00728	0.01115	0.00518	0.00780
31	0.01828	0.01419	0.01768	0.13467	0.06429	0.01547	0.01324	0.29981	0.02323	0.03084	0.05377	0.09497	0.07720	0.01192	0.00782	0.00242	0.00712	0.09762	0.00612	0.00933
32	0.01821	0.01691	0.02923	0.03588	0.45652	0.01689	0.14703	0.02466	0.09965	0.05928	0.01626	0.01937	0.01280	0.00681	0.00734	0.00221	0.00867	0.00699	0.00427	0.01100
33	0.01620	0.02472	0.28975	0.02750	0.20543	0.01712	0.15834	0.02476	0.11910	0.02389	0.01575	0.01833	0.01192	0.00694	0.00725	0.00227	0.00955	0.00662	0.00391	0.01064
34	0.01324	0.01141	0.01902	0.59287	0.04136	0.01396	0.01715	0.01647	0.01328	0.01707	0.01260	0.01950	0.01005	0.01052	0.01112	0.15511	0.00885	0.00630	0.00315	0.00698
35	0.01638	0.01524	0.02907	0.18690	0.09652	0.01510	0.31597	0.02107	0.01642	0.08436	0.02293	0.02610	0.10413	0.00816	0.00787	0.00235	0.00943	0.00852	0.00438	0.00912
36	0.06840	0.01793	0.02418	0.15401	0.37496	0.09422	0.01838	0.08684	0.01793	0.05613	0.01383	0.01721	0.01089	0.00693	0.00684	0.00214	0.00876	0.00604	0.00413	0.01026
37	0.01491	0.03616	0.08502	0.01025	0.01348	0.07483	0.00900	0.06361	0.01679	0.02493	0.02700	0.06503	0.10130	0.00991	0.00607	0.00192	0.00548	0.00793	0.41884	0.00753
38	0.00883	0.00700	0.00802	0.00852	0.01018	0.00626	0.00620	0.01058	0.01518	0.01898	0.07582	0.24890	0.41574	0.04423	0.05258	0.00325	0.00490	0.04246	0.00641	0.00596
39	0.03959	0.06513	0.13531	0.02176	0.15368	0.07224	0.07366	0.06621	0.05948	0.02375	0.04024	0.10582	0.02014	0.01032	0.00743	0.00235	0.00826	0.08058	0.00474	0.00931
40	0.01397	0.01228	0.01914	0.12100	0.29942	0.01286	0.01484	0.01815	0.06155	0.02049	0.02123	0.15641	0.02138	0.11360	0.04117	0.00339	0.00779	0.02829	0.00450	0.00854
41	0.01274	0.01269	0.10177	0.01434	0.01738	0.00985	0.13862	0.01382	0.01251	0.01678	0.02166	0.02837	0.10538	0.06268	0.04112	0.36478	0.00794	0.00799	0.00375	0.00583
42	0.01343	0.01258	0.02035	0.43534	0.19111	0.01418	0.01747	0.01749	0.01507	0.01955	0.02432	0.02825	0.14379	0.00905	0.00735	0.00232	0.00812	0.00801	0.00391	0.00831
43	0.10706	0.01536	0.01899	0.10720	0.15419	0.04454	0.01369	0.17164	0.02043	0.10986	0.08845	0.02269	0.03857	0.00846	0.00686	0.00213	0.00717	0.00694	0.00560	0.05018
44	0.01659	0.01638	0.02983	0.03663	0.47131	0.01604	0.17453	0.02114	0.01679	0.02374	0.09011	0.02195	0.01738	0.00718	0.00752	0.00220	0.00872	0.00755	0.00402	0.01038
45	0.01397	0.01069	0.01122	0.01000	0.01312	0.01081	0.00780	0.14464	0.11053	0.02709	0.08914	0.04683	0.35367	0.01366	0.00759	0.00225	0.00465	0.01126	0.10306	0.00802
46	0.01806	0.01590	0.01890	0.01585	0.02014	0.05228	0.09318	0.15678	0.29020	0.02905	0.03062	0.03376	0.11273	0.01094	0.00772	0.00241	0.00703	0.06810	0.00644	0.00992
47	0.01592	0.01273	0.02014	0.31114	0.22134	0.01357	0.01644	0.01971	0.01593	0.10487	0.02625	0.02882	0.14489	0.00922	0.00736	0.00229	0.00764	0.00812	0.00463	0.00900
48	0.11042	0.01347	0.01301	0.01252	0.01464	0.14740	0.00969	0.01676	0.01321	0.01860	0.01639	0.02303	0.01489	0.03875	0.49522	0.00845	0.01620	0.00658	0.00386	0.00689
49	0.01331	0.01186	0.01987	0.64374	0.04416	0.01464	0.01811	0.01710	0.01363	0.01748	0.01262	0.01931	0.00985	0.00928	0.00966	0.09952	0.00909	0.00631	0.00316	0.00732
50	0.02437	0.16963	0.02326	0.01656	0.02097	0.43601	0.01320	0.10820	0.08315	0.02182	0.01321	0.01436	0.01069	0.00746	0.00623	0.00187	0.01055	0.00498	0.00431	0.00918
51	0.01267	0.01156	0.01893	0.59279	0.04157	0.01399	0.01720	0.01699	0.01493	0.01937	0.09177	0.05813	0.04333	0.00904	0.00740	0.00238	0.00835	0.00801	0.00396	0.00761
52	0.01036	0.00690	0.00777	0.00777	0.00777	0.00690	0.00431	0.01036	0.01036	0.01381	0.02244	0.04660	0.02589	0.74975	0.03624	0.00690	0.00690	0.01036	0.00431	0.00431
53	0.00865	0.00631	0.00815	0.00961	0.01025	0.00581	0.00648	0.00995	0.01392	0.01829	0.04290	0.66992	0.11992	0.02183	0.00901	0.00284	0.00407	0.01966	0.00661	0.00581
54	0.00997	0.00629	0.00870	0.00963	0.01002	0.00600	0.00649	0.01004	0.01285	0.01729	0.09149	0.45295	0.03796	0.02237	0.01495	0.25255	0.00471	0.01512	0.00561	0.00502
55	0.02132	0.01587	0.15008	0.10179	0.02271	0.01145	0.01382	0.02552	0.01854	0.33819	0.17551	0.02836	0.02617	0.00951	0.00736	0.00224	0.00673	0.00798	0.00678	0.01007
56	0.01829	0.02009	0.02141	0.01861	0.01951	0.19358	0.01513	0.01991	0.01318	0.01721	0.00975	0.01491	0.00930	0.01120	0.01921	0.00280	0.55893	0.00583	0.00325	0.00790
57	0.01459	0.01453	0.02673	0.50978	0.10733	0.01642	0.16913	0.01958	0.01500	0.01971	0.01312	0.01891	0.00995	0.00679	0.00740	0.00236	0.00996	0.00680	0.00330	0.00861
58	0.01775	0.08478	0.08531	0.14663	0.27758	0.07454	0.13947	0.04936	0.01678	0.02214	0.01306	0.01697	0.01039	0.00659	0.00702	0.00215	0.00969	0.00627	0.00356	0.00996
59	0.01865	0.30721	0.19154	0.01392	0.02002	0.01820	0.01441	0.02236	0.01549	0.15232	0.01819	0.10579	0.01586	0.01120	0.04300	0.00251	0.00818	0.00702	0.00463	0.00949
60	0.00863	0.00639	0.00806	0.00939	0.01019	0.00583	0.00638	0.00997	0.01413	0.01838	0.04560	0.61437	0.17372	0.02148	0.00896	0.00280	0.00403	0.01924	0.00661	0.00583
61	0.26718	0.01556	0.04712	0.01460	0.01980	0.01524	0.10193	0.14779	0.01952	0.17134	0.09452	0.02114	0.01783	0.00826	0.00658	0.00222	0.00691	0.00672	0.00604	0.00971
62	0.01489	0.01277	0.01482	0.01071	0.01694	0.00983	0.00856	0.01876	0.04291	0.02348	0.01333	0.01526	0.01101	0.00546	0.00536	0.00111	0.00529	0.00438	0.00434	0.76080
63	0.01036	0.00690	0.00777	0.00777	0.00777	0.00690	0.00431	0.01036	0.01036	0.01381	0.02244	0.04660	0.02589	0.74975	0.03624	0.00690	0.00690	0.01036	0.00431	0.00431
64	0.01008	0.00728	0.00952	0.00896	0.01064	0.00672	0.00672	0.01344	0.02016	0.02855	0.70158	0.05319	0.06719	0.01456	0.00840	0.00224	0.00336	0.01288	0.00784	0.00672
65	0.02232	0.02561	0.10423	0.01697	0.02199	0.27369	0.01446	0.15693	0.23791	0.02733	0.01817	0.01834	0.01375	0.00825	0.00686	0.00213	0.00928	0.00613	0.00540	0.01025
66	0.01775	0.13228	0.02368	0.15364	0.02644	0.01732	0.08181	0.13607	0.06525	0.02541	0.01431	0.01674	0.01120	0.00671	0.00630	0.00181	0.00763	0.00564	0.00448	0.24552
67	0.06718	0.01619	0.02657	0.07920	0.58297	0.01641	0.02016	0.02236	0.01610	0.06498	0.01402	0.01772	0.01134	0.00655	0.00689	0.00214	0.00819	0.00624	0.00388	0.01091
68	0.00988	0.00719	0.00855	0.00822	0.01005	0.00651	0.00612	0.01269	0.01827	0.02524	0.44014	0.05512	0.24544	0.03721	0.00895	0.00238	0.00353	0.01288	0.07520	0.00643
69	0.00955	0.00684	0.00888	0.01019	0.01098	0.00652	0.00737	0.01114	0.01402	0.01840	0.03887	0.44479	0.08835	0.12090	0.01293	0.00350	0.00505	0.16965	0.00628	0.00578
70	0.02015	0.10742	0.23904	0.01862	0.02552	0.12704	0.10548	0.06608	0.10094	0.09739	0.01630	0.01738	0.01197	0.00736	0.00681	0.00213	0.00951	0.00603	0.00459	0.01025
71	0.02052	0.01954	0.02169	0.24388	0.03083	0.22087	0.08866	0.06974	0.01842	0.10473	0.03498	0.04088	0.01373	0.00946	0.02917	0.00247	0.01018	0.00680	0.00458	0.00886
72	0.00864	0.00632	0.00813	0.00958	0.01024	0.00581	0.00646	0.00995	0.01395	0.01831	0.04329	0.66195	0.12764	0.02178	0.00901	0.00283	0.00407	0.01960	0.00661	0.00581
73	0.02010	0.01414	0.01975	0.02350	0.25436	0.01432	0.01426	0.06066	0.17013	0.18060	0.02659	0.05744	0.06593	0.00979	0.00742	0.00230	0.00665	0.03514	0.00621	0.01072
74	0.01568	0.01493	0.02539	0.36467	0.39958	0.01641	0.02089	0.02015	0.01529	0.02090	0.01305	0.01826	0.01045	0.00671	0.00708	0.00224	0.00894	0.00634	0.00336	0.00971
75	0.02464	0.02262	0.01874	0.01606	0.02049	0.27210	0.01255	0.16958	0.22805	0.11212	0.01987	0.01932	0.01466	0.00848	0.00691	0.00212	0.00876	0.00634	0.00612	0.01046
76	0.01679	0.00839	0.01065	0.00981	0.01165	0.00777	0.00679	0.01795	0.01428	0.23499	0.02812	0.20156	0.02820	0.34678	0.02075	0.00449	0.00599	0.01164	0.00627	0.00712
77	0.01352	0.01693	0.15150	0.13838	0.15847	0.04179	0.01608	0.01799	0.01675	0.02271	0.18127	0.03475	0.10202	0.01058	0.00761	0.00230	0.00737	0.04655	0.00490	0.00853
78	0.04686	0.10467	0.02102	0.01777	0.10318	0.13968	0.01280	0.14625	0.09492	0.14347	0.05515	0.02183	0.04449	0.00859	0.00675	0.00207	0.00774	0.00670	0.00584	0.01023
79	0.02035	0.14431	0.12041	0.01745	0.02267	0.16013	0.10374	0.02392	0.01633	0.12952	0.01509	0.01760	0.01176	0.01299	0.09287	0.00322	0.06816	0.00597	0.00426	0.00925
80	0.21174	0.01219	0.01511	0.12777	0.12120	0.01328	0.01172	0.07089	0.01555	0.02463	0.04309	0.04987	0.08051	0.11118	0.01083	0.00298	0.00675	0.05804	0.00482	0.00784
81	0.09481	0.01797	0.01962	0.02009	0.15145	0.10279	0.01352	0.24571	0.04266	0.08929	0.01666	0.01911	0.01297	0.03448	0.08433	0.00326	0.00931	0.00630	0.00547	0.01020

[dist]
# distance from previous block
# <min> <max>
10	122

[block]
# block no. 7 follows, 29 sequences, length 41
# corresponding to MSA columns:
# 671-711
name=unknown_H
#
# <colnr> <probs for GDERKNQSTAVLIFYWHMCP>
#	G	D	E	R	K	N	Q	S	T	A	V	L	I	F	Y	W	H	M	C	P
0	0.02384	0.01453	0.02139	0.16497	0.20524	0.01478	0.01572	0.11469	0.01982	0.30271	0.01968	0.02050	0.01360	0.00779	0.00712	0.00221	0.00761	0.00668	0.00607	0.01106
1	0.02335	0.01273	0.01577	0.01242	0.01728	0.01192	0.01006	0.13672	0.04567	0.31968	0.11323	0.02556	0.02225	0.01163	0.04995	0.00256	0.00663	0.00734	0.00723	0.14801
2	0.01236	0.01085	0.01608	0.13072	0.13941	0.01218	0.01246	0.01491	0.01339	0.01820	0.02595	0.05876	0.13180	0.11877	0.15593	0.00486	0.10275	0.00909	0.00421	0.00730
3	0.01273	0.01088	0.01717	0.14380	0.21890	0.01166	0.01345	0.01554	0.01342	0.01853	0.01959	0.12262	0.01977	0.14498	0.18052	0.00527	0.01029	0.00918	0.00408	0.00763
4	0.02210	0.01635	0.02131	0.14586	0.14082	0.01784	0.01540	0.33416	0.02416	0.09705	0.01743	0.02061	0.01318	0.01096	0.05014	0.00277	0.00870	0.02466	0.00577	0.01073
5	0.14699	0.01608	0.17549	0.01163	0.01629	0.01154	0.01156	0.05306	0.01682	0.06465	0.15503	0.02765	0.05081	0.00932	0.00635	0.00209	0.00578	0.00743	0.20312	0.00830
6	0.01564	0.00951	0.01345	0.15451	0.02017	0.00988	0.01033	0.01825	0.01486	0.18047	0.02974	0.05336	0.13308	0.09624	0.20306	0.00525	0.00987	0.00912	0.00546	0.00775
7	0.01357	0.01664	0.13591	0.01715	0.01979	0.01624	0.05500	0.01687	0.01214	0.01818	0.01358	0.01998	0.01229	0.02523	0.26030	0.00580	0.32342	0.00668	0.00337	0.00787
8	0.01488	0.01205	0.01633	0.13298	0.02235	0.01054	0.05032	0.01821	0.01549	0.07468	0.02438	0.02590	0.13227	0.00814	0.00647	0.00168	0.00616	0.00695	0.00478	0.41544
9	0.02287	0.02080	0.02614	0.05485	0.15745	0.11377	0.12766	0.32756	0.02474	0.03217	0.01492	0.01706	0.01122	0.00747	0.00723	0.00215	0.00940	0.00649	0.00520	0.01083
10	0.48972	0.01310	0.01291	0.01070	0.01555	0.01375	0.00882	0.02650	0.01546	0.30600	0.01726	0.01669	0.01172	0.00750	0.00552	0.00220	0.00573	0.00519	0.00619	0.00949
11	0.01460	0.01384	0.02345	0.54173	0.23091	0.01612	0.02035	0.01921	0.01479	0.01960	0.01286	0.01861	0.00999	0.00690	0.00710	0.00230	0.00921	0.00633	0.00326	0.00884
12	0.01813	0.01954	0.18497	0.11763	0.26545	0.01459	0.01903	0.02295	0.01627	0.13805	0.01790	0.02010	0.03895	0.00734	0.00693	0.00213	0.00824	0.00641	0.00442	0.07097
13	0.01163	0.01430	0.13174	0.05759	0.08733	0.01048	0.04759	0.01544	0.01597	0.02072	0.04325	0.05123	0.31432	0.01402	0.00820	0.00251	0.00660	0.13404	0.00533	0.00770
14	0.15052	0.13551	0.31107	0.01699	0.04343	0.01950	0.01793	0.17728	0.01884	0.02855	0.01290	0.01447	0.00961	0.00705	0.00613	0.00211	0.00855	0.00511	0.00423	0.01024
15	0.27671	0.01268	0.01294	0.10753	0.01846	0.04139	0.00978	0.07698	0.05564	0.02524	0.01928	0.11400	0.01889	0.13491	0.01149	0.00315	0.00667	0.04177	0.00499	0.00749
16	0.01430	0.01362	0.02311	0.28085	0.05341	0.01480	0.17115	0.02148	0.12988	0.02265	0.10217	0.08052	0.02188	0.00934	0.00775	0.00240	0.00824	0.00898	0.00480	0.00867
17	0.01224	0.01029	0.01189	0.00966	0.01406	0.00805	0.00742	0.01476	0.01492	0.02142	0.03114	0.15050	0.17965	0.01115	0.00666	0.00168	0.00469	0.00946	0.00519	0.47517
18	0.00895	0.00639	0.00858	0.01023	0.01076	0.00602	0.00709	0.01039	0.01390	0.01848	0.03910	0.68004	0.04650	0.02205	0.00916	0.00293	0.00437	0.08261	0.00660	0.00586
19	0.01688	0.01510	0.02098	0.35103	0.14814	0.05259	0.01692	0.14046	0.01920	0.02529	0.10579	0.02267	0.01799	0.00826	0.00724	0.00224	0.00837	0.00713	0.00460	0.00911
20	0.01726	0.12971	0.46558	0.01825	0.02679	0.07825	0.02130	0.05048	0.06406	0.04367	0.01402	0.01554	0.01033	0.00706	0.00650	0.00213	0.00974	0.00531	0.00371	0.01031
21	0.56612	0.01941	0.01344	0.01202	0.01627	0.20647	0.00953	0.04450	0.01499	0.02845	0.01044	0.01209	0.00825	0.00687	0.00504	0.00210	0.00756	0.00414	0.00430	0.00800
22	0.00922	0.00707	0.00844	0.00847	0.01020	0.00630	0.00621	0.01164	0.01759	0.02331	0.35398	0.17554	0.30196	0.01717	0.00852	0.00241	0.00358	0.01493	0.00717	0.00630
23	0.01961	0.02406	0.26107	0.01938	0.02666	0.01755	0.13480	0.19622	0.09366	0.08145	0.04234	0.01964	0.01429	0.00785	0.00729	0.00226	0.00896	0.00684	0.00526	0.01084
24	0.00868	0.00620	0.00826	0.00991	0.01033	0.00578	0.00661	0.00991	0.01363	0.01818	0.03925	0.74510	0.04710	0.02231	0.00909	0.00289	0.00413	0.02024	0.00661	0.00578
25	0.01692	0.01620	0.02763	0.15981	0.59473	0.01673	0.02150	0.02124	0.01588	0.02241	0.01327	0.01785	0.01098	0.00648	0.00706	0.00216	0.00863	0.00634	0.00346	0.01071
26	0.14811	0.18744	0.01935	0.01073	0.01668	0.01498	0.00920	0.01923	0.01425	0.02316	0.01155	0.01344	0.00974	0.00569	0.00496	0.00136	0.00586	0.00406	0.00397	0.47623
27	0.01339	0.01237	0.01762	0.01577	0.01628	0.01659	0.01288	0.01535	0.01112	0.01689	0.01328	0.02059	0.01276	0.02900	0.30544	0.00648	0.44678	0.00680	0.00340	0.00721
28	0.01681	0.01921	0.04202	0.03001	0.03721	0.01801	0.67947	0.02281	0.01681	0.02281	0.01441	0.01921	0.01080	0.00600	0.00840	0.00240	0.01200	0.00840	0.00360	0.00960
29	0.01455	0.02549	0.37242	0.19225	0.17243	0.01593	0.02282	0.02090	0.01536	0.02199	0.04937	0.01852	0.01268	0.00718	0.00699	0.00225	0.00948	0.00614	0.00341	0.00986
30	0.01506	0.25800	0.14267	0.01806	0.13358	0.01755	0.01442	0.01838	0.01368	0.01834	0.01457	0.02154	0.01364	0.13179	0.13609	0.00434	0.01015	0.00619	0.00345	0.00849
31	0.80005	0.01377	0.01047	0.00936	0.01377	0.01597	0.00771	0.02093	0.01212	0.03195	0.00991	0.01157	0.00771	0.00661	0.00441	0.00220	0.00551	0.00386	0.00441	0.00771
32	0.01008	0.00728	0.00952	0.00896	0.01064	0.00672	0.00672	0.01344	0.02016	0.02855	0.70158	0.05319	0.06719	0.01456	0.00840	0.00224	0.00336	0.01288	0.00784	0.00672
33	0.01544	0.24347	0.20180	0.01641	0.04548	0.01967	0.01604	0.01934	0.01480	0.02056	0.12720	0.02059	0.01902	0.00920	0.01030	0.00223	0.17938	0.00637	0.00388	0.00885
34	0.01237	0.00618	0.00928	0.00928	0.00928	0.00618	0.00618	0.00928	0.00928	0.01237	0.01237	0.02165	0.01237	0.02474	0.02783	0.79283	0.00618	0.00618	0.00309	0.00309
35	0.00868	0.00620	0.00826	0.00991	0.01033	0.00578	0.00661	0.00991	0.01363	0.01818	0.03925	0.74510	0.04710	0.02231	0.00909	0.00289	0.00413	0.02024	0.00661	0.00578
36	0.00868	0.00620	0.00826	0.00991	0.01033	0.00578	0.00661	0.00991	0.01363	0.01818	0.03925	0.74510	0.04710	0.02231	0.00909	0.00289	0.00413	0.02024	0.00661	0.00578
37	0.01621	0.05942	0.02670	0.17087	0.29877	0.01633	0.12905	0.02143	0.05080	0.02253	0.01523	0.01936	0.01212	0.00684	0.00690	0.00214	0.00843	0.00666	0.10060	0.00962
38	0.02904	0.01678	0.01941	0.01488	0.02050	0.01739	0.01229	0.42023	0.02819	0.31371	0.02154	0.01998	0.01434	0.00866	0.00714	0.00216	0.00712	0.00671	0.00781	0.01211
39	0.01032	0.00703	0.00839	0.00839	0.00860	0.00724	0.00509	0.01075	0.01054	0.01427	0.02187	0.04346	0.02453	0.63240	0.15173	0.00767	0.00895	0.00990	0.00423	0.00466
40	0.01617	0.00985	0.01235	0.01190	0.01425	0.00973	0.00907	0.13248	0.01859	0.13987	0.03329	0.41463	0.03525	0.01730	0.00851	0.00269	0.00540	0.09356	0.00706	0.00806

[dist]
# distance from previous block
# <min> <max>
0	1

[block]
# block no. 8 follows, 29 sequences, length 104
# corresponding to MSA columns:
# 713-816
name=unknown_I
#
# <colnr> <probs for GDERKNQSTAVLIFYWHMCP>
#	G	D	E	R	K	N	Q	S	T	A	V	L	I	F	Y	W	H	M	C	P
0	0.01811	0.01670	0.02039	0.02403	0.23855	0.05094	0.01478	0.03227	0.44398	0.02711	0.02314	0.02305	0.01779	0.00849	0.00714	0.00229	0.00688	0.00734	0.00588	0.01113
1	0.69255	0.01463	0.01198	0.01034	0.01493	0.01682	0.00852	0.11281	0.01509	0.03375	0.01091	0.01234	0.00832	0.00688	0.00478	0.00219	0.00583	0.00421	0.00478	0.00832
2	0.80005	0.01377	0.01047	0.00936	0.01377	0.01597	0.00771	0.02093	0.01212	0.03195	0.00991	0.01157	0.00771	0.00661	0.00441	0.00220	0.00551	0.00386	0.00441	0.00771
3	0.14199	0.01235	0.01566	0.01220	0.01755	0.01125	0.01007	0.03273	0.01920	0.61308	0.02549	0.02242	0.01621	0.00850	0.00677	0.00220	0.00598	0.00669	0.00818	0.01149
4	0.00842	0.00721	0.00721	0.00721	0.00962	0.00601	0.00541	0.01022	0.01623	0.01924	0.07213	0.06853	0.70244	0.01803	0.00842	0.00240	0.00361	0.01503	0.00661	0.00601
5	0.00868	0.00620	0.00826	0.00991	0.01033	0.00578	0.00661	0.00991	0.01363	0.01818	0.03925	0.74510	0.04710	0.02231	0.00909	0.00289	0.00413	0.02024	0.00661	0.00578
6	0.03123	0.01327	0.01724	0.01321	0.01875	0.01217	0.01092	0.12968	0.02230	0.61257	0.02648	0.02319	0.01682	0.00877	0.00716	0.00219	0.00632	0.00705	0.00857	0.01212
7	0.01904	0.75404	0.03731	0.01218	0.01828	0.02818	0.01218	0.02132	0.01447	0.01675	0.00990	0.01142	0.00914	0.00609	0.00457	0.00152	0.00761	0.00381	0.00305	0.00914
