[name]
unknown

[dist]
# distance from previous block
# <min> <max>
0	84

[block]
# block no. 0 follows, 28 sequences, length 23
# corresponding to MSA columns:
# 89-111
name=unknown_A
#
# <colnr> <probs for GDERKNQSTAVLIFYWHMCP>
#	G	D	E	R	K	N	Q	S	T	A	V	L	I	F	Y	W	H	M	C	P
0	0.01464	0.04632	0.21084	0.01763	0.06380	0.04405	0.01676	0.01937	0.01657	0.04586	0.02708	0.05134	0.02717	0.01402	0.00852	0.00280	0.00827	0.35115	0.00529	0.00852
1	0.01370	0.01410	0.09516	0.11101	0.11673	0.01199	0.01353	0.05501	0.01592	0.02222	0.06578	0.07999	0.06444	0.10836	0.07205	0.00368	0.00827	0.02983	0.03213	0.06610
2	0.01109	0.00860	0.00943	0.00842	0.01158	0.00715	0.00640	0.01358	0.01610	0.02236	0.09157	0.09133	0.33866	0.01369	0.00730	0.00202	0.00408	0.01148	0.12380	0.20136
3	0.01694	0.01689	0.09917	0.10782	0.30952	0.01456	0.06681	0.02148	0.01710	0.08966	0.09489	0.02654	0.06925	0.00865	0.00754	0.00227	0.00807	0.00799	0.00475	0.01008
4	0.01663	0.04268	0.29382	0.04332	0.02396	0.05750	0.01712	0.02175	0.01548	0.08962	0.01552	0.01848	0.01200	0.01523	0.13131	0.00367	0.01081	0.00574	0.00410	0.16127
5	0.63994	0.01823	0.01270	0.01142	0.01576	0.15811	0.00912	0.02292	0.01404	0.02961	0.01035	0.01207	0.00817	0.00690	0.00492	0.00217	0.00714	0.00409	0.00435	0.00798
6	0.01868	0.60856	0.07217	0.01381	0.01941	0.02722	0.01370	0.02124	0.01430	0.01748	0.01019	0.01245	0.00935	0.00716	0.00745	0.00182	0.10838	0.00431	0.00312	0.00921
7	0.01539	0.01102	0.01288	0.01160	0.01439	0.01084	0.00860	0.14870	0.04455	0.05312	0.02730	0.27660	0.02873	0.14304	0.01302	0.00319	0.00590	0.03608	0.00618	0.12889
8	0.01411	0.00829	0.01088	0.00974	0.01216	0.00750	0.00748	0.01738	0.02048	0.14615	0.55806	0.04970	0.08142	0.01396	0.00835	0.00229	0.00392	0.01221	0.00813	0.00779
9	0.00931	0.00785	0.00814	0.00807	0.01049	0.00693	0.00604	0.01242	0.05928	0.02087	0.10825	0.09644	0.58486	0.01784	0.00854	0.00247	0.00382	0.01499	0.00687	0.00651
10	0.00893	0.00652	0.00840	0.00974	0.01048	0.00600	0.00662	0.01041	0.01468	0.01942	0.08978	0.61614	0.12268	0.02173	0.00915	0.00285	0.00410	0.01954	0.00684	0.00600
11	0.01045	0.00751	0.01030	0.01030	0.01112	0.00833	0.00736	0.01209	0.01127	0.01585	0.02074	0.03558	0.02122	0.30926	0.46516	0.00997	0.01488	0.00882	0.00408	0.00572
12	0.51162	0.01374	0.01198	0.01069	0.01485	0.01561	0.00860	0.05373	0.13812	0.03175	0.06613	0.02159	0.05904	0.00873	0.00571	0.00230	0.00548	0.00622	0.00555	0.00857
13	0.44692	0.16470	0.01902	0.01193	0.01710	0.02039	0.01028	0.18433	0.01829	0.03276	0.01195	0.01318	0.00929	0.00713	0.00522	0.00209	0.00665	0.00458	0.00491	0.00929
14	0.01426	0.06719	0.10996	0.11185	0.02312	0.01489	0.01424	0.01793	0.01361	0.01992	0.01357	0.01850	0.01169	0.01771	0.16146	0.00409	0.13400	0.00581	0.00363	0.22258
15	0.01786	0.13627	0.34439	0.01962	0.02733	0.12946	0.10499	0.02348	0.01624	0.04060	0.01344	0.01620	0.01037	0.01019	0.05643	0.00280	0.01136	0.00569	0.00349	0.00979
16	0.04340	0.01856	0.01938	0.01926	0.09614	0.21375	0.09279	0.02142	0.05910	0.02159	0.05115	0.10730	0.10752	0.01203	0.00788	0.00240	0.00859	0.08429	0.00516	0.00831
17	0.00938	0.00739	0.00854	0.00885	0.01081	0.00655	0.00676	0.01168	0.01709	0.02171	0.19027	0.14554	0.40773	0.01842	0.00886	0.00260	0.00410	0.10040	0.00699	0.00633
18	0.01238	0.06165	0.06140	0.01134	0.01385	0.01112	0.00951	0.05331	0.01555	0.02140	0.06316	0.18918	0.15225	0.04806	0.11181	0.00395	0.06125	0.01164	0.07996	0.00721
19	0.01406	0.01174	0.01726	0.04386	0.01912	0.01118	0.10925	0.09645	0.01753	0.02418	0.06813	0.27599	0.02964	0.04766	0.00940	0.00258	0.00652	0.03787	0.00572	0.15186
20	0.01574	0.00935	0.01118	0.00997	0.01264	0.00919	0.00771	0.05073	0.08521	0.12202	0.33787	0.03901	0.04190	0.01167	0.00734	0.00214	0.00424	0.00995	0.20383	0.00831
21	0.01485	0.01378	0.02294	0.02527	0.23642	0.01367	0.14060	0.02069	0.09858	0.02417	0.13923	0.10250	0.04621	0.05648	0.00984	0.00267	0.00739	0.01020	0.00530	0.00921
22	0.00892	0.00662	0.00833	0.00950	0.01043	0.00602	0.00652	0.01047	0.01496	0.01960	0.09828	0.55463	0.17659	0.02130	0.00909	0.00280	0.00405	0.01903	0.00685	0.00602

[dist]
# distance from previous block
# <min> <max>
0	16

[block]
# block no. 1 follows, 28 sequences, length 30
# corresponding to MSA columns:
# 128-157
name=unknown_B
#
# <colnr> <probs for GDERKNQSTAVLIFYWHMCP>
#	G	D	E	R	K	N	Q	S	T	A	V	L	I	F	Y	W	H	M	C	P
0	0.14909	0.02414	0.27494	0.02635	0.24239	0.01709	0.04801	0.02404	0.08078	0.02562	0.01443	0.01693	0.01107	0.00700	0.00671	0.00227	0.00877	0.00590	0.00393	0.01054
1	0.02067	0.10954	0.07614	0.13739	0.13011	0.15938	0.08052	0.08778	0.01872	0.06235	0.01389	0.01666	0.01073	0.00710	0.00683	0.00208	0.00978	0.00589	0.00418	0.04025
2	0.30784	0.10758	0.07260	0.01903	0.12367	0.17074	0.03522	0.04560	0.01621	0.02562	0.01152	0.01373	0.00928	0.00686	0.00579	0.00208	0.00865	0.00483	0.00399	0.00915
3	0.43009	0.01378	0.01633	0.30585	0.06847	0.01630	0.01376	0.02028	0.01350	0.02634	0.01147	0.01527	0.00883	0.00695	0.00579	0.00232	0.00747	0.00512	0.00393	0.00817
4	0.01194	0.00947	0.01313	0.12337	0.06072	0.00965	0.01018	0.05298	0.01871	0.02554	0.34243	0.16246	0.10225	0.01444	0.00833	0.00242	0.00515	0.01277	0.00662	0.00744
5	0.01379	0.01001	0.01108	0.01046	0.01281	0.01023	0.00779	0.12766	0.08380	0.02618	0.07629	0.22456	0.16403	0.06099	0.00969	0.00271	0.00491	0.01285	0.12246	0.00769
6	0.01805	0.01834	0.02528	0.09409	0.02694	0.10718	0.18699	0.05177	0.10921	0.02299	0.01578	0.01945	0.01257	0.00883	0.01133	0.00248	0.18244	0.00704	0.07017	0.00909
7	0.02041	0.01969	0.01766	0.10066	0.02268	0.19688	0.01265	0.11191	0.26479	0.02671	0.02052	0.02222	0.01601	0.04029	0.00823	0.00240	0.00827	0.00686	0.07147	0.00970
8	0.01576	0.01506	0.02519	0.37089	0.32936	0.01715	0.02075	0.02010	0.01512	0.02073	0.01296	0.01848	0.01047	0.00738	0.00864	0.00237	0.07017	0.00646	0.00339	0.00956
9	0.11095	0.01628	0.01656	0.01853	0.13304	0.14201	0.01205	0.09774	0.01764	0.02408	0.02134	0.18855	0.02179	0.04818	0.06853	0.00338	0.00876	0.03713	0.00510	0.00836
10	0.75633	0.05149	0.01208	0.00971	0.01429	0.01694	0.00810	0.02139	0.01249	0.03182	0.01012	0.01180	0.00795	0.00672	0.00451	0.00221	0.00573	0.00393	0.00443	0.00795
11	0.01698	0.01884	0.01375	0.01300	0.01583	0.29331	0.00979	0.02014	0.05785	0.02065	0.11476	0.08520	0.24007	0.01343	0.00780	0.00227	0.00773	0.03542	0.00572	0.00747
12	0.01054	0.00719	0.00864	0.00864	0.00889	0.00744	0.00530	0.01103	0.01078	0.01462	0.02225	0.04395	0.02486	0.61315	0.16624	0.00793	0.00941	0.01004	0.00431	0.00480
13	0.01496	0.23579	0.04942	0.13662	0.07910	0.01621	0.01305	0.01777	0.01487	0.04920	0.02252	0.27405	0.02378	0.01248	0.00717	0.00231	0.00695	0.01074	0.00473	0.00827
14	0.01402	0.01332	0.01858	0.01668	0.01682	0.01788	0.01347	0.01557	0.01182	0.01773	0.01720	0.18970	0.01907	0.01661	0.04480	0.00343	0.53199	0.00984	0.00406	0.00741
15	0.05606	0.14467	0.07289	0.06800	0.11598	0.16958	0.01469	0.05260	0.01822	0.11716	0.05177	0.01881	0.01459	0.00775	0.00648	0.00202	0.00864	0.00594	0.04446	0.00968
16	0.01961	0.52313	0.07999	0.01745	0.10165	0.06638	0.01471	0.04438	0.03784	0.01972	0.01167	0.01345	0.01010	0.00657	0.00541	0.00175	0.00833	0.00457	0.00348	0.00980
17	0.00959	0.00735	0.00786	0.00785	0.01006	0.00643	0.00596	0.01193	0.01704	0.02210	0.16240	0.06297	0.48778	0.01675	0.00824	0.00238	0.00375	0.04342	0.09979	0.00635
18	0.01012	0.00802	0.00898	0.00887	0.01117	0.00724	0.00685	0.04110	0.01809	0.02292	0.19275	0.09007	0.44639	0.01759	0.00870	0.00252	0.00416	0.08084	0.00702	0.00661
19	0.58176	0.01457	0.01409	0.04232	0.09100	0.01645	0.01043	0.04242	0.05126	0.05980	0.01270	0.01435	0.00970	0.00707	0.00526	0.00226	0.00621	0.00477	0.00478	0.00880
20	0.01789	0.01636	0.02392	0.11436	0.33693	0.01809	0.01804	0.06373	0.20181	0.02572	0.01785	0.02047	0.01413	0.00816	0.00867	0.00236	0.06896	0.00695	0.00478	0.01085
21	0.01684	0.01862	0.13463	0.09405	0.04902	0.05068	0.09374	0.02221	0.05797	0.08012	0.01948	0.02250	0.05214	0.03387	0.03608	0.00261	0.03039	0.00687	0.00454	0.17364
22	0.01038	0.00749	0.01038	0.01033	0.01152	0.00809	0.00768	0.01215	0.01260	0.01743	0.07756	0.03713	0.10037	0.13168	0.43676	0.07492	0.01375	0.00929	0.00454	0.00593
23	0.79588	0.01406	0.01068	0.00956	0.01406	0.01631	0.00787	0.02137	0.01237	0.03261	0.01012	0.01181	0.00787	0.00675	0.00450	0.00225	0.00562	0.00394	0.00450	0.00787
24	0.02202	0.01930	0.02631	0.04823	0.02649	0.04491	0.17191	0.31752	0.09484	0.03305	0.01665	0.01871	0.01251	0.00864	0.00973	0.00241	0.10327	0.00712	0.00561	0.01078
25	0.01691	0.01617	0.02756	0.21726	0.53498	0.01699	0.02177	0.02136	0.01604	0.02244	0.01348	0.01834	0.01105	0.00668	0.00721	0.00223	0.00890	0.00647	0.00351	0.01064
26	0.00956	0.00726	0.00851	0.00842	0.01009	0.00653	0.00605	0.01180	0.01730	0.02286	0.32485	0.11885	0.29681	0.10455	0.01206	0.00298	0.00403	0.01431	0.00699	0.00621
27	0.01162	0.00924	0.01481	0.01423	0.04344	0.00945	0.09088	0.01360	0.01274	0.01750	0.02288	0.12278	0.02404	0.22167	0.24629	0.05225	0.01137	0.05042	0.00448	0.00631
28	0.01777	0.45005	0.10176	0.01301	0.01807	0.06523	0.01262	0.01941	0.01393	0.01671	0.01110	0.01465	0.01011	0.01093	0.01071	0.19011	0.00808	0.00468	0.00316	0.00795
29	0.01821	0.19033	0.02380	0.18060	0.05601	0.01965	0.01435	0.06822	0.15872	0.06581	0.02034	0.02195	0.05276	0.00884	0.00815	0.00225	0.06861	0.00678	0.00493	0.00969

[dist]
# distance from previous block
# <min> <max>
2	4

[block]
# block no. 2 follows, 28 sequences, length 49
# corresponding to MSA columns:
# 162-165,167-211
name=unknown_C
#
# <colnr> <probs for GDERKNQSTAVLIFYWHMCP>
#	G	D	E	R	K	N	Q	S	T	A	V	L	I	F	Y	W	H	M	C	P
0	0.13729	0.07217	0.02197	0.18146	0.18810	0.04594	0.01567	0.10867	0.07641	0.02684	0.01496	0.01784	0.01168	0.00740	0.00651	0.00218	0.00794	0.00599	0.04119	0.00978
1	0.01856	0.01976	0.02437	0.23313	0.27395	0.17485	0.01903	0.02214	0.01620	0.02013	0.01239	0.01703	0.01026	0.00771	0.00915	0.00230	0.10014	0.00605	0.00347	0.00938
2	0.01214	0.00658	0.00964	0.00964	0.00981	0.00676	0.00652	0.01005	0.00987	0.01334	0.01447	0.02523	0.01460	0.09275	0.12335	0.61308	0.00818	0.00689	0.00337	0.00372
3	0.01172	0.00873	0.01032	0.01028	0.01220	0.00847	0.00774	0.08888	0.01819	0.02387	0.15510	0.22921	0.21080	0.07397	0.01099	0.00299	0.00493	0.09790	0.00683	0.00686
4	0.01467	0.00841	0.01122	0.01012	0.01239	0.00793	0.00769	0.01757	0.01852	0.15758	0.41358	0.04442	0.04811	0.08356	0.10774	0.00399	0.00648	0.01105	0.00732	0.00766
5	0.01022	0.00764	0.00963	0.00914	0.01109	0.00684	0.00680	0.01322	0.01904	0.02654	0.50875	0.12886	0.13667	0.01557	0.00846	0.00231	0.00366	0.01369	0.00749	0.05440
6	0.00897	0.00640	0.00856	0.01025	0.01072	0.00600	0.00694	0.01031	0.01403	0.01868	0.04000	0.71449	0.04784	0.02267	0.00931	0.00297	0.00431	0.04489	0.00675	0.00593
7	0.01655	0.01626	0.02825	0.21778	0.37721	0.01767	0.09677	0.02091	0.01549	0.02165	0.01314	0.01831	0.01076	0.00734	0.00924	0.00238	0.09011	0.00670	0.00346	0.01002
8	0.01453	0.01264	0.01678	0.07607	0.11503	0.01079	0.01127	0.01779	0.01508	0.02257	0.01668	0.11351	0.01581	0.00804	0.00632	0.00160	0.00605	0.00700	0.00444	0.50800
9	0.02014	0.01631	0.01736	0.01494	0.01933	0.01859	0.01182	0.19919	0.47865	0.03381	0.02600	0.02470	0.01945	0.01091	0.02921	0.00265	0.00668	0.00773	0.03109	0.01142
10	0.07547	0.01274	0.01448	0.01061	0.01669	0.01012	0.00851	0.01924	0.01513	0.05443	0.01383	0.01573	0.01118	0.00577	0.00539	0.00124	0.00536	0.00451	0.03573	0.66385
11	0.01580	0.21617	0.53898	0.01864	0.02825	0.01986	0.02324	0.02271	0.01520	0.02153	0.01231	0.01442	0.00924	0.00673	0.00634	0.00211	0.01000	0.00500	0.00308	0.01039
12	0.00908	0.00642	0.00837	0.00983	0.01020	0.00605	0.00644	0.01018	0.01348	0.01797	0.03780	0.64864	0.04523	0.11781	0.01293	0.00349	0.00459	0.01934	0.00644	0.00571
13	0.00974	0.00836	0.00925	0.00887	0.01070	0.00822	0.00664	0.01131	0.01513	0.01866	0.05927	0.06047	0.52603	0.11144	0.01412	0.00314	0.09286	0.01363	0.00601	0.00613
14	0.02413	0.01626	0.01810	0.01493	0.01988	0.01771	0.01199	0.22271	0.34685	0.18670	0.02586	0.02378	0.01839	0.00934	0.00734	0.00233	0.00650	0.00753	0.00772	0.01195
15	0.01272	0.01076	0.01553	0.09930	0.10367	0.01108	0.04223	0.05063	0.07516	0.02203	0.03415	0.35463	0.10725	0.01578	0.00840	0.00263	0.00606	0.01422	0.00589	0.00790
16	0.02777	0.01780	0.01995	0.01555	0.02112	0.01905	0.01276	0.44032	0.10671	0.20931	0.02168	0.02041	0.01492	0.00893	0.00730	0.00223	0.00728	0.00693	0.00772	0.01226
17	0.00905	0.00663	0.00851	0.00962	0.01050	0.00609	0.00661	0.01074	0.01532	0.02039	0.14935	0.54625	0.13227	0.02096	0.00908	0.00278	0.00402	0.01879	0.00695	0.00609
18	0.01791	0.01744	0.02141	0.14423	0.22992	0.09646	0.01620	0.02738	0.24233	0.02430	0.02059	0.02234	0.03723	0.00822	0.00717	0.00224	0.00805	0.00705	0.00497	0.04458
19	0.01589	0.01560	0.02299	0.06024	0.13802	0.02046	0.01691	0.01817	0.01227	0.01860	0.01090	0.01704	0.01030	0.01332	0.05265	0.00336	0.53500	0.00645	0.00329	0.00851
20	0.01481	0.01425	0.02427	0.51976	0.15936	0.01692	0.05443	0.01938	0.01477	0.01963	0.01289	0.01889	0.01006	0.00748	0.00856	0.00243	0.06347	0.00657	0.00331	0.00875
21	0.01808	0.01561	0.01644	0.01479	0.01890	0.01808	0.01151	0.03863	0.68606	0.03041	0.02959	0.02712	0.02219	0.00986	0.00740	0.00247	0.00575	0.00822	0.00740	0.01151
22	0.01716	0.01961	0.04289	0.03064	0.03799	0.01838	0.67279	0.02328	0.01716	0.02328	0.01471	0.01961	0.01103	0.00613	0.00858	0.00245	0.01225	0.00858	0.00368	0.00980
23	0.01023	0.00879	0.00893	0.00865	0.01139	0.00820	0.00656	0.01531	0.13233	0.02150	0.06602	0.06255	0.57969	0.01693	0.00838	0.00246	0.00404	0.01411	0.00686	0.00706
24	0.00881	0.00650	0.00825	0.00966	0.01042	0.00594	0.00654	0.01017	0.01437	0.01874	0.04574	0.62658	0.15763	0.02204	0.00916	0.00287	0.00413	0.01976	0.00675	0.00594
25	0.01038	0.00779	0.01168	0.01168	0.01298	0.00909	0.00909	0.01298	0.01168	0.01687	0.01947	0.02856	0.01817	0.05452	0.71573	0.01168	0.01947	0.00779	0.00389	0.00649
26	0.01474	0.01993	0.17866	0.19141	0.03174	0.01769	0.12470	0.01937	0.01409	0.02002	0.01433	0.07302	0.01271	0.00981	0.01245	0.00266	0.22279	0.00762	0.00352	0.00875
27	0.02840	0.01389	0.01853	0.01466	0.01904	0.01437	0.01214	0.08932	0.01984	0.48985	0.02335	0.02209	0.01558	0.00981	0.01103	0.00245	0.16971	0.00703	0.00753	0.01137
28	0.01943	0.74891	0.03809	0.01244	0.01866	0.02876	0.01244	0.02177	0.01477	0.01710	0.01011	0.01166	0.00933	0.00622	0.00466	0.00155	0.00777	0.00389	0.00311	0.00933
29	0.00859	0.00736	0.00736	0.00736	0.00982	0.00614	0.00552	0.01043	0.01657	0.01964	0.07364	0.06996	0.69624	0.01841	0.00859	0.00245	0.00368	0.01534	0.00675	0.00614
30	0.02763	0.02036	0.02182	0.01672	0.02254	0.02254	0.01382	0.67496	0.03418	0.04581	0.01745	0.01745	0.01236	0.00873	0.00727	0.00218	0.00800	0.00654	0.00727	0.01236
31	0.00942	0.00662	0.00848	0.00951	0.00999	0.00628	0.00623	0.01066	0.01397	0.01883	0.11553	0.50085	0.04568	0.18443	0.01544	0.00379	0.00476	0.01748	0.00637	0.00568
32	0.01178	0.00796	0.00901	0.00842	0.01107	0.00683	0.00643	0.01409	0.01798	0.10151	0.21060	0.06111	0.47373	0.01650	0.00844	0.00239	0.00392	0.01390	0.00730	0.00703
33	0.01147	0.00754	0.00871	0.00904	0.01061	0.00740	0.00661	0.01543	0.06764	0.02437	0.14837	0.24732	0.09580	0.01511	0.00755	0.00234	0.00395	0.03261	0.27129	0.00684
34	0.01231	0.00888	0.01134	0.01184	0.01353	0.00889	0.00925	0.09341	0.01838	0.02463	0.14253	0.32627	0.04499	0.01890	0.00917	0.00288	0.00536	0.22332	0.00700	0.00710
35	0.00899	0.00638	0.00840	0.00995	0.01034	0.00599	0.00657	0.01016	0.01366	0.01821	0.03874	0.68643	0.04641	0.07841	0.01141	0.00327	0.00444	0.01989	0.00657	0.00579
36	0.01091	0.00672	0.00859	0.00969	0.01060	0.00631	0.00667	0.01263	0.01451	0.05596	0.03664	0.57910	0.04141	0.01958	0.00845	0.00270	0.00418	0.01756	0.14141	0.00639
37	0.02139	0.53127	0.03283	0.01436	0.01970	0.21342	0.01299	0.02357	0.01621	0.01730	0.01039	0.01220	0.00935	0.00679	0.00584	0.00170	0.03419	0.00419	0.00328	0.00904
38	0.02147	0.01000	0.01328	0.01157	0.01501	0.00905	0.00897	0.02481	0.05021	0.36495	0.15416	0.22179	0.03554	0.01380	0.00807	0.00245	0.00513	0.01200	0.00814	0.00959
39	0.01424	0.01077	0.01396	0.07900	0.06944	0.01153	0.01063	0.12089	0.01774	0.02475	0.02998	0.21255	0.09532	0.01718	0.06496	0.00319	0.03475	0.03254	0.12870	0.00789
40	0.01507	0.01292	0.01507	0.01077	0.01723	0.00969	0.00861	0.01830	0.01507	0.02369	0.01292	0.01507	0.01077	0.00538	0.00538	0.00108	0.00538	0.00431	0.00431	0.78898
41	0.62269	0.01870	0.01292	0.01162	0.01595	0.17381	0.00926	0.02309	0.01422	0.02927	0.01037	0.01210	0.00821	0.00692	0.00496	0.00216	0.00731	0.00410	0.00433	0.00800
42	0.01856	0.01621	0.02723	0.08251	0.57511	0.01628	0.02079	0.02275	0.01676	0.07580	0.01594	0.02158	0.01331	0.00735	0.00734	0.00224	0.00842	0.03652	0.00414	0.01114
43	0.01696	0.01671	0.02206	0.31854	0.20296	0.09630	0.01781	0.02385	0.13266	0.02165	0.01626	0.02090	0.01303	0.03996	0.00850	0.00250	0.00901	0.00675	0.00416	0.00942
44	0.00905	0.00738	0.00799	0.00784	0.01010	0.00633	0.00588	0.01131	0.01764	0.02218	0.24016	0.06576	0.52814	0.01746	0.00859	0.00241	0.00361	0.01475	0.00709	0.00633
45	0.00969	0.00712	0.00805	0.00820	0.01003	0.00636	0.00601	0.01202	0.01692	0.02274	0.21356	0.17724	0.34224	0.01702	0.00825	0.00240	0.00368	0.01463	0.10749	0.00636
46	0.01458	0.03760	0.70688	0.02072	0.03146	0.01688	0.02686	0.02302	0.01535	0.02302	0.01304	0.01535	0.00921	0.00691	0.00691	0.00230	0.01074	0.00537	0.00307	0.01074
47	0.02784	0.01240	0.01549	0.01221	0.01704	0.01166	0.00998	0.12854	0.02166	0.46175	0.02593	0.02413	0.01727	0.00884	0.00683	0.00212	0.00587	0.00708	0.17214	0.01119
48	0.79588	0.01406	0.01068	0.00956	0.01406	0.01631	0.00787	0.02137	0.01237	0.03261	0.01012	0.01181	0.00787	0.00675	0.00450	0.00225	0.00562	0.00394	0.00450	0.00787

[dist]
# distance from previous block
# <min> <max>
0	4

[block]
# block no. 3 follows, 28 sequences, length 36
# corresponding to MSA columns:
# 216-251
name=unknown_D
#
# <colnr> <probs for GDERKNQSTAVLIFYWHMCP>
#	G	D	E	R	K	N	Q	S	T	A	V	L	I	F	Y	W	H	M	C	P
0	0.02494	0.01776	0.01894	0.01482	0.01985	0.01953	0.01215	0.54911	0.03056	0.04223	0.01865	0.01930	0.01356	0.00868	0.00685	0.00209	0.00712	0.00659	0.15599	0.01129
1	0.00911	0.00651	0.00872	0.01041	0.01094	0.00612	0.00718	0.01056	0.01417	0.01884	0.03993	0.68186	0.04753	0.02254	0.00935	0.00299	0.00444	0.07611	0.00674	0.00597
2	0.02298	0.01805	0.01920	0.01578	0.02077	0.02037	0.01269	0.36535	0.35135	0.03832	0.02336	0.02216	0.01714	0.00928	0.00733	0.00232	0.00691	0.00736	0.00733	0.01195
3	0.01205	0.00825	0.01096	0.01058	0.01229	0.00888	0.00806	0.01602	0.06141	0.04581	0.17460	0.03518	0.03045	0.07856	0.35860	0.00716	0.01182	0.00908	0.09319	0.00703
4	0.02729	0.01688	0.01985	0.01560	0.02058	0.01827	0.01285	0.34452	0.07304	0.25944	0.02113	0.02037	0.01460	0.00935	0.00916	0.00234	0.08864	0.00690	0.00739	0.01181
5	0.00884	0.00640	0.00836	0.00993	0.01049	0.00592	0.00666	0.01014	0.01410	0.01863	0.04241	0.69306	0.09330	0.02247	0.00923	0.00292	0.00418	0.02029	0.00675	0.00592
6	0.03083	0.01251	0.01645	0.01273	0.01807	0.01122	0.01048	0.07868	0.02132	0.60726	0.02752	0.02441	0.01765	0.00894	0.00714	0.00220	0.00610	0.00722	0.06731	0.01195
7	0.01941	0.01613	0.02000	0.33180	0.03343	0.06530	0.01586	0.17198	0.11090	0.06944	0.04088	0.02281	0.01537	0.00869	0.00736	0.00235	0.00850	0.02472	0.00536	0.00973
8	0.02707	0.01430	0.01691	0.01340	0.01840	0.01441	0.01093	0.22199	0.09171	0.34927	0.02478	0.02315	0.01685	0.00893	0.00700	0.00218	0.00630	0.00710	0.11380	0.01152
9	0.01205	0.00819	0.01028	0.00973	0.01181	0.00770	0.00729	0.01617	0.06447	0.07495	0.45749	0.13685	0.12410	0.01545	0.00849	0.00240	0.00391	0.01355	0.00775	0.00737
10	0.11252	0.01351	0.01498	0.10087	0.02028	0.08820	0.01088	0.02442	0.01723	0.28732	0.02561	0.20718	0.02266	0.01194	0.00741	0.00241	0.00680	0.00999	0.00660	0.00920
11	0.01662	0.01287	0.01523	0.01096	0.01734	0.00978	0.00880	0.01981	0.01558	0.08362	0.01431	0.01592	0.01140	0.00570	0.00555	0.00118	0.00545	0.00457	0.00472	0.72058
12	0.18092	0.01978	0.05985	0.01687	0.06456	0.13436	0.01311	0.10124	0.16511	0.02795	0.04133	0.01944	0.01502	0.01113	0.04696	0.00281	0.05851	0.00628	0.00519	0.00960
13	0.79588	0.01406	0.01068	0.00956	0.01406	0.01631	0.00787	0.02137	0.01237	0.03261	0.01012	0.01181	0.00787	0.00675	0.00450	0.00225	0.00562	0.00394	0.00450	0.00787
14	0.01585	0.01465	0.01984	0.12753	0.10573	0.04159	0.01496	0.02003	0.07103	0.04685	0.04628	0.02664	0.10726	0.01141	0.01401	0.00267	0.29255	0.00800	0.00450	0.00861
15	0.00941	0.00709	0.00870	0.00895	0.01048	0.00638	0.00646	0.01177	0.01754	0.02347	0.33482	0.25951	0.23261	0.01814	0.00878	0.00253	0.00373	0.01594	0.00730	0.00638
16	0.01155	0.00890	0.01146	0.01085	0.01113	0.01039	0.00759	0.01240	0.01091	0.01533	0.01962	0.03750	0.02146	0.45895	0.17773	0.00729	0.14817	0.00918	0.00406	0.00552
17	0.01808	0.01561	0.01644	0.01479	0.01890	0.01808	0.01151	0.03863	0.68606	0.03041	0.02959	0.02712	0.02219	0.00986	0.00740	0.00247	0.00575	0.00822	0.00740	0.01151
18	0.01055	0.00713	0.00833	0.00833	0.00846	0.00726	0.00490	0.01083	0.01069	0.01439	0.02254	0.04555	0.02555	0.67123	0.10911	0.00754	0.00837	0.01028	0.00435	0.00463
19	0.01609	0.25821	0.49946	0.01815	0.02749	0.02057	0.02238	0.02263	0.01517	0.02118	0.01213	0.01420	0.00925	0.00669	0.00621	0.00207	0.00982	0.00491	0.00308	0.01030
20	0.01094	0.00724	0.00893	0.00893	0.00957	0.00764	0.00595	0.01222	0.01158	0.01681	0.02195	0.03876	0.02276	0.42582	0.24293	0.00772	0.01038	0.00917	0.11531	0.00539
21	0.01867	0.14715	0.02470	0.01786	0.01966	0.15595	0.01494	0.02044	0.01358	0.01748	0.00996	0.01463	0.00947	0.01059	0.01720	0.00265	0.46789	0.00561	0.00328	0.00828
22	0.02053	0.07399	0.16366	0.06568	0.09430	0.08877	0.16002	0.09365	0.01892	0.10325	0.01534	0.01759	0.01128	0.00711	0.00716	0.00217	0.00984	0.00638	0.00451	0.03584
23	0.08451	0.02341	0.24974	0.02639	0.16863	0.01639	0.20261	0.02192	0.01599	0.02422	0.03995	0.03893	0.01349	0.00729	0.00730	0.00229	0.00963	0.00706	0.00381	0.03645
24	0.01373	0.01292	0.02180	0.72707	0.05006	0.01615	0.02019	0.01857	0.01453	0.01857	0.01292	0.01938	0.00969	0.00727	0.00727	0.00242	0.00969	0.00646	0.00323	0.00807
25	0.01336	0.01103	0.01774	0.06400	0.14317	0.01202	0.05993	0.01579	0.01320	0.01891	0.01826	0.02575	0.03706	0.05970	0.24783	0.10301	0.06610	0.00753	0.05824	0.00737
26	0.04439	0.04061	0.08842	0.01985	0.06944	0.01509	0.16281	0.04287	0.08138	0.02340	0.04375	0.19354	0.02377	0.01217	0.00946	0.00259	0.07155	0.04099	0.00508	0.00885
27	0.01423	0.05425	0.43162	0.06861	0.02865	0.01643	0.05782	0.02059	0.01445	0.02108	0.01385	0.01799	0.01088	0.01528	0.12714	0.00393	0.06437	0.00605	0.00326	0.00954
28	0.02559	0.01265	0.01568	0.01248	0.01705	0.01216	0.01013	0.16715	0.02315	0.37393	0.15333	0.02903	0.02652	0.01001	0.00735	0.00219	0.00580	0.00821	0.07677	0.01082
29	0.01477	0.01927	0.16586	0.20409	0.11265	0.06504	0.01743	0.02092	0.07528	0.02207	0.06668	0.03013	0.11526	0.00985	0.00750	0.00235	0.00832	0.02894	0.00457	0.00900
30	0.02047	0.15121	0.15349	0.02257	0.12855	0.13828	0.10977	0.02531	0.03695	0.09833	0.03736	0.01801	0.01320	0.00730	0.00685	0.00210	0.00962	0.00617	0.00432	0.01016
31	0.01603	0.21103	0.28142	0.01582	0.02232	0.01708	0.05266	0.02052	0.01499	0.06751	0.01822	0.11896	0.01709	0.08411	0.00984	0.00269	0.00846	0.00795	0.00417	0.00912
32	0.01056	0.00709	0.00814	0.00814	0.00821	0.00716	0.00466	0.01070	0.01063	0.01425	0.02271	0.04652	0.02597	0.70637	0.07454	0.00730	0.00773	0.01042	0.00438	0.00452
33	0.01882	0.04932	0.24767	0.02786	0.24541	0.06824	0.07021	0.08957	0.01839	0.04930	0.01501	0.01905	0.01185	0.00743	0.00718	0.00223	0.00967	0.02790	0.00410	0.01079
34	0.01720	0.09006	0.04715	0.12798	0.21164	0.06347	0.01603	0.10107	0.01776	0.02333	0.01894	0.16994	0.01858	0.01060	0.00792	0.00233	0.03298	0.00906	0.00460	0.00935
35	0.01171	0.00822	0.01057	0.01062	0.01195	0.00871	0.00766	0.01548	0.08392	0.04234	0.07187	0.20171	0.03064	0.16851	0.24866	0.00647	0.00997	0.01172	0.03256	0.00671

[dist]
# distance from previous block
# <min> <max>
3	5

[block]
# block no. 4 follows, 28 sequences, length 17
# corresponding to MSA columns:
# 257-273
name=unknown_E
#
# <colnr> <probs for GDERKNQSTAVLIFYWHMCP>
#	G	D	E	R	K	N	Q	S	T	A	V	L	I	F	Y	W	H	M	C	P
0	0.01672	0.02006	0.07936	0.01462	0.01783	0.23567	0.01217	0.02076	0.06514	0.02027	0.08310	0.06848	0.10644	0.01932	0.13641	0.00398	0.05824	0.00865	0.00485	0.00792
1	0.00987	0.00784	0.00894	0.00897	0.01096	0.00724	0.00660	0.01352	0.07023	0.02294	0.23712	0.18809	0.34608	0.01756	0.00862	0.00250	0.00388	0.01517	0.00715	0.00672
2	0.01936	0.01673	0.04651	0.02101	0.13207	0.01697	0.07895	0.20034	0.13992	0.05518	0.09013	0.02606	0.04882	0.01139	0.03885	0.00273	0.03029	0.00811	0.00603	0.01055
3	0.01800	0.01044	0.01225	0.01065	0.01352	0.01047	0.00809	0.08586	0.09569	0.16290	0.17877	0.03548	0.03112	0.13799	0.01235	0.00301	0.00532	0.00915	0.15037	0.00859
4	0.01412	0.01386	0.03999	0.01351	0.01578	0.09583	0.05293	0.01750	0.05123	0.01909	0.02353	0.03139	0.08039	0.15233	0.20182	0.00565	0.08335	0.00837	0.07219	0.00714
5	0.01699	0.10185	0.15642	0.01991	0.02372	0.07167	0.08975	0.02048	0.01368	0.01916	0.01096	0.01554	0.00961	0.00980	0.01560	0.00266	0.38405	0.00603	0.00325	0.00887
6	0.01474	0.01399	0.02354	0.55780	0.14241	0.01652	0.04835	0.02044	0.05225	0.02019	0.01403	0.01962	0.01071	0.00725	0.00732	0.00239	0.00943	0.00665	0.00353	0.00884
7	0.02005	0.69232	0.03671	0.01294	0.01896	0.08316	0.01257	0.02234	0.01523	0.01716	0.01020	0.01178	0.00933	0.00632	0.00481	0.00158	0.00820	0.00395	0.00316	0.00926
8	0.01678	0.00890	0.01158	0.01007	0.01304	0.00792	0.00785	0.01983	0.02018	0.23022	0.42304	0.04728	0.12678	0.01352	0.00820	0.00229	0.00428	0.01165	0.00815	0.00843
9	0.01174	0.00718	0.00835	0.00835	0.01005	0.00736	0.00636	0.01462	0.01441	0.02274	0.03111	0.03498	0.13611	0.02399	0.21853	0.00482	0.00826	0.00857	0.41592	0.00658
10	0.05780	0.01870	0.05116	0.01794	0.09309	0.13601	0.01317	0.13887	0.05872	0.19246	0.02228	0.12822	0.01874	0.01035	0.00732	0.00228	0.00784	0.00846	0.00628	0.01028
11	0.01661	0.32832	0.09409	0.01646	0.08319	0.02034	0.01391	0.02035	0.03731	0.01942	0.01324	0.01717	0.01181	0.03944	0.09109	0.00317	0.06646	0.00537	0.00358	0.09867
12	0.47892	0.08184	0.04856	0.01267	0.01762	0.13994	0.01085	0.09114	0.01643	0.02964	0.01122	0.01278	0.00879	0.00705	0.00527	0.00212	0.00760	0.00440	0.00447	0.00870
13	0.01717	0.00864	0.01061	0.00943	0.01111	0.00814	0.00629	0.01801	0.01364	0.22079	0.02463	0.04073	0.02390	0.52425	0.02811	0.00561	0.00679	0.00959	0.00578	0.00679
14	0.09678	0.01130	0.06288	0.01308	0.08060	0.00977	0.00913	0.01610	0.01457	0.05187	0.11108	0.08670	0.05695	0.23075	0.01593	0.00367	0.00599	0.00971	0.10601	0.00711
15	0.01582	0.07204	0.14036	0.03593	0.02026	0.03986	0.03714	0.13490	0.04301	0.02568	0.07248	0.23801	0.02737	0.01301	0.00777	0.00242	0.00721	0.03176	0.00564	0.02935
16	0.01445	0.06558	0.01968	0.01457	0.01824	0.03732	0.14659	0.01821	0.04756	0.04405	0.14853	0.09515	0.06095	0.13820	0.01277	0.00302	0.00706	0.01015	0.00540	0.09253

[dist]
# distance from previous block
# <min> <max>
0	63

[block]
# block no. 5 follows, 28 sequences, length 49
# corresponding to MSA columns:
# 337-347,349-368,387-404
name=unknown_F
#
# <colnr> <probs for GDERKNQSTAVLIFYWHMCP>
#	G	D	E	R	K	N	Q	S	T	A	V	L	I	F	Y	W	H	M	C	P
0	0.04311	0.05755	0.06026	0.01915	0.13749	0.01551	0.01364	0.07389	0.16502	0.10876	0.02289	0.08649	0.01951	0.01086	0.00860	0.02909	0.03353	0.04484	0.03977	0.01001
1	0.01851	0.05277	0.30858	0.01852	0.07066	0.06001	0.01832	0.08116	0.01779	0.07897	0.01447	0.01612	0.01074	0.00685	0.00652	0.00193	0.00873	0.00535	0.00430	0.19972
2	0.27808	0.01669	0.01738	0.01481	0.01824	0.06286	0.03604	0.09843	0.12818	0.02857	0.01490	0.01703	0.01186	0.00904	0.01029	0.00246	0.18216	0.00588	0.03802	0.00907
3	0.02124	0.01973	0.10331	0.04733	0.06287	0.01885	0.01504	0.33747	0.16248	0.03528	0.04399	0.06228	0.01786	0.00957	0.00741	0.00231	0.00760	0.00778	0.00640	0.01120
4	0.01399	0.00849	0.00950	0.00861	0.01178	0.00716	0.00668	0.01605	0.01752	0.17339	0.06354	0.05980	0.54391	0.01630	0.00830	0.00241	0.00424	0.01354	0.00725	0.00754
5	0.01949	0.62727	0.03534	0.01353	0.01892	0.06768	0.01291	0.02172	0.01471	0.01718	0.01011	0.01221	0.00935	0.00701	0.00688	0.00175	0.08745	0.00420	0.00315	0.00913
6	0.29916	0.01582	0.01646	0.01310	0.01840	0.01690	0.01081	0.25897	0.02262	0.23290	0.01814	0.01759	0.01242	0.00811	0.00631	0.00223	0.00664	0.00585	0.00680	0.01079
7	0.01054	0.00743	0.00929	0.00905	0.01088	0.00670	0.00670	0.01328	0.01872	0.05061	0.43862	0.16030	0.19764	0.01660	0.00864	0.00242	0.00370	0.01454	0.00758	0.00676
8	0.01048	0.00703	0.00803	0.00808	0.00818	0.00699	0.00462	0.01070	0.01119	0.01500	0.05560	0.07726	0.02935	0.67922	0.03447	0.00665	0.00676	0.01112	0.00467	0.00458
9	0.00905	0.00641	0.00838	0.00987	0.01024	0.00603	0.00648	0.01017	0.01353	0.01805	0.03810	0.66063	0.04560	0.10531	0.01245	0.00342	0.00454	0.01951	0.00648	0.00573
10	0.01943	0.74891	0.03809	0.01244	0.01866	0.02876	0.01244	0.02177	0.01477	0.01710	0.01011	0.01166	0.00933	0.00622	0.00466	0.00155	0.00777	0.00389	0.00311	0.00933
11	0.00948	0.00684	0.00907	0.01043	0.01131	0.00644	0.00754	0.01136	0.01524	0.02029	0.11214	0.52096	0.08176	0.02125	0.00930	0.00292	0.00452	0.12612	0.00687	0.00615
12	0.01507	0.01292	0.01507	0.01077	0.01723	0.00969	0.00861	0.01830	0.01507	0.02369	0.01292	0.01507	0.01077	0.00538	0.00538	0.00108	0.00538	0.00431	0.00431	0.78898
13	0.02635	0.02245	0.02257	0.01779	0.02325	0.13925	0.05364	0.48861	0.06934	0.03880	0.01695	0.01742	0.01235	0.00843	0.00724	0.00216	0.00899	0.00645	0.00646	0.01149
14	0.01507	0.01292	0.01507	0.01077	0.01723	0.00969	0.00861	0.01830	0.01507	0.02369	0.01292	0.01507	0.01077	0.00538	0.00538	0.00108	0.00538	0.00431	0.00431	0.78898
15	0.01263	0.00631	0.00947	0.00947	0.00947	0.00631	0.00631	0.00947	0.00947	0.01263	0.01263	0.02210	0.01263	0.02525	0.02841	0.78851	0.00631	0.00631	0.00316	0.00316
16	0.01411	0.09617	0.01620	0.01524	0.08745	0.07306	0.01024	0.05487	0.04418	0.02106	0.03181	0.39780	0.07734	0.01614	0.00805	0.00251	0.00612	0.01412	0.00579	0.00775
17	0.02714	0.01086	0.01424	0.01136	0.01590	0.00961	0.00923	0.03012	0.01957	0.51671	0.06607	0.02696	0.02105	0.00922	0.00689	0.00213	0.00541	0.00753	0.17916	0.01082
18	0.01053	0.00733	0.00889	0.00908	0.01084	0.00651	0.00658	0.01264	0.01695	0.06212	0.21816	0.28897	0.27783	0.01842	0.00874	0.00257	0.00395	0.01610	0.00720	0.00661
19	0.01681	0.18478	0.11466	0.05466	0.26554	0.01845	0.01749	0.02086	0.01523	0.02148	0.01304	0.01655	0.01097	0.00855	0.03341	0.00231	0.04484	0.00554	0.03234	0.10251
20	0.01982	0.02227	0.02350	0.02295	0.11749	0.25385	0.05468	0.02220	0.01546	0.01880	0.01142	0.01602	0.01022	0.01146	0.04413	0.00291	0.31465	0.00600	0.00349	0.00866
21	0.05073	0.01076	0.01357	0.01119	0.01509	0.00990	0.00889	0.06292	0.02036	0.34963	0.22624	0.03757	0.09244	0.04642	0.00910	0.00250	0.00528	0.00971	0.00802	0.00966
22	0.01966	0.26892	0.02833	0.02331	0.21969	0.13637	0.01538	0.04312	0.05078	0.02159	0.06067	0.01792	0.01489	0.00768	0.00713	0.00198	0.04290	0.00585	0.00405	0.00979
23	0.01887	0.02213	0.15079	0.02144	0.05511	0.09392	0.20032	0.09467	0.07825	0.06239	0.06821	0.06383	0.01848	0.00883	0.00772	0.00233	0.00943	0.00820	0.00507	0.01001
24	0.01243	0.00790	0.01015	0.00939	0.01155	0.00714	0.00711	0.01550	0.01982	0.10033	0.51973	0.08553	0.13544	0.01502	0.00847	0.00233	0.00379	0.01313	0.00790	0.00732
25	0.00881	0.00649	0.00827	0.00969	0.01043	0.00594	0.00655	0.01017	0.01433	0.01873	0.04535	0.63426	0.15019	0.02209	0.00917	0.00287	0.00413	0.01983	0.00675	0.00594
26	0.01774	0.01679	0.02819	0.11195	0.45097	0.01725	0.09174	0.06218	0.05626	0.02506	0.04004	0.02015	0.01404	0.00717	0.00742	0.00224	0.00875	0.00706	0.00417	0.01083
27	0.11572	0.02316	0.21011	0.06180	0.12318	0.09652	0.01791	0.02142	0.01534	0.02303	0.05333	0.01769	0.01316	0.00822	0.00930	0.00230	0.12274	0.00590	0.00380	0.05534
28	0.40383	0.01189	0.01247	0.17288	0.02061	0.01375	0.00974	0.01779	0.01238	0.02437	0.01424	0.02326	0.01333	0.20748	0.01397	0.00359	0.00694	0.00632	0.00418	0.00698
29	0.66759	0.01457	0.01221	0.01050	0.01521	0.01654	0.00865	0.08721	0.01511	0.07970	0.01211	0.01325	0.00901	0.00710	0.00497	0.00224	0.00590	0.00443	0.00508	0.00862
30	0.04807	0.01399	0.02105	0.28554	0.22793	0.01549	0.01691	0.06466	0.05927	0.02368	0.05752	0.02512	0.04817	0.05178	0.00903	0.00259	0.00804	0.00753	0.00444	0.00920
31	0.00918	0.00675	0.00805	0.00892	0.00976	0.00623	0.00590	0.01030	0.01382	0.01780	0.04458	0.41219	0.20639	0.18731	0.01547	0.00377	0.00473	0.01701	0.00621	0.00562
32	0.01029	0.00743	0.00972	0.00914	0.01086	0.00686	0.00686	0.01372	0.02058	0.02915	0.69536	0.05430	0.06859	0.01486	0.00857	0.00229	0.00343	0.01315	0.00800	0.00686
33	0.01565	0.01587	0.01316	0.01222	0.01534	0.17086	0.00928	0.02288	0.20440	0.02328	0.11669	0.04334	0.28209	0.01315	0.00779	0.00231	0.00637	0.01069	0.00639	0.00823
34	0.01057	0.00705	0.00793	0.00793	0.00793	0.00705	0.00440	0.01057	0.01057	0.01409	0.02290	0.04757	0.02643	0.74454	0.03700	0.00705	0.00705	0.01057	0.00440	0.00440
35	0.02247	0.01682	0.01825	0.01493	0.01948	0.01842	0.01196	0.46080	0.09985	0.03823	0.02540	0.14335	0.05378	0.01171	0.00769	0.00236	0.00690	0.00955	0.00717	0.01086
36	0.01507	0.01292	0.01507	0.01077	0.01723	0.00969	0.00861	0.01830	0.01507	0.02369	0.01292	0.01507	0.01077	0.00538	0.00538	0.00108	0.00538	0.00431	0.00431	0.78898
37	0.01576	0.00942	0.00969	0.00889	0.01136	0.00997	0.00687	0.09868	0.09424	0.02973	0.02363	0.02594	0.01828	0.00866	0.00561	0.00184	0.00421	0.00691	0.60231	0.00799
38	0.00905	0.00738	0.00800	0.00784	0.01010	0.00633	0.00588	0.01131	0.01765	0.02219	0.24065	0.06575	0.52764	0.01746	0.00859	0.00241	0.00361	0.01475	0.00709	0.00633
39	0.01458	0.03760	0.70688	0.02072	0.03146	0.01688	0.02686	0.02302	0.01535	0.02302	0.01304	0.01535	0.00921	0.00691	0.00691	0.00230	0.01074	0.00537	0.00307	0.01074
40	0.01716	0.01961	0.04289	0.03064	0.03799	0.01838	0.67279	0.02328	0.01716	0.02328	0.01471	0.01961	0.01103	0.00613	0.00858	0.00245	0.01225	0.00858	0.00368	0.00980
41	0.01296	0.00891	0.01089	0.01003	0.01225	0.00862	0.00760	0.08961	0.02074	0.05398	0.43245	0.13583	0.09927	0.01488	0.00829	0.00234	0.00417	0.01296	0.04670	0.00752
42	0.01854	0.01765	0.02791	0.02155	0.02621	0.05286	0.26928	0.16938	0.01950	0.02627	0.01619	0.02214	0.01341	0.01633	0.12983	0.00405	0.10370	0.03121	0.00458	0.00941
43	0.01660	0.01586	0.02700	0.26656	0.48809	0.01691	0.02162	0.02109	0.01590	0.02206	0.01343	0.01844	0.01092	0.00673	0.00722	0.00224	0.00898	0.00647	0.00348	0.01040
44	0.01435	0.01405	0.01232	0.01187	0.01442	0.15300	0.00908	0.01908	0.10328	0.02306	0.19791	0.09000	0.21152	0.01468	0.00822	0.00242	0.00617	0.08057	0.00651	0.00751
45	0.01591	0.01276	0.01178	0.01085	0.01346	0.09255	0.00819	0.09431	0.09910	0.02649	0.08631	0.08496	0.10650	0.05120	0.00854	0.00239	0.00563	0.00948	0.25169	0.00791
46	0.01959	0.08066	0.24193	0.01973	0.07686	0.06392	0.08141	0.05216	0.05698	0.13475	0.01943	0.02172	0.03823	0.05037	0.00880	0.00249	0.00903	0.00681	0.00483	0.01029
47	0.02058	0.01849	0.19662	0.01423	0.01993	0.01298	0.01401	0.04581	0.13203	0.23186	0.05180	0.02390	0.01820	0.00976	0.00826	0.04986	0.00689	0.00706	0.10746	0.01027
48	0.01200	0.00718	0.00965	0.01062	0.01176	0.00662	0.00746	0.01355	0.01491	0.10582	0.03855	0.62030	0.04398	0.02091	0.00906	0.00288	0.00458	0.04638	0.00703	0.00676

[dist]
# distance from previous block
# <min> <max>
6	14

[block]
# block no. 6 follows, 28 sequences, length 20
# corresponding to MSA columns:
# 423-442
name=unknown_G
#
# <colnr> <probs for GDERKNQSTAVLIFYWHMCP>
#	G	D	E	R	K	N	Q	S	T	A	V	L	I	F	Y	W	H	M	C	P
0	0.14718	0.28880	0.18124	0.03893	0.02239	0.02051	0.06272	0.02118	0.01452	0.02223	0.01287	0.03463	0.01086	0.00737	0.00648	0.00205	0.03860	0.00541	0.05295	0.00908
1	0.00913	0.00733	0.00780	0.00771	0.00971	0.00638	0.00556	0.01095	0.01632	0.02028	0.16023	0.06440	0.50594	0.12149	0.01264	0.00308	0.00412	0.01433	0.00660	0.00600
2	0.01669	0.01392	0.02315	0.28396	0.08892	0.01487	0.13204	0.02297	0.09235	0.09844	0.07856	0.02671	0.05762	0.00878	0.00770	0.00238	0.00834	0.00822	0.00506	0.00931
3	0.01914	0.01493	0.01617	0.01436	0.01850	0.01685	0.01122	0.03719	0.59112	0.09601	0.05962	0.02812	0.02388	0.01000	0.00744	0.00244	0.00569	0.00835	0.00758	0.01138
4	0.01062	0.00723	0.00918	0.00912	0.00964	0.00750	0.00600	0.01147	0.01191	0.01641	0.09734	0.04187	0.02821	0.44070	0.20627	0.05714	0.00976	0.00988	0.00460	0.00513
5	0.01458	0.03760	0.70688	0.02072	0.03146	0.01688	0.02686	0.02302	0.01535	0.02302	0.01304	0.01535	0.00921	0.00691	0.00691	0.00230	0.01074	0.00537	0.00307	0.01074
6	0.00981	0.00706	0.00839	0.00862	0.01021	0.00640	0.00625	0.01223	0.01714	0.02351	0.27561	0.23042	0.23624	0.01717	0.00836	0.00244	0.00370	0.01497	0.09508	0.00640
7	0.00898	0.00667	0.00829	0.00936	0.01032	0.00608	0.00641	0.01051	0.01495	0.01954	0.10258	0.51084	0.19099	0.04613	0.01003	0.00293	0.00413	0.01851	0.00677	0.00598
8	0.01954	0.01642	0.01495	0.08725	0.01951	0.19026	0.01088	0.04481	0.05310	0.11924	0.02537	0.02708	0.09171	0.01466	0.08821	0.00318	0.00908	0.00744	0.14883	0.00846
9	0.01901	0.01920	0.02851	0.04174	0.62389	0.09496	0.02139	0.02306	0.01700	0.02308	0.01340	0.01745	0.01127	0.00659	0.00712	0.00213	0.00913	0.00628	0.00361	0.01117
10	0.10647	0.01495	0.01630	0.01215	0.01822	0.01371	0.00986	0.18604	0.01964	0.03033	0.01376	0.01531	0.01085	0.00639	0.00576	0.00149	0.00608	0.00484	0.00508	0.50277
11	0.01263	0.00631	0.00947	0.00947	0.00947	0.00631	0.00631	0.00947	0.00947	0.01263	0.01263	0.02210	0.01263	0.02525	0.02841	0.78851	0.00631	0.00631	0.00316	0.00316
12	0.51103	0.01911	0.07379	0.01587	0.09323	0.09579	0.01214	0.06074	0.01530	0.02991	0.01132	0.01327	0.00882	0.00693	0.00540	0.00220	0.00738	0.00458	0.00435	0.00885
13	0.10165	0.00884	0.00985	0.00922	0.01186	0.00829	0.00704	0.01607	0.01662	0.11983	0.15252	0.07122	0.28555	0.09620	0.01122	0.00296	0.00480	0.05234	0.00676	0.00718
14	0.06086	0.01048	0.01106	0.01027	0.01260	0.03653	0.00781	0.08754	0.05950	0.02461	0.10800	0.03810	0.16514	0.01544	0.01192	0.17312	0.00539	0.03774	0.11700	0.00690
15	0.01165	0.00985	0.01376	0.15408	0.02035	0.01029	0.04826	0.01605	0.08504	0.02059	0.10071	0.14708	0.17717	0.13759	0.01310	0.00328	0.00623	0.01220	0.00566	0.00704
16	0.10879	0.15089	0.06471	0.01544	0.03727	0.11963	0.01304	0.11610	0.08868	0.02536	0.02066	0.02171	0.08747	0.00935	0.00839	0.00221	0.08959	0.00656	0.00483	0.00933
17	0.06611	0.04194	0.05755	0.12393	0.19274	0.11424	0.01627	0.15493	0.02012	0.05288	0.01634	0.01884	0.02850	0.00774	0.00679	0.00214	0.00864	0.00622	0.05404	0.01004
18	0.17435	0.08721	0.01831	0.01450	0.05746	0.09329	0.01096	0.09641	0.03725	0.09303	0.01675	0.07604	0.01427	0.00834	0.00616	0.00194	0.00700	0.00639	0.00521	0.17513
19	0.04339	0.15769	0.02508	0.06052	0.10024	0.06237	0.08647	0.07453	0.10816	0.07532	0.04275	0.02121	0.01569	0.05085	0.00850	0.00237	0.00806	0.00672	0.00497	0.04511

[dist]
# distance from previous block
# <min> <max>
0	184

[block]
# block no. 7 follows, 28 sequences, length 22
# corresponding to MSA columns:
# 646-667
name=unknown_H
#
# <colnr> <probs for GDERKNQSTAVLIFYWHMCP>
#	G	D	E	R	K	N	Q	S	T	A	V	L	I	F	Y	W	H	M	C	P
0	0.01951	0.04936	0.18123	0.05651	0.07745	0.09800	0.07185	0.12395	0.05013	0.05701	0.01679	0.02198	0.01357	0.00859	0.00806	0.00229	0.04468	0.05390	0.00469	0.04044
1	0.10242	0.01091	0.01298	0.01160	0.01427	0.01166	0.00894	0.11843	0.01649	0.11926	0.02116	0.03155	0.01922	0.19605	0.23540	0.00637	0.01078	0.03918	0.00545	0.00789
2	0.01590	0.01072	0.01462	0.15863	0.02163	0.01157	0.01120	0.05520	0.08691	0.12436	0.10879	0.13318	0.02772	0.06388	0.11857	0.00416	0.00842	0.01014	0.00603	0.00837
3	0.01534	0.01489	0.01912	0.11957	0.02278	0.10253	0.08674	0.01816	0.01469	0.02002	0.01925	0.16686	0.01900	0.01195	0.01170	0.00255	0.19498	0.00941	0.12283	0.00764
4	0.01127	0.00855	0.01249	0.06462	0.01550	0.01013	0.00978	0.01395	0.01215	0.01787	0.01890	0.02770	0.01737	0.07100	0.52845	0.00937	0.06073	0.00762	0.07593	0.00664
5	0.01682	0.01856	0.03807	0.02749	0.03407	0.01783	0.54251	0.02223	0.01638	0.02279	0.01404	0.01879	0.01086	0.00666	0.00965	0.00237	0.07792	0.00793	0.00370	0.09132
6	0.01088	0.00868	0.01293	0.01737	0.15222	0.00836	0.01019	0.01287	0.01460	0.01978	0.03456	0.55831	0.04025	0.01929	0.00889	0.00281	0.00525	0.04956	0.00610	0.00710
7	0.01653	0.01833	0.15760	0.01322	0.02048	0.01186	0.01273	0.05264	0.01638	0.06114	0.01401	0.01577	0.01091	0.00606	0.00589	0.00145	0.00666	0.00480	0.00445	0.54910
8	0.01638	0.01696	0.02209	0.01906	0.02272	0.15649	0.19550	0.02060	0.03978	0.02139	0.02611	0.10217	0.02645	0.01349	0.00877	0.00273	0.00932	0.26668	0.00528	0.00801
