[name]
unknown

[dist]
# distance from previous block
# <min> <max>
0	0

[block]
# block no. 0 follows, 31 sequences, length 64
# corresponding to MSA columns:
# 0-63
name=unknown_A
#
# <colnr> <probs for GDERKNQSTAVLIFYWHMCP>
#	G	D	E	R	K	N	Q	S	T	A	V	L	I	F	Y	W	H	M	C	P
0	0.01102	0.00787	0.01102	0.01260	0.01417	0.00787	0.01102	0.01417	0.01575	0.02047	0.03622	0.07717	0.03937	0.01890	0.00945	0.00315	0.00630	0.67084	0.00630	0.00630
1	0.01598	0.01565	0.02775	0.18953	0.49211	0.01616	0.10167	0.02036	0.01524	0.02126	0.01284	0.01739	0.01042	0.00621	0.00694	0.00212	0.00875	0.00633	0.00332	0.00995
2	0.00834	0.00595	0.00794	0.00953	0.00992	0.00556	0.00635	0.00953	0.01310	0.01746	0.03771	0.75510	0.04525	0.02143	0.00873	0.00278	0.00397	0.01945	0.00635	0.00556
3	0.01685	0.59843	0.03280	0.01283	0.01836	0.02353	0.07829	0.01934	0.01433	0.01696	0.01717	0.01835	0.09418	0.00723	0.00520	0.00165	0.00727	0.00540	0.00339	0.00846
4	0.01784	0.01052	0.01307	0.01031	0.01492	0.00862	0.00830	0.02065	0.01679	0.23807	0.12033	0.03062	0.09829	0.00932	0.00657	0.00175	0.00493	0.03780	0.00625	0.32505
5	0.02225	0.09397	0.11570	0.01679	0.02287	0.03682	0.09198	0.30633	0.08449	0.11523	0.01705	0.01740	0.01221	0.00757	0.00669	0.00206	0.00803	0.00617	0.00567	0.01071
6	0.01835	0.01564	0.01532	0.01338	0.01604	0.15098	0.01055	0.06868	0.10087	0.10387	0.15574	0.02653	0.04703	0.01027	0.00975	0.00220	0.14455	0.00758	0.07429	0.00838
7	0.00930	0.00645	0.00811	0.00899	0.00939	0.00625	0.00596	0.01028	0.01233	0.01644	0.05403	0.38018	0.03722	0.31367	0.01913	0.00432	0.00524	0.08208	0.00551	0.00510
8	0.01588	0.01166	0.01651	0.34202	0.05064	0.01273	0.01333	0.08384	0.01621	0.08001	0.01602	0.01953	0.01201	0.00712	0.00618	0.00193	0.00688	0.00597	0.17743	0.10409
9	0.01111	0.00901	0.01077	0.01044	0.01118	0.04816	0.00748	0.01243	0.01098	0.01489	0.01851	0.03256	0.01923	0.33886	0.34892	0.00806	0.06994	0.00815	0.00380	0.00550
10	0.00943	0.00698	0.00898	0.00999	0.01121	0.00665	0.00755	0.01201	0.03648	0.01993	0.12300	0.37798	0.13711	0.01894	0.00869	0.00272	0.00446	0.18535	0.00650	0.00605
11	0.08455	0.10742	0.01955	0.01408	0.01881	0.04468	0.01157	0.28200	0.28660	0.03235	0.01922	0.01870	0.01441	0.00815	0.00636	0.00208	0.00668	0.00620	0.00609	0.01051
12	0.02055	0.01995	0.02461	0.03164	0.43323	0.15084	0.01778	0.17109	0.01996	0.02590	0.01323	0.01596	0.01064	0.00674	0.00668	0.00199	0.00878	0.00579	0.00418	0.01047
13	0.09678	0.29896	0.09373	0.01576	0.05764	0.13174	0.03623	0.02466	0.14354	0.02106	0.01370	0.01483	0.01106	0.00680	0.00559	0.00186	0.00800	0.00496	0.00394	0.00915
14	0.01567	0.10654	0.56999	0.01826	0.02739	0.01765	0.02243	0.10281	0.01653	0.02370	0.01250	0.01434	0.00904	0.00664	0.00633	0.00208	0.00952	0.00505	0.00337	0.01016
15	0.01067	0.00688	0.00903	0.00914	0.00948	0.00719	0.00624	0.01062	0.01050	0.01416	0.02002	0.03924	0.02179	0.37339	0.12179	0.21174	0.02526	0.08443	0.00400	0.00443
16	0.01340	0.01265	0.02140	0.65839	0.12807	0.01533	0.01924	0.01790	0.01391	0.01807	0.01225	0.01808	0.00933	0.00675	0.00683	0.00225	0.00900	0.00608	0.00308	0.00799
17	0.00963	0.00690	0.00823	0.00789	0.00969	0.00627	0.00592	0.01246	0.01776	0.02484	0.45981	0.05190	0.23031	0.01414	0.00768	0.00213	0.00329	0.01219	0.10270	0.00627
18	0.00834	0.00595	0.00794	0.00953	0.00992	0.00556	0.00635	0.00953	0.01310	0.01746	0.03771	0.75510	0.04525	0.02143	0.00873	0.00278	0.00397	0.01945	0.00635	0.00556
19	0.01524	0.01292	0.01423	0.01301	0.01588	0.01499	0.00993	0.02941	0.50913	0.02482	0.02590	0.06078	0.02157	0.10304	0.05217	0.00339	0.04970	0.00841	0.00617	0.00932
20	0.03070	0.01164	0.01588	0.01217	0.01746	0.01006	0.01006	0.03334	0.01958	0.72163	0.02699	0.02329	0.01694	0.00847	0.00688	0.00212	0.00582	0.00688	0.00847	0.01164
21	0.00873	0.00672	0.00798	0.00816	0.00976	0.00597	0.00593	0.01089	0.01639	0.02153	0.29859	0.22294	0.31762	0.01707	0.00823	0.00236	0.00350	0.01486	0.00679	0.00597
22	0.01372	0.03539	0.72412	0.01950	0.02961	0.01589	0.02528	0.02167	0.01444	0.02167	0.01228	0.01444	0.00867	0.00650	0.00650	0.00217	0.01011	0.00506	0.00289	0.01011
23	0.01178	0.00949	0.01417	0.01849	0.17874	0.00932	0.01210	0.01480	0.01557	0.02077	0.07036	0.14459	0.08693	0.01580	0.00855	0.00272	0.00606	0.34682	0.00569	0.00725
24	0.80789	0.01323	0.01006	0.00900	0.01323	0.01535	0.00741	0.02011	0.01164	0.03070	0.00953	0.01111	0.00741	0.00635	0.00423	0.00212	0.00529	0.00370	0.00423	0.00741
25	0.01216	0.01008	0.01588	0.01527	0.01728	0.01073	0.09385	0.01541	0.01511	0.02012	0.02994	0.06191	0.03188	0.01640	0.01099	0.00303	0.10422	0.50342	0.00552	0.00681
26	0.01448	0.01646	0.10821	0.39935	0.28985	0.01567	0.02049	0.01927	0.01447	0.01977	0.01243	0.01730	0.00969	0.00653	0.00677	0.00218	0.00888	0.00596	0.00315	0.00909
27	0.02358	0.11491	0.02382	0.01830	0.02250	0.56469	0.09509	0.02588	0.01837	0.01729	0.01085	0.01292	0.00900	0.00676	0.00619	0.00179	0.01166	0.00476	0.00345	0.00819
28	0.01458	0.01401	0.01912	0.01666	0.01725	0.01900	0.01372	0.01824	0.09030	0.01779	0.01228	0.01762	0.01133	0.01642	0.10648	0.00388	0.57374	0.00635	0.00353	0.00770
29	0.01391	0.03408	0.67124	0.02022	0.03009	0.01600	0.07684	0.02169	0.01458	0.02169	0.01240	0.01475	0.00880	0.00644	0.00662	0.00218	0.01022	0.00529	0.00293	0.01004
30	0.01037	0.00798	0.01112	0.01083	0.01157	0.00938	0.00808	0.01203	0.01074	0.01533	0.01876	0.05557	0.01915	0.22820	0.44585	0.00866	0.09856	0.00827	0.00381	0.00574
31	0.00923	0.00685	0.00862	0.00857	0.01012	0.00624	0.00635	0.01187	0.01760	0.02405	0.47074	0.16413	0.17803	0.01590	0.00822	0.00231	0.00348	0.03441	0.00710	0.00619
32	0.01730	0.04828	0.01675	0.01159	0.01751	0.01293	0.00948	0.18470	0.01862	0.02716	0.01309	0.01459	0.01044	0.00588	0.00548	0.00129	0.00578	0.00456	0.00469	0.56989
33	0.05104	0.01067	0.01489	0.01737	0.17853	0.01016	0.01061	0.03468	0.01636	0.09819	0.19684	0.12120	0.03113	0.06605	0.00921	0.00244	0.00549	0.03016	0.00570	0.08926
34	0.01974	0.10239	0.02665	0.02020	0.09925	0.01730	0.18667	0.19782	0.01991	0.07700	0.01454	0.01645	0.01100	0.00652	0.00654	0.00186	0.00802	0.00602	0.00475	0.15738
35	0.00886	0.00667	0.00938	0.09383	0.01420	0.00667	0.00780	0.01044	0.01317	0.01747	0.03477	0.67042	0.04110	0.01976	0.00851	0.00272	0.00456	0.01791	0.00597	0.00579
36	0.00849	0.00695	0.00749	0.00735	0.00949	0.00595	0.00552	0.01060	0.01655	0.02074	0.23172	0.06212	0.55029	0.01648	0.00808	0.00227	0.00341	0.01392	0.00665	0.00595
37	0.02074	0.02117	0.27605	0.01513	0.02182	0.01391	0.01573	0.07919	0.12478	0.26607	0.02321	0.02217	0.05210	0.00833	0.00682	0.00217	0.00734	0.00670	0.00594	0.01063
38	0.02097	0.01555	0.02062	0.10480	0.05577	0.01663	0.08009	0.31360	0.07674	0.10810	0.09761	0.02231	0.01855	0.00848	0.00712	0.00214	0.00730	0.00725	0.00616	0.01022
39	0.00983	0.00808	0.00905	0.00911	0.01120	0.00792	0.00684	0.01439	0.12389	0.01967	0.05057	0.16589	0.39356	0.02086	0.09559	0.00346	0.00573	0.03164	0.00612	0.00660
40	0.08082	0.01349	0.01657	0.01279	0.01806	0.01300	0.01057	0.18587	0.02198	0.51858	0.02339	0.02089	0.01508	0.00827	0.00670	0.00210	0.00618	0.00650	0.00781	0.01136
41	0.10070	0.02245	0.01664	0.10244	0.02151	0.39624	0.01196	0.02490	0.01738	0.11180	0.01417	0.01588	0.01078	0.00725	0.00599	0.00189	0.00934	0.00509	0.09544	0.00815
42	0.00834	0.00595	0.00794	0.00953	0.00992	0.00556	0.00635	0.00953	0.01310	0.01746	0.03771	0.75510	0.04525	0.02143	0.00873	0.00278	0.00397	0.01945	0.00635	0.00556
43	0.01352	0.01270	0.02113	0.61108	0.13340	0.01501	0.01867	0.01793	0.01396	0.01838	0.01225	0.01785	0.00940	0.00665	0.00673	0.00218	0.00877	0.00597	0.00314	0.05129
44	0.06408	0.01485	0.01996	0.29298	0.10618	0.01658	0.01530	0.21910	0.01921	0.02696	0.01324	0.01654	0.01007	0.00710	0.00701	0.00205	0.03361	0.00572	0.00440	0.10507
45	0.10507	0.01705	0.17725	0.01368	0.01749	0.01443	0.01319	0.02029	0.10851	0.02380	0.10136	0.02203	0.01861	0.00929	0.00989	0.00228	0.17670	0.00660	0.13424	0.00823
46	0.53629	0.01376	0.01234	0.01054	0.01457	0.01562	0.00853	0.17408	0.01606	0.03139	0.01139	0.01345	0.00890	0.00878	0.00742	0.09391	0.00588	0.00453	0.00469	0.00787
47	0.01103	0.00854	0.00978	0.00965	0.01189	0.00821	0.00757	0.08451	0.03883	0.02269	0.12642	0.14306	0.33667	0.01651	0.00825	0.00248	0.00452	0.13613	0.00655	0.00670
48	0.01580	0.01458	0.01735	0.22219	0.02565	0.09907	0.01393	0.10439	0.05170	0.02137	0.01765	0.02795	0.01595	0.01583	0.10866	0.00361	0.09910	0.11295	0.00439	0.00789
49	0.07330	0.09168	0.02754	0.06611	0.25497	0.11605	0.15220	0.09561	0.01750	0.02347	0.01254	0.01564	0.01003	0.00643	0.00656	0.00202	0.00910	0.00587	0.00379	0.00959
50	0.00930	0.00701	0.00863	0.00852	0.01015	0.00643	0.00627	0.01229	0.03506	0.02390	0.44589	0.16655	0.20311	0.01579	0.00815	0.00229	0.00345	0.01384	0.00707	0.00627
51	0.00827	0.00621	0.00768	0.00885	0.00975	0.00561	0.00605	0.00960	0.01375	0.01773	0.04594	0.57552	0.21952	0.02036	0.00856	0.00266	0.00384	0.01814	0.00635	0.00561
52	0.11744	0.01639	0.02146	0.01878	0.09748	0.01727	0.10565	0.30555	0.06032	0.11076	0.04862	0.01897	0.01439	0.00777	0.00676	0.00212	0.00737	0.00657	0.00590	0.01043
53	0.01905	0.01833	0.01926	0.10193	0.09863	0.15434	0.01391	0.14990	0.15982	0.02532	0.04914	0.02040	0.03206	0.00876	0.00870	0.00220	0.09734	0.00660	0.00497	0.00932
54	0.00834	0.00595	0.00794	0.00953	0.00992	0.00556	0.00635	0.00953	0.01310	0.01746	0.03771	0.75510	0.04525	0.02143	0.00873	0.00278	0.00397	0.01945	0.00635	0.00556
55	0.01094	0.00737	0.00931	0.00990	0.01114	0.00735	0.00736	0.01328	0.03290	0.05492	0.03676	0.40083	0.11369	0.01738	0.00883	0.00258	0.04472	0.09419	0.11020	0.00634
56	0.01582	0.01512	0.02576	0.23653	0.53105	0.01596	0.02044	0.02002	0.01505	0.02100	0.01267	0.01730	0.01036	0.00630	0.00679	0.00210	0.00840	0.00609	0.00329	0.00994
57	0.02142	0.02157	0.01605	0.01464	0.01770	0.38756	0.01107	0.06224	0.01808	0.10853	0.01855	0.14158	0.01719	0.01509	0.09451	0.00311	0.01053	0.00773	0.00485	0.00800
58	0.01710	0.10659	0.02875	0.03833	0.63237	0.01756	0.01987	0.02093	0.01538	0.02159	0.01246	0.01621	0.01059	0.00607	0.00648	0.00196	0.00803	0.00580	0.00333	0.01059
59	0.00864	0.00617	0.00829	0.00988	0.01041	0.00582	0.00689	0.01006	0.01340	0.01781	0.03754	0.67719	0.04457	0.02114	0.00881	0.00282	0.00424	0.09431	0.00634	0.00564
60	0.00885	0.00681	0.00809	0.00810	0.00979	0.00605	0.00595	0.01117	0.01691	0.02238	0.35624	0.16671	0.31536	0.01645	0.00818	0.00231	0.00344	0.01428	0.00689	0.00605
61	0.01601	0.01182	0.01456	0.01250	0.01499	0.01326	0.00993	0.18362	0.05096	0.06517	0.23112	0.03058	0.02967	0.05361	0.11811	0.00378	0.11761	0.00851	0.00597	0.00821
62	0.01321	0.01233	0.01808	0.21069	0.02389	0.01626	0.01403	0.01548	0.01134	0.01630	0.01241	0.02071	0.01183	0.10126	0.10549	0.00419	0.37568	0.00663	0.00322	0.00697
63	0.01641	0.13159	0.23101	0.01357	0.01920	0.01574	0.01405	0.15881	0.04130	0.02569	0.03930	0.02049	0.04554	0.00878	0.00719	0.04549	0.00704	0.00610	0.14382	0.00889

[dist]
# distance from previous block
# <min> <max>
0	3

[block]
# block no. 1 follows, 31 sequences, length 46
# corresponding to MSA columns:
# 67-112
name=unknown_B
#
# <colnr> <probs for GDERKNQSTAVLIFYWHMCP>
#	G	D	E	R	K	N	Q	S	T	A	V	L	I	F	Y	W	H	M	C	P
0	0.01700	0.01351	0.02060	0.02117	0.19017	0.01335	0.10978	0.12714	0.03950	0.09155	0.17822	0.03070	0.09763	0.00965	0.00741	0.00215	0.00664	0.00879	0.00577	0.00929
1	0.01050	0.00823	0.01269	0.01412	0.08327	0.00933	0.00981	0.01310	0.01146	0.01653	0.01777	0.02587	0.01647	0.04675	0.65928	0.01009	0.01730	0.00721	0.00364	0.00659
2	0.01630	0.42355	0.28444	0.01517	0.02198	0.02239	0.01697	0.02051	0.01375	0.01816	0.01046	0.01264	0.00876	0.00671	0.00698	0.00187	0.08292	0.00440	0.00292	0.00913
3	0.80789	0.01323	0.01006	0.00900	0.01323	0.01535	0.00741	0.02011	0.01164	0.03070	0.00953	0.01111	0.00741	0.00635	0.00423	0.00212	0.00529	0.00370	0.00423	0.00741
4	0.00980	0.00723	0.01050	0.01050	0.01155	0.00828	0.00793	0.01190	0.01085	0.01551	0.01878	0.02939	0.01819	0.15062	0.63463	0.01038	0.01669	0.00770	0.00373	0.00583
5	0.01656	0.01587	0.02710	0.10720	0.65460	0.01616	0.02081	0.02067	0.01540	0.02190	0.01280	0.01705	0.01068	0.00616	0.00678	0.00205	0.00822	0.00609	0.00335	0.01054
6	0.00846	0.00604	0.00808	0.00966	0.01011	0.00566	0.00656	0.00973	0.01322	0.01760	0.03764	0.72490	0.04499	0.02132	0.00876	0.00279	0.00407	0.04847	0.00635	0.00559
7	0.01797	0.01517	0.01601	0.01412	0.01815	0.01746	0.01106	0.10603	0.63331	0.03015	0.02664	0.02456	0.01990	0.00917	0.00695	0.00229	0.00564	0.00757	0.00695	0.01091
8	0.01000	0.00707	0.01012	0.01012	0.01100	0.00794	0.00746	0.01147	0.01060	0.01501	0.01835	0.02975	0.01811	0.18468	0.53293	0.08363	0.01493	0.00770	0.00369	0.00544
9	0.01172	0.00976	0.01027	0.01091	0.01211	0.07471	0.00766	0.08021	0.01561	0.01998	0.03304	0.61153	0.03847	0.01876	0.00830	0.00261	0.00511	0.01671	0.00614	0.00639
10	0.80789	0.01323	0.01006	0.00900	0.01323	0.01535	0.00741	0.02011	0.01164	0.03070	0.00953	0.01111	0.00741	0.00635	0.00423	0.00212	0.00529	0.00370	0.00423	0.00741
11	0.00931	0.00680	0.00964	0.01017	0.01101	0.00737	0.00740	0.01110	0.01160	0.01617	0.02513	0.27279	0.02727	0.10716	0.42483	0.00783	0.01242	0.01164	0.00461	0.00574
12	0.01829	0.76368	0.03585	0.01171	0.01756	0.02707	0.01171	0.02049	0.01390	0.01610	0.00951	0.01097	0.00878	0.00585	0.00439	0.00146	0.00732	0.00366	0.00293	0.00878
13	0.00997	0.00711	0.00962	0.00978	0.01056	0.00774	0.00709	0.01153	0.01107	0.01533	0.02139	0.03891	0.02237	0.32371	0.38802	0.00851	0.01256	0.07526	0.00412	0.00536
14	0.00831	0.00604	0.00784	0.00928	0.00986	0.00558	0.00624	0.00955	0.01333	0.01756	0.04065	0.69100	0.10746	0.02105	0.00867	0.00273	0.00392	0.01898	0.00635	0.00558
15	0.03070	0.01164	0.01588	0.01217	0.01746	0.01006	0.01006	0.03334	0.01958	0.72163	0.02699	0.02329	0.01694	0.00847	0.00688	0.00212	0.00582	0.00688	0.00847	0.01164
16	0.00834	0.00595	0.00794	0.00953	0.00992	0.00556	0.00635	0.00953	0.01310	0.01746	0.03771	0.75510	0.04525	0.02143	0.00873	0.00278	0.00397	0.01945	0.00635	0.00556
17	0.01593	0.01550	0.02050	0.44455	0.03577	0.08856	0.01697	0.08647	0.01544	0.01978	0.01176	0.01678	0.00931	0.00808	0.01006	0.00236	0.16480	0.00590	0.00346	0.00802
18	0.02794	0.01250	0.01597	0.01264	0.01767	0.01179	0.01031	0.05861	0.14938	0.56542	0.02676	0.02345	0.01748	0.00861	0.00689	0.00215	0.00581	0.00701	0.00812	0.01149
19	0.00912	0.00628	0.00771	0.00853	0.00873	0.00608	0.00528	0.00973	0.01157	0.01543	0.02989	0.41141	0.03539	0.37858	0.02136	0.00464	0.00526	0.01485	0.00528	0.00487
20	0.01457	0.01275	0.01526	0.01301	0.01593	0.06852	0.07751	0.12716	0.05776	0.02497	0.19444	0.11078	0.14885	0.01311	0.00911	0.03846	0.03366	0.01059	0.00596	0.00762
21	0.01751	0.01784	0.02519	0.03518	0.53065	0.10995	0.01879	0.02091	0.01550	0.02086	0.01327	0.04763	0.01187	0.00742	0.00824	0.00212	0.07722	0.00643	0.00349	0.00992
22	0.04804	0.01286	0.02007	0.64416	0.04327	0.01577	0.01795	0.08052	0.01531	0.02043	0.01244	0.01777	0.00928	0.00695	0.00673	0.00225	0.00881	0.00599	0.00344	0.00797
23	0.80789	0.01323	0.01006	0.00900	0.01323	0.01535	0.00741	0.02011	0.01164	0.03070	0.00953	0.01111	0.00741	0.00635	0.00423	0.00212	0.00529	0.00370	0.00423	0.00741
24	0.01248	0.00858	0.01001	0.00935	0.01164	0.00816	0.00701	0.08216	0.03722	0.07966	0.20764	0.17903	0.25520	0.04905	0.00916	0.00251	0.00430	0.01303	0.00678	0.00703
25	0.00830	0.00664	0.00743	0.00786	0.00953	0.00577	0.00565	0.01000	0.01517	0.01895	0.11553	0.27222	0.45638	0.01827	0.00828	0.00244	0.00360	0.01577	0.00645	0.00577
26	0.05025	0.01845	0.11699	0.02256	0.19961	0.01644	0.04659	0.16710	0.09606	0.14746	0.01743	0.01832	0.01267	0.00754	0.00725	0.00215	0.03076	0.00628	0.00534	0.01074
27	0.31264	0.01632	0.01628	0.01295	0.01796	0.01807	0.01069	0.38802	0.02352	0.09952	0.01485	0.01510	0.01056	0.00755	0.00589	0.00208	0.00656	0.00533	0.00603	0.01009
28	0.00956	0.00699	0.00898	0.00848	0.01015	0.00640	0.00636	0.01268	0.01908	0.02675	0.66426	0.05223	0.11399	0.01424	0.00807	0.00216	0.00325	0.01253	0.00744	0.00640
29	0.80789	0.01323	0.01006	0.00900	0.01323	0.01535	0.00741	0.02011	0.01164	0.03070	0.00953	0.01111	0.00741	0.00635	0.00423	0.00212	0.00529	0.00370	0.00423	0.00741
30	0.10495	0.01494	0.01668	0.27512	0.02741	0.10767	0.01302	0.07050	0.05306	0.06051	0.10123	0.02092	0.01713	0.00786	0.00646	0.00204	0.00751	0.00633	0.00467	0.08199
31	0.01352	0.01317	0.02345	0.61784	0.07599	0.01552	0.10720	0.01822	0.01409	0.01828	0.01241	0.01821	0.00936	0.00667	0.00700	0.00227	0.00939	0.00634	0.00311	0.00796
32	0.00864	0.00709	0.00771	0.00794	0.01010	0.00615	0.00622	0.01068	0.01579	0.01921	0.09252	0.06706	0.57355	0.01744	0.00831	0.00244	0.00392	0.12294	0.00640	0.00589
33	0.80789	0.01323	0.01006	0.00900	0.01323	0.01535	0.00741	0.02011	0.01164	0.03070	0.00953	0.01111	0.00741	0.00635	0.00423	0.00212	0.00529	0.00370	0.00423	0.00741
34	0.00968	0.00699	0.00914	0.00861	0.01022	0.00646	0.00646	0.01291	0.01937	0.02743	0.71328	0.05110	0.06455	0.01399	0.00807	0.00215	0.00323	0.01237	0.00753	0.00646
35	0.80789	0.01323	0.01006	0.00900	0.01323	0.01535	0.00741	0.02011	0.01164	0.03070	0.00953	0.01111	0.00741	0.00635	0.00423	0.00212	0.00529	0.00370	0.00423	0.00741
36	0.01693	0.01626	0.02777	0.04199	0.71689	0.01626	0.02100	0.02100	0.01558	0.02235	0.01287	0.01693	0.01084	0.00610	0.00677	0.00203	0.00813	0.00610	0.00339	0.01084
37	0.01372	0.03539	0.72412	0.01950	0.02961	0.01589	0.02528	0.02167	0.01444	0.02167	0.01228	0.01444	0.00867	0.00650	0.00650	0.00217	0.01011	0.00506	0.00289	0.01011
38	0.02754	0.01670	0.01901	0.01457	0.01999	0.01756	0.01204	0.47763	0.02804	0.26538	0.01989	0.01867	0.01337	0.00830	0.00686	0.00207	0.00697	0.00640	0.00738	0.01164
39	0.01829	0.76368	0.03585	0.01171	0.01756	0.02707	0.01171	0.02049	0.01390	0.01610	0.00951	0.01097	0.00878	0.00585	0.00439	0.00146	0.00732	0.00366	0.00293	0.00878
40	0.00861	0.00695	0.00766	0.00748	0.00956	0.00600	0.00561	0.01083	0.01683	0.02141	0.28026	0.06101	0.50133	0.01623	0.00808	0.00226	0.00339	0.01376	0.00674	0.00600
41	0.01405	0.01362	0.01920	0.01673	0.01695	0.01877	0.01384	0.01572	0.01057	0.01636	0.01063	0.01707	0.01041	0.01891	0.14758	0.00440	0.61862	0.00622	0.00311	0.00724
42	0.00886	0.00946	0.07978	0.00925	0.01161	0.00677	0.00773	0.01114	0.01488	0.01912	0.10116	0.30497	0.35554	0.01744	0.00815	0.00245	0.00430	0.01512	0.00609	0.00619
43	0.11634	0.00808	0.00849	0.00777	0.01024	0.00806	0.00604	0.01874	0.01524	0.12818	0.08564	0.02573	0.02053	0.00840	0.00533	0.00179	0.00385	0.00667	0.50762	0.00729
44	0.01786	0.01698	0.10889	0.10388	0.22516	0.01515	0.03588	0.10196	0.10145	0.09949	0.08710	0.02191	0.01773	0.00790	0.00696	0.00214	0.00745	0.00694	0.00508	0.01008
45	0.11652	0.41455	0.05557	0.01235	0.01723	0.09759	0.01132	0.02180	0.08379	0.01962	0.01422	0.08196	0.01322	0.00787	0.00531	0.00182	0.00722	0.00568	0.00388	0.00848

[dist]
# distance from previous block
# <min> <max>
0	1

[block]
# block no. 2 follows, 31 sequences, length 33
# corresponding to MSA columns:
# 114-146
name=unknown_C
#
# <colnr> <probs for GDERKNQSTAVLIFYWHMCP>
#	G	D	E	R	K	N	Q	S	T	A	V	L	I	F	Y	W	H	M	C	P
0	0.01986	0.26112	0.13936	0.02011	0.14659	0.14655	0.01603	0.13277	0.01826	0.02267	0.01188	0.01374	0.00961	0.00660	0.00587	0.00183	0.00883	0.00486	0.00375	0.00968
1	0.60397	0.11374	0.01463	0.01046	0.01482	0.10923	0.00872	0.02109	0.01294	0.02699	0.00966	0.01125	0.00777	0.00638	0.00450	0.00199	0.00646	0.00379	0.00397	0.00766
2	0.02013	0.02247	0.06195	0.11986	0.23240	0.28013	0.01661	0.02495	0.07941	0.05676	0.01399	0.01638	0.01097	0.00698	0.00657	0.00200	0.00956	0.00560	0.00395	0.00934
3	0.00996	0.00970	0.07384	0.01049	0.01239	0.00778	0.00839	0.01383	0.07803	0.02086	0.17809	0.42638	0.06132	0.04456	0.00917	0.00268	0.00459	0.01508	0.00626	0.00660
4	0.00900	0.00650	0.00819	0.00870	0.00960	0.00610	0.00597	0.01068	0.01457	0.01970	0.23199	0.34555	0.11389	0.14103	0.03367	0.00342	0.00456	0.01500	0.00625	0.00562
5	0.01175	0.00692	0.00819	0.00777	0.00955	0.00655	0.00586	0.01489	0.01716	0.05445	0.37670	0.03986	0.06535	0.01138	0.00666	0.00192	0.00332	0.00973	0.33536	0.00661
6	0.00844	0.00610	0.00799	0.00929	0.00991	0.00565	0.00629	0.00985	0.01381	0.01843	0.10084	0.65165	0.08539	0.02052	0.00863	0.00269	0.00387	0.01852	0.00646	0.00565
7	0.01693	0.01626	0.02777	0.04199	0.71689	0.01626	0.02100	0.02100	0.01558	0.02235	0.01287	0.01693	0.01084	0.00610	0.00677	0.00203	0.00813	0.00610	0.00339	0.01084
8	0.00854	0.00636	0.00756	0.00841	0.00930	0.00581	0.00563	0.00968	0.01327	0.01703	0.04406	0.43176	0.23567	0.14854	0.01308	0.00331	0.00429	0.01634	0.00597	0.00537
9	0.01497	0.01497	0.02095	0.01796	0.01796	0.02095	0.01497	0.01646	0.01048	0.01646	0.00898	0.01497	0.00898	0.01197	0.02245	0.00299	0.74704	0.00599	0.00299	0.00748
10	0.01292	0.01216	0.02052	0.74312	0.04712	0.01520	0.01900	0.01748	0.01368	0.01748	0.01216	0.01824	0.00912	0.00684	0.00684	0.00228	0.00912	0.00608	0.00304	0.00760
11	0.00834	0.00595	0.00794	0.00953	0.00992	0.00556	0.00635	0.00953	0.01310	0.01746	0.03771	0.75510	0.04525	0.02143	0.00873	0.00278	0.00397	0.01945	0.00635	0.00556
12	0.80789	0.01323	0.01006	0.00900	0.01323	0.01535	0.00741	0.02011	0.01164	0.03070	0.00953	0.01111	0.00741	0.00635	0.00423	0.00212	0.00529	0.00370	0.00423	0.00741
13	0.01292	0.01216	0.02052	0.74312	0.04712	0.01520	0.01900	0.01748	0.01368	0.01748	0.01216	0.01824	0.00912	0.00684	0.00684	0.00228	0.00912	0.00608	0.00304	0.00760
14	0.01054	0.00890	0.01013	0.01055	0.05161	0.00856	0.00738	0.01592	0.14217	0.02233	0.18620	0.05275	0.41833	0.01455	0.00780	0.00226	0.00404	0.01233	0.00653	0.00712
15	0.02601	0.01916	0.02053	0.01574	0.02122	0.02122	0.01300	0.69408	0.03217	0.04312	0.01643	0.01643	0.01163	0.00821	0.00684	0.00205	0.00753	0.00616	0.00684	0.01163
16	0.00995	0.00663	0.00746	0.00746	0.00746	0.00663	0.00415	0.00995	0.00995	0.01327	0.02156	0.04477	0.02487	0.75957	0.03482	0.00663	0.00663	0.00995	0.00415	0.00415
17	0.01292	0.01216	0.02052	0.74312	0.04712	0.01520	0.01900	0.01748	0.01368	0.01748	0.01216	0.01824	0.00912	0.00684	0.00684	0.00228	0.00912	0.00608	0.00304	0.00760
18	0.02468	0.01888	0.01840	0.01500	0.01978	0.12587	0.01203	0.32900	0.18219	0.15232	0.01997	0.01907	0.01424	0.00833	0.00677	0.00208	0.00748	0.00638	0.00665	0.01089
19	0.01072	0.00739	0.00852	0.00800	0.01034	0.00641	0.00608	0.01306	0.01728	0.08621	0.28993	0.05679	0.42360	0.01535	0.00797	0.00224	0.00360	0.01302	0.00696	0.00655
20	0.01693	0.01626	0.02777	0.04199	0.71689	0.01626	0.02100	0.02100	0.01558	0.02235	0.01287	0.01693	0.01084	0.00610	0.00677	0.00203	0.00813	0.00610	0.00339	0.01084
21	0.01997	0.02196	0.02178	0.11394	0.10190	0.30209	0.07607	0.08459	0.04578	0.02085	0.01399	0.05791	0.01207	0.00822	0.00805	0.00212	0.06966	0.00643	0.00400	0.00861
22	0.02199	0.02559	0.02100	0.02349	0.20403	0.43524	0.01491	0.02702	0.12202	0.02002	0.01379	0.01554	0.01117	0.00714	0.00645	0.00192	0.01018	0.00536	0.00401	0.00914
23	0.01292	0.01216	0.02052	0.74312	0.04712	0.01520	0.01900	0.01748	0.01368	0.01748	0.01216	0.01824	0.00912	0.00684	0.00684	0.00228	0.00912	0.00608	0.00304	0.00760
24	0.09084	0.69473	0.03348	0.01146	0.01716	0.02599	0.01131	0.02045	0.01369	0.01744	0.00951	0.01099	0.00865	0.00590	0.00438	0.00152	0.00713	0.00366	0.00305	0.00865
25	0.00977	0.00733	0.01100	0.01100	0.01222	0.00855	0.00855	0.01222	0.01100	0.01588	0.01833	0.02688	0.01710	0.05131	0.73245	0.01100	0.01833	0.00733	0.00367	0.00611
26	0.00949	0.00683	0.00938	0.01043	0.01138	0.00682	0.00790	0.01156	0.01389	0.01873	0.09464	0.35582	0.03977	0.05512	0.13428	0.00439	0.00710	0.19071	0.00589	0.00587
27	0.35338	0.01469	0.02166	0.10495	0.15093	0.01563	0.17513	0.02004	0.01382	0.02510	0.01358	0.01669	0.03378	0.00661	0.00606	0.00217	0.00769	0.00584	0.00383	0.00844
28	0.01772	0.01886	0.02205	0.09043	0.23796	0.17944	0.01618	0.02050	0.01472	0.01898	0.01113	0.01520	0.00964	0.00793	0.01088	0.00217	0.21580	0.00549	0.00334	0.08158
29	0.08665	0.01296	0.02080	0.55520	0.15909	0.01539	0.01828	0.01833	0.01382	0.01953	0.01204	0.01736	0.00926	0.00667	0.00659	0.00222	0.00860	0.00586	0.00321	0.00814
30	0.01737	0.01940	0.09136	0.05004	0.29216	0.07388	0.16610	0.06166	0.08863	0.02338	0.01539	0.01964	0.01240	0.00705	0.00710	0.00216	0.00904	0.02923	0.00403	0.00998
31	0.01508	0.08186	0.01924	0.01669	0.07919	0.01708	0.01233	0.01878	0.09211	0.04258	0.01490	0.02210	0.01399	0.14116	0.05990	0.00374	0.33080	0.00678	0.00391	0.00779
32	0.02340	0.01354	0.01811	0.11481	0.11144	0.01384	0.01280	0.18760	0.02074	0.29520	0.02010	0.02037	0.01388	0.00783	0.00662	0.00205	0.00668	0.00644	0.09414	0.01041

[dist]
# distance from previous block
# <min> <max>
0	3

[block]
# block no. 3 follows, 31 sequences, length 25
# corresponding to MSA columns:
# 150-174
name=unknown_D
#
# <colnr> <probs for GDERKNQSTAVLIFYWHMCP>
#	G	D	E	R	K	N	Q	S	T	A	V	L	I	F	Y	W	H	M	C	P
0	0.05238	0.02135	0.01877	0.01532	0.01987	0.20766	0.01224	0.42888	0.02683	0.03421	0.08076	0.01844	0.01576	0.00839	0.00669	0.00199	0.00831	0.00620	0.00594	0.01001
1	0.01188	0.00594	0.00891	0.00891	0.00891	0.00594	0.00594	0.00891	0.00891	0.01188	0.01188	0.02080	0.01188	0.02377	0.02674	0.80095	0.00594	0.00594	0.00297	0.00297
2	0.01022	0.00784	0.01079	0.01179	0.01259	0.00841	0.00926	0.01221	0.01379	0.01850	0.03348	0.39852	0.03836	0.01925	0.01075	0.00295	0.09935	0.26994	0.00590	0.00609
3	0.01088	0.00896	0.01312	0.01248	0.01344	0.01120	0.00992	0.01312	0.01088	0.01601	0.01633	0.02434	0.01537	0.04293	0.58112	0.00929	0.17364	0.00704	0.00352	0.00640
4	0.00894	0.00642	0.00877	0.01020	0.01088	0.00624	0.00737	0.01059	0.01336	0.01784	0.03561	0.56804	0.04156	0.02383	0.07754	0.00362	0.00574	0.13163	0.00609	0.00574
5	0.02750	0.01676	0.01905	0.01460	0.02002	0.01766	0.01206	0.48326	0.02815	0.25960	0.01980	0.01861	0.01333	0.00829	0.00686	0.00207	0.00698	0.00639	0.00736	0.01164
6	0.01497	0.01446	0.02582	0.20870	0.19737	0.01569	0.19255	0.01917	0.01445	0.02063	0.01357	0.01842	0.01084	0.00717	0.00889	0.00224	0.10263	0.00663	0.09717	0.00864
7	0.00827	0.00619	0.00769	0.00889	0.00975	0.00561	0.00607	0.00960	0.01371	0.01772	0.04550	0.58514	0.21018	0.02042	0.00857	0.00266	0.00384	0.01821	0.00635	0.00561
8	0.02970	0.01325	0.01687	0.01293	0.01826	0.01243	0.01068	0.17417	0.02226	0.57701	0.02474	0.02182	0.01581	0.00841	0.00687	0.00210	0.00619	0.00673	0.00812	0.01164
9	0.03070	0.01164	0.01588	0.01217	0.01746	0.01006	0.01006	0.03334	0.01958	0.72163	0.02699	0.02329	0.01694	0.00847	0.00688	0.00212	0.00582	0.00688	0.00847	0.01164
10	0.01415	0.01389	0.09943	0.01972	0.19776	0.01169	0.01309	0.01965	0.11557	0.06617	0.06722	0.20987	0.02587	0.08264	0.01001	0.00273	0.00631	0.01040	0.00526	0.00855
11	0.01643	0.01555	0.02539	0.12782	0.54907	0.01621	0.01954	0.02237	0.09680	0.02247	0.01455	0.01811	0.01181	0.00657	0.00680	0.00210	0.00793	0.00629	0.00377	0.01042
12	0.01372	0.03539	0.72412	0.01950	0.02961	0.01589	0.02528	0.02167	0.01444	0.02167	0.01228	0.01444	0.00867	0.00650	0.00650	0.00217	0.01011	0.00506	0.00289	0.01011
13	0.00986	0.00699	0.00928	0.00928	0.00990	0.00762	0.00641	0.01111	0.01049	0.01461	0.01990	0.03559	0.02088	0.39603	0.39291	0.00887	0.01263	0.00860	0.00390	0.00515
14	0.02623	0.01658	0.01866	0.01455	0.01979	0.01767	0.01194	0.43563	0.10823	0.22694	0.02066	0.01938	0.01418	0.00841	0.00687	0.00210	0.00681	0.00654	0.00730	0.01154
15	0.01015	0.00721	0.01042	0.01042	0.01168	0.00828	0.00808	0.01268	0.01142	0.01709	0.01883	0.02670	0.01716	0.04587	0.64112	0.00982	0.01643	0.00721	0.10331	0.00614
16	0.00907	0.00648	0.00878	0.01037	0.01108	0.00619	0.00763	0.01080	0.01382	0.01829	0.03730	0.57003	0.04364	0.02074	0.00893	0.00288	0.00461	0.19728	0.00634	0.00576
17	0.01802	0.01602	0.02482	0.05900	0.51185	0.01650	0.01842	0.15205	0.01860	0.02594	0.01514	0.06442	0.01315	0.00752	0.00692	0.00209	0.00778	0.00697	0.00424	0.01054
18	0.02711	0.01470	0.01929	0.01485	0.02007	0.06538	0.09114	0.09729	0.04007	0.47854	0.04340	0.02210	0.01654	0.00820	0.00700	0.00211	0.00706	0.00695	0.00728	0.01091
19	0.00851	0.00608	0.00814	0.00972	0.01020	0.00571	0.00665	0.00983	0.01327	0.01766	0.03761	0.71143	0.04487	0.02127	0.00878	0.00280	0.00412	0.06141	0.00635	0.00560
20	0.01148	0.00948	0.01416	0.09894	0.01734	0.01188	0.01099	0.01350	0.01102	0.01586	0.01496	0.02268	0.01390	0.03491	0.42754	0.07640	0.17851	0.00676	0.00338	0.00632
21	0.11143	0.08655	0.40400	0.01616	0.02397	0.01654	0.01850	0.08790	0.03842	0.11328	0.01449	0.01543	0.01025	0.00693	0.00616	0.00209	0.00837	0.00521	0.00427	0.01005
22	0.01761	0.02579	0.22551	0.01987	0.06724	0.21248	0.01788	0.02122	0.01438	0.01843	0.01062	0.01423	0.00896	0.00866	0.01238	0.00236	0.28538	0.00529	0.00313	0.00859
23	0.38737	0.10142	0.03973	0.01599	0.10811	0.10319	0.01176	0.09495	0.01563	0.02694	0.01091	0.01281	0.00873	0.00673	0.00575	0.00201	0.03077	0.00448	0.00410	0.00862
24	0.00976	0.00655	0.00752	0.00771	0.00775	0.00651	0.00441	0.00990	0.01032	0.01376	0.02347	0.12876	0.02728	0.67229	0.03174	0.00618	0.00632	0.01107	0.00441	0.00431

[dist]
# distance from previous block
# <min> <max>
0	5

[block]
# block no. 4 follows, 31 sequences, length 27
# corresponding to MSA columns:
# 180-206
name=unknown_E
#
# <colnr> <probs for GDERKNQSTAVLIFYWHMCP>
#	G	D	E	R	K	N	Q	S	T	A	V	L	I	F	Y	W	H	M	C	P
0	0.01465	0.01252	0.01572	0.01425	0.10393	0.01031	0.00979	0.04728	0.01562	0.02369	0.07557	0.01795	0.01519	0.00614	0.00563	0.00129	0.00539	0.00515	0.00441	0.59552
1	0.01042	0.00777	0.00978	0.00914	0.01098	0.00752	0.00690	0.01527	0.08838	0.02755	0.64424	0.04853	0.06015	0.01351	0.00796	0.00217	0.00345	0.01191	0.00747	0.00690
2	0.01419	0.01216	0.01419	0.01013	0.01621	0.00912	0.00811	0.01723	0.01419	0.02229	0.01216	0.01419	0.01013	0.00507	0.00507	0.00101	0.00507	0.00405	0.00405	0.80139
3	0.01503	0.02721	0.41664	0.02758	0.23600	0.01620	0.12080	0.02150	0.01503	0.02191	0.01268	0.01577	0.00956	0.00627	0.00681	0.00215	0.00972	0.00580	0.00312	0.01020
4	0.01419	0.01216	0.01419	0.01013	0.01621	0.00912	0.00811	0.01723	0.01419	0.02229	0.01216	0.01419	0.01013	0.00507	0.00507	0.00101	0.00507	0.00405	0.00405	0.80139
5	0.00899	0.00726	0.00927	0.00898	0.01087	0.00671	0.02868	0.01122	0.01540	0.02001	0.19575	0.14382	0.35501	0.02203	0.12078	0.00369	0.00605	0.01332	0.00610	0.00606
6	0.01810	0.73251	0.06531	0.01204	0.01808	0.02659	0.01229	0.02054	0.01392	0.01633	0.00963	0.01112	0.00877	0.00588	0.00448	0.00149	0.00744	0.00372	0.00292	0.00884
7	0.01075	0.00766	0.00956	0.00946	0.01057	0.00799	0.00702	0.01269	0.03388	0.01972	0.14366	0.15230	0.14114	0.07114	0.01355	0.10304	0.07913	0.04901	0.11191	0.00581
8	0.02556	0.03261	0.01939	0.01763	0.02115	0.73210	0.01322	0.02732	0.01939	0.01674	0.01058	0.01234	0.00881	0.00705	0.00617	0.00176	0.01234	0.00441	0.00353	0.00793
9	0.01292	0.01216	0.02052	0.74312	0.04712	0.01520	0.01900	0.01748	0.01368	0.01748	0.01216	0.01824	0.00912	0.00684	0.00684	0.00228	0.00912	0.00608	0.00304	0.00760
10	0.01497	0.01497	0.02095	0.01796	0.01796	0.02095	0.01497	0.01646	0.01048	0.01646	0.00898	0.01497	0.00898	0.01197	0.02245	0.00299	0.74704	0.00599	0.00299	0.00748
11	0.02003	0.00932	0.01249	0.01108	0.01438	0.00848	0.00914	0.02297	0.01809	0.34684	0.15990	0.04260	0.03182	0.01215	0.00758	0.00234	0.00521	0.17798	0.07879	0.00881
12	0.00874	0.00696	0.00784	0.00762	0.00964	0.00605	0.00571	0.01109	0.01714	0.02216	0.33385	0.05979	0.44727	0.01595	0.00808	0.00225	0.00337	0.01359	0.00684	0.00605
13	0.01299	0.00745	0.00972	0.00949	0.01138	0.00671	0.00697	0.01513	0.01648	0.15497	0.24339	0.33287	0.11306	0.01629	0.00811	0.00242	0.00405	0.01440	0.00711	0.00701
14	0.01102	0.00787	0.01102	0.01260	0.01417	0.00787	0.01102	0.01417	0.01575	0.02047	0.03622	0.07717	0.03937	0.01890	0.00945	0.00315	0.00630	0.67084	0.00630	0.00630
15	0.01742	0.02407	0.29951	0.09842	0.08584	0.01736	0.06543	0.18774	0.08843	0.02726	0.01501	0.01694	0.01097	0.00715	0.00680	0.00216	0.00883	0.00600	0.00437	0.01029
16	0.01101	0.00880	0.01240	0.01346	0.07469	0.00998	0.00891	0.01255	0.01127	0.01593	0.01999	0.12141	0.02138	0.25888	0.26058	0.00669	0.11263	0.00937	0.00403	0.00604
17	0.01090	0.00743	0.00858	0.00802	0.01040	0.00644	0.00611	0.01323	0.01727	0.09232	0.28193	0.05659	0.42512	0.01531	0.00796	0.00224	0.00362	0.01298	0.00696	0.00660
18	0.01870	0.52486	0.05582	0.01440	0.01993	0.13460	0.07352	0.02135	0.01485	0.01690	0.01055	0.01268	0.00929	0.00807	0.03731	0.00203	0.00906	0.00438	0.00310	0.00861
19	0.49586	0.01259	0.01239	0.01027	0.01493	0.01322	0.00847	0.02542	0.01483	0.30810	0.01654	0.01600	0.01123	0.00720	0.00530	0.00212	0.00550	0.00498	0.00593	0.00911
20	0.00992	0.00787	0.01019	0.07514	0.01406	0.00798	0.00787	0.01359	0.05900	0.02164	0.27454	0.11727	0.20536	0.02041	0.12058	0.00365	0.00638	0.01195	0.00608	0.00652
21	0.01357	0.01163	0.01346	0.00981	0.01551	0.00878	0.00781	0.01648	0.01433	0.02191	0.01792	0.01939	0.08104	0.00630	0.00537	0.00114	0.00491	0.00510	0.00428	0.72125
22	0.00856	0.00605	0.00787	0.00924	0.00958	0.00571	0.00605	0.00958	0.01266	0.01688	0.03548	0.65696	0.04243	0.12341	0.01234	0.00331	0.00434	0.01814	0.00605	0.00536
23	0.02150	0.01955	0.01857	0.11590	0.02338	0.17942	0.01304	0.31433	0.10034	0.02967	0.01771	0.08328	0.01471	0.00907	0.00687	0.00211	0.00828	0.00712	0.00554	0.00960
24	0.01688	0.01964	0.12520	0.02390	0.09652	0.01838	0.25063	0.10554	0.04695	0.02355	0.01328	0.01695	0.01047	0.00789	0.01105	0.00240	0.19080	0.00669	0.00384	0.00946
25	0.00953	0.00699	0.00893	0.00844	0.01012	0.00639	0.00633	0.01261	0.01900	0.02655	0.64999	0.05255	0.12839	0.01431	0.00807	0.00217	0.00325	0.01258	0.00742	0.00639
26	0.01464	0.01392	0.02363	0.44218	0.33460	0.01565	0.01986	0.01899	0.01449	0.01957	0.01246	0.01768	0.00986	0.00652	0.00681	0.00217	0.00869	0.00609	0.00319	0.00899

[dist]
# distance from previous block
# <min> <max>
5	8

[block]
# block no. 5 follows, 31 sequences, length 31
# corresponding to MSA columns:
# 215-245
name=unknown_F
#
# <colnr> <probs for GDERKNQSTAVLIFYWHMCP>
#	G	D	E	R	K	N	Q	S	T	A	V	L	I	F	Y	W	H	M	C	P
0	0.09186	0.08530	0.04273	0.07546	0.26705	0.05785	0.01561	0.11966	0.06956	0.05285	0.02883	0.01710	0.01222	0.00718	0.00677	0.00205	0.02777	0.00582	0.00444	0.00988
1	0.01144	0.00805	0.00976	0.00920	0.01132	0.00766	0.00693	0.01596	0.09472	0.07018	0.40646	0.11355	0.17962	0.01442	0.00793	0.00226	0.00375	0.01254	0.00719	0.00707
2	0.00863	0.00635	0.00815	0.00936	0.01025	0.00587	0.00663	0.01021	0.01410	0.01847	0.08007	0.54080	0.15165	0.02012	0.00866	0.00271	0.00408	0.08176	0.00641	0.00571
3	0.01662	0.14423	0.29383	0.01956	0.02610	0.11189	0.14597	0.02152	0.01476	0.01945	0.01144	0.01445	0.00907	0.00711	0.00870	0.00215	0.11553	0.00545	0.00310	0.00907
4	0.01294	0.01174	0.01884	0.17045	0.18678	0.01219	0.07934	0.01713	0.05351	0.02009	0.06862	0.06745	0.10543	0.09946	0.01074	0.00281	0.00716	0.04295	0.00453	0.00783
5	0.08626	0.00670	0.00810	0.00937	0.01022	0.00652	0.00641	0.01057	0.01306	0.01880	0.03629	0.65359	0.06970	0.01979	0.00827	0.00269	0.00408	0.01770	0.00614	0.00575
6	0.00995	0.00718	0.00922	0.01025	0.01142	0.00695	0.00805	0.01195	0.01412	0.01824	0.03819	0.17822	0.13329	0.16956	0.01429	0.00368	0.00559	0.33830	0.00588	0.00567
7	0.01840	0.05676	0.02735	0.12989	0.23383	0.17038	0.15788	0.05011	0.01661	0.02065	0.01228	0.01604	0.00991	0.00669	0.00755	0.00209	0.04489	0.00602	0.00349	0.00919
8	0.01150	0.00871	0.01070	0.01125	0.01274	0.00932	0.00859	0.01719	0.16153	0.02119	0.03251	0.34930	0.03450	0.01660	0.00880	0.00266	0.03999	0.15734	0.07856	0.00701
9	0.00816	0.00684	0.00709	0.00722	0.00933	0.00578	0.00534	0.00989	0.01548	0.01866	0.08604	0.12833	0.63324	0.01760	0.00814	0.00235	0.00350	0.01483	0.00639	0.00578
10	0.00988	0.00715	0.00881	0.00846	0.01036	0.00644	0.00645	0.01267	0.01812	0.04341	0.47684	0.05592	0.24363	0.01504	0.00812	0.00225	0.00354	0.04936	0.00716	0.00640
11	0.01576	0.19793	0.02702	0.29828	0.29355	0.01851	0.01797	0.01955	0.01445	0.01899	0.01178	0.01596	0.00969	0.00632	0.00621	0.00199	0.00830	0.00549	0.00314	0.00912
12	0.00908	0.00638	0.00829	0.00954	0.01002	0.00613	0.00657	0.01030	0.01282	0.01701	0.03403	0.50310	0.04002	0.17891	0.01442	0.00366	0.00488	0.11360	0.00587	0.00536
13	0.02760	0.01086	0.01478	0.01181	0.01642	0.00943	0.00954	0.03004	0.01868	0.62415	0.02847	0.12459	0.02085	0.01026	0.00714	0.00221	0.00557	0.00862	0.00817	0.01080
14	0.01560	0.10691	0.10169	0.19185	0.19995	0.01713	0.01715	0.08010	0.01559	0.02124	0.01461	0.08796	0.01319	0.00853	0.00816	0.00220	0.07838	0.00698	0.00376	0.00899
15	0.01780	0.01007	0.01190	0.01045	0.01340	0.00994	0.00810	0.15361	0.01924	0.17887	0.08254	0.19561	0.06553	0.01223	0.00701	0.00216	0.00483	0.01038	0.17796	0.00836
16	0.64015	0.06317	0.01316	0.01036	0.01470	0.08428	0.00854	0.05823	0.01366	0.02913	0.01001	0.01152	0.00786	0.00649	0.00457	0.00204	0.00621	0.00390	0.00423	0.00778
17	0.00821	0.00643	0.00745	0.00826	0.00959	0.00566	0.00579	0.00967	0.01432	0.01796	0.05312	0.41892	0.37148	0.01943	0.00842	0.00255	0.00372	0.01701	0.00635	0.00566
18	0.00823	0.00694	0.00713	0.00708	0.00933	0.00584	0.00531	0.01010	0.01594	0.01930	0.12811	0.06450	0.65480	0.01702	0.00808	0.00230	0.00344	0.01425	0.00646	0.00584
19	0.01497	0.01497	0.02095	0.01796	0.01796	0.02095	0.01497	0.01646	0.01048	0.01646	0.00898	0.01497	0.00898	0.01197	0.02245	0.00299	0.74704	0.00599	0.00299	0.00748
20	0.70770	0.01237	0.00959	0.00867	0.01257	0.01422	0.00708	0.01959	0.01198	0.03004	0.01114	0.01293	0.00869	0.00655	0.00430	0.00205	0.00503	0.00404	0.10419	0.00728
21	0.01829	0.76368	0.03585	0.01171	0.01756	0.02707	0.01171	0.02049	0.01390	0.01610	0.00951	0.01097	0.00878	0.00585	0.00439	0.00146	0.00732	0.00366	0.00293	0.00878
22	0.00992	0.00673	0.00795	0.00795	0.00812	0.00690	0.00476	0.01026	0.01009	0.01363	0.02111	0.04229	0.02379	0.66127	0.13164	0.00724	0.00826	0.00959	0.00408	0.00442
23	0.02556	0.03261	0.01939	0.01763	0.02115	0.73210	0.01322	0.02732	0.01939	0.01674	0.01058	0.01234	0.00881	0.00705	0.00617	0.00176	0.01234	0.00441	0.00353	0.00793
24	0.11403	0.08309	0.58650	0.01764	0.02671	0.01660	0.02209	0.02139	0.01405	0.02242	0.01174	0.01378	0.00852	0.00644	0.00607	0.00211	0.00931	0.00479	0.00306	0.00968
25	0.00995	0.00663	0.00746	0.00746	0.00746	0.00663	0.00415	0.00995	0.00995	0.01327	0.02156	0.04477	0.02487	0.75957	0.03482	0.00663	0.00663	0.00995	0.00415	0.00415
26	0.02556	0.03261	0.01939	0.01763	0.02115	0.73210	0.01322	0.02732	0.01939	0.01674	0.01058	0.01234	0.00881	0.00705	0.00617	0.00176	0.01234	0.00441	0.00353	0.00793
27	0.00828	0.00616	0.00772	0.00897	0.00978	0.00560	0.00610	0.00959	0.01363	0.01768	0.04446	0.60770	0.18829	0.02056	0.00859	0.00268	0.00386	0.01838	0.00635	0.00560
28	0.00935	0.00674	0.00906	0.01056	0.01151	0.00646	0.00807	0.01132	0.01425	0.01867	0.03892	0.45698	0.08068	0.02023	0.00897	0.00289	0.00483	0.26831	0.00633	0.00585
29	0.00838	0.00685	0.00741	0.00747	0.00947	0.00587	0.00553	0.01032	0.01600	0.01991	0.17629	0.13051	0.53790	0.01716	0.00815	0.00233	0.00347	0.01457	0.00655	0.00587
30	0.02178	0.42256	0.02863	0.01383	0.01923	0.12371	0.01233	0.23764	0.02053	0.02486	0.01188	0.01291	0.00970	0.00678	0.00543	0.00169	0.00809	0.00457	0.00427	0.00958

[dist]
# distance from previous block
# <min> <max>
1	36

[block]
# block no. 6 follows, 31 sequences, length 41
# corresponding to MSA columns:
# 282-322
name=unknown_G
#
# <colnr> <probs for GDERKNQSTAVLIFYWHMCP>
#	G	D	E	R	K	N	Q	S	T	A	V	L	I	F	Y	W	H	M	C	P
0	0.18294	0.15089	0.02222	0.01829	0.12848	0.16669	0.03302	0.12227	0.01804	0.07901	0.01277	0.01420	0.00993	0.00679	0.00577	0.00191	0.00811	0.00496	0.00441	0.00930
1	0.10955	0.11513	0.40633	0.01767	0.06279	0.08032	0.01893	0.02120	0.01490	0.02209	0.06055	0.01616	0.01258	0.00696	0.00608	0.00203	0.00881	0.00524	0.00346	0.00922
2	0.01801	0.07158	0.02337	0.06147	0.17843	0.19687	0.07117	0.04333	0.01597	0.01944	0.01690	0.01986	0.07711	0.00858	0.00963	0.00217	0.14739	0.00645	0.00370	0.00857
3	0.00863	0.00674	0.00783	0.00801	0.00969	0.00594	0.00584	0.01070	0.01621	0.02101	0.26023	0.21148	0.36886	0.01720	0.00822	0.00236	0.00350	0.01490	0.00671	0.00594
4	0.01664	0.01431	0.01524	0.01377	0.01750	0.01658	0.01071	0.03510	0.66839	0.02796	0.02735	0.02560	0.02069	0.01147	0.04476	0.00277	0.00609	0.00771	0.00679	0.01058
5	0.00969	0.00703	0.00929	0.00982	0.01122	0.00663	0.00765	0.01238	0.01682	0.02285	0.34173	0.20239	0.09558	0.01711	0.00860	0.00257	0.00427	0.20131	0.00686	0.00618
6	0.00809	0.00693	0.00693	0.00693	0.00924	0.00578	0.00520	0.00982	0.01559	0.01848	0.06931	0.06584	0.71411	0.01733	0.00809	0.00231	0.00347	0.01444	0.00635	0.00578
7	0.01829	0.76368	0.03585	0.01171	0.01756	0.02707	0.01171	0.02049	0.01390	0.01610	0.00951	0.01097	0.00878	0.00585	0.00439	0.00146	0.00732	0.00366	0.00293	0.00878
