[name]
unknown

[dist]
# distance from previous block
# <min> <max>
0	61

[block]
# block no. 0 follows, 24 sequences, length 11
# corresponding to MSA columns:
# 65-75
name=unknown_A
#
# <colnr> <probs for GDERKNQSTAVLIFYWHMCP>
#	G	D	E	R	K	N	Q	S	T	A	V	L	I	F	Y	W	H	M	C	P
0	0.01310	0.00856	0.01093	0.01212	0.01401	0.00847	0.01027	0.01665	0.01779	0.02521	0.04015	0.07172	0.08220	0.01822	0.00932	0.00308	0.00606	0.40477	0.22007	0.00728
1	0.02530	0.01786	0.02801	0.03124	0.29036	0.01802	0.08061	0.10652	0.02144	0.21641	0.01993	0.02168	0.01450	0.00864	0.00941	0.00250	0.06141	0.00756	0.00610	0.01247
2	0.02200	0.17668	0.02760	0.01966	0.06238	0.12441	0.07267	0.02786	0.11365	0.09083	0.02243	0.02372	0.06402	0.00993	0.00997	0.00243	0.10659	0.00745	0.00527	0.01044
3	0.02463	0.01174	0.01543	0.01317	0.01728	0.01081	0.01051	0.07368	0.02228	0.35158	0.16146	0.14073	0.03720	0.01426	0.00880	0.00266	0.00601	0.05811	0.00889	0.01075
4	0.01429	0.00886	0.01230	0.01190	0.01324	0.00958	0.00873	0.01633	0.06397	0.05711	0.02056	0.03034	0.01896	0.10345	0.31242	0.26550	0.01309	0.00824	0.00467	0.00647
5	0.05997	0.07294	0.14136	0.13451	0.18558	0.10171	0.01996	0.02732	0.04267	0.11531	0.01681	0.01928	0.01257	0.00794	0.00740	0.00238	0.00989	0.00647	0.00477	0.01116
6	0.01510	0.00835	0.01019	0.00998	0.01189	0.00776	0.00716	0.01741	0.01730	0.12113	0.12095	0.23253	0.08729	0.11493	0.01285	0.00329	0.00499	0.01395	0.17532	0.00763
7	0.01052	0.00755	0.00974	0.01052	0.01123	0.00757	0.00711	0.01189	0.01385	0.01858	0.03634	0.33340	0.08509	0.22549	0.16746	0.00651	0.00906	0.01597	0.00597	0.00615
8	0.01996	0.17838	0.29187	0.02493	0.11935	0.08418	0.08364	0.06350	0.01878	0.02489	0.01394	0.01667	0.01085	0.00741	0.00723	0.00228	0.01094	0.00604	0.00385	0.01129
9	0.19190	0.02410	0.12222	0.01916	0.09000	0.17249	0.01531	0.02681	0.07763	0.06547	0.02416	0.02493	0.09498	0.00961	0.00719	0.00241	0.00904	0.00725	0.00526	0.01006
10	0.06093	0.10919	0.08328	0.01520	0.02169	0.01988	0.01372	0.28529	0.02511	0.03596	0.01691	0.01832	0.01288	0.00812	0.00672	0.00201	0.00773	0.00605	0.08685	0.16417

[dist]
# distance from previous block
# <min> <max>
0	57

[block]
# block no. 1 follows, 24 sequences, length 35
# corresponding to MSA columns:
# 133-167
name=unknown_B
#
# <colnr> <probs for GDERKNQSTAVLIFYWHMCP>
#	G	D	E	R	K	N	Q	S	T	A	V	L	I	F	Y	W	H	M	C	P
0	0.15326	0.11461	0.06563	0.15200	0.17834	0.02033	0.08196	0.07452	0.01808	0.02731	0.01482	0.03843	0.01223	0.00796	0.00718	0.00241	0.00926	0.00682	0.00436	0.01049
1	0.01208	0.00964	0.01169	0.01104	0.01178	0.01063	0.00778	0.01315	0.01392	0.01862	0.07251	0.07650	0.17575	0.35547	0.02752	0.00525	0.14260	0.01241	0.00546	0.00621
2	0.42770	0.01379	0.01271	0.01116	0.01579	0.01482	0.00900	0.02545	0.08254	0.13790	0.03005	0.02927	0.14051	0.01059	0.00661	0.00252	0.00584	0.00780	0.00652	0.00943
3	0.01437	0.00899	0.01078	0.01069	0.01327	0.00808	0.00805	0.01723	0.04181	0.12930	0.05667	0.26444	0.30705	0.01964	0.00943	0.00287	0.00495	0.05661	0.00779	0.00799
4	0.01391	0.00958	0.01095	0.01063	0.01177	0.00981	0.00702	0.10434	0.01652	0.02242	0.02917	0.22375	0.03249	0.39637	0.02584	0.00543	0.00682	0.01364	0.04289	0.00664
5	0.01607	0.03984	0.64228	0.02325	0.03475	0.01851	0.06607	0.02513	0.01686	0.02513	0.01434	0.01702	0.01016	0.00748	0.00764	0.00252	0.01182	0.00607	0.00339	0.01166
6	0.02196	0.01605	0.01852	0.01638	0.02057	0.01731	0.01374	0.35438	0.02833	0.03767	0.02973	0.08360	0.02870	0.01540	0.00929	0.00295	0.00793	0.25930	0.00764	0.01058
7	0.01706	0.01502	0.01951	0.01893	0.14592	0.01218	0.01230	0.02082	0.01676	0.02585	0.01425	0.01706	0.01190	0.00610	0.00626	0.00140	0.00656	0.00516	0.00455	0.62238
8	0.01972	0.01703	0.01793	0.01614	0.02062	0.01972	0.01255	0.04214	0.65752	0.03317	0.03228	0.02959	0.02421	0.01076	0.00807	0.00269	0.00628	0.00897	0.00807	0.01255
9	0.77733	0.01534	0.01166	0.01043	0.01534	0.01779	0.00859	0.02331	0.01350	0.03558	0.01104	0.01288	0.00859	0.00736	0.00491	0.00245	0.00613	0.00429	0.00491	0.00859
10	0.14930	0.01936	0.01985	0.01626	0.02175	0.02185	0.01317	0.34232	0.24003	0.04201	0.02214	0.02154	0.01625	0.00958	0.00748	0.00250	0.00748	0.00728	0.00748	0.01237
11	0.77733	0.01534	0.01166	0.01043	0.01534	0.01779	0.00859	0.02331	0.01350	0.03558	0.01104	0.01288	0.00859	0.00736	0.00491	0.00245	0.00613	0.00429	0.00491	0.00859
12	0.01963	0.01884	0.03219	0.04867	0.67185	0.01884	0.02434	0.02434	0.01806	0.02591	0.01492	0.01963	0.01256	0.00707	0.00785	0.00236	0.00942	0.00707	0.00393	0.01256
13	0.02269	0.01851	0.01960	0.01674	0.02175	0.02111	0.01327	0.21362	0.48121	0.03795	0.02851	0.02659	0.02116	0.01041	0.00803	0.00260	0.00697	0.00845	0.00803	0.01282
14	0.00974	0.00729	0.00905	0.01021	0.01134	0.00660	0.00705	0.01150	0.01658	0.02163	0.11201	0.49795	0.20449	0.02286	0.00987	0.00302	0.00438	0.02035	0.00749	0.00660
15	0.02989	0.01812	0.02058	0.01612	0.02195	0.01908	0.01320	0.35878	0.09499	0.24239	0.02460	0.02320	0.01689	0.00972	0.00782	0.00240	0.00757	0.00760	0.05207	0.01304
16	0.01129	0.00788	0.00932	0.00990	0.01151	0.00709	0.00698	0.01292	0.01636	0.05494	0.05467	0.32222	0.28425	0.11079	0.01361	0.00356	0.00500	0.04381	0.00716	0.00674
17	0.00966	0.00690	0.00920	0.01104	0.01150	0.00644	0.00736	0.01104	0.01518	0.02024	0.04371	0.71614	0.05245	0.02484	0.01012	0.00322	0.00460	0.02254	0.00736	0.00644
18	0.02153	0.01072	0.01217	0.01057	0.01403	0.01063	0.00833	0.06194	0.07861	0.19951	0.02748	0.02829	0.02011	0.00955	0.00655	0.00211	0.00502	0.00767	0.45538	0.00981
19	0.02693	0.01966	0.02162	0.01635	0.02287	0.02029	0.01343	0.45205	0.03115	0.07784	0.01844	0.01880	0.01337	0.00860	0.00741	0.00207	0.00789	0.00656	0.00721	0.20748
20	0.02534	0.01523	0.01777	0.01475	0.01953	0.01554	0.01188	0.25001	0.06828	0.22195	0.03412	0.12095	0.08971	0.01340	0.00855	0.00263	0.00691	0.04364	0.00832	0.01149
21	0.01000	0.00746	0.00931	0.01012	0.01142	0.00676	0.00710	0.01212	0.01767	0.02346	0.21168	0.40914	0.19157	0.02160	0.00976	0.00292	0.00425	0.01918	0.00771	0.00676
22	0.02106	0.01541	0.01766	0.01522	0.01927	0.01697	0.01203	0.24476	0.17334	0.06967	0.05914	0.10515	0.02509	0.02162	0.14104	0.00457	0.00976	0.00998	0.00733	0.01092
23	0.01354	0.00697	0.01016	0.01016	0.01016	0.00697	0.00667	0.01045	0.01045	0.01394	0.01492	0.02695	0.01531	0.09851	0.03195	0.69139	0.00697	0.00736	0.00358	0.00358
24	0.00960	0.00713	0.00897	0.01044	0.01134	0.00649	0.00709	0.01111	0.01576	0.02048	0.05102	0.58830	0.17556	0.02389	0.00997	0.00311	0.00448	0.02138	0.00736	0.00649
25	0.01899	0.05154	0.09163	0.05177	0.24283	0.11568	0.01810	0.06970	0.01900	0.02464	0.02056	0.15453	0.02005	0.01408	0.04891	0.00310	0.01010	0.00963	0.00485	0.01029
26	0.02172	0.04848	0.06126	0.05984	0.29722	0.13654	0.17251	0.02650	0.01903	0.05856	0.01539	0.01920	0.01213	0.00735	0.00799	0.00238	0.01120	0.00718	0.00423	0.01131
27	0.02361	0.02668	0.02644	0.02489	0.10057	0.29989	0.07304	0.06302	0.01922	0.02243	0.01272	0.01681	0.01091	0.00981	0.01348	0.00261	0.23356	0.00642	0.00409	0.00981
28	0.01601	0.01940	0.16372	0.30084	0.09573	0.01612	0.02008	0.02101	0.01614	0.05493	0.02105	0.02746	0.06333	0.08064	0.01216	0.00313	0.04651	0.00803	0.00426	0.00945
29	0.01471	0.01937	0.19167	0.01617	0.05329	0.03970	0.01441	0.05517	0.01745	0.02397	0.11886	0.07603	0.05630	0.19617	0.06868	0.00462	0.00931	0.01030	0.00532	0.00851
30	0.02076	0.16243	0.13839	0.06296	0.16957	0.11509	0.07504	0.07405	0.01918	0.02442	0.01464	0.01911	0.01221	0.04850	0.00918	0.00256	0.01056	0.00651	0.00410	0.01074
31	0.05604	0.10780	0.01587	0.01166	0.01469	0.01301	0.00893	0.05375	0.05513	0.02473	0.06207	0.28180	0.03268	0.08044	0.01089	0.00294	0.00589	0.01291	0.05170	0.09708
32	0.01412	0.05215	0.01339	0.01177	0.01355	0.01061	0.00885	0.01675	0.04130	0.07257	0.08085	0.22201	0.09472	0.17540	0.01722	0.00401	0.04634	0.09032	0.00664	0.00743
33	0.01463	0.01193	0.01324	0.01316	0.01549	0.05104	0.01004	0.06630	0.09007	0.02683	0.15085	0.28935	0.04508	0.01827	0.00938	0.00289	0.00604	0.11902	0.00742	0.03897
34	0.01637	0.01765	0.11764	0.05513	0.02452	0.01471	0.13068	0.09950	0.01903	0.02666	0.02644	0.13394	0.05540	0.06674	0.01159	0.00306	0.03518	0.04178	0.09479	0.00917

[dist]
# distance from previous block
# <min> <max>
2	33

[block]
# block no. 2 follows, 24 sequences, length 44
# corresponding to MSA columns:
# 204-247
name=unknown_C
#
# <colnr> <probs for GDERKNQSTAVLIFYWHMCP>
#	G	D	E	R	K	N	Q	S	T	A	V	L	I	F	Y	W	H	M	C	P
0	0.01995	0.06421	0.09505	0.04459	0.11126	0.09803	0.01560	0.08556	0.01991	0.07065	0.02370	0.12519	0.04421	0.01139	0.00787	0.00237	0.00855	0.04036	0.00554	0.10603
1	0.02207	0.22011	0.03121	0.07992	0.18679	0.06435	0.04584	0.13189	0.09267	0.02789	0.01629	0.01857	0.01302	0.00794	0.00714	0.00223	0.00925	0.00648	0.00490	0.01145
2	0.01839	0.02004	0.10663	0.16691	0.25943	0.01834	0.04404	0.06366	0.11681	0.02704	0.01862	0.04566	0.01506	0.00859	0.00793	0.00249	0.00926	0.00776	0.00481	0.03853
3	0.06000	0.02494	0.14260	0.02589	0.19363	0.11806	0.01888	0.11079	0.04840	0.10058	0.01724	0.01890	0.01290	0.00803	0.00743	0.00228	0.00962	0.00644	0.00531	0.06806
4	0.01362	0.01413	0.10938	0.01395	0.04180	0.00995	0.01194	0.01762	0.01901	0.05596	0.24442	0.13095	0.12264	0.01519	0.00881	0.00255	0.00593	0.06292	0.00691	0.09233
5	0.01725	0.01407	0.01653	0.01184	0.01885	0.01062	0.00949	0.02075	0.01671	0.05330	0.01482	0.01689	0.01208	0.00604	0.00596	0.00123	0.00591	0.00484	0.00491	0.73792
6	0.02007	0.07179	0.11417	0.02016	0.12695	0.01533	0.01540	0.06295	0.04592	0.12829	0.02428	0.11255	0.04482	0.01046	0.00761	0.00226	0.00757	0.00886	0.00588	0.15467
7	0.01377	0.00689	0.01033	0.01033	0.01033	0.00689	0.00689	0.01033	0.01033	0.01377	0.01377	0.02410	0.01377	0.02755	0.03099	0.76928	0.00689	0.00689	0.00344	0.00344
8	0.01199	0.00836	0.01033	0.00968	0.01198	0.00749	0.00731	0.01524	0.02131	0.06229	0.48028	0.06207	0.22832	0.01690	0.00929	0.00254	0.00397	0.01464	0.00843	0.00758
9	0.01881	0.01495	0.02441	0.16024	0.19896	0.01535	0.08608	0.06841	0.01897	0.09937	0.02400	0.18892	0.02261	0.01198	0.00860	0.00267	0.00856	0.01116	0.00565	0.01032
10	0.02210	0.05267	0.22966	0.08919	0.05578	0.13568	0.04241	0.02885	0.07218	0.12467	0.01777	0.01960	0.01300	0.00863	0.00876	0.00248	0.05392	0.00662	0.00495	0.01108
11	0.02908	0.01957	0.02187	0.02122	0.12440	0.10923	0.01474	0.16547	0.06364	0.28363	0.02540	0.02444	0.04141	0.00955	0.00789	0.00239	0.00850	0.00766	0.00749	0.01243
12	0.01492	0.01011	0.01205	0.01141	0.01422	0.00980	0.00878	0.06415	0.05513	0.09573	0.10026	0.16458	0.26009	0.02266	0.08586	0.00389	0.00696	0.04356	0.00747	0.00836
13	0.01671	0.02017	0.15993	0.04811	0.08201	0.05516	0.06998	0.02275	0.06876	0.06420	0.02983	0.13750	0.08981	0.01616	0.05808	0.00341	0.00964	0.03246	0.00554	0.00977
14	0.02411	0.02337	0.08048	0.02877	0.20753	0.15928	0.12209	0.02855	0.02020	0.15867	0.05444	0.02229	0.01672	0.00835	0.00804	0.00238	0.01043	0.00753	0.00541	0.01138
15	0.02153	0.02410	0.03522	0.02682	0.03271	0.17691	0.35896	0.07549	0.02038	0.02518	0.01670	0.06245	0.01412	0.00893	0.01002	0.00260	0.06440	0.00882	0.00451	0.01015
16	0.01715	0.01735	0.02754	0.05833	0.25818	0.05817	0.14109	0.02109	0.01747	0.02329	0.02616	0.11589	0.09661	0.01157	0.01022	0.00266	0.07194	0.01055	0.00475	0.00998
17	0.01453	0.01883	0.15731	0.30478	0.08518	0.01539	0.05795	0.01990	0.01685	0.02278	0.06269	0.10642	0.06234	0.01097	0.00836	0.00266	0.00935	0.00982	0.00456	0.00931
18	0.01981	0.02410	0.16538	0.11981	0.10624	0.06779	0.21019	0.05514	0.01912	0.07088	0.01764	0.05571	0.01403	0.00847	0.00833	0.00255	0.01114	0.00823	0.00457	0.01086
19	0.01981	0.04210	0.04895	0.05258	0.11756	0.01703	0.06571	0.14323	0.09961	0.05841	0.05219	0.03610	0.05368	0.01143	0.00836	0.00261	0.00807	0.09820	0.05361	0.01075
20	0.02081	0.01121	0.01445	0.01239	0.01554	0.01119	0.00967	0.06090	0.01971	0.23504	0.15726	0.03802	0.05624	0.10308	0.09571	0.00436	0.05134	0.00993	0.06371	0.00944
21	0.05063	0.02777	0.29759	0.08178	0.07300	0.01892	0.11291	0.10898	0.04561	0.08161	0.01714	0.01946	0.01227	0.00798	0.00786	0.00252	0.01048	0.00695	0.00488	0.01166
22	0.07086	0.09994	0.14411	0.11762	0.03111	0.06221	0.16839	0.02295	0.01706	0.02410	0.01892	0.02248	0.05169	0.00850	0.00819	0.00243	0.03684	0.00739	0.07553	0.00967
23	0.01790	0.01261	0.01455	0.01446	0.05585	0.05483	0.01020	0.04619	0.05175	0.12745	0.12966	0.04519	0.11794	0.13651	0.09153	0.00458	0.00847	0.04477	0.00681	0.00876
24	0.01033	0.00872	0.01170	0.01121	0.01351	0.00773	0.05765	0.01261	0.01741	0.02197	0.09853	0.28904	0.36963	0.02040	0.00963	0.00285	0.00495	0.01798	0.00718	0.00698
25	0.02132	0.09206	0.02707	0.15439	0.10469	0.13575	0.09849	0.02722	0.08555	0.08682	0.04484	0.05145	0.01755	0.00912	0.00785	0.00242	0.00990	0.00797	0.00518	0.01039
26	0.04657	0.20192	0.19986	0.01600	0.02222	0.05948	0.01635	0.04658	0.01810	0.05564	0.07158	0.09192	0.02271	0.01353	0.04256	0.00293	0.00937	0.04776	0.00507	0.00984
27	0.04469	0.08272	0.20291	0.18187	0.14822	0.01893	0.10684	0.02387	0.01731	0.04931	0.03921	0.02039	0.01362	0.00777	0.00771	0.00246	0.01032	0.00702	0.00409	0.01073
28	0.02091	0.04943	0.17670	0.05025	0.15907	0.05515	0.01922	0.09725	0.05315	0.09914	0.02198	0.02612	0.04201	0.01254	0.05031	0.00311	0.01012	0.03681	0.00541	0.01132
29	0.01773	0.05419	0.14110	0.09393	0.12953	0.10779	0.01748	0.02449	0.09564	0.02474	0.07191	0.06940	0.06794	0.01063	0.00788	0.00245	0.00886	0.00888	0.03539	0.01006
30	0.01601	0.01722	0.07785	0.28141	0.12295	0.06413	0.01756	0.02072	0.04284	0.02075	0.01770	0.02797	0.01600	0.17503	0.04638	0.00417	0.01042	0.00799	0.00413	0.00877
31	0.01291	0.01152	0.01442	0.06396	0.06924	0.05451	0.01122	0.01495	0.01580	0.02060	0.03611	0.45377	0.07754	0.01972	0.01119	0.00303	0.07869	0.01710	0.00620	0.00752
32	0.01927	0.02693	0.28184	0.08725	0.26744	0.01861	0.02428	0.06453	0.04970	0.06050	0.01652	0.01945	0.01240	0.00779	0.00776	0.00246	0.01008	0.00674	0.00442	0.01203
33	0.02288	0.08102	0.17184	0.05271	0.08430	0.16495	0.04355	0.07280	0.02000	0.10957	0.01697	0.01950	0.01291	0.01324	0.07626	0.00336	0.01193	0.00651	0.00487	0.01084
34	0.01728	0.06937	0.01599	0.08951	0.01960	0.05577	0.01061	0.02085	0.04934	0.13088	0.07863	0.16665	0.21385	0.01537	0.00856	0.00261	0.00644	0.01298	0.00692	0.00879
35	0.01871	0.01541	0.05677	0.25504	0.09666	0.04163	0.01666	0.04304	0.01835	0.13169	0.04873	0.17533	0.02399	0.01223	0.00841	0.00266	0.00840	0.01074	0.00581	0.00973
36	0.02043	0.02286	0.13327	0.05171	0.16373	0.08524	0.06848	0.11062	0.07224	0.05342	0.04771	0.09440	0.01992	0.01024	0.00819	0.00252	0.00946	0.00898	0.00551	0.01110
37	0.01598	0.09680	0.06476	0.27489	0.16848	0.01779	0.01871	0.02000	0.01626	0.02136	0.02332	0.02753	0.10663	0.01059	0.00984	0.03744	0.04807	0.00805	0.00413	0.00937
38	0.01719	0.00927	0.01168	0.01083	0.01364	0.00821	0.00810	0.01952	0.01903	0.20542	0.15477	0.21506	0.19956	0.05703	0.01090	0.00300	0.00508	0.01502	0.00814	0.00856
39	0.02227	0.08599	0.09197	0.01977	0.07754	0.19486	0.01560	0.12442	0.02195	0.05448	0.07102	0.11473	0.02220	0.01129	0.00853	0.00241	0.03631	0.00889	0.00559	0.01018
40	0.02322	0.04663	0.09435	0.07354	0.06689	0.10968	0.01577	0.12414	0.09624	0.12835	0.04667	0.06171	0.01931	0.01002	0.00775	0.00241	0.00874	0.00809	0.04539	0.01110
41	0.04982	0.04793	0.01914	0.11672	0.04647	0.01572	0.01342	0.12971	0.01992	0.10925	0.05815	0.10299	0.02242	0.02170	0.15040	0.00470	0.04643	0.00938	0.00602	0.00970
42	0.01672	0.01250	0.05115	0.06166	0.04553	0.01098	0.01068	0.02072	0.06777	0.12668	0.03264	0.12487	0.09695	0.21972	0.01769	0.00405	0.00702	0.01148	0.00627	0.05493
43	0.02210	0.12397	0.06728	0.09803	0.10078	0.04398	0.05165	0.14585	0.08789	0.08638	0.05000	0.02245	0.01702	0.01082	0.03518	0.00278	0.00946	0.00733	0.00574	0.01130

[dist]
# distance from previous block
# <min> <max>
10	109

[block]
# block no. 3 follows, 24 sequences, length 31
# corresponding to MSA columns:
# 469-499
name=unknown_D
#
# <colnr> <probs for GDERKNQSTAVLIFYWHMCP>
#	G	D	E	R	K	N	Q	S	T	A	V	L	I	F	Y	W	H	M	C	P
0	0.02159	0.01819	0.08637	0.01638	0.04400	0.03657	0.01347	0.17667	0.08679	0.12053	0.02672	0.09507	0.04990	0.07785	0.04281	0.00341	0.00841	0.00949	0.00672	0.05906
1	0.01699	0.08778	0.02061	0.07271	0.05396	0.07853	0.05218	0.04477	0.08695	0.02441	0.10551	0.10507	0.02934	0.10350	0.01235	0.00316	0.00804	0.04741	0.00577	0.04096
2	0.01631	0.20008	0.18237	0.09087	0.02442	0.01770	0.01588	0.02062	0.01606	0.04084	0.04077	0.05179	0.04679	0.08214	0.05349	0.00342	0.00936	0.00777	0.03649	0.04284
3	0.07248	0.02069	0.06484	0.06089	0.02452	0.13402	0.06893	0.08829	0.07587	0.16102	0.02201	0.06100	0.01783	0.07935	0.01101	0.00298	0.00932	0.00829	0.00619	0.01045
4	0.01758	0.01388	0.01638	0.06997	0.02056	0.04147	0.01139	0.08150	0.05735	0.06926	0.02527	0.21588	0.02482	0.01544	0.04300	0.00289	0.03905	0.01093	0.00611	0.21727
5	0.02152	0.07822	0.02519	0.24802	0.06265	0.17258	0.04632	0.12811	0.02136	0.02573	0.01792	0.02123	0.04630	0.00862	0.00757	0.00231	0.01046	0.00691	0.00468	0.04430
6	0.01988	0.01934	0.02764	0.08914	0.42987	0.08245	0.02076	0.05743	0.01849	0.02495	0.01542	0.02127	0.01330	0.04611	0.04360	0.00318	0.04469	0.00717	0.00417	0.01116
7	0.01528	0.01287	0.01625	0.01713	0.10192	0.01294	0.01132	0.02307	0.17820	0.02509	0.05272	0.06443	0.07917	0.08922	0.11821	0.00445	0.00874	0.00958	0.00589	0.15352
8	0.01886	0.02099	0.04448	0.03584	0.14136	0.01986	0.54499	0.02523	0.01861	0.02548	0.01586	0.02111	0.01212	0.00674	0.00912	0.00262	0.01274	0.00899	0.00400	0.01099
9	0.00989	0.00798	0.00880	0.00874	0.01107	0.00689	0.00650	0.01233	0.01908	0.02416	0.23739	0.11058	0.47012	0.01932	0.00941	0.00266	0.00398	0.01644	0.00773	0.00689
10	0.01033	0.00792	0.00897	0.00891	0.01071	0.00709	0.00631	0.01243	0.01796	0.02326	0.23943	0.10751	0.33778	0.14871	0.01514	0.00358	0.00465	0.01544	0.00729	0.00656
11	0.00948	0.00804	0.00819	0.00815	0.01078	0.00674	0.00611	0.01160	0.01834	0.02205	0.11604	0.07528	0.63253	0.01985	0.00937	0.00267	0.00400	0.01659	0.00745	0.00674
12	0.02102	0.01124	0.01238	0.01069	0.01411	0.01142	0.00844	0.11908	0.05507	0.14580	0.02611	0.02751	0.01937	0.00946	0.00647	0.00208	0.00513	0.00754	0.47743	0.00966
13	0.02948	0.02188	0.02343	0.01811	0.02434	0.02428	0.01491	0.60704	0.07673	0.04891	0.01988	0.01971	0.01417	0.00960	0.00794	0.00240	0.00857	0.00726	0.00794	0.01343
14	0.01498	0.01409	0.02378	0.70226	0.05462	0.01762	0.02202	0.02026	0.01586	0.02026	0.01409	0.02114	0.01057	0.00793	0.00793	0.00264	0.01057	0.00705	0.00352	0.00881
15	0.01972	0.01703	0.01793	0.01614	0.02062	0.01972	0.01255	0.04214	0.65752	0.03317	0.03228	0.02959	0.02421	0.01076	0.00807	0.00269	0.00628	0.00897	0.00807	0.01255
16	0.01604	0.01541	0.02324	0.01936	0.02041	0.01948	0.09624	0.01798	0.01285	0.01896	0.01488	0.02672	0.01534	0.19408	0.02751	0.00445	0.43679	0.00843	0.00388	0.00795
17	0.02588	0.02086	0.02596	0.02012	0.02605	0.02298	0.10443	0.40968	0.15465	0.04174	0.02079	0.02136	0.01523	0.00956	0.00901	0.00253	0.04151	0.00780	0.00719	0.01268
18	0.01872	0.02139	0.04679	0.03342	0.04144	0.02005	0.64305	0.02540	0.01872	0.02540	0.01604	0.02139	0.01203	0.00668	0.00936	0.00267	0.01337	0.00936	0.00401	0.01070
19	0.00966	0.00690	0.00920	0.01104	0.01150	0.00644	0.00736	0.01104	0.01518	0.02024	0.04371	0.71614	0.05245	0.02484	0.01012	0.00322	0.00460	0.02254	0.00736	0.00644
20	0.02322	0.02575	0.02590	0.10642	0.03023	0.30629	0.13475	0.09031	0.02183	0.02448	0.01845	0.02847	0.01636	0.01010	0.00833	0.00252	0.01201	0.10011	0.00489	0.00959
21	0.01872	0.02139	0.04679	0.03342	0.04144	0.02005	0.64305	0.02540	0.01872	0.02540	0.01604	0.02139	0.01203	0.00668	0.00936	0.00267	0.01337	0.00936	0.00401	0.01070
22	0.01137	0.00831	0.01181	0.01181	0.01291	0.00941	0.00875	0.01356	0.01247	0.01772	0.02209	0.03587	0.02187	0.20985	0.54231	0.01160	0.01816	0.00919	0.00437	0.00656
23	0.01075	0.00803	0.00963	0.00927	0.01111	0.00729	0.00673	0.01352	0.01981	0.02678	0.42110	0.06299	0.23281	0.10980	0.01343	0.00323	0.00434	0.01463	0.00784	0.00691
24	0.16699	0.13310	0.17174	0.05357	0.16108	0.02145	0.01899	0.13358	0.01988	0.03047	0.01410	0.01658	0.01094	0.00765	0.00680	0.00232	0.00908	0.00584	0.00459	0.01123
25	0.01590	0.04102	0.68023	0.02260	0.03432	0.01842	0.02930	0.02511	0.01674	0.02511	0.01423	0.01674	0.01005	0.00753	0.00753	0.00251	0.01172	0.00586	0.00335	0.01172
26	0.01052	0.00765	0.00893	0.00927	0.01032	0.00712	0.00612	0.01192	0.01569	0.02056	0.14331	0.21587	0.19691	0.27635	0.02085	0.00460	0.00545	0.01584	0.00664	0.00607
27	0.01658	0.01602	0.02470	0.40409	0.23069	0.04967	0.02079	0.02129	0.01730	0.02257	0.05339	0.02516	0.04700	0.00874	0.00802	0.00252	0.00972	0.00783	0.00414	0.00976
28	0.01659	0.01560	0.02653	0.25124	0.35090	0.01660	0.04358	0.02105	0.01694	0.02322	0.01909	0.12639	0.01799	0.01004	0.00828	0.00259	0.00920	0.00950	0.00432	0.01036
29	0.00992	0.00770	0.00911	0.01010	0.01176	0.00690	0.00743	0.01188	0.01690	0.02123	0.06040	0.34183	0.33602	0.02228	0.00988	0.00302	0.00467	0.09495	0.00735	0.00667
30	0.08130	0.05351	0.11591	0.02802	0.16523	0.09529	0.16536	0.02401	0.01732	0.02430	0.01732	0.02103	0.04716	0.00877	0.01016	0.00256	0.10089	0.00739	0.00408	0.01038

[dist]
# distance from previous block
# <min> <max>
0	48

[block]
# block no. 4 follows, 24 sequences, length 22
# corresponding to MSA columns:
# 562-583
name=unknown_E
#
# <colnr> <probs for GDERKNQSTAVLIFYWHMCP>
#	G	D	E	R	K	N	Q	S	T	A	V	L	I	F	Y	W	H	M	C	P
0	0.09573	0.04985	0.02162	0.05656	0.20115	0.10940	0.01519	0.05383	0.06867	0.06546	0.02142	0.12371	0.01942	0.01062	0.00757	0.00244	0.00829	0.00893	0.04983	0.01030
1	0.02114	0.14547	0.02606	0.15946	0.05915	0.17326	0.04760	0.09477	0.02039	0.02428	0.02030	0.02281	0.07523	0.00888	0.00730	0.00218	0.00992	0.00700	0.00465	0.07013
2	0.01090	0.00814	0.01004	0.00997	0.01163	0.00760	0.00709	0.01313	0.01704	0.02310	0.22532	0.17627	0.17073	0.14076	0.09088	0.00462	0.00668	0.01471	0.00685	0.04454
3	0.02083	0.01994	0.02535	0.18733	0.16575	0.11831	0.06675	0.14262	0.02253	0.02898	0.10353	0.02458	0.02030	0.00911	0.00810	0.00243	0.00983	0.00795	0.00528	0.01051
4	0.01408	0.00871	0.01108	0.01113	0.01331	0.00796	0.00852	0.01660	0.01853	0.11194	0.16649	0.21163	0.17923	0.06031	0.01144	0.00320	0.00527	0.12507	0.00779	0.00771
5	0.13354	0.01200	0.01393	0.01181	0.01598	0.01162	0.00941	0.05174	0.05281	0.24672	0.21883	0.04081	0.12315	0.01275	0.00812	0.00250	0.00547	0.01049	0.00827	0.01005
6	0.01301	0.01019	0.01140	0.01048	0.01340	0.00964	0.00804	0.07639	0.05254	0.02764	0.22498	0.06045	0.31907	0.05206	0.01063	0.00283	0.00494	0.04271	0.00758	0.04202
7	0.15354	0.01028	0.01190	0.01123	0.01427	0.00988	0.00849	0.02043	0.01778	0.18526	0.10131	0.28144	0.11050	0.01662	0.00850	0.00276	0.00525	0.01421	0.00766	0.00869
8	0.18679	0.01456	0.01651	0.01336	0.01872	0.01465	0.01090	0.09521	0.08379	0.35933	0.02543	0.02372	0.01721	0.00931	0.00712	0.00242	0.00650	0.00717	0.07545	0.01183
9	0.41099	0.01797	0.01759	0.07492	0.02252	0.02049	0.01237	0.27174	0.02321	0.03998	0.01451	0.01608	0.01072	0.00827	0.00638	0.00244	0.00756	0.00568	0.00599	0.01057
10	0.01498	0.01409	0.02378	0.70226	0.05462	0.01762	0.02202	0.02026	0.01586	0.02026	0.01409	0.02114	0.01057	0.00793	0.00793	0.00264	0.01057	0.00705	0.00352	0.00881
11	0.02364	0.11840	0.03014	0.04724	0.12339	0.05680	0.11634	0.25859	0.05366	0.03319	0.01719	0.02046	0.01359	0.04135	0.00923	0.00258	0.00973	0.00726	0.00559	0.01162
12	0.01705	0.01749	0.02972	0.11791	0.03076	0.02137	0.18927	0.02069	0.01450	0.02094	0.01310	0.01979	0.01143	0.01375	0.05771	0.00368	0.38032	0.00771	0.00367	0.00915
13	0.01103	0.00820	0.01040	0.01132	0.01250	0.00802	0.00791	0.01508	0.08190	0.02416	0.18324	0.49846	0.05463	0.02147	0.00974	0.00300	0.00458	0.01932	0.00774	0.00729
14	0.01478	0.00739	0.00739	0.00739	0.00924	0.00739	0.00554	0.01848	0.01663	0.02956	0.02587	0.02956	0.02033	0.00924	0.00554	0.00185	0.00370	0.00739	0.76534	0.00739
15	0.01000	0.00787	0.00903	0.00914	0.01120	0.00690	0.00670	0.01244	0.01896	0.02447	0.25757	0.17660	0.38162	0.01966	0.00949	0.00271	0.00403	0.01695	0.00779	0.00690
16	0.02560	0.03110	0.02307	0.02056	0.02330	0.47165	0.01599	0.02755	0.01909	0.01930	0.01165	0.01530	0.01028	0.01004	0.01333	0.00251	0.24107	0.00571	0.00388	0.00902
17	0.02068	0.06007	0.18424	0.02142	0.11401	0.14632	0.01783	0.02540	0.01827	0.06312	0.01477	0.01699	0.01154	0.00717	0.00689	0.00194	0.00961	0.00556	0.00439	0.24978
18	0.08804	0.13739	0.10141	0.02135	0.12699	0.01878	0.04607	0.05566	0.01857	0.11083	0.05616	0.02351	0.01740	0.00904	0.00831	0.00234	0.04905	0.03267	0.00529	0.07113
19	0.01281	0.00883	0.01106	0.05108	0.01446	0.00819	0.00802	0.01576	0.01986	0.07708	0.34728	0.05910	0.24547	0.07236	0.01163	0.00297	0.00478	0.01392	0.00777	0.00758
20	0.01578	0.01381	0.02287	0.21480	0.23748	0.01464	0.05509	0.02010	0.01691	0.02388	0.02210	0.12232	0.02084	0.01106	0.00818	0.00259	0.00839	0.05210	0.10756	0.00950
21	0.04945	0.06917	0.02614	0.19655	0.11776	0.13587	0.04372	0.17846	0.02298	0.06251	0.01576	0.01871	0.01192	0.00820	0.00755	0.00236	0.01023	0.00660	0.00514	0.01093

[dist]
# distance from previous block
# <min> <max>
4	19

[block]
# block no. 5 follows, 24 sequences, length 9
# corresponding to MSA columns:
# 603-611
name=unknown_F
#
# <colnr> <probs for GDERKNQSTAVLIFYWHMCP>
#	G	D	E	R	K	N	Q	S	T	A	V	L	I	F	Y	W	H	M	C	P
0	0.01587	0.27907	0.24269	0.01535	0.02214	0.01948	0.01668	0.02035	0.01645	0.02145	0.02737	0.13801	0.11152	0.01189	0.00733	0.00236	0.00828	0.00956	0.00460	0.00958
1	0.01029	0.00776	0.00922	0.01000	0.01143	0.00710	0.00719	0.01211	0.01647	0.02103	0.08786	0.27774	0.27136	0.12217	0.01425	0.00368	0.00512	0.09172	0.00706	0.00646
2	0.11952	0.02938	0.02124	0.02038	0.07418	0.43803	0.01460	0.03129	0.02108	0.13596	0.01562	0.01675	0.01184	0.00827	0.00708	0.00219	0.01162	0.00566	0.00517	0.01013
3	0.01953	0.50948	0.24349	0.01642	0.02477	0.02728	0.01854	0.02418	0.01631	0.02070	0.01204	0.01399	0.01013	0.00702	0.00586	0.00195	0.00950	0.00475	0.00338	0.01066
4	0.01903	0.01825	0.12886	0.06880	0.12769	0.01451	0.06274	0.02554	0.07901	0.13159	0.10411	0.03115	0.05356	0.04294	0.00958	0.00272	0.00806	0.00894	0.05233	0.01060
5	0.01478	0.00739	0.00739	0.00739	0.00924	0.00739	0.00554	0.01848	0.01663	0.02956	0.02587	0.02956	0.02033	0.00924	0.00554	0.00185	0.00370	0.00739	0.76534	0.00739
6	0.02015	0.01505	0.02186	0.26151	0.12078	0.01697	0.01721	0.09690	0.04783	0.11194	0.02033	0.06659	0.01637	0.01002	0.00933	0.00259	0.06401	0.00828	0.06188	0.01039
7	0.01735	0.01675	0.06146	0.12863	0.02601	0.05601	0.05756	0.15064	0.02064	0.02698	0.02765	0.15192	0.07989	0.02053	0.11716	0.00426	0.01070	0.01094	0.00567	0.00925
8	0.01557	0.01163	0.01409	0.01317	0.01575	0.01243	0.01006	0.16626	0.04755	0.02832	0.07688	0.23439	0.07999	0.02932	0.20004	0.00558	0.01023	0.01333	0.00675	0.00866

[dist]
# distance from previous block
# <min> <max>
4	59

[block]
# block no. 6 follows, 24 sequences, length 27
# corresponding to MSA columns:
# 693-718,720
name=unknown_G
#
# <colnr> <probs for GDERKNQSTAVLIFYWHMCP>
#	G	D	E	R	K	N	Q	S	T	A	V	L	I	F	Y	W	H	M	C	P
0	0.01420	0.01251	0.01990	0.19170	0.19781	0.01359	0.01630	0.01801	0.01595	0.02158	0.02680	0.06932	0.09229	0.02458	0.19183	0.00537	0.01191	0.04280	0.00467	0.00889
1	0.02432	0.12770	0.13299	0.02478	0.14988	0.09785	0.04825	0.20019	0.02378	0.07244	0.01620	0.01795	0.01224	0.00807	0.00742	0.00228	0.01002	0.00643	0.00528	0.01193
2	0.06909	0.15817	0.02740	0.11163	0.07714	0.35706	0.04551	0.02735	0.01938	0.02111	0.01258	0.01557	0.01042	0.00768	0.00690	0.00214	0.01183	0.00550	0.00392	0.00961
3	0.01553	0.01226	0.01715	0.15872	0.06363	0.01367	0.01344	0.05767	0.09541	0.05065	0.10576	0.03381	0.06753	0.02671	0.22623	0.00582	0.01184	0.00934	0.00575	0.00909
4	0.02109	0.01795	0.04943	0.01712	0.04610	0.04704	0.01381	0.20812	0.12645	0.06702	0.03410	0.03959	0.13214	0.01315	0.00963	0.00270	0.05002	0.08669	0.00706	0.01078
5	0.07376	0.04151	0.14584	0.01471	0.04807	0.01181	0.01275	0.01710	0.01592	0.02341	0.05220	0.24939	0.09214	0.06813	0.01061	0.00295	0.00679	0.01270	0.00562	0.09458
6	0.01001	0.00742	0.00935	0.01023	0.01145	0.00676	0.00715	0.01212	0.01758	0.02344	0.21138	0.43154	0.16898	0.02176	0.00979	0.00294	0.00427	0.01938	0.00771	0.00676
7	0.02380	0.01450	0.01876	0.04495	0.09400	0.01447	0.01307	0.14559	0.06356	0.23035	0.12540	0.03673	0.09282	0.01188	0.00842	0.00253	0.00685	0.03307	0.00792	0.01133
8	0.01909	0.24244	0.21286	0.03072	0.29658	0.02258	0.02239	0.02437	0.01710	0.02346	0.01353	0.01671	0.01114	0.00711	0.00691	0.00220	0.00976	0.00587	0.00360	0.01160
9	0.01953	0.01212	0.01645	0.01815	0.11992	0.01160	0.01174	0.08692	0.02011	0.18042	0.03801	0.29025	0.10900	0.01625	0.00893	0.00275	0.00624	0.01429	0.00746	0.00987
10	0.02301	0.01284	0.01476	0.01232	0.01674	0.01255	0.00985	0.12405	0.08751	0.24000	0.04132	0.03920	0.18752	0.01244	0.00795	0.00243	0.00582	0.01012	0.12890	0.01066
11	0.01555	0.01527	0.01337	0.01346	0.01565	0.15842	0.00987	0.02005	0.09598	0.02313	0.10473	0.31295	0.10638	0.01793	0.00910	0.00278	0.00691	0.04363	0.00687	0.00796
12	0.02064	0.01242	0.01385	0.01214	0.01589	0.01280	0.00950	0.09594	0.16791	0.15144	0.03409	0.07321	0.08702	0.01173	0.00749	0.00238	0.00550	0.00966	0.24611	0.01026
13	0.01831	0.02054	0.18193	0.02582	0.21178	0.01532	0.01902	0.05032	0.01737	0.09428	0.01885	0.02427	0.01544	0.05512	0.19061	0.00542	0.01272	0.00746	0.00472	0.01068
14	0.02039	0.01791	0.01634	0.01325	0.01847	0.15919	0.01029	0.02349	0.01858	0.08423	0.04680	0.04784	0.01753	0.00834	0.00663	0.00170	0.00740	0.00653	0.09448	0.38061
15	0.01069	0.00779	0.01029	0.01192	0.01310	0.00739	0.00906	0.01292	0.01656	0.02157	0.04727	0.42927	0.11999	0.02330	0.01032	0.00331	0.00546	0.22568	0.00734	0.00676
16	0.02214	0.54053	0.03711	0.05408	0.05653	0.10992	0.01486	0.04769	0.01776	0.02038	0.01184	0.01397	0.01045	0.00713	0.00574	0.00185	0.00936	0.00475	0.00368	0.01023
17	0.01054	0.00881	0.01152	0.01119	0.01362	0.00785	0.04941	0.01300	0.01777	0.02226	0.09537	0.20568	0.39531	0.02018	0.00970	0.00289	0.00512	0.08556	0.00721	0.00702
18	0.01986	0.03906	0.49213	0.02184	0.03152	0.16630	0.02528	0.06771	0.01936	0.02551	0.01412	0.01636	0.01031	0.00781	0.00748	0.00240	0.01209	0.00578	0.00381	0.01128
19	0.01970	0.35311	0.21092	0.02069	0.02891	0.06044	0.15616	0.02489	0.01719	0.02189	0.01304	0.01578	0.01055	0.00703	0.00678	0.00215	0.01072	0.00584	0.00355	0.01065
20	0.00986	0.00721	0.00927	0.01055	0.01146	0.00662	0.00723	0.01165	0.01657	0.02206	0.13889	0.54774	0.12559	0.02304	0.00992	0.00305	0.00441	0.02069	0.00756	0.00662
21	0.01677	0.01346	0.02073	0.27698	0.17351	0.01475	0.01691	0.02245	0.05897	0.06032	0.12306	0.02888	0.02396	0.00952	0.00784	0.00245	0.00785	0.00844	0.10341	0.00973
22	0.02057	0.05815	0.09988	0.18627	0.14215	0.05170	0.06361	0.04700	0.01895	0.12824	0.04418	0.06802	0.01772	0.00940	0.00799	0.00249	0.00945	0.00829	0.00524	0.01071
23	0.01428	0.01350	0.10383	0.01190	0.01570	0.00965	0.01054	0.01836	0.04801	0.10016	0.13213	0.15092	0.25489	0.06653	0.01119	0.00304	0.00582	0.01400	0.00713	0.00840
24	0.56587	0.01348	0.01112	0.00998	0.01429	0.01514	0.00810	0.02316	0.01473	0.07222	0.01550	0.01738	0.01182	0.00792	0.00523	0.00232	0.00563	0.00519	0.17231	0.00862
25	0.01802	0.01565	0.04768	0.15340	0.16928	0.01588	0.03754	0.06448	0.07359	0.06133	0.05303	0.07210	0.02271	0.01131	0.00900	0.00267	0.03422	0.07361	0.05431	0.01023
26	0.05851	0.09008	0.15028	0.01901	0.04914	0.09509	0.01721	0.16749	0.02192	0.07600	0.01754	0.02193	0.01405	0.00971	0.00947	0.00248	0.08852	0.03976	0.04089	0.01092

[dist]
# distance from previous block
# <min> <max>
0	2

[block]
# block no. 7 follows, 24 sequences, length 30
# corresponding to MSA columns:
# 723-739,767-779
name=unknown_H
#
# <colnr> <probs for GDERKNQSTAVLIFYWHMCP>
#	G	D	E	R	K	N	Q	S	T	A	V	L	I	F	Y	W	H	M	C	P
0	0.01132	0.00830	0.01033	0.01072	0.01224	0.00785	0.00776	0.04168	0.01883	0.02532	0.24124	0.32476	0.13723	0.05624	0.01128	0.00314	0.00476	0.05224	0.00768	0.00709
1	0.24589	0.02109	0.13910	0.01600	0.04630	0.09752	0.01425	0.04660	0.01725	0.02789	0.02213	0.05719	0.05653	0.01350	0.04640	0.00312	0.00905	0.06130	0.04978	0.00912
2	0.18815	0.01479	0.01605	0.01306	0.01818	0.03776	0.01061	0.10256	0.02185	0.32800	0.06920	0.02811	0.06320	0.01027	0.00736	0.00242	0.00660	0.00796	0.04269	0.01117
3	0.01478	0.00739	0.00739	0.00739	0.00924	0.00739	0.00554	0.01848	0.01663	0.02956	0.02587	0.02956	0.02033	0.00924	0.00554	0.00185	0.00370	0.00739	0.76534	0.00739
4	0.01795	0.01405	0.01660	0.01193	0.01891	0.01066	0.00957	0.02144	0.01694	0.07710	0.01545	0.01727	0.01237	0.00618	0.00604	0.00128	0.00594	0.00496	0.00510	0.71028
5	0.01133	0.00850	0.01274	0.01274	0.01416	0.00991	0.00991	0.01416	0.01274	0.01841	0.02124	0.03115	0.01982	0.05947	0.68989	0.01274	0.02124	0.00850	0.00425	0.00708
6	0.01136	0.00839	0.01221	0.01221	0.01344	0.00962	0.00924	0.01381	0.01258	0.01801	0.02173	0.03388	0.02101	0.14651	0.60447	0.01208	0.01946	0.00890	0.00432	0.00678
7	0.12285	0.01440	0.01746	0.01415	0.01951	0.01397	0.01162	0.13054	0.02311	0.41162	0.02835	0.07290	0.02116	0.01125	0.00793	0.00257	0.00689	0.04912	0.00858	0.01202
8	0.06853	0.01705	0.01614	0.01366	0.01794	0.12140	0.01080	0.12414	0.05079	0.19500	0.08518	0.02673	0.02221	0.00989	0.00723	0.00225	0.00720	0.00769	0.18570	0.01047
9	0.06137	0.01576	0.02323	0.21797	0.28536	0.05007	0.01862	0.02085	0.01720	0.02401	0.05649	0.13307	0.02162	0.01075	0.00811	0.00257	0.00870	0.00969	0.00471	0.00984
10	0.01916	0.08433	0.24798	0.02529	0.15213	0.01924	0.05773	0.02683	0.09036	0.07974	0.02027	0.02223	0.04199	0.00898	0.00924	0.00253	0.06849	0.00726	0.00477	0.01146
11	0.03066	0.02055	0.01960	0.01628	0.02160	0.17695	0.01292	0.07338	0.15012	0.35378	0.02619	0.02399	0.01792	0.00959	0.00779	0.00240	0.00859	0.00743	0.00798	0.01227
12	0.04295	0.01248	0.01371	0.01226	0.01563	0.04825	0.00959	0.09123	0.02220	0.14388	0.22410	0.10944	0.15617	0.01541	0.00885	0.00261	0.00584	0.04830	0.00799	0.00911
13	0.02107	0.01876	0.06628	0.03192	0.31303	0.01669	0.08792	0.02734	0.07280	0.11864	0.01866	0.02103	0.01421	0.00756	0.00772	0.00225	0.00878	0.00716	0.00521	0.13294
14	0.02013	0.06349	0.19735	0.01816	0.02332	0.21286	0.01722	0.02404	0.01709	0.04990	0.01593	0.02188	0.01382	0.08675	0.10916	0.00439	0.08434	0.00670	0.00414	0.00933
15	0.03088	0.01433	0.01796	0.01423	0.01969	0.01365	0.01174	0.15748	0.02471	0.44203	0.02884	0.02926	0.01996	0.01039	0.00787	0.00244	0.00684	0.04287	0.09236	0.01247
16	0.02120	0.72609	0.04155	0.01357	0.02035	0.03138	0.01357	0.02374	0.01611	0.01866	0.01102	0.01272	0.01018	0.00678	0.00509	0.00170	0.00848	0.00424	0.00339	0.01018
17	0.01035	0.00807	0.00939	0.00906	0.01131	0.00711	0.00679	0.01327	0.02038	0.02690	0.39035	0.06730	0.35519	0.01804	0.00936	0.00258	0.00387	0.01547	0.00808	0.00711
18	0.01088	0.00846	0.00995	0.00972	0.01189	0.00778	0.00723	0.01481	0.05546	0.02703	0.36116	0.12682	0.28347	0.01813	0.00936	0.00264	0.00406	0.01569	0.00807	0.00738
19	0.00966	0.00690	0.00920	0.01104	0.01150	0.00644	0.00736	0.01104	0.01518	0.02024	0.04371	0.71614	0.05245	0.02484	0.01012	0.00322	0.00460	0.02254	0.00736	0.00644
20	0.01865	0.00972	0.01275	0.01211	0.01488	0.00890	0.00913	0.02182	0.04480	0.23242	0.10901	0.33265	0.07716	0.01813	0.00926	0.00286	0.00535	0.04297	0.00832	0.00911
21	0.01644	0.01409	0.01644	0.01175	0.01879	0.01057	0.00940	0.01997	0.01644	0.02584	0.01409	0.01644	0.01175	0.00587	0.00587	0.00117	0.00587	0.00470	0.00470	0.76979
22	0.01247	0.00948	0.01274	0.01250	0.01408	0.01083	0.00940	0.01740	0.09733	0.01984	0.02332	0.03444	0.02192	0.16439	0.49097	0.01057	0.01699	0.00907	0.00484	0.00742
23	0.02053	0.01673	0.01688	0.01420	0.01833	0.07175	0.01123	0.27066	0.06298	0.03645	0.22092	0.04048	0.13917	0.01318	0.00853	0.00245	0.00681	0.01077	0.00776	0.01019
24	0.01938	0.01278	0.01431	0.01274	0.01628	0.01324	0.00980	0.12867	0.15878	0.11563	0.03774	0.15066	0.12034	0.04202	0.00951	0.00278	0.00585	0.01184	0.10769	0.00996
25	0.01427	0.00876	0.01060	0.01007	0.01273	0.00767	0.00756	0.01675	0.01934	0.13397	0.20330	0.18369	0.30460	0.01834	0.00927	0.00270	0.00452	0.01579	0.00810	0.00798
26	0.01042	0.00747	0.00873	0.00939	0.01009	0.00704	0.00597	0.01132	0.01416	0.01834	0.04279	0.29685	0.16498	0.32971	0.02325	0.00507	0.00584	0.01655	0.00624	0.00577
27	0.02852	0.03059	0.02150	0.01847	0.02341	0.45682	0.01420	0.10927	0.02361	0.08243	0.01505	0.01631	0.01166	0.00819	0.00716	0.00201	0.01183	0.00557	0.00516	0.10823
28	0.02117	0.09746	0.25040	0.02376	0.14627	0.05576	0.02041	0.05449	0.04731	0.10615	0.01703	0.01864	0.01267	0.00775	0.00725	0.00223	0.00952	0.00621	0.00485	0.09069
29	0.02396	0.04760	0.02654	0.08031	0.02820	0.04723	0.11204	0.28754	0.06545	0.06171	0.04653	0.02166	0.01607	0.00928	0.00916	0.00245	0.05456	0.00762	0.00629	0.04578

[dist]
# distance from previous block
# <min> <max>
0	2

[block]
# block no. 8 follows, 24 sequences, length 9
# corresponding to MSA columns:
# 782-790
name=unknown_I
#
# <colnr> <probs for GDERKNQSTAVLIFYWHMCP>
#	G	D	E	R	K	N	Q	S	T	A	V	L	I	F	Y	W	H	M	C	P
0	0.01607	0.01512	0.08483	0.01425	0.01857	0.01287	0.03446	0.05102	0.16990	0.07301	0.10615	0.10175	0.18849	0.01505	0.00890	0.00274	0.00639	0.06347	0.00731	0.00963
1	0.01777	0.01646	0.07868	0.45510	0.11151	0.01653	0.02083	0.02298	0.01735	0.09973	0.05339	0.02347	0.01546	0.00850	0.00797	0.00257	0.00971	0.00747	0.00459	0.00993
2	0.01771	0.10590	0.44275	0.07156	0.03454	0.06785	0.10240	0.02513	0.01727	0.02374	0.01398	0.01705	0.01035	0.00743	0.00751	0.00242	0.01170	0.00616	0.00350	0.01105
3	0.08079	0.02031	0.02133	0.07497	0.02504	0.08669	0.01459	0.27666	0.10697	0.12756	0.02012	0.02064	0.01456	0.00963	0.00906	0.00251	0.06278	0.00706	0.00690	0.01183
4	0.13075	0.01038	0.01152	0.01192	0.01388	0.01098	0.00872	0.04198	0.09655	0.02514	0.03387	0.35461	0.03714	0.10271	0.01267	0.00358	0.00584	0.07330	0.00678	0.00770
5	0.29562	0.01931	0.11083	0.02002	0.14105	0.04704	0.01479	0.02314	0.01671	0.06068	0.07113	0.06876	0.01899	0.00937	0.00688	0.00241	0.00762	0.00740	0.00519	0.05308
6	0.01275	0.00834	0.01018	0.01001	0.01225	0.00738	0.00739	0.01522	0.01911	0.09336	0.23800	0.22905	0.26917	0.01908	0.00941	0.00274	0.00437	0.01659	0.00802	0.00758
7	0.02591	0.04100	0.05957	0.08351	0.10984	0.06790	0.01674	0.27596	0.02600	0.12977	0.01891	0.02131	0.01411	0.04192	0.00980	0.00265	0.02968	0.00715	0.00636	0.01190
8	0.01045	0.00809	0.00948	0.01035	0.01180	0.00762	0.00720	0.01359	0.06570	0.02136	0.05349	0.42249	0.24565	0.06018	0.01137	0.00325	0.00471	0.01904	0.00728	0.00691

[dist]
# distance from previous block
# <min> <max>
0	2

[block]
# block no. 9 follows, 24 sequences, length 53
# corresponding to MSA columns:
# 793-820,835-859
name=unknown_J
#
# <colnr> <probs for GDERKNQSTAVLIFYWHMCP>
#	G	D	E	R	K	N	Q	S	T	A	V	L	I	F	Y	W	H	M	C	P
0	0.01998	0.09854	0.13901	0.03160	0.32672	0.01881	0.02059	0.05421	0.04493	0.07429	0.04663	0.05487	0.01759	0.00885	0.00769	0.00238	0.00887	0.00777	0.00494	0.01175
1	0.28108	0.16338	0.02394	0.01936	0.10490	0.20596	0.01396	0.02560	0.01701	0.02561	0.01184	0.01436	0.00997	0.00778	0.00709	0.00223	0.04714	0.00501	0.00417	0.00959
2	0.02916	0.02715	0.02096	0.01808	0.02293	0.34918	0.01403	0.10717	0.13804	0.16343	0.02063	0.02026	0.01508	0.00914	0.00758	0.00228	0.01062	0.00664	0.00645	0.01120
3	0.00996	0.00786	0.00875	0.00889	0.01087	0.00690	0.00640	0.01205	0.01797	0.02278	0.18550	0.16129	0.41177	0.07874	0.01207	0.00314	0.00435	0.01665	0.00742	0.00665
4	0.01115	0.00753	0.00901	0.00946	0.01075	0.00705	0.00660	0.01346	0.01722	0.02441	0.19985	0.26938	0.12944	0.09880	0.01246	0.00323	0.00450	0.01576	0.14321	0.00672
5	0.01263	0.00830	0.00901	0.00864	0.01102	0.00737	0.00634	0.01488	0.01773	0.07179	0.11323	0.06052	0.38107	0.10884	0.01271	0.00317	0.00462	0.01371	0.12729	0.00714
6	0.01054	0.00791	0.00872	0.00861	0.01010	0.00722	0.00580	0.01206	0.01627	0.02085	0.16023	0.06382	0.31609	0.29331	0.02147	0.00460	0.00540	0.01429	0.00660	0.00609
7	0.02120	0.72609	0.04155	0.01357	0.02035	0.03138	0.01357	0.02374	0.01611	0.01866	0.01102	0.01272	0.01018	0.00678	0.00509	0.00170	0.00848	0.00424	0.00339	0.01018
8	0.01590	0.04102	0.68023	0.02260	0.03432	0.01842	0.02930	0.02511	0.01674	0.02511	0.01423	0.01674	0.01005	0.00753	0.00753	0.00251	0.01172	0.00586	0.00335	0.01172
9	0.16692	0.01459	0.01768	0.01382	0.01975	0.01388	0.01141	0.08901	0.02234	0.50839	0.02662	0.02379	0.01713	0.00935	0.00743	0.00245	0.00681	0.00725	0.00878	0.01262
10	0.01757	0.01799	0.02786	0.02282	0.02410	0.02362	0.11674	0.02009	0.01319	0.02009	0.01130	0.01799	0.01067	0.01274	0.02338	0.00334	0.59665	0.00732	0.00356	0.00900
