[name]
unknown

[dist]
# distance from previous block
# <min> <max>
0	520

[block]
# block no. 0 follows, 29 sequences, length 13
# corresponding to MSA columns:
# 520-524,529-536
name=unknown_A
#
# <colnr> <probs for GDERKNQSTAVLIFYWHMCP>
#	G	D	E	R	K	N	Q	S	T	A	V	L	I	F	Y	W	H	M	C	P
0	0.01759	0.01294	0.01453	0.01276	0.01634	0.01390	0.00992	0.08315	0.34523	0.09342	0.12464	0.03332	0.02791	0.08255	0.01025	0.00276	0.00568	0.03890	0.00701	0.04719
1	0.01769	0.01035	0.01327	0.01167	0.01450	0.01039	0.00923	0.05212	0.04923	0.21915	0.20135	0.12195	0.11229	0.01372	0.00957	0.00246	0.07783	0.03736	0.00725	0.00863
2	0.01345	0.01266	0.02136	0.73264	0.04904	0.01582	0.01978	0.01819	0.01424	0.01819	0.01266	0.01898	0.00949	0.00712	0.00712	0.00237	0.00949	0.00633	0.00316	0.00791
3	0.01477	0.01266	0.01477	0.01055	0.01687	0.00949	0.00844	0.01793	0.01477	0.02320	0.01266	0.01477	0.01055	0.00527	0.00527	0.00105	0.00527	0.00422	0.00422	0.79328
4	0.01163	0.01273	0.12037	0.01129	0.01449	0.00948	0.01010	0.01744	0.10810	0.02455	0.23955	0.18453	0.10493	0.01399	0.00780	0.00236	0.00497	0.01215	0.08188	0.00766
5	0.01420	0.00819	0.01084	0.00966	0.01206	0.00743	0.00743	0.01745	0.02020	0.15706	0.57462	0.04773	0.05784	0.01347	0.00817	0.00223	0.00387	0.01180	0.00802	0.00774
6	0.10064	0.02160	0.01965	0.01592	0.02097	0.15291	0.01283	0.44098	0.08405	0.03719	0.01625	0.01655	0.01194	0.00823	0.00674	0.00211	0.00837	0.00596	0.00622	0.01089
7	0.00984	0.00727	0.00918	0.00871	0.01049	0.00662	0.00653	0.01297	0.01959	0.02721	0.61048	0.05541	0.15913	0.01506	0.00840	0.00226	0.00340	0.01319	0.00766	0.00662
8	0.01097	0.00852	0.01181	0.01138	0.01210	0.01011	0.00849	0.01264	0.01105	0.01582	0.01871	0.03169	0.01899	0.25079	0.42508	0.00897	0.11485	0.00823	0.00386	0.00596
9	0.11266	0.05393	0.01969	0.01698	0.08186	0.12894	0.01254	0.31149	0.02365	0.03279	0.01485	0.01621	0.01134	0.00758	0.00627	0.00195	0.00785	0.00557	0.07099	0.06285
10	0.01579	0.01120	0.01402	0.01191	0.01550	0.01086	0.04056	0.06422	0.14377	0.11330	0.20424	0.09269	0.13207	0.01233	0.00770	0.00223	0.00511	0.01067	0.00698	0.08485
11	0.06066	0.02370	0.11798	0.01794	0.05372	0.13595	0.01526	0.36560	0.05476	0.06199	0.01593	0.01656	0.01158	0.00796	0.00683	0.00212	0.00880	0.00593	0.00575	0.01097
12	0.18564	0.27273	0.13496	0.01388	0.01988	0.07665	0.01354	0.06372	0.08354	0.05557	0.01362	0.01458	0.01064	0.00704	0.00557	0.00197	0.00780	0.00485	0.00430	0.00951

[dist]
# distance from previous block
# <min> <max>
1	4

[block]
# block no. 1 follows, 29 sequences, length 99
# corresponding to MSA columns:
# 549-605,611-622,731-760
name=unknown_B
#
# <colnr> <probs for GDERKNQSTAVLIFYWHMCP>
#	G	D	E	R	K	N	Q	S	T	A	V	L	I	F	Y	W	H	M	C	P
0	0.01608	0.01267	0.04656	0.01288	0.03626	0.01216	0.01030	0.15598	0.09982	0.05526	0.29585	0.03780	0.03783	0.01163	0.00759	0.00224	0.00533	0.05002	0.08488	0.00885
1	0.56206	0.01612	0.03347	0.01140	0.01623	0.04960	0.00961	0.11596	0.01635	0.09410	0.01271	0.01365	0.00934	0.00712	0.00520	0.00218	0.00638	0.00459	0.00511	0.00884
2	0.02192	0.01989	0.12277	0.01742	0.04417	0.01813	0.04599	0.24725	0.24214	0.11247	0.02136	0.02082	0.01534	0.00849	0.00717	0.00226	0.00753	0.00695	0.00647	0.01146
3	0.01417	0.01069	0.01231	0.01139	0.01410	0.01112	0.00874	0.08768	0.19604	0.04927	0.24733	0.14561	0.11088	0.01417	0.00808	0.00242	0.00475	0.03555	0.00729	0.00841
4	0.01309	0.01476	0.13802	0.01221	0.01669	0.01028	0.01120	0.07499	0.01744	0.02485	0.17096	0.19920	0.05538	0.01235	0.00740	0.00211	0.00570	0.01067	0.00570	0.19699
5	0.01023	0.00749	0.00992	0.01125	0.01268	0.00718	0.00913	0.01275	0.01575	0.02040	0.06429	0.25503	0.14146	0.01997	0.00938	0.00301	0.00537	0.37180	0.00662	0.00627
6	0.01477	0.01266	0.01477	0.01055	0.01687	0.00949	0.00844	0.01793	0.01477	0.02320	0.01266	0.01477	0.01055	0.00527	0.00527	0.00105	0.00527	0.00422	0.00422	0.79328
7	0.09713	0.01431	0.01841	0.06449	0.16772	0.01516	0.01323	0.14272	0.11539	0.11080	0.12214	0.04652	0.02271	0.00930	0.00711	0.00224	0.00653	0.00785	0.00614	0.01011
8	0.01044	0.00766	0.00983	0.00922	0.01101	0.00724	0.00694	0.01460	0.05217	0.02861	0.66954	0.05192	0.06502	0.01432	0.00834	0.00225	0.00347	0.01265	0.00781	0.00694
9	0.01036	0.00690	0.00777	0.00777	0.00777	0.00690	0.00431	0.01036	0.01036	0.01381	0.02244	0.04660	0.02589	0.74975	0.03624	0.00690	0.00690	0.01036	0.00431	0.00431
10	0.02033	0.01464	0.02035	0.01604	0.02063	0.01491	0.13072	0.22680	0.08289	0.13111	0.09556	0.09941	0.04821	0.01060	0.00768	0.00230	0.00699	0.00943	0.03141	0.00998
11	0.02603	0.01522	0.01767	0.01424	0.01932	0.01590	0.01154	0.20697	0.24243	0.31280	0.02547	0.02310	0.01750	0.00902	0.00718	0.00225	0.00639	0.00725	0.00786	0.01184
12	0.01647	0.01260	0.01494	0.01076	0.01700	0.00959	0.00864	0.01960	0.01532	0.09149	0.01419	0.01571	0.01125	0.00563	0.00546	0.00117	0.00535	0.00451	0.00468	0.71564
13	0.00858	0.00657	0.00788	0.00892	0.01007	0.00587	0.00617	0.01003	0.01459	0.01857	0.05138	0.49559	0.28878	0.02073	0.00884	0.00271	0.00394	0.01832	0.00661	0.00587
14	0.01345	0.01266	0.02136	0.73264	0.04904	0.01582	0.01978	0.01819	0.01424	0.01819	0.01266	0.01898	0.00949	0.00712	0.00712	0.00237	0.00949	0.00633	0.00316	0.00791
15	0.01861	0.01606	0.01756	0.01443	0.01812	0.07926	0.01153	0.17312	0.01878	0.04736	0.01688	0.11423	0.01568	0.01025	0.01045	0.00213	0.17069	0.00747	0.00507	0.23233
16	0.01904	0.75404	0.03731	0.01218	0.01828	0.02818	0.01218	0.02132	0.01447	0.01675	0.00990	0.01142	0.00914	0.00609	0.00457	0.00152	0.00761	0.00381	0.00305	0.00914
17	0.00868	0.00620	0.00826	0.00991	0.01033	0.00578	0.00661	0.00991	0.01363	0.01818	0.03925	0.74510	0.04710	0.02231	0.00909	0.00289	0.00413	0.02024	0.00661	0.00578
18	0.01178	0.00770	0.00980	0.00903	0.01116	0.00695	0.00686	0.01486	0.01959	0.08814	0.54656	0.05291	0.15838	0.01457	0.00829	0.00226	0.00364	0.01269	0.00774	0.00710
19	0.01638	0.01564	0.06523	0.35369	0.06845	0.01688	0.09766	0.02061	0.01461	0.08781	0.01376	0.01853	0.01048	0.00820	0.01061	0.00249	0.15978	0.00658	0.00378	0.00882
20	0.01489	0.01211	0.07414	0.01195	0.01483	0.01088	0.00999	0.10421	0.01561	0.08933	0.02290	0.03145	0.05677	0.19199	0.29928	0.00695	0.01194	0.00824	0.00495	0.00759
21	0.01276	0.00847	0.01056	0.00963	0.01198	0.00800	0.00736	0.01739	0.07991	0.09542	0.50679	0.04958	0.12650	0.01392	0.00817	0.00227	0.00386	0.01211	0.00775	0.00759
22	0.01325	0.01120	0.01508	0.01352	0.01363	0.01437	0.01037	0.01395	0.01072	0.01586	0.01475	0.02708	0.01565	0.25238	0.06062	0.08317	0.37234	0.00763	0.02832	0.00610
23	0.01718	0.01470	0.01732	0.08796	0.08144	0.01675	0.01256	0.07057	0.46485	0.02753	0.02469	0.02625	0.01939	0.07526	0.00980	0.00277	0.00651	0.00784	0.00624	0.01037
24	0.02381	0.02764	0.01831	0.01673	0.02017	0.52015	0.01278	0.09069	0.02060	0.02097	0.01591	0.05447	0.01453	0.00931	0.00685	0.00204	0.01092	0.06401	0.04182	0.00829
25	0.01256	0.00907	0.01188	0.01269	0.01463	0.00917	0.01071	0.08031	0.01802	0.02369	0.07574	0.14144	0.05992	0.01849	0.00936	0.00304	0.00616	0.46940	0.00670	0.00702
26	0.06266	0.01714	0.01889	0.01487	0.02000	0.01843	0.01214	0.48448	0.02855	0.15078	0.02054	0.08314	0.01594	0.00973	0.00718	0.00222	0.00710	0.00765	0.00723	0.01134
27	0.01937	0.01874	0.02737	0.03872	0.57629	0.08044	0.02030	0.08801	0.01828	0.02489	0.01355	0.01714	0.01117	0.00665	0.00700	0.00209	0.00879	0.00619	0.00390	0.01109
28	0.02665	0.03255	0.02030	0.01815	0.02202	0.65169	0.01374	0.09335	0.02150	0.02016	0.01161	0.01326	0.00946	0.00746	0.00649	0.00186	0.01234	0.00477	0.00401	0.00864
29	0.01872	0.01541	0.02368	0.21941	0.29729	0.01647	0.03514	0.10904	0.05991	0.08646	0.01775	0.02064	0.03296	0.00761	0.00718	0.00223	0.00821	0.00684	0.00470	0.01035
30	0.01345	0.01266	0.02136	0.73264	0.04904	0.01582	0.01978	0.01819	0.01424	0.01819	0.01266	0.01898	0.00949	0.00712	0.00712	0.00237	0.00949	0.00633	0.00316	0.00791
31	0.01659	0.01855	0.03838	0.02798	0.03388	0.01869	0.56001	0.02179	0.01574	0.02179	0.01350	0.01855	0.01054	0.00716	0.01110	0.00253	0.14241	0.00801	0.00351	0.00928
32	0.02223	0.01242	0.01553	0.01147	0.01744	0.00992	0.00932	0.02522	0.01721	0.32186	0.01937	0.01888	0.01362	0.00681	0.00609	0.00155	0.00561	0.00550	0.00622	0.45372
33	0.01017	0.00763	0.01144	0.01144	0.01272	0.00890	0.00890	0.01272	0.01144	0.01653	0.01907	0.02797	0.01780	0.05340	0.72153	0.01144	0.01907	0.00763	0.00381	0.00636
34	0.27910	0.01265	0.01458	0.01161	0.01676	0.01224	0.00958	0.03027	0.01772	0.49200	0.02224	0.02016	0.01444	0.00810	0.00627	0.00220	0.00588	0.00610	0.00740	0.01070
35	0.00994	0.00727	0.00933	0.00881	0.01055	0.00666	0.00661	0.01317	0.01983	0.02779	0.64979	0.05445	0.11945	0.01484	0.00840	0.00225	0.00338	0.01305	0.00774	0.00666
36	0.02528	0.01792	0.02265	0.02317	0.20555	0.01890	0.01530	0.40396	0.02681	0.14181	0.01780	0.01834	0.01274	0.00800	0.00711	0.00214	0.00773	0.00651	0.00641	0.01189
37	0.01694	0.01480	0.01824	0.06410	0.15603	0.04760	0.01289	0.11784	0.11361	0.02583	0.02047	0.14893	0.01895	0.00987	0.00703	0.00207	0.00675	0.00854	0.00527	0.18425
38	0.20568	0.01722	0.03654	0.01769	0.11419	0.14131	0.01260	0.08572	0.01740	0.02550	0.02016	0.10225	0.01987	0.01121	0.00709	0.00241	0.00770	0.14201	0.00505	0.00840
39	0.03044	0.01454	0.01802	0.01382	0.01939	0.01406	0.01142	0.23487	0.02443	0.50437	0.02469	0.02203	0.01592	0.00873	0.00715	0.00218	0.00661	0.00693	0.00829	0.01212
40	0.80005	0.01377	0.01047	0.00936	0.01377	0.01597	0.00771	0.02093	0.01212	0.03195	0.00991	0.01157	0.00771	0.00661	0.00441	0.00220	0.00551	0.00386	0.00441	0.00771
41	0.01127	0.00923	0.01378	0.08403	0.01702	0.01135	0.01079	0.01381	0.01161	0.01670	0.01716	0.02589	0.01603	0.06417	0.53103	0.00923	0.11919	0.00739	0.00367	0.00665
42	0.08745	0.02197	0.15785	0.02506	0.03246	0.01797	0.43566	0.08807	0.01773	0.02577	0.01398	0.01756	0.01034	0.00645	0.00762	0.00233	0.01074	0.00723	0.00392	0.00985
43	0.01834	0.01580	0.01743	0.01527	0.01890	0.01873	0.01210	0.09889	0.53064	0.02950	0.02503	0.02407	0.01903	0.00995	0.00951	0.00249	0.10919	0.00763	0.00665	0.01086
44	0.02750	0.01924	0.02094	0.01605	0.02173	0.02104	0.01326	0.62371	0.03231	0.10441	0.01808	0.01773	0.01260	0.00857	0.00713	0.00214	0.00768	0.00648	0.00727	0.01211
45	0.03195	0.01212	0.01652	0.01267	0.01818	0.01047	0.01047	0.03470	0.02038	0.71026	0.02809	0.02424	0.01763	0.00881	0.00716	0.00220	0.00606	0.00716	0.00881	0.01212
46	0.01657	0.02357	0.33446	0.20500	0.03169	0.01546	0.02038	0.02227	0.01548	0.12198	0.04749	0.01928	0.01320	0.00804	0.00848	0.00235	0.07423	0.00627	0.00414	0.00965
47	0.02623	0.01953	0.02090	0.01621	0.02176	0.02169	0.01333	0.62399	0.09244	0.04353	0.01816	0.01794	0.01297	0.00865	0.00713	0.00216	0.00764	0.00656	0.00713	0.01203
48	0.01237	0.00618	0.00928	0.00928	0.00928	0.00618	0.00618	0.00928	0.00928	0.01237	0.01237	0.02165	0.01237	0.02474	0.02783	0.79283	0.00618	0.00618	0.00309	0.00309
49	0.80005	0.01377	0.01047	0.00936	0.01377	0.01597	0.00771	0.02093	0.01212	0.03195	0.00991	0.01157	0.00771	0.00661	0.00441	0.00220	0.00551	0.00386	0.00441	0.00771
50	0.01771	0.01530	0.01610	0.01449	0.01852	0.01771	0.01127	0.03784	0.69247	0.02979	0.02898	0.02657	0.02174	0.00966	0.00725	0.00242	0.00564	0.00805	0.00725	0.01127
51	0.80005	0.01377	0.01047	0.00936	0.01377	0.01597	0.00771	0.02093	0.01212	0.03195	0.00991	0.01157	0.00771	0.00661	0.00441	0.00220	0.00551	0.00386	0.00441	0.00771
52	0.01345	0.01266	0.02136	0.73264	0.04904	0.01582	0.01978	0.01819	0.01424	0.01819	0.01266	0.01898	0.00949	0.00712	0.00712	0.00237	0.00949	0.00633	0.00316	0.00791
53	0.03195	0.01212	0.01652	0.01267	0.01818	0.01047	0.01047	0.03470	0.02038	0.71026	0.02809	0.02424	0.01763	0.00881	0.00716	0.00220	0.00606	0.00716	0.00881	0.01212
54	0.01012	0.00729	0.00966	0.00968	0.01121	0.00683	0.00740	0.01323	0.01885	0.02630	0.52794	0.13669	0.06103	0.01620	0.00869	0.00247	0.00392	0.10840	0.00751	0.00659
55	0.02948	0.01608	0.01898	0.01455	0.02015	0.01634	0.01202	0.36192	0.02701	0.37369	0.02253	0.02062	0.01484	0.00868	0.00714	0.00217	0.00696	0.00678	0.00796	0.01211
56	0.01345	0.01266	0.02136	0.73264	0.04904	0.01582	0.01978	0.01819	0.01424	0.01819	0.01266	0.01898	0.00949	0.00712	0.00712	0.00237	0.00949	0.00633	0.00316	0.00791
57	0.00997	0.00816	0.00891	0.00856	0.01094	0.00756	0.00647	0.01434	0.09510	0.02319	0.25217	0.05920	0.43751	0.01605	0.00828	0.00236	0.00377	0.01359	0.00705	0.00682
58	0.01477	0.01266	0.01477	0.01055	0.01687	0.00949	0.00844	0.01793	0.01477	0.02320	0.01266	0.01477	0.01055	0.00527	0.00527	0.00105	0.00527	0.00422	0.00422	0.79328
59	0.01345	0.01266	0.02136	0.73264	0.04904	0.01582	0.01978	0.01819	0.01424	0.01819	0.01266	0.01898	0.00949	0.00712	0.00712	0.00237	0.00949	0.00633	0.00316	0.00791
60	0.01008	0.00728	0.00952	0.00896	0.01064	0.00672	0.00672	0.01344	0.02016	0.02855	0.70158	0.05319	0.06719	0.01456	0.00840	0.00224	0.00336	0.01288	0.00784	0.00672
61	0.01758	0.01537	0.02114	0.02374	0.26637	0.01454	0.01434	0.11311	0.01775	0.02600	0.01339	0.01617	0.01098	0.00647	0.00704	0.00169	0.04162	0.00539	0.00433	0.36300
62	0.69148	0.01354	0.01132	0.00983	0.01439	0.01520	0.00810	0.02288	0.01329	0.12782	0.01248	0.01336	0.00911	0.00692	0.00480	0.00220	0.00559	0.00432	0.00503	0.00833
63	0.69079	0.01464	0.01201	0.01036	0.01495	0.01684	0.00853	0.11431	0.01514	0.03378	0.01093	0.01235	0.00833	0.00688	0.00479	0.00219	0.00584	0.00422	0.00479	0.00833
64	0.80005	0.01377	0.01047	0.00936	0.01377	0.01597	0.00771	0.02093	0.01212	0.03195	0.00991	0.01157	0.00771	0.00661	0.00441	0.00220	0.00551	0.00386	0.00441	0.00771
65	0.01864	0.01576	0.01662	0.01468	0.01887	0.01815	0.01150	0.10182	0.62697	0.03129	0.02780	0.02563	0.02078	0.00955	0.00723	0.00239	0.00585	0.00789	0.00723	0.01135
66	0.01710	0.01606	0.02173	0.05202	0.02060	0.02157	0.01549	0.11110	0.01425	0.02111	0.01060	0.01595	0.00974	0.01166	0.02031	0.00294	0.59942	0.00626	0.00368	0.00841
67	0.01345	0.01266	0.02136	0.73264	0.04904	0.01582	0.01978	0.01819	0.01424	0.01819	0.01266	0.01898	0.00949	0.00712	0.00712	0.00237	0.00949	0.00633	0.00316	0.00791
68	0.02783	0.01427	0.01710	0.01336	0.01848	0.01420	0.01096	0.24332	0.05578	0.39395	0.02408	0.02225	0.01609	0.00872	0.00694	0.00214	0.00634	0.00691	0.08576	0.01153
69	0.80005	0.01377	0.01047	0.00936	0.01377	0.01597	0.00771	0.02093	0.01212	0.03195	0.00991	0.01157	0.00771	0.00661	0.00441	0.00220	0.00551	0.00386	0.00441	0.00771
70	0.01681	0.01921	0.04202	0.03001	0.03721	0.01801	0.67947	0.02281	0.01681	0.02281	0.01441	0.01921	0.01080	0.00600	0.00840	0.00240	0.01200	0.00840	0.00360	0.00960
71	0.38960	0.01289	0.01370	0.01113	0.01613	0.01303	0.00918	0.02829	0.01653	0.39442	0.01963	0.01834	0.01301	0.00779	0.00588	0.00220	0.00580	0.00562	0.00676	0.01007
72	0.03195	0.01212	0.01652	0.01267	0.01818	0.01047	0.01047	0.03470	0.02038	0.71026	0.02809	0.02424	0.01763	0.00881	0.00716	0.00220	0.00606	0.00716	0.00881	0.01212
73	0.01106	0.00845	0.00969	0.00960	0.01023	0.04164	0.00642	0.01207	0.01122	0.01496	0.02068	0.03826	0.02217	0.46287	0.28235	0.00830	0.01158	0.00910	0.00410	0.00524
74	0.56237	0.01326	0.01234	0.01039	0.01513	0.01427	0.00856	0.02519	0.01467	0.24185	0.01554	0.01549	0.01078	0.00729	0.00526	0.00220	0.00568	0.00488	0.00577	0.00908
75	0.02660	0.03394	0.02018	0.01834	0.02201	0.72116	0.01376	0.02843	0.02018	0.01743	0.01101	0.01284	0.00917	0.00734	0.00642	0.00183	0.01284	0.00459	0.00367	0.00825
76	0.01113	0.00780	0.01033	0.01146	0.01259	0.00780	0.00926	0.01339	0.01452	0.01899	0.03298	0.06989	0.03631	0.24559	0.01801	0.00440	0.00666	0.45718	0.00586	0.00586
77	0.01327	0.00664	0.00664	0.00664	0.00830	0.00664	0.00498	0.01659	0.01493	0.02655	0.02323	0.02655	0.01825	0.00830	0.00498	0.00166	0.00332	0.00664	0.78928	0.00664
78	0.01370	0.01291	0.02181	0.69132	0.08840	0.01589	0.01990	0.01841	0.01436	0.01850	0.01270	0.01890	0.00960	0.00707	0.00711	0.00236	0.00943	0.00633	0.00319	0.00811
79	0.52894	0.01362	0.01370	0.01330	0.07680	0.01462	0.00970	0.02462	0.01465	0.20876	0.01499	0.01543	0.01063	0.00716	0.00536	0.00220	0.00592	0.00494	0.00548	0.00918
80	0.80005	0.01377	0.01047	0.00936	0.01377	0.01597	0.00771	0.02093	0.01212	0.03195	0.00991	0.01157	0.00771	0.00661	0.00441	0.00220	0.00551	0.00386	0.00441	0.00771
81	0.68917	0.01403	0.01207	0.01068	0.01447	0.01680	0.00882	0.02040	0.01195	0.02985	0.00983	0.01213	0.00794	0.00744	0.00709	0.00233	0.10886	0.00419	0.00422	0.00772
82	0.01120	0.00800	0.01116	0.01280	0.01431	0.00796	0.01099	0.01427	0.01612	0.02100	0.03786	0.14639	0.04159	0.01993	0.00976	0.00324	0.00632	0.59408	0.00656	0.00648
83	0.01033	0.00702	0.00837	0.00837	0.00858	0.00723	0.00507	0.01074	0.01053	0.01425	0.02188	0.04354	0.02456	0.63545	0.14873	0.00765	0.00890	0.00991	0.00423	0.00465
84	0.10637	0.01885	0.01739	0.01423	0.01916	0.19949	0.01138	0.09956	0.02088	0.39048	0.02063	0.01923	0.01383	0.00818	0.00669	0.00210	0.00798	0.00608	0.00684	0.01066
85	0.01477	0.01266	0.01477	0.01055	0.01687	0.00949	0.00844	0.01793	0.01477	0.02320	0.01266	0.01477	0.01055	0.00527	0.00527	0.00105	0.00527	0.00422	0.00422	0.79328
86	0.02057	0.02129	0.01741	0.01573	0.01964	0.24406	0.01207	0.03481	0.47615	0.02581	0.02320	0.02215	0.01769	0.00891	0.00698	0.00223	0.00795	0.00694	0.00609	0.01030
87	0.01636	0.01563	0.02662	0.25229	0.50663	0.01659	0.02122	0.02075	0.01562	0.02173	0.01317	0.01804	0.01074	0.00658	0.00707	0.00219	0.00877	0.00634	0.00342	0.01026
88	0.01403	0.01173	0.01277	0.01172	0.01484	0.01271	0.00902	0.02644	0.39361	0.02756	0.21400	0.04113	0.15620	0.01246	0.00776	0.00237	0.00467	0.01058	0.00729	0.00912
89	0.01206	0.00639	0.00958	0.00958	0.00976	0.00657	0.00657	0.00976	0.00958	0.01296	0.01332	0.02254	0.01314	0.02879	0.12588	0.68238	0.00801	0.00639	0.00319	0.00355
90	0.01345	0.01266	0.02136	0.73264	0.04904	0.01582	0.01978	0.01819	0.01424	0.01819	0.01266	0.01898	0.00949	0.00712	0.00712	0.00237	0.00949	0.00633	0.00316	0.00791
91	0.01389	0.01314	0.02205	0.64626	0.10671	0.01613	0.01982	0.01848	0.01430	0.01861	0.01261	0.01874	0.00965	0.00723	0.00768	0.00238	0.03460	0.00633	0.00319	0.00821
92	0.01208	0.00629	0.00906	0.00906	0.00906	0.00629	0.00592	0.00943	0.00943	0.01257	0.01379	0.02517	0.01428	0.12721	0.02902	0.68174	0.00629	0.00677	0.00326	0.00326
93	0.15670	0.01434	0.01775	0.01544	0.01676	0.01889	0.01272	0.01962	0.07250	0.02187	0.01259	0.01693	0.01105	0.01074	0.01669	0.00274	0.46685	0.00601	0.08185	0.00797
94	0.01480	0.01338	0.02136	0.66145	0.04636	0.01644	0.01916	0.08413	0.01615	0.02085	0.01310	0.01880	0.00975	0.00726	0.00712	0.00235	0.00933	0.00634	0.00356	0.00833
95	0.01837	0.01702	0.02780	0.07346	0.60649	0.01738	0.02093	0.08725	0.01784	0.02517	0.01373	0.01764	0.01128	0.00660	0.00706	0.00213	0.00845	0.00635	0.00387	0.01120
96	0.01223	0.00947	0.01088	0.01002	0.01250	0.00940	0.00764	0.08191	0.10475	0.02741	0.35373	0.09143	0.21176	0.01467	0.00817	0.00233	0.00420	0.01260	0.00732	0.00760
97	0.02665	0.03255	0.02030	0.01815	0.02202	0.65169	0.01374	0.09335	0.02150	0.02016	0.01161	0.01326	0.00946	0.00746	0.00649	0.00186	0.01234	0.00477	0.00401	0.00864
98	0.01196	0.00904	0.01079	0.01095	0.01266	0.00922	0.00791	0.08110	0.11255	0.02390	0.12542	0.44708	0.07360	0.01792	0.00851	0.00264	0.00458	0.01592	0.00691	0.00732

[dist]
# distance from previous block
# <min> <max>
0	1

[block]
# block no. 2 follows, 29 sequences, length 58
# corresponding to MSA columns:
# 771-779,791-839
name=unknown_C
#
# <colnr> <probs for GDERKNQSTAVLIFYWHMCP>
#	G	D	E	R	K	N	Q	S	T	A	V	L	I	F	Y	W	H	M	C	P
0	0.01865	0.01716	0.02301	0.02936	0.36187	0.04572	0.01681	0.07230	0.28406	0.02704	0.01969	0.02092	0.01537	0.00784	0.00711	0.00222	0.00748	0.00695	0.00524	0.01121
1	0.01541	0.02966	0.46961	0.02141	0.03018	0.01650	0.15803	0.06578	0.01674	0.02398	0.01552	0.02159	0.01232	0.00783	0.00739	0.00236	0.01031	0.06157	0.00371	0.01010
2	0.01647	0.01574	0.02682	0.23362	0.52442	0.01662	0.02128	0.02084	0.01567	0.02187	0.01319	0.01800	0.01079	0.00656	0.00707	0.00219	0.00874	0.00634	0.00343	0.01035
3	0.01345	0.01266	0.02136	0.73264	0.04904	0.01582	0.01978	0.01819	0.01424	0.01819	0.01266	0.01898	0.00949	0.00712	0.00712	0.00237	0.00949	0.00633	0.00316	0.00791
4	0.01344	0.01276	0.01973	0.01699	0.01816	0.01587	0.09464	0.01560	0.01220	0.01783	0.01736	0.15029	0.01822	0.04225	0.13512	0.00448	0.37442	0.00938	0.00396	0.00731
5	0.02974	0.01163	0.01582	0.01229	0.01742	0.01009	0.01009	0.03255	0.02036	0.64141	0.09611	0.02716	0.02263	0.00939	0.00729	0.00221	0.00579	0.00774	0.00871	0.01157
6	0.00947	0.00691	0.00890	0.00913	0.01045	0.00635	0.00657	0.01198	0.01764	0.02429	0.42608	0.28553	0.11535	0.01745	0.00863	0.00247	0.00364	0.01552	0.00732	0.00635
7	0.02849	0.01178	0.01524	0.01194	0.01682	0.01068	0.00978	0.07914	0.02044	0.54807	0.02648	0.02410	0.01733	0.00871	0.00680	0.00211	0.00573	0.00702	0.13813	0.01121
8	0.02607	0.01612	0.01845	0.01437	0.01947	0.01687	0.01178	0.41663	0.02814	0.22155	0.11331	0.02393	0.02110	0.00944	0.00731	0.00217	0.00675	0.00749	0.00768	0.01138
9	0.02890	0.01342	0.01668	0.01294	0.01811	0.01284	0.01064	0.18662	0.02294	0.48307	0.02499	0.02277	0.01638	0.00870	0.00693	0.00213	0.00620	0.00693	0.08724	0.01156
10	0.00900	0.00707	0.00814	0.00823	0.01007	0.00621	0.00603	0.01122	0.01709	0.02212	0.27298	0.17376	0.38754	0.01759	0.00852	0.00243	0.00361	0.01517	0.00701	0.00621
11	0.03012	0.01274	0.01723	0.01341	0.01837	0.01202	0.01109	0.05544	0.01988	0.61710	0.02582	0.02311	0.01660	0.00917	0.00880	0.00229	0.07992	0.00704	0.00818	0.01168
12	0.03115	0.01340	0.01732	0.01328	0.01882	0.01237	0.01097	0.14054	0.02252	0.60140	0.02629	0.02307	0.01672	0.00877	0.00715	0.00219	0.00635	0.00704	0.00854	0.01212
13	0.02143	0.01646	0.01769	0.01493	0.01955	0.01853	0.01189	0.22864	0.45223	0.07953	0.02540	0.02360	0.01861	0.00927	0.00720	0.00232	0.00632	0.00750	0.00731	0.01158
14	0.42296	0.01327	0.01363	0.01113	0.01609	0.01373	0.00918	0.05312	0.01669	0.33863	0.01840	0.01750	0.01236	0.00768	0.00576	0.00220	0.00585	0.00545	0.00650	0.00987
15	0.01067	0.00739	0.00903	0.00888	0.01052	0.00697	0.00654	0.03499	0.01823	0.02593	0.39435	0.18054	0.11677	0.01526	0.00800	0.00229	0.00367	0.01337	0.11996	0.00664
16	0.01511	0.01161	0.01369	0.01091	0.01556	0.01017	0.00858	0.02111	0.12898	0.07021	0.20154	0.02766	0.02809	0.00873	0.00656	0.00167	0.00487	0.00737	0.00599	0.40160
17	0.10240	0.01470	0.01671	0.01269	0.01841	0.01401	0.01039	0.21227	0.02141	0.22277	0.01797	0.01776	0.01269	0.00733	0.00624	0.00180	0.00625	0.00563	0.00635	0.27221
18	0.00872	0.00643	0.00817	0.00942	0.01023	0.00588	0.00642	0.01018	0.01446	0.01899	0.08555	0.59213	0.15508	0.02113	0.00894	0.00277	0.00400	0.01894	0.00669	0.00588
19	0.01001	0.00722	0.00945	0.00901	0.01062	0.00667	0.00671	0.01326	0.01982	0.02802	0.66746	0.08883	0.06615	0.01496	0.00843	0.00227	0.00340	0.01326	0.00778	0.00667
20	0.01217	0.00798	0.01104	0.01232	0.01393	0.00777	0.01025	0.01493	0.01600	0.06639	0.03743	0.23518	0.04089	0.01958	0.00948	0.00311	0.00595	0.46215	0.00672	0.00674
21	0.03066	0.01419	0.01781	0.01365	0.01921	0.01354	0.01128	0.20605	0.02385	0.53401	0.02518	0.02234	0.01617	0.00874	0.00715	0.00219	0.00653	0.00696	0.00837	0.01212
22	0.01345	0.01266	0.02136	0.73264	0.04904	0.01582	0.01978	0.01819	0.01424	0.01819	0.01266	0.01898	0.00949	0.00712	0.00712	0.00237	0.00949	0.00633	0.00316	0.00791
23	0.80005	0.01377	0.01047	0.00936	0.01377	0.01597	0.00771	0.02093	0.01212	0.03195	0.00991	0.01157	0.00771	0.00661	0.00441	0.00220	0.00551	0.00386	0.00441	0.00771
24	0.01558	0.01558	0.02181	0.01869	0.01869	0.02181	0.01558	0.01714	0.01091	0.01714	0.00935	0.01558	0.00935	0.01246	0.02337	0.00312	0.73672	0.00623	0.00312	0.00779
25	0.01387	0.01308	0.02211	0.66356	0.11485	0.01593	0.01998	0.01856	0.01444	0.01870	0.01273	0.01885	0.00967	0.00704	0.00711	0.00235	0.00939	0.00633	0.00320	0.00825
26	0.00893	0.00723	0.00792	0.00775	0.00993	0.00623	0.00581	0.01121	0.01744	0.02211	0.26645	0.06379	0.50633	0.01696	0.00841	0.00235	0.00353	0.01436	0.00699	0.00623
27	0.01843	0.13919	0.42409	0.01824	0.02658	0.09521	0.02076	0.13231	0.01856	0.02485	0.01288	0.01461	0.00957	0.00702	0.00646	0.00208	0.00990	0.00517	0.00377	0.01034
28	0.04851	0.02663	0.14839	0.05492	0.02528	0.27807	0.05927	0.13873	0.02075	0.11084	0.01479	0.01609	0.01078	0.00750	0.00680	0.00209	0.01025	0.00566	0.00478	0.00987
29	0.00942	0.00698	0.00878	0.00891	0.01038	0.00635	0.00646	0.01194	0.01775	0.02418	0.41662	0.23869	0.17284	0.01721	0.00858	0.00244	0.00361	0.01520	0.00730	0.00635
30	0.01662	0.01328	0.01893	0.12778	0.14289	0.01195	0.03113	0.02018	0.01552	0.09163	0.01542	0.04531	0.01265	0.00678	0.00629	0.00167	0.00670	0.00595	0.00448	0.40484
31	0.01428	0.03683	0.71286	0.02030	0.03082	0.01654	0.02631	0.02255	0.01503	0.02255	0.01278	0.01503	0.00902	0.00677	0.00677	0.00226	0.01052	0.00526	0.00301	0.01052
32	0.00912	0.00654	0.00866	0.00961	0.01043	0.00608	0.00664	0.01104	0.01572	0.02149	0.25080	0.52410	0.05351	0.01983	0.00887	0.00268	0.00388	0.01789	0.00700	0.00608
33	0.01477	0.01266	0.01477	0.01055	0.01687	0.00949	0.00844	0.01793	0.01477	0.02320	0.01266	0.01477	0.01055	0.00527	0.00527	0.00105	0.00527	0.00422	0.00422	0.79328
34	0.00900	0.00655	0.00855	0.01004	0.01080	0.00611	0.00709	0.01054	0.01424	0.01867	0.04238	0.59454	0.11253	0.02155	0.00911	0.00289	0.00438	0.09853	0.00660	0.00590
35	0.01008	0.00728	0.00952	0.00896	0.01064	0.00672	0.00672	0.01344	0.02016	0.02855	0.70158	0.05319	0.06719	0.01456	0.00840	0.00224	0.00336	0.01288	0.00784	0.00672
36	0.01101	0.00737	0.00955	0.00923	0.01096	0.00672	0.00683	0.01384	0.01873	0.06642	0.49974	0.17703	0.10380	0.01585	0.00845	0.00237	0.00367	0.01401	0.00759	0.00682
37	0.02276	0.21388	0.14556	0.01597	0.02261	0.02270	0.01540	0.39539	0.02533	0.03368	0.01447	0.01526	0.01080	0.00760	0.00640	0.00200	0.00824	0.00553	0.00535	0.01106
38	0.01979	0.49906	0.10474	0.01526	0.02152	0.12723	0.05832	0.04639	0.01620	0.01887	0.01092	0.01273	0.00935	0.00643	0.00541	0.00173	0.00898	0.00447	0.00332	0.00929
39	0.02143	0.17569	0.07376	0.06711	0.09554	0.02016	0.08219	0.20687	0.06679	0.09819	0.01625	0.01751	0.01209	0.00742	0.00669	0.00208	0.00824	0.00615	0.00516	0.01069
40	0.01092	0.00763	0.00919	0.00918	0.01133	0.00682	0.00715	0.01338	0.01734	0.06786	0.22389	0.11672	0.33564	0.01712	0.00861	0.00253	0.00422	0.11674	0.00707	0.00667
41	0.01442	0.03225	0.56219	0.02142	0.03085	0.01623	0.13666	0.02194	0.01526	0.02237	0.01442	0.05335	0.01129	0.00744	0.00716	0.00231	0.01045	0.00657	0.00329	0.01012
42	0.02118	0.02034	0.02633	0.02214	0.07826	0.11653	0.20046	0.20245	0.18197	0.02963	0.01803	0.01939	0.01356	0.00776	0.00741	0.00223	0.00923	0.00710	0.00541	0.01061
43	0.00918	0.00692	0.00831	0.00901	0.01030	0.00631	0.00647	0.01090	0.01512	0.01947	0.11717	0.31207	0.26482	0.09329	0.01161	0.00310	0.00439	0.07918	0.00650	0.00588
44	0.02073	0.02146	0.04878	0.14010	0.09428	0.18767	0.05492	0.15204	0.15832	0.02641	0.01662	0.01842	0.01265	0.00781	0.00703	0.00218	0.00928	0.00636	0.00493	0.01001
45	0.01762	0.01692	0.02890	0.04371	0.70533	0.01692	0.02185	0.02185	0.01621	0.02326	0.01339	0.01762	0.01128	0.00634	0.00705	0.00211	0.00846	0.00634	0.00352	0.01128
46	0.01771	0.01530	0.01610	0.01449	0.01852	0.01771	0.01127	0.03784	0.69247	0.02979	0.02898	0.02657	0.02174	0.00966	0.00725	0.00242	0.00564	0.00805	0.00725	0.01127
47	0.01766	0.01659	0.02542	0.25453	0.40246	0.04526	0.02002	0.08958	0.01755	0.02370	0.01345	0.01780	0.01072	0.00685	0.00705	0.00219	0.00889	0.00628	0.00379	0.01019
48	0.01765	0.33364	0.33036	0.01608	0.02393	0.02149	0.01830	0.04986	0.06175	0.04630	0.01340	0.01472	0.01037	0.00683	0.00591	0.00195	0.00871	0.00496	0.00368	0.01012
49	0.16062	0.01240	0.01551	0.01212	0.01744	0.01139	0.01000	0.03240	0.01900	0.59663	0.02505	0.02211	0.01597	0.00844	0.00670	0.00220	0.00597	0.00661	0.00808	0.01138
50	0.01076	0.00763	0.01029	0.01096	0.03801	0.00728	0.00770	0.01333	0.01683	0.04622	0.32878	0.21134	0.09607	0.04380	0.08146	0.00353	0.00571	0.04688	0.00675	0.00669
51	0.01871	0.02035	0.17103	0.02983	0.34190	0.01601	0.05364	0.08922	0.01800	0.09583	0.01693	0.06618	0.01390	0.00796	0.00721	0.00222	0.00848	0.00724	0.00453	0.01084
52	0.01165	0.00731	0.00909	0.00944	0.01054	0.00688	0.00654	0.01292	0.01385	0.07988	0.05465	0.28315	0.10521	0.26977	0.01822	0.00418	0.00542	0.07927	0.00605	0.00598
53	0.00892	0.00630	0.00819	0.00961	0.00996	0.00594	0.00628	0.00998	0.01316	0.01755	0.03683	0.64455	0.04404	0.12703	0.01300	0.00347	0.00453	0.01882	0.00628	0.00557
54	0.01635	0.02315	0.18931	0.09454	0.11682	0.14268	0.13796	0.02109	0.01656	0.02077	0.02267	0.02500	0.12472	0.00858	0.00735	0.00222	0.00969	0.00758	0.00392	0.00903
55	0.02050	0.01754	0.02099	0.04796	0.09262	0.06588	0.05792	0.20094	0.22742	0.05633	0.02066	0.05765	0.01642	0.00931	0.00830	0.00233	0.05306	0.00764	0.00595	0.01058
56	0.00911	0.00667	0.00825	0.00926	0.01013	0.00619	0.00638	0.01049	0.01409	0.01833	0.06628	0.44230	0.17318	0.12574	0.01289	0.00338	0.00456	0.06077	0.00632	0.00570
57	0.80005	0.01377	0.01047	0.00936	0.01377	0.01597	0.00771	0.02093	0.01212	0.03195	0.00991	0.01157	0.00771	0.00661	0.00441	0.00220	0.00551	0.00386	0.00441	0.00771

[dist]
# distance from previous block
# <min> <max>
0	3

[block]
# block no. 3 follows, 29 sequences, length 11
# corresponding to MSA columns:
# 843-853
name=unknown_D
#
# <colnr> <probs for GDERKNQSTAVLIFYWHMCP>
#	G	D	E	R	K	N	Q	S	T	A	V	L	I	F	Y	W	H	M	C	P
0	0.00980	0.00633	0.00787	0.00906	0.00973	0.00604	0.00612	0.01144	0.01375	0.01983	0.03474	0.54598	0.03947	0.05813	0.00962	0.00283	0.00410	0.01665	0.18262	0.00590
1	0.11011	0.05779	0.13412	0.06129	0.10233	0.01625	0.05204	0.11962	0.05594	0.13461	0.01845	0.07467	0.01475	0.00860	0.00684	0.00224	0.00771	0.00718	0.00530	0.01016
2	0.02002	0.28557	0.24870	0.01581	0.02326	0.01911	0.05321	0.02457	0.01609	0.17124	0.01519	0.01598	0.01112	0.00686	0.00609	0.00193	0.00834	0.00528	0.00438	0.04725
3	0.01428	0.03683	0.71286	0.02030	0.03082	0.01654	0.02631	0.02255	0.01503	0.02255	0.01278	0.01503	0.00902	0.00677	0.00677	0.00226	0.01052	0.00526	0.00301	0.01052
4	0.00951	0.00681	0.00916	0.01042	0.01132	0.00646	0.00765	0.01155	0.01536	0.02066	0.15513	0.48359	0.04933	0.02039	0.00912	0.00286	0.00451	0.15325	0.00681	0.00611
5	0.01824	0.05690	0.19710	0.02681	0.24124	0.11704	0.09496	0.02284	0.01624	0.05760	0.01434	0.01881	0.01174	0.06479	0.00922	0.00249	0.00972	0.00630	0.00375	0.00987
6	0.01392	0.01314	0.02221	0.65495	0.12305	0.01594	0.02001	0.01861	0.01446	0.01877	0.01274	0.01883	0.00969	0.00703	0.00711	0.00234	0.00938	0.00633	0.00320	0.00829
7	0.00942	0.00711	0.00870	0.00861	0.01031	0.00639	0.00634	0.01205	0.01814	0.02451	0.43364	0.15635	0.23914	0.01662	0.00850	0.00238	0.00354	0.01452	0.00733	0.00639
8	0.01679	0.09329	0.07557	0.18069	0.11566	0.04423	0.01518	0.14825	0.01922	0.02493	0.05621	0.02740	0.13445	0.00944	0.00708	0.00217	0.00773	0.00777	0.00481	0.00914
9	0.02042	0.07525	0.06391	0.02428	0.25413	0.04004	0.01573	0.18040	0.04731	0.08393	0.04553	0.04221	0.01585	0.00819	0.00686	0.00210	0.00757	0.00689	0.04879	0.01062
10	0.02458	0.01636	0.01882	0.01573	0.05046	0.01732	0.01223	0.41179	0.05555	0.15926	0.09822	0.02459	0.04306	0.00954	0.00732	0.00218	0.00681	0.00763	0.00733	0.01123

[dist]
# distance from previous block
# <min> <max>
7	15

[block]
# block no. 4 follows, 29 sequences, length 15
# corresponding to MSA columns:
# 869-883
name=unknown_E
#
# <colnr> <probs for GDERKNQSTAVLIFYWHMCP>
#	G	D	E	R	K	N	Q	S	T	A	V	L	I	F	Y	W	H	M	C	P
0	0.01455	0.01209	0.01753	0.12304	0.19929	0.01316	0.01329	0.05615	0.08585	0.02156	0.01845	0.02665	0.01654	0.15624	0.14814	0.00483	0.00972	0.00754	0.04703	0.00834
1	0.01568	0.01460	0.02294	0.17596	0.34137	0.01611	0.01784	0.02138	0.09013	0.02291	0.09462	0.02281	0.01837	0.00847	0.00896	0.00232	0.08425	0.00728	0.00432	0.00969
2	0.01412	0.01205	0.01522	0.12140	0.02031	0.05495	0.04797	0.07973	0.01726	0.02313	0.08761	0.07563	0.12003	0.01551	0.06337	0.00309	0.04889	0.07564	0.09657	0.00753
3	0.06217	0.01398	0.01987	0.21193	0.17130	0.01397	0.01481	0.05956	0.01652	0.10359	0.01471	0.01756	0.01117	0.00667	0.00642	0.00189	0.00733	0.00568	0.00450	0.23634
4	0.01507	0.01466	0.01814	0.17158	0.18025	0.10746	0.01408	0.01957	0.05581	0.02315	0.22839	0.03180	0.07066	0.01006	0.00749	0.00220	0.00725	0.00874	0.00519	0.00844
5	0.80005	0.01377	0.01047	0.00936	0.01377	0.01597	0.00771	0.02093	0.01212	0.03195	0.00991	0.01157	0.00771	0.00661	0.00441	0.00220	0.00551	0.00386	0.00441	0.00771
6	0.01477	0.01266	0.01477	0.01055	0.01687	0.00949	0.00844	0.01793	0.01477	0.02320	0.01266	0.01477	0.01055	0.00527	0.00527	0.00105	0.00527	0.00422	0.00422	0.79328
7	0.00865	0.00629	0.00817	0.00968	0.01027	0.00580	0.00650	0.00994	0.01386	0.01827	0.04214	0.68564	0.10470	0.02193	0.00903	0.00285	0.00409	0.01978	0.00661	0.00580
8	0.00930	0.00718	0.00849	0.00831	0.01020	0.00636	0.00617	0.01187	0.01810	0.02402	0.39767	0.10726	0.32636	0.01652	0.00845	0.00235	0.00351	0.01427	0.00725	0.00636
9	0.00911	0.00724	0.00817	0.00794	0.01004	0.00631	0.00595	0.01156	0.01786	0.02312	0.33417	0.06214	0.43799	0.01659	0.00841	0.00234	0.00350	0.01413	0.00712	0.00631
10	0.00980	0.00724	0.01051	0.01108	0.01212	0.00795	0.00836	0.01200	0.01234	0.01726	0.02597	0.24172	0.02761	0.04252	0.47533	0.00851	0.01403	0.04469	0.00478	0.00620
11	0.02285	0.04189	0.06796	0.21952	0.02883	0.12705	0.01535	0.08611	0.01872	0.23477	0.01731	0.01876	0.01215	0.00805	0.00782	0.00222	0.04928	0.00616	0.00534	0.00986
12	0.07637	0.06296	0.14824	0.02017	0.13506	0.12140	0.01593	0.11286	0.01951	0.16706	0.04188	0.01830	0.01370	0.00768	0.00667	0.00210	0.00847	0.00599	0.00521	0.01044
13	0.02040	0.45874	0.03137	0.01691	0.09936	0.02477	0.01352	0.15721	0.07326	0.02429	0.01331	0.01453	0.01101	0.00691	0.00560	0.00179	0.00760	0.00498	0.00427	0.01017
14	0.02622	0.05965	0.02147	0.01851	0.09341	0.14704	0.01364	0.23059	0.02305	0.22354	0.01784	0.01800	0.01272	0.00827	0.00785	0.00212	0.05293	0.00613	0.00612	0.01089

[dist]
# distance from previous block
# <min> <max>
0	1

[block]
# block no. 5 follows, 29 sequences, length 51
# corresponding to MSA columns:
# 885-935
name=unknown_F
#
# <colnr> <probs for GDERKNQSTAVLIFYWHMCP>
#	G	D	E	R	K	N	Q	S	T	A	V	L	I	F	Y	W	H	M	C	P
0	0.37341	0.02057	0.21773	0.01344	0.01999	0.01529	0.01386	0.05863	0.01534	0.11150	0.01356	0.01467	0.00976	0.00692	0.00565	0.00212	0.00715	0.00484	0.00466	0.07090
1	0.24228	0.00929	0.00913	0.00854	0.01136	0.00938	0.00663	0.01608	0.01593	0.05982	0.19504	0.06090	0.21170	0.01235	0.00678	0.00222	0.00420	0.01000	0.10132	0.00705
2	0.01584	0.01686	0.10461	0.18656	0.21443	0.01562	0.01737	0.05868	0.13983	0.02505	0.08979	0.02330	0.01873	0.00823	0.00714	0.00224	0.00768	0.00723	0.03099	0.00982
3	0.01477	0.01401	0.02375	0.51451	0.25683	0.01617	0.02043	0.01935	0.01486	0.01980	0.01289	0.01855	0.01006	0.00687	0.00710	0.00229	0.00917	0.00633	0.00328	0.00898
4	0.03195	0.01212	0.01652	0.01267	0.01818	0.01047	0.01047	0.03470	0.02038	0.71026	0.02809	0.02424	0.01763	0.00881	0.00716	0.00220	0.00606	0.00716	0.00881	0.01212
5	0.01053	0.00710	0.00833	0.00858	0.00883	0.00710	0.00541	0.01103	0.01128	0.01495	0.02476	0.05174	0.02819	0.63841	0.03222	0.00635	0.00685	0.10903	0.00466	0.00466
6	0.01569	0.01259	0.02077	0.64529	0.04530	0.01517	0.01865	0.02020	0.01498	0.10215	0.01453	0.01962	0.01048	0.00732	0.00712	0.00235	0.00908	0.00643	0.00385	0.00842
7	0.02660	0.03394	0.02018	0.01834	0.02201	0.72116	0.01376	0.02843	0.02018	0.01743	0.01101	0.01284	0.00917	0.00734	0.00642	0.00183	0.01284	0.00459	0.00367	0.00825
8	0.00846	0.00704	0.00739	0.00767	0.00974	0.00597	0.00561	0.01017	0.01579	0.01906	0.06654	0.18369	0.59090	0.01876	0.00853	0.00249	0.00370	0.01592	0.00661	0.00597
9	0.01507	0.01311	0.01627	0.01408	0.09018	0.01028	0.00987	0.01835	0.01492	0.02321	0.01273	0.01507	0.01062	0.00539	0.00546	0.00117	0.00561	0.00445	0.00414	0.71002
10	0.80005	0.01377	0.01047	0.00936	0.01377	0.01597	0.00771	0.02093	0.01212	0.03195	0.00991	0.01157	0.00771	0.00661	0.00441	0.00220	0.00551	0.00386	0.00441	0.00771
11	0.01008	0.00728	0.00952	0.00896	0.01064	0.00672	0.00672	0.01344	0.02016	0.02855	0.70158	0.05319	0.06719	0.01456	0.00840	0.00224	0.00336	0.01288	0.00784	0.00672
12	0.01723	0.40453	0.33852	0.01597	0.02403	0.02273	0.01855	0.04801	0.01547	0.02046	0.01147	0.01326	0.00920	0.00649	0.00565	0.00187	0.00892	0.00456	0.00319	0.00987
13	0.01126	0.00803	0.00949	0.00963	0.01128	0.00804	0.00701	0.01639	0.11942	0.02451	0.23035	0.27381	0.07609	0.01544	0.00785	0.00239	0.00397	0.01358	0.14442	0.00706
14	0.01754	0.00866	0.01039	0.00964	0.01233	0.00836	0.00775	0.02154	0.04983	0.18997	0.05582	0.03600	0.02410	0.01063	0.00656	0.00212	0.00463	0.11459	0.40139	0.00817
15	0.02202	0.01761	0.01996	0.02019	0.14923	0.08521	0.01374	0.26041	0.05549	0.07644	0.01733	0.01899	0.01317	0.00840	0.00819	0.00214	0.07302	0.00637	0.12177	0.01034
16	0.01002	0.00728	0.00944	0.00890	0.01060	0.00670	0.00668	0.01333	0.02003	0.02825	0.68103	0.05369	0.08792	0.01467	0.00840	0.00224	0.00337	0.01295	0.00780	0.00670
17	0.01659	0.25761	0.38957	0.01688	0.02502	0.02049	0.01954	0.04325	0.10503	0.02234	0.01415	0.01549	0.01083	0.00699	0.00615	0.00204	0.00889	0.00521	0.00370	0.01024
18	0.01784	0.01715	0.02223	0.38679	0.12344	0.10300	0.01800	0.12080	0.01785	0.02272	0.01294	0.01748	0.01007	0.00772	0.00843	0.00230	0.07223	0.00612	0.00387	0.00901
19	0.00880	0.00628	0.00840	0.01006	0.01052	0.00589	0.00682	0.01013	0.01375	0.01831	0.03918	0.71595	0.04683	0.02219	0.00912	0.00291	0.00424	0.04819	0.00661	0.00582
20	0.02670	0.03101	0.02043	0.01793	0.02203	0.57510	0.01371	0.16491	0.02296	0.02316	0.01228	0.01373	0.00979	0.00759	0.00657	0.00190	0.01180	0.00497	0.00439	0.00906
21	0.00897	0.00642	0.00852	0.00972	0.01039	0.00598	0.00663	0.01065	0.01500	0.02035	0.17763	0.60054	0.05129	0.02069	0.00894	0.00276	0.00397	0.01870	0.00687	0.00598
22	0.00868	0.00620	0.00826	0.00991	0.01033	0.00578	0.00661	0.00991	0.01363	0.01818	0.03925	0.74510	0.04710	0.02231	0.00909	0.00289	0.00413	0.02024	0.00661	0.00578
23	0.01706	0.10559	0.02874	0.10817	0.40037	0.01786	0.08887	0.04086	0.03884	0.02247	0.01503	0.05688	0.01309	0.00740	0.00702	0.00215	0.00850	0.00707	0.00383	0.01021
24	0.00902	0.00644	0.00865	0.01030	0.01086	0.00608	0.00720	0.01050	0.01397	0.01856	0.03906	0.66446	0.04635	0.02199	0.00918	0.00294	0.00443	0.09754	0.00660	0.00588
25	0.03195	0.01212	0.01652	0.01267	0.01818	0.01047	0.01047	0.03470	0.02038	0.71026	0.02809	0.02424	0.01763	0.00881	0.00716	0.00220	0.00606	0.00716	0.00881	0.01212
26	0.01477	0.01266	0.01477	0.01055	0.01687	0.00949	0.00844	0.01793	0.01477	0.02320	0.01266	0.01477	0.01055	0.00527	0.00527	0.00105	0.00527	0.00422	0.00422	0.79328
27	0.57521	0.01329	0.01224	0.01033	0.01506	0.01436	0.00852	0.02496	0.01454	0.23050	0.01524	0.01528	0.01061	0.00725	0.00521	0.00220	0.00567	0.00482	0.00570	0.00900
28	0.80005	0.01377	0.01047	0.00936	0.01377	0.01597	0.00771	0.02093	0.01212	0.03195	0.00991	0.01157	0.00771	0.00661	0.00441	0.00220	0.00551	0.00386	0.00441	0.00771
29	0.02082	0.01656	0.01814	0.01607	0.04208	0.05801	0.01239	0.15370	0.31666	0.10235	0.05915	0.02356	0.01938	0.00972	0.00918	0.00237	0.09517	0.00743	0.00659	0.01068
30	0.00921	0.00673	0.00818	0.00879	0.00973	0.00622	0.00593	0.01068	0.01462	0.01932	0.15851	0.35112	0.17409	0.16662	0.01431	0.00349	0.00445	0.01594	0.00636	0.00570
31	0.80005	0.01377	0.01047	0.00936	0.01377	0.01597	0.00771	0.02093	0.01212	0.03195	0.00991	0.01157	0.00771	0.00661	0.00441	0.00220	0.00551	0.00386	0.00441	0.00771
32	0.01345	0.01266	0.02136	0.73264	0.04904	0.01582	0.01978	0.01819	0.01424	0.01819	0.01266	0.01898	0.00949	0.00712	0.00712	0.00237	0.00949	0.00633	0.00316	0.00791
33	0.00908	0.00643	0.00835	0.00950	0.01001	0.00605	0.00630	0.01040	0.01397	0.01883	0.11725	0.56363	0.04657	0.12295	0.01280	0.00337	0.00442	0.01797	0.00644	0.00569
34	0.01576	0.00871	0.00969	0.00890	0.01139	0.00880	0.00685	0.02158	0.11967	0.11027	0.12213	0.03010	0.02574	0.00947	0.00608	0.00192	0.00401	0.00781	0.46309	0.00802
35	0.00890	0.00705	0.00801	0.00815	0.01001	0.00616	0.00597	0.01101	0.01680	0.02151	0.23230	0.18465	0.41850	0.01788	0.00853	0.00245	0.00363	0.01539	0.00694	0.00616
36	0.01154	0.00659	0.00927	0.00927	0.00947	0.00679	0.00618	0.01009	0.00988	0.01338	0.01584	0.02860	0.01646	0.20179	0.14171	0.47989	0.00843	0.00741	0.00350	0.00391
37	0.02269	0.01777	0.01891	0.01550	0.02041	0.02004	0.01248	0.38055	0.34164	0.03782	0.02265	0.02152	0.01661	0.00907	0.00718	0.00227	0.00681	0.00718	0.00718	0.01172
38	0.01893	0.02099	0.21855	0.05867	0.32177	0.01504	0.02012	0.02400	0.01679	0.15624	0.04771	0.01987	0.01437	0.00735	0.00706	0.00219	0.00839	0.00650	0.00459	0.01088
39	0.20218	0.10875	0.02044	0.01394	0.01938	0.02044	0.01178	0.39340	0.02513	0.09636	0.01553	0.01576	0.01122	0.00783	0.00619	0.00208	0.00712	0.00557	0.00615	0.01074
