[name]
unknown

[dist]
# distance from previous block
# <min> <max>
0	275

[block]
# block no. 0 follows, 31 sequences, length 32
# corresponding to MSA columns:
# 282-313
name=unknown_A
#
# <colnr> <probs for GDERKNQSTAVLIFYWHMCP>
#	G	D	E	R	K	N	Q	S	T	A	V	L	I	F	Y	W	H	M	C	P
0	0.01128	0.00900	0.05399	0.01040	0.01209	0.00775	0.00832	0.01368	0.03304	0.05088	0.14902	0.17068	0.03424	0.14836	0.09247	0.07275	0.00684	0.10360	0.00549	0.00612
1	0.07254	0.01657	0.02071	0.14348	0.18487	0.12097	0.05331	0.09683	0.01649	0.02229	0.01351	0.01784	0.01115	0.01498	0.13864	0.00371	0.03357	0.00602	0.00385	0.00866
2	0.04066	0.27683	0.12834	0.08797	0.02482	0.10197	0.07627	0.14525	0.01808	0.02301	0.01196	0.01403	0.00943	0.00662	0.00592	0.00188	0.00883	0.00504	0.00381	0.00929
3	0.01497	0.00985	0.01433	0.01239	0.01524	0.00978	0.07465	0.01949	0.08808	0.15123	0.15374	0.05346	0.06741	0.07244	0.17180	0.00455	0.00855	0.04421	0.00599	0.00784
4	0.19565	0.00898	0.00967	0.00961	0.01173	0.00919	0.00708	0.05713	0.01493	0.06269	0.08349	0.36333	0.08786	0.03755	0.00814	0.00257	0.00459	0.01302	0.00604	0.00676
5	0.01253	0.01199	0.03109	0.01772	0.17501	0.07362	0.01105	0.01487	0.01483	0.01884	0.03328	0.18203	0.16374	0.09458	0.01079	0.00288	0.00637	0.11259	0.00508	0.00710
6	0.22626	0.01311	0.05644	0.01129	0.01540	0.03650	0.00971	0.02385	0.04953	0.25127	0.02200	0.07237	0.01780	0.00952	0.00626	0.00220	0.00578	0.06678	0.09513	0.00880
7	0.08766	0.00816	0.00977	0.00931	0.01159	0.00762	0.00693	0.01600	0.01581	0.16110	0.17249	0.25688	0.15211	0.04235	0.00866	0.00252	0.00433	0.01287	0.00673	0.00711
8	0.05120	0.00857	0.00993	0.00948	0.01127	0.00853	0.00701	0.08011	0.01630	0.04551	0.18517	0.10656	0.11904	0.21674	0.01520	0.00354	0.00521	0.08820	0.00603	0.00638
9	0.00972	0.00649	0.00719	0.00762	0.00900	0.00604	0.00540	0.01163	0.01399	0.01982	0.04184	0.23578	0.25643	0.07319	0.03005	0.00280	0.00419	0.01285	0.24017	0.00578
10	0.00932	0.00683	0.00821	0.00805	0.00936	0.00629	0.00565	0.01135	0.01598	0.02162	0.37343	0.09887	0.19101	0.18750	0.01430	0.00326	0.00411	0.01271	0.00642	0.00572
11	0.11207	0.01353	0.01460	0.01239	0.01624	0.01464	0.00979	0.22842	0.17079	0.11813	0.04418	0.10947	0.02025	0.03630	0.00771	0.00235	0.00579	0.00823	0.04555	0.00956
12	0.62328	0.01168	0.00978	0.00933	0.01276	0.01324	0.00749	0.01798	0.01216	0.02784	0.01594	0.13634	0.01575	0.00966	0.00532	0.00230	0.00515	0.05224	0.00472	0.00703
13	0.00845	0.00695	0.00744	0.00732	0.00947	0.00593	0.00549	0.01053	0.01647	0.02055	0.21814	0.06243	0.56399	0.01655	0.00808	0.00227	0.00341	0.01396	0.00663	0.00593
14	0.01046	0.00711	0.00993	0.00993	0.01124	0.00805	0.00768	0.01308	0.01177	0.01811	0.01925	0.02656	0.01720	0.04129	0.56427	0.00882	0.01483	0.00711	0.18715	0.00617
15	0.04125	0.00851	0.00980	0.00930	0.01102	0.00859	0.00659	0.01667	0.12381	0.06387	0.21336	0.11250	0.08327	0.24303	0.01598	0.00363	0.00494	0.01108	0.00614	0.00665
16	0.01223	0.00739	0.00791	0.00758	0.00862	0.00753	0.00502	0.05960	0.01331	0.02043	0.02152	0.03478	0.02090	0.39434	0.02037	0.00422	0.00526	0.00820	0.33520	0.00559
17	0.00992	0.00675	0.00807	0.00807	0.00829	0.00697	0.00491	0.01034	0.01013	0.01372	0.02100	0.04167	0.02353	0.63685	0.15570	0.00739	0.00866	0.00950	0.00406	0.00449
18	0.00843	0.00646	0.00776	0.00864	0.00987	0.00579	0.00613	0.01002	0.01449	0.01853	0.08757	0.43074	0.29444	0.01938	0.00848	0.00258	0.00384	0.04471	0.00642	0.00572
19	0.01445	0.01105	0.01241	0.01139	0.01424	0.01148	0.00900	0.19200	0.10044	0.02674	0.08454	0.13602	0.19549	0.03539	0.00868	0.00255	0.00533	0.11431	0.00656	0.00795
20	0.01110	0.00818	0.01113	0.01029	0.01140	0.00869	0.04014	0.05006	0.01190	0.01635	0.01969	0.03523	0.02053	0.41702	0.29095	0.00778	0.01127	0.00867	0.00409	0.00555
21	0.62605	0.01452	0.01475	0.01205	0.01674	0.01626	0.08637	0.09899	0.01455	0.03114	0.01083	0.01257	0.00824	0.00650	0.00498	0.00213	0.00627	0.00449	0.00445	0.00811
22	0.00950	0.00717	0.01022	0.01028	0.01159	0.00790	0.00789	0.01186	0.01231	0.01723	0.08341	0.07826	0.09616	0.04274	0.55030	0.00883	0.01460	0.00926	0.00444	0.00607
23	0.00973	0.00673	0.00884	0.00911	0.01000	0.00691	0.00645	0.01161	0.01306	0.01865	0.14673	0.20290	0.03358	0.17459	0.23187	0.00581	0.00863	0.01146	0.07767	0.00568
24	0.01498	0.01659	0.03553	0.02596	0.03190	0.01555	0.58981	0.02007	0.01569	0.02125	0.01740	0.12828	0.01558	0.00810	0.00817	0.00238	0.01041	0.00977	0.00389	0.00868
25	0.01372	0.03539	0.72412	0.01950	0.02961	0.01589	0.02528	0.02167	0.01444	0.02167	0.01228	0.01444	0.00867	0.00650	0.00650	0.00217	0.01011	0.00506	0.00289	0.01011
26	0.01585	0.01464	0.02400	0.08613	0.37654	0.01531	0.07808	0.08019	0.01624	0.02263	0.01699	0.13672	0.01619	0.00921	0.00830	0.00227	0.05872	0.00844	0.00414	0.00942
27	0.00851	0.00671	0.00775	0.00848	0.01005	0.00595	0.00627	0.01023	0.01476	0.01837	0.05469	0.30185	0.40761	0.01891	0.00847	0.00257	0.00397	0.09277	0.00635	0.00576
28	0.01134	0.00907	0.01212	0.01161	0.01332	0.00958	0.00916	0.01348	0.01277	0.01808	0.02333	0.14512	0.02493	0.09992	0.16149	0.00468	0.11208	0.16202	0.00470	0.14122
29	0.01787	0.01629	0.02056	0.22492	0.17684	0.10108	0.01576	0.08682	0.07759	0.05888	0.01496	0.01920	0.01203	0.05016	0.00975	0.00245	0.07531	0.00629	0.00423	0.00902
30	0.01067	0.00895	0.01360	0.01223	0.01431	0.00860	0.11115	0.03500	0.03747	0.01972	0.08215	0.32729	0.14436	0.08686	0.05187	0.00337	0.00622	0.01403	0.00567	0.00649
31	0.21590	0.01392	0.01595	0.08585	0.16096	0.06234	0.01160	0.01856	0.01458	0.02360	0.06036	0.02090	0.07216	0.00750	0.00589	0.00185	0.00639	0.00600	0.00424	0.19147

[dist]
# distance from previous block
# <min> <max>
0	2

[block]
# block no. 1 follows, 31 sequences, length 37
# corresponding to MSA columns:
# 316-352
name=unknown_B
#
# <colnr> <probs for GDERKNQSTAVLIFYWHMCP>
#	G	D	E	R	K	N	Q	S	T	A	V	L	I	F	Y	W	H	M	C	P
0	0.01822	0.01830	0.10861	0.05887	0.23546	0.06219	0.01654	0.09505	0.09721	0.08108	0.01808	0.04729	0.01507	0.00870	0.00776	0.00223	0.04440	0.05024	0.00479	0.00990
1	0.20369	0.10542	0.08880	0.01242	0.01719	0.01636	0.01115	0.05892	0.24163	0.06461	0.07351	0.02197	0.04044	0.00843	0.00607	0.00212	0.00599	0.00648	0.00552	0.00928
2	0.41641	0.12287	0.01684	0.04840	0.06079	0.10790	0.01030	0.02135	0.01389	0.06999	0.01253	0.04954	0.01057	0.00726	0.00518	0.00201	0.00682	0.00504	0.00423	0.00808
3	0.01645	0.23104	0.17539	0.07573	0.17043	0.05759	0.11138	0.02092	0.01515	0.01991	0.03678	0.01602	0.01143	0.00645	0.00624	0.00195	0.00891	0.00560	0.00329	0.00933
4	0.01762	0.01945	0.06776	0.15286	0.29491	0.15910	0.01736	0.05517	0.05097	0.02174	0.04230	0.01948	0.03674	0.00740	0.00675	0.00206	0.00876	0.00630	0.00393	0.00934
5	0.00991	0.00674	0.00799	0.00796	0.00819	0.00686	0.00481	0.01039	0.01059	0.01435	0.05851	0.04292	0.02606	0.63249	0.11889	0.00693	0.00788	0.00976	0.00427	0.00451
6	0.05085	0.15357	0.02209	0.01728	0.09764	0.09788	0.01284	0.24638	0.05450	0.02710	0.01440	0.01664	0.01165	0.01334	0.10460	0.00317	0.03620	0.00564	0.00471	0.00952
7	0.04495	0.00796	0.01040	0.01013	0.01147	0.00886	0.00756	0.04346	0.01202	0.01735	0.02132	0.03176	0.05578	0.20149	0.47472	0.00877	0.01389	0.00808	0.00409	0.00597
8	0.01949	0.01765	0.01688	0.01301	0.01848	0.13627	0.01037	0.21141	0.02019	0.02726	0.01310	0.01451	0.01033	0.00630	0.00576	0.00144	0.00701	0.00471	0.00476	0.44105
9	0.01013	0.00786	0.00808	0.00830	0.00972	0.04207	0.00585	0.01192	0.01480	0.01970	0.13348	0.21881	0.24414	0.11007	0.01106	0.00282	0.00436	0.01316	0.11787	0.00580
10	0.00995	0.00663	0.00746	0.00746	0.00746	0.00663	0.00415	0.00995	0.00995	0.01327	0.02156	0.04477	0.02487	0.75957	0.03482	0.00663	0.00663	0.00995	0.00415	0.00415
11	0.00847	0.00623	0.00794	0.00902	0.00986	0.00570	0.00619	0.01000	0.01427	0.01889	0.12907	0.56219	0.14729	0.01987	0.00855	0.00263	0.00380	0.01780	0.00650	0.00570
12	0.01214	0.00921	0.01017	0.00939	0.01164	0.04649	0.00713	0.01610	0.06665	0.07089	0.46348	0.04811	0.17517	0.01354	0.00781	0.00217	0.00409	0.01164	0.00712	0.00706
13	0.01392	0.00869	0.01010	0.00929	0.01096	0.00873	0.00656	0.10853	0.01614	0.07668	0.11928	0.13777	0.02978	0.28752	0.01731	0.00380	0.00538	0.01038	0.11259	0.00659
14	0.01122	0.00824	0.00931	0.00910	0.01109	0.00815	0.00676	0.05196	0.09884	0.02377	0.18599	0.20167	0.20332	0.01469	0.00754	0.00226	0.00394	0.01267	0.12259	0.00689
15	0.01202	0.00829	0.00941	0.00927	0.01108	0.00832	0.00667	0.01704	0.14381	0.05748	0.08847	0.21072	0.14241	0.12352	0.01143	0.00294	0.00448	0.01207	0.11371	0.00687
16	0.01642	0.01062	0.01118	0.00971	0.01235	0.01137	0.00745	0.20765	0.06925	0.02903	0.02096	0.02556	0.01711	0.11013	0.00960	0.00246	0.00504	0.00690	0.40932	0.00788
17	0.05539	0.00932	0.01140	0.01042	0.01287	0.00909	0.00781	0.07060	0.04099	0.18952	0.13982	0.23061	0.03338	0.11518	0.01132	0.00295	0.00511	0.02980	0.00670	0.00773
18	0.09076	0.01439	0.01536	0.01254	0.01671	0.01555	0.01013	0.34511	0.09352	0.06892	0.12398	0.02662	0.07511	0.00971	0.00679	0.00210	0.00585	0.00770	0.04946	0.00968
19	0.02559	0.03156	0.01948	0.01748	0.02116	0.67686	0.01320	0.07913	0.02038	0.01879	0.01103	0.01266	0.00903	0.00714	0.00622	0.00179	0.01196	0.00454	0.00378	0.00822
20	0.07679	0.01119	0.01247	0.01136	0.01412	0.01191	0.00868	0.17023	0.12425	0.04752	0.14869	0.24793	0.03268	0.01326	0.00738	0.00232	0.00499	0.01137	0.03463	0.00823
21	0.07197	0.00742	0.00851	0.00847	0.01030	0.00692	0.00618	0.01259	0.01563	0.05632	0.23265	0.21994	0.24450	0.05637	0.00933	0.00259	0.00395	0.01361	0.00650	0.00624
22	0.05085	0.00894	0.01032	0.01012	0.01205	0.00931	0.00778	0.05320	0.10956	0.02438	0.18092	0.10741	0.03521	0.10629	0.01087	0.00289	0.00492	0.13409	0.11391	0.00697
23	0.08520	0.01659	0.01788	0.01426	0.01914	0.01814	0.01161	0.44340	0.11943	0.11600	0.01970	0.05470	0.01483	0.00890	0.00675	0.00214	0.00670	0.00692	0.00682	0.01090
24	0.01442	0.01009	0.01200	0.01116	0.01326	0.01049	0.00827	0.20108	0.01865	0.04927	0.08570	0.33126	0.03218	0.09871	0.06714	0.00356	0.00636	0.01275	0.00621	0.00742
25	0.13398	0.01033	0.01145	0.01058	0.01352	0.01065	0.00831	0.05777	0.12056	0.11450	0.12057	0.11652	0.12143	0.03994	0.00830	0.00252	0.00500	0.07966	0.00649	0.00793
26	0.01146	0.00746	0.00946	0.00955	0.01113	0.00697	0.00691	0.04571	0.01651	0.08225	0.21954	0.39879	0.11339	0.01727	0.00824	0.00247	0.00405	0.01533	0.00687	0.00664
27	0.01038	0.00866	0.00960	0.01009	0.01172	0.04321	0.00758	0.01365	0.06835	0.01945	0.08426	0.28149	0.21289	0.02057	0.07308	0.00332	0.00592	0.10336	0.00609	0.00635
28	0.12045	0.01001	0.03584	0.06805	0.01602	0.00953	0.06100	0.01514	0.01298	0.08162	0.02387	0.27173	0.02531	0.17317	0.01391	0.03234	0.00614	0.01128	0.00506	0.00655
29	0.06862	0.00841	0.00989	0.00941	0.01146	0.00818	0.00691	0.03897	0.04872	0.10462	0.13550	0.20133	0.15584	0.07699	0.01159	0.07413	0.00467	0.01187	0.00619	0.00671
30	0.01504	0.01861	0.13484	0.11335	0.15647	0.04170	0.19329	0.01973	0.01494	0.02045	0.01561	0.02490	0.01377	0.00856	0.00909	0.00240	0.08819	0.09658	0.00364	0.00883
31	0.01957	0.05430	0.02360	0.04164	0.10958	0.08898	0.10600	0.14619	0.05545	0.07832	0.01481	0.01759	0.01166	0.01090	0.05686	0.00280	0.14147	0.00630	0.00455	0.00943
32	0.01421	0.01250	0.01603	0.16328	0.08187	0.06443	0.03662	0.06965	0.06264	0.02115	0.04964	0.07852	0.10505	0.01399	0.04477	0.06750	0.00756	0.05501	0.02808	0.00752
33	0.12340	0.01258	0.01851	0.22341	0.18229	0.01397	0.03417	0.04744	0.04640	0.02211	0.01693	0.08862	0.01541	0.01321	0.08185	0.00318	0.00856	0.03553	0.00415	0.00828
34	0.08765	0.06456	0.01628	0.05058	0.01770	0.14599	0.01050	0.05388	0.08222	0.03906	0.04150	0.06921	0.05244	0.03731	0.03506	0.00251	0.07305	0.00702	0.00466	0.10881
35	0.06441	0.04453	0.01954	0.13679	0.09258	0.20621	0.04689	0.02413	0.06691	0.13278	0.01850	0.06659	0.03410	0.00840	0.00666	0.00209	0.00842	0.00688	0.00476	0.00882
36	0.07695	0.01563	0.09427	0.08775	0.04569	0.07393	0.03685	0.06688	0.03204	0.05448	0.06930	0.15936	0.02099	0.01144	0.00877	0.05470	0.03129	0.00868	0.00480	0.04621

[dist]
# distance from previous block
# <min> <max>
0	42

[block]
# block no. 2 follows, 31 sequences, length 88
# corresponding to MSA columns:
# 395-482
name=unknown_C
#
# <colnr> <probs for GDERKNQSTAVLIFYWHMCP>
#	G	D	E	R	K	N	Q	S	T	A	V	L	I	F	Y	W	H	M	C	P
0	0.06801	0.09320	0.11607	0.01961	0.12247	0.13823	0.06168	0.11840	0.08568	0.02417	0.01604	0.01868	0.03228	0.04711	0.00789	0.00226	0.00852	0.00604	0.00433	0.00933
1	0.01280	0.00854	0.01024	0.00983	0.01191	0.00818	0.00734	0.09453	0.01741	0.08479	0.14370	0.27630	0.18429	0.05630	0.00954	0.00266	0.00459	0.04344	0.00666	0.00697
2	0.01159	0.00875	0.01214	0.01517	0.15611	0.00865	0.00839	0.01296	0.01236	0.03329	0.04468	0.11309	0.06732	0.40249	0.06009	0.00500	0.00697	0.01028	0.00453	0.00614
3	0.11048	0.07259	0.07201	0.01604	0.09340	0.03242	0.01218	0.11074	0.01552	0.02318	0.01547	0.09204	0.01489	0.09525	0.01174	0.00264	0.11181	0.00708	0.00429	0.08622
4	0.06306	0.07557	0.02023	0.05475	0.04624	0.22017	0.10928	0.02027	0.03356	0.02061	0.10726	0.09395	0.04578	0.00932	0.00678	0.00202	0.00821	0.00793	0.00449	0.05053
5	0.00898	0.00684	0.00886	0.01049	0.04705	0.00633	0.00674	0.01053	0.01405	0.01850	0.10198	0.46122	0.17696	0.07558	0.01044	0.00288	0.00423	0.01638	0.00613	0.00585
6	0.01984	0.35221	0.12019	0.01506	0.02095	0.06044	0.04853	0.14533	0.04290	0.05992	0.01298	0.01425	0.01025	0.00698	0.00648	0.00186	0.04308	0.00499	0.00414	0.00962
7	0.04462	0.08824	0.02028	0.12312	0.20683	0.07005	0.01369	0.05887	0.06528	0.03645	0.01659	0.02102	0.03512	0.07187	0.00949	0.03319	0.00747	0.00631	0.03416	0.03735
8	0.14284	0.05626	0.07975	0.02275	0.25630	0.06452	0.01467	0.04109	0.01426	0.02173	0.01322	0.01860	0.01172	0.07863	0.09009	0.00347	0.05195	0.00585	0.00365	0.00863
9	0.01381	0.00998	0.01169	0.01066	0.01266	0.01088	0.00820	0.06339	0.10863	0.06017	0.08330	0.07510	0.13848	0.11227	0.01283	0.00289	0.10189	0.03357	0.12226	0.00733
10	0.01311	0.00741	0.00937	0.00911	0.01092	0.00667	0.00657	0.01439	0.01482	0.15125	0.09960	0.26154	0.19525	0.07616	0.01201	0.08128	0.00454	0.01316	0.00635	0.00648
11	0.04167	0.01019	0.01466	0.17610	0.14317	0.01098	0.01162	0.01608	0.04487	0.02006	0.06949	0.07851	0.04507	0.15371	0.03558	0.00333	0.00687	0.03366	0.07720	0.00717
12	0.01407	0.01845	0.16010	0.09780	0.11210	0.01455	0.28723	0.01912	0.01502	0.02073	0.01774	0.13265	0.01640	0.00894	0.00765	0.00235	0.00926	0.03324	0.00385	0.00875
13	0.17367	0.00826	0.00839	0.00846	0.01065	0.00817	0.00629	0.01315	0.03892	0.02211	0.11990	0.22912	0.29822	0.01546	0.00742	0.00237	0.00401	0.01305	0.00607	0.00631
14	0.01656	0.00999	0.01219	0.01126	0.01386	0.00997	0.00889	0.14196	0.01841	0.14421	0.05633	0.15964	0.05417	0.09637	0.01080	0.00292	0.00567	0.16048	0.05846	0.00784
15	0.00859	0.00630	0.00798	0.00908	0.00984	0.00591	0.00622	0.00989	0.01319	0.01726	0.04038	0.52112	0.15135	0.08788	0.04928	0.00349	0.00495	0.03575	0.00601	0.00552
16	0.01759	0.01166	0.01291	0.01101	0.01461	0.01195	0.00872	0.15913	0.15814	0.13479	0.08915	0.03603	0.20568	0.01131	0.00710	0.00215	0.00500	0.00929	0.08479	0.00900
17	0.02673	0.01801	0.01982	0.01519	0.02064	0.01950	0.01255	0.59272	0.03024	0.14720	0.01805	0.01748	0.01245	0.00825	0.00685	0.00206	0.00727	0.00627	0.00709	0.01164
18	0.01337	0.00992	0.01144	0.01086	0.01318	0.01020	0.00812	0.12951	0.12363	0.04395	0.12014	0.32292	0.12420	0.01555	0.00793	0.00243	0.00468	0.01356	0.00673	0.00769
19	0.01985	0.01535	0.01639	0.01366	0.01760	0.01716	0.01068	0.32583	0.28807	0.03253	0.02169	0.02467	0.01742	0.13414	0.01156	0.00292	0.00656	0.00740	0.00644	0.01007
20	0.01508	0.01298	0.01321	0.01224	0.01451	0.12123	0.00950	0.12652	0.01621	0.02154	0.01827	0.06200	0.01649	0.03145	0.38930	0.00672	0.01333	0.00725	0.08488	0.00729
21	0.01573	0.01173	0.01312	0.01125	0.01440	0.01221	0.00883	0.26148	0.05967	0.03092	0.24798	0.09867	0.14104	0.01263	0.00754	0.00219	0.00501	0.01064	0.02656	0.00839
22	0.22220	0.00949	0.00983	0.00963	0.01214	0.00990	0.00743	0.03666	0.05335	0.06603	0.03070	0.20548	0.11703	0.04256	0.00798	0.00255	0.00484	0.07882	0.06639	0.00701
23	0.02912	0.01418	0.01745	0.01337	0.01873	0.01382	0.01105	0.25601	0.02382	0.49297	0.02343	0.02097	0.01515	0.00838	0.00687	0.00210	0.00640	0.00664	0.00792	0.01164
24	0.01294	0.00984	0.01619	0.01529	0.01796	0.00957	0.12474	0.01650	0.01602	0.05847	0.03199	0.06446	0.03332	0.01614	0.00908	0.00295	0.00715	0.52437	0.00594	0.00708
25	0.00921	0.00683	0.00839	0.00880	0.01031	0.00624	0.00662	0.01154	0.01620	0.02164	0.26311	0.22227	0.23472	0.01707	0.00829	0.00245	0.00387	0.10050	0.03589	0.00603
26	0.01810	0.01139	0.01275	0.01112	0.01421	0.01199	0.00859	0.17768	0.13400	0.12112	0.02471	0.13169	0.02122	0.06143	0.00853	0.00241	0.00527	0.00879	0.20625	0.00877
27	0.02123	0.01570	0.01704	0.01428	0.01878	0.01751	0.01140	0.23365	0.42670	0.10967	0.02432	0.02254	0.01767	0.00887	0.00692	0.00222	0.00609	0.00717	0.00709	0.01116
28	0.02103	0.02456	0.01677	0.01556	0.01869	0.46270	0.01164	0.02659	0.16977	0.01948	0.01855	0.12919	0.01707	0.00975	0.00674	0.00204	0.00952	0.00745	0.00472	0.00821
29	0.01433	0.00819	0.01109	0.01051	0.01250	0.00836	0.00796	0.01704	0.04010	0.16724	0.02587	0.15171	0.04511	0.09656	0.31725	0.00639	0.01070	0.00973	0.03215	0.00720
30	0.02907	0.01425	0.01749	0.01341	0.01877	0.01393	0.01108	0.26247	0.02395	0.48634	0.02333	0.02091	0.01510	0.00838	0.00687	0.00209	0.00641	0.00663	0.00790	0.01164
31	0.00837	0.00607	0.00791	0.00929	0.00988	0.00561	0.00627	0.00968	0.01353	0.01793	0.06620	0.67493	0.09744	0.02083	0.00866	0.00272	0.00390	0.01879	0.00640	0.00561
32	0.13383	0.01489	0.01816	0.07623	0.16458	0.01600	0.01302	0.11850	0.21958	0.02793	0.01713	0.01827	0.01317	0.00729	0.00624	0.00202	0.00650	0.00596	0.00511	0.11561
33	0.01423	0.01379	0.02008	0.08083	0.10351	0.03628	0.03896	0.01657	0.01188	0.01723	0.01210	0.01882	0.01133	0.04593	0.14731	0.00435	0.38951	0.00643	0.00324	0.00760
34	0.00954	0.00699	0.00894	0.00845	0.01013	0.00639	0.00634	0.01263	0.01902	0.02661	0.65420	0.05246	0.12414	0.01429	0.00807	0.00217	0.00325	0.01256	0.00742	0.00639
35	0.27584	0.02411	0.01630	0.01448	0.01844	0.39401	0.01121	0.09106	0.05505	0.02445	0.01174	0.01306	0.00929	0.00706	0.00566	0.00193	0.00923	0.00453	0.00426	0.00828
36	0.00997	0.00758	0.00976	0.00961	0.01100	0.00809	0.00711	0.01299	0.05751	0.01757	0.08181	0.03896	0.14701	0.17242	0.36947	0.00738	0.01148	0.00950	0.00475	0.00602
37	0.01419	0.01216	0.01419	0.01013	0.01621	0.00912	0.00811	0.01723	0.01419	0.02229	0.01216	0.01419	0.01013	0.00507	0.00507	0.00101	0.00507	0.00405	0.00405	0.80139
38	0.01670	0.01434	0.01523	0.01385	0.01760	0.01653	0.01084	0.03518	0.66807	0.02819	0.02829	0.02826	0.02186	0.00979	0.00709	0.00236	0.00546	0.04284	0.00693	0.01059
39	0.01615	0.01845	0.04037	0.02884	0.03576	0.01730	0.69204	0.02191	0.01615	0.02191	0.01384	0.01845	0.01038	0.00577	0.00807	0.00231	0.01153	0.00807	0.00346	0.00923
40	0.00933	0.00698	0.00865	0.00824	0.01000	0.00630	0.00618	0.01223	0.01853	0.02545	0.57069	0.05437	0.20838	0.01473	0.00807	0.00219	0.00328	0.01283	0.00727	0.00630
41	0.00860	0.00628	0.00810	0.00906	0.00992	0.00578	0.00626	0.01030	0.01472	0.01975	0.18863	0.53101	0.11757	0.01939	0.00852	0.00259	0.00376	0.01739	0.00661	0.00578
42	0.08766	0.00759	0.00852	0.00811	0.01020	0.00711	0.00615	0.01263	0.01740	0.02489	0.43772	0.05189	0.26708	0.01431	0.00770	0.00220	0.00351	0.01218	0.00683	0.00633
43	0.01693	0.01626	0.02777	0.04199	0.71689	0.01626	0.02100	0.02100	0.01558	0.02235	0.01287	0.01693	0.01084	0.00610	0.00677	0.00203	0.00813	0.00610	0.00339	0.01084
44	0.02601	0.01916	0.02053	0.01574	0.02122	0.02122	0.01300	0.69408	0.03217	0.04312	0.01643	0.01643	0.01163	0.00821	0.00684	0.00205	0.00753	0.00616	0.00684	0.01163
45	0.11531	0.01307	0.01601	0.01242	0.01763	0.01250	0.01026	0.14226	0.02081	0.53236	0.02331	0.02080	0.01500	0.00819	0.00658	0.00211	0.00605	0.00641	0.00773	0.01118
46	0.01693	0.01626	0.02777	0.04199	0.71689	0.01626	0.02100	0.02100	0.01558	0.02235	0.01287	0.01693	0.01084	0.00610	0.00677	0.00203	0.00813	0.00610	0.00339	0.01084
47	0.01206	0.00766	0.01029	0.01136	0.01302	0.00754	0.00960	0.01499	0.01549	0.05804	0.03384	0.13339	0.03555	0.01699	0.00856	0.00283	0.00559	0.47394	0.12275	0.00652
48	0.00922	0.00698	0.00851	0.00813	0.00994	0.00626	0.00609	0.01202	0.01828	0.02487	0.52845	0.05533	0.25099	0.01495	0.00807	0.00220	0.00330	0.01297	0.00719	0.00626
49	0.01397	0.01193	0.01396	0.01011	0.01598	0.00899	0.00804	0.01694	0.01415	0.02212	0.01310	0.04149	0.01143	0.00567	0.00520	0.00108	0.00503	0.00462	0.00414	0.77206
50	0.00862	0.00695	0.00767	0.00749	0.00957	0.00600	0.00562	0.01085	0.01685	0.02146	0.28380	0.06093	0.49776	0.01621	0.00808	0.00226	0.00339	0.01375	0.00675	0.00600
51	0.00873	0.00664	0.00803	0.00835	0.00980	0.00594	0.00601	0.01081	0.01612	0.02131	0.28601	0.28152	0.27098	0.01747	0.00829	0.00240	0.00354	0.01532	0.00677	0.00594
52	0.00941	0.00686	0.00826	0.00833	0.01001	0.00610	0.00609	0.01159	0.01651	0.04224	0.30015	0.22526	0.29059	0.01681	0.00820	0.00236	0.00357	0.01466	0.00685	0.00615
53	0.69034	0.01231	0.00966	0.00874	0.01267	0.01396	0.00712	0.01869	0.01234	0.02917	0.03746	0.01872	0.09200	0.00787	0.00480	0.00214	0.00502	0.00522	0.00458	0.00719
54	0.68891	0.01413	0.01165	0.01002	0.01445	0.01624	0.00826	0.12267	0.01477	0.03259	0.01058	0.01192	0.00805	0.00663	0.00463	0.00211	0.00563	0.00408	0.00463	0.00805
55	0.01102	0.00770	0.00967	0.00943	0.01046	0.00817	0.00656	0.01388	0.07149	0.03717	0.08979	0.06043	0.02645	0.35649	0.24467	0.00692	0.00971	0.00940	0.00477	0.00582
56	0.00917	0.00650	0.00801	0.00847	0.00952	0.00603	0.00588	0.01104	0.01506	0.02065	0.24175	0.32491	0.13859	0.09837	0.01104	0.00287	0.00392	0.01476	0.05771	0.00576
57	0.00911	0.00676	0.00819	0.00837	0.00950	0.00648	0.00582	0.01066	0.01368	0.01806	0.14897	0.16750	0.21891	0.21144	0.12150	0.00474	0.00650	0.01275	0.00559	0.00548
58	0.00993	0.00670	0.00781	0.00781	0.00793	0.00682	0.00458	0.01017	0.01005	0.01352	0.02124	0.04301	0.02411	0.68992	0.10342	0.00706	0.00778	0.00969	0.00410	0.00434
59	0.48302	0.01368	0.01592	0.15768	0.17244	0.01552	0.01259	0.01980	0.01289	0.02634	0.01076	0.01375	0.00848	0.00639	0.00529	0.00213	0.00665	0.00468	0.00382	0.00819
60	0.01613	0.01553	0.02611	0.11506	0.47165	0.01599	0.08508	0.02210	0.09454	0.02236	0.01642	0.01979	0.03439	0.00687	0.00697	0.00213	0.00811	0.00675	0.00386	0.01015
61	0.01546	0.01465	0.02387	0.28971	0.33097	0.01605	0.05290	0.02219	0.12304	0.02156	0.01501	0.01883	0.01177	0.00685	0.00689	0.00218	0.00823	0.00645	0.00383	0.00959
62	0.00979	0.00726	0.01065	0.01065	0.01175	0.00836	0.00812	0.01199	0.01089	0.01562	0.01864	0.02864	0.01787	0.12096	0.66385	0.01057	0.01718	0.00759	0.00371	0.00592
63	0.01654	0.01246	0.01550	0.01253	0.05419	0.01025	0.00942	0.01950	0.01477	0.11346	0.01397	0.01557	0.01100	0.00593	0.00632	0.00132	0.04461	0.00464	0.00454	0.61350
64	0.01122	0.00632	0.00924	0.00920	0.00955	0.00651	0.00637	0.00989	0.01016	0.01390	0.06755	0.02555	0.01761	0.06777	0.15740	0.54936	0.00808	0.00691	0.00351	0.00389
65	0.01108	0.00868	0.01331	0.01227	0.01404	0.00971	0.05505	0.04885	0.01241	0.01759	0.01809	0.02671	0.01677	0.08406	0.60720	0.00970	0.01666	0.00746	0.00385	0.00651
66	0.01829	0.76368	0.03585	0.01171	0.01756	0.02707	0.01171	0.02049	0.01390	0.01610	0.00951	0.01097	0.00878	0.00585	0.00439	0.00146	0.00732	0.00366	0.00293	0.00878
67	0.00997	0.00715	0.01055	0.01048	0.01163	0.00802	0.00802	0.01198	0.01189	0.01700	0.10859	0.02945	0.02280	0.04372	0.56831	0.08752	0.01513	0.00785	0.00410	0.00585
68	0.01251	0.00834	0.00996	0.00968	0.01164	0.00802	0.00706	0.05885	0.06145	0.09039	0.13303	0.29821	0.17558	0.07060	0.01000	0.00274	0.00447	0.01389	0.00663	0.00696
69	0.10122	0.01334	0.01512	0.01231	0.01675	0.01380	0.01008	0.22096	0.07819	0.27045	0.02216	0.02347	0.01607	0.00875	0.00648	0.00210	0.00591	0.04211	0.11055	0.01018
70	0.00968	0.00699	0.00914	0.00861	0.01022	0.00646	0.00646	0.01291	0.01937	0.02743	0.71328	0.05110	0.06455	0.01399	0.00807	0.00215	0.00323	0.01237	0.00753	0.00646
71	0.08965	0.00778	0.00871	0.00836	0.01006	0.00746	0.00587	0.01349	0.01419	0.08205	0.15759	0.12509	0.17311	0.24861	0.01607	0.00366	0.00486	0.01149	0.00585	0.00604
72	0.01110	0.00800	0.00943	0.00917	0.01100	0.00784	0.00680	0.05834	0.06456	0.02484	0.29839	0.20928	0.13271	0.01474	0.00768	0.00226	0.00386	0.01285	0.10039	0.00679
73	0.00874	0.00696	0.00784	0.00762	0.00964	0.00605	0.00571	0.01109	0.01714	0.02216	0.33353	0.05979	0.44760	0.01596	0.00808	0.00225	0.00337	0.01359	0.00684	0.00605
74	0.01702	0.01470	0.01547	0.01392	0.01779	0.01702	0.01083	0.03635	0.70453	0.02862	0.02785	0.02553	0.02088	0.00928	0.00696	0.00232	0.00541	0.00773	0.00696	0.01083
75	0.01424	0.00937	0.01100	0.01025	0.01265	0.00937	0.00770	0.07774	0.11604	0.10337	0.15157	0.22447	0.11494	0.04113	0.00859	0.00247	0.00456	0.01213	0.06067	0.00773
76	0.10086	0.01662	0.01733	0.01364	0.01840	0.01836	0.01119	0.52378	0.02741	0.03919	0.01665	0.01730	0.01212	0.00799	0.00627	0.00199	0.00664	0.00595	0.12788	0.01041
77	0.00840	0.00617	0.00789	0.00909	0.00985	0.00566	0.00620	0.00983	0.01393	0.01838	0.09416	0.60305	0.14173	0.02028	0.00859	0.00266	0.00384	0.01819	0.00644	0.00566
78	0.01222	0.00915	0.00999	0.00900	0.01162	0.00878	0.00686	0.11273	0.04280	0.04674	0.17770	0.05133	0.38677	0.07187	0.00988	0.00257	0.00441	0.01200	0.00657	0.00701
79	0.15053	0.00770	0.00819	0.00838	0.01019	0.00775	0.00616	0.01430	0.01421	0.04611	0.09929	0.28047	0.07666	0.01360	0.00668	0.00222	0.00394	0.01160	0.22560	0.00641
80	0.00995	0.00663	0.00746	0.00746	0.00746	0.00663	0.00415	0.00995	0.00995	0.01327	0.02156	0.04477	0.02487	0.75957	0.03482	0.00663	0.00663	0.00995	0.00415	0.00415
81	0.02442	0.03089	0.02193	0.01898	0.02292	0.64563	0.09534	0.02667	0.01900	0.01737	0.01097	0.01308	0.00900	0.00689	0.00640	0.00183	0.01224	0.00485	0.00352	0.00809
82	0.00992	0.00663	0.00857	0.00908	0.00961	0.00662	0.00624	0.01046	0.01155	0.01535	0.02738	0.18984	0.06507	0.28980	0.10093	0.12583	0.00706	0.09048	0.00474	0.00482
83	0.16392	0.06004	0.05868	0.01055	0.01365	0.01079	0.00896	0.01813	0.01397	0.13613	0.02317	0.12911	0.02254	0.13768	0.01139	0.00304	0.00588	0.10574	0.05930	0.00734
84	0.09416	0.01628	0.02561	0.16740	0.33764	0.05432	0.11714	0.02041	0.01478	0.02150	0.01217	0.01646	0.00988	0.00665	0.00772	0.00218	0.05697	0.00605	0.00340	0.00927
85	0.05291	0.01095	0.01336	0.01325	0.07602	0.01087	0.00911	0.04178	0.11266	0.11653	0.05369	0.09668	0.12307	0.10890	0.01114	0.00272	0.03162	0.00924	0.00575	0.09974
86	0.08699	0.01689	0.06728	0.02254	0.22879	0.10479	0.05223	0.04468	0.01639	0.04789	0.06409	0.02929	0.04212	0.04957	0.00852	0.00245	0.00783	0.09444	0.00456	0.00866
87	0.14496	0.01931	0.01726	0.01559	0.05411	0.17167	0.01172	0.22077	0.16803	0.05438	0.01872	0.01880	0.03911	0.00815	0.00636	0.00207	0.00758	0.00607	0.00561	0.00974

[dist]
# distance from previous block
# <min> <max>
1	10

[block]
# block no. 3 follows, 31 sequences, length 34
# corresponding to MSA columns:
# 493-526
name=unknown_D
#
# <colnr> <probs for GDERKNQSTAVLIFYWHMCP>
#	G	D	E	R	K	N	Q	S	T	A	V	L	I	F	Y	W	H	M	C	P
0	0.01661	0.01407	0.04623	0.02594	0.33598	0.01327	0.01543	0.04792	0.06805	0.08796	0.07041	0.05921	0.02146	0.00964	0.00727	0.00222	0.00684	0.10267	0.00511	0.04370
1	0.12696	0.20693	0.16627	0.01487	0.02047	0.09422	0.03038	0.11560	0.01683	0.04770	0.01295	0.04313	0.01076	0.00763	0.00689	0.00201	0.05790	0.00538	0.00405	0.00907
2	0.18965	0.01707	0.01487	0.01321	0.01687	0.15722	0.01042	0.05997	0.22670	0.07801	0.06101	0.02304	0.03139	0.00900	0.00700	0.00219	0.03631	0.03149	0.00564	0.00895
3	0.01795	0.02185	0.26434	0.06223	0.09509	0.03706	0.05837	0.03932	0.01581	0.15129	0.04792	0.01860	0.01332	0.00802	0.00913	0.00226	0.11714	0.00623	0.00437	0.00968
4	0.02134	0.02347	0.02705	0.02116	0.02630	0.28252	0.26625	0.13659	0.08267	0.02412	0.01434	0.01650	0.01096	0.00697	0.00706	0.00206	0.01061	0.00637	0.00436	0.00929
5	0.01886	0.01552	0.01653	0.01402	0.01845	0.01732	0.01110	0.18662	0.49141	0.03144	0.02389	0.02247	0.01785	0.00868	0.00678	0.00215	0.00587	0.00706	0.00669	0.07728
6	0.01363	0.00920	0.01129	0.01054	0.01286	0.00903	0.00784	0.05121	0.12262	0.08698	0.19125	0.25966	0.03665	0.01486	0.00910	0.06181	0.00459	0.01196	0.00652	0.06840
7	0.01202	0.00862	0.01016	0.00994	0.01125	0.00886	0.00690	0.10090	0.06664	0.02117	0.09569	0.29823	0.03372	0.23375	0.01662	0.03524	0.00532	0.01284	0.00580	0.00631
8	0.80789	0.01323	0.01006	0.00900	0.01323	0.01535	0.00741	0.02011	0.01164	0.03070	0.00953	0.01111	0.00741	0.00635	0.00423	0.00212	0.00529	0.00370	0.00423	0.00741
9	0.00902	0.00664	0.00798	0.00842	0.00972	0.00603	0.00604	0.01039	0.01449	0.01863	0.13858	0.23875	0.29576	0.07390	0.01190	0.06973	0.00420	0.05828	0.00606	0.00549
10	0.09620	0.00853	0.00958	0.00949	0.01096	0.00873	0.00665	0.08796	0.01512	0.02193	0.10861	0.31825	0.05296	0.19723	0.01430	0.00348	0.00506	0.01299	0.00578	0.00620
11	0.01066	0.00682	0.00914	0.01023	0.01121	0.00644	0.00746	0.01229	0.01393	0.07030	0.03557	0.51449	0.04062	0.06712	0.01041	0.00305	0.00476	0.15307	0.00636	0.00607
12	0.01001	0.00611	0.00735	0.00833	0.00918	0.00587	0.00576	0.01196	0.01357	0.02051	0.03187	0.47834	0.03474	0.01633	0.00723	0.00233	0.00367	0.01449	0.30648	0.00587
13	0.15738	0.00807	0.00808	0.00792	0.00936	0.00848	0.00544	0.03423	0.01253	0.02130	0.02122	0.11175	0.02147	0.30358	0.01695	0.00381	0.00514	0.00874	0.22879	0.00576
14	0.06975	0.00782	0.00894	0.00900	0.01062	0.00767	0.00641	0.01394	0.06589	0.04690	0.16269	0.26785	0.15457	0.12288	0.01171	0.00303	0.00440	0.01340	0.00622	0.00632
15	0.02659	0.01823	0.01995	0.01530	0.02075	0.01983	0.01264	0.61200	0.03060	0.12740	0.01774	0.01728	0.01229	0.00824	0.00685	0.00206	0.00732	0.00625	0.00705	0.01164
16	0.00834	0.00595	0.00794	0.00953	0.00992	0.00556	0.00635	0.00953	0.01310	0.01746	0.03771	0.75510	0.04525	0.02143	0.00873	0.00278	0.00397	0.01945	0.00635	0.00556
17	0.00912	0.00655	0.00802	0.00861	0.00942	0.00616	0.00585	0.01047	0.01366	0.01810	0.13978	0.30950	0.13716	0.22911	0.01599	0.00373	0.00468	0.05282	0.00590	0.00537
18	0.07891	0.00696	0.00704	0.00695	0.00841	0.00713	0.00500	0.01485	0.01304	0.02305	0.02033	0.02684	0.01736	0.12246	0.01096	0.06382	0.00410	0.00666	0.55028	0.00586
19	0.01829	0.76368	0.03585	0.01171	0.01756	0.02707	0.01171	0.02049	0.01390	0.01610	0.00951	0.01097	0.00878	0.00585	0.00439	0.00146	0.00732	0.00366	0.00293	0.00878
20	0.63342	0.01345	0.01171	0.00998	0.01447	0.01501	0.00823	0.07353	0.01438	0.13366	0.01263	0.01332	0.00914	0.00681	0.00482	0.00211	0.00554	0.00436	0.00506	0.00836
21	0.00922	0.00669	0.00862	0.00950	0.01022	0.00659	0.00648	0.01149	0.04761	0.01849	0.10891	0.49820	0.04155	0.11241	0.06702	0.00378	0.00538	0.01599	0.00604	0.00579
22	0.01585	0.01347	0.01446	0.01308	0.01658	0.01533	0.01013	0.03262	0.59538	0.02843	0.13704	0.02960	0.02784	0.01003	0.00714	0.00229	0.00507	0.00847	0.00705	0.01013
23	0.80789	0.01323	0.01006	0.00900	0.01323	0.01535	0.00741	0.02011	0.01164	0.03070	0.00953	0.01111	0.00741	0.00635	0.00423	0.00212	0.00529	0.00370	0.00423	0.00741
24	0.01419	0.01216	0.01419	0.01013	0.01621	0.00912	0.00811	0.01723	0.01419	0.02229	0.01216	0.01419	0.01013	0.00507	0.00507	0.00101	0.00507	0.00405	0.00405	0.80139
25	0.01224	0.01074	0.01585	0.42825	0.03186	0.01231	0.01381	0.06641	0.01548	0.01967	0.02896	0.11520	0.18000	0.01112	0.00735	0.00233	0.00706	0.00962	0.00450	0.00724
26	0.01580	0.02089	0.13860	0.02749	0.03487	0.01710	0.59625	0.02188	0.01590	0.02188	0.01362	0.01788	0.01013	0.00587	0.00785	0.00229	0.01133	0.00764	0.00338	0.00935
27	0.01794	0.70806	0.08841	0.01230	0.01848	0.02622	0.01274	0.02058	0.01394	0.01652	0.00972	0.01124	0.00877	0.00590	0.00455	0.00152	0.00753	0.00376	0.00292	0.00888
28	0.01719	0.13552	0.07968	0.18387	0.35020	0.01720	0.01850	0.02124	0.01515	0.07887	0.01332	0.01661	0.01048	0.00645	0.00640	0.00201	0.00817	0.00569	0.00363	0.00982
29	0.00908	0.00674	0.00859	0.00951	0.01075	0.00625	0.00715	0.01114	0.01520	0.01992	0.15164	0.35037	0.18742	0.01883	0.00865	0.00266	0.00425	0.15939	0.00653	0.00591
30	0.00988	0.00793	0.00917	0.01015	0.01134	0.04228	0.00756	0.01182	0.01499	0.01930	0.11385	0.40621	0.13118	0.01883	0.00860	0.00268	0.00474	0.15721	0.00633	0.00596
31	0.02407	0.01793	0.07271	0.07886	0.09250	0.01750	0.01460	0.38260	0.02502	0.17865	0.01761	0.01791	0.01223	0.00781	0.00682	0.00209	0.00756	0.00621	0.00622	0.01111
32	0.01691	0.01591	0.02158	0.12288	0.36345	0.10326	0.01644	0.02097	0.06128	0.04444	0.01581	0.07434	0.01397	0.00913	0.00840	0.06312	0.00803	0.00703	0.00397	0.00907
33	0.01217	0.03694	0.04285	0.10284	0.09191	0.03751	0.01144	0.01542	0.01405	0.01975	0.13585	0.02724	0.02272	0.02639	0.30625	0.00572	0.01145	0.00751	0.06479	0.00719

[dist]
# distance from previous block
# <min> <max>
0	1

[block]
# block no. 4 follows, 31 sequences, length 33
# corresponding to MSA columns:
# 528-560
name=unknown_E
#
# <colnr> <probs for GDERKNQSTAVLIFYWHMCP>
#	G	D	E	R	K	N	Q	S	T	A	V	L	I	F	Y	W	H	M	C	P
0	0.02141	0.20646	0.02545	0.01788	0.05148	0.33160	0.05752	0.07514	0.01746	0.01917	0.01087	0.01327	0.00924	0.00738	0.00811	0.00192	0.10862	0.00488	0.00355	0.00858
1	0.00878	0.00658	0.00818	0.00879	0.01005	0.00598	0.00634	0.01076	0.01556	0.02060	0.23050	0.35841	0.21432	0.01826	0.00843	0.00251	0.00376	0.04963	0.00667	0.00589
2	0.09547	0.14790	0.02158	0.01508	0.01849	0.14118	0.01257	0.14040	0.06436	0.02351	0.01209	0.01443	0.01009	0.00851	0.01054	0.00217	0.22207	0.00520	0.00417	0.03020
3	0.01993	0.01562	0.01726	0.01302	0.01867	0.01532	0.01059	0.33692	0.06750	0.03250	0.01519	0.01598	0.01154	0.00682	0.00603	0.00159	0.00625	0.00528	0.00556	0.37844
4	0.06387	0.01152	0.01153	0.01086	0.01245	0.09880	0.00817	0.01437	0.01444	0.01946	0.15848	0.08882	0.15138	0.11400	0.09204	0.00383	0.10460	0.01000	0.00507	0.00631
5	0.01367	0.06193	0.04744	0.01406	0.03568	0.07716	0.07382	0.03922	0.07030	0.02123	0.13430	0.18519	0.03117	0.08736	0.01037	0.00277	0.00665	0.07492	0.00539	0.00737
6	0.00906	0.00643	0.00856	0.00999	0.01060	0.00616	0.00715	0.01056	0.01337	0.01772	0.03587	0.54295	0.04207	0.09024	0.01134	0.00322	0.00472	0.15827	0.00613	0.00558
7	0.01069	0.00763	0.01064	0.01221	0.01364	0.00758	0.01044	0.01359	0.01542	0.02010	0.03641	0.16228	0.04011	0.01922	0.00936	0.00310	0.00601	0.58906	0.00631	0.00621
8	0.00972	0.00654	0.00753	0.00775	0.00780	0.00648	0.00445	0.00989	0.01039	0.01385	0.02380	0.14362	0.02771	0.65685	0.03119	0.00610	0.00626	0.01127	0.00445	0.00434
9	0.04523	0.00795	0.00932	0.00910	0.01102	0.00790	0.00684	0.05552	0.01557	0.02115	0.14739	0.14227	0.27266	0.04765	0.16469	0.00433	0.00714	0.01211	0.00583	0.00632
10	0.01458	0.01230	0.01557	0.01370	0.01698	0.01317	0.07355	0.07612	0.31700	0.02626	0.11515	0.12562	0.07416	0.01226	0.00769	0.00240	0.00564	0.06249	0.00653	0.00885
11	0.02490	0.03122	0.01908	0.01734	0.02089	0.67679	0.01303	0.02802	0.07238	0.01766	0.01191	0.01336	0.00975	0.00722	0.00623	0.00181	0.01180	0.00466	0.00379	0.00816
12	0.04982	0.00858	0.01018	0.00967	0.01186	0.00829	0.00714	0.01748	0.07977	0.14735	0.10183	0.19557	0.14203	0.13809	0.01221	0.00310	0.00488	0.03854	0.00644	0.00716
13	0.00998	0.00672	0.00769	0.00760	0.00834	0.00654	0.00487	0.01115	0.01272	0.01770	0.14843	0.04567	0.10762	0.44576	0.04516	0.00497	0.00568	0.01042	0.08794	0.00503
14	0.15937	0.01524	0.01673	0.01324	0.01829	0.01612	0.01087	0.29829	0.08767	0.26521	0.01984	0.01866	0.01355	0.00808	0.00642	0.00211	0.00638	0.00613	0.00695	0.01084
15	0.01346	0.00846	0.01020	0.00999	0.01162	0.00843	0.00709	0.01736	0.11757	0.11601	0.03057	0.23598	0.05702	0.25986	0.01680	0.00389	0.00546	0.05742	0.00601	0.00680
16	0.01187	0.00880	0.01057	0.00914	0.01215	0.00736	0.00674	0.01406	0.01479	0.05243	0.15709	0.15914	0.10089	0.11329	0.01069	0.00248	0.00461	0.01028	0.00556	0.28805
17	0.01103	0.00898	0.00935	0.00960	0.01061	0.07450	0.00669	0.01186	0.01321	0.01665	0.08096	0.21809	0.12152	0.16951	0.07320	0.11218	0.00665	0.03503	0.00506	0.00531
18	0.01988	0.01498	0.01478	0.01256	0.01619	0.10223	0.00989	0.18793	0.14173	0.11515	0.16649	0.02678	0.02543	0.00947	0.00679	0.00204	0.00610	0.00764	0.10464	0.00929
19	0.20262	0.00930	0.01022	0.01001	0.01224	0.00966	0.00736	0.01767	0.08042	0.11066	0.02612	0.32770	0.02700	0.05525	0.00984	0.05457	0.00493	0.01157	0.00584	0.00704
20	0.01630	0.00968	0.01168	0.01039	0.01339	0.00929	0.00803	0.06388	0.09977	0.19751	0.18438	0.14993	0.17065	0.01349	0.00767	0.00228	0.00457	0.01155	0.00724	0.00832
21	0.02056	0.01009	0.01282	0.01106	0.01449	0.00940	0.00858	0.04597	0.08158	0.35725	0.06943	0.18841	0.08128	0.04548	0.00868	0.00249	0.00514	0.01070	0.00741	0.00917
22	0.02201	0.01454	0.01621	0.01307	0.01740	0.01554	0.01057	0.34689	0.11961	0.13891	0.10770	0.02403	0.02097	0.00910	0.00680	0.00206	0.00598	0.00729	0.09101	0.01032
23	0.01182	0.00690	0.00888	0.00924	0.01028	0.00641	0.00627	0.01271	0.01315	0.10846	0.03308	0.41981	0.07481	0.17634	0.01516	0.05535	0.00488	0.01461	0.00594	0.00590
24	0.01073	0.00763	0.00933	0.00943	0.01112	0.00733	0.00693	0.03801	0.04339	0.05238	0.14925	0.29193	0.20404	0.03845	0.06606	0.00325	0.00527	0.03257	0.00641	0.00649
25	0.01064	0.00758	0.00894	0.00902	0.01046	0.00741	0.00633	0.01365	0.07833	0.04995	0.06869	0.23169	0.20135	0.18959	0.07141	0.00409	0.00577	0.01310	0.00584	0.00614
26	0.07643	0.03364	0.66773	0.01867	0.02832	0.01585	0.02387	0.02154	0.01422	0.02238	0.01206	0.01418	0.00857	0.00649	0.00632	0.00216	0.00973	0.00495	0.00300	0.00990
27	0.80789	0.01323	0.01006	0.00900	0.01323	0.01535	0.00741	0.02011	0.01164	0.03070	0.00953	0.01111	0.00741	0.00635	0.00423	0.00212	0.00529	0.00370	0.00423	0.00741
28	0.03196	0.03595	0.06131	0.01338	0.03353	0.03534	0.02507	0.09005	0.06113	0.13703	0.02698	0.19457	0.07656	0.03645	0.06824	0.00316	0.04506	0.01010	0.00574	0.00838
29	0.01875	0.05791	0.16698	0.04811	0.12706	0.01351	0.05989	0.02349	0.04035	0.21560	0.02110	0.08089	0.01748	0.00930	0.00711	0.00225	0.00754	0.06768	0.00528	0.00974
30	0.01549	0.01212	0.01432	0.01029	0.01631	0.00919	0.00826	0.01850	0.01461	0.07751	0.01333	0.01491	0.01067	0.00534	0.00521	0.00110	0.00513	0.00428	0.00440	0.73903
31	0.00947	0.00673	0.00876	0.00912	0.00970	0.00702	0.00618	0.01063	0.01119	0.01527	0.02560	0.19763	0.04910	0.32810	0.26738	0.00713	0.00995	0.01131	0.00454	0.00519
32	0.06725	0.01454	0.01591	0.05921	0.12723	0.13175	0.01202	0.04836	0.03808	0.04641	0.04223	0.13949	0.03737	0.01636	0.09921	0.00339	0.02872	0.05978	0.00481	0.00789

[dist]
# distance from previous block
# <min> <max>
0	1

[block]
# block no. 5 follows, 31 sequences, length 7
# corresponding to MSA columns:
# 562-568
name=unknown_F
#
# <colnr> <probs for GDERKNQSTAVLIFYWHMCP>
#	G	D	E	R	K	N	Q	S	T	A	V	L	I	F	Y	W	H	M	C	P
0	0.00867	0.00644	0.00813	0.00913	0.01018	0.00591	0.00652	0.01038	0.01458	0.01910	0.12299	0.46968	0.18831	0.01948	0.00858	0.00264	0.00397	0.07306	0.00648	0.00577
1	0.02057	0.01457	0.01846	0.03848	0.10152	0.04239	0.04583	0.24515	0.02132	0.14293	0.04992	0.07050	0.01909	0.06009	0.00973	0.02913	0.00716	0.04775	0.00595	0.00945
2	0.01733	0.01601	0.02470	0.16730	0.24372	0.05135	0.11444	0.09856	0.01696	0.04824	0.01485	0.06174	0.01257	0.00801	0.00844	0.00224	0.07299	0.00713	0.00407	0.00934
3	0.01814	0.08570	0.05409	0.01594	0.01927	0.26741	0.07076	0.05313	0.01570	0.01816	0.01342	0.01898	0.01211	0.08427	0.14598	0.00411	0.08554	0.00598	0.00363	0.00767
4	0.01540	0.01357	0.01686	0.09340	0.04753	0.04000	0.04441	0.09293	0.04019	0.02438	0.08310	0.02131	0.04653	0.00730	0.00620	0.00161	0.00627	0.00618	0.00471	0.38811
5	0.01649	0.22893	0.14776	0.01672	0.05424	0.05001	0.07096	0.08480	0.05730	0.02134	0.01551	0.07893	0.01386	0.01211	0.07229	0.00283	0.03632	0.00667	0.00399	0.00895
6	0.01727	0.01297	0.07331	0.01182	0.01573	0.01123	0.01006	0.12013	0.10443	0.17356	0.07613	0.15328	0.16593	0.01265	0.00748	0.00229	0.00544	0.01068	0.00673	0.00889

[dist]
# distance from previous block
# <min> <max>
0	1

[block]
# block no. 6 follows, 31 sequences, length 72
# corresponding to MSA columns:
# 570-641
name=unknown_G
#
# <colnr> <probs for GDERKNQSTAVLIFYWHMCP>
#	G	D	E	R	K	N	Q	S	T	A	V	L	I	F	Y	W	H	M	C	P
0	0.01437	0.00847	0.01157	0.05107	0.01453	0.00801	0.00848	0.01616	0.01454	0.14997	0.08636	0.14246	0.07244	0.01953	0.10180	0.11550	0.00690	0.06682	0.00562	0.08537
1	0.17285	0.01130	0.01428	0.05687	0.10664	0.01176	0.01055	0.01826	0.05163	0.05168	0.01676	0.02399	0.01488	0.06306	0.17639	0.00435	0.00905	0.04837	0.00435	0.13297
2	0.01361	0.01088	0.01366	0.09457	0.01749	0.05117	0.01033	0.08410	0.01449	0.04381	0.02012	0.15967	0.01990	0.05037	0.27515	0.03472	0.06538	0.00909	0.00453	0.00696
