[name]
unknown

[dist]
# distance from previous block
# <min> <max>
0	176

[block]
# block no. 0 follows, 30 sequences, length 91
# corresponding to MSA columns:
# 191-281
name=unknown_A
#
# <colnr> <probs for GDERKNQSTAVLIFYWHMCP>
#	G	D	E	R	K	N	Q	S	T	A	V	L	I	F	Y	W	H	M	C	P
0	0.27102	0.00980	0.00934	0.00886	0.01173	0.01032	0.00699	0.01719	0.06943	0.02632	0.14546	0.03842	0.19098	0.01164	0.00651	0.00222	0.00439	0.04512	0.10719	0.00707
1	0.02042	0.01769	0.02629	0.03309	0.44749	0.01836	0.04470	0.25078	0.02173	0.03007	0.01441	0.01715	0.01132	0.00695	0.00699	0.00209	0.00822	0.00632	0.00467	0.01127
2	0.00890	0.00645	0.00841	0.00929	0.01017	0.00595	0.00644	0.01077	0.01542	0.02092	0.24074	0.50322	0.08870	0.01935	0.00867	0.00262	0.00379	0.01739	0.00684	0.00595
3	0.01545	0.01496	0.02617	0.34041	0.37259	0.01620	0.07345	0.01995	0.01510	0.02063	0.01289	0.01797	0.01026	0.00652	0.00704	0.00220	0.00900	0.00637	0.00331	0.00950
4	0.01540	0.24625	0.46247	0.01680	0.02551	0.01900	0.02033	0.02139	0.01455	0.02048	0.01169	0.01367	0.00899	0.00632	0.00588	0.00191	0.00907	0.00466	0.00305	0.07259
5	0.00957	0.00667	0.00849	0.00954	0.01002	0.00648	0.00654	0.01072	0.01272	0.01686	0.03240	0.38205	0.03777	0.27903	0.01839	0.00428	0.00543	0.13207	0.00568	0.00530
6	0.00857	0.00708	0.00751	0.00740	0.00962	0.00603	0.00555	0.01063	0.01666	0.02064	0.19517	0.06422	0.58281	0.01701	0.00824	0.00232	0.00349	0.01432	0.00671	0.00603
7	0.01424	0.01297	0.02093	0.68050	0.04596	0.01599	0.01889	0.07119	0.01545	0.01991	0.01275	0.01846	0.00951	0.00709	0.00698	0.00231	0.00917	0.00621	0.00341	0.00808
8	0.02352	0.02244	0.02320	0.06018	0.07942	0.26644	0.11101	0.18015	0.02157	0.10223	0.01548	0.03480	0.01192	0.00772	0.00697	0.00206	0.00985	0.00635	0.00497	0.00974
9	0.00905	0.00732	0.00807	0.00784	0.01001	0.00645	0.00589	0.01184	0.03668	0.02220	0.28253	0.06096	0.47384	0.01630	0.00821	0.00230	0.00351	0.01383	0.00690	0.00627
10	0.01318	0.01240	0.02093	0.73798	0.04806	0.01550	0.01938	0.01783	0.01395	0.01783	0.01240	0.01860	0.00930	0.00698	0.00698	0.00233	0.00930	0.00620	0.00310	0.00775
11	0.11588	0.01833	0.01974	0.01558	0.02060	0.12781	0.08371	0.23850	0.02244	0.19899	0.01768	0.01791	0.01243	0.00775	0.00659	0.00207	0.00796	0.00611	0.04969	0.01022
12	0.01803	0.00932	0.01024	0.00889	0.01173	0.00937	0.00701	0.11894	0.01821	0.14216	0.02266	0.02427	0.01689	0.00825	0.00554	0.00178	0.00435	0.00656	0.54761	0.00818
13	0.01683	0.01613	0.02753	0.11767	0.63983	0.01646	0.02120	0.02103	0.01568	0.02226	0.01305	0.01741	0.01087	0.00630	0.00692	0.00210	0.00840	0.00622	0.00342	0.01070
14	0.01809	0.01535	0.01619	0.01435	0.01842	0.01770	0.01122	0.08891	0.64561	0.03037	0.02747	0.02530	0.02055	0.00938	0.00709	0.00235	0.00569	0.00776	0.00709	0.01111
15	0.02337	0.01169	0.01645	0.01267	0.01774	0.00995	0.06295	0.02621	0.01790	0.42286	0.02899	0.06655	0.09136	0.00950	0.00702	0.00203	0.00590	0.00813	0.00707	0.15166
16	0.05868	0.01365	0.01704	0.01311	0.01851	0.01300	0.01083	0.17955	0.02254	0.54077	0.02447	0.02173	0.01571	0.00850	0.00691	0.00214	0.00631	0.00673	0.00811	0.01172
17	0.01460	0.12902	0.63093	0.01887	0.02862	0.01767	0.02400	0.02194	0.01466	0.02137	0.01216	0.01428	0.00885	0.00655	0.00635	0.00212	0.00995	0.00497	0.00295	0.01014
18	0.01400	0.03610	0.71860	0.01989	0.03020	0.01621	0.02578	0.02210	0.01473	0.02210	0.01252	0.01473	0.00884	0.00663	0.00663	0.00221	0.01031	0.00516	0.00295	0.01031
19	0.01536	0.01311	0.02188	0.55563	0.16450	0.01528	0.01902	0.01976	0.01478	0.07431	0.01374	0.01878	0.01025	0.00697	0.00697	0.00227	0.00885	0.00627	0.00360	0.00867
20	0.02976	0.01436	0.01773	0.01359	0.01905	0.01394	0.01123	0.24571	0.02413	0.49849	0.02404	0.02149	0.01552	0.00855	0.00701	0.00214	0.00650	0.00678	0.00810	0.01187
21	0.00948	0.00692	0.00892	0.00883	0.01029	0.00635	0.00647	0.01225	0.01821	0.02530	0.52841	0.18994	0.11055	0.01601	0.00836	0.00233	0.00346	0.01419	0.00736	0.00635
22	0.00877	0.00694	0.00789	0.00797	0.00982	0.00606	0.00586	0.01090	0.01667	0.02140	0.25447	0.16416	0.41979	0.01729	0.00834	0.00238	0.00354	0.01486	0.00684	0.00606
23	0.03018	0.01369	0.01732	0.01328	0.01872	0.01296	0.01097	0.18908	0.02302	0.55668	0.02497	0.02209	0.01599	0.00858	0.00701	0.00214	0.00635	0.00684	0.00824	0.01187
24	0.01584	0.01503	0.02503	0.28533	0.44003	0.01625	0.02013	0.02102	0.05299	0.02141	0.01372	0.01822	0.01101	0.00666	0.00694	0.00218	0.00849	0.00630	0.00353	0.00989
25	0.01400	0.03610	0.71860	0.01989	0.03020	0.01621	0.02578	0.02210	0.01473	0.02210	0.01252	0.01473	0.00884	0.00663	0.00663	0.00221	0.01031	0.00516	0.00295	0.01031
26	0.01349	0.00739	0.00771	0.00753	0.00931	0.00750	0.00565	0.06376	0.01580	0.02642	0.02402	0.10317	0.02049	0.00962	0.00546	0.00179	0.00366	0.00792	0.65249	0.00680
27	0.03131	0.01188	0.01619	0.01242	0.01781	0.01026	0.01026	0.03401	0.01997	0.71606	0.02753	0.02375	0.01727	0.00864	0.00702	0.00216	0.00594	0.00702	0.00864	0.01188
28	0.01560	0.09618	0.10977	0.04445	0.12200	0.05366	0.03624	0.01886	0.01520	0.07529	0.06919	0.19418	0.02298	0.01143	0.00881	0.00233	0.08104	0.00955	0.00473	0.00851
29	0.00825	0.00707	0.00707	0.00707	0.00943	0.00589	0.00530	0.01001	0.01591	0.01885	0.07069	0.06716	0.70839	0.01767	0.00825	0.00236	0.00353	0.01473	0.00648	0.00589
30	0.01318	0.01240	0.02093	0.73798	0.04806	0.01550	0.01938	0.01783	0.01395	0.01783	0.01240	0.01860	0.00930	0.00698	0.00698	0.00233	0.00930	0.00620	0.00310	0.00775
31	0.02292	0.01742	0.01786	0.01486	0.01952	0.06875	0.01186	0.25460	0.33568	0.12501	0.02311	0.02165	0.01671	0.00883	0.00699	0.00221	0.00681	0.00699	0.00701	0.01122
32	0.07072	0.01345	0.01589	0.01267	0.01747	0.03778	0.01028	0.14406	0.02107	0.46094	0.02474	0.07643	0.01770	0.00940	0.00691	0.00217	0.00622	0.00757	0.03367	0.01085
33	0.00946	0.00655	0.00774	0.00828	0.00858	0.00633	0.00506	0.00999	0.01164	0.01535	0.03101	0.28382	0.08136	0.45573	0.02462	0.00513	0.00562	0.01373	0.00515	0.00483
34	0.01946	0.02014	0.02498	0.09798	0.42443	0.17811	0.01867	0.06801	0.01758	0.02230	0.01265	0.01623	0.01042	0.00685	0.00730	0.00207	0.03328	0.00583	0.00368	0.01002
35	0.07362	0.13180	0.41595	0.01704	0.02517	0.01873	0.01961	0.13337	0.05664	0.02601	0.01354	0.01498	0.00998	0.00698	0.00625	0.00210	0.00885	0.00520	0.00396	0.01023
36	0.23231	0.23075	0.20986	0.01428	0.02068	0.09850	0.01473	0.06754	0.01560	0.02395	0.01107	0.01272	0.00875	0.00659	0.00539	0.00194	0.00825	0.00439	0.00368	0.00904
37	0.02149	0.24202	0.11804	0.01524	0.02127	0.11841	0.01422	0.25280	0.04383	0.02756	0.01342	0.01444	0.01043	0.00713	0.00600	0.00184	0.00843	0.00507	0.00464	0.05372
38	0.10306	0.02018	0.01746	0.01494	0.01876	0.20383	0.01180	0.24349	0.09489	0.02888	0.01947	0.06181	0.05338	0.00961	0.00799	0.00219	0.06652	0.00699	0.00546	0.00930
39	0.01804	0.01598	0.02107	0.21271	0.02862	0.05703	0.10336	0.22965	0.06109	0.02774	0.04522	0.02563	0.10484	0.00908	0.00732	0.00223	0.00813	0.00783	0.00523	0.00920
40	0.01399	0.08362	0.11700	0.01414	0.01738	0.03128	0.01292	0.07722	0.01408	0.01970	0.01526	0.02105	0.01354	0.03073	0.37428	0.00681	0.11900	0.00643	0.00375	0.00782
41	0.01475	0.01331	0.02118	0.63746	0.06711	0.01620	0.01879	0.08996	0.01604	0.02080	0.01289	0.01836	0.00964	0.00710	0.00697	0.00229	0.00909	0.00621	0.00353	0.00830
42	0.01635	0.01428	0.02329	0.29502	0.03209	0.01743	0.10586	0.01978	0.01371	0.09307	0.01304	0.01793	0.01028	0.00898	0.01313	0.00258	0.28454	0.00653	0.00374	0.00837
43	0.01428	0.01353	0.02292	0.55070	0.22673	0.01579	0.01993	0.01880	0.01448	0.01917	0.01260	0.01825	0.00977	0.00677	0.00696	0.00226	0.00903	0.00621	0.00320	0.00864
44	0.02580	0.05931	0.02038	0.01776	0.02144	0.70164	0.01343	0.02761	0.01957	0.01705	0.01075	0.01253	0.00899	0.00715	0.00623	0.00179	0.01240	0.00447	0.00357	0.00812
45	0.00932	0.00720	0.00857	0.00848	0.01043	0.00644	0.00654	0.01195	0.01771	0.02330	0.36238	0.06143	0.33864	0.01627	0.00839	0.00237	0.00373	0.08354	0.00703	0.00627
46	0.02983	0.01319	0.01688	0.01306	0.01840	0.01234	0.01075	0.13131	0.05943	0.57823	0.02598	0.02284	0.01669	0.00864	0.00702	0.00216	0.00617	0.00696	0.00831	0.01183
47	0.01727	0.01658	0.02832	0.04283	0.71123	0.01658	0.02142	0.02142	0.01589	0.02280	0.01313	0.01727	0.01105	0.00622	0.00691	0.00207	0.00829	0.00622	0.00345	0.01105
48	0.00873	0.00625	0.00830	0.00956	0.01017	0.00582	0.00650	0.01028	0.01441	0.01949	0.14849	0.63541	0.04939	0.02061	0.00880	0.00273	0.00392	0.01865	0.00668	0.00582
49	0.00869	0.00634	0.00824	0.00968	0.01039	0.00588	0.00673	0.01013	0.01385	0.01817	0.04180	0.62334	0.11684	0.02121	0.00889	0.00281	0.00418	0.07060	0.00647	0.00575
50	0.00985	0.00664	0.00770	0.00799	0.00806	0.00657	0.00463	0.01007	0.01072	0.01430	0.02494	0.17209	0.02910	0.62324	0.03074	0.00606	0.00628	0.01189	0.00463	0.00449
51	0.00845	0.00713	0.00735	0.00746	0.00976	0.00603	0.00570	0.01031	0.01592	0.01899	0.06843	0.06793	0.66364	0.01778	0.00834	0.00241	0.00373	0.05823	0.00648	0.00593
52	0.02127	0.08010	0.02207	0.01711	0.02000	0.19652	0.01402	0.20235	0.01923	0.02423	0.01167	0.01468	0.00984	0.00943	0.01299	0.00236	0.30332	0.00557	0.00425	0.00900
53	0.00996	0.00718	0.00973	0.01125	0.01241	0.00695	0.00897	0.01228	0.01495	0.01952	0.03943	0.35177	0.07958	0.02024	0.00926	0.00301	0.00530	0.36565	0.00645	0.00609
54	0.00928	0.00667	0.00915	0.01059	0.01136	0.00653	0.00780	0.01109	0.01374	0.01834	0.03599	0.51981	0.04171	0.02455	0.08625	0.00382	0.00616	0.16508	0.00617	0.00590
55	0.80405	0.01350	0.01026	0.00918	0.01350	0.01565	0.00756	0.02051	0.01188	0.03131	0.00972	0.01134	0.00756	0.00648	0.00432	0.00216	0.00540	0.00378	0.00432	0.00756
56	0.01206	0.01300	0.09041	0.01438	0.01621	0.01350	0.01261	0.01486	0.01143	0.01702	0.01504	0.02224	0.01392	0.03483	0.42868	0.00769	0.24479	0.00680	0.00344	0.00711
57	0.01881	0.01494	0.01636	0.01215	0.01805	0.04054	0.00981	0.18296	0.01947	0.06608	0.01424	0.01547	0.01104	0.00622	0.00576	0.00139	0.00612	0.00483	0.00506	0.53070
58	0.01799	0.01497	0.01595	0.01402	0.01800	0.01707	0.01099	0.12209	0.55566	0.03107	0.08092	0.02687	0.02359	0.00970	0.00717	0.00232	0.00563	0.00805	0.00713	0.01080
59	0.01992	0.02136	0.02444	0.01968	0.02394	0.23816	0.19635	0.11167	0.07287	0.02291	0.01481	0.01806	0.01191	0.01348	0.10306	0.00336	0.06429	0.00653	0.00428	0.00891
60	0.01015	0.00677	0.00761	0.00761	0.00761	0.00677	0.00423	0.01015	0.01015	0.01353	0.02199	0.04567	0.02537	0.75476	0.03552	0.00677	0.00677	0.01015	0.00423	0.00423
61	0.67698	0.01323	0.01123	0.00971	0.01421	0.01477	0.00800	0.02273	0.01321	0.14391	0.01265	0.01338	0.00916	0.00683	0.00476	0.00216	0.00549	0.00431	0.00503	0.00827
62	0.01538	0.01699	0.03617	0.07814	0.03447	0.01621	0.56505	0.02067	0.01596	0.02154	0.01661	0.09740	0.01432	0.00768	0.00822	0.00240	0.01076	0.00934	0.00382	0.00889
63	0.00937	0.00714	0.00871	0.00903	0.01076	0.00648	0.00696	0.01184	0.01690	0.02215	0.27424	0.15200	0.28705	0.01736	0.00858	0.00252	0.00404	0.13183	0.00687	0.00619
64	0.01437	0.09365	0.66430	0.01926	0.02922	0.01711	0.02468	0.02200	0.01469	0.02165	0.01230	0.01445	0.00885	0.00658	0.00646	0.00215	0.01009	0.00504	0.00295	0.01020
65	0.01301	0.00650	0.00650	0.00650	0.00813	0.00650	0.00488	0.01626	0.01463	0.02602	0.02276	0.02602	0.01789	0.00813	0.00488	0.00163	0.00325	0.00650	0.79350	0.00650
66	0.00868	0.00652	0.00805	0.00887	0.01000	0.00589	0.00620	0.01041	0.01516	0.01990	0.16663	0.45009	0.21936	0.01943	0.00862	0.00260	0.00378	0.01724	0.00669	0.00589
67	0.01790	0.01778	0.02771	0.04105	0.66174	0.06754	0.02085	0.02188	0.01617	0.02239	0.01296	0.01693	0.01091	0.00629	0.00686	0.00205	0.00860	0.00609	0.00346	0.01084
68	0.00880	0.00628	0.00844	0.01005	0.01059	0.00592	0.00699	0.01023	0.01365	0.01814	0.03830	0.67805	0.04551	0.02158	0.00899	0.00287	0.00430	0.08908	0.00647	0.00575
69	0.00969	0.00773	0.00879	0.00882	0.01076	0.00725	0.00649	0.01366	0.08971	0.02207	0.22116	0.20111	0.33354	0.01680	0.00826	0.00242	0.00379	0.01452	0.00685	0.00657
70	0.03131	0.01188	0.01619	0.01242	0.01781	0.01026	0.01026	0.03401	0.01997	0.71606	0.02753	0.02375	0.01727	0.00864	0.00702	0.00216	0.00594	0.00702	0.00864	0.01188
71	0.02653	0.01955	0.02094	0.01606	0.02164	0.02164	0.01326	0.68796	0.03281	0.04398	0.01675	0.01675	0.01187	0.00838	0.00698	0.00209	0.00768	0.00628	0.00698	0.01187
72	0.07930	0.06253	0.01938	0.01472	0.01979	0.22275	0.01183	0.27588	0.02277	0.02945	0.01325	0.01439	0.01025	0.00711	0.00608	0.00176	0.00841	0.00501	0.00501	0.17032
73	0.01566	0.01727	0.09992	0.15216	0.47336	0.01574	0.02054	0.02019	0.01507	0.02138	0.01339	0.01803	0.01104	0.01006	0.06423	0.00286	0.00950	0.00620	0.00336	0.01005
74	0.01015	0.00677	0.00761	0.00761	0.00761	0.00677	0.00423	0.01015	0.01015	0.01353	0.02199	0.04567	0.02537	0.75476	0.03552	0.00677	0.00677	0.01015	0.00423	0.00423
75	0.02018	0.01273	0.01478	0.01221	0.01604	0.01295	0.00962	0.24648	0.04368	0.16127	0.04918	0.10334	0.04251	0.07218	0.05149	0.00301	0.00676	0.00867	0.04696	0.06595
76	0.01578	0.38699	0.29029	0.01437	0.02120	0.02056	0.01615	0.01994	0.01386	0.01818	0.01238	0.01707	0.01107	0.10479	0.00938	0.00246	0.00845	0.00511	0.00313	0.00885
77	0.01727	0.01658	0.02832	0.04283	0.71123	0.01658	0.02142	0.02142	0.01589	0.02280	0.01313	0.01727	0.01105	0.00622	0.00691	0.00207	0.00829	0.00622	0.00345	0.01105
78	0.01318	0.01240	0.02093	0.73798	0.04806	0.01550	0.01938	0.01783	0.01395	0.01783	0.01240	0.01860	0.00930	0.00698	0.00698	0.00233	0.00930	0.00620	0.00310	0.00775
79	0.00947	0.00761	0.00857	0.00857	0.01071	0.00693	0.00659	0.01277	0.05669	0.02172	0.20915	0.08764	0.42778	0.01673	0.00834	0.00243	0.00391	0.08119	0.00679	0.00640
80	0.74860	0.01338	0.01068	0.00941	0.01381	0.01527	0.00775	0.02148	0.01246	0.08045	0.01099	0.01223	0.00825	0.00663	0.00451	0.00216	0.00544	0.00401	0.00463	0.00787
81	0.00997	0.00748	0.01121	0.01121	0.01246	0.00872	0.00872	0.01246	0.01121	0.01620	0.01869	0.02741	0.01745	0.05234	0.72710	0.01121	0.01869	0.00748	0.00374	0.00623
82	0.00850	0.00607	0.00810	0.00972	0.01012	0.00567	0.00648	0.00972	0.01336	0.01781	0.03846	0.75020	0.04615	0.02186	0.00891	0.00283	0.00405	0.01984	0.00648	0.00567
83	0.38571	0.01292	0.01366	0.01107	0.01598	0.01318	0.00914	0.05349	0.01676	0.37546	0.01893	0.01778	0.01260	0.00764	0.00578	0.00216	0.00576	0.00550	0.00659	0.00989
84	0.00861	0.00635	0.00806	0.00918	0.01004	0.00580	0.00630	0.01014	0.01446	0.01908	0.11564	0.56324	0.15681	0.02036	0.00873	0.00269	0.00388	0.01822	0.00661	0.00580
85	0.02037	0.01718	0.01621	0.01352	0.01763	0.12103	0.01069	0.26529	0.13713	0.03170	0.09250	0.02255	0.01950	0.00873	0.00661	0.00196	0.00678	0.00683	0.11137	0.07243
86	0.01270	0.00871	0.01315	0.01174	0.01414	0.00800	0.09724	0.01525	0.01568	0.09570	0.10567	0.30872	0.13441	0.01514	0.00793	0.00241	0.00503	0.01370	0.10761	0.00707
87	0.00848	0.00614	0.00802	0.00953	0.01007	0.00568	0.00639	0.00974	0.01354	0.01789	0.04077	0.70119	0.09368	0.02156	0.00886	0.00280	0.00401	0.01947	0.00648	0.00568
88	0.00902	0.00644	0.00869	0.01030	0.01093	0.00611	0.00737	0.01060	0.01387	0.01839	0.03818	0.62458	0.04503	0.02138	0.00904	0.00290	0.00449	0.14039	0.00647	0.00581
89	0.01949	0.47659	0.02921	0.01339	0.01853	0.13232	0.01197	0.02569	0.17256	0.01946	0.01417	0.01482	0.01180	0.00696	0.00536	0.00174	0.00780	0.00481	0.00403	0.00930
90	0.01419	0.03153	0.56633	0.02011	0.02877	0.01656	0.07658	0.02125	0.01460	0.02174	0.03523	0.01635	0.01090	0.00742	0.00856	0.00231	0.08882	0.00575	0.00316	0.00983

[dist]
# distance from previous block
# <min> <max>
0	1

[block]
# block no. 1 follows, 30 sequences, length 74
# corresponding to MSA columns:
# 283-356
name=unknown_B
#
# <colnr> <probs for GDERKNQSTAVLIFYWHMCP>
#	G	D	E	R	K	N	Q	S	T	A	V	L	I	F	Y	W	H	M	C	P
0	0.01923	0.33029	0.05421	0.01746	0.02298	0.15771	0.16357	0.06001	0.01663	0.01962	0.01208	0.01484	0.01013	0.00986	0.06070	0.00254	0.01037	0.00536	0.00351	0.00890
1	0.10978	0.01600	0.01705	0.01400	0.01859	0.01768	0.01139	0.35648	0.17131	0.07103	0.07240	0.02417	0.01915	0.00938	0.00693	0.00223	0.00648	0.03859	0.00682	0.01055
2	0.01601	0.34857	0.42377	0.01645	0.02489	0.02114	0.01980	0.02158	0.01449	0.01964	0.01130	0.01320	0.00889	0.00634	0.00570	0.00190	0.00908	0.00454	0.00296	0.00973
3	0.00939	0.00719	0.00854	0.00848	0.01032	0.00648	0.00646	0.01188	0.01727	0.02273	0.33901	0.06082	0.31994	0.05581	0.00985	0.00262	0.00393	0.08624	0.00687	0.00616
4	0.00953	0.00684	0.00883	0.01008	0.01078	0.00658	0.00686	0.04840	0.01447	0.01931	0.03722	0.70837	0.04420	0.02109	0.00880	0.00279	0.00426	0.01906	0.00651	0.00602
5	0.01263	0.00976	0.01212	0.01282	0.01493	0.01039	0.01054	0.02031	0.21159	0.02285	0.03470	0.15430	0.03556	0.01681	0.00881	0.00292	0.00585	0.38884	0.00663	0.00765
6	0.00850	0.00607	0.00810	0.00972	0.01012	0.00567	0.00648	0.00972	0.01336	0.01781	0.03846	0.75020	0.04615	0.02186	0.00891	0.00283	0.00405	0.01984	0.00648	0.00567
7	0.02463	0.01031	0.01397	0.01141	0.01553	0.00904	0.00913	0.02728	0.01919	0.50558	0.15956	0.11049	0.02985	0.01120	0.00746	0.00224	0.00522	0.00953	0.00821	0.01016
8	0.01576	0.01360	0.01425	0.01295	0.01662	0.01535	0.01004	0.03234	0.57906	0.02738	0.03581	0.03324	0.14163	0.01090	0.00730	0.00237	0.00517	0.00909	0.00699	0.01014
9	0.02607	0.03326	0.01978	0.01798	0.02157	0.72674	0.01348	0.02787	0.01978	0.01708	0.01079	0.01258	0.00899	0.00719	0.00629	0.00180	0.01258	0.00449	0.00360	0.00809
10	0.02501	0.01809	0.01933	0.01499	0.02013	0.01995	0.01233	0.61281	0.03078	0.04197	0.01743	0.01779	0.01254	0.00835	0.00675	0.00204	0.00718	0.00631	0.09498	0.01127
11	0.00826	0.00701	0.00713	0.00722	0.00947	0.00588	0.00537	0.01000	0.01576	0.01879	0.06885	0.10611	0.67062	0.01791	0.00829	0.00238	0.00356	0.01502	0.00648	0.00588
12	0.01727	0.01658	0.02832	0.04283	0.71123	0.01658	0.02142	0.02142	0.01589	0.02280	0.01313	0.01727	0.01105	0.00622	0.00691	0.00207	0.00829	0.00622	0.00345	0.01105
13	0.01879	0.02142	0.01874	0.05544	0.09794	0.34544	0.05145	0.02142	0.01755	0.01888	0.02320	0.06562	0.09102	0.01073	0.00737	0.00222	0.00954	0.11092	0.00445	0.00786
14	0.01866	0.75896	0.03657	0.01194	0.01791	0.02761	0.01194	0.02090	0.01418	0.01642	0.00970	0.01119	0.00896	0.00597	0.00448	0.00149	0.00746	0.00373	0.00299	0.00896
15	0.00848	0.00615	0.00802	0.00952	0.01007	0.00568	0.00639	0.00974	0.01355	0.01789	0.04091	0.69838	0.09639	0.02154	0.00886	0.00280	0.00401	0.01945	0.00648	0.00568
16	0.02086	0.02635	0.10199	0.07800	0.07206	0.33695	0.12947	0.05760	0.07007	0.02118	0.01345	0.01588	0.01048	0.00706	0.00685	0.00205	0.01088	0.00579	0.00389	0.00914
17	0.15762	0.14475	0.02158	0.01532	0.01850	0.18062	0.01274	0.09273	0.01591	0.02226	0.01053	0.01345	0.00910	0.00861	0.01109	0.00225	0.24579	0.00495	0.00381	0.00840
18	0.12228	0.01672	0.01689	0.01330	0.01860	0.05225	0.01075	0.28316	0.10922	0.03269	0.01573	0.01634	0.01191	0.00725	0.00607	0.00180	0.00660	0.00543	0.00562	0.24737
19	0.02608	0.03280	0.01981	0.01791	0.02158	0.70302	0.01348	0.05007	0.02021	0.01798	0.01099	0.01272	0.00909	0.00723	0.00632	0.00181	0.01242	0.00455	0.00371	0.00822
20	0.01682	0.01658	0.03184	0.02309	0.02923	0.01554	0.43992	0.04543	0.01679	0.05831	0.05144	0.01984	0.01382	0.00674	0.00830	0.00213	0.04492	0.00752	0.00422	0.14753
21	0.01024	0.00787	0.01173	0.01157	0.01276	0.00936	0.00905	0.01268	0.01119	0.01623	0.01821	0.02680	0.01703	0.05031	0.69150	0.01080	0.05526	0.00741	0.00370	0.00630
22	0.01296	0.00794	0.00960	0.00871	0.01131	0.00694	0.00670	0.01552	0.01821	0.14473	0.32697	0.05333	0.32117	0.01468	0.00803	0.00225	0.00386	0.01250	0.00736	0.00723
23	0.02583	0.02121	0.01791	0.05580	0.02088	0.29278	0.01213	0.14764	0.02143	0.22335	0.01777	0.01801	0.01265	0.00789	0.00655	0.00197	0.00882	0.00581	0.07187	0.00971
24	0.47292	0.02126	0.23490	0.01328	0.01962	0.01646	0.01391	0.09126	0.01498	0.02974	0.01134	0.01298	0.00842	0.00673	0.00533	0.00217	0.00719	0.00448	0.00417	0.00888
25	0.01420	0.00848	0.01079	0.01079	0.01284	0.00802	0.00815	0.06609	0.01664	0.14260	0.03831	0.40187	0.11179	0.01771	0.00845	0.00266	0.00491	0.10145	0.00689	0.00735
26	0.03131	0.01188	0.01619	0.01242	0.01781	0.01026	0.01026	0.03401	0.01997	0.71606	0.02753	0.02375	0.01727	0.00864	0.00702	0.00216	0.00594	0.00702	0.00864	0.01188
27	0.00881	0.00629	0.00845	0.01007	0.01061	0.00593	0.00701	0.01025	0.01366	0.01816	0.03829	0.67508	0.04548	0.02157	0.00899	0.00288	0.00431	0.09194	0.00647	0.00575
28	0.10715	0.01609	0.01615	0.11508	0.02165	0.09003	0.01175	0.13802	0.24819	0.04883	0.01964	0.02033	0.01472	0.00819	0.00642	0.00215	0.00690	0.00639	0.09279	0.00955
29	0.02832	0.01177	0.01541	0.01211	0.01697	0.01064	0.00989	0.08358	0.02024	0.57269	0.02689	0.06222	0.01843	0.00929	0.00695	0.00215	0.00577	0.00761	0.06793	0.01114
30	0.00861	0.00631	0.00813	0.00953	0.01026	0.00582	0.00657	0.01001	0.01385	0.01812	0.04273	0.62202	0.13528	0.02116	0.00886	0.00279	0.00411	0.05362	0.00648	0.00574
31	0.24816	0.01329	0.01511	0.01196	0.01708	0.01319	0.00987	0.11167	0.01929	0.43966	0.02118	0.01939	0.01387	0.00800	0.00625	0.00215	0.00600	0.00601	0.00722	0.01066
32	0.02426	0.03034	0.01861	0.01695	0.02033	0.64617	0.01271	0.02622	0.01977	0.01830	0.08874	0.01701	0.01535	0.00798	0.00651	0.00184	0.01154	0.00540	0.00405	0.00792
33	0.05501	0.00824	0.00878	0.00850	0.01086	0.00782	0.00641	0.01423	0.08875	0.02283	0.21660	0.09248	0.40328	0.01556	0.00793	0.00233	0.00382	0.01314	0.00672	0.00669
34	0.45776	0.01277	0.01292	0.01063	0.01543	0.01324	0.00877	0.02656	0.01550	0.33817	0.01770	0.01690	0.01191	0.00745	0.00553	0.00216	0.00564	0.00523	0.00625	0.00949
35	0.02128	0.02180	0.01770	0.01528	0.01961	0.27225	0.01183	0.11451	0.27648	0.02585	0.01841	0.01844	0.01418	0.00793	0.00653	0.00195	0.00829	0.00595	0.00542	0.11630
36	0.05236	0.01543	0.01988	0.04357	0.11378	0.05452	0.07258	0.10221	0.06227	0.07839	0.01822	0.05415	0.03652	0.00812	0.00744	0.00196	0.04435	0.00680	0.00495	0.20251
37	0.01487	0.17181	0.59055	0.01840	0.02789	0.01835	0.02318	0.02187	0.01463	0.02103	0.01199	0.01407	0.00886	0.00651	0.00623	0.00208	0.00978	0.00489	0.00295	0.01006
38	0.01086	0.00776	0.01078	0.01227	0.01374	0.00769	0.01045	0.01385	0.01597	0.02095	0.07536	0.15232	0.04230	0.01928	0.00948	0.00311	0.00598	0.55499	0.00650	0.00635
39	0.01342	0.00715	0.00810	0.00791	0.00948	0.00682	0.00559	0.01549	0.01415	0.09873	0.02896	0.13497	0.07584	0.17759	0.01278	0.00306	0.00447	0.00987	0.35919	0.00643
40	0.08448	0.01547	0.07484	0.37322	0.07463	0.01557	0.09686	0.06391	0.01586	0.06346	0.01407	0.01815	0.01039	0.00698	0.00677	0.00223	0.00870	0.00622	0.03941	0.00877
41	0.02321	0.04654	0.21687	0.01596	0.02272	0.01716	0.01584	0.26670	0.07442	0.20198	0.01887	0.01843	0.01297	0.00795	0.00682	0.00214	0.00782	0.00618	0.00613	0.01127
42	0.00866	0.00633	0.00815	0.00929	0.01008	0.00582	0.00636	0.01022	0.01451	0.01930	0.13245	0.57925	0.12314	0.02037	0.00874	0.00269	0.00389	0.01829	0.00664	0.00582
43	0.10247	0.04753	0.01788	0.11805	0.02122	0.01302	0.10492	0.06726	0.01475	0.03884	0.01918	0.07090	0.01861	0.16765	0.08789	0.00420	0.00882	0.06499	0.00451	0.00732
44	0.07341	0.01200	0.01778	0.21720	0.02606	0.01353	0.07674	0.03630	0.10610	0.02122	0.01671	0.02171	0.01373	0.02209	0.24481	0.00518	0.01156	0.00675	0.00414	0.05298
45	0.01561	0.24162	0.44682	0.01868	0.02738	0.01964	0.09590	0.02178	0.01477	0.02050	0.01189	0.01418	0.00907	0.00636	0.00619	0.00202	0.00966	0.00509	0.00302	0.00982
46	0.00897	0.00692	0.00819	0.00824	0.00996	0.00614	0.00604	0.01128	0.01706	0.02247	0.33012	0.18052	0.32497	0.01699	0.00836	0.00237	0.00352	0.01475	0.00698	0.00614
47	0.01534	0.15612	0.28989	0.01744	0.02415	0.01682	0.12400	0.07077	0.01609	0.02240	0.01693	0.12158	0.01528	0.00881	0.00675	0.00215	0.00851	0.00767	0.05013	0.00915
48	0.01727	0.20863	0.11853	0.14193	0.02588	0.04249	0.05320	0.07382	0.12736	0.04206	0.03509	0.01858	0.01358	0.00957	0.04111	0.00249	0.00867	0.00603	0.00435	0.00937
49	0.00969	0.00776	0.00896	0.01022	0.01094	0.04661	0.00704	0.01116	0.01430	0.01865	0.08760	0.63293	0.04534	0.02037	0.00873	0.00274	0.00455	0.04010	0.00640	0.00590
50	0.00933	0.00686	0.00887	0.00990	0.01109	0.00641	0.00744	0.01143	0.01540	0.02028	0.14675	0.37417	0.15257	0.01941	0.00887	0.00275	0.00442	0.17137	0.00665	0.00603
51	0.01748	0.01995	0.09787	0.16307	0.11006	0.19276	0.04804	0.02123	0.01672	0.05938	0.06920	0.07886	0.01881	0.00935	0.00722	0.00222	0.00902	0.04584	0.00439	0.00851
52	0.10515	0.01196	0.01296	0.01098	0.01424	0.01279	0.00880	0.20715	0.02066	0.06541	0.15149	0.03173	0.12282	0.01077	0.00764	0.00214	0.04672	0.00845	0.13974	0.00841
53	0.12861	0.02103	0.01764	0.01453	0.01936	0.21900	0.01151	0.24318	0.07357	0.02977	0.01423	0.01514	0.01091	0.00730	0.00612	0.00185	0.00816	0.00518	0.00517	0.14771
54	0.02379	0.02714	0.05525	0.01611	0.02001	0.50046	0.01278	0.02624	0.01953	0.10390	0.11076	0.01961	0.01797	0.00833	0.00667	0.00192	0.01035	0.00598	0.00475	0.00846
55	0.01367	0.01148	0.01357	0.01006	0.01547	0.00883	0.00797	0.01680	0.01540	0.02366	0.13414	0.02106	0.02006	0.00676	0.00570	0.00124	0.00484	0.00562	0.00476	0.65893
56	0.01559	0.01590	0.01302	0.01241	0.01418	0.23520	0.00892	0.01835	0.06584	0.01673	0.01889	0.06303	0.01887	0.24715	0.19992	0.00581	0.01143	0.00798	0.00423	0.00655
57	0.00841	0.00689	0.00742	0.00769	0.00963	0.00590	0.00561	0.01018	0.01570	0.01931	0.10990	0.19433	0.53840	0.01822	0.00837	0.00243	0.00361	0.01554	0.00657	0.00590
58	0.01435	0.01339	0.02242	0.39388	0.29430	0.01491	0.01872	0.01866	0.01533	0.02084	0.09045	0.02185	0.01629	0.00751	0.00709	0.00222	0.00825	0.00693	0.00375	0.00887
59	0.01727	0.01658	0.02832	0.04283	0.71123	0.01658	0.02142	0.02142	0.01589	0.02280	0.01313	0.01727	0.01105	0.00622	0.00691	0.00207	0.00829	0.00622	0.00345	0.01105
60	0.01604	0.01533	0.02610	0.25169	0.51198	0.01626	0.02080	0.02034	0.01531	0.02131	0.01291	0.01767	0.01053	0.00645	0.00693	0.00215	0.00859	0.00621	0.00335	0.01006
61	0.03014	0.01214	0.01616	0.01257	0.01784	0.01085	0.01032	0.03427	0.07683	0.65852	0.02760	0.02394	0.01761	0.00871	0.00702	0.00218	0.00590	0.00709	0.00851	0.01181
62	0.02009	0.01043	0.01304	0.01131	0.01480	0.00986	0.00882	0.06183	0.09162	0.31221	0.10501	0.18432	0.10049	0.01303	0.00768	0.00234	0.00507	0.01116	0.00760	0.00930
63	0.01143	0.00783	0.00979	0.01000	0.01176	0.00738	0.00756	0.04997	0.01701	0.06164	0.18368	0.30122	0.16513	0.01764	0.00854	0.00259	0.00445	0.10881	0.00688	0.00671
64	0.01604	0.00773	0.00863	0.00799	0.01025	0.00749	0.00612	0.03827	0.01594	0.13833	0.02456	0.08032	0.01976	0.00926	0.00559	0.00182	0.00388	0.00759	0.58296	0.00747
65	0.11221	0.01274	0.01476	0.01210	0.01662	0.01278	0.00988	0.13154	0.09302	0.33727	0.02634	0.02665	0.05389	0.00940	0.00675	0.00219	0.00580	0.03869	0.06705	0.01031
66	0.01930	0.00983	0.01309	0.01194	0.04746	0.00889	0.00885	0.02276	0.04178	0.31569	0.29559	0.03933	0.11233	0.01173	0.00762	0.00220	0.00474	0.01003	0.00773	0.00909
67	0.01469	0.01459	0.02419	0.46911	0.13098	0.03736	0.09361	0.01900	0.01432	0.01886	0.01230	0.01792	0.00965	0.00731	0.00877	0.00236	0.08703	0.00637	0.00321	0.00837
68	0.00984	0.00718	0.00891	0.00964	0.01112	0.00681	0.00751	0.01206	0.01506	0.01980	0.08727	0.17273	0.22588	0.07567	0.04532	0.00341	0.00547	0.21920	0.05112	0.00599
69	0.00880	0.00666	0.00813	0.00867	0.01000	0.00599	0.00615	0.01075	0.01588	0.02092	0.23175	0.35404	0.24990	0.01852	0.00852	0.00252	0.00369	0.01633	0.00681	0.00599
70	0.01400	0.01317	0.02221	0.52464	0.21626	0.01531	0.01928	0.01836	0.01442	0.01910	0.01384	0.05353	0.01153	0.00750	0.00705	0.00229	0.00879	0.00686	0.00335	0.00850
71	0.01836	0.01577	0.02300	0.13315	0.39156	0.06864	0.01745	0.03965	0.01723	0.10034	0.08987	0.02160	0.01730	0.00760	0.00703	0.00211	0.00794	0.00687	0.00455	0.00998
72	0.01307	0.06685	0.05218	0.01078	0.01334	0.01024	0.00875	0.03967	0.09147	0.05814	0.14753	0.30809	0.03614	0.01444	0.00751	0.00234	0.00482	0.01261	0.09447	0.00755
73	0.27894	0.05583	0.08979	0.01245	0.01797	0.08103	0.01115	0.05227	0.05347	0.10027	0.01394	0.01486	0.01048	0.00674	0.00550	0.00187	0.00681	0.00475	0.00473	0.17717

[dist]
# distance from previous block
# <min> <max>
3	14

[block]
# block no. 2 follows, 30 sequences, length 38
# corresponding to MSA columns:
# 371-408
name=unknown_C
#
# <colnr> <probs for GDERKNQSTAVLIFYWHMCP>
#	G	D	E	R	K	N	Q	S	T	A	V	L	I	F	Y	W	H	M	C	P
0	0.01595	0.10937	0.22914	0.04028	0.04805	0.01593	0.01559	0.05295	0.15778	0.05620	0.01943	0.09289	0.01648	0.01164	0.05152	0.00272	0.00820	0.00736	0.00475	0.04377
1	0.01732	0.01547	0.01893	0.11942	0.18249	0.07918	0.01408	0.14006	0.09286	0.02526	0.02010	0.15412	0.01859	0.01008	0.00714	0.00221	0.00735	0.00872	0.02942	0.03721
2	0.01012	0.00737	0.00982	0.00986	0.01043	0.00814	0.00689	0.01139	0.01097	0.01527	0.02175	0.11099	0.02345	0.34266	0.32915	0.00810	0.04420	0.00985	0.00420	0.00539
3	0.01160	0.00834	0.01019	0.01024	0.01209	0.00813	0.00781	0.08066	0.01719	0.04007	0.13995	0.25559	0.17733	0.04226	0.04123	0.00310	0.00535	0.11557	0.00656	0.00673
4	0.01935	0.11709	0.09902	0.02227	0.17889	0.09833	0.04153	0.02274	0.01552	0.11096	0.01352	0.01602	0.01072	0.00762	0.00923	0.00210	0.13733	0.00559	0.00402	0.06816
5	0.01431	0.01110	0.01381	0.01544	0.11398	0.04240	0.01030	0.08411	0.01671	0.02414	0.09167	0.09727	0.02465	0.01770	0.12134	0.00360	0.03574	0.05586	0.19817	0.00770
6	0.00854	0.00665	0.00776	0.00840	0.00984	0.00587	0.00595	0.01023	0.01523	0.01940	0.12642	0.36037	0.35226	0.01911	0.00853	0.00254	0.00373	0.01670	0.00661	0.00587
7	0.01732	0.01917	0.10544	0.01324	0.01952	0.11545	0.01176	0.08773	0.01714	0.02399	0.01263	0.01446	0.01011	0.00597	0.00570	0.00140	0.00715	0.00453	0.00419	0.50310
8	0.05931	0.01665	0.01722	0.04795	0.04779	0.10359	0.01168	0.15541	0.15946	0.14959	0.07092	0.02164	0.01792	0.00840	0.00672	0.00205	0.00697	0.00666	0.00621	0.08386
9	0.00865	0.00622	0.00841	0.00987	0.01036	0.00598	0.00671	0.01000	0.01314	0.01765	0.03645	0.67679	0.04324	0.02496	0.08185	0.00369	0.00554	0.01858	0.00620	0.00573
10	0.00989	0.00649	0.00852	0.00944	0.01031	0.00599	0.00649	0.01097	0.01392	0.04831	0.08229	0.53490	0.11112	0.02059	0.01043	0.07703	0.00422	0.01700	0.00633	0.00577
11	0.14262	0.04553	0.19705	0.01709	0.08523	0.04261	0.01514	0.13234	0.01838	0.14776	0.01680	0.04655	0.01274	0.00789	0.00635	0.00212	0.00759	0.00613	0.04009	0.00999
12	0.01818	0.68554	0.10584	0.01275	0.01916	0.02645	0.01335	0.02102	0.01424	0.01699	0.00999	0.01155	0.00894	0.00604	0.00470	0.00157	0.00775	0.00388	0.00298	0.00909
13	0.01535	0.01328	0.02070	0.32317	0.13080	0.01519	0.04325	0.08059	0.01552	0.04068	0.01441	0.02061	0.01193	0.05854	0.08416	0.00347	0.06531	0.00662	0.00385	0.03257
14	0.02358	0.12234	0.02219	0.01718	0.02064	0.50522	0.01354	0.05398	0.01831	0.01812	0.01067	0.01298	0.00913	0.00781	0.00849	0.00195	0.11726	0.00471	0.00359	0.00830
15	0.01664	0.01756	0.02117	0.01828	0.01873	0.11107	0.01504	0.01820	0.01184	0.01683	0.00937	0.01493	0.00914	0.01158	0.02079	0.00289	0.64923	0.00590	0.00312	0.00769
16	0.71168	0.01394	0.01136	0.00987	0.01433	0.01596	0.00813	0.07677	0.01391	0.05664	0.01094	0.01223	0.00826	0.00671	0.00464	0.00215	0.00561	0.00410	0.00469	0.00807
17	0.01157	0.00839	0.01051	0.00952	0.01156	0.00811	0.00726	0.08171	0.02108	0.02961	0.63738	0.04853	0.06036	0.01367	0.00810	0.00218	0.00374	0.01198	0.00761	0.00712
18	0.01050	0.00901	0.01368	0.01496	0.10161	0.00837	0.07167	0.01296	0.01555	0.02060	0.13762	0.31275	0.21110	0.01621	0.00832	0.00248	0.00507	0.01467	0.00599	0.00689
19	0.01403	0.01003	0.01178	0.01112	0.01352	0.01029	0.00847	0.11764	0.08090	0.07392	0.03914	0.28633	0.18800	0.01748	0.03601	0.00286	0.03025	0.03395	0.00655	0.00772
20	0.17530	0.01428	0.01638	0.01280	0.01805	0.01438	0.01057	0.21013	0.02196	0.40370	0.02124	0.01951	0.01397	0.00816	0.00650	0.00214	0.00631	0.00621	0.00737	0.01106
21	0.29688	0.01235	0.01308	0.01094	0.01537	0.01278	0.00888	0.02794	0.11480	0.30782	0.02096	0.01998	0.01453	0.00795	0.00587	0.00214	0.00542	0.00596	0.08663	0.00970
22	0.01222	0.00692	0.00813	0.00843	0.01002	0.00643	0.00609	0.01439	0.01481	0.08626	0.03647	0.32274	0.12930	0.01508	0.00719	0.00227	0.00386	0.01310	0.28973	0.00658
23	0.02333	0.01597	0.01769	0.01455	0.01853	0.06565	0.01177	0.19215	0.14906	0.21955	0.04869	0.02167	0.01694	0.00936	0.00925	0.00227	0.11305	0.00690	0.03318	0.01044
24	0.00870	0.00629	0.00828	0.00981	0.01042	0.00587	0.00678	0.01011	0.01372	0.01812	0.04025	0.65724	0.08479	0.02141	0.00893	0.00284	0.00420	0.07004	0.00647	0.00574
25	0.01102	0.01108	0.08205	0.01182	0.01442	0.00905	0.01029	0.01609	0.10504	0.02088	0.03997	0.24783	0.15919	0.01712	0.00854	0.00274	0.00552	0.21405	0.00619	0.00712
26	0.01860	0.05418	0.17609	0.01488	0.02033	0.09360	0.01412	0.19528	0.10079	0.04669	0.02507	0.02701	0.11428	0.04185	0.00822	0.00236	0.00783	0.02391	0.00537	0.00954
27	0.02195	0.01259	0.01515	0.01238	0.01650	0.01266	0.00994	0.17537	0.11268	0.26723	0.22937	0.03100	0.03117	0.01038	0.00738	0.00218	0.00548	0.00865	0.00777	0.01018
28	0.00873	0.00662	0.00809	0.00898	0.01021	0.00598	0.00642	0.01044	0.01495	0.01930	0.11136	0.42121	0.26096	0.01963	0.00868	0.00264	0.00397	0.05937	0.00659	0.00587
29	0.01018	0.00712	0.00818	0.00841	0.01034	0.00618	0.00611	0.01188	0.01549	0.07330	0.07421	0.28872	0.41813	0.01825	0.00837	0.00249	0.00389	0.01575	0.00668	0.00630
30	0.08971	0.21254	0.33607	0.02025	0.09539	0.01923	0.09225	0.02161	0.01463	0.02163	0.01178	0.01423	0.00916	0.00633	0.00607	0.00203	0.00909	0.00511	0.00320	0.00969
31	0.01375	0.01141	0.01737	0.12257	0.13927	0.01316	0.01361	0.01670	0.01394	0.04947	0.08187	0.03027	0.02078	0.05259	0.16387	0.00457	0.14859	0.07411	0.00434	0.00776
32	0.01619	0.07183	0.01824	0.01613	0.07407	0.09471	0.04038	0.01839	0.01395	0.08820	0.01811	0.09052	0.01722	0.09283	0.18753	0.00491	0.11677	0.00794	0.00433	0.00773
33	0.09792	0.08365	0.01689	0.01174	0.01708	0.03765	0.00966	0.06351	0.10303	0.08589	0.01633	0.01849	0.01304	0.00699	0.00573	0.00163	0.00597	0.02833	0.00506	0.37143
34	0.05661	0.07381	0.17682	0.02396	0.12222	0.01709	0.25370	0.07430	0.01724	0.02465	0.07820	0.01976	0.01528	0.00711	0.00714	0.00218	0.00922	0.00701	0.00406	0.00963
35	0.01293	0.15562	0.01626	0.01097	0.01359	0.04876	0.04676	0.01523	0.01405	0.01883	0.02719	0.15470	0.10830	0.05595	0.13137	0.00385	0.00804	0.00968	0.14109	0.00685
36	0.01237	0.00928	0.01268	0.11390	0.12093	0.00934	0.00975	0.01543	0.01516	0.02231	0.11600	0.03441	0.12225	0.07961	0.00928	0.00243	0.00531	0.00865	0.24168	0.03923
37	0.04115	0.25450	0.20216	0.01731	0.06429	0.15289	0.01612	0.04219	0.10701	0.02122	0.01351	0.01485	0.01074	0.00692	0.00592	0.00192	0.00888	0.00501	0.00381	0.00958

[dist]
# distance from previous block
# <min> <max>
0	4

[block]
# block no. 3 follows, 30 sequences, length 17
# corresponding to MSA columns:
# 413-429
name=unknown_D
#
# <colnr> <probs for GDERKNQSTAVLIFYWHMCP>
#	G	D	E	R	K	N	Q	S	T	A	V	L	I	F	Y	W	H	M	C	P
0	0.00959	0.00689	0.00903	0.05323	0.01211	0.00673	0.00700	0.01081	0.01340	0.01763	0.08152	0.35832	0.11300	0.15011	0.01483	0.06365	0.00504	0.05593	0.00569	0.00547
1	0.16872	0.10696	0.02163	0.12272	0.09929	0.04861	0.07046	0.08991	0.01628	0.02451	0.01396	0.06553	0.01215	0.00754	0.00614	0.00199	0.00753	0.00622	0.00419	0.10568
2	0.06504	0.09865	0.02242	0.07381	0.06977	0.01716	0.08355	0.17655	0.06285	0.08962	0.06562	0.02080	0.03062	0.00808	0.00717	0.00207	0.02998	0.00669	0.00534	0.06420
3	0.01261	0.01134	0.01254	0.01172	0.01276	0.06529	0.00868	0.01519	0.06051	0.01841	0.10311	0.12571	0.10453	0.21301	0.01889	0.00370	0.17993	0.01061	0.00502	0.00643
4	0.01059	0.00796	0.00973	0.00967	0.01099	0.00826	0.00687	0.01456	0.10202	0.01976	0.15074	0.14669	0.09269	0.21184	0.16108	0.00532	0.00773	0.01158	0.00564	0.00629
5	0.05212	0.09255	0.11118	0.01666	0.06539	0.10679	0.06948	0.02213	0.06917	0.02217	0.01327	0.01525	0.01064	0.00622	0.00592	0.00166	0.00781	0.00503	0.00395	0.30262
6	0.01231	0.00958	0.01259	0.01439	0.10249	0.00935	0.00930	0.03195	0.08992	0.03673	0.12568	0.27399	0.09206	0.03772	0.00876	0.00253	0.00499	0.04571	0.02463	0.05532
7	0.00880	0.00645	0.00830	0.00947	0.01034	0.00595	0.00664	0.01045	0.01458	0.01929	0.11767	0.54039	0.13356	0.02030	0.00879	0.00272	0.00405	0.05978	0.00661	0.00585
8	0.00948	0.00735	0.00868	0.00874	0.01049	0.00680	0.00640	0.01279	0.05815	0.02272	0.30341	0.20953	0.27624	0.01680	0.00832	0.00240	0.00368	0.01464	0.00697	0.00642
9	0.01778	0.07800	0.07983	0.08881	0.47949	0.09466	0.01998	0.02186	0.01594	0.02124	0.01250	0.01619	0.01036	0.00639	0.00663	0.00203	0.00892	0.00575	0.00337	0.01026
10	0.01756	0.01255	0.01499	0.06743	0.01821	0.01364	0.01062	0.13584	0.13386	0.12932	0.03510	0.06481	0.20909	0.01209	0.00923	0.00238	0.08833	0.00957	0.00635	0.00901
11	0.00929	0.00850	0.05741	0.01074	0.01213	0.00677	0.00847	0.01132	0.01403	0.01865	0.03844	0.55355	0.08364	0.02016	0.00882	0.00282	0.00482	0.11812	0.00623	0.00612
12	0.01830	0.01854	0.02427	0.07090	0.27810	0.16060	0.09163	0.02173	0.01617	0.05174	0.04442	0.01901	0.01352	0.01092	0.06302	0.00285	0.07465	0.00650	0.00388	0.00924
13	0.01900	0.10130	0.12492	0.01769	0.07355	0.01657	0.07427	0.11121	0.14828	0.11814	0.08294	0.04436	0.01946	0.00866	0.00696	0.00216	0.00730	0.00740	0.00565	0.01020
14	0.01095	0.00740	0.00849	0.00858	0.01024	0.00723	0.00629	0.01504	0.07717	0.02400	0.20788	0.20349	0.12625	0.01419	0.00729	0.00221	0.00368	0.01230	0.24065	0.00666
15	0.01407	0.01135	0.01166	0.01059	0.01341	0.05556	0.00800	0.13863	0.01854	0.02472	0.07407	0.23222	0.17502	0.01399	0.00742	0.00218	0.00517	0.01187	0.07546	0.09607
16	0.12989	0.01689	0.01553	0.01388	0.01757	0.13360	0.01114	0.19751	0.11100	0.04612	0.03887	0.07917	0.02095	0.01110	0.00715	0.00235	0.00726	0.12506	0.00598	0.00899

[dist]
# distance from previous block
# <min> <max>
2	27

[block]
# block no. 4 follows, 30 sequences, length 28
# corresponding to MSA columns:
# 457-484
name=unknown_E
#
# <colnr> <probs for GDERKNQSTAVLIFYWHMCP>
#	G	D	E	R	K	N	Q	S	T	A	V	L	I	F	Y	W	H	M	C	P
0	0.01375	0.13485	0.48223	0.01666	0.02456	0.01591	0.02005	0.01990	0.01508	0.02155	0.08976	0.08125	0.01824	0.00867	0.00669	0.00216	0.00860	0.00702	0.00377	0.00931
1	0.01011	0.00729	0.01004	0.01005	0.01122	0.00794	0.00756	0.01232	0.01246	0.01772	0.09086	0.03662	0.05509	0.15655	0.44836	0.00842	0.01333	0.03583	0.04231	0.00595
2	0.01888	0.41048	0.17047	0.01458	0.02092	0.09951	0.01484	0.08192	0.04706	0.02104	0.03371	0.01450	0.01152	0.00687	0.00557	0.00179	0.00840	0.00479	0.00373	0.00942
3	0.01414	0.15687	0.01590	0.01037	0.01377	0.07959	0.00851	0.08719	0.01785	0.02160	0.10163	0.04233	0.33845	0.01493	0.04484	0.00256	0.00636	0.01016	0.00555	0.00742
4	0.19160	0.01749	0.02151	0.01715	0.02162	0.13621	0.17695	0.04407	0.01614	0.13207	0.01505	0.01767	0.01149	0.01269	0.09418	0.00328	0.05127	0.00616	0.00462	0.00876
5	0.60784	0.05510	0.01276	0.01009	0.01436	0.01586	0.00838	0.06243	0.01363	0.06123	0.01174	0.01361	0.00920	0.01059	0.06650	0.00289	0.00682	0.00440	0.00456	0.00799
6	0.01030	0.00789	0.00910	0.00896	0.01091	0.00736	0.00662	0.06879	0.01768	0.02307	0.22066	0.23669	0.31205	0.01710	0.00831	0.00242	0.00396	0.01479	0.00683	0.00652
7	0.01862	0.09897	0.01804	0.01366	0.01784	0.18795	0.01080	0.02806	0.29319	0.02370	0.04978	0.02063	0.01718	0.00805	0.00627	0.00189	0.00717	0.00620	0.04657	0.12543
8	0.01866	0.75896	0.03657	0.01194	0.01791	0.02761	0.01194	0.02090	0.01418	0.01642	0.00970	0.01119	0.00896	0.00597	0.00448	0.00149	0.00746	0.00373	0.00299	0.00896
9	0.01481	0.01349	0.01901	0.01358	0.01993	0.01072	0.12351	0.01838	0.01481	0.02267	0.01269	0.01521	0.01038	0.00529	0.00569	0.00126	0.00629	0.00483	0.00403	0.66341
10	0.00996	0.00669	0.00767	0.00785	0.00790	0.00664	0.00449	0.01010	0.01052	0.01402	0.02388	0.12641	0.02775	0.67076	0.03247	0.00631	0.00645	0.01126	0.00449	0.00439
11	0.00859	0.00614	0.00817	0.00966	0.01014	0.00573	0.00648	0.00993	0.01376	0.01845	0.08053	0.70631	0.04739	0.02138	0.00886	0.00279	0.00400	0.01938	0.00655	0.00573
12	0.01668	0.01795	0.03622	0.03327	0.25263	0.01746	0.44446	0.02182	0.01604	0.02227	0.01359	0.01818	0.01068	0.00625	0.00842	0.00229	0.04094	0.00750	0.00349	0.00987
13	0.01372	0.00868	0.01052	0.00937	0.01183	0.00826	0.00724	0.07772	0.01999	0.09656	0.42990	0.04473	0.12036	0.01284	0.00762	0.00214	0.00398	0.01102	0.09602	0.00751
14	0.01597	0.01538	0.02540	0.20203	0.43754	0.01714	0.01989	0.01979	0.01455	0.02061	0.01228	0.01724	0.01032	0.00742	0.00964	0.00230	0.13330	0.00620	0.00330	0.00970
15	0.00839	0.00650	0.00766	0.00859	0.00983	0.00576	0.00598	0.00984	0.01444	0.01825	0.05213	0.46059	0.32695	0.02009	0.00863	0.00263	0.00383	0.01767	0.00648	0.00576
16	0.01077	0.00665	0.00890	0.00998	0.01089	0.00612	0.00685	0.01213	0.01402	0.08713	0.03738	0.67809	0.04329	0.02055	0.00872	0.00277	0.00424	0.01857	0.00669	0.00628
