[name]
unknown

[dist]
# distance from previous block
# <min> <max>
0	327

[block]
# block no. 0 follows, 32 sequences, length 55
# corresponding to MSA columns:
# 398-452
name=unknown_A
#
# <colnr> <probs for GDERKNQSTAVLIFYWHMCP>
#	G	D	E	R	K	N	Q	S	T	A	V	L	I	F	Y	W	H	M	C	P
0	0.13672	0.01556	0.09172	0.20546	0.12292	0.01431	0.01477	0.09346	0.01564	0.02401	0.01328	0.01821	0.01082	0.00691	0.00608	0.00195	0.00728	0.03875	0.00395	0.15819
1	0.01487	0.08799	0.06507	0.01186	0.01518	0.09156	0.04632	0.01733	0.01467	0.09170	0.10011	0.03110	0.09469	0.15536	0.10262	0.00388	0.00828	0.00801	0.00474	0.03465
2	0.16483	0.07846	0.05327	0.01492	0.07392	0.13107	0.01153	0.10975	0.06757	0.04955	0.01356	0.01483	0.01056	0.00664	0.00556	0.00176	0.00712	0.00485	0.03193	0.14832
3	0.15453	0.07514	0.15287	0.04084	0.02187	0.03672	0.14341	0.04324	0.01476	0.06674	0.01592	0.09335	0.01370	0.00914	0.02623	0.00232	0.00794	0.00693	0.04615	0.02821
4	0.10765	0.09676	0.06749	0.01208	0.01723	0.05436	0.01061	0.11827	0.01644	0.07158	0.01362	0.01562	0.01083	0.01172	0.09641	0.00272	0.00800	0.00487	0.00441	0.25934
5	0.10773	0.08663	0.04073	0.01424	0.01846	0.08486	0.10361	0.12874	0.04262	0.09253	0.01906	0.06572	0.04337	0.08945	0.03111	0.00278	0.00780	0.00726	0.00492	0.00840
6	0.00872	0.00688	0.00803	0.00818	0.00998	0.00595	0.00590	0.01055	0.01486	0.01934	0.14635	0.30108	0.33238	0.01696	0.00791	0.00230	0.00366	0.01477	0.00622	0.06997
7	0.01474	0.01130	0.01374	0.04994	0.05495	0.01195	0.00995	0.12410	0.17583	0.05269	0.22491	0.07769	0.09085	0.01178	0.00742	0.00223	0.00517	0.04578	0.00652	0.00844
8	0.00820	0.00663	0.00729	0.00750	0.00932	0.00572	0.00548	0.01001	0.01537	0.01919	0.15493	0.19048	0.50188	0.01727	0.00804	0.00233	0.00346	0.01478	0.00639	0.00572
9	0.01267	0.01193	0.02013	0.74806	0.04621	0.01491	0.01863	0.01714	0.01342	0.01714	0.01193	0.01789	0.00894	0.00671	0.00671	0.00224	0.00894	0.00596	0.00298	0.00745
10	0.01399	0.04965	0.46405	0.01798	0.02650	0.01460	0.10366	0.02027	0.01430	0.02125	0.01212	0.01449	0.00903	0.00595	0.00619	0.00187	0.00890	0.00506	0.00316	0.18695
11	0.01203	0.00726	0.00890	0.00874	0.01022	0.00680	0.00617	0.01332	0.01328	0.11824	0.03576	0.17948	0.18146	0.26351	0.06746	0.00435	0.00600	0.04541	0.00563	0.00598
12	0.01494	0.15310	0.16536	0.23072	0.02828	0.05292	0.05268	0.02052	0.07035	0.01964	0.01374	0.01684	0.01068	0.00689	0.00649	0.00200	0.03029	0.00552	0.09065	0.00838
13	0.04950	0.05478	0.12513	0.01504	0.06379	0.01400	0.03086	0.14290	0.03727	0.09171	0.03677	0.03602	0.01332	0.00702	0.00602	0.00173	0.00662	0.00570	0.00484	0.25696
14	0.07310	0.08751	0.27465	0.02090	0.16549	0.01730	0.01788	0.15759	0.03720	0.04676	0.01340	0.01508	0.01005	0.00666	0.00615	0.00199	0.00807	0.00527	0.00411	0.03082
15	0.01794	0.76823	0.03516	0.01148	0.01722	0.02655	0.01148	0.02009	0.01363	0.01579	0.00933	0.01076	0.00861	0.00574	0.00431	0.00144	0.00718	0.00359	0.00287	0.00861
16	0.11616	0.05291	0.05581	0.01272	0.01738	0.07076	0.04852	0.10890	0.01847	0.23349	0.06956	0.02638	0.12226	0.00919	0.00655	0.00205	0.00648	0.00736	0.00599	0.00908
17	0.05940	0.19093	0.19069	0.01737	0.12092	0.05937	0.01487	0.01946	0.01476	0.02078	0.06895	0.01936	0.01487	0.00719	0.00587	0.00181	0.00744	0.03877	0.00372	0.12347
18	0.15777	0.05739	0.10286	0.01254	0.01686	0.07522	0.01122	0.02211	0.01495	0.22287	0.01912	0.12370	0.01626	0.01148	0.04382	0.00256	0.04690	0.00728	0.00525	0.02986
19	0.00942	0.00686	0.00886	0.00836	0.00998	0.00630	0.00627	0.01251	0.01881	0.02647	0.68608	0.05085	0.09630	0.01388	0.00791	0.00212	0.00318	0.01224	0.00733	0.00630
20	0.01346	0.01194	0.01984	0.47117	0.15854	0.01373	0.04377	0.01767	0.01395	0.01947	0.01377	0.01886	0.01067	0.00672	0.00641	0.00208	0.00790	0.00609	0.13607	0.00788
21	0.01705	0.06766	0.06350	0.14284	0.20833	0.01731	0.19788	0.09405	0.01659	0.04825	0.01318	0.01676	0.01020	0.00665	0.00769	0.00213	0.05041	0.00631	0.00376	0.00946
22	0.00854	0.00617	0.00813	0.00935	0.01007	0.00575	0.00655	0.01014	0.01394	0.01863	0.12317	0.58177	0.08008	0.01971	0.00851	0.00265	0.00396	0.07088	0.00637	0.00563
23	0.01055	0.00630	0.00752	0.00835	0.00945	0.00615	0.00618	0.01290	0.01378	0.02119	0.02982	0.32293	0.03103	0.01458	0.00688	0.00224	0.00387	0.10792	0.37242	0.00593
24	0.01125	0.00896	0.01257	0.01425	0.11263	0.00993	0.00876	0.01261	0.01088	0.01531	0.01771	0.03215	0.01869	0.38545	0.21140	0.00657	0.09321	0.00811	0.00371	0.00588
25	0.01891	0.27497	0.06457	0.13012	0.13198	0.06622	0.01509	0.17966	0.01843	0.02349	0.01203	0.01427	0.00963	0.00658	0.00582	0.00183	0.00808	0.00501	0.00389	0.00942
26	0.01526	0.01565	0.02047	0.01760	0.01779	0.06054	0.01458	0.01674	0.01076	0.01616	0.00890	0.01454	0.00880	0.01147	0.02113	0.00287	0.71064	0.00579	0.00297	0.00736
27	0.00953	0.00641	0.00739	0.00761	0.00767	0.00635	0.00438	0.00970	0.01020	0.01360	0.02342	0.14698	0.02727	0.65719	0.03047	0.00596	0.00613	0.01110	0.00438	0.00427
28	0.01420	0.01440	0.01999	0.65793	0.04307	0.10400	0.01794	0.01833	0.01411	0.01705	0.01173	0.01718	0.00891	0.00673	0.00663	0.00217	0.00933	0.00576	0.00304	0.00749
29	0.08871	0.01833	0.01931	0.01491	0.02018	0.02035	0.01231	0.64527	0.02993	0.04131	0.01557	0.01569	0.01108	0.00791	0.00651	0.00202	0.00721	0.00585	0.00651	0.01108
30	0.00910	0.00700	0.00985	0.01057	0.01149	0.00674	0.04128	0.01162	0.05717	0.01804	0.03519	0.67598	0.04115	0.01949	0.00842	0.00267	0.00436	0.01779	0.00612	0.00596
31	0.06649	0.01358	0.01403	0.01251	0.01623	0.01533	0.00978	0.08431	0.51133	0.02791	0.03113	0.02911	0.11957	0.00997	0.00681	0.00224	0.00519	0.00816	0.00656	0.00976
32	0.05334	0.00650	0.00781	0.00868	0.00945	0.00624	0.00582	0.01023	0.01283	0.01785	0.07915	0.48758	0.09820	0.14912	0.01269	0.00327	0.00433	0.01572	0.00581	0.00538
33	0.01507	0.01233	0.01568	0.01135	0.01711	0.00985	0.04680	0.01813	0.01423	0.06631	0.01283	0.01474	0.01034	0.00545	0.00583	0.00120	0.03113	0.00444	0.00418	0.68300
34	0.02888	0.01339	0.01679	0.01287	0.01811	0.01278	0.01063	0.21065	0.02250	0.54438	0.02371	0.02104	0.01522	0.00824	0.00674	0.00206	0.00616	0.00656	0.00788	0.01142
35	0.00985	0.00742	0.00922	0.00894	0.01077	0.00703	0.00690	0.01377	0.06179	0.02481	0.49424	0.05370	0.16356	0.01449	0.00800	0.00225	0.00367	0.08607	0.00703	0.00648
36	0.01055	0.00825	0.01122	0.05642	0.01353	0.00815	0.06192	0.01333	0.04837	0.01868	0.10693	0.08336	0.16889	0.25890	0.01619	0.00363	0.00555	0.02887	0.07136	0.00590
37	0.00989	0.00738	0.01035	0.01020	0.01102	0.00849	0.00755	0.01160	0.01048	0.01492	0.01836	0.03046	0.01841	0.23877	0.51417	0.00925	0.05166	0.00781	0.00369	0.00555
38	0.01100	0.00626	0.00939	0.00939	0.00977	0.00664	0.00664	0.00977	0.00939	0.01290	0.01366	0.02229	0.01328	0.03190	0.25253	0.55219	0.00969	0.00626	0.00313	0.00389
39	0.01057	0.00787	0.00950	0.00945	0.01113	0.00763	0.00698	0.08080	0.03283	0.02323	0.25344	0.31215	0.15555	0.01643	0.00805	0.00239	0.00404	0.03480	0.00665	0.00650
40	0.01365	0.00852	0.00961	0.00859	0.01108	0.00824	0.00666	0.09986	0.01831	0.08255	0.22705	0.03982	0.19032	0.01164	0.00675	0.00197	0.00394	0.00972	0.23449	0.00720
41	0.01612	0.01630	0.03256	0.12936	0.03305	0.01673	0.45928	0.02082	0.01491	0.06480	0.01348	0.01788	0.01021	0.00684	0.00968	0.00234	0.11606	0.00727	0.00358	0.00873
42	0.01468	0.01468	0.02055	0.01762	0.01762	0.02055	0.01468	0.01615	0.01028	0.01615	0.00881	0.01468	0.00881	0.01174	0.02202	0.00294	0.75191	0.00587	0.00294	0.00734
43	0.05543	0.00961	0.01116	0.00984	0.01282	0.00922	0.00765	0.11356	0.01853	0.16527	0.16682	0.14595	0.22056	0.01342	0.00742	0.00222	0.00455	0.01134	0.00683	0.00781
44	0.05410	0.01157	0.01762	0.04374	0.01861	0.01254	0.12485	0.01844	0.06931	0.08741	0.02245	0.02631	0.09347	0.04228	0.19917	0.00463	0.11142	0.00767	0.00451	0.02991
45	0.01794	0.76823	0.03516	0.01148	0.01722	0.02655	0.01148	0.02009	0.01363	0.01579	0.00933	0.01076	0.00861	0.00574	0.00431	0.00144	0.00718	0.00359	0.00287	0.00861
46	0.00965	0.00655	0.00840	0.00936	0.01012	0.00624	0.00661	0.01097	0.01296	0.03815	0.03467	0.41323	0.07767	0.18671	0.01434	0.00359	0.00492	0.13461	0.00580	0.00546
47	0.12736	0.00806	0.00893	0.00863	0.01089	0.00769	0.00642	0.01491	0.01460	0.12233	0.09336	0.23117	0.20919	0.05190	0.00852	0.00249	0.00424	0.01206	0.05058	0.00667
48	0.02262	0.01094	0.01390	0.01128	0.01529	0.01020	0.00906	0.12192	0.02032	0.40126	0.16901	0.07644	0.06635	0.01066	0.00716	0.00213	0.00519	0.00894	0.00764	0.00968
49	0.00839	0.00635	0.00730	0.00794	0.00900	0.00574	0.00536	0.00954	0.01322	0.01672	0.04617	0.34592	0.30757	0.16364	0.01328	0.00328	0.00420	0.01532	0.00581	0.00527
50	0.01022	0.00785	0.00929	0.00947	0.01101	0.00783	0.00690	0.01487	0.13035	0.02101	0.18883	0.24444	0.14446	0.10054	0.01098	0.00290	0.00435	0.06193	0.00634	0.00643
51	0.01017	0.00689	0.00866	0.00847	0.01004	0.00627	0.00617	0.01249	0.01668	0.06185	0.40453	0.18245	0.16031	0.06284	0.00963	0.00253	0.00369	0.01330	0.00683	0.00620
52	0.00797	0.00666	0.00694	0.00716	0.00916	0.00563	0.00526	0.00959	0.01494	0.01798	0.06352	0.16452	0.62255	0.01757	0.00802	0.00233	0.00347	0.01487	0.00623	0.00563
53	0.18310	0.01689	0.01347	0.01199	0.01553	0.22162	0.00942	0.04349	0.05138	0.14733	0.01996	0.02253	0.04907	0.00844	0.00592	0.00198	0.00702	0.04282	0.11990	0.00815
54	0.01465	0.00955	0.01269	0.01375	0.10009	0.00979	0.00897	0.08965	0.01510	0.09722	0.02183	0.13086	0.02069	0.14619	0.16023	0.00460	0.00817	0.00886	0.11973	0.00738

[dist]
# distance from previous block
# <min> <max>
3	4

[block]
# block no. 1 follows, 32 sequences, length 30
# corresponding to MSA columns:
# 457-486
name=unknown_B
#
# <colnr> <probs for GDERKNQSTAVLIFYWHMCP>
#	G	D	E	R	K	N	Q	S	T	A	V	L	I	F	Y	W	H	M	C	P
0	0.02001	0.18704	0.02117	0.01273	0.01800	0.06134	0.01081	0.20359	0.01919	0.08374	0.01343	0.01445	0.01046	0.00667	0.00626	0.00159	0.03987	0.00478	0.00474	0.26014
1	0.00900	0.00659	0.00794	0.00831	0.00931	0.00604	0.00557	0.01028	0.01325	0.01766	0.12328	0.33286	0.14734	0.21679	0.01503	0.00350	0.00447	0.01421	0.00569	0.04288
2	0.01670	0.10740	0.02397	0.11829	0.28024	0.01663	0.04498	0.12788	0.01688	0.02309	0.01328	0.01695	0.01091	0.01126	0.08811	0.00289	0.00897	0.00578	0.00384	0.06197
3	0.01663	0.01692	0.02665	0.26430	0.20901	0.08474	0.18710	0.07370	0.01644	0.02134	0.01269	0.01693	0.00984	0.00639	0.00693	0.00212	0.00947	0.00630	0.00351	0.00899
4	0.01033	0.00689	0.00885	0.00914	0.01055	0.00637	0.00676	0.01243	0.01557	0.06386	0.25162	0.27547	0.13039	0.06622	0.00995	0.00273	0.00417	0.09599	0.00657	0.00612
5	0.04654	0.00666	0.00781	0.00846	0.00955	0.00630	0.00589	0.01062	0.01353	0.01858	0.10169	0.36207	0.17845	0.12807	0.01187	0.00309	0.00425	0.04336	0.02770	0.00551
6	0.01268	0.00856	0.01108	0.01072	0.01279	0.00880	0.00846	0.08431	0.01564	0.07899	0.06385	0.14188	0.12458	0.02714	0.25205	0.00525	0.00935	0.11132	0.00562	0.00692
7	0.05062	0.01080	0.01228	0.01091	0.01346	0.01120	0.00841	0.19795	0.01798	0.09259	0.02535	0.04017	0.06464	0.27124	0.01662	0.00379	0.00636	0.13257	0.00572	0.00738
8	0.12486	0.00948	0.01022	0.00987	0.01204	0.01004	0.00738	0.11350	0.06783	0.02540	0.07177	0.31860	0.02918	0.01342	0.00683	0.00226	0.00450	0.01149	0.14417	0.00715
9	0.01199	0.00789	0.00902	0.00867	0.01057	0.00776	0.00642	0.05654	0.06207	0.04940	0.17684	0.17278	0.13540	0.04858	0.00829	0.00232	0.00398	0.01128	0.20349	0.00672
10	0.00971	0.00652	0.00784	0.00868	0.00975	0.00621	0.00615	0.03172	0.01409	0.01982	0.03692	0.46473	0.12117	0.01720	0.00763	0.00241	0.00387	0.04372	0.17599	0.00586
11	0.00974	0.00657	0.00766	0.00766	0.00778	0.00669	0.00449	0.00998	0.00986	0.01326	0.02083	0.04219	0.02365	0.69426	0.10306	0.00692	0.00763	0.00951	0.00402	0.00425
12	0.03215	0.00803	0.00847	0.00913	0.01006	0.05434	0.00624	0.01165	0.01359	0.01846	0.09934	0.43154	0.06978	0.12204	0.01148	0.00300	0.00468	0.01449	0.06589	0.00562
13	0.08159	0.00717	0.00823	0.00842	0.01007	0.00680	0.00621	0.01166	0.01540	0.02180	0.26608	0.22888	0.22111	0.03629	0.00851	0.00246	0.00382	0.04316	0.00636	0.00595
14	0.00935	0.00697	0.01029	0.01055	0.01161	0.00790	0.00803	0.01155	0.01112	0.01583	0.02111	0.14735	0.02133	0.04549	0.61734	0.00945	0.01565	0.00915	0.00403	0.00590
15	0.00818	0.00584	0.00779	0.00934	0.00973	0.00545	0.00623	0.00934	0.01285	0.01713	0.03698	0.75981	0.04438	0.02102	0.00856	0.00273	0.00389	0.01908	0.00623	0.00545
16	0.01000	0.00731	0.00908	0.00930	0.01016	0.00765	0.00637	0.01300	0.08379	0.01726	0.08007	0.22751	0.03077	0.28679	0.16518	0.00560	0.00776	0.01165	0.00509	0.00568
17	0.12223	0.00764	0.00837	0.00823	0.01026	0.00736	0.00615	0.01337	0.01536	0.05355	0.23012	0.18779	0.20680	0.01419	0.00719	0.00222	0.00376	0.01208	0.07702	0.00634
18	0.01293	0.01219	0.02059	0.70139	0.09085	0.01498	0.01876	0.01737	0.01354	0.01746	0.01197	0.01780	0.00906	0.00666	0.00670	0.00222	0.00888	0.00596	0.00300	0.00766
19	0.13511	0.01286	0.01490	0.01186	0.01636	0.01293	0.00969	0.20585	0.02138	0.33080	0.13551	0.02387	0.02161	0.00884	0.00657	0.00207	0.00566	0.00701	0.00715	0.01000
20	0.01138	0.00995	0.01536	0.29695	0.11241	0.01090	0.01282	0.01487	0.01516	0.02031	0.20573	0.03372	0.12832	0.01357	0.06767	0.00288	0.00724	0.00888	0.00470	0.00717
21	0.00990	0.00628	0.00859	0.00891	0.00944	0.00631	0.00612	0.00986	0.01114	0.01501	0.06254	0.19580	0.06788	0.12563	0.14757	0.28229	0.00734	0.01044	0.00439	0.00455
22	0.01346	0.03471	0.72942	0.01912	0.02904	0.01558	0.02479	0.02125	0.01417	0.02125	0.01204	0.01417	0.00850	0.00637	0.00637	0.00212	0.00992	0.00496	0.00283	0.00992
23	0.00904	0.00657	0.00783	0.00825	0.00918	0.00615	0.00567	0.01038	0.01346	0.01762	0.13394	0.21733	0.18905	0.26095	0.01673	0.00380	0.00472	0.06844	0.00568	0.00523
24	0.01274	0.02924	0.58114	0.07822	0.02806	0.01427	0.02198	0.01943	0.01394	0.02040	0.01513	0.10705	0.01299	0.00822	0.00667	0.00221	0.00909	0.00679	0.00327	0.00916
25	0.01782	0.01650	0.02266	0.06186	0.12304	0.12025	0.17143	0.06575	0.06962	0.08031	0.01966	0.07128	0.01742	0.00933	0.00737	0.00226	0.00848	0.10134	0.00481	0.00884
26	0.01134	0.00977	0.01415	0.01314	0.01392	0.01258	0.01056	0.01342	0.01061	0.01577	0.01481	0.02233	0.01403	0.03702	0.49085	0.00808	0.27106	0.00673	0.00337	0.00646
27	0.01159	0.00756	0.00824	0.00765	0.01039	0.00636	0.00588	0.01344	0.01594	0.13506	0.06113	0.05769	0.60364	0.01556	0.00774	0.00223	0.00378	0.01294	0.00657	0.00661
28	0.01488	0.01226	0.01937	0.48234	0.11833	0.01418	0.01655	0.04865	0.04395	0.07578	0.01606	0.07974	0.01327	0.00809	0.00686	0.00223	0.00793	0.00718	0.00404	0.00828
29	0.01581	0.01813	0.06909	0.17914	0.09800	0.20272	0.01459	0.01859	0.01421	0.01716	0.01375	0.06591	0.01251	0.01464	0.10396	0.04791	0.07653	0.00647	0.00342	0.00747

[dist]
# distance from previous block
# <min> <max>
0	1

[block]
# block no. 2 follows, 32 sequences, length 13
# corresponding to MSA columns:
# 488-500
name=unknown_C
#
# <colnr> <probs for GDERKNQSTAVLIFYWHMCP>
#	G	D	E	R	K	N	Q	S	T	A	V	L	I	F	Y	W	H	M	C	P
0	0.01251	0.00625	0.00625	0.00625	0.00782	0.00625	0.00469	0.01563	0.01407	0.02502	0.02189	0.02502	0.01720	0.00782	0.00469	0.00156	0.00313	0.00625	0.80144	0.00625
1	0.01480	0.06499	0.01856	0.01271	0.01846	0.01216	0.08957	0.02024	0.10999	0.02226	0.01406	0.01572	0.01133	0.00567	0.00553	0.00135	0.00591	0.00491	0.00422	0.54757
2	0.01794	0.76823	0.03516	0.01148	0.01722	0.02655	0.01148	0.02009	0.01363	0.01579	0.00933	0.01076	0.00861	0.00574	0.00431	0.00144	0.00718	0.00359	0.00287	0.00861
3	0.00818	0.00584	0.00779	0.00934	0.00973	0.00545	0.00623	0.00934	0.01285	0.01713	0.03698	0.75981	0.04438	0.02102	0.00856	0.00273	0.00389	0.01908	0.00623	0.00545
4	0.04898	0.06339	0.14686	0.16700	0.06314	0.06814	0.01513	0.06884	0.01683	0.13590	0.07830	0.02322	0.01696	0.00827	0.00663	0.00211	0.00773	0.04891	0.00476	0.00890
5	0.02173	0.20410	0.10201	0.01545	0.02048	0.32835	0.01363	0.10303	0.06617	0.04682	0.01273	0.01376	0.01005	0.00691	0.00583	0.00179	0.00944	0.00473	0.00403	0.00896
6	0.01039	0.00697	0.00846	0.00821	0.00980	0.00632	0.00589	0.01238	0.01580	0.06934	0.30780	0.14245	0.21554	0.13623	0.01216	0.00294	0.00403	0.01278	0.00648	0.00603
7	0.01419	0.09826	0.09868	0.01454	0.04022	0.01452	0.04029	0.06797	0.01347	0.04217	0.01510	0.02232	0.01385	0.12919	0.22153	0.00527	0.13053	0.00658	0.00377	0.00754
8	0.01581	0.13842	0.17167	0.16023	0.22566	0.05665	0.09876	0.02045	0.01472	0.01958	0.01185	0.01536	0.00940	0.00617	0.00635	0.00199	0.00904	0.00553	0.00310	0.00924
9	0.01934	0.01550	0.01832	0.01514	0.01895	0.01753	0.04570	0.33036	0.19405	0.03145	0.02076	0.09655	0.01764	0.01031	0.00879	0.00230	0.08989	0.03148	0.00609	0.00985
10	0.00959	0.00719	0.01078	0.01078	0.01198	0.00839	0.00839	0.01198	0.01078	0.01558	0.01797	0.02636	0.01677	0.05032	0.73760	0.01078	0.01797	0.00719	0.00359	0.00599
11	0.01195	0.00878	0.01271	0.14282	0.05703	0.00899	0.01119	0.01492	0.01518	0.06450	0.06778	0.13265	0.12020	0.01495	0.00819	0.00262	0.00597	0.28706	0.00567	0.00684
12	0.10036	0.01837	0.12753	0.06798	0.07384	0.09231	0.06501	0.07841	0.10941	0.02349	0.02317	0.06341	0.11041	0.00912	0.00669	0.00215	0.00749	0.00760	0.00465	0.00861

[dist]
# distance from previous block
# <min> <max>
0	3

[block]
# block no. 3 follows, 32 sequences, length 12
# corresponding to MSA columns:
# 504-515
name=unknown_D
#
# <colnr> <probs for GDERKNQSTAVLIFYWHMCP>
#	G	D	E	R	K	N	Q	S	T	A	V	L	I	F	Y	W	H	M	C	P
0	0.29243	0.01322	0.01739	0.13851	0.12888	0.01410	0.04830	0.02336	0.04675	0.19273	0.01542	0.01682	0.01105	0.00687	0.00590	0.00211	0.00669	0.00553	0.00491	0.00905
1	0.02068	0.01682	0.01573	0.01312	0.01684	0.13507	0.01046	0.35471	0.02315	0.03106	0.01669	0.01863	0.01287	0.01253	0.08773	0.00284	0.00837	0.00593	0.18775	0.00902
2	0.12381	0.02170	0.01875	0.13913	0.06000	0.32227	0.01381	0.07316	0.01652	0.02053	0.01081	0.01384	0.00885	0.00756	0.00841	0.00208	0.12219	0.00496	0.00363	0.00801
3	0.00976	0.00651	0.00732	0.00732	0.00732	0.00651	0.00407	0.00976	0.00976	0.01301	0.02114	0.04391	0.02439	0.76419	0.03415	0.00651	0.00651	0.00976	0.00407	0.00407
4	0.01166	0.00583	0.00874	0.00874	0.00874	0.00583	0.00583	0.00874	0.00874	0.01166	0.01166	0.02040	0.01166	0.02331	0.02622	0.80478	0.00583	0.00583	0.00291	0.00291
5	0.00932	0.00685	0.00872	0.00826	0.00992	0.00626	0.00619	0.01232	0.01858	0.02592	0.64564	0.05175	0.13708	0.01409	0.00792	0.00213	0.00319	0.01236	0.00726	0.00626
6	0.13198	0.01196	0.01477	0.01172	0.01662	0.01132	0.00960	0.03132	0.09584	0.55623	0.02430	0.02151	0.01581	0.00812	0.00641	0.00210	0.00560	0.00643	0.00759	0.01078
7	0.01270	0.02935	0.58951	0.01750	0.02572	0.01418	0.02160	0.01945	0.01351	0.02014	0.01320	0.01654	0.01011	0.01493	0.14874	0.00381	0.01148	0.00539	0.00298	0.00915
8	0.01071	0.00876	0.01292	0.10929	0.08094	0.00892	0.03504	0.01376	0.04025	0.01967	0.15739	0.24891	0.06648	0.10710	0.01111	0.00291	0.00554	0.04833	0.00540	0.00656
9	0.01592	0.01311	0.01722	0.01726	0.13337	0.01341	0.04701	0.15785	0.13174	0.02662	0.12675	0.04926	0.02311	0.09680	0.01003	0.00251	0.00621	0.00793	0.00547	0.09842
10	0.13351	0.12784	0.08536	0.02019	0.16327	0.01695	0.09430	0.09639	0.01661	0.05280	0.08639	0.01849	0.01537	0.00734	0.00681	0.00202	0.03678	0.00610	0.00433	0.00913
11	0.05775	0.10226	0.11904	0.15209	0.04718	0.12039	0.05002	0.01967	0.01450	0.01964	0.03257	0.01536	0.01065	0.00668	0.00691	0.00185	0.05556	0.00511	0.00343	0.15933

[dist]
# distance from previous block
# <min> <max>
0	447

[block]
# block no. 4 follows, 32 sequences, length 108
# corresponding to MSA columns:
# 974-1081
name=unknown_E
#
# <colnr> <probs for GDERKNQSTAVLIFYWHMCP>
#	G	D	E	R	K	N	Q	S	T	A	V	L	I	F	Y	W	H	M	C	P
0	0.11102	0.01528	0.07021	0.01908	0.17658	0.03383	0.03891	0.06642	0.10738	0.05394	0.12920	0.02320	0.03600	0.00809	0.00647	0.00199	0.00639	0.00688	0.00505	0.08409
1	0.17930	0.04343	0.18480	0.01600	0.05694	0.14708	0.01437	0.08556	0.09560	0.09387	0.01466	0.01542	0.01081	0.00705	0.00594	0.00202	0.00802	0.00516	0.00458	0.00936
2	0.01999	0.01847	0.01930	0.21383	0.07460	0.17628	0.01440	0.19711	0.09380	0.05352	0.01516	0.01735	0.01146	0.00904	0.03451	0.00237	0.00900	0.00587	0.00472	0.00920
3	0.01343	0.01789	0.17549	0.23410	0.14720	0.04190	0.07555	0.01809	0.01492	0.01993	0.06407	0.02491	0.10751	0.00824	0.00694	0.00215	0.00822	0.00733	0.00377	0.00837
4	0.00816	0.00663	0.00724	0.00746	0.00930	0.00570	0.00545	0.00994	0.01529	0.01899	0.13991	0.18897	0.51891	0.01733	0.00804	0.00233	0.00346	0.01481	0.00637	0.00570
5	0.01194	0.00724	0.00941	0.00902	0.01087	0.00655	0.00670	0.01438	0.01711	0.12303	0.38637	0.23043	0.11068	0.01512	0.00792	0.00228	0.00374	0.01334	0.00711	0.00677
6	0.81159	0.01298	0.00986	0.00882	0.01298	0.01505	0.00727	0.01972	0.01142	0.03010	0.00934	0.01090	0.00727	0.00623	0.00415	0.00208	0.00519	0.00363	0.00415	0.00727
7	0.01251	0.00625	0.00625	0.00625	0.00782	0.00625	0.00469	0.01563	0.01407	0.02502	0.02189	0.02502	0.01720	0.00782	0.00469	0.00156	0.00313	0.00625	0.80144	0.00625
8	0.00966	0.00699	0.00833	0.00795	0.00992	0.00618	0.00597	0.01215	0.01732	0.05125	0.40830	0.07700	0.32436	0.01504	0.00789	0.00219	0.00338	0.01295	0.00692	0.00624
9	0.81159	0.01298	0.00986	0.00882	0.01298	0.01505	0.00727	0.01972	0.01142	0.03010	0.00934	0.01090	0.00727	0.00623	0.00415	0.00208	0.00519	0.00363	0.00415	0.00727
10	0.00825	0.00637	0.00727	0.00791	0.00913	0.00568	0.00544	0.00953	0.01362	0.01710	0.04953	0.34938	0.35694	0.10855	0.01135	0.00297	0.00398	0.01566	0.00597	0.00538
11	0.01929	0.01020	0.01252	0.01068	0.01434	0.00964	0.00852	0.02481	0.14515	0.32254	0.13705	0.03785	0.17258	0.01143	0.00727	0.00219	0.00479	0.03263	0.00739	0.00914
12	0.01408	0.01128	0.01391	0.01031	0.01562	0.00879	0.03403	0.01699	0.01470	0.06592	0.04902	0.02242	0.10073	0.00706	0.00568	0.00131	0.00499	0.00590	0.00465	0.59260
13	0.01301	0.01065	0.01306	0.01216	0.01373	0.04404	0.00942	0.11137	0.01428	0.01956	0.01896	0.12029	0.01878	0.07856	0.37373	0.00685	0.10192	0.00846	0.00433	0.00682
14	0.01420	0.01367	0.02330	0.36782	0.19616	0.01443	0.10656	0.01847	0.01425	0.01960	0.01230	0.01696	0.00966	0.00611	0.00656	0.00198	0.00837	0.00589	0.00328	0.14040
15	0.15409	0.12343	0.09264	0.01453	0.01941	0.26995	0.01268	0.10612	0.07376	0.05526	0.01302	0.01394	0.01004	0.00696	0.00571	0.00188	0.00866	0.00475	0.00431	0.00886
16	0.01907	0.34396	0.02643	0.03694	0.05903	0.12281	0.03619	0.10666	0.11691	0.02191	0.04042	0.01596	0.01293	0.00702	0.00568	0.00178	0.00772	0.00525	0.00421	0.00913
17	0.01947	0.01849	0.01607	0.01292	0.01778	0.22784	0.01009	0.10517	0.01791	0.06690	0.01390	0.04425	0.01154	0.00679	0.00576	0.00148	0.00740	0.00512	0.00452	0.38660
18	0.01981	0.02042	0.05212	0.02463	0.20883	0.15209	0.12843	0.16578	0.11309	0.02588	0.01504	0.01695	0.01159	0.00697	0.00677	0.00204	0.00889	0.00618	0.00452	0.00997
19	0.01207	0.04653	0.09783	0.01057	0.01416	0.01066	0.00946	0.07145	0.10876	0.02421	0.23853	0.04277	0.26196	0.01250	0.00733	0.00215	0.00486	0.01047	0.00612	0.00762
20	0.33900	0.01203	0.01331	0.01071	0.01549	0.01191	0.00884	0.02757	0.01613	0.45152	0.01970	0.01812	0.01292	0.00748	0.00572	0.00208	0.00550	0.00552	0.00666	0.00978
21	0.01542	0.01700	0.03545	0.12474	0.07906	0.01677	0.53713	0.02064	0.01525	0.02072	0.01310	0.01784	0.00999	0.00606	0.00825	0.00227	0.04067	0.00745	0.00332	0.00887
22	0.00885	0.00632	0.00857	0.01012	0.01081	0.00604	0.00741	0.01052	0.01352	0.01789	0.03661	0.58351	0.04289	0.02038	0.00875	0.00282	0.00448	0.18866	0.00622	0.00564
23	0.00935	0.00674	0.00884	0.00854	0.00999	0.00623	0.00632	0.01229	0.01831	0.02581	0.64253	0.12951	0.06119	0.01453	0.00799	0.00218	0.00325	0.01291	0.00726	0.00623
24	0.01267	0.01193	0.02013	0.74806	0.04621	0.01491	0.01863	0.01714	0.01342	0.01714	0.01193	0.01789	0.00894	0.00671	0.00671	0.00224	0.00894	0.00596	0.00298	0.00745
25	0.00851	0.00608	0.00817	0.00973	0.01027	0.00574	0.00682	0.00993	0.01318	0.01751	0.03680	0.67214	0.04364	0.02070	0.00865	0.00277	0.00419	0.10341	0.00622	0.00554
26	0.00940	0.00685	0.00883	0.00834	0.00996	0.00629	0.00625	0.01247	0.01876	0.02636	0.67788	0.05103	0.10457	0.01392	0.00791	0.00212	0.00318	0.01226	0.00731	0.00629
27	0.00950	0.00686	0.00897	0.00844	0.01002	0.00633	0.00633	0.01266	0.01899	0.02691	0.71879	0.05012	0.06331	0.01372	0.00791	0.00211	0.00317	0.01213	0.00739	0.00633
28	0.12522	0.16163	0.02139	0.01743	0.13520	0.01870	0.01235	0.24267	0.08768	0.02869	0.01609	0.07529	0.01373	0.00816	0.00605	0.00199	0.00666	0.00643	0.00503	0.00962
29	0.01416	0.01243	0.01838	0.21604	0.19899	0.01254	0.01398	0.05995	0.01586	0.02238	0.10773	0.05072	0.01845	0.00770	0.00650	0.00186	0.00665	0.00684	0.00426	0.20458
30	0.17976	0.11702	0.20322	0.02095	0.17506	0.01773	0.05932	0.10982	0.01617	0.02529	0.01190	0.01410	0.00922	0.00635	0.00585	0.00199	0.00793	0.00506	0.00376	0.00950
31	0.01767	0.01467	0.01506	0.08466	0.01830	0.10653	0.01071	0.21775	0.01912	0.02611	0.01785	0.09504	0.01569	0.03101	0.00877	0.00219	0.08716	0.00729	0.19636	0.00806
32	0.01267	0.01193	0.02013	0.74806	0.04621	0.01491	0.01863	0.01714	0.01342	0.01714	0.01193	0.01789	0.00894	0.00671	0.00671	0.00224	0.00894	0.00596	0.00298	0.00745
33	0.14758	0.01648	0.01818	0.46602	0.03515	0.17281	0.01551	0.01968	0.01431	0.01913	0.01116	0.01547	0.00860	0.00667	0.00614	0.00210	0.00901	0.00522	0.00328	0.00749
34	0.01466	0.00970	0.01538	0.01438	0.01722	0.00929	0.10093	0.01801	0.01612	0.13724	0.03114	0.05938	0.03124	0.01515	0.00867	0.00281	0.00678	0.47832	0.00616	0.00742
35	0.14600	0.01335	0.02006	0.37312	0.18680	0.01590	0.01667	0.01820	0.01309	0.02022	0.01124	0.01603	0.00902	0.00713	0.00828	0.00225	0.10571	0.00557	0.00324	0.00811
36	0.00872	0.00683	0.00789	0.00763	0.00955	0.00600	0.00572	0.01116	0.01716	0.02255	0.39584	0.05729	0.38898	0.01534	0.00792	0.00219	0.00328	0.01314	0.00681	0.00600
37	0.81159	0.01298	0.00986	0.00882	0.01298	0.01505	0.00727	0.01972	0.01142	0.03010	0.00934	0.01090	0.00727	0.00623	0.00415	0.00208	0.00519	0.00363	0.00415	0.00727
38	0.02316	0.01763	0.01882	0.01496	0.01991	0.01971	0.01219	0.52315	0.21218	0.03850	0.01909	0.01848	0.01383	0.00833	0.00674	0.00208	0.00683	0.00645	0.00674	0.01120
39	0.01241	0.01157	0.01958	0.58618	0.07903	0.01380	0.04081	0.01646	0.01353	0.01756	0.01531	0.11529	0.01374	0.00851	0.00699	0.00229	0.00831	0.00775	0.00344	0.00742
40	0.00827	0.00591	0.00789	0.00945	0.00988	0.00553	0.00639	0.00950	0.01294	0.01723	0.03693	0.73595	0.04418	0.02093	0.00859	0.00274	0.00397	0.04203	0.00623	0.00548
41	0.00818	0.00584	0.00779	0.00934	0.00973	0.00545	0.00623	0.00934	0.01285	0.01713	0.03698	0.75981	0.04438	0.02102	0.00856	0.00273	0.00389	0.01908	0.00623	0.00545
42	0.02057	0.04129	0.06617	0.01558	0.04704	0.19634	0.01253	0.13656	0.10818	0.11801	0.02053	0.08290	0.01769	0.00978	0.00688	0.00214	0.00787	0.07526	0.00551	0.00917
43	0.01728	0.01456	0.02463	0.01899	0.02310	0.01549	0.26916	0.05005	0.10663	0.11085	0.01714	0.01993	0.01309	0.01052	0.05359	0.00281	0.14776	0.00709	0.06839	0.00892
44	0.01248	0.00728	0.00946	0.00961	0.01117	0.00673	0.00708	0.01423	0.01466	0.13552	0.10501	0.32406	0.09275	0.11515	0.01160	0.00306	0.00473	0.10255	0.00640	0.00646
45	0.01196	0.02634	0.51518	0.01582	0.02324	0.01267	0.01914	0.01802	0.01458	0.02093	0.07743	0.08805	0.10935	0.00962	0.00689	0.00219	0.00801	0.00795	0.00393	0.00869
46	0.15244	0.04343	0.04214	0.01758	0.04165	0.39322	0.10184	0.04335	0.03674	0.02085	0.01234	0.01582	0.01026	0.00711	0.00613	0.00195	0.00998	0.03120	0.00382	0.00815
47	0.01051	0.00786	0.01060	0.01184	0.07902	0.00827	0.00719	0.01176	0.01130	0.01570	0.07544	0.03678	0.02394	0.44061	0.19315	0.00660	0.03101	0.00886	0.00412	0.00544
48	0.03010	0.01142	0.01557	0.01194	0.01713	0.00986	0.00986	0.03270	0.01920	0.72698	0.02647	0.02284	0.01661	0.00830	0.00675	0.00208	0.00571	0.00675	0.00830	0.01142
49	0.01612	0.01120	0.01543	0.04470	0.11012	0.01183	0.01145	0.08799	0.01684	0.13890	0.08173	0.14441	0.08119	0.01262	0.00945	0.00241	0.10132	0.08827	0.00577	0.00824
50	0.06673	0.15509	0.33449	0.01842	0.04659	0.01851	0.10770	0.13327	0.01703	0.02439	0.01229	0.01428	0.00921	0.00643	0.00614	0.00200	0.00885	0.00524	0.00365	0.00968
51	0.01354	0.01085	0.01764	0.01605	0.07349	0.01087	0.15678	0.03636	0.01462	0.04912	0.04987	0.03331	0.06366	0.12191	0.07023	0.00351	0.04087	0.07366	0.13644	0.00724
52	0.47391	0.01546	0.01414	0.13339	0.02008	0.10830	0.01085	0.01973	0.01257	0.02437	0.00983	0.01271	0.00792	0.00712	0.00717	0.00217	0.10479	0.00440	0.00371	0.00737
53	0.01009	0.00696	0.00968	0.00968	0.01081	0.00784	0.00733	0.01236	0.01122	0.01687	0.01895	0.02795	0.01763	0.11698	0.54371	0.00882	0.01433	0.00730	0.13566	0.00584
54	0.01709	0.01781	0.07968	0.19443	0.12778	0.05977	0.10359	0.11867	0.16531	0.02451	0.01601	0.01836	0.01209	0.00715	0.00681	0.00214	0.00838	0.00639	0.00444	0.00955
55	0.01558	0.02824	0.47264	0.01691	0.02461	0.06056	0.01957	0.13262	0.01779	0.02471	0.07148	0.01984	0.05045	0.00782	0.00661	0.00209	0.00876	0.00615	0.00405	0.00952
56	0.00836	0.00670	0.00750	0.00779	0.00961	0.00585	0.00581	0.01025	0.01538	0.01923	0.14621	0.18052	0.47681	0.01734	0.00812	0.00237	0.00363	0.05640	0.00638	0.00575
57	0.01357	0.01658	0.13846	0.43936	0.12620	0.01591	0.01938	0.01813	0.01336	0.01830	0.01162	0.01668	0.00907	0.00723	0.00869	0.00228	0.10816	0.00579	0.00299	0.00825
58	0.00883	0.00646	0.00829	0.00862	0.00981	0.00592	0.00617	0.01107	0.01624	0.02224	0.38935	0.32541	0.12295	0.01687	0.00817	0.00236	0.00347	0.01502	0.00682	0.00592
59	0.01019	0.00749	0.01006	0.00983	0.01049	0.00856	0.00710	0.01165	0.01051	0.01508	0.01860	0.03196	0.01902	0.31366	0.38237	0.00813	0.07216	0.00801	0.03975	0.00539
60	0.01891	0.01392	0.01524	0.01337	0.01740	0.01556	0.01050	0.03517	0.59587	0.14372	0.02717	0.02467	0.01984	0.00897	0.00681	0.00224	0.00538	0.00745	0.00707	0.01075
61	0.02506	0.03198	0.01901	0.01729	0.02074	0.73725	0.01296	0.02679	0.01901	0.01642	0.01037	0.01210	0.00864	0.00691	0.00605	0.00173	0.01210	0.00432	0.00346	0.00778
62	0.02517	0.02897	0.01927	0.01686	0.02076	0.57366	0.01292	0.18050	0.02188	0.02233	0.01168	0.01302	0.00928	0.00717	0.00620	0.00179	0.01102	0.00471	0.00420	0.00861
63	0.00818	0.00584	0.00779	0.00934	0.00973	0.00545	0.00623	0.00934	0.01285	0.01713	0.03698	0.75981	0.04438	0.02102	0.00856	0.00273	0.00389	0.01908	0.00623	0.00545
64	0.02512	0.03022	0.01916	0.01704	0.02075	0.64162	0.01294	0.11665	0.02069	0.01987	0.01114	0.01264	0.00901	0.00707	0.00614	0.00177	0.01147	0.00455	0.00389	0.00826
65	0.01974	0.01559	0.01565	0.01341	0.01767	0.08899	0.01052	0.05126	0.43355	0.14228	0.02352	0.02194	0.01728	0.00829	0.00654	0.00205	0.00610	0.00669	0.00643	0.09250
66	0.02389	0.21142	0.05012	0.01340	0.01889	0.01856	0.01190	0.25557	0.06519	0.23853	0.01799	0.01722	0.01270	0.00753	0.00609	0.00190	0.00680	0.00567	0.00605	0.01058
67	0.01849	0.01400	0.01677	0.01368	0.01727	0.01555	0.01115	0.30645	0.02029	0.05656	0.01540	0.01852	0.01243	0.01907	0.19703	0.00427	0.11654	0.00607	0.00507	0.11539
68	0.01214	0.00731	0.00925	0.00940	0.01130	0.00656	0.00709	0.01404	0.01524	0.13582	0.08614	0.32719	0.21912	0.01709	0.00814	0.00250	0.00429	0.09410	0.00664	0.00664
69	0.01637	0.01604	0.02469	0.18193	0.16609	0.07385	0.17148	0.10105	0.01654	0.02181	0.01350	0.01800	0.01083	0.01224	0.10103	0.00324	0.03240	0.00644	0.00371	0.00875
70	0.00976	0.00651	0.00732	0.00732	0.00732	0.00651	0.00407	0.00976	0.00976	0.01301	0.02114	0.04391	0.02439	0.76419	0.03415	0.00651	0.00651	0.00976	0.00407	0.00407
71	0.01155	0.00713	0.00886	0.00865	0.01035	0.00644	0.00623	0.01342	0.01550	0.11275	0.22476	0.23604	0.18801	0.10593	0.01109	0.00283	0.00414	0.01341	0.00655	0.00635
72	0.10538	0.01482	0.02266	0.22486	0.38960	0.01606	0.01777	0.08903	0.01601	0.02364	0.01242	0.01626	0.00988	0.00641	0.00639	0.00207	0.00786	0.00572	0.00367	0.00948
73	0.01719	0.01924	0.03034	0.02307	0.02817	0.13605	0.41297	0.02351	0.10712	0.02103	0.01530	0.01994	0.01226	0.00730	0.00865	0.00226	0.07016	0.03270	0.00392	0.00880
74	0.01803	0.01954	0.02090	0.14140	0.11596	0.22530	0.01554	0.04756	0.01483	0.01820	0.01057	0.01478	0.00913	0.00861	0.01225	0.00231	0.28826	0.00546	0.00330	0.00808
75	0.60274	0.01503	0.01419	0.01197	0.01600	0.06550	0.06742	0.03997	0.01282	0.02767	0.00993	0.01205	0.00785	0.00672	0.00611	0.00214	0.06602	0.00430	0.00402	0.00758
76	0.00970	0.00672	0.00841	0.00841	0.00879	0.00710	0.00543	0.01046	0.01008	0.01382	0.02014	0.03836	0.02199	0.53854	0.25651	0.00786	0.01013	0.00895	0.00392	0.00467
77	0.01568	0.05806	0.28461	0.02010	0.02691	0.10517	0.23027	0.02208	0.05946	0.02143	0.07752	0.01894	0.01479	0.00703	0.00689	0.00210	0.00960	0.00656	0.00375	0.00904
78	0.00811	0.00611	0.00751	0.00863	0.00954	0.00551	0.00591	0.00942	0.01354	0.01741	0.04570	0.56415	0.23440	0.01989	0.00839	0.00260	0.00375	0.01769	0.00623	0.00551
79	0.01390	0.01092	0.01644	0.03870	0.01742	0.01061	0.13714	0.10305	0.01843	0.06889	0.26025	0.03882	0.14873	0.07471	0.00986	0.00253	0.00592	0.01015	0.00598	0.00755
80	0.01662	0.01816	0.03802	0.02725	0.03392	0.01728	0.64273	0.07619	0.01710	0.02317	0.01378	0.01794	0.01028	0.00585	0.00782	0.00224	0.01100	0.00777	0.00366	0.00924
81	0.00975	0.00776	0.00962	0.06801	0.01325	0.00751	0.00737	0.01353	0.06065	0.02305	0.37857	0.05169	0.26922	0.01412	0.00781	0.00222	0.00396	0.03885	0.00657	0.00647
82	0.00911	0.00683	0.00835	0.00798	0.00967	0.00617	0.00593	0.01178	0.01769	0.02413	0.52642	0.05352	0.22734	0.04483	0.00898	0.00233	0.00336	0.01255	0.00696	0.00607
83	0.01471	0.01302	0.01970	0.52906	0.06969	0.01502	0.01665	0.10842	0.01598	0.02129	0.01252	0.01711	0.00947	0.00664	0.00650	0.00205	0.00821	0.00573	0.00362	0.10463
84	0.01267	0.01193	0.02013	0.74806	0.04621	0.01491	0.01863	0.01714	0.01342	0.01714	0.01193	0.01789	0.00894	0.00671	0.00671	0.00224	0.00894	0.00596	0.00298	0.00745
85	0.61600	0.01426	0.01187	0.01218	0.07015	0.07605	0.00874	0.01956	0.01249	0.02723	0.01192	0.07183	0.01065	0.00746	0.00487	0.00209	0.00590	0.00512	0.00419	0.00743
86	0.00826	0.00588	0.00776	0.00923	0.00960	0.00551	0.00611	0.00937	0.01267	0.01690	0.03609	0.71957	0.04326	0.06279	0.01000	0.00294	0.00404	0.01855	0.00611	0.00537
87	0.01081	0.00772	0.01081	0.01236	0.01390	0.00772	0.01081	0.01390	0.01545	0.02008	0.03553	0.07569	0.03862	0.01854	0.00927	0.00309	0.00618	0.67717	0.00618	0.00618
88	0.01267	0.01193	0.02013	0.74806	0.04621	0.01491	0.01863	0.01714	0.01342	0.01714	0.01193	0.01789	0.00894	0.00671	0.00671	0.00224	0.00894	0.00596	0.00298	0.00745
89	0.81159	0.01298	0.00986	0.00882	0.01298	0.01505	0.00727	0.01972	0.01142	0.03010	0.00934	0.01090	0.00727	0.00623	0.00415	0.00208	0.00519	0.00363	0.00415	0.00727
90	0.01794	0.76823	0.03516	0.01148	0.01722	0.02655	0.01148	0.02009	0.01363	0.01579	0.00933	0.01076	0.00861	0.00574	0.00431	0.00144	0.00718	0.00359	0.00287	0.00861
91	0.00818	0.00584	0.00779	0.00934	0.00973	0.00545	0.00623	0.00934	0.01285	0.01713	0.03698	0.75981	0.04438	0.02102	0.00856	0.00273	0.00389	0.01908	0.00623	0.00545
92	0.00828	0.00621	0.00772	0.00887	0.00982	0.00565	0.00622	0.00970	0.01364	0.01757	0.04491	0.53680	0.21884	0.01982	0.00844	0.00263	0.00391	0.05917	0.00623	0.00555
93	0.01100	0.00948	0.01281	0.13512	0.10976	0.00975	0.01006	0.01509	0.08608	0.01928	0.06420	0.13705	0.26545	0.07368	0.00964	0.00262	0.00542	0.01127	0.00524	0.00699
94	0.01166	0.00583	0.00874	0.00874	0.00874	0.00583	0.00583	0.00874	0.00874	0.01166	0.01166	0.02040	0.01166	0.02331	0.02622	0.80478	0.00583	0.00583	0.00291	0.00291
95	0.01788	0.01798	0.02456	0.23799	0.03156	0.12509	0.18742	0.13512	0.06563	0.02303	0.01367	0.01707	0.01041	0.00718	0.00789	0.00218	0.05621	0.00633	0.00404	0.00878
96	0.01559	0.01455	0.02444	0.03625	0.60495	0.01453	0.01879	0.01943	0.01545	0.02190	0.04459	0.02533	0.01628	0.00786	0.00702	0.00213	0.00755	0.08962	0.00384	0.00990
97	0.01711	0.01338	0.01648	0.01793	0.16475	0.04238	0.01155	0.13475	0.10937	0.08138	0.08668	0.02849	0.10871	0.03979	0.00944	0.03853	0.03464	0.00794	0.02788	0.00883
98	0.00844	0.00597	0.00777	0.00904	0.00942	0.00563	0.00594	0.00953	0.01267	0.01696	0.06155	0.63647	0.04245	0.11994	0.01195	0.00321	0.00421	0.01756	0.00599	0.00530
99	0.01864	0.17859	0.21037	0.01742	0.06900	0.19900	0.01583	0.08486	0.07299	0.02127	0.01371	0.04426	0.01138	0.00732	0.00604	0.00190	0.00893	0.00547	0.00384	0.00917
100	0.05034	0.01592	0.07899	0.04450	0.18361	0.01427	0.11664	0.09664	0.04470	0.17269	0.01716	0.01864	0.01245	0.00695	0.00654	0.00202	0.00742	0.00629	0.06994	0.03427
101	0.01768	0.14397	0.10219	0.01646	0.07698	0.01646	0.06774	0.15475	0.04457	0.04671	0.03422	0.01615	0.01209	0.00652	0.00594	0.00169	0.00711	0.00537	0.00444	0.21896
102	0.27481	0.20538	0.04811	0.01479	0.07426	0.11396	0.01180	0.14330	0.01701	0.02594	0.01106	0.01255	0.00885	0.00651	0.00519	0.00186	0.00739	0.00439	0.00409	0.00879
103	0.01585	0.08178	0.04055	0.13597	0.06536	0.01462	0.03297	0.14904	0.04548	0.05111	0.09175	0.04468	0.03908	0.10685	0.03222	0.00292	0.02903	0.00763	0.00488	0.00823
104	0.01441	0.08934	0.01549	0.01137	0.01528	0.04087	0.00907	0.04176	0.17781	0.02228	0.06993	0.08433	0.02000	0.01402	0.09984	0.00288	0.00707	0.00716	0.00499	0.25209
105	0.04748	0.01433	0.02010	0.07990	0.17979	0.06697	0.10300	0.08271	0.04450	0.02382	0.12756	0.06934	0.04362	0.00968	0.00722	0.00219	0.00728	0.05715	0.00489	0.00846
106	0.04656	0.04444	0.13438	0.09144	0.03917	0.01361	0.05349	0.12285	0.06100	0.02316	0.05880	0.09196	0.04110	0.13561	0.01140	0.00290	0.00716	0.00828	0.00468	0.00802
107	0.03959	0.05863	0.04272	0.16912	0.09727	0.07398	0.01307	0.01944	0.05320	0.04671	0.01568	0.01890	0.03344	0.01152	0.08151	0.00278	0.04156	0.00576	0.03508	0.14004

[dist]
# distance from previous block
# <min> <max>
2	5

[block]
# block no. 5 follows, 32 sequences, length 7
# corresponding to MSA columns:
# 1087-1093
name=unknown_F
#
# <colnr> <probs for GDERKNQSTAVLIFYWHMCP>
#	G	D	E	R	K	N	Q	S	T	A	V	L	I	F	Y	W	H	M	C	P
0	0.01972	0.08714	0.07460	0.05906	0.05700	0.18424	0.06098	0.15513	0.05500	0.06181	0.01782	0.02027	0.05389	0.05455	0.00818	0.00224	0.00856	0.00630	0.00460	0.00893
1	0.06388	0.01116	0.01253	0.01246	0.05402	0.04757	0.00875	0.09895	0.06397	0.06594	0.05954	0.12610	0.07180	0.13406	0.13499	0.00432	0.00798	0.00932	0.00530	0.00737
2	0.15110	0.12279	0.05763	0.01075	0.01478	0.01319	0.00947	0.03566	0.08617	0.06860	0.18198	0.03039	0.07379	0.00978	0.00631	0.00201	0.00532	0.04910	0.00548	0.06573
3	0.15325	0.17298	0.02069	0.01477	0.06671	0.08159	0.01145	0.24015	0.01996	0.07672	0.01513	0.07065	0.01270	0.00802	0.00587	0.00194	0.00705	0.00601	0.00504	0.00931
4	0.10022	0.06089	0.09037	0.01276	0.01769	0.04252	0.01133	0.14456	0.07134	0.19484	0.06773	0.07193	0.01819	0.00877	0.00637	0.00201	0.00635	0.00697	0.00592	0.05923
5	0.01299	0.00960	0.01329	0.08816	0.01731	0.00967	0.05765	0.05544	0.05455	0.07017	0.06673	0.11659	0.16574	0.05827	0.00930	0.00264	0.00575	0.13312	0.04588	0.00714
6	0.01251	0.01078	0.01351	0.06832	0.04106	0.06047	0.05119	0.06173	0.01444	0.01889	0.07985	0.23495	0.02802	0.22721	0.01576	0.00355	0.03529	0.01123	0.00489	0.00635

[dist]
# distance from previous block
# <min> <max>
1	12

# created by:
# /home/berkeley/.conda/envs/busco_data_prod/bin/msa2prfl.pl pipeline/OGs_align_augustus/5794/32877.fs
