[name]
unknown

[dist]
# distance from previous block
# <min> <max>
0	682

[block]
# block no. 0 follows, 22 sequences, length 14
# corresponding to MSA columns:
# 696-709
name=unknown_A
#
# <colnr> <probs for GDERKNQSTAVLIFYWHMCP>
#	G	D	E	R	K	N	Q	S	T	A	V	L	I	F	Y	W	H	M	C	P
0	0.01421	0.01198	0.01989	0.01843	0.02173	0.01154	0.13417	0.01847	0.01920	0.02493	0.04318	0.07799	0.10996	0.01957	0.01095	0.00351	0.00852	0.41652	0.00697	0.00828
1	0.02142	0.02612	0.15922	0.02061	0.02671	0.14726	0.11727	0.02913	0.12043	0.07432	0.02137	0.02764	0.01773	0.13731	0.01458	0.00358	0.01099	0.00839	0.00539	0.01053
2	0.02682	0.02402	0.02731	0.09784	0.03120	0.15573	0.11691	0.24098	0.05778	0.08365	0.02128	0.02286	0.03603	0.00947	0.00845	0.00254	0.01091	0.00793	0.00641	0.01186
3	0.01874	0.01282	0.01469	0.01330	0.01584	0.01334	0.00961	0.20517	0.02231	0.06081	0.03101	0.25552	0.03286	0.23223	0.01963	0.00451	0.00728	0.01426	0.00719	0.00888
4	0.16433	0.01426	0.02058	0.47609	0.04355	0.01730	0.01822	0.02081	0.01560	0.02383	0.01543	0.02411	0.01285	0.08815	0.01156	0.00333	0.00981	0.00735	0.00413	0.00870
5	0.02085	0.01598	0.02127	0.23888	0.08867	0.07695	0.01687	0.02458	0.01821	0.14853	0.02254	0.10144	0.01935	0.01783	0.09410	0.00410	0.04470	0.00943	0.00565	0.01007
6	0.01340	0.01050	0.01297	0.08904	0.01820	0.01124	0.00970	0.01930	0.13915	0.02249	0.03625	0.27103	0.06884	0.21785	0.01902	0.00452	0.00678	0.01528	0.00663	0.00782
7	0.01753	0.01604	0.01922	0.01684	0.02012	0.07903	0.05107	0.06065	0.02001	0.02696	0.12720	0.10455	0.03391	0.01503	0.01215	0.00283	0.11871	0.12739	0.00633	0.12442
8	0.01166	0.00799	0.00957	0.00980	0.01027	0.00777	0.00608	0.01270	0.01505	0.02046	0.15395	0.17505	0.04431	0.44553	0.03001	0.00611	0.00664	0.01479	0.00634	0.00591
9	0.01563	0.01094	0.01231	0.01147	0.01286	0.01136	0.00761	0.13434	0.01806	0.02413	0.02814	0.15342	0.03105	0.45809	0.03037	0.00619	0.00774	0.01305	0.00612	0.00712
10	0.01972	0.35905	0.17518	0.01627	0.02326	0.08513	0.01683	0.02415	0.01897	0.02387	0.13950	0.02410	0.02407	0.00938	0.00700	0.00217	0.00924	0.00701	0.00472	0.01037
11	0.05135	0.01747	0.02733	0.19831	0.31933	0.01825	0.02105	0.06403	0.02035	0.15358	0.01893	0.02218	0.01401	0.00837	0.00816	0.00257	0.00944	0.00748	0.00553	0.01228
12	0.01820	0.14338	0.02529	0.02396	0.18386	0.03841	0.01550	0.04205	0.03821	0.02420	0.02033	0.08947	0.01913	0.02110	0.14168	0.00465	0.06845	0.00877	0.06325	0.01009
13	0.16220	0.01205	0.01732	0.01518	0.01841	0.01190	0.12135	0.01725	0.01699	0.02620	0.08167	0.28996	0.11109	0.04781	0.01062	0.00319	0.00683	0.01541	0.00654	0.00805

[dist]
# distance from previous block
# <min> <max>
5	60

[block]
# block no. 1 follows, 22 sequences, length 16
# corresponding to MSA columns:
# 773-788
name=unknown_B
#
# <colnr> <probs for GDERKNQSTAVLIFYWHMCP>
#	G	D	E	R	K	N	Q	S	T	A	V	L	I	F	Y	W	H	M	C	P
0	0.08188	0.26548	0.27866	0.08329	0.02994	0.02311	0.02068	0.02470	0.01691	0.02448	0.01345	0.01618	0.01065	0.00750	0.00667	0.00223	0.00998	0.00544	0.00380	0.07499
1	0.02429	0.13129	0.02283	0.01585	0.02043	0.14539	0.01293	0.13584	0.02400	0.11326	0.11656	0.06090	0.07869	0.01221	0.00919	0.00247	0.04710	0.00936	0.00681	0.01058
2	0.01978	0.01686	0.02568	0.02400	0.12025	0.01740	0.14406	0.14024	0.08227	0.03070	0.04549	0.03059	0.02080	0.12865	0.06477	0.00430	0.01032	0.00932	0.05391	0.01060
3	0.01541	0.01491	0.01527	0.01683	0.05946	0.12591	0.01152	0.01754	0.01789	0.02224	0.06781	0.38057	0.07100	0.01986	0.01127	0.00308	0.06514	0.04970	0.00659	0.00801
4	0.01378	0.00823	0.01162	0.07640	0.01477	0.00859	0.00804	0.01226	0.01180	0.01565	0.01835	0.03458	0.01932	0.25154	0.03335	0.43630	0.00787	0.00884	0.00409	0.00463
5	0.01075	0.00784	0.00973	0.01077	0.01181	0.00729	0.00744	0.01249	0.01680	0.02208	0.11064	0.39231	0.15393	0.13038	0.01538	0.00396	0.00531	0.05696	0.00744	0.00669
6	0.34733	0.08747	0.01726	0.01380	0.01784	0.16770	0.01082	0.02345	0.01698	0.02788	0.01991	0.17588	0.02036	0.01215	0.00698	0.00258	0.00825	0.00918	0.00539	0.00878
7	0.09639	0.19547	0.17911	0.02027	0.06896	0.02466	0.01880	0.21469	0.04990	0.03428	0.01617	0.01763	0.01233	0.00844	0.00717	0.00237	0.00949	0.00620	0.00543	0.01224
8	0.13066	0.09658	0.11852	0.01730	0.02326	0.02147	0.01615	0.19639	0.02261	0.08739	0.01749	0.02002	0.01349	0.01593	0.09090	0.00390	0.08397	0.00675	0.00582	0.01138
9	0.02307	0.18970	0.17574	0.11026	0.03108	0.02464	0.01966	0.22687	0.06448	0.03322	0.01698	0.01884	0.01278	0.00867	0.00752	0.00241	0.00990	0.00656	0.00546	0.01215
10	0.76672	0.01607	0.01221	0.01092	0.01607	0.01864	0.00900	0.02442	0.01414	0.03727	0.01157	0.01350	0.00900	0.00771	0.00514	0.00257	0.00643	0.00450	0.00514	0.00900
11	0.01383	0.01252	0.01715	0.26192	0.06098	0.03723	0.01434	0.01754	0.01786	0.02272	0.10552	0.04521	0.20374	0.04923	0.08135	0.00408	0.00947	0.01141	0.00562	0.00828
12	0.01452	0.00894	0.01161	0.01139	0.01348	0.00843	0.00837	0.01695	0.01831	0.11070	0.16522	0.23101	0.14399	0.07365	0.11925	0.00495	0.00788	0.01569	0.00764	0.00801
13	0.01678	0.01429	0.01535	0.01411	0.01564	0.07997	0.01042	0.07588	0.01670	0.02166	0.02515	0.06918	0.06543	0.21758	0.12258	0.08256	0.11392	0.01021	0.00515	0.00743
14	0.02340	0.02180	0.14363	0.01712	0.02361	0.01787	0.01612	0.22415	0.09334	0.12050	0.06423	0.03594	0.10413	0.01229	0.00870	0.00269	0.00820	0.04264	0.00759	0.01205
15	0.01403	0.00893	0.01080	0.01101	0.01239	0.00876	0.00753	0.01741	0.06431	0.06685	0.10129	0.29271	0.04269	0.20643	0.01832	0.00432	0.00579	0.01583	0.08311	0.00749

[dist]
# distance from previous block
# <min> <max>
6	35

[block]
# block no. 2 follows, 22 sequences, length 22
# corresponding to MSA columns:
# 828-849
name=unknown_C
#
# <colnr> <probs for GDERKNQSTAVLIFYWHMCP>
#	G	D	E	R	K	N	Q	S	T	A	V	L	I	F	Y	W	H	M	C	P
0	0.01641	0.01874	0.12892	0.05346	0.11903	0.01544	0.01672	0.07910	0.02134	0.02972	0.21569	0.04034	0.11873	0.01318	0.01067	0.00271	0.07251	0.01084	0.00635	0.01010
1	0.02258	0.02259	0.11186	0.05240	0.02495	0.07337	0.01584	0.22565	0.10364	0.05768	0.09223	0.03301	0.10450	0.01179	0.00855	0.00259	0.00862	0.00944	0.00714	0.01155
2	0.01589	0.08168	0.01666	0.04820	0.01752	0.01419	0.01027	0.04705	0.15554	0.02476	0.07873	0.13803	0.08789	0.08229	0.01593	0.13189	0.00671	0.01192	0.00643	0.00842
3	0.01858	0.08642	0.02711	0.03266	0.35859	0.01773	0.01816	0.05232	0.01957	0.02660	0.03058	0.03269	0.15497	0.01041	0.00810	0.00236	0.00813	0.00913	0.00514	0.08074
4	0.03056	0.02048	0.01984	0.01636	0.02161	0.16111	0.01300	0.11940	0.05793	0.30998	0.11512	0.02911	0.02597	0.01087	0.00837	0.00248	0.00865	0.00857	0.00841	0.01218
5	0.01580	0.08144	0.01588	0.01222	0.01438	0.01413	0.00887	0.06582	0.10629	0.02249	0.02467	0.04051	0.02470	0.37298	0.13881	0.00714	0.01042	0.01003	0.00553	0.00788
6	0.02342	0.34618	0.22223	0.01777	0.02627	0.02577	0.01911	0.11320	0.02094	0.09062	0.01587	0.01702	0.01211	0.00807	0.00682	0.00221	0.00974	0.00577	0.00489	0.01198
7	0.01424	0.01064	0.01284	0.07394	0.01690	0.01107	0.00912	0.07644	0.04416	0.02409	0.08676	0.13413	0.10481	0.29935	0.02288	0.00500	0.00718	0.03256	0.00645	0.00744
8	0.12508	0.02062	0.18463	0.01505	0.02110	0.01481	0.01492	0.02657	0.12394	0.09254	0.03311	0.08335	0.11170	0.01217	0.00792	0.00266	0.00735	0.00984	0.08215	0.01049
9	0.16333	0.01081	0.01207	0.01084	0.01373	0.01069	0.00804	0.02050	0.01872	0.13516	0.24296	0.04587	0.07066	0.18301	0.01658	0.00394	0.00596	0.01125	0.00748	0.00840
10	0.01363	0.01100	0.01445	0.01326	0.01561	0.01106	0.05438	0.02007	0.13846	0.02600	0.17755	0.17845	0.10455	0.16424	0.01661	0.00399	0.00627	0.01484	0.00735	0.00823
11	0.02324	0.29153	0.02953	0.09442	0.02530	0.08472	0.01460	0.13963	0.02167	0.05980	0.01835	0.08627	0.01653	0.01114	0.00856	0.04199	0.00917	0.00773	0.00532	0.01048
12	0.01225	0.00994	0.01447	0.01354	0.01592	0.00945	0.07036	0.01517	0.01793	0.02349	0.12469	0.12585	0.20256	0.10940	0.07932	0.00472	0.00812	0.12851	0.00688	0.00743
13	0.01598	0.01296	0.01828	0.10707	0.10852	0.01522	0.01363	0.01870	0.01497	0.02256	0.01968	0.03140	0.01863	0.19416	0.02131	0.00414	0.17501	0.00867	0.17079	0.00831
14	0.02273	0.08265	0.01880	0.01383	0.01769	0.01471	0.01105	0.10089	0.01975	0.20716	0.02459	0.03163	0.02050	0.14793	0.22149	0.00679	0.01241	0.00867	0.00663	0.01011
15	0.02482	0.01584	0.01496	0.01292	0.01686	0.10804	0.01012	0.08579	0.04822	0.18573	0.02601	0.02694	0.01906	0.00976	0.00702	0.00221	0.00688	0.00759	0.36079	0.01042
16	0.02228	0.10628	0.08984	0.05285	0.02683	0.02015	0.09391	0.15474	0.02234	0.08880	0.04967	0.05804	0.01851	0.01134	0.01105	0.04225	0.06698	0.00840	0.00586	0.04989
17	0.02221	0.22548	0.11032	0.02137	0.07339	0.16510	0.04934	0.05519	0.05132	0.02403	0.01754	0.08109	0.01601	0.01002	0.00844	0.00240	0.04371	0.00769	0.00465	0.01071
18	0.02895	0.01615	0.02109	0.01948	0.08070	0.01670	0.01431	0.03816	0.20413	0.35511	0.02934	0.02737	0.02034	0.01072	0.01022	0.00274	0.07426	0.00847	0.00852	0.01326
19	0.02351	0.02320	0.02275	0.02331	0.11676	0.19920	0.01595	0.16450	0.02342	0.02895	0.02151	0.16055	0.02111	0.01315	0.01109	0.00273	0.10173	0.01021	0.00582	0.01053
20	0.01976	0.01674	0.01408	0.01282	0.01615	0.15752	0.00979	0.04898	0.05418	0.07551	0.13154	0.04185	0.16122	0.01309	0.00807	0.00239	0.00702	0.01051	0.18972	0.00906
21	0.01230	0.00961	0.01135	0.01156	0.01361	0.00946	0.00840	0.01830	0.12503	0.02703	0.21542	0.29272	0.17344	0.02009	0.00987	0.00296	0.00475	0.01767	0.00823	0.00819

[dist]
# distance from previous block
# <min> <max>
10	45

[block]
# block no. 3 follows, 22 sequences, length 6
# corresponding to MSA columns:
# 913-918
name=unknown_D
#
# <colnr> <probs for GDERKNQSTAVLIFYWHMCP>
#	G	D	E	R	K	N	Q	S	T	A	V	L	I	F	Y	W	H	M	C	P
0	0.01277	0.00950	0.01301	0.14678	0.02071	0.01036	0.01041	0.01550	0.01523	0.02125	0.03181	0.11518	0.09532	0.17040	0.16393	0.00618	0.01043	0.01171	0.11228	0.00721
1	0.17490	0.02423	0.02571	0.03132	0.28697	0.17643	0.01854	0.11328	0.02193	0.03116	0.01476	0.01772	0.01187	0.00811	0.00744	0.00241	0.01029	0.00634	0.00496	0.01162
2	0.01661	0.01258	0.01395	0.01233	0.01619	0.01222	0.00951	0.09637	0.10175	0.02965	0.03758	0.12413	0.13366	0.04645	0.00982	0.00269	0.00591	0.04160	0.11686	0.16013
3	0.01187	0.00870	0.01232	0.01219	0.01357	0.00956	0.00915	0.01463	0.01523	0.02168	0.14957	0.04148	0.03364	0.14002	0.45602	0.01048	0.01665	0.01056	0.00547	0.00718
4	0.02523	0.18995	0.02844	0.02087	0.10581	0.13443	0.01531	0.14344	0.02307	0.06741	0.01586	0.01753	0.01260	0.00795	0.00701	0.00201	0.00945	0.00591	0.00536	0.16237
5	0.01877	0.01073	0.01244	0.01131	0.01461	0.01040	0.00871	0.02498	0.11381	0.15670	0.12240	0.09549	0.14041	0.01423	0.00831	0.00255	0.00506	0.01199	0.20744	0.00966

[dist]
# distance from previous block
# <min> <max>
1	11

[block]
# block no. 4 follows, 22 sequences, length 13
# corresponding to MSA columns:
# 930-942
name=unknown_E
#
# <colnr> <probs for GDERKNQSTAVLIFYWHMCP>
#	G	D	E	R	K	N	Q	S	T	A	V	L	I	F	Y	W	H	M	C	P
0	0.06217	0.08038	0.02385	0.13758	0.05322	0.07110	0.01574	0.20455	0.08757	0.08939	0.07448	0.02456	0.01998	0.00987	0.00797	0.00250	0.00891	0.00780	0.00669	0.01167
1	0.15707	0.05534	0.15068	0.02161	0.06947	0.02083	0.07730	0.10934	0.07272	0.03121	0.01695	0.02015	0.01333	0.01365	0.06754	0.00361	0.07591	0.00702	0.00510	0.01116
2	0.02154	0.02185	0.02301	0.14575	0.11523	0.20593	0.03967	0.02578	0.04533	0.05977	0.02337	0.11166	0.04803	0.01149	0.00909	0.00259	0.03508	0.00952	0.00528	0.04003
3	0.01284	0.01002	0.01228	0.01141	0.01430	0.00870	0.00818	0.01500	0.01576	0.02228	0.03340	0.28238	0.07580	0.11886	0.07770	0.00426	0.00735	0.01412	0.00612	0.24926
4	0.01710	0.11530	0.12788	0.01988	0.02581	0.01882	0.14648	0.02474	0.10635	0.02662	0.11666	0.05948	0.08659	0.01183	0.00997	0.00269	0.05736	0.01030	0.00575	0.01036
5	0.01504	0.01281	0.01398	0.01553	0.05880	0.06843	0.01005	0.04899	0.07076	0.02334	0.03478	0.38091	0.03891	0.14935	0.01582	0.00399	0.00704	0.01668	0.00675	0.00805
6	0.01152	0.00903	0.01190	0.01199	0.01340	0.00942	0.00895	0.01403	0.01749	0.02386	0.19192	0.23874	0.15575	0.02951	0.14989	0.00519	0.06700	0.01599	0.00703	0.00740
7	0.01882	0.01950	0.03611	0.15576	0.18696	0.02115	0.24767	0.02399	0.01748	0.02439	0.01494	0.02105	0.01211	0.00889	0.01275	0.00289	0.15244	0.00827	0.00397	0.01087
8	0.02185	0.03183	0.33220	0.02886	0.18028	0.02125	0.02520	0.19824	0.02402	0.03395	0.01652	0.01894	0.01218	0.00837	0.00809	0.00255	0.01081	0.00682	0.00502	0.01302
9	0.01696	0.01058	0.01284	0.01193	0.01499	0.01005	0.00904	0.02263	0.10728	0.14417	0.21943	0.17616	0.17581	0.01751	0.00950	0.00282	0.00510	0.01516	0.00869	0.00936
10	0.07691	0.01599	0.02202	0.01646	0.02310	0.01421	0.12290	0.02453	0.08264	0.02893	0.01793	0.02050	0.01423	0.00727	0.00695	0.00185	0.00746	0.00649	0.06929	0.42033
11	0.01040	0.00791	0.00961	0.01058	0.01211	0.00713	0.00758	0.01250	0.01801	0.02326	0.12981	0.38140	0.25978	0.02310	0.01029	0.00312	0.00467	0.05384	0.00788	0.00702
12	0.01610	0.01155	0.01377	0.01252	0.01421	0.01273	0.00901	0.12670	0.01766	0.02453	0.02336	0.03968	0.02351	0.35037	0.18727	0.00777	0.04592	0.00999	0.04573	0.00763

[dist]
# distance from previous block
# <min> <max>
1	6

[block]
# block no. 5 follows, 22 sequences, length 22
# corresponding to MSA columns:
# 957-978
name=unknown_F
#
# <colnr> <probs for GDERKNQSTAVLIFYWHMCP>
#	G	D	E	R	K	N	Q	S	T	A	V	L	I	F	Y	W	H	M	C	P
0	0.15598	0.02158	0.05396	0.05353	0.09924	0.14937	0.01487	0.02420	0.01862	0.02756	0.09103	0.02226	0.01926	0.00910	0.00842	0.00227	0.05065	0.00679	0.00503	0.16627
1	0.01620	0.06255	0.23389	0.01624	0.02289	0.05478	0.01671	0.05358	0.01901	0.02541	0.03428	0.14928	0.14895	0.01363	0.00841	0.00255	0.00844	0.01129	0.00557	0.09633
2	0.01885	0.22179	0.16046	0.18203	0.03895	0.02346	0.19332	0.02478	0.01772	0.02326	0.01445	0.01881	0.01128	0.00751	0.00780	0.00247	0.01151	0.00699	0.00376	0.01079
3	0.11833	0.02494	0.01966	0.05804	0.02321	0.28289	0.01387	0.09779	0.02251	0.02807	0.09484	0.02755	0.07779	0.01121	0.00938	0.00251	0.06414	0.00802	0.00567	0.00957
4	0.01392	0.01070	0.01126	0.01091	0.01343	0.05116	0.00810	0.01656	0.02050	0.07359	0.24485	0.17297	0.28306	0.01901	0.00968	0.00278	0.00514	0.01631	0.00813	0.00793
5	0.01913	0.01793	0.02434	0.02304	0.10434	0.05396	0.12036	0.06006	0.23036	0.03088	0.12241	0.06211	0.07022	0.01191	0.00898	0.00271	0.00827	0.01084	0.00694	0.01121
6	0.02069	0.01529	0.01903	0.02214	0.17796	0.05657	0.01363	0.06178	0.05444	0.10738	0.14063	0.03468	0.06383	0.01117	0.00808	0.00241	0.00699	0.00952	0.16311	0.01067
7	0.01755	0.01336	0.01475	0.01300	0.01613	0.01414	0.00973	0.14814	0.14878	0.03221	0.17889	0.04725	0.11058	0.17901	0.01693	0.00394	0.00656	0.01190	0.00768	0.00947
8	0.02297	0.20303	0.14201	0.01596	0.02237	0.01903	0.01546	0.06396	0.04642	0.18259	0.02581	0.15874	0.02290	0.01222	0.00793	0.00254	0.00815	0.01000	0.00655	0.01134
9	0.01322	0.00933	0.01069	0.01001	0.01291	0.00834	0.00762	0.01700	0.04889	0.07912	0.27169	0.06740	0.37648	0.01833	0.00963	0.00272	0.00445	0.01556	0.00845	0.00816
10	0.02764	0.02299	0.02056	0.01689	0.02192	0.15700	0.01347	0.35948	0.03068	0.04059	0.02016	0.02153	0.01511	0.00961	0.00754	0.00229	0.00911	0.00710	0.18466	0.01167
11	0.11853	0.05906	0.14323	0.02694	0.18096	0.05580	0.06775	0.10801	0.02089	0.03105	0.01681	0.02153	0.01358	0.00853	0.00765	0.00247	0.00983	0.02888	0.03674	0.04177
12	0.02008	0.17517	0.01894	0.01131	0.01526	0.06705	0.00945	0.04709	0.01895	0.06018	0.02188	0.02450	0.01731	0.00890	0.00607	0.00194	0.00637	0.00670	0.42383	0.03902
13	0.02095	0.01623	0.01490	0.01377	0.01659	0.13230	0.01005	0.05753	0.07869	0.11376	0.02913	0.16817	0.02794	0.15889	0.01545	0.00375	0.00796	0.01166	0.09321	0.00908
14	0.05862	0.02272	0.03007	0.02298	0.02962	0.05760	0.18583	0.30985	0.12692	0.04002	0.02052	0.02184	0.01507	0.00917	0.00857	0.00262	0.01029	0.00819	0.00683	0.01269
15	0.01215	0.00899	0.01150	0.01205	0.01356	0.00913	0.00907	0.01552	0.04781	0.02248	0.09130	0.15949	0.11426	0.15525	0.15107	0.00619	0.00948	0.13680	0.00670	0.00720
16	0.01433	0.00902	0.01119	0.01091	0.01341	0.00804	0.00824	0.01707	0.02031	0.11114	0.23366	0.19858	0.24096	0.01956	0.00987	0.00289	0.00483	0.04933	0.00847	0.00819
17	0.20154	0.01382	0.01598	0.01303	0.01847	0.01325	0.01062	0.03246	0.04664	0.38825	0.06014	0.03253	0.09576	0.01129	0.00785	0.00261	0.00643	0.00888	0.00866	0.01179
18	0.11128	0.01107	0.01212	0.01183	0.01451	0.01148	0.00884	0.02114	0.14518	0.02987	0.22745	0.20387	0.12554	0.01728	0.00911	0.00285	0.00503	0.01487	0.00796	0.00870
19	0.39528	0.01475	0.01445	0.01270	0.01731	0.01588	0.01011	0.09453	0.01913	0.14973	0.02334	0.15669	0.02102	0.01216	0.00720	0.00272	0.00653	0.00942	0.00697	0.01007
20	0.01985	0.02294	0.14984	0.01828	0.02451	0.02039	0.01671	0.04053	0.51473	0.03304	0.02998	0.02827	0.02235	0.01059	0.00834	0.00278	0.00773	0.00873	0.00745	0.01297
21	0.02096	0.02588	0.23464	0.02024	0.07218	0.09843	0.01885	0.02642	0.02075	0.13738	0.13928	0.03479	0.05951	0.01151	0.00859	0.00262	0.00934	0.04132	0.00630	0.01100

[dist]
# distance from previous block
# <min> <max>
0	1

[block]
# block no. 6 follows, 22 sequences, length 16
# corresponding to MSA columns:
# 980-995
name=unknown_G
#
# <colnr> <probs for GDERKNQSTAVLIFYWHMCP>
#	G	D	E	R	K	N	Q	S	T	A	V	L	I	F	Y	W	H	M	C	P
0	0.16894	0.13308	0.06469	0.02352	0.16625	0.08984	0.01638	0.08735	0.02009	0.08433	0.01643	0.01997	0.01333	0.05171	0.00920	0.00271	0.00930	0.00645	0.00522	0.01120
1	0.17623	0.01431	0.01430	0.01258	0.01584	0.05452	0.00960	0.05698	0.01849	0.12089	0.07818	0.03935	0.11925	0.16657	0.01684	0.00387	0.05681	0.00996	0.00660	0.00883
2	0.44189	0.01696	0.01532	0.01310	0.01808	0.01926	0.01056	0.16107	0.08441	0.03893	0.01740	0.01988	0.01365	0.04490	0.00815	0.00282	0.00699	0.00625	0.05007	0.01030
3	0.01128	0.00837	0.00987	0.00955	0.01131	0.00765	0.00676	0.01378	0.01960	0.02628	0.34663	0.06542	0.23171	0.17589	0.01722	0.00391	0.00495	0.01507	0.00780	0.00696
4	0.01252	0.00867	0.01203	0.01214	0.01355	0.00967	0.00927	0.01533	0.01416	0.02098	0.02474	0.03863	0.02359	0.12723	0.46235	0.01047	0.01700	0.04501	0.11547	0.00720
5	0.01133	0.00893	0.01106	0.01153	0.01275	0.00901	0.00837	0.01313	0.01667	0.02180	0.08653	0.30947	0.21941	0.10079	0.01561	0.00376	0.07135	0.05440	0.00709	0.00697
6	0.01123	0.00820	0.01089	0.01142	0.01242	0.00853	0.00805	0.01303	0.01431	0.01941	0.03562	0.22793	0.09319	0.19276	0.28513	0.00838	0.01250	0.01453	0.00580	0.00666
7	0.01987	0.02107	0.02166	0.23455	0.06924	0.21397	0.01722	0.02351	0.01796	0.02130	0.01629	0.02243	0.01370	0.02053	0.15473	0.00488	0.04950	0.00712	0.04139	0.00910
8	0.30169	0.02936	0.01950	0.01756	0.02185	0.38543	0.01360	0.02899	0.01929	0.02656	0.01223	0.01466	0.01009	0.00868	0.00806	0.00241	0.06097	0.00518	0.00455	0.00936
9	0.01975	0.29937	0.02752	0.01526	0.01955	0.14790	0.01303	0.02244	0.01675	0.01959	0.01611	0.02142	0.01474	0.02961	0.27539	0.00651	0.01544	0.00641	0.00406	0.00916
10	0.01110	0.00808	0.01037	0.01092	0.01196	0.00802	0.00757	0.01292	0.01568	0.02113	0.10781	0.26009	0.11640	0.18372	0.16912	0.00653	0.00934	0.01602	0.00653	0.00667
11	0.01808	0.01364	0.01448	0.01330	0.01601	0.04962	0.00977	0.13697	0.05951	0.06036	0.03584	0.18675	0.10273	0.17337	0.06717	0.00478	0.00843	0.01338	0.00698	0.00883
12	0.13770	0.01512	0.01690	0.15286	0.02582	0.04769	0.01228	0.02152	0.01754	0.05616	0.02723	0.02911	0.12471	0.00979	0.00726	0.00215	0.00738	0.00777	0.00541	0.27559
13	0.02037	0.02074	0.11554	0.02009	0.08657	0.01759	0.01630	0.16392	0.12871	0.03482	0.11154	0.03075	0.02593	0.01065	0.00828	0.00244	0.00794	0.03775	0.00674	0.13333
14	0.07751	0.18500	0.07483	0.04711	0.19197	0.06117	0.01759	0.08345	0.02054	0.02835	0.08632	0.05263	0.02102	0.00963	0.00753	0.00237	0.00894	0.00783	0.00514	0.01106
15	0.02400	0.21570	0.06159	0.01777	0.02356	0.09107	0.01556	0.15580	0.20310	0.03121	0.02001	0.02056	0.01566	0.00963	0.00879	0.00244	0.05864	0.00689	0.00604	0.01197

[dist]
# distance from previous block
# <min> <max>
0	15

[block]
# block no. 7 follows, 22 sequences, length 6
# corresponding to MSA columns:
# 1011-1016
name=unknown_H
#
# <colnr> <probs for GDERKNQSTAVLIFYWHMCP>
#	G	D	E	R	K	N	Q	S	T	A	V	L	I	F	Y	W	H	M	C	P
0	0.01883	0.02041	0.02406	0.02001	0.02317	0.15977	0.11958	0.02201	0.01904	0.02381	0.13039	0.03524	0.12350	0.01336	0.01429	0.00287	0.20497	0.01020	0.00543	0.00904
1	0.01815	0.01633	0.02189	0.18827	0.11800	0.04458	0.01759	0.08054	0.06662	0.02664	0.02897	0.04032	0.08981	0.01322	0.01119	0.00296	0.08849	0.11068	0.00570	0.01003
2	0.01116	0.00776	0.00977	0.01066	0.01103	0.00770	0.00682	0.01213	0.01397	0.01878	0.03477	0.34980	0.04058	0.32765	0.09359	0.00646	0.00805	0.01705	0.00620	0.00607
3	0.01304	0.01035	0.01428	0.07123	0.07860	0.01059	0.01130	0.01680	0.06331	0.02242	0.04069	0.26973	0.13253	0.05354	0.06233	0.05349	0.00764	0.05375	0.00646	0.00792
4	0.02200	0.01397	0.01573	0.01337	0.01738	0.01441	0.01055	0.21327	0.05406	0.11286	0.11366	0.09944	0.07693	0.01329	0.00831	0.00252	0.00616	0.01102	0.17045	0.01064
5	0.01774	0.01513	0.01806	0.04500	0.10351	0.04358	0.01281	0.12120	0.04655	0.02965	0.09484	0.08881	0.15498	0.01758	0.06359	0.00339	0.00837	0.01127	0.00659	0.09734

[dist]
# distance from previous block
# <min> <max>
1	139

[block]
# block no. 8 follows, 22 sequences, length 20
# corresponding to MSA columns:
# 1158-1177
name=unknown_I
#
# <colnr> <probs for GDERKNQSTAVLIFYWHMCP>
#	G	D	E	R	K	N	Q	S	T	A	V	L	I	F	Y	W	H	M	C	P
0	0.05990	0.10514	0.08478	0.01786	0.02348	0.21179	0.01537	0.15153	0.09979	0.03012	0.02346	0.06310	0.05758	0.01076	0.00779	0.00244	0.01009	0.00809	0.00593	0.01098
1	0.05888	0.09697	0.26366	0.02357	0.09329	0.02141	0.05456	0.16084	0.02300	0.10045	0.01763	0.01919	0.01272	0.00843	0.00779	0.00250	0.01026	0.00676	0.00548	0.01260
2	0.23887	0.05820	0.15860	0.11907	0.06855	0.08862	0.07077	0.05836	0.01843	0.02931	0.01401	0.01729	0.01071	0.00794	0.00719	0.00254	0.01035	0.00614	0.00445	0.01058
3	0.01695	0.01897	0.11416	0.11558	0.05790	0.04750	0.01579	0.08999	0.05475	0.02885	0.13231	0.09108	0.12993	0.01334	0.00880	0.00265	0.00800	0.01129	0.00638	0.03576
4	0.01777	0.01714	0.01820	0.01627	0.01842	0.14118	0.04782	0.04997	0.01659	0.02084	0.01980	0.03214	0.01942	0.21113	0.23588	0.00756	0.08838	0.00886	0.00466	0.00796
5	0.13918	0.01136	0.01416	0.01330	0.01537	0.01328	0.01054	0.01711	0.01554	0.02501	0.12920	0.03602	0.07762	0.03525	0.30304	0.00748	0.11345	0.00964	0.00549	0.00797
6	0.01070	0.00779	0.01019	0.01179	0.01281	0.00728	0.00849	0.01272	0.01712	0.02254	0.08019	0.50879	0.11587	0.02456	0.01062	0.00335	0.00517	0.11527	0.00777	0.00698
7	0.01484	0.01079	0.01273	0.01300	0.01484	0.04113	0.00982	0.01812	0.04764	0.06650	0.03707	0.19055	0.07582	0.14159	0.14394	0.00598	0.00998	0.13121	0.00668	0.00777
8	0.01097	0.00846	0.01001	0.00963	0.01193	0.00750	0.00722	0.01415	0.02166	0.02891	0.42171	0.06931	0.31126	0.01863	0.00981	0.00269	0.00404	0.01604	0.00857	0.00750
9	0.01990	0.01045	0.01155	0.01031	0.01341	0.01047	0.00803	0.06743	0.05743	0.12544	0.06854	0.03181	0.02463	0.01036	0.00678	0.00217	0.00488	0.00839	0.49856	0.00947
10	0.01941	0.07579	0.01910	0.01520	0.01877	0.05385	0.01214	0.03206	0.31104	0.02933	0.02614	0.02734	0.02058	0.01381	0.04931	0.00321	0.08142	0.00813	0.17260	0.01077
11	0.07165	0.14922	0.09247	0.02386	0.15021	0.14744	0.01752	0.02931	0.08958	0.05803	0.01686	0.01867	0.01337	0.00811	0.00716	0.00223	0.00983	0.00619	0.00493	0.08335
12	0.02273	0.08888	0.02607	0.01923	0.02422	0.13362	0.10307	0.16239	0.09005	0.03049	0.06411	0.02652	0.02046	0.05744	0.08993	0.00408	0.01170	0.00834	0.00596	0.01069
13	0.12961	0.06224	0.05643	0.01469	0.01936	0.01765	0.01250	0.18357	0.08386	0.03565	0.11276	0.12560	0.03039	0.01317	0.00817	0.00266	0.00701	0.03154	0.04267	0.01048
14	0.01341	0.01225	0.01335	0.01495	0.08230	0.06579	0.00977	0.01634	0.02055	0.02605	0.24384	0.10304	0.31229	0.01757	0.00949	0.00269	0.00569	0.01502	0.00748	0.00814
15	0.01807	0.01189	0.01504	0.01494	0.05391	0.01182	0.01057	0.07449	0.07404	0.12308	0.13824	0.15596	0.12539	0.05377	0.07618	0.00407	0.00762	0.01350	0.00778	0.00963
16	0.02216	0.01597	0.01770	0.01499	0.01912	0.01716	0.01180	0.32133	0.05980	0.04025	0.11913	0.15984	0.03281	0.01413	0.00870	0.00263	0.00682	0.01183	0.09283	0.01101
17	0.01220	0.00937	0.01320	0.01319	0.01412	0.01084	0.00984	0.01433	0.01354	0.01919	0.02588	0.15146	0.02725	0.15164	0.39876	0.00986	0.08143	0.01180	0.00503	0.00709
18	0.02231	0.01960	0.08449	0.12862	0.02718	0.09674	0.01547	0.08988	0.02214	0.15465	0.09519	0.06616	0.07815	0.01473	0.04481	0.00320	0.00961	0.00981	0.00674	0.01053
19	0.01047	0.00784	0.00973	0.01053	0.01195	0.00709	0.00741	0.01272	0.01861	0.02465	0.21249	0.38774	0.20349	0.02249	0.01021	0.00304	0.00444	0.01993	0.00808	0.00709

[dist]
# distance from previous block
# <min> <max>
1	5

[block]
# block no. 9 follows, 22 sequences, length 11
# corresponding to MSA columns:
# 1183-1193
name=unknown_J
#
# <colnr> <probs for GDERKNQSTAVLIFYWHMCP>
#	G	D	E	R	K	N	Q	S	T	A	V	L	I	F	Y	W	H	M	C	P
0	0.01952	0.19309	0.22747	0.01963	0.06393	0.04225	0.01892	0.10148	0.02024	0.02721	0.06022	0.04973	0.01924	0.05219	0.04757	0.00333	0.01046	0.00774	0.00489	0.01089
1	0.01665	0.01497	0.01693	0.01523	0.06230	0.05266	0.01075	0.01983	0.01758	0.02533	0.02384	0.14832	0.05105	0.01082	0.00739	0.00185	0.00663	0.00922	0.00548	0.48319
2	0.01771	0.02877	0.31778	0.03149	0.24171	0.01788	0.06337	0.02476	0.01858	0.02747	0.06473	0.02319	0.01747	0.00849	0.00813	0.00254	0.01036	0.00759	0.05615	0.01185
3	0.01138	0.00858	0.01119	0.01176	0.01291	0.00859	0.00855	0.01364	0.01760	0.02386	0.18607	0.32676	0.11440	0.07002	0.05564	0.00413	0.04528	0.05507	0.00743	0.00715
4	0.01559	0.01104	0.01245	0.01144	0.01464	0.01077	0.00876	0.05794	0.11194	0.07727	0.20151	0.09689	0.26472	0.01685	0.00925	0.00271	0.00502	0.01429	0.04781	0.00910
5	0.01430	0.06416	0.01643	0.01377	0.01543	0.01375	0.01061	0.05320	0.01543	0.02132	0.02497	0.15705	0.02624	0.13833	0.29078	0.00804	0.09168	0.01151	0.00522	0.00779
6	0.01719	0.01449	0.01847	0.11697	0.09823	0.04048	0.01487	0.05833	0.13728	0.02756	0.03116	0.16528	0.03043	0.01521	0.00920	0.00298	0.00781	0.13025	0.05395	0.00985
7	0.01977	0.35128	0.24129	0.02067	0.02906	0.02634	0.10378	0.02520	0.01715	0.02271	0.01329	0.01629	0.01090	0.00791	0.00844	0.00233	0.06287	0.00594	0.00363	0.01113
8	0.02162	0.12127	0.02210	0.01636	0.02036	0.14594	0.01300	0.12486	0.12464	0.02816	0.02860	0.16927	0.06261	0.01387	0.00941	0.00265	0.04757	0.01100	0.00643	0.01029
9	0.01551	0.01231	0.01618	0.01857	0.11495	0.01215	0.01249	0.09749	0.02214	0.02934	0.14509	0.11391	0.19174	0.01763	0.00980	0.00295	0.00651	0.14461	0.00745	0.00916
10	0.13710	0.06746	0.23193	0.05891	0.02560	0.01693	0.01760	0.05537	0.01938	0.05625	0.13457	0.02633	0.02415	0.00971	0.00752	0.00245	0.00839	0.00766	0.03618	0.05650

[dist]
# distance from previous block
# <min> <max>
11	23

[block]
# block no. 10 follows, 22 sequences, length 6
# corresponding to MSA columns:
# 1219-1224
name=unknown_K
#
# <colnr> <probs for GDERKNQSTAVLIFYWHMCP>
#	G	D	E	R	K	N	Q	S	T	A	V	L	I	F	Y	W	H	M	C	P
0	0.22125	0.10796	0.02318	0.05721	0.02455	0.30020	0.01438	0.11138	0.02204	0.02914	0.01345	0.01551	0.01075	0.00835	0.00679	0.00230	0.01100	0.00544	0.00494	0.01018
1	0.01451	0.01547	0.06135	0.01995	0.06281	0.01329	0.16772	0.02036	0.06908	0.02613	0.11434	0.09782	0.25246	0.01494	0.00954	0.00279	0.00775	0.01375	0.00655	0.00935
2	0.01363	0.00865	0.01107	0.01100	0.01238	0.00848	0.00764	0.01539	0.01602	0.07688	0.10980	0.18532	0.08503	0.25119	0.14374	0.00654	0.00914	0.01432	0.00664	0.00711
3	0.11000	0.01126	0.01363	0.01170	0.01563	0.01048	0.00925	0.02452	0.02193	0.24172	0.30037	0.04720	0.12078	0.01414	0.00876	0.00262	0.00530	0.01185	0.00887	0.00997
4	0.01104	0.00846	0.01011	0.00970	0.01197	0.00753	0.00727	0.01429	0.02182	0.02929	0.44160	0.06868	0.29114	0.01849	0.00981	0.00268	0.00403	0.01595	0.00862	0.00753
5	0.01844	0.01417	0.02081	0.01728	0.02017	0.01560	0.09368	0.10138	0.01804	0.07234	0.02136	0.03263	0.01973	0.20023	0.19246	0.00692	0.11101	0.00936	0.00541	0.00898

[dist]
# distance from previous block
# <min> <max>
0	39

[block]
# block no. 11 follows, 22 sequences, length 13
# corresponding to MSA columns:
# 1264-1276
name=unknown_L
#
# <colnr> <probs for GDERKNQSTAVLIFYWHMCP>
#	G	D	E	R	K	N	Q	S	T	A	V	L	I	F	Y	W	H	M	C	P
0	0.02101	0.01897	0.02987	0.13572	0.25315	0.02047	0.09357	0.14605	0.02254	0.03113	0.06691	0.02401	0.01797	0.00942	0.01027	0.00268	0.07097	0.00830	0.00527	0.01172
1	0.38776	0.08258	0.08751	0.01265	0.01824	0.01706	0.01170	0.02247	0.01708	0.03271	0.15328	0.02493	0.02488	0.00959	0.00657	0.00241	0.00673	0.00703	0.00568	0.06915
2	0.27821	0.18110	0.25843	0.01703	0.02515	0.06693	0.01856	0.02581	0.01663	0.02820	0.01287	0.01504	0.01004	0.00770	0.00635	0.00239	0.00969	0.00514	0.00414	0.01061
3	0.29159	0.01592	0.01938	0.02402	0.20168	0.01724	0.01491	0.02575	0.10592	0.03125	0.02260	0.07003	0.02083	0.01140	0.00774	0.00280	0.00752	0.09311	0.00583	0.01047
4	0.01025	0.00793	0.00896	0.00967	0.01122	0.00706	0.00664	0.01181	0.01684	0.02108	0.06178	0.30505	0.34425	0.12102	0.01474	0.00376	0.00498	0.01899	0.00733	0.00663
5	0.01406	0.15135	0.01739	0.01172	0.01368	0.01363	0.00893	0.01566	0.01416	0.01855	0.02511	0.08877	0.02726	0.32210	0.16961	0.00729	0.01110	0.05761	0.00500	0.00703
6	0.01241	0.00802	0.00839	0.00851	0.01023	0.00749	0.00593	0.01465	0.01668	0.02409	0.04811	0.09563	0.24721	0.16859	0.01556	0.00368	0.00497	0.01314	0.27989	0.00683
7	0.01165	0.00866	0.01270	0.01288	0.01428	0.00972	0.00983	0.01452	0.01457	0.02077	0.08136	0.11613	0.03004	0.05388	0.53546	0.01119	0.01851	0.01122	0.00526	0.00737
8	0.02064	0.35587	0.17486	0.01858	0.02496	0.07203	0.01890	0.02461	0.01650	0.02119	0.01223	0.01551	0.01069	0.00913	0.01120	0.00243	0.17094	0.00554	0.00361	0.01058
9	0.02173	0.01600	0.02380	0.01790	0.02415	0.01448	0.14614	0.10120	0.02243	0.14650	0.07360	0.03358	0.11840	0.01064	0.00846	0.00232	0.00798	0.00961	0.00690	0.19419
10	0.01409	0.09801	0.13129	0.06909	0.06155	0.01407	0.01488	0.01812	0.01774	0.02410	0.12500	0.25191	0.06478	0.01802	0.03732	0.00324	0.00799	0.01381	0.00603	0.00898
11	0.11760	0.07555	0.02726	0.02536	0.15759	0.09185	0.09610	0.07316	0.05995	0.07910	0.06705	0.02368	0.01890	0.01136	0.03772	0.00296	0.01008	0.00775	0.00571	0.01126
12	0.50711	0.01548	0.01380	0.01254	0.01721	0.01740	0.01042	0.09928	0.01839	0.03632	0.02207	0.03120	0.05283	0.01125	0.00684	0.00278	0.00684	0.10282	0.00610	0.00932

[dist]
# distance from previous block
# <min> <max>
0	19

[block]
# block no. 12 follows, 22 sequences, length 7
# corresponding to MSA columns:
# 1296-1302
name=unknown_M
#
# <colnr> <probs for GDERKNQSTAVLIFYWHMCP>
#	G	D	E	R	K	N	Q	S	T	A	V	L	I	F	Y	W	H	M	C	P
0	0.01909	0.02231	0.08162	0.02560	0.18904	0.17083	0.01696	0.02252	0.01876	0.02297	0.02797	0.11652	0.08466	0.06874	0.01207	0.00313	0.03358	0.04877	0.00519	0.00968
1	0.01345	0.00903	0.01266	0.01472	0.07270	0.00872	0.00966	0.01463	0.01659	0.02287	0.12356	0.14945	0.09806	0.02159	0.01647	0.22988	0.00609	0.08526	0.06783	0.00679
2	0.02731	0.02794	0.02319	0.02283	0.10131	0.32384	0.01578	0.18155	0.02498	0.02848	0.01525	0.01854	0.01246	0.01192	0.01166	0.11940	0.01165	0.00644	0.00519	0.01029
3	0.10514	0.01661	0.02572	0.08630	0.02856	0.01728	0.13024	0.03100	0.01951	0.31021	0.02225	0.02340	0.01536	0.00987	0.01130	0.00280	0.11788	0.00796	0.00688	0.01175
4	0.01307	0.01018	0.01355	0.01598	0.08099	0.00979	0.01068	0.04868	0.01950	0.02582	0.12065	0.30179	0.16276	0.02067	0.01012	0.00310	0.00582	0.11115	0.00753	0.00815
5	0.09226	0.13478	0.02444	0.02008	0.13396	0.01856	0.01387	0.09826	0.02047	0.07135	0.02243	0.02377	0.07290	0.00883	0.00705	0.00207	0.00756	0.00697	0.00560	0.21480
6	0.22576	0.02138	0.12135	0.01616	0.02236	0.01940	0.01481	0.11105	0.22468	0.06334	0.06135	0.02440	0.02011	0.00990	0.00752	0.00265	0.00765	0.00758	0.00685	0.01171

[dist]
# distance from previous block
# <min> <max>
69	156

[block]
# block no. 13 follows, 22 sequences, length 40
# corresponding to MSA columns:
# 1552-1591
name=unknown_N
#
# <colnr> <probs for GDERKNQSTAVLIFYWHMCP>
#	G	D	E	R	K	N	Q	S	T	A	V	L	I	F	Y	W	H	M	C	P
0	0.09983	0.05243	0.05783	0.17685	0.02991	0.01944	0.01604	0.17619	0.09689	0.03328	0.04976	0.06478	0.04428	0.01137	0.00820	0.00270	0.00847	0.03460	0.00632	0.01080
1	0.07597	0.02363	0.01945	0.04195	0.02274	0.24018	0.01293	0.10709	0.02255	0.07609	0.01729	0.01911	0.01334	0.00837	0.00703	0.00204	0.00959	0.00604	0.08916	0.18546
2	0.02210	0.02406	0.02340	0.02334	0.10991	0.26458	0.07688	0.06563	0.02225	0.02592	0.10178	0.12463	0.05511	0.01246	0.00872	0.00254	0.01046	0.01061	0.00578	0.00983
3	0.01014	0.00796	0.00918	0.00986	0.01167	0.00700	0.00702	0.01219	0.01825	0.02312	0.12981	0.31961	0.35963	0.02254	0.01012	0.00301	0.00441	0.01963	0.00787	0.00700
4	0.01259	0.01035	0.01527	0.02067	0.16621	0.00989	0.01182	0.01494	0.01695	0.02276	0.04269	0.47237	0.10921	0.02103	0.00995	0.00310	0.00596	0.01908	0.00685	0.00831
5	0.01168	0.00802	0.00904	0.00921	0.00954	0.00784	0.00539	0.01202	0.01311	0.01719	0.03377	0.11243	0.09582	0.57964	0.03626	0.00712	0.00739	0.01362	0.00554	0.00538
6	0.01591	0.09984	0.29169	0.01841	0.02495	0.01851	0.01996	0.02152	0.01742	0.02482	0.11821	0.03025	0.07658	0.01461	0.04949	0.00334	0.13089	0.00866	0.00482	0.01013
7	0.01025	0.00755	0.00961	0.01096	0.01196	0.00690	0.00751	0.01206	0.01718	0.02269	0.11633	0.53847	0.14947	0.02429	0.01040	0.00321	0.00463	0.02176	0.00786	0.00690
8	0.01851	0.02240	0.14181	0.20195	0.32093	0.01975	0.02465	0.02529	0.05314	0.02550	0.01603	0.02087	0.01273	0.00838	0.00938	0.00266	0.05287	0.00728	0.00412	0.01177
9	0.01913	0.04138	0.55626	0.02315	0.03422	0.09014	0.02819	0.06449	0.01952	0.02729	0.01500	0.01741	0.01077	0.00809	0.00788	0.00257	0.01237	0.00614	0.00389	0.01211
10	0.01812	0.01681	0.02809	0.04177	0.50561	0.01670	0.02134	0.02224	0.01821	0.02575	0.02268	0.18003	0.02293	0.01176	0.00878	0.00268	0.00869	0.01119	0.00495	0.01166
11	0.16330	0.07024	0.02337	0.05469	0.06447	0.28884	0.01530	0.12785	0.02332	0.07310	0.01533	0.01705	0.01180	0.00858	0.00721	0.00234	0.01103	0.00593	0.00542	0.01082
12	0.01085	0.00824	0.00959	0.01036	0.01195	0.00753	0.00751	0.01268	0.01700	0.02137	0.05823	0.22835	0.30267	0.14631	0.01611	0.00405	0.00558	0.10772	0.00722	0.00669
13	0.06940	0.09210	0.02011	0.01569	0.01797	0.14075	0.01237	0.02083	0.01548	0.02078	0.01698	0.02654	0.01650	0.14423	0.15149	0.00575	0.16397	0.00762	0.03319	0.00825
14	0.01943	0.26781	0.41613	0.02036	0.03040	0.06487	0.02424	0.02626	0.01769	0.02366	0.01365	0.01596	0.01058	0.00767	0.00701	0.00231	0.01131	0.00552	0.00357	0.01157
15	0.01428	0.01325	0.02097	0.52533	0.04620	0.01572	0.01906	0.01900	0.01717	0.02152	0.03138	0.03599	0.16475	0.01135	0.00867	0.00278	0.00943	0.00981	0.00465	0.00870
16	0.01029	0.00781	0.00948	0.01039	0.01184	0.00701	0.00729	0.01234	0.01809	0.02353	0.15474	0.40203	0.24915	0.02299	0.01022	0.00307	0.00448	0.02031	0.00794	0.00701
17	0.02228	0.06879	0.06214	0.02507	0.03088	0.18041	0.24970	0.05624	0.02041	0.02537	0.01711	0.02380	0.01433	0.00941	0.01045	0.00265	0.08189	0.04134	0.04737	0.01036
18	0.01088	0.00876	0.00990	0.01047	0.01301	0.00777	0.00842	0.01350	0.01899	0.02316	0.07216	0.08406	0.47221	0.02161	0.01031	0.00311	0.00524	0.19153	0.00770	0.00720
19	0.01070	0.00747	0.00947	0.01082	0.01116	0.00713	0.00692	0.01172	0.01477	0.01970	0.03997	0.51049	0.04761	0.22817	0.01999	0.00476	0.00578	0.02020	0.00692	0.00624
20	0.01289	0.01112	0.01498	0.05392	0.13446	0.01072	0.01153	0.01682	0.05207	0.02427	0.08912	0.19484	0.30551	0.01813	0.00953	0.00285	0.00587	0.01582	0.00695	0.00860
21	0.01996	0.05557	0.02948	0.31218	0.29333	0.02065	0.02268	0.09773	0.02031	0.02735	0.01558	0.02076	0.01227	0.00808	0.00811	0.00256	0.01023	0.00724	0.00442	0.01150
22	0.02056	0.01974	0.03372	0.05099	0.65622	0.01974	0.02550	0.02550	0.01892	0.02714	0.01563	0.02056	0.01316	0.00740	0.00822	0.00247	0.00987	0.00740	0.00411	0.01316
23	0.01956	0.01995	0.02580	0.37887	0.19237	0.13423	0.02143	0.02425	0.01844	0.02304	0.01533	0.02100	0.01209	0.00821	0.00800	0.00254	0.01107	0.00705	0.04662	0.01016
24	0.01036	0.00740	0.00992	0.01184	0.01243	0.00696	0.00813	0.01199	0.01614	0.02148	0.04565	0.65748	0.05442	0.02580	0.01067	0.00341	0.00503	0.06637	0.00771	0.00681
25	0.01204	0.00820	0.00982	0.00982	0.01008	0.00847	0.00598	0.01257	0.01231	0.01667	0.02548	0.05052	0.02853	0.59382	0.15422	0.00899	0.01057	0.01152	0.00493	0.00546
26	0.02061	0.16935	0.17940	0.01900	0.05217	0.13024	0.01748	0.06177	0.02005	0.04795	0.05372	0.14769	0.02314	0.01191	0.00796	0.00249	0.00971	0.00961	0.00530	0.01045
27	0.01466	0.00790	0.01173	0.01151	0.01151	0.00835	0.00790	0.01139	0.01094	0.01478	0.01421	0.02481	0.01421	0.02797	0.03214	0.71138	0.04984	0.00722	0.00361	0.00395
28	0.03077	0.01248	0.01697	0.01401	0.01901	0.01090	0.01113	0.03356	0.02189	0.50854	0.03589	0.18975	0.02880	0.01405	0.00889	0.00276	0.00653	0.01201	0.00967	0.01237
29	0.01605	0.00925	0.01155	0.01134	0.01397	0.00818	0.00847	0.01832	0.01914	0.15905	0.09293	0.29869	0.23677	0.02041	0.00986	0.00299	0.00516	0.04100	0.00835	0.00851
30	0.01816	0.09313	0.09460	0.08670	0.24987	0.01870	0.01926	0.06406	0.01976	0.02669	0.06187	0.03239	0.13091	0.01094	0.00903	0.00255	0.03608	0.00918	0.00515	0.01097
31	0.01136	0.00857	0.01065	0.01124	0.01281	0.00833	0.00823	0.01431	0.03962	0.02285	0.11369	0.24554	0.19048	0.09759	0.10492	0.00503	0.00764	0.07281	0.00716	0.00716
32	0.03112	0.01457	0.01855	0.01484	0.02035	0.01375	0.01201	0.11709	0.06066	0.43527	0.09779	0.07309	0.02826	0.01199	0.00865	0.00263	0.00685	0.00996	0.00962	0.01295
33	0.02141	0.05493	0.08675	0.05386	0.20935	0.10664	0.01784	0.02616	0.04226	0.10794	0.03097	0.05726	0.12704	0.01125	0.00835	0.00254	0.00914	0.00944	0.00576	0.01111
34	0.01730	0.01797	0.02035	0.01951	0.05664	0.16603	0.10681	0.01982	0.01803	0.02164	0.02973	0.32710	0.03295	0.09122	0.01302	0.00345	0.00926	0.01502	0.00587	0.00830
35	0.05346	0.11245	0.41660	0.02157	0.03107	0.17765	0.02448	0.02772	0.01876	0.02464	0.01391	0.01630	0.01051	0.00796	0.00740	0.00242	0.01231	0.00570	0.00377	0.01133
36	0.10224	0.06064	0.02732	0.11229	0.24316	0.16456	0.01947	0.06348	0.01970	0.02649	0.01409	0.01813	0.01163	0.00861	0.00937	0.00252	0.07443	0.00647	0.00439	0.01100
37	0.02072	0.02096	0.02638	0.20817	0.03515	0.17355	0.14600	0.02529	0.02057	0.06110	0.12887	0.02819	0.02410	0.00978	0.00861	0.00256	0.01090	0.00883	0.03054	0.00973
38	0.01954	0.01622	0.01778	0.01402	0.01971	0.04937	0.01117	0.13301	0.02090	0.03014	0.01767	0.02121	0.01461	0.01770	0.13206	0.00382	0.01008	0.00631	0.04433	0.40034
39	0.05006	0.02319	0.12911	0.02370	0.09272	0.07272	0.08292	0.05272	0.09612	0.02679	0.02408	0.07109	0.06502	0.01178	0.01204	0.00286	0.13784	0.00926	0.00524	0.01072

[dist]
# distance from previous block
# <min> <max>
0	2

[block]
# block no. 14 follows, 22 sequences, length 16
# corresponding to MSA columns:
# 1594-1609
name=unknown_O
#
# <colnr> <probs for GDERKNQSTAVLIFYWHMCP>
#	G	D	E	R	K	N	Q	S	T	A	V	L	I	F	Y	W	H	M	C	P
0	0.05118	0.01886	0.02049	0.01664	0.02175	0.07847	0.06670	0.23202	0.06883	0.06680	0.03725	0.03675	0.17957	0.01243	0.00850	0.00256	0.00815	0.01016	0.05193	0.01097
1	0.01878	0.02755	0.20597	0.01750	0.02349	0.18421	0.01695	0.02566	0.08504	0.02638	0.14893	0.03646	0.12460	0.01219	0.00851	0.00255	0.00953	0.00974	0.00595	0.01002
2	0.01199	0.00816	0.01034	0.01068	0.01188	0.00838	0.00758	0.01418	0.01520	0.02184	0.06400	0.17136	0.08413	0.17215	0.22330	0.00712	0.01066	0.01320	0.12700	0.00684
3	0.14953	0.02798	0.21385	0.02166	0.02994	0.06473	0.13622	0.13730	0.02171	0.03272	0.01548	0.01803	0.01150	0.00796	0.00768	0.00247	0.01066	0.00665	0.00499	0.07894
4	0.01730	0.02945	0.31337	0.02576	0.03385	0.01987	0.20609	0.02425	0.01699	0.02470	0.01560	0.02063	0.01225	0.01417	0.07904	0.00392	0.12027	0.00770	0.00383	0.01096
5	0.01057	0.00833	0.00954	0.00947	0.01174	0.00730	0.00701	0.01329	0.02037	0.02639	0.29286	0.13120	0.38240	0.01999	0.00988	0.00279	0.00416	0.01716	0.00825	0.00730
6	0.01718	0.01726	0.02629	0.06737	0.02652	0.05545	0.13079	0.02057	0.01506	0.02114	0.01563	0.02320	0.01405	0.02602	0.20683	0.00611	0.28934	0.00812	0.00401	0.00905
7	0.01800	0.01737	0.02981	0.35906	0.29389	0.01951	0.05747	0.02316	0.01748	0.02382	0.01500	0.02130	0.01198	0.00823	0.00943	0.00270	0.04946	0.00752	0.00388	0.01090
8	0.01548	0.01102	0.01219	0.01115	0.01451	0.01041	0.00856	0.08485	0.05893	0.08289	0.12497	0.11972	0.37707	0.01833	0.00951	0.00278	0.00517	0.01542	0.00819	0.00884
9	0.01434	0.01254	0.01810	0.01667	0.01757	0.01630	0.01344	0.01686	0.01310	0.01956	0.01780	0.02696	0.01690	0.04356	0.42084	0.00954	0.28545	0.00826	0.00413	0.00807
