[name]
unknown

[dist]
# distance from previous block
# <min> <max>
0	112

[block]
# block no. 0 follows, 35 sequences, length 41
# corresponding to MSA columns:
# 140-180
name=unknown_A
#
# <colnr> <probs for GDERKNQSTAVLIFYWHMCP>
#	G	D	E	R	K	N	Q	S	T	A	V	L	I	F	Y	W	H	M	C	P
0	0.01391	0.01033	0.01484	0.01843	0.21271	0.01038	0.01122	0.06733	0.06547	0.08706	0.02504	0.29150	0.02566	0.01354	0.02455	0.00247	0.00579	0.08658	0.00532	0.00787
1	0.01941	0.03664	0.01816	0.09962	0.16573	0.01388	0.01258	0.19848	0.04536	0.19047	0.07555	0.04763	0.03176	0.00814	0.00645	0.00196	0.00630	0.00688	0.00557	0.00943
2	0.01507	0.01371	0.07051	0.22872	0.09704	0.01318	0.01353	0.14895	0.04363	0.05194	0.13808	0.02152	0.01869	0.00761	0.00635	0.00190	0.00658	0.00648	0.00465	0.09186
3	0.25758	0.01322	0.01826	0.13891	0.15682	0.02989	0.09819	0.04074	0.01406	0.09535	0.01625	0.01829	0.06289	0.00687	0.00582	0.00200	0.00682	0.00582	0.00411	0.00812
4	0.09952	0.01378	0.07028	0.20122	0.27165	0.01310	0.01532	0.01999	0.01445	0.14067	0.06695	0.01859	0.01381	0.00678	0.00614	0.00198	0.00693	0.00590	0.00418	0.00878
5	0.01745	0.01348	0.04697	0.14593	0.29127	0.01302	0.04572	0.04221	0.04159	0.18207	0.01741	0.05478	0.01397	0.00761	0.00656	0.00204	0.00705	0.03704	0.00459	0.00924
6	0.14875	0.01001	0.01146	0.01025	0.01296	0.01069	0.00807	0.09972	0.06507	0.09696	0.06805	0.02746	0.01920	0.10969	0.18952	0.00449	0.00821	0.05742	0.00501	0.03703
7	0.01538	0.01073	0.04271	0.04908	0.17797	0.00955	0.01115	0.01850	0.01625	0.19479	0.23113	0.03421	0.10067	0.01011	0.00692	0.00204	0.00528	0.04955	0.00580	0.00817
8	0.01582	0.01355	0.01486	0.16717	0.02090	0.08806	0.01097	0.19196	0.10651	0.02619	0.21414	0.02549	0.02490	0.00883	0.00653	0.00196	0.00622	0.00731	0.04062	0.00803
9	0.07666	0.01210	0.01668	0.01423	0.04313	0.03524	0.11612	0.11236	0.01722	0.16395	0.11319	0.08310	0.02296	0.03940	0.00780	0.00225	0.00626	0.07882	0.00559	0.03294
10	0.09000	0.01294	0.01396	0.08396	0.01792	0.06557	0.00928	0.09714	0.01582	0.12287	0.01414	0.01549	0.01064	0.00611	0.00526	0.00150	0.00578	0.00471	0.07753	0.32939
11	0.01510	0.01443	0.02432	0.03654	0.68363	0.01436	0.01839	0.01870	0.01445	0.02046	0.01580	0.01905	0.06360	0.00642	0.00637	0.00190	0.00722	0.00622	0.00334	0.00970
12	0.00861	0.00656	0.00891	0.00918	0.01044	0.00608	0.03192	0.01059	0.01420	0.01891	0.20583	0.34751	0.15250	0.04379	0.00878	0.00252	0.00405	0.09810	0.00598	0.00555
13	0.01198	0.01128	0.01903	0.76180	0.04369	0.01409	0.01762	0.01621	0.01268	0.01621	0.01128	0.01691	0.00846	0.00634	0.00634	0.00211	0.00846	0.00564	0.00282	0.00705
14	0.01876	0.01747	0.10025	0.02336	0.28671	0.01585	0.01548	0.28131	0.02012	0.05579	0.01355	0.01523	0.01026	0.00642	0.00612	0.00181	0.00715	0.00540	0.00454	0.09444
15	0.02350	0.01746	0.01869	0.01447	0.01944	0.01939	0.01191	0.66601	0.08114	0.03899	0.01601	0.01585	0.01142	0.00769	0.00635	0.00192	0.00684	0.00582	0.00635	0.01073
16	0.00762	0.00594	0.00693	0.00773	0.00891	0.00525	0.00540	0.00896	0.01320	0.01663	0.04838	0.44710	0.35911	0.01813	0.00782	0.00238	0.00347	0.01591	0.00589	0.00525
17	0.01448	0.01635	0.13457	0.03752	0.18107	0.01386	0.12278	0.02273	0.20680	0.04433	0.11960	0.02245	0.01945	0.00759	0.00665	0.00204	0.00694	0.00705	0.00466	0.00908
18	0.01222	0.01020	0.01211	0.00908	0.01379	0.00790	0.00717	0.01508	0.01423	0.02174	0.17297	0.02081	0.02068	0.00655	0.00532	0.00118	0.00432	0.00548	0.00448	0.63468
19	0.82186	0.01227	0.00932	0.00834	0.01227	0.01423	0.00687	0.01865	0.01080	0.02846	0.00883	0.01031	0.00687	0.00589	0.00393	0.00196	0.00491	0.00344	0.00393	0.00687
20	0.01659	0.01211	0.01548	0.01658	0.15068	0.01273	0.01092	0.04819	0.31239	0.13682	0.17005	0.02651	0.02519	0.00881	0.00662	0.00203	0.00519	0.00761	0.00616	0.00934
21	0.00881	0.00648	0.00824	0.00780	0.00937	0.00591	0.00585	0.01164	0.01755	0.02448	0.65641	0.04897	0.13818	0.01333	0.00748	0.00201	0.00302	0.01170	0.00686	0.00591
22	0.01240	0.00659	0.00847	0.00874	0.01017	0.00608	0.00626	0.01411	0.01350	0.15408	0.03039	0.48978	0.03216	0.01525	0.00708	0.00225	0.00387	0.01355	0.15891	0.00636
23	0.00750	0.00643	0.00643	0.00643	0.00857	0.00536	0.00482	0.00910	0.01446	0.01714	0.06427	0.06105	0.73490	0.01607	0.00750	0.00214	0.00321	0.01339	0.00589	0.00536
24	0.00776	0.00583	0.00720	0.00815	0.00906	0.00527	0.00562	0.00914	0.01317	0.01712	0.09420	0.53495	0.22274	0.01838	0.00790	0.00242	0.00351	0.01635	0.00597	0.00527
25	0.00773	0.00552	0.00736	0.00883	0.00920	0.00515	0.00589	0.00883	0.01215	0.01619	0.03497	0.77291	0.04196	0.01987	0.00810	0.00258	0.00368	0.01803	0.00589	0.00515
26	0.05443	0.01535	0.01692	0.01336	0.01809	0.01658	0.01092	0.42327	0.15019	0.18552	0.01893	0.01788	0.01320	0.00777	0.00628	0.00196	0.00622	0.00602	0.00659	0.01051
27	0.68919	0.01318	0.01094	0.00938	0.01350	0.01514	0.00773	0.13467	0.01396	0.03038	0.00990	0.01112	0.00752	0.00618	0.00433	0.00195	0.00525	0.00381	0.00433	0.00752
28	0.26487	0.01408	0.01574	0.11575	0.11035	0.04110	0.01130	0.16141	0.01613	0.02625	0.01137	0.01347	0.00882	0.00607	0.00526	0.00176	0.00634	0.00456	0.00412	0.16126
29	0.01185	0.00909	0.01295	0.01190	0.01288	0.01124	0.00944	0.01370	0.01054	0.06626	0.01527	0.02278	0.01422	0.09192	0.42900	0.00713	0.23340	0.00660	0.00357	0.00626
30	0.01462	0.01235	0.02024	0.20909	0.36240	0.01307	0.01642	0.01819	0.01419	0.07030	0.01669	0.02688	0.01499	0.00834	0.00711	0.00216	0.02526	0.13529	0.00389	0.00850
31	0.82186	0.01227	0.00932	0.00834	0.01227	0.01423	0.00687	0.01865	0.01080	0.02846	0.00883	0.01031	0.00687	0.00589	0.00393	0.00196	0.00491	0.00344	0.00393	0.00687
32	0.01570	0.01507	0.02575	0.03894	0.73748	0.01507	0.01947	0.01947	0.01444	0.02073	0.01193	0.01570	0.01005	0.00565	0.00628	0.00188	0.00754	0.00565	0.00314	0.01005
33	0.01198	0.01128	0.01903	0.76180	0.04369	0.01409	0.01762	0.01621	0.01268	0.01621	0.01128	0.01691	0.00846	0.00634	0.00634	0.00211	0.00846	0.00564	0.00282	0.00705
34	0.00962	0.00636	0.00791	0.00752	0.00901	0.00597	0.00564	0.01260	0.01692	0.02504	0.57454	0.04208	0.05011	0.01172	0.00680	0.00188	0.00298	0.01023	0.18712	0.00597
35	0.00848	0.00646	0.00778	0.00745	0.00917	0.00577	0.00559	0.01100	0.01677	0.02263	0.50738	0.05201	0.28836	0.01402	0.00749	0.00204	0.00307	0.01212	0.00661	0.00577
36	0.00909	0.00616	0.00739	0.00797	0.00902	0.00594	0.00577	0.01079	0.01252	0.01747	0.03402	0.24822	0.16195	0.12974	0.06586	0.00341	0.00505	0.09280	0.16155	0.00527
37	0.01002	0.00687	0.00870	0.00950	0.01055	0.00675	0.00663	0.01334	0.10283	0.06217	0.03320	0.63188	0.03748	0.01771	0.00778	0.00248	0.00396	0.01594	0.00608	0.00612
38	0.07494	0.01474	0.02485	0.08712	0.58681	0.01501	0.06566	0.01924	0.01409	0.02095	0.01172	0.01548	0.00967	0.00570	0.00619	0.00192	0.00762	0.00561	0.00318	0.00950
39	0.01274	0.01063	0.01771	0.04043	0.01832	0.00996	0.19794	0.03292	0.03792	0.06975	0.33535	0.03330	0.07683	0.00967	0.00711	0.00197	0.00571	0.00914	0.00554	0.06705
40	0.00888	0.00675	0.00923	0.00981	0.01067	0.00659	0.03700	0.01135	0.06478	0.01682	0.03172	0.58552	0.03673	0.09741	0.01050	0.00291	0.00441	0.03777	0.00560	0.00555

[dist]
# distance from previous block
# <min> <max>
1	76

[block]
# block no. 1 follows, 35 sequences, length 35
# corresponding to MSA columns:
# 257-291
name=unknown_B
#
# <colnr> <probs for GDERKNQSTAVLIFYWHMCP>
#	G	D	E	R	K	N	Q	S	T	A	V	L	I	F	Y	W	H	M	C	P
0	0.02450	0.01841	0.01850	0.01445	0.01932	0.09682	0.01181	0.57458	0.02740	0.10694	0.01562	0.01546	0.01100	0.00752	0.00628	0.00188	0.00730	0.00560	0.00617	0.01042
1	0.74170	0.01217	0.00970	0.00845	0.01254	0.01366	0.00693	0.01838	0.01103	0.02769	0.00908	0.01059	0.00712	0.00577	0.00400	0.00186	0.00489	0.00347	0.00391	0.08706
2	0.00884	0.00656	0.00839	0.00955	0.01037	0.00650	0.00676	0.01192	0.08864	0.01758	0.03385	0.62337	0.03900	0.01844	0.00799	0.00257	0.00404	0.08396	0.00594	0.00574
3	0.00783	0.00566	0.00741	0.00862	0.00919	0.00524	0.00584	0.00913	0.01279	0.01707	0.09901	0.66800	0.08265	0.01904	0.00801	0.00250	0.00359	0.01719	0.00599	0.00524
4	0.01196	0.00687	0.00897	0.00882	0.01053	0.00619	0.00646	0.01389	0.01512	0.15558	0.23001	0.35947	0.11067	0.01532	0.00754	0.00226	0.00377	0.01356	0.00656	0.00647
5	0.00898	0.00648	0.00848	0.00798	0.00948	0.00599	0.00599	0.01197	0.01796	0.02544	0.73413	0.04739	0.05986	0.01297	0.00748	0.00200	0.00299	0.01147	0.00698	0.00599
6	0.01523	0.01134	0.01277	0.01134	0.01447	0.01234	0.00882	0.04387	0.42963	0.09745	0.23458	0.03026	0.03074	0.00980	0.00675	0.00208	0.00451	0.00833	0.00675	0.00894
7	0.82186	0.01227	0.00932	0.00834	0.01227	0.01423	0.00687	0.01865	0.01080	0.02846	0.00883	0.01031	0.00687	0.00589	0.00393	0.00196	0.00491	0.00344	0.00393	0.00687
8	0.01315	0.01128	0.01315	0.00940	0.01503	0.00846	0.00752	0.01597	0.01315	0.02067	0.01128	0.01315	0.00940	0.00470	0.00470	0.00094	0.00470	0.00376	0.00376	0.81583
9	0.01135	0.00843	0.01104	0.01201	0.08744	0.00894	0.00746	0.08099	0.01209	0.01662	0.01782	0.03155	0.01846	0.41586	0.22674	0.00640	0.00939	0.00782	0.00389	0.00570
10	0.01741	0.01579	0.12598	0.01667	0.12010	0.01352	0.01295	0.19445	0.10461	0.11705	0.09015	0.10446	0.02026	0.00914	0.00661	0.00204	0.00622	0.00775	0.00555	0.00928
11	0.00940	0.00646	0.00800	0.00779	0.00908	0.00596	0.00553	0.01139	0.01514	0.04715	0.39875	0.13180	0.14134	0.15970	0.01225	0.00287	0.00379	0.01188	0.00614	0.00557
12	0.02370	0.03023	0.01798	0.01634	0.01961	0.75158	0.01226	0.02533	0.01798	0.01553	0.00981	0.01144	0.00817	0.00654	0.00572	0.00163	0.01144	0.00409	0.00327	0.00735
13	0.82186	0.01227	0.00932	0.00834	0.01227	0.01423	0.00687	0.01865	0.01080	0.02846	0.00883	0.01031	0.00687	0.00589	0.00393	0.00196	0.00491	0.00344	0.00393	0.00687
14	0.00893	0.00648	0.00841	0.00793	0.00945	0.00596	0.00595	0.01187	0.01784	0.02516	0.71129	0.04785	0.08288	0.01307	0.00748	0.00200	0.00300	0.01154	0.00695	0.00596
15	0.09953	0.01138	0.01275	0.00928	0.01474	0.00907	0.00745	0.01626	0.01290	0.02150	0.01101	0.01285	0.00913	0.00483	0.00462	0.00105	0.00472	0.00372	0.00378	0.72943
16	0.00816	0.00584	0.00781	0.00899	0.00963	0.00549	0.00633	0.00972	0.01324	0.01782	0.13667	0.59771	0.04403	0.01864	0.00807	0.00253	0.00379	0.08416	0.00604	0.00534
17	0.01268	0.01199	0.02029	0.62561	0.17441	0.01428	0.01797	0.01682	0.01302	0.01706	0.01140	0.01668	0.00876	0.00621	0.00633	0.00207	0.00828	0.00564	0.00288	0.00761
18	0.01328	0.01197	0.01903	0.68200	0.04113	0.01469	0.01702	0.09099	0.01452	0.01875	0.01170	0.01673	0.00871	0.00648	0.00634	0.00209	0.00830	0.00565	0.00320	0.00745
19	0.00894	0.00656	0.00843	0.00818	0.00974	0.00605	0.00628	0.01178	0.01725	0.02391	0.59315	0.05124	0.12964	0.01375	0.00761	0.00210	0.00330	0.07941	0.00675	0.00590
20	0.02299	0.10929	0.01959	0.01577	0.01926	0.67507	0.01211	0.02466	0.01744	0.01546	0.00970	0.01131	0.00817	0.00642	0.00555	0.00161	0.01095	0.00401	0.00321	0.00744
21	0.01462	0.01259	0.01731	0.01274	0.01782	0.01117	0.10014	0.04942	0.01400	0.05135	0.01193	0.01420	0.00964	0.00573	0.00693	0.00138	0.08686	0.00463	0.00387	0.55366
22	0.01438	0.01121	0.01840	0.65249	0.03969	0.01340	0.01641	0.01835	0.01348	0.12191	0.01328	0.01759	0.00951	0.00656	0.00635	0.00209	0.00801	0.00575	0.00355	0.00759
23	0.00906	0.00680	0.01020	0.01020	0.01133	0.00793	0.00793	0.01133	0.01020	0.01473	0.01699	0.02492	0.01586	0.04758	0.75191	0.01020	0.01699	0.00680	0.00340	0.00566
24	0.00866	0.00641	0.00808	0.00780	0.00932	0.00583	0.00580	0.01131	0.01702	0.02352	0.58237	0.09873	0.16379	0.01392	0.00753	0.00206	0.00307	0.01222	0.00674	0.00583
25	0.00768	0.00643	0.00667	0.00661	0.00868	0.00543	0.00496	0.00945	0.01488	0.01814	0.14503	0.05940	0.65351	0.01569	0.00750	0.00212	0.00319	0.01316	0.00602	0.00543
26	0.02479	0.00998	0.01355	0.01066	0.01493	0.00870	0.00870	0.02735	0.01812	0.60689	0.15863	0.02645	0.02402	0.00882	0.00659	0.00197	0.00494	0.00734	0.00769	0.00989
27	0.01578	0.01363	0.01434	0.01291	0.01650	0.01578	0.01004	0.03371	0.72602	0.02654	0.02582	0.02367	0.01937	0.00861	0.00646	0.00215	0.00502	0.00717	0.00646	0.01004
28	0.02370	0.01756	0.01881	0.01451	0.01952	0.01948	0.01196	0.68256	0.06427	0.03932	0.01575	0.01565	0.01121	0.00766	0.00635	0.00192	0.00688	0.00578	0.00635	0.01075
29	0.01609	0.01378	0.01452	0.01297	0.01661	0.01592	0.01012	0.05889	0.70033	0.02703	0.02543	0.02336	0.01905	0.00857	0.00645	0.00214	0.00509	0.00712	0.00645	0.01007
30	0.01777	0.02002	0.01897	0.13147	0.21697	0.33818	0.01427	0.02056	0.01612	0.01821	0.08875	0.01924	0.01519	0.00732	0.00625	0.00185	0.00885	0.02849	0.00365	0.00784
31	0.00814	0.00645	0.00732	0.00711	0.00897	0.00563	0.00533	0.01036	0.01599	0.02077	0.35698	0.05508	0.43993	0.01471	0.00749	0.00208	0.00312	0.01255	0.00637	0.00563
32	0.01375	0.46082	0.02260	0.00946	0.01273	0.01740	0.00825	0.01511	0.01144	0.01401	0.01322	0.02194	0.01379	0.27232	0.06695	0.00363	0.00729	0.00563	0.00315	0.00650
33	0.01184	0.06579	0.13381	0.01290	0.07410	0.06274	0.01063	0.01500	0.01535	0.03821	0.24181	0.10784	0.16250	0.01137	0.00682	0.00200	0.00546	0.00967	0.00511	0.00705
34	0.01786	0.01298	0.01434	0.01202	0.01515	0.01406	0.00940	0.42442	0.02208	0.02952	0.02002	0.11482	0.01913	0.17735	0.01239	0.00299	0.00632	0.06122	0.00571	0.00823

[dist]
# distance from previous block
# <min> <max>
0	12

[block]
# block no. 2 follows, 35 sequences, length 17
# corresponding to MSA columns:
# 304-320
name=unknown_C
#
# <colnr> <probs for GDERKNQSTAVLIFYWHMCP>
#	G	D	E	R	K	N	Q	S	T	A	V	L	I	F	Y	W	H	M	C	P
0	0.20428	0.01582	0.19309	0.04453	0.10407	0.01161	0.01271	0.01746	0.01342	0.08070	0.04517	0.10567	0.10837	0.00918	0.00607	0.00206	0.00609	0.00752	0.00438	0.00779
1	0.01575	0.01276	0.09536	0.04307	0.10857	0.01032	0.06418	0.03991	0.01700	0.18955	0.29768	0.02935	0.03056	0.00913	0.00684	0.00199	0.00572	0.00813	0.00577	0.00836
2	0.01753	0.32637	0.02123	0.01118	0.01517	0.06846	0.00963	0.07255	0.06712	0.12275	0.09188	0.11377	0.01991	0.00886	0.00573	0.00178	0.00601	0.00701	0.00488	0.00820
3	0.01254	0.00777	0.00978	0.00929	0.01130	0.00745	0.00694	0.01665	0.10220	0.13890	0.29856	0.25030	0.07541	0.01375	0.00736	0.00218	0.00384	0.01211	0.00669	0.00699
4	0.04844	0.02006	0.16448	0.01564	0.04903	0.05486	0.01404	0.36881	0.05339	0.12529	0.01558	0.01572	0.01096	0.00718	0.00617	0.00193	0.00736	0.00549	0.00544	0.01013
5	0.12834	0.08342	0.05083	0.10980	0.22287	0.03848	0.07554	0.10352	0.06681	0.02326	0.01252	0.01496	0.00982	0.00619	0.00582	0.00189	0.00736	0.00529	0.00380	0.02948
6	0.00830	0.00613	0.00724	0.00753	0.00854	0.00563	0.00513	0.00968	0.01333	0.01752	0.19067	0.24602	0.23043	0.19911	0.01361	0.00319	0.00400	0.01323	0.00564	0.00507
7	0.05792	0.10991	0.09795	0.01653	0.10812	0.04550	0.01295	0.08039	0.25029	0.02325	0.01581	0.01662	0.01234	0.00716	0.00680	0.00191	0.05924	0.00546	0.00446	0.06740
8	0.01699	0.63979	0.11401	0.01196	0.01781	0.02352	0.01239	0.06939	0.01417	0.01733	0.00958	0.01091	0.00832	0.00565	0.00446	0.00147	0.00710	0.00371	0.00297	0.00847
9	0.07994	0.04325	0.29224	0.01709	0.08862	0.01580	0.01616	0.23694	0.01892	0.07703	0.04454	0.01589	0.01176	0.00688	0.00602	0.00194	0.00749	0.00537	0.00450	0.00960
10	0.01473	0.08148	0.01583	0.01203	0.01499	0.01242	0.05504	0.15773	0.01640	0.07370	0.02438	0.11095	0.09988	0.01811	0.15014	0.00366	0.04722	0.05443	0.02937	0.00749
11	0.00923	0.00615	0.00692	0.00692	0.00692	0.00615	0.00384	0.00923	0.00923	0.01230	0.01999	0.04151	0.02306	0.77705	0.03229	0.00615	0.00615	0.00923	0.00384	0.00384
12	0.26334	0.01350	0.03859	0.01434	0.09420	0.01389	0.04420	0.14996	0.09649	0.02733	0.08228	0.02280	0.09745	0.00825	0.00588	0.00200	0.00566	0.00660	0.00500	0.00822
13	0.01377	0.01139	0.01807	0.15606	0.31462	0.01176	0.01414	0.01772	0.04286	0.06773	0.15409	0.07970	0.02349	0.00898	0.00677	0.00206	0.00624	0.03774	0.00457	0.00825
14	0.02081	0.09913	0.01861	0.01333	0.01792	0.01807	0.01100	0.34788	0.26763	0.09031	0.01900	0.01812	0.01387	0.00774	0.00614	0.00193	0.00615	0.00602	0.00611	0.01024
15	0.01690	0.01297	0.01890	0.13257	0.26594	0.01344	0.01422	0.15340	0.01730	0.09973	0.01747	0.08665	0.01530	0.00846	0.00658	0.00202	0.00674	0.05848	0.00469	0.04825
16	0.01951	0.12682	0.14124	0.02165	0.24413	0.06359	0.01550	0.09295	0.01664	0.17652	0.01441	0.01548	0.01062	0.00641	0.00592	0.00183	0.00747	0.00523	0.00435	0.00973

[dist]
# distance from previous block
# <min> <max>
7	22

[block]
# block no. 3 follows, 35 sequences, length 9
# corresponding to MSA columns:
# 343-351
name=unknown_D
#
# <colnr> <probs for GDERKNQSTAVLIFYWHMCP>
#	G	D	E	R	K	N	Q	S	T	A	V	L	I	F	Y	W	H	M	C	P
0	0.01253	0.01002	0.01081	0.01134	0.01301	0.09317	0.00904	0.04452	0.01521	0.05645	0.05447	0.27012	0.03350	0.01587	0.00794	0.00254	0.00576	0.32168	0.00572	0.00628
1	0.00923	0.00615	0.00692	0.00692	0.00692	0.00615	0.00384	0.00923	0.00923	0.01230	0.01999	0.04151	0.02306	0.77705	0.03229	0.00615	0.00615	0.00923	0.00384	0.00384
2	0.00906	0.00666	0.00865	0.00905	0.01052	0.00625	0.00720	0.01166	0.01583	0.02130	0.34518	0.12293	0.14756	0.01553	0.00796	0.00237	0.00402	0.23615	0.00635	0.00577
3	0.01744	0.24985	0.05108	0.08512	0.05386	0.15660	0.16784	0.05840	0.06610	0.01892	0.01188	0.01412	0.00952	0.00607	0.00579	0.00178	0.00867	0.00516	0.00341	0.00838
4	0.01591	0.11222	0.14846	0.02076	0.02706	0.11729	0.37040	0.02050	0.01475	0.01901	0.01159	0.01461	0.00897	0.00559	0.00640	0.00187	0.00969	0.00581	0.00311	0.06602
5	0.21471	0.13574	0.06748	0.01060	0.01509	0.01394	0.00950	0.07611	0.05004	0.12477	0.13793	0.01976	0.01866	0.00749	0.00544	0.00180	0.00542	0.00571	0.00502	0.07481
6	0.01564	0.19206	0.16118	0.01397	0.01918	0.05177	0.07600	0.08720	0.11010	0.04892	0.02124	0.06083	0.09883	0.00835	0.00609	0.00191	0.00701	0.00686	0.00437	0.00850
7	0.03401	0.15810	0.08234	0.01357	0.03792	0.04711	0.05556	0.07957	0.10529	0.07880	0.17782	0.02273	0.02223	0.00817	0.00654	0.00187	0.02840	0.00667	0.00498	0.02833
8	0.07511	0.01587	0.07963	0.05053	0.17928	0.04590	0.04074	0.07253	0.10127	0.12387	0.01507	0.01642	0.01130	0.00675	0.00675	0.00190	0.04717	0.00549	0.00449	0.09996

[dist]
# distance from previous block
# <min> <max>
4	11

[block]
# block no. 4 follows, 35 sequences, length 45
# corresponding to MSA columns:
# 363-407
name=unknown_E
#
# <colnr> <probs for GDERKNQSTAVLIFYWHMCP>
#	G	D	E	R	K	N	Q	S	T	A	V	L	I	F	Y	W	H	M	C	P
0	0.01654	0.07313	0.18213	0.03959	0.10259	0.01436	0.12037	0.05865	0.09666	0.13089	0.01900	0.05554	0.04663	0.00764	0.00643	0.00201	0.00736	0.00680	0.00453	0.00915
1	0.01548	0.02039	0.23936	0.05337	0.26706	0.03926	0.13947	0.02040	0.01455	0.07228	0.01382	0.01829	0.01094	0.00650	0.00652	0.00202	0.00856	0.03900	0.00348	0.00924
2	0.00997	0.00831	0.01279	0.18935	0.01950	0.00861	0.06606	0.01236	0.01286	0.03208	0.03116	0.25334	0.17117	0.06098	0.06280	0.00310	0.00649	0.02836	0.00468	0.00602
3	0.01533	0.01455	0.02404	0.09243	0.47750	0.01500	0.08215	0.03802	0.10953	0.02171	0.03727	0.01801	0.01275	0.00636	0.00646	0.00197	0.00741	0.00621	0.00376	0.00955
4	0.01622	0.08640	0.10461	0.02408	0.23675	0.01443	0.19957	0.02019	0.01460	0.11713	0.01593	0.09268	0.01353	0.00733	0.00656	0.00200	0.00782	0.00717	0.00398	0.00901
5	0.01132	0.15134	0.01498	0.03800	0.08244	0.01117	0.00877	0.03631	0.04695	0.01845	0.08077	0.32131	0.12750	0.01341	0.00685	0.00212	0.00485	0.01167	0.00505	0.00674
6	0.01512	0.01952	0.11724	0.02527	0.03187	0.05016	0.60281	0.02053	0.01493	0.02007	0.01253	0.01642	0.00938	0.00548	0.00724	0.00210	0.01058	0.00701	0.00315	0.00859
7	0.01593	0.36352	0.11502	0.07333	0.14583	0.01984	0.11302	0.05080	0.01426	0.01852	0.01069	0.01319	0.00881	0.00569	0.00543	0.00171	0.00790	0.00478	0.00302	0.00871
8	0.01938	0.01760	0.15706	0.05330	0.18638	0.03453	0.07649	0.09580	0.01691	0.22684	0.01668	0.04300	0.01229	0.00707	0.00642	0.00198	0.00751	0.00622	0.00482	0.00971
9	0.00822	0.00617	0.00761	0.00785	0.00916	0.00557	0.00566	0.01027	0.01527	0.02047	0.34791	0.27590	0.22496	0.01589	0.00768	0.00221	0.00326	0.01399	0.00637	0.00557
10	0.08093	0.63064	0.02960	0.01123	0.01637	0.07663	0.01070	0.05191	0.01388	0.01720	0.00919	0.01051	0.00817	0.00565	0.00428	0.00145	0.00698	0.00355	0.00302	0.00811
11	0.07621	0.11053	0.02204	0.04222	0.32833	0.07593	0.01445	0.07569	0.10259	0.07141	0.01398	0.01565	0.01097	0.00639	0.00583	0.00185	0.00710	0.00532	0.00412	0.00940
12	0.01572	0.00893	0.01188	0.01181	0.06483	0.00830	0.00826	0.06497	0.01652	0.22828	0.16256	0.24981	0.07808	0.01266	0.00712	0.00213	0.00454	0.01108	0.00644	0.02606
13	0.00765	0.00584	0.00703	0.00798	0.00898	0.00522	0.00551	0.00893	0.01296	0.01653	0.04532	0.52133	0.28686	0.01853	0.00789	0.00242	0.00352	0.01639	0.00589	0.00522
14	0.01481	0.01019	0.01362	0.01509	0.13700	0.01017	0.00974	0.06933	0.11400	0.13372	0.15792	0.20485	0.05935	0.01170	0.00703	0.00213	0.00488	0.01032	0.00603	0.00811
15	0.01759	0.08312	0.01567	0.01022	0.01564	0.01074	0.00847	0.05325	0.01509	0.18871	0.01443	0.01494	0.01081	0.00564	0.00511	0.00126	0.00516	0.00443	0.00474	0.51497
16	0.01553	0.01540	0.13853	0.01254	0.01619	0.03404	0.01122	0.16962	0.08372	0.07329	0.07629	0.10935	0.02073	0.13494	0.01170	0.00277	0.05295	0.00810	0.00511	0.00798
17	0.00789	0.00601	0.00726	0.00786	0.00904	0.00538	0.00555	0.00953	0.01405	0.01831	0.18066	0.39297	0.27804	0.01725	0.00778	0.00232	0.00339	0.01520	0.00610	0.00538
18	0.01851	0.03891	0.10658	0.02465	0.26352	0.06896	0.11409	0.17310	0.03943	0.07006	0.01372	0.01569	0.01037	0.00637	0.00635	0.00192	0.00812	0.00573	0.00419	0.00973
19	0.01766	0.01751	0.02422	0.05336	0.49986	0.11935	0.04991	0.10135	0.01671	0.02208	0.01204	0.01515	0.00980	0.00601	0.00627	0.00187	0.00820	0.00552	0.00353	0.00960
20	0.01929	0.32910	0.02329	0.01281	0.01722	0.18757	0.01096	0.15349	0.09888	0.02173	0.03750	0.01462	0.01194	0.00677	0.00528	0.00164	0.00744	0.00477	0.02715	0.00854
21	0.01559	0.11342	0.07694	0.02038	0.25020	0.01348	0.03090	0.01900	0.01397	0.07229	0.01222	0.01432	0.00980	0.00545	0.00542	0.00149	0.00645	0.00468	0.00362	0.31039
22	0.00823	0.00622	0.00764	0.00844	0.00934	0.00589	0.00599	0.00953	0.01261	0.01625	0.04032	0.41107	0.22438	0.10488	0.01108	0.00291	0.02315	0.08132	0.00557	0.00517
23	0.00863	0.00607	0.00793	0.00908	0.00962	0.00587	0.00645	0.00992	0.01208	0.01599	0.03138	0.45083	0.03657	0.18449	0.01353	0.00344	0.00472	0.17295	0.00543	0.00503
24	0.01521	0.01162	0.01643	0.07819	0.23835	0.01219	0.01250	0.02206	0.18580	0.08943	0.06532	0.02624	0.01899	0.00836	0.00639	0.00202	0.00578	0.06747	0.10894	0.00872
25	0.01646	0.01795	0.09639	0.07880	0.14570	0.01633	0.34853	0.15628	0.01749	0.02392	0.01291	0.01615	0.00969	0.00598	0.00685	0.00204	0.00917	0.00644	0.00373	0.00920
26	0.00906	0.00680	0.01020	0.01020	0.01133	0.00793	0.00793	0.01133	0.01020	0.01473	0.01699	0.02492	0.01586	0.04758	0.75191	0.01020	0.01699	0.00680	0.00340	0.00566
27	0.00770	0.00563	0.00724	0.00853	0.00912	0.00518	0.00576	0.00887	0.01244	0.01631	0.03863	0.68391	0.12860	0.01940	0.00802	0.00252	0.00362	0.01745	0.00589	0.00518
28	0.01661	0.01553	0.02583	0.03527	0.60447	0.01567	0.06897	0.09912	0.01624	0.02290	0.01237	0.01575	0.01010	0.00585	0.00638	0.00190	0.00770	0.00579	0.00351	0.01003
29	0.02012	0.01586	0.01658	0.01372	0.01801	0.03674	0.01099	0.34293	0.37195	0.05231	0.02058	0.01946	0.01508	0.00808	0.00638	0.00202	0.00609	0.00641	0.00636	0.01033
30	0.01284	0.06750	0.02083	0.55902	0.15961	0.01477	0.01707	0.01673	0.01298	0.01689	0.01198	0.04069	0.00979	0.00660	0.00622	0.00203	0.00802	0.00588	0.00297	0.00758
31	0.00923	0.00615	0.00692	0.00692	0.00692	0.00615	0.00384	0.00923	0.00923	0.01230	0.01999	0.04151	0.02306	0.77705	0.03229	0.00615	0.00615	0.00923	0.00384	0.00384
32	0.01624	0.01380	0.01538	0.09862	0.01994	0.01600	0.01112	0.10466	0.57015	0.02679	0.02303	0.02200	0.01720	0.00824	0.00643	0.00212	0.00562	0.00684	0.00603	0.00978
33	0.00787	0.00563	0.00749	0.00874	0.00923	0.00525	0.00590	0.00919	0.01281	0.01725	0.11482	0.69005	0.04400	0.01909	0.00803	0.00251	0.00360	0.01729	0.00601	0.00525
34	0.01389	0.01389	0.01892	0.56452	0.08257	0.09853	0.01645	0.01901	0.07652	0.01733	0.01244	0.01681	0.00949	0.00652	0.00628	0.00205	0.00843	0.00560	0.00321	0.00754
35	0.10997	0.04093	0.01832	0.01718	0.10050	0.35456	0.01222	0.17922	0.01934	0.07237	0.01217	0.01331	0.00934	0.00667	0.00573	0.00177	0.00876	0.00470	0.00431	0.00863
36	0.27774	0.09176	0.01673	0.01317	0.01653	0.32710	0.01052	0.03923	0.03201	0.02048	0.00977	0.01164	0.00811	0.00683	0.00675	0.00186	0.09475	0.00410	0.00353	0.00738
37	0.01176	0.00992	0.01111	0.01222	0.01388	0.09231	0.01046	0.01454	0.01499	0.01859	0.03087	0.06469	0.03327	0.01627	0.00841	0.00277	0.00648	0.61590	0.00555	0.00601
38	0.01537	0.00934	0.01273	0.08947	0.01616	0.00997	0.00920	0.06704	0.03873	0.18845	0.10037	0.02644	0.02031	0.09757	0.24028	0.00498	0.03381	0.00725	0.00513	0.00742
39	0.01209	0.01007	0.01186	0.00912	0.01358	0.00781	0.00700	0.01445	0.01271	0.01939	0.01527	0.12150	0.01502	0.06741	0.00734	0.00158	0.00467	0.00618	0.00406	0.63890
40	0.01388	0.01388	0.01943	0.01666	0.01666	0.01943	0.01388	0.01527	0.00972	0.01527	0.00833	0.01388	0.00833	0.01110	0.02082	0.00278	0.76544	0.00555	0.00278	0.00694
41	0.01584	0.01553	0.08036	0.10772	0.25459	0.08696	0.06549	0.01921	0.01457	0.10504	0.01748	0.15577	0.01604	0.00872	0.00664	0.00205	0.00745	0.00792	0.00415	0.00845
42	0.00897	0.00645	0.00874	0.00994	0.01097	0.00621	0.00780	0.01111	0.01396	0.01851	0.11495	0.36024	0.05920	0.01794	0.00831	0.00265	0.00455	0.31793	0.00599	0.00556
43	0.01696	0.01539	0.02463	0.03600	0.65555	0.04510	0.01844	0.02054	0.01486	0.07276	0.01279	0.01595	0.01038	0.00585	0.00626	0.00188	0.00754	0.00564	0.00349	0.00999
44	0.00923	0.00615	0.00692	0.00692	0.00692	0.00615	0.00384	0.00923	0.00923	0.01230	0.01999	0.04151	0.02306	0.77705	0.03229	0.00615	0.00615	0.00923	0.00384	0.00384

[dist]
# distance from previous block
# <min> <max>
0	0

# created by:
# /home/berkeley/.conda/envs/busco_data_prod/bin/msa2prfl.pl pipeline/OGs_align_augustus/5794/32933.fs
