[name]
unknown

[dist]
# distance from previous block
# <min> <max>
8	1264

[block]
# block no. 0 follows, 27 sequences, length 42
# corresponding to MSA columns:
# 1414-1455
name=unknown_A
#
# <colnr> <probs for GDERKNQSTAVLIFYWHMCP>
#	G	D	E	R	K	N	Q	S	T	A	V	L	I	F	Y	W	H	M	C	P
0	0.04444	0.17823	0.10485	0.07525	0.17066	0.01756	0.01594	0.02212	0.01591	0.06330	0.01362	0.01614	0.01091	0.00653	0.00616	0.00182	0.00781	0.00526	0.00403	0.21946
1	0.11956	0.02316	0.18892	0.04055	0.10458	0.09761	0.01645	0.08792	0.04341	0.02627	0.01532	0.04285	0.01280	0.04170	0.00811	0.00236	0.00869	0.00627	0.00444	0.10903
2	0.07557	0.01875	0.06560	0.12290	0.22587	0.06517	0.04258	0.06846	0.08553	0.02512	0.01500	0.01847	0.01197	0.00846	0.00908	0.03121	0.05844	0.00639	0.00432	0.04111
3	0.02234	0.13152	0.02333	0.05042	0.14379	0.01765	0.01396	0.13915	0.07576	0.16755	0.04478	0.05545	0.01768	0.00889	0.00704	0.00214	0.00723	0.00735	0.00608	0.05787
4	0.18754	0.07698	0.02239	0.09416	0.07083	0.10598	0.08222	0.04746	0.01643	0.05155	0.01329	0.01637	0.01061	0.00909	0.03442	0.00249	0.04231	0.00563	0.00427	0.10599
5	0.08337	0.13033	0.11118	0.01985	0.11987	0.10309	0.01550	0.09954	0.01851	0.07226	0.03956	0.04625	0.01504	0.03440	0.00902	0.00240	0.05856	0.00665	0.00474	0.00990
6	0.01377	0.01598	0.10370	0.07141	0.09589	0.05912	0.06151	0.01761	0.01683	0.02235	0.13810	0.08711	0.12456	0.04945	0.04331	0.00308	0.00810	0.02825	0.00521	0.03468
7	0.01849	0.05517	0.12826	0.07084	0.02260	0.09928	0.01410	0.14646	0.04364	0.05101	0.02851	0.07848	0.14074	0.01092	0.00743	0.00225	0.00796	0.00877	0.00550	0.05960
8	0.01882	0.06947	0.04293	0.07200	0.05020	0.18663	0.01294	0.04481	0.09595	0.05427	0.02429	0.06474	0.06209	0.07332	0.03726	0.00312	0.00914	0.06409	0.00520	0.00872
9	0.03830	0.01937	0.18812	0.01392	0.01903	0.07078	0.01358	0.06663	0.01867	0.08509	0.12699	0.06065	0.17140	0.01515	0.05671	0.00302	0.00813	0.00976	0.00583	0.00887
10	0.01737	0.12937	0.28231	0.09112	0.06400	0.07802	0.15664	0.02317	0.01621	0.02159	0.01295	0.01642	0.01000	0.00713	0.00791	0.00228	0.04401	0.00611	0.00338	0.01001
11	0.04358	0.01304	0.08717	0.01345	0.04797	0.01054	0.01068	0.09364	0.01789	0.05064	0.04052	0.31653	0.19206	0.01666	0.00842	0.00263	0.00572	0.01442	0.00639	0.00804
12	0.04157	0.01509	0.06376	0.01965	0.15782	0.06363	0.01286	0.05021	0.06879	0.02259	0.02546	0.23452	0.02672	0.12140	0.01247	0.00325	0.00729	0.03911	0.00537	0.00842
13	0.09630	0.07235	0.12814	0.27029	0.19198	0.01766	0.04297	0.02210	0.01566	0.05539	0.01374	0.01773	0.01051	0.00709	0.00691	0.00230	0.00916	0.00609	0.00379	0.00984
14	0.01499	0.18702	0.18099	0.01373	0.01828	0.04388	0.01355	0.01838	0.01389	0.01895	0.01638	0.02495	0.01543	0.17816	0.11804	0.00466	0.04473	0.00681	0.05915	0.00802
15	0.01033	0.00766	0.00833	0.00810	0.01048	0.00655	0.00606	0.01199	0.01690	0.04998	0.12331	0.06411	0.55106	0.01861	0.01032	0.06456	0.00406	0.01438	0.00682	0.00637
16	0.01623	0.01588	0.08785	0.01313	0.01874	0.01247	0.01140	0.11496	0.06437	0.02693	0.02042	0.15505	0.01922	0.00991	0.00686	0.00187	0.00627	0.00835	0.00541	0.38471
17	0.02121	0.01853	0.03149	0.03344	0.32389	0.01846	0.20347	0.14837	0.02089	0.08197	0.01622	0.01929	0.01231	0.00716	0.00778	0.00230	0.00955	0.00731	0.00486	0.01150
18	0.01531	0.01431	0.02350	0.43181	0.18690	0.01638	0.04338	0.02151	0.07486	0.02185	0.03584	0.02403	0.01469	0.00824	0.00763	0.00246	0.00908	0.03485	0.00407	0.00930
19	0.00892	0.00735	0.00784	0.00809	0.01021	0.00627	0.00592	0.01080	0.01673	0.02046	0.10646	0.17786	0.54882	0.01931	0.00889	0.00258	0.00383	0.01641	0.00697	0.00627
20	0.01539	0.01319	0.01539	0.01100	0.01759	0.00990	0.00880	0.01869	0.01539	0.02419	0.01319	0.01539	0.01100	0.00550	0.00550	0.00110	0.00550	0.00440	0.00440	0.78449
21	0.01493	0.01407	0.01125	0.01079	0.01172	0.17852	0.00690	0.01539	0.01329	0.01532	0.02048	0.03999	0.02274	0.56062	0.03020	0.00591	0.00871	0.00933	0.00433	0.00550
22	0.01793	0.01252	0.04345	0.05830	0.05323	0.01100	0.10124	0.02159	0.01864	0.20075	0.17636	0.09905	0.10805	0.01249	0.00832	0.00247	0.00661	0.03201	0.00683	0.00917
23	0.60528	0.01593	0.01368	0.01155	0.01647	0.01821	0.00952	0.17951	0.01807	0.03660	0.01216	0.01347	0.00916	0.00738	0.00529	0.00228	0.00633	0.00467	0.00529	0.00916
24	0.02015	0.01501	0.02192	0.21788	0.19750	0.01591	0.01669	0.11666	0.05201	0.13139	0.07105	0.02303	0.01752	0.00837	0.00744	0.00227	0.00793	0.00728	0.00554	0.04444
25	0.01764	0.06697	0.01910	0.12760	0.02407	0.13520	0.01195	0.02090	0.01628	0.02183	0.01270	0.01552	0.01047	0.00625	0.00597	0.00150	0.00776	0.00479	0.00404	0.46948
26	0.01586	0.01313	0.01765	0.29422	0.03020	0.01505	0.01430	0.13939	0.11037	0.02582	0.02540	0.19672	0.04625	0.01234	0.00799	0.00257	0.00744	0.01073	0.00566	0.00893
27	0.01877	0.04725	0.07297	0.12034	0.28461	0.04327	0.06451	0.09943	0.09729	0.02663	0.04099	0.02047	0.01470	0.00774	0.00740	0.00228	0.00888	0.00699	0.00464	0.01085
28	0.01934	0.01483	0.01798	0.12022	0.06175	0.04733	0.01302	0.19635	0.02216	0.08301	0.13837	0.02965	0.07006	0.01236	0.03592	0.00271	0.05318	0.00849	0.04377	0.00952
29	0.01880	0.19349	0.02218	0.01452	0.01924	0.02113	0.01198	0.03525	0.51729	0.02774	0.02536	0.02384	0.01946	0.00916	0.00687	0.00229	0.00638	0.00731	0.00649	0.01121
30	0.00961	0.00700	0.00893	0.00975	0.01079	0.00648	0.00684	0.01155	0.01620	0.02175	0.21196	0.41568	0.12711	0.06241	0.01089	0.00304	0.00430	0.04236	0.00708	0.00625
31	0.02647	0.01977	0.02270	0.01736	0.02311	0.02160	0.05892	0.57749	0.03234	0.04384	0.01808	0.01867	0.01298	0.00871	0.00736	0.00221	0.00814	0.00685	0.06138	0.01204
32	0.01027	0.00758	0.00959	0.00909	0.01094	0.00690	0.00682	0.01355	0.02045	0.02844	0.60466	0.05765	0.15510	0.01567	0.00876	0.00236	0.00354	0.01373	0.00800	0.00690
33	0.03307	0.01301	0.01746	0.01339	0.01914	0.01147	0.01106	0.06549	0.02188	0.66773	0.02876	0.02492	0.01811	0.00918	0.00746	0.00229	0.00640	0.00743	0.00911	0.01263
34	0.00893	0.00692	0.00814	0.00911	0.01044	0.00613	0.00635	0.01048	0.01539	0.01943	0.05587	0.44513	0.32857	0.02131	0.00917	0.00279	0.00407	0.01873	0.00689	0.00613
35	0.01539	0.01319	0.01539	0.01100	0.01759	0.00990	0.00880	0.01869	0.01539	0.02419	0.01319	0.01539	0.01100	0.00550	0.00550	0.00110	0.00550	0.00440	0.00440	0.78449
36	0.02634	0.01319	0.01641	0.01301	0.01783	0.01261	0.01058	0.17213	0.02405	0.38317	0.16326	0.03197	0.05996	0.01081	0.00778	0.00230	0.00604	0.00890	0.00848	0.01118
37	0.02687	0.02013	0.02152	0.01681	0.02251	0.02239	0.01378	0.58130	0.12384	0.04462	0.01953	0.01919	0.01401	0.00907	0.00744	0.00227	0.00785	0.00692	0.00744	0.01250
38	0.00881	0.00737	0.00767	0.00791	0.01013	0.00623	0.00581	0.01061	0.01654	0.01990	0.07042	0.16396	0.60035	0.01942	0.00887	0.00258	0.00384	0.01643	0.00689	0.00623
39	0.01149	0.00815	0.00949	0.00924	0.01158	0.00732	0.00699	0.01461	0.04363	0.07062	0.22957	0.13342	0.35744	0.01736	0.00876	0.00254	0.00413	0.03911	0.00742	0.00712
40	0.13287	0.14188	0.13562	0.01715	0.02313	0.18739	0.07446	0.05633	0.01780	0.08085	0.01408	0.01611	0.01091	0.01018	0.04860	0.00269	0.01046	0.00553	0.00435	0.00961
41	0.02654	0.03347	0.02040	0.01862	0.02227	0.66050	0.01399	0.02850	0.02040	0.01810	0.01206	0.01449	0.01019	0.01100	0.05570	0.00261	0.01384	0.00500	0.00384	0.00847

[dist]
# distance from previous block
# <min> <max>
0	1

[block]
# block no. 1 follows, 27 sequences, length 34
# corresponding to MSA columns:
# 1457-1490
name=unknown_B
#
# <colnr> <probs for GDERKNQSTAVLIFYWHMCP>
#	G	D	E	R	K	N	Q	S	T	A	V	L	I	F	Y	W	H	M	C	P
0	0.01637	0.01754	0.03584	0.15232	0.11365	0.01729	0.43005	0.02182	0.01674	0.02263	0.01651	0.07306	0.01390	0.00777	0.00842	0.00250	0.01102	0.00906	0.00390	0.00961
1	0.02419	0.02049	0.01990	0.01651	0.02150	0.09964	0.01318	0.33927	0.29555	0.03711	0.02214	0.02133	0.01636	0.00924	0.00739	0.00231	0.00783	0.00716	0.00707	0.01181
2	0.01919	0.37744	0.09317	0.01277	0.01834	0.01986	0.01222	0.02196	0.01548	0.11742	0.01720	0.06674	0.01565	0.09688	0.00976	0.00251	0.00749	0.00662	0.00454	0.06477
3	0.01382	0.05829	0.47353	0.01739	0.02550	0.01477	0.02091	0.02071	0.01720	0.02508	0.20888	0.02704	0.02697	0.00938	0.00745	0.00232	0.00868	0.00772	0.00460	0.00976
4	0.00897	0.00677	0.00830	0.00952	0.01055	0.00610	0.00653	0.01043	0.01500	0.01927	0.05085	0.54227	0.23468	0.02197	0.00927	0.00287	0.00415	0.01953	0.00689	0.00610
5	0.01569	0.01513	0.02637	0.45224	0.25880	0.01703	0.06752	0.02055	0.01571	0.02103	0.01358	0.01935	0.01060	0.00708	0.00749	0.00239	0.00973	0.00676	0.00345	0.00951
6	0.03183	0.01500	0.01869	0.01433	0.02013	0.01442	0.01184	0.21920	0.02520	0.50933	0.02597	0.02311	0.01671	0.00911	0.00745	0.00228	0.00685	0.00724	0.00868	0.01263
7	0.01461	0.00878	0.01287	0.01216	0.01426	0.00957	0.00957	0.01730	0.01358	0.13740	0.02154	0.02848	0.01853	0.04747	0.58572	0.01023	0.01749	0.00787	0.00490	0.00769
8	0.00952	0.00695	0.00896	0.00973	0.01081	0.00639	0.00682	0.01163	0.01680	0.02278	0.26719	0.43955	0.11525	0.02007	0.00916	0.00273	0.00398	0.01796	0.00733	0.00639
9	0.01437	0.01097	0.01244	0.01097	0.01396	0.01107	0.00853	0.14781	0.08026	0.03097	0.34670	0.04929	0.20464	0.01434	0.00839	0.00237	0.00472	0.01217	0.00766	0.00838
10	0.57044	0.01622	0.01420	0.01188	0.01687	0.01850	0.00980	0.20900	0.01908	0.03721	0.01251	0.01373	0.00937	0.00748	0.00541	0.00228	0.00645	0.00479	0.00541	0.00937
11	0.01695	0.01949	0.07164	0.01923	0.02306	0.15413	0.16695	0.02065	0.01553	0.02024	0.01557	0.02108	0.01326	0.02196	0.21303	0.00515	0.10731	0.00707	0.05936	0.00835
12	0.00885	0.00721	0.00784	0.00834	0.01024	0.00620	0.00600	0.01056	0.01614	0.01973	0.06527	0.26343	0.50420	0.02009	0.00898	0.00265	0.00392	0.01724	0.00689	0.00620
13	0.03331	0.01263	0.01723	0.01321	0.01895	0.01091	0.01091	0.03618	0.02125	0.69794	0.02929	0.02527	0.01838	0.00919	0.00747	0.00230	0.00632	0.00747	0.00919	0.01263
14	0.01402	0.01319	0.02227	0.72126	0.05113	0.01649	0.02062	0.01897	0.01484	0.01897	0.01319	0.01979	0.00990	0.00742	0.00742	0.00247	0.00990	0.00660	0.00330	0.00825
15	0.01685	0.01288	0.01385	0.01234	0.01614	0.01358	0.00970	0.09651	0.29395	0.07816	0.04568	0.04440	0.26790	0.01344	0.00807	0.00250	0.00541	0.03153	0.00739	0.00973
16	0.00981	0.00678	0.00836	0.00935	0.00995	0.00642	0.00612	0.01105	0.01390	0.01888	0.06299	0.45315	0.08383	0.19682	0.01606	0.00390	0.00489	0.01704	0.05492	0.00576
17	0.02055	0.01593	0.01718	0.01505	0.01951	0.01802	0.01182	0.07956	0.57332	0.09752	0.02933	0.02682	0.02160	0.00991	0.00754	0.00248	0.00607	0.00819	0.00771	0.01189
18	0.00964	0.00755	0.00872	0.00843	0.01056	0.00664	0.00632	0.01233	0.01897	0.02491	0.38192	0.06345	0.38003	0.01699	0.00876	0.00242	0.00363	0.01455	0.00753	0.00664
19	0.01078	0.00749	0.00946	0.00953	0.01002	0.00791	0.00631	0.01176	0.01141	0.01561	0.02295	0.04394	0.02499	0.49456	0.24777	0.00853	0.01117	0.03611	0.00443	0.00526
20	0.57044	0.01622	0.01420	0.01188	0.01687	0.01850	0.00980	0.20900	0.01908	0.03721	0.01251	0.01373	0.00937	0.00748	0.00541	0.00228	0.00645	0.00479	0.00541	0.00937
21	0.00997	0.00757	0.00918	0.00877	0.01076	0.00678	0.00658	0.01297	0.01974	0.02675	0.49828	0.06042	0.26253	0.01630	0.00876	0.00239	0.00358	0.01412	0.00778	0.00678
22	0.02371	0.29076	0.02804	0.01582	0.02079	0.11917	0.01371	0.21059	0.02152	0.06884	0.01376	0.01526	0.01101	0.00836	0.00866	0.00209	0.10728	0.00543	0.00488	0.01030
23	0.01591	0.03219	0.50490	0.02475	0.14648	0.01745	0.02482	0.02521	0.09178	0.02450	0.01537	0.01752	0.01133	0.00732	0.00716	0.00234	0.01001	0.00602	0.00373	0.01120
24	0.00984	0.00756	0.00899	0.00864	0.01068	0.00672	0.00648	0.01271	0.01943	0.02601	0.45168	0.06163	0.30959	0.01658	0.00876	0.00240	0.00360	0.01429	0.00768	0.00672
25	0.01006	0.00768	0.00985	0.00960	0.01143	0.00746	0.00729	0.01288	0.01727	0.02350	0.32823	0.05219	0.22365	0.02789	0.21179	0.00516	0.00832	0.01245	0.00661	0.00670
26	0.00924	0.00725	0.00836	0.00870	0.01047	0.00637	0.00629	0.01133	0.01711	0.02196	0.20535	0.24858	0.37418	0.01919	0.00896	0.00261	0.00385	0.01664	0.00718	0.00637
27	0.01062	0.00791	0.01169	0.01169	0.01293	0.00915	0.00898	0.01310	0.01186	0.01706	0.02010	0.03038	0.01909	0.09859	0.66750	0.01163	0.01909	0.00813	0.00401	0.00649
28	0.02025	0.24173	0.30141	0.01809	0.02554	0.23211	0.01917	0.02501	0.01714	0.02013	0.01189	0.01388	0.00949	0.00703	0.00628	0.00200	0.01083	0.00483	0.00336	0.00983
29	0.01985	0.74357	0.03890	0.01270	0.01905	0.02937	0.01270	0.02223	0.01508	0.01747	0.01032	0.01191	0.00953	0.00635	0.00476	0.00159	0.00794	0.00397	0.00318	0.00953
30	0.10314	0.01227	0.01794	0.01851	0.12246	0.01233	0.09567	0.06347	0.01717	0.02553	0.11427	0.15359	0.05285	0.09080	0.01113	0.00298	0.00676	0.03321	0.03774	0.00819
31	0.17390	0.04233	0.05632	0.01189	0.01554	0.01208	0.01028	0.04179	0.01617	0.14370	0.02440	0.06799	0.02253	0.09644	0.03550	0.00338	0.00696	0.13568	0.07476	0.00836
32	0.02195	0.06886	0.09926	0.04622	0.15071	0.03975	0.01544	0.09209	0.01930	0.19693	0.02012	0.08193	0.01617	0.00896	0.00715	0.00216	0.00775	0.00750	0.00573	0.09204
33	0.02008	0.10971	0.13758	0.01743	0.06731	0.16101	0.01463	0.04303	0.01786	0.11956	0.02194	0.19513	0.02090	0.01146	0.00739	0.00231	0.00854	0.00944	0.00527	0.00942

[dist]
# distance from previous block
# <min> <max>
0	90

[block]
# block no. 2 follows, 27 sequences, length 12
# corresponding to MSA columns:
# 1590-1601
name=unknown_C
#
# <colnr> <probs for GDERKNQSTAVLIFYWHMCP>
#	G	D	E	R	K	N	Q	S	T	A	V	L	I	F	Y	W	H	M	C	P
0	0.12768	0.04786	0.04390	0.08036	0.02001	0.01483	0.01192	0.07131	0.01596	0.08995	0.01660	0.02032	0.01331	0.01742	0.14357	0.00407	0.08897	0.00623	0.08291	0.08284
1	0.02288	0.01757	0.01942	0.01560	0.02014	0.01968	0.01272	0.43031	0.09192	0.03868	0.08275	0.02662	0.07722	0.01083	0.00929	0.00239	0.07566	0.00821	0.00706	0.01106
2	0.01648	0.05191	0.10857	0.16481	0.13210	0.04095	0.01680	0.08155	0.01694	0.02332	0.01486	0.01945	0.01218	0.01637	0.14216	0.00396	0.01105	0.00623	0.00403	0.11628
3	0.01790	0.00949	0.01248	0.01150	0.01355	0.00928	0.00844	0.09583	0.01647	0.16102	0.02497	0.22755	0.02443	0.01955	0.01627	0.30119	0.00601	0.01091	0.00603	0.00713
4	0.01271	0.01023	0.01727	0.01540	0.01805	0.00981	0.15897	0.01615	0.01602	0.02264	0.03132	0.25537	0.03288	0.01579	0.00870	0.00276	0.00672	0.18677	0.15507	0.00734
5	0.01770	0.13623	0.32322	0.09019	0.09252	0.08558	0.06208	0.04207	0.01665	0.02222	0.01285	0.01590	0.00993	0.00722	0.00749	0.00223	0.03656	0.00568	0.00344	0.01022
6	0.01088	0.00805	0.01099	0.01092	0.01166	0.00909	0.00786	0.01248	0.01164	0.01639	0.02177	0.07603	0.02277	0.28779	0.40007	0.00931	0.05244	0.00962	0.00429	0.00594
7	0.01046	0.00706	0.00820	0.00853	0.00861	0.00697	0.00496	0.01071	0.01145	0.01527	0.02677	0.18060	0.03125	0.60128	0.03233	0.00639	0.00664	0.01278	0.00496	0.00479
8	0.02117	0.01273	0.01639	0.01371	0.01699	0.01366	0.01107	0.07612	0.08321	0.24571	0.22814	0.03248	0.03261	0.01183	0.01112	0.00251	0.14403	0.00914	0.00744	0.00994
9	0.01420	0.01025	0.01435	0.09340	0.08587	0.01064	0.01113	0.01847	0.07843	0.08607	0.03207	0.22715	0.08553	0.06654	0.10058	0.00414	0.00798	0.03921	0.00592	0.00807
10	0.09732	0.02796	0.01742	0.01594	0.01951	0.50822	0.01203	0.02589	0.01931	0.02071	0.01869	0.02019	0.07530	0.00874	0.00655	0.00199	0.01078	0.00596	0.07933	0.00817
11	0.08383	0.00740	0.00913	0.01058	0.01152	0.00726	0.00745	0.01188	0.01432	0.02061	0.03786	0.60778	0.04462	0.02146	0.00908	0.00298	0.00467	0.07462	0.00667	0.00629

[dist]
# distance from previous block
# <min> <max>
0	8

[block]
# block no. 3 follows, 27 sequences, length 51
# corresponding to MSA columns:
# 1610-1660
name=unknown_D
#
# <colnr> <probs for GDERKNQSTAVLIFYWHMCP>
#	G	D	E	R	K	N	Q	S	T	A	V	L	I	F	Y	W	H	M	C	P
0	0.01585	0.01754	0.06746	0.31134	0.09788	0.01820	0.22279	0.02091	0.01543	0.02104	0.01337	0.01903	0.01044	0.00773	0.01013	0.00256	0.10841	0.00720	0.00346	0.00924
1	0.01371	0.00859	0.01265	0.01211	0.01403	0.00950	0.00950	0.01639	0.01320	0.11020	0.02117	0.02863	0.01853	0.04933	0.61378	0.01062	0.01803	0.00789	0.00469	0.00745
2	0.01509	0.00929	0.01170	0.01166	0.01360	0.00904	0.00844	0.10380	0.01803	0.11851	0.03612	0.53642	0.03979	0.01931	0.00891	0.00281	0.00512	0.01721	0.00729	0.00786
3	0.01496	0.03496	0.60706	0.01977	0.03015	0.01624	0.02488	0.02285	0.01564	0.02360	0.01330	0.01564	0.00962	0.00684	0.00684	0.00218	0.01022	0.00534	0.00331	0.11661
4	0.01685	0.01783	0.10921	0.01512	0.01990	0.01668	0.01322	0.03368	0.49589	0.02984	0.12080	0.02997	0.02753	0.01038	0.00765	0.00247	0.00624	0.00871	0.00704	0.01097
5	0.01539	0.01319	0.01539	0.01100	0.01759	0.00990	0.00880	0.01869	0.01539	0.02419	0.01319	0.01539	0.01100	0.00550	0.00550	0.00110	0.00550	0.00440	0.00440	0.78449
6	0.01722	0.01906	0.03980	0.02843	0.03581	0.01752	0.57317	0.02306	0.01722	0.02384	0.01476	0.01937	0.01123	0.00615	0.00830	0.00231	0.01153	0.00815	0.00385	0.11924
7	0.11728	0.00873	0.01130	0.01115	0.01275	0.01002	0.00850	0.01411	0.01188	0.01907	0.01903	0.02929	0.01819	0.13576	0.52811	0.01001	0.01634	0.00778	0.00413	0.00655
8	0.00991	0.00738	0.00954	0.01043	0.01170	0.00656	0.00715	0.01148	0.01437	0.01967	0.03713	0.63608	0.04390	0.02083	0.00893	0.00275	0.00447	0.01882	0.00655	0.11234
9	0.01395	0.01290	0.02151	0.52887	0.13612	0.01523	0.01905	0.01833	0.01505	0.01971	0.01709	0.11717	0.01551	0.00947	0.00769	0.00251	0.00898	0.00858	0.00384	0.00844
10	0.01723	0.01647	0.02807	0.22281	0.52448	0.01734	0.02221	0.02178	0.01636	0.02287	0.01376	0.01875	0.01127	0.00683	0.00737	0.00228	0.00910	0.00661	0.00358	0.01084
11	0.02059	0.01589	0.01937	0.01614	0.01908	0.01894	0.01310	0.25625	0.05969	0.06922	0.01741	0.02208	0.01449	0.06777	0.11207	0.00426	0.23108	0.00724	0.00557	0.00978
12	0.00951	0.00700	0.00898	0.01011	0.01118	0.00647	0.00724	0.01143	0.01589	0.02099	0.13738	0.46928	0.14948	0.02115	0.00935	0.00288	0.00437	0.08395	0.00707	0.00629
13	0.01051	0.00718	0.00856	0.00871	0.00906	0.00708	0.00534	0.01127	0.01274	0.01728	0.11952	0.14252	0.03579	0.51576	0.05291	0.00610	0.00672	0.01248	0.00533	0.00513
14	0.12295	0.05606	0.02011	0.02013	0.19018	0.04492	0.01273	0.02085	0.01564	0.02481	0.01277	0.01542	0.01064	0.00612	0.00586	0.00161	0.00687	0.00491	0.00415	0.40330
15	0.11699	0.00871	0.00957	0.00989	0.01200	0.00864	0.00777	0.01368	0.01513	0.02141	0.04493	0.06080	0.27201	0.13433	0.05218	0.00400	0.00634	0.18918	0.00602	0.00641
16	0.01882	0.16466	0.07876	0.01490	0.01989	0.04323	0.01331	0.11513	0.13914	0.02665	0.05284	0.02000	0.01623	0.00879	0.00873	0.00211	0.09836	0.00632	0.03626	0.11587
17	0.01923	0.06633	0.02187	0.02096	0.15165	0.15789	0.03703	0.06499	0.01817	0.04128	0.02206	0.02413	0.10394	0.01067	0.03242	0.00240	0.06250	0.00710	0.00461	0.13076
18	0.01667	0.26110	0.02215	0.01217	0.01584	0.01724	0.01015	0.01921	0.03710	0.06617	0.01923	0.12251	0.01941	0.13592	0.01355	0.00294	0.08152	0.00828	0.00467	0.11415
19	0.11606	0.00760	0.00888	0.01006	0.01102	0.00758	0.00684	0.01195	0.01370	0.02051	0.03521	0.57580	0.04156	0.08349	0.01128	0.00328	0.00476	0.01787	0.00637	0.00617
20	0.01696	0.01600	0.02630	0.19699	0.45230	0.01632	0.02037	0.02134	0.01622	0.02302	0.01368	0.01829	0.01122	0.00665	0.00711	0.00212	0.00861	0.00631	0.00369	0.11648
21	0.01512	0.01263	0.01456	0.01323	0.01449	0.05090	0.00987	0.10630	0.01547	0.02088	0.02092	0.12659	0.02225	0.26003	0.10093	0.00530	0.16851	0.01002	0.00486	0.00712
22	0.02527	0.01370	0.01772	0.11020	0.02297	0.01388	0.01231	0.13989	0.08084	0.33983	0.11822	0.02771	0.02389	0.00982	0.00764	0.00233	0.00669	0.00813	0.00779	0.01116
23	0.68799	0.01412	0.01177	0.01023	0.01498	0.01587	0.00843	0.02378	0.01381	0.12407	0.01292	0.01386	0.00945	0.00720	0.00499	0.00230	0.00582	0.00449	0.00522	0.00867
24	0.00922	0.00674	0.00867	0.00987	0.01073	0.00619	0.00676	0.01089	0.01548	0.02060	0.13624	0.56231	0.12572	0.02161	0.00929	0.00286	0.00413	0.01940	0.00707	0.00619
25	0.01463	0.01461	0.02864	0.11822	0.03098	0.01433	0.33549	0.01955	0.01739	0.02343	0.11543	0.07565	0.02689	0.01108	0.00887	0.00266	0.00945	0.11909	0.00502	0.00858
26	0.02776	0.03454	0.02111	0.01901	0.02295	0.66993	0.01433	0.06627	0.02183	0.01981	0.01184	0.01364	0.00974	0.00772	0.00674	0.00193	0.01309	0.00489	0.00403	0.00884
27	0.01611	0.01317	0.01547	0.01108	0.01765	0.00994	0.00888	0.01940	0.01563	0.05126	0.01384	0.01579	0.01129	0.00565	0.00558	0.00115	0.00553	0.00452	0.00459	0.75347
28	0.01117	0.00738	0.00944	0.00985	0.01134	0.00669	0.00703	0.01327	0.01700	0.07143	0.22343	0.39640	0.14895	0.01934	0.00903	0.00270	0.00415	0.01718	0.00741	0.00681
29	0.02040	0.69407	0.03765	0.01315	0.01933	0.07690	0.01282	0.02275	0.01550	0.01751	0.01040	0.01201	0.00953	0.00644	0.00490	0.00161	0.00832	0.00403	0.00322	0.00946
30	0.03259	0.01378	0.01794	0.01375	0.01952	0.01262	0.01136	0.12529	0.02317	0.60610	0.02767	0.02422	0.01757	0.00915	0.00746	0.00229	0.00658	0.00736	0.00894	0.01263
31	0.01539	0.01319	0.01539	0.01100	0.01759	0.00990	0.00880	0.01869	0.01539	0.02419	0.01319	0.01539	0.01100	0.00550	0.00550	0.00110	0.00550	0.00440	0.00440	0.78449
32	0.01624	0.01624	0.02274	0.01949	0.01949	0.02274	0.01624	0.01787	0.01137	0.01787	0.00975	0.01624	0.00975	0.01299	0.02436	0.00325	0.72552	0.00650	0.00325	0.00812
33	0.01624	0.01624	0.02274	0.01949	0.01949	0.02274	0.01624	0.01787	0.01137	0.01787	0.00975	0.01624	0.00975	0.01299	0.02436	0.00325	0.72552	0.00650	0.00325	0.00812
34	0.01014	0.00724	0.00985	0.01149	0.01242	0.00696	0.00870	0.01226	0.01548	0.02050	0.06355	0.47853	0.04758	0.02199	0.00973	0.00313	0.00518	0.24200	0.00692	0.00635
35	0.01463	0.01382	0.02338	0.62596	0.14163	0.01665	0.02092	0.01951	0.01513	0.01971	0.01330	0.01959	0.01016	0.00731	0.00741	0.00244	0.00974	0.00660	0.00335	0.00874
36	0.01932	0.01468	0.01923	0.30000	0.03180	0.01647	0.01501	0.21650	0.05508	0.08496	0.02666	0.02827	0.12027	0.00996	0.00765	0.00239	0.00790	0.00823	0.00583	0.00980
37	0.02428	0.32154	0.02849	0.01588	0.02124	0.24876	0.01353	0.17332	0.04521	0.02490	0.01312	0.01431	0.01072	0.00749	0.00610	0.00187	0.00969	0.00501	0.00452	0.01002
38	0.01489	0.03840	0.70064	0.02116	0.03213	0.01724	0.02743	0.02351	0.01567	0.02351	0.01332	0.01567	0.00940	0.00705	0.00705	0.00235	0.01097	0.00549	0.00313	0.01097
39	0.01244	0.00660	0.00954	0.00950	0.00980	0.00648	0.00643	0.01005	0.01099	0.01461	0.06627	0.02830	0.06333	0.02454	0.02616	0.67378	0.00605	0.00758	0.00383	0.00371
40	0.00903	0.00651	0.00857	0.01021	0.01073	0.00604	0.00684	0.01035	0.01433	0.01900	0.04244	0.70484	0.07754	0.02306	0.00944	0.00299	0.00428	0.02086	0.00689	0.00604
41	0.01539	0.01319	0.01539	0.01100	0.01759	0.00990	0.00880	0.01869	0.01539	0.02419	0.01319	0.01539	0.01100	0.00550	0.00550	0.00110	0.00550	0.00440	0.00440	0.78449
42	0.01065	0.00778	0.01106	0.01106	0.01208	0.00880	0.00819	0.01270	0.01167	0.01659	0.02068	0.03359	0.02048	0.21143	0.55655	0.01085	0.01699	0.00860	0.00410	0.00614
43	0.01402	0.01319	0.02227	0.72126	0.05113	0.01649	0.02062	0.01897	0.01484	0.01897	0.01319	0.01979	0.00990	0.00742	0.00742	0.00247	0.00990	0.00660	0.00330	0.00825
44	0.01545	0.03445	0.55962	0.02333	0.03356	0.01757	0.16449	0.02357	0.01607	0.02357	0.01369	0.01661	0.00980	0.00688	0.00742	0.00238	0.01130	0.00619	0.00327	0.01077
45	0.79154	0.01436	0.01091	0.00976	0.01436	0.01665	0.00804	0.02182	0.01263	0.03331	0.01034	0.01206	0.00804	0.00689	0.00459	0.00230	0.00574	0.00402	0.00459	0.00804
46	0.01076	0.00796	0.01009	0.00949	0.01140	0.00747	0.00714	0.01495	0.05001	0.02929	0.62555	0.05511	0.10238	0.01515	0.00870	0.00235	0.00362	0.01333	0.00807	0.00717
47	0.01254	0.00932	0.01112	0.01013	0.01252	0.00901	0.00773	0.10254	0.02182	0.02980	0.45403	0.09082	0.16931	0.01540	0.00862	0.00239	0.00423	0.01332	0.00778	0.00759
48	0.04005	0.01036	0.01347	0.03948	0.10792	0.01045	0.01010	0.01796	0.11076	0.02515	0.22214	0.17688	0.15660	0.01490	0.00834	0.00251	0.00507	0.01308	0.00670	0.00809
49	0.12683	0.01735	0.13703	0.01767	0.10800	0.01323	0.01400	0.05750	0.01685	0.11106	0.02100	0.16658	0.01937	0.01048	0.00708	0.00225	0.00694	0.00883	0.00540	0.13254
50	0.16220	0.01783	0.09129	0.02322	0.21914	0.01570	0.04140	0.08026	0.04116	0.02770	0.02047	0.02237	0.08185	0.00814	0.00676	0.00214	0.00746	0.00680	0.00471	0.11940

[dist]
# distance from previous block
# <min> <max>
0	36

[block]
# block no. 4 follows, 27 sequences, length 19
# corresponding to MSA columns:
# 1697-1715
name=unknown_E
#
# <colnr> <probs for GDERKNQSTAVLIFYWHMCP>
#	G	D	E	R	K	N	Q	S	T	A	V	L	I	F	Y	W	H	M	C	P
0	0.11836	0.01983	0.02220	0.04486	0.22346	0.10910	0.01577	0.19039	0.10357	0.05634	0.01674	0.01825	0.01278	0.00792	0.00697	0.00223	0.00844	0.00632	0.00544	0.01104
1	0.01963	0.04560	0.02359	0.05014	0.09494	0.15544	0.08940	0.12491	0.01920	0.02421	0.01752	0.08963	0.01632	0.01338	0.05477	0.00307	0.10949	0.03482	0.00469	0.00925
2	0.17526	0.02046	0.04837	0.04861	0.10706	0.17920	0.05616	0.04619	0.09914	0.02528	0.01829	0.10983	0.01650	0.00960	0.00703	0.00234	0.00868	0.00785	0.00488	0.00926
3	0.48335	0.07268	0.01674	0.01379	0.05084	0.05832	0.01068	0.12536	0.05701	0.03277	0.01296	0.01429	0.01003	0.00739	0.00549	0.00222	0.00689	0.00487	0.00502	0.00932
4	0.05153	0.01224	0.01432	0.01282	0.01619	0.01260	0.01022	0.16653	0.07248	0.12824	0.10144	0.12792	0.06916	0.05050	0.00980	0.00284	0.00612	0.11856	0.00731	0.00919
5	0.01151	0.00773	0.01019	0.01028	0.01144	0.00781	0.00745	0.03906	0.01399	0.01860	0.06211	0.15093	0.13481	0.06507	0.16870	0.22711	0.00858	0.03379	0.00517	0.00568
6	0.01650	0.00894	0.01172	0.01025	0.01312	0.00800	0.00796	0.01972	0.02080	0.20806	0.47138	0.04843	0.09747	0.01381	0.00841	0.00234	0.00427	0.01198	0.00836	0.00846
7	0.01957	0.45318	0.21779	0.01590	0.02317	0.11932	0.01696	0.02360	0.01606	0.01922	0.01130	0.01314	0.00950	0.00672	0.00566	0.00184	0.00952	0.00450	0.00325	0.00980
8	0.01285	0.00708	0.00746	0.00737	0.00917	0.00688	0.00553	0.01617	0.01658	0.02734	0.13720	0.03608	0.08665	0.01061	0.00609	0.00190	0.00349	0.00875	0.58593	0.00688
9	0.71979	0.01496	0.01198	0.01045	0.01517	0.01725	0.00861	0.08257	0.01473	0.03457	0.01104	0.01260	0.00847	0.00708	0.00486	0.00229	0.00597	0.00427	0.00486	0.00847
10	0.00912	0.00660	0.00862	0.01010	0.01074	0.00610	0.00682	0.01058	0.01479	0.01967	0.08196	0.65129	0.09121	0.02249	0.00939	0.00294	0.00422	0.02030	0.00697	0.00610
11	0.01352	0.01056	0.01303	0.01288	0.07252	0.00954	0.00808	0.04038	0.01406	0.02010	0.02036	0.08687	0.02156	0.35047	0.02116	0.00424	0.00660	0.00897	0.00469	0.26040
12	0.15229	0.04566	0.04876	0.10044	0.02167	0.01569	0.01213	0.17832	0.02094	0.12485	0.12296	0.02607	0.02217	0.06567	0.00938	0.00266	0.00702	0.00754	0.00619	0.00958
13	0.01881	0.02167	0.11500	0.14105	0.11083	0.11903	0.01764	0.10150	0.01813	0.02403	0.01388	0.03655	0.01154	0.00853	0.00963	0.00228	0.11699	0.00631	0.00413	0.10246
14	0.01525	0.00869	0.01113	0.00988	0.01265	0.00774	0.00764	0.01834	0.02037	0.17574	0.43845	0.05151	0.16435	0.01447	0.00847	0.00236	0.00417	0.01249	0.00818	0.00812
15	0.01567	0.01222	0.05108	0.06483	0.17235	0.01163	0.01313	0.01669	0.01347	0.07039	0.01744	0.09265	0.01664	0.04507	0.01797	0.29400	0.05513	0.00816	0.00421	0.00728
16	0.00999	0.00751	0.00862	0.00834	0.01043	0.00667	0.00626	0.01277	0.01877	0.02528	0.36435	0.06042	0.34194	0.01629	0.00849	0.00236	0.00361	0.01392	0.06730	0.00667
17	0.01682	0.12463	0.20270	0.01988	0.08380	0.01794	0.06735	0.06014	0.07423	0.02414	0.01760	0.06600	0.01545	0.00909	0.00813	0.00226	0.05147	0.03768	0.00444	0.09627
18	0.05243	0.06373	0.10761	0.02014	0.04686	0.41775	0.06604	0.02858	0.08764	0.02134	0.01391	0.01572	0.01105	0.00760	0.00684	0.00208	0.01155	0.00555	0.00411	0.00946

[dist]
# distance from previous block
# <min> <max>
1	29

[block]
# block no. 5 follows, 27 sequences, length 13
# corresponding to MSA columns:
# 1745-1757
name=unknown_F
#
# <colnr> <probs for GDERKNQSTAVLIFYWHMCP>
#	G	D	E	R	K	N	Q	S	T	A	V	L	I	F	Y	W	H	M	C	P
0	0.03956	0.11575	0.07422	0.01090	0.01397	0.01110	0.00943	0.01449	0.01618	0.02189	0.16339	0.25234	0.17134	0.01749	0.03240	0.00280	0.00574	0.01362	0.00609	0.00730
1	0.01843	0.13495	0.23244	0.01862	0.05085	0.05693	0.05812	0.06973	0.01724	0.04515	0.01342	0.01580	0.01051	0.00727	0.00788	0.00202	0.06500	0.00547	0.00401	0.16616
2	0.05298	0.14177	0.01895	0.01524	0.09041	0.09768	0.01085	0.02022	0.01854	0.08605	0.22901	0.03622	0.13077	0.01138	0.00734	0.00216	0.00647	0.00932	0.00601	0.00863
3	0.28170	0.01778	0.01441	0.01314	0.01641	0.18643	0.01018	0.07098	0.01598	0.02476	0.01363	0.01783	0.01167	0.02025	0.16607	0.09013	0.01108	0.00557	0.00434	0.00769
4	0.01936	0.01797	0.02419	0.01961	0.02443	0.07146	0.18476	0.12422	0.24734	0.02868	0.02344	0.03015	0.01938	0.01062	0.00891	0.03062	0.00870	0.08995	0.00599	0.01023
5	0.01402	0.01319	0.02227	0.72126	0.05113	0.01649	0.02062	0.01897	0.01484	0.01897	0.01319	0.01979	0.00990	0.00742	0.00742	0.00247	0.00990	0.00660	0.00330	0.00825
6	0.01027	0.00758	0.00959	0.00909	0.01094	0.00690	0.00682	0.01355	0.02045	0.02843	0.60419	0.05766	0.15557	0.01568	0.00876	0.00236	0.00354	0.01373	0.00800	0.00690
7	0.01846	0.01595	0.01679	0.01511	0.01930	0.01846	0.01175	0.03945	0.67938	0.03105	0.03022	0.02770	0.02266	0.01007	0.00755	0.00252	0.00588	0.00839	0.00755	0.01175
8	0.00963	0.00740	0.00881	0.00879	0.01064	0.00658	0.00646	0.01219	0.01846	0.02447	0.35950	0.16010	0.30466	0.01774	0.00887	0.00250	0.00372	0.01540	0.00750	0.00658
9	0.01546	0.01364	0.02180	0.23596	0.17448	0.01468	0.06695	0.08907	0.01763	0.02367	0.02205	0.20218	0.02192	0.01184	0.00814	0.00257	0.00814	0.03590	0.00492	0.00901
10	0.01101	0.00808	0.01015	0.01120	0.01225	0.00814	0.00811	0.01470	0.08724	0.02021	0.03640	0.39877	0.04104	0.14340	0.01427	0.00376	0.00552	0.15264	0.00654	0.00657
11	0.02084	0.38907	0.06129	0.01478	0.02028	0.02502	0.01378	0.19571	0.02014	0.02586	0.01606	0.01753	0.04851	0.00855	0.00811	0.00204	0.09209	0.00573	0.00454	0.01008
12	0.04350	0.08285	0.06686	0.01687	0.10058	0.04214	0.01279	0.07480	0.03838	0.08602	0.02007	0.02112	0.06486	0.00774	0.00643	0.00179	0.00699	0.00617	0.00507	0.29499

[dist]
# distance from previous block
# <min> <max>
0	24

[block]
# block no. 6 follows, 27 sequences, length 13
# corresponding to MSA columns:
# 1782-1794
name=unknown_G
#
# <colnr> <probs for GDERKNQSTAVLIFYWHMCP>
#	G	D	E	R	K	N	Q	S	T	A	V	L	I	F	Y	W	H	M	C	P
0	0.01326	0.01211	0.05477	0.01352	0.01644	0.01113	0.05005	0.06158	0.09181	0.02311	0.06075	0.23678	0.02994	0.06972	0.15173	0.00476	0.00907	0.02895	0.00576	0.05474
1	0.01272	0.00893	0.01060	0.01064	0.01175	0.00910	0.00744	0.09412	0.01565	0.02081	0.02953	0.22405	0.03316	0.35727	0.02263	0.00494	0.00653	0.10805	0.00583	0.00626
2	0.02034	0.01911	0.10508	0.09344	0.06525	0.01781	0.01536	0.26355	0.13148	0.05578	0.02679	0.02700	0.10628	0.00993	0.00758	0.00236	0.00771	0.00805	0.00622	0.01088
3	0.61428	0.01345	0.01170	0.01061	0.01496	0.01503	0.00883	0.02251	0.01409	0.10125	0.01596	0.02246	0.01349	0.00885	0.00561	0.00244	0.00594	0.08481	0.00536	0.00837
4	0.01763	0.01655	0.05959	0.08039	0.45047	0.01576	0.01961	0.02252	0.03862	0.06455	0.05433	0.02219	0.01624	0.01213	0.07440	0.00318	0.00950	0.00718	0.00437	0.01078
5	0.01403	0.00809	0.01023	0.01012	0.01227	0.00718	0.00741	0.01603	0.01705	0.15717	0.11981	0.35367	0.20134	0.01843	0.00882	0.00267	0.00449	0.01617	0.00750	0.00753
6	0.01015	0.00757	0.00943	0.00896	0.01087	0.00685	0.00672	0.01332	0.02017	0.02776	0.56196	0.05876	0.19821	0.01593	0.00876	0.00237	0.00356	0.01389	0.00791	0.00685
7	0.02217	0.12549	0.05424	0.01617	0.02134	0.07456	0.01399	0.27590	0.02280	0.03055	0.01389	0.01585	0.01103	0.00847	0.00951	0.00210	0.12980	0.00567	0.00512	0.14135
8	0.01687	0.12543	0.01967	0.01218	0.01824	0.05628	0.01010	0.01986	0.01549	0.02249	0.01248	0.01479	0.01062	0.00613	0.00641	0.00133	0.04243	0.00446	0.00412	0.58063
9	0.02081	0.20796	0.11780	0.10555	0.02693	0.02197	0.04917	0.25850	0.02233	0.02953	0.01469	0.01710	0.01136	0.01068	0.05185	0.00275	0.00968	0.00600	0.00483	0.01053
10	0.01522	0.02575	0.37823	0.01828	0.05110	0.01468	0.01955	0.02371	0.11186	0.05491	0.05771	0.07192	0.06314	0.01060	0.00771	0.00249	0.00843	0.04958	0.00503	0.01012
11	0.01539	0.01319	0.01539	0.01100	0.01759	0.00990	0.00880	0.01869	0.01539	0.02419	0.01319	0.01539	0.01100	0.00550	0.00550	0.00110	0.00550	0.00440	0.00440	0.78449
12	0.01635	0.01338	0.02030	0.02089	0.15807	0.01278	0.08264	0.04542	0.05745	0.06839	0.06117	0.11926	0.02209	0.01564	0.09421	0.00336	0.00861	0.00910	0.00532	0.16558

[dist]
# distance from previous block
# <min> <max>
0	1

[block]
# block no. 7 follows, 27 sequences, length 21
# corresponding to MSA columns:
# 1796-1816
name=unknown_H
#
# <colnr> <probs for GDERKNQSTAVLIFYWHMCP>
#	G	D	E	R	K	N	Q	S	T	A	V	L	I	F	Y	W	H	M	C	P
0	0.01414	0.01182	0.01655	0.06884	0.17361	0.01222	0.01255	0.06212	0.09715	0.02487	0.10958	0.26578	0.07134	0.01452	0.00834	0.00257	0.00606	0.01300	0.00616	0.00878
1	0.02056	0.01106	0.01621	0.01718	0.11633	0.01061	0.01163	0.02348	0.01738	0.28734	0.06535	0.11471	0.02525	0.02223	0.17215	0.00468	0.00948	0.03795	0.00671	0.00972
2	0.61287	0.01927	0.01328	0.01195	0.01637	0.17868	0.00951	0.02365	0.01460	0.02977	0.01060	0.01237	0.00840	0.00707	0.00509	0.00221	0.00753	0.00420	0.00441	0.00817
3	0.00914	0.00690	0.00845	0.00940	0.01059	0.00622	0.00654	0.01087	0.01582	0.02057	0.12875	0.45949	0.23839	0.02099	0.00918	0.00279	0.00405	0.01860	0.00705	0.00622
4	0.01128	0.00895	0.01323	0.01284	0.01401	0.01090	0.01012	0.01381	0.01186	0.01731	0.01867	0.02761	0.01750	0.05055	0.62736	0.01089	0.10465	0.00778	0.00389	0.00681
5	0.01289	0.00645	0.00967	0.00967	0.00967	0.00645	0.00645	0.00967	0.00967	0.01289	0.01289	0.02257	0.01289	0.02579	0.02901	0.78401	0.00645	0.00645	0.00322	0.00322
6	0.79154	0.01436	0.01091	0.00976	0.01436	0.01665	0.00804	0.02182	0.01263	0.03331	0.01034	0.01206	0.00804	0.00689	0.00459	0.00230	0.00574	0.00402	0.00459	0.00804
7	0.01062	0.00791	0.01171	0.01171	0.01295	0.00916	0.00900	0.01311	0.01186	0.01707	0.02009	0.03030	0.01905	0.09577	0.67027	0.01165	0.01914	0.00812	0.00401	0.00650
8	0.01714	0.01608	0.02096	0.10088	0.12326	0.07458	0.07041	0.08136	0.11248	0.02662	0.16204	0.03043	0.06635	0.01040	0.00889	0.00239	0.05174	0.00888	0.00566	0.00946
9	0.01028	0.00752	0.00964	0.00924	0.01098	0.00689	0.00688	0.01351	0.02027	0.02832	0.59937	0.09576	0.12169	0.01595	0.00880	0.00239	0.00357	0.01406	0.00799	0.00689
10	0.01445	0.01752	0.12494	0.55836	0.04725	0.01680	0.07665	0.02005	0.01520	0.02005	0.01337	0.01920	0.00994	0.00727	0.00748	0.00246	0.01028	0.00662	0.00331	0.00880
11	0.01621	0.01943	0.22705	0.01470	0.02091	0.01192	0.04361	0.04304	0.01754	0.12324	0.05351	0.09674	0.17019	0.01161	0.00769	0.00230	0.00716	0.00982	0.00570	0.09763
12	0.02527	0.01107	0.01442	0.01210	0.01619	0.01006	0.00955	0.06547	0.01981	0.42977	0.03079	0.19093	0.02529	0.01241	0.00769	0.00240	0.00565	0.01055	0.09008	0.01048
13	0.01942	0.09414	0.13126	0.02675	0.20593	0.11497	0.12146	0.06408	0.01817	0.02396	0.01348	0.01651	0.01076	0.00675	0.00697	0.00204	0.00985	0.00601	0.00390	0.10358
14	0.11558	0.06910	0.02133	0.08053	0.02347	0.11948	0.01391	0.25579	0.09254	0.03160	0.01548	0.01714	0.01191	0.00877	0.00875	0.00232	0.09053	0.00606	0.00545	0.01029
15	0.00982	0.00694	0.00906	0.00994	0.01048	0.00688	0.00665	0.01112	0.01340	0.01818	0.07267	0.41002	0.04007	0.21148	0.12284	0.00540	0.00736	0.01600	0.00591	0.00579
16	0.04527	0.01875	0.11801	0.12493	0.11680	0.01686	0.05748	0.12005	0.13440	0.05378	0.09860	0.02432	0.02024	0.00884	0.00753	0.00236	0.00807	0.00766	0.00555	0.01048
17	0.06500	0.27455	0.28486	0.01706	0.02494	0.04571	0.04320	0.07489	0.01745	0.06914	0.01355	0.01508	0.01030	0.00708	0.00624	0.00206	0.00924	0.00521	0.00403	0.01043
18	0.01510	0.00913	0.01132	0.01004	0.01276	0.00849	0.00776	0.05702	0.02105	0.13304	0.42810	0.04888	0.13470	0.01394	0.00827	0.00231	0.00425	0.01199	0.05374	0.00812
19	0.01115	0.00807	0.01087	0.01062	0.01139	0.00794	0.04504	0.01221	0.01261	0.01675	0.02763	0.14115	0.03136	0.49167	0.02813	0.00579	0.00708	0.11001	0.00513	0.00538
20	0.01957	0.14614	0.06277	0.03889	0.10194	0.05369	0.03511	0.13034	0.09269	0.05142	0.04532	0.02823	0.01899	0.03183	0.00884	0.00249	0.03318	0.08310	0.00537	0.01006

[dist]
# distance from previous block
# <min> <max>
0	28

[block]
# block no. 8 follows, 27 sequences, length 23
# corresponding to MSA columns:
# 1920-1942
name=unknown_I
#
# <colnr> <probs for GDERKNQSTAVLIFYWHMCP>
#	G	D	E	R	K	N	Q	S	T	A	V	L	I	F	Y	W	H	M	C	P
0	0.45124	0.01365	0.03288	0.01232	0.04535	0.03472	0.00938	0.01972	0.01440	0.05229	0.07316	0.13534	0.02104	0.01276	0.04092	0.00288	0.00657	0.00809	0.00529	0.00799
1	0.17331	0.04506	0.07930	0.15166	0.16262	0.01731	0.04782	0.09472	0.04143	0.02713	0.01763	0.05720	0.03741	0.00854	0.00693	0.00234	0.00812	0.00717	0.00458	0.00972
2	0.01058	0.00786	0.01144	0.01129	0.01272	0.00872	0.00872	0.01344	0.01417	0.02032	0.18472	0.03564	0.03125	0.04570	0.53698	0.00957	0.01585	0.00930	0.00501	0.00672
3	0.01985	0.74357	0.03890	0.01270	0.01905	0.02937	0.01270	0.02223	0.01508	0.01747	0.01032	0.01191	0.00953	0.00635	0.00476	0.00159	0.00794	0.00397	0.00318	0.00953
4	0.01042	0.00700	0.00931	0.01018	0.01113	0.00719	0.00730	0.01253	0.01377	0.02006	0.03136	0.38644	0.03413	0.03042	0.22253	0.00550	0.00891	0.01443	0.15100	0.00638
5	0.01364	0.01197	0.01612	0.06212	0.18663	0.01217	0.01206	0.01992	0.14012	0.02359	0.10197	0.04351	0.24411	0.06740	0.01029	0.00277	0.00604	0.01089	0.00593	0.00873
6	0.00999	0.00768	0.00920	0.00913	0.01118	0.00689	0.00706	0.01283	0.01889	0.02495	0.36341	0.06531	0.31600	0.01728	0.00894	0.00254	0.00401	0.09053	0.00750	0.00669
7	0.79154	0.01436	0.01091	0.00976	0.01436	0.01665	0.00804	0.02182	0.01263	0.03331	0.01034	0.01206	0.00804	0.00689	0.00459	0.00230	0.00574	0.00402	0.00459	0.00804
8	0.01846	0.01595	0.01679	0.01511	0.01930	0.01846	0.01175	0.03945	0.67938	0.03105	0.03022	0.02770	0.02266	0.01007	0.00755	0.00252	0.00588	0.00839	0.00755	0.01175
9	0.02822	0.02079	0.02228	0.01708	0.02302	0.02302	0.01411	0.66804	0.03490	0.04679	0.01782	0.01782	0.01262	0.00891	0.00743	0.00223	0.00817	0.00668	0.00743	0.01262
10	0.01489	0.03840	0.70064	0.02116	0.03213	0.01724	0.02743	0.02351	0.01567	0.02351	0.01332	0.01567	0.00940	0.00705	0.00705	0.00235	0.01097	0.00549	0.00313	0.01097
11	0.01424	0.01349	0.02231	0.65251	0.04803	0.01711	0.02019	0.01886	0.01450	0.01886	0.01286	0.01944	0.00988	0.00797	0.00908	0.00255	0.08000	0.00659	0.00329	0.00823
12	0.79154	0.01436	0.01091	0.00976	0.01436	0.01665	0.00804	0.02182	0.01263	0.03331	0.01034	0.01206	0.00804	0.00689	0.00459	0.00230	0.00574	0.00402	0.00459	0.00804
13	0.01774	0.23906	0.22497	0.01675	0.02313	0.02057	0.04840	0.04250	0.07107	0.04800	0.05062	0.01890	0.01476	0.00836	0.00847	0.00221	0.08879	0.00614	0.03962	0.00995
14	0.01320	0.06474	0.01327	0.03049	0.01414	0.00973	0.00782	0.01603	0.01609	0.02381	0.15586	0.10380	0.05423	0.06633	0.00909	0.00225	0.00500	0.00929	0.13887	0.24595
15	0.00996	0.00751	0.00963	0.00993	0.01147	0.00728	0.00744	0.01234	0.01608	0.02150	0.19869	0.17738	0.20404	0.05265	0.16794	0.00491	0.00778	0.06055	0.00645	0.00646
16	0.21904	0.13252	0.05891	0.01774	0.07227	0.01882	0.10150	0.09803	0.04761	0.02835	0.01363	0.01569	0.01073	0.00687	0.00613	0.00202	0.00776	0.00550	0.00455	0.13234
17	0.08067	0.19305	0.02695	0.10555	0.15101	0.08198	0.04974	0.10381	0.01837	0.02479	0.01394	0.04127	0.01187	0.00755	0.00650	0.00204	0.00863	0.00610	0.00424	0.06197
18	0.05097	0.10842	0.06977	0.01537	0.02020	0.23289	0.04465	0.02519	0.01872	0.15408	0.05844	0.05597	0.09461	0.01000	0.00713	0.00216	0.00883	0.00784	0.00549	0.00927
19	0.01654	0.01293	0.06670	0.01515	0.07181	0.01116	0.04383	0.02106	0.08401	0.13343	0.12823	0.03721	0.02853	0.27565	0.01875	0.00412	0.00702	0.00956	0.00596	0.00836
20	0.01905	0.09776	0.04987	0.15302	0.24839	0.01774	0.01738	0.04901	0.11199	0.09459	0.02071	0.02266	0.04939	0.00824	0.00718	0.00226	0.00802	0.00710	0.00497	0.01067
21	0.01572	0.01041	0.01441	0.01280	0.01538	0.01016	0.06274	0.05351	0.07688	0.12411	0.13458	0.25769	0.03706	0.12391	0.01297	0.00330	0.00594	0.01338	0.00690	0.00813
22	0.01450	0.01284	0.04492	0.01153	0.01634	0.01032	0.00968	0.07497	0.01823	0.02604	0.12650	0.03650	0.10456	0.03265	0.00810	0.00204	0.00567	0.07418	0.00574	0.36470

[dist]
# distance from previous block
# <min> <max>
0	38

[block]
# block no. 9 follows, 27 sequences, length 19
# corresponding to MSA columns:
# 1981-1999
name=unknown_J
#
# <colnr> <probs for GDERKNQSTAVLIFYWHMCP>
#	G	D	E	R	K	N	Q	S	T	A	V	L	I	F	Y	W	H	M	C	P
0	0.20114	0.04812	0.02163	0.02273	0.19465	0.11791	0.01474	0.15363	0.01986	0.05604	0.01450	0.03518	0.01182	0.00819	0.00755	0.00225	0.04886	0.00608	0.00493	0.01021
