[name]
unknown

[dist]
# distance from previous block
# <min> <max>
100	434

[block]
# block no. 0 follows, 32 sequences, length 16
# corresponding to MSA columns:
# 565-580
name=unknown_A
#
# <colnr> <probs for GDERKNQSTAVLIFYWHMCP>
#	G	D	E	R	K	N	Q	S	T	A	V	L	I	F	Y	W	H	M	C	P
0	0.01715	0.01419	0.01437	0.01186	0.01599	0.08990	0.00923	0.18432	0.01889	0.05707	0.02201	0.17334	0.05987	0.01015	0.00652	0.00181	0.00605	0.00840	0.00539	0.27348
1	0.01094	0.04210	0.01026	0.00928	0.01066	0.00835	0.00684	0.05732	0.01447	0.01904	0.11066	0.13709	0.10919	0.28427	0.01741	0.00392	0.00549	0.13150	0.00546	0.00575
2	0.01020	0.00813	0.01197	0.01573	0.14887	0.00782	0.00951	0.01230	0.01415	0.01915	0.08337	0.46114	0.06200	0.01713	0.00820	0.00256	0.00488	0.09053	0.00574	0.00661
3	0.19085	0.13375	0.21143	0.01654	0.04616	0.09886	0.07016	0.11664	0.01665	0.02482	0.01158	0.01340	0.00888	0.00647	0.00573	0.00196	0.00842	0.00482	0.00380	0.00907
4	0.10321	0.01639	0.09646	0.01904	0.17979	0.01391	0.01351	0.09766	0.06760	0.07738	0.01449	0.01596	0.01108	0.00639	0.00588	0.00175	0.00658	0.00521	0.00455	0.24316
5	0.17025	0.01452	0.01783	0.36322	0.09662	0.08684	0.01457	0.01891	0.01383	0.02069	0.01133	0.01528	0.00888	0.00633	0.00590	0.00196	0.00790	0.00507	0.00343	0.11662
6	0.01559	0.00871	0.01076	0.00913	0.01244	0.00744	0.00716	0.01812	0.01740	0.23199	0.24028	0.04281	0.24677	0.01223	0.00727	0.00204	0.00418	0.01033	0.00696	0.08840
7	0.01025	0.00670	0.00852	0.00894	0.01001	0.00636	0.00619	0.01161	0.01312	0.06900	0.06387	0.36717	0.13121	0.15653	0.09467	0.00417	0.00598	0.01418	0.00574	0.00577
8	0.01814	0.29464	0.02852	0.09005	0.02410	0.12475	0.15078	0.09535	0.01676	0.02019	0.01338	0.06888	0.01191	0.00737	0.00611	0.00188	0.00869	0.00622	0.00374	0.00854
9	0.01773	0.01576	0.01524	0.01338	0.01640	0.20198	0.05876	0.06151	0.04958	0.11407	0.11653	0.17630	0.07069	0.03130	0.00796	0.00227	0.00705	0.00996	0.00572	0.00780
10	0.00855	0.00626	0.00757	0.00829	0.00920	0.00573	0.00561	0.00970	0.01336	0.01732	0.09122	0.39483	0.22287	0.12382	0.01258	0.03229	0.00415	0.01547	0.00589	0.00528
11	0.00879	0.00639	0.00834	0.00911	0.01011	0.00593	0.00655	0.01080	0.01521	0.02058	0.25829	0.42535	0.09970	0.01818	0.00837	0.00252	0.00381	0.06957	0.00660	0.00581
12	0.08202	0.01817	0.07320	0.01849	0.07412	0.06835	0.15937	0.15302	0.04340	0.02621	0.01339	0.01548	0.01030	0.00629	0.00625	0.00181	0.00793	0.00557	0.00433	0.21231
13	0.00958	0.00672	0.00869	0.00879	0.00928	0.00716	0.00588	0.01059	0.01037	0.01428	0.02101	0.08659	0.02284	0.43769	0.30354	0.00789	0.01075	0.00941	0.00403	0.00490
14	0.00854	0.00624	0.00782	0.00889	0.00966	0.00579	0.00613	0.00987	0.01328	0.01734	0.06107	0.49431	0.15330	0.10328	0.01136	0.00308	0.00425	0.06435	0.00602	0.00541
15	0.01435	0.01352	0.07067	0.01404	0.05993	0.06282	0.01067	0.02099	0.19349	0.06251	0.02604	0.19219	0.02557	0.11697	0.01116	0.00297	0.00631	0.08238	0.00554	0.00788

[dist]
# distance from previous block
# <min> <max>
0	1

[block]
# block no. 1 follows, 32 sequences, length 24
# corresponding to MSA columns:
# 582-605
name=unknown_B
#
# <colnr> <probs for GDERKNQSTAVLIFYWHMCP>
#	G	D	E	R	K	N	Q	S	T	A	V	L	I	F	Y	W	H	M	C	P
0	0.51102	0.16875	0.01451	0.00894	0.01298	0.01595	0.00770	0.01911	0.01233	0.02627	0.01147	0.01327	0.00923	0.00640	0.00428	0.00186	0.00525	0.00407	0.13925	0.00737
1	0.05527	0.01796	0.11876	0.09605	0.07558	0.06515	0.05549	0.18659	0.01915	0.02624	0.06424	0.05052	0.03655	0.00890	0.00684	0.00212	0.00769	0.05462	0.00480	0.04748
2	0.07415	0.28238	0.14027	0.01357	0.01952	0.02026	0.01329	0.18584	0.09329	0.02573	0.01481	0.01553	0.02670	0.00703	0.00560	0.00182	0.00716	0.00510	0.00443	0.04352
3	0.00849	0.00632	0.00801	0.00897	0.00995	0.00570	0.00616	0.00994	0.01360	0.01808	0.08112	0.58755	0.13554	0.01928	0.00827	0.00254	0.00383	0.01728	0.00619	0.04317
4	0.08744	0.01047	0.01277	0.01130	0.01435	0.01034	0.04042	0.10928	0.05384	0.10556	0.03060	0.29840	0.10564	0.01348	0.00725	0.00227	0.00514	0.01170	0.00609	0.06368
5	0.02101	0.01970	0.13694	0.01448	0.01937	0.14025	0.01297	0.12585	0.10837	0.19465	0.02120	0.11879	0.01733	0.00953	0.00681	0.00213	0.00749	0.00769	0.00582	0.00961
6	0.05615	0.00972	0.00862	0.00857	0.01021	0.09236	0.00619	0.01583	0.01399	0.04190	0.02292	0.17016	0.02174	0.08488	0.00855	0.00234	0.00485	0.00879	0.40596	0.00626
7	0.01230	0.01269	0.06926	0.19438	0.02642	0.01180	0.16599	0.01610	0.01402	0.01862	0.02128	0.07299	0.02121	0.11721	0.01162	0.00309	0.00820	0.19152	0.00425	0.00706
8	0.08989	0.01559	0.02115	0.07122	0.12990	0.09842	0.14670	0.05408	0.05532	0.09102	0.01869	0.14332	0.01680	0.00916	0.00695	0.00219	0.00783	0.00834	0.00475	0.00869
9	0.01106	0.00861	0.00991	0.00927	0.01150	0.00865	0.00704	0.01769	0.18157	0.02548	0.40187	0.04564	0.17170	0.01294	0.00750	0.00215	0.00371	0.01115	0.04536	0.00722
10	0.01528	0.00922	0.00953	0.00852	0.01097	0.00976	0.00664	0.14753	0.06622	0.02852	0.02117	0.02332	0.01633	0.00795	0.00523	0.00170	0.00409	0.00631	0.59418	0.00754
11	0.01615	0.01386	0.01939	0.11409	0.23655	0.01362	0.01385	0.13365	0.01773	0.02521	0.07722	0.01891	0.01513	0.00682	0.00627	0.00173	0.00664	0.00594	0.00442	0.25282
12	0.09227	0.01501	0.10042	0.01516	0.01759	0.01547	0.04969	0.01625	0.01285	0.01993	0.08592	0.02712	0.08621	0.01143	0.01400	0.00258	0.35183	0.05482	0.00406	0.00738
13	0.01131	0.00634	0.00888	0.00876	0.00925	0.00628	0.00603	0.01031	0.03598	0.01476	0.11323	0.02742	0.06329	0.02108	0.02185	0.61494	0.00529	0.00728	0.00388	0.00384
14	0.01318	0.00850	0.01119	0.05441	0.01334	0.00912	0.00779	0.05066	0.01276	0.09960	0.02075	0.08298	0.02064	0.31764	0.21485	0.00624	0.03667	0.00880	0.00462	0.00626
15	0.01397	0.13266	0.01701	0.04010	0.05369	0.06246	0.04139	0.01652	0.01545	0.06615	0.07942	0.14238	0.12895	0.01307	0.00739	0.00229	0.00621	0.14833	0.00530	0.00728
16	0.01716	0.01813	0.01802	0.08280	0.18631	0.23484	0.01340	0.02213	0.11376	0.01982	0.01967	0.07319	0.05704	0.01145	0.05418	0.00260	0.00887	0.00721	0.03106	0.00837
17	0.00877	0.00676	0.00801	0.00784	0.00962	0.00600	0.00583	0.01121	0.01707	0.02269	0.40894	0.10607	0.32586	0.01555	0.00797	0.00222	0.00331	0.01344	0.00684	0.00600
18	0.01981	0.08939	0.02038	0.09022	0.07075	0.10237	0.01326	0.23689	0.10532	0.04481	0.04276	0.02066	0.01485	0.00852	0.00760	0.00210	0.05729	0.03840	0.00515	0.00945
19	0.01520	0.31164	0.11253	0.07272	0.04455	0.08715	0.01279	0.01819	0.01414	0.01750	0.01799	0.09273	0.06298	0.01111	0.04993	0.00239	0.00807	0.00673	0.03375	0.00790
20	0.05466	0.00886	0.01108	0.01026	0.01183	0.00937	0.00754	0.01643	0.05538	0.12930	0.11728	0.15610	0.02827	0.19515	0.04022	0.04237	0.08361	0.01008	0.00553	0.00667
21	0.00931	0.00682	0.00897	0.01022	0.01142	0.00648	0.00802	0.01144	0.01453	0.01888	0.06517	0.34306	0.14042	0.01912	0.00875	0.00279	0.00477	0.29778	0.00625	0.00582
22	0.06100	0.28024	0.07909	0.01267	0.01725	0.15285	0.01146	0.04510	0.01639	0.08442	0.10968	0.06792	0.01918	0.00846	0.00587	0.00184	0.00733	0.00641	0.00452	0.00832
23	0.01357	0.05143	0.11478	0.17229	0.07923	0.03703	0.04032	0.05303	0.01438	0.01915	0.01837	0.02576	0.05597	0.01681	0.13256	0.05724	0.02517	0.06154	0.00377	0.00761

[dist]
# distance from previous block
# <min> <max>
0	1

[block]
# block no. 2 follows, 32 sequences, length 33
# corresponding to MSA columns:
# 607-639
name=unknown_C
#
# <colnr> <probs for GDERKNQSTAVLIFYWHMCP>
#	G	D	E	R	K	N	Q	S	T	A	V	L	I	F	Y	W	H	M	C	P
0	0.01156	0.00995	0.01458	0.10221	0.10064	0.01120	0.01201	0.01430	0.01352	0.01818	0.02840	0.04168	0.14103	0.02039	0.14766	0.00415	0.11822	0.17890	0.00451	0.00690
1	0.08155	0.01009	0.01031	0.00919	0.01188	0.01084	0.00718	0.16703	0.06532	0.02893	0.02092	0.06918	0.01708	0.00868	0.00549	0.00183	0.00443	0.00691	0.45546	0.00772
2	0.10173	0.01535	0.14474	0.01510	0.08092	0.01172	0.01261	0.04616	0.01591	0.24439	0.02432	0.14902	0.06339	0.01039	0.00730	0.00223	0.03133	0.00858	0.00569	0.00910
3	0.01623	0.03823	0.01802	0.06685	0.06720	0.11272	0.01228	0.08149	0.01590	0.02140	0.07653	0.04451	0.01634	0.00906	0.01007	0.00204	0.18494	0.02506	0.00421	0.17689
4	0.01096	0.00734	0.00821	0.00778	0.01024	0.00626	0.00591	0.01290	0.01604	0.11008	0.12928	0.09925	0.51985	0.01577	0.00781	0.00225	0.00370	0.01329	0.00662	0.00646
5	0.01321	0.14406	0.01516	0.01024	0.01314	0.01294	0.00820	0.05893	0.15699	0.02256	0.19409	0.03595	0.13120	0.09560	0.05650	0.00307	0.00591	0.00906	0.00566	0.00754
6	0.01836	0.12119	0.04995	0.14893	0.15629	0.10005	0.01475	0.09509	0.01682	0.09033	0.01532	0.06909	0.01298	0.00943	0.03248	0.00233	0.02690	0.00646	0.00426	0.00898
7	0.13753	0.11272	0.02416	0.02101	0.16986	0.06296	0.13375	0.02446	0.07313	0.15389	0.01553	0.01684	0.01159	0.00668	0.00619	0.00200	0.00767	0.00584	0.00463	0.00955
8	0.00966	0.00647	0.00735	0.00744	0.00746	0.00644	0.00419	0.00973	0.00994	0.01326	0.02209	0.08671	0.02559	0.71976	0.03262	0.00628	0.00635	0.01031	0.00419	0.00415
9	0.01682	0.01916	0.12911	0.04865	0.33082	0.06171	0.11311	0.02108	0.01521	0.06499	0.01526	0.01834	0.03846	0.00713	0.00808	0.00213	0.07031	0.00636	0.00366	0.00962
10	0.01745	0.04607	0.15603	0.07725	0.21839	0.03288	0.08503	0.06447	0.03585	0.10080	0.03905	0.01863	0.01313	0.00694	0.00656	0.00203	0.00798	0.00621	0.05556	0.00967
11	0.02055	0.01506	0.06116	0.01357	0.01773	0.03847	0.01161	0.14278	0.19024	0.19974	0.02283	0.02610	0.01757	0.00947	0.00779	0.00222	0.05425	0.07186	0.06716	0.00983
12	0.00959	0.00719	0.01078	0.01078	0.01198	0.00839	0.00839	0.01198	0.01078	0.01558	0.01797	0.02636	0.01677	0.05032	0.73760	0.01078	0.01797	0.00719	0.00359	0.00599
13	0.22072	0.04391	0.09206	0.11280	0.12241	0.06234	0.06150	0.11416	0.01666	0.07474	0.01289	0.01505	0.00964	0.00665	0.00598	0.00205	0.00782	0.00528	0.00425	0.00909
14	0.29150	0.06929	0.07191	0.02009	0.18746	0.05919	0.03780	0.08603	0.01515	0.02542	0.01115	0.01364	0.00897	0.00680	0.00689	0.00207	0.06902	0.00490	0.00385	0.00886
15	0.01133	0.00988	0.01473	0.01477	0.06466	0.03851	0.07562	0.01380	0.01236	0.01694	0.02038	0.13525	0.02067	0.07675	0.37920	0.00692	0.03712	0.04051	0.00407	0.00654
16	0.01031	0.00648	0.00829	0.00903	0.00981	0.00604	0.00603	0.01138	0.01282	0.07510	0.03403	0.52157	0.06471	0.17511	0.01374	0.00344	0.00457	0.01591	0.00595	0.00566
17	0.01713	0.14415	0.27859	0.01877	0.10367	0.01751	0.03346	0.08870	0.12483	0.06585	0.01598	0.03529	0.01235	0.00728	0.00629	0.00203	0.00791	0.00590	0.00432	0.01000
18	0.01078	0.00852	0.01054	0.00942	0.01221	0.00731	0.00697	0.01292	0.01351	0.01950	0.09339	0.24125	0.05317	0.06838	0.09499	0.00319	0.00606	0.01036	0.00502	0.31253
19	0.01225	0.10371	0.17107	0.01140	0.01500	0.03751	0.01094	0.01512	0.01496	0.02046	0.28511	0.03160	0.03179	0.09391	0.01232	0.10699	0.00617	0.00818	0.00476	0.00675
20	0.12232	0.07390	0.07788	0.10119	0.02215	0.08945	0.01352	0.22872	0.01898	0.02661	0.01432	0.01651	0.03522	0.00908	0.02631	0.00233	0.10264	0.00558	0.00444	0.00885
21	0.04736	0.01377	0.01647	0.01433	0.06228	0.01418	0.01077	0.27914	0.04083	0.26164	0.02022	0.02128	0.01466	0.05938	0.03237	0.00259	0.00672	0.00654	0.06531	0.01017
22	0.01549	0.01106	0.01252	0.01141	0.01392	0.03072	0.00855	0.02381	0.28571	0.11249	0.02329	0.02917	0.01980	0.19691	0.17004	0.00506	0.00854	0.00782	0.00558	0.00810
23	0.00911	0.00686	0.00862	0.00877	0.01022	0.00657	0.00658	0.01128	0.01487	0.01981	0.23108	0.11995	0.22692	0.08426	0.13643	0.00417	0.00643	0.07638	0.00591	0.00580
24	0.01552	0.01387	0.02055	0.02779	0.40420	0.01423	0.01524	0.07677	0.12193	0.02361	0.02335	0.11029	0.08449	0.00946	0.00703	0.00215	0.00660	0.00856	0.00476	0.00960
25	0.01105	0.00729	0.00965	0.00934	0.01067	0.00715	0.03103	0.01266	0.01258	0.06245	0.02963	0.16983	0.10771	0.24392	0.14164	0.00503	0.00743	0.03338	0.08178	0.00577
26	0.01559	0.02028	0.15569	0.02474	0.03159	0.01629	0.49614	0.06439	0.01638	0.02253	0.01487	0.06163	0.01201	0.00685	0.00761	0.00225	0.01037	0.00795	0.00368	0.00914
27	0.01579	0.01167	0.01382	0.01046	0.01551	0.00984	0.00837	0.08341	0.01625	0.08517	0.06649	0.01876	0.01529	0.00920	0.05234	0.00191	0.00590	0.00530	0.03287	0.52164
28	0.00874	0.00639	0.00822	0.00868	0.00980	0.00587	0.00616	0.01086	0.01586	0.02162	0.34644	0.37073	0.12109	0.01733	0.00821	0.00240	0.00352	0.01546	0.00675	0.00587
29	0.01085	0.00948	0.01596	0.01398	0.01580	0.01010	0.13893	0.01322	0.01216	0.01692	0.02178	0.22358	0.02302	0.09935	0.27213	0.00589	0.07556	0.01067	0.00426	0.00636
30	0.01585	0.01397	0.01369	0.01247	0.01587	0.06090	0.00963	0.03036	0.52615	0.02589	0.03056	0.02886	0.10187	0.00979	0.00673	0.00218	0.00534	0.00804	0.07236	0.00949
31	0.02232	0.14192	0.01823	0.05885	0.01792	0.01324	0.01023	0.04808	0.06075	0.37126	0.14259	0.02509	0.02292	0.00874	0.00653	0.00199	0.00576	0.00712	0.00672	0.00974
32	0.21145	0.12902	0.07073	0.01686	0.08898	0.06945	0.11256	0.02109	0.06359	0.02286	0.01518	0.01702	0.04345	0.00679	0.00571	0.00191	0.00734	0.00552	0.03072	0.05977

[dist]
# distance from previous block
# <min> <max>
0	1

[block]
# block no. 3 follows, 32 sequences, length 16
# corresponding to MSA columns:
# 641-656
name=unknown_D
#
# <colnr> <probs for GDERKNQSTAVLIFYWHMCP>
#	G	D	E	R	K	N	Q	S	T	A	V	L	I	F	Y	W	H	M	C	P
0	0.17103	0.05304	0.03996	0.02134	0.25636	0.09028	0.01316	0.01961	0.01494	0.02311	0.08355	0.01760	0.01486	0.00674	0.00580	0.00179	0.00686	0.00547	0.00399	0.15049
1	0.31459	0.04659	0.06392	0.01290	0.01812	0.01796	0.01132	0.34052	0.02159	0.07309	0.01365	0.01422	0.00987	0.00719	0.00565	0.00202	0.00664	0.00502	0.00545	0.00967
2	0.01134	0.00817	0.01009	0.00966	0.01166	0.00784	0.00741	0.04927	0.03635	0.04085	0.25125	0.11273	0.10957	0.09955	0.04285	0.00313	0.00523	0.11725	0.00618	0.05962
3	0.01267	0.01193	0.02013	0.74806	0.04621	0.01491	0.01863	0.01714	0.01342	0.01714	0.01193	0.01789	0.00894	0.00671	0.00671	0.00224	0.00894	0.00596	0.00298	0.00745
4	0.00909	0.00726	0.00824	0.00855	0.01026	0.00680	0.00619	0.01255	0.08587	0.01984	0.13039	0.29334	0.34278	0.01716	0.00803	0.00240	0.00373	0.01491	0.00643	0.00618
5	0.01794	0.76823	0.03516	0.01148	0.01722	0.02655	0.01148	0.02009	0.01363	0.01579	0.00933	0.01076	0.00861	0.00574	0.00431	0.00144	0.00718	0.00359	0.00287	0.00861
6	0.01081	0.00693	0.00962	0.10118	0.01377	0.00710	0.00743	0.01210	0.01352	0.01944	0.19321	0.15451	0.03070	0.01570	0.01239	0.22507	0.00475	0.00975	0.14668	0.00536
7	0.00861	0.00673	0.00781	0.00775	0.00953	0.00592	0.00573	0.01087	0.01659	0.02171	0.33761	0.12951	0.37556	0.01603	0.00799	0.00225	0.00335	0.01381	0.00671	0.00592
8	0.00811	0.00637	0.00724	0.00791	0.00928	0.00561	0.00554	0.00951	0.01401	0.01749	0.05275	0.36136	0.40148	0.04993	0.00930	0.00264	0.00374	0.01608	0.00614	0.00551
9	0.01146	0.00950	0.01279	0.19463	0.02040	0.01081	0.01022	0.01700	0.14505	0.01832	0.02509	0.09033	0.08655	0.13587	0.17766	0.00489	0.00899	0.00900	0.00460	0.00687
10	0.03010	0.01142	0.01557	0.01194	0.01713	0.00986	0.00986	0.03270	0.01920	0.72698	0.02647	0.02284	0.01661	0.00830	0.00675	0.00208	0.00571	0.00675	0.00830	0.01142
11	0.01540	0.01471	0.02505	0.25827	0.51470	0.01562	0.01999	0.01953	0.01471	0.02045	0.01241	0.01700	0.01011	0.00620	0.00666	0.00207	0.00827	0.00597	0.00322	0.00965
12	0.01131	0.00727	0.00926	0.00858	0.01059	0.00655	0.00650	0.01411	0.01820	0.09665	0.52067	0.07827	0.15845	0.01396	0.00782	0.00216	0.00349	0.01218	0.00726	0.00671
13	0.01040	0.04588	0.14746	0.01239	0.01544	0.00940	0.04686	0.01384	0.03838	0.01865	0.03148	0.44827	0.07811	0.01598	0.00785	0.00250	0.00567	0.03929	0.00531	0.00685
14	0.06935	0.01370	0.01821	0.01983	0.23054	0.01238	0.01217	0.06899	0.01567	0.05203	0.01285	0.01505	0.01034	0.00572	0.00562	0.00149	0.00610	0.00482	0.00416	0.42096
15	0.07087	0.01558	0.05086	0.13754	0.05414	0.06077	0.05053	0.18205	0.01844	0.06914	0.04283	0.01855	0.01310	0.01176	0.07358	0.03477	0.00858	0.00602	0.00466	0.07622

[dist]
# distance from previous block
# <min> <max>
0	1

[block]
# block no. 4 follows, 32 sequences, length 18
# corresponding to MSA columns:
# 658-675
name=unknown_E
#
# <colnr> <probs for GDERKNQSTAVLIFYWHMCP>
#	G	D	E	R	K	N	Q	S	T	A	V	L	I	F	Y	W	H	M	C	P
0	0.01897	0.01372	0.09933	0.01241	0.01673	0.01128	0.01103	0.07086	0.13063	0.25556	0.18594	0.06365	0.02902	0.01048	0.00718	0.00219	0.00561	0.03908	0.00690	0.00942
1	0.32554	0.05622	0.01611	0.01573	0.09695	0.25830	0.01105	0.02129	0.01483	0.02254	0.01311	0.06075	0.01207	0.00795	0.00562	0.00201	0.00791	0.04031	0.00399	0.00772
2	0.01562	0.01564	0.01890	0.05987	0.17171	0.12978	0.01402	0.03760	0.01388	0.01822	0.01409	0.04239	0.01338	0.04931	0.12351	0.00383	0.21432	0.03255	0.00359	0.00780
3	0.01517	0.01435	0.01574	0.12068	0.11947	0.11969	0.01184	0.05110	0.13199	0.02292	0.14213	0.02972	0.11009	0.00964	0.00686	0.00206	0.00657	0.00809	0.05374	0.00817
4	0.01830	0.01969	0.01471	0.01380	0.01637	0.34235	0.01024	0.09564	0.05001	0.02070	0.06361	0.25822	0.02443	0.01214	0.00709	0.00213	0.00806	0.00993	0.00511	0.00747
5	0.01774	0.08047	0.04853	0.12195	0.02140	0.04437	0.01203	0.18576	0.20139	0.02748	0.01849	0.01962	0.01400	0.00777	0.00613	0.00198	0.00658	0.00615	0.14894	0.00924
6	0.00878	0.00639	0.00754	0.00812	0.00892	0.00596	0.00539	0.00984	0.01277	0.01653	0.06890	0.30436	0.20056	0.26473	0.01684	0.00385	0.00468	0.03518	0.00556	0.00511
7	0.45175	0.01572	0.01587	0.01296	0.01757	0.06533	0.08027	0.12908	0.06237	0.07254	0.01315	0.01421	0.00976	0.00682	0.00541	0.00208	0.00668	0.00495	0.00486	0.00861
8	0.00959	0.00719	0.01078	0.01078	0.01198	0.00839	0.00839	0.01198	0.01078	0.01558	0.01797	0.02636	0.01677	0.05032	0.73760	0.01078	0.01797	0.00719	0.00359	0.00599
9	0.01860	0.01790	0.01923	0.04210	0.12954	0.15789	0.05950	0.09398	0.25829	0.02513	0.01860	0.01958	0.01431	0.00764	0.00649	0.00202	0.00757	0.00638	0.08577	0.00949
10	0.01009	0.00741	0.00966	0.00943	0.00987	0.00833	0.00652	0.01109	0.01018	0.01421	0.01898	0.03507	0.02033	0.43961	0.29370	0.00780	0.07039	0.00850	0.00380	0.00504
11	0.07340	0.01814	0.05700	0.02726	0.35832	0.07013	0.01636	0.20547	0.01967	0.02738	0.01612	0.01820	0.04838	0.00724	0.00650	0.00201	0.00778	0.00610	0.00444	0.01010
12	0.00959	0.00719	0.01078	0.01078	0.01198	0.00839	0.00839	0.01198	0.01078	0.01558	0.01797	0.02636	0.01677	0.05032	0.73760	0.01078	0.01797	0.00719	0.00359	0.00599
13	0.01362	0.05969	0.03764	0.16157	0.16068	0.05242	0.06932	0.01754	0.04566	0.01909	0.02747	0.06091	0.18759	0.00997	0.00779	0.00218	0.04615	0.00854	0.00421	0.00796
14	0.08550	0.01688	0.05538	0.01689	0.10856	0.09798	0.01234	0.15481	0.01742	0.05587	0.01398	0.01775	0.01161	0.06236	0.06767	0.00292	0.06549	0.00563	0.00442	0.12654
15	0.01626	0.14642	0.09424	0.14023	0.04994	0.05912	0.01337	0.05395	0.07058	0.07597	0.05520	0.09846	0.01807	0.00899	0.00646	0.00202	0.00713	0.02569	0.00462	0.05328
16	0.02004	0.03530	0.03567	0.08193	0.07801	0.04882	0.04287	0.30420	0.08503	0.06162	0.01700	0.05108	0.01348	0.00994	0.02576	0.04182	0.00771	0.00668	0.00537	0.02767
17	0.01993	0.06079	0.02033	0.04258	0.12484	0.07190	0.07028	0.12821	0.03924	0.17196	0.06917	0.06072	0.04200	0.00915	0.00694	0.00210	0.00716	0.03766	0.00563	0.00941

[dist]
# distance from previous block
# <min> <max>
0	79

[block]
# block no. 5 follows, 32 sequences, length 40
# corresponding to MSA columns:
# 757-796
name=unknown_F
#
# <colnr> <probs for GDERKNQSTAVLIFYWHMCP>
#	G	D	E	R	K	N	Q	S	T	A	V	L	I	F	Y	W	H	M	C	P
0	0.01658	0.01194	0.01507	0.09920	0.01923	0.01267	0.03389	0.10049	0.16159	0.11367	0.09309	0.02854	0.10073	0.00961	0.00744	0.00209	0.03846	0.00793	0.07314	0.05462
1	0.01010	0.01022	0.09477	0.01061	0.01244	0.00861	0.00889	0.01234	0.01084	0.01539	0.01833	0.03078	0.01834	0.28373	0.41584	0.00833	0.01319	0.00778	0.00366	0.00581
2	0.08289	0.04359	0.01283	0.01055	0.01355	0.01142	0.00841	0.02124	0.14390	0.15227	0.11958	0.06155	0.14706	0.01242	0.03055	0.00245	0.05708	0.00892	0.05160	0.00814
3	0.01823	0.01670	0.07488	0.01263	0.01698	0.11688	0.01078	0.18363	0.02069	0.08766	0.18618	0.02695	0.06623	0.00929	0.00669	0.00189	0.00649	0.00746	0.02664	0.10312
4	0.01551	0.01248	0.01776	0.04235	0.14707	0.01308	0.06942	0.16964	0.04033	0.02542	0.04413	0.07536	0.04599	0.03321	0.10511	0.00337	0.00814	0.02703	0.09615	0.00846
5	0.00955	0.00672	0.00875	0.00889	0.00940	0.00717	0.00599	0.01062	0.01044	0.01440	0.02123	0.09841	0.02304	0.41283	0.31520	0.00790	0.01090	0.00952	0.00406	0.00496
6	0.01787	0.01566	0.01660	0.04409	0.11004	0.12784	0.01174	0.15302	0.04942	0.05655	0.07077	0.04637	0.10063	0.00973	0.00800	0.00208	0.06971	0.00762	0.07369	0.00856
7	0.00958	0.00653	0.00769	0.00771	0.00806	0.00639	0.00470	0.01032	0.01189	0.01617	0.16503	0.10088	0.03391	0.55292	0.02680	0.00531	0.00562	0.01097	0.00491	0.00464
8	0.02120	0.10516	0.18187	0.01620	0.02196	0.21803	0.07217	0.02497	0.01711	0.19007	0.05558	0.01771	0.01381	0.00729	0.00637	0.00194	0.00895	0.00573	0.00464	0.00926
9	0.01474	0.00983	0.01154	0.01020	0.01296	0.01002	0.00792	0.07769	0.16106	0.10174	0.35588	0.03725	0.06181	0.01125	0.00715	0.00208	0.00423	0.00961	0.08488	0.00815
10	0.03800	0.01162	0.01300	0.01293	0.04031	0.07699	0.00934	0.08052	0.01563	0.10387	0.02568	0.33805	0.02711	0.04596	0.04203	0.00298	0.07050	0.03254	0.00561	0.00733
11	0.01656	0.01363	0.02204	0.19238	0.32997	0.01369	0.03926	0.02034	0.01494	0.10187	0.01420	0.01765	0.01106	0.00801	0.03552	0.00227	0.00799	0.00588	0.00393	0.12881
12	0.01887	0.01370	0.02098	0.15582	0.18816	0.01422	0.07234	0.08334	0.09005	0.17338	0.01954	0.04411	0.01542	0.00833	0.00703	0.00220	0.00739	0.05013	0.00526	0.00971
13	0.40524	0.02095	0.01456	0.01364	0.03662	0.32097	0.01030	0.02237	0.01469	0.02317	0.01017	0.01223	0.00833	0.00826	0.03208	0.00227	0.02866	0.00418	0.00378	0.00754
14	0.04252	0.01672	0.01839	0.01468	0.01941	0.01854	0.02982	0.45332	0.19620	0.03686	0.06758	0.02059	0.01711	0.00860	0.00679	0.00209	0.00663	0.00683	0.00663	0.01069
15	0.02025	0.01681	0.02125	0.12402	0.25276	0.07732	0.01551	0.22859	0.04213	0.07647	0.01524	0.01733	0.01149	0.00713	0.00655	0.00201	0.00781	0.00597	0.04132	0.01004
16	0.01283	0.01201	0.02021	0.68237	0.08367	0.01472	0.01848	0.01723	0.01359	0.01752	0.01278	0.01981	0.01006	0.00707	0.00679	0.00225	0.00879	0.02911	0.00311	0.00759
17	0.01546	0.01329	0.01722	0.10530	0.15759	0.01458	0.01308	0.08588	0.28397	0.02527	0.05185	0.03045	0.08150	0.00978	0.00711	0.00225	0.00627	0.06421	0.00559	0.00934
18	0.01031	0.00947	0.01584	0.01334	0.01616	0.00865	0.18264	0.01312	0.01528	0.01993	0.12945	0.23212	0.25469	0.01477	0.00814	0.00239	0.00561	0.03583	0.00565	0.00658
19	0.01373	0.01273	0.12426	0.01150	0.01404	0.01018	0.00992	0.08157	0.09552	0.01823	0.01482	0.02153	0.01326	0.07999	0.01954	0.43659	0.00662	0.00625	0.00384	0.00587
20	0.01258	0.00737	0.00905	0.00885	0.01046	0.00677	0.00632	0.01398	0.01396	0.13694	0.06662	0.19367	0.17115	0.24148	0.01586	0.00366	0.00503	0.06408	0.00598	0.00618
21	0.01420	0.01511	0.07757	0.01570	0.01733	0.01734	0.01351	0.01939	0.13957	0.01861	0.01477	0.02150	0.01355	0.07718	0.04538	0.00335	0.43571	0.02857	0.00387	0.00779
22	0.01397	0.01306	0.02196	0.42242	0.29439	0.01467	0.01869	0.01815	0.01428	0.01917	0.01421	0.02238	0.01212	0.00745	0.00690	0.00222	0.00835	0.06369	0.00338	0.00852
23	0.01794	0.76823	0.03516	0.01148	0.01722	0.02655	0.01148	0.02009	0.01363	0.01579	0.00933	0.01076	0.00861	0.00574	0.00431	0.00144	0.00718	0.00359	0.00287	0.00861
24	0.00991	0.00982	0.07081	0.01278	0.07329	0.00777	0.00962	0.01255	0.01483	0.01963	0.10644	0.27332	0.19799	0.01637	0.00813	0.00251	0.00499	0.13692	0.00580	0.00654
25	0.02104	0.01509	0.01636	0.04531	0.01850	0.01668	0.01088	0.44752	0.08489	0.03579	0.01828	0.01911	0.01348	0.00803	0.00623	0.00194	0.00625	0.00622	0.19848	0.00992
26	0.01514	0.01290	0.01869	0.41110	0.03289	0.01563	0.01541	0.16437	0.01667	0.02227	0.01352	0.01857	0.01070	0.01431	0.12337	0.00360	0.07274	0.00617	0.00388	0.00807
27	0.01315	0.01116	0.01014	0.00980	0.01125	0.12244	0.00705	0.04004	0.01483	0.01929	0.12456	0.04080	0.05303	0.29115	0.01706	0.00373	0.00634	0.08835	0.10997	0.00586
28	0.01589	0.01678	0.01948	0.01699	0.01763	0.13265	0.01388	0.01748	0.01170	0.01614	0.00983	0.01526	0.00945	0.01424	0.07990	0.00341	0.57319	0.00574	0.00307	0.00730
29	0.53677	0.01249	0.01099	0.02755	0.01418	0.01417	0.00795	0.06334	0.07240	0.06162	0.01375	0.01496	0.01040	0.00690	0.00479	0.00203	0.00519	0.00466	0.10800	0.00787
30	0.01685	0.59018	0.20368	0.01334	0.02009	0.02389	0.01471	0.02037	0.01376	0.01711	0.00999	0.01159	0.00858	0.00589	0.00481	0.00160	0.00784	0.00392	0.00286	0.00893
31	0.01552	0.37153	0.41063	0.01561	0.02361	0.02062	0.01868	0.02072	0.01392	0.01874	0.01080	0.01260	0.00855	0.00608	0.00542	0.00181	0.00866	0.00433	0.00285	0.00932
32	0.01089	0.00883	0.00967	0.00936	0.01147	0.00898	0.00687	0.01746	0.21326	0.02147	0.13775	0.13528	0.26401	0.10146	0.01073	0.00280	0.00433	0.01210	0.00631	0.00696
33	0.21143	0.01802	0.01677	0.01607	0.07659	0.21431	0.04132	0.04213	0.01554	0.09231	0.01482	0.07871	0.01285	0.00851	0.00754	0.00210	0.08052	0.00624	0.03610	0.00812
34	0.01026	0.00824	0.01268	0.01145	0.01357	0.00771	0.08896	0.01344	0.01723	0.02370	0.41851	0.11726	0.08850	0.01445	0.00821	0.00236	0.00472	0.12572	0.00653	0.00651
35	0.02662	0.01267	0.01601	0.01215	0.01750	0.01143	0.00999	0.13533	0.02025	0.49875	0.02236	0.02026	0.01465	0.00770	0.00644	0.00188	0.00585	0.00616	0.00732	0.14668
36	0.01737	0.01316	0.01850	0.01512	0.01844	0.01449	0.10113	0.05420	0.20181	0.14074	0.15741	0.02628	0.02424	0.00990	0.01014	0.00233	0.15170	0.00798	0.00596	0.00909
37	0.01386	0.01059	0.01207	0.03065	0.01491	0.01102	0.00895	0.05262	0.25649	0.06651	0.03779	0.12676	0.19357	0.01328	0.00752	0.00235	0.00499	0.09261	0.00641	0.03705
38	0.11733	0.01501	0.08389	0.01239	0.01716	0.01368	0.01088	0.13276	0.17609	0.19308	0.02805	0.02654	0.12569	0.00937	0.00659	0.00215	0.00587	0.00744	0.00634	0.00967
39	0.08775	0.01925	0.07899	0.01502	0.01971	0.08158	0.01300	0.33049	0.11214	0.03153	0.01614	0.01848	0.01255	0.00843	0.00779	0.00213	0.07173	0.03239	0.00546	0.03545

[dist]
# distance from previous block
# <min> <max>
0	1

[block]
# block no. 6 follows, 32 sequences, length 37
# corresponding to MSA columns:
# 798-834
name=unknown_G
#
# <colnr> <probs for GDERKNQSTAVLIFYWHMCP>
#	G	D	E	R	K	N	Q	S	T	A	V	L	I	F	Y	W	H	M	C	P
0	0.12873	0.01598	0.01806	0.01555	0.05800	0.07387	0.05054	0.20926	0.04538	0.16075	0.01646	0.01724	0.01197	0.00772	0.00736	0.00204	0.06339	0.00581	0.05864	0.03324
1	0.01781	0.14809	0.02595	0.09229	0.02506	0.09598	0.18538	0.13496	0.01792	0.02288	0.01564	0.01791	0.05040	0.00688	0.00636	0.00184	0.00846	0.00608	0.00407	0.11604
2	0.01206	0.00760	0.00954	0.00883	0.01071	0.00723	0.00659	0.01576	0.05724	0.09060	0.47730	0.06968	0.04893	0.06957	0.00948	0.00243	0.00380	0.01095	0.07487	0.00684
3	0.01425	0.00983	0.00803	0.00779	0.00961	0.10773	0.00584	0.01718	0.01476	0.02382	0.02029	0.02322	0.01601	0.00769	0.00488	0.00159	0.00437	0.00599	0.69066	0.00647
4	0.01391	0.01319	0.13822	0.01124	0.01520	0.00923	0.01046	0.01871	0.05746	0.12949	0.41153	0.03623	0.04122	0.01086	0.00724	0.00205	0.00496	0.00934	0.00649	0.05296
5	0.62935	0.05952	0.01290	0.01045	0.01457	0.14132	0.00850	0.02097	0.01287	0.02691	0.00952	0.01110	0.00758	0.00632	0.00449	0.00198	0.00651	0.00375	0.00396	0.00743
6	0.01794	0.76823	0.03516	0.01148	0.01722	0.02655	0.01148	0.02009	0.01363	0.01579	0.00933	0.01076	0.00861	0.00574	0.00431	0.00144	0.00718	0.00359	0.00287	0.00861
7	0.01121	0.00863	0.01161	0.15404	0.01733	0.00956	0.00881	0.06141	0.01288	0.01715	0.02267	0.05709	0.07842	0.29132	0.20342	0.00595	0.00963	0.00877	0.00418	0.00593
8	0.00852	0.00671	0.00769	0.00768	0.00949	0.00588	0.00567	0.01069	0.01635	0.02119	0.29973	0.13817	0.40581	0.01627	0.00800	0.00226	0.00337	0.01399	0.00665	0.00588
9	0.01347	0.02850	0.55138	0.01758	0.02581	0.01407	0.07230	0.02029	0.01428	0.02192	0.01387	0.01635	0.01014	0.00657	0.00620	0.00204	0.00884	0.00541	0.14178	0.00921
10	0.00869	0.00679	0.00788	0.00768	0.00955	0.00598	0.00573	0.01108	0.01698	0.02231	0.37954	0.08280	0.37984	0.01557	0.00795	0.00221	0.00330	0.01337	0.00679	0.00598
11	0.01963	0.01175	0.01450	0.01064	0.01633	0.00927	0.00863	0.02248	0.01578	0.27095	0.01706	0.01707	0.01230	0.00615	0.00560	0.00138	0.00523	0.00495	0.00550	0.52479
12	0.00868	0.00674	0.00789	0.00778	0.00957	0.00595	0.00577	0.01101	0.01680	0.02211	0.36662	0.11718	0.35820	0.01582	0.00798	0.00223	0.00333	0.01364	0.00677	0.00595
13	0.02092	0.02263	0.01648	0.01474	0.01812	0.39760	0.01124	0.07219	0.15406	0.04511	0.13812	0.02186	0.02092	0.00865	0.00659	0.00193	0.00870	0.00651	0.00517	0.00844
14	0.00840	0.00618	0.00790	0.00895	0.00982	0.00568	0.00624	0.00997	0.01409	0.01863	0.12793	0.53859	0.14972	0.01939	0.00841	0.00259	0.00381	0.04170	0.00637	0.00562
15	0.01603	0.01059	0.01291	0.01135	0.01386	0.01141	0.00899	0.16161	0.01716	0.10881	0.02513	0.03240	0.09146	0.10855	0.16676	0.00456	0.06489	0.05596	0.06990	0.00768
16	0.02513	0.03006	0.01918	0.01702	0.02075	0.63282	0.01293	0.12492	0.02084	0.02019	0.01121	0.01268	0.00905	0.00708	0.00615	0.00177	0.01141	0.00457	0.00393	0.00831
17	0.25341	0.01270	0.01345	0.01097	0.01518	0.01318	0.00883	0.17445	0.01850	0.24643	0.02201	0.02318	0.07024	0.07875	0.00863	0.00249	0.00582	0.00656	0.00617	0.00906
18	0.13493	0.00759	0.00785	0.00789	0.00949	0.00756	0.00554	0.01139	0.01247	0.01825	0.03782	0.13660	0.27217	0.22857	0.07008	0.00413	0.00572	0.01137	0.00509	0.00546
19	0.75203	0.01342	0.01064	0.00932	0.01357	0.01549	0.00768	0.07126	0.01294	0.03103	0.00986	0.01129	0.00758	0.00637	0.00435	0.00207	0.00536	0.00382	0.00435	0.00758
20	0.01587	0.01219	0.01376	0.12701	0.01940	0.06351	0.01023	0.02313	0.20652	0.12691	0.15747	0.03382	0.14102	0.01061	0.00712	0.00217	0.00572	0.00890	0.00620	0.00843
21	0.01416	0.00878	0.01097	0.01000	0.01249	0.00859	0.00784	0.01964	0.12393	0.13781	0.40492	0.04269	0.04460	0.01223	0.00749	0.00218	0.00415	0.06697	0.05280	0.00778
22	0.02120	0.50944	0.02902	0.01266	0.01788	0.15889	0.01151	0.02335	0.01553	0.12770	0.01222	0.01292	0.00987	0.00637	0.00502	0.00159	0.00788	0.00422	0.00384	0.00889
23	0.00903	0.00671	0.00845	0.00870	0.01002	0.00632	0.00640	0.01115	0.01519	0.02038	0.27007	0.19579	0.18885	0.08029	0.07823	0.00350	0.00524	0.06370	0.00620	0.00579
24	0.01768	0.18176	0.10527	0.01990	0.15383	0.03616	0.02927	0.12694	0.07601	0.02339	0.01310	0.01520	0.01059	0.00718	0.00782	0.00195	0.09468	0.00533	0.00400	0.06995
25	0.02315	0.01814	0.01993	0.06672	0.06032	0.04443	0.01335	0.51949	0.10424	0.03699	0.01668	0.01711	0.01211	0.00793	0.00670	0.00205	0.00746	0.00614	0.00617	0.01089
26	0.00844	0.00679	0.00733	0.00721	0.00913	0.00589	0.00529	0.01032	0.01565	0.01965	0.20940	0.05958	0.51368	0.07999	0.01016	0.00259	0.00361	0.01333	0.00630	0.00568
27	0.01703	0.01697	0.09448	0.12994	0.17490	0.03390	0.01573	0.12685	0.13255	0.04455	0.01784	0.01985	0.03823	0.00801	0.00789	0.00216	0.06860	0.00643	0.03455	0.00953
28	0.01061	0.00650	0.00855	0.03947	0.00974	0.00658	0.00555	0.00989	0.01021	0.01371	0.06989	0.03406	0.02169	0.38484	0.02789	0.31875	0.00609	0.00824	0.00382	0.00393
29	0.00992	0.00789	0.01213	0.01274	0.04314	0.00762	0.07049	0.01192	0.01334	0.01778	0.03204	0.40398	0.06013	0.09354	0.05279	0.00353	0.00618	0.12933	0.00547	0.00603
30	0.01378	0.01377	0.07221	0.06927	0.01937	0.00995	0.01016	0.01727	0.01389	0.02144	0.01194	0.01425	0.00974	0.00522	0.00522	0.00118	0.00568	0.00421	0.00380	0.67763
31	0.01426	0.01195	0.01145	0.01117	0.01323	0.13430	0.00843	0.01618	0.01503	0.08137	0.03038	0.29450	0.09446	0.01442	0.00803	0.00230	0.03749	0.07948	0.06590	0.05566
32	0.01398	0.07819	0.06130	0.23816	0.14843	0.03157	0.04753	0.03770	0.01547	0.02094	0.14020	0.05407	0.02078	0.00855	0.00732	0.00211	0.03433	0.00743	0.02381	0.00813
33	0.01298	0.01115	0.01888	0.08272	0.06419	0.01110	0.17710	0.01728	0.06848	0.05035	0.12452	0.17362	0.02772	0.11567	0.01136	0.00289	0.00685	0.01063	0.00507	0.00742
34	0.01705	0.10049	0.24682	0.04670	0.02280	0.04275	0.04892	0.16510	0.04139	0.05153	0.13114	0.02114	0.01903	0.00804	0.00659	0.00203	0.00777	0.00655	0.00480	0.00935
35	0.01419	0.01399	0.08548	0.12698	0.14419	0.01246	0.07201	0.03410	0.03588	0.05469	0.13016	0.02592	0.05163	0.04142	0.00968	0.04593	0.03274	0.00752	0.00447	0.05656
36	0.01326	0.01184	0.01577	0.22882	0.08317	0.05374	0.01271	0.01658	0.03049	0.03600	0.05712	0.06012	0.12431	0.01195	0.03592	0.00258	0.10923	0.02438	0.06469	0.00731

[dist]
# distance from previous block
# <min> <max>
15	51

[block]
# block no. 7 follows, 32 sequences, length 29
# corresponding to MSA columns:
# 900-920,933-940
name=unknown_H
#
# <colnr> <probs for GDERKNQSTAVLIFYWHMCP>
#	G	D	E	R	K	N	Q	S	T	A	V	L	I	F	Y	W	H	M	C	P
0	0.04429	0.01547	0.09807	0.01400	0.01763	0.07421	0.07256	0.14158	0.01725	0.02327	0.02374	0.34510	0.02512	0.01309	0.00738	0.00230	0.00671	0.01154	0.00526	0.04143
1	0.01488	0.01366	0.01435	0.01057	0.01632	0.07185	0.00838	0.01775	0.01435	0.02139	0.01179	0.01376	0.00983	0.00514	0.00506	0.00106	0.00559	0.00401	0.00393	0.73634
2	0.01409	0.01761	0.14276	0.02044	0.08337	0.04964	0.21041	0.01827	0.01400	0.01979	0.01597	0.08994	0.01434	0.01342	0.09366	0.00325	0.09564	0.00770	0.06756	0.00814
3	0.00857	0.00604	0.00785	0.00914	0.00952	0.00574	0.00608	0.00963	0.01244	0.01657	0.03422	0.60588	0.04071	0.14723	0.01295	0.00338	0.00444	0.04850	0.00586	0.00525
4	0.01434	0.01471	0.07251	0.07529	0.31903	0.01419	0.01620	0.03814	0.03904	0.02164	0.07944	0.02840	0.07464	0.00953	0.00886	0.00227	0.09356	0.06510	0.00427	0.00885
5	0.09073	0.01234	0.01577	0.01368	0.01498	0.01558	0.01123	0.01559	0.01221	0.04448	0.04832	0.02665	0.16423	0.01211	0.01572	0.00259	0.44334	0.00765	0.00415	0.02864
6	0.01237	0.08541	0.06270	0.01406	0.01780	0.01215	0.15134	0.01755	0.10037	0.02109	0.13615	0.13190	0.13880	0.03983	0.00844	0.00239	0.00626	0.02857	0.00528	0.00755
7	0.01643	0.01504	0.07254	0.11530	0.09872	0.01467	0.04418	0.22721	0.02004	0.02762	0.11980	0.04540	0.04188	0.01100	0.04183	0.00253	0.03057	0.00761	0.03876	0.00888
8	0.01779	0.01370	0.01487	0.01314	0.01691	0.01531	0.01026	0.09693	0.51103	0.08868	0.02819	0.07904	0.04393	0.01006	0.00697	0.00227	0.00538	0.00842	0.00688	0.01023
9	0.01476	0.11768	0.27309	0.01690	0.02330	0.01524	0.15662	0.05584	0.01529	0.04684	0.02057	0.02409	0.09889	0.08099	0.00934	0.00250	0.00842	0.00712	0.00391	0.00861
10	0.01045	0.00755	0.01017	0.00980	0.01088	0.00847	0.00743	0.01273	0.01278	0.01901	0.16305	0.03227	0.02673	0.12285	0.33119	0.00645	0.07472	0.00829	0.11922	0.00597
11	0.02581	0.01319	0.01609	0.01271	0.01734	0.01299	0.01030	0.25286	0.02242	0.40717	0.02386	0.09259	0.01780	0.03287	0.00776	0.00226	0.00612	0.00780	0.00744	0.01061
12	0.81159	0.01298	0.00986	0.00882	0.01298	0.01505	0.00727	0.01972	0.01142	0.03010	0.00934	0.01090	0.00727	0.00623	0.00415	0.00208	0.00519	0.00363	0.00415	0.00727
13	0.01074	0.00864	0.01015	0.01023	0.01246	0.00882	0.00820	0.01644	0.15555	0.02061	0.06517	0.05417	0.28513	0.01999	0.10189	0.00358	0.00639	0.18895	0.00604	0.00687
14	0.01794	0.76823	0.03516	0.01148	0.01722	0.02655	0.01148	0.02009	0.01363	0.01579	0.00933	0.01076	0.00861	0.00574	0.00431	0.00144	0.00718	0.00359	0.00287	0.00861
15	0.00989	0.00727	0.00911	0.00864	0.01035	0.00680	0.00646	0.04107	0.01860	0.02578	0.56112	0.11168	0.12901	0.01446	0.00792	0.00218	0.00343	0.01269	0.00714	0.00640
16	0.01690	0.00925	0.01113	0.00983	0.01306	0.00851	0.00765	0.02106	0.10259	0.26837	0.07691	0.12509	0.27559	0.01327	0.00745	0.00225	0.00449	0.01122	0.00709	0.00830
17	0.01293	0.01060	0.01186	0.01089	0.01362	0.01141	0.00836	0.02381	0.36124	0.02676	0.32270	0.03887	0.09595	0.01170	0.00738	0.00221	0.00425	0.01005	0.00701	0.00840
18	0.01408	0.01069	0.01403	0.22001	0.02264	0.01187	0.01143	0.15605	0.01750	0.02394	0.02481	0.10204	0.07959	0.01295	0.04144	0.00264	0.00683	0.09115	0.12878	0.00751
19	0.01471	0.01401	0.02382	0.38117	0.39714	0.01544	0.01965	0.01893	0.01438	0.01962	0.01229	0.01722	0.00982	0.00633	0.00667	0.00211	0.00844	0.00597	0.00316	0.00910
20	0.01911	0.01472	0.01784	0.01414	0.01842	0.01554	0.07674	0.40955	0.02465	0.03300	0.06051	0.08996	0.12532	0.01058	0.00716	0.00213	0.00649	0.00890	0.03591	0.00935
21	0.01377	0.01407	0.08408	0.11048	0.02082	0.01358	0.03357	0.05301	0.25832	0.02308	0.05633	0.09158	0.09445	0.03294	0.00874	0.00246	0.04303	0.03176	0.00543	0.00848
22	0.00947	0.00700	0.01014	0.01022	0.01131	0.00782	0.00774	0.01168	0.01169	0.01665	0.08765	0.09307	0.02413	0.08764	0.56124	0.00899	0.01463	0.00885	0.00422	0.00586
23	0.01327	0.01288	0.01794	0.16854	0.22694	0.06858	0.03897	0.01651	0.01560	0.02008	0.11317	0.05724	0.18254	0.01022	0.00718	0.00213	0.00682	0.00903	0.00454	0.00784
24	0.03010	0.01142	0.01557	0.01194	0.01713	0.00986	0.00986	0.03270	0.01920	0.72698	0.02647	0.02284	0.01661	0.00830	0.00675	0.00208	0.00571	0.00675	0.00830	0.01142
25	0.01505	0.00980	0.01143	0.00992	0.01268	0.03146	0.00773	0.09816	0.02008	0.14070	0.42220	0.04219	0.12679	0.01235	0.00752	0.00210	0.00439	0.01053	0.00719	0.00773
26	0.01702	0.01826	0.11739	0.15158	0.13504	0.04859	0.15361	0.07037	0.01586	0.07725	0.01373	0.01775	0.01066	0.03195	0.00944	0.00235	0.08991	0.00633	0.00384	0.00908
27	0.01714	0.01569	0.08274	0.01456	0.03674	0.01339	0.07176	0.15176	0.10027	0.06153	0.01708	0.05082	0.01363	0.00730	0.00619	0.00174	0.00646	0.00622	0.04435	0.28064
28	0.81159	0.01298	0.00986	0.00882	0.01298	0.01505	0.00727	0.01972	0.01142	0.03010	0.00934	0.01090	0.00727	0.00623	0.00415	0.00208	0.00519	0.00363	0.00415	0.00727

[dist]
# distance from previous block
# <min> <max>
3	19

[block]
# block no. 8 follows, 32 sequences, length 10
# corresponding to MSA columns:
# 960-969
name=unknown_I
#
# <colnr> <probs for GDERKNQSTAVLIFYWHMCP>
#	G	D	E	R	K	N	Q	S	T	A	V	L	I	F	Y	W	H	M	C	P
0	0.01691	0.02213	0.23921	0.17785	0.05637	0.13513	0.01699	0.02214	0.04857	0.10112	0.01951	0.02109	0.07839	0.00789	0.00662	0.00209	0.00866	0.00633	0.00414	0.00884
1	0.02165	0.01295	0.01608	0.08319	0.01964	0.01351	0.01104	0.26654	0.02183	0.24000	0.07087	0.09145	0.01994	0.01292	0.06406	0.00281	0.00723	0.00799	0.00659	0.00969
2	0.16548	0.01370	0.05474	0.02048	0.17758	0.01310	0.15314	0.01847	0.01372	0.02297	0.01463	0.01868	0.01189	0.01292	0.11495	0.00330	0.00885	0.00611	0.14714	0.00815
3	0.01605	0.06010	0.14019	0.32736	0.06608	0.12532	0.01692	0.02019	0.01505	0.06662	0.03580	0.05409	0.01286	0.00763	0.00655	0.00209	0.00880	0.00631	0.00370	0.00828
4	0.01382	0.01145	0.06771	0.01143	0.01403	0.01053	0.00967	0.09439	0.01566	0.08033	0.02967	0.14274	0.13319	0.06958	0.07939	0.00345	0.08195	0.05732	0.06638	0.00728
5	0.01018	0.00636	0.00817	0.00805	0.00875	0.00607	0.00542	0.00996	0.01221	0.01628	0.17637	0.03900	0.13429	0.18928	0.02124	0.32497	0.00503	0.00937	0.00466	0.00434
6	0.66317	0.01268	0.01095	0.00942	0.01376	0.01407	0.00776	0.02219	0.01290	0.16245	0.01260	0.01317	0.00904	0.00662	0.00465	0.00208	0.00529	0.00422	0.00494	0.00806
7	0.01587	0.01424	0.01654	0.01415	0.01653	0.12026	0.07450	0.07048	0.01564	0.06993	0.07359	0.08814	0.07220	0.08798	0.08258	0.00353	0.14311	0.00861	0.00476	0.00737
8	0.09032	0.12529	0.01827	0.01255	0.01611	0.01462	0.06671	0.02086	0.13898	0.07050	0.01713	0.02243	0.01488	0.14246	0.07089	0.00346	0.05825	0.00646	0.00452	0.08533
9	0.07283	0.00709	0.00756	0.00755	0.00916	0.00690	0.00556	0.01259	0.01368	0.02061	0.09132	0.04280	0.21336	0.12520	0.01204	0.05977	0.00428	0.05638	0.22572	0.00561

[dist]
# distance from previous block
# <min> <max>
0	1

[block]
# block no. 9 follows, 32 sequences, length 25
# corresponding to MSA columns:
# 971-995
name=unknown_J
#
# <colnr> <probs for GDERKNQSTAVLIFYWHMCP>
#	G	D	E	R	K	N	Q	S	T	A	V	L	I	F	Y	W	H	M	C	P
0	0.01253	0.00760	0.00956	0.00864	0.01097	0.00676	0.00663	0.01526	0.01817	0.14027	0.45434	0.04896	0.20722	0.01358	0.00773	0.00214	0.00364	0.01171	0.00727	0.00702
1	0.01026	0.01035	0.07093	0.01332	0.09335	0.00824	0.03084	0.01294	0.01512	0.02036	0.20533	0.16209	0.20794	0.09619	0.01063	0.00272	0.00508	0.01209	0.00557	0.00665
2	0.01766	0.22270	0.02082	0.01146	0.01712	0.05525	0.00981	0.09338	0.01628	0.05522	0.01226	0.01360	0.00997	0.00578	0.00512	0.00132	0.00627	0.00424	0.00414	0.41758
3	0.02218	0.01442	0.02276	0.07606	0.23594	0.03666	0.10707	0.02574	0.01698	0.32264	0.01853	0.01934	0.01292	0.00698	0.00680	0.00204	0.00757	0.00646	0.00546	0.03346
4	0.10389	0.26285	0.05122	0.10422	0.07514	0.06715	0.01263	0.04876	0.04296	0.02027	0.01286	0.03894	0.01116	0.01034	0.06477	0.00253	0.00826	0.00526	0.00365	0.05316
5	0.01974	0.20173	0.08275	0.01262	0.01735	0.01477	0.04036	0.04222	0.01614	0.25054	0.06768	0.03684	0.01732	0.02652	0.05046	0.00255	0.03094	0.00651	0.05390	0.00908
6	0.01557	0.01156	0.01398	0.01064	0.01570	0.00974	0.00853	0.06338	0.01510	0.09159	0.01463	0.01699	0.01182	0.01298	0.12602	0.00278	0.00735	0.00492	0.00452	0.54221
