[name]
unknown

[dist]
# distance from previous block
# <min> <max>
0	63

[block]
# block no. 0 follows, 30 sequences, length 29
# corresponding to MSA columns:
# 65-93
name=unknown_A
#
# <colnr> <probs for GDERKNQSTAVLIFYWHMCP>
#	G	D	E	R	K	N	Q	S	T	A	V	L	I	F	Y	W	H	M	C	P
0	0.02036	0.01744	0.02246	0.04216	0.23894	0.08628	0.05682	0.19241	0.05371	0.07142	0.01875	0.04534	0.01595	0.00900	0.00731	0.00224	0.00820	0.07576	0.00527	0.01020
1	0.01578	0.01467	0.02425	0.03131	0.42709	0.01449	0.08441	0.06028	0.01738	0.02404	0.08946	0.02858	0.10130	0.00886	0.00742	0.00218	0.00749	0.02673	0.00454	0.00974
2	0.18607	0.09052	0.09294	0.06732	0.09302	0.05562	0.01364	0.09759	0.01706	0.09562	0.05846	0.01825	0.01413	0.00978	0.04130	0.00254	0.02642	0.00580	0.00472	0.00920
3	0.04115	0.07911	0.07353	0.02621	0.26940	0.12165	0.08667	0.02194	0.03336	0.03759	0.05737	0.02441	0.01683	0.00825	0.00702	0.00216	0.00868	0.07109	0.00419	0.00941
4	0.01447	0.27845	0.26541	0.01440	0.02062	0.01746	0.01594	0.01890	0.01493	0.01955	0.02241	0.03187	0.08601	0.01010	0.00666	0.00218	0.00784	0.14018	0.00403	0.00860
5	0.01887	0.17579	0.25398	0.01722	0.05980	0.12745	0.01662	0.05482	0.01675	0.09363	0.01611	0.08923	0.01381	0.00839	0.00644	0.00204	0.00875	0.00655	0.00423	0.00950
6	0.01053	0.01043	0.08137	0.01184	0.01386	0.00843	0.00986	0.01478	0.08593	0.02005	0.03448	0.46610	0.03858	0.01851	0.00863	0.00280	0.00531	0.14547	0.00618	0.00685
7	0.02019	0.02111	0.08850	0.01544	0.02054	0.14613	0.01315	0.16625	0.29690	0.02865	0.01951	0.01932	0.01471	0.00809	0.00668	0.00205	0.00770	0.00627	0.00571	0.09311
8	0.01484	0.16169	0.56506	0.01804	0.02739	0.01787	0.02251	0.02167	0.01462	0.02113	0.01202	0.01410	0.00893	0.00644	0.00618	0.00203	0.00957	0.00486	0.00301	0.04804
9	0.01728	0.12587	0.36848	0.01535	0.02272	0.01493	0.01752	0.02249	0.01594	0.16179	0.04062	0.04353	0.08655	0.00874	0.00669	0.00213	0.00796	0.00696	0.00470	0.00975
10	0.01672	0.55788	0.10390	0.01265	0.01829	0.02327	0.01286	0.01962	0.01374	0.01698	0.01150	0.01427	0.01036	0.01377	0.12513	0.00319	0.00963	0.00451	0.00311	0.00864
11	0.01823	0.09463	0.09211	0.02631	0.31677	0.01594	0.01675	0.08853	0.01749	0.09532	0.01857	0.09411	0.01665	0.00907	0.00701	0.00218	0.00756	0.04793	0.00473	0.01010
12	0.02322	0.01313	0.01937	0.02217	0.24693	0.01239	0.01355	0.06231	0.01888	0.35066	0.06850	0.05641	0.04229	0.00907	0.00718	0.00217	0.00648	0.00790	0.00660	0.01079
13	0.00990	0.00791	0.01112	0.01313	0.08437	0.00797	0.00859	0.01201	0.01342	0.01799	0.03594	0.25601	0.18224	0.03033	0.26927	0.00569	0.00969	0.01276	0.00517	0.00649
14	0.01663	0.01626	0.02871	0.13508	0.54924	0.01655	0.09264	0.02103	0.01569	0.02208	0.01314	0.01762	0.01077	0.00628	0.00706	0.00214	0.00880	0.00643	0.00341	0.01043
15	0.01506	0.07716	0.57627	0.02033	0.02975	0.04824	0.09368	0.02231	0.01510	0.02157	0.01245	0.01486	0.00904	0.00654	0.00666	0.00216	0.01040	0.00537	0.00304	0.01004
16	0.01642	0.09823	0.48919	0.02132	0.09937	0.11494	0.02240	0.02271	0.01550	0.02098	0.01210	0.01439	0.00910	0.00660	0.00642	0.00207	0.01016	0.00505	0.00309	0.00996
17	0.00874	0.00668	0.00807	0.00889	0.01021	0.00601	0.00640	0.01051	0.01511	0.01943	0.11764	0.38607	0.28667	0.01940	0.00865	0.00262	0.00395	0.06246	0.00660	0.00589
18	0.01640	0.40822	0.36750	0.01580	0.02387	0.02208	0.01866	0.02148	0.01445	0.01917	0.01107	0.01291	0.00890	0.00629	0.00552	0.00184	0.00885	0.00442	0.00297	0.00961
19	0.12630	0.03641	0.03938	0.01343	0.01710	0.01233	0.08026	0.09282	0.04422	0.13606	0.02558	0.29614	0.02522	0.01293	0.00739	0.00242	0.00613	0.01135	0.00607	0.00848
20	0.01090	0.00675	0.00911	0.01008	0.01104	0.00632	0.00700	0.01234	0.01390	0.08832	0.03614	0.63212	0.04146	0.02241	0.05306	0.00328	0.00514	0.01778	0.00653	0.00633
21	0.00956	0.00702	0.00896	0.00870	0.01029	0.00642	0.00644	0.01248	0.01868	0.02596	0.57053	0.12694	0.13119	0.01542	0.00830	0.00228	0.00340	0.01360	0.00743	0.00642
22	0.12061	0.02086	0.25195	0.06713	0.05602	0.03545	0.01599	0.04039	0.11063	0.06170	0.01943	0.13453	0.01707	0.00962	0.00681	0.00231	0.00757	0.00794	0.00475	0.00922
23	0.01598	0.15927	0.11780	0.25846	0.09879	0.04987	0.04438	0.02184	0.08368	0.01985	0.01339	0.01684	0.01059	0.00721	0.00747	0.00215	0.05408	0.00577	0.00353	0.00905
24	0.00978	0.00771	0.00895	0.00942	0.01104	0.00743	0.00675	0.01391	0.10898	0.02070	0.11303	0.36900	0.25109	0.01810	0.00839	0.00256	0.00402	0.01589	0.00668	0.00657
25	0.01114	0.00895	0.01397	0.12911	0.05311	0.00907	0.06972	0.01397	0.01475	0.02062	0.09468	0.33687	0.05989	0.01448	0.00779	0.00242	0.00559	0.01321	0.11382	0.00682
26	0.02142	0.34540	0.07719	0.01741	0.09015	0.15211	0.01429	0.12983	0.01868	0.05575	0.01244	0.01381	0.01003	0.00678	0.00573	0.00179	0.00865	0.00479	0.00405	0.00971
27	0.01871	0.12361	0.10740	0.11072	0.04363	0.03548	0.01465	0.24185	0.04107	0.02802	0.03390	0.05966	0.01530	0.00873	0.00670	0.00208	0.00774	0.03543	0.00501	0.06032
28	0.01826	0.30448	0.14515	0.06855	0.09881	0.09233	0.01574	0.09096	0.01707	0.02129	0.01536	0.01717	0.05268	0.00728	0.00597	0.00188	0.00847	0.00545	0.00374	0.00936

[dist]
# distance from previous block
# <min> <max>
2	6

[block]
# block no. 1 follows, 30 sequences, length 44
# corresponding to MSA columns:
# 100-143
name=unknown_B
#
# <colnr> <probs for GDERKNQSTAVLIFYWHMCP>
#	G	D	E	R	K	N	Q	S	T	A	V	L	I	F	Y	W	H	M	C	P
0	0.01856	0.01888	0.13054	0.08309	0.09483	0.11988	0.06508	0.02239	0.01695	0.15074	0.11504	0.02516	0.02047	0.07647	0.00970	0.00256	0.00832	0.00736	0.00501	0.00896
1	0.01552	0.01446	0.08672	0.01695	0.11090	0.01247	0.01246	0.11171	0.05412	0.05900	0.02341	0.26449	0.02347	0.01224	0.00800	0.00226	0.03656	0.01055	0.00545	0.11927
2	0.02254	0.01441	0.01560	0.01270	0.01707	0.04937	0.01020	0.27593	0.02351	0.22222	0.03303	0.07725	0.17272	0.01136	0.00737	0.00220	0.00627	0.00918	0.00713	0.00993
3	0.00846	0.00622	0.00794	0.00932	0.01002	0.00570	0.00630	0.00976	0.01374	0.01797	0.04331	0.64741	0.14582	0.02123	0.00881	0.00276	0.00397	0.01907	0.00648	0.00570
4	0.05391	0.02275	0.31951	0.01729	0.02368	0.01452	0.09474	0.04917	0.11817	0.02366	0.02061	0.17226	0.01886	0.01025	0.00727	0.00237	0.00808	0.00901	0.00462	0.00926
5	0.01621	0.01544	0.02110	0.01972	0.09601	0.07936	0.14882	0.07880	0.14464	0.02370	0.02399	0.10977	0.05034	0.01450	0.07346	0.00318	0.00894	0.05793	0.00519	0.00889
6	0.00850	0.00607	0.00810	0.00972	0.01012	0.00567	0.00648	0.00972	0.01336	0.01781	0.03846	0.75020	0.04615	0.02186	0.00891	0.00283	0.00405	0.01984	0.00648	0.00567
7	0.02034	0.01710	0.01858	0.01500	0.01913	0.12190	0.07242	0.27431	0.02444	0.06655	0.24196	0.02823	0.02923	0.00991	0.00740	0.00211	0.00727	0.00830	0.00647	0.00935
8	0.09583	0.09987	0.14283	0.09858	0.16210	0.04580	0.04125	0.07664	0.01667	0.02366	0.04651	0.02206	0.08355	0.00808	0.00656	0.00210	0.00793	0.00666	0.00415	0.00916
9	0.01475	0.02097	0.27071	0.01740	0.02219	0.01537	0.06950	0.01925	0.01389	0.05545	0.01666	0.08225	0.01489	0.01029	0.01167	0.00251	0.22133	0.03630	0.07600	0.00863
10	0.01760	0.00885	0.01122	0.01019	0.01330	0.00775	0.00800	0.01976	0.01704	0.29178	0.04469	0.17882	0.25307	0.01506	0.00802	0.00245	0.00484	0.07201	0.00732	0.00824
11	0.01510	0.01384	0.02028	0.02543	0.30631	0.01425	0.04806	0.02323	0.21395	0.02358	0.02859	0.09437	0.12216	0.01030	0.00742	0.00228	0.00656	0.00933	0.00525	0.00970
12	0.02166	0.13025	0.02043	0.04329	0.06414	0.19438	0.01226	0.05412	0.13186	0.15116	0.01995	0.09197	0.01661	0.00912	0.00665	0.00207	0.00792	0.00722	0.00543	0.00951
13	0.02495	0.12874	0.06574	0.01410	0.01965	0.04376	0.01241	0.17381	0.12368	0.29007	0.02104	0.01968	0.01460	0.00812	0.00659	0.00207	0.00702	0.00628	0.00664	0.01107
14	0.08128	0.01568	0.01606	0.01346	0.01765	0.06161	0.01059	0.18915	0.24019	0.15860	0.02218	0.02353	0.01688	0.09000	0.00989	0.00269	0.00670	0.00706	0.00661	0.01020
15	0.31758	0.06496	0.01998	0.01455	0.01983	0.01937	0.07902	0.32643	0.02208	0.03525	0.01338	0.01457	0.00993	0.00725	0.00594	0.00211	0.00722	0.00537	0.00537	0.00981
16	0.09001	0.01935	0.01702	0.01414	0.01859	0.17674	0.01126	0.29141	0.05381	0.09380	0.02442	0.02399	0.11659	0.00942	0.00680	0.00209	0.00771	0.00707	0.00607	0.00971
17	0.00968	0.00726	0.00924	0.01038	0.01191	0.00682	0.00832	0.01197	0.01534	0.01952	0.04713	0.24429	0.23572	0.01946	0.00905	0.00287	0.00499	0.31351	0.00645	0.00608
18	0.01973	0.01514	0.01632	0.01410	0.01837	0.01700	0.01113	0.13385	0.51525	0.09386	0.02789	0.02571	0.04087	0.00948	0.00711	0.00231	0.00582	0.00778	0.00720	0.01108
19	0.02601	0.01827	0.01990	0.01549	0.02087	0.02002	0.01272	0.55084	0.10416	0.11030	0.01911	0.01847	0.01344	0.00852	0.00700	0.00213	0.00727	0.00653	0.00716	0.01178
20	0.01431	0.00943	0.01147	0.01009	0.01274	0.00911	0.00782	0.11634	0.02106	0.09852	0.43774	0.07439	0.12211	0.01350	0.00795	0.00222	0.00428	0.01163	0.00749	0.00780
21	0.01357	0.01145	0.01351	0.01024	0.01557	0.00876	0.00800	0.01639	0.01430	0.02200	0.01632	0.12520	0.01573	0.00768	0.00573	0.00130	0.00500	0.00650	0.00449	0.67826
22	0.01528	0.01409	0.02340	0.03466	0.54146	0.01402	0.01763	0.01862	0.01503	0.02127	0.01800	0.14109	0.01797	0.06561	0.00941	0.00256	0.00747	0.00878	0.00401	0.00964
23	0.02297	0.01221	0.01511	0.01163	0.01656	0.01084	0.00929	0.10423	0.01897	0.34146	0.05155	0.02380	0.01766	0.08331	0.00943	0.00231	0.00590	0.00669	0.00670	0.22939
24	0.00850	0.00607	0.00810	0.00972	0.01012	0.00567	0.00648	0.00972	0.01336	0.01781	0.03846	0.75020	0.04615	0.02186	0.00891	0.00283	0.00405	0.01984	0.00648	0.00567
25	0.01704	0.01723	0.03206	0.03894	0.51528	0.01689	0.21438	0.02169	0.01606	0.02267	0.01341	0.01772	0.01092	0.00612	0.00729	0.00215	0.00930	0.00680	0.00348	0.01058
26	0.00978	0.00680	0.00785	0.00790	0.00842	0.00656	0.00487	0.01055	0.01243	0.01658	0.13139	0.10471	0.10215	0.51066	0.02654	0.00532	0.00570	0.01175	0.00515	0.00487
27	0.00864	0.00618	0.00822	0.00962	0.01015	0.00576	0.00649	0.01007	0.01401	0.01884	0.10609	0.67964	0.04814	0.02109	0.00884	0.00277	0.00397	0.01911	0.00660	0.00576
28	0.15449	0.01144	0.01557	0.25077	0.12861	0.01250	0.01303	0.01640	0.01455	0.02146	0.03028	0.03445	0.21394	0.01054	0.00700	0.00231	0.00662	0.04387	0.00453	0.00760
29	0.09632	0.01553	0.09756	0.01351	0.01861	0.01300	0.05462	0.09421	0.10235	0.08906	0.02421	0.10987	0.07590	0.00979	0.00677	0.00208	0.00633	0.00824	0.00555	0.15648
30	0.01698	0.01659	0.02197	0.02058	0.08881	0.05211	0.01563	0.07908	0.01364	0.01990	0.01033	0.01549	0.00959	0.01103	0.01909	0.00281	0.56846	0.00606	0.00348	0.00839
31	0.01391	0.01017	0.01523	0.06451	0.17213	0.01042	0.01152	0.01658	0.01421	0.08911	0.05060	0.03423	0.08596	0.12759	0.21296	0.00541	0.01007	0.04293	0.00475	0.00770
32	0.01846	0.18254	0.11679	0.01710	0.08931	0.18841	0.01396	0.02248	0.04262	0.04714	0.11723	0.02007	0.01860	0.00780	0.00627	0.00185	0.00823	0.00601	0.00434	0.07079
33	0.03617	0.01718	0.08365	0.13012	0.02569	0.06074	0.08172	0.07972	0.14225	0.19422	0.06101	0.02221	0.01705	0.00824	0.00708	0.00222	0.00778	0.00705	0.00585	0.01003
34	0.00921	0.00676	0.00871	0.00964	0.01061	0.00611	0.00651	0.01054	0.01327	0.01803	0.03476	0.63033	0.04119	0.06752	0.01025	0.00291	0.00434	0.01762	0.00610	0.08560
35	0.01445	0.19899	0.02025	0.10022	0.06044	0.01586	0.01148	0.07726	0.01632	0.02123	0.09872	0.08266	0.12690	0.01412	0.06215	0.00283	0.05473	0.00871	0.00476	0.00794
36	0.01859	0.22933	0.33905	0.01730	0.02499	0.09056	0.06166	0.02371	0.01579	0.09805	0.01337	0.01483	0.00995	0.00668	0.00616	0.00198	0.00937	0.00511	0.00370	0.00984
37	0.01299	0.00962	0.01338	0.15598	0.01943	0.01077	0.01038	0.01524	0.01362	0.08770	0.03019	0.08908	0.16652	0.11284	0.12349	0.00437	0.10276	0.00983	0.00488	0.00692
38	0.01192	0.00922	0.01227	0.01165	0.01291	0.01103	0.00903	0.01588	0.08096	0.01863	0.01907	0.02693	0.01737	0.10042	0.39161	0.00744	0.12313	0.00743	0.10631	0.00678
39	0.01790	0.16519	0.18298	0.02154	0.15204	0.06800	0.06749	0.04688	0.01612	0.07367	0.01562	0.08267	0.01360	0.00824	0.00727	0.00211	0.03821	0.00683	0.00405	0.00961
40	0.01788	0.07431	0.08427	0.18488	0.06470	0.04903	0.14325	0.06356	0.09602	0.07463	0.01552	0.01832	0.01170	0.00753	0.00817	0.00225	0.06369	0.00649	0.00431	0.00949
41	0.01221	0.01079	0.01533	0.01373	0.01608	0.04570	0.09642	0.01477	0.01367	0.01849	0.02345	0.16820	0.02461	0.09128	0.19281	0.00508	0.03777	0.10843	0.00468	0.08650
42	0.01683	0.01373	0.07858	0.01431	0.06833	0.01148	0.01139	0.05000	0.12626	0.14862	0.08981	0.03610	0.14923	0.01097	0.00731	0.00218	0.00580	0.05805	0.00628	0.09473
43	0.04739	0.03922	0.03981	0.01346	0.04616	0.01304	0.01040	0.12825	0.01723	0.13324	0.02351	0.06981	0.06310	0.16009	0.01419	0.00317	0.07366	0.04379	0.00554	0.05493

[dist]
# distance from previous block
# <min> <max>
2	33

[block]
# block no. 2 follows, 30 sequences, length 16
# corresponding to MSA columns:
# 177-192
name=unknown_C
#
# <colnr> <probs for GDERKNQSTAVLIFYWHMCP>
#	G	D	E	R	K	N	Q	S	T	A	V	L	I	F	Y	W	H	M	C	P
0	0.01566	0.00985	0.01129	0.01021	0.01274	0.00976	0.00762	0.14890	0.01808	0.09859	0.03085	0.22088	0.09804	0.10300	0.01066	0.00277	0.00515	0.01126	0.14048	0.03421
1	0.01496	0.01321	0.02086	0.05621	0.40176	0.01332	0.01575	0.06438	0.01686	0.02354	0.09608	0.18652	0.02504	0.01082	0.00751	0.00227	0.00677	0.01000	0.00484	0.00927
2	0.01396	0.01558	0.10914	0.12932	0.07570	0.01289	0.11023	0.03927	0.04508	0.02277	0.12394	0.02647	0.04374	0.06370	0.00918	0.00239	0.00751	0.00767	0.00453	0.13694
3	0.01334	0.18283	0.02052	0.01657	0.11203	0.03559	0.06321	0.01574	0.01483	0.01930	0.07674	0.34441	0.03027	0.01374	0.00742	0.00230	0.00624	0.01230	0.00502	0.00761
4	0.01098	0.00782	0.00949	0.00999	0.01089	0.00788	0.00692	0.05894	0.04008	0.01899	0.03082	0.35510	0.03509	0.26769	0.01778	0.00414	0.00555	0.09019	0.00577	0.00591
5	0.02010	0.01015	0.01263	0.01111	0.01426	0.00971	0.00858	0.11415	0.01870	0.28016	0.02904	0.27100	0.02647	0.01304	0.00733	0.00230	0.00513	0.01121	0.12597	0.00895
6	0.01532	0.08367	0.38426	0.01718	0.02395	0.11393	0.01921	0.02081	0.01574	0.02065	0.01845	0.03088	0.01705	0.00996	0.00720	0.00236	0.00940	0.17715	0.00395	0.00888
7	0.00917	0.00691	0.00856	0.00914	0.01060	0.00630	0.00683	0.01137	0.01615	0.02120	0.22246	0.27492	0.24375	0.01829	0.00864	0.00258	0.00403	0.10624	0.00679	0.00608
8	0.00902	0.00685	0.00839	0.00916	0.01058	0.00623	0.00681	0.01100	0.01551	0.02001	0.13948	0.31994	0.27528	0.01901	0.00870	0.00264	0.00413	0.11466	0.00663	0.00598
9	0.02694	0.01888	0.02053	0.01574	0.02131	0.02066	0.01300	0.63148	0.03170	0.10202	0.01768	0.01736	0.01233	0.00840	0.00698	0.00210	0.00753	0.00635	0.00712	0.01187
10	0.01284	0.00766	0.00953	0.00876	0.01042	0.00711	0.00620	0.01481	0.01622	0.11824	0.33203	0.04707	0.09254	0.26640	0.01737	0.00376	0.00486	0.01115	0.00655	0.00647
11	0.00953	0.00715	0.00896	0.01014	0.01103	0.00704	0.00697	0.01293	0.09364	0.01918	0.03851	0.63948	0.06844	0.02025	0.00867	0.00276	0.00420	0.01825	0.00655	0.00631
12	0.01922	0.11588	0.10678	0.01218	0.01694	0.01527	0.01135	0.21381	0.02027	0.08223	0.01831	0.01971	0.01373	0.00776	0.00582	0.00186	0.00621	0.00593	0.29745	0.00929
13	0.02069	0.01351	0.01516	0.01313	0.01727	0.01464	0.01036	0.03464	0.46664	0.20956	0.02773	0.02543	0.01998	0.00914	0.00690	0.00225	0.00545	0.00755	0.06905	0.01091
14	0.01605	0.01266	0.01352	0.01219	0.01583	0.01379	0.00947	0.02972	0.46598	0.08023	0.03945	0.03667	0.20166	0.01156	0.00740	0.00235	0.00503	0.00962	0.00706	0.00976
15	0.04584	0.07135	0.01380	0.03724	0.01497	0.11962	0.00887	0.08115	0.01701	0.04744	0.02970	0.22884	0.11862	0.01292	0.00699	0.00219	0.00609	0.01073	0.11921	0.00742

[dist]
# distance from previous block
# <min> <max>
12	101

[block]
# block no. 3 follows, 30 sequences, length 30
# corresponding to MSA columns:
# 305-334
name=unknown_D
#
# <colnr> <probs for GDERKNQSTAVLIFYWHMCP>
#	G	D	E	R	K	N	Q	S	T	A	V	L	I	F	Y	W	H	M	C	P
0	0.32303	0.01259	0.01234	0.01116	0.01435	0.05654	0.00876	0.02062	0.01443	0.16748	0.02213	0.18777	0.04200	0.01136	0.00765	0.00237	0.06303	0.00877	0.00564	0.00800
1	0.10322	0.02080	0.10101	0.13484	0.02470	0.18914	0.01434	0.06972	0.09216	0.10694	0.01731	0.04165	0.01370	0.00841	0.00666	0.00218	0.00862	0.03055	0.00492	0.00914
2	0.01780	0.01649	0.06019	0.02153	0.22383	0.07001	0.01376	0.14038	0.07828	0.02656	0.01957	0.02285	0.04119	0.05434	0.00831	0.00230	0.00713	0.00681	0.15929	0.00941
3	0.01783	0.09170	0.07896	0.25335	0.26197	0.01718	0.01852	0.07480	0.01673	0.08288	0.01405	0.01741	0.01072	0.00685	0.00668	0.00211	0.00843	0.00595	0.00399	0.00987
4	0.12187	0.33285	0.02727	0.04603	0.17697	0.06452	0.01371	0.02281	0.01529	0.10152	0.01273	0.01443	0.01024	0.00652	0.00551	0.00184	0.00759	0.00483	0.00397	0.00950
5	0.00925	0.00726	0.00855	0.00853	0.01049	0.00629	0.00621	0.01133	0.01594	0.02104	0.20593	0.25874	0.30257	0.01700	0.00817	0.00234	0.00377	0.01480	0.00656	0.07524
6	0.01797	0.01472	0.03783	0.01459	0.01840	0.07847	0.10182	0.08757	0.09966	0.13072	0.08130	0.12284	0.07348	0.07624	0.01004	0.00268	0.00704	0.00987	0.00606	0.00871
7	0.09010	0.25661	0.05131	0.01673	0.07362	0.10193	0.01359	0.22390	0.02020	0.02689	0.01230	0.01391	0.00989	0.00731	0.00684	0.00194	0.05375	0.00499	0.00442	0.00975
8	0.01162	0.00634	0.00928	0.00928	0.00947	0.00653	0.00631	0.00970	0.00951	0.01287	0.01398	0.02430	0.01409	0.09243	0.13455	0.60819	0.00805	0.00663	0.00324	0.00362
9	0.80405	0.01350	0.01026	0.00918	0.01350	0.01565	0.00756	0.02051	0.01188	0.03131	0.00972	0.01134	0.00756	0.00648	0.00432	0.00216	0.00540	0.00378	0.00432	0.00756
10	0.01775	0.14197	0.02459	0.01732	0.02077	0.20588	0.14090	0.02026	0.01479	0.01746	0.01312	0.01922	0.01206	0.09179	0.09811	0.00369	0.12275	0.00628	0.00348	0.00779
11	0.01400	0.03610	0.71860	0.01989	0.03020	0.01621	0.02578	0.02210	0.01473	0.02210	0.01252	0.01473	0.00884	0.00663	0.00663	0.00221	0.01031	0.00516	0.00295	0.01031
12	0.00999	0.00739	0.01076	0.01076	0.01185	0.00848	0.00816	0.01217	0.01108	0.01586	0.01911	0.02972	0.01845	0.14103	0.63978	0.01065	0.01719	0.00781	0.00380	0.00598
13	0.00875	0.00648	0.00821	0.00932	0.01029	0.00594	0.00656	0.01038	0.01459	0.01913	0.10520	0.51457	0.17419	0.02021	0.00876	0.00271	0.00403	0.05826	0.00658	0.00584
14	0.01401	0.01295	0.01983	0.43931	0.14024	0.01503	0.01691	0.02082	0.12883	0.02058	0.02092	0.02442	0.08036	0.00833	0.00711	0.00230	0.00795	0.00732	0.00416	0.00862
15	0.02543	0.02802	0.01974	0.01714	0.02129	0.47750	0.01321	0.20390	0.08263	0.02528	0.01391	0.01487	0.01083	0.00770	0.00655	0.00193	0.01066	0.00527	0.00480	0.00935
16	0.00847	0.00620	0.00796	0.00937	0.01003	0.00570	0.00633	0.00976	0.01369	0.01795	0.04264	0.66167	0.13199	0.02132	0.00882	0.00277	0.00398	0.01918	0.00648	0.00570
17	0.06869	0.01450	0.01749	0.01396	0.01833	0.01525	0.06289	0.29685	0.07308	0.08627	0.17207	0.02950	0.08014	0.01019	0.00730	0.00219	0.00628	0.00850	0.00679	0.00972
18	0.34767	0.01492	0.01428	0.01201	0.01650	0.01669	0.00974	0.21234	0.14438	0.05990	0.02058	0.02040	0.06633	0.00852	0.00599	0.00219	0.00594	0.00622	0.00592	0.00945
19	0.01561	0.02482	0.29264	0.02743	0.13611	0.01710	0.30950	0.02189	0.01549	0.02210	0.01317	0.01691	0.00994	0.00647	0.00803	0.00229	0.04061	0.00669	0.00328	0.00993
20	0.01028	0.00722	0.00826	0.00827	0.01035	0.00625	0.00609	0.01215	0.01604	0.07395	0.12713	0.21908	0.43457	0.01757	0.00830	0.00243	0.00381	0.01508	0.00677	0.00638
21	0.06458	0.00924	0.01135	0.01014	0.01293	0.00887	0.00783	0.02013	0.08150	0.18199	0.37106	0.09730	0.06940	0.01281	0.00766	0.00226	0.00429	0.01103	0.00749	0.00815
22	0.09502	0.01073	0.01251	0.01137	0.01443	0.01082	0.00891	0.12333	0.04655	0.16066	0.08551	0.22771	0.07916	0.01402	0.00767	0.00245	0.00529	0.06859	0.00688	0.00841
23	0.01836	0.02085	0.31090	0.01485	0.02107	0.01214	0.01590	0.02300	0.01532	0.23711	0.01922	0.02297	0.01465	0.09852	0.12010	0.00408	0.00983	0.00665	0.00499	0.00949
24	0.01032	0.00761	0.01056	0.07329	0.01355	0.00850	0.00778	0.01196	0.01101	0.01523	0.01952	0.03427	0.02005	0.34204	0.37495	0.00858	0.01288	0.00848	0.00389	0.00553
25	0.02553	0.01943	0.02178	0.02039	0.12649	0.16663	0.06601	0.17343	0.03755	0.24460	0.01839	0.01853	0.01295	0.00771	0.00694	0.00207	0.00853	0.00631	0.00598	0.01073
26	0.01626	0.15498	0.24856	0.07183	0.02350	0.12422	0.01636	0.02101	0.03601	0.04028	0.01888	0.10056	0.03692	0.00960	0.00675	0.00217	0.00865	0.05068	0.00408	0.00870
27	0.01314	0.01121	0.04003	0.20652	0.02310	0.01039	0.01129	0.04166	0.01587	0.05987	0.08338	0.13859	0.14426	0.01147	0.00723	0.00213	0.00601	0.00988	0.00522	0.15872
28	0.01674	0.01722	0.07724	0.02311	0.12899	0.01633	0.20812	0.14671	0.01859	0.02556	0.04648	0.08580	0.05926	0.00959	0.00928	0.00236	0.08589	0.00869	0.00469	0.00935
29	0.10067	0.07224	0.13046	0.01560	0.02115	0.01742	0.07914	0.14919	0.20988	0.02842	0.02249	0.03787	0.06792	0.00880	0.00676	0.00221	0.00724	0.00724	0.00542	0.00989

[dist]
# distance from previous block
# <min> <max>
0	77

[block]
# block no. 4 follows, 30 sequences, length 44
# corresponding to MSA columns:
# 452-495
name=unknown_E
#
# <colnr> <probs for GDERKNQSTAVLIFYWHMCP>
#	G	D	E	R	K	N	Q	S	T	A	V	L	I	F	Y	W	H	M	C	P
0	0.06579	0.06893	0.05536	0.01345	0.01720	0.14147	0.01109	0.10925	0.07036	0.10269	0.04622	0.20076	0.02329	0.01179	0.00712	0.00226	0.00711	0.03138	0.00579	0.00869
1	0.01431	0.08711	0.01540	0.01162	0.01499	0.05540	0.00921	0.01803	0.07033	0.04115	0.08371	0.18682	0.04689	0.01184	0.00798	0.00205	0.05530	0.03913	0.00529	0.22346
2	0.01518	0.15322	0.01986	0.02901	0.01802	0.07245	0.07001	0.02190	0.17027	0.02247	0.13029	0.08348	0.05893	0.01148	0.00732	0.00227	0.00667	0.09327	0.00558	0.00832
3	0.00955	0.00711	0.00841	0.00858	0.01030	0.00639	0.00624	0.01201	0.03193	0.03851	0.23563	0.25365	0.31125	0.01750	0.00837	0.00244	0.00372	0.01524	0.00688	0.00628
4	0.01846	0.05116	0.16893	0.01569	0.02141	0.08178	0.08138	0.10270	0.04922	0.10791	0.05265	0.02479	0.07650	0.05291	0.00862	0.00235	0.00801	0.00724	0.00512	0.06318
5	0.01587	0.21462	0.31363	0.01963	0.02683	0.02009	0.15805	0.02116	0.01443	0.02002	0.01170	0.01475	0.00927	0.00703	0.00851	0.00216	0.10418	0.00555	0.00309	0.00943
6	0.01305	0.00900	0.01060	0.01027	0.01248	0.00879	0.00761	0.08540	0.07205	0.08039	0.10103	0.33650	0.19204	0.01673	0.00819	0.00250	0.00452	0.01459	0.00687	0.00740
7	0.01114	0.01002	0.01054	0.01135	0.01217	0.09414	0.00802	0.01253	0.01383	0.01755	0.03198	0.56701	0.03745	0.02155	0.05799	0.00329	0.05129	0.01630	0.00573	0.00612
8	0.01676	0.01989	0.17551	0.06636	0.26425	0.01530	0.11928	0.04920	0.01632	0.06281	0.01520	0.05121	0.01237	0.00716	0.00700	0.00211	0.00867	0.00679	0.00398	0.07982
9	0.01003	0.00670	0.00842	0.00904	0.00991	0.00624	0.00608	0.01135	0.01397	0.04987	0.11829	0.42130	0.10132	0.17712	0.01439	0.00353	0.00458	0.01585	0.00624	0.00577
10	0.01126	0.00780	0.00951	0.00884	0.01102	0.00715	0.00671	0.01487	0.04956	0.07268	0.46792	0.05284	0.22438	0.01453	0.00810	0.00224	0.00364	0.01256	0.00741	0.00697
11	0.01694	0.19064	0.29960	0.10665	0.12163	0.11027	0.01977	0.02197	0.01533	0.01978	0.01174	0.01448	0.00924	0.00654	0.00619	0.00199	0.00958	0.00502	0.00313	0.00952
12	0.01704	0.04443	0.19990	0.01287	0.01808	0.01110	0.01280	0.02142	0.04479	0.21503	0.03398	0.14669	0.16853	0.01211	0.00739	0.00231	0.00632	0.01015	0.00604	0.00903
13	0.00896	0.00725	0.00810	0.00855	0.01064	0.00638	0.00675	0.01104	0.01583	0.01928	0.06131	0.10083	0.52155	0.01824	0.00860	0.00258	0.00424	0.16739	0.00647	0.00601
14	0.01362	0.00965	0.01145	0.01039	0.01305	0.00973	0.00798	0.02111	0.20120	0.08826	0.40434	0.04408	0.11139	0.01281	0.00782	0.00225	0.00415	0.01106	0.00750	0.00818
15	0.01637	0.09791	0.01748	0.01151	0.01720	0.01335	0.00944	0.04220	0.14891	0.04455	0.01580	0.01670	0.01258	0.00630	0.00558	0.00141	0.00560	0.00497	0.00480	0.50735
16	0.01044	0.00817	0.01211	0.01184	0.01298	0.00984	0.00930	0.01284	0.01117	0.01625	0.01785	0.02634	0.01671	0.04879	0.66485	0.01049	0.08263	0.00736	0.00368	0.00635
17	0.01264	0.01001	0.01789	0.01473	0.01720	0.01005	0.18905	0.01463	0.01248	0.01794	0.01662	0.02467	0.01491	0.07531	0.22406	0.19792	0.01096	0.00739	0.10532	0.00621
18	0.01001	0.00719	0.00887	0.00955	0.01061	0.00692	0.00711	0.01167	0.01391	0.01805	0.07072	0.13452	0.14898	0.27152	0.01814	0.00420	0.00565	0.23111	0.00575	0.00551
19	0.02068	0.02136	0.11183	0.01994	0.05048	0.14033	0.18014	0.11460	0.05898	0.11800	0.07757	0.02090	0.01667	0.00787	0.00725	0.00215	0.00916	0.00706	0.00519	0.00986
20	0.02062	0.01953	0.02162	0.02156	0.13542	0.17639	0.01522	0.08110	0.01647	0.09078	0.01271	0.01599	0.01050	0.00939	0.01352	0.00243	0.31761	0.00587	0.00415	0.00911
21	0.30142	0.02182	0.01677	0.01471	0.01816	0.28413	0.01165	0.08995	0.01675	0.02481	0.01073	0.01301	0.00880	0.00790	0.00844	0.00217	0.13178	0.00469	0.00410	0.00820
22	0.05290	0.01319	0.01373	0.03992	0.01600	0.07483	0.00911	0.09068	0.10504	0.19410	0.02184	0.02770	0.01802	0.20819	0.01429	0.00334	0.00675	0.00746	0.07432	0.00858
23	0.01404	0.03371	0.64760	0.01893	0.02882	0.01551	0.02402	0.02164	0.01471	0.02216	0.01251	0.01471	0.00899	0.00648	0.00648	0.00209	0.00979	0.00505	0.00307	0.08968
24	0.00999	0.00678	0.00848	0.00876	0.00960	0.00683	0.00602	0.01162	0.01303	0.01852	0.11298	0.19232	0.06097	0.24521	0.15788	0.00542	0.00754	0.01176	0.10070	0.00557
25	0.01618	0.37509	0.39875	0.01616	0.02444	0.02156	0.01929	0.02153	0.01447	0.01944	0.01120	0.01307	0.00889	0.00632	0.00562	0.00187	0.00898	0.00449	0.00296	0.00968
26	0.03131	0.01188	0.01619	0.01242	0.01781	0.01026	0.01026	0.03401	0.01997	0.71606	0.02753	0.02375	0.01727	0.00864	0.00702	0.00216	0.00594	0.00702	0.00864	0.01188
27	0.00836	0.00688	0.00735	0.00764	0.00960	0.00588	0.00557	0.01008	0.01557	0.01901	0.08925	0.19583	0.55820	0.01833	0.00837	0.00244	0.00362	0.01561	0.00653	0.00588
28	0.01866	0.75896	0.03657	0.01194	0.01791	0.02761	0.01194	0.02090	0.01418	0.01642	0.00970	0.01119	0.00896	0.00597	0.00448	0.00149	0.00746	0.00373	0.00299	0.00896
29	0.00849	0.00612	0.00805	0.00960	0.01009	0.00568	0.00642	0.00973	0.01348	0.01786	0.03992	0.71924	0.07617	0.02167	0.00888	0.00281	0.00403	0.01961	0.00648	0.00568
30	0.00850	0.00607	0.00810	0.00972	0.01012	0.00567	0.00648	0.00972	0.01336	0.01781	0.03846	0.75020	0.04615	0.02186	0.00891	0.00283	0.00405	0.01984	0.00648	0.00567
31	0.01333	0.01007	0.01183	0.01117	0.01313	0.01109	0.00854	0.09735	0.10175	0.02367	0.03139	0.22317	0.11322	0.01755	0.07259	0.00318	0.08018	0.01133	0.13794	0.00751
32	0.01400	0.03610	0.71860	0.01989	0.03020	0.01621	0.02578	0.02210	0.01473	0.02210	0.01252	0.01473	0.00884	0.00663	0.00663	0.00221	0.01031	0.00516	0.00295	0.01031
33	0.01258	0.00838	0.01066	0.00980	0.01201	0.00805	0.00754	0.01747	0.08808	0.08866	0.55299	0.04802	0.05606	0.01348	0.00806	0.00225	0.00387	0.03687	0.00766	0.00750
34	0.01626	0.38673	0.38777	0.01603	0.02424	0.02174	0.01907	0.02152	0.01446	0.01934	0.01115	0.01302	0.00890	0.00631	0.00559	0.00186	0.00893	0.00447	0.00297	0.00965
35	0.01341	0.01276	0.02269	0.40827	0.10001	0.01418	0.12909	0.01770	0.01467	0.01931	0.01789	0.10694	0.01659	0.00950	0.00764	0.00244	0.00877	0.06627	0.00388	0.00798
36	0.00971	0.00783	0.00900	0.00890	0.01138	0.00674	0.00697	0.01195	0.01575	0.02015	0.09081	0.12224	0.40002	0.01658	0.00818	0.00238	0.00431	0.13556	0.00624	0.10529
37	0.01642	0.09538	0.41352	0.02006	0.02834	0.10866	0.13550	0.02253	0.01562	0.02103	0.01232	0.01483	0.00925	0.00644	0.00659	0.00205	0.01032	0.00542	0.00320	0.05252
38	0.02369	0.11375	0.02177	0.01496	0.02016	0.02128	0.01245	0.49185	0.11510	0.03734	0.01755	0.01836	0.01323	0.03737	0.00779	0.00223	0.00734	0.00631	0.00637	0.01109
39	0.00857	0.00658	0.00786	0.00861	0.00990	0.00586	0.00605	0.01025	0.01509	0.01944	0.13159	0.40871	0.29769	0.01937	0.00858	0.00258	0.00376	0.01704	0.00662	0.00586
40	0.01331	0.01110	0.05490	0.12973	0.01979	0.01009	0.01104	0.01694	0.04098	0.07731	0.02698	0.21842	0.06145	0.01471	0.04058	0.00274	0.03155	0.06103	0.05362	0.10374
41	0.05503	0.17594	0.13842	0.09234	0.02397	0.04923	0.05549	0.07680	0.01700	0.14067	0.01646	0.06580	0.01324	0.00795	0.00637	0.00203	0.00796	0.00642	0.00469	0.04419
42	0.01207	0.01018	0.01560	0.01958	0.19908	0.01102	0.01173	0.01440	0.01277	0.01809	0.02098	0.18009	0.02199	0.10099	0.25294	0.00585	0.07114	0.00994	0.00424	0.00732
43	0.01037	0.00693	0.00853	0.00883	0.01012	0.00666	0.00635	0.01355	0.04290	0.02399	0.29404	0.29307	0.04664	0.01543	0.00769	0.00230	0.00364	0.01366	0.17888	0.00642

[dist]
# distance from previous block
# <min> <max>
0	3

[block]
# block no. 5 follows, 30 sequences, length 55
# corresponding to MSA columns:
# 499-553
name=unknown_F
#
# <colnr> <probs for GDERKNQSTAVLIFYWHMCP>
#	G	D	E	R	K	N	Q	S	T	A	V	L	I	F	Y	W	H	M	C	P
0	0.01962	0.60869	0.03292	0.01270	0.01841	0.10012	0.01198	0.05424	0.01570	0.01816	0.01030	0.01178	0.00917	0.00618	0.00483	0.00153	0.00790	0.00396	0.00330	0.04852
1	0.11852	0.11464	0.07307	0.01450	0.01884	0.01601	0.07117	0.07510	0.03077	0.11008	0.03836	0.02290	0.03567	0.01521	0.11328	0.00355	0.08170	0.03303	0.00482	0.00878
2	0.01970	0.20438	0.16170	0.01905	0.12089	0.15606	0.01574	0.04383	0.01727	0.08990	0.07445	0.01807	0.01517	0.00744	0.00627	0.00192	0.00863	0.00571	0.00426	0.00953
3	0.01765	0.09139	0.02194	0.01660	0.02034	0.17516	0.14356	0.11563	0.01832	0.02219	0.02142	0.26004	0.02210	0.01187	0.00747	0.00227	0.00836	0.01053	0.00497	0.00818
4	0.08030	0.00771	0.00895	0.00893	0.01068	0.00773	0.00684	0.01356	0.01522	0.02276	0.20970	0.04690	0.13469	0.09933	0.09404	0.00382	0.00609	0.09653	0.12000	0.00624
5	0.01656	0.02520	0.32356	0.01971	0.02724	0.01711	0.15020	0.09178	0.18445	0.02608	0.01714	0.01850	0.01258	0.00731	0.00705	0.00223	0.00901	0.00651	0.00451	0.03326
6	0.01318	0.01240	0.02093	0.73798	0.04806	0.01550	0.01938	0.01783	0.01395	0.01783	0.01240	0.01860	0.00930	0.00698	0.00698	0.00233	0.00930	0.00620	0.00310	0.00775
7	0.01168	0.00882	0.01023	0.00941	0.01173	0.00848	0.00716	0.10965	0.01994	0.02670	0.35975	0.11298	0.24678	0.01509	0.00811	0.00228	0.00407	0.01296	0.00712	0.00706
8	0.08442	0.01194	0.01279	0.01131	0.01459	0.01282	0.00885	0.12311	0.22537	0.02975	0.24389	0.03746	0.13211	0.01173	0.00736	0.00225	0.00485	0.00976	0.00693	0.00872
9	0.01634	0.01179	0.01314	0.01173	0.01491	0.04723	0.00885	0.12319	0.04171	0.10430	0.02709	0.34838	0.02787	0.01387	0.00748	0.00223	0.00555	0.01205	0.00624	0.15604
10	0.00997	0.00748	0.01121	0.01121	0.01246	0.00872	0.00872	0.01246	0.01121	0.01620	0.01869	0.02741	0.01745	0.05234	0.72710	0.01121	0.01869	0.00748	0.00374	0.00623
11	0.04842	0.00657	0.00819	0.00945	0.01026	0.00623	0.00645	0.01045	0.01378	0.01906	0.07222	0.62972	0.09285	0.02042	0.00860	0.00273	0.00404	0.01831	0.00643	0.00582
12	0.01452	0.01100	0.01703	0.01438	0.01746	0.01059	0.14159	0.10218	0.01781	0.08473	0.09118	0.33651	0.08156	0.01483	0.00825	0.00249	0.00610	0.01366	0.00626	0.00785
13	0.09367	0.01978	0.02316	0.01785	0.02330	0.12084	0.14502	0.31088	0.02406	0.12865	0.01626	0.01706	0.01157	0.00758	0.00690	0.00212	0.00875	0.00629	0.00581	0.01046
14	0.00882	0.00661	0.00825	0.00932	0.01043	0.00604	0.00670	0.01052	0.01471	0.01904	0.08763	0.45665	0.21861	0.02003	0.00877	0.00271	0.00413	0.08861	0.00655	0.00586
15	0.02635	0.01644	0.01861	0.01463	0.01987	0.01746	0.01197	0.37681	0.14597	0.24359	0.02204	0.02049	0.01515	0.00865	0.00701	0.00216	0.00678	0.00679	0.00750	0.01173
16	0.02045	0.02133	0.09130	0.01825	0.02257	0.20427	0.13446	0.04665	0.01693	0.12972	0.01656	0.06591	0.01397	0.04779	0.01091	0.00251	0.11576	0.00722	0.00458	0.00885
17	0.00998	0.00743	0.01096	0.01096	0.01211	0.00858	0.00840	0.01229	0.01114	0.01601	0.01893	0.02873	0.01802	0.10289	0.67733	0.01089	0.01783	0.00767	0.00377	0.00609
18	0.17281	0.01486	0.01675	0.01309	0.01835	0.01524	0.01081	0.26007	0.02296	0.35429	0.02046	0.01901	0.01358	0.00815	0.00650	0.00214	0.00645	0.00616	0.00726	0.01107
19	0.02715	0.01303	0.01609	0.01256	0.01760	0.01233	0.01030	0.18317	0.02243	0.46735	0.03073	0.02786	0.10736	0.00977	0.00717	0.00217	0.00603	0.00787	0.00797	0.01108
20	0.09189	0.01744	0.01822	0.01481	0.01972	0.01964	0.01200	0.40504	0.26020	0.03777	0.02014	0.01947	0.01474	0.00859	0.00679	0.00219	0.00674	0.00662	0.00679	0.01120
21	0.01726	0.01261	0.01381	0.01215	0.01533	0.05787	0.00927	0.10654	0.11586	0.11326	0.02347	0.14812	0.02160	0.09105	0.11710	0.00395	0.00810	0.00913	0.00583	0.09769
22	0.01585	0.10030	0.37006	0.01624	0.02356	0.05306	0.01808	0.08490	0.03762	0.02377	0.06410	0.04351	0.01528	0.00893	0.02437	0.00225	0.00878	0.00619	0.00409	0.07907
23	0.01400	0.03610	0.71860	0.01989	0.03020	0.01621	0.02578	0.02210	0.01473	0.02210	0.01252	0.01473	0.00884	0.00663	0.00663	0.00221	0.01031	0.00516	0.00295	0.01031
24	0.01636	0.01239	0.01725	0.01460	0.01743	0.01393	0.07732	0.08954	0.14036	0.07514	0.01891	0.02269	0.01535	0.02142	0.19399	0.07464	0.10699	0.00710	0.05624	0.00835
25	0.01719	0.11397	0.02010	0.08444	0.02090	0.14765	0.07851	0.03998	0.04985	0.05638	0.03306	0.08882	0.01709	0.01526	0.11095	0.00337	0.00969	0.00753	0.07719	0.00808
26	0.01644	0.01416	0.01996	0.27773	0.20855	0.07616	0.01625	0.01996	0.01563	0.08856	0.01899	0.11885	0.01740	0.00973	0.00733	0.00232	0.00811	0.05073	0.00445	0.00869
27	0.00938	0.00696	0.00903	0.00943	0.01070	0.00677	0.00695	0.01152	0.01493	0.02011	0.20174	0.22917	0.15823	0.06901	0.15191	0.00451	0.00700	0.06056	0.00609	0.00601
28	0.01029	0.00847	0.01367	0.08474	0.01757	0.00838	0.08733	0.01268	0.01417	0.01879	0.03283	0.49544	0.03750	0.01816	0.00874	0.00278	0.00581	0.11046	0.00579	0.00642
29	0.05506	0.07132	0.06723	0.07034	0.12209	0.01566	0.01390	0.10748	0.10337	0.02619	0.12989	0.03014	0.02397	0.01011	0.00798	0.00230	0.04506	0.08348	0.00532	0.00910
30	0.00947	0.00687	0.00894	0.00894	0.01031	0.00633	0.00651	0.01220	0.01803	0.02512	0.51794	0.22370	0.08699	0.01626	0.00840	0.00236	0.00349	0.01447	0.00734	0.00633
31	0.01954	0.01003	0.01216	0.01065	0.01414	0.00959	0.00856	0.02481	0.11857	0.28360	0.05818	0.03729	0.12208	0.01123	0.00709	0.00222	0.00495	0.07359	0.16262	0.00910
32	0.00971	0.00688	0.00910	0.00947	0.01003	0.00727	0.00646	0.01094	0.01128	0.01552	0.02445	0.19781	0.02703	0.32038	0.29420	0.00758	0.01072	0.01131	0.00455	0.00532
33	0.01780	0.26899	0.23191	0.01581	0.02210	0.06445	0.01633	0.07012	0.12976	0.02220	0.01417	0.01549	0.01120	0.00746	0.00723	0.00203	0.06397	0.00525	0.00398	0.00975
34	0.01125	0.00745	0.00873	0.00865	0.01083	0.00650	0.00648	0.01321	0.01621	0.10055	0.12060	0.21079	0.39495	0.01726	0.00830	0.00245	0.00401	0.03830	0.00685	0.00663
35	0.00877	0.00630	0.00849	0.00976	0.01036	0.00603	0.00669	0.01030	0.01381	0.01868	0.10313	0.61722	0.04558	0.02379	0.07213	0.00351	0.00526	0.01803	0.00636	0.00581
36	0.01103	0.00812	0.01148	0.01464	0.11215	0.00794	0.00930	0.01325	0.01421	0.01983	0.03129	0.35744	0.03477	0.07544	0.01040	0.00297	0.00530	0.15429	0.09956	0.00660
37	0.01814	0.09499	0.07777	0.17817	0.20032	0.04296	0.12948	0.10952	0.01781	0.04501	0.01358	0.01697	0.01046	0.00672	0.00686	0.00212	0.00914	0.00619	0.00394	0.00984
38	0.01736	0.01803	0.09028	0.01720	0.02102	0.11935	0.16373	0.02052	0.01488	0.08644	0.01636	0.02338	0.01418	0.15521	0.01488	0.00315	0.11519	0.00717	0.07366	0.00801
39	0.14032	0.04332	0.06924	0.07812	0.40504	0.01699	0.08364	0.04176	0.01558	0.02415	0.01260	0.01619	0.01016	0.00636	0.00654	0.00212	0.00832	0.00588	0.00364	0.01004
40	0.01479	0.01491	0.02810	0.28110	0.19602	0.01558	0.23520	0.01942	0.01517	0.02046	0.01543	0.08284	0.01338	0.00776	0.00754	0.00232	0.00940	0.00807	0.00362	0.00888
41	0.01430	0.01194	0.01610	0.01424	0.01515	0.01514	0.01133	0.08599	0.01296	0.01872	0.01393	0.02211	0.01344	0.09677	0.19768	0.09224	0.33045	0.00686	0.00376	0.00690
42	0.01488	0.00944	0.01124	0.01028	0.01231	0.00950	0.00740	0.07885	0.08853	0.11406	0.16054	0.15239	0.03394	0.24598	0.01651	0.00374	0.00549	0.01118	0.00641	0.00735
43	0.01595	0.21049	0.34901	0.01706	0.02433	0.01820	0.07707	0.06340	0.01518	0.02080	0.01218	0.01520	0.00965	0.00884	0.00898	0.10708	0.00899	0.00526	0.00328	0.00903
44	0.02843	0.01117	0.01515	0.01192	0.01674	0.00988	0.00977	0.03115	0.01894	0.61539	0.02653	0.02419	0.01733	0.01191	0.06143	0.00281	0.00672	0.00702	0.06246	0.01108
45	0.00999	0.00748	0.00925	0.00987	0.01129	0.00720	0.00743	0.01312	0.05716	0.02068	0.15134	0.25179	0.16728	0.08309	0.01107	0.00304	0.00470	0.16148	0.00650	0.00623
46	0.01581	0.01507	0.02374	0.47953	0.13958	0.04516	0.07761	0.08064	0.01642	0.02132	0.01299	0.01802	0.00989	0.00691	0.00705	0.00225	0.00936	0.00632	0.00357	0.00877
47	0.00912	0.00716	0.00828	0.00815	0.01017	0.00632	0.00622	0.01161	0.01751	0.02276	0.33197	0.06169	0.39911	0.01637	0.00833	0.00235	0.00362	0.05609	0.00697	0.00621
48	0.02758	0.01171	0.01544	0.01235	0.01704	0.01060	0.00997	0.08812	0.02015	0.55572	0.02816	0.12833	0.02098	0.01053	0.00729	0.00225	0.00582	0.00881	0.00818	0.01098
49	0.00861	0.00612	0.00807	0.00958	0.00996	0.00574	0.00633	0.00974	0.01315	0.01754	0.03739	0.70439	0.04480	0.06952	0.01064	0.00309	0.00423	0.01921	0.00633	0.00557
50	0.01499	0.01424	0.02439	0.28994	0.38332	0.01527	0.04604	0.01913	0.01499	0.02055	0.01514	0.08241	0.01350	0.00786	0.00716	0.00224	0.00842	0.00749	0.00360	0.00932
51	0.00889	0.00643	0.00850	0.01001	0.01072	0.00603	0.00711	0.01044	0.01393	0.01834	0.04033	0.60586	0.08833	0.02121	0.00897	0.00286	0.00437	0.11540	0.00647	0.00580
52	0.11189	0.30757	0.04700	0.01386	0.01895	0.27423	0.01203	0.02302	0.01597	0.01926	0.01048	0.01218	0.00895	0.00640	0.00525	0.00165	0.00890	0.00410	0.00348	0.09483
53	0.12270	0.31660	0.07214	0.11949	0.02435	0.16106	0.05491	0.02195	0.01512	0.01945	0.01076	0.01326	0.00892	0.00646	0.00555	0.00186	0.00892	0.00461	0.00333	0.00854
54	0.01643	0.01530	0.08473	0.21464	0.02983	0.01431	0.15172	0.05389	0.04044	0.11039	0.04013	0.02374	0.04217	0.03796	0.07082	0.00323	0.02940	0.00748	0.00459	0.00880

[dist]
# distance from previous block
# <min> <max>
2	31

[block]
# block no. 6 follows, 30 sequences, length 6
# corresponding to MSA columns:
# 593-598
name=unknown_G
#
# <colnr> <probs for GDERKNQSTAVLIFYWHMCP>
#	G	D	E	R	K	N	Q	S	T	A	V	L	I	F	Y	W	H	M	C	P
0	0.06535	0.01270	0.01339	0.09020	0.05823	0.09542	0.00999	0.06986	0.01823	0.02425	0.23260	0.08658	0.17147	0.01239	0.00748	0.00222	0.00593	0.01042	0.00585	0.00744
1	0.06648	0.12699	0.03866	0.08773	0.14908	0.01575	0.04774	0.02107	0.08812	0.06676	0.02330	0.07520	0.08187	0.00986	0.00745	0.00225	0.03324	0.04475	0.00477	0.00891
2	0.01912	0.08451	0.12303	0.01942	0.13378	0.01680	0.03759	0.21735	0.04304	0.07747	0.02308	0.06733	0.08828	0.00935	0.00700	0.00215	0.00742	0.00779	0.00538	0.01012
3	0.12926	0.09178	0.01496	0.01256	0.05500	0.05832	0.00920	0.05451	0.06342	0.02536	0.23914	0.12119	0.07538	0.01182	0.00700	0.00218	0.00544	0.00984	0.00587	0.00778
4	0.01560	0.13457	0.01596	0.01090	0.01412	0.01285	0.00880	0.13927	0.01932	0.08093	0.17384	0.18983	0.12979	0.01348	0.00743	0.00222	0.00521	0.01139	0.00642	0.00808
5	0.01711	0.06089	0.06767	0.01729	0.13443	0.05745	0.01210	0.09894	0.01713	0.08281	0.02275	0.09781	0.07288	0.11382	0.01084	0.00268	0.00702	0.00833	0.00500	0.09305

[dist]
# distance from previous block
# <min> <max>
1	5

[block]
# block no. 7 follows, 30 sequences, length 23
# corresponding to MSA columns:
# 604-626
name=unknown_H
#
# <colnr> <probs for GDERKNQSTAVLIFYWHMCP>
#	G	D	E	R	K	N	Q	S	T	A	V	L	I	F	Y	W	H	M	C	P
0	0.15506	0.09835	0.10976	0.01868	0.12829	0.03630	0.01452	0.18869	0.10004	0.02937	0.01472	0.01594	0.01128	0.00719	0.00611	0.00203	0.00745	0.00547	0.00483	0.04593
1	0.09066	0.38504	0.02520	0.01210	0.01705	0.14290	0.01065	0.02084	0.01497	0.01938	0.01230	0.04625	0.01121	0.00696	0.00510	0.00161	0.00745	0.00481	0.04791	0.11759
2	0.01548	0.01170	0.01511	0.01466	0.07864	0.01142	0.01044	0.05817	0.04683	0.08956	0.02536	0.16967	0.07099	0.01176	0.00883	0.00216	0.08461	0.04656	0.00546	0.22262
3	0.01864	0.01616	0.01441	0.01348	0.01620	0.19456	0.01024	0.13653	0.01930	0.09022	0.02634	0.30449	0.02726	0.01422	0.00777	0.00240	0.00727	0.06643	0.00603	0.00805
4	0.01088	0.00870	0.00997	0.00965	0.01198	0.00855	0.00749	0.01676	0.14725	0.02427	0.28454	0.05525	0.27843	0.01508	0.00817	0.00239	0.00414	0.08231	0.00702	0.00718
5	0.01202	0.00907	0.01411	0.15285	0.02021	0.00919	0.07377	0.01495	0.01524	0.05723	0.11837	0.29235	0.07081	0.01404	0.00781	0.00241	0.00569	0.01274	0.09015	0.00698
6	0.01660	0.01632	0.02910	0.13545	0.52776	0.01658	0.11306	0.02106	0.01571	0.02206	0.01316	0.01767	0.01075	0.00627	0.00710	0.00215	0.00891	0.00649	0.00342	0.01038
7	0.01647	0.01882	0.04118	0.02941	0.03647	0.01765	0.68588	0.02235	0.01647	0.02235	0.01412	0.01882	0.01059	0.00588	0.00824	0.00235	0.01176	0.00824	0.00353	0.00941
8	0.00882	0.00678	0.00813	0.00890	0.01033	0.00610	0.00652	0.01066	0.01526	0.01949	0.11232	0.33843	0.31508	0.01920	0.00866	0.00262	0.00403	0.08617	0.00658	0.00592
