[name]
unknown

[dist]
# distance from previous block
# <min> <max>
0	297

[block]
# block no. 0 follows, 25 sequences, length 37
# corresponding to MSA columns:
# 301-337
name=unknown_A
#
# <colnr> <probs for GDERKNQSTAVLIFYWHMCP>
#	G	D	E	R	K	N	Q	S	T	A	V	L	I	F	Y	W	H	M	C	P
0	0.01743	0.07382	0.14957	0.05365	0.07891	0.06182	0.06028	0.02205	0.01792	0.06916	0.08117	0.07609	0.02460	0.01123	0.00804	0.00246	0.00863	0.10060	0.00528	0.07732
1	0.13581	0.05254	0.18778	0.02824	0.26297	0.01794	0.04258	0.02560	0.04898	0.07607	0.01574	0.01818	0.01202	0.00738	0.00705	0.00232	0.00890	0.00625	0.00449	0.03917
2	0.01714	0.06260	0.17942	0.18461	0.09792	0.09678	0.05975	0.02318	0.04931	0.02261	0.04127	0.02405	0.05923	0.01080	0.03650	0.00282	0.01054	0.00743	0.00421	0.00981
3	0.01471	0.02311	0.25514	0.04821	0.07391	0.05145	0.07947	0.02021	0.01807	0.02455	0.14477	0.06434	0.12656	0.01147	0.00827	0.00249	0.00866	0.01001	0.00516	0.00944
4	0.17787	0.02050	0.02015	0.01921	0.09681	0.12488	0.01371	0.22317	0.02277	0.03305	0.01593	0.05531	0.01339	0.00911	0.00791	0.00228	0.04684	0.00669	0.00554	0.08491
5	0.07223	0.08836	0.02901	0.13820	0.42487	0.07193	0.02068	0.02363	0.01718	0.02398	0.01363	0.01789	0.01132	0.00711	0.00717	0.00227	0.00944	0.00630	0.00381	0.01098
6	0.02159	0.02303	0.02553	0.07578	0.22364	0.20834	0.01866	0.06356	0.01822	0.02275	0.01279	0.01717	0.01096	0.00933	0.01261	0.00255	0.21307	0.00635	0.00397	0.01008
7	0.12092	0.01907	0.02374	0.31737	0.21747	0.13009	0.01932	0.02317	0.01687	0.02321	0.01331	0.01807	0.01056	0.00748	0.00721	0.00238	0.01005	0.00622	0.00383	0.00967
8	0.01781	0.01719	0.02984	0.24110	0.46049	0.01814	0.05729	0.02268	0.01706	0.02368	0.01441	0.01972	0.01168	0.00714	0.00778	0.00240	0.00975	0.00703	0.00373	0.01110
9	0.01205	0.00987	0.01298	0.01287	0.01440	0.04709	0.00998	0.01478	0.01298	0.01805	0.02029	0.02956	0.01887	0.05542	0.65921	0.01189	0.02040	0.00813	0.00415	0.00704
10	0.01464	0.01378	0.02326	0.70887	0.05340	0.01723	0.02153	0.01981	0.01550	0.01981	0.01378	0.02067	0.01034	0.00775	0.00775	0.00258	0.01034	0.00689	0.00345	0.00861
11	0.01764	0.01684	0.02867	0.27273	0.46610	0.01802	0.02303	0.02244	0.01692	0.02345	0.01431	0.01969	0.01162	0.00720	0.00770	0.00240	0.00959	0.00690	0.00370	0.01103
12	0.01987	0.61788	0.14743	0.01473	0.02216	0.02859	0.01581	0.02344	0.01586	0.01928	0.01130	0.01309	0.00993	0.00675	0.00537	0.00179	0.00881	0.00441	0.00331	0.01020
13	0.01919	0.01842	0.03147	0.04759	0.67914	0.01842	0.02380	0.02380	0.01765	0.02533	0.01458	0.01919	0.01228	0.00691	0.00768	0.00230	0.00921	0.00691	0.00384	0.01228
14	0.01608	0.01378	0.01608	0.01148	0.01837	0.01034	0.00919	0.01952	0.01608	0.02527	0.01378	0.01608	0.01148	0.00574	0.00574	0.00115	0.00574	0.00459	0.00459	0.77491
15	0.01347	0.00673	0.01010	0.01010	0.01010	0.00673	0.00673	0.01010	0.01010	0.01347	0.01347	0.02357	0.01347	0.02694	0.03030	0.77441	0.00673	0.00673	0.00337	0.00337
16	0.02073	0.73217	0.04063	0.01327	0.01990	0.03068	0.01327	0.02322	0.01575	0.01824	0.01078	0.01244	0.00995	0.00663	0.00498	0.00166	0.00829	0.00415	0.00332	0.00995
17	0.02293	0.22026	0.02547	0.01634	0.02136	0.20519	0.01343	0.07190	0.27282	0.02592	0.01973	0.01969	0.01553	0.00869	0.00683	0.00217	0.00900	0.00636	0.00557	0.01080
18	0.01819	0.39240	0.35813	0.01760	0.02661	0.02446	0.02082	0.02387	0.01606	0.02134	0.01232	0.01437	0.00989	0.00699	0.00615	0.00205	0.00985	0.00492	0.00330	0.01069
19	0.02224	0.34579	0.02906	0.01564	0.02095	0.18539	0.01337	0.03062	0.21793	0.02280	0.01749	0.01790	0.01420	0.00816	0.00636	0.00204	0.00898	0.00578	0.00489	0.01044
20	0.00976	0.00788	0.00868	0.00848	0.01084	0.00680	0.00636	0.01228	0.01908	0.02428	0.27428	0.06914	0.47818	0.01839	0.00916	0.00256	0.00384	0.01560	0.00764	0.00680
21	0.02118	0.69374	0.03960	0.01364	0.02013	0.06748	0.01336	0.02365	0.01610	0.01828	0.01085	0.01252	0.00995	0.00671	0.00509	0.00168	0.00861	0.00419	0.00335	0.00990
22	0.01718	0.01711	0.02450	0.02301	0.08444	0.02323	0.01763	0.01916	0.01244	0.01931	0.01061	0.01718	0.01038	0.01292	0.02372	0.00329	0.64483	0.00680	0.00344	0.00885
23	0.01347	0.00673	0.01010	0.01010	0.01010	0.00673	0.00673	0.01010	0.01010	0.01347	0.01347	0.02357	0.01347	0.02694	0.03030	0.77441	0.00673	0.00673	0.00337	0.00337
24	0.02022	0.02458	0.12626	0.03942	0.47931	0.12704	0.02310	0.02506	0.01816	0.02420	0.01407	0.01794	0.01155	0.00715	0.00752	0.00228	0.01031	0.00643	0.00378	0.01163
25	0.00993	0.00781	0.00896	0.00882	0.01098	0.00685	0.00656	0.01255	0.01925	0.02505	0.32173	0.10842	0.38873	0.01837	0.00920	0.00258	0.00385	0.01576	0.00775	0.00685
26	0.01637	0.06066	0.42781	0.02257	0.09303	0.01709	0.05441	0.02341	0.01651	0.02452	0.01391	0.01665	0.01050	0.00692	0.00705	0.00215	0.01002	0.00572	0.00363	0.16706
27	0.01787	0.06435	0.11333	0.05620	0.25194	0.01631	0.01789	0.04798	0.01746	0.02548	0.01409	0.01727	0.01146	0.00665	0.00675	0.00187	0.00819	0.00572	0.00415	0.29502
28	0.01090	0.00736	0.00857	0.00893	0.00903	0.00727	0.00521	0.01118	0.01200	0.01600	0.02816	0.18767	0.03290	0.58415	0.03344	0.00663	0.00690	0.01347	0.00521	0.00502
29	0.01881	0.01646	0.02040	0.02291	0.18170	0.01788	0.01458	0.03428	0.42885	0.03000	0.02578	0.02557	0.01979	0.00921	0.00757	0.00240	0.00675	0.00793	0.03986	0.06927
30	0.01678	0.02070	0.16425	0.10542	0.09340	0.01485	0.06477	0.04592	0.01718	0.02532	0.01422	0.01748	0.01115	0.00665	0.00686	0.00188	0.00853	0.00578	0.00417	0.35468
31	0.01555	0.04011	0.68733	0.02210	0.03356	0.01801	0.02865	0.02455	0.01637	0.02455	0.01391	0.01637	0.00982	0.00737	0.00737	0.00246	0.01146	0.00573	0.00327	0.01146
32	0.01924	0.53974	0.08459	0.01482	0.02059	0.02749	0.01468	0.02212	0.01507	0.01875	0.01156	0.01447	0.01056	0.01085	0.05133	0.00263	0.10358	0.00488	0.00338	0.00968
33	0.02896	0.03695	0.02197	0.01998	0.02397	0.69638	0.01498	0.03096	0.02197	0.01898	0.01199	0.01398	0.00999	0.00799	0.00699	0.00200	0.01398	0.00499	0.00400	0.00899
34	0.01662	0.01877	0.12066	0.02399	0.22078	0.01374	0.01643	0.02114	0.01654	0.02491	0.01548	0.05208	0.01345	0.00726	0.00678	0.00179	0.00759	0.00633	0.00430	0.39137
35	0.15816	0.01770	0.01928	0.01610	0.01920	0.08445	0.01314	0.02084	0.01421	0.02340	0.01142	0.01564	0.01018	0.00978	0.01463	0.00248	0.32779	0.00556	0.00403	0.21200
36	0.43751	0.01623	0.01603	0.01339	0.01774	0.01876	0.01104	0.11582	0.01676	0.03276	0.01220	0.01472	0.00980	0.00854	0.00922	0.00243	0.13883	0.00514	0.00495	0.09814

[dist]
# distance from previous block
# <min> <max>
0	1

[block]
# block no. 1 follows, 25 sequences, length 20
# corresponding to MSA columns:
# 339-358
name=unknown_B
#
# <colnr> <probs for GDERKNQSTAVLIFYWHMCP>
#	G	D	E	R	K	N	Q	S	T	A	V	L	I	F	Y	W	H	M	C	P
0	0.01046	0.00735	0.00951	0.01075	0.01138	0.00707	0.00747	0.01197	0.01484	0.01978	0.07003	0.42460	0.04578	0.19143	0.01706	0.00423	0.00561	0.11792	0.00666	0.00610
1	0.01103	0.00728	0.00970	0.01078	0.01175	0.00673	0.00744	0.01285	0.01641	0.05658	0.14667	0.57598	0.05321	0.02212	0.00966	0.00299	0.00447	0.01997	0.00754	0.00683
2	0.01555	0.04011	0.68733	0.02210	0.03356	0.01801	0.02865	0.02455	0.01637	0.02455	0.01391	0.01637	0.00982	0.00737	0.00737	0.00246	0.01146	0.00573	0.00327	0.01146
3	0.01555	0.04011	0.68733	0.02210	0.03356	0.01801	0.02865	0.02455	0.01637	0.02455	0.01391	0.01637	0.00982	0.00737	0.00737	0.00246	0.01146	0.00573	0.00327	0.01146
4	0.02947	0.02172	0.02327	0.01784	0.02404	0.02404	0.01474	0.65329	0.03646	0.04887	0.01862	0.01862	0.01319	0.00931	0.00776	0.00233	0.00853	0.00698	0.00776	0.01319
5	0.02742	0.02359	0.09715	0.01979	0.05764	0.02310	0.01673	0.55245	0.03330	0.04501	0.01790	0.01840	0.01277	0.00897	0.00771	0.00234	0.00889	0.00684	0.00707	0.01295
6	0.01128	0.00752	0.00846	0.00846	0.00846	0.00752	0.00470	0.01128	0.01128	0.01503	0.02443	0.05074	0.02819	0.72751	0.03946	0.00752	0.00752	0.01128	0.00470	0.00470
7	0.02593	0.01455	0.02051	0.07924	0.14490	0.01425	0.01440	0.11066	0.02260	0.32479	0.12041	0.02823	0.02439	0.00983	0.00797	0.00239	0.00722	0.00837	0.00760	0.01176
8	0.01278	0.00959	0.01067	0.01008	0.01264	0.00957	0.00765	0.01975	0.15263	0.02832	0.27797	0.05162	0.21401	0.01464	0.00828	0.00242	0.00423	0.01245	0.13258	0.00812
9	0.00978	0.00699	0.00938	0.01118	0.01178	0.00659	0.00778	0.01138	0.01518	0.02017	0.04255	0.65219	0.05055	0.02397	0.00999	0.00320	0.00479	0.08897	0.00719	0.00639
10	0.01128	0.00752	0.00846	0.00846	0.00846	0.00752	0.00470	0.01128	0.01128	0.01503	0.02443	0.05074	0.02819	0.72751	0.03946	0.00752	0.00752	0.01128	0.00470	0.00470
11	0.01608	0.01378	0.01608	0.01148	0.01837	0.01034	0.00919	0.01952	0.01608	0.02527	0.01378	0.01608	0.01148	0.00574	0.00574	0.00115	0.00574	0.00459	0.00459	0.77491
12	0.01900	0.01896	0.03453	0.04440	0.54252	0.01868	0.15797	0.02402	0.01779	0.02523	0.01482	0.01956	0.01217	0.00683	0.00799	0.00237	0.01004	0.00739	0.00386	0.01189
13	0.01108	0.00831	0.01246	0.01246	0.01385	0.00969	0.00969	0.01385	0.01246	0.01800	0.02077	0.03046	0.01938	0.05815	0.69678	0.01246	0.02077	0.00831	0.00415	0.00692
14	0.01464	0.01378	0.02326	0.70887	0.05340	0.01723	0.02153	0.01981	0.01550	0.01981	0.01378	0.02067	0.01034	0.00775	0.00775	0.00258	0.01034	0.00689	0.00345	0.00861
15	0.01555	0.04011	0.68733	0.02210	0.03356	0.01801	0.02865	0.02455	0.01637	0.02455	0.01391	0.01637	0.00982	0.00737	0.00737	0.00246	0.01146	0.00573	0.00327	0.01146
16	0.01919	0.01842	0.03147	0.04759	0.67914	0.01842	0.02380	0.02380	0.01765	0.02533	0.01458	0.01919	0.01228	0.00691	0.00768	0.00230	0.00921	0.00691	0.00384	0.01228
17	0.01108	0.00831	0.01246	0.01246	0.01385	0.00969	0.00969	0.01385	0.01246	0.01800	0.02077	0.03046	0.01938	0.05815	0.69678	0.01246	0.02077	0.00831	0.00415	0.00692
18	0.00937	0.00703	0.00870	0.01004	0.01105	0.00636	0.00686	0.01088	0.01557	0.02009	0.05190	0.55665	0.21116	0.02310	0.00971	0.00301	0.00435	0.02059	0.00720	0.00636
19	0.01793	0.01904	0.03806	0.15021	0.21770	0.01888	0.37350	0.02371	0.01765	0.02413	0.01506	0.02040	0.01167	0.00684	0.00851	0.00252	0.01155	0.00816	0.00382	0.01065

[dist]
# distance from previous block
# <min> <max>
0	8

[block]
# block no. 2 follows, 25 sequences, length 58
# corresponding to MSA columns:
# 367-424
name=unknown_C
#
# <colnr> <probs for GDERKNQSTAVLIFYWHMCP>
#	G	D	E	R	K	N	Q	S	T	A	V	L	I	F	Y	W	H	M	C	P
0	0.01998	0.01011	0.01240	0.01076	0.01392	0.00950	0.00821	0.02411	0.06629	0.24282	0.16620	0.04015	0.07239	0.11742	0.01241	0.00309	0.00538	0.01010	0.14558	0.00916
1	0.01129	0.00742	0.01001	0.01147	0.01243	0.00697	0.00821	0.01305	0.01569	0.05675	0.04182	0.59057	0.04854	0.02306	0.00990	0.00317	0.00500	0.11053	0.00732	0.00680
2	0.18756	0.01918	0.02075	0.02114	0.14188	0.10929	0.01439	0.11218	0.02057	0.20081	0.01782	0.01872	0.01291	0.00863	0.00832	0.00239	0.05999	0.00631	0.00606	0.01109
3	0.05087	0.02993	0.24580	0.02289	0.03063	0.18291	0.18707	0.02779	0.01886	0.10659	0.01589	0.01811	0.01150	0.00757	0.00770	0.00238	0.01168	0.00666	0.00447	0.01069
4	0.01479	0.01360	0.01893	0.01681	0.01712	0.01816	0.01350	0.01648	0.01192	0.01797	0.01469	0.02501	0.01493	0.12905	0.17999	0.00606	0.45187	0.00779	0.00376	0.00757
5	0.01509	0.01403	0.01878	0.11799	0.02178	0.04764	0.03995	0.01688	0.01293	0.01774	0.01639	0.03025	0.01704	0.28076	0.02656	0.00473	0.28183	0.00851	0.00394	0.00719
6	0.00955	0.00764	0.00855	0.00882	0.01084	0.00663	0.00642	0.01170	0.01787	0.02256	0.18025	0.20677	0.43528	0.01992	0.00931	0.00270	0.00400	0.01712	0.00744	0.00663
7	0.01910	0.02266	0.12723	0.07258	0.51070	0.06405	0.02381	0.02421	0.01766	0.02453	0.01427	0.01849	0.01167	0.00709	0.00759	0.00232	0.00992	0.00660	0.00375	0.01177
8	0.01705	0.00850	0.00994	0.00907	0.01128	0.00807	0.00666	0.01980	0.01716	0.14792	0.12198	0.03728	0.02935	0.16004	0.01351	0.00320	0.00499	0.00918	0.35719	0.00782
9	0.01683	0.08387	0.51632	0.02207	0.03175	0.05081	0.07275	0.02435	0.01641	0.02346	0.01347	0.01638	0.01001	0.00773	0.00863	0.00246	0.06247	0.00592	0.00337	0.01095
10	0.00959	0.00704	0.00904	0.01058	0.01143	0.00649	0.00733	0.01117	0.01545	0.02017	0.04791	0.58808	0.14301	0.02343	0.00984	0.00310	0.00458	0.05819	0.00719	0.00639
11	0.02306	0.53504	0.03534	0.01517	0.02105	0.21944	0.01375	0.02541	0.01752	0.01845	0.01112	0.01288	0.00996	0.00702	0.00555	0.00175	0.00991	0.00439	0.00351	0.00968
12	0.00945	0.00675	0.00900	0.01080	0.01125	0.00630	0.00720	0.01080	0.01484	0.01979	0.04274	0.72245	0.05128	0.02429	0.00990	0.00315	0.00450	0.02204	0.00720	0.00630
13	0.01380	0.00853	0.01063	0.00998	0.01245	0.00757	0.00752	0.01659	0.01988	0.12327	0.33475	0.14681	0.22443	0.01708	0.00905	0.00258	0.00428	0.01481	0.00815	0.00784
14	0.01555	0.04011	0.68733	0.02210	0.03356	0.01801	0.02865	0.02455	0.01637	0.02455	0.01391	0.01637	0.00982	0.00737	0.00737	0.00246	0.01146	0.00573	0.00327	0.01146
15	0.78228	0.01499	0.01140	0.01020	0.01499	0.01739	0.00840	0.02279	0.01320	0.03479	0.01080	0.01260	0.00840	0.00720	0.00480	0.00240	0.00600	0.00420	0.00480	0.00840
16	0.02413	0.01817	0.02017	0.01641	0.02134	0.02035	0.01332	0.42956	0.12422	0.04000	0.02097	0.02261	0.01603	0.01968	0.15153	0.00449	0.01073	0.00752	0.00702	0.01174
17	0.01180	0.00862	0.01152	0.01270	0.01461	0.00835	0.01079	0.01515	0.01843	0.02405	0.13995	0.08127	0.13869	0.02034	0.01026	0.00327	0.00617	0.44960	0.00735	0.00708
18	0.02104	0.01610	0.01901	0.01946	0.11640	0.01765	0.01332	0.11866	0.35334	0.07653	0.02638	0.02591	0.01975	0.00956	0.00750	0.00241	0.00661	0.00798	0.11062	0.01178
19	0.01097	0.00793	0.01036	0.00975	0.01158	0.00732	0.00732	0.01463	0.02195	0.03109	0.67505	0.05792	0.07316	0.01585	0.00914	0.00244	0.00366	0.01402	0.00854	0.00732
20	0.01677	0.01400	0.01966	0.26168	0.10294	0.01564	0.01559	0.14989	0.01983	0.02618	0.02590	0.05467	0.10374	0.05701	0.07953	0.00381	0.00966	0.00911	0.00517	0.00922
21	0.02071	0.01965	0.01819	0.01640	0.02072	0.11920	0.01267	0.03969	0.57022	0.03045	0.02867	0.02672	0.02165	0.01015	0.00776	0.00254	0.00729	0.00821	0.00731	0.01179
22	0.02012	0.01707	0.01800	0.01595	0.02048	0.01967	0.01247	0.09121	0.61376	0.03378	0.03050	0.02809	0.02281	0.01042	0.00788	0.00261	0.00633	0.00862	0.00788	0.01235
23	0.16111	0.04242	0.02672	0.07498	0.43208	0.04185	0.01956	0.06548	0.01804	0.02787	0.01389	0.01761	0.01135	0.00720	0.00704	0.00231	0.00877	0.00625	0.00424	0.01122
24	0.01901	0.01824	0.03115	0.07328	0.65483	0.01838	0.02371	0.02364	0.01757	0.02512	0.01455	0.01925	0.01221	0.00694	0.00768	0.00231	0.00925	0.00691	0.00382	0.01214
25	0.01891	0.01623	0.01726	0.01570	0.01994	0.01872	0.01228	0.03982	0.62963	0.03193	0.03208	0.03214	0.02482	0.01112	0.00804	0.00268	0.00619	0.04267	0.00785	0.01199
26	0.01239	0.00717	0.00958	0.00958	0.00968	0.00727	0.00609	0.01085	0.01076	0.01444	0.01855	0.03537	0.02002	0.32097	0.08093	0.40142	0.00805	0.00874	0.00398	0.00417
27	0.02073	0.73217	0.04063	0.01327	0.01990	0.03068	0.01327	0.02322	0.01575	0.01824	0.01078	0.01244	0.00995	0.00663	0.00498	0.00166	0.00829	0.00415	0.00332	0.00995
28	0.01608	0.01378	0.01608	0.01148	0.01837	0.01034	0.00919	0.01952	0.01608	0.02527	0.01378	0.01608	0.01148	0.00574	0.00574	0.00115	0.00574	0.00459	0.00459	0.77491
29	0.01113	0.00811	0.01148	0.01148	0.01252	0.00916	0.00846	0.01321	0.01217	0.01727	0.02167	0.03545	0.02155	0.22286	0.53504	0.01124	0.01751	0.00904	0.00429	0.00638
30	0.01435	0.00894	0.00991	0.00906	0.01236	0.00753	0.00701	0.01652	0.01859	0.15526	0.06884	0.06486	0.54305	0.01760	0.00889	0.00257	0.00447	0.01463	0.00769	0.00789
31	0.00916	0.00785	0.00785	0.00785	0.01047	0.00655	0.00589	0.01113	0.01767	0.02095	0.07855	0.07462	0.67599	0.01964	0.00916	0.00262	0.00393	0.01636	0.00720	0.00655
32	0.00916	0.00785	0.00785	0.00785	0.01047	0.00655	0.00589	0.01113	0.01767	0.02095	0.07855	0.07462	0.67599	0.01964	0.00916	0.00262	0.00393	0.01636	0.00720	0.00655
33	0.01835	0.01756	0.02995	0.16988	0.56342	0.01820	0.02338	0.02306	0.01726	0.02431	0.01444	0.01946	0.01192	0.00706	0.00769	0.00235	0.00942	0.00691	0.00377	0.01160
34	0.18949	0.01328	0.01620	0.01282	0.01834	0.01242	0.01055	0.03339	0.02030	0.51307	0.06180	0.02524	0.01990	0.00944	0.00725	0.00240	0.00631	0.00739	0.00854	0.01187
35	0.01464	0.01378	0.02326	0.70887	0.05340	0.01723	0.02153	0.01981	0.01550	0.01981	0.01378	0.02067	0.01034	0.00775	0.00775	0.00258	0.01034	0.00689	0.00345	0.00861
36	0.02073	0.73217	0.04063	0.01327	0.01990	0.03068	0.01327	0.02322	0.01575	0.01824	0.01078	0.01244	0.00995	0.00663	0.00498	0.00166	0.00829	0.00415	0.00332	0.00995
37	0.01171	0.00836	0.01159	0.01338	0.01482	0.00825	0.01113	0.01471	0.01708	0.02233	0.04149	0.25107	0.04634	0.02216	0.01050	0.00346	0.00646	0.47109	0.00715	0.00692
38	0.00935	0.00763	0.00828	0.00861	0.01072	0.00655	0.00627	0.01131	0.01739	0.02144	0.11450	0.20861	0.50172	0.02033	0.00932	0.00272	0.00403	0.01738	0.00730	0.00655
39	0.02052	0.01860	0.02906	0.06943	0.51557	0.01925	0.02166	0.11753	0.05992	0.02900	0.01618	0.01976	0.01303	0.00752	0.00770	0.00234	0.00897	0.00703	0.00465	0.01226
40	0.00945	0.00675	0.00900	0.01080	0.01125	0.00630	0.00720	0.01080	0.01484	0.01979	0.04274	0.72245	0.05128	0.02429	0.00990	0.00315	0.00450	0.02204	0.00720	0.00630
41	0.00966	0.00696	0.00916	0.01054	0.01127	0.00646	0.00717	0.01137	0.01599	0.02150	0.13730	0.60165	0.07643	0.02288	0.00976	0.00303	0.00435	0.02066	0.00739	0.00646
42	0.03214	0.01744	0.02062	0.01581	0.02191	0.01770	0.01306	0.34462	0.02930	0.36763	0.02462	0.02251	0.01620	0.00945	0.00778	0.00236	0.00756	0.00739	0.00868	0.01319
43	0.01464	0.01378	0.02326	0.70887	0.05340	0.01723	0.02153	0.01981	0.01550	0.01981	0.01378	0.02067	0.01034	0.00775	0.00775	0.00258	0.01034	0.00689	0.00345	0.00861
44	0.02947	0.02172	0.02327	0.01784	0.02404	0.02404	0.01474	0.65329	0.03646	0.04887	0.01862	0.01862	0.01319	0.00931	0.00776	0.00233	0.00853	0.00698	0.00776	0.01319
45	0.01097	0.00793	0.01036	0.00975	0.01158	0.00732	0.00732	0.01463	0.02195	0.03109	0.67505	0.05792	0.07316	0.01585	0.00914	0.00244	0.00366	0.01402	0.00854	0.00732
46	0.01608	0.01378	0.01608	0.01148	0.01837	0.01034	0.00919	0.01952	0.01608	0.02527	0.01378	0.01608	0.01148	0.00574	0.00574	0.00115	0.00574	0.00459	0.00459	0.77491
47	0.01089	0.00751	0.00841	0.00852	0.00889	0.00732	0.00501	0.01123	0.01233	0.01610	0.03262	0.09493	0.11421	0.59205	0.03370	0.00661	0.00686	0.01260	0.00518	0.00504
48	0.02121	0.01591	0.01847	0.01497	0.01909	0.05682	0.01209	0.09287	0.04424	0.14377	0.11464	0.02491	0.02222	0.01035	0.01132	0.00229	0.16209	0.00748	0.00623	0.19905
49	0.01800	0.02004	0.04086	0.02994	0.03604	0.02053	0.50997	0.02346	0.01687	0.02346	0.01446	0.02004	0.01141	0.00810	0.01277	0.00279	0.16882	0.00862	0.00380	0.01002
50	0.03479	0.01320	0.01799	0.01380	0.01979	0.01140	0.01140	0.03779	0.02219	0.68451	0.03059	0.02639	0.01919	0.00960	0.00780	0.00240	0.00660	0.00780	0.00960	0.01320
51	0.01646	0.01524	0.02537	0.21727	0.38851	0.01605	0.02014	0.02104	0.01787	0.02492	0.13651	0.02675	0.02302	0.00879	0.00797	0.00240	0.00848	0.00822	0.00460	0.01038
52	0.01695	0.01613	0.02742	0.37361	0.37064	0.01783	0.02268	0.02183	0.01659	0.02261	0.01419	0.01992	0.01132	0.00732	0.00771	0.00244	0.00977	0.00690	0.00364	0.01047
53	0.00993	0.00788	0.00892	0.00866	0.01094	0.00687	0.00649	0.01261	0.01948	0.02524	0.33071	0.06756	0.42116	0.01804	0.00916	0.00254	0.00381	0.01537	0.00776	0.00687
54	0.00990	0.00707	0.00951	0.01131	0.01196	0.00669	0.00798	0.01157	0.01529	0.02030	0.04249	0.62874	0.05030	0.02387	0.01002	0.00321	0.00489	0.11131	0.00719	0.00642
55	0.15956	0.27019	0.27349	0.01624	0.02390	0.05889	0.01791	0.02349	0.01581	0.02376	0.01349	0.04688	0.01153	0.00790	0.00617	0.00218	0.00918	0.00562	0.00379	0.01000
56	0.04794	0.60191	0.10647	0.01405	0.02090	0.02796	0.01455	0.02294	0.01558	0.01951	0.01154	0.01363	0.01028	0.00893	0.03470	0.00223	0.00907	0.00449	0.00340	0.00992
57	0.51147	0.06579	0.11444	0.01358	0.01936	0.11849	0.01265	0.02428	0.01512	0.02993	0.01143	0.01335	0.00894	0.00730	0.00551	0.00230	0.00812	0.00454	0.00436	0.00903

[dist]
# distance from previous block
# <min> <max>
0	5

[block]
# block no. 3 follows, 25 sequences, length 10
# corresponding to MSA columns:
# 430-432,434-440
name=unknown_D
#
# <colnr> <probs for GDERKNQSTAVLIFYWHMCP>
#	G	D	E	R	K	N	Q	S	T	A	V	L	I	F	Y	W	H	M	C	P
0	0.01333	0.01064	0.01236	0.01216	0.01466	0.01108	0.00930	0.02225	0.22750	0.02736	0.20899	0.17432	0.12372	0.01674	0.00905	0.00278	0.00503	0.08234	0.00777	0.00862
1	0.15098	0.00898	0.00954	0.00932	0.01038	0.00961	0.00606	0.01372	0.01179	0.01902	0.02145	0.04103	0.02339	0.50472	0.12376	0.00727	0.00907	0.00958	0.00464	0.00568
2	0.01504	0.00838	0.00849	0.00827	0.01039	0.00870	0.00626	0.02089	0.09558	0.02934	0.02606	0.02891	0.02034	0.00922	0.00572	0.00191	0.00392	0.00741	0.67732	0.00784
3	0.02073	0.73217	0.04063	0.01327	0.01990	0.03068	0.01327	0.02322	0.01575	0.01824	0.01078	0.01244	0.00995	0.00663	0.00498	0.00166	0.00829	0.00415	0.00332	0.00995
4	0.00944	0.00787	0.00823	0.00814	0.01064	0.00666	0.00610	0.01165	0.01831	0.02247	0.16810	0.07211	0.58549	0.01907	0.00916	0.00259	0.00389	0.01601	0.00740	0.00666
5	0.00952	0.00787	0.00835	0.00823	0.01069	0.00670	0.00617	0.01182	0.01852	0.02296	0.19714	0.07130	0.55615	0.01888	0.00916	0.00258	0.00387	0.01590	0.00747	0.00670
6	0.01851	0.01773	0.03024	0.14687	0.58520	0.01824	0.02346	0.02320	0.01733	0.02450	0.01446	0.01941	0.01199	0.00704	0.00769	0.00235	0.00938	0.00691	0.00378	0.01173
7	0.00916	0.00785	0.00785	0.00785	0.01047	0.00655	0.00589	0.01113	0.01767	0.02095	0.07855	0.07462	0.67599	0.01964	0.00916	0.00262	0.00393	0.01636	0.00720	0.00655
8	0.46630	0.01968	0.01622	0.01366	0.01878	0.10238	0.01109	0.21130	0.02119	0.03704	0.01327	0.01456	0.01002	0.00792	0.00595	0.00233	0.00773	0.00512	0.00558	0.00989
9	0.57608	0.01550	0.01418	0.01253	0.01642	0.01871	0.01029	0.02367	0.07062	0.03166	0.01252	0.01483	0.01007	0.00865	0.00881	0.00260	0.13420	0.00507	0.00482	0.00876

[dist]
# distance from previous block
# <min> <max>
0	2

[block]
# block no. 4 follows, 25 sequences, length 85
# corresponding to MSA columns:
# 443-483,488-508,512-534
name=unknown_E
#
# <colnr> <probs for GDERKNQSTAVLIFYWHMCP>
#	G	D	E	R	K	N	Q	S	T	A	V	L	I	F	Y	W	H	M	C	P
0	0.01565	0.01540	0.02317	0.66062	0.05134	0.06480	0.02107	0.02059	0.01596	0.01975	0.01366	0.02020	0.01031	0.00777	0.00770	0.00254	0.01059	0.00676	0.00348	0.00864
1	0.02848	0.03604	0.02244	0.02133	0.05617	0.66305	0.01541	0.03061	0.02176	0.01929	0.01211	0.01424	0.01010	0.00794	0.00702	0.00201	0.01375	0.00509	0.00399	0.00915
2	0.01845	0.01766	0.03013	0.15563	0.57691	0.01823	0.02343	0.02314	0.01730	0.02443	0.01445	0.01943	0.01196	0.00705	0.00769	0.00235	0.00940	0.00691	0.00377	0.01168
3	0.02170	0.17065	0.33447	0.01893	0.02725	0.14087	0.02065	0.07070	0.01919	0.08520	0.01484	0.01627	0.01098	0.00768	0.00690	0.00220	0.01063	0.00557	0.00431	0.01101
4	0.01855	0.01776	0.03031	0.14139	0.59039	0.01825	0.02347	0.02323	0.01735	0.02455	0.01447	0.01940	0.01201	0.00703	0.00769	0.00234	0.00937	0.00691	0.00378	0.01176
5	0.01144	0.00770	0.00899	0.00923	0.00946	0.00770	0.00573	0.01191	0.01215	0.01612	0.02663	0.05560	0.03036	0.63403	0.03566	0.00699	0.00747	0.09278	0.00502	0.00502
6	0.01011	0.00789	0.00917	0.00885	0.01105	0.00695	0.00664	0.01296	0.01991	0.02626	0.39103	0.06587	0.36020	0.01765	0.00915	0.00252	0.00379	0.01514	0.00790	0.00695
7	0.02010	0.02014	0.03059	0.04503	0.61842	0.08126	0.02298	0.02446	0.01806	0.02474	0.01434	0.01871	0.01207	0.00701	0.00761	0.00227	0.00965	0.00673	0.00385	0.01198
8	0.01464	0.01378	0.02326	0.70887	0.05340	0.01723	0.02153	0.01981	0.01550	0.01981	0.01378	0.02067	0.01034	0.00775	0.00775	0.00258	0.01034	0.00689	0.00345	0.00861
9	0.01464	0.01378	0.02326	0.70887	0.05340	0.01723	0.02153	0.01981	0.01550	0.01981	0.01378	0.02067	0.01034	0.00775	0.00775	0.00258	0.01034	0.00689	0.00345	0.00861
10	0.01830	0.02092	0.04575	0.03268	0.04052	0.01961	0.65098	0.02484	0.01830	0.02484	0.01569	0.02092	0.01176	0.00654	0.00915	0.00261	0.01307	0.00915	0.00392	0.01046
11	0.01464	0.01378	0.02326	0.70887	0.05340	0.01723	0.02153	0.01981	0.01550	0.01981	0.01378	0.02067	0.01034	0.00775	0.00775	0.00258	0.01034	0.00689	0.00345	0.00861
12	0.00945	0.00675	0.00900	0.01080	0.01125	0.00630	0.00720	0.01080	0.01484	0.01979	0.04274	0.72245	0.05128	0.02429	0.00990	0.00315	0.00450	0.02204	0.00720	0.00630
13	0.01045	0.00752	0.00990	0.01011	0.01147	0.00697	0.00728	0.01333	0.01953	0.02725	0.45976	0.28418	0.06571	0.01872	0.00940	0.00268	0.00394	0.01675	0.00808	0.00697
14	0.78228	0.01499	0.01140	0.01020	0.01499	0.01739	0.00840	0.02279	0.01320	0.03479	0.01080	0.01260	0.00840	0.00720	0.00480	0.00240	0.00600	0.00420	0.00480	0.00840
15	0.01936	0.01682	0.01777	0.01321	0.01977	0.06082	0.01058	0.13298	0.02011	0.02902	0.01451	0.01638	0.01168	0.00653	0.00619	0.00142	0.00682	0.00505	0.00511	0.58586
16	0.24890	0.03054	0.01888	0.01712	0.02135	0.49814	0.01306	0.02858	0.01941	0.02359	0.01164	0.01358	0.00952	0.00776	0.00635	0.00211	0.01165	0.00476	0.00423	0.00882
17	0.71918	0.01484	0.01195	0.01050	0.01540	0.01689	0.00865	0.02406	0.01395	0.08963	0.01247	0.01376	0.00931	0.00740	0.00505	0.00240	0.00605	0.00450	0.00520	0.00880
18	0.02655	0.02026	0.02162	0.01725	0.02293	0.02268	0.01403	0.47737	0.21714	0.04414	0.02234	0.02158	0.01620	0.00966	0.00779	0.00241	0.00784	0.00749	0.00779	0.01292
19	0.01929	0.01666	0.01753	0.01578	0.02016	0.01929	0.01227	0.04120	0.66513	0.03243	0.03156	0.02893	0.02367	0.01052	0.00789	0.00263	0.00614	0.00877	0.00789	0.01227
20	0.00945	0.00675	0.00900	0.01080	0.01125	0.00630	0.00720	0.01080	0.01484	0.01979	0.04274	0.72245	0.05128	0.02429	0.00990	0.00315	0.00450	0.02204	0.00720	0.00630
21	0.01919	0.01842	0.03147	0.04759	0.67914	0.01842	0.02380	0.02380	0.01765	0.02533	0.01458	0.01919	0.01228	0.00691	0.00768	0.00230	0.00921	0.00691	0.00384	0.01228
22	0.03479	0.01320	0.01799	0.01380	0.01979	0.01140	0.01140	0.03779	0.02219	0.68451	0.03059	0.02639	0.01919	0.00960	0.00780	0.00240	0.00660	0.00780	0.00960	0.01320
23	0.00932	0.00726	0.00847	0.00944	0.01089	0.00641	0.00660	0.01095	0.01615	0.02032	0.05922	0.42429	0.33880	0.02215	0.00956	0.00290	0.00424	0.01943	0.00720	0.00641
24	0.01555	0.04011	0.68733	0.02210	0.03356	0.01801	0.02865	0.02455	0.01637	0.02455	0.01391	0.01637	0.00982	0.00737	0.00737	0.00246	0.01146	0.00573	0.00327	0.01146
25	0.00937	0.00707	0.00867	0.00995	0.01102	0.00637	0.00682	0.01089	0.01566	0.02012	0.05303	0.53626	0.23083	0.02295	0.00969	0.00300	0.00433	0.02041	0.00720	0.00637
26	0.00945	0.00675	0.00900	0.01080	0.01125	0.00630	0.00720	0.01080	0.01484	0.01979	0.04274	0.72245	0.05128	0.02429	0.00990	0.00315	0.00450	0.02204	0.00720	0.00630
27	0.01929	0.01666	0.01753	0.01578	0.02016	0.01929	0.01227	0.04120	0.66513	0.03243	0.03156	0.02893	0.02367	0.01052	0.00789	0.00263	0.00614	0.00877	0.00789	0.01227
28	0.07572	0.02945	0.17394	0.02682	0.12237	0.23498	0.17722	0.02644	0.01860	0.02368	0.01361	0.01687	0.01061	0.00728	0.00755	0.00232	0.01196	0.00640	0.00385	0.01032
29	0.01445	0.00723	0.00723	0.00723	0.00903	0.00723	0.00542	0.01807	0.01626	0.02891	0.02529	0.02891	0.01987	0.00903	0.00542	0.00181	0.00361	0.00723	0.77055	0.00723
30	0.01108	0.00831	0.01246	0.01246	0.01385	0.00969	0.00969	0.01385	0.01246	0.01800	0.02077	0.03046	0.01938	0.05815	0.69678	0.01246	0.02077	0.00831	0.00415	0.00692
31	0.00971	0.00788	0.00861	0.00843	0.01081	0.00678	0.00632	0.01218	0.01896	0.02399	0.25768	0.06960	0.49496	0.01850	0.00916	0.00256	0.00385	0.01566	0.00760	0.00678
32	0.01069	0.00687	0.00856	0.00991	0.01070	0.00653	0.00676	0.01260	0.01520	0.02205	0.03841	0.55059	0.04350	0.02051	0.00879	0.00282	0.00428	0.01837	0.19636	0.00653
33	0.01340	0.01047	0.01246	0.01151	0.01409	0.01081	0.00876	0.02239	0.20973	0.03148	0.48718	0.04945	0.05871	0.01429	0.00878	0.00249	0.00438	0.01249	0.00835	0.00876
34	0.01797	0.01994	0.04030	0.02963	0.03553	0.02063	0.49387	0.02331	0.01671	0.02331	0.01432	0.01994	0.01137	0.00828	0.01319	0.00281	0.18659	0.00856	0.00379	0.00997
35	0.78228	0.01499	0.01140	0.01020	0.01499	0.01739	0.00840	0.02279	0.01320	0.03479	0.01080	0.01260	0.00840	0.00720	0.00480	0.00240	0.00600	0.00420	0.00480	0.00840
36	0.01951	0.02178	0.04001	0.03520	0.19724	0.08204	0.43662	0.02515	0.01848	0.02442	0.01507	0.01985	0.01173	0.00676	0.00858	0.00248	0.01220	0.00821	0.00391	0.01077
37	0.01929	0.01666	0.01753	0.01578	0.02016	0.01929	0.01227	0.04120	0.66513	0.03243	0.03156	0.02893	0.02367	0.01052	0.00789	0.00263	0.00614	0.00877	0.00789	0.01227
38	0.01138	0.00835	0.01072	0.01005	0.01201	0.00790	0.00756	0.01594	0.05356	0.03116	0.64342	0.05649	0.07073	0.01559	0.00908	0.00245	0.00378	0.01376	0.00850	0.00756
39	0.02629	0.01865	0.01987	0.01559	0.02086	0.02048	0.01276	0.51870	0.03218	0.04464	0.02003	0.02080	0.01460	0.00925	0.00726	0.00222	0.00749	0.00703	0.16938	0.01192
40	0.01244	0.00832	0.01044	0.00968	0.01199	0.00747	0.00734	0.01569	0.02109	0.07933	0.50275	0.05892	0.19297	0.01615	0.00905	0.00247	0.00394	0.01402	0.00834	0.00761
41	0.01039	0.00813	0.00960	0.01015	0.01232	0.00734	0.00810	0.01300	0.01809	0.02275	0.13519	0.10719	0.38638	0.01995	0.00966	0.00291	0.00489	0.19982	0.00734	0.00680
42	0.78228	0.01499	0.01140	0.01020	0.01499	0.01739	0.00840	0.02279	0.01320	0.03479	0.01080	0.01260	0.00840	0.00720	0.00480	0.00240	0.00600	0.00420	0.00480	0.00840
43	0.02359	0.02059	0.01982	0.01628	0.02144	0.12349	0.01296	0.27872	0.15242	0.03447	0.01959	0.02064	0.01507	0.01335	0.07167	0.00310	0.00961	0.00678	0.00637	0.13006
44	0.01155	0.00920	0.01131	0.01073	0.01227	0.00948	0.00778	0.01313	0.01391	0.01876	0.03673	0.10892	0.18893	0.22848	0.14086	0.00577	0.08187	0.01199	0.00532	0.07302
45	0.01913	0.01860	0.03249	0.04653	0.63359	0.01851	0.06853	0.02387	0.01770	0.02530	0.01466	0.01931	0.01224	0.00688	0.00778	0.00233	0.00949	0.00707	0.00384	0.01215
46	0.52135	0.01630	0.01559	0.01455	0.06362	0.01812	0.01092	0.13959	0.01860	0.09735	0.01434	0.01545	0.01055	0.00779	0.00582	0.00238	0.00674	0.00523	0.00572	0.00999
47	0.00937	0.00733	0.00850	0.00932	0.01088	0.00646	0.00657	0.01111	0.01650	0.02080	0.08521	0.38083	0.35620	0.02169	0.00951	0.00286	0.00419	0.01896	0.00725	0.00646
48	0.01919	0.01842	0.03147	0.04759	0.67914	0.01842	0.02380	0.02380	0.01765	0.02533	0.01458	0.01919	0.01228	0.00691	0.00768	0.00230	0.00921	0.00691	0.00384	0.01228
49	0.01198	0.00976	0.01241	0.01155	0.01391	0.00956	0.03641	0.03650	0.07475	0.02582	0.24307	0.18782	0.23758	0.01749	0.00970	0.00269	0.02873	0.01517	0.00741	0.00768
50	0.01632	0.00892	0.01152	0.01026	0.01294	0.00814	0.00791	0.01984	0.02126	0.16518	0.45778	0.04765	0.05511	0.01368	0.00838	0.00235	0.00426	0.01186	0.10814	0.00851
51	0.01500	0.01455	0.02596	0.58219	0.04982	0.01723	0.11018	0.02026	0.01577	0.02044	0.01436	0.02114	0.01094	0.00982	0.03851	0.00303	0.01119	0.00727	0.00354	0.00880
52	0.01504	0.01418	0.02396	0.65179	0.10741	0.01733	0.02173	0.02015	0.01569	0.02029	0.01385	0.02054	0.01050	0.00768	0.00775	0.00256	0.01024	0.00689	0.00348	0.00893
53	0.00920	0.00770	0.00802	0.00827	0.01058	0.00651	0.00608	0.01108	0.01727	0.02078	0.07347	0.16640	0.58749	0.02030	0.00927	0.00269	0.00401	0.01717	0.00720	0.00651
54	0.01080	0.00792	0.01013	0.00958	0.01148	0.00724	0.00718	0.01430	0.02155	0.03015	0.61937	0.05948	0.12943	0.01620	0.00915	0.00246	0.00368	0.01424	0.00841	0.00724
55	0.01371	0.02914	0.45645	0.01760	0.02590	0.01425	0.02116	0.02064	0.01761	0.02521	0.14688	0.03310	0.12450	0.01084	0.00797	0.00248	0.00884	0.00891	0.00486	0.00993
56	0.02073	0.73217	0.04063	0.01327	0.01990	0.03068	0.01327	0.02322	0.01575	0.01824	0.01078	0.01244	0.00995	0.00663	0.00498	0.00166	0.00829	0.00415	0.00332	0.00995
57	0.01445	0.00723	0.00723	0.00723	0.00903	0.00723	0.00542	0.01807	0.01626	0.02891	0.02529	0.02891	0.01987	0.00903	0.00542	0.00181	0.00361	0.00723	0.77055	0.00723
58	0.01221	0.00883	0.01209	0.01372	0.01558	0.00872	0.01192	0.01564	0.01783	0.02301	0.04429	0.08635	0.09912	0.02127	0.01058	0.00349	0.00686	0.57425	0.00714	0.00709
59	0.01969	0.02051	0.02772	0.08449	0.38349	0.13783	0.05121	0.02361	0.01744	0.02269	0.01435	0.01928	0.01218	0.01203	0.06836	0.00324	0.06064	0.00679	0.00384	0.01062
60	0.02896	0.03695	0.02197	0.01998	0.02397	0.69638	0.01498	0.03096	0.02197	0.01898	0.01199	0.01398	0.00999	0.00799	0.00699	0.00200	0.01398	0.00499	0.00400	0.00899
61	0.00954	0.00787	0.00837	0.00824	0.01070	0.00670	0.00618	0.01185	0.01855	0.02303	0.20101	0.07119	0.55223	0.01886	0.00916	0.00258	0.00387	0.01588	0.00747	0.00670
62	0.01696	0.01696	0.02375	0.02036	0.02036	0.02375	0.01696	0.01866	0.01187	0.01866	0.01018	0.01696	0.01018	0.01357	0.02545	0.00339	0.71332	0.00679	0.00339	0.00848
63	0.01608	0.01378	0.01608	0.01148	0.01837	0.01034	0.00919	0.01952	0.01608	0.02527	0.01378	0.01608	0.01148	0.00574	0.00574	0.00115	0.00574	0.00459	0.00459	0.77491
64	0.01089	0.00792	0.01025	0.00967	0.01153	0.00728	0.00725	0.01448	0.02176	0.03064	0.64859	0.05866	0.09990	0.01602	0.00915	0.00245	0.00367	0.01413	0.00848	0.00728
65	0.01108	0.00831	0.01246	0.01246	0.01385	0.00969	0.00969	0.01385	0.01246	0.01800	0.02077	0.03046	0.01938	0.05815	0.69678	0.01246	0.02077	0.00831	0.00415	0.00692
66	0.01646	0.01622	0.02277	0.01967	0.01979	0.02254	0.01634	0.01824	0.01193	0.01860	0.01109	0.01813	0.01097	0.01742	0.08339	0.00418	0.65354	0.00692	0.00346	0.00835
67	0.00933	0.00786	0.00809	0.00803	0.01058	0.00662	0.00602	0.01145	0.01807	0.02189	0.13383	0.07307	0.62012	0.01929	0.00916	0.00260	0.00390	0.01615	0.00732	0.00662
68	0.01919	0.01842	0.03147	0.04759	0.67914	0.01842	0.02380	0.02380	0.01765	0.02533	0.01458	0.01919	0.01228	0.00691	0.00768	0.00230	0.00921	0.00691	0.00384	0.01228
69	0.01591	0.08858	0.64204	0.02148	0.03260	0.01889	0.02757	0.02446	0.01633	0.02411	0.01369	0.01609	0.00983	0.00732	0.00720	0.00240	0.01124	0.00562	0.00328	0.01135
70	0.00945	0.00675	0.00900	0.01080	0.01125	0.00630	0.00720	0.01080	0.01484	0.01979	0.04274	0.72245	0.05128	0.02429	0.00990	0.00315	0.00450	0.02204	0.00720	0.00630
71	0.01138	0.00857	0.01094	0.01213	0.01420	0.00813	0.01029	0.01441	0.01779	0.02245	0.05358	0.08317	0.25557	0.02082	0.01019	0.00325	0.00607	0.42295	0.00716	0.00694
72	0.01385	0.00881	0.00983	0.00904	0.01221	0.00746	0.00697	0.01611	0.01878	0.13961	0.11180	0.06488	0.51702	0.01759	0.00892	0.00257	0.00438	0.01468	0.00772	0.00778
73	0.01919	0.01842	0.03147	0.04759	0.67914	0.01842	0.02380	0.02380	0.01765	0.02533	0.01458	0.01919	0.01228	0.00691	0.00768	0.00230	0.00921	0.00691	0.00384	0.01228
74	0.01464	0.01378	0.02326	0.70887	0.05340	0.01723	0.02153	0.01981	0.01550	0.01981	0.01378	0.02067	0.01034	0.00775	0.00775	0.00258	0.01034	0.00689	0.00345	0.00861
75	0.01555	0.04011	0.68733	0.02210	0.03356	0.01801	0.02865	0.02455	0.01637	0.02455	0.01391	0.01637	0.00982	0.00737	0.00737	0.00246	0.01146	0.00573	0.00327	0.01146
76	0.00945	0.00675	0.00900	0.01080	0.01125	0.00630	0.00720	0.01080	0.01484	0.01979	0.04274	0.72245	0.05128	0.02429	0.00990	0.00315	0.00450	0.02204	0.00720	0.00630
77	0.01772	0.03589	0.49796	0.02348	0.03350	0.07466	0.12940	0.05227	0.01802	0.02519	0.01425	0.01702	0.01030	0.00737	0.00765	0.00244	0.01181	0.00629	0.00363	0.01116
78	0.01987	0.01972	0.03081	0.04566	0.63325	0.06591	0.02318	0.02430	0.01796	0.02489	0.01440	0.01883	0.01212	0.00698	0.00763	0.00228	0.00955	0.00677	0.00385	0.01205
79	0.02348	0.49989	0.03440	0.01551	0.02126	0.25310	0.01384	0.02580	0.01783	0.01849	0.01118	0.01295	0.00996	0.00709	0.00565	0.00177	0.01019	0.00443	0.00354	0.00963
80	0.01619	0.09395	0.50919	0.02032	0.03056	0.01806	0.05219	0.02374	0.01636	0.02414	0.01371	0.01620	0.01015	0.00704	0.00701	0.00221	0.01045	0.00559	0.00349	0.11944
81	0.02111	0.02337	0.18859	0.07257	0.22345	0.04451	0.02050	0.05965	0.12003	0.12017	0.01938	0.02090	0.01425	0.00818	0.00763	0.00241	0.00915	0.00696	0.00532	0.01188
82	0.00962	0.00682	0.00895	0.01058	0.01099	0.00641	0.00696	0.01084	0.01451	0.01935	0.04103	0.65975	0.04913	0.08993	0.01266	0.00356	0.00478	0.02104	0.00696	0.00615
83	0.01857	0.01677	0.02813	0.09395	0.53608	0.01691	0.02144	0.02306	0.01810	0.05037	0.08377	0.02360	0.01872	0.00801	0.00784	0.00234	0.00862	0.00768	0.00451	0.01151
84	0.09975	0.03263	0.10994	0.01872	0.02391	0.45574	0.01582	0.03044	0.07626	0.04627	0.01450	0.01591	0.01133	0.00811	0.00694	0.00217	0.01192	0.00544	0.00452	0.00970

[dist]
# distance from previous block
# <min> <max>
0	5

[block]
# block no. 5 follows, 25 sequences, length 22
# corresponding to MSA columns:
# 540-561
name=unknown_F
#
# <colnr> <probs for GDERKNQSTAVLIFYWHMCP>
#	G	D	E	R	K	N	Q	S	T	A	V	L	I	F	Y	W	H	M	C	P
0	0.01577	0.03875	0.64853	0.02173	0.03278	0.01808	0.02770	0.02552	0.05395	0.02501	0.01494	0.01710	0.01062	0.00755	0.00740	0.00247	0.01115	0.00591	0.00354	0.01151
1	0.02896	0.03695	0.02197	0.01998	0.02397	0.69638	0.01498	0.03096	0.02197	0.01898	0.01199	0.01398	0.00999	0.00799	0.00699	0.00200	0.01398	0.00499	0.00400	0.00899
2	0.01347	0.00673	0.01010	0.01010	0.01010	0.00673	0.00673	0.01010	0.01010	0.01347	0.01347	0.02357	0.01347	0.02694	0.03030	0.77441	0.00673	0.00673	0.00337	0.00337
3	0.01845	0.42693	0.32587	0.01716	0.02592	0.02509	0.02005	0.02381	0.01603	0.02103	0.01216	0.01417	0.00989	0.00696	0.00603	0.00201	0.00969	0.00484	0.00330	0.01062
4	0.01558	0.01474	0.02496	0.57205	0.18287	0.01747	0.02200	0.02064	0.01595	0.02095	0.01395	0.02037	0.01074	0.00758	0.00774	0.00253	0.01010	0.00689	0.00353	0.00937
5	0.01125	0.00762	0.00898	0.00898	0.00916	0.00780	0.00535	0.01161	0.01143	0.01542	0.02396	0.04811	0.02705	0.64071	0.12470	0.00816	0.00924	0.01089	0.00463	0.00499
6	0.00943	0.00683	0.00892	0.01059	0.01119	0.00632	0.00710	0.01082	0.01505	0.01988	0.04528	0.67633	0.09575	0.02396	0.00984	0.00311	0.00446	0.02164	0.00720	0.00632
7	0.01608	0.01378	0.01608	0.01148	0.01837	0.01034	0.00919	0.01952	0.01608	0.02527	0.01378	0.01608	0.01148	0.00574	0.00574	0.00115	0.00574	0.00459	0.00459	0.77491
8	0.02159	0.02308	0.03515	0.03207	0.18541	0.15904	0.31394	0.02637	0.01890	0.06050	0.01530	0.01924	0.01188	0.00734	0.00885	0.00243	0.03642	0.00760	0.00422	0.01067
9	0.01128	0.00752	0.00846	0.00846	0.00846	0.00752	0.00470	0.01128	0.01128	0.01503	0.02443	0.05074	0.02819	0.72751	0.03946	0.00752	0.00752	0.01128	0.00470	0.00470
10	0.01844	0.01766	0.03012	0.15625	0.57632	0.01823	0.02342	0.02314	0.01730	0.02442	0.01445	0.01943	0.01196	0.00705	0.00769	0.00235	0.00940	0.00691	0.00377	0.01168
11	0.02090	0.02155	0.02897	0.04084	0.52484	0.13671	0.02156	0.02610	0.05775	0.02465	0.01516	0.01887	0.01257	0.00732	0.00757	0.00227	0.00986	0.00669	0.00411	0.01171
12	0.01571	0.01487	0.02519	0.55336	0.20055	0.01751	0.02207	0.02075	0.01601	0.02111	0.01397	0.02032	0.01079	0.00755	0.00773	0.00252	0.01007	0.00689	0.00354	0.00948
13	0.02148	0.02126	0.01539	0.01400	0.01716	0.29884	0.01062	0.07307	0.04302	0.02665	0.09504	0.02521	0.02153	0.00946	0.00678	0.00203	0.00845	0.00711	0.27430	0.00861
14	0.01325	0.00991	0.01322	0.01168	0.01445	0.00949	0.04398	0.01894	0.09607	0.06085	0.45360	0.05316	0.14091	0.01491	0.00894	0.00249	0.00465	0.01315	0.00808	0.00825
15	0.02068	0.01872	0.03511	0.03822	0.36954	0.01804	0.25102	0.02580	0.01842	0.10189	0.01685	0.02066	0.01290	0.00709	0.00823	0.00243	0.01031	0.00783	0.00454	0.01172
16	0.01538	0.01472	0.02547	0.59398	0.12553	0.01750	0.05708	0.02056	0.01591	0.02073	0.01398	0.02051	0.01064	0.00759	0.00782	0.00255	0.01036	0.00702	0.00352	0.00914
17	0.01809	0.01730	0.02948	0.20810	0.52726	0.01813	0.02325	0.02283	0.01713	0.02399	0.01439	0.01955	0.01181	0.00711	0.00769	0.00237	0.00948	0.00690	0.00374	0.01139
18	0.02180	0.01753	0.07192	0.03190	0.36733	0.01563	0.01879	0.02729	0.05843	0.18318	0.08755	0.02529	0.02073	0.00872	0.00785	0.00237	0.00799	0.00788	0.00590	0.01193
19	0.01507	0.01358	0.01979	0.09113	0.26835	0.01386	0.01509	0.02109	0.10410	0.02477	0.09618	0.04000	0.19445	0.03770	0.00939	0.00266	0.00693	0.01047	0.00570	0.00968
20	0.01871	0.01810	0.03137	0.11010	0.58875	0.01836	0.05360	0.02346	0.01748	0.02478	0.01456	0.01941	0.01207	0.00697	0.00775	0.00234	0.00950	0.00701	0.00380	0.01184
21	0.01710	0.01389	0.02340	0.07012	0.10075	0.01328	0.17300	0.04350	0.01922	0.10511	0.10804	0.08037	0.17379	0.01227	0.00871	0.00255	0.00780	0.01147	0.00618	0.00947

[dist]
# distance from previous block
# <min> <max>
4	12

[block]
# block no. 6 follows, 25 sequences, length 28
# corresponding to MSA columns:
# 574-601
name=unknown_G
#
# <colnr> <probs for GDERKNQSTAVLIFYWHMCP>
#	G	D	E	R	K	N	Q	S	T	A	V	L	I	F	Y	W	H	M	C	P
0	0.02132	0.02000	0.02748	0.03639	0.43882	0.07329	0.02001	0.11593	0.08437	0.02888	0.01659	0.01951	0.01331	0.00764	0.00757	0.00226	0.00904	0.00685	0.00484	0.04589
1	0.10479	0.02032	0.02055	0.01639	0.02206	0.07004	0.01334	0.38430	0.10133	0.13804	0.02058	0.01998	0.01454	0.00918	0.00742	0.00235	0.00812	0.00688	0.00747	0.01230
