[name]
unknown

[dist]
# distance from previous block
# <min> <max>
2	36

[block]
# block no. 0 follows, 34 sequences, length 77
# corresponding to MSA columns:
# 37-113
name=unknown_A
#
# <colnr> <probs for GDERKNQSTAVLIFYWHMCP>
#	G	D	E	R	K	N	Q	S	T	A	V	L	I	F	Y	W	H	M	C	P
0	0.39402	0.01454	0.01246	0.01057	0.01458	0.09348	0.00845	0.11873	0.04185	0.02782	0.09366	0.01655	0.01470	0.00710	0.00516	0.00183	0.00578	0.00503	0.00471	0.10897
1	0.41611	0.01333	0.01580	0.09775	0.02003	0.01451	0.08990	0.08854	0.03424	0.10843	0.01284	0.01435	0.00937	0.00642	0.00532	0.00200	0.00635	0.00492	0.00455	0.03525
2	0.12978	0.00843	0.00944	0.00888	0.01108	0.00861	0.00687	0.01582	0.10518	0.02555	0.45055	0.04187	0.09696	0.01205	0.00702	0.00210	0.00375	0.04290	0.00644	0.00669
3	0.02414	0.03079	0.01831	0.01665	0.01998	0.74698	0.01248	0.02580	0.01831	0.01581	0.00999	0.01165	0.00832	0.00666	0.00583	0.00166	0.01165	0.00416	0.00333	0.00749
4	0.01744	0.01809	0.10726	0.01900	0.02447	0.01661	0.25544	0.23704	0.10787	0.02727	0.01681	0.07097	0.01355	0.00789	0.00738	0.00214	0.02914	0.00741	0.00480	0.00942
5	0.01397	0.01329	0.02257	0.42296	0.36513	0.01482	0.01882	0.01806	0.01376	0.01865	0.01180	0.01665	0.00937	0.00613	0.00643	0.00204	0.00818	0.00575	0.00302	0.00860
6	0.02875	0.01138	0.01523	0.01168	0.01669	0.01007	0.00965	0.06835	0.01914	0.69932	0.02495	0.02164	0.01572	0.00798	0.00650	0.00200	0.00559	0.00646	0.00791	0.01100
7	0.01184	0.00785	0.01097	0.00984	0.01219	0.00704	0.05677	0.01427	0.01602	0.12305	0.25894	0.17288	0.22217	0.01412	0.00762	0.00221	0.00424	0.03488	0.00644	0.00666
8	0.01493	0.05221	0.63587	0.01741	0.02632	0.01468	0.02185	0.02170	0.01418	0.10270	0.01312	0.01451	0.00909	0.00633	0.00612	0.00202	0.00901	0.00493	0.00334	0.00968
9	0.02887	0.01119	0.01512	0.01159	0.01659	0.00979	0.00957	0.05015	0.01882	0.71797	0.02522	0.02181	0.01586	0.00799	0.00650	0.00200	0.00554	0.00648	0.00796	0.01100
10	0.01182	0.01088	0.01769	0.49461	0.10449	0.01296	0.01550	0.01530	0.01290	0.01694	0.01718	0.14308	0.03843	0.00928	0.00763	0.00225	0.05036	0.00810	0.00352	0.00710
11	0.01320	0.11026	0.37117	0.01770	0.02444	0.01474	0.14974	0.01862	0.01399	0.01949	0.01642	0.06994	0.01496	0.00855	0.00674	0.00217	0.00861	0.10732	0.00352	0.00844
12	0.01260	0.01189	0.02010	0.68183	0.11695	0.01446	0.01814	0.01686	0.01311	0.01699	0.01155	0.01710	0.00878	0.00639	0.00645	0.00213	0.00851	0.00574	0.00291	0.00750
13	0.01551	0.01486	0.02535	0.13118	0.64488	0.01523	0.01959	0.01941	0.01448	0.02052	0.01207	0.01615	0.01003	0.00585	0.00640	0.00195	0.00780	0.00576	0.00316	0.00984
14	0.01746	0.01276	0.02144	0.07710	0.28838	0.01235	0.10826	0.02095	0.01571	0.19286	0.06075	0.04439	0.05795	0.00816	0.00687	0.00207	0.00697	0.03147	0.00490	0.00920
15	0.01916	0.01540	0.15453	0.01461	0.01987	0.01120	0.10096	0.02391	0.05714	0.31064	0.02547	0.03036	0.06823	0.00942	0.00702	0.00220	0.00684	0.10792	0.00586	0.00924
16	0.02068	0.01583	0.12691	0.01598	0.02167	0.01237	0.17035	0.02634	0.09757	0.34167	0.02320	0.02247	0.05848	0.00775	0.00678	0.00208	0.00714	0.00704	0.00585	0.00983
17	0.02204	0.01418	0.06239	0.05720	0.26800	0.01244	0.05149	0.02553	0.01647	0.37532	0.01874	0.01896	0.01287	0.00690	0.00650	0.00199	0.00692	0.00617	0.00554	0.01035
18	0.01954	0.12934	0.19504	0.01313	0.01839	0.01330	0.01308	0.02295	0.01514	0.31174	0.01994	0.11862	0.01608	0.00904	0.00722	0.00206	0.05368	0.00718	0.00534	0.00922
19	0.01785	0.01966	0.30153	0.05293	0.09260	0.01196	0.01613	0.02239	0.01524	0.25593	0.02038	0.08708	0.04068	0.00838	0.00654	0.00208	0.00723	0.00705	0.00493	0.00944
20	0.01728	0.01402	0.04790	0.02947	0.47931	0.01296	0.01618	0.02069	0.01526	0.15563	0.01986	0.06047	0.06652	0.00775	0.00660	0.00200	0.00680	0.00712	0.00444	0.00973
21	0.02020	0.01654	0.09480	0.02578	0.30989	0.04043	0.10436	0.02409	0.01606	0.25800	0.01655	0.01777	0.01181	0.00653	0.00654	0.00198	0.00770	0.00608	0.00476	0.01012
22	0.01642	0.01314	0.06447	0.35787	0.11254	0.01286	0.05915	0.02030	0.01456	0.18310	0.01663	0.07219	0.01300	0.00764	0.00664	0.00212	0.00764	0.00689	0.00433	0.00851
23	0.01565	0.01647	0.19131	0.08115	0.15767	0.01171	0.04670	0.01966	0.01494	0.16642	0.02500	0.07819	0.12890	0.00910	0.00675	0.00209	0.00692	0.00793	0.00470	0.00877
24	0.01811	0.01549	0.13182	0.07062	0.22574	0.01224	0.05853	0.02190	0.01530	0.23589	0.01909	0.11350	0.01566	0.00836	0.00670	0.00208	0.00707	0.00755	0.00491	0.00943
25	0.01563	0.02596	0.49513	0.01822	0.06895	0.01345	0.04414	0.02153	0.01451	0.14311	0.01573	0.06769	0.01210	0.00739	0.00642	0.00207	0.00838	0.00617	0.00391	0.00951
26	0.01509	0.02453	0.40880	0.10578	0.08024	0.01464	0.14318	0.02110	0.01440	0.09151	0.01327	0.01573	0.00945	0.00621	0.00649	0.00207	0.00914	0.00563	0.00340	0.00932
27	0.01423	0.02227	0.35633	0.05964	0.20509	0.01389	0.01905	0.01943	0.01433	0.06510	0.05641	0.01976	0.05415	0.00742	0.00715	0.00206	0.04480	0.00613	0.00363	0.00914
28	0.02101	0.01233	0.06131	0.12574	0.11150	0.01074	0.01247	0.02409	0.01613	0.39800	0.02300	0.10097	0.03565	0.00890	0.00667	0.00209	0.00624	0.00764	0.00603	0.00948
29	0.01119	0.01884	0.33568	0.01358	0.01836	0.01054	0.01439	0.05800	0.01406	0.01978	0.02361	0.38386	0.02530	0.01315	0.00719	0.00232	0.00655	0.01150	0.00456	0.00753
30	0.01752	0.46450	0.02753	0.19126	0.02367	0.10112	0.01278	0.02011	0.01397	0.05918	0.01069	0.01286	0.00884	0.00603	0.00503	0.00164	0.00776	0.00427	0.00317	0.00810
31	0.01548	0.02040	0.22720	0.08166	0.43431	0.01552	0.02030	0.06930	0.01541	0.02201	0.01219	0.01538	0.00960	0.00606	0.00633	0.00197	0.00823	0.00548	0.00328	0.00988
32	0.01249	0.01355	0.09979	0.09821	0.23234	0.02775	0.01424	0.03082	0.01315	0.01831	0.01672	0.11513	0.01600	0.04225	0.21548	0.00455	0.01023	0.00765	0.00364	0.00772
33	0.01122	0.00561	0.00842	0.00842	0.00842	0.00561	0.00561	0.00842	0.00842	0.01122	0.01122	0.01964	0.01122	0.02245	0.02525	0.81201	0.00561	0.00561	0.00281	0.00281
34	0.01395	0.02340	0.35215	0.07880	0.19688	0.01499	0.15833	0.01978	0.01433	0.02057	0.03738	0.01644	0.01089	0.00618	0.00657	0.00205	0.00907	0.00589	0.00311	0.00925
35	0.01697	0.72355	0.08441	0.01158	0.01740	0.02481	0.01197	0.01943	0.01317	0.01558	0.00917	0.01060	0.00828	0.00557	0.00429	0.00143	0.00710	0.00355	0.00276	0.00838
36	0.01845	0.30698	0.06780	0.01312	0.01786	0.29248	0.01156	0.02077	0.01525	0.01659	0.01386	0.01511	0.06015	0.00668	0.00523	0.00154	0.00835	0.00458	0.00333	0.10032
37	0.01806	0.69104	0.03207	0.01170	0.01697	0.10851	0.01122	0.02009	0.01372	0.01527	0.00910	0.01051	0.00830	0.00566	0.00434	0.00141	0.00746	0.00354	0.00283	0.00820
38	0.01590	0.01526	0.02606	0.05742	0.71559	0.01533	0.01978	0.01975	0.01467	0.02100	0.01214	0.01602	0.01019	0.00577	0.00640	0.00192	0.00770	0.00576	0.00319	0.01016
39	0.03668	0.01186	0.01475	0.01711	0.16428	0.06375	0.01083	0.05206	0.01450	0.05067	0.02742	0.25221	0.12922	0.01281	0.00905	0.00229	0.10769	0.01064	0.00484	0.00734
40	0.01514	0.01036	0.01096	0.00984	0.01247	0.08111	0.00754	0.01850	0.06058	0.18087	0.30242	0.08949	0.15035	0.01212	0.00717	0.00206	0.00466	0.01029	0.00664	0.00741
41	0.01941	0.10505	0.02663	0.02248	0.16464	0.11516	0.20887	0.10132	0.01737	0.11179	0.01451	0.03791	0.01140	0.00670	0.00648	0.00193	0.00857	0.00627	0.00425	0.00925
42	0.02185	0.01390	0.01730	0.29254	0.02764	0.09677	0.01319	0.06767	0.01712	0.33992	0.01782	0.01861	0.01203	0.00725	0.00640	0.00201	0.00748	0.00590	0.00544	0.00916
43	0.01692	0.01504	0.02542	0.03764	0.68131	0.01493	0.01909	0.02067	0.01498	0.07241	0.01311	0.01642	0.01065	0.00592	0.00640	0.00192	0.00752	0.00581	0.00354	0.01029
44	0.01107	0.00965	0.04063	0.01248	0.01515	0.00831	0.13744	0.01392	0.03356	0.06788	0.03618	0.37272	0.18476	0.01495	0.00775	0.00237	0.00534	0.01370	0.00553	0.00663
45	0.01613	0.12269	0.41833	0.01808	0.02577	0.06224	0.12149	0.06063	0.01534	0.06230	0.01241	0.01426	0.00906	0.00619	0.00613	0.00195	0.00917	0.00515	0.00337	0.00930
46	0.01220	0.01148	0.01938	0.75739	0.04450	0.01436	0.01794	0.01651	0.01292	0.01651	0.01148	0.01723	0.00861	0.00646	0.00646	0.00215	0.00861	0.00574	0.00287	0.00718
47	0.01514	0.01448	0.02469	0.20099	0.57794	0.01513	0.01941	0.01908	0.01431	0.02008	0.01200	0.01627	0.00987	0.00592	0.00641	0.00197	0.00789	0.00575	0.00312	0.00955
48	0.01896	0.01080	0.01362	0.05754	0.06973	0.05513	0.00977	0.02134	0.01624	0.32544	0.07220	0.16688	0.08214	0.01138	0.00704	0.00216	0.00559	0.03924	0.00635	0.00844
49	0.01477	0.10212	0.49821	0.01795	0.02609	0.01596	0.09964	0.02196	0.06308	0.06091	0.01331	0.01495	0.00962	0.00629	0.00616	0.00200	0.00891	0.00525	0.00336	0.00946
50	0.02214	0.01239	0.01718	0.01495	0.06224	0.03584	0.07964	0.05318	0.09027	0.39382	0.02403	0.12661	0.01874	0.00936	0.00684	0.00211	0.00615	0.00822	0.00658	0.00971
51	0.01262	0.06105	0.17107	0.01943	0.07395	0.01308	0.25865	0.01687	0.01409	0.01914	0.02244	0.18211	0.08696	0.00987	0.00717	0.00218	0.00787	0.00956	0.00398	0.00791
52	0.01712	0.01788	0.06375	0.18786	0.07272	0.15399	0.18398	0.03721	0.03935	0.08370	0.01522	0.07039	0.01246	0.00742	0.00674	0.00206	0.00896	0.00687	0.00396	0.00833
53	0.01711	0.01447	0.02425	0.10794	0.58171	0.01458	0.01845	0.02084	0.01497	0.10297	0.01362	0.01680	0.01074	0.00608	0.00641	0.00195	0.00752	0.00584	0.00372	0.01002
54	0.01858	0.01345	0.02324	0.09454	0.14053	0.01347	0.19693	0.02209	0.01535	0.23674	0.01983	0.02144	0.06310	0.00773	0.00830	0.00214	0.08161	0.00703	0.00480	0.00911
55	0.01439	0.07884	0.34514	0.02221	0.02999	0.01642	0.35885	0.02050	0.01439	0.02020	0.01213	0.01526	0.00899	0.00576	0.00672	0.00206	0.01002	0.00608	0.00300	0.00905
56	0.01560	0.05048	0.43681	0.01972	0.02749	0.10330	0.17200	0.06122	0.01551	0.02098	0.01188	0.01425	0.00872	0.00612	0.00639	0.00200	0.00988	0.00535	0.00314	0.00917
57	0.01621	0.01355	0.02263	0.27837	0.41832	0.01434	0.01801	0.02005	0.01454	0.10188	0.01346	0.01710	0.01035	0.00625	0.00643	0.00201	0.00774	0.00584	0.00364	0.00929
58	0.01245	0.01011	0.01197	0.01196	0.01364	0.08048	0.04263	0.03864	0.01469	0.05893	0.02968	0.38434	0.03280	0.01620	0.00831	0.00255	0.02414	0.19445	0.00564	0.00640
59	0.01447	0.13007	0.10384	0.02186	0.02784	0.01630	0.45670	0.01913	0.01445	0.01938	0.01491	0.10238	0.01321	0.00723	0.00703	0.00210	0.00935	0.00796	0.00345	0.00834
60	0.01357	0.01297	0.02146	0.45133	0.24516	0.01533	0.01802	0.01737	0.01307	0.01775	0.01131	0.01647	0.00908	0.00686	0.00830	0.00217	0.10301	0.00574	0.00296	0.00807
61	0.01566	0.01501	0.02562	0.10305	0.67185	0.01526	0.01966	0.01954	0.01455	0.02070	0.01209	0.01610	0.01009	0.00582	0.00640	0.00194	0.00776	0.00576	0.00317	0.00996
62	0.01851	0.01250	0.02120	0.10453	0.12856	0.01205	0.16835	0.02238	0.03542	0.25808	0.02252	0.07427	0.05991	0.00851	0.00698	0.00213	0.00713	0.02261	0.00529	0.00906
63	0.01296	0.03342	0.73944	0.01842	0.02797	0.01501	0.02387	0.02046	0.01364	0.02046	0.01160	0.01364	0.00818	0.00614	0.00614	0.00205	0.00955	0.00477	0.00273	0.00955
64	0.01003	0.00879	0.00900	0.00992	0.01079	0.09085	0.00685	0.01178	0.03079	0.01735	0.08213	0.61185	0.03952	0.01790	0.00788	0.00246	0.00464	0.01599	0.00579	0.00569
65	0.01285	0.01215	0.02055	0.63429	0.16253	0.01453	0.01827	0.01708	0.01323	0.01730	0.01160	0.01701	0.00889	0.00634	0.00645	0.00211	0.00845	0.00574	0.00293	0.00770
66	0.01715	0.01720	0.10784	0.11980	0.27577	0.03495	0.17947	0.02159	0.01515	0.12662	0.01414	0.01699	0.01050	0.00617	0.00666	0.00203	0.00855	0.00615	0.00384	0.00945
67	0.00786	0.00566	0.00746	0.00891	0.00935	0.00526	0.00596	0.00901	0.01245	0.01653	0.03667	0.74373	0.06703	0.02011	0.00823	0.00261	0.00373	0.01820	0.00600	0.00526
68	0.01485	0.00822	0.01088	0.01006	0.01232	0.00812	0.00767	0.01798	0.06455	0.21703	0.06474	0.16969	0.06909	0.07043	0.21837	0.00479	0.00826	0.00983	0.00580	0.00732
69	0.13801	0.03925	0.34472	0.01452	0.02135	0.05918	0.01589	0.02400	0.01505	0.24522	0.01540	0.01559	0.01046	0.00672	0.00587	0.00199	0.00768	0.00506	0.00460	0.00947
70	0.01474	0.02501	0.42303	0.07587	0.21433	0.01481	0.05764	0.02066	0.01423	0.06115	0.01260	0.01519	0.00928	0.00613	0.00633	0.00202	0.00883	0.00535	0.00319	0.00960
71	0.01296	0.03342	0.73944	0.01842	0.02797	0.01501	0.02387	0.02046	0.01364	0.02046	0.01160	0.01364	0.00818	0.00614	0.00614	0.00205	0.00955	0.00477	0.00273	0.00955
72	0.01457	0.35869	0.34420	0.01442	0.02127	0.01880	0.01667	0.01916	0.01356	0.01801	0.01304	0.01899	0.01156	0.00721	0.00558	0.00186	0.00797	0.08275	0.00311	0.00858
73	0.01994	0.01626	0.11582	0.01974	0.17381	0.01376	0.04636	0.18074	0.01890	0.20973	0.01903	0.10372	0.01534	0.00850	0.00667	0.00205	0.00693	0.00737	0.00545	0.00987
74	0.01948	0.01886	0.20859	0.01909	0.11818	0.01390	0.08453	0.05702	0.12539	0.24044	0.01849	0.01858	0.01291	0.00706	0.00651	0.00205	0.00740	0.00615	0.00521	0.01017
75	0.01061	0.00674	0.00879	0.00922	0.01046	0.00636	0.00664	0.01270	0.03129	0.08879	0.13856	0.42659	0.07331	0.05934	0.03416	0.00292	0.00456	0.05674	0.00617	0.00606
76	0.01777	0.01211	0.01558	0.01688	0.16550	0.03316	0.01092	0.07188	0.12223	0.19602	0.16044	0.02965	0.10071	0.00949	0.00680	0.00202	0.00549	0.00811	0.00614	0.00908

[dist]
# distance from previous block
# <min> <max>
4	14

[block]
# block no. 1 follows, 34 sequences, length 20
# corresponding to MSA columns:
# 131-150
name=unknown_B
#
# <colnr> <probs for GDERKNQSTAVLIFYWHMCP>
#	G	D	E	R	K	N	Q	S	T	A	V	L	I	F	Y	W	H	M	C	P
0	0.02160	0.01838	0.13800	0.01514	0.02097	0.05920	0.07861	0.18475	0.05817	0.24148	0.01753	0.01738	0.01211	0.00706	0.00635	0.00191	0.00734	0.00582	0.00558	0.08262
1	0.05283	0.01521	0.07638	0.01275	0.01781	0.01391	0.01107	0.19726	0.16741	0.20049	0.04840	0.01958	0.01550	0.00765	0.00619	0.00189	0.00594	0.00609	0.00612	0.11751
2	0.10042	0.01591	0.01344	0.01129	0.01512	0.20305	0.00876	0.07014	0.01682	0.02292	0.16931	0.02215	0.04634	0.00788	0.00582	0.00160	0.00635	0.00610	0.00471	0.25186
3	0.01729	0.01501	0.01646	0.01569	0.10385	0.07205	0.01099	0.09622	0.26861	0.05302	0.01771	0.01796	0.01358	0.00691	0.00594	0.00171	0.00607	0.00564	0.00513	0.25019
4	0.01599	0.01535	0.02623	0.03966	0.73262	0.01535	0.01983	0.01983	0.01471	0.02111	0.01215	0.01599	0.01023	0.00576	0.00640	0.00192	0.00768	0.00576	0.00320	0.01023
5	0.00856	0.00621	0.00809	0.00855	0.00961	0.00574	0.00614	0.01069	0.01542	0.02115	0.36911	0.36139	0.08885	0.01658	0.00794	0.00233	0.00346	0.03797	0.00653	0.00569
6	0.01573	0.01322	0.01389	0.01255	0.01602	0.01522	0.00975	0.03271	0.66131	0.02678	0.02586	0.02411	0.01946	0.00866	0.00640	0.00213	0.00494	0.00720	0.07420	0.00987
7	0.01342	0.01344	0.02490	0.48829	0.12436	0.01497	0.19141	0.01796	0.01372	0.01811	0.01196	0.01713	0.00911	0.00612	0.00674	0.00213	0.00907	0.00622	0.00301	0.00793
8	0.02749	0.01166	0.01592	0.04307	0.04687	0.01063	0.01044	0.07554	0.01890	0.63266	0.02372	0.02113	0.01513	0.00783	0.00649	0.00200	0.00582	0.00639	0.00749	0.01081
9	0.01400	0.07569	0.39650	0.02099	0.02884	0.01592	0.28756	0.02020	0.01439	0.02039	0.03628	0.01606	0.01060	0.00607	0.00663	0.00205	0.00967	0.00602	0.00309	0.00903
10	0.00826	0.00647	0.00647	0.00647	0.00856	0.00553	0.00485	0.01009	0.01456	0.01839	0.05920	0.05681	0.62941	0.01512	0.00720	0.00209	0.00324	0.01256	0.11919	0.00553
11	0.01454	0.00851	0.01244	0.01128	0.01370	0.00782	0.06891	0.01715	0.04307	0.21211	0.03250	0.42378	0.07732	0.01491	0.00761	0.00237	0.00487	0.01345	0.00632	0.00732
12	0.01504	0.01594	0.02748	0.15197	0.22541	0.07399	0.28597	0.01918	0.01471	0.01935	0.01420	0.07986	0.01238	0.00705	0.00700	0.00210	0.00908	0.00742	0.00342	0.00848
13	0.01537	0.01552	0.01799	0.45922	0.03369	0.16589	0.01523	0.07421	0.01577	0.01878	0.03490	0.02122	0.03132	0.00772	0.00653	0.00208	0.00867	0.04486	0.00364	0.00740
14	0.01531	0.01304	0.02345	0.01823	0.02253	0.01264	0.32332	0.02149	0.13587	0.11271	0.02258	0.20745	0.02055	0.01005	0.00746	0.00227	0.00742	0.01012	0.00513	0.00840
15	0.01039	0.00650	0.00838	0.00906	0.01034	0.00591	0.00650	0.01187	0.01362	0.09817	0.03934	0.52070	0.15366	0.01806	0.00799	0.00250	0.00401	0.06079	0.00622	0.00598
16	0.01066	0.01202	0.13268	0.05426	0.07145	0.00888	0.02633	0.01370	0.01346	0.03358	0.02756	0.38123	0.03033	0.01501	0.00774	0.00249	0.00588	0.14092	0.00505	0.00678
17	0.01961	0.01627	0.14058	0.01628	0.02171	0.01257	0.18892	0.08099	0.01654	0.27200	0.01844	0.02185	0.01379	0.11821	0.01056	0.00267	0.00779	0.00686	0.00520	0.00915
18	0.02353	0.07658	0.01900	0.01809	0.18299	0.01245	0.01207	0.05441	0.01734	0.43516	0.02118	0.04474	0.01532	0.00796	0.00641	0.00198	0.00615	0.02815	0.00625	0.01025
19	0.01592	0.07949	0.14643	0.01815	0.13745	0.01248	0.06763	0.01988	0.01567	0.15068	0.12367	0.03055	0.02269	0.00930	0.00688	0.00212	0.00683	0.12053	0.00499	0.00865

[dist]
# distance from previous block
# <min> <max>
10	16

[block]
# block no. 2 follows, 34 sequences, length 6
# corresponding to MSA columns:
# 167-172
name=unknown_C
#
# <colnr> <probs for GDERKNQSTAVLIFYWHMCP>
#	G	D	E	R	K	N	Q	S	T	A	V	L	I	F	Y	W	H	M	C	P
0	0.18983	0.04702	0.07932	0.01275	0.06254	0.01232	0.01031	0.01685	0.01339	0.05135	0.10241	0.06237	0.06009	0.00872	0.00747	0.00192	0.09206	0.00662	0.00438	0.15828
1	0.01813	0.04556	0.01656	0.01426	0.03664	0.18023	0.01100	0.14314	0.09833	0.06322	0.04960	0.01951	0.01491	0.01733	0.17645	0.00389	0.07227	0.00608	0.00467	0.00824
2	0.01396	0.14578	0.22960	0.01276	0.01749	0.10931	0.01305	0.01775	0.01430	0.01911	0.05178	0.07311	0.04845	0.01028	0.03216	0.00220	0.00748	0.04914	0.12473	0.00755
3	0.08641	0.24048	0.01808	0.01032	0.01422	0.01425	0.00896	0.06345	0.01553	0.08398	0.11410	0.06311	0.06422	0.00965	0.00597	0.00186	0.00543	0.08588	0.00498	0.08912
4	0.01200	0.07973	0.16604	0.11445	0.01929	0.01131	0.01201	0.04140	0.01377	0.01897	0.12312	0.12420	0.02243	0.06208	0.01043	0.09529	0.00638	0.00807	0.00415	0.05487
5	0.10260	0.00806	0.00888	0.00919	0.01090	0.00819	0.00665	0.05117	0.08120	0.02045	0.03627	0.43434	0.16597	0.01609	0.00739	0.00239	0.00412	0.01401	0.00585	0.00628

[dist]
# distance from previous block
# <min> <max>
0	1

[block]
# block no. 3 follows, 34 sequences, length 10
# corresponding to MSA columns:
# 174-183
name=unknown_D
#
# <colnr> <probs for GDERKNQSTAVLIFYWHMCP>
#	G	D	E	R	K	N	Q	S	T	A	V	L	I	F	Y	W	H	M	C	P
0	0.07285	0.07939	0.17100	0.01249	0.01839	0.01300	0.01224	0.09095	0.01669	0.22291	0.06003	0.01778	0.01412	0.00693	0.00579	0.00175	0.00632	0.00541	0.00515	0.16682
1	0.02414	0.03079	0.01831	0.01665	0.01998	0.74698	0.01248	0.02580	0.01831	0.01581	0.00999	0.01165	0.00832	0.00666	0.00583	0.00166	0.01165	0.00416	0.00333	0.00749
2	0.01096	0.01089	0.06239	0.01121	0.05790	0.00833	0.00881	0.01430	0.03924	0.01979	0.05585	0.03991	0.29388	0.01114	0.00665	0.00185	0.00479	0.07740	0.00496	0.25974
3	0.02414	0.03079	0.01831	0.01665	0.01998	0.74698	0.01248	0.02580	0.01831	0.01581	0.00999	0.01165	0.00832	0.00666	0.00583	0.00166	0.01165	0.00416	0.00333	0.00749
4	0.01424	0.01416	0.02191	0.12710	0.14455	0.01805	0.05623	0.01672	0.01147	0.01694	0.00981	0.01509	0.00888	0.00932	0.01577	0.00254	0.48079	0.00580	0.00292	0.00772
5	0.01071	0.01283	0.13589	0.01154	0.01536	0.00913	0.08325	0.05345	0.01541	0.02045	0.07990	0.11125	0.34143	0.01262	0.00718	0.00214	0.00539	0.01091	0.05432	0.00687
6	0.01482	0.05674	0.16039	0.01436	0.04720	0.09994	0.05010	0.01812	0.01500	0.10411	0.02765	0.14132	0.13580	0.01126	0.00696	0.00216	0.00693	0.07459	0.00482	0.00773
7	0.01251	0.01179	0.01681	0.30724	0.14034	0.05450	0.01424	0.01566	0.01374	0.01763	0.02220	0.09696	0.09055	0.01048	0.00793	0.00229	0.05328	0.10073	0.00397	0.00716
8	0.01700	0.18938	0.11727	0.09667	0.02418	0.06133	0.16787	0.02062	0.01447	0.12381	0.01471	0.04288	0.01203	0.06079	0.00805	0.00222	0.00825	0.00622	0.00388	0.00836
9	0.01233	0.02262	0.39712	0.01857	0.08952	0.01268	0.08872	0.01786	0.01454	0.02077	0.10288	0.05602	0.06539	0.00875	0.00682	0.00213	0.00789	0.04305	0.00387	0.00848

[dist]
# distance from previous block
# <min> <max>
0	18

[block]
# block no. 4 follows, 34 sequences, length 10
# corresponding to MSA columns:
# 202-211
name=unknown_E
#
# <colnr> <probs for GDERKNQSTAVLIFYWHMCP>
#	G	D	E	R	K	N	Q	S	T	A	V	L	I	F	Y	W	H	M	C	P
0	0.02611	0.01064	0.01426	0.01120	0.01574	0.00944	0.00915	0.02945	0.05308	0.62169	0.10510	0.02507	0.02126	0.00862	0.00663	0.00201	0.00520	0.00712	0.00783	0.01040
1	0.02186	0.11414	0.02024	0.01402	0.01892	0.01992	0.01170	0.48186	0.17189	0.03461	0.01692	0.01664	0.01246	0.00768	0.00619	0.00192	0.00667	0.00583	0.00601	0.01049
2	0.42298	0.11289	0.01557	0.01113	0.01540	0.08621	0.00923	0.12780	0.10001	0.02755	0.01216	0.01299	0.00943	0.00660	0.00488	0.00190	0.00621	0.00437	0.00446	0.00821
3	0.00815	0.00632	0.00749	0.00816	0.00956	0.00566	0.00602	0.00987	0.01418	0.01799	0.10371	0.31575	0.35220	0.01767	0.00800	0.00242	0.00373	0.09156	0.00608	0.00549
4	0.04826	0.50592	0.14241	0.01239	0.01826	0.02162	0.01277	0.02178	0.09341	0.05205	0.01214	0.01300	0.00988	0.00613	0.00484	0.00163	0.00699	0.00425	0.00348	0.00879
5	0.01680	0.27807	0.35062	0.01561	0.02248	0.17691	0.01718	0.02125	0.01448	0.01772	0.01039	0.01213	0.00825	0.00605	0.00541	0.00174	0.00913	0.00421	0.00287	0.00869
6	0.01758	0.00852	0.01105	0.00932	0.01249	0.00747	0.00737	0.02013	0.01774	0.33643	0.30111	0.03924	0.16152	0.01149	0.00713	0.00204	0.00416	0.00976	0.00730	0.00813
7	0.00823	0.00605	0.00779	0.00895	0.00980	0.00561	0.00640	0.00977	0.01337	0.01752	0.07807	0.53409	0.14624	0.01897	0.00821	0.00257	0.00392	0.10298	0.00605	0.00542
8	0.02170	0.22494	0.05223	0.01320	0.01814	0.08893	0.01158	0.26712	0.02063	0.14593	0.01601	0.06357	0.01278	0.00782	0.00588	0.00182	0.00711	0.00590	0.00522	0.00948
9	0.02005	0.01151	0.01600	0.01265	0.01648	0.01108	0.08687	0.15083	0.01872	0.29138	0.10294	0.06815	0.04402	0.10691	0.01025	0.00260	0.00606	0.00833	0.00639	0.00879

[dist]
# distance from previous block
# <min> <max>
6	13

[block]
# block no. 5 follows, 34 sequences, length 6
# corresponding to MSA columns:
# 225-230
name=unknown_F
#
# <colnr> <probs for GDERKNQSTAVLIFYWHMCP>
#	G	D	E	R	K	N	Q	S	T	A	V	L	I	F	Y	W	H	M	C	P
0	0.01429	0.09960	0.40774	0.01761	0.02465	0.01674	0.09514	0.02250	0.14073	0.02078	0.01391	0.01566	0.01047	0.00687	0.00733	0.00208	0.06567	0.00548	0.00349	0.00927
1	0.01493	0.01427	0.02431	0.24035	0.54021	0.01507	0.01930	0.01890	0.01421	0.01982	0.01197	0.01634	0.00978	0.00595	0.00641	0.00198	0.00794	0.00575	0.00311	0.00938
2	0.01640	0.01406	0.02061	0.41705	0.16134	0.01615	0.01667	0.21468	0.01821	0.02422	0.01275	0.01652	0.00958	0.00670	0.00645	0.00205	0.00802	0.00577	0.00395	0.00881
3	0.01077	0.00809	0.01189	0.08305	0.01572	0.00786	0.05504	0.01354	0.01528	0.05791	0.18991	0.15134	0.15806	0.01445	0.00786	0.00239	0.00510	0.17952	0.00585	0.00637
4	0.01513	0.01426	0.02412	0.09689	0.60539	0.01450	0.01876	0.01893	0.01458	0.02055	0.01424	0.02161	0.01271	0.00699	0.00665	0.00204	0.00759	0.07205	0.00344	0.00956
5	0.02262	0.01149	0.01434	0.01182	0.01595	0.01124	0.00963	0.09526	0.15026	0.40590	0.09704	0.02855	0.02249	0.00945	0.00682	0.00211	0.00537	0.06238	0.00733	0.00994

[dist]
# distance from previous block
# <min> <max>
0	16

[block]
# block no. 6 follows, 34 sequences, length 40
# corresponding to MSA columns:
# 247-286
name=unknown_G
#
# <colnr> <probs for GDERKNQSTAVLIFYWHMCP>
#	G	D	E	R	K	N	Q	S	T	A	V	L	I	F	Y	W	H	M	C	P
0	0.02561	0.01098	0.01449	0.01173	0.01622	0.01007	0.00967	0.03003	0.10128	0.58172	0.02645	0.02730	0.01854	0.00907	0.00675	0.00212	0.00550	0.07443	0.00763	0.01040
1	0.00954	0.00669	0.00991	0.00991	0.01082	0.00760	0.00748	0.01095	0.01003	0.01429	0.01655	0.02542	0.01580	0.08341	0.59926	0.13194	0.01494	0.00686	0.00339	0.00522
2	0.01364	0.10291	0.01946	0.11876	0.26202	0.01292	0.01389	0.01664	0.01406	0.04616	0.02059	0.15718	0.02093	0.01079	0.00696	0.00222	0.00660	0.14202	0.00431	0.00792
3	0.06466	0.01275	0.03517	0.01722	0.15911	0.01162	0.01182	0.05120	0.04966	0.46396	0.04148	0.02063	0.01548	0.00758	0.00638	0.00199	0.00598	0.00632	0.00656	0.01043
4	0.00931	0.00662	0.00883	0.00883	0.00945	0.00723	0.00614	0.01054	0.00992	0.01385	0.01873	0.03325	0.01957	0.38564	0.41481	0.00847	0.01217	0.00807	0.00367	0.00491
5	0.01293	0.02696	0.52418	0.01783	0.02562	0.01392	0.10194	0.03940	0.01476	0.02148	0.08929	0.05224	0.01565	0.00750	0.00658	0.00208	0.00868	0.00650	0.00352	0.00893
6	0.01670	0.15946	0.42279	0.01807	0.09406	0.01599	0.01880	0.02204	0.01447	0.13918	0.01351	0.01469	0.00971	0.00630	0.00587	0.00191	0.00822	0.00493	0.00366	0.00964
7	0.01562	0.04969	0.19399	0.20952	0.02889	0.12583	0.10748	0.02106	0.06181	0.05382	0.03255	0.03188	0.02537	0.00709	0.00645	0.00203	0.00882	0.00611	0.00368	0.00833
8	0.01590	0.01621	0.01591	0.01885	0.18563	0.23999	0.01190	0.01750	0.01474	0.01701	0.02035	0.02955	0.08592	0.01214	0.01016	0.14752	0.00782	0.12214	0.00391	0.00684
9	0.00927	0.00647	0.00875	0.00998	0.01093	0.00623	0.00775	0.01083	0.01323	0.01726	0.03497	0.34209	0.09195	0.01914	0.01018	0.08317	0.00483	0.30200	0.00566	0.00532
10	0.01668	0.01090	0.01331	0.00998	0.01512	0.00855	0.00796	0.01932	0.01453	0.19147	0.01675	0.07585	0.01375	0.00679	0.00547	0.00134	0.00487	0.00563	0.00500	0.55673
11	0.01302	0.01663	0.18951	0.18926	0.10940	0.01287	0.04722	0.08508	0.01525	0.02069	0.02168	0.14160	0.09119	0.00965	0.00684	0.00216	0.00733	0.00847	0.00409	0.00806
12	0.00794	0.00585	0.00744	0.00854	0.00929	0.00535	0.00583	0.00931	0.01323	0.01743	0.09775	0.59778	0.15248	0.01905	0.00810	0.00251	0.00362	0.01707	0.00609	0.00535
13	0.01556	0.01513	0.02649	0.10999	0.60861	0.01533	0.07451	0.01957	0.01458	0.02062	0.01216	0.01623	0.01004	0.00580	0.00650	0.00196	0.00803	0.00590	0.00317	0.00981
14	0.01846	0.02137	0.29522	0.01554	0.04530	0.06567	0.01548	0.05561	0.08776	0.20901	0.05400	0.05553	0.01594	0.00803	0.00646	0.00204	0.00741	0.00653	0.00510	0.00955
15	0.01342	0.03027	0.60341	0.02048	0.04914	0.01524	0.13668	0.02048	0.01394	0.02052	0.01185	0.01433	0.00851	0.00601	0.00639	0.00206	0.00972	0.00527	0.00283	0.00943
16	0.01484	0.01477	0.01351	0.01258	0.01458	0.21805	0.00967	0.07129	0.01415	0.01718	0.01493	0.02110	0.01360	0.06515	0.42139	0.00680	0.03996	0.00612	0.00366	0.00663
17	0.01382	0.01211	0.01546	0.01441	0.13058	0.00970	0.00961	0.01684	0.01361	0.02106	0.01159	0.01382	0.00968	0.00494	0.00504	0.00111	0.00525	0.00414	0.00373	0.68352
18	0.17680	0.02024	0.01545	0.01370	0.01745	0.28459	0.01063	0.09586	0.25503	0.02466	0.01585	0.01601	0.01217	0.00735	0.00578	0.00194	0.00769	0.00526	0.00487	0.00867
19	0.00970	0.00697	0.00878	0.00950	0.01036	0.00692	0.00657	0.07891	0.01385	0.01854	0.03167	0.60709	0.03697	0.07509	0.04355	0.00317	0.00488	0.01595	0.00578	0.00575
20	0.01600	0.01521	0.02507	0.03703	0.66149	0.01542	0.01888	0.02127	0.08489	0.02170	0.01356	0.01680	0.01118	0.00606	0.00641	0.00195	0.00742	0.00591	0.00353	0.01023
21	0.01013	0.00858	0.01344	0.37034	0.02640	0.00991	0.01184	0.01284	0.01236	0.01622	0.02189	0.31732	0.02338	0.04731	0.06626	0.00316	0.00726	0.01100	0.00420	0.00616
22	0.02456	0.01810	0.01939	0.01487	0.02004	0.02004	0.01228	0.71107	0.03038	0.04072	0.01551	0.01551	0.01099	0.00776	0.00646	0.00194	0.00711	0.00582	0.00646	0.01099
23	0.01525	0.01743	0.03813	0.02723	0.03377	0.01634	0.70915	0.02070	0.01525	0.02070	0.01307	0.01743	0.00980	0.00545	0.00763	0.00218	0.01089	0.00763	0.00327	0.00871
24	0.00847	0.00619	0.00830	0.00902	0.00975	0.00629	0.00634	0.00988	0.01157	0.01563	0.03033	0.38914	0.08666	0.11628	0.24880	0.00551	0.00836	0.01327	0.00494	0.00528
25	0.01305	0.01181	0.01920	0.02798	0.45557	0.01165	0.01479	0.01601	0.01413	0.01960	0.02271	0.21451	0.06060	0.01092	0.00712	0.00219	0.00630	0.05921	0.00427	0.00839
26	0.01536	0.20403	0.25452	0.02023	0.02733	0.04620	0.30270	0.02050	0.01436	0.01913	0.01152	0.01434	0.00888	0.00573	0.00626	0.00193	0.00955	0.00561	0.00298	0.00883
27	0.00941	0.00718	0.00966	0.06945	0.01399	0.00709	0.00887	0.01181	0.01416	0.01810	0.03963	0.21114	0.18978	0.01711	0.00830	0.00266	0.00511	0.34502	0.00573	0.00579
28	0.01004	0.00649	0.00812	0.00854	0.00995	0.00581	0.00608	0.01164	0.01419	0.08933	0.11481	0.44115	0.21498	0.01731	0.00785	0.00239	0.00373	0.01530	0.00631	0.00596
29	0.01501	0.01223	0.01696	0.01378	0.01652	0.04428	0.14126	0.17947	0.01593	0.02109	0.01603	0.04533	0.01510	0.19810	0.08809	0.13402	0.00848	0.00738	0.00421	0.00671
30	0.01599	0.01535	0.02623	0.03966	0.73262	0.01535	0.01983	0.01983	0.01471	0.02111	0.01215	0.01599	0.01023	0.00576	0.00640	0.00192	0.00768	0.00576	0.00320	0.01023
31	0.01648	0.01463	0.02677	0.05650	0.11434	0.03007	0.34136	0.05450	0.01599	0.10702	0.01807	0.09159	0.01563	0.00826	0.00734	0.00220	0.00854	0.05762	0.00442	0.00867
32	0.01138	0.00638	0.00909	0.04355	0.01054	0.00635	0.00626	0.01061	0.01112	0.04443	0.15563	0.02789	0.02258	0.10457	0.02096	0.48793	0.00531	0.00729	0.00401	0.00413
33	0.01609	0.01506	0.02486	0.15181	0.46470	0.01573	0.07323	0.08232	0.05163	0.02239	0.01314	0.01667	0.01049	0.00618	0.00652	0.00199	0.00790	0.00599	0.00362	0.00968
34	0.01559	0.01549	0.02255	0.03202	0.52645	0.08690	0.01692	0.01872	0.01451	0.01967	0.01497	0.11862	0.01441	0.00811	0.00734	0.00204	0.04568	0.00732	0.00358	0.00912
35	0.02375	0.01355	0.01628	0.04915	0.01864	0.01394	0.01075	0.30918	0.05145	0.31486	0.02171	0.09209	0.01633	0.00905	0.00666	0.00205	0.00613	0.00737	0.00686	0.01021
36	0.01531	0.01241	0.01638	0.04885	0.08904	0.01051	0.03859	0.05303	0.01479	0.07073	0.01278	0.01470	0.01011	0.00536	0.00534	0.00128	0.00567	0.00455	0.00412	0.56644
37	0.01481	0.12874	0.44590	0.01652	0.02396	0.05306	0.05115	0.02189	0.08454	0.04152	0.04816	0.01625	0.01224	0.00671	0.00605	0.00196	0.00849	0.00534	0.00354	0.00918
38	0.02114	0.06296	0.01793	0.05023	0.01970	0.57336	0.01197	0.02307	0.01702	0.01615	0.04035	0.01472	0.01128	0.01102	0.07953	0.00256	0.01149	0.00479	0.00345	0.00729
39	0.05190	0.01387	0.04313	0.01051	0.01557	0.08238	0.00861	0.01694	0.01344	0.02016	0.01195	0.01512	0.01028	0.04482	0.04387	0.00186	0.00638	0.00431	0.00373	0.58117

[dist]
# distance from previous block
# <min> <max>
0	30

# created by:
# /home/berkeley/.conda/envs/busco_data_prod/bin/msa2prfl.pl pipeline/OGs_align_augustus/5794/33233.fs
