[name]
unknown

[dist]
# distance from previous block
# <min> <max>
0	26

[block]
# block no. 0 follows, 29 sequences, length 8
# corresponding to MSA columns:
# 26-33
name=unknown_A
#
# <colnr> <probs for GDERKNQSTAVLIFYWHMCP>
#	G	D	E	R	K	N	Q	S	T	A	V	L	I	F	Y	W	H	M	C	P
0	0.01119	0.00799	0.01115	0.01279	0.01430	0.00795	0.01098	0.01426	0.01611	0.02099	0.03786	0.14792	0.04160	0.01994	0.00976	0.00324	0.00631	0.59262	0.00656	0.00648
1	0.64338	0.11264	0.01478	0.01022	0.01494	0.01801	0.00870	0.06612	0.01389	0.03081	0.01040	0.01193	0.00820	0.00667	0.00461	0.00211	0.00595	0.00402	0.00441	0.00820
2	0.06617	0.02012	0.11383	0.15526	0.20204	0.10787	0.01759	0.02551	0.10632	0.09272	0.01622	0.01840	0.01219	0.00738	0.00682	0.00220	0.00870	0.00613	0.00449	0.01003
3	0.01315	0.24840	0.01829	0.01039	0.01347	0.05194	0.00860	0.01502	0.01459	0.01758	0.03465	0.15378	0.21913	0.05318	0.09430	0.00347	0.00749	0.01062	0.00486	0.00706
4	0.01561	0.02738	0.36144	0.28715	0.03648	0.10998	0.02219	0.02170	0.01542	0.02024	0.01250	0.01622	0.00922	0.00697	0.00685	0.00224	0.01045	0.00557	0.00315	0.00924
5	0.02402	0.02881	0.14718	0.01917	0.02486	0.37216	0.09562	0.05745	0.01948	0.12307	0.01455	0.01589	0.01073	0.00735	0.00686	0.00205	0.01109	0.00563	0.00446	0.00958
6	0.01570	0.02428	0.33819	0.01913	0.10620	0.01368	0.01838	0.02132	0.01533	0.05536	0.01353	0.01568	0.01027	0.00626	0.00626	0.00179	0.00811	0.00509	0.00379	0.30164
7	0.04392	0.01681	0.12943	0.01287	0.01682	0.10474	0.01170	0.02014	0.05219	0.08811	0.05174	0.10498	0.11121	0.01536	0.06688	0.00306	0.00790	0.04937	0.08465	0.00812

[dist]
# distance from previous block
# <min> <max>
1	7

[block]
# block no. 1 follows, 29 sequences, length 29
# corresponding to MSA columns:
# 41-48,52-72
name=unknown_B
#
# <colnr> <probs for GDERKNQSTAVLIFYWHMCP>
#	G	D	E	R	K	N	Q	S	T	A	V	L	I	F	Y	W	H	M	C	P
0	0.16477	0.14068	0.06559	0.08602	0.20401	0.05575	0.01539	0.02445	0.13355	0.02414	0.01466	0.01673	0.01167	0.00708	0.00613	0.00210	0.00772	0.00559	0.00421	0.00974
1	0.01830	0.01508	0.02355	0.05695	0.40459	0.01583	0.01752	0.06494	0.05053	0.08802	0.01631	0.02000	0.01317	0.01368	0.10542	0.00348	0.05109	0.00668	0.00444	0.01042
2	0.02505	0.05322	0.02267	0.01694	0.02245	0.09929	0.05421	0.47842	0.06706	0.03758	0.01645	0.01696	0.01206	0.00809	0.00695	0.00207	0.00842	0.00623	0.00624	0.03963
3	0.01067	0.00742	0.00851	0.00818	0.00885	0.00708	0.00490	0.01115	0.01127	0.01542	0.04544	0.07973	0.02694	0.61745	0.03099	0.00599	0.00649	0.01037	0.00454	0.07861
4	0.01782	0.01689	0.07410	0.05869	0.29665	0.01690	0.01756	0.02447	0.13478	0.08461	0.01754	0.04390	0.01431	0.00885	0.01007	0.00240	0.13838	0.00709	0.00463	0.01034
5	0.05932	0.64736	0.03402	0.01209	0.01804	0.02590	0.01180	0.02256	0.01491	0.08261	0.01161	0.01263	0.00986	0.00637	0.00480	0.00162	0.00736	0.00412	0.00366	0.00935
6	0.01835	0.19251	0.20243	0.05009	0.09781	0.06123	0.01690	0.11616	0.01791	0.02410	0.01267	0.01478	0.01000	0.00664	0.00610	0.00185	0.00851	0.00505	0.00390	0.13301
7	0.02076	0.41385	0.11154	0.01473	0.02091	0.10118	0.01424	0.14814	0.05268	0.02349	0.01268	0.01384	0.01032	0.00695	0.00565	0.00181	0.00848	0.00477	0.00409	0.00988
8	0.00990	0.00725	0.00915	0.00868	0.01034	0.00665	0.00642	0.01288	0.01910	0.02658	0.58748	0.05454	0.13757	0.06024	0.01012	0.00255	0.00361	0.01297	0.00748	0.00649
9	0.01327	0.00664	0.00664	0.00664	0.00830	0.00664	0.00498	0.01659	0.01493	0.02655	0.02323	0.02655	0.01825	0.00830	0.00498	0.00166	0.00332	0.00664	0.78928	0.00664
10	0.01695	0.01623	0.02768	0.15557	0.59877	0.01674	0.02152	0.02126	0.01589	0.02244	0.01327	0.01784	0.01099	0.00647	0.00706	0.00216	0.00863	0.00634	0.00347	0.01073
11	0.01069	0.00801	0.01160	0.01146	0.01260	0.00808	0.05230	0.01248	0.01289	0.01732	0.02770	0.17638	0.03061	0.28551	0.14432	0.00588	0.00881	0.15249	0.00509	0.00579
12	0.01023	0.00741	0.01035	0.01035	0.01124	0.00831	0.00754	0.01201	0.01112	0.01572	0.02007	0.03351	0.02020	0.26036	0.51787	0.01009	0.01546	0.00844	0.00396	0.00575
13	0.00866	0.00625	0.00821	0.00978	0.01029	0.00580	0.00655	0.00993	0.01377	0.01823	0.04094	0.71034	0.08077	0.02209	0.00905	0.00287	0.00410	0.01997	0.00661	0.00580
14	0.01296	0.00876	0.01015	0.00992	0.01205	0.00879	0.00736	0.01886	0.15022	0.06667	0.16141	0.22476	0.11165	0.01453	0.00766	0.00236	0.00420	0.01262	0.14744	0.00761
15	0.45745	0.33850	0.02224	0.01060	0.01575	0.02133	0.00967	0.02110	0.01315	0.02528	0.00991	0.01150	0.00834	0.00638	0.00448	0.00190	0.00643	0.00383	0.00381	0.00834
16	0.00940	0.00686	0.00832	0.00878	0.00965	0.00661	0.00589	0.01062	0.01320	0.01731	0.07037	0.25736	0.17912	0.25745	0.10217	0.00505	0.00664	0.01410	0.00560	0.00548
17	0.01327	0.00664	0.00664	0.00664	0.00830	0.00664	0.00498	0.01659	0.01493	0.02655	0.02323	0.02655	0.01825	0.00830	0.00498	0.00166	0.00332	0.00664	0.78928	0.00664
18	0.01477	0.01266	0.01477	0.01055	0.01687	0.00949	0.00844	0.01793	0.01477	0.02320	0.01266	0.01477	0.01055	0.00527	0.00527	0.00105	0.00527	0.00422	0.00422	0.79328
19	0.01532	0.01520	0.02131	0.01835	0.01841	0.02119	0.01526	0.01692	0.01093	0.01711	0.00981	0.01617	0.00975	0.01443	0.05689	0.00352	0.70226	0.00630	0.00315	0.00772
20	0.01762	0.54030	0.23864	0.01460	0.02201	0.02471	0.01639	0.02169	0.01464	0.01848	0.01076	0.01250	0.00910	0.00629	0.00522	0.00174	0.00848	0.00424	0.00303	0.00955
21	0.00868	0.00620	0.00826	0.00991	0.01033	0.00578	0.00661	0.00991	0.01363	0.01818	0.03925	0.74510	0.04710	0.02231	0.00909	0.00289	0.00413	0.02024	0.00661	0.00578
22	0.01036	0.00690	0.00777	0.00777	0.00777	0.00690	0.00431	0.01036	0.01036	0.01381	0.02244	0.04660	0.02589	0.74975	0.03624	0.00690	0.00690	0.01036	0.00431	0.00431
23	0.01560	0.05609	0.33380	0.01509	0.02316	0.01348	0.01678	0.02099	0.01526	0.06483	0.01531	0.01692	0.03077	0.00659	0.00613	0.00173	0.00777	0.00518	0.00397	0.33055
24	0.02660	0.03394	0.02018	0.01834	0.02201	0.72116	0.01376	0.02843	0.02018	0.01743	0.01101	0.01284	0.00917	0.00734	0.00642	0.00183	0.01284	0.00459	0.00367	0.00825
25	0.01771	0.01530	0.01610	0.01449	0.01852	0.01771	0.01127	0.03784	0.69247	0.02979	0.02898	0.02657	0.02174	0.00966	0.00725	0.00242	0.00564	0.00805	0.00725	0.01127
26	0.01601	0.01518	0.02572	0.24817	0.47577	0.01610	0.02051	0.02036	0.01581	0.02200	0.04606	0.01973	0.01342	0.00697	0.00713	0.00220	0.00852	0.00665	0.00362	0.01005
27	0.05374	0.01286	0.01517	0.01322	0.01545	0.01475	0.01032	0.21042	0.01924	0.02714	0.09713	0.15630	0.04843	0.10185	0.01451	0.00308	0.16231	0.01021	0.00577	0.00810
28	0.01498	0.30822	0.02234	0.01194	0.01526	0.01713	0.01038	0.01731	0.01303	0.04970	0.01557	0.02132	0.01427	0.05438	0.35033	0.00655	0.03969	0.00611	0.00374	0.00773

[dist]
# distance from previous block
# <min> <max>
6	25

[block]
# block no. 2 follows, 29 sequences, length 13
# corresponding to MSA columns:
# 98-110
name=unknown_C
#
# <colnr> <probs for GDERKNQSTAVLIFYWHMCP>
#	G	D	E	R	K	N	Q	S	T	A	V	L	I	F	Y	W	H	M	C	P
0	0.01720	0.15468	0.36864	0.09936	0.02796	0.01714	0.01958	0.02290	0.01547	0.10446	0.01411	0.01595	0.01027	0.00680	0.00634	0.00203	0.00889	0.00527	0.00384	0.07912
1	0.01741	0.17217	0.14910	0.03818	0.09951	0.01651	0.01462	0.09662	0.01865	0.08375	0.14536	0.02681	0.07374	0.00926	0.00685	0.00208	0.00711	0.00755	0.00522	0.00952
2	0.01010	0.00771	0.01109	0.01426	0.09121	0.00741	0.00905	0.01197	0.01432	0.01920	0.03605	0.56823	0.04211	0.02010	0.00896	0.00286	0.00497	0.10764	0.00625	0.00653
3	0.01581	0.01515	0.02523	0.30116	0.37803	0.01707	0.02034	0.01993	0.01485	0.02064	0.01265	0.01790	0.01038	0.00734	0.00896	0.00233	0.09295	0.00633	0.00334	0.00960
4	0.04574	0.02441	0.39050	0.01572	0.02287	0.01323	0.01803	0.04114	0.01685	0.09205	0.10601	0.03019	0.09877	0.00996	0.00728	0.00231	0.00792	0.04261	0.00496	0.00943
5	0.01812	0.01710	0.12623	0.16889	0.14907	0.01416	0.11368	0.02266	0.01629	0.16526	0.01936	0.10315	0.01597	0.00888	0.00748	0.00234	0.00849	0.00826	0.00485	0.00977
6	0.01000	0.00723	0.01001	0.01025	0.01107	0.00792	0.00736	0.01169	0.01148	0.01605	0.02289	0.13727	0.02419	0.23214	0.43748	0.00900	0.01370	0.01018	0.00435	0.00574
7	0.01364	0.01898	0.25791	0.01774	0.07918	0.01159	0.04776	0.01802	0.01505	0.06867	0.02523	0.27886	0.02592	0.03516	0.00879	0.00268	0.00748	0.05376	0.00503	0.00854
8	0.02073	0.02550	0.19689	0.08271	0.12894	0.20813	0.01793	0.06132	0.04593	0.09478	0.01525	0.01712	0.01136	0.00737	0.00676	0.00210	0.00969	0.00576	0.03178	0.00994
9	0.01779	0.21059	0.22871	0.01807	0.02467	0.01978	0.11733	0.07838	0.01694	0.05991	0.05669	0.01788	0.01376	0.00780	0.00826	0.00216	0.08131	0.00614	0.00409	0.00974
10	0.01565	0.01853	0.18219	0.37332	0.07972	0.01483	0.01926	0.02083	0.01514	0.07954	0.01406	0.01791	0.01032	0.00691	0.00681	0.00215	0.00886	0.00590	0.00376	0.10430
11	0.06343	0.12980	0.12410	0.02629	0.28234	0.13991	0.01761	0.04528	0.01668	0.02213	0.01395	0.06114	0.01237	0.00764	0.00652	0.00205	0.00893	0.00625	0.00378	0.00981
12	0.01779	0.05233	0.02109	0.05134	0.18754	0.05125	0.01472	0.11312	0.16256	0.02521	0.01818	0.02234	0.01510	0.01524	0.11249	0.00363	0.07361	0.02774	0.00489	0.00982

[dist]
# distance from previous block
# <min> <max>
1	4

[block]
# block no. 3 follows, 29 sequences, length 35
# corresponding to MSA columns:
# 115-149
name=unknown_D
#
# <colnr> <probs for GDERKNQSTAVLIFYWHMCP>
#	G	D	E	R	K	N	Q	S	T	A	V	L	I	F	Y	W	H	M	C	P
0	0.01557	0.01329	0.01768	0.09147	0.08377	0.08032	0.07546	0.03996	0.01546	0.07206	0.02163	0.17721	0.02140	0.09763	0.10465	0.00402	0.00929	0.00990	0.00484	0.04439
1	0.01991	0.00982	0.01315	0.01135	0.01457	0.00948	0.00891	0.02314	0.04787	0.31971	0.07865	0.03221	0.06115	0.09129	0.21974	0.00537	0.00959	0.00851	0.00666	0.00891
2	0.23528	0.01736	0.07064	0.04993	0.22622	0.09488	0.01448	0.02013	0.01494	0.02389	0.01691	0.13526	0.01640	0.00954	0.00662	0.00229	0.00758	0.02459	0.00432	0.00873
3	0.01022	0.00745	0.01052	0.01052	0.01147	0.00840	0.00774	0.01212	0.01117	0.01584	0.01992	0.03267	0.01984	0.22918	0.54855	0.01030	0.01600	0.00832	0.00394	0.00584
4	0.01482	0.03308	0.57004	0.02236	0.03218	0.01685	0.16536	0.02261	0.01541	0.02261	0.01312	0.01592	0.00940	0.00660	0.00711	0.00229	0.01084	0.00593	0.00313	0.01033
5	0.01645	0.02011	0.17194	0.04775	0.02693	0.04640	0.21964	0.02394	0.11968	0.06944	0.04295	0.10206	0.01925	0.00954	0.00778	0.00241	0.00893	0.03039	0.00494	0.00948
6	0.01564	0.16084	0.42216	0.07827	0.14347	0.01864	0.02250	0.02187	0.01507	0.02129	0.01235	0.01513	0.00946	0.00660	0.00644	0.00211	0.00957	0.00526	0.00311	0.01020
7	0.01676	0.01201	0.01335	0.01191	0.01452	0.01299	0.00884	0.13773	0.21223	0.06518	0.02488	0.03690	0.02294	0.30745	0.01906	0.00422	0.00663	0.05800	0.00609	0.00831
8	0.01193	0.00751	0.01029	0.01133	0.01268	0.00719	0.00873	0.01406	0.01511	0.08572	0.03671	0.41848	0.04084	0.02157	0.04232	0.00335	0.00583	0.23300	0.00667	0.00668
9	0.01749	0.01485	0.05200	0.33591	0.20101	0.01550	0.01823	0.05067	0.01626	0.11387	0.01620	0.05275	0.01287	0.00817	0.00796	0.00233	0.04307	0.00704	0.00434	0.00950
10	0.01187	0.00937	0.01217	0.01367	0.09728	0.00952	0.00853	0.01615	0.09702	0.02165	0.20806	0.04265	0.09902	0.23364	0.08488	0.00452	0.00685	0.01044	0.00569	0.00703
11	0.00874	0.00661	0.00785	0.00878	0.00985	0.00596	0.00599	0.01006	0.01424	0.01815	0.04915	0.44757	0.27259	0.08620	0.01130	0.00308	0.00420	0.01754	0.00640	0.00573
12	0.01653	0.02061	0.14773	0.02863	0.17533	0.01672	0.32414	0.06016	0.01731	0.02393	0.01755	0.02368	0.03621	0.00765	0.00786	0.00236	0.01012	0.04957	0.00399	0.00994
13	0.15314	0.10628	0.02139	0.15126	0.08474	0.01546	0.06311	0.01965	0.01445	0.02296	0.01203	0.01517	0.00976	0.00611	0.00578	0.00176	0.00720	0.00501	0.00380	0.28097
14	0.00970	0.00717	0.00929	0.01060	0.01189	0.00676	0.00824	0.01184	0.01522	0.01960	0.04532	0.35127	0.17772	0.02042	0.00924	0.00294	0.00496	0.26507	0.00659	0.00613
15	0.00938	0.00722	0.00858	0.00831	0.01023	0.00641	0.00621	0.01206	0.01840	0.02457	0.43364	0.08314	0.31374	0.01618	0.00843	0.00233	0.00348	0.01397	0.00732	0.00641
16	0.01788	0.38728	0.23171	0.01668	0.02377	0.02314	0.07063	0.07175	0.01606	0.02109	0.01162	0.01378	0.00948	0.00684	0.00681	0.00195	0.05149	0.00494	0.00339	0.00972
17	0.01727	0.34350	0.08545	0.01650	0.02218	0.02082	0.13880	0.07110	0.04674	0.02157	0.01719	0.08390	0.01612	0.00899	0.00660	0.00210	0.00822	0.05955	0.00424	0.00916
18	0.01898	0.00915	0.01111	0.01007	0.01303	0.00877	0.00820	0.05309	0.01766	0.22396	0.02707	0.03558	0.02207	0.01060	0.00663	0.00214	0.00494	0.12963	0.37885	0.00847
19	0.01910	0.43787	0.21319	0.01541	0.02225	0.14659	0.01620	0.02289	0.01562	0.01841	0.01086	0.01263	0.00911	0.00649	0.00548	0.00177	0.00930	0.00433	0.00314	0.00935
20	0.01697	0.01666	0.02322	0.19501	0.22192	0.08401	0.06719	0.08091	0.01731	0.02242	0.02043	0.02378	0.09735	0.00880	0.00871	0.00230	0.07228	0.00742	0.00414	0.00917
21	0.01612	0.01539	0.02619	0.29117	0.46959	0.01652	0.02111	0.02054	0.01550	0.02144	0.01313	0.01811	0.01064	0.00662	0.00707	0.00221	0.00883	0.00634	0.00340	0.01007
22	0.00858	0.00722	0.00744	0.00739	0.00972	0.00608	0.00554	0.01054	0.01662	0.02016	0.13435	0.06701	0.63966	0.01769	0.00841	0.00239	0.00358	0.01482	0.00673	0.00608
23	0.01803	0.02216	0.23040	0.02529	0.18532	0.01607	0.13470	0.04633	0.08776	0.09908	0.01718	0.02015	0.01304	0.04244	0.00862	0.00248	0.00904	0.00684	0.00451	0.01055
24	0.01474	0.01397	0.02368	0.52014	0.25148	0.01616	0.02042	0.01932	0.01485	0.01976	0.01288	0.01856	0.01004	0.00688	0.00710	0.00229	0.00917	0.00633	0.00328	0.00895
25	0.24740	0.01780	0.01507	0.01289	0.01698	0.16962	0.01020	0.13418	0.02011	0.12154	0.14438	0.02234	0.02133	0.00889	0.00643	0.00212	0.00718	0.00659	0.00594	0.00898
26	0.01697	0.01758	0.02927	0.22742	0.31557	0.07041	0.17608	0.02158	0.01611	0.02132	0.01325	0.01801	0.01052	0.00655	0.00734	0.00223	0.00991	0.00669	0.00345	0.00973
27	0.01672	0.01719	0.16774	0.07147	0.02466	0.01244	0.14002	0.02152	0.01743	0.15363	0.15973	0.05991	0.02724	0.01039	0.00788	0.00240	0.00781	0.06701	0.00568	0.00914
28	0.01415	0.01337	0.02263	0.61672	0.15947	0.01601	0.02012	0.01881	0.01457	0.01905	0.01278	0.01876	0.00979	0.00699	0.00711	0.00233	0.00932	0.00633	0.00322	0.00848
29	0.01620	0.00849	0.01065	0.00973	0.01250	0.00748	0.00742	0.01851	0.01755	0.23296	0.15499	0.19440	0.21359	0.01507	0.00801	0.00238	0.00442	0.01296	0.04470	0.00799
30	0.01703	0.21983	0.29025	0.05394	0.14235	0.02010	0.07660	0.06050	0.01628	0.02227	0.01251	0.01517	0.00979	0.00657	0.00641	0.00205	0.00933	0.00544	0.00340	0.01018
31	0.02045	0.19062	0.05644	0.01389	0.01842	0.01657	0.03924	0.09037	0.01765	0.20415	0.02257	0.11929	0.04430	0.01238	0.03955	0.00263	0.06803	0.00827	0.00568	0.00951
32	0.01888	0.19654	0.06187	0.01408	0.01861	0.15025	0.01224	0.13586	0.01927	0.02378	0.05074	0.11331	0.02007	0.01036	0.00676	0.00206	0.00790	0.06406	0.00495	0.06842
33	0.15017	0.08265	0.05787	0.01359	0.01787	0.14919	0.01142	0.18259	0.02026	0.02782	0.06692	0.11184	0.05888	0.01038	0.00671	0.00216	0.00751	0.00804	0.00538	0.00877
34	0.07021	0.06299	0.16853	0.01744	0.05487	0.01641	0.07869	0.13877	0.08189	0.07316	0.09122	0.02130	0.01798	0.00808	0.00685	0.00211	0.00767	0.00678	0.00530	0.06974

[dist]
# distance from previous block
# <min> <max>
2	8

[block]
# block no. 4 follows, 29 sequences, length 50
# corresponding to MSA columns:
# 158-182,191-215
name=unknown_E
#
# <colnr> <probs for GDERKNQSTAVLIFYWHMCP>
#	G	D	E	R	K	N	Q	S	T	A	V	L	I	F	Y	W	H	M	C	P
0	0.04759	0.20286	0.17939	0.01349	0.01845	0.01505	0.01354	0.01903	0.01506	0.08386	0.02332	0.21623	0.02367	0.01243	0.00713	0.00235	0.00701	0.08608	0.00499	0.00848
1	0.01578	0.01920	0.13060	0.06581	0.16360	0.08347	0.06306	0.02306	0.13836	0.02349	0.09573	0.02833	0.10007	0.00938	0.00738	0.00225	0.00791	0.00817	0.00493	0.00943
2	0.01643	0.13331	0.09014	0.02017	0.16031	0.01542	0.06149	0.06074	0.03275	0.06767	0.08660	0.05763	0.10273	0.01035	0.00729	0.00222	0.00719	0.05313	0.00514	0.00927
3	0.01621	0.07748	0.53343	0.04435	0.03006	0.04302	0.07037	0.02327	0.01560	0.06203	0.01354	0.01570	0.00968	0.00682	0.00677	0.00221	0.01024	0.00552	0.00342	0.01029
4	0.01676	0.02553	0.28421	0.09566	0.22748	0.10550	0.02095	0.04308	0.01645	0.02209	0.01475	0.06799	0.01256	0.00791	0.00702	0.00221	0.00957	0.00670	0.00365	0.00991
5	0.01452	0.00874	0.01044	0.00948	0.01234	0.00789	0.00728	0.01805	0.06156	0.17111	0.21286	0.09915	0.30898	0.01494	0.00811	0.00235	0.00424	0.01271	0.00743	0.00783
6	0.01845	0.02457	0.16610	0.16261	0.26730	0.19706	0.02030	0.02299	0.01661	0.02066	0.01252	0.01612	0.00994	0.00683	0.00684	0.00212	0.01020	0.00567	0.00339	0.00971
7	0.02472	0.01458	0.01978	0.15128	0.10923	0.01507	0.01416	0.19436	0.02184	0.29881	0.02040	0.02072	0.01395	0.00810	0.00704	0.00218	0.00734	0.00669	0.03875	0.01100
8	0.00918	0.00720	0.00841	0.00893	0.01074	0.00642	0.00682	0.01132	0.01625	0.02053	0.13711	0.19457	0.39106	0.01868	0.00878	0.00262	0.00417	0.12429	0.00675	0.00615
9	0.02215	0.41978	0.02926	0.01477	0.01985	0.28544	0.01279	0.05434	0.04793	0.01885	0.01149	0.01289	0.00985	0.00683	0.00549	0.00171	0.00948	0.00440	0.00365	0.00904
10	0.02170	0.09576	0.04455	0.04066	0.04263	0.04491	0.05334	0.18867	0.03777	0.17797	0.06925	0.08846	0.04306	0.00996	0.00720	0.00219	0.00722	0.00833	0.00629	0.01008
11	0.01566	0.02416	0.26983	0.02479	0.09275	0.01844	0.20666	0.02107	0.01451	0.02120	0.01235	0.01660	0.00982	0.00808	0.01182	0.00252	0.21039	0.00651	0.00325	0.00958
12	0.00842	0.00721	0.00721	0.00721	0.00962	0.00601	0.00541	0.01022	0.01623	0.01924	0.07213	0.06853	0.70244	0.01803	0.00842	0.00240	0.00361	0.01503	0.00661	0.00601
13	0.01845	0.02205	0.19414	0.02287	0.11119	0.01756	0.16607	0.17317	0.09173	0.02883	0.01670	0.01884	0.01244	0.00737	0.00717	0.00222	0.00893	0.00676	0.06297	0.01056
14	0.01996	0.17532	0.23937	0.01954	0.08730	0.06830	0.06321	0.06467	0.01743	0.12914	0.01580	0.04176	0.01225	0.00755	0.00659	0.00208	0.00892	0.00612	0.00443	0.01026
15	0.01120	0.00956	0.01410	0.06242	0.18992	0.00929	0.01104	0.01354	0.01490	0.01971	0.03828	0.36517	0.18055	0.01635	0.00830	0.00255	0.00545	0.01469	0.00561	0.00737
16	0.01091	0.00844	0.01302	0.01344	0.01512	0.00818	0.06968	0.01368	0.01540	0.02028	0.03618	0.32233	0.04055	0.01942	0.00943	0.00306	0.00614	0.36188	0.00631	0.00654
17	0.01870	0.01555	0.02554	0.03663	0.55079	0.01542	0.01906	0.02314	0.04151	0.10436	0.01749	0.06891	0.01489	0.00786	0.00721	0.00219	0.00777	0.00746	0.00450	0.01100
18	0.01493	0.07103	0.13739	0.06868	0.16400	0.01606	0.19974	0.01956	0.01546	0.02112	0.02096	0.09002	0.07780	0.00920	0.00826	0.00233	0.04166	0.00866	0.00396	0.00918
19	0.02381	0.01487	0.08231	0.01569	0.02147	0.01170	0.13481	0.02751	0.01858	0.41121	0.03120	0.02954	0.12473	0.00958	0.00756	0.00228	0.00717	0.00847	0.00698	0.01054
20	0.01737	0.39433	0.33552	0.01614	0.02405	0.06349	0.01853	0.02228	0.01505	0.01936	0.01124	0.01310	0.00909	0.00646	0.00565	0.00187	0.00921	0.00450	0.00306	0.00970
21	0.01564	0.13892	0.45862	0.01992	0.07773	0.01736	0.04407	0.02194	0.01540	0.04977	0.01731	0.01902	0.05904	0.00749	0.00665	0.00215	0.00931	0.00601	0.00357	0.01009
22	0.01943	0.00893	0.01208	0.01119	0.01396	0.00795	0.00839	0.02137	0.01675	0.33802	0.03409	0.41196	0.03348	0.01607	0.00820	0.00257	0.00502	0.01420	0.00763	0.00871
23	0.69723	0.01360	0.01170	0.07448	0.01712	0.01573	0.00891	0.02126	0.01265	0.05910	0.01092	0.01276	0.00829	0.00675	0.00477	0.00222	0.00589	0.00422	0.00448	0.00791
24	0.01985	0.02165	0.25000	0.06011	0.02396	0.05723	0.01672	0.08818	0.01850	0.19327	0.02187	0.07631	0.01819	0.01022	0.00745	0.00239	0.00829	0.09027	0.00559	0.00994
25	0.02035	0.07713	0.07008	0.03072	0.35116	0.14819	0.06418	0.10914	0.01903	0.02444	0.01321	0.01616	0.01067	0.00680	0.00683	0.00205	0.00949	0.00591	0.00396	0.01051
26	0.80005	0.01377	0.01047	0.00936	0.01377	0.01597	0.00771	0.02093	0.01212	0.03195	0.00991	0.01157	0.00771	0.00661	0.00441	0.00220	0.00551	0.00386	0.00441	0.00771
27	0.01682	0.44320	0.23613	0.01639	0.06389	0.02247	0.01661	0.02093	0.01469	0.01898	0.01300	0.06348	0.01185	0.00743	0.00569	0.00187	0.00829	0.00553	0.00331	0.00945
28	0.00909	0.00711	0.00825	0.00824	0.01011	0.00626	0.00607	0.01143	0.01741	0.02271	0.31205	0.15116	0.37016	0.01724	0.00850	0.00240	0.00358	0.01488	0.00709	0.00626
29	0.01623	0.40295	0.24839	0.01435	0.02124	0.02127	0.01589	0.02108	0.03770	0.02016	0.07377	0.01923	0.04563	0.00769	0.00586	0.00189	0.00793	0.00570	0.00375	0.00930
30	0.14198	0.07288	0.25929	0.02144	0.16339	0.01593	0.04233	0.02247	0.01581	0.09154	0.07388	0.01915	0.01526	0.00746	0.00654	0.00217	0.00809	0.00613	0.00435	0.00993
31	0.02777	0.01598	0.01863	0.01440	0.01974	0.01645	0.01185	0.38112	0.02741	0.30380	0.07017	0.02246	0.01819	0.00908	0.00723	0.00217	0.00682	0.00716	0.00783	0.01173
32	0.01389	0.08080	0.14277	0.01250	0.01606	0.01190	0.01137	0.01868	0.09272	0.06877	0.02597	0.21627	0.02661	0.17374	0.01386	0.00344	0.00669	0.05083	0.00535	0.00778
33	0.01991	0.01813	0.02669	0.08327	0.44813	0.04757	0.04159	0.17718	0.02033	0.02774	0.01415	0.01745	0.01125	0.00695	0.00709	0.00214	0.00869	0.00635	0.00436	0.01106
34	0.01013	0.00796	0.01062	0.10011	0.03916	0.00791	0.00842	0.01217	0.01466	0.01911	0.10783	0.24301	0.18758	0.14362	0.01329	0.00334	0.00538	0.05372	0.00580	0.00618
35	0.01736	0.01844	0.01461	0.01432	0.01681	0.28711	0.01116	0.02109	0.06638	0.02123	0.12979	0.10747	0.03181	0.01359	0.00802	0.00246	0.00823	0.19694	0.00568	0.00751
36	0.01654	0.03143	0.47761	0.06978	0.02906	0.09819	0.02203	0.08157	0.01755	0.02402	0.05548	0.01760	0.01294	0.00750	0.00688	0.00220	0.01004	0.00583	0.00376	0.00998
37	0.01627	0.14307	0.31016	0.02543	0.13816	0.01886	0.20441	0.02232	0.01562	0.02181	0.01287	0.01603	0.00989	0.00638	0.00691	0.00216	0.01014	0.00607	0.00326	0.01017
38	0.01242	0.00770	0.01002	0.00945	0.01144	0.00698	0.00707	0.01526	0.01887	0.10990	0.46997	0.16097	0.10172	0.01533	0.00836	0.00235	0.00383	0.01350	0.00768	0.00718
39	0.01898	0.02314	0.28174	0.01746	0.02444	0.01595	0.06443	0.03040	0.26363	0.15240	0.02165	0.02125	0.01538	0.00815	0.00713	0.00231	0.00802	0.00686	0.00567	0.01103
40	0.01333	0.01160	0.01623	0.17774	0.02332	0.01315	0.05274	0.02079	0.20167	0.02120	0.02546	0.22569	0.02503	0.08486	0.01155	0.00302	0.04805	0.01119	0.00539	0.00800
41	0.00868	0.00620	0.00826	0.00991	0.01033	0.00578	0.00661	0.00991	0.01363	0.01818	0.03925	0.74510	0.04710	0.02231	0.00909	0.00289	0.00413	0.02024	0.00661	0.00578
42	0.01929	0.02158	0.03210	0.03275	0.29308	0.17306	0.27712	0.02368	0.01732	0.02180	0.01326	0.01719	0.01063	0.00643	0.00744	0.00216	0.01081	0.00676	0.00359	0.00996
43	0.01877	0.01608	0.06779	0.25086	0.15981	0.01573	0.12350	0.02321	0.01610	0.16260	0.01603	0.01937	0.01167	0.00749	0.00842	0.00234	0.05921	0.00676	0.00445	0.00983
44	0.01649	0.02894	0.38536	0.02021	0.02790	0.10031	0.12568	0.04375	0.08310	0.02306	0.01638	0.06699	0.01329	0.00812	0.00720	0.00228	0.01003	0.00702	0.00397	0.00990
45	0.01369	0.01240	0.01935	0.02728	0.38403	0.01200	0.01455	0.01706	0.01684	0.02308	0.15557	0.06663	0.18578	0.01128	0.00771	0.00224	0.00619	0.01018	0.00518	0.00897
46	0.01520	0.01372	0.06780	0.02030	0.15930	0.01208	0.07116	0.08226	0.01768	0.06632	0.07367	0.23349	0.05154	0.01340	0.00813	0.00250	0.00679	0.07020	0.00572	0.00874
47	0.01500	0.02002	0.19513	0.33345	0.25667	0.01635	0.02207	0.02046	0.01507	0.02091	0.01293	0.01757	0.00995	0.00678	0.00701	0.00226	0.00941	0.00607	0.00324	0.00965
48	0.01208	0.00850	0.01084	0.01127	0.01288	0.00859	0.00871	0.01531	0.06177	0.06906	0.04029	0.30717	0.14325	0.03876	0.01054	0.00295	0.05020	0.17437	0.00652	0.00692
49	0.07126	0.01503	0.01485	0.01709	0.12284	0.15658	0.01088	0.05567	0.01679	0.02172	0.04662	0.32047	0.07350	0.01429	0.00771	0.00241	0.00686	0.01230	0.00543	0.00770

[dist]
# distance from previous block
# <min> <max>
9	16

[block]
# block no. 5 follows, 29 sequences, length 12
# corresponding to MSA columns:
# 232-243
name=unknown_F
#
# <colnr> <probs for GDERKNQSTAVLIFYWHMCP>
#	G	D	E	R	K	N	Q	S	T	A	V	L	I	F	Y	W	H	M	C	P
0	0.02194	0.01795	0.06479	0.13543	0.17249	0.07407	0.12176	0.05585	0.01825	0.21996	0.01759	0.01941	0.01248	0.00733	0.00724	0.00221	0.00895	0.00670	0.00514	0.01047
1	0.00922	0.00669	0.00873	0.00964	0.01062	0.00621	0.00684	0.01123	0.01585	0.02141	0.23150	0.46038	0.09873	0.01963	0.00889	0.00269	0.00401	0.05466	0.00696	0.00611
2	0.01923	0.02122	0.02239	0.17062	0.20528	0.25964	0.01720	0.02234	0.01650	0.01930	0.01335	0.01975	0.01172	0.00844	0.00913	0.00227	0.10439	0.04479	0.00363	0.00881
3	0.23822	0.01086	0.01147	0.00958	0.01353	0.01026	0.00755	0.01702	0.01613	0.02782	0.28288	0.02896	0.03202	0.00931	0.00625	0.00185	0.00459	0.00752	0.00570	0.25847
4	0.01332	0.00836	0.01086	0.21493	0.01999	0.00927	0.00922	0.01705	0.01473	0.02415	0.02020	0.02438	0.01574	0.00796	0.00559	0.00186	0.00509	0.00655	0.56374	0.00700
5	0.01825	0.14935	0.25551	0.22188	0.03147	0.01764	0.01889	0.05312	0.01640	0.13038	0.01487	0.01710	0.01068	0.00716	0.00657	0.00215	0.00889	0.00567	0.00417	0.00986
6	0.01275	0.22214	0.01732	0.00980	0.01314	0.01353	0.00825	0.01665	0.07028	0.02247	0.26125	0.04371	0.23762	0.01279	0.00721	0.00210	0.00483	0.01054	0.00605	0.00756
7	0.01236	0.00682	0.00746	0.00730	0.00897	0.00666	0.00548	0.01569	0.01643	0.02712	0.21785	0.03419	0.03229	0.01009	0.00596	0.00183	0.00333	0.00843	0.56508	0.00666
8	0.47526	0.01324	0.01248	0.01013	0.01523	0.01340	0.00828	0.02185	0.01395	0.11730	0.01306	0.01413	0.00981	0.00651	0.00501	0.00187	0.00551	0.00439	0.00492	0.23367
9	0.06194	0.01050	0.01387	0.01172	0.01571	0.00939	0.00923	0.02693	0.01805	0.47932	0.03042	0.23045	0.02561	0.01258	0.00758	0.00240	0.00548	0.01076	0.00797	0.01009
10	0.01114	0.00877	0.01296	0.21799	0.02249	0.00956	0.01162	0.01386	0.01425	0.01860	0.02896	0.23787	0.03164	0.11134	0.01227	0.00338	0.00679	0.21474	0.00531	0.00645
11	0.01243	0.01119	0.01942	0.02014	0.14734	0.01065	0.14697	0.01582	0.01664	0.02306	0.21931	0.26073	0.03867	0.01373	0.00836	0.00246	0.00634	0.01308	0.00576	0.00787

[dist]
# distance from previous block
# <min> <max>
0	5

[block]
# block no. 6 follows, 29 sequences, length 11
# corresponding to MSA columns:
# 251-261
name=unknown_G
#
# <colnr> <probs for GDERKNQSTAVLIFYWHMCP>
#	G	D	E	R	K	N	Q	S	T	A	V	L	I	F	Y	W	H	M	C	P
0	0.01447	0.26242	0.02036	0.01126	0.01537	0.01541	0.00973	0.01842	0.06920	0.02106	0.09475	0.10357	0.07606	0.01132	0.00670	0.00201	0.00582	0.08935	0.00515	0.14758
1	0.01534	0.01310	0.02241	0.15683	0.02704	0.01319	0.22639	0.05633	0.01643	0.02447	0.01713	0.02124	0.01318	0.00710	0.00665	0.00202	0.00774	0.00694	0.27591	0.07057
2	0.01293	0.01185	0.01963	0.54948	0.09423	0.01412	0.01760	0.01701	0.01429	0.01859	0.01744	0.14798	0.01632	0.00976	0.00746	0.00244	0.00846	0.00880	0.00381	0.00780
3	0.15002	0.00792	0.00889	0.00937	0.01052	0.00824	0.00644	0.01242	0.01257	0.01976	0.05570	0.33138	0.03248	0.21234	0.08634	0.00464	0.00656	0.01318	0.00539	0.00584
4	0.01705	0.02814	0.35419	0.14563	0.03057	0.11849	0.02051	0.05802	0.11477	0.02321	0.01507	0.01720	0.01112	0.00742	0.00687	0.00223	0.00983	0.00582	0.00395	0.00992
5	0.02147	0.13260	0.16208	0.01947	0.02591	0.20150	0.13429	0.17202	0.02074	0.02546	0.01317	0.01515	0.01009	0.00708	0.00673	0.00204	0.01036	0.00569	0.00421	0.00993
6	0.01594	0.01582	0.02307	0.02314	0.14077	0.02094	0.01669	0.01798	0.01185	0.01823	0.01007	0.01594	0.00969	0.01138	0.02047	0.00294	0.60724	0.00625	0.00319	0.00841
7	0.01532	0.00974	0.01343	0.13909	0.01940	0.01027	0.01019	0.01929	0.06606	0.14379	0.13634	0.03666	0.02785	0.16083	0.11675	0.00458	0.00827	0.04865	0.00579	0.00771
8	0.08374	0.02267	0.01994	0.04418	0.02229	0.20756	0.01327	0.39600	0.06456	0.03470	0.01543	0.01615	0.01144	0.00809	0.00674	0.00209	0.00894	0.00582	0.00585	0.01054
9	0.80005	0.01377	0.01047	0.00936	0.01377	0.01597	0.00771	0.02093	0.01212	0.03195	0.00991	0.01157	0.00771	0.00661	0.00441	0.00220	0.00551	0.00386	0.00441	0.00771
10	0.01641	0.01569	0.02672	0.24309	0.51539	0.01660	0.02125	0.02079	0.01564	0.02180	0.01318	0.01802	0.01076	0.00657	0.00707	0.00219	0.00876	0.00634	0.00342	0.01030

[dist]
# distance from previous block
# <min> <max>
1	4

[block]
# block no. 7 follows, 29 sequences, length 12
# corresponding to MSA columns:
# 266-277
name=unknown_H
#
# <colnr> <probs for GDERKNQSTAVLIFYWHMCP>
#	G	D	E	R	K	N	Q	S	T	A	V	L	I	F	Y	W	H	M	C	P
0	0.01470	0.01438	0.02008	0.01757	0.01763	0.01977	0.01444	0.01622	0.01125	0.01727	0.01316	0.10861	0.01416	0.01372	0.02155	0.00309	0.64330	0.00802	0.00356	0.00753
1	0.14451	0.01001	0.01301	0.21227	0.02234	0.01089	0.01082	0.01625	0.01583	0.05122	0.18697	0.10679	0.10952	0.01237	0.00747	0.00241	0.00584	0.04857	0.00565	0.00725
2	0.72849	0.01434	0.01148	0.01001	0.01454	0.01654	0.00825	0.08209	0.01410	0.03314	0.01058	0.01208	0.00812	0.00679	0.00466	0.00220	0.00572	0.00409	0.00466	0.00812
3	0.01120	0.00801	0.00972	0.00980	0.01082	0.00856	0.00676	0.01485	0.09852	0.01825	0.02534	0.15538	0.02635	0.30438	0.19315	0.00635	0.00897	0.01076	0.06670	0.00613
4	0.01694	0.02041	0.22806	0.11077	0.02955	0.01417	0.18766	0.02218	0.01607	0.13705	0.01978	0.12916	0.01678	0.00932	0.00765	0.00240	0.00905	0.00880	0.00470	0.00950
5	0.01714	0.01530	0.02468	0.08654	0.48212	0.01494	0.01852	0.02113	0.01600	0.05081	0.01490	0.02031	0.01261	0.00692	0.00688	0.00201	0.00782	0.03505	0.00397	0.14236
6	0.01482	0.00940	0.01085	0.00999	0.01283	0.00875	0.00760	0.09987	0.01846	0.13844	0.04926	0.22839	0.33084	0.01637	0.00821	0.00246	0.00469	0.01395	0.00705	0.00776
7	0.01359	0.01672	0.13765	0.61284	0.04598	0.01594	0.02087	0.01893	0.01437	0.01893	0.01268	0.01832	0.00941	0.00706	0.00706	0.00235	0.00967	0.00615	0.00314	0.00835
8	0.15177	0.20770	0.02465	0.10983	0.12702	0.09774	0.01429	0.14424	0.01846	0.02577	0.01224	0.01456	0.00982	0.00694	0.00592	0.00198	0.00824	0.00509	0.00419	0.00952
9	0.15051	0.01454	0.02076	0.02035	0.13082	0.01499	0.11407	0.07333	0.10772	0.11503	0.02164	0.03028	0.01830	0.00969	0.00736	0.00244	0.00742	0.12532	0.00568	0.00973
10	0.02203	0.01228	0.01497	0.01266	0.01643	0.01217	0.00994	0.21353	0.02217	0.26194	0.07843	0.23719	0.02842	0.01315	0.00781	0.00239	0.00580	0.01123	0.00760	0.00984
11	0.15094	0.01516	0.02134	0.15576	0.29783	0.03749	0.01633	0.04458	0.01641	0.12923	0.01581	0.04144	0.01245	0.00753	0.00668	0.00221	0.00776	0.00645	0.00464	0.00995

[dist]
# distance from previous block
# <min> <max>
55	600

# created by:
# /home/berkeley/.conda/envs/busco_data_prod/bin/msa2prfl.pl pipeline/OGs_align_augustus/5794/33259.fs
