[name]
unknown

[dist]
# distance from previous block
# <min> <max>
19	765

[block]
# block no. 0 follows, 29 sequences, length 32
# corresponding to MSA columns:
# 879-910
name=unknown_A
#
# <colnr> <probs for GDERKNQSTAVLIFYWHMCP>
#	G	D	E	R	K	N	Q	S	T	A	V	L	I	F	Y	W	H	M	C	P
0	0.15595	0.01621	0.01724	0.01740	0.10780	0.08695	0.01213	0.10857	0.15533	0.10710	0.01874	0.02015	0.01439	0.01473	0.11295	0.00356	0.00904	0.00638	0.00556	0.00982
1	0.09828	0.02161	0.15542	0.11049	0.02598	0.12594	0.06121	0.09107	0.01844	0.10487	0.06361	0.01914	0.01465	0.00773	0.00675	0.00212	0.00875	0.00620	0.00482	0.05293
2	0.01581	0.23404	0.16711	0.06733	0.07685	0.01724	0.01513	0.04598	0.01642	0.04663	0.10680	0.09631	0.02241	0.00979	0.00676	0.00213	0.00742	0.03228	0.00458	0.00898
3	0.07141	0.04593	0.05444	0.01877	0.07130	0.04043	0.14376	0.02799	0.03848	0.32303	0.01985	0.01998	0.01370	0.00767	0.00752	0.00218	0.03183	0.00668	0.00600	0.04905
4	0.01171	0.01086	0.01118	0.09440	0.01607	0.10107	0.00871	0.01353	0.01504	0.01836	0.06258	0.36977	0.15151	0.06937	0.01030	0.00287	0.00597	0.01467	0.00571	0.00633
5	0.01900	0.01335	0.07159	0.04225	0.08680	0.01151	0.01247	0.02383	0.07156	0.22972	0.04100	0.05423	0.01951	0.01731	0.13458	0.00385	0.00880	0.03985	0.03334	0.06546
6	0.01410	0.01285	0.02129	0.38544	0.22845	0.01443	0.01842	0.01831	0.01514	0.02016	0.01819	0.05964	0.01687	0.00964	0.00764	0.00247	0.00848	0.11595	0.00398	0.00855
7	0.01477	0.01266	0.01477	0.01055	0.01687	0.00949	0.00844	0.01793	0.01477	0.02320	0.01266	0.01477	0.01055	0.00527	0.00527	0.00105	0.00527	0.00422	0.00422	0.79328
8	0.05367	0.05601	0.02205	0.01665	0.02193	0.09158	0.06025	0.38284	0.14049	0.05591	0.01801	0.01815	0.01320	0.00825	0.00694	0.00215	0.00812	0.00644	0.00629	0.01109
9	0.01639	0.24337	0.31707	0.02170	0.13099	0.01992	0.06640	0.02237	0.03819	0.02137	0.03138	0.01608	0.01154	0.00676	0.00633	0.00203	0.00909	0.00552	0.00341	0.01009
10	0.01716	0.24321	0.40310	0.01901	0.06883	0.02051	0.02062	0.08833	0.01680	0.02315	0.01241	0.01435	0.00951	0.00672	0.00618	0.00202	0.00927	0.00502	0.00346	0.01033
11	0.01813	0.05775	0.41223	0.03793	0.02818	0.03707	0.08169	0.05496	0.06871	0.11145	0.01615	0.01747	0.01142	0.00726	0.00693	0.00223	0.00952	0.00601	0.00434	0.01058
12	0.01428	0.02596	0.43312	0.01837	0.07263	0.01351	0.01970	0.02055	0.01666	0.06198	0.17671	0.02678	0.05109	0.00912	0.00725	0.00224	0.00818	0.00761	0.00464	0.00960
13	0.01740	0.04123	0.15637	0.02000	0.08499	0.18627	0.09652	0.05320	0.01741	0.02156	0.04360	0.12047	0.01958	0.03864	0.00857	0.00246	0.00936	0.04924	0.00443	0.00870
14	0.01656	0.11268	0.35241	0.02801	0.28074	0.04516	0.02252	0.02237	0.01561	0.02195	0.01261	0.01550	0.00988	0.00655	0.00660	0.00210	0.00950	0.00547	0.00323	0.01056
15	0.01446	0.02094	0.18539	0.01352	0.01815	0.17249	0.01284	0.01865	0.04709	0.02004	0.03919	0.08889	0.29503	0.01273	0.00755	0.00227	0.00756	0.01028	0.00508	0.00786
16	0.00894	0.00693	0.00857	0.00917	0.01057	0.00656	0.00663	0.01074	0.01439	0.01859	0.07001	0.31108	0.29340	0.02694	0.15854	0.00448	0.00704	0.01534	0.00606	0.00602
17	0.01912	0.12456	0.30269	0.01707	0.02409	0.09976	0.04276	0.02527	0.06474	0.12756	0.01777	0.04582	0.01408	0.00834	0.00680	0.00218	0.00903	0.03377	0.00459	0.00999
18	0.01783	0.01881	0.02396	0.31960	0.29157	0.16672	0.01928	0.02176	0.01625	0.01995	0.01258	0.01716	0.01010	0.00687	0.00694	0.00216	0.00982	0.00596	0.00341	0.00926
19	0.01771	0.01530	0.01610	0.01449	0.01852	0.01771	0.01127	0.03784	0.69247	0.02979	0.02898	0.02657	0.02174	0.00966	0.00725	0.00242	0.00564	0.00805	0.00725	0.01127
20	0.01652	0.01579	0.02691	0.22600	0.53168	0.01663	0.02130	0.02088	0.01569	0.02192	0.01320	0.01798	0.01081	0.00655	0.00707	0.00218	0.00873	0.00634	0.00343	0.01039
21	0.01925	0.06195	0.21397	0.02683	0.26477	0.01574	0.06819	0.02418	0.01657	0.16165	0.01718	0.04886	0.01331	0.00760	0.00704	0.00219	0.00857	0.00681	0.00456	0.01077
22	0.03083	0.01609	0.01736	0.01378	0.01900	0.12785	0.01116	0.06535	0.02099	0.56379	0.02475	0.02201	0.01597	0.00856	0.00704	0.00214	0.00726	0.00670	0.00788	0.01148
23	0.00856	0.00666	0.00778	0.00868	0.01000	0.00589	0.00606	0.01005	0.01482	0.01866	0.05425	0.43638	0.34614	0.02036	0.00878	0.00267	0.00389	0.01786	0.00661	0.00589
24	0.01785	0.20903	0.33372	0.01945	0.02745	0.08156	0.13527	0.02341	0.01592	0.05440	0.01295	0.01513	0.00980	0.00662	0.00650	0.00206	0.01005	0.00549	0.00346	0.00990
25	0.01736	0.01471	0.02052	0.02038	0.12358	0.09127	0.12833	0.02132	0.04318	0.11210	0.06330	0.14686	0.04347	0.01217	0.00810	0.00247	0.00776	0.10868	0.00566	0.00878
26	0.02121	0.01549	0.09753	0.01412	0.04258	0.06132	0.01203	0.02562	0.05681	0.30079	0.13143	0.03454	0.09337	0.01089	0.00754	0.00228	0.00651	0.04916	0.00697	0.00980
27	0.00862	0.00640	0.00805	0.00937	0.01018	0.00583	0.00637	0.00998	0.01416	0.01839	0.04589	0.60834	0.17957	0.02144	0.00895	0.00279	0.00403	0.01919	0.00661	0.00583
28	0.06425	0.09980	0.19270	0.01681	0.02282	0.17203	0.01608	0.16977	0.10488	0.02699	0.01481	0.01592	0.01128	0.00777	0.00706	0.00211	0.03465	0.00553	0.00467	0.01008
29	0.01742	0.05015	0.17096	0.21417	0.19698	0.06778	0.06675	0.08942	0.01748	0.02330	0.01322	0.01691	0.01015	0.00690	0.00697	0.00219	0.00963	0.00604	0.00369	0.00990
30	0.06031	0.01620	0.02732	0.14616	0.53694	0.01675	0.05035	0.02129	0.01571	0.02295	0.01313	0.01757	0.01079	0.00646	0.00697	0.00217	0.00861	0.00630	0.00352	0.01049
31	0.01709	0.01634	0.02105	0.10973	0.11063	0.10004	0.10575	0.12231	0.06059	0.02435	0.02538	0.13930	0.09466	0.01091	0.00767	0.00233	0.00811	0.00971	0.00513	0.00892

[dist]
# distance from previous block
# <min> <max>
0	9

[block]
# block no. 1 follows, 29 sequences, length 17
# corresponding to MSA columns:
# 921-937
name=unknown_B
#
# <colnr> <probs for GDERKNQSTAVLIFYWHMCP>
#	G	D	E	R	K	N	Q	S	T	A	V	L	I	F	Y	W	H	M	C	P
0	0.15220	0.01487	0.01826	0.01695	0.09697	0.05474	0.07833	0.10424	0.01827	0.07772	0.08117	0.04235	0.01797	0.00815	0.00647	0.00200	0.00679	0.00685	0.07594	0.11976
1	0.01974	0.12828	0.09880	0.02220	0.13466	0.14584	0.11766	0.04371	0.07362	0.05749	0.01464	0.01664	0.01143	0.00685	0.00662	0.00197	0.00923	0.00586	0.00419	0.08057
2	0.07136	0.02109	0.13630	0.09834	0.30889	0.08119	0.04361	0.04179	0.05579	0.02344	0.01365	0.01696	0.01084	0.00710	0.00753	0.00221	0.03998	0.00601	0.00379	0.01012
3	0.10941	0.01632	0.02107	0.14233	0.15433	0.03726	0.03457	0.19244	0.06057	0.13694	0.01701	0.01852	0.01233	0.00767	0.00684	0.00221	0.00783	0.00632	0.00554	0.01051
4	0.07500	0.02654	0.38090	0.02236	0.15081	0.01605	0.02082	0.07202	0.01719	0.12940	0.01532	0.01681	0.01087	0.00712	0.00673	0.00221	0.00891	0.00573	0.00438	0.01082
5	0.02220	0.14054	0.01980	0.01264	0.01802	0.01548	0.01059	0.08983	0.13487	0.23453	0.04994	0.02099	0.01698	0.00796	0.00638	0.00187	0.00614	0.00628	0.00637	0.17859
6	0.01475	0.03067	0.51573	0.02421	0.14567	0.01611	0.06204	0.02191	0.01564	0.02304	0.05330	0.01795	0.01292	0.00711	0.00700	0.00224	0.00984	0.00607	0.00341	0.01038
7	0.00995	0.00711	0.00844	0.00841	0.00917	0.00710	0.00549	0.01093	0.01215	0.01609	0.06728	0.04752	0.15018	0.44827	0.15607	0.00667	0.00836	0.01084	0.00483	0.00513
8	0.00976	0.00720	0.00868	0.00859	0.00977	0.00705	0.00596	0.01133	0.01379	0.01830	0.15028	0.04961	0.20877	0.28838	0.16624	0.00587	0.00796	0.01145	0.00541	0.00559
9	0.01406	0.01328	0.02246	0.63181	0.14510	0.01598	0.02008	0.01873	0.01453	0.01894	0.01276	0.01879	0.00975	0.00701	0.00711	0.00234	0.00934	0.00633	0.00322	0.00840
10	0.01017	0.00763	0.01144	0.01144	0.01272	0.00890	0.00890	0.01272	0.01144	0.01653	0.01907	0.02797	0.01780	0.05340	0.72153	0.01144	0.01907	0.00763	0.00381	0.00636
11	0.01508	0.01333	0.01615	0.09870	0.09970	0.01472	0.01213	0.02740	0.38115	0.02528	0.03518	0.03427	0.17508	0.01090	0.00748	0.00237	0.00594	0.00925	0.00620	0.00968
12	0.01832	0.01476	0.01667	0.01223	0.01838	0.01312	0.00991	0.20943	0.02017	0.02946	0.01394	0.01544	0.01100	0.00622	0.00581	0.00137	0.00601	0.00485	0.00506	0.56788
13	0.02550	0.01983	0.02335	0.05312	0.07138	0.14536	0.10799	0.22660	0.02324	0.20497	0.01797	0.01858	0.01263	0.00782	0.00718	0.00215	0.00900	0.00654	0.00600	0.01080
14	0.01927	0.02178	0.07634	0.02436	0.10446	0.13754	0.26815	0.09857	0.01880	0.02451	0.01364	0.01673	0.01057	0.00650	0.00718	0.00203	0.01015	0.00644	0.00406	0.12892
15	0.01698	0.26365	0.03329	0.02556	0.20601	0.01986	0.20506	0.02081	0.01563	0.02051	0.01535	0.06954	0.01419	0.00784	0.00687	0.00210	0.00881	0.03472	0.00373	0.00950
16	0.09740	0.04563	0.01563	0.01283	0.01656	0.01540	0.01014	0.17981	0.21513	0.06273	0.10076	0.14826	0.02676	0.01161	0.00726	0.00234	0.00573	0.00965	0.00678	0.00960

[dist]
# distance from previous block
# <min> <max>
0	5

[block]
# block no. 2 follows, 29 sequences, length 30
# corresponding to MSA columns:
# 943-972
name=unknown_C
#
# <colnr> <probs for GDERKNQSTAVLIFYWHMCP>
#	G	D	E	R	K	N	Q	S	T	A	V	L	I	F	Y	W	H	M	C	P
0	0.23964	0.06742	0.06310	0.14698	0.06587	0.16845	0.03242	0.02399	0.06918	0.04198	0.01316	0.01550	0.01020	0.00710	0.00606	0.00213	0.00864	0.00524	0.00411	0.00880
1	0.01038	0.00687	0.00789	0.00809	0.00937	0.00656	0.00567	0.01239	0.01461	0.02097	0.12204	0.16201	0.17243	0.15115	0.05539	0.00363	0.00511	0.01217	0.20730	0.00594
2	0.12453	0.09952	0.05856	0.01455	0.03653	0.09114	0.01226	0.14598	0.02029	0.25635	0.01781	0.01746	0.01246	0.00764	0.00630	0.00201	0.00747	0.00566	0.00603	0.05746
3	0.01585	0.02592	0.29749	0.02631	0.03478	0.01745	0.43073	0.02271	0.01613	0.02271	0.01379	0.01762	0.01012	0.00629	0.00778	0.00235	0.01144	0.00721	0.00337	0.00995
4	0.01345	0.01266	0.02136	0.73264	0.04904	0.01582	0.01978	0.01819	0.01424	0.01819	0.01266	0.01898	0.00949	0.00712	0.00712	0.00237	0.00949	0.00633	0.00316	0.00791
5	0.00878	0.00686	0.00796	0.00845	0.01003	0.00604	0.00605	0.01063	0.01594	0.02036	0.16191	0.30580	0.36785	0.01899	0.00865	0.00255	0.00375	0.01653	0.00681	0.00604
6	0.00848	0.00695	0.00748	0.00791	0.00980	0.00595	0.00572	0.01014	0.01556	0.01896	0.06368	0.24239	0.53404	0.01913	0.00859	0.00253	0.00374	0.01637	0.00661	0.00595
7	0.01613	0.01539	0.02620	0.29035	0.47037	0.01653	0.02111	0.02054	0.01551	0.02145	0.01313	0.01811	0.01064	0.00662	0.00707	0.00221	0.00883	0.00634	0.00340	0.01007
8	0.01040	0.00753	0.01003	0.01059	0.01217	0.00717	0.00851	0.01343	0.01781	0.02415	0.33900	0.13110	0.09250	0.01752	0.00903	0.00272	0.00471	0.26795	0.00714	0.00652
9	0.01385	0.01630	0.19170	0.01302	0.01756	0.01099	0.01281	0.02056	0.10434	0.07874	0.36141	0.03886	0.04164	0.01170	0.00779	0.00230	0.00582	0.03537	0.00654	0.00868
10	0.01605	0.21663	0.39329	0.01734	0.02502	0.02011	0.01988	0.02373	0.10083	0.02153	0.01382	0.01562	0.01070	0.00743	0.00764	0.00216	0.06929	0.00532	0.00357	0.01004
11	0.01477	0.01344	0.02222	0.21599	0.35551	0.01422	0.01818	0.01882	0.01588	0.02178	0.06074	0.05481	0.02028	0.00974	0.00767	0.00240	0.00796	0.11213	0.00429	0.00917
12	0.01749	0.01676	0.11074	0.01568	0.02178	0.01294	0.11947	0.05968	0.07368	0.11030	0.10421	0.02269	0.01949	0.00775	0.00687	0.00190	0.00707	0.00694	0.00540	0.25917
13	0.01353	0.01279	0.04395	0.01857	0.14179	0.01203	0.07385	0.02052	0.14621	0.02618	0.29896	0.03847	0.10053	0.01136	0.00787	0.00228	0.00582	0.01026	0.00624	0.00876
14	0.01904	0.75404	0.03731	0.01218	0.01828	0.02818	0.01218	0.02132	0.01447	0.01675	0.00990	0.01142	0.00914	0.00609	0.00457	0.00152	0.00761	0.00381	0.00305	0.00914
15	0.01477	0.01266	0.01477	0.01055	0.01687	0.00949	0.00844	0.01793	0.01477	0.02320	0.01266	0.01477	0.01055	0.00527	0.00527	0.00105	0.00527	0.00422	0.00422	0.79328
16	0.00909	0.00649	0.00874	0.01039	0.01099	0.00614	0.00733	0.01063	0.01404	0.01864	0.03902	0.64628	0.04619	0.02192	0.00920	0.00295	0.00449	0.11496	0.00660	0.00590
17	0.01735	0.20033	0.44680	0.01813	0.02653	0.13275	0.02106	0.02322	0.01573	0.02040	0.01183	0.01385	0.00907	0.00670	0.00621	0.00202	0.01023	0.00482	0.00312	0.00984
18	0.01251	0.01020	0.01232	0.01013	0.01425	0.00813	0.00771	0.01524	0.01539	0.02288	0.13379	0.19786	0.02882	0.01094	0.00672	0.00170	0.00468	0.00954	0.00540	0.47180
19	0.02130	0.01571	0.01771	0.01319	0.01919	0.01492	0.01076	0.30127	0.02315	0.08468	0.01572	0.01648	0.01175	0.00693	0.00620	0.00160	0.00642	0.00537	0.00580	0.40185
20	0.01713	0.01730	0.02454	0.26248	0.37376	0.10586	0.01967	0.02118	0.01609	0.02079	0.01397	0.02033	0.01180	0.00733	0.00712	0.00222	0.00927	0.03601	0.00357	0.00958
21	0.01049	0.00768	0.00915	0.00892	0.00936	0.00814	0.00580	0.01110	0.01126	0.01504	0.02741	0.04505	0.10995	0.52652	0.10449	0.00652	0.06330	0.01035	0.00446	0.00501
22	0.01521	0.01469	0.02565	0.43047	0.28508	0.01638	0.07071	0.01987	0.01515	0.02037	0.01306	0.01851	0.01024	0.00675	0.00719	0.00228	0.00931	0.00649	0.00333	0.00926
23	0.01905	0.02142	0.02063	0.01814	0.01948	0.26186	0.01455	0.02076	0.01413	0.01720	0.01050	0.01538	0.00979	0.01315	0.05932	0.00317	0.44450	0.00575	0.00335	0.00786
24	0.01648	0.01576	0.02685	0.23157	0.52637	0.01662	0.02129	0.02086	0.01568	0.02188	0.01319	0.01799	0.01079	0.00656	0.00707	0.00219	0.00874	0.00634	0.00343	0.01036
25	0.01595	0.01554	0.02302	0.21301	0.36963	0.05700	0.01819	0.02083	0.05642	0.02151	0.02122	0.02448	0.09629	0.00824	0.00721	0.00222	0.00822	0.00741	0.00404	0.00959
26	0.01224	0.00750	0.00977	0.01020	0.01187	0.00686	0.00759	0.01428	0.01604	0.11112	0.12507	0.38685	0.13404	0.01864	0.00875	0.00270	0.00453	0.09805	0.00705	0.00686
27	0.15932	0.01283	0.01408	0.01046	0.01638	0.01073	0.00842	0.01947	0.01461	0.06545	0.01307	0.01474	0.01045	0.00573	0.00523	0.00133	0.00536	0.00433	0.00452	0.60348
28	0.17001	0.01706	0.01825	0.01455	0.01969	0.13105	0.06159	0.06850	0.01934	0.37927	0.02023	0.01922	0.01356	0.00794	0.00663	0.00215	0.00764	0.00618	0.00665	0.01048
29	0.05744	0.01380	0.01443	0.01205	0.01605	0.10058	0.00951	0.04509	0.04505	0.27106	0.24252	0.03076	0.03165	0.01015	0.00720	0.00209	0.00600	0.00833	0.00718	0.06906

[dist]
# distance from previous block
# <min> <max>
0	1

[block]
# block no. 3 follows, 29 sequences, length 118
# corresponding to MSA columns:
# 985-1102
name=unknown_D
#
# <colnr> <probs for GDERKNQSTAVLIFYWHMCP>
#	G	D	E	R	K	N	Q	S	T	A	V	L	I	F	Y	W	H	M	C	P
0	0.02006	0.01476	0.02259	0.08556	0.34783	0.01408	0.01632	0.04062	0.01711	0.17238	0.01647	0.01858	0.01239	0.00679	0.00673	0.00194	0.00737	0.00610	0.00487	0.16746
1	0.15173	0.01721	0.01795	0.10610	0.06420	0.14018	0.04709	0.05783	0.01611	0.02348	0.01308	0.01753	0.01107	0.06682	0.00846	0.00223	0.00803	0.00546	0.00412	0.22131
2	0.02442	0.06337	0.10927	0.01652	0.02275	0.02146	0.01493	0.52148	0.07051	0.03954	0.01687	0.01710	0.01214	0.00825	0.00694	0.00213	0.00803	0.00622	0.00638	0.01169
3	0.01441	0.01689	0.14545	0.01229	0.01914	0.01066	0.01169	0.01854	0.01512	0.02338	0.05169	0.01699	0.01347	0.00608	0.00573	0.00135	0.00615	0.00490	0.00420	0.60186
4	0.01495	0.18360	0.01919	0.01155	0.01668	0.01351	0.01005	0.01794	0.01509	0.02124	0.01813	0.03000	0.01765	0.00898	0.00622	0.00171	0.00613	0.16368	0.00452	0.41915
5	0.01360	0.01014	0.01282	0.01050	0.01447	0.00874	0.00825	0.01664	0.01565	0.06467	0.18336	0.02779	0.02650	0.01892	0.17236	0.00382	0.00806	0.00730	0.00529	0.37113
6	0.01581	0.01262	0.01487	0.01068	0.01695	0.00955	0.00856	0.01895	0.01511	0.06491	0.01359	0.01534	0.01098	0.00549	0.00539	0.00112	0.00532	0.00440	0.00450	0.74586
7	0.00916	0.00696	0.00844	0.00867	0.01023	0.00623	0.00627	0.01144	0.01709	0.02271	0.31735	0.25063	0.26333	0.01782	0.00860	0.00247	0.00365	0.01561	0.00711	0.00623
8	0.01036	0.00853	0.01402	0.01353	0.01519	0.00805	0.11287	0.01264	0.01453	0.01936	0.03513	0.53465	0.04051	0.01937	0.00909	0.00287	0.00572	0.11095	0.00613	0.00650
9	0.01456	0.01419	0.02159	0.35876	0.03315	0.01896	0.01758	0.01764	0.01249	0.01764	0.01092	0.01720	0.00942	0.00992	0.01563	0.00276	0.39033	0.00628	0.00314	0.00785
10	0.02447	0.01825	0.01979	0.01528	0.02076	0.01957	0.01250	0.55974	0.02999	0.04063	0.01779	0.05803	0.01389	0.00891	0.00700	0.00204	0.00730	0.00692	0.00673	0.11040
11	0.01582	0.01262	0.01487	0.01068	0.01695	0.00955	0.00856	0.01896	0.01511	0.06536	0.01360	0.01535	0.01098	0.00549	0.00539	0.00113	0.00532	0.00440	0.00450	0.74535
12	0.01801	0.01488	0.01643	0.01295	0.01838	0.01458	0.01033	0.14607	0.24798	0.02940	0.01900	0.01919	0.01463	0.00736	0.00628	0.00171	0.00586	0.00592	0.00578	0.38524
13	0.01465	0.01405	0.02430	0.52706	0.20873	0.01620	0.05530	0.01933	0.01486	0.01968	0.01293	0.01866	0.01000	0.00687	0.00717	0.00231	0.00937	0.00644	0.00328	0.00882
14	0.01762	0.01692	0.02890	0.04371	0.70533	0.01692	0.02185	0.02185	0.01621	0.02326	0.01339	0.01762	0.01128	0.00634	0.00705	0.00211	0.00846	0.00634	0.00352	0.01128
15	0.00863	0.00636	0.00810	0.00949	0.01022	0.00582	0.00642	0.00996	0.01405	0.01835	0.04447	0.63770	0.15113	0.02163	0.00898	0.00281	0.00405	0.01942	0.00661	0.00582
16	0.01865	0.01727	0.01653	0.01490	0.01889	0.09205	0.01153	0.03684	0.62143	0.02848	0.02708	0.02512	0.02041	0.00942	0.00716	0.00235	0.00640	0.00768	0.00687	0.01095
17	0.01797	0.01627	0.03005	0.03203	0.32197	0.01596	0.24039	0.02228	0.01637	0.09184	0.01713	0.07778	0.01458	0.00807	0.00846	0.00233	0.04378	0.00824	0.00432	0.01019
18	0.01538	0.09590	0.48304	0.02268	0.06339	0.01789	0.15829	0.02246	0.01540	0.02212	0.01289	0.01569	0.00950	0.00653	0.00692	0.00221	0.01047	0.00583	0.00316	0.01025
19	0.01677	0.41242	0.35909	0.01605	0.02425	0.02263	0.01891	0.02191	0.01474	0.01951	0.01127	0.01314	0.00908	0.00641	0.00562	0.00187	0.00900	0.00450	0.00303	0.00980
20	0.01425	0.02037	0.18929	0.02227	0.02904	0.01477	0.36332	0.01983	0.01644	0.02232	0.05814	0.02956	0.14905	0.00895	0.00803	0.00236	0.00960	0.00919	0.00426	0.00897
21	0.01689	0.04527	0.16874	0.02514	0.23684	0.01421	0.07141	0.02140	0.01617	0.10660	0.02090	0.11196	0.01915	0.01014	0.00759	0.00238	0.00812	0.08250	0.00477	0.00981
22	0.02066	0.12302	0.29026	0.01869	0.02598	0.17239	0.09089	0.02562	0.01713	0.12859	0.01460	0.01599	0.01061	0.00704	0.00665	0.00208	0.01012	0.00557	0.00413	0.00999
23	0.01237	0.00618	0.00928	0.00928	0.00928	0.00618	0.00618	0.00928	0.00928	0.01237	0.01237	0.02165	0.01237	0.02474	0.02783	0.79283	0.00618	0.00618	0.00309	0.00309
24	0.01920	0.02040	0.02892	0.03722	0.49268	0.14920	0.10344	0.02321	0.01703	0.02211	0.01307	0.01693	0.01082	0.00649	0.00710	0.00210	0.00973	0.00627	0.00356	0.01050
25	0.00860	0.00719	0.00752	0.00772	0.00994	0.00611	0.00582	0.01044	0.01605	0.01927	0.06790	0.11875	0.61930	0.01843	0.00854	0.00249	0.00380	0.04951	0.00661	0.00602
26	0.01477	0.01266	0.01477	0.01055	0.01687	0.00949	0.00844	0.01793	0.01477	0.02320	0.01266	0.01477	0.01055	0.00527	0.00527	0.00105	0.00527	0.00422	0.00422	0.79328
27	0.01477	0.01266	0.01477	0.01055	0.01687	0.00949	0.00844	0.01793	0.01477	0.02320	0.01266	0.01477	0.01055	0.00527	0.00527	0.00105	0.00527	0.00422	0.00422	0.79328
28	0.01768	0.01089	0.01135	0.00975	0.01270	0.01158	0.00771	0.22921	0.02086	0.03241	0.02127	0.02353	0.01629	0.00838	0.00566	0.00181	0.00476	0.00656	0.53920	0.00839
29	0.00945	0.00725	0.00865	0.00830	0.01025	0.00645	0.00622	0.01222	0.01867	0.02503	0.46368	0.05899	0.30728	0.01587	0.00840	0.00230	0.00345	0.01369	0.00738	0.00645
30	0.02707	0.01995	0.02137	0.01638	0.02208	0.02208	0.01353	0.68159	0.03348	0.04488	0.01710	0.01710	0.01211	0.00855	0.00712	0.00214	0.00784	0.00641	0.00712	0.01211
31	0.02660	0.03394	0.02018	0.01834	0.02201	0.72116	0.01376	0.02843	0.02018	0.01743	0.01101	0.01284	0.00917	0.00734	0.00642	0.00183	0.01284	0.00459	0.00367	0.00825
32	0.01237	0.00618	0.00928	0.00928	0.00928	0.00618	0.00618	0.00928	0.00928	0.01237	0.01237	0.02165	0.01237	0.02474	0.02783	0.79283	0.00618	0.00618	0.00309	0.00309
33	0.01762	0.01692	0.02890	0.04371	0.70533	0.01692	0.02185	0.02185	0.01621	0.02326	0.01339	0.01762	0.01128	0.00634	0.00705	0.00211	0.00846	0.00634	0.00352	0.01128
34	0.02660	0.03394	0.02018	0.01834	0.02201	0.72116	0.01376	0.02843	0.02018	0.01743	0.01101	0.01284	0.00917	0.00734	0.00642	0.00183	0.01284	0.00459	0.00367	0.00825
35	0.01985	0.02100	0.02719	0.02158	0.05898	0.17953	0.24989	0.10165	0.01906	0.02432	0.01346	0.01632	0.01054	0.00645	0.00696	0.00190	0.00989	0.00616	0.00419	0.20110
36	0.01647	0.01528	0.02563	0.03797	0.57576	0.01528	0.01991	0.02052	0.01625	0.02290	0.01795	0.02939	0.01685	0.00884	0.00757	0.00233	0.00810	0.12851	0.00409	0.01039
37	0.80005	0.01377	0.01047	0.00936	0.01377	0.01597	0.00771	0.02093	0.01212	0.03195	0.00991	0.01157	0.00771	0.00661	0.00441	0.00220	0.00551	0.00386	0.00441	0.00771
38	0.01017	0.00763	0.01144	0.01144	0.01272	0.00890	0.00890	0.01272	0.01144	0.01653	0.01907	0.02797	0.01780	0.05340	0.72153	0.01144	0.01907	0.00763	0.00381	0.00636
39	0.01977	0.01962	0.01705	0.01539	0.01933	0.18095	0.01185	0.03566	0.53646	0.02692	0.02481	0.02338	0.01882	0.00912	0.00705	0.00228	0.00731	0.00725	0.00642	0.01057
40	0.00866	0.00711	0.00762	0.00774	0.00983	0.00607	0.00571	0.01059	0.01643	0.02029	0.14785	0.14406	0.54718	0.01808	0.00849	0.00244	0.00364	0.01535	0.00677	0.00607
41	0.01603	0.01262	0.01489	0.01070	0.01697	0.00956	0.00859	0.01916	0.01518	0.07357	0.01379	0.01546	0.01107	0.00553	0.00541	0.00114	0.00533	0.00443	0.00456	0.73602
42	0.00859	0.00654	0.00791	0.00902	0.01009	0.00586	0.00621	0.01002	0.01450	0.01853	0.05019	0.51999	0.26515	0.02089	0.00886	0.00273	0.00396	0.01851	0.00661	0.00586
43	0.01950	0.70985	0.03626	0.01256	0.01851	0.07069	0.01228	0.02176	0.01482	0.01679	0.00997	0.01151	0.00914	0.00617	0.00468	0.00154	0.00794	0.00386	0.00308	0.00908
44	0.01725	0.01638	0.02783	0.04183	0.66296	0.01638	0.02122	0.02142	0.01622	0.02314	0.01489	0.02147	0.01310	0.00716	0.00722	0.00219	0.00834	0.04629	0.00371	0.01099
45	0.01345	0.01266	0.02136	0.73264	0.04904	0.01582	0.01978	0.01819	0.01424	0.01819	0.01266	0.01898	0.00949	0.00712	0.00712	0.00237	0.00949	0.00633	0.00316	0.00791
46	0.00953	0.00713	0.00884	0.00868	0.01037	0.00644	0.00641	0.01227	0.01846	0.02516	0.47715	0.14187	0.20890	0.01630	0.00849	0.00236	0.00351	0.01427	0.00741	0.00644
47	0.01804	0.01863	0.03995	0.02860	0.03567	0.01740	0.62517	0.02377	0.01710	0.07861	0.01552	0.01962	0.01136	0.00623	0.00830	0.00238	0.01152	0.00830	0.00402	0.00981
48	0.02984	0.01324	0.01700	0.01312	0.01845	0.01233	0.01080	0.14927	0.02271	0.55257	0.06427	0.02460	0.01945	0.00909	0.00722	0.00219	0.00622	0.00735	0.00846	0.01181
49	0.01904	0.75404	0.03731	0.01218	0.01828	0.02818	0.01218	0.02132	0.01447	0.01675	0.00990	0.01142	0.00914	0.00609	0.00457	0.00152	0.00761	0.00381	0.00305	0.00914
50	0.42793	0.01576	0.01329	0.01194	0.01587	0.09027	0.00950	0.06127	0.14175	0.02879	0.01517	0.01690	0.01202	0.01328	0.09594	0.00337	0.00815	0.00534	0.00494	0.00851
51	0.01442	0.01365	0.02311	0.57277	0.20133	0.01608	0.02026	0.01904	0.01470	0.01937	0.01283	0.01867	0.00991	0.00694	0.00710	0.00231	0.00925	0.00633	0.00325	0.00869
52	0.01890	0.15831	0.02579	0.25120	0.18851	0.20245	0.01726	0.02230	0.01629	0.01890	0.01188	0.01565	0.00976	0.00680	0.00644	0.00201	0.00977	0.00540	0.00336	0.00901
53	0.00874	0.00622	0.00824	0.00983	0.01023	0.00583	0.00652	0.00993	0.01351	0.01801	0.03862	0.71905	0.04630	0.04944	0.01010	0.00304	0.00423	0.01987	0.00652	0.00573
54	0.01664	0.01895	0.02608	0.10219	0.02830	0.17799	0.28480	0.02051	0.01715	0.02016	0.02752	0.02975	0.17922	0.00938	0.00780	0.00227	0.00986	0.00890	0.00430	0.00822
55	0.01985	0.27801	0.22295	0.01765	0.02432	0.23660	0.06476	0.02396	0.01655	0.01903	0.01138	0.01344	0.00924	0.00666	0.00603	0.00189	0.01035	0.00479	0.00327	0.00929
56	0.00969	0.00728	0.00909	0.00870	0.01052	0.00669	0.00654	0.01263	0.01870	0.02562	0.51116	0.05526	0.21407	0.01776	0.05216	0.00284	0.00438	0.01306	0.00730	0.00653
57	0.01813	0.01958	0.17800	0.01520	0.02051	0.01600	0.01449	0.27555	0.06356	0.03101	0.09571	0.02415	0.01971	0.04007	0.13191	0.00396	0.00973	0.00732	0.00560	0.00983
58	0.00921	0.00724	0.00832	0.00805	0.01011	0.00635	0.00604	0.01177	0.01812	0.02372	0.37470	0.06116	0.39708	0.01636	0.00841	0.00233	0.00349	0.01399	0.00720	0.00635
59	0.02660	0.03394	0.02018	0.01834	0.02201	0.72116	0.01376	0.02843	0.02018	0.01743	0.01101	0.01284	0.00917	0.00734	0.00642	0.00183	0.01284	0.00459	0.00367	0.00825
60	0.01718	0.46561	0.27980	0.01537	0.02281	0.02373	0.01741	0.02159	0.01453	0.01886	0.01091	0.01289	0.00910	0.00660	0.00613	0.00185	0.03858	0.00443	0.00303	0.00958
61	0.01725	0.01710	0.02643	0.21016	0.49576	0.06742	0.02076	0.02143	0.01602	0.02160	0.01304	0.01761	0.01069	0.00661	0.00702	0.00216	0.00903	0.00621	0.00345	0.01024
62	0.01036	0.00690	0.00777	0.00777	0.00777	0.00690	0.00431	0.01036	0.01036	0.01381	0.02244	0.04660	0.02589	0.74975	0.03624	0.00690	0.00690	0.01036	0.00431	0.00431
63	0.03061	0.01237	0.01649	0.01272	0.01806	0.01100	0.01048	0.07338	0.02117	0.63694	0.05952	0.02518	0.01965	0.00907	0.00722	0.00220	0.00604	0.00739	0.00866	0.01186
64	0.02313	0.01650	0.02044	0.01611	0.02036	0.01833	0.04800	0.35600	0.02510	0.13123	0.09897	0.02227	0.01891	0.00987	0.01026	0.00235	0.13772	0.00736	0.00654	0.01056
65	0.00888	0.00628	0.00820	0.00966	0.01002	0.00592	0.00634	0.00997	0.01324	0.01765	0.03724	0.66158	0.04456	0.10929	0.01234	0.00337	0.00446	0.01906	0.00634	0.00561
66	0.11949	0.01921	0.02007	0.01554	0.02109	0.02135	0.01284	0.60260	0.03093	0.04333	0.01624	0.01643	0.01158	0.00832	0.00680	0.00214	0.00756	0.00611	0.00680	0.01158
67	0.01428	0.03683	0.71286	0.02030	0.03082	0.01654	0.02631	0.02255	0.01503	0.02255	0.01278	0.01503	0.00902	0.00677	0.00677	0.00226	0.01052	0.00526	0.00301	0.01052
68	0.02357	0.01520	0.01775	0.01436	0.01889	0.01638	0.01169	0.35471	0.06612	0.17332	0.02053	0.02166	0.01515	0.01908	0.17292	0.00433	0.00995	0.00695	0.00671	0.01073
69	0.00868	0.00620	0.00826	0.00991	0.01033	0.00578	0.00661	0.00991	0.01363	0.01818	0.03925	0.74510	0.04710	0.02231	0.00909	0.00289	0.00413	0.02024	0.00661	0.00578
70	0.01387	0.01104	0.01641	0.01406	0.01663	0.01196	0.09366	0.12571	0.01565	0.02166	0.01866	0.02787	0.01719	0.14561	0.40774	0.00805	0.01445	0.00794	0.00442	0.00742
71	0.00894	0.00697	0.00814	0.00861	0.01026	0.00617	0.00629	0.01092	0.01617	0.02069	0.17338	0.26718	0.36269	0.01876	0.00868	0.00256	0.00386	0.04681	0.00683	0.00610
72	0.03195	0.01212	0.01652	0.01267	0.01818	0.01047	0.01047	0.03470	0.02038	0.71026	0.02809	0.02424	0.01763	0.00881	0.00716	0.00220	0.00606	0.00716	0.00881	0.01212
73	0.01428	0.03683	0.71286	0.02030	0.03082	0.01654	0.02631	0.02255	0.01503	0.02255	0.01278	0.01503	0.00902	0.00677	0.00677	0.00226	0.01052	0.00526	0.00301	0.01052
74	0.01512	0.01419	0.02433	0.40144	0.28104	0.01577	0.05697	0.01967	0.01513	0.02078	0.01367	0.01897	0.01074	0.00685	0.00704	0.00224	0.00889	0.00647	0.05155	0.00914
75	0.02013	0.02125	0.02562	0.02547	0.18274	0.18963	0.15096	0.05966	0.20165	0.02455	0.01743	0.01918	0.01355	0.00752	0.00723	0.00219	0.00946	0.00680	0.00476	0.01024
76	0.03167	0.01256	0.01680	0.01288	0.01840	0.01112	0.01064	0.07134	0.02112	0.67258	0.02747	0.02383	0.01731	0.00880	0.00716	0.00220	0.00616	0.00712	0.00872	0.01212
77	0.01345	0.01266	0.02136	0.73264	0.04904	0.01582	0.01978	0.01819	0.01424	0.01819	0.01266	0.01898	0.00949	0.00712	0.00712	0.00237	0.00949	0.00633	0.00316	0.00791
78	0.01428	0.03683	0.71286	0.02030	0.03082	0.01654	0.02631	0.02255	0.01503	0.02255	0.01278	0.01503	0.00902	0.00677	0.00677	0.00226	0.01052	0.00526	0.00301	0.01052
79	0.01490	0.03253	0.54899	0.02267	0.03238	0.01690	0.18586	0.02261	0.01547	0.02261	0.01318	0.01605	0.00946	0.00658	0.00717	0.00229	0.01089	0.00603	0.00315	0.01030
80	0.00903	0.00724	0.00806	0.00785	0.00999	0.00627	0.00589	0.01140	0.01767	0.02266	0.30317	0.06290	0.46927	0.01676	0.00841	0.00234	0.00352	0.01424	0.00706	0.00627
81	0.01544	0.01469	0.02495	0.40449	0.36164	0.01634	0.02077	0.01994	0.01518	0.02061	0.01301	0.01834	0.01034	0.00675	0.00709	0.00225	0.00900	0.00634	0.00334	0.00951
82	0.00948	0.00684	0.00915	0.01071	0.01159	0.00650	0.00797	0.01135	0.01458	0.01915	0.04054	0.51410	0.08009	0.02131	0.00927	0.00298	0.00482	0.20696	0.00659	0.00602
83	0.01345	0.01266	0.02136	0.73264	0.04904	0.01582	0.01978	0.01819	0.01424	0.01819	0.01266	0.01898	0.00949	0.00712	0.00712	0.00237	0.00949	0.00633	0.00316	0.00791
84	0.02660	0.03394	0.02018	0.01834	0.02201	0.72116	0.01376	0.02843	0.02018	0.01743	0.01101	0.01284	0.00917	0.00734	0.00642	0.00183	0.01284	0.00459	0.00367	0.00825
85	0.01744	0.06836	0.51989	0.01914	0.02818	0.06963	0.02268	0.12754	0.01831	0.02544	0.01320	0.01503	0.00953	0.00706	0.00669	0.00217	0.01013	0.00532	0.00371	0.01054
86	0.01384	0.00942	0.04348	0.00979	0.01269	0.00745	0.00787	0.01614	0.01673	0.16497	0.10310	0.22068	0.31374	0.01632	0.00824	0.00246	0.00456	0.01401	0.00700	0.00751
87	0.01257	0.01199	0.01926	0.02022	0.15748	0.01205	0.12045	0.01543	0.01525	0.02022	0.03772	0.15603	0.25644	0.01372	0.01003	0.00251	0.09372	0.01198	0.00507	0.00785
88	0.01629	0.01556	0.02649	0.26373	0.49573	0.01657	0.02119	0.02068	0.01558	0.02164	0.01316	0.01806	0.01071	0.00659	0.00707	0.00220	0.00879	0.00634	0.00341	0.01020
89	0.01644	0.01964	0.11423	0.02623	0.03309	0.01638	0.49985	0.02226	0.01669	0.04824	0.01752	0.02622	0.01446	0.00783	0.00834	0.00248	0.01096	0.08560	0.00408	0.00944
90	0.01651	0.02118	0.18823	0.03697	0.52152	0.01641	0.02233	0.02157	0.01584	0.02291	0.01421	0.04415	0.01209	0.00704	0.00706	0.00218	0.00878	0.00661	0.00352	0.01090
91	0.01739	0.01668	0.02848	0.08272	0.66817	0.01686	0.02174	0.02165	0.01610	0.02298	0.01335	0.01770	0.01118	0.00639	0.00705	0.00213	0.00852	0.00634	0.00350	0.01109
92	0.00854	0.00674	0.00770	0.00847	0.00995	0.00591	0.00597	0.01008	0.01502	0.01874	0.05680	0.38390	0.39697	0.02003	0.00873	0.00263	0.00385	0.01746	0.00661	0.00591
93	0.01609	0.01562	0.02737	0.28455	0.41779	0.01663	0.07722	0.02065	0.01557	0.02144	0.01322	0.01824	0.01061	0.00659	0.00719	0.00223	0.00912	0.00651	0.00340	0.00995
94	0.01440	0.03599	0.68066	0.02076	0.03113	0.01661	0.05766	0.02256	0.01512	0.02256	0.01286	0.01523	0.00911	0.00673	0.00684	0.00226	0.01059	0.00541	0.00304	0.01048
95	0.02008	0.05993	0.33275	0.02327	0.18331	0.01554	0.02030	0.02563	0.01673	0.20907	0.01694	0.01796	0.01189	0.00719	0.00683	0.00217	0.00869	0.00596	0.00470	0.01107
96	0.01411	0.02468	0.35761	0.02215	0.10458	0.01456	0.12400	0.02025	0.01598	0.02265	0.05890	0.02967	0.05943	0.00936	0.00764	0.00240	0.00919	0.08926	0.00410	0.00947
97	0.01503	0.02513	0.37278	0.02211	0.10461	0.01458	0.10416	0.02110	0.01570	0.05517	0.01901	0.08360	0.01694	0.00957	0.00759	0.00243	0.00925	0.08739	0.00415	0.00970
98	0.01512	0.01436	0.02437	0.45733	0.31131	0.01626	0.02061	0.01966	0.01503	0.02022	0.01295	0.01844	0.01021	0.00681	0.00709	0.00227	0.00908	0.00633	0.00331	0.00926
99	0.01428	0.03683	0.71286	0.02030	0.03082	0.01654	0.02631	0.02255	0.01503	0.02255	0.01278	0.01503	0.00902	0.00677	0.00677	0.00226	0.01052	0.00526	0.00301	0.01052
100	0.01725	0.10711	0.39582	0.02113	0.02943	0.12990	0.15630	0.02341	0.01615	0.02119	0.01253	0.01516	0.00942	0.00663	0.00682	0.00214	0.01089	0.00565	0.00324	0.00983
101	0.01517	0.01796	0.10811	0.02757	0.19376	0.01502	0.28821	0.02030	0.01675	0.02320	0.09136	0.02903	0.05560	0.00872	0.00799	0.00236	0.00921	0.05594	0.00434	0.00940
102	0.00868	0.00620	0.00826	0.00991	0.01033	0.00578	0.00661	0.00991	0.01363	0.01818	0.03925	0.74510	0.04710	0.02231	0.00909	0.00289	0.00413	0.02024	0.00661	0.00578
103	0.01367	0.01288	0.02176	0.69607	0.08388	0.01588	0.01989	0.01839	0.01434	0.01846	0.01270	0.01891	0.00959	0.00708	0.00712	0.00236	0.00944	0.00633	0.00318	0.00809
104	0.02036	0.02137	0.10240	0.02434	0.18986	0.17805	0.10176	0.02413	0.01741	0.12891	0.01839	0.10704	0.01588	0.00893	0.00731	0.00221	0.00926	0.00792	0.00472	0.00973
105	0.00868	0.00620	0.00826	0.00991	0.01033	0.00578	0.00661	0.00991	0.01363	0.01818	0.03925	0.74510	0.04710	0.02231	0.00909	0.00289	0.00413	0.02024	0.00661	0.00578
106	0.03195	0.01212	0.01652	0.01267	0.01818	0.01047	0.01047	0.03470	0.02038	0.71026	0.02809	0.02424	0.01763	0.00881	0.00716	0.00220	0.00606	0.00716	0.00881	0.01212
107	0.02233	0.01707	0.18468	0.01358	0.01955	0.01103	0.01348	0.02629	0.01812	0.38204	0.03274	0.03289	0.13933	0.01054	0.00743	0.00231	0.00674	0.04262	0.00688	0.01034
108	0.01969	0.01710	0.03062	0.11372	0.20343	0.01710	0.27126	0.10661	0.01888	0.10627	0.01590	0.01911	0.01174	0.00688	0.00760	0.00227	0.00958	0.00724	0.00459	0.01044
109	0.03076	0.01403	0.01771	0.01358	0.01913	0.01330	0.01122	0.19272	0.02358	0.54773	0.02541	0.02249	0.01628	0.00875	0.00715	0.00219	0.00649	0.00698	0.00840	0.01212
110	0.01345	0.01266	0.02136	0.73264	0.04904	0.01582	0.01978	0.01819	0.01424	0.01819	0.01266	0.01898	0.00949	0.00712	0.00712	0.00237	0.00949	0.00633	0.00316	0.00791
111	0.01798	0.02116	0.24427	0.07182	0.09700	0.04728	0.04925	0.02286	0.01609	0.16155	0.02020	0.02241	0.05164	0.01432	0.10710	0.00352	0.01030	0.00685	0.00464	0.00975
112	0.01428	0.03683	0.71286	0.02030	0.03082	0.01654	0.02631	0.02255	0.01503	0.02255	0.01278	0.01503	0.00902	0.00677	0.00677	0.00226	0.01052	0.00526	0.00301	0.01052
113	0.01442	0.01365	0.02311	0.57277	0.20133	0.01608	0.02026	0.01904	0.01470	0.01937	0.01283	0.01867	0.00991	0.00694	0.00710	0.00231	0.00925	0.00633	0.00325	0.00869
114	0.13441	0.01857	0.02013	0.01713	0.05296	0.09058	0.04807	0.29329	0.02289	0.08762	0.01778	0.01888	0.04434	0.00883	0.00865	0.00226	0.09138	0.00642	0.00568	0.01013
115	0.02062	0.02187	0.02482	0.10631	0.05316	0.26385	0.18181	0.07957	0.01892	0.05477	0.01647	0.09365	0.01436	0.00869	0.00741	0.00221	0.01039	0.00776	0.00444	0.00892
116	0.01513	0.00980	0.01245	0.01178	0.01382	0.01017	0.00899	0.04918	0.05195	0.14406	0.03662	0.33110	0.12953	0.01661	0.01028	0.00268	0.09724	0.03418	0.00662	0.00782
117	0.07599	0.07717	0.02012	0.05328	0.01974	0.01423	0.12975	0.04078	0.01446	0.02064	0.02368	0.21138	0.06316	0.03859	0.07055	0.00341	0.10020	0.01067	0.00467	0.00754

[dist]
# distance from previous block
# <min> <max>
0	179

[block]
# block no. 4 follows, 29 sequences, length 23
# corresponding to MSA columns:
# 1288-1310
name=unknown_E
#
# <colnr> <probs for GDERKNQSTAVLIFYWHMCP>
#	G	D	E	R	K	N	Q	S	T	A	V	L	I	F	Y	W	H	M	C	P
0	0.06842	0.05433	0.25585	0.08175	0.07464	0.01698	0.06480	0.13521	0.01787	0.02581	0.01629	0.09987	0.01420	0.00897	0.00758	0.00231	0.03365	0.00746	0.00433	0.00968
1	0.02153	0.05389	0.02281	0.09827	0.11868	0.01608	0.08504	0.14020	0.08197	0.18847	0.02105	0.04844	0.01644	0.00896	0.00736	0.00229	0.00771	0.04434	0.00596	0.01050
2	0.01220	0.00776	0.00925	0.00882	0.01116	0.00681	0.00670	0.01411	0.01686	0.11075	0.17673	0.10755	0.37322	0.01700	0.00964	0.05469	0.00421	0.03890	0.00689	0.00675
3	0.01813	0.02333	0.36049	0.01535	0.02264	0.01254	0.01729	0.02348	0.01699	0.21876	0.05726	0.02864	0.13485	0.00965	0.00724	0.00227	0.00773	0.00784	0.00550	0.01003
4	0.01665	0.01606	0.06222	0.24978	0.02717	0.13520	0.01372	0.01991	0.01629	0.09862	0.08040	0.10523	0.05195	0.06481	0.00951	0.00263	0.00817	0.00884	0.00492	0.00794
5	0.01500	0.14508	0.61090	0.01907	0.02893	0.01829	0.02418	0.02237	0.01495	0.02168	0.01234	0.01449	0.00904	0.00666	0.00643	0.00214	0.01008	0.00504	0.00301	0.01031
6	0.01433	0.01381	0.02375	0.55743	0.13349	0.01643	0.06345	0.01893	0.01449	0.01911	0.01270	0.01864	0.00981	0.00722	0.00805	0.00238	0.04782	0.00646	0.00324	0.00846
7	0.01569	0.01928	0.14071	0.24433	0.28757	0.01671	0.13070	0.02103	0.01553	0.02155	0.01324	0.01787	0.01029	0.00659	0.00725	0.00226	0.00969	0.00650	0.00334	0.00987
8	0.01413	0.01335	0.02259	0.61992	0.15642	0.01600	0.02012	0.01879	0.01456	0.01902	0.01278	0.01876	0.00978	0.00699	0.00711	0.00233	0.00932	0.00633	0.00322	0.00846
9	0.01506	0.15418	0.60233	0.01897	0.02877	0.01844	0.02400	0.02235	0.01494	0.02160	0.01231	0.01444	0.00904	0.00665	0.00641	0.00214	0.01005	0.00502	0.00301	0.01030
10	0.00849	0.00693	0.00751	0.00796	0.00982	0.00595	0.00574	0.01013	0.01551	0.01894	0.06299	0.25667	0.52020	0.01922	0.00860	0.00254	0.00375	0.01648	0.00661	0.00595
11	0.01428	0.03683	0.71286	0.02030	0.03082	0.01654	0.02631	0.02255	0.01503	0.02255	0.01278	0.01503	0.00902	0.00677	0.00677	0.00226	0.01052	0.00526	0.00301	0.01052
12	0.01345	0.01266	0.02136	0.73264	0.04904	0.01582	0.01978	0.01819	0.01424	0.01819	0.01266	0.01898	0.00949	0.00712	0.00712	0.00237	0.00949	0.00633	0.00316	0.00791
13	0.01756	0.09171	0.54343	0.01838	0.02772	0.01650	0.02256	0.02444	0.01586	0.13460	0.01505	0.01624	0.01044	0.00704	0.00665	0.00219	0.00955	0.00545	0.00396	0.01067
14	0.01060	0.00727	0.00997	0.01056	0.01157	0.00735	0.00804	0.01232	0.01416	0.01922	0.13835	0.14523	0.03676	0.12225	0.13911	0.09583	0.00789	0.19218	0.00560	0.00575
15	0.01383	0.01305	0.02205	0.66916	0.10952	0.01592	0.01997	0.01853	0.01442	0.01866	0.01272	0.01886	0.00966	0.00705	0.00711	0.00235	0.00940	0.00633	0.00320	0.00822
16	0.00990	0.00824	0.01205	0.01263	0.04411	0.00758	0.06595	0.01198	0.01495	0.01932	0.04517	0.41250	0.22841	0.01878	0.00879	0.00270	0.00502	0.05923	0.00621	0.00648
17	0.01428	0.03683	0.71286	0.02030	0.03082	0.01654	0.02631	0.02255	0.01503	0.02255	0.01278	0.01503	0.00902	0.00677	0.00677	0.00226	0.01052	0.00526	0.00301	0.01052
18	0.01529	0.01454	0.02470	0.42788	0.33936	0.01631	0.02069	0.01981	0.01511	0.02044	0.01298	0.01838	0.01028	0.00678	0.00709	0.00226	0.00904	0.00634	0.00332	0.00940
19	0.07648	0.02208	0.01838	0.01530	0.02005	0.29200	0.01209	0.13723	0.02193	0.28723	0.01846	0.01781	0.01279	0.00805	0.00669	0.00205	0.00898	0.00582	0.00624	0.01033
20	0.31314	0.01226	0.01493	0.09705	0.16729	0.01324	0.01168	0.01768	0.01398	0.02466	0.02325	0.14812	0.09551	0.01066	0.00656	0.00235	0.00613	0.00881	0.00471	0.00798
21	0.14468	0.01542	0.02414	0.19756	0.44026	0.01651	0.01906	0.02086	0.01509	0.02351	0.01265	0.01695	0.01028	0.00657	0.00663	0.00219	0.00822	0.00593	0.00359	0.00992
22	0.14678	0.01617	0.02546	0.07430	0.55642	0.01670	0.01941	0.02151	0.01543	0.02443	0.01278	0.01669	0.01060	0.00643	0.00662	0.00214	0.00803	0.00593	0.00365	0.01051

[dist]
# distance from previous block
# <min> <max>
4	9

[block]
# block no. 5 follows, 29 sequences, length 17
# corresponding to MSA columns:
# 1320-1336
name=unknown_F
#
# <colnr> <probs for GDERKNQSTAVLIFYWHMCP>
#	G	D	E	R	K	N	Q	S	T	A	V	L	I	F	Y	W	H	M	C	P
0	0.02051	0.36174	0.14010	0.01665	0.02276	0.24416	0.06096	0.02386	0.01652	0.01831	0.01102	0.01298	0.00924	0.00659	0.00577	0.00180	0.01003	0.00460	0.00327	0.00911
1	0.01345	0.01266	0.02136	0.73264	0.04904	0.01582	0.01978	0.01819	0.01424	0.01819	0.01266	0.01898	0.00949	0.00712	0.00712	0.00237	0.00949	0.00633	0.00316	0.00791
2	0.01700	0.53638	0.03077	0.01279	0.01716	0.02394	0.01185	0.01903	0.01383	0.01702	0.01417	0.12069	0.01479	0.00942	0.00796	0.00196	0.11264	0.00659	0.00358	0.00845
3	0.00935	0.00777	0.00824	0.00803	0.01041	0.00693	0.00605	0.01268	0.06237	0.02170	0.18793	0.06282	0.53695	0.01682	0.00833	0.00237	0.00370	0.01415	0.00689	0.00650
4	0.02246	0.02446	0.22340	0.01736	0.02431	0.02006	0.01707	0.42936	0.08869	0.03695	0.01692	0.01736	0.01209	0.00813	0.00703	0.00220	0.00842	0.00623	0.00593	0.01157
5	0.01428	0.03683	0.71286	0.02030	0.03082	0.01654	0.02631	0.02255	0.01503	0.02255	0.01278	0.01503	0.00902	0.00677	0.00677	0.00226	0.01052	0.00526	0.00301	0.01052
6	0.01460	0.01469	0.02653	0.22691	0.11818	0.01611	0.21067	0.01868	0.01475	0.02007	0.01799	0.09120	0.04464	0.00948	0.01025	0.00252	0.12173	0.00866	0.00382	0.00852
7	0.00929	0.00713	0.00838	0.00828	0.01005	0.00635	0.00606	0.01164	0.01744	0.02303	0.34892	0.12541	0.31913	0.05506	0.00992	0.00261	0.00372	0.01432	0.00704	0.00622
8	0.03195	0.01212	0.01652	0.01267	0.01818	0.01047	0.01047	0.03470	0.02038	0.71026	0.02809	0.02424	0.01763	0.00881	0.00716	0.00220	0.00606	0.00716	0.00881	0.01212
9	0.00868	0.00620	0.00826	0.00991	0.01033	0.00578	0.00661	0.00991	0.01363	0.01818	0.03925	0.74510	0.04710	0.02231	0.00909	0.00289	0.00413	0.02024	0.00661	0.00578
10	0.57353	0.01968	0.01331	0.01199	0.01618	0.22250	0.00948	0.02313	0.01448	0.02770	0.01023	0.01194	0.00814	0.00682	0.00500	0.00210	0.00766	0.00407	0.00419	0.00787
11	0.01516	0.01552	0.03034	0.02936	0.22664	0.01485	0.33067	0.01954	0.01590	0.02187	0.01988	0.18726	0.01937	0.00989	0.00817	0.00243	0.00914	0.01055	0.00428	0.00921
12	0.01887	0.01130	0.01406	0.01098	0.01568	0.00960	0.00877	0.05547	0.01889	0.21942	0.21899	0.02881	0.02921	0.00916	0.00682	0.00178	0.00507	0.00770	0.00672	0.30271
13	0.01995	0.02103	0.02137	0.01963	0.09201	0.27259	0.10142	0.02300	0.01806	0.06251	0.10065	0.02207	0.04002	0.00834	0.00771	0.00198	0.04165	0.00682	0.00462	0.11457
14	0.01728	0.08449	0.01670	0.01162	0.01642	0.01290	0.00943	0.08924	0.09025	0.09181	0.13771	0.06089	0.02420	0.00899	0.00653	0.00177	0.00549	0.00742	0.00592	0.30094
15	0.07478	0.01594	0.01888	0.01820	0.11146	0.01720	0.01287	0.26893	0.16175	0.12241	0.02102	0.05037	0.01615	0.01126	0.04379	0.00271	0.00750	0.00730	0.00651	0.01097
