[name]
unknown

[dist]
# distance from previous block
# <min> <max>
1	231

[block]
# block no. 0 follows, 32 sequences, length 22
# corresponding to MSA columns:
# 342-360,362-364
name=unknown_A
#
# <colnr> <probs for GDERKNQSTAVLIFYWHMCP>
#	G	D	E	R	K	N	Q	S	T	A	V	L	I	F	Y	W	H	M	C	P
0	0.12822	0.21603	0.14022	0.01646	0.07885	0.10717	0.04896	0.03920	0.01562	0.09478	0.04622	0.01565	0.01217	0.00678	0.00571	0.00188	0.00791	0.00513	0.00406	0.00898
1	0.07589	0.10806	0.16634	0.05028	0.06289	0.07125	0.01460	0.06880	0.15507	0.11537	0.01728	0.01884	0.01306	0.00757	0.00622	0.00205	0.00753	0.02438	0.00487	0.00966
2	0.05320	0.03524	0.11905	0.05231	0.10245	0.10054	0.07202	0.03484	0.01517	0.03942	0.05567	0.14380	0.04919	0.01011	0.00810	0.00220	0.06652	0.00847	0.00432	0.02739
3	0.11724	0.11673	0.06174	0.02132	0.20910	0.11957	0.04602	0.06095	0.01617	0.07865	0.01379	0.04657	0.01146	0.00702	0.00600	0.00190	0.00784	0.00570	0.00411	0.04810
4	0.06956	0.16708	0.12513	0.01650	0.07766	0.07834	0.04269	0.11797	0.07586	0.04096	0.01528	0.01645	0.03300	0.00693	0.00588	0.00183	0.00759	0.00537	0.00429	0.09162
5	0.16631	0.16926	0.06040	0.01371	0.01916	0.01801	0.06318	0.17059	0.08105	0.11154	0.01510	0.01560	0.01119	0.00693	0.00574	0.00191	0.00685	0.00529	0.00505	0.05313
6	0.01881	0.23429	0.13990	0.05105	0.02207	0.10537	0.06300	0.10190	0.01684	0.07890	0.01459	0.01697	0.02962	0.03829	0.00779	0.00210	0.04002	0.00551	0.00402	0.00894
7	0.04948	0.05667	0.10738	0.01482	0.10025	0.03095	0.01102	0.04368	0.01434	0.02004	0.06819	0.32144	0.02851	0.09070	0.01003	0.00274	0.00603	0.01164	0.00493	0.00717
8	0.01803	0.64052	0.10232	0.01267	0.01865	0.07901	0.01290	0.02071	0.01409	0.01637	0.00967	0.01120	0.00860	0.00589	0.00464	0.00153	0.00782	0.00378	0.00291	0.00868
9	0.01726	0.32719	0.36445	0.01519	0.02286	0.01931	0.01765	0.02216	0.01456	0.10358	0.01268	0.01384	0.00952	0.00635	0.00559	0.00184	0.00831	0.00462	0.00350	0.00957
10	0.01342	0.01122	0.08922	0.01082	0.01419	0.00843	0.00951	0.01701	0.04941	0.13475	0.07531	0.18035	0.19796	0.01416	0.00765	0.00234	0.00513	0.10117	0.00615	0.05183
11	0.00925	0.00629	0.00747	0.00797	0.00809	0.00617	0.00476	0.00962	0.01075	0.01433	0.02622	0.27320	0.03080	0.52616	0.02596	0.00529	0.00567	0.01274	0.00476	0.00451
12	0.04612	0.17473	0.14000	0.01813	0.09692	0.07142	0.06162	0.12772	0.01821	0.16073	0.01487	0.01573	0.01086	0.00682	0.00611	0.00192	0.00804	0.00541	0.00468	0.00994
13	0.01361	0.11911	0.01364	0.01013	0.01225	0.01058	0.00773	0.07389	0.01517	0.08340	0.06071	0.33324	0.03084	0.12207	0.01117	0.00291	0.00525	0.03962	0.02781	0.00687
14	0.00976	0.00651	0.00732	0.00732	0.00732	0.00651	0.00407	0.00976	0.00976	0.01301	0.02114	0.04391	0.02439	0.76419	0.03415	0.00651	0.00651	0.00976	0.00407	0.00407
15	0.00984	0.00821	0.04346	0.01057	0.01192	0.00723	0.00856	0.01195	0.01328	0.01760	0.03219	0.24032	0.06358	0.16683	0.06217	0.00409	0.00649	0.27055	0.00545	0.00572
16	0.02101	0.04753	0.07943	0.05653	0.19474	0.18327	0.01584	0.24020	0.05065	0.02696	0.01366	0.01543	0.01052	0.00705	0.00644	0.00195	0.00879	0.00552	0.00452	0.00995
17	0.01478	0.14101	0.58853	0.01780	0.02686	0.01748	0.02218	0.05882	0.01506	0.02162	0.01187	0.01378	0.00868	0.00638	0.00609	0.00202	0.00938	0.00482	0.00305	0.00981
18	0.00857	0.00673	0.00774	0.00767	0.00950	0.00591	0.00568	0.01079	0.01652	0.02147	0.31979	0.12241	0.40116	0.01608	0.00798	0.00225	0.00335	0.01382	0.00668	0.00591
19	0.13697	0.08124	0.29257	0.01877	0.10609	0.14672	0.01726	0.02224	0.04799	0.02167	0.01289	0.01639	0.01041	0.00699	0.00600	0.00203	0.00879	0.03246	0.00354	0.00900
20	0.06405	0.10968	0.12415	0.08182	0.02264	0.07257	0.01424	0.20736	0.10560	0.07510	0.01527	0.01626	0.01135	0.00754	0.00693	0.00204	0.04326	0.00555	0.00490	0.00970
21	0.04849	0.00948	0.04012	0.00956	0.01221	0.00831	0.00786	0.06051	0.03631	0.04664	0.08731	0.15124	0.34194	0.01544	0.00779	0.00239	0.00458	0.09692	0.00618	0.00674

[dist]
# distance from previous block
# <min> <max>
6	59

[block]
# block no. 1 follows, 32 sequences, length 21
# corresponding to MSA columns:
# 427-447
name=unknown_B
#
# <colnr> <probs for GDERKNQSTAVLIFYWHMCP>
#	G	D	E	R	K	N	Q	S	T	A	V	L	I	F	Y	W	H	M	C	P
0	0.01744	0.06554	0.06644	0.05927	0.11956	0.14668	0.01264	0.02165	0.06517	0.11206	0.15466	0.07095	0.04094	0.00944	0.00679	0.00204	0.00710	0.00787	0.00519	0.00856
1	0.01394	0.10990	0.12650	0.08267	0.17276	0.01460	0.01489	0.01887	0.06497	0.02088	0.09008	0.06704	0.03659	0.00915	0.00730	0.00209	0.03803	0.04694	0.00427	0.05854
2	0.04696	0.07472	0.01481	0.07483	0.07688	0.10015	0.00982	0.01605	0.01415	0.06200	0.05858	0.19939	0.07116	0.05365	0.01048	0.08874	0.00640	0.00971	0.00471	0.00678
3	0.01697	0.01410	0.01715	0.02019	0.21175	0.07760	0.01255	0.09370	0.09371	0.08610	0.02729	0.12031	0.10612	0.01104	0.00723	0.00222	0.00657	0.06101	0.00547	0.00892
4	0.01441	0.01305	0.01631	0.02014	0.22745	0.05627	0.01184	0.02121	0.20117	0.02132	0.05315	0.07865	0.06565	0.13829	0.01167	0.00292	0.00645	0.02663	0.00502	0.00838
5	0.39156	0.01452	0.11070	0.01401	0.09091	0.01283	0.01110	0.01758	0.01264	0.02435	0.01652	0.10590	0.01620	0.06340	0.00786	0.00256	0.00618	0.06940	0.00430	0.00746
6	0.01907	0.33841	0.10162	0.01396	0.01945	0.09373	0.01307	0.12862	0.16659	0.02315	0.01463	0.01515	0.01158	0.00700	0.00561	0.00181	0.00760	0.00504	0.00437	0.00953
7	0.02641	0.01574	0.01697	0.01336	0.01826	0.09136	0.01085	0.24200	0.02290	0.37044	0.05815	0.02070	0.01638	0.00825	0.00666	0.00198	0.00676	0.00645	0.00707	0.03930
8	0.05992	0.14198	0.29877	0.02038	0.12208	0.11776	0.05975	0.02248	0.03516	0.04422	0.01234	0.01436	0.00949	0.00639	0.00605	0.00195	0.00908	0.00505	0.00340	0.00939
9	0.07701	0.02393	0.35178	0.01804	0.06468	0.01548	0.05907	0.11626	0.07787	0.02613	0.08989	0.01938	0.01598	0.00756	0.00656	0.00212	0.00804	0.00625	0.00438	0.00959
10	0.01259	0.02532	0.45574	0.01708	0.02370	0.01407	0.04708	0.01815	0.01369	0.01987	0.01908	0.11858	0.05731	0.00993	0.00879	0.00234	0.09805	0.02638	0.00362	0.00861
11	0.01043	0.00714	0.00828	0.08652	0.01269	0.00697	0.00654	0.01316	0.01506	0.02178	0.12225	0.04228	0.28839	0.01189	0.00653	0.00197	0.00386	0.00993	0.31816	0.00617
12	0.01159	0.03356	0.01006	0.00936	0.01134	0.05007	0.00694	0.01381	0.03495	0.07645	0.08566	0.29990	0.26620	0.01771	0.03831	0.00270	0.00505	0.01377	0.00611	0.00648
13	0.01219	0.01127	0.01880	0.66859	0.04229	0.01389	0.01730	0.01630	0.01336	0.01714	0.01462	0.09770	0.01276	0.00825	0.00691	0.00229	0.00840	0.00737	0.00333	0.00724
14	0.00811	0.00609	0.00753	0.00868	0.00956	0.00551	0.00593	0.00942	0.01349	0.01739	0.04510	0.57773	0.22122	0.01997	0.00840	0.00260	0.00376	0.01779	0.00623	0.00551
15	0.01354	0.01132	0.01240	0.01192	0.01457	0.01257	0.00894	0.02600	0.45393	0.02410	0.03266	0.25505	0.06828	0.01325	0.00743	0.00241	0.00476	0.01153	0.00661	0.00873
16	0.02545	0.01529	0.01731	0.01343	0.01833	0.01604	0.01104	0.43132	0.02606	0.24045	0.01976	0.01903	0.01355	0.00810	0.00650	0.00198	0.00644	0.00627	0.09277	0.01086
17	0.01720	0.01993	0.03233	0.14060	0.03394	0.16239	0.45125	0.02187	0.01609	0.01977	0.01266	0.01685	0.00967	0.00608	0.00735	0.00215	0.01109	0.00688	0.00334	0.00854
18	0.01669	0.01341	0.01643	0.01778	0.15833	0.03426	0.01158	0.12387	0.19919	0.06791	0.17763	0.03029	0.08386	0.00987	0.00708	0.00212	0.00575	0.00843	0.00616	0.00935
19	0.09942	0.01287	0.01079	0.01014	0.01129	0.15617	0.00688	0.01468	0.01184	0.01574	0.01692	0.03209	0.01839	0.48225	0.02448	0.00484	0.05422	0.00776	0.00388	0.00537
20	0.10656	0.01576	0.01631	0.01393	0.04626	0.07689	0.01068	0.24073	0.06862	0.12862	0.05528	0.04330	0.01576	0.00807	0.00626	0.00190	0.00650	0.00630	0.00587	0.12640

[dist]
# distance from previous block
# <min> <max>
0	10

[block]
# block no. 2 follows, 32 sequences, length 8
# corresponding to MSA columns:
# 458-465
name=unknown_C
#
# <colnr> <probs for GDERKNQSTAVLIFYWHMCP>
#	G	D	E	R	K	N	Q	S	T	A	V	L	I	F	Y	W	H	M	C	P
0	0.02244	0.02057	0.01785	0.01484	0.01900	0.22544	0.01174	0.35805	0.07627	0.03156	0.11582	0.02048	0.01871	0.00861	0.00670	0.00196	0.00799	0.00653	0.00588	0.00958
1	0.01770	0.01186	0.01444	0.01102	0.01609	0.01027	0.00889	0.08968	0.01633	0.16297	0.01611	0.01769	0.01239	0.01244	0.11032	0.00271	0.00723	0.00520	0.00506	0.45160
2	0.00966	0.00689	0.00925	0.00925	0.00992	0.00755	0.00648	0.01100	0.01033	0.01444	0.01937	0.03412	0.02015	0.36618	0.42635	0.00889	0.01290	0.00833	0.00380	0.00514
3	0.01449	0.02357	0.30927	0.12667	0.03311	0.01610	0.28821	0.02170	0.06039	0.02121	0.01363	0.01696	0.01001	0.00632	0.00706	0.00220	0.01003	0.00644	0.00334	0.00927
4	0.00960	0.00737	0.00891	0.00879	0.01069	0.00688	0.00683	0.01316	0.05411	0.02337	0.38975	0.05677	0.25367	0.01514	0.00805	0.00231	0.00378	0.10765	0.00684	0.00634
5	0.00872	0.00620	0.00790	0.00904	0.00956	0.00588	0.00612	0.00985	0.01259	0.01660	0.03546	0.50956	0.08051	0.17368	0.01386	0.00351	0.00460	0.07532	0.00578	0.00524
6	0.22139	0.11039	0.02355	0.02036	0.15172	0.05813	0.17252	0.01937	0.01410	0.02219	0.01473	0.11442	0.01382	0.00802	0.00623	0.00209	0.00763	0.00719	0.00389	0.00827
7	0.00816	0.00624	0.00750	0.00838	0.00951	0.00558	0.00583	0.00963	0.01407	0.01804	0.08643	0.46995	0.28824	0.01916	0.00830	0.00253	0.00367	0.01692	0.00629	0.00558

[dist]
# distance from previous block
# <min> <max>
0	1

[block]
# block no. 3 follows, 32 sequences, length 15
# corresponding to MSA columns:
# 467-473,508-515
name=unknown_D
#
# <colnr> <probs for GDERKNQSTAVLIFYWHMCP>
#	G	D	E	R	K	N	Q	S	T	A	V	L	I	F	Y	W	H	M	C	P
0	0.15456	0.01622	0.07361	0.03361	0.12416	0.05351	0.01290	0.01975	0.05210	0.02221	0.01182	0.01456	0.00976	0.00701	0.00837	0.00190	0.13667	0.00489	0.00374	0.23864
1	0.01361	0.01490	0.12774	0.01345	0.01789	0.01173	0.06020	0.01839	0.06165	0.05576	0.19531	0.02711	0.05812	0.00930	0.00860	0.00198	0.09805	0.00757	0.00499	0.19361
2	0.01831	0.48674	0.10258	0.01335	0.01870	0.17260	0.01283	0.02090	0.01476	0.01658	0.01167	0.06132	0.01099	0.00707	0.00517	0.00165	0.00827	0.00492	0.00321	0.00836
3	0.02422	0.01204	0.01487	0.01186	0.01636	0.01146	0.00972	0.17599	0.02126	0.41349	0.06745	0.03056	0.11232	0.01012	0.00706	0.00213	0.00566	0.03574	0.00754	0.01016
4	0.02003	0.14284	0.06466	0.01468	0.01943	0.15373	0.01251	0.16433	0.28734	0.02633	0.01800	0.01781	0.01376	0.00776	0.00622	0.00197	0.00759	0.00585	0.00528	0.00988
5	0.01368	0.09531	0.38592	0.01518	0.02164	0.01351	0.01734	0.01885	0.01447	0.06383	0.02147	0.08032	0.05599	0.01166	0.03485	0.00259	0.00832	0.11233	0.00416	0.00859
6	0.01748	0.25253	0.38892	0.01580	0.02360	0.01879	0.01828	0.08050	0.01600	0.09039	0.01298	0.01415	0.00958	0.00652	0.00582	0.00190	0.00846	0.00481	0.00371	0.00980
7	0.01395	0.25553	0.13671	0.01439	0.08913	0.01523	0.01234	0.01717	0.01494	0.04620	0.09620	0.07748	0.16516	0.01013	0.00638	0.00196	0.00624	0.00828	0.00450	0.00809
8	0.00823	0.00687	0.00722	0.00732	0.00949	0.00586	0.00561	0.01011	0.01548	0.01869	0.09606	0.06478	0.63467	0.01696	0.00804	0.00232	0.00361	0.06666	0.00628	0.00574
9	0.07547	0.01597	0.02388	0.15928	0.47487	0.05054	0.01842	0.06256	0.01586	0.02270	0.01237	0.01616	0.01004	0.00630	0.00645	0.00203	0.00810	0.00573	0.00354	0.00974
10	0.01741	0.01731	0.02458	0.23336	0.31026	0.10647	0.07885	0.09072	0.01695	0.02196	0.01259	0.01649	0.00995	0.00649	0.00671	0.00205	0.00900	0.00595	0.00360	0.00932
11	0.01487	0.01606	0.06600	0.26423	0.27173	0.01611	0.16430	0.01941	0.01440	0.01986	0.01231	0.01708	0.00975	0.00655	0.00795	0.00220	0.05869	0.00632	0.00317	0.00901
12	0.00961	0.00708	0.01024	0.01024	0.01124	0.00809	0.00770	0.01163	0.01062	0.01517	0.01847	0.02914	0.01798	0.16330	0.62627	0.01011	0.01616	0.00760	0.00367	0.00569
13	0.01302	0.01220	0.02042	0.59464	0.12479	0.01480	0.01811	0.01721	0.01338	0.01759	0.01229	0.01816	0.00963	0.00948	0.05250	0.00276	0.03218	0.00604	0.00306	0.00774
14	0.01764	0.01633	0.02667	0.10901	0.47168	0.05541	0.10384	0.02165	0.01567	0.07700	0.01364	0.01717	0.01076	0.00625	0.00678	0.00204	0.00854	0.00619	0.00370	0.01001

[dist]
# distance from previous block
# <min> <max>
0	7

[block]
# block no. 4 follows, 32 sequences, length 20
# corresponding to MSA columns:
# 523-535,560-566
name=unknown_E
#
# <colnr> <probs for GDERKNQSTAVLIFYWHMCP>
#	G	D	E	R	K	N	Q	S	T	A	V	L	I	F	Y	W	H	M	C	P
0	0.00837	0.00617	0.00788	0.00917	0.00999	0.00569	0.00644	0.00979	0.01349	0.01756	0.04215	0.58065	0.15932	0.02011	0.00852	0.00268	0.00401	0.07624	0.00622	0.00555
1	0.02551	0.01879	0.02014	0.01544	0.02081	0.02081	0.01275	0.69996	0.03155	0.04229	0.01611	0.01611	0.01141	0.00805	0.00671	0.00201	0.00738	0.00604	0.00671	0.01141
2	0.00849	0.00637	0.00841	0.04773	0.01159	0.00605	0.00674	0.01008	0.01373	0.01811	0.09873	0.56769	0.13328	0.01911	0.00833	0.00259	0.00403	0.01714	0.00616	0.00566
3	0.00838	0.00605	0.00807	0.00949	0.01005	0.00573	0.00655	0.00974	0.01296	0.01724	0.03700	0.65996	0.06652	0.02228	0.04687	0.00315	0.00474	0.05360	0.00609	0.00553
4	0.00809	0.00680	0.00701	0.00696	0.00916	0.00573	0.00522	0.00993	0.01566	0.01900	0.13269	0.06314	0.65435	0.01667	0.00793	0.00225	0.00338	0.01396	0.00635	0.00573
5	0.01468	0.01468	0.02055	0.01762	0.01762	0.02055	0.01468	0.01615	0.01028	0.01615	0.00881	0.01468	0.00881	0.01174	0.02202	0.00294	0.75191	0.00587	0.00294	0.00734
6	0.01391	0.01193	0.01391	0.00994	0.01590	0.00894	0.00795	0.01690	0.01391	0.02186	0.01193	0.01391	0.00994	0.00497	0.00497	0.00099	0.00497	0.00398	0.00398	0.80521
7	0.01794	0.76823	0.03516	0.01148	0.01722	0.02655	0.01148	0.02009	0.01363	0.01579	0.00933	0.01076	0.00861	0.00574	0.00431	0.00144	0.00718	0.00359	0.00287	0.00861
8	0.01661	0.01594	0.02724	0.04119	0.72233	0.01594	0.02059	0.02059	0.01528	0.02192	0.01262	0.01661	0.01063	0.00598	0.00664	0.00199	0.00797	0.00598	0.00332	0.01063
9	0.01254	0.00730	0.00753	0.00735	0.00891	0.00758	0.00531	0.01706	0.09862	0.02328	0.02242	0.02833	0.01886	0.14075	0.01012	0.00252	0.00399	0.00703	0.56409	0.00640
10	0.01868	0.04338	0.02568	0.09188	0.41523	0.08304	0.06478	0.10520	0.01761	0.05093	0.01328	0.01638	0.01054	0.00644	0.00661	0.00199	0.00847	0.00591	0.00391	0.01005
11	0.01443	0.01468	0.01851	0.01618	0.01663	0.06785	0.01324	0.01592	0.01146	0.01640	0.01567	0.06223	0.07235	0.01241	0.01892	0.00278	0.59252	0.00725	0.00345	0.00712
12	0.01514	0.10065	0.36973	0.01705	0.07185	0.01484	0.01768	0.04348	0.01489	0.04914	0.01326	0.03748	0.01052	0.00655	0.00595	0.00180	0.00792	0.00521	0.00359	0.19327
13	0.01681	0.01677	0.02326	0.13721	0.44446	0.11091	0.01790	0.04404	0.01594	0.02088	0.01441	0.06147	0.01291	0.00752	0.00676	0.00207	0.00835	0.02528	0.00366	0.00939
14	0.03010	0.01142	0.01557	0.01194	0.01713	0.00986	0.00986	0.03270	0.01920	0.72698	0.02647	0.02284	0.01661	0.00830	0.00675	0.00208	0.00571	0.00675	0.00830	0.01142
15	0.01751	0.06824	0.02724	0.15788	0.02993	0.13185	0.26269	0.08378	0.01695	0.02146	0.01249	0.01589	0.00968	0.00620	0.00666	0.00193	0.00954	0.00601	0.00367	0.11040
16	0.01424	0.09651	0.55652	0.01994	0.02898	0.01677	0.13278	0.02119	0.01439	0.02081	0.01205	0.01450	0.00878	0.00620	0.00644	0.00209	0.00990	0.00532	0.00293	0.00966
17	0.03010	0.01142	0.01557	0.01194	0.01713	0.00986	0.00986	0.03270	0.01920	0.72698	0.02647	0.02284	0.01661	0.00830	0.00675	0.00208	0.00571	0.00675	0.00830	0.01142
18	0.00976	0.00651	0.00732	0.00732	0.00732	0.00651	0.00407	0.00976	0.00976	0.01301	0.02114	0.04391	0.02439	0.76419	0.03415	0.00651	0.00651	0.00976	0.00407	0.00407
19	0.01681	0.09292	0.07156	0.02094	0.02506	0.12065	0.26324	0.02029	0.01409	0.01840	0.01101	0.01515	0.00925	0.00794	0.01197	0.00233	0.26082	0.00612	0.00316	0.00830

[dist]
# distance from previous block
# <min> <max>
0	1

[block]
# block no. 5 follows, 32 sequences, length 37
# corresponding to MSA columns:
# 568-604
name=unknown_F
#
# <colnr> <probs for GDERKNQSTAVLIFYWHMCP>
#	G	D	E	R	K	N	Q	S	T	A	V	L	I	F	Y	W	H	M	C	P
0	0.01114	0.00756	0.00908	0.00841	0.01065	0.00685	0.00641	0.01439	0.04569	0.08787	0.40609	0.05154	0.28075	0.01415	0.00777	0.00217	0.00356	0.01215	0.00705	0.00674
1	0.00839	0.00613	0.00790	0.00891	0.00971	0.00563	0.00613	0.00998	0.01422	0.01901	0.16406	0.55739	0.11927	0.01927	0.00838	0.00256	0.00371	0.01729	0.00644	0.00563
2	0.02047	0.02370	0.02128	0.05051	0.12463	0.40163	0.08606	0.05089	0.04352	0.01934	0.01447	0.08480	0.01303	0.00809	0.00665	0.00197	0.01007	0.00659	0.00393	0.00835
3	0.01809	0.12519	0.02577	0.08969	0.40053	0.08590	0.01720	0.08356	0.05056	0.02228	0.01291	0.01582	0.01056	0.00643	0.00627	0.00192	0.00814	0.00556	0.00372	0.00988
4	0.06344	0.01149	0.01533	0.01181	0.01695	0.01008	0.00975	0.03215	0.01887	0.69726	0.02574	0.02233	0.01621	0.00822	0.00664	0.00208	0.00569	0.00661	0.00813	0.01124
5	0.01008	0.00774	0.01098	0.01071	0.01156	0.00912	0.00810	0.01192	0.01053	0.01511	0.01777	0.02881	0.01757	0.18968	0.53149	0.00921	0.08267	0.00758	0.00363	0.00573
6	0.01648	0.02967	0.39976	0.08650	0.02947	0.18728	0.11513	0.02223	0.01548	0.01976	0.01185	0.01456	0.00881	0.00643	0.00654	0.00206	0.01054	0.00531	0.00307	0.00906
7	0.01462	0.11647	0.49093	0.02090	0.09227	0.01707	0.08369	0.02166	0.04255	0.02097	0.01254	0.01479	0.00935	0.00631	0.00632	0.00205	0.00936	0.00527	0.00310	0.00978
8	0.01160	0.00704	0.00895	0.00929	0.01093	0.00632	0.00678	0.01330	0.01479	0.12376	0.07626	0.42221	0.19100	0.01773	0.00816	0.00252	0.00414	0.05216	0.00659	0.00647
9	0.01525	0.01598	0.03142	0.05077	0.25257	0.01567	0.37121	0.01976	0.01509	0.02089	0.01517	0.08518	0.01336	0.00743	0.00810	0.00224	0.03902	0.00818	0.00360	0.00911
10	0.01575	0.01748	0.09120	0.16315	0.36221	0.03573	0.09652	0.02189	0.08854	0.02144	0.01404	0.01755	0.01106	0.00647	0.00678	0.00210	0.00854	0.00623	0.00360	0.00972
11	0.01834	0.12144	0.17962	0.01402	0.01979	0.01571	0.01382	0.11406	0.01705	0.13391	0.05017	0.01717	0.01328	0.00750	0.00767	0.00188	0.08578	0.00548	0.00468	0.15862
12	0.08943	0.26494	0.36796	0.01670	0.02441	0.01918	0.09015	0.02076	0.01392	0.02036	0.01109	0.01319	0.00860	0.00608	0.00567	0.00191	0.00875	0.00471	0.00303	0.00916
13	0.01360	0.01250	0.01175	0.01105	0.01352	0.12791	0.00865	0.07999	0.04371	0.02251	0.19101	0.04464	0.20765	0.01671	0.07424	0.00301	0.00691	0.09779	0.00586	0.00699
14	0.01370	0.01305	0.02164	0.52432	0.18326	0.01572	0.01862	0.01775	0.01347	0.01803	0.01174	0.01728	0.00928	0.00709	0.00832	0.00226	0.08736	0.00596	0.00305	0.00810
15	0.01295	0.05245	0.42617	0.01751	0.05179	0.01391	0.05249	0.01967	0.06555	0.02092	0.03547	0.14923	0.03412	0.00952	0.00688	0.00222	0.00809	0.00818	0.00397	0.00893
16	0.01685	0.01554	0.02701	0.10221	0.49076	0.01570	0.11200	0.02183	0.05216	0.05905	0.01420	0.01771	0.01125	0.00629	0.00684	0.00207	0.00826	0.00637	0.00375	0.01016
17	0.00959	0.00719	0.01078	0.01078	0.01198	0.00839	0.00839	0.01198	0.01078	0.01558	0.01797	0.02636	0.01677	0.05032	0.73760	0.01078	0.01797	0.00719	0.00359	0.00599
18	0.01635	0.12587	0.06136	0.19206	0.40338	0.01698	0.01857	0.02031	0.01474	0.05036	0.01255	0.01618	0.01011	0.00623	0.00631	0.00198	0.00807	0.00561	0.00337	0.00962
19	0.09294	0.09000	0.21696	0.01621	0.02247	0.06062	0.09135	0.12415	0.04527	0.11516	0.01590	0.05215	0.01230	0.00758	0.00636	0.00206	0.00812	0.00619	0.00467	0.00955
20	0.00999	0.00754	0.00930	0.00874	0.01060	0.00721	0.00659	0.01444	0.08169	0.02608	0.58653	0.04937	0.12913	0.01364	0.00782	0.00214	0.00339	0.01193	0.00721	0.00665
21	0.00973	0.00732	0.01004	0.08707	0.01397	0.00772	0.00784	0.01117	0.01211	0.01580	0.03223	0.03727	0.23758	0.05921	0.28514	0.13696	0.00997	0.00914	0.00427	0.00546
22	0.04582	0.12343	0.39200	0.02016	0.13833	0.01608	0.01938	0.02180	0.01491	0.09588	0.04183	0.01637	0.01190	0.00672	0.00617	0.00201	0.00834	0.00538	0.00373	0.00978
23	0.01388	0.10273	0.33962	0.10634	0.05490	0.01594	0.06616	0.02009	0.05595	0.02030	0.04901	0.01965	0.03275	0.03751	0.00815	0.00229	0.03618	0.00617	0.00352	0.00887
24	0.03010	0.01142	0.01557	0.01194	0.01713	0.00986	0.00986	0.03270	0.01920	0.72698	0.02647	0.02284	0.01661	0.00830	0.00675	0.00208	0.00571	0.00675	0.00830	0.01142
25	0.01523	0.01773	0.11830	0.18433	0.39404	0.01594	0.09221	0.01990	0.01464	0.02059	0.01237	0.01665	0.00989	0.00634	0.00727	0.00212	0.03362	0.00604	0.00318	0.00959
26	0.01634	0.01959	0.20390	0.15982	0.35898	0.01510	0.02032	0.02126	0.01502	0.08604	0.01363	0.01679	0.01034	0.00643	0.00660	0.00208	0.00843	0.00579	0.00360	0.00995
27	0.01265	0.01220	0.01426	0.25530	0.04085	0.10940	0.01201	0.01566	0.01551	0.01906	0.12546	0.10107	0.13353	0.01203	0.00746	0.00230	0.00689	0.09271	0.00486	0.00680
28	0.00929	0.00688	0.00884	0.00843	0.01007	0.00643	0.00635	0.01219	0.01774	0.02467	0.56577	0.04993	0.14886	0.01751	0.07452	0.00292	0.00455	0.01196	0.00688	0.00621
29	0.01256	0.00892	0.01325	0.04507	0.13505	0.00898	0.01009	0.01498	0.01390	0.09320	0.06132	0.22468	0.08698	0.02394	0.21025	0.00468	0.00882	0.01092	0.00514	0.00726
30	0.01610	0.01743	0.09094	0.07822	0.62170	0.01585	0.02087	0.02046	0.01507	0.02160	0.01253	0.01645	0.01034	0.00605	0.00662	0.00202	0.00820	0.00588	0.00326	0.01039
31	0.01490	0.08859	0.23289	0.28997	0.13981	0.01621	0.05363	0.02004	0.01431	0.04982	0.01254	0.01617	0.00943	0.00643	0.00644	0.00209	0.00890	0.00558	0.00323	0.00902
32	0.01408	0.01448	0.01628	0.19139	0.02268	0.14283	0.01273	0.01625	0.01347	0.01677	0.01960	0.21186	0.04690	0.01230	0.01138	0.00247	0.21420	0.00940	0.00403	0.00688
33	0.04997	0.01576	0.02176	0.09492	0.39682	0.09258	0.01631	0.02177	0.01622	0.11457	0.07974	0.01995	0.01582	0.00718	0.00662	0.00201	0.00765	0.00638	0.00437	0.00960
34	0.01461	0.01205	0.01934	0.10100	0.29135	0.01218	0.04817	0.01766	0.01484	0.08626	0.02606	0.15364	0.12037	0.01073	0.00791	0.00225	0.03876	0.00962	0.00467	0.00852
35	0.01636	0.02622	0.32110	0.08553	0.23111	0.14168	0.02051	0.02156	0.01527	0.02028	0.01191	0.01482	0.00922	0.00634	0.00638	0.00199	0.00951	0.00520	0.00313	0.03186
36	0.01931	0.02145	0.01826	0.01932	0.14768	0.34699	0.01273	0.04417	0.01708	0.01955	0.01469	0.08204	0.01378	0.00815	0.00634	0.00179	0.00886	0.03462	0.00400	0.15921

[dist]
# distance from previous block
# <min> <max>
2	22

[block]
# block no. 6 follows, 32 sequences, length 80
# corresponding to MSA columns:
# 627-706
name=unknown_G
#
# <colnr> <probs for GDERKNQSTAVLIFYWHMCP>
#	G	D	E	R	K	N	Q	S	T	A	V	L	I	F	Y	W	H	M	C	P
0	0.01706	0.23137	0.06436	0.01252	0.01764	0.08403	0.01119	0.11375	0.01633	0.02151	0.01252	0.01499	0.01056	0.01255	0.11274	0.00284	0.00881	0.00472	0.00387	0.22663
1	0.01471	0.12078	0.31794	0.01578	0.04765	0.01539	0.01643	0.10469	0.03811	0.02363	0.09339	0.05566	0.05462	0.00916	0.00666	0.00210	0.00752	0.04233	0.00445	0.00899
2	0.05373	0.32402	0.05797	0.01171	0.01648	0.03878	0.01071	0.09765	0.06578	0.07283	0.02203	0.02286	0.11538	0.03254	0.02885	0.00224	0.00690	0.00632	0.00461	0.00861
3	0.01395	0.07148	0.15435	0.01735	0.11478	0.01353	0.04463	0.05124	0.11089	0.02191	0.02316	0.16444	0.06912	0.01016	0.00680	0.00209	0.00662	0.00885	0.00468	0.08995
4	0.01890	0.04447	0.07659	0.06630	0.26414	0.04251	0.10225	0.05641	0.01646	0.14171	0.01480	0.01708	0.01112	0.00665	0.00710	0.00199	0.03310	0.00598	0.00432	0.06812
5	0.01908	0.02424	0.34109	0.02003	0.08074	0.01553	0.10207	0.13176	0.01819	0.15861	0.01566	0.01680	0.01088	0.00689	0.00671	0.00210	0.00873	0.00591	0.00460	0.01039
6	0.00910	0.00663	0.00810	0.00867	0.00969	0.00622	0.00619	0.01067	0.01388	0.01819	0.13709	0.24067	0.17807	0.19759	0.01461	0.00351	0.00467	0.11518	0.00587	0.00540
7	0.01865	0.08142	0.16695	0.07232	0.02848	0.11573	0.24589	0.09512	0.01752	0.07375	0.01360	0.01605	0.01003	0.00650	0.00677	0.00206	0.00982	0.00608	0.00394	0.00932
8	0.06639	0.01642	0.02186	0.02571	0.30576	0.08634	0.06693	0.09874	0.05935	0.05296	0.01809	0.07101	0.04351	0.00827	0.00717	0.00210	0.02818	0.00722	0.00451	0.00948
9	0.01372	0.02519	0.42740	0.10329	0.02924	0.01431	0.12716	0.01982	0.01437	0.04608	0.01576	0.10402	0.01337	0.00811	0.00693	0.00223	0.00916	0.00728	0.00354	0.00902
10	0.00837	0.00681	0.00741	0.00726	0.00933	0.00585	0.00544	0.01048	0.01633	0.02059	0.25036	0.06052	0.53569	0.01608	0.00793	0.00222	0.00333	0.01359	0.00655	0.00585
11	0.01275	0.01483	0.08885	0.01385	0.01710	0.11599	0.09690	0.01579	0.01533	0.01912	0.08109	0.14238	0.14754	0.04234	0.04196	0.00289	0.00760	0.11181	0.00499	0.00690
12	0.01669	0.08029	0.41787	0.09160	0.09994	0.03119	0.02037	0.02247	0.01500	0.12226	0.01394	0.01575	0.00995	0.00661	0.00633	0.00206	0.00886	0.00531	0.00370	0.00982
13	0.01186	0.01887	0.31367	0.01456	0.01956	0.01077	0.01594	0.01679	0.01462	0.02071	0.02475	0.09608	0.02480	0.01282	0.00767	0.00255	0.00737	0.29752	0.06138	0.00771
14	0.01484	0.00850	0.00874	0.00790	0.01015	0.00887	0.00614	0.13841	0.01721	0.02811	0.02085	0.02342	0.01616	0.00786	0.00505	0.00164	0.00389	0.00622	0.65886	0.00718
15	0.01394	0.17189	0.44406	0.05595	0.02510	0.01698	0.01942	0.01964	0.01432	0.02028	0.08470	0.01747	0.01425	0.00732	0.00698	0.00204	0.04778	0.00554	0.00333	0.00902
16	0.01923	0.03784	0.05695	0.04541	0.23625	0.12181	0.13819	0.04027	0.01692	0.13289	0.04948	0.04434	0.01473	0.00741	0.00686	0.00205	0.00854	0.00685	0.00448	0.00950
17	0.00863	0.00661	0.00803	0.00898	0.01034	0.00601	0.00674	0.01041	0.01435	0.01813	0.04879	0.34522	0.30713	0.01893	0.00846	0.00262	0.00418	0.15454	0.00622	0.00569
18	0.00909	0.00676	0.00858	0.00980	0.01056	0.00665	0.00670	0.01216	0.08742	0.01830	0.03595	0.68123	0.04182	0.01975	0.00838	0.00268	0.00404	0.01785	0.00629	0.00600
19	0.01652	0.02287	0.20558	0.07796	0.25281	0.15784	0.04940	0.02107	0.01586	0.02074	0.06385	0.01791	0.01356	0.00692	0.00656	0.00200	0.00904	0.00593	0.02442	0.00915
20	0.01497	0.20527	0.28225	0.07470	0.16664	0.01769	0.05138	0.01994	0.01463	0.02016	0.06138	0.01683	0.01293	0.00665	0.00613	0.00194	0.00838	0.00555	0.00330	0.00927
21	0.01295	0.01283	0.02350	0.09249	0.02505	0.01292	0.29718	0.01830	0.08548	0.02039	0.04794	0.18151	0.06788	0.01228	0.03580	0.00269	0.02782	0.01055	0.00463	0.00780
22	0.01630	0.01830	0.11545	0.08936	0.33175	0.01586	0.21714	0.02162	0.03450	0.05360	0.01381	0.01736	0.01065	0.00618	0.00700	0.00212	0.00908	0.00650	0.00358	0.00986
23	0.01456	0.06315	0.53526	0.01841	0.02671	0.01563	0.07107	0.02110	0.01460	0.05830	0.05092	0.01673	0.01204	0.00706	0.00728	0.00214	0.04643	0.00564	0.00342	0.00955
24	0.01416	0.01356	0.02231	0.42262	0.24333	0.01610	0.01860	0.01802	0.01348	0.01841	0.01164	0.01700	0.00943	0.00728	0.00909	0.00227	0.12528	0.00595	0.00308	0.00838
25	0.01303	0.01198	0.02006	0.43088	0.18775	0.01359	0.03600	0.01687	0.01382	0.01832	0.01606	0.07714	0.01477	0.04489	0.00837	0.00248	0.00812	0.05447	0.00358	0.00780
26	0.01494	0.05924	0.56881	0.02105	0.10205	0.07716	0.02285	0.02161	0.01468	0.02071	0.01186	0.01413	0.00874	0.00636	0.00630	0.00205	0.00979	0.00496	0.00294	0.00976
27	0.00959	0.00719	0.01078	0.01078	0.01198	0.00839	0.00839	0.01198	0.01078	0.01558	0.01797	0.02636	0.01677	0.05032	0.73760	0.01078	0.01797	0.00719	0.00359	0.00599
28	0.02897	0.01325	0.01670	0.01281	0.01804	0.01257	0.01058	0.19797	0.02226	0.55739	0.02391	0.02117	0.01532	0.00824	0.00674	0.00206	0.00612	0.00657	0.00791	0.01142
29	0.01413	0.05529	0.50122	0.01905	0.02726	0.01522	0.12084	0.02065	0.01421	0.04496	0.01330	0.01622	0.00992	0.01101	0.08474	0.00304	0.01074	0.00564	0.00319	0.00937
30	0.01623	0.01604	0.02571	0.22763	0.34206	0.05431	0.10416	0.05385	0.01558	0.02099	0.01240	0.01678	0.00995	0.00660	0.00763	0.00213	0.04915	0.00613	0.00339	0.00928
31	0.01357	0.00833	0.00852	0.00814	0.01027	0.00891	0.00620	0.02073	0.19118	0.02579	0.02327	0.02502	0.01803	0.00814	0.00523	0.00174	0.00368	0.00659	0.59928	0.00736
32	0.01190	0.01062	0.01629	0.09602	0.28331	0.01053	0.01268	0.01480	0.01501	0.02015	0.09976	0.16698	0.19077	0.01218	0.00743	0.00223	0.00576	0.01092	0.00491	0.00775
33	0.01622	0.01313	0.02357	0.09501	0.18297	0.01275	0.20454	0.01991	0.01548	0.13246	0.02206	0.14542	0.04774	0.00965	0.00747	0.00227	0.00772	0.02803	0.00479	0.00880
34	0.02974	0.01292	0.01582	0.01233	0.01739	0.06300	0.01009	0.03227	0.01919	0.67508	0.02530	0.02205	0.01603	0.00820	0.00670	0.00205	0.00618	0.00657	0.00795	0.01115
35	0.02506	0.03198	0.01901	0.01729	0.02074	0.73725	0.01296	0.02679	0.01901	0.01642	0.01037	0.01210	0.00864	0.00691	0.00605	0.00173	0.01210	0.00432	0.00346	0.00778
36	0.01126	0.01824	0.27591	0.01419	0.01890	0.01137	0.04335	0.01540	0.01408	0.01928	0.03176	0.14249	0.19458	0.01285	0.00891	0.00243	0.07715	0.07577	0.00454	0.00755
37	0.01372	0.03748	0.12722	0.33128	0.09478	0.01523	0.18625	0.01861	0.01424	0.01917	0.01417	0.07130	0.01191	0.00736	0.00702	0.00222	0.00917	0.00719	0.00332	0.00836
38	0.00984	0.00691	0.00986	0.00986	0.01069	0.00773	0.00724	0.01119	0.01036	0.01464	0.01794	0.02927	0.01777	0.19179	0.51928	0.09483	0.01436	0.00756	0.00362	0.00527
39	0.01465	0.02708	0.51155	0.01649	0.02434	0.01364	0.01975	0.02177	0.05024	0.09205	0.12386	0.02114	0.01840	0.00784	0.00667	0.00213	0.00822	0.00638	0.00428	0.00954
40	0.01494	0.01477	0.02699	0.13994	0.38451	0.01491	0.17746	0.01909	0.01487	0.02060	0.01535	0.09663	0.01388	0.00762	0.00716	0.00217	0.00846	0.00783	0.00360	0.00923
41	0.01523	0.05236	0.35996	0.05384	0.02908	0.09065	0.20414	0.02113	0.01516	0.02035	0.01390	0.01956	0.01119	0.00712	0.00691	0.00217	0.01011	0.05480	0.00330	0.00903
42	0.01316	0.01295	0.02392	0.05178	0.20733	0.01248	0.24013	0.01679	0.01483	0.02003	0.02502	0.19866	0.09273	0.01093	0.00773	0.00232	0.00763	0.02906	0.00440	0.00813
43	0.01462	0.01762	0.20743	0.01537	0.01993	0.04265	0.08475	0.01852	0.01408	0.10783	0.02094	0.12459	0.04878	0.01834	0.15532	0.00401	0.06431	0.00837	0.00440	0.00813
44	0.01873	0.13091	0.30060	0.11593	0.02636	0.01684	0.01760	0.12389	0.01747	0.14735	0.01478	0.01600	0.01044	0.00692	0.00624	0.00202	0.00827	0.00537	0.00440	0.00988
45	0.01653	0.06486	0.29896	0.02509	0.17798	0.09130	0.16798	0.02198	0.01538	0.03916	0.01256	0.01538	0.00956	0.00621	0.00664	0.00205	0.00977	0.00573	0.00327	0.00963
46	0.01336	0.01529	0.09887	0.04572	0.25265	0.01289	0.17094	0.01733	0.01469	0.02022	0.02285	0.18796	0.07694	0.01027	0.00745	0.00226	0.00767	0.00994	0.00417	0.00852
47	0.01120	0.00736	0.00951	0.00986	0.01140	0.00699	0.00750	0.01315	0.01493	0.09113	0.10783	0.33222	0.17314	0.01744	0.00882	0.00258	0.03260	0.12954	0.00642	0.00638
48	0.01793	0.08618	0.19515	0.05627	0.09509	0.12416	0.16042	0.05602	0.01645	0.07240	0.01433	0.04949	0.01149	0.00712	0.00666	0.00205	0.00936	0.00635	0.00385	0.00924
49	0.01297	0.07804	0.38217	0.01938	0.11597	0.01395	0.04127	0.01812	0.01400	0.01992	0.01818	0.20012	0.01779	0.00990	0.00686	0.00221	0.00800	0.00861	0.00377	0.00877
50	0.01406	0.03391	0.69394	0.01894	0.02863	0.01584	0.02419	0.05521	0.01504	0.02230	0.01224	0.01426	0.00865	0.00646	0.00639	0.00212	0.00979	0.00501	0.00303	0.00999
51	0.01316	0.01210	0.01954	0.09555	0.31744	0.01294	0.03118	0.01610	0.01370	0.01910	0.02080	0.18664	0.05376	0.01383	0.06222	0.00294	0.08729	0.00945	0.00407	0.00818
52	0.01530	0.13671	0.30785	0.04972	0.12940	0.05315	0.13680	0.02061	0.01480	0.02003	0.01444	0.01703	0.04151	0.00662	0.00644	0.00202	0.00924	0.00584	0.00320	0.00928
53	0.01524	0.01725	0.10225	0.16586	0.40116	0.01559	0.11793	0.01993	0.01490	0.02085	0.01334	0.01878	0.01097	0.00653	0.00690	0.00213	0.00878	0.02871	0.00331	0.00959
54	0.01158	0.01159	0.11587	0.04964	0.06659	0.00889	0.01094	0.01503	0.01393	0.02088	0.02465	0.19917	0.02453	0.01389	0.03784	0.00260	0.00604	0.11131	0.24807	0.00696
55	0.01373	0.05455	0.12164	0.09718	0.08355	0.12124	0.04937	0.01701	0.01472	0.01852	0.04386	0.20822	0.07078	0.01307	0.04036	0.00259	0.00808	0.00970	0.00429	0.00755
56	0.01393	0.02495	0.38913	0.02079	0.05619	0.01576	0.14500	0.01971	0.01407	0.02043	0.01437	0.02165	0.01217	0.00834	0.00934	0.00237	0.12192	0.07757	0.00333	0.00900
57	0.01386	0.01378	0.02545	0.38329	0.16330	0.01493	0.19047	0.01830	0.01433	0.01911	0.01430	0.07191	0.01215	0.00735	0.00714	0.00223	0.00900	0.00742	0.00338	0.00829
58	0.01561	0.01579	0.02185	0.06300	0.32638	0.11742	0.07959	0.01919	0.01653	0.02166	0.15734	0.02697	0.04216	0.00856	0.00709	0.00207	0.00775	0.03795	0.00436	0.00870
59	0.01552	0.02253	0.33838	0.02393	0.24130	0.01374	0.01942	0.02069	0.01488	0.09638	0.01708	0.11488	0.01480	0.00840	0.00679	0.00216	0.00806	0.00734	0.00402	0.00971
60	0.01166	0.00583	0.00874	0.00874	0.00874	0.00583	0.00583	0.00874	0.00874	0.01166	0.01166	0.02040	0.01166	0.02331	0.02622	0.80478	0.00583	0.00583	0.00291	0.00291
61	0.01740	0.30374	0.05857	0.01426	0.06819	0.08189	0.01166	0.09643	0.01699	0.05494	0.06885	0.09563	0.06712	0.00920	0.00607	0.00187	0.00688	0.00726	0.00455	0.00851
62	0.01707	0.08409	0.32723	0.02531	0.26687	0.01635	0.02026	0.05874	0.01591	0.08611	0.01355	0.01563	0.01014	0.00645	0.00635	0.00201	0.00850	0.00542	0.00371	0.01028
63	0.15864	0.01593	0.01837	0.09078	0.19439	0.06901	0.01361	0.07996	0.24217	0.02615	0.01687	0.01809	0.01299	0.00735	0.00623	0.00211	0.00696	0.00597	0.00486	0.00958
64	0.01222	0.01124	0.01884	0.53257	0.03716	0.01322	0.06535	0.01599	0.01326	0.01705	0.01675	0.02578	0.04462	0.11118	0.01070	0.00286	0.00843	0.03239	0.00343	0.00698
65	0.01670	0.50840	0.20409	0.01653	0.09552	0.02273	0.01571	0.02043	0.01394	0.01778	0.01034	0.01222	0.00880	0.00592	0.00506	0.00166	0.00793	0.00418	0.00291	0.00915
66	0.01233	0.06534	0.45730	0.01569	0.02253	0.01317	0.01846	0.01802	0.01449	0.02067	0.07236	0.11818	0.03812	0.01021	0.00698	0.00226	0.00796	0.07336	0.00402	0.00854
67	0.01267	0.01193	0.02013	0.74806	0.04621	0.01491	0.01863	0.01714	0.01342	0.01714	0.01193	0.01789	0.00894	0.00671	0.00671	0.00224	0.00894	0.00596	0.00298	0.00745
68	0.01232	0.00748	0.00987	0.00892	0.01100	0.00681	0.00681	0.01540	0.01902	0.12268	0.62408	0.04639	0.05692	0.01298	0.00775	0.00211	0.00351	0.01140	0.00751	0.00703
69	0.27235	0.02022	0.01665	0.01436	0.01824	0.28456	0.07501	0.05846	0.04823	0.02393	0.01334	0.01673	0.01094	0.00730	0.00573	0.00198	0.00836	0.03335	0.06240	0.00788
70	0.19008	0.09839	0.01900	0.01347	0.01840	0.09670	0.01119	0.34356	0.02279	0.10390	0.01440	0.01470	0.01047	0.00733	0.00585	0.00194	0.00724	0.00516	0.00557	0.00985
71	0.01166	0.00583	0.00874	0.00874	0.00874	0.00583	0.00583	0.00874	0.00874	0.01166	0.01166	0.02040	0.01166	0.02331	0.02622	0.80478	0.00583	0.00583	0.00291	0.00291
72	0.01366	0.01293	0.02191	0.57093	0.21564	0.01517	0.01913	0.01801	0.01388	0.01834	0.01210	0.01757	0.00937	0.00653	0.00669	0.00218	0.00870	0.00597	0.00307	0.00825
73	0.02156	0.05461	0.14098	0.01702	0.02276	0.15554	0.09911	0.22394	0.04063	0.10215	0.01539	0.01638	0.01117	0.00720	0.00650	0.00198	0.00878	0.00578	0.03872	0.00981
74	0.00967	0.00684	0.00903	0.00903	0.00962	0.00744	0.00620	0.01086	0.01027	0.01428	0.01957	0.03523	0.02063	0.41115	0.38204	0.00862	0.01218	0.00849	0.00383	0.00502
75	0.01588	0.01652	0.03209	0.10378	0.34864	0.01630	0.32425	0.02066	0.01535	0.02127	0.01298	0.01740	0.01026	0.00590	0.00722	0.00214	0.00956	0.00685	0.00332	0.00961
76	0.13610	0.05553	0.14158	0.06475	0.08889	0.10905	0.17219	0.11155	0.01710	0.02436	0.01224	0.01487	0.00933	0.00644	0.00635	0.00205	0.00912	0.00559	0.00381	0.00911
77	0.04916	0.15182	0.07801	0.02034	0.16328	0.09158	0.06337	0.11839	0.01791	0.12167	0.01536	0.05280	0.01238	0.00742	0.00627	0.00195	0.00794	0.00613	0.00457	0.00965
78	0.07210	0.01423	0.01241	0.08980	0.01686	0.19451	0.00942	0.01655	0.01655	0.02077	0.20794	0.08858	0.15567	0.01205	0.00715	0.00215	0.00647	0.04478	0.00532	0.00670
79	0.03960	0.10915	0.08347	0.05017	0.14517	0.01578	0.05397	0.11396	0.08557	0.07535	0.03691	0.07315	0.04973	0.02986	0.00737	0.00220	0.00703	0.00744	0.00487	0.00926

[dist]
# distance from previous block
# <min> <max>
8	57

# created by:
# /home/berkeley/.conda/envs/busco_data_prod/bin/msa2prfl.pl pipeline/OGs_align_augustus/5794/33293.fs
