[name]
unknown

[dist]
# distance from previous block
# <min> <max>
0	54

[block]
# block no. 0 follows, 25 sequences, length 32
# corresponding to MSA columns:
# 59-90
name=unknown_A
#
# <colnr> <probs for GDERKNQSTAVLIFYWHMCP>
#	G	D	E	R	K	N	Q	S	T	A	V	L	I	F	Y	W	H	M	C	P
0	0.02263	0.02199	0.02496	0.02031	0.02500	0.16649	0.13579	0.20018	0.07685	0.03033	0.04433	0.05074	0.01909	0.01070	0.00955	0.00255	0.06197	0.06032	0.00585	0.01036
1	0.01195	0.00958	0.01126	0.01109	0.01336	0.00980	0.00831	0.01839	0.15131	0.02453	0.16337	0.16395	0.21820	0.02407	0.12041	0.00427	0.00716	0.01401	0.00710	0.00789
2	0.01759	0.04917	0.18367	0.01668	0.04549	0.09040	0.03494	0.02187	0.01857	0.10501	0.12462	0.12860	0.10592	0.01271	0.00818	0.00248	0.00797	0.01075	0.00597	0.00942
3	0.04974	0.08065	0.17050	0.05652	0.10488	0.06537	0.11625	0.11870	0.04725	0.02757	0.01765	0.07757	0.01500	0.00904	0.00767	0.00242	0.00984	0.00791	0.00476	0.01071
4	0.01282	0.00674	0.00992	0.01021	0.01029	0.00666	0.00681	0.01021	0.01087	0.01449	0.01821	0.13678	0.01959	0.02651	0.02700	0.64947	0.00637	0.00921	0.00399	0.00384
5	0.01770	0.00955	0.01240	0.01149	0.01439	0.00883	0.00881	0.02091	0.04126	0.21822	0.14253	0.21007	0.13649	0.02020	0.06709	0.00352	0.00642	0.03342	0.00788	0.00882
6	0.08335	0.02373	0.07861	0.02041	0.05591	0.18010	0.10847	0.14815	0.04205	0.06935	0.01786	0.04525	0.01474	0.06587	0.01011	0.00276	0.01016	0.00748	0.00535	0.01027
7	0.04607	0.17005	0.10083	0.04315	0.02524	0.04907	0.08217	0.21321	0.07370	0.03105	0.01790	0.05204	0.01452	0.00887	0.00718	0.00227	0.00891	0.00718	0.03568	0.01090
8	0.01104	0.00797	0.01035	0.01093	0.01240	0.00757	0.00839	0.01378	0.01816	0.02449	0.27357	0.17570	0.10642	0.09252	0.01284	0.00342	0.00521	0.19105	0.00741	0.00677
9	0.01731	0.02224	0.23272	0.01714	0.02282	0.05996	0.05743	0.04801	0.01835	0.08303	0.14094	0.08015	0.02655	0.01425	0.03630	0.06816	0.03072	0.00914	0.00544	0.00934
10	0.02088	0.05350	0.07896	0.20717	0.08495	0.07140	0.06569	0.06959	0.07305	0.12202	0.04081	0.04348	0.01646	0.00891	0.00776	0.00243	0.00931	0.00768	0.00539	0.01056
11	0.05398	0.01289	0.01701	0.01352	0.01834	0.01223	0.05344	0.09452	0.02121	0.33984	0.02995	0.02914	0.06965	0.01156	0.03024	0.00264	0.00687	0.00825	0.16384	0.01088
12	0.01029	0.00779	0.00966	0.00956	0.01141	0.00716	0.00709	0.01312	0.01914	0.02585	0.37966	0.14015	0.23597	0.02127	0.06353	0.00337	0.00519	0.01519	0.00765	0.00695
13	0.01879	0.14112	0.10255	0.15789	0.05500	0.07520	0.01592	0.06461	0.01912	0.07626	0.10735	0.07083	0.04332	0.01029	0.00754	0.00233	0.00849	0.00844	0.00529	0.00965
14	0.01948	0.04869	0.04565	0.13092	0.02689	0.18572	0.06703	0.02627	0.13490	0.05103	0.05137	0.10958	0.04742	0.01106	0.00796	0.00246	0.00927	0.00936	0.00549	0.00945
15	0.01695	0.01581	0.02518	0.37708	0.12473	0.05128	0.09392	0.02150	0.01655	0.04819	0.01694	0.06829	0.01423	0.00900	0.00868	0.00256	0.03957	0.00814	0.03213	0.00930
16	0.02601	0.28872	0.02886	0.01737	0.02250	0.40107	0.01434	0.07728	0.02085	0.02107	0.01207	0.01379	0.01023	0.00760	0.00632	0.00190	0.01148	0.00484	0.00405	0.00967
17	0.73015	0.01491	0.01171	0.01028	0.01522	0.01691	0.00845	0.02257	0.01339	0.03414	0.01100	0.01283	0.00861	0.00710	0.00486	0.00231	0.00598	0.00423	0.00478	0.06055
18	0.10583	0.01918	0.15684	0.10733	0.10225	0.01579	0.01703	0.06535	0.06700	0.05267	0.01952	0.08033	0.01674	0.01747	0.11913	0.00413	0.01053	0.00804	0.00493	0.00992
19	0.07207	0.01796	0.05116	0.02257	0.12879	0.07995	0.11815	0.05361	0.01870	0.11997	0.02609	0.13305	0.07221	0.01149	0.00885	0.00255	0.03702	0.01010	0.00570	0.01000
20	0.01022	0.00729	0.00919	0.01023	0.01098	0.00690	0.00697	0.01169	0.01511	0.02004	0.09476	0.40973	0.09707	0.18277	0.01656	0.00407	0.00529	0.06830	0.00674	0.00611
21	0.02988	0.01865	0.02079	0.07474	0.02464	0.07355	0.01388	0.27373	0.05500	0.29952	0.02305	0.02199	0.01556	0.00924	0.00772	0.00236	0.00825	0.00722	0.00783	0.01242
22	0.01833	0.10600	0.04898	0.11110	0.07048	0.10746	0.08925	0.07069	0.01782	0.02227	0.01956	0.10541	0.03752	0.03800	0.01146	0.06358	0.03991	0.00879	0.00453	0.00886
23	0.00939	0.00696	0.00877	0.01022	0.01110	0.00635	0.00694	0.01086	0.01540	0.02002	0.04972	0.59602	0.17319	0.02338	0.00975	0.00305	0.00439	0.02093	0.00720	0.00635
24	0.01010	0.00741	0.00879	0.00939	0.01033	0.00703	0.00623	0.01128	0.01422	0.01839	0.04438	0.27703	0.20505	0.25695	0.07366	0.00518	0.00663	0.01593	0.00614	0.00589
25	0.02241	0.08118	0.02633	0.20691	0.19471	0.13820	0.01856	0.14092	0.02135	0.05511	0.01504	0.01831	0.01164	0.00786	0.00737	0.00228	0.01002	0.00639	0.00469	0.01075
26	0.01527	0.01607	0.09694	0.01394	0.01814	0.03718	0.01206	0.08628	0.01836	0.02560	0.07519	0.24498	0.05328	0.01411	0.00932	0.00241	0.05715	0.01183	0.00589	0.18600
27	0.01761	0.01597	0.02287	0.15231	0.17663	0.04119	0.06690	0.07680	0.12315	0.02570	0.02229	0.09973	0.02033	0.06715	0.01069	0.00297	0.00864	0.03377	0.00532	0.00998
28	0.01859	0.10776	0.07891	0.07167	0.02422	0.11083	0.11642	0.04726	0.01740	0.02358	0.01640	0.02049	0.01319	0.00964	0.00948	0.06748	0.03525	0.00663	0.19606	0.00875
29	0.01568	0.14414	0.06428	0.07042	0.01951	0.04389	0.01176	0.06697	0.04992	0.02496	0.18183	0.09110	0.08603	0.08375	0.01098	0.00287	0.00698	0.01047	0.00593	0.00853
30	0.01672	0.01312	0.01876	0.11214	0.16853	0.01263	0.01381	0.04995	0.01813	0.07689	0.07029	0.14402	0.07368	0.01160	0.00789	0.00229	0.00684	0.01025	0.00572	0.16674
31	0.01423	0.07387	0.01562	0.01464	0.06650	0.10193	0.01005	0.01630	0.01704	0.02089	0.09042	0.24052	0.18900	0.05077	0.01078	0.00284	0.03713	0.01388	0.00600	0.00760

[dist]
# distance from previous block
# <min> <max>
4	13

[block]
# block no. 1 follows, 25 sequences, length 16
# corresponding to MSA columns:
# 104-119
name=unknown_B
#
# <colnr> <probs for GDERKNQSTAVLIFYWHMCP>
#	G	D	E	R	K	N	Q	S	T	A	V	L	I	F	Y	W	H	M	C	P
0	0.01392	0.01058	0.01355	0.05044	0.01662	0.04484	0.04979	0.01620	0.01698	0.08373	0.09154	0.32821	0.14799	0.06513	0.01115	0.00309	0.00610	0.01582	0.00678	0.00750
1	0.05382	0.10071	0.01969	0.22107	0.06876	0.01528	0.01375	0.04044	0.01642	0.04753	0.02485	0.05006	0.09285	0.01665	0.10210	0.00373	0.00938	0.00828	0.08599	0.00863
2	0.15922	0.05609	0.06563	0.01889	0.06490	0.16034	0.05196	0.15457	0.05534	0.02989	0.01814	0.09711	0.01604	0.00985	0.00724	0.00237	0.00913	0.00779	0.00539	0.01013
3	0.01332	0.00874	0.01121	0.01180	0.01338	0.00863	0.00885	0.01660	0.05870	0.07553	0.03807	0.28280	0.06941	0.13896	0.05222	0.00436	0.00679	0.16651	0.00685	0.00725
4	0.08144	0.11799	0.02268	0.05994	0.02274	0.04862	0.07200	0.05823	0.13941	0.02632	0.01795	0.02045	0.01441	0.01306	0.07992	0.00316	0.00923	0.00649	0.03093	0.15502
5	0.01740	0.09282	0.49815	0.02022	0.02996	0.01962	0.02421	0.06776	0.10718	0.02671	0.01640	0.01793	0.01196	0.00787	0.00727	0.00241	0.01027	0.00610	0.00421	0.01156
6	0.02324	0.02156	0.08509	0.08559	0.02921	0.10005	0.14473	0.11241	0.11407	0.14561	0.02250	0.02341	0.03854	0.00886	0.00799	0.00245	0.00970	0.00780	0.00604	0.01116
7	0.01755	0.16191	0.19908	0.02076	0.12417	0.04931	0.01764	0.05313	0.05757	0.02635	0.16934	0.02651	0.02605	0.00945	0.00740	0.00226	0.00832	0.00775	0.00512	0.01034
8	0.01135	0.00811	0.00966	0.01002	0.01199	0.00735	0.00762	0.01356	0.01730	0.05108	0.11476	0.16544	0.31722	0.08587	0.01233	0.00331	0.00506	0.13396	0.00719	0.00682
9	0.01998	0.02242	0.12643	0.11015	0.12129	0.05132	0.12830	0.16023	0.04555	0.02887	0.01886	0.02186	0.04499	0.00879	0.00912	0.00250	0.05599	0.00757	0.00487	0.01090
10	0.05718	0.05415	0.02304	0.07793	0.10508	0.13082	0.06715	0.02650	0.08314	0.11798	0.05475	0.08181	0.01992	0.01026	0.00888	0.00247	0.05479	0.00848	0.00559	0.01008
11	0.01421	0.05322	0.01465	0.01472	0.09490	0.01097	0.00954	0.05685	0.01785	0.05885	0.06769	0.16761	0.26020	0.10897	0.01264	0.00322	0.00584	0.01364	0.00644	0.00800
12	0.05256	0.01100	0.01162	0.01053	0.01381	0.01104	0.00812	0.06087	0.13755	0.02858	0.11817	0.06485	0.21233	0.01330	0.00767	0.00232	0.00479	0.01102	0.15510	0.06476
13	0.01923	0.06818	0.07394	0.05650	0.11000	0.13538	0.21185	0.02454	0.04601	0.02299	0.04600	0.02103	0.01496	0.01115	0.05021	0.00303	0.06336	0.00750	0.00419	0.00996
14	0.07764	0.02021	0.06452	0.03048	0.29237	0.06904	0.08478	0.08528	0.04441	0.08275	0.05898	0.02172	0.01662	0.00816	0.00767	0.00236	0.00912	0.00734	0.00520	0.01135
15	0.01804	0.01585	0.02454	0.06578	0.21489	0.01685	0.08683	0.13639	0.02004	0.02767	0.05914	0.02671	0.05346	0.01860	0.13894	0.00436	0.04829	0.00837	0.00505	0.01021

[dist]
# distance from previous block
# <min> <max>
2	11

[block]
# block no. 2 follows, 25 sequences, length 12
# corresponding to MSA columns:
# 131-142
name=unknown_C
#
# <colnr> <probs for GDERKNQSTAVLIFYWHMCP>
#	G	D	E	R	K	N	Q	S	T	A	V	L	I	F	Y	W	H	M	C	P
0	0.08095	0.09343	0.01434	0.01070	0.01348	0.01189	0.00820	0.04157	0.01607	0.05531	0.06797	0.15289	0.13475	0.14694	0.08130	0.00433	0.00740	0.01168	0.00589	0.04094
1	0.13777	0.09594	0.07095	0.01901	0.10378	0.04511	0.01452	0.14297	0.12166	0.05987	0.04661	0.02026	0.01604	0.00843	0.00687	0.00223	0.00775	0.00652	0.00576	0.06794
2	0.12847	0.07129	0.01947	0.01435	0.01986	0.08821	0.01170	0.14877	0.09773	0.15621	0.02180	0.02144	0.04082	0.00878	0.00686	0.00214	0.00750	0.00658	0.00652	0.12150
3	0.16183	0.01758	0.08315	0.01677	0.06831	0.01638	0.01335	0.20529	0.02182	0.09421	0.04952	0.08392	0.01982	0.05971	0.05172	0.00339	0.00834	0.00840	0.00622	0.01027
4	0.01142	0.01154	0.09512	0.01196	0.01407	0.00861	0.01003	0.01335	0.01421	0.01912	0.03368	0.25401	0.09074	0.14705	0.07692	0.09413	0.00779	0.07420	0.00555	0.00649
5	0.01909	0.04613	0.02995	0.14208	0.28275	0.01864	0.13767	0.10790	0.01972	0.02718	0.01681	0.05133	0.01400	0.00817	0.00786	0.00240	0.00952	0.00792	0.04001	0.01088
6	0.01538	0.01649	0.07040	0.08416	0.08153	0.05022	0.09707	0.02014	0.04591	0.02341	0.05939	0.15872	0.05252	0.01211	0.00884	0.00247	0.03333	0.03395	0.00522	0.12874
7	0.01395	0.00826	0.01028	0.01012	0.01186	0.00755	0.00709	0.01567	0.01662	0.12294	0.13404	0.26642	0.13905	0.18114	0.01612	0.00385	0.00530	0.01535	0.00719	0.00718
8	0.01414	0.00912	0.01065	0.01041	0.01250	0.00878	0.00744	0.01820	0.09244	0.09874	0.06754	0.23086	0.17980	0.14571	0.01432	0.00357	0.00527	0.01451	0.04834	0.00766
9	0.01775	0.11152	0.18024	0.07093	0.06639	0.01853	0.07237	0.09728	0.09109	0.02650	0.05410	0.05459	0.01902	0.07400	0.01048	0.00286	0.00896	0.00813	0.00501	0.01025
10	0.02213	0.11807	0.13717	0.01782	0.02278	0.17799	0.01644	0.05650	0.01836	0.09864	0.01919	0.02104	0.06074	0.01008	0.01123	0.00245	0.16800	0.00668	0.00472	0.00994
11	0.01147	0.00767	0.00987	0.00987	0.01029	0.00809	0.00645	0.01192	0.01150	0.01575	0.02204	0.04142	0.02380	0.44256	0.23838	0.09802	0.01146	0.00985	0.00438	0.00522

[dist]
# distance from previous block
# <min> <max>
0	3

[block]
# block no. 3 follows, 25 sequences, length 6
# corresponding to MSA columns:
# 146-151
name=unknown_D
#
# <colnr> <probs for GDERKNQSTAVLIFYWHMCP>
#	G	D	E	R	K	N	Q	S	T	A	V	L	I	F	Y	W	H	M	C	P
0	0.00977	0.00717	0.00894	0.00993	0.01092	0.00659	0.00677	0.01144	0.01604	0.02119	0.13727	0.45691	0.16189	0.08258	0.01220	0.00333	0.00454	0.01898	0.00717	0.00635
1	0.08441	0.01467	0.02049	0.27331	0.14447	0.04864	0.01655	0.02307	0.01666	0.11689	0.01757	0.02189	0.01345	0.01358	0.08466	0.00352	0.01011	0.00688	0.05957	0.00961
2	0.01422	0.01518	0.07380	0.12533	0.11276	0.01362	0.11379	0.01980	0.06285	0.02414	0.11096	0.13898	0.11636	0.01274	0.00863	0.00262	0.00782	0.01176	0.00558	0.00907
3	0.01309	0.01473	0.15048	0.01337	0.01682	0.00987	0.01222	0.04171	0.01671	0.05141	0.03549	0.41395	0.06279	0.01821	0.00891	0.00285	0.00625	0.04645	0.05662	0.00806
4	0.01569	0.01147	0.01628	0.05171	0.01891	0.01098	0.10010	0.07030	0.01912	0.08429	0.04447	0.10026	0.26446	0.01388	0.00825	0.00247	0.00620	0.01213	0.14056	0.00846
5	0.05880	0.01667	0.01712	0.01458	0.01911	0.10233	0.01176	0.11866	0.08394	0.25575	0.07725	0.03279	0.02424	0.01112	0.00787	0.00246	0.00743	0.07724	0.05002	0.01088

[dist]
# distance from previous block
# <min> <max>
0	4

[block]
# block no. 4 follows, 25 sequences, length 23
# corresponding to MSA columns:
# 172-194
name=unknown_E
#
# <colnr> <probs for GDERKNQSTAVLIFYWHMCP>
#	G	D	E	R	K	N	Q	S	T	A	V	L	I	F	Y	W	H	M	C	P
0	0.02169	0.02110	0.02112	0.05615	0.02402	0.19124	0.07401	0.11485	0.12806	0.05121	0.02388	0.07700	0.05690	0.01021	0.00774	0.00229	0.00911	0.00846	0.00584	0.09511
1	0.01667	0.01245	0.01211	0.01097	0.01395	0.08359	0.00837	0.05420	0.01952	0.08140	0.14646	0.06921	0.15484	0.04490	0.00914	0.00249	0.00578	0.02891	0.17054	0.05448
2	0.02059	0.04356	0.02975	0.17953	0.10065	0.18601	0.18833	0.05258	0.01906	0.02322	0.01406	0.01821	0.01104	0.00727	0.00768	0.00226	0.01134	0.00676	0.00403	0.07406
3	0.01375	0.00784	0.01155	0.01132	0.01142	0.00849	0.00804	0.01126	0.01070	0.01451	0.01470	0.02651	0.01490	0.02534	0.02874	0.65723	0.07461	0.04145	0.00358	0.00407
4	0.11247	0.25248	0.05617	0.09132	0.04721	0.10343	0.01457	0.05911	0.01861	0.15372	0.01583	0.01701	0.01188	0.00775	0.00640	0.00212	0.00879	0.00559	0.00507	0.01046
5	0.01885	0.19549	0.17765	0.02141	0.08815	0.08536	0.08679	0.04957	0.04224	0.02426	0.06541	0.02544	0.01852	0.00910	0.00742	0.00231	0.00965	0.05757	0.00454	0.01027
6	0.01140	0.00800	0.00972	0.00950	0.01160	0.00712	0.00704	0.01410	0.01944	0.06057	0.34462	0.16573	0.26637	0.01809	0.00920	0.00261	0.00403	0.01572	0.00794	0.00721
7	0.01152	0.00855	0.01038	0.01049	0.01226	0.00812	0.00761	0.06483	0.01937	0.02593	0.24504	0.33437	0.17330	0.01954	0.00935	0.00276	0.00446	0.01722	0.00766	0.00723
8	0.02182	0.01694	0.02435	0.08373	0.30025	0.01726	0.01777	0.16797	0.02220	0.10164	0.02206	0.02589	0.05430	0.00910	0.00781	0.00234	0.00825	0.03268	0.00571	0.05793
9	0.01735	0.01807	0.02541	0.10335	0.11476	0.10663	0.15268	0.02245	0.06515	0.02237	0.02379	0.10107	0.07134	0.01300	0.03804	0.00302	0.07772	0.00974	0.00474	0.00932
10	0.38583	0.01489	0.01411	0.01184	0.01651	0.01637	0.00966	0.16855	0.02026	0.10225	0.04120	0.01957	0.01475	0.00853	0.00604	0.00229	0.00618	0.00603	0.12538	0.00976
11	0.01439	0.01132	0.01137	0.01102	0.01309	0.05147	0.00791	0.05603	0.11045	0.02444	0.06244	0.18137	0.12469	0.15014	0.01406	0.00347	0.00586	0.01270	0.12613	0.00765
12	0.02066	0.09292	0.02545	0.06552	0.26829	0.01642	0.03856	0.04869	0.01935	0.14642	0.10293	0.05574	0.02365	0.00986	0.00785	0.00238	0.00783	0.03077	0.00582	0.01091
13	0.01269	0.00782	0.01010	0.01054	0.01183	0.00730	0.00729	0.01433	0.01586	0.09248	0.10277	0.40836	0.08267	0.13361	0.04149	0.00402	0.00573	0.01711	0.00708	0.00694
14	0.00956	0.00698	0.00900	0.01038	0.01119	0.00642	0.00707	0.01119	0.01581	0.02096	0.10515	0.59048	0.12126	0.02300	0.00975	0.00303	0.00436	0.02068	0.00732	0.00642
15	0.09754	0.35962	0.03011	0.01531	0.02120	0.14332	0.01348	0.18676	0.02192	0.02784	0.01301	0.01431	0.01064	0.00761	0.00602	0.00196	0.00912	0.00503	0.00472	0.01047
16	0.04422	0.01289	0.01507	0.01330	0.01675	0.01333	0.03813	0.18671	0.07520	0.03052	0.06257	0.19550	0.17991	0.01565	0.00859	0.00265	0.00604	0.03563	0.03828	0.00905
17	0.01249	0.00717	0.01008	0.01008	0.01045	0.00731	0.00683	0.01093	0.01111	0.01487	0.02026	0.03198	0.05682	0.14095	0.13427	0.48902	0.00887	0.00827	0.00393	0.00432
18	0.01248	0.00819	0.01024	0.01048	0.01252	0.00739	0.00792	0.01488	0.01809	0.08652	0.17078	0.26135	0.23243	0.01957	0.00945	0.00284	0.00472	0.09514	0.00767	0.00733
19	0.02037	0.38258	0.12170	0.01730	0.02392	0.02575	0.06804	0.09346	0.08037	0.02435	0.01440	0.01625	0.01177	0.00790	0.00774	0.00214	0.06130	0.00572	0.00429	0.01066
20	0.01178	0.00885	0.01045	0.01062	0.01248	0.00845	0.00769	0.08136	0.01904	0.02500	0.14670	0.37087	0.21737	0.02012	0.00935	0.00281	0.00466	0.01766	0.00746	0.00727
21	0.01087	0.00826	0.01196	0.01196	0.01348	0.00935	0.00928	0.01355	0.01303	0.01832	0.02705	0.03526	0.09081	0.05396	0.62198	0.01139	0.01894	0.00918	0.00449	0.00688
22	0.01303	0.01014	0.01408	0.20787	0.02393	0.01095	0.01160	0.06229	0.01803	0.02454	0.13199	0.27222	0.07555	0.01566	0.00860	0.00268	0.00621	0.01383	0.06909	0.00771

[dist]
# distance from previous block
# <min> <max>
0	5

[block]
# block no. 5 follows, 25 sequences, length 27
# corresponding to MSA columns:
# 200-226
name=unknown_F
#
# <colnr> <probs for GDERKNQSTAVLIFYWHMCP>
#	G	D	E	R	K	N	Q	S	T	A	V	L	I	F	Y	W	H	M	C	P
0	0.01907	0.13814	0.10142	0.01532	0.02175	0.06283	0.04343	0.11641	0.02044	0.02793	0.10567	0.02178	0.01975	0.00821	0.00683	0.00187	0.00787	0.00656	0.00518	0.24955
1	0.01869	0.01440	0.01496	0.01306	0.01595	0.10130	0.01031	0.02157	0.01637	0.09401	0.01943	0.02318	0.01570	0.01609	0.10558	0.00355	0.12361	0.00671	0.25086	0.11468
2	0.29551	0.01785	0.01832	0.01587	0.01907	0.11205	0.06329	0.04225	0.01547	0.02608	0.01614	0.10883	0.01575	0.03626	0.01193	0.00285	0.16139	0.00795	0.00472	0.00842
3	0.01347	0.00673	0.01010	0.01010	0.01010	0.00673	0.00673	0.01010	0.01010	0.01347	0.01347	0.02357	0.01347	0.02694	0.03030	0.77441	0.00673	0.00673	0.00337	0.00337
4	0.01133	0.00851	0.01073	0.01173	0.01304	0.00851	0.00848	0.01607	0.10623	0.02336	0.12229	0.47299	0.04955	0.02099	0.00961	0.00303	0.00490	0.08385	0.00746	0.00735
5	0.01315	0.00968	0.01171	0.01081	0.01315	0.00942	0.00818	0.10229	0.02257	0.03099	0.43754	0.14120	0.12644	0.01645	0.00905	0.00254	0.00447	0.01435	0.00811	0.00791
6	0.01867	0.01370	0.01634	0.01180	0.01857	0.01048	0.00949	0.02206	0.01693	0.11666	0.01611	0.01751	0.01255	0.00628	0.00603	0.00132	0.00586	0.00504	0.00529	0.66931
7	0.23842	0.01249	0.01317	0.01165	0.01549	0.01330	0.00924	0.04285	0.10999	0.09466	0.13187	0.02977	0.05077	0.01658	0.09714	0.00367	0.00749	0.00811	0.04258	0.05076
8	0.00961	0.00687	0.00919	0.01099	0.01151	0.00644	0.00749	0.01108	0.01501	0.01998	0.04264	0.68791	0.05092	0.02414	0.00994	0.00317	0.00464	0.05494	0.00719	0.00634
9	0.02178	0.03850	0.01696	0.01373	0.01725	0.01347	0.01103	0.10421	0.02031	0.23990	0.09749	0.12091	0.05491	0.01908	0.09803	0.00386	0.08092	0.01041	0.00727	0.00998
10	0.02549	0.01837	0.02058	0.01764	0.04947	0.02012	0.01363	0.32285	0.24963	0.11472	0.04751	0.02447	0.01957	0.00989	0.00785	0.00244	0.00734	0.00793	0.00788	0.01263
11	0.01126	0.00842	0.00968	0.01004	0.01206	0.00781	0.00726	0.01488	0.07492	0.04779	0.08348	0.32486	0.31874	0.02011	0.00929	0.00281	0.00444	0.01750	0.00741	0.00725
12	0.01424	0.00832	0.00842	0.00823	0.01042	0.00842	0.00622	0.01958	0.08583	0.02818	0.03335	0.03525	0.11124	0.01066	0.00620	0.00201	0.00393	0.00866	0.58318	0.00767
13	0.12952	0.02348	0.01939	0.09034	0.02441	0.24757	0.01370	0.18616	0.06986	0.03002	0.02108	0.02220	0.07129	0.00942	0.00722	0.00230	0.00963	0.00688	0.00557	0.00995
14	0.01035	0.00739	0.00846	0.00893	0.00961	0.00699	0.00560	0.01112	0.01358	0.01753	0.04084	0.22798	0.17444	0.39402	0.02533	0.00534	0.00597	0.01514	0.00588	0.00551
15	0.01136	0.00818	0.00976	0.01051	0.01218	0.00789	0.00786	0.01515	0.06429	0.02349	0.08903	0.30051	0.17543	0.01920	0.00905	0.00283	0.00472	0.10830	0.11315	0.00711
16	0.02203	0.02090	0.01802	0.04179	0.02068	0.20849	0.01235	0.20903	0.05866	0.02892	0.02631	0.02886	0.10624	0.04950	0.08283	0.00361	0.01046	0.00817	0.03360	0.00957
17	0.01764	0.11549	0.02642	0.14954	0.27116	0.04162	0.01810	0.02333	0.08217	0.02272	0.01833	0.02242	0.03689	0.01358	0.08164	0.00342	0.03386	0.00713	0.00425	0.01029
18	0.01584	0.00955	0.01069	0.00964	0.01309	0.00842	0.00749	0.01927	0.05606	0.17318	0.06239	0.05883	0.45766	0.01632	0.00860	0.00253	0.00465	0.01354	0.04383	0.00842
19	0.38778	0.01516	0.01556	0.01262	0.01808	0.01589	0.01041	0.11122	0.01980	0.29391	0.01966	0.01885	0.01330	0.00842	0.00637	0.00239	0.00657	0.00599	0.00709	0.01092
20	0.01684	0.11236	0.01772	0.01287	0.01641	0.01585	0.01022	0.14027	0.13956	0.02715	0.03473	0.14896	0.13574	0.06659	0.06645	0.00366	0.00753	0.01142	0.00647	0.00920
21	0.01574	0.01115	0.01771	0.15705	0.02495	0.01124	0.08023	0.01915	0.01729	0.12124	0.05856	0.20703	0.09308	0.01686	0.03339	0.00317	0.00775	0.08960	0.00637	0.00845
22	0.03264	0.01368	0.01793	0.01407	0.01984	0.01249	0.01152	0.03826	0.11132	0.59411	0.03072	0.02674	0.01981	0.00972	0.00781	0.00243	0.00653	0.00793	0.00936	0.01307
23	0.02001	0.63623	0.13028	0.01449	0.02179	0.02892	0.01540	0.02340	0.01584	0.01912	0.01121	0.01298	0.00993	0.00674	0.00531	0.00177	0.00873	0.00437	0.00331	0.01016
24	0.02584	0.01993	0.02398	0.11188	0.11736	0.07506	0.03862	0.28711	0.06523	0.12805	0.01927	0.02039	0.01387	0.00869	0.00775	0.00237	0.00904	0.00710	0.00649	0.01197
25	0.02020	0.01622	0.02444	0.02010	0.04305	0.01719	0.16045	0.11644	0.13553	0.09433	0.08166	0.03010	0.02278	0.01219	0.03289	0.00296	0.07753	0.04596	0.03542	0.01058
26	0.14384	0.02006	0.07442	0.01677	0.02173	0.08703	0.06516	0.21250	0.04512	0.03205	0.02076	0.13851	0.01896	0.01415	0.05146	0.00313	0.00930	0.00912	0.00589	0.01001

[dist]
# distance from previous block
# <min> <max>
4	15

[block]
# block no. 6 follows, 25 sequences, length 27
# corresponding to MSA columns:
# 295-321
name=unknown_G
#
# <colnr> <probs for GDERKNQSTAVLIFYWHMCP>
#	G	D	E	R	K	N	Q	S	T	A	V	L	I	F	Y	W	H	M	C	P
0	0.04618	0.32657	0.16570	0.01538	0.02178	0.08717	0.01539	0.04687	0.04863	0.04554	0.01515	0.01940	0.01312	0.09137	0.01002	0.00266	0.00917	0.00585	0.00419	0.00985
1	0.12829	0.20024	0.21659	0.01484	0.02189	0.01914	0.01568	0.02361	0.08381	0.02491	0.02260	0.02342	0.09457	0.00889	0.00654	0.00218	0.00790	0.00667	0.00459	0.07366
2	0.02173	0.26049	0.19734	0.01917	0.02632	0.20630	0.07071	0.04954	0.04021	0.02218	0.01328	0.01533	0.01066	0.00741	0.00667	0.00209	0.01097	0.00545	0.00386	0.01031
3	0.21009	0.21721	0.06358	0.01365	0.01863	0.06192	0.01233	0.02409	0.07887	0.04835	0.01690	0.02153	0.01446	0.01646	0.11799	0.00388	0.00997	0.03605	0.00472	0.00931
4	0.21005	0.01828	0.03021	0.03043	0.23774	0.01865	0.23520	0.02535	0.07066	0.02812	0.01543	0.01894	0.01208	0.00715	0.00748	0.00246	0.00948	0.00716	0.00444	0.01068
5	0.02300	0.22493	0.02920	0.01864	0.02351	0.30647	0.10634	0.02595	0.01861	0.02065	0.01349	0.01627	0.01128	0.00778	0.00748	0.00204	0.04540	0.00568	0.08401	0.00926
6	0.01920	0.02074	0.12629	0.13554	0.37237	0.01773	0.08880	0.02460	0.01760	0.07924	0.01582	0.01977	0.01216	0.00728	0.00781	0.00241	0.00989	0.00704	0.00419	0.01151
7	0.01496	0.01449	0.01582	0.11543	0.02152	0.13984	0.01241	0.01793	0.01469	0.01845	0.01810	0.02594	0.01630	0.04137	0.46667	0.00905	0.01797	0.00748	0.00402	0.00756
8	0.01693	0.01479	0.02153	0.11895	0.02689	0.01604	0.11685	0.07827	0.21804	0.02759	0.02835	0.10966	0.02593	0.01295	0.00883	0.00283	0.00810	0.13120	0.00637	0.00989
9	0.01569	0.01881	0.12183	0.03090	0.32613	0.01508	0.08502	0.02038	0.01754	0.02391	0.03297	0.03488	0.20246	0.01059	0.00821	0.00245	0.00843	0.00969	0.00473	0.01032
10	0.01841	0.04810	0.33477	0.09545	0.03516	0.01904	0.17771	0.08530	0.03856	0.05023	0.01583	0.01878	0.01144	0.00754	0.00785	0.00248	0.01103	0.00693	0.00425	0.01113
11	0.01268	0.00835	0.01061	0.00980	0.01210	0.00754	0.00744	0.01602	0.02131	0.08393	0.52976	0.05786	0.16128	0.01591	0.00904	0.00246	0.00394	0.01386	0.00842	0.00769
12	0.00945	0.00675	0.00900	0.01080	0.01125	0.00630	0.00720	0.01080	0.01484	0.01979	0.04274	0.72245	0.05128	0.02429	0.00990	0.00315	0.00450	0.02204	0.00720	0.00630
13	0.02903	0.03487	0.02215	0.01968	0.02398	0.60424	0.01495	0.11625	0.02396	0.02307	0.01289	0.01462	0.01043	0.00817	0.00710	0.00204	0.01324	0.00527	0.00451	0.00956
14	0.10479	0.01934	0.01765	0.01496	0.01965	0.14923	0.01202	0.20406	0.02424	0.15337	0.02933	0.03242	0.11245	0.01140	0.00776	0.00243	0.00819	0.05943	0.00692	0.01039
15	0.00950	0.00770	0.00843	0.00859	0.01077	0.00663	0.00631	0.01165	0.01795	0.02242	0.16977	0.16639	0.48742	0.01970	0.00927	0.00267	0.00397	0.01681	0.00742	0.00663
16	0.01464	0.01378	0.02326	0.70887	0.05340	0.01723	0.02153	0.01981	0.01550	0.01981	0.01378	0.02067	0.01034	0.00775	0.00775	0.00258	0.01034	0.00689	0.00345	0.00861
17	0.11860	0.02139	0.02498	0.02173	0.09327	0.11782	0.11718	0.21744	0.02336	0.03272	0.01502	0.01723	0.01153	0.00760	0.00718	0.00215	0.00938	0.00632	0.00531	0.12980
18	0.01763	0.01720	0.03021	0.03720	0.40966	0.01790	0.12267	0.02198	0.01640	0.02348	0.01520	0.02088	0.01301	0.01502	0.11027	0.00395	0.08523	0.00746	0.00385	0.01081
19	0.00989	0.00777	0.00907	0.00990	0.01178	0.00695	0.00754	0.01201	0.01696	0.02108	0.06166	0.24942	0.38587	0.02122	0.00966	0.00295	0.00471	0.13779	0.00719	0.00660
20	0.78228	0.01499	0.01140	0.01020	0.01499	0.01739	0.00840	0.02279	0.01320	0.03479	0.01080	0.01260	0.00840	0.00720	0.00480	0.00240	0.00600	0.00420	0.00480	0.00840
21	0.01668	0.01555	0.02419	0.22290	0.32441	0.01673	0.01924	0.02363	0.11148	0.02427	0.02484	0.02796	0.09643	0.00926	0.00791	0.00247	0.00842	0.00836	0.00474	0.01054
22	0.01110	0.00776	0.00958	0.00922	0.01029	0.00740	0.00624	0.01325	0.01754	0.02447	0.40662	0.05496	0.05461	0.30946	0.02165	0.00453	0.00525	0.01289	0.00695	0.00624
23	0.01587	0.01504	0.02548	0.52971	0.22293	0.01755	0.02215	0.02089	0.01609	0.02131	0.01400	0.02027	0.01086	0.00752	0.00773	0.00251	0.01003	0.00690	0.00355	0.00961
24	0.64132	0.01576	0.01479	0.01595	0.11220	0.01781	0.01089	0.04779	0.01476	0.03396	0.01166	0.01379	0.00915	0.00724	0.00533	0.00238	0.00657	0.00470	0.00477	0.00915
25	0.01932	0.54338	0.21705	0.01568	0.02363	0.02722	0.01746	0.02358	0.01592	0.01996	0.01163	0.01351	0.00992	0.00683	0.00563	0.00188	0.00916	0.00458	0.00331	0.01036
26	0.01905	0.22042	0.33516	0.01743	0.02580	0.02056	0.01979	0.08966	0.01895	0.06667	0.04159	0.02125	0.05466	0.00857	0.00696	0.00223	0.00925	0.00651	0.00458	0.01089

[dist]
# distance from previous block
# <min> <max>
0	2

[block]
# block no. 7 follows, 25 sequences, length 26
# corresponding to MSA columns:
# 324-349
name=unknown_H
#
# <colnr> <probs for GDERKNQSTAVLIFYWHMCP>
#	G	D	E	R	K	N	Q	S	T	A	V	L	I	F	Y	W	H	M	C	P
0	0.04265	0.14384	0.19870	0.11078	0.02861	0.02110	0.01826	0.13230	0.15450	0.04836	0.01822	0.01946	0.01359	0.00834	0.00713	0.00235	0.00887	0.00648	0.00524	0.01124
1	0.01558	0.01505	0.02651	0.51025	0.14811	0.01732	0.08947	0.02068	0.01612	0.02121	0.01505	0.04311	0.01211	0.00802	0.00796	0.00256	0.01027	0.00763	0.00368	0.00931
2	0.01649	0.01706	0.02805	0.02238	0.02481	0.02076	0.18927	0.01954	0.01426	0.02060	0.01908	0.02428	0.08259	0.01230	0.01923	0.00310	0.44499	0.00847	0.00395	0.00881
3	0.35149	0.01481	0.01520	0.01210	0.01779	0.01482	0.00992	0.07946	0.01823	0.21176	0.01751	0.01762	0.01241	0.00772	0.00607	0.00213	0.00632	0.00550	0.00632	0.17282
4	0.35320	0.01340	0.01434	0.01181	0.01685	0.01353	0.00967	0.02884	0.01830	0.33487	0.09176	0.02388	0.02039	0.00924	0.00666	0.00240	0.00602	0.00692	0.00742	0.01050
5	0.01113	0.00808	0.01130	0.01130	0.01228	0.00906	0.00824	0.01310	0.01212	0.01714	0.02183	0.03636	0.02194	0.25284	0.50559	0.01102	0.01691	0.00917	0.00431	0.00628
6	0.01109	0.00884	0.01006	0.00959	0.01203	0.00828	0.00724	0.01599	0.08964	0.02687	0.34843	0.06198	0.32759	0.01691	0.00902	0.00254	0.00404	0.01446	0.00789	0.00752
7	0.00997	0.00789	0.00897	0.00870	0.01097	0.00689	0.00652	0.01268	0.01957	0.02544	0.34285	0.06722	0.40888	0.01796	0.00916	0.00254	0.00381	0.01533	0.00779	0.00689
8	0.00969	0.00685	0.00892	0.01048	0.01087	0.00646	0.00686	0.01086	0.01436	0.01915	0.04026	0.63169	0.04816	0.11930	0.01389	0.00374	0.00491	0.02059	0.00686	0.00608
9	0.01065	0.00762	0.01032	0.01179	0.01287	0.00729	0.00894	0.01303	0.01679	0.02243	0.12762	0.42529	0.05206	0.02221	0.01006	0.00319	0.00525	0.21851	0.00736	0.00671
10	0.41891	0.01381	0.01254	0.01148	0.01538	0.01563	0.00895	0.02580	0.17440	0.05222	0.02069	0.07598	0.01785	0.06560	0.00878	0.00289	0.00596	0.00750	0.03663	0.00901
11	0.01716	0.02796	0.28914	0.02777	0.03645	0.01929	0.36881	0.02429	0.01711	0.02429	0.01462	0.01890	0.01091	0.00735	0.00962	0.00261	0.06170	0.00768	0.00364	0.01070
12	0.02947	0.02172	0.02327	0.01784	0.02404	0.02404	0.01474	0.65329	0.03646	0.04887	0.01862	0.01862	0.01319	0.00931	0.00776	0.00233	0.00853	0.00698	0.00776	0.01319
13	0.00961	0.00800	0.00848	0.00872	0.01123	0.00687	0.00678	0.01179	0.01770	0.02125	0.07348	0.07635	0.59069	0.01988	0.00937	0.00275	0.00436	0.09886	0.00719	0.00663
14	0.01870	0.01792	0.03058	0.11908	0.61149	0.01829	0.02355	0.02336	0.01742	0.02473	0.01450	0.01935	0.01207	0.00700	0.00768	0.00233	0.00933	0.00691	0.00380	0.01189
15	0.26852	0.01134	0.01266	0.10368	0.01895	0.01222	0.00983	0.02060	0.01558	0.11580	0.02431	0.20510	0.02302	0.01236	0.00703	0.00254	0.00593	0.01017	0.11200	0.00836
16	0.01445	0.00723	0.00723	0.00723	0.00903	0.00723	0.00542	0.01807	0.01626	0.02891	0.02529	0.02891	0.01987	0.00903	0.00542	0.00181	0.00361	0.00723	0.77055	0.00723
17	0.01115	0.00820	0.01080	0.01227	0.01388	0.00786	0.01001	0.01389	0.01709	0.02197	0.04829	0.23852	0.16120	0.02179	0.01023	0.00329	0.00592	0.36963	0.00716	0.00683
18	0.01886	0.11635	0.04129	0.03399	0.20624	0.02079	0.39933	0.02434	0.01779	0.02408	0.01473	0.01931	0.01166	0.00665	0.00820	0.00240	0.01141	0.00788	0.00382	0.01087
19	0.01056	0.00787	0.00996	0.01136	0.01226	0.00777	0.00777	0.01424	0.08851	0.02123	0.04147	0.64388	0.04815	0.02273	0.00967	0.00309	0.00468	0.02054	0.00728	0.00697
20	0.28700	0.02065	0.01813	0.20461	0.02846	0.19672	0.01417	0.02622	0.09000	0.02625	0.01428	0.01702	0.01108	0.00793	0.00654	0.00237	0.00931	0.00566	0.00457	0.00905
21	0.02744	0.03731	0.09735	0.02022	0.02506	0.61953	0.01653	0.03024	0.02134	0.01961	0.01220	0.01425	0.00997	0.00792	0.00703	0.00205	0.01370	0.00508	0.00391	0.00927
22	0.01329	0.01000	0.01329	0.01366	0.01658	0.00924	0.01176	0.01683	0.01746	0.02366	0.03502	0.07166	0.03729	0.01795	0.00961	0.00303	0.00683	0.48917	0.00658	0.17712
23	0.01731	0.01837	0.03614	0.11935	0.03736	0.01723	0.42385	0.02298	0.01743	0.02425	0.01501	0.01981	0.01151	0.00652	0.00821	0.00229	0.01108	0.00784	0.00401	0.17945
24	0.01274	0.00963	0.01234	0.01345	0.01566	0.00973	0.01144	0.01814	0.09115	0.02390	0.04582	0.07883	0.14059	0.01991	0.01015	0.00332	0.00653	0.46182	0.00723	0.00763
25	0.02985	0.01325	0.01730	0.01416	0.01943	0.01234	0.01166	0.03586	0.12184	0.50803	0.03193	0.03370	0.02277	0.01108	0.00814	0.00257	0.00659	0.07809	0.00905	0.01237

[dist]
# distance from previous block
# <min> <max>
0	16

[block]
# block no. 8 follows, 25 sequences, length 13
# corresponding to MSA columns:
# 366-378
name=unknown_I
#
# <colnr> <probs for GDERKNQSTAVLIFYWHMCP>
#	G	D	E	R	K	N	Q	S	T	A	V	L	I	F	Y	W	H	M	C	P
0	0.02670	0.02383	0.15575	0.01738	0.02406	0.09723	0.01618	0.16774	0.12106	0.23625	0.02257	0.02160	0.01558	0.00903	0.00762	0.00238	0.00880	0.00702	0.00700	0.01221
1	0.23343	0.16286	0.02563	0.01641	0.02227	0.02114	0.10906	0.11047	0.12019	0.08241	0.01737	0.01826	0.01309	0.00797	0.00661	0.00231	0.00795	0.00631	0.00561	0.01064
2	0.01243	0.00944	0.01157	0.01088	0.01088	0.01082	0.00719	0.01278	0.01140	0.01577	0.02153	0.04387	0.02452	0.58221	0.03661	0.00668	0.15116	0.01036	0.00443	0.00547
3	0.01085	0.00848	0.01226	0.15316	0.02036	0.00884	0.01069	0.01326	0.01544	0.02024	0.03806	0.47926	0.06693	0.02040	0.00953	0.00306	0.00597	0.08988	0.00643	0.00688
4	0.01715	0.01627	0.02667	0.03950	0.54305	0.01601	0.02015	0.02122	0.01766	0.02444	0.02760	0.03047	0.14736	0.00950	0.00798	0.00237	0.00814	0.00883	0.00452	0.01111
5	0.02114	0.01307	0.01619	0.01413	0.01756	0.01399	0.01118	0.02840	0.18306	0.23402	0.03566	0.12867	0.11008	0.01382	0.01105	0.00275	0.11632	0.01100	0.00754	0.01039
6	0.01393	0.01369	0.01064	0.01023	0.01302	0.14703	0.00768	0.01613	0.01835	0.02165	0.05760	0.05593	0.44926	0.01579	0.00820	0.00238	0.00593	0.01278	0.11264	0.00714
7	0.02200	0.12833	0.32070	0.01807	0.02640	0.10736	0.01967	0.02751	0.01819	0.15731	0.01661	0.01752	0.01190	0.00767	0.00694	0.00217	0.00991	0.00574	0.00477	0.07123
8	0.02540	0.01931	0.02251	0.15811	0.02935	0.02172	0.01572	0.49051	0.03105	0.04142	0.01890	0.05612	0.01461	0.00978	0.00787	0.00242	0.00869	0.00776	0.00685	0.01189
9	0.02425	0.01855	0.02468	0.06111	0.07926	0.02018	0.08724	0.25522	0.16121	0.11206	0.02132	0.02204	0.01553	0.00925	0.00899	0.00251	0.05012	0.00768	0.00674	0.01207
10	0.02517	0.11677	0.02801	0.04382	0.02643	0.21627	0.15203	0.02977	0.05928	0.17435	0.02032	0.02125	0.03484	0.00839	0.00753	0.00226	0.01040	0.00710	0.00550	0.01051
11	0.00922	0.00764	0.00808	0.00843	0.01062	0.00650	0.00615	0.01106	0.01712	0.02072	0.07152	0.20169	0.55346	0.02055	0.00931	0.00272	0.00404	0.01748	0.00720	0.00650
12	0.07981	0.08999	0.02123	0.01735	0.02160	0.45532	0.01361	0.02705	0.01986	0.02105	0.01536	0.02256	0.01406	0.00922	0.00700	0.00212	0.01146	0.07798	0.00441	0.06896

[dist]
# distance from previous block
# <min> <max>
0	2

[block]
# block no. 9 follows, 25 sequences, length 27
# corresponding to MSA columns:
# 381-407
name=unknown_J
#
# <colnr> <probs for GDERKNQSTAVLIFYWHMCP>
#	G	D	E	R	K	N	Q	S	T	A	V	L	I	F	Y	W	H	M	C	P
0	0.07016	0.02063	0.07399	0.01801	0.06189	0.05828	0.01466	0.27831	0.02597	0.19178	0.01950	0.01943	0.01365	0.00850	0.00730	0.00221	0.00823	0.00654	0.00687	0.09409
1	0.01533	0.01667	0.09799	0.32030	0.11256	0.01641	0.01928	0.05151	0.01609	0.02206	0.01608	0.04032	0.01352	0.01842	0.14476	0.00453	0.05360	0.00744	0.00393	0.00920
2	0.01951	0.01084	0.01325	0.01126	0.01489	0.01010	0.00889	0.08909	0.02244	0.21554	0.27190	0.04662	0.16773	0.01378	0.00843	0.00242	0.00506	0.01163	0.04718	0.00945
3	0.01496	0.01361	0.02084	0.01592	0.02136	0.01142	0.15103	0.01850	0.01611	0.02358	0.02082	0.16936	0.02073	0.03955	0.00877	0.00216	0.00718	0.00960	0.00500	0.40950
4	0.01544	0.01451	0.02445	0.51875	0.19762	0.01695	0.02133	0.02028	0.01597	0.02110	0.01544	0.05596	0.01287	0.00839	0.00784	0.00255	0.00978	0.00766	0.00373	0.00935
5	0.58489	0.01372	0.01148	0.01044	0.01457	0.01555	0.00837	0.05270	0.01521	0.03359	0.05467	0.08069	0.01704	0.00947	0.00570	0.00243	0.00571	0.00671	0.04873	0.00832
6	0.01513	0.01255	0.01457	0.01089	0.01642	0.00978	0.00830	0.01790	0.01513	0.02325	0.01588	0.02292	0.01478	0.14816	0.01240	0.00241	0.00609	0.00591	0.00461	0.62293
7	0.01316	0.00850	0.01088	0.01155	0.01364	0.00783	0.00916	0.01562	0.01744	0.09252	0.05043	0.25172	0.21274	0.02046	0.00976	0.00307	0.00550	0.23118	0.00743	0.00740
8	0.01137	0.00884	0.01044	0.00988	0.01220	0.00839	0.00746	0.01652	0.08969	0.02845	0.44242	0.05939	0.23328	0.01632	0.00902	0.00251	0.00400	0.01410	0.00810	0.00764
9	0.01960	0.02174	0.01713	0.09014	0.02231	0.30832	0.01269	0.02400	0.09267	0.02089	0.02501	0.26029	0.02581	0.01387	0.00818	0.00253	0.00943	0.01150	0.00549	0.00840
10	0.01124	0.00767	0.00924	0.00924	0.00951	0.00794	0.00567	0.01178	0.01151	0.01561	0.02372	0.04678	0.02647	0.59681	0.16781	0.00848	0.01010	0.01070	0.00459	0.00513
11	0.01642	0.01504	0.02595	0.32542	0.23583	0.01638	0.09209	0.02134	0.01659	0.02342	0.01596	0.02147	0.01251	0.00755	0.00754	0.00239	0.00931	0.00721	0.11784	0.00974
12	0.01144	0.00796	0.01074	0.01074	0.01173	0.00879	0.00775	0.01343	0.01243	0.01806	0.02232	0.03665	0.02217	0.26249	0.42928	0.00996	0.01508	0.00914	0.07358	0.00626
13	0.01464	0.01222	0.01968	0.01648	0.01949	0.01298	0.13608	0.08905	0.01619	0.02246	0.02006	0.03020	0.01846	0.14069	0.38542	0.00863	0.01590	0.00876	0.00460	0.00801
14	0.00980	0.00705	0.00953	0.01086	0.01156	0.00678	0.00748	0.01156	0.01540	0.02090	0.11298	0.57201	0.05038	0.02695	0.08340	0.00407	0.00615	0.01965	0.00702	0.00648
15	0.78228	0.01499	0.01140	0.01020	0.01499	0.01739	0.00840	0.02279	0.01320	0.03479	0.01080	0.01260	0.00840	0.00720	0.00480	0.00240	0.00600	0.00420	0.00480	0.00840
16	0.01997	0.02013	0.02997	0.08363	0.57204	0.09099	0.02272	0.02433	0.01799	0.02432	0.01426	0.01872	0.01192	0.00707	0.00761	0.00229	0.00979	0.00670	0.00383	0.01171
17	0.00945	0.00675	0.00900	0.01080	0.01125	0.00630	0.00720	0.01080	0.01484	0.01979	0.04274	0.72245	0.05128	0.02429	0.00990	0.00315	0.00450	0.02204	0.00720	0.00630
18	0.01352	0.01174	0.01686	0.01573	0.01662	0.01508	0.01282	0.01596	0.01281	0.01881	0.01882	0.03131	0.01851	0.03686	0.36198	0.00798	0.28886	0.07400	0.00418	0.00755
19	0.01122	0.00801	0.01103	0.01282	0.01404	0.00782	0.01027	0.01386	0.01659	0.02177	0.04176	0.35370	0.04741	0.02262	0.01037	0.00339	0.00603	0.37332	0.00716	0.00679
20	0.01816	0.02049	0.04340	0.03136	0.03837	0.02005	0.58317	0.02418	0.01761	0.02418	0.01510	0.02049	0.01160	0.00729	0.01089	0.00270	0.08796	0.00890	0.00387	0.01025
21	0.01828	0.01899	0.03707	0.03845	0.33794	0.01846	0.31892	0.02369	0.01765	0.02466	0.01547	0.02068	0.01246	0.00980	0.04963	0.00306	0.01173	0.00805	0.00390	0.01110
22	0.09575	0.22605	0.26301	0.01672	0.02379	0.06034	0.01824	0.02271	0.01650	0.02323	0.01795	0.02876	0.01659	0.00995	0.00707	0.00242	0.00931	0.12767	0.00425	0.00972
23	0.01787	0.15112	0.19217	0.21607	0.03764	0.04123	0.17012	0.02364	0.01682	0.04183	0.01418	0.01818	0.01074	0.00723	0.00747	0.00237	0.01089	0.00662	0.00370	0.01013
24	0.01098	0.00775	0.01017	0.01037	0.01100	0.00827	0.00704	0.01228	0.01217	0.01680	0.02502	0.11951	0.02721	0.37109	0.30679	0.00905	0.01263	0.01129	0.00476	0.00580
25	0.10290	0.02196	0.23634	0.01936	0.07559	0.01570	0.04339	0.02130	0.05445	0.02521	0.07749	0.10952	0.04086	0.03500	0.01071	0.00281	0.08373	0.00927	0.00490	0.00951
26	0.01819	0.02373	0.24613	0.02719	0.17676	0.01591	0.13450	0.02393	0.01745	0.09986	0.02053	0.12271	0.01790	0.00986	0.00818	0.00254	0.00966	0.00925	0.00482	0.01091

[dist]
# distance from previous block
# <min> <max>
0	2

[block]
# block no. 10 follows, 25 sequences, length 13
# corresponding to MSA columns:
# 410-422
name=unknown_K
#
# <colnr> <probs for GDERKNQSTAVLIFYWHMCP>
#	G	D	E	R	K	N	Q	S	T	A	V	L	I	F	Y	W	H	M	C	P
0	0.07698	0.11745	0.29844	0.02041	0.07755	0.07290	0.02006	0.07054	0.04963	0.10163	0.01627	0.01753	0.01191	0.00782	0.00698	0.00230	0.00967	0.00592	0.00475	0.01127
1	0.01672	0.02672	0.28348	0.02138	0.02836	0.05859	0.13171	0.02232	0.01611	0.02297	0.01555	0.06876	0.01348	0.00938	0.01082	0.00251	0.13396	0.00753	0.00391	0.10576
2	0.00973	0.00687	0.00891	0.01043	0.01081	0.00649	0.00680	0.01087	0.01428	0.01904	0.03985	0.61664	0.04764	0.13506	0.01455	0.00384	0.00497	0.02035	0.00680	0.00605
3	0.01820	0.01412	0.01413	0.01248	0.01579	0.09629	0.00974	0.10917	0.02311	0.10150	0.29714	0.04757	0.15544	0.01415	0.00860	0.00244	0.00616	0.03742	0.00768	0.00886
4	0.01347	0.00673	0.01010	0.01010	0.01010	0.00673	0.00673	0.01010	0.01010	0.01347	0.01347	0.02357	0.01347	0.02694	0.03030	0.77441	0.00673	0.00673	0.00337	0.00337
5	0.03479	0.01320	0.01799	0.01380	0.01979	0.01140	0.01140	0.03779	0.02219	0.68451	0.03059	0.02639	0.01919	0.00960	0.00780	0.00240	0.00660	0.00780	0.00960	0.01320
6	0.01105	0.00742	0.00852	0.00875	0.00881	0.00736	0.00501	0.01122	0.01172	0.01563	0.02672	0.13479	0.03108	0.63952	0.03576	0.00697	0.00714	0.01262	0.00501	0.00490
7	0.16136	0.01858	0.01951	0.01562	0.02123	0.02045	0.01277	0.35783	0.14051	0.12304	0.02100	0.02033	0.01492	0.00918	0.00726	0.00240	0.00742	0.00690	0.00749	0.01218
8	0.02258	0.02653	0.02066	0.01868	0.02117	0.39711	0.01451	0.02464	0.01763	0.01871	0.01315	0.01780	0.01178	0.01873	0.13981	0.00430	0.19380	0.00607	0.00387	0.00848
9	0.02030	0.01368	0.01434	0.01223	0.01595	0.01490	0.00970	0.23429	0.13349	0.03618	0.02413	0.02547	0.01828	0.00938	0.00662	0.00212	0.00569	0.00741	0.38577	0.01008
10	0.15824	0.01466	0.01777	0.11922	0.02393	0.04827	0.06171	0.02068	0.04670	0.02523	0.01922	0.14109	0.01825	0.00998	0.00704	0.00218	0.00729	0.00851	0.00499	0.24503
11	0.02047	0.06246	0.07519	0.02981	0.30809	0.01812	0.04125	0.12602	0.02018	0.05536	0.01606	0.02002	0.01308	0.04415	0.00892	0.00240	0.00867	0.00669	0.00480	0.11827
12	0.08217	0.10135	0.09735	0.02502	0.20540	0.14853	0.01731	0.02758	0.06918	0.09968	0.01754	0.04509	0.01419	0.00841	0.00710	0.00227	0.00930	0.00672	0.00493	0.01087

[dist]
# distance from previous block
# <min> <max>
0	2

[block]
# block no. 11 follows, 25 sequences, length 91
# corresponding to MSA columns:
# 425-515
name=unknown_L
#
# <colnr> <probs for GDERKNQSTAVLIFYWHMCP>
#	G	D	E	R	K	N	Q	S	T	A	V	L	I	F	Y	W	H	M	C	P
0	0.02260	0.11261	0.03069	0.07565	0.27168	0.07544	0.09258	0.12086	0.02091	0.08014	0.01586	0.01868	0.01230	0.00755	0.00747	0.00226	0.00969	0.00674	0.00483	0.01147
1	0.01333	0.00822	0.01077	0.01121	0.01263	0.00779	0.00827	0.01538	0.01655	0.08979	0.13049	0.27563	0.04494	0.16772	0.01592	0.00397	0.00579	0.14748	0.00711	0.00701
2	0.01656	0.01573	0.02671	0.43068	0.31665	0.01773	0.02249	0.02149	0.01641	0.02213	0.01412	0.02005	0.01115	0.00740	0.00772	0.00247	0.00986	0.00690	0.00361	0.01016
3	0.01613	0.01504	0.02496	0.54605	0.18230	0.01773	0.02175	0.04397	0.01672	0.02203	0.01413	0.02029	0.01085	0.00763	0.00774	0.00252	0.01004	0.00690	0.00369	0.00954
4	0.02301	0.10640	0.06116	0.02532	0.13665	0.25617	0.09648	0.02643	0.01839	0.05714	0.01360	0.01677	0.01111	0.00832	0.00981	0.00233	0.11054	0.00618	0.00407	0.01012
