[name]
unknown

[dist]
# distance from previous block
# <min> <max>
0	161

[block]
# block no. 0 follows, 33 sequences, length 72
# corresponding to MSA columns:
# 161-232
name=unknown_A
#
# <colnr> <probs for GDERKNQSTAVLIFYWHMCP>
#	G	D	E	R	K	N	Q	S	T	A	V	L	I	F	Y	W	H	M	C	P
0	0.01140	0.00817	0.01111	0.01229	0.01401	0.00828	0.01071	0.05140	0.01602	0.02089	0.03382	0.07107	0.03643	0.01762	0.00896	0.00297	0.00613	0.64630	0.00609	0.00634
1	0.01245	0.00877	0.01011	0.04994	0.01174	0.08020	0.00700	0.01110	0.01007	0.01258	0.01291	0.02249	0.01295	0.12290	0.06073	0.53371	0.00721	0.00617	0.00310	0.00389
2	0.01029	0.00730	0.00898	0.00936	0.01138	0.00668	0.00770	0.01272	0.01564	0.05842	0.11714	0.06421	0.33547	0.01651	0.00826	0.00253	0.00456	0.29037	0.00632	0.00614
3	0.45330	0.05233	0.05669	0.05187	0.01992	0.12372	0.11638	0.02062	0.01332	0.02447	0.01023	0.01247	0.00798	0.00614	0.00517	0.00200	0.00755	0.00450	0.00367	0.00768
4	0.01708	0.01593	0.02474	0.12328	0.56107	0.06185	0.01892	0.02083	0.01522	0.05937	0.01290	0.01649	0.01042	0.00614	0.00649	0.00197	0.00808	0.00580	0.00349	0.00991
5	0.00882	0.00802	0.00750	0.00736	0.00960	0.04581	0.00552	0.01061	0.01550	0.01840	0.11791	0.05938	0.63106	0.01587	0.00768	0.00218	0.00378	0.01320	0.00606	0.00572
6	0.65145	0.01354	0.01176	0.05025	0.01568	0.01562	0.00855	0.12335	0.01431	0.03066	0.01031	0.01184	0.00784	0.00641	0.00459	0.00204	0.00562	0.00405	0.00439	0.00776
7	0.06505	0.02599	0.02305	0.02112	0.09690	0.48137	0.15125	0.02423	0.01724	0.01840	0.01098	0.01345	0.00891	0.00640	0.00626	0.00185	0.01092	0.00508	0.00340	0.00815
8	0.01629	0.01564	0.02672	0.04041	0.72757	0.01564	0.02020	0.02020	0.01499	0.02151	0.01238	0.01629	0.01043	0.00587	0.00652	0.00196	0.00782	0.00587	0.00326	0.01043
9	0.02574	0.01579	0.01784	0.01375	0.01879	0.01667	0.01133	0.48031	0.02668	0.23919	0.01899	0.01810	0.01292	0.00796	0.00650	0.00197	0.00658	0.00614	0.04376	0.01097
10	0.02885	0.01230	0.01596	0.01223	0.01735	0.01131	0.01011	0.13429	0.02068	0.62733	0.02443	0.02141	0.01552	0.00811	0.00662	0.00203	0.00585	0.00652	0.00791	0.01120
11	0.02501	0.01274	0.01556	0.01216	0.01680	0.01240	0.00996	0.23503	0.02233	0.41328	0.09489	0.02518	0.05587	0.00904	0.00678	0.00203	0.00574	0.00731	0.00747	0.01041
12	0.00957	0.00638	0.00718	0.00718	0.00718	0.00638	0.00399	0.00957	0.00957	0.01276	0.02074	0.04308	0.02393	0.76864	0.03351	0.00638	0.00638	0.00957	0.00399	0.00399
13	0.00783	0.00648	0.00687	0.00718	0.00903	0.00551	0.00523	0.00939	0.01451	0.01758	0.06046	0.20690	0.58537	0.01748	0.00791	0.00232	0.00343	0.01488	0.00611	0.00551
14	0.02357	0.02961	0.01911	0.05530	0.05632	0.66978	0.01337	0.02551	0.01820	0.01641	0.01036	0.01238	0.00859	0.00673	0.00600	0.00173	0.01152	0.00440	0.00336	0.00775
15	0.01440	0.01440	0.02016	0.01728	0.01728	0.02016	0.01440	0.01584	0.01008	0.01584	0.00864	0.01440	0.00864	0.01152	0.02160	0.00288	0.75659	0.00576	0.00288	0.00720
16	0.01629	0.01564	0.02672	0.04041	0.72757	0.01564	0.02020	0.02020	0.01499	0.02151	0.01238	0.01629	0.01043	0.00587	0.00652	0.00196	0.00782	0.00587	0.00326	0.01043
17	0.01387	0.01292	0.01688	0.01371	0.01613	0.01484	0.01120	0.01586	0.01153	0.01801	0.01046	0.01541	0.00980	0.04360	0.01526	0.00226	0.41219	0.00517	0.00335	0.33755
18	0.00957	0.00638	0.00718	0.00718	0.00718	0.00638	0.00399	0.00957	0.00957	0.01276	0.02074	0.04308	0.02393	0.76864	0.03351	0.00638	0.00638	0.00957	0.00399	0.00399
19	0.01440	0.01440	0.02016	0.01728	0.01728	0.02016	0.01440	0.01584	0.01008	0.01584	0.00864	0.01440	0.00864	0.01152	0.02160	0.00288	0.75659	0.00576	0.00288	0.00720
20	0.01365	0.01170	0.01365	0.00975	0.01560	0.00878	0.00780	0.01658	0.01365	0.02145	0.01170	0.01365	0.00975	0.00488	0.00488	0.00098	0.00488	0.00390	0.00390	0.80888
21	0.76627	0.01289	0.01018	0.00897	0.01311	0.01483	0.00739	0.04356	0.01210	0.04909	0.00986	0.01119	0.00752	0.00623	0.00423	0.00203	0.00518	0.00373	0.00427	0.00738
22	0.02380	0.02875	0.01836	0.01648	0.02003	0.61892	0.01248	0.07514	0.08896	0.01904	0.01223	0.01341	0.00983	0.00708	0.00606	0.00177	0.01088	0.00468	0.00395	0.00816
23	0.01197	0.00898	0.01144	0.09237	0.01526	0.00964	0.00847	0.11644	0.01472	0.01934	0.02844	0.03378	0.19044	0.10103	0.21007	0.09935	0.00898	0.00855	0.00453	0.00622
24	0.01742	0.01678	0.06420	0.06772	0.26154	0.01543	0.30741	0.04113	0.01597	0.10502	0.01441	0.01757	0.01076	0.00611	0.00705	0.00210	0.00907	0.00671	0.00392	0.00969
25	0.02459	0.03138	0.01866	0.01696	0.02035	0.74221	0.01272	0.02629	0.01866	0.01611	0.01018	0.01187	0.00848	0.00678	0.00594	0.00170	0.01187	0.00424	0.00339	0.00763
26	0.01125	0.01031	0.01864	0.12751	0.02248	0.01028	0.20157	0.01455	0.01437	0.01921	0.08281	0.28496	0.02970	0.01338	0.00800	0.00248	0.00685	0.10993	0.00494	0.00680
27	0.01320	0.03405	0.73453	0.01876	0.02849	0.01529	0.02432	0.02085	0.01390	0.02085	0.01181	0.01390	0.00834	0.00625	0.00625	0.00208	0.00973	0.00486	0.00278	0.00973
28	0.01576	0.01510	0.02576	0.13835	0.63378	0.01550	0.01994	0.01974	0.01474	0.02086	0.01229	0.01647	0.01020	0.00596	0.00653	0.00199	0.00795	0.00586	0.00321	0.01000
29	0.00907	0.00667	0.00849	0.00814	0.00971	0.00609	0.00606	0.01191	0.01790	0.02490	0.61158	0.08772	0.13884	0.01420	0.00780	0.00212	0.00317	0.01249	0.00706	0.00609
30	0.01144	0.00572	0.00858	0.00858	0.00858	0.00572	0.00572	0.00858	0.00858	0.01144	0.01144	0.02001	0.01144	0.02287	0.02573	0.80846	0.00572	0.00572	0.00286	0.00286
31	0.00800	0.00582	0.00754	0.00892	0.00948	0.00537	0.00600	0.00919	0.01284	0.01690	0.03930	0.69492	0.11102	0.02023	0.00834	0.00263	0.00377	0.01824	0.00611	0.00537
32	0.02954	0.01120	0.01528	0.01171	0.01681	0.00968	0.00968	0.03208	0.01884	0.73213	0.02597	0.02241	0.01630	0.00815	0.00662	0.00204	0.00560	0.00662	0.00815	0.01120
33	0.01320	0.03405	0.73453	0.01876	0.02849	0.01529	0.02432	0.02085	0.01390	0.02085	0.01181	0.01390	0.00834	0.00625	0.00625	0.00208	0.00973	0.00486	0.00278	0.00973
34	0.01385	0.02955	0.54209	0.02125	0.03013	0.01566	0.21224	0.02091	0.01435	0.02091	0.01223	0.01497	0.00880	0.00606	0.00667	0.00212	0.01011	0.00567	0.00293	0.00949
35	0.01629	0.01564	0.02672	0.04041	0.72757	0.01564	0.02020	0.02020	0.01499	0.02151	0.01238	0.01629	0.01043	0.00587	0.00652	0.00196	0.00782	0.00587	0.00326	0.01043
36	0.01294	0.01680	0.15978	0.01863	0.05721	0.01483	0.13398	0.01635	0.01263	0.01825	0.01687	0.19430	0.01725	0.01135	0.01229	0.00251	0.26355	0.00904	0.00373	0.00771
37	0.01538	0.01508	0.02359	0.20170	0.49344	0.05339	0.01853	0.01916	0.01476	0.01994	0.01507	0.01892	0.04893	0.00667	0.00657	0.00201	0.00801	0.00621	0.00334	0.00930
38	0.01727	0.02439	0.42207	0.01949	0.12070	0.01341	0.01918	0.02280	0.01517	0.19239	0.01671	0.05917	0.01256	0.00748	0.00650	0.00209	0.00813	0.00622	0.00433	0.00993
39	0.01355	0.08866	0.48032	0.16019	0.02947	0.01539	0.02066	0.01966	0.01390	0.03791	0.01485	0.01718	0.04665	0.00687	0.00624	0.00206	0.00888	0.00547	0.00313	0.00897
40	0.01215	0.01684	0.20188	0.02058	0.15808	0.01170	0.12467	0.01621	0.01394	0.01947	0.02265	0.28681	0.04348	0.01156	0.00737	0.00230	0.00725	0.01079	0.00426	0.00802
41	0.01450	0.01825	0.16344	0.24334	0.33488	0.01536	0.07690	0.01941	0.01429	0.01997	0.01215	0.01632	0.00950	0.00612	0.00659	0.00207	0.00874	0.00582	0.00307	0.00925
42	0.01455	0.01806	0.16242	0.24702	0.38961	0.01527	0.02044	0.01933	0.01424	0.01999	0.01207	0.01620	0.00953	0.00615	0.00649	0.00205	0.00847	0.00567	0.00307	0.00937
43	0.01448	0.02316	0.28420	0.02400	0.03156	0.01582	0.44193	0.02064	0.01487	0.02087	0.01348	0.03910	0.01043	0.00626	0.00725	0.00219	0.01039	0.00707	0.00322	0.00907
44	0.01595	0.02092	0.27041	0.08155	0.22988	0.01431	0.09972	0.02108	0.01486	0.10390	0.01510	0.05613	0.01197	0.00707	0.00669	0.00210	0.00847	0.00651	0.00380	0.00958
45	0.01381	0.03047	0.59677	0.02298	0.16455	0.01536	0.02352	0.02072	0.01411	0.02098	0.01192	0.01437	0.00875	0.00618	0.00631	0.00206	0.00936	0.00506	0.00287	0.00987
46	0.00879	0.00634	0.00878	0.01001	0.01076	0.00634	0.00739	0.01053	0.01270	0.01707	0.03238	0.48791	0.03718	0.02575	0.15142	0.00428	0.00694	0.14423	0.00560	0.00559
47	0.01395	0.01601	0.19028	0.06515	0.14668	0.01128	0.05122	0.01776	0.01427	0.10269	0.02212	0.27569	0.02195	0.01137	0.00719	0.00227	0.00687	0.01026	0.00469	0.00831
48	0.01507	0.02619	0.39393	0.02691	0.27069	0.05408	0.07840	0.02093	0.01466	0.02085	0.01205	0.01494	0.00921	0.00609	0.00645	0.00203	0.00930	0.00542	0.00302	0.00979
49	0.01623	0.01410	0.02369	0.25111	0.46481	0.01485	0.01876	0.02017	0.01476	0.07881	0.01330	0.01717	0.01042	0.00627	0.00655	0.00203	0.00792	0.00592	0.00356	0.00956
50	0.01229	0.01140	0.01904	0.60484	0.10377	0.01369	0.01710	0.01628	0.01327	0.01725	0.01450	0.10059	0.01280	0.00808	0.00678	0.00223	0.00814	0.00728	0.00331	0.00738
51	0.01839	0.02128	0.25212	0.13846	0.17099	0.07402	0.01821	0.02309	0.01553	0.18251	0.01501	0.01675	0.01067	0.00670	0.00642	0.00203	0.00842	0.00558	0.00418	0.00965
52	0.01478	0.03006	0.53045	0.02305	0.17098	0.07541	0.02252	0.02117	0.01452	0.02059	0.01180	0.01422	0.00878	0.00622	0.00628	0.00203	0.00952	0.00502	0.00293	0.00970
53	0.01366	0.03088	0.59913	0.02051	0.02964	0.01555	0.15654	0.02090	0.01422	0.02090	0.01211	0.01465	0.00866	0.00612	0.00655	0.00211	0.01000	0.00543	0.00289	0.00956
54	0.00944	0.00684	0.00948	0.07022	0.01276	0.00696	0.00733	0.01100	0.01336	0.01802	0.18840	0.18199	0.13132	0.02321	0.15356	0.12742	0.00698	0.01115	0.00511	0.00546
55	0.01491	0.01865	0.17031	0.17415	0.45209	0.01537	0.02067	0.01968	0.01441	0.02046	0.01213	0.01605	0.00968	0.00608	0.00648	0.00203	0.00840	0.00566	0.00310	0.00968
56	0.00886	0.00729	0.00792	0.00817	0.01014	0.00672	0.00611	0.01220	0.08434	0.01869	0.05480	0.19661	0.47885	0.01677	0.00788	0.00236	0.00379	0.05632	0.00617	0.00603
57	0.01293	0.02137	0.33782	0.01656	0.02253	0.01336	0.09709	0.04034	0.09198	0.02076	0.01735	0.09268	0.01502	0.01634	0.15001	0.00383	0.01026	0.00733	0.00387	0.00857
58	0.01407	0.02639	0.49026	0.01804	0.04647	0.01394	0.06309	0.02113	0.05203	0.06235	0.07975	0.02127	0.01586	0.00766	0.00667	0.00214	0.00851	0.03716	0.00390	0.00933
59	0.00808	0.00592	0.00762	0.00894	0.00961	0.00545	0.00612	0.00936	0.01301	0.01703	0.04019	0.64920	0.13194	0.02003	0.00835	0.00263	0.00383	0.04119	0.00611	0.00540
60	0.01431	0.01362	0.02315	0.40546	0.37798	0.01512	0.01922	0.01847	0.01405	0.01911	0.01203	0.01694	0.00958	0.00623	0.00655	0.00208	0.00831	0.00586	0.00309	0.00883
61	0.01364	0.01320	0.02316	0.51637	0.20725	0.01505	0.08145	0.01802	0.01382	0.01833	0.01201	0.01727	0.00928	0.00632	0.00668	0.00214	0.00876	0.00603	0.00304	0.00820
62	0.01903	0.09129	0.06402	0.01883	0.02453	0.01471	0.31292	0.02400	0.05354	0.21798	0.07575	0.02108	0.01634	0.00715	0.00696	0.00207	0.00813	0.00720	0.00508	0.00938
63	0.00808	0.00586	0.00752	0.00882	0.00936	0.00542	0.00589	0.00922	0.01269	0.01669	0.03851	0.65732	0.11040	0.05881	0.00964	0.00282	0.00390	0.01776	0.00600	0.00530
64	0.01292	0.01225	0.02115	0.43929	0.17297	0.01392	0.07362	0.01698	0.01348	0.01795	0.01465	0.01995	0.03595	0.01174	0.09296	0.00313	0.00962	0.00644	0.00321	0.00782
65	0.14414	0.02238	0.21664	0.02153	0.15656	0.10317	0.10288	0.05659	0.07328	0.02340	0.01293	0.01506	0.00988	0.00644	0.00616	0.00203	0.00856	0.00540	0.00373	0.00922
66	0.01875	0.02253	0.13969	0.02028	0.02613	0.15793	0.26192	0.18185	0.01934	0.02464	0.01427	0.05514	0.01149	0.00725	0.00693	0.00206	0.00974	0.00677	0.00416	0.00913
67	0.11105	0.08539	0.33108	0.05459	0.02372	0.03867	0.04160	0.05737	0.01527	0.13534	0.01393	0.01535	0.00997	0.00796	0.02945	0.00228	0.00850	0.00514	0.00406	0.00928
68	0.01483	0.04059	0.20684	0.09961	0.16991	0.01501	0.07996	0.05723	0.09724	0.02212	0.01534	0.05926	0.01263	0.00724	0.00650	0.00202	0.00789	0.00647	0.00389	0.07542
69	0.01853	0.05666	0.15578	0.04393	0.08492	0.05502	0.07292	0.04028	0.07382	0.19999	0.01984	0.11494	0.01632	0.00878	0.00671	0.00211	0.00738	0.00762	0.00512	0.00934
70	0.01817	0.04945	0.08287	0.10113	0.09120	0.05397	0.03058	0.02287	0.07846	0.21718	0.06836	0.06274	0.07635	0.00906	0.00672	0.00208	0.00666	0.00768	0.00546	0.00899
71	0.15325	0.01173	0.01641	0.15576	0.16074	0.01290	0.02827	0.06326	0.03320	0.03805	0.01678	0.11965	0.01550	0.01548	0.12740	0.00355	0.00851	0.00752	0.00420	0.00786

[dist]
# distance from previous block
# <min> <max>
25	78

[block]
# block no. 1 follows, 33 sequences, length 29
# corresponding to MSA columns:
# 316-344
name=unknown_B
#
# <colnr> <probs for GDERKNQSTAVLIFYWHMCP>
#	G	D	E	R	K	N	Q	S	T	A	V	L	I	F	Y	W	H	M	C	P
0	0.01863	0.01685	0.14657	0.05526	0.14024	0.01376	0.01468	0.08712	0.09137	0.18993	0.01997	0.02066	0.04769	0.00926	0.03304	0.00235	0.03604	0.00638	0.00514	0.04504
1	0.01960	0.10140	0.07532	0.01645	0.02058	0.13979	0.10888	0.06456	0.03348	0.14132	0.01431	0.01713	0.01128	0.04587	0.01072	0.00233	0.15814	0.00586	0.00430	0.00868
2	0.01848	0.02235	0.12624	0.05246	0.09921	0.25707	0.04232	0.05172	0.05212	0.05556	0.01776	0.01924	0.07335	0.00773	0.00696	0.00194	0.03751	0.00598	0.00405	0.04795
3	0.07594	0.04705	0.04645	0.10251	0.01960	0.03995	0.01173	0.07950	0.06712	0.10302	0.05297	0.12196	0.01803	0.01008	0.00921	0.00223	0.14106	0.00769	0.00490	0.03900
4	0.01408	0.04782	0.07305	0.23006	0.02508	0.07462	0.04734	0.07606	0.04270	0.02103	0.06777	0.11256	0.06285	0.00956	0.00669	0.00210	0.00714	0.00819	0.06370	0.00760
5	0.01710	0.01782	0.02463	0.07541	0.45522	0.13133	0.04432	0.02043	0.01484	0.01961	0.01154	0.01548	0.00977	0.00678	0.00846	0.00206	0.10699	0.00567	0.00321	0.00932
6	0.10974	0.01418	0.02118	0.02630	0.36872	0.01413	0.04263	0.07824	0.01642	0.15150	0.01595	0.05410	0.01278	0.00716	0.00635	0.00199	0.00688	0.00639	0.00468	0.04069
7	0.00967	0.00706	0.00884	0.00922	0.01054	0.00658	0.00652	0.02702	0.03630	0.01818	0.06305	0.44319	0.10061	0.04487	0.01026	0.06918	0.00430	0.04081	0.00564	0.07815
8	0.01327	0.00816	0.01020	0.00937	0.01150	0.00770	0.00703	0.07275	0.01773	0.12938	0.33176	0.18940	0.09920	0.05117	0.00890	0.00241	0.00415	0.01205	0.00684	0.00704
9	0.01382	0.01418	0.01589	0.04399	0.24455	0.14152	0.01183	0.01641	0.01586	0.01929	0.08585	0.03634	0.29268	0.01083	0.00700	0.00203	0.00648	0.00915	0.00468	0.00761
10	0.01963	0.01807	0.02018	0.15086	0.11172	0.14712	0.04064	0.26467	0.04765	0.02665	0.01473	0.01845	0.01168	0.00960	0.04342	0.00245	0.00897	0.02967	0.00465	0.00920
11	0.04839	0.03538	0.03251	0.01419	0.04529	0.05239	0.01121	0.31896	0.11559	0.03124	0.07301	0.01876	0.01581	0.00765	0.00620	0.00181	0.00643	0.00599	0.00562	0.15356
12	0.01256	0.01111	0.01654	0.04921	0.12930	0.03682	0.09649	0.07489	0.01521	0.02024	0.02583	0.42739	0.02850	0.01418	0.00770	0.00239	0.00617	0.01311	0.00512	0.00728
13	0.01066	0.00833	0.01135	0.01109	0.01272	0.00969	0.00862	0.01593	0.13727	0.01748	0.01928	0.02563	0.01711	0.04211	0.61033	0.00908	0.01540	0.00712	0.00410	0.00669
14	0.01625	0.11223	0.14728	0.29908	0.06098	0.06723	0.01693	0.08454	0.03102	0.04758	0.01245	0.01562	0.00947	0.00687	0.00694	0.00204	0.04597	0.00535	0.00356	0.00861
15	0.01320	0.03405	0.73453	0.01876	0.02849	0.01529	0.02432	0.02085	0.01390	0.02085	0.01181	0.01390	0.00834	0.00625	0.00625	0.00208	0.00973	0.00486	0.00278	0.00973
16	0.01737	0.63659	0.03310	0.01650	0.14459	0.02418	0.01287	0.01980	0.01367	0.01657	0.00973	0.01159	0.00880	0.00567	0.00464	0.00151	0.00718	0.00394	0.00290	0.00880
17	0.00978	0.00682	0.00858	0.00807	0.00981	0.00621	0.00607	0.01266	0.01794	0.04482	0.58422	0.04950	0.15334	0.01355	0.00761	0.00207	0.00321	0.01182	0.03767	0.00626
18	0.00947	0.00701	0.00905	0.00930	0.00961	0.00759	0.00631	0.01034	0.01080	0.01480	0.02445	0.28384	0.02808	0.33588	0.12951	0.00542	0.07699	0.01196	0.00454	0.00503
19	0.01129	0.01263	0.10807	0.17912	0.07838	0.01068	0.01258	0.01617	0.07288	0.02079	0.17608	0.12523	0.12708	0.01135	0.00720	0.00220	0.00592	0.00991	0.00502	0.00741
20	0.17326	0.01605	0.01834	0.02207	0.25615	0.14108	0.03240	0.01917	0.01405	0.02115	0.01397	0.08477	0.01292	0.00966	0.03546	0.00238	0.06872	0.00643	0.04383	0.00812
21	0.35957	0.04915	0.14399	0.01327	0.01834	0.19282	0.01227	0.07743	0.03826	0.02510	0.01100	0.01242	0.00848	0.00652	0.00521	0.00194	0.00782	0.00428	0.00392	0.00820
22	0.01712	0.01383	0.01929	0.01628	0.01720	0.01828	0.01355	0.01876	0.01166	0.14455	0.01176	0.01584	0.01002	0.01092	0.01891	0.00273	0.62165	0.00592	0.00383	0.00792
23	0.01890	0.02007	0.14831	0.01894	0.10855	0.04302	0.04159	0.25091	0.22595	0.02954	0.01760	0.01803	0.01306	0.00753	0.00657	0.00207	0.00748	0.00619	0.00529	0.01040
24	0.02079	0.01992	0.14884	0.01748	0.05728	0.01790	0.05328	0.35860	0.09071	0.08032	0.01613	0.01682	0.01164	0.00770	0.00747	0.00209	0.05109	0.00602	0.00546	0.01046
25	0.00949	0.00762	0.01102	0.00982	0.01185	0.00696	0.06865	0.01238	0.01717	0.02353	0.48180	0.11312	0.17337	0.01396	0.00783	0.00217	0.00393	0.01250	0.00659	0.00626
26	0.01058	0.00729	0.01054	0.14226	0.01539	0.00806	0.00793	0.01105	0.01014	0.01364	0.01582	0.02833	0.01609	0.26922	0.17429	0.23508	0.00897	0.00728	0.00338	0.00466
27	0.67398	0.01246	0.01068	0.00921	0.01346	0.01385	0.00759	0.02164	0.01258	0.15578	0.01219	0.01280	0.00878	0.00648	0.00453	0.00204	0.00518	0.00411	0.00481	0.00786
28	0.02311	0.01758	0.02038	0.08369	0.08619	0.01947	0.01372	0.58216	0.02792	0.03748	0.01513	0.01601	0.01091	0.00760	0.00658	0.00199	0.00743	0.00591	0.00596	0.01078

[dist]
# distance from previous block
# <min> <max>
0	2

[block]
# block no. 2 follows, 33 sequences, length 21
# corresponding to MSA columns:
# 347-367
name=unknown_C
#
# <colnr> <probs for GDERKNQSTAVLIFYWHMCP>
#	G	D	E	R	K	N	Q	S	T	A	V	L	I	F	Y	W	H	M	C	P
0	0.00930	0.00662	0.00907	0.00919	0.01005	0.00696	0.00661	0.01096	0.01215	0.01701	0.15720	0.14022	0.03045	0.17675	0.32813	0.03898	0.01017	0.01011	0.00468	0.00538
1	0.01245	0.00913	0.01174	0.01085	0.01260	0.01025	0.00829	0.14545	0.01434	0.01989	0.01784	0.02702	0.01679	0.17099	0.47254	0.00816	0.01360	0.00729	0.00420	0.00657
2	0.01771	0.50452	0.02749	0.01173	0.01671	0.05359	0.01079	0.10105	0.08369	0.01996	0.01724	0.01769	0.07912	0.00733	0.00516	0.00165	0.00674	0.00522	0.00398	0.00865
3	0.01389	0.01340	0.02330	0.29983	0.18572	0.01424	0.14906	0.01900	0.05787	0.01997	0.03661	0.04681	0.01381	0.00731	0.00688	0.00212	0.00815	0.02527	0.00370	0.05307
4	0.19067	0.11264	0.31177	0.01645	0.07934	0.05635	0.01626	0.02128	0.01396	0.07393	0.01191	0.01350	0.00891	0.00623	0.00551	0.00191	0.00785	0.00456	0.00358	0.04342
5	0.01523	0.02104	0.26966	0.03444	0.08644	0.03324	0.01614	0.02622	0.30019	0.04522	0.04020	0.04988	0.01656	0.00818	0.00660	0.00215	0.00719	0.00683	0.00487	0.00973
6	0.07857	0.03479	0.01972	0.04125	0.21688	0.19451	0.05150	0.06142	0.01590	0.02062	0.01624	0.15921	0.01596	0.00929	0.00711	0.00208	0.03483	0.00782	0.00408	0.00822
7	0.01683	0.01462	0.02389	0.13747	0.44942	0.01507	0.04899	0.08424	0.01634	0.06368	0.01476	0.05830	0.01242	0.00710	0.00670	0.00205	0.00770	0.00671	0.00397	0.00974
8	0.01144	0.00572	0.00858	0.00858	0.00858	0.00572	0.00572	0.00858	0.00858	0.01144	0.01144	0.02001	0.01144	0.02287	0.02573	0.80846	0.00572	0.00572	0.00286	0.00286
9	0.66077	0.01329	0.01297	0.01479	0.15087	0.01494	0.00966	0.01952	0.01194	0.02799	0.00979	0.01178	0.00777	0.00606	0.00455	0.00202	0.00562	0.00401	0.00392	0.00777
10	0.00918	0.00661	0.00907	0.00937	0.01006	0.00716	0.00665	0.01065	0.01069	0.01488	0.02210	0.17333	0.02376	0.24281	0.40451	0.00789	0.01185	0.01000	0.00415	0.00525
11	0.01481	0.01263	0.02010	0.20412	0.27100	0.01345	0.03690	0.06247	0.01632	0.05289	0.15142	0.02562	0.02140	0.00842	0.00740	0.00212	0.03016	0.03569	0.00448	0.00860
12	0.01330	0.15425	0.01162	0.00713	0.00945	0.00998	0.00589	0.01618	0.01372	0.02279	0.01909	0.02184	0.01525	0.00728	0.00453	0.00151	0.00384	0.00563	0.65013	0.00658
13	0.01245	0.01153	0.14689	0.00858	0.01169	0.00790	0.00841	0.01640	0.01382	0.02383	0.01961	0.02249	0.01522	0.00740	0.00492	0.00164	0.00436	0.00589	0.65013	0.00683
14	0.20631	0.01254	0.01740	0.07208	0.34055	0.01301	0.01332	0.01749	0.01391	0.02254	0.02245	0.02448	0.14787	0.00814	0.00610	0.00202	0.00616	0.00687	0.03846	0.00830
15	0.01858	0.01309	0.01553	0.01278	0.01650	0.05942	0.06616	0.16193	0.08608	0.16323	0.11380	0.08336	0.08847	0.01024	0.00693	0.00207	0.00594	0.00872	0.05839	0.00878
16	0.01308	0.04348	0.01430	0.01583	0.15038	0.01151	0.00994	0.02004	0.21005	0.02214	0.05890	0.18764	0.05418	0.03491	0.00756	0.00226	0.00504	0.00979	0.12095	0.00800
17	0.01491	0.30069	0.09400	0.01549	0.08909	0.06507	0.04219	0.03452	0.01464	0.01856	0.06245	0.18344	0.02011	0.00971	0.00615	0.00193	0.00691	0.00813	0.00404	0.00797
18	0.01502	0.01434	0.02442	0.27513	0.50279	0.01531	0.01957	0.01909	0.01439	0.01996	0.01216	0.01671	0.00988	0.00610	0.00654	0.00203	0.00814	0.00586	0.00315	0.00940
19	0.13573	0.07976	0.03713	0.01550	0.05402	0.13931	0.03296	0.20043	0.19082	0.02786	0.01571	0.01617	0.01197	0.00731	0.00597	0.00196	0.00740	0.00551	0.00505	0.00945
20	0.04338	0.01497	0.10016	0.01763	0.15431	0.01267	0.01289	0.11908	0.04876	0.19670	0.10935	0.02402	0.04894	0.00836	0.00655	0.00199	0.00618	0.00700	0.03783	0.02922

[dist]
# distance from previous block
# <min> <max>
0	1

[block]
# block no. 3 follows, 33 sequences, length 10
# corresponding to MSA columns:
# 369-378
name=unknown_D
#
# <colnr> <probs for GDERKNQSTAVLIFYWHMCP>
#	G	D	E	R	K	N	Q	S	T	A	V	L	I	F	Y	W	H	M	C	P
0	0.01804	0.01292	0.01724	0.13169	0.15273	0.04325	0.01258	0.08647	0.04808	0.17059	0.15858	0.02428	0.02211	0.00827	0.00667	0.00197	0.00636	0.00710	0.00553	0.06555
1	0.01411	0.00668	0.00711	0.00673	0.00865	0.00651	0.00514	0.01713	0.01434	0.10008	0.02196	0.02432	0.01681	0.00772	0.00482	0.00159	0.00334	0.00619	0.72010	0.00668
2	0.01604	0.01357	0.01428	0.01197	0.01603	0.05287	0.00931	0.14998	0.19353	0.02560	0.02073	0.15536	0.01880	0.00948	0.00637	0.00183	0.00560	0.00793	0.00549	0.26524
3	0.01961	0.01728	0.04869	0.13539	0.06836	0.15972	0.01303	0.12312	0.08189	0.13821	0.04573	0.08590	0.01662	0.00876	0.00666	0.00206	0.00765	0.00716	0.00522	0.00895
4	0.01867	0.01683	0.01828	0.06041	0.17585	0.17664	0.01310	0.05169	0.06554	0.10947	0.03762	0.02017	0.03458	0.03145	0.05461	0.00264	0.05918	0.00621	0.00451	0.04256
5	0.04560	0.09513	0.04037	0.08131	0.12323	0.05379	0.08253	0.04904	0.03641	0.09865	0.06505	0.02229	0.04601	0.05121	0.03602	0.00250	0.00761	0.00664	0.00447	0.05215
6	0.09530	0.01220	0.01476	0.05847	0.11178	0.05133	0.01075	0.02062	0.06163	0.15156	0.05100	0.07067	0.03789	0.03197	0.00733	0.00216	0.00606	0.07916	0.00527	0.12008
7	0.11920	0.22717	0.12095	0.03668	0.09234	0.06908	0.01356	0.11196	0.03581	0.04382	0.01299	0.04231	0.01079	0.00693	0.00554	0.00183	0.00738	0.00518	0.00399	0.03251
8	0.13648	0.10919	0.04035	0.01569	0.10058	0.12754	0.01147	0.09027	0.05097	0.06643	0.01615	0.09558	0.01441	0.01259	0.08178	0.00285	0.00826	0.00658	0.00448	0.00836
9	0.01893	0.05158	0.14836	0.02165	0.19274	0.07460	0.05636	0.14748	0.01838	0.10360	0.03393	0.04388	0.01314	0.00731	0.00646	0.00195	0.00791	0.00621	0.00456	0.04097

[dist]
# distance from previous block
# <min> <max>
14	108

[block]
# block no. 4 follows, 33 sequences, length 18
# corresponding to MSA columns:
# 497-514
name=unknown_E
#
# <colnr> <probs for GDERKNQSTAVLIFYWHMCP>
#	G	D	E	R	K	N	Q	S	T	A	V	L	I	F	Y	W	H	M	C	P
0	0.11632	0.01557	0.01564	0.03537	0.12233	0.15901	0.01108	0.06179	0.01667	0.16299	0.02054	0.06422	0.06207	0.00863	0.00622	0.00196	0.00690	0.02359	0.05118	0.03792
1	0.01678	0.01419	0.02068	0.02716	0.39316	0.03054	0.01536	0.13401	0.01812	0.05079	0.07630	0.05401	0.03742	0.00896	0.00697	0.00210	0.00691	0.07231	0.00478	0.00944
2	0.01428	0.04183	0.01971	0.10603	0.26651	0.04626	0.03366	0.01847	0.06201	0.02055	0.10839	0.05421	0.01966	0.05533	0.00892	0.00226	0.04016	0.00728	0.00417	0.07030
3	0.04646	0.01564	0.01798	0.09273	0.19635	0.11412	0.01308	0.05549	0.15490	0.02142	0.01587	0.02055	0.01353	0.10803	0.01043	0.00257	0.03495	0.00625	0.00425	0.05543
4	0.07189	0.01337	0.01741	0.28446	0.09244	0.06411	0.01383	0.07248	0.03377	0.09618	0.06291	0.04614	0.01529	0.01014	0.04393	0.00255	0.03985	0.00663	0.00443	0.00818
5	0.01776	0.05397	0.07864	0.17635	0.14534	0.05061	0.01495	0.07987	0.07208	0.11254	0.01492	0.01690	0.01117	0.00683	0.00660	0.00192	0.02712	0.00558	0.00438	0.10248
6	0.07201	0.01170	0.01835	0.23185	0.04402	0.01286	0.11693	0.03517	0.03689	0.05040	0.06872	0.02599	0.08855	0.04553	0.06922	0.00307	0.04946	0.00757	0.00424	0.00746
7	0.05476	0.14949	0.28076	0.03756	0.10054	0.05289	0.03412	0.06054	0.04513	0.02186	0.05180	0.01662	0.01265	0.00785	0.02461	0.00214	0.00828	0.00540	0.02396	0.00901
8	0.23315	0.01662	0.01667	0.01613	0.08988	0.15879	0.06728	0.11973	0.01651	0.02443	0.01592	0.13979	0.01520	0.03353	0.00704	0.00221	0.00736	0.00735	0.00450	0.00791
9	0.48531	0.01383	0.01340	0.01294	0.07309	0.01553	0.00947	0.17196	0.04602	0.03059	0.01349	0.06385	0.01132	0.00759	0.00524	0.00207	0.00571	0.00547	0.00482	0.00832
10	0.00868	0.00645	0.00814	0.00858	0.00987	0.00590	0.00631	0.01084	0.01559	0.02089	0.30359	0.29512	0.18574	0.01691	0.00809	0.00238	0.00364	0.07096	0.00654	0.00578
11	0.02205	0.01316	0.01597	0.01397	0.05592	0.01348	0.01059	0.19608	0.15969	0.27639	0.12738	0.02487	0.02232	0.00891	0.00679	0.00206	0.00568	0.00736	0.00707	0.01026
12	0.08595	0.28301	0.12772	0.01256	0.01845	0.01734	0.01236	0.06664	0.01632	0.27608	0.01599	0.01564	0.01131	0.00681	0.00552	0.00182	0.00678	0.00498	0.00506	0.00969
13	0.01577	0.01177	0.07120	0.01093	0.01418	0.01027	0.00921	0.13722	0.01773	0.14506	0.17078	0.03311	0.08353	0.13115	0.10489	0.00381	0.00717	0.00856	0.00585	0.00779
14	0.00841	0.00613	0.00786	0.00892	0.00971	0.00569	0.00625	0.00991	0.01355	0.01791	0.10711	0.51489	0.12759	0.05661	0.00957	0.00277	0.00400	0.07154	0.00611	0.00545
15	0.01995	0.17946	0.02715	0.04075	0.14773	0.21867	0.14653	0.05717	0.01679	0.06761	0.01235	0.01457	0.00978	0.00629	0.00613	0.00183	0.00925	0.00534	0.00371	0.00895
16	0.06737	0.01037	0.01460	0.01768	0.18397	0.01033	0.02797	0.07138	0.01530	0.05691	0.02818	0.32534	0.07980	0.01362	0.00739	0.00234	0.00550	0.04897	0.00536	0.00760
17	0.00819	0.00586	0.00766	0.00902	0.00948	0.00549	0.00605	0.00933	0.01255	0.01664	0.03625	0.66961	0.06629	0.07222	0.01014	0.00292	0.00404	0.03698	0.00596	0.00528

[dist]
# distance from previous block
# <min> <max>
0	112

# created by:
# /home/berkeley/.conda/envs/busco_data_prod/bin/msa2prfl.pl pipeline/OGs_align_augustus/5794/33372.fs
