[name]
unknown

[dist]
# distance from previous block
# <min> <max>
13	779

[block]
# block no. 0 follows, 27 sequences, length 6
# corresponding to MSA columns:
# 1040-1045
name=unknown_A
#
# <colnr> <probs for GDERKNQSTAVLIFYWHMCP>
#	G	D	E	R	K	N	Q	S	T	A	V	L	I	F	Y	W	H	M	C	P
0	0.01503	0.01666	0.11062	0.01883	0.02383	0.01363	0.22517	0.04742	0.01797	0.04881	0.13730	0.10375	0.09845	0.01159	0.00919	0.00250	0.04527	0.01080	0.03436	0.00882
1	0.01793	0.05641	0.02014	0.05816	0.10070	0.19050	0.04825	0.02253	0.08004	0.02160	0.02562	0.08918	0.10224	0.01058	0.00740	0.00218	0.00841	0.03099	0.00493	0.10221
2	0.07886	0.12556	0.56075	0.01916	0.02903	0.01873	0.02399	0.02321	0.01535	0.02355	0.01270	0.01490	0.00931	0.00695	0.00656	0.00225	0.01016	0.00517	0.00326	0.01055
3	0.01539	0.01319	0.01539	0.01100	0.01759	0.00990	0.00880	0.01869	0.01539	0.02419	0.01319	0.01539	0.01100	0.00550	0.00550	0.00110	0.00550	0.00440	0.00440	0.78449
4	0.01960	0.01352	0.01601	0.01260	0.01735	0.01292	0.01017	0.15658	0.02107	0.13627	0.11249	0.02937	0.09972	0.01016	0.00836	0.00201	0.05654	0.00802	0.00651	0.25073
5	0.08419	0.01509	0.02382	0.17051	0.38870	0.01574	0.01875	0.02076	0.01627	0.02416	0.05153	0.02421	0.01619	0.00811	0.00729	0.00229	0.00817	0.04819	0.00417	0.05185

[dist]
# distance from previous block
# <min> <max>
2	31

[block]
# block no. 1 follows, 27 sequences, length 50
# corresponding to MSA columns:
# 1077-1126
name=unknown_B
#
# <colnr> <probs for GDERKNQSTAVLIFYWHMCP>
#	G	D	E	R	K	N	Q	S	T	A	V	L	I	F	Y	W	H	M	C	P
0	0.01603	0.01681	0.16012	0.01366	0.01861	0.01192	0.01282	0.06968	0.08127	0.09924	0.08754	0.19260	0.08750	0.01307	0.00788	0.00240	0.00639	0.01118	0.00631	0.08498
1	0.05978	0.17003	0.01960	0.01303	0.01681	0.04803	0.01057	0.13130	0.12928	0.02735	0.09997	0.19153	0.02845	0.01250	0.00733	0.00233	0.00639	0.01034	0.00618	0.00918
2	0.01329	0.01333	0.06188	0.01606	0.06336	0.01413	0.01208	0.01520	0.01300	0.01854	0.05418	0.09988	0.06660	0.22030	0.02259	0.00412	0.26983	0.01000	0.00445	0.00717
3	0.08945	0.01047	0.01675	0.15455	0.02229	0.01128	0.09453	0.01486	0.01224	0.01790	0.01420	0.02296	0.01300	0.07076	0.06628	0.34323	0.00881	0.00695	0.00358	0.00589
4	0.01962	0.35383	0.16729	0.01527	0.02152	0.13944	0.01534	0.05172	0.01697	0.02086	0.01298	0.01525	0.01081	0.00963	0.04331	0.00239	0.00981	0.00497	0.05954	0.00946
5	0.01441	0.10771	0.08806	0.01221	0.01617	0.01366	0.01068	0.05414	0.08002	0.02169	0.04231	0.03173	0.07710	0.17332	0.13289	0.00480	0.00918	0.00818	0.00485	0.09689
6	0.04611	0.01158	0.09584	0.01093	0.01389	0.00836	0.00941	0.01444	0.01624	0.05924	0.11916	0.31130	0.22054	0.01756	0.00857	0.00264	0.00507	0.01524	0.00659	0.00728
7	0.01024	0.01043	0.08809	0.01150	0.01349	0.00763	0.00955	0.01274	0.01495	0.02035	0.03936	0.49827	0.09218	0.01999	0.00899	0.00287	0.00523	0.07883	0.04857	0.00674
8	0.05059	0.01907	0.07719	0.03844	0.50835	0.01759	0.06492	0.05543	0.01778	0.05811	0.01477	0.01834	0.01177	0.00687	0.00732	0.00224	0.00895	0.00662	0.00413	0.01152
9	0.01489	0.03840	0.70064	0.02116	0.03213	0.01724	0.02743	0.02351	0.01567	0.02351	0.01332	0.01567	0.00940	0.00705	0.00705	0.00235	0.01097	0.00549	0.00313	0.01097
10	0.01542	0.01067	0.01353	0.01368	0.01635	0.01085	0.01172	0.12335	0.02021	0.05950	0.03839	0.06894	0.09269	0.01789	0.00952	0.00309	0.00676	0.45236	0.00705	0.00803
11	0.01970	0.05764	0.02707	0.15144	0.40474	0.06361	0.01983	0.02364	0.01689	0.08806	0.01476	0.01849	0.01173	0.00736	0.00801	0.00226	0.04350	0.00642	0.00411	0.01074
12	0.01807	0.27366	0.17712	0.01469	0.02046	0.01995	0.01474	0.09554	0.08120	0.02253	0.01435	0.01725	0.01186	0.01132	0.01104	0.16933	0.00813	0.00558	0.00409	0.00907
13	0.01105	0.00749	0.00892	0.00929	0.00966	0.00749	0.00610	0.01178	0.01214	0.01607	0.02680	0.05610	0.03036	0.58535	0.03189	0.00639	0.00712	0.14603	0.00500	0.00500
14	0.01604	0.01744	0.03699	0.02715	0.03333	0.01674	0.52536	0.02153	0.01633	0.02238	0.01606	0.02198	0.01282	0.01683	0.15873	0.00452	0.01409	0.00859	0.00380	0.00929
15	0.15619	0.61473	0.03396	0.01218	0.01822	0.02713	0.01188	0.02216	0.01465	0.02026	0.01032	0.01194	0.00926	0.00645	0.00473	0.00171	0.00755	0.00398	0.00343	0.00926
16	0.01007	0.00656	0.00825	0.00961	0.01031	0.00622	0.00653	0.01183	0.01450	0.02082	0.03734	0.58308	0.04267	0.02013	0.00856	0.00274	0.00413	0.01807	0.17237	0.00622
17	0.01057	0.00750	0.00953	0.00907	0.01045	0.00705	0.00647	0.01332	0.01883	0.02648	0.54649	0.05398	0.06083	0.17007	0.01497	0.00338	0.00429	0.01286	0.00739	0.00647
18	0.01621	0.09212	0.01591	0.01242	0.01563	0.10950	0.00998	0.08250	0.07420	0.02506	0.13292	0.08130	0.16041	0.01366	0.00787	0.00238	0.00651	0.08963	0.04358	0.00821
19	0.06042	0.39697	0.05689	0.01318	0.01808	0.05141	0.01225	0.05198	0.01531	0.02002	0.01359	0.01735	0.01216	0.02063	0.20565	0.00465	0.01159	0.00534	0.00372	0.00880
20	0.01489	0.03840	0.70064	0.02116	0.03213	0.01724	0.02743	0.02351	0.01567	0.02351	0.01332	0.01567	0.00940	0.00705	0.00705	0.00235	0.01097	0.00549	0.00313	0.01097
21	0.01497	0.01476	0.02015	0.01745	0.01788	0.01994	0.01444	0.01664	0.01231	0.01824	0.02087	0.02563	0.12537	0.01398	0.02171	0.00312	0.60280	0.00806	0.00387	0.00781
22	0.01689	0.01612	0.02745	0.27613	0.47384	0.01725	0.02204	0.02148	0.01620	0.02245	0.01370	0.01886	0.01112	0.00689	0.00737	0.00230	0.00919	0.00661	0.00355	0.01056
23	0.01506	0.02803	0.43880	0.02285	0.13965	0.01500	0.02215	0.02043	0.01460	0.02137	0.01334	0.01761	0.01055	0.01099	0.01180	0.16957	0.00964	0.00588	0.00325	0.00945
24	0.01837	0.01764	0.03013	0.04557	0.69279	0.01764	0.02278	0.02278	0.01690	0.02425	0.01396	0.01837	0.01176	0.00661	0.00735	0.00220	0.00882	0.00661	0.00367	0.01176
25	0.01557	0.01379	0.02209	0.38341	0.21949	0.01535	0.01850	0.02059	0.04488	0.05034	0.02274	0.02656	0.09791	0.00884	0.00758	0.00240	0.00849	0.00787	0.00430	0.00930
26	0.01692	0.01615	0.02750	0.27182	0.47794	0.01726	0.02206	0.02151	0.01621	0.02248	0.01371	0.01885	0.01114	0.00688	0.00737	0.00229	0.00918	0.00661	0.00355	0.01058
27	0.09270	0.01464	0.01950	0.05600	0.19472	0.01616	0.01434	0.12973	0.04682	0.02696	0.02369	0.15205	0.06694	0.01192	0.00973	0.00254	0.09704	0.00972	0.00532	0.00948
28	0.01067	0.00735	0.00877	0.00877	0.00912	0.00753	0.00542	0.01124	0.01127	0.01516	0.02507	0.04608	0.05502	0.58314	0.15825	0.00785	0.00934	0.01050	0.00451	0.00496
29	0.01757	0.01682	0.02868	0.17015	0.57448	0.01743	0.02238	0.02208	0.01652	0.02328	0.01382	0.01864	0.01142	0.00676	0.00736	0.00225	0.00902	0.00661	0.00361	0.01111
30	0.02365	0.02030	0.02166	0.01756	0.02236	0.20937	0.12266	0.08598	0.05606	0.18193	0.02716	0.05687	0.10067	0.01010	0.00772	0.00229	0.00909	0.00853	0.00612	0.00992
31	0.00941	0.00694	0.00869	0.00949	0.01058	0.00635	0.00657	0.01125	0.01607	0.02137	0.19246	0.42801	0.16787	0.05605	0.01059	0.00298	0.00417	0.01788	0.00706	0.00622
32	0.02377	0.01323	0.01568	0.01261	0.01722	0.01288	0.01021	0.20775	0.02419	0.28430	0.11937	0.03676	0.16557	0.01191	0.00790	0.00233	0.00595	0.00974	0.00807	0.01057
33	0.18314	0.01594	0.01940	0.01617	0.02010	0.08928	0.12096	0.02354	0.06364	0.10659	0.05184	0.05520	0.01952	0.04483	0.04457	0.00317	0.05729	0.05056	0.00543	0.00882
34	0.16540	0.01675	0.01671	0.01383	0.01851	0.07214	0.01121	0.25480	0.02355	0.17112	0.02097	0.05732	0.01647	0.00975	0.00692	0.00229	0.00715	0.03759	0.06711	0.01042
35	0.02214	0.01073	0.01265	0.01080	0.01451	0.01052	0.00856	0.02852	0.13689	0.28550	0.02724	0.02676	0.01943	0.00911	0.00649	0.00209	0.00499	0.00739	0.34569	0.00998
36	0.01665	0.01395	0.02237	0.10041	0.09023	0.01403	0.14942	0.10923	0.02052	0.06084	0.18610	0.03661	0.09145	0.01104	0.00830	0.00243	0.00763	0.04355	0.00600	0.00922
37	0.01711	0.01635	0.02785	0.24162	0.50661	0.01731	0.02215	0.02168	0.01631	0.02272	0.01374	0.01879	0.01122	0.00685	0.00737	0.00228	0.00913	0.00661	0.00357	0.01074
38	0.01360	0.01270	0.02106	0.01778	0.01983	0.01515	0.13093	0.01659	0.01278	0.01862	0.01588	0.02352	0.01452	0.03353	0.37098	0.00754	0.23592	0.00765	0.00371	0.00770
39	0.01308	0.00832	0.01063	0.01069	0.01257	0.00786	0.00797	0.01643	0.05395	0.10046	0.21137	0.28790	0.09925	0.04714	0.01012	0.00290	0.00475	0.07978	0.00743	0.00740
40	0.01796	0.02182	0.20247	0.01805	0.02425	0.04631	0.12250	0.13179	0.05278	0.05502	0.05540	0.07297	0.06626	0.00995	0.00765	0.00235	0.00851	0.00870	0.06535	0.00992
41	0.05917	0.02035	0.02180	0.08103	0.20332	0.16923	0.01588	0.06426	0.17959	0.08366	0.01865	0.01991	0.01421	0.00811	0.00714	0.00225	0.00880	0.00659	0.00534	0.01072
42	0.01382	0.01222	0.01923	0.07391	0.23491	0.01247	0.04519	0.01710	0.01647	0.02263	0.14678	0.06763	0.09531	0.09530	0.01244	0.00304	0.04255	0.05540	0.00522	0.00841
43	0.01850	0.18631	0.38780	0.01836	0.02691	0.01863	0.05638	0.02455	0.01649	0.11531	0.01638	0.02012	0.01259	0.00788	0.00688	0.00224	0.00953	0.04031	0.00422	0.01061
44	0.05694	0.01999	0.03035	0.03168	0.28263	0.09803	0.21442	0.08498	0.01876	0.02546	0.01470	0.01959	0.01209	0.04674	0.00923	0.00254	0.01017	0.00716	0.00416	0.01037
45	0.01495	0.06705	0.06753	0.32486	0.14185	0.01589	0.01742	0.05387	0.01696	0.02220	0.05380	0.02877	0.12578	0.00950	0.00748	0.00234	0.00826	0.00815	0.00438	0.00895
46	0.01408	0.01262	0.02040	0.13446	0.31696	0.01302	0.01608	0.01754	0.01584	0.02181	0.06038	0.19289	0.05746	0.01505	0.05542	0.00312	0.00813	0.01094	0.00480	0.00899
47	0.01729	0.08786	0.07608	0.02500	0.16765	0.01623	0.18088	0.05617	0.01757	0.06081	0.02157	0.14628	0.02058	0.01078	0.00805	0.00248	0.00872	0.06131	0.00493	0.00975
48	0.01856	0.01623	0.02642	0.03356	0.40022	0.01639	0.08181	0.02555	0.12185	0.06978	0.02055	0.02796	0.01742	0.00889	0.00786	0.00243	0.00832	0.08009	0.00502	0.01108
49	0.05876	0.01754	0.04893	0.24348	0.22026	0.11142	0.01763	0.02059	0.01642	0.02184	0.04891	0.10656	0.01792	0.00948	0.00745	0.00236	0.00890	0.00826	0.00421	0.00907

[dist]
# distance from previous block
# <min> <max>
0	1

[block]
# block no. 2 follows, 27 sequences, length 67
# corresponding to MSA columns:
# 1128-1194
name=unknown_C
#
# <colnr> <probs for GDERKNQSTAVLIFYWHMCP>
#	G	D	E	R	K	N	Q	S	T	A	V	L	I	F	Y	W	H	M	C	P
0	0.01610	0.02949	0.44945	0.02026	0.02874	0.01630	0.09455	0.02409	0.05982	0.06436	0.05798	0.04495	0.01614	0.00857	0.00814	0.00243	0.03660	0.00723	0.00430	0.01049
1	0.01489	0.08733	0.61028	0.01988	0.02987	0.01743	0.02510	0.02261	0.01554	0.02279	0.01480	0.05964	0.01186	0.00800	0.00704	0.00234	0.01034	0.00634	0.00337	0.01056
2	0.01473	0.10173	0.47699	0.10685	0.03097	0.01721	0.02295	0.02161	0.01570	0.02241	0.04886	0.05733	0.01474	0.00833	0.00709	0.00233	0.00979	0.00674	0.00362	0.01001
3	0.01665	0.21445	0.31675	0.01658	0.02373	0.09512	0.01831	0.02170	0.01643	0.02112	0.04420	0.05007	0.05909	0.00940	0.00688	0.00220	0.00922	0.04464	0.00401	0.00945
4	0.01704	0.01627	0.02772	0.25307	0.49574	0.01729	0.02212	0.02161	0.01627	0.02263	0.01373	0.01881	0.01119	0.00686	0.00737	0.00229	0.00915	0.00661	0.00356	0.01068
5	0.01498	0.01491	0.02568	0.39298	0.07781	0.04115	0.16535	0.01964	0.01586	0.02051	0.01769	0.09179	0.01588	0.00936	0.00805	0.00255	0.00985	0.04339	0.00398	0.00857
6	0.05542	0.00953	0.01358	0.09658	0.09779	0.00963	0.01070	0.01550	0.01581	0.06353	0.11328	0.39777	0.03858	0.01666	0.00850	0.00269	0.00559	0.01496	0.00627	0.00761
7	0.01555	0.01401	0.02258	0.34313	0.24554	0.01559	0.01879	0.05889	0.01675	0.02250	0.01838	0.11164	0.01706	0.00984	0.00779	0.00248	0.00861	0.03731	0.00428	0.00928
8	0.01679	0.01204	0.02036	0.01664	0.02051	0.01118	0.18936	0.02080	0.04950	0.16026	0.03440	0.28914	0.09704	0.01458	0.00870	0.00265	0.00700	0.01372	0.00653	0.00879
9	0.01319	0.01154	0.01746	0.01464	0.01735	0.01199	0.11693	0.04069	0.04817	0.02546	0.26647	0.10568	0.12916	0.01399	0.01073	0.00256	0.10327	0.01205	0.03079	0.00788
10	0.02372	0.01352	0.01608	0.01315	0.01739	0.01405	0.01066	0.24635	0.02317	0.22268	0.02264	0.02387	0.01655	0.01768	0.13825	0.00397	0.00896	0.00719	0.14966	0.01046
11	0.01809	0.01735	0.02962	0.08984	0.65075	0.01756	0.02264	0.02253	0.01677	0.02391	0.01391	0.01847	0.01164	0.00667	0.00735	0.00222	0.00889	0.00661	0.00365	0.01153
12	0.02383	0.02695	0.02123	0.01833	0.02216	0.41041	0.05360	0.10374	0.06928	0.02407	0.08533	0.02002	0.01739	0.00908	0.00848	0.00217	0.06324	0.00655	0.00494	0.00919
13	0.01053	0.00837	0.00958	0.00949	0.01160	0.00792	0.00702	0.01511	0.09690	0.02428	0.25967	0.17466	0.30269	0.01737	0.00874	0.00254	0.00402	0.01501	0.00738	0.00712
14	0.02561	0.01694	0.01842	0.01447	0.01948	0.01828	0.01184	0.46184	0.02930	0.10903	0.02039	0.02073	0.01461	0.00888	0.00694	0.00213	0.00695	0.00681	0.17598	0.01138
15	0.19613	0.01910	0.01657	0.01427	0.01848	0.15805	0.01127	0.18687	0.08234	0.06166	0.07861	0.04357	0.01889	0.01209	0.04812	0.00281	0.00854	0.00703	0.00599	0.00962
16	0.04917	0.01466	0.01563	0.01351	0.01752	0.07759	0.01080	0.13167	0.04961	0.14103	0.02534	0.07335	0.05026	0.01841	0.12086	0.00383	0.00915	0.06930	0.00626	0.10202
17	0.01038	0.00789	0.00976	0.01016	0.01217	0.00726	0.00821	0.01327	0.01820	0.02370	0.24677	0.07085	0.28346	0.01830	0.00927	0.00277	0.00473	0.22891	0.00726	0.00668
18	0.02367	0.26489	0.14972	0.01611	0.02278	0.11601	0.01564	0.16209	0.02105	0.11932	0.01524	0.01590	0.01139	0.00759	0.00638	0.00200	0.00905	0.00541	0.00499	0.01075
19	0.01403	0.01089	0.01524	0.01865	0.17721	0.01044	0.01133	0.05203	0.01879	0.05934	0.19882	0.13303	0.19079	0.01457	0.00844	0.00247	0.00551	0.04338	0.00657	0.00845
20	0.01077	0.00730	0.00863	0.00863	0.00881	0.00749	0.00516	0.01114	0.01095	0.01479	0.02290	0.04589	0.02582	0.64423	0.13105	0.00785	0.00896	0.01040	0.00443	0.00479
21	0.01289	0.00645	0.00967	0.00967	0.00967	0.00645	0.00645	0.00967	0.00967	0.01289	0.01289	0.02257	0.01289	0.02579	0.02901	0.78401	0.00645	0.00645	0.00322	0.00322
22	0.09693	0.01965	0.02634	0.07288	0.34032	0.12125	0.08761	0.06287	0.01836	0.02555	0.04783	0.01911	0.01391	0.00738	0.00721	0.00223	0.00935	0.00666	0.00424	0.01033
23	0.02015	0.02055	0.02706	0.11976	0.45387	0.14472	0.02047	0.06151	0.01847	0.02383	0.01364	0.01760	0.01118	0.00704	0.00724	0.00218	0.00975	0.00628	0.00388	0.01081
24	0.00904	0.00753	0.00788	0.00779	0.01019	0.00638	0.00585	0.01116	0.01754	0.02152	0.16780	0.06903	0.59627	0.01825	0.00877	0.00248	0.00372	0.01533	0.00709	0.00638
25	0.01842	0.03365	0.53601	0.01994	0.02968	0.01793	0.02401	0.14251	0.01953	0.06742	0.01509	0.01663	0.01052	0.00752	0.00715	0.00233	0.01018	0.00582	0.00428	0.01137
26	0.01648	0.01577	0.02610	0.23230	0.40898	0.01734	0.02070	0.02063	0.01574	0.02189	0.01608	0.02096	0.04180	0.00807	0.00923	0.00241	0.08471	0.00701	0.00367	0.01013
27	0.00965	0.00713	0.00824	0.00867	0.00974	0.00656	0.00577	0.01094	0.01467	0.01894	0.10962	0.24898	0.24401	0.24264	0.01795	0.00408	0.00495	0.01547	0.00628	0.00573
28	0.01897	0.00946	0.01263	0.01078	0.01401	0.00845	0.00845	0.02224	0.02110	0.27771	0.44412	0.04425	0.05087	0.01295	0.00828	0.00232	0.00455	0.01121	0.00855	0.00909
29	0.01317	0.00808	0.01272	0.18206	0.01971	0.00888	0.00988	0.01192	0.01092	0.01437	0.01297	0.02189	0.01217	0.02134	0.02378	0.59468	0.00728	0.00648	0.00324	0.00444
30	0.01522	0.03303	0.53641	0.02075	0.02907	0.01857	0.02472	0.02214	0.01463	0.02214	0.01246	0.01581	0.00949	0.00849	0.01125	0.00257	0.18407	0.00573	0.00316	0.01028
31	0.01627	0.06014	0.16831	0.30973	0.12768	0.01870	0.02098	0.06045	0.01612	0.02215	0.01302	0.01772	0.01018	0.00796	0.00931	0.00244	0.09943	0.00621	0.00356	0.00963
32	0.01449	0.01626	0.10338	0.02716	0.27066	0.01341	0.08555	0.01869	0.01639	0.02254	0.02782	0.15444	0.08523	0.01253	0.00836	0.00259	0.00795	0.09834	0.00491	0.00931
33	0.01607	0.01509	0.02475	0.03661	0.52746	0.01486	0.01874	0.01982	0.01666	0.02314	0.02567	0.09180	0.11747	0.00997	0.00776	0.00232	0.00764	0.00930	0.00445	0.01041
34	0.06374	0.01568	0.02258	0.42294	0.12180	0.01824	0.01855	0.17865	0.01989	0.02728	0.01426	0.01868	0.01069	0.00766	0.00725	0.00237	0.00909	0.00647	0.00443	0.00974
35	0.01714	0.22446	0.33039	0.02086	0.06685	0.02088	0.09775	0.02484	0.08602	0.02274	0.01453	0.01660	0.01120	0.00706	0.00670	0.00217	0.00967	0.00584	0.00372	0.01059
36	0.00904	0.00646	0.00861	0.01034	0.01077	0.00603	0.00689	0.01034	0.01421	0.01895	0.04092	0.73426	0.04910	0.02326	0.00948	0.00301	0.00431	0.02110	0.00689	0.00603
37	0.02062	0.02469	0.03689	0.02759	0.03398	0.22857	0.46790	0.02556	0.01859	0.02208	0.01394	0.01801	0.01075	0.00668	0.00813	0.00232	0.01278	0.00755	0.00378	0.00959
38	0.02195	0.01670	0.02606	0.14379	0.22819	0.01730	0.09871	0.13370	0.05939	0.15159	0.01839	0.02054	0.01339	0.00777	0.00758	0.00233	0.00872	0.00715	0.00549	0.01126
39	0.01636	0.01916	0.11234	0.02302	0.06670	0.01669	0.26172	0.02657	0.21565	0.02535	0.02438	0.08927	0.04849	0.00964	0.00817	0.00252	0.00897	0.00955	0.00524	0.01022
40	0.00904	0.00646	0.00861	0.01034	0.01077	0.00603	0.00689	0.01034	0.01421	0.01895	0.04092	0.73426	0.04910	0.02326	0.00948	0.00301	0.00431	0.02110	0.00689	0.00603
41	0.01501	0.01572	0.01908	0.18643	0.02632	0.12555	0.08188	0.01812	0.01657	0.02002	0.06231	0.06121	0.21052	0.01222	0.01000	0.00250	0.09396	0.00999	0.00482	0.00777
42	0.01504	0.02484	0.31173	0.02673	0.21821	0.01550	0.08963	0.02097	0.01645	0.02312	0.02504	0.02714	0.13511	0.00900	0.00763	0.00235	0.00919	0.00802	0.00404	0.01023
43	0.01876	0.01904	0.03190	0.04168	0.54538	0.05704	0.12991	0.02334	0.01724	0.02383	0.01400	0.01837	0.01155	0.00661	0.00755	0.00224	0.00970	0.00687	0.00370	0.01129
44	0.01817	0.01822	0.03344	0.04211	0.53436	0.01791	0.17857	0.02302	0.01705	0.02414	0.01422	0.01877	0.01164	0.00653	0.00769	0.00228	0.00971	0.00713	0.00369	0.01134
45	0.01454	0.01956	0.20203	0.19604	0.19268	0.01472	0.01906	0.01914	0.01459	0.02037	0.01589	0.02532	0.01436	0.18438	0.01466	0.00352	0.00927	0.00732	0.00364	0.00893
46	0.01487	0.01994	0.18936	0.02486	0.13815	0.01447	0.17714	0.02023	0.01658	0.02298	0.02296	0.09421	0.02229	0.01166	0.00856	0.00270	0.00935	0.17564	0.00466	0.00937
47	0.01824	0.01940	0.02389	0.39532	0.20006	0.17686	0.01969	0.02236	0.01677	0.02006	0.01298	0.01797	0.01027	0.00728	0.00724	0.00228	0.01044	0.00618	0.00351	0.00918
48	0.00951	0.00666	0.00848	0.00974	0.01005	0.00634	0.00625	0.01046	0.01330	0.01773	0.03623	0.55103	0.04319	0.21454	0.01704	0.00413	0.00508	0.01835	0.00625	0.00562
49	0.02009	0.58278	0.03639	0.01840	0.12806	0.06934	0.01443	0.02278	0.01574	0.01860	0.01098	0.01304	0.00989	0.00647	0.00530	0.00171	0.00842	0.00445	0.00330	0.00983
50	0.01682	0.01605	0.02732	0.28693	0.46358	0.01723	0.02201	0.02142	0.01617	0.02237	0.01369	0.01888	0.01109	0.00690	0.00738	0.00230	0.00920	0.00661	0.00354	0.01050
51	0.01016	0.00693	0.00828	0.00891	0.00906	0.00677	0.00536	0.01063	0.01203	0.01604	0.02973	0.29660	0.03499	0.48017	0.02755	0.00568	0.00615	0.01452	0.00536	0.00505
52	0.01014	0.00752	0.00945	0.00908	0.01089	0.00683	0.00677	0.01327	0.02000	0.02761	0.55414	0.08959	0.17486	0.01617	0.00879	0.00240	0.00358	0.01416	0.00789	0.00683
53	0.01987	0.02478	0.19333	0.03001	0.24816	0.06048	0.13255	0.14975	0.02048	0.02803	0.01459	0.01759	0.01114	0.00717	0.00750	0.00228	0.01013	0.00661	0.00430	0.01125
54	0.06091	0.33054	0.31185	0.09102	0.02764	0.02222	0.01942	0.02240	0.01517	0.02105	0.01188	0.01432	0.00943	0.00679	0.00599	0.00204	0.00929	0.00488	0.00325	0.00991
55	0.02971	0.01344	0.01712	0.01367	0.01904	0.01274	0.01111	0.03697	0.18068	0.53638	0.02951	0.02586	0.01941	0.00940	0.00749	0.00235	0.00621	0.00769	0.00879	0.01242
56	0.01086	0.01507	0.17635	0.01224	0.01643	0.00931	0.01220	0.01459	0.01636	0.02117	0.05009	0.13027	0.34005	0.01674	0.00870	0.00269	0.00612	0.12730	0.00597	0.00748
57	0.01757	0.01721	0.03050	0.15252	0.51148	0.01759	0.09925	0.02229	0.01665	0.02335	0.01397	0.01880	0.01140	0.00670	0.00753	0.00228	0.00943	0.00687	0.00362	0.01099
58	0.01255	0.01054	0.01699	0.01817	0.12424	0.01034	0.08821	0.01543	0.01583	0.02195	0.17743	0.13660	0.03549	0.16169	0.08864	0.00446	0.00817	0.04031	0.00551	0.00745
59	0.01942	0.01335	0.01506	0.01266	0.01635	0.01422	0.01008	0.28654	0.02323	0.07298	0.02922	0.03178	0.12489	0.05400	0.14587	0.00435	0.00902	0.00865	0.09897	0.00936
60	0.01422	0.01383	0.07067	0.17992	0.14809	0.01266	0.01441	0.01876	0.05649	0.05153	0.03289	0.03751	0.19327	0.11029	0.01189	0.00306	0.00738	0.00963	0.00500	0.00849
61	0.17265	0.01878	0.01839	0.18411	0.02702	0.14598	0.01380	0.09780	0.12712	0.09847	0.01731	0.01875	0.01276	0.00814	0.00676	0.00230	0.00851	0.00615	0.00542	0.00979
62	0.01770	0.14906	0.02162	0.01648	0.08638	0.01520	0.06477	0.07008	0.04890	0.11077	0.03535	0.11773	0.19127	0.01232	0.00763	0.00232	0.00661	0.01055	0.00598	0.00928
63	0.02266	0.05196	0.02507	0.15427	0.05063	0.14448	0.13443	0.05723	0.04920	0.17508	0.04813	0.02135	0.01545	0.00811	0.00749	0.00227	0.00955	0.00713	0.00542	0.01010
64	0.09929	0.17507	0.15482	0.01817	0.02445	0.02001	0.14052	0.05280	0.09602	0.02459	0.01785	0.01996	0.04372	0.00960	0.02995	0.00259	0.04978	0.00666	0.00435	0.00982
65	0.21316	0.12003	0.05157	0.13043	0.06752	0.10533	0.01402	0.06364	0.05615	0.05655	0.04574	0.01795	0.01357	0.00779	0.00630	0.00219	0.00820	0.00578	0.00469	0.00938
66	0.01601	0.01244	0.01451	0.01521	0.08685	0.06152	0.01023	0.07661	0.01816	0.08294	0.09874	0.15071	0.12276	0.06163	0.09772	0.00384	0.00800	0.01124	0.00608	0.04478

[dist]
# distance from previous block
# <min> <max>
150	384

[block]
# block no. 3 follows, 27 sequences, length 17
# corresponding to MSA columns:
# 1776-1792
name=unknown_D
#
# <colnr> <probs for GDERKNQSTAVLIFYWHMCP>
#	G	D	E	R	K	N	Q	S	T	A	V	L	I	F	Y	W	H	M	C	P
0	0.02700	0.01863	0.15011	0.01666	0.05366	0.01387	0.01489	0.10180	0.04490	0.41330	0.02470	0.05006	0.01705	0.00920	0.00746	0.00233	0.00744	0.00752	0.00741	0.01198
1	0.02226	0.11569	0.29437	0.01859	0.02576	0.28261	0.01903	0.02701	0.01823	0.09016	0.01391	0.01535	0.01040	0.00742	0.00669	0.00209	0.01107	0.00525	0.00403	0.01007
2	0.01601	0.01085	0.01325	0.01219	0.01582	0.01011	0.00987	0.02154	0.11534	0.12028	0.03591	0.11263	0.11190	0.01434	0.00823	0.00250	0.00572	0.19127	0.00680	0.16543
3	0.01632	0.04196	0.01641	0.01175	0.01776	0.07331	0.00934	0.01935	0.01583	0.02311	0.01444	0.05419	0.01289	0.00669	0.00579	0.00130	0.00623	0.00533	0.00444	0.64357
4	0.05488	0.01101	0.01039	0.01036	0.01267	0.08463	0.00774	0.01509	0.01712	0.05439	0.11416	0.21796	0.29666	0.01725	0.00849	0.00257	0.00531	0.04567	0.00667	0.00698
5	0.05327	0.08573	0.38140	0.01811	0.02598	0.14899	0.02008	0.06785	0.01795	0.02378	0.01849	0.01996	0.07079	0.00829	0.00688	0.00221	0.01012	0.00617	0.00397	0.00997
6	0.09723	0.20678	0.29052	0.02165	0.10176	0.02028	0.09895	0.02330	0.01573	0.04099	0.01297	0.01545	0.01002	0.00677	0.00648	0.00216	0.00950	0.00554	0.00359	0.01032
7	0.01651	0.05499	0.08999	0.01342	0.01681	0.08564	0.01132	0.07647	0.01818	0.09025	0.07458	0.35705	0.03347	0.01564	0.00822	0.00256	0.00670	0.01353	0.00631	0.00836
8	0.01280	0.00923	0.01064	0.01015	0.01259	0.00881	0.00761	0.07339	0.05674	0.06086	0.18351	0.21417	0.27679	0.01720	0.00867	0.00256	0.00449	0.01482	0.00736	0.00759
9	0.02260	0.01722	0.04132	0.07746	0.21260	0.07729	0.01584	0.05832	0.08981	0.20955	0.02390	0.02624	0.04937	0.00916	0.00754	0.00233	0.00801	0.03441	0.00604	0.01098
10	0.01906	0.01966	0.02161	0.15638	0.21209	0.19523	0.01679	0.06645	0.01886	0.02262	0.02190	0.02968	0.07548	0.00991	0.00766	0.00235	0.00948	0.08097	0.00456	0.00927
11	0.01176	0.01357	0.12199	0.01612	0.09140	0.01040	0.01259	0.01509	0.01426	0.01968	0.03009	0.13616	0.11618	0.08333	0.23709	0.00597	0.01117	0.04074	0.00481	0.00760
12	0.16017	0.08304	0.06134	0.10384	0.21997	0.01868	0.04761	0.09626	0.05317	0.06592	0.01508	0.01756	0.01157	0.00733	0.00670	0.00224	0.00822	0.00610	0.00467	0.01051
13	0.05834	0.21655	0.11274	0.01762	0.04249	0.05266	0.09494	0.08092	0.01759	0.08634	0.01582	0.04360	0.01322	0.03573	0.03187	0.00265	0.03971	0.00655	0.00454	0.02611
14	0.05352	0.01733	0.06068	0.01939	0.08862	0.01679	0.07053	0.20919	0.06736	0.08228	0.05489	0.02564	0.01828	0.01157	0.04149	0.00278	0.03423	0.04955	0.00596	0.06991
15	0.15725	0.02269	0.09580	0.01664	0.05390	0.17127	0.01374	0.18544	0.02134	0.04867	0.01510	0.01668	0.01145	0.00773	0.00638	0.00207	0.00857	0.00557	0.08484	0.05488
16	0.06844	0.05493	0.05219	0.04230	0.04883	0.20926	0.03600	0.07128	0.04936	0.02417	0.08586	0.03263	0.15067	0.01092	0.00743	0.00226	0.00843	0.03103	0.00532	0.00869

[dist]
# distance from previous block
# <min> <max>
8	216

[block]
# block no. 4 follows, 27 sequences, length 218
# corresponding to MSA columns:
# 2081-2298
name=unknown_E
#
# <colnr> <probs for GDERKNQSTAVLIFYWHMCP>
#	G	D	E	R	K	N	Q	S	T	A	V	L	I	F	Y	W	H	M	C	P
0	0.01740	0.09538	0.05129	0.04064	0.04497	0.06176	0.06685	0.06724	0.03868	0.06708	0.04816	0.18391	0.02364	0.01181	0.00820	0.00232	0.03416	0.03169	0.00543	0.09940
1	0.01731	0.03870	0.11236	0.01638	0.05150	0.01331	0.07478	0.10898	0.02000	0.09592	0.12801	0.08674	0.07924	0.01182	0.00791	0.00240	0.00701	0.05365	0.06465	0.00934
2	0.04543	0.04350	0.08954	0.04196	0.04502	0.06837	0.04320	0.04148	0.01704	0.06904	0.04139	0.07976	0.01794	0.00889	0.00656	0.00197	0.00699	0.00739	0.17134	0.15318
3	0.07695	0.07997	0.07472	0.01840	0.02407	0.17108	0.11371	0.11251	0.04978	0.12182	0.01619	0.01750	0.01201	0.00790	0.00777	0.00219	0.04323	0.00619	0.00517	0.03882
4	0.04749	0.01810	0.12458	0.07119	0.04843	0.04063	0.07716	0.08738	0.01895	0.09274	0.04322	0.03648	0.02160	0.01108	0.00801	0.00252	0.00841	0.17318	0.00556	0.06328
5	0.04592	0.20141	0.12217	0.06426	0.04771	0.04649	0.01433	0.06367	0.06368	0.04890	0.07239	0.05594	0.04281	0.00905	0.00667	0.00208	0.00762	0.00717	0.00489	0.07283
6	0.05688	0.23974	0.19619	0.01526	0.02203	0.02019	0.01570	0.13879	0.01918	0.07344	0.04494	0.01814	0.01399	0.01100	0.05511	0.00271	0.00907	0.00580	0.00474	0.03710
7	0.07462	0.04238	0.06141	0.01950	0.16166	0.07169	0.01299	0.06252	0.01682	0.02368	0.02248	0.12130	0.06669	0.07944	0.00998	0.00261	0.00738	0.00880	0.00482	0.12922
8	0.07560	0.16277	0.05480	0.01730	0.08239	0.04569	0.01356	0.11059	0.01770	0.02490	0.06519	0.02244	0.04610	0.03965	0.03966	0.00285	0.13266	0.00680	0.00462	0.03473
9	0.01760	0.07068	0.12144	0.01882	0.07420	0.01513	0.10676	0.10880	0.01862	0.06852	0.02160	0.17628	0.02022	0.01075	0.00753	0.00229	0.00780	0.00963	0.04003	0.08331
10	0.01404	0.01306	0.01224	0.01159	0.01420	0.10535	0.00870	0.02049	0.16072	0.02520	0.25261	0.11187	0.19164	0.01465	0.00829	0.00242	0.00550	0.01241	0.00703	0.00798
11	0.01685	0.02005	0.13327	0.02972	0.29211	0.01560	0.12661	0.02192	0.01639	0.02404	0.01382	0.01739	0.01109	0.00631	0.00702	0.00197	0.00884	0.00618	0.00381	0.22699
12	0.01272	0.00814	0.00973	0.00915	0.01166	0.00712	0.00692	0.01520	0.01858	0.11589	0.26362	0.12291	0.33710	0.01674	0.00866	0.00247	0.00408	0.01434	0.00762	0.00735
13	0.01614	0.01368	0.01578	0.01148	0.01793	0.01092	0.00919	0.05018	0.04819	0.02558	0.01423	0.01610	0.01163	0.00588	0.00569	0.00122	0.00564	0.00470	0.00469	0.71114
14	0.01705	0.01308	0.03889	0.07943	0.01905	0.01250	0.01062	0.08437	0.01622	0.09154	0.01838	0.02736	0.01663	0.22374	0.01739	0.00353	0.07315	0.00736	0.03086	0.19886
15	0.00942	0.00662	0.00850	0.00986	0.01019	0.00628	0.00638	0.01044	0.01348	0.01797	0.03716	0.58711	0.04435	0.17688	0.01555	0.00391	0.00493	0.01889	0.00638	0.00570
16	0.00909	0.00722	0.00816	0.00858	0.01039	0.00630	0.00619	0.01102	0.01670	0.02107	0.14935	0.26010	0.42047	0.01959	0.00897	0.00263	0.00388	0.01693	0.00707	0.00630
17	0.01621	0.01543	0.02622	0.38202	0.37329	0.01707	0.02170	0.02088	0.01588	0.02162	0.01358	0.01908	0.01083	0.00702	0.00739	0.00234	0.00936	0.00661	0.00349	0.01001
18	0.08527	0.01367	0.01601	0.01304	0.01792	0.06135	0.01047	0.03155	0.01976	0.51856	0.02801	0.10871	0.02068	0.01060	0.00744	0.00236	0.00655	0.00866	0.00819	0.01121
19	0.01777	0.01586	0.01767	0.08387	0.07599	0.06715	0.01286	0.07758	0.32554	0.02932	0.16442	0.03026	0.02887	0.01035	0.00771	0.00238	0.00672	0.00875	0.00668	0.01025
20	0.00961	0.00686	0.00926	0.01098	0.01166	0.00651	0.00787	0.01131	0.01477	0.01958	0.04061	0.60889	0.04787	0.02273	0.00963	0.00309	0.00479	0.14092	0.00688	0.00619
21	0.01402	0.01319	0.02227	0.72126	0.05113	0.01649	0.02062	0.01897	0.01484	0.01897	0.01319	0.01979	0.00990	0.00742	0.00742	0.00247	0.00990	0.00660	0.00330	0.00825
22	0.01723	0.17792	0.21809	0.01514	0.02258	0.01798	0.01565	0.05433	0.10723	0.02456	0.01516	0.01653	0.01190	0.00692	0.00616	0.00181	0.00777	0.00527	0.00435	0.25343
23	0.01061	0.00795	0.01193	0.01193	0.01326	0.00928	0.00928	0.01326	0.01193	0.01723	0.01988	0.02916	0.01856	0.05568	0.70968	0.01193	0.01988	0.00795	0.00398	0.00663
24	0.01752	0.02003	0.04380	0.03129	0.03880	0.01877	0.66583	0.02378	0.01752	0.02378	0.01502	0.02003	0.01126	0.00626	0.00876	0.00250	0.01252	0.00876	0.00375	0.01001
25	0.01780	0.01380	0.01863	0.01896	0.11609	0.01569	0.01322	0.10754	0.01808	0.08898	0.07283	0.10031	0.08839	0.01274	0.01285	0.00263	0.22235	0.00957	0.04038	0.00917
26	0.02132	0.09534	0.32663	0.01740	0.02542	0.01600	0.04920	0.02754	0.04333	0.24137	0.02171	0.02159	0.04342	0.00828	0.00714	0.00228	0.00872	0.00670	0.00547	0.01114
27	0.79154	0.01436	0.01091	0.00976	0.01436	0.01665	0.00804	0.02182	0.01263	0.03331	0.01034	0.01206	0.00804	0.00689	0.00459	0.00230	0.00574	0.00402	0.00459	0.00804
28	0.00938	0.00672	0.00892	0.01011	0.01084	0.00626	0.00692	0.01119	0.01579	0.02146	0.19116	0.57686	0.05396	0.02138	0.00931	0.00286	0.00412	0.01932	0.00719	0.00626
29	0.07423	0.07940	0.13112	0.18723	0.03074	0.05047	0.08413	0.02266	0.07179	0.02188	0.01360	0.01758	0.01084	0.00855	0.01069	0.00252	0.16325	0.00629	0.00378	0.00923
30	0.01289	0.00645	0.00967	0.00967	0.00967	0.00645	0.00645	0.00967	0.00967	0.01289	0.01289	0.02257	0.01289	0.02579	0.02901	0.78401	0.00645	0.00645	0.00322	0.00322
31	0.00936	0.00669	0.00898	0.01070	0.01127	0.00630	0.00744	0.01089	0.01453	0.01931	0.04074	0.66330	0.04840	0.02296	0.00956	0.00306	0.00458	0.08892	0.00689	0.00612
32	0.01614	0.00860	0.01129	0.01045	0.01261	0.00795	0.00764	0.01832	0.01730	0.19669	0.22489	0.19080	0.04181	0.15041	0.04756	0.00383	0.00587	0.01279	0.00728	0.00777
33	0.02206	0.01575	0.02064	0.08782	0.15459	0.04133	0.01482	0.20076	0.02154	0.15066	0.01892	0.02174	0.01440	0.01836	0.15810	0.00433	0.01083	0.00701	0.00574	0.01061
34	0.00904	0.00646	0.00861	0.01034	0.01077	0.00603	0.00689	0.01034	0.01421	0.01895	0.04092	0.73426	0.04910	0.02326	0.00948	0.00301	0.00431	0.02110	0.00689	0.00603
35	0.01219	0.01023	0.01477	0.01387	0.01476	0.01294	0.01101	0.01443	0.01172	0.01728	0.01721	0.02643	0.01648	0.07440	0.48831	0.00930	0.21624	0.00767	0.00380	0.00695
36	0.01723	0.12420	0.18275	0.18495	0.27361	0.04995	0.02157	0.02233	0.01609	0.02168	0.01302	0.01694	0.01039	0.00690	0.00690	0.00220	0.00963	0.00590	0.00340	0.01034
37	0.05097	0.02026	0.02383	0.21326	0.26666	0.18817	0.01842	0.02471	0.01763	0.08567	0.01446	0.01792	0.01121	0.00734	0.00711	0.00222	0.00988	0.00614	0.00417	0.00999
38	0.54614	0.02051	0.01446	0.01365	0.03946	0.21583	0.01034	0.02410	0.01519	0.02865	0.01079	0.01265	0.00860	0.00710	0.00529	0.00218	0.00804	0.00433	0.00434	0.00833
39	0.01415	0.00972	0.01117	0.01068	0.01325	0.00934	0.00798	0.09859	0.04991	0.08797	0.04875	0.30194	0.27206	0.01785	0.00868	0.00264	0.00487	0.01539	0.00721	0.00786
40	0.02773	0.03538	0.02104	0.01913	0.02295	0.70930	0.01434	0.02964	0.02104	0.01817	0.01148	0.01339	0.00956	0.00765	0.00669	0.00191	0.01339	0.00478	0.00383	0.00861
41	0.71769	0.01365	0.01053	0.00949	0.01381	0.01573	0.00777	0.02139	0.01291	0.03277	0.01165	0.01354	0.00908	0.00706	0.00465	0.00224	0.00553	0.00430	0.07826	0.00793
42	0.00877	0.00752	0.00752	0.00752	0.01003	0.00627	0.00564	0.01065	0.01692	0.02005	0.07520	0.07144	0.68978	0.01880	0.00877	0.00251	0.00376	0.01567	0.00689	0.00627
43	0.00904	0.00646	0.00861	0.01034	0.01077	0.00603	0.00689	0.01034	0.01421	0.01895	0.04092	0.73426	0.04910	0.02326	0.00948	0.00301	0.00431	0.02110	0.00689	0.00603
44	0.03331	0.01263	0.01723	0.01321	0.01895	0.01091	0.01091	0.03618	0.02125	0.69794	0.02929	0.02527	0.01838	0.00919	0.00747	0.00230	0.00632	0.00747	0.00919	0.01263
45	0.01985	0.74357	0.03890	0.01270	0.01905	0.02937	0.01270	0.02223	0.01508	0.01747	0.01032	0.01191	0.00953	0.00635	0.00476	0.00159	0.00794	0.00397	0.00318	0.00953
46	0.01489	0.03840	0.70064	0.02116	0.03213	0.01724	0.02743	0.02351	0.01567	0.02351	0.01332	0.01567	0.00940	0.00705	0.00705	0.00235	0.01097	0.00549	0.00313	0.01097
47	0.01196	0.00854	0.01196	0.01367	0.01538	0.00854	0.01196	0.01538	0.01709	0.02222	0.03931	0.08374	0.04272	0.02051	0.01025	0.00342	0.00684	0.64283	0.00684	0.00684
48	0.79154	0.01436	0.01091	0.00976	0.01436	0.01665	0.00804	0.02182	0.01263	0.03331	0.01034	0.01206	0.00804	0.00689	0.00459	0.00230	0.00574	0.00402	0.00459	0.00804
49	0.00904	0.00646	0.00861	0.01034	0.01077	0.00603	0.00689	0.01034	0.01421	0.01895	0.04092	0.73426	0.04910	0.02326	0.00948	0.00301	0.00431	0.02110	0.00689	0.00603
50	0.79154	0.01436	0.01091	0.00976	0.01436	0.01665	0.00804	0.02182	0.01263	0.03331	0.01034	0.01206	0.00804	0.00689	0.00459	0.00230	0.00574	0.00402	0.00459	0.00804
51	0.01837	0.01764	0.03013	0.04557	0.69279	0.01764	0.02278	0.02278	0.01690	0.02425	0.01396	0.01837	0.01176	0.00661	0.00735	0.00220	0.00882	0.00661	0.00367	0.01176
52	0.01846	0.01595	0.01679	0.01511	0.01930	0.01846	0.01175	0.03945	0.67938	0.03105	0.03022	0.02770	0.02266	0.01007	0.00755	0.00252	0.00588	0.00839	0.00755	0.01175
53	0.00897	0.00677	0.00830	0.00953	0.01055	0.00610	0.00653	0.01043	0.01499	0.01927	0.05078	0.54357	0.23342	0.02198	0.00927	0.00287	0.00415	0.01954	0.00689	0.00610
54	0.01752	0.02003	0.04380	0.03129	0.03880	0.01877	0.66583	0.02378	0.01752	0.02378	0.01502	0.02003	0.01126	0.00626	0.00876	0.00250	0.01252	0.00876	0.00375	0.01001
55	0.01804	0.01388	0.01469	0.01328	0.01700	0.01570	0.01031	0.03457	0.51177	0.05582	0.02889	0.02760	0.02172	0.00973	0.00704	0.00234	0.00537	0.00804	0.17345	0.01075
56	0.00877	0.00752	0.00752	0.00752	0.01003	0.00627	0.00564	0.01065	0.01692	0.02005	0.07520	0.07144	0.68978	0.01880	0.00877	0.00251	0.00376	0.01567	0.00689	0.00627
57	0.02556	0.01526	0.01753	0.01385	0.01870	0.01579	0.01129	0.33686	0.02719	0.21682	0.11348	0.02607	0.02274	0.00981	0.00737	0.00221	0.00651	0.00784	0.09389	0.01122
58	0.00904	0.00646	0.00861	0.01034	0.01077	0.00603	0.00689	0.01034	0.01421	0.01895	0.04092	0.73426	0.04910	0.02326	0.00948	0.00301	0.00431	0.02110	0.00689	0.00603
59	0.00904	0.00646	0.00861	0.01034	0.01077	0.00603	0.00689	0.01034	0.01421	0.01895	0.04092	0.73426	0.04910	0.02326	0.00948	0.00301	0.00431	0.02110	0.00689	0.00603
60	0.08541	0.01394	0.01752	0.01353	0.01922	0.01307	0.01117	0.12674	0.02263	0.55726	0.02631	0.02327	0.01682	0.00899	0.00726	0.00229	0.00655	0.00711	0.00861	0.01231
61	0.01281	0.01102	0.01682	0.11342	0.08387	0.01334	0.01315	0.01566	0.01266	0.01814	0.01676	0.02533	0.01550	0.06305	0.40097	0.00801	0.14073	0.00749	0.00375	0.00752
62	0.00917	0.00660	0.00873	0.01038	0.01096	0.00616	0.00708	0.01059	0.01445	0.01915	0.04217	0.67798	0.07367	0.02296	0.00948	0.00301	0.00440	0.05009	0.00689	0.00608
63	0.03331	0.01263	0.01723	0.01321	0.01895	0.01091	0.01091	0.03618	0.02125	0.69794	0.02929	0.02527	0.01838	0.00919	0.00747	0.00230	0.00632	0.00747	0.00919	0.01263
64	0.01208	0.00707	0.00843	0.00875	0.01014	0.00725	0.00647	0.01494	0.01471	0.02379	0.04959	0.16834	0.02663	0.02185	0.15734	0.00419	0.00715	0.01016	0.43442	0.00668
65	0.01584	0.11430	0.20416	0.01642	0.02118	0.06769	0.01626	0.04842	0.01495	0.02045	0.01465	0.01970	0.01268	0.02417	0.24328	0.00554	0.12155	0.00627	0.00368	0.00881
66	0.01369	0.01192	0.01813	0.14358	0.15093	0.01352	0.01469	0.01657	0.01460	0.01998	0.02353	0.14779	0.02489	0.08937	0.01429	0.00332	0.12741	0.13913	0.00478	0.00787
67	0.45477	0.07166	0.11898	0.01563	0.06775	0.11846	0.01325	0.02331	0.01479	0.02789	0.01121	0.01324	0.00884	0.00697	0.00548	0.00219	0.00801	0.00453	0.00410	0.00893
68	0.01855	0.02214	0.04371	0.01557	0.04932	0.33184	0.01161	0.02114	0.01953	0.02132	0.15384	0.03690	0.20134	0.01193	0.00767	0.00218	0.00869	0.00938	0.00541	0.00794
69	0.01289	0.00645	0.00967	0.00967	0.00967	0.00645	0.00645	0.00967	0.00967	0.01289	0.01289	0.02257	0.01289	0.02579	0.02901	0.78401	0.00645	0.00645	0.00322	0.00322
70	0.79154	0.01436	0.01091	0.00976	0.01436	0.01665	0.00804	0.02182	0.01263	0.03331	0.01034	0.01206	0.00804	0.00689	0.00459	0.00230	0.00574	0.00402	0.00459	0.00804
71	0.01549	0.01350	0.01667	0.01191	0.01854	0.01029	0.03825	0.01892	0.01549	0.02417	0.01328	0.01560	0.01101	0.00553	0.00564	0.00116	0.00581	0.00459	0.00437	0.74977
72	0.01624	0.01624	0.02274	0.01949	0.01949	0.02274	0.01624	0.01787	0.01137	0.01787	0.00975	0.01624	0.00975	0.01299	0.02436	0.00325	0.72552	0.00650	0.00325	0.00812
73	0.00900	0.00662	0.00845	0.00992	0.01066	0.00606	0.00671	0.01038	0.01461	0.01911	0.04596	0.63669	0.14341	0.02260	0.00937	0.00294	0.00423	0.02030	0.00689	0.00606
74	0.00894	0.00753	0.00775	0.00769	0.01013	0.00634	0.00577	0.01097	0.01731	0.02098	0.13348	0.06993	0.63093	0.01846	0.00877	0.00249	0.00374	0.01545	0.00702	0.00634
75	0.00986	0.00756	0.00903	0.00866	0.01070	0.00673	0.00650	0.01276	0.01949	0.02616	0.46072	0.06140	0.30045	0.01652	0.00876	0.00240	0.00360	0.01426	0.00770	0.00673
76	0.01051	0.00759	0.00992	0.00934	0.01109	0.00700	0.00700	0.01401	0.02101	0.02977	0.68888	0.05545	0.07005	0.01518	0.00876	0.00233	0.00350	0.01343	0.00817	0.00700
77	0.01539	0.01319	0.01539	0.01100	0.01759	0.00990	0.00880	0.01869	0.01539	0.02419	0.01319	0.01539	0.01100	0.00550	0.00550	0.00110	0.00550	0.00440	0.00440	0.78449
78	0.01890	0.01686	0.01699	0.01530	0.01948	0.05107	0.01187	0.03899	0.64831	0.03045	0.02933	0.02702	0.02204	0.00996	0.00751	0.00249	0.00623	0.00822	0.00738	0.01160
79	0.02822	0.02079	0.02228	0.01708	0.02302	0.02302	0.01411	0.66804	0.03490	0.04679	0.01782	0.01782	0.01262	0.00891	0.00743	0.00223	0.00817	0.00668	0.00743	0.01262
80	0.00981	0.00751	0.00899	0.00873	0.01069	0.00669	0.00651	0.01262	0.01921	0.02574	0.43627	0.09328	0.29328	0.01687	0.00880	0.00243	0.00363	0.01460	0.00765	0.00669
81	0.01001	0.00715	0.00972	0.01144	0.01229	0.00686	0.00856	0.01200	0.01516	0.02003	0.04039	0.51983	0.04700	0.02235	0.00973	0.00315	0.00514	0.22604	0.00687	0.00630
82	0.00953	0.00977	0.07405	0.01063	0.01260	0.00716	0.00851	0.01167	0.01506	0.01967	0.04727	0.49249	0.21306	0.02055	0.00906	0.00282	0.00480	0.01820	0.00654	0.00656
83	0.02773	0.03538	0.02104	0.01913	0.02295	0.70930	0.01434	0.02964	0.02104	0.01817	0.01148	0.01339	0.00956	0.00765	0.00669	0.00191	0.01339	0.00478	0.00383	0.00861
84	0.01289	0.00645	0.00967	0.00967	0.00967	0.00645	0.00645	0.00967	0.00967	0.01289	0.01289	0.02257	0.01289	0.02579	0.02901	0.78401	0.00645	0.00645	0.00322	0.00322
85	0.01408	0.03269	0.57256	0.01897	0.02823	0.01534	0.02364	0.02175	0.01666	0.02467	0.13859	0.02305	0.02065	0.00856	0.00737	0.00235	0.00959	0.00696	0.00407	0.01024
86	0.01187	0.00932	0.01265	0.10929	0.01931	0.00962	0.01178	0.01601	0.04854	0.02173	0.04300	0.06966	0.17613	0.01785	0.00942	0.00305	0.00655	0.39068	0.00640	0.00714
87	0.01489	0.03840	0.70064	0.02116	0.03213	0.01724	0.02743	0.02351	0.01567	0.02351	0.01332	0.01567	0.00940	0.00705	0.00705	0.00235	0.01097	0.00549	0.00313	0.01097
88	0.01042	0.00704	0.00821	0.00858	0.00867	0.00695	0.00501	0.01070	0.01153	0.01537	0.02715	0.19573	0.03173	0.58548	0.03171	0.00630	0.00658	0.01301	0.00501	0.00483
89	0.01868	0.01891	0.02630	0.03600	0.47545	0.11807	0.04362	0.02219	0.01670	0.02199	0.01493	0.02184	0.01350	0.10704	0.01147	0.00286	0.00941	0.00700	0.00381	0.01023
90	0.01628	0.01550	0.02634	0.37099	0.38376	0.01709	0.02174	0.02095	0.01591	0.02171	0.01359	0.01906	0.01086	0.00700	0.00738	0.00233	0.00934	0.00661	0.00349	0.01007
91	0.01120	0.00705	0.00840	0.00840	0.00840	0.00705	0.00487	0.01058	0.01058	0.01411	0.02137	0.04357	0.02427	0.60163	0.03609	0.15691	0.00705	0.00996	0.00425	0.00425
92	0.01454	0.00880	0.00963	0.00937	0.01134	0.00900	0.00697	0.10960	0.01798	0.02794	0.02809	0.22952	0.02675	0.01289	0.00675	0.00217	0.00439	0.01097	0.44581	0.00749
93	0.01539	0.01319	0.01539	0.01100	0.01759	0.00990	0.00880	0.01869	0.01539	0.02419	0.01319	0.01539	0.01100	0.00550	0.00550	0.00110	0.00550	0.00440	0.00440	0.78449
94	0.54087	0.01297	0.01075	0.00959	0.01356	0.01469	0.00777	0.06815	0.01500	0.03289	0.01436	0.01639	0.01113	0.00748	0.00495	0.00215	0.00535	0.00494	0.19892	0.00810
95	0.01080	0.00720	0.00810	0.00810	0.00810	0.00720	0.00450	0.01080	0.01080	0.01439	0.02339	0.04858	0.02699	0.73910	0.03779	0.00720	0.00720	0.01080	0.00450	0.00450
96	0.01736	0.01630	0.02722	0.10569	0.54516	0.01670	0.02118	0.02227	0.03883	0.02378	0.01684	0.02502	0.01488	0.00812	0.00764	0.00236	0.00864	0.06700	0.00407	0.01096
