[name]
unknown

[dist]
# distance from previous block
# <min> <max>
9	112

[block]
# block no. 0 follows, 25 sequences, length 32
# corresponding to MSA columns:
# 167-198
name=unknown_A
#
# <colnr> <probs for GDERKNQSTAVLIFYWHMCP>
#	G	D	E	R	K	N	Q	S	T	A	V	L	I	F	Y	W	H	M	C	P
0	0.02346	0.12713	0.02555	0.06356	0.06451	0.12753	0.08338	0.06197	0.05535	0.16625	0.10330	0.02463	0.02136	0.00911	0.00755	0.00227	0.00886	0.00763	0.00604	0.01056
1	0.02170	0.10821	0.02095	0.03608	0.07311	0.13254	0.01306	0.02684	0.11562	0.13262	0.02112	0.02625	0.01739	0.01630	0.07844	0.08714	0.00978	0.04764	0.00557	0.00963
2	0.01640	0.01134	0.01372	0.01494	0.07974	0.05324	0.00980	0.01878	0.01816	0.13625	0.15202	0.26105	0.10164	0.06336	0.01087	0.00297	0.00593	0.01429	0.00715	0.00835
3	0.31500	0.08730	0.08633	0.06306	0.09324	0.01925	0.01443	0.13059	0.01901	0.03232	0.06063	0.01848	0.01470	0.00815	0.00640	0.00233	0.00766	0.00600	0.00509	0.01003
4	0.02072	0.09229	0.18607	0.01750	0.02419	0.03661	0.01709	0.19733	0.13318	0.03150	0.01940	0.02315	0.01546	0.00940	0.00819	0.00236	0.03938	0.04525	0.00567	0.07526
5	0.02247	0.01647	0.01726	0.01427	0.01917	0.06017	0.01134	0.16291	0.18159	0.14081	0.07717	0.03154	0.10216	0.01090	0.00779	0.00230	0.00675	0.00881	0.00747	0.09867
6	0.01915	0.08261	0.01988	0.01627	0.06125	0.01581	0.04596	0.10932	0.12960	0.09120	0.02408	0.07734	0.02187	0.19524	0.05283	0.00426	0.00832	0.00940	0.00606	0.00955
7	0.02415	0.33586	0.07685	0.01603	0.02199	0.20634	0.01451	0.02897	0.08283	0.10145	0.01581	0.01648	0.01244	0.00780	0.00633	0.00199	0.00964	0.00539	0.00472	0.01042
8	0.01175	0.00973	0.01107	0.00964	0.01335	0.00789	0.00733	0.01437	0.01739	0.02360	0.13077	0.12311	0.30642	0.01498	0.00809	0.00216	0.00456	0.01272	0.00650	0.26457
9	0.02444	0.12002	0.09303	0.09226	0.05891	0.07691	0.05670	0.28305	0.02541	0.07168	0.01637	0.01802	0.01208	0.00821	0.00736	0.00227	0.00962	0.00648	0.00563	0.01154
10	0.01715	0.08759	0.02949	0.07336	0.11115	0.01805	0.21586	0.02546	0.15046	0.02590	0.09781	0.02925	0.06478	0.00942	0.00819	0.00246	0.00881	0.00916	0.00537	0.01026
11	0.01123	0.00770	0.00940	0.00940	0.00973	0.00803	0.00588	0.01188	0.01156	0.01573	0.02357	0.04595	0.02611	0.56935	0.19478	0.00869	0.01065	0.01057	0.00457	0.00522
12	0.11197	0.01649	0.02070	0.12695	0.10088	0.01776	0.01492	0.16801	0.11839	0.19368	0.02137	0.02176	0.01512	0.00880	0.00744	0.00244	0.00777	0.00711	0.00677	0.01169
13	0.02356	0.01601	0.01695	0.01366	0.01813	0.01742	0.01107	0.40313	0.02850	0.04101	0.02125	0.02267	0.01582	0.00920	0.00684	0.00212	0.00660	0.00708	0.30816	0.01084
14	0.01123	0.00770	0.00940	0.00940	0.00973	0.00803	0.00588	0.01188	0.01156	0.01573	0.02357	0.04595	0.02611	0.56935	0.19478	0.00869	0.01065	0.01057	0.00457	0.00522
15	0.01118	0.00790	0.01003	0.00978	0.01111	0.00750	0.00704	0.01384	0.01872	0.02609	0.44610	0.05845	0.05861	0.20880	0.01748	0.00391	0.00499	0.06450	0.00738	0.00659
16	0.01608	0.01378	0.01608	0.01148	0.01837	0.01034	0.00919	0.01952	0.01608	0.02527	0.01378	0.01608	0.01148	0.00574	0.00574	0.00115	0.00574	0.00459	0.00459	0.77491
17	0.01695	0.01613	0.02742	0.37376	0.37050	0.01783	0.02268	0.02183	0.01659	0.02261	0.01419	0.01992	0.01132	0.00732	0.00771	0.00244	0.00977	0.00690	0.00364	0.01047
18	0.01487	0.01128	0.01249	0.01195	0.01497	0.01162	0.00899	0.02426	0.26074	0.07252	0.04898	0.20706	0.23610	0.01659	0.00876	0.00273	0.00508	0.01424	0.00763	0.00912
19	0.01007	0.00759	0.00931	0.00952	0.01119	0.00683	0.00690	0.01264	0.01887	0.02529	0.34230	0.24218	0.23069	0.01916	0.00935	0.00268	0.00396	0.01683	0.00781	0.00683
20	0.01119	0.00911	0.01378	0.24515	0.02540	0.00997	0.01201	0.01382	0.01507	0.01980	0.03301	0.48685	0.03754	0.01874	0.00918	0.00296	0.00646	0.01696	0.00594	0.00708
21	0.01790	0.03102	0.35149	0.18680	0.10677	0.12771	0.02423	0.02439	0.01721	0.02261	0.01364	0.01731	0.01024	0.00751	0.00743	0.00240	0.01136	0.00601	0.00349	0.01048
22	0.07783	0.01092	0.01389	0.01170	0.01529	0.01030	0.00899	0.02555	0.01797	0.34259	0.09669	0.03498	0.02642	0.18457	0.08371	0.00461	0.00786	0.00909	0.00744	0.00958
23	0.01234	0.00851	0.01027	0.00981	0.01238	0.00793	0.00756	0.01473	0.01698	0.08676	0.09548	0.05684	0.39537	0.02882	0.19501	0.00525	0.00873	0.01319	0.00670	0.00736
24	0.02388	0.01399	0.01754	0.01443	0.01802	0.01514	0.01165	0.15354	0.02138	0.24100	0.06915	0.02746	0.02089	0.06073	0.05231	0.00342	0.13392	0.00810	0.08306	0.01042
25	0.10643	0.25612	0.10774	0.20392	0.07385	0.02255	0.01762	0.08510	0.01765	0.02483	0.01299	0.01620	0.01034	0.00737	0.00644	0.00220	0.00904	0.00554	0.00399	0.01007
26	0.01464	0.01458	0.06775	0.24460	0.18454	0.01420	0.01736	0.01907	0.01588	0.02226	0.02280	0.02786	0.07944	0.01701	0.11916	0.00403	0.01047	0.00802	0.08728	0.00906
27	0.01679	0.21077	0.02510	0.23961	0.07621	0.05166	0.01532	0.04960	0.01706	0.02119	0.02231	0.14187	0.06051	0.01108	0.00741	0.00237	0.00837	0.00927	0.00456	0.00895
28	0.19561	0.20865	0.08511	0.01129	0.01639	0.01678	0.01074	0.01849	0.01597	0.02384	0.03778	0.03735	0.27187	0.01196	0.00682	0.00229	0.00635	0.00913	0.00519	0.00839
29	0.12857	0.01604	0.02237	0.21584	0.07354	0.01662	0.07811	0.10668	0.01858	0.02824	0.01425	0.01791	0.01102	0.00716	0.00692	0.00212	0.00842	0.00612	0.00461	0.21688
30	0.01728	0.01729	0.01980	0.01935	0.08257	0.13339	0.05289	0.02241	0.09096	0.02288	0.08443	0.07548	0.02308	0.02047	0.14553	0.00445	0.10105	0.00885	0.00509	0.05275
31	0.07081	0.02022	0.06558	0.02626	0.23671	0.09455	0.01691	0.12127	0.03851	0.12906	0.02032	0.08920	0.01699	0.00968	0.00765	0.00240	0.00865	0.00815	0.00580	0.01129

[dist]
# distance from previous block
# <min> <max>
1	24

[block]
# block no. 1 follows, 25 sequences, length 12
# corresponding to MSA columns:
# 225-236
name=unknown_B
#
# <colnr> <probs for GDERKNQSTAVLIFYWHMCP>
#	G	D	E	R	K	N	Q	S	T	A	V	L	I	F	Y	W	H	M	C	P
0	0.01887	0.15206	0.01889	0.01188	0.01529	0.01582	0.00917	0.14561	0.01835	0.07425	0.02043	0.03286	0.01992	0.34401	0.02191	0.00456	0.00769	0.00835	0.00541	0.05468
1	0.02056	0.26323	0.05364	0.01703	0.06673	0.07060	0.01377	0.13244	0.06949	0.02635	0.01841	0.10231	0.01691	0.00960	0.00679	0.00208	0.00805	0.00753	0.00512	0.08936
2	0.01219	0.01018	0.01352	0.17811	0.02236	0.01080	0.01098	0.01764	0.09648	0.02427	0.19213	0.16302	0.18736	0.01557	0.00879	0.00266	0.00577	0.01358	0.00670	0.00788
3	0.08038	0.01413	0.01996	0.01591	0.02018	0.01434	0.12784	0.06790	0.05792	0.02761	0.13657	0.03662	0.15861	0.01189	0.00987	0.00245	0.07968	0.01002	0.00599	0.10212
4	0.00947	0.00787	0.00828	0.00818	0.01066	0.00668	0.00613	0.01172	0.01840	0.02266	0.17932	0.07180	0.57416	0.01900	0.00916	0.00259	0.00388	0.01597	0.00743	0.00668
5	0.01866	0.18674	0.27942	0.01939	0.02718	0.01919	0.12697	0.02405	0.01654	0.09014	0.01651	0.02148	0.01339	0.09494	0.01108	0.00291	0.01004	0.00684	0.00422	0.01030
6	0.02047	0.07890	0.14939	0.10113	0.21499	0.09001	0.07173	0.10848	0.04343	0.02675	0.01506	0.01819	0.01170	0.00759	0.00749	0.00232	0.01027	0.00654	0.00434	0.01120
7	0.10609	0.00834	0.00844	0.00829	0.00943	0.00863	0.00537	0.01475	0.01303	0.02168	0.02303	0.03943	0.02324	0.42037	0.02485	0.00515	0.00614	0.00918	0.23865	0.00592
8	0.01863	0.06657	0.02075	0.02013	0.12464	0.06640	0.01383	0.11828	0.13812	0.02656	0.02010	0.02412	0.01676	0.02654	0.25684	0.00597	0.01301	0.00743	0.00526	0.01007
9	0.23138	0.01367	0.01626	0.01285	0.01853	0.01297	0.01061	0.03384	0.01983	0.51363	0.02538	0.02276	0.01635	0.00897	0.00701	0.00240	0.00644	0.00685	0.00833	0.01193
10	0.02140	0.01139	0.01458	0.01202	0.01628	0.01026	0.00952	0.02633	0.07576	0.28036	0.29367	0.03832	0.04083	0.01178	0.00811	0.00228	0.00525	0.01005	0.00841	0.10341
11	0.01279	0.00994	0.01189	0.01119	0.01357	0.01009	0.00844	0.02061	0.17575	0.03024	0.45353	0.09509	0.08581	0.01529	0.00889	0.00254	0.00432	0.01338	0.00824	0.00841

[dist]
# distance from previous block
# <min> <max>
0	27

[block]
# block no. 2 follows, 25 sequences, length 17
# corresponding to MSA columns:
# 264-280
name=unknown_C
#
# <colnr> <probs for GDERKNQSTAVLIFYWHMCP>
#	G	D	E	R	K	N	Q	S	T	A	V	L	I	F	Y	W	H	M	C	P
0	0.01127	0.00798	0.01024	0.01013	0.01153	0.00761	0.00749	0.01407	0.01884	0.02616	0.42787	0.06069	0.05838	0.18262	0.01645	0.00379	0.00508	0.10568	0.00743	0.00668
1	0.01128	0.00752	0.00846	0.00846	0.00846	0.00752	0.00470	0.01128	0.01128	0.01503	0.02443	0.05074	0.02819	0.72751	0.03946	0.00752	0.00752	0.01128	0.00470	0.00470
2	0.01418	0.00728	0.00748	0.00743	0.00924	0.00723	0.00557	0.01779	0.01671	0.02908	0.07701	0.03122	0.02412	0.00958	0.00572	0.00186	0.00362	0.00777	0.70989	0.00723
3	0.02073	0.73217	0.04063	0.01327	0.01990	0.03068	0.01327	0.02322	0.01575	0.01824	0.01078	0.01244	0.00995	0.00663	0.00498	0.00166	0.00829	0.00415	0.00332	0.00995
4	0.03042	0.01223	0.01659	0.01305	0.01829	0.01065	0.01065	0.03354	0.02215	0.56468	0.14877	0.03217	0.02909	0.01074	0.00804	0.00241	0.00606	0.00894	0.00940	0.01212
5	0.02947	0.02172	0.02327	0.01784	0.02404	0.02404	0.01474	0.65329	0.03646	0.04887	0.01862	0.01862	0.01319	0.00931	0.00776	0.00233	0.00853	0.00698	0.00776	0.01319
6	0.78228	0.01499	0.01140	0.01020	0.01499	0.01739	0.00840	0.02279	0.01320	0.03479	0.01080	0.01260	0.00840	0.00720	0.00480	0.00240	0.00600	0.00420	0.00480	0.00840
7	0.01128	0.00752	0.00846	0.00846	0.00846	0.00752	0.00470	0.01128	0.01128	0.01503	0.02443	0.05074	0.02819	0.72751	0.03946	0.00752	0.00752	0.01128	0.00470	0.00470
8	0.02166	0.01784	0.01887	0.01626	0.02107	0.02040	0.01285	0.18392	0.51855	0.03627	0.02854	0.02652	0.02122	0.01024	0.00786	0.00256	0.00669	0.00835	0.00786	0.01249
9	0.03314	0.01776	0.01939	0.01528	0.02105	0.10466	0.01242	0.13786	0.02450	0.49162	0.02615	0.02346	0.01698	0.00934	0.00768	0.00233	0.00790	0.00729	0.00855	0.01263
10	0.00958	0.00685	0.00912	0.01071	0.01128	0.00639	0.00721	0.01113	0.01546	0.02078	0.09775	0.66463	0.05319	0.02356	0.00983	0.00309	0.00443	0.02134	0.00731	0.00639
11	0.02631	0.01509	0.01774	0.01488	0.01999	0.01571	0.01188	0.03965	0.37376	0.32795	0.03112	0.02778	0.02164	0.01010	0.00785	0.00253	0.00635	0.00833	0.00866	0.01269
12	0.01828	0.03541	0.56624	0.02069	0.03109	0.01720	0.02557	0.02711	0.04872	0.11219	0.01698	0.01831	0.01173	0.00781	0.00745	0.00246	0.01056	0.00615	0.00433	0.01173
13	0.03094	0.01500	0.02447	0.01820	0.02463	0.01331	0.16053	0.03477	0.02128	0.53070	0.02711	0.02511	0.01746	0.00888	0.00811	0.00245	0.00811	0.00811	0.00827	0.01256
14	0.00966	0.00706	0.00886	0.01007	0.01090	0.00651	0.00678	0.01114	0.01543	0.02028	0.08721	0.52040	0.14813	0.08421	0.01231	0.00340	0.00462	0.01971	0.00707	0.00626
15	0.02002	0.48089	0.21729	0.01629	0.02402	0.08511	0.01766	0.02426	0.01647	0.02005	0.01175	0.01366	0.00992	0.00695	0.00581	0.00191	0.00966	0.00466	0.00336	0.01028
16	0.01985	0.06461	0.02830	0.08998	0.41969	0.05719	0.02024	0.04903	0.12435	0.02608	0.01706	0.02016	0.01375	0.00769	0.00751	0.00232	0.00898	0.00693	0.00459	0.01169

[dist]
# distance from previous block
# <min> <max>
0	2

[block]
# block no. 3 follows, 25 sequences, length 48
# corresponding to MSA columns:
# 283-292,315-352
name=unknown_D
#
# <colnr> <probs for GDERKNQSTAVLIFYWHMCP>
#	G	D	E	R	K	N	Q	S	T	A	V	L	I	F	Y	W	H	M	C	P
0	0.01879	0.21719	0.03712	0.08720	0.19652	0.02250	0.21266	0.02322	0.01670	0.02223	0.01346	0.01780	0.01115	0.00730	0.00874	0.00233	0.06414	0.00682	0.00365	0.01047
1	0.01364	0.01147	0.01329	0.01059	0.01561	0.00894	0.00819	0.01652	0.01646	0.02389	0.05349	0.11804	0.15628	0.01129	0.00709	0.00175	0.00514	0.00954	0.00559	0.49319
2	0.02560	0.08745	0.16065	0.01993	0.02566	0.50862	0.01768	0.02908	0.02037	0.02008	0.01230	0.01436	0.00995	0.00776	0.00692	0.00207	0.01305	0.00508	0.00380	0.00957
3	0.57439	0.01449	0.01323	0.01120	0.01633	0.01573	0.00923	0.02696	0.01570	0.21549	0.01630	0.01643	0.01140	0.00786	0.00563	0.00240	0.00616	0.00520	0.00613	0.00973
4	0.03277	0.01365	0.01793	0.01405	0.01984	0.01242	0.01151	0.03823	0.10603	0.59948	0.03072	0.02672	0.01978	0.00972	0.00781	0.00243	0.00654	0.00792	0.00937	0.01308
5	0.02090	0.03262	0.50118	0.01979	0.02973	0.01617	0.02385	0.02823	0.01799	0.20810	0.01855	0.01916	0.01243	0.00799	0.00749	0.00244	0.01011	0.00630	0.00503	0.01194
6	0.01521	0.01348	0.01934	0.32083	0.08333	0.01563	0.01616	0.02420	0.19621	0.02374	0.02479	0.16827	0.02268	0.01188	0.00823	0.00269	0.00787	0.01055	0.00549	0.00943
7	0.00945	0.00675	0.00900	0.01080	0.01125	0.00630	0.00720	0.01080	0.01484	0.01979	0.04274	0.72245	0.05128	0.02429	0.00990	0.00315	0.00450	0.02204	0.00720	0.00630
8	0.78228	0.01499	0.01140	0.01020	0.01499	0.01739	0.00840	0.02279	0.01320	0.03479	0.01080	0.01260	0.00840	0.00720	0.00480	0.00240	0.00600	0.00420	0.00480	0.00840
9	0.09779	0.10557	0.10844	0.12419	0.11335	0.28152	0.01798	0.02591	0.01819	0.02212	0.01258	0.01564	0.01015	0.00751	0.00680	0.00218	0.01109	0.00544	0.00381	0.00972
10	0.01617	0.01040	0.01083	0.00968	0.01259	0.01055	0.00754	0.14742	0.02103	0.03130	0.06751	0.03872	0.17229	0.01186	0.00694	0.00213	0.00470	0.00961	0.40043	0.00830
11	0.00930	0.00732	0.00841	0.00928	0.01085	0.00643	0.00653	0.01097	0.01630	0.02039	0.06117	0.38903	0.37280	0.02190	0.00952	0.00288	0.00420	0.01912	0.00720	0.00643
12	0.02896	0.03695	0.02197	0.01998	0.02397	0.69638	0.01498	0.03096	0.02197	0.01898	0.01199	0.01398	0.00999	0.00799	0.00699	0.00200	0.01398	0.00499	0.00400	0.00899
13	0.02125	0.09989	0.07701	0.02631	0.16168	0.17935	0.14074	0.05885	0.01918	0.02429	0.01480	0.01818	0.01190	0.00766	0.00792	0.00223	0.03562	0.00654	0.07631	0.01028
14	0.01128	0.00752	0.00846	0.00846	0.00846	0.00752	0.00470	0.01128	0.01128	0.01503	0.02443	0.05074	0.02819	0.72751	0.03946	0.00752	0.00752	0.01128	0.00470	0.00470
15	0.01128	0.00752	0.00846	0.00846	0.00846	0.00752	0.00470	0.01128	0.01128	0.01503	0.02443	0.05074	0.02819	0.72751	0.03946	0.00752	0.00752	0.01128	0.00470	0.00470
16	0.02281	0.38516	0.03064	0.01553	0.02112	0.16575	0.01353	0.07680	0.15345	0.02369	0.01594	0.01665	0.01305	0.00793	0.00621	0.00198	0.00904	0.00550	0.00475	0.01048
17	0.01601	0.01401	0.01827	0.01936	0.16931	0.01208	0.01214	0.04931	0.01775	0.02552	0.02762	0.02905	0.14945	0.00906	0.00699	0.00178	0.00630	0.00768	0.00511	0.40320
18	0.00938	0.00700	0.00873	0.01012	0.01107	0.00635	0.00690	0.01087	0.01550	0.02006	0.05099	0.57313	0.19527	0.02322	0.00973	0.00303	0.00437	0.02073	0.00720	0.00635
19	0.00916	0.00785	0.00785	0.00785	0.01047	0.00655	0.00589	0.01113	0.01767	0.02095	0.07855	0.07462	0.67599	0.01964	0.00916	0.00262	0.00393	0.01636	0.00720	0.00655
20	0.01912	0.01744	0.03006	0.09918	0.25109	0.01771	0.19791	0.10466	0.01986	0.02823	0.01693	0.02119	0.01318	0.00751	0.00778	0.00235	0.00950	0.00760	0.11793	0.01077
21	0.00916	0.00785	0.00785	0.00785	0.01047	0.00655	0.00589	0.01113	0.01767	0.02095	0.07855	0.07462	0.67599	0.01964	0.00916	0.00262	0.00393	0.01636	0.00720	0.00655
22	0.00972	0.00788	0.00863	0.00844	0.01081	0.00678	0.00633	0.01220	0.01899	0.02406	0.26170	0.06949	0.49090	0.01847	0.00916	0.00256	0.00384	0.01564	0.00761	0.00678
23	0.02130	0.17117	0.02585	0.01819	0.02099	0.24694	0.01502	0.02333	0.01606	0.01863	0.01166	0.01601	0.01073	0.01348	0.06323	0.00322	0.28597	0.00575	0.00363	0.00884
24	0.01491	0.01216	0.01511	0.11592	0.02017	0.05226	0.01143	0.06500	0.01530	0.02102	0.01888	0.02872	0.01743	0.13397	0.26747	0.04237	0.06350	0.00797	0.06900	0.00742
25	0.01347	0.00673	0.01010	0.01010	0.01010	0.00673	0.00673	0.01010	0.01010	0.01347	0.01347	0.02357	0.01347	0.02694	0.03030	0.77441	0.00673	0.00673	0.00337	0.00337
26	0.78228	0.01499	0.01140	0.01020	0.01499	0.01739	0.00840	0.02279	0.01320	0.03479	0.01080	0.01260	0.00840	0.00720	0.00480	0.00240	0.00600	0.00420	0.00480	0.00840
27	0.78228	0.01499	0.01140	0.01020	0.01499	0.01739	0.00840	0.02279	0.01320	0.03479	0.01080	0.01260	0.00840	0.00720	0.00480	0.00240	0.00600	0.00420	0.00480	0.00840
28	0.02073	0.73217	0.04063	0.01327	0.01990	0.03068	0.01327	0.02322	0.01575	0.01824	0.01078	0.01244	0.00995	0.00663	0.00498	0.00166	0.00829	0.00415	0.00332	0.00995
29	0.00952	0.00787	0.00835	0.00823	0.01069	0.00670	0.00617	0.01181	0.01851	0.02293	0.19521	0.07135	0.55809	0.01890	0.00916	0.00258	0.00387	0.01591	0.00746	0.00670
30	0.01009	0.00815	0.00915	0.00964	0.01203	0.00721	0.00773	0.01250	0.01772	0.02157	0.06812	0.07819	0.50040	0.02013	0.00959	0.00288	0.00482	0.18618	0.00718	0.00671
31	0.01919	0.01842	0.03147	0.04759	0.67914	0.01842	0.02380	0.02380	0.01765	0.02533	0.01458	0.01919	0.01228	0.00691	0.00768	0.00230	0.00921	0.00691	0.00384	0.01228
32	0.01128	0.00752	0.00846	0.00846	0.00846	0.00752	0.00470	0.01128	0.01128	0.01503	0.02443	0.05074	0.02819	0.72751	0.03946	0.00752	0.00752	0.01128	0.00470	0.00470
33	0.03083	0.01955	0.02193	0.01681	0.02296	0.02082	0.01389	0.49657	0.03282	0.21071	0.02166	0.02060	0.01472	0.00938	0.00777	0.00235	0.00804	0.00719	0.00822	0.01319
34	0.78228	0.01499	0.01140	0.01020	0.01499	0.01739	0.00840	0.02279	0.01320	0.03479	0.01080	0.01260	0.00840	0.00720	0.00480	0.00240	0.00600	0.00420	0.00480	0.00840
35	0.02073	0.73217	0.04063	0.01327	0.01990	0.03068	0.01327	0.02322	0.01575	0.01824	0.01078	0.01244	0.00995	0.00663	0.00498	0.00166	0.00829	0.00415	0.00332	0.00995
36	0.03479	0.01320	0.01799	0.01380	0.01979	0.01140	0.01140	0.03779	0.02219	0.68451	0.03059	0.02639	0.01919	0.00960	0.00780	0.00240	0.00660	0.00780	0.00960	0.01320
37	0.01212	0.00824	0.01055	0.01038	0.01244	0.00754	0.00799	0.01523	0.02004	0.06538	0.39645	0.12862	0.16021	0.01766	0.00935	0.00268	0.00441	0.09523	0.00807	0.00741
38	0.01411	0.01061	0.01218	0.01243	0.01465	0.01138	0.00937	0.02340	0.24645	0.02616	0.03578	0.28753	0.03565	0.01661	0.00857	0.00280	0.00526	0.08925	0.12913	0.00867
39	0.01224	0.00829	0.01029	0.00958	0.01190	0.00742	0.00726	0.01543	0.02091	0.07545	0.48203	0.05977	0.21766	0.01633	0.00905	0.00248	0.00394	0.01415	0.00828	0.00755
40	0.01538	0.00899	0.01123	0.01005	0.01296	0.00794	0.00775	0.01842	0.02079	0.16309	0.37275	0.05615	0.23309	0.01563	0.00887	0.00248	0.00434	0.01340	0.00838	0.00831
41	0.01347	0.00673	0.01010	0.01010	0.01010	0.00673	0.00673	0.01010	0.01010	0.01347	0.01347	0.02357	0.01347	0.02694	0.03030	0.77441	0.00673	0.00673	0.00337	0.00337
42	0.05223	0.01323	0.01672	0.01433	0.06467	0.01105	0.03885	0.01852	0.01551	0.02392	0.01889	0.02480	0.04973	0.11681	0.01132	0.00241	0.00651	0.00660	0.00467	0.48924
43	0.06710	0.00923	0.01076	0.01033	0.01254	0.00899	0.00772	0.06278	0.02031	0.02883	0.35512	0.19191	0.15137	0.01706	0.00889	0.00260	0.00441	0.01480	0.00773	0.00751
44	0.02138	0.38893	0.03123	0.07398	0.02357	0.17179	0.01431	0.02504	0.05178	0.01974	0.01254	0.01489	0.01084	0.00768	0.00732	0.00196	0.05999	0.00503	0.00380	0.05421
45	0.04983	0.47684	0.09684	0.07493	0.06242	0.02608	0.01584	0.05261	0.01700	0.04702	0.01267	0.01472	0.01055	0.00707	0.00582	0.00194	0.00867	0.00496	0.00386	0.01033
46	0.08467	0.02824	0.28026	0.02191	0.10597	0.12053	0.01985	0.05652	0.05335	0.07644	0.01796	0.06821	0.01463	0.00904	0.00739	0.00241	0.00981	0.00718	0.00481	0.01081
47	0.04552	0.08562	0.11825	0.02091	0.10326	0.01936	0.03904	0.14929	0.08156	0.06418	0.01890	0.05398	0.01558	0.01414	0.07399	0.00341	0.06921	0.00757	0.00537	0.01087

[dist]
# distance from previous block
# <min> <max>
0	220

[block]
# block no. 4 follows, 25 sequences, length 75
# corresponding to MSA columns:
# 574-601,613-636,638-660
name=unknown_E
#
# <colnr> <probs for GDERKNQSTAVLIFYWHMCP>
#	G	D	E	R	K	N	Q	S	T	A	V	L	I	F	Y	W	H	M	C	P
0	0.02232	0.01440	0.01712	0.01616	0.06679	0.05979	0.01199	0.10413	0.02263	0.21297	0.19007	0.04015	0.03414	0.01231	0.00837	0.00246	0.00684	0.09742	0.00765	0.05230
1	0.01531	0.01491	0.06734	0.18188	0.12633	0.01428	0.07343	0.02025	0.07880	0.02160	0.05360	0.02779	0.01853	0.11423	0.01605	0.12586	0.00874	0.00820	0.00442	0.00843
2	0.01918	0.01799	0.02619	0.12087	0.16070	0.08389	0.12014	0.02422	0.05348	0.07287	0.09939	0.02481	0.02024	0.00955	0.01061	0.00256	0.11014	0.00813	0.00499	0.01005
3	0.02363	0.01360	0.02007	0.01580	0.02092	0.01257	0.11208	0.08799	0.02173	0.30207	0.07000	0.04051	0.15687	0.01228	0.00856	0.00255	0.00716	0.05314	0.00780	0.01068
4	0.01664	0.00973	0.01023	0.00926	0.01181	0.01006	0.00717	0.12447	0.02021	0.03248	0.08795	0.03003	0.02398	0.00975	0.00618	0.00196	0.00444	0.00785	0.56758	0.00824
5	0.01599	0.01116	0.01793	0.13657	0.05975	0.01114	0.07364	0.01910	0.01684	0.12645	0.03152	0.33709	0.03265	0.01622	0.00906	0.00287	0.00712	0.05991	0.00642	0.00859
6	0.00971	0.00698	0.00946	0.01108	0.01167	0.00672	0.00763	0.01128	0.01472	0.01974	0.04052	0.63218	0.04792	0.02751	0.07735	0.00408	0.00619	0.04197	0.00690	0.00639
7	0.03479	0.01320	0.01799	0.01380	0.01979	0.01140	0.01140	0.03779	0.02219	0.68451	0.03059	0.02639	0.01919	0.00960	0.00780	0.00240	0.00660	0.00780	0.00960	0.01320
8	0.01299	0.00759	0.00966	0.01024	0.01165	0.00709	0.00725	0.01524	0.01671	0.08497	0.11809	0.43627	0.04484	0.01883	0.00872	0.00272	0.00441	0.01677	0.15871	0.00725
9	0.21319	0.02098	0.12352	0.08267	0.18882	0.01834	0.19566	0.02362	0.01634	0.02706	0.01376	0.01770	0.01064	0.00701	0.00731	0.00246	0.00988	0.00667	0.00400	0.01037
10	0.01445	0.00723	0.00723	0.00723	0.00903	0.00723	0.00542	0.01807	0.01626	0.02891	0.02529	0.02891	0.01987	0.00903	0.00542	0.00181	0.00361	0.00723	0.77055	0.00723
11	0.01593	0.00865	0.00880	0.00827	0.01051	0.00888	0.00634	0.08055	0.01825	0.03087	0.02464	0.02789	0.01922	0.00906	0.00565	0.00186	0.00410	0.00720	0.69552	0.00781
12	0.01188	0.01367	0.11868	0.01351	0.01658	0.01023	0.01244	0.01545	0.01709	0.02305	0.12602	0.19752	0.15065	0.01819	0.01056	0.00298	0.05545	0.17191	0.00647	0.00767
13	0.02094	0.35038	0.18193	0.01689	0.02383	0.15386	0.01698	0.02728	0.09919	0.02162	0.01435	0.01572	0.01166	0.00755	0.00628	0.00203	0.00983	0.00525	0.00402	0.01040
14	0.00933	0.00719	0.00854	0.00962	0.01094	0.00640	0.00668	0.01093	0.01597	0.02025	0.05702	0.46410	0.30041	0.02244	0.00960	0.00294	0.00427	0.01978	0.00720	0.00640
15	0.01696	0.01696	0.02375	0.02036	0.02036	0.02375	0.01696	0.01866	0.01187	0.01866	0.01018	0.01696	0.01018	0.01357	0.02545	0.00339	0.71332	0.00679	0.00339	0.00848
16	0.01934	0.01746	0.03054	0.16943	0.29802	0.01797	0.15897	0.02605	0.08129	0.07712	0.01760	0.02139	0.01345	0.00756	0.00805	0.00247	0.00977	0.00765	0.00463	0.01123
17	0.01862	0.01709	0.01606	0.01492	0.01823	0.11921	0.01127	0.08704	0.29702	0.02858	0.07504	0.20504	0.03111	0.01391	0.00834	0.00262	0.00697	0.01178	0.00715	0.00998
18	0.00945	0.00675	0.00900	0.01080	0.01125	0.00630	0.00720	0.01080	0.01484	0.01979	0.04274	0.72245	0.05128	0.02429	0.00990	0.00315	0.00450	0.02204	0.00720	0.00630
19	0.02187	0.02513	0.02302	0.02020	0.02183	0.29870	0.01615	0.02369	0.01600	0.01879	0.01092	0.01574	0.01010	0.01129	0.01790	0.00282	0.42745	0.00605	0.00364	0.00869
20	0.15847	0.12142	0.15301	0.02733	0.25221	0.11682	0.01924	0.02471	0.01696	0.02503	0.01288	0.01579	0.01046	0.00717	0.00663	0.00222	0.00962	0.00554	0.00386	0.01063
21	0.01120	0.00783	0.01005	0.01005	0.01060	0.00838	0.00668	0.01230	0.01175	0.01621	0.02298	0.04269	0.02469	0.46170	0.30049	0.00948	0.01278	0.01010	0.00448	0.00558
22	0.01627	0.01323	0.01562	0.01141	0.01780	0.01010	0.00909	0.01972	0.01683	0.04891	0.07479	0.02026	0.01739	0.00680	0.00613	0.00131	0.00558	0.00557	0.00513	0.67807
23	0.02085	0.01682	0.01796	0.01581	0.02041	0.01918	0.01240	0.08365	0.58604	0.06938	0.03060	0.02807	0.02269	0.01038	0.00788	0.00260	0.00633	0.00859	0.00797	0.01239
24	0.28183	0.01788	0.01540	0.01239	0.01810	0.12176	0.00984	0.02247	0.01602	0.02754	0.01247	0.01455	0.01018	0.00660	0.00562	0.00171	0.00714	0.00452	0.00457	0.38941
25	0.01021	0.00775	0.00808	0.00802	0.01021	0.00680	0.00586	0.01236	0.01732	0.02240	0.12533	0.06498	0.47350	0.08389	0.01151	0.00295	0.00420	0.01450	0.10361	0.00654
26	0.01891	0.22465	0.35168	0.01800	0.02699	0.02006	0.03895	0.02486	0.01677	0.08440	0.01464	0.01632	0.01098	0.00716	0.00662	0.00209	0.00953	0.00546	0.00404	0.09789
27	0.45156	0.15065	0.01940	0.01325	0.01818	0.19343	0.01096	0.02496	0.01590	0.02774	0.01110	0.01292	0.00909	0.00730	0.00539	0.00216	0.00846	0.00439	0.00432	0.00883
28	0.01681	0.01787	0.07626	0.35265	0.34086	0.01784	0.02311	0.02200	0.01656	0.02271	0.01416	0.01967	0.01120	0.00733	0.00769	0.00244	0.00990	0.00681	0.00361	0.01052
29	0.01462	0.01210	0.01486	0.01375	0.01599	0.01408	0.01063	0.02390	0.24177	0.02527	0.14221	0.03484	0.03022	0.07829	0.20523	0.00580	0.09181	0.00955	0.00620	0.00888
30	0.00973	0.00687	0.00891	0.01044	0.01082	0.00648	0.00681	0.01087	0.01430	0.01906	0.03993	0.61964	0.04775	0.13192	0.01442	0.00382	0.00496	0.02039	0.00681	0.00605
31	0.02177	0.08764	0.02404	0.02374	0.18905	0.02009	0.01552	0.10309	0.31458	0.08279	0.02366	0.02347	0.01788	0.00901	0.00753	0.00240	0.00744	0.00756	0.00653	0.01222
32	0.01042	0.00746	0.01001	0.01120	0.01225	0.00706	0.00824	0.01278	0.01724	0.02333	0.20410	0.43121	0.05560	0.02158	0.00986	0.00305	0.00479	0.13556	0.00753	0.00672
33	0.01696	0.01696	0.02375	0.02036	0.02036	0.02375	0.01696	0.01866	0.01187	0.01866	0.01018	0.01696	0.01018	0.01357	0.02545	0.00339	0.71332	0.00679	0.00339	0.00848
34	0.00916	0.00785	0.00785	0.00785	0.01047	0.00655	0.00589	0.01113	0.01767	0.02095	0.07855	0.07462	0.67599	0.01964	0.00916	0.00262	0.00393	0.01636	0.00720	0.00655
35	0.59074	0.01517	0.01347	0.01142	0.01654	0.01680	0.00941	0.07223	0.01655	0.15383	0.01497	0.01555	0.01071	0.00779	0.00556	0.00239	0.00629	0.00506	0.00589	0.00962
36	0.01445	0.00881	0.01105	0.01012	0.01282	0.00785	0.00783	0.01757	0.02072	0.13457	0.39091	0.05830	0.21732	0.01603	0.00900	0.00253	0.00435	0.03938	0.00831	0.00807
37	0.53473	0.01589	0.01379	0.01216	0.01695	0.01834	0.00983	0.07142	0.18152	0.03517	0.01665	0.01719	0.01264	0.00819	0.00579	0.00245	0.00621	0.00556	0.00579	0.00972
38	0.01104	0.00781	0.01032	0.01046	0.01112	0.00841	0.00716	0.01240	0.01210	0.01676	0.02422	0.09483	0.02603	0.36804	0.33533	0.00941	0.01329	0.01078	0.00465	0.00583
39	0.78228	0.01499	0.01140	0.01020	0.01499	0.01739	0.00840	0.02279	0.01320	0.03479	0.01080	0.01260	0.00840	0.00720	0.00480	0.00240	0.00600	0.00420	0.00480	0.00840
40	0.01749	0.01899	0.08226	0.15426	0.37969	0.01746	0.10170	0.02261	0.01708	0.02406	0.01548	0.04401	0.01301	0.00759	0.00782	0.00237	0.00972	0.00750	0.00390	0.05301
41	0.01139	0.00867	0.01057	0.00996	0.01214	0.00822	0.00751	0.01634	0.07678	0.02952	0.52010	0.05820	0.16932	0.01602	0.00904	0.00249	0.00392	0.01396	0.00826	0.00762
42	0.02301	0.01923	0.02204	0.01806	0.02253	0.08598	0.07577	0.17258	0.21045	0.08380	0.02186	0.02261	0.01641	0.00980	0.00991	0.00251	0.09738	0.00758	0.06732	0.01117
43	0.00985	0.00777	0.00821	0.00816	0.01005	0.00686	0.00570	0.01144	0.01638	0.02024	0.11216	0.06718	0.46239	0.20035	0.01691	0.00386	0.00482	0.01488	0.00667	0.00613
44	0.00953	0.00697	0.00878	0.01018	0.01093	0.00642	0.00682	0.01088	0.01503	0.01964	0.04696	0.57612	0.14566	0.07256	0.01184	0.00337	0.00462	0.02042	0.00702	0.00622
45	0.01883	0.02140	0.04060	0.02984	0.03617	0.06741	0.50594	0.02428	0.01754	0.02345	0.01455	0.01980	0.01139	0.00775	0.01159	0.00270	0.12439	0.00849	0.00384	0.01004
46	0.01071	0.00782	0.01006	0.00970	0.01147	0.00717	0.00720	0.01405	0.02104	0.02940	0.57821	0.11447	0.11601	0.01683	0.00921	0.00251	0.00375	0.01486	0.00832	0.00717
47	0.78228	0.01499	0.01140	0.01020	0.01499	0.01739	0.00840	0.02279	0.01320	0.03479	0.01080	0.01260	0.00840	0.00720	0.00480	0.00240	0.00600	0.00420	0.00480	0.00840
48	0.58964	0.02061	0.01410	0.01270	0.01729	0.19102	0.01008	0.02488	0.01544	0.03074	0.01110	0.01295	0.00880	0.00740	0.00536	0.00230	0.00804	0.00440	0.00459	0.00855
49	0.01036	0.00819	0.00939	0.00938	0.01149	0.00746	0.00692	0.01388	0.05417	0.02473	0.26620	0.16955	0.34293	0.01863	0.00920	0.00264	0.00405	0.01608	0.00768	0.00707
50	0.01089	0.00778	0.01066	0.01245	0.01353	0.00754	0.00971	0.01330	0.01627	0.02141	0.04194	0.42121	0.04812	0.02293	0.01028	0.00335	0.00575	0.30901	0.00717	0.00670
51	0.02259	0.39601	0.13731	0.01685	0.02339	0.24527	0.01627	0.02595	0.01788	0.01948	0.01167	0.01357	0.00994	0.00719	0.00601	0.00190	0.01065	0.00467	0.00353	0.00988
52	0.01597	0.01519	0.02539	0.49181	0.21111	0.01799	0.02179	0.02075	0.01580	0.02114	0.01374	0.02003	0.01082	0.00794	0.00897	0.00257	0.05902	0.00689	0.00354	0.00954
53	0.01377	0.00854	0.01346	0.18879	0.02117	0.00942	0.01052	0.01258	0.01148	0.01509	0.01355	0.02283	0.01267	0.02203	0.02454	0.57705	0.00766	0.00677	0.00339	0.00471
54	0.01738	0.28417	0.45927	0.01898	0.02874	0.02248	0.02322	0.02408	0.01615	0.02233	0.01281	0.01498	0.00987	0.00711	0.00652	0.00217	0.01034	0.00517	0.00329	0.01093
55	0.01111	0.00815	0.01168	0.01165	0.01281	0.00922	0.00872	0.01342	0.01261	0.01797	0.04595	0.03506	0.02295	0.17456	0.55513	0.01121	0.01779	0.00904	0.00441	0.00655
56	0.01056	0.00773	0.00990	0.00973	0.01142	0.00708	0.00716	0.01368	0.02041	0.02832	0.51688	0.16412	0.12902	0.01755	0.00927	0.00257	0.00382	0.01551	0.00819	0.00708
57	0.01024	0.00761	0.00954	0.00966	0.01129	0.00691	0.00701	0.01298	0.01931	0.02626	0.39940	0.23104	0.18273	0.01873	0.00934	0.00265	0.00392	0.01652	0.00794	0.00691
58	0.14001	0.01623	0.01877	0.01460	0.02049	0.01637	0.01205	0.23591	0.02555	0.38473	0.02386	0.02189	0.01569	0.00916	0.00735	0.00238	0.00714	0.00702	0.00831	0.01251
59	0.78228	0.01499	0.01140	0.01020	0.01499	0.01739	0.00840	0.02279	0.01320	0.03479	0.01080	0.01260	0.00840	0.00720	0.00480	0.00240	0.00600	0.00420	0.00480	0.00840
60	0.02093	0.08564	0.02429	0.07603	0.24601	0.01601	0.01585	0.04637	0.01849	0.14639	0.02154	0.02319	0.05929	0.00818	0.00716	0.00207	0.00764	0.00700	0.00534	0.16256
61	0.01791	0.01372	0.01627	0.01171	0.01851	0.01044	0.00940	0.02132	0.01668	0.08998	0.01543	0.01709	0.01224	0.00612	0.00594	0.00127	0.00583	0.00491	0.00508	0.70013
62	0.01009	0.00714	0.00934	0.01075	0.01134	0.00679	0.00737	0.01159	0.01502	0.02007	0.07466	0.52753	0.04853	0.12416	0.01417	0.00378	0.00514	0.07944	0.00691	0.00621
63	0.01524	0.03383	0.53785	0.06838	0.03205	0.01697	0.02516	0.02416	0.05247	0.02530	0.07977	0.02144	0.01684	0.00840	0.00760	0.00247	0.01032	0.00679	0.00406	0.01090
64	0.01624	0.03556	0.54054	0.02561	0.08246	0.01828	0.12354	0.02454	0.01676	0.02466	0.01424	0.01727	0.01030	0.00721	0.00766	0.00247	0.01154	0.00634	0.00341	0.01137
65	0.00916	0.00785	0.00785	0.00785	0.01047	0.00655	0.00589	0.01113	0.01767	0.02095	0.07855	0.07462	0.67599	0.01964	0.00916	0.00262	0.00393	0.01636	0.00720	0.00655
66	0.16741	0.01709	0.01976	0.01715	0.06936	0.01772	0.01302	0.26340	0.02554	0.28078	0.02135	0.02045	0.01448	0.00885	0.00723	0.00237	0.00740	0.00677	0.00761	0.01225
67	0.01387	0.01041	0.01471	0.01473	0.07958	0.00938	0.05640	0.01703	0.01940	0.08989	0.23622	0.05560	0.32184	0.01533	0.00888	0.00251	0.00531	0.01338	0.00725	0.00828
68	0.10792	0.01400	0.01774	0.01374	0.01964	0.01292	0.01135	0.08192	0.02236	0.57350	0.02776	0.02446	0.01769	0.00934	0.00750	0.00239	0.00668	0.00738	0.00899	0.01272
69	0.01555	0.04011	0.68733	0.02210	0.03356	0.01801	0.02865	0.02455	0.01637	0.02455	0.01391	0.01637	0.00982	0.00737	0.00737	0.00246	0.01146	0.00573	0.00327	0.01146
70	0.01950	0.01581	0.01792	0.01311	0.01982	0.01384	0.01061	0.18158	0.02129	0.03130	0.01502	0.01673	0.01192	0.00665	0.00626	0.00145	0.00646	0.00520	0.00540	0.58013
71	0.00945	0.00675	0.00900	0.01080	0.01125	0.00630	0.00720	0.01080	0.01484	0.01979	0.04274	0.72245	0.05128	0.02429	0.00990	0.00315	0.00450	0.02204	0.00720	0.00630
72	0.03479	0.01320	0.01799	0.01380	0.01979	0.01140	0.01140	0.03779	0.02219	0.68451	0.03059	0.02639	0.01919	0.00960	0.00780	0.00240	0.00660	0.00780	0.00960	0.01320
73	0.11820	0.01995	0.07005	0.08388	0.23234	0.01997	0.01809	0.21833	0.08615	0.03393	0.01690	0.01906	0.01285	0.00814	0.00734	0.00239	0.00854	0.00669	0.00549	0.01170
74	0.02593	0.09418	0.02387	0.07248	0.02542	0.19530	0.01486	0.29927	0.11408	0.03369	0.01752	0.01838	0.01324	0.00875	0.00730	0.00224	0.00972	0.00643	0.00603	0.01131

[dist]
# distance from previous block
# <min> <max>
0	19

[block]
# block no. 5 follows, 25 sequences, length 22
# corresponding to MSA columns:
# 680-701
name=unknown_F
#
# <colnr> <probs for GDERKNQSTAVLIFYWHMCP>
#	G	D	E	R	K	N	Q	S	T	A	V	L	I	F	Y	W	H	M	C	P
0	0.67871	0.01491	0.01292	0.01327	0.07191	0.01698	0.00958	0.02265	0.01373	0.03368	0.01184	0.01397	0.00930	0.00726	0.00508	0.00236	0.00616	0.00458	0.04246	0.00867
1	0.01637	0.09925	0.54549	0.02270	0.03326	0.01935	0.10898	0.02447	0.01657	0.02403	0.01387	0.01662	0.01009	0.00719	0.00739	0.00241	0.01139	0.00604	0.00336	0.01119
2	0.02037	0.01719	0.01814	0.01600	0.02058	0.01979	0.01253	0.10636	0.59821	0.03418	0.03018	0.02783	0.02255	0.01039	0.00788	0.00260	0.00639	0.00858	0.00788	0.01237
3	0.01097	0.00793	0.01036	0.00975	0.01158	0.00732	0.00732	0.01463	0.02195	0.03109	0.67505	0.05792	0.07316	0.01585	0.00914	0.00244	0.00366	0.01402	0.00854	0.00732
4	0.01016	0.00792	0.00931	0.00952	0.01160	0.00706	0.00729	0.01278	0.01872	0.02417	0.24858	0.12901	0.35856	0.01915	0.00942	0.00274	0.00431	0.09528	0.00759	0.00683
5	0.02947	0.02172	0.02327	0.01784	0.02404	0.02404	0.01474	0.65329	0.03646	0.04887	0.01862	0.01862	0.01319	0.00931	0.00776	0.00233	0.00853	0.00698	0.00776	0.01319
6	0.01693	0.01398	0.01994	0.10460	0.02467	0.01288	0.07080	0.02067	0.01599	0.07038	0.01573	0.01951	0.01272	0.01266	0.08474	0.00295	0.05036	0.00608	0.00462	0.41980
7	0.02435	0.02355	0.13901	0.09192	0.02842	0.02175	0.01763	0.40949	0.09869	0.03974	0.01868	0.01956	0.01343	0.00893	0.00770	0.00241	0.00898	0.00695	0.00653	0.01230
8	0.01107	0.00794	0.01000	0.00983	0.01131	0.00748	0.00720	0.01380	0.01887	0.02601	0.42205	0.06074	0.10330	0.17189	0.01593	0.00368	0.00490	0.07987	0.00745	0.00667
9	0.01604	0.00929	0.01302	0.01225	0.01439	0.00961	0.00938	0.01852	0.01566	0.16088	0.08449	0.14180	0.02938	0.07579	0.32272	0.00740	0.03408	0.01100	0.00619	0.00811
10	0.02122	0.09218	0.25804	0.02423	0.16684	0.01844	0.02041	0.10761	0.01989	0.12572	0.01801	0.03917	0.01393	0.03054	0.00839	0.00250	0.00925	0.00693	0.00509	0.01163
11	0.01874	0.01279	0.01504	0.01562	0.08572	0.05768	0.01065	0.02338	0.07679	0.16537	0.14744	0.09797	0.12802	0.01517	0.03772	0.00287	0.00665	0.01116	0.06179	0.00942
12	0.01238	0.00817	0.01076	0.01147	0.01320	0.00763	0.00887	0.01499	0.01790	0.07052	0.16716	0.29309	0.12103	0.02029	0.00975	0.00302	0.00517	0.18974	0.00761	0.00725
13	0.17167	0.01881	0.09455	0.08540	0.16853	0.01778	0.06805	0.05513	0.01720	0.09594	0.01565	0.01876	0.01191	0.00827	0.00903	0.00250	0.08481	0.00652	0.03905	0.01045
14	0.18483	0.10381	0.06291	0.02159	0.14732	0.05483	0.01561	0.21415	0.06849	0.03373	0.01559	0.01710	0.01201	0.00800	0.00674	0.00227	0.00837	0.00600	0.00542	0.01125
15	0.01967	0.04904	0.07066	0.02447	0.19222	0.04730	0.01682	0.07919	0.03906	0.07490	0.11089	0.02468	0.02142	0.01026	0.01142	0.00253	0.15688	0.00776	0.03037	0.01045
16	0.01830	0.00956	0.01210	0.01068	0.01399	0.00838	0.00828	0.02106	0.02020	0.24568	0.23813	0.11339	0.21787	0.01558	0.00877	0.00254	0.00479	0.01332	0.00840	0.00898
17	0.01828	0.18331	0.15644	0.01749	0.06700	0.04798	0.01555	0.10928	0.05150	0.02644	0.06060	0.11635	0.04937	0.01097	0.00736	0.00231	0.00803	0.00892	0.03278	0.01005
18	0.08031	0.00839	0.01024	0.01006	0.01191	0.00804	0.00739	0.01475	0.01835	0.05028	0.36042	0.19209	0.09709	0.01786	0.01069	0.06909	0.00443	0.01416	0.00742	0.00701
19	0.08597	0.14113	0.28093	0.02558	0.17007	0.02030	0.07205	0.02523	0.06274	0.02521	0.01468	0.01728	0.01140	0.00729	0.00700	0.00231	0.00972	0.00609	0.00392	0.01110
20	0.08539	0.02226	0.20514	0.01822	0.08367	0.01504	0.01636	0.05896	0.04630	0.02760	0.01470	0.01686	0.01146	0.00685	0.00650	0.00187	0.00786	0.00541	0.00450	0.34503
21	0.01317	0.01021	0.01195	0.07044	0.01640	0.01058	0.00899	0.02052	0.15974	0.02760	0.23466	0.04818	0.19720	0.01391	0.00820	0.00244	0.00483	0.01183	0.12082	0.00831

[dist]
# distance from previous block
# <min> <max>
19	84

[block]
# block no. 6 follows, 25 sequences, length 56
# corresponding to MSA columns:
# 900-928,930-956
name=unknown_G
#
# <colnr> <probs for GDERKNQSTAVLIFYWHMCP>
#	G	D	E	R	K	N	Q	S	T	A	V	L	I	F	Y	W	H	M	C	P
0	0.01994	0.12380	0.01963	0.01257	0.01828	0.01353	0.01060	0.02309	0.01710	0.16176	0.01973	0.02484	0.01631	0.01313	0.07472	0.00280	0.00791	0.05556	0.00561	0.35910
1	0.01732	0.14392	0.02001	0.01267	0.01815	0.08093	0.01042	0.02183	0.07233	0.02302	0.02219	0.02377	0.08542	0.01183	0.05607	0.00243	0.00792	0.00647	0.00484	0.35846
2	0.01480	0.08163	0.01670	0.01136	0.01647	0.01147	0.00916	0.01803	0.01684	0.02486	0.14476	0.06057	0.02603	0.01295	0.06206	0.00246	0.00673	0.00757	0.00534	0.45022
3	0.07728	0.08682	0.01863	0.01843	0.11331	0.10231	0.01220	0.01821	0.01589	0.02145	0.02603	0.33796	0.02905	0.01555	0.00963	0.00269	0.06789	0.01306	0.00538	0.00825
4	0.02312	0.02535	0.31617	0.02080	0.08968	0.01484	0.02034	0.02899	0.01885	0.27974	0.02238	0.02564	0.01619	0.00920	0.00780	0.00250	0.00905	0.05140	0.00605	0.01190
5	0.02250	0.07668	0.02292	0.02048	0.11963	0.08511	0.01441	0.19554	0.14012	0.04956	0.01898	0.02039	0.01479	0.01191	0.05686	0.00288	0.00919	0.00670	0.00587	0.10547
6	0.04906	0.01231	0.04351	0.01025	0.01325	0.05787	0.00798	0.01461	0.01607	0.02082	0.04747	0.10601	0.32078	0.15497	0.01435	0.00341	0.00605	0.01274	0.00591	0.08257
7	0.01652	0.22447	0.13319	0.05513	0.02247	0.01979	0.01514	0.02195	0.07849	0.02179	0.02172	0.09070	0.06352	0.01070	0.00934	0.00233	0.09997	0.00805	0.00455	0.08014
8	0.01294	0.00825	0.01025	0.01004	0.01186	0.00758	0.00731	0.01517	0.01776	0.08843	0.23720	0.15810	0.16140	0.15668	0.01517	0.00365	0.00513	0.05865	0.00735	0.00708
9	0.01723	0.07476	0.14251	0.07278	0.04461	0.01724	0.03215	0.07883	0.01718	0.02518	0.01518	0.01908	0.01235	0.01190	0.05912	0.00293	0.11282	0.00620	0.07861	0.15933
10	0.02014	0.17890	0.09019	0.01834	0.08488	0.06781	0.01498	0.05608	0.07019	0.07531	0.02098	0.02453	0.05245	0.00930	0.00803	0.00218	0.04875	0.03872	0.00509	0.11317
11	0.02068	0.27801	0.18885	0.06749	0.02661	0.08973	0.01829	0.11049	0.01896	0.02421	0.01289	0.01542	0.01042	0.00808	0.00835	0.00221	0.07943	0.00546	0.00400	0.01042
12	0.01952	0.29948	0.02506	0.01288	0.01683	0.02061	0.01093	0.11052	0.01758	0.05706	0.01738	0.02563	0.01637	0.20104	0.01643	0.00351	0.06440	0.00704	0.04883	0.00890
13	0.06737	0.07863	0.01247	0.00954	0.01214	0.01008	0.00748	0.01544	0.01886	0.02714	0.33828	0.08903	0.18101	0.01493	0.00811	0.00238	0.00438	0.01263	0.08268	0.00742
14	0.01750	0.28073	0.02388	0.01299	0.01725	0.03694	0.01089	0.05804	0.10592	0.02245	0.02138	0.13033	0.02103	0.08494	0.05966	0.00339	0.00819	0.00878	0.00512	0.07058
15	0.01062	0.01336	0.14150	0.01277	0.01555	0.00861	0.01129	0.01351	0.01537	0.02082	0.03998	0.53239	0.09337	0.02061	0.00934	0.00297	0.00581	0.01840	0.00643	0.00733
16	0.00995	0.00696	0.00885	0.01015	0.01048	0.00663	0.00651	0.01093	0.01386	0.01848	0.03769	0.53719	0.04491	0.21824	0.01805	0.00435	0.00533	0.01907	0.00651	0.00586
17	0.07840	0.01619	0.02691	0.34129	0.31110	0.01786	0.05414	0.02198	0.01636	0.02358	0.01398	0.01942	0.01107	0.00729	0.00756	0.00245	0.00966	0.00680	0.00374	0.01022
18	0.01834	0.01617	0.02294	0.38897	0.03880	0.01999	0.01864	0.14524	0.06570	0.02619	0.01530	0.02014	0.01182	0.00939	0.01122	0.00270	0.14709	0.00702	0.00460	0.00975
19	0.01116	0.00798	0.01079	0.01079	0.01159	0.00878	0.00761	0.01277	0.01197	0.01676	0.02230	0.03893	0.02306	0.33783	0.42213	0.01040	0.01523	0.00955	0.00438	0.00599
20	0.01021	0.00815	0.00932	0.00976	0.01210	0.00726	0.00781	0.01274	0.01803	0.02230	0.11118	0.07696	0.45843	0.01986	0.00959	0.00287	0.00479	0.18460	0.00728	0.00676
21	0.01608	0.01378	0.01608	0.01148	0.01837	0.01034	0.00919	0.01952	0.01608	0.02527	0.01378	0.01608	0.01148	0.00574	0.00574	0.00115	0.00574	0.00459	0.00459	0.77491
22	0.01987	0.21083	0.07792	0.01418	0.02111	0.05773	0.01294	0.10903	0.01917	0.02622	0.01355	0.01536	0.01109	0.00673	0.00602	0.00160	0.00774	0.00492	0.00455	0.35946
23	0.01746	0.01116	0.01378	0.01170	0.01570	0.01037	0.00928	0.06632	0.01821	0.15151	0.03668	0.03792	0.19335	0.02493	0.19780	0.00499	0.00977	0.00957	0.00637	0.15313
24	0.01037	0.00790	0.00953	0.00912	0.01121	0.00706	0.00684	0.01346	0.02052	0.02771	0.47619	0.06349	0.27413	0.01711	0.00915	0.00250	0.00375	0.01480	0.00809	0.00706
25	0.01117	0.00794	0.01061	0.01061	0.01135	0.00868	0.00738	0.01265	0.01191	0.01663	0.02247	0.03986	0.02346	0.36831	0.39220	0.01017	0.01463	0.00968	0.00441	0.00589
26	0.01879	0.01929	0.02325	0.34883	0.15516	0.15938	0.01898	0.05503	0.01828	0.02214	0.01629	0.07925	0.01428	0.00915	0.00776	0.00245	0.01030	0.00780	0.00418	0.00939
27	0.01610	0.01443	0.02383	0.40192	0.25124	0.01631	0.02016	0.02088	0.01630	0.02280	0.01555	0.02127	0.01222	0.00764	0.00742	0.00239	0.00909	0.00694	0.10387	0.00963
