[name]
unknown

[dist]
# distance from previous block
# <min> <max>
12	405

[block]
# block no. 0 follows, 22 sequences, length 27
# corresponding to MSA columns:
# 479-505
name=unknown_A
#
# <colnr> <probs for GDERKNQSTAVLIFYWHMCP>
#	G	D	E	R	K	N	Q	S	T	A	V	L	I	F	Y	W	H	M	C	P
0	0.05902	0.02222	0.10554	0.04368	0.02529	0.07366	0.03918	0.19961	0.05404	0.11979	0.10092	0.02693	0.02296	0.01381	0.05310	0.00328	0.01000	0.00833	0.00698	0.01167
1	0.02167	0.07368	0.02325	0.14258	0.06036	0.17154	0.01578	0.05366	0.06831	0.04686	0.04369	0.02519	0.03923	0.04871	0.01148	0.00277	0.07267	0.00761	0.00517	0.06579
2	0.02077	0.04584	0.02052	0.07947	0.09575	0.15265	0.01418	0.05682	0.02012	0.05873	0.05290	0.03540	0.05405	0.10288	0.01268	0.00315	0.00938	0.06251	0.00561	0.09660
3	0.01926	0.01634	0.02503	0.28085	0.22131	0.01764	0.01990	0.08920	0.02074	0.05493	0.06808	0.02746	0.05056	0.00952	0.00838	0.00256	0.00922	0.00843	0.00528	0.04532
4	0.08722	0.01714	0.02188	0.02562	0.23280	0.04907	0.01531	0.02259	0.01773	0.02717	0.02040	0.02346	0.06106	0.00861	0.00822	0.00210	0.04446	0.00698	0.04700	0.26118
5	0.06197	0.01870	0.02998	0.12933	0.48320	0.01959	0.02311	0.02658	0.07544	0.02763	0.01695	0.02133	0.01377	0.00789	0.00808	0.00254	0.00953	0.00742	0.00451	0.01241
6	0.02323	0.02130	0.02074	0.01734	0.02118	0.16782	0.05763	0.21595	0.02401	0.02970	0.02016	0.03045	0.01863	0.22798	0.06350	0.00488	0.01139	0.00868	0.00581	0.00963
7	0.02349	0.01593	0.01976	0.01953	0.10028	0.01634	0.01353	0.22774	0.05162	0.13487	0.07818	0.15856	0.07551	0.01413	0.00897	0.00271	0.00723	0.01204	0.00800	0.01158
8	0.01208	0.00805	0.00906	0.00906	0.00906	0.00805	0.00503	0.01208	0.01208	0.01611	0.02618	0.05436	0.03020	0.70804	0.04228	0.00805	0.00805	0.01208	0.00503	0.00503
9	0.02463	0.02080	0.02005	0.02059	0.09565	0.19495	0.01430	0.07323	0.04634	0.14626	0.06184	0.13722	0.02780	0.01350	0.00882	0.00269	0.00923	0.06448	0.00698	0.01064
10	0.01923	0.05096	0.01982	0.07717	0.02238	0.01336	0.06065	0.02248	0.01815	0.16560	0.07113	0.14092	0.03016	0.05737	0.11033	0.00472	0.03994	0.05947	0.00670	0.00946
11	0.01368	0.00845	0.01157	0.01252	0.01393	0.00812	0.00911	0.01575	0.01672	0.09241	0.04087	0.47784	0.04568	0.02909	0.10371	0.00473	0.00778	0.07277	0.00753	0.00774
12	0.02118	0.10492	0.15232	0.09693	0.02916	0.04815	0.07358	0.02615	0.01906	0.14343	0.08831	0.02598	0.02094	0.01373	0.05960	0.00339	0.04871	0.00804	0.00560	0.01082
13	0.10479	0.15734	0.14128	0.01999	0.08190	0.02253	0.01734	0.17548	0.06955	0.03288	0.02081	0.02230	0.04880	0.01157	0.03664	0.00290	0.00953	0.00708	0.00560	0.01170
14	0.02625	0.13057	0.02511	0.01729	0.02215	0.07166	0.01433	0.25450	0.02604	0.11416	0.02201	0.11002	0.01915	0.01215	0.01045	0.00262	0.09401	0.00906	0.00684	0.01163
15	0.02306	0.19796	0.10416	0.01790	0.02493	0.02300	0.06105	0.23373	0.02515	0.03402	0.04198	0.04429	0.01676	0.00926	0.00746	0.00225	0.00896	0.00736	0.03634	0.08037
16	0.08449	0.38478	0.07573	0.01517	0.02179	0.05119	0.01446	0.10034	0.02080	0.07170	0.07310	0.02003	0.01785	0.00875	0.00657	0.00214	0.00860	0.00622	0.00528	0.01101
17	0.17779	0.21147	0.12456	0.01662	0.02380	0.02485	0.01603	0.20393	0.07013	0.03503	0.01622	0.01729	0.01243	0.00851	0.00679	0.00236	0.00880	0.00598	0.00564	0.01177
18	0.02367	0.20242	0.17753	0.01766	0.02527	0.02342	0.01775	0.23818	0.02568	0.06346	0.05626	0.02367	0.05059	0.00976	0.00762	0.00237	0.00915	0.00739	0.00608	0.01207
19	0.04865	0.16148	0.09742	0.01624	0.02211	0.04958	0.03589	0.09259	0.07441	0.11210	0.13847	0.06573	0.02859	0.01124	0.00798	0.00247	0.00810	0.00916	0.00674	0.01106
20	0.05065	0.14181	0.09131	0.01706	0.02284	0.02221	0.01537	0.19711	0.09816	0.03291	0.02093	0.09436	0.01837	0.01122	0.00947	0.00253	0.07104	0.00849	0.00613	0.06804
21	0.02492	0.07509	0.08538	0.01950	0.02649	0.02262	0.07306	0.32017	0.09955	0.03923	0.01976	0.02102	0.01480	0.01137	0.03724	0.00288	0.00986	0.00739	0.00665	0.08301
22	0.02451	0.06513	0.17387	0.01848	0.02597	0.05599	0.01781	0.27061	0.05266	0.06418	0.06632	0.02248	0.01833	0.00949	0.00792	0.00238	0.00932	0.00733	0.00654	0.08068
23	0.05192	0.19987	0.08669	0.02089	0.08289	0.02455	0.04350	0.26474	0.02630	0.05767	0.02027	0.02135	0.04564	0.00919	0.00753	0.00235	0.00921	0.00712	0.00603	0.01231
24	0.05048	0.15393	0.13276	0.02016	0.02678	0.12310	0.09465	0.11515	0.04339	0.02791	0.01744	0.02230	0.01442	0.01473	0.08112	0.00363	0.01232	0.02990	0.00494	0.01090
25	0.02164	0.11618	0.13034	0.02174	0.05188	0.02069	0.13595	0.15148	0.04719	0.05471	0.08733	0.02431	0.02034	0.00910	0.00813	0.00240	0.00959	0.00804	0.00584	0.07311
26	0.02476	0.19572	0.09894	0.02082	0.02819	0.05886	0.15193	0.12740	0.02275	0.12560	0.02150	0.02268	0.04618	0.00892	0.00790	0.00241	0.01024	0.00763	0.00576	0.01181

[dist]
# distance from previous block
# <min> <max>
29	167

[block]
# block no. 1 follows, 22 sequences, length 7
# corresponding to MSA columns:
# 713-719
name=unknown_B
#
# <colnr> <probs for GDERKNQSTAVLIFYWHMCP>
#	G	D	E	R	K	N	Q	S	T	A	V	L	I	F	Y	W	H	M	C	P
0	0.05354	0.08442	0.24959	0.01966	0.05892	0.01790	0.01918	0.02533	0.06305	0.07531	0.02110	0.10242	0.01850	0.01343	0.04200	0.00314	0.05627	0.00864	0.00517	0.06243
1	0.06013	0.07161	0.02323	0.08621	0.02552	0.05874	0.08482	0.14007	0.02281	0.03081	0.10556	0.08080	0.08933	0.01190	0.00836	0.00249	0.00838	0.01017	0.00627	0.07279
2	0.02472	0.08746	0.07776	0.01809	0.02437	0.01952	0.07980	0.20826	0.06484	0.14038	0.07466	0.02973	0.05579	0.04502	0.01004	0.00280	0.00865	0.00896	0.00722	0.01193
3	0.12589	0.10897	0.08589	0.05412	0.02515	0.10660	0.08033	0.08729	0.02007	0.02764	0.02431	0.13425	0.06245	0.01190	0.00798	0.00259	0.00939	0.00985	0.00543	0.00990
4	0.02054	0.06397	0.01985	0.01679	0.05880	0.06393	0.01238	0.11899	0.02143	0.07139	0.07421	0.08881	0.05826	0.04768	0.01233	0.04650	0.04454	0.03301	0.00633	0.12028
5	0.02404	0.01633	0.01922	0.01589	0.02026	0.01755	0.01266	0.20656	0.11009	0.14219	0.10077	0.07595	0.02769	0.05011	0.01230	0.00297	0.07611	0.00998	0.00789	0.05143
6	0.06815	0.01762	0.12849	0.01868	0.08306	0.01398	0.04319	0.02169	0.01726	0.07584	0.05623	0.06711	0.05599	0.06626	0.05898	0.00378	0.05585	0.00947	0.12880	0.00959

[dist]
# distance from previous block
# <min> <max>
0	3

[block]
# block no. 2 follows, 22 sequences, length 9
# corresponding to MSA columns:
# 723-731
name=unknown_C
#
# <colnr> <probs for GDERKNQSTAVLIFYWHMCP>
#	G	D	E	R	K	N	Q	S	T	A	V	L	I	F	Y	W	H	M	C	P
0	0.09288	0.10014	0.05515	0.08690	0.09067	0.14891	0.01567	0.02711	0.01924	0.13719	0.02239	0.06147	0.04503	0.01314	0.04655	0.00309	0.01038	0.00796	0.00559	0.01054
1	0.01923	0.01667	0.02349	0.05762	0.17378	0.01927	0.01719	0.12335	0.04847	0.02858	0.05375	0.06428	0.02041	0.01957	0.11280	0.00447	0.17194	0.00906	0.00542	0.01065
2	0.05992	0.08317	0.02077	0.10964	0.11141	0.01716	0.01360	0.05179	0.12770	0.02522	0.02310	0.07162	0.02193	0.20830	0.01763	0.00415	0.00830	0.00959	0.00550	0.00950
3	0.01823	0.05522	0.04737	0.01410	0.01719	0.04326	0.01159	0.05383	0.01802	0.10257	0.02752	0.18566	0.02638	0.02645	0.17200	0.00530	0.05062	0.01142	0.10415	0.00912
4	0.01789	0.01082	0.01114	0.01002	0.01297	0.01113	0.00780	0.13600	0.02178	0.03405	0.03274	0.03487	0.09759	0.01113	0.00678	0.00215	0.00493	0.00890	0.51842	0.00889
5	0.01542	0.01111	0.01317	0.01304	0.01492	0.01139	0.00929	0.15712	0.02090	0.02793	0.03728	0.46190	0.04228	0.10612	0.01396	0.00374	0.00624	0.01839	0.00752	0.00828
6	0.02028	0.01662	0.02153	0.13080	0.12150	0.01740	0.01559	0.09363	0.18207	0.05922	0.02473	0.02733	0.04435	0.04221	0.00960	0.00267	0.00800	0.00817	0.00625	0.14805
7	0.01231	0.00993	0.01457	0.01452	0.01693	0.00933	0.06712	0.01545	0.01839	0.02357	0.05218	0.22178	0.20135	0.02168	0.01070	0.00337	0.00671	0.26516	0.00736	0.00761
8	0.02001	0.11223	0.28252	0.02394	0.03163	0.10909	0.12957	0.02595	0.01774	0.02363	0.01385	0.01769	0.01100	0.00895	0.01141	0.00268	0.13670	0.00669	0.00376	0.01097

[dist]
# distance from previous block
# <min> <max>
0	2

[block]
# block no. 3 follows, 22 sequences, length 8
# corresponding to MSA columns:
# 734-741
name=unknown_D
#
# <colnr> <probs for GDERKNQSTAVLIFYWHMCP>
#	G	D	E	R	K	N	Q	S	T	A	V	L	I	F	Y	W	H	M	C	P
0	0.02240	0.14686	0.02207	0.01518	0.01927	0.09706	0.01251	0.09448	0.02019	0.11661	0.02257	0.03229	0.02005	0.07002	0.15564	0.03591	0.01203	0.06921	0.00590	0.00976
1	0.01184	0.00795	0.00913	0.00937	0.00943	0.00789	0.00536	0.01202	0.01255	0.01673	0.02857	0.13347	0.03322	0.62481	0.03842	0.00748	0.00766	0.01349	0.00536	0.00524
2	0.02196	0.23272	0.03114	0.25254	0.10173	0.18483	0.01892	0.02573	0.01865	0.02112	0.01341	0.01754	0.01108	0.00791	0.00720	0.00228	0.01125	0.00599	0.00384	0.01018
3	0.01409	0.01045	0.01143	0.01060	0.01341	0.01023	0.00786	0.02065	0.13230	0.02800	0.16107	0.05036	0.18253	0.09902	0.01248	0.00313	0.00513	0.01208	0.15143	0.06374
4	0.02109	0.10275	0.15273	0.02961	0.24483	0.09955	0.02084	0.06625	0.02053	0.02745	0.06007	0.02111	0.01669	0.00835	0.00769	0.00229	0.01006	0.00691	0.00466	0.07655
5	0.13982	0.18057	0.06559	0.01559	0.02115	0.13839	0.01368	0.09959	0.06733	0.02964	0.08406	0.02587	0.06652	0.01020	0.00723	0.00235	0.00883	0.00749	0.00574	0.01037
6	0.01562	0.07842	0.32834	0.02016	0.02801	0.01658	0.08492	0.02215	0.01828	0.02547	0.07082	0.09363	0.06587	0.01266	0.00884	0.00281	0.00988	0.08207	0.00513	0.01034
7	0.16613	0.04957	0.01552	0.01322	0.01643	0.01220	0.06213	0.01690	0.01701	0.02555	0.04381	0.24586	0.18793	0.01804	0.00903	0.00298	0.00631	0.07675	0.00665	0.00797

[dist]
# distance from previous block
# <min> <max>
4	35

[block]
# block no. 4 follows, 22 sequences, length 16
# corresponding to MSA columns:
# 779-794
name=unknown_E
#
# <colnr> <probs for GDERKNQSTAVLIFYWHMCP>
#	G	D	E	R	K	N	Q	S	T	A	V	L	I	F	Y	W	H	M	C	P
0	0.12427	0.01638	0.02601	0.21447	0.22721	0.01750	0.07697	0.02360	0.01772	0.05976	0.05252	0.02519	0.01715	0.05510	0.01033	0.00298	0.00951	0.00801	0.00482	0.01050
1	0.05110	0.02050	0.02376	0.10789	0.18962	0.12301	0.01743	0.11923	0.02244	0.07866	0.04252	0.02695	0.01811	0.04693	0.00997	0.00278	0.00977	0.03707	0.00571	0.04654
2	0.23828	0.05056	0.01977	0.09057	0.02409	0.02045	0.01319	0.26523	0.02483	0.03815	0.02153	0.06263	0.04708	0.03864	0.00883	0.00280	0.00802	0.00810	0.00645	0.01077
3	0.09807	0.01806	0.02091	0.02149	0.11414	0.08904	0.01485	0.04612	0.01751	0.07280	0.01831	0.06170	0.01642	0.03874	0.04869	0.00349	0.19126	0.00802	0.05507	0.04531
4	0.10008	0.01249	0.01687	0.01598	0.05503	0.01218	0.05682	0.05135	0.01920	0.14019	0.06649	0.18554	0.12322	0.05694	0.04650	0.00368	0.00759	0.01324	0.00719	0.00943
5	0.07784	0.02112	0.02129	0.06657	0.11785	0.16269	0.01540	0.15600	0.02277	0.02973	0.02114	0.12897	0.01988	0.01726	0.08092	0.00376	0.01121	0.00950	0.00573	0.01037
6	0.01950	0.01616	0.02125	0.12382	0.02730	0.05402	0.07689	0.12130	0.02160	0.07017	0.03130	0.03649	0.12438	0.01941	0.10821	0.00420	0.01098	0.04020	0.00607	0.06675
7	0.05961	0.01747	0.02241	0.28524	0.10355	0.05697	0.01793	0.13068	0.05654	0.02905	0.02339	0.08737	0.05306	0.01102	0.00839	0.00270	0.00936	0.00932	0.00554	0.01040
8	0.01671	0.01579	0.02567	0.44247	0.13839	0.01933	0.02206	0.02143	0.01644	0.02210	0.01588	0.02526	0.01342	0.01005	0.01168	0.00293	0.12605	0.04066	0.00397	0.00970
9	0.01751	0.01632	0.01425	0.01371	0.01584	0.17747	0.01025	0.02014	0.01667	0.02172	0.02135	0.03018	0.01937	0.10776	0.29317	0.00748	0.01491	0.00810	0.16603	0.00779
10	0.01391	0.00740	0.01043	0.01043	0.01043	0.00740	0.00673	0.01110	0.01110	0.01480	0.01703	0.03169	0.01792	0.17911	0.03464	0.59233	0.00740	0.00829	0.00392	0.00392
11	0.01007	0.00743	0.00943	0.01103	0.01191	0.00679	0.00747	0.01163	0.01642	0.02142	0.05228	0.59727	0.15611	0.02518	0.01047	0.00328	0.00472	0.02259	0.00771	0.00679
12	0.01686	0.01151	0.01450	0.01580	0.08660	0.01118	0.01061	0.08436	0.02125	0.07725	0.10670	0.14795	0.17491	0.01602	0.00890	0.00269	0.00579	0.04483	0.13305	0.00922
13	0.10459	0.04315	0.02262	0.01615	0.02273	0.01513	0.11263	0.06424	0.01923	0.07717	0.01764	0.02001	0.01363	0.00745	0.00688	0.00192	0.00762	0.00640	0.08666	0.33416
14	0.19961	0.30733	0.10344	0.01525	0.02219	0.06281	0.01475	0.06031	0.05069	0.02776	0.01388	0.01552	0.01133	0.00774	0.00610	0.00215	0.00876	0.00517	0.00459	0.06063
15	0.04690	0.05519	0.01661	0.01288	0.01727	0.01332	0.01024	0.08686	0.04461	0.10529	0.07140	0.12135	0.12661	0.01915	0.08183	0.00362	0.00794	0.01120	0.00701	0.14074

[dist]
# distance from previous block
# <min> <max>
0	11

[block]
# block no. 5 follows, 22 sequences, length 6
# corresponding to MSA columns:
# 806-811
name=unknown_F
#
# <colnr> <probs for GDERKNQSTAVLIFYWHMCP>
#	G	D	E	R	K	N	Q	S	T	A	V	L	I	F	Y	W	H	M	C	P
0	0.02020	0.06334	0.07199	0.01742	0.05109	0.01499	0.06080	0.06651	0.05690	0.12570	0.08613	0.10398	0.08279	0.01215	0.00838	0.00244	0.00745	0.01052	0.00682	0.13042
1	0.01957	0.01410	0.01545	0.01313	0.01698	0.05763	0.01013	0.10177	0.02016	0.08082	0.06858	0.03115	0.07751	0.01974	0.08360	0.14462	0.00869	0.00846	0.05328	0.15462
2	0.01635	0.01254	0.01486	0.01309	0.01700	0.01173	0.01024	0.12452	0.02224	0.03081	0.14151	0.18502	0.08173	0.01587	0.00897	0.00255	0.00604	0.07818	0.00735	0.19940
3	0.02085	0.02000	0.02649	0.21381	0.10663	0.07665	0.06100	0.09440	0.12805	0.02781	0.01810	0.02202	0.01418	0.00985	0.01146	0.00280	0.12197	0.00772	0.00516	0.01105
4	0.01461	0.07538	0.02294	0.01849	0.02190	0.01339	0.14798	0.01834	0.01809	0.02370	0.03554	0.24907	0.03872	0.01887	0.01029	0.00328	0.00834	0.24611	0.00653	0.00845
5	0.01610	0.01607	0.06094	0.01806	0.09672	0.06853	0.01293	0.06580	0.02103	0.02740	0.17096	0.09243	0.15467	0.07424	0.01211	0.00320	0.00740	0.06563	0.00680	0.00898

[dist]
# distance from previous block
# <min> <max>
0	33

[block]
# block no. 6 follows, 22 sequences, length 12
# corresponding to MSA columns:
# 845-856
name=unknown_G
#
# <colnr> <probs for GDERKNQSTAVLIFYWHMCP>
#	G	D	E	R	K	N	Q	S	T	A	V	L	I	F	Y	W	H	M	C	P
0	0.02038	0.07898	0.14210	0.05108	0.05522	0.04535	0.01801	0.11377	0.17743	0.02973	0.02075	0.02327	0.01635	0.01678	0.09864	0.00408	0.06334	0.00756	0.00564	0.01154
1	0.19513	0.02571	0.23347	0.02090	0.10041	0.06970	0.01867	0.02356	0.01746	0.02802	0.05868	0.02540	0.06225	0.01441	0.06949	0.00356	0.01064	0.00747	0.00477	0.01029
2	0.05395	0.06675	0.02267	0.24311	0.09338	0.05247	0.01690	0.04638	0.08252	0.06683	0.05514	0.03311	0.07524	0.01102	0.00831	0.00267	0.00886	0.04469	0.00574	0.01025
3	0.02173	0.14279	0.17262	0.01807	0.02420	0.24842	0.01711	0.02574	0.02012	0.02363	0.11503	0.02344	0.02170	0.01048	0.00887	0.04232	0.01081	0.00701	0.00475	0.04116
4	0.01716	0.03029	0.35533	0.11629	0.11323	0.01869	0.07869	0.02597	0.06528	0.02607	0.01857	0.06393	0.01509	0.00923	0.00837	0.00271	0.01106	0.00815	0.00432	0.01159
5	0.01208	0.00805	0.00906	0.00906	0.00906	0.00805	0.00503	0.01208	0.01208	0.01611	0.02618	0.05436	0.03020	0.70804	0.04228	0.00805	0.00805	0.01208	0.00503	0.00503
6	0.02157	0.01879	0.07599	0.02641	0.20609	0.01750	0.01754	0.11952	0.11545	0.09580	0.05992	0.07808	0.02326	0.01552	0.06731	0.00358	0.00954	0.00951	0.00658	0.01203
7	0.01044	0.00770	0.00981	0.01097	0.01199	0.00726	0.00755	0.01218	0.01639	0.02163	0.08363	0.46185	0.15307	0.06955	0.07094	0.00440	0.00640	0.02009	0.00734	0.00681
8	0.01931	0.02867	0.27324	0.02250	0.03066	0.04898	0.13607	0.10674	0.07585	0.02947	0.02367	0.02605	0.06537	0.01355	0.05944	0.00347	0.01192	0.00840	0.00516	0.01148
9	0.01376	0.01102	0.01592	0.02006	0.15806	0.01085	0.01146	0.01592	0.01519	0.02116	0.02795	0.22101	0.03076	0.22674	0.11014	0.00578	0.00939	0.01332	0.00548	0.05602
10	0.02358	0.15219	0.11146	0.01797	0.02437	0.07321	0.01643	0.20545	0.16082	0.03342	0.02044	0.02163	0.01583	0.01420	0.06962	0.00343	0.01061	0.00713	0.00615	0.01206
11	0.01765	0.18012	0.06060	0.07762	0.16684	0.01843	0.01609	0.02150	0.01754	0.02383	0.02366	0.08398	0.07768	0.01012	0.00745	0.00218	0.00806	0.00851	0.00476	0.17339

[dist]
# distance from previous block
# <min> <max>
1	23

[block]
# block no. 7 follows, 22 sequences, length 75
# corresponding to MSA columns:
# 880-900,902-927,929-956
name=unknown_H
#
# <colnr> <probs for GDERKNQSTAVLIFYWHMCP>
#	G	D	E	R	K	N	Q	S	T	A	V	L	I	F	Y	W	H	M	C	P
0	0.01187	0.00890	0.01335	0.01335	0.01483	0.01038	0.01038	0.01483	0.01335	0.01928	0.02225	0.03264	0.02077	0.06231	0.67512	0.01335	0.02225	0.00890	0.00445	0.00742
1	0.01381	0.01714	0.12775	0.10747	0.08670	0.01307	0.07469	0.01817	0.01754	0.02341	0.03873	0.23922	0.15656	0.01601	0.00938	0.00291	0.00814	0.01441	0.00579	0.00910
2	0.02007	0.03264	0.29764	0.07690	0.15365	0.12206	0.12705	0.02692	0.01902	0.02523	0.01503	0.01885	0.01144	0.00778	0.00824	0.00256	0.01245	0.00696	0.00387	0.01164
3	0.01810	0.01224	0.01580	0.01761	0.10789	0.03853	0.01136	0.02117	0.02061	0.14734	0.20592	0.19220	0.12459	0.01649	0.00938	0.00276	0.00609	0.01447	0.00792	0.00954
4	0.01952	0.21473	0.12922	0.02926	0.14952	0.02295	0.22281	0.02497	0.01821	0.02439	0.01661	0.05987	0.01443	0.00838	0.00805	0.00247	0.01102	0.00819	0.00412	0.01130
5	0.06327	0.16953	0.17522	0.01872	0.02598	0.11422	0.04537	0.11867	0.02106	0.02810	0.01531	0.01812	0.01226	0.01323	0.07159	0.00331	0.01176	0.00614	0.00468	0.06345
6	0.01596	0.01026	0.01244	0.01209	0.01488	0.00968	0.00927	0.05223	0.04864	0.11366	0.11255	0.23656	0.21541	0.01967	0.00987	0.00300	0.00550	0.08131	0.00827	0.00875
7	0.01456	0.00943	0.01055	0.01015	0.01134	0.00970	0.00673	0.07332	0.01627	0.02355	0.02720	0.09789	0.02820	0.39462	0.05916	0.00601	0.00764	0.01144	0.17545	0.00678
8	0.01977	0.14755	0.02573	0.01890	0.05912	0.04989	0.05494	0.13018	0.02012	0.02643	0.02176	0.06052	0.04638	0.06965	0.13913	0.00499	0.08102	0.00881	0.00521	0.00990
9	0.02488	0.01402	0.01895	0.05582	0.02231	0.01372	0.04222	0.10503	0.05732	0.26979	0.13766	0.08558	0.05963	0.01336	0.00905	0.00273	0.00710	0.04080	0.00862	0.01142
10	0.02249	0.01057	0.01396	0.01261	0.01613	0.00932	0.00960	0.02495	0.02024	0.31270	0.07769	0.29096	0.10821	0.01782	0.00945	0.00290	0.00572	0.01553	0.00896	0.01019
11	0.01093	0.00803	0.01024	0.01059	0.01213	0.00735	0.00760	0.01374	0.02023	0.02764	0.36466	0.29128	0.14341	0.02071	0.01009	0.00291	0.00428	0.01839	0.00845	0.00735
12	0.02281	0.35338	0.03566	0.01923	0.02419	0.15939	0.06730	0.02553	0.01746	0.02041	0.01210	0.01558	0.01089	0.00916	0.01137	0.00238	0.17351	0.00575	0.00377	0.01012
13	0.06485	0.02088	0.02226	0.01785	0.02386	0.02322	0.01451	0.40117	0.20728	0.08030	0.02416	0.02321	0.01741	0.01025	0.00820	0.00259	0.00817	0.00792	0.00830	0.01360
14	0.01759	0.01761	0.02893	0.02372	0.02606	0.02156	0.16309	0.02097	0.01526	0.02220	0.01729	0.03001	0.01672	0.01603	0.05039	0.00390	0.40728	0.08770	0.00435	0.00933
15	0.02045	0.58122	0.03927	0.01497	0.02126	0.02872	0.04604	0.02318	0.01689	0.02015	0.01643	0.10650	0.01672	0.00965	0.00628	0.00205	0.00861	0.00731	0.00415	0.01016
16	0.01313	0.01048	0.01242	0.01089	0.01407	0.00918	0.00801	0.01562	0.01759	0.02464	0.15786	0.11724	0.15467	0.13521	0.01503	0.00330	0.02938	0.01261	0.00655	0.23211
17	0.05827	0.12072	0.22293	0.02339	0.03162	0.06024	0.19467	0.05832	0.01956	0.05567	0.01796	0.06662	0.01484	0.00905	0.00817	0.00257	0.01126	0.00823	0.00470	0.01122
18	0.02210	0.05574	0.07153	0.01627	0.02033	0.12506	0.01367	0.06698	0.02053	0.14524	0.02965	0.24522	0.02935	0.01569	0.00994	0.00285	0.04502	0.04796	0.00688	0.00999
19	0.01104	0.00808	0.00971	0.01063	0.01176	0.00757	0.00743	0.01259	0.01607	0.02064	0.04971	0.28525	0.19558	0.21043	0.01917	0.00457	0.00595	0.10038	0.00697	0.00647
20	0.01866	0.05108	0.02617	0.25488	0.06299	0.06474	0.08645	0.02271	0.01682	0.05989	0.01695	0.02415	0.01416	0.05295	0.10281	0.00447	0.09836	0.00787	0.00437	0.00954
21	0.02053	0.14528	0.05787	0.11449	0.02976	0.06777	0.09987	0.10231	0.08783	0.02791	0.05589	0.02717	0.06928	0.01028	0.00917	0.00256	0.04739	0.00844	0.00548	0.01071
22	0.01102	0.00770	0.00940	0.01029	0.01075	0.00737	0.00651	0.01199	0.01477	0.01965	0.06697	0.36573	0.07565	0.31603	0.02403	0.00531	0.00613	0.01800	0.00664	0.00608
23	0.01122	0.00784	0.01027	0.01181	0.01285	0.00743	0.00860	0.01348	0.01726	0.02348	0.08832	0.47386	0.07406	0.02349	0.01035	0.00328	0.00520	0.13005	0.06009	0.00707
24	0.01855	0.05760	0.17229	0.13132	0.18946	0.01893	0.05547	0.02402	0.01802	0.05901	0.06000	0.05384	0.01857	0.00995	0.01016	0.00270	0.07592	0.00839	0.00467	0.01113
25	0.02338	0.06703	0.02950	0.17700	0.23802	0.02034	0.05663	0.11349	0.05018	0.11498	0.01898	0.02195	0.01419	0.00849	0.00818	0.00254	0.00968	0.00757	0.00562	0.01227
26	0.02281	0.02504	0.02344	0.02020	0.02289	0.26898	0.05757	0.06079	0.01885	0.02195	0.01531	0.02318	0.01435	0.11171	0.05126	0.00404	0.21661	0.00749	0.00444	0.00909
27	0.01723	0.01477	0.01723	0.01230	0.01969	0.01107	0.00984	0.02092	0.01723	0.02707	0.01477	0.01723	0.01230	0.00615	0.00615	0.00123	0.00615	0.00492	0.00492	0.75883
28	0.05512	0.01098	0.01553	0.08922	0.01945	0.01154	0.06795	0.01694	0.04103	0.02110	0.02589	0.12677	0.02733	0.34105	0.06032	0.00585	0.00899	0.01195	0.03588	0.00713
29	0.01703	0.01627	0.02237	0.01941	0.01941	0.02218	0.01571	0.01851	0.01260	0.01926	0.01377	0.02498	0.01453	0.14486	0.03009	0.00447	0.56416	0.00817	0.00390	0.00833
30	0.01129	0.00854	0.01010	0.01024	0.01207	0.00766	0.00723	0.01329	0.01743	0.02300	0.14214	0.23174	0.22135	0.14987	0.01594	0.00385	0.00533	0.04234	0.00723	0.05939
31	0.19057	0.31892	0.09114	0.05217	0.05731	0.07821	0.01560	0.02483	0.01675	0.02477	0.01301	0.01592	0.01104	0.01085	0.04640	0.00286	0.01013	0.00527	0.00406	0.01022
32	0.25729	0.01397	0.01415	0.01274	0.01689	0.01498	0.00998	0.05962	0.13748	0.10431	0.09176	0.11785	0.09062	0.01336	0.00792	0.00274	0.00601	0.01078	0.00750	0.01006
33	0.01012	0.00723	0.00964	0.01157	0.01205	0.00675	0.00771	0.01157	0.01591	0.02121	0.04579	0.70262	0.05495	0.02603	0.01060	0.00337	0.00482	0.02362	0.00771	0.00675
34	0.01061	0.00811	0.00980	0.01088	0.01228	0.00752	0.00758	0.01338	0.04601	0.02281	0.08762	0.46542	0.22060	0.02349	0.01024	0.00315	0.00468	0.02082	0.00782	0.00717
35	0.01744	0.01514	0.02545	0.32951	0.11006	0.01676	0.08745	0.02228	0.01849	0.06885	0.09721	0.03106	0.06553	0.01048	0.00980	0.00276	0.04730	0.00935	0.00519	0.00991
36	0.08086	0.01033	0.01279	0.01274	0.01517	0.01003	0.00953	0.04529	0.01842	0.14964	0.03785	0.37510	0.04028	0.06147	0.01161	0.00344	0.00610	0.08279	0.00786	0.00870
37	0.03278	0.01854	0.02172	0.01677	0.02304	0.01899	0.01381	0.34443	0.03170	0.30742	0.06343	0.02599	0.02071	0.01053	0.00842	0.00253	0.00796	0.00830	0.00919	0.01375
38	0.01809	0.10891	0.33932	0.01964	0.02800	0.01880	0.06355	0.07903	0.01941	0.02807	0.01974	0.08555	0.01676	0.00992	0.00775	0.00251	0.00986	0.00823	0.10582	0.01104
39	0.01347	0.00987	0.01142	0.01069	0.01361	0.00935	0.00825	0.05767	0.02007	0.06048	0.12920	0.06187	0.38805	0.02706	0.13618	0.00475	0.00811	0.01440	0.00744	0.00808
40	0.02038	0.01930	0.01855	0.01676	0.01955	0.16535	0.01301	0.13267	0.02048	0.02570	0.02039	0.07276	0.01910	0.06249	0.26061	0.00689	0.08269	0.00884	0.00530	0.00917
41	0.07528	0.02147	0.02002	0.13018	0.02773	0.18211	0.01520	0.03301	0.22098	0.07949	0.02479	0.03068	0.02012	0.01100	0.00827	0.00271	0.00958	0.07014	0.00644	0.01082
42	0.01301	0.01549	0.13549	0.01412	0.01786	0.01065	0.01298	0.04948	0.01894	0.02540	0.08738	0.30782	0.14869	0.01982	0.00987	0.00309	0.00665	0.08778	0.00704	0.00844
43	0.05849	0.01818	0.02768	0.22261	0.03724	0.01981	0.14607	0.14849	0.09304	0.07603	0.02108	0.02662	0.01617	0.00960	0.00866	0.00276	0.01010	0.04002	0.00601	0.01132
44	0.27551	0.08653	0.05573	0.01734	0.02266	0.34114	0.01431	0.05352	0.02016	0.02756	0.01271	0.01469	0.01026	0.00818	0.00658	0.00229	0.01124	0.00512	0.00463	0.00983
45	0.02526	0.07597	0.14974	0.02358	0.03014	0.33506	0.12146	0.06170	0.02164	0.02417	0.01410	0.01704	0.01118	0.00846	0.00887	0.00242	0.04785	0.00641	0.00426	0.01067
46	0.01854	0.01868	0.02269	0.02110	0.05865	0.09467	0.01607	0.02069	0.01459	0.02048	0.01405	0.02219	0.01363	0.06761	0.10136	0.00474	0.40982	0.00747	0.00400	0.04897
47	0.01691	0.04123	0.61288	0.02464	0.03659	0.01944	0.08107	0.02633	0.01771	0.02633	0.01507	0.01795	0.01070	0.00782	0.00805	0.00265	0.01242	0.00645	0.00357	0.01219
48	0.01900	0.12426	0.17237	0.01647	0.02239	0.05118	0.01626	0.02599	0.09002	0.08693	0.14037	0.07318	0.03247	0.01285	0.00852	0.00267	0.00829	0.07975	0.00651	0.01051
49	0.03586	0.01517	0.01977	0.01529	0.02165	0.01391	0.01259	0.09458	0.05845	0.57230	0.03165	0.02766	0.02023	0.01031	0.00836	0.00258	0.00723	0.00833	0.01000	0.01408
50	0.01756	0.01641	0.01460	0.01362	0.01523	0.13819	0.00942	0.02204	0.12014	0.02032	0.02385	0.04041	0.02433	0.40920	0.02892	0.00574	0.05709	0.01001	0.00537	0.00756
51	0.02071	0.02457	0.14751	0.07469	0.28360	0.05385	0.09917	0.02909	0.10313	0.05430	0.01863	0.02178	0.01432	0.00820	0.00837	0.00259	0.01061	0.00767	0.00485	0.01237
52	0.01525	0.01390	0.01579	0.01505	0.01633	0.07711	0.01138	0.01852	0.05314	0.02147	0.06909	0.17152	0.03025	0.11130	0.17146	0.00610	0.15673	0.01211	0.00558	0.00793
53	0.01284	0.00981	0.01171	0.01228	0.01405	0.00983	0.00875	0.05046	0.10441	0.02579	0.08962	0.45496	0.11973	0.02189	0.01003	0.00313	0.00517	0.01945	0.00795	0.00815
54	0.01828	0.07609	0.03155	0.11170	0.26293	0.01905	0.13335	0.02380	0.04581	0.02436	0.01771	0.02439	0.01510	0.05079	0.10516	0.00436	0.01223	0.00814	0.00432	0.01088
55	0.01663	0.01439	0.02258	0.06381	0.21286	0.01464	0.05909	0.05159	0.05298	0.02697	0.05826	0.18791	0.03294	0.01546	0.00961	0.00301	0.00818	0.13272	0.00628	0.01008
56	0.07044	0.01504	0.01945	0.01499	0.02137	0.01371	0.01238	0.09183	0.02469	0.57915	0.03066	0.02686	0.01946	0.01014	0.00820	0.00256	0.00722	0.00810	0.00987	0.01390
57	0.01193	0.00859	0.01109	0.01184	0.01317	0.00824	0.00848	0.04633	0.01958	0.02667	0.22421	0.44379	0.05933	0.02232	0.01029	0.00312	0.00493	0.05040	0.00817	0.00752
58	0.05009	0.01391	0.02246	0.05401	0.13704	0.01426	0.10919	0.05288	0.01826	0.02647	0.05541	0.16964	0.02684	0.02241	0.13407	0.00475	0.01094	0.01175	0.05613	0.00948
59	0.01315	0.00995	0.01206	0.01182	0.01417	0.00976	0.00907	0.05885	0.05479	0.02901	0.26722	0.16217	0.17936	0.02134	0.04352	0.00344	0.00595	0.07803	0.00814	0.00819
60	0.01034	0.00751	0.00939	0.01078	0.01153	0.00696	0.00715	0.01169	0.01582	0.02069	0.04858	0.52629	0.13655	0.11776	0.01479	0.00393	0.00517	0.02119	0.00735	0.00655
61	0.01905	0.02627	0.16477	0.03288	0.04202	0.02069	0.51418	0.02655	0.01922	0.02655	0.01645	0.02149	0.01221	0.00717	0.00944	0.00277	0.01368	0.00912	0.00407	0.01141
62	0.02593	0.01919	0.02314	0.02307	0.12901	0.04361	0.01592	0.19498	0.16618	0.14005	0.02517	0.06480	0.01970	0.01113	0.00978	0.00270	0.05650	0.00893	0.00745	0.01278
63	0.02409	0.01515	0.01738	0.01414	0.01897	0.01523	0.01138	0.24746	0.02835	0.17101	0.16373	0.04316	0.16652	0.01384	0.00895	0.00260	0.00659	0.01136	0.00877	0.01133
64	0.01132	0.00778	0.00949	0.01038	0.01066	0.00758	0.00652	0.01209	0.01398	0.01862	0.03513	0.32640	0.04129	0.39367	0.02773	0.00592	0.00669	0.04263	0.00626	0.00586
65	0.01917	0.01924	0.02259	0.01870	0.02152	0.08664	0.01527	0.02163	0.01528	0.02232	0.01235	0.01754	0.01134	0.01122	0.01843	0.00271	0.40208	0.00632	0.00412	0.25155
66	0.01669	0.01439	0.01811	0.01608	0.05711	0.01361	0.01207	0.04735	0.01778	0.02601	0.02541	0.03167	0.09193	0.01446	0.05695	0.00291	0.10185	0.04937	0.00535	0.38091
67	0.02577	0.11049	0.02515	0.14754	0.05822	0.09844	0.01606	0.16863	0.02410	0.14577	0.02155	0.08383	0.01760	0.01054	0.00804	0.00250	0.00943	0.00846	0.00643	0.01146
68	0.01208	0.00805	0.00906	0.00906	0.00906	0.00805	0.00503	0.01208	0.01208	0.01611	0.02618	0.05436	0.03020	0.70804	0.04228	0.00805	0.00805	0.01208	0.00503	0.00503
69	0.03052	0.02644	0.02467	0.01980	0.02547	0.16605	0.01601	0.45689	0.03385	0.04315	0.01777	0.01875	0.01316	0.00999	0.00947	0.00250	0.05861	0.00700	0.00711	0.01280
70	0.01471	0.01233	0.01440	0.01156	0.01691	0.00961	0.00889	0.01773	0.01724	0.02523	0.03149	0.15836	0.11994	0.01227	0.00757	0.00189	0.00559	0.01046	0.00589	0.49791
71	0.01510	0.09322	0.01545	0.01178	0.01341	0.05896	0.00836	0.01707	0.04446	0.01821	0.02260	0.04024	0.02380	0.39142	0.14798	0.04548	0.01110	0.00976	0.00480	0.00677
72	0.01795	0.01743	0.02022	0.23015	0.05819	0.10262	0.01608	0.02584	0.15373	0.02394	0.02563	0.07608	0.05437	0.04931	0.05813	0.00378	0.04184	0.00959	0.00545	0.00967
73	0.01304	0.01056	0.01422	0.06239	0.07106	0.01105	0.01111	0.01784	0.07665	0.02324	0.04158	0.19030	0.16886	0.02926	0.18059	0.00558	0.01016	0.01387	0.04028	0.00836
74	0.02494	0.13383	0.02374	0.01753	0.02211	0.27665	0.01383	0.03340	0.20231	0.05873	0.02106	0.02314	0.01708	0.04873	0.04498	0.00321	0.01116	0.00710	0.00576	0.01071

[dist]
# distance from previous block
# <min> <max>
0	5

[block]
# block no. 8 follows, 22 sequences, length 9
# corresponding to MSA columns:
# 968-976
name=unknown_I
#
# <colnr> <probs for GDERKNQSTAVLIFYWHMCP>
#	G	D	E	R	K	N	Q	S	T	A	V	L	I	F	Y	W	H	M	C	P
0	0.33605	0.08443	0.02217	0.02183	0.14655	0.14965	0.01453	0.02825	0.07587	0.03008	0.01471	0.01682	0.01184	0.00810	0.00655	0.00242	0.00903	0.00570	0.00493	0.01049
1	0.01710	0.01847	0.06343	0.05546	0.05611	0.11892	0.04973	0.02110	0.04019	0.02353	0.05849	0.20952	0.03033	0.05040	0.01239	0.00316	0.07042	0.04509	0.04731	0.00884
2	0.01966	0.01883	0.01939	0.10024	0.02546	0.11865	0.01285	0.05340	0.01905	0.02610	0.01514	0.01849	0.01245	0.01012	0.04391	0.00231	0.00923	0.00565	0.00481	0.46424
3	0.02387	0.02768	0.02956	0.06382	0.11986	0.30585	0.14405	0.02773	0.02055	0.02304	0.01684	0.02502	0.01483	0.00977	0.00984	0.00261	0.05997	0.06044	0.00447	0.01022
4	0.01290	0.01015	0.01187	0.01131	0.01386	0.01000	0.00850	0.01994	0.13841	0.03038	0.36966	0.10613	0.19025	0.01743	0.00961	0.00275	0.00455	0.01512	0.00860	0.00858
5	0.01950	0.01132	0.01514	0.01373	0.01610	0.01195	0.01060	0.07410	0.01748	0.14430	0.02439	0.03678	0.02203	0.11916	0.18564	0.15252	0.04884	0.06198	0.00607	0.00837
6	0.01105	0.00822	0.01038	0.01097	0.01264	0.00754	0.00816	0.01382	0.01969	0.02631	0.27395	0.26771	0.18510	0.02134	0.01026	0.00304	0.00471	0.08958	0.00823	0.00731
7	0.02414	0.19183	0.02730	0.01938	0.07219	0.27952	0.01457	0.02707	0.01977	0.02261	0.01330	0.01567	0.01134	0.00743	0.00665	0.00182	0.01059	0.00517	0.00428	0.22537
8	0.02521	0.01901	0.02069	0.01594	0.02223	0.01951	0.01297	0.35724	0.07187	0.04190	0.02007	0.02095	0.01504	0.00894	0.00747	0.00210	0.00762	0.00690	0.07714	0.22719

[dist]
# distance from previous block
# <min> <max>
0	1

[block]
# block no. 9 follows, 22 sequences, length 60
# corresponding to MSA columns:
# 978-1017,1020-1039
name=unknown_J
#
# <colnr> <probs for GDERKNQSTAVLIFYWHMCP>
#	G	D	E	R	K	N	Q	S	T	A	V	L	I	F	Y	W	H	M	C	P
0	0.01733	0.02183	0.13627	0.01571	0.01981	0.15631	0.01393	0.04371	0.01951	0.02483	0.06708	0.26563	0.06472	0.01589	0.00879	0.00272	0.00844	0.01343	0.07516	0.00887
1	0.16986	0.01535	0.04725	0.01310	0.01773	0.05074	0.01094	0.02085	0.01667	0.05886	0.05231	0.02900	0.07577	0.02450	0.19416	0.00530	0.01131	0.00782	0.00545	0.17303
2	0.02029	0.26699	0.18150	0.01662	0.02317	0.07184	0.01664	0.09286	0.01929	0.02458	0.01780	0.06304	0.01679	0.12043	0.01265	0.00319	0.00981	0.00763	0.00463	0.01024
3	0.03114	0.03653	0.02380	0.02097	0.02570	0.55274	0.01600	0.14505	0.02646	0.02635	0.01418	0.01591	0.01134	0.00883	0.00764	0.00221	0.01388	0.00575	0.00504	0.01048
4	0.01677	0.01553	0.02549	0.21474	0.33836	0.01634	0.02045	0.02118	0.01812	0.02468	0.04963	0.10659	0.07451	0.01134	0.00872	0.00269	0.00890	0.01043	0.00492	0.01061
5	0.01989	0.14778	0.02237	0.01500	0.01926	0.12056	0.04793	0.05391	0.02178	0.07501	0.20194	0.08694	0.10796	0.01344	0.00847	0.00246	0.00783	0.01120	0.00680	0.00949
6	0.01049	0.00796	0.00953	0.01011	0.01169	0.00715	0.00713	0.01265	0.01847	0.02412	0.19575	0.31132	0.26233	0.05778	0.01180	0.00325	0.00458	0.01899	0.00790	0.00700
7	0.01166	0.00848	0.01084	0.01081	0.01191	0.00886	0.00756	0.01336	0.01410	0.01911	0.06123	0.04937	0.11727	0.31160	0.29795	0.00925	0.01319	0.01168	0.00536	0.00643
8	0.01584	0.01447	0.02321	0.23696	0.26039	0.01532	0.01881	0.02026	0.01867	0.02518	0.11252	0.06967	0.11100	0.01180	0.00880	0.00267	0.00841	0.01064	0.00534	0.01004
9	0.01888	0.01084	0.01307	0.01245	0.01530	0.01066	0.00930	0.05095	0.09770	0.15674	0.03871	0.30852	0.05991	0.01719	0.00891	0.00283	0.00551	0.01499	0.13796	0.00958
10	0.01006	0.00748	0.00938	0.01091	0.01188	0.00680	0.00742	0.01164	0.01654	0.02146	0.05380	0.57258	0.17982	0.02499	0.01044	0.00326	0.00469	0.02235	0.00771	0.00680
11	0.27304	0.01079	0.01113	0.01129	0.01390	0.01165	0.00852	0.01674	0.01517	0.02655	0.03415	0.24444	0.11072	0.02643	0.14451	0.00506	0.00886	0.01317	0.00615	0.00770
12	0.01237	0.00893	0.01198	0.01324	0.01458	0.00901	0.01008	0.04513	0.01764	0.02356	0.04074	0.40546	0.04618	0.02931	0.10165	0.00482	0.00822	0.18236	0.00728	0.00747
13	0.01303	0.01067	0.01554	0.01495	0.01605	0.01319	0.01178	0.01564	0.01342	0.01958	0.02171	0.08038	0.02134	0.04979	0.49234	0.01061	0.15808	0.00968	0.00453	0.00771
14	0.10016	0.01051	0.01352	0.01478	0.01726	0.01071	0.01283	0.01909	0.01877	0.05521	0.03979	0.08161	0.04216	0.02064	0.01061	0.00363	0.00748	0.50565	0.00748	0.00810
15	0.01624	0.01451	0.04446	0.01393	0.01781	0.07041	0.05694	0.01925	0.01957	0.09553	0.05616	0.13167	0.33122	0.01771	0.00956	0.00285	0.00696	0.05935	0.00723	0.00864
16	0.07281	0.01799	0.02025	0.01624	0.02174	0.01933	0.01326	0.32997	0.06074	0.16989	0.02348	0.02406	0.01696	0.01651	0.09158	0.00386	0.00976	0.00777	0.05123	0.01256
17	0.01053	0.00727	0.00950	0.01128	0.01187	0.00682	0.00757	0.01216	0.01602	0.02195	0.04437	0.65180	0.05240	0.02479	0.01024	0.00326	0.00475	0.02242	0.06420	0.00682
18	0.20581	0.03171	0.40046	0.01910	0.02868	0.01800	0.02238	0.02810	0.01769	0.13020	0.01692	0.01825	0.01174	0.00823	0.00728	0.00261	0.01000	0.00608	0.00499	0.01176
19	0.02113	0.17310	0.02770	0.22929	0.08066	0.16229	0.01757	0.05502	0.01901	0.02230	0.01511	0.02084	0.01291	0.04700	0.06001	0.00345	0.01195	0.00666	0.00418	0.00983
20	0.01834	0.02459	0.16712	0.15714	0.13331	0.02020	0.27447	0.02506	0.01820	0.02530	0.01559	0.02089	0.01189	0.00784	0.00972	0.00275	0.04429	0.00813	0.00392	0.01124
21	0.57448	0.01584	0.01402	0.01210	0.01744	0.01759	0.00991	0.02890	0.06338	0.15337	0.01720	0.01757	0.01239	0.00846	0.00599	0.00259	0.00656	0.00559	0.00635	0.01027
22	0.06075	0.01273	0.02128	0.01718	0.02106	0.01236	0.20040	0.02047	0.01762	0.02815	0.02646	0.15346	0.02416	0.01180	0.00792	0.00251	0.00737	0.01118	0.33441	0.00871
23	0.01432	0.01011	0.01305	0.01255	0.01376	0.01125	0.00906	0.01769	0.10829	0.01973	0.02485	0.03576	0.05358	0.16040	0.18008	0.24267	0.05171	0.00940	0.00503	0.00673
24	0.06136	0.01863	0.09844	0.25452	0.10859	0.01701	0.08439	0.05187	0.01877	0.02585	0.02936	0.03265	0.14270	0.01067	0.00853	0.00270	0.00961	0.00941	0.00492	0.01003
25	0.02035	0.01716	0.01832	0.01634	0.02086	0.01958	0.01273	0.07605	0.53822	0.03565	0.09995	0.03370	0.03043	0.01181	0.00859	0.00278	0.00644	0.00989	0.00852	0.01263
26	0.03462	0.01601	0.02000	0.01544	0.02166	0.01527	0.01272	0.18344	0.02716	0.47597	0.02930	0.02639	0.01903	0.01017	0.00820	0.00251	0.00739	0.00810	0.05287	0.01377
27	0.01012	0.00723	0.00964	0.01157	0.01205	0.00675	0.00771	0.01157	0.01591	0.02121	0.04579	0.70262	0.05495	0.02603	0.01060	0.00337	0.00482	0.02362	0.00771	0.00675
28	0.02467	0.03177	0.41413	0.02022	0.03023	0.01654	0.02351	0.03182	0.01996	0.27327	0.02185	0.02171	0.01442	0.00882	0.00807	0.00261	0.01025	0.00700	0.00614	0.01300
29	0.01096	0.00845	0.01046	0.01036	0.01241	0.00794	0.00776	0.01387	0.01940	0.02589	0.28535	0.11138	0.27052	0.02763	0.13490	0.00476	0.00754	0.01542	0.00764	0.00738
30	0.08110	0.01145	0.01313	0.01111	0.01516	0.01105	0.00887	0.05605	0.02053	0.26463	0.02768	0.02814	0.01976	0.00977	0.00681	0.00224	0.00549	0.00771	0.38884	0.01049
31	0.01857	0.01751	0.02907	0.04326	0.53508	0.01732	0.02201	0.02291	0.01866	0.02615	0.02516	0.08597	0.08128	0.01040	0.00859	0.00258	0.00886	0.00984	0.00479	0.01198
32	0.01012	0.00723	0.00964	0.01157	0.01205	0.00675	0.00771	0.01157	0.01591	0.02121	0.04579	0.70262	0.05495	0.02603	0.01060	0.00337	0.00482	0.02362	0.00771	0.00675
33	0.01031	0.00736	0.00986	0.01178	0.01235	0.00691	0.00804	0.01189	0.01609	0.02142	0.04568	0.66737	0.05453	0.02585	0.01065	0.00340	0.00498	0.05700	0.00771	0.00680
34	0.01159	0.00787	0.00946	0.01034	0.01183	0.00733	0.00749	0.01411	0.01788	0.02508	0.11796	0.33143	0.16224	0.02050	0.00945	0.00292	0.00461	0.06021	0.16053	0.00719
35	0.02985	0.01763	0.02480	0.02425	0.15296	0.01730	0.05109	0.18066	0.02587	0.30725	0.02592	0.06327	0.01898	0.01034	0.00853	0.00259	0.00843	0.00891	0.00803	0.01334
36	0.01220	0.00911	0.01178	0.01315	0.01523	0.00869	0.01108	0.01540	0.01889	0.02397	0.05535	0.12505	0.21775	0.02259	0.01096	0.00351	0.00652	0.40368	0.00767	0.00742
37	0.02221	0.71304	0.04353	0.01421	0.02132	0.03287	0.01421	0.02488	0.01688	0.01955	0.01155	0.01333	0.01066	0.00711	0.00533	0.00178	0.00888	0.00444	0.00355	0.01066
38	0.01119	0.00851	0.01001	0.01077	0.01213	0.00817	0.00739	0.01423	0.06147	0.02160	0.05095	0.35861	0.20510	0.13828	0.03856	0.00431	0.00593	0.01855	0.00721	0.00702
39	0.01837	0.01555	0.02064	0.06636	0.02382	0.01491	0.05880	0.08815	0.01990	0.02954	0.07156	0.02334	0.01874	0.00885	0.00921	0.00202	0.07500	0.00709	0.06253	0.36563
40	0.02184	0.02685	0.10158	0.12631	0.02933	0.23934	0.01818	0.05966	0.01908	0.02261	0.01503	0.02138	0.01306	0.06616	0.05406	0.00372	0.14098	0.00698	0.00427	0.00957
41	0.02221	0.71304	0.04353	0.01421	0.02132	0.03287	0.01421	0.02488	0.01688	0.01955	0.01155	0.01333	0.01066	0.00711	0.00533	0.00178	0.00888	0.00444	0.00355	0.01066
42	0.02050	0.01332	0.01841	0.14298	0.07319	0.01347	0.01382	0.04889	0.07300	0.17376	0.06807	0.16864	0.06481	0.01375	0.00884	0.00272	0.00721	0.01199	0.00728	0.05536
43	0.01995	0.01279	0.01399	0.01208	0.01500	0.01353	0.00903	0.20028	0.02235	0.05657	0.02467	0.03467	0.02177	0.22194	0.04895	0.00450	0.00769	0.00904	0.24213	0.00907
44	0.07698	0.01867	0.02437	0.02063	0.02188	0.02497	0.01717	0.09838	0.01621	0.02546	0.01212	0.01805	0.01117	0.01343	0.02315	0.00341	0.55280	0.00709	0.00435	0.00973
45	0.06247	0.01406	0.01610	0.01336	0.01837	0.01369	0.01073	0.11126	0.09668	0.26473	0.04680	0.04353	0.22554	0.01373	0.00867	0.00267	0.00633	0.01115	0.00870	0.01144
46	0.01041	0.00750	0.00992	0.01175	0.01248	0.00702	0.00816	0.01211	0.01636	0.02161	0.04756	0.61498	0.08451	0.02549	0.01064	0.00339	0.00505	0.07651	0.00771	0.00684
47	0.01012	0.00723	0.00964	0.01157	0.01205	0.00675	0.00771	0.01157	0.01591	0.02121	0.04579	0.70262	0.05495	0.02603	0.01060	0.00337	0.00482	0.02362	0.00771	0.00675
48	0.01792	0.01774	0.02580	0.12490	0.06024	0.02408	0.01930	0.02047	0.01364	0.02055	0.01174	0.01891	0.01105	0.01322	0.02338	0.00344	0.55334	0.00729	0.00367	0.00932
49	0.01027	0.00815	0.00924	0.00957	0.01165	0.00711	0.00695	0.01258	0.01911	0.02429	0.18689	0.22540	0.39655	0.02143	0.01000	0.00290	0.00430	0.01849	0.00800	0.00711
50	0.02221	0.71304	0.04353	0.01421	0.02132	0.03287	0.01421	0.02488	0.01688	0.01955	0.01155	0.01333	0.01066	0.00711	0.00533	0.00178	0.00888	0.00444	0.00355	0.01066
51	0.07268	0.01314	0.01543	0.01489	0.01679	0.04793	0.01168	0.06356	0.01697	0.02425	0.02656	0.15851	0.02773	0.06522	0.21142	0.00648	0.10478	0.08811	0.00572	0.00818
52	0.01134	0.00828	0.01170	0.01232	0.01332	0.00898	0.00895	0.01350	0.01402	0.01955	0.03014	0.24730	0.03263	0.12157	0.39523	0.00961	0.01517	0.01391	0.00555	0.00694
53	0.02168	0.01062	0.01377	0.01258	0.01606	0.00948	0.00981	0.02416	0.01979	0.28229	0.04586	0.18608	0.14851	0.06991	0.01205	0.00335	0.00623	0.08941	0.00855	0.00979
54	0.01030	0.00775	0.00958	0.01085	0.01213	0.00703	0.00765	0.01218	0.01728	0.02231	0.08392	0.46459	0.22241	0.02405	0.01040	0.00321	0.00477	0.05486	0.00777	0.00692
55	0.02190	0.02293	0.02316	0.20465	0.12805	0.22291	0.01791	0.05659	0.06749	0.02491	0.01933	0.07996	0.01685	0.01017	0.00812	0.00253	0.01076	0.00834	0.04324	0.01020
56	0.11928	0.01685	0.01866	0.01652	0.04448	0.01865	0.01269	0.26237	0.06137	0.06787	0.02280	0.07412	0.01876	0.01410	0.04727	0.00319	0.04278	0.00858	0.11843	0.01122
57	0.02350	0.02234	0.05434	0.21524	0.03282	0.15262	0.01696	0.17293	0.02334	0.06529	0.01837	0.02499	0.01507	0.11144	0.01310	0.00333	0.01078	0.00767	0.00552	0.01034
58	0.13177	0.07182	0.08145	0.02200	0.09400	0.01875	0.11220	0.12794	0.02169	0.03228	0.09238	0.11111	0.02503	0.01134	0.00827	0.00264	0.00869	0.00998	0.00596	0.01069
59	0.01357	0.04740	0.06208	0.01327	0.01570	0.01132	0.03408	0.01539	0.01567	0.02146	0.11117	0.15047	0.06899	0.14132	0.05943	0.12459	0.04297	0.01236	0.00563	0.03314

[dist]
# distance from previous block
# <min> <max>
0	2

[block]
# block no. 10 follows, 22 sequences, length 12
