[name]
unknown

[dist]
# distance from previous block
# <min> <max>
0	81

[block]
# block no. 0 follows, 33 sequences, length 39
# corresponding to MSA columns:
# 90-128
name=unknown_A
#
# <colnr> <probs for GDERKNQSTAVLIFYWHMCP>
#	G	D	E	R	K	N	Q	S	T	A	V	L	I	F	Y	W	H	M	C	P
0	0.01824	0.01772	0.17857	0.01367	0.01887	0.01394	0.01307	0.21475	0.10238	0.12690	0.18507	0.02520	0.02433	0.00900	0.00681	0.00206	0.00637	0.00737	0.00611	0.00959
1	0.23315	0.01623	0.01961	0.18095	0.23502	0.11713	0.03804	0.01995	0.01390	0.02167	0.01093	0.01440	0.00882	0.00644	0.00645	0.00204	0.03851	0.00507	0.00341	0.00829
2	0.00832	0.00635	0.00765	0.00804	0.00941	0.00568	0.00576	0.01024	0.01523	0.02001	0.25194	0.30820	0.28514	0.01712	0.00800	0.00234	0.00344	0.01501	0.00645	0.00568
3	0.01653	0.01483	0.02272	0.14799	0.26289	0.04388	0.09871	0.08865	0.06937	0.05312	0.01493	0.01847	0.01179	0.01160	0.09256	0.00305	0.00933	0.00633	0.00405	0.00919
4	0.02113	0.01020	0.01297	0.01055	0.01459	0.00918	0.00846	0.02528	0.08715	0.41090	0.14737	0.03177	0.11373	0.01000	0.00686	0.00202	0.00481	0.00835	0.00734	0.05732
5	0.01330	0.01145	0.01640	0.08000	0.18494	0.01295	0.01206	0.04339	0.08227	0.01857	0.01630	0.02514	0.01536	0.20451	0.13072	0.00459	0.10961	0.00712	0.00387	0.00744
6	0.01340	0.02503	0.41138	0.01982	0.02675	0.01521	0.18553	0.01917	0.01372	0.01992	0.01422	0.08890	0.01225	0.00812	0.00862	0.00227	0.09662	0.00704	0.00325	0.00880
7	0.01026	0.00634	0.00851	0.00953	0.01043	0.00586	0.00664	0.01161	0.01332	0.08789	0.03521	0.66398	0.04062	0.01929	0.00825	0.00262	0.00408	0.04328	0.00631	0.00596
8	0.01208	0.01119	0.01805	0.63342	0.03985	0.01362	0.01641	0.01675	0.04144	0.01765	0.04114	0.02288	0.07328	0.00778	0.00673	0.00219	0.00797	0.00682	0.00350	0.00725
9	0.09441	0.03519	0.03563	0.01687	0.04801	0.18007	0.11161	0.19278	0.03390	0.09614	0.01555	0.06018	0.01247	0.00770	0.00639	0.00197	0.00824	0.00633	0.00493	0.03163
10	0.01397	0.01285	0.02135	0.03162	0.52552	0.01274	0.01624	0.01710	0.01432	0.02018	0.01911	0.22680	0.01975	0.01002	0.00705	0.00216	0.00669	0.00948	0.00406	0.00900
11	0.02201	0.01600	0.01866	0.01729	0.10456	0.01739	0.01250	0.34880	0.22504	0.11761	0.01978	0.01918	0.01428	0.00798	0.00661	0.00205	0.00653	0.00644	0.00640	0.01088
12	0.01453	0.20148	0.24091	0.01807	0.10710	0.01619	0.07899	0.01907	0.01449	0.02030	0.08204	0.01721	0.01431	0.00651	0.00589	0.00176	0.00762	0.00549	0.00350	0.12455
13	0.02159	0.01613	0.12357	0.04189	0.23437	0.01295	0.01517	0.06583	0.01715	0.32290	0.01858	0.01963	0.01316	0.03815	0.00763	0.00220	0.00709	0.00619	0.00548	0.01035
14	0.01400	0.12044	0.56968	0.01892	0.02780	0.01673	0.10203	0.02074	0.01403	0.02024	0.01167	0.01395	0.00854	0.00610	0.00619	0.00202	0.00957	0.00504	0.00285	0.00948
15	0.00802	0.00573	0.00764	0.00917	0.00955	0.00535	0.00611	0.00917	0.01260	0.01681	0.03628	0.76434	0.04354	0.02062	0.00840	0.00267	0.00382	0.01872	0.00611	0.00535
16	0.01138	0.01011	0.01709	0.01549	0.04092	0.00984	0.17767	0.01569	0.07572	0.02028	0.09210	0.31910	0.03304	0.01440	0.00809	0.00250	0.00613	0.11796	0.00549	0.00701
17	0.01639	0.07676	0.05464	0.02560	0.27430	0.01641	0.14873	0.08978	0.11609	0.02418	0.07679	0.02001	0.01606	0.00710	0.00671	0.00202	0.00763	0.00676	0.00438	0.00965
18	0.01535	0.10698	0.12960	0.02736	0.22555	0.01680	0.30725	0.02014	0.01478	0.02034	0.01333	0.04761	0.01113	0.00638	0.00682	0.00205	0.00921	0.00680	0.00329	0.00923
19	0.00798	0.00588	0.00748	0.00877	0.00944	0.00538	0.00593	0.00921	0.01299	0.01696	0.04116	0.65187	0.15286	0.01999	0.00830	0.00260	0.00374	0.01794	0.00611	0.00538
20	0.01371	0.16729	0.47957	0.01569	0.02338	0.04025	0.01887	0.01935	0.01426	0.01961	0.04503	0.01952	0.08160	0.00748	0.00608	0.00196	0.00840	0.00577	0.00332	0.00887
21	0.01588	0.24330	0.35195	0.01686	0.02405	0.01875	0.08606	0.03903	0.03186	0.05071	0.01210	0.01403	0.00927	0.00651	0.00677	0.00195	0.05344	0.00499	0.00328	0.00924
22	0.01084	0.00663	0.00904	0.00964	0.01069	0.00641	0.00682	0.01232	0.01285	0.09983	0.03110	0.51588	0.03470	0.05484	0.14090	0.00417	0.00661	0.01484	0.00580	0.00607
23	0.01549	0.01464	0.02484	0.03693	0.64405	0.01478	0.01881	0.01922	0.01448	0.02078	0.01300	0.01741	0.01113	0.01094	0.09240	0.00296	0.00897	0.00600	0.00329	0.00990
24	0.01598	0.01818	0.09837	0.03411	0.48001	0.03608	0.13461	0.02032	0.01478	0.02088	0.01220	0.01607	0.00999	0.00622	0.00759	0.00206	0.05349	0.00603	0.00320	0.00983
25	0.01673	0.02912	0.57924	0.01724	0.02597	0.01408	0.02116	0.02327	0.01497	0.17441	0.01487	0.01574	0.01006	0.00666	0.00633	0.00207	0.00884	0.00524	0.00394	0.01005
26	0.00919	0.00725	0.01016	0.05479	0.01284	0.00796	0.00805	0.01070	0.01211	0.01652	0.02947	0.54825	0.03431	0.02199	0.09323	0.00357	0.09352	0.01511	0.00525	0.00574
27	0.02410	0.01197	0.01465	0.01159	0.01563	0.01164	0.00916	0.19525	0.01986	0.40453	0.02231	0.02522	0.01667	0.17228	0.01242	0.00296	0.00618	0.00708	0.00686	0.00964
28	0.13580	0.01825	0.10564	0.03801	0.09332	0.04507	0.16673	0.13759	0.08219	0.05341	0.01485	0.03391	0.01147	0.00715	0.00685	0.00211	0.02765	0.00625	0.00446	0.00928
29	0.01049	0.00647	0.00858	0.00946	0.01035	0.00604	0.00660	0.01181	0.01313	0.08762	0.03371	0.57217	0.03860	0.08860	0.01061	0.00298	0.00440	0.06640	0.00611	0.00586
30	0.01262	0.01206	0.02089	0.70941	0.04469	0.01475	0.05931	0.01708	0.01331	0.01708	0.01180	0.01756	0.00885	0.00652	0.00665	0.00220	0.00891	0.00597	0.00295	0.00741
31	0.00913	0.00672	0.00854	0.00809	0.00972	0.00613	0.00607	0.01206	0.01820	0.02536	0.64458	0.05089	0.14228	0.01385	0.00777	0.00209	0.00313	0.01215	0.00711	0.00613
32	0.01873	0.01442	0.08710	0.01331	0.01787	0.01243	0.06253	0.21067	0.02013	0.18708	0.05893	0.11368	0.13248	0.01075	0.00710	0.00214	0.00620	0.00915	0.00622	0.00907
33	0.01601	0.01566	0.02719	0.06673	0.51615	0.01583	0.12881	0.02166	0.08452	0.02183	0.01393	0.01740	0.01124	0.00615	0.00674	0.00204	0.00813	0.00633	0.00360	0.01004
34	0.03748	0.01111	0.01345	0.01143	0.01431	0.01184	0.00910	0.12994	0.10093	0.14070	0.32790	0.03222	0.03498	0.01081	0.00854	0.00215	0.07923	0.00875	0.00670	0.00842
35	0.01579	0.01209	0.01322	0.01182	0.01524	0.01323	0.00920	0.02898	0.48180	0.09478	0.11290	0.03192	0.10988	0.01032	0.00695	0.00219	0.00478	0.00866	0.00683	0.00942
36	0.56826	0.01324	0.01221	0.01242	0.08415	0.04543	0.00884	0.02040	0.01317	0.09311	0.06459	0.01527	0.01248	0.00685	0.00491	0.00202	0.00556	0.00473	0.00458	0.00779
37	0.16719	0.01733	0.01768	0.01475	0.01904	0.14686	0.09114	0.06112	0.27321	0.09788	0.01834	0.01826	0.01360	0.00750	0.00619	0.00207	0.00722	0.00603	0.00537	0.00925
38	0.12543	0.01491	0.01717	0.01373	0.01806	0.08560	0.09050	0.15677	0.05340	0.18635	0.10742	0.02385	0.06084	0.00860	0.00656	0.00204	0.00666	0.00711	0.00597	0.00905

[dist]
# distance from previous block
# <min> <max>
0	1

[block]
# block no. 1 follows, 33 sequences, length 82
# corresponding to MSA columns:
# 130-161,164-213
name=unknown_B
#
# <colnr> <probs for GDERKNQSTAVLIFYWHMCP>
#	G	D	E	R	K	N	Q	S	T	A	V	L	I	F	Y	W	H	M	C	P
0	0.02568	0.01959	0.01820	0.01467	0.01938	0.19057	0.01178	0.35092	0.05224	0.20433	0.01739	0.01683	0.01215	0.00774	0.00644	0.00193	0.00787	0.00575	0.00621	0.01031
1	0.08912	0.01500	0.02450	0.10462	0.59781	0.01547	0.01883	0.01981	0.01447	0.02180	0.01202	0.01590	0.00997	0.00596	0.00630	0.00199	0.00766	0.00565	0.00330	0.00983
2	0.01049	0.00908	0.00914	0.01001	0.01083	0.09998	0.00689	0.01142	0.01326	0.01654	0.05206	0.55717	0.05717	0.01872	0.00964	0.07634	0.00499	0.01532	0.00550	0.00544
3	0.02263	0.01527	0.01753	0.01398	0.01814	0.01671	0.01139	0.44188	0.02486	0.14950	0.04027	0.09206	0.01655	0.00971	0.00818	0.00214	0.07516	0.00748	0.00648	0.01010
4	0.01506	0.01450	0.02529	0.11223	0.52875	0.01468	0.07833	0.01891	0.01463	0.02054	0.01458	0.08509	0.01325	0.00727	0.00681	0.00207	0.00784	0.00721	0.00349	0.00950
5	0.00809	0.00672	0.00710	0.00712	0.00923	0.00573	0.00541	0.00999	0.01542	0.01885	0.13902	0.06230	0.61672	0.01639	0.00784	0.00225	0.00344	0.04649	0.00624	0.00566
6	0.08572	0.01415	0.01695	0.11997	0.09104	0.03377	0.01261	0.08278	0.27054	0.02450	0.01939	0.02067	0.04176	0.00853	0.00838	0.00222	0.10631	0.00652	0.02521	0.00896
7	0.01278	0.01352	0.09758	0.03318	0.04017	0.01121	0.13626	0.10333	0.01739	0.02366	0.18644	0.15886	0.11420	0.01173	0.00749	0.00221	0.00627	0.01068	0.00539	0.00766
8	0.01248	0.00942	0.01000	0.00916	0.01134	0.07388	0.00696	0.01517	0.01808	0.09412	0.48394	0.04538	0.15898	0.01284	0.00749	0.00206	0.00419	0.01100	0.00680	0.00673
9	0.01262	0.01189	0.02008	0.71892	0.07780	0.01467	0.01837	0.01698	0.01325	0.01704	0.01173	0.01749	0.00885	0.00655	0.00658	0.00218	0.00873	0.00585	0.00294	0.00746
10	0.01670	0.01641	0.02633	0.03926	0.69289	0.05127	0.01984	0.02050	0.01517	0.02124	0.01227	0.01608	0.01033	0.00591	0.00649	0.00194	0.00802	0.00579	0.00327	0.01029
11	0.26404	0.01866	0.01502	0.01273	0.01699	0.24587	0.01010	0.07851	0.01742	0.23869	0.01509	0.01501	0.01065	0.00708	0.00563	0.00192	0.00758	0.00489	0.00528	0.00884
12	0.00812	0.00668	0.00715	0.00703	0.00910	0.00570	0.00527	0.01011	0.01582	0.01971	0.21382	0.06018	0.57657	0.01595	0.00778	0.00219	0.00328	0.01345	0.00637	0.00570
13	0.02954	0.01120	0.01528	0.01171	0.01681	0.00968	0.00968	0.03208	0.01884	0.73213	0.02597	0.02241	0.01630	0.00815	0.00662	0.00204	0.00560	0.00662	0.00815	0.01120
14	0.01334	0.01262	0.02138	0.58602	0.20507	0.01486	0.01873	0.01761	0.01359	0.01792	0.01186	0.01726	0.00916	0.00641	0.00657	0.00214	0.00855	0.00585	0.00300	0.00804
15	0.00891	0.00671	0.00824	0.00786	0.00959	0.00604	0.00589	0.01164	0.01768	0.02412	0.55035	0.05292	0.23729	0.01431	0.00777	0.00211	0.00317	0.01243	0.00695	0.00604
16	0.00802	0.00573	0.00764	0.00917	0.00955	0.00535	0.00611	0.00917	0.01260	0.01681	0.03628	0.76434	0.04354	0.02062	0.00840	0.00267	0.00382	0.01872	0.00611	0.00535
17	0.01618	0.01417	0.01541	0.01378	0.01714	0.01675	0.01082	0.03308	0.64565	0.02638	0.02499	0.02355	0.01896	0.00919	0.00818	0.00230	0.07979	0.00728	0.00632	0.01010
18	0.00898	0.00663	0.00839	0.00814	0.00968	0.00604	0.00603	0.01171	0.01757	0.02431	0.56881	0.11669	0.15344	0.01457	0.00783	0.00215	0.00320	0.01281	0.00698	0.00604
19	0.00898	0.00669	0.00934	0.00966	0.01067	0.00723	0.00715	0.01083	0.01133	0.01563	0.02628	0.18524	0.08762	0.09742	0.46532	0.00783	0.01254	0.01032	0.00434	0.00559
20	0.02339	0.02437	0.01990	0.01677	0.02093	0.42015	0.07543	0.12271	0.09845	0.09248	0.01469	0.01544	0.01108	0.00720	0.00635	0.00188	0.00978	0.00540	0.00468	0.00891
21	0.01531	0.09535	0.15642	0.02426	0.03114	0.01746	0.49831	0.02075	0.01488	0.02033	0.01251	0.01628	0.00951	0.00586	0.00758	0.00214	0.03300	0.00679	0.00317	0.00893
22	0.01460	0.01391	0.02366	0.35356	0.42769	0.01520	0.01936	0.01872	0.01419	0.01945	0.01208	0.01685	0.00970	0.00618	0.00655	0.00206	0.00824	0.00586	0.00311	0.00906
23	0.01596	0.01619	0.02441	0.29876	0.29842	0.09283	0.09525	0.04299	0.01531	0.01983	0.01212	0.01644	0.00959	0.00626	0.00662	0.00205	0.00895	0.00590	0.00327	0.00883
24	0.01321	0.01223	0.01997	0.24070	0.35063	0.01290	0.01605	0.01682	0.01467	0.01996	0.08434	0.06136	0.09231	0.00864	0.00688	0.00210	0.00699	0.00790	0.00397	0.00836
25	0.03297	0.14783	0.34342	0.01907	0.12166	0.05158	0.01818	0.02123	0.01470	0.08508	0.01455	0.01936	0.01184	0.00729	0.00617	0.00201	0.00834	0.06175	0.00368	0.00929
26	0.03880	0.03089	0.61320	0.01885	0.04509	0.01539	0.04284	0.05594	0.01493	0.04635	0.01248	0.01436	0.00882	0.00637	0.00627	0.00208	0.00931	0.00505	0.00322	0.00977
27	0.01941	0.00941	0.03035	0.01060	0.01381	0.00795	0.00843	0.02171	0.01667	0.38648	0.12398	0.26579	0.03114	0.01286	0.00734	0.00225	0.00479	0.01121	0.00723	0.00859
28	0.01471	0.01223	0.02014	0.49512	0.18312	0.01392	0.01720	0.01869	0.01420	0.08884	0.01588	0.01995	0.04394	0.00707	0.00663	0.00213	0.00800	0.00631	0.00366	0.00827
29	0.01686	0.05663	0.19127	0.06081	0.33055	0.01548	0.10795	0.02163	0.01508	0.10066	0.01371	0.01639	0.01038	0.00619	0.00652	0.00201	0.00844	0.00585	0.00367	0.00992
30	0.01744	0.01317	0.02153	0.05519	0.21772	0.01323	0.13059	0.02216	0.08443	0.16538	0.01884	0.06515	0.01572	0.08791	0.01032	0.00260	0.03708	0.00764	0.00482	0.00908
31	0.01033	0.00832	0.01264	0.01146	0.01260	0.00906	0.07603	0.01198	0.01086	0.01515	0.01933	0.09794	0.02035	0.29405	0.29659	0.00695	0.06796	0.00899	0.00386	0.00556
32	0.01775	0.01788	0.12678	0.05925	0.41555	0.01525	0.05598	0.06639	0.03507	0.10441	0.01450	0.01697	0.01102	0.00641	0.00657	0.00202	0.00795	0.00596	0.00405	0.01026
33	0.43630	0.01655	0.01627	0.04154	0.21737	0.13308	0.01208	0.02064	0.01354	0.02470	0.01032	0.01268	0.00833	0.00617	0.00514	0.00196	0.00708	0.00440	0.00370	0.00815
34	0.01603	0.01487	0.02091	0.05209	0.38009	0.06490	0.03222	0.09200	0.04983	0.02258	0.01874	0.13732	0.03536	0.00899	0.00682	0.00208	0.00718	0.00815	0.02070	0.00914
35	0.01777	0.01571	0.02406	0.14014	0.46084	0.01661	0.01812	0.18018	0.01846	0.02549	0.01308	0.01637	0.01036	0.00645	0.00654	0.00200	0.00783	0.00588	0.00399	0.01015
36	0.01298	0.09679	0.03605	0.01633	0.14584	0.01328	0.01074	0.01650	0.08141	0.01708	0.01651	0.02623	0.01616	0.25831	0.12585	0.00473	0.08725	0.00709	0.00377	0.00710
37	0.01238	0.01066	0.01526	0.01976	0.24259	0.01066	0.01186	0.01738	0.10622	0.02171	0.12426	0.07641	0.15532	0.01223	0.00750	0.00229	0.00552	0.13465	0.00541	0.00793
38	0.01404	0.08722	0.01572	0.00990	0.01573	0.01049	0.00814	0.01689	0.01362	0.02086	0.01145	0.01334	0.00962	0.00495	0.00481	0.00102	0.00509	0.00386	0.00379	0.72944
39	0.01230	0.01115	0.01555	0.02059	0.25202	0.05399	0.01199	0.01474	0.01377	0.01840	0.02506	0.26857	0.05904	0.01794	0.10215	0.00340	0.02425	0.06314	0.00458	0.00737
40	0.01875	0.32207	0.05936	0.08172	0.02100	0.28223	0.01301	0.02128	0.01547	0.01652	0.01244	0.01816	0.01141	0.00741	0.00564	0.00178	0.00899	0.07153	0.00336	0.00787
41	0.00824	0.00584	0.00767	0.00905	0.00942	0.00551	0.00602	0.00933	0.01237	0.01648	0.03470	0.67424	0.04144	0.09480	0.01091	0.00305	0.00413	0.03564	0.00590	0.00523
42	0.01277	0.01205	0.02036	0.68994	0.10556	0.01472	0.01845	0.01712	0.01332	0.01723	0.01176	0.01744	0.00892	0.00652	0.00658	0.00217	0.00869	0.00585	0.00295	0.00759
43	0.03871	0.01265	0.01543	0.01627	0.15582	0.05288	0.01039	0.01771	0.02962	0.04767	0.01641	0.09342	0.01547	0.04914	0.00742	0.00186	0.00593	0.03326	0.00428	0.37564
44	0.01594	0.01528	0.02608	0.10568	0.66507	0.01555	0.02003	0.01989	0.01482	0.02108	0.01232	0.01641	0.01028	0.00593	0.00652	0.00198	0.00791	0.00586	0.00323	0.01014
45	0.01055	0.00877	0.01348	0.01874	0.22949	0.00850	0.01043	0.01255	0.01333	0.01825	0.02896	0.53521	0.03340	0.01610	0.00783	0.00245	0.00505	0.01478	0.00524	0.00690
46	0.01637	0.01414	0.01489	0.01340	0.01712	0.01637	0.01042	0.03498	0.71568	0.02754	0.02679	0.02456	0.02010	0.00893	0.00670	0.00223	0.00521	0.00744	0.00670	0.01042
47	0.01311	0.01245	0.02068	0.59400	0.13033	0.01526	0.01817	0.01716	0.01312	0.01733	0.01151	0.01710	0.00898	0.00694	0.00795	0.00223	0.07716	0.00584	0.00296	0.00770
48	0.02795	0.01202	0.01668	0.01484	0.09018	0.01082	0.01090	0.06389	0.01904	0.62508	0.02407	0.02145	0.01544	0.00790	0.00661	0.00203	0.00591	0.00651	0.00757	0.01112
49	0.01220	0.01098	0.01710	0.02440	0.37056	0.01064	0.01308	0.01492	0.01443	0.01948	0.03113	0.20819	0.18150	0.01223	0.00733	0.00222	0.00579	0.03117	0.00468	0.00797
50	0.01243	0.01170	0.01975	0.75282	0.04534	0.01463	0.01828	0.01682	0.01316	0.01682	0.01170	0.01755	0.00878	0.00658	0.00658	0.00219	0.00878	0.00585	0.00293	0.00731
51	0.01235	0.01146	0.01967	0.45734	0.10468	0.01306	0.07427	0.01624	0.01366	0.01791	0.01718	0.11848	0.01617	0.00929	0.00714	0.00231	0.00799	0.06973	0.00369	0.00739
52	0.03763	0.01368	0.07772	0.17725	0.11713	0.01202	0.01415	0.02518	0.01637	0.37775	0.01995	0.02191	0.01400	0.00775	0.00663	0.00211	0.00694	0.03627	0.00575	0.00982
53	0.00820	0.00590	0.00782	0.00929	0.00983	0.00552	0.00640	0.00951	0.01289	0.01706	0.03739	0.68529	0.07020	0.02029	0.00843	0.00268	0.00397	0.06783	0.00611	0.00541
54	0.01701	0.03772	0.01580	0.01350	0.01734	0.03600	0.01060	0.06415	0.64557	0.02749	0.02533	0.02341	0.01904	0.00873	0.00660	0.00218	0.00553	0.00717	0.00649	0.01032
55	0.01608	0.01126	0.01485	0.01484	0.12291	0.00992	0.00982	0.01991	0.06637	0.14925	0.03494	0.12687	0.01827	0.03138	0.00701	0.00184	0.00533	0.00744	0.00517	0.32653
56	0.01756	0.01749	0.09262	0.09111	0.24798	0.05872	0.06830	0.13242	0.04164	0.06955	0.01921	0.02101	0.07759	0.00760	0.00670	0.00204	0.00785	0.00668	0.00444	0.00951
57	0.01592	0.01779	0.03809	0.02725	0.03385	0.01680	0.67620	0.04829	0.01615	0.02190	0.01342	0.01768	0.01004	0.00564	0.00772	0.00221	0.01095	0.00770	0.00346	0.00897
58	0.01598	0.01412	0.08393	0.12826	0.23565	0.01279	0.01506	0.04121	0.07292	0.12076	0.02034	0.14093	0.01828	0.00960	0.00696	0.00220	0.00686	0.04030	0.00483	0.00902
59	0.01959	0.01467	0.01950	0.20722	0.10107	0.04027	0.03182	0.19295	0.07052	0.14336	0.01636	0.01830	0.01196	0.00917	0.03637	0.00244	0.04373	0.00615	0.00507	0.00948
60	0.01420	0.01038	0.01620	0.04632	0.27310	0.01012	0.01241	0.01677	0.01448	0.11373	0.02530	0.32407	0.02634	0.01297	0.00746	0.00233	0.00582	0.05466	0.00523	0.00809
61	0.01322	0.01119	0.01697	0.02275	0.28141	0.01140	0.01403	0.01807	0.08454	0.02106	0.02568	0.07105	0.02602	0.01273	0.00787	0.00254	0.00656	0.33973	0.00508	0.00811
62	0.01828	0.01469	0.01591	0.01377	0.01763	0.01686	0.01089	0.13977	0.54312	0.06274	0.02421	0.02263	0.01800	0.00885	0.00734	0.00221	0.03900	0.00709	0.00658	0.01044
63	0.01139	0.00881	0.01133	0.01217	0.07681	0.00868	0.00816	0.08193	0.04887	0.02453	0.34092	0.19970	0.11303	0.01390	0.00763	0.00221	0.00422	0.01225	0.00643	0.00702
64	0.01480	0.01412	0.02403	0.31512	0.46450	0.01525	0.01946	0.01890	0.01429	0.01970	0.01212	0.01678	0.00979	0.00614	0.00654	0.00205	0.00819	0.00586	0.00313	0.00923
65	0.01564	0.01767	0.19152	0.05711	0.14049	0.01299	0.10277	0.02142	0.07431	0.12138	0.08638	0.02522	0.08710	0.00830	0.00689	0.00210	0.00733	0.00746	0.00476	0.00914
66	0.01775	0.01357	0.02019	0.19236	0.11669	0.01454	0.08255	0.11875	0.11893	0.12275	0.01930	0.02523	0.01541	0.00844	0.00700	0.00221	0.00741	0.08252	0.00515	0.00926
67	0.01594	0.01528	0.02608	0.10568	0.66507	0.01555	0.02003	0.01989	0.01482	0.02108	0.01232	0.01641	0.01028	0.00593	0.00652	0.00198	0.00791	0.00586	0.00323	0.01014
68	0.01409	0.01339	0.02274	0.44736	0.33786	0.01506	0.01911	0.01827	0.01395	0.01883	0.01199	0.01701	0.00948	0.00627	0.00655	0.00209	0.00837	0.00586	0.00307	0.00865
69	0.01491	0.01049	0.04634	0.08430	0.01669	0.00982	0.00963	0.03752	0.11938	0.14985	0.16292	0.17071	0.03044	0.01166	0.00706	0.00219	0.00506	0.02703	0.07603	0.00795
70	0.01505	0.01882	0.20989	0.02100	0.09456	0.01352	0.22357	0.02073	0.05587	0.08592	0.01903	0.12490	0.01681	0.00892	0.00723	0.00224	0.00831	0.04037	0.00434	0.00893
71	0.02283	0.02811	0.01846	0.01667	0.01975	0.60405	0.01268	0.02605	0.08166	0.01713	0.01155	0.01329	0.00956	0.00745	0.00756	0.00186	0.08518	0.00468	0.00364	0.00784
72	0.00907	0.00647	0.00792	0.00801	0.00882	0.00627	0.00537	0.01043	0.01303	0.01764	0.20868	0.15227	0.11167	0.31629	0.08534	0.00466	0.00586	0.01177	0.00533	0.00510
73	0.01433	0.01176	0.01464	0.01262	0.08059	0.00928	0.00894	0.01725	0.01396	0.05287	0.01357	0.05000	0.01171	0.00586	0.00527	0.00119	0.00513	0.00491	0.00414	0.66199
74	0.01679	0.01457	0.02497	0.15196	0.44985	0.01467	0.08091	0.02075	0.01506	0.09123	0.01368	0.01712	0.01067	0.00614	0.00658	0.00198	0.00793	0.00602	0.00372	0.04540
75	0.01243	0.01170	0.01975	0.75282	0.04534	0.01463	0.01828	0.01682	0.01316	0.01682	0.01170	0.01755	0.00878	0.00658	0.00658	0.00219	0.00878	0.00585	0.00293	0.00731
76	0.01573	0.01506	0.02570	0.14501	0.62740	0.01549	0.01992	0.01971	0.01472	0.02082	0.01228	0.01648	0.01019	0.00597	0.00653	0.00199	0.00796	0.00586	0.00321	0.00997
77	0.00950	0.00667	0.00866	0.00866	0.00917	0.00718	0.00583	0.01052	0.01001	0.01386	0.01939	0.03561	0.02069	0.45636	0.34135	0.00820	0.01127	0.00848	0.00379	0.00481
78	0.02582	0.01030	0.01407	0.01133	0.01563	0.00905	0.00915	0.02818	0.01765	0.60623	0.02690	0.11779	0.01980	0.01171	0.04186	0.00253	0.00595	0.00819	0.00767	0.01020
79	0.00818	0.00612	0.00760	0.00842	0.00944	0.00554	0.00586	0.00977	0.01417	0.01862	0.15692	0.47852	0.20986	0.01850	0.00815	0.00247	0.00359	0.01644	0.00630	0.00554
80	0.00895	0.00689	0.00893	0.01041	0.04514	0.00647	0.00700	0.01123	0.03541	0.01895	0.12886	0.43731	0.17430	0.01772	0.00810	0.00248	0.00401	0.05575	0.00613	0.00594
81	0.02334	0.12349	0.01984	0.01412	0.05898	0.01282	0.05867	0.04355	0.01767	0.42180	0.08840	0.02206	0.01840	0.00784	0.00638	0.00191	0.00610	0.00659	0.00645	0.04160

[dist]
# distance from previous block
# <min> <max>
0	2

# created by:
# /home/berkeley/.conda/envs/busco_data_prod/bin/msa2prfl.pl pipeline/OGs_align_augustus/5794/33649.fs
