[name]
unknown

[dist]
# distance from previous block
# <min> <max>
2	211

[block]
# block no. 0 follows, 24 sequences, length 8
# corresponding to MSA columns:
# 414-421
name=unknown_A
#
# <colnr> <probs for GDERKNQSTAVLIFYWHMCP>
#	G	D	E	R	K	N	Q	S	T	A	V	L	I	F	Y	W	H	M	C	P
0	0.09059	0.01795	0.01991	0.01885	0.07907	0.10747	0.04678	0.05091	0.12579	0.11929	0.04421	0.05873	0.02016	0.01128	0.00953	0.04289	0.02928	0.03258	0.00620	0.06853
1	0.05055	0.06520	0.01771	0.10543	0.02192	0.04599	0.01194	0.05827	0.01850	0.06209	0.10506	0.10573	0.02757	0.01718	0.08223	0.00348	0.00870	0.05072	0.00585	0.13587
2	0.05135	0.05263	0.06425	0.01332	0.01797	0.01301	0.01122	0.02444	0.12690	0.11609	0.08567	0.19356	0.03021	0.01303	0.00792	0.00241	0.00614	0.01113	0.00683	0.15192
3	0.01957	0.01537	0.02415	0.19389	0.28927	0.01611	0.01877	0.02557	0.07342	0.11512	0.10604	0.02717	0.02240	0.00919	0.00811	0.00249	0.00830	0.00832	0.00563	0.01110
4	0.01753	0.01864	0.07335	0.06011	0.23403	0.05083	0.05290	0.02184	0.01726	0.02433	0.01822	0.06517	0.01686	0.00948	0.00867	0.00230	0.04370	0.05716	0.00453	0.20308
5	0.02026	0.01636	0.07664	0.01554	0.02130	0.01318	0.05627	0.10777	0.02043	0.14004	0.02497	0.15188	0.02269	0.01169	0.00799	0.00230	0.00730	0.04552	0.00650	0.23137
6	0.01656	0.01699	0.06560	0.18484	0.22683	0.01621	0.06996	0.02284	0.07177	0.02439	0.02080	0.10102	0.01898	0.01023	0.00826	0.00256	0.00897	0.04110	0.00477	0.06731
7	0.01688	0.07396	0.01993	0.01934	0.11410	0.12766	0.01321	0.01990	0.01576	0.02034	0.01735	0.02384	0.01565	0.03419	0.35951	0.00751	0.01597	0.00704	0.00414	0.07371

[dist]
# distance from previous block
# <min> <max>
0	5

[block]
# block no. 1 follows, 24 sequences, length 37
# corresponding to MSA columns:
# 427-463
name=unknown_B
#
# <colnr> <probs for GDERKNQSTAVLIFYWHMCP>
#	G	D	E	R	K	N	Q	S	T	A	V	L	I	F	Y	W	H	M	C	P
0	0.02668	0.01795	0.02403	0.01837	0.02452	0.07654	0.13425	0.07318	0.06753	0.28770	0.04983	0.02430	0.01843	0.00884	0.00795	0.00230	0.00858	0.00782	0.00718	0.11403
1	0.01863	0.46686	0.03231	0.07595	0.02212	0.02405	0.01295	0.02172	0.01700	0.02157	0.10148	0.02035	0.01926	0.00806	0.00604	0.00182	0.00767	0.00594	0.00431	0.11191
2	0.07161	0.01780	0.12088	0.01421	0.02042	0.01301	0.01323	0.07705	0.01858	0.02822	0.04709	0.07779	0.02130	0.01043	0.00736	0.00211	0.00709	0.08586	0.00549	0.34047
3	0.04702	0.04472	0.01976	0.01604	0.02064	0.09282	0.01269	0.27707	0.12043	0.08157	0.02552	0.15939	0.02266	0.01247	0.00811	0.00254	0.00793	0.01013	0.00729	0.01120
4	0.01067	0.00839	0.00892	0.00916	0.01144	0.00764	0.00672	0.01417	0.06319	0.02277	0.06459	0.19641	0.44003	0.01937	0.00908	0.00271	0.00427	0.01648	0.07688	0.00713
5	0.01804	0.01663	0.06166	0.01338	0.01982	0.01338	0.01131	0.10530	0.06476	0.02861	0.01707	0.02100	0.01432	0.07240	0.00958	0.00213	0.00685	0.00604	0.00529	0.49242
6	0.01844	0.01425	0.01673	0.01228	0.01906	0.01133	0.00983	0.02329	0.06350	0.08608	0.01699	0.01836	0.01337	0.00659	0.00622	0.00140	0.00598	0.00531	0.00541	0.64556
7	0.02874	0.03504	0.02345	0.02288	0.08385	0.58477	0.01613	0.07091	0.02303	0.02199	0.01294	0.01510	0.01064	0.00816	0.00727	0.00209	0.01349	0.00542	0.00432	0.00978
8	0.01752	0.02217	0.13940	0.22253	0.03920	0.06722	0.24133	0.02354	0.01760	0.02388	0.01600	0.02094	0.01208	0.00759	0.00804	0.00250	0.01125	0.00756	0.08980	0.00983
9	0.02037	0.01736	0.01829	0.01627	0.02087	0.02003	0.01271	0.07958	0.61902	0.03421	0.03145	0.02893	0.02354	0.01068	0.00806	0.00267	0.00643	0.00885	0.00806	0.01261
10	0.00952	0.00744	0.00865	0.00962	0.01113	0.00656	0.00673	0.01120	0.01655	0.02080	0.06100	0.41410	0.34332	0.02260	0.00977	0.00296	0.00432	0.01980	0.00736	0.00656
11	0.01133	0.00850	0.01274	0.01274	0.01416	0.00991	0.00991	0.01416	0.01274	0.01841	0.02124	0.03115	0.01982	0.05947	0.68989	0.01274	0.02124	0.00850	0.00425	0.00708
12	0.01007	0.00802	0.00903	0.00886	0.01116	0.00698	0.00661	0.01270	0.01960	0.02524	0.29729	0.09213	0.42666	0.01881	0.00939	0.00263	0.00393	0.01605	0.00787	0.00698
13	0.02497	0.02857	0.02620	0.07680	0.26507	0.36950	0.01909	0.05357	0.02101	0.02312	0.01364	0.01692	0.01124	0.00780	0.00749	0.00221	0.01202	0.00604	0.00415	0.01059
14	0.02962	0.03779	0.02247	0.02043	0.02451	0.68948	0.01532	0.03166	0.02247	0.01941	0.01226	0.01430	0.01021	0.00817	0.00715	0.00204	0.01430	0.00511	0.00409	0.00919
15	0.00958	0.00721	0.00889	0.01023	0.01129	0.00651	0.00700	0.01113	0.01596	0.02056	0.05360	0.54322	0.21898	0.02356	0.00992	0.00307	0.00444	0.02097	0.00736	0.00651
16	0.02962	0.03779	0.02247	0.02043	0.02451	0.68948	0.01532	0.03166	0.02247	0.01941	0.01226	0.01430	0.01021	0.00817	0.00715	0.00204	0.01430	0.00511	0.00409	0.00919
17	0.01996	0.56540	0.19136	0.01569	0.02363	0.02834	0.01726	0.02407	0.01626	0.02017	0.01178	0.01366	0.01015	0.00696	0.00566	0.00189	0.00924	0.00462	0.00338	0.01054
18	0.01668	0.01584	0.02687	0.46204	0.28147	0.01807	0.02287	0.02176	0.01666	0.02234	0.01440	0.02058	0.01130	0.00761	0.00790	0.00254	0.01015	0.00705	0.00367	0.01019
19	0.01119	0.00866	0.01026	0.00976	0.01206	0.00803	0.00735	0.01559	0.06236	0.02859	0.43938	0.06274	0.26055	0.01709	0.00928	0.00257	0.00399	0.01475	0.00825	0.00756
20	0.02193	0.02209	0.02976	0.03752	0.41424	0.12845	0.06581	0.08222	0.02047	0.02701	0.01488	0.01860	0.01217	0.00736	0.00771	0.00224	0.01019	0.00675	0.00438	0.06622
21	0.01178	0.00913	0.01058	0.01037	0.01291	0.00819	0.00755	0.01540	0.06012	0.02371	0.08791	0.29778	0.20876	0.01800	0.00875	0.00258	0.00464	0.01568	0.05949	0.12667
22	0.01964	0.24775	0.07385	0.02158	0.15976	0.02121	0.01578	0.10216	0.03921	0.02692	0.06561	0.02363	0.05914	0.00882	0.00696	0.00208	0.00798	0.00705	0.00499	0.08590
23	0.01548	0.07110	0.22389	0.02329	0.12659	0.01582	0.10264	0.02112	0.01841	0.02589	0.16895	0.08104	0.05001	0.01098	0.00833	0.00251	0.00875	0.00994	0.00520	0.01008
24	0.01121	0.00846	0.01156	0.01291	0.01370	0.00881	0.00975	0.01324	0.01574	0.02109	0.04019	0.48155	0.04674	0.02304	0.01181	0.00336	0.06969	0.18328	0.00699	0.00688
25	0.01895	0.02400	0.16298	0.11703	0.43021	0.06024	0.02452	0.02448	0.01781	0.02469	0.01452	0.01888	0.01167	0.00733	0.00775	0.00240	0.01033	0.00670	0.00377	0.01175
26	0.04234	0.02031	0.17514	0.06454	0.15532	0.01523	0.01807	0.06539	0.04491	0.09394	0.10323	0.11866	0.02617	0.01137	0.00821	0.00257	0.00812	0.00987	0.00590	0.01070
27	0.02372	0.20872	0.07241	0.01831	0.02423	0.18474	0.06152	0.11005	0.12284	0.04646	0.01733	0.01863	0.01362	0.01015	0.03175	0.00258	0.01056	0.00634	0.00517	0.01088
28	0.00964	0.00698	0.00912	0.01082	0.01144	0.00646	0.00726	0.01107	0.01539	0.02033	0.04636	0.66974	0.09713	0.02450	0.01007	0.00318	0.00456	0.02212	0.00736	0.00646
29	0.01537	0.01672	0.10559	0.25282	0.16308	0.01490	0.03852	0.02036	0.01682	0.02391	0.04098	0.09870	0.01982	0.01032	0.00795	0.00255	0.00870	0.02661	0.10681	0.00947
30	0.02274	0.09630	0.26938	0.02220	0.05191	0.12832	0.08801	0.13252	0.02175	0.07031	0.01576	0.01763	0.01160	0.00795	0.00755	0.00235	0.01110	0.00636	0.00476	0.01150
31	0.01117	0.00859	0.01157	0.01391	0.05986	0.00809	0.00960	0.01362	0.01722	0.02256	0.09467	0.34369	0.17098	0.02130	0.00995	0.00310	0.00540	0.16031	0.00720	0.00721
32	0.01153	0.00769	0.00865	0.00865	0.00865	0.00769	0.00480	0.01153	0.01153	0.01538	0.02499	0.05189	0.02883	0.72131	0.04036	0.00769	0.00769	0.01153	0.00480	0.00480
33	0.30238	0.02020	0.02092	0.02249	0.17092	0.09024	0.01473	0.18419	0.02195	0.06092	0.01492	0.01673	0.01137	0.00803	0.00672	0.00237	0.00844	0.00590	0.00556	0.01102
34	0.02128	0.06981	0.03454	0.12597	0.19537	0.02027	0.22957	0.10864	0.02073	0.07167	0.01656	0.02036	0.01254	0.00755	0.00819	0.00247	0.01057	0.00770	0.00480	0.01142
35	0.01146	0.00797	0.01008	0.01008	0.01058	0.00847	0.00659	0.01245	0.01196	0.01644	0.02367	0.04463	0.02568	0.48950	0.26786	0.00946	0.01243	0.01047	0.00461	0.00560
36	0.72615	0.01545	0.01208	0.01081	0.01569	0.01792	0.00886	0.02458	0.05700	0.03542	0.01248	0.01401	0.00964	0.00759	0.00512	0.00247	0.00614	0.00461	0.00512	0.00886

[dist]
# distance from previous block
# <min> <max>
0	1

[block]
# block no. 2 follows, 24 sequences, length 43
# corresponding to MSA columns:
# 465-507
name=unknown_C
#
# <colnr> <probs for GDERKNQSTAVLIFYWHMCP>
#	G	D	E	R	K	N	Q	S	T	A	V	L	I	F	Y	W	H	M	C	P
0	0.00956	0.00797	0.00834	0.00840	0.01086	0.00675	0.00624	0.01168	0.01829	0.02229	0.13127	0.11440	0.57667	0.02003	0.00942	0.00269	0.00403	0.01688	0.00749	0.00675
1	0.01246	0.01684	0.17140	0.16088	0.02607	0.01185	0.01554	0.01695	0.01711	0.02321	0.12477	0.22657	0.11458	0.01529	0.00883	0.00276	0.00737	0.01337	0.00579	0.00838
2	0.02288	0.32124	0.05630	0.02059	0.02754	0.07809	0.18129	0.15238	0.02166	0.02711	0.01419	0.01655	0.01135	0.00745	0.00704	0.00215	0.01038	0.00631	0.00454	0.01096
3	0.00993	0.00796	0.00870	0.00868	0.01087	0.00692	0.00635	0.01215	0.01842	0.02321	0.20228	0.11071	0.45915	0.06553	0.01145	0.00300	0.00423	0.01623	0.00749	0.00673
4	0.01475	0.01176	0.01502	0.01587	0.08970	0.01192	0.01068	0.06176	0.12987	0.03192	0.40762	0.04809	0.09096	0.01404	0.00887	0.00251	0.00516	0.01227	0.00793	0.00927
5	0.02640	0.01119	0.01496	0.01254	0.01681	0.00989	0.00991	0.02930	0.02087	0.43165	0.11097	0.15277	0.03223	0.01321	0.00833	0.00255	0.00576	0.01128	0.06835	0.01104
6	0.01200	0.00851	0.01158	0.01320	0.01454	0.00842	0.01077	0.01478	0.01686	0.02207	0.04039	0.21220	0.04509	0.10262	0.01415	0.00403	0.00680	0.42812	0.00703	0.00684
7	0.04846	0.02278	0.02520	0.07345	0.24771	0.15767	0.01820	0.16236	0.11053	0.03072	0.01746	0.01965	0.01362	0.00840	0.00766	0.00236	0.00981	0.00685	0.00540	0.01169
8	0.03014	0.02221	0.02380	0.01825	0.02459	0.02459	0.01507	0.64541	0.03728	0.04998	0.01904	0.01904	0.01349	0.00952	0.00793	0.00238	0.00873	0.00714	0.00793	0.01349
9	0.01151	0.00778	0.00912	0.00912	0.00928	0.00794	0.00539	0.01183	0.01167	0.01572	0.02456	0.04952	0.02780	0.64550	0.11477	0.00827	0.00924	0.01118	0.00474	0.00507
10	0.01333	0.00710	0.01033	0.01033	0.01044	0.00722	0.00689	0.01077	0.01066	0.01432	0.01564	0.02784	0.01597	0.10952	0.08361	0.62285	0.00810	0.00755	0.00366	0.00388
11	0.01498	0.01409	0.02378	0.70226	0.05462	0.01762	0.02202	0.02026	0.01586	0.02026	0.01409	0.02114	0.01057	0.00793	0.00793	0.00264	0.01057	0.00705	0.00352	0.00881
12	0.01673	0.01589	0.02696	0.45539	0.28775	0.01808	0.02290	0.02180	0.01669	0.02239	0.01440	0.02057	0.01132	0.00760	0.00790	0.00253	0.01014	0.00705	0.00368	0.01023
13	0.77733	0.01534	0.01166	0.01043	0.01534	0.01779	0.00859	0.02331	0.01350	0.03558	0.01104	0.01288	0.00859	0.00736	0.00491	0.00245	0.00613	0.00429	0.00491	0.00859
14	0.01872	0.02139	0.04679	0.03342	0.04144	0.02005	0.64305	0.02540	0.01872	0.02540	0.01604	0.02139	0.01203	0.00668	0.00936	0.00267	0.01337	0.00936	0.00401	0.01070
15	0.03558	0.01350	0.01840	0.01411	0.02024	0.01166	0.01166	0.03865	0.02270	0.67734	0.03128	0.02699	0.01963	0.00981	0.00797	0.00245	0.00675	0.00797	0.00981	0.01350
16	0.01312	0.00712	0.00984	0.00984	0.00984	0.00712	0.00628	0.01068	0.01068	0.01424	0.01706	0.03226	0.01819	0.23106	0.03374	0.54588	0.00712	0.00825	0.00384	0.00384
17	0.00986	0.00805	0.00871	0.00854	0.01101	0.00690	0.00641	0.01232	0.01922	0.02415	0.23448	0.07183	0.51278	0.01907	0.00937	0.00263	0.00394	0.01611	0.00772	0.00690
18	0.01362	0.01084	0.01393	0.01519	0.08874	0.01063	0.01004	0.05853	0.07117	0.02955	0.34073	0.11226	0.16220	0.01576	0.00906	0.00258	0.00504	0.01378	0.00771	0.00862
19	0.01160	0.00798	0.00984	0.01001	0.01046	0.00826	0.00655	0.01250	0.01238	0.01674	0.02578	0.05114	0.02855	0.52536	0.16782	0.00834	0.01037	0.06591	0.00492	0.00549
20	0.02448	0.30239	0.07435	0.02173	0.14148	0.04762	0.01662	0.13606	0.02140	0.11917	0.01627	0.01744	0.01253	0.00785	0.00674	0.00211	0.00887	0.00593	0.00522	0.01173
21	0.02509	0.17827	0.02570	0.01713	0.02251	0.17835	0.01408	0.19546	0.20622	0.03127	0.01950	0.01957	0.01507	0.00896	0.00717	0.00224	0.00926	0.00656	0.00609	0.01150
22	0.01156	0.01021	0.03677	0.01074	0.01333	0.00891	0.00845	0.01675	0.09248	0.02666	0.28895	0.16208	0.24775	0.01780	0.00926	0.00269	0.00457	0.01542	0.00780	0.00782
23	0.01756	0.15957	0.51475	0.02068	0.03093	0.04918	0.02530	0.02582	0.04209	0.02406	0.01430	0.01644	0.01063	0.00756	0.00711	0.00236	0.01105	0.00567	0.00357	0.01138
24	0.03021	0.02131	0.02235	0.01752	0.02355	0.06323	0.01432	0.45846	0.08244	0.15196	0.02171	0.02090	0.01515	0.00958	0.00790	0.00240	0.00855	0.00730	0.00802	0.01315
25	0.03471	0.01489	0.01927	0.01477	0.02094	0.01373	0.01220	0.13600	0.02504	0.57668	0.02932	0.02571	0.01864	0.00977	0.00797	0.00244	0.00707	0.00784	0.00951	0.01349
26	0.01998	0.01803	0.06401	0.01843	0.04566	0.01763	0.07700	0.10761	0.30997	0.07163	0.03318	0.06306	0.09516	0.01151	0.00838	0.00263	0.00746	0.00996	0.00718	0.01153
27	0.02113	0.02196	0.05779	0.08463	0.46595	0.11048	0.04618	0.02571	0.01867	0.05023	0.01516	0.01923	0.01226	0.00739	0.00781	0.00235	0.01031	0.00687	0.00413	0.01178
28	0.03558	0.01350	0.01840	0.01411	0.02024	0.01166	0.01166	0.03865	0.02270	0.67734	0.03128	0.02699	0.01963	0.00981	0.00797	0.00245	0.00675	0.00797	0.00981	0.01350
29	0.01044	0.00766	0.00990	0.01103	0.01230	0.00712	0.00812	0.01272	0.01743	0.02309	0.16100	0.39990	0.14250	0.02211	0.01002	0.00309	0.00483	0.12233	0.00760	0.00681
30	0.02134	0.02664	0.10930	0.02673	0.14973	0.21991	0.10681	0.02833	0.11089	0.02423	0.01831	0.06241	0.01553	0.00928	0.00864	0.00247	0.03621	0.00788	0.00471	0.01066
31	0.22950	0.11597	0.16192	0.01582	0.02245	0.09545	0.01547	0.02814	0.01766	0.17847	0.01656	0.01730	0.01194	0.00822	0.00722	0.00236	0.03383	0.00567	0.00538	0.01068
32	0.01177	0.01187	0.08743	0.01347	0.01593	0.00903	0.01187	0.01495	0.01664	0.02204	0.04132	0.28391	0.09150	0.06441	0.01199	0.00355	0.00669	0.26760	0.00672	0.00732
33	0.02064	0.02429	0.04250	0.03113	0.03846	0.13821	0.53225	0.02651	0.01938	0.02434	0.01537	0.02014	0.01171	0.00695	0.00897	0.00256	0.01353	0.00861	0.00402	0.01043
34	0.66997	0.01507	0.01263	0.01096	0.01605	0.01690	0.00903	0.02553	0.01483	0.12846	0.01397	0.01492	0.01019	0.00772	0.00535	0.00245	0.00622	0.00483	0.00562	0.00930
35	0.01308	0.00991	0.01186	0.01123	0.01198	0.01103	0.00762	0.01631	0.08653	0.01931	0.07424	0.04473	0.02927	0.46307	0.07526	0.00657	0.08545	0.01075	0.00530	0.00648
36	0.01457	0.01578	0.07811	0.01844	0.07187	0.06424	0.08489	0.01872	0.01951	0.02610	0.24586	0.13282	0.06430	0.01497	0.00921	0.00273	0.00745	0.09528	0.00654	0.00859
37	0.01084	0.00805	0.01081	0.01144	0.01273	0.00832	0.00855	0.01302	0.01462	0.01959	0.03810	0.20214	0.13007	0.10815	0.28866	0.00750	0.01188	0.08302	0.00583	0.00667
38	0.01581	0.03946	0.02091	0.01678	0.01858	0.01667	0.08900	0.05792	0.01459	0.02048	0.01799	0.03152	0.01833	0.26999	0.09351	0.00567	0.23171	0.00895	0.00438	0.00775
39	0.59001	0.05914	0.09073	0.01278	0.01850	0.07115	0.01176	0.02419	0.01471	0.03218	0.01150	0.01343	0.00897	0.00741	0.00539	0.00239	0.00754	0.00453	0.00458	0.00908
40	0.01867	0.01878	0.03208	0.03623	0.33145	0.02095	0.13380	0.02270	0.01612	0.02344	0.01355	0.01915	0.01172	0.00937	0.01444	0.00280	0.25264	0.00744	0.00378	0.01087
41	0.01986	0.01180	0.01450	0.01173	0.01657	0.01024	0.00934	0.02374	0.04253	0.19949	0.05708	0.03178	0.09913	0.01574	0.08542	0.00320	0.00737	0.00830	0.07555	0.25664
42	0.01144	0.00843	0.01108	0.01256	0.01425	0.00807	0.01029	0.01428	0.01755	0.02252	0.04976	0.22408	0.16723	0.02220	0.01047	0.00337	0.00608	0.37204	0.00733	0.00700

[dist]
# distance from previous block
# <min> <max>
0	2

[block]
# block no. 3 follows, 24 sequences, length 19
# corresponding to MSA columns:
# 510-528
name=unknown_D
#
# <colnr> <probs for GDERKNQSTAVLIFYWHMCP>
#	G	D	E	R	K	N	Q	S	T	A	V	L	I	F	Y	W	H	M	C	P
0	0.01811	0.01937	0.02867	0.38461	0.04374	0.11309	0.15581	0.02285	0.01699	0.02113	0.01385	0.01981	0.01082	0.00836	0.01016	0.00266	0.08975	0.00727	0.00370	0.00926
1	0.01345	0.00876	0.01034	0.00956	0.01237	0.00763	0.00730	0.01625	0.02034	0.10969	0.29803	0.06346	0.35874	0.01729	0.00919	0.00258	0.00426	0.01470	0.00820	0.00787
2	0.02900	0.03176	0.02131	0.01902	0.02342	0.50846	0.01446	0.03403	0.11153	0.10590	0.01751	0.01807	0.01339	0.00875	0.00738	0.00219	0.01220	0.00602	0.00538	0.01022
3	0.01143	0.00810	0.01074	0.01074	0.01146	0.00882	0.00741	0.01287	0.01215	0.01692	0.02308	0.04132	0.02424	0.38384	0.37156	0.01027	0.01460	0.00998	0.00452	0.00597
4	0.03442	0.01536	0.01956	0.01499	0.02117	0.01442	0.01239	0.16855	0.02582	0.54303	0.02866	0.02529	0.01831	0.00975	0.00797	0.00244	0.00717	0.00780	0.00941	0.01349
5	0.01476	0.01334	0.01896	0.25164	0.02975	0.01635	0.01539	0.02070	0.10538	0.02260	0.06664	0.14680	0.05444	0.01373	0.01267	0.00293	0.16897	0.01090	0.00533	0.00871
6	0.02017	0.02818	0.26435	0.02655	0.18044	0.08719	0.02171	0.03042	0.17189	0.06189	0.01945	0.02081	0.01458	0.00839	0.00772	0.00247	0.00986	0.00693	0.00504	0.01196
7	0.01876	0.02387	0.18402	0.03831	0.43697	0.01885	0.02400	0.02681	0.09994	0.02665	0.01698	0.02022	0.01346	0.00765	0.00780	0.00244	0.00956	0.00702	0.00432	0.01236
8	0.03093	0.02095	0.02302	0.01765	0.02396	0.02273	0.01458	0.55788	0.03518	0.14048	0.02081	0.02019	0.01437	0.00956	0.00794	0.00239	0.00844	0.00726	0.00820	0.01349
9	0.01804	0.33400	0.02987	0.01908	0.10974	0.02260	0.01436	0.02024	0.01468	0.01922	0.01347	0.01857	0.01252	0.01874	0.12645	0.07831	0.11135	0.00600	0.00363	0.00912
10	0.11337	0.01641	0.06176	0.01491	0.06324	0.10589	0.01126	0.01934	0.01902	0.04526	0.19194	0.08686	0.19280	0.01400	0.00825	0.00251	0.00673	0.01156	0.00646	0.00845
11	0.01582	0.02111	0.20497	0.01638	0.02143	0.01598	0.01632	0.09895	0.01976	0.02752	0.14414	0.03722	0.16030	0.01323	0.01198	0.00272	0.14686	0.01003	0.00576	0.00953
12	0.02631	0.08630	0.02313	0.11233	0.02662	0.02037	0.01463	0.24006	0.15223	0.18161	0.02298	0.02262	0.01628	0.00934	0.00769	0.00243	0.00803	0.00740	0.00733	0.01233
13	0.12787	0.18428	0.02782	0.02843	0.31454	0.01977	0.01670	0.02239	0.01750	0.02618	0.09964	0.02410	0.04253	0.00868	0.00702	0.00224	0.00780	0.00727	0.00468	0.01056
14	0.04802	0.01862	0.12920	0.08885	0.08871	0.01400	0.01645	0.02870	0.01907	0.28572	0.02209	0.02431	0.01583	0.00874	0.00756	0.00231	0.00808	0.03124	0.00643	0.13607
15	0.02343	0.21040	0.06892	0.08239	0.02501	0.08205	0.05196	0.02718	0.01957	0.20123	0.10953	0.02488	0.02196	0.00922	0.00736	0.00225	0.00860	0.00744	0.00601	0.01061
16	0.38982	0.01483	0.01638	0.01882	0.16300	0.01553	0.01183	0.02238	0.01539	0.03115	0.01443	0.01726	0.01158	0.00734	0.00580	0.00216	0.00650	0.00541	0.11127	0.11913
17	0.02163	0.02264	0.08436	0.10586	0.02744	0.11393	0.01614	0.12324	0.33443	0.03123	0.02347	0.02359	0.01757	0.00954	0.00785	0.00253	0.00883	0.00761	0.00645	0.01165
18	0.01764	0.01851	0.08177	0.06500	0.02149	0.10825	0.05762	0.09896	0.01780	0.02262	0.01970	0.03309	0.01925	0.31027	0.07029	0.00535	0.01073	0.00882	0.00478	0.00808

[dist]
# distance from previous block
# <min> <max>
2	14

[block]
# block no. 4 follows, 24 sequences, length 31
# corresponding to MSA columns:
# 545-575
name=unknown_E
#
# <colnr> <probs for GDERKNQSTAVLIFYWHMCP>
#	G	D	E	R	K	N	Q	S	T	A	V	L	I	F	Y	W	H	M	C	P
0	0.39440	0.01582	0.06053	0.08052	0.02081	0.01573	0.01180	0.06542	0.01728	0.07726	0.07975	0.09051	0.02075	0.01036	0.00676	0.00255	0.00680	0.00793	0.00583	0.00919
1	0.01770	0.01511	0.01846	0.01574	0.08178	0.01234	0.01122	0.06386	0.01805	0.02752	0.01452	0.01693	0.01194	0.00624	0.00621	0.00137	0.00641	0.00509	0.00485	0.64464
2	0.01554	0.01404	0.02262	0.10784	0.34869	0.01422	0.01793	0.01931	0.01729	0.02354	0.02942	0.16339	0.08896	0.01324	0.00874	0.00271	0.00790	0.06955	0.00520	0.00989
3	0.01758	0.01669	0.02737	0.04057	0.54001	0.01642	0.02068	0.02175	0.01806	0.02501	0.02796	0.03093	0.14339	0.00966	0.00815	0.00242	0.00834	0.00899	0.00461	0.01139
4	0.01644	0.01409	0.01644	0.01175	0.01879	0.01057	0.00940	0.01997	0.01644	0.02584	0.01409	0.01644	0.01175	0.00587	0.00587	0.00117	0.00587	0.00470	0.00470	0.76979
5	0.01622	0.01778	0.09123	0.38986	0.23435	0.01737	0.02225	0.02136	0.01630	0.02210	0.01511	0.02238	0.01238	0.05722	0.01012	0.00289	0.01014	0.00725	0.00372	0.00995
6	0.14649	0.01630	0.02386	0.11471	0.06944	0.01651	0.11076	0.09169	0.02084	0.27931	0.02106	0.02181	0.01438	0.00848	0.00768	0.00250	0.00857	0.00733	0.00670	0.01157
7	0.00994	0.00806	0.00882	0.00863	0.01106	0.00694	0.00647	0.01249	0.01942	0.02462	0.26138	0.07105	0.48559	0.01889	0.00937	0.00262	0.00393	0.01600	0.00778	0.00694
8	0.01635	0.01499	0.02463	0.18401	0.15351	0.01557	0.12168	0.08196	0.01909	0.02534	0.02910	0.14757	0.10748	0.01226	0.00873	0.00267	0.00873	0.01142	0.00530	0.00962
9	0.01726	0.06049	0.31754	0.02117	0.02932	0.01643	0.15699	0.02355	0.01766	0.08236	0.02556	0.09364	0.08173	0.01049	0.00830	0.00259	0.01000	0.00948	0.00487	0.01055
10	0.01564	0.01477	0.02498	0.60945	0.14226	0.01779	0.02235	0.02084	0.01617	0.02106	0.01421	0.02093	0.01085	0.00781	0.00792	0.00260	0.01041	0.00705	0.00358	0.00934
11	0.01548	0.03449	0.54659	0.02029	0.03004	0.01639	0.02529	0.02358	0.01688	0.02541	0.01817	0.02532	0.01464	0.00915	0.00768	0.00256	0.01048	0.06759	0.07911	0.01085
12	0.01704	0.16317	0.22550	0.12958	0.02960	0.01806	0.04887	0.02219	0.01680	0.06431	0.02111	0.13093	0.01973	0.01116	0.00785	0.00256	0.00926	0.04766	0.00471	0.00990
13	0.09294	0.01398	0.04970	0.08456	0.12668	0.01303	0.02903	0.02222	0.03580	0.12873	0.05756	0.16832	0.06580	0.01367	0.00848	0.00274	0.00720	0.06352	0.00639	0.00965
14	0.01398	0.01349	0.02613	0.02100	0.02493	0.01322	0.27663	0.01803	0.01596	0.02188	0.02539	0.22043	0.02574	0.02740	0.21050	0.00580	0.01322	0.01283	0.00503	0.00843
15	0.01651	0.01539	0.02613	0.21080	0.32817	0.01618	0.06286	0.02064	0.01644	0.02257	0.01831	0.07757	0.01720	0.10301	0.01245	0.00322	0.00940	0.00899	0.00420	0.00996
16	0.01621	0.02922	0.36387	0.02684	0.11109	0.01729	0.17066	0.02325	0.01717	0.02464	0.01859	0.10942	0.01635	0.00953	0.00834	0.00262	0.01090	0.00901	0.00410	0.01089
17	0.01326	0.01237	0.05998	0.10764	0.02096	0.01145	0.01225	0.07508	0.01769	0.02347	0.03680	0.22342	0.13684	0.02577	0.14491	0.00484	0.00969	0.04955	0.00599	0.00803
18	0.01270	0.01045	0.01064	0.01097	0.01167	0.07294	0.00718	0.01364	0.01378	0.01754	0.02871	0.23762	0.03276	0.37013	0.10857	0.00648	0.00910	0.01372	0.00541	0.00598
19	0.01597	0.01953	0.16000	0.07787	0.04401	0.05613	0.03776	0.05665	0.01748	0.02435	0.02281	0.16738	0.02233	0.08303	0.01113	0.00296	0.00835	0.01023	0.08020	0.08183
20	0.02072	0.02284	0.05441	0.06158	0.11061	0.11929	0.29508	0.06662	0.08138	0.02654	0.01820	0.02390	0.01458	0.00835	0.00858	0.00257	0.01158	0.03759	0.00477	0.01083
21	0.01405	0.01067	0.01230	0.01291	0.01455	0.05210	0.01002	0.05199	0.01734	0.02201	0.03693	0.21357	0.09244	0.02194	0.01419	0.15596	0.00682	0.22705	0.00638	0.00677
22	0.01794	0.01649	0.03248	0.02433	0.03023	0.01518	0.37749	0.02284	0.01847	0.08726	0.06177	0.16241	0.02455	0.01112	0.00916	0.00266	0.00993	0.01186	0.00556	0.05828
23	0.01926	0.01875	0.05701	0.21363	0.05967	0.01903	0.16438	0.14516	0.02080	0.02837	0.01659	0.02295	0.01324	0.00875	0.00940	0.00254	0.05709	0.03528	0.00480	0.08329
24	0.02061	0.17885	0.02742	0.01788	0.02260	0.16560	0.09984	0.04601	0.01797	0.02257	0.01486	0.01866	0.01261	0.01330	0.07725	0.00318	0.08010	0.00626	0.07218	0.08225
25	0.01740	0.01449	0.01468	0.01357	0.01634	0.11608	0.01025	0.02187	0.08121	0.08064	0.08724	0.07937	0.02678	0.09310	0.23615	0.00627	0.01224	0.00956	0.00584	0.05691
26	0.01542	0.01363	0.08102	0.01644	0.08110	0.01097	0.01250	0.05524	0.01898	0.08337	0.09951	0.20255	0.13131	0.04883	0.01061	0.00305	0.00656	0.09323	0.00688	0.00880
27	0.02218	0.02029	0.15222	0.01767	0.02370	0.01587	0.07470	0.14414	0.07240	0.16808	0.02509	0.11058	0.02115	0.08130	0.01149	0.00310	0.00854	0.00975	0.00668	0.01107
28	0.20301	0.01539	0.01450	0.01333	0.01715	0.08059	0.01073	0.08176	0.05921	0.02958	0.02303	0.06274	0.02137	0.01504	0.05476	0.00321	0.00813	0.12246	0.08224	0.08176
29	0.17182	0.02006	0.02798	0.02518	0.11268	0.10332	0.21682	0.02666	0.06574	0.05849	0.01884	0.02596	0.01568	0.00897	0.00798	0.00259	0.01009	0.06578	0.00508	0.01028
30	0.09106	0.01536	0.01535	0.06186	0.01983	0.09652	0.01155	0.05124	0.13905	0.07431	0.04549	0.20004	0.06017	0.01483	0.00849	0.00277	0.00722	0.06882	0.00682	0.00924

[dist]
# distance from previous block
# <min> <max>
26	114

[block]
# block no. 5 follows, 24 sequences, length 44
# corresponding to MSA columns:
# 714-757
name=unknown_F
#
# <colnr> <probs for GDERKNQSTAVLIFYWHMCP>
#	G	D	E	R	K	N	Q	S	T	A	V	L	I	F	Y	W	H	M	C	P
0	0.05016	0.17290	0.07178	0.01874	0.06230	0.14691	0.04290	0.08627	0.04177	0.11164	0.02241	0.02598	0.05624	0.00971	0.00739	0.00231	0.00937	0.04501	0.00557	0.01065
1	0.02045	0.07823	0.02623	0.02197	0.10547	0.01798	0.12101	0.17761	0.02262	0.04932	0.06113	0.03307	0.02202	0.06778	0.01087	0.00289	0.00876	0.08508	0.00592	0.06161
2	0.09038	0.01914	0.02171	0.05210	0.10538	0.11052	0.05618	0.07908	0.10746	0.06909	0.02381	0.02678	0.06626	0.00990	0.00850	0.00243	0.03976	0.02931	0.00574	0.07647
3	0.10478	0.07170	0.01729	0.01335	0.01736	0.09923	0.01036	0.07734	0.06378	0.09398	0.06584	0.11373	0.02447	0.10087	0.01154	0.00298	0.00746	0.00929	0.00621	0.08845
4	0.06659	0.01371	0.01853	0.06456	0.10965	0.01225	0.04072	0.01925	0.01671	0.02534	0.04336	0.10065	0.06829	0.00983	0.00723	0.00197	0.00669	0.00857	0.00512	0.36096
5	0.20122	0.01750	0.09852	0.01374	0.01882	0.04494	0.01239	0.02727	0.09799	0.15586	0.12592	0.02999	0.02591	0.01047	0.00734	0.00248	0.00684	0.03273	0.05993	0.01014
6	0.01644	0.01904	0.11335	0.05048	0.09322	0.09838	0.01536	0.06124	0.01970	0.02536	0.09938	0.13899	0.09389	0.01459	0.00884	0.00273	0.00822	0.10574	0.00598	0.00909
7	0.02103	0.01499	0.01991	0.07434	0.02397	0.01356	0.05579	0.06716	0.06961	0.15102	0.04916	0.02235	0.01714	0.00795	0.00716	0.00191	0.00709	0.00679	0.00618	0.36287
8	0.02491	0.02912	0.02054	0.01863	0.02200	0.44462	0.01424	0.02965	0.10080	0.02169	0.01601	0.01860	0.01325	0.01245	0.05246	0.00295	0.09053	0.00616	0.05208	0.00931
9	0.01989	0.06603	0.02730	0.31728	0.23200	0.11312	0.02074	0.06704	0.01896	0.02382	0.01423	0.01903	0.01130	0.00774	0.00761	0.00239	0.01048	0.00660	0.00402	0.01041
10	0.01489	0.01247	0.01350	0.01247	0.01584	0.01327	0.00957	0.02733	0.33282	0.02967	0.19709	0.04931	0.21061	0.01458	0.00873	0.00264	0.00506	0.01235	0.00804	0.00976
11	0.00989	0.00708	0.00941	0.01088	0.01155	0.00660	0.00738	0.01162	0.01626	0.02196	0.13623	0.61873	0.05577	0.02356	0.01001	0.00311	0.00447	0.02133	0.00756	0.00660
12	0.01227	0.00891	0.01063	0.01019	0.01019	0.00979	0.00639	0.01249	0.01161	0.01585	0.02314	0.04752	0.02650	0.63168	0.03854	0.00715	0.09627	0.01095	0.00464	0.00530
13	0.01103	0.00790	0.00988	0.00969	0.01148	0.00724	0.00715	0.01425	0.02058	0.02888	0.47133	0.14232	0.14357	0.01732	0.00920	0.00257	0.00388	0.01521	0.05927	0.00724
14	0.01809	0.12568	0.50523	0.02173	0.03216	0.01977	0.07419	0.02585	0.01721	0.06703	0.01508	0.01726	0.01085	0.00752	0.00739	0.00242	0.01111	0.00606	0.00383	0.01156
15	0.12139	0.15589	0.02357	0.01672	0.02152	0.36340	0.01340	0.09037	0.02135	0.02461	0.01790	0.01918	0.06190	0.00889	0.00675	0.00212	0.01083	0.00597	0.00471	0.00954
16	0.01063	0.01004	0.06212	0.01140	0.01334	0.00773	0.00902	0.01342	0.01783	0.02440	0.24342	0.40661	0.09939	0.02040	0.00962	0.00289	0.00484	0.01821	0.00748	0.00720
17	0.01674	0.05921	0.01833	0.01273	0.01874	0.01337	0.01034	0.02157	0.06671	0.02586	0.05589	0.01997	0.01647	0.00752	0.00762	0.00157	0.05497	0.00576	0.00505	0.56157
18	0.07680	0.18565	0.37313	0.01779	0.02709	0.01988	0.02079	0.02379	0.01630	0.02463	0.01325	0.01550	0.01025	0.00707	0.00650	0.00210	0.00957	0.00518	0.00371	0.14100
19	0.23115	0.14524	0.10548	0.01578	0.02159	0.16309	0.01434	0.11677	0.01958	0.02861	0.01307	0.01531	0.01046	0.00912	0.00794	0.05342	0.00941	0.00525	0.00463	0.00977
20	0.01501	0.00869	0.01082	0.01008	0.01256	0.00803	0.00782	0.01850	0.02057	0.11136	0.35628	0.05230	0.10571	0.01462	0.00847	0.00244	0.00437	0.05288	0.17135	0.00814
21	0.09112	0.04445	0.06469	0.01862	0.07265	0.11088	0.01441	0.07895	0.23941	0.05987	0.02095	0.02117	0.01592	0.00870	0.00721	0.00228	0.00821	0.00677	0.00608	0.10765
22	0.01717	0.02530	0.24396	0.01811	0.02403	0.09171	0.01825	0.02531	0.12065	0.02554	0.08075	0.05650	0.02436	0.01182	0.00980	0.00268	0.06966	0.08501	0.00539	0.04399
23	0.07243	0.02773	0.27409	0.01920	0.02674	0.06894	0.05803	0.16024	0.02162	0.08224	0.01846	0.05228	0.01480	0.05657	0.00987	0.00283	0.01000	0.00751	0.00535	0.01108
24	0.11590	0.23543	0.15692	0.01885	0.10393	0.02010	0.01632	0.02456	0.01723	0.10894	0.02273	0.02356	0.08693	0.00896	0.00677	0.00225	0.00821	0.00684	0.00493	0.01062
25	0.01039	0.00755	0.00946	0.01000	0.01116	0.00698	0.00691	0.01248	0.01755	0.02370	0.25756	0.32883	0.13514	0.10887	0.01357	0.00347	0.00462	0.01764	0.00750	0.00662
26	0.01964	0.02124	0.02020	0.10410	0.02499	0.24312	0.05571	0.05010	0.02038	0.02364	0.12005	0.03585	0.10629	0.01221	0.00978	0.00255	0.06440	0.05162	0.00546	0.00869
27	0.02448	0.15702	0.02454	0.01636	0.02161	0.10732	0.05486	0.11007	0.05046	0.17108	0.02739	0.03297	0.06953	0.01113	0.00788	0.00244	0.00863	0.08493	0.00657	0.01073
28	0.00983	0.00726	0.00920	0.01039	0.01142	0.00663	0.00716	0.01165	0.01668	0.02205	0.13696	0.51808	0.15793	0.02285	0.00989	0.00303	0.00438	0.02043	0.00755	0.00663
29	0.01153	0.00769	0.00865	0.00865	0.00865	0.00769	0.00480	0.01153	0.01153	0.01538	0.02499	0.05189	0.02883	0.72131	0.04036	0.00769	0.00769	0.01153	0.00480	0.00480
30	0.10216	0.01840	0.02286	0.10944	0.15264	0.04994	0.01651	0.19382	0.02279	0.12037	0.01762	0.01987	0.01309	0.00896	0.00906	0.00249	0.06923	0.00683	0.03252	0.01138
31	0.06449	0.01918	0.02793	0.07497	0.16186	0.08966	0.16547	0.04464	0.01860	0.06647	0.01828	0.06995	0.01584	0.00930	0.00890	0.00249	0.04196	0.02523	0.00487	0.06990
32	0.01700	0.01411	0.06187	0.04515	0.01874	0.01374	0.01259	0.09723	0.01783	0.06737	0.02576	0.04711	0.02595	0.24046	0.02130	0.00455	0.09632	0.15885	0.00582	0.00825
33	0.02173	0.06783	0.06349	0.01446	0.02055	0.06750	0.01240	0.11712	0.02102	0.12000	0.04286	0.08329	0.01873	0.00943	0.00715	0.00196	0.00747	0.00758	0.00606	0.28938
34	0.77733	0.01534	0.01166	0.01043	0.01534	0.01779	0.00859	0.02331	0.01350	0.03558	0.01104	0.01288	0.00859	0.00736	0.00491	0.00245	0.00613	0.00429	0.00491	0.00859
35	0.01156	0.00785	0.00935	0.00970	0.01001	0.00786	0.00616	0.01221	0.01267	0.01686	0.02825	0.10025	0.03221	0.56334	0.05740	0.00706	0.00791	0.08877	0.00527	0.00531
36	0.01436	0.10238	0.06111	0.01235	0.01614	0.01223	0.03261	0.03504	0.02038	0.05698	0.32246	0.07221	0.16415	0.01478	0.00866	0.00249	0.00568	0.03030	0.00721	0.00848
37	0.01651	0.08526	0.59401	0.02375	0.07626	0.01931	0.02791	0.02497	0.01679	0.02474	0.01406	0.01667	0.01022	0.00745	0.00739	0.00245	0.01135	0.00583	0.00339	0.01167
38	0.02101	0.01170	0.01437	0.01257	0.01635	0.01125	0.00978	0.05409	0.11827	0.24499	0.16213	0.14177	0.11864	0.01473	0.00875	0.00264	0.00551	0.01260	0.00858	0.01027
39	0.01585	0.01543	0.02743	0.56079	0.10652	0.01803	0.10091	0.02127	0.01641	0.02140	0.01441	0.02104	0.01093	0.00770	0.00810	0.00262	0.01083	0.00734	0.00362	0.00937
40	0.01323	0.00902	0.01102	0.01014	0.01239	0.00818	0.00724	0.01539	0.01687	0.06641	0.19450	0.10694	0.11954	0.21252	0.06318	0.00453	0.00658	0.01255	0.00662	0.10315
41	0.01224	0.00984	0.01035	0.00957	0.01261	0.00906	0.00736	0.09216	0.02106	0.02635	0.14670	0.06690	0.51067	0.01826	0.00919	0.00262	0.00458	0.01522	0.00761	0.00765
42	0.01898	0.01457	0.05953	0.01343	0.01833	0.04138	0.01137	0.02225	0.01813	0.16224	0.02995	0.16562	0.05546	0.01327	0.00811	0.00235	0.00669	0.08725	0.00663	0.24446
43	0.02501	0.01600	0.02077	0.01639	0.02117	0.06102	0.09036	0.12810	0.02197	0.23793	0.07245	0.02743	0.02084	0.05931	0.01316	0.09953	0.00824	0.00826	0.00692	0.04515

[dist]
# distance from previous block
# <min> <max>
0	15

[block]
# block no. 6 follows, 24 sequences, length 27
# corresponding to MSA columns:
# 773-799
name=unknown_G
#
# <colnr> <probs for GDERKNQSTAVLIFYWHMCP>
#	G	D	E	R	K	N	Q	S	T	A	V	L	I	F	Y	W	H	M	C	P
0	0.01654	0.01968	0.12371	0.35235	0.19360	0.01894	0.02302	0.02179	0.01600	0.02216	0.01381	0.01961	0.01094	0.00848	0.01033	0.00267	0.10581	0.00686	0.00359	0.01012
1	0.13268	0.02008	0.02461	0.19537	0.15827	0.13738	0.06620	0.02373	0.01694	0.02412	0.01366	0.01831	0.01107	0.00834	0.00937	0.00252	0.08839	0.00648	0.03281	0.00966
2	0.01206	0.00954	0.01428	0.06332	0.01724	0.00917	0.05594	0.01614	0.02168	0.03046	0.57038	0.05357	0.06535	0.01488	0.00925	0.00252	0.00497	0.01343	0.00799	0.00782
3	0.03558	0.01350	0.01840	0.01411	0.02024	0.01166	0.01166	0.03865	0.02270	0.67734	0.03128	0.02699	0.01963	0.00981	0.00797	0.00245	0.00675	0.00797	0.00981	0.01350
4	0.01218	0.01266	0.10876	0.01073	0.01248	0.00929	0.00846	0.01356	0.01231	0.01683	0.02338	0.04665	0.02603	0.61491	0.03547	0.00692	0.00829	0.01069	0.00459	0.00584
5	0.01444	0.00889	0.01119	0.01016	0.01285	0.00793	0.00778	0.01770	0.02152	0.12574	0.44280	0.05821	0.19803	0.01611	0.00915	0.00253	0.00425	0.01392	0.00859	0.00820
6	0.01883	0.50495	0.14332	0.01454	0.02141	0.02566	0.01528	0.02266	0.01716	0.02169	0.10945	0.02032	0.01979	0.00831	0.00613	0.00195	0.00831	0.00602	0.00418	0.01003
7	0.01144	0.00804	0.01042	0.01042	0.01104	0.00865	0.00702	0.01267	0.01206	0.01669	0.02336	0.04291	0.02493	0.43466	0.32168	0.00988	0.01356	0.01022	0.00456	0.00579
8	0.02496	0.29466	0.08262	0.07246	0.02489	0.02260	0.01521	0.11105	0.06036	0.18966	0.01901	0.01921	0.01388	0.00831	0.00681	0.00218	0.00838	0.00622	0.00590	0.01161
9	0.02722	0.11016	0.02442	0.01821	0.02343	0.28449	0.01459	0.23566	0.12855	0.03165	0.01757	0.01814	0.01354	0.00887	0.00731	0.00222	0.01048	0.00630	0.00592	0.01127
10	0.01911	0.08784	0.42677	0.02004	0.02917	0.07135	0.02307	0.11714	0.02067	0.02844	0.06886	0.02012	0.01597	0.00854	0.00753	0.00239	0.01056	0.00657	0.00454	0.01132
11	0.01972	0.07191	0.01749	0.01356	0.01698	0.04156	0.03403	0.06082	0.04540	0.15638	0.03099	0.06305	0.07467	0.18032	0.05644	0.00441	0.00844	0.08832	0.00655	0.00896
12	0.02611	0.02304	0.02171	0.01840	0.02272	0.25115	0.06207	0.11587	0.02260	0.15903	0.02248	0.11658	0.01959	0.01161	0.00924	0.00252	0.05160	0.02703	0.00631	0.01034
13	0.03455	0.01514	0.01942	0.01489	0.02106	0.01410	0.01230	0.15331	0.02545	0.55879	0.02897	0.02549	0.01847	0.00976	0.00797	0.00244	0.00712	0.00782	0.00946	0.01349
14	0.17502	0.01808	0.01818	0.01487	0.02037	0.09144	0.01201	0.11144	0.09731	0.32574	0.02384	0.02216	0.01622	0.00923	0.00730	0.00243	0.00767	0.00696	0.00779	0.01196
15	0.01901	0.01963	0.06972	0.01935	0.08643	0.11790	0.01452	0.08212	0.16723	0.02659	0.02208	0.05075	0.01857	0.02337	0.19340	0.00524	0.01237	0.00811	0.03344	0.01015
16	0.03409	0.01379	0.01820	0.01404	0.01997	0.01234	0.01157	0.08055	0.02341	0.59849	0.03013	0.02656	0.01923	0.00976	0.00784	0.00242	0.00673	0.00788	0.04982	0.01317
17	0.01111	0.00818	0.01099	0.01229	0.01374	0.00806	0.00970	0.01369	0.01643	0.02151	0.04469	0.27812	0.12927	0.02819	0.11168	0.00474	0.00807	0.25575	0.00687	0.00691
18	0.02327	0.02532	0.03340	0.02939	0.13151	0.20338	0.26262	0.10214	0.05991	0.02725	0.01616	0.01938	0.01252	0.00773	0.00827	0.00242	0.01203	0.00755	0.00473	0.01102
19	0.08216	0.01493	0.02012	0.02016	0.13634	0.01434	0.01367	0.08340	0.04398	0.38629	0.05339	0.05396	0.02092	0.01005	0.00788	0.00247	0.00712	0.00839	0.00805	0.01240
20	0.01123	0.00934	0.01036	0.01156	0.01257	0.05514	0.00801	0.01289	0.01597	0.02049	0.06154	0.54049	0.09882	0.02569	0.06243	0.00381	0.00650	0.01949	0.00693	0.00674
21	0.01944	0.07491	0.03690	0.12780	0.03704	0.05994	0.36697	0.07543	0.01935	0.02509	0.01602	0.02223	0.01287	0.05782	0.01076	0.00289	0.01184	0.00833	0.00428	0.01010
22	0.37506	0.12181	0.04509	0.01725	0.07383	0.20477	0.01321	0.02582	0.01683	0.02758	0.01181	0.01395	0.00964	0.00749	0.00589	0.00223	0.00919	0.00480	0.00433	0.00942
23	0.01525	0.01314	0.01930	0.01736	0.04521	0.01467	0.08619	0.06905	0.03282	0.02232	0.02485	0.07463	0.06639	0.18225	0.14842	0.00586	0.13892	0.01026	0.00500	0.00813
24	0.08046	0.02283	0.19293	0.01639	0.02217	0.08133	0.03155	0.08310	0.06858	0.02801	0.07945	0.13790	0.07034	0.01234	0.00804	0.00254	0.00827	0.01023	0.00580	0.03774
25	0.01113	0.01077	0.06577	0.01178	0.01434	0.00831	0.01004	0.01434	0.01833	0.02430	0.19122	0.21724	0.20449	0.01965	0.00973	0.00296	0.00543	0.14550	0.00733	0.00736
26	0.11394	0.02494	0.02180	0.01880	0.02328	0.28830	0.08686	0.05617	0.16052	0.02645	0.02031	0.08692	0.01756	0.01015	0.00767	0.00244	0.01027	0.00814	0.00553	0.00995

[dist]
# distance from previous block
# <min> <max>
0	2

[block]
# block no. 7 follows, 24 sequences, length 9
# corresponding to MSA columns:
# 802-810
name=unknown_H
#
# <colnr> <probs for GDERKNQSTAVLIFYWHMCP>
#	G	D	E	R	K	N	Q	S	T	A	V	L	I	F	Y	W	H	M	C	P
0	0.02099	0.01821	0.02258	0.02191	0.11699	0.05551	0.04908	0.19404	0.08665	0.02963	0.01911	0.02660	0.01687	0.15700	0.01755	0.00368	0.11951	0.00820	0.00557	0.01031
1	0.08441	0.01768	0.02017	0.04612	0.06854	0.05411	0.03265	0.22033	0.10214	0.03263	0.01852	0.02259	0.01492	0.01202	0.01126	0.12385	0.00819	0.02624	0.00588	0.07775
2	0.01176	0.00955	0.01066	0.01081	0.01310	0.00938	0.00791	0.01793	0.14982	0.02434	0.10745	0.26475	0.29416	0.01932	0.00933	0.00283	0.00464	0.01674	0.00762	0.00789
3	0.08253	0.01772	0.02425	0.12225	0.21240	0.01958	0.01783	0.19607	0.02231	0.08318	0.01690	0.02016	0.01300	0.01151	0.04616	0.00307	0.06713	0.00700	0.00550	0.01143
4	0.01102	0.00915	0.01207	0.15253	0.02018	0.00911	0.00987	0.01404	0.01828	0.02352	0.20318	0.14768	0.30572	0.01728	0.00917	0.00270	0.00539	0.01494	0.00690	0.00729
5	0.02542	0.02087	0.02722	0.02091	0.02718	0.02255	0.14442	0.38032	0.17411	0.04108	0.02142	0.02192	0.01562	0.00921	0.00826	0.00251	0.00913	0.00801	0.00715	0.01270
6	0.01098	0.00817	0.01059	0.01059	0.01186	0.00861	0.00764	0.01283	0.01350	0.01816	0.03454	0.04647	0.15664	0.24208	0.36189	0.00920	0.01377	0.01108	0.00505	0.00634
7	0.02942	0.01564	0.02084	0.02027	0.12383	0.01531	0.01407	0.07680	0.15425	0.39983	0.02810	0.02584	0.01905	0.00956	0.00797	0.00248	0.00720	0.00798	0.00840	0.01315
8	0.01822	0.01788	0.03142	0.14063	0.34262	0.01759	0.14961	0.02323	0.01760	0.02492	0.01489	0.01972	0.01201	0.00693	0.00786	0.00228	0.00985	0.00716	0.00400	0.13156

[dist]
# distance from previous block
# <min> <max>
0	26

# created by:
# /home/berkeley/.conda/envs/busco_data_prod/bin/msa2prfl.pl pipeline/OGs_align_augustus/5794/33766.fs
