[name]
unknown

[dist]
# distance from previous block
# <min> <max>
18	313

[block]
# block no. 0 follows, 29 sequences, length 57
# corresponding to MSA columns:
# 470-526
name=unknown_A
#
# <colnr> <probs for GDERKNQSTAVLIFYWHMCP>
#	G	D	E	R	K	N	Q	S	T	A	V	L	I	F	Y	W	H	M	C	P
0	0.09622	0.06861	0.01607	0.01269	0.01649	0.03924	0.01045	0.07276	0.10003	0.15655	0.02203	0.02878	0.01842	0.01975	0.16927	0.00434	0.00943	0.08778	0.00581	0.04528
1	0.04858	0.26699	0.13741	0.01434	0.02029	0.02079	0.01410	0.21189	0.04474	0.02788	0.01592	0.01974	0.01310	0.00809	0.00612	0.00200	0.00761	0.04688	0.06364	0.00989
2	0.23330	0.10910	0.17679	0.01536	0.02174	0.01890	0.05683	0.19974	0.01951	0.03077	0.04560	0.01629	0.01239	0.00745	0.00614	0.00213	0.00783	0.00558	0.00477	0.00978
3	0.06896	0.21408	0.02435	0.01736	0.10328	0.01773	0.06202	0.02491	0.12772	0.11818	0.01881	0.07278	0.01569	0.00827	0.00636	0.00201	0.00690	0.00691	0.00510	0.07859
4	0.01187	0.01064	0.05562	0.01142	0.01358	0.00979	0.00919	0.01771	0.14361	0.02201	0.15677	0.13014	0.03552	0.16188	0.09362	0.00442	0.00719	0.09186	0.00597	0.00719
5	0.07241	0.16227	0.07206	0.01342	0.01757	0.01433	0.09251	0.01662	0.01450	0.02025	0.06914	0.03067	0.14721	0.02178	0.20003	0.00463	0.01028	0.00823	0.00441	0.00769
6	0.01201	0.01007	0.05464	0.00975	0.01239	0.00826	0.00787	0.01457	0.01359	0.02038	0.04785	0.03581	0.04778	0.21512	0.10242	0.00438	0.00732	0.05693	0.16298	0.15589
7	0.02181	0.06495	0.01799	0.01446	0.01872	0.14840	0.01143	0.03327	0.36333	0.15607	0.05614	0.02385	0.01995	0.00907	0.00696	0.00220	0.00709	0.00719	0.00663	0.01051
8	0.01481	0.08707	0.28978	0.01527	0.02075	0.08583	0.01594	0.01909	0.01518	0.04523	0.02176	0.19727	0.02199	0.05896	0.00922	0.00267	0.00828	0.05799	0.00451	0.00839
9	0.02520	0.01814	0.01937	0.01506	0.02021	0.01999	0.01237	0.59147	0.03097	0.04239	0.01793	0.01838	0.01294	0.00851	0.00683	0.00207	0.00722	0.00644	0.11312	0.01137
10	0.01672	0.45431	0.18025	0.01341	0.01932	0.02144	0.01414	0.01930	0.01360	0.01719	0.01100	0.01416	0.00973	0.00979	0.00948	0.15226	0.00798	0.00458	0.00305	0.00829
11	0.02234	0.38501	0.02878	0.01433	0.01992	0.08605	0.01271	0.24814	0.07266	0.02738	0.01389	0.01462	0.01111	0.00731	0.00580	0.00183	0.00800	0.00508	0.00481	0.01023
12	0.01428	0.03683	0.71286	0.02030	0.03082	0.01654	0.02631	0.02255	0.01503	0.02255	0.01278	0.01503	0.00902	0.00677	0.00677	0.00226	0.01052	0.00526	0.00301	0.01052
13	0.11576	0.52254	0.03033	0.01223	0.01782	0.02467	0.01152	0.11032	0.01707	0.02308	0.04876	0.01450	0.01254	0.00695	0.00510	0.00173	0.00715	0.00466	0.00403	0.00923
14	0.07738	0.01698	0.02436	0.01955	0.05608	0.01797	0.15816	0.22670	0.02102	0.11544	0.01570	0.01767	0.01163	0.00808	0.00942	0.00226	0.11415	0.00655	0.00538	0.07552
15	0.01867	0.16504	0.15714	0.12686	0.18877	0.10476	0.01831	0.02371	0.04734	0.06455	0.01386	0.01637	0.01080	0.00692	0.00646	0.00205	0.00909	0.00556	0.00381	0.00991
16	0.04989	0.16476	0.29528	0.01625	0.02384	0.01892	0.01758	0.16555	0.01965	0.13997	0.01558	0.01618	0.01108	0.00735	0.00640	0.00208	0.00847	0.00549	0.00491	0.01076
17	0.01017	0.00763	0.01144	0.01144	0.01272	0.00890	0.00890	0.01272	0.01144	0.01653	0.01907	0.02797	0.01780	0.05340	0.72153	0.01144	0.01907	0.00763	0.00381	0.00636
18	0.01294	0.01080	0.01658	0.23310	0.16527	0.01150	0.01347	0.01679	0.01667	0.02351	0.22889	0.03327	0.07283	0.01008	0.00732	0.00219	0.00627	0.00893	0.10165	0.00796
19	0.01619	0.01366	0.01840	0.05482	0.17936	0.01276	0.01279	0.10491	0.01830	0.02635	0.10042	0.02490	0.01983	0.00811	0.00670	0.00180	0.00641	0.04787	0.00498	0.32146
20	0.80005	0.01377	0.01047	0.00936	0.01377	0.01597	0.00771	0.02093	0.01212	0.03195	0.00991	0.01157	0.00771	0.00661	0.00441	0.00220	0.00551	0.00386	0.00441	0.00771
21	0.80005	0.01377	0.01047	0.00936	0.01377	0.01597	0.00771	0.02093	0.01212	0.03195	0.00991	0.01157	0.00771	0.00661	0.00441	0.00220	0.00551	0.00386	0.00441	0.00771
22	0.01017	0.00763	0.01144	0.01144	0.01272	0.00890	0.00890	0.01272	0.01144	0.01653	0.01907	0.02797	0.01780	0.05340	0.72153	0.01144	0.01907	0.00763	0.00381	0.00636
23	0.01558	0.01558	0.02181	0.01869	0.01869	0.02181	0.01558	0.01714	0.01091	0.01714	0.00935	0.01558	0.00935	0.01246	0.02337	0.00312	0.73672	0.00623	0.00312	0.00779
24	0.01477	0.01266	0.01477	0.01055	0.01687	0.00949	0.00844	0.01793	0.01477	0.02320	0.01266	0.01477	0.01055	0.00527	0.00527	0.00105	0.00527	0.00422	0.00422	0.79328
25	0.01008	0.00728	0.00952	0.00896	0.01064	0.00672	0.00672	0.01344	0.02016	0.02855	0.70158	0.05319	0.06719	0.01456	0.00840	0.00224	0.00336	0.01288	0.00784	0.00672
26	0.01918	0.01830	0.08148	0.07004	0.23851	0.05026	0.01667	0.17613	0.07119	0.05366	0.01978	0.02336	0.04634	0.01096	0.04634	0.00273	0.00874	0.03088	0.00506	0.01038
27	0.00955	0.00916	0.04297	0.00946	0.01220	0.00725	0.03793	0.01226	0.01719	0.02209	0.23901	0.08313	0.43960	0.01613	0.00836	0.00237	0.00427	0.01385	0.00664	0.00658
28	0.70485	0.01625	0.01166	0.01047	0.01479	0.10277	0.00846	0.02185	0.01311	0.03016	0.01005	0.01172	0.00789	0.00670	0.00465	0.00216	0.00641	0.00395	0.00432	0.00778
29	0.01498	0.14223	0.61359	0.01910	0.02898	0.01825	0.02423	0.02237	0.01495	0.02170	0.01236	0.01450	0.00904	0.00667	0.00644	0.00215	0.01010	0.00505	0.00301	0.01032
30	0.00902	0.00724	0.00805	0.00785	0.00999	0.00627	0.00589	0.01139	0.01766	0.02263	0.30110	0.06295	0.47136	0.01677	0.00841	0.00234	0.00352	0.01425	0.00706	0.00627
31	0.01017	0.00763	0.01144	0.01144	0.01272	0.00890	0.00890	0.01272	0.01144	0.01653	0.01907	0.02797	0.01780	0.05340	0.72153	0.01144	0.01907	0.00763	0.00381	0.00636
32	0.02585	0.17611	0.02311	0.01628	0.02070	0.47795	0.01296	0.02791	0.01906	0.11803	0.01327	0.01421	0.01039	0.00730	0.00615	0.00183	0.01080	0.00480	0.00429	0.00899
33	0.18109	0.17771	0.04837	0.08452	0.02222	0.27721	0.01317	0.02438	0.05312	0.02120	0.01172	0.01379	0.00958	0.00715	0.00622	0.00198	0.02953	0.00470	0.00380	0.00854
34	0.01388	0.01309	0.02213	0.66193	0.11640	0.01593	0.01999	0.01857	0.01444	0.01871	0.01273	0.01884	0.00968	0.00704	0.00711	0.00235	0.00939	0.00633	0.00320	0.00826
35	0.01017	0.00763	0.01144	0.01144	0.01272	0.00890	0.00890	0.01272	0.01144	0.01653	0.01907	0.02797	0.01780	0.05340	0.72153	0.01144	0.01907	0.00763	0.00381	0.00636
36	0.01317	0.01207	0.02000	0.49137	0.14050	0.01408	0.01758	0.01717	0.01442	0.01895	0.01783	0.15696	0.01692	0.00989	0.00748	0.00243	0.00832	0.00898	0.00387	0.00801
37	0.00842	0.00721	0.00721	0.00721	0.00962	0.00601	0.00541	0.01022	0.01623	0.01924	0.07213	0.06853	0.70244	0.01803	0.00842	0.00240	0.00361	0.01503	0.00661	0.00601
38	0.01370	0.06432	0.54783	0.01776	0.02640	0.01521	0.02193	0.02076	0.01598	0.02343	0.14372	0.02213	0.02009	0.00822	0.00697	0.00222	0.00903	0.00664	0.00393	0.00974
39	0.17855	0.01342	0.01534	0.01217	0.01714	0.01339	0.01000	0.15343	0.02076	0.38781	0.02201	0.02063	0.01471	0.00829	0.00641	0.00214	0.00603	0.00633	0.08070	0.01075
40	0.01762	0.01692	0.02890	0.04371	0.70533	0.01692	0.02185	0.02185	0.01621	0.02326	0.01339	0.01762	0.01128	0.00634	0.00705	0.00211	0.00846	0.00634	0.00352	0.01128
41	0.00868	0.00620	0.00826	0.00991	0.01033	0.00578	0.00661	0.00991	0.01363	0.01818	0.03925	0.74510	0.04710	0.02231	0.00909	0.00289	0.00413	0.02024	0.00661	0.00578
42	0.80005	0.01377	0.01047	0.00936	0.01377	0.01597	0.00771	0.02093	0.01212	0.03195	0.00991	0.01157	0.00771	0.00661	0.00441	0.00220	0.00551	0.00386	0.00441	0.00771
43	0.01237	0.00618	0.00928	0.00928	0.00928	0.00618	0.00618	0.00928	0.00928	0.01237	0.01237	0.02165	0.01237	0.02474	0.02783	0.79283	0.00618	0.00618	0.00309	0.00309
44	0.80005	0.01377	0.01047	0.00936	0.01377	0.01597	0.00771	0.02093	0.01212	0.03195	0.00991	0.01157	0.00771	0.00661	0.00441	0.00220	0.00551	0.00386	0.00441	0.00771
45	0.01333	0.01227	0.01750	0.01568	0.01621	0.01644	0.01280	0.01530	0.01113	0.01688	0.01340	0.02074	0.01287	0.02950	0.31397	0.00658	0.43801	0.00681	0.00341	0.00719
46	0.01036	0.00690	0.00777	0.00777	0.00777	0.00690	0.00431	0.01036	0.01036	0.01381	0.02244	0.04660	0.02589	0.74975	0.03624	0.00690	0.00690	0.01036	0.00431	0.00431
47	0.02707	0.01995	0.02137	0.01638	0.02208	0.02208	0.01353	0.68159	0.03348	0.04488	0.01710	0.01710	0.01211	0.00855	0.00712	0.00214	0.00784	0.00641	0.00712	0.01211
48	0.01771	0.01530	0.01610	0.01449	0.01852	0.01771	0.01127	0.03784	0.69247	0.02979	0.02898	0.02657	0.02174	0.00966	0.00725	0.00242	0.00564	0.00805	0.00725	0.01127
49	0.01008	0.00728	0.00952	0.00896	0.01064	0.00672	0.00672	0.01344	0.02016	0.02855	0.70158	0.05319	0.06719	0.01456	0.00840	0.00224	0.00336	0.01288	0.00784	0.00672
50	0.01237	0.00618	0.00928	0.00928	0.00928	0.00618	0.00618	0.00928	0.00928	0.01237	0.01237	0.02165	0.01237	0.02474	0.02783	0.79283	0.00618	0.00618	0.00309	0.00309
51	0.00892	0.00645	0.00848	0.00989	0.01059	0.00601	0.00685	0.01046	0.01437	0.01908	0.08170	0.61847	0.08850	0.02140	0.00905	0.00285	0.00421	0.06013	0.00668	0.00590
52	0.03195	0.01212	0.01652	0.01267	0.01818	0.01047	0.01047	0.03470	0.02038	0.71026	0.02809	0.02424	0.01763	0.00881	0.00716	0.00220	0.00606	0.00716	0.00881	0.01212
53	0.01854	0.01449	0.01565	0.01355	0.01758	0.01603	0.01068	0.15349	0.40871	0.06385	0.09953	0.03109	0.08407	0.01065	0.00744	0.00233	0.00566	0.00881	0.00730	0.01054
54	0.01945	0.71459	0.03637	0.01252	0.01848	0.06613	0.01227	0.02171	0.01478	0.01679	0.00996	0.01150	0.00914	0.00616	0.00467	0.00154	0.00790	0.00385	0.00308	0.00909
55	0.01259	0.00831	0.01051	0.01104	0.01253	0.00821	0.00804	0.04090	0.07459	0.07910	0.03529	0.46939	0.03894	0.06563	0.01051	0.00306	0.00503	0.09254	0.00672	0.00704
56	0.01784	0.01550	0.02519	0.11236	0.30401	0.01608	0.10594	0.11271	0.01820	0.05132	0.01714	0.08231	0.01478	0.00845	0.00779	0.00226	0.02848	0.00789	0.04174	0.01001

[dist]
# distance from previous block
# <min> <max>
0	1

[block]
# block no. 1 follows, 29 sequences, length 48
# corresponding to MSA columns:
# 530-566,568-578
name=unknown_B
#
# <colnr> <probs for GDERKNQSTAVLIFYWHMCP>
#	G	D	E	R	K	N	Q	S	T	A	V	L	I	F	Y	W	H	M	C	P
0	0.04487	0.01954	0.08461	0.06061	0.29359	0.10791	0.01707	0.07930	0.07824	0.02558	0.10109	0.02184	0.01862	0.00807	0.00705	0.00215	0.00822	0.00691	0.00469	0.01003
1	0.01539	0.01381	0.01553	0.01252	0.04690	0.04874	0.00944	0.01854	0.01520	0.02281	0.01370	0.01766	0.01184	0.00606	0.00561	0.00124	0.00588	0.03296	0.00426	0.68191
2	0.01257	0.12636	0.01512	0.01140	0.01373	0.04209	0.00885	0.01518	0.04409	0.01912	0.03029	0.38838	0.06189	0.01606	0.00850	0.00244	0.04024	0.05355	0.00555	0.08460
3	0.01732	0.03890	0.16576	0.05914	0.13249	0.01651	0.01630	0.05793	0.22394	0.05642	0.01952	0.02078	0.01477	0.00819	0.00759	0.00224	0.04296	0.00663	0.08228	0.01032
4	0.01029	0.00716	0.00905	0.00905	0.00949	0.00760	0.00591	0.01118	0.01073	0.01476	0.02126	0.04011	0.02307	0.50699	0.27515	0.00849	0.01115	0.00940	0.00414	0.00503
5	0.01011	0.00726	0.00947	0.00899	0.01050	0.00686	0.00663	0.01312	0.01881	0.02659	0.60380	0.05122	0.06081	0.08180	0.05020	0.00316	0.00454	0.01236	0.00730	0.00649
6	0.03195	0.01212	0.01652	0.01267	0.01818	0.01047	0.01047	0.03470	0.02038	0.71026	0.02809	0.02424	0.01763	0.00881	0.00716	0.00220	0.00606	0.00716	0.00881	0.01212
7	0.00854	0.00673	0.00771	0.00850	0.00996	0.00590	0.00598	0.01007	0.01500	0.01873	0.05651	0.38996	0.39109	0.02006	0.00874	0.00264	0.00386	0.01751	0.00661	0.00590
8	0.01762	0.01692	0.02890	0.04371	0.70533	0.01692	0.02185	0.02185	0.01621	0.02326	0.01339	0.01762	0.01128	0.00634	0.00705	0.00211	0.00846	0.00634	0.00352	0.01128
9	0.01003	0.00697	0.00776	0.00773	0.00820	0.00675	0.00461	0.01048	0.01177	0.01538	0.06277	0.05044	0.13676	0.59696	0.03044	0.00596	0.00620	0.01123	0.00485	0.00470
10	0.01681	0.01921	0.04202	0.03001	0.03721	0.01801	0.67947	0.02281	0.01681	0.02281	0.01441	0.01921	0.01080	0.00600	0.00840	0.00240	0.01200	0.00840	0.00360	0.00960
11	0.01592	0.01518	0.02582	0.32527	0.43711	0.01647	0.02100	0.02036	0.01541	0.02119	0.01309	0.01818	0.01055	0.00666	0.00708	0.00222	0.00888	0.00634	0.00338	0.00990
12	0.30030	0.01776	0.01752	0.01390	0.01914	0.01992	0.01148	0.44806	0.02593	0.04031	0.01456	0.01514	0.01055	0.00786	0.00616	0.00216	0.00701	0.00551	0.00616	0.01055
13	0.03116	0.01338	0.01730	0.01327	0.01881	0.01234	0.01096	0.13883	0.02249	0.60316	0.02632	0.02309	0.01674	0.00877	0.00715	0.00219	0.00635	0.00704	0.00854	0.01212
14	0.01684	0.05245	0.14001	0.11922	0.27547	0.01736	0.15587	0.05788	0.01670	0.02332	0.01342	0.01726	0.01051	0.00650	0.00710	0.00215	0.00942	0.00638	0.00362	0.04851
15	0.01887	0.02081	0.15170	0.01641	0.02073	0.09892	0.01521	0.10901	0.06729	0.08675	0.02182	0.02608	0.07391	0.01070	0.01115	0.00249	0.18151	0.05225	0.00505	0.00935
16	0.01125	0.00913	0.01316	0.01255	0.01346	0.01127	0.00981	0.01338	0.01124	0.01641	0.01745	0.02717	0.01685	0.10652	0.52376	0.00940	0.15941	0.00759	0.00372	0.00646
17	0.05264	0.01378	0.01649	0.15209	0.02364	0.01588	0.01247	0.03084	0.41402	0.08515	0.02404	0.02435	0.01805	0.01277	0.06934	0.00317	0.00758	0.00742	0.00617	0.01011
18	0.01710	0.15425	0.40975	0.02007	0.02845	0.11367	0.11611	0.02317	0.01589	0.02092	0.01229	0.01473	0.00932	0.00662	0.00659	0.00210	0.01056	0.00538	0.00319	0.00985
19	0.03116	0.01338	0.01730	0.01327	0.01881	0.01234	0.01096	0.13883	0.02249	0.60316	0.02632	0.02309	0.01674	0.00877	0.00715	0.00219	0.00635	0.00704	0.00854	0.01212
20	0.02301	0.01014	0.01366	0.01115	0.01510	0.00893	0.00893	0.02601	0.02029	0.43166	0.30334	0.03607	0.03788	0.01116	0.00767	0.00222	0.00496	0.00950	0.00841	0.00991
21	0.01462	0.01046	0.01618	0.09407	0.16605	0.01082	0.01243	0.01767	0.01521	0.10698	0.09799	0.13964	0.02563	0.02353	0.21054	0.00494	0.01003	0.00972	0.00520	0.00826
22	0.01811	0.63373	0.03238	0.01129	0.01667	0.02471	0.01102	0.02056	0.01454	0.01833	0.01205	0.01386	0.01060	0.00645	0.00463	0.00154	0.00692	0.00426	0.12960	0.00874
23	0.01428	0.03683	0.71286	0.02030	0.03082	0.01654	0.02631	0.02255	0.01503	0.02255	0.01278	0.01503	0.00902	0.00677	0.00677	0.00226	0.01052	0.00526	0.00301	0.01052
24	0.00957	0.00747	0.00882	0.00910	0.01114	0.00672	0.00723	0.01211	0.01720	0.02197	0.21327	0.06781	0.38682	0.01761	0.00876	0.00258	0.00428	0.17431	0.00689	0.00632
25	0.02013	0.17923	0.11787	0.01777	0.02313	0.16749	0.09839	0.10248	0.01822	0.04415	0.01588	0.01787	0.04797	0.00818	0.00844	0.00212	0.09115	0.00605	0.00412	0.00933
26	0.00899	0.00671	0.00871	0.00978	0.01077	0.00644	0.00696	0.01064	0.01390	0.01825	0.04226	0.47017	0.16827	0.02637	0.12367	0.00419	0.00654	0.04524	0.00616	0.00595
27	0.00868	0.00620	0.00826	0.00991	0.01033	0.00578	0.00661	0.00991	0.01363	0.01818	0.03925	0.74510	0.04710	0.02231	0.00909	0.00289	0.00413	0.02024	0.00661	0.00578
28	0.01806	0.01710	0.02181	0.06582	0.29596	0.06632	0.01616	0.02969	0.33716	0.02567	0.02058	0.02161	0.01599	0.00803	0.00710	0.00225	0.00748	0.00703	0.00528	0.01088
29	0.01945	0.01634	0.08069	0.09324	0.21407	0.01521	0.01599	0.02828	0.20998	0.16268	0.05425	0.02315	0.01789	0.00830	0.00718	0.00226	0.00720	0.00722	0.00578	0.01082
30	0.01173	0.00825	0.01017	0.00942	0.01161	0.00780	0.00715	0.01633	0.07917	0.06500	0.51929	0.05132	0.14680	0.01428	0.00823	0.00228	0.00374	0.01243	0.00767	0.00732
31	0.01628	0.01621	0.02395	0.28406	0.36378	0.07715	0.01926	0.02031	0.01586	0.02067	0.01702	0.02124	0.05864	0.00752	0.00711	0.00220	0.00887	0.00679	0.00362	0.00945
32	0.02040	0.26955	0.14799	0.01712	0.06952	0.20052	0.01513	0.02377	0.01681	0.07953	0.01709	0.01817	0.06071	0.00766	0.00612	0.00190	0.00911	0.00556	0.00400	0.00934
33	0.36463	0.01963	0.04935	0.01589	0.02025	0.16421	0.11806	0.02193	0.01466	0.02495	0.01256	0.05403	0.01089	0.00806	0.00751	0.00228	0.07298	0.00591	0.00407	0.00815
34	0.01700	0.01427	0.07641	0.01642	0.09832	0.01258	0.01255	0.16148	0.02145	0.08893	0.23540	0.03958	0.07077	0.01194	0.00789	0.00234	0.00621	0.09069	0.00661	0.00917
35	0.01537	0.05768	0.09567	0.08936	0.06324	0.12441	0.01267	0.01809	0.01515	0.04855	0.02636	0.09603	0.12693	0.13002	0.01269	0.00302	0.04343	0.00914	0.00454	0.00765
36	0.13398	0.13747	0.02151	0.01555	0.03739	0.11474	0.01253	0.17216	0.11524	0.05742	0.01518	0.01629	0.01184	0.00831	0.00829	0.00217	0.09940	0.00562	0.00510	0.00980
37	0.02010	0.02147	0.14739	0.13181	0.05635	0.12576	0.01594	0.12911	0.01958	0.10219	0.05290	0.01887	0.01408	0.00765	0.00678	0.00203	0.00864	0.00606	0.00489	0.10841
38	0.01957	0.06097	0.19160	0.01459	0.02033	0.04886	0.01427	0.16985	0.05704	0.11669	0.02337	0.04298	0.07313	0.02630	0.02328	0.00246	0.00778	0.00732	0.06975	0.00988
39	0.01237	0.00618	0.00928	0.00928	0.00928	0.00618	0.00618	0.00928	0.00928	0.01237	0.01237	0.02165	0.01237	0.02474	0.02783	0.79283	0.00618	0.00618	0.00309	0.00309
40	0.01238	0.01081	0.01430	0.24650	0.02467	0.04525	0.01218	0.01674	0.05369	0.02215	0.21225	0.10393	0.07691	0.01315	0.00809	0.00249	0.00650	0.10502	0.00571	0.00728
41	0.01779	0.06942	0.42782	0.06304	0.02853	0.01876	0.02143	0.18890	0.01945	0.02738	0.01356	0.01563	0.00985	0.00745	0.00748	0.00223	0.04107	0.00558	0.00407	0.01057
42	0.02056	0.01403	0.01517	0.01304	0.01675	0.04830	0.01010	0.12822	0.23329	0.17556	0.02716	0.05928	0.05080	0.10712	0.04503	0.00332	0.00706	0.00855	0.00680	0.00984
43	0.01890	0.01456	0.02137	0.09601	0.29661	0.01505	0.01584	0.15506	0.01948	0.09738	0.02058	0.15838	0.01883	0.01020	0.00748	0.00230	0.00735	0.00912	0.00537	0.01015
44	0.05552	0.05552	0.20749	0.06872	0.18875	0.07918	0.07620	0.04695	0.03978	0.06095	0.01418	0.01670	0.01078	0.00684	0.00674	0.00212	0.00920	0.00586	0.00398	0.04454
45	0.13268	0.01453	0.01820	0.07824	0.02138	0.01616	0.06042	0.16158	0.11870	0.09219	0.09588	0.05464	0.02059	0.00977	0.00850	0.00236	0.07083	0.00781	0.00600	0.00953
46	0.01166	0.01009	0.01661	0.01441	0.01642	0.01112	0.11669	0.01431	0.01236	0.01738	0.02047	0.02979	0.05036	0.12797	0.42397	0.00824	0.07920	0.00833	0.00392	0.00673
47	0.01843	0.01583	0.02087	0.18150	0.18287	0.04183	0.01577	0.20084	0.08965	0.02769	0.01832	0.08345	0.01560	0.01120	0.04213	0.00272	0.00852	0.00777	0.00510	0.00992

[dist]
# distance from previous block
# <min> <max>
7	31

[block]
# block no. 2 follows, 29 sequences, length 89
# corresponding to MSA columns:
# 610-698
name=unknown_C
#
# <colnr> <probs for GDERKNQSTAVLIFYWHMCP>
#	G	D	E	R	K	N	Q	S	T	A	V	L	I	F	Y	W	H	M	C	P
0	0.01934	0.01702	0.01714	0.01613	0.08478	0.15963	0.01158	0.02293	0.04246	0.10642	0.01796	0.02428	0.01535	0.00817	0.00655	0.00179	0.00744	0.08507	0.00500	0.33095
1	0.01498	0.01208	0.01336	0.01209	0.01514	0.01279	0.00898	0.07185	0.30844	0.02505	0.02697	0.17066	0.02534	0.13529	0.01220	0.00307	0.00566	0.01025	0.00623	0.10957
2	0.01741	0.01745	0.01956	0.16121	0.15662	0.14974	0.01428	0.02164	0.04775	0.02156	0.01369	0.01683	0.01107	0.00658	0.00628	0.00176	0.00812	0.00540	0.03717	0.26590
3	0.54291	0.01341	0.01187	0.00975	0.01479	0.01385	0.00795	0.01995	0.01299	0.02908	0.01081	0.01261	0.00864	0.00617	0.00469	0.00183	0.00543	0.00397	0.00435	0.26495
4	0.01008	0.00728	0.00952	0.00896	0.01064	0.00672	0.00672	0.01344	0.02016	0.02855	0.70158	0.05319	0.06719	0.01456	0.00840	0.00224	0.00336	0.01288	0.00784	0.00672
5	0.00992	0.00727	0.00929	0.00879	0.01054	0.00665	0.00659	0.01312	0.01977	0.02765	0.64044	0.05468	0.12888	0.01489	0.00840	0.00226	0.00338	0.01309	0.00772	0.00665
6	0.11392	0.04928	0.01671	0.01307	0.01710	0.01645	0.01052	0.35176	0.02457	0.03493	0.12947	0.14348	0.02612	0.01146	0.00721	0.00226	0.00621	0.00933	0.00663	0.00952
7	0.01030	0.00711	0.00882	0.00882	0.00919	0.00748	0.00563	0.01103	0.01067	0.01459	0.02147	0.04126	0.02357	0.55011	0.23272	0.00821	0.01039	0.00957	0.00417	0.00490
8	0.01159	0.01008	0.01475	0.02009	0.23770	0.00955	0.01123	0.01409	0.01560	0.02066	0.07225	0.26265	0.24135	0.01538	0.00818	0.00245	0.00535	0.01371	0.00566	0.00770
9	0.01866	0.34530	0.25446	0.05085	0.02459	0.15661	0.01748	0.02294	0.01574	0.01885	0.01119	0.01324	0.00912	0.00660	0.00577	0.00186	0.00966	0.00455	0.00316	0.00936
10	0.01860	0.05233	0.02235	0.02031	0.12296	0.09351	0.10552	0.17369	0.01890	0.02457	0.01557	0.02147	0.01349	0.08635	0.11397	0.06583	0.01045	0.00689	0.00445	0.00879
11	0.01036	0.00690	0.00777	0.00777	0.00777	0.00690	0.00431	0.01036	0.01036	0.01381	0.02244	0.04660	0.02589	0.74975	0.03624	0.00690	0.00690	0.01036	0.00431	0.00431
12	0.01773	0.02181	0.22523	0.08455	0.15378	0.01609	0.12994	0.07223	0.04295	0.08667	0.01728	0.02270	0.01358	0.00795	0.00742	0.00233	0.00923	0.05377	0.00447	0.01029
13	0.01255	0.01101	0.01505	0.01334	0.01426	0.01351	0.01071	0.01510	0.01599	0.02342	0.39006	0.03626	0.04116	0.01361	0.01514	0.00263	0.33339	0.00989	0.00571	0.00720
14	0.01871	0.04252	0.04705	0.04496	0.24808	0.01830	0.01604	0.13754	0.23555	0.02847	0.04068	0.02117	0.01626	0.00837	0.00787	0.00226	0.04288	0.00698	0.00540	0.01090
15	0.80005	0.01377	0.01047	0.00936	0.01377	0.01597	0.00771	0.02093	0.01212	0.03195	0.00991	0.01157	0.00771	0.00661	0.00441	0.00220	0.00551	0.00386	0.00441	0.00771
16	0.01446	0.01239	0.01440	0.01038	0.01652	0.00932	0.00829	0.01755	0.01484	0.02301	0.01556	0.01739	0.04429	0.00590	0.00543	0.00112	0.00519	0.00475	0.00434	0.75488
17	0.02618	0.03325	0.02024	0.01836	0.02189	0.69482	0.01383	0.02801	0.01983	0.01742	0.01094	0.01294	0.00918	0.00753	0.00706	0.00188	0.04011	0.00465	0.00365	0.00824
18	0.80005	0.01377	0.01047	0.00936	0.01377	0.01597	0.00771	0.02093	0.01212	0.03195	0.00991	0.01157	0.00771	0.00661	0.00441	0.00220	0.00551	0.00386	0.00441	0.00771
19	0.01485	0.01808	0.15639	0.10594	0.06244	0.01530	0.06443	0.02454	0.22113	0.02439	0.08741	0.02961	0.04343	0.00992	0.00830	0.00244	0.04175	0.05495	0.00523	0.00948
20	0.01558	0.01558	0.02181	0.01869	0.01869	0.02181	0.01558	0.01714	0.01091	0.01714	0.00935	0.01558	0.00935	0.01246	0.02337	0.00312	0.73672	0.00623	0.00312	0.00779
21	0.01057	0.00800	0.00997	0.01015	0.01211	0.00763	0.00813	0.01451	0.05633	0.02435	0.32136	0.06334	0.19822	0.01661	0.00877	0.00260	0.00452	0.20893	0.00714	0.00677
22	0.01327	0.00664	0.00664	0.00664	0.00830	0.00664	0.00498	0.01659	0.01493	0.02655	0.02323	0.02655	0.01825	0.00830	0.00498	0.00166	0.00332	0.00664	0.78928	0.00664
23	0.01002	0.00719	0.00967	0.01048	0.01173	0.00684	0.00806	0.01267	0.01693	0.02306	0.29231	0.28762	0.05301	0.01858	0.00904	0.00275	0.00454	0.20207	0.00706	0.00637
24	0.01008	0.00728	0.00952	0.00896	0.01064	0.00672	0.00672	0.01344	0.02016	0.02855	0.70158	0.05319	0.06719	0.01456	0.00840	0.00224	0.00336	0.01288	0.00784	0.00672
25	0.01012	0.00680	0.00784	0.00807	0.00813	0.00674	0.00464	0.01029	0.01082	0.01443	0.02484	0.14643	0.02892	0.64578	0.03236	0.00633	0.00651	0.01177	0.00464	0.00452
26	0.01451	0.07059	0.68106	0.01991	0.03023	0.01708	0.02564	0.02249	0.01501	0.02228	0.01264	0.01486	0.00903	0.00673	0.00666	0.00222	0.01039	0.00519	0.00301	0.01046
27	0.01247	0.00849	0.01076	0.00991	0.01234	0.00761	0.00766	0.01526	0.01738	0.07214	0.33111	0.05014	0.07716	0.10396	0.01152	0.00282	0.00480	0.11862	0.00668	0.11916
28	0.01035	0.00739	0.01019	0.01183	0.01298	0.00723	0.00953	0.01281	0.01529	0.02005	0.03832	0.34672	0.04343	0.02073	0.00954	0.00312	0.00558	0.40208	0.00658	0.00625
29	0.80005	0.01377	0.01047	0.00936	0.01377	0.01597	0.00771	0.02093	0.01212	0.03195	0.00991	0.01157	0.00771	0.00661	0.00441	0.00220	0.00551	0.00386	0.00441	0.00771
30	0.01477	0.01266	0.01477	0.01055	0.01687	0.00949	0.00844	0.01793	0.01477	0.02320	0.01266	0.01477	0.01055	0.00527	0.00527	0.00105	0.00527	0.00422	0.00422	0.79328
31	0.02660	0.03394	0.02018	0.01834	0.02201	0.72116	0.01376	0.02843	0.02018	0.01743	0.01101	0.01284	0.00917	0.00734	0.00642	0.00183	0.01284	0.00459	0.00367	0.00825
32	0.00858	0.00656	0.00789	0.00895	0.01007	0.00587	0.00618	0.01002	0.01456	0.01856	0.05104	0.50241	0.28217	0.02078	0.00885	0.00272	0.00394	0.01837	0.00661	0.00587
33	0.00868	0.00620	0.00826	0.00991	0.01033	0.00578	0.00661	0.00991	0.01363	0.01818	0.03925	0.74510	0.04710	0.02231	0.00909	0.00289	0.00413	0.02024	0.00661	0.00578
34	0.02283	0.01811	0.02215	0.01730	0.02239	0.01999	0.09293	0.41573	0.15542	0.03714	0.01898	0.01955	0.01396	0.00863	0.00796	0.00224	0.04186	0.00697	0.04468	0.01118
35	0.00868	0.00620	0.00826	0.00991	0.01033	0.00578	0.00661	0.00991	0.01363	0.01818	0.03925	0.74510	0.04710	0.02231	0.00909	0.00289	0.00413	0.02024	0.00661	0.00578
36	0.00849	0.00722	0.00732	0.00730	0.00967	0.00604	0.00547	0.01037	0.01641	0.01967	0.10163	0.06781	0.67267	0.01787	0.00841	0.00240	0.00360	0.01493	0.00667	0.00604
37	0.05529	0.01684	0.02660	0.08713	0.54465	0.01742	0.02004	0.10082	0.01796	0.02591	0.01362	0.01737	0.01109	0.00668	0.00694	0.00214	0.00832	0.00623	0.00397	0.01097
38	0.01128	0.00958	0.01435	0.24772	0.02415	0.01119	0.01217	0.01376	0.01351	0.01805	0.02619	0.36037	0.02909	0.04216	0.01121	0.00291	0.09590	0.04469	0.00497	0.00671
39	0.01020	0.00754	0.01097	0.01097	0.01208	0.00864	0.00831	0.01241	0.01130	0.01618	0.01951	0.03037	0.01884	0.14289	0.63347	0.01086	0.01751	0.00798	0.00388	0.00610
40	0.02085	0.16852	0.06016	0.05117	0.21557	0.27958	0.06323	0.02415	0.01725	0.01958	0.01184	0.01468	0.00988	0.00669	0.00642	0.00193	0.01030	0.00529	0.00345	0.00947
41	0.01030	0.00711	0.00883	0.00883	0.00920	0.00748	0.00564	0.01104	0.01067	0.01460	0.02146	0.04120	0.02354	0.54796	0.23483	0.00822	0.01043	0.00957	0.00417	0.00491
42	0.01637	0.01646	0.02751	0.29972	0.33003	0.05071	0.11453	0.02093	0.01575	0.02101	0.01315	0.01813	0.01044	0.00664	0.00724	0.00224	0.00957	0.00655	0.00341	0.00963
43	0.80005	0.01377	0.01047	0.00936	0.01377	0.01597	0.00771	0.02093	0.01212	0.03195	0.00991	0.01157	0.00771	0.00661	0.00441	0.00220	0.00551	0.00386	0.00441	0.00771
44	0.00894	0.00690	0.00816	0.00856	0.01012	0.00612	0.00615	0.01097	0.01641	0.02134	0.22708	0.28603	0.32060	0.01852	0.00863	0.00252	0.00371	0.01617	0.00693	0.00612
45	0.01477	0.01266	0.01477	0.01055	0.01687	0.00949	0.00844	0.01793	0.01477	0.02320	0.01266	0.01477	0.01055	0.00527	0.00527	0.00105	0.00527	0.00422	0.00422	0.79328
46	0.01043	0.00789	0.00967	0.01046	0.01226	0.00747	0.00833	0.04031	0.01642	0.02087	0.04917	0.22647	0.27136	0.01924	0.00905	0.00284	0.00503	0.25970	0.00661	0.00642
47	0.01914	0.19620	0.05682	0.01607	0.04433	0.21782	0.01327	0.02173	0.01558	0.01882	0.01135	0.01422	0.00990	0.00928	0.03861	0.00223	0.11816	0.00480	0.00352	0.16815
48	0.00883	0.00639	0.00837	0.00982	0.01048	0.00594	0.00673	0.01027	0.01418	0.01877	0.06620	0.64246	0.09479	0.02160	0.00905	0.00285	0.00417	0.04658	0.00665	0.00587
49	0.00984	0.00727	0.00919	0.00871	0.01049	0.00662	0.00653	0.01298	0.01960	0.02722	0.61161	0.05538	0.15798	0.01505	0.00840	0.00226	0.00339	0.01318	0.00766	0.00662
50	0.01425	0.01347	0.02280	0.60071	0.17472	0.01603	0.02017	0.01889	0.01462	0.01916	0.01280	0.01872	0.00983	0.00697	0.00711	0.00232	0.00929	0.00633	0.00323	0.00856
51	0.01626	0.01552	0.02643	0.26930	0.49043	0.01656	0.02117	0.02065	0.01557	0.02160	0.01315	0.01807	0.01069	0.00660	0.00707	0.00220	0.00880	0.00634	0.00341	0.01018
52	0.00875	0.00723	0.00768	0.00757	0.00982	0.00615	0.00568	0.01087	0.01703	0.02113	0.19984	0.06542	0.57356	0.01733	0.00841	0.00237	0.00356	0.01459	0.00686	0.00615
53	0.02823	0.01295	0.01641	0.01315	0.01827	0.01236	0.01068	0.03552	0.19608	0.53238	0.02832	0.02485	0.01870	0.00903	0.00718	0.00226	0.00595	0.00739	0.00840	0.01190
54	0.01920	0.01346	0.01603	0.01397	0.01728	0.01518	0.01110	0.02990	0.33695	0.17368	0.05962	0.06134	0.05530	0.01118	0.01012	0.00250	0.12749	0.00869	0.00686	0.01014
55	0.01671	0.25739	0.02689	0.01656	0.01856	0.02389	0.01447	0.01851	0.01207	0.01701	0.00953	0.01422	0.00928	0.01038	0.01721	0.00259	0.49797	0.00544	0.00309	0.00823
56	0.01172	0.00879	0.01038	0.00942	0.01177	0.00839	0.00722	0.09306	0.02080	0.02823	0.46488	0.05261	0.21630	0.01469	0.00825	0.00227	0.00396	0.01263	0.00745	0.00719
57	0.00868	0.00620	0.00826	0.00991	0.01033	0.00578	0.00661	0.00991	0.01363	0.01818	0.03925	0.74510	0.04710	0.02231	0.00909	0.00289	0.00413	0.02024	0.00661	0.00578
58	0.00998	0.00834	0.01068	0.01071	0.01187	0.00904	0.00807	0.01167	0.01370	0.01810	0.04214	0.27944	0.25769	0.02421	0.12561	0.00414	0.12864	0.01412	0.00558	0.00629
59	0.80005	0.01377	0.01047	0.00936	0.01377	0.01597	0.00771	0.02093	0.01212	0.03195	0.00991	0.01157	0.00771	0.00661	0.00441	0.00220	0.00551	0.00386	0.00441	0.00771
60	0.00868	0.00620	0.00826	0.00991	0.01033	0.00578	0.00661	0.00991	0.01363	0.01818	0.03925	0.74510	0.04710	0.02231	0.00909	0.00289	0.00413	0.02024	0.00661	0.00578
61	0.01948	0.42286	0.03274	0.01613	0.02128	0.02489	0.09476	0.12679	0.01721	0.02207	0.01151	0.01398	0.00985	0.00754	0.00859	0.00200	0.12989	0.00519	0.00378	0.00945
62	0.01017	0.00763	0.01144	0.01144	0.01272	0.00890	0.00890	0.01272	0.01144	0.01653	0.01907	0.02797	0.01780	0.05340	0.72153	0.01144	0.01907	0.00763	0.00381	0.00636
63	0.00868	0.00620	0.00826	0.00991	0.01033	0.00578	0.00661	0.00991	0.01363	0.01818	0.03925	0.74510	0.04710	0.02231	0.00909	0.00289	0.00413	0.02024	0.00661	0.00578
64	0.01558	0.01558	0.02181	0.01869	0.01869	0.02181	0.01558	0.01714	0.01091	0.01714	0.00935	0.01558	0.00935	0.01246	0.02337	0.00312	0.73672	0.00623	0.00312	0.00779
65	0.01660	0.34732	0.02848	0.37389	0.03389	0.05548	0.01607	0.02010	0.01463	0.01751	0.01134	0.01528	0.00932	0.00667	0.00594	0.00196	0.00881	0.00511	0.00314	0.00848
66	0.00960	0.00726	0.00886	0.00846	0.01035	0.00652	0.00634	0.01251	0.01903	0.02588	0.52091	0.05759	0.24952	0.01556	0.00840	0.00229	0.00343	0.01349	0.00749	0.00652
67	0.01327	0.00664	0.00664	0.00664	0.00830	0.00664	0.00498	0.01659	0.01493	0.02655	0.02323	0.02655	0.01825	0.00830	0.00498	0.00166	0.00332	0.00664	0.78928	0.00664
68	0.46735	0.11038	0.01912	0.01912	0.19808	0.04037	0.01223	0.02147	0.01376	0.02723	0.01087	0.01320	0.00889	0.00650	0.00519	0.00208	0.00680	0.00453	0.00397	0.00886
69	0.00869	0.00722	0.00760	0.00751	0.00979	0.00613	0.00563	0.01076	0.01689	0.02079	0.17739	0.06596	0.59622	0.01745	0.00841	0.00238	0.00357	0.01467	0.00682	0.00613
70	0.00842	0.00721	0.00721	0.00721	0.00962	0.00601	0.00541	0.01022	0.01623	0.01924	0.07213	0.06853	0.70244	0.01803	0.00842	0.00240	0.00361	0.01503	0.00661	0.00601
71	0.01558	0.01558	0.02181	0.01869	0.01869	0.02181	0.01558	0.01714	0.01091	0.01714	0.00935	0.01558	0.00935	0.01246	0.02337	0.00312	0.73672	0.00623	0.00312	0.00779
72	0.01886	0.01587	0.01675	0.01472	0.01895	0.01825	0.01155	0.11674	0.61170	0.03164	0.02753	0.02541	0.02056	0.00952	0.00723	0.00238	0.00591	0.00785	0.00723	0.01137
73	0.01904	0.75404	0.03731	0.01218	0.01828	0.02818	0.01218	0.02132	0.01447	0.01675	0.00990	0.01142	0.00914	0.00609	0.00457	0.00152	0.00761	0.00381	0.00305	0.00914
74	0.00857	0.00661	0.00783	0.00881	0.01004	0.00588	0.00612	0.01004	0.01470	0.01861	0.05275	0.46723	0.31625	0.02055	0.00881	0.00269	0.00392	0.01810	0.00661	0.00588
75	0.01762	0.01692	0.02890	0.04371	0.70533	0.01692	0.02185	0.02185	0.01621	0.02326	0.01339	0.01762	0.01128	0.00634	0.00705	0.00211	0.00846	0.00634	0.00352	0.01128
76	0.01477	0.01266	0.01477	0.01055	0.01687	0.00949	0.00844	0.01793	0.01477	0.02320	0.01266	0.01477	0.01055	0.00527	0.00527	0.00105	0.00527	0.00422	0.00422	0.79328
77	0.01428	0.03683	0.71286	0.02030	0.03082	0.01654	0.02631	0.02255	0.01503	0.02255	0.01278	0.01503	0.00902	0.00677	0.00677	0.00226	0.01052	0.00526	0.00301	0.01052
78	0.02660	0.03394	0.02018	0.01834	0.02201	0.72116	0.01376	0.02843	0.02018	0.01743	0.01101	0.01284	0.00917	0.00734	0.00642	0.00183	0.01284	0.00459	0.00367	0.00825
79	0.00924	0.00725	0.00836	0.00808	0.01013	0.00636	0.00606	0.01182	0.01819	0.02388	0.38583	0.06088	0.38585	0.01630	0.00841	0.00232	0.00348	0.01396	0.00722	0.00636
80	0.01050	0.00659	0.00801	0.00862	0.00973	0.00627	0.00610	0.01290	0.01554	0.02327	0.18412	0.35298	0.04220	0.01596	0.00759	0.00234	0.00369	0.01412	0.26317	0.00627
81	0.00996	0.00727	0.00935	0.00883	0.01056	0.00667	0.00662	0.01320	0.01987	0.02788	0.65590	0.05430	0.11329	0.01481	0.00840	0.00225	0.00338	0.01303	0.00775	0.00667
82	0.02428	0.01856	0.01980	0.01582	0.02102	0.02078	0.01286	0.48974	0.22987	0.04038	0.02064	0.01992	0.01498	0.00888	0.00716	0.00222	0.00718	0.00690	0.00716	0.01186
83	0.02789	0.01692	0.01937	0.01480	0.02047	0.01748	0.01221	0.42787	0.02801	0.26139	0.02042	0.01929	0.01382	0.00843	0.00702	0.00209	0.00709	0.00652	0.00749	0.06143
84	0.01403	0.04611	0.01644	0.01601	0.11356	0.01170	0.01083	0.06459	0.01510	0.02170	0.01832	0.10903	0.01756	0.02355	0.24064	0.00493	0.01040	0.00774	0.00444	0.23332
85	0.01526	0.01196	0.01381	0.01148	0.01561	0.01094	0.00884	0.16211	0.01863	0.02622	0.02493	0.24909	0.05592	0.01201	0.00704	0.00194	0.00540	0.01030	0.00574	0.33278
86	0.01471	0.01508	0.01362	0.01304	0.01516	0.19434	0.03327	0.03987	0.01689	0.01984	0.06646	0.30105	0.14465	0.01572	0.00878	0.00248	0.03781	0.03457	0.00566	0.00699
87	0.12721	0.01352	0.01345	0.01075	0.01568	0.06025	0.00845	0.04966	0.01577	0.02424	0.02158	0.07388	0.09758	0.00857	0.00598	0.00162	0.00567	0.00679	0.00481	0.43452
88	0.01472	0.01071	0.01340	0.03517	0.01623	0.00988	0.00944	0.05758	0.01582	0.05664	0.02025	0.03029	0.01827	0.01764	0.14312	0.00364	0.00825	0.11471	0.09102	0.31322

[dist]
# distance from previous block
# <min> <max>
0	1

[block]
# block no. 3 follows, 29 sequences, length 8
# corresponding to MSA columns:
# 700-707
name=unknown_D
#
# <colnr> <probs for GDERKNQSTAVLIFYWHMCP>
#	G	D	E	R	K	N	Q	S	T	A	V	L	I	F	Y	W	H	M	C	P
0	0.01560	0.10333	0.01801	0.01173	0.01701	0.01326	0.00966	0.05508	0.01537	0.02275	0.01424	0.06830	0.01305	0.00743	0.00712	0.00148	0.06826	0.00564	0.00432	0.52835
1	0.01549	0.01443	0.01394	0.08725	0.03998	0.15820	0.01022	0.07324	0.01722	0.02134	0.10134	0.18683	0.05937	0.07301	0.01121	0.05369	0.00717	0.01053	0.03844	0.00710
2	0.01628	0.08849	0.08175	0.07205	0.04922	0.04724	0.01241	0.04683	0.06571	0.04823	0.01771	0.10960	0.01598	0.00855	0.00639	0.00182	0.00683	0.00708	0.00467	0.29318
3	0.01422	0.01475	0.10689	0.01418	0.04772	0.04365	0.02761	0.01887	0.05899	0.04957	0.07594	0.12811	0.02344	0.01654	0.10681	0.00337	0.00818	0.02435	0.06276	0.15405
4	0.01868	0.02043	0.13156	0.01710	0.05017	0.12442	0.07188	0.10273	0.06742	0.08070	0.12548	0.02709	0.07608	0.00938	0.00729	0.00214	0.00800	0.00787	0.00553	0.04606
5	0.06671	0.11670	0.05301	0.06513	0.11626	0.19126	0.01434	0.06327	0.06436	0.13556	0.03642	0.01799	0.01354	0.00764	0.00649	0.00204	0.00865	0.00584	0.00495	0.00985
6	0.09656	0.07928	0.01919	0.01510	0.05042	0.01535	0.05393	0.07916	0.10031	0.10133	0.08917	0.08439	0.02135	0.00983	0.00822	0.00219	0.06879	0.00795	0.00567	0.09179
7	0.04123	0.15346	0.17075	0.06538	0.13232	0.01694	0.01614	0.06946	0.03761	0.07078	0.05462	0.08848	0.01751	0.00884	0.00671	0.00213	0.00765	0.00733	0.00462	0.02802

[dist]
# distance from previous block
# <min> <max>
0	266

[block]
# block no. 4 follows, 29 sequences, length 35
# corresponding to MSA columns:
# 1003-1037
name=unknown_E
#
# <colnr> <probs for GDERKNQSTAVLIFYWHMCP>
#	G	D	E	R	K	N	Q	S	T	A	V	L	I	F	Y	W	H	M	C	P
0	0.02000	0.09504	0.10821	0.07520	0.07022	0.16781	0.09525	0.04219	0.05206	0.10068	0.01832	0.04636	0.03931	0.00814	0.00690	0.00210	0.00920	0.00681	0.00458	0.03163
1	0.03947	0.02589	0.26597	0.02108	0.09765	0.13763	0.07615	0.02576	0.09277	0.08358	0.05275	0.01935	0.01471	0.00767	0.00699	0.00219	0.00938	0.00639	0.00451	0.01008
2	0.01569	0.10173	0.22945	0.03781	0.08661	0.01601	0.10383	0.07525	0.01671	0.02343	0.01839	0.09575	0.03788	0.00871	0.00692	0.00213	0.00833	0.00765	0.03965	0.06810
3	0.01893	0.11905	0.10816	0.02127	0.13451	0.09083	0.09629	0.06899	0.09555	0.06924	0.04528	0.02243	0.06190	0.00823	0.00696	0.00212	0.00844	0.00704	0.00482	0.00996
4	0.09228	0.03480	0.10465	0.02382	0.19842	0.01533	0.12673	0.04812	0.04539	0.04546	0.04365	0.02185	0.04021	0.01292	0.09096	0.00327	0.00955	0.00703	0.00436	0.03121
5	0.15489	0.04159	0.15234	0.07678	0.16730	0.05086	0.04117	0.01967	0.01526	0.02327	0.04444	0.05415	0.09093	0.00883	0.00671	0.00220	0.00775	0.00735	0.00420	0.03032
6	0.17259	0.06450	0.04119	0.09736	0.28784	0.01682	0.01591	0.03903	0.05481	0.05134	0.03508	0.01778	0.01271	0.00719	0.00680	0.00214	0.02732	0.00590	0.00428	0.03941
7	0.09194	0.01943	0.06966	0.22608	0.10651	0.14662	0.06580	0.03893	0.05369	0.06287	0.01461	0.01846	0.01137	0.03508	0.00790	0.00238	0.00933	0.00615	0.00413	0.00904
8	0.01653	0.05017	0.08894	0.03780	0.09719	0.10649	0.04061	0.02274	0.13566	0.05715	0.04103	0.17381	0.05864	0.01155	0.00790	0.00235	0.02737	0.00984	0.00529	0.00896
9	0.01950	0.03855	0.01708	0.01573	0.06478	0.20083	0.01133	0.09043	0.11315	0.06048	0.12604	0.07787	0.02420	0.00990	0.00700	0.00205	0.00744	0.00801	0.03967	0.06595
10	0.01886	0.18322	0.10369	0.06138	0.05084	0.01769	0.01382	0.02690	0.19541	0.13634	0.04077	0.02265	0.04249	0.00975	0.02592	0.00239	0.02559	0.00678	0.00543	0.01008
11	0.01215	0.00965	0.01139	0.00946	0.01328	0.00783	0.00725	0.01498	0.01603	0.02358	0.17895	0.11598	0.10981	0.01107	0.00678	0.00174	0.00438	0.00948	0.05755	0.37867
12	0.01597	0.04180	0.03962	0.01142	0.01758	0.01166	0.00958	0.07304	0.04140	0.02507	0.01390	0.01569	0.01126	0.00589	0.00551	0.00127	0.00569	0.00465	0.03226	0.61673
13	0.01020	0.00753	0.01093	0.01093	0.01202	0.00862	0.00826	0.01239	0.01129	0.01615	0.01954	0.03057	0.01893	0.15065	0.62583	0.01081	0.01737	0.00801	0.00388	0.00607
14	0.00974	0.00717	0.00911	0.00882	0.01048	0.00655	0.00654	0.01272	0.01908	0.02645	0.56290	0.11626	0.14633	0.01568	0.00846	0.00232	0.00346	0.01380	0.00757	0.00655
15	0.01690	0.01618	0.02759	0.16328	0.59142	0.01673	0.02149	0.02122	0.01587	0.02238	0.01327	0.01786	0.01097	0.00648	0.00706	0.00216	0.00864	0.00634	0.00346	0.01069
16	0.09346	0.01718	0.01672	0.01519	0.01679	0.17727	0.01193	0.01911	0.01418	0.04068	0.01717	0.16752	0.01765	0.01249	0.01340	0.00260	0.29409	0.00859	0.03643	0.00756
17	0.01461	0.01497	0.06358	0.09650	0.10807	0.04592	0.01436	0.02020	0.11642	0.02108	0.02160	0.17227	0.02117	0.01232	0.01093	0.00260	0.15927	0.04184	0.03383	0.00845
18	0.00864	0.00662	0.00792	0.00888	0.01008	0.00591	0.00617	0.01017	0.01486	0.01899	0.07837	0.46631	0.29070	0.02041	0.00881	0.00268	0.00391	0.01801	0.00666	0.00591
19	0.01530	0.01454	0.02470	0.42770	0.33953	0.01631	0.02070	0.01981	0.01511	0.02044	0.01298	0.01838	0.01028	0.00678	0.00709	0.00226	0.00904	0.00634	0.00332	0.00940
20	0.01468	0.01266	0.01520	0.05834	0.01900	0.00991	0.00919	0.01795	0.01473	0.02287	0.01266	0.01504	0.01048	0.00540	0.00540	0.00114	0.00555	0.00436	0.00415	0.74130
21	0.07187	0.01460	0.01596	0.04434	0.01868	0.01595	0.01124	0.35303	0.04388	0.03467	0.02435	0.03086	0.06457	0.01056	0.00710	0.00227	0.00655	0.09783	0.12209	0.00961
22	0.01406	0.01299	0.01527	0.23366	0.02504	0.08813	0.01200	0.01709	0.01468	0.01917	0.02045	0.02980	0.06092	0.09556	0.06449	0.00329	0.00855	0.06003	0.03380	0.17103
23	0.02707	0.01995	0.02137	0.01638	0.02208	0.02208	0.01353	0.68159	0.03348	0.04488	0.01710	0.01710	0.01211	0.00855	0.00712	0.00214	0.00784	0.00641	0.00712	0.01211
24	0.01956	0.70433	0.03613	0.01261	0.01853	0.07601	0.01229	0.02181	0.01486	0.01680	0.00998	0.01152	0.00914	0.00618	0.00470	0.00154	0.00798	0.00386	0.00309	0.00908
25	0.01477	0.01266	0.01477	0.01055	0.01687	0.00949	0.00844	0.01793	0.01477	0.02320	0.01266	0.01477	0.01055	0.00527	0.00527	0.00105	0.00527	0.00422	0.00422	0.79328
26	0.02235	0.01736	0.01846	0.01506	0.01991	0.01937	0.01214	0.39928	0.27384	0.03758	0.02525	0.02412	0.06329	0.00961	0.00726	0.00226	0.00674	0.00761	0.00713	0.01138
27	0.01153	0.00837	0.01072	0.01100	0.01207	0.00902	0.00806	0.06505	0.01483	0.02104	0.03010	0.43534	0.03339	0.02278	0.10600	0.00385	0.07105	0.01449	0.10467	0.00665
28	0.01385	0.01012	0.01176	0.01133	0.01362	0.01038	0.00840	0.12094	0.11808	0.05094	0.08419	0.36922	0.11516	0.01672	0.00831	0.00257	0.00489	0.01464	0.00695	0.00792
29	0.01966	0.01627	0.01720	0.01489	0.01926	0.01862	0.01174	0.17218	0.55495	0.03294	0.02650	0.02459	0.01973	0.00943	0.00722	0.00236	0.00609	0.00771	0.00722	0.01145
30	0.02243	0.01682	0.01867	0.01513	0.01970	0.01881	0.01230	0.46567	0.10703	0.03717	0.01892	0.02049	0.01444	0.01804	0.15622	0.00411	0.00992	0.00686	0.00645	0.01081
31	0.01017	0.00763	0.01144	0.01144	0.01272	0.00890	0.00890	0.01272	0.01144	0.01653	0.01907	0.02797	0.01780	0.05340	0.72153	0.01144	0.01907	0.00763	0.00381	0.00636
32	0.01842	0.18719	0.02771	0.07131	0.14990	0.06909	0.10753	0.06823	0.14326	0.02323	0.01597	0.01837	0.01281	0.00965	0.04504	0.00258	0.00914	0.00632	0.00436	0.00990
33	0.01808	0.24638	0.10448	0.01490	0.01944	0.17529	0.01365	0.02213	0.06624	0.01896	0.02052	0.02186	0.10693	0.00929	0.00865	0.00209	0.11210	0.00638	0.00400	0.00864
34	0.01855	0.02025	0.09777	0.01634	0.05488	0.17301	0.03127	0.11177	0.01890	0.05002	0.02268	0.05479	0.08921	0.01261	0.05635	0.00269	0.00910	0.03540	0.00491	0.11951

[dist]
# distance from previous block
# <min> <max>
0	31

[block]
