[name]
unknown

[dist]
# distance from previous block
# <min> <max>
0	177

[block]
# block no. 0 follows, 25 sequences, length 20
# corresponding to MSA columns:
# 177-196
name=unknown_A
#
# <colnr> <probs for GDERKNQSTAVLIFYWHMCP>
#	G	D	E	R	K	N	Q	S	T	A	V	L	I	F	Y	W	H	M	C	P
0	0.01249	0.00892	0.01249	0.01428	0.01606	0.00892	0.01249	0.01606	0.01785	0.02320	0.04105	0.08746	0.04462	0.02142	0.01071	0.00357	0.00714	0.62695	0.00714	0.00714
1	0.01125	0.00760	0.00890	0.00890	0.00905	0.00776	0.00525	0.01156	0.01141	0.01536	0.02403	0.04851	0.02722	0.65375	0.11190	0.00806	0.00898	0.01095	0.00464	0.00494
2	0.16041	0.01282	0.01493	0.05488	0.05691	0.01394	0.01090	0.11050	0.01968	0.02974	0.16687	0.09854	0.14023	0.01347	0.00923	0.00258	0.05848	0.01086	0.00640	0.00862
3	0.01080	0.00831	0.00980	0.01012	0.01178	0.00794	0.00720	0.01472	0.08006	0.02346	0.18920	0.29227	0.21173	0.07223	0.01155	0.00313	0.00455	0.01672	0.00738	0.00705
4	0.10279	0.01312	0.01447	0.01239	0.01588	0.01390	0.00965	0.20573	0.02191	0.07251	0.10473	0.03669	0.10948	0.12359	0.10497	0.00452	0.00845	0.00959	0.00663	0.00901
5	0.01641	0.09207	0.01860	0.15949	0.02405	0.04091	0.01258	0.05880	0.11555	0.05304	0.07537	0.24362	0.03036	0.01401	0.00822	0.00261	0.00702	0.01212	0.00620	0.00897
6	0.00997	0.00759	0.00906	0.00969	0.01117	0.00699	0.00696	0.01182	0.01613	0.02069	0.09997	0.26690	0.28529	0.10117	0.05319	0.00395	0.00570	0.06055	0.00684	0.00639
7	0.01840	0.05099	0.27875	0.06335	0.05933	0.09327	0.12442	0.05933	0.05643	0.02483	0.01690	0.06248	0.01393	0.00885	0.00842	0.00249	0.03541	0.00759	0.00427	0.01056
8	0.02073	0.73217	0.04063	0.01327	0.01990	0.03068	0.01327	0.02322	0.01575	0.01824	0.01078	0.01244	0.00995	0.00663	0.00498	0.00166	0.00829	0.00415	0.00332	0.00995
9	0.01838	0.01431	0.02094	0.09451	0.06308	0.01498	0.09585	0.08391	0.14399	0.09458	0.12175	0.08264	0.04885	0.01423	0.04962	0.00315	0.00827	0.01022	0.00660	0.01013
10	0.00997	0.00777	0.00906	0.00899	0.01103	0.00685	0.00664	0.01260	0.01921	0.02519	0.33170	0.13638	0.34981	0.01850	0.00923	0.00260	0.00387	0.01596	0.00778	0.00685
11	0.02286	0.02128	0.06084	0.02101	0.11330	0.08562	0.01554	0.28857	0.06424	0.03411	0.02375	0.02466	0.08595	0.01000	0.00874	0.00235	0.05013	0.00770	0.00610	0.05325
12	0.01062	0.00810	0.00982	0.00989	0.01171	0.00754	0.00722	0.01431	0.05445	0.02598	0.34286	0.22278	0.20893	0.01853	0.00926	0.00267	0.00406	0.01625	0.00785	0.00715
13	0.01687	0.12233	0.23416	0.02044	0.10094	0.01669	0.04541	0.04526	0.01681	0.05913	0.02061	0.13882	0.01950	0.05611	0.05021	0.00333	0.00958	0.00919	0.00469	0.00992
14	0.01655	0.01223	0.01447	0.01095	0.01653	0.00966	0.00868	0.02001	0.01732	0.07359	0.10505	0.02385	0.02124	0.00774	0.00631	0.00148	0.00529	0.00638	0.08989	0.53277
15	0.07866	0.10121	0.09004	0.01716	0.02216	0.12300	0.03706	0.18617	0.02160	0.02925	0.01852	0.02053	0.05331	0.00963	0.00968	0.00238	0.11287	0.00669	0.04998	0.01011
16	0.01522	0.13136	0.38522	0.01726	0.02478	0.01713	0.01972	0.02182	0.04989	0.02214	0.01901	0.09668	0.01770	0.11534	0.01204	0.00317	0.00939	0.00821	0.00415	0.00974
17	0.01365	0.01530	0.09083	0.01615	0.01951	0.05985	0.10386	0.01702	0.01587	0.02074	0.03007	0.19406	0.06434	0.10535	0.10509	0.00471	0.01007	0.10048	0.00535	0.00769
18	0.10016	0.02166	0.10649	0.01654	0.04159	0.16658	0.01397	0.09083	0.01953	0.02603	0.02513	0.13841	0.06056	0.01256	0.00784	0.00249	0.00866	0.07820	0.00548	0.05731
19	0.01795	0.06836	0.07223	0.11870	0.12929	0.05715	0.01625	0.06756	0.01767	0.06211	0.02143	0.17929	0.02091	0.01373	0.03212	0.00293	0.07766	0.01005	0.00508	0.00955

[dist]
# distance from previous block
# <min> <max>
0	34

[block]
# block no. 1 follows, 25 sequences, length 41
# corresponding to MSA columns:
# 232-248,253-276
name=unknown_B
#
# <colnr> <probs for GDERKNQSTAVLIFYWHMCP>
#	G	D	E	R	K	N	Q	S	T	A	V	L	I	F	Y	W	H	M	C	P
0	0.08406	0.31562	0.11984	0.01682	0.02376	0.09679	0.06995	0.07663	0.01828	0.02433	0.01270	0.01474	0.01038	0.00706	0.00617	0.00195	0.00934	0.00517	0.00405	0.08238
1	0.01663	0.01303	0.01866	0.01545	0.01957	0.01238	0.10874	0.08720	0.07272	0.07249	0.06200	0.25204	0.06774	0.01418	0.00851	0.00250	0.00666	0.01288	0.00663	0.12997
2	0.09496	0.02305	0.17435	0.06855	0.11196	0.13849	0.01700	0.02161	0.01735	0.02397	0.07368	0.15734	0.02340	0.01143	0.00775	0.00249	0.00898	0.00955	0.00485	0.00926
3	0.01977	0.02491	0.22416	0.01937	0.06919	0.08991	0.01776	0.06999	0.08993	0.08184	0.09845	0.02376	0.02048	0.00919	0.00820	0.00231	0.03501	0.00727	0.00550	0.08298
4	0.01301	0.00934	0.01221	0.07084	0.01615	0.00933	0.00916	0.01588	0.01871	0.07927	0.28269	0.13340	0.21769	0.01650	0.01014	0.00265	0.05409	0.01398	0.00731	0.00767
5	0.00967	0.00716	0.00890	0.01019	0.01116	0.00657	0.00704	0.01119	0.01539	0.01992	0.04923	0.50313	0.18515	0.06916	0.01172	0.00334	0.00472	0.05304	0.00703	0.00629
6	0.01587	0.01771	0.11132	0.35937	0.11872	0.01660	0.01984	0.06491	0.04855	0.02383	0.02132	0.07213	0.05775	0.00976	0.00794	0.00256	0.00920	0.00850	0.00449	0.00965
7	0.02032	0.02290	0.15535	0.13572	0.14265	0.10024	0.01867	0.10799	0.01956	0.07119	0.01698	0.02290	0.01393	0.10470	0.01184	0.00305	0.00993	0.00709	0.00472	0.01028
8	0.01829	0.01301	0.02011	0.15813	0.21298	0.01336	0.01580	0.02246	0.03800	0.13609	0.02566	0.17999	0.02392	0.01226	0.00824	0.00261	0.00748	0.03920	0.04248	0.00992
9	0.00945	0.00756	0.00846	0.00889	0.01081	0.00657	0.00642	0.01144	0.01739	0.02181	0.13788	0.25117	0.43394	0.02048	0.00936	0.00274	0.00405	0.01766	0.00735	0.00657
10	0.02385	0.08422	0.12950	0.11287	0.03063	0.17017	0.10262	0.09464	0.02081	0.13257	0.01667	0.01858	0.01209	0.00796	0.00749	0.00230	0.01072	0.00652	0.00506	0.01073
11	0.02026	0.20758	0.18797	0.01598	0.02229	0.06569	0.01591	0.06599	0.05615	0.10566	0.02148	0.14235	0.01940	0.01080	0.00728	0.00233	0.00847	0.00867	0.00538	0.01036
12	0.01919	0.01842	0.03147	0.04759	0.67914	0.01842	0.02380	0.02380	0.01765	0.02533	0.01458	0.01919	0.01228	0.00691	0.00768	0.00230	0.00921	0.00691	0.00384	0.01228
13	0.01109	0.00824	0.01212	0.01212	0.01338	0.00950	0.00926	0.01362	0.01236	0.01774	0.02108	0.03221	0.02014	0.11598	0.64000	0.01203	0.01962	0.00856	0.00420	0.00673
14	0.01147	0.00900	0.01055	0.01052	0.01260	0.00878	0.00773	0.01703	0.12184	0.02592	0.26366	0.22901	0.20637	0.01810	0.00914	0.00270	0.00434	0.01582	0.00776	0.00766
15	0.02478	0.39001	0.03145	0.01657	0.02190	0.35832	0.01411	0.02703	0.01881	0.01860	0.01137	0.01320	0.00997	0.00730	0.00597	0.00183	0.01109	0.00456	0.00365	0.00948
16	0.01850	0.01772	0.03022	0.14798	0.58415	0.01824	0.02345	0.02319	0.01733	0.02449	0.01446	0.01942	0.01199	0.00704	0.00769	0.00235	0.00938	0.00691	0.00378	0.01172
17	0.01048	0.00791	0.00967	0.00923	0.01128	0.00710	0.00692	0.01367	0.02077	0.02830	0.51082	0.06252	0.23914	0.01689	0.00915	0.00249	0.00373	0.01467	0.00817	0.00710
18	0.01017	0.00778	0.00938	0.00960	0.01149	0.00699	0.00720	0.01280	0.01881	0.02475	0.29358	0.17990	0.29055	0.01916	0.00941	0.00272	0.00419	0.06700	0.00770	0.00684
19	0.07307	0.09813	0.02637	0.04525	0.16956	0.04179	0.10021	0.07589	0.04865	0.06141	0.03558	0.02373	0.01612	0.05771	0.00952	0.00260	0.00864	0.02430	0.00502	0.07647
20	0.26587	0.12427	0.07977	0.01674	0.02218	0.29855	0.04428	0.02646	0.01767	0.02467	0.01179	0.01387	0.00955	0.00743	0.00615	0.00215	0.01040	0.00489	0.00409	0.00922
21	0.01729	0.00985	0.01287	0.06870	0.01696	0.00967	0.00940	0.02182	0.06384	0.16925	0.23494	0.14770	0.04113	0.01375	0.00819	0.00247	0.00514	0.01195	0.12620	0.00886
22	0.78228	0.01499	0.01140	0.01020	0.01499	0.01739	0.00840	0.02279	0.01320	0.03479	0.01080	0.01260	0.00840	0.00720	0.00480	0.00240	0.00600	0.00420	0.00480	0.00840
23	0.00945	0.00675	0.00900	0.01080	0.01125	0.00630	0.00720	0.01080	0.01484	0.01979	0.04274	0.72245	0.05128	0.02429	0.00990	0.00315	0.00450	0.02204	0.00720	0.00630
24	0.01620	0.00870	0.01070	0.00998	0.01239	0.00814	0.00769	0.01929	0.01870	0.14137	0.21745	0.04741	0.07414	0.08071	0.01087	0.00286	0.00490	0.07419	0.22631	0.00801
25	0.01093	0.00838	0.01006	0.00956	0.01175	0.00776	0.00719	0.01511	0.05579	0.02838	0.47596	0.06093	0.23625	0.01660	0.00908	0.00250	0.00387	0.01438	0.00813	0.00737
26	0.15965	0.01179	0.01334	0.01202	0.01562	0.01214	0.00957	0.06929	0.05360	0.18739	0.02720	0.12573	0.02371	0.01544	0.05454	0.00320	0.00685	0.06031	0.12917	0.00943
27	0.01030	0.00734	0.00883	0.00940	0.01015	0.00692	0.00611	0.01154	0.01485	0.01970	0.12605	0.29798	0.12727	0.28428	0.02070	0.00461	0.00543	0.01621	0.00645	0.00587
28	0.01515	0.11214	0.01759	0.01318	0.01579	0.07026	0.01056	0.05842	0.01716	0.02252	0.12667	0.09091	0.05075	0.03055	0.27410	0.00626	0.04503	0.00968	0.00530	0.00799
29	0.13891	0.32361	0.25747	0.01741	0.02550	0.02334	0.07055	0.02374	0.01577	0.02356	0.01226	0.01451	0.00981	0.00696	0.00611	0.00213	0.00941	0.00511	0.00359	0.01026
30	0.01117	0.00960	0.00918	0.00932	0.01096	0.05439	0.00639	0.01249	0.01573	0.01897	0.05318	0.16413	0.35092	0.21872	0.01765	0.00404	0.00572	0.01503	0.00627	0.00616
31	0.01515	0.15304	0.01925	0.08865	0.01983	0.07390	0.01146	0.01919	0.07708	0.02064	0.03048	0.30604	0.07160	0.01554	0.00894	0.00263	0.03965	0.01310	0.00565	0.00817
32	0.10652	0.04572	0.20956	0.20302	0.03210	0.01606	0.07081	0.02078	0.01603	0.02435	0.06225	0.06991	0.01794	0.01106	0.03311	0.00286	0.00957	0.00794	0.03119	0.00923
33	0.01155	0.00956	0.01372	0.01361	0.05951	0.00888	0.05305	0.01494	0.01958	0.02655	0.37317	0.05556	0.23046	0.01842	0.05407	0.00315	0.00589	0.01348	0.00723	0.00764
34	0.13717	0.09507	0.10150	0.05590	0.16967	0.01930	0.08573	0.06899	0.08963	0.02832	0.01651	0.01910	0.01286	0.00769	0.00695	0.00232	0.00857	0.00654	0.05750	0.01069
35	0.09211	0.11965	0.14660	0.01906	0.06573	0.11129	0.01672	0.09152	0.01814	0.02549	0.01333	0.01642	0.01096	0.01102	0.04676	0.00283	0.10906	0.00568	0.00422	0.07342
36	0.07658	0.01380	0.01828	0.06844	0.06014	0.01290	0.01264	0.05976	0.02030	0.37628	0.02504	0.02789	0.01816	0.00957	0.00754	0.00233	0.00701	0.05822	0.00749	0.11762
37	0.01753	0.06839	0.16916	0.09725	0.07107	0.01532	0.01642	0.02435	0.08809	0.08905	0.10205	0.02701	0.05244	0.00929	0.00744	0.00223	0.00775	0.00774	0.00548	0.12194
38	0.00916	0.00785	0.00785	0.00785	0.01047	0.00655	0.00589	0.01113	0.01767	0.02095	0.07855	0.07462	0.67599	0.01964	0.00916	0.00262	0.00393	0.01636	0.00720	0.00655
39	0.01343	0.15066	0.02079	0.12162	0.02233	0.01408	0.06659	0.01620	0.01563	0.02017	0.02956	0.37039	0.03300	0.01655	0.00860	0.00275	0.00707	0.05724	0.00557	0.00779
40	0.08262	0.12843	0.02297	0.06361	0.11012	0.04073	0.01364	0.11422	0.04897	0.02761	0.01592	0.03961	0.01345	0.01054	0.04413	0.00253	0.00841	0.00625	0.00489	0.20136

[dist]
# distance from previous block
# <min> <max>
0	3

[block]
# block no. 2 follows, 25 sequences, length 58
# corresponding to MSA columns:
# 280-337
name=unknown_C
#
# <colnr> <probs for GDERKNQSTAVLIFYWHMCP>
#	G	D	E	R	K	N	Q	S	T	A	V	L	I	F	Y	W	H	M	C	P
0	0.71906	0.01484	0.01195	0.01050	0.01540	0.01689	0.00865	0.02406	0.01396	0.08973	0.01247	0.01376	0.00931	0.00740	0.00505	0.00240	0.00605	0.00450	0.00520	0.00880
1	0.08190	0.01889	0.08136	0.17475	0.07750	0.01857	0.06418	0.19908	0.06418	0.05352	0.01778	0.02040	0.01314	0.00830	0.00739	0.00240	0.00875	0.00695	0.07016	0.01079
2	0.02301	0.01223	0.01492	0.01266	0.01685	0.01164	0.00998	0.10061	0.07379	0.29678	0.07856	0.14013	0.14724	0.01404	0.00844	0.00256	0.00581	0.01185	0.00838	0.01052
3	0.01372	0.01137	0.01676	0.28642	0.02930	0.01355	0.01448	0.01735	0.01541	0.02156	0.02573	0.08992	0.06860	0.01438	0.03539	0.00309	0.10312	0.08153	0.13053	0.00780
4	0.01105	0.00791	0.01072	0.01083	0.01163	0.00865	0.00763	0.01267	0.01217	0.01699	0.02359	0.08323	0.02480	0.31000	0.40256	0.00998	0.01468	0.01033	0.00456	0.00604
5	0.02030	0.08341	0.02684	0.10445	0.32570	0.13518	0.01873	0.04180	0.07321	0.02418	0.01789	0.02096	0.03693	0.00805	0.00734	0.00225	0.00944	0.00685	0.02569	0.01079
6	0.01163	0.00879	0.01086	0.01037	0.01243	0.00850	0.00775	0.01700	0.09250	0.02954	0.50608	0.11213	0.11027	0.01625	0.00907	0.00253	0.00402	0.01429	0.00825	0.00772
7	0.01653	0.11863	0.11980	0.07304	0.02196	0.05747	0.01414	0.04277	0.09304	0.02464	0.07973	0.03125	0.12007	0.01097	0.00868	0.00237	0.06025	0.00850	0.08692	0.00925
8	0.01302	0.00791	0.00927	0.00909	0.00961	0.00773	0.00545	0.01337	0.01246	0.06943	0.02648	0.10558	0.02942	0.61014	0.03441	0.00673	0.00719	0.01191	0.00530	0.00552
9	0.01918	0.01973	0.07912	0.30912	0.20771	0.07460	0.04149	0.05540	0.03752	0.05931	0.01559	0.01984	0.01183	0.00774	0.00769	0.00243	0.01011	0.00683	0.00427	0.01047
10	0.01269	0.00809	0.01035	0.01077	0.01261	0.00735	0.00801	0.01496	0.01768	0.09318	0.15212	0.34134	0.17228	0.02011	0.00950	0.00290	0.00477	0.08628	0.00767	0.00734
11	0.01196	0.00811	0.00998	0.00967	0.01181	0.00723	0.00719	0.01471	0.01960	0.07454	0.35392	0.16635	0.24034	0.01783	0.00917	0.00260	0.00409	0.01552	0.00801	0.00736
12	0.01500	0.00928	0.01148	0.01055	0.01289	0.00883	0.00782	0.05093	0.01884	0.11858	0.22985	0.10405	0.14867	0.13966	0.07481	0.00426	0.00662	0.01282	0.00728	0.00778
13	0.01128	0.00752	0.00846	0.00846	0.00846	0.00752	0.00470	0.01128	0.01128	0.01503	0.02443	0.05074	0.02819	0.72751	0.03946	0.00752	0.00752	0.01128	0.00470	0.00470
14	0.01977	0.01582	0.02429	0.23183	0.18183	0.01735	0.05660	0.11615	0.01967	0.08260	0.01793	0.04423	0.01419	0.00887	0.00875	0.00247	0.05053	0.00765	0.06904	0.01043
15	0.01608	0.01378	0.01608	0.01148	0.01837	0.01034	0.00919	0.01952	0.01608	0.02527	0.01378	0.01608	0.01148	0.00574	0.00574	0.00115	0.00574	0.00459	0.00459	0.77491
16	0.07760	0.01049	0.01077	0.01066	0.01175	0.06034	0.00724	0.01433	0.01282	0.01813	0.02290	0.09383	0.02480	0.38765	0.19709	0.00756	0.01096	0.01033	0.00472	0.00602
17	0.01390	0.01608	0.12107	0.12527	0.02597	0.01230	0.09857	0.01843	0.01769	0.04522	0.12827	0.08016	0.17919	0.01240	0.00838	0.00247	0.00755	0.01104	0.00563	0.07043
18	0.33727	0.08308	0.02109	0.07179	0.02352	0.23075	0.05954	0.04818	0.01756	0.02702	0.01205	0.01450	0.00960	0.00747	0.00616	0.00224	0.00965	0.00513	0.00436	0.00906
19	0.01596	0.03726	0.59202	0.02367	0.03459	0.01824	0.12111	0.02460	0.01666	0.02460	0.01418	0.01705	0.01011	0.00724	0.00763	0.00248	0.01170	0.00624	0.00337	0.01131
20	0.00984	0.00779	0.00885	0.00878	0.01094	0.00680	0.00651	0.01235	0.01896	0.02448	0.28886	0.12343	0.40755	0.01868	0.00922	0.00260	0.00388	0.01601	0.00768	0.00680
21	0.00932	0.00726	0.00847	0.00944	0.01089	0.00641	0.00660	0.01095	0.01615	0.02032	0.05921	0.42449	0.33860	0.02215	0.00956	0.00290	0.00424	0.01943	0.00720	0.00641
22	0.01656	0.12940	0.31761	0.08291	0.12813	0.01905	0.08979	0.02277	0.01648	0.02301	0.01607	0.07401	0.01380	0.00850	0.00750	0.00240	0.01019	0.00746	0.00376	0.01060
23	0.72200	0.01485	0.01193	0.01049	0.01538	0.01691	0.00864	0.02400	0.01392	0.08718	0.01239	0.01371	0.00927	0.00739	0.00504	0.00240	0.00605	0.00449	0.00519	0.00878
24	0.01395	0.01177	0.01486	0.01322	0.01628	0.01225	0.05678	0.02318	0.23506	0.02651	0.17564	0.06601	0.16010	0.07998	0.05622	0.00367	0.00673	0.01197	0.00705	0.00878
25	0.01014	0.00758	0.00942	0.00962	0.01124	0.00686	0.00696	0.01278	0.01902	0.02569	0.36606	0.24576	0.20234	0.01904	0.00936	0.00268	0.00395	0.01677	0.00787	0.00686
26	0.01320	0.01067	0.01360	0.04101	0.11607	0.01052	0.01048	0.01841	0.08984	0.02502	0.10051	0.05206	0.28387	0.01453	0.00832	0.00251	0.00540	0.05906	0.11658	0.00835
27	0.13088	0.11645	0.13448	0.01759	0.02315	0.10671	0.01639	0.18744	0.02097	0.02978	0.01339	0.01572	0.01059	0.00893	0.00995	0.00242	0.13422	0.00573	0.00477	0.01044
28	0.08938	0.01958	0.02079	0.01619	0.02194	0.02149	0.01333	0.51794	0.03221	0.08442	0.01920	0.01937	0.01366	0.00913	0.00735	0.00230	0.00784	0.00682	0.06470	0.01235
29	0.02216	0.61461	0.03766	0.01416	0.02059	0.06996	0.01353	0.09091	0.01834	0.02155	0.01169	0.01319	0.01030	0.00700	0.00539	0.00175	0.00866	0.00450	0.00383	0.01024
30	0.02717	0.01993	0.02080	0.01659	0.02174	0.08649	0.01347	0.35614	0.04613	0.14561	0.07507	0.02284	0.01896	0.00996	0.00889	0.00235	0.05408	0.00746	0.00736	0.03897
31	0.02209	0.02255	0.07210	0.02043	0.06613	0.12940	0.05156	0.18535	0.17357	0.03081	0.02108	0.07691	0.01757	0.01045	0.00923	0.00252	0.06293	0.00830	0.00599	0.01103
32	0.72595	0.01550	0.01228	0.01077	0.01567	0.01789	0.00887	0.06996	0.01494	0.03584	0.01138	0.01305	0.00876	0.00736	0.00502	0.00239	0.00619	0.00441	0.00502	0.00876
33	0.00949	0.00742	0.00864	0.00955	0.01115	0.00658	0.00687	0.01128	0.01642	0.02057	0.06030	0.36472	0.35907	0.02182	0.00958	0.00291	0.00438	0.05558	0.00720	0.00647
34	0.01924	0.01499	0.01967	0.16705	0.11426	0.01633	0.01493	0.08108	0.21837	0.09798	0.03150	0.03173	0.11805	0.01064	0.00801	0.00252	0.00736	0.00903	0.00646	0.01079
35	0.01034	0.00770	0.00962	0.00957	0.01130	0.00698	0.00701	0.01324	0.01981	0.02703	0.44192	0.18231	0.18833	0.01814	0.00929	0.00260	0.00386	0.01595	0.00803	0.00698
36	0.02854	0.09752	0.02512	0.01735	0.02360	0.02475	0.01458	0.58606	0.03425	0.04560	0.01778	0.01796	0.01284	0.00902	0.00746	0.00226	0.00851	0.00668	0.00728	0.01284
37	0.01056	0.00790	0.00995	0.01110	0.01227	0.00764	0.00788	0.01398	0.06835	0.02211	0.09779	0.50794	0.10560	0.02186	0.00967	0.00303	0.00470	0.06336	0.00736	0.00695
38	0.59089	0.02002	0.11907	0.01374	0.01973	0.04117	0.05038	0.02347	0.01430	0.03205	0.01162	0.01373	0.00888	0.00721	0.00554	0.00241	0.00755	0.00476	0.00448	0.00902
39	0.01128	0.00752	0.00846	0.00846	0.00846	0.00752	0.00470	0.01128	0.01128	0.01503	0.02443	0.05074	0.02819	0.72751	0.03946	0.00752	0.00752	0.01128	0.00470	0.00470
40	0.01126	0.00758	0.00879	0.00879	0.00891	0.00770	0.00512	0.01149	0.01137	0.01528	0.02412	0.04904	0.02745	0.67150	0.09447	0.00793	0.00863	0.01103	0.00465	0.00488
41	0.02112	0.09775	0.15117	0.08215	0.10029	0.13810	0.12556	0.10983	0.02016	0.02568	0.01407	0.01732	0.01097	0.00782	0.00838	0.00235	0.04599	0.00646	0.00420	0.01065
42	0.02199	0.62546	0.03777	0.01430	0.02053	0.13286	0.01353	0.02441	0.01671	0.01835	0.01096	0.01267	0.00996	0.00684	0.00528	0.00171	0.00917	0.00428	0.00342	0.00980
43	0.00964	0.00787	0.00851	0.00835	0.01076	0.00675	0.00627	0.01205	0.01880	0.02361	0.23512	0.07024	0.51776	0.01864	0.00916	0.00257	0.00386	0.01575	0.00755	0.00675
44	0.01598	0.01482	0.02443	0.24406	0.34753	0.01589	0.01961	0.02016	0.01623	0.02216	0.02008	0.02638	0.06207	0.05279	0.06248	0.00349	0.00996	0.00795	0.00404	0.00989
45	0.00985	0.00769	0.00894	0.00904	0.01100	0.00677	0.00662	0.01231	0.01869	0.02433	0.28317	0.18171	0.35392	0.01911	0.00928	0.00265	0.00393	0.01653	0.00767	0.00677
46	0.01663	0.01615	0.01571	0.01261	0.01759	0.11562	0.00988	0.01953	0.01742	0.02364	0.07238	0.02823	0.12164	0.00952	0.00791	0.00174	0.04907	0.00736	0.00514	0.43223
47	0.02238	0.01278	0.01575	0.05734	0.01957	0.01167	0.01037	0.04973	0.06734	0.23840	0.02299	0.02332	0.01654	0.00826	0.00670	0.00193	0.00602	0.00670	0.16049	0.24171
48	0.02541	0.06049	0.02278	0.01724	0.02210	0.06127	0.06641	0.21039	0.02387	0.20158	0.02360	0.08463	0.01953	0.01141	0.00949	0.00256	0.06514	0.05406	0.00696	0.01109
49	0.02350	0.09978	0.04618	0.01640	0.02116	0.14835	0.05968	0.04642	0.06755	0.18591	0.02242	0.02884	0.01845	0.07353	0.05520	0.00345	0.00995	0.05717	0.00600	0.01006
50	0.00989	0.00725	0.00939	0.01092	0.01190	0.00675	0.00785	0.01168	0.01573	0.02050	0.04762	0.52880	0.14003	0.02317	0.00992	0.00314	0.00483	0.11699	0.00719	0.00647
51	0.01605	0.06746	0.02362	0.37090	0.09811	0.01722	0.01779	0.02027	0.01556	0.02142	0.01333	0.01851	0.01075	0.00760	0.00854	0.00221	0.06780	0.00613	0.00374	0.19298
52	0.01818	0.03069	0.38243	0.02129	0.07630	0.05817	0.02188	0.07804	0.07075	0.02706	0.01564	0.01759	0.01168	0.00753	0.00718	0.00221	0.00986	0.00594	0.00432	0.13326
53	0.01726	0.07758	0.06948	0.01563	0.06825	0.06828	0.01237	0.02103	0.01716	0.02462	0.06938	0.01939	0.01639	0.00706	0.00633	0.00155	0.00713	0.00564	0.00462	0.47085
54	0.01997	0.01852	0.02613	0.18835	0.33056	0.06842	0.02008	0.12667	0.02020	0.02695	0.01534	0.01989	0.01235	0.01141	0.05921	0.00311	0.01057	0.00688	0.00443	0.01095
55	0.17164	0.01900	0.07796	0.06951	0.07621	0.06640	0.01472	0.12045	0.02037	0.19811	0.01876	0.02010	0.01350	0.01248	0.06475	0.00321	0.00942	0.00649	0.00604	0.01086
56	0.01145	0.00764	0.00887	0.00906	0.00970	0.00763	0.00586	0.01249	0.01298	0.01793	0.03034	0.07355	0.08045	0.47216	0.07963	0.00647	0.00768	0.05379	0.08682	0.00550
57	0.07742	0.46361	0.10338	0.01509	0.02149	0.14055	0.01472	0.02433	0.01658	0.02025	0.01165	0.01373	0.01014	0.00869	0.02843	0.00221	0.00984	0.00460	0.00356	0.00973

[dist]
# distance from previous block
# <min> <max>
2	63

[block]
# block no. 3 follows, 25 sequences, length 11
# corresponding to MSA columns:
# 401-411
name=unknown_D
#
# <colnr> <probs for GDERKNQSTAVLIFYWHMCP>
#	G	D	E	R	K	N	Q	S	T	A	V	L	I	F	Y	W	H	M	C	P
0	0.08223	0.02184	0.09521	0.02711	0.20660	0.05390	0.08235	0.20238	0.02311	0.08202	0.01739	0.02086	0.01337	0.00834	0.00766	0.00240	0.00938	0.02664	0.00552	0.01170
1	0.13483	0.01625	0.09630	0.13160	0.02620	0.01455	0.10238	0.02175	0.08193	0.02623	0.05763	0.09731	0.06559	0.01076	0.00761	0.00252	0.00771	0.00942	0.08045	0.00896
2	0.01284	0.00674	0.00993	0.01021	0.01028	0.00667	0.00681	0.01021	0.01084	0.01446	0.01805	0.13301	0.01939	0.02652	0.02711	0.65363	0.00638	0.00913	0.00397	0.00383
3	0.01849	0.01288	0.01550	0.01502	0.06649	0.01382	0.01046	0.21881	0.02079	0.02949	0.02029	0.02817	0.01779	0.13739	0.11601	0.08494	0.00911	0.00790	0.14798	0.00866
4	0.01530	0.01005	0.01383	0.01503	0.07806	0.01063	0.00962	0.01825	0.15407	0.01878	0.01753	0.02431	0.01558	0.02138	0.02318	0.52976	0.00685	0.00720	0.00440	0.00619
5	0.07524	0.07060	0.08815	0.01263	0.01684	0.06559	0.01127	0.02148	0.10948	0.02574	0.12040	0.04261	0.19245	0.01295	0.00776	0.00243	0.00646	0.04519	0.06404	0.00867
6	0.01260	0.01384	0.11727	0.01278	0.01584	0.01089	0.01126	0.01784	0.07925	0.02295	0.17916	0.03912	0.03317	0.18068	0.21273	0.00644	0.01087	0.00997	0.00556	0.00777
7	0.01918	0.24382	0.39232	0.01916	0.02803	0.12798	0.02197	0.02516	0.01707	0.02182	0.01269	0.01484	0.00989	0.00725	0.00660	0.00215	0.01092	0.00515	0.00340	0.01063
8	0.29619	0.09646	0.11114	0.01995	0.12403	0.08644	0.01550	0.08687	0.04855	0.02993	0.01367	0.01562	0.01071	0.00756	0.00627	0.00228	0.00852	0.00539	0.00465	0.01029
9	0.01991	0.09012	0.02234	0.01670	0.01965	0.06300	0.01387	0.18046	0.02061	0.02757	0.07197	0.02661	0.09307	0.01232	0.01456	0.00269	0.28151	0.00813	0.00538	0.00955
10	0.01762	0.07547	0.12128	0.19345	0.29056	0.01937	0.02164	0.02444	0.08214	0.02377	0.01552	0.01950	0.01235	0.00783	0.00830	0.00243	0.04269	0.00671	0.00401	0.01094

[dist]
# distance from previous block
# <min> <max>
4	8

[block]
# block no. 4 follows, 25 sequences, length 17
# corresponding to MSA columns:
# 420-436
name=unknown_E
#
# <colnr> <probs for GDERKNQSTAVLIFYWHMCP>
#	G	D	E	R	K	N	Q	S	T	A	V	L	I	F	Y	W	H	M	C	P
0	0.01155	0.00963	0.01339	0.01647	0.11647	0.00954	0.01019	0.01376	0.01629	0.02174	0.09451	0.36262	0.18676	0.01909	0.01040	0.00286	0.05401	0.01668	0.00651	0.00752
1	0.24049	0.17189	0.02767	0.01832	0.02367	0.19552	0.13964	0.02519	0.01694	0.02451	0.01204	0.01479	0.00989	0.00746	0.00725	0.00223	0.04366	0.00550	0.00404	0.00929
2	0.02460	0.07904	0.13249	0.02080	0.02778	0.06056	0.14577	0.22483	0.02406	0.12895	0.01772	0.01906	0.01270	0.00837	0.00843	0.00239	0.03797	0.00700	0.00581	0.01168
3	0.01715	0.01696	0.11588	0.01680	0.08099	0.01270	0.01350	0.04395	0.08347	0.08896	0.02896	0.12507	0.09500	0.01127	0.00763	0.00221	0.00675	0.00960	0.00592	0.21723
4	0.00963	0.00782	0.00801	0.00796	0.01047	0.00665	0.00597	0.01183	0.01792	0.02222	0.12157	0.07050	0.58869	0.01869	0.00893	0.00255	0.00389	0.01562	0.05442	0.00665
5	0.01728	0.07194	0.02450	0.55237	0.04643	0.07272	0.01990	0.06473	0.01748	0.02163	0.01374	0.01936	0.01048	0.00779	0.00748	0.00245	0.01034	0.00653	0.00378	0.00906
6	0.01096	0.00756	0.00874	0.00875	0.00927	0.00734	0.00535	0.01177	0.01368	0.01832	0.13297	0.09343	0.08696	0.51807	0.03055	0.00607	0.00645	0.01274	0.00565	0.00535
7	0.01554	0.01492	0.02591	0.56886	0.14338	0.01756	0.06286	0.02072	0.01600	0.02094	0.01402	0.02047	0.01071	0.00755	0.00783	0.00255	0.01035	0.00704	0.00353	0.00927
8	0.01069	0.00791	0.00997	0.00946	0.01141	0.00719	0.00709	0.01408	0.02128	0.02950	0.58135	0.06054	0.16785	0.01645	0.00915	0.00247	0.00370	0.01439	0.00833	0.00719
9	0.01628	0.01300	0.01838	0.04832	0.02047	0.01335	0.09369	0.10432	0.11812	0.05082	0.25585	0.14505	0.04177	0.01372	0.00878	0.00259	0.00644	0.01240	0.00732	0.00932
10	0.04821	0.39210	0.24465	0.01666	0.02464	0.04940	0.01822	0.08313	0.01803	0.02378	0.01257	0.01434	0.01016	0.00719	0.00607	0.00202	0.00945	0.00495	0.00380	0.01065
11	0.01198	0.00971	0.01086	0.01039	0.01299	0.00954	0.00783	0.01878	0.15874	0.02678	0.26751	0.09911	0.29312	0.01668	0.00893	0.00259	0.00435	0.01428	0.00780	0.00803
12	0.01232	0.00949	0.01240	0.10146	0.01785	0.00983	0.00965	0.05821	0.01849	0.02502	0.19855	0.13826	0.17391	0.02259	0.11663	0.00413	0.00772	0.01297	0.04299	0.00752
13	0.01123	0.00770	0.00936	0.00936	0.00968	0.00801	0.00583	0.01186	0.01154	0.01570	0.02360	0.04615	0.02620	0.57610	0.18815	0.00864	0.01051	0.01060	0.00457	0.00520
14	0.02769	0.11993	0.02402	0.01745	0.02273	0.32682	0.01401	0.19547	0.02465	0.08472	0.01532	0.01622	0.01173	0.00816	0.00692	0.00202	0.01062	0.00563	0.00543	0.06048
15	0.07743	0.16142	0.13619	0.15312	0.05068	0.09549	0.07559	0.07354	0.01797	0.02418	0.01315	0.01661	0.01040	0.00782	0.00812	0.00233	0.05605	0.00596	0.00395	0.00999
16	0.05146	0.06410	0.08073	0.01741	0.02371	0.06153	0.09613	0.14536	0.07123	0.07089	0.01898	0.06717	0.01557	0.00882	0.00729	0.00215	0.00842	0.00745	0.00564	0.17595

[dist]
# distance from previous block
# <min> <max>
0	28

[block]
# block no. 5 follows, 25 sequences, length 12
# corresponding to MSA columns:
# 465-476
name=unknown_F
#
# <colnr> <probs for GDERKNQSTAVLIFYWHMCP>
#	G	D	E	R	K	N	Q	S	T	A	V	L	I	F	Y	W	H	M	C	P
0	0.01978	0.29192	0.15427	0.08769	0.12675	0.04858	0.01817	0.02416	0.01682	0.06379	0.01380	0.01625	0.01104	0.00709	0.00643	0.00201	0.00913	0.00543	0.00393	0.07294
1	0.02285	0.08682	0.13002	0.04981	0.11060	0.04319	0.05556	0.19175	0.08325	0.09553	0.01925	0.02206	0.01465	0.00876	0.00761	0.00238	0.00912	0.02928	0.00579	0.01171
2	0.08905	0.10881	0.12900	0.04343	0.02428	0.09035	0.05615	0.09851	0.09512	0.02656	0.01663	0.01957	0.01330	0.01551	0.10765	0.00381	0.04093	0.00651	0.00474	0.01008
3	0.01455	0.01306	0.05517	0.01258	0.01589	0.01199	0.01026	0.10048	0.13925	0.02925	0.20596	0.18524	0.14353	0.01585	0.00878	0.00264	0.00544	0.01367	0.00750	0.00890
4	0.02238	0.01474	0.01744	0.01312	0.01922	0.01308	0.01062	0.15177	0.02207	0.17285	0.07819	0.02260	0.01907	0.00821	0.00690	0.00177	0.00631	0.00662	0.00667	0.38637
5	0.02181	0.01517	0.01765	0.01332	0.01936	0.01379	0.01078	0.18910	0.02298	0.12863	0.08766	0.02270	0.01960	0.00832	0.00694	0.00178	0.00638	0.00669	0.00658	0.38075
6	0.01249	0.00892	0.01249	0.01428	0.01606	0.00892	0.01249	0.01606	0.01785	0.02320	0.04105	0.08746	0.04462	0.02142	0.01071	0.00357	0.00714	0.62695	0.00714	0.00714
7	0.01354	0.01001	0.01190	0.01116	0.01351	0.00986	0.00837	0.12454	0.02200	0.02978	0.30916	0.22721	0.14395	0.01746	0.00910	0.00263	0.00477	0.01523	0.00786	0.00796
8	0.00997	0.00779	0.00904	0.00894	0.01102	0.00686	0.00662	0.01261	0.01926	0.02522	0.33288	0.12599	0.35919	0.01842	0.00922	0.00259	0.00386	0.01587	0.00778	0.00686
9	0.01282	0.01103	0.01133	0.01121	0.01345	0.05234	0.00827	0.01839	0.13070	0.02414	0.16271	0.18804	0.22010	0.06359	0.01097	0.00301	0.00536	0.03766	0.00720	0.00769
10	0.56160	0.01381	0.01237	0.01074	0.01537	0.01514	0.00876	0.02427	0.01579	0.14260	0.09686	0.02054	0.01827	0.00868	0.00584	0.00240	0.00581	0.00602	0.00606	0.00906
11	0.02629	0.02203	0.07493	0.05832	0.02465	0.12891	0.01495	0.17302	0.17278	0.18927	0.02272	0.02204	0.01608	0.00919	0.00764	0.00239	0.00875	0.00716	0.00699	0.01188

[dist]
# distance from previous block
# <min> <max>
0	14

# created by:
# /home/berkeley/.conda/envs/busco_data_prod/bin/msa2prfl.pl pipeline/OGs_align_augustus/5794/33797.fs
