[name]
unknown

[dist]
# distance from previous block
# <min> <max>
0	1141

[block]
# block no. 0 follows, 26 sequences, length 45
# corresponding to MSA columns:
# 1655-1676,1678-1700
name=unknown_A
#
# <colnr> <probs for GDERKNQSTAVLIFYWHMCP>
#	G	D	E	R	K	N	Q	S	T	A	V	L	I	F	Y	W	H	M	C	P
0	0.04729	0.21431	0.09731	0.01477	0.01999	0.04189	0.01353	0.20638	0.02126	0.02824	0.02053	0.14790	0.01996	0.03742	0.00830	0.00249	0.00788	0.03530	0.00547	0.00979
1	0.01199	0.03971	0.01156	0.01072	0.01216	0.00926	0.00767	0.01490	0.06054	0.04251	0.03368	0.26907	0.08710	0.18405	0.16418	0.00580	0.00876	0.01373	0.00583	0.00678
2	0.01825	0.13038	0.17341	0.01893	0.05204	0.06538	0.08438	0.04719	0.01782	0.07358	0.08663	0.10207	0.02181	0.01048	0.00888	0.00240	0.06301	0.00866	0.00496	0.00973
3	0.01945	0.01670	0.01910	0.02085	0.16220	0.09647	0.01335	0.14371	0.06737	0.05362	0.19492	0.03136	0.03000	0.05551	0.03928	0.00301	0.00808	0.00887	0.00627	0.00987
4	0.01375	0.00937	0.01243	0.01207	0.01406	0.00993	0.00919	0.08106	0.01627	0.06851	0.03058	0.21968	0.07393	0.03703	0.34656	0.00734	0.01265	0.01214	0.00581	0.00764
5	0.01617	0.01909	0.18861	0.01458	0.01998	0.01387	0.01426	0.11672	0.10005	0.05614	0.11643	0.06253	0.15237	0.01544	0.05667	0.00314	0.00792	0.01007	0.00628	0.00968
6	0.04784	0.14619	0.10408	0.09865	0.05419	0.09452	0.01566	0.11125	0.09300	0.02548	0.01731	0.05077	0.01453	0.01359	0.07798	0.00325	0.01016	0.00686	0.00476	0.00993
7	0.01551	0.04991	0.13407	0.02308	0.12323	0.06265	0.16656	0.01983	0.01668	0.02192	0.02685	0.15689	0.09719	0.03986	0.00943	0.00269	0.00902	0.01083	0.00470	0.00912
8	0.01078	0.00780	0.01089	0.01128	0.01226	0.00850	0.00834	0.01279	0.01273	0.01768	0.02579	0.13534	0.02727	0.19376	0.40488	0.00914	0.01418	0.06550	0.00484	0.00624
9	0.02168	0.15885	0.07296	0.07817	0.05299	0.08680	0.07623	0.20303	0.08982	0.02922	0.01731	0.04862	0.01404	0.00863	0.00720	0.00224	0.00919	0.00704	0.00523	0.01074
10	0.01708	0.07330	0.10083	0.40995	0.11030	0.01824	0.02023	0.04960	0.05589	0.05087	0.01529	0.01960	0.01149	0.00767	0.00733	0.00240	0.00949	0.00656	0.00408	0.00982
11	0.01110	0.00764	0.00947	0.00993	0.01044	0.00774	0.00674	0.01214	0.01264	0.01688	0.02802	0.10686	0.03151	0.47400	0.09871	0.00678	0.00838	0.13045	0.00519	0.00539
12	0.01179	0.00904	0.01247	0.11767	0.06448	0.00921	0.01039	0.01471	0.01603	0.02200	0.06120	0.21650	0.16220	0.01770	0.03630	0.00302	0.00621	0.07755	0.12430	0.00724
13	0.02173	0.19768	0.04744	0.05218	0.02216	0.29312	0.01385	0.06724	0.01934	0.02115	0.03825	0.04712	0.07226	0.00965	0.00775	0.00212	0.04667	0.00688	0.00444	0.00899
14	0.01318	0.00659	0.00988	0.00988	0.00988	0.00659	0.00659	0.00988	0.00988	0.01318	0.01318	0.02306	0.01318	0.02635	0.02964	0.77931	0.00659	0.00659	0.00329	0.00329
15	0.02008	0.01180	0.01407	0.01211	0.01596	0.01172	0.00958	0.07033	0.14550	0.21893	0.12989	0.03942	0.15138	0.01590	0.06168	0.00317	0.00654	0.01021	0.04178	0.00996
16	0.01232	0.01511	0.14418	0.01512	0.01881	0.01063	0.07884	0.04105	0.01627	0.02204	0.03435	0.37581	0.07887	0.04400	0.01013	0.00302	0.00698	0.05874	0.00590	0.00783
17	0.02915	0.02710	0.02166	0.01798	0.02306	0.32841	0.01419	0.31225	0.02784	0.10112	0.01650	0.01695	0.01210	0.00855	0.00725	0.00214	0.01055	0.00604	0.00612	0.01105
18	0.02627	0.02254	0.01976	0.01656	0.02116	0.21864	0.01302	0.31187	0.02708	0.10177	0.04487	0.10195	0.01911	0.01070	0.00767	0.00229	0.00908	0.00832	0.00666	0.01070
19	0.00965	0.00693	0.00876	0.00985	0.01055	0.00647	0.00656	0.01105	0.01495	0.01989	0.10830	0.49686	0.10478	0.13159	0.01399	0.00362	0.00472	0.01864	0.00680	0.00604
20	0.02249	0.10402	0.10001	0.01650	0.02183	0.21915	0.01452	0.20796	0.02313	0.02776	0.02220	0.02342	0.09300	0.01278	0.05571	0.00285	0.01050	0.00702	0.00521	0.00994
21	0.02044	0.12989	0.02992	0.12653	0.12529	0.06802	0.13900	0.14375	0.02042	0.02675	0.01427	0.01752	0.01122	0.00717	0.00716	0.00212	0.00961	0.00641	0.00445	0.09006
22	0.01511	0.01089	0.01193	0.01082	0.01375	0.01140	0.00841	0.11241	0.12118	0.02905	0.11122	0.04033	0.17512	0.01710	0.07834	0.00328	0.00640	0.01016	0.20459	0.00851
23	0.01579	0.01513	0.02610	0.48856	0.23734	0.01730	0.05044	0.02074	0.01591	0.02118	0.01380	0.01981	0.01073	0.00729	0.00762	0.00245	0.00991	0.00685	0.00350	0.00956
24	0.01704	0.09174	0.32294	0.01707	0.02395	0.04535	0.01846	0.09130	0.01775	0.04833	0.01892	0.10556	0.01702	0.04732	0.08067	0.00361	0.01048	0.00808	0.00456	0.00985
25	0.01573	0.03565	0.57005	0.02360	0.03413	0.01791	0.14851	0.02407	0.01637	0.02407	0.01394	0.01686	0.00997	0.00705	0.00754	0.00243	0.01151	0.00624	0.00332	0.01102
26	0.00924	0.00660	0.00880	0.01056	0.01100	0.00616	0.00704	0.01056	0.01452	0.01936	0.04181	0.72848	0.05017	0.02376	0.00968	0.00308	0.00440	0.02156	0.00704	0.00616
27	0.01101	0.00842	0.01191	0.01168	0.01348	0.00807	0.05760	0.01340	0.01533	0.02076	0.04140	0.26307	0.16980	0.07299	0.09014	0.00418	0.00716	0.08723	0.08567	0.00668
28	0.02199	0.34422	0.17656	0.01679	0.02375	0.15493	0.01680	0.11983	0.01973	0.02381	0.01259	0.01420	0.01019	0.00729	0.00616	0.00195	0.00989	0.00497	0.00401	0.01035
29	0.01038	0.00774	0.00965	0.00917	0.01112	0.00701	0.00688	0.01363	0.02064	0.02844	0.56152	0.05991	0.19340	0.01624	0.00895	0.00242	0.00363	0.01417	0.00809	0.00701
30	0.17915	0.01129	0.01194	0.01019	0.01398	0.01147	0.00817	0.07343	0.01837	0.20840	0.02272	0.02357	0.01646	0.00864	0.00598	0.00208	0.00517	0.00659	0.35311	0.00932
31	0.01102	0.00741	0.00855	0.00855	0.00864	0.00750	0.00494	0.01121	0.01111	0.01491	0.02365	0.04825	0.02697	0.68613	0.08508	0.00769	0.00826	0.01083	0.00456	0.00475
32	0.09666	0.00949	0.01109	0.00981	0.01290	0.00898	0.00767	0.02054	0.01914	0.17870	0.27610	0.04140	0.10743	0.01236	0.00751	0.00227	0.00448	0.01032	0.15467	0.00847
33	0.01214	0.00819	0.01038	0.01011	0.01205	0.00762	0.00747	0.01574	0.04711	0.07202	0.39821	0.21242	0.12316	0.01718	0.00898	0.00257	0.00410	0.01515	0.00795	0.00745
34	0.01049	0.00719	0.00947	0.01018	0.01078	0.00735	0.00691	0.01171	0.01290	0.01785	0.02981	0.31681	0.03357	0.21557	0.18943	0.04066	0.00916	0.01419	0.04013	0.00582
35	0.00961	0.00700	0.00897	0.01011	0.01102	0.00648	0.00700	0.01136	0.01581	0.02102	0.13801	0.50324	0.12437	0.05211	0.01075	0.00312	0.00444	0.04214	0.00713	0.00630
36	0.01667	0.03234	0.44320	0.02155	0.05674	0.09075	0.02335	0.02304	0.01571	0.02214	0.01335	0.01694	0.01044	0.01166	0.05857	0.00317	0.12089	0.00591	0.00338	0.01023
37	0.00986	0.00751	0.00921	0.01024	0.01179	0.00686	0.00774	0.01196	0.01643	0.02090	0.07642	0.32214	0.28038	0.02119	0.00957	0.00296	0.00475	0.15655	0.00707	0.00647
38	0.01172	0.00807	0.01106	0.01089	0.01184	0.00903	0.00802	0.01335	0.01244	0.01823	0.04488	0.03320	0.02164	0.17623	0.37504	0.08864	0.04486	0.00856	0.08618	0.00610
39	0.01285	0.00919	0.01251	0.06855	0.06502	0.00887	0.00947	0.01554	0.01731	0.07750	0.18755	0.16667	0.20192	0.05006	0.05939	0.00346	0.00630	0.01357	0.00668	0.00759
40	0.06839	0.01324	0.02031	0.15200	0.29474	0.01374	0.01611	0.01822	0.01606	0.02278	0.02848	0.16230	0.11900	0.01204	0.00796	0.00251	0.00734	0.01078	0.00487	0.00914
41	0.00951	0.00698	0.00899	0.01049	0.01138	0.00646	0.00739	0.01114	0.01523	0.01987	0.04678	0.56575	0.14248	0.02280	0.00966	0.00305	0.00459	0.08413	0.00704	0.00628
42	0.01029	0.00740	0.00953	0.01023	0.01073	0.00745	0.00685	0.01157	0.01395	0.01898	0.10008	0.38589	0.04214	0.23239	0.06790	0.00491	0.03147	0.01619	0.00612	0.00592
43	0.04682	0.01514	0.02155	0.17933	0.18797	0.01697	0.01661	0.06673	0.12993	0.07200	0.02064	0.09409	0.01766	0.01021	0.00918	0.00256	0.06846	0.00855	0.00533	0.01027
44	0.01917	0.01940	0.02150	0.12010	0.02600	0.16630	0.07977	0.09012	0.08866	0.02534	0.10692	0.05523	0.04123	0.01071	0.00995	0.00248	0.09401	0.00857	0.00535	0.00920

[dist]
# distance from previous block
# <min> <max>
0	1

[block]
# block no. 1 follows, 26 sequences, length 17
# corresponding to MSA columns:
# 1702-1718
name=unknown_B
#
# <colnr> <probs for GDERKNQSTAVLIFYWHMCP>
#	G	D	E	R	K	N	Q	S	T	A	V	L	I	F	Y	W	H	M	C	P
0	0.06141	0.13301	0.02412	0.06784	0.02382	0.08967	0.01419	0.29772	0.04901	0.09149	0.01657	0.01761	0.01235	0.00872	0.00818	0.00225	0.05879	0.00619	0.00596	0.01109
1	0.01988	0.03160	0.07342	0.01511	0.05732	0.01267	0.01202	0.04489	0.09278	0.19064	0.04748	0.06740	0.03862	0.06648	0.05841	0.00325	0.00765	0.00838	0.00632	0.14566
2	0.12992	0.07138	0.13640	0.01682	0.05265	0.08899	0.01477	0.10825	0.07610	0.02765	0.01571	0.01809	0.01249	0.01346	0.08996	0.00330	0.00995	0.00585	0.00476	0.10350
3	0.01764	0.01698	0.02414	0.06135	0.06281	0.07954	0.15348	0.09518	0.01874	0.02480	0.07726	0.07621	0.02246	0.04678	0.03172	0.00315	0.11846	0.05527	0.00506	0.00897
4	0.20644	0.01257	0.01450	0.01227	0.01646	0.01284	0.00990	0.06190	0.01813	0.28924	0.02847	0.07870	0.08511	0.01519	0.06859	0.00332	0.04089	0.00861	0.00700	0.00988
5	0.01906	0.01589	0.02212	0.27374	0.16445	0.04514	0.01743	0.11608	0.01933	0.07250	0.02043	0.02382	0.06159	0.00903	0.00854	0.00241	0.04985	0.00744	0.04124	0.00992
6	0.02138	0.23975	0.07284	0.04672	0.07775	0.10205	0.19243	0.08403	0.01914	0.05433	0.01416	0.01681	0.01111	0.00709	0.00703	0.00214	0.01031	0.00630	0.00421	0.01041
7	0.01074	0.00728	0.00859	0.00886	0.00901	0.00729	0.00527	0.01110	0.01165	0.01561	0.02650	0.15494	0.03061	0.58242	0.07308	0.00697	0.00765	0.01251	0.00495	0.00497
8	0.01128	0.00894	0.01273	0.01658	0.12917	0.00857	0.00987	0.01323	0.01512	0.02017	0.03842	0.42344	0.10267	0.09455	0.01232	0.00336	0.00565	0.06062	0.00621	0.00710
9	0.01960	0.01959	0.02076	0.10701	0.18651	0.19729	0.01567	0.04724	0.06468	0.04516	0.02156	0.15841	0.02070	0.01134	0.00788	0.00244	0.00910	0.03046	0.00511	0.00949
10	0.01665	0.02024	0.15935	0.16335	0.26880	0.01678	0.04296	0.02392	0.08756	0.02450	0.01736	0.02233	0.01386	0.00797	0.00747	0.00239	0.00902	0.02633	0.05857	0.01059
11	0.01252	0.01003	0.01012	0.00995	0.01053	0.06902	0.00634	0.01317	0.01216	0.01555	0.02220	0.04300	0.02450	0.55105	0.15220	0.00772	0.01018	0.00998	0.00444	0.00535
12	0.07568	0.01282	0.01585	0.01510	0.05605	0.01291	0.01108	0.16259	0.02109	0.19839	0.02859	0.23115	0.02694	0.01459	0.00900	0.03121	0.00642	0.05345	0.00726	0.00981
13	0.05923	0.22085	0.02456	0.01763	0.09538	0.14663	0.01283	0.08532	0.01830	0.02324	0.01620	0.08668	0.01552	0.05638	0.00856	0.00232	0.00849	0.00702	0.00452	0.09034
14	0.01720	0.15377	0.02005	0.01610	0.08383	0.12538	0.01137	0.01977	0.01783	0.05360	0.14892	0.20523	0.03265	0.01296	0.00763	0.00227	0.00708	0.01097	0.00570	0.04766
15	0.01279	0.01027	0.01299	0.01195	0.01195	0.01236	0.00838	0.01331	0.01122	0.01583	0.01950	0.03921	0.02202	0.50621	0.03428	0.00608	0.23207	0.00964	0.00419	0.00576
16	0.02076	0.06468	0.21110	0.01632	0.02255	0.06200	0.01625	0.11841	0.04333	0.14296	0.07952	0.06236	0.02200	0.01218	0.03345	0.00276	0.00884	0.04399	0.00603	0.01051

[dist]
# distance from previous block
# <min> <max>
0	2

[block]
# block no. 2 follows, 26 sequences, length 12
# corresponding to MSA columns:
# 1721-1732
name=unknown_C
#
# <colnr> <probs for GDERKNQSTAVLIFYWHMCP>
#	G	D	E	R	K	N	Q	S	T	A	V	L	I	F	Y	W	H	M	C	P
0	0.02118	0.01788	0.02596	0.18777	0.37291	0.08128	0.01998	0.02531	0.01793	0.13220	0.01642	0.01977	0.01249	0.00747	0.00748	0.00230	0.00928	0.00672	0.00461	0.01106
1	0.01238	0.01019	0.01429	0.01342	0.01415	0.01265	0.01036	0.01427	0.01181	0.01719	0.01833	0.03034	0.01834	0.18187	0.39169	0.00889	0.20079	0.00832	0.00398	0.00673
2	0.19380	0.05886	0.17383	0.19907	0.03344	0.01853	0.13401	0.02208	0.01514	0.02453	0.01282	0.01688	0.00979	0.00743	0.00792	0.00246	0.05019	0.00613	0.00371	0.00938
3	0.02098	0.02196	0.10988	0.01668	0.02175	0.13128	0.01482	0.09833	0.01905	0.08815	0.04593	0.01877	0.01424	0.00902	0.01061	0.00220	0.15621	0.00616	0.00499	0.18898
4	0.01367	0.07741	0.01386	0.01093	0.01294	0.01064	0.00834	0.01583	0.01628	0.07977	0.19669	0.15728	0.09057	0.12735	0.09019	0.00431	0.04794	0.01235	0.00631	0.00732
5	0.01038	0.00820	0.00947	0.00988	0.01170	0.00775	0.00712	0.01438	0.08680	0.02264	0.14272	0.31816	0.28389	0.01949	0.00910	0.00274	0.00425	0.01703	0.00730	0.00701
6	0.01943	0.04714	0.04911	0.16664	0.26653	0.01822	0.05250	0.08840	0.09713	0.06530	0.01827	0.02282	0.01445	0.00826	0.00763	0.00240	0.00881	0.03097	0.00495	0.01103
7	0.01746	0.05797	0.06968	0.02165	0.09648	0.01539	0.18838	0.08064	0.01805	0.06313	0.02304	0.12001	0.04717	0.09839	0.01180	0.00301	0.00873	0.00997	0.00512	0.04392
8	0.00939	0.00691	0.00885	0.01034	0.01119	0.00637	0.00718	0.01095	0.01514	0.01976	0.04711	0.58506	0.14757	0.02288	0.00962	0.00303	0.00448	0.06088	0.00704	0.00625
9	0.01806	0.01940	0.16528	0.13011	0.09410	0.01536	0.04768	0.10012	0.04638	0.09160	0.02270	0.14531	0.02043	0.01124	0.00806	0.00257	0.00849	0.03747	0.00548	0.01015
10	0.02075	0.14439	0.09523	0.01882	0.02439	0.19485	0.11558	0.08516	0.06270	0.02494	0.08294	0.02454	0.01932	0.00912	0.00743	0.00224	0.00996	0.04296	0.00493	0.00975
11	0.01595	0.01005	0.01184	0.01103	0.01308	0.01041	0.00811	0.10293	0.04281	0.07841	0.02661	0.11535	0.02592	0.23478	0.09338	0.00499	0.00781	0.04672	0.13217	0.00763

[dist]
# distance from previous block
# <min> <max>
0	2

[block]
# block no. 3 follows, 26 sequences, length 13
# corresponding to MSA columns:
# 1735-1747
name=unknown_D
#
# <colnr> <probs for GDERKNQSTAVLIFYWHMCP>
#	G	D	E	R	K	N	Q	S	T	A	V	L	I	F	Y	W	H	M	C	P
0	0.01767	0.08466	0.01906	0.04475	0.08611	0.10427	0.01217	0.09107	0.09836	0.02776	0.23151	0.06523	0.06321	0.01167	0.00783	0.00230	0.00699	0.00977	0.00635	0.00928
1	0.01806	0.05870	0.08469	0.12026	0.02453	0.09490	0.01531	0.10280	0.01692	0.02219	0.01493	0.02294	0.01369	0.13733	0.04171	0.00375	0.18743	0.00706	0.00418	0.00863
2	0.01148	0.00914	0.01130	0.01069	0.01327	0.00798	0.00781	0.01368	0.01571	0.02206	0.09803	0.37098	0.09990	0.01692	0.00886	0.00240	0.02796	0.01484	0.00631	0.23066
3	0.14490	0.24163	0.08719	0.01394	0.01921	0.07042	0.01279	0.12742	0.01876	0.02674	0.01760	0.12577	0.01666	0.00996	0.00642	0.00218	0.00774	0.00757	0.03368	0.00943
4	0.10088	0.01893	0.03800	0.02989	0.09706	0.01831	0.49209	0.02339	0.01699	0.02503	0.01500	0.01993	0.01161	0.00927	0.04640	0.00303	0.01209	0.00817	0.00393	0.00999
5	0.01044	0.00814	0.01124	0.01412	0.08420	0.00764	0.00882	0.01241	0.01576	0.02093	0.08423	0.49327	0.13619	0.02066	0.00933	0.00289	0.00486	0.04121	0.00677	0.00692
6	0.01912	0.08877	0.06022	0.07435	0.19236	0.01552	0.01486	0.04484	0.04326	0.11290	0.01849	0.02396	0.01541	0.11310	0.01148	0.00284	0.00778	0.00700	0.04028	0.09345
7	0.01903	0.06985	0.17281	0.02488	0.09195	0.13835	0.20813	0.04204	0.04426	0.02327	0.01583	0.04269	0.01299	0.01055	0.04724	0.00289	0.01171	0.00733	0.00405	0.01014
8	0.01794	0.01224	0.01356	0.01166	0.01529	0.01224	0.00916	0.21588	0.02338	0.09197	0.09723	0.11406	0.25833	0.01468	0.00826	0.00244	0.00550	0.01221	0.05487	0.00910
9	0.05308	0.08904	0.14654	0.01561	0.02173	0.01814	0.01484	0.16960	0.01952	0.02839	0.01446	0.01772	0.01179	0.03540	0.03750	0.00263	0.08551	0.00580	0.00472	0.20798
10	0.01146	0.00998	0.05232	0.01111	0.01353	0.00797	0.00873	0.01375	0.01505	0.04539	0.03878	0.37067	0.13626	0.04577	0.09615	0.00399	0.00702	0.01534	0.00617	0.09057
11	0.01026	0.00753	0.00918	0.00998	0.01091	0.00724	0.00672	0.01275	0.05224	0.02038	0.10518	0.41778	0.11499	0.16066	0.01508	0.00376	0.00493	0.01738	0.00673	0.00631
12	0.06701	0.01617	0.02155	0.26503	0.18013	0.08483	0.01707	0.02373	0.01784	0.12720	0.08826	0.02356	0.01839	0.00853	0.00747	0.00235	0.00869	0.00729	0.00507	0.00982

[dist]
# distance from previous block
# <min> <max>
0	4

[block]
# block no. 4 follows, 26 sequences, length 41
# corresponding to MSA columns:
# 1752-1762,1847-1876
name=unknown_E
#
# <colnr> <probs for GDERKNQSTAVLIFYWHMCP>
#	G	D	E	R	K	N	Q	S	T	A	V	L	I	F	Y	W	H	M	C	P
0	0.01810	0.06232	0.02056	0.08694	0.15729	0.01603	0.01383	0.13236	0.08606	0.04599	0.05158	0.10966	0.02220	0.09350	0.01118	0.00291	0.00741	0.00927	0.00565	0.04716
1	0.15460	0.06504	0.13663	0.06693	0.08822	0.16188	0.06949	0.08745	0.01869	0.02621	0.01453	0.05034	0.01212	0.00817	0.00691	0.00228	0.00985	0.00646	0.00435	0.00983
2	0.02308	0.05686	0.12197	0.02676	0.21549	0.04592	0.06710	0.17698	0.04596	0.11933	0.01762	0.01915	0.01296	0.00786	0.00746	0.00228	0.00914	0.00676	0.00547	0.01186
3	0.01754	0.01661	0.02758	0.18230	0.48598	0.01697	0.02136	0.02204	0.01668	0.02365	0.01402	0.01877	0.01154	0.00681	0.00733	0.00220	0.00889	0.00652	0.00375	0.08946
4	0.01460	0.01354	0.01731	0.01706	0.05998	0.05453	0.01232	0.01624	0.01281	0.01797	0.01812	0.09810	0.01929	0.17320	0.12724	0.00535	0.30163	0.00923	0.00415	0.00734
5	0.01344	0.01094	0.01440	0.05904	0.01717	0.01179	0.01048	0.01584	0.01507	0.05291	0.05664	0.13666	0.17467	0.01981	0.09498	0.00373	0.15870	0.01114	0.00545	0.11714
6	0.01100	0.00777	0.00903	0.00911	0.01122	0.00678	0.00668	0.01311	0.01758	0.06661	0.16508	0.23287	0.37746	0.01909	0.00905	0.00265	0.00411	0.01647	0.00742	0.00690
7	0.01284	0.01012	0.01210	0.01119	0.01351	0.01072	0.00869	0.08013	0.04539	0.02427	0.12681	0.04685	0.25790	0.04619	0.18188	0.00505	0.05694	0.01146	0.03041	0.00759
8	0.00975	0.00728	0.00919	0.01052	0.01173	0.00672	0.00774	0.01164	0.01577	0.02029	0.05006	0.44305	0.20383	0.02210	0.00966	0.00303	0.00477	0.13944	0.00703	0.00638
9	0.02549	0.02164	0.02154	0.08544	0.02560	0.11680	0.01465	0.39433	0.15066	0.03795	0.01921	0.01966	0.01411	0.00900	0.00751	0.00231	0.00882	0.00688	0.00669	0.01172
10	0.01781	0.09368	0.12419	0.05865	0.38568	0.01813	0.04762	0.02267	0.01665	0.02374	0.01371	0.01742	0.01125	0.00666	0.00701	0.00208	0.00898	0.00611	0.00371	0.11425
11	0.01470	0.01373	0.01699	0.30804	0.03051	0.08184	0.01425	0.01993	0.09082	0.02039	0.02375	0.18073	0.02361	0.08597	0.01127	0.00313	0.00833	0.03907	0.00501	0.00792
12	0.15515	0.01471	0.01683	0.01333	0.01860	0.01483	0.01094	0.19185	0.02346	0.34321	0.05730	0.02338	0.01830	0.00921	0.00706	0.00230	0.00652	0.00712	0.05443	0.01148
13	0.01350	0.01169	0.01798	0.04976	0.25465	0.01168	0.01396	0.01692	0.01695	0.02321	0.13181	0.08751	0.13488	0.01955	0.10719	0.00390	0.00852	0.06216	0.00550	0.00869
14	0.01906	0.01538	0.02339	0.28393	0.09924	0.01689	0.08179	0.15650	0.01986	0.07062	0.01733	0.02423	0.01409	0.11092	0.01213	0.00312	0.00926	0.00765	0.00493	0.00967
15	0.01534	0.01141	0.01330	0.01243	0.01503	0.01180	0.00944	0.18122	0.06531	0.02993	0.16484	0.29809	0.08103	0.01705	0.00885	0.00269	0.00544	0.04079	0.00749	0.00853
16	0.00964	0.00699	0.00919	0.01080	0.01160	0.00654	0.00766	0.01131	0.01516	0.01992	0.04444	0.58499	0.10103	0.02300	0.00973	0.00310	0.00472	0.10686	0.00703	0.00630
17	0.01567	0.01633	0.05082	0.11392	0.02203	0.12328	0.01291	0.02086	0.11188	0.02111	0.02875	0.17962	0.08076	0.01498	0.01086	0.05523	0.05502	0.05250	0.00541	0.00805
18	0.11584	0.02132	0.02141	0.01756	0.02228	0.16580	0.07671	0.18239	0.11509	0.07506	0.01796	0.01907	0.01350	0.00877	0.00828	0.00234	0.05639	0.00660	0.04317	0.01048
19	0.01210	0.00715	0.01010	0.01010	0.01045	0.00749	0.00687	0.01107	0.01073	0.01465	0.01742	0.03079	0.01791	0.19433	0.20243	0.40995	0.01024	0.00798	0.00378	0.00447
20	0.00936	0.00674	0.00890	0.01059	0.01118	0.00629	0.00721	0.01080	0.01477	0.01956	0.04326	0.67143	0.07746	0.02344	0.00969	0.00308	0.00449	0.04850	0.00704	0.00621
21	0.05071	0.01579	0.01428	0.01314	0.01614	0.13634	0.00995	0.10834	0.09692	0.02788	0.18259	0.16694	0.10221	0.01420	0.00819	0.00246	0.00662	0.01188	0.00683	0.00859
22	0.01890	0.16736	0.02049	0.01346	0.01747	0.13228	0.01103	0.12741	0.05143	0.02722	0.19974	0.03291	0.09497	0.01320	0.03772	0.00259	0.00788	0.00882	0.00607	0.00906
23	0.01871	0.01844	0.01662	0.01520	0.01781	0.20228	0.01181	0.05656	0.11009	0.02274	0.01872	0.02295	0.01579	0.02405	0.22306	0.00534	0.09106	0.00695	0.09325	0.00859
24	0.14402	0.02071	0.16480	0.18902	0.06508	0.06147	0.08418	0.02187	0.01576	0.02449	0.01471	0.01883	0.01133	0.00934	0.03416	0.00271	0.00975	0.00626	0.09237	0.00916
25	0.19770	0.16071	0.05022	0.01283	0.01745	0.08681	0.01105	0.13739	0.01877	0.02854	0.01557	0.01973	0.01315	0.08162	0.00912	0.00258	0.00761	0.00586	0.11426	0.00903
26	0.01771	0.01436	0.01444	0.01305	0.01635	0.08129	0.01005	0.12582	0.12540	0.07111	0.06890	0.13574	0.16933	0.01864	0.07906	0.00349	0.00782	0.01153	0.00684	0.00907
27	0.01429	0.01068	0.01263	0.01193	0.01441	0.01067	0.00885	0.14381	0.05014	0.02793	0.14563	0.36559	0.06735	0.01740	0.00875	0.00263	0.00519	0.01531	0.00724	0.05957
28	0.00923	0.00720	0.00839	0.00914	0.01068	0.00635	0.00646	0.01101	0.01636	0.02077	0.10928	0.37061	0.34553	0.02099	0.00929	0.00278	0.00408	0.01836	0.00715	0.00635
29	0.01521	0.10524	0.14400	0.01525	0.01991	0.08313	0.04475	0.02071	0.08272	0.02131	0.02821	0.13644	0.10241	0.01975	0.12307	0.00404	0.01017	0.00999	0.00498	0.00871
30	0.10813	0.08334	0.11279	0.01557	0.02027	0.24015	0.01382	0.05605	0.01929	0.02481	0.13748	0.02547	0.06165	0.00992	0.00782	0.00223	0.04004	0.00728	0.00501	0.00889
31	0.00953	0.00756	0.00864	0.00921	0.01112	0.00667	0.00690	0.01162	0.01698	0.02123	0.11021	0.22538	0.41732	0.02019	0.00930	0.00277	0.00431	0.08746	0.00713	0.00647
32	0.00947	0.00742	0.00862	0.00924	0.01099	0.00657	0.00678	0.01148	0.01685	0.02130	0.12469	0.28020	0.37344	0.02040	0.00930	0.00278	0.00422	0.06261	0.00717	0.00645
33	0.01640	0.01702	0.03362	0.02718	0.08085	0.01634	0.40987	0.02281	0.06191	0.02422	0.02401	0.06130	0.04870	0.01024	0.00903	0.00270	0.01040	0.10889	0.00486	0.00964
34	0.01945	0.07450	0.33910	0.08928	0.02935	0.01796	0.02056	0.06110	0.12656	0.12044	0.01881	0.01973	0.01339	0.00812	0.00725	0.00238	0.00920	0.00646	0.00508	0.01129
35	0.13497	0.01600	0.02296	0.17583	0.26976	0.01713	0.01758	0.07677	0.05006	0.12188	0.01690	0.01954	0.01261	0.00771	0.00714	0.00236	0.00822	0.00658	0.00512	0.01088
36	0.01174	0.00848	0.01018	0.01006	0.01192	0.00811	0.00738	0.06779	0.01943	0.02663	0.28043	0.26533	0.15779	0.01773	0.00882	0.00258	0.00428	0.01554	0.05857	0.00720
37	0.01547	0.05640	0.21581	0.14358	0.11832	0.01624	0.08446	0.04834	0.01769	0.02420	0.08037	0.02815	0.09982	0.00940	0.00777	0.00240	0.00902	0.00828	0.00449	0.00978
38	0.00967	0.00736	0.00810	0.00847	0.00979	0.00665	0.00567	0.01086	0.01476	0.01845	0.05305	0.20232	0.34695	0.24267	0.01835	0.00416	0.00505	0.01562	0.00628	0.00579
39	0.01213	0.01013	0.01237	0.01191	0.01344	0.01128	0.00910	0.01604	0.08227	0.02205	0.08628	0.22399	0.22178	0.01729	0.01216	0.00279	0.15619	0.01397	0.05741	0.00741
40	0.01742	0.24253	0.13642	0.01477	0.02088	0.01760	0.05631	0.02142	0.01692	0.07118	0.11187	0.02655	0.02207	0.04643	0.00843	0.00229	0.00772	0.03548	0.00488	0.11885

[dist]
# distance from previous block
# <min> <max>
25	149

[block]
# block no. 5 follows, 26 sequences, length 19
# corresponding to MSA columns:
# 2030-2048
name=unknown_F
#
# <colnr> <probs for GDERKNQSTAVLIFYWHMCP>
#	G	D	E	R	K	N	Q	S	T	A	V	L	I	F	Y	W	H	M	C	P
0	0.01848	0.14649	0.07752	0.10271	0.10629	0.11930	0.04567	0.04843	0.01782	0.04820	0.02306	0.12061	0.07330	0.01061	0.00743	0.00230	0.00882	0.00890	0.00472	0.00934
1	0.01963	0.02147	0.06999	0.01615	0.02088	0.18753	0.04508	0.09388	0.04636	0.02416	0.01707	0.06016	0.01541	0.07986	0.03485	0.00288	0.04322	0.00715	0.00478	0.18950
2	0.01426	0.01406	0.06651	0.01495	0.07027	0.01145	0.01148	0.01967	0.08291	0.02382	0.05630	0.04679	0.08957	0.01769	0.12880	0.00366	0.00860	0.00794	0.00512	0.30614
3	0.00975	0.00762	0.00894	0.00890	0.01089	0.00681	0.00660	0.01228	0.01836	0.02401	0.30078	0.13131	0.35491	0.02004	0.04180	0.00300	0.00458	0.01533	0.00740	0.00668
4	0.01737	0.05817	0.05393	0.01695	0.05160	0.08849	0.05478	0.04921	0.10630	0.02472	0.05390	0.07591	0.05260	0.01065	0.00844	0.00223	0.04694	0.04887	0.00536	0.17358
5	0.01214	0.00677	0.00974	0.01005	0.01023	0.00679	0.00673	0.01037	0.01096	0.01472	0.01958	0.14909	0.02123	0.08440	0.07788	0.52407	0.00731	0.00968	0.00411	0.00416
6	0.64475	0.01788	0.05100	0.01174	0.01684	0.06229	0.01015	0.06441	0.01512	0.03335	0.01131	0.01300	0.00870	0.00724	0.00516	0.00232	0.00684	0.00442	0.00475	0.00873
7	0.00924	0.00660	0.00880	0.01056	0.01100	0.00616	0.00704	0.01056	0.01452	0.01936	0.04181	0.72848	0.05017	0.02376	0.00968	0.00308	0.00440	0.02156	0.00704	0.00616
8	0.01505	0.01302	0.01677	0.01257	0.01803	0.01069	0.05333	0.01806	0.01509	0.02298	0.01598	0.05034	0.01489	0.09768	0.01082	0.00216	0.03147	0.00641	0.00453	0.57013
9	0.11099	0.01456	0.01771	0.07582	0.06793	0.01485	0.01235	0.11788	0.01861	0.06531	0.01691	0.02177	0.01384	0.00846	0.00792	0.00206	0.06071	0.04051	0.06643	0.24537
10	0.01486	0.02877	0.42540	0.01929	0.02775	0.01549	0.08928	0.05627	0.01781	0.02503	0.05944	0.02928	0.13875	0.00988	0.00783	0.00244	0.00946	0.00838	0.00449	0.01010
11	0.01515	0.01449	0.01309	0.01307	0.01490	0.16336	0.00963	0.04735	0.01668	0.02006	0.02984	0.24489	0.06550	0.10085	0.14148	0.00495	0.01012	0.06195	0.00555	0.00710
12	0.01177	0.00878	0.01140	0.01133	0.01252	0.00948	0.00830	0.04898	0.01458	0.01993	0.05549	0.17428	0.07478	0.18847	0.25253	0.00703	0.04462	0.03375	0.00540	0.00659
13	0.06361	0.01546	0.01820	0.08940	0.02264	0.04852	0.04435	0.12507	0.15975	0.14469	0.02717	0.06740	0.06233	0.06527	0.01005	0.00283	0.00746	0.00894	0.00666	0.01021
14	0.09972	0.06631	0.31982	0.02561	0.20205	0.01816	0.02162	0.07105	0.01739	0.02650	0.01520	0.05565	0.01260	0.00809	0.00705	0.00234	0.00929	0.00664	0.00406	0.01087
15	0.09265	0.22516	0.20065	0.01460	0.02108	0.01939	0.01521	0.06594	0.06658	0.02458	0.02418	0.02519	0.11511	0.01194	0.04500	0.00274	0.00858	0.00707	0.00464	0.00969
16	0.07424	0.01650	0.09948	0.01807	0.09840	0.01415	0.04447	0.10298	0.06298	0.02846	0.13135	0.05964	0.09906	0.01476	0.06305	0.00314	0.00804	0.00940	0.00582	0.04602
17	0.08025	0.01514	0.01877	0.06798	0.02214	0.01610	0.05849	0.13482	0.15896	0.07590	0.06364	0.02875	0.09364	0.01025	0.00834	0.00236	0.04066	0.00836	0.00638	0.08906
18	0.05465	0.01937	0.15460	0.02312	0.15672	0.01572	0.07776	0.05168	0.05432	0.02718	0.17626	0.05073	0.02736	0.01031	0.00926	0.00248	0.06446	0.00886	0.00528	0.00988

[dist]
# distance from previous block
# <min> <max>
8	36

[block]
# block no. 6 follows, 26 sequences, length 31
# corresponding to MSA columns:
# 2086-2116
name=unknown_G
#
# <colnr> <probs for GDERKNQSTAVLIFYWHMCP>
#	G	D	E	R	K	N	Q	S	T	A	V	L	I	F	Y	W	H	M	C	P
0	0.01627	0.23331	0.22654	0.01511	0.02181	0.05488	0.01604	0.02077	0.01641	0.02158	0.05014	0.02727	0.08276	0.01128	0.03420	0.00249	0.00887	0.04721	0.00428	0.08878
1	0.01600	0.02000	0.19607	0.09178	0.12611	0.01372	0.01709	0.02074	0.01558	0.05253	0.01580	0.02139	0.01322	0.08355	0.04674	0.00305	0.00906	0.00636	0.00413	0.22708
2	0.01895	0.07667	0.14289	0.06061	0.04708	0.17800	0.01527	0.05602	0.01838	0.05515	0.02537	0.03086	0.10894	0.05892	0.03689	0.00302	0.00985	0.04327	0.00483	0.00903
3	0.01991	0.13333	0.13705	0.02591	0.23175	0.07676	0.01848	0.06961	0.01811	0.05034	0.01422	0.01705	0.01147	0.00883	0.02906	0.00239	0.03551	0.00584	0.00417	0.09022
4	0.01620	0.01377	0.01239	0.01249	0.01418	0.15815	0.00877	0.01763	0.01628	0.08782	0.03152	0.40499	0.03497	0.11901	0.01294	0.00336	0.00704	0.01502	0.00626	0.00721
5	0.01363	0.01223	0.01192	0.01154	0.01342	0.10825	0.00855	0.01611	0.01790	0.02378	0.23211	0.22025	0.09803	0.01568	0.00933	0.00247	0.05007	0.01322	0.08606	0.03543
6	0.01455	0.01229	0.01467	0.01115	0.01680	0.00978	0.00885	0.01772	0.01529	0.02336	0.01862	0.02158	0.05587	0.01431	0.11221	0.00290	0.00774	0.00579	0.00459	0.61192
7	0.01020	0.01049	0.07963	0.01115	0.01341	0.00769	0.00925	0.01288	0.01647	0.02195	0.14363	0.38115	0.17916	0.01970	0.00921	0.00282	0.00501	0.05242	0.00684	0.00693
8	0.01822	0.01797	0.01687	0.01288	0.01906	0.14728	0.01011	0.02131	0.01687	0.02350	0.01313	0.01532	0.01094	0.00605	0.00586	0.00129	0.00721	0.00457	0.00438	0.62716
9	0.01962	0.21556	0.21774	0.09351	0.13120	0.12561	0.01997	0.05264	0.01768	0.02228	0.01281	0.01561	0.01024	0.00716	0.00664	0.00211	0.01019	0.00544	0.00362	0.01037
10	0.01924	0.01914	0.12224	0.01559	0.02234	0.01490	0.05011	0.14787	0.02012	0.07176	0.01878	0.02024	0.04715	0.00791	0.00764	0.00188	0.04049	0.00629	0.00527	0.34105
11	0.30880	0.02406	0.01763	0.01516	0.01994	0.27736	0.01194	0.15371	0.02088	0.03049	0.01269	0.01419	0.00990	0.00768	0.00613	0.00212	0.00931	0.00497	0.00497	0.04808
12	0.02392	0.02176	0.02134	0.04187	0.09668	0.15539	0.01469	0.25216	0.20567	0.03348	0.02006	0.02056	0.01515	0.00886	0.00739	0.00228	0.00872	0.00692	0.03168	0.01141
13	0.01790	0.35728	0.05655	0.01305	0.01813	0.02071	0.01188	0.11115	0.01830	0.02331	0.02306	0.17383	0.06265	0.01145	0.00672	0.00210	0.00706	0.00915	0.00501	0.05070
14	0.01704	0.01100	0.01389	0.01234	0.01472	0.01167	0.00957	0.08772	0.01775	0.13112	0.09486	0.04074	0.09708	0.16335	0.13267	0.00517	0.08214	0.04276	0.00624	0.00817
15	0.01680	0.01311	0.01536	0.01396	0.01589	0.05008	0.01066	0.02235	0.14417	0.08957	0.02304	0.07492	0.02131	0.16816	0.14357	0.00542	0.14862	0.00917	0.00548	0.00836
16	0.01438	0.05218	0.05956	0.01435	0.01736	0.05679	0.08371	0.04578	0.03937	0.02031	0.02559	0.13072	0.05882	0.21996	0.12261	0.00532	0.01004	0.01071	0.00495	0.00749
17	0.01667	0.01375	0.05926	0.04550	0.04752	0.01306	0.01217	0.16193	0.02036	0.05863	0.12086	0.10605	0.02935	0.07600	0.14395	0.00475	0.00958	0.04557	0.00616	0.00887
18	0.01067	0.00757	0.01108	0.01153	0.01251	0.00833	0.00855	0.01240	0.01255	0.01760	0.02512	0.20922	0.02641	0.04520	0.45508	0.08893	0.01480	0.01143	0.00475	0.00626
19	0.01658	0.01579	0.02683	0.37592	0.37388	0.01745	0.02219	0.02136	0.01623	0.02212	0.01388	0.01949	0.01108	0.00716	0.00755	0.00239	0.00955	0.00675	0.00357	0.01025
20	0.16263	0.01623	0.02243	0.16927	0.22638	0.01842	0.01722	0.11815	0.01798	0.02786	0.01396	0.01822	0.01126	0.01088	0.04929	0.00301	0.07603	0.00634	0.00441	0.01004
21	0.01281	0.05697	0.01576	0.03875	0.01637	0.01166	0.04646	0.01507	0.01569	0.04663	0.07276	0.30088	0.15520	0.01761	0.01118	0.00283	0.10634	0.04352	0.00611	0.00741
22	0.01212	0.00940	0.01242	0.01210	0.01384	0.00960	0.03366	0.07891	0.01665	0.02214	0.03857	0.36525	0.13482	0.05859	0.11847	0.00451	0.02986	0.01567	0.00628	0.00714
23	0.01370	0.01224	0.01964	0.05061	0.21279	0.01285	0.05413	0.01673	0.01491	0.02064	0.02623	0.14696	0.08182	0.06160	0.16774	0.00504	0.05852	0.01075	0.00468	0.00844
24	0.01608	0.01690	0.11606	0.08828	0.02430	0.04949	0.10534	0.02104	0.03862	0.08479	0.11971	0.07997	0.10391	0.01195	0.00821	0.00250	0.00783	0.04663	0.04946	0.00891
25	0.01873	0.06548	0.13375	0.02815	0.03586	0.09008	0.46649	0.02479	0.01787	0.02330	0.01445	0.01866	0.01096	0.00666	0.00826	0.00242	0.01239	0.00778	0.00372	0.01019
26	0.01760	0.01265	0.01570	0.10951	0.08805	0.04759	0.01176	0.02192	0.06568	0.15683	0.09082	0.06894	0.23598	0.01305	0.00819	0.00246	0.00641	0.01106	0.00667	0.00913
27	0.02041	0.09910	0.22630	0.02034	0.08701	0.01885	0.04691	0.17535	0.04976	0.07256	0.01852	0.05888	0.01472	0.00881	0.00725	0.00229	0.00874	0.00724	0.04583	0.01113
28	0.02338	0.02626	0.02092	0.21488	0.03042	0.41107	0.01585	0.02633	0.01901	0.05054	0.01373	0.01703	0.01084	0.00810	0.00771	0.00218	0.03955	0.00573	0.04773	0.00876
29	0.01432	0.01348	0.02275	0.71520	0.05224	0.01685	0.02107	0.01938	0.01517	0.01938	0.01348	0.02022	0.01011	0.00758	0.00758	0.00253	0.01011	0.00674	0.00337	0.00843
30	0.01886	0.01289	0.01612	0.01709	0.11160	0.05448	0.01123	0.04134	0.01870	0.17349	0.16329	0.11956	0.06719	0.08728	0.01227	0.00298	0.04482	0.01099	0.00673	0.00907

[dist]
# distance from previous block
# <min> <max>
2	70

[block]
# block no. 7 follows, 26 sequences, length 14
# corresponding to MSA columns:
# 2270-2283
name=unknown_H
#
# <colnr> <probs for GDERKNQSTAVLIFYWHMCP>
#	G	D	E	R	K	N	Q	S	T	A	V	L	I	F	Y	W	H	M	C	P
0	0.08924	0.11395	0.07993	0.10927	0.06937	0.10621	0.17691	0.02380	0.01652	0.04749	0.01338	0.01712	0.01058	0.00773	0.00906	0.00238	0.08711	0.00641	0.00389	0.00965
1	0.01446	0.01140	0.01309	0.04620	0.04518	0.08267	0.01004	0.01614	0.01597	0.05978	0.08272	0.26485	0.05347	0.02134	0.06128	0.10917	0.00758	0.07172	0.00591	0.00703
2	0.01666	0.01386	0.01598	0.01186	0.01802	0.01151	0.00948	0.07800	0.04929	0.02761	0.06894	0.01987	0.01684	0.00696	0.00617	0.00140	0.00572	0.00565	0.00524	0.61094
3	0.02185	0.01614	0.01833	0.01542	0.01958	0.01798	0.01267	0.37124	0.06534	0.03655	0.02248	0.03046	0.01900	0.01766	0.10618	0.00386	0.03612	0.09411	0.06448	0.01056
4	0.01403	0.00905	0.01065	0.01024	0.01307	0.00821	0.00800	0.01754	0.05704	0.12683	0.10444	0.12284	0.35695	0.01750	0.00893	0.00268	0.00480	0.09180	0.00754	0.00786
5	0.01224	0.00769	0.00968	0.01017	0.01185	0.00688	0.00724	0.01405	0.01652	0.10059	0.09395	0.44364	0.19606	0.02040	0.00922	0.00282	0.00446	0.01804	0.00741	0.00709
6	0.02194	0.01351	0.01527	0.01276	0.01671	0.01437	0.01024	0.23922	0.06983	0.13053	0.02317	0.02470	0.01734	0.01511	0.09366	0.00338	0.00786	0.00731	0.25289	0.01021
7	0.01504	0.01311	0.01436	0.01369	0.01595	0.09822	0.01078	0.08568	0.01652	0.02153	0.02258	0.03276	0.04103	0.04120	0.45771	0.00876	0.01649	0.06211	0.00478	0.00770
8	0.08286	0.01814	0.01658	0.01470	0.01885	0.10718	0.01147	0.10175	0.38319	0.03150	0.02459	0.02400	0.01862	0.00939	0.00704	0.00234	0.00694	0.00735	0.10273	0.01076
9	0.00987	0.00713	0.00879	0.00949	0.01038	0.00664	0.00637	0.01142	0.01548	0.02063	0.16451	0.36722	0.13531	0.17270	0.01560	0.00379	0.00480	0.01707	0.00677	0.00605
10	0.01924	0.02308	0.14785	0.06017	0.02968	0.10269	0.21375	0.07498	0.01865	0.06372	0.01833	0.10312	0.01591	0.00977	0.00939	0.00254	0.06376	0.00880	0.00468	0.00987
11	0.02347	0.08122	0.02086	0.01722	0.02042	0.44251	0.01339	0.02565	0.01853	0.01945	0.01343	0.01666	0.01149	0.01201	0.05850	0.00281	0.10122	0.00551	0.08716	0.00847
12	0.02227	0.01540	0.01601	0.01323	0.01749	0.06951	0.01051	0.22706	0.02444	0.14094	0.11734	0.06199	0.07199	0.01110	0.00752	0.00221	0.00656	0.00899	0.10324	0.05218
13	0.07239	0.05297	0.01801	0.01528	0.01836	0.21919	0.01182	0.11232	0.05165	0.02412	0.01930	0.11824	0.01859	0.05996	0.09780	0.00391	0.06389	0.00847	0.00509	0.00863

[dist]
# distance from previous block
# <min> <max>
2	5

[block]
# block no. 8 follows, 26 sequences, length 17
# corresponding to MSA columns:
# 2289-2305
name=unknown_I
#
# <colnr> <probs for GDERKNQSTAVLIFYWHMCP>
#	G	D	E	R	K	N	Q	S	T	A	V	L	I	F	Y	W	H	M	C	P
0	0.05170	0.01502	0.01439	0.01265	0.01647	0.08553	0.00988	0.09954	0.16915	0.09594	0.09710	0.03869	0.19287	0.01234	0.00776	0.00237	0.00620	0.00998	0.05290	0.00953
1	0.01912	0.01202	0.01290	0.01104	0.01462	0.01241	0.00875	0.18377	0.07143	0.09245	0.03343	0.03357	0.13791	0.01094	0.00694	0.00215	0.00527	0.00879	0.31315	0.00934
2	0.01970	0.19649	0.01860	0.01075	0.01451	0.01475	0.00897	0.06412	0.01761	0.14457	0.02253	0.06626	0.01895	0.07517	0.00905	0.00245	0.00595	0.00760	0.27306	0.00891
3	0.02039	0.01894	0.17630	0.01578	0.02143	0.01396	0.01549	0.08619	0.10310	0.17841	0.02740	0.03856	0.02303	0.01189	0.00813	0.00264	0.00766	0.16805	0.05209	0.01053
4	0.01426	0.06859	0.01466	0.07529	0.01747	0.13518	0.00975	0.01686	0.01851	0.02216	0.19810	0.10049	0.25129	0.01459	0.00820	0.00238	0.00649	0.01213	0.00617	0.00743
5	0.02218	0.01644	0.01794	0.01456	0.01912	0.01765	0.01170	0.43543	0.02956	0.03948	0.11278	0.09480	0.10996	0.01256	0.00813	0.00240	0.00680	0.01023	0.00757	0.01072
6	0.07164	0.06824	0.04841	0.01570	0.02190	0.06039	0.01338	0.37258	0.02710	0.07101	0.01644	0.01705	0.01210	0.00806	0.00683	0.00202	0.00803	0.00595	0.00628	0.14689
7	0.08626	0.01318	0.01585	0.01395	0.01561	0.01583	0.01077	0.12858	0.01603	0.02388	0.01837	0.07033	0.01863	0.22078	0.09006	0.00505	0.21549	0.00874	0.00486	0.00777
8	0.02329	0.36753	0.02969	0.01578	0.02107	0.26208	0.01350	0.05695	0.10375	0.02127	0.01395	0.01506	0.01163	0.00756	0.00605	0.00189	0.00978	0.00506	0.00426	0.00985
9	0.45482	0.01410	0.01385	0.01230	0.01578	0.01665	0.01018	0.04852	0.01465	0.06061	0.01515	0.02090	0.01288	0.00957	0.00909	0.00256	0.13485	0.05288	0.07222	0.00845
10	0.01912	0.02126	0.16017	0.25458	0.10941	0.01861	0.02005	0.21028	0.02197	0.02992	0.04985	0.02050	0.01425	0.00828	0.00757	0.00239	0.00935	0.00690	0.00489	0.01066
11	0.01015	0.00729	0.00937	0.00997	0.01075	0.00724	0.00679	0.01163	0.01395	0.01883	0.09158	0.29996	0.08774	0.21851	0.15522	0.00593	0.00824	0.01497	0.00591	0.00597
12	0.21407	0.01054	0.01138	0.01006	0.01356	0.01033	0.00794	0.02017	0.01847	0.16084	0.25681	0.04248	0.16940	0.01287	0.00760	0.00240	0.00479	0.01051	0.00735	0.00842
13	0.03372	0.01340	0.01791	0.01373	0.01961	0.01188	0.01134	0.07408	0.02254	0.65308	0.02923	0.02536	0.01843	0.00937	0.00763	0.00234	0.00657	0.00758	0.00928	0.01291
14	0.01542	0.00969	0.01224	0.01141	0.01383	0.00974	0.00857	0.02066	0.11291	0.13067	0.20530	0.13226	0.06426	0.08852	0.12492	0.00457	0.00760	0.01196	0.00715	0.00832
15	0.47896	0.01246	0.01104	0.00974	0.01386	0.01361	0.00790	0.02325	0.01496	0.12846	0.01702	0.01838	0.01263	0.00784	0.00528	0.00220	0.00535	0.00538	0.20305	0.00861
16	0.15055	0.01354	0.01742	0.01534	0.01825	0.01542	0.07849	0.02301	0.18262	0.02521	0.02420	0.18033	0.02332	0.04024	0.05233	0.00348	0.11133	0.01051	0.00566	0.00874

[dist]
# distance from previous block
# <min> <max>
0	1

[block]
# block no. 9 follows, 26 sequences, length 12
# corresponding to MSA columns:
# 2307-2318
name=unknown_J
#
# <colnr> <probs for GDERKNQSTAVLIFYWHMCP>
#	G	D	E	R	K	N	Q	S	T	A	V	L	I	F	Y	W	H	M	C	P
0	0.02117	0.46430	0.14847	0.01590	0.02264	0.17491	0.01594	0.02459	0.01684	0.01907	0.01133	0.01316	0.00972	0.00690	0.00570	0.00183	0.00986	0.00450	0.00338	0.00978
1	0.48548	0.02016	0.01515	0.01317	0.01791	0.17440	0.01053	0.09192	0.01782	0.07420	0.01287	0.01412	0.00974	0.00759	0.00568	0.00225	0.00795	0.00480	0.00512	0.00914
2	0.07248	0.01526	0.09691	0.04714	0.01819	0.01318	0.01138	0.13527	0.06202	0.02980	0.06094	0.03483	0.17043	0.01125	0.00717	0.00228	0.00609	0.00904	0.18738	0.00896
3	0.00927	0.00759	0.00818	0.00826	0.01049	0.00650	0.00611	0.01140	0.01769	0.02197	0.17034	0.13292	0.52482	0.01905	0.00903	0.00258	0.00385	0.01617	0.00725	0.00650
4	0.01562	0.01569	0.02990	0.19544	0.15646	0.01596	0.26144	0.02030	0.01629	0.02200	0.01884	0.12040	0.01751	0.04796	0.01004	0.00282	0.00998	0.00988	0.00420	0.00926
5	0.01131	0.00751	0.00949	0.01000	0.01153	0.00678	0.00711	0.01332	0.01699	0.07144	0.17499	0.41222	0.17860	0.02015	0.00924	0.00278	0.00428	0.01787	0.00747	0.00691
6	0.01246	0.00697	0.01008	0.01008	0.01032	0.00722	0.00684	0.01070	0.01046	0.01419	0.01595	0.02795	0.01621	0.12965	0.15276	0.53380	0.00918	0.00748	0.00361	0.00410
7	0.02300	0.50109	0.03359	0.01519	0.02081	0.25717	0.01354	0.02527	0.01747	0.01809	0.01094	0.01268	0.00975	0.00694	0.00553	0.00173	0.00999	0.00434	0.00347	0.00942
8	0.00944	0.00719	0.00874	0.00977	0.01110	0.00648	0.00699	0.01125	0.01605	0.02057	0.08716	0.42032	0.26900	0.02156	0.00945	0.00290	0.00435	0.06420	0.00711	0.00636
9	0.01686	0.01766	0.11625	0.07609	0.19647	0.01462	0.09645	0.05515	0.01860	0.06851	0.12529	0.11680	0.02636	0.01072	0.00817	0.00247	0.00820	0.00995	0.00538	0.01000
10	0.09498	0.09525	0.03009	0.02401	0.10245	0.12964	0.22110	0.02773	0.08801	0.08912	0.01676	0.01889	0.01274	0.00744	0.00736	0.00229	0.01002	0.00691	0.00481	0.01041
11	0.02241	0.01651	0.02209	0.06854	0.02474	0.01749	0.08783	0.30431	0.02492	0.09645	0.02036	0.02596	0.01620	0.01667	0.11353	0.00387	0.01040	0.05365	0.00629	0.04780

[dist]
# distance from previous block
# <min> <max>
1	157

[block]
# block no. 10 follows, 26 sequences, length 17
# corresponding to MSA columns:
# 2479-2495
name=unknown_K
#
# <colnr> <probs for GDERKNQSTAVLIFYWHMCP>
#	G	D	E	R	K	N	Q	S	T	A	V	L	I	F	Y	W	H	M	C	P
0	0.02327	0.07475	0.10056	0.02329	0.17120	0.10425	0.01689	0.18781	0.02248	0.09960	0.01740	0.04818	0.01382	0.00846	0.00721	0.00217	0.00894	0.00680	0.00543	0.05748
1	0.38273	0.09397	0.04699	0.01698	0.11567	0.09693	0.01220	0.02295	0.01529	0.02808	0.01301	0.01541	0.01047	0.00724	0.00555	0.00215	0.00743	0.00499	0.09296	0.00900
2	0.01730	0.01482	0.06510	0.01226	0.01621	0.06475	0.01041	0.09882	0.03890	0.10325	0.12850	0.04241	0.22836	0.01587	0.05137	0.00296	0.00706	0.01059	0.06220	0.00884
3	0.07646	0.01694	0.08651	0.01377	0.01750	0.09612	0.01170	0.08372	0.05540	0.07257	0.07377	0.22570	0.02937	0.01378	0.00789	0.00253	0.00698	0.03802	0.06247	0.00881
4	0.01753	0.01295	0.01688	0.09703	0.10389	0.01283	0.01224	0.06811	0.09379	0.10226	0.03199	0.09116	0.13625	0.01132	0.00762	0.00227	0.00638	0.00966	0.04217	0.12367
5	0.01217	0.00784	0.00993	0.01053	0.01186	0.00748	0.00759	0.04047	0.01607	0.04881	0.06396	0.39063	0.10862	0.02068	0.01142	0.09219	0.00494	0.06175	0.06649	0.00659
6	0.01226	0.00824	0.01076	0.01049	0.01176	0.00880	0.00771	0.01468	0.05472	0.02031	0.10766	0.03587	0.07295	0.09039	0.21514	0.18095	0.02823	0.00917	0.09368	0.00622
