[name]
unknown

[dist]
# distance from previous block
# <min> <max>
41	118

[block]
# block no. 0 follows, 30 sequences, length 22
# corresponding to MSA columns:
# 142-163
name=unknown_A
#
# <colnr> <probs for GDERKNQSTAVLIFYWHMCP>
#	G	D	E	R	K	N	Q	S	T	A	V	L	I	F	Y	W	H	M	C	P
0	0.10849	0.01554	0.08778	0.07657	0.10803	0.06541	0.02710	0.01998	0.06660	0.05704	0.01947	0.02459	0.05208	0.08986	0.14769	0.00436	0.00988	0.00700	0.00433	0.00820
1	0.01554	0.10065	0.12007	0.07854	0.05050	0.03057	0.01315	0.07645	0.10922	0.04618	0.05395	0.13039	0.02111	0.06652	0.03375	0.00284	0.00746	0.00861	0.00501	0.02950
2	0.09965	0.12843	0.16521	0.01935	0.15883	0.01622	0.01518	0.05397	0.05959	0.05146	0.01960	0.08373	0.05646	0.00875	0.00644	0.00210	0.00721	0.00717	0.00446	0.03619
3	0.01599	0.10003	0.22191	0.01807	0.07741	0.01581	0.03930	0.02155	0.06563	0.08283	0.06522	0.06145	0.01928	0.00994	0.00899	0.00235	0.09607	0.06428	0.00464	0.00924
4	0.01220	0.00866	0.01215	0.01457	0.12169	0.00806	0.00902	0.01459	0.01628	0.08292	0.20028	0.29744	0.14335	0.01574	0.00816	0.00243	0.00463	0.01403	0.00648	0.00732
5	0.01649	0.01509	0.01701	0.07319	0.07326	0.07467	0.01101	0.06824	0.01636	0.02341	0.01264	0.01502	0.01030	0.00581	0.00568	0.00136	0.00658	0.00465	0.00416	0.54505
6	0.07511	0.10800	0.09904	0.07212	0.21963	0.01599	0.05673	0.04080	0.01561	0.06821	0.01491	0.06075	0.01264	0.00733	0.00639	0.00198	0.00766	0.00637	0.00410	0.10662
7	0.04204	0.18827	0.11770	0.14071	0.09036	0.15625	0.01574	0.05133	0.01639	0.06377	0.01306	0.01637	0.01056	0.04062	0.00744	0.00217	0.00906	0.00534	0.00379	0.00902
8	0.01042	0.06863	0.01125	0.00968	0.01156	0.00874	0.00734	0.01383	0.06813	0.02119	0.18757	0.29874	0.18364	0.01693	0.00817	0.00247	0.00431	0.05426	0.00650	0.00664
9	0.28096	0.06853	0.01570	0.01169	0.01612	0.01541	0.00963	0.18270	0.01944	0.16659	0.07395	0.07512	0.01832	0.00914	0.00617	0.00215	0.00593	0.00697	0.00615	0.00932
10	0.01858	0.01650	0.02450	0.06184	0.39174	0.06979	0.07143	0.04898	0.03707	0.08344	0.01579	0.02086	0.01316	0.08433	0.00996	0.00259	0.00847	0.00678	0.00424	0.00995
11	0.01696	0.01669	0.02973	0.07461	0.58685	0.01667	0.11222	0.02137	0.01588	0.02250	0.01323	0.01755	0.01091	0.00621	0.00709	0.00212	0.00881	0.00649	0.00345	0.01067
12	0.00867	0.00695	0.00775	0.00784	0.00976	0.00602	0.00577	0.01072	0.01647	0.02088	0.21738	0.15735	0.46503	0.01744	0.00833	0.00238	0.00355	0.01493	0.00676	0.00602
13	0.01264	0.01333	0.07690	0.01408	0.01664	0.04589	0.07438	0.06371	0.01543	0.02049	0.03021	0.39363	0.08197	0.01592	0.00984	0.00262	0.08586	0.01381	0.00541	0.00724
14	0.01743	0.11233	0.14309	0.09646	0.24658	0.07570	0.09745	0.06211	0.01685	0.02236	0.03625	0.01718	0.01194	0.00677	0.00672	0.00206	0.00918	0.00605	0.00366	0.00981
15	0.00950	0.01106	0.12272	0.01134	0.01351	0.00749	0.00973	0.01195	0.01386	0.01871	0.03618	0.55965	0.08024	0.01903	0.00853	0.00272	0.00513	0.04628	0.00591	0.00646
16	0.02051	0.01026	0.01296	0.01081	0.01451	0.00938	0.00859	0.08133	0.02003	0.33247	0.20463	0.07713	0.14304	0.01222	0.00762	0.00223	0.00493	0.01031	0.00778	0.00923
17	0.02072	0.04742	0.14446	0.11896	0.09173	0.28985	0.01712	0.07293	0.01797	0.05101	0.01258	0.01515	0.00978	0.00739	0.00755	0.00207	0.05499	0.00533	0.00382	0.00916
18	0.08437	0.08963	0.30035	0.13213	0.04992	0.01608	0.01811	0.01988	0.01430	0.04878	0.01773	0.04447	0.06424	0.00846	0.00771	0.00225	0.06244	0.00649	0.00374	0.00893
19	0.02074	0.01881	0.02772	0.02129	0.02669	0.13561	0.31380	0.05248	0.07064	0.14584	0.01915	0.02441	0.01499	0.00815	0.00768	0.00229	0.00975	0.06525	0.00512	0.00959
20	0.01786	0.09969	0.02265	0.01702	0.02094	0.22995	0.14938	0.02300	0.10891	0.02080	0.07976	0.13793	0.02199	0.01009	0.00720	0.00216	0.00871	0.00883	0.00481	0.00833
21	0.01387	0.04985	0.22261	0.08442	0.07715	0.07336	0.04641	0.01806	0.01493	0.01996	0.05041	0.19950	0.03930	0.01129	0.00816	0.00235	0.04622	0.00961	0.00426	0.00829

[dist]
# distance from previous block
# <min> <max>
17	37

[block]
# block no. 1 follows, 30 sequences, length 10
# corresponding to MSA columns:
# 203-212
name=unknown_B
#
# <colnr> <probs for GDERKNQSTAVLIFYWHMCP>
#	G	D	E	R	K	N	Q	S	T	A	V	L	I	F	Y	W	H	M	C	P
0	0.01527	0.16139	0.05914	0.01394	0.05224	0.04132	0.03532	0.01814	0.01628	0.08768	0.18576	0.10911	0.09659	0.01164	0.00833	0.00219	0.06255	0.00957	0.00543	0.00808
1	0.16367	0.40668	0.09244	0.01831	0.15628	0.02215	0.01428	0.02104	0.01414	0.02097	0.01064	0.01275	0.00910	0.00617	0.00513	0.00180	0.00751	0.00437	0.00332	0.00924
2	0.01616	0.05549	0.10588	0.01366	0.04179	0.05013	0.01162	0.14938	0.01835	0.03884	0.04951	0.03307	0.10637	0.13087	0.01161	0.00283	0.00704	0.05816	0.00515	0.09408
3	0.06153	0.17782	0.04449	0.01327	0.01775	0.04440	0.01129	0.23730	0.06860	0.06743	0.01966	0.13633	0.01791	0.04216	0.00781	0.00230	0.00690	0.00801	0.00561	0.00942
4	0.59153	0.01642	0.07139	0.01244	0.01760	0.01651	0.06468	0.09336	0.01476	0.03121	0.01107	0.01281	0.00838	0.00665	0.00511	0.00217	0.00656	0.00452	0.00443	0.00840
5	0.01182	0.00823	0.00965	0.00920	0.01003	0.00863	0.00603	0.08418	0.01295	0.01748	0.02176	0.07627	0.02374	0.52518	0.13967	0.00675	0.00860	0.00981	0.00457	0.00545
6	0.05397	0.07081	0.01240	0.01027	0.01258	0.06751	0.00804	0.01554	0.04230	0.02328	0.30555	0.13435	0.12989	0.01428	0.00773	0.00230	0.00499	0.07095	0.00635	0.00690
7	0.01423	0.15954	0.01830	0.09003	0.01853	0.01382	0.01028	0.06777	0.01624	0.02237	0.15293	0.04619	0.02343	0.01608	0.12839	0.00336	0.00815	0.00718	0.00472	0.17847
8	0.07348	0.17678	0.19424	0.01219	0.01713	0.01407	0.01251	0.01695	0.01561	0.02221	0.18853	0.09956	0.10855	0.01108	0.00678	0.00213	0.00623	0.00908	0.00496	0.00794
9	0.01715	0.26116	0.03964	0.01354	0.05258	0.07400	0.01102	0.13220	0.01887	0.02364	0.12317	0.02886	0.13188	0.03479	0.00743	0.00209	0.00675	0.00769	0.00503	0.00853

[dist]
# distance from previous block
# <min> <max>
1	44

[block]
# block no. 2 follows, 30 sequences, length 15
# corresponding to MSA columns:
# 257-271
name=unknown_C
#
# <colnr> <probs for GDERKNQSTAVLIFYWHMCP>
#	G	D	E	R	K	N	Q	S	T	A	V	L	I	F	Y	W	H	M	C	P
0	0.01455	0.06675	0.10438	0.01236	0.01579	0.05357	0.01069	0.14391	0.01768	0.02295	0.02940	0.26915	0.10469	0.08948	0.01042	0.00280	0.00650	0.01175	0.00548	0.00771
1	0.07617	0.01326	0.01501	0.01241	0.01680	0.01364	0.00994	0.13333	0.20468	0.21577	0.10569	0.02761	0.06108	0.00964	0.00695	0.00216	0.00558	0.00783	0.00716	0.05528
2	0.01999	0.31290	0.02449	0.01331	0.01792	0.16873	0.01141	0.15524	0.01992	0.02371	0.10138	0.02154	0.06535	0.00855	0.00609	0.00182	0.00779	0.00627	0.00474	0.00886
3	0.01498	0.11018	0.16771	0.01426	0.04417	0.04077	0.01280	0.03973	0.08830	0.06240	0.02488	0.19344	0.05769	0.08581	0.00994	0.00272	0.00694	0.00985	0.00504	0.00838
4	0.00861	0.00708	0.00757	0.00745	0.00965	0.00605	0.00559	0.01072	0.01676	0.02089	0.21269	0.06381	0.56513	0.01691	0.00824	0.00232	0.00348	0.01426	0.00675	0.00605
5	0.13525	0.00778	0.00918	0.00970	0.01105	0.00789	0.00719	0.01252	0.01344	0.02032	0.09813	0.24930	0.06414	0.06979	0.01306	0.13214	0.00508	0.12283	0.00553	0.00567
6	0.06079	0.07387	0.17904	0.01950	0.07756	0.01813	0.09217	0.19174	0.01936	0.08799	0.01450	0.01654	0.01081	0.00817	0.00878	0.03001	0.07031	0.00598	0.00467	0.01008
7	0.01627	0.11134	0.02797	0.03049	0.37472	0.04372	0.12622	0.01991	0.01552	0.02090	0.01675	0.13214	0.01616	0.00864	0.00710	0.00215	0.00825	0.00831	0.00389	0.00955
8	0.01154	0.00833	0.01034	0.01094	0.01224	0.00835	0.00788	0.11700	0.01662	0.02216	0.03493	0.58747	0.04033	0.01955	0.00865	0.00274	0.00479	0.06287	0.00655	0.00670
9	0.05836	0.07273	0.07351	0.25621	0.16556	0.14829	0.08739	0.02151	0.01563	0.02003	0.01210	0.01608	0.00957	0.00663	0.00663	0.00211	0.00970	0.00573	0.00335	0.00888
10	0.01492	0.09806	0.22421	0.07046	0.10619	0.06493	0.10744	0.01978	0.01604	0.02133	0.09815	0.02496	0.08696	0.00847	0.00701	0.00213	0.00857	0.00741	0.00405	0.00893
11	0.01435	0.01388	0.02184	0.02737	0.33930	0.04496	0.09353	0.01768	0.01588	0.02130	0.06194	0.15858	0.11737	0.01107	0.00765	0.00228	0.00720	0.01036	0.00466	0.00880
12	0.01875	0.01714	0.10377	0.01543	0.06619	0.04697	0.01241	0.19351	0.10013	0.09430	0.02588	0.02916	0.10458	0.12700	0.01158	0.00290	0.00718	0.00801	0.00575	0.00937
13	0.01895	0.04246	0.14383	0.07310	0.16006	0.12634	0.06882	0.12492	0.04045	0.04789	0.01617	0.07573	0.01363	0.00824	0.00699	0.00215	0.00902	0.00704	0.00444	0.00977
14	0.04526	0.07598	0.09931	0.07031	0.08330	0.06366	0.03729	0.08162	0.09801	0.10364	0.02140	0.05478	0.06245	0.00866	0.00671	0.00208	0.00744	0.00714	0.00511	0.06586

[dist]
# distance from previous block
# <min> <max>
0	25

[block]
# block no. 3 follows, 30 sequences, length 93
# corresponding to MSA columns:
# 297-322,324-390
name=unknown_D
#
# <colnr> <probs for GDERKNQSTAVLIFYWHMCP>
#	G	D	E	R	K	N	Q	S	T	A	V	L	I	F	Y	W	H	M	C	P
0	0.01677	0.08101	0.07859	0.01859	0.07665	0.03803	0.15490	0.02335	0.12772	0.07365	0.03624	0.04982	0.06431	0.00831	0.00692	0.00204	0.00758	0.00757	0.00489	0.12307
1	0.03750	0.02190	0.20546	0.02219	0.15705	0.07621	0.07036	0.08385	0.06587	0.03946	0.04781	0.02346	0.01601	0.00829	0.00704	0.00220	0.00854	0.05842	0.02239	0.02601
2	0.02102	0.11898	0.15654	0.01530	0.02125	0.06542	0.01451	0.24535	0.10867	0.08428	0.04445	0.02004	0.03696	0.00832	0.00664	0.00207	0.00778	0.00638	0.00560	0.01044
3	0.02001	0.16407	0.10789	0.01963	0.13028	0.08358	0.03672	0.13485	0.06572	0.08461	0.01712	0.07455	0.01433	0.00833	0.00658	0.00205	0.00805	0.00679	0.00485	0.01001
4	0.01134	0.00851	0.01166	0.01251	0.06122	0.00813	0.03232	0.04493	0.01563	0.04399	0.11463	0.33746	0.14855	0.07669	0.03648	0.00317	0.00544	0.01449	0.00612	0.00674
5	0.01691	0.13230	0.01805	0.01230	0.01666	0.07082	0.01005	0.13901	0.04893	0.02433	0.02181	0.13820	0.05181	0.01036	0.00658	0.00190	0.00641	0.04862	0.00518	0.21976
6	0.01962	0.06720	0.18458	0.05121	0.04687	0.06566	0.04546	0.12380	0.01851	0.11644	0.01491	0.01626	0.01094	0.00680	0.00635	0.00186	0.00812	0.00544	0.00467	0.18531
7	0.01662	0.01524	0.02506	0.05577	0.49538	0.01540	0.04843	0.07263	0.01716	0.02404	0.04386	0.07925	0.01715	0.00847	0.00730	0.00220	0.00782	0.03380	0.00425	0.01016
8	0.01016	0.00770	0.00946	0.00921	0.01104	0.00732	0.00695	0.01432	0.07219	0.02540	0.46167	0.11493	0.16150	0.01533	0.00827	0.00234	0.00372	0.04447	0.00728	0.00674
9	0.01316	0.01409	0.07537	0.21914	0.10692	0.01351	0.08989	0.01780	0.03563	0.02186	0.17289	0.03016	0.08813	0.00981	0.00861	0.00232	0.05932	0.00862	0.00463	0.00817
10	0.01565	0.05400	0.22846	0.02383	0.21282	0.01455	0.07512	0.02050	0.01525	0.05500	0.01608	0.09186	0.01408	0.00787	0.00678	0.00204	0.00813	0.00710	0.00395	0.12695
11	0.01123	0.00715	0.00914	0.00901	0.01063	0.00670	0.00679	0.01416	0.01772	0.05659	0.41954	0.15444	0.05125	0.01455	0.00785	0.00227	0.00374	0.05853	0.13205	0.00666
12	0.00999	0.00739	0.01076	0.01076	0.01184	0.00847	0.00815	0.01217	0.01108	0.01586	0.01911	0.02974	0.01845	0.14168	0.63914	0.01065	0.01717	0.00782	0.00380	0.00598
13	0.02032	0.01838	0.07392	0.07405	0.05910	0.06143	0.01398	0.16895	0.31872	0.08415	0.02147	0.02113	0.01576	0.00844	0.00696	0.00223	0.00727	0.00683	0.00614	0.01078
14	0.02012	0.10269	0.18223	0.01445	0.02028	0.01573	0.01412	0.13245	0.10404	0.18028	0.07503	0.06979	0.01976	0.00925	0.00687	0.00216	0.00703	0.00750	0.00599	0.01025
15	0.00925	0.00730	0.00846	0.00870	0.01075	0.00651	0.00688	0.01164	0.01672	0.02116	0.19281	0.06667	0.42910	0.01734	0.00855	0.00251	0.00413	0.15865	0.00671	0.00615
16	0.64470	0.01316	0.01148	0.00984	0.01439	0.01454	0.00811	0.02330	0.01355	0.17252	0.01339	0.01390	0.00956	0.00692	0.00488	0.00216	0.00551	0.00445	0.00521	0.00845
17	0.03915	0.07798	0.21335	0.01627	0.04392	0.01390	0.09199	0.04907	0.01644	0.04138	0.11878	0.06911	0.04288	0.00883	0.00682	0.00202	0.00738	0.00767	0.00462	0.12844
18	0.01195	0.01138	0.06667	0.01115	0.01277	0.06532	0.00884	0.01330	0.01156	0.01539	0.01744	0.02915	0.01738	0.22849	0.31930	0.13063	0.01239	0.00755	0.00369	0.00567
19	0.00914	0.00653	0.00883	0.01045	0.01114	0.00622	0.00759	0.01083	0.01399	0.01853	0.03811	0.59307	0.04475	0.02126	0.00908	0.00292	0.00460	0.17064	0.00647	0.00585
20	0.02527	0.01722	0.02233	0.01850	0.07093	0.01797	0.08859	0.37650	0.06778	0.19285	0.01938	0.01919	0.01348	0.00807	0.00713	0.00215	0.00765	0.00676	0.00673	0.01149
21	0.01657	0.01533	0.02389	0.15203	0.32683	0.01693	0.04264	0.09628	0.01671	0.02311	0.01739	0.02114	0.06583	0.00844	0.00962	0.00231	0.12443	0.00695	0.00398	0.00957
22	0.00999	0.00739	0.01079	0.01079	0.01189	0.00849	0.00820	0.01219	0.01109	0.01589	0.01908	0.02956	0.01838	0.13480	0.64591	0.01069	0.01729	0.00779	0.00380	0.00600
23	0.01592	0.01512	0.02528	0.27134	0.45868	0.01626	0.02025	0.02098	0.04800	0.02146	0.01362	0.01813	0.01097	0.00662	0.00694	0.00217	0.00849	0.00629	0.00351	0.00996
24	0.02374	0.01809	0.02119	0.01972	0.13009	0.01965	0.01403	0.52881	0.02909	0.03935	0.07091	0.01964	0.01601	0.00850	0.00707	0.00210	0.00743	0.00677	0.00648	0.01132
25	0.80405	0.01350	0.01026	0.00918	0.01350	0.01565	0.00756	0.02051	0.01188	0.03131	0.00972	0.01134	0.00756	0.00648	0.00432	0.00216	0.00540	0.00378	0.00432	0.00756
26	0.14593	0.01635	0.02360	0.12456	0.43857	0.04237	0.01804	0.06754	0.01631	0.02481	0.01265	0.01627	0.01024	0.00654	0.00648	0.00211	0.00806	0.00576	0.00380	0.01001
27	0.00905	0.00647	0.00871	0.01023	0.01090	0.00613	0.00732	0.01071	0.01413	0.01882	0.06870	0.59976	0.04599	0.02106	0.00901	0.00287	0.00443	0.13335	0.00652	0.00584
28	0.01460	0.01286	0.01556	0.01160	0.01682	0.01122	0.00938	0.01745	0.01387	0.02180	0.01189	0.01460	0.01015	0.00629	0.00798	0.00135	0.12200	0.00445	0.00396	0.67219
29	0.01688	0.01643	0.02876	0.09686	0.60516	0.01658	0.07395	0.02121	0.01578	0.02237	0.01315	0.01750	0.01088	0.00625	0.00702	0.00211	0.00865	0.00638	0.00343	0.01066
30	0.03131	0.01188	0.01619	0.01242	0.01781	0.01026	0.01026	0.03401	0.01997	0.71606	0.02753	0.02375	0.01727	0.00864	0.00702	0.00216	0.00594	0.00702	0.00864	0.01188
31	0.00977	0.00666	0.00800	0.00856	0.00879	0.00655	0.00534	0.01033	0.01145	0.01523	0.02758	0.24180	0.03213	0.50120	0.02637	0.00543	0.00599	0.05902	0.00500	0.00478
32	0.01661	0.01529	0.02310	0.13782	0.39405	0.01636	0.01771	0.04367	0.18514	0.02410	0.01905	0.02149	0.03935	0.00763	0.00702	0.00219	0.00756	0.00695	0.00452	0.01039
33	0.00951	0.00713	0.00855	0.00839	0.01005	0.00650	0.00622	0.01191	0.01709	0.02284	0.37730	0.05780	0.25630	0.10985	0.01181	0.00290	0.00403	0.05899	0.00678	0.00606
34	0.00840	0.00646	0.00770	0.00869	0.00985	0.00575	0.00602	0.00983	0.01435	0.01822	0.05101	0.48418	0.30407	0.02023	0.00865	0.00265	0.00385	0.01785	0.00648	0.00575
35	0.01374	0.01157	0.01365	0.01009	0.01557	0.00887	0.00800	0.01687	0.01531	0.02357	0.12262	0.02044	0.01914	0.00661	0.00565	0.00122	0.00487	0.00548	0.00470	0.67202
36	0.01705	0.01701	0.02422	0.30660	0.35136	0.09835	0.01942	0.04489	0.01620	0.02099	0.01271	0.01722	0.01017	0.00670	0.00687	0.00214	0.00915	0.00601	0.00346	0.00947
37	0.01206	0.00869	0.01085	0.01138	0.01287	0.00879	0.00858	0.11838	0.01696	0.02252	0.03407	0.45210	0.03857	0.04568	0.00974	0.00295	0.00528	0.16732	0.00646	0.00678
38	0.01674	0.02110	0.20448	0.02053	0.10154	0.01639	0.09207	0.11851	0.05983	0.02558	0.03990	0.01789	0.01290	0.00760	0.00854	0.00211	0.08889	0.00618	0.00429	0.13494
39	0.02358	0.02570	0.02047	0.13945	0.09796	0.45544	0.01494	0.02620	0.01842	0.09461	0.01314	0.01530	0.01017	0.00721	0.00655	0.00195	0.01086	0.00524	0.00405	0.00876
40	0.01212	0.00606	0.00909	0.00909	0.00909	0.00606	0.00606	0.00909	0.00909	0.01212	0.01212	0.02121	0.01212	0.02424	0.02727	0.79697	0.00606	0.00606	0.00303	0.00303
41	0.01347	0.02533	0.44503	0.01630	0.02318	0.01319	0.01881	0.04022	0.01469	0.04183	0.01860	0.11790	0.01717	0.07210	0.06648	0.00340	0.00952	0.02991	0.00399	0.00886
42	0.01509	0.20556	0.55871	0.01803	0.02732	0.01888	0.02254	0.02182	0.01460	0.02077	0.01186	0.01390	0.00887	0.00648	0.00613	0.00204	0.00964	0.00482	0.00296	0.00999
43	0.00909	0.00679	0.00837	0.00883	0.01015	0.00619	0.00636	0.01115	0.01599	0.02123	0.25597	0.29097	0.21627	0.05344	0.00984	0.00272	0.00394	0.04996	0.00675	0.00598
44	0.00874	0.00633	0.00826	0.00938	0.01013	0.00585	0.00642	0.01037	0.01470	0.01976	0.16446	0.57845	0.09089	0.02019	0.00874	0.00269	0.00388	0.01818	0.00670	0.00585
45	0.06959	0.01311	0.07397	0.01489	0.01783	0.03425	0.13513	0.01536	0.01395	0.02009	0.08176	0.23628	0.02643	0.03855	0.06577	0.06624	0.05408	0.01102	0.00474	0.00695
46	0.00854	0.00617	0.00800	0.00944	0.00999	0.00572	0.00631	0.00975	0.01345	0.01776	0.04043	0.67467	0.09679	0.04506	0.00971	0.00292	0.00410	0.01913	0.00641	0.00564
47	0.01736	0.01499	0.01578	0.01420	0.01815	0.01736	0.01105	0.03708	0.69862	0.02919	0.02840	0.02604	0.02130	0.00947	0.00710	0.00237	0.00552	0.00789	0.00710	0.01105
48	0.02064	0.06644	0.09492	0.02128	0.07904	0.25660	0.14597	0.10089	0.04169	0.02285	0.01337	0.01586	0.01052	0.00722	0.00750	0.00206	0.04541	0.00585	0.03257	0.00931
49	0.01447	0.01240	0.01447	0.01034	0.01654	0.00930	0.00827	0.01757	0.01447	0.02274	0.01240	0.01447	0.01034	0.00517	0.00517	0.00103	0.00517	0.00413	0.00413	0.79742
50	0.01589	0.02051	0.19477	0.07372	0.13579	0.01629	0.12704	0.08017	0.01643	0.02349	0.04429	0.01830	0.01274	0.00865	0.02726	0.00243	0.09264	0.00642	0.00385	0.07932
51	0.01999	0.02421	0.10039	0.13328	0.08040	0.30565	0.01592	0.09085	0.03696	0.02158	0.01545	0.05222	0.01350	0.00864	0.00692	0.00213	0.00999	0.04895	0.00418	0.00878
52	0.01212	0.00606	0.00909	0.00909	0.00909	0.00606	0.00606	0.00909	0.00909	0.01212	0.01212	0.02121	0.01212	0.02424	0.02727	0.79697	0.00606	0.00606	0.00303	0.00303
53	0.02131	0.01696	0.01801	0.01500	0.01965	0.01921	0.01200	0.31790	0.41136	0.03557	0.02338	0.02203	0.01723	0.00900	0.00705	0.00225	0.00645	0.00720	0.00705	0.01140
54	0.01673	0.01535	0.01809	0.05027	0.14191	0.06339	0.01213	0.05225	0.12438	0.02411	0.01515	0.01696	0.01213	0.00640	0.00603	0.00159	0.00660	0.00531	0.00453	0.40670
55	0.02156	0.02634	0.02805	0.02236	0.02699	0.40083	0.26968	0.02489	0.01780	0.01906	0.01193	0.01517	0.00961	0.00709	0.00835	0.00211	0.07006	0.00605	0.00353	0.00856
56	0.09187	0.01186	0.01551	0.01205	0.01724	0.01057	0.00993	0.03229	0.01932	0.64051	0.04716	0.02365	0.01801	0.00864	0.00684	0.00216	0.00581	0.00693	0.00827	0.01137
57	0.01191	0.00896	0.01150	0.01201	0.01401	0.00921	0.00999	0.01790	0.13114	0.02414	0.21173	0.06292	0.04376	0.01632	0.00884	0.00280	0.00545	0.38330	0.00687	0.00724
58	0.01474	0.01133	0.01306	0.09108	0.01677	0.07155	0.00945	0.06018	0.01434	0.07351	0.01998	0.07969	0.01933	0.22217	0.19117	0.00566	0.03754	0.00848	0.03312	0.00686
59	0.03544	0.03020	0.54545	0.01896	0.02778	0.01506	0.06932	0.02212	0.01510	0.07703	0.01563	0.06890	0.01230	0.00783	0.00688	0.00226	0.00949	0.00655	0.00373	0.00997
60	0.02119	0.01007	0.01324	0.01099	0.01469	0.00919	0.00875	0.02534	0.06782	0.37420	0.31749	0.03601	0.03826	0.01110	0.00754	0.00219	0.00478	0.00947	0.00812	0.00956
61	0.01549	0.01321	0.01408	0.01279	0.01629	0.01485	0.00990	0.03134	0.54478	0.02793	0.11315	0.03355	0.10072	0.01092	0.00736	0.00235	0.00504	0.00919	0.00710	0.00996
62	0.01480	0.01401	0.02292	0.39596	0.26499	0.01580	0.01888	0.01893	0.01440	0.01980	0.01241	0.01759	0.00996	0.00696	0.00796	0.00219	0.06168	0.00604	0.00330	0.07141
63	0.00923	0.00744	0.00834	0.00877	0.01065	0.00683	0.00652	0.01227	0.06356	0.01967	0.07046	0.24623	0.41693	0.01826	0.00845	0.00255	0.00404	0.06702	0.00655	0.00625
64	0.01007	0.00673	0.00763	0.00771	0.00773	0.00671	0.00434	0.01013	0.01030	0.01374	0.02278	0.07946	0.02637	0.71961	0.03424	0.00658	0.00664	0.01061	0.00434	0.00430
65	0.02163	0.01353	0.01522	0.01232	0.01640	0.01420	0.00994	0.31146	0.05498	0.14836	0.12383	0.02553	0.02251	0.00930	0.00675	0.00204	0.00573	0.00747	0.16885	0.00994
66	0.08142	0.02021	0.02010	0.01572	0.02106	0.07708	0.01288	0.58851	0.03030	0.04095	0.01578	0.01604	0.01133	0.00815	0.00674	0.00208	0.00791	0.00596	0.00652	0.01126
67	0.20994	0.02620	0.01682	0.01516	0.01887	0.48049	0.01158	0.04969	0.01838	0.02224	0.05998	0.01524	0.01277	0.00757	0.00599	0.00192	0.01004	0.00496	0.00418	0.00800
68	0.00954	0.00676	0.00899	0.01024	0.01102	0.00650	0.00751	0.01132	0.01422	0.01895	0.08916	0.43280	0.04370	0.10532	0.01213	0.00334	0.00494	0.19148	0.00630	0.00578
69	0.08382	0.02026	0.02007	0.12823	0.10521	0.18193	0.01448	0.22485	0.10345	0.02855	0.01514	0.01682	0.01151	0.00762	0.00662	0.00210	0.00869	0.00584	0.00500	0.00984
70	0.01715	0.16754	0.36894	0.01612	0.02421	0.01766	0.01831	0.09652	0.01685	0.05480	0.01312	0.01465	0.00981	0.00656	0.00605	0.00187	0.00848	0.00494	0.00385	0.13257
71	0.08460	0.01697	0.03916	0.02309	0.23707	0.06484	0.03051	0.14575	0.01983	0.18841	0.01929	0.02003	0.04352	0.00776	0.00674	0.00208	0.00754	0.00645	0.00553	0.03082
72	0.08590	0.22533	0.10620	0.01862	0.10175	0.12400	0.06199	0.02211	0.04832	0.02086	0.01550	0.02294	0.01401	0.00827	0.00636	0.00208	0.00854	0.09437	0.00394	0.00890
73	0.02439	0.01207	0.01522	0.01212	0.01651	0.01148	0.00983	0.15722	0.02244	0.39154	0.21508	0.03029	0.02975	0.01016	0.00735	0.00216	0.00554	0.00844	0.00804	0.01040
74	0.01459	0.02051	0.24331	0.01964	0.02607	0.01365	0.26000	0.02001	0.01553	0.05090	0.02143	0.08960	0.06376	0.00880	0.00735	0.00226	0.00878	0.00855	0.09643	0.00886
75	0.01329	0.01228	0.01901	0.25524	0.25227	0.01309	0.01548	0.01769	0.05132	0.02032	0.02944	0.06138	0.19035	0.01021	0.00737	0.00227	0.00708	0.00904	0.00443	0.00845
76	0.01009	0.00698	0.00872	0.00872	0.00911	0.00737	0.00561	0.01086	0.01048	0.01435	0.02097	0.04004	0.02293	0.53810	0.24883	0.00814	0.01044	0.00932	0.00408	0.00485
77	0.00976	0.00716	0.01027	0.01076	0.01176	0.00785	0.00811	0.01185	0.01200	0.01674	0.02476	0.19340	0.02619	0.09257	0.46178	0.00840	0.01362	0.06245	0.00459	0.00598
78	0.01796	0.01624	0.07142	0.04796	0.07333	0.06584	0.01223	0.19901	0.09090	0.02831	0.01963	0.06624	0.01631	0.03355	0.03429	0.00255	0.00731	0.00728	0.18054	0.00911
79	0.01467	0.01290	0.03933	0.01834	0.14088	0.01338	0.02937	0.06722	0.13855	0.02309	0.02187	0.10784	0.02039	0.07440	0.09086	0.00371	0.06614	0.03815	0.07039	0.00850
80	0.00910	0.00710	0.00825	0.00797	0.00995	0.00625	0.00597	0.01167	0.01792	0.02364	0.40493	0.05927	0.37117	0.01589	0.00824	0.00227	0.00341	0.01362	0.00711	0.00625
81	0.00850	0.00607	0.00810	0.00972	0.01012	0.00567	0.00648	0.00972	0.01336	0.01781	0.03846	0.75020	0.04615	0.02186	0.00891	0.00283	0.00405	0.01984	0.00648	0.00567
82	0.00873	0.00629	0.00858	0.00995	0.01048	0.00614	0.00683	0.01014	0.01303	0.01756	0.03539	0.63792	0.04169	0.02660	0.12048	0.00414	0.00632	0.01792	0.00605	0.00576
83	0.01447	0.01240	0.01447	0.01034	0.01654	0.00930	0.00827	0.01757	0.01447	0.02274	0.01240	0.01447	0.01034	0.00517	0.00517	0.00103	0.00517	0.00413	0.00413	0.79742
84	0.02324	0.01178	0.01434	0.01186	0.01630	0.01129	0.00952	0.03023	0.19741	0.40250	0.03600	0.03264	0.15036	0.01058	0.00727	0.00225	0.00537	0.00872	0.00782	0.01051
85	0.00927	0.00710	0.00841	0.00809	0.00995	0.00633	0.00602	0.01187	0.01797	0.02402	0.44209	0.05763	0.30907	0.04044	0.00915	0.00241	0.00350	0.01334	0.00711	0.00624
86	0.01207	0.01090	0.01788	0.56481	0.03904	0.01317	0.01631	0.01590	0.01381	0.01783	0.01860	0.19257	0.01807	0.01052	0.00744	0.00245	0.00805	0.00944	0.00390	0.00726
87	0.01751	0.21035	0.14607	0.02130	0.13701	0.04531	0.10958	0.05267	0.07462	0.04268	0.01589	0.06802	0.01358	0.00777	0.00656	0.00206	0.00843	0.00675	0.00410	0.00973
88	0.02093	0.53675	0.03143	0.01379	0.01903	0.24169	0.01241	0.02303	0.01589	0.01662	0.01003	0.01162	0.00897	0.00634	0.00503	0.00159	0.00903	0.00396	0.00317	0.00869
89	0.00829	0.00692	0.00722	0.00746	0.00953	0.00586	0.00548	0.00997	0.01553	0.01870	0.06590	0.16866	0.60998	0.01830	0.00835	0.00243	0.00361	0.01549	0.00648	0.00586
90	0.02086	0.01858	0.13227	0.12834	0.02737	0.01606	0.09870	0.22519	0.02121	0.15879	0.01865	0.07011	0.01428	0.00858	0.00722	0.00224	0.00827	0.00743	0.00559	0.01025
91	0.05565	0.01858	0.08365	0.05319	0.16362	0.08161	0.14502	0.08603	0.06575	0.05524	0.01808	0.10865	0.01578	0.00881	0.00724	0.00225	0.00855	0.00809	0.00467	0.00954
92	0.07936	0.02507	0.01938	0.01934	0.10255	0.41186	0.01338	0.09099	0.01865	0.02121	0.01237	0.01629	0.01073	0.06673	0.00978	0.00237	0.06212	0.00539	0.00398	0.00845

[dist]
# distance from previous block
# <min> <max>
0	1

[block]
# block no. 4 follows, 30 sequences, length 31
# corresponding to MSA columns:
# 402-432
name=unknown_E
#
# <colnr> <probs for GDERKNQSTAVLIFYWHMCP>
#	G	D	E	R	K	N	Q	S	T	A	V	L	I	F	Y	W	H	M	C	P
0	0.12051	0.09078	0.02576	0.07379	0.46479	0.06715	0.01799	0.02149	0.01536	0.02259	0.01214	0.01564	0.01014	0.00634	0.00629	0.00202	0.00819	0.00553	0.00351	0.00999
1	0.01688	0.01581	0.02479	0.10542	0.49044	0.01665	0.01890	0.02456	0.16835	0.02373	0.01647	0.01936	0.01317	0.00702	0.00696	0.00216	0.00777	0.00659	0.00423	0.01072
2	0.00850	0.00607	0.00810	0.00972	0.01012	0.00567	0.00648	0.00972	0.01336	0.01781	0.03846	0.75020	0.04615	0.02186	0.00891	0.00283	0.00405	0.01984	0.00648	0.00567
3	0.02395	0.10292	0.10319	0.01762	0.02223	0.57677	0.01478	0.02652	0.01865	0.01760	0.01089	0.01270	0.00897	0.00701	0.00616	0.00182	0.01183	0.00450	0.00346	0.00843
4	0.08777	0.00976	0.01214	0.01141	0.01320	0.01150	0.00900	0.01724	0.09298	0.02171	0.08666	0.02644	0.02076	0.02818	0.31683	0.00611	0.10451	0.00738	0.10927	0.00717
5	0.01418	0.01346	0.01845	0.01604	0.01604	0.01827	0.01292	0.01538	0.01057	0.01610	0.01189	0.02173	0.01261	0.17008	0.02558	0.00384	0.58568	0.00697	0.00330	0.00691
6	0.00893	0.00648	0.00900	0.01015	0.01080	0.00656	0.00713	0.01051	0.01274	0.01734	0.03271	0.54003	0.03781	0.03072	0.21775	0.00527	0.00831	0.01624	0.00568	0.00583
7	0.00999	0.00741	0.01086	0.01086	0.01198	0.00853	0.00828	0.01223	0.01111	0.01593	0.01902	0.02923	0.01823	0.12205	0.65847	0.01077	0.01751	0.00774	0.00379	0.00603
8	0.01433	0.01863	0.18170	0.02438	0.17081	0.01403	0.15618	0.01936	0.01567	0.02177	0.02092	0.03715	0.01997	0.01069	0.00843	0.00256	0.02762	0.22256	0.00432	0.00894
9	0.02804	0.01303	0.01641	0.01303	0.01813	0.01250	0.01062	0.07675	0.16508	0.52678	0.02702	0.02379	0.01778	0.00880	0.00703	0.00220	0.00596	0.00716	0.00820	0.01170
10	0.00850	0.00607	0.00810	0.00972	0.01012	0.00567	0.00648	0.00972	0.01336	0.01781	0.03846	0.75020	0.04615	0.02186	0.00891	0.00283	0.00405	0.01984	0.00648	0.00567
11	0.09248	0.01310	0.01957	0.02770	0.40363	0.01299	0.01494	0.01774	0.01551	0.02243	0.03019	0.03439	0.20486	0.01024	0.00720	0.00223	0.00657	0.05067	0.00457	0.00899
12	0.01712	0.01638	0.02767	0.06751	0.66584	0.01656	0.02103	0.02176	0.03652	0.02281	0.01356	0.01759	0.01130	0.00634	0.00692	0.00209	0.00824	0.00627	0.00355	0.01093
13	0.02893	0.01225	0.01580	0.01226	0.01731	0.01123	0.01008	0.10978	0.02097	0.56789	0.02578	0.02315	0.01669	0.00856	0.00680	0.00210	0.00588	0.00688	0.08633	0.01134
14	0.00913	0.00675	0.00867	0.00990	0.01099	0.00628	0.00734	0.01098	0.01469	0.01909	0.06899	0.44259	0.17053	0.02020	0.00892	0.00281	0.00446	0.16525	0.00651	0.00592
15	0.01007	0.00706	0.00910	0.00910	0.00962	0.00757	0.00609	0.01110	0.01059	0.01463	0.02062	0.03812	0.02209	0.46440	0.32139	0.00860	0.01170	0.00904	0.00403	0.00506
16	0.01698	0.01629	0.02781	0.09144	0.66485	0.01651	0.02127	0.02117	0.01575	0.02245	0.01308	0.01736	0.01093	0.00627	0.00691	0.00209	0.00836	0.00622	0.00343	0.01082
17	0.01706	0.01402	0.01609	0.01183	0.01769	0.01235	0.00958	0.16007	0.01824	0.02705	0.01321	0.01498	0.01062	0.00610	0.00618	0.00133	0.03165	0.00466	0.00470	0.60260
18	0.15524	0.01447	0.01753	0.01871	0.16427	0.03313	0.01228	0.08868	0.12673	0.19773	0.06601	0.02165	0.01752	0.00819	0.00655	0.00215	0.00637	0.00667	0.02591	0.01024
19	0.03131	0.01188	0.01619	0.01242	0.01781	0.01026	0.01026	0.03401	0.01997	0.71606	0.02753	0.02375	0.01727	0.00864	0.00702	0.00216	0.00594	0.00702	0.00864	0.01188
20	0.01153	0.00627	0.00865	0.00865	0.00865	0.00627	0.00551	0.00941	0.00941	0.01255	0.01509	0.02858	0.01611	0.24432	0.02976	0.55891	0.00627	0.00729	0.00339	0.00339
21	0.01008	0.00694	0.00798	0.00817	0.00860	0.00682	0.00516	0.01064	0.01143	0.01494	0.02874	0.05174	0.09723	0.59298	0.02969	0.00590	0.00639	0.08719	0.00472	0.00466
22	0.01679	0.01609	0.02746	0.12421	0.63359	0.01645	0.02118	0.02100	0.01566	0.02222	0.01304	0.01743	0.01085	0.00631	0.00692	0.00210	0.00841	0.00622	0.00341	0.01067
23	0.67299	0.01376	0.01159	0.00998	0.01449	0.01554	0.00822	0.06853	0.01414	0.10015	0.01198	0.01295	0.00882	0.00682	0.00477	0.00215	0.00561	0.00428	0.00493	0.00829
24	0.00864	0.00702	0.00772	0.00817	0.01013	0.00611	0.00618	0.01049	0.01552	0.01892	0.06163	0.17689	0.52509	0.01853	0.00851	0.00253	0.00395	0.09158	0.00647	0.00592
25	0.00903	0.00655	0.00870	0.00972	0.01042	0.00648	0.00677	0.01048	0.01286	0.01722	0.03497	0.46689	0.08292	0.10205	0.15498	0.00489	0.00729	0.03640	0.00570	0.00567
26	0.00917	0.00657	0.00882	0.00966	0.01032	0.00655	0.00667	0.01070	0.01311	0.01791	0.09848	0.43427	0.03926	0.12432	0.16504	0.00507	0.00745	0.01521	0.00572	0.00569
27	0.01447	0.01240	0.01447	0.01034	0.01654	0.00930	0.00827	0.01757	0.01447	0.02274	0.01240	0.01447	0.01034	0.00517	0.00517	0.00103	0.00517	0.00413	0.00413	0.79742
28	0.00896	0.00641	0.00855	0.00975	0.01047	0.00601	0.00682	0.01071	0.01479	0.02000	0.16868	0.56880	0.04958	0.02021	0.00882	0.00274	0.00406	0.06203	0.00671	0.00590
29	0.01672	0.00840	0.01089	0.00989	0.01255	0.00751	0.00753	0.01916	0.01752	0.25328	0.20614	0.21363	0.10528	0.01417	0.00776	0.00232	0.00438	0.01231	0.06254	0.00804
30	0.01289	0.01696	0.19838	0.10192	0.07168	0.01193	0.07509	0.01757	0.03691	0.04464	0.02403	0.30825	0.02472	0.01278	0.00777	0.00248	0.00739	0.01161	0.00479	0.00822

[dist]
# distance from previous block
# <min> <max>
0	1

[block]
# block no. 5 follows, 30 sequences, length 34
# corresponding to MSA columns:
# 434-467
name=unknown_F
#
# <colnr> <probs for GDERKNQSTAVLIFYWHMCP>
#	G	D	E	R	K	N	Q	S	T	A	V	L	I	F	Y	W	H	M	C	P
0	0.01651	0.12917	0.34403	0.10279	0.03052	0.04771	0.13095	0.07755	0.01658	0.02249	0.01267	0.01545	0.00946	0.00662	0.00665	0.00212	0.00991	0.00566	0.00343	0.00972
1	0.40493	0.15392	0.09925	0.01446	0.07548	0.01842	0.01217	0.05440	0.06627	0.02725	0.01209	0.01358	0.00951	0.00670	0.00517	0.00205	0.00671	0.00457	0.00418	0.00890
2	0.01486	0.00829	0.00848	0.00781	0.00998	0.00858	0.00603	0.10829	0.01712	0.02848	0.02194	0.02475	0.01706	0.00816	0.00517	0.00169	0.00386	0.00647	0.68574	0.00724
3	0.01956	0.01708	0.01684	0.01471	0.01882	0.07723	0.01151	0.16389	0.48406	0.03067	0.02501	0.05063	0.01935	0.00953	0.00708	0.00228	0.00648	0.00774	0.00676	0.01076
4	0.01338	0.01219	0.01566	0.01904	0.18914	0.07065	0.01169	0.03814	0.01530	0.02025	0.07837	0.06507	0.12351	0.02588	0.26400	0.00540	0.01104	0.00893	0.00461	0.00774
5	0.01568	0.01495	0.02544	0.31390	0.45263	0.01616	0.02062	0.02002	0.01513	0.02086	0.01284	0.01779	0.01037	0.00651	0.00694	0.00217	0.00868	0.00621	0.00332	0.00977
6	0.01454	0.03228	0.56899	0.02199	0.03159	0.01652	0.17156	0.02216	0.01512	0.02216	0.01288	0.01564	0.00923	0.00646	0.00698	0.00224	0.01063	0.00584	0.00308	0.01011
7	0.06820	0.01083	0.01380	0.01128	0.01563	0.00972	0.00907	0.04369	0.01853	0.48510	0.03345	0.11262	0.11462	0.01127	0.00725	0.00226	0.00540	0.00935	0.00781	0.01010
8	0.01784	0.00966	0.01182	0.01009	0.01352	0.00881	0.00796	0.05026	0.05114	0.26261	0.21883	0.04413	0.23889	0.01287	0.00771	0.00224	0.00457	0.01083	0.00759	0.00864
9	0.00825	0.00707	0.00707	0.00707	0.00943	0.00589	0.00530	0.01001	0.01591	0.01885	0.07069	0.06716	0.70839	0.01767	0.00825	0.00236	0.00353	0.01473	0.00648	0.00589
10	0.00923	0.00693	0.00796	0.00793	0.00932	0.00630	0.00551	0.01096	0.01538	0.02012	0.24396	0.11456	0.29057	0.20302	0.01518	0.00346	0.00432	0.01338	0.00627	0.00566
11	0.73882	0.01515	0.01105	0.00991	0.01417	0.07527	0.00805	0.02113	0.01254	0.03012	0.00981	0.01144	0.00768	0.00654	0.00448	0.00213	0.00600	0.00384	0.00426	0.00760
12	0.02648	0.02087	0.02083	0.01624	0.02163	0.08955	0.01328	0.62438	0.03155	0.04139	0.01618	0.01635	0.01159	0.00826	0.00691	0.00207	0.00815	0.00611	0.00665	0.01150
13	0.00954	0.00712	0.00885	0.00842	0.01022	0.00644	0.00632	0.01251	0.01895	0.02607	0.57408	0.05528	0.20050	0.01498	0.00823	0.00223	0.00334	0.01306	0.00743	0.00644
14	0.00904	0.00665	0.00847	0.00896	0.01015	0.00608	0.00636	0.01120	0.01639	0.02222	0.32311	0.36425	0.14513	0.01811	0.00853	0.00250	0.00366	0.01611	0.00698	0.00608
15	0.02238	0.01507	0.02500	0.15633	0.08718	0.01505	0.18378	0.10753	0.01919	0.26824	0.01875	0.02013	0.01289	0.00739	0.00730	0.00222	0.00845	0.00701	0.00566	0.01041
16	0.01670	0.01599	0.02729	0.14044	0.61811	0.01643	0.02113	0.02091	0.01562	0.02210	0.01302	0.01746	0.01081	0.00632	0.00692	0.00211	0.00843	0.00622	0.00340	0.01059
17	0.01059	0.00837	0.01223	0.01145	0.01364	0.00783	0.06471	0.01386	0.01786	0.02415	0.36384	0.05920	0.14540	0.01550	0.00864	0.00253	0.00495	0.20178	0.00680	0.00668
18	0.02653	0.01955	0.02094	0.01606	0.02164	0.02164	0.01326	0.68796	0.03281	0.04398	0.01675	0.01675	0.01187	0.00838	0.00698	0.00209	0.00768	0.00628	0.00698	0.01187
19	0.00844	0.00703	0.00737	0.00739	0.00957	0.00596	0.00550	0.01036	0.01622	0.01983	0.14085	0.09756	0.60497	0.01749	0.00828	0.00236	0.00353	0.01473	0.00662	0.00596
20	0.01781	0.01373	0.01581	0.01155	0.01759	0.01171	0.00934	0.14639	0.01831	0.06957	0.01417	0.01548	0.01106	0.00599	0.00563	0.00131	0.00569	0.00472	0.00495	0.59919
21	0.01125	0.00754	0.00931	0.00872	0.01089	0.00674	0.00668	0.01404	0.01853	0.08278	0.44319	0.05500	0.24751	0.01495	0.00818	0.00227	0.00369	0.03453	0.00737	0.00682
22	0.01433	0.01342	0.01164	0.01187	0.01345	0.18809	0.00852	0.01596	0.01577	0.05118	0.08608	0.40278	0.03565	0.05738	0.00961	0.00272	0.00648	0.04264	0.00583	0.00660
23	0.01467	0.01365	0.01828	0.01587	0.01680	0.01791	0.01303	0.05294	0.05535	0.01987	0.06368	0.02320	0.06259	0.01601	0.08320	0.00360	0.49009	0.00739	0.00413	0.00775
24	0.15059	0.01070	0.01256	0.01070	0.01434	0.01056	0.00851	0.02423	0.09437	0.26513	0.28153	0.03265	0.03445	0.01050	0.00703	0.00220	0.00480	0.00869	0.00738	0.00906
25	0.02670	0.01441	0.01717	0.01370	0.01877	0.01465	0.01114	0.18425	0.19416	0.38912	0.02529	0.02273	0.01705	0.00879	0.00703	0.00220	0.00623	0.00707	0.00787	0.01166
26	0.02709	0.01194	0.01775	0.01357	0.01864	0.01059	0.08745	0.03023	0.01884	0.54151	0.02533	0.02349	0.01659	0.00825	0.00686	0.00211	0.00624	0.00709	0.11558	0.01086
27	0.02185	0.00935	0.01179	0.00983	0.01304	0.00851	0.00752	0.02408	0.01638	0.38136	0.02506	0.02933	0.01928	0.17904	0.01299	0.00308	0.00545	0.00760	0.20569	0.00877
28	0.00842	0.00640	0.00776	0.00886	0.00990	0.00574	0.00610	0.00981	0.01419	0.01815	0.04892	0.52863	0.26097	0.02050	0.00869	0.00268	0.00388	0.01818	0.00648	0.00574
29	0.01231	0.01104	0.01364	0.01218	0.01481	0.05805	0.08575	0.05980	0.01689	0.02114	0.08658	0.13860	0.27358	0.07463	0.01046	0.00280	0.00603	0.08903	0.00587	0.00680
30	0.01536	0.11899	0.10749	0.27212	0.17656	0.01739	0.11902	0.02010	0.01489	0.02020	0.01291	0.01722	0.01014	0.00653	0.00668	0.00212	0.00906	0.00606	0.03806	0.00909
31	0.00905	0.00695	0.00821	0.00899	0.01039	0.00633	0.00643	0.02971	0.01507	0.01913	0.05061	0.42440	0.30898	0.01968	0.00862	0.00264	0.00406	0.04826	0.00649	0.00597
32	0.01799	0.00937	0.01071	0.00927	0.01181	0.00928	0.00694	0.10227	0.01694	0.17667	0.02287	0.02932	0.01889	0.19668	0.01334	0.00310	0.00528	0.00751	0.32398	0.00778
33	0.01855	0.01590	0.02622	0.02584	0.20907	0.04612	0.21918	0.02432	0.09519	0.12593	0.01966	0.08196	0.01635	0.03322	0.00845	0.00241	0.00846	0.00834	0.00496	0.00986

[dist]
# distance from previous block
# <min> <max>
1	4

[block]
# block no. 6 follows, 30 sequences, length 39
# corresponding to MSA columns:
# 479-517
name=unknown_G
#
# <colnr> <probs for GDERKNQSTAVLIFYWHMCP>
#	G	D	E	R	K	N	Q	S	T	A	V	L	I	F	Y	W	H	M	C	P
0	0.01577	0.01600	0.04592	0.05295	0.15729	0.03863	0.14036	0.02077	0.05726	0.02264	0.03660	0.01793	0.01285	0.00647	0.00698	0.00178	0.02888	0.00602	0.00405	0.31084
1	0.01239	0.00678	0.00970	0.00923	0.00993	0.00643	0.00631	0.01005	0.00970	0.01332	0.01215	0.02045	0.01192	0.02209	0.02477	0.70696	0.00596	0.00584	0.00316	0.09287
2	0.01545	0.01589	0.01272	0.01219	0.01419	0.22996	0.00878	0.01890	0.09229	0.01809	0.04189	0.12663	0.08749	0.18127	0.08981	0.00416	0.00894	0.00964	0.00490	0.00681
3	0.23471	0.01663	0.01533	0.01252	0.01746	0.09546	0.01002	0.14130	0.10817	0.06716	0.01520	0.01584	0.01152	0.00708	0.00574	0.00185	0.00660	0.00511	0.00526	0.20703
4	0.02243	0.01619	0.01983	0.01557	0.02008	0.04341	0.08751	0.30558	0.06080	0.12365	0.01882	0.01976	0.01370	0.00836	0.00781	0.00212	0.05617	0.00665	0.14136	0.01020
5	0.01444	0.01303	0.01717	0.01435	0.01778	0.05124	0.12475	0.08330	0.13975	0.02576	0.20100	0.11723	0.12586	0.01235	0.00788	0.00232	0.00619	0.01108	0.00627	0.00825
6	0.02308	0.01740	0.01896	0.01519	0.02000	0.01944	0.01237	0.49990	0.14460	0.03830	0.01897	0.01955	0.01412	0.01354	0.08844	0.00317	0.00855	0.00669	0.00663	0.01109
7	0.01210	0.01032	0.01391	0.01265	0.01307	0.01287	0.00970	0.01355	0.01187	0.01725	0.10738	0.04936	0.02356	0.23619	0.12857	0.00523	0.30328	0.00870	0.00420	0.00624
8	0.01128	0.00834	0.00947	0.00937	0.01098	0.00815	0.00678	0.08720	0.01570	0.02018	0.04076	0.17063	0.23713	0.23620	0.01647	0.00382	0.00539	0.09020	0.00586	0.00610
9	0.00989	0.00729	0.00956	0.01087	0.01227	0.00695	0.00876	0.01226	0.01526	0.01962	0.04369	0.27001	0.16680	0.01972	0.00917	0.00294	0.00520	0.35718	0.00645	0.00611
10	0.09483	0.01234	0.01341	0.01238	0.01561	0.01355	0.00988	0.12403	0.24214	0.05115	0.02678	0.11404	0.02408	0.01192	0.00721	0.00242	0.00560	0.12103	0.08863	0.00898
11	0.00966	0.00802	0.00989	0.09087	0.01457	0.00783	0.00773	0.01256	0.03478	0.02115	0.21734	0.11823	0.37195	0.01564	0.00850	0.00237	0.02284	0.01330	0.00633	0.00644
12	0.00894	0.00629	0.00814	0.00945	0.00983	0.00598	0.00626	0.01001	0.01287	0.01713	0.03526	0.58672	0.04193	0.16138	0.01401	0.00360	0.00467	0.04606	0.00605	0.00543
13	0.00886	0.00668	0.00753	0.00802	0.00913	0.00607	0.00536	0.00996	0.01353	0.01705	0.04735	0.26734	0.31763	0.22490	0.01607	0.00373	0.00459	0.01499	0.00585	0.00536
14	0.04890	0.11204	0.02532	0.01852	0.02314	0.35589	0.17227	0.04930	0.01806	0.02061	0.01277	0.01528	0.01026	0.00684	0.00636	0.00190	0.01047	0.00553	0.07805	0.00848
15	0.01727	0.01658	0.02832	0.04283	0.71123	0.01658	0.02142	0.02142	0.01589	0.02280	0.01313	0.01727	0.01105	0.00622	0.00691	0.00207	0.00829	0.00622	0.00345	0.01105
16	0.05780	0.01635	0.02766	0.06805	0.61944	0.01654	0.04956	0.02127	0.01563	0.02302	0.01296	0.01708	0.01078	0.00625	0.00683	0.00210	0.00833	0.00618	0.00349	0.01067
17	0.01181	0.01030	0.01174	0.01154	0.01290	0.08968	0.00871	0.01392	0.01205	0.01597	0.01820	0.02798	0.01746	0.13347	0.56068	0.00960	0.01654	0.00747	0.00378	0.00619
18	0.08056	0.02056	0.01949	0.05565	0.05961	0.18961	0.01317	0.29466	0.02400	0.15103	0.01626	0.01671	0.01163	0.00781	0.00663	0.00205	0.00853	0.00579	0.00586	0.01038
19	0.00920	0.00650	0.00857	0.00997	0.01052	0.00622	0.00699	0.01059	0.01338	0.01775	0.03595	0.53861	0.04228	0.12169	0.01267	0.00344	0.00483	0.12907	0.00616	0.00560
20	0.01612	0.01338	0.01536	0.01112	0.01724	0.01099	0.00895	0.10929	0.01698	0.02564	0.01300	0.01478	0.01055	0.00561	0.00542	0.00118	0.00551	0.00443	0.00452	0.68994
21	0.01433	0.01235	0.01948	0.09877	0.26960	0.01239	0.05090	0.03974	0.03128	0.04640	0.12690	0.11242	0.11418	0.01095	0.00759	0.00227	0.00659	0.00999	0.00515	0.00873
22	0.01863	0.01991	0.12370	0.03237	0.36898	0.04697	0.15888	0.02341	0.01648	0.10076	0.01478	0.01778	0.01127	0.00652	0.00713	0.00215	0.00921	0.00651	0.00399	0.01057
23	0.01964	0.00923	0.01221	0.01027	0.01339	0.00828	0.00793	0.02221	0.01854	0.33817	0.30524	0.03837	0.03827	0.11302	0.01141	0.00280	0.00497	0.00974	0.00764	0.00866
24	0.00885	0.00704	0.00794	0.00783	0.00983	0.00613	0.00583	0.01114	0.01716	0.02210	0.29923	0.09928	0.43960	0.01667	0.00828	0.00232	0.00348	0.01425	0.00691	0.00613
25	0.06052	0.25958	0.18439	0.10020	0.06393	0.06121	0.11247	0.02187	0.01509	0.04289	0.01210	0.01474	0.00951	0.00642	0.00609	0.00198	0.00910	0.00526	0.00339	0.00927
26	0.04517	0.02306	0.32564	0.01990	0.11775	0.01402	0.03690	0.04206	0.01708	0.17795	0.09460	0.02137	0.01755	0.00791	0.00691	0.00218	0.00807	0.00663	0.00499	0.01026
27	0.01298	0.00785	0.00858	0.00831	0.01016	0.00786	0.00621	0.08212	0.01690	0.02625	0.10493	0.15454	0.06553	0.01173	0.00635	0.00198	0.00385	0.00991	0.44708	0.00688
28	0.05639	0.00804	0.01014	0.00936	0.01158	0.00748	0.00710	0.01605	0.01853	0.12445	0.47829	0.12214	0.07550	0.01398	0.00792	0.00226	0.00387	0.01219	0.00746	0.00727
