[name]
unknown

[dist]
# distance from previous block
# <min> <max>
0	43

[block]
# block no. 0 follows, 34 sequences, length 42
# corresponding to MSA columns:
# 48-89
name=unknown_A
#
# <colnr> <probs for GDERKNQSTAVLIFYWHMCP>
#	G	D	E	R	K	N	Q	S	T	A	V	L	I	F	Y	W	H	M	C	P
0	0.01858	0.01194	0.01418	0.01268	0.01621	0.01259	0.01046	0.13798	0.23385	0.18442	0.02680	0.03731	0.02286	0.01124	0.00727	0.00235	0.00578	0.21763	0.00668	0.00920
1	0.01155	0.01013	0.01044	0.00981	0.01204	0.07480	0.00731	0.01617	0.11870	0.02215	0.30190	0.17926	0.09833	0.01279	0.00716	0.00205	0.00445	0.01108	0.00607	0.08382
2	0.01540	0.01028	0.01159	0.00943	0.01320	0.04359	0.00736	0.01809	0.01536	0.14980	0.14286	0.07070	0.02285	0.00833	0.00582	0.00156	0.00461	0.00696	0.12737	0.31485
3	0.50069	0.01442	0.01223	0.05825	0.01573	0.11183	0.00911	0.01846	0.01210	0.02385	0.01165	0.08028	0.01068	0.00798	0.00665	0.00211	0.08785	0.00531	0.00389	0.00692
4	0.01318	0.01107	0.01491	0.01303	0.01561	0.01195	0.07302	0.12052	0.06181	0.02286	0.09855	0.04279	0.17840	0.01289	0.00967	0.00241	0.11572	0.16880	0.00549	0.00731
5	0.01427	0.01357	0.02268	0.21049	0.49648	0.01416	0.01794	0.01801	0.01428	0.01964	0.01710	0.02071	0.07876	0.00694	0.00653	0.00200	0.00748	0.00651	0.00339	0.00904
6	0.01436	0.01055	0.01216	0.01083	0.01347	0.07904	0.00841	0.01660	0.01282	0.12548	0.01705	0.02251	0.01470	0.07135	0.40111	0.00649	0.01228	0.00622	0.00422	0.14037
7	0.02456	0.01810	0.01939	0.01487	0.02004	0.02004	0.01228	0.71107	0.03038	0.04072	0.01551	0.01551	0.01099	0.00776	0.00646	0.00194	0.00711	0.00582	0.00646	0.01099
8	0.00817	0.00591	0.00784	0.00893	0.00948	0.00575	0.00609	0.00941	0.01197	0.01603	0.03325	0.57173	0.07081	0.08045	0.11778	0.00401	0.00589	0.01580	0.00547	0.00523
9	0.00787	0.00655	0.00686	0.00679	0.00887	0.00555	0.00509	0.00972	0.01527	0.01874	0.16614	0.06007	0.62851	0.01589	0.00763	0.00216	0.00324	0.01334	0.00617	0.00555
10	0.01684	0.01352	0.01525	0.01120	0.01677	0.01214	0.00908	0.23060	0.01864	0.02712	0.01273	0.01405	0.01001	0.00570	0.00530	0.00126	0.00550	0.00444	0.00464	0.56520
11	0.01533	0.01468	0.02503	0.16529	0.61217	0.01518	0.01950	0.01925	0.01440	0.02030	0.01204	0.01621	0.00995	0.00588	0.00641	0.00196	0.00784	0.00575	0.00314	0.00970
12	0.01596	0.02161	0.27666	0.02544	0.23266	0.01495	0.16032	0.02221	0.05978	0.08619	0.01426	0.01652	0.01056	0.00622	0.00658	0.00204	0.00863	0.00596	0.00370	0.00975
13	0.02338	0.02870	0.01800	0.01624	0.01967	0.64973	0.01226	0.05231	0.08605	0.01782	0.01176	0.01299	0.00951	0.00690	0.00592	0.00173	0.01086	0.00452	0.00376	0.00788
14	0.01316	0.01284	0.02298	0.49586	0.16040	0.01450	0.12269	0.01745	0.01356	0.01794	0.01271	0.04403	0.01030	0.00668	0.00669	0.00213	0.00862	0.00648	0.00310	0.00787
15	0.01380	0.04976	0.02168	0.25087	0.37247	0.01405	0.01662	0.01757	0.01467	0.02020	0.12750	0.02130	0.01783	0.00716	0.00650	0.00198	0.00718	0.00660	0.00371	0.00855
16	0.02092	0.00968	0.01400	0.01177	0.01538	0.00861	0.05151	0.02329	0.01641	0.43948	0.02893	0.20663	0.04192	0.01185	0.00723	0.00225	0.00539	0.06887	0.00700	0.00890
17	0.00776	0.00646	0.00677	0.00688	0.00885	0.00548	0.00509	0.00943	0.01473	0.01790	0.10488	0.12895	0.62157	0.01653	0.00769	0.00221	0.00330	0.01397	0.00607	0.00548
18	0.00912	0.00674	0.00980	0.00995	0.01092	0.00764	0.00750	0.01110	0.01048	0.01492	0.01934	0.09810	0.01936	0.11150	0.61172	0.00927	0.01501	0.00824	0.00375	0.00555
19	0.01645	0.09785	0.37947	0.05440	0.06104	0.01731	0.06581	0.18758	0.01778	0.02473	0.01242	0.01433	0.00911	0.00642	0.00616	0.00196	0.00866	0.00519	0.00370	0.00964
20	0.00923	0.00692	0.01038	0.01038	0.01154	0.00808	0.00808	0.01154	0.01038	0.01500	0.01731	0.02538	0.01615	0.04846	0.74732	0.01038	0.01731	0.00692	0.00346	0.00577
21	0.00787	0.00562	0.00750	0.00900	0.00937	0.00525	0.00600	0.00900	0.01237	0.01649	0.03561	0.76871	0.04274	0.02024	0.00825	0.00262	0.00375	0.01837	0.00600	0.00525
22	0.00904	0.00644	0.00747	0.00782	0.00853	0.00617	0.00526	0.00991	0.01158	0.01491	0.03322	0.11682	0.17555	0.43611	0.02187	0.00460	0.00536	0.10984	0.00484	0.00465
23	0.01809	0.01922	0.02346	0.03206	0.50413	0.20316	0.01733	0.02229	0.06062	0.02013	0.01250	0.01540	0.01035	0.00618	0.00626	0.00187	0.00853	0.00545	0.00345	0.00953
24	0.01311	0.03240	0.69477	0.01898	0.02834	0.01509	0.06753	0.02048	0.01374	0.02048	0.01169	0.01388	0.00829	0.00609	0.00623	0.00205	0.00963	0.00496	0.00276	0.00950
25	0.81856	0.01250	0.00950	0.00850	0.01250	0.01449	0.00700	0.01899	0.01100	0.02899	0.00900	0.01050	0.00700	0.00600	0.00400	0.00200	0.00500	0.00350	0.00400	0.00700
26	0.01168	0.00772	0.00981	0.00893	0.01098	0.00737	0.00681	0.01613	0.08559	0.09308	0.59554	0.04347	0.05278	0.01229	0.00741	0.00204	0.00348	0.01078	0.00714	0.00695
27	0.00815	0.00607	0.00694	0.00763	0.00892	0.00541	0.00538	0.00967	0.01353	0.01761	0.04762	0.38567	0.34722	0.01736	0.00764	0.00233	0.00347	0.01514	0.07885	0.00541
28	0.00914	0.00660	0.00864	0.00813	0.00965	0.00610	0.00610	0.01219	0.01829	0.02591	0.72921	0.04827	0.06097	0.01321	0.00762	0.00203	0.00305	0.01169	0.00711	0.00610
29	0.00948	0.00654	0.00833	0.00788	0.00941	0.00609	0.00591	0.01253	0.01774	0.02570	0.64679	0.04545	0.05580	0.01255	0.00726	0.00197	0.00304	0.01103	0.10041	0.00609
30	0.01495	0.01871	0.13438	0.02771	0.21694	0.01641	0.31982	0.01965	0.01406	0.01999	0.01192	0.01599	0.00948	0.00652	0.00914	0.00219	0.12364	0.00641	0.00310	0.00899
31	0.01599	0.01535	0.02623	0.03966	0.73262	0.01535	0.01983	0.01983	0.01471	0.02111	0.01215	0.01599	0.01023	0.00576	0.00640	0.00192	0.00768	0.00576	0.00320	0.01023
32	0.02147	0.32470	0.02459	0.01423	0.01864	0.37673	0.01190	0.10300	0.01766	0.01847	0.01023	0.01159	0.00862	0.00634	0.00524	0.00158	0.00925	0.00407	0.00347	0.00821
33	0.09117	0.01343	0.01442	0.01146	0.01608	0.04851	0.00921	0.14551	0.08114	0.12938	0.01585	0.01680	0.01202	0.01053	0.07658	0.00243	0.00690	0.00517	0.00512	0.28827
34	0.01729	0.05539	0.02540	0.03475	0.58907	0.12684	0.01828	0.02071	0.01518	0.02001	0.01167	0.01505	0.00985	0.00588	0.00620	0.00185	0.00824	0.00540	0.00320	0.00972
35	0.00941	0.12307	0.01134	0.00833	0.01028	0.00853	0.00640	0.01114	0.01419	0.01804	0.14534	0.30116	0.27864	0.01562	0.00732	0.00219	0.00396	0.01347	0.00567	0.00591
36	0.01321	0.01571	0.15448	0.01307	0.04496	0.01024	0.03590	0.01702	0.01351	0.02059	0.01298	0.01749	0.01112	0.02858	0.00625	0.00150	0.00613	0.03831	0.00368	0.53528
37	0.01424	0.01207	0.01948	0.32842	0.12628	0.01320	0.08108	0.03344	0.07871	0.07197	0.04172	0.05973	0.05061	0.00840	0.00685	0.00216	0.00735	0.03186	0.00429	0.00812
38	0.01504	0.01565	0.01966	0.01693	0.01724	0.08578	0.01399	0.01648	0.01066	0.01557	0.00862	0.01391	0.00847	0.01089	0.01981	0.00272	0.69309	0.00552	0.00287	0.00711
39	0.01505	0.01459	0.08383	0.01122	0.01724	0.01096	0.00991	0.12207	0.01600	0.02398	0.01211	0.01374	0.00965	0.00537	0.00517	0.00121	0.00559	0.00422	0.00412	0.61397
40	0.01375	0.09055	0.47604	0.01828	0.02533	0.01696	0.08048	0.01941	0.01299	0.01906	0.01089	0.01379	0.00839	0.00706	0.00910	0.00216	0.15900	0.00509	0.00280	0.00888
41	0.00869	0.00693	0.00788	0.00820	0.00983	0.00647	0.00593	0.01190	0.08192	0.01896	0.12386	0.30214	0.35046	0.01664	0.00774	0.00232	0.00359	0.01446	0.00618	0.00591

[dist]
# distance from previous block
# <min> <max>
0	13

[block]
# block no. 1 follows, 34 sequences, length 68
# corresponding to MSA columns:
# 103-170
name=unknown_B
#
# <colnr> <probs for GDERKNQSTAVLIFYWHMCP>
#	G	D	E	R	K	N	Q	S	T	A	V	L	I	F	Y	W	H	M	C	P
0	0.08661	0.12147	0.06001	0.01298	0.01798	0.22392	0.01105	0.11499	0.01703	0.04161	0.01145	0.01279	0.00912	0.00609	0.00528	0.00153	0.00766	0.00424	0.00397	0.23021
1	0.00847	0.00652	0.00775	0.00767	0.00936	0.00580	0.00573	0.01079	0.01628	0.02157	0.38745	0.11506	0.32634	0.01518	0.00771	0.00217	0.00327	0.03059	0.00654	0.00576
2	0.01388	0.01217	0.01565	0.01121	0.01700	0.00959	0.06678	0.03661	0.01404	0.02159	0.01173	0.01380	0.00963	0.00493	0.00507	0.00109	0.00537	0.00420	0.00386	0.72180
3	0.02414	0.03079	0.01831	0.01665	0.01998	0.74698	0.01248	0.02580	0.01831	0.01581	0.00999	0.01165	0.00832	0.00666	0.00583	0.00166	0.01165	0.00416	0.00333	0.00749
4	0.00787	0.00562	0.00750	0.00900	0.00937	0.00525	0.00600	0.00900	0.01237	0.01649	0.03561	0.76871	0.04274	0.02024	0.00825	0.00262	0.00375	0.01837	0.00600	0.00525
5	0.01429	0.01458	0.02224	0.01834	0.01921	0.01933	0.10698	0.01624	0.01061	0.01624	0.00909	0.01458	0.00866	0.01053	0.01939	0.00274	0.66088	0.00592	0.00289	0.00729
6	0.00900	0.00660	0.00844	0.00798	0.00956	0.00604	0.00598	0.01191	0.01795	0.02510	0.66585	0.04959	0.12482	0.01351	0.00762	0.00205	0.00307	0.01187	0.00701	0.00604
7	0.01005	0.00718	0.01000	0.01149	0.01282	0.00713	0.00979	0.01276	0.01452	0.01893	0.03441	0.17166	0.03797	0.01819	0.00883	0.00293	0.00564	0.59390	0.00596	0.00585
8	0.01007	0.00719	0.01002	0.01151	0.01285	0.00714	0.00982	0.01280	0.01454	0.01896	0.03440	0.16583	0.03793	0.01817	0.00883	0.00293	0.00566	0.59952	0.00596	0.00586
9	0.01467	0.01099	0.01238	0.01130	0.01436	0.01183	0.00888	0.02570	0.39568	0.09104	0.16140	0.03629	0.09911	0.01104	0.00707	0.00221	0.00465	0.06601	0.00670	0.00870
10	0.00987	0.00697	0.00960	0.01105	0.01228	0.00688	0.00921	0.01241	0.01425	0.01881	0.03415	0.23392	0.03787	0.01810	0.00864	0.00285	0.00535	0.51217	0.02984	0.00579
11	0.01389	0.01320	0.02242	0.43842	0.35031	0.01480	0.01878	0.01798	0.01372	0.01855	0.01178	0.01668	0.00933	0.00615	0.00643	0.00205	0.00820	0.00575	0.00302	0.00854
12	0.02411	0.01788	0.01914	0.01478	0.01987	0.01983	0.01217	0.67542	0.06676	0.04000	0.01608	0.01597	0.01145	0.00781	0.00647	0.00195	0.00700	0.00590	0.00647	0.01095
13	0.00787	0.00562	0.00750	0.00900	0.00937	0.00525	0.00600	0.00900	0.01237	0.01649	0.03561	0.76871	0.04274	0.02024	0.00825	0.00262	0.00375	0.01837	0.00600	0.00525
14	0.01466	0.01619	0.08813	0.02683	0.35791	0.05625	0.05978	0.01948	0.07351	0.02005	0.01641	0.11718	0.01522	0.01019	0.04049	0.00247	0.04497	0.00755	0.00382	0.00890
15	0.02312	0.01738	0.01858	0.01457	0.01949	0.01936	0.01193	0.59608	0.14773	0.03839	0.01735	0.01697	0.01247	0.00793	0.00648	0.00198	0.00677	0.00607	0.00648	0.01086
16	0.01389	0.01311	0.02252	0.27637	0.37027	0.01400	0.05768	0.01780	0.01408	0.01922	0.01481	0.04697	0.01325	0.00758	0.00679	0.00213	0.00789	0.06963	0.00344	0.00856
17	0.09378	0.11956	0.11747	0.02003	0.16566	0.29879	0.01481	0.06201	0.01632	0.02010	0.01075	0.01276	0.00872	0.00626	0.00564	0.00178	0.00908	0.00451	0.00339	0.00858
18	0.00971	0.00739	0.01023	0.00990	0.01072	0.00847	0.00738	0.01149	0.01116	0.01592	0.11231	0.03142	0.02318	0.21285	0.41105	0.00759	0.08172	0.00803	0.00400	0.00549
19	0.00951	0.00653	0.00831	0.00786	0.00939	0.00609	0.00590	0.01255	0.01769	0.02568	0.63998	0.04522	0.05537	0.01249	0.00723	0.00197	0.00304	0.01097	0.10813	0.00609
20	0.01327	0.07828	0.36674	0.01451	0.02085	0.01441	0.01607	0.02227	0.19965	0.02199	0.08176	0.02361	0.08265	0.00834	0.00637	0.00205	0.00705	0.00675	0.00442	0.00896
21	0.01307	0.03163	0.67274	0.01828	0.02695	0.01545	0.02297	0.02001	0.01329	0.02001	0.01131	0.01369	0.00821	0.00662	0.00754	0.00212	0.07921	0.00486	0.00274	0.00932
22	0.01562	0.01547	0.01965	0.02472	0.32017	0.12595	0.01469	0.04137	0.01521	0.02004	0.07481	0.04361	0.01782	0.01091	0.04349	0.00253	0.10705	0.07460	0.00397	0.00831
23	0.00962	0.00648	0.00818	0.00818	0.00877	0.00691	0.00553	0.01081	0.01021	0.01470	0.01930	0.03401	0.02001	0.42000	0.29597	0.00728	0.01003	0.00811	0.09105	0.00483
24	0.02306	0.02854	0.01782	0.01618	0.01955	0.64934	0.01218	0.02694	0.11217	0.01731	0.01217	0.01332	0.00985	0.00694	0.00593	0.00173	0.01078	0.00458	0.00376	0.00786
25	0.01122	0.00561	0.00842	0.00842	0.00842	0.00561	0.00561	0.00842	0.00842	0.01122	0.01122	0.01964	0.01122	0.02245	0.02525	0.81201	0.00561	0.00561	0.00281	0.00281
26	0.01509	0.01649	0.03407	0.09042	0.15024	0.01610	0.51763	0.02006	0.01482	0.02027	0.01266	0.01708	0.00974	0.00574	0.00769	0.00215	0.03062	0.00710	0.00321	0.00879
27	0.01372	0.01353	0.01900	0.01641	0.01651	0.01881	0.01363	0.01521	0.00994	0.01550	0.00922	0.01508	0.00913	0.01443	0.08227	0.00346	0.69854	0.00576	0.00288	0.00696
28	0.01564	0.01742	0.01974	0.01726	0.03669	0.23170	0.15018	0.01791	0.01428	0.01705	0.01749	0.22408	0.01827	0.01110	0.00994	0.00227	0.15877	0.00914	0.00396	0.00709
29	0.00923	0.00692	0.01038	0.01038	0.01154	0.00808	0.00808	0.01154	0.01038	0.01500	0.01731	0.02538	0.01615	0.04846	0.74732	0.01038	0.01731	0.00692	0.00346	0.00577
30	0.00930	0.00666	0.00907	0.00907	0.00977	0.00736	0.00644	0.01069	0.01000	0.01403	0.01851	0.03204	0.01904	0.33367	0.46605	0.00876	0.01296	0.00790	0.00364	0.00504
31	0.01121	0.00908	0.00991	0.00943	0.01154	0.00950	0.00691	0.01873	0.26886	0.02121	0.13693	0.09654	0.20538	0.14211	0.01159	0.00289	0.00445	0.01071	0.00601	0.00699
32	0.00787	0.00562	0.00750	0.00900	0.00937	0.00525	0.00600	0.00900	0.01237	0.01649	0.03561	0.76871	0.04274	0.02024	0.00825	0.00262	0.00375	0.01837	0.00600	0.00525
33	0.01740	0.01687	0.01669	0.01707	0.10753	0.13733	0.01181	0.03109	0.51530	0.02442	0.02181	0.02102	0.01664	0.00804	0.00643	0.00207	0.00652	0.00659	0.00561	0.00977
34	0.01968	0.30521	0.02323	0.01331	0.01789	0.34778	0.01110	0.02171	0.01551	0.01651	0.00988	0.01148	0.00853	0.00591	0.00502	0.00143	0.00867	0.00384	0.00321	0.15010
35	0.01408	0.02907	0.52919	0.01974	0.02809	0.04801	0.15564	0.02155	0.05502	0.02068	0.01266	0.01489	0.00917	0.00618	0.00644	0.00206	0.00965	0.00545	0.00308	0.00933
36	0.81856	0.01250	0.00950	0.00850	0.01250	0.01449	0.00700	0.01899	0.01100	0.02899	0.00900	0.01050	0.00700	0.00600	0.00400	0.00200	0.00500	0.00350	0.00400	0.00700
37	0.00836	0.00667	0.00755	0.00761	0.00954	0.00586	0.00590	0.01052	0.01563	0.01979	0.22634	0.06008	0.47656	0.01577	0.00779	0.00224	0.00355	0.09827	0.00627	0.00568
38	0.01296	0.03342	0.73944	0.01842	0.02797	0.01501	0.02387	0.02046	0.01364	0.02046	0.01160	0.01364	0.00818	0.00614	0.00614	0.00205	0.00955	0.00477	0.00273	0.00955
39	0.00957	0.00712	0.00984	0.00968	0.01039	0.00816	0.00707	0.01107	0.01003	0.01423	0.01779	0.03024	0.01810	0.28255	0.47241	0.00860	0.05668	0.00766	0.00357	0.00524
40	0.00785	0.00570	0.00742	0.00879	0.00932	0.00527	0.00591	0.00902	0.01257	0.01658	0.03812	0.70929	0.10053	0.01992	0.00820	0.00259	0.00371	0.01797	0.00600	0.00527
41	0.01220	0.01148	0.01938	0.75739	0.04450	0.01436	0.01794	0.01651	0.01292	0.01651	0.01148	0.01723	0.00861	0.00646	0.00646	0.00215	0.00861	0.00574	0.00287	0.00718
42	0.01562	0.12874	0.16979	0.18377	0.02713	0.03918	0.07392	0.08097	0.17451	0.02188	0.01491	0.01675	0.01127	0.00681	0.00616	0.00200	0.00793	0.00568	0.00401	0.00897
43	0.01016	0.00942	0.07146	0.01067	0.01253	0.00877	0.00892	0.03556	0.01130	0.01629	0.01726	0.02612	0.01623	0.13185	0.54952	0.00862	0.01452	0.00698	0.02778	0.00604
44	0.00787	0.00562	0.00750	0.00900	0.00937	0.00525	0.00600	0.00900	0.01237	0.01649	0.03561	0.76871	0.04274	0.02024	0.00825	0.00262	0.00375	0.01837	0.00600	0.00525
45	0.08913	0.11615	0.02131	0.10897	0.02109	0.06010	0.07138	0.01718	0.01179	0.01727	0.01020	0.01478	0.00909	0.01186	0.07567	0.00300	0.32531	0.00536	0.00305	0.00729
46	0.00799	0.00571	0.00760	0.00892	0.00940	0.00533	0.00601	0.00929	0.01292	0.01737	0.09990	0.70193	0.04442	0.01959	0.00819	0.00257	0.00368	0.01775	0.00610	0.00533
47	0.01340	0.01148	0.01340	0.00957	0.01531	0.00861	0.00766	0.01627	0.01340	0.02105	0.01148	0.01340	0.00957	0.00479	0.00479	0.00096	0.00479	0.00383	0.00383	0.81242
48	0.02001	0.01168	0.01436	0.01061	0.01604	0.00961	0.00863	0.06224	0.01633	0.29634	0.01708	0.01681	0.01211	0.00619	0.00554	0.00141	0.00519	0.00497	0.00558	0.45928
49	0.08516	0.01398	0.01554	0.01305	0.01695	0.01568	0.04109	0.22070	0.32782	0.02982	0.02020	0.02031	0.01524	0.01028	0.04898	0.00251	0.00644	0.00644	0.08036	0.00946
50	0.00963	0.00733	0.00905	0.00828	0.01034	0.00668	0.00627	0.01317	0.04882	0.02453	0.55690	0.04594	0.13600	0.01269	0.00734	0.00197	0.00331	0.01107	0.00668	0.07401
51	0.01007	0.00747	0.01045	0.00964	0.01047	0.00740	0.07024	0.01102	0.01067	0.01423	0.02138	0.04345	0.02378	0.58440	0.04735	0.00558	0.00696	0.09668	0.00410	0.00467
52	0.01340	0.01148	0.01340	0.00957	0.01531	0.00861	0.00766	0.01627	0.01340	0.02105	0.01148	0.01340	0.00957	0.00479	0.00479	0.00096	0.00479	0.00383	0.00383	0.81242
53	0.02754	0.01212	0.01557	0.01198	0.01690	0.01126	0.00988	0.15210	0.02061	0.58902	0.04728	0.02172	0.01661	0.00813	0.00653	0.00199	0.00570	0.00655	0.00769	0.01083
54	0.01607	0.01388	0.01461	0.01315	0.01680	0.01607	0.01023	0.03433	0.72094	0.02703	0.02630	0.02411	0.01972	0.00877	0.00657	0.00219	0.00511	0.00731	0.00657	0.01023
55	0.00992	0.00821	0.01149	0.08003	0.01424	0.00962	0.00885	0.01138	0.01141	0.01576	0.02432	0.39666	0.02785	0.09647	0.07560	0.00365	0.17168	0.01253	0.00459	0.00573
56	0.02078	0.01457	0.01604	0.01335	0.01767	0.01604	0.01068	0.22685	0.39980	0.15647	0.02308	0.02128	0.01657	0.00834	0.00653	0.00209	0.00575	0.00674	0.00679	0.01058
57	0.01698	0.01490	0.02335	0.03337	0.57361	0.04670	0.01739	0.02053	0.01552	0.08764	0.07360	0.01907	0.01495	0.00663	0.00648	0.00192	0.00726	0.00625	0.00398	0.00983
58	0.01474	0.01379	0.02276	0.09402	0.53442	0.01381	0.01725	0.01840	0.01435	0.02058	0.04435	0.01784	0.01264	0.00853	0.04911	0.00234	0.00784	0.00591	0.00342	0.08389
59	0.07156	0.01258	0.01700	0.01441	0.04939	0.01256	0.10846	0.05159	0.21226	0.06633	0.15083	0.02396	0.02231	0.00800	0.00640	0.00189	0.00570	0.00710	0.00546	0.15220
60	0.01582	0.01226	0.01559	0.18694	0.02268	0.03032	0.03164	0.08223	0.17866	0.10102	0.07493	0.02725	0.07272	0.00893	0.00667	0.00205	0.00620	0.04156	0.00541	0.07712
61	0.11152	0.09626	0.03822	0.01275	0.01721	0.13662	0.01063	0.09730	0.15656	0.21146	0.03672	0.01798	0.01409	0.00750	0.00589	0.00191	0.00675	0.00563	0.00561	0.00936
62	0.05953	0.01242	0.01759	0.51924	0.05366	0.05709	0.01547	0.01698	0.01340	0.01795	0.01338	0.02131	0.01127	0.00734	0.00637	0.00208	0.00799	0.06870	0.00334	0.07487
63	0.13960	0.01115	0.01342	0.07305	0.01726	0.01057	0.00906	0.02285	0.06804	0.27167	0.07068	0.02102	0.03682	0.00747	0.00583	0.00178	0.00524	0.00598	0.00573	0.20278
64	0.23121	0.01328	0.01599	0.03331	0.01799	0.03067	0.09692	0.05393	0.11883	0.10661	0.01819	0.01878	0.05425	0.00707	0.00571	0.00186	0.00603	0.00578	0.00490	0.15870
65	0.08130	0.07527	0.01816	0.34091	0.14564	0.01341	0.01399	0.01581	0.01301	0.01825	0.01744	0.16867	0.03427	0.00926	0.00644	0.00213	0.00689	0.00811	0.00372	0.00733
66	0.13131	0.01239	0.01603	0.09637	0.14030	0.01236	0.01161	0.09444	0.01605	0.13728	0.01815	0.02214	0.04678	0.00765	0.00602	0.00188	0.00610	0.05592	0.00485	0.16237
67	0.19228	0.19531	0.27076	0.05635	0.02137	0.01683	0.01489	0.04402	0.01401	0.10194	0.01211	0.01341	0.00894	0.00625	0.00528	0.00188	0.00736	0.00448	0.00374	0.00878

[dist]
# distance from previous block
# <min> <max>
1	45

# created by:
# /home/berkeley/.conda/envs/busco_data_prod/bin/msa2prfl.pl pipeline/OGs_align_augustus/5794/35114.fs
