[name]
unknown

[dist]
# distance from previous block
# <min> <max>
0	1

[block]
# block no. 0 follows, 27 sequences, length 48
# corresponding to MSA columns:
# 80-87,93-96,137-172
name=unknown_A
#
# <colnr> <probs for GDERKNQSTAVLIFYWHMCP>
#	G	D	E	R	K	N	Q	S	T	A	V	L	I	F	Y	W	H	M	C	P
0	0.01314	0.01059	0.01423	0.01597	0.11441	0.01066	0.01044	0.01979	0.13415	0.02877	0.43960	0.04663	0.05170	0.01330	0.00842	0.00240	0.00488	0.04507	0.00732	0.00853
1	0.01293	0.01205	0.01201	0.06523	0.01573	0.11226	0.00891	0.01583	0.01924	0.02462	0.37547	0.11227	0.15563	0.01480	0.00842	0.00237	0.00558	0.01269	0.00682	0.00713
2	0.01119	0.00840	0.00966	0.00975	0.01119	0.00834	0.00674	0.01518	0.11358	0.02059	0.10463	0.20740	0.18049	0.19403	0.01701	0.04994	0.00517	0.01388	0.00632	0.00649
3	0.26789	0.01002	0.01081	0.01006	0.01282	0.01032	0.02637	0.01603	0.01681	0.02829	0.29437	0.13327	0.10949	0.01365	0.00748	0.00244	0.00464	0.01146	0.00656	0.00723
4	0.00903	0.00654	0.00854	0.01014	0.01072	0.00605	0.00680	0.01036	0.01440	0.01903	0.04333	0.68754	0.09426	0.02294	0.00943	0.00298	0.00427	0.02072	0.00689	0.00605
5	0.01278	0.01083	0.01695	0.29604	0.09508	0.01249	0.01400	0.01590	0.01332	0.01795	0.01747	0.02896	0.01643	0.19327	0.20161	0.00608	0.01181	0.00795	0.00380	0.00728
6	0.01196	0.00808	0.01010	0.00989	0.01201	0.00739	0.00772	0.01478	0.01864	0.07205	0.32351	0.06235	0.21713	0.05947	0.01067	0.00287	0.00461	0.13228	0.00745	0.00703
7	0.01728	0.01675	0.02903	0.20233	0.46124	0.01750	0.07852	0.02254	0.03902	0.02320	0.01443	0.01917	0.01165	0.00689	0.00750	0.00231	0.00930	0.00686	0.00373	0.01078
8	0.03103	0.01213	0.01650	0.01282	0.01816	0.01052	0.01052	0.03396	0.02122	0.63107	0.09530	0.02829	0.02355	0.00979	0.00759	0.00230	0.00604	0.00806	0.00909	0.01207
9	0.01748	0.35141	0.31108	0.01881	0.02723	0.02289	0.11159	0.02298	0.01567	0.02084	0.01222	0.01461	0.00972	0.00663	0.00627	0.00203	0.00983	0.00527	0.00324	0.01019
10	0.00971	0.00692	0.00895	0.01031	0.01096	0.00657	0.00717	0.01113	0.01423	0.01877	0.03982	0.50237	0.07890	0.13281	0.01390	0.00369	0.00508	0.10627	0.00652	0.00592
11	0.01535	0.10409	0.63900	0.02037	0.03091	0.01837	0.02606	0.02339	0.01562	0.02295	0.01304	0.01532	0.00942	0.00699	0.00684	0.00228	0.01069	0.00534	0.00314	0.01084
12	0.15994	0.03174	0.01928	0.01750	0.02146	0.58941	0.01325	0.02829	0.01958	0.02079	0.01128	0.01316	0.00930	0.00752	0.00633	0.00198	0.01206	0.00465	0.00396	0.00851
13	0.01174	0.00799	0.01010	0.00965	0.01180	0.00725	0.00747	0.01486	0.01980	0.06921	0.45673	0.05965	0.19079	0.01607	0.00883	0.00248	0.00407	0.07650	0.00784	0.00719
14	0.02257	0.10394	0.23598	0.02154	0.12459	0.05546	0.01884	0.15299	0.02087	0.14820	0.01674	0.01769	0.01202	0.00769	0.00698	0.00219	0.00906	0.00604	0.00519	0.01143
15	0.04902	0.02761	0.34291	0.04928	0.10134	0.01829	0.02115	0.19548	0.02119	0.08076	0.01568	0.01729	0.01116	0.00767	0.00714	0.00230	0.00940	0.00607	0.00485	0.01141
16	0.00941	0.00722	0.00862	0.00896	0.01059	0.00643	0.00646	0.01163	0.01740	0.02282	0.26072	0.26943	0.29551	0.01901	0.00898	0.00261	0.00385	0.01662	0.00730	0.00643
17	0.01311	0.01624	0.14550	0.17899	0.09324	0.01307	0.01595	0.01863	0.05502	0.02208	0.09365	0.03325	0.13574	0.01737	0.11246	0.00383	0.00954	0.00895	0.00477	0.00861
18	0.01200	0.00758	0.00865	0.00832	0.00971	0.00713	0.00565	0.01371	0.01523	0.05687	0.16221	0.05002	0.16346	0.31068	0.02003	0.00427	0.00521	0.01150	0.12163	0.00612
19	0.06456	0.12165	0.01807	0.01106	0.01701	0.01293	0.00917	0.01886	0.01543	0.02387	0.04962	0.04350	0.01515	0.00689	0.00565	0.00138	0.00573	0.00541	0.00452	0.54954
20	0.06545	0.12843	0.19828	0.01445	0.02143	0.01549	0.01469	0.02486	0.04393	0.16917	0.01829	0.05565	0.01429	0.00805	0.00646	0.00199	0.00744	0.00631	0.00519	0.18012
21	0.10495	0.33039	0.05618	0.06654	0.07052	0.15449	0.01438	0.04503	0.05598	0.02191	0.01254	0.01450	0.01043	0.00708	0.00583	0.00194	0.00895	0.00492	0.00389	0.00955
22	0.01265	0.01092	0.01499	0.01400	0.01461	0.01367	0.01100	0.01438	0.01234	0.01767	0.02267	0.10308	0.05664	0.13373	0.19443	0.00595	0.28899	0.04706	0.00439	0.00682
23	0.01316	0.01345	0.08205	0.09236	0.02000	0.01223	0.01193	0.02162	0.20195	0.02456	0.14058	0.16539	0.08867	0.01677	0.05847	0.00323	0.00698	0.01168	0.00630	0.00860
24	0.01289	0.00645	0.00967	0.00967	0.00967	0.00645	0.00645	0.00967	0.00967	0.01289	0.01289	0.02257	0.01289	0.02579	0.02901	0.78401	0.00645	0.00645	0.00322	0.00322
25	0.01774	0.01438	0.05010	0.01312	0.03679	0.06539	0.01032	0.08743	0.11308	0.07684	0.10306	0.03026	0.04966	0.03750	0.04950	0.00289	0.00693	0.00820	0.21784	0.00898
26	0.00999	0.00703	0.00845	0.00895	0.00954	0.00670	0.00572	0.01104	0.01377	0.01836	0.11800	0.28065	0.09855	0.34447	0.02208	0.00477	0.00546	0.01501	0.00597	0.00548
27	0.02310	0.48675	0.03225	0.01451	0.02017	0.19739	0.01304	0.04991	0.01777	0.06754	0.01226	0.01346	0.01029	0.00698	0.00554	0.00174	0.00919	0.00453	0.00393	0.00964
28	0.00939	0.00718	0.00862	0.00903	0.01060	0.00641	0.00648	0.01156	0.01723	0.02260	0.24831	0.29365	0.28366	0.01924	0.00901	0.00263	0.00387	0.01685	0.00728	0.00641
29	0.01706	0.01992	0.12386	0.15350	0.37298	0.01756	0.08658	0.02361	0.06728	0.02372	0.01509	0.01911	0.01190	0.00704	0.00748	0.00233	0.00945	0.00680	0.00384	0.01087
30	0.01849	0.21296	0.18327	0.02233	0.02949	0.09052	0.25270	0.02356	0.01647	0.02117	0.01276	0.01608	0.01015	0.00699	0.00806	0.00222	0.05321	0.00627	0.00345	0.00984
31	0.02617	0.01817	0.02021	0.01556	0.02140	0.01900	0.01284	0.46813	0.02959	0.11787	0.01933	0.02104	0.01429	0.00890	0.00725	0.00211	0.00749	0.03274	0.00714	0.13076
32	0.08127	0.11206	0.01897	0.01329	0.01799	0.01682	0.01095	0.09424	0.22548	0.18659	0.11986	0.02684	0.02463	0.00974	0.00709	0.00227	0.00613	0.00780	0.00720	0.01077
33	0.64835	0.01556	0.01304	0.01114	0.01598	0.01785	0.00918	0.14305	0.01681	0.03584	0.01174	0.01314	0.00890	0.00727	0.00513	0.00228	0.00620	0.00452	0.00513	0.00890
34	0.01883	0.13511	0.09714	0.01487	0.01967	0.01884	0.01332	0.19328	0.11895	0.02791	0.01898	0.04861	0.01637	0.08442	0.07630	0.00362	0.04705	0.00734	0.00534	0.03405
35	0.01363	0.11626	0.39493	0.01661	0.02361	0.01514	0.01897	0.01911	0.01513	0.02129	0.02184	0.24675	0.02221	0.01219	0.00755	0.00247	0.00844	0.01033	0.00435	0.00920
36	0.01505	0.01576	0.09296	0.03766	0.06127	0.01435	0.01261	0.02691	0.32450	0.02660	0.10908	0.03675	0.13192	0.05025	0.00942	0.00270	0.00623	0.00976	0.00647	0.00975
37	0.01536	0.01457	0.02469	0.51278	0.24911	0.01685	0.02129	0.02014	0.01548	0.02060	0.01343	0.01935	0.01047	0.00717	0.00740	0.00239	0.00956	0.00660	0.00341	0.00933
38	0.01766	0.17592	0.32889	0.02338	0.15710	0.02024	0.02122	0.05900	0.08324	0.02441	0.01476	0.01675	0.01139	0.00722	0.00671	0.00218	0.00927	0.00575	0.00392	0.01100
39	0.07854	0.02207	0.05280	0.23796	0.06344	0.27034	0.01550	0.02237	0.01652	0.01962	0.01384	0.02066	0.01213	0.11142	0.01123	0.00291	0.01048	0.00627	0.00377	0.00814
40	0.00994	0.00757	0.00913	0.00874	0.01074	0.00676	0.00656	0.01291	0.01967	0.02658	0.48753	0.06070	0.27339	0.01637	0.00876	0.00239	0.00359	0.01416	0.00775	0.00676
41	0.01865	0.05986	0.04482	0.01579	0.02047	0.01891	0.03779	0.08058	0.50823	0.03007	0.02639	0.02539	0.02002	0.01194	0.04482	0.00294	0.00735	0.00789	0.00678	0.01131
42	0.00996	0.00709	0.00831	0.00874	0.00979	0.00660	0.00586	0.01147	0.01495	0.02002	0.13607	0.25560	0.18981	0.21722	0.01675	0.00388	0.00481	0.01509	0.05212	0.00585
43	0.02395	0.21694	0.02603	0.06902	0.02338	0.02347	0.01379	0.39515	0.04921	0.03537	0.01610	0.01708	0.01217	0.00813	0.00661	0.00206	0.00797	0.00600	0.03637	0.01119
44	0.02339	0.12115	0.05971	0.01622	0.06929	0.06863	0.01300	0.09825	0.01966	0.20544	0.01754	0.01789	0.01280	0.00732	0.00645	0.00183	0.00751	0.00567	0.00568	0.22257
45	0.02377	0.04641	0.11620	0.01649	0.02200	0.18732	0.01456	0.12216	0.15719	0.14383	0.05957	0.02178	0.01776	0.00891	0.00722	0.00223	0.00878	0.00684	0.00617	0.01079
46	0.01619	0.18335	0.49513	0.02044	0.03009	0.01993	0.09018	0.02327	0.01574	0.02228	0.01287	0.01534	0.00962	0.00682	0.00675	0.00221	0.01050	0.00551	0.00321	0.01057
47	0.01681	0.01647	0.08150	0.01517	0.01936	0.03657	0.05949	0.15163	0.16051	0.02856	0.07755	0.17460	0.07575	0.03999	0.00924	0.00269	0.00694	0.01128	0.00646	0.00944

[dist]
# distance from previous block
# <min> <max>
0	2

[block]
# block no. 1 follows, 27 sequences, length 20
# corresponding to MSA columns:
# 175-194
name=unknown_B
#
# <colnr> <probs for GDERKNQSTAVLIFYWHMCP>
#	G	D	E	R	K	N	Q	S	T	A	V	L	I	F	Y	W	H	M	C	P
0	0.01363	0.01038	0.01134	0.01072	0.01384	0.01023	0.00847	0.05016	0.15931	0.06432	0.05557	0.05839	0.39279	0.01611	0.00856	0.00260	0.00497	0.09324	0.00719	0.00819
1	0.18034	0.04730	0.16756	0.01319	0.01964	0.01342	0.01302	0.01984	0.01489	0.02526	0.01587	0.06389	0.01432	0.00823	0.00617	0.00192	0.00688	0.04556	0.00442	0.31827
2	0.06310	0.03197	0.02076	0.01872	0.02210	0.58995	0.01428	0.02779	0.01942	0.01886	0.01120	0.01368	0.00951	0.00828	0.00881	0.00210	0.10219	0.00496	0.00379	0.00852
3	0.02504	0.02041	0.02390	0.01858	0.02430	0.05075	0.09529	0.44282	0.15258	0.03975	0.01952	0.01976	0.01420	0.00874	0.00759	0.00230	0.00851	0.00718	0.00684	0.01196
4	0.01402	0.01319	0.02227	0.72126	0.05113	0.01649	0.02062	0.01897	0.01484	0.01897	0.01319	0.01979	0.00990	0.00742	0.00742	0.00247	0.00990	0.00660	0.00330	0.00825
5	0.45130	0.02190	0.01558	0.01368	0.01819	0.23932	0.01082	0.10525	0.01811	0.03015	0.01164	0.01321	0.00910	0.00739	0.00562	0.00217	0.00850	0.00460	0.00470	0.00880
6	0.01838	0.05453	0.01771	0.01506	0.05213	0.01652	0.01135	0.19190	0.23481	0.03266	0.17146	0.03411	0.09506	0.01135	0.00774	0.00234	0.00601	0.00942	0.00715	0.01029
7	0.02021	0.00967	0.01284	0.01084	0.01426	0.00864	0.00855	0.02345	0.02085	0.30943	0.38094	0.04149	0.04597	0.01236	0.00805	0.00229	0.00468	0.01062	0.04550	0.00936
8	0.02373	0.02872	0.02163	0.01925	0.02175	0.47048	0.01500	0.02555	0.01767	0.01806	0.01087	0.01438	0.00963	0.00951	0.01284	0.00238	0.26110	0.00538	0.00362	0.00844
9	0.07495	0.00818	0.00972	0.00972	0.01092	0.00813	0.00652	0.01442	0.01318	0.09068	0.02808	0.25083	0.03072	0.33816	0.06868	0.00533	0.00696	0.01285	0.00570	0.00626
10	0.01521	0.00943	0.01106	0.01037	0.01275	0.00927	0.00780	0.10876	0.01945	0.08651	0.14239	0.24013	0.09455	0.01496	0.00786	0.00239	0.00466	0.01291	0.18161	0.00793
11	0.01025	0.00773	0.00964	0.01010	0.01194	0.00712	0.00797	0.01302	0.01801	0.02364	0.25694	0.13394	0.24905	0.01856	0.00925	0.00276	0.00459	0.19158	0.00728	0.00664
12	0.01802	0.01762	0.02344	0.22538	0.29610	0.10860	0.01820	0.05953	0.01717	0.02204	0.01485	0.02192	0.01293	0.10038	0.01116	0.00288	0.00949	0.00690	0.00392	0.00948
13	0.01205	0.00675	0.00904	0.00904	0.00904	0.00675	0.00566	0.01012	0.01012	0.01350	0.01712	0.03303	0.01856	0.31267	0.03254	0.47160	0.00675	0.00820	0.00374	0.00374
14	0.05455	0.14650	0.11710	0.06314	0.23734	0.04432	0.01739	0.02340	0.08488	0.02427	0.09911	0.02206	0.01910	0.00815	0.00690	0.00217	0.00807	0.00684	0.00451	0.01017
15	0.22657	0.09094	0.28449	0.01986	0.10773	0.01897	0.01859	0.10510	0.01741	0.02866	0.01290	0.01497	0.00975	0.00713	0.00627	0.00223	0.00866	0.00525	0.00415	0.01036
16	0.02301	0.22190	0.02529	0.01511	0.02050	0.02290	0.01296	0.35190	0.09616	0.03383	0.01726	0.01839	0.01344	0.01313	0.07889	0.00308	0.00906	0.00624	0.00589	0.01104
17	0.02048	0.05840	0.02528	0.14054	0.27385	0.07374	0.01775	0.17216	0.02083	0.02777	0.01426	0.01742	0.01128	0.00723	0.00699	0.00208	0.00882	0.00611	0.00454	0.09047
18	0.01737	0.01570	0.02673	0.33624	0.21348	0.01752	0.09862	0.04585	0.01654	0.05912	0.01439	0.01938	0.01111	0.00768	0.00896	0.00245	0.06825	0.00691	0.00393	0.00978
19	0.01779	0.01446	0.02343	0.19165	0.11836	0.01605	0.09887	0.04396	0.04810	0.10479	0.04234	0.02274	0.01544	0.01486	0.10160	0.00374	0.10007	0.00749	0.00473	0.00952

[dist]
# distance from previous block
# <min> <max>
0	1

[block]
# block no. 2 follows, 27 sequences, length 7
# corresponding to MSA columns:
# 196-202
name=unknown_C
#
# <colnr> <probs for GDERKNQSTAVLIFYWHMCP>
#	G	D	E	R	K	N	Q	S	T	A	V	L	I	F	Y	W	H	M	C	P
0	0.19455	0.01608	0.01777	0.01392	0.01949	0.01670	0.01150	0.27088	0.02453	0.30987	0.02090	0.01962	0.01399	0.00859	0.00683	0.00227	0.00689	0.00643	0.00754	0.01164
1	0.01972	0.01657	0.01749	0.01536	0.01978	0.01905	0.01205	0.12049	0.59629	0.03308	0.02862	0.02642	0.02137	0.00992	0.00754	0.00248	0.00617	0.00817	0.00754	0.01186
2	0.00911	0.00749	0.00808	0.00845	0.01063	0.00645	0.00639	0.01106	0.01660	0.02012	0.06759	0.15390	0.54968	0.01951	0.00900	0.00266	0.00412	0.07597	0.00689	0.00629
3	0.02216	0.02194	0.01928	0.14222	0.02622	0.25805	0.01416	0.03210	0.27562	0.08119	0.02058	0.02110	0.01546	0.00868	0.00722	0.00228	0.00925	0.00674	0.00564	0.01011
4	0.00997	0.00728	0.00829	0.00842	0.01009	0.00657	0.00603	0.01215	0.01681	0.02259	0.21553	0.16408	0.30053	0.08633	0.01128	0.00291	0.00408	0.01459	0.08616	0.00632
5	0.01666	0.01514	0.07734	0.08892	0.17318	0.01308	0.09896	0.02106	0.01832	0.11159	0.19733	0.03337	0.08225	0.01024	0.00801	0.00235	0.00745	0.00942	0.00575	0.00956
6	0.04992	0.11872	0.14693	0.02266	0.12499	0.16069	0.06850	0.06728	0.09283	0.02424	0.01471	0.01685	0.01162	0.00768	0.00763	0.00220	0.04203	0.00597	0.00425	0.01030

[dist]
# distance from previous block
# <min> <max>
5	21

[block]
# block no. 3 follows, 27 sequences, length 15
# corresponding to MSA columns:
# 224-238
name=unknown_D
#
# <colnr> <probs for GDERKNQSTAVLIFYWHMCP>
#	G	D	E	R	K	N	Q	S	T	A	V	L	I	F	Y	W	H	M	C	P
0	0.02078	0.29135	0.10948	0.01625	0.02238	0.02039	0.08648	0.02597	0.07158	0.15713	0.01738	0.01871	0.01327	0.01124	0.06000	0.00284	0.03345	0.00614	0.00487	0.01030
1	0.02258	0.13803	0.09774	0.01607	0.02180	0.11481	0.01449	0.29536	0.02496	0.03214	0.07253	0.02249	0.01766	0.00913	0.00705	0.00213	0.00860	0.03897	0.00571	0.03775
2	0.42430	0.08222	0.01696	0.01330	0.01787	0.25606	0.01064	0.02439	0.01588	0.02630	0.01087	0.01268	0.00884	0.00704	0.00538	0.00204	0.00855	0.00430	0.00420	0.04818
3	0.08182	0.17895	0.08728	0.04457	0.21443	0.04143	0.05702	0.02284	0.07148	0.02304	0.01712	0.09652	0.01566	0.00879	0.00684	0.00222	0.00822	0.00755	0.00427	0.00993
4	0.01109	0.00703	0.00918	0.00940	0.00967	0.00718	0.00607	0.01083	0.01112	0.01503	0.02233	0.12630	0.02479	0.35288	0.13838	0.21046	0.00864	0.01053	0.00439	0.00470
5	0.01631	0.01331	0.01826	0.07051	0.07669	0.01394	0.05999	0.14464	0.10103	0.03146	0.32337	0.03646	0.03953	0.01139	0.00814	0.00235	0.00628	0.01009	0.00688	0.00937
6	0.01809	0.12075	0.01613	0.01019	0.01470	0.01242	0.00846	0.05348	0.01705	0.10060	0.01914	0.02095	0.01485	0.00745	0.00558	0.00161	0.00528	0.00579	0.31165	0.23580
7	0.00966	0.00735	0.00851	0.00856	0.01017	0.00661	0.00607	0.01170	0.01694	0.02214	0.25734	0.15092	0.30879	0.12644	0.01322	0.00322	0.00427	0.01495	0.00694	0.00620
8	0.11127	0.00992	0.01195	0.01048	0.01383	0.00931	0.00819	0.02209	0.01859	0.25510	0.21224	0.11434	0.08338	0.01277	0.00761	0.00236	0.00483	0.01075	0.07211	0.00887
9	0.02758	0.01345	0.01764	0.01589	0.07499	0.01271	0.01172	0.05859	0.11993	0.45886	0.03150	0.02860	0.07411	0.00989	0.00758	0.00234	0.00632	0.00818	0.00822	0.01190
10	0.01093	0.00735	0.00853	0.00872	0.00891	0.00735	0.00533	0.01131	0.01150	0.01526	0.02516	0.05249	0.02874	0.65922	0.03472	0.00678	0.00716	0.08106	0.00476	0.00476
11	0.01696	0.33242	0.42472	0.01763	0.02668	0.02230	0.02129	0.02298	0.01543	0.02099	0.01207	0.01410	0.00946	0.00676	0.00610	0.00203	0.00971	0.00485	0.00315	0.01037
12	0.01547	0.00740	0.00778	0.00745	0.00951	0.00725	0.00567	0.01888	0.01605	0.08394	0.02464	0.02747	0.01897	0.00869	0.00538	0.00178	0.00370	0.00697	0.71558	0.00740
13	0.01402	0.01319	0.02227	0.72126	0.05113	0.01649	0.02062	0.01897	0.01484	0.01897	0.01319	0.01979	0.00990	0.00742	0.00742	0.00247	0.00990	0.00660	0.00330	0.00825
14	0.79154	0.01436	0.01091	0.00976	0.01436	0.01665	0.00804	0.02182	0.01263	0.03331	0.01034	0.01206	0.00804	0.00689	0.00459	0.00230	0.00574	0.00402	0.00459	0.00804

[dist]
# distance from previous block
# <min> <max>
0	26

[block]
# block no. 4 follows, 27 sequences, length 10
# corresponding to MSA columns:
# 265-274
name=unknown_E
#
# <colnr> <probs for GDERKNQSTAVLIFYWHMCP>
#	G	D	E	R	K	N	Q	S	T	A	V	L	I	F	Y	W	H	M	C	P
0	0.01328	0.00814	0.01002	0.00978	0.01211	0.00720	0.00736	0.01554	0.01769	0.13121	0.17017	0.22959	0.27381	0.01779	0.00881	0.00261	0.00441	0.04556	0.00750	0.00740
1	0.01788	0.20723	0.44634	0.01884	0.02770	0.11737	0.02206	0.02406	0.01629	0.02131	0.01234	0.01445	0.00946	0.00697	0.00645	0.00211	0.01058	0.00502	0.00324	0.01029
2	0.01186	0.00983	0.01139	0.00983	0.01366	0.00786	0.00740	0.01423	0.01553	0.02165	0.03812	0.21736	0.21521	0.01390	0.00746	0.00200	0.00469	0.01195	0.00576	0.36033
3	0.01490	0.01087	0.01264	0.01177	0.01470	0.01123	0.00911	0.02404	0.24763	0.08223	0.24387	0.09133	0.12560	0.01426	0.00838	0.00253	0.00486	0.05341	0.00771	0.00894
4	0.02148	0.05725	0.11063	0.09506	0.24153	0.01787	0.04215	0.10904	0.01933	0.14962	0.01675	0.01898	0.01237	0.00783	0.00817	0.00230	0.04681	0.00657	0.00503	0.01122
5	0.01264	0.00664	0.00905	0.00905	0.00926	0.00664	0.00594	0.01082	0.01061	0.01501	0.01617	0.02783	0.01616	0.15040	0.02760	0.54839	0.00621	0.00728	0.10039	0.00391
6	0.01699	0.01785	0.01736	0.01582	0.01764	0.18050	0.01240	0.02076	0.08235	0.01956	0.02394	0.09364	0.09395	0.01808	0.09552	0.00377	0.24829	0.00891	0.00468	0.00802
7	0.01763	0.01312	0.01562	0.01127	0.01776	0.01002	0.00906	0.02087	0.01612	0.10823	0.01520	0.01663	0.01192	0.00596	0.00574	0.00125	0.00560	0.00478	0.00500	0.68820
8	0.02383	0.01993	0.02058	0.10804	0.02520	0.12828	0.01443	0.23854	0.14797	0.09865	0.01894	0.01984	0.01398	0.00916	0.00897	0.00237	0.07760	0.00676	0.00612	0.01083
9	0.35916	0.08841	0.01611	0.01173	0.01609	0.04162	0.00950	0.10368	0.05204	0.10130	0.01623	0.02019	0.01336	0.11039	0.01017	0.00290	0.00681	0.00593	0.00541	0.00897

[dist]
# distance from previous block
# <min> <max>
0	1

[block]
# block no. 5 follows, 27 sequences, length 6
# corresponding to MSA columns:
# 276-281
name=unknown_F
#
# <colnr> <probs for GDERKNQSTAVLIFYWHMCP>
#	G	D	E	R	K	N	Q	S	T	A	V	L	I	F	Y	W	H	M	C	P
0	0.54151	0.09955	0.09957	0.01234	0.01784	0.08134	0.01151	0.02279	0.01404	0.02898	0.01081	0.01261	0.00851	0.00692	0.00511	0.00219	0.00732	0.00426	0.00419	0.00862
1	0.01120	0.00746	0.00929	0.00929	0.01044	0.00787	0.00664	0.01319	0.01289	0.01901	0.02719	0.03850	0.08584	0.23837	0.29232	0.00740	0.01103	0.00929	0.17673	0.00604
2	0.01933	0.01736	0.04825	0.01604	0.02078	0.07062	0.09997	0.19625	0.05430	0.07088	0.06211	0.03541	0.20822	0.01167	0.00856	0.00238	0.03219	0.00973	0.00631	0.00964
3	0.08734	0.00853	0.01007	0.00952	0.01186	0.00803	0.00719	0.01565	0.01869	0.08483	0.38110	0.13473	0.16389	0.01548	0.00833	0.00244	0.00410	0.01333	0.00754	0.00734
4	0.01493	0.01877	0.15708	0.05932	0.25907	0.03885	0.01766	0.01999	0.03837	0.02372	0.11721	0.10542	0.07669	0.01086	0.00782	0.00238	0.00774	0.00962	0.00492	0.00959
5	0.09728	0.16200	0.02107	0.07424	0.02076	0.01966	0.01190	0.22400	0.10260	0.03178	0.01784	0.01921	0.01369	0.00816	0.00622	0.00207	0.00691	0.00612	0.14445	0.01004

[dist]
# distance from previous block
# <min> <max>
0	2

[block]
# block no. 6 follows, 27 sequences, length 10
# corresponding to MSA columns:
# 284-293
name=unknown_G
#
# <colnr> <probs for GDERKNQSTAVLIFYWHMCP>
#	G	D	E	R	K	N	Q	S	T	A	V	L	I	F	Y	W	H	M	C	P
0	0.56832	0.01493	0.01580	0.07633	0.15649	0.01684	0.01211	0.02178	0.01369	0.03026	0.01132	0.01400	0.00896	0.00688	0.00539	0.00229	0.00672	0.00477	0.00430	0.00882
1	0.09630	0.01897	0.02198	0.02356	0.19448	0.10355	0.03896	0.11307	0.16209	0.12345	0.01949	0.02011	0.01450	0.00816	0.00713	0.00227	0.00816	0.00673	0.00588	0.01118
2	0.01520	0.01269	0.01713	0.11798	0.08959	0.01343	0.03370	0.09935	0.11970	0.02859	0.24752	0.03849	0.11227	0.01179	0.00808	0.00238	0.00622	0.01028	0.00653	0.00908
3	0.01026	0.00740	0.00858	0.00853	0.00945	0.00720	0.00557	0.01136	0.01336	0.01754	0.09854	0.05242	0.18865	0.41767	0.10712	0.00617	0.00752	0.01188	0.00536	0.00541
4	0.01820	0.09085	0.15360	0.01950	0.09680	0.05543	0.04088	0.06874	0.01705	0.07824	0.01803	0.02120	0.03915	0.01667	0.13275	0.00392	0.06265	0.00665	0.00445	0.05524
5	0.02261	0.43512	0.09328	0.01511	0.02120	0.19379	0.01429	0.02550	0.01719	0.08278	0.01268	0.01389	0.01036	0.00700	0.00571	0.00181	0.00940	0.00464	0.00390	0.00973
6	0.01441	0.00851	0.01086	0.00974	0.01236	0.00760	0.00749	0.01752	0.02035	0.15123	0.46179	0.05264	0.16710	0.01470	0.00852	0.00236	0.00407	0.01271	0.00814	0.00792
7	0.02003	0.36504	0.12463	0.01542	0.02136	0.15771	0.01473	0.02597	0.11661	0.02057	0.01524	0.04501	0.01314	0.00797	0.00608	0.00196	0.00897	0.00572	0.00411	0.00974
8	0.00975	0.00691	0.00851	0.00949	0.01003	0.00657	0.00623	0.01077	0.01346	0.01769	0.03813	0.41216	0.10030	0.26192	0.01891	0.00439	0.00535	0.04778	0.00609	0.00558
9	0.02265	0.10521	0.16235	0.01816	0.02494	0.01926	0.10295	0.24525	0.02288	0.12330	0.01764	0.02013	0.01321	0.05777	0.00930	0.00256	0.00897	0.00680	0.00562	0.01103

[dist]
# distance from previous block
# <min> <max>
1	3

[block]
# block no. 7 follows, 27 sequences, length 8
# corresponding to MSA columns:
# 298-305
name=unknown_H
#
# <colnr> <probs for GDERKNQSTAVLIFYWHMCP>
#	G	D	E	R	K	N	Q	S	T	A	V	L	I	F	Y	W	H	M	C	P
0	0.02325	0.21111	0.19942	0.01685	0.02380	0.13727	0.01679	0.14875	0.02082	0.11284	0.01517	0.01598	0.01124	0.00761	0.00653	0.00205	0.00947	0.00546	0.00486	0.01073
1	0.01289	0.00645	0.00967	0.00967	0.00967	0.00645	0.00645	0.00967	0.00967	0.01289	0.01289	0.02257	0.01289	0.02579	0.02901	0.78401	0.00645	0.00645	0.00322	0.00322
2	0.01645	0.00842	0.01051	0.00950	0.01202	0.00801	0.00736	0.01972	0.01811	0.16530	0.23771	0.03623	0.03519	0.01562	0.07829	0.00308	0.00573	0.00922	0.29543	0.00809
3	0.22540	0.45933	0.11532	0.01299	0.01946	0.02444	0.01332	0.02228	0.01450	0.02246	0.01071	0.01243	0.00911	0.00658	0.00501	0.00187	0.00774	0.00418	0.00355	0.00931
4	0.01069	0.00762	0.01024	0.01024	0.01099	0.00836	0.00718	0.01217	0.01143	0.01598	0.02143	0.03771	0.02227	0.35635	0.41408	0.00985	0.01430	0.00920	0.00421	0.00569
5	0.02118	0.62420	0.03589	0.01378	0.01971	0.14398	0.01298	0.02348	0.01609	0.01758	0.01052	0.01216	0.00953	0.00657	0.00509	0.00164	0.00886	0.00411	0.00329	0.00937
6	0.01810	0.02793	0.36651	0.02278	0.03147	0.01693	0.21384	0.05862	0.01788	0.09320	0.01696	0.02139	0.01267	0.00779	0.00778	0.00244	0.01061	0.03801	0.00434	0.01074
7	0.02083	0.28553	0.11617	0.02207	0.17772	0.09897	0.01666	0.02455	0.01724	0.09740	0.04639	0.01767	0.01394	0.00739	0.00638	0.00198	0.00876	0.00572	0.00428	0.01036

[dist]
# distance from previous block
# <min> <max>
2	13

[block]
# block no. 8 follows, 27 sequences, length 13
# corresponding to MSA columns:
# 319-324,333-339
name=unknown_I
#
# <colnr> <probs for GDERKNQSTAVLIFYWHMCP>
#	G	D	E	R	K	N	Q	S	T	A	V	L	I	F	Y	W	H	M	C	P
0	0.01604	0.01959	0.18293	0.01733	0.06215	0.07423	0.03928	0.02149	0.05968	0.07628	0.10457	0.11362	0.07948	0.01269	0.00816	0.00253	0.00776	0.08736	0.00575	0.00908
1	0.02128	0.01475	0.01580	0.01259	0.01710	0.01542	0.01017	0.34458	0.02526	0.03680	0.01949	0.02104	0.01471	0.00835	0.00636	0.00189	0.00611	0.00645	0.28534	0.11651
2	0.01163	0.00778	0.01005	0.00954	0.01146	0.00709	0.00713	0.01473	0.01998	0.06930	0.53092	0.12749	0.11274	0.01595	0.00875	0.00242	0.00378	0.01405	0.00800	0.00719
3	0.46979	0.01707	0.01570	0.01285	0.01801	0.01934	0.01060	0.29421	0.02202	0.03899	0.01349	0.01449	0.00997	0.00774	0.00579	0.00227	0.00677	0.00514	0.00579	0.00997
4	0.00979	0.00756	0.00893	0.00859	0.01065	0.00670	0.00644	0.01263	0.01933	0.02577	0.43644	0.06203	0.32497	0.01667	0.00876	0.00241	0.00361	0.01435	0.00765	0.00670
5	0.01113	0.00841	0.01166	0.01209	0.01352	0.00930	0.00932	0.01517	0.07088	0.01941	0.02762	0.18436	0.02835	0.04053	0.41447	0.00818	0.01377	0.08961	0.00526	0.00697
6	0.11894	0.06499	0.14620	0.02009	0.07543	0.41084	0.01655	0.02667	0.01841	0.02147	0.01181	0.01396	0.00951	0.00731	0.00646	0.00205	0.01139	0.00492	0.00375	0.00926
7	0.00946	0.00685	0.00894	0.00988	0.01082	0.00633	0.00685	0.01144	0.01638	0.02221	0.23428	0.49627	0.09148	0.02062	0.00922	0.00279	0.00404	0.01853	0.00727	0.00633
8	0.01767	0.16425	0.43045	0.02130	0.07001	0.06849	0.05905	0.02409	0.01631	0.04380	0.01329	0.01554	0.00998	0.00696	0.00674	0.00218	0.01039	0.00548	0.00345	0.01059
9	0.01434	0.01074	0.01396	0.01273	0.01426	0.01247	0.00972	0.11758	0.01511	0.02110	0.01840	0.02900	0.01769	0.17396	0.32373	0.07495	0.10072	0.00800	0.00448	0.00706
10	0.01643	0.14775	0.43903	0.02423	0.12719	0.01939	0.07940	0.02322	0.01592	0.02267	0.01308	0.01583	0.00993	0.00681	0.00687	0.00222	0.01030	0.00569	0.00327	0.01077
11	0.01005	0.00710	0.00810	0.00846	0.00902	0.00678	0.00522	0.01067	0.01266	0.01641	0.03674	0.19798	0.15493	0.45361	0.02640	0.00544	0.00595	0.01388	0.00545	0.00515
12	0.01669	0.01782	0.10038	0.28418	0.07639	0.04079	0.13974	0.04337	0.01769	0.06353	0.10662	0.02417	0.01898	0.00833	0.00779	0.00239	0.00943	0.00780	0.00456	0.00935

[dist]
# distance from previous block
# <min> <max>
0	6

# created by:
# /home/berkeley/.conda/envs/busco_data_prod/bin/msa2prfl.pl pipeline/OGs_align_augustus/5794/35214.fs
