[name]
unknown

[dist]
# distance from previous block
# <min> <max>
0	18

[block]
# block no. 0 follows, 32 sequences, length 43
# corresponding to MSA columns:
# 18-60
name=unknown_A
#
# <colnr> <probs for GDERKNQSTAVLIFYWHMCP>
#	G	D	E	R	K	N	Q	S	T	A	V	L	I	F	Y	W	H	M	C	P
0	0.04269	0.04809	0.01381	0.01495	0.07318	0.01001	0.01175	0.01542	0.01553	0.02092	0.03165	0.06522	0.03385	0.01665	0.00882	0.00297	0.00653	0.55507	0.00587	0.00703
1	0.07748	0.01166	0.01348	0.01118	0.01548	0.01072	0.00871	0.02295	0.14040	0.17184	0.05967	0.12045	0.02110	0.00954	0.00652	0.00194	0.00517	0.00785	0.00610	0.27776
2	0.00881	0.00630	0.00824	0.00975	0.01020	0.00583	0.00650	0.00981	0.01321	0.01768	0.03733	0.75343	0.04461	0.02128	0.00879	0.00283	0.00411	0.01913	0.00641	0.00577
3	0.01038	0.00696	0.00777	0.00775	0.00781	0.00687	0.00436	0.01022	0.01015	0.01360	0.02164	0.04444	0.02482	0.75727	0.03413	0.00657	0.00670	0.00990	0.00426	0.00440
4	0.01812	0.01797	0.02268	0.06946	0.31581	0.11878	0.05084	0.02651	0.23916	0.02332	0.01761	0.01962	0.01394	0.00754	0.00693	0.00218	0.00811	0.00654	0.00466	0.01023
5	0.01605	0.01617	0.02233	0.44178	0.23552	0.11253	0.01858	0.01981	0.01506	0.01896	0.01250	0.01753	0.00995	0.00692	0.00685	0.00220	0.00926	0.00593	0.00335	0.00870
6	0.01035	0.00708	0.00840	0.00837	0.00865	0.00721	0.00513	0.01062	0.01034	0.01406	0.02107	0.04128	0.02344	0.62852	0.16100	0.00734	0.00876	0.00944	0.00418	0.00475
7	0.00967	0.00732	0.00890	0.00857	0.01032	0.00671	0.00637	0.01204	0.01712	0.02323	0.42970	0.05235	0.25280	0.03975	0.08148	0.00325	0.00502	0.01230	0.00674	0.00635
8	0.01441	0.03234	0.61682	0.02085	0.03025	0.01608	0.12841	0.02164	0.01478	0.02180	0.01287	0.01559	0.00933	0.00666	0.00686	0.00225	0.01029	0.00561	0.00313	0.01006
9	0.01537	0.01230	0.01439	0.01045	0.01637	0.00934	0.00831	0.01814	0.01456	0.06044	0.01330	0.01522	0.01086	0.00556	0.00533	0.00117	0.00521	0.00433	0.00441	0.75495
10	0.80446	0.01337	0.01029	0.00924	0.01341	0.01534	0.00753	0.02009	0.01180	0.03053	0.00996	0.01175	0.00785	0.00663	0.00442	0.00218	0.00539	0.00384	0.00435	0.00757
11	0.01327	0.01233	0.02046	0.74134	0.04633	0.01519	0.01878	0.01753	0.01378	0.01769	0.01252	0.01867	0.00951	0.00710	0.00695	0.00234	0.00911	0.00615	0.00319	0.00776
12	0.00881	0.00630	0.00824	0.00975	0.01020	0.00583	0.00650	0.00981	0.01321	0.01768	0.03733	0.75343	0.04461	0.02128	0.00879	0.00283	0.00411	0.01913	0.00641	0.00577
13	0.01547	0.00741	0.00797	0.00746	0.00955	0.00711	0.00567	0.01833	0.01512	0.11979	0.02300	0.02544	0.01761	0.00826	0.00523	0.00174	0.00370	0.00650	0.68739	0.00726
14	0.00982	0.00762	0.01025	0.11721	0.01553	0.00750	0.00819	0.01195	0.01541	0.02066	0.23597	0.34526	0.13564	0.01652	0.00825	0.00251	0.00457	0.01454	0.00627	0.00635
15	0.11689	0.00799	0.00823	0.00813	0.01034	0.00742	0.00605	0.01205	0.01562	0.02200	0.19243	0.13155	0.40612	0.01560	0.00772	0.00236	0.00387	0.01297	0.00637	0.00631
16	0.01590	0.01879	0.12276	0.11981	0.03096	0.01669	0.31412	0.02526	0.21344	0.02326	0.01763	0.02030	0.01328	0.00728	0.00747	0.00235	0.00924	0.00733	0.00445	0.00969
17	0.01022	0.00758	0.01090	0.01087	0.01201	0.00857	0.00825	0.01222	0.01108	0.01591	0.01879	0.02862	0.01795	0.11389	0.66812	0.01043	0.01703	0.00759	0.00384	0.00614
18	0.80446	0.01337	0.01029	0.00924	0.01341	0.01534	0.00753	0.02009	0.01180	0.03053	0.00996	0.01175	0.00785	0.00663	0.00442	0.00218	0.00539	0.00384	0.00435	0.00757
19	0.01431	0.01157	0.01328	0.00985	0.01522	0.00893	0.00776	0.01712	0.01429	0.02279	0.01385	0.01623	0.01147	0.00576	0.00519	0.00119	0.00493	0.00448	0.11131	0.69047
20	0.01687	0.45232	0.04870	0.01225	0.01671	0.09980	0.01118	0.01914	0.01494	0.01806	0.10661	0.01925	0.01763	0.01335	0.10375	0.00295	0.00890	0.00555	0.00385	0.00819
21	0.02369	0.01571	0.09393	0.01387	0.01903	0.01369	0.01216	0.10510	0.19552	0.35195	0.02396	0.02263	0.01664	0.01092	0.04643	0.00270	0.00711	0.00689	0.00706	0.01102
22	0.69785	0.11483	0.01369	0.00959	0.01398	0.01688	0.00809	0.02014	0.01210	0.02861	0.00996	0.01173	0.00803	0.00656	0.00444	0.00210	0.00566	0.00383	0.00418	0.00775
23	0.01716	0.01631	0.02750	0.04129	0.71592	0.01622	0.02072	0.02095	0.01562	0.02243	0.01320	0.01740	0.01118	0.00638	0.00689	0.00210	0.00815	0.00616	0.00353	0.01090
24	0.01141	0.00680	0.00917	0.01003	0.01119	0.00630	0.00723	0.01299	0.01399	0.11282	0.03541	0.58474	0.04001	0.01904	0.00840	0.00268	0.00439	0.09059	0.00650	0.00633
25	0.01177	0.00640	0.00692	0.00679	0.00836	0.00627	0.00509	0.01491	0.01528	0.02548	0.19256	0.03116	0.02849	0.00926	0.00548	0.00170	0.00314	0.00769	0.60697	0.00627
26	0.00950	0.00656	0.00730	0.00728	0.00764	0.00639	0.00427	0.00983	0.01079	0.01413	0.04902	0.04688	0.11899	0.64059	0.02982	0.00580	0.00598	0.01042	0.00446	0.00435
27	0.00858	0.00682	0.00770	0.00748	0.00946	0.00594	0.00561	0.01089	0.01683	0.02177	0.33783	0.05858	0.44748	0.01563	0.00792	0.00220	0.00330	0.01332	0.00671	0.00594
28	0.00935	0.00685	0.00876	0.00828	0.00993	0.00627	0.00621	0.01237	0.01864	0.02606	0.65599	0.05152	0.12664	0.01403	0.00792	0.00213	0.00319	0.01233	0.00727	0.00627
29	0.01794	0.76823	0.03516	0.01148	0.01722	0.02655	0.01148	0.02009	0.01363	0.01579	0.00933	0.01076	0.00861	0.00574	0.00431	0.00144	0.00718	0.00359	0.00287	0.00861
30	0.00840	0.00682	0.00745	0.00729	0.00935	0.00587	0.00547	0.01054	0.01641	0.02077	0.26414	0.06022	0.52179	0.01601	0.00793	0.00222	0.00333	0.01355	0.00658	0.00587
31	0.00867	0.00683	0.00782	0.00757	0.00952	0.00598	0.00568	0.01106	0.01704	0.02227	0.37539	0.05775	0.40961	0.01545	0.00792	0.00219	0.00329	0.01320	0.00678	0.00598
32	0.02078	0.12391	0.01966	0.01506	0.01896	0.35558	0.01183	0.02941	0.29283	0.02096	0.01696	0.01706	0.01334	0.00763	0.00612	0.00191	0.00874	0.00552	0.00472	0.00902
33	0.01401	0.01319	0.05404	0.01370	0.01704	0.06572	0.09726	0.03607	0.03347	0.06562	0.02713	0.22793	0.08160	0.03909	0.00897	0.00243	0.03482	0.06717	0.00518	0.09555
34	0.02092	0.02202	0.01720	0.01531	0.01910	0.31271	0.01177	0.09201	0.36532	0.02457	0.01935	0.01892	0.01481	0.00811	0.00650	0.00203	0.00828	0.00611	0.00543	0.00953
35	0.01267	0.01193	0.02013	0.74806	0.04621	0.01491	0.01863	0.01714	0.01342	0.01714	0.01193	0.01789	0.00894	0.00671	0.00671	0.00224	0.00894	0.00596	0.00298	0.00745
36	0.00908	0.00681	0.00841	0.00808	0.00978	0.00614	0.00603	0.01182	0.01790	0.02447	0.53938	0.07727	0.22067	0.01475	0.00794	0.00217	0.00325	0.01285	0.00707	0.00614
37	0.00821	0.00618	0.00763	0.00875	0.00970	0.00560	0.00609	0.00960	0.01363	0.01752	0.04555	0.54039	0.23203	0.01981	0.00841	0.00261	0.00384	0.04270	0.00623	0.00554
38	0.00916	0.00685	0.00850	0.00808	0.00982	0.00619	0.00606	0.01200	0.01819	0.02500	0.57717	0.05327	0.20613	0.01443	0.00792	0.00214	0.00322	0.01258	0.00713	0.00619
39	0.01680	0.66594	0.03164	0.01107	0.01625	0.02383	0.01079	0.01909	0.01435	0.01728	0.10464	0.01605	0.01596	0.00681	0.00479	0.00153	0.00664	0.00474	0.00348	0.00830
40	0.70383	0.01215	0.00974	0.00877	0.01258	0.01388	0.00714	0.01878	0.01244	0.02968	0.10465	0.01617	0.01480	0.00723	0.00466	0.00208	0.00492	0.00478	0.00459	0.00714
41	0.12636	0.01311	0.05289	0.01141	0.01689	0.01078	0.00981	0.02604	0.03591	0.38028	0.01940	0.01837	0.01319	0.00702	0.00589	0.00178	0.00565	0.00549	0.00621	0.23353
42	0.24650	0.09999	0.11200	0.01377	0.05268	0.03882	0.01182	0.07947	0.12114	0.02511	0.01572	0.02077	0.01343	0.07652	0.00829	0.00248	0.00678	0.04174	0.00450	0.00847

[dist]
# distance from previous block
# <min> <max>
0	26

[block]
# block no. 1 follows, 32 sequences, length 37
# corresponding to MSA columns:
# 87-123
name=unknown_B
#
# <colnr> <probs for GDERKNQSTAVLIFYWHMCP>
#	G	D	E	R	K	N	Q	S	T	A	V	L	I	F	Y	W	H	M	C	P
0	0.01118	0.00811	0.01014	0.00918	0.01116	0.00785	0.00701	0.08490	0.02031	0.02852	0.64494	0.04655	0.05786	0.01312	0.00779	0.00210	0.00361	0.01149	0.00732	0.00686
1	0.01649	0.01796	0.14524	0.09116	0.26315	0.01437	0.01681	0.08221	0.03388	0.05489	0.01361	0.01613	0.01053	0.00626	0.00623	0.00182	0.00749	0.00542	0.00397	0.19239
2	0.01320	0.01246	0.02107	0.65385	0.13633	0.01505	0.01890	0.01760	0.01366	0.01778	0.01202	0.01772	0.00917	0.00661	0.00670	0.00220	0.00881	0.00597	0.00303	0.00788
3	0.01453	0.01512	0.03016	0.02266	0.02789	0.01451	0.46780	0.02071	0.07638	0.02243	0.09201	0.03026	0.02071	0.00864	0.00802	0.00237	0.00920	0.10361	0.00451	0.00849
4	0.01721	0.01390	0.02043	0.01583	0.02029	0.01384	0.18420	0.24004	0.02090	0.06650	0.07200	0.10525	0.13472	0.01057	0.00744	0.00217	0.00692	0.00960	0.00579	0.03239
5	0.00888	0.00702	0.00815	0.00857	0.01049	0.00628	0.00681	0.01109	0.01564	0.01956	0.12852	0.09278	0.43982	0.01721	0.00831	0.00249	0.00414	0.19204	0.00634	0.00587
6	0.01391	0.01193	0.01391	0.00994	0.01590	0.00894	0.00795	0.01690	0.01391	0.02186	0.01193	0.01391	0.00994	0.00497	0.00497	0.00099	0.00497	0.00398	0.00398	0.80521
7	0.00946	0.00772	0.01030	0.01268	0.10716	0.00710	0.00782	0.01152	0.01501	0.01970	0.15402	0.30475	0.27499	0.01640	0.00798	0.00237	0.00416	0.01447	0.00602	0.00637
8	0.01571	0.01462	0.02251	0.19878	0.38579	0.01589	0.01760	0.02362	0.19143	0.02237	0.01619	0.01905	0.01274	0.00694	0.00670	0.00212	0.00752	0.00638	0.00413	0.00989
9	0.01238	0.01020	0.01690	0.53834	0.03558	0.01233	0.01500	0.01476	0.01209	0.01559	0.01185	0.01860	0.00971	0.01142	0.01224	0.22990	0.00806	0.00592	0.00296	0.00617
10	0.00828	0.00615	0.00773	0.00873	0.00963	0.00560	0.00601	0.00980	0.01407	0.01850	0.12472	0.53568	0.18190	0.01934	0.00836	0.00256	0.00371	0.01726	0.00637	0.00560
11	0.04409	0.01447	0.02362	0.02847	0.38027	0.01408	0.08749	0.02455	0.04665	0.21921	0.01740	0.01895	0.01277	0.00679	0.00668	0.00205	0.00735	0.00640	0.02827	0.01045
12	0.00845	0.00604	0.00810	0.00966	0.01017	0.00569	0.00671	0.00982	0.01312	0.01744	0.03683	0.68791	0.04377	0.02076	0.00864	0.00276	0.00413	0.08824	0.00622	0.00553
13	0.01474	0.01245	0.01348	0.01267	0.01568	0.01411	0.00961	0.02963	0.55041	0.02556	0.02953	0.19340	0.02596	0.01183	0.00723	0.00238	0.00499	0.01022	0.00669	0.00944
14	0.05508	0.54500	0.03194	0.01656	0.11421	0.07507	0.04263	0.02068	0.01424	0.01758	0.01004	0.01198	0.00889	0.00588	0.00490	0.00160	0.00773	0.00416	0.00306	0.00878
15	0.01211	0.01388	0.11847	0.01560	0.03942	0.01110	0.14188	0.01714	0.06940	0.02102	0.14471	0.05605	0.05714	0.09335	0.08715	0.00364	0.00823	0.07736	0.00486	0.00748
16	0.01468	0.01381	0.02336	0.25404	0.44202	0.01484	0.01873	0.01865	0.01424	0.01980	0.01296	0.01801	0.01075	0.01080	0.08250	0.00298	0.00931	0.00610	0.00325	0.00918
17	0.01116	0.00717	0.00882	0.00851	0.01050	0.00636	0.00633	0.01338	0.01660	0.10454	0.29222	0.19541	0.26254	0.01560	0.00791	0.00228	0.00369	0.01355	0.00689	0.00654
18	0.01696	0.08392	0.13502	0.03005	0.41800	0.01699	0.01875	0.04352	0.07003	0.04932	0.01388	0.01652	0.01107	0.00667	0.00709	0.00203	0.04040	0.00577	0.00376	0.01025
19	0.00803	0.00642	0.00718	0.00779	0.00932	0.00558	0.00554	0.00952	0.01434	0.01774	0.05592	0.33486	0.45710	0.01856	0.00818	0.00244	0.00359	0.01607	0.00623	0.00558
20	0.01875	0.01706	0.01860	0.01442	0.01954	0.16511	0.10387	0.04840	0.04873	0.09600	0.01472	0.01619	0.01130	0.00628	0.00593	0.00156	0.00744	0.00524	0.04405	0.33680
21	0.01489	0.01266	0.02077	0.52974	0.13783	0.01503	0.01786	0.01891	0.01395	0.07936	0.01306	0.01790	0.00984	0.00711	0.00783	0.00224	0.06325	0.00603	0.00349	0.00824
22	0.56597	0.01781	0.01281	0.01131	0.01541	0.18102	0.00903	0.07793	0.01483	0.02798	0.01014	0.01161	0.00793	0.00654	0.00480	0.00199	0.00696	0.00399	0.00421	0.00773
23	0.02229	0.01039	0.01318	0.01068	0.01452	0.00967	0.00860	0.09536	0.01972	0.39142	0.18694	0.02884	0.02709	0.00948	0.00672	0.00200	0.00492	0.00787	0.12083	0.00949
24	0.01572	0.01439	0.02321	0.36492	0.33637	0.01598	0.01886	0.09040	0.01613	0.02186	0.01267	0.01715	0.00993	0.00653	0.00668	0.00211	0.00836	0.00598	0.00352	0.00924
25	0.01791	0.01460	0.01563	0.01351	0.01742	0.01652	0.01065	0.18198	0.48561	0.03113	0.09747	0.02567	0.02295	0.00935	0.00692	0.00220	0.00555	0.00772	0.00686	0.01035
26	0.40137	0.01534	0.08875	0.03698	0.07884	0.01446	0.01134	0.06834	0.04725	0.10061	0.04699	0.01752	0.03224	0.00736	0.00553	0.00209	0.00612	0.00541	0.00484	0.00863
27	0.01670	0.09199	0.01599	0.01230	0.01589	0.01527	0.00977	0.02919	0.44864	0.08615	0.02697	0.02903	0.05236	0.08181	0.00932	0.00261	0.00560	0.03472	0.00622	0.00944
28	0.00847	0.00618	0.00797	0.00887	0.00974	0.00568	0.00614	0.01017	0.01457	0.01959	0.20474	0.51996	0.11539	0.01886	0.00834	0.00253	0.00367	0.01691	0.00651	0.00568
29	0.04085	0.01726	0.09775	0.11189	0.29413	0.01613	0.06090	0.09528	0.04704	0.08577	0.01445	0.01718	0.01101	0.00701	0.00759	0.00213	0.05343	0.00606	0.00419	0.00994
30	0.09981	0.01528	0.02479	0.09930	0.58894	0.01576	0.01902	0.02020	0.01471	0.02237	0.01222	0.01612	0.01013	0.00607	0.00639	0.00202	0.00776	0.00573	0.00338	0.01000
31	0.02202	0.01359	0.07576	0.01190	0.01653	0.04390	0.01035	0.02651	0.08440	0.39819	0.09273	0.03041	0.12399	0.00992	0.00697	0.00211	0.00576	0.00814	0.00707	0.00974
32	0.01227	0.00721	0.00909	0.00908	0.01095	0.00641	0.00662	0.01405	0.01529	0.14852	0.11650	0.37312	0.21128	0.01689	0.00800	0.00242	0.00402	0.01483	0.00673	0.00669
33	0.01493	0.08548	0.29879	0.02631	0.30892	0.01580	0.01981	0.02050	0.03451	0.02123	0.01408	0.05033	0.01177	0.00698	0.00635	0.00202	0.00818	0.00605	0.03821	0.00975
34	0.01936	0.04165	0.12045	0.02839	0.37550	0.01653	0.01795	0.15282	0.03917	0.10063	0.01502	0.01691	0.01135	0.00676	0.00656	0.00201	0.00778	0.00591	0.00452	0.01070
35	0.01902	0.26213	0.08773	0.01600	0.02135	0.09619	0.10106	0.15427	0.08454	0.02332	0.01358	0.01566	0.01095	0.02889	0.00739	0.00203	0.03700	0.00547	0.00416	0.00925
36	0.01901	0.41760	0.02919	0.01916	0.17137	0.14299	0.01371	0.04261	0.05298	0.01869	0.01139	0.01319	0.00978	0.00624	0.00532	0.00167	0.00808	0.00452	0.00340	0.00910

[dist]
# distance from previous block
# <min> <max>
0	1

[block]
# block no. 2 follows, 32 sequences, length 42
# corresponding to MSA columns:
# 125-166
name=unknown_C
#
# <colnr> <probs for GDERKNQSTAVLIFYWHMCP>
#	G	D	E	R	K	N	Q	S	T	A	V	L	I	F	Y	W	H	M	C	P
0	0.01670	0.00933	0.01130	0.00969	0.01267	0.00892	0.00762	0.08844	0.04077	0.19861	0.28939	0.03680	0.10087	0.01110	0.00699	0.00203	0.00430	0.00936	0.12700	0.00815
1	0.00813	0.00650	0.00728	0.00774	0.00935	0.00565	0.00556	0.00977	0.01480	0.01849	0.10876	0.28566	0.45267	0.01803	0.00813	0.00240	0.00354	0.01557	0.00632	0.00565
2	0.10251	0.18777	0.20764	0.01536	0.03595	0.07758	0.03795	0.07655	0.04922	0.12818	0.01428	0.01505	0.01052	0.00678	0.00582	0.00193	0.00796	0.00506	0.00437	0.00953
3	0.01819	0.02105	0.16918	0.02311	0.21686	0.12331	0.04260	0.08550	0.03967	0.08108	0.01693	0.10113	0.01461	0.00840	0.00679	0.00209	0.00833	0.00721	0.00442	0.00954
4	0.00991	0.00645	0.00743	0.00743	0.00743	0.00645	0.00420	0.00968	0.00968	0.01290	0.02040	0.04208	0.02340	0.70648	0.03353	0.06868	0.00645	0.00945	0.00398	0.00398
5	0.02116	0.08771	0.02327	0.02425	0.23503	0.41444	0.03584	0.02375	0.01709	0.01818	0.01129	0.01396	0.00953	0.00774	0.02711	0.00206	0.01057	0.00496	0.00337	0.00871
6	0.01697	0.01965	0.12296	0.03292	0.41517	0.04094	0.15718	0.07110	0.01657	0.02306	0.01292	0.01639	0.01024	0.00615	0.00685	0.00206	0.00900	0.00618	0.00352	0.01018
7	0.01941	0.01577	0.01671	0.01421	0.01849	0.01796	0.01128	0.24098	0.50045	0.03246	0.02385	0.02228	0.01768	0.00878	0.00679	0.00219	0.00595	0.00711	0.00679	0.01086
8	0.04365	0.01822	0.01779	0.01525	0.04578	0.13447	0.01171	0.26091	0.16794	0.12306	0.01824	0.01792	0.01329	0.00774	0.00642	0.00195	0.00726	0.00594	0.00599	0.07647
9	0.00985	0.00631	0.00899	0.00961	0.01013	0.00647	0.00682	0.01009	0.01108	0.01503	0.02360	0.27636	0.02612	0.05803	0.19325	0.25922	0.00819	0.05166	0.00445	0.00477
10	0.81159	0.01298	0.00986	0.00882	0.01298	0.01505	0.00727	0.01972	0.01142	0.03010	0.00934	0.01090	0.00727	0.00623	0.00415	0.00208	0.00519	0.00363	0.00415	0.00727
11	0.01775	0.01634	0.02662	0.06439	0.54904	0.01670	0.05975	0.12282	0.01769	0.02477	0.01318	0.01667	0.01065	0.00630	0.00673	0.00202	0.00812	0.00610	0.00382	0.01053
12	0.13536	0.01451	0.02287	0.21035	0.44904	0.01555	0.01810	0.01961	0.01424	0.02198	0.01196	0.01606	0.00971	0.00620	0.00628	0.00207	0.00779	0.00562	0.00336	0.00934
13	0.01317	0.00991	0.01269	0.15229	0.01918	0.01081	0.01019	0.11824	0.07060	0.02317	0.02700	0.25643	0.04585	0.01325	0.00734	0.00236	0.00563	0.08307	0.11148	0.00733
14	0.01551	0.12697	0.07761	0.07471	0.01973	0.01396	0.05681	0.02110	0.12077	0.11338	0.04998	0.07631	0.12361	0.01054	0.00737	0.00219	0.02901	0.04671	0.00528	0.00844
15	0.01684	0.12311	0.01455	0.00982	0.01312	0.01078	0.00793	0.01958	0.04319	0.22942	0.11751	0.05791	0.16998	0.09014	0.04414	0.00292	0.00572	0.00922	0.00616	0.00794
16	0.01732	0.01394	0.03633	0.04505	0.34305	0.01394	0.01505	0.02288	0.11976	0.12653	0.03367	0.05309	0.01647	0.06696	0.00966	0.00249	0.04204	0.00729	0.00482	0.00967
17	0.01348	0.04757	0.23579	0.01974	0.13595	0.01336	0.07397	0.04979	0.01537	0.02113	0.02379	0.03178	0.10889	0.01297	0.06408	0.00292	0.00869	0.10801	0.00416	0.00855
18	0.01525	0.01218	0.02050	0.18451	0.21421	0.01272	0.08765	0.01859	0.01397	0.10051	0.01612	0.02288	0.01366	0.11390	0.12055	0.00401	0.00960	0.00696	0.00397	0.00827
19	0.01361	0.01266	0.02119	0.34660	0.31831	0.01391	0.01757	0.01738	0.01410	0.01910	0.01598	0.12910	0.01497	0.00856	0.00696	0.00221	0.00778	0.00794	0.00361	0.00846
20	0.02264	0.13732	0.02201	0.10572	0.13045	0.01620	0.01346	0.12675	0.01851	0.28565	0.01753	0.01798	0.01237	0.00743	0.00690	0.00200	0.03544	0.00588	0.00556	0.01020
21	0.02200	0.13504	0.02099	0.01682	0.07214	0.33753	0.02674	0.07843	0.01823	0.10394	0.01567	0.09354	0.01380	0.00840	0.00628	0.00189	0.00901	0.00641	0.00449	0.00863
22	0.01258	0.00733	0.00999	0.01070	0.01223	0.00687	0.00824	0.01457	0.01469	0.13426	0.03481	0.42831	0.03806	0.01817	0.00848	0.00273	0.00489	0.21987	0.00655	0.00665
23	0.01754	0.01646	0.01535	0.01413	0.01759	0.13334	0.01112	0.05840	0.46448	0.02555	0.02531	0.03018	0.02090	0.01012	0.00706	0.00230	0.00664	0.10783	0.00617	0.00952
24	0.01647	0.65341	0.03104	0.01116	0.01609	0.02337	0.01069	0.01847	0.01352	0.01599	0.01349	0.12357	0.01400	0.00804	0.00495	0.00163	0.00668	0.00592	0.00338	0.00813
25	0.00938	0.00642	0.00778	0.00814	0.00835	0.00646	0.00500	0.00989	0.01057	0.01421	0.02444	0.20568	0.02818	0.52106	0.10057	0.00608	0.00709	0.01162	0.00451	0.00458
26	0.01364	0.14185	0.43209	0.01755	0.02502	0.01592	0.09925	0.01931	0.01408	0.01981	0.01556	0.12640	0.01412	0.00840	0.00657	0.00212	0.00875	0.00722	0.00342	0.00894
27	0.01315	0.01286	0.02306	0.63966	0.04453	0.01522	0.12094	0.01780	0.01378	0.01780	0.01217	0.01792	0.00913	0.00655	0.00689	0.00224	0.00930	0.00626	0.00304	0.00769
28	0.01164	0.12231	0.01327	0.00931	0.01018	0.01139	0.00659	0.01216	0.01041	0.01385	0.01772	0.03503	0.01994	0.54989	0.02804	0.00527	0.10575	0.00831	0.00374	0.00519
29	0.13779	0.01562	0.02574	0.02995	0.38309	0.01564	0.15404	0.04854	0.01582	0.08987	0.01375	0.01661	0.01062	0.00625	0.00654	0.00207	0.00799	0.00609	0.00406	0.00991
30	0.00849	0.00627	0.00794	0.00868	0.00970	0.00572	0.00607	0.01029	0.01491	0.01994	0.22664	0.45385	0.16006	0.01838	0.00828	0.00248	0.00362	0.01639	0.00654	0.00572
31	0.01310	0.00953	0.01213	0.01201	0.01411	0.01004	0.00984	0.15006	0.01783	0.02392	0.08218	0.14470	0.03229	0.02160	0.12780	0.00401	0.00781	0.29396	0.00596	0.00711
32	0.01123	0.00817	0.01114	0.06732	0.01401	0.00858	0.00829	0.02856	0.01617	0.05564	0.36205	0.14783	0.05792	0.03989	0.07509	0.00318	0.06084	0.01138	0.00610	0.00660
33	0.02380	0.01015	0.01355	0.01124	0.01542	0.00891	0.00930	0.02637	0.01812	0.51109	0.04858	0.03693	0.11420	0.01112	0.00731	0.00225	0.00542	0.10882	0.00769	0.00975
34	0.01457	0.01394	0.02288	0.21572	0.15273	0.01613	0.11077	0.05640	0.01427	0.01979	0.01442	0.09648	0.01333	0.00932	0.01094	0.00241	0.19637	0.00763	0.00365	0.00823
35	0.01742	0.01575	0.02463	0.13218	0.49141	0.01657	0.01867	0.12315	0.05029	0.02463	0.01375	0.01710	0.01098	0.00654	0.00667	0.00204	0.00789	0.00606	0.00395	0.01031
36	0.01339	0.01880	0.19792	0.02214	0.11780	0.01389	0.23653	0.01819	0.01457	0.02018	0.02218	0.04843	0.11824	0.01179	0.06476	0.00290	0.03790	0.00810	0.00376	0.00854
37	0.01166	0.00968	0.01515	0.45779	0.03164	0.01139	0.01355	0.01529	0.01386	0.01909	0.07258	0.14294	0.02022	0.00976	0.00680	0.00221	0.00679	0.00863	0.12410	0.00686
38	0.01843	0.07359	0.02482	0.24494	0.17141	0.01676	0.10685	0.13804	0.01789	0.10104	0.01441	0.01734	0.01069	0.00675	0.00667	0.00207	0.00830	0.00614	0.00433	0.00952
39	0.01664	0.01355	0.02010	0.06750	0.26213	0.06313	0.07152	0.01974	0.01541	0.12415	0.05217	0.13243	0.01964	0.03741	0.05163	0.00282	0.00798	0.00860	0.00472	0.00874
40	0.01235	0.00927	0.01436	0.01581	0.12903	0.00870	0.06271	0.01504	0.01589	0.08107	0.22089	0.27081	0.08879	0.01397	0.00782	0.00231	0.00505	0.01274	0.00603	0.00734
41	0.01320	0.00823	0.01125	0.01199	0.04615	0.00773	0.00919	0.01598	0.01657	0.12774	0.19087	0.11548	0.10511	0.01537	0.00827	0.00255	0.00505	0.27553	0.00665	0.00710

[dist]
# distance from previous block
# <min> <max>
0	38

# created by:
# /home/berkeley/.conda/envs/busco_data_prod/bin/msa2prfl.pl pipeline/OGs_align_augustus/5794/35234.fs
