[name]
unknown

[dist]
# distance from previous block
# <min> <max>
8	30

[block]
# block no. 0 follows, 34 sequences, length 14
# corresponding to MSA columns:
# 30-43
name=unknown_A
#
# <colnr> <probs for GDERKNQSTAVLIFYWHMCP>
#	G	D	E	R	K	N	Q	S	T	A	V	L	I	F	Y	W	H	M	C	P
0	0.01856	0.09480	0.36621	0.01482	0.02170	0.01389	0.01657	0.02343	0.01532	0.25912	0.05322	0.01793	0.01356	0.00726	0.00669	0.00199	0.03495	0.00562	0.00472	0.00964
1	0.01333	0.17081	0.28119	0.01578	0.02164	0.01549	0.11895	0.01805	0.01465	0.02044	0.17933	0.02170	0.02084	0.00788	0.00720	0.00198	0.05207	0.00661	0.00385	0.00822
2	0.01534	0.08467	0.50957	0.02026	0.12848	0.01530	0.02087	0.02139	0.01425	0.09220	0.01288	0.01458	0.00928	0.00622	0.00606	0.00197	0.00867	0.00499	0.00333	0.00970
3	0.05335	0.03115	0.13300	0.06995	0.03942	0.03071	0.02571	0.14142	0.05637	0.05900	0.09188	0.01884	0.01583	0.00722	0.00630	0.00179	0.02074	0.00580	0.00468	0.18684
4	0.01058	0.00690	0.00889	0.00832	0.01012	0.00626	0.00626	0.01331	0.01755	0.08440	0.55633	0.09698	0.12227	0.01357	0.00757	0.00208	0.00333	0.01190	0.00700	0.00639
5	0.01729	0.01800	0.01588	0.01608	0.09896	0.24079	0.01094	0.02485	0.25832	0.02046	0.01941	0.02189	0.04487	0.08640	0.00892	0.00231	0.00745	0.00634	0.00465	0.07617
6	0.01743	0.55773	0.02811	0.01124	0.01620	0.02189	0.01054	0.05686	0.08588	0.05439	0.07262	0.01579	0.01441	0.00674	0.00492	0.00158	0.00634	0.00481	0.00397	0.00858
7	0.01180	0.00988	0.04131	0.01031	0.01253	0.04260	0.00798	0.01366	0.01342	0.07810	0.02965	0.42912	0.08238	0.01486	0.00805	0.00223	0.04660	0.01287	0.00540	0.12728
8	0.09425	0.07104	0.22347	0.01569	0.08238	0.01453	0.01429	0.07196	0.13142	0.02364	0.04844	0.02263	0.04881	0.00803	0.00613	0.00199	0.00673	0.04841	0.00442	0.06174
9	0.01621	0.01861	0.22188	0.01405	0.01938	0.01423	0.01373	0.05433	0.34653	0.10149	0.09129	0.02294	0.01977	0.00833	0.00654	0.00210	0.00630	0.00687	0.00567	0.00974
10	0.02534	0.01111	0.01462	0.01104	0.01622	0.00929	0.00907	0.02792	0.01730	0.56925	0.02221	0.01998	0.01449	0.00724	0.00610	0.00175	0.00533	0.00587	0.00702	0.19885
11	0.00795	0.00634	0.00712	0.00739	0.00903	0.00551	0.00536	0.00970	0.01477	0.01865	0.16994	0.22546	0.45653	0.01674	0.00778	0.00226	0.00335	0.01442	0.00619	0.00551
12	0.01539	0.01820	0.13832	0.15114	0.09562	0.01524	0.37763	0.02061	0.01478	0.06925	0.01335	0.01701	0.00982	0.00593	0.00701	0.00212	0.00964	0.00663	0.00344	0.00887
13	0.01384	0.01332	0.02323	0.27638	0.35311	0.01422	0.08616	0.01781	0.01386	0.01895	0.01442	0.01898	0.03752	0.00940	0.05925	0.00264	0.00883	0.00632	0.00322	0.00856

[dist]
# distance from previous block
# <min> <max>
0	31

[block]
# block no. 1 follows, 34 sequences, length 59
# corresponding to MSA columns:
# 75-133
name=unknown_B
#
# <colnr> <probs for GDERKNQSTAVLIFYWHMCP>
#	G	D	E	R	K	N	Q	S	T	A	V	L	I	F	Y	W	H	M	C	P
0	0.00895	0.00645	0.00846	0.00826	0.00961	0.00596	0.00608	0.01169	0.01736	0.02444	0.62060	0.16108	0.05811	0.01431	0.00772	0.00212	0.00316	0.01273	0.00694	0.00596
1	0.00783	0.00577	0.00734	0.00860	0.00927	0.00528	0.00582	0.00904	0.01275	0.01665	0.04047	0.65364	0.15467	0.01961	0.00815	0.00255	0.00367	0.01760	0.00600	0.00528
2	0.01464	0.01410	0.02300	0.10454	0.39482	0.01576	0.04532	0.01817	0.02826	0.01916	0.01309	0.04806	0.01190	0.00816	0.01021	0.00224	0.19113	0.02535	0.00334	0.00877
3	0.01998	0.02022	0.01477	0.01354	0.01635	0.38776	0.01006	0.02339	0.09591	0.10901	0.01875	0.13567	0.01734	0.07787	0.00880	0.00233	0.00841	0.00751	0.00476	0.00758
4	0.02792	0.01271	0.01606	0.01231	0.01735	0.01205	0.01017	0.19580	0.02137	0.56872	0.02308	0.02043	0.01478	0.00794	0.00649	0.00198	0.00589	0.00633	0.00763	0.01099
5	0.00906	0.00626	0.00803	0.00903	0.00992	0.00585	0.00646	0.01047	0.01297	0.03958	0.03743	0.47656	0.12696	0.09071	0.01057	0.00295	0.00433	0.12156	0.00586	0.00544
6	0.01726	0.01096	0.01408	0.01409	0.10983	0.01064	0.00965	0.14977	0.01944	0.19019	0.20181	0.03448	0.16916	0.01061	0.00698	0.00202	0.00505	0.00898	0.00644	0.00858
7	0.01514	0.01478	0.01956	0.11194	0.07466	0.07607	0.04842	0.07508	0.01439	0.01981	0.10213	0.01910	0.01560	0.00955	0.01331	0.00237	0.35023	0.00643	0.00378	0.00764
8	0.41904	0.35936	0.02093	0.01003	0.01469	0.05341	0.00909	0.01947	0.01230	0.02214	0.00904	0.01049	0.00764	0.00582	0.00415	0.00170	0.00617	0.00351	0.00341	0.00761
9	0.69227	0.01148	0.00895	0.00811	0.01172	0.01317	0.00661	0.01838	0.01140	0.02822	0.01089	0.01262	0.00850	0.00624	0.00408	0.00192	0.00469	0.00389	0.13002	0.00684
10	0.00791	0.00579	0.00743	0.00864	0.00930	0.00532	0.00586	0.00919	0.01297	0.01709	0.07404	0.64252	0.13142	0.01940	0.00814	0.00254	0.00365	0.01743	0.00605	0.00532
11	0.01271	0.00961	0.01464	0.08010	0.21107	0.00945	0.01109	0.01565	0.01572	0.08307	0.26834	0.16232	0.05684	0.01150	0.00720	0.00212	0.00512	0.01036	0.00553	0.00757
12	0.01095	0.01013	0.01587	0.55178	0.03471	0.01192	0.01437	0.01453	0.01341	0.01677	0.02626	0.02954	0.20616	0.00917	0.00678	0.00216	0.00715	0.00790	0.00373	0.00671
13	0.81856	0.01250	0.00950	0.00850	0.01250	0.01449	0.00700	0.01899	0.01100	0.02899	0.00900	0.01050	0.00700	0.00600	0.00400	0.00200	0.00500	0.00350	0.00400	0.00700
14	0.00833	0.00596	0.00701	0.00785	0.00894	0.00541	0.00547	0.00986	0.01326	0.01776	0.04305	0.45349	0.25351	0.01741	0.00758	0.00234	0.00351	0.01532	0.10853	0.00541
15	0.01692	0.01714	0.01942	0.12484	0.02190	0.14509	0.01417	0.10629	0.01441	0.01895	0.01008	0.01433	0.00879	0.00934	0.01450	0.00241	0.42492	0.00543	0.00339	0.00766
16	0.01373	0.02808	0.50506	0.02136	0.02991	0.01545	0.25290	0.02054	0.01418	0.02054	0.01209	0.01491	0.00873	0.00591	0.00664	0.00209	0.01000	0.00573	0.00291	0.00927
17	0.00971	0.00689	0.00869	0.00818	0.00981	0.00655	0.00616	0.01346	0.05041	0.02581	0.63719	0.04512	0.05533	0.01253	0.00731	0.00200	0.00314	0.01101	0.07443	0.00628
18	0.01597	0.00952	0.01125	0.00981	0.01299	0.00919	0.00769	0.02199	0.17945	0.22612	0.18516	0.03903	0.22187	0.01157	0.00706	0.00210	0.00428	0.00973	0.00694	0.00827
19	0.01496	0.01412	0.02385	0.03576	0.64071	0.01407	0.01807	0.01845	0.01441	0.02052	0.01513	0.11164	0.01436	0.00760	0.00663	0.00201	0.00718	0.00736	0.00355	0.00960
20	0.02509	0.01157	0.01476	0.01161	0.01611	0.01087	0.00948	0.12762	0.05270	0.50798	0.11832	0.02467	0.02146	0.00870	0.00665	0.00200	0.00539	0.00713	0.00759	0.01030
21	0.00783	0.00608	0.00713	0.00786	0.00910	0.00538	0.00552	0.00928	0.01371	0.01739	0.08350	0.41850	0.34933	0.01817	0.00794	0.00240	0.00350	0.01593	0.00605	0.00538
22	0.01550	0.47151	0.32364	0.01408	0.02126	0.02123	0.01632	0.01981	0.01334	0.01736	0.01006	0.01171	0.00825	0.00578	0.00496	0.00165	0.00799	0.00400	0.00275	0.00881
23	0.09290	0.01499	0.01693	0.01308	0.01809	0.01566	0.01080	0.40086	0.02434	0.29804	0.01867	0.01749	0.01251	0.00770	0.00627	0.00197	0.00633	0.00587	0.00683	0.01066
24	0.12017	0.01729	0.11513	0.03289	0.54880	0.01520	0.01867	0.01980	0.01409	0.02205	0.01167	0.01498	0.00955	0.00584	0.00605	0.00195	0.00757	0.00534	0.00324	0.00973
25	0.01418	0.01666	0.12599	0.17991	0.26424	0.04377	0.05151	0.01983	0.07811	0.02095	0.10473	0.02065	0.01682	0.00720	0.00658	0.00203	0.00765	0.00653	0.00387	0.00877
26	0.02669	0.01049	0.01426	0.01111	0.01570	0.00910	0.00910	0.02925	0.01847	0.65465	0.10707	0.02504	0.02121	0.00860	0.00663	0.00200	0.00521	0.00710	0.00789	0.01043
27	0.01375	0.01389	0.02622	0.05541	0.21074	0.01417	0.28485	0.01757	0.01367	0.01907	0.01509	0.09005	0.01374	0.01298	0.10293	0.00325	0.07311	0.00784	0.00348	0.00820
28	0.01531	0.00801	0.01083	0.00946	0.01201	0.00740	0.00740	0.01809	0.01734	0.24491	0.42020	0.03720	0.04131	0.01610	0.10174	0.00309	0.00563	0.00947	0.00692	0.00757
29	0.01167	0.00610	0.00636	0.00629	0.00780	0.00603	0.00472	0.01469	0.01416	0.02432	0.11152	0.02718	0.02223	0.00825	0.00491	0.00157	0.00302	0.00675	0.70641	0.00603
30	0.00936	0.00632	0.00730	0.00722	0.00746	0.00624	0.00426	0.00983	0.01079	0.01462	0.13136	0.04322	0.02936	0.65396	0.02893	0.00560	0.00576	0.00975	0.00442	0.00426
31	0.00806	0.00582	0.00763	0.00875	0.00939	0.00539	0.00596	0.00951	0.01341	0.01801	0.14560	0.62320	0.07740	0.01896	0.00812	0.00251	0.00362	0.01710	0.00617	0.00539
32	0.02661	0.01481	0.01736	0.01331	0.01840	0.01516	0.01099	0.39668	0.02488	0.36288	0.02013	0.01851	0.01330	0.00787	0.00648	0.00197	0.00636	0.00613	0.00717	0.01099
33	0.01676	0.15537	0.26125	0.01940	0.08740	0.16373	0.10544	0.02244	0.07238	0.01925	0.01226	0.01423	0.00956	0.00623	0.00598	0.00187	0.00916	0.00508	0.00328	0.00893
34	0.08276	0.11353	0.04215	0.01512	0.02015	0.01795	0.12043	0.35881	0.02239	0.03110	0.09736	0.01855	0.01593	0.00757	0.00628	0.00192	0.00710	0.00627	0.00527	0.00936
35	0.01206	0.00738	0.00792	0.00758	0.00943	0.00761	0.00575	0.01747	0.12532	0.02494	0.17182	0.02921	0.02646	0.00892	0.00550	0.00172	0.00335	0.00742	0.51345	0.00670
36	0.02020	0.02334	0.26308	0.01602	0.02256	0.03307	0.01611	0.42924	0.05893	0.03266	0.01461	0.01523	0.01042	0.00724	0.00635	0.00198	0.00793	0.00550	0.00514	0.01039
37	0.01296	0.03342	0.73944	0.01842	0.02797	0.01501	0.02387	0.02046	0.01364	0.02046	0.01160	0.01364	0.00818	0.00614	0.00614	0.00205	0.00955	0.00477	0.00273	0.00955
38	0.01409	0.11401	0.19071	0.01193	0.01854	0.01232	0.01203	0.01797	0.01352	0.03424	0.01147	0.01324	0.00920	0.00527	0.00506	0.00129	0.00622	0.00406	0.00351	0.50132
39	0.11837	0.01054	0.01322	0.01045	0.01489	0.00963	0.00857	0.02795	0.01700	0.56440	0.02302	0.02093	0.01502	0.00771	0.00596	0.00194	0.00512	0.00609	0.10929	0.00990
40	0.00903	0.00687	0.00989	0.00989	0.01118	0.00774	0.00767	0.01125	0.01094	0.01531	0.02346	0.03008	0.10732	0.04436	0.65285	0.00934	0.01551	0.00778	0.00379	0.00573
41	0.11662	0.01249	0.01807	0.02460	0.36934	0.01292	0.01354	0.01923	0.10620	0.02259	0.08154	0.13711	0.02069	0.00912	0.00651	0.00209	0.00597	0.00818	0.00453	0.00867
42	0.01580	0.01588	0.02926	0.03649	0.55456	0.01560	0.19546	0.02005	0.01485	0.02100	0.01239	0.01636	0.01012	0.00568	0.00671	0.00199	0.00850	0.00623	0.00322	0.00985
43	0.00892	0.00668	0.00841	0.00953	0.01032	0.00663	0.00654	0.01223	0.10287	0.01784	0.03442	0.67361	0.03980	0.01878	0.00803	0.00257	0.00392	0.01696	0.00607	0.00588
44	0.00861	0.00658	0.00790	0.00757	0.00933	0.00587	0.00568	0.01116	0.01703	0.02292	0.49415	0.05319	0.29789	0.01433	0.00763	0.00209	0.00313	0.01238	0.00672	0.00587
45	0.02823	0.01835	0.16318	0.14473	0.08699	0.04874	0.16661	0.02094	0.11720	0.02025	0.01562	0.07343	0.01306	0.00773	0.00746	0.00217	0.04597	0.00702	0.00377	0.00854
46	0.16194	0.01064	0.01303	0.01066	0.01480	0.01001	0.00860	0.04480	0.01674	0.48290	0.04397	0.11595	0.01902	0.00936	0.00632	0.00208	0.00516	0.00763	0.00698	0.00943
47	0.00830	0.00562	0.00761	0.00892	0.00925	0.00529	0.00595	0.00892	0.01187	0.01582	0.03250	0.67304	0.03871	0.02052	0.01042	0.10599	0.00399	0.01674	0.00559	0.00494
48	0.01421	0.00666	0.00717	0.00672	0.00867	0.00647	0.00515	0.01715	0.01418	0.11515	0.02164	0.02382	0.01649	0.00759	0.00477	0.00157	0.00333	0.00608	0.70652	0.00666
49	0.01590	0.01824	0.17469	0.12236	0.39136	0.01474	0.01899	0.02144	0.06206	0.07725	0.01395	0.01667	0.01069	0.00631	0.00637	0.00200	0.00785	0.00571	0.00366	0.00976
50	0.01405	0.03026	0.61372	0.01920	0.02813	0.01490	0.11067	0.02104	0.01409	0.05626	0.01248	0.01454	0.00878	0.00614	0.00635	0.00206	0.00952	0.00522	0.00306	0.00951
51	0.01455	0.01423	0.02204	0.11918	0.27656	0.01751	0.01666	0.01720	0.01200	0.01766	0.01018	0.01519	0.00913	0.00871	0.01403	0.00242	0.39587	0.00570	0.00297	0.00822
52	0.28477	0.05631	0.01878	0.01805	0.14679	0.17370	0.04672	0.14088	0.01692	0.02567	0.01111	0.01295	0.00877	0.00635	0.00544	0.00188	0.00767	0.00466	0.00404	0.00853
53	0.00834	0.00657	0.00752	0.00728	0.00916	0.00575	0.00546	0.01063	0.01638	0.02138	0.37377	0.05572	0.41923	0.01490	0.00763	0.00211	0.00317	0.01273	0.00652	0.00575
54	0.01340	0.01148	0.01340	0.00957	0.01531	0.00861	0.00766	0.01627	0.01340	0.02105	0.01148	0.01340	0.00957	0.00479	0.00479	0.00096	0.00479	0.00383	0.00383	0.81242
55	0.00867	0.00589	0.00733	0.00821	0.00906	0.00550	0.00569	0.01038	0.01351	0.01897	0.12443	0.50075	0.09870	0.01703	0.00753	0.00234	0.00350	0.01518	0.13185	0.00550
56	0.00791	0.00644	0.00668	0.00678	0.00853	0.00556	0.00484	0.00927	0.01379	0.01667	0.05687	0.10659	0.58073	0.12718	0.01137	0.00281	0.00374	0.01333	0.00570	0.00522
57	0.01306	0.12635	0.38353	0.01546	0.02150	0.01499	0.01749	0.01850	0.03596	0.01919	0.01694	0.04796	0.01575	0.00947	0.00780	0.00224	0.07125	0.15061	0.00364	0.00830
58	0.01058	0.00839	0.00973	0.00908	0.01125	0.00844	0.00690	0.01712	0.19065	0.02466	0.43648	0.04483	0.17142	0.01268	0.00737	0.00210	0.00360	0.01096	0.00678	0.00700

[dist]
# distance from previous block
# <min> <max>
0	1

[block]
# block no. 2 follows, 34 sequences, length 18
# corresponding to MSA columns:
# 135-152
name=unknown_C
#
# <colnr> <probs for GDERKNQSTAVLIFYWHMCP>
#	G	D	E	R	K	N	Q	S	T	A	V	L	I	F	Y	W	H	M	C	P
0	0.04797	0.01419	0.01391	0.01143	0.01542	0.13567	0.00894	0.02193	0.06582	0.18125	0.05860	0.03964	0.01604	0.03784	0.00746	0.00185	0.03588	0.00593	0.02622	0.25403
1	0.01756	0.63410	0.09725	0.01229	0.01797	0.09644	0.01238	0.02009	0.01369	0.01575	0.00932	0.01079	0.00829	0.00570	0.00450	0.00147	0.00763	0.00365	0.00282	0.00833
2	0.02261	0.01642	0.01952	0.05166	0.02113	0.01784	0.06285	0.53536	0.02648	0.07756	0.01613	0.01675	0.01149	0.00752	0.00641	0.00194	0.00707	0.00600	0.06500	0.01027
3	0.01535	0.01630	0.08171	0.03646	0.64110	0.01482	0.01947	0.01934	0.01451	0.02083	0.01327	0.05304	0.01168	0.00650	0.00647	0.00196	0.00763	0.00630	0.00330	0.00993
4	0.01510	0.17730	0.28674	0.01790	0.07886	0.01759	0.07364	0.02393	0.20352	0.02122	0.01517	0.01628	0.01160	0.00663	0.00599	0.00195	0.00778	0.00550	0.00385	0.00946
5	0.00793	0.00583	0.00744	0.00858	0.00930	0.00534	0.00585	0.00927	0.01314	0.01732	0.09079	0.61433	0.14283	0.01917	0.00811	0.00252	0.00363	0.01720	0.00608	0.00534
6	0.81856	0.01250	0.00950	0.00850	0.01250	0.01449	0.00700	0.01899	0.01100	0.02899	0.00900	0.01050	0.00700	0.00600	0.00400	0.00200	0.00500	0.00350	0.00400	0.00700
7	0.01400	0.02085	0.24995	0.02487	0.15097	0.01468	0.30373	0.01942	0.01446	0.02037	0.01477	0.06678	0.01261	0.00717	0.00704	0.00215	0.00926	0.03464	0.00337	0.00890
8	0.01109	0.00591	0.00875	0.00899	0.00924	0.00591	0.00640	0.00924	0.00948	0.01256	0.01501	0.02841	0.01550	0.02169	0.02256	0.67870	0.00567	0.11824	0.00332	0.00332
9	0.02558	0.01100	0.01424	0.01120	0.01567	0.01009	0.00915	0.08284	0.04489	0.55565	0.07195	0.02349	0.01882	0.00832	0.00643	0.00197	0.00526	0.00679	0.06640	0.01027
10	0.81856	0.01250	0.00950	0.00850	0.01250	0.01449	0.00700	0.01899	0.01100	0.02899	0.00900	0.01050	0.00700	0.00600	0.00400	0.00200	0.00500	0.00350	0.00400	0.00700
11	0.00787	0.00562	0.00750	0.00900	0.00937	0.00525	0.00600	0.00900	0.01237	0.01649	0.03561	0.76871	0.04274	0.02024	0.00825	0.00262	0.00375	0.01837	0.00600	0.00525
12	0.01121	0.00614	0.00654	0.00654	0.00764	0.00620	0.00457	0.01342	0.01231	0.02063	0.02068	0.02877	0.01829	0.20356	0.05514	0.00323	0.00467	0.00693	0.55807	0.00547
13	0.01486	0.01405	0.02375	0.14548	0.56922	0.01444	0.01842	0.01870	0.01474	0.02081	0.07103	0.01883	0.01416	0.00648	0.00651	0.00196	0.00744	0.00624	0.00347	0.00943
14	0.01009	0.00796	0.01089	0.01007	0.01214	0.00785	0.05207	0.01371	0.07227	0.03879	0.16432	0.13284	0.22692	0.02234	0.18318	0.00415	0.00733	0.01118	0.00553	0.00637
15	0.01686	0.71386	0.03267	0.07244	0.01888	0.02464	0.01162	0.01911	0.01311	0.01531	0.00919	0.01093	0.00832	0.00560	0.00434	0.00145	0.00705	0.00364	0.00277	0.00820
16	0.01399	0.01320	0.01931	0.18657	0.22791	0.04360	0.05891	0.06911	0.01557	0.02049	0.04215	0.02659	0.16305	0.00867	0.00720	0.00203	0.03233	0.00756	0.00409	0.03768
17	0.01398	0.18342	0.55079	0.01749	0.02603	0.01724	0.06554	0.02025	0.01364	0.01941	0.01116	0.01322	0.00831	0.00597	0.00583	0.00192	0.00910	0.00469	0.00277	0.00924

[dist]
# distance from previous block
# <min> <max>
0	1

[block]
# block no. 3 follows, 34 sequences, length 14
# corresponding to MSA columns:
# 154-167
name=unknown_D
#
# <colnr> <probs for GDERKNQSTAVLIFYWHMCP>
#	G	D	E	R	K	N	Q	S	T	A	V	L	I	F	Y	W	H	M	C	P
0	0.01933	0.02188	0.10036	0.01749	0.10512	0.31363	0.01321	0.02390	0.08845	0.09461	0.12000	0.02015	0.01827	0.00781	0.00634	0.00188	0.00835	0.00610	0.00462	0.00850
1	0.01772	0.01228	0.06217	0.01085	0.01609	0.00925	0.00936	0.02072	0.01464	0.24201	0.01650	0.01746	0.01223	0.01091	0.09111	0.00244	0.00677	0.00508	0.00500	0.41742
2	0.01200	0.01116	0.01866	0.70721	0.04217	0.01380	0.01715	0.01622	0.01328	0.01714	0.05955	0.01931	0.01212	0.00691	0.00654	0.00215	0.00824	0.00614	0.00316	0.00711
3	0.01730	0.01820	0.02373	0.09901	0.49637	0.16909	0.01792	0.02064	0.01514	0.01939	0.01151	0.01513	0.00963	0.00620	0.00678	0.00192	0.03415	0.00542	0.00318	0.00927
4	0.00832	0.00657	0.00749	0.00726	0.00915	0.00574	0.00545	0.01059	0.01634	0.02128	0.36552	0.05589	0.42755	0.01494	0.00763	0.00211	0.00317	0.01275	0.00650	0.00574
5	0.00929	0.00716	0.00959	0.09439	0.01355	0.00696	0.00730	0.01229	0.01718	0.02366	0.55513	0.04660	0.14689	0.01286	0.00749	0.00207	0.00372	0.01127	0.00647	0.00613
6	0.69017	0.01327	0.01140	0.01066	0.04633	0.01517	0.00819	0.09891	0.01340	0.02998	0.00989	0.01133	0.00761	0.00619	0.00439	0.00199	0.00536	0.00387	0.00425	0.00761
7	0.02562	0.01064	0.01382	0.01096	0.01539	0.00968	0.00893	0.02968	0.08434	0.57955	0.02501	0.02246	0.01642	0.00801	0.00625	0.00195	0.00515	0.00651	0.10933	0.01029
8	0.12368	0.01571	0.01661	0.01333	0.01799	0.01737	0.01086	0.40072	0.18423	0.10611	0.01815	0.01749	0.01298	0.00779	0.00618	0.00201	0.00623	0.00593	0.00633	0.01031
9	0.01751	0.01172	0.01258	0.01041	0.01363	0.01256	0.00834	0.33907	0.02199	0.03207	0.10821	0.02316	0.01959	0.00835	0.00582	0.00177	0.00493	0.00664	0.33329	0.00835
10	0.01243	0.00733	0.00969	0.00869	0.01079	0.00666	0.00666	0.01539	0.01832	0.14361	0.61274	0.04392	0.05352	0.01235	0.00743	0.00203	0.00345	0.01083	0.00726	0.00691
11	0.02446	0.01049	0.01363	0.01078	0.01501	0.00952	0.00878	0.07909	0.01888	0.52333	0.11346	0.02504	0.02137	0.00859	0.00644	0.00195	0.00506	0.00706	0.08717	0.00988
12	0.00821	0.00646	0.00742	0.00741	0.00914	0.00566	0.00547	0.01031	0.01575	0.02043	0.30403	0.13866	0.40673	0.01566	0.00770	0.00218	0.00325	0.01347	0.00641	0.00566
13	0.01433	0.01239	0.01396	0.01401	0.07415	0.01372	0.00994	0.02785	0.50705	0.02513	0.08909	0.03068	0.12001	0.00993	0.00679	0.00215	0.00490	0.00841	0.00626	0.00923

[dist]
# distance from previous block
# <min> <max>
0	2

[block]
# block no. 4 follows, 34 sequences, length 19
# corresponding to MSA columns:
# 170-188
name=unknown_E
#
# <colnr> <probs for GDERKNQSTAVLIFYWHMCP>
#	G	D	E	R	K	N	Q	S	T	A	V	L	I	F	Y	W	H	M	C	P
0	0.01006	0.00781	0.01176	0.01044	0.01155	0.00800	0.09097	0.01137	0.01038	0.01421	0.01862	0.03455	0.01978	0.47756	0.22890	0.00691	0.00991	0.00849	0.00371	0.00502
1	0.58836	0.14017	0.01424	0.00929	0.01367	0.01574	0.00798	0.02057	0.01227	0.11293	0.01100	0.01187	0.00831	0.00616	0.00433	0.00190	0.00538	0.00386	0.00428	0.00770
2	0.01213	0.02533	0.50567	0.01538	0.02276	0.01238	0.01836	0.01800	0.01397	0.02072	0.08831	0.08893	0.01711	0.00805	0.00633	0.00197	0.00774	0.00667	0.00363	0.10657
3	0.01621	0.15707	0.30624	0.02188	0.17423	0.06862	0.07050	0.07414	0.01553	0.02094	0.01156	0.01386	0.00899	0.00606	0.00596	0.00188	0.00875	0.00500	0.00321	0.00938
4	0.02376	0.01770	0.01894	0.01470	0.01973	0.01966	0.01209	0.64678	0.09598	0.03942	0.01654	0.01633	0.01182	0.00785	0.00647	0.00196	0.00692	0.00596	0.00647	0.01092
5	0.01473	0.02382	0.39637	0.01824	0.02574	0.01366	0.16838	0.02049	0.01419	0.08678	0.01360	0.01604	0.00996	0.00899	0.05820	0.00254	0.00953	0.00561	0.00350	0.08964
6	0.02356	0.01691	0.18327	0.01347	0.01938	0.01209	0.01306	0.06546	0.09808	0.45278	0.02183	0.01995	0.01434	0.00764	0.00642	0.00203	0.00648	0.00615	0.00653	0.01057
7	0.01294	0.00930	0.01320	0.10858	0.09108	0.00984	0.01004	0.06812	0.01407	0.08289	0.02343	0.29930	0.02448	0.08906	0.08694	0.00354	0.03033	0.01097	0.00496	0.00696
8	0.01718	0.22292	0.11768	0.01498	0.01988	0.08580	0.07901	0.10526	0.08958	0.03764	0.04646	0.03467	0.02539	0.00770	0.00716	0.00192	0.06799	0.00591	0.00415	0.00870
9	0.00996	0.01094	0.13024	0.00963	0.01146	0.00810	0.00810	0.01168	0.01031	0.01436	0.01827	0.03405	0.01943	0.49695	0.17407	0.00640	0.00907	0.00812	0.00362	0.00524
10	0.00827	0.00604	0.00787	0.00918	0.00996	0.00564	0.00660	0.00976	0.01308	0.01709	0.03901	0.56626	0.12552	0.01937	0.00829	0.00263	0.00406	0.12999	0.00599	0.00539
11	0.01271	0.01483	0.11023	0.02121	0.12480	0.01213	0.24668	0.01691	0.01453	0.01976	0.02302	0.11766	0.05814	0.01072	0.00764	0.00236	0.00790	0.16667	0.00427	0.00782
12	0.03438	0.01781	0.02370	0.06474	0.38447	0.11556	0.06544	0.14895	0.03988	0.02411	0.01289	0.01562	0.01023	0.00636	0.00638	0.00193	0.00825	0.00569	0.00393	0.00968
13	0.01340	0.01333	0.02116	0.01888	0.06847	0.01649	0.12581	0.01559	0.01151	0.01693	0.01402	0.14102	0.01455	0.01147	0.01580	0.00262	0.46013	0.00811	0.00346	0.00725
14	0.01048	0.00992	0.01026	0.01088	0.05546	0.08138	0.00754	0.01234	0.01484	0.01828	0.12917	0.15089	0.38229	0.01456	0.00841	0.00220	0.05743	0.01208	0.00547	0.00612
15	0.01982	0.05330	0.07383	0.02302	0.23423	0.01483	0.11598	0.11902	0.01763	0.19164	0.01565	0.01694	0.01135	0.00647	0.00638	0.00190	0.00747	0.00591	0.00478	0.05982
16	0.11664	0.01796	0.09366	0.01728	0.09180	0.03337	0.05769	0.27711	0.14907	0.03016	0.01552	0.01629	0.01155	0.00708	0.00614	0.00198	0.00706	0.00570	0.00510	0.03886
17	0.11110	0.01043	0.01034	0.00993	0.01231	0.08420	0.00730	0.01515	0.01367	0.08924	0.02695	0.38886	0.06137	0.01364	0.00681	0.00214	0.00501	0.01174	0.00538	0.11441
18	0.02211	0.01485	0.01929	0.01643	0.06718	0.10153	0.12579	0.09982	0.01829	0.29789	0.01954	0.02158	0.01420	0.00767	0.00650	0.00197	0.00722	0.03962	0.08913	0.00938

[dist]
# distance from previous block
# <min> <max>
0	5

# created by:
# /home/berkeley/.conda/envs/busco_data_prod/bin/msa2prfl.pl pipeline/OGs_align_augustus/5794/35238.fs
