[name]
unknown

[dist]
# distance from previous block
# <min> <max>
0	317

[block]
# block no. 0 follows, 26 sequences, length 18
# corresponding to MSA columns:
# 332-349
name=unknown_A
#
# <colnr> <probs for GDERKNQSTAVLIFYWHMCP>
#	G	D	E	R	K	N	Q	S	T	A	V	L	I	F	Y	W	H	M	C	P
0	0.01555	0.01262	0.01782	0.04456	0.08651	0.03784	0.07048	0.08115	0.01894	0.05128	0.08328	0.25634	0.03524	0.01599	0.00902	0.00280	0.00712	0.13855	0.00640	0.00849
1	0.02043	0.01638	0.03020	0.02262	0.02859	0.01542	0.34145	0.07610	0.01987	0.15977	0.02705	0.06390	0.07803	0.01020	0.00872	0.00258	0.00955	0.05301	0.00592	0.01022
2	0.01261	0.00915	0.01006	0.00971	0.01058	0.00967	0.00609	0.01692	0.14414	0.01813	0.02530	0.04534	0.02669	0.58790	0.03239	0.00639	0.00708	0.01054	0.00522	0.00609
3	0.01573	0.01348	0.01573	0.01123	0.01798	0.01011	0.00899	0.01910	0.01573	0.02472	0.01348	0.01573	0.01123	0.00562	0.00562	0.00112	0.00562	0.00449	0.00449	0.77980
4	0.16049	0.02479	0.01892	0.01649	0.02106	0.28790	0.01286	0.15807	0.17219	0.03021	0.01722	0.01771	0.01320	0.00851	0.00681	0.00223	0.00946	0.00599	0.00566	0.01025
5	0.02899	0.01186	0.01561	0.01233	0.01753	0.01019	0.01006	0.03172	0.02082	0.55635	0.03937	0.03531	0.15246	0.01136	0.00790	0.00239	0.00593	0.00931	0.00892	0.01160
6	0.00973	0.00701	0.00936	0.01053	0.01117	0.00693	0.00721	0.01120	0.01380	0.01857	0.03700	0.49903	0.06394	0.10545	0.14606	0.00527	0.00775	0.01767	0.00621	0.00612
7	0.01612	0.01370	0.01675	0.01351	0.01771	0.01345	0.01074	0.08437	0.01677	0.02488	0.01828	0.14226	0.01804	0.01073	0.01042	0.00203	0.14937	0.00819	0.00503	0.40765
8	0.01443	0.00969	0.01250	0.01159	0.01474	0.00846	0.00916	0.01742	0.01776	0.09397	0.17341	0.18521	0.04051	0.01535	0.00849	0.00246	0.00533	0.15497	0.00693	0.19760
9	0.01719	0.02188	0.17945	0.03188	0.35571	0.01670	0.02103	0.02226	0.01628	0.02414	0.01366	0.01738	0.01116	0.00708	0.00826	0.00213	0.05793	0.00603	0.00375	0.16609
10	0.01931	0.01556	0.02412	0.15933	0.02996	0.01664	0.15506	0.11392	0.13526	0.09653	0.02191	0.07181	0.01759	0.01379	0.07110	0.00340	0.00987	0.00880	0.00577	0.01024
11	0.01426	0.01762	0.13371	0.15875	0.02971	0.01461	0.14785	0.02057	0.06276	0.02450	0.16796	0.03349	0.09487	0.01061	0.00886	0.00252	0.03350	0.00962	0.00521	0.00901
12	0.00944	0.00712	0.00877	0.00984	0.01107	0.00645	0.00697	0.01122	0.01599	0.02068	0.09869	0.45389	0.23448	0.02169	0.00946	0.00290	0.00432	0.05354	0.00713	0.00635
13	0.01301	0.00697	0.01030	0.01060	0.01091	0.00697	0.00758	0.01091	0.01122	0.01486	0.01795	0.03411	0.01857	0.02540	0.02625	0.64206	0.00666	0.11778	0.00395	0.00395
14	0.49106	0.01295	0.01214	0.01054	0.01487	0.01394	0.00855	0.02341	0.01626	0.15528	0.14931	0.02375	0.02292	0.00918	0.00609	0.00235	0.00552	0.00669	0.00630	0.00887
15	0.01351	0.00984	0.01437	0.14437	0.07975	0.01087	0.01134	0.01525	0.01377	0.01978	0.02123	0.12487	0.02112	0.08676	0.01629	0.15935	0.05598	0.03406	0.14077	0.00672
16	0.02110	0.47012	0.15210	0.01541	0.02265	0.02651	0.01593	0.15137	0.01959	0.02497	0.01263	0.01406	0.01035	0.00714	0.00583	0.00189	0.00871	0.00489	0.00411	0.01063
17	0.01603	0.01458	0.02295	0.04428	0.06895	0.01470	0.14227	0.07073	0.01671	0.02391	0.01771	0.08441	0.01620	0.01771	0.13246	0.00400	0.08402	0.00823	0.00456	0.19558

[dist]
# distance from previous block
# <min> <max>
0	30

[block]
# block no. 1 follows, 26 sequences, length 18
# corresponding to MSA columns:
# 380-397
name=unknown_B
#
# <colnr> <probs for GDERKNQSTAVLIFYWHMCP>
#	G	D	E	R	K	N	Q	S	T	A	V	L	I	F	Y	W	H	M	C	P
0	0.13595	0.01152	0.01279	0.01219	0.01485	0.01215	0.00933	0.16195	0.02016	0.02974	0.10733	0.32379	0.03710	0.01659	0.00840	0.00273	0.00564	0.06264	0.00695	0.00821
1	0.01973	0.05995	0.01997	0.10922	0.02373	0.11407	0.03480	0.07102	0.04689	0.09516	0.02626	0.02740	0.12394	0.01001	0.00865	0.00220	0.06379	0.00775	0.00539	0.13006
2	0.09933	0.10746	0.04630	0.16794	0.16728	0.07063	0.04053	0.02043	0.01591	0.02219	0.01840	0.15476	0.01804	0.01031	0.00730	0.00239	0.00848	0.00890	0.00434	0.00908
3	0.01479	0.01098	0.01515	0.01300	0.01572	0.01135	0.07509	0.01961	0.08077	0.07057	0.15274	0.06815	0.13949	0.04399	0.01106	0.00267	0.08189	0.01087	0.15395	0.00817
4	0.01318	0.00659	0.00988	0.00988	0.00988	0.00659	0.00659	0.00988	0.00988	0.01318	0.01318	0.02306	0.01318	0.02635	0.02964	0.77931	0.00659	0.00659	0.00329	0.00329
5	0.01494	0.01424	0.02330	0.56658	0.08484	0.01792	0.02050	0.01944	0.01474	0.01952	0.01298	0.01957	0.01020	0.00843	0.01029	0.00264	0.12116	0.00673	0.00339	0.00862
6	0.01446	0.01264	0.01819	0.14279	0.06791	0.01172	0.04738	0.01802	0.01547	0.02231	0.01898	0.09961	0.01816	0.03431	0.04893	0.00272	0.00791	0.04501	0.00460	0.34888
7	0.02057	0.00896	0.01047	0.00915	0.01224	0.00839	0.00719	0.02391	0.01778	0.24248	0.02642	0.02748	0.01923	0.00902	0.00605	0.00195	0.00448	0.00725	0.52805	0.00896
8	0.01953	0.01598	0.01804	0.01789	0.09728	0.03976	0.01247	0.24264	0.14099	0.03269	0.06223	0.11593	0.12666	0.01264	0.00811	0.00246	0.00679	0.01060	0.00691	0.01040
9	0.00975	0.00771	0.00878	0.00851	0.01073	0.00674	0.00638	0.01241	0.01915	0.02491	0.34649	0.06572	0.41063	0.01756	0.00896	0.00248	0.00372	0.01499	0.00763	0.00674
10	0.01017	0.00756	0.00947	0.00936	0.01108	0.00686	0.00688	0.01309	0.01961	0.02684	0.46950	0.16491	0.18170	0.01749	0.00906	0.00253	0.00376	0.01537	0.00790	0.00686
11	0.01555	0.01892	0.12672	0.01907	0.02102	0.02038	0.01736	0.01848	0.01239	0.01906	0.01202	0.01840	0.01120	0.01860	0.11969	0.00445	0.50805	0.00669	0.00341	0.00853
12	0.02707	0.01113	0.01468	0.01181	0.01635	0.00984	0.00955	0.03021	0.02071	0.47751	0.13121	0.03106	0.02716	0.01025	0.00745	0.00226	0.00552	0.00849	0.13672	0.01104
13	0.01432	0.01348	0.02275	0.71520	0.05224	0.01685	0.02107	0.01938	0.01517	0.01938	0.01348	0.02022	0.01011	0.00758	0.00758	0.00253	0.01011	0.00674	0.00337	0.00843
14	0.01617	0.01643	0.09781	0.01467	0.04966	0.01246	0.01237	0.08388	0.04468	0.02822	0.14146	0.02691	0.02425	0.00882	0.00698	0.00183	0.00640	0.03007	0.00556	0.37138
15	0.01747	0.12983	0.02525	0.31578	0.15916	0.09941	0.01782	0.02148	0.01688	0.02124	0.06580	0.02105	0.01552	0.00795	0.00708	0.00223	0.00927	0.00666	0.03092	0.00921
16	0.01895	0.09739	0.01977	0.13081	0.04420	0.09200	0.01250	0.02385	0.08206	0.10190	0.08806	0.02676	0.04312	0.05653	0.00913	0.00242	0.00764	0.00748	0.00546	0.12997
17	0.14883	0.13126	0.10262	0.06290	0.13722	0.01767	0.01532	0.04787	0.01666	0.07125	0.01399	0.01622	0.01094	0.00690	0.00620	0.00197	0.00774	0.00533	0.00444	0.17469

[dist]
# distance from previous block
# <min> <max>
1	85

[block]
# block no. 2 follows, 26 sequences, length 43
# corresponding to MSA columns:
# 489-531
name=unknown_C
#
# <colnr> <probs for GDERKNQSTAVLIFYWHMCP>
#	G	D	E	R	K	N	Q	S	T	A	V	L	I	F	Y	W	H	M	C	P
0	0.01907	0.01921	0.08529	0.12796	0.26118	0.04911	0.01870	0.05239	0.17006	0.06092	0.02128	0.02320	0.04095	0.00851	0.00758	0.00238	0.00853	0.00740	0.00515	0.01113
1	0.10878	0.10767	0.14837	0.02079	0.06043	0.09843	0.13416	0.08990	0.04985	0.08818	0.01581	0.01753	0.01176	0.00754	0.00704	0.00226	0.00974	0.00629	0.00482	0.01064
2	0.07441	0.01480	0.01479	0.01292	0.01676	0.06981	0.01013	0.11861	0.14030	0.11651	0.10366	0.03892	0.14893	0.04966	0.00947	0.00269	0.00647	0.03444	0.00714	0.00957
3	0.13352	0.05656	0.04886	0.01621	0.04649	0.09268	0.01293	0.13987	0.17045	0.11654	0.02101	0.05294	0.01634	0.00924	0.00700	0.00230	0.00766	0.00714	0.00634	0.03593
4	0.04813	0.05084	0.12097	0.01845	0.06951	0.01676	0.06741	0.09868	0.16492	0.02879	0.06544	0.04624	0.01968	0.03122	0.00827	0.00238	0.00767	0.00773	0.00558	0.12136
5	0.01358	0.04536	0.01345	0.01261	0.01503	0.08758	0.00996	0.01601	0.01669	0.02098	0.03650	0.26670	0.09551	0.01782	0.00888	0.00275	0.00655	0.21539	0.00621	0.09246
6	0.12493	0.05435	0.02201	0.02119	0.14881	0.06083	0.06246	0.15018	0.02029	0.02939	0.04909	0.12089	0.01955	0.01006	0.00729	0.00227	0.00779	0.00858	0.00540	0.07464
7	0.02052	0.01727	0.10835	0.01447	0.02152	0.01225	0.04625	0.02550	0.04778	0.19264	0.01854	0.01913	0.01348	0.00704	0.00661	0.00174	0.00697	0.00585	0.00567	0.40840
8	0.02036	0.09523	0.02064	0.04523	0.09001	0.05977	0.01307	0.18584	0.02094	0.05789	0.05312	0.02841	0.01904	0.01371	0.01222	0.16410	0.00794	0.07798	0.00546	0.00905
9	0.02158	0.49441	0.11131	0.01540	0.02194	0.15251	0.01510	0.05380	0.01754	0.02008	0.01147	0.01317	0.00987	0.00694	0.00563	0.00180	0.00951	0.00452	0.00356	0.00988
10	0.01087	0.00798	0.01142	0.01142	0.01251	0.00906	0.00853	0.01305	0.01196	0.01704	0.02102	0.03368	0.02065	0.18930	0.57326	0.01124	0.01778	0.00870	0.00417	0.00635
11	0.01869	0.63272	0.03529	0.01263	0.01825	0.02658	0.01212	0.02096	0.01528	0.01806	0.01504	0.11527	0.01555	0.00898	0.00556	0.00183	0.00758	0.00658	0.00379	0.00922
12	0.01084	0.00813	0.01219	0.01219	0.01354	0.00948	0.00948	0.01354	0.01219	0.01761	0.02032	0.02980	0.01896	0.05689	0.70337	0.01219	0.02032	0.00813	0.00406	0.00677
13	0.01084	0.00813	0.01219	0.01219	0.01354	0.00948	0.00948	0.01354	0.01219	0.01761	0.02032	0.02980	0.01896	0.05689	0.70337	0.01219	0.02032	0.00813	0.00406	0.00677
14	0.00990	0.00772	0.00898	0.00866	0.01082	0.00680	0.00650	0.01269	0.01949	0.02572	0.39585	0.06439	0.36076	0.01726	0.00895	0.00247	0.00370	0.01480	0.00773	0.00680
15	0.01659	0.01659	0.02323	0.01991	0.01991	0.02323	0.01659	0.01825	0.01162	0.01825	0.00996	0.01659	0.00996	0.01328	0.02489	0.00332	0.71955	0.00664	0.00332	0.00830
16	0.01243	0.00685	0.00932	0.00932	0.00932	0.00685	0.00590	0.01028	0.01028	0.01371	0.01689	0.03227	0.01817	0.27153	0.03275	0.51164	0.00685	0.00813	0.00375	0.00375
17	0.01418	0.02091	0.24759	0.02083	0.11773	0.01340	0.05060	0.05193	0.01710	0.02400	0.05498	0.25906	0.04871	0.01351	0.00832	0.00261	0.00797	0.01205	0.00518	0.00934
18	0.64896	0.01542	0.01431	0.01521	0.10472	0.01745	0.01052	0.05232	0.01456	0.03344	0.01141	0.01346	0.00894	0.00710	0.00521	0.00233	0.00640	0.00459	0.00470	0.00894
19	0.01424	0.01087	0.01333	0.11265	0.01872	0.01188	0.00982	0.08320	0.12087	0.02327	0.02762	0.21417	0.02837	0.22357	0.01707	0.00402	0.00670	0.01215	0.03978	0.00769
20	0.02144	0.63697	0.03712	0.01392	0.02004	0.12688	0.01322	0.02380	0.01629	0.01795	0.01071	0.01238	0.00974	0.00668	0.00515	0.00167	0.00891	0.00418	0.00334	0.00960
21	0.01432	0.01348	0.02275	0.71520	0.05224	0.01685	0.02107	0.01938	0.01517	0.01938	0.01348	0.02022	0.01011	0.00758	0.00758	0.00253	0.01011	0.00674	0.00337	0.00843
22	0.01432	0.01348	0.02275	0.71520	0.05224	0.01685	0.02107	0.01938	0.01517	0.01938	0.01348	0.02022	0.01011	0.00758	0.00758	0.00253	0.01011	0.00674	0.00337	0.00843
23	0.01030	0.00804	0.01088	0.01191	0.01228	0.00862	0.00842	0.01167	0.01410	0.01920	0.03722	0.62601	0.04438	0.02225	0.01187	0.00311	0.10734	0.01941	0.00651	0.00647
24	0.02028	0.73799	0.03975	0.01298	0.01947	0.03001	0.01298	0.02271	0.01541	0.01785	0.01055	0.01217	0.00973	0.00649	0.00487	0.00162	0.00811	0.00406	0.00324	0.00973
25	0.01522	0.01013	0.01465	0.01551	0.10973	0.00999	0.08013	0.01921	0.01632	0.02733	0.02220	0.02605	0.01750	0.00827	0.00602	0.00192	0.00535	0.00723	0.57911	0.00813
26	0.01318	0.00659	0.00988	0.00988	0.00988	0.00659	0.00659	0.00988	0.00988	0.01318	0.01318	0.02306	0.01318	0.02635	0.02964	0.77931	0.00659	0.00659	0.00329	0.00329
27	0.01146	0.00962	0.01439	0.18060	0.09530	0.01003	0.01199	0.01409	0.01531	0.02010	0.03631	0.40340	0.11309	0.01751	0.00886	0.00280	0.00619	0.01575	0.00581	0.00737
28	0.02392	0.06647	0.04987	0.11550	0.02490	0.03935	0.01379	0.14122	0.11773	0.21090	0.02181	0.02189	0.01546	0.00864	0.00715	0.00223	0.00759	0.00688	0.05364	0.05106
29	0.01177	0.00780	0.01072	0.01080	0.01159	0.00812	0.00788	0.01169	0.01313	0.01756	0.07023	0.13760	0.12254	0.02646	0.09593	0.32558	0.05660	0.04368	0.00498	0.00533
30	0.01887	0.13353	0.38401	0.02047	0.06972	0.04961	0.02159	0.10662	0.01926	0.04723	0.04886	0.01823	0.01371	0.00785	0.00703	0.00224	0.00982	0.00607	0.00430	0.01101
31	0.02206	0.29416	0.14506	0.01772	0.02416	0.15843	0.04653	0.12617	0.01986	0.02415	0.01272	0.01471	0.01032	0.00764	0.00733	0.00206	0.04727	0.00529	0.00409	0.01026
32	0.00989	0.00732	0.00933	0.01032	0.01160	0.00676	0.00757	0.01205	0.01674	0.02209	0.16600	0.38905	0.17216	0.02098	0.00953	0.00291	0.00452	0.10738	0.00727	0.00651
33	0.01355	0.01265	0.02058	0.61336	0.04620	0.01535	0.01886	0.01816	0.01547	0.01954	0.02260	0.02782	0.10697	0.00926	0.00778	0.00253	0.00921	0.00807	0.00390	0.00813
34	0.01532	0.01770	0.15185	0.01425	0.01934	0.01346	0.01322	0.05681	0.18927	0.02785	0.12960	0.13064	0.02973	0.01169	0.00771	0.00233	0.00642	0.00997	0.03223	0.12061
35	0.01254	0.01133	0.01108	0.01148	0.01345	0.08476	0.00850	0.01629	0.07742	0.02169	0.08441	0.30383	0.21746	0.01875	0.00902	0.00277	0.00562	0.07558	0.00683	0.00720
36	0.01647	0.12475	0.39016	0.08249	0.02969	0.04204	0.02133	0.02341	0.03848	0.02296	0.01370	0.01618	0.01040	0.00702	0.00668	0.00210	0.00971	0.00540	0.00361	0.13343
37	0.02095	0.06467	0.23851	0.01873	0.02557	0.15443	0.07982	0.11855	0.02036	0.05303	0.01617	0.01825	0.01209	0.00781	0.00698	0.00218	0.00998	0.00618	0.11547	0.01028
38	0.21950	0.14052	0.28415	0.01648	0.02373	0.11767	0.01769	0.02378	0.01572	0.02458	0.01238	0.01475	0.00972	0.00946	0.03872	0.00266	0.01011	0.00498	0.00374	0.00964
39	0.01363	0.01123	0.01376	0.01125	0.01585	0.00921	0.00867	0.01648	0.01492	0.02250	0.02032	0.16252	0.02036	0.01748	0.11786	0.00329	0.00772	0.00854	0.00494	0.49946
40	0.01768	0.07431	0.09484	0.01398	0.01943	0.08488	0.01231	0.11156	0.01932	0.02602	0.05022	0.13352	0.04648	0.01047	0.00708	0.00198	0.00732	0.00855	0.00531	0.25472
41	0.01859	0.17616	0.08797	0.06589	0.06496	0.01792	0.01417	0.04461	0.11120	0.05942	0.01641	0.01790	0.01288	0.00715	0.00633	0.00184	0.00742	0.00563	0.00479	0.25875
42	0.30294	0.14188	0.08460	0.01242	0.01765	0.05254	0.01126	0.02062	0.01476	0.02575	0.01633	0.12758	0.01583	0.00947	0.00601	0.00215	0.00692	0.00713	0.00460	0.11954

[dist]
# distance from previous block
# <min> <max>
11	210

[block]
# block no. 3 follows, 26 sequences, length 136
# corresponding to MSA columns:
# 742-829,879-926
name=unknown_D
#
# <colnr> <probs for GDERKNQSTAVLIFYWHMCP>
#	G	D	E	R	K	N	Q	S	T	A	V	L	I	F	Y	W	H	M	C	P
0	0.01643	0.19844	0.16363	0.01690	0.02165	0.02059	0.03947	0.04568	0.01549	0.02109	0.02091	0.07107	0.08643	0.01130	0.01221	0.00254	0.21492	0.00794	0.00414	0.00916
1	0.01999	0.21453	0.35458	0.01780	0.02601	0.02009	0.02027	0.02558	0.01656	0.14124	0.01546	0.01681	0.01130	0.00785	0.00795	0.00226	0.06083	0.00564	0.00433	0.01092
2	0.01576	0.01536	0.02162	0.01879	0.01899	0.02123	0.01556	0.01757	0.01170	0.01816	0.01147	0.01852	0.01127	0.01963	0.12375	0.00461	0.61766	0.00685	0.00343	0.00808
3	0.08469	0.04750	0.10978	0.01434	0.02057	0.01359	0.01321	0.03277	0.06237	0.45560	0.02594	0.04863	0.01779	0.00938	0.00732	0.00237	0.00702	0.00751	0.00774	0.01189
4	0.67439	0.01356	0.01055	0.00955	0.01382	0.01557	0.00779	0.02162	0.01335	0.03319	0.01263	0.01465	0.00985	0.00730	0.00478	0.00226	0.00553	0.00454	0.11701	0.00805
5	0.01094	0.00815	0.01054	0.01184	0.01360	0.00775	0.00979	0.01370	0.01698	0.02164	0.04990	0.17713	0.21018	0.02092	0.00997	0.00319	0.00579	0.38427	0.00701	0.00671
6	0.01954	0.63618	0.13510	0.01424	0.02141	0.02821	0.01517	0.02290	0.01550	0.01875	0.01099	0.01273	0.00972	0.00659	0.00521	0.00174	0.00856	0.00428	0.00324	0.00995
7	0.01962	0.07670	0.41937	0.02351	0.13353	0.01729	0.02313	0.02623	0.01724	0.14824	0.01656	0.01803	0.01171	0.00750	0.00718	0.00232	0.00977	0.00606	0.00445	0.01156
8	0.12798	0.07783	0.55512	0.01940	0.02938	0.01828	0.02423	0.02369	0.01553	0.02511	0.01298	0.01524	0.00941	0.00714	0.00670	0.00235	0.01024	0.00529	0.00342	0.01068
9	0.01422	0.00882	0.01298	0.01238	0.01439	0.00972	0.00972	0.01696	0.01358	0.11578	0.02172	0.02922	0.01894	0.04997	0.60200	0.01076	0.01830	0.00805	0.00484	0.00767
10	0.01050	0.00862	0.01404	0.01368	0.01517	0.00806	0.10198	0.01256	0.01501	0.02008	0.03795	0.62532	0.04453	0.02123	0.00958	0.00300	0.00562	0.01973	0.00657	0.00675
11	0.01740	0.01559	0.02448	0.46974	0.18437	0.01808	0.02057	0.11368	0.01861	0.02468	0.01434	0.01962	0.01093	0.00763	0.00757	0.00243	0.00962	0.00676	0.00407	0.00985
12	0.01434	0.03448	0.59427	0.02001	0.02965	0.01595	0.02497	0.02206	0.01580	0.02334	0.01772	0.11983	0.01552	0.00962	0.00757	0.00250	0.01022	0.00793	0.00376	0.01047
13	0.01659	0.01659	0.02323	0.01991	0.01991	0.02323	0.01659	0.01825	0.01162	0.01825	0.00996	0.01659	0.00996	0.01328	0.02489	0.00332	0.71955	0.00664	0.00332	0.00830
14	0.01521	0.03923	0.69413	0.02162	0.03283	0.01762	0.02802	0.02402	0.01601	0.02402	0.01361	0.01601	0.00961	0.00721	0.00721	0.00240	0.01121	0.00560	0.00320	0.01121
15	0.01503	0.05673	0.48670	0.01906	0.02769	0.04386	0.02290	0.02201	0.01654	0.02313	0.02192	0.03092	0.05931	0.01025	0.00776	0.00255	0.01003	0.10947	0.00411	0.01005
16	0.02398	0.02116	0.01692	0.01564	0.01909	0.30721	0.01208	0.02628	0.01971	0.18474	0.02572	0.15486	0.02414	0.01297	0.00807	0.00248	0.00927	0.10036	0.00626	0.00907
17	0.01887	0.01629	0.01715	0.01544	0.01972	0.01887	0.01201	0.04031	0.67241	0.03173	0.03087	0.02830	0.02315	0.01029	0.00772	0.00257	0.00600	0.00858	0.00772	0.01201
18	0.01712	0.01608	0.02710	0.08167	0.54948	0.01622	0.02078	0.02119	0.01674	0.02366	0.01823	0.12227	0.01746	0.00929	0.00783	0.00239	0.00841	0.00891	0.00421	0.01095
19	0.00987	0.00709	0.00937	0.01013	0.01114	0.00658	0.00709	0.01215	0.01746	0.02404	0.31252	0.44445	0.05922	0.02027	0.00937	0.00279	0.00405	0.01825	0.00759	0.00658
20	0.01877	0.01802	0.03079	0.04656	0.68612	0.01802	0.02328	0.02328	0.01727	0.02478	0.01427	0.01877	0.01201	0.00676	0.00751	0.00225	0.00901	0.00676	0.00375	0.01201
21	0.02130	0.01750	0.01852	0.01593	0.02065	0.02000	0.01259	0.19178	0.51698	0.03565	0.02778	0.02584	0.02065	0.01000	0.00769	0.00250	0.00658	0.00815	0.00769	0.01222
22	0.00948	0.00770	0.00840	0.00823	0.01056	0.00662	0.00617	0.01189	0.01851	0.02340	0.25430	0.06821	0.50376	0.01812	0.00896	0.00251	0.00376	0.01534	0.00743	0.00662
23	0.15612	0.02751	0.21954	0.06512	0.02813	0.17244	0.10118	0.06706	0.01815	0.02570	0.01432	0.04494	0.01156	0.00804	0.00706	0.00234	0.01048	0.00642	0.00417	0.00973
24	0.01631	0.01592	0.02791	0.39170	0.20782	0.01765	0.12260	0.02253	0.05947	0.02234	0.01512	0.02043	0.01167	0.00736	0.00779	0.00247	0.00999	0.00722	0.00383	0.00985
25	0.00935	0.00770	0.00821	0.00809	0.01048	0.00657	0.00606	0.01163	0.01819	0.02263	0.20754	0.06947	0.55100	0.01841	0.00896	0.00252	0.00379	0.01551	0.00733	0.00657
26	0.02461	0.01623	0.02424	0.12165	0.28668	0.01645	0.01774	0.12122	0.02114	0.24368	0.01982	0.02117	0.01408	0.00807	0.00757	0.00232	0.00823	0.00705	0.00610	0.01195
27	0.01057	0.00758	0.00942	0.01038	0.01136	0.00727	0.00754	0.01218	0.01468	0.01903	0.04105	0.24659	0.13481	0.23879	0.01862	0.00442	0.00593	0.18751	0.00628	0.00595
28	0.78701	0.01467	0.01115	0.00997	0.01467	0.01702	0.00821	0.02230	0.01291	0.03403	0.01056	0.01232	0.00821	0.00704	0.00469	0.00235	0.00587	0.00411	0.00469	0.00821
29	0.02037	0.12153	0.02405	0.08803	0.13232	0.01804	0.01440	0.16630	0.02061	0.05199	0.01483	0.01707	0.01168	0.00705	0.00653	0.00182	0.00763	0.00566	0.00495	0.26514
30	0.01499	0.00978	0.01374	0.01272	0.01433	0.01113	0.00982	0.01714	0.01331	0.11538	0.02099	0.03083	0.01922	0.15698	0.40453	0.00882	0.10563	0.00835	0.00483	0.00750
31	0.01187	0.00856	0.01089	0.01137	0.01284	0.00840	0.00838	0.07605	0.01864	0.02526	0.19710	0.42097	0.05104	0.01997	0.00938	0.00288	0.00488	0.08694	0.00741	0.00716
32	0.01052	0.00774	0.00984	0.00931	0.01120	0.00706	0.00699	0.01389	0.02096	0.02920	0.60769	0.05867	0.14676	0.01596	0.00895	0.00241	0.00361	0.01400	0.00819	0.00706
33	0.02009	0.71206	0.06404	0.01330	0.01996	0.02955	0.01354	0.02276	0.01543	0.01807	0.01066	0.01231	0.00973	0.00652	0.00495	0.00165	0.00823	0.00411	0.00324	0.00979
34	0.02014	0.01449	0.01572	0.01395	0.01807	0.01612	0.01091	0.03653	0.49105	0.11692	0.02985	0.02797	0.02204	0.00996	0.00735	0.00242	0.00570	0.00823	0.12118	0.01140
35	0.01318	0.00659	0.00988	0.00988	0.00988	0.00659	0.00659	0.00988	0.00988	0.01318	0.01318	0.02306	0.01318	0.02635	0.02964	0.77931	0.00659	0.00659	0.00329	0.00329
36	0.01084	0.00813	0.01219	0.01219	0.01354	0.00948	0.00948	0.01354	0.01219	0.01761	0.02032	0.02980	0.01896	0.05689	0.70337	0.01219	0.02032	0.00813	0.00406	0.00677
37	0.01100	0.00749	0.00897	0.00897	0.00921	0.00773	0.00547	0.01148	0.01124	0.01523	0.02326	0.04609	0.02604	0.61255	0.15739	0.00822	0.00967	0.01051	0.00450	0.00498
38	0.02883	0.02125	0.02276	0.01745	0.02352	0.02352	0.01442	0.66082	0.03566	0.04780	0.01821	0.01821	0.01290	0.00911	0.00759	0.00228	0.00835	0.00683	0.00759	0.01290
39	0.01573	0.01348	0.01573	0.01123	0.01798	0.01011	0.00899	0.01910	0.01573	0.02472	0.01348	0.01573	0.01123	0.00562	0.00562	0.00112	0.00562	0.00449	0.00449	0.77980
40	0.01084	0.00813	0.01219	0.01219	0.01354	0.00948	0.00948	0.01354	0.01219	0.01761	0.02032	0.02980	0.01896	0.05689	0.70337	0.01219	0.02032	0.00813	0.00406	0.00677
41	0.01573	0.01348	0.01573	0.01123	0.01798	0.01011	0.00899	0.01910	0.01573	0.02472	0.01348	0.01573	0.01123	0.00562	0.00562	0.00112	0.00562	0.00449	0.00449	0.77980
42	0.02070	0.01613	0.02624	0.13567	0.42891	0.01609	0.01982	0.02492	0.01767	0.14505	0.01695	0.02006	0.01291	0.00728	0.00742	0.00224	0.00848	0.00677	0.00477	0.06193
43	0.01547	0.05557	0.34759	0.02143	0.12192	0.01533	0.02028	0.02141	0.01596	0.02358	0.01633	0.08630	0.01433	0.00838	0.00703	0.00212	0.00881	0.00702	0.00396	0.18719
44	0.01081	0.00787	0.01084	0.01056	0.01198	0.00818	0.00790	0.01366	0.01646	0.02337	0.33295	0.04443	0.04463	0.10393	0.31028	0.00709	0.01114	0.01105	0.00614	0.00674
45	0.01790	0.02046	0.04476	0.03197	0.03964	0.01918	0.65857	0.02430	0.01790	0.02430	0.01535	0.02046	0.01151	0.00639	0.00895	0.00256	0.01279	0.00895	0.00384	0.01023
46	0.02474	0.18565	0.02463	0.01690	0.02178	0.45551	0.01346	0.02701	0.01933	0.01930	0.01172	0.01365	0.00998	0.00721	0.00623	0.00176	0.01129	0.00465	0.00385	0.12134
47	0.01086	0.00812	0.00990	0.00964	0.01155	0.00752	0.00714	0.04045	0.01996	0.02706	0.40976	0.17339	0.20151	0.01747	0.00902	0.00254	0.00398	0.01527	0.00780	0.00706
48	0.01859	0.45860	0.13135	0.01546	0.02254	0.02434	0.05726	0.02233	0.01559	0.02020	0.01172	0.01394	0.01006	0.00668	0.00624	0.00178	0.03160	0.00475	0.00346	0.12351
49	0.01339	0.01120	0.01208	0.01125	0.01434	0.01164	0.00861	0.02361	0.28447	0.02729	0.19417	0.05116	0.27745	0.01475	0.00845	0.00253	0.00466	0.01247	0.00761	0.00885
50	0.00924	0.00660	0.00880	0.01056	0.01100	0.00616	0.00704	0.01056	0.01452	0.01936	0.04181	0.72848	0.05017	0.02376	0.00968	0.00308	0.00440	0.02156	0.00704	0.00616
51	0.01146	0.00873	0.01213	0.01180	0.01263	0.01021	0.00875	0.01327	0.01179	0.01682	0.02035	0.03432	0.02060	0.25096	0.44171	0.00990	0.08532	0.00883	0.00415	0.00628
52	0.00922	0.00769	0.00804	0.00795	0.01040	0.00651	0.00597	0.01139	0.01790	0.02194	0.16503	0.07062	0.59394	0.01867	0.00896	0.00254	0.00380	0.01567	0.00723	0.00651
53	0.01414	0.00707	0.00707	0.00707	0.00884	0.00707	0.00530	0.01767	0.01591	0.02828	0.02474	0.02828	0.01944	0.00884	0.00530	0.00177	0.00353	0.00707	0.77554	0.00707
54	0.01521	0.03923	0.69413	0.02162	0.03283	0.01762	0.02802	0.02402	0.01601	0.02402	0.01361	0.01601	0.00961	0.00721	0.00721	0.00240	0.01121	0.00560	0.00320	0.01121
55	0.01133	0.00727	0.00867	0.00867	0.00873	0.00733	0.00509	0.01097	0.01091	0.01461	0.02218	0.04492	0.02511	0.60158	0.06562	0.12004	0.00779	0.01026	0.00438	0.00450
56	0.01414	0.00707	0.00707	0.00707	0.00884	0.00707	0.00530	0.01767	0.01591	0.02828	0.02474	0.02828	0.01944	0.00884	0.00530	0.00177	0.00353	0.00707	0.77554	0.00707
57	0.00924	0.00660	0.00880	0.01056	0.01100	0.00616	0.00704	0.01056	0.01452	0.01936	0.04181	0.72848	0.05017	0.02376	0.00968	0.00308	0.00440	0.02156	0.00704	0.00616
58	0.02382	0.12288	0.02194	0.01518	0.02014	0.04817	0.01249	0.33549	0.09048	0.07510	0.02208	0.11124	0.01875	0.01070	0.00736	0.00229	0.00750	0.00849	0.03479	0.01110
59	0.01100	0.00747	0.00884	0.00884	0.00904	0.00766	0.00531	0.01140	0.01120	0.01513	0.02338	0.04675	0.02632	0.63485	0.13547	0.00806	0.00924	0.01061	0.00452	0.00491
60	0.01103	0.00735	0.00827	0.00827	0.00827	0.00735	0.00460	0.01103	0.01103	0.01471	0.02390	0.04964	0.02758	0.73343	0.03861	0.00735	0.00735	0.01103	0.00460	0.00460
61	0.01752	0.01335	0.02128	0.19717	0.25141	0.01378	0.01661	0.02169	0.01852	0.11571	0.20147	0.03060	0.02898	0.00975	0.00794	0.00237	0.00743	0.00880	0.00570	0.00990
62	0.01453	0.04257	0.16799	0.01684	0.01980	0.01727	0.01585	0.01778	0.01307	0.01935	0.03881	0.02456	0.01602	0.12322	0.12279	0.00494	0.30523	0.00744	0.00377	0.00818
63	0.01922	0.03222	0.39451	0.02399	0.12497	0.10243	0.02303	0.11113	0.01953	0.02673	0.01410	0.01642	0.01050	0.00741	0.00719	0.00225	0.01057	0.00580	0.00402	0.04400
64	0.01991	0.14232	0.10786	0.01659	0.04502	0.04472	0.01438	0.20387	0.11324	0.03031	0.06165	0.12400	0.02223	0.01098	0.00745	0.00233	0.00770	0.00894	0.00600	0.01050
65	0.01521	0.03923	0.69413	0.02162	0.03283	0.01762	0.02802	0.02402	0.01601	0.02402	0.01361	0.01601	0.00961	0.00721	0.00721	0.00240	0.01121	0.00560	0.00320	0.01121
66	0.01001	0.00714	0.00959	0.01078	0.01141	0.00712	0.00751	0.01155	0.01382	0.01862	0.03523	0.45623	0.04081	0.13288	0.13790	0.00536	0.00787	0.06390	0.00615	0.00610
67	0.01671	0.01753	0.02180	0.06504	0.04839	0.13985	0.14719	0.02236	0.10499	0.02222	0.03009	0.17407	0.10979	0.01278	0.00889	0.00257	0.03015	0.01142	0.00541	0.00874
68	0.01341	0.01117	0.01815	0.45076	0.03677	0.01347	0.01592	0.01642	0.01360	0.01780	0.01511	0.02401	0.01305	0.06538	0.11462	0.13169	0.01084	0.00720	0.00354	0.00709
69	0.01659	0.01659	0.02323	0.01991	0.01991	0.02323	0.01659	0.01825	0.01162	0.01825	0.00996	0.01659	0.00996	0.01328	0.02489	0.00332	0.71955	0.00664	0.00332	0.00830
70	0.01847	0.01501	0.02403	0.01892	0.02400	0.01482	0.22034	0.02750	0.20216	0.12386	0.03450	0.06119	0.13646	0.01133	0.00849	0.00258	0.00786	0.03173	0.00654	0.01019
71	0.06604	0.01665	0.10284	0.14168	0.21313	0.01441	0.01703	0.04117	0.01690	0.02464	0.06906	0.12726	0.04319	0.01053	0.00764	0.00239	0.00775	0.00928	0.00480	0.06361
72	0.04669	0.01181	0.01706	0.16067	0.06396	0.01379	0.03488	0.01700	0.01466	0.02185	0.02450	0.17329	0.06128	0.01301	0.01130	0.00266	0.15707	0.01044	0.13623	0.00784
73	0.01414	0.00707	0.00707	0.00707	0.00884	0.00707	0.00530	0.01767	0.01591	0.02828	0.02474	0.02828	0.01944	0.00884	0.00530	0.00177	0.00353	0.00707	0.77554	0.00707
74	0.01667	0.05439	0.45233	0.01852	0.02723	0.01735	0.02173	0.11542	0.04105	0.02679	0.02166	0.02388	0.08010	0.03973	0.00872	0.00259	0.00960	0.00713	0.00445	0.01066
75	0.01454	0.00823	0.01005	0.01016	0.01238	0.00762	0.00788	0.01714	0.01699	0.12030	0.04260	0.20783	0.16357	0.01659	0.00830	0.00262	0.00484	0.12448	0.19633	0.00756
76	0.01457	0.01375	0.02381	0.43047	0.07476	0.01577	0.11098	0.01877	0.01482	0.01951	0.01554	0.02531	0.01353	0.13725	0.01391	0.00341	0.03416	0.00783	0.00368	0.00819
77	0.01557	0.01508	0.02126	0.01853	0.01878	0.02078	0.01532	0.01741	0.01172	0.01814	0.01181	0.01895	0.01157	0.02107	0.14612	0.00490	0.59461	0.00690	0.00345	0.00802
78	0.01573	0.01348	0.01573	0.01123	0.01798	0.01011	0.00899	0.01910	0.01573	0.02472	0.01348	0.01573	0.01123	0.00562	0.00562	0.00112	0.00562	0.00449	0.00449	0.77980
79	0.01573	0.01348	0.01573	0.01123	0.01798	0.01011	0.00899	0.01910	0.01573	0.02472	0.01348	0.01573	0.01123	0.00562	0.00562	0.00112	0.00562	0.00449	0.00449	0.77980
80	0.78701	0.01467	0.01115	0.00997	0.01467	0.01702	0.00821	0.02230	0.01291	0.03403	0.01056	0.01232	0.00821	0.00704	0.00469	0.00235	0.00587	0.00411	0.00469	0.00821
81	0.02833	0.03615	0.02149	0.01954	0.02345	0.70298	0.01466	0.03029	0.02149	0.01856	0.01172	0.01368	0.00977	0.00782	0.00684	0.00195	0.01368	0.00489	0.00391	0.00879
82	0.01521	0.03923	0.69413	0.02162	0.03283	0.01762	0.02802	0.02402	0.01601	0.02402	0.01361	0.01601	0.00961	0.00721	0.00721	0.00240	0.01121	0.00560	0.00320	0.01121
83	0.00901	0.00749	0.00788	0.00820	0.01038	0.00636	0.00599	0.01083	0.01679	0.02029	0.07058	0.19012	0.56996	0.02002	0.00909	0.00265	0.00394	0.01700	0.00704	0.00636
84	0.01067	0.00786	0.01107	0.01116	0.01232	0.00865	0.00830	0.01291	0.01300	0.01828	0.06884	0.09040	0.04850	0.14884	0.48249	0.00979	0.01551	0.01024	0.00476	0.00642
85	0.01432	0.01348	0.02275	0.71520	0.05224	0.01685	0.02107	0.01938	0.01517	0.01938	0.01348	0.02022	0.01011	0.00758	0.00758	0.00253	0.01011	0.00674	0.00337	0.00843
86	0.01892	0.38932	0.03122	0.01573	0.02094	0.08859	0.10008	0.02212	0.01669	0.02059	0.01711	0.02582	0.01594	0.00896	0.00648	0.00207	0.00865	0.09706	0.08467	0.00903
87	0.15042	0.37704	0.16120	0.01774	0.08703	0.05286	0.01619	0.02328	0.01554	0.02253	0.01156	0.01366	0.00968	0.00681	0.00564	0.00197	0.00866	0.00467	0.00356	0.00995
88	0.13146	0.11902	0.02460	0.15077	0.16368	0.24718	0.01647	0.02468	0.01742	0.02212	0.01225	0.01554	0.01007	0.00727	0.00654	0.00213	0.01020	0.00539	0.00380	0.00943
89	0.01008	0.00813	0.00917	0.00998	0.01130	0.03172	0.00700	0.01192	0.01653	0.02126	0.14433	0.43152	0.21780	0.02077	0.00928	0.00280	0.00447	0.01834	0.00712	0.00647
90	0.03054	0.01851	0.02107	0.01615	0.02216	0.01946	0.01334	0.45624	0.03109	0.25885	0.02205	0.02071	0.01483	0.00920	0.00760	0.00230	0.00773	0.00709	0.00818	0.01290
91	0.01127	0.00825	0.01100	0.01247	0.01416	0.00799	0.01044	0.01419	0.01701	0.02186	0.04624	0.17724	0.14648	0.02109	0.01012	0.00328	0.00611	0.44703	0.00700	0.00677
92	0.01103	0.00735	0.00827	0.00827	0.00827	0.00735	0.00460	0.01103	0.01103	0.01471	0.02390	0.04964	0.02758	0.73343	0.03861	0.00735	0.00735	0.01103	0.00460	0.00460
93	0.01521	0.03923	0.69413	0.02162	0.03283	0.01762	0.02802	0.02402	0.01601	0.02402	0.01361	0.01601	0.00961	0.00721	0.00721	0.00240	0.01121	0.00560	0.00320	0.01121
94	0.01045	0.00774	0.00975	0.00925	0.01116	0.00704	0.00693	0.01377	0.02080	0.02884	0.58567	0.05926	0.16900	0.01610	0.00895	0.00241	0.00362	0.01408	0.00814	0.00704
95	0.02028	0.73799	0.03975	0.01298	0.01947	0.03001	0.01298	0.02271	0.01541	0.01785	0.01055	0.01217	0.00973	0.00649	0.00487	0.00162	0.00811	0.00406	0.00324	0.00973
96	0.78701	0.01467	0.01115	0.00997	0.01467	0.01702	0.00821	0.02230	0.01291	0.03403	0.01056	0.01232	0.00821	0.00704	0.00469	0.00235	0.00587	0.00411	0.00469	0.00821
97	0.05427	0.01883	0.01934	0.14056	0.02623	0.15011	0.01389	0.07772	0.13694	0.25124	0.02202	0.02183	0.01543	0.00881	0.00737	0.00234	0.00856	0.00691	0.00664	0.01097
98	0.01264	0.01067	0.01577	0.01824	0.11205	0.01204	0.01223	0.01501	0.01416	0.01989	0.02700	0.27546	0.02964	0.02634	0.16467	0.00505	0.14150	0.07480	0.00521	0.00763
99	0.02096	0.01262	0.01341	0.01137	0.01456	0.04007	0.00867	0.16781	0.02064	0.14786	0.02345	0.02962	0.01921	0.16814	0.01362	0.00322	0.00641	0.00790	0.26147	0.00898
100	0.01718	0.01579	0.02540	0.45528	0.04343	0.01826	0.11219	0.10552	0.08370	0.02502	0.01610	0.02080	0.01198	0.00788	0.00780	0.00250	0.00986	0.00726	0.00442	0.00963
101	0.01144	0.00959	0.01471	0.01245	0.01525	0.00876	0.10181	0.01511	0.02015	0.02761	0.46847	0.05453	0.18050	0.01489	0.00895	0.00244	0.00497	0.01346	0.00744	0.00746
102	0.01084	0.00813	0.01219	0.01219	0.01354	0.00948	0.00948	0.01354	0.01219	0.01761	0.02032	0.02980	0.01896	0.05689	0.70337	0.01219	0.02032	0.00813	0.00406	0.00677
103	0.01414	0.00707	0.00707	0.00707	0.00884	0.00707	0.00530	0.01767	0.01591	0.02828	0.02474	0.02828	0.01944	0.00884	0.00530	0.00177	0.00353	0.00707	0.77554	0.00707
104	0.01508	0.03548	0.59630	0.12268	0.03566	0.01750	0.02701	0.02334	0.01589	0.02334	0.01359	0.01663	0.00968	0.00726	0.00726	0.00242	0.01105	0.00577	0.00323	0.01080
105	0.02833	0.03615	0.02149	0.01954	0.02345	0.70298	0.01466	0.03029	0.02149	0.01856	0.01172	0.01368	0.00977	0.00782	0.00684	0.00195	0.01368	0.00489	0.00391	0.00879
106	0.00924	0.00660	0.00880	0.01056	0.01100	0.00616	0.00704	0.01056	0.01452	0.01936	0.04181	0.72848	0.05017	0.02376	0.00968	0.00308	0.00440	0.02156	0.00704	0.00616
107	0.01414	0.00707	0.00707	0.00707	0.00884	0.00707	0.00530	0.01767	0.01591	0.02828	0.02474	0.02828	0.01944	0.00884	0.00530	0.00177	0.00353	0.00707	0.77554	0.00707
108	0.01099	0.00751	0.00908	0.00908	0.00935	0.00779	0.00560	0.01155	0.01127	0.01530	0.02317	0.04557	0.02581	0.59480	0.17482	0.00834	0.01001	0.01044	0.00449	0.00504
109	0.00950	0.00671	0.00872	0.01023	0.01060	0.00633	0.00668	0.01063	0.01401	0.01868	0.03920	0.62957	0.04688	0.12717	0.01390	0.00370	0.00483	0.02003	0.00668	0.00593
110	0.13962	0.01979	0.02076	0.01613	0.02198	0.02184	0.01332	0.53055	0.03151	0.08421	0.01780	0.01781	0.01257	0.00882	0.00717	0.00229	0.00787	0.00648	0.00727	0.01222
111	0.01877	0.01802	0.03079	0.04656	0.68612	0.01802	0.02328	0.02328	0.01727	0.02478	0.01427	0.01877	0.01201	0.00676	0.00751	0.00225	0.00901	0.00676	0.00375	0.01201
112	0.00924	0.00660	0.00880	0.01056	0.01100	0.00616	0.00704	0.01056	0.01452	0.01936	0.04181	0.72848	0.05017	0.02376	0.00968	0.00308	0.00440	0.02156	0.00704	0.00616
113	0.01103	0.00735	0.00827	0.00827	0.00827	0.00735	0.00460	0.01103	0.01103	0.01471	0.02390	0.04964	0.02758	0.73343	0.03861	0.00735	0.00735	0.01103	0.00460	0.00460
114	0.00924	0.00660	0.00880	0.01056	0.01100	0.00616	0.00704	0.01056	0.01452	0.01936	0.04181	0.72848	0.05017	0.02376	0.00968	0.00308	0.00440	0.02156	0.00704	0.00616
115	0.02028	0.73799	0.03975	0.01298	0.01947	0.03001	0.01298	0.02271	0.01541	0.01785	0.01055	0.01217	0.00973	0.00649	0.00487	0.00162	0.00811	0.00406	0.00324	0.00973
116	0.01659	0.01659	0.02323	0.01991	0.01991	0.02323	0.01659	0.01825	0.01162	0.01825	0.00996	0.01659	0.00996	0.01328	0.02489	0.00332	0.71955	0.00664	0.00332	0.00830
117	0.01877	0.01802	0.03079	0.04656	0.68612	0.01802	0.02328	0.02328	0.01727	0.02478	0.01427	0.01877	0.01201	0.00676	0.00751	0.00225	0.00901	0.00676	0.00375	0.01201
118	0.02156	0.01763	0.01867	0.01598	0.02075	0.02013	0.01266	0.20809	0.50024	0.03608	0.02745	0.02557	0.02038	0.00997	0.00768	0.00249	0.00664	0.00810	0.00768	0.01225
119	0.00924	0.00660	0.00880	0.01056	0.01100	0.00616	0.00704	0.01056	0.01452	0.01936	0.04181	0.72848	0.05017	0.02376	0.00968	0.00308	0.00440	0.02156	0.00704	0.00616
120	0.01493	0.01427	0.02535	0.38349	0.14449	0.01606	0.11224	0.01967	0.01537	0.02064	0.01510	0.02174	0.01220	0.01609	0.13209	0.00421	0.01215	0.00731	0.00362	0.00897
121	0.01805	0.01850	0.02042	0.01803	0.01927	0.14167	0.01452	0.05302	0.01490	0.01984	0.01414	0.06105	0.01382	0.01907	0.11870	0.00430	0.41100	0.00745	0.00398	0.00828
122	0.02142	0.12113	0.02220	0.12616	0.02527	0.01897	0.01352	0.14208	0.19739	0.10416	0.02046	0.02091	0.01521	0.00837	0.00697	0.00216	0.00738	0.00666	0.00611	0.11346
123	0.01455	0.00958	0.01200	0.01085	0.01346	0.00931	0.00831	0.02066	0.11635	0.10524	0.51358	0.04904	0.05855	0.01406	0.00862	0.00241	0.00426	0.01228	0.00837	0.00851
124	0.02328	0.02616	0.11825	0.01794	0.02232	0.26739	0.01562	0.08821	0.01966	0.09830	0.03805	0.02018	0.01438	0.05679	0.01243	0.00271	0.13734	0.00651	0.00488	0.00959
125	0.01062	0.00803	0.01026	0.01063	0.01240	0.00700	0.00743	0.01248	0.01518	0.02109	0.07484	0.54662	0.04374	0.01967	0.00883	0.00265	0.00459	0.01771	0.00662	0.15960
126	0.01232	0.00765	0.00886	0.00871	0.00909	0.00752	0.00512	0.01257	0.01186	0.05579	0.02520	0.08387	0.02823	0.65244	0.03522	0.00683	0.00714	0.01138	0.00501	0.00518
127	0.01099	0.00763	0.00986	0.04707	0.01351	0.00711	0.00774	0.01282	0.01587	0.06057	0.06978	0.47516	0.19218	0.02071	0.00926	0.00286	0.00467	0.01840	0.00704	0.00678
128	0.01232	0.00768	0.00902	0.00887	0.00930	0.00761	0.00532	0.01267	0.01191	0.05591	0.02506	0.08306	0.02788	0.62480	0.06238	0.00702	0.00767	0.01126	0.00499	0.00527
129	0.01318	0.00910	0.01307	0.01255	0.01442	0.01032	0.00984	0.04897	0.01400	0.05986	0.02079	0.02895	0.01863	0.05151	0.62481	0.01108	0.01885	0.00803	0.00457	0.00746
130	0.01184	0.05169	0.01111	0.00910	0.01124	0.00846	0.00702	0.01520	0.01965	0.02841	0.46073	0.04971	0.10853	0.01395	0.00798	0.00223	0.00387	0.01201	0.16004	0.00723
131	0.01225	0.05202	0.01219	0.01164	0.01354	0.00883	0.00929	0.01460	0.01646	0.05597	0.04428	0.31081	0.14455	0.02022	0.00946	0.00302	0.00558	0.24129	0.00692	0.00707
132	0.02058	0.01591	0.01720	0.01522	0.01968	0.01799	0.01191	0.03993	0.59894	0.10621	0.03077	0.02802	0.02266	0.01019	0.00771	0.00255	0.00605	0.00847	0.00791	0.01211
133	0.05608	0.08012	0.61874	0.02049	0.03107	0.01833	0.02608	0.02385	0.01581	0.02417	0.01327	0.01559	0.00954	0.00715	0.00693	0.00235	0.01074	0.00543	0.00328	0.01096
134	0.01224	0.00795	0.00974	0.00937	0.01102	0.00773	0.00675	0.01442	0.01581	0.06194	0.17573	0.04822	0.15689	0.20106	0.14607	0.00543	0.00787	0.01139	0.08372	0.00665
135	0.02308	0.55169	0.03477	0.01369	0.02005	0.02694	0.01298	0.11730	0.01907	0.09826	0.01385	0.01459	0.01122	0.00720	0.00558	0.00180	0.00796	0.00486	0.00457	0.01055

[dist]
# distance from previous block
# <min> <max>
0	23

[block]
# block no. 4 follows, 26 sequences, length 14
# corresponding to MSA columns:
# 950-963
name=unknown_E
#
# <colnr> <probs for GDERKNQSTAVLIFYWHMCP>
#	G	D	E	R	K	N	Q	S	T	A	V	L	I	F	Y	W	H	M	C	P
0	0.02146	0.32153	0.12735	0.01661	0.04277	0.02401	0.01566	0.20701	0.02133	0.02823	0.01356	0.01512	0.01084	0.00749	0.00675	0.00195	0.03010	0.00528	0.00462	0.07831
1	0.02091	0.01541	0.01817	0.07952	0.10863	0.11823	0.01325	0.02384	0.01695	0.19347	0.02031	0.02520	0.01633	0.06726	0.22228	0.00561	0.01252	0.00737	0.00535	0.00938
2	0.38996	0.20044	0.01783	0.01032	0.01428	0.01792	0.00853	0.01953	0.01308	0.02490	0.01396	0.02181	0.01355	0.19239	0.01340	0.00344	0.00683	0.00586	0.00429	0.00768
3	0.01382	0.19746	0.01826	0.01121	0.01354	0.01452	0.00902	0.01580	0.01304	0.01789	0.01873	0.02971	0.01851	0.21089	0.26833	0.00700	0.03604	0.00767	0.07151	0.00706
4	0.01733	0.20294	0.02560	0.01590	0.01930	0.02164	0.01371	0.01963	0.01365	0.01980	0.01101	0.01523	0.01023	0.00956	0.01478	0.00232	0.35268	0.00542	0.00360	0.20568
5	0.02189	0.01028	0.01289	0.01093	0.01500	0.00882	0.00865	0.02428	0.01932	0.36574	0.04962	0.10610	0.28568	0.01455	0.00834	0.00250	0.00524	0.01218	0.00825	0.00973
6	0.02526	0.01307	0.01616	0.01341	0.01808	0.01286	0.01072	0.03407	0.22427	0.37107	0.14362	0.03195	0.02932	0.01073	0.00789	0.00242	0.00581	0.00898	0.00869	0.01163
7	0.39940	0.01376	0.01447	0.01179	0.01709	0.01400	0.00972	0.02985	0.01744	0.37241	0.02053	0.01927	0.01365	0.00825	0.00620	0.00235	0.00617	0.00592	0.00711	0.01063
8	0.02145	0.01272	0.01629	0.01387	0.01760	0.01350	0.01117	0.18491	0.02065	0.20010	0.02227	0.02581	0.01737	0.03236	0.34521	0.00711	0.01366	0.00767	0.00634	0.00993
9	0.01126	0.00781	0.00977	0.01006	0.01097	0.00765	0.00721	0.01308	0.01538	0.02082	0.19880	0.06063	0.04309	0.36525	0.02373	0.00508	0.00628	0.17108	0.00618	0.00587
10	0.22051	0.01580	0.01618	0.01375	0.01803	0.01740	0.01092	0.32913	0.02436	0.03697	0.02225	0.19806	0.02120	0.01231	0.00737	0.00250	0.00670	0.00989	0.00670	0.00996
11	0.02030	0.01378	0.02175	0.02879	0.34075	0.01321	0.01599	0.02358	0.01772	0.19632	0.02536	0.20183	0.02351	0.01178	0.00809	0.00249	0.00717	0.01076	0.00606	0.01075
12	0.01576	0.21271	0.35024	0.01742	0.02499	0.01856	0.02009	0.02156	0.01623	0.02208	0.01960	0.03278	0.01833	0.01053	0.00743	0.00248	0.00933	0.16594	0.00418	0.00975
13	0.01894	0.20542	0.03668	0.03412	0.34810	0.02143	0.18283	0.02339	0.01695	0.02286	0.01358	0.01749	0.01129	0.00660	0.00719	0.00217	0.00974	0.00662	0.00364	0.01097

[dist]
# distance from previous block
# <min> <max>
2	31

[block]
# block no. 5 follows, 26 sequences, length 44
# corresponding to MSA columns:
# 997-1040
name=unknown_F
#
# <colnr> <probs for GDERKNQSTAVLIFYWHMCP>
#	G	D	E	R	K	N	Q	S	T	A	V	L	I	F	Y	W	H	M	C	P
0	0.01859	0.01783	0.03045	0.07453	0.65960	0.01797	0.02319	0.02312	0.01718	0.02455	0.01423	0.01883	0.01194	0.00679	0.00751	0.00226	0.00906	0.00676	0.00374	0.01186
1	0.01243	0.01043	0.01051	0.01032	0.01136	0.07623	0.00699	0.01355	0.01312	0.01654	0.02826	0.04385	0.10387	0.40048	0.20293	0.00748	0.01088	0.01029	0.00469	0.00579
2	0.01112	0.00951	0.01005	0.01144	0.01223	0.07472	0.00779	0.01250	0.01521	0.01928	0.03885	0.65815	0.04619	0.02219	0.00940	0.00297	0.00531	0.01992	0.00673	0.00642
3	0.01203	0.01083	0.01419	0.01246	0.01578	0.01039	0.08705	0.01827	0.14563	0.02305	0.05684	0.12229	0.40907	0.01634	0.00879	0.00261	0.00542	0.01423	0.00678	0.00795
4	0.02763	0.02504	0.01966	0.01683	0.02144	0.32890	0.01311	0.14167	0.10341	0.15777	0.01945	0.01940	0.01423	0.00871	0.00715	0.00215	0.00986	0.00633	0.04663	0.01062
5	0.01148	0.00749	0.00864	0.00885	0.00924	0.00749	0.00560	0.01226	0.01230	0.01702	0.02597	0.05193	0.02874	0.57490	0.03189	0.00633	0.00693	0.08705	0.08074	0.00513
