[name]
unknown

[dist]
# distance from previous block
# <min> <max>
0	23

[block]
# block no. 0 follows, 34 sequences, length 30
# corresponding to MSA columns:
# 23-52
name=unknown_A
#
# <colnr> <probs for GDERKNQSTAVLIFYWHMCP>
#	G	D	E	R	K	N	Q	S	T	A	V	L	I	F	Y	W	H	M	C	P
0	0.01058	0.00767	0.01058	0.01177	0.01350	0.00750	0.01025	0.01355	0.01479	0.01943	0.03292	0.06949	0.03561	0.01710	0.00869	0.00286	0.00588	0.65008	0.00583	0.05190
1	0.24191	0.00995	0.01135	0.00954	0.01311	0.00976	0.00767	0.02160	0.01634	0.30391	0.25475	0.02753	0.02844	0.00917	0.00618	0.00201	0.00455	0.00739	0.00659	0.00826
2	0.01535	0.01463	0.02461	0.13129	0.60225	0.01484	0.01889	0.01920	0.01440	0.02051	0.01203	0.01600	0.00999	0.00579	0.00631	0.00189	0.00763	0.00565	0.00319	0.05555
3	0.00783	0.00580	0.00732	0.00854	0.00925	0.00529	0.00579	0.00905	0.01281	0.01667	0.04119	0.63656	0.17128	0.01952	0.00813	0.00254	0.00366	0.01748	0.00600	0.00529
4	0.00864	0.00621	0.00855	0.00985	0.01058	0.00612	0.00729	0.01035	0.01269	0.01696	0.03291	0.51065	0.03799	0.02336	0.10452	0.00371	0.00602	0.17245	0.00566	0.00548
5	0.01506	0.01459	0.02541	0.20577	0.52694	0.01518	0.06441	0.01911	0.01433	0.02001	0.01206	0.01637	0.00983	0.00590	0.00649	0.00199	0.00810	0.00588	0.00313	0.00942
6	0.01574	0.01295	0.01646	0.01232	0.01771	0.01153	0.07315	0.07927	0.12854	0.06025	0.01506	0.01610	0.01167	0.00590	0.00556	0.00140	0.00563	0.00504	0.00465	0.50106
7	0.81856	0.01250	0.00950	0.00850	0.01250	0.01449	0.00700	0.01899	0.01100	0.02899	0.00900	0.01050	0.00700	0.00600	0.00400	0.00200	0.00500	0.00350	0.00400	0.00700
8	0.01293	0.01223	0.02069	0.61960	0.17660	0.01455	0.01831	0.01715	0.01326	0.01739	0.01161	0.01699	0.00892	0.00633	0.00645	0.00211	0.00843	0.00575	0.00293	0.00776
9	0.00874	0.00656	0.00809	0.00777	0.00942	0.00591	0.00581	0.01138	0.01724	0.02356	0.54632	0.07464	0.22241	0.01420	0.00764	0.00209	0.00313	0.01237	0.00681	0.00591
10	0.00914	0.00660	0.00864	0.00813	0.00965	0.00610	0.00610	0.01219	0.01829	0.02591	0.72921	0.04827	0.06097	0.01321	0.00762	0.00203	0.00305	0.01169	0.00711	0.00610
11	0.00828	0.00647	0.00752	0.00758	0.00927	0.00571	0.00563	0.01039	0.01568	0.02037	0.29526	0.14946	0.38406	0.01580	0.00775	0.00221	0.00333	0.03316	0.00639	0.00567
12	0.00890	0.00643	0.00846	0.00871	0.00994	0.00600	0.00649	0.01140	0.01628	0.02251	0.45520	0.23940	0.07364	0.01563	0.00792	0.00229	0.00354	0.08476	0.00667	0.00584
13	0.00787	0.00562	0.00750	0.00900	0.00937	0.00525	0.00600	0.00900	0.01237	0.01649	0.03561	0.76871	0.04274	0.02024	0.00825	0.00262	0.00375	0.01837	0.00600	0.00525
14	0.02268	0.02298	0.01906	0.06707	0.11377	0.39701	0.01335	0.11926	0.03982	0.10425	0.01341	0.01468	0.01018	0.00690	0.00613	0.00182	0.00941	0.00506	0.00435	0.00880
15	0.81856	0.01250	0.00950	0.00850	0.01250	0.01449	0.00700	0.01899	0.01100	0.02899	0.00900	0.01050	0.00700	0.00600	0.00400	0.00200	0.00500	0.00350	0.00400	0.00700
16	0.01269	0.01199	0.02027	0.66405	0.13399	0.01449	0.01819	0.01694	0.01315	0.01711	0.01157	0.01707	0.00882	0.00637	0.00645	0.00212	0.00849	0.00574	0.00291	0.00758
17	0.01209	0.01108	0.01758	0.37559	0.02965	0.01380	0.03451	0.01537	0.01234	0.01668	0.01506	0.02610	0.01390	0.01407	0.09529	0.00337	0.17179	0.11146	0.00342	0.00685
18	0.02870	0.01146	0.01528	0.01172	0.01673	0.01019	0.00968	0.07587	0.01927	0.69162	0.02484	0.02157	0.01567	0.00798	0.00650	0.00200	0.00560	0.00645	0.00790	0.01100
19	0.81856	0.01250	0.00950	0.00850	0.01250	0.01449	0.00700	0.01899	0.01100	0.02899	0.00900	0.01050	0.00700	0.00600	0.00400	0.00200	0.00500	0.00350	0.00400	0.00700
20	0.01511	0.01385	0.02315	0.11895	0.57103	0.01418	0.01788	0.01891	0.01437	0.02091	0.01308	0.01705	0.01076	0.00604	0.00619	0.00190	0.00726	0.00579	0.09418	0.00940
21	0.01599	0.01535	0.02623	0.03966	0.73262	0.01535	0.01983	0.01983	0.01471	0.02111	0.01215	0.01599	0.01023	0.00576	0.00640	0.00192	0.00768	0.00576	0.00320	0.01023
22	0.48330	0.01186	0.01183	0.00977	0.01419	0.01237	0.00806	0.02430	0.01418	0.32966	0.01600	0.01538	0.01082	0.00685	0.00506	0.00200	0.00521	0.00477	0.00570	0.00870
23	0.00835	0.00657	0.00754	0.00730	0.00917	0.00576	0.00547	0.01066	0.01642	0.02147	0.38091	0.05557	0.41204	0.01486	0.00763	0.00211	0.00317	0.01271	0.00653	0.00576
24	0.00855	0.00658	0.00782	0.00751	0.00929	0.00584	0.00563	0.01105	0.01689	0.02259	0.46845	0.05373	0.32380	0.01445	0.00763	0.00209	0.00314	0.01245	0.00668	0.00584
25	0.00890	0.00660	0.00830	0.00787	0.00950	0.00599	0.00590	0.01172	0.01771	0.02454	0.62156	0.05052	0.16947	0.01372	0.00762	0.00206	0.00308	0.01200	0.00693	0.00599
26	0.02028	0.02330	0.02459	0.01968	0.02378	0.35596	0.22286	0.09990	0.01771	0.02005	0.01135	0.01413	0.00909	0.00699	0.00832	0.00199	0.10264	0.00558	0.00360	0.00820
27	0.01514	0.01206	0.01289	0.01157	0.01473	0.01357	0.00899	0.07284	0.48133	0.02735	0.11625	0.02668	0.02406	0.00910	0.00640	0.00205	0.00467	0.00759	0.12360	0.00913
28	0.01673	0.01844	0.10835	0.01329	0.01660	0.20198	0.01131	0.14850	0.01631	0.02009	0.01399	0.01974	0.01240	0.10563	0.15368	0.09578	0.01029	0.00586	0.00388	0.00715
29	0.01380	0.12398	0.56031	0.01865	0.02730	0.01650	0.11140	0.02035	0.01379	0.01984	0.01146	0.01373	0.00841	0.00597	0.00608	0.00198	0.00940	0.00498	0.00280	0.00928

[dist]
# distance from previous block
# <min> <max>
0	1

[block]
# block no. 1 follows, 34 sequences, length 55
# corresponding to MSA columns:
# 54-106,125,126
name=unknown_B
#
# <colnr> <probs for GDERKNQSTAVLIFYWHMCP>
#	G	D	E	R	K	N	Q	S	T	A	V	L	I	F	Y	W	H	M	C	P
0	0.38698	0.01394	0.01665	0.01528	0.09747	0.01471	0.08962	0.13021	0.01558	0.02804	0.03952	0.01453	0.01074	0.00634	0.00531	0.00189	0.00621	0.00496	0.00433	0.09769
1	0.01923	0.01600	0.01635	0.01387	0.01801	0.04851	0.01100	0.25800	0.46242	0.03108	0.02203	0.02073	0.01635	0.00834	0.00651	0.00209	0.00605	0.00668	0.00640	0.01036
2	0.01520	0.05766	0.02511	0.20097	0.53580	0.01571	0.01890	0.01905	0.01422	0.01973	0.01182	0.01595	0.00976	0.00590	0.00628	0.00194	0.00785	0.00562	0.00310	0.00943
3	0.01358	0.12203	0.40888	0.15713	0.10257	0.01596	0.02012	0.01921	0.01361	0.01907	0.01226	0.01666	0.00973	0.00658	0.00609	0.00201	0.00869	0.03403	0.00295	0.00886
4	0.01233	0.01162	0.01962	0.73230	0.06856	0.01439	0.01801	0.01662	0.01298	0.01667	0.01151	0.01718	0.00867	0.00644	0.00646	0.00215	0.00858	0.00574	0.00288	0.00728
5	0.01443	0.01313	0.01837	0.01591	0.09834	0.01213	0.07811	0.04549	0.01394	0.02107	0.01146	0.01427	0.00958	0.00598	0.00758	0.00148	0.11014	0.00475	0.00367	0.50018
6	0.00933	0.00652	0.00835	0.00835	0.00880	0.00697	0.00554	0.01023	0.00978	0.01349	0.01917	0.03567	0.02062	0.48963	0.31226	0.00788	0.01058	0.00843	0.00374	0.00464
7	0.06519	0.01391	0.01390	0.01140	0.01541	0.09438	0.00903	0.18667	0.01879	0.16073	0.01837	0.08741	0.01491	0.00821	0.00587	0.00176	0.00592	0.00649	0.11646	0.14517
8	0.01360	0.01356	0.01294	0.01207	0.01323	0.18257	0.00903	0.01499	0.01189	0.01462	0.01491	0.02477	0.01498	0.22557	0.26023	0.00596	0.13902	0.00672	0.00344	0.00590
9	0.01340	0.00668	0.00739	0.00693	0.00886	0.00640	0.00530	0.01630	0.01477	0.10438	0.11455	0.02853	0.05147	0.00867	0.00527	0.00166	0.00331	0.00712	0.58246	0.00657
10	0.00787	0.00562	0.00750	0.00900	0.00937	0.00525	0.00600	0.00900	0.01237	0.01649	0.03561	0.76871	0.04274	0.02024	0.00825	0.00262	0.00375	0.01837	0.00600	0.00525
11	0.00890	0.00660	0.00830	0.00788	0.00950	0.00599	0.00591	0.01173	0.01772	0.02456	0.62284	0.05050	0.16818	0.01371	0.00762	0.00206	0.00308	0.01200	0.00693	0.00599
12	0.02675	0.01050	0.01428	0.01112	0.01572	0.00911	0.00911	0.02932	0.01847	0.65697	0.10477	0.02495	0.02106	0.00858	0.00662	0.00200	0.00522	0.00708	0.00790	0.01044
13	0.81856	0.01250	0.00950	0.00850	0.01250	0.01449	0.00700	0.01899	0.01100	0.02899	0.00900	0.01050	0.00700	0.00600	0.00400	0.00200	0.00500	0.00350	0.00400	0.00700
14	0.00823	0.00657	0.00737	0.00717	0.00909	0.00571	0.00537	0.01042	0.01612	0.02077	0.32577	0.05672	0.46761	0.01513	0.00763	0.00212	0.00318	0.01287	0.00644	0.00571
15	0.01526	0.11682	0.57627	0.01679	0.02536	0.01561	0.02077	0.02158	0.01413	0.10059	0.01286	0.01420	0.00908	0.00628	0.00595	0.00196	0.00879	0.00482	0.00333	0.00957
16	0.01569	0.01505	0.02569	0.09615	0.67846	0.01527	0.01968	0.01957	0.01457	0.02075	0.01210	0.01609	0.01011	0.00581	0.00640	0.00194	0.00775	0.00576	0.00317	0.00999
17	0.02194	0.01146	0.01538	0.01218	0.01606	0.01132	0.01001	0.02427	0.01533	0.41698	0.01902	0.01908	0.01333	0.01065	0.05601	0.00251	0.15848	0.00587	0.00592	0.15419
18	0.01340	0.01148	0.01340	0.00957	0.01531	0.00861	0.00766	0.01627	0.01340	0.02105	0.01148	0.01340	0.00957	0.00479	0.00479	0.00096	0.00479	0.00383	0.00383	0.81242
19	0.00971	0.00750	0.01067	0.11371	0.04579	0.00772	0.00889	0.03856	0.01349	0.01791	0.03037	0.53846	0.03489	0.01701	0.00792	0.00254	0.00492	0.07844	0.00546	0.00602
20	0.01512	0.01449	0.02453	0.19044	0.55908	0.01532	0.01921	0.01896	0.01414	0.01992	0.01187	0.01618	0.00982	0.00612	0.00699	0.00200	0.03749	0.00575	0.00311	0.00946
21	0.00901	0.00660	0.00845	0.00799	0.00957	0.00604	0.00599	0.01193	0.01797	0.02516	0.67011	0.04950	0.12054	0.01349	0.00762	0.00205	0.00307	0.01186	0.00701	0.00604
22	0.01671	0.01457	0.01691	0.01458	0.01732	0.01780	0.01173	0.12674	0.40084	0.02547	0.01922	0.01978	0.01498	0.00941	0.01108	0.00235	0.23918	0.00658	0.00540	0.00936
23	0.01602	0.01578	0.02499	0.12131	0.61266	0.05673	0.01920	0.01978	0.01471	0.02028	0.01195	0.01589	0.00994	0.00589	0.00637	0.00193	0.00801	0.00566	0.00317	0.00973
24	0.01581	0.01462	0.02192	0.25511	0.37246	0.05317	0.01734	0.02125	0.09408	0.05057	0.01400	0.01731	0.01095	0.00645	0.00641	0.00201	0.00779	0.00587	0.00369	0.00918
25	0.00998	0.00713	0.00992	0.01141	0.01271	0.00707	0.00966	0.01264	0.01445	0.01885	0.03445	0.19099	0.03813	0.01826	0.00881	0.00292	0.00558	0.57528	0.00596	0.00583
26	0.06745	0.01641	0.01782	0.01438	0.04346	0.01763	0.01138	0.53618	0.02602	0.03634	0.01476	0.01533	0.01078	0.00722	0.00604	0.00181	0.00657	0.00545	0.03743	0.10756
27	0.01914	0.10014	0.02352	0.02730	0.41677	0.01521	0.01551	0.05543	0.03439	0.17108	0.01508	0.01668	0.01147	0.00633	0.00610	0.00184	0.00691	0.00561	0.00442	0.04707
28	0.01535	0.09880	0.22997	0.07435	0.24541	0.01656	0.01787	0.05077	0.14594	0.02190	0.01438	0.01631	0.01112	0.00653	0.00613	0.00197	0.00770	0.00552	0.00376	0.00965
29	0.01588	0.01567	0.02804	0.03777	0.62635	0.01550	0.12465	0.01996	0.01479	0.02105	0.01229	0.01621	0.01017	0.00571	0.00658	0.00196	0.00817	0.00604	0.00321	0.01000
30	0.00833	0.00644	0.00761	0.00771	0.00932	0.00572	0.00570	0.01045	0.01569	0.02056	0.31179	0.17711	0.33948	0.01587	0.00777	0.00222	0.00334	0.03279	0.00642	0.00568
31	0.01328	0.02262	0.35802	0.05183	0.16316	0.01393	0.12386	0.01886	0.01426	0.02044	0.04768	0.06223	0.01459	0.00764	0.00674	0.00212	0.00855	0.03784	0.00344	0.00889
32	0.01599	0.01535	0.02623	0.03966	0.73262	0.01535	0.01983	0.01983	0.01471	0.02111	0.01215	0.01599	0.01023	0.00576	0.00640	0.00192	0.00768	0.00576	0.00320	0.01023
33	0.01285	0.01214	0.02054	0.63557	0.16130	0.01452	0.01826	0.01707	0.01322	0.01729	0.01160	0.01702	0.00889	0.00634	0.00645	0.00211	0.00845	0.00574	0.00293	0.00770
34	0.01446	0.01062	0.01254	0.01190	0.01430	0.01122	0.00944	0.24621	0.04811	0.02578	0.02813	0.30293	0.02970	0.01496	0.00776	0.00247	0.00551	0.19023	0.00616	0.00756
35	0.01453	0.01231	0.01880	0.32263	0.22420	0.01378	0.01534	0.02080	0.13057	0.04893	0.01575	0.01898	0.01208	0.00683	0.00624	0.00202	0.00702	0.00607	0.09457	0.00854
36	0.00986	0.00798	0.00912	0.00842	0.01089	0.00726	0.00635	0.01392	0.09497	0.02150	0.25189	0.11314	0.28351	0.01332	0.00718	0.00201	0.00367	0.01142	0.00610	0.11749
37	0.01492	0.01398	0.02329	0.03467	0.62218	0.01394	0.01745	0.01824	0.01411	0.02000	0.01519	0.02078	0.04026	0.09261	0.00943	0.00242	0.00734	0.00648	0.00339	0.00933
38	0.01924	0.01152	0.01408	0.01058	0.01587	0.00959	0.00855	0.02335	0.07824	0.27887	0.01784	0.01744	0.01278	0.00629	0.00556	0.00144	0.00507	0.00510	0.00557	0.45301
39	0.00940	0.00626	0.00705	0.00705	0.00705	0.00626	0.00392	0.00940	0.00940	0.01253	0.02036	0.04228	0.02349	0.77292	0.03289	0.00626	0.00626	0.00940	0.00392	0.00392
40	0.00835	0.00629	0.00773	0.00796	0.00932	0.00567	0.00575	0.01043	0.01553	0.02077	0.33916	0.27079	0.23630	0.01620	0.00782	0.00225	0.00332	0.01424	0.00647	0.00567
41	0.01525	0.01460	0.02489	0.17938	0.59866	0.01516	0.01946	0.01918	0.01436	0.02021	0.01202	0.01623	0.00992	0.00589	0.00641	0.00196	0.00786	0.00575	0.00313	0.00964
42	0.01217	0.00933	0.01293	0.09530	0.01669	0.01081	0.00990	0.13083	0.01406	0.01954	0.01635	0.02279	0.01443	0.03682	0.53811	0.00802	0.01460	0.00660	0.00390	0.00681
43	0.00814	0.00657	0.00724	0.00707	0.00904	0.00567	0.00530	0.01024	0.01591	0.02027	0.28634	0.05755	0.50736	0.01531	0.00763	0.00213	0.00320	0.01299	0.00637	0.00567
44	0.02414	0.03079	0.01831	0.01665	0.01998	0.74698	0.01248	0.02580	0.01831	0.01581	0.00999	0.01165	0.00832	0.00666	0.00583	0.00166	0.01165	0.00416	0.00333	0.00749
45	0.00922	0.00664	0.00881	0.00887	0.01026	0.00623	0.00682	0.01204	0.01704	0.02373	0.53310	0.13361	0.05488	0.01479	0.00791	0.00226	0.00362	0.12742	0.00679	0.00598
46	0.02269	0.02524	0.01842	0.11924	0.05331	0.53167	0.01321	0.02491	0.01743	0.09740	0.01203	0.01377	0.00931	0.00674	0.00601	0.00178	0.01037	0.00471	0.00379	0.00796
47	0.01414	0.01414	0.01979	0.01696	0.01696	0.01979	0.01414	0.01555	0.00990	0.01555	0.00848	0.01414	0.00848	0.01131	0.02120	0.00283	0.76110	0.00565	0.00283	0.00707
48	0.00805	0.00593	0.00755	0.00848	0.00932	0.00542	0.00585	0.00958	0.01373	0.01824	0.15779	0.54093	0.14844	0.01847	0.00805	0.00246	0.00356	0.01653	0.00619	0.00542
49	0.00975	0.00696	0.00965	0.01114	0.01234	0.00686	0.00926	0.01224	0.01422	0.01859	0.03458	0.25517	0.03864	0.01848	0.00875	0.00288	0.00537	0.51341	0.00596	0.00577
50	0.01316	0.01121	0.01313	0.00949	0.01499	0.00847	0.00757	0.01604	0.01368	0.02133	0.05219	0.01538	0.01249	0.00526	0.00495	0.00102	0.00469	0.00427	0.00401	0.76669
51	0.01607	0.01388	0.01461	0.01315	0.01680	0.01607	0.01023	0.03433	0.72094	0.02703	0.02630	0.02411	0.01972	0.00877	0.00657	0.00219	0.00511	0.00731	0.00657	0.01023
52	0.01220	0.01148	0.01938	0.75739	0.04450	0.01436	0.01794	0.01651	0.01292	0.01651	0.01148	0.01723	0.00861	0.00646	0.00646	0.00215	0.00861	0.00574	0.00287	0.00718
53	0.00923	0.00692	0.01038	0.01038	0.01154	0.00808	0.00808	0.01154	0.01038	0.01500	0.01731	0.02538	0.01615	0.04846	0.74732	0.01038	0.01731	0.00692	0.00346	0.00577
54	0.01395	0.01205	0.01630	0.01387	0.01728	0.01277	0.11363	0.06250	0.31571	0.02531	0.17332	0.03508	0.05868	0.01054	0.00727	0.00223	0.00568	0.08927	0.00609	0.00847

[dist]
# distance from previous block
# <min> <max>
0	1

[block]
# block no. 2 follows, 34 sequences, length 13
# corresponding to MSA columns:
# 128-140
name=unknown_C
#
# <colnr> <probs for GDERKNQSTAVLIFYWHMCP>
#	G	D	E	R	K	N	Q	S	T	A	V	L	I	F	Y	W	H	M	C	P
0	0.02065	0.07948	0.01720	0.01266	0.01685	0.06014	0.01033	0.26795	0.13509	0.14901	0.14039	0.02292	0.02141	0.00864	0.00645	0.00194	0.00608	0.00687	0.00634	0.00959
1	0.14425	0.01902	0.01688	0.01597	0.07851	0.19906	0.01160	0.19091	0.21021	0.02732	0.01576	0.01614	0.01201	0.00731	0.00595	0.00195	0.00742	0.00544	0.00505	0.00923
2	0.05054	0.46467	0.11052	0.09635	0.02100	0.02100	0.01306	0.04278	0.04776	0.06203	0.01161	0.01306	0.00936	0.00610	0.00497	0.00167	0.00716	0.00431	0.00344	0.00860
3	0.00915	0.00646	0.00802	0.00865	0.00938	0.00625	0.00614	0.01046	0.01244	0.01640	0.08350	0.20412	0.09419	0.31425	0.01798	0.00405	0.00517	0.17319	0.00525	0.00497
4	0.01682	0.69782	0.10883	0.01184	0.01779	0.02444	0.01242	0.01947	0.01318	0.01576	0.00926	0.01071	0.00828	0.00559	0.00436	0.00145	0.00719	0.00360	0.00276	0.00843
5	0.01013	0.00798	0.00918	0.00789	0.01087	0.00663	0.00606	0.01267	0.01534	0.02162	0.25046	0.04064	0.25801	0.01131	0.00656	0.00172	0.00363	0.00957	0.06548	0.24425
6	0.01599	0.01535	0.02623	0.03966	0.73262	0.01535	0.01983	0.01983	0.01471	0.02111	0.01215	0.01599	0.01023	0.00576	0.00640	0.00192	0.00768	0.00576	0.00320	0.01023
7	0.02102	0.06120	0.01720	0.01293	0.01754	0.06982	0.01048	0.23871	0.17439	0.15271	0.01894	0.04227	0.01426	0.00783	0.00615	0.00185	0.00631	0.00615	0.00594	0.11433
8	0.00810	0.00578	0.00776	0.00925	0.00973	0.00544	0.00639	0.00939	0.01259	0.01675	0.03549	0.70702	0.04224	0.02003	0.00831	0.00266	0.00394	0.07783	0.00599	0.00531
9	0.01218	0.00720	0.00929	0.00865	0.01067	0.00647	0.00652	0.01464	0.01692	0.14615	0.41143	0.16211	0.13487	0.01385	0.00753	0.00214	0.00361	0.01212	0.00694	0.00672
10	0.01778	0.01594	0.02021	0.01628	0.05017	0.05885	0.13037	0.19631	0.15051	0.02676	0.01548	0.01663	0.01182	0.00654	0.00616	0.00173	0.00701	0.00573	0.00485	0.24087
11	0.15450	0.38211	0.21658	0.01262	0.01892	0.01948	0.01365	0.02062	0.01336	0.08029	0.01109	0.01225	0.00870	0.00598	0.00485	0.00172	0.00717	0.00407	0.00341	0.00864
12	0.03756	0.17803	0.19284	0.01228	0.01765	0.01455	0.01245	0.09203	0.01636	0.14292	0.07454	0.02455	0.10813	0.04020	0.00717	0.00208	0.00649	0.00672	0.00486	0.00859

[dist]
# distance from previous block
# <min> <max>
4	8

[block]
# block no. 3 follows, 34 sequences, length 21
# corresponding to MSA columns:
# 149-169
name=unknown_D
#
# <colnr> <probs for GDERKNQSTAVLIFYWHMCP>
#	G	D	E	R	K	N	Q	S	T	A	V	L	I	F	Y	W	H	M	C	P
0	0.01388	0.01319	0.02241	0.44010	0.34870	0.01480	0.01878	0.01798	0.01371	0.01854	0.01178	0.01668	0.00933	0.00615	0.00643	0.00205	0.00820	0.00575	0.00302	0.00853
1	0.01746	0.01486	0.02495	0.03647	0.65147	0.01469	0.01866	0.02115	0.01514	0.10224	0.01367	0.01667	0.01089	0.00601	0.00641	0.00193	0.00743	0.00584	0.00374	0.01032
2	0.01835	0.01899	0.18458	0.02303	0.19070	0.01495	0.13614	0.07771	0.03426	0.16547	0.01525	0.01696	0.01104	0.00683	0.00752	0.00207	0.05588	0.00604	0.00439	0.00983
3	0.02693	0.01388	0.10808	0.01239	0.01797	0.01020	0.01134	0.03007	0.01787	0.64501	0.02371	0.02092	0.01499	0.00776	0.00645	0.00201	0.00602	0.00628	0.00732	0.01081
4	0.01126	0.00987	0.01566	0.28235	0.16701	0.01068	0.01302	0.01441	0.01414	0.01907	0.14214	0.19903	0.05325	0.01106	0.00711	0.00220	0.00614	0.01000	0.00451	0.00709
5	0.01514	0.01463	0.02556	0.14235	0.54229	0.01495	0.07749	0.01914	0.01450	0.02033	0.01307	0.01871	0.01111	0.00635	0.00662	0.00202	0.00801	0.03498	0.00327	0.00948
6	0.07670	0.03265	0.01788	0.01690	0.13920	0.01315	0.01181	0.09370	0.01765	0.41985	0.01928	0.01861	0.01309	0.00767	0.00750	0.00203	0.06998	0.00596	0.00619	0.01020
7	0.00807	0.00594	0.00757	0.00847	0.00933	0.00544	0.00585	0.00963	0.01381	0.01838	0.16831	0.53087	0.14785	0.01837	0.00804	0.00245	0.00355	0.01643	0.00620	0.00544
8	0.15376	0.01368	0.02078	0.08690	0.30054	0.01489	0.05880	0.01967	0.01347	0.09368	0.01268	0.01601	0.01012	0.00876	0.04135	0.00248	0.11432	0.00560	0.00376	0.00875
9	0.05366	0.01309	0.01806	0.02181	0.27890	0.02966	0.01296	0.07572	0.08463	0.18413	0.04951	0.11303	0.01850	0.00886	0.00661	0.00206	0.00619	0.00776	0.00541	0.00946
10	0.01208	0.00733	0.00918	0.00851	0.01075	0.00653	0.00658	0.01456	0.01690	0.14239	0.35945	0.07921	0.23609	0.01376	0.00754	0.00215	0.00371	0.04974	0.00684	0.00670
11	0.00899	0.00609	0.00717	0.00757	0.00767	0.00599	0.00447	0.00929	0.01019	0.01359	0.02445	0.23720	0.02865	0.57096	0.02628	0.00529	0.00559	0.01180	0.00447	0.00427
12	0.01404	0.02106	0.24345	0.11206	0.05423	0.14919	0.05164	0.01824	0.01381	0.01774	0.01452	0.08019	0.01290	0.01558	0.14927	0.00365	0.01081	0.00654	0.00332	0.00775
13	0.01427	0.23555	0.51642	0.01731	0.05493	0.01790	0.02020	0.02013	0.01355	0.01905	0.01091	0.01285	0.00830	0.00596	0.00561	0.00186	0.00875	0.00446	0.00276	0.00924
14	0.01614	0.01355	0.02185	0.06902	0.51681	0.01370	0.01652	0.02053	0.05029	0.06912	0.01491	0.01794	0.01186	0.00633	0.00617	0.00190	0.00683	0.00592	0.11107	0.00957
15	0.00884	0.00603	0.00721	0.00776	0.00790	0.00589	0.00468	0.00925	0.01049	0.01398	0.02595	0.30849	0.03054	0.49709	0.02386	0.00493	0.00534	0.01268	0.00468	0.00440
16	0.01434	0.01250	0.01218	0.01146	0.01402	0.09654	0.00882	0.14522	0.12667	0.02299	0.03288	0.22358	0.15674	0.01361	0.00733	0.00227	0.00564	0.07990	0.00586	0.00745
17	0.02083	0.12238	0.02234	0.05724	0.10056	0.45793	0.05748	0.02387	0.04666	0.01714	0.01107	0.01315	0.00912	0.00642	0.00585	0.00174	0.01012	0.00468	0.00335	0.00808
18	0.01206	0.01025	0.01182	0.00892	0.01373	0.00787	0.00705	0.01471	0.01396	0.02069	0.06705	0.02470	0.14702	0.00748	0.00550	0.00125	0.00439	0.00615	0.00444	0.61098
19	0.01261	0.10427	0.15915	0.01300	0.01773	0.01264	0.08347	0.04823	0.07540	0.02156	0.14488	0.03274	0.18052	0.01000	0.00671	0.00200	0.00614	0.02571	0.00487	0.03836
20	0.02097	0.02280	0.01771	0.01671	0.07879	0.39802	0.01186	0.13770	0.05034	0.02132	0.01265	0.01537	0.01055	0.05523	0.00761	0.00196	0.00912	0.00501	0.00408	0.10221

[dist]
# distance from previous block
# <min> <max>
1	3

[block]
# block no. 4 follows, 34 sequences, length 17
# corresponding to MSA columns:
# 173-189
name=unknown_E
#
# <colnr> <probs for GDERKNQSTAVLIFYWHMCP>
#	G	D	E	R	K	N	Q	S	T	A	V	L	I	F	Y	W	H	M	C	P
0	0.01846	0.07206	0.07149	0.01694	0.12702	0.01515	0.01254	0.11919	0.23651	0.13890	0.08639	0.02184	0.01867	0.00803	0.00640	0.00200	0.00611	0.00668	0.00575	0.00987
1	0.62714	0.01273	0.01232	0.01032	0.01446	0.01419	0.05757	0.05957	0.01324	0.06153	0.05609	0.01421	0.01127	0.00661	0.00475	0.00201	0.00544	0.00459	0.00447	0.00748
2	0.01547	0.05457	0.16318	0.03425	0.56403	0.01577	0.02019	0.01993	0.01443	0.02071	0.01190	0.01528	0.00975	0.00582	0.00624	0.00192	0.00800	0.00546	0.00309	0.01001
3	0.20566	0.00868	0.00955	0.00853	0.01126	0.00855	0.00668	0.01640	0.01612	0.13455	0.36422	0.03698	0.12666	0.01109	0.00658	0.00204	0.00392	0.00918	0.00636	0.00698
4	0.02015	0.01544	0.01669	0.01311	0.01786	0.01643	0.01065	0.44353	0.12685	0.03390	0.04167	0.02018	0.05548	0.00812	0.00633	0.00184	0.00611	0.00637	0.00607	0.13322
5	0.01497	0.01431	0.02438	0.23365	0.54663	0.01508	0.01932	0.01893	0.01423	0.01987	0.01197	0.01633	0.00980	0.00595	0.00641	0.00198	0.00793	0.00575	0.00311	0.00941
6	0.01727	0.77681	0.03386	0.01106	0.01658	0.02557	0.01106	0.01935	0.01313	0.01520	0.00898	0.01036	0.00829	0.00553	0.00415	0.00138	0.00691	0.00345	0.00276	0.00829
7	0.01236	0.00835	0.00983	0.00943	0.01167	0.00815	0.00705	0.01753	0.15765	0.11235	0.14280	0.24420	0.20435	0.01437	0.00744	0.00226	0.00403	0.01247	0.00654	0.00716
8	0.01318	0.00860	0.01026	0.00960	0.01183	0.00830	0.00721	0.12544	0.01733	0.10668	0.13496	0.30868	0.18238	0.01498	0.00754	0.00226	0.00430	0.01301	0.00647	0.00701
9	0.00940	0.00626	0.00705	0.00705	0.00705	0.00626	0.00392	0.00940	0.00940	0.01253	0.02036	0.04228	0.02349	0.77292	0.03289	0.00626	0.00626	0.00940	0.00392	0.00392
10	0.00787	0.00562	0.00750	0.00900	0.00937	0.00525	0.00600	0.00900	0.01237	0.01649	0.03561	0.76871	0.04274	0.02024	0.00825	0.00262	0.00375	0.01837	0.00600	0.00525
11	0.01291	0.01232	0.02016	0.56301	0.11187	0.01534	0.01753	0.01670	0.01262	0.01683	0.01107	0.01660	0.00876	0.00717	0.00883	0.00224	0.12994	0.00573	0.00290	0.00748
12	0.01539	0.01495	0.02612	0.14173	0.58228	0.01528	0.07045	0.01942	0.01449	0.02042	0.01213	0.01628	0.00997	0.00583	0.00650	0.00197	0.00805	0.00589	0.00316	0.00968
13	0.01559	0.01476	0.02426	0.03505	0.62270	0.01432	0.01796	0.01928	0.01451	0.02110	0.01205	0.01559	0.01013	0.00561	0.00615	0.00177	0.00723	0.00546	0.00329	0.13316
14	0.00787	0.00562	0.00750	0.00900	0.00937	0.00525	0.00600	0.00900	0.01237	0.01649	0.03561	0.76871	0.04274	0.02024	0.00825	0.00262	0.00375	0.01837	0.00600	0.00525
15	0.01200	0.01103	0.01843	0.58386	0.08999	0.01342	0.01649	0.01595	0.01264	0.01660	0.01247	0.01845	0.00995	0.01319	0.12601	0.00346	0.00995	0.00593	0.00299	0.00718
16	0.00940	0.00626	0.00705	0.00705	0.00705	0.00626	0.00392	0.00940	0.00940	0.01253	0.02036	0.04228	0.02349	0.77292	0.03289	0.00626	0.00626	0.00940	0.00392	0.00392

[dist]
# distance from previous block
# <min> <max>
0	0

# created by:
# /home/berkeley/.conda/envs/busco_data_prod/bin/msa2prfl.pl pipeline/OGs_align_augustus/5794/35272.fs
