[name]
unknown

[dist]
# distance from previous block
# <min> <max>
0	28

[block]
# block no. 0 follows, 36 sequences, length 18
# corresponding to MSA columns:
# 28-45
name=unknown_A
#
# <colnr> <probs for GDERKNQSTAVLIFYWHMCP>
#	G	D	E	R	K	N	Q	S	T	A	V	L	I	F	Y	W	H	M	C	P
0	0.05404	0.01351	0.03336	0.01543	0.09882	0.01418	0.01133	0.24172	0.18848	0.04769	0.02133	0.09782	0.01888	0.00990	0.00663	0.00214	0.00591	0.10428	0.00563	0.00892
1	0.50386	0.01185	0.01180	0.01202	0.09558	0.01271	0.00832	0.04943	0.01209	0.02507	0.01077	0.03478	0.00921	0.02694	0.00602	0.03532	0.00520	0.00442	0.00386	0.12076
2	0.01310	0.00862	0.00962	0.00858	0.01120	0.00826	0.00658	0.09529	0.06793	0.12269	0.09014	0.07622	0.34295	0.06717	0.00864	0.00232	0.00421	0.01038	0.03921	0.00690
3	0.01896	0.01155	0.01471	0.14087	0.02006	0.01199	0.01048	0.12006	0.14718	0.26095	0.09877	0.02360	0.04264	0.00824	0.00635	0.00195	0.00561	0.00685	0.00609	0.04312
4	0.01260	0.00818	0.01162	0.01258	0.11293	0.00762	0.00822	0.01557	0.01718	0.13218	0.53028	0.03840	0.04546	0.01098	0.00702	0.00194	0.00392	0.00972	0.00646	0.00714
5	0.61903	0.09997	0.01317	0.11461	0.01682	0.01517	0.00867	0.01802	0.01110	0.02475	0.00901	0.01102	0.00711	0.00579	0.00420	0.00188	0.00552	0.00367	0.00357	0.00691
6	0.01083	0.00988	0.01018	0.09580	0.01426	0.11171	0.00781	0.02909	0.01295	0.01593	0.02719	0.43696	0.06180	0.11367	0.01042	0.00276	0.00559	0.01279	0.00483	0.00555
7	0.01695	0.01942	0.01630	0.05063	0.08202	0.38341	0.04012	0.01921	0.01552	0.01697	0.09581	0.07119	0.01741	0.01356	0.11126	0.00295	0.01002	0.00651	0.00379	0.00696
8	0.01507	0.01348	0.01986	0.13983	0.33691	0.01351	0.01463	0.09071	0.05250	0.02190	0.01250	0.01533	0.01002	0.00577	0.00580	0.00167	0.00665	0.00516	0.00368	0.21503
9	0.61916	0.01242	0.01111	0.00985	0.01313	0.01487	0.00807	0.01954	0.09253	0.02592	0.01051	0.01211	0.00835	0.00681	0.00646	0.00206	0.11194	0.00408	0.00398	0.00711
10	0.01132	0.00997	0.01360	0.01223	0.01245	0.01293	0.00952	0.01245	0.00949	0.01402	0.01330	0.02392	0.01399	0.24841	0.17084	0.00517	0.39081	0.00678	0.00316	0.00566
11	0.00968	0.00834	0.01217	0.01088	0.01322	0.00789	0.10625	0.01344	0.07491	0.01958	0.16671	0.16350	0.26276	0.01390	0.00751	0.00223	0.00466	0.09050	0.00565	0.00622
12	0.01034	0.00853	0.00943	0.00879	0.01054	0.05819	0.00662	0.01436	0.07434	0.02440	0.63205	0.04226	0.05214	0.01196	0.00715	0.00195	0.00367	0.01043	0.00657	0.00629
13	0.01549	0.01345	0.01460	0.01385	0.04955	0.01547	0.01029	0.03247	0.69799	0.02580	0.02473	0.02289	0.01860	0.00832	0.00633	0.00210	0.00504	0.00698	0.00619	0.00986
14	0.01527	0.01313	0.02034	0.07713	0.42369	0.01238	0.01475	0.01863	0.01393	0.06993	0.01236	0.01514	0.00995	0.00546	0.00571	0.00159	0.00647	0.00503	0.00357	0.25554
15	0.01061	0.00973	0.01499	0.38890	0.12072	0.01076	0.01292	0.01372	0.01319	0.01677	0.02870	0.07843	0.23627	0.00994	0.00668	0.00208	0.00630	0.00867	0.00393	0.00667
16	0.01796	0.13814	0.03308	0.01527	0.11811	0.08575	0.01108	0.07332	0.07514	0.12181	0.01400	0.01481	0.01076	0.00602	0.00535	0.00151	0.00635	0.00472	0.00434	0.24249
17	0.01152	0.01028	0.01386	0.11787	0.03268	0.04133	0.06349	0.01682	0.14594	0.01874	0.06108	0.25629	0.02424	0.01557	0.09229	0.00303	0.00695	0.01001	0.00476	0.05324

[dist]
# distance from previous block
# <min> <max>
6	11

[block]
# block no. 1 follows, 36 sequences, length 72
# corresponding to MSA columns:
# 57-128
name=unknown_B
#
# <colnr> <probs for GDERKNQSTAVLIFYWHMCP>
#	G	D	E	R	K	N	Q	S	T	A	V	L	I	F	Y	W	H	M	C	P
0	0.01567	0.01195	0.01895	0.08312	0.33269	0.01186	0.04002	0.05570	0.01490	0.12954	0.01869	0.18100	0.01736	0.00902	0.00658	0.00201	0.00635	0.00830	0.00453	0.03175
1	0.01329	0.01160	0.01815	0.09297	0.37651	0.01176	0.01389	0.01738	0.07061	0.04252	0.02033	0.19532	0.04517	0.00952	0.00660	0.00203	0.00609	0.00875	0.00421	0.03328
2	0.01935	0.01486	0.01588	0.01288	0.01715	0.01641	0.01038	0.38929	0.27359	0.03239	0.01872	0.01828	0.01382	0.00763	0.00605	0.00187	0.00578	0.00601	0.05879	0.06088
3	0.02092	0.01586	0.01715	0.01652	0.11963	0.15520	0.03068	0.05226	0.14924	0.24960	0.01797	0.01765	0.01291	0.00690	0.00600	0.00179	0.00680	0.00562	0.00535	0.09194
4	0.01388	0.01313	0.01914	0.59210	0.09435	0.06111	0.01661	0.08189	0.01448	0.01838	0.01139	0.01603	0.00862	0.00630	0.00619	0.00201	0.00828	0.00545	0.00314	0.00751
5	0.01635	0.01655	0.01998	0.02041	0.18103	0.18082	0.12134	0.10366	0.01749	0.02202	0.13987	0.02536	0.03533	0.00833	0.00666	0.00194	0.00769	0.06275	0.00443	0.00801
6	0.01867	0.04171	0.14001	0.01985	0.15928	0.02971	0.10950	0.07999	0.08755	0.20333	0.03660	0.01802	0.01310	0.00676	0.00629	0.00193	0.00724	0.00603	0.00485	0.00958
7	0.01205	0.00749	0.00940	0.00947	0.01110	0.00716	0.00692	0.08432	0.01478	0.11707	0.03353	0.50799	0.09582	0.01629	0.00752	0.00236	0.00421	0.04002	0.00609	0.00641
8	0.00809	0.00634	0.00732	0.00708	0.00886	0.00557	0.00531	0.01035	0.01592	0.02092	0.40208	0.05323	0.39812	0.01425	0.00736	0.00203	0.00305	0.01221	0.00632	0.00557
9	0.01795	0.01567	0.01890	0.30130	0.10480	0.12249	0.01459	0.17130	0.01731	0.08551	0.01277	0.01556	0.00954	0.00690	0.00708	0.00197	0.05854	0.00539	0.00405	0.00839
10	0.01387	0.22689	0.46820	0.01702	0.02483	0.01730	0.11115	0.01948	0.01323	0.01844	0.01071	0.01281	0.00812	0.00568	0.00561	0.00182	0.00871	0.00463	0.00271	0.00879
11	0.00843	0.00635	0.00779	0.00743	0.00907	0.00571	0.00557	0.01101	0.01672	0.02282	0.55912	0.05011	0.23990	0.01355	0.00735	0.00200	0.00300	0.01177	0.00657	0.00571
12	0.00789	0.00633	0.00705	0.00687	0.00874	0.00549	0.00515	0.00997	0.01545	0.01980	0.30942	0.05507	0.49149	0.01467	0.00736	0.00205	0.00308	0.01246	0.00618	0.00549
13	0.01220	0.01134	0.01815	0.67821	0.03980	0.01404	0.01644	0.01792	0.09624	0.01710	0.01274	0.01738	0.00955	0.00649	0.00624	0.00208	0.00791	0.00571	0.00318	0.00726
14	0.01302	0.02858	0.58020	0.01977	0.02829	0.01477	0.18791	0.01979	0.01352	0.01979	0.01152	0.01402	0.00826	0.00576	0.00626	0.00200	0.00951	0.00525	0.00275	0.00902
15	0.00844	0.00635	0.00780	0.00744	0.00907	0.00572	0.00558	0.01102	0.01674	0.02285	0.56226	0.05005	0.23673	0.01353	0.00735	0.00200	0.00300	0.01176	0.00658	0.00572
16	0.01974	0.00919	0.01121	0.00939	0.01273	0.00879	0.00749	0.02454	0.11945	0.36478	0.05921	0.02345	0.01831	0.00792	0.00569	0.00180	0.00433	0.00648	0.27682	0.00866
17	0.82504	0.01205	0.00916	0.00819	0.01205	0.01398	0.00675	0.01832	0.01060	0.02795	0.00868	0.01012	0.00675	0.00578	0.00386	0.00193	0.00482	0.00337	0.00386	0.00675
18	0.00906	0.00604	0.00680	0.00680	0.00680	0.00604	0.00378	0.00906	0.00906	0.01208	0.01963	0.04077	0.02265	0.78103	0.03171	0.00604	0.00604	0.00906	0.00378	0.00378
19	0.02718	0.01185	0.01523	0.01168	0.01653	0.01101	0.00965	0.15619	0.01992	0.61770	0.02283	0.02007	0.01454	0.00767	0.00626	0.00192	0.00558	0.00615	0.00744	0.01060
20	0.01292	0.01107	0.01292	0.00923	0.01477	0.00831	0.00738	0.01569	0.01292	0.02030	0.01107	0.01292	0.00923	0.00461	0.00461	0.00092	0.00461	0.00369	0.00369	0.81912
21	0.00890	0.00668	0.01001	0.01001	0.01113	0.00779	0.00779	0.01113	0.01001	0.01446	0.01669	0.02448	0.01558	0.04673	0.75634	0.01001	0.01669	0.00668	0.00334	0.00556
22	0.01250	0.03223	0.74875	0.01776	0.02697	0.01447	0.02302	0.01973	0.01315	0.01973	0.01118	0.01315	0.00789	0.00592	0.00592	0.00197	0.00921	0.00460	0.00263	0.00921
23	0.01320	0.01254	0.02128	0.48037	0.31739	0.01422	0.01802	0.01718	0.01314	0.01766	0.01133	0.01614	0.00892	0.00596	0.00621	0.00199	0.00795	0.00554	0.00289	0.00808
24	0.01334	0.01357	0.01860	0.60393	0.03752	0.10426	0.01632	0.01692	0.01281	0.01575	0.01062	0.01568	0.00826	0.00670	0.00751	0.00208	0.08102	0.00534	0.00282	0.00695
25	0.00854	0.00633	0.00812	0.00891	0.01018	0.00592	0.00693	0.01062	0.01418	0.01857	0.16409	0.27116	0.19167	0.01680	0.00793	0.00245	0.00407	0.23212	0.00596	0.00546
26	0.00800	0.00630	0.00733	0.00797	0.00954	0.00563	0.00613	0.00975	0.01373	0.01702	0.05011	0.22202	0.42998	0.01693	0.00777	0.00237	0.00382	0.16451	0.00577	0.00532
27	0.01306	0.13379	0.65210	0.01680	0.02549	0.01584	0.02135	0.01959	0.01309	0.01905	0.01084	0.01273	0.00791	0.00584	0.00566	0.00189	0.00886	0.00443	0.00264	0.00904
28	0.00767	0.00545	0.00721	0.00858	0.00892	0.00511	0.00568	0.00869	0.01178	0.01571	0.03360	0.73993	0.04028	0.05783	0.00915	0.00271	0.00374	0.01728	0.00568	0.00500
29	0.00767	0.00601	0.00695	0.00737	0.00877	0.00529	0.00528	0.00930	0.01396	0.01780	0.16030	0.30516	0.39081	0.01659	0.00756	0.00223	0.00328	0.01443	0.00596	0.00529
30	0.01542	0.01480	0.02529	0.03824	0.74217	0.01480	0.01912	0.01912	0.01419	0.02036	0.01172	0.01542	0.00987	0.00555	0.00617	0.00185	0.00740	0.00555	0.00308	0.00987
31	0.00924	0.00733	0.00829	0.00781	0.00986	0.00691	0.00593	0.03331	0.08425	0.02190	0.35100	0.04934	0.35472	0.01352	0.00723	0.00204	0.00334	0.01153	0.00632	0.00612
32	0.82504	0.01205	0.00916	0.00819	0.01205	0.01398	0.00675	0.01832	0.01060	0.02795	0.00868	0.01012	0.00675	0.00578	0.00386	0.00193	0.00482	0.00337	0.00386	0.00675
33	0.01959	0.01542	0.01639	0.01351	0.01776	0.01741	0.01085	0.37727	0.38008	0.03267	0.02016	0.01910	0.01481	0.00797	0.00629	0.00199	0.00589	0.00633	0.00629	0.01023
34	0.09693	0.01250	0.01509	0.01167	0.01645	0.01221	0.00964	0.20790	0.02016	0.50053	0.02070	0.01862	0.01341	0.00748	0.00605	0.00191	0.00566	0.00584	0.00699	0.01026
35	0.02466	0.01281	0.01552	0.01202	0.01661	0.01270	0.00988	0.28900	0.02213	0.41668	0.08375	0.02108	0.01742	0.00807	0.00635	0.00191	0.00568	0.00646	0.00708	0.01019
36	0.01982	0.01259	0.01434	0.01221	0.01620	0.01353	0.00969	0.05236	0.47688	0.26235	0.02480	0.02234	0.01760	0.00818	0.00631	0.00205	0.00511	0.00675	0.00679	0.01013
37	0.01621	0.01267	0.01674	0.01381	0.01735	0.03164	0.12340	0.05851	0.32377	0.11735	0.02180	0.06139	0.01780	0.10613	0.03043	0.00279	0.00653	0.00763	0.00549	0.00857
38	0.01510	0.01448	0.02471	0.10223	0.68069	0.01472	0.01896	0.01884	0.01404	0.01997	0.01166	0.01553	0.00973	0.00561	0.00617	0.00187	0.00748	0.00555	0.00306	0.00961
39	0.01195	0.01126	0.01902	0.72944	0.07809	0.01389	0.01739	0.01608	0.01255	0.01614	0.01111	0.01655	0.00838	0.00620	0.00623	0.00207	0.00826	0.00554	0.00278	0.00707
40	0.02712	0.01194	0.01529	0.01172	0.01657	0.01114	0.00968	0.16515	0.02007	0.60854	0.02270	0.01999	0.01448	0.00767	0.00626	0.00192	0.00560	0.00614	0.00742	0.01060
41	0.00821	0.00584	0.00779	0.00893	0.00946	0.00570	0.00627	0.00949	0.01173	0.01567	0.03083	0.52892	0.03601	0.11388	0.07671	0.00366	0.00534	0.10522	0.00532	0.00504
42	0.01504	0.01442	0.02461	0.11352	0.66984	0.01470	0.01893	0.01879	0.01401	0.01990	0.01165	0.01554	0.00971	0.00562	0.00617	0.00187	0.00750	0.00555	0.00305	0.00956
43	0.00901	0.00619	0.00752	0.00749	0.00781	0.00637	0.00470	0.00964	0.00982	0.01340	0.06675	0.03798	0.02367	0.58686	0.17144	0.00654	0.00791	0.00874	0.00389	0.00426
44	0.02644	0.01052	0.01414	0.01105	0.01558	0.00927	0.00903	0.05473	0.01787	0.67163	0.02487	0.07109	0.01695	0.00849	0.00638	0.00197	0.00525	0.00700	0.00753	0.01024
45	0.01494	0.01431	0.02442	0.13371	0.65045	0.01468	0.01888	0.01870	0.01396	0.01977	0.01164	0.01558	0.00966	0.00564	0.00618	0.00188	0.00752	0.00555	0.00304	0.00948
46	0.01639	0.01418	0.02330	0.12304	0.56237	0.01450	0.01774	0.05805	0.01508	0.07633	0.01280	0.01598	0.01014	0.00590	0.00619	0.00188	0.00732	0.00561	0.00357	0.00961
47	0.01248	0.01180	0.01998	0.62410	0.17930	0.01403	0.01766	0.01654	0.01280	0.01678	0.01120	0.01638	0.00861	0.00610	0.00622	0.00203	0.00813	0.00554	0.00283	0.00750
48	0.00759	0.00542	0.00723	0.00868	0.00904	0.00506	0.00578	0.00868	0.01193	0.01591	0.03434	0.77697	0.04121	0.01952	0.00795	0.00253	0.00361	0.01771	0.00578	0.00506
49	0.82504	0.01205	0.00916	0.00819	0.01205	0.01398	0.00675	0.01832	0.01060	0.02795	0.00868	0.01012	0.00675	0.00578	0.00386	0.00193	0.00482	0.00337	0.00386	0.00675
50	0.01676	0.01401	0.01480	0.01294	0.01668	0.01609	0.01017	0.13926	0.62271	0.02810	0.02376	0.02197	0.01772	0.00830	0.00632	0.00208	0.00523	0.00682	0.00632	0.00998
51	0.01291	0.01529	0.11367	0.01581	0.01705	0.01715	0.01412	0.01502	0.01024	0.01570	0.01106	0.08612	0.01128	0.01107	0.01735	0.00261	0.59708	0.00651	0.00300	0.00696
52	0.01359	0.01290	0.02097	0.36852	0.30943	0.01479	0.01719	0.01822	0.06051	0.01823	0.01202	0.01633	0.00961	0.00653	0.00746	0.00205	0.07466	0.00564	0.00312	0.00825
53	0.01284	0.01104	0.01841	0.71600	0.04112	0.01353	0.01676	0.01688	0.01281	0.06436	0.01197	0.01692	0.00878	0.00633	0.00623	0.00207	0.00811	0.00559	0.00310	0.00717
54	0.37213	0.01123	0.01217	0.00984	0.01424	0.01124	0.00812	0.02516	0.01471	0.43623	0.01771	0.01642	0.01168	0.00688	0.00523	0.00193	0.00509	0.00502	0.00605	0.00894
55	0.01473	0.01398	0.02370	0.03564	0.67771	0.01395	0.01795	0.01820	0.01399	0.01996	0.01371	0.08237	0.01262	0.00678	0.00633	0.00191	0.00707	0.00662	0.00332	0.00945
56	0.08759	0.01153	0.01580	0.01657	0.17415	0.01103	0.01088	0.02608	0.06908	0.42791	0.02025	0.01933	0.01381	0.00711	0.00593	0.00189	0.00554	0.00590	0.05985	0.00976
57	0.01542	0.01480	0.02529	0.03824	0.74217	0.01480	0.01912	0.01912	0.01419	0.02036	0.01172	0.01542	0.00987	0.00555	0.00617	0.00185	0.00740	0.00555	0.00308	0.00987
58	0.01265	0.01237	0.01754	0.60334	0.03703	0.08358	0.01592	0.01641	0.01318	0.01619	0.01359	0.02260	0.01162	0.00758	0.00646	0.00213	0.00827	0.08956	0.00317	0.00681
59	0.01652	0.28845	0.29008	0.01448	0.02083	0.08674	0.04496	0.03974	0.01428	0.08186	0.01237	0.04132	0.00999	0.00644	0.00540	0.00174	0.00795	0.00489	0.00338	0.00857
60	0.01340	0.06683	0.66719	0.01732	0.02595	0.06411	0.02172	0.02002	0.01343	0.01920	0.01096	0.01288	0.00791	0.00593	0.00581	0.00192	0.00922	0.00451	0.00267	0.00902
61	0.00826	0.00611	0.00784	0.00890	0.00995	0.00570	0.00671	0.01000	0.01330	0.01726	0.07350	0.40946	0.18144	0.01783	0.00798	0.00251	0.00405	0.19804	0.00582	0.00532
62	0.01550	0.01334	0.02373	0.01805	0.02264	0.01298	0.34122	0.05631	0.11764	0.10522	0.11388	0.02684	0.03887	0.00818	0.00712	0.00211	0.00743	0.05557	0.00501	0.00837
63	0.01703	0.16804	0.11958	0.11349	0.16454	0.20898	0.06542	0.03965	0.01490	0.01780	0.01059	0.01323	0.00857	0.00590	0.00567	0.00175	0.00881	0.00473	0.00303	0.00829
64	0.00820	0.00634	0.00748	0.00719	0.00893	0.00562	0.00539	0.01057	0.01618	0.02154	0.45325	0.05221	0.34657	0.01402	0.00736	0.00202	0.00303	0.01206	0.00641	0.00562
65	0.01108	0.00693	0.00871	0.00794	0.01000	0.00619	0.00607	0.01365	0.01691	0.12057	0.49443	0.04606	0.20210	0.01273	0.00721	0.00199	0.00331	0.01101	0.00674	0.00638
66	0.01719	0.01593	0.17490	0.01416	0.01937	0.01163	0.10501	0.10987	0.01694	0.21282	0.02619	0.02918	0.13703	0.00921	0.00673	0.00207	0.00670	0.07110	0.00532	0.00866
67	0.01700	0.01331	0.08211	0.01497	0.01912	0.04424	0.16400	0.02035	0.01523	0.23910	0.02321	0.12279	0.02088	0.01054	0.00717	0.00224	0.00693	0.16333	0.00539	0.00808
68	0.01408	0.01551	0.03316	0.02426	0.02991	0.01460	0.62378	0.01901	0.01466	0.01978	0.01536	0.02402	0.01302	0.00687	0.00752	0.00220	0.00986	0.10086	0.00350	0.00804
69	0.01282	0.01215	0.02060	0.55559	0.24512	0.01412	0.01783	0.01685	0.01296	0.01720	0.01126	0.01627	0.00876	0.00603	0.00621	0.00201	0.00804	0.00554	0.00286	0.00777
70	0.01390	0.01329	0.02234	0.31681	0.42501	0.01472	0.01806	0.01762	0.01321	0.01829	0.01124	0.01576	0.00916	0.00617	0.00714	0.00200	0.05829	0.00554	0.00294	0.00853
71	0.01360	0.01299	0.02181	0.37491	0.36919	0.01464	0.01791	0.01736	0.01308	0.01794	0.01119	0.01586	0.00903	0.00622	0.00714	0.00201	0.05836	0.00554	0.00291	0.00830

[dist]
# distance from previous block
# <min> <max>
0	16

# created by:
# /home/berkeley/.conda/envs/busco_data_prod/bin/msa2prfl.pl pipeline/OGs_align_augustus/5794/35490.fs
