[name]
unknown

[dist]
# distance from previous block
# <min> <max>
21	235

[block]
# block no. 0 follows, 29 sequences, length 32
# corresponding to MSA columns:
# 422-453
name=unknown_A
#
# <colnr> <probs for GDERKNQSTAVLIFYWHMCP>
#	G	D	E	R	K	N	Q	S	T	A	V	L	I	F	Y	W	H	M	C	P
0	0.07219	0.01939	0.13419	0.27602	0.24242	0.06976	0.01968	0.02095	0.01530	0.02165	0.01291	0.01717	0.01009	0.00684	0.00673	0.00220	0.00912	0.00586	0.02818	0.00934
1	0.01550	0.04420	0.07629	0.25897	0.31306	0.01616	0.01910	0.02105	0.06070	0.02168	0.01709	0.02091	0.04362	0.00745	0.00696	0.00220	0.00833	0.00669	0.03038	0.00965
2	0.01444	0.01603	0.07125	0.11299	0.05755	0.10117	0.09459	0.01944	0.06561	0.02282	0.19794	0.10267	0.07121	0.01122	0.00777	0.00231	0.00750	0.01001	0.00534	0.00814
3	0.07302	0.08073	0.10224	0.18815	0.07397	0.01383	0.03783	0.01739	0.01531	0.02200	0.14343	0.12150	0.02554	0.01242	0.04050	0.00272	0.00775	0.00900	0.00463	0.00804
4	0.01310	0.01335	0.06814	0.10886	0.04472	0.06092	0.01066	0.01670	0.04636	0.02012	0.05577	0.06628	0.14079	0.15257	0.01266	0.00302	0.00668	0.00921	0.06460	0.08550
5	0.01999	0.06861	0.07409	0.04844	0.09351	0.24669	0.01520	0.06954	0.01717	0.02125	0.01270	0.01596	0.01056	0.00840	0.01002	0.00218	0.16802	0.00554	0.08330	0.00880
6	0.01777	0.24124	0.24517	0.07750	0.02566	0.15643	0.03983	0.02228	0.01625	0.01995	0.06414	0.01694	0.01362	0.00728	0.00627	0.00197	0.00954	0.00548	0.00355	0.00913
7	0.06378	0.16144	0.12094	0.01544	0.04856	0.01706	0.04413	0.16105	0.01874	0.04896	0.01945	0.15728	0.01812	0.01014	0.00670	0.00216	0.00716	0.00839	0.06122	0.00927
8	0.01114	0.01096	0.09146	0.01059	0.01319	0.00805	0.00888	0.03994	0.01547	0.05043	0.04342	0.35454	0.23220	0.06340	0.01014	0.00286	0.00513	0.01519	0.00616	0.00685
9	0.01101	0.01056	0.06607	0.04175	0.06980	0.00987	0.01115	0.01391	0.01245	0.01768	0.02077	0.12308	0.02061	0.07266	0.45554	0.00830	0.01464	0.00912	0.00410	0.00695
10	0.00984	0.00756	0.01031	0.01239	0.06376	0.00694	0.00786	0.01155	0.01428	0.01939	0.06345	0.58313	0.06796	0.01939	0.00861	0.00266	0.00449	0.01754	0.00625	0.06264
11	0.01753	0.07123	0.02309	0.06714	0.13432	0.06942	0.12509	0.06447	0.01828	0.08172	0.10394	0.02927	0.12006	0.00941	0.00736	0.00215	0.00774	0.00842	0.00516	0.03420
12	0.08226	0.02605	0.02276	0.01915	0.02282	0.39461	0.10309	0.07180	0.01836	0.02117	0.01151	0.01441	0.00952	0.00813	0.00969	0.00220	0.14455	0.00548	0.00386	0.00859
13	0.00878	0.00649	0.00798	0.00911	0.00992	0.00594	0.00612	0.01003	0.01389	0.01798	0.04486	0.52749	0.18963	0.09251	0.01160	0.00318	0.00429	0.01813	0.00639	0.00569
14	0.01477	0.01266	0.01477	0.01055	0.01687	0.00949	0.00844	0.01793	0.01477	0.02320	0.01266	0.01477	0.01055	0.00527	0.00527	0.00105	0.00527	0.00422	0.00422	0.79328
15	0.02020	0.08084	0.02009	0.04362	0.04749	0.10427	0.03470	0.21274	0.10388	0.02827	0.01745	0.02047	0.01403	0.05451	0.00946	0.00239	0.05570	0.00649	0.11394	0.00947
16	0.09923	0.01789	0.07130	0.01636	0.07177	0.10075	0.01291	0.05403	0.09814	0.35218	0.02169	0.02045	0.01479	0.00817	0.00678	0.00218	0.00738	0.00640	0.00667	0.01094
17	0.02165	0.14598	0.14238	0.01995	0.10661	0.21722	0.01625	0.10931	0.07964	0.05414	0.01456	0.01584	0.01127	0.00734	0.00645	0.00200	0.00947	0.00545	0.00442	0.01009
18	0.01359	0.01249	0.01473	0.23457	0.05276	0.09809	0.01176	0.01583	0.01376	0.01696	0.02013	0.08558	0.02095	0.28368	0.01816	0.00408	0.00827	0.06389	0.00420	0.00650
19	0.01017	0.00763	0.01144	0.01144	0.01272	0.00890	0.00890	0.01272	0.01144	0.01653	0.01907	0.02797	0.01780	0.05340	0.72153	0.01144	0.01907	0.00763	0.00381	0.00636
20	0.01659	0.02884	0.44790	0.01855	0.02666	0.01675	0.05400	0.14692	0.04704	0.02623	0.01533	0.01928	0.01192	0.08130	0.00988	0.00271	0.00952	0.00627	0.00413	0.01019
21	0.01443	0.01240	0.02113	0.22170	0.16398	0.01321	0.10214	0.01856	0.01537	0.04136	0.08078	0.02434	0.01796	0.01455	0.11276	0.00356	0.00963	0.00748	0.09620	0.00844
22	0.02707	0.01995	0.02137	0.01638	0.02208	0.02208	0.01353	0.68159	0.03348	0.04488	0.01710	0.01710	0.01211	0.00855	0.00712	0.00214	0.00784	0.00641	0.00712	0.01211
23	0.01039	0.00701	0.00865	0.00878	0.00925	0.00730	0.00570	0.01136	0.01121	0.01574	0.02293	0.09371	0.02492	0.46536	0.20499	0.00737	0.00951	0.01015	0.06057	0.00511
24	0.03702	0.00936	0.01210	0.01294	0.01510	0.00966	0.01104	0.01850	0.10404	0.04516	0.07128	0.06800	0.03814	0.01735	0.00917	0.00304	0.00622	0.49778	0.00672	0.00739
25	0.01558	0.01558	0.02181	0.01869	0.01869	0.02181	0.01558	0.01714	0.01091	0.01714	0.00935	0.01558	0.00935	0.01246	0.02337	0.00312	0.73672	0.00623	0.00312	0.00779
26	0.05257	0.01541	0.02231	0.37366	0.23098	0.05448	0.01844	0.02235	0.09857	0.02168	0.01466	0.01885	0.01141	0.00720	0.00695	0.00227	0.00872	0.00634	0.00386	0.00930
27	0.02159	0.24949	0.08895	0.01789	0.10062	0.07963	0.01442	0.07418	0.12339	0.13735	0.01718	0.01750	0.01297	0.00747	0.00625	0.00198	0.00787	0.00571	0.00506	0.01048
28	0.01516	0.07998	0.09564	0.01936	0.02463	0.03701	0.27820	0.02108	0.08399	0.02197	0.08471	0.02842	0.06076	0.10424	0.01134	0.00286	0.00888	0.00862	0.00454	0.00861
29	0.00949	0.00717	0.00876	0.00854	0.01032	0.00644	0.00634	0.01222	0.01849	0.02502	0.46644	0.11631	0.24602	0.01620	0.00846	0.00234	0.00350	0.01411	0.00739	0.00644
30	0.02005	0.01635	0.01970	0.10220	0.11160	0.01816	0.01405	0.27547	0.22485	0.03251	0.02382	0.02411	0.06683	0.00915	0.00725	0.00227	0.00713	0.00754	0.00619	0.01080
31	0.01488	0.01441	0.01992	0.01723	0.01723	0.01981	0.01406	0.01623	0.01083	0.01669	0.01111	0.01975	0.01157	0.11155	0.02510	0.00362	0.63863	0.00679	0.00328	0.00732

[dist]
# distance from previous block
# <min> <max>
5	16

[block]
# block no. 1 follows, 29 sequences, length 19
# corresponding to MSA columns:
# 472-490
name=unknown_B
#
# <colnr> <probs for GDERKNQSTAVLIFYWHMCP>
#	G	D	E	R	K	N	Q	S	T	A	V	L	I	F	Y	W	H	M	C	P
0	0.04908	0.01454	0.02167	0.06117	0.24526	0.01440	0.05789	0.08351	0.05143	0.15483	0.01981	0.09479	0.01649	0.00878	0.00714	0.00218	0.00726	0.00790	0.00544	0.07643
1	0.01766	0.01578	0.01924	0.01931	0.10871	0.01869	0.01369	0.05998	0.42759	0.02688	0.02218	0.02260	0.01727	0.00978	0.01069	0.00251	0.16367	0.00736	0.00586	0.01056
2	0.18288	0.06642	0.02277	0.33817	0.14605	0.01729	0.05980	0.01986	0.01416	0.02213	0.01198	0.01652	0.00946	0.00696	0.00710	0.00227	0.03832	0.00576	0.00351	0.00862
3	0.01026	0.00729	0.00970	0.00970	0.01037	0.00795	0.00673	0.01160	0.01093	0.01524	0.02067	0.03680	0.02163	0.38328	0.39689	0.00929	0.01331	0.00892	0.00405	0.00539
4	0.01019	0.00775	0.00835	0.00815	0.01058	0.00679	0.00612	0.01292	0.04535	0.05629	0.12031	0.11082	0.53663	0.01720	0.00835	0.00241	0.00384	0.01450	0.00686	0.00660
5	0.01734	0.00884	0.01128	0.01002	0.01306	0.00775	0.00773	0.01976	0.01825	0.27047	0.20059	0.15438	0.20249	0.01455	0.00806	0.00237	0.00451	0.01249	0.00770	0.00835
6	0.01917	0.01602	0.01692	0.01479	0.01907	0.01839	0.01162	0.13819	0.58975	0.03214	0.02713	0.02509	0.02024	0.00949	0.00723	0.00237	0.00598	0.00779	0.00723	0.01140
7	0.50518	0.01314	0.01279	0.01063	0.01546	0.01386	0.00877	0.02622	0.01529	0.29235	0.01689	0.01643	0.01152	0.00746	0.00546	0.00220	0.00572	0.00512	0.00610	0.00940
8	0.02707	0.01995	0.02137	0.01638	0.02208	0.02208	0.01353	0.68159	0.03348	0.04488	0.01710	0.01710	0.01211	0.00855	0.00712	0.00214	0.00784	0.00641	0.00712	0.01211
9	0.01461	0.17716	0.01899	0.01335	0.06623	0.01339	0.04406	0.01819	0.04065	0.06803	0.23277	0.03758	0.15412	0.01127	0.00709	0.00207	0.00545	0.00955	0.05731	0.00813
10	0.02029	0.63474	0.03447	0.01320	0.01890	0.14298	0.01244	0.02250	0.01541	0.01686	0.01008	0.01166	0.00914	0.00630	0.00488	0.00157	0.00848	0.00394	0.00315	0.00899
11	0.80005	0.01377	0.01047	0.00936	0.01377	0.01597	0.00771	0.02093	0.01212	0.03195	0.00991	0.01157	0.00771	0.00661	0.00441	0.00220	0.00551	0.00386	0.00441	0.00771
12	0.01302	0.01091	0.01452	0.01295	0.01408	0.01332	0.01040	0.03528	0.01537	0.02276	0.24484	0.03288	0.06294	0.01672	0.08082	0.00340	0.29519	0.00903	0.08432	0.00723
13	0.00912	0.00717	0.00824	0.00811	0.01009	0.00629	0.00603	0.01154	0.01769	0.02304	0.33164	0.10621	0.39570	0.01687	0.00845	0.00237	0.00354	0.01447	0.00712	0.00629
14	0.01848	0.01753	0.02745	0.08533	0.57966	0.04341	0.02072	0.07746	0.01769	0.02454	0.01357	0.01749	0.01115	0.00662	0.00704	0.00212	0.00864	0.00628	0.00381	0.01102
15	0.01036	0.00690	0.00777	0.00777	0.00777	0.00690	0.00431	0.01036	0.01036	0.01381	0.02244	0.04660	0.02589	0.74975	0.03624	0.00690	0.00690	0.01036	0.00431	0.00431
16	0.01237	0.00618	0.00928	0.00928	0.00928	0.00618	0.00618	0.00928	0.00928	0.01237	0.01237	0.02165	0.01237	0.02474	0.02783	0.79283	0.00618	0.00618	0.00309	0.00309
17	0.01130	0.00962	0.01435	0.10690	0.12545	0.01029	0.01141	0.01420	0.01379	0.01850	0.03117	0.03575	0.19380	0.03093	0.33305	0.00647	0.01217	0.00919	0.00441	0.00724
18	0.01390	0.01318	0.02123	0.09711	0.18384	0.04596	0.11738	0.01731	0.01434	0.01942	0.01865	0.11423	0.01794	0.05163	0.21593	0.00517	0.01179	0.00888	0.00401	0.00812

[dist]
# distance from previous block
# <min> <max>
1	21

[block]
# block no. 2 follows, 29 sequences, length 20
# corresponding to MSA columns:
# 512-531
name=unknown_C
#
# <colnr> <probs for GDERKNQSTAVLIFYWHMCP>
#	G	D	E	R	K	N	Q	S	T	A	V	L	I	F	Y	W	H	M	C	P
0	0.07582	0.06467	0.08736	0.08108	0.04849	0.11142	0.05546	0.02244	0.11063	0.04265	0.12167	0.02866	0.10133	0.00967	0.00706	0.00220	0.00754	0.00800	0.00516	0.00871
1	0.19212	0.24884	0.11058	0.01379	0.01950	0.06551	0.01304	0.08523	0.14251	0.02589	0.01455	0.01534	0.01143	0.00726	0.00566	0.00201	0.00750	0.00508	0.00454	0.00961
2	0.41231	0.09323	0.01695	0.05771	0.01874	0.06663	0.01058	0.17109	0.01800	0.03124	0.01227	0.01390	0.00945	0.00714	0.00537	0.00208	0.00693	0.00474	0.03277	0.00887
3	0.00904	0.00698	0.00824	0.00847	0.01014	0.00619	0.00615	0.01122	0.01689	0.02208	0.27388	0.23251	0.32675	0.01794	0.00858	0.00247	0.00366	0.01561	0.00702	0.00619
4	0.01498	0.03194	0.52663	0.02299	0.03259	0.01695	0.20763	0.02262	0.01553	0.02262	0.01323	0.01619	0.00952	0.00655	0.00722	0.00230	0.01093	0.00613	0.00317	0.01027
5	0.01034	0.00695	0.00802	0.00802	0.00811	0.00704	0.00463	0.01052	0.01043	0.01399	0.02221	0.04532	0.02533	0.70201	0.08323	0.00721	0.00774	0.01017	0.00428	0.00445
6	0.01008	0.00728	0.00952	0.00896	0.01064	0.00672	0.00672	0.01344	0.02016	0.02855	0.70158	0.05319	0.06719	0.01456	0.00840	0.00224	0.00336	0.01288	0.00784	0.00672
7	0.01762	0.01692	0.02890	0.04371	0.70533	0.01692	0.02185	0.02185	0.01621	0.02326	0.01339	0.01762	0.01128	0.00634	0.00705	0.00211	0.00846	0.00634	0.00352	0.01128
8	0.16106	0.01422	0.01877	0.12160	0.02172	0.01882	0.01416	0.01754	0.01180	0.02012	0.01184	0.06167	0.01146	0.01121	0.01653	0.00282	0.44672	0.00669	0.00359	0.00767
9	0.00984	0.00695	0.00822	0.00843	0.00899	0.00688	0.00535	0.01058	0.01175	0.01549	0.03126	0.13833	0.12372	0.46259	0.11583	0.00632	0.00762	0.01196	0.00488	0.00501
10	0.01613	0.01899	0.12845	0.23690	0.19876	0.01702	0.14320	0.04831	0.07788	0.02302	0.01484	0.01873	0.01132	0.00696	0.00730	0.00229	0.00945	0.00672	0.00384	0.00989
11	0.09869	0.01156	0.01462	0.01158	0.01654	0.01032	0.00948	0.02990	0.01903	0.54826	0.03281	0.02949	0.11588	0.00995	0.00709	0.00223	0.00565	0.00800	0.00809	0.01083
12	0.01558	0.01558	0.02181	0.01869	0.01869	0.02181	0.01558	0.01714	0.01091	0.01714	0.00935	0.01558	0.00935	0.01246	0.02337	0.00312	0.73672	0.00623	0.00312	0.00779
13	0.04527	0.01304	0.01746	0.02150	0.23735	0.01339	0.01275	0.08082	0.12851	0.02630	0.12158	0.07224	0.15768	0.01134	0.00754	0.00228	0.00596	0.00985	0.00584	0.00928
14	0.28181	0.13178	0.01943	0.01303	0.01817	0.07671	0.01097	0.21200	0.02045	0.13204	0.01473	0.01509	0.01077	0.00747	0.00578	0.00205	0.00718	0.00512	0.00556	0.00988
15	0.01791	0.02361	0.31684	0.12199	0.02802	0.01504	0.01856	0.10967	0.01813	0.11747	0.01916	0.02050	0.05485	0.00791	0.00689	0.00215	0.00849	0.00635	0.00470	0.08177
16	0.00874	0.00692	0.00787	0.00827	0.00998	0.00605	0.00596	0.01061	0.01606	0.02033	0.15729	0.26551	0.41368	0.01877	0.00861	0.00252	0.00372	0.01624	0.00680	0.00605
17	0.01820	0.01364	0.01573	0.01325	0.01661	0.01512	0.01070	0.20730	0.09728	0.09038	0.03514	0.03475	0.22614	0.01369	0.03248	0.00271	0.13201	0.00933	0.00634	0.00921
18	0.08859	0.19843	0.02524	0.01548	0.02006	0.01736	0.16866	0.05639	0.01572	0.04606	0.01547	0.01875	0.01249	0.01138	0.07221	0.00285	0.03784	0.00617	0.16226	0.00857
19	0.00950	0.00701	0.00906	0.01041	0.01157	0.00658	0.00790	0.01147	0.01497	0.01935	0.04490	0.41242	0.16736	0.02069	0.00920	0.00292	0.00479	0.21725	0.00659	0.00607

[dist]
# distance from previous block
# <min> <max>
0	2

[block]
# block no. 3 follows, 29 sequences, length 13
# corresponding to MSA columns:
# 534-542,558,602-604
name=unknown_D
#
# <colnr> <probs for GDERKNQSTAVLIFYWHMCP>
#	G	D	E	R	K	N	Q	S	T	A	V	L	I	F	Y	W	H	M	C	P
0	0.02032	0.01511	0.01869	0.18455	0.02556	0.01719	0.01340	0.29690	0.05407	0.07763	0.01766	0.02298	0.01428	0.12398	0.01282	0.00302	0.05956	0.00712	0.00559	0.00956
1	0.09582	0.01318	0.06345	0.11120	0.02068	0.01223	0.01199	0.10813	0.01818	0.11096	0.03223	0.08507	0.14853	0.01270	0.00768	0.00249	0.00654	0.12452	0.00599	0.00844
2	0.02556	0.02110	0.11558	0.01638	0.02265	0.01969	0.01482	0.48483	0.05506	0.12457	0.01834	0.01808	0.01275	0.00838	0.00708	0.00217	0.00790	0.00641	0.00677	0.01186
3	0.01674	0.23327	0.13026	0.08636	0.02205	0.06356	0.01376	0.05719	0.01675	0.04526	0.08229	0.07604	0.04167	0.00900	0.00643	0.00196	0.00755	0.00714	0.00448	0.07824
4	0.16274	0.37754	0.09238	0.01160	0.01698	0.02053	0.01146	0.04768	0.01496	0.02311	0.01295	0.01484	0.01067	0.00676	0.00494	0.00177	0.00672	0.00459	0.14910	0.00867
5	0.58154	0.02018	0.20579	0.01240	0.01851	0.01613	0.01288	0.02138	0.01293	0.02933	0.01071	0.01253	0.00808	0.00665	0.00506	0.00222	0.00690	0.00425	0.00402	0.00849
6	0.06020	0.04472	0.17272	0.07821	0.02222	0.05934	0.05750	0.01974	0.01550	0.10676	0.02508	0.19017	0.06878	0.03704	0.00839	0.00253	0.00764	0.00996	0.00505	0.00844
7	0.01162	0.00955	0.01303	0.01208	0.01285	0.01143	0.00927	0.01360	0.01344	0.01939	0.19500	0.06031	0.03081	0.15676	0.19362	0.00562	0.21074	0.00955	0.00486	0.00646
8	0.01255	0.00761	0.01006	0.01053	0.01221	0.00701	0.00795	0.01469	0.01612	0.11526	0.12330	0.37557	0.10242	0.01861	0.00882	0.00274	0.00471	0.13584	0.00706	0.00694
9	0.48066	0.01280	0.01217	0.01037	0.01466	0.01380	0.00845	0.05999	0.01622	0.16999	0.11871	0.02075	0.01898	0.00837	0.00572	0.00221	0.00543	0.00604	0.00598	0.00871
10	0.02402	0.01731	0.01845	0.01456	0.01944	0.01910	0.01189	0.52091	0.07702	0.04064	0.01900	0.01940	0.01385	0.00858	0.00676	0.00207	0.00690	0.00657	0.14241	0.01110
11	0.00909	0.00712	0.00823	0.00821	0.01010	0.00626	0.00606	0.01142	0.01743	0.02270	0.31057	0.14359	0.37941	0.01721	0.00849	0.00240	0.00357	0.01482	0.00708	0.00626
12	0.29885	0.01724	0.01721	0.01367	0.01890	0.01915	0.01128	0.40551	0.02509	0.08567	0.01532	0.01564	0.01094	0.00789	0.00617	0.00216	0.00690	0.00556	0.00628	0.01057

[dist]
# distance from previous block
# <min> <max>
0	1

[block]
# block no. 4 follows, 29 sequences, length 34
# corresponding to MSA columns:
# 606-634,637-641
name=unknown_E
#
# <colnr> <probs for GDERKNQSTAVLIFYWHMCP>
#	G	D	E	R	K	N	Q	S	T	A	V	L	I	F	Y	W	H	M	C	P
0	0.08643	0.01679	0.12189	0.07042	0.13907	0.05241	0.01454	0.04359	0.01567	0.10742	0.01924	0.11379	0.01735	0.05378	0.09307	0.00361	0.00912	0.00812	0.00476	0.00891
1	0.01769	0.55126	0.22831	0.01448	0.02182	0.02488	0.01618	0.02167	0.01463	0.01839	0.01071	0.01244	0.00910	0.00628	0.00519	0.00173	0.00844	0.00422	0.00303	0.00953
2	0.01701	0.01644	0.02579	0.16442	0.41419	0.04713	0.04291	0.04265	0.01620	0.02218	0.01437	0.02110	0.01240	0.00784	0.00856	0.00231	0.06758	0.04326	0.00373	0.00995
3	0.01942	0.09814	0.02110	0.01918	0.12214	0.10164	0.01338	0.06906	0.40108	0.02680	0.02179	0.02143	0.01678	0.00844	0.00682	0.00219	0.00725	0.00683	0.00580	0.01073
4	0.00960	0.00720	0.00963	0.00994	0.01110	0.00755	0.00727	0.01145	0.01258	0.01699	0.03283	0.17153	0.14784	0.12752	0.37484	0.00765	0.01198	0.01166	0.00490	0.00593
5	0.01833	0.01910	0.02555	0.19747	0.42760	0.14732	0.01987	0.02223	0.01649	0.02101	0.01278	0.01705	0.01048	0.00671	0.00695	0.00212	0.00951	0.00601	0.00347	0.00994
6	0.01180	0.01066	0.01624	0.01462	0.01599	0.01202	0.08764	0.01397	0.01402	0.01943	0.08355	0.32168	0.08301	0.01652	0.01307	0.00282	0.21756	0.03313	0.00534	0.00693
7	0.00983	0.00714	0.00846	0.00846	0.00934	0.00713	0.00562	0.01085	0.01205	0.01576	0.03396	0.04781	0.19123	0.41157	0.18425	0.00682	0.00884	0.01089	0.00477	0.00520
8	0.02067	0.45903	0.11641	0.01458	0.02090	0.09648	0.01434	0.14137	0.01855	0.02262	0.01167	0.01304	0.00966	0.00675	0.00549	0.00176	0.00855	0.00454	0.00384	0.00976
9	0.00974	0.00715	0.00843	0.00817	0.00955	0.00659	0.00569	0.01173	0.01632	0.02192	0.34574	0.05515	0.21548	0.22873	0.01648	0.00363	0.00445	0.01269	0.00651	0.00584
10	0.02120	0.01476	0.01837	0.01442	0.01920	0.01505	0.06406	0.26143	0.09099	0.12902	0.13552	0.02563	0.02326	0.00919	0.00717	0.00208	0.00645	0.00774	0.05027	0.08420
11	0.02477	0.07679	0.02123	0.01643	0.02119	0.26002	0.01314	0.30400	0.13761	0.03098	0.01649	0.01682	0.01250	0.00814	0.00672	0.00204	0.00916	0.00588	0.00567	0.01044
12	0.01036	0.00690	0.00777	0.00777	0.00777	0.00690	0.00431	0.01036	0.01036	0.01381	0.02244	0.04660	0.02589	0.74975	0.03624	0.00690	0.00690	0.01036	0.00431	0.00431
13	0.01904	0.75404	0.03731	0.01218	0.01828	0.02818	0.01218	0.02132	0.01447	0.01675	0.00990	0.01142	0.00914	0.00609	0.00457	0.00152	0.00761	0.00381	0.00305	0.00914
14	0.01096	0.00784	0.01084	0.01220	0.01370	0.00772	0.01029	0.01401	0.01655	0.02187	0.12340	0.15546	0.04508	0.01932	0.00956	0.00310	0.00586	0.49902	0.00673	0.00649
15	0.01366	0.01081	0.01067	0.01026	0.01268	0.09007	0.00783	0.01594	0.01764	0.09432	0.18494	0.13894	0.28181	0.01575	0.00824	0.00241	0.00519	0.06499	0.00675	0.00708
16	0.02102	0.01673	0.01583	0.01317	0.01720	0.09904	0.01049	0.32853	0.07133	0.03338	0.02502	0.02541	0.09424	0.00953	0.00671	0.00204	0.00674	0.00736	0.18658	0.00963
17	0.01045	0.00857	0.01061	0.06105	0.05464	0.00818	0.00822	0.04945	0.01626	0.02053	0.05118	0.26935	0.37053	0.01737	0.00838	0.00252	0.00471	0.01504	0.00622	0.00673
18	0.00896	0.00704	0.00791	0.00805	0.00980	0.00620	0.00579	0.01086	0.01617	0.02060	0.19577	0.17061	0.41006	0.07700	0.01076	0.00281	0.00390	0.01502	0.00669	0.00599
19	0.11795	0.01940	0.02360	0.06940	0.36474	0.12544	0.01736	0.13176	0.01906	0.02675	0.01317	0.01612	0.01055	0.00694	0.00664	0.00210	0.00872	0.00577	0.00423	0.01032
20	0.00863	0.00638	0.00807	0.00943	0.01020	0.00582	0.00639	0.00997	0.01410	0.01837	0.04518	0.62299	0.16538	0.02154	0.00897	0.00280	0.00404	0.01930	0.00661	0.00582
21	0.04975	0.16873	0.10554	0.01386	0.02010	0.07548	0.01281	0.12240	0.04746	0.07228	0.01430	0.01535	0.01106	0.00677	0.00587	0.00170	0.00748	0.00498	0.00468	0.23941
22	0.00983	0.00699	0.00762	0.00762	0.00826	0.00666	0.00461	0.01032	0.01194	0.01527	0.03581	0.05250	0.20791	0.55289	0.02876	0.00569	0.00602	0.01161	0.00493	0.00477
23	0.01428	0.01511	0.08452	0.01844	0.14192	0.06292	0.01309	0.04747	0.04021	0.02445	0.24345	0.08517	0.05133	0.01422	0.04838	0.00284	0.04571	0.03253	0.00558	0.00838
24	0.01477	0.01266	0.01477	0.01055	0.01687	0.00949	0.00844	0.01793	0.01477	0.02320	0.01266	0.01477	0.01055	0.00527	0.00527	0.00105	0.00527	0.00422	0.00422	0.79328
25	0.09557	0.01305	0.01441	0.01451	0.06438	0.08772	0.03933	0.06503	0.04356	0.05015	0.04656	0.23510	0.08922	0.01479	0.00975	0.08627	0.00643	0.01113	0.00552	0.00751
26	0.02203	0.04497	0.01884	0.09569	0.14002	0.01394	0.01298	0.06966	0.09702	0.25777	0.02171	0.02213	0.01549	0.00808	0.00670	0.00211	0.00656	0.00676	0.12709	0.01044
27	0.08341	0.00747	0.00786	0.00781	0.00939	0.00753	0.00559	0.01534	0.01430	0.04199	0.07863	0.11572	0.02596	0.13773	0.01112	0.00282	0.00430	0.00915	0.40749	0.00638
28	0.01399	0.02535	0.42778	0.05693	0.02518	0.01329	0.01939	0.02023	0.01592	0.05263	0.09350	0.02786	0.05034	0.00928	0.00713	0.00229	0.00831	0.05374	0.06763	0.00923
29	0.01023	0.00685	0.00780	0.00792	0.00795	0.00682	0.00448	0.01032	0.01059	0.01412	0.02365	0.09689	0.02741	0.69738	0.03429	0.00661	0.00670	0.01107	0.00448	0.00442
30	0.01009	0.00729	0.00874	0.00857	0.01050	0.00647	0.00635	0.01255	0.01779	0.04969	0.34693	0.15232	0.30325	0.01671	0.00845	0.00239	0.00366	0.01448	0.00724	0.00653
31	0.08225	0.01639	0.04891	0.01490	0.01881	0.01784	0.01244	0.25146	0.17643	0.03108	0.01959	0.06111	0.01614	0.01506	0.09224	0.00346	0.09870	0.00743	0.00583	0.00993
32	0.11849	0.05967	0.01951	0.03814	0.07175	0.08430	0.01256	0.30040	0.04639	0.03223	0.01548	0.01731	0.01198	0.01137	0.06404	0.00279	0.00864	0.00585	0.03912	0.04000
33	0.01917	0.01865	0.10528	0.06023	0.14119	0.05638	0.01570	0.16815	0.01928	0.08108	0.01967	0.05980	0.05229	0.04333	0.01068	0.00255	0.10429	0.00758	0.00500	0.00972

[dist]
# distance from previous block
# <min> <max>
0	38

[block]
# block no. 5 follows, 29 sequences, length 7
# corresponding to MSA columns:
# 682-688
name=unknown_F
#
# <colnr> <probs for GDERKNQSTAVLIFYWHMCP>
#	G	D	E	R	K	N	Q	S	T	A	V	L	I	F	Y	W	H	M	C	P
0	0.01247	0.01125	0.01806	0.01896	0.14458	0.01083	0.10669	0.01576	0.01668	0.02278	0.19323	0.12205	0.15621	0.01317	0.00883	0.00240	0.03719	0.04702	0.00566	0.03618
1	0.00944	0.00717	0.00869	0.00848	0.01029	0.00642	0.00630	0.01214	0.01840	0.02479	0.45039	0.11276	0.26623	0.01627	0.00846	0.00234	0.00350	0.01414	0.00735	0.00642
2	0.02678	0.01151	0.01524	0.01218	0.01678	0.01036	0.00985	0.07305	0.02073	0.51720	0.12497	0.08065	0.02654	0.01061	0.00748	0.00225	0.00565	0.00889	0.00840	0.01088
3	0.00873	0.00710	0.00773	0.00785	0.00988	0.00610	0.00578	0.01072	0.01657	0.02068	0.17428	0.15127	0.51251	0.01799	0.00850	0.00244	0.00363	0.01532	0.00682	0.00610
4	0.02405	0.01539	0.01743	0.01410	0.01866	0.01628	0.01145	0.40552	0.02662	0.16057	0.02317	0.11015	0.01912	0.01077	0.00735	0.00226	0.00669	0.03871	0.06100	0.01071
5	0.02133	0.16497	0.20262	0.01632	0.02269	0.13743	0.01609	0.18298	0.02039	0.07490	0.01451	0.01603	0.01104	0.01051	0.05544	0.00264	0.00997	0.00545	0.00459	0.01009
6	0.06361	0.01600	0.01907	0.05071	0.16465	0.06688	0.01347	0.21728	0.02170	0.10416	0.06876	0.12143	0.02080	0.01020	0.00728	0.00224	0.00725	0.00859	0.00595	0.00996

[dist]
# distance from previous block
# <min> <max>
4	24

[block]
# block no. 6 follows, 29 sequences, length 6
# corresponding to MSA columns:
# 713-718
name=unknown_G
#
# <colnr> <probs for GDERKNQSTAVLIFYWHMCP>
#	G	D	E	R	K	N	Q	S	T	A	V	L	I	F	Y	W	H	M	C	P
0	0.01197	0.00924	0.01239	0.01152	0.01290	0.01051	0.00886	0.05885	0.01515	0.02152	0.20644	0.03496	0.03100	0.11941	0.30855	0.00671	0.09894	0.00916	0.00513	0.00677
1	0.01278	0.00789	0.00943	0.00893	0.01139	0.00688	0.00673	0.01498	0.01733	0.13796	0.18947	0.16581	0.35073	0.01644	0.00831	0.00241	0.00405	0.01408	0.00724	0.00715
2	0.01026	0.00704	0.00957	0.00975	0.01054	0.00742	0.00690	0.01110	0.01151	0.01567	0.02564	0.11100	0.08407	0.19028	0.31733	0.14100	0.01130	0.00998	0.00435	0.00528
3	0.01936	0.01713	0.02554	0.03320	0.45217	0.01767	0.01843	0.16881	0.01965	0.02776	0.01393	0.01713	0.01129	0.00708	0.00780	0.00208	0.04795	0.00616	0.00437	0.08248
4	0.14669	0.01199	0.01285	0.00982	0.01521	0.01004	0.00784	0.01723	0.01455	0.02406	0.02152	0.02266	0.11863	0.00750	0.00562	0.00146	0.00505	0.00585	0.00463	0.53678
5	0.01740	0.14142	0.02032	0.06176	0.08375	0.12783	0.01240	0.04794	0.19109	0.02226	0.02227	0.17939	0.02114	0.01098	0.00704	0.00224	0.00736	0.00916	0.00522	0.00904

[dist]
# distance from previous block
# <min> <max>
1	21

[block]
# block no. 7 follows, 29 sequences, length 44
# corresponding to MSA columns:
# 740-783
name=unknown_H
#
# <colnr> <probs for GDERKNQSTAVLIFYWHMCP>
#	G	D	E	R	K	N	Q	S	T	A	V	L	I	F	Y	W	H	M	C	P
0	0.15801	0.13361	0.04732	0.01547	0.02087	0.04500	0.07713	0.27555	0.04838	0.03208	0.01560	0.01848	0.01230	0.00795	0.00637	0.00211	0.00777	0.03193	0.03406	0.00998
1	0.06640	0.13838	0.02144	0.01442	0.01936	0.06664	0.01204	0.27354	0.07882	0.14941	0.01877	0.05178	0.01449	0.00888	0.00719	0.00212	0.03287	0.00663	0.00621	0.01061
2	0.01643	0.01992	0.17438	0.04578	0.14834	0.05725	0.01637	0.02555	0.21113	0.04332	0.06257	0.02282	0.01792	0.01246	0.06450	0.03067	0.00877	0.00703	0.00491	0.00986
3	0.04487	0.01309	0.03907	0.03628	0.04932	0.01232	0.01056	0.13651	0.05592	0.09091	0.10042	0.02851	0.06195	0.01100	0.03223	0.00233	0.00626	0.02794	0.10656	0.13394
4	0.01116	0.01001	0.03809	0.01128	0.01378	0.00893	0.06081	0.01562	0.08397	0.02292	0.25290	0.10177	0.18106	0.11875	0.01227	0.00305	0.00526	0.03501	0.00637	0.00698
5	0.05588	0.01496	0.02002	0.04298	0.04520	0.03487	0.10147	0.13827	0.04558	0.07045	0.10416	0.02257	0.01916	0.00863	0.00846	0.00210	0.07675	0.00710	0.04936	0.13205
6	0.01840	0.01538	0.02028	0.04826	0.23723	0.01644	0.01449	0.18662	0.16635	0.02978	0.08894	0.02627	0.04558	0.04384	0.00867	0.00244	0.00697	0.00789	0.00579	0.01039
7	0.00969	0.00709	0.00882	0.00901	0.00998	0.00709	0.00622	0.01111	0.01293	0.01723	0.08267	0.14096	0.15970	0.27391	0.20559	0.00635	0.00884	0.01206	0.00519	0.00555
8	0.02134	0.06939	0.11389	0.07594	0.08947	0.13102	0.01605	0.18873	0.08101	0.06473	0.01555	0.01708	0.01174	0.00784	0.00752	0.00213	0.04307	0.00590	0.00494	0.03266
9	0.01222	0.01197	0.01230	0.06851	0.01609	0.11925	0.03492	0.01422	0.01544	0.01836	0.04057	0.27526	0.24051	0.04205	0.04266	0.00305	0.00686	0.01367	0.00555	0.00654
10	0.09603	0.01748	0.01956	0.01653	0.01892	0.08673	0.01354	0.14884	0.04102	0.06327	0.01319	0.01658	0.01094	0.01195	0.04276	0.00297	0.36010	0.00605	0.00456	0.00897
11	0.06388	0.01538	0.01875	0.02003	0.15798	0.01674	0.01339	0.16093	0.26963	0.05592	0.06309	0.02729	0.02079	0.00956	0.00727	0.00233	0.00659	0.05345	0.00635	0.01066
12	0.11601	0.01801	0.01869	0.06022	0.09205	0.12443	0.01303	0.16958	0.06526	0.15736	0.01799	0.02003	0.01350	0.00815	0.00669	0.00212	0.00783	0.02904	0.00580	0.05420
13	0.01750	0.10447	0.01929	0.01316	0.01815	0.05665	0.05482	0.10859	0.08164	0.05297	0.06801	0.02669	0.11707	0.00900	0.00663	0.00184	0.00650	0.00738	0.00544	0.22420
14	0.01205	0.00834	0.01009	0.00904	0.01181	0.00716	0.00689	0.01476	0.01796	0.08412	0.33188	0.08751	0.23938	0.01426	0.00792	0.00216	0.00396	0.01225	0.00702	0.11144
15	0.01679	0.01955	0.13532	0.11083	0.02581	0.05180	0.05674	0.02210	0.08304	0.05736	0.01374	0.01761	0.01111	0.00973	0.01433	0.00265	0.33225	0.00637	0.00389	0.00897
16	0.01187	0.00894	0.01041	0.06682	0.01439	0.00917	0.00790	0.05146	0.09790	0.02231	0.04005	0.23173	0.20794	0.05906	0.00943	0.00268	0.00484	0.01290	0.12317	0.00706
17	0.00936	0.00688	0.00892	0.01030	0.01136	0.00645	0.00767	0.01122	0.01477	0.01916	0.04424	0.46189	0.15296	0.02092	0.00917	0.00291	0.00467	0.18451	0.00660	0.00602
18	0.01492	0.01047	0.01568	0.14506	0.15599	0.01060	0.01225	0.01807	0.01620	0.11052	0.10874	0.18135	0.06817	0.01208	0.00754	0.00232	0.00599	0.01074	0.08502	0.00828
19	0.01112	0.00875	0.01215	0.01164	0.01235	0.01049	0.00875	0.01280	0.01106	0.01588	0.01838	0.03104	0.01862	0.23804	0.41731	0.00881	0.13480	0.00815	0.00384	0.00603
20	0.01954	0.02262	0.01529	0.01465	0.01713	0.42679	0.01075	0.02138	0.01801	0.01887	0.06939	0.23086	0.02487	0.01229	0.00728	0.00216	0.00916	0.00986	0.04177	0.00734
21	0.12002	0.01384	0.01763	0.01822	0.16682	0.01282	0.01181	0.06976	0.01715	0.14367	0.01899	0.01998	0.05301	0.00729	0.00620	0.00179	0.00622	0.00595	0.00523	0.28361
22	0.08992	0.01580	0.06127	0.14976	0.06870	0.09851	0.03620	0.02071	0.04364	0.08225	0.13025	0.02875	0.06273	0.07049	0.00950	0.00261	0.00760	0.00795	0.00509	0.00828
23	0.01559	0.01080	0.01298	0.01211	0.01460	0.01158	0.00912	0.09753	0.17091	0.09064	0.02776	0.22291	0.02668	0.08413	0.15379	0.00469	0.00833	0.01120	0.00627	0.00838
24	0.20379	0.37339	0.02717	0.01628	0.09939	0.13855	0.01254	0.02247	0.01507	0.02121	0.01050	0.01243	0.00906	0.00645	0.00513	0.00180	0.00808	0.00425	0.00353	0.00891
25	0.00922	0.00708	0.00844	0.00845	0.01020	0.00630	0.00620	0.01164	0.01759	0.02331	0.35375	0.17247	0.30534	0.01715	0.00852	0.00241	0.00358	0.01490	0.00717	0.00630
26	0.01214	0.00682	0.00734	0.00722	0.00887	0.00662	0.00536	0.01524	0.01597	0.02599	0.17270	0.03590	0.07513	0.03949	0.00718	0.00204	0.00349	0.00869	0.53729	0.00652
27	0.01032	0.00713	0.00884	0.00888	0.01030	0.00653	0.00630	0.01241	0.01654	0.04919	0.30680	0.22991	0.16817	0.11164	0.01212	0.00303	0.00416	0.01458	0.00689	0.00626
28	0.02328	0.01579	0.01775	0.01447	0.01896	0.01690	0.01167	0.42863	0.04841	0.11951	0.04421	0.14096	0.02153	0.01145	0.00759	0.00232	0.00676	0.03187	0.00725	0.01069
29	0.16840	0.01283	0.01457	0.01188	0.01643	0.01281	0.00963	0.14866	0.02023	0.32759	0.02594	0.08052	0.05806	0.00995	0.00676	0.00223	0.00584	0.00789	0.04966	0.01014
30	0.02096	0.57089	0.03296	0.01375	0.01923	0.20442	0.01258	0.02313	0.01592	0.01692	0.01018	0.01178	0.00915	0.00641	0.00504	0.00160	0.00894	0.00401	0.00320	0.00891
31	0.01849	0.01781	0.02095	0.15410	0.22212	0.12801	0.01578	0.13086	0.05599	0.02475	0.02311	0.02511	0.11452	0.00893	0.00719	0.00218	0.00836	0.00746	0.00474	0.00953
32	0.01921	0.12254	0.14678	0.01745	0.06484	0.08554	0.01511	0.20081	0.06229	0.02697	0.01830	0.12603	0.01659	0.00992	0.00754	0.00221	0.03515	0.00785	0.00504	0.00983
33	0.80005	0.01377	0.01047	0.00936	0.01377	0.01597	0.00771	0.02093	0.01212	0.03195	0.00991	0.01157	0.00771	0.00661	0.00441	0.00220	0.00551	0.00386	0.00441	0.00771
34	0.47164	0.20086	0.01687	0.01000	0.01431	0.01742	0.00859	0.01924	0.01313	0.02589	0.01683	0.08840	0.05657	0.00878	0.00517	0.00211	0.00578	0.00620	0.00442	0.00777
35	0.00907	0.00674	0.00832	0.00895	0.01011	0.00613	0.00624	0.01090	0.01570	0.02082	0.21414	0.37993	0.19767	0.05879	0.01023	0.00283	0.00397	0.01667	0.00680	0.00599
36	0.01656	0.37969	0.38992	0.01642	0.02482	0.02210	0.01956	0.02196	0.01476	0.01978	0.01140	0.01331	0.00908	0.00644	0.00572	0.00191	0.00913	0.00457	0.00303	0.00986
37	0.00933	0.00688	0.00838	0.00884	0.01001	0.00633	0.00618	0.01111	0.01545	0.02045	0.20996	0.28403	0.19784	0.13312	0.01304	0.00326	0.00434	0.03902	0.00656	0.00587
38	0.01146	0.00662	0.00929	0.00920	0.00960	0.00665	0.00624	0.01046	0.01144	0.01565	0.12761	0.03135	0.02401	0.13965	0.09352	0.46376	0.00709	0.00808	0.00413	0.00420
39	0.04209	0.49308	0.05403	0.01270	0.01789	0.02392	0.01215	0.08583	0.01607	0.02130	0.01214	0.01411	0.01041	0.00712	0.00643	0.00177	0.06504	0.00462	0.09022	0.00906
40	0.01716	0.01107	0.01382	0.05395	0.01716	0.01004	0.00922	0.02215	0.09221	0.17661	0.19732	0.03204	0.07732	0.00993	0.00704	0.00194	0.00513	0.00840	0.00660	0.23089
41	0.01788	0.16850	0.18779	0.01907	0.07685	0.12892	0.06544	0.02357	0.09918	0.02037	0.01397	0.01661	0.01131	0.00900	0.00913	0.08296	0.03091	0.00566	0.00374	0.00914
42	0.01886	0.01873	0.07170	0.01494	0.01938	0.08738	0.01241	0.12257	0.41549	0.02875	0.02538	0.02564	0.04231	0.05356	0.00888	0.00257	0.00705	0.00764	0.00634	0.01043
43	0.11319	0.00917	0.01137	0.01362	0.10654	0.00943	0.00816	0.01414	0.01267	0.01971	0.02287	0.13329	0.02457	0.32175	0.03705	0.00451	0.00654	0.05345	0.07166	0.00632

[dist]
# distance from previous block
# <min> <max>
4	54

[block]
# block no. 8 follows, 29 sequences, length 70
# corresponding to MSA columns:
# 839-866,868-901,911-918
name=unknown_I
#
# <colnr> <probs for GDERKNQSTAVLIFYWHMCP>
#	G	D	E	R	K	N	Q	S	T	A	V	L	I	F	Y	W	H	M	C	P
0	0.11543	0.07719	0.12640	0.01863	0.12325	0.07747	0.01466	0.09454	0.01714	0.07253	0.01502	0.01762	0.01180	0.01165	0.07185	0.00294	0.04221	0.00572	0.07453	0.00942
1	0.12645	0.04477	0.08905	0.05556	0.13461	0.01625	0.20624	0.02015	0.01514	0.02322	0.04733	0.02098	0.04619	0.00918	0.03092	0.00256	0.06108	0.00706	0.00394	0.03934
2	0.00900	0.00695	0.00781	0.00809	0.00958	0.00620	0.00563	0.01057	0.01516	0.01922	0.13350	0.20522	0.37145	0.14360	0.01331	0.00326	0.00425	0.01506	0.00637	0.00576
3	0.07400	0.04386	0.02124	0.17167	0.16193	0.03897	0.03450	0.07909	0.10089	0.14057	0.01870	0.05250	0.01455	0.00827	0.00695	0.00224	0.00769	0.00706	0.00528	0.01005
4	0.01021	0.00714	0.00886	0.00881	0.00938	0.00738	0.00576	0.01124	0.01172	0.01601	0.08295	0.04313	0.05262	0.47629	0.21161	0.00751	0.00965	0.01004	0.00458	0.00512
5	0.01942	0.02152	0.17958	0.13470	0.08294	0.01796	0.10856	0.24198	0.02140	0.05021	0.01530	0.01857	0.01143	0.03478	0.00829	0.00241	0.00923	0.00658	0.00476	0.01039
6	0.01048	0.00724	0.00965	0.01038	0.01135	0.00750	0.00779	0.01251	0.01316	0.01836	0.02864	0.19152	0.03090	0.17042	0.21002	0.00600	0.00928	0.16355	0.07534	0.00591
7	0.01762	0.01692	0.02890	0.04371	0.70533	0.01692	0.02185	0.02185	0.01621	0.02326	0.01339	0.01762	0.01128	0.00634	0.00705	0.00211	0.00846	0.00634	0.00352	0.01128
8	0.10883	0.01596	0.01685	0.01352	0.01835	0.01720	0.01102	0.38301	0.07666	0.09911	0.02785	0.02686	0.13368	0.01010	0.00706	0.00222	0.00651	0.00783	0.00690	0.01049
9	0.01577	0.26106	0.50166	0.01776	0.02690	0.02018	0.02189	0.02217	0.01486	0.02074	0.01188	0.01390	0.00906	0.00655	0.00608	0.00203	0.00961	0.00481	0.00302	0.01009
10	0.01771	0.01530	0.01610	0.01449	0.01852	0.01771	0.01127	0.03784	0.69247	0.02979	0.02898	0.02657	0.02174	0.00966	0.00725	0.00242	0.00564	0.00805	0.00725	0.01127
11	0.04257	0.63456	0.03446	0.01295	0.01819	0.02697	0.01249	0.02076	0.01393	0.01727	0.00983	0.01197	0.00912	0.00694	0.00703	0.00175	0.10307	0.00413	0.00310	0.00892
12	0.00955	0.00732	0.01017	0.01079	0.01145	0.00727	0.03163	0.01086	0.01330	0.01780	0.03585	0.56896	0.06509	0.10836	0.01310	0.00335	0.04560	0.01765	0.00603	0.00587
13	0.01028	0.00722	0.00936	0.00936	0.00991	0.00777	0.00630	0.01138	0.01083	0.01499	0.02098	0.03853	0.02239	0.44823	0.33297	0.00887	0.01217	0.00917	0.00410	0.00520
14	0.01521	0.16316	0.56937	0.01921	0.02883	0.01865	0.04708	0.02234	0.01500	0.02153	0.01233	0.01454	0.00910	0.00662	0.00643	0.00213	0.01006	0.00512	0.00303	0.01025
15	0.00894	0.00642	0.00837	0.00982	0.01039	0.00602	0.00669	0.01026	0.01374	0.01815	0.03990	0.62151	0.08194	0.06892	0.01085	0.00315	0.00443	0.05830	0.00646	0.00575
16	0.01714	0.01427	0.02620	0.23355	0.06423	0.01476	0.25003	0.02176	0.01601	0.10671	0.01673	0.02070	0.01237	0.00722	0.00770	0.00226	0.02886	0.00721	0.12330	0.00899
17	0.01719	0.01648	0.02812	0.11495	0.63746	0.01681	0.02164	0.02147	0.01601	0.02274	0.01332	0.01776	0.01109	0.00642	0.00706	0.00214	0.00857	0.00634	0.00349	0.01093
18	0.01796	0.01707	0.01626	0.04673	0.01865	0.21330	0.04037	0.08434	0.01816	0.05516	0.09188	0.09288	0.02221	0.02073	0.17825	0.00437	0.01112	0.00833	0.03428	0.00795
19	0.19201	0.01906	0.02263	0.05560	0.37129	0.13231	0.01678	0.06656	0.01704	0.02547	0.01246	0.01552	0.01014	0.00674	0.00637	0.00210	0.00852	0.00551	0.00397	0.00993
20	0.01649	0.01339	0.01402	0.01277	0.01630	0.01521	0.00989	0.03279	0.54131	0.02871	0.03005	0.02859	0.05393	0.00983	0.00690	0.00228	0.00513	0.00814	0.14408	0.01021
21	0.01209	0.01021	0.01396	0.01298	0.01430	0.01244	0.01031	0.01608	0.07537	0.01957	0.10762	0.02993	0.05394	0.03279	0.36137	0.00699	0.18994	0.00834	0.00461	0.00719
22	0.09382	0.01175	0.01459	0.01155	0.01628	0.01068	0.00937	0.06089	0.01961	0.39321	0.16229	0.02755	0.02578	0.00936	0.00694	0.00207	0.00546	0.00765	0.00758	0.10358
23	0.01119	0.00830	0.00937	0.00950	0.01087	0.03938	0.00667	0.01307	0.01608	0.05238	0.24082	0.28541	0.12801	0.12112	0.01243	0.00312	0.00471	0.01464	0.00662	0.00629
24	0.06591	0.01600	0.01650	0.01325	0.01787	0.06960	0.01073	0.29458	0.02420	0.21243	0.02035	0.02024	0.01432	0.00837	0.00651	0.00204	0.00673	0.00638	0.16351	0.01049
25	0.00991	0.00751	0.00938	0.01021	0.01197	0.00698	0.00824	0.01243	0.01641	0.02099	0.12253	0.15528	0.27510	0.01887	0.00909	0.00281	0.00488	0.28441	0.00672	0.00629
26	0.02752	0.01477	0.01642	0.01317	0.01796	0.08275	0.01064	0.11727	0.04637	0.43718	0.07667	0.02460	0.02006	0.00908	0.00706	0.00214	0.00660	0.00725	0.05152	0.01098
27	0.01436	0.00819	0.01002	0.00916	0.01181	0.00721	0.00701	0.01685	0.01801	0.17457	0.24485	0.11517	0.26795	0.01489	0.00803	0.00232	0.00411	0.01273	0.04518	0.00758
28	0.02700	0.01934	0.02091	0.01611	0.02173	0.02127	0.01328	0.62174	0.05708	0.08143	0.01815	0.01784	0.01277	0.00860	0.00713	0.00215	0.00766	0.00651	0.00722	0.01208
29	0.01530	0.01474	0.05136	0.01168	0.01749	0.03817	0.00984	0.05217	0.01594	0.02348	0.01802	0.01966	0.07229	0.00702	0.00647	0.00140	0.03402	0.00544	0.00446	0.58105
30	0.02241	0.35614	0.02871	0.01778	0.08141	0.32528	0.01377	0.04426	0.01765	0.01847	0.01090	0.01276	0.00943	0.00672	0.00566	0.00173	0.00995	0.00445	0.00348	0.00904
31	0.42655	0.02053	0.23048	0.01309	0.01911	0.01536	0.01362	0.04670	0.01398	0.05316	0.01254	0.01562	0.00982	0.04889	0.00788	0.02765	0.00729	0.00495	0.00419	0.00859
32	0.01735	0.09029	0.24283	0.10998	0.05810	0.07959	0.19695	0.02282	0.01595	0.05258	0.01339	0.01667	0.01008	0.00688	0.00766	0.00223	0.03726	0.00621	0.00354	0.00964
33	0.01114	0.00867	0.00922	0.00969	0.01029	0.06155	0.00637	0.01152	0.01252	0.01590	0.02881	0.30297	0.06308	0.26400	0.04640	0.10792	0.00651	0.01320	0.00506	0.00517
34	0.01158	0.00747	0.00988	0.01072	0.01198	0.00713	0.00792	0.01403	0.03507	0.07587	0.09499	0.43988	0.04350	0.05469	0.01027	0.00303	0.00488	0.14368	0.00679	0.00662
35	0.03082	0.01187	0.01616	0.01248	0.01779	0.01027	0.01027	0.03360	0.02037	0.67502	0.06291	0.02573	0.02019	0.00911	0.00722	0.00221	0.00592	0.00746	0.00876	0.01184
36	0.01004	0.00769	0.00935	0.00947	0.01140	0.00715	0.00741	0.01341	0.04290	0.02368	0.31140	0.09582	0.26295	0.01687	0.00868	0.00254	0.00419	0.14136	0.00711	0.00658
37	0.01180	0.00938	0.01310	0.07357	0.04242	0.01052	0.01018	0.04388	0.01409	0.01932	0.05016	0.24453	0.02917	0.11281	0.13992	0.00483	0.08892	0.06959	0.00510	0.00671
38	0.12098	0.01224	0.01230	0.01048	0.01391	0.01332	0.00837	0.23143	0.05168	0.03328	0.01978	0.02155	0.01506	0.00822	0.00570	0.00192	0.00516	0.00627	0.39961	0.00875
39	0.02329	0.02022	0.14599	0.01652	0.02175	0.03988	0.01534	0.19841	0.05182	0.21603	0.01810	0.01867	0.01285	0.00910	0.01036	0.00238	0.15618	0.00639	0.00592	0.01078
40	0.02020	0.64429	0.03476	0.01305	0.01885	0.10840	0.01241	0.04568	0.01581	0.01783	0.01028	0.01179	0.00925	0.00632	0.00487	0.00158	0.00823	0.00399	0.00326	0.00914
41	0.23625	0.01250	0.01354	0.01218	0.01522	0.01437	0.00974	0.13221	0.07646	0.02703	0.01777	0.02466	0.01565	0.06692	0.22313	0.00536	0.04348	0.04042	0.00500	0.00812
42	0.01483	0.01195	0.01671	0.11869	0.10435	0.01345	0.01302	0.06866	0.05886	0.04263	0.02285	0.10476	0.02286	0.12450	0.01436	0.00332	0.10271	0.12844	0.00508	0.00797
43	0.00866	0.00681	0.00784	0.00846	0.00999	0.00598	0.00601	0.01037	0.01551	0.01959	0.11211	0.34274	0.38171	0.01948	0.00869	0.00259	0.00380	0.01697	0.00672	0.00598
44	0.01339	0.01258	0.02101	0.68712	0.04689	0.01575	0.01926	0.01793	0.01410	0.01816	0.01328	0.03904	0.01053	0.00773	0.00775	0.00241	0.03526	0.00671	0.00326	0.00785
45	0.00872	0.00685	0.00788	0.00842	0.01001	0.00601	0.00601	0.01050	0.01576	0.01999	0.13746	0.31597	0.38278	0.01918	0.00866	0.00256	0.00377	0.01669	0.00676	0.00601
46	0.01030	0.00712	0.00889	0.00889	0.00928	0.00751	0.00571	0.01108	0.01069	0.01464	0.02141	0.04091	0.02342	0.53716	0.24546	0.00829	0.01062	0.00952	0.00416	0.00494
47	0.01859	0.01783	0.02129	0.31179	0.13579	0.13578	0.01684	0.14923	0.01925	0.02404	0.01541	0.07342	0.01312	0.00849	0.00714	0.00224	0.00917	0.00713	0.00434	0.00913
48	0.01079	0.00773	0.00891	0.00878	0.00983	0.00770	0.00583	0.01383	0.07776	0.01997	0.18383	0.10960	0.08878	0.36266	0.02140	0.00451	0.00534	0.01182	0.03504	0.00587
49	0.06750	0.01559	0.04453	0.27264	0.09240	0.01640	0.09755	0.12682	0.05607	0.07039	0.03643	0.04206	0.01416	0.00803	0.00720	0.00230	0.00844	0.00718	0.00479	0.00952
50	0.01854	0.01624	0.01816	0.01856	0.10875	0.04325	0.01296	0.09173	0.48506	0.02939	0.02567	0.02685	0.02005	0.00956	0.00731	0.00237	0.00651	0.04146	0.00658	0.01099
51	0.32073	0.01090	0.01173	0.01132	0.01463	0.01142	0.00944	0.02033	0.01523	0.14864	0.02533	0.09743	0.02439	0.01287	0.00719	0.00264	0.00586	0.23585	0.00613	0.00794
52	0.01703	0.01631	0.02782	0.14241	0.61131	0.01676	0.02156	0.02133	0.01593	0.02254	0.01329	0.01782	0.01102	0.00646	0.00706	0.00215	0.00861	0.00634	0.00347	0.01080
53	0.00968	0.00639	0.00780	0.00893	0.00981	0.00600	0.00613	0.01143	0.01416	0.02014	0.03872	0.52201	0.10141	0.01878	0.00811	0.00257	0.00390	0.01672	0.18130	0.00600
54	0.01445	0.01036	0.01258	0.04410	0.01513	0.01092	0.00892	0.14611	0.01758	0.06132	0.03335	0.03821	0.19853	0.11579	0.23418	0.00571	0.01009	0.00959	0.00552	0.00755
55	0.01468	0.01391	0.02358	0.52955	0.24251	0.01614	0.02039	0.01927	0.01482	0.01969	0.01287	0.01858	0.01002	0.00689	0.00710	0.00230	0.00919	0.00633	0.00327	0.00890
