[name]
unknown

[dist]
# distance from previous block
# <min> <max>
0	28

[block]
# block no. 0 follows, 31 sequences, length 33
# corresponding to MSA columns:
# 28-60
name=unknown_A
#
# <colnr> <probs for GDERKNQSTAVLIFYWHMCP>
#	G	D	E	R	K	N	Q	S	T	A	V	L	I	F	Y	W	H	M	C	P
0	0.01365	0.06320	0.07176	0.19868	0.11245	0.01343	0.05876	0.03443	0.01552	0.02096	0.06900	0.03148	0.06733	0.00951	0.00711	0.00218	0.00741	0.10823	0.00434	0.09055
1	0.01392	0.01300	0.01703	0.02246	0.28750	0.07934	0.01273	0.01677	0.01496	0.01998	0.04767	0.05480	0.14320	0.03778	0.13049	0.00370	0.00872	0.00844	0.05946	0.00803
2	0.01027	0.00858	0.01307	0.01110	0.01360	0.00784	0.10210	0.01355	0.01816	0.02487	0.48665	0.04948	0.18688	0.01350	0.00807	0.00221	0.00444	0.01218	0.00673	0.00671
3	0.01574	0.01457	0.02236	0.06746	0.30677	0.01529	0.07954	0.02465	0.23085	0.02463	0.10636	0.02416	0.02064	0.00810	0.00712	0.00218	0.00704	0.00759	0.00501	0.00994
4	0.00834	0.00595	0.00794	0.00953	0.00992	0.00556	0.00635	0.00953	0.01310	0.01746	0.03771	0.75510	0.04525	0.02143	0.00873	0.00278	0.00397	0.01945	0.00635	0.00556
5	0.00940	0.00695	0.00877	0.00839	0.01006	0.00632	0.00626	0.01234	0.01860	0.02577	0.59492	0.07665	0.16070	0.01473	0.00809	0.00220	0.00329	0.01292	0.00732	0.00632
6	0.02666	0.01811	0.01988	0.01524	0.02069	0.01965	0.01259	0.60165	0.03041	0.13803	0.01790	0.01739	0.01238	0.00825	0.00685	0.00206	0.00729	0.00626	0.00707	0.01164
7	0.02193	0.01775	0.11843	0.01590	0.02141	0.01521	0.09573	0.26184	0.02167	0.19830	0.01931	0.04374	0.01483	0.09018	0.01007	0.00264	0.00776	0.00723	0.00596	0.01013
8	0.01458	0.15692	0.58279	0.01855	0.02782	0.01782	0.04823	0.02148	0.01442	0.02074	0.01187	0.01401	0.00875	0.00636	0.00621	0.00205	0.00970	0.00494	0.00292	0.00985
9	0.80789	0.01323	0.01006	0.00900	0.01323	0.01535	0.00741	0.02011	0.01164	0.03070	0.00953	0.01111	0.00741	0.00635	0.00423	0.00212	0.00529	0.00370	0.00423	0.00741
10	0.01541	0.38115	0.30495	0.01440	0.02141	0.02008	0.01642	0.02001	0.01480	0.01971	0.09828	0.01735	0.01568	0.00712	0.00568	0.00183	0.00791	0.00530	0.00349	0.00902
11	0.01448	0.02425	0.38202	0.01738	0.06800	0.01433	0.01804	0.10375	0.05717	0.02489	0.08822	0.02616	0.11386	0.00907	0.00696	0.00217	0.00781	0.00742	0.00457	0.00944
12	0.01023	0.00663	0.00742	0.00739	0.00776	0.00656	0.00441	0.01088	0.01128	0.01587	0.06814	0.04340	0.04676	0.59556	0.02855	0.00559	0.00589	0.00979	0.10327	0.00462
13	0.01667	0.07826	0.06568	0.01838	0.10812	0.01517	0.10739	0.06355	0.18434	0.07953	0.07120	0.02811	0.11522	0.00923	0.00706	0.00216	0.00681	0.00814	0.00549	0.00951
14	0.00946	0.00698	0.00884	0.00837	0.01008	0.00636	0.00628	0.01248	0.01884	0.02618	0.62320	0.05317	0.15541	0.01445	0.00807	0.00217	0.00326	0.01266	0.00737	0.00636
15	0.02018	0.31528	0.09211	0.01442	0.01993	0.25049	0.01311	0.06630	0.01695	0.01938	0.01090	0.01251	0.00914	0.00635	0.00541	0.00161	0.00893	0.00424	0.00351	0.10927
16	0.01325	0.01183	0.01843	0.41841	0.12985	0.01342	0.01564	0.05553	0.01603	0.02116	0.11815	0.02782	0.09458	0.00898	0.00714	0.00222	0.00743	0.00789	0.00431	0.00792
17	0.01524	0.13431	0.23889	0.07744	0.12190	0.01646	0.06739	0.01997	0.01421	0.04633	0.01336	0.01685	0.01067	0.01153	0.08628	0.00301	0.04372	0.00565	0.02344	0.03334
18	0.01541	0.00912	0.01145	0.01008	0.01288	0.00872	0.00782	0.02068	0.11498	0.18507	0.42896	0.04194	0.08030	0.01224	0.00764	0.00218	0.00414	0.01058	0.00761	0.00821
19	0.02201	0.00955	0.01223	0.01014	0.01394	0.00838	0.00810	0.02452	0.01778	0.42974	0.06774	0.07444	0.13989	0.01093	0.00696	0.00212	0.00482	0.00909	0.11832	0.00930
20	0.02168	0.01434	0.01581	0.01298	0.01716	0.01544	0.01042	0.32396	0.15193	0.13079	0.02238	0.06871	0.01725	0.00927	0.00666	0.00208	0.00596	0.00746	0.13548	0.01024
21	0.01543	0.00851	0.01152	0.01143	0.01386	0.00781	0.00921	0.01786	0.01584	0.19912	0.03292	0.26309	0.03371	0.01619	0.00832	0.00265	0.00541	0.26705	0.00674	0.05332
22	0.02601	0.01916	0.02053	0.01574	0.02122	0.02122	0.01300	0.69408	0.03217	0.04312	0.01643	0.01643	0.01163	0.00821	0.00684	0.00205	0.00753	0.00616	0.00684	0.01163
23	0.06857	0.01429	0.01372	0.01255	0.01573	0.10234	0.00960	0.02694	0.32413	0.08406	0.13027	0.11912	0.02792	0.01100	0.00707	0.00225	0.00579	0.00918	0.00649	0.00898
24	0.00910	0.00654	0.00862	0.00901	0.01009	0.00606	0.00641	0.01144	0.01663	0.02309	0.41893	0.35784	0.05614	0.01723	0.00836	0.00242	0.00355	0.01546	0.00702	0.00606
25	0.00855	0.00666	0.00776	0.00810	0.00968	0.00588	0.00584	0.01049	0.01578	0.02037	0.21694	0.26384	0.36026	0.01771	0.00827	0.00241	0.00355	0.01540	0.00664	0.00588
26	0.01612	0.12012	0.02329	0.16558	0.28374	0.08415	0.01598	0.02029	0.05469	0.01958	0.01562	0.06729	0.01433	0.04134	0.00786	0.00228	0.00806	0.02705	0.00379	0.00887
27	0.02280	0.02586	0.01921	0.11842	0.02438	0.45443	0.01371	0.11155	0.10385	0.02164	0.01365	0.01529	0.01069	0.00744	0.00644	0.00194	0.01043	0.00527	0.00430	0.00871
28	0.01091	0.00781	0.00930	0.00960	0.01155	0.00737	0.00763	0.01376	0.04673	0.05332	0.04685	0.06300	0.31107	0.12091	0.01220	0.00321	0.00512	0.24726	0.00616	0.00625
29	0.01213	0.00925	0.01059	0.01024	0.01225	0.00942	0.00751	0.10917	0.10440	0.02359	0.12053	0.30431	0.15761	0.06452	0.00975	0.00271	0.00464	0.01373	0.00650	0.00713
30	0.01600	0.13322	0.43502	0.02007	0.06102	0.06098	0.09072	0.04531	0.03626	0.02159	0.01259	0.01477	0.00944	0.00649	0.00639	0.00205	0.00967	0.00530	0.00327	0.00981
31	0.06164	0.45329	0.18310	0.01284	0.01895	0.02104	0.01373	0.01967	0.01465	0.01976	0.10848	0.01736	0.01647	0.00716	0.00536	0.00175	0.00725	0.00519	0.00364	0.00867
32	0.11297	0.10117	0.01379	0.01055	0.01323	0.01179	0.00874	0.05874	0.01513	0.02202	0.11465	0.03727	0.11058	0.02367	0.21911	0.00480	0.00914	0.10061	0.00506	0.00699

[dist]
# distance from previous block
# <min> <max>
2	6

[block]
# block no. 1 follows, 31 sequences, length 54
# corresponding to MSA columns:
# 67-83,87-96,100-126
name=unknown_B
#
# <colnr> <probs for GDERKNQSTAVLIFYWHMCP>
#	G	D	E	R	K	N	Q	S	T	A	V	L	I	F	Y	W	H	M	C	P
0	0.01673	0.37258	0.36739	0.01550	0.02338	0.02078	0.01818	0.02173	0.01446	0.05554	0.01176	0.01329	0.00915	0.00630	0.00554	0.00184	0.00859	0.00450	0.00320	0.00957
1	0.01833	0.01268	0.01480	0.01161	0.01650	0.01176	0.00929	0.10802	0.13378	0.14515	0.11365	0.02296	0.02071	0.00797	0.00633	0.00171	0.00531	0.00655	0.00612	0.32678
2	0.00848	0.00683	0.00756	0.00762	0.00955	0.00591	0.00562	0.01050	0.01617	0.02043	0.21417	0.14228	0.48683	0.01703	0.00816	0.00233	0.00347	0.01454	0.00662	0.00591
3	0.01435	0.01380	0.05284	0.01267	0.04489	0.01011	0.03934	0.01781	0.01434	0.02225	0.01227	0.01449	0.01009	0.00521	0.00534	0.00117	0.00573	0.00436	0.00394	0.69501
4	0.00837	0.00603	0.00787	0.00932	0.00981	0.00560	0.00622	0.00956	0.01313	0.01739	0.03889	0.69585	0.08043	0.04442	0.00952	0.00287	0.00403	0.01888	0.00628	0.00552
5	0.01570	0.01318	0.01563	0.01244	0.05329	0.01089	0.00935	0.09582	0.01634	0.02471	0.01269	0.01459	0.01034	0.00548	0.00536	0.00119	0.00551	0.00440	0.00434	0.66873
6	0.02195	0.02765	0.07855	0.02199	0.15380	0.45413	0.01541	0.02670	0.09762	0.01959	0.01315	0.01491	0.01058	0.00708	0.00640	0.00191	0.01055	0.00517	0.00384	0.00900
7	0.00903	0.00697	0.00824	0.00792	0.00982	0.00618	0.00594	0.01165	0.01783	0.02379	0.45100	0.05711	0.32911	0.01535	0.00808	0.00222	0.00332	0.01321	0.00705	0.00618
8	0.01794	0.05297	0.07958	0.14385	0.33326	0.01728	0.01815	0.16766	0.01866	0.02576	0.01329	0.01641	0.01043	0.00665	0.00658	0.00201	0.00811	0.00580	0.00406	0.05152
9	0.12078	0.01578	0.01622	0.01381	0.01818	0.01800	0.01101	0.22169	0.42427	0.03302	0.02225	0.02109	0.01652	0.00860	0.00658	0.00222	0.00600	0.00677	0.00658	0.01062
10	0.01659	0.13467	0.02161	0.17369	0.10475	0.08951	0.04996	0.01990	0.01489	0.05811	0.01408	0.01757	0.01134	0.01018	0.06510	0.00256	0.00870	0.00557	0.08298	0.09825
11	0.01001	0.00825	0.00895	0.00855	0.01094	0.00784	0.00648	0.01510	0.13229	0.02256	0.23343	0.05516	0.42513	0.01509	0.00789	0.00227	0.00373	0.01276	0.00677	0.00680
12	0.00834	0.00595	0.00794	0.00953	0.00992	0.00556	0.00635	0.00953	0.01310	0.01746	0.03771	0.75510	0.04525	0.02143	0.00873	0.00278	0.00397	0.01945	0.00635	0.00556
13	0.12313	0.01772	0.06025	0.18420	0.36857	0.09123	0.01815	0.02082	0.01498	0.02180	0.01199	0.01581	0.00968	0.00641	0.00637	0.00208	0.00851	0.00554	0.00341	0.00934
14	0.01693	0.01626	0.02777	0.04199	0.71689	0.01626	0.02100	0.02100	0.01558	0.02235	0.01287	0.01693	0.01084	0.00610	0.00677	0.00203	0.00813	0.00610	0.00339	0.01084
15	0.00871	0.00696	0.00780	0.00759	0.00963	0.00604	0.00569	0.01104	0.01708	0.02201	0.32275	0.06004	0.45847	0.01601	0.00808	0.00225	0.00337	0.01363	0.00682	0.00604
16	0.00843	0.00677	0.00753	0.00772	0.00955	0.00587	0.00564	0.01035	0.01586	0.02000	0.18611	0.18715	0.47012	0.01743	0.00820	0.00236	0.00351	0.01495	0.00658	0.00587
17	0.01492	0.22649	0.54352	0.01745	0.02645	0.01882	0.02172	0.02136	0.01430	0.02020	0.01155	0.01353	0.00870	0.00633	0.00595	0.00198	0.00938	0.00469	0.00290	0.00976
18	0.00977	0.00733	0.01100	0.01100	0.01222	0.00855	0.00855	0.01222	0.01100	0.01588	0.01833	0.02688	0.01710	0.05131	0.73245	0.01100	0.01833	0.00733	0.00367	0.00611
19	0.01195	0.00658	0.00734	0.00778	0.00924	0.00653	0.00601	0.01490	0.01444	0.02373	0.02643	0.11868	0.02441	0.01136	0.00602	0.00199	0.00380	0.11926	0.57329	0.00627
20	0.01485	0.02611	0.40055	0.08308	0.16022	0.01613	0.05769	0.02321	0.10899	0.02241	0.01459	0.01696	0.01088	0.00679	0.00673	0.00218	0.00909	0.00587	0.00358	0.01009
21	0.01249	0.01132	0.01620	0.01464	0.01522	0.01504	0.01191	0.01444	0.01072	0.01619	0.01344	0.02065	0.01286	0.03074	0.36122	0.00681	0.39934	0.00663	0.00331	0.00683
22	0.01497	0.01497	0.02095	0.01796	0.01796	0.02095	0.01497	0.01646	0.01048	0.01646	0.00898	0.01497	0.00898	0.01197	0.02245	0.00299	0.74704	0.00599	0.00299	0.00748
23	0.01075	0.00855	0.01158	0.01110	0.01230	0.00963	0.00879	0.01270	0.01384	0.01910	0.17541	0.04172	0.14473	0.02436	0.18349	0.07030	0.14433	0.08610	0.00507	0.00614
24	0.02093	0.39209	0.02806	0.01602	0.05647	0.30675	0.01298	0.02301	0.01599	0.01671	0.01009	0.01205	0.00891	0.00667	0.00621	0.00170	0.04948	0.00421	0.00319	0.00848
25	0.02456	0.03071	0.02036	0.02045	0.10174	0.64918	0.01412	0.02659	0.01895	0.01739	0.01084	0.01287	0.00905	0.00694	0.00624	0.00179	0.01185	0.00460	0.00351	0.00827
26	0.01411	0.01230	0.01479	0.01102	0.01623	0.01039	0.00885	0.01691	0.01373	0.02148	0.01253	0.03583	0.01102	0.00634	0.00719	0.00129	0.09098	0.00473	0.00400	0.68627
27	0.02033	0.01291	0.01547	0.01142	0.01720	0.01093	0.00928	0.10836	0.01800	0.22095	0.01686	0.01702	0.01223	0.00642	0.00580	0.00146	0.00559	0.00511	0.00565	0.47900
28	0.01602	0.12243	0.31544	0.02399	0.22860	0.01738	0.01980	0.07374	0.03474	0.02283	0.01589	0.01793	0.04767	0.00708	0.00643	0.00204	0.00847	0.00584	0.00365	0.01006
29	0.01466	0.13001	0.46266	0.01816	0.02681	0.01666	0.09129	0.02093	0.01451	0.02102	0.01205	0.01436	0.00906	0.00614	0.00618	0.00193	0.00920	0.00505	0.00311	0.11620
30	0.00809	0.00693	0.00693	0.00693	0.00924	0.00578	0.00520	0.00982	0.01559	0.01848	0.06931	0.06584	0.71411	0.01733	0.00809	0.00231	0.00347	0.01444	0.00635	0.00578
31	0.01413	0.01485	0.09642	0.01122	0.01777	0.00990	0.01010	0.01774	0.01422	0.02222	0.01217	0.01422	0.00996	0.00523	0.00523	0.00115	0.00565	0.00417	0.00392	0.70973
32	0.01682	0.01639	0.02809	0.03607	0.51318	0.01653	0.12618	0.02324	0.10982	0.02314	0.01507	0.01835	0.01214	0.00648	0.00701	0.00211	0.00830	0.00663	0.00389	0.01058
33	0.01419	0.01216	0.01419	0.01013	0.01621	0.00912	0.00811	0.01723	0.01419	0.02229	0.01216	0.01419	0.01013	0.00507	0.00507	0.00101	0.00507	0.00405	0.00405	0.80139
34	0.00834	0.00595	0.00794	0.00953	0.00992	0.00556	0.00635	0.00953	0.01310	0.01746	0.03771	0.75510	0.04525	0.02143	0.00873	0.00278	0.00397	0.01945	0.00635	0.00556
35	0.01413	0.01334	0.02189	0.26736	0.37738	0.01415	0.01769	0.01796	0.01495	0.02010	0.02209	0.02556	0.12814	0.00822	0.00702	0.00216	0.00767	0.00749	0.00377	0.00892
36	0.02248	0.01741	0.01855	0.01503	0.01987	0.01957	0.01215	0.43637	0.29561	0.03744	0.02090	0.01999	0.01526	0.00863	0.00689	0.00216	0.00670	0.00678	0.00689	0.01132
37	0.02543	0.01896	0.01850	0.01497	0.01983	0.13216	0.01204	0.33512	0.14033	0.18180	0.01967	0.01877	0.01387	0.00826	0.00676	0.00207	0.00758	0.00630	0.00668	0.01091
38	0.02179	0.11074	0.02367	0.11528	0.02566	0.36464	0.08516	0.10924	0.04255	0.02105	0.01234	0.01458	0.00978	0.00697	0.00637	0.00191	0.01040	0.00527	0.00392	0.00869
39	0.00834	0.00595	0.00794	0.00953	0.00992	0.00556	0.00635	0.00953	0.01310	0.01746	0.03771	0.75510	0.04525	0.02143	0.00873	0.00278	0.00397	0.01945	0.00635	0.00556
40	0.02494	0.01753	0.02122	0.01645	0.02163	0.11798	0.12534	0.19072	0.04411	0.28429	0.02172	0.02116	0.04392	0.00816	0.00702	0.00210	0.00802	0.00691	0.00638	0.01042
41	0.01676	0.31713	0.34318	0.01605	0.02335	0.08775	0.01804	0.02207	0.03803	0.01910	0.01146	0.01329	0.00915	0.00657	0.00618	0.00189	0.03299	0.00457	0.00311	0.00933
42	0.00986	0.00688	0.00841	0.00804	0.00961	0.00637	0.00591	0.01263	0.01753	0.02491	0.49487	0.04948	0.13796	0.07510	0.00989	0.00248	0.00353	0.01174	0.09861	0.00617
43	0.00968	0.00699	0.00914	0.00861	0.01022	0.00646	0.00646	0.01291	0.01937	0.02743	0.71328	0.05110	0.06455	0.01399	0.00807	0.00215	0.00323	0.01237	0.00753	0.00646
44	0.02161	0.01543	0.01656	0.01295	0.01761	0.01643	0.01056	0.46079	0.02601	0.03668	0.01728	0.01824	0.01281	0.00779	0.00617	0.00183	0.00625	0.00597	0.18711	0.10191
45	0.03939	0.06617	0.43069	0.01632	0.02433	0.01490	0.03728	0.05749	0.01562	0.02319	0.05181	0.01767	0.03062	0.00699	0.00627	0.00194	0.00832	0.00556	0.00371	0.14176
46	0.01162	0.00604	0.00871	0.00871	0.00871	0.00604	0.00570	0.00905	0.00905	0.01207	0.01321	0.02407	0.01366	0.12432	0.02784	0.69240	0.00604	0.00649	0.00313	0.00313
47	0.01829	0.76368	0.03585	0.01171	0.01756	0.02707	0.01171	0.02049	0.01390	0.01610	0.00951	0.01097	0.00878	0.00585	0.00439	0.00146	0.00732	0.00366	0.00293	0.00878
48	0.01134	0.01293	0.12479	0.01173	0.01424	0.04785	0.01033	0.01411	0.01205	0.01684	0.01877	0.06554	0.01834	0.17907	0.36899	0.00738	0.01295	0.00792	0.03840	0.00644
49	0.01827	0.13157	0.32840	0.01904	0.02616	0.23679	0.10391	0.02327	0.01610	0.01943	0.01158	0.01383	0.00894	0.00649	0.00631	0.00196	0.01059	0.00505	0.00316	0.00915
50	0.00995	0.00663	0.00746	0.00746	0.00746	0.00663	0.00415	0.00995	0.00995	0.01327	0.02156	0.04477	0.02487	0.75957	0.03482	0.00663	0.00663	0.00995	0.00415	0.00415
51	0.00940	0.00698	0.00875	0.00831	0.01004	0.00633	0.00623	0.01235	0.01869	0.02583	0.59749	0.05375	0.18134	0.01459	0.00807	0.00218	0.00327	0.01274	0.00732	0.00633
52	0.02473	0.11688	0.02133	0.01688	0.02074	0.62865	0.01304	0.04696	0.01914	0.01748	0.01063	0.01230	0.00890	0.00695	0.00598	0.00174	0.01161	0.00437	0.00356	0.00814
53	0.01121	0.03098	0.08192	0.01045	0.01345	0.00955	0.00900	0.01724	0.13262	0.02479	0.37034	0.08217	0.15335	0.01317	0.00767	0.00222	0.00447	0.01135	0.00660	0.00746

[dist]
# distance from previous block
# <min> <max>
0	2

[block]
# block no. 2 follows, 31 sequences, length 57
# corresponding to MSA columns:
# 129-138,154-200
name=unknown_C
#
# <colnr> <probs for GDERKNQSTAVLIFYWHMCP>
#	G	D	E	R	K	N	Q	S	T	A	V	L	I	F	Y	W	H	M	C	P
0	0.01797	0.40646	0.20174	0.01600	0.02296	0.02251	0.08921	0.11045	0.01671	0.02168	0.01157	0.01336	0.00931	0.00631	0.00563	0.00180	0.00848	0.00481	0.00350	0.00953
1	0.01647	0.01756	0.03525	0.03418	0.31241	0.01688	0.41949	0.02154	0.01592	0.02209	0.01345	0.01784	0.01057	0.00590	0.00755	0.00220	0.01015	0.00727	0.00343	0.00988
2	0.01486	0.02839	0.47859	0.02161	0.12655	0.01617	0.02170	0.02457	0.15567	0.02319	0.01555	0.01707	0.01148	0.00701	0.00663	0.00218	0.00886	0.00575	0.00379	0.01036
3	0.01234	0.01171	0.07992	0.01095	0.01381	0.01005	0.00916	0.01927	0.18693	0.04353	0.22482	0.08737	0.10488	0.11961	0.01153	0.00292	0.00518	0.03220	0.00625	0.00759
4	0.00834	0.00595	0.00794	0.00953	0.00992	0.00556	0.00635	0.00953	0.01310	0.01746	0.03771	0.75510	0.04525	0.02143	0.00873	0.00278	0.00397	0.01945	0.00635	0.00556
5	0.00977	0.00669	0.00811	0.00825	0.00849	0.00686	0.00509	0.01030	0.01041	0.01409	0.02245	0.10529	0.02537	0.57309	0.15110	0.00703	0.00838	0.01035	0.00426	0.00461
6	0.01711	0.18083	0.48104	0.01685	0.02539	0.01733	0.02030	0.02311	0.01508	0.12171	0.01384	0.01501	0.00988	0.00665	0.00612	0.00202	0.00892	0.00503	0.00370	0.01006
7	0.00830	0.00608	0.00781	0.00919	0.00983	0.00559	0.00620	0.00956	0.01342	0.01760	0.04181	0.66558	0.13212	0.02090	0.00865	0.00272	0.00390	0.01880	0.00635	0.00559
8	0.00866	0.00690	0.00786	0.00846	0.01025	0.00610	0.00646	0.01053	0.01511	0.01863	0.05700	0.20874	0.45814	0.01844	0.00846	0.00255	0.00407	0.13146	0.00634	0.00582
9	0.00945	0.01110	0.12993	0.01144	0.01358	0.00748	0.00991	0.01193	0.01352	0.01840	0.03328	0.58026	0.03860	0.01871	0.00840	0.00270	0.00518	0.06400	0.00576	0.00638
10	0.02812	0.01131	0.01521	0.01189	0.01677	0.00998	0.00974	0.03147	0.04618	0.62723	0.09372	0.02608	0.02172	0.00904	0.00700	0.00213	0.00555	0.00745	0.00832	0.01111
11	0.02589	0.01853	0.18391	0.01451	0.02097	0.01333	0.01415	0.14293	0.02051	0.44098	0.02172	0.02003	0.01408	0.00796	0.00678	0.00212	0.00712	0.00633	0.00687	0.01128
12	0.02407	0.18205	0.02275	0.01642	0.02042	0.58798	0.01291	0.02592	0.01827	0.01661	0.01036	0.01206	0.00881	0.00681	0.00581	0.00170	0.01131	0.00425	0.00340	0.00810
13	0.00983	0.00710	0.00982	0.00982	0.01063	0.00791	0.00708	0.01146	0.01065	0.01501	0.01940	0.03284	0.01969	0.28739	0.49992	0.00954	0.01443	0.00820	0.00383	0.00545
14	0.00853	0.00609	0.00816	0.00975	0.01023	0.00572	0.00669	0.00986	0.01329	0.01768	0.03760	0.70659	0.04483	0.02125	0.00878	0.00281	0.00414	0.06606	0.00635	0.00561
15	0.09756	0.43562	0.02760	0.01351	0.01839	0.27197	0.01182	0.02283	0.01560	0.01774	0.00988	0.01146	0.00866	0.00632	0.00500	0.00163	0.00887	0.00392	0.00326	0.00835
16	0.00824	0.00694	0.00715	0.00709	0.00934	0.00584	0.00532	0.01012	0.01596	0.01935	0.13189	0.06441	0.65098	0.01700	0.00808	0.00229	0.00344	0.01424	0.00647	0.00584
17	0.01629	0.01563	0.02622	0.03420	0.50746	0.01490	0.08358	0.02031	0.01535	0.02230	0.01282	0.01652	0.01065	0.00585	0.00655	0.00185	0.00783	0.00587	0.00353	0.17228
18	0.01821	0.01354	0.01565	0.01148	0.01736	0.01168	0.00930	0.15715	0.01839	0.09451	0.01447	0.01553	0.01110	0.00604	0.00561	0.00133	0.00564	0.00476	0.00505	0.56320
19	0.00834	0.00595	0.00794	0.00953	0.00992	0.00556	0.00635	0.00953	0.01310	0.01746	0.03771	0.75510	0.04525	0.02143	0.00873	0.00278	0.00397	0.01945	0.00635	0.00556
20	0.00834	0.00595	0.00794	0.00953	0.00992	0.00556	0.00635	0.00953	0.01310	0.01746	0.03771	0.75510	0.04525	0.02143	0.00873	0.00278	0.00397	0.01945	0.00635	0.00556
21	0.01595	0.55952	0.07671	0.01179	0.01681	0.02192	0.01153	0.01833	0.01377	0.01675	0.01546	0.16332	0.01623	0.00908	0.00542	0.00178	0.00682	0.00698	0.00362	0.00821
22	0.00834	0.00595	0.00794	0.00953	0.00992	0.00556	0.00635	0.00953	0.01310	0.01746	0.03771	0.75510	0.04525	0.02143	0.00873	0.00278	0.00397	0.01945	0.00635	0.00556
23	0.01931	0.01518	0.01634	0.01394	0.01811	0.01708	0.01104	0.20730	0.45186	0.05705	0.07642	0.02498	0.02160	0.00933	0.00701	0.00223	0.00582	0.00764	0.00703	0.01074
24	0.01502	0.00908	0.00967	0.00861	0.01100	0.00942	0.00670	0.15413	0.01872	0.02938	0.12100	0.02735	0.02313	0.00889	0.00568	0.00177	0.00408	0.00720	0.52171	0.00746
25	0.16284	0.01191	0.01489	0.01163	0.01674	0.01096	0.00961	0.03109	0.01823	0.60415	0.02402	0.02122	0.01532	0.00811	0.00643	0.00212	0.00573	0.00634	0.00775	0.01092
26	0.01693	0.01626	0.02777	0.04199	0.71689	0.01626	0.02100	0.02100	0.01558	0.02235	0.01287	0.01693	0.01084	0.00610	0.00677	0.00203	0.00813	0.00610	0.00339	0.01084
27	0.00931	0.00691	0.00868	0.00839	0.01003	0.00627	0.00623	0.01214	0.01827	0.02519	0.55504	0.10440	0.17360	0.01509	0.00812	0.00222	0.00332	0.01323	0.00725	0.00627
28	0.03070	0.01164	0.01588	0.01217	0.01746	0.01006	0.01006	0.03334	0.01958	0.72163	0.02699	0.02329	0.01694	0.00847	0.00688	0.00212	0.00582	0.00688	0.00847	0.01164
29	0.02251	0.01742	0.01856	0.01503	0.01988	0.01958	0.01216	0.43795	0.29400	0.03747	0.02087	0.01997	0.01524	0.00863	0.00689	0.00216	0.00671	0.00677	0.00689	0.01132
30	0.01091	0.00779	0.01089	0.01247	0.01400	0.00778	0.01083	0.01398	0.01564	0.02035	0.03629	0.10570	0.03962	0.01901	0.00942	0.00313	0.00620	0.64343	0.00630	0.00627
31	0.00865	0.00709	0.00772	0.00797	0.01012	0.00616	0.00624	0.01069	0.01578	0.01921	0.09159	0.06713	0.57123	0.01745	0.00832	0.00245	0.00394	0.12596	0.00640	0.00589
32	0.01693	0.01626	0.02777	0.04199	0.71689	0.01626	0.02100	0.02100	0.01558	0.02235	0.01287	0.01693	0.01084	0.00610	0.00677	0.00203	0.00813	0.00610	0.00339	0.01084
33	0.59484	0.14087	0.01516	0.00988	0.01450	0.01711	0.00849	0.03968	0.01318	0.07949	0.01100	0.01213	0.00846	0.00647	0.00453	0.00200	0.00574	0.00400	0.00440	0.00807
34	0.01569	0.01512	0.02613	0.25289	0.48536	0.01598	0.04948	0.01998	0.01503	0.02086	0.01270	0.01739	0.01030	0.00631	0.00685	0.00212	0.00857	0.00618	0.00329	0.00979
35	0.02049	0.01666	0.01925	0.01877	0.12236	0.01853	0.01317	0.28884	0.34237	0.03331	0.02121	0.02073	0.01582	0.00840	0.00689	0.00217	0.00663	0.00688	0.00639	0.01114
36	0.01714	0.01169	0.01391	0.01102	0.01575	0.01042	0.00874	0.02338	0.15353	0.15801	0.13684	0.02443	0.02279	0.00807	0.00630	0.00168	0.00497	0.00673	0.00606	0.35854
37	0.01447	0.12610	0.58790	0.01919	0.02853	0.01740	0.07167	0.02154	0.01450	0.02098	0.01204	0.01430	0.00880	0.00637	0.00635	0.00209	0.00986	0.00510	0.00293	0.00988
38	0.01438	0.08565	0.58220	0.02020	0.02957	0.01689	0.11427	0.02161	0.01463	0.02130	0.01229	0.01473	0.00891	0.00635	0.00656	0.00213	0.01010	0.00536	0.00297	0.00990
39	0.00809	0.00693	0.00693	0.00693	0.00924	0.00578	0.00520	0.00982	0.01559	0.01848	0.06931	0.06584	0.71411	0.01733	0.00809	0.00231	0.00347	0.01444	0.00635	0.00578
40	0.01292	0.01216	0.02052	0.74312	0.04712	0.01520	0.01900	0.01748	0.01368	0.01748	0.01216	0.01824	0.00912	0.00684	0.00684	0.00228	0.00912	0.00608	0.00304	0.00760
41	0.01721	0.09148	0.09290	0.33951	0.06389	0.01595	0.11683	0.02169	0.01522	0.13833	0.01470	0.01797	0.01063	0.00679	0.00675	0.00215	0.00879	0.00617	0.00401	0.00903
42	0.01208	0.05518	0.41668	0.04635	0.02291	0.01290	0.01761	0.01764	0.01515	0.02102	0.09448	0.03082	0.18970	0.00991	0.00697	0.00218	0.00763	0.00809	0.00421	0.00851
43	0.00995	0.00663	0.00746	0.00746	0.00746	0.00663	0.00415	0.00995	0.00995	0.01327	0.02156	0.04477	0.02487	0.75957	0.03482	0.00663	0.00663	0.00995	0.00415	0.00415
44	0.02296	0.29526	0.02536	0.01541	0.01986	0.44743	0.01266	0.05376	0.01797	0.01765	0.01045	0.01202	0.00892	0.00667	0.00556	0.00167	0.01032	0.00421	0.00345	0.00840
45	0.00809	0.00693	0.00693	0.00693	0.00924	0.00578	0.00520	0.00982	0.01559	0.01848	0.06931	0.06584	0.71411	0.01733	0.00809	0.00231	0.00347	0.01444	0.00635	0.00578
46	0.01079	0.01142	0.08957	0.01352	0.08182	0.00873	0.03633	0.01444	0.01766	0.02449	0.42582	0.04518	0.16809	0.01269	0.00778	0.00218	0.00482	0.01117	0.00625	0.00726
47	0.02443	0.03078	0.01949	0.08254	0.02347	0.66795	0.01374	0.02644	0.01888	0.01681	0.01072	0.01287	0.00884	0.00703	0.00623	0.00181	0.01205	0.00456	0.00348	0.00790
48	0.01788	0.69851	0.09744	0.01240	0.01864	0.02607	0.01292	0.02059	0.01395	0.01659	0.00976	0.01128	0.00877	0.00591	0.00458	0.00153	0.00757	0.00378	0.00292	0.00890
49	0.01029	0.00921	0.07159	0.00854	0.00944	0.00746	0.00604	0.01100	0.01035	0.01402	0.02073	0.04206	0.02342	0.69218	0.03229	0.00623	0.00694	0.00951	0.00403	0.00468
50	0.01778	0.01630	0.01582	0.01425	0.01809	0.08100	0.01104	0.03555	0.64322	0.02756	0.02630	0.02434	0.01980	0.00908	0.00689	0.00227	0.00603	0.00744	0.00665	0.01057
51	0.01400	0.01231	0.01609	0.17535	0.04811	0.01074	0.01100	0.01742	0.01412	0.02122	0.01219	0.01519	0.00993	0.00550	0.00552	0.00133	0.00608	0.00458	0.00380	0.59551
52	0.01356	0.03275	0.66012	0.01855	0.02776	0.01500	0.02355	0.02052	0.01395	0.02079	0.01224	0.01501	0.00895	0.00804	0.00831	0.07364	0.00974	0.00513	0.00290	0.00947
53	0.01364	0.03279	0.65989	0.01833	0.02767	0.01504	0.02344	0.02115	0.01444	0.02201	0.01318	0.01543	0.00946	0.00663	0.00635	0.00212	0.00949	0.00517	0.07400	0.00978
54	0.01372	0.03539	0.72412	0.01950	0.02961	0.01589	0.02528	0.02167	0.01444	0.02167	0.01228	0.01444	0.00867	0.00650	0.00650	0.00217	0.01011	0.00506	0.00289	0.01011
55	0.02440	0.08052	0.02170	0.04825	0.10141	0.01395	0.07840	0.07824	0.01878	0.39022	0.02159	0.02318	0.01535	0.00818	0.00690	0.00213	0.00707	0.04272	0.00643	0.01060
56	0.01929	0.01587	0.03111	0.07717	0.09486	0.01506	0.39965	0.02399	0.01672	0.18753	0.01740	0.02115	0.01273	0.00690	0.00762	0.00226	0.00954	0.02672	0.00469	0.00975

[dist]
# distance from previous block
# <min> <max>
0	66

# created by:
# /home/berkeley/.conda/envs/busco_data_prod/bin/msa2prfl.pl pipeline/OGs_align_augustus/5794/35708.fs
