[name]
unknown

[dist]
# distance from previous block
# <min> <max>
3	159

[block]
# block no. 0 follows, 33 sequences, length 82
# corresponding to MSA columns:
# 197-278
name=unknown_A
#
# <colnr> <probs for GDERKNQSTAVLIFYWHMCP>
#	G	D	E	R	K	N	Q	S	T	A	V	L	I	F	Y	W	H	M	C	P
0	0.04943	0.09714	0.12605	0.03203	0.01818	0.05482	0.01185	0.08890	0.03275	0.12053	0.01556	0.01876	0.01248	0.06106	0.12707	0.00348	0.00887	0.00560	0.00444	0.11098
1	0.13447	0.20366	0.03594	0.04167	0.05510	0.04276	0.00958	0.01782	0.01342	0.05471	0.06042	0.02044	0.01520	0.12696	0.00962	0.00240	0.00627	0.00561	0.02786	0.11611
2	0.07106	0.03189	0.06152	0.08417	0.03760	0.03682	0.01070	0.05734	0.06704	0.10470	0.02723	0.10923	0.13226	0.03478	0.04189	0.00268	0.02749	0.02899	0.00516	0.02744
3	0.04283	0.06631	0.01818	0.08644	0.06661	0.12928	0.01194	0.14360	0.04271	0.16876	0.01736	0.05147	0.01380	0.00917	0.02689	0.00217	0.00762	0.02587	0.00521	0.06378
4	0.17188	0.13215	0.07777	0.01222	0.01670	0.03430	0.01088	0.02459	0.20826	0.09704	0.06362	0.01890	0.01585	0.00777	0.00650	0.00199	0.04452	0.00576	0.00504	0.04428
5	0.10398	0.11259	0.19113	0.01308	0.03948	0.01346	0.01270	0.01981	0.01391	0.08512	0.01243	0.01386	0.00956	0.00576	0.00524	0.00154	0.00650	0.00435	0.00387	0.33163
6	0.00878	0.00671	0.00805	0.00772	0.00950	0.00598	0.00579	0.01138	0.01736	0.02337	0.49327	0.05415	0.29484	0.01459	0.00777	0.00212	0.00319	0.01260	0.00685	0.00598
7	0.02044	0.04052	0.11912	0.01826	0.07665	0.01830	0.07184	0.40158	0.07561	0.03267	0.01630	0.01894	0.01246	0.00781	0.00669	0.00206	0.00774	0.03722	0.00542	0.01037
8	0.01512	0.13549	0.01692	0.01266	0.01609	0.01555	0.01054	0.04292	0.39111	0.02368	0.02593	0.05496	0.02306	0.01100	0.00694	0.00230	0.00573	0.17522	0.00589	0.00889
9	0.81514	0.01273	0.00968	0.00866	0.01273	0.01477	0.00713	0.01935	0.01120	0.02954	0.00917	0.01069	0.00713	0.00611	0.00407	0.00204	0.00509	0.00356	0.00407	0.00713
10	0.01637	0.01414	0.01489	0.01340	0.01712	0.01637	0.01042	0.03498	0.71568	0.02754	0.02679	0.02456	0.02010	0.00893	0.00670	0.00223	0.00521	0.00744	0.00670	0.01042
11	0.01637	0.01414	0.01489	0.01340	0.01712	0.01637	0.01042	0.03498	0.71568	0.02754	0.02679	0.02456	0.02010	0.00893	0.00670	0.00223	0.00521	0.00744	0.00670	0.01042
12	0.00781	0.00656	0.00678	0.00695	0.00897	0.00553	0.00513	0.00942	0.01474	0.01767	0.06327	0.14226	0.64820	0.01712	0.00785	0.00227	0.00339	0.01444	0.00611	0.00553
13	0.00851	0.00661	0.00774	0.00764	0.00939	0.00584	0.00566	0.01080	0.01646	0.02168	0.36780	0.12078	0.35634	0.01555	0.00783	0.00219	0.00327	0.01341	0.00664	0.00584
14	0.25303	0.01164	0.01368	0.01084	0.01565	0.01112	0.00895	0.02846	0.01667	0.53226	0.02119	0.01908	0.01369	0.00757	0.00590	0.00204	0.00546	0.00575	0.00699	0.01004
15	0.00918	0.00656	0.00813	0.00879	0.01015	0.00611	0.00670	0.01140	0.01491	0.02017	0.16684	0.25631	0.19387	0.01663	0.00792	0.00243	0.00399	0.15834	0.08579	0.00578
16	0.01535	0.01289	0.01793	0.06295	0.25618	0.01382	0.01320	0.14207	0.01713	0.02398	0.02393	0.02596	0.14505	0.00914	0.00813	0.00207	0.08621	0.00740	0.10801	0.00858
17	0.00976	0.00702	0.00962	0.00953	0.01035	0.00792	0.00697	0.01144	0.01046	0.01509	0.01849	0.03046	0.01843	0.25516	0.47338	0.00862	0.03513	0.00770	0.04908	0.00538
18	0.01720	0.09239	0.15728	0.14689	0.14672	0.10730	0.03290	0.05466	0.01611	0.08075	0.05388	0.01896	0.01353	0.00722	0.00637	0.00199	0.00833	0.02465	0.00397	0.00892
19	0.34237	0.32454	0.02171	0.01129	0.01536	0.04215	0.01010	0.01917	0.01215	0.02129	0.00911	0.01124	0.00794	0.00676	0.00687	0.00190	0.12108	0.00390	0.00336	0.00770
20	0.81514	0.01273	0.00968	0.00866	0.01273	0.01477	0.00713	0.01935	0.01120	0.02954	0.00917	0.01069	0.00713	0.00611	0.00407	0.00204	0.00509	0.00356	0.00407	0.00713
21	0.00907	0.00660	0.00853	0.00831	0.00975	0.00606	0.00613	0.01184	0.01766	0.02470	0.59982	0.14137	0.09640	0.01455	0.00785	0.00216	0.00321	0.01289	0.00704	0.00606
22	0.00918	0.00675	0.00868	0.00878	0.01030	0.00625	0.00675	0.01188	0.01695	0.02315	0.45168	0.12985	0.14568	0.01541	0.00805	0.00231	0.00369	0.12186	0.00678	0.00601
23	0.00818	0.00579	0.00759	0.00897	0.00931	0.00545	0.00590	0.00921	0.01230	0.01640	0.03473	0.69199	0.04157	0.09567	0.01092	0.00305	0.00408	0.01780	0.00590	0.00521
24	0.25002	0.01139	0.01334	0.01066	0.01527	0.01092	0.00876	0.02740	0.01668	0.49462	0.06013	0.02059	0.01626	0.00787	0.00597	0.00204	0.00532	0.00605	0.00695	0.00978
25	0.02673	0.01038	0.01379	0.01081	0.01532	0.00910	0.00885	0.02937	0.01802	0.61728	0.02524	0.02275	0.01639	0.00807	0.00629	0.00196	0.00519	0.00654	0.13752	0.01038
26	0.01760	0.77260	0.03450	0.01126	0.01690	0.02605	0.01126	0.01971	0.01338	0.01549	0.00915	0.01056	0.00845	0.00563	0.00422	0.00141	0.00704	0.00352	0.00282	0.00845
27	0.15353	0.01555	0.01587	0.01327	0.01764	0.01765	0.01067	0.28821	0.33640	0.03320	0.01965	0.01890	0.01453	0.00807	0.00622	0.00210	0.00597	0.00621	0.00622	0.01016
28	0.01243	0.01170	0.01975	0.75282	0.04534	0.01463	0.01828	0.01682	0.01316	0.01682	0.01170	0.01755	0.00878	0.00658	0.00658	0.00219	0.00878	0.00585	0.00293	0.00731
29	0.01637	0.01414	0.01489	0.01340	0.01712	0.01637	0.01042	0.03498	0.71568	0.02754	0.02679	0.02456	0.02010	0.00893	0.00670	0.00223	0.00521	0.00744	0.00670	0.01042
30	0.02503	0.01844	0.01976	0.01515	0.02042	0.02042	0.01251	0.70562	0.03095	0.04149	0.01581	0.01581	0.01120	0.00790	0.00659	0.00198	0.00724	0.00593	0.00659	0.01120
31	0.02486	0.01600	0.01722	0.01380	0.01853	0.06926	0.01126	0.32379	0.10187	0.26732	0.02089	0.02139	0.01492	0.00849	0.00668	0.00205	0.00676	0.03744	0.00686	0.01061
32	0.73026	0.01229	0.00987	0.03749	0.01375	0.01415	0.00742	0.01860	0.01153	0.02826	0.01309	0.01446	0.05488	0.00683	0.00442	0.00206	0.00512	0.00434	0.00416	0.00703
33	0.06324	0.01542	0.01893	0.01456	0.01976	0.04803	0.11212	0.16580	0.15292	0.04815	0.01591	0.01682	0.01207	0.00664	0.00607	0.00173	0.00671	0.00565	0.00503	0.26444
34	0.00898	0.00669	0.00834	0.00847	0.00960	0.00669	0.00609	0.01053	0.01235	0.01631	0.08034	0.08971	0.21176	0.22675	0.23112	0.00585	0.00850	0.04177	0.00486	0.00529
35	0.00909	0.00672	0.00849	0.00805	0.00970	0.00612	0.00603	0.01199	0.01810	0.02514	0.62788	0.05125	0.15912	0.01393	0.00777	0.00209	0.00314	0.01220	0.00708	0.00612
36	0.01678	0.01084	0.01296	0.01080	0.01395	0.01093	0.00857	0.22205	0.02234	0.12788	0.41673	0.03554	0.04062	0.01107	0.00726	0.00204	0.00468	0.00939	0.00717	0.00839
37	0.02306	0.02587	0.01802	0.01578	0.01917	0.49750	0.01203	0.17180	0.02025	0.02133	0.01220	0.01537	0.01034	0.06945	0.00894	0.00219	0.03940	0.00510	0.00411	0.00809
38	0.01429	0.01243	0.02060	0.55401	0.15289	0.01472	0.01784	0.01834	0.01370	0.06506	0.01262	0.01752	0.00954	0.00680	0.00727	0.00218	0.04290	0.00590	0.00332	0.00807
39	0.02024	0.00934	0.01210	0.01005	0.01345	0.00865	0.00804	0.05427	0.01798	0.36511	0.19504	0.02923	0.02738	0.01210	0.05547	0.00253	0.00545	0.00783	0.13692	0.00881
40	0.02757	0.01301	0.01623	0.01259	0.01762	0.01252	0.01035	0.17980	0.07311	0.52869	0.02381	0.02112	0.01546	0.00815	0.00662	0.00204	0.00593	0.00653	0.00770	0.01114
41	0.01333	0.01316	0.01966	0.69831	0.04349	0.06852	0.01787	0.01752	0.01357	0.01677	0.01159	0.01713	0.00875	0.00660	0.00653	0.00216	0.00901	0.00573	0.00296	0.00734
42	0.01629	0.01564	0.02672	0.04041	0.72757	0.01564	0.02020	0.02020	0.01499	0.02151	0.01238	0.01629	0.01043	0.00587	0.00652	0.00196	0.00782	0.00587	0.00326	0.01043
43	0.00791	0.00665	0.00671	0.00671	0.00877	0.00562	0.00493	0.00946	0.01460	0.01741	0.06329	0.06185	0.67298	0.07237	0.00969	0.00253	0.00356	0.01357	0.00596	0.00544
44	0.02032	0.01911	0.01691	0.01463	0.01865	0.18338	0.01145	0.19347	0.39238	0.02826	0.02036	0.01956	0.01531	0.00819	0.00650	0.00205	0.00722	0.00635	0.00592	0.00997
45	0.01285	0.01227	0.02123	0.51474	0.09702	0.01392	0.09362	0.01700	0.01357	0.01795	0.01376	0.07257	0.01168	0.00735	0.00675	0.00214	0.00837	0.00691	0.00329	0.05304
46	0.00819	0.00646	0.00739	0.00764	0.00927	0.00566	0.00555	0.01007	0.01527	0.01955	0.21175	0.22686	0.40923	0.01687	0.00792	0.00229	0.00340	0.01458	0.00638	0.00566
47	0.03678	0.01529	0.01547	0.01388	0.01611	0.13252	0.01083	0.10363	0.12656	0.05674	0.02026	0.19956	0.01961	0.01183	0.01048	0.00236	0.18602	0.00896	0.00510	0.00801
48	0.01487	0.29006	0.31030	0.01390	0.02123	0.01750	0.01566	0.01940	0.01365	0.01910	0.01084	0.01266	0.00872	0.00570	0.00520	0.00157	0.00759	0.00415	0.00307	0.20481
49	0.01871	0.02118	0.02018	0.31020	0.12370	0.33909	0.01590	0.04070	0.01635	0.01781	0.01123	0.01481	0.00893	0.00661	0.00629	0.00193	0.00999	0.00514	0.00328	0.00798
50	0.00826	0.00671	0.00733	0.00723	0.00926	0.00578	0.00546	0.01034	0.01598	0.02012	0.24095	0.05984	0.53197	0.01585	0.00781	0.00220	0.00334	0.02941	0.00641	0.00574
51	0.01165	0.00686	0.00843	0.00816	0.00921	0.00705	0.00567	0.01319	0.01153	0.06951	0.02049	0.03261	0.01972	0.34191	0.21137	0.00601	0.00850	0.00787	0.19471	0.00553
52	0.01089	0.00722	0.00962	0.00973	0.01145	0.00678	0.00779	0.01372	0.01691	0.06938	0.37518	0.10913	0.08051	0.01531	0.00817	0.00243	0.00428	0.22830	0.00679	0.00640
53	0.01313	0.00659	0.00749	0.00747	0.00911	0.00633	0.00552	0.01568	0.01406	0.09958	0.02552	0.20178	0.02321	0.01083	0.00573	0.00186	0.00352	0.00921	0.52688	0.00650
54	0.01242	0.01129	0.01874	0.69751	0.04255	0.01400	0.01727	0.01671	0.01321	0.01739	0.01243	0.01807	0.00938	0.00666	0.00644	0.00215	0.00835	0.00587	0.06235	0.00723
55	0.02522	0.01700	0.01866	0.01435	0.01947	0.01841	0.01184	0.58710	0.02866	0.13795	0.01743	0.01704	0.01211	0.00793	0.00652	0.00197	0.00687	0.00603	0.03443	0.01102
56	0.81514	0.01273	0.00968	0.00866	0.01273	0.01477	0.00713	0.01935	0.01120	0.02954	0.00917	0.01069	0.00713	0.00611	0.00407	0.00204	0.00509	0.00356	0.00407	0.00713
57	0.02492	0.01682	0.01903	0.06360	0.02149	0.01829	0.01244	0.55053	0.02780	0.15196	0.01718	0.01699	0.01186	0.00785	0.00659	0.00200	0.00708	0.00603	0.00660	0.01094
58	0.02847	0.01291	0.01634	0.01252	0.01766	0.01221	0.01035	0.19130	0.02171	0.56887	0.02357	0.02085	0.01509	0.00809	0.00661	0.00202	0.00599	0.00646	0.00778	0.01120
59	0.02903	0.01202	0.01578	0.01210	0.01721	0.01088	0.01000	0.10790	0.02021	0.65439	0.02483	0.02166	0.01572	0.00812	0.00662	0.00203	0.00579	0.00654	0.00797	0.01120
60	0.01687	0.59915	0.03122	0.01264	0.01699	0.02470	0.01198	0.01883	0.01262	0.01557	0.00904	0.01144	0.00849	0.00698	0.00820	0.00174	0.17851	0.00403	0.00283	0.00816
61	0.01937	0.01563	0.01657	0.01400	0.01826	0.01777	0.01114	0.26713	0.47865	0.03237	0.02299	0.02153	0.01702	0.00858	0.00666	0.00214	0.00591	0.00692	0.00666	0.01069
62	0.01625	0.01660	0.03522	0.02552	0.03172	0.01553	0.60621	0.02141	0.01576	0.07366	0.01569	0.02186	0.01231	0.00658	0.00777	0.00226	0.01036	0.05257	0.00387	0.00886
63	0.01899	0.01291	0.01597	0.01686	0.13131	0.05847	0.01153	0.02550	0.18159	0.22569	0.02400	0.02793	0.03884	0.01418	0.09746	0.00320	0.00773	0.07262	0.00588	0.00934
64	0.00840	0.00628	0.00781	0.00829	0.00949	0.00569	0.00589	0.01033	0.01520	0.02027	0.27534	0.36044	0.20792	0.01729	0.00804	0.00237	0.00347	0.01530	0.00649	0.00569
65	0.07260	0.01546	0.06830	0.01279	0.01747	0.01501	0.01100	0.26749	0.16894	0.12165	0.02697	0.02575	0.12910	0.00933	0.00662	0.00209	0.00601	0.00739	0.00629	0.00974
66	0.01397	0.01708	0.13946	0.15175	0.08074	0.01459	0.21130	0.02130	0.13338	0.02123	0.03525	0.06518	0.01587	0.00813	0.00714	0.00224	0.00835	0.04021	0.00413	0.00870
67	0.00840	0.00666	0.00788	0.00811	0.00981	0.00614	0.00611	0.01035	0.01441	0.01834	0.12713	0.14896	0.40950	0.02208	0.12402	0.00363	0.00579	0.05116	0.00583	0.00568
68	0.01074	0.00699	0.00864	0.00834	0.01024	0.00622	0.00620	0.01300	0.01647	0.09596	0.33075	0.18516	0.24613	0.01518	0.00777	0.00222	0.00357	0.01321	0.00680	0.00638
69	0.01409	0.01339	0.02274	0.44750	0.33773	0.01506	0.01911	0.01827	0.01395	0.01883	0.01199	0.01701	0.00948	0.00627	0.00655	0.00209	0.00837	0.00586	0.00307	0.00865
70	0.01122	0.00999	0.01280	0.09541	0.04892	0.05827	0.01011	0.01346	0.01271	0.01679	0.04145	0.16777	0.07419	0.04355	0.24127	0.00510	0.07858	0.04777	0.00431	0.00633
71	0.01135	0.01046	0.01689	0.01440	0.01623	0.01179	0.13311	0.01369	0.01201	0.01674	0.02254	0.11017	0.09626	0.07290	0.23071	0.00518	0.18600	0.00912	0.00395	0.00651
72	0.06485	0.00821	0.00941	0.00895	0.01141	0.00787	0.00691	0.01725	0.06457	0.14973	0.05741	0.16908	0.19910	0.01316	0.00694	0.00220	0.00421	0.05548	0.13613	0.00713
73	0.01659	0.01850	0.16632	0.02219	0.06662	0.01403	0.34903	0.02151	0.01541	0.13486	0.01741	0.09565	0.01421	0.00770	0.00729	0.00220	0.00901	0.00806	0.00428	0.00914
74	0.01835	0.13392	0.02352	0.01596	0.02058	0.01605	0.17108	0.20801	0.01952	0.09457	0.04369	0.10089	0.01876	0.00956	0.00697	0.00213	0.00733	0.07486	0.00531	0.00894
75	0.01108	0.00961	0.01340	0.01285	0.01346	0.01193	0.01026	0.01284	0.01162	0.01651	0.02277	0.20957	0.05029	0.02265	0.16626	0.00442	0.29676	0.09312	0.00432	0.00627
76	0.01946	0.01658	0.13354	0.10122	0.19837	0.01356	0.06154	0.05799	0.03377	0.23095	0.01727	0.01855	0.01222	0.00692	0.00651	0.00203	0.00745	0.00611	0.04605	0.00992
77	0.01413	0.01332	0.02435	0.01874	0.02297	0.01295	0.34640	0.08884	0.04378	0.02301	0.06734	0.19848	0.02243	0.01019	0.00755	0.00225	0.00768	0.01034	0.05727	0.00798
78	0.01383	0.02966	0.54719	0.02118	0.03009	0.01565	0.20726	0.02091	0.01434	0.02091	0.01222	0.01494	0.00878	0.00606	0.00666	0.00212	0.01010	0.00565	0.00293	0.00950
79	0.01252	0.01116	0.01073	0.01125	0.01273	0.12652	0.00818	0.01592	0.09265	0.03947	0.03055	0.47514	0.03391	0.01648	0.00782	0.00248	0.00554	0.07464	0.00579	0.00652
80	0.18758	0.01415	0.01670	0.25239	0.08574	0.06766	0.01282	0.06452	0.01476	0.04382	0.01180	0.01477	0.00913	0.00621	0.00564	0.00183	0.00713	0.00486	0.00384	0.17467
81	0.06864	0.01685	0.13279	0.10263	0.29023	0.01407	0.01635	0.06989	0.01550	0.04394	0.01603	0.01854	0.05238	0.00682	0.00619	0.00192	0.00725	0.00586	0.02283	0.09130

[dist]
# distance from previous block
# <min> <max>
0	68

[block]
# block no. 1 follows, 33 sequences, length 34
# corresponding to MSA columns:
# 353-386
name=unknown_B
#
# <colnr> <probs for GDERKNQSTAVLIFYWHMCP>
#	G	D	E	R	K	N	Q	S	T	A	V	L	I	F	Y	W	H	M	C	P
0	0.09674	0.12152	0.12696	0.01293	0.03133	0.11579	0.01159	0.04265	0.03642	0.08235	0.01869	0.06726	0.05588	0.03842	0.05334	0.00260	0.00777	0.00650	0.03537	0.03589
1	0.01591	0.01175	0.01377	0.01034	0.01571	0.00968	0.00826	0.02059	0.09706	0.11791	0.01732	0.01785	0.03673	0.00620	0.00543	0.00131	0.00496	0.00503	0.00488	0.57931
2	0.01353	0.01176	0.01638	0.16894	0.10529	0.01208	0.03407	0.05929	0.11903	0.02153	0.02110	0.16841	0.04228	0.00970	0.00669	0.00201	0.00616	0.00861	0.00470	0.16843
3	0.00904	0.00659	0.00851	0.00830	0.00974	0.00605	0.00612	0.01179	0.01759	0.02455	0.58895	0.14665	0.10223	0.01463	0.00785	0.00216	0.00322	0.01295	0.00702	0.00605
4	0.01524	0.01969	0.18438	0.10801	0.33275	0.04647	0.08079	0.04346	0.01516	0.02097	0.01382	0.06374	0.01180	0.00706	0.00668	0.00207	0.00855	0.00656	0.00343	0.00937
5	0.02349	0.01594	0.01614	0.01303	0.01729	0.11584	0.01047	0.28523	0.02320	0.23645	0.11925	0.02232	0.01981	0.00860	0.00659	0.00195	0.00664	0.00675	0.04122	0.00977
6	0.01577	0.00799	0.01055	0.00956	0.01207	0.00712	0.00728	0.01807	0.01687	0.26428	0.25743	0.22635	0.09215	0.01375	0.00754	0.00223	0.00416	0.01202	0.00717	0.00764
7	0.02954	0.01120	0.01528	0.01171	0.01681	0.00968	0.00968	0.03208	0.01884	0.73213	0.02597	0.02241	0.01630	0.00815	0.00662	0.00204	0.00560	0.00662	0.00815	0.01120
8	0.01878	0.01649	0.01871	0.04005	0.08507	0.07227	0.01304	0.23654	0.18673	0.02719	0.01629	0.01801	0.01278	0.01089	0.05125	0.00268	0.15251	0.00619	0.00506	0.00948
9	0.01289	0.00747	0.00963	0.00918	0.01131	0.00672	0.00704	0.01523	0.01655	0.16145	0.27630	0.19081	0.16289	0.01480	0.00778	0.00229	0.00403	0.06982	0.00690	0.00690
10	0.01703	0.01063	0.01247	0.01111	0.01405	0.01105	0.00841	0.02551	0.29496	0.19857	0.09223	0.11252	0.02631	0.12170	0.01090	0.00283	0.00512	0.00924	0.00665	0.00871
11	0.07009	0.01490	0.02687	0.22941	0.13049	0.01636	0.26045	0.01883	0.01365	0.01972	0.01172	0.01648	0.00930	0.00685	0.00916	0.00227	0.12563	0.00636	0.00319	0.00828
12	0.01838	0.01911	0.01844	0.04250	0.13147	0.26159	0.04919	0.13542	0.01853	0.02180	0.02075	0.13794	0.07702	0.00981	0.00681	0.00203	0.00828	0.00816	0.00456	0.00819
13	0.00844	0.00646	0.00790	0.00859	0.00989	0.00572	0.00606	0.00998	0.01362	0.01782	0.06943	0.48112	0.22353	0.01821	0.00801	0.00243	0.00380	0.03602	0.00601	0.05694
14	0.01417	0.00904	0.01051	0.00953	0.01190	0.00906	0.00737	0.14788	0.01867	0.07399	0.21109	0.14246	0.07261	0.01210	0.00687	0.00206	0.00430	0.03619	0.19289	0.00732
15	0.01092	0.00927	0.01348	0.01261	0.01343	0.01184	0.01010	0.01299	0.01043	0.01545	0.01492	0.02240	0.01410	0.03793	0.52464	0.00825	0.24099	0.00666	0.00333	0.00628
16	0.01746	0.04886	0.30167	0.01957	0.02673	0.05918	0.20960	0.07084	0.06130	0.09862	0.01480	0.01647	0.01062	0.00656	0.00668	0.00207	0.00925	0.00602	0.00406	0.00963
17	0.01569	0.01706	0.01451	0.01361	0.01554	0.29258	0.01049	0.01771	0.01366	0.01565	0.01399	0.01949	0.01272	0.02973	0.39718	0.00650	0.07794	0.00586	0.00342	0.00667
18	0.01623	0.01659	0.02337	0.26412	0.41103	0.11719	0.01854	0.01998	0.01492	0.01926	0.01186	0.01607	0.00963	0.00622	0.00646	0.00199	0.00869	0.00563	0.00317	0.00904
19	0.01834	0.39460	0.20463	0.01462	0.02069	0.21094	0.01490	0.02172	0.01489	0.01699	0.01008	0.01174	0.00843	0.00609	0.00518	0.00165	0.00898	0.00404	0.00296	0.00855
20	0.01487	0.01298	0.01965	0.04783	0.01998	0.05914	0.17864	0.01812	0.03046	0.08356	0.10588	0.03033	0.02165	0.11722	0.03319	0.00313	0.12154	0.06986	0.00460	0.00736
21	0.00802	0.00573	0.00764	0.00917	0.00955	0.00535	0.00611	0.00917	0.01260	0.01681	0.03628	0.76434	0.04354	0.02062	0.00840	0.00267	0.00382	0.01872	0.00611	0.00535
22	0.01390	0.01109	0.01325	0.04394	0.01563	0.01259	0.00952	0.11625	0.23689	0.02332	0.04461	0.13314	0.02213	0.06840	0.17481	0.00442	0.03375	0.00894	0.00543	0.00798
23	0.02163	0.00939	0.01150	0.00945	0.01298	0.00875	0.00760	0.06483	0.01734	0.37787	0.02338	0.02296	0.01625	0.00792	0.00573	0.00181	0.00458	0.00636	0.36072	0.00896
24	0.62351	0.10291	0.01385	0.00977	0.01417	0.01680	0.00828	0.10428	0.01390	0.02936	0.00999	0.01131	0.00779	0.00628	0.00440	0.00196	0.00559	0.00385	0.00424	0.00779
25	0.00848	0.00617	0.00803	0.00901	0.00990	0.00573	0.00642	0.01022	0.01423	0.01903	0.17378	0.49841	0.11087	0.01864	0.00828	0.00254	0.00383	0.07451	0.00633	0.00560
26	0.00779	0.00661	0.00673	0.00682	0.00893	0.00555	0.00507	0.00943	0.01486	0.01773	0.06488	0.10515	0.68428	0.01691	0.00782	0.00225	0.00336	0.01418	0.00611	0.00555
27	0.00868	0.00636	0.00785	0.00812	0.00923	0.00585	0.00567	0.01051	0.01492	0.02009	0.30109	0.27223	0.16884	0.11666	0.01139	0.00286	0.00380	0.01406	0.00626	0.00553
28	0.43626	0.01199	0.01238	0.01013	0.01470	0.01231	0.00836	0.02549	0.01489	0.36838	0.01727	0.01634	0.01155	0.00709	0.00530	0.00204	0.00534	0.00504	0.00604	0.00909
29	0.81514	0.01273	0.00968	0.00866	0.01273	0.01477	0.00713	0.01935	0.01120	0.02954	0.00917	0.01069	0.00713	0.00611	0.00407	0.00204	0.00509	0.00356	0.00407	0.00713
30	0.00997	0.00671	0.00949	0.00957	0.01050	0.00707	0.00719	0.01123	0.01213	0.01686	0.15265	0.03649	0.02735	0.10502	0.29810	0.17258	0.00993	0.08757	0.00444	0.00515
31	0.01726	0.72349	0.03268	0.01094	0.01631	0.02477	0.01084	0.01943	0.01340	0.01607	0.00994	0.01146	0.00899	0.00576	0.00425	0.00142	0.00679	0.00369	0.05423	0.00830
32	0.01516	0.04479	0.03842	0.01786	0.17582	0.01270	0.01188	0.10393	0.01579	0.02265	0.01528	0.04784	0.01410	0.06172	0.00849	0.00202	0.03115	0.05176	0.00422	0.30443
33	0.01426	0.06057	0.11411	0.01574	0.08590	0.07582	0.05437	0.03884	0.04698	0.05008	0.25061	0.07339	0.03053	0.01118	0.02691	0.00230	0.00679	0.02845	0.00520	0.00798

[dist]
# distance from previous block
# <min> <max>
0	1

[block]
# block no. 2 follows, 33 sequences, length 16
# corresponding to MSA columns:
# 388-403
name=unknown_C
#
# <colnr> <probs for GDERKNQSTAVLIFYWHMCP>
#	G	D	E	R	K	N	Q	S	T	A	V	L	I	F	Y	W	H	M	C	P
0	0.53397	0.04103	0.07537	0.01423	0.12129	0.01461	0.01055	0.01883	0.01238	0.02616	0.01445	0.01600	0.06486	0.00691	0.00493	0.00202	0.00583	0.00484	0.00396	0.00777
1	0.16061	0.01181	0.01566	0.01206	0.01644	0.01093	0.11175	0.03323	0.01320	0.04167	0.01380	0.01957	0.01224	0.13454	0.04990	0.00283	0.00687	0.00566	0.00403	0.32320
2	0.03751	0.07991	0.14697	0.02657	0.14652	0.01696	0.40727	0.02075	0.01489	0.02091	0.01248	0.01613	0.00960	0.00574	0.00694	0.00208	0.00985	0.00653	0.00321	0.00919
3	0.01025	0.00690	0.00830	0.00812	0.01002	0.00609	0.00602	0.01234	0.01600	0.08407	0.26193	0.19586	0.31833	0.01570	0.00780	0.00225	0.00356	0.01359	0.00665	0.00622
4	0.00945	0.00686	0.00962	0.00962	0.01047	0.00771	0.00703	0.01114	0.01030	0.01457	0.01851	0.03072	0.01857	0.25226	0.54254	0.00940	0.01446	0.00776	0.00366	0.00535
5	0.02152	0.01767	0.01775	0.10368	0.02176	0.17978	0.04272	0.23138	0.02104	0.13861	0.01994	0.02059	0.06816	0.00810	0.00647	0.00195	0.00782	0.00637	0.05563	0.00905
6	0.00899	0.00708	0.00817	0.00800	0.00987	0.00649	0.00595	0.01228	0.06032	0.02194	0.33839	0.11859	0.33954	0.01519	0.00776	0.00220	0.00340	0.01309	0.00663	0.00612
7	0.05660	0.01479	0.01425	0.01170	0.01634	0.12052	0.00928	0.02189	0.13881	0.05388	0.01650	0.02038	0.01379	0.00715	0.00573	0.00157	0.00612	0.05872	0.00469	0.40729
8	0.00949	0.00761	0.01094	0.01183	0.05636	0.00695	0.04218	0.01143	0.01383	0.01882	0.10976	0.48954	0.08936	0.01660	0.00786	0.00237	0.00441	0.01507	0.00574	0.06986
9	0.69641	0.01553	0.01102	0.00990	0.01388	0.12402	0.00797	0.02039	0.01232	0.02752	0.00932	0.01087	0.00733	0.00621	0.00435	0.00199	0.00611	0.00367	0.00397	0.00721
10	0.81514	0.01273	0.00968	0.00866	0.01273	0.01477	0.00713	0.01935	0.01120	0.02954	0.00917	0.01069	0.00713	0.00611	0.00407	0.00204	0.00509	0.00356	0.00407	0.00713
11	0.02248	0.01418	0.01677	0.01471	0.06221	0.01480	0.01111	0.21217	0.22918	0.24508	0.02196	0.02061	0.01545	0.00803	0.00651	0.00202	0.00597	0.00651	0.02879	0.04146
12	0.00925	0.00689	0.00902	0.01105	0.06663	0.00645	0.00718	0.01105	0.01359	0.01837	0.03899	0.43650	0.17698	0.01715	0.00779	0.00244	0.00413	0.06380	0.08681	0.00593
13	0.00858	0.00664	0.00762	0.00771	0.00933	0.00593	0.00568	0.01049	0.01519	0.01953	0.22689	0.11479	0.37902	0.09480	0.01060	0.00271	0.00382	0.05890	0.00618	0.00558
14	0.01488	0.02029	0.22953	0.02222	0.18034	0.01411	0.12013	0.04149	0.05019	0.02216	0.01301	0.01554	0.01009	0.00589	0.00622	0.00180	0.00796	0.00544	0.00357	0.21513
15	0.05786	0.01042	0.01557	0.09656	0.09219	0.01039	0.07517	0.03776	0.01643	0.08577	0.20785	0.03874	0.12543	0.01113	0.00732	0.00222	0.00582	0.09023	0.00557	0.00756

[dist]
# distance from previous block
# <min> <max>
0	1

[block]
# block no. 3 follows, 33 sequences, length 58
# corresponding to MSA columns:
# 405-462
name=unknown_D
#
# <colnr> <probs for GDERKNQSTAVLIFYWHMCP>
#	G	D	E	R	K	N	Q	S	T	A	V	L	I	F	Y	W	H	M	C	P
0	0.01879	0.23649	0.04520	0.03394	0.07071	0.08280	0.05908	0.18512	0.01829	0.02377	0.01189	0.01371	0.00958	0.00639	0.00608	0.00168	0.02992	0.00484	0.00402	0.13769
1	0.00936	0.00680	0.00917	0.00917	0.01001	0.00743	0.00657	0.01086	0.01052	0.01458	0.02181	0.03414	0.06396	0.29388	0.45286	0.00861	0.01287	0.00835	0.00385	0.00521
2	0.01936	0.01017	0.01258	0.01076	0.01430	0.00974	0.00847	0.02520	0.16663	0.33283	0.13620	0.09467	0.10805	0.01115	0.00709	0.00216	0.00473	0.00945	0.00730	0.00914
3	0.02148	0.01025	0.01292	0.01060	0.01453	0.00937	0.00850	0.06014	0.06275	0.41713	0.11218	0.05597	0.15365	0.01075	0.00702	0.00210	0.00490	0.00896	0.00743	0.00936
4	0.29824	0.05320	0.01549	0.01179	0.01629	0.01693	0.00975	0.29625	0.07968	0.06964	0.01498	0.01540	0.01102	0.00725	0.00548	0.00197	0.00596	0.00516	0.05627	0.00926
5	0.81514	0.01273	0.00968	0.00866	0.01273	0.01477	0.00713	0.01935	0.01120	0.02954	0.00917	0.01069	0.00713	0.00611	0.00407	0.00204	0.00509	0.00356	0.00407	0.00713
6	0.02503	0.01844	0.01976	0.01515	0.02042	0.02042	0.01251	0.70562	0.03095	0.04149	0.01581	0.01581	0.01120	0.00790	0.00659	0.00198	0.00724	0.00593	0.00659	0.01120
7	0.81514	0.01273	0.00968	0.00866	0.01273	0.01477	0.00713	0.01935	0.01120	0.02954	0.00917	0.01069	0.00713	0.00611	0.00407	0.00204	0.00509	0.00356	0.00407	0.00713
8	0.11955	0.01776	0.01855	0.01437	0.01950	0.01974	0.01187	0.62352	0.02859	0.04006	0.01501	0.01519	0.01071	0.00769	0.00629	0.00198	0.00699	0.00564	0.00629	0.01071
9	0.28132	0.01066	0.01087	0.00955	0.01302	0.01097	0.00760	0.05582	0.05988	0.11842	0.12610	0.06648	0.12217	0.01020	0.00616	0.00208	0.00470	0.02556	0.00580	0.05268
10	0.00948	0.00675	0.00902	0.00902	0.00965	0.00738	0.00628	0.01075	0.01012	0.01413	0.01906	0.03378	0.01989	0.37990	0.41672	0.00865	0.01246	0.00821	0.00374	0.00501
11	0.00779	0.00662	0.00672	0.00681	0.00893	0.00555	0.00506	0.00943	0.01487	0.01773	0.06498	0.10275	0.68661	0.01689	0.00782	0.00225	0.00336	0.01416	0.00611	0.00555
12	0.01744	0.01379	0.01831	0.01497	0.01893	0.01485	0.11008	0.19991	0.22967	0.06731	0.04303	0.07503	0.01861	0.01471	0.10880	0.00334	0.00816	0.00794	0.00580	0.00932
13	0.13945	0.01361	0.01584	0.01232	0.01732	0.01364	0.01017	0.23369	0.02142	0.42403	0.02052	0.01875	0.01346	0.00779	0.00625	0.00202	0.00603	0.00598	0.00710	0.01062
14	0.00955	0.00678	0.00866	0.00899	0.00960	0.00710	0.00618	0.01118	0.03289	0.01512	0.02387	0.16499	0.02628	0.36841	0.21398	0.00647	0.00885	0.06153	0.00448	0.00508
15	0.01000	0.00666	0.00871	0.00974	0.01075	0.00632	0.00698	0.01216	0.04088	0.06298	0.03628	0.58082	0.06688	0.01894	0.00828	0.00264	0.00423	0.09447	0.00626	0.00601
16	0.01633	0.41294	0.08956	0.03873	0.04375	0.02147	0.23036	0.02005	0.01404	0.01788	0.01081	0.01355	0.00899	0.00586	0.00614	0.00180	0.03090	0.00516	0.00299	0.00867
17	0.02092	0.23870	0.07676	0.01387	0.01934	0.01880	0.04718	0.26536	0.02100	0.13185	0.07032	0.01781	0.01485	0.00747	0.00603	0.00185	0.00700	0.00581	0.00531	0.00977
18	0.01910	0.02097	0.02001	0.10407	0.13723	0.30847	0.03013	0.07511	0.03862	0.01953	0.01320	0.06213	0.01168	0.00821	0.00834	0.00206	0.10301	0.00611	0.00378	0.00825
19	0.00945	0.00688	0.00972	0.00972	0.01060	0.00776	0.00716	0.01120	0.01033	0.01465	0.01842	0.03021	0.01835	0.23096	0.56355	0.00952	0.01479	0.00769	0.00364	0.00540
20	0.01557	0.01702	0.06542	0.17796	0.31904	0.07315	0.05635	0.01925	0.01394	0.01899	0.01138	0.01579	0.00945	0.00716	0.00939	0.00218	0.15023	0.00576	0.00311	0.00884
21	0.01668	0.03734	0.13660	0.02067	0.18230	0.05147	0.05995	0.11895	0.03877	0.02401	0.01290	0.01505	0.01013	0.00605	0.00600	0.00169	0.00750	0.00517	0.00396	0.24481
22	0.11333	0.22510	0.07622	0.01448	0.01918	0.35644	0.01255	0.07646	0.01699	0.01984	0.01035	0.01185	0.00852	0.00645	0.00534	0.00171	0.00928	0.00415	0.00352	0.00823
23	0.01068	0.00799	0.01164	0.01232	0.01394	0.00790	0.04560	0.03415	0.01504	0.01974	0.03350	0.23600	0.03698	0.01780	0.00878	0.00287	0.00582	0.46709	0.00595	0.00619
24	0.01871	0.08352	0.08020	0.01396	0.01889	0.04004	0.01211	0.19275	0.35074	0.04531	0.01992	0.01924	0.01488	0.00785	0.00629	0.00199	0.00645	0.00619	0.00577	0.05518
25	0.01438	0.01288	0.02268	0.18971	0.26446	0.01318	0.13256	0.01822	0.01491	0.05713	0.07202	0.10169	0.01874	0.00865	0.00713	0.00218	0.00762	0.02922	0.00416	0.00850
26	0.01758	0.25831	0.29740	0.01808	0.10209	0.04390	0.03409	0.02213	0.01473	0.11470	0.01293	0.01430	0.00972	0.00627	0.00573	0.00184	0.00823	0.00484	0.00360	0.00951
27	0.01454	0.05348	0.59302	0.01952	0.04800	0.01543	0.08095	0.02145	0.01433	0.06070	0.01267	0.01467	0.00899	0.00627	0.00635	0.00207	0.00948	0.00520	0.00314	0.00972
28	0.01969	0.00894	0.01059	0.00894	0.01210	0.00851	0.00712	0.05817	0.03498	0.29809	0.02305	0.02327	0.01644	0.00790	0.00554	0.00177	0.00432	0.00635	0.43577	0.00846
29	0.01193	0.00927	0.01363	0.01483	0.11121	0.00936	0.04423	0.01452	0.03097	0.05958	0.16174	0.22414	0.07689	0.09888	0.01169	0.00280	0.06393	0.02811	0.00543	0.00687
30	0.01652	0.14900	0.10351	0.09896	0.10725	0.06769	0.11849	0.11320	0.03357	0.02181	0.01511	0.09713	0.01344	0.00793	0.00647	0.00201	0.00820	0.00697	0.00396	0.00879
31	0.00826	0.00588	0.00752	0.00872	0.00913	0.00553	0.00571	0.00925	0.01223	0.01620	0.03531	0.61184	0.07493	0.14170	0.01244	0.00325	0.00421	0.01699	0.00577	0.00514
32	0.01541	0.00794	0.01039	0.00942	0.01193	0.00706	0.00718	0.01771	0.01688	0.25236	0.26176	0.20990	0.11770	0.01378	0.00754	0.00222	0.00411	0.01201	0.00715	0.00756
33	0.01601	0.01358	0.02212	0.17328	0.32023	0.01415	0.06985	0.05282	0.05991	0.07815	0.01718	0.10210	0.01492	0.00812	0.00686	0.00213	0.00745	0.00763	0.00429	0.00921
34	0.05482	0.11255	0.04642	0.22281	0.16499	0.11187	0.10512	0.01941	0.01447	0.01877	0.01296	0.06262	0.01129	0.00707	0.00632	0.00201	0.00862	0.00627	0.00334	0.00825
35	0.02060	0.01055	0.01299	0.01105	0.01445	0.01023	0.00866	0.16029	0.01897	0.30978	0.02628	0.22908	0.02296	0.01154	0.00688	0.00214	0.00514	0.00981	0.09964	0.00897
36	0.00888	0.00671	0.00819	0.00782	0.00956	0.00602	0.00586	0.01157	0.01759	0.02393	0.53567	0.05324	0.25209	0.01438	0.00777	0.00211	0.00317	0.01248	0.00692	0.00602
37	0.02185	0.01739	0.08032	0.02023	0.17996	0.06128	0.01432	0.22395	0.02045	0.19963	0.01762	0.05596	0.01344	0.00808	0.00714	0.00205	0.03405	0.00654	0.00553	0.01023
38	0.01130	0.00989	0.01446	0.07088	0.01618	0.01271	0.01104	0.01343	0.01072	0.01568	0.01510	0.06274	0.01467	0.03127	0.39347	0.00681	0.27267	0.00717	0.00340	0.00642
39	0.02954	0.01120	0.01528	0.01171	0.01681	0.00968	0.00968	0.03208	0.01884	0.73213	0.02597	0.02241	0.01630	0.00815	0.00662	0.00204	0.00560	0.00662	0.00815	0.01120
40	0.01012	0.00751	0.00851	0.00855	0.01084	0.00681	0.00681	0.01306	0.05178	0.05913	0.07575	0.06099	0.47709	0.01602	0.00795	0.00239	0.00415	0.16000	0.00628	0.00626
41	0.01475	0.09805	0.01698	0.07263	0.05388	0.01429	0.01085	0.16421	0.01604	0.02156	0.01785	0.08801	0.01750	0.12153	0.13208	0.00415	0.07334	0.05037	0.00444	0.00750
42	0.01634	0.01823	0.01791	0.40024	0.03213	0.27825	0.01481	0.01941	0.01524	0.01662	0.01572	0.05966	0.05241	0.00802	0.00652	0.00204	0.00931	0.00645	0.00346	0.00722
43	0.01760	0.77260	0.03450	0.01126	0.01690	0.02605	0.01126	0.01971	0.01338	0.01549	0.00915	0.01056	0.00845	0.00563	0.00422	0.00141	0.00704	0.00352	0.00282	0.00845
44	0.29921	0.02157	0.01582	0.01374	0.01756	0.31509	0.01082	0.15265	0.01797	0.02560	0.01082	0.01234	0.00854	0.00700	0.00621	0.00193	0.04642	0.00440	0.00421	0.00811
45	0.07370	0.01661	0.01787	0.01415	0.01890	0.01824	0.01165	0.56675	0.02752	0.06300	0.01778	0.05673	0.01415	0.00898	0.00665	0.00207	0.00681	0.04165	0.00643	0.01037
46	0.02503	0.01844	0.01976	0.01515	0.02042	0.02042	0.01251	0.70562	0.03095	0.04149	0.01581	0.01581	0.01120	0.00790	0.00659	0.00198	0.00724	0.00593	0.00659	0.01120
47	0.81514	0.01273	0.00968	0.00866	0.01273	0.01477	0.00713	0.01935	0.01120	0.02954	0.00917	0.01069	0.00713	0.00611	0.00407	0.00204	0.00509	0.00356	0.00407	0.00713
48	0.81514	0.01273	0.00968	0.00866	0.01273	0.01477	0.00713	0.01935	0.01120	0.02954	0.00917	0.01069	0.00713	0.00611	0.00407	0.00204	0.00509	0.00356	0.00407	0.00713
49	0.00966	0.00680	0.00840	0.00911	0.01067	0.00619	0.00699	0.01152	0.01441	0.05416	0.04641	0.30514	0.28727	0.01797	0.00826	0.00257	0.00428	0.17810	0.00620	0.00589
50	0.00897	0.00690	0.00833	0.00850	0.01033	0.00626	0.00673	0.01146	0.01629	0.02120	0.28541	0.06104	0.33565	0.01592	0.00808	0.00236	0.00390	0.17028	0.00649	0.00590
51	0.01243	0.01170	0.01975	0.75282	0.04534	0.01463	0.01828	0.01682	0.01316	0.01682	0.01170	0.01755	0.00878	0.00658	0.00658	0.00219	0.00878	0.00585	0.00293	0.00731
52	0.01518	0.00930	0.01224	0.01080	0.01374	0.00877	0.04302	0.07082	0.03347	0.18764	0.05394	0.17217	0.22610	0.01604	0.05419	0.00282	0.00576	0.05001	0.00636	0.00764
53	0.00882	0.00660	0.00818	0.00803	0.00959	0.00596	0.00593	0.01136	0.01709	0.02330	0.49316	0.13844	0.20926	0.01505	0.00784	0.00218	0.00324	0.01317	0.00685	0.00596
54	0.01602	0.04072	0.01350	0.01134	0.01441	0.13139	0.00883	0.06296	0.16115	0.08368	0.24446	0.03432	0.12865	0.01082	0.00695	0.00203	0.00562	0.00890	0.00622	0.00802
55	0.00838	0.00671	0.00750	0.00736	0.00934	0.00583	0.00556	0.01057	0.01624	0.02075	0.28831	0.05885	0.48192	0.01563	0.00781	0.00219	0.00333	0.03142	0.00650	0.00579
56	0.01838	0.10720	0.11286	0.01615	0.02142	0.09586	0.09186	0.14367	0.27354	0.02572	0.01765	0.01795	0.01333	0.00742	0.00638	0.00202	0.00773	0.00610	0.00499	0.00976
57	0.01588	0.01869	0.14919	0.13595	0.37779	0.03806	0.06288	0.02126	0.05123	0.04620	0.01341	0.01666	0.01045	0.00629	0.00656	0.00204	0.00841	0.00587	0.00349	0.00970

[dist]
# distance from previous block
# <min> <max>
0	1

[block]
# block no. 4 follows, 33 sequences, length 10
# corresponding to MSA columns:
# 464-473
name=unknown_E
#
# <colnr> <probs for GDERKNQSTAVLIFYWHMCP>
#	G	D	E	R	K	N	Q	S	T	A	V	L	I	F	Y	W	H	M	C	P
0	0.09016	0.29257	0.09686	0.01354	0.01827	0.07715	0.04443	0.07037	0.06056	0.02045	0.01385	0.07199	0.01248	0.00986	0.04348	0.00232	0.04369	0.00581	0.00382	0.00831
1	0.35645	0.03605	0.03860	0.01402	0.09719	0.04131	0.01017	0.08269	0.01502	0.14924	0.01432	0.01716	0.01125	0.08132	0.00806	0.00242	0.00628	0.00523	0.00480	0.00842
2	0.00991	0.00732	0.00951	0.00962	0.01114	0.00722	0.00741	0.01388	0.07139	0.02327	0.40522	0.16085	0.04938	0.01681	0.04389	0.00276	0.00462	0.13279	0.00663	0.00637
3	0.01674	0.07845	0.24245	0.01909	0.09228	0.04928	0.08227	0.13801	0.05064	0.04198	0.01569	0.08585	0.01330	0.00814	0.00712	0.00209	0.03629	0.00680	0.00421	0.00934
4	0.01320	0.03405	0.73453	0.01876	0.02849	0.01529	0.02432	0.02085	0.01390	0.02085	0.01181	0.01390	0.00834	0.00625	0.00625	0.00208	0.00973	0.00486	0.00278	0.00973
5	0.01281	0.03304	0.08674	0.01142	0.01378	0.01077	0.00972	0.07847	0.01354	0.04904	0.03814	0.06510	0.04554	0.17657	0.19590	0.04989	0.06807	0.03053	0.00433	0.00660
6	0.01130	0.00724	0.00850	0.00826	0.00981	0.00760	0.00618	0.01551	0.08252	0.02239	0.15859	0.03109	0.02651	0.07716	0.15822	0.00393	0.00652	0.00785	0.34448	0.00635
7	0.00898	0.00661	0.00789	0.00788	0.00914	0.00611	0.00560	0.01082	0.01489	0.01985	0.30096	0.10125	0.21583	0.20152	0.01424	0.00327	0.00418	0.04953	0.00602	0.00543
8	0.01529	0.09457	0.14765	0.01447	0.04525	0.01542	0.01290	0.07709	0.24078	0.02396	0.05054	0.06986	0.01746	0.00849	0.00684	0.00198	0.03431	0.00685	0.00494	0.11136
9	0.39903	0.04651	0.01373	0.01108	0.01472	0.08502	0.04132	0.07285	0.01454	0.06473	0.04737	0.07368	0.01491	0.06611	0.00753	0.00236	0.00623	0.00619	0.00464	0.00745

[dist]
# distance from previous block
# <min> <max>
0	45

# created by:
# /home/berkeley/.conda/envs/busco_data_prod/bin/msa2prfl.pl pipeline/OGs_align_augustus/5794/35745.fs
