[name]
unknown

[dist]
# distance from previous block
# <min> <max>
0	15

[block]
# block no. 0 follows, 32 sequences, length 73
# corresponding to MSA columns:
# 15-87
name=unknown_A
#
# <colnr> <probs for GDERKNQSTAVLIFYWHMCP>
#	G	D	E	R	K	N	Q	S	T	A	V	L	I	F	Y	W	H	M	C	P
0	0.05572	0.01322	0.11073	0.01291	0.01570	0.05279	0.06275	0.01455	0.01325	0.01838	0.02399	0.23099	0.02577	0.12010	0.09977	0.00405	0.00824	0.10589	0.00465	0.00656
1	0.01453	0.01206	0.01490	0.01472	0.11057	0.01134	0.00979	0.05240	0.14732	0.02274	0.01779	0.06433	0.01577	0.07699	0.00913	0.02570	0.00560	0.00659	0.02895	0.33876
2	0.01603	0.01505	0.08474	0.08394	0.10700	0.01428	0.01329	0.15408	0.17761	0.04333	0.02273	0.19610	0.02091	0.01086	0.00714	0.00227	0.00649	0.00941	0.00553	0.00920
3	0.01090	0.00589	0.00858	0.00884	0.00899	0.00579	0.00593	0.00907	0.01006	0.01350	0.05544	0.15783	0.02052	0.02236	0.02197	0.61307	0.00532	0.00861	0.00377	0.00357
4	0.16948	0.07654	0.17501	0.01742	0.02340	0.12836	0.15546	0.07057	0.03445	0.02344	0.01200	0.01422	0.00923	0.00651	0.00644	0.00201	0.02754	0.00525	0.00373	0.03894
5	0.01656	0.15494	0.20575	0.01674	0.02273	0.12498	0.11635	0.04283	0.11007	0.02083	0.01951	0.02058	0.08401	0.00775	0.00642	0.00200	0.00859	0.00640	0.00402	0.00894
6	0.00857	0.00642	0.00795	0.00841	0.00967	0.00580	0.00599	0.01055	0.01556	0.02073	0.27843	0.34588	0.21649	0.01753	0.00819	0.00240	0.00352	0.01549	0.00663	0.00580
7	0.01451	0.01903	0.18046	0.26785	0.25082	0.01567	0.11595	0.01972	0.01450	0.02014	0.01240	0.01670	0.00954	0.00626	0.00678	0.00214	0.00919	0.00602	0.00311	0.00920
8	0.01353	0.01752	0.18813	0.32020	0.07363	0.01380	0.01728	0.03866	0.03520	0.02027	0.01408	0.06084	0.01165	0.00726	0.00645	0.00201	0.00800	0.00623	0.00355	0.14169
9	0.01128	0.00921	0.01437	0.01770	0.18127	0.01000	0.01087	0.01382	0.01175	0.01683	0.01701	0.02579	0.01607	0.11152	0.49217	0.00825	0.01443	0.00716	0.00358	0.00691
10	0.00948	0.00662	0.00840	0.00856	0.00923	0.00674	0.00579	0.01081	0.01202	0.01667	0.12026	0.14960	0.04776	0.33452	0.19317	0.00608	0.00820	0.01089	0.03002	0.00516
11	0.01564	0.01973	0.19025	0.05531	0.13550	0.01625	0.07857	0.02765	0.33704	0.02435	0.01934	0.02013	0.01457	0.00753	0.00678	0.00219	0.00755	0.00666	0.00482	0.01016
12	0.02048	0.44768	0.02938	0.01466	0.01961	0.29215	0.05304	0.02269	0.01578	0.01637	0.00997	0.01170	0.00872	0.00618	0.00517	0.00159	0.00927	0.00412	0.00312	0.00833
13	0.01668	0.01357	0.01540	0.01125	0.01707	0.01178	0.00910	0.18014	0.01813	0.02675	0.01293	0.01444	0.01029	0.00571	0.00539	0.00124	0.00555	0.00447	0.00463	0.61550
14	0.02082	0.02323	0.31261	0.01597	0.02304	0.01566	0.01686	0.19954	0.08230	0.19592	0.01790	0.01771	0.01226	0.00751	0.00659	0.00210	0.00785	0.00590	0.00550	0.01072
15	0.00806	0.00629	0.00732	0.00815	0.00942	0.00555	0.00570	0.00948	0.01400	0.01760	0.05156	0.43275	0.36203	0.01913	0.00827	0.00251	0.00366	0.01676	0.00623	0.00555
16	0.00842	0.00632	0.00780	0.00848	0.00963	0.00571	0.00596	0.01018	0.01489	0.01963	0.20168	0.41794	0.22232	0.01831	0.00825	0.00247	0.00360	0.01622	0.00650	0.00571
17	0.01831	0.01522	0.01608	0.01398	0.01807	0.01745	0.01101	0.15765	0.58558	0.03068	0.02525	0.02340	0.01882	0.00891	0.00681	0.00223	0.00569	0.00730	0.00681	0.01077
18	0.01810	0.00968	0.01229	0.01095	0.01381	0.00923	0.00838	0.11641	0.01846	0.25707	0.12292	0.31315	0.03303	0.01396	0.00761	0.00233	0.00490	0.01219	0.00714	0.00840
19	0.01634	0.03090	0.55992	0.01824	0.02707	0.01683	0.02191	0.18345	0.01832	0.02628	0.01301	0.01463	0.00920	0.00678	0.00646	0.00210	0.00931	0.00522	0.00376	0.01027
20	0.05479	0.01042	0.01193	0.01024	0.01353	0.01021	0.00806	0.14769	0.03601	0.16528	0.17133	0.09344	0.21478	0.01253	0.00730	0.00218	0.00474	0.01046	0.00687	0.00821
21	0.00818	0.00584	0.00779	0.00934	0.00973	0.00545	0.00623	0.00934	0.01285	0.01713	0.03698	0.75981	0.04438	0.02102	0.00856	0.00273	0.00389	0.01908	0.00623	0.00545
22	0.00976	0.00651	0.00732	0.00732	0.00732	0.00651	0.00407	0.00976	0.00976	0.01301	0.02114	0.04391	0.02439	0.76419	0.03415	0.00651	0.00651	0.00976	0.00407	0.00407
23	0.00849	0.00654	0.00776	0.00805	0.00956	0.00581	0.00581	0.01048	0.01572	0.02054	0.25981	0.26380	0.31918	0.01716	0.00811	0.00235	0.00347	0.01498	0.00659	0.00581
24	0.08685	0.00783	0.00859	0.00864	0.01019	0.00780	0.00605	0.01359	0.07186	0.03762	0.09290	0.23302	0.17454	0.19443	0.01388	0.00337	0.00464	0.01249	0.00571	0.00600
25	0.00834	0.00610	0.00775	0.00883	0.00958	0.00561	0.00600	0.00974	0.01369	0.01811	0.11004	0.56512	0.13818	0.04782	0.00938	0.00274	0.00385	0.01734	0.00626	0.00552
26	0.01669	0.01441	0.01517	0.01365	0.01745	0.01669	0.01062	0.03565	0.71021	0.02807	0.02731	0.02503	0.02048	0.00910	0.00683	0.00228	0.00531	0.00759	0.00683	0.01062
27	0.00818	0.00584	0.00779	0.00934	0.00973	0.00545	0.00623	0.00934	0.01285	0.01713	0.03698	0.75981	0.04438	0.02102	0.00856	0.00273	0.00389	0.01908	0.00623	0.00545
28	0.01712	0.01093	0.01155	0.00988	0.01280	0.01166	0.00780	0.27172	0.02055	0.03102	0.02062	0.06557	0.01665	0.00870	0.00568	0.00180	0.00477	0.00694	0.45610	0.00814
29	0.02506	0.03198	0.01901	0.01729	0.02074	0.73725	0.01296	0.02679	0.01901	0.01642	0.01037	0.01210	0.00864	0.00691	0.00605	0.00173	0.01210	0.00432	0.00346	0.00778
30	0.00959	0.00706	0.00910	0.00915	0.01082	0.00657	0.00723	0.01253	0.01763	0.02404	0.46415	0.05826	0.14953	0.01533	0.00824	0.00237	0.00392	0.17135	0.00694	0.00620
31	0.00970	0.00674	0.00852	0.00852	0.00893	0.00716	0.00556	0.01053	0.01011	0.01390	0.02004	0.03783	0.02175	0.51683	0.27790	0.00799	0.01048	0.00887	0.00390	0.00473
32	0.00903	0.00684	0.00832	0.00795	0.00974	0.00613	0.00596	0.01176	0.01789	0.02428	0.52438	0.05444	0.25936	0.01470	0.00792	0.00216	0.00324	0.01274	0.00704	0.00613
33	0.00998	0.00723	0.00967	0.01024	0.01180	0.00692	0.00838	0.01294	0.01684	0.02275	0.32808	0.09131	0.09003	0.01649	0.00858	0.00261	0.00464	0.32864	0.00670	0.00618
34	0.01135	0.00978	0.01417	0.01315	0.01393	0.01260	0.01057	0.01343	0.01061	0.01577	0.01480	0.02231	0.01401	0.03696	0.48965	0.00806	0.27228	0.00673	0.00337	0.00646
35	0.01406	0.01279	0.01841	0.49359	0.03625	0.01552	0.01586	0.02356	0.25486	0.02093	0.01726	0.02036	0.01294	0.00754	0.00675	0.00225	0.00769	0.00653	0.00431	0.00855
36	0.00818	0.00584	0.00779	0.00934	0.00973	0.00545	0.00623	0.00934	0.01285	0.01713	0.03698	0.75981	0.04438	0.02102	0.00856	0.00273	0.00389	0.01908	0.00623	0.00545
37	0.00938	0.00635	0.00743	0.00780	0.00790	0.00625	0.00458	0.00966	0.01050	0.01399	0.02493	0.21500	0.02917	0.58658	0.02804	0.00560	0.00588	0.01198	0.00458	0.00440
38	0.00949	0.00719	0.00966	0.01130	0.05283	0.00695	0.00737	0.01234	0.05614	0.02029	0.18964	0.51040	0.04523	0.01775	0.00820	0.00251	0.00406	0.01603	0.00635	0.00627
39	0.01789	0.50715	0.02971	0.01305	0.01834	0.02293	0.05222	0.02454	0.19114	0.04229	0.01471	0.01522	0.01198	0.00667	0.00524	0.00172	0.00690	0.00497	0.00408	0.00924
40	0.00950	0.00686	0.00897	0.00844	0.01002	0.00633	0.00633	0.01266	0.01899	0.02691	0.71879	0.05012	0.06331	0.01372	0.00791	0.00211	0.00317	0.01213	0.00739	0.00633
41	0.00970	0.00691	0.00806	0.00800	0.00992	0.00605	0.00591	0.01173	0.01601	0.06252	0.22576	0.18854	0.38375	0.01639	0.00797	0.00230	0.00357	0.01412	0.00665	0.00614
42	0.01456	0.01191	0.01398	0.01002	0.01595	0.00898	0.00803	0.01752	0.01412	0.04986	0.01250	0.01427	0.01020	0.00510	0.00504	0.00104	0.00500	0.00409	0.00415	0.77370
43	0.01544	0.00811	0.01053	0.00949	0.01142	0.00789	0.00688	0.01689	0.01306	0.21871	0.02466	0.03465	0.06176	0.32185	0.20302	0.00607	0.00900	0.00851	0.00529	0.00676
44	0.01391	0.01193	0.01391	0.00994	0.01590	0.00894	0.00795	0.01690	0.01391	0.02186	0.01193	0.01391	0.00994	0.00497	0.00497	0.00099	0.00497	0.00398	0.00398	0.80521
45	0.00860	0.00668	0.00782	0.00785	0.00955	0.00590	0.00577	0.01081	0.01642	0.02152	0.32587	0.16389	0.35270	0.01628	0.00802	0.00227	0.00338	0.01409	0.00670	0.00590
46	0.20138	0.00805	0.00793	0.00768	0.00867	0.00855	0.00483	0.01214	0.01015	0.01710	0.01832	0.03602	0.02030	0.58305	0.02698	0.00545	0.00619	0.00829	0.00409	0.00483
47	0.00914	0.00684	0.00848	0.00807	0.00981	0.00618	0.00605	0.01197	0.01815	0.02491	0.57102	0.05340	0.21233	0.01446	0.00792	0.00215	0.00322	0.01259	0.00712	0.00618
48	0.01669	0.01441	0.01517	0.01365	0.01745	0.01669	0.01062	0.03565	0.71021	0.02807	0.02731	0.02503	0.02048	0.00910	0.00683	0.00228	0.00531	0.00759	0.00683	0.01062
49	0.01120	0.00599	0.00840	0.00840	0.00840	0.00599	0.00541	0.00898	0.00898	0.01198	0.01392	0.02602	0.01470	0.20037	0.02812	0.61400	0.00599	0.00677	0.00319	0.00319
50	0.01497	0.00893	0.01146	0.01034	0.01163	0.00941	0.00748	0.17393	0.01419	0.01898	0.01272	0.01937	0.01160	0.01966	0.02156	0.61293	0.00620	0.00588	0.00382	0.00494
51	0.01584	0.01810	0.03959	0.02828	0.03507	0.01697	0.69796	0.02149	0.01584	0.02149	0.01357	0.01810	0.01018	0.00566	0.00792	0.00226	0.01131	0.00792	0.00339	0.00905
52	0.00818	0.00584	0.00779	0.00934	0.00973	0.00545	0.00623	0.00934	0.01285	0.01713	0.03698	0.75981	0.04438	0.02102	0.00856	0.00273	0.00389	0.01908	0.00623	0.00545
53	0.02179	0.01038	0.01335	0.01151	0.01513	0.00978	0.00898	0.02673	0.13296	0.41366	0.02952	0.22719	0.02494	0.01196	0.00726	0.00229	0.00514	0.01030	0.00748	0.00963
54	0.01432	0.01541	0.03227	0.02354	0.02908	0.01443	0.53268	0.01938	0.01659	0.02279	0.18211	0.02575	0.02288	0.00758	0.00792	0.00223	0.00937	0.00893	0.00435	0.00840
55	0.81159	0.01298	0.00986	0.00882	0.01298	0.01505	0.00727	0.01972	0.01142	0.03010	0.00934	0.01090	0.00727	0.00623	0.00415	0.00208	0.00519	0.00363	0.00415	0.00727
56	0.00880	0.00633	0.00847	0.00997	0.01070	0.00600	0.00728	0.01044	0.01356	0.01787	0.03781	0.57003	0.06853	0.02028	0.00871	0.00279	0.00442	0.17616	0.00622	0.00563
57	0.00954	0.00654	0.00860	0.00932	0.01018	0.00633	0.00680	0.01060	0.01297	0.01712	0.08230	0.25845	0.11557	0.10696	0.05773	0.12491	0.00565	0.13989	0.00540	0.00517
58	0.01262	0.00976	0.01169	0.01172	0.01388	0.01038	0.00924	0.06235	0.21294	0.02387	0.11536	0.21796	0.03614	0.01521	0.00808	0.00258	0.00510	0.20696	0.00655	0.00761
59	0.03010	0.01142	0.01557	0.01194	0.01713	0.00986	0.00986	0.03270	0.01920	0.72698	0.02647	0.02284	0.01661	0.00830	0.00675	0.00208	0.00571	0.00675	0.00830	0.01142
60	0.01050	0.00658	0.00988	0.00988	0.01054	0.00725	0.00725	0.01054	0.00988	0.01383	0.01517	0.02371	0.01450	0.03832	0.42160	0.36348	0.01258	0.00658	0.00329	0.00462
61	0.00993	0.00656	0.00790	0.00784	0.00933	0.00613	0.00577	0.01268	0.01655	0.02425	0.38519	0.13873	0.11550	0.01351	0.00718	0.00207	0.00328	0.01175	0.20974	0.00613
62	0.00880	0.00596	0.00771	0.00908	0.00966	0.00563	0.00621	0.01028	0.01309	0.01820	0.03509	0.64464	0.04086	0.01932	0.00812	0.00260	0.00389	0.04240	0.10288	0.00558
63	0.81159	0.01298	0.00986	0.00882	0.01298	0.01505	0.00727	0.01972	0.01142	0.03010	0.00934	0.01090	0.00727	0.00623	0.00415	0.00208	0.00519	0.00363	0.00415	0.00727
64	0.20565	0.26759	0.33212	0.01418	0.02137	0.01902	0.01628	0.02051	0.01334	0.02159	0.01052	0.01228	0.00824	0.00613	0.00517	0.00189	0.00790	0.00420	0.00316	0.00886
65	0.01081	0.00734	0.00838	0.00843	0.00944	0.00748	0.00572	0.01419	0.09267	0.01940	0.10609	0.15191	0.03066	0.31495	0.01788	0.00392	0.00494	0.02844	0.15159	0.00576
66	0.62192	0.19347	0.01591	0.00946	0.01399	0.01780	0.00827	0.01981	0.01195	0.02668	0.00934	0.01087	0.00759	0.00611	0.00419	0.00192	0.00566	0.00362	0.00385	0.00759
67	0.01515	0.01235	0.01928	0.04977	0.23185	0.01273	0.07235	0.02013	0.10449	0.08463	0.02208	0.18221	0.02116	0.05248	0.00957	0.00256	0.04369	0.02989	0.00496	0.00866
68	0.01526	0.02250	0.31199	0.11730	0.05812	0.05408	0.01763	0.10064	0.01719	0.04555	0.08234	0.02406	0.06651	0.00852	0.00681	0.00214	0.00817	0.02792	0.00432	0.00897
69	0.01111	0.00879	0.01295	0.05580	0.14248	0.00939	0.00949	0.01297	0.01135	0.01581	0.01791	0.03104	0.01823	0.32201	0.28479	0.00700	0.01110	0.00791	0.00370	0.00616
70	0.01286	0.01072	0.01273	0.00958	0.01450	0.00832	0.00756	0.01588	0.01513	0.02307	0.18086	0.02257	0.02269	0.00706	0.00567	0.00126	0.00454	0.00593	0.00479	0.61429
71	0.01661	0.01594	0.02724	0.04119	0.72233	0.01594	0.02059	0.02059	0.01528	0.02192	0.01262	0.01661	0.01063	0.00598	0.00664	0.00199	0.00797	0.00598	0.00332	0.01063
72	0.01093	0.14777	0.05279	0.00982	0.01167	0.01037	0.00782	0.01240	0.01224	0.01598	0.02536	0.30850	0.02906	0.25506	0.01589	0.00369	0.00581	0.05422	0.00473	0.00588

[dist]
# distance from previous block
# <min> <max>
0	7

[block]
# block no. 1 follows, 32 sequences, length 60
# corresponding to MSA columns:
# 95-154
name=unknown_B
#
# <colnr> <probs for GDERKNQSTAVLIFYWHMCP>
#	G	D	E	R	K	N	Q	S	T	A	V	L	I	F	Y	W	H	M	C	P
0	0.00947	0.01323	0.17653	0.00997	0.01360	0.00807	0.00970	0.01235	0.01416	0.01816	0.04656	0.11089	0.41099	0.10391	0.01075	0.00278	0.00534	0.01190	0.00518	0.00645
1	0.01764	0.35826	0.10608	0.01352	0.01869	0.14005	0.01276	0.02349	0.14380	0.01906	0.01694	0.01891	0.04696	0.00763	0.00565	0.00182	0.00774	0.02827	0.00398	0.00877
2	0.01490	0.01501	0.08014	0.06558	0.19343	0.06077	0.06531	0.05202	0.01597	0.05774	0.06401	0.18029	0.04232	0.01196	0.02835	0.00248	0.00752	0.02908	0.00474	0.00837
3	0.11349	0.01959	0.01981	0.15862	0.13878	0.19466	0.01456	0.21427	0.02001	0.02640	0.01254	0.01493	0.00965	0.00697	0.00624	0.00199	0.00868	0.00531	0.00435	0.00915
4	0.01002	0.00798	0.01183	0.10977	0.08900	0.00811	0.00998	0.01220	0.01361	0.01808	0.03172	0.46933	0.05182	0.01713	0.00821	0.00263	0.00530	0.11142	0.00549	0.00636
5	0.00965	0.00626	0.00812	0.00912	0.00970	0.00588	0.00604	0.01069	0.01263	0.05494	0.03355	0.59066	0.03927	0.15438	0.01308	0.00337	0.00446	0.01672	0.00595	0.00552
6	0.01698	0.01526	0.02342	0.20512	0.39467	0.01647	0.01809	0.12096	0.07815	0.02430	0.01425	0.01758	0.01120	0.00673	0.00668	0.00208	0.00789	0.00612	0.00405	0.00998
7	0.01475	0.08083	0.24658	0.11728	0.12223	0.01556	0.01720	0.06653	0.09529	0.02336	0.11651	0.02132	0.01838	0.00780	0.00659	0.00207	0.00762	0.00654	0.00430	0.00924
8	0.00850	0.00619	0.00845	0.00959	0.01024	0.00615	0.00670	0.00997	0.01245	0.01680	0.03362	0.56314	0.06174	0.02776	0.17963	0.00460	0.00718	0.01611	0.00561	0.00558
9	0.01486	0.00779	0.00999	0.00914	0.01096	0.00719	0.00650	0.01649	0.01498	0.20708	0.19202	0.15433	0.03483	0.26447	0.01648	0.00367	0.00508	0.01102	0.00633	0.00679
10	0.05281	0.00705	0.00880	0.00887	0.01039	0.00670	0.00666	0.01229	0.01682	0.02401	0.44679	0.19601	0.09260	0.01539	0.00795	0.00232	0.00369	0.06790	0.00681	0.00615
11	0.01391	0.01193	0.01391	0.00994	0.01590	0.00894	0.00795	0.01690	0.01391	0.02186	0.01193	0.01391	0.00994	0.00497	0.00497	0.00099	0.00497	0.00398	0.00398	0.80521
12	0.01791	0.01324	0.01473	0.01263	0.01634	0.01448	0.00997	0.16096	0.35396	0.09153	0.18731	0.02897	0.02841	0.00991	0.00705	0.00217	0.00525	0.00828	0.00706	0.00984
13	0.19706	0.00829	0.00828	0.00808	0.01053	0.00814	0.00629	0.01291	0.01509	0.02288	0.18764	0.07357	0.34564	0.01402	0.00715	0.00226	0.00397	0.05601	0.00598	0.00621
14	0.01528	0.00919	0.01127	0.00974	0.01228	0.00886	0.00742	0.10570	0.01913	0.15320	0.36478	0.04061	0.07805	0.12113	0.01136	0.00274	0.00468	0.01013	0.00692	0.00755
15	0.01382	0.01398	0.01304	0.01256	0.01438	0.20792	0.00964	0.01604	0.01304	0.01581	0.01589	0.02246	0.01455	0.03844	0.53733	0.00830	0.01637	0.00640	0.00356	0.00648
16	0.01525	0.00796	0.01013	0.00931	0.01160	0.00737	0.00706	0.03574	0.01705	0.19762	0.24386	0.20452	0.03767	0.01288	0.00717	0.00215	0.00407	0.01121	0.14988	0.00750
17	0.06784	0.00828	0.01021	0.01000	0.01200	0.00797	0.00729	0.03603	0.03873	0.17257	0.05588	0.42545	0.04921	0.05476	0.00905	0.00267	0.00462	0.01376	0.00650	0.00717
18	0.01081	0.00772	0.01081	0.01236	0.01390	0.00772	0.01081	0.01390	0.01545	0.02008	0.03553	0.07569	0.03862	0.01854	0.00927	0.00309	0.00618	0.67717	0.00618	0.00618
19	0.00855	0.00600	0.00768	0.00887	0.00917	0.00570	0.00572	0.00944	0.01212	0.01616	0.03326	0.59180	0.03969	0.19543	0.01457	0.00361	0.00451	0.01689	0.00572	0.00513
20	0.01455	0.01020	0.01176	0.01047	0.01323	0.01067	0.00812	0.07524	0.21755	0.07530	0.33919	0.03555	0.03855	0.01091	0.00706	0.00209	0.00428	0.00932	0.09764	0.00830
21	0.01383	0.00961	0.01110	0.01041	0.01278	0.00956	0.00780	0.18004	0.01843	0.07124	0.03844	0.36505	0.19291	0.01605	0.00784	0.00240	0.00475	0.01390	0.00649	0.00736
22	0.02791	0.01283	0.01619	0.01264	0.01770	0.01223	0.01037	0.12991	0.09967	0.54800	0.02506	0.02211	0.01630	0.00836	0.00675	0.00209	0.00591	0.00674	0.00791	0.01133
23	0.02506	0.03198	0.01901	0.01729	0.02074	0.73725	0.01296	0.02679	0.01901	0.01642	0.01037	0.01210	0.00864	0.00691	0.00605	0.00173	0.01210	0.00432	0.00346	0.00778
24	0.00914	0.00694	0.00867	0.00853	0.01022	0.00653	0.00651	0.01167	0.01623	0.02184	0.35948	0.05256	0.25027	0.03857	0.11458	0.00359	0.00567	0.05667	0.00633	0.00602
25	0.00870	0.00623	0.00833	0.00953	0.01026	0.00586	0.00677	0.01043	0.01420	0.01915	0.15410	0.55984	0.04698	0.01948	0.00853	0.00266	0.00403	0.09281	0.00642	0.00568
26	0.00818	0.00584	0.00779	0.00934	0.00973	0.00545	0.00623	0.00934	0.01285	0.01713	0.03698	0.75981	0.04438	0.02102	0.00856	0.00273	0.00389	0.01908	0.00623	0.00545
27	0.01529	0.01175	0.01589	0.01807	0.17971	0.01258	0.01133	0.17413	0.01692	0.02404	0.01711	0.02363	0.01504	0.11046	0.22870	0.00512	0.01010	0.00684	0.09515	0.00814
28	0.01853	0.01521	0.02284	0.22669	0.32520	0.01639	0.01750	0.17990	0.01885	0.07279	0.01418	0.01726	0.01075	0.00682	0.00668	0.00207	0.00795	0.00604	0.00436	0.01000
29	0.01962	0.01221	0.01419	0.01219	0.01607	0.01280	0.00962	0.03078	0.37870	0.24567	0.12147	0.02903	0.04803	0.00973	0.00699	0.00219	0.00508	0.00815	0.00734	0.01013
30	0.01513	0.01439	0.01781	0.01311	0.01891	0.06646	0.10132	0.01894	0.03915	0.02161	0.01257	0.01473	0.01024	0.00536	0.00552	0.00127	0.00638	0.00466	0.00396	0.60849
31	0.01515	0.01017	0.01105	0.00972	0.01240	0.01078	0.00759	0.16535	0.10977	0.02959	0.18490	0.02899	0.02720	0.00942	0.00616	0.00188	0.00434	0.00776	0.33983	0.00796
32	0.01191	0.00915	0.00987	0.00907	0.01198	0.00882	0.00698	0.01807	0.18595	0.06911	0.11010	0.04909	0.41955	0.01378	0.00748	0.00220	0.00406	0.01153	0.00654	0.03479
33	0.02877	0.01132	0.01510	0.01168	0.01663	0.00999	0.00961	0.05427	0.01928	0.65648	0.02581	0.02276	0.01647	0.00826	0.00661	0.00204	0.00559	0.00669	0.06157	0.01107
34	0.01972	0.01230	0.01438	0.01216	0.01599	0.01283	0.00964	0.10404	0.27990	0.22347	0.18810	0.02931	0.02844	0.00985	0.00705	0.00215	0.00515	0.00825	0.00736	0.00992
35	0.00926	0.00658	0.00876	0.00919	0.00975	0.00693	0.00630	0.01049	0.01099	0.01511	0.02427	0.23323	0.02697	0.28957	0.29436	0.00710	0.01015	0.01133	0.00448	0.00518
36	0.01469	0.01239	0.01433	0.01031	0.01623	0.00974	0.00827	0.06282	0.01510	0.02324	0.01221	0.01406	0.01004	0.00518	0.00509	0.00106	0.00513	0.00411	0.00416	0.75184
37	0.01036	0.00732	0.00834	0.00787	0.00985	0.00682	0.00596	0.04622	0.01755	0.02458	0.35188	0.04830	0.25699	0.01337	0.00726	0.00205	0.00344	0.01138	0.15412	0.00636
38	0.00916	0.00708	0.00847	0.00897	0.01046	0.00668	0.00656	0.01232	0.06856	0.02012	0.16054	0.33096	0.24570	0.01751	0.00818	0.00247	0.00389	0.05980	0.00647	0.00611
39	0.01562	0.00804	0.01075	0.00974	0.01217	0.00723	0.00741	0.01814	0.01762	0.24305	0.34276	0.20816	0.04430	0.01374	0.00770	0.00224	0.00413	0.01208	0.00740	0.00771
40	0.02765	0.01536	0.01801	0.01381	0.01910	0.01571	0.01141	0.38946	0.02580	0.36090	0.02093	0.01924	0.01383	0.00817	0.00673	0.00204	0.00660	0.00637	0.00745	0.01141
41	0.25958	0.00837	0.00822	0.00826	0.00965	0.00892	0.00557	0.01277	0.01100	0.01931	0.02118	0.20162	0.02374	0.35328	0.01879	0.00424	0.00548	0.01003	0.00460	0.00539
42	0.02770	0.01196	0.01550	0.01225	0.01719	0.01109	0.01000	0.03323	0.14326	0.60150	0.02662	0.02323	0.01730	0.00845	0.00676	0.00211	0.00564	0.00690	0.00804	0.01128
43	0.00950	0.00686	0.00897	0.00844	0.01002	0.00633	0.00633	0.01266	0.01899	0.02691	0.71879	0.05012	0.06331	0.01372	0.00791	0.00211	0.00317	0.01213	0.00739	0.00633
44	0.01593	0.00828	0.01103	0.00953	0.01224	0.00743	0.00743	0.01891	0.01906	0.24535	0.50277	0.04161	0.04874	0.01203	0.00755	0.00210	0.00396	0.01045	0.00767	0.00792
45	0.01525	0.00768	0.01015	0.00986	0.01169	0.00698	0.00705	0.01669	0.01438	0.23802	0.03140	0.42592	0.03281	0.12495	0.01171	0.00307	0.00484	0.01388	0.00656	0.00711
46	0.01468	0.01468	0.02055	0.01762	0.01762	0.02055	0.01468	0.01615	0.01028	0.01615	0.00881	0.01468	0.00881	0.01174	0.02202	0.00294	0.75191	0.00587	0.00294	0.00734
47	0.01468	0.01468	0.02055	0.01762	0.01762	0.02055	0.01468	0.01615	0.01028	0.01615	0.00881	0.01468	0.00881	0.01174	0.02202	0.00294	0.75191	0.00587	0.00294	0.00734
48	0.01526	0.00815	0.01017	0.00908	0.01189	0.00711	0.00701	0.01753	0.01714	0.24132	0.20883	0.12532	0.26663	0.01394	0.00763	0.00222	0.00412	0.01190	0.00716	0.00760
49	0.01834	0.01102	0.01284	0.01116	0.01431	0.01138	0.00845	0.02663	0.28281	0.22993	0.06291	0.03147	0.04629	0.18658	0.01331	0.00320	0.00553	0.00831	0.00662	0.00893
50	0.01267	0.01193	0.02013	0.74806	0.04621	0.01491	0.01863	0.01714	0.01342	0.01714	0.01193	0.01789	0.00894	0.00671	0.00671	0.00224	0.00894	0.00596	0.00298	0.00745
51	0.00971	0.00669	0.00825	0.00825	0.00857	0.00701	0.00522	0.01035	0.01003	0.01370	0.02029	0.03921	0.02236	0.57319	0.22237	0.00765	0.00957	0.00907	0.00394	0.00458
52	0.00864	0.00660	0.00794	0.00808	0.00962	0.00589	0.00588	0.01083	0.01627	0.02157	0.33326	0.22168	0.28629	0.01657	0.00807	0.00231	0.00342	0.01447	0.00671	0.00589
53	0.37957	0.01097	0.01105	0.00944	0.01294	0.01143	0.00733	0.02143	0.01346	0.24354	0.01746	0.02237	0.01420	0.18476	0.01200	0.00312	0.00566	0.00604	0.00543	0.00781
54	0.01251	0.00625	0.00625	0.00625	0.00782	0.00625	0.00469	0.01563	0.01407	0.02502	0.02189	0.02502	0.01720	0.00782	0.00469	0.00156	0.00313	0.00625	0.80144	0.00625
55	0.62533	0.19022	0.01580	0.00945	0.01397	0.01775	0.00826	0.01981	0.01194	0.02674	0.00934	0.01087	0.00758	0.00611	0.00419	0.00193	0.00566	0.00362	0.00385	0.00758
56	0.01402	0.03081	0.56753	0.02127	0.03046	0.01591	0.18277	0.02131	0.01456	0.02131	0.01240	0.01509	0.00889	0.00621	0.00674	0.00216	0.01024	0.00565	0.00296	0.00971
57	0.01327	0.02936	0.56296	0.19019	0.03307	0.01542	0.02335	0.02029	0.01399	0.02029	0.01201	0.01504	0.00860	0.00645	0.00645	0.00215	0.00969	0.00519	0.00287	0.00934
58	0.01322	0.01301	0.01272	0.01231	0.01404	0.17944	0.00946	0.01546	0.01272	0.01577	0.01619	0.02301	0.01487	0.04014	0.56592	0.00866	0.01659	0.00652	0.00356	0.00641
59	0.01019	0.00728	0.01010	0.01165	0.01292	0.00719	0.00974	0.01283	0.01484	0.01939	0.03587	0.23624	0.03997	0.01912	0.00910	0.00300	0.00564	0.52273	0.00619	0.00601

[dist]
# distance from previous block
# <min> <max>
0	1

[block]
# block no. 2 follows, 32 sequences, length 85
# corresponding to MSA columns:
# 156-240
name=unknown_C
#
# <colnr> <probs for GDERKNQSTAVLIFYWHMCP>
#	G	D	E	R	K	N	Q	S	T	A	V	L	I	F	Y	W	H	M	C	P
0	0.00922	0.00658	0.00898	0.01054	0.01138	0.00635	0.00804	0.01115	0.01388	0.01830	0.03641	0.48913	0.04210	0.02004	0.00884	0.00287	0.00480	0.27945	0.00621	0.00574
1	0.01564	0.01352	0.02013	0.57853	0.04033	0.01627	0.01727	0.17515	0.01761	0.02296	0.01289	0.01748	0.00952	0.00702	0.00671	0.00218	0.00858	0.00598	0.00384	0.00837
2	0.01120	0.00600	0.00850	0.00847	0.00856	0.00597	0.00554	0.00913	0.00947	0.01272	0.05132	0.02617	0.01669	0.15445	0.02665	0.61982	0.00580	0.00686	0.00336	0.00330
3	0.01614	0.01643	0.03090	0.07493	0.46124	0.01622	0.24203	0.02070	0.01536	0.02152	0.01290	0.01716	0.01039	0.00591	0.00706	0.00209	0.00912	0.00661	0.00333	0.00994
4	0.06583	0.01356	0.01604	0.01283	0.01768	0.01374	0.01044	0.15667	0.18101	0.40268	0.02387	0.02149	0.01607	0.00834	0.00663	0.00211	0.00590	0.00665	0.00746	0.01102
5	0.00894	0.00692	0.00820	0.00813	0.01001	0.00618	0.00626	0.01144	0.01696	0.02225	0.35481	0.05932	0.35396	0.01570	0.00807	0.00228	0.00359	0.08423	0.00674	0.00602
6	0.47790	0.01082	0.00986	0.00923	0.01235	0.01195	0.00722	0.01817	0.05066	0.05262	0.12619	0.14648	0.02340	0.01016	0.00573	0.00220	0.00468	0.00793	0.00531	0.00714
7	0.00911	0.00649	0.00757	0.00803	0.00890	0.00611	0.00542	0.01028	0.01282	0.01687	0.07094	0.22768	0.19418	0.28867	0.01755	0.00393	0.00481	0.05636	0.03913	0.00512
8	0.01015	0.00782	0.00950	0.01034	0.01152	0.00805	0.00724	0.01543	0.17422	0.01966	0.03474	0.58978	0.03885	0.01826	0.00816	0.00262	0.00422	0.01642	0.00637	0.00665
9	0.01398	0.00758	0.00998	0.00984	0.01153	0.00702	0.00723	0.01571	0.01474	0.18206	0.10508	0.30742	0.03580	0.14798	0.01266	0.00322	0.00496	0.09001	0.00645	0.00677
10	0.01305	0.00809	0.01027	0.01049	0.01224	0.00786	0.00773	0.04067	0.07686	0.12533	0.03476	0.47703	0.06011	0.01725	0.00811	0.00258	0.00459	0.06929	0.00661	0.00709
11	0.05644	0.01318	0.01643	0.01264	0.01783	0.01258	0.01044	0.18665	0.02179	0.54410	0.02347	0.02086	0.01508	0.00817	0.00665	0.00206	0.00608	0.00647	0.00779	0.01127
12	0.00972	0.00666	0.00812	0.00812	0.00840	0.00694	0.00507	0.01027	0.01000	0.01360	0.02041	0.03985	0.02263	0.59900	0.19693	0.00750	0.00916	0.00916	0.00396	0.00451
13	0.00985	0.00691	0.00844	0.00824	0.01004	0.00617	0.00611	0.01222	0.01690	0.05821	0.37491	0.16192	0.26411	0.01559	0.00796	0.00225	0.00348	0.01356	0.00689	0.00625
14	0.00848	0.00632	0.00782	0.00848	0.00956	0.00574	0.00591	0.01019	0.01472	0.01947	0.20131	0.40966	0.20332	0.04543	0.00920	0.00261	0.00371	0.01600	0.00642	0.00565
15	0.62974	0.01239	0.01086	0.00937	0.01359	0.01368	0.00770	0.02175	0.01321	0.15727	0.04702	0.01499	0.01170	0.00697	0.00481	0.00208	0.00519	0.00462	0.00507	0.00798
16	0.01642	0.00840	0.00939	0.00826	0.01102	0.00800	0.00648	0.06916	0.01670	0.17604	0.03096	0.03119	0.14640	0.00964	0.00588	0.00184	0.00405	0.00781	0.42473	0.00764
17	0.01402	0.01146	0.01244	0.01169	0.01416	0.01285	0.00866	0.02612	0.44816	0.02309	0.02695	0.09033	0.02422	0.19701	0.01383	0.00340	0.00554	0.04164	0.00607	0.00838
18	0.01794	0.76823	0.03516	0.01148	0.01722	0.02655	0.01148	0.02009	0.01363	0.01579	0.00933	0.01076	0.00861	0.00574	0.00431	0.00144	0.00718	0.00359	0.00287	0.00861
19	0.02116	0.01638	0.01883	0.01702	0.09543	0.01749	0.01241	0.36570	0.18422	0.05460	0.01810	0.01815	0.01339	0.00769	0.00651	0.00194	0.00661	0.00615	0.00607	0.11214
20	0.01890	0.02084	0.02326	0.02846	0.34392	0.25977	0.04146	0.02186	0.01603	0.01932	0.01277	0.01825	0.01132	0.00762	0.00831	0.00208	0.09013	0.04323	0.00349	0.00900
21	0.01202	0.00994	0.01095	0.01059	0.01302	0.01055	0.00793	0.02136	0.32152	0.02322	0.11225	0.20648	0.18515	0.01410	0.00759	0.00236	0.00433	0.01218	0.00662	0.00787
22	0.01690	0.00946	0.01188	0.01020	0.01327	0.00898	0.00800	0.04592	0.09332	0.23576	0.37504	0.03890	0.08101	0.01159	0.00741	0.00212	0.00432	0.00994	0.00751	0.00845
23	0.33833	0.01280	0.01267	0.00984	0.01503	0.01219	0.00798	0.06227	0.01404	0.02653	0.01115	0.01283	0.00895	0.00568	0.00475	0.00150	0.00522	0.00397	0.00422	0.43003
24	0.25556	0.01394	0.01519	0.01429	0.09615	0.03471	0.01013	0.11160	0.01667	0.10873	0.04333	0.01613	0.01241	0.00669	0.00551	0.00176	0.00592	0.00505	0.00495	0.22129
25	0.13253	0.08593	0.05455	0.01678	0.02154	0.13484	0.14436	0.08262	0.17718	0.02441	0.01515	0.01653	0.01172	0.00729	0.00705	0.00209	0.04602	0.00586	0.00449	0.00907
26	0.00889	0.00657	0.00830	0.00843	0.00979	0.00598	0.00611	0.01127	0.01672	0.02283	0.42849	0.24667	0.16269	0.01624	0.00809	0.00230	0.00340	0.01436	0.00689	0.00598
27	0.00847	0.00629	0.00795	0.00896	0.00995	0.00577	0.00637	0.01011	0.01421	0.01861	0.11591	0.48748	0.18466	0.01922	0.00842	0.00259	0.00389	0.06913	0.00635	0.00565
28	0.19837	0.01205	0.01233	0.01019	0.01465	0.01182	0.00808	0.02123	0.18583	0.02501	0.04114	0.02283	0.09561	0.00792	0.00566	0.00174	0.00487	0.00619	0.00508	0.30938
29	0.01194	0.00654	0.00906	0.00902	0.00993	0.00617	0.00632	0.01166	0.01258	0.07856	0.13439	0.19870	0.06385	0.01961	0.01658	0.37992	0.00482	0.01040	0.00504	0.00493
30	0.02904	0.01313	0.01663	0.01275	0.01798	0.01239	0.01053	0.18711	0.02206	0.56854	0.02407	0.02128	0.01541	0.00825	0.00674	0.00206	0.00610	0.00658	0.00794	0.01142
31	0.00913	0.00633	0.00728	0.00781	0.00906	0.00580	0.00549	0.01093	0.01416	0.01953	0.10108	0.31312	0.23970	0.05868	0.00903	0.00253	0.00369	0.01407	0.15694	0.00566
32	0.04944	0.00668	0.00828	0.00934	0.01023	0.00650	0.00644	0.01128	0.04288	0.01914	0.09603	0.60758	0.06328	0.01900	0.00819	0.00261	0.00394	0.01705	0.00625	0.00584
33	0.00959	0.00719	0.01078	0.01078	0.01198	0.00839	0.00839	0.01198	0.01078	0.01558	0.01797	0.02636	0.01677	0.05032	0.73760	0.01078	0.01797	0.00719	0.00359	0.00599
34	0.02957	0.01227	0.01610	0.01234	0.01755	0.01113	0.01020	0.10993	0.02063	0.64773	0.02527	0.02206	0.01601	0.00828	0.00674	0.00207	0.00590	0.00667	0.00812	0.01142
35	0.01040	0.00698	0.00791	0.00787	0.00960	0.00618	0.00556	0.01175	0.01409	0.08291	0.04889	0.19172	0.38640	0.16374	0.01309	0.00317	0.00432	0.01356	0.00600	0.00584
36	0.01379	0.00936	0.01077	0.01000	0.01157	0.00964	0.00697	0.17032	0.01612	0.05121	0.02492	0.24998	0.02702	0.33572	0.01902	0.00415	0.00590	0.01155	0.00550	0.00649
37	0.02707	0.01628	0.01858	0.01425	0.01956	0.01708	0.01177	0.47284	0.02735	0.27534	0.01964	0.01840	0.01318	0.00814	0.00672	0.00203	0.00681	0.00628	0.00725	0.01141
38	0.03010	0.01142	0.01557	0.01194	0.01713	0.00986	0.00986	0.03270	0.01920	0.72698	0.02647	0.02284	0.01661	0.00830	0.00675	0.00208	0.00571	0.00675	0.00830	0.01142
39	0.01460	0.00804	0.00986	0.00885	0.01163	0.00698	0.00683	0.01682	0.01698	0.22178	0.19328	0.11429	0.31538	0.01419	0.00765	0.00222	0.00405	0.01207	0.00707	0.00743
40	0.00976	0.00651	0.00732	0.00732	0.00732	0.00651	0.00407	0.00976	0.00976	0.01301	0.02114	0.04391	0.02439	0.76419	0.03415	0.00651	0.00651	0.00976	0.00407	0.00407
41	0.01267	0.01193	0.02013	0.74806	0.04621	0.01491	0.01863	0.01714	0.01342	0.01714	0.01193	0.01789	0.00894	0.00671	0.00671	0.00224	0.00894	0.00596	0.00298	0.00745
42	0.03010	0.01142	0.01557	0.01194	0.01713	0.00986	0.00986	0.03270	0.01920	0.72698	0.02647	0.02284	0.01661	0.00830	0.00675	0.00208	0.00571	0.00675	0.00830	0.01142
43	0.40344	0.01112	0.01128	0.00962	0.01348	0.01156	0.00779	0.02178	0.01539	0.22781	0.17839	0.02338	0.02290	0.00855	0.00576	0.00208	0.00487	0.00649	0.00608	0.00823
44	0.01088	0.00653	0.00754	0.00754	0.00843	0.00676	0.00516	0.01266	0.01177	0.01856	0.02084	0.03257	0.01989	0.30794	0.15759	0.00525	0.00730	0.00779	0.33963	0.00536
45	0.00934	0.00667	0.00912	0.01067	0.01157	0.00645	0.00825	0.01136	0.01399	0.01843	0.03634	0.45775	0.04183	0.01992	0.00887	0.00289	0.00490	0.30964	0.00621	0.00577
46	0.01480	0.06414	0.36959	0.02304	0.03128	0.01679	0.34085	0.02131	0.01493	0.02109	0.01263	0.01584	0.00930	0.00600	0.00700	0.00215	0.01043	0.00628	0.00310	0.00944
47	0.01527	0.01458	0.02482	0.28179	0.49220	0.01559	0.01993	0.01942	0.01464	0.02029	0.01238	0.01704	0.01006	0.00623	0.00667	0.00208	0.00830	0.00597	0.00321	0.00955
48	0.01929	0.00900	0.01168	0.00977	0.01318	0.00792	0.00776	0.02197	0.01831	0.36068	0.25862	0.03786	0.13276	0.01130	0.00719	0.00209	0.00441	0.00955	0.04799	0.00867
49	0.00942	0.00673	0.00921	0.01076	0.01169	0.00652	0.00839	0.01149	0.01407	0.01852	0.03630	0.43792	0.04167	0.01985	0.00890	0.00290	0.00497	0.32872	0.00621	0.00579
50	0.01468	0.01468	0.02055	0.01762	0.01762	0.02055	0.01468	0.01615	0.01028	0.01615	0.00881	0.01468	0.00881	0.01174	0.02202	0.00294	0.75191	0.00587	0.00294	0.00734
51	0.00986	0.01457	0.21319	0.01112	0.01507	0.00858	0.01116	0.01347	0.01521	0.02052	0.17209	0.18246	0.25883	0.01412	0.00761	0.00228	0.00531	0.01210	0.00549	0.00696
52	0.01116	0.00861	0.01040	0.00965	0.01174	0.00873	0.00732	0.01798	0.17895	0.02718	0.55878	0.04432	0.05340	0.01265	0.00766	0.00215	0.00366	0.01108	0.00726	0.00732
53	0.14365	0.26493	0.29467	0.01479	0.02156	0.11914	0.01611	0.02141	0.01423	0.02025	0.01051	0.01227	0.00836	0.00622	0.00532	0.00184	0.00859	0.00422	0.00314	0.00878
54	0.62671	0.01273	0.01224	0.17989	0.02067	0.01502	0.00990	0.01913	0.01188	0.02711	0.00994	0.01252	0.00765	0.00634	0.00474	0.00211	0.00606	0.00417	0.00388	0.00731
55	0.01553	0.18861	0.02656	0.28343	0.32088	0.01803	0.01779	0.01926	0.01424	0.01882	0.01161	0.01571	0.00957	0.00618	0.00613	0.00195	0.00813	0.00542	0.00310	0.00904
56	0.63075	0.01262	0.01118	0.00954	0.01394	0.01385	0.00787	0.02273	0.01322	0.19137	0.01331	0.01366	0.00943	0.00671	0.00475	0.00208	0.00531	0.00435	0.00511	0.00823
57	0.02506	0.03198	0.01901	0.01729	0.02074	0.73725	0.01296	0.02679	0.01901	0.01642	0.01037	0.01210	0.00864	0.00691	0.00605	0.00173	0.01210	0.00432	0.00346	0.00778
58	0.01798	0.01170	0.01612	0.01841	0.17839	0.01169	0.01155	0.04529	0.15110	0.20390	0.02609	0.23147	0.02372	0.01153	0.00726	0.00228	0.00569	0.01022	0.00622	0.00938
59	0.00818	0.00584	0.00779	0.00934	0.00973	0.00545	0.00623	0.00934	0.01285	0.01713	0.03698	0.75981	0.04438	0.02102	0.00856	0.00273	0.00389	0.01908	0.00623	0.00545
60	0.01273	0.01182	0.01682	0.01500	0.01546	0.01590	0.01227	0.01456	0.01047	0.01593	0.01231	0.01914	0.01185	0.02649	0.29553	0.00594	0.47138	0.00638	0.00319	0.00682
61	0.02506	0.03198	0.01901	0.01729	0.02074	0.73725	0.01296	0.02679	0.01901	0.01642	0.01037	0.01210	0.00864	0.00691	0.00605	0.00173	0.01210	0.00432	0.00346	0.00778
62	0.01497	0.01535	0.01765	0.01545	0.01631	0.12007	0.01250	0.01687	0.01355	0.01868	0.17333	0.02251	0.02140	0.01151	0.01646	0.00257	0.47252	0.00710	0.00404	0.00717
63	0.01584	0.01810	0.03959	0.02828	0.03507	0.01697	0.69796	0.02149	0.01584	0.02149	0.01357	0.01810	0.01018	0.00566	0.00792	0.00226	0.01131	0.00792	0.00339	0.00905
64	0.01348	0.01287	0.01787	0.01549	0.01586	0.01726	0.01275	0.01534	0.01229	0.01864	0.17310	0.02288	0.02142	0.01220	0.01876	0.00274	0.57864	0.00732	0.00397	0.00711
65	0.00873	0.00627	0.00771	0.00853	0.00918	0.00589	0.00569	0.00985	0.01283	0.01688	0.07750	0.41280	0.13030	0.21409	0.01515	0.00363	0.00455	0.03951	0.00573	0.00520
66	0.00907	0.00638	0.00698	0.00746	0.00898	0.00573	0.00535	0.01093	0.01426	0.01941	0.04774	0.27010	0.34856	0.01611	0.00738	0.00225	0.00349	0.01385	0.19025	0.00573
67	0.70629	0.01376	0.01124	0.00971	0.01403	0.01582	0.00800	0.11084	0.01412	0.03174	0.01025	0.01160	0.00782	0.00647	0.00450	0.00207	0.00548	0.00396	0.00450	0.00782
68	0.01431	0.00868	0.01085	0.00957	0.01219	0.00820	0.00742	0.04004	0.07209	0.15913	0.45029	0.04331	0.11191	0.01247	0.00757	0.00213	0.00397	0.01076	0.00739	0.00772
69	0.01159	0.00716	0.00890	0.00895	0.01043	0.00661	0.00647	0.01319	0.01433	0.10369	0.11533	0.22347	0.16055	0.18962	0.01415	0.00341	0.00479	0.08517	0.00611	0.00607
70	0.01370	0.00765	0.00943	0.00901	0.01137	0.00668	0.00673	0.01550	0.01557	0.19850	0.06627	0.28807	0.29337	0.01604	0.00784	0.00237	0.00415	0.01387	0.00679	0.00708
71	0.00818	0.00584	0.00779	0.00934	0.00973	0.00545	0.00623	0.00934	0.01285	0.01713	0.03698	0.75981	0.04438	0.02102	0.00856	0.00273	0.00389	0.01908	0.00623	0.00545
72	0.01288	0.01064	0.01241	0.00942	0.01402	0.00833	0.00715	0.01522	0.01309	0.02000	0.01477	0.05307	0.01418	0.14722	0.01057	0.00210	0.00521	0.00573	0.00409	0.61988
73	0.00896	0.00665	0.00770	0.00767	0.00891	0.00609	0.00527	0.01057	0.01461	0.01925	0.25111	0.11389	0.25894	0.23300	0.01558	0.00349	0.00427	0.01269	0.00596	0.00539
74	0.01648	0.00811	0.01080	0.01004	0.01248	0.00723	0.00753	0.01850	0.01625	0.28142	0.13750	0.34466	0.07125	0.01501	0.00776	0.00237	0.00443	0.01322	0.00717	0.00780
75	0.01174	0.00845	0.00974	0.00955	0.01140	0.00871	0.00723	0.01705	0.17483	0.02081	0.09186	0.04254	0.16276	0.07524	0.01245	0.12788	0.00479	0.09871	0.09781	0.00645
76	0.00849	0.00648	0.00768	0.00807	0.00942	0.00580	0.00571	0.01027	0.01506	0.01962	0.21139	0.29211	0.29770	0.05920	0.00960	0.00262	0.00368	0.01507	0.00639	0.00566
77	0.00919	0.00667	0.00767	0.00790	0.00938	0.00594	0.00555	0.01070	0.01440	0.04294	0.12075	0.24417	0.34879	0.12110	0.01169	0.00295	0.00402	0.01439	0.00613	0.00566
78	0.04267	0.01308	0.01224	0.01067	0.01326	0.09028	0.00802	0.22122	0.01873	0.02633	0.01896	0.05593	0.01702	0.18333	0.01241	0.00293	0.00626	0.00725	0.23195	0.00746
79	0.62689	0.01800	0.17637	0.01121	0.01669	0.01518	0.01132	0.02008	0.01205	0.02806	0.00997	0.01166	0.00755	0.00626	0.00467	0.00209	0.00628	0.00394	0.00385	0.00788
80	0.01356	0.02944	0.56385	0.01700	0.02600	0.01405	0.02089	0.02024	0.01411	0.02139	0.01201	0.01411	0.00883	0.00605	0.00605	0.00186	0.00877	0.00473	0.00310	0.19395
81	0.11901	0.01437	0.17596	0.01140	0.01483	0.01023	0.01073	0.05232	0.01288	0.01957	0.02072	0.12258	0.07463	0.07600	0.03553	0.20388	0.00673	0.00817	0.00411	0.00635
82	0.01635	0.01366	0.01770	0.11294	0.19025	0.03562	0.01288	0.11229	0.16018	0.04256	0.01833	0.02481	0.01585	0.18254	0.01305	0.00312	0.00719	0.00716	0.00477	0.00875
83	0.01070	0.00735	0.00905	0.00850	0.01002	0.00701	0.00610	0.01383	0.05175	0.05284	0.45428	0.04711	0.08915	0.18711	0.01388	0.00314	0.00417	0.01125	0.00656	0.00620
84	0.00862	0.00611	0.00785	0.00889	0.00932	0.00587	0.00585	0.00968	0.01231	0.01646	0.05248	0.52627	0.05821	0.18280	0.05321	0.00394	0.00518	0.01609	0.00565	0.00521

[dist]
# distance from previous block
# <min> <max>
0	3

[block]
# block no. 3 follows, 32 sequences, length 62
# corresponding to MSA columns:
# 246-307
name=unknown_D
#
# <colnr> <probs for GDERKNQSTAVLIFYWHMCP>
#	G	D	E	R	K	N	Q	S	T	A	V	L	I	F	Y	W	H	M	C	P
0	0.01370	0.00993	0.01222	0.01219	0.01434	0.01032	0.00987	0.18559	0.01870	0.02476	0.03108	0.27398	0.03355	0.01667	0.00840	0.00270	0.00577	0.30261	0.00633	0.00727
1	0.01394	0.01086	0.01299	0.00982	0.01482	0.00845	0.00774	0.01683	0.01488	0.06388	0.11284	0.05958	0.01964	0.00725	0.00568	0.00131	0.00470	0.00609	0.00483	0.60388
2	0.01129	0.00913	0.01555	0.01378	0.01579	0.00915	0.14482	0.01343	0.01264	0.01708	0.02228	0.08923	0.02305	0.13415	0.18213	0.10009	0.00976	0.16638	0.00434	0.00596
3	0.02370	0.18138	0.02265	0.01562	0.02003	0.40904	0.01260	0.19527	0.02106	0.02282	0.01160	0.01283	0.00933	0.00696	0.00586	0.00174	0.00989	0.00460	0.00416	0.00887
4	0.01102	0.00917	0.01236	0.05397	0.15270	0.00874	0.00882	0.01283	0.01312	0.01736	0.03254	0.06488	0.22517	0.26658	0.01628	0.00356	0.00580	0.00995	0.00456	0.07060
5	0.07998	0.03490	0.06867	0.01312	0.01723	0.01557	0.01118	0.21283	0.23380	0.02877	0.02298	0.04939	0.04181	0.07320	0.00908	0.00259	0.00634	0.06345	0.00586	0.00923
6	0.01995	0.01400	0.01555	0.01371	0.04731	0.03839	0.01016	0.33444	0.02229	0.11119	0.02356	0.12303	0.05996	0.12204	0.01107	0.00278	0.00654	0.00883	0.00615	0.00903
7	0.01476	0.00947	0.01148	0.01078	0.01318	0.00933	0.00804	0.11180	0.07318	0.12650	0.07226	0.39092	0.06365	0.01523	0.00771	0.00238	0.00473	0.01338	0.00664	0.03458
8	0.01303	0.01759	0.19786	0.14853	0.11843	0.01472	0.01719	0.01719	0.01261	0.01824	0.01292	0.01822	0.01094	0.01813	0.18763	0.00439	0.15513	0.00599	0.00313	0.00812
9	0.01474	0.01249	0.01332	0.01219	0.01532	0.01413	0.00931	0.02923	0.53410	0.02494	0.03047	0.03101	0.09367	0.08324	0.04878	0.00313	0.00590	0.00846	0.00633	0.00924
10	0.01086	0.00592	0.00842	0.00865	0.00882	0.00580	0.00575	0.00893	0.00971	0.01284	0.01861	0.13116	0.05138	0.06635	0.02325	0.60259	0.00547	0.00838	0.00362	0.00348
11	0.01385	0.01485	0.03072	0.02303	0.02790	0.01422	0.49312	0.01819	0.01484	0.02015	0.01927	0.20511	0.01875	0.00980	0.00871	0.00241	0.04227	0.01064	0.00409	0.00807
12	0.01482	0.01114	0.01300	0.01159	0.01445	0.01176	0.00928	0.18975	0.12617	0.02994	0.33404	0.04159	0.04002	0.01232	0.00765	0.00226	0.00501	0.11003	0.00695	0.00824
13	0.01073	0.00602	0.00831	0.00840	0.00886	0.00577	0.00571	0.00895	0.01025	0.01323	0.02404	0.07253	0.15049	0.02195	0.02165	0.60231	0.00524	0.00822	0.00375	0.00360
14	0.81159	0.01298	0.00986	0.00882	0.01298	0.01505	0.00727	0.01972	0.01142	0.03010	0.00934	0.01090	0.00727	0.00623	0.00415	0.00208	0.00519	0.00363	0.00415	0.00727
15	0.01251	0.00625	0.00625	0.00625	0.00782	0.00625	0.00469	0.01563	0.01407	0.02502	0.02189	0.02502	0.01720	0.00782	0.00469	0.00156	0.00313	0.00625	0.80144	0.00625
16	0.00867	0.00605	0.00764	0.00871	0.00898	0.00578	0.00556	0.00947	0.01189	0.01585	0.03207	0.53758	0.03818	0.25171	0.01651	0.00390	0.00470	0.01618	0.00556	0.00502
17	0.00939	0.00675	0.00822	0.00791	0.00910	0.00631	0.00551	0.01144	0.01579	0.02171	0.43317	0.04994	0.12822	0.23963	0.01580	0.00345	0.00420	0.01166	0.00625	0.00557
18	0.01817	0.01374	0.01493	0.01314	0.01693	0.01542	0.01022	0.05626	0.56437	0.11041	0.02647	0.02558	0.01995	0.05325	0.00842	0.00249	0.00550	0.00756	0.00684	0.01036
19	0.01012	0.00701	0.00910	0.00849	0.01022	0.00642	0.00640	0.01321	0.01884	0.05020	0.66652	0.04984	0.09083	0.01368	0.00788	0.00212	0.00326	0.01204	0.00737	0.00647
20	0.81159	0.01298	0.00986	0.00882	0.01298	0.01505	0.00727	0.01972	0.01142	0.03010	0.00934	0.01090	0.00727	0.00623	0.00415	0.00208	0.00519	0.00363	0.00415	0.00727
