[name]
unknown

[dist]
# distance from previous block
# <min> <max>
0	38

[block]
# block no. 0 follows, 28 sequences, length 17
# corresponding to MSA columns:
# 38-54
name=unknown_A
#
# <colnr> <probs for GDERKNQSTAVLIFYWHMCP>
#	G	D	E	R	K	N	Q	S	T	A	V	L	I	F	Y	W	H	M	C	P
0	0.01771	0.01928	0.16656	0.01682	0.02205	0.03702	0.07494	0.07759	0.11377	0.10019	0.02711	0.06865	0.07718	0.01147	0.00893	0.00254	0.05397	0.08879	0.00573	0.00968
1	0.05207	0.09781	0.10651	0.12126	0.10332	0.01606	0.01513	0.08421	0.05993	0.08219	0.01981	0.13443	0.01774	0.00985	0.00704	0.00225	0.00749	0.00831	0.00506	0.04952
2	0.02070	0.15566	0.16675	0.01591	0.02261	0.05103	0.01539	0.23425	0.10144	0.03001	0.01581	0.01662	0.01199	0.00756	0.00647	0.00198	0.00817	0.00566	0.00513	0.10687
3	0.00911	0.00689	0.00842	0.00907	0.01040	0.00620	0.00641	0.01106	0.01627	0.02136	0.20363	0.37945	0.24613	0.01962	0.00891	0.00265	0.00387	0.01732	0.00704	0.00620
4	0.01543	0.00896	0.01201	0.01222	0.05628	0.00810	0.00850	0.01805	0.01831	0.18293	0.25769	0.19495	0.14702	0.01521	0.00834	0.00244	0.00461	0.01332	0.00749	0.00813
5	0.02163	0.01850	0.02238	0.01788	0.02263	0.07032	0.11092	0.24703	0.20040	0.05661	0.07083	0.02295	0.01881	0.00928	0.00860	0.00235	0.05408	0.00767	0.00636	0.01077
6	0.00894	0.00667	0.00832	0.00940	0.01041	0.00605	0.00648	0.01054	0.01517	0.01984	0.11190	0.52006	0.19774	0.02100	0.00905	0.00277	0.00402	0.01872	0.00687	0.00605
7	0.01056	0.00670	0.00787	0.00855	0.00910	0.00653	0.00550	0.01184	0.01298	0.01886	0.02998	0.32086	0.03334	0.28656	0.01858	0.00418	0.00507	0.01376	0.18365	0.00555
8	0.08578	0.01898	0.13009	0.22381	0.02975	0.05247	0.01674	0.07722	0.06756	0.09110	0.04385	0.01977	0.01385	0.00858	0.00884	0.00240	0.08851	0.00646	0.00475	0.00948
9	0.01600	0.01919	0.11458	0.07119	0.03095	0.01712	0.33410	0.05456	0.04219	0.02313	0.01769	0.10899	0.01568	0.00939	0.00995	0.00256	0.09001	0.00919	0.00423	0.00931
10	0.02422	0.01866	0.01989	0.01603	0.02124	0.02095	0.01299	0.44756	0.26713	0.04031	0.02179	0.02091	0.01587	0.00913	0.00732	0.00228	0.00720	0.00714	0.00732	0.01206
11	0.01084	0.00777	0.00956	0.00998	0.01153	0.00739	0.00714	0.01439	0.07431	0.04843	0.18508	0.39466	0.15398	0.01872	0.00878	0.00266	0.00417	0.01659	0.00716	0.00688
12	0.02880	0.01849	0.02066	0.01584	0.02161	0.01977	0.01308	0.52538	0.03105	0.19980	0.02008	0.01916	0.01368	0.00879	0.00728	0.00220	0.00757	0.00672	0.00768	0.01236
13	0.17587	0.04671	0.01708	0.01327	0.01803	0.06874	0.01082	0.16019	0.08037	0.18850	0.02339	0.02276	0.07246	0.00914	0.00716	0.00220	0.03005	0.00678	0.00641	0.04007
14	0.02370	0.18015	0.02313	0.01622	0.02039	0.44915	0.01290	0.06696	0.02024	0.02069	0.08712	0.01764	0.01610	0.00812	0.00643	0.00187	0.01060	0.00557	0.00431	0.00869
15	0.01524	0.01248	0.01580	0.07372	0.07287	0.01187	0.01046	0.08919	0.01637	0.02352	0.04655	0.04709	0.01795	0.16617	0.01358	0.00286	0.03085	0.00722	0.00471	0.32148
16	0.02355	0.05137	0.13744	0.01507	0.02053	0.16252	0.01375	0.06843	0.01951	0.25688	0.02523	0.08445	0.06925	0.01009	0.00724	0.00222	0.00827	0.00799	0.00613	0.01008

[dist]
# distance from previous block
# <min> <max>
0	1

[block]
# block no. 1 follows, 28 sequences, length 18
# corresponding to MSA columns:
# 56-67,70-75
name=unknown_B
#
# <colnr> <probs for GDERKNQSTAVLIFYWHMCP>
#	G	D	E	R	K	N	Q	S	T	A	V	L	I	F	Y	W	H	M	C	P
0	0.02154	0.18566	0.22582	0.01557	0.02256	0.01843	0.01613	0.10235	0.07775	0.18518	0.04664	0.01964	0.01529	0.00805	0.00665	0.00212	0.00795	0.00621	0.00554	0.01090
1	0.00975	0.00824	0.00953	0.00917	0.01108	0.00802	0.00700	0.01185	0.01664	0.02130	0.19260	0.10257	0.45220	0.01733	0.01029	0.00253	0.08256	0.01425	0.00662	0.00647
2	0.01689	0.01542	0.02508	0.20562	0.41251	0.01653	0.01968	0.07211	0.01693	0.02349	0.01442	0.01943	0.01186	0.01206	0.08406	0.00326	0.01002	0.00662	0.00383	0.01020
3	0.02323	0.01450	0.01931	0.01653	0.05372	0.01490	0.06519	0.20114	0.04745	0.22145	0.02298	0.02795	0.01787	0.04675	0.00967	0.00257	0.04021	0.06188	0.08225	0.01046
4	0.02907	0.01326	0.01691	0.01336	0.01846	0.01246	0.01086	0.15623	0.02264	0.50267	0.02774	0.10088	0.02017	0.01044	0.00752	0.00231	0.00632	0.00861	0.00842	0.01167
5	0.01703	0.08208	0.47424	0.01952	0.02850	0.01791	0.06291	0.05811	0.08938	0.05892	0.01575	0.01721	0.01134	0.00733	0.00694	0.00227	0.00972	0.00593	0.00409	0.01083
6	0.01960	0.16731	0.30240	0.01954	0.02752	0.06104	0.13067	0.06193	0.01759	0.10402	0.01477	0.01647	0.01078	0.00703	0.00681	0.00214	0.00987	0.00589	0.00417	0.01046
7	0.06832	0.02199	0.11018	0.02529	0.15690	0.09093	0.16980	0.15465	0.04267	0.02780	0.01495	0.01788	0.01154	0.00956	0.04297	0.00271	0.01033	0.00662	0.00451	0.01039
8	0.00951	0.00715	0.00893	0.01014	0.01125	0.00675	0.00724	0.01196	0.04446	0.01963	0.04592	0.50966	0.17149	0.02108	0.00914	0.00288	0.00444	0.08532	0.00677	0.00628
9	0.02116	0.02275	0.16637	0.02192	0.11789	0.08059	0.08056	0.15243	0.10005	0.10110	0.01808	0.02017	0.01358	0.04038	0.00858	0.00246	0.00903	0.00678	0.00529	0.01085
10	0.02045	0.01391	0.01956	0.10353	0.05442	0.04816	0.08418	0.08862	0.01969	0.20603	0.08566	0.08330	0.02513	0.01137	0.00805	0.00247	0.00760	0.10188	0.00645	0.00955
11	0.01246	0.00944	0.01414	0.12111	0.12391	0.00949	0.01132	0.01486	0.01501	0.06212	0.03333	0.43545	0.07498	0.01683	0.00849	0.00268	0.00580	0.01520	0.00588	0.00751
12	0.01487	0.01688	0.16444	0.01422	0.01849	0.01304	0.01328	0.15181	0.05255	0.02651	0.09397	0.18827	0.02735	0.02108	0.14466	0.00424	0.00936	0.01053	0.00567	0.00878
13	0.14055	0.05164	0.08112	0.10102	0.17448	0.01776	0.13628	0.07787	0.05878	0.06965	0.01526	0.01792	0.01151	0.00712	0.00692	0.00227	0.00868	0.00642	0.00453	0.01022
14	0.01829	0.15833	0.02217	0.01458	0.01917	0.09320	0.03686	0.08411	0.06524	0.02356	0.03663	0.04388	0.01584	0.00892	0.00838	0.00197	0.08898	0.04109	0.00469	0.21410
15	0.01738	0.12601	0.15393	0.01484	0.02182	0.08825	0.04281	0.04328	0.01640	0.02273	0.01260	0.01471	0.01018	0.00616	0.00590	0.00156	0.00796	0.00476	0.00391	0.38482
16	0.35409	0.02010	0.05561	0.01367	0.01872	0.15151	0.01155	0.11816	0.04186	0.12974	0.01495	0.01550	0.01086	0.00762	0.00594	0.00218	0.00779	0.00518	0.00542	0.00957
17	0.01623	0.01193	0.01510	0.07243	0.09294	0.01241	0.01018	0.15238	0.01749	0.04897	0.04789	0.03364	0.02121	0.35689	0.02131	0.00446	0.00738	0.00864	0.00513	0.04340

[dist]
# distance from previous block
# <min> <max>
0	5

[block]
# block no. 2 follows, 28 sequences, length 11
# corresponding to MSA columns:
# 81-91
name=unknown_C
#
# <colnr> <probs for GDERKNQSTAVLIFYWHMCP>
#	G	D	E	R	K	N	Q	S	T	A	V	L	I	F	Y	W	H	M	C	P
0	0.01324	0.00822	0.01023	0.00967	0.01216	0.00749	0.00747	0.01569	0.01725	0.13268	0.18085	0.10380	0.29305	0.02122	0.09988	0.00366	0.00626	0.04282	0.00700	0.00735
1	0.04925	0.02023	0.17690	0.07947	0.26108	0.01574	0.09355	0.02287	0.04281	0.07112	0.05580	0.04652	0.01618	0.00799	0.00735	0.00230	0.00872	0.00739	0.00439	0.01033
2	0.01834	0.13113	0.01679	0.01159	0.01526	0.01405	0.00938	0.06835	0.14558	0.13945	0.02971	0.15353	0.07374	0.01177	0.00699	0.00223	0.00551	0.00977	0.12759	0.00922
3	0.00920	0.00670	0.00875	0.01025	0.01105	0.00625	0.00726	0.01079	0.01456	0.01908	0.04338	0.58461	0.11517	0.02197	0.00930	0.00295	0.00448	0.10147	0.00674	0.00603
4	0.00939	0.00674	0.00808	0.00892	0.00954	0.00633	0.00575	0.01032	0.01323	0.01723	0.03989	0.39425	0.14921	0.26549	0.01851	0.00425	0.00508	0.01637	0.00596	0.00544
5	0.01676	0.01308	0.02140	0.14962	0.22309	0.01333	0.06720	0.02109	0.03997	0.11029	0.05649	0.13562	0.02336	0.01108	0.00797	0.00248	0.00760	0.06486	0.00533	0.00939
6	0.00922	0.00708	0.00818	0.00849	0.01002	0.00632	0.00599	0.01105	0.01610	0.02076	0.18906	0.23374	0.33110	0.09544	0.01176	0.00303	0.00412	0.01573	0.00676	0.00605
7	0.00993	0.00787	0.00901	0.00897	0.01099	0.00727	0.00663	0.01366	0.07011	0.02339	0.26587	0.17057	0.33460	0.01730	0.00860	0.00248	0.00385	0.01494	0.00721	0.00675
8	0.01475	0.01152	0.01511	0.01349	0.01632	0.01181	0.06147	0.14932	0.07789	0.02774	0.15763	0.22007	0.06367	0.03897	0.00948	0.00275	0.00596	0.08699	0.00682	0.00823
9	0.10531	0.10891	0.05422	0.01774	0.12528	0.01549	0.01291	0.04500	0.01609	0.11429	0.06909	0.04518	0.04987	0.01621	0.11348	0.00365	0.06566	0.00743	0.00505	0.00914
10	0.08711	0.01338	0.01518	0.01164	0.01742	0.01181	0.00933	0.02445	0.12641	0.12593	0.01775	0.01820	0.01346	0.00678	0.00592	0.00158	0.00558	0.00536	0.00553	0.47719

[dist]
# distance from previous block
# <min> <max>
2	21

[block]
# block no. 3 follows, 28 sequences, length 48
# corresponding to MSA columns:
# 113-160
name=unknown_D
#
# <colnr> <probs for GDERKNQSTAVLIFYWHMCP>
#	G	D	E	R	K	N	Q	S	T	A	V	L	I	F	Y	W	H	M	C	P
0	0.02314	0.11121	0.11459	0.01677	0.02261	0.20012	0.01496	0.24321	0.09364	0.02939	0.01544	0.01627	0.01176	0.00782	0.00665	0.00202	0.00929	0.00566	0.00517	0.05030
1	0.01620	0.01211	0.01482	0.11369	0.02037	0.01231	0.01067	0.15526	0.05101	0.06653	0.06658	0.17166	0.12899	0.01275	0.00770	0.00228	0.00601	0.01087	0.00626	0.11393
2	0.02161	0.20078	0.14976	0.01658	0.02206	0.16331	0.01568	0.06349	0.05740	0.10228	0.01459	0.01601	0.01131	0.00817	0.00867	0.00215	0.10636	0.00547	0.00444	0.00988
3	0.01234	0.00779	0.00987	0.00944	0.01151	0.00699	0.00703	0.01498	0.01857	0.10533	0.37269	0.18347	0.17956	0.01635	0.00856	0.00244	0.00395	0.01430	0.00764	0.00719
4	0.01694	0.01684	0.03096	0.25487	0.23776	0.01759	0.23289	0.06030	0.01716	0.02327	0.01400	0.01893	0.01083	0.00675	0.00767	0.00234	0.01011	0.00716	0.00373	0.00992
5	0.01213	0.01129	0.01967	0.01657	0.01974	0.01071	0.21432	0.01630	0.05742	0.02109	0.03622	0.34093	0.12699	0.01602	0.00889	0.00272	0.00687	0.04875	0.00583	0.00754
6	0.02221	0.01066	0.01389	0.01158	0.01498	0.01005	0.00903	0.09579	0.01894	0.31129	0.11527	0.02980	0.06212	0.01473	0.01330	0.21653	0.00591	0.00820	0.00695	0.00876
7	0.17017	0.01205	0.01304	0.01132	0.01499	0.01179	0.00883	0.08189	0.01998	0.17147	0.19049	0.03721	0.12543	0.01221	0.00767	0.00251	0.00547	0.00953	0.08454	0.00942
8	0.02343	0.01088	0.01367	0.01156	0.01550	0.01016	0.00929	0.06976	0.04159	0.36732	0.03091	0.09612	0.05596	0.01134	0.00730	0.00229	0.00548	0.04971	0.15776	0.01000
9	0.00859	0.00736	0.00736	0.00736	0.00982	0.00614	0.00552	0.01043	0.01657	0.01964	0.07364	0.06996	0.69624	0.01841	0.00859	0.00245	0.00368	0.01534	0.00675	0.00614
10	0.01507	0.01088	0.01337	0.01202	0.01400	0.01243	0.00933	0.14949	0.01673	0.02434	0.01934	0.02748	0.01739	0.13121	0.27532	0.00641	0.08279	0.00760	0.14721	0.00759
11	0.00923	0.00704	0.00810	0.00875	0.01006	0.00637	0.00613	0.01066	0.01465	0.01844	0.05140	0.28440	0.32356	0.14924	0.01397	0.00349	0.00465	0.05775	0.00633	0.00579
12	0.01799	0.01727	0.02950	0.04462	0.69919	0.01727	0.02231	0.02231	0.01655	0.02375	0.01367	0.01799	0.01151	0.00648	0.00720	0.00216	0.00864	0.00648	0.00360	0.01151
13	0.02583	0.03250	0.02072	0.08877	0.02520	0.64622	0.01465	0.02799	0.02000	0.01787	0.01140	0.01373	0.00940	0.00747	0.00662	0.00193	0.01277	0.00486	0.00369	0.00839
14	0.01147	0.00933	0.01132	0.08127	0.01504	0.04955	0.00845	0.01312	0.01253	0.01647	0.02336	0.16648	0.02521	0.27415	0.24287	0.00700	0.01108	0.01083	0.00453	0.00595
15	0.01006	0.00813	0.00903	0.00868	0.01101	0.00748	0.00654	0.01416	0.07857	0.02403	0.29281	0.06046	0.40998	0.01636	0.00848	0.00240	0.00378	0.01391	0.00726	0.00688
16	0.01611	0.01753	0.09337	0.26165	0.40183	0.01653	0.02157	0.02077	0.01556	0.02166	0.01333	0.01831	0.01073	0.00736	0.00785	0.02689	0.00911	0.00636	0.00341	0.01006
17	0.02289	0.01650	0.02241	0.20286	0.20644	0.06467	0.01683	0.11937	0.02001	0.20905	0.01791	0.01975	0.01278	0.00775	0.00721	0.00223	0.00846	0.00658	0.00550	0.01078
18	0.01991	0.02009	0.01974	0.09863	0.11372	0.22214	0.01435	0.13473	0.02030	0.02474	0.08378	0.10561	0.02067	0.01044	0.00854	0.00228	0.05801	0.00829	0.00502	0.00900
19	0.01246	0.00706	0.00923	0.00897	0.00970	0.00678	0.00599	0.01165	0.01220	0.05201	0.08641	0.03754	0.09861	0.21868	0.02557	0.37273	0.00594	0.00917	0.00466	0.00466
20	0.01889	0.52145	0.03234	0.01391	0.01850	0.06729	0.01290	0.02110	0.01439	0.01769	0.01069	0.01334	0.00981	0.00773	0.00873	0.00191	0.15617	0.00458	0.03971	0.00887
21	0.01698	0.01292	0.01583	0.01368	0.01733	0.01347	0.04946	0.15599	0.17199	0.06540	0.12722	0.08936	0.13012	0.01324	0.00817	0.00249	0.00598	0.07395	0.00711	0.00931
22	0.02151	0.25032	0.09319	0.01516	0.02127	0.16368	0.01382	0.16050	0.02017	0.02503	0.01267	0.01414	0.01021	0.00693	0.00595	0.00174	0.00879	0.00483	0.00432	0.14576
23	0.09086	0.01775	0.20578	0.01482	0.05009	0.01189	0.01371	0.01854	0.05402	0.02255	0.01980	0.14373	0.01891	0.01258	0.00983	0.10795	0.00693	0.02986	0.04984	0.10057
24	0.09662	0.06021	0.22305	0.01924	0.02641	0.01903	0.13416	0.23461	0.02156	0.03107	0.01582	0.02013	0.01233	0.00808	0.00716	0.00231	0.00923	0.04359	0.00490	0.01051
25	0.01672	0.01940	0.12576	0.01950	0.02357	0.04113	0.15517	0.09857	0.01611	0.02248	0.01462	0.02190	0.01302	0.11660	0.05404	0.00373	0.21764	0.00733	0.00400	0.00873
26	0.55681	0.01176	0.01006	0.00968	0.01301	0.01319	0.00754	0.01813	0.01317	0.02887	0.05188	0.19884	0.02111	0.01122	0.00592	0.00243	0.00516	0.00864	0.00524	0.00732
27	0.51349	0.01709	0.11944	0.01172	0.01722	0.01493	0.01108	0.02227	0.01390	0.09630	0.01407	0.05012	0.01126	0.00771	0.00544	0.00222	0.00639	0.00535	0.00482	0.05517
28	0.01062	0.00736	0.00902	0.00931	0.01068	0.00681	0.00668	0.01248	0.01578	0.04616	0.18309	0.21925	0.18637	0.16273	0.01449	0.00353	0.00482	0.07801	0.00663	0.00618
29	0.02469	0.01964	0.02120	0.01924	0.09652	0.06806	0.01404	0.47761	0.05400	0.03875	0.01857	0.06084	0.01472	0.00926	0.00728	0.00220	0.00799	0.00732	0.02663	0.01144
30	0.01819	0.17596	0.21930	0.01967	0.09191	0.09684	0.05540	0.06119	0.01730	0.02296	0.03586	0.01626	0.01202	0.00690	0.00638	0.00191	0.00908	0.00546	0.00384	0.12357
31	0.05994	0.26947	0.02763	0.01586	0.02073	0.06217	0.07010	0.08671	0.04857	0.10357	0.01440	0.01609	0.01141	0.00809	0.00898	0.00212	0.12688	0.00563	0.00462	0.03705
32	0.01492	0.19824	0.01834	0.01210	0.01507	0.09744	0.00958	0.01921	0.10681	0.01982	0.03087	0.30909	0.09199	0.01461	0.00747	0.00236	0.00633	0.01234	0.00556	0.00785
33	0.01541	0.01349	0.02155	0.50772	0.08040	0.01586	0.04853	0.07967	0.01668	0.02258	0.01468	0.02000	0.01111	0.00744	0.00708	0.00230	0.00888	0.00660	0.09141	0.00861
34	0.01610	0.11365	0.01913	0.08878	0.01998	0.09797	0.01207	0.02055	0.09129	0.03754	0.09039	0.03154	0.15743	0.01161	0.01068	0.00239	0.15706	0.00855	0.00504	0.00824
35	0.01130	0.00834	0.01182	0.01109	0.01297	0.00762	0.06803	0.01313	0.01501	0.05975	0.06586	0.32220	0.20734	0.13519	0.01336	0.00337	0.00537	0.01549	0.00626	0.00650
36	0.00898	0.00731	0.00795	0.00793	0.01009	0.00628	0.00589	0.01114	0.01729	0.02167	0.20849	0.10782	0.51804	0.01790	0.00863	0.00245	0.00366	0.01519	0.00703	0.00628
37	0.01728	0.01766	0.06017	0.13195	0.58385	0.01711	0.02225	0.02186	0.01623	0.02304	0.01355	0.01805	0.01117	0.00660	0.00719	0.00220	0.00887	0.00642	0.00353	0.01103
38	0.12300	0.01912	0.13993	0.01596	0.02062	0.01752	0.05339	0.17821	0.01873	0.02945	0.01505	0.01789	0.01169	0.00876	0.00991	0.00234	0.15582	0.00611	0.14711	0.00940
39	0.09277	0.01569	0.01311	0.01232	0.01387	0.18817	0.00882	0.01706	0.01396	0.01796	0.02128	0.09888	0.05375	0.29386	0.02049	0.00419	0.09383	0.00913	0.00444	0.00641
40	0.00982	0.00666	0.00794	0.00887	0.00999	0.00616	0.00617	0.01171	0.01494	0.02090	0.06716	0.43965	0.16759	0.01871	0.00826	0.00257	0.00392	0.01652	0.16629	0.00616
41	0.00966	0.00719	0.00912	0.00999	0.01137	0.00665	0.00752	0.01191	0.01639	0.02153	0.17570	0.32169	0.19486	0.01970	0.00914	0.00279	0.00445	0.14706	0.00698	0.00630
42	0.01790	0.01486	0.01607	0.01521	0.05553	0.10745	0.01125	0.07540	0.01836	0.09143	0.14261	0.06804	0.09005	0.01201	0.01083	0.00239	0.15494	0.00911	0.07810	0.00845
43	0.01449	0.00891	0.01111	0.01078	0.01284	0.00870	0.00801	0.05524	0.04816	0.11981	0.10240	0.27897	0.08224	0.08616	0.04858	0.00350	0.00586	0.05066	0.03603	0.00755
44	0.01162	0.00922	0.01212	0.08210	0.01660	0.01004	0.00947	0.01756	0.14611	0.02193	0.11629	0.30314	0.03611	0.02380	0.14464	0.00440	0.00789	0.01337	0.00614	0.00745
45	0.00951	0.00686	0.00914	0.01072	0.01155	0.00649	0.00784	0.01129	0.01473	0.01936	0.04165	0.54740	0.08429	0.02189	0.00942	0.00302	0.00476	0.16724	0.00674	0.00610
46	0.02314	0.17433	0.09116	0.01746	0.05708	0.27350	0.01456	0.06835	0.01917	0.10223	0.01583	0.01953	0.01292	0.00816	0.00653	0.00201	0.00968	0.04363	0.03115	0.00957
47	0.05941	0.01393	0.01571	0.01394	0.04227	0.01489	0.01062	0.14815	0.18589	0.05516	0.08629	0.02711	0.06291	0.00983	0.00794	0.00217	0.05042	0.00775	0.08341	0.10220

[dist]
# distance from previous block
# <min> <max>
0	5

[block]
# block no. 4 follows, 28 sequences, length 38
# corresponding to MSA columns:
# 166-203
name=unknown_E
#
# <colnr> <probs for GDERKNQSTAVLIFYWHMCP>
#	G	D	E	R	K	N	Q	S	T	A	V	L	I	F	Y	W	H	M	C	P
0	0.01741	0.10766	0.06572	0.01208	0.01764	0.05362	0.01063	0.07711	0.01786	0.08010	0.02763	0.02771	0.16287	0.00919	0.00650	0.00177	0.00642	0.00724	0.00523	0.28562
1	0.01817	0.08505	0.02944	0.05809	0.39924	0.04367	0.11405	0.02298	0.04602	0.04567	0.01610	0.05967	0.01389	0.00764	0.00727	0.00221	0.00882	0.00740	0.00409	0.01053
2	0.01972	0.01623	0.01874	0.08389	0.02279	0.10150	0.06201	0.11774	0.05232	0.10645	0.02430	0.03149	0.06553	0.01013	0.00747	0.00221	0.00786	0.10222	0.00575	0.14164
3	0.00928	0.00706	0.00855	0.00887	0.01042	0.00632	0.00639	0.01152	0.01718	0.02272	0.28663	0.27468	0.26703	0.01850	0.00880	0.00255	0.00376	0.01622	0.00720	0.00632
4	0.02043	0.14023	0.06403	0.01879	0.02455	0.01651	0.23530	0.02493	0.04004	0.19634	0.01897	0.02267	0.01463	0.07674	0.05072	0.00319	0.00957	0.00741	0.00513	0.00981
5	0.01942	0.01542	0.02099	0.15329	0.17377	0.01635	0.01569	0.20979	0.04623	0.05890	0.01916	0.05084	0.01629	0.00931	0.00743	0.00227	0.00778	0.06906	0.00545	0.08254
6	0.01566	0.01699	0.03598	0.02644	0.03245	0.01632	0.52588	0.02100	0.01595	0.02187	0.01576	0.02159	0.01261	0.01684	0.16511	0.00449	0.01385	0.00840	0.00372	0.00907
7	0.00926	0.00670	0.00839	0.00933	0.01011	0.00622	0.00627	0.01069	0.01462	0.01942	0.12693	0.46646	0.12822	0.12640	0.01314	0.00340	0.00446	0.01755	0.00657	0.00584
8	0.11599	0.01915	0.21527	0.01602	0.05917	0.01315	0.01489	0.02414	0.04009	0.20728	0.02030	0.05938	0.01619	0.06859	0.07559	0.00355	0.00877	0.00730	0.00541	0.00977
9	0.01918	0.15257	0.41802	0.01806	0.02665	0.05841	0.02081	0.09462	0.01808	0.08732	0.01437	0.01570	0.01039	0.00721	0.00659	0.00213	0.00966	0.00539	0.00412	0.01070
10	0.02134	0.01113	0.01370	0.01186	0.01592	0.01047	0.00962	0.02697	0.13199	0.32799	0.04168	0.04396	0.19712	0.01296	0.00800	0.00248	0.00553	0.08953	0.00786	0.00991
11	0.00886	0.00633	0.00843	0.01012	0.01054	0.00590	0.00675	0.01012	0.01392	0.01856	0.04006	0.73979	0.04808	0.02277	0.00928	0.00295	0.00422	0.02066	0.00675	0.00590
12	0.01438	0.01269	0.10064	0.01285	0.01562	0.01026	0.01111	0.01782	0.03994	0.11688	0.10244	0.28645	0.03485	0.06244	0.01170	0.00299	0.07153	0.06122	0.00628	0.00789
13	0.01133	0.00909	0.01338	0.10730	0.01848	0.01050	0.01129	0.01418	0.01352	0.01845	0.02629	0.08554	0.06170	0.03366	0.33358	0.00695	0.06739	0.14589	0.00469	0.00680
14	0.00896	0.00707	0.00812	0.00877	0.01043	0.00623	0.00638	0.01078	0.01588	0.01992	0.09513	0.30211	0.39826	0.01982	0.00891	0.00267	0.00403	0.05360	0.00682	0.00613
15	0.05888	0.01521	0.01706	0.01355	0.01798	0.01599	0.01072	0.34532	0.02478	0.19655	0.02104	0.02562	0.01663	0.17158	0.01374	0.00328	0.00725	0.00750	0.00693	0.01040
16	0.08764	0.11973	0.29149	0.02195	0.17260	0.01684	0.01891	0.02093	0.01598	0.02398	0.10304	0.02192	0.03924	0.00811	0.00672	0.00217	0.00824	0.00661	0.00408	0.00981
17	0.01465	0.05801	0.01641	0.20435	0.02358	0.01347	0.01173	0.05102	0.10403	0.05090	0.05030	0.06933	0.02115	0.16527	0.11068	0.00459	0.00903	0.00869	0.00496	0.00787
18	0.02012	0.47069	0.09983	0.01443	0.02043	0.11335	0.01401	0.08349	0.01719	0.02046	0.01183	0.01384	0.01017	0.00977	0.05077	0.00238	0.00952	0.00464	0.00363	0.00946
19	0.01006	0.00705	0.00797	0.00811	0.00865	0.00677	0.00495	0.01067	0.01243	0.01625	0.06812	0.11854	0.14414	0.51394	0.02803	0.00563	0.00602	0.01249	0.00522	0.00497
20	0.01653	0.01329	0.01516	0.01115	0.01708	0.01106	0.00895	0.10197	0.01753	0.02683	0.01451	0.01650	0.01171	0.00610	0.00560	0.00128	0.00553	0.00482	0.07786	0.61655
21	0.01499	0.17727	0.09420	0.01391	0.01743	0.01684	0.01252	0.06465	0.05375	0.02201	0.08165	0.18954	0.02530	0.01542	0.05496	0.00302	0.11926	0.00988	0.00500	0.00840
22	0.06180	0.16048	0.16460	0.08150	0.02386	0.08616	0.01570	0.09229	0.05541	0.02325	0.01450	0.01766	0.01176	0.01509	0.12154	0.00367	0.03161	0.00575	0.00408	0.00929
23	0.01139	0.00702	0.01011	0.01060	0.01122	0.00726	0.00777	0.01132	0.01178	0.01590	0.02243	0.12404	0.02389	0.07195	0.17562	0.34389	0.00907	0.11542	0.00442	0.00489
24	0.01826	0.31732	0.13882	0.01407	0.02080	0.10638	0.01384	0.02181	0.01568	0.02018	0.01159	0.01349	0.00975	0.00623	0.00549	0.00157	0.00819	0.00436	0.00355	0.24861
25	0.01434	0.08127	0.10702	0.01439	0.01778	0.01477	0.03397	0.02000	0.11226	0.03789	0.01869	0.02568	0.01663	0.11652	0.25028	0.00610	0.09244	0.00739	0.00435	0.00821
26	0.01440	0.00843	0.01080	0.01070	0.01267	0.00785	0.00779	0.05339	0.01726	0.14619	0.10991	0.44345	0.09176	0.01827	0.00868	0.00267	0.00467	0.01621	0.00732	0.00757
27	0.00889	0.00664	0.00830	0.00958	0.01053	0.00604	0.00663	0.01037	0.01464	0.01892	0.04792	0.55922	0.20061	0.02165	0.00914	0.00285	0.00418	0.04116	0.00675	0.00599
28	0.05714	0.01007	0.01179	0.01051	0.01345	0.00933	0.00781	0.06121	0.01565	0.02304	0.08418	0.19131	0.02878	0.13886	0.04914	0.00342	0.00621	0.03862	0.00551	0.23399
29	0.01358	0.06700	0.13569	0.01226	0.01562	0.03293	0.01115	0.05561	0.01485	0.02080	0.05833	0.06122	0.02163	0.20022	0.17109	0.00544	0.01007	0.00838	0.07676	0.00737
30	0.00915	0.00709	0.00839	0.00910	0.01068	0.00634	0.00669	0.01107	0.01600	0.02033	0.11578	0.31063	0.34162	0.01981	0.00898	0.00270	0.00414	0.07845	0.00686	0.00617
31	0.01623	0.06163	0.06138	0.01454	0.01888	0.01459	0.09095	0.17034	0.07063	0.02823	0.14233	0.07228	0.13986	0.05395	0.00951	0.00259	0.00676	0.01023	0.00616	0.00893
32	0.01435	0.01320	0.04480	0.05459	0.13035	0.01288	0.10557	0.01964	0.07775	0.05099	0.02558	0.02964	0.10225	0.02513	0.25379	0.00560	0.01203	0.00852	0.00467	0.00868
33	0.05798	0.01134	0.01256	0.04577	0.10418	0.07458	0.00940	0.01640	0.01477	0.02173	0.02444	0.22470	0.02501	0.10353	0.01070	0.00285	0.00608	0.01071	0.21613	0.00714
34	0.01454	0.01133	0.01573	0.01431	0.01519	0.01408	0.01128	0.01626	0.01257	0.08086	0.01992	0.14437	0.02032	0.09274	0.17426	0.00530	0.31542	0.00957	0.00459	0.00736
35	0.01264	0.00980	0.01137	0.01069	0.01352	0.00910	0.00817	0.10283	0.01789	0.02373	0.04179	0.27095	0.21731	0.01655	0.00826	0.00244	0.00502	0.07793	0.00642	0.13358
36	0.05326	0.11072	0.02188	0.04107	0.02143	0.10923	0.01287	0.37112	0.02660	0.06448	0.08125	0.01991	0.01701	0.00873	0.00688	0.00209	0.00807	0.00655	0.00620	0.01063
37	0.01848	0.42488	0.09076	0.01350	0.01959	0.08210	0.01298	0.02311	0.07766	0.01992	0.01544	0.01656	0.04086	0.00715	0.00555	0.00171	0.00782	0.00505	0.00388	0.11302

[dist]
# distance from previous block
# <min> <max>
0	206

[block]
# block no. 5 follows, 28 sequences, length 27
# corresponding to MSA columns:
# 448-474
name=unknown_F
#
# <colnr> <probs for GDERKNQSTAVLIFYWHMCP>
#	G	D	E	R	K	N	Q	S	T	A	V	L	I	F	Y	W	H	M	C	P
0	0.05942	0.09542	0.01859	0.01878	0.16301	0.01315	0.02824	0.01626	0.01384	0.02001	0.04265	0.12734	0.02137	0.06376	0.25964	0.00584	0.01139	0.00903	0.00435	0.00790
1	0.01006	0.00859	0.04962	0.00974	0.01075	0.00713	0.00699	0.01148	0.01341	0.01822	0.10679	0.33663	0.03933	0.31456	0.02033	0.00450	0.00566	0.01479	0.00572	0.00569
2	0.01564	0.01710	0.06439	0.35013	0.15431	0.04864	0.15657	0.02064	0.01611	0.02128	0.05365	0.02074	0.01372	0.00733	0.00755	0.00234	0.00989	0.00716	0.00368	0.00912
3	0.01635	0.05538	0.06427	0.19523	0.11992	0.04530	0.17328	0.04168	0.08728	0.02256	0.01799	0.09499	0.01563	0.00878	0.00761	0.00237	0.00922	0.00839	0.00432	0.00942
4	0.01616	0.01415	0.02382	0.03073	0.38656	0.01399	0.07519	0.01989	0.01598	0.06213	0.02338	0.05083	0.09286	0.01627	0.12178	0.00379	0.00984	0.00843	0.00444	0.00979
5	0.01366	0.01244	0.09135	0.01207	0.01520	0.01004	0.01053	0.06581	0.03923	0.06880	0.15286	0.12779	0.10621	0.07720	0.08670	0.00389	0.00738	0.08478	0.00626	0.00779
6	0.10909	0.01465	0.05435	0.01514	0.05313	0.01424	0.03324	0.13482	0.01911	0.15154	0.02671	0.02959	0.10763	0.01231	0.03694	0.00274	0.07022	0.04048	0.06462	0.00946
7	0.02797	0.01422	0.01729	0.01374	0.01898	0.01404	0.01119	0.14931	0.15068	0.42988	0.02865	0.02571	0.04494	0.00949	0.00737	0.00229	0.00633	0.00767	0.00829	0.01195
8	0.00939	0.00664	0.00875	0.01023	0.01074	0.00632	0.00703	0.01074	0.01384	0.01839	0.03783	0.58219	0.04478	0.10882	0.01268	0.00349	0.00484	0.09104	0.00646	0.00581
9	0.10964	0.12824	0.12545	0.09797	0.17701	0.01876	0.01694	0.10595	0.04879	0.06169	0.01483	0.01704	0.01136	0.00725	0.00643	0.00214	0.00809	0.00577	0.02635	0.01030
10	0.00952	0.00734	0.00877	0.00912	0.01092	0.00659	0.00692	0.01190	0.01724	0.02235	0.23449	0.18218	0.32559	0.01840	0.00890	0.00261	0.00410	0.09961	0.00709	0.00637
11	0.00994	0.00735	0.00875	0.00922	0.01032	0.00700	0.00631	0.01225	0.04569	0.01977	0.13258	0.29295	0.16858	0.19871	0.01584	0.00377	0.00485	0.03376	0.00637	0.00599
12	0.01781	0.06022	0.02540	0.16080	0.29436	0.05808	0.01850	0.04887	0.06893	0.02234	0.01384	0.01792	0.01144	0.00817	0.01008	0.00237	0.14070	0.00634	0.00388	0.00995
13	0.01920	0.01540	0.02230	0.11559	0.24104	0.04194	0.05188	0.09776	0.05814	0.10897	0.02102	0.13574	0.01859	0.00999	0.00763	0.00236	0.00788	0.00902	0.00538	0.01016
14	0.00951	0.00709	0.00838	0.00860	0.00992	0.00646	0.00597	0.01132	0.01598	0.02106	0.23352	0.21206	0.24562	0.15503	0.01409	0.00338	0.00436	0.01502	0.00666	0.00596
15	0.00978	0.00719	0.00934	0.01057	0.01180	0.00676	0.00804	0.01194	0.01572	0.02053	0.09720	0.37955	0.15310	0.02063	0.00934	0.00294	0.00481	0.20766	0.00683	0.00625
16	0.01755	0.11138	0.04943	0.03420	0.47361	0.01773	0.01892	0.05669	0.01695	0.02348	0.01643	0.10000	0.01541	0.00845	0.00710	0.00218	0.00805	0.00774	0.00408	0.01061
17	0.01777	0.01705	0.02910	0.08008	0.66546	0.01721	0.02220	0.02211	0.01645	0.02348	0.01363	0.01806	0.01142	0.00652	0.00720	0.00217	0.00869	0.00648	0.00358	0.01134
18	0.01041	0.00770	0.01125	0.01125	0.01240	0.00885	0.00855	0.01270	0.01155	0.01655	0.01986	0.03074	0.01912	0.13381	0.63774	0.01115	0.01804	0.00811	0.00395	0.00625
19	0.01586	0.01631	0.06053	0.35642	0.36738	0.01674	0.02157	0.02063	0.01557	0.02134	0.01330	0.01849	0.01056	0.00686	0.00721	0.00229	0.00923	0.00641	0.00340	0.00990
20	0.02034	0.06204	0.09797	0.01699	0.05745	0.14891	0.01393	0.07813	0.19294	0.08248	0.01978	0.02095	0.01521	0.01359	0.08832	0.00325	0.00967	0.00656	0.04144	0.01006
21	0.02376	0.01675	0.01746	0.13614	0.02347	0.14429	0.01232	0.10869	0.01997	0.25431	0.02327	0.02601	0.05525	0.09346	0.01064	0.00276	0.00826	0.00742	0.00614	0.00961
22	0.06059	0.11161	0.12959	0.01401	0.01907	0.01384	0.06570	0.02141	0.05609	0.12745	0.10023	0.11669	0.11116	0.01151	0.00739	0.00231	0.00671	0.00981	0.00582	0.00901
23	0.01434	0.01162	0.01688	0.26458	0.02759	0.01374	0.01376	0.12166	0.01631	0.02214	0.01684	0.02353	0.01425	0.03049	0.35188	0.00689	0.01417	0.00712	0.00420	0.00800
24	0.09190	0.10559	0.02082	0.01447	0.01954	0.05804	0.01204	0.38142	0.02666	0.07101	0.10840	0.02141	0.01938	0.00903	0.00686	0.00211	0.00733	0.00683	0.00652	0.01064
25	0.02371	0.24855	0.08158	0.01605	0.02165	0.23822	0.01423	0.15281	0.05500	0.06286	0.01417	0.01506	0.01107	0.00750	0.00623	0.00192	0.00952	0.00519	0.00466	0.01004
26	0.04922	0.19727	0.16015	0.10728	0.26158	0.01940	0.01926	0.02265	0.01575	0.06360	0.01338	0.01628	0.01058	0.00675	0.00643	0.00208	0.00868	0.00558	0.00370	0.01035

[dist]
# distance from previous block
# <min> <max>
0	2

[block]
# block no. 6 follows, 28 sequences, length 26
# corresponding to MSA columns:
# 477-502
name=unknown_G
#
# <colnr> <probs for GDERKNQSTAVLIFYWHMCP>
#	G	D	E	R	K	N	Q	S	T	A	V	L	I	F	Y	W	H	M	C	P
0	0.01401	0.01055	0.01303	0.06521	0.01662	0.01148	0.00972	0.12234	0.09356	0.02409	0.02775	0.25593	0.02851	0.09366	0.11568	0.00440	0.00803	0.04242	0.03523	0.00776
1	0.01565	0.15265	0.52574	0.02042	0.03005	0.01900	0.09370	0.02284	0.01545	0.02208	0.01274	0.01520	0.00942	0.00671	0.00672	0.00220	0.01042	0.00547	0.00314	0.01041
2	0.00987	0.00788	0.01209	0.01202	0.01333	0.00735	0.07794	0.01171	0.01451	0.01931	0.06319	0.56555	0.08088	0.05477	0.01046	0.00304	0.00515	0.01830	0.00635	0.00630
3	0.01727	0.01957	0.10371	0.07688	0.49189	0.01734	0.12166	0.02233	0.01641	0.02332	0.01372	0.01803	0.01109	0.00651	0.00738	0.00223	0.00947	0.00668	0.00353	0.01099
4	0.01210	0.05383	0.10895	0.01445	0.04507	0.01148	0.08456	0.01678	0.06378	0.02163	0.07588	0.11972	0.31516	0.01404	0.00808	0.00242	0.00620	0.01222	0.00569	0.00795
5	0.00925	0.00739	0.00827	0.00805	0.01022	0.00642	0.00604	0.01170	0.01812	0.02331	0.31360	0.06391	0.45400	0.01704	0.00858	0.00239	0.00358	0.01449	0.00723	0.00642
6	0.00886	0.00633	0.00843	0.01012	0.01054	0.00590	0.00675	0.01012	0.01392	0.01856	0.04006	0.73979	0.04808	0.02277	0.00928	0.00295	0.00422	0.02066	0.00675	0.00590
7	0.01787	0.01827	0.09362	0.04215	0.09174	0.01693	0.05010	0.08571	0.32932	0.02847	0.02126	0.02160	0.01611	0.00813	0.00707	0.00218	0.00720	0.00696	0.00573	0.12960
8	0.01359	0.01149	0.06140	0.01202	0.01438	0.01062	0.00997	0.01698	0.04179	0.07667	0.13883	0.21670	0.08938	0.01465	0.01053	0.00252	0.12423	0.01199	0.08962	0.03263
9	0.01655	0.01236	0.01340	0.01164	0.01504	0.01297	0.00904	0.17532	0.16740	0.05162	0.12700	0.04097	0.20078	0.06452	0.00982	0.00265	0.00543	0.01040	0.04410	0.00899
10	0.01615	0.15926	0.22996	0.01981	0.02688	0.01770	0.23338	0.02172	0.01582	0.02277	0.01506	0.01828	0.01161	0.00682	0.00669	0.00210	0.00930	0.00642	0.15088	0.00942
11	0.01714	0.09997	0.18907	0.04733	0.07003	0.08719	0.01565	0.09667	0.05792	0.02354	0.04443	0.02467	0.05235	0.09008	0.05061	0.00322	0.00930	0.00710	0.00451	0.00921
12	0.01444	0.01240	0.01563	0.01295	0.01706	0.01174	0.01071	0.01739	0.01473	0.02207	0.01832	0.03103	0.01787	0.01023	0.00995	0.00201	0.14184	0.15718	0.00466	0.45781
13	0.00936	0.00665	0.00884	0.01041	0.01097	0.00632	0.00725	0.01082	0.01406	0.01867	0.03863	0.60210	0.04570	0.07362	0.01135	0.00330	0.00475	0.10473	0.00657	0.00590
14	0.01193	0.00969	0.01318	0.01524	0.08652	0.01039	0.01001	0.01695	0.12420	0.02070	0.03039	0.38162	0.03269	0.02449	0.14271	0.00444	0.03729	0.01409	0.00583	0.00762
15	0.01265	0.01376	0.09421	0.06337	0.10546	0.01211	0.06598	0.01690	0.04243	0.02009	0.02294	0.21718	0.02325	0.02449	0.20265	0.00509	0.03399	0.01080	0.00461	0.00806
16	0.01018	0.00730	0.00948	0.00982	0.01128	0.00709	0.00741	0.01281	0.01646	0.02286	0.25713	0.19652	0.12552	0.02355	0.12492	0.00406	0.00659	0.07864	0.06190	0.00649
17	0.01053	0.00721	0.00876	0.00876	0.00904	0.00750	0.00544	0.01110	0.01082	0.01471	0.02215	0.04337	0.02460	0.59216	0.18688	0.00807	0.00979	0.00996	0.00429	0.00487
18	0.13172	0.01145	0.01591	0.04963	0.17238	0.01145	0.03907	0.01686	0.01724	0.02593	0.25849	0.03942	0.15917	0.01166	0.00758	0.00230	0.00566	0.01013	0.00583	0.00813
19	0.01533	0.01189	0.01310	0.01227	0.01445	0.08553	0.00932	0.01960	0.08931	0.08917	0.06657	0.03046	0.02208	0.12349	0.35581	0.00743	0.01327	0.00816	0.00513	0.00762
20	0.02035	0.01341	0.01511	0.01273	0.01623	0.01406	0.00983	0.30871	0.02337	0.10704	0.02675	0.16642	0.05260	0.12288	0.01209	0.00306	0.00647	0.01039	0.04917	0.00933
21	0.01355	0.01046	0.01404	0.01280	0.01521	0.01065	0.05576	0.13766	0.01867	0.02508	0.10372	0.26602	0.09111	0.04883	0.09932	0.00394	0.00756	0.05173	0.00631	0.00759
22	0.07310	0.01745	0.02477	0.09884	0.12936	0.08278	0.15990	0.09627	0.03854	0.05749	0.01689	0.06211	0.01405	0.01016	0.03462	0.00268	0.03764	0.00760	0.02618	0.00956
23	0.07180	0.01485	0.05955	0.02872	0.37815	0.01368	0.01622	0.02041	0.01584	0.06084	0.01957	0.12883	0.01800	0.00940	0.00703	0.00224	0.00703	0.00848	0.10961	0.00977
24	0.00931	0.00652	0.00830	0.00955	0.00986	0.00620	0.00613	0.01024	0.01304	0.01739	0.03557	0.55832	0.04240	0.21200	0.01655	0.00403	0.00496	0.01802	0.00613	0.00551
25	0.04895	0.01734	0.12062	0.11549	0.02315	0.04542	0.01387	0.11340	0.14047	0.02606	0.04943	0.18281	0.02363	0.03614	0.00858	0.00261	0.00731	0.01002	0.00562	0.00906

[dist]
# distance from previous block
# <min> <max>
4	79

[block]
# block no. 7 follows, 28 sequences, length 46
# corresponding to MSA columns:
# 582-627
name=unknown_H
#
# <colnr> <probs for GDERKNQSTAVLIFYWHMCP>
#	G	D	E	R	K	N	Q	S	T	A	V	L	I	F	Y	W	H	M	C	P
0	0.02125	0.09435	0.01862	0.01370	0.01802	0.14632	0.01102	0.14405	0.09512	0.11038	0.14223	0.02816	0.07197	0.01002	0.00712	0.00209	0.00723	0.00789	0.00636	0.04408
1	0.07482	0.01100	0.01313	0.17870	0.02136	0.04518	0.01096	0.01584	0.01621	0.02223	0.12418	0.04543	0.20950	0.01326	0.00846	0.00248	0.03565	0.09369	0.05082	0.00712
2	0.01744	0.01736	0.04945	0.01657	0.02035	0.15232	0.12354	0.04270	0.05055	0.07357	0.06066	0.24050	0.02730	0.01299	0.00808	0.00245	0.00810	0.03913	0.00567	0.03127
3	0.01851	0.29770	0.12367	0.01358	0.01878	0.05502	0.01306	0.02161	0.01567	0.12397	0.01952	0.14275	0.01820	0.01406	0.07049	0.00295	0.00868	0.00795	0.00475	0.00910
4	0.00983	0.00740	0.01003	0.01007	0.01153	0.00684	0.03349	0.01140	0.01525	0.02004	0.15015	0.30720	0.21816	0.02160	0.04855	0.08549	0.00530	0.01534	0.00630	0.00602
5	0.01135	0.00815	0.01007	0.01075	0.01188	0.00807	0.00764	0.08040	0.01596	0.02116	0.03632	0.47492	0.06354	0.12152	0.01299	0.00347	0.00525	0.08362	0.00647	0.00646
6	0.01701	0.05773	0.34327	0.05992	0.07728	0.09664	0.09920	0.04567	0.01680	0.02257	0.01476	0.02056	0.01202	0.00801	0.00781	0.00233	0.03436	0.05048	0.00367	0.00991
7	0.08132	0.01402	0.01173	0.01093	0.01363	0.14995	0.00813	0.03933	0.01746	0.06229	0.10858	0.09654	0.25246	0.08937	0.01070	0.00279	0.00639	0.01115	0.00600	0.00720
8	0.01033	0.00726	0.00831	0.00878	0.01040	0.00672	0.00659	0.01251	0.01559	0.02111	0.08217	0.15004	0.27664	0.09340	0.01127	0.00300	0.00454	0.11913	0.14604	0.00617
9	0.01203	0.00995	0.01330	0.08616	0.01750	0.01146	0.01038	0.01749	0.13224	0.02016	0.02861	0.25366	0.05665	0.02629	0.19932	0.00515	0.07474	0.01202	0.00541	0.00747
10	0.01225	0.01028	0.01270	0.01222	0.01377	0.04074	0.03533	0.05401	0.01617	0.02165	0.09466	0.37032	0.10954	0.01872	0.03252	0.00297	0.08279	0.01485	0.03758	0.00695
11	0.01787	0.01049	0.01245	0.01071	0.01382	0.01031	0.00831	0.12559	0.01969	0.16875	0.13075	0.03902	0.14606	0.09640	0.07470	0.00360	0.00664	0.00982	0.08656	0.00847
12	0.01661	0.01194	0.01300	0.01182	0.01489	0.01282	0.00908	0.14090	0.21530	0.04864	0.03194	0.17160	0.08177	0.01264	0.00736	0.00234	0.00519	0.01068	0.17236	0.00910
13	0.01885	0.01801	0.03110	0.03919	0.50975	0.01802	0.13802	0.09089	0.01851	0.02598	0.01425	0.01822	0.01152	0.00665	0.00745	0.00221	0.00922	0.00686	0.00400	0.01130
14	0.00916	0.00725	0.00824	0.00828	0.01024	0.00633	0.00610	0.01142	0.01747	0.02246	0.26327	0.15227	0.41600	0.01787	0.00867	0.00247	0.00367	0.01535	0.00714	0.00633
15	0.01039	0.00697	0.00798	0.00816	0.00820	0.00693	0.00465	0.01052	0.01092	0.01457	0.02472	0.12070	0.02871	0.66829	0.03407	0.00661	0.00675	0.01164	0.00465	0.00456
16	0.01143	0.00830	0.01082	0.01071	0.01221	0.00915	0.00810	0.01546	0.07555	0.01966	0.05187	0.03592	0.05267	0.13608	0.39215	0.00800	0.01291	0.03459	0.08774	0.00671
17	0.02020	0.01580	0.01653	0.01407	0.01768	0.09171	0.01124	0.24507	0.02186	0.08939	0.02531	0.02751	0.10308	0.02289	0.20676	0.00490	0.04298	0.00789	0.00584	0.00928
18	0.00890	0.00684	0.00816	0.00897	0.01030	0.00609	0.00629	0.01061	0.01561	0.02006	0.12058	0.41393	0.29696	0.02029	0.00894	0.00269	0.00393	0.01786	0.00688	0.00609
19	0.01907	0.02159	0.01975	0.01753	0.01914	0.27330	0.01392	0.02077	0.01519	0.01784	0.01719	0.04921	0.07303	0.01173	0.01557	0.00263	0.37369	0.00714	0.00385	0.00788
20	0.09059	0.01302	0.01425	0.01220	0.01610	0.01387	0.00967	0.13599	0.19312	0.15088	0.08290	0.05505	0.02296	0.00995	0.00686	0.00223	0.00551	0.00807	0.14679	0.00999
21	0.01012	0.00716	0.00812	0.00812	0.00989	0.00649	0.00594	0.01259	0.01703	0.02356	0.25126	0.12667	0.28361	0.04754	0.00926	0.00252	0.00375	0.01348	0.14651	0.00637
22	0.01893	0.67436	0.10819	0.01331	0.02000	0.02752	0.01395	0.02190	0.01483	0.01772	0.01041	0.01205	0.00932	0.00629	0.00490	0.00163	0.00808	0.00404	0.00311	0.00948
23	0.00929	0.00680	0.00881	0.01017	0.01109	0.00632	0.00728	0.01102	0.01498	0.01966	0.07637	0.52781	0.13260	0.02144	0.00926	0.00291	0.00445	0.10684	0.00680	0.00609
24	0.01615	0.01303	0.01524	0.01109	0.01738	0.01018	0.00887	0.02027	0.05054	0.05970	0.01462	0.01621	0.01174	0.00581	0.00559	0.00121	0.00544	0.00467	0.00471	0.70753
25	0.01458	0.03760	0.70688	0.02072	0.03146	0.01688	0.02686	0.02302	0.01535	0.02302	0.01304	0.01535	0.00921	0.00691	0.00691	0.00230	0.01074	0.00537	0.00307	0.01074
26	0.01330	0.00885	0.01023	0.00958	0.01092	0.00939	0.00668	0.09741	0.01474	0.02127	0.02168	0.03588	0.02144	0.36754	0.16280	0.00630	0.00894	0.00875	0.15800	0.00631
27	0.01096	0.00706	0.00803	0.00803	0.00835	0.00715	0.00482	0.01159	0.01127	0.01602	0.02277	0.04352	0.02481	0.59843	0.07974	0.00665	0.00742	0.00987	0.10863	0.00487
28	0.01458	0.03760	0.70688	0.02072	0.03146	0.01688	0.02686	0.02302	0.01535	0.02302	0.01304	0.01535	0.00921	0.00691	0.00691	0.00230	0.01074	0.00537	0.00307	0.01074
29	0.01930	0.63931	0.10733	0.01361	0.02019	0.06120	0.01403	0.02225	0.01512	0.01776	0.01047	0.01212	0.00932	0.00635	0.00499	0.00165	0.00835	0.00408	0.00314	0.00943
30	0.02325	0.02823	0.02107	0.11101	0.02542	0.49182	0.01520	0.02546	0.01800	0.01784	0.01113	0.01446	0.00944	0.00846	0.00995	0.00219	0.14996	0.00523	0.00357	0.00829
31	0.01313	0.00802	0.00993	0.00969	0.01170	0.00730	0.00724	0.01519	0.01656	0.12103	0.15971	0.15914	0.20602	0.13308	0.01320	0.00330	0.00497	0.08694	0.00692	0.00693
32	0.09558	0.16838	0.09022	0.09560	0.09789	0.07353	0.14461	0.04171	0.01629	0.02268	0.03989	0.01727	0.01227	0.00732	0.00756	0.00218	0.04773	0.00613	0.00380	0.00935
33	0.01329	0.09062	0.03425	0.01082	0.01391	0.01098	0.00886	0.01691	0.04691	0.06015	0.28373	0.13189	0.11363	0.01355	0.00842	0.00224	0.03632	0.01143	0.00647	0.08564
34	0.01046	0.00718	0.00927	0.00943	0.00989	0.00757	0.00624	0.01125	0.01117	0.01532	0.02279	0.10253	0.02497	0.41717	0.25432	0.04976	0.01078	0.01035	0.00438	0.00515
35	0.01034	0.00729	0.00896	0.00944	0.01021	0.00718	0.00656	0.01162	0.01323	0.01747	0.06406	0.14240	0.09928	0.37009	0.07154	0.00551	0.00699	0.12691	0.00547	0.00543
36	0.30663	0.02362	0.17803	0.01515	0.02085	0.12877	0.01454	0.11844	0.01786	0.02905	0.03991	0.01561	0.01163	0.00782	0.00691	0.00224	0.04388	0.00527	0.00453	0.00926
37	0.40713	0.01472	0.01347	0.01148	0.01595	0.01641	0.00932	0.18568	0.07898	0.03367	0.02384	0.02388	0.12009	0.00939	0.00611	0.00228	0.00592	0.00680	0.00582	0.00905
38	0.01059	0.00725	0.00861	0.00901	0.00943	0.00717	0.00589	0.01133	0.01212	0.01596	0.02880	0.09809	0.05764	0.54150	0.02933	0.00595	0.00667	0.12465	0.00505	0.00497
39	0.01244	0.01164	0.01430	0.01269	0.01487	0.07310	0.07429	0.01489	0.01635	0.02111	0.19294	0.11273	0.18854	0.08601	0.06132	0.00354	0.06459	0.01202	0.00577	0.00686
40	0.02488	0.05211	0.08569	0.01742	0.02268	0.22740	0.07800	0.05985	0.01979	0.23385	0.03857	0.02201	0.01549	0.00872	0.00776	0.00221	0.03342	0.03436	0.00569	0.01009
41	0.00974	0.00726	0.00899	0.00988	0.01104	0.00688	0.00704	0.01227	0.04431	0.02035	0.11282	0.41288	0.16004	0.07036	0.01099	0.00309	0.00453	0.07454	0.00674	0.00626
42	0.00881	0.00651	0.00825	0.00964	0.01042	0.00594	0.00653	0.01018	0.01438	0.01875	0.04596	0.62219	0.16188	0.02201	0.00916	0.00286	0.00412	0.01973	0.00675	0.00594
43	0.01675	0.08272	0.12159	0.15777	0.02772	0.04758	0.07140	0.11077	0.06405	0.02396	0.01899	0.14133	0.01749	0.01042	0.00846	0.00242	0.05396	0.00874	0.00470	0.00918
44	0.01004	0.00760	0.01002	0.01145	0.04718	0.00750	0.00753	0.01166	0.01353	0.01793	0.03722	0.27836	0.15370	0.16926	0.15594	0.00539	0.00805	0.03601	0.00555	0.00609
45	0.04329	0.23920	0.10617	0.09316	0.06231	0.15216	0.07004	0.11033	0.01872	0.02321	0.01250	0.01493	0.00998	0.00700	0.00635	0.00200	0.00969	0.00535	0.00391	0.00971

[dist]
# distance from previous block
# <min> <max>
0	95

[block]
# block no. 8 follows, 28 sequences, length 45
# corresponding to MSA columns:
# 725-769
name=unknown_I
#
# <colnr> <probs for GDERKNQSTAVLIFYWHMCP>
#	G	D	E	R	K	N	Q	S	T	A	V	L	I	F	Y	W	H	M	C	P
