[name]
unknown

[dist]
# distance from previous block
# <min> <max>
0	329

[block]
# block no. 0 follows, 29 sequences, length 9
# corresponding to MSA columns:
# 329-337
name=unknown_A
#
# <colnr> <probs for GDERKNQSTAVLIFYWHMCP>
#	G	D	E	R	K	N	Q	S	T	A	V	L	I	F	Y	W	H	M	C	P
0	0.01102	0.00792	0.01108	0.01213	0.01350	0.00824	0.01006	0.01377	0.01449	0.01930	0.03132	0.06336	0.03345	0.10476	0.19519	0.00575	0.00980	0.42296	0.00562	0.00627
1	0.00983	0.00708	0.00812	0.00812	0.00891	0.00694	0.00521	0.01064	0.01201	0.01557	0.03473	0.04972	0.19837	0.46847	0.12118	0.00636	0.00769	0.01119	0.00484	0.00502
2	0.01431	0.20005	0.01728	0.01031	0.01264	0.01423	0.00793	0.08377	0.01398	0.01819	0.01820	0.03192	0.01903	0.38544	0.11947	0.00565	0.00886	0.00789	0.00421	0.00665
3	0.43562	0.01487	0.01370	0.01147	0.01569	0.01674	0.00917	0.23797	0.01894	0.03372	0.01401	0.01822	0.01167	0.10962	0.00969	0.00283	0.00647	0.00560	0.00529	0.00870
4	0.31681	0.10558	0.01879	0.01376	0.01850	0.19984	0.01125	0.18961	0.01985	0.02974	0.01201	0.01327	0.00936	0.00723	0.00563	0.00201	0.00822	0.00468	0.00475	0.00912
5	0.01720	0.11129	0.01446	0.01017	0.01259	0.01088	0.00770	0.01856	0.01410	0.19365	0.02370	0.03942	0.02299	0.38343	0.02175	0.00459	0.00675	0.07404	0.00552	0.00721
6	0.21759	0.01280	0.01413	0.01079	0.01642	0.01138	0.00877	0.02299	0.01554	0.20168	0.01592	0.01639	0.01165	0.00652	0.00554	0.00164	0.00553	0.00488	0.00544	0.39438
7	0.01015	0.00698	0.00865	0.00940	0.00984	0.00688	0.00636	0.01113	0.01242	0.01645	0.02985	0.23265	0.03439	0.41497	0.02392	0.00514	0.00612	0.14420	0.00536	0.00515
8	0.33220	0.20117	0.05203	0.01005	0.01453	0.01651	0.00919	0.02050	0.01388	0.05077	0.01413	0.01601	0.01120	0.00700	0.00481	0.00189	0.00576	0.00475	0.20551	0.00810

[dist]
# distance from previous block
# <min> <max>
10	15

[block]
# block no. 1 follows, 29 sequences, length 76
# corresponding to MSA columns:
# 355-430
name=unknown_B
#
# <colnr> <probs for GDERKNQSTAVLIFYWHMCP>
#	G	D	E	R	K	N	Q	S	T	A	V	L	I	F	Y	W	H	M	C	P
0	0.10101	0.01854	0.14089	0.28702	0.24917	0.01654	0.02001	0.04504	0.01548	0.02303	0.01278	0.01700	0.00988	0.00681	0.00674	0.00224	0.00885	0.00588	0.00353	0.00956
1	0.01744	0.10141	0.39396	0.01720	0.02534	0.11903	0.01930	0.02306	0.01593	0.05310	0.01292	0.01474	0.00971	0.00662	0.00626	0.00191	0.00947	0.00493	0.00358	0.14407
2	0.04809	0.00967	0.01390	0.10202	0.11929	0.00978	0.01061	0.01562	0.01848	0.02666	0.48313	0.04180	0.04908	0.01206	0.00786	0.00224	0.00497	0.01069	0.00647	0.00759
3	0.02246	0.42779	0.02955	0.01497	0.01997	0.34214	0.01290	0.02454	0.01706	0.01706	0.01040	0.01207	0.00915	0.00666	0.00541	0.00166	0.00998	0.00416	0.00333	0.00874
4	0.02435	0.02839	0.01920	0.01725	0.02112	0.50213	0.01311	0.06746	0.19279	0.02213	0.01594	0.01659	0.01255	0.00800	0.00667	0.00200	0.01072	0.00557	0.00478	0.00924
5	0.01907	0.05695	0.21950	0.02096	0.12748	0.01881	0.01778	0.18786	0.20321	0.02982	0.01819	0.01889	0.01357	0.00789	0.00692	0.00221	0.00809	0.00640	0.00524	0.01117
6	0.01762	0.01692	0.02890	0.04371	0.70533	0.01692	0.02185	0.02185	0.01621	0.02326	0.01339	0.01762	0.01128	0.00634	0.00705	0.00211	0.00846	0.00634	0.00352	0.01128
7	0.00973	0.00675	0.00844	0.00904	0.00936	0.00677	0.00576	0.01052	0.01168	0.01575	0.02801	0.29479	0.03240	0.39394	0.11969	0.00608	0.00756	0.01353	0.00507	0.00512
8	0.01017	0.00763	0.01144	0.01144	0.01272	0.00890	0.00890	0.01272	0.01144	0.01653	0.01907	0.02797	0.01780	0.05340	0.72153	0.01144	0.01907	0.00763	0.00381	0.00636
9	0.01715	0.03069	0.40998	0.02669	0.22227	0.12585	0.02309	0.02326	0.01617	0.02196	0.01268	0.01543	0.00969	0.00673	0.00679	0.00215	0.01029	0.00547	0.00326	0.01039
10	0.01201	0.00887	0.01023	0.01002	0.01218	0.00875	0.00742	0.03870	0.12958	0.04921	0.16931	0.24796	0.21013	0.01623	0.00821	0.00247	0.00427	0.01410	0.03297	0.00741
11	0.00868	0.00620	0.00826	0.00991	0.01033	0.00578	0.00661	0.00991	0.01363	0.01818	0.03925	0.74510	0.04710	0.02231	0.00909	0.00289	0.00413	0.02024	0.00661	0.00578
12	0.19628	0.12745	0.36735	0.01644	0.02404	0.11380	0.01845	0.02282	0.01499	0.02322	0.01150	0.01346	0.00876	0.00672	0.00588	0.00209	0.00930	0.00465	0.00342	0.00939
13	0.00922	0.00673	0.00868	0.00927	0.01039	0.00619	0.00654	0.01138	0.01654	0.02251	0.31289	0.40002	0.11573	0.01875	0.00874	0.00258	0.00377	0.01675	0.00711	0.00619
14	0.02168	0.26063	0.06454	0.01928	0.11457	0.04551	0.03841	0.27354	0.02227	0.02913	0.01356	0.01506	0.01067	0.00711	0.00622	0.00190	0.00822	0.00543	0.00475	0.03753
15	0.01624	0.01598	0.02863	0.24906	0.40598	0.01675	0.12136	0.02090	0.01571	0.02167	0.01333	0.01827	0.01067	0.00653	0.00728	0.00224	0.00931	0.00665	0.00343	0.01001
16	0.02085	0.35516	0.08963	0.01508	0.02063	0.20428	0.01381	0.06498	0.11320	0.02097	0.01358	0.01460	0.01110	0.00713	0.00578	0.00183	0.00896	0.00490	0.00404	0.00951
17	0.02118	0.00896	0.01082	0.00919	0.01248	0.00826	0.00730	0.02426	0.01724	0.31587	0.02529	0.02557	0.01799	0.00851	0.00590	0.00189	0.00448	0.00686	0.45902	0.00896
18	0.02339	0.01887	0.01925	0.01575	0.02069	0.05724	0.01266	0.39575	0.29012	0.03754	0.02142	0.02057	0.01571	0.00892	0.00713	0.00223	0.00724	0.00696	0.00699	0.01158
19	0.01310	0.06816	0.24277	0.01405	0.01910	0.01315	0.01427	0.02055	0.13906	0.02352	0.14623	0.18056	0.05190	0.01230	0.00754	0.00237	0.00658	0.01053	0.00553	0.00874
20	0.08134	0.11754	0.02412	0.01616	0.02191	0.01955	0.09309	0.31451	0.04819	0.16709	0.01784	0.01791	0.01265	0.00786	0.00675	0.00211	0.00772	0.00632	0.00628	0.01105
21	0.01579	0.26423	0.49867	0.01772	0.02684	0.02023	0.02183	0.02216	0.01485	0.02071	0.01187	0.01389	0.00906	0.00655	0.00607	0.00202	0.00960	0.00480	0.00302	0.01008
22	0.00872	0.00723	0.00763	0.00753	0.00980	0.00614	0.00565	0.01081	0.01695	0.02093	0.18680	0.06573	0.58672	0.01740	0.00841	0.00237	0.00356	0.01464	0.00684	0.00614
23	0.01762	0.01692	0.02890	0.04371	0.70533	0.01692	0.02185	0.02185	0.01621	0.02326	0.01339	0.01762	0.01128	0.00634	0.00705	0.00211	0.00846	0.00634	0.00352	0.01128
24	0.01762	0.01692	0.02890	0.04371	0.70533	0.01692	0.02185	0.02185	0.01621	0.02326	0.01339	0.01762	0.01128	0.00634	0.00705	0.00211	0.00846	0.00634	0.00352	0.01128
25	0.03122	0.01329	0.01725	0.01322	0.01876	0.01220	0.01092	0.13141	0.02234	0.61080	0.02645	0.02317	0.01680	0.00877	0.00716	0.00219	0.00632	0.00705	0.00856	0.01212
26	0.01017	0.00763	0.01144	0.01144	0.01272	0.00890	0.00890	0.01272	0.01144	0.01653	0.01907	0.02797	0.01780	0.05340	0.72153	0.01144	0.01907	0.00763	0.00381	0.00636
27	0.01340	0.01249	0.02099	0.64859	0.07672	0.01537	0.01908	0.01797	0.01413	0.01831	0.01316	0.01957	0.01018	0.01044	0.05886	0.00302	0.01014	0.00642	0.00323	0.00795
28	0.01692	0.01620	0.02763	0.16009	0.59446	0.01673	0.02150	0.02123	0.01588	0.02241	0.01327	0.01785	0.01098	0.00648	0.00706	0.00216	0.00863	0.00634	0.00346	0.01071
29	0.00868	0.00620	0.00826	0.00991	0.01033	0.00578	0.00661	0.00991	0.01363	0.01818	0.03925	0.74510	0.04710	0.02231	0.00909	0.00289	0.00413	0.02024	0.00661	0.00578
30	0.03195	0.01212	0.01652	0.01267	0.01818	0.01047	0.01047	0.03470	0.02038	0.71026	0.02809	0.02424	0.01763	0.00881	0.00716	0.00220	0.00606	0.00716	0.00881	0.01212
31	0.00842	0.00721	0.00721	0.00721	0.00962	0.00601	0.00541	0.01022	0.01623	0.01924	0.07213	0.06853	0.70244	0.01803	0.00842	0.00240	0.00361	0.01503	0.00661	0.00601
32	0.01592	0.01514	0.02513	0.11371	0.53931	0.01532	0.01939	0.01987	0.01600	0.02216	0.02130	0.02469	0.10508	0.00802	0.00724	0.00218	0.00791	0.00752	0.00391	0.01020
33	0.01558	0.01558	0.02181	0.01869	0.01869	0.02181	0.01558	0.01714	0.01091	0.01714	0.00935	0.01558	0.00935	0.01246	0.02337	0.00312	0.73672	0.00623	0.00312	0.00779
34	0.01558	0.01558	0.02181	0.01869	0.01869	0.02181	0.01558	0.01714	0.01091	0.01714	0.00935	0.01558	0.00935	0.01246	0.02337	0.00312	0.73672	0.00623	0.00312	0.00779
35	0.01477	0.01266	0.01477	0.01055	0.01687	0.00949	0.00844	0.01793	0.01477	0.02320	0.01266	0.01477	0.01055	0.00527	0.00527	0.00105	0.00527	0.00422	0.00422	0.79328
36	0.01904	0.75404	0.03731	0.01218	0.01828	0.02818	0.01218	0.02132	0.01447	0.01675	0.00990	0.01142	0.00914	0.00609	0.00457	0.00152	0.00761	0.00381	0.00305	0.00914
37	0.01762	0.01692	0.02890	0.04371	0.70533	0.01692	0.02185	0.02185	0.01621	0.02326	0.01339	0.01762	0.01128	0.00634	0.00705	0.00211	0.00846	0.00634	0.00352	0.01128
38	0.80005	0.01377	0.01047	0.00936	0.01377	0.01597	0.00771	0.02093	0.01212	0.03195	0.00991	0.01157	0.00771	0.00661	0.00441	0.00220	0.00551	0.00386	0.00441	0.00771
39	0.80005	0.01377	0.01047	0.00936	0.01377	0.01597	0.00771	0.02093	0.01212	0.03195	0.00991	0.01157	0.00771	0.00661	0.00441	0.00220	0.00551	0.00386	0.00441	0.00771
40	0.01904	0.75404	0.03731	0.01218	0.01828	0.02818	0.01218	0.02132	0.01447	0.01675	0.00990	0.01142	0.00914	0.00609	0.00457	0.00152	0.00761	0.00381	0.00305	0.00914
41	0.01566	0.01400	0.01923	0.01379	0.02022	0.01139	0.11086	0.05015	0.01596	0.02417	0.01313	0.01555	0.01066	0.00554	0.00584	0.00131	0.00642	0.00496	0.00426	0.63690
42	0.01428	0.03683	0.71286	0.02030	0.03082	0.01654	0.02631	0.02255	0.01503	0.02255	0.01278	0.01503	0.00902	0.00677	0.00677	0.00226	0.01052	0.00526	0.00301	0.01052
43	0.01679	0.01581	0.02667	0.03974	0.62226	0.01577	0.02026	0.02091	0.01651	0.02355	0.06439	0.02317	0.01674	0.00757	0.00728	0.00218	0.00800	0.03770	0.00398	0.01072
44	0.01036	0.00690	0.00777	0.00777	0.00777	0.00690	0.00431	0.01036	0.01036	0.01381	0.02244	0.04660	0.02589	0.74975	0.03624	0.00690	0.00690	0.01036	0.00431	0.00431
45	0.01762	0.01692	0.02890	0.04371	0.70533	0.01692	0.02185	0.02185	0.01621	0.02326	0.01339	0.01762	0.01128	0.00634	0.00705	0.00211	0.00846	0.00634	0.00352	0.01128
46	0.01428	0.03683	0.71286	0.02030	0.03082	0.01654	0.02631	0.02255	0.01503	0.02255	0.01278	0.01503	0.00902	0.00677	0.00677	0.00226	0.01052	0.00526	0.00301	0.01052
47	0.00866	0.00715	0.00760	0.00765	0.00981	0.00609	0.00568	0.01063	0.01658	0.02043	0.15537	0.11544	0.56857	0.01787	0.00846	0.00242	0.00361	0.01511	0.00678	0.00609
48	0.02662	0.01972	0.02112	0.01629	0.02191	0.02187	0.01343	0.65105	0.06474	0.04416	0.01766	0.01755	0.01257	0.00860	0.00713	0.00215	0.00773	0.00649	0.00713	0.01207
49	0.01401	0.01323	0.02237	0.64015	0.13715	0.01597	0.02005	0.01868	0.01450	0.01887	0.01276	0.01880	0.00973	0.00702	0.00711	0.00234	0.00935	0.00633	0.00321	0.00836
50	0.03195	0.01212	0.01652	0.01267	0.01818	0.01047	0.01047	0.03470	0.02038	0.71026	0.02809	0.02424	0.01763	0.00881	0.00716	0.00220	0.00606	0.00716	0.00881	0.01212
51	0.01017	0.00763	0.01144	0.01144	0.01272	0.00890	0.00890	0.01272	0.01144	0.01653	0.01907	0.02797	0.01780	0.05340	0.72153	0.01144	0.01907	0.00763	0.00381	0.00636
52	0.01428	0.03683	0.71286	0.02030	0.03082	0.01654	0.02631	0.02255	0.01503	0.02255	0.01278	0.01503	0.00902	0.00677	0.00677	0.00226	0.01052	0.00526	0.00301	0.01052
53	0.00963	0.00726	0.00890	0.00849	0.01036	0.00653	0.00637	0.01257	0.01910	0.02605	0.53220	0.05732	0.23813	0.01549	0.00840	0.00228	0.00343	0.01346	0.00751	0.00653
54	0.00868	0.00620	0.00826	0.00991	0.01033	0.00578	0.00661	0.00991	0.01363	0.01818	0.03925	0.74510	0.04710	0.02231	0.00909	0.00289	0.00413	0.02024	0.00661	0.00578
55	0.02707	0.01995	0.02137	0.01638	0.02208	0.02208	0.01353	0.68159	0.03348	0.04488	0.01710	0.01710	0.01211	0.00855	0.00712	0.00214	0.00784	0.00641	0.00712	0.01211
56	0.01904	0.75404	0.03731	0.01218	0.01828	0.02818	0.01218	0.02132	0.01447	0.01675	0.00990	0.01142	0.00914	0.00609	0.00457	0.00152	0.00761	0.00381	0.00305	0.00914
57	0.01603	0.01668	0.11156	0.01329	0.02018	0.01164	0.04660	0.05655	0.01613	0.04574	0.01350	0.01546	0.01066	0.00581	0.00580	0.00139	0.00651	0.00480	0.00433	0.57734
58	0.01492	0.13311	0.62217	0.01921	0.02914	0.01810	0.02441	0.02239	0.01496	0.02177	0.01239	0.01455	0.00904	0.00667	0.00647	0.00216	0.01013	0.00507	0.00301	0.01034
59	0.01762	0.01692	0.02890	0.04371	0.70533	0.01692	0.02185	0.02185	0.01621	0.02326	0.01339	0.01762	0.01128	0.00634	0.00705	0.00211	0.00846	0.00634	0.00352	0.01128
60	0.01395	0.01317	0.02227	0.64901	0.12871	0.01595	0.02003	0.01864	0.01448	0.01881	0.01275	0.01882	0.00971	0.00703	0.00711	0.00234	0.00937	0.00633	0.00321	0.00832
61	0.01684	0.05542	0.06350	0.33734	0.26262	0.01764	0.01968	0.10036	0.01729	0.02330	0.01330	0.01768	0.01036	0.00696	0.00694	0.00221	0.00890	0.00615	0.00375	0.00976
62	0.00923	0.00768	0.00922	0.08676	0.01415	0.00715	0.00732	0.01150	0.01621	0.02029	0.14985	0.15299	0.44844	0.01694	0.00836	0.00244	0.00428	0.01449	0.00641	0.00629
63	0.01017	0.00763	0.01144	0.01144	0.01272	0.00890	0.00890	0.01272	0.01144	0.01653	0.01907	0.02797	0.01780	0.05340	0.72153	0.01144	0.01907	0.00763	0.00381	0.00636
64	0.01946	0.71366	0.03635	0.01253	0.01849	0.06703	0.01227	0.02172	0.01479	0.01679	0.00996	0.01150	0.00914	0.00616	0.00467	0.00154	0.00791	0.00385	0.00308	0.00909
65	0.01497	0.15217	0.52650	0.09647	0.03074	0.01837	0.02327	0.02187	0.01485	0.02112	0.01229	0.01487	0.00909	0.00669	0.00644	0.00215	0.00993	0.00514	0.00303	0.01001
66	0.01365	0.01057	0.01479	0.01358	0.01450	0.01305	0.01067	0.01545	0.01211	0.07122	0.01909	0.11216	0.01913	0.10040	0.26204	0.00626	0.27104	0.00889	0.00435	0.00705
67	0.80005	0.01377	0.01047	0.00936	0.01377	0.01597	0.00771	0.02093	0.01212	0.03195	0.00991	0.01157	0.00771	0.00661	0.00441	0.00220	0.00551	0.00386	0.00441	0.00771
68	0.01428	0.03683	0.71286	0.02030	0.03082	0.01654	0.02631	0.02255	0.01503	0.02255	0.01278	0.01503	0.00902	0.00677	0.00677	0.00226	0.01052	0.00526	0.00301	0.01052
69	0.01502	0.14889	0.60731	0.01903	0.02886	0.01836	0.02410	0.02236	0.01495	0.02164	0.01233	0.01447	0.00904	0.00666	0.00642	0.00214	0.01007	0.00503	0.00301	0.01031
70	0.80005	0.01377	0.01047	0.00936	0.01377	0.01597	0.00771	0.02093	0.01212	0.03195	0.00991	0.01157	0.00771	0.00661	0.00441	0.00220	0.00551	0.00386	0.00441	0.00771
71	0.00869	0.00634	0.00819	0.00959	0.01026	0.00584	0.00648	0.01006	0.01412	0.01862	0.06386	0.64951	0.11904	0.02160	0.00899	0.00282	0.00405	0.01944	0.00665	0.00584
72	0.01578	0.26286	0.49995	0.01774	0.02687	0.02020	0.02186	0.02216	0.01486	0.02072	0.01187	0.01390	0.00906	0.00655	0.00607	0.00202	0.00961	0.00480	0.00302	0.01009
73	0.61483	0.01888	0.08815	0.01171	0.01669	0.10696	0.01051	0.02207	0.01347	0.02905	0.01037	0.01211	0.00804	0.00672	0.00492	0.00216	0.00700	0.00410	0.00416	0.00809
74	0.51970	0.01813	0.01424	0.01221	0.01677	0.12418	0.00986	0.16145	0.01785	0.03247	0.01160	0.01293	0.00886	0.00713	0.00529	0.00213	0.00711	0.00451	0.00487	0.00872
75	0.43101	0.01479	0.10576	0.01107	0.01509	0.01337	0.01007	0.01817	0.01236	0.02537	0.01473	0.02277	0.01356	0.12527	0.10604	0.00421	0.00827	0.03653	0.00422	0.00735

[dist]
# distance from previous block
# <min> <max>
0	1

[block]
# block no. 2 follows, 29 sequences, length 15
# corresponding to MSA columns:
# 432-446
name=unknown_C
#
# <colnr> <probs for GDERKNQSTAVLIFYWHMCP>
#	G	D	E	R	K	N	Q	S	T	A	V	L	I	F	Y	W	H	M	C	P
0	0.26530	0.04245	0.07663	0.01211	0.01762	0.01381	0.01085	0.02355	0.01512	0.19701	0.01537	0.01608	0.01117	0.00717	0.00665	0.00195	0.04954	0.00504	0.00521	0.20738
1	0.10898	0.01565	0.01682	0.01404	0.01879	0.01722	0.01127	0.18994	0.33416	0.16019	0.02386	0.02220	0.01711	0.00890	0.00689	0.00229	0.00623	0.00703	0.00719	0.01124
2	0.01948	0.57139	0.11884	0.01372	0.02031	0.02596	0.01410	0.10596	0.01697	0.02107	0.01118	0.01260	0.00950	0.00649	0.00517	0.00169	0.00800	0.00432	0.00356	0.00969
3	0.02354	0.01238	0.01566	0.01163	0.01754	0.00999	0.00947	0.02650	0.01763	0.37419	0.02054	0.01960	0.01416	0.00708	0.00624	0.00164	0.00567	0.00572	0.00657	0.39422
4	0.01916	0.01591	0.01994	0.01616	0.02072	0.01731	0.09672	0.22231	0.30525	0.03316	0.12967	0.02702	0.02466	0.00964	0.00754	0.00230	0.00674	0.00837	0.00684	0.01059
5	0.01904	0.75404	0.03731	0.01218	0.01828	0.02818	0.01218	0.02132	0.01447	0.01675	0.00990	0.01142	0.00914	0.00609	0.00457	0.00152	0.00761	0.00381	0.00305	0.00914
6	0.00852	0.00682	0.00762	0.00825	0.00989	0.00592	0.00587	0.01010	0.01523	0.01883	0.05947	0.32910	0.45004	0.01968	0.00867	0.00259	0.00381	0.01704	0.00661	0.00592
7	0.01036	0.00690	0.00777	0.00777	0.00777	0.00690	0.00431	0.01036	0.01036	0.01381	0.02244	0.04660	0.02589	0.74975	0.03624	0.00690	0.00690	0.01036	0.00431	0.00431
8	0.02007	0.66011	0.03527	0.01272	0.01876	0.02740	0.01236	0.10581	0.01690	0.02035	0.01082	0.01215	0.00952	0.00641	0.00490	0.00160	0.00764	0.00414	0.00357	0.00952
9	0.00964	0.00678	0.00876	0.00968	0.01036	0.00649	0.00673	0.01119	0.01427	0.01922	0.13967	0.39206	0.04466	0.18620	0.01525	0.00375	0.00495	0.09836	0.00627	0.00570
10	0.00961	0.00702	0.00755	0.00755	0.00848	0.00656	0.00474	0.01030	0.01262	0.01590	0.04158	0.05504	0.28646	0.46794	0.02553	0.00517	0.00563	0.01215	0.00520	0.00497
11	0.00997	0.00674	0.00788	0.00825	0.00835	0.00665	0.00484	0.01025	0.01110	0.01480	0.02626	0.20547	0.03071	0.58430	0.03007	0.00599	0.00627	0.01260	0.00484	0.00465
12	0.62413	0.01836	0.01267	0.01141	0.01565	0.17636	0.00909	0.02264	0.01395	0.02865	0.01016	0.01186	0.00804	0.00678	0.00486	0.00212	0.00718	0.00402	0.00424	0.00784
13	0.62535	0.01339	0.01184	0.01012	0.01477	0.01472	0.00834	0.02406	0.01400	0.18623	0.01405	0.01445	0.00997	0.00711	0.00503	0.00220	0.00563	0.00461	0.00541	0.00871
14	0.63362	0.01418	0.01279	0.10034	0.01891	0.01649	0.00973	0.07885	0.01427	0.03137	0.01089	0.01298	0.00832	0.00684	0.00499	0.00222	0.00621	0.00439	0.00449	0.00812

[dist]
# distance from previous block
# <min> <max>
0	6

[block]
# block no. 3 follows, 29 sequences, length 143
# corresponding to MSA columns:
# 458-600
name=unknown_D
#
# <colnr> <probs for GDERKNQSTAVLIFYWHMCP>
#	G	D	E	R	K	N	Q	S	T	A	V	L	I	F	Y	W	H	M	C	P
0	0.10682	0.01644	0.02830	0.04852	0.13431	0.01561	0.29068	0.04404	0.01617	0.02464	0.01334	0.01692	0.01046	0.00608	0.00688	0.00200	0.00884	0.00640	0.00394	0.19960
1	0.25703	0.01502	0.02186	0.13380	0.20798	0.01582	0.09890	0.02213	0.03460	0.06570	0.01362	0.01667	0.01049	0.00668	0.00634	0.00217	0.00776	0.00582	0.00421	0.05340
2	0.46778	0.01594	0.01631	0.01666	0.12455	0.01778	0.01151	0.20011	0.01855	0.03409	0.01241	0.01402	0.00946	0.00709	0.00556	0.00217	0.00660	0.00494	0.00500	0.00946
3	0.01731	0.01644	0.02733	0.04002	0.62874	0.01609	0.02036	0.02142	0.01605	0.02326	0.01331	0.01731	0.01120	0.00623	0.00685	0.00200	0.00810	0.00611	0.00360	0.09828
4	0.01668	0.01581	0.02620	0.14276	0.53086	0.01593	0.02005	0.02087	0.01576	0.02250	0.01320	0.01751	0.01093	0.00634	0.00686	0.00204	0.00826	0.00611	0.00355	0.09778
5	0.01523	0.01447	0.02457	0.43905	0.32872	0.01629	0.02066	0.01975	0.01508	0.02035	0.01297	0.01840	0.01025	0.00679	0.00709	0.00226	0.00905	0.00634	0.00332	0.00935
6	0.80005	0.01377	0.01047	0.00936	0.01377	0.01597	0.00771	0.02093	0.01212	0.03195	0.00991	0.01157	0.00771	0.00661	0.00441	0.00220	0.00551	0.00386	0.00441	0.00771
7	0.01516	0.16882	0.58854	0.01880	0.02851	0.01868	0.02371	0.02232	0.01493	0.02148	0.01225	0.01437	0.00904	0.00664	0.00636	0.00212	0.00999	0.00499	0.00301	0.01027
8	0.01851	0.67424	0.11247	0.01309	0.01967	0.02688	0.01376	0.02146	0.01453	0.01740	0.01022	0.01182	0.00912	0.00617	0.00481	0.00160	0.00794	0.00397	0.00304	0.00929
9	0.00891	0.00711	0.00798	0.00801	0.00999	0.00618	0.00591	0.01109	0.01703	0.02172	0.24457	0.14210	0.44918	0.01755	0.00849	0.00241	0.00360	0.01503	0.00696	0.00618
10	0.01008	0.00728	0.00952	0.00896	0.01064	0.00672	0.00672	0.01344	0.02016	0.02855	0.70158	0.05319	0.06719	0.01456	0.00840	0.00224	0.00336	0.01288	0.00784	0.00672
11	0.02405	0.01844	0.01967	0.01577	0.02093	0.02067	0.01280	0.47385	0.24613	0.04001	0.02093	0.02015	0.01522	0.00891	0.00716	0.00223	0.00713	0.00694	0.00716	0.01184
12	0.01799	0.01954	0.13531	0.02094	0.02644	0.01719	0.22991	0.04224	0.03917	0.10107	0.01488	0.01801	0.01134	0.00819	0.01137	0.00240	0.19099	0.00677	0.00427	0.08200
13	0.00941	0.00695	0.00888	0.00966	0.01093	0.00642	0.00714	0.01161	0.01622	0.02159	0.22227	0.34819	0.16351	0.01912	0.00890	0.00269	0.00418	0.10921	0.00693	0.00618
14	0.01793	0.01749	0.02861	0.04285	0.68238	0.04058	0.02158	0.02207	0.01635	0.02307	0.01331	0.01746	0.01121	0.00638	0.00703	0.00211	0.00861	0.00629	0.00353	0.01118
15	0.01008	0.00728	0.00952	0.00896	0.01064	0.00672	0.00672	0.01344	0.02016	0.02855	0.70158	0.05319	0.06719	0.01456	0.00840	0.00224	0.00336	0.01288	0.00784	0.00672
16	0.01924	0.01606	0.01696	0.01480	0.01910	0.01842	0.01164	0.14293	0.58489	0.03225	0.02704	0.02502	0.02016	0.00948	0.00723	0.00237	0.00599	0.00778	0.00723	0.01141
17	0.00868	0.00620	0.00826	0.00991	0.01033	0.00578	0.00661	0.00991	0.01363	0.01818	0.03925	0.74510	0.04710	0.02231	0.00909	0.00289	0.00413	0.02024	0.00661	0.00578
18	0.01428	0.03683	0.71286	0.02030	0.03082	0.01654	0.02631	0.02255	0.01503	0.02255	0.01278	0.01503	0.00902	0.00677	0.00677	0.00226	0.01052	0.00526	0.00301	0.01052
19	0.01676	0.01906	0.04122	0.02957	0.03648	0.01816	0.65325	0.02259	0.01657	0.02259	0.01421	0.01906	0.01075	0.00626	0.00899	0.00243	0.04062	0.00832	0.00358	0.00953
20	0.01162	0.00778	0.00918	0.00930	0.01160	0.00686	0.00725	0.01371	0.01631	0.09632	0.05591	0.17189	0.40504	0.01797	0.00864	0.00261	0.00449	0.12993	0.00685	0.00675
21	0.01017	0.00763	0.01144	0.01144	0.01272	0.00890	0.00890	0.01272	0.01144	0.01653	0.01907	0.02797	0.01780	0.05340	0.72153	0.01144	0.01907	0.00763	0.00381	0.00636
22	0.02667	0.03178	0.02036	0.01804	0.02202	0.61331	0.01372	0.12920	0.02223	0.02166	0.01195	0.01350	0.00963	0.00752	0.00653	0.00188	0.01207	0.00487	0.00420	0.00885
23	0.80005	0.01377	0.01047	0.00936	0.01377	0.01597	0.00771	0.02093	0.01212	0.03195	0.00991	0.01157	0.00771	0.00661	0.00441	0.00220	0.00551	0.00386	0.00441	0.00771
24	0.02780	0.01220	0.01553	0.01237	0.01726	0.01140	0.01007	0.05513	0.11009	0.52055	0.02730	0.02456	0.01806	0.00886	0.00693	0.00217	0.00576	0.00720	0.09538	0.01139
25	0.01322	0.01065	0.01252	0.01193	0.01497	0.01076	0.00964	0.02141	0.22027	0.02495	0.13474	0.05046	0.10882	0.01389	0.00810	0.00248	0.00531	0.21145	0.00666	0.10775
26	0.01505	0.01429	0.02426	0.46778	0.30135	0.01624	0.02057	0.01960	0.01500	0.02014	0.01294	0.01846	0.01018	0.00682	0.00709	0.00227	0.00910	0.00633	0.00330	0.00921
27	0.01649	0.01576	0.02686	0.23041	0.52748	0.01662	0.02129	0.02086	0.01568	0.02189	0.01319	0.01799	0.01079	0.00655	0.00707	0.00218	0.00874	0.00634	0.00343	0.01037
28	0.00985	0.00704	0.00961	0.01126	0.01219	0.00680	0.00865	0.01195	0.01479	0.01949	0.03860	0.46580	0.04453	0.02120	0.00940	0.00305	0.00515	0.28794	0.00659	0.00611
29	0.03176	0.01243	0.01672	0.01282	0.01833	0.01092	0.01059	0.06025	0.02090	0.68399	0.02766	0.02395	0.01741	0.00880	0.00716	0.00220	0.00613	0.00713	0.00875	0.01212
30	0.00842	0.00721	0.00721	0.00721	0.00962	0.00601	0.00541	0.01022	0.01623	0.01924	0.07213	0.06853	0.70244	0.01803	0.00842	0.00240	0.00361	0.01503	0.00661	0.00601
31	0.02632	0.03101	0.02020	0.01788	0.02189	0.58368	0.01362	0.13131	0.04882	0.02222	0.01267	0.01405	0.01013	0.00762	0.00656	0.00190	0.01177	0.00501	0.00435	0.00898
32	0.01762	0.01692	0.02890	0.04371	0.70533	0.01692	0.02185	0.02185	0.01621	0.02326	0.01339	0.01762	0.01128	0.00634	0.00705	0.00211	0.00846	0.00634	0.00352	0.01128
33	0.01871	0.70495	0.08355	0.01274	0.01913	0.02738	0.01315	0.02141	0.01451	0.01715	0.01010	0.01167	0.00913	0.00614	0.00472	0.00157	0.00781	0.00391	0.00304	0.00923
34	0.01123	0.00881	0.01034	0.00968	0.01196	0.00870	0.00734	0.01752	0.14916	0.02696	0.44822	0.05106	0.18309	0.01429	0.00818	0.00231	0.00385	0.01237	0.00748	0.00746
35	0.00871	0.00695	0.00780	0.00816	0.00994	0.00605	0.00590	0.01057	0.01606	0.02020	0.14738	0.24613	0.44367	0.01870	0.00859	0.00251	0.00371	0.01613	0.00678	0.00605
36	0.01327	0.00664	0.00664	0.00664	0.00830	0.00664	0.00498	0.01659	0.01493	0.02655	0.02323	0.02655	0.01825	0.00830	0.00498	0.00166	0.00332	0.00664	0.78928	0.00664
37	0.04528	0.11845	0.07803	0.02192	0.18330	0.11250	0.01551	0.12142	0.07247	0.13848	0.01663	0.01749	0.01241	0.00747	0.00658	0.00205	0.00830	0.00589	0.00515	0.01068
38	0.04380	0.19952	0.07794	0.01998	0.09863	0.13069	0.09344	0.11178	0.08916	0.02464	0.03532	0.01714	0.01301	0.00733	0.00648	0.00201	0.00889	0.00593	0.00443	0.00989
39	0.01327	0.00664	0.00664	0.00664	0.00830	0.00664	0.00498	0.01659	0.01493	0.02655	0.02323	0.02655	0.01825	0.00830	0.00498	0.00166	0.00332	0.00664	0.78928	0.00664
40	0.01778	0.27917	0.35420	0.01769	0.02557	0.12211	0.04837	0.02299	0.01566	0.01985	0.01162	0.01367	0.00916	0.00659	0.00604	0.00195	0.00993	0.00481	0.00314	0.00969
41	0.80005	0.01377	0.01047	0.00936	0.01377	0.01597	0.00771	0.02093	0.01212	0.03195	0.00991	0.01157	0.00771	0.00661	0.00441	0.00220	0.00551	0.00386	0.00441	0.00771
42	0.01237	0.01108	0.01563	0.08142	0.04058	0.01351	0.01178	0.01474	0.01417	0.02008	0.16311	0.12703	0.08698	0.01697	0.06581	0.00335	0.27893	0.01036	0.00493	0.00717
43	0.80005	0.01377	0.01047	0.00936	0.01377	0.01597	0.00771	0.02093	0.01212	0.03195	0.00991	0.01157	0.00771	0.00661	0.00441	0.00220	0.00551	0.00386	0.00441	0.00771
44	0.80005	0.01377	0.01047	0.00936	0.01377	0.01597	0.00771	0.02093	0.01212	0.03195	0.00991	0.01157	0.00771	0.00661	0.00441	0.00220	0.00551	0.00386	0.00441	0.00771
45	0.01477	0.01266	0.01477	0.01055	0.01687	0.00949	0.00844	0.01793	0.01477	0.02320	0.01266	0.01477	0.01055	0.00527	0.00527	0.00105	0.00527	0.00422	0.00422	0.79328
46	0.02284	0.01501	0.02310	0.07713	0.35286	0.01468	0.01674	0.06923	0.01861	0.26315	0.01867	0.01988	0.01339	0.00736	0.00704	0.00213	0.00754	0.00656	0.00560	0.03848
47	0.01802	0.60032	0.18210	0.01392	0.02096	0.02568	0.01521	0.02159	0.01459	0.01800	0.01052	0.01220	0.00911	0.00624	0.00504	0.00168	0.00824	0.00412	0.00304	0.00943
48	0.02904	0.01287	0.01783	0.01623	0.09452	0.01169	0.01175	0.07161	0.02042	0.56291	0.02628	0.05470	0.01788	0.00911	0.00723	0.00222	0.00635	0.00760	0.00803	0.01175
49	0.01079	0.00835	0.01112	0.01386	0.11815	0.00807	0.00780	0.01203	0.01296	0.01718	0.03258	0.21799	0.12974	0.34413	0.02080	0.00449	0.00597	0.01287	0.00510	0.00602
50	0.01268	0.01215	0.04631	0.01369	0.01721	0.01120	0.10885	0.02007	0.17020	0.02537	0.25398	0.06546	0.16535	0.01291	0.00814	0.00239	0.00566	0.03366	0.00655	0.00818
51	0.01831	0.13133	0.01956	0.01405	0.01819	0.04310	0.01144	0.11407	0.37623	0.02728	0.02235	0.02270	0.01750	0.01540	0.11331	0.00357	0.00848	0.00699	0.00593	0.01021
52	0.01327	0.00664	0.00664	0.00664	0.00830	0.00664	0.00498	0.01659	0.01493	0.02655	0.02323	0.02655	0.01825	0.00830	0.00498	0.00166	0.00332	0.00664	0.78928	0.00664
53	0.04662	0.08950	0.10739	0.07630	0.21778	0.05812	0.01737	0.14661	0.03941	0.04939	0.01410	0.01655	0.01099	0.00740	0.00755	0.00212	0.04935	0.00581	0.00440	0.03322
54	0.04972	0.10120	0.12963	0.01608	0.02072	0.01517	0.11733	0.05943	0.03899	0.05046	0.09607	0.17707	0.02488	0.01144	0.00854	0.00238	0.05723	0.00990	0.00511	0.00865
55	0.01327	0.00664	0.00664	0.00664	0.00830	0.00664	0.00498	0.01659	0.01493	0.02655	0.02323	0.02655	0.01825	0.00830	0.00498	0.00166	0.00332	0.00664	0.78928	0.00664
56	0.10657	0.22471	0.02703	0.01745	0.02238	0.35239	0.11196	0.02486	0.01726	0.01961	0.01110	0.01327	0.00925	0.00672	0.00600	0.00187	0.01051	0.00487	0.00357	0.00864
57	0.80005	0.01377	0.01047	0.00936	0.01377	0.01597	0.00771	0.02093	0.01212	0.03195	0.00991	0.01157	0.00771	0.00661	0.00441	0.00220	0.00551	0.00386	0.00441	0.00771
58	0.01705	0.01644	0.02759	0.22939	0.03399	0.01840	0.23298	0.10590	0.09249	0.02422	0.01513	0.01917	0.01159	0.00799	0.00990	0.00246	0.11449	0.00719	0.00426	0.00935
59	0.80005	0.01377	0.01047	0.00936	0.01377	0.01597	0.00771	0.02093	0.01212	0.03195	0.00991	0.01157	0.00771	0.00661	0.00441	0.00220	0.00551	0.00386	0.00441	0.00771
60	0.01170	0.00941	0.01069	0.00999	0.01249	0.00948	0.00760	0.01915	0.19945	0.02648	0.35862	0.05001	0.21908	0.01414	0.00809	0.00233	0.00403	0.01214	0.00736	0.00776
61	0.01542	0.01467	0.02492	0.40758	0.35870	0.01634	0.02076	0.01992	0.01517	0.02059	0.01300	0.01834	0.01034	0.00675	0.00709	0.00225	0.00900	0.00634	0.00333	0.00950
62	0.01195	0.00942	0.01104	0.01026	0.01264	0.00959	0.00780	0.01964	0.20004	0.02789	0.45416	0.04768	0.12265	0.01361	0.00809	0.00230	0.00400	0.01181	0.00755	0.00786
63	0.01319	0.01294	0.02479	0.01938	0.02362	0.01237	0.31753	0.01745	0.01633	0.02206	0.12356	0.03872	0.10081	0.01775	0.12050	0.00391	0.01024	0.09200	0.00496	0.00789
64	0.01024	0.00853	0.00916	0.00919	0.01171	0.00804	0.00721	0.01491	0.11372	0.02108	0.06051	0.06433	0.50053	0.01708	0.00847	0.00254	0.00436	0.11483	0.00669	0.00685
65	0.01382	0.01339	0.02366	0.65447	0.04773	0.01606	0.09317	0.01871	0.01452	0.01871	0.01285	0.01901	0.00964	0.00699	0.00726	0.00238	0.00977	0.00656	0.00321	0.00810
66	0.01524	0.01620	0.03236	0.10383	0.03234	0.01682	0.41662	0.01999	0.01493	0.02059	0.01430	0.02010	0.01157	0.01439	0.12207	0.00391	0.10478	0.00778	0.00352	0.00868
67	0.01087	0.00881	0.01144	0.01185	0.01330	0.00939	0.00972	0.01318	0.01513	0.01965	0.04355	0.15104	0.23078	0.01839	0.01145	0.00295	0.11997	0.28599	0.00604	0.00649
68	0.67874	0.01474	0.01218	0.01047	0.01508	0.01693	0.00863	0.12461	0.01547	0.03398	0.01104	0.01243	0.00840	0.00691	0.00483	0.00219	0.00587	0.00426	0.00483	0.00840
69	0.02065	0.01470	0.01692	0.01253	0.01856	0.01328	0.01019	0.21307	0.02096	0.12162	0.01602	0.01671	0.01195	0.00670	0.00606	0.00152	0.00612	0.00525	0.00568	0.46150
70	0.01126	0.00805	0.01117	0.01246	0.01411	0.00796	0.01073	0.01455	0.01698	0.02245	0.14189	0.07606	0.04509	0.01887	0.00961	0.00312	0.00606	0.55626	0.00676	0.00658
71	0.00889	0.00707	0.00798	0.00809	0.01000	0.00616	0.00594	0.01101	0.01684	0.02150	0.23087	0.17071	0.43418	0.01780	0.00852	0.00244	0.00362	0.01529	0.00693	0.00616
72	0.01650	0.01830	0.03694	0.02717	0.03256	0.01896	0.51273	0.02138	0.01532	0.02138	0.01314	0.01830	0.01044	0.00763	0.01216	0.00258	0.19402	0.00786	0.00348	0.00915
73	0.01667	0.01880	0.03977	0.02875	0.03515	0.01843	0.60561	0.02218	0.01615	0.02218	0.01384	0.01880	0.01064	0.00672	0.01007	0.00248	0.09263	0.00816	0.00355	0.00940
74	0.01827	0.01513	0.01629	0.01459	0.01858	0.01724	0.01160	0.12158	0.52890	0.03087	0.02836	0.03128	0.02259	0.01063	0.00752	0.00247	0.00603	0.08007	0.00715	0.01086
75	0.01651	0.02154	0.14441	0.02676	0.03413	0.01774	0.50263	0.02444	0.09170	0.02354	0.01577	0.01937	0.01174	0.00653	0.00802	0.00238	0.01106	0.00787	0.00391	0.00993
76	0.12047	0.01552	0.01628	0.01321	0.01759	0.01703	0.01070	0.38502	0.06692	0.03786	0.12496	0.02361	0.02142	0.00929	0.00676	0.00213	0.00624	0.00722	0.08767	0.01009
77	0.01349	0.01109	0.01276	0.01121	0.01485	0.01071	0.00882	0.02151	0.21342	0.02592	0.20223	0.03953	0.09819	0.01154	0.00739	0.00210	0.00485	0.07113	0.00648	0.21277
78	0.01327	0.00664	0.00664	0.00664	0.00830	0.00664	0.00498	0.01659	0.01493	0.02655	0.02323	0.02655	0.01825	0.00830	0.00498	0.00166	0.00332	0.00664	0.78928	0.00664
79	0.11019	0.02149	0.01831	0.01514	0.01974	0.23306	0.01202	0.19851	0.04424	0.06893	0.01428	0.01545	0.01095	0.00775	0.00738	0.00196	0.05622	0.00531	0.00514	0.13394
80	0.14800	0.01498	0.04667	0.01295	0.01853	0.01382	0.01104	0.13319	0.06554	0.34289	0.02110	0.01978	0.01428	0.00799	0.00649	0.00208	0.00633	0.00616	0.00696	0.10120
81	0.01327	0.00664	0.00664	0.00664	0.00830	0.00664	0.00498	0.01659	0.01493	0.02655	0.02323	0.02655	0.01825	0.00830	0.00498	0.00166	0.00332	0.00664	0.78928	0.00664
82	0.10665	0.01929	0.02391	0.14291	0.38844	0.15703	0.01832	0.02249	0.01623	0.02228	0.01241	0.01620	0.01018	0.00669	0.00664	0.00211	0.00916	0.00571	0.00360	0.00975
83	0.71460	0.01359	0.01114	0.00973	0.01426	0.01536	0.00802	0.02246	0.01304	0.10741	0.01194	0.01298	0.00881	0.00686	0.00471	0.00220	0.00557	0.00422	0.00490	0.00820
84	0.01852	0.01941	0.10781	0.02678	0.13638	0.01676	0.32728	0.02623	0.11769	0.10268	0.01781	0.02017	0.01309	0.00701	0.00769	0.00232	0.00965	0.00754	0.00466	0.01051
85	0.80005	0.01377	0.01047	0.00936	0.01377	0.01597	0.00771	0.02093	0.01212	0.03195	0.00991	0.01157	0.00771	0.00661	0.00441	0.00220	0.00551	0.00386	0.00441	0.00771
86	0.01675	0.01629	0.02854	0.17518	0.52329	0.01680	0.07629	0.02123	0.01588	0.02225	0.01334	0.01802	0.01090	0.00647	0.00718	0.00219	0.00895	0.00651	0.00346	0.01049
87	0.01909	0.01502	0.01610	0.01373	0.01792	0.01646	0.01104	0.27895	0.25986	0.03297	0.03328	0.03487	0.14944	0.01156	0.00761	0.00237	0.00616	0.05630	0.00703	0.01024
88	0.00931	0.00709	0.00829	0.00898	0.01039	0.00647	0.00658	0.01095	0.01470	0.01848	0.05033	0.23287	0.32144	0.13419	0.01319	0.00338	0.00476	0.12656	0.00624	0.00578
89	0.01907	0.15695	0.12983	0.01449	0.02086	0.14903	0.01349	0.09557	0.01787	0.02326	0.01236	0.01410	0.00997	0.00641	0.00580	0.00160	0.00823	0.00462	0.00404	0.29246
90	0.01876	0.15840	0.21611	0.01449	0.02125	0.03962	0.01486	0.02462	0.07728	0.13996	0.05581	0.01904	0.01528	0.00745	0.00628	0.00189	0.00750	0.00579	0.00491	0.15069
91	0.02296	0.01865	0.02401	0.02189	0.13042	0.02012	0.08857	0.40242	0.13368	0.03663	0.01811	0.01892	0.01336	0.00810	0.00727	0.00221	0.00805	0.00688	0.00619	0.01157
92	0.01773	0.13290	0.02853	0.08201	0.44621	0.05006	0.01914	0.02128	0.01539	0.02096	0.01224	0.01631	0.01051	0.00708	0.00845	0.00214	0.08961	0.00586	0.00339	0.01019
93	0.01505	0.01476	0.02644	0.44534	0.22114	0.01644	0.11871	0.01985	0.01514	0.02022	0.01311	0.01866	0.01016	0.00675	0.00729	0.00231	0.00959	0.00664	0.00332	0.00906
94	0.01327	0.00664	0.00664	0.00664	0.00830	0.00664	0.00498	0.01659	0.01493	0.02655	0.02323	0.02655	0.01825	0.00830	0.00498	0.00166	0.00332	0.00664	0.78928	0.00664
95	0.01816	0.01579	0.02641	0.03855	0.59690	0.01561	0.01977	0.02220	0.01685	0.07766	0.06847	0.02093	0.01616	0.00718	0.00716	0.00213	0.00787	0.00692	0.00428	0.01099
96	0.05130	0.02116	0.02040	0.01998	0.12265	0.19512	0.01391	0.21687	0.13491	0.10581	0.01796	0.01828	0.01331	0.00806	0.00687	0.00211	0.00855	0.00621	0.00583	0.01072
97	0.01327	0.00664	0.00664	0.00664	0.00830	0.00664	0.00498	0.01659	0.01493	0.02655	0.02323	0.02655	0.01825	0.00830	0.00498	0.00166	0.00332	0.00664	0.78928	0.00664
98	0.09263	0.01747	0.01981	0.09920	0.13008	0.08340	0.01429	0.21461	0.09814	0.04958	0.01707	0.04342	0.01364	0.01046	0.03877	0.00264	0.03269	0.00672	0.00531	0.01003
99	0.80005	0.01377	0.01047	0.00936	0.01377	0.01597	0.00771	0.02093	0.01212	0.03195	0.00991	0.01157	0.00771	0.00661	0.00441	0.00220	0.00551	0.00386	0.00441	0.00771
100	0.07895	0.01799	0.09991	0.11312	0.34202	0.01657	0.01856	0.11888	0.01790	0.02609	0.01554	0.07394	0.01347	0.00808	0.00699	0.00223	0.00815	0.00713	0.00427	0.01021
101	0.67658	0.01265	0.00986	0.00894	0.01291	0.01451	0.00728	0.02025	0.01256	0.03110	0.01200	0.01392	0.00937	0.00687	0.00450	0.00212	0.00516	0.00429	0.12758	0.00754
102	0.01346	0.01006	0.01202	0.01068	0.01322	0.01023	0.00824	0.11580	0.09694	0.03113	0.52467	0.04485	0.05392	0.01312	0.00808	0.00224	0.00428	0.01138	0.00767	0.00803
103	0.01379	0.01150	0.01506	0.01687	0.13049	0.03869	0.03311	0.04141	0.09300	0.02566	0.24658	0.14730	0.03800	0.01266	0.00776	0.00231	0.00553	0.03356	0.07855	0.00818
104	0.01727	0.01708	0.03055	0.03871	0.52503	0.01663	0.15203	0.02178	0.01623	0.02317	0.01355	0.01774	0.01113	0.00620	0.00720	0.00210	0.00895	0.00661	0.00359	0.06446
105	0.01536	0.02617	0.38592	0.01729	0.02459	0.01631	0.01907	0.02793	0.28215	0.02563	0.05016	0.02326	0.01757	0.00865	0.00712	0.00235	0.00816	0.02678	0.00500	0.01053
106	0.01475	0.01398	0.02371	0.51791	0.25359	0.01616	0.02042	0.01933	0.01485	0.01977	0.01289	0.01856	0.01005	0.00688	0.00710	0.00229	0.00917	0.00633	0.00328	0.00896
107	0.01762	0.01692	0.02890	0.04371	0.70533	0.01692	0.02185	0.02185	0.01621	0.02326	0.01339	0.01762	0.01128	0.00634	0.00705	0.00211	0.00846	0.00634	0.00352	0.01128
108	0.00866	0.00722	0.00756	0.00747	0.00977	0.00612	0.00561	0.01070	0.01682	0.02063	0.16601	0.06624	0.60770	0.01752	0.00841	0.00238	0.00357	0.01471	0.00680	0.00612
109	0.00863	0.00636	0.00810	0.00949	0.01022	0.00582	0.00642	0.00996	0.01404	0.01834	0.04441	0.63893	0.14994	0.02164	0.00898	0.00282	0.00405	0.01942	0.00661	0.00582
110	0.01460	0.03460	0.62775	0.02153	0.03163	0.01672	0.10917	0.02258	0.01526	0.02258	0.01299	0.01556	0.00925	0.00667	0.00697	0.00227	0.01071	0.00566	0.00308	0.01041
111	0.00963	0.00726	0.00889	0.00849	0.01036	0.00653	0.00636	0.01257	0.01909	0.02603	0.53100	0.05735	0.23934	0.01550	0.00840	0.00228	0.00343	0.01346	0.00751	0.00653
112	0.01446	0.01361	0.01348	0.01256	0.01411	0.13826	0.00931	0.03875	0.01373	0.01744	0.01845	0.07685	0.01890	0.21622	0.23153	0.00624	0.09260	0.00831	0.00417	0.04102
113	0.00857	0.00722	0.00743	0.00738	0.00971	0.00608	0.00553	0.01052	0.01660	0.02011	0.13144	0.06708	0.64259	0.01771	0.00841	0.00239	0.00358	0.01483	0.00673	0.00608
114	0.01527	0.15940	0.40408	0.01622	0.02482	0.01674	0.01897	0.02109	0.01486	0.02168	0.01223	0.01431	0.00945	0.00624	0.00597	0.00180	0.00859	0.00472	0.00334	0.22020
115	0.01706	0.01635	0.02789	0.13607	0.61734	0.01677	0.02157	0.02136	0.01595	0.02258	0.01330	0.01781	0.01104	0.00645	0.00706	0.00215	0.00860	0.00634	0.00348	0.01083
116	0.80005	0.01377	0.01047	0.00936	0.01377	0.01597	0.00771	0.02093	0.01212	0.03195	0.00991	0.01157	0.00771	0.00661	0.00441	0.00220	0.00551	0.00386	0.00441	0.00771
117	0.01682	0.00866	0.01103	0.00961	0.01252	0.00775	0.00750	0.01980	0.01917	0.23245	0.34750	0.04336	0.12336	0.01255	0.00765	0.00218	0.00420	0.01072	0.09492	0.00825
118	0.01554	0.01381	0.01860	0.01953	0.20345	0.01150	0.01207	0.01899	0.01516	0.02322	0.01286	0.01554	0.01075	0.00556	0.00575	0.00134	0.00614	0.00479	0.00403	0.58136
119	0.02457	0.22677	0.02477	0.01669	0.02101	0.53559	0.01334	0.02653	0.01865	0.01725	0.01071	0.01246	0.00916	0.00700	0.00592	0.00175	0.01144	0.00438	0.00350	0.00849
120	0.01651	0.01707	0.03001	0.02893	0.20861	0.01931	0.22418	0.02017	0.01417	0.02055	0.01201	0.01726	0.01032	0.00881	0.01433	0.00262	0.31553	0.00694	0.00338	0.00929
121	0.01520	0.01759	0.09824	0.01855	0.01978	0.02066	0.01648	0.01754	0.01139	0.01771	0.01016	0.01606	0.00968	0.01363	0.05216	0.00339	0.62443	0.00618	0.00313	0.00803
122	0.01734	0.01663	0.02839	0.09063	0.66063	0.01684	0.02171	0.02160	0.01608	0.02292	0.01334	0.01772	0.01116	0.00640	0.00705	0.00213	0.00853	0.00634	0.00350	0.01105
123	0.00931	0.00725	0.00845	0.00815	0.01017	0.00639	0.00611	0.01195	0.01834	0.02425	0.41115	0.06027	0.36030	0.01616	0.00841	0.00232	0.00347	0.01387	0.00727	0.00639
124	0.01402	0.01112	0.01250	0.01145	0.01442	0.01187	0.00882	0.02483	0.32910	0.04789	0.25700	0.04139	0.13460	0.01397	0.03253	0.00266	0.00507	0.01061	0.00728	0.00886
125	0.01036	0.00690	0.00777	0.00777	0.00777	0.00690	0.00431	0.01036	0.01036	0.01381	0.02244	0.04660	0.02589	0.74975	0.03624	0.00690	0.00690	0.01036	0.00431	0.00431
126	0.01850	0.02060	0.02119	0.19112	0.02706	0.23861	0.01602	0.02092	0.01460	0.01748	0.01066	0.01555	0.00933	0.00957	0.01415	0.00254	0.33507	0.00574	0.00330	0.00796
127	0.71263	0.01634	0.08861	0.01058	0.01567	0.01604	0.00978	0.02111	0.01244	0.03090	0.01023	0.01195	0.00786	0.00663	0.00467	0.00221	0.00607	0.00401	0.00425	0.00802
128	0.01497	0.14020	0.61549	0.01913	0.02901	0.01821	0.02427	0.02237	0.01495	0.02171	0.01236	0.01451	0.00904	0.00667	0.00645	0.00215	0.01010	0.00505	0.00301	0.01032
129	0.03195	0.01212	0.01652	0.01267	0.01818	0.01047	0.01047	0.03470	0.02038	0.71026	0.02809	0.02424	0.01763	0.00881	0.00716	0.00220	0.00606	0.00716	0.00881	0.01212
130	0.01904	0.75404	0.03731	0.01218	0.01828	0.02818	0.01218	0.02132	0.01447	0.01675	0.00990	0.01142	0.00914	0.00609	0.00457	0.00152	0.00761	0.00381	0.00305	0.00914
131	0.01467	0.03410	0.60878	0.02180	0.03181	0.01677	0.12764	0.02259	0.01531	0.02259	0.01303	0.01568	0.00930	0.00665	0.00702	0.00228	0.01075	0.00575	0.00310	0.01038
132	0.01519	0.01444	0.02451	0.44513	0.32293	0.01628	0.02064	0.01972	0.01506	0.02031	0.01296	0.01842	0.01024	0.00680	0.00709	0.00227	0.00906	0.00633	0.00331	0.00932
133	0.01439	0.01291	0.01811	0.01338	0.01918	0.01035	0.10831	0.01777	0.01494	0.02259	0.01588	0.09668	0.01465	0.00728	0.00616	0.00146	0.00615	0.00663	0.00439	0.58879
134	0.24008	0.02837	0.01750	0.01587	0.01974	0.52653	0.01209	0.02636	0.01795	0.02144	0.01071	0.01249	0.00877	0.00714	0.00586	0.00194	0.01082	0.00438	0.00387	0.00811
135	0.01400	0.02980	0.52496	0.01787	0.02628	0.01513	0.02156	0.02282	0.09120	0.02430	0.12268	0.02230	0.01956	0.00831	0.00707	0.00227	0.00886	0.00677	0.00424	0.01001
136	0.00855	0.00722	0.00739	0.00735	0.00970	0.00607	0.00551	0.01047	0.01654	0.01996	0.12119	0.06733	0.65293	0.01776	0.00841	0.00239	0.00359	0.01486	0.00671	0.00607
137	0.01523	0.01307	0.01498	0.01117	0.01713	0.01078	0.00888	0.02105	0.12112	0.02424	0.01522	0.01662	0.01230	0.00596	0.00558	0.00127	0.00533	0.00482	0.00469	0.67056
