[name]
unknown

[dist]
# distance from previous block
# <min> <max>
7	1266

[block]
# block no. 0 follows, 29 sequences, length 20
# corresponding to MSA columns:
# 1503-1522
name=unknown_A
#
# <colnr> <probs for GDERKNQSTAVLIFYWHMCP>
#	G	D	E	R	K	N	Q	S	T	A	V	L	I	F	Y	W	H	M	C	P
0	0.02113	0.17117	0.04606	0.02170	0.13501	0.06394	0.07815	0.23408	0.04179	0.02806	0.01388	0.01605	0.01101	0.00773	0.00823	0.00212	0.07891	0.00595	0.00466	0.01041
1	0.01841	0.01549	0.01521	0.06833	0.01846	0.12632	0.01060	0.20849	0.02107	0.04208	0.09770	0.13031	0.02474	0.07828	0.03168	0.00290	0.00760	0.00928	0.06471	0.00836
2	0.44786	0.01204	0.01145	0.01102	0.01454	0.01341	0.00919	0.02095	0.07829	0.05058	0.04319	0.03457	0.02091	0.01099	0.00646	0.00253	0.00577	0.19285	0.00555	0.00783
3	0.00959	0.00661	0.00807	0.00878	0.00904	0.00640	0.00544	0.01030	0.01225	0.01641	0.06030	0.35805	0.03718	0.39282	0.02290	0.00491	0.00551	0.01487	0.00549	0.00508
4	0.06914	0.08567	0.06397	0.06730	0.06054	0.48015	0.01489	0.04216	0.01866	0.01958	0.01136	0.01357	0.00928	0.00713	0.00628	0.00192	0.01128	0.00478	0.00367	0.00867
5	0.01116	0.00888	0.01332	0.21814	0.02186	0.01036	0.01082	0.01367	0.01196	0.01629	0.01812	0.03032	0.01755	0.22475	0.33407	0.00763	0.01309	0.00798	0.00376	0.00626
6	0.02408	0.02749	0.01910	0.01708	0.02101	0.46478	0.01302	0.08143	0.21479	0.02310	0.01665	0.01712	0.01302	0.00810	0.00671	0.00202	0.01038	0.00572	0.00496	0.00942
7	0.01100	0.00709	0.00869	0.00829	0.00996	0.00670	0.00622	0.01435	0.01865	0.02798	0.50624	0.04552	0.05310	0.01275	0.00741	0.00207	0.00335	0.01108	0.23286	0.00670
8	0.01412	0.01483	0.01167	0.01115	0.01353	0.21211	0.00828	0.01630	0.01816	0.02111	0.21980	0.11544	0.26777	0.01445	0.00790	0.00224	0.00625	0.01196	0.00609	0.00682
9	0.02457	0.01725	0.01888	0.01521	0.02031	0.01894	0.01233	0.37005	0.25628	0.13444	0.02271	0.02134	0.01618	0.00897	0.00717	0.00224	0.00683	0.00708	0.00741	0.01182
10	0.01066	0.00963	0.01166	0.01071	0.01234	0.01064	0.00848	0.01256	0.01512	0.01963	0.12165	0.05163	0.43465	0.01606	0.01272	0.00259	0.21468	0.01226	0.00574	0.00660
11	0.01043	0.00806	0.01014	0.01010	0.01221	0.00685	0.00714	0.01222	0.01396	0.01962	0.03159	0.53480	0.03657	0.01740	0.00799	0.00236	0.00446	0.01563	0.00592	0.23255
12	0.80005	0.01377	0.01047	0.00936	0.01377	0.01597	0.00771	0.02093	0.01212	0.03195	0.00991	0.01157	0.00771	0.00661	0.00441	0.00220	0.00551	0.00386	0.00441	0.00771
13	0.02496	0.01374	0.01577	0.01251	0.01705	0.01404	0.01020	0.28641	0.02410	0.26128	0.02241	0.02203	0.01561	0.00857	0.00656	0.00203	0.00602	0.00672	0.21937	0.01063
14	0.01447	0.01546	0.03230	0.02422	0.02947	0.01449	0.48572	0.01910	0.01589	0.02148	0.02156	0.22823	0.02125	0.01070	0.00860	0.00254	0.00974	0.01181	0.00447	0.00850
15	0.02315	0.01785	0.02137	0.22263	0.02985	0.02028	0.01533	0.49056	0.02794	0.03719	0.01582	0.01764	0.01136	0.00814	0.00712	0.00220	0.00831	0.00639	0.00598	0.01090
16	0.02226	0.01794	0.02065	0.01675	0.02054	0.02130	0.01376	0.38713	0.13255	0.03447	0.01677	0.01818	0.01286	0.00985	0.01182	0.00246	0.21737	0.00662	0.00599	0.01073
17	0.57733	0.01958	0.01326	0.01195	0.01614	0.21904	0.00945	0.02309	0.01444	0.02777	0.01023	0.01193	0.00813	0.00682	0.00499	0.00210	0.00762	0.00407	0.00419	0.00787
18	0.01765	0.01645	0.02522	0.03529	0.50756	0.01715	0.01881	0.02646	0.21094	0.02514	0.01788	0.02020	0.01429	0.00730	0.00711	0.00220	0.00765	0.00684	0.00460	0.01128
19	0.24965	0.01817	0.01823	0.01436	0.01969	0.02032	0.01186	0.49135	0.02733	0.04115	0.01503	0.01550	0.01084	0.00799	0.00634	0.00216	0.00717	0.00568	0.00634	0.01084

[dist]
# distance from previous block
# <min> <max>
0	12

[block]
# block no. 1 follows, 29 sequences, length 16
# corresponding to MSA columns:
# 1535-1550
name=unknown_B
#
# <colnr> <probs for GDERKNQSTAVLIFYWHMCP>
#	G	D	E	R	K	N	Q	S	T	A	V	L	I	F	Y	W	H	M	C	P
0	0.01921	0.01588	0.01753	0.01501	0.01866	0.01854	0.01188	0.19053	0.39711	0.03075	0.02313	0.02427	0.01810	0.06171	0.01130	0.00275	0.09904	0.00758	0.00649	0.01055
1	0.00879	0.00625	0.00823	0.00976	0.01015	0.00586	0.00645	0.00995	0.01340	0.01787	0.03807	0.69606	0.04561	0.07339	0.01100	0.00317	0.00433	0.01955	0.00645	0.00568
2	0.00925	0.00661	0.00893	0.01058	0.01124	0.00628	0.00761	0.01091	0.01420	0.01882	0.03893	0.60791	0.04583	0.02176	0.00924	0.00297	0.00463	0.15174	0.00660	0.00594
3	0.02660	0.03394	0.02018	0.01834	0.02201	0.72116	0.01376	0.02843	0.02018	0.01743	0.01101	0.01284	0.00917	0.00734	0.00642	0.00183	0.01284	0.00459	0.00367	0.00825
4	0.02783	0.01805	0.01852	0.01484	0.01989	0.11551	0.01197	0.27652	0.05353	0.30537	0.02202	0.04865	0.01570	0.00908	0.00712	0.00216	0.00759	0.00707	0.00730	0.01128
5	0.00904	0.00647	0.00863	0.00994	0.01061	0.00606	0.00689	0.01071	0.01477	0.01992	0.13978	0.60407	0.04982	0.02099	0.00902	0.00281	0.00415	0.05356	0.00679	0.00597
6	0.01036	0.00690	0.00777	0.00777	0.00777	0.00690	0.00431	0.01036	0.01036	0.01381	0.02244	0.04660	0.02589	0.74975	0.03624	0.00690	0.00690	0.01036	0.00431	0.00431
7	0.46795	0.06525	0.01702	0.01615	0.10970	0.11510	0.01134	0.05724	0.01504	0.02795	0.01090	0.01299	0.00878	0.00695	0.00585	0.00212	0.03236	0.00451	0.00420	0.00860
8	0.01663	0.01180	0.01298	0.01197	0.01502	0.01287	0.00915	0.06229	0.33976	0.07778	0.02904	0.16169	0.02499	0.01165	0.00711	0.00232	0.00502	0.00991	0.16863	0.00938
9	0.02157	0.07036	0.08568	0.02257	0.14065	0.14391	0.05944	0.22047	0.04259	0.02776	0.01394	0.01616	0.01092	0.00791	0.00855	0.00218	0.08443	0.00597	0.00463	0.01032
10	0.01036	0.00690	0.00777	0.00777	0.00777	0.00690	0.00431	0.01036	0.01036	0.01381	0.02244	0.04660	0.02589	0.74975	0.03624	0.00690	0.00690	0.01036	0.00431	0.00431
11	0.01686	0.17186	0.13320	0.02530	0.11936	0.01909	0.31094	0.02197	0.01584	0.02162	0.01298	0.01646	0.01025	0.00612	0.00696	0.00206	0.00991	0.00642	0.00344	0.06937
12	0.01108	0.00956	0.04047	0.01000	0.01242	0.00847	0.00803	0.01664	0.10491	0.02763	0.53104	0.04952	0.11492	0.01391	0.00818	0.00228	0.00398	0.01213	0.00745	0.00740
13	0.01106	0.00790	0.01100	0.01264	0.01410	0.00784	0.01075	0.01404	0.01598	0.02085	0.03793	0.17883	0.04189	0.02006	0.00972	0.00322	0.00620	0.56299	0.00656	0.00644
14	0.02085	0.58179	0.03321	0.01366	0.01917	0.19393	0.01256	0.02302	0.01583	0.01691	0.01016	0.01176	0.00915	0.00639	0.00501	0.00160	0.00887	0.00399	0.00319	0.00893
15	0.02282	0.01565	0.02010	0.01993	0.13734	0.01703	0.01384	0.15053	0.19581	0.20508	0.02141	0.02130	0.01555	0.00902	0.00919	0.00235	0.09838	0.00700	0.00647	0.01121

[dist]
# distance from previous block
# <min> <max>
0	1

[block]
# block no. 2 follows, 29 sequences, length 16
# corresponding to MSA columns:
# 1552-1567
name=unknown_C
#
# <colnr> <probs for GDERKNQSTAVLIFYWHMCP>
#	G	D	E	R	K	N	Q	S	T	A	V	L	I	F	Y	W	H	M	C	P
0	0.01792	0.01588	0.02175	0.08487	0.22930	0.05133	0.05382	0.15813	0.06354	0.02741	0.07725	0.05247	0.04059	0.00982	0.00759	0.00231	0.00779	0.06313	0.00531	0.00979
1	0.01448	0.01162	0.01606	0.10939	0.10390	0.01290	0.01240	0.11126	0.01719	0.02395	0.05573	0.23520	0.02657	0.01354	0.00958	0.00254	0.08877	0.05481	0.07207	0.00805
2	0.80005	0.01377	0.01047	0.00936	0.01377	0.01597	0.00771	0.02093	0.01212	0.03195	0.00991	0.01157	0.00771	0.00661	0.00441	0.00220	0.00551	0.00386	0.00441	0.00771
3	0.01371	0.01286	0.01880	0.13072	0.02185	0.01720	0.01436	0.01605	0.01159	0.01713	0.01263	0.01963	0.01176	0.02320	0.21844	0.00535	0.41733	0.00664	0.00332	0.00740
4	0.08778	0.01589	0.01769	0.04279	0.01927	0.01831	0.01198	0.36566	0.02374	0.03478	0.01624	0.01827	0.01237	0.00890	0.00908	0.00222	0.12325	0.00620	0.15575	0.00983
5	0.01652	0.01865	0.04026	0.08970	0.03822	0.01782	0.62343	0.02242	0.01659	0.02242	0.01426	0.01919	0.01069	0.00610	0.00829	0.00240	0.01179	0.00823	0.00356	0.00946
6	0.01771	0.01530	0.01610	0.01449	0.01852	0.01771	0.01127	0.03784	0.69247	0.02979	0.02898	0.02657	0.02174	0.00966	0.00725	0.00242	0.00564	0.00805	0.00725	0.01127
7	0.01771	0.01530	0.01610	0.01449	0.01852	0.01771	0.01127	0.03784	0.69247	0.02979	0.02898	0.02657	0.02174	0.00966	0.00725	0.00242	0.00564	0.00805	0.00725	0.01127
8	0.01716	0.01674	0.02904	0.09785	0.49599	0.01705	0.11447	0.02304	0.07358	0.02332	0.01480	0.01872	0.01195	0.00664	0.00726	0.00220	0.00881	0.00678	0.00382	0.01075
9	0.80005	0.01377	0.01047	0.00936	0.01377	0.01597	0.00771	0.02093	0.01212	0.03195	0.00991	0.01157	0.00771	0.00661	0.00441	0.00220	0.00551	0.00386	0.00441	0.00771
10	0.00877	0.00661	0.00812	0.00904	0.01017	0.00596	0.00629	0.01042	0.01513	0.01970	0.12672	0.47319	0.23369	0.02019	0.00882	0.00268	0.00389	0.01791	0.00676	0.00596
11	0.01237	0.00618	0.00928	0.00928	0.00928	0.00618	0.00618	0.00928	0.00928	0.01237	0.01237	0.02165	0.01237	0.02474	0.02783	0.79283	0.00618	0.00618	0.00309	0.00309
12	0.13138	0.00814	0.00928	0.00948	0.01139	0.00796	0.00691	0.01487	0.01504	0.08716	0.10387	0.37617	0.09330	0.01630	0.00772	0.00251	0.00433	0.01417	0.07316	0.00686
13	0.29486	0.01679	0.01697	0.01347	0.01870	0.01846	0.01112	0.36890	0.02439	0.12717	0.01605	0.01612	0.01131	0.00791	0.00619	0.00217	0.00680	0.00563	0.00640	0.01059
14	0.01350	0.00949	0.01349	0.21955	0.02256	0.01036	0.01093	0.04921	0.01528	0.07204	0.05604	0.22189	0.02608	0.07757	0.07395	0.00360	0.00747	0.01096	0.07879	0.00725
15	0.09106	0.38921	0.02576	0.04581	0.01815	0.05629	0.01113	0.07576	0.01714	0.02286	0.13734	0.04561	0.02115	0.00857	0.00584	0.00187	0.00689	0.00641	0.00455	0.00860

[dist]
# distance from previous block
# <min> <max>
0	29

[block]
# block no. 3 follows, 29 sequences, length 74
# corresponding to MSA columns:
# 1597-1670
name=unknown_D
#
# <colnr> <probs for GDERKNQSTAVLIFYWHMCP>
#	G	D	E	R	K	N	Q	S	T	A	V	L	I	F	Y	W	H	M	C	P
0	0.07231	0.01309	0.01631	0.03318	0.03664	0.03378	0.06122	0.16997	0.01869	0.04808	0.05519	0.15083	0.05204	0.10020	0.06419	0.00355	0.02766	0.00990	0.00558	0.02758
1	0.08963	0.05218	0.09929	0.04748	0.10280	0.09608	0.04205	0.02391	0.03851	0.15446	0.10300	0.02393	0.01966	0.00888	0.00780	0.00223	0.04638	0.02699	0.00527	0.00947
2	0.02124	0.02009	0.01944	0.13099	0.07061	0.20585	0.01396	0.18337	0.08689	0.04939	0.08834	0.02118	0.01774	0.00850	0.00702	0.00210	0.00867	0.00671	0.00538	0.03251
3	0.01871	0.01288	0.01523	0.01129	0.01707	0.01071	0.00910	0.08689	0.01778	0.14287	0.03871	0.01834	0.01407	0.00663	0.00587	0.00142	0.00552	0.00532	0.03646	0.52513
4	0.01569	0.01187	0.01307	0.01196	0.01505	0.01294	0.00918	0.05305	0.36137	0.05537	0.13889	0.09840	0.05688	0.01170	0.00737	0.00232	0.00488	0.00996	0.10070	0.00934
5	0.00890	0.00641	0.00843	0.00967	0.01036	0.00594	0.00659	0.01050	0.01479	0.01992	0.14927	0.60913	0.07186	0.02089	0.00895	0.00277	0.00399	0.01886	0.00681	0.00594
6	0.00926	0.00720	0.00842	0.00821	0.01016	0.00636	0.00612	0.01182	0.01808	0.02387	0.38711	0.09192	0.35290	0.01648	0.00844	0.00234	0.00351	0.01419	0.00723	0.00636
7	0.00972	0.00675	0.00827	0.00857	0.00969	0.00618	0.00594	0.01044	0.01424	0.01845	0.14087	0.20862	0.25452	0.08600	0.01512	0.16730	0.00452	0.01364	0.00585	0.00530
8	0.01904	0.75404	0.03731	0.01218	0.01828	0.02818	0.01218	0.02132	0.01447	0.01675	0.00990	0.01142	0.00914	0.00609	0.00457	0.00152	0.00761	0.00381	0.00305	0.00914
9	0.01161	0.00842	0.01059	0.00963	0.01167	0.00811	0.00733	0.07381	0.02136	0.03003	0.63973	0.04993	0.06221	0.01401	0.00828	0.00223	0.00376	0.01229	0.00777	0.00721
10	0.01428	0.03683	0.71286	0.02030	0.03082	0.01654	0.02631	0.02255	0.01503	0.02255	0.01278	0.01503	0.00902	0.00677	0.00677	0.00226	0.01052	0.00526	0.00301	0.01052
11	0.80005	0.01377	0.01047	0.00936	0.01377	0.01597	0.00771	0.02093	0.01212	0.03195	0.00991	0.01157	0.00771	0.00661	0.00441	0.00220	0.00551	0.00386	0.00441	0.00771
12	0.01651	0.01543	0.01451	0.01349	0.01680	0.10166	0.01026	0.02969	0.43895	0.02547	0.03327	0.12482	0.10482	0.01204	0.00753	0.00241	0.00608	0.01007	0.00664	0.00955
13	0.01904	0.75404	0.03731	0.01218	0.01828	0.02818	0.01218	0.02132	0.01447	0.01675	0.00990	0.01142	0.00914	0.00609	0.00457	0.00152	0.00761	0.00381	0.00305	0.00914
14	0.02707	0.01995	0.02137	0.01638	0.02208	0.02208	0.01353	0.68159	0.03348	0.04488	0.01710	0.01710	0.01211	0.00855	0.00712	0.00214	0.00784	0.00641	0.00712	0.01211
15	0.01370	0.01258	0.02088	0.37729	0.23630	0.01406	0.01766	0.01756	0.01470	0.01970	0.01841	0.16961	0.01785	0.01005	0.00751	0.00240	0.00807	0.00923	0.00399	0.00847
16	0.01428	0.03683	0.71286	0.02030	0.03082	0.01654	0.02631	0.02255	0.01503	0.02255	0.01278	0.01503	0.00902	0.00677	0.00677	0.00226	0.01052	0.00526	0.00301	0.01052
17	0.01376	0.01297	0.02192	0.68156	0.09770	0.01590	0.01993	0.01846	0.01438	0.01857	0.01271	0.01888	0.00962	0.00706	0.00711	0.00235	0.00942	0.00633	0.00319	0.00816
18	0.74179	0.01548	0.06254	0.01017	0.01503	0.01602	0.00909	0.02105	0.01233	0.03125	0.01013	0.01182	0.00781	0.00662	0.00458	0.00221	0.00588	0.00396	0.00430	0.00792
19	0.01519	0.17438	0.58330	0.01874	0.02841	0.01877	0.02360	0.02231	0.01493	0.02144	0.01223	0.01434	0.00904	0.00664	0.00634	0.00211	0.00997	0.00498	0.00301	0.01026
20	0.20969	0.31336	0.02481	0.10808	0.02209	0.18038	0.01246	0.02242	0.01516	0.02079	0.01052	0.01278	0.00885	0.00664	0.00529	0.00187	0.00853	0.00433	0.00353	0.00843
21	0.01320	0.01228	0.02062	0.67917	0.04635	0.01531	0.01897	0.01779	0.01403	0.01807	0.01313	0.01965	0.01011	0.01055	0.06009	0.00305	0.01020	0.00642	0.00321	0.00780
22	0.01274	0.01015	0.01763	0.01527	0.01800	0.00944	0.17647	0.01555	0.01551	0.07253	0.05970	0.40355	0.06270	0.01651	0.00877	0.00270	0.00639	0.06301	0.00607	0.00733
23	0.01771	0.01530	0.01610	0.01449	0.01852	0.01771	0.01127	0.03784	0.69247	0.02979	0.02898	0.02657	0.02174	0.00966	0.00725	0.00242	0.00564	0.00805	0.00725	0.01127
24	0.01033	0.00700	0.00825	0.00825	0.00842	0.00717	0.00492	0.01067	0.01050	0.01417	0.02199	0.04414	0.02482	0.65775	0.12679	0.00750	0.00851	0.00999	0.00425	0.00458
25	0.01428	0.03683	0.71286	0.02030	0.03082	0.01654	0.02631	0.02255	0.01503	0.02255	0.01278	0.01503	0.00902	0.00677	0.00677	0.00226	0.01052	0.00526	0.00301	0.01052
26	0.01841	0.02036	0.02068	0.01813	0.01927	0.22265	0.01463	0.02011	0.01361	0.01718	0.01045	0.01558	0.00984	0.01360	0.06308	0.00328	0.48214	0.00585	0.00332	0.00783
27	0.01304	0.01190	0.01956	0.63686	0.04359	0.01464	0.01773	0.01716	0.01373	0.01761	0.01395	0.02263	0.01166	0.10524	0.01097	0.00297	0.00915	0.00686	0.00332	0.00744
28	0.02510	0.01487	0.01720	0.01355	0.01814	0.01536	0.01087	0.34419	0.02540	0.24443	0.07193	0.02587	0.01971	0.10701	0.01108	0.00279	0.00683	0.00764	0.00733	0.01068
29	0.03000	0.01524	0.01846	0.01415	0.01973	0.01509	0.01169	0.29244	0.02560	0.44516	0.02371	0.02139	0.01543	0.00871	0.00715	0.00218	0.00677	0.00686	0.00814	0.01211
30	0.00868	0.00620	0.00826	0.00991	0.01033	0.00578	0.00661	0.00991	0.01363	0.01818	0.03925	0.74510	0.04710	0.02231	0.00909	0.00289	0.00413	0.02024	0.00661	0.00578
31	0.01009	0.00683	0.00803	0.00828	0.00841	0.00684	0.00490	0.01041	0.01091	0.01461	0.02483	0.15216	0.02870	0.60276	0.06758	0.00653	0.00711	0.01172	0.00464	0.00464
32	0.02471	0.01452	0.01632	0.01291	0.01751	0.01514	0.01054	0.34594	0.02536	0.20749	0.02146	0.02135	0.01509	0.00855	0.00657	0.00203	0.00621	0.00666	0.21094	0.01069
33	0.00868	0.00620	0.00826	0.00991	0.01033	0.00578	0.00661	0.00991	0.01363	0.01818	0.03925	0.74510	0.04710	0.02231	0.00909	0.00289	0.00413	0.02024	0.00661	0.00578
34	0.03195	0.01212	0.01652	0.01267	0.01818	0.01047	0.01047	0.03470	0.02038	0.71026	0.02809	0.02424	0.01763	0.00881	0.00716	0.00220	0.00606	0.00716	0.00881	0.01212
35	0.00895	0.00666	0.00834	0.00914	0.01025	0.00605	0.00639	0.01080	0.01569	0.02081	0.20027	0.44501	0.18635	0.01963	0.00879	0.00264	0.00384	0.01746	0.00690	0.00605
36	0.02842	0.01594	0.01867	0.01451	0.01997	0.01638	0.01192	0.32665	0.08885	0.34692	0.02322	0.02123	0.01552	0.00877	0.00715	0.00219	0.00682	0.00691	0.00791	0.01204
37	0.01904	0.75404	0.03731	0.01218	0.01828	0.02818	0.01218	0.02132	0.01447	0.01675	0.00990	0.01142	0.00914	0.00609	0.00457	0.00152	0.00761	0.00381	0.00305	0.00914
38	0.01361	0.00697	0.00749	0.00724	0.00907	0.00681	0.00547	0.01691	0.01594	0.05636	0.12321	0.03037	0.02542	0.00924	0.00557	0.00177	0.00344	0.00758	0.64065	0.00689
39	0.00973	0.00699	0.00932	0.00999	0.01116	0.00657	0.00742	0.01223	0.01694	0.02325	0.33152	0.33567	0.05501	0.01847	0.00890	0.00266	0.00417	0.11653	0.00714	0.00632
40	0.00914	0.00703	0.00762	0.00776	0.00973	0.00614	0.00571	0.01123	0.01632	0.02109	0.15209	0.15185	0.46249	0.01720	0.00818	0.00238	0.00361	0.01463	0.07964	0.00614
41	0.00935	0.00708	0.00863	0.00860	0.01028	0.00635	0.00631	0.01190	0.01790	0.02406	0.40471	0.17353	0.25155	0.01688	0.00852	0.00240	0.00356	0.01475	0.00727	0.00635
42	0.02660	0.03394	0.02018	0.01834	0.02201	0.72116	0.01376	0.02843	0.02018	0.01743	0.01101	0.01284	0.00917	0.00734	0.00642	0.00183	0.01284	0.00459	0.00367	0.00825
43	0.00915	0.00696	0.00831	0.00896	0.01035	0.00630	0.00649	0.01096	0.01541	0.01980	0.12915	0.29317	0.29055	0.07346	0.01084	0.00297	0.00429	0.08035	0.00658	0.00595
44	0.01481	0.00935	0.01202	0.01048	0.01255	0.00897	0.00762	0.09991	0.01362	0.01892	0.01305	0.01961	0.01196	0.01855	0.02040	0.52367	0.00621	0.00581	0.00386	0.16864
45	0.01027	0.00720	0.01015	0.01049	0.01163	0.00795	0.00791	0.01265	0.01236	0.01820	0.02382	0.17694	0.02395	0.04098	0.47867	0.00837	0.01388	0.01012	0.10818	0.00628
46	0.01923	0.01897	0.01882	0.01684	0.01883	0.20075	0.01364	0.07744	0.01673	0.05221	0.01727	0.05586	0.01675	0.01223	0.01396	0.00267	0.29960	0.11542	0.00459	0.00819
47	0.02680	0.09564	0.02203	0.01595	0.02117	0.19060	0.01305	0.37185	0.02663	0.12333	0.01635	0.01644	0.01183	0.00804	0.00670	0.00201	0.00879	0.00581	0.00610	0.01088
48	0.00884	0.00636	0.00841	0.00999	0.01057	0.00594	0.00686	0.01022	0.01391	0.01841	0.04057	0.67521	0.07502	0.02196	0.00911	0.00289	0.00426	0.05901	0.00661	0.00584
49	0.63733	0.01409	0.01164	0.01043	0.01476	0.01634	0.00845	0.02445	0.15363	0.03150	0.01388	0.01469	0.01063	0.00724	0.00500	0.00225	0.00553	0.00473	0.00500	0.00845
50	0.02168	0.02433	0.01766	0.08735	0.02217	0.40998	0.01268	0.02780	0.15872	0.02128	0.01653	0.01812	0.01302	0.00793	0.00647	0.00199	0.00975	0.00575	0.10816	0.00863
51	0.01183	0.00903	0.01169	0.01131	0.01216	0.01024	0.00822	0.06151	0.01322	0.01831	0.02353	0.20519	0.02576	0.24236	0.20131	0.00624	0.10585	0.01122	0.00479	0.00623
52	0.01897	0.01566	0.01654	0.01435	0.01860	0.01775	0.01131	0.16969	0.50527	0.03214	0.02971	0.02771	0.07020	0.01005	0.00731	0.00236	0.00594	0.00823	0.00717	0.01106
53	0.26586	0.01479	0.01601	0.01268	0.01791	0.01537	0.01047	0.20948	0.02147	0.31839	0.01948	0.01838	0.01306	0.00806	0.00631	0.00218	0.00638	0.00594	0.00700	0.01077
54	0.02707	0.01995	0.02137	0.01638	0.02208	0.02208	0.01353	0.68159	0.03348	0.04488	0.01710	0.01710	0.01211	0.00855	0.00712	0.00214	0.00784	0.00641	0.00712	0.01211
55	0.22116	0.02886	0.01774	0.01609	0.01994	0.54378	0.01224	0.02655	0.01815	0.02108	0.01073	0.01252	0.00880	0.00715	0.00591	0.00193	0.01100	0.00440	0.00385	0.00812
56	0.01025	0.00733	0.00992	0.00992	0.01067	0.00807	0.00700	0.01174	0.01099	0.01540	0.02047	0.03569	0.02115	0.34187	0.43765	0.00956	0.01403	0.00876	0.00402	0.00551
57	0.70867	0.01416	0.01154	0.01003	0.01458	0.01618	0.00827	0.07052	0.01407	0.06300	0.01125	0.01254	0.00848	0.00685	0.00473	0.00220	0.00571	0.00419	0.00480	0.00823
58	0.00868	0.00620	0.00826	0.00991	0.01033	0.00578	0.00661	0.00991	0.01363	0.01818	0.03925	0.74510	0.04710	0.02231	0.00909	0.00289	0.00413	0.02024	0.00661	0.00578
59	0.00868	0.00620	0.00826	0.00991	0.01033	0.00578	0.00661	0.00991	0.01363	0.01818	0.03925	0.74510	0.04710	0.02231	0.00909	0.00289	0.00413	0.02024	0.00661	0.00578
60	0.01746	0.01675	0.02860	0.07095	0.67938	0.01688	0.02177	0.02171	0.01614	0.02306	0.01336	0.01768	0.01121	0.00638	0.00705	0.00213	0.00850	0.00634	0.00351	0.01115
61	0.01732	0.01488	0.01576	0.01420	0.01811	0.01714	0.01104	0.03657	0.65767	0.02972	0.06380	0.02795	0.02409	0.00991	0.00731	0.00241	0.00552	0.00830	0.00728	0.01104
62	0.00973	0.00727	0.00904	0.00860	0.01043	0.00657	0.00645	0.01277	0.01934	0.02662	0.57066	0.05638	0.19932	0.01528	0.00840	0.00227	0.00341	0.01332	0.00758	0.00657
63	0.01022	0.00735	0.00979	0.01084	0.01210	0.00707	0.00852	0.01270	0.01600	0.02130	0.16514	0.25449	0.08102	0.06075	0.01078	0.00314	0.00515	0.29073	0.00669	0.00622
64	0.01761	0.03516	0.53872	0.01956	0.02844	0.16283	0.02301	0.02430	0.01633	0.05118	0.01307	0.01497	0.00942	0.00697	0.00671	0.00217	0.01081	0.00520	0.00340	0.01012
65	0.02369	0.01168	0.01488	0.01198	0.01620	0.01100	0.00966	0.12847	0.02235	0.37257	0.25729	0.03305	0.03376	0.01074	0.00758	0.00221	0.00541	0.00900	0.00822	0.01027
66	0.02177	0.04549	0.01816	0.01609	0.01864	0.45837	0.01221	0.02263	0.01674	0.01650	0.01226	0.01780	0.01123	0.01192	0.01252	0.16653	0.07722	0.03323	0.00361	0.00709
67	0.00923	0.00649	0.00840	0.00971	0.01012	0.00620	0.00649	0.01037	0.01316	0.01750	0.03564	0.55053	0.04223	0.17342	0.01479	0.00375	0.00489	0.06543	0.00613	0.00554
68	0.01853	0.07803	0.47419	0.01850	0.02726	0.05417	0.02159	0.12664	0.01854	0.07639	0.01431	0.01569	0.01016	0.00718	0.00669	0.00216	0.00971	0.00545	0.00412	0.01068
69	0.00868	0.00620	0.00826	0.00991	0.01033	0.00578	0.00661	0.00991	0.01363	0.01818	0.03925	0.74510	0.04710	0.02231	0.00909	0.00289	0.00413	0.02024	0.00661	0.00578
70	0.01313	0.00937	0.01306	0.01601	0.15421	0.00921	0.00902	0.01470	0.01351	0.05949	0.08373	0.06923	0.02772	0.41681	0.02344	0.00485	0.00673	0.04419	0.00495	0.00663
71	0.01582	0.08178	0.09700	0.01510	0.01845	0.04171	0.06333	0.01869	0.01480	0.10139	0.02334	0.21135	0.02373	0.05144	0.01185	0.00281	0.12712	0.06708	0.00510	0.00809
72	0.09136	0.10224	0.06107	0.04781	0.02425	0.03705	0.19347	0.06866	0.08732	0.06594	0.01726	0.05070	0.01387	0.00811	0.00757	0.00223	0.04175	0.00714	0.06286	0.00934
73	0.01991	0.17405	0.13882	0.01970	0.02610	0.14728	0.18009	0.10179	0.08108	0.02378	0.01428	0.01624	0.01105	0.00702	0.00675	0.00207	0.00995	0.00601	0.00415	0.00986

[dist]
# distance from previous block
# <min> <max>
1	14

[block]
# block no. 4 follows, 29 sequences, length 17
# corresponding to MSA columns:
# 1685-1701
name=unknown_E
#
# <colnr> <probs for GDERKNQSTAVLIFYWHMCP>
#	G	D	E	R	K	N	Q	S	T	A	V	L	I	F	Y	W	H	M	C	P
0	0.10050	0.14579	0.10552	0.01877	0.08063	0.29275	0.04238	0.02368	0.01699	0.02081	0.05326	0.01597	0.01279	0.00747	0.00682	0.00199	0.03594	0.00534	0.00378	0.00882
1	0.01926	0.06140	0.08893	0.05565	0.02018	0.05850	0.01284	0.07625	0.14679	0.13522	0.02453	0.02486	0.07797	0.00955	0.00844	0.00225	0.07910	0.00725	0.08141	0.00961
2	0.01563	0.01213	0.01472	0.07795	0.01888	0.01179	0.00997	0.07736	0.10665	0.04894	0.01872	0.05129	0.01585	0.04445	0.09437	0.00311	0.00754	0.00671	0.05279	0.31113
3	0.01650	0.01577	0.02688	0.22873	0.52908	0.01662	0.02130	0.02087	0.01568	0.02190	0.01320	0.01799	0.01080	0.00655	0.00707	0.00218	0.00874	0.00634	0.00343	0.01037
4	0.01746	0.01507	0.01599	0.01415	0.01837	0.01700	0.01103	0.03611	0.63375	0.02922	0.02757	0.02554	0.02077	0.00928	0.00707	0.00230	0.00560	0.00772	0.00698	0.07903
5	0.01384	0.01042	0.01203	0.01114	0.01375	0.01093	0.00857	0.02096	0.20584	0.08291	0.12392	0.12907	0.24315	0.01456	0.00919	0.00248	0.06008	0.01209	0.00686	0.00821
6	0.00913	0.00652	0.00879	0.01044	0.01105	0.00618	0.00741	0.01071	0.01409	0.01869	0.03899	0.63609	0.04609	0.02188	0.00921	0.00296	0.00453	0.12473	0.00660	0.00591
7	0.00950	0.00664	0.00797	0.00892	0.00991	0.00618	0.00619	0.01109	0.01413	0.01913	0.04222	0.41232	0.17516	0.09425	0.01128	0.00308	0.00434	0.05059	0.10129	0.00582
8	0.01036	0.00690	0.00777	0.00777	0.00777	0.00690	0.00431	0.01036	0.01036	0.01381	0.02244	0.04660	0.02589	0.74975	0.03624	0.00690	0.00690	0.01036	0.00431	0.00431
9	0.01825	0.00975	0.01168	0.01018	0.01338	0.00943	0.00798	0.02390	0.12254	0.22480	0.18745	0.03528	0.08197	0.01086	0.00702	0.00213	0.00450	0.00910	0.20091	0.00891
10	0.00929	0.00725	0.00843	0.00813	0.01016	0.00638	0.00610	0.01192	0.01830	0.02416	0.40456	0.06043	0.36695	0.01620	0.00841	0.00232	0.00348	0.01389	0.00726	0.00638
11	0.01345	0.01266	0.02136	0.73264	0.04904	0.01582	0.01978	0.01819	0.01424	0.01819	0.01266	0.01898	0.00949	0.00712	0.00712	0.00237	0.00949	0.00633	0.00316	0.00791
12	0.01904	0.75404	0.03731	0.01218	0.01828	0.02818	0.01218	0.02132	0.01447	0.01675	0.00990	0.01142	0.00914	0.00609	0.00457	0.00152	0.00761	0.00381	0.00305	0.00914
13	0.01223	0.00793	0.01107	0.01053	0.01095	0.00875	0.00765	0.01093	0.01111	0.01501	0.05985	0.02877	0.10765	0.02123	0.02337	0.51144	0.12547	0.00777	0.00384	0.00446
14	0.02046	0.01313	0.01490	0.01252	0.01593	0.01382	0.00953	0.23620	0.11146	0.15026	0.02404	0.09088	0.02123	0.21508	0.01538	0.00357	0.00665	0.00905	0.00662	0.00929
15	0.01446	0.01848	0.19562	0.01313	0.01968	0.01178	0.01309	0.06818	0.01626	0.02376	0.02138	0.02299	0.10353	0.01041	0.04774	0.00223	0.00741	0.00630	0.00442	0.37914
16	0.02183	0.02451	0.21076	0.01659	0.02284	0.11974	0.01605	0.25775	0.04368	0.09113	0.08792	0.02059	0.01736	0.00856	0.00706	0.00215	0.00862	0.00662	0.00571	0.01052

[dist]
# distance from previous block
# <min> <max>
7	22

[block]
# block no. 5 follows, 29 sequences, length 21
# corresponding to MSA columns:
# 1724-1744
name=unknown_F
#
# <colnr> <probs for GDERKNQSTAVLIFYWHMCP>
#	G	D	E	R	K	N	Q	S	T	A	V	L	I	F	Y	W	H	M	C	P
0	0.01561	0.01675	0.06779	0.19367	0.33239	0.06639	0.01846	0.01969	0.01543	0.02057	0.01775	0.02214	0.05952	0.01277	0.08796	0.00324	0.01002	0.00689	0.00367	0.00930
1	0.01147	0.00983	0.01397	0.01826	0.20100	0.00925	0.01071	0.01423	0.01658	0.02192	0.15529	0.13644	0.27908	0.01489	0.00822	0.00242	0.00517	0.05774	0.00597	0.00758
2	0.01136	0.00852	0.03473	0.00976	0.01194	0.00717	0.00768	0.01386	0.01666	0.08011	0.22541	0.22306	0.21761	0.01932	0.05513	0.00308	0.00524	0.03569	0.00682	0.00687
3	0.01919	0.05310	0.14116	0.08029	0.10158	0.26291	0.01616	0.05967	0.03889	0.02201	0.07861	0.06123	0.01757	0.00874	0.00694	0.00211	0.00956	0.00691	0.00433	0.00902
4	0.05247	0.13827	0.22875	0.02258	0.07163	0.05312	0.23829	0.02197	0.01550	0.02156	0.01310	0.01660	0.01030	0.00945	0.05364	0.00276	0.01088	0.00621	0.00339	0.00954
5	0.01118	0.10351	0.01427	0.01085	0.01297	0.01142	0.00880	0.01342	0.01311	0.01734	0.03181	0.03617	0.20387	0.03497	0.38860	0.00715	0.06033	0.00908	0.00444	0.00671
6	0.00972	0.00719	0.00921	0.00978	0.01126	0.00667	0.00748	0.01225	0.01699	0.02270	0.27871	0.23867	0.16897	0.01825	0.00889	0.00266	0.00428	0.15298	0.00703	0.00632
7	0.01908	0.18680	0.08345	0.03525	0.02244	0.13898	0.08761	0.10872	0.08635	0.02387	0.05589	0.04009	0.01660	0.01019	0.03438	0.00244	0.00919	0.02469	0.00467	0.00931
8	0.09485	0.10793	0.02097	0.08226	0.22429	0.01570	0.01390	0.09277	0.01666	0.02393	0.02004	0.21575	0.02041	0.01103	0.00704	0.00229	0.00688	0.00959	0.00477	0.00895
9	0.00849	0.00693	0.00750	0.00795	0.00981	0.00595	0.00574	0.01014	0.01552	0.01895	0.06312	0.25404	0.52275	0.01921	0.00860	0.00254	0.00375	0.01646	0.00661	0.00595
10	0.01237	0.00618	0.00928	0.00928	0.00928	0.00618	0.00618	0.00928	0.00928	0.01237	0.01237	0.02165	0.01237	0.02474	0.02783	0.79283	0.00618	0.00618	0.00309	0.00309
11	0.02227	0.11960	0.07276	0.11423	0.06448	0.20313	0.05187	0.19416	0.02132	0.05047	0.01371	0.01575	0.01047	0.00734	0.00665	0.00203	0.00972	0.00563	0.00454	0.00986
12	0.06210	0.06835	0.35698	0.02419	0.12098	0.06894	0.15433	0.02278	0.01573	0.02255	0.01274	0.01566	0.00963	0.00655	0.00685	0.00219	0.01026	0.00583	0.00333	0.01004
13	0.00916	0.00727	0.00828	0.00838	0.01041	0.00639	0.00639	0.01148	0.01715	0.02186	0.23495	0.10249	0.43560	0.01749	0.00858	0.00247	0.00384	0.07464	0.00693	0.00624
14	0.02018	0.03616	0.04114	0.02458	0.20681	0.05536	0.09644	0.15796	0.04254	0.09067	0.01891	0.07444	0.01619	0.00930	0.00819	0.00231	0.04172	0.04160	0.00524	0.01028
15	0.01695	0.02092	0.16650	0.03900	0.56964	0.01684	0.02275	0.02199	0.01598	0.02312	0.01327	0.01710	0.01082	0.00643	0.00699	0.00214	0.00887	0.00613	0.00342	0.01113
16	0.01632	0.01523	0.06645	0.01204	0.01834	0.01174	0.01041	0.11685	0.01785	0.02666	0.04934	0.01714	0.01363	0.00636	0.00582	0.00137	0.00594	0.00507	0.00475	0.57869
17	0.02222	0.15448	0.06319	0.01687	0.04224	0.10408	0.11162	0.02556	0.01738	0.22783	0.01842	0.05999	0.01435	0.00796	0.00668	0.00199	0.00822	0.00675	0.00528	0.08489
18	0.04282	0.01946	0.04032	0.16930	0.16526	0.14854	0.01610	0.14267	0.01990	0.10093	0.01493	0.01724	0.01116	0.00732	0.00679	0.00207	0.00891	0.00589	0.00476	0.05562
19	0.01797	0.01281	0.01351	0.01195	0.01448	0.06333	0.00889	0.18633	0.01913	0.09631	0.04784	0.10387	0.02461	0.26698	0.03479	0.00414	0.00736	0.05192	0.00594	0.00784
20	0.01710	0.04809	0.18145	0.02442	0.18567	0.01542	0.12120	0.02175	0.01606	0.10416	0.05544	0.08751	0.01768	0.00906	0.00857	0.00233	0.06165	0.00807	0.00453	0.00984

[dist]
# distance from previous block
# <min> <max>
2	16

[block]
# block no. 6 follows, 29 sequences, length 35
# corresponding to MSA columns:
# 1761-1795
name=unknown_G
#
# <colnr> <probs for GDERKNQSTAVLIFYWHMCP>
#	G	D	E	R	K	N	Q	S	T	A	V	L	I	F	Y	W	H	M	C	P
0	0.14257	0.08788	0.02142	0.01922	0.13920	0.01943	0.01352	0.28133	0.09897	0.05755	0.01710	0.01932	0.01329	0.00815	0.00655	0.00216	0.00721	0.02867	0.00574	0.01071
1	0.01477	0.00871	0.01090	0.00988	0.01253	0.00769	0.00743	0.01697	0.01644	0.16183	0.16229	0.14146	0.12946	0.12398	0.01215	0.00298	0.00501	0.05437	0.00668	0.09449
2	0.05706	0.15881	0.23196	0.01595	0.02214	0.05896	0.01633	0.13670	0.01794	0.06403	0.01412	0.01643	0.01101	0.01263	0.08667	0.00314	0.05659	0.00552	0.00427	0.00973
3	0.02049	0.49658	0.03403	0.01598	0.04054	0.06432	0.08312	0.12900	0.01817	0.02218	0.01170	0.01342	0.00986	0.00656	0.00556	0.00175	0.00843	0.00483	0.00381	0.00968
4	0.00945	0.00697	0.00852	0.00880	0.00990	0.00666	0.00609	0.01105	0.01427	0.01892	0.15248	0.21043	0.19422	0.19902	0.10661	0.00473	0.00646	0.01379	0.00591	0.00572
5	0.01036	0.00690	0.00777	0.00777	0.00777	0.00690	0.00431	0.01036	0.01036	0.01381	0.02244	0.04660	0.02589	0.74975	0.03624	0.00690	0.00690	0.01036	0.00431	0.00431
6	0.01612	0.21549	0.19843	0.11699	0.06241	0.07493	0.01653	0.02171	0.07006	0.02020	0.02080	0.02238	0.09910	0.00834	0.00647	0.00207	0.00841	0.00651	0.00392	0.00913
7	0.00946	0.00714	0.00801	0.00786	0.00932	0.00648	0.00543	0.01113	0.01548	0.02009	0.22733	0.05761	0.32159	0.24287	0.01700	0.00375	0.00456	0.01300	0.00624	0.00568
8	0.01571	0.02529	0.32995	0.17007	0.14900	0.01695	0.11021	0.05750	0.01631	0.02304	0.01331	0.01694	0.00990	0.00676	0.00712	0.00227	0.01001	0.00614	0.00343	0.01008
9	0.00981	0.00712	0.00924	0.00902	0.01055	0.00656	0.00665	0.01280	0.01907	0.02669	0.58096	0.15086	0.09239	0.01580	0.00850	0.00234	0.00348	0.01400	0.00761	0.00656
10	0.01018	0.00723	0.00916	0.00909	0.00996	0.00736	0.00628	0.01176	0.01329	0.01827	0.17449	0.04556	0.07028	0.34976	0.20099	0.00667	0.00901	0.03000	0.00516	0.00552
11	0.80005	0.01377	0.01047	0.00936	0.01377	0.01597	0.00771	0.02093	0.01212	0.03195	0.00991	0.01157	0.00771	0.00661	0.00441	0.00220	0.00551	0.00386	0.00441	0.00771
12	0.00900	0.00654	0.00810	0.00908	0.00982	0.00606	0.00605	0.01026	0.01391	0.01829	0.08395	0.48184	0.14576	0.14075	0.01341	0.00343	0.00446	0.01734	0.00631	0.00564
13	0.02319	0.01760	0.01773	0.01370	0.01932	0.11300	0.01101	0.21010	0.02189	0.16017	0.01664	0.01697	0.01215	0.00717	0.00632	0.00169	0.00721	0.00545	0.00584	0.31286
14	0.02129	0.02005	0.02140	0.01785	0.02039	0.13536	0.01459	0.24593	0.02012	0.02666	0.01226	0.01565	0.01026	0.01029	0.01507	0.00257	0.37031	0.00603	0.00457	0.00934
15	0.09964	0.01264	0.01831	0.04759	0.23373	0.01246	0.01324	0.02342	0.01622	0.24869	0.02143	0.09808	0.01796	0.05878	0.04375	0.00301	0.00737	0.00814	0.00573	0.00981
16	0.01029	0.00811	0.00948	0.00892	0.01131	0.00690	0.00642	0.01224	0.01509	0.02040	0.12456	0.22643	0.22798	0.09709	0.01099	0.00271	0.00444	0.01322	0.00599	0.17743
17	0.01690	0.05448	0.01450	0.01243	0.01553	0.13115	0.00976	0.02248	0.14390	0.09781	0.08435	0.12257	0.14733	0.01341	0.00775	0.00238	0.00641	0.08219	0.00637	0.00831
18	0.01933	0.23363	0.07158	0.02066	0.13852	0.09784	0.06253	0.02255	0.01562	0.07544	0.01344	0.01610	0.01097	0.00758	0.00849	0.00206	0.11063	0.00556	0.05808	0.00941
19	0.01660	0.01513	0.02023	0.06687	0.19129	0.04802	0.03959	0.06811	0.04798	0.02378	0.01458	0.01793	0.01200	0.01129	0.08154	0.00273	0.00862	0.00576	0.00424	0.30370
20	0.01813	0.16491	0.33102	0.01894	0.05842	0.05625	0.06206	0.02346	0.01611	0.10326	0.04603	0.01752	0.01302	0.00740	0.00715	0.00212	0.03429	0.00582	0.00403	0.01003
21	0.18779	0.02379	0.26143	0.05054	0.02528	0.05489	0.09030	0.11470	0.01745	0.02701	0.01640	0.04329	0.04134	0.00799	0.00664	0.00225	0.00876	0.00644	0.00429	0.00942
22	0.01049	0.00685	0.00787	0.00787	0.00787	0.00685	0.00444	0.01028	0.01028	0.01371	0.02174	0.04487	0.02495	0.69962	0.03566	0.06125	0.00685	0.01007	0.00423	0.00423
23	0.01731	0.15809	0.19423	0.01990	0.14735	0.04902	0.01613	0.02189	0.04198	0.08999	0.01846	0.11165	0.01679	0.05647	0.00863	0.00245	0.00801	0.00771	0.00444	0.00948
24	0.01815	0.06361	0.05645	0.07951	0.24456	0.03471	0.08583	0.05195	0.06404	0.09554	0.02286	0.02607	0.08467	0.00867	0.00728	0.00223	0.00802	0.03097	0.00486	0.01000
25	0.09298	0.44943	0.09563	0.01219	0.01778	0.02136	0.01214	0.02072	0.01555	0.05461	0.12808	0.01948	0.01922	0.00777	0.00554	0.00182	0.00690	0.00565	0.00427	0.00887
26	0.01259	0.00817	0.01017	0.00932	0.01162	0.00747	0.00709	0.03814	0.01958	0.09868	0.45429	0.08405	0.18191	0.01478	0.00826	0.00229	0.00388	0.01281	0.00762	0.00730
27	0.10702	0.07068	0.17077	0.04637	0.15840	0.01649	0.04241	0.09010	0.04181	0.10184	0.01861	0.02003	0.04843	0.00776	0.00662	0.00216	0.00786	0.00637	0.02614	0.01015
28	0.04863	0.01963	0.10248	0.19377	0.14554	0.11851	0.01701	0.07109	0.01815	0.14674	0.03958	0.01912	0.01329	0.00762	0.00692	0.00218	0.00883	0.00625	0.00479	0.00986
29	0.00893	0.00671	0.00794	0.00865	0.00976	0.00608	0.00590	0.01033	0.01450	0.01866	0.09519	0.37358	0.26261	0.12231	0.01262	0.00325	0.00429	0.01660	0.00638	0.00572
30	0.01439	0.01362	0.02307	0.57667	0.19762	0.01607	0.02025	0.01902	0.01469	0.01934	0.01282	0.01868	0.00990	0.00694	0.00710	0.00231	0.00926	0.00633	0.00325	0.00867
31	0.01932	0.02023	0.09202	0.05363	0.11652	0.12316	0.03850	0.19894	0.03628	0.02684	0.01829	0.11025	0.01659	0.01153	0.03285	0.00262	0.04124	0.02660	0.00500	0.00960
32	0.01765	0.13187	0.13892	0.15645	0.08339	0.05481	0.01612	0.02346	0.08783	0.10182	0.01893	0.08632	0.01609	0.00907	0.00690	0.00223	0.00808	0.02590	0.00469	0.00946
33	0.01155	0.00625	0.00899	0.00924	0.00946	0.00611	0.00620	0.00944	0.01039	0.01370	0.02033	0.13599	0.06190	0.02393	0.02370	0.62064	0.00570	0.00891	0.00386	0.00369
34	0.01604	0.04172	0.07041	0.03366	0.01754	0.09498	0.04219	0.04194	0.04069	0.10083	0.09064	0.14968	0.14483	0.04900	0.00915	0.00257	0.00679	0.03342	0.00589	0.00803

[dist]
# distance from previous block
# <min> <max>
0	1

[block]
# block no. 7 follows, 29 sequences, length 66
# corresponding to MSA columns:
# 1797-1862
name=unknown_H
#
# <colnr> <probs for GDERKNQSTAVLIFYWHMCP>
#	G	D	E	R	K	N	Q	S	T	A	V	L	I	F	Y	W	H	M	C	P
0	0.02073	0.07931	0.23271	0.01935	0.07753	0.03934	0.03389	0.27810	0.02230	0.05289	0.01511	0.01749	0.01148	0.03970	0.00850	0.00236	0.02750	0.00605	0.00493	0.01072
1	0.00900	0.00673	0.00781	0.00842	0.00968	0.00602	0.00581	0.01005	0.01419	0.01781	0.05078	0.31199	0.34500	0.08706	0.01273	0.06511	0.00430	0.01583	0.00612	0.00554
2	0.01426	0.01230	0.01875	0.43173	0.07723	0.01430	0.01604	0.09829	0.01659	0.02179	0.01950	0.18941	0.01877	0.01082	0.00758	0.00245	0.00796	0.00961	0.00448	0.00814
3	0.01477	0.01266	0.01477	0.01055	0.01687	0.00949	0.00844	0.01793	0.01477	0.02320	0.01266	0.01477	0.01055	0.00527	0.00527	0.00105	0.00527	0.00422	0.00422	0.79328
4	0.01732	0.03620	0.04405	0.05066	0.31413	0.01559	0.04242	0.08193	0.03678	0.04292	0.04723	0.05550	0.01580	0.00801	0.00764	0.00206	0.03900	0.00707	0.00451	0.13118
5	0.02010	0.11200	0.12061	0.05551	0.08678	0.08801	0.04893	0.21793	0.02096	0.02781	0.01594	0.01800	0.03012	0.00789	0.00733	0.00209	0.04054	0.00609	0.06344	0.00996
6	0.01040	0.00755	0.01108	0.01108	0.01238	0.00873	0.00861	0.01301	0.01171	0.01728	0.01938	0.02787	0.01784	0.05002	0.66782	0.01071	0.01789	0.00755	0.06270	0.00638
7	0.02472	0.01878	0.02005	0.01591	0.02119	0.02099	0.01297	0.52005	0.19884	0.04109	0.02008	0.01947	0.01453	0.00883	0.00715	0.00221	0.00728	0.00682	0.00715	0.01190
8	0.01361	0.01288	0.02139	0.67912	0.04677	0.01627	0.01946	0.01811	0.01399	0.01811	0.01241	0.01873	0.00948	0.00752	0.00834	0.00243	0.06401	0.00632	0.00316	0.00790
9	0.06586	0.01672	0.02077	0.13732	0.04792	0.12237	0.10322	0.05686	0.04656	0.10287	0.01829	0.09673	0.01562	0.00949	0.00859	0.00234	0.07297	0.00788	0.03878	0.00885
10	0.00920	0.00717	0.00835	0.00822	0.01014	0.00632	0.00610	0.01167	0.01784	0.02343	0.35856	0.11221	0.36175	0.01676	0.00846	0.00237	0.00353	0.01443	0.00717	0.00632
11	0.01477	0.01266	0.01477	0.01055	0.01687	0.00949	0.00844	0.01793	0.01477	0.02320	0.01266	0.01477	0.01055	0.00527	0.00527	0.00105	0.00527	0.00422	0.00422	0.79328
12	0.02434	0.01432	0.01606	0.01328	0.01756	0.05530	0.01055	0.21993	0.02270	0.29837	0.02831	0.16668	0.05690	0.01180	0.00755	0.00231	0.00648	0.00979	0.00745	0.01031
13	0.01820	0.62833	0.15572	0.01361	0.02047	0.02614	0.01466	0.02154	0.01457	0.01777	0.01040	0.01206	0.00912	0.00621	0.00495	0.00165	0.00812	0.00406	0.00304	0.00938
14	0.74210	0.01423	0.01128	0.00989	0.01439	0.01643	0.00815	0.07046	0.01372	0.03292	0.01045	0.01198	0.00804	0.00676	0.00461	0.00220	0.00568	0.00405	0.00461	0.00804
15	0.01021	0.00688	0.00800	0.00813	0.00823	0.00692	0.00474	0.01044	0.01067	0.01430	0.02361	0.10159	0.02717	0.65530	0.06967	0.00682	0.00731	0.01101	0.00447	0.00454
16	0.14831	0.01501	0.13464	0.01188	0.01639	0.01113	0.01082	0.02114	0.01467	0.20184	0.02076	0.08199	0.01831	0.19138	0.01381	0.00334	0.00675	0.00788	0.00545	0.06448
17	0.01483	0.01081	0.01591	0.07088	0.01884	0.01162	0.06012	0.06662	0.01639	0.08478	0.08783	0.06458	0.02694	0.07823	0.13794	0.00456	0.06503	0.15087	0.00552	0.00769
18	0.01017	0.00763	0.01144	0.01144	0.01272	0.00890	0.00890	0.01272	0.01144	0.01653	0.01907	0.02797	0.01780	0.05340	0.72153	0.01144	0.01907	0.00763	0.00381	0.00636
19	0.02099	0.01005	0.01174	0.00996	0.01340	0.00980	0.00792	0.06573	0.07122	0.26644	0.02500	0.02516	0.01793	0.00860	0.00605	0.00194	0.00474	0.00692	0.40717	0.00925
20	0.03872	0.02001	0.09246	0.08781	0.16877	0.12734	0.01645	0.07209	0.08827	0.02302	0.01631	0.07204	0.01425	0.01040	0.02877	0.00259	0.09983	0.00714	0.00434	0.00940
21	0.02519	0.02623	0.01984	0.01705	0.02142	0.37591	0.01325	0.23746	0.14224	0.02831	0.01609	0.01660	0.01231	0.00813	0.00679	0.00203	0.00999	0.00577	0.00539	0.01001
22	0.00926	0.00744	0.00828	0.00811	0.01025	0.00659	0.00606	0.01211	0.03791	0.02262	0.27898	0.08551	0.44800	0.01677	0.00840	0.00237	0.00360	0.01428	0.00704	0.00640
23	0.01194	0.00619	0.00916	0.00935	0.00940	0.00614	0.00623	0.00935	0.00979	0.01305	0.01552	0.10634	0.01643	0.02445	0.02564	0.70035	0.00594	0.00783	0.00350	0.00341
24	0.01967	0.08219	0.18205	0.02670	0.21645	0.23623	0.09225	0.02412	0.01711	0.02075	0.01236	0.01527	0.00990	0.00669	0.00675	0.00205	0.01061	0.00559	0.00343	0.00983
25	0.01633	0.01260	0.01356	0.01231	0.01565	0.01406	0.00953	0.03072	0.46235	0.04965	0.11901	0.03010	0.02715	0.01006	0.00700	0.00225	0.00493	0.00843	0.14445	0.00987
26	0.00861	0.00722	0.00748	0.00742	0.00974	0.00609	0.00556	0.01060	0.01669	0.02033	0.14582	0.06673	0.62808	0.01763	0.00841	0.00239	0.00358	0.01478	0.00676	0.00609
27	0.01240	0.01036	0.01559	0.02043	0.22950	0.01001	0.01207	0.01570	0.01746	0.02408	0.27182	0.10200	0.10418	0.01370	0.00825	0.00243	0.00554	0.11043	0.00607	0.00799
28	0.01761	0.08002	0.26541	0.02680	0.17707	0.11311	0.17437	0.02317	0.01636	0.02165	0.01284	0.01601	0.00996	0.00652	0.00700	0.00215	0.01052	0.00603	0.00335	0.01007
29	0.01723	0.01634	0.03117	0.02285	0.02856	0.01583	0.43933	0.10200	0.01841	0.02639	0.01681	0.02067	0.01272	0.00685	0.00744	0.00219	0.00945	0.00774	0.18878	0.00921
30	0.02193	0.08253	0.17662	0.01962	0.02637	0.12679	0.14806	0.20485	0.02160	0.08152	0.01499	0.01653	0.01093	0.00730	0.00699	0.00213	0.00986	0.00613	0.00481	0.01044
31	0.01557	0.02342	0.24512	0.02284	0.02846	0.01893	0.23279	0.02066	0.01410	0.02066	0.01205	0.01658	0.00971	0.00859	0.01334	0.00262	0.27545	0.00663	0.00324	0.00923
32	0.00868	0.00620	0.00826	0.00991	0.01033	0.00578	0.00661	0.00991	0.01363	0.01818	0.03925	0.74510	0.04710	0.02231	0.00909	0.00289	0.00413	0.02024	0.00661	0.00578
33	0.02162	0.50853	0.03147	0.01428	0.01955	0.26444	0.01272	0.02375	0.01642	0.01698	0.01028	0.01191	0.00915	0.00652	0.00520	0.00163	0.00940	0.00407	0.00326	0.00884
