[name]
unknown

[dist]
# distance from previous block
# <min> <max>
0	300

[block]
# block no. 0 follows, 24 sequences, length 33
# corresponding to MSA columns:
# 371-393,395-404
name=unknown_A
#
# <colnr> <probs for GDERKNQSTAVLIFYWHMCP>
#	G	D	E	R	K	N	Q	S	T	A	V	L	I	F	Y	W	H	M	C	P
0	0.01207	0.00800	0.01036	0.01092	0.01155	0.00810	0.00776	0.01288	0.01342	0.01786	0.02848	0.08577	0.03151	0.35253	0.08646	0.11063	0.00852	0.17230	0.00535	0.00555
1	0.02005	0.01569	0.01984	0.13436	0.08199	0.01729	0.01461	0.18898	0.15708	0.05630	0.09767	0.11069	0.02705	0.01192	0.00838	0.00260	0.00745	0.01021	0.00695	0.01089
2	0.01508	0.01117	0.01465	0.10682	0.02025	0.01222	0.01159	0.10889	0.01859	0.02529	0.03115	0.21855	0.06483	0.01936	0.03867	0.06999	0.04299	0.09416	0.06785	0.00790
3	0.02093	0.14004	0.02697	0.01920	0.02161	0.08949	0.01620	0.10642	0.01723	0.02325	0.01187	0.01650	0.01077	0.01153	0.01820	0.00288	0.42681	0.00633	0.00412	0.00963
4	0.02012	0.02282	0.04618	0.01834	0.05439	0.25405	0.03576	0.02338	0.01934	0.02306	0.06465	0.03260	0.06116	0.01094	0.00858	0.00226	0.03780	0.09029	0.00510	0.16919
5	0.01996	0.46473	0.15117	0.02218	0.15338	0.02660	0.01847	0.02410	0.01661	0.02124	0.01236	0.01481	0.01063	0.00697	0.00607	0.00197	0.00923	0.00509	0.00349	0.01092
6	0.01135	0.00843	0.01239	0.01239	0.01368	0.00972	0.00947	0.01393	0.01264	0.01814	0.02157	0.03296	0.02061	0.11707	0.63337	0.01230	0.02006	0.00876	0.00430	0.00688
7	0.04893	0.12838	0.02359	0.01769	0.02053	0.24702	0.01436	0.02325	0.01639	0.01961	0.01321	0.01809	0.01203	0.01932	0.14199	0.00445	0.21240	0.00612	0.00387	0.00877
8	0.01685	0.09197	0.52073	0.02161	0.05387	0.01848	0.02546	0.02456	0.01663	0.04979	0.01528	0.01818	0.01138	0.01207	0.06674	0.00333	0.01201	0.00608	0.00371	0.01129
9	0.01388	0.00937	0.01073	0.01058	0.01185	0.00954	0.00715	0.09866	0.01693	0.02360	0.03052	0.26539	0.03346	0.29769	0.02124	0.00470	0.00627	0.01404	0.10751	0.00688
10	0.01393	0.01291	0.01992	0.32648	0.16286	0.01401	0.01685	0.01795	0.01708	0.02180	0.03761	0.04029	0.24298	0.01204	0.00842	0.00260	0.00803	0.01047	0.00496	0.00882
11	0.01269	0.01708	0.16937	0.01500	0.01937	0.01129	0.08764	0.01626	0.01556	0.02082	0.03657	0.12221	0.17551	0.22464	0.01824	0.00419	0.00809	0.01244	0.00527	0.00775
12	0.11613	0.04555	0.07542	0.01701	0.02264	0.01546	0.13094	0.02624	0.10246	0.11556	0.02217	0.07010	0.01833	0.05644	0.00964	0.00274	0.00798	0.00844	0.05352	0.08322
13	0.01590	0.04102	0.68023	0.02260	0.03432	0.01842	0.02930	0.02511	0.01674	0.02511	0.01423	0.01674	0.01005	0.00753	0.00753	0.00251	0.01172	0.00586	0.00335	0.01172
14	0.00985	0.00710	0.00919	0.01063	0.01131	0.00660	0.00714	0.01136	0.01567	0.02084	0.08744	0.59089	0.09487	0.06263	0.01170	0.00338	0.00467	0.02098	0.00731	0.00644
15	0.01545	0.02926	0.40504	0.02402	0.12831	0.01626	0.02326	0.02298	0.04504	0.02439	0.01956	0.10925	0.01739	0.01436	0.06732	0.00348	0.01103	0.00857	0.00425	0.01080
16	0.13326	0.01919	0.02085	0.01619	0.02229	0.02057	0.01337	0.41526	0.03055	0.19833	0.02088	0.02010	0.01429	0.00930	0.00753	0.00241	0.00790	0.00695	0.00797	0.01282
17	0.00985	0.00717	0.00929	0.01063	0.01148	0.00661	0.00726	0.01161	0.01643	0.02194	0.13274	0.57008	0.10915	0.02324	0.00995	0.00307	0.00443	0.02091	0.00755	0.00661
18	0.02344	0.01036	0.01389	0.01244	0.01593	0.00921	0.00950	0.02583	0.01918	0.36291	0.03625	0.31915	0.03357	0.01615	0.00875	0.00274	0.00567	0.01412	0.05076	0.01017
19	0.06844	0.02952	0.37493	0.02071	0.02891	0.01820	0.08561	0.06627	0.03884	0.02711	0.01902	0.04863	0.03949	0.00946	0.00923	0.00262	0.06750	0.00755	0.02721	0.01075
20	0.01435	0.01236	0.06261	0.01226	0.01542	0.01056	0.01019	0.05367	0.09419	0.05513	0.08682	0.22610	0.16953	0.01708	0.00888	0.00276	0.00558	0.05532	0.07864	0.00854
21	0.01347	0.01324	0.09107	0.01158	0.01369	0.03720	0.00947	0.01582	0.01397	0.02020	0.02368	0.08249	0.02417	0.33050	0.09287	0.00579	0.03341	0.01005	0.15055	0.00679
22	0.67409	0.01581	0.01445	0.01564	0.10479	0.01793	0.01073	0.02345	0.01412	0.03426	0.01157	0.01380	0.00913	0.00732	0.00531	0.00244	0.00658	0.00467	0.00477	0.00913
23	0.01161	0.00874	0.01096	0.01039	0.01279	0.00798	0.00778	0.01456	0.01809	0.02552	0.26436	0.15549	0.13744	0.02285	0.11048	0.00396	0.00682	0.01346	0.04572	0.11101
24	0.02035	0.24496	0.10143	0.01802	0.07450	0.04387	0.01508	0.13931	0.06021	0.02632	0.01718	0.02262	0.01505	0.10860	0.05713	0.00360	0.00977	0.00681	0.00485	0.01034
25	0.01913	0.17013	0.02506	0.11033	0.13968	0.01876	0.01493	0.08805	0.05217	0.04929	0.07513	0.06665	0.02110	0.00964	0.00727	0.00223	0.00764	0.00806	0.05635	0.05837
26	0.04677	0.03052	0.25553	0.02484	0.12472	0.16403	0.04272	0.08410	0.02034	0.08110	0.01558	0.01778	0.01161	0.00820	0.00830	0.00241	0.03919	0.00629	0.00463	0.01135
27	0.08187	0.14855	0.12651	0.04007	0.04461	0.02020	0.13241	0.12427	0.01994	0.02818	0.01943	0.02269	0.05610	0.03998	0.00877	0.00252	0.00930	0.00727	0.00481	0.06252
28	0.01384	0.01270	0.04351	0.10741	0.04410	0.04535	0.01125	0.05717	0.01665	0.02160	0.03183	0.29627	0.06750	0.17577	0.01609	0.00394	0.00735	0.01438	0.00583	0.00749
29	0.01907	0.01462	0.01677	0.01878	0.12140	0.11214	0.01176	0.04387	0.01608	0.07344	0.01892	0.10369	0.01808	0.01881	0.01837	0.34522	0.00820	0.00860	0.00479	0.00737
30	0.07934	0.01479	0.01712	0.08841	0.05444	0.09487	0.05419	0.04341	0.01800	0.02424	0.06793	0.26807	0.08628	0.01519	0.00857	0.00267	0.00750	0.01331	0.00595	0.03570
31	0.13170	0.01826	0.08016	0.06037	0.02418	0.01682	0.06823	0.16984	0.05848	0.03263	0.05598	0.10566	0.02067	0.01048	0.00764	0.00241	0.00783	0.00884	0.00598	0.11386
32	0.01783	0.13156	0.17347	0.07815	0.05447	0.12783	0.01765	0.02217	0.01689	0.02137	0.04414	0.02348	0.04817	0.01773	0.12407	0.00412	0.05629	0.00706	0.00410	0.00945

[dist]
# distance from previous block
# <min> <max>
0	172

[block]
# block no. 1 follows, 24 sequences, length 16
# corresponding to MSA columns:
# 593-608
name=unknown_B
#
# <colnr> <probs for GDERKNQSTAVLIFYWHMCP>
#	G	D	E	R	K	N	Q	S	T	A	V	L	I	F	Y	W	H	M	C	P
0	0.03998	0.06947	0.04802	0.10188	0.09752	0.11306	0.05560	0.10589	0.02007	0.02566	0.02610	0.02841	0.13133	0.01081	0.00998	0.00252	0.09052	0.00838	0.00499	0.00982
1	0.18917	0.07417	0.02636	0.06055	0.08970	0.01989	0.13681	0.14678	0.02019	0.03101	0.01750	0.08920	0.01545	0.00969	0.00831	0.00254	0.03888	0.00827	0.00523	0.01030
2	0.05535	0.08704	0.12723	0.01925	0.06009	0.27607	0.01619	0.06772	0.02028	0.04652	0.02105	0.02288	0.07658	0.01276	0.05494	0.00297	0.01160	0.00686	0.00473	0.00989
3	0.01682	0.01492	0.01746	0.01443	0.01826	0.07899	0.07306	0.09155	0.02176	0.02944	0.24135	0.04008	0.11839	0.01243	0.00888	0.00232	0.03116	0.01055	0.06735	0.09081
4	0.01257	0.00883	0.01122	0.01285	0.07474	0.00895	0.00722	0.01357	0.01269	0.01780	0.02375	0.04518	0.02579	0.53834	0.08879	0.00712	0.00868	0.01050	0.06543	0.00597
5	0.04108	0.05907	0.01369	0.01142	0.01407	0.01022	0.00881	0.01793	0.01737	0.12762	0.12515	0.22473	0.12902	0.02503	0.13316	0.00453	0.00810	0.01378	0.00701	0.00820
6	0.01535	0.01227	0.01949	0.02034	0.12197	0.01295	0.07444	0.06902	0.01578	0.02202	0.01864	0.02769	0.01705	0.08292	0.30926	0.12570	0.01436	0.00820	0.00440	0.00813
7	0.24249	0.01064	0.01081	0.00983	0.01309	0.01088	0.00770	0.02021	0.01825	0.09539	0.22834	0.03758	0.08822	0.01184	0.00711	0.00236	0.00477	0.00949	0.16268	0.00832
8	0.02078	0.05225	0.04443	0.01667	0.02048	0.19887	0.01340	0.05485	0.22345	0.02521	0.02124	0.02433	0.01746	0.04816	0.11753	0.00427	0.05121	0.00740	0.02805	0.00998
9	0.01036	0.00751	0.00963	0.01024	0.01141	0.00695	0.00716	0.01265	0.01809	0.02464	0.29315	0.36642	0.10920	0.06083	0.01148	0.00314	0.00439	0.01820	0.00776	0.00678
10	0.01994	0.01810	0.05522	0.05114	0.02476	0.01561	0.06557	0.17618	0.02180	0.03148	0.01549	0.01776	0.01205	0.00704	0.00687	0.00174	0.00775	0.00588	0.00532	0.44030
11	0.02378	0.10111	0.07592	0.01731	0.02293	0.14519	0.03159	0.26922	0.04760	0.03273	0.02466	0.07203	0.08007	0.01089	0.00778	0.00236	0.00926	0.00849	0.00615	0.01091
12	0.01656	0.17514	0.45864	0.01917	0.02868	0.01997	0.02322	0.02433	0.04317	0.02418	0.04336	0.02161	0.05208	0.00859	0.00724	0.00236	0.01008	0.00663	0.00399	0.01098
13	0.02007	0.15521	0.22918	0.01862	0.02588	0.07603	0.08188	0.05646	0.01897	0.09180	0.02344	0.08083	0.06776	0.01016	0.00767	0.00240	0.00963	0.00841	0.00505	0.01055
14	0.01598	0.06729	0.01407	0.01094	0.01430	0.01102	0.00867	0.01978	0.06283	0.13468	0.13188	0.10682	0.31763	0.01634	0.00926	0.00261	0.02611	0.01358	0.00757	0.00867
15	0.02736	0.01117	0.01544	0.01276	0.01680	0.00994	0.00999	0.02869	0.01910	0.43877	0.06001	0.06323	0.02263	0.01550	0.01411	0.20101	0.00652	0.00877	0.00798	0.01022

[dist]
# distance from previous block
# <min> <max>
0	1

[block]
# block no. 2 follows, 24 sequences, length 31
# corresponding to MSA columns:
# 610-622,632-649
name=unknown_C
#
# <colnr> <probs for GDERKNQSTAVLIFYWHMCP>
#	G	D	E	R	K	N	Q	S	T	A	V	L	I	F	Y	W	H	M	C	P
0	0.06229	0.02054	0.08520	0.14331	0.02997	0.08931	0.08574	0.11766	0.02103	0.16389	0.01934	0.02343	0.01461	0.07610	0.01090	0.00296	0.00982	0.00748	0.00578	0.01062
1	0.01000	0.00815	0.00890	0.00897	0.01143	0.00705	0.00690	0.01245	0.01882	0.02337	0.17454	0.07470	0.51155	0.01961	0.00952	0.00274	0.00428	0.07257	0.00759	0.00688
2	0.01051	0.00745	0.00916	0.01017	0.01080	0.00710	0.00674	0.01165	0.01445	0.01894	0.04089	0.37436	0.10720	0.26455	0.02054	0.00474	0.00581	0.06249	0.00647	0.00597
3	0.08542	0.20697	0.13744	0.02173	0.10258	0.08699	0.04107	0.12798	0.02016	0.02758	0.01361	0.01610	0.01095	0.00810	0.00819	0.00229	0.06167	0.00581	0.00443	0.01095
4	0.01709	0.01708	0.02496	0.53622	0.14743	0.08159	0.02175	0.02198	0.01683	0.02105	0.01405	0.02026	0.01085	0.00782	0.00784	0.00254	0.01075	0.00687	0.00364	0.00943
5	0.02807	0.02021	0.02158	0.01678	0.02252	0.02227	0.01378	0.56066	0.03449	0.04722	0.01996	0.02046	0.01441	0.00948	0.00761	0.00231	0.00805	0.00717	0.11032	0.01266
6	0.01017	0.00806	0.00914	0.00887	0.01120	0.00703	0.00665	0.01293	0.01996	0.02590	0.33381	0.06894	0.41236	0.01841	0.00936	0.00260	0.00390	0.01570	0.00795	0.00703
7	0.01033	0.00781	0.01137	0.01218	0.01305	0.00733	0.04454	0.01192	0.01512	0.02018	0.04069	0.62588	0.04831	0.07560	0.01233	0.00352	0.00535	0.02095	0.00697	0.00657
8	0.01287	0.01128	0.01141	0.01113	0.01347	0.06360	0.00824	0.01766	0.09086	0.02602	0.27003	0.16813	0.23034	0.01752	0.00917	0.00265	0.00510	0.01507	0.00766	0.00778
9	0.01780	0.01689	0.02825	0.30433	0.40017	0.01840	0.02290	0.02352	0.04555	0.02401	0.01536	0.02066	0.01229	0.00757	0.00789	0.00248	0.00973	0.00714	0.00395	0.01108
10	0.42012	0.01828	0.06939	0.01363	0.01962	0.01778	0.01211	0.14085	0.02009	0.17457	0.01709	0.01734	0.01196	0.00830	0.00633	0.00244	0.00719	0.00573	0.00639	0.01079
11	0.01289	0.00844	0.00976	0.00923	0.01119	0.00765	0.00648	0.01475	0.01740	0.08234	0.19011	0.06014	0.27127	0.24193	0.01912	0.00421	0.00538	0.01373	0.00708	0.00690
12	0.01036	0.00804	0.00951	0.00981	0.01185	0.00719	0.00746	0.01297	0.01892	0.02445	0.23473	0.16057	0.34032	0.01988	0.00967	0.00282	0.00443	0.09234	0.00774	0.00696
13	0.01976	0.14441	0.20624	0.02617	0.10445	0.10795	0.16562	0.02514	0.01755	0.02290	0.01358	0.01723	0.01087	0.00784	0.00930	0.00243	0.07762	0.00655	0.00368	0.01071
14	0.01055	0.00799	0.00972	0.00947	0.01148	0.00717	0.00703	0.01359	0.02059	0.02781	0.44405	0.11327	0.25229	0.01802	0.00942	0.00260	0.00389	0.01567	0.00822	0.00717
15	0.01377	0.00689	0.01033	0.01033	0.01033	0.00689	0.00689	0.01033	0.01033	0.01377	0.01377	0.02410	0.01377	0.02755	0.03099	0.76928	0.00689	0.00689	0.00344	0.00344
16	0.07553	0.01683	0.01782	0.01460	0.01945	0.07462	0.01157	0.15127	0.08318	0.28371	0.07399	0.02849	0.02241	0.07757	0.01089	0.00292	0.00758	0.00824	0.00791	0.01143
17	0.02067	0.12673	0.40821	0.02016	0.02969	0.02190	0.02315	0.20174	0.02251	0.03134	0.01517	0.01686	0.01104	0.00800	0.00732	0.00237	0.01044	0.00601	0.00466	0.01202
18	0.41384	0.01619	0.06135	0.01203	0.01720	0.01579	0.01059	0.08366	0.01782	0.12476	0.01746	0.01865	0.01276	0.00825	0.00592	0.00234	0.00644	0.00574	0.13945	0.00975
19	0.02168	0.04655	0.13246	0.02149	0.07885	0.06774	0.09727	0.09928	0.09529	0.08539	0.01839	0.01986	0.01375	0.00788	0.00750	0.00219	0.00925	0.00676	0.00545	0.16297
20	0.02294	0.20013	0.02596	0.05662	0.02375	0.07550	0.01415	0.17131	0.26761	0.03144	0.02126	0.02124	0.01633	0.00910	0.00720	0.00231	0.00826	0.00694	0.00627	0.01168
21	0.01265	0.01045	0.01529	0.01452	0.01563	0.01308	0.01155	0.01524	0.01261	0.01856	0.01886	0.02811	0.01775	0.04944	0.54374	0.01070	0.17217	0.00815	0.00408	0.00743
22	0.05627	0.28680	0.19539	0.01803	0.02579	0.04815	0.07268	0.06214	0.06561	0.02515	0.01459	0.01646	0.01158	0.00743	0.00659	0.00211	0.00949	0.00569	0.00424	0.06580
23	0.05918	0.16712	0.24756	0.04737	0.07676	0.06106	0.06889	0.07713	0.01873	0.05052	0.01437	0.01696	0.01104	0.00789	0.00801	0.00236	0.04373	0.00606	0.00422	0.01105
24	0.01193	0.00831	0.01034	0.01059	0.01236	0.00772	0.00764	0.01527	0.04927	0.05841	0.25006	0.32754	0.16102	0.01981	0.00954	0.00283	0.00441	0.01751	0.00796	0.00747
25	0.01446	0.01262	0.06538	0.08240	0.07621	0.01080	0.04512	0.01766	0.01667	0.07976	0.03362	0.39739	0.03646	0.01797	0.00936	0.00297	0.00694	0.05930	0.00645	0.00848
26	0.01999	0.08089	0.15791	0.08930	0.07679	0.08153	0.07734	0.14592	0.02170	0.02855	0.05929	0.08683	0.01932	0.01004	0.00798	0.00246	0.00979	0.00857	0.00517	0.01062
27	0.01824	0.12066	0.13565	0.06953	0.08274	0.12464	0.06085	0.02354	0.04805	0.02347	0.07034	0.02746	0.08212	0.01166	0.03505	0.00274	0.00996	0.00798	0.03558	0.00976
28	0.01255	0.00801	0.01042	0.01124	0.01279	0.00734	0.00819	0.01461	0.01719	0.08409	0.09753	0.44707	0.12999	0.02179	0.00985	0.00307	0.00495	0.08431	0.00770	0.00732
29	0.01445	0.01607	0.10738	0.14665	0.14627	0.01349	0.06087	0.01883	0.01653	0.02314	0.02577	0.24123	0.02634	0.01364	0.00860	0.00274	0.00818	0.03904	0.06166	0.00911
30	0.01739	0.02483	0.23273	0.04759	0.12147	0.07062	0.04936	0.04340	0.09634	0.02569	0.02400	0.11460	0.04908	0.01088	0.00809	0.00256	0.00929	0.00937	0.03217	0.01055

[dist]
# distance from previous block
# <min> <max>
3	7

[block]
# block no. 3 follows, 24 sequences, length 7
# corresponding to MSA columns:
# 657-663
name=unknown_D
#
# <colnr> <probs for GDERKNQSTAVLIFYWHMCP>
#	G	D	E	R	K	N	Q	S	T	A	V	L	I	F	Y	W	H	M	C	P
0	0.01491	0.05664	0.14116	0.08225	0.02163	0.04874	0.01387	0.01830	0.01576	0.05710	0.02685	0.26183	0.02826	0.10731	0.06591	0.00414	0.00909	0.01258	0.00539	0.00827
1	0.01045	0.00767	0.00906	0.00960	0.01074	0.00712	0.00654	0.01197	0.01583	0.02056	0.11589	0.24920	0.21180	0.22611	0.01872	0.00432	0.00539	0.04608	0.00676	0.00619
2	0.01975	0.12793	0.19983	0.18691	0.03625	0.10206	0.11267	0.07833	0.01920	0.02452	0.01418	0.01782	0.01080	0.00765	0.00753	0.00238	0.01127	0.00645	0.00398	0.01049
3	0.02135	0.02083	0.06061	0.13974	0.14874	0.07125	0.11792	0.13219	0.04871	0.05302	0.01668	0.01984	0.01266	0.00781	0.00784	0.00233	0.00999	0.00708	0.00503	0.09638
4	0.01650	0.01482	0.01813	0.01766	0.05371	0.05212	0.01307	0.05310	0.12481	0.02322	0.02211	0.10298	0.02103	0.05966	0.18769	0.00568	0.18993	0.00957	0.00524	0.00898
5	0.00965	0.00744	0.00882	0.00975	0.01120	0.00661	0.00683	0.01144	0.01684	0.02149	0.10023	0.41228	0.30435	0.02233	0.00977	0.00295	0.00431	0.01964	0.00745	0.00661
6	0.02118	0.02101	0.07566	0.04704	0.05599	0.17482	0.01431	0.08144	0.02050	0.09803	0.08898	0.12331	0.02563	0.04636	0.03736	0.00316	0.03988	0.00980	0.00595	0.00958

[dist]
# distance from previous block
# <min> <max>
0	2

[block]
# block no. 4 follows, 24 sequences, length 55
# corresponding to MSA columns:
# 666-720
name=unknown_E
#
# <colnr> <probs for GDERKNQSTAVLIFYWHMCP>
#	G	D	E	R	K	N	Q	S	T	A	V	L	I	F	Y	W	H	M	C	P
0	0.19817	0.19641	0.07073	0.04154	0.02302	0.24120	0.01464	0.05753	0.01852	0.02493	0.01215	0.01439	0.01001	0.00791	0.00706	0.00219	0.04073	0.00502	0.00420	0.00965
1	0.01745	0.01629	0.02714	0.08771	0.49826	0.01641	0.02080	0.02175	0.01799	0.02531	0.06892	0.08442	0.04346	0.00980	0.00822	0.00247	0.00847	0.00928	0.00467	0.01118
2	0.02131	0.09886	0.08325	0.05611	0.23251	0.02145	0.01875	0.14648	0.18224	0.03120	0.01954	0.02108	0.01510	0.00851	0.00759	0.00240	0.00864	0.00714	0.00560	0.01224
3	0.01277	0.00721	0.00965	0.00965	0.00985	0.00711	0.00620	0.01077	0.01127	0.01482	0.02210	0.03634	0.06707	0.23530	0.03219	0.48351	0.00691	0.00902	0.00414	0.00409
4	0.02396	0.01573	0.01755	0.06239	0.02092	0.01705	0.01192	0.33471	0.02737	0.08441	0.02199	0.02351	0.01615	0.00933	0.00708	0.00221	0.00692	0.00728	0.27855	0.01098
5	0.01312	0.00818	0.01019	0.00995	0.01079	0.00806	0.00653	0.01432	0.04070	0.04720	0.14900	0.09536	0.03595	0.33784	0.02759	0.15536	0.00644	0.01173	0.00583	0.00586
6	0.01628	0.01505	0.02400	0.13272	0.30116	0.01663	0.01896	0.02015	0.01636	0.02275	0.02247	0.03217	0.06499	0.01598	0.07969	0.00377	0.11101	0.07152	0.00444	0.00990
7	0.01115	0.00789	0.01015	0.01012	0.01116	0.00780	0.00700	0.01328	0.01661	0.02312	0.28814	0.13264	0.04901	0.24605	0.12561	0.00582	0.00782	0.01354	0.00663	0.00645
8	0.02231	0.09599	0.02551	0.08859	0.15999	0.18620	0.01677	0.09988	0.07004	0.02516	0.01604	0.02068	0.01362	0.06167	0.01119	0.00275	0.06177	0.00677	0.00471	0.01037
9	0.02736	0.01615	0.02051	0.10355	0.07149	0.01679	0.01426	0.23947	0.02571	0.25230	0.02309	0.02334	0.01598	0.00921	0.00764	0.00237	0.00771	0.00743	0.10358	0.01206
10	0.01149	0.00881	0.01127	0.01100	0.01205	0.00962	0.00792	0.01307	0.01331	0.01798	0.03331	0.04628	0.14958	0.28238	0.27469	0.00826	0.06659	0.01107	0.00500	0.00632
11	0.41861	0.02489	0.01690	0.04980	0.02126	0.30529	0.01215	0.02673	0.01746	0.02788	0.01172	0.01391	0.00938	0.00774	0.00602	0.00229	0.00985	0.00478	0.00449	0.00886
12	0.08468	0.02140	0.02679	0.12946	0.37519	0.15068	0.02037	0.02575	0.01844	0.05289	0.01466	0.01854	0.01180	0.00755	0.00748	0.00235	0.01015	0.00649	0.00424	0.01108
13	0.01840	0.01674	0.02596	0.08619	0.42818	0.01700	0.01961	0.08769	0.01994	0.02718	0.02803	0.03071	0.14025	0.00993	0.00816	0.00244	0.00838	0.00895	0.00499	0.01124
14	0.01802	0.01562	0.01568	0.06518	0.01975	0.09882	0.01134	0.14350	0.08815	0.02872	0.07735	0.23836	0.07891	0.01524	0.00860	0.00265	0.00711	0.01296	0.04491	0.00913
15	0.02650	0.11281	0.02417	0.01719	0.02267	0.15398	0.01408	0.34734	0.08153	0.03682	0.04617	0.02197	0.04061	0.00968	0.00754	0.00227	0.00921	0.00718	0.00663	0.01165
16	0.07813	0.01555	0.02567	0.15399	0.03119	0.01626	0.18854	0.06842	0.04687	0.09495	0.08785	0.02667	0.02054	0.01514	0.09141	0.00382	0.01086	0.00861	0.00558	0.00995
17	0.05248	0.13654	0.24001	0.02102	0.05042	0.17888	0.08225	0.02582	0.01808	0.02337	0.01334	0.01593	0.01052	0.00728	0.00698	0.00214	0.01105	0.00564	0.00383	0.09443
18	0.01743	0.18585	0.28334	0.07632	0.05615	0.07216	0.02039	0.02292	0.01632	0.02165	0.01463	0.01871	0.01199	0.01670	0.12882	0.00412	0.01270	0.00606	0.00362	0.01014
19	0.01604	0.01529	0.02814	0.02825	0.19930	0.01463	0.23088	0.02053	0.01783	0.02507	0.05226	0.14522	0.06963	0.01148	0.00869	0.00259	0.00875	0.01151	0.08420	0.00971
20	0.01225	0.01260	0.08165	0.08507	0.01901	0.01019	0.01133	0.01739	0.05229	0.02834	0.40747	0.05191	0.15043	0.01475	0.00895	0.00255	0.00547	0.01278	0.00737	0.00820
21	0.11608	0.08339	0.17290	0.02513	0.19515	0.01924	0.01909	0.06945	0.08544	0.11287	0.01814	0.01949	0.01348	0.00809	0.00722	0.00240	0.00873	0.00653	0.00533	0.01185
22	0.01477	0.01354	0.02069	0.22925	0.22363	0.01431	0.01676	0.01967	0.04807	0.02373	0.08068	0.03922	0.20011	0.01179	0.00842	0.00256	0.00770	0.01037	0.00531	0.00943
23	0.01190	0.00882	0.01246	0.08455	0.01823	0.00903	0.01139	0.01472	0.01651	0.02162	0.03838	0.28259	0.04294	0.07349	0.01256	0.00371	0.00680	0.31658	0.00674	0.00699
24	0.08288	0.19212	0.15553	0.01817	0.02458	0.28484	0.01699	0.06038	0.05300	0.02393	0.01366	0.01535	0.01094	0.00787	0.00667	0.00214	0.01112	0.00530	0.00425	0.01027
25	0.04711	0.02119	0.19778	0.07091	0.20064	0.01596	0.01947	0.02062	0.01561	0.02289	0.01829	0.03037	0.01726	0.15696	0.01591	0.00370	0.05872	0.05278	0.00418	0.00965
26	0.01110	0.00775	0.00993	0.01072	0.01130	0.00782	0.00733	0.01239	0.01366	0.01834	0.03224	0.25389	0.03677	0.32654	0.12202	0.00657	0.00868	0.09122	0.00581	0.00595
27	0.11009	0.02126	0.06921	0.05350	0.06948	0.10161	0.01512	0.17361	0.11696	0.10579	0.02150	0.07030	0.01713	0.01002	0.00764	0.00248	0.00861	0.00793	0.00645	0.01132
28	0.01630	0.01541	0.09762	0.01289	0.01744	0.01222	0.01117	0.02368	0.15328	0.07613	0.07626	0.03798	0.10441	0.15042	0.01415	0.00335	0.00667	0.00962	0.03309	0.12790
29	0.00989	0.00751	0.00928	0.01012	0.01150	0.00690	0.00716	0.01185	0.01677	0.02187	0.12901	0.39018	0.24104	0.02490	0.06009	0.00367	0.00555	0.01873	0.00730	0.00669
30	0.01114	0.00757	0.00890	0.00921	0.00944	0.00743	0.00550	0.01169	0.01305	0.01754	0.07619	0.18210	0.03684	0.53320	0.03216	0.00643	0.00679	0.01389	0.00559	0.00532
31	0.02135	0.18623	0.14145	0.02871	0.24411	0.02127	0.06489	0.04959	0.05106	0.09309	0.01671	0.01892	0.01291	0.00761	0.00729	0.00228	0.00941	0.00657	0.00468	0.01186
32	0.32717	0.07424	0.07049	0.10194	0.10130	0.05284	0.03904	0.02314	0.01551	0.02761	0.01361	0.01889	0.01143	0.00846	0.00788	0.00252	0.05876	0.03134	0.00431	0.00950
33	0.02455	0.08789	0.02081	0.01725	0.07611	0.01573	0.01282	0.03183	0.15638	0.28483	0.02600	0.02623	0.01905	0.01913	0.14046	0.00442	0.00988	0.00782	0.00717	0.01162
34	0.26338	0.02639	0.28806	0.02307	0.15365	0.01774	0.02020	0.02401	0.01593	0.02871	0.01332	0.01604	0.01019	0.00727	0.00663	0.00237	0.00904	0.00551	0.00406	0.06442
35	0.01886	0.07132	0.07669	0.02872	0.27453	0.10042	0.04737	0.02431	0.06113	0.02504	0.05167	0.02736	0.08422	0.00936	0.00768	0.00232	0.00888	0.00811	0.06142	0.01060
36	0.01342	0.00865	0.01094	0.01005	0.01251	0.00777	0.00765	0.01677	0.02167	0.09706	0.49370	0.05901	0.17802	0.01626	0.00921	0.00252	0.00410	0.01412	0.00859	0.00796
37	0.02371	0.44045	0.08280	0.01633	0.02281	0.18230	0.01531	0.09193	0.01989	0.02265	0.01240	0.01406	0.01053	0.00745	0.00605	0.00191	0.01010	0.00487	0.00403	0.01042
38	0.00959	0.00717	0.00893	0.01033	0.01132	0.00650	0.00705	0.01112	0.01586	0.02052	0.05233	0.56543	0.19759	0.02372	0.00994	0.00309	0.00446	0.02118	0.00736	0.00650
39	0.02044	0.12574	0.10479	0.02221	0.14711	0.08839	0.01645	0.09559	0.06776	0.05725	0.02480	0.10922	0.06508	0.01102	0.00775	0.00241	0.00864	0.00911	0.00551	0.01072
40	0.02695	0.20443	0.02730	0.04845	0.02482	0.45172	0.01517	0.07257	0.02167	0.02142	0.01251	0.01455	0.01045	0.00792	0.00673	0.00201	0.01232	0.00512	0.00416	0.00972
41	0.01619	0.01381	0.01626	0.01180	0.01856	0.01054	0.00942	0.01968	0.01626	0.02547	0.01445	0.01718	0.01215	0.00856	0.04014	0.00175	0.00664	0.00489	0.00468	0.73158
42	0.01985	0.21309	0.19235	0.02183	0.09319	0.02263	0.06544	0.12325	0.01992	0.02679	0.01882	0.02101	0.05842	0.00891	0.00861	0.00235	0.06112	0.00688	0.00451	0.01102
43	0.01408	0.01424	0.08222	0.01328	0.01688	0.01237	0.01125	0.02395	0.22618	0.02898	0.25291	0.14224	0.09911	0.01513	0.00886	0.00268	0.00554	0.01311	0.00764	0.00935
44	0.01855	0.01839	0.07150	0.07915	0.18573	0.01721	0.09478	0.11162	0.08927	0.03011	0.11143	0.02898	0.05544	0.00974	0.00826	0.00245	0.00851	0.00887	0.00575	0.04426
45	0.00968	0.00752	0.00884	0.00984	0.01138	0.00668	0.00701	0.01145	0.01664	0.02094	0.06029	0.39524	0.33252	0.02254	0.00982	0.00299	0.00446	0.04819	0.00736	0.00660
46	0.22523	0.01255	0.01429	0.01221	0.01644	0.01261	0.00967	0.02752	0.06585	0.27514	0.10671	0.05999	0.02509	0.01261	0.00984	0.08230	0.00607	0.00847	0.00746	0.00996
47	0.00965	0.00773	0.00862	0.00906	0.01105	0.00671	0.00654	0.01167	0.01775	0.02221	0.13295	0.24868	0.43760	0.02097	0.00957	0.00281	0.00415	0.01806	0.00751	0.00671
48	0.01328	0.00813	0.00983	0.00982	0.01132	0.00745	0.00671	0.01414	0.01529	0.08860	0.04434	0.21429	0.20894	0.21039	0.02003	0.08390	0.00574	0.01478	0.00653	0.00651
49	0.01590	0.04102	0.68023	0.02260	0.03432	0.01842	0.02930	0.02511	0.01674	0.02511	0.01423	0.01674	0.01005	0.00753	0.00753	0.00251	0.01172	0.00586	0.00335	0.01172
50	0.01947	0.12887	0.25784	0.05569	0.12495	0.04811	0.04698	0.05031	0.01902	0.07412	0.08331	0.02217	0.01815	0.00852	0.00754	0.00235	0.00971	0.00707	0.00474	0.01109
51	0.01288	0.00881	0.01303	0.01267	0.01341	0.01027	0.00954	0.01323	0.01177	0.01673	0.01730	0.02706	0.01656	0.04269	0.37225	0.29718	0.08716	0.00773	0.00386	0.00587
52	0.05730	0.19473	0.05134	0.08588	0.05559	0.11688	0.01383	0.02405	0.06788	0.05008	0.08951	0.05907	0.05028	0.04104	0.00867	0.00252	0.00845	0.00820	0.00523	0.00947
53	0.10761	0.04762	0.02448	0.07252	0.10342	0.05157	0.12376	0.06799	0.01824	0.02616	0.02576	0.06213	0.11213	0.01097	0.00982	0.00259	0.08302	0.00914	0.03155	0.00950
54	0.02092	0.15513	0.15481	0.01789	0.05465	0.16553	0.01601	0.02470	0.01852	0.09114	0.02492	0.05851	0.08267	0.03985	0.00888	0.00256	0.00956	0.03883	0.00508	0.00986

[dist]
# distance from previous block
# <min> <max>
1	29

[block]
# block no. 5 follows, 24 sequences, length 15
# corresponding to MSA columns:
# 750-764
name=unknown_F
#
# <colnr> <probs for GDERKNQSTAVLIFYWHMCP>
#	G	D	E	R	K	N	Q	S	T	A	V	L	I	F	Y	W	H	M	C	P
0	0.01724	0.04437	0.08497	0.06006	0.16759	0.04228	0.01620	0.05018	0.09069	0.02583	0.02726	0.03193	0.09589	0.01348	0.04580	0.00306	0.04757	0.03796	0.08758	0.01005
1	0.01114	0.00856	0.01070	0.01105	0.01312	0.00743	0.00792	0.01313	0.01591	0.02166	0.04176	0.47448	0.11086	0.02044	0.00925	0.00278	0.00494	0.05160	0.00684	0.15643
2	0.01651	0.07016	0.20900	0.14378	0.17735	0.05231	0.02074	0.02180	0.01737	0.02342	0.05386	0.08622	0.05410	0.01017	0.00792	0.00249	0.00944	0.00873	0.00441	0.01020
3	0.01798	0.01622	0.02756	0.38234	0.19753	0.01801	0.08860	0.02447	0.06619	0.05880	0.01683	0.02177	0.01274	0.00790	0.00808	0.00257	0.01006	0.00750	0.00436	0.01046
4	0.01038	0.00792	0.00861	0.00857	0.01085	0.00693	0.00637	0.01292	0.01875	0.02456	0.20492	0.10219	0.43246	0.01832	0.00900	0.00258	0.00395	0.01552	0.08826	0.00693
5	0.01205	0.00920	0.01268	0.01230	0.01311	0.01075	0.00907	0.01385	0.01229	0.01751	0.02127	0.03633	0.02170	0.26749	0.40894	0.01011	0.09119	0.00930	0.00434	0.00652
6	0.01123	0.00776	0.00962	0.01031	0.01089	0.00758	0.00695	0.01250	0.01451	0.01942	0.09102	0.22517	0.04162	0.37134	0.02528	0.00545	0.00649	0.11079	0.00620	0.00586
7	0.77733	0.01534	0.01166	0.01043	0.01534	0.01779	0.00859	0.02331	0.01350	0.03558	0.01104	0.01288	0.00859	0.00736	0.00491	0.00245	0.00613	0.00429	0.00491	0.00859
8	0.01705	0.01711	0.02638	0.30399	0.13612	0.06306	0.08722	0.02137	0.01603	0.02124	0.01449	0.02095	0.01197	0.01409	0.08336	0.00377	0.12132	0.00731	0.00374	0.00941
9	0.01415	0.01244	0.05580	0.01421	0.01779	0.01063	0.09552	0.04040	0.01787	0.05700	0.07034	0.15847	0.18745	0.02118	0.09881	0.00396	0.00839	0.01299	0.09434	0.00826
10	0.01005	0.00784	0.00917	0.00964	0.01153	0.00696	0.00712	0.01236	0.01823	0.02336	0.18601	0.23572	0.35087	0.02064	0.00967	0.00285	0.00434	0.05920	0.00763	0.00683
11	0.12483	0.01387	0.04851	0.10413	0.02275	0.01276	0.01246	0.02759	0.01887	0.31739	0.09341	0.02926	0.02310	0.06038	0.05320	0.00349	0.00807	0.00822	0.00721	0.01050
12	0.01943	0.15255	0.10894	0.01878	0.08992	0.07498	0.01519	0.14446	0.02150	0.02755	0.04806	0.11136	0.11137	0.01195	0.00779	0.00239	0.00829	0.00971	0.00562	0.01017
13	0.01582	0.01574	0.02897	0.55152	0.05165	0.01817	0.16198	0.02142	0.01650	0.02142	0.01453	0.02120	0.01090	0.00765	0.00825	0.00265	0.01120	0.00757	0.00363	0.00923
14	0.14522	0.01981	0.02192	0.09839	0.19206	0.13288	0.01623	0.07770	0.01848	0.02680	0.01494	0.02012	0.01265	0.05376	0.01084	0.00276	0.07217	0.00657	0.04684	0.00988

[dist]
# distance from previous block
# <min> <max>
1	43

[block]
# block no. 6 follows, 24 sequences, length 30
# corresponding to MSA columns:
# 808-837
name=unknown_G
#
# <colnr> <probs for GDERKNQSTAVLIFYWHMCP>
#	G	D	E	R	K	N	Q	S	T	A	V	L	I	F	Y	W	H	M	C	P
0	0.16316	0.01872	0.02184	0.01956	0.07026	0.08392	0.09663	0.17274	0.04729	0.03239	0.04209	0.13064	0.02061	0.01102	0.00781	0.00251	0.00845	0.00939	0.00600	0.03498
1	0.08670	0.01175	0.01388	0.01223	0.01573	0.01157	0.00938	0.01962	0.06298	0.06678	0.02751	0.15610	0.06576	0.06184	0.09720	0.00398	0.05135	0.01035	0.00585	0.20945
2	0.01356	0.00696	0.01017	0.01017	0.01017	0.00696	0.00669	0.01044	0.01044	0.01392	0.01483	0.02671	0.01519	0.09262	0.03187	0.69784	0.00696	0.00732	0.00357	0.00357
3	0.01377	0.00689	0.01033	0.01033	0.01033	0.00689	0.00689	0.01033	0.01033	0.01377	0.01377	0.02410	0.01377	0.02755	0.03099	0.76928	0.00689	0.00689	0.00344	0.00344
4	0.01952	0.10603	0.01848	0.01395	0.01723	0.12330	0.01085	0.06066	0.09758	0.07092	0.02621	0.10984	0.06329	0.04691	0.07615	0.10596	0.00922	0.00948	0.00572	0.00868
5	0.01971	0.05658	0.06686	0.16204	0.15929	0.11473	0.01949	0.05217	0.01738	0.02284	0.01315	0.01791	0.01102	0.00921	0.01216	0.00258	0.18819	0.00644	0.00391	0.04435
6	0.01113	0.00820	0.01187	0.01211	0.01326	0.00923	0.00907	0.01348	0.01295	0.01835	0.02461	0.12464	0.02507	0.12030	0.53491	0.01097	0.01768	0.01067	0.00472	0.00677
7	0.02499	0.01970	0.02071	0.17225	0.02897	0.12517	0.01507	0.19894	0.08710	0.12765	0.02057	0.02194	0.01489	0.00908	0.00761	0.00238	0.00904	0.00712	0.07572	0.01109
8	0.00966	0.00690	0.00920	0.01104	0.01150	0.00644	0.00736	0.01104	0.01518	0.02024	0.04371	0.71614	0.05245	0.02484	0.01012	0.00322	0.00460	0.02254	0.00736	0.00644
9	0.02699	0.02573	0.02173	0.01784	0.02335	0.24335	0.01410	0.29204	0.09229	0.03471	0.01743	0.01817	0.01324	0.00868	0.00740	0.00213	0.00993	0.00630	0.00621	0.11839
10	0.02047	0.06212	0.05237	0.26209	0.23088	0.07971	0.02027	0.02612	0.05783	0.08778	0.01683	0.02048	0.01284	0.00797	0.00766	0.00242	0.00983	0.00687	0.00459	0.01088
11	0.01498	0.01409	0.02378	0.70226	0.05462	0.01762	0.02202	0.02026	0.01586	0.02026	0.01409	0.02114	0.01057	0.00793	0.00793	0.00264	0.01057	0.00705	0.00352	0.00881
12	0.01529	0.01298	0.01587	0.06286	0.02032	0.01046	0.01002	0.01861	0.01621	0.02456	0.01867	0.12491	0.01795	0.00896	0.00668	0.00160	0.00602	0.00763	0.00502	0.59538
13	0.01126	0.00987	0.00982	0.00948	0.01195	0.04844	0.00711	0.01389	0.01990	0.02499	0.28488	0.06648	0.41767	0.01798	0.00923	0.00257	0.00454	0.01518	0.00765	0.00713
14	0.00966	0.00690	0.00920	0.01104	0.01150	0.00644	0.00736	0.01104	0.01518	0.02024	0.04371	0.71614	0.05245	0.02484	0.01012	0.00322	0.00460	0.02254	0.00736	0.00644
15	0.68326	0.01510	0.01251	0.01089	0.01596	0.01701	0.00898	0.02525	0.01466	0.11697	0.01361	0.01467	0.00999	0.00767	0.00530	0.00245	0.00621	0.00476	0.00553	0.00921
16	0.01644	0.01409	0.01644	0.01175	0.01879	0.01057	0.00940	0.01997	0.01644	0.02584	0.01409	0.01644	0.01175	0.00587	0.00587	0.00117	0.00587	0.00470	0.00470	0.76979
17	0.01972	0.01703	0.01793	0.01614	0.02062	0.01972	0.01255	0.04214	0.65752	0.03317	0.03228	0.02959	0.02421	0.01076	0.00807	0.00269	0.00628	0.00897	0.00807	0.01255
18	0.02375	0.01903	0.02020	0.01695	0.02215	0.02160	0.01352	0.27496	0.41815	0.03966	0.02717	0.02552	0.02007	0.01028	0.00802	0.00257	0.00722	0.00826	0.00802	0.01291
19	0.01197	0.00906	0.01136	0.01257	0.01397	0.00923	0.00924	0.01740	0.12702	0.02311	0.04142	0.48399	0.04632	0.02187	0.00992	0.00321	0.00538	0.12783	0.00747	0.00766
20	0.01991	0.55914	0.19719	0.01577	0.02376	0.02822	0.01740	0.02408	0.01627	0.02023	0.01181	0.01370	0.01014	0.00697	0.00568	0.00189	0.00927	0.00463	0.00338	0.01055
21	0.02504	0.02986	0.02061	0.01865	0.02209	0.46981	0.01419	0.02929	0.08430	0.02239	0.10155	0.02210	0.02024	0.01004	0.00931	0.00230	0.07706	0.00689	0.00504	0.00925
22	0.01845	0.03190	0.42950	0.02036	0.02935	0.01849	0.02346	0.14302	0.06076	0.03017	0.01979	0.02720	0.01610	0.00993	0.00808	0.00264	0.01025	0.08399	0.00502	0.01155
23	0.00966	0.00690	0.00920	0.01104	0.01150	0.00644	0.00736	0.01104	0.01518	0.02024	0.04371	0.71614	0.05245	0.02484	0.01012	0.00322	0.00460	0.02254	0.00736	0.00644
24	0.03391	0.01617	0.02006	0.01538	0.02158	0.01562	0.01270	0.22480	0.02717	0.48487	0.02753	0.02455	0.01774	0.00972	0.00796	0.00243	0.00735	0.00772	0.00924	0.01349
25	0.01153	0.00769	0.00865	0.00865	0.00865	0.00769	0.00480	0.01153	0.01153	0.01538	0.02499	0.05189	0.02883	0.72131	0.04036	0.00769	0.00769	0.01153	0.00480	0.00480
26	0.00955	0.00781	0.00843	0.00875	0.01094	0.00669	0.00638	0.01154	0.01777	0.02183	0.10962	0.20271	0.50889	0.02079	0.00952	0.00277	0.00412	0.01774	0.00745	0.00669
27	0.01249	0.00892	0.01245	0.01428	0.01598	0.00888	0.01228	0.01594	0.01797	0.02341	0.04214	0.14664	0.04626	0.02217	0.01088	0.00361	0.00706	0.56409	0.00731	0.00722
28	0.02088	0.01152	0.01255	0.01081	0.01424	0.01183	0.00854	0.14163	0.05075	0.12546	0.02563	0.02720	0.01910	0.00944	0.00646	0.00207	0.00520	0.00750	0.47954	0.00965
29	0.02798	0.03506	0.02271	0.02048	0.02402	0.60068	0.01559	0.02999	0.02109	0.01936	0.01201	0.01471	0.01024	0.00893	0.00967	0.00223	0.10674	0.00535	0.00400	0.00912

[dist]
# distance from previous block
# <min> <max>
0	10

[block]
# block no. 7 follows, 24 sequences, length 55
# corresponding to MSA columns:
# 848-902
name=unknown_H
#
# <colnr> <probs for GDERKNQSTAVLIFYWHMCP>
#	G	D	E	R	K	N	Q	S	T	A	V	L	I	F	Y	W	H	M	C	P
0	0.01369	0.00982	0.01425	0.01316	0.01597	0.00889	0.07462	0.01640	0.01797	0.09023	0.07529	0.25266	0.24599	0.01910	0.00966	0.00294	0.00588	0.09832	0.00731	0.00786
1	0.25684	0.01404	0.01639	0.01301	0.01878	0.01348	0.01074	0.03407	0.01995	0.48590	0.02525	0.02278	0.01634	0.00908	0.00706	0.00245	0.00656	0.00688	0.00835	0.01203
2	0.09540	0.01577	0.02616	0.03026	0.27187	0.01619	0.12691	0.02079	0.01667	0.02500	0.02191	0.17262	0.02211	0.01207	0.00975	0.00275	0.05863	0.04025	0.00491	0.00997
3	0.01145	0.00876	0.01057	0.01000	0.01225	0.00823	0.00753	0.01620	0.06921	0.02956	0.48755	0.06085	0.20482	0.01667	0.00926	0.00255	0.00399	0.01448	0.00837	0.00769
4	0.12470	0.01735	0.02602	0.03690	0.46290	0.01787	0.01954	0.02507	0.08374	0.02767	0.02109	0.02398	0.06254	0.00847	0.00758	0.00243	0.00823	0.00760	0.00475	0.01156
5	0.02186	0.01885	0.02726	0.13198	0.36726	0.04716	0.02039	0.11597	0.04709	0.07190	0.01705	0.02031	0.01322	0.00788	0.00779	0.00236	0.00925	0.00704	0.00505	0.04033
6	0.43007	0.05204	0.01759	0.08547	0.02252	0.23086	0.01232	0.02566	0.01669	0.02817	0.01174	0.01418	0.00937	0.00765	0.00594	0.00231	0.00928	0.00483	0.00444	0.00887
7	0.02514	0.16674	0.02770	0.01971	0.07161	0.02514	0.01553	0.34699	0.07729	0.03663	0.01707	0.01840	0.01320	0.00939	0.00953	0.00239	0.09262	0.00665	0.00616	0.01208
8	0.01007	0.00790	0.00911	0.00915	0.01123	0.00694	0.00673	0.01260	0.01920	0.02491	0.28222	0.16225	0.37063	0.01940	0.00947	0.00269	0.00400	0.01673	0.00785	0.00694
9	0.01104	0.00810	0.01035	0.00979	0.01174	0.00740	0.00734	0.01461	0.02202	0.03078	0.61006	0.06091	0.13306	0.01659	0.00935	0.00251	0.00377	0.01458	0.00860	0.00740
10	0.01054	0.00756	0.01026	0.01117	0.01185	0.00780	0.00773	0.01215	0.01373	0.01876	0.03299	0.37242	0.03753	0.16198	0.23759	0.00714	0.01059	0.01597	0.00588	0.00635
11	0.02120	0.72609	0.04155	0.01357	0.02035	0.03138	0.01357	0.02374	0.01611	0.01866	0.01102	0.01272	0.01018	0.00678	0.00509	0.00170	0.00848	0.00424	0.00339	0.01018
12	0.01644	0.01409	0.01644	0.01175	0.01879	0.01057	0.00940	0.01997	0.01644	0.02584	0.01409	0.01644	0.01175	0.00587	0.00587	0.00117	0.00587	0.00470	0.00470	0.76979
13	0.01153	0.00769	0.00865	0.00865	0.00865	0.00769	0.00480	0.01153	0.01153	0.01538	0.02499	0.05189	0.02883	0.72131	0.04036	0.00769	0.00769	0.01153	0.00480	0.00480
14	0.01324	0.00813	0.01001	0.00941	0.01145	0.00763	0.00710	0.01694	0.02080	0.05787	0.45883	0.04946	0.05704	0.01396	0.00821	0.00231	0.00385	0.01210	0.22393	0.00771
15	0.77733	0.01534	0.01166	0.01043	0.01534	0.01779	0.00859	0.02331	0.01350	0.03558	0.01104	0.01288	0.00859	0.00736	0.00491	0.00245	0.00613	0.00429	0.00491	0.00859
16	0.02609	0.02020	0.02152	0.01743	0.02305	0.02270	0.01409	0.41073	0.27856	0.04344	0.02419	0.02314	0.01766	0.01000	0.00799	0.00250	0.00777	0.00785	0.00799	0.01312
17	0.68202	0.01510	0.01252	0.01090	0.01597	0.01700	0.00898	0.02528	0.01468	0.11804	0.01364	0.01469	0.01001	0.00768	0.00530	0.00245	0.00621	0.00477	0.00554	0.00922
18	0.62166	0.01677	0.01418	0.01206	0.01726	0.01921	0.00994	0.15292	0.01845	0.03858	0.01271	0.01416	0.00961	0.00781	0.00554	0.00244	0.00667	0.00489	0.00554	0.00961
19	0.01798	0.01229	0.01381	0.01242	0.01573	0.01243	0.00953	0.18773	0.04673	0.08182	0.04331	0.23591	0.18843	0.01660	0.00875	0.00267	0.00574	0.01411	0.06473	0.00928
20	0.00964	0.00697	0.00913	0.01086	0.01145	0.00646	0.00728	0.01106	0.01536	0.02031	0.04592	0.67740	0.08975	0.02456	0.01008	0.00319	0.00457	0.02219	0.00736	0.00646
21	0.00956	0.00809	0.00829	0.00839	0.01102	0.00683	0.00639	0.01165	0.01808	0.02155	0.07826	0.07702	0.63498	0.02018	0.00946	0.00273	0.00419	0.04923	0.00736	0.00673
22	0.03095	0.01935	0.02115	0.01664	0.02259	0.05531	0.01358	0.32834	0.09809	0.27282	0.02452	0.02279	0.01668	0.00969	0.00792	0.00242	0.00805	0.00753	0.00842	0.01316
23	0.03254	0.01625	0.01971	0.01521	0.02119	0.01600	0.01253	0.25194	0.02752	0.42070	0.02667	0.02432	0.01750	0.00968	0.00783	0.00239	0.00728	0.00765	0.04995	0.01316
24	0.03021	0.02020	0.02232	0.01732	0.02347	0.02185	0.01424	0.48431	0.08871	0.16074	0.02238	0.02138	0.01552	0.00968	0.00795	0.00242	0.00816	0.00745	0.00828	0.01341
25	0.01442	0.08651	0.01883	0.01448	0.01644	0.01695	0.01193	0.01743	0.04206	0.02108	0.07566	0.03928	0.21453	0.01980	0.08648	0.00392	0.27646	0.01033	0.00525	0.00815
26	0.01198	0.00903	0.01192	0.08235	0.01541	0.00998	0.00852	0.01319	0.01279	0.01733	0.02566	0.16061	0.02876	0.40256	0.09857	0.00659	0.06143	0.01234	0.00496	0.00604
27	0.63942	0.01948	0.01365	0.01227	0.01703	0.14168	0.00983	0.02485	0.01515	0.03260	0.01127	0.01314	0.00889	0.00751	0.00532	0.00238	0.00764	0.00444	0.00476	0.00870
28	0.21058	0.01465	0.01710	0.01359	0.01936	0.01433	0.01118	0.07193	0.05568	0.45213	0.02579	0.02330	0.01688	0.00927	0.00725	0.00246	0.00670	0.00710	0.00844	0.01228
29	0.01205	0.00939	0.01153	0.03686	0.03582	0.00930	0.00866	0.01600	0.08464	0.02234	0.10364	0.13594	0.24884	0.09289	0.04200	0.06436	0.00620	0.04569	0.00660	0.00723
30	0.01441	0.00747	0.00772	0.00766	0.00951	0.00740	0.00574	0.01811	0.01723	0.02980	0.09243	0.03264	0.02598	0.00996	0.00594	0.00191	0.00370	0.00811	0.68687	0.00740
31	0.01077	0.00779	0.00910	0.00941	0.01048	0.00732	0.00633	0.01218	0.01552	0.02028	0.12924	0.16213	0.19098	0.31129	0.02243	0.00487	0.00579	0.05157	0.00648	0.00602
32	0.77733	0.01534	0.01166	0.01043	0.01534	0.01779	0.00859	0.02331	0.01350	0.03558	0.01104	0.01288	0.00859	0.00736	0.00491	0.00245	0.00613	0.00429	0.00491	0.00859
33	0.03005	0.02509	0.02355	0.01865	0.02458	0.14722	0.01512	0.53221	0.03455	0.04434	0.01779	0.01816	0.01288	0.00927	0.00779	0.00232	0.00975	0.00676	0.00722	0.01269
34	0.02120	0.72609	0.04155	0.01357	0.02035	0.03138	0.01357	0.02374	0.01611	0.01866	0.01102	0.01272	0.01018	0.00678	0.00509	0.00170	0.00848	0.00424	0.00339	0.01018
35	0.01011	0.00805	0.00907	0.00966	0.01177	0.00713	0.00738	0.01224	0.01744	0.02143	0.06613	0.16867	0.44495	0.04810	0.01096	0.00312	0.00483	0.12501	0.00725	0.00669
36	0.02120	0.72609	0.04155	0.01357	0.02035	0.03138	0.01357	0.02374	0.01611	0.01866	0.01102	0.01272	0.01018	0.00678	0.00509	0.00170	0.00848	0.00424	0.00339	0.01018
37	0.01054	0.00855	0.01037	0.06202	0.01531	0.00798	0.00882	0.01305	0.01753	0.02165	0.06215	0.16647	0.40161	0.02023	0.00970	0.00295	0.00528	0.14178	0.00706	0.00694
38	0.01498	0.01409	0.02378	0.70226	0.05462	0.01762	0.02202	0.02026	0.01586	0.02026	0.01409	0.02114	0.01057	0.00793	0.00793	0.00264	0.01057	0.00705	0.00352	0.00881
39	0.01040	0.00793	0.00960	0.00984	0.01173	0.00714	0.00735	0.01309	0.01926	0.02542	0.29917	0.18867	0.27715	0.01959	0.00962	0.00278	0.00426	0.06212	0.00789	0.00700
40	0.00962	0.00706	0.00903	0.01061	0.01139	0.00648	0.00717	0.01109	0.01560	0.02041	0.04895	0.62457	0.14064	0.02416	0.01001	0.00314	0.00452	0.02171	0.00736	0.00648
41	0.02110	0.02276	0.02854	0.18638	0.33799	0.19021	0.05161	0.02535	0.01873	0.02296	0.01411	0.01869	0.01149	0.00752	0.00776	0.00235	0.01112	0.00667	0.00388	0.01077
42	0.77733	0.01534	0.01166	0.01043	0.01534	0.01779	0.00859	0.02331	0.01350	0.03558	0.01104	0.01288	0.00859	0.00736	0.00491	0.00245	0.00613	0.00429	0.00491	0.00859
43	0.01281	0.00752	0.01128	0.01128	0.01183	0.00808	0.00808	0.01183	0.01128	0.01559	0.01671	0.02687	0.01615	0.04009	0.28979	0.47213	0.01252	0.00752	0.00376	0.00487
44	0.30664	0.01650	0.01835	0.01934	0.13800	0.01793	0.01271	0.17680	0.02040	0.06569	0.01672	0.02192	0.01397	0.11014	0.01142	0.00317	0.00764	0.00673	0.00570	0.01023
45	0.01192	0.00777	0.00873	0.00901	0.01094	0.00724	0.00681	0.01486	0.01787	0.02593	0.13884	0.13365	0.22185	0.01634	0.00822	0.00250	0.00422	0.06613	0.28009	0.00708
