[name]
unknown

[dist]
# distance from previous block
# <min> <max>
2	486

[block]
# block no. 0 follows, 24 sequences, length 12
# corresponding to MSA columns:
# 600-611
name=unknown_A
#
# <colnr> <probs for GDERKNQSTAVLIFYWHMCP>
#	G	D	E	R	K	N	Q	S	T	A	V	L	I	F	Y	W	H	M	C	P
0	0.16446	0.02093	0.01684	0.05367	0.02053	0.22632	0.01204	0.10641	0.01999	0.02801	0.01654	0.02000	0.01341	0.01612	0.11006	0.00379	0.01119	0.00621	0.12443	0.00903
1	0.01631	0.02162	0.19573	0.01888	0.02509	0.01579	0.11253	0.06948	0.09790	0.02697	0.04805	0.13545	0.07536	0.01213	0.00917	0.00262	0.03719	0.01063	0.00561	0.06349
2	0.01673	0.12686	0.02443	0.21188	0.12405	0.04994	0.01664	0.02114	0.05235	0.02140	0.02046	0.16410	0.02026	0.01194	0.00979	0.00263	0.08161	0.00984	0.00464	0.00930
3	0.22474	0.01585	0.01811	0.19581	0.02783	0.01799	0.01378	0.20645	0.02235	0.03434	0.07527	0.02603	0.07039	0.00995	0.00735	0.00250	0.00771	0.00774	0.00597	0.00986
4	0.01356	0.01798	0.18076	0.01712	0.02155	0.01234	0.11253	0.01729	0.01465	0.02050	0.02267	0.14386	0.02305	0.16717	0.12011	0.06045	0.01106	0.01083	0.00456	0.00795
5	0.06359	0.07849	0.20355	0.14916	0.10058	0.01986	0.06763	0.12249	0.02031	0.07720	0.01602	0.01881	0.01174	0.00791	0.00754	0.00244	0.00998	0.00661	0.00479	0.01131
6	0.01904	0.02233	0.13408	0.04457	0.57161	0.01877	0.02512	0.02446	0.01785	0.02578	0.01481	0.01917	0.01217	0.00714	0.00780	0.00238	0.00978	0.00688	0.00383	0.01243
7	0.01377	0.00689	0.01033	0.01033	0.01033	0.00689	0.00689	0.01033	0.01033	0.01377	0.01377	0.02410	0.01377	0.02755	0.03099	0.76928	0.00689	0.00689	0.00344	0.00344
8	0.01998	0.02052	0.07122	0.02430	0.15724	0.09597	0.08671	0.14652	0.02339	0.03087	0.16706	0.03147	0.06868	0.01058	0.00837	0.00242	0.00884	0.00929	0.00602	0.01055
9	0.08083	0.02023	0.02355	0.12359	0.07698	0.02261	0.01635	0.45939	0.03088	0.04263	0.01741	0.01896	0.01262	0.00894	0.00771	0.00242	0.00887	0.00692	0.00675	0.01236
10	0.01253	0.00897	0.01244	0.01388	0.01571	0.00887	0.01195	0.01620	0.01891	0.02500	0.14036	0.08470	0.05023	0.02101	0.01070	0.00347	0.00674	0.52349	0.00753	0.00733
11	0.01400	0.06672	0.06899	0.01463	0.05756	0.01237	0.03230	0.06364	0.02064	0.02736	0.23858	0.05233	0.24769	0.01490	0.00875	0.00253	0.00601	0.03548	0.00688	0.00863

[dist]
# distance from previous block
# <min> <max>
0	1

[block]
# block no. 1 follows, 24 sequences, length 39
# corresponding to MSA columns:
# 613-626,718-742
name=unknown_B
#
# <colnr> <probs for GDERKNQSTAVLIFYWHMCP>
#	G	D	E	R	K	N	Q	S	T	A	V	L	I	F	Y	W	H	M	C	P
0	0.02603	0.14747	0.02500	0.01856	0.04789	0.26175	0.01437	0.17657	0.06936	0.05832	0.01835	0.06777	0.01557	0.00968	0.00733	0.00223	0.01015	0.00719	0.00567	0.01076
1	0.01641	0.01569	0.02580	0.44792	0.19231	0.01891	0.02185	0.02103	0.01580	0.02139	0.01373	0.02022	0.01101	0.00863	0.01065	0.00270	0.11565	0.00704	0.00361	0.00966
2	0.48511	0.15635	0.01953	0.01300	0.01810	0.15237	0.01087	0.02504	0.01576	0.02915	0.01128	0.01313	0.00921	0.00741	0.00538	0.00223	0.00819	0.00444	0.00445	0.00901
3	0.00968	0.00741	0.00870	0.00968	0.01098	0.00663	0.00665	0.01121	0.01606	0.02036	0.05685	0.41496	0.29456	0.07330	0.01201	0.00333	0.00459	0.01945	0.00718	0.00642
4	0.02190	0.25218	0.09402	0.01644	0.02257	0.13880	0.05057	0.04968	0.01977	0.08165	0.10596	0.02219	0.02039	0.00873	0.00697	0.00206	0.00912	0.00674	0.00513	0.06513
5	0.13325	0.01330	0.01873	0.01582	0.01889	0.01479	0.07905	0.04551	0.03651	0.10218	0.01779	0.02313	0.01477	0.02431	0.17202	0.14044	0.10865	0.00735	0.00501	0.00849
6	0.01153	0.00769	0.00865	0.00865	0.00865	0.00769	0.00480	0.01153	0.01153	0.01538	0.02499	0.05189	0.02883	0.72131	0.04036	0.00769	0.00769	0.01153	0.00480	0.00480
7	0.01735	0.00997	0.01358	0.04861	0.01738	0.00943	0.01077	0.02086	0.02052	0.17550	0.24742	0.06065	0.09251	0.01640	0.00947	0.00287	0.00593	0.20381	0.00815	0.00881
8	0.01917	0.02255	0.12953	0.03634	0.36565	0.04233	0.10922	0.05348	0.03985	0.02726	0.06280	0.02240	0.01694	0.00802	0.00811	0.00243	0.00995	0.00772	0.00452	0.01173
9	0.02264	0.09846	0.07744	0.02145	0.12010	0.07857	0.01631	0.05099	0.11374	0.14587	0.02344	0.03058	0.01943	0.01078	0.00900	0.00258	0.04896	0.09237	0.00612	0.01117
10	0.01644	0.01601	0.02254	0.01960	0.01981	0.02211	0.01622	0.01834	0.01224	0.01898	0.01205	0.01944	0.01183	0.02078	0.12648	0.00487	0.60307	0.00718	0.00359	0.00843
11	0.01586	0.01801	0.12206	0.11725	0.11773	0.01421	0.08543	0.01996	0.01582	0.02265	0.01637	0.05672	0.01433	0.01353	0.05002	0.10084	0.00968	0.00748	0.00410	0.17795
12	0.02031	0.02522	0.12266	0.02569	0.17357	0.17216	0.01864	0.02760	0.13098	0.02431	0.02137	0.02351	0.06082	0.00993	0.01033	0.00255	0.10741	0.00745	0.00479	0.01069
13	0.02130	0.01782	0.01882	0.01646	0.02122	0.02046	0.01293	0.13342	0.56367	0.03571	0.03027	0.02799	0.02258	0.01057	0.00805	0.00264	0.00665	0.00869	0.00805	0.01269
14	0.01126	0.00779	0.00970	0.00993	0.01032	0.00807	0.00635	0.01211	0.01227	0.01670	0.02635	0.12730	0.02952	0.47724	0.19349	0.00837	0.01059	0.01213	0.00498	0.00555
15	0.01284	0.01056	0.01602	0.20328	0.09608	0.01132	0.01327	0.01585	0.01609	0.02154	0.08914	0.24932	0.03498	0.11458	0.01349	0.00355	0.00730	0.05736	0.00571	0.00769
16	0.01413	0.01318	0.02140	0.59721	0.04797	0.01597	0.01960	0.01892	0.01619	0.02044	0.02412	0.02949	0.11015	0.00977	0.00815	0.00265	0.00958	0.00851	0.00410	0.00849
17	0.01417	0.01301	0.02158	0.59766	0.04809	0.01593	0.01980	0.01887	0.01575	0.02026	0.01858	0.12631	0.01691	0.01049	0.00826	0.00273	0.00967	0.00939	0.00410	0.00845
18	0.01233	0.00966	0.01123	0.01139	0.01332	0.00979	0.00818	0.01893	0.16351	0.02507	0.15548	0.29831	0.14147	0.06971	0.01159	0.00321	0.00497	0.01632	0.00758	0.00794
19	0.02553	0.02476	0.02412	0.16898	0.14472	0.27317	0.01786	0.09650	0.02195	0.10376	0.01617	0.01875	0.01221	0.00827	0.00762	0.00231	0.01112	0.00644	0.00506	0.01070
20	0.01719	0.01768	0.02359	0.59908	0.05006	0.11928	0.02101	0.02199	0.01686	0.02013	0.01382	0.02011	0.01052	0.00796	0.00781	0.00255	0.01114	0.00675	0.00361	0.00887
21	0.77733	0.01534	0.01166	0.01043	0.01534	0.01779	0.00859	0.02331	0.01350	0.03558	0.01104	0.01288	0.00859	0.00736	0.00491	0.00245	0.00613	0.00429	0.00491	0.00859
22	0.01068	0.00858	0.00959	0.00925	0.01172	0.00775	0.00696	0.01454	0.05671	0.02610	0.30405	0.06703	0.40241	0.01805	0.00929	0.00261	0.00404	0.01536	0.00793	0.00734
23	0.01644	0.01409	0.01644	0.01175	0.01879	0.01057	0.00940	0.01997	0.01644	0.02584	0.01409	0.01644	0.01175	0.00587	0.00587	0.00117	0.00587	0.00470	0.00470	0.76979
24	0.01728	0.01842	0.03740	0.02726	0.03415	0.01719	0.45868	0.02294	0.01750	0.02440	0.01656	0.02218	0.01317	0.01456	0.11185	0.00399	0.01351	0.00858	0.00414	0.11624
25	0.02006	0.15690	0.08648	0.17858	0.26561	0.02176	0.02088	0.11020	0.01977	0.02656	0.01450	0.01829	0.01158	0.00758	0.00732	0.00231	0.00959	0.00642	0.00424	0.01134
26	0.01224	0.00945	0.01294	0.01246	0.01318	0.01115	0.00918	0.01394	0.01224	0.01745	0.02102	0.03640	0.02162	0.28208	0.37238	0.00970	0.11237	0.00933	0.00433	0.00652
27	0.01498	0.01409	0.02378	0.70226	0.05462	0.01762	0.02202	0.02026	0.01586	0.02026	0.01409	0.02114	0.01057	0.00793	0.00793	0.00264	0.01057	0.00705	0.00352	0.00881
28	0.01466	0.00870	0.01364	0.01613	0.11043	0.00870	0.00953	0.01245	0.01150	0.01561	0.01395	0.02343	0.01359	0.02445	0.02749	0.65324	0.00727	0.00691	0.00352	0.00482
29	0.01857	0.06082	0.11513	0.09232	0.18825	0.11033	0.01813	0.02401	0.06393	0.04448	0.02196	0.16484	0.02096	0.01143	0.00806	0.00253	0.00916	0.00987	0.00501	0.01022
30	0.01788	0.01153	0.01330	0.01146	0.01473	0.01123	0.00876	0.14009	0.02258	0.12035	0.19930	0.05027	0.20521	0.12173	0.01358	0.00330	0.00581	0.01225	0.00777	0.00888
31	0.01377	0.00689	0.01033	0.01033	0.01033	0.00689	0.00689	0.01033	0.01033	0.01377	0.01377	0.02410	0.01377	0.02755	0.03099	0.76928	0.00689	0.00689	0.00344	0.00344
32	0.05411	0.01838	0.02287	0.02911	0.30591	0.10111	0.01652	0.02361	0.05434	0.02455	0.01802	0.02656	0.01645	0.09374	0.01141	0.00287	0.00884	0.04164	0.00464	0.12530
33	0.02189	0.01567	0.02414	0.01868	0.02354	0.01581	0.15906	0.13205	0.02298	0.16854	0.17198	0.03362	0.06604	0.01147	0.01039	0.00261	0.07377	0.01002	0.00714	0.01062
34	0.01830	0.00972	0.01265	0.01177	0.01476	0.00886	0.00924	0.02096	0.01910	0.21996	0.13112	0.13475	0.15042	0.05989	0.04682	0.00362	0.00648	0.10479	0.00797	0.00882
35	0.01233	0.00889	0.01068	0.01154	0.01300	0.00906	0.00824	0.01791	0.12919	0.02434	0.05945	0.45284	0.04343	0.01978	0.00913	0.00293	0.00485	0.04123	0.11347	0.00772
36	0.02030	0.09947	0.05393	0.07849	0.21053	0.13374	0.08548	0.06896	0.01946	0.02446	0.01839	0.11545	0.01724	0.00993	0.00791	0.00241	0.01003	0.00879	0.00462	0.01042
37	0.04329	0.01100	0.01249	0.01098	0.01375	0.01080	0.00804	0.10165	0.01765	0.02454	0.06458	0.04156	0.13839	0.21618	0.08737	0.06023	0.00797	0.01013	0.00574	0.11368
38	0.02081	0.19624	0.07405	0.01877	0.07557	0.12281	0.03558	0.09830	0.02006	0.02519	0.02124	0.02285	0.08644	0.00906	0.00768	0.00208	0.03521	0.00684	0.00475	0.11647

[dist]
# distance from previous block
# <min> <max>
0	218

[block]
# block no. 2 follows, 24 sequences, length 25
# corresponding to MSA columns:
# 974-998
name=unknown_C
#
# <colnr> <probs for GDERKNQSTAVLIFYWHMCP>
#	G	D	E	R	K	N	Q	S	T	A	V	L	I	F	Y	W	H	M	C	P
0	0.01371	0.00896	0.01099	0.01077	0.01243	0.00922	0.00775	0.01798	0.08015	0.05684	0.12988	0.14191	0.03581	0.17179	0.13497	0.00542	0.00818	0.01201	0.12373	0.00749
1	0.14001	0.02150	0.12333	0.12454	0.05262	0.08420	0.07838	0.07674	0.01901	0.07532	0.01939	0.02210	0.04295	0.01021	0.02916	0.00277	0.00984	0.00706	0.05078	0.01009
2	0.01822	0.13125	0.02425	0.12699	0.16158	0.11041	0.01539	0.02164	0.01777	0.02216	0.02531	0.02760	0.12817	0.00944	0.00728	0.00212	0.00860	0.00769	0.00453	0.12959
3	0.01484	0.11980	0.02229	0.06946	0.10854	0.01478	0.05716	0.01832	0.01691	0.02308	0.12220	0.11457	0.05247	0.02028	0.12798	0.00418	0.00977	0.01026	0.00523	0.06789
4	0.01133	0.00850	0.01274	0.01274	0.01416	0.00991	0.00991	0.01416	0.01274	0.01841	0.02124	0.03115	0.01982	0.05947	0.68989	0.01274	0.02124	0.00850	0.00425	0.00708
5	0.01616	0.12387	0.30089	0.02095	0.09017	0.01816	0.02038	0.02183	0.01569	0.02263	0.01513	0.01952	0.01253	0.01852	0.15186	0.00448	0.04790	0.00628	0.00371	0.06935
6	0.01682	0.06827	0.01851	0.12019	0.02280	0.01591	0.01279	0.11813	0.09776	0.02561	0.02296	0.03476	0.02101	0.12017	0.18306	0.00585	0.01153	0.06937	0.00550	0.00898
7	0.01590	0.01216	0.06668	0.01402	0.01698	0.00996	0.05802	0.01855	0.01602	0.13565	0.03139	0.29810	0.03253	0.13364	0.09791	0.00487	0.00874	0.01420	0.00644	0.00824
8	0.03057	0.01459	0.01835	0.01443	0.01999	0.01394	0.01183	0.16608	0.02476	0.44167	0.03170	0.02941	0.06873	0.01423	0.05867	0.00322	0.00804	0.00851	0.00880	0.01249
9	0.10816	0.02284	0.12826	0.02992	0.25261	0.04363	0.08240	0.10218	0.07147	0.05794	0.01698	0.01943	0.01293	0.00789	0.00762	0.00245	0.00952	0.00692	0.00503	0.01182
10	0.01810	0.01484	0.02437	0.13169	0.21501	0.01530	0.09818	0.02361	0.06213	0.07535	0.04387	0.02734	0.01847	0.07649	0.04283	0.00340	0.00930	0.00835	0.08125	0.01013
11	0.01709	0.04996	0.11556	0.12658	0.11549	0.04187	0.01734	0.02559	0.15876	0.02493	0.02204	0.11762	0.01968	0.01073	0.00854	0.00251	0.03434	0.00906	0.00521	0.07709
12	0.02858	0.03005	0.02314	0.01967	0.02417	0.37997	0.01543	0.25454	0.02685	0.03054	0.01455	0.01634	0.01143	0.00924	0.00933	0.00231	0.08171	0.00603	0.00543	0.01071
13	0.02192	0.03237	0.27580	0.02816	0.19246	0.18490	0.02291	0.09995	0.02092	0.02685	0.01449	0.01714	0.01113	0.00781	0.00757	0.00234	0.01142	0.00613	0.00422	0.01152
14	0.01138	0.00831	0.01179	0.01179	0.01288	0.00940	0.00873	0.01355	0.01246	0.01770	0.02211	0.03597	0.02191	0.21309	0.53913	0.01157	0.01809	0.00920	0.00438	0.00655
15	0.02216	0.01678	0.01828	0.01540	0.01964	0.01850	0.01210	0.31433	0.18184	0.03715	0.05338	0.06177	0.02441	0.12131	0.01328	0.00338	0.00751	0.04029	0.00746	0.01104
16	0.05803	0.02653	0.13827	0.01785	0.02468	0.16009	0.01627	0.23053	0.02517	0.10565	0.01715	0.01793	0.01244	0.00835	0.00731	0.00219	0.00973	0.00614	0.00597	0.10975
17	0.01059	0.00824	0.00975	0.01071	0.01219	0.00784	0.00751	0.01425	0.08041	0.02187	0.05285	0.46758	0.22269	0.02209	0.00971	0.00301	0.00460	0.01955	0.00743	0.00712
18	0.00937	0.00803	0.00803	0.00803	0.01071	0.00669	0.00602	0.01138	0.01807	0.02142	0.08033	0.07632	0.66863	0.02008	0.00937	0.00268	0.00402	0.01674	0.00736	0.00669
19	0.02008	0.01862	0.02366	0.02225	0.08864	0.09941	0.11368	0.13369	0.09310	0.02883	0.02492	0.06267	0.02295	0.01580	0.05941	0.00350	0.01040	0.14214	0.00602	0.01022
20	0.00950	0.00790	0.00818	0.00836	0.01069	0.00672	0.00610	0.01135	0.01748	0.02102	0.07407	0.13933	0.57690	0.05338	0.01090	0.00297	0.00425	0.01707	0.00724	0.00658
21	0.02120	0.72609	0.04155	0.01357	0.02035	0.03138	0.01357	0.02374	0.01611	0.01866	0.01102	0.01272	0.01018	0.00678	0.00509	0.00170	0.00848	0.00424	0.00339	0.01018
22	0.01279	0.00851	0.01076	0.00996	0.01230	0.00767	0.00755	0.01618	0.02171	0.08015	0.51656	0.05969	0.17332	0.01638	0.00925	0.00252	0.00402	0.01426	0.00858	0.00781
23	0.01933	0.01581	0.01799	0.01312	0.02001	0.01353	0.01059	0.15180	0.02084	0.03093	0.01514	0.01699	0.01211	0.00664	0.00631	0.00143	0.00647	0.00521	0.00538	0.61038
24	0.01498	0.01409	0.02378	0.70226	0.05462	0.01762	0.02202	0.02026	0.01586	0.02026	0.01409	0.02114	0.01057	0.00793	0.00793	0.00264	0.01057	0.00705	0.00352	0.00881

[dist]
# distance from previous block
# <min> <max>
0	10

[block]
# block no. 3 follows, 24 sequences, length 9
# corresponding to MSA columns:
# 1009-1017
name=unknown_D
#
# <colnr> <probs for GDERKNQSTAVLIFYWHMCP>
#	G	D	E	R	K	N	Q	S	T	A	V	L	I	F	Y	W	H	M	C	P
0	0.01972	0.01703	0.01793	0.01614	0.02062	0.01972	0.01255	0.04214	0.65752	0.03317	0.03228	0.02959	0.02421	0.01076	0.00807	0.00269	0.00628	0.00897	0.00807	0.01255
1	0.01153	0.00769	0.00865	0.00865	0.00865	0.00769	0.00480	0.01153	0.01153	0.01538	0.02499	0.05189	0.02883	0.72131	0.04036	0.00769	0.00769	0.01153	0.00480	0.00480
2	0.01528	0.01276	0.01514	0.01135	0.01724	0.00988	0.00897	0.01885	0.01778	0.02717	0.16000	0.02600	0.02583	0.00818	0.00665	0.00147	0.00540	0.00685	0.00560	0.59961
3	0.01981	0.14990	0.43121	0.02067	0.02990	0.17030	0.02366	0.02636	0.01792	0.02281	0.01328	0.01555	0.01010	0.00756	0.00706	0.00228	0.01178	0.00543	0.00352	0.01091
4	0.00988	0.00720	0.00931	0.01058	0.01148	0.00663	0.00725	0.01170	0.01662	0.02221	0.14705	0.54954	0.11526	0.02300	0.00993	0.00305	0.00441	0.02067	0.00758	0.00663
5	0.01978	0.04999	0.12727	0.02171	0.12959	0.10540	0.03861	0.02393	0.01806	0.08638	0.01991	0.11944	0.01802	0.00985	0.00755	0.00219	0.00880	0.00839	0.00507	0.18006
6	0.01107	0.00792	0.00907	0.00884	0.01054	0.00728	0.00625	0.01344	0.01812	0.02476	0.28373	0.05994	0.24005	0.17413	0.01591	0.00365	0.00470	0.01377	0.08017	0.00664
7	0.01105	0.00776	0.00851	0.00851	0.00911	0.00747	0.00508	0.01150	0.01299	0.01673	0.03734	0.05735	0.17166	0.56477	0.03344	0.00657	0.00687	0.01269	0.00538	0.00523
8	0.02290	0.39800	0.03358	0.10525	0.05609	0.07219	0.01561	0.16265	0.02133	0.02624	0.01347	0.01564	0.01108	0.00765	0.00636	0.00202	0.00924	0.00544	0.00449	0.01078

[dist]
# distance from previous block
# <min> <max>
0	1

[block]
# block no. 4 follows, 24 sequences, length 32
# corresponding to MSA columns:
# 1019-1050
name=unknown_E
#
# <colnr> <probs for GDERKNQSTAVLIFYWHMCP>
#	G	D	E	R	K	N	Q	S	T	A	V	L	I	F	Y	W	H	M	C	P
0	0.02116	0.01781	0.02850	0.03396	0.34784	0.01816	0.08723	0.09690	0.04352	0.08569	0.08406	0.02468	0.01989	0.00896	0.00913	0.00248	0.04448	0.00821	0.00552	0.01183
1	0.01883	0.25420	0.26137	0.01669	0.02405	0.02013	0.01822	0.02387	0.01636	0.09284	0.01651	0.01955	0.01317	0.01833	0.14861	0.00437	0.01210	0.00611	0.00426	0.01045
2	0.03294	0.01618	0.01995	0.01525	0.02149	0.01554	0.01258	0.22264	0.02682	0.45282	0.02667	0.02403	0.01735	0.00952	0.00785	0.00237	0.00731	0.00755	0.00898	0.05214
3	0.01858	0.02280	0.10009	0.03425	0.11370	0.01977	0.51825	0.02525	0.01847	0.02543	0.01576	0.02078	0.01192	0.00680	0.00903	0.00262	0.01277	0.00879	0.00394	0.01100
4	0.01984	0.05638	0.29507	0.02336	0.03140	0.07239	0.17939	0.02612	0.01808	0.08941	0.03950	0.02019	0.01391	0.00843	0.00959	0.00256	0.07177	0.00724	0.00443	0.01096
5	0.01657	0.01807	0.08720	0.02606	0.10327	0.01542	0.30594	0.02193	0.01758	0.02555	0.02146	0.11707	0.01906	0.00978	0.00838	0.00253	0.00967	0.01020	0.15448	0.00977
6	0.00964	0.00700	0.00910	0.01078	0.01143	0.00646	0.00725	0.01107	0.01543	0.02035	0.04689	0.66060	0.10594	0.02443	0.01006	0.00317	0.00455	0.02204	0.00736	0.00646
7	0.01470	0.01040	0.01296	0.01205	0.01377	0.01163	0.00901	0.10114	0.01631	0.02351	0.02208	0.03411	0.02097	0.21730	0.30383	0.00811	0.04317	0.00889	0.10859	0.00748
8	0.01625	0.01615	0.02367	0.64307	0.05200	0.07594	0.02144	0.02125	0.01643	0.02019	0.01393	0.02055	0.01054	0.00795	0.00786	0.00259	0.01089	0.00688	0.00357	0.00884
9	0.01181	0.01066	0.01019	0.00981	0.01254	0.05326	0.00739	0.01558	0.06375	0.02415	0.18823	0.06556	0.46282	0.01788	0.00913	0.00260	0.00481	0.01495	0.00746	0.00742
10	0.00966	0.00690	0.00920	0.01104	0.01150	0.00644	0.00736	0.01104	0.01518	0.02024	0.04371	0.71614	0.05245	0.02484	0.01012	0.00322	0.00460	0.02254	0.00736	0.00644
11	0.02748	0.03243	0.02187	0.01957	0.02339	0.51781	0.01490	0.10225	0.02301	0.02307	0.01505	0.06225	0.01346	0.00985	0.00877	0.00226	0.06174	0.00665	0.00472	0.00948
12	0.03558	0.01350	0.01840	0.01411	0.02024	0.01166	0.01166	0.03865	0.02270	0.67734	0.03128	0.02699	0.01963	0.00981	0.00797	0.00245	0.00675	0.00797	0.00981	0.01350
13	0.01224	0.00912	0.01164	0.01141	0.01275	0.00999	0.00820	0.01626	0.08344	0.01979	0.05892	0.04110	0.05006	0.27465	0.33561	0.00904	0.01349	0.01018	0.00520	0.00691
14	0.12205	0.01626	0.01918	0.01488	0.02093	0.01616	0.01229	0.21398	0.02586	0.41798	0.02531	0.02299	0.01652	0.00944	0.00760	0.00243	0.00725	0.00729	0.00868	0.01291
15	0.11606	0.03520	0.02122	0.01927	0.02345	0.61183	0.01454	0.03070	0.02143	0.02128	0.01212	0.01414	0.01003	0.00808	0.00689	0.00209	0.01336	0.00501	0.00418	0.00912
16	0.01252	0.00986	0.01317	0.01264	0.01382	0.01156	0.00977	0.01480	0.01393	0.02019	0.02990	0.09530	0.10990	0.08219	0.28313	0.00711	0.14963	0.01061	0.09281	0.00716
17	0.01699	0.04878	0.13593	0.02293	0.09906	0.04240	0.09192	0.04261	0.01696	0.02318	0.02642	0.02938	0.14064	0.01176	0.01342	0.00277	0.21177	0.00883	0.00451	0.00973
18	0.01773	0.01519	0.01876	0.01645	0.09468	0.01246	0.01150	0.06228	0.01802	0.02746	0.01452	0.01698	0.01196	0.00625	0.00624	0.00139	0.00647	0.00514	0.00483	0.63169
19	0.02054	0.22578	0.36737	0.01904	0.02827	0.02277	0.02187	0.12992	0.02027	0.05305	0.01482	0.01642	0.01104	0.00775	0.00694	0.00226	0.01013	0.00571	0.00439	0.01166
20	0.01079	0.00809	0.01000	0.00952	0.01158	0.00730	0.00714	0.01412	0.02142	0.02937	0.53004	0.06324	0.21396	0.01712	0.00936	0.00254	0.00381	0.01490	0.00841	0.00730
21	0.77733	0.01534	0.01166	0.01043	0.01534	0.01779	0.00859	0.02331	0.01350	0.03558	0.01104	0.01288	0.00859	0.00736	0.00491	0.00245	0.00613	0.00429	0.00491	0.00859
22	0.01133	0.00850	0.01274	0.01274	0.01416	0.00991	0.00991	0.01416	0.01274	0.01841	0.02124	0.03115	0.01982	0.05947	0.68989	0.01274	0.02124	0.00850	0.00425	0.00708
23	0.01438	0.00752	0.00801	0.00801	0.00981	0.00768	0.00605	0.01798	0.01618	0.02827	0.02533	0.02975	0.02027	0.01505	0.08466	0.00311	0.00572	0.00752	0.67735	0.00736
24	0.01872	0.02139	0.04679	0.03342	0.04144	0.02005	0.64305	0.02540	0.01872	0.02540	0.01604	0.02139	0.01203	0.00668	0.00936	0.00267	0.01337	0.00936	0.00401	0.01070
25	0.77733	0.01534	0.01166	0.01043	0.01534	0.01779	0.00859	0.02331	0.01350	0.03558	0.01104	0.01288	0.00859	0.00736	0.00491	0.00245	0.00613	0.00429	0.00491	0.00859
26	0.01278	0.00913	0.01278	0.01460	0.01643	0.00913	0.01278	0.01643	0.01825	0.02373	0.04199	0.08945	0.04564	0.02191	0.01095	0.00365	0.00730	0.61847	0.00730	0.00730
27	0.02962	0.03779	0.02247	0.02043	0.02451	0.68948	0.01532	0.03166	0.02247	0.01941	0.01226	0.01430	0.01021	0.00817	0.00715	0.00204	0.01430	0.00511	0.00409	0.00919
28	0.01151	0.00778	0.00912	0.00912	0.00929	0.00795	0.00540	0.01184	0.01167	0.01573	0.02455	0.04950	0.02779	0.64480	0.11545	0.00827	0.00925	0.01118	0.00474	0.00507
29	0.01007	0.00794	0.00907	0.00904	0.01120	0.00695	0.00668	0.01263	0.01935	0.02503	0.28738	0.13536	0.39276	0.01918	0.00944	0.00267	0.00398	0.01647	0.00785	0.00695
30	0.03052	0.01238	0.01678	0.01325	0.01850	0.01079	0.01079	0.03372	0.02264	0.54317	0.16355	0.03369	0.03110	0.01114	0.00826	0.00246	0.00612	0.00930	0.00959	0.01225
31	0.56672	0.01481	0.01357	0.01147	0.01673	0.01605	0.00946	0.02766	0.01611	0.21780	0.01679	0.01689	0.01172	0.00806	0.00578	0.00245	0.00631	0.00534	0.00630	0.00998

[dist]
# distance from previous block
# <min> <max>
0	42

[block]
# block no. 5 follows, 24 sequences, length 10
# corresponding to MSA columns:
# 1095-1104
name=unknown_F
#
# <colnr> <probs for GDERKNQSTAVLIFYWHMCP>
#	G	D	E	R	K	N	Q	S	T	A	V	L	I	F	Y	W	H	M	C	P
0	0.01190	0.00892	0.01135	0.01254	0.01396	0.00900	0.00937	0.01690	0.10666	0.02353	0.07668	0.43524	0.04813	0.02169	0.00999	0.00321	0.00542	0.16043	0.00752	0.00756
1	0.00986	0.00731	0.00921	0.01031	0.01141	0.00666	0.00713	0.01174	0.01690	0.02235	0.15225	0.49105	0.16966	0.02256	0.00986	0.00300	0.00435	0.02013	0.00758	0.00666
2	0.00992	0.00710	0.00943	0.01087	0.01156	0.00661	0.00738	0.01168	0.01637	0.02213	0.14550	0.60897	0.05610	0.02344	0.01000	0.00310	0.00446	0.02121	0.00758	0.00661
3	0.00983	0.00743	0.00914	0.01041	0.01166	0.00674	0.00739	0.01158	0.01632	0.02089	0.05476	0.46952	0.24023	0.02315	0.00996	0.00309	0.00464	0.06932	0.00736	0.00659
4	0.01269	0.00965	0.01187	0.01104	0.01336	0.00960	0.00836	0.01966	0.13230	0.03204	0.55776	0.05411	0.06607	0.01527	0.00913	0.00253	0.00418	0.01341	0.00862	0.00836
5	0.02750	0.02028	0.02224	0.01747	0.02312	0.02253	0.01435	0.55662	0.03383	0.04554	0.01935	0.02074	0.01438	0.01655	0.10386	0.00384	0.01049	0.00733	0.00741	0.01258
6	0.30268	0.08362	0.02024	0.01592	0.02083	0.30331	0.01268	0.10799	0.02060	0.02925	0.01260	0.01427	0.01004	0.00794	0.00626	0.00221	0.01011	0.00500	0.00483	0.00961
7	0.01096	0.00745	0.00882	0.00938	0.00952	0.00731	0.00558	0.01138	0.01264	0.01685	0.03067	0.25369	0.03600	0.50973	0.03117	0.00633	0.00675	0.01488	0.00558	0.00530
8	0.02266	0.37474	0.14703	0.01870	0.05297	0.22012	0.01730	0.02632	0.01816	0.02032	0.01212	0.01419	0.01027	0.00733	0.00624	0.00197	0.01078	0.00490	0.00361	0.01027
9	0.01655	0.03273	0.44628	0.02298	0.03320	0.01746	0.14780	0.02433	0.01709	0.02529	0.01457	0.01762	0.01072	0.00709	0.00762	0.00233	0.01109	0.00636	0.00370	0.13519

[dist]
# distance from previous block
# <min> <max>
0	3

[block]
# block no. 6 follows, 24 sequences, length 64
# corresponding to MSA columns:
# 1108-1140,1160-1190
name=unknown_G
#
# <colnr> <probs for GDERKNQSTAVLIFYWHMCP>
#	G	D	E	R	K	N	Q	S	T	A	V	L	I	F	Y	W	H	M	C	P
0	0.01521	0.01910	0.16235	0.02503	0.20241	0.01412	0.04775	0.02046	0.04075	0.02413	0.06954	0.08217	0.06638	0.10605	0.01281	0.00333	0.00852	0.06508	0.00515	0.00966
1	0.05465	0.12488	0.42162	0.11661	0.03340	0.01950	0.02389	0.02515	0.01681	0.07183	0.01488	0.01740	0.01077	0.00765	0.00717	0.00241	0.01049	0.00589	0.00393	0.01108
2	0.02995	0.01851	0.02102	0.01655	0.02249	0.01961	0.01353	0.34311	0.14655	0.24494	0.02533	0.02349	0.01739	0.00984	0.00797	0.00246	0.00765	0.00774	0.00855	0.01332
3	0.01159	0.00774	0.00914	0.00914	0.00929	0.00789	0.00542	0.01176	0.01161	0.01563	0.02418	0.04870	0.02733	0.62652	0.10783	0.03642	0.00907	0.01104	0.00470	0.00499
4	0.01347	0.08178	0.01279	0.00975	0.01189	0.01017	0.00757	0.01612	0.01687	0.02504	0.18756	0.03928	0.07573	0.05427	0.10733	0.06007	0.00714	0.00975	0.24621	0.00720
5	0.18907	0.01348	0.01457	0.01241	0.01638	0.01418	0.00988	0.14980	0.04839	0.09692	0.30287	0.03642	0.04024	0.01204	0.00789	0.00247	0.00568	0.00981	0.00779	0.00973
6	0.01091	0.00742	0.00883	0.00945	0.00960	0.00727	0.00566	0.01137	0.01275	0.01700	0.03125	0.27410	0.03673	0.48833	0.03025	0.00619	0.00666	0.01522	0.00566	0.00535
7	0.01183	0.00942	0.01225	0.10206	0.01791	0.00947	0.00949	0.01657	0.06650	0.02721	0.35846	0.12293	0.17317	0.01634	0.00915	0.00264	0.00497	0.01428	0.00759	0.00777
8	0.35903	0.01388	0.01328	0.01162	0.01588	0.01499	0.00928	0.11931	0.01924	0.09533	0.04957	0.09593	0.07596	0.01131	0.00681	0.00250	0.00599	0.00866	0.06214	0.00931
9	0.00958	0.00723	0.00886	0.01016	0.01127	0.00652	0.00697	0.01114	0.01603	0.02059	0.05444	0.52860	0.23306	0.02345	0.00990	0.00306	0.00443	0.02084	0.00736	0.00652
10	0.01219	0.00870	0.01210	0.01393	0.01549	0.00862	0.01175	0.01541	0.01767	0.02307	0.04231	0.20858	0.04693	0.02246	0.01079	0.00357	0.00679	0.50519	0.00731	0.00714
11	0.01990	0.07258	0.15061	0.06857	0.07584	0.19105	0.10090	0.04609	0.01946	0.02385	0.06485	0.09222	0.01982	0.01002	0.00798	0.00242	0.01072	0.00858	0.00465	0.00990
12	0.01955	0.02754	0.23116	0.11430	0.12796	0.14058	0.02090	0.02683	0.08401	0.04964	0.02132	0.02340	0.06058	0.00897	0.00777	0.00245	0.01038	0.00726	0.00463	0.01078
13	0.01122	0.00808	0.01108	0.01127	0.01214	0.00885	0.00803	0.01300	0.01261	0.01763	0.02474	0.10819	0.02604	0.26605	0.41375	0.01016	0.01523	0.01090	0.00475	0.00629
14	0.27094	0.07051	0.02250	0.11215	0.13835	0.08933	0.01581	0.02320	0.01548	0.02591	0.01214	0.01612	0.01017	0.00862	0.00995	0.00255	0.13695	0.00571	0.00409	0.00951
15	0.00966	0.00690	0.00920	0.01104	0.01150	0.00644	0.00736	0.01104	0.01518	0.02024	0.04371	0.71614	0.05245	0.02484	0.01012	0.00322	0.00460	0.02254	0.00736	0.00644
16	0.02293	0.01621	0.02412	0.07669	0.22935	0.01640	0.04822	0.14297	0.02208	0.16437	0.02377	0.13430	0.02051	0.01103	0.00834	0.00256	0.00823	0.00989	0.00644	0.01157
17	0.31911	0.12541	0.28383	0.01639	0.02422	0.06409	0.01800	0.02464	0.01575	0.02799	0.01239	0.01450	0.00950	0.00740	0.00613	0.00234	0.00923	0.00497	0.00402	0.01010
18	0.01134	0.00761	0.00871	0.00890	0.00894	0.00756	0.00507	0.01148	0.01191	0.01588	0.02691	0.12032	0.03126	0.64957	0.03725	0.00723	0.00737	0.01267	0.00507	0.00497
19	0.01136	0.00839	0.01220	0.01220	0.01343	0.00962	0.00923	0.01381	0.01258	0.01801	0.02174	0.03391	0.02102	0.14732	0.60368	0.01207	0.01944	0.00890	0.00432	0.00678
20	0.01820	0.01751	0.03083	0.07304	0.46568	0.01745	0.10433	0.02306	0.01837	0.02585	0.06466	0.02756	0.01919	0.00873	0.00837	0.00251	0.00944	0.04931	0.00450	0.01140
21	0.01756	0.22443	0.29062	0.01663	0.02548	0.01956	0.01858	0.02310	0.01647	0.02353	0.01329	0.01552	0.01062	0.00680	0.00632	0.00186	0.00896	0.00504	0.00379	0.25185
22	0.02458	0.02248	0.03036	0.03204	0.26322	0.11537	0.12873	0.18250	0.02394	0.07404	0.01685	0.01952	0.01283	0.00795	0.00805	0.00238	0.01046	0.00727	0.00536	0.01205
23	0.01153	0.00769	0.00865	0.00865	0.00865	0.00769	0.00480	0.01153	0.01153	0.01538	0.02499	0.05189	0.02883	0.72131	0.04036	0.00769	0.00769	0.01153	0.00480	0.00480
24	0.01678	0.01440	0.01660	0.01220	0.01898	0.01151	0.00972	0.02225	0.08249	0.02660	0.01597	0.01780	0.01303	0.00638	0.00610	0.00133	0.00591	0.00514	0.00505	0.69178
25	0.01012	0.00723	0.00970	0.01139	0.01210	0.00682	0.00800	0.01190	0.01597	0.02134	0.08051	0.60411	0.05298	0.02399	0.01017	0.00323	0.00486	0.09154	0.00744	0.00660
26	0.00969	0.00727	0.00900	0.01022	0.01133	0.00657	0.00703	0.01139	0.01639	0.02130	0.09419	0.51197	0.20869	0.02308	0.00988	0.00304	0.00440	0.02054	0.00745	0.00657
27	0.02059	0.02168	0.02672	0.11831	0.19043	0.17336	0.10613	0.05043	0.08501	0.02468	0.01926	0.09159	0.01702	0.00969	0.00817	0.00249	0.01042	0.00873	0.00486	0.01042
28	0.01802	0.06559	0.07663	0.16056	0.39674	0.01872	0.02196	0.02372	0.04950	0.02436	0.01704	0.06105	0.01481	0.00848	0.00780	0.00244	0.00929	0.00780	0.00419	0.01129
29	0.01135	0.00841	0.01233	0.01233	0.01360	0.00969	0.00940	0.01389	0.01262	0.01810	0.02162	0.03325	0.02073	0.12637	0.62423	0.01223	0.01987	0.00880	0.00430	0.00685
30	0.01046	0.00863	0.00934	0.00961	0.01212	0.00777	0.00741	0.01385	0.05581	0.02234	0.06971	0.12214	0.50260	0.02012	0.00956	0.00285	0.00463	0.09657	0.00740	0.00710
31	0.01933	0.01614	0.02621	0.13230	0.14649	0.01712	0.12716	0.12720	0.01999	0.06571	0.01828	0.02347	0.01460	0.02117	0.18331	0.00513	0.01306	0.00790	0.00499	0.01045
32	0.10719	0.01235	0.01637	0.01604	0.08405	0.01158	0.01125	0.02729	0.02027	0.32755	0.16176	0.11262	0.03308	0.01237	0.00817	0.00254	0.00607	0.01052	0.00815	0.01077
33	0.01152	0.00774	0.00892	0.00892	0.00901	0.00784	0.00514	0.01171	0.01161	0.01558	0.02474	0.05052	0.02823	0.67752	0.08334	0.00802	0.00858	0.01133	0.00477	0.00496
34	0.02096	0.22658	0.33302	0.01957	0.02793	0.19887	0.02133	0.02647	0.01808	0.02185	0.01284	0.01500	0.01013	0.00750	0.00677	0.00217	0.01152	0.00522	0.00355	0.01063
35	0.02129	0.01960	0.06961	0.05625	0.12001	0.08884	0.03799	0.03108	0.21366	0.11864	0.04617	0.02566	0.01953	0.01449	0.07821	0.00355	0.00999	0.00796	0.00618	0.01127
36	0.01043	0.00770	0.00991	0.01132	0.01257	0.00718	0.00844	0.01256	0.01674	0.02175	0.07363	0.42140	0.16476	0.02293	0.01016	0.00320	0.00512	0.16609	0.00740	0.00674
37	0.01735	0.00979	0.01217	0.01166	0.01398	0.00935	0.00837	0.02111	0.08357	0.18041	0.03836	0.30839	0.07781	0.15181	0.01508	0.00379	0.00585	0.01511	0.00755	0.00850
38	0.02247	0.06625	0.03209	0.11530	0.24445	0.01929	0.15926	0.08911	0.02046	0.12699	0.01773	0.02081	0.01321	0.00774	0.00804	0.00244	0.00990	0.00753	0.00517	0.01175
39	0.01796	0.16453	0.10563	0.05653	0.02334	0.01816	0.07336	0.06745	0.08866	0.04738	0.02654	0.06178	0.08439	0.05710	0.00963	0.00271	0.00809	0.00886	0.06807	0.00982
40	0.01681	0.02385	0.18964	0.01920	0.02453	0.14162	0.09966	0.02150	0.01835	0.02328	0.06753	0.17878	0.02868	0.01383	0.00886	0.00275	0.00976	0.09694	0.00535	0.00908
41	0.01564	0.01247	0.01254	0.01188	0.01434	0.07931	0.00880	0.05481	0.06128	0.05702	0.13554	0.15856	0.20237	0.01838	0.01208	0.11107	0.00611	0.01324	0.00688	0.00770
42	0.01644	0.01409	0.01644	0.01175	0.01879	0.01057	0.00940	0.01997	0.01644	0.02584	0.01409	0.01644	0.01175	0.00587	0.00587	0.00117	0.00587	0.00470	0.00470	0.76979
43	0.02057	0.34268	0.16515	0.02392	0.14866	0.09354	0.05626	0.02504	0.01742	0.02180	0.01283	0.01551	0.01072	0.00712	0.00657	0.00208	0.01019	0.00549	0.00359	0.01087
44	0.00964	0.00698	0.00912	0.01082	0.01144	0.00646	0.00726	0.01107	0.01539	0.02033	0.04639	0.66929	0.09757	0.02449	0.01007	0.00318	0.00456	0.02212	0.00736	0.00646
45	0.01439	0.01155	0.01616	0.10524	0.02021	0.01392	0.01214	0.01807	0.08006	0.02081	0.09418	0.03013	0.02302	0.07050	0.14315	0.15072	0.15493	0.00861	0.00480	0.00741
46	0.01874	0.10202	0.13011	0.13377	0.18913	0.03903	0.12640	0.06877	0.01894	0.02528	0.01899	0.02250	0.05492	0.00825	0.00784	0.00242	0.01024	0.00754	0.00426	0.01085
47	0.01673	0.01644	0.02310	0.01999	0.02013	0.02281	0.01658	0.01858	0.01221	0.01901	0.01153	0.01877	0.01138	0.01858	0.09441	0.00443	0.63618	0.00710	0.00355	0.00851
48	0.01118	0.00762	0.00867	0.00887	0.00910	0.00749	0.00517	0.01147	0.01237	0.01631	0.03070	0.12640	0.07376	0.59849	0.03499	0.00687	0.00711	0.01308	0.00525	0.00511
49	0.02018	0.09425	0.05611	0.02882	0.17913	0.11796	0.20183	0.02459	0.01857	0.04803	0.01914	0.08842	0.01744	0.00964	0.00827	0.00249	0.01063	0.03945	0.00462	0.01042
50	0.02059	0.28802	0.03497	0.15358	0.12370	0.11673	0.11153	0.02452	0.01762	0.02112	0.01309	0.01683	0.01088	0.00722	0.00695	0.00217	0.01056	0.00607	0.00368	0.01020
51	0.01732	0.04069	0.61247	0.02238	0.03331	0.08755	0.02786	0.02579	0.01733	0.02453	0.01403	0.01649	0.01006	0.00760	0.00749	0.00246	0.01199	0.00578	0.00342	0.01146
52	0.34121	0.16620	0.26861	0.01562	0.02346	0.02072	0.01735	0.02407	0.01523	0.02829	0.01224	0.01430	0.00945	0.00731	0.00593	0.00232	0.00870	0.00487	0.00402	0.01008
53	0.01028	0.00807	0.00930	0.00899	0.01127	0.00708	0.00674	0.01314	0.02023	0.02653	0.36943	0.06791	0.37634	0.01818	0.00936	0.00259	0.00388	0.01556	0.00804	0.00708
54	0.01919	0.08822	0.02141	0.01568	0.01922	0.01794	0.05755	0.21574	0.02161	0.02885	0.02455	0.12031	0.05262	0.14806	0.04042	0.00394	0.07908	0.01037	0.00590	0.00933
55	0.01553	0.14728	0.01895	0.01133	0.01630	0.01345	0.00924	0.01856	0.01738	0.02489	0.17879	0.03014	0.02905	0.08235	0.01015	0.00228	0.00602	0.00774	0.00547	0.35511
56	0.02707	0.01515	0.01850	0.01384	0.02037	0.01332	0.01131	0.12969	0.02257	0.31577	0.02244	0.02149	0.01549	0.00820	0.00713	0.00193	0.00672	0.00653	0.00747	0.31501
57	0.01094	0.00809	0.01021	0.00968	0.01168	0.00736	0.00726	0.01442	0.02179	0.03023	0.57883	0.06182	0.16464	0.01680	0.00936	0.00252	0.00378	0.01470	0.00852	0.00736
58	0.01139	0.00824	0.01144	0.01144	0.01241	0.00921	0.00829	0.01333	0.01236	0.01745	0.02243	0.03773	0.02268	0.26950	0.48377	0.01114	0.01694	0.00946	0.00442	0.00636
59	0.00966	0.00690	0.00920	0.01104	0.01150	0.00644	0.00736	0.01104	0.01518	0.02024	0.04371	0.71614	0.05245	0.02484	0.01012	0.00322	0.00460	0.02254	0.00736	0.00644
60	0.01912	0.02048	0.02637	0.02207	0.02344	0.11233	0.08154	0.02141	0.01420	0.01978	0.01124	0.01736	0.01055	0.01238	0.02180	0.00320	0.54325	0.00695	0.00361	0.00895
61	0.01818	0.01971	0.03937	0.02838	0.03563	0.01856	0.47677	0.02391	0.01780	0.02502	0.01526	0.02015	0.01186	0.00706	0.00992	0.00245	0.06272	0.00830	0.00410	0.15485
62	0.01377	0.00689	0.01033	0.01033	0.01033	0.00689	0.00689	0.01033	0.01033	0.01377	0.01377	0.02410	0.01377	0.02755	0.03099	0.76928	0.00689	0.00689	0.00344	0.00344
63	0.01240	0.00784	0.00924	0.00936	0.00976	0.00766	0.00562	0.01281	0.01276	0.04965	0.02874	0.17258	0.03270	0.55757	0.03318	0.00660	0.00707	0.01337	0.00553	0.00554

[dist]
# distance from previous block
# <min> <max>
0	21

[block]
# block no. 7 follows, 24 sequences, length 62
# corresponding to MSA columns:
# 1212-1273
name=unknown_H
#
# <colnr> <probs for GDERKNQSTAVLIFYWHMCP>
#	G	D	E	R	K	N	Q	S	T	A	V	L	I	F	Y	W	H	M	C	P
0	0.00985	0.00698	0.00914	0.01080	0.01121	0.00657	0.00710	0.01109	0.01481	0.01974	0.04179	0.64815	0.05003	0.09613	0.01322	0.00368	0.00492	0.02142	0.00710	0.00627
1	0.02079	0.01756	0.01853	0.01635	0.02103	0.02022	0.01281	0.10389	0.59403	0.03489	0.03092	0.02851	0.02311	0.01063	0.00805	0.00266	0.00653	0.00878	0.00805	0.01265
2	0.01042	0.00744	0.01007	0.01191	0.01270	0.00710	0.00868	0.01235	0.01593	0.02109	0.04329	0.56353	0.05079	0.02413	0.01032	0.00333	0.00526	0.16766	0.00735	0.00665
3	0.01153	0.00769	0.00865	0.00865	0.00865	0.00769	0.00480	0.01153	0.01153	0.01538	0.02499	0.05189	0.02883	0.72131	0.04036	0.00769	0.00769	0.01153	0.00480	0.00480
4	0.01085	0.00809	0.01008	0.00958	0.01162	0.00732	0.00719	0.01424	0.02156	0.02969	0.54855	0.06270	0.19525	0.01700	0.00936	0.00253	0.00380	0.01483	0.00845	0.00732
5	0.02458	0.01473	0.01705	0.01409	0.01898	0.01497	0.01130	0.15275	0.17464	0.24400	0.08791	0.03659	0.12884	0.01215	0.00832	0.00253	0.00634	0.00997	0.00855	0.01169
6	0.02601	0.01908	0.01946	0.01583	0.02110	0.07218	0.01274	0.31266	0.12336	0.13465	0.03222	0.03069	0.12167	0.01135	0.00813	0.00246	0.00775	0.00893	0.00784	0.01191
7	0.00981	0.00696	0.00916	0.01085	0.01127	0.00654	0.00716	0.01108	0.01489	0.01985	0.04221	0.66304	0.05056	0.08052	0.01254	0.00358	0.00485	0.02166	0.00716	0.00631
8	0.01644	0.01409	0.01644	0.01175	0.01879	0.01057	0.00940	0.01997	0.01644	0.02584	0.01409	0.01644	0.01175	0.00587	0.00587	0.00117	0.00587	0.00470	0.00470	0.76979
9	0.00958	0.00722	0.00887	0.01019	0.01128	0.00651	0.00698	0.01114	0.01600	0.02058	0.05406	0.53522	0.22668	0.02350	0.00991	0.00307	0.00444	0.02090	0.00736	0.00651
10	0.01722	0.01674	0.02950	0.37243	0.30010	0.01836	0.08652	0.02242	0.01703	0.02304	0.01462	0.02056	0.01152	0.00746	0.00804	0.00253	0.01040	0.00729	0.00373	0.01050
11	0.02370	0.01901	0.02017	0.01694	0.02214	0.02158	0.01351	0.27233	0.42085	0.03958	0.02722	0.02556	0.02012	0.01029	0.00802	0.00257	0.00721	0.00827	0.00802	0.01291
12	0.01122	0.00811	0.01060	0.00998	0.01185	0.00748	0.00748	0.01496	0.02245	0.03180	0.66766	0.05923	0.07482	0.01621	0.00935	0.00249	0.00374	0.01434	0.00873	0.00748
13	0.08954	0.00864	0.00954	0.00928	0.01155	0.00825	0.00697	0.01509	0.01910	0.02841	0.32034	0.10724	0.20501	0.01602	0.00845	0.00251	0.00412	0.01363	0.10902	0.00731
14	0.01693	0.00977	0.01208	0.01070	0.01393	0.00881	0.00830	0.02085	0.04943	0.18381	0.32418	0.05492	0.22385	0.01551	0.00897	0.00254	0.00465	0.01324	0.00858	0.00893
15	0.00954	0.00737	0.00872	0.00980	0.01118	0.00655	0.00681	0.01118	0.01637	0.02073	0.05881	0.45229	0.30655	0.02288	0.00981	0.00300	0.00436	0.02015	0.00736	0.00655
16	0.01377	0.00689	0.01033	0.01033	0.01033	0.00689	0.00689	0.01033	0.01033	0.01377	0.01377	0.02410	0.01377	0.02755	0.03099	0.76928	0.00689	0.00689	0.00344	0.00344
17	0.02120	0.72609	0.04155	0.01357	0.02035	0.03138	0.01357	0.02374	0.01611	0.01866	0.01102	0.01272	0.01018	0.00678	0.00509	0.00170	0.00848	0.00424	0.00339	0.01018
18	0.01171	0.00828	0.01165	0.01165	0.01292	0.00936	0.00878	0.01425	0.01298	0.01914	0.02221	0.03376	0.02108	0.14279	0.53302	0.01095	0.01763	0.00879	0.08223	0.00681
19	0.01009	0.00754	0.00948	0.01085	0.01209	0.00693	0.00789	0.01199	0.01640	0.02110	0.05267	0.45467	0.20678	0.02317	0.01007	0.00315	0.00488	0.11626	0.00735	0.00664
20	0.01000	0.00723	0.00891	0.01010	0.01080	0.00673	0.00664	0.01119	0.01488	0.01943	0.04541	0.48531	0.14022	0.16538	0.01614	0.00404	0.00514	0.01944	0.00684	0.00615
21	0.18393	0.01350	0.01478	0.01254	0.01649	0.01436	0.00990	0.14906	0.02008	0.15908	0.02156	0.02656	0.01734	0.11100	0.11473	0.00463	0.00903	0.00751	0.08421	0.00970
22	0.02379	0.03337	0.17688	0.02009	0.02586	0.36343	0.01816	0.03164	0.14942	0.02353	0.01669	0.01812	0.01302	0.00882	0.00833	0.00235	0.04520	0.00616	0.00469	0.01045
23	0.62579	0.01673	0.01412	0.01201	0.01721	0.01917	0.00990	0.14948	0.01832	0.03850	0.01266	0.01413	0.00958	0.00780	0.00552	0.00244	0.00666	0.00487	0.00552	0.00958
24	0.00957	0.00728	0.00882	0.01005	0.01124	0.00652	0.00692	0.01115	0.01614	0.02063	0.05582	0.50460	0.25617	0.02327	0.00987	0.00304	0.00441	0.02062	0.00736	0.00652
25	0.02088	0.02037	0.07900	0.02598	0.15597	0.02065	0.08487	0.19850	0.02150	0.03002	0.01618	0.02221	0.01375	0.08239	0.01540	0.00320	0.16555	0.00766	0.00502	0.01089
26	0.12712	0.02101	0.02031	0.01684	0.02210	0.08964	0.01374	0.37438	0.09116	0.04052	0.02098	0.02616	0.01692	0.01052	0.00778	0.00252	0.00856	0.07101	0.00708	0.01165
27	0.01072	0.00819	0.00965	0.01010	0.01186	0.00751	0.00724	0.04039	0.01837	0.02382	0.15339	0.34818	0.27951	0.02106	0.00963	0.00287	0.00444	0.01844	0.00760	0.00701
28	0.00959	0.00719	0.00891	0.01028	0.01130	0.00650	0.00702	0.01113	0.01591	0.02054	0.05292	0.55517	0.20747	0.02365	0.00993	0.00308	0.00445	0.02108	0.00736	0.00650
29	0.02105	0.07504	0.10724	0.01483	0.02084	0.01642	0.01354	0.12644	0.12646	0.13081	0.03253	0.05407	0.12745	0.01121	0.00779	0.00236	0.00717	0.00906	0.00683	0.08886
30	0.00997	0.00779	0.00904	0.00930	0.01122	0.00686	0.00675	0.01232	0.01863	0.02409	0.23857	0.22247	0.35448	0.02011	0.00954	0.00275	0.00408	0.01743	0.00775	0.00686
31	0.03242	0.01856	0.02154	0.01651	0.02277	0.01917	0.01364	0.39119	0.03117	0.31283	0.02417	0.02237	0.01606	0.00964	0.00795	0.00241	0.00790	0.00749	0.00872	0.01349
32	0.01004	0.00764	0.00924	0.00972	0.01134	0.00684	0.00695	0.01235	0.01835	0.02415	0.24571	0.30407	0.26360	0.02064	0.00964	0.00282	0.00415	0.01812	0.00778	0.00684
33	0.21245	0.01463	0.01722	0.01356	0.01942	0.01416	0.01120	0.08349	0.02166	0.47378	0.02547	0.02298	0.01650	0.00920	0.00724	0.00245	0.00676	0.00703	0.00849	0.01232
34	0.00961	0.00711	0.00899	0.01049	0.01136	0.00649	0.00712	0.01110	0.01571	0.02046	0.05038	0.59950	0.16478	0.02398	0.00998	0.00312	0.00449	0.02148	0.00736	0.00649
35	0.01182	0.00987	0.01595	0.01517	0.01714	0.00945	0.11079	0.01518	0.04496	0.02193	0.03858	0.52437	0.04411	0.02105	0.00997	0.00314	0.00630	0.06589	0.00685	0.00747
36	0.01845	0.01600	0.02556	0.03560	0.43271	0.01642	0.01907	0.07100	0.01807	0.02585	0.01667	0.02224	0.01425	0.01742	0.11982	0.06333	0.01082	0.00730	0.03860	0.01081
37	0.01207	0.00895	0.01027	0.01031	0.01261	0.00836	0.00757	0.01637	0.08661	0.05512	0.14093	0.24846	0.31404	0.01943	0.00938	0.00280	0.00452	0.01681	0.00774	0.00768
38	0.01003	0.00723	0.00957	0.01122	0.01198	0.00677	0.00786	0.01177	0.01594	0.02114	0.07150	0.59377	0.08218	0.02395	0.01014	0.00321	0.00481	0.08292	0.00741	0.00658
39	0.02090	0.02240	0.20460	0.09422	0.15957	0.01648	0.02038	0.02886	0.10391	0.16062	0.02244	0.02724	0.01724	0.00949	0.00807	0.00259	0.00904	0.05446	0.00576	0.01173
40	0.02311	0.01961	0.02247	0.11110	0.09320	0.06760	0.01535	0.27578	0.02545	0.03445	0.01606	0.01830	0.01227	0.00792	0.00728	0.00205	0.00864	0.00628	0.00573	0.22735
