[name]
unknown

[dist]
# distance from previous block
# <min> <max>
0	462

[block]
# block no. 0 follows, 28 sequences, length 49
# corresponding to MSA columns:
# 487-535
name=unknown_A
#
# <colnr> <probs for GDERKNQSTAVLIFYWHMCP>
#	G	D	E	R	K	N	Q	S	T	A	V	L	I	F	Y	W	H	M	C	P
0	0.01105	0.00797	0.01091	0.01248	0.01400	0.00783	0.01052	0.01397	0.01626	0.02110	0.04087	0.18961	0.08242	0.02042	0.00983	0.00323	0.00610	0.50818	0.00671	0.00653
1	0.00952	0.00695	0.00895	0.00940	0.01063	0.00638	0.00669	0.01188	0.01736	0.02374	0.35788	0.34953	0.11695	0.01858	0.00888	0.00259	0.00379	0.01657	0.00735	0.00638
2	0.01029	0.00743	0.00972	0.00914	0.01086	0.00686	0.00686	0.01372	0.02058	0.02915	0.69536	0.05430	0.06859	0.01486	0.00857	0.00229	0.00343	0.01315	0.00800	0.00686
3	0.01943	0.74891	0.03809	0.01244	0.01866	0.02876	0.01244	0.02177	0.01477	0.01710	0.01011	0.01166	0.00933	0.00622	0.00466	0.00155	0.00777	0.00389	0.00311	0.00933
4	0.05841	0.16993	0.02662	0.06409	0.07985	0.06293	0.13440	0.02066	0.01529	0.02120	0.01295	0.01741	0.01117	0.05105	0.00868	0.00216	0.03359	0.00578	0.00375	0.20007
5	0.01622	0.01641	0.06431	0.18768	0.10583	0.09563	0.01468	0.06572	0.01594	0.02045	0.01729	0.02560	0.03785	0.10247	0.01393	0.09489	0.03128	0.02945	0.00404	0.04034
6	0.02452	0.01629	0.01796	0.01451	0.01941	0.01764	0.01175	0.32715	0.20082	0.15504	0.02326	0.02228	0.01658	0.00904	0.00708	0.00222	0.00661	0.00714	0.08914	0.01155
7	0.00985	0.00773	0.01111	0.01165	0.01249	0.00793	0.03397	0.01151	0.01368	0.01851	0.03567	0.55384	0.06297	0.02497	0.09293	0.00395	0.05743	0.01749	0.00604	0.00628
8	0.01640	0.01801	0.07287	0.32027	0.28008	0.05314	0.09279	0.02128	0.01592	0.02121	0.01331	0.01831	0.01045	0.00684	0.00732	0.00229	0.00984	0.00653	0.00343	0.00970
9	0.00963	0.00746	0.00880	0.00862	0.01066	0.00663	0.00656	0.01235	0.01858	0.02451	0.38186	0.06287	0.34337	0.01674	0.00867	0.00242	0.00374	0.05263	0.00737	0.00653
10	0.00902	0.00680	0.00834	0.00917	0.01039	0.00613	0.00642	0.01080	0.01577	0.02060	0.15701	0.43621	0.23653	0.02023	0.00897	0.00270	0.00394	0.01791	0.00695	0.00613
11	0.02763	0.02036	0.02182	0.01672	0.02254	0.02254	0.01382	0.67496	0.03418	0.04581	0.01745	0.01745	0.01236	0.00873	0.00727	0.00218	0.00800	0.00654	0.00727	0.01236
12	0.02551	0.01493	0.01765	0.01439	0.01925	0.01527	0.01198	0.31242	0.02577	0.25908	0.02778	0.03390	0.05488	0.01131	0.00784	0.00242	0.00694	0.11991	0.00772	0.01105
13	0.01358	0.00733	0.00790	0.00757	0.00966	0.00694	0.00574	0.01667	0.01647	0.07153	0.11069	0.03760	0.14297	0.01099	0.00625	0.00193	0.00363	0.00905	0.50646	0.00705
14	0.01406	0.00752	0.00775	0.00745	0.00936	0.00760	0.00565	0.05087	0.01658	0.02821	0.06852	0.02843	0.02166	0.00891	0.00543	0.00176	0.00363	0.00719	0.69233	0.00707
15	0.02306	0.01977	0.02409	0.07512	0.21941	0.09183	0.03953	0.28339	0.06696	0.06023	0.01655	0.01829	0.01244	0.00784	0.00723	0.00219	0.00876	0.00654	0.00552	0.01126
16	0.01499	0.01371	0.01232	0.01136	0.01363	0.13895	0.00835	0.08793	0.01937	0.02425	0.24472	0.09642	0.13620	0.13089	0.01267	0.00304	0.00639	0.01135	0.00628	0.00718
17	0.01784	0.01930	0.17325	0.01564	0.02078	0.01593	0.01490	0.26506	0.02100	0.02919	0.01725	0.02137	0.01395	0.02643	0.28755	0.00597	0.01316	0.00677	0.00498	0.00967
18	0.01785	0.51712	0.25602	0.01514	0.02283	0.02489	0.01714	0.02217	0.01496	0.01903	0.01106	0.01286	0.00929	0.00644	0.00539	0.00180	0.00874	0.00437	0.00310	0.00979
19	0.00940	0.00688	0.00886	0.00973	0.01083	0.00635	0.00695	0.01145	0.01623	0.02177	0.22221	0.42946	0.13242	0.01992	0.00905	0.00274	0.00410	0.05832	0.00709	0.00624
20	0.00897	0.00668	0.00839	0.00970	0.01065	0.00611	0.00677	0.01049	0.01468	0.01899	0.04749	0.55006	0.19282	0.02163	0.00917	0.00286	0.00425	0.05753	0.00674	0.00600
21	0.01648	0.31616	0.44497	0.01748	0.02645	0.02153	0.02121	0.02253	0.01512	0.02070	0.01189	0.01390	0.00926	0.00664	0.00603	0.00201	0.00958	0.00479	0.00309	0.01019
22	0.01893	0.07339	0.31550	0.09745	0.07207	0.09962	0.01983	0.04698	0.01720	0.10728	0.01621	0.05507	0.01270	0.00811	0.00697	0.00223	0.00957	0.00648	0.00429	0.01014
23	0.79588	0.01406	0.01068	0.00956	0.01406	0.01631	0.00787	0.02137	0.01237	0.03261	0.01012	0.01181	0.00787	0.00675	0.00450	0.00225	0.00562	0.00394	0.00450	0.00787
24	0.01010	0.00742	0.00946	0.00895	0.01075	0.00678	0.00671	0.01336	0.02014	0.02811	0.62772	0.05600	0.13687	0.01525	0.00858	0.00230	0.00346	0.01338	0.00787	0.00678
25	0.02194	0.18161	0.09298	0.01509	0.02091	0.02046	0.01370	0.17729	0.24050	0.11115	0.02070	0.02000	0.01527	0.00839	0.00670	0.00216	0.00727	0.00648	0.00617	0.01124
26	0.01041	0.00707	0.00901	0.00960	0.01093	0.00642	0.00679	0.01236	0.01627	0.05753	0.19915	0.43317	0.15518	0.01948	0.00890	0.00268	0.00405	0.01733	0.00716	0.00651
27	0.00970	0.00741	0.00891	0.00853	0.01050	0.00661	0.00640	0.01259	0.01920	0.02587	0.48130	0.05969	0.28469	0.01608	0.00858	0.00234	0.00352	0.01390	0.00757	0.00661
28	0.01475	0.03639	0.66226	0.02138	0.03190	0.01698	0.07026	0.02304	0.01547	0.02304	0.01316	0.01563	0.00933	0.00685	0.00702	0.00231	0.01084	0.00559	0.00311	0.01068
29	0.01295	0.01111	0.01768	0.01579	0.04358	0.01044	0.13894	0.05900	0.01647	0.02263	0.07901	0.35737	0.03353	0.05373	0.00993	0.00274	0.00643	0.01398	0.00578	0.08890
30	0.01039	0.00737	0.00855	0.00877	0.01071	0.00643	0.00638	0.01228	0.01643	0.06417	0.12502	0.27514	0.38445	0.01880	0.00872	0.00258	0.00398	0.01626	0.00702	0.00654
31	0.02014	0.12464	0.12605	0.01619	0.02132	0.12797	0.01474	0.12512	0.19275	0.02648	0.01760	0.01856	0.01365	0.00853	0.00809	0.00220	0.07116	0.00614	0.04850	0.01016
32	0.02075	0.01675	0.02516	0.03074	0.36331	0.01718	0.05405	0.12104	0.11959	0.10263	0.01918	0.02236	0.01499	0.00805	0.00743	0.00228	0.00798	0.02966	0.00541	0.01147
33	0.06742	0.05590	0.02690	0.17193	0.32801	0.05412	0.07903	0.02287	0.06089	0.02284	0.01403	0.01799	0.01130	0.00707	0.00749	0.00225	0.02972	0.00639	0.00381	0.01006
34	0.01373	0.01292	0.02180	0.72707	0.05006	0.01615	0.02019	0.01857	0.01453	0.01857	0.01292	0.01938	0.00969	0.00727	0.00727	0.00242	0.00969	0.00646	0.00323	0.00807
35	0.01909	0.02492	0.12762	0.02652	0.03359	0.15055	0.43601	0.04859	0.01820	0.02304	0.01393	0.01772	0.01052	0.00659	0.00792	0.00231	0.01205	0.00733	0.00374	0.00976
36	0.01706	0.01605	0.05255	0.09095	0.02228	0.05754	0.01157	0.05957	0.01675	0.04804	0.01365	0.01592	0.01083	0.00614	0.00593	0.00145	0.00682	0.00486	0.00443	0.53761
37	0.00936	0.00676	0.00897	0.01055	0.01132	0.00637	0.00758	0.01104	0.01459	0.01920	0.04181	0.57974	0.08612	0.02202	0.00938	0.00299	0.00463	0.13478	0.00674	0.00606
38	0.01595	0.01525	0.02530	0.20627	0.24449	0.01497	0.11013	0.02035	0.01570	0.02235	0.01341	0.01773	0.01077	0.00631	0.00689	0.00196	0.00848	0.00615	0.00372	0.23382
39	0.06601	0.23099	0.15017	0.02152	0.15215	0.14734	0.01709	0.09294	0.01820	0.02353	0.01231	0.01442	0.00997	0.00692	0.00616	0.00197	0.00934	0.00508	0.00384	0.01008
40	0.01242	0.01007	0.01514	0.08517	0.17377	0.01027	0.01213	0.01488	0.01442	0.01943	0.02720	0.20845	0.02980	0.18076	0.01506	0.00373	0.00692	0.14800	0.00515	0.00723
41	0.01945	0.47378	0.02983	0.01323	0.01829	0.11890	0.01195	0.05654	0.03704	0.02029	0.07959	0.01784	0.01626	0.01032	0.04716	0.00232	0.00871	0.00541	0.00408	0.00902
42	0.01924	0.00927	0.01112	0.00958	0.01265	0.00877	0.00754	0.05656	0.01894	0.22720	0.15866	0.03132	0.02807	0.00991	0.00655	0.00200	0.00446	0.00819	0.36124	0.00873
43	0.00892	0.00704	0.00807	0.00870	0.01035	0.00619	0.00629	0.01071	0.01589	0.01994	0.10013	0.30854	0.39873	0.01981	0.00889	0.00266	0.00398	0.04222	0.00683	0.00612
44	0.01100	0.00759	0.01072	0.01072	0.01210	0.00863	0.00830	0.01375	0.01238	0.01887	0.02030	0.02827	0.01826	0.04551	0.57673	0.00973	0.01632	0.00759	0.15666	0.00655
45	0.01002	0.00708	0.00842	0.00885	0.00945	0.00691	0.00575	0.01089	0.01248	0.01635	0.03387	0.18563	0.12278	0.41626	0.07176	0.00572	0.00685	0.05044	0.00528	0.00521
46	0.00912	0.00658	0.00864	0.00983	0.01058	0.00610	0.00672	0.01082	0.01529	0.02062	0.16654	0.58330	0.07670	0.02110	0.00912	0.00281	0.00405	0.01903	0.00699	0.00610
47	0.02549	0.01930	0.02061	0.01629	0.02173	0.02154	0.01330	0.53220	0.18042	0.04236	0.02017	0.01962	0.01457	0.00898	0.00730	0.00225	0.00749	0.00692	0.00730	0.01217
48	0.04440	0.21918	0.06742	0.01399	0.02005	0.13707	0.01244	0.11194	0.01849	0.02418	0.01241	0.01406	0.01017	0.00657	0.00572	0.00161	0.00806	0.00462	0.00422	0.26341

[dist]
# distance from previous block
# <min> <max>
0	1

[block]
# block no. 1 follows, 28 sequences, length 12
# corresponding to MSA columns:
# 537-548
name=unknown_B
#
# <colnr> <probs for GDERKNQSTAVLIFYWHMCP>
#	G	D	E	R	K	N	Q	S	T	A	V	L	I	F	Y	W	H	M	C	P
0	0.01534	0.04879	0.08139	0.04398	0.12570	0.01280	0.01297	0.04797	0.05104	0.05764	0.06819	0.05443	0.07657	0.07787	0.05060	0.00313	0.00757	0.04416	0.00515	0.11469
1	0.09275	0.05438	0.27285	0.10741	0.06093	0.05151	0.07710	0.07968	0.01761	0.09723	0.01476	0.01693	0.01063	0.00723	0.00685	0.00225	0.00944	0.00592	0.00433	0.01023
2	0.02250	0.01898	0.01841	0.01527	0.01953	0.12735	0.01219	0.36802	0.05586	0.03459	0.10664	0.02357	0.02053	0.01563	0.10393	0.00345	0.00966	0.00737	0.00636	0.01018
3	0.00972	0.00715	0.00916	0.00960	0.01100	0.00659	0.00708	0.01222	0.01751	0.02371	0.33604	0.27958	0.14816	0.01839	0.00894	0.00262	0.00402	0.07476	0.00730	0.00643
4	0.01917	0.31460	0.24337	0.01818	0.06588	0.10748	0.01781	0.06143	0.04987	0.02176	0.01277	0.01448	0.01024	0.00693	0.00604	0.00195	0.00933	0.00498	0.00365	0.01008
5	0.01441	0.01045	0.01460	0.09930	0.01885	0.01122	0.03493	0.06293	0.01592	0.09064	0.03144	0.21593	0.11753	0.06248	0.09894	0.00401	0.07117	0.01194	0.00567	0.00764
6	0.00965	0.00706	0.00874	0.00958	0.01066	0.00660	0.00685	0.01134	0.01497	0.01955	0.10866	0.32484	0.17610	0.14095	0.01380	0.00353	0.00487	0.10985	0.00647	0.00591
7	0.01007	0.00761	0.01042	0.01054	0.01205	0.00705	0.04744	0.01213	0.01518	0.02043	0.08075	0.38138	0.17770	0.05281	0.01002	0.00288	0.00476	0.05345	0.07703	0.00630
8	0.09014	0.05022	0.19083	0.12474	0.21282	0.14374	0.04276	0.02310	0.01628	0.02234	0.01256	0.01592	0.00988	0.00688	0.00673	0.00218	0.00992	0.00563	0.00351	0.00981
9	0.01943	0.74891	0.03809	0.01244	0.01866	0.02876	0.01244	0.02177	0.01477	0.01710	0.01011	0.01166	0.00933	0.00622	0.00466	0.00155	0.00777	0.00389	0.00311	0.00933
10	0.01055	0.00712	0.00828	0.00828	0.00840	0.00724	0.00484	0.01079	0.01067	0.01435	0.02259	0.04581	0.02566	0.68076	0.09973	0.00748	0.00820	0.01031	0.00436	0.00460
11	0.06315	0.01877	0.14596	0.02173	0.18954	0.01530	0.01592	0.11925	0.07902	0.06489	0.06482	0.02847	0.12278	0.00970	0.00732	0.00228	0.00729	0.00811	0.00548	0.01022

[dist]
# distance from previous block
# <min> <max>
3	5

[block]
# block no. 2 follows, 28 sequences, length 12
# corresponding to MSA columns:
# 554-565
name=unknown_C
#
# <colnr> <probs for GDERKNQSTAVLIFYWHMCP>
#	G	D	E	R	K	N	Q	S	T	A	V	L	I	F	Y	W	H	M	C	P
0	0.01631	0.01516	0.02334	0.06814	0.21361	0.04641	0.11646	0.07450	0.01788	0.02376	0.02387	0.08178	0.04938	0.01166	0.00883	0.00259	0.03361	0.15863	0.00495	0.00914
1	0.01038	0.00779	0.01168	0.01168	0.01298	0.00909	0.00909	0.01298	0.01168	0.01687	0.01947	0.02856	0.01817	0.05452	0.71573	0.01168	0.01947	0.00779	0.00389	0.00649
2	0.01753	0.01743	0.02283	0.24016	0.27401	0.12361	0.01831	0.04899	0.01722	0.02179	0.01679	0.05650	0.01522	0.00900	0.00749	0.00234	0.00923	0.06810	0.00411	0.00933
3	0.13310	0.02045	0.01898	0.12463	0.02480	0.18775	0.01360	0.22998	0.02263	0.09685	0.01633	0.01972	0.01256	0.00850	0.00684	0.00222	0.00893	0.03675	0.00554	0.00984
4	0.01912	0.00929	0.01178	0.01016	0.01353	0.00819	0.00796	0.02183	0.01898	0.29905	0.19908	0.08345	0.17869	0.01320	0.00783	0.00230	0.00464	0.01119	0.07087	0.00887
5	0.01391	0.01294	0.01997	0.01669	0.01795	0.01568	0.11245	0.01580	0.01194	0.01727	0.01543	0.02747	0.01582	0.24138	0.09350	0.00510	0.32784	0.00814	0.00370	0.00700
6	0.00886	0.00705	0.00796	0.00841	0.01016	0.00615	0.00605	0.01071	0.01621	0.02038	0.13338	0.27381	0.42656	0.01935	0.00880	0.00259	0.00382	0.01673	0.00689	0.00615
7	0.01020	0.00736	0.00948	0.01019	0.01121	0.00731	0.00750	0.01198	0.01395	0.01846	0.06353	0.19924	0.11249	0.20950	0.12474	0.00534	0.00774	0.15816	0.00576	0.00586
8	0.01051	0.00695	0.00836	0.00848	0.00876	0.00683	0.00517	0.01085	0.01222	0.01652	0.11513	0.12583	0.03346	0.50202	0.02924	0.07192	0.00617	0.01172	0.00506	0.00480
9	0.02151	0.02218	0.01782	0.01590	0.01993	0.26100	0.01224	0.08738	0.36033	0.02669	0.02470	0.02388	0.05571	0.00943	0.00716	0.00223	0.00839	0.00725	0.00608	0.01019
10	0.11970	0.01466	0.01562	0.01305	0.01679	0.01662	0.01057	0.28136	0.07852	0.03417	0.01858	0.02048	0.01429	0.01149	0.04896	0.00273	0.06549	0.00647	0.20082	0.00962
11	0.01974	0.01621	0.01816	0.01525	0.01790	0.08989	0.01212	0.11320	0.01710	0.10686	0.01668	0.05549	0.01501	0.09968	0.01648	0.00301	0.26001	0.00730	0.00499	0.09493

[dist]
# distance from previous block
# <min> <max>
2	4

[block]
# block no. 3 follows, 28 sequences, length 11
# corresponding to MSA columns:
# 573-583
name=unknown_D
#
# <colnr> <probs for GDERKNQSTAVLIFYWHMCP>
#	G	D	E	R	K	N	Q	S	T	A	V	L	I	F	Y	W	H	M	C	P
0	0.17152	0.21008	0.07628	0.12341	0.20625	0.05892	0.01645	0.02188	0.01511	0.02263	0.01175	0.01484	0.00967	0.00666	0.00595	0.00205	0.00837	0.00511	0.00356	0.00950
1	0.07982	0.21633	0.09342	0.10465	0.04911	0.09687	0.05377	0.07431	0.01731	0.02276	0.01591	0.02435	0.01431	0.00878	0.00670	0.00221	0.00889	0.09722	0.00420	0.00907
2	0.04109	0.02006	0.11282	0.06672	0.06383	0.10024	0.09933	0.12343	0.05343	0.06076	0.02286	0.04158	0.08127	0.00907	0.00723	0.00224	0.00852	0.00771	0.06824	0.00960
3	0.12559	0.00950	0.01093	0.01008	0.01253	0.00970	0.00781	0.01724	0.01652	0.11515	0.18576	0.13204	0.15595	0.01381	0.00881	0.00241	0.06318	0.01127	0.08416	0.00756
4	0.00934	0.00670	0.00857	0.00962	0.01020	0.00647	0.00641	0.01052	0.01320	0.01755	0.03696	0.47764	0.08834	0.17377	0.08522	0.00462	0.00628	0.01692	0.00598	0.00567
5	0.01803	0.26450	0.13375	0.21134	0.10296	0.11512	0.01804	0.02214	0.01578	0.01922	0.01186	0.01520	0.00965	0.00681	0.00624	0.00201	0.00957	0.00520	0.00327	0.00932
6	0.01187	0.01199	0.05906	0.04591	0.17319	0.01030	0.04633	0.01481	0.01545	0.02054	0.03809	0.30172	0.19082	0.01553	0.00837	0.00256	0.00614	0.01399	0.00550	0.00784
7	0.00904	0.00703	0.00793	0.00838	0.00989	0.00623	0.00586	0.01062	0.01542	0.01945	0.10831	0.26090	0.37897	0.10388	0.01209	0.00312	0.00421	0.01616	0.00658	0.00593
8	0.02926	0.01348	0.01690	0.01327	0.01853	0.01287	0.01086	0.12580	0.08856	0.50085	0.02686	0.02409	0.01765	0.00901	0.00717	0.00223	0.00623	0.00726	0.05719	0.01193
9	0.13042	0.02184	0.14079	0.10999	0.08127	0.08851	0.04277	0.14584	0.08522	0.06170	0.01576	0.01753	0.01165	0.00765	0.00680	0.00225	0.00879	0.00605	0.00492	0.01024
10	0.02219	0.02139	0.05034	0.03727	0.04201	0.20671	0.04587	0.14685	0.05966	0.07623	0.01665	0.01860	0.01276	0.00860	0.00881	0.00220	0.09531	0.00625	0.11270	0.00960

[dist]
# distance from previous block
# <min> <max>
0	1

[block]
# block no. 4 follows, 28 sequences, length 29
# corresponding to MSA columns:
# 585-613
name=unknown_E
#
# <colnr> <probs for GDERKNQSTAVLIFYWHMCP>
#	G	D	E	R	K	N	Q	S	T	A	V	L	I	F	Y	W	H	M	C	P
0	0.06459	0.01172	0.01247	0.08614	0.01705	0.06862	0.00948	0.07288	0.01788	0.02392	0.16276	0.13886	0.14089	0.07718	0.01055	0.00287	0.00616	0.06272	0.00607	0.00720
1	0.01406	0.23264	0.01873	0.01116	0.01432	0.01467	0.00923	0.08080	0.01687	0.02124	0.03493	0.28410	0.15377	0.01538	0.00760	0.00238	0.00571	0.04903	0.00570	0.00768
2	0.00980	0.00729	0.00883	0.00970	0.01072	0.00698	0.00668	0.01225	0.05354	0.01920	0.06210	0.42174	0.15557	0.13475	0.01344	0.00348	0.00475	0.04663	0.00645	0.00610
3	0.04149	0.11259	0.09233	0.05329	0.31972	0.04403	0.01752	0.02149	0.01582	0.02266	0.01275	0.01592	0.01057	0.00631	0.00632	0.00185	0.00811	0.00539	0.00367	0.18816
4	0.01501	0.01422	0.02387	0.44467	0.28263	0.01606	0.02022	0.01952	0.01536	0.02050	0.01621	0.02139	0.04449	0.00754	0.00731	0.00233	0.00901	0.00691	0.00354	0.00922
5	0.00923	0.00725	0.00838	0.00867	0.01053	0.00640	0.00645	0.01142	0.01700	0.02174	0.20639	0.19097	0.39144	0.01852	0.00881	0.00257	0.00392	0.05699	0.00703	0.00629
6	0.01398	0.01202	0.01859	0.12251	0.26209	0.01242	0.01450	0.05570	0.01604	0.02189	0.02490	0.31377	0.02677	0.04006	0.00914	0.00270	0.00688	0.01242	0.00508	0.00854
7	0.27824	0.01597	0.01645	0.01332	0.01846	0.01735	0.01091	0.24416	0.10166	0.18571	0.01899	0.01838	0.01332	0.00828	0.00639	0.00225	0.00655	0.00606	0.00676	0.01080
8	0.01224	0.00685	0.00728	0.00736	0.00837	0.00683	0.00492	0.01429	0.01348	0.02195	0.02422	0.06948	0.02291	0.27704	0.01690	0.00370	0.00476	0.00884	0.46272	0.00587
9	0.01652	0.01034	0.01486	0.01668	0.13976	0.00979	0.01064	0.01957	0.01817	0.17056	0.26963	0.04126	0.07198	0.07223	0.05294	0.00325	0.00640	0.04003	0.00675	0.00864
10	0.01464	0.06866	0.54342	0.01772	0.02657	0.01563	0.02210	0.02184	0.01530	0.02347	0.01486	0.01732	0.01095	0.00716	0.00645	0.00215	0.00924	0.00555	0.14703	0.00994
11	0.00966	0.00687	0.00830	0.00885	0.00953	0.00649	0.00575	0.01081	0.01389	0.01847	0.12662	0.31141	0.11878	0.28896	0.01939	0.00432	0.00510	0.01528	0.00605	0.00550
12	0.02177	0.02582	0.01930	0.01745	0.01971	0.43389	0.01333	0.02339	0.01691	0.01747	0.01345	0.06034	0.01309	0.06811	0.01369	0.00269	0.20138	0.00655	0.00383	0.00783
13	0.00931	0.00679	0.00899	0.01040	0.01124	0.00647	0.00745	0.01100	0.01437	0.01895	0.04154	0.54033	0.10596	0.02429	0.05988	0.00358	0.00558	0.10126	0.00654	0.00607
14	0.02277	0.28056	0.02637	0.01565	0.02047	0.32348	0.01305	0.07112	0.01852	0.02009	0.01136	0.01324	0.00971	0.00721	0.00673	0.00178	0.04724	0.00459	0.00380	0.08226
15	0.01056	0.00708	0.00809	0.00809	0.00815	0.00714	0.00461	0.01068	0.01062	0.01422	0.02275	0.04673	0.02606	0.71411	0.06692	0.00725	0.00759	0.01045	0.00438	0.00450
16	0.00994	0.00724	0.00843	0.00839	0.01007	0.00666	0.00610	0.01226	0.01664	0.02263	0.25408	0.10985	0.27626	0.08684	0.05123	0.00332	0.00483	0.01333	0.08565	0.00627
17	0.02244	0.01312	0.01603	0.01215	0.01793	0.01128	0.00983	0.05891	0.07112	0.28380	0.04153	0.02102	0.01627	0.00757	0.00647	0.00172	0.00579	0.00614	0.00659	0.37028
18	0.01114	0.00884	0.01401	0.01273	0.01433	0.00955	0.07753	0.01345	0.01198	0.01685	0.01983	0.03240	0.01950	0.22305	0.47079	0.00955	0.01559	0.00857	0.00400	0.00631
19	0.01548	0.16906	0.58328	0.01919	0.02909	0.01908	0.02419	0.02279	0.01524	0.02193	0.01250	0.01467	0.00923	0.00678	0.00649	0.00216	0.01019	0.00510	0.00308	0.01048
20	0.02509	0.08000	0.06538	0.01817	0.02437	0.05465	0.08360	0.48619	0.02911	0.03852	0.01603	0.01689	0.01166	0.00809	0.00715	0.00215	0.00883	0.00639	0.00615	0.01157
21	0.01596	0.01615	0.02280	0.54179	0.14290	0.09946	0.01977	0.02037	0.01555	0.01925	0.01283	0.01843	0.00992	0.00718	0.00717	0.00232	0.00994	0.00625	0.00335	0.00863
22	0.01308	0.00923	0.01052	0.00968	0.01244	0.00872	0.00741	0.04892	0.08524	0.08501	0.23618	0.08604	0.32883	0.01546	0.00832	0.00240	0.00427	0.01312	0.00739	0.00772
23	0.01057	0.00705	0.00793	0.00793	0.00793	0.00705	0.00440	0.01057	0.01057	0.01409	0.02290	0.04757	0.02643	0.74454	0.03700	0.00705	0.00705	0.01057	0.00440	0.00440
24	0.01317	0.01138	0.01575	0.01437	0.01508	0.01455	0.01137	0.03645	0.01221	0.01787	0.01695	0.06803	0.01718	0.11487	0.28404	0.00678	0.31074	0.00826	0.00394	0.00701
25	0.15722	0.01032	0.01058	0.01018	0.01249	0.01098	0.00739	0.04431	0.13377	0.02390	0.05549	0.17288	0.12812	0.17471	0.01395	0.00351	0.00542	0.01151	0.00600	0.00726
26	0.02010	0.29546	0.10271	0.01755	0.02369	0.13883	0.11815	0.09574	0.01833	0.02232	0.01374	0.05052	0.01190	0.00757	0.00638	0.00195	0.00946	0.00606	0.00399	0.03555
27	0.01595	0.06845	0.01793	0.09048	0.06115	0.15711	0.01280	0.01863	0.01621	0.01947	0.02722	0.07011	0.11713	0.01400	0.03349	0.00276	0.07634	0.13004	0.00475	0.04601
28	0.16110	0.04385	0.08536	0.01857	0.12227	0.01586	0.03741	0.07964	0.05658	0.02663	0.01428	0.01701	0.01152	0.01072	0.06258	0.00274	0.03633	0.00560	0.00442	0.18753

[dist]
# distance from previous block
# <min> <max>
13	38

[block]
# block no. 5 follows, 28 sequences, length 16
# corresponding to MSA columns:
# 664-679
name=unknown_F
#
# <colnr> <probs for GDERKNQSTAVLIFYWHMCP>
#	G	D	E	R	K	N	Q	S	T	A	V	L	I	F	Y	W	H	M	C	P
0	0.01197	0.01075	0.05063	0.01313	0.01521	0.00987	0.06097	0.01453	0.01558	0.05171	0.14924	0.35177	0.09157	0.01705	0.01062	0.00272	0.09448	0.01482	0.00619	0.00719
1	0.01947	0.12670	0.13856	0.04425	0.05622	0.09342	0.13345	0.12720	0.01885	0.04632	0.01453	0.01765	0.01143	0.01230	0.08242	0.00317	0.03368	0.00628	0.00424	0.00984
2	0.01976	0.15509	0.06751	0.04173	0.06575	0.06146	0.12196	0.17162	0.04556	0.02720	0.06027	0.01909	0.01502	0.00798	0.00785	0.00212	0.04874	0.00658	0.00478	0.04995
3	0.00998	0.00742	0.00881	0.00887	0.01081	0.00674	0.00658	0.01212	0.01634	0.04451	0.16580	0.17654	0.36996	0.02267	0.09559	0.00364	0.00576	0.01468	0.00669	0.00648
4	0.02473	0.01216	0.01556	0.01307	0.01749	0.01162	0.01081	0.10515	0.05230	0.38787	0.03194	0.03750	0.07206	0.01406	0.04570	0.00296	0.00699	0.11959	0.00788	0.01057
5	0.02171	0.06598	0.02240	0.01659	0.02148	0.01834	0.09317	0.32112	0.08549	0.07647	0.02082	0.08887	0.01725	0.01431	0.07868	0.00323	0.00898	0.00829	0.00628	0.01056
6	0.15469	0.01800	0.12777	0.15623	0.17361	0.01595	0.07070	0.03588	0.01481	0.02335	0.01398	0.02043	0.01191	0.09770	0.01099	0.00290	0.03180	0.00652	0.00379	0.00899
7	0.00904	0.00693	0.00854	0.00930	0.01061	0.00643	0.00662	0.01080	0.01497	0.01937	0.08925	0.37869	0.26988	0.02468	0.09584	0.00381	0.00586	0.01678	0.00647	0.00611
8	0.01987	0.01613	0.09875	0.01301	0.01702	0.10235	0.01122	0.02281	0.01762	0.23545	0.11153	0.09911	0.05810	0.09694	0.04435	0.00328	0.00772	0.00952	0.00637	0.00885
9	0.02387	0.01849	0.01970	0.01596	0.02111	0.02078	0.01291	0.42430	0.29096	0.03974	0.02223	0.02126	0.01623	0.00917	0.00732	0.00229	0.00711	0.00720	0.00732	0.01202
10	0.00968	0.00698	0.00862	0.00898	0.00999	0.00650	0.00612	0.01146	0.01573	0.02125	0.25937	0.27660	0.12986	0.17789	0.01504	0.00357	0.00451	0.01528	0.00665	0.00592
11	0.01282	0.00689	0.00734	0.00754	0.00895	0.00687	0.00553	0.01568	0.01470	0.02470	0.02545	0.06979	0.02267	0.10047	0.00955	0.00253	0.00410	0.05147	0.59651	0.00643
12	0.02415	0.01804	0.02035	0.02001	0.14092	0.07642	0.01373	0.31874	0.02545	0.13232	0.02383	0.02393	0.08247	0.00923	0.00726	0.00217	0.00767	0.00739	0.03489	0.01104
13	0.01567	0.01184	0.01303	0.01171	0.01478	0.01287	0.00907	0.08513	0.29307	0.03081	0.23634	0.03476	0.03519	0.01107	0.00733	0.00224	0.00479	0.00934	0.15171	0.00925
14	0.00916	0.00667	0.00871	0.01022	0.01100	0.00621	0.00720	0.01073	0.01451	0.01904	0.04326	0.59580	0.11251	0.02202	0.00930	0.00295	0.00445	0.09350	0.00674	0.00602
15	0.40401	0.02161	0.10171	0.01924	0.14487	0.15443	0.01410	0.02326	0.01513	0.02687	0.01136	0.01365	0.00901	0.00686	0.00570	0.00216	0.00829	0.00473	0.00401	0.00901

[dist]
# distance from previous block
# <min> <max>
0	2

[block]
# block no. 6 follows, 28 sequences, length 11
# corresponding to MSA columns:
# 682-692
name=unknown_G
#
# <colnr> <probs for GDERKNQSTAVLIFYWHMCP>
#	G	D	E	R	K	N	Q	S	T	A	V	L	I	F	Y	W	H	M	C	P
0	0.04516	0.12135	0.08262	0.01393	0.01869	0.03978	0.01226	0.17030	0.09755	0.09987	0.08316	0.13873	0.02401	0.01109	0.00721	0.00227	0.00683	0.00908	0.00626	0.00986
1	0.01615	0.01500	0.02146	0.05543	0.21352	0.05897	0.07444	0.04104	0.08781	0.02260	0.02175	0.09117	0.02086	0.03320	0.02988	0.02922	0.04332	0.11030	0.00487	0.00901
2	0.01632	0.01366	0.01574	0.01136	0.01776	0.01097	0.00913	0.08368	0.01698	0.02589	0.01337	0.01531	0.01093	0.00572	0.00557	0.00119	0.00564	0.00453	0.00460	0.71166
3	0.02061	0.01850	0.02135	0.02049	0.11195	0.15521	0.09238	0.12760	0.05691	0.08811	0.03836	0.12485	0.01984	0.03573	0.03228	0.00276	0.00902	0.00896	0.00554	0.00957
4	0.00908	0.00732	0.00809	0.00803	0.01015	0.00632	0.00597	0.01133	0.01752	0.02222	0.24479	0.10787	0.48040	0.01770	0.00863	0.00244	0.00365	0.01507	0.00710	0.00632
5	0.01565	0.01377	0.02126	0.58131	0.04391	0.01673	0.01863	0.11733	0.01735	0.02259	0.01396	0.01958	0.01055	0.01003	0.04545	0.00289	0.00996	0.00654	0.00388	0.00864
6	0.01046	0.00747	0.01007	0.01007	0.01081	0.00821	0.00707	0.01194	0.01120	0.01568	0.02095	0.03673	0.02172	0.35118	0.42392	0.00969	0.01413	0.00898	0.00411	0.00559
7	0.01402	0.01384	0.02548	0.02018	0.02345	0.01496	0.26880	0.01755	0.01378	0.01943	0.01720	0.06904	0.01612	0.06902	0.21698	0.00557	0.15398	0.00881	0.00388	0.00790
8	0.12670	0.06580	0.02072	0.05142	0.14476	0.26878	0.01391	0.02639	0.01793	0.13796	0.01511	0.01667	0.01148	0.00742	0.00637	0.00204	0.00918	0.00549	0.04233	0.00955
9	0.02335	0.09169	0.01977	0.01455	0.01914	0.13324	0.01180	0.24673	0.12115	0.09315	0.05926	0.02139	0.01747	0.00880	0.00677	0.00207	0.00759	0.00670	0.08499	0.01040
10	0.18276	0.05273	0.07900	0.01716	0.10976	0.05721	0.01287	0.08621	0.01716	0.06678	0.01658	0.09518	0.01466	0.00858	0.00634	0.00204	0.00711	0.00682	0.00489	0.15616

[dist]
# distance from previous block
# <min> <max>
0	33

[block]
# block no. 7 follows, 28 sequences, length 16
# corresponding to MSA columns:
# 726-741
name=unknown_H
#
# <colnr> <probs for GDERKNQSTAVLIFYWHMCP>
#	G	D	E	R	K	N	Q	S	T	A	V	L	I	F	Y	W	H	M	C	P
0	0.03659	0.01022	0.05559	0.01099	0.01319	0.00892	0.00880	0.01648	0.10310	0.02348	0.13999	0.33585	0.07597	0.01668	0.00826	0.00260	0.00480	0.04791	0.07330	0.00730
1	0.01660	0.01054	0.01077	0.00940	0.01267	0.04418	0.00728	0.02096	0.06652	0.10549	0.02709	0.02824	0.08101	0.00903	0.00597	0.00180	0.00473	0.00725	0.39749	0.13298
2	0.07421	0.01842	0.12105	0.20386	0.29786	0.01647	0.07457	0.02093	0.01533	0.02258	0.01357	0.01827	0.01083	0.00963	0.04990	0.00285	0.00992	0.00638	0.00353	0.00984
3	0.01820	0.01582	0.02220	0.02305	0.16812	0.08530	0.12064	0.07689	0.01834	0.08171	0.02351	0.14515	0.02281	0.03741	0.00918	0.00266	0.00836	0.10604	0.00540	0.00919
4	0.00983	0.00715	0.00877	0.00880	0.01005	0.00662	0.00614	0.01194	0.01675	0.02276	0.34729	0.17736	0.15279	0.16435	0.01445	0.00339	0.00434	0.01430	0.00686	0.00608
5	0.03058	0.01223	0.01615	0.01253	0.01780	0.01088	0.01031	0.06438	0.02092	0.60875	0.02767	0.02461	0.01778	0.00893	0.00710	0.00219	0.00601	0.00722	0.08210	0.01184
6	0.01808	0.06432	0.29069	0.02425	0.14259	0.04339	0.09244	0.07337	0.07468	0.04678	0.01519	0.01749	0.01146	0.00749	0.00796	0.00229	0.04643	0.00625	0.00414	0.01071
7	0.02038	0.01355	0.01803	0.01980	0.17380	0.01363	0.01270	0.11566	0.09928	0.18401	0.02995	0.07143	0.11073	0.01286	0.04319	0.00277	0.00707	0.00902	0.03178	0.01035
8	0.01225	0.00868	0.01046	0.01031	0.01204	0.00866	0.00739	0.01734	0.12977	0.05736	0.22726	0.25095	0.07913	0.11969	0.01255	0.00320	0.00472	0.01399	0.00700	0.00725
9	0.01824	0.01987	0.09936	0.02029	0.05289	0.10224	0.13848	0.07114	0.05089	0.05894	0.01591	0.01997	0.01288	0.01763	0.15147	0.00428	0.12500	0.00691	0.00432	0.00928
10	0.02049	0.08524	0.14338	0.07358	0.07997	0.12547	0.08923	0.10856	0.01885	0.08464	0.01517	0.01843	0.01180	0.03615	0.03223	0.00268	0.03348	0.00629	0.00446	0.00991
11	0.01280	0.03586	0.01544	0.01827	0.16362	0.01103	0.01107	0.03516	0.01469	0.02067	0.02652	0.32650	0.02891	0.05875	0.08876	0.00381	0.04358	0.01277	0.06417	0.00762
12	0.00998	0.00816	0.01155	0.01088	0.01268	0.00746	0.07128	0.01195	0.01528	0.01985	0.11533	0.29654	0.23991	0.11978	0.01280	0.00325	0.00515	0.01566	0.00625	0.00625
13	0.02127	0.09444	0.02089	0.10011	0.04747	0.13695	0.01368	0.19503	0.06132	0.06806	0.02070	0.02637	0.04150	0.01188	0.04265	0.00271	0.00911	0.07069	0.00549	0.00969
14	0.09570	0.12183	0.08537	0.01716	0.09318	0.04292	0.01363	0.06909	0.08327	0.11487	0.02277	0.02339	0.08520	0.00922	0.00808	0.00223	0.06909	0.00691	0.02626	0.00983
15	0.09588	0.01635	0.05713	0.01379	0.01814	0.05030	0.01143	0.11984	0.24070	0.10854	0.02558	0.05208	0.05236	0.05191	0.05086	0.00315	0.00750	0.00802	0.00641	0.01002

[dist]
# distance from previous block
# <min> <max>
2	47

[block]
# block no. 8 follows, 28 sequences, length 43
# corresponding to MSA columns:
# 789-831
name=unknown_I
#
# <colnr> <probs for GDERKNQSTAVLIFYWHMCP>
#	G	D	E	R	K	N	Q	S	T	A	V	L	I	F	Y	W	H	M	C	P
0	0.02147	0.15908	0.02322	0.10683	0.08299	0.12932	0.01396	0.10837	0.04942	0.10952	0.01773	0.05449	0.01474	0.00867	0.00676	0.00209	0.00835	0.02941	0.00511	0.04847
1	0.20499	0.04569	0.11805	0.01661	0.07687	0.04820	0.01375	0.08115	0.14869	0.08550	0.04078	0.01910	0.01478	0.00794	0.00640	0.00218	0.00722	0.00607	0.00542	0.05060
2	0.09447	0.14550	0.26097	0.07597	0.02621	0.14265	0.01787	0.07789	0.01740	0.02364	0.01232	0.01451	0.00951	0.00699	0.00623	0.00204	0.00961	0.00501	0.00376	0.04746
3	0.02063	0.25031	0.02247	0.01244	0.01715	0.01964	0.01078	0.21872	0.07684	0.05012	0.01809	0.01917	0.01403	0.00795	0.00587	0.00188	0.00647	0.00591	0.21169	0.00984
4	0.01439	0.07620	0.08912	0.01298	0.01693	0.01412	0.01135	0.02472	0.28169	0.02610	0.17627	0.09793	0.08332	0.01243	0.00771	0.00240	0.00569	0.03088	0.00658	0.00918
5	0.00914	0.00667	0.00842	0.00961	0.01041	0.00617	0.00657	0.01056	0.01444	0.01895	0.07313	0.52563	0.14348	0.08202	0.01149	0.00321	0.00443	0.04317	0.00661	0.00589
6	0.00899	0.00668	0.00848	0.00958	0.01054	0.00617	0.00663	0.01061	0.01488	0.01957	0.10014	0.52252	0.17230	0.02272	0.04103	0.00320	0.00474	0.01844	0.00672	0.00605
7	0.00921	0.00719	0.00815	0.00827	0.01003	0.00635	0.00595	0.01120	0.01665	0.02135	0.21718	0.16683	0.38680	0.07870	0.01106	0.00287	0.00398	0.01522	0.00686	0.00613
8	0.00934	0.00661	0.00856	0.00964	0.01020	0.00622	0.00642	0.01076	0.01447	0.01957	0.14119	0.52856	0.04811	0.12869	0.01328	0.00345	0.00451	0.01798	0.00660	0.00583
9	0.01894	0.68685	0.03547	0.01196	0.01780	0.02692	0.01182	0.02136	0.01481	0.01794	0.01124	0.01295	0.01011	0.00641	0.00470	0.00157	0.00741	0.00413	0.06849	0.00911
10	0.01373	0.01292	0.02180	0.72707	0.05006	0.01615	0.02019	0.01857	0.01453	0.01857	0.01292	0.01938	0.00969	0.00727	0.00727	0.00242	0.00969	0.00646	0.00323	0.00807
11	0.02645	0.01922	0.02056	0.01589	0.02137	0.02122	0.01309	0.61993	0.03259	0.04425	0.01798	0.01826	0.01289	0.00870	0.00709	0.00214	0.00761	0.00656	0.07230	0.01189
12	0.01157	0.00991	0.00975	0.00954	0.01115	0.06652	0.00669	0.01406	0.04795	0.01992	0.15785	0.10170	0.22554	0.22631	0.04661	0.00412	0.00620	0.01242	0.00596	0.00622
13	0.01943	0.74891	0.03809	0.01244	0.01866	0.02876	0.01244	0.02177	0.01477	0.01710	0.01011	0.01166	0.00933	0.00622	0.00466	0.00155	0.00777	0.00389	0.00311	0.00933
14	0.01580	0.01092	0.01261	0.03052	0.01483	0.01097	0.00848	0.11149	0.09394	0.07799	0.02981	0.17275	0.08090	0.15461	0.01323	0.00321	0.00579	0.01090	0.05946	0.08179
15	0.08876	0.01601	0.01645	0.01354	0.01812	0.07346	0.01087	0.19872	0.10921	0.21306	0.08318	0.02570	0.04880	0.00962	0.00708	0.00222	0.00667	0.00756	0.04041	0.01056
16	0.01628	0.01282	0.01441	0.01134	0.01641	0.01152	0.00901	0.10398	0.09496	0.05565	0.05724	0.02975	0.15137	0.00947	0.00671	0.00175	0.00537	0.00774	0.00588	0.37832
17	0.00904	0.00651	0.00859	0.01010	0.01072	0.00607	0.00691	0.01052	0.01447	0.01925	0.07319	0.65006	0.07643	0.02209	0.00925	0.00292	0.00426	0.04683	0.00681	0.00599
18	0.01102	0.00823	0.01044	0.01023	0.01049	0.00920	0.00692	0.01179	0.01124	0.01553	0.02280	0.12770	0.02569	0.45248	0.13575	0.00674	0.10308	0.01087	0.00446	0.00538
19	0.01059	0.00754	0.00862	0.00854	0.01073	0.00654	0.00633	0.01268	0.01713	0.06806	0.17680	0.17883	0.42564	0.01787	0.00862	0.00250	0.00390	0.01531	0.00713	0.00665
20	0.01590	0.01590	0.02226	0.01908	0.01908	0.02226	0.01590	0.01749	0.01113	0.01749	0.00954	0.01590	0.00954	0.01272	0.02385	0.00318	0.73123	0.00636	0.00318	0.00795
21	0.01669	0.34727	0.41572	0.01711	0.02589	0.02205	0.02058	0.02247	0.01510	0.02044	0.01177	0.01374	0.00926	0.00661	0.00593	0.00198	0.00945	0.00473	0.00309	0.01013
22	0.01041	0.00769	0.01119	0.01119	0.01231	0.00882	0.00847	0.01266	0.01154	0.01651	0.01992	0.03106	0.01926	0.14545	0.62628	0.01107	0.01783	0.00815	0.00396	0.00622
23	0.01994	0.01556	0.01728	0.01493	0.01889	0.01789	0.01186	0.13405	0.43589	0.07716	0.02542	0.02459	0.01907	0.01155	0.03618	0.00280	0.06568	0.00768	0.03253	0.01106
24	0.01038	0.00779	0.01168	0.01168	0.01298	0.00909	0.00909	0.01298	0.01168	0.01687	0.01947	0.02856	0.01817	0.05452	0.71573	0.01168	0.01947	0.00779	0.00389	0.00649
25	0.01716	0.01961	0.04289	0.03064	0.03799	0.01838	0.67279	0.02328	0.01716	0.02328	0.01471	0.01961	0.01103	0.00613	0.00858	0.00245	0.01225	0.00858	0.00368	0.00980
26	0.03162	0.01396	0.01785	0.01369	0.01935	0.01304	0.01131	0.16261	0.02346	0.57329	0.02644	0.02329	0.01687	0.00894	0.00730	0.00224	0.00655	0.00716	0.00865	0.01237
27	0.01143	0.00710	0.00902	0.00963	0.01039	0.00670	0.00634	0.01250	0.01366	0.07463	0.05639	0.43716	0.03942	0.25002	0.01787	0.00417	0.00525	0.01609	0.00624	0.00600
28	0.01605	0.00889	0.01060	0.00950	0.01225	0.00845	0.00735	0.02061	0.07434	0.15983	0.25319	0.04024	0.10778	0.01187	0.00724	0.00214	0.00418	0.01003	0.22724	0.00823
29	0.01038	0.00779	0.01168	0.01168	0.01298	0.00909	0.00909	0.01298	0.01168	0.01687	0.01947	0.02856	0.01817	0.05452	0.71573	0.01168	0.01947	0.00779	0.00389	0.00649
30	0.01943	0.74891	0.03809	0.01244	0.01866	0.02876	0.01244	0.02177	0.01477	0.01710	0.01011	0.01166	0.00933	0.00622	0.00466	0.00155	0.00777	0.00389	0.00311	0.00933
31	0.01022	0.00755	0.00967	0.01034	0.01155	0.00734	0.00741	0.01389	0.07241	0.02312	0.25096	0.42885	0.05226	0.01901	0.00893	0.00271	0.00420	0.04566	0.00720	0.00672
32	0.00910	0.00651	0.00868	0.01015	0.01074	0.00608	0.00694	0.01064	0.01466	0.01969	0.10272	0.65043	0.04981	0.02192	0.00924	0.00290	0.00423	0.04269	0.00687	0.00602
33	0.05412	0.02452	0.13672	0.18016	0.15968	0.21401	0.06127	0.02336	0.01672	0.02098	0.01249	0.01624	0.00987	0.00720	0.00750	0.00222	0.03429	0.00580	0.00350	0.00937
34	0.00881	0.00737	0.00767	0.00759	0.00995	0.00623	0.00569	0.01086	0.01708	0.02086	0.15374	0.06794	0.61538	0.01795	0.00859	0.00243	0.00365	0.01506	0.00691	0.00623
35	0.01875	0.06375	0.04959	0.08473	0.02224	0.07200	0.01189	0.07234	0.01747	0.08483	0.01437	0.01619	0.01115	0.00646	0.00601	0.00156	0.00713	0.00502	0.00467	0.42985
36	0.01330	0.00990	0.01129	0.01063	0.01309	0.01062	0.00815	0.02182	0.22615	0.02649	0.19096	0.03746	0.08838	0.01811	0.11246	0.00362	0.00655	0.00963	0.17318	0.00818
37	0.01812	0.01629	0.10495	0.01353	0.01739	0.01526	0.01224	0.20092	0.04596	0.03042	0.01866	0.02119	0.01442	0.00904	0.00887	0.00216	0.11644	0.00652	0.31842	0.00920
38	0.01799	0.01424	0.01686	0.06255	0.02017	0.01528	0.03243	0.17132	0.22992	0.04972	0.05006	0.05108	0.07605	0.05124	0.04096	0.00294	0.00711	0.00864	0.00638	0.07507
39	0.16234	0.15046	0.07516	0.01288	0.01787	0.03904	0.03465	0.07276	0.01625	0.02511	0.04784	0.02192	0.01566	0.04730	0.05314	0.00281	0.00788	0.03320	0.03970	0.12402
40	0.01784	0.04388	0.05724	0.10623	0.09671	0.10403	0.05634	0.04314	0.07068	0.05428	0.07278	0.04571	0.01781	0.00818	0.00693	0.00200	0.00801	0.00699	0.00482	0.17640
41	0.05639	0.10108	0.02086	0.01739	0.09608	0.07629	0.03349	0.15771	0.04372	0.02708	0.05613	0.07909	0.07049	0.00988	0.00753	0.00210	0.03343	0.00795	0.00530	0.09802
42	0.01633	0.19318	0.14780	0.01634	0.06428	0.01612	0.04594	0.02077	0.03988	0.06780	0.02139	0.12730	0.04243	0.01006	0.00686	0.00211	0.00737	0.03704	0.00470	0.11228

[dist]
# distance from previous block
# <min> <max>
11	65

[block]
# block no. 9 follows, 28 sequences, length 10
# corresponding to MSA columns:
# 897-906
name=unknown_J
#
# <colnr> <probs for GDERKNQSTAVLIFYWHMCP>
#	G	D	E	R	K	N	Q	S	T	A	V	L	I	F	Y	W	H	M	C	P
0	0.01791	0.01909	0.11992	0.10252	0.34847	0.06060	0.01920	0.02221	0.01661	0.08485	0.01913	0.08075	0.03940	0.00872	0.00736	0.00227	0.00855	0.00780	0.00437	0.01026
1	0.09176	0.05244	0.02241	0.12492	0.18313	0.15567	0.01586	0.11422	0.01878	0.02520	0.03779	0.01737	0.01243	0.00784	0.00791	0.00216	0.06081	0.00593	0.00431	0.03907
2	0.01373	0.03334	0.60822	0.01883	0.02841	0.01537	0.02385	0.02124	0.01552	0.02254	0.02159	0.02305	0.10610	0.00853	0.00714	0.00232	0.00975	0.00678	0.00359	0.01009
3	0.01837	0.08476	0.09979	0.07525	0.22903	0.04313	0.01652	0.02318	0.04669	0.11900	0.09077	0.02724	0.04839	0.00910	0.00727	0.00223	0.00774	0.03638	0.00513	0.01004
4	0.01705	0.01610	0.02577	0.17634	0.44063	0.01740	0.02006	0.02363	0.11031	0.02335	0.01557	0.01946	0.01256	0.00741	0.00803	0.00230	0.04263	0.00671	0.00404	0.01065
5	0.07184	0.01551	0.06685	0.11649	0.14466	0.01457	0.10754	0.02326	0.09738	0.08783	0.13114	0.02731	0.04594	0.00902	0.00750	0.00233	0.00761	0.00821	0.00538	0.00963
6	0.02333	0.01025	0.01347	0.01103	0.01508	0.00901	0.00884	0.02625	0.01999	0.42071	0.20623	0.03677	0.09373	0.01136	0.00761	0.00224	0.00505	0.00954	0.05952	0.00999
7	0.01052	0.00924	0.04323	0.01017	0.01208	0.00795	0.00789	0.01414	0.06804	0.02154	0.16716	0.23708	0.17714	0.12020	0.01270	0.00326	0.00497	0.05952	0.00652	0.00665
8	0.00900	0.00639	0.00839	0.00994	0.01032	0.00600	0.00655	0.01016	0.01364	0.01818	0.03862	0.68149	0.04625	0.08356	0.01161	0.00330	0.00446	0.01981	0.00655	0.00578
9	0.16411	0.23409	0.02417	0.01412	0.01961	0.05336	0.01218	0.29215	0.06829	0.03268	0.01451	0.01519	0.01119	0.00765	0.00598	0.00201	0.00757	0.00532	0.00540	0.01042

[dist]
# distance from previous block
# <min> <max>
0	1

[block]
# block no. 10 follows, 28 sequences, length 33
# corresponding to MSA columns:
# 908-940
name=unknown_K
#
# <colnr> <probs for GDERKNQSTAVLIFYWHMCP>
#	G	D	E	R	K	N	Q	S	T	A	V	L	I	F	Y	W	H	M	C	P
0	0.01491	0.03531	0.62242	0.02198	0.03229	0.01707	0.10902	0.02305	0.01558	0.02305	0.01326	0.01589	0.00944	0.00681	0.00712	0.00232	0.01094	0.00578	0.00315	0.01062
1	0.05383	0.05399	0.07736	0.11721	0.09338	0.09533	0.11288	0.02268	0.06272	0.06149	0.01814	0.11071	0.01617	0.00961	0.00857	0.00240	0.06161	0.00824	0.00451	0.00918
2	0.01943	0.74891	0.03809	0.01244	0.01866	0.02876	0.01244	0.02177	0.01477	0.01710	0.01011	0.01166	0.00933	0.00622	0.00466	0.00155	0.00777	0.00389	0.00311	0.00933
3	0.01713	0.14130	0.16242	0.01417	0.01918	0.10980	0.01352	0.10303	0.01919	0.02472	0.17503	0.02892	0.05277	0.07690	0.00974	0.00254	0.00790	0.00787	0.00512	0.00874
4	0.01000	0.00780	0.01105	0.01432	0.09840	0.00737	0.00864	0.01170	0.01445	0.01930	0.03914	0.59879	0.09069	0.02037	0.00896	0.00281	0.00474	0.01847	0.00635	0.00664
5	0.01215	0.00654	0.00947	0.00947	0.00959	0.00666	0.00632	0.00994	0.00982	0.01321	0.01460	0.02604	0.01495	0.12248	0.09242	0.61472	0.00761	0.00701	0.00339	0.00363
6	0.01345	0.03437	0.09466	0.01588	0.10039	0.01079	0.03200	0.01803	0.04303	0.05562	0.34528	0.07366	0.07780	0.01226	0.00789	0.00228	0.00557	0.01080	0.03786	0.00837
7	0.01683	0.01746	0.08573	0.21303	0.29648	0.04741	0.01923	0.05236	0.01685	0.04321	0.01726	0.08584	0.01540	0.00893	0.00746	0.00235	0.00873	0.03146	0.00420	0.00978
8	0.01044	0.00758	0.01063	0.01063	0.01157	0.00852	0.00778	0.01231	0.01137	0.01610	0.02043	0.03387	0.02048	0.24750	0.52591	0.01039	0.01600	0.00857	0.00404	0.00591
9	0.01384	0.01281	0.02142	0.61412	0.09220	0.01552	0.01956	0.01851	0.01488	0.01922	0.01531	0.02501	0.01276	0.00838	0.00752	0.00249	0.00934	0.06536	0.00357	0.00819
10	0.01590	0.01590	0.02226	0.01908	0.01908	0.02226	0.01590	0.01749	0.01113	0.01749	0.00954	0.01590	0.00954	0.01272	0.02385	0.00318	0.73123	0.00636	0.00318	0.00795
11	0.01389	0.05962	0.09726	0.01917	0.11050	0.01351	0.08082	0.01990	0.10546	0.02204	0.02758	0.18718	0.05766	0.01614	0.05971	0.00323	0.00816	0.08420	0.00525	0.00871
12	0.01590	0.01590	0.02226	0.01908	0.01908	0.02226	0.01590	0.01749	0.01113	0.01749	0.00954	0.01590	0.00954	0.01272	0.02385	0.00318	0.73123	0.00636	0.00318	0.00795
13	0.00868	0.00732	0.00752	0.00757	0.00990	0.00616	0.00564	0.01057	0.01663	0.02002	0.10038	0.10038	0.63754	0.01845	0.00862	0.00247	0.00370	0.01549	0.00681	0.00616
14	0.11859	0.01795	0.03536	0.02562	0.03238	0.01711	0.50088	0.02464	0.01703	0.11399	0.01596	0.01929	0.01154	0.00658	0.00789	0.00240	0.01061	0.00782	0.00448	0.00989
15	0.01811	0.07857	0.15361	0.02402	0.18284	0.05900	0.07751	0.09070	0.04337	0.04217	0.06713	0.02437	0.03762	0.00877	0.00783	0.00227	0.03098	0.03630	0.00468	0.01013
16	0.01029	0.00743	0.00972	0.00914	0.01086	0.00686	0.00686	0.01372	0.02058	0.02915	0.69536	0.05430	0.06859	0.01486	0.00857	0.00229	0.00343	0.01315	0.00800	0.00686
17	0.02607	0.03305	0.01982	0.01806	0.02173	0.67386	0.01355	0.02794	0.02036	0.01790	0.01489	0.01643	0.04955	0.00813	0.00667	0.00191	0.01256	0.00531	0.00392	0.00829
18	0.01785	0.02389	0.24253	0.02342	0.07794	0.01783	0.19964	0.06369	0.14251	0.05755	0.01747	0.01950	0.01291	0.00768	0.00829	0.00239	0.04250	0.00707	0.00461	0.01073
