[name]
unknown

[dist]
# distance from previous block
# <min> <max>
0	0

[block]
# block no. 0 follows, 28 sequences, length 36
# corresponding to MSA columns:
# 152-187
name=unknown_A
#
# <colnr> <probs for GDERKNQSTAVLIFYWHMCP>
#	G	D	E	R	K	N	Q	S	T	A	V	L	I	F	Y	W	H	M	C	P
0	0.01171	0.00837	0.01171	0.01339	0.01506	0.00837	0.01171	0.01506	0.01673	0.02175	0.03849	0.08199	0.04183	0.02008	0.01004	0.00335	0.00669	0.65027	0.00669	0.00669
1	0.01831	0.01899	0.02945	0.13523	0.43041	0.09665	0.12026	0.02270	0.01682	0.02227	0.01345	0.01788	0.01094	0.00665	0.00734	0.00221	0.00984	0.00659	0.00358	0.01042
2	0.00878	0.00664	0.00811	0.00928	0.01032	0.00598	0.00637	0.01022	0.01473	0.01889	0.05031	0.53531	0.24594	0.02144	0.00907	0.00280	0.00405	0.01904	0.00675	0.00598
3	0.01671	0.01404	0.02264	0.16008	0.37300	0.01446	0.01764	0.02101	0.03860	0.07844	0.02224	0.11204	0.05830	0.00970	0.00757	0.00234	0.00768	0.00890	0.00469	0.00993
4	0.01112	0.00771	0.00943	0.00883	0.01101	0.00687	0.00668	0.01402	0.01935	0.06731	0.46271	0.05734	0.25940	0.01560	0.00850	0.00234	0.00368	0.01347	0.00768	0.00697
5	0.01531	0.01453	0.02456	0.37195	0.20018	0.01680	0.07326	0.01964	0.01486	0.02060	0.01349	0.01910	0.01077	0.00773	0.00929	0.00241	0.09900	0.00665	0.05093	0.00896
6	0.01921	0.01798	0.01695	0.01528	0.01935	0.10479	0.01182	0.03743	0.60330	0.02884	0.02730	0.02538	0.02059	0.00957	0.00729	0.00239	0.00667	0.00778	0.00694	0.01112
7	0.00921	0.00660	0.00875	0.00988	0.01062	0.00614	0.00678	0.01101	0.01557	0.02118	0.20233	0.57004	0.05316	0.02081	0.00910	0.00279	0.00402	0.01880	0.00706	0.00614
8	0.06153	0.01997	0.03130	0.03177	0.27970	0.08495	0.24576	0.10840	0.01922	0.02637	0.01410	0.01768	0.01106	0.00676	0.00748	0.00224	0.01008	0.00691	0.00417	0.01054
9	0.02598	0.03083	0.02354	0.01993	0.02441	0.53420	0.09594	0.11639	0.02202	0.02229	0.01252	0.01451	0.00998	0.00749	0.00690	0.00199	0.01231	0.00542	0.00422	0.00913
10	0.01500	0.01863	0.14450	0.01613	0.02078	0.07719	0.09500	0.02300	0.16090	0.02551	0.21761	0.09869	0.03320	0.01132	0.00790	0.00237	0.00733	0.01004	0.00592	0.00899
11	0.01672	0.03018	0.49742	0.01978	0.02880	0.01543	0.08735	0.02382	0.01664	0.10827	0.07162	0.02016	0.01540	0.00775	0.00726	0.00231	0.00972	0.00657	0.00428	0.01053
12	0.01770	0.01455	0.11174	0.01561	0.07335	0.01164	0.01270	0.02228	0.05763	0.17706	0.12258	0.03644	0.02732	0.10231	0.01215	0.00301	0.04301	0.08194	0.04794	0.00904
13	0.01568	0.07997	0.53458	0.01846	0.02778	0.01695	0.02263	0.06264	0.01645	0.02433	0.01377	0.01593	0.01008	0.00697	0.00657	0.00213	0.00959	0.00537	0.05100	0.05910
14	0.00968	0.00730	0.00894	0.00876	0.01054	0.00656	0.00648	0.01245	0.01880	0.02547	0.45889	0.12816	0.23808	0.01663	0.00865	0.00240	0.00358	0.01451	0.00753	0.00656
15	0.01892	0.18703	0.30061	0.01840	0.02589	0.05515	0.05990	0.13769	0.04577	0.02548	0.01367	0.01557	0.01045	0.00749	0.00749	0.00216	0.04824	0.00559	0.00407	0.01043
16	0.00978	0.00741	0.00901	0.00861	0.01055	0.00664	0.00646	0.01273	0.01937	0.02628	0.50814	0.05901	0.25760	0.01593	0.00858	0.00234	0.00351	0.01381	0.00762	0.00664
17	0.07489	0.20343	0.28252	0.01852	0.05203	0.04767	0.07516	0.04153	0.03196	0.03940	0.01310	0.01512	0.01011	0.00674	0.00626	0.00202	0.00913	0.00528	0.00373	0.06141
18	0.14635	0.09850	0.16014	0.01420	0.02074	0.09395	0.01373	0.04255	0.01672	0.13143	0.01462	0.01561	0.01085	0.00691	0.00597	0.00187	0.00784	0.00500	0.00472	0.18830
19	0.07340	0.10244	0.19731	0.01796	0.02473	0.08930	0.07090	0.21534	0.08788	0.02993	0.01542	0.01663	0.01151	0.00764	0.00676	0.00217	0.00915	0.00594	0.00494	0.01064
20	0.01956	0.22594	0.11123	0.01554	0.02114	0.01935	0.06807	0.15036	0.01905	0.08610	0.03614	0.02129	0.03337	0.04903	0.06958	0.00315	0.02988	0.00661	0.00488	0.00973
21	0.01988	0.01651	0.01745	0.01516	0.01959	0.01892	0.01194	0.15864	0.56312	0.03331	0.02730	0.02530	0.02034	0.00965	0.00737	0.00241	0.00618	0.00790	0.00737	0.01167
22	0.00971	0.00737	0.00873	0.00841	0.01025	0.00662	0.00618	0.01229	0.01832	0.02452	0.41851	0.05931	0.28841	0.07651	0.01093	0.00274	0.00382	0.01371	0.00726	0.00640
23	0.01595	0.12528	0.22790	0.05673	0.10669	0.01577	0.01675	0.05181	0.01584	0.05944	0.01888	0.12689	0.01775	0.07249	0.03818	0.00304	0.00869	0.00832	0.00438	0.00925
24	0.02081	0.43674	0.05930	0.03978	0.07796	0.09410	0.04720	0.02435	0.03567	0.08351	0.01327	0.01480	0.01080	0.00679	0.00576	0.00183	0.00858	0.00501	0.00392	0.00981
25	0.00952	0.00688	0.00903	0.00981	0.01086	0.00639	0.00699	0.01172	0.01664	0.02269	0.28441	0.42543	0.08156	0.01953	0.00903	0.00270	0.00403	0.04927	0.00721	0.00631
26	0.01612	0.01465	0.02376	0.09170	0.43806	0.01507	0.01890	0.02123	0.05718	0.02324	0.02060	0.03419	0.01937	0.01005	0.00790	0.00249	0.00808	0.16279	0.00455	0.01006
27	0.01803	0.02317	0.13802	0.06514	0.21853	0.16229	0.12653	0.02272	0.01769	0.02270	0.09796	0.02139	0.01761	0.00779	0.00742	0.00220	0.00992	0.00709	0.00408	0.00970
28	0.01828	0.01829	0.10372	0.06665	0.41345	0.01595	0.04160	0.05874	0.01754	0.08051	0.01876	0.05664	0.04080	0.00818	0.00739	0.00226	0.00839	0.00756	0.00446	0.01083
29	0.00915	0.00726	0.00823	0.00826	0.01023	0.00633	0.00609	0.01141	0.01748	0.02246	0.26263	0.14839	0.42062	0.01785	0.00867	0.00246	0.00367	0.01532	0.00714	0.00633
30	0.08836	0.02821	0.38138	0.01952	0.02796	0.01777	0.09547	0.15875	0.01955	0.07350	0.01492	0.01658	0.01053	0.00732	0.00699	0.00229	0.00959	0.00598	0.00453	0.01082
31	0.02026	0.02040	0.16719	0.02060	0.08058	0.04896	0.13973	0.06492	0.04564	0.17753	0.09598	0.04636	0.02039	0.00885	0.00762	0.00230	0.00855	0.00802	0.00569	0.01042
32	0.01923	0.10444	0.02115	0.07157	0.09123	0.01513	0.04782	0.10387	0.01888	0.15342	0.08252	0.16320	0.02460	0.01144	0.00819	0.00235	0.03567	0.00980	0.00600	0.00950
33	0.01276	0.01129	0.01070	0.01107	0.01210	0.12339	0.00763	0.01348	0.01384	0.01683	0.02898	0.31675	0.06575	0.14269	0.07435	0.10666	0.00766	0.01313	0.00516	0.00577
34	0.01815	0.01758	0.01816	0.01665	0.10321	0.13308	0.01152	0.05362	0.01717	0.02379	0.01295	0.01522	0.01070	0.00605	0.00591	0.00140	0.00725	0.00475	0.00427	0.51857
35	0.01871	0.05330	0.17443	0.05536	0.02374	0.18167	0.04887	0.06573	0.01772	0.04125	0.09116	0.02058	0.01695	0.01020	0.01056	0.06733	0.08282	0.00657	0.00430	0.00874

[dist]
# distance from previous block
# <min> <max>
0	1

[block]
# block no. 1 follows, 28 sequences, length 17
# corresponding to MSA columns:
# 189-205
name=unknown_B
#
# <colnr> <probs for GDERKNQSTAVLIFYWHMCP>
#	G	D	E	R	K	N	Q	S	T	A	V	L	I	F	Y	W	H	M	C	P
0	0.01979	0.08816	0.09544	0.01597	0.02272	0.01520	0.11090	0.08424	0.03916	0.13304	0.01637	0.01758	0.01216	0.00676	0.00650	0.00179	0.00759	0.00582	0.00508	0.29573
1	0.02675	0.01482	0.01579	0.01300	0.01746	0.10239	0.01038	0.07854	0.04541	0.39821	0.02495	0.04537	0.01764	0.01053	0.02824	0.00243	0.00713	0.00729	0.12305	0.01062
2	0.02365	0.32066	0.04926	0.01522	0.04482	0.07945	0.01308	0.13594	0.04153	0.16409	0.03576	0.01751	0.01381	0.00771	0.00617	0.00193	0.00787	0.00565	0.00537	0.01051
3	0.01717	0.01504	0.02331	0.27260	0.30768	0.01649	0.01857	0.09401	0.04231	0.02499	0.01539	0.01962	0.01206	0.00732	0.00703	0.00222	0.00832	0.00657	0.07934	0.00996
4	0.01376	0.01386	0.02765	0.02142	0.02588	0.01301	0.37120	0.01810	0.01673	0.02272	0.11102	0.21514	0.03008	0.01248	0.00885	0.00262	0.00867	0.05339	0.00523	0.00821
5	0.01672	0.01572	0.02645	0.08371	0.56844	0.01585	0.02017	0.02096	0.01694	0.02412	0.10196	0.02278	0.01879	0.00761	0.00738	0.00219	0.00803	0.00734	0.00415	0.01069
6	0.00894	0.00639	0.00851	0.01006	0.01056	0.00596	0.00675	0.01034	0.01433	0.01921	0.08067	0.69732	0.04935	0.02228	0.00923	0.00291	0.00417	0.02020	0.00683	0.00596
7	0.00910	0.00738	0.00807	0.00790	0.01013	0.00635	0.00592	0.01142	0.01777	0.02250	0.26049	0.06525	0.50761	0.01734	0.00859	0.00240	0.00361	0.01468	0.00713	0.00635
8	0.01371	0.01226	0.01636	0.01449	0.01449	0.01600	0.01117	0.01464	0.01090	0.01609	0.01505	0.02895	0.01650	0.31414	0.02927	0.00477	0.43296	0.00810	0.00368	0.00649
9	0.02936	0.01755	0.01970	0.01760	0.08559	0.10534	0.01296	0.17936	0.02342	0.39934	0.02241	0.02092	0.01496	0.00850	0.00719	0.00218	0.00773	0.00671	0.00740	0.01178
10	0.69633	0.01487	0.01213	0.01049	0.01516	0.01711	0.00864	0.10606	0.01520	0.03432	0.01107	0.01254	0.00845	0.00700	0.00486	0.00224	0.00593	0.00427	0.00486	0.00845
11	0.01775	0.01826	0.02395	0.21853	0.33901	0.14055	0.01878	0.02168	0.01712	0.02183	0.07875	0.02099	0.01615	0.00768	0.00723	0.00219	0.00921	0.00679	0.00395	0.00960
12	0.00895	0.00738	0.00786	0.00774	0.01004	0.00629	0.00580	0.01112	0.01741	0.02162	0.20356	0.06668	0.56508	0.01767	0.00859	0.00242	0.00363	0.01488	0.00701	0.00629
13	0.00886	0.00633	0.00843	0.01012	0.01054	0.00590	0.00675	0.01012	0.01392	0.01856	0.04006	0.73979	0.04808	0.02277	0.00928	0.00295	0.00422	0.02066	0.00675	0.00590
14	0.07003	0.11519	0.02276	0.02224	0.21374	0.08950	0.01421	0.10781	0.03875	0.09696	0.08094	0.02346	0.05663	0.00867	0.00685	0.00210	0.00761	0.00705	0.00534	0.01013
15	0.01809	0.39845	0.03274	0.13561	0.06566	0.06590	0.09992	0.02149	0.01563	0.01887	0.01326	0.01893	0.01182	0.00736	0.00621	0.00198	0.00898	0.04650	0.00350	0.00908
16	0.01912	0.02662	0.34088	0.02173	0.11641	0.01759	0.02043	0.13438	0.12564	0.07945	0.01767	0.01863	0.01277	0.00778	0.00711	0.00228	0.00887	0.00631	0.00497	0.01136

[dist]
# distance from previous block
# <min> <max>
6	9

[block]
# block no. 2 follows, 28 sequences, length 26
# corresponding to MSA columns:
# 215-240
name=unknown_C
#
# <colnr> <probs for GDERKNQSTAVLIFYWHMCP>
#	G	D	E	R	K	N	Q	S	T	A	V	L	I	F	Y	W	H	M	C	P
0	0.00873	0.00680	0.00794	0.00885	0.01021	0.00601	0.00618	0.01026	0.01514	0.01905	0.05550	0.43191	0.34600	0.02077	0.00896	0.00272	0.00397	0.01822	0.00675	0.00601
1	0.01789	0.01754	0.03105	0.04300	0.62294	0.01740	0.09733	0.02242	0.01662	0.02369	0.01379	0.01818	0.01146	0.00644	0.00736	0.00219	0.00905	0.00672	0.00361	0.01132
2	0.01828	0.36667	0.31801	0.01665	0.02449	0.10294	0.01870	0.02313	0.01569	0.01968	0.01148	0.01338	0.00928	0.00666	0.00583	0.00191	0.00964	0.00460	0.00317	0.00982
3	0.42866	0.10625	0.01743	0.01320	0.01763	0.27025	0.01063	0.02418	0.01562	0.02547	0.01052	0.01226	0.00858	0.00696	0.00526	0.00203	0.00857	0.00420	0.00407	0.00824
4	0.01853	0.61687	0.16224	0.01397	0.02103	0.02656	0.01511	0.02200	0.01488	0.01820	0.01065	0.01234	0.00931	0.00635	0.00508	0.00169	0.00832	0.00416	0.00310	0.00959
5	0.01474	0.01388	0.02257	0.25053	0.35517	0.01464	0.01821	0.01871	0.01592	0.02129	0.02569	0.02905	0.15091	0.00916	0.00750	0.00230	0.00795	0.00828	0.00413	0.00934
6	0.00928	0.00688	0.00867	0.00931	0.01052	0.00626	0.00657	0.01137	0.01659	0.02226	0.26339	0.39434	0.16908	0.01938	0.00892	0.00264	0.00386	0.01723	0.00716	0.00626
7	0.01085	0.00771	0.00898	0.00848	0.01082	0.00674	0.00642	0.01343	0.01855	0.06740	0.33700	0.06037	0.38419	0.01629	0.00850	0.00237	0.00373	0.01389	0.00743	0.00684
8	0.01029	0.00743	0.00972	0.00914	0.01086	0.00686	0.00686	0.01372	0.02058	0.02915	0.69536	0.05430	0.06859	0.01486	0.00857	0.00229	0.00343	0.01315	0.00800	0.00686
9	0.01024	0.00765	0.00982	0.01105	0.01266	0.00722	0.00896	0.01273	0.01606	0.02048	0.04824	0.22463	0.21824	0.02023	0.00948	0.00302	0.00534	0.34085	0.00672	0.00637
10	0.01743	0.01181	0.01458	0.01404	0.05873	0.01208	0.01004	0.10848	0.14331	0.12302	0.24499	0.11982	0.03801	0.03907	0.00903	0.00254	0.00540	0.01094	0.00737	0.00930
11	0.02180	0.01589	0.01885	0.06079	0.02193	0.01738	0.03760	0.30063	0.16920	0.08384	0.02338	0.02842	0.01853	0.01009	0.00751	0.00237	0.00717	0.08129	0.06256	0.01075
12	0.01743	0.01682	0.02873	0.12326	0.52992	0.01727	0.06886	0.02297	0.05908	0.02352	0.01467	0.01886	0.01194	0.00676	0.00732	0.00223	0.00884	0.00674	0.00380	0.01098
13	0.14277	0.01623	0.02247	0.02193	0.15588	0.06577	0.12640	0.02626	0.06106	0.19062	0.08122	0.02255	0.01828	0.00814	0.00713	0.00226	0.00785	0.00725	0.00573	0.01020
14	0.01980	0.01295	0.01734	0.01812	0.14484	0.01243	0.01200	0.09221	0.06500	0.18779	0.16146	0.03280	0.06754	0.01037	0.00753	0.00218	0.00604	0.03336	0.00679	0.08944
15	0.01901	0.06542	0.13546	0.01467	0.01963	0.01605	0.01367	0.16818	0.01923	0.10678	0.02231	0.02528	0.07918	0.06542	0.06282	0.00328	0.09183	0.00733	0.00533	0.05914
16	0.01964	0.01624	0.02475	0.02151	0.10188	0.01627	0.17999	0.10889	0.17870	0.09637	0.06939	0.02355	0.01878	0.00824	0.00754	0.00222	0.00785	0.00780	0.00591	0.08447
17	0.02171	0.01785	0.02185	0.02213	0.18005	0.06762	0.03822	0.23252	0.04822	0.07663	0.06291	0.02033	0.01624	0.00795	0.00704	0.00201	0.00774	0.00667	0.00571	0.13659
18	0.02267	0.01807	0.10179	0.02690	0.29389	0.01539	0.01743	0.07435	0.06622	0.23375	0.01956	0.02026	0.01402	0.00766	0.00715	0.00219	0.00777	0.00666	0.00574	0.03854
19	0.03881	0.01490	0.01759	0.09808	0.08550	0.06148	0.01240	0.06643	0.08908	0.12114	0.04058	0.02543	0.08908	0.00899	0.00748	0.00206	0.03095	0.00726	0.00559	0.17715
20	0.02147	0.04672	0.07638	0.01782	0.07038	0.10617	0.07505	0.09801	0.02074	0.17735	0.16495	0.02627	0.02481	0.00920	0.00740	0.00215	0.00786	0.00782	0.00615	0.03327
21	0.02151	0.07201	0.17264	0.01930	0.07323	0.13621	0.04077	0.16923	0.06359	0.06462	0.01553	0.01678	0.01164	0.00746	0.00677	0.00204	0.00916	0.00580	0.00490	0.08682
22	0.01939	0.01641	0.06988	0.01549	0.02124	0.01434	0.08809	0.12613	0.08218	0.11942	0.06278	0.02293	0.04155	0.00837	0.00764	0.00199	0.03502	0.00704	0.00581	0.23429
23	0.02103	0.06409	0.08295	0.02085	0.09397	0.11335	0.11833	0.08398	0.13821	0.10929	0.06490	0.02186	0.01749	0.00826	0.00730	0.00222	0.00873	0.00719	0.00551	0.01048
24	0.06981	0.01954	0.09315	0.01955	0.10563	0.07247	0.06372	0.14573	0.06884	0.07774	0.04005	0.04287	0.01527	0.00811	0.00692	0.00208	0.00798	0.00678	0.00533	0.12843
25	0.02039	0.06663	0.04701	0.01914	0.07688	0.08449	0.12557	0.06176	0.11216	0.13745	0.12228	0.02505	0.02227	0.00876	0.00738	0.00218	0.00796	0.00777	0.00589	0.03896

[dist]
# distance from previous block
# <min> <max>
12	74

[block]
# block no. 3 follows, 28 sequences, length 65
# corresponding to MSA columns:
# 323-387
name=unknown_D
#
# <colnr> <probs for GDERKNQSTAVLIFYWHMCP>
#	G	D	E	R	K	N	Q	S	T	A	V	L	I	F	Y	W	H	M	C	P
0	0.03780	0.05835	0.03514	0.03832	0.08882	0.02961	0.01124	0.09098	0.01926	0.09189	0.17272	0.03032	0.08422	0.00981	0.00701	0.00199	0.00605	0.00816	0.03327	0.14504
1	0.07399	0.08278	0.11656	0.01452	0.02027	0.01621	0.02970	0.18410	0.04382	0.08785	0.07713	0.04732	0.01954	0.00926	0.00691	0.00212	0.00714	0.04131	0.00580	0.11368
2	0.06056	0.09243	0.08351	0.04300	0.06593	0.01818	0.09419	0.19494	0.05703	0.14561	0.03994	0.01967	0.01454	0.00793	0.00700	0.00217	0.00806	0.00666	0.00579	0.03287
3	0.01726	0.07221	0.17001	0.01694	0.04446	0.06211	0.06713	0.04479	0.05703	0.05972	0.01822	0.07486	0.01588	0.00869	0.00689	0.00202	0.00803	0.04118	0.00469	0.20787
4	0.02130	0.05703	0.01894	0.01432	0.01926	0.13321	0.03379	0.15990	0.07348	0.09975	0.08072	0.02406	0.06014	0.00889	0.00689	0.00194	0.00743	0.00705	0.00596	0.16593
5	0.01207	0.01012	0.01324	0.10811	0.01852	0.01057	0.01016	0.01649	0.07657	0.02161	0.10755	0.12232	0.14237	0.01864	0.09506	0.00352	0.05141	0.04490	0.00558	0.11117
6	0.02384	0.10840	0.11821	0.01754	0.02374	0.12209	0.07657	0.18525	0.08103	0.14570	0.01783	0.01816	0.01285	0.00790	0.00695	0.00214	0.00899	0.00627	0.00566	0.01089
7	0.02273	0.02182	0.05806	0.01755	0.02270	0.19170	0.09137	0.17642	0.08024	0.09615	0.01916	0.08028	0.01568	0.00911	0.00728	0.00216	0.00904	0.00754	0.00566	0.06535
8	0.04868	0.05998	0.01815	0.06510	0.02054	0.03897	0.01139	0.10831	0.09939	0.25562	0.05651	0.04609	0.01866	0.00892	0.00690	0.00209	0.00662	0.00719	0.00673	0.11416
9	0.02187	0.02567	0.32149	0.01774	0.02576	0.01651	0.04060	0.18543	0.02121	0.17883	0.01762	0.01806	0.01208	0.00769	0.00705	0.00219	0.00878	0.00613	0.00550	0.05979
10	0.02881	0.01931	0.02054	0.01593	0.02157	0.06268	0.01307	0.47937	0.03008	0.20414	0.01980	0.01895	0.01354	0.00872	0.00724	0.00218	0.00788	0.00661	0.00747	0.01212
11	0.02311	0.01325	0.01764	0.09703	0.08052	0.01310	0.01245	0.03010	0.16371	0.32437	0.02781	0.02654	0.06433	0.00917	0.00727	0.00224	0.00647	0.00769	0.00703	0.06618
12	0.00989	0.01022	0.09145	0.01116	0.01279	0.00746	0.00895	0.01189	0.01368	0.01852	0.03422	0.52790	0.04000	0.12919	0.01318	0.00350	0.00550	0.03826	0.00596	0.00628
13	0.06718	0.00844	0.01024	0.00982	0.01197	0.00782	0.00715	0.01441	0.01598	0.05951	0.22040	0.26787	0.06511	0.07204	0.03457	0.00304	0.00506	0.01328	0.00650	0.09961
14	0.01804	0.01462	0.01591	0.01430	0.01816	0.01634	0.01141	0.15310	0.40007	0.03098	0.03188	0.05964	0.06968	0.01210	0.00789	0.00255	0.00612	0.09957	0.00721	0.01044
15	0.65115	0.01374	0.01186	0.01020	0.01491	0.01524	0.00841	0.02403	0.01397	0.15997	0.01364	0.01426	0.00979	0.00717	0.00503	0.00225	0.00573	0.00458	0.00535	0.00873
16	0.01949	0.10939	0.11210	0.01698	0.02316	0.01791	0.11494	0.16053	0.10335	0.06392	0.01745	0.02021	0.01369	0.05959	0.00897	0.00240	0.00818	0.00661	0.00517	0.11594
17	0.01590	0.02907	0.40595	0.02783	0.15975	0.01735	0.19381	0.02295	0.01605	0.02323	0.01360	0.01696	0.01012	0.00662	0.00740	0.00231	0.01074	0.00641	0.00333	0.01065
18	0.01015	0.00833	0.00930	0.01073	0.01139	0.05614	0.00726	0.01146	0.01439	0.01850	0.03802	0.68833	0.04534	0.02169	0.00909	0.00288	0.00485	0.01953	0.00654	0.00608
19	0.01638	0.05164	0.48804	0.02509	0.15729	0.01774	0.04737	0.06903	0.01696	0.02462	0.01345	0.01604	0.00994	0.00691	0.00698	0.00225	0.01012	0.00574	0.00349	0.01093
20	0.01514	0.05617	0.48584	0.02222	0.07143	0.01684	0.09699	0.02286	0.03924	0.02304	0.01582	0.02169	0.01267	0.00794	0.00731	0.00237	0.01017	0.05830	0.00362	0.01033
21	0.02372	0.01785	0.01729	0.01488	0.01922	0.13927	0.01182	0.11618	0.23302	0.19853	0.06073	0.02811	0.02145	0.01007	0.00746	0.00232	0.00740	0.05287	0.00712	0.01070
22	0.00897	0.00728	0.00799	0.00825	0.01031	0.00630	0.00616	0.01099	0.01664	0.02061	0.13309	0.15970	0.50693	0.01871	0.00876	0.00255	0.00389	0.04977	0.00688	0.00621
23	0.02290	0.15987	0.02250	0.05352	0.02180	0.21328	0.01297	0.08709	0.21513	0.09183	0.01875	0.01880	0.01425	0.00819	0.00662	0.00208	0.00863	0.00608	0.00549	0.01022
24	0.06768	0.02127	0.02127	0.26484	0.03170	0.26714	0.05526	0.03894	0.01712	0.02027	0.01392	0.02080	0.01187	0.00860	0.00837	0.00233	0.06507	0.05138	0.00386	0.00829
25	0.00867	0.00704	0.00769	0.00821	0.01004	0.00606	0.00590	0.01034	0.01575	0.01930	0.06330	0.27613	0.49674	0.01975	0.00880	0.00261	0.00385	0.01698	0.00675	0.00606
26	0.01336	0.01032	0.04705	0.00984	0.01249	0.00949	0.00807	0.02029	0.14425	0.02820	0.25147	0.03568	0.03570	0.01081	0.00680	0.00207	0.00424	0.00913	0.33282	0.00791
27	0.02313	0.16386	0.25919	0.01634	0.02357	0.11540	0.01706	0.02766	0.01775	0.24261	0.01731	0.01739	0.01211	0.00754	0.00656	0.00208	0.00903	0.00562	0.00510	0.01068
28	0.01171	0.00837	0.01171	0.01339	0.01506	0.00837	0.01171	0.01506	0.01673	0.02175	0.03849	0.08199	0.04183	0.02008	0.01004	0.00335	0.00669	0.65027	0.00669	0.00669
29	0.70283	0.01314	0.01054	0.00955	0.01351	0.01512	0.00769	0.01995	0.01203	0.03024	0.01042	0.01303	0.00844	0.00895	0.00734	0.09566	0.00571	0.00422	0.00434	0.00731
30	0.01057	0.00705	0.00793	0.00793	0.00793	0.00705	0.00440	0.01057	0.01057	0.01409	0.02290	0.04757	0.02643	0.74454	0.03700	0.00705	0.00705	0.01057	0.00440	0.00440
31	0.01615	0.24101	0.32235	0.01558	0.02383	0.01845	0.01767	0.02137	0.01510	0.02145	0.01214	0.01418	0.00966	0.00629	0.00583	0.00175	0.00842	0.00465	0.00342	0.22069
32	0.01365	0.01255	0.02059	0.56737	0.08058	0.01491	0.01827	0.01817	0.01490	0.01970	0.05569	0.02173	0.01396	0.01012	0.04511	0.00282	0.00953	0.00683	0.00364	0.04988
33	0.02416	0.06605	0.25444	0.01597	0.02338	0.03953	0.01659	0.08277	0.01940	0.31649	0.01987	0.01924	0.01333	0.00786	0.00689	0.00215	0.00819	0.00613	0.00605	0.05152
34	0.01890	0.12273	0.06499	0.02041	0.07181	0.01678	0.19527	0.10205	0.01862	0.10578	0.02116	0.14664	0.01928	0.01027	0.00768	0.00235	0.00841	0.03184	0.00528	0.00974
35	0.01597	0.00869	0.01154	0.01011	0.01282	0.00783	0.00783	0.01924	0.02063	0.20082	0.52582	0.04678	0.05572	0.01337	0.00825	0.00228	0.00413	0.01166	0.00825	0.00826
36	0.01485	0.02586	0.35532	0.08493	0.13072	0.01590	0.11374	0.02163	0.03214	0.02303	0.05117	0.02258	0.05972	0.00800	0.00742	0.00233	0.00959	0.00721	0.00384	0.01001
37	0.01781	0.01556	0.05876	0.26434	0.16162	0.01508	0.13290	0.02245	0.01680	0.12969	0.05447	0.02342	0.03836	0.00796	0.00759	0.00234	0.00890	0.00758	0.00466	0.00971
38	0.03261	0.01237	0.01687	0.01293	0.01856	0.01068	0.01068	0.03543	0.02081	0.70423	0.02868	0.02474	0.01799	0.00900	0.00731	0.00225	0.00619	0.00731	0.00900	0.01237
39	0.01102	0.00787	0.01092	0.01259	0.01396	0.00777	0.01051	0.01386	0.01605	0.02098	0.03887	0.24191	0.04335	0.02074	0.00985	0.00325	0.00609	0.49720	0.00671	0.00650
40	0.01887	0.01234	0.01817	0.31050	0.05280	0.01338	0.01460	0.06324	0.04061	0.19330	0.11552	0.05190	0.02303	0.00986	0.00762	0.00239	0.00738	0.02919	0.00597	0.00935
41	0.02553	0.01069	0.01453	0.01218	0.01635	0.00940	0.00974	0.02812	0.01927	0.49365	0.07547	0.16473	0.02829	0.01258	0.00791	0.00244	0.00566	0.04458	0.00838	0.01048
42	0.03089	0.01276	0.01682	0.01315	0.01860	0.01156	0.01078	0.03581	0.09984	0.62417	0.02879	0.02502	0.01849	0.00910	0.00732	0.00227	0.00613	0.00742	0.00881	0.01227
43	0.01055	0.00711	0.00827	0.00827	0.00838	0.00723	0.00483	0.01079	0.01067	0.01435	0.02259	0.04585	0.02568	0.68230	0.09822	0.00747	0.00817	0.01032	0.00436	0.00459
44	0.07978	0.02930	0.01891	0.01734	0.02100	0.54483	0.01332	0.06135	0.02028	0.02081	0.01473	0.02143	0.01328	0.00900	0.00686	0.00209	0.01154	0.08143	0.00434	0.00839
45	0.02569	0.17008	0.02392	0.01753	0.02175	0.58516	0.01374	0.02765	0.01949	0.01766	0.01102	0.01283	0.00936	0.00725	0.00620	0.00181	0.01210	0.00453	0.00362	0.00860
46	0.01450	0.01227	0.01444	0.01057	0.01647	0.00935	0.00840	0.01776	0.01573	0.02434	0.09400	0.01973	0.01764	0.00651	0.00576	0.00122	0.00515	0.00536	0.00475	0.69605
47	0.02065	0.46298	0.13351	0.01526	0.02153	0.19979	0.01499	0.02378	0.01632	0.01816	0.01083	0.01258	0.00932	0.00664	0.00547	0.00175	0.00956	0.00431	0.00326	0.00931
48	0.01349	0.01254	0.02096	0.67684	0.04732	0.01550	0.01925	0.01823	0.01496	0.01931	0.06066	0.02182	0.01381	0.00780	0.00736	0.00241	0.00925	0.00693	0.00356	0.00799
49	0.03261	0.01237	0.01687	0.01293	0.01856	0.01068	0.01068	0.03543	0.02081	0.70423	0.02868	0.02474	0.01799	0.00900	0.00731	0.00225	0.00619	0.00731	0.00900	0.01237
50	0.01251	0.00800	0.00997	0.00915	0.01151	0.00713	0.00698	0.01547	0.01959	0.10696	0.45968	0.05473	0.22054	0.01506	0.00843	0.00232	0.00382	0.01301	0.00781	0.00733
51	0.01584	0.22285	0.53270	0.01856	0.02813	0.01998	0.02310	0.02269	0.01520	0.02148	0.01228	0.01439	0.00924	0.00673	0.00632	0.00211	0.00997	0.00498	0.00308	0.01037
52	0.01015	0.00735	0.01024	0.01054	0.01138	0.00804	0.00759	0.01191	0.01183	0.01654	0.02398	0.16157	0.02547	0.20679	0.43250	0.00904	0.01387	0.01075	0.00453	0.00591
53	0.00886	0.00633	0.00843	0.01012	0.01054	0.00590	0.00675	0.01012	0.01392	0.01856	0.04006	0.73979	0.04808	0.02277	0.00928	0.00295	0.00422	0.02066	0.00675	0.00590
54	0.01725	0.01358	0.01534	0.01426	0.01764	0.01501	0.01146	0.15689	0.30142	0.02984	0.03071	0.12411	0.02840	0.01382	0.00828	0.00270	0.00627	0.17617	0.00711	0.00976
55	0.02431	0.02368	0.05622	0.06084	0.02340	0.25666	0.01409	0.15643	0.17500	0.10800	0.01892	0.01905	0.01392	0.00841	0.00704	0.00217	0.00927	0.00631	0.00582	0.01047
56	0.74745	0.01417	0.01140	0.01015	0.01437	0.01668	0.00837	0.02113	0.01229	0.03167	0.01009	0.01206	0.00798	0.00712	0.00570	0.00231	0.05068	0.00409	0.00442	0.00788
57	0.01406	0.01491	0.05549	0.01234	0.01526	0.12600	0.01000	0.01688	0.03455	0.01965	0.03292	0.13067	0.15353	0.11352	0.01242	0.00302	0.03245	0.09718	0.00530	0.09983
58	0.01244	0.01070	0.01385	0.01111	0.01545	0.00871	0.05394	0.01535	0.01606	0.02275	0.10902	0.11859	0.17888	0.01158	0.00717	0.00185	0.00511	0.01010	0.00554	0.37179
59	0.06326	0.24640	0.05787	0.01158	0.01700	0.01587	0.01045	0.01948	0.01520	0.06937	0.02070	0.10645	0.06500	0.00913	0.00603	0.00178	0.00623	0.00721	0.00468	0.24633
60	0.05953	0.21075	0.14486	0.01484	0.02097	0.06743	0.05256	0.07845	0.01783	0.04190	0.07673	0.02192	0.06321	0.00826	0.00641	0.00195	0.00788	0.00646	0.00459	0.09348
61	0.01816	0.06475	0.06704	0.01437	0.05353	0.03692	0.01156	0.13315	0.03976	0.10876	0.20397	0.06994	0.07741	0.01119	0.00748	0.00217	0.00622	0.00935	0.00652	0.05775
62	0.08610	0.11757	0.06748	0.01523	0.02038	0.18744	0.03474	0.09389	0.03663	0.17657	0.01999	0.05746	0.03802	0.00890	0.00671	0.00212	0.00854	0.00680	0.00558	0.00986
63	0.01908	0.05465	0.10209	0.06433	0.02096	0.03598	0.01322	0.02328	0.04013	0.19595	0.06788	0.05030	0.04494	0.01058	0.00837	0.00229	0.05194	0.08019	0.00590	0.10794
64	0.12370	0.11389	0.09935	0.01283	0.01762	0.06059	0.01177	0.05476	0.01692	0.06509	0.07128	0.06744	0.06381	0.03030	0.00764	0.00231	0.00695	0.07800	0.00525	0.09048

[dist]
# distance from previous block
# <min> <max>
12	90

[block]
# block no. 4 follows, 28 sequences, length 56
# corresponding to MSA columns:
# 482-495,535-576
name=unknown_E
#
# <colnr> <probs for GDERKNQSTAVLIFYWHMCP>
#	G	D	E	R	K	N	Q	S	T	A	V	L	I	F	Y	W	H	M	C	P
0	0.00972	0.01097	0.10590	0.01088	0.01314	0.00757	0.00914	0.01202	0.01444	0.01910	0.04211	0.45068	0.17646	0.06959	0.01072	0.00304	0.00521	0.01671	0.00607	0.00653
1	0.01712	0.01588	0.02849	0.39867	0.04206	0.03986	0.24176	0.02211	0.01622	0.08449	0.01495	0.01975	0.01092	0.00705	0.00769	0.00240	0.01035	0.00720	0.00394	0.00908
2	0.02352	0.02305	0.08605	0.01797	0.02304	0.14025	0.04267	0.30040	0.10016	0.05476	0.01663	0.01775	0.01245	0.00886	0.00923	0.00231	0.09803	0.00639	0.00569	0.01078
3	0.01972	0.01982	0.02414	0.01985	0.02219	0.12334	0.08513	0.13423	0.01717	0.02308	0.01172	0.01616	0.01016	0.01056	0.01681	0.00274	0.42379	0.00638	0.00403	0.00899
4	0.01636	0.01523	0.01566	0.01161	0.01778	0.08474	0.00919	0.01944	0.01566	0.02306	0.01274	0.01486	0.01062	0.00561	0.00551	0.00116	0.00620	0.00435	0.00425	0.70596
5	0.01538	0.00851	0.01125	0.01122	0.01324	0.00797	0.00869	0.01752	0.01613	0.17214	0.06532	0.20430	0.05976	0.14399	0.01384	0.00358	0.00585	0.20706	0.00688	0.00738
6	0.01069	0.00719	0.00833	0.00851	0.00869	0.00719	0.00518	0.01105	0.01123	0.01491	0.02456	0.05123	0.02807	0.66749	0.03413	0.00665	0.00701	0.07861	0.00465	0.00465
7	0.02143	0.02735	0.17185	0.04771	0.02986	0.24706	0.22566	0.02624	0.01821	0.09367	0.01463	0.01710	0.01079	0.00709	0.00738	0.00221	0.01148	0.00641	0.00412	0.00976
8	0.01567	0.01748	0.03671	0.02659	0.03309	0.01625	0.55665	0.02105	0.01705	0.02265	0.02496	0.02837	0.13029	0.00827	0.00858	0.00245	0.01076	0.00976	0.00421	0.00917
9	0.00934	0.00701	0.00876	0.00988	0.01114	0.00643	0.00727	0.01122	0.01543	0.01989	0.07904	0.41213	0.22528	0.02075	0.00919	0.00285	0.00446	0.12697	0.00680	0.00615
10	0.01544	0.01371	0.02116	0.59539	0.04441	0.01659	0.01864	0.11004	0.01737	0.02243	0.01628	0.02138	0.04087	0.00797	0.00733	0.00239	0.00918	0.00687	0.00395	0.00859
11	0.02037	0.11367	0.03400	0.04852	0.03044	0.05112	0.34835	0.15667	0.02053	0.05524	0.01589	0.02028	0.01235	0.00739	0.00767	0.00228	0.01030	0.03014	0.00466	0.01014
12	0.01595	0.00858	0.01144	0.01084	0.01329	0.00779	0.00839	0.01861	0.01836	0.20397	0.25061	0.21921	0.07323	0.01605	0.00859	0.00258	0.00477	0.09198	0.00774	0.00803
13	0.01555	0.00888	0.01126	0.01009	0.01286	0.00810	0.00776	0.01922	0.05009	0.18600	0.36789	0.09462	0.14992	0.01433	0.00827	0.00236	0.00428	0.01239	0.00793	0.00819
14	0.01773	0.01696	0.03079	0.08490	0.03115	0.06208	0.38542	0.02226	0.01698	0.09410	0.02022	0.14505	0.01799	0.00952	0.00832	0.00248	0.01004	0.01010	0.00474	0.00916
15	0.02640	0.01829	0.02351	0.01785	0.02373	0.01921	0.10946	0.40373	0.07700	0.17418	0.02021	0.01995	0.01403	0.00848	0.00748	0.00226	0.00809	0.00712	0.00710	0.01193
16	0.02313	0.40685	0.02971	0.01545	0.02048	0.35757	0.01321	0.02524	0.01756	0.01743	0.01065	0.01235	0.00935	0.00683	0.00557	0.00171	0.01033	0.00427	0.00341	0.00890
17	0.01507	0.01292	0.01507	0.01077	0.01723	0.00969	0.00861	0.01830	0.01507	0.02369	0.01292	0.01507	0.01077	0.00538	0.00538	0.00108	0.00538	0.00431	0.00431	0.78898
18	0.02157	0.01781	0.03092	0.12671	0.03320	0.04810	0.33401	0.09479	0.01953	0.17246	0.01761	0.02017	0.01241	0.00725	0.00788	0.00235	0.01015	0.00760	0.00515	0.01032
19	0.01097	0.00881	0.01187	0.13516	0.01884	0.00904	0.01032	0.01464	0.04454	0.02152	0.12579	0.15273	0.20503	0.01671	0.00879	0.00274	0.00566	0.18364	0.00631	0.00691
20	0.00881	0.00651	0.00825	0.00964	0.01042	0.00594	0.00653	0.01018	0.01438	0.01874	0.04591	0.62321	0.16089	0.02201	0.00916	0.00287	0.00412	0.01974	0.00675	0.00594
21	0.01563	0.01471	0.02254	0.01610	0.02280	0.01202	0.18688	0.01964	0.01563	0.02358	0.01340	0.01629	0.01084	0.00558	0.00624	0.00145	0.00723	0.00545	0.00414	0.57984
22	0.01702	0.02617	0.25066	0.04779	0.03282	0.08364	0.31291	0.02297	0.01617	0.02191	0.01324	0.01723	0.01009	0.00724	0.00943	0.00243	0.08823	0.00688	0.00342	0.00972
23	0.00910	0.00710	0.00829	0.00879	0.01045	0.00629	0.00641	0.01110	0.01643	0.02100	0.16669	0.27601	0.35940	0.01924	0.00887	0.00262	0.00394	0.04511	0.00696	0.00621
24	0.00886	0.00633	0.00843	0.01012	0.01054	0.00590	0.00675	0.01012	0.01392	0.01856	0.04006	0.73979	0.04808	0.02277	0.00928	0.00295	0.00422	0.02066	0.00675	0.00590
25	0.01702	0.04741	0.30623	0.09516	0.03019	0.01686	0.13029	0.11054	0.01888	0.05048	0.08990	0.02131	0.01688	0.00799	0.00741	0.00230	0.00945	0.00707	0.00452	0.01010
26	0.01752	0.01541	0.01517	0.11816	0.02117	0.17551	0.01195	0.04166	0.01748	0.09278	0.02708	0.24829	0.02788	0.01451	0.00820	0.00259	0.00788	0.12313	0.00578	0.00786
27	0.00900	0.00739	0.00799	0.00828	0.01047	0.00638	0.00632	0.01102	0.01652	0.02012	0.08944	0.12321	0.55342	0.01880	0.00880	0.00258	0.00404	0.08321	0.00679	0.00620
28	0.72427	0.01390	0.01126	0.00988	0.01448	0.01578	0.00814	0.02269	0.01316	0.09563	0.01186	0.01302	0.00882	0.00696	0.00476	0.00225	0.00568	0.00425	0.00492	0.00829
29	0.01846	0.02140	0.12528	0.16222	0.03531	0.06647	0.29326	0.07909	0.04828	0.05540	0.01542	0.01891	0.01133	0.00707	0.00773	0.00235	0.01067	0.00720	0.00422	0.00991
30	0.02100	0.02021	0.08588	0.01778	0.02339	0.04105	0.08410	0.23929	0.32231	0.03351	0.02199	0.02168	0.01624	0.00875	0.00741	0.00234	0.00786	0.00734	0.00644	0.01143
31	0.02449	0.21101	0.02506	0.01719	0.02130	0.49872	0.01377	0.02646	0.01852	0.01760	0.01084	0.01293	0.00937	0.00752	0.00723	0.00188	0.05936	0.00460	0.00355	0.00862
32	0.01507	0.01292	0.01507	0.01077	0.01723	0.00969	0.00861	0.01830	0.01507	0.02369	0.01292	0.01507	0.01077	0.00538	0.00538	0.00108	0.00538	0.00431	0.00431	0.78898
33	0.10289	0.08267	0.28578	0.01851	0.02627	0.01858	0.09889	0.16482	0.01979	0.09245	0.01513	0.01654	0.01081	0.00733	0.00680	0.00223	0.00913	0.00593	0.00476	0.01071
34	0.00932	0.00678	0.00857	0.00981	0.01062	0.00633	0.00683	0.01074	0.01422	0.01855	0.04285	0.49281	0.13980	0.10422	0.01242	0.00339	0.00473	0.08569	0.00647	0.00585
35	0.01109	0.00689	0.00923	0.01039	0.01129	0.00635	0.00712	0.01250	0.01456	0.08289	0.03900	0.67270	0.04525	0.02148	0.00909	0.00289	0.00440	0.01941	0.00696	0.00651
36	0.01665	0.02501	0.25175	0.04600	0.03469	0.01821	0.38902	0.05207	0.01699	0.02381	0.01401	0.01798	0.01040	0.00683	0.00865	0.00242	0.04449	0.00730	0.00361	0.01008
37	0.01659	0.01074	0.01292	0.01268	0.03617	0.03220	0.00894	0.06316	0.07829	0.14458	0.02859	0.25378	0.02851	0.14718	0.08740	0.00430	0.00749	0.01207	0.00634	0.00808
38	0.00859	0.00736	0.00736	0.00736	0.00982	0.00614	0.00552	0.01043	0.01657	0.01964	0.07364	0.06996	0.69624	0.01841	0.00859	0.00245	0.00368	0.01534	0.00675	0.00614
39	0.01568	0.01585	0.08918	0.13776	0.02374	0.01500	0.01341	0.10350	0.23916	0.02718	0.07710	0.03379	0.15613	0.01101	0.00763	0.00239	0.00667	0.00917	0.00611	0.00954
40	0.01691	0.05365	0.36491	0.02408	0.03271	0.08338	0.27395	0.02364	0.01652	0.02244	0.01342	0.01666	0.00993	0.00664	0.00744	0.00229	0.01145	0.00649	0.00337	0.01012
41	0.02278	0.02745	0.02114	0.11624	0.02551	0.46346	0.01531	0.02500	0.01764	0.01783	0.01109	0.01460	0.00945	0.00864	0.01054	0.00224	0.17398	0.00530	0.00355	0.00827
42	0.01684	0.01860	0.03868	0.02763	0.03485	0.01707	0.57232	0.02253	0.01684	0.02335	0.01444	0.01892	0.01099	0.00601	0.00810	0.00224	0.01122	0.00793	0.00377	0.12767
43	0.07406	0.34250	0.15887	0.01644	0.02320	0.09485	0.08507	0.02418	0.01614	0.08449	0.01301	0.01459	0.01020	0.00677	0.00594	0.00194	0.00907	0.00507	0.00388	0.00974
44	0.01717	0.03013	0.51613	0.01817	0.02709	0.01477	0.02200	0.02413	0.01683	0.13878	0.08825	0.02108	0.01701	0.00811	0.00715	0.00229	0.00919	0.00653	0.00460	0.01060
45	0.01057	0.00705	0.00793	0.00793	0.00793	0.00705	0.00440	0.01057	0.01057	0.01409	0.02290	0.04757	0.02643	0.74454	0.03700	0.00705	0.00705	0.01057	0.00440	0.00440
46	0.01149	0.00859	0.01037	0.01080	0.01266	0.00833	0.00830	0.08217	0.01768	0.02292	0.07535	0.31263	0.21076	0.01920	0.00903	0.00280	0.00500	0.15819	0.00685	0.00687
47	0.01759	0.06677	0.24310	0.15474	0.03445	0.08582	0.19727	0.07191	0.01758	0.02314	0.01346	0.01699	0.01005	0.00692	0.00729	0.00227	0.01081	0.00638	0.00365	0.00981
48	0.01636	0.00877	0.01167	0.01157	0.01408	0.00803	0.00922	0.01877	0.01703	0.21193	0.04047	0.25665	0.11655	0.01756	0.00888	0.00282	0.00546	0.20884	0.00736	0.00799
49	0.00923	0.00679	0.00874	0.01016	0.01109	0.00630	0.00728	0.01089	0.01475	0.01920	0.04518	0.53679	0.15044	0.02168	0.00928	0.00293	0.00449	0.11196	0.00674	0.00606
50	0.02065	0.02290	0.12632	0.05339	0.02814	0.15075	0.21089	0.10103	0.01953	0.09661	0.01790	0.08559	0.01475	0.00873	0.00766	0.00231	0.01018	0.00802	0.00486	0.00981
51	0.02373	0.02128	0.08130	0.12087	0.02679	0.10862	0.03199	0.33177	0.02542	0.09623	0.01911	0.02009	0.04252	0.00859	0.00724	0.00221	0.00889	0.00671	0.00590	0.01074
52	0.24105	0.08612	0.01617	0.01236	0.01638	0.01595	0.01027	0.09616	0.11440	0.04908	0.01914	0.02560	0.01647	0.01712	0.12976	0.00391	0.00866	0.07439	0.00536	0.04166
53	0.12803	0.21018	0.02616	0.01536	0.02122	0.01749	0.13569	0.02531	0.01690	0.21878	0.04534	0.01900	0.01454	0.00737	0.00636	0.00201	0.00750	0.00619	0.00540	0.07117
54	0.14742	0.04360	0.08053	0.04693	0.02175	0.12081	0.03131	0.12150	0.05963	0.16337	0.01815	0.04796	0.01380	0.00840	0.00665	0.00217	0.00804	0.00645	0.00570	0.04585
55	0.12473	0.16854	0.10250	0.01500	0.02059	0.04110	0.08264	0.04547	0.03305	0.11798	0.07842	0.05503	0.01913	0.00892	0.00667	0.00215	0.00755	0.02793	0.00520	0.03738

[dist]
# distance from previous block
# <min> <max>
2	31

[block]
# block no. 5 follows, 28 sequences, length 54
# corresponding to MSA columns:
# 608-661
name=unknown_F
#
# <colnr> <probs for GDERKNQSTAVLIFYWHMCP>
#	G	D	E	R	K	N	Q	S	T	A	V	L	I	F	Y	W	H	M	C	P
0	0.06682	0.07367	0.13898	0.01314	0.01737	0.13330	0.01191	0.01863	0.01557	0.02078	0.08801	0.06169	0.04886	0.16058	0.01301	0.00311	0.00794	0.02839	0.00459	0.07366
1	0.06566	0.07015	0.04524	0.10796	0.02132	0.08169	0.01180	0.06103	0.03332	0.06079	0.01863	0.05450	0.03776	0.08436	0.06237	0.00322	0.02672	0.00706	0.00466	0.14176
2	0.25405	0.04413	0.02039	0.01635	0.02070	0.18163	0.10792	0.05039	0.01693	0.08325	0.01555	0.04370	0.01322	0.00879	0.00770	0.00231	0.05645	0.04298	0.00477	0.00877
3	0.12486	0.01243	0.01546	0.01229	0.01711	0.01149	0.06575	0.02176	0.08447	0.11622	0.08468	0.03030	0.13556	0.00962	0.00682	0.00200	0.00570	0.00807	0.00595	0.22943
4	0.17170	0.01775	0.01864	0.01512	0.02007	0.13629	0.09956	0.02535	0.12224	0.07943	0.02134	0.02202	0.07036	0.00822	0.00659	0.00206	0.00768	0.00667	0.00523	0.14366
5	0.01294	0.01305	0.08168	0.01124	0.01481	0.01104	0.00964	0.06668	0.15365	0.02517	0.14924	0.04769	0.28908	0.06954	0.01024	0.00274	0.00535	0.01153	0.00657	0.00813
6	0.01125	0.00869	0.00967	0.00913	0.01169	0.00816	0.00694	0.01620	0.11025	0.04770	0.25864	0.05764	0.38544	0.01581	0.00838	0.00240	0.00398	0.01340	0.00730	0.00732
7	0.01828	0.01748	0.02970	0.09431	0.03075	0.01823	0.30243	0.14042	0.08550	0.02690	0.01617	0.01972	0.01239	0.00945	0.03707	0.00273	0.06496	0.00748	0.00466	0.06137
8	0.00929	0.00663	0.00893	0.01061	0.01123	0.00628	0.00750	0.01087	0.01434	0.01904	0.03983	0.64040	0.04713	0.02237	0.00939	0.00301	0.00459	0.11580	0.00674	0.00602
9	0.02045	0.01930	0.01761	0.01563	0.01983	0.13865	0.01214	0.09080	0.51620	0.02954	0.02540	0.02389	0.01915	0.00936	0.00724	0.00234	0.00721	0.00747	0.00676	0.01105
10	0.01692	0.02613	0.34966	0.02033	0.02895	0.01522	0.17287	0.02326	0.01621	0.08519	0.01483	0.01714	0.01075	0.00661	0.00703	0.00209	0.00960	0.00608	0.00400	0.16710
11	0.01970	0.11822	0.21828	0.01955	0.05300	0.06360	0.12058	0.09279	0.01912	0.10667	0.08261	0.02070	0.01687	0.00794	0.00712	0.00217	0.00911	0.00681	0.00488	0.01027
12	0.01477	0.06557	0.68058	0.02039	0.03096	0.01735	0.02629	0.02297	0.01532	0.02279	0.01293	0.01520	0.00921	0.00688	0.00682	0.00227	0.01063	0.00531	0.00307	0.01069
13	0.01371	0.00884	0.01184	0.01249	0.01463	0.00859	0.01053	0.03721	0.01771	0.08881	0.08424	0.12525	0.08486	0.01839	0.00943	0.00304	0.00606	0.43002	0.00703	0.00733
14	0.01916	0.09144	0.47084	0.01861	0.02769	0.01654	0.04478	0.02573	0.01660	0.17656	0.01639	0.01731	0.01127	0.00729	0.00687	0.00223	0.00951	0.00580	0.00443	0.01096
15	0.02801	0.01627	0.01877	0.01453	0.02000	0.01670	0.01196	0.37761	0.02766	0.29520	0.02623	0.02443	0.06914	0.00960	0.00739	0.00223	0.00696	0.00754	0.00789	0.01187
16	0.00946	0.00724	0.00867	0.00865	0.01044	0.00645	0.00636	0.01199	0.01812	0.02412	0.37205	0.16353	0.29192	0.01734	0.00869	0.00245	0.00364	0.01507	0.00736	0.00645
17	0.08190	0.02454	0.26743	0.14176	0.07800	0.04087	0.18866	0.02213	0.01551	0.02280	0.01304	0.01694	0.00981	0.00698	0.00789	0.00237	0.03991	0.00634	0.00344	0.00967
18	0.01446	0.01367	0.02313	0.60943	0.16196	0.01634	0.02055	0.01922	0.01488	0.01946	0.01305	0.01914	0.01000	0.00713	0.00726	0.00238	0.00951	0.00646	0.00329	0.00867
19	0.00886	0.00633	0.00843	0.01012	0.01054	0.00590	0.00675	0.01012	0.01392	0.01856	0.04006	0.73979	0.04808	0.02277	0.00928	0.00295	0.00422	0.02066	0.00675	0.00590
20	0.01506	0.03117	0.51200	0.02084	0.02998	0.01632	0.12624	0.02325	0.04563	0.02374	0.01495	0.01754	0.01087	0.00705	0.00704	0.00228	0.01014	0.00612	0.06950	0.01029
21	0.24743	0.01938	0.14464	0.01428	0.02058	0.01617	0.01360	0.17570	0.02043	0.23352	0.01786	0.01761	0.01216	0.00790	0.00642	0.00224	0.00729	0.00580	0.00621	0.01077
22	0.00897	0.00641	0.00857	0.01025	0.01073	0.00600	0.00695	0.01032	0.01403	0.01869	0.04000	0.71312	0.04782	0.02266	0.00931	0.00297	0.00432	0.04620	0.00675	0.00594
23	0.79588	0.01406	0.01068	0.00956	0.01406	0.01631	0.00787	0.02137	0.01237	0.03261	0.01012	0.01181	0.00787	0.00675	0.00450	0.00225	0.00562	0.00394	0.00450	0.00787
24	0.01057	0.00705	0.00793	0.00793	0.00793	0.00705	0.00440	0.01057	0.01057	0.01409	0.02290	0.04757	0.02643	0.74454	0.03700	0.00705	0.00705	0.01057	0.00440	0.00440
25	0.02034	0.01862	0.08814	0.01441	0.02094	0.01610	0.01274	0.29060	0.05300	0.03305	0.01555	0.01662	0.01178	0.00712	0.00641	0.00172	0.00702	0.00551	0.00554	0.35481
26	0.01490	0.01394	0.02259	0.53713	0.15879	0.01654	0.01967	0.02125	0.08304	0.02067	0.01474	0.01993	0.01127	0.00739	0.00727	0.00238	0.00911	0.00664	0.00372	0.00902
27	0.01809	0.08201	0.09119	0.01653	0.02094	0.12726	0.04106	0.02120	0.01520	0.04430	0.01325	0.01826	0.01157	0.00883	0.01129	0.00216	0.21285	0.03420	0.00392	0.20589
28	0.02166	0.01236	0.02038	0.08810	0.02352	0.01158	0.14031	0.02507	0.01812	0.32577	0.07023	0.16200	0.02486	0.01128	0.00801	0.00244	0.00717	0.01041	0.00687	0.00983
29	0.02013	0.00947	0.01246	0.01052	0.01389	0.00848	0.00831	0.02329	0.02013	0.31639	0.34331	0.03895	0.04197	0.01171	0.00768	0.00221	0.00460	0.01001	0.08728	0.00920
30	0.01031	0.00736	0.00885	0.00889	0.01074	0.00653	0.00651	0.01259	0.01747	0.05322	0.27423	0.22596	0.29504	0.01785	0.00870	0.00251	0.00384	0.01554	0.00727	0.00660
31	0.01480	0.03608	0.65070	0.02156	0.03201	0.01701	0.08150	0.02304	0.01550	0.02304	0.01319	0.01571	0.00936	0.00684	0.00705	0.00231	0.01087	0.00564	0.00312	0.01066
32	0.03261	0.01237	0.01687	0.01293	0.01856	0.01068	0.01068	0.03543	0.02081	0.70423	0.02868	0.02474	0.01799	0.00900	0.00731	0.00225	0.00619	0.00731	0.00900	0.01237
33	0.01046	0.00747	0.01006	0.01006	0.01079	0.00820	0.00706	0.01194	0.01120	0.01567	0.02096	0.03679	0.02175	0.35321	0.42193	0.00968	0.01409	0.00899	0.00412	0.00559
34	0.00880	0.00655	0.00820	0.00952	0.01039	0.00595	0.00648	0.01019	0.01449	0.01879	0.04735	0.59437	0.18880	0.02183	0.00913	0.00284	0.00410	0.01951	0.00675	0.00595
35	0.02656	0.01108	0.01464	0.01167	0.01640	0.00958	0.00948	0.02928	0.02011	0.52769	0.10344	0.03488	0.13014	0.01108	0.00764	0.00229	0.00551	0.00917	0.00854	0.01083
