[name]
unknown

[dist]
# distance from previous block
# <min> <max>
6	120

[block]
# block no. 0 follows, 24 sequences, length 18
# corresponding to MSA columns:
# 380-397
name=unknown_A
#
# <colnr> <probs for GDERKNQSTAVLIFYWHMCP>
#	G	D	E	R	K	N	Q	S	T	A	V	L	I	F	Y	W	H	M	C	P
0	0.04668	0.00905	0.01075	0.04364	0.01447	0.00850	0.00806	0.01764	0.01744	0.12381	0.04714	0.23104	0.22726	0.01680	0.00844	0.00264	0.00495	0.01437	0.13933	0.00797
1	0.01846	0.13743	0.09236	0.01360	0.01809	0.01563	0.01219	0.11060	0.01963	0.08931	0.05937	0.15143	0.05601	0.06907	0.05079	0.00344	0.00796	0.01057	0.05465	0.00942
2	0.02084	0.01419	0.01454	0.01313	0.01607	0.09403	0.00970	0.09172	0.02009	0.17535	0.06335	0.21668	0.05074	0.14538	0.01452	0.00357	0.00726	0.01267	0.00719	0.00897
3	0.02013	0.05529	0.02002	0.11699	0.02368	0.01409	0.06665	0.08362	0.01955	0.16642	0.09160	0.06117	0.04902	0.15954	0.01497	0.00359	0.00790	0.00994	0.00645	0.00939
4	0.04533	0.01046	0.01262	0.01179	0.01438	0.01034	0.00879	0.09461	0.01904	0.12747	0.06018	0.25297	0.09830	0.06216	0.05528	0.04329	0.00673	0.01368	0.04420	0.00839
5	0.02400	0.01495	0.01749	0.01390	0.01926	0.01451	0.01123	0.18873	0.06856	0.20636	0.06059	0.03102	0.09959	0.01323	0.04308	0.00278	0.00735	0.00865	0.00764	0.14707
6	0.01757	0.04541	0.01542	0.01347	0.04832	0.01240	0.00977	0.06201	0.09793	0.08930	0.13267	0.08646	0.06391	0.06565	0.01016	0.00268	0.00577	0.01023	0.11710	0.09376
7	0.18774	0.01595	0.06079	0.05098	0.13906	0.01487	0.04614	0.06348	0.01850	0.02923	0.10430	0.07281	0.10595	0.01118	0.00768	0.00247	0.00717	0.00946	0.00565	0.04659
8	0.05083	0.07564	0.06764	0.10516	0.12579	0.01578	0.01558	0.04881	0.04411	0.20112	0.06189	0.10918	0.02279	0.01090	0.00791	0.00251	0.00772	0.00929	0.00643	0.01091
9	0.23819	0.01539	0.01785	0.06117	0.10021	0.01665	0.01273	0.15123	0.02038	0.11523	0.01851	0.02178	0.01431	0.04742	0.04906	0.00326	0.00820	0.00674	0.07133	0.01033
10	0.01735	0.01486	0.02330	0.18874	0.29217	0.01581	0.01880	0.06088	0.01881	0.02643	0.04531	0.03274	0.02023	0.01018	0.00813	0.00256	0.00849	0.09650	0.08850	0.01021
11	0.02230	0.63948	0.03937	0.01414	0.02087	0.03054	0.01375	0.10024	0.01872	0.02251	0.01201	0.01350	0.01058	0.00712	0.00544	0.00178	0.00851	0.00460	0.00395	0.01058
12	0.01433	0.00902	0.01299	0.01246	0.01430	0.00988	0.00956	0.01688	0.01383	0.09915	0.02289	0.03294	0.02080	0.12686	0.53385	0.01092	0.01795	0.00877	0.00499	0.00762
13	0.01133	0.00850	0.01274	0.01274	0.01416	0.00991	0.00991	0.01416	0.01274	0.01841	0.02124	0.03115	0.01982	0.05947	0.68989	0.01274	0.02124	0.00850	0.00425	0.00708
14	0.02053	0.10546	0.03057	0.19086	0.30581	0.02116	0.04886	0.13206	0.02070	0.02789	0.01502	0.01911	0.01194	0.00764	0.00761	0.00236	0.00963	0.00683	0.00447	0.01147
15	0.01053	0.00847	0.01111	0.11042	0.01755	0.00828	0.00907	0.01298	0.01712	0.02205	0.12818	0.32461	0.25103	0.01976	0.00946	0.00287	0.00517	0.01738	0.00697	0.00700
16	0.00966	0.00690	0.00920	0.01104	0.01150	0.00644	0.00736	0.01104	0.01518	0.02024	0.04371	0.71614	0.05245	0.02484	0.01012	0.00322	0.00460	0.02254	0.00736	0.00644
17	0.77733	0.01534	0.01166	0.01043	0.01534	0.01779	0.00859	0.02331	0.01350	0.03558	0.01104	0.01288	0.00859	0.00736	0.00491	0.00245	0.00613	0.00429	0.00491	0.00859

[dist]
# distance from previous block
# <min> <max>
0	12

[block]
# block no. 1 follows, 24 sequences, length 51
# corresponding to MSA columns:
# 410-423,426-462
name=unknown_B
#
# <colnr> <probs for GDERKNQSTAVLIFYWHMCP>
#	G	D	E	R	K	N	Q	S	T	A	V	L	I	F	Y	W	H	M	C	P
0	0.03558	0.01350	0.01840	0.01411	0.02024	0.01166	0.01166	0.03865	0.02270	0.67734	0.03128	0.02699	0.01963	0.00981	0.00797	0.00245	0.00675	0.00797	0.00981	0.01350
1	0.01136	0.00838	0.01215	0.01215	0.01336	0.00959	0.00917	0.01378	0.01257	0.01797	0.02178	0.03415	0.02112	0.15504	0.59610	0.01201	0.01928	0.00893	0.00433	0.00675
2	0.01498	0.01409	0.02378	0.70226	0.05462	0.01762	0.02202	0.02026	0.01586	0.02026	0.01409	0.02114	0.01057	0.00793	0.00793	0.00264	0.01057	0.00705	0.00352	0.00881
3	0.01874	0.01749	0.02926	0.04158	0.52801	0.01749	0.04552	0.05179	0.01860	0.02626	0.01904	0.11359	0.01796	0.00956	0.00822	0.00249	0.00889	0.00924	0.00458	0.01171
4	0.01232	0.01008	0.01533	0.02108	0.18757	0.00975	0.01189	0.01459	0.01595	0.02175	0.03603	0.53043	0.04181	0.02010	0.00952	0.00299	0.00589	0.01842	0.00644	0.00807
5	0.03211	0.01469	0.01870	0.01452	0.02028	0.01380	0.01192	0.15612	0.02555	0.49003	0.09140	0.02859	0.02384	0.01039	0.00810	0.00244	0.00684	0.00844	0.00934	0.01290
6	0.01720	0.01602	0.02682	0.10547	0.48081	0.01627	0.02076	0.02131	0.01727	0.02423	0.02052	0.15730	0.02024	0.01066	0.00831	0.00255	0.00858	0.01012	0.00456	0.01098
7	0.01773	0.02201	0.14895	0.03657	0.35896	0.01762	0.14189	0.02341	0.01814	0.02585	0.06408	0.05295	0.01832	0.00853	0.00829	0.00249	0.00996	0.00850	0.00434	0.01141
8	0.01071	0.00785	0.01121	0.01214	0.01318	0.00835	0.00902	0.01298	0.01420	0.01959	0.03249	0.33198	0.03584	0.04173	0.34588	0.00796	0.01302	0.05925	0.00582	0.00682
9	0.01735	0.01735	0.02429	0.02082	0.02082	0.02429	0.01735	0.01908	0.01214	0.01908	0.01041	0.01735	0.01041	0.01388	0.02602	0.00347	0.70680	0.00694	0.00347	0.00867
10	0.01644	0.01409	0.01644	0.01175	0.01879	0.01057	0.00940	0.01997	0.01644	0.02584	0.01409	0.01644	0.01175	0.00587	0.00587	0.00117	0.00587	0.00470	0.00470	0.76979
11	0.02120	0.72609	0.04155	0.01357	0.02035	0.03138	0.01357	0.02374	0.01611	0.01866	0.01102	0.01272	0.01018	0.00678	0.00509	0.00170	0.00848	0.00424	0.00339	0.01018
12	0.01482	0.01140	0.01561	0.01814	0.14332	0.01104	0.01131	0.02026	0.08327	0.06649	0.34153	0.04948	0.15333	0.01414	0.00885	0.00251	0.00533	0.01241	0.00755	0.00920
13	0.03111	0.02480	0.02081	0.01761	0.02222	0.31769	0.01386	0.03358	0.02156	0.31681	0.02068	0.02034	0.01449	0.00948	0.00938	0.00237	0.07894	0.00658	0.00662	0.01109
14	0.01739	0.01406	0.01654	0.01186	0.01886	0.01062	0.00951	0.02089	0.01675	0.05793	0.01494	0.01696	0.01213	0.00607	0.00598	0.00124	0.00592	0.00486	0.00495	0.73254
15	0.41379	0.18322	0.13374	0.01353	0.02014	0.02054	0.01353	0.02494	0.01539	0.08083	0.01319	0.01463	0.01008	0.00745	0.00564	0.00229	0.00768	0.00484	0.00468	0.00988
16	0.02315	0.02313	0.05497	0.03770	0.43124	0.13613	0.02133	0.09273	0.02106	0.06012	0.01569	0.01889	0.01250	0.00768	0.00773	0.00231	0.01016	0.00673	0.00465	0.01209
17	0.01724	0.06456	0.46053	0.02991	0.22223	0.01911	0.02714	0.02482	0.01710	0.02506	0.01429	0.01742	0.01079	0.00736	0.00752	0.00243	0.01090	0.00615	0.00352	0.01190
18	0.01795	0.09296	0.34890	0.03282	0.30278	0.01976	0.02579	0.02466	0.01724	0.02487	0.01423	0.01760	0.01112	0.00727	0.00745	0.00237	0.01046	0.00622	0.00360	0.01194
19	0.01921	0.15351	0.26084	0.06192	0.20146	0.02059	0.08409	0.02524	0.01747	0.06178	0.01500	0.01805	0.01151	0.00734	0.00740	0.00234	0.01035	0.00641	0.00396	0.01152
20	0.01153	0.00769	0.00865	0.00865	0.00865	0.00769	0.00480	0.01153	0.01153	0.01538	0.02499	0.05189	0.02883	0.72131	0.04036	0.00769	0.00769	0.01153	0.00480	0.00480
21	0.01551	0.01020	0.01418	0.01641	0.09467	0.00954	0.01126	0.01843	0.01849	0.11780	0.09022	0.20194	0.15349	0.01823	0.00956	0.00297	0.00605	0.17511	0.00738	0.00856
22	0.01779	0.22616	0.43027	0.02314	0.10425	0.02202	0.02441	0.02465	0.01672	0.02344	0.01343	0.01597	0.01037	0.00727	0.00690	0.00227	0.01057	0.00556	0.00343	0.01139
23	0.01008	0.00799	0.00906	0.00894	0.01118	0.00697	0.00665	0.01270	0.01955	0.02524	0.29838	0.10703	0.41029	0.01891	0.00941	0.00264	0.00395	0.01617	0.00788	0.00697
24	0.03178	0.01752	0.01912	0.01536	0.02095	0.09651	0.01239	0.09828	0.09096	0.44334	0.05025	0.02605	0.02029	0.00991	0.00793	0.00242	0.00771	0.00787	0.00870	0.01266
25	0.02389	0.02943	0.07159	0.12447	0.11679	0.36861	0.01822	0.02979	0.09811	0.02251	0.01548	0.01808	0.01228	0.00826	0.00750	0.00229	0.01192	0.00619	0.00441	0.01019
26	0.03558	0.01350	0.01840	0.01411	0.02024	0.01166	0.01166	0.03865	0.02270	0.67734	0.03128	0.02699	0.01963	0.00981	0.00797	0.00245	0.00675	0.00797	0.00981	0.01350
27	0.01244	0.01013	0.01487	0.01423	0.01539	0.01257	0.01128	0.01507	0.01263	0.01853	0.01924	0.02860	0.01809	0.05106	0.56736	0.01103	0.14777	0.00821	0.00410	0.00737
28	0.01629	0.09119	0.63346	0.02194	0.03330	0.01937	0.02815	0.02501	0.01670	0.02464	0.01400	0.01645	0.01005	0.00748	0.00735	0.00245	0.01148	0.00574	0.00335	0.01161
29	0.01330	0.01033	0.01239	0.01170	0.01412	0.01059	0.00880	0.02171	0.18846	0.03102	0.43953	0.11600	0.05933	0.01563	0.00909	0.00262	0.00449	0.01374	0.00842	0.00871
30	0.00966	0.00690	0.00920	0.01104	0.01150	0.00644	0.00736	0.01104	0.01518	0.02024	0.04371	0.71614	0.05245	0.02484	0.01012	0.00322	0.00460	0.02254	0.00736	0.00644
31	0.02234	0.01831	0.02481	0.07815	0.26106	0.01943	0.01779	0.28013	0.02634	0.03593	0.08894	0.02601	0.04584	0.00965	0.00811	0.00241	0.00839	0.00826	0.00621	0.01189
32	0.02342	0.54464	0.03652	0.01538	0.02145	0.20486	0.01403	0.02583	0.01779	0.01885	0.01135	0.01314	0.01019	0.00715	0.00563	0.00179	0.01001	0.00447	0.00357	0.00992
33	0.02034	0.01751	0.09448	0.01373	0.02113	0.01233	0.01237	0.05322	0.01854	0.13992	0.01733	0.01843	0.01300	0.00692	0.00653	0.00161	0.00684	0.00552	0.00558	0.51468
34	0.01803	0.03897	0.58115	0.02205	0.03285	0.05284	0.02717	0.08776	0.01909	0.02732	0.01461	0.01685	0.01040	0.00777	0.00755	0.00247	0.01155	0.00595	0.00385	0.01177
35	0.01987	0.01974	0.06200	0.03565	0.36250	0.01905	0.10480	0.08750	0.11388	0.02895	0.01944	0.05621	0.01618	0.00872	0.00819	0.00250	0.00929	0.00838	0.00508	0.01205
36	0.01498	0.01409	0.02378	0.70226	0.05462	0.01762	0.02202	0.02026	0.01586	0.02026	0.01409	0.02114	0.01057	0.00793	0.00793	0.00264	0.01057	0.00705	0.00352	0.00881
37	0.01964	0.01930	0.03479	0.11198	0.38081	0.01947	0.19780	0.06968	0.01942	0.02692	0.01545	0.02024	0.01227	0.00723	0.00829	0.00248	0.01061	0.00772	0.00420	0.01170
38	0.01582	0.01439	0.02318	0.14558	0.27375	0.01492	0.04724	0.02101	0.05453	0.02402	0.02858	0.11047	0.07871	0.01263	0.00878	0.00275	0.00832	0.10015	0.00527	0.00989
39	0.01133	0.00850	0.01274	0.01274	0.01416	0.00991	0.00991	0.01416	0.01274	0.01841	0.02124	0.03115	0.01982	0.05947	0.68989	0.01274	0.02124	0.00850	0.00425	0.00708
40	0.02120	0.72609	0.04155	0.01357	0.02035	0.03138	0.01357	0.02374	0.01611	0.01866	0.01102	0.01272	0.01018	0.00678	0.00509	0.00170	0.00848	0.00424	0.00339	0.01018
41	0.01870	0.01540	0.08349	0.09838	0.05765	0.01347	0.04234	0.02508	0.08756	0.14365	0.03061	0.07951	0.02820	0.01419	0.00914	0.00297	0.00814	0.22482	0.00670	0.00998
42	0.01177	0.00864	0.01155	0.01135	0.01204	0.00973	0.00802	0.01325	0.01216	0.01707	0.02232	0.03979	0.02338	0.35813	0.35569	0.00990	0.05484	0.00979	0.00446	0.00614
43	0.77733	0.01534	0.01166	0.01043	0.01534	0.01779	0.00859	0.02331	0.01350	0.03558	0.01104	0.01288	0.00859	0.00736	0.00491	0.00245	0.00613	0.00429	0.00491	0.00859
44	0.01643	0.10834	0.61747	0.02171	0.03295	0.01969	0.02775	0.02498	0.01668	0.02448	0.01392	0.01635	0.01006	0.00746	0.00729	0.00243	0.01140	0.00570	0.00335	0.01157
45	0.02204	0.11293	0.30911	0.01827	0.02619	0.11671	0.01969	0.02763	0.01927	0.15470	0.08119	0.02213	0.01837	0.00885	0.00745	0.00233	0.00994	0.00681	0.00529	0.01110
46	0.56525	0.08395	0.01479	0.01115	0.01562	0.01771	0.00932	0.02171	0.01362	0.03083	0.01287	0.01615	0.01076	0.01668	0.12812	0.00423	0.00908	0.00504	0.00464	0.00847
47	0.01518	0.00894	0.01174	0.01153	0.01383	0.00791	0.00835	0.01736	0.01753	0.14037	0.11360	0.44444	0.04524	0.01924	0.00923	0.00279	0.00501	0.01718	0.00771	0.08285
48	0.11106	0.13329	0.08690	0.02753	0.24483	0.10318	0.01845	0.11282	0.02050	0.04979	0.01459	0.01701	0.01157	0.00767	0.00698	0.00225	0.00951	0.00599	0.00468	0.01140
49	0.23373	0.02227	0.10035	0.01894	0.02568	0.05338	0.12461	0.20047	0.02284	0.10033	0.01663	0.01804	0.01193	0.00816	0.00726	0.00246	0.00925	0.00657	0.00587	0.01122
50	0.19124	0.13941	0.13627	0.01516	0.02124	0.06792	0.01449	0.06394	0.04039	0.11381	0.01709	0.01956	0.01332	0.03648	0.07474	0.00349	0.00988	0.00610	0.00521	0.01027

[dist]
# distance from previous block
# <min> <max>
42	73

[block]
# block no. 2 follows, 24 sequences, length 8
# corresponding to MSA columns:
# 554-561
name=unknown_C
#
# <colnr> <probs for GDERKNQSTAVLIFYWHMCP>
#	G	D	E	R	K	N	Q	S	T	A	V	L	I	F	Y	W	H	M	C	P
0	0.24408	0.01816	0.08916	0.01667	0.02231	0.01655	0.10570	0.08204	0.05376	0.11746	0.01883	0.02290	0.01477	0.07575	0.06559	0.00380	0.00949	0.00721	0.00566	0.01010
1	0.17688	0.01784	0.02170	0.01860	0.06123	0.07124	0.10022	0.08122	0.01791	0.02804	0.01494	0.01962	0.01260	0.04767	0.06115	0.00326	0.05647	0.00646	0.00475	0.17820
2	0.01897	0.09043	0.02346	0.08657	0.02422	0.01985	0.04616	0.14909	0.06809	0.02793	0.05555	0.02503	0.04364	0.01636	0.09118	0.00376	0.14960	0.00787	0.00536	0.04689
3	0.05607	0.11116	0.02166	0.01565	0.02009	0.08787	0.03322	0.12848	0.05608	0.05233	0.02134	0.09131	0.01985	0.01233	0.00982	0.04073	0.04711	0.06990	0.00577	0.09922
4	0.01543	0.08807	0.01551	0.01218	0.01362	0.11091	0.00866	0.01641	0.01401	0.01714	0.02182	0.08849	0.02405	0.39570	0.07371	0.00596	0.05702	0.01013	0.00461	0.00655
5	0.02287	0.05486	0.21013	0.02265	0.09148	0.09782	0.06623	0.06131	0.01934	0.15247	0.01791	0.02089	0.01352	0.04465	0.01083	0.00274	0.06699	0.00695	0.00515	0.01121
6	0.21475	0.16431	0.10111	0.01651	0.02256	0.21602	0.01489	0.11686	0.02046	0.02847	0.01293	0.01461	0.01026	0.00782	0.00634	0.00218	0.00999	0.00512	0.00463	0.01016
7	0.01526	0.01917	0.15132	0.01556	0.01971	0.06803	0.01393	0.02393	0.18758	0.02463	0.03200	0.33118	0.03271	0.01615	0.00880	0.00284	0.00731	0.01405	0.00645	0.00939

[dist]
# distance from previous block
# <min> <max>
4	18

[block]
# block no. 3 follows, 24 sequences, length 39
# corresponding to MSA columns:
# 581-619
name=unknown_D
#
# <colnr> <probs for GDERKNQSTAVLIFYWHMCP>
#	G	D	E	R	K	N	Q	S	T	A	V	L	I	F	Y	W	H	M	C	P
0	0.02258	0.06091	0.07907	0.05022	0.17864	0.20453	0.11869	0.06904	0.09066	0.02581	0.01627	0.01899	0.01280	0.00792	0.00777	0.00235	0.01117	0.00688	0.00462	0.01109
1	0.02055	0.11140	0.17328	0.14626	0.14067	0.08928	0.05541	0.06658	0.04596	0.05424	0.01566	0.01867	0.01195	0.00782	0.00749	0.00237	0.01044	0.00650	0.00438	0.01107
2	0.01983	0.01567	0.02115	0.02126	0.13326	0.01649	0.04853	0.20345	0.02361	0.05790	0.11797	0.07994	0.09246	0.04679	0.01142	0.00284	0.05989	0.01053	0.00662	0.01037
3	0.01001	0.00803	0.00908	0.00937	0.01157	0.00710	0.00709	0.01235	0.01813	0.02272	0.14680	0.14544	0.44436	0.02173	0.03477	0.00317	0.00497	0.06904	0.00742	0.00684
4	0.05924	0.10391	0.09656	0.06827	0.24927	0.09765	0.01970	0.15989	0.02203	0.02963	0.01476	0.01757	0.01165	0.00781	0.00730	0.00229	0.00987	0.00628	0.00472	0.01161
5	0.10262	0.15086	0.09288	0.06355	0.02537	0.12958	0.01577	0.18261	0.10874	0.03111	0.01663	0.01783	0.01275	0.00844	0.00696	0.00228	0.00941	0.00610	0.00543	0.01107
6	0.01294	0.01126	0.01598	0.29167	0.02989	0.01249	0.01372	0.01818	0.06555	0.02329	0.12896	0.04657	0.20942	0.01573	0.03899	0.00313	0.00773	0.04043	0.00591	0.00815
7	0.01874	0.21671	0.14334	0.22136	0.08209	0.02235	0.01960	0.06580	0.09066	0.02450	0.01572	0.01876	0.01226	0.00790	0.00709	0.00232	0.00950	0.00629	0.00429	0.01071
8	0.01485	0.01089	0.01368	0.01268	0.01437	0.01229	0.00956	0.04886	0.11494	0.02413	0.12446	0.03420	0.02793	0.09770	0.13954	0.13892	0.08148	0.00923	0.06268	0.00761
9	0.01391	0.00994	0.01177	0.01150	0.01387	0.00962	0.00866	0.10334	0.02063	0.05104	0.14182	0.28896	0.20470	0.01942	0.00948	0.00286	0.00517	0.05759	0.00773	0.00798
10	0.01700	0.01725	0.01443	0.01450	0.01661	0.20940	0.01075	0.02058	0.06610	0.02182	0.07362	0.26127	0.03569	0.06431	0.03819	0.00351	0.00874	0.09220	0.00624	0.00781
11	0.01005	0.00738	0.00916	0.01009	0.01112	0.00678	0.00688	0.01178	0.01647	0.02178	0.14755	0.42867	0.16286	0.09541	0.01303	0.00348	0.00468	0.01906	0.00731	0.00648
12	0.01063	0.00802	0.00996	0.00999	0.01187	0.00770	0.00749	0.01332	0.01754	0.02369	0.21458	0.12527	0.25606	0.02875	0.17712	0.00513	0.00824	0.01423	0.04339	0.00700
13	0.02193	0.02456	0.08611	0.01659	0.02059	0.29709	0.01374	0.02495	0.01927	0.08954	0.07579	0.07695	0.02239	0.05271	0.11840	0.00424	0.01239	0.00845	0.00532	0.00900
14	0.01097	0.00758	0.00868	0.00901	0.00938	0.00736	0.00539	0.01143	0.01287	0.01688	0.03409	0.17369	0.09951	0.52345	0.03171	0.00637	0.00675	0.01405	0.00553	0.00529
15	0.01180	0.00908	0.01319	0.01293	0.01409	0.01076	0.00994	0.01426	0.01257	0.01815	0.02081	0.03225	0.02005	0.12421	0.57318	0.01153	0.07129	0.00869	0.00425	0.00697
16	0.02266	0.02208	0.02114	0.13777	0.02783	0.20396	0.01597	0.17150	0.06019	0.02833	0.02055	0.03124	0.01825	0.01150	0.00962	0.00266	0.06258	0.11656	0.00566	0.00996
17	0.01996	0.15240	0.02221	0.01295	0.01982	0.01620	0.01096	0.09077	0.01903	0.06414	0.01502	0.01661	0.01208	0.00668	0.00607	0.00148	0.00674	0.00507	0.00509	0.49672
18	0.20644	0.08227	0.02353	0.08896	0.02567	0.12810	0.06128	0.11985	0.05048	0.04713	0.01465	0.01718	0.01144	0.00868	0.00882	0.00246	0.08183	0.00612	0.00503	0.01008
19	0.01821	0.01162	0.01101	0.00996	0.01269	0.04905	0.00770	0.12484	0.02044	0.03243	0.02394	0.02692	0.01860	0.00923	0.00604	0.00195	0.00515	0.00722	0.59448	0.00852
20	0.20855	0.01888	0.08797	0.19683	0.03019	0.01850	0.01616	0.13347	0.01903	0.03059	0.01398	0.01735	0.01069	0.00816	0.00808	0.00239	0.05589	0.00593	0.00480	0.11256
21	0.01712	0.01749	0.06401	0.06487	0.06104	0.01742	0.01532	0.02255	0.08032	0.02398	0.01481	0.01860	0.01244	0.00928	0.01298	0.00233	0.23375	0.00623	0.00443	0.30105
22	0.01478	0.00739	0.00739	0.00739	0.00924	0.00739	0.00554	0.01848	0.01663	0.02956	0.02587	0.02956	0.02033	0.00924	0.00554	0.00185	0.00370	0.00739	0.76534	0.00739
23	0.01722	0.01722	0.06889	0.26016	0.19673	0.01696	0.04747	0.09224	0.01940	0.02616	0.04571	0.07741	0.06004	0.01018	0.00826	0.00257	0.00914	0.00915	0.00487	0.01021
24	0.02444	0.05500	0.08599	0.02364	0.07665	0.09046	0.16365	0.21581	0.02502	0.09314	0.05365	0.02163	0.01626	0.00863	0.00810	0.00241	0.01024	0.00768	0.00593	0.01168
25	0.01527	0.00870	0.01087	0.01063	0.01233	0.00809	0.00747	0.01681	0.01613	0.13766	0.07437	0.21314	0.09716	0.27043	0.02051	0.00462	0.00617	0.05542	0.00696	0.00727
26	0.01746	0.01604	0.02528	0.03454	0.40757	0.01682	0.01875	0.02263	0.06126	0.02612	0.13026	0.02887	0.02496	0.05112	0.01187	0.00283	0.07903	0.00871	0.00505	0.01083
27	0.01943	0.09194	0.03060	0.09771	0.25520	0.04806	0.12800	0.02392	0.01807	0.05530	0.01804	0.02649	0.01563	0.00869	0.00798	0.00241	0.00973	0.07044	0.00454	0.06779
28	0.13965	0.02218	0.19964	0.01777	0.07196	0.04025	0.01613	0.02481	0.05954	0.08786	0.07086	0.02604	0.07055	0.00937	0.00726	0.00231	0.00792	0.00744	0.00549	0.11297
29	0.01125	0.00808	0.01043	0.01043	0.01130	0.00860	0.00720	0.01270	0.01264	0.01726	0.02811	0.04470	0.08036	0.36328	0.32927	0.00952	0.01345	0.01062	0.00478	0.00599
30	0.06312	0.01554	0.03483	0.01289	0.01609	0.11702	0.01011	0.07316	0.02094	0.06336	0.19838	0.17073	0.14197	0.01547	0.00863	0.00258	0.00661	0.01298	0.00711	0.00848
31	0.02133	0.17684	0.10562	0.02961	0.27661	0.09612	0.01976	0.06680	0.08561	0.02582	0.01577	0.01821	0.01276	0.00772	0.00717	0.00223	0.00965	0.00630	0.00445	0.01163
32	0.01709	0.01023	0.01232	0.01162	0.01410	0.00998	0.00840	0.02205	0.11921	0.15875	0.06281	0.22800	0.10384	0.16607	0.01564	0.00384	0.00587	0.01407	0.00750	0.00861
33	0.02933	0.01445	0.01782	0.01414	0.01959	0.01383	0.01152	0.14352	0.07246	0.41231	0.07038	0.03267	0.08884	0.01125	0.00820	0.00248	0.00661	0.00916	0.00903	0.01238
34	0.01924	0.01825	0.02893	0.08188	0.37253	0.01914	0.08496	0.02942	0.20645	0.02761	0.02009	0.02285	0.01580	0.00817	0.00808	0.00251	0.00898	0.00786	0.00513	0.01211
35	0.01640	0.01514	0.02502	0.16807	0.39007	0.01568	0.01972	0.02062	0.01759	0.02435	0.07078	0.11462	0.04677	0.01071	0.00833	0.00255	0.00839	0.00997	0.00478	0.01043
36	0.01151	0.00816	0.01094	0.01176	0.01271	0.00844	0.00877	0.01348	0.01434	0.01932	0.03200	0.17119	0.03529	0.23811	0.19213	0.00708	0.01050	0.18211	0.00580	0.00636
37	0.02148	0.19603	0.06456	0.03129	0.30252	0.05282	0.04767	0.10522	0.01992	0.02652	0.01414	0.01742	0.01172	0.00775	0.00821	0.00227	0.04827	0.00633	0.00427	0.01160
38	0.46515	0.04787	0.06443	0.01571	0.02154	0.05636	0.09381	0.05324	0.06439	0.03243	0.01393	0.01585	0.01068	0.00766	0.00617	0.00245	0.00813	0.00558	0.00495	0.00969

[dist]
# distance from previous block
# <min> <max>
0	2

[block]
# block no. 4 follows, 24 sequences, length 17
# corresponding to MSA columns:
# 622-637,642
name=unknown_E
#
# <colnr> <probs for GDERKNQSTAVLIFYWHMCP>
#	G	D	E	R	K	N	Q	S	T	A	V	L	I	F	Y	W	H	M	C	P
0	0.01011	0.00783	0.00920	0.00934	0.01128	0.00693	0.00682	0.01262	0.01909	0.02498	0.28756	0.19782	0.32870	0.01962	0.00951	0.00272	0.00403	0.01702	0.00786	0.00693
1	0.01861	0.04426	0.11730	0.15346	0.10133	0.12020	0.01763	0.02499	0.07890	0.02450	0.05518	0.02115	0.01609	0.00812	0.00733	0.00216	0.00932	0.00663	0.00462	0.16823
2	0.01184	0.00839	0.00972	0.00958	0.01048	0.00832	0.00624	0.01416	0.05070	0.02050	0.15985	0.05559	0.08276	0.45755	0.02876	0.00582	0.00654	0.04109	0.00608	0.00603
3	0.21648	0.01290	0.01431	0.01256	0.01640	0.01368	0.00993	0.10624	0.01871	0.15823	0.02588	0.09159	0.05583	0.05318	0.15451	0.00496	0.00964	0.00903	0.00651	0.00943
4	0.02899	0.01297	0.01753	0.06096	0.02119	0.01199	0.01174	0.06798	0.02302	0.46682	0.15627	0.03255	0.02965	0.01094	0.00824	0.00247	0.00653	0.00913	0.00906	0.01197
5	0.01056	0.00802	0.00974	0.00964	0.01164	0.00720	0.00722	0.01353	0.02024	0.02714	0.39994	0.12403	0.26118	0.01844	0.00949	0.00266	0.00405	0.04003	0.00812	0.00713
6	0.02962	0.03779	0.02247	0.02043	0.02451	0.68948	0.01532	0.03166	0.02247	0.01941	0.01226	0.01430	0.01021	0.00817	0.00715	0.00204	0.01430	0.00511	0.00409	0.00919
7	0.01478	0.00739	0.00739	0.00739	0.00924	0.00739	0.00554	0.01848	0.01663	0.02956	0.02587	0.02956	0.02033	0.00924	0.00554	0.00185	0.00370	0.00739	0.76534	0.00739
8	0.02346	0.24370	0.07749	0.08273	0.02902	0.15624	0.11244	0.09812	0.02064	0.06398	0.01470	0.01701	0.01145	0.00770	0.00709	0.00218	0.01073	0.00613	0.00455	0.01062
9	0.01811	0.02152	0.13192	0.21896	0.13689	0.06943	0.04185	0.05653	0.09811	0.02538	0.01966	0.05739	0.01662	0.00972	0.00813	0.00261	0.00987	0.04202	0.00480	0.01049
10	0.01724	0.02258	0.15099	0.01832	0.02153	0.12137	0.01669	0.02051	0.01469	0.01979	0.01501	0.02313	0.01406	0.10138	0.13552	0.00514	0.26235	0.00724	0.00383	0.00864
11	0.08086	0.02217	0.02346	0.05967	0.17999	0.20613	0.05379	0.07604	0.01946	0.02507	0.01552	0.02115	0.01340	0.07045	0.06316	0.00351	0.01140	0.00682	0.00450	0.04348
12	0.02516	0.09955	0.02989	0.02249	0.05438	0.20620	0.17157	0.11413	0.02232	0.10587	0.01836	0.06089	0.01493	0.00900	0.00790	0.00235	0.01095	0.00785	0.00542	0.01077
13	0.00987	0.00741	0.00884	0.00977	0.01094	0.00672	0.00665	0.01140	0.01604	0.02064	0.08491	0.40486	0.24473	0.10308	0.01333	0.00353	0.00473	0.01903	0.00714	0.00639
14	0.01671	0.00972	0.01012	0.00905	0.01190	0.00967	0.00700	0.09109	0.01900	0.03158	0.02399	0.02714	0.01874	0.00896	0.00585	0.00185	0.00448	0.00711	0.60757	0.07846
15	0.01816	0.01768	0.02689	0.11519	0.07129	0.07702	0.19495	0.09388	0.02014	0.02641	0.08301	0.08930	0.02269	0.01606	0.08745	0.00375	0.01143	0.00986	0.00520	0.00962
16	0.01965	0.01638	0.02429	0.10656	0.32366	0.01756	0.01828	0.12179	0.02025	0.02949	0.01750	0.02163	0.01398	0.00840	0.00845	0.00235	0.04885	0.00714	0.16279	0.01099

[dist]
# distance from previous block
# <min> <max>
0	1

[block]
# block no. 5 follows, 24 sequences, length 13
# corresponding to MSA columns:
# 644-656
name=unknown_F
#
# <colnr> <probs for GDERKNQSTAVLIFYWHMCP>
#	G	D	E	R	K	N	Q	S	T	A	V	L	I	F	Y	W	H	M	C	P
0	0.09695	0.08523	0.07881	0.05337	0.17236	0.25002	0.01768	0.02715	0.05607	0.02400	0.01590	0.02130	0.01361	0.00867	0.00727	0.00233	0.01062	0.04398	0.00442	0.01026
1	0.10346	0.01047	0.01213	0.01080	0.01412	0.01005	0.00842	0.02130	0.06064	0.14894	0.32365	0.04940	0.16717	0.01442	0.00851	0.00253	0.00478	0.01214	0.00819	0.00888
2	0.01924	0.09437	0.16001	0.12401	0.27699	0.01961	0.10467	0.02485	0.01766	0.06192	0.01537	0.01922	0.01190	0.00735	0.00772	0.00241	0.01030	0.00689	0.00406	0.01146
3	0.06574	0.01882	0.02666	0.17440	0.12224	0.02136	0.08145	0.23793	0.02324	0.03259	0.01545	0.01924	0.01187	0.00900	0.01033	0.00262	0.10358	0.00714	0.00523	0.01111
4	0.01089	0.00809	0.01132	0.01149	0.01293	0.00852	0.00864	0.01363	0.01580	0.02208	0.18163	0.16126	0.07943	0.04067	0.36655	0.00801	0.01309	0.01287	0.00605	0.00704
5	0.01644	0.01409	0.01644	0.01175	0.01879	0.01057	0.00940	0.01997	0.01644	0.02584	0.01409	0.01644	0.01175	0.00587	0.00587	0.00117	0.00587	0.00470	0.00470	0.76979
6	0.01891	0.01931	0.06717	0.02144	0.02542	0.02100	0.13632	0.09628	0.14093	0.02686	0.01788	0.02185	0.01454	0.01502	0.07460	0.00380	0.25533	0.00789	0.00503	0.01041
7	0.00987	0.00766	0.00905	0.00990	0.01155	0.00683	0.00719	0.01186	0.01719	0.02180	0.10139	0.33928	0.32821	0.02192	0.00980	0.00296	0.00449	0.06491	0.00745	0.00669
8	0.01312	0.00912	0.01062	0.01019	0.01243	0.00849	0.00744	0.05843	0.01931	0.06447	0.18351	0.18893	0.26320	0.09900	0.01287	0.00328	0.00499	0.01557	0.00755	0.00749
9	0.01987	0.00980	0.01291	0.01209	0.01468	0.00903	0.00910	0.02186	0.01743	0.25426	0.03434	0.20719	0.03379	0.19245	0.01701	0.00413	0.00656	0.10722	0.00759	0.00869
10	0.01159	0.00845	0.01051	0.01056	0.01119	0.00895	0.00722	0.01269	0.01305	0.01754	0.03082	0.09948	0.08516	0.40984	0.14306	0.00727	0.05019	0.05137	0.00521	0.00586
11	0.01911	0.01727	0.05197	0.02407	0.21245	0.05390	0.01525	0.06533	0.08291	0.07888	0.07027	0.06794	0.12193	0.01132	0.00812	0.00239	0.00751	0.00972	0.00613	0.07354
12	0.05815	0.01970	0.09471	0.02732	0.23746	0.05539	0.04124	0.02570	0.05785	0.11000	0.01923	0.06370	0.01600	0.01034	0.00999	0.04688	0.04295	0.00783	0.00516	0.05040

[dist]
# distance from previous block
# <min> <max>
1	3

[block]
# block no. 6 follows, 24 sequences, length 8
# corresponding to MSA columns:
# 660-667
name=unknown_G
#
# <colnr> <probs for GDERKNQSTAVLIFYWHMCP>
#	G	D	E	R	K	N	Q	S	T	A	V	L	I	F	Y	W	H	M	C	P
0	0.02425	0.02223	0.02102	0.05926	0.06254	0.19279	0.01445	0.14122	0.13835	0.07910	0.01975	0.02248	0.01561	0.05741	0.01076	0.00271	0.04569	0.00714	0.00596	0.05727
1	0.02171	0.15523	0.07631	0.04409	0.10499	0.12335	0.01595	0.10746	0.06174	0.05548	0.01735	0.02095	0.01426	0.03951	0.10420	0.00388	0.01140	0.00666	0.00494	0.01053
2	0.01763	0.02201	0.17214	0.06430	0.07141	0.01653	0.07184	0.06267	0.01769	0.02615	0.01429	0.01772	0.01134	0.00761	0.00906	0.00210	0.08187	0.00607	0.00429	0.30328
3	0.01283	0.01088	0.01166	0.01126	0.01331	0.03623	0.00834	0.01752	0.10405	0.02321	0.13350	0.10449	0.25370	0.13710	0.01550	0.00361	0.04773	0.04071	0.00685	0.00750
4	0.01321	0.08018	0.01452	0.04274	0.01508	0.01172	0.00881	0.01819	0.09873	0.02508	0.26224	0.13534	0.07853	0.14425	0.01447	0.00350	0.00569	0.01302	0.00691	0.00778
5	0.01137	0.00833	0.01188	0.01188	0.01300	0.00944	0.00883	0.01360	0.01249	0.01777	0.02203	0.03554	0.02173	0.19932	0.55265	0.01168	0.01838	0.00914	0.00437	0.00660
6	0.15329	0.09711	0.06479	0.08796	0.08126	0.13603	0.05294	0.05544	0.10157	0.02666	0.01547	0.01800	0.01225	0.00843	0.00827	0.00243	0.05688	0.00625	0.00469	0.01028
7	0.37092	0.01950	0.01754	0.01717	0.08771	0.11361	0.01218	0.08313	0.05991	0.03214	0.01416	0.01593	0.01113	0.00767	0.00615	0.00222	0.00786	0.00533	0.00515	0.11059

[dist]
# distance from previous block
# <min> <max>
0	7

[block]
# block no. 7 follows, 24 sequences, length 16
# corresponding to MSA columns:
# 675-690
name=unknown_H
#
# <colnr> <probs for GDERKNQSTAVLIFYWHMCP>
#	G	D	E	R	K	N	Q	S	T	A	V	L	I	F	Y	W	H	M	C	P
0	0.09175	0.05145	0.05026	0.17241	0.11037	0.07632	0.01611	0.08590	0.04841	0.02580	0.01840	0.07411	0.01637	0.04107	0.08446	0.00381	0.01051	0.00803	0.00483	0.00963
1	0.02048	0.01799	0.01982	0.02015	0.10552	0.08261	0.01392	0.14807	0.22148	0.03009	0.02276	0.02616	0.01852	0.05431	0.15696	0.00494	0.01124	0.00801	0.00613	0.01085
2	0.02162	0.05043	0.24162	0.01666	0.02357	0.01625	0.01701	0.08594	0.10380	0.17623	0.02478	0.02774	0.04201	0.10308	0.01204	0.00317	0.00864	0.00797	0.00623	0.01124
3	0.04934	0.07429	0.24595	0.02312	0.13694	0.01811	0.02000	0.11587	0.02031	0.08918	0.02033	0.08591	0.01742	0.01017	0.00782	0.00252	0.00911	0.03688	0.00535	0.01137
4	0.02649	0.07332	0.09075	0.02312	0.08595	0.24627	0.09503	0.10611	0.02250	0.13016	0.01696	0.01842	0.01255	0.00816	0.00762	0.00228	0.01121	0.00654	0.00534	0.01122
5	0.01031	0.00781	0.00964	0.01064	0.01222	0.00714	0.00797	0.01256	0.01742	0.02243	0.11721	0.32477	0.25281	0.02189	0.00996	0.00305	0.00484	0.13305	0.00749	0.00679
6	0.12747	0.13204	0.14029	0.01741	0.06083	0.01647	0.07482	0.02003	0.01693	0.02520	0.08685	0.11991	0.10721	0.01199	0.00770	0.00249	0.00771	0.01018	0.00524	0.00922
7	0.02374	0.01932	0.02159	0.15089	0.12403	0.13643	0.01591	0.12066	0.02225	0.15035	0.02714	0.02818	0.10475	0.01014	0.00799	0.00242	0.00915	0.00824	0.00609	0.01075
8	0.01256	0.00732	0.00942	0.00942	0.00942	0.00732	0.00576	0.01098	0.01098	0.01464	0.01983	0.03912	0.02191	0.40249	0.03606	0.35769	0.00732	0.00940	0.00418	0.00418
9	0.00975	0.00770	0.00879	0.00926	0.01113	0.00674	0.00666	0.01184	0.01786	0.02268	0.16068	0.27111	0.38581	0.02095	0.00960	0.00282	0.00415	0.01815	0.00758	0.00674
10	0.07328	0.02216	0.06346	0.01810	0.02245	0.11872	0.03201	0.20160	0.11637	0.03110	0.01712	0.01961	0.01351	0.01163	0.01292	0.07674	0.12636	0.00684	0.00560	0.01042
11	0.02067	0.09796	0.22902	0.02652	0.14486	0.16213	0.09003	0.02791	0.08031	0.02424	0.01557	0.01811	0.01213	0.00773	0.00753	0.00234	0.01120	0.00645	0.00414	0.01115
12	0.02276	0.02207	0.02253	0.06841	0.13832	0.20779	0.03847	0.07423	0.08264	0.08037	0.02647	0.02763	0.10495	0.01029	0.00869	0.00243	0.03768	0.00820	0.00561	0.01046
13	0.01241	0.00936	0.01116	0.01120	0.01344	0.00895	0.00865	0.07422	0.02024	0.02648	0.18174	0.20892	0.24108	0.01961	0.00966	0.00290	0.00510	0.11963	0.00769	0.00756
14	0.01843	0.01356	0.01606	0.01177	0.01837	0.01042	0.00944	0.02177	0.01739	0.11127	0.02138	0.02238	0.06263	0.00747	0.00641	0.00146	0.00585	0.00604	0.00557	0.61233
15	0.07901	0.12052	0.02182	0.01663	0.06140	0.01933	0.01266	0.21556	0.06451	0.06176	0.01943	0.02424	0.01626	0.08725	0.14059	0.00480	0.01057	0.00734	0.00586	0.01044

[dist]
# distance from previous block
# <min> <max>
0	1

[block]
# block no. 8 follows, 24 sequences, length 9
# corresponding to MSA columns:
# 692-700
name=unknown_I
#
# <colnr> <probs for GDERKNQSTAVLIFYWHMCP>
#	G	D	E	R	K	N	Q	S	T	A	V	L	I	F	Y	W	H	M	C	P
0	0.01712	0.02004	0.14830	0.01998	0.06532	0.01769	0.04207	0.08777	0.08372	0.02622	0.06047	0.05416	0.02040	0.06346	0.08939	0.00421	0.15600	0.00866	0.00512	0.00991
1	0.06626	0.01261	0.01618	0.01419	0.01690	0.01371	0.04447	0.14369	0.01995	0.02861	0.13231	0.13092	0.03172	0.09768	0.14706	0.00521	0.05256	0.01121	0.00624	0.00852
2	0.01529	0.01270	0.01503	0.01550	0.05978	0.01348	0.01127	0.02664	0.28699	0.02925	0.17914	0.05113	0.13497	0.01473	0.00895	0.00276	0.00574	0.09915	0.00772	0.00980
3	0.01694	0.09513	0.19394	0.11369	0.06837	0.01668	0.01771	0.02435	0.09543	0.06565	0.13279	0.03111	0.07463	0.01045	0.00789	0.00246	0.00816	0.00872	0.00560	0.01031
4	0.00951	0.00748	0.00860	0.00950	0.01110	0.00657	0.00668	0.01121	0.01666	0.02085	0.06244	0.38896	0.36754	0.02241	0.00974	0.00294	0.00430	0.01957	0.00736	0.00657
5	0.02187	0.01973	0.01987	0.01989	0.08962	0.11758	0.01396	0.06737	0.39087	0.06328	0.02749	0.06957	0.02194	0.01078	0.00803	0.00256	0.00784	0.00892	0.00708	0.01176
6	0.02334	0.16937	0.02533	0.06213	0.02395	0.14535	0.01446	0.17944	0.13852	0.02932	0.01924	0.06159	0.01617	0.01000	0.00834	0.00236	0.04711	0.00742	0.00574	0.01084
7	0.04482	0.04428	0.12023	0.07737	0.16198	0.01618	0.08340	0.02192	0.01707	0.06710	0.06358	0.05116	0.04905	0.01595	0.09237	0.00380	0.04617	0.00864	0.00484	0.01008
8	0.02316	0.02378	0.02739	0.08172	0.22604	0.20476	0.07961	0.12819	0.02237	0.02743	0.01701	0.02376	0.01443	0.00896	0.00806	0.00243	0.01097	0.05418	0.00487	0.01090

[dist]
# distance from previous block
# <min> <max>
0	1

[block]
# block no. 9 follows, 24 sequences, length 7
# corresponding to MSA columns:
# 702-708
name=unknown_J
#
# <colnr> <probs for GDERKNQSTAVLIFYWHMCP>
#	G	D	E	R	K	N	Q	S	T	A	V	L	I	F	Y	W	H	M	C	P
0	0.01511	0.00951	0.01200	0.01225	0.01425	0.00921	0.00909	0.05346	0.04848	0.10669	0.04115	0.40244	0.07927	0.05636	0.01123	0.00330	0.00566	0.09485	0.00760	0.00808
1	0.01834	0.20389	0.19592	0.01866	0.05482	0.08593	0.05480	0.05608	0.01881	0.02386	0.05179	0.05574	0.10894	0.01032	0.00747	0.00231	0.00925	0.00832	0.00472	0.01003
2	0.11308	0.17651	0.09882	0.02078	0.04757	0.06099	0.15144	0.12303	0.05887	0.02897	0.01625	0.04022	0.01319	0.00826	0.00725	0.00234	0.00974	0.00700	0.00489	0.01082
3	0.01264	0.00729	0.00948	0.00948	0.00948	0.00729	0.00583	0.01094	0.01094	0.01459	0.01945	0.03818	0.02140	0.37901	0.03574	0.38346	0.00729	0.00924	0.00413	0.00413
4	0.00985	0.00736	0.00916	0.01018	0.01138	0.00667	0.00707	0.01175	0.01702	0.02238	0.15305	0.46324	0.19727	0.02236	0.00983	0.00298	0.00433	0.01989	0.00758	0.00667
5	0.01971	0.09451	0.12161	0.05176	0.14632	0.01864	0.01693	0.10126	0.12980	0.06015	0.06260	0.02650	0.02009	0.08310	0.01105	0.00295	0.00840	0.00791	0.00566	0.01104
6	0.01881	0.02032	0.05213	0.07044	0.17320	0.15727	0.05279	0.04872	0.05817	0.02392	0.02376	0.21722	0.02388	0.01274	0.00844	0.00260	0.00927	0.01125	0.00531	0.00975

[dist]
# distance from previous block
# <min> <max>
0	1

[block]
# block no. 10 follows, 24 sequences, length 15
# corresponding to MSA columns:
# 710-724
name=unknown_K
#
# <colnr> <probs for GDERKNQSTAVLIFYWHMCP>
#	G	D	E	R	K	N	Q	S	T	A	V	L	I	F	Y	W	H	M	C	P
0	0.06414	0.01710	0.02439	0.02115	0.09699	0.01662	0.12128	0.17222	0.02318	0.12005	0.06995	0.02523	0.04548	0.00900	0.00782	0.00226	0.00813	0.00800	0.00638	0.14061
1	0.01923	0.11648	0.10713	0.02507	0.12313	0.04878	0.13366	0.02768	0.14875	0.02520	0.01743	0.02009	0.01386	0.00852	0.00968	0.00246	0.08845	0.00714	0.00465	0.05260
2	0.01309	0.01118	0.01465	0.01808	0.13902	0.01088	0.01145	0.01818	0.09282	0.02386	0.05213	0.13793	0.30160	0.01734	0.00925	0.00283	0.00587	0.10449	0.00678	0.00856
3	0.01665	0.01379	0.01579	0.01289	0.01810	0.01245	0.00998	0.06401	0.14120	0.02776	0.02375	0.15674	0.02227	0.01079	0.00727	0.00195	0.00589	0.00919	0.00609	0.42344
4	0.01901	0.01825	0.02970	0.04124	0.51325	0.01919	0.02207	0.02312	0.01693	0.02473	0.01408	0.01901	0.01213	0.00815	0.01083	0.00246	0.12899	0.00687	0.00390	0.06609
5	0.01470	0.00893	0.01141	0.01031	0.01297	0.00800	0.00790	0.01807	0.02181	0.12984	0.47872	0.05690	0.15802	0.01582	0.00914	0.00252	0.00425	0.01373	0.00869	0.00829
6	0.01079	0.00800	0.01007	0.00974	0.01163	0.00727	0.00723	0.01406	0.02115	0.02918	0.52160	0.11381	0.17103	0.01753	0.00942	0.00258	0.00385	0.01538	0.00840	0.00727
7	0.01685	0.00940	0.01179	0.01122	0.01321	0.00905	0.00799	0.05210	0.01730	0.15098	0.06464	0.26417	0.03538	0.19613	0.04919	0.00447	0.00671	0.01398	0.05748	0.00795
8	0.01074	0.00782	0.00842	0.00842	0.00941	0.00732	0.00525	0.01148	0.01394	0.01760	0.04538	0.06089	0.26457	0.46293	0.02894	0.00584	0.00634	0.01345	0.00575	0.00550
9	0.01544	0.01171	0.01303	0.01185	0.01513	0.01188	0.00912	0.07713	0.17782	0.05983	0.20177	0.08848	0.24394	0.01570	0.00890	0.00263	0.00508	0.01331	0.00803	0.00923
10	0.02436	0.08692	0.02804	0.08825	0.24576	0.12816	0.01872	0.22669	0.02463	0.03154	0.01541	0.01809	0.01210	0.00809	0.00752	0.00228	0.00998	0.00652	0.00517	0.01178
11	0.01891	0.01891	0.02621	0.11861	0.35312	0.09754	0.01991	0.02285	0.01713	0.02300	0.01484	0.02018	0.01267	0.01393	0.08916	0.00360	0.06629	0.00686	0.00394	0.05234
12	0.15198	0.07674	0.02280	0.09079	0.12461	0.09841	0.01526	0.10093	0.08662	0.02881	0.01582	0.01846	0.01263	0.00987	0.02951	0.00264	0.03802	0.00621	0.00500	0.06488
13	0.08950	0.15634	0.02106	0.01406	0.01860	0.10270	0.01142	0.09410	0.07681	0.05847	0.07163	0.14061	0.02451	0.01157	0.00732	0.00229	0.00749	0.00925	0.00606	0.07620
14	0.02106	0.10003	0.01929	0.01410	0.01804	0.10608	0.01125	0.16169	0.02145	0.08336	0.02785	0.03233	0.10697	0.10289	0.13406	0.00479	0.01074	0.00869	0.00594	0.00941

[dist]
# distance from previous block
# <min> <max>
0	1

[block]
# block no. 11 follows, 24 sequences, length 32
# corresponding to MSA columns:
# 726,728-758
name=unknown_L
#
# <colnr> <probs for GDERKNQSTAVLIFYWHMCP>
#	G	D	E	R	K	N	Q	S	T	A	V	L	I	F	Y	W	H	M	C	P
0	0.01453	0.01223	0.01379	0.01160	0.01617	0.01094	0.00895	0.02135	0.14542	0.02643	0.09369	0.09315	0.16637	0.01243	0.00774	0.00209	0.00525	0.01050	0.00653	0.32083
1	0.01298	0.01370	0.09303	0.01734	0.09001	0.01089	0.01319	0.01795	0.06586	0.02416	0.09019	0.26885	0.09928	0.01800	0.00943	0.00297	0.00651	0.13049	0.00665	0.00849
2	0.01037	0.00704	0.00922	0.01054	0.01098	0.00666	0.00694	0.01103	0.01427	0.01892	0.03926	0.52671	0.06898	0.11101	0.01631	0.09496	0.00523	0.01909	0.00658	0.00589
3	0.01838	0.01722	0.02859	0.04138	0.54019	0.01710	0.02140	0.02277	0.01729	0.02501	0.01560	0.02074	0.01336	0.01321	0.08889	0.00350	0.01054	0.00704	0.00403	0.07377
4	0.02234	0.01404	0.01878	0.01947	0.12706	0.01406	0.01295	0.15432	0.02277	0.18759	0.11390	0.11209	0.02911	0.05029	0.06103	0.00354	0.00807	0.01047	0.00733	0.01077
5	0.10105	0.00823	0.00925	0.01018	0.01177	0.00789	0.00718	0.01273	0.01596	0.02278	0.07128	0.44947	0.20155	0.02127	0.00929	0.00297	0.00461	0.01863	0.00712	0.00680
6	0.08061	0.01748	0.02036	0.01571	0.02186	0.01779	0.01297	0.30680	0.02858	0.35802	0.02456	0.02256	0.01620	0.00953	0.00776	0.00242	0.00759	0.00737	0.00867	0.01318
7	0.01558	0.01166	0.01741	0.02184	0.19767	0.01149	0.01316	0.01886	0.01786	0.07368	0.15307	0.04679	0.07476	0.10353	0.09682	0.00451	0.00872	0.09754	0.00615	0.00891
8	0.01596	0.19013	0.20189	0.01790	0.02400	0.01861	0.09384	0.02068	0.01621	0.02219	0.07030	0.06838	0.02064	0.05536	0.09800	0.00402	0.03975	0.00836	0.00434	0.00944
9	0.01134	0.00786	0.00981	0.01023	0.01088	0.00782	0.00691	0.01270	0.01442	0.01950	0.11249	0.15738	0.03976	0.38745	0.07737	0.00622	0.00769	0.08832	0.00597	0.00588
10	0.01974	0.05364	0.15542	0.14016	0.24734	0.07445	0.09684	0.07164	0.01927	0.02579	0.01472	0.01876	0.01148	0.00751	0.00782	0.00242	0.01082	0.00683	0.00406	0.01127
11	0.02460	0.10998	0.08331	0.02588	0.15037	0.15243	0.08397	0.21744	0.02458	0.03109	0.01527	0.01754	0.01184	0.00800	0.00754	0.00227	0.01065	0.00651	0.00509	0.01164
12	0.01859	0.01785	0.03115	0.27803	0.28879	0.01906	0.13333	0.07017	0.01884	0.02562	0.01514	0.02044	0.01182	0.00749	0.00815	0.00252	0.01049	0.00747	0.00410	0.01095
13	0.01205	0.00810	0.00989	0.01003	0.01203	0.00720	0.00729	0.01433	0.01847	0.07703	0.20107	0.29108	0.26204	0.02000	0.00951	0.00281	0.00438	0.01748	0.00788	0.00735
14	0.05316	0.17244	0.02690	0.02099	0.10609	0.22386	0.01529	0.13146	0.04568	0.10748	0.01649	0.01751	0.01266	0.00823	0.00699	0.00215	0.01002	0.00598	0.00544	0.01117
15	0.01011	0.00770	0.00905	0.00976	0.01126	0.00696	0.00695	0.01193	0.01671	0.02131	0.10345	0.28877	0.29749	0.10033	0.01322	0.00348	0.00485	0.06299	0.00717	0.00650
16	0.48021	0.01460	0.01436	0.01190	0.01730	0.01533	0.00982	0.02945	0.01718	0.29265	0.01915	0.01853	0.01301	0.00834	0.00614	0.00245	0.00638	0.00577	0.00687	0.01055
17	0.01235	0.00955	0.01077	0.01013	0.01248	0.00929	0.00750	0.06198	0.04980	0.02519	0.18536	0.05832	0.30569	0.12802	0.07472	0.00428	0.00652	0.01359	0.00707	0.00741
18	0.01028	0.00801	0.00933	0.00912	0.01130	0.00706	0.00679	0.01309	0.02004	0.02637	0.36182	0.09920	0.35226	0.01845	0.00940	0.00262	0.00391	0.01586	0.00802	0.00706
19	0.01617	0.01270	0.01707	0.14364	0.05834	0.01426	0.01278	0.13822	0.01844	0.02492	0.02249	0.11929	0.02234	0.17525	0.13989	0.00561	0.03453	0.01031	0.00531	0.00843
20	0.13807	0.06013	0.02088	0.02025	0.14876	0.04259	0.01349	0.08208	0.05086	0.14024	0.06646	0.02484	0.05050	0.00915	0.00719	0.00224	0.00730	0.00735	0.00621	0.10143
21	0.02737	0.05923	0.02267	0.01778	0.02286	0.21980	0.01411	0.34083	0.07635	0.03555	0.01809	0.02061	0.01433	0.06306	0.01003	0.00267	0.01010	0.00687	0.00635	0.01133
22	0.02530	0.06307	0.15455	0.02201	0.02835	0.39807	0.09550	0.07662	0.02178	0.02359	0.01358	0.01595	0.01066	0.00791	0.00747	0.00222	0.01302	0.00590	0.00420	0.01024
23	0.01827	0.07066	0.02293	0.05169	0.21528	0.01696	0.01576	0.04991	0.12693	0.06054	0.02061	0.02486	0.01701	0.02448	0.22264	0.00565	0.01240	0.00767	0.00516	0.01058
24	0.01897	0.10766	0.14506	0.01855	0.04469	0.16335	0.04991	0.02317	0.05653	0.02126	0.01908	0.07709	0.01791	0.01356	0.01171	0.13088	0.00986	0.05741	0.00451	0.00886
