[name]
unknown

[dist]
# distance from previous block
# <min> <max>
1	113

[block]
# block no. 0 follows, 27 sequences, length 11
# corresponding to MSA columns:
# 117-127
name=unknown_A
#
# <colnr> <probs for GDERKNQSTAVLIFYWHMCP>
#	G	D	E	R	K	N	Q	S	T	A	V	L	I	F	Y	W	H	M	C	P
0	0.01575	0.01274	0.04008	0.01161	0.01574	0.01134	0.00944	0.12576	0.06550	0.05302	0.08556	0.12918	0.15707	0.01258	0.00752	0.00215	0.00542	0.01057	0.05536	0.17360
1	0.01529	0.02180	0.22680	0.01669	0.05963	0.06733	0.01552	0.02106	0.05877	0.02363	0.06775	0.09906	0.04470	0.00961	0.00709	0.00205	0.00768	0.00802	0.00476	0.22276
2	0.09002	0.00758	0.00888	0.00974	0.01108	0.00730	0.00685	0.01208	0.01538	0.02209	0.13261	0.47231	0.13770	0.01982	0.00877	0.00277	0.00427	0.01751	0.00683	0.00641
3	0.10067	0.01635	0.08044	0.01910	0.14279	0.03650	0.01356	0.07435	0.11432	0.04847	0.19124	0.03075	0.05582	0.01173	0.02990	0.00262	0.00707	0.00861	0.00604	0.00967
4	0.01064	0.00816	0.00985	0.00991	0.01169	0.00783	0.00723	0.01511	0.08963	0.02506	0.32109	0.24659	0.17412	0.01757	0.00883	0.00258	0.00403	0.01546	0.00751	0.00711
5	0.01689	0.05088	0.21813	0.01610	0.02143	0.08002	0.01585	0.09271	0.08692	0.02591	0.13246	0.02619	0.02312	0.04360	0.06983	0.00336	0.05434	0.00765	0.00513	0.00946
6	0.01473	0.01754	0.14917	0.01919	0.09749	0.01414	0.05490	0.08309	0.04055	0.02381	0.02723	0.16806	0.09361	0.01750	0.08537	0.00359	0.06534	0.01062	0.00508	0.00900
7	0.02268	0.20888	0.02414	0.01464	0.01971	0.10960	0.03869	0.22452	0.02274	0.07098	0.02087	0.02159	0.06564	0.00873	0.00654	0.00200	0.00797	0.00659	0.09346	0.01004
8	0.04629	0.14156	0.02112	0.01414	0.01850	0.09173	0.06184	0.12843	0.05722	0.07230	0.02414	0.02681	0.08697	0.06597	0.03275	0.00281	0.00807	0.00757	0.08259	0.00918
9	0.01331	0.07206	0.08961	0.01326	0.01672	0.08175	0.05153	0.01652	0.01750	0.02257	0.20719	0.21332	0.12621	0.01478	0.00823	0.00244	0.00647	0.01287	0.00602	0.00764
10	0.17998	0.07335	0.27438	0.02030	0.13774	0.01634	0.01799	0.02090	0.01510	0.02453	0.01970	0.02199	0.08378	0.01121	0.05063	0.00288	0.00906	0.00652	0.00400	0.00960

[dist]
# distance from previous block
# <min> <max>
9	31

[block]
# block no. 1 follows, 27 sequences, length 9
# corresponding to MSA columns:
# 159-167
name=unknown_B
#
# <colnr> <probs for GDERKNQSTAVLIFYWHMCP>
#	G	D	E	R	K	N	Q	S	T	A	V	L	I	F	Y	W	H	M	C	P
0	0.12068	0.08649	0.01655	0.01571	0.10098	0.12250	0.01015	0.01802	0.01486	0.02052	0.05289	0.12717	0.02325	0.22170	0.01580	0.00368	0.00767	0.00930	0.00469	0.00739
1	0.09356	0.10225	0.10709	0.01502	0.06222	0.01542	0.01285	0.08618	0.01728	0.02633	0.01616	0.01789	0.04388	0.00701	0.00600	0.00169	0.00691	0.00538	0.00450	0.35239
2	0.05136	0.14653	0.24314	0.02188	0.11914	0.07804	0.06189	0.07873	0.01783	0.02465	0.01312	0.01553	0.01026	0.00688	0.00658	0.00205	0.00950	0.00549	0.00387	0.08356
3	0.20669	0.01186	0.07721	0.01070	0.01353	0.01001	0.00891	0.01496	0.01469	0.02389	0.09838	0.29498	0.10238	0.06745	0.00989	0.00295	0.00539	0.01319	0.00590	0.00704
4	0.01648	0.07088	0.17325	0.16865	0.13454	0.07686	0.01882	0.02262	0.07612	0.02172	0.01894	0.06077	0.04677	0.00919	0.00831	0.00238	0.05252	0.00744	0.00412	0.00961
5	0.08516	0.05896	0.20918	0.01842	0.02409	0.16468	0.07209	0.05476	0.01702	0.02314	0.03956	0.01820	0.01300	0.01316	0.08209	0.00332	0.08380	0.00615	0.00397	0.00925
6	0.05684	0.04047	0.06337	0.05309	0.02050	0.01553	0.01202	0.19874	0.07477	0.03054	0.02102	0.02250	0.05817	0.01072	0.04086	0.00244	0.00739	0.00666	0.07230	0.19208
7	0.01694	0.01308	0.05032	0.01643	0.08541	0.01161	0.04725	0.02310	0.11704	0.13932	0.20129	0.11603	0.06498	0.01224	0.00804	0.00237	0.00595	0.01085	0.00689	0.05086
8	0.08567	0.14476	0.12505	0.02362	0.20915	0.04639	0.01707	0.02607	0.12257	0.06532	0.01772	0.02152	0.01442	0.00815	0.00679	0.00224	0.00818	0.04000	0.00472	0.01060

[dist]
# distance from previous block
# <min> <max>
0	1

[block]
# block no. 2 follows, 27 sequences, length 6
# corresponding to MSA columns:
# 169-174
name=unknown_C
#
# <colnr> <probs for GDERKNQSTAVLIFYWHMCP>
#	G	D	E	R	K	N	Q	S	T	A	V	L	I	F	Y	W	H	M	C	P
0	0.01336	0.00945	0.01140	0.01116	0.01287	0.00964	0.00817	0.12708	0.01731	0.02286	0.03424	0.26833	0.11362	0.10742	0.06147	0.09606	0.00673	0.05596	0.00607	0.00681
1	0.01347	0.01148	0.01589	0.13129	0.04344	0.01073	0.03734	0.01646	0.01451	0.02064	0.02102	0.05567	0.05538	0.13147	0.06840	0.00352	0.00797	0.03056	0.00447	0.30629
2	0.01463	0.05094	0.13853	0.05182	0.02139	0.01465	0.05737	0.04977	0.09341	0.02387	0.08075	0.08549	0.02246	0.01889	0.13606	0.00416	0.06103	0.00875	0.05722	0.00882
3	0.01268	0.00895	0.01191	0.01179	0.01319	0.00948	0.00895	0.01465	0.01526	0.08136	0.08779	0.31756	0.12926	0.02220	0.07877	0.00374	0.11210	0.04682	0.00638	0.00714
4	0.14322	0.01507	0.07577	0.01524	0.08090	0.06728	0.01156	0.02019	0.01633	0.10396	0.02939	0.16231	0.09823	0.01261	0.00737	0.00244	0.00656	0.04800	0.07507	0.00850
5	0.02260	0.13105	0.14680	0.01640	0.02251	0.14524	0.01531	0.16766	0.09961	0.08859	0.02068	0.02081	0.05337	0.00872	0.00693	0.00216	0.00890	0.00653	0.00550	0.01065

[dist]
# distance from previous block
# <min> <max>
1	18

[block]
# block no. 3 follows, 27 sequences, length 9
# corresponding to MSA columns:
# 193-201
name=unknown_D
#
# <colnr> <probs for GDERKNQSTAVLIFYWHMCP>
#	G	D	E	R	K	N	Q	S	T	A	V	L	I	F	Y	W	H	M	C	P
0	0.10385	0.01267	0.01566	0.03839	0.06120	0.01412	0.03370	0.05818	0.16268	0.05233	0.02108	0.02393	0.01669	0.01699	0.13075	0.00396	0.04013	0.00712	0.17748	0.00910
1	0.16914	0.01798	0.13594	0.01827	0.10192	0.01467	0.04291	0.05452	0.04081	0.07902	0.01648	0.02034	0.01324	0.04638	0.11970	0.00394	0.00978	0.00632	0.00469	0.08394
2	0.02186	0.06059	0.05247	0.01985	0.11251	0.16570	0.01440	0.23336	0.05192	0.02969	0.04475	0.08034	0.06009	0.01018	0.00740	0.00223	0.00863	0.00813	0.00567	0.01023
3	0.01114	0.01228	0.08818	0.01360	0.01630	0.00991	0.07120	0.01405	0.01561	0.02109	0.10384	0.34711	0.15359	0.01749	0.01014	0.00276	0.06307	0.01536	0.00603	0.00724
4	0.00938	0.00660	0.00852	0.00991	0.01026	0.00625	0.00644	0.01042	0.01357	0.01809	0.03760	0.60443	0.04491	0.15879	0.01484	0.00381	0.00485	0.01915	0.00644	0.00574
5	0.26285	0.01111	0.01259	0.06930	0.08009	0.01193	0.00936	0.01668	0.01450	0.02474	0.11668	0.03453	0.10288	0.15946	0.04176	0.00372	0.00669	0.00871	0.00513	0.00728
6	0.15775	0.01619	0.01850	0.05356	0.06663	0.08860	0.07355	0.02110	0.01580	0.02520	0.01375	0.01660	0.01107	0.00653	0.00598	0.00175	0.00734	0.00529	0.07667	0.31813
7	0.01933	0.20752	0.30641	0.01962	0.07869	0.07234	0.01955	0.08184	0.01797	0.05081	0.01353	0.01534	0.01037	0.00706	0.00645	0.00204	0.00950	0.00527	0.00394	0.05243
8	0.01882	0.25078	0.05248	0.01729	0.08552	0.02081	0.01367	0.09851	0.20156	0.02573	0.02064	0.02659	0.01785	0.04827	0.00848	0.00248	0.00746	0.06748	0.00534	0.01024

[dist]
# distance from previous block
# <min> <max>
0	16

[block]
# block no. 4 follows, 27 sequences, length 17
# corresponding to MSA columns:
# 218-234
name=unknown_E
#
# <colnr> <probs for GDERKNQSTAVLIFYWHMCP>
#	G	D	E	R	K	N	Q	S	T	A	V	L	I	F	Y	W	H	M	C	P
0	0.01715	0.04146	0.07866	0.02515	0.18412	0.01508	0.18272	0.02274	0.05768	0.08449	0.10634	0.03048	0.10145	0.00950	0.00797	0.00235	0.00825	0.00910	0.00530	0.01001
1	0.07666	0.04210	0.01935	0.04026	0.05928	0.09674	0.01244	0.14569	0.02187	0.29383	0.02220	0.02152	0.03837	0.00856	0.00698	0.00213	0.00762	0.00664	0.00676	0.07101
2	0.01721	0.02398	0.26943	0.05390	0.07767	0.01652	0.14896	0.02624	0.13233	0.07276	0.07001	0.02277	0.01760	0.00818	0.00768	0.00240	0.00928	0.00753	0.00489	0.01066
3	0.01500	0.01264	0.01267	0.01215	0.01483	0.08763	0.00977	0.10157	0.02053	0.02637	0.16997	0.05560	0.17647	0.01541	0.00857	0.00258	0.00622	0.19088	0.05343	0.00771
4	0.01872	0.21986	0.13344	0.10127	0.08186	0.07249	0.01667	0.09461	0.06900	0.02350	0.01488	0.01773	0.01202	0.01232	0.07836	0.00309	0.01022	0.00585	0.00417	0.00994
5	0.01886	0.02662	0.27506	0.02579	0.08370	0.01901	0.25079	0.15723	0.02041	0.02849	0.01491	0.01787	0.01091	0.00712	0.00776	0.00237	0.01077	0.00698	0.00429	0.01104
6	0.01138	0.00680	0.00883	0.00903	0.00929	0.00664	0.00577	0.01022	0.01120	0.01472	0.02503	0.11931	0.07903	0.26818	0.02800	0.36128	0.00622	0.01043	0.00440	0.00425
7	0.01076	0.00822	0.00952	0.00981	0.01161	0.00771	0.00707	0.06938	0.01758	0.02265	0.09996	0.37107	0.28788	0.01970	0.00898	0.00270	0.00439	0.01721	0.00704	0.00678
8	0.02035	0.17074	0.17258	0.01469	0.02053	0.01825	0.01433	0.17658	0.01975	0.10334	0.01779	0.02362	0.01503	0.16570	0.01335	0.00320	0.00832	0.00683	0.00516	0.00986
9	0.01364	0.01197	0.01435	0.05661	0.11201	0.06871	0.01012	0.01503	0.01331	0.01733	0.02201	0.13832	0.02432	0.37009	0.02387	0.00485	0.06171	0.01065	0.00451	0.00660
10	0.04670	0.00827	0.01027	0.01010	0.01213	0.00777	0.00736	0.01774	0.01630	0.16204	0.09124	0.33933	0.03652	0.04849	0.00929	0.00273	0.00468	0.01388	0.14749	0.00765
11	0.02026	0.01360	0.05348	0.01247	0.01623	0.03878	0.01029	0.11026	0.01962	0.21003	0.11094	0.03310	0.05455	0.11974	0.09992	0.00417	0.00832	0.00878	0.04632	0.00917
12	0.01987	0.02244	0.16269	0.12324	0.18419	0.01915	0.10984	0.21305	0.02177	0.02996	0.01502	0.01809	0.01122	0.00744	0.00752	0.00232	0.00972	0.00670	0.00463	0.01113
13	0.01645	0.18708	0.02436	0.17450	0.10874	0.07740	0.01504	0.01948	0.01574	0.01980	0.05952	0.06431	0.07319	0.01015	0.00925	0.00231	0.10205	0.00782	0.00416	0.00863
14	0.15913	0.10338	0.02278	0.04907	0.12833	0.32351	0.01463	0.07532	0.01909	0.02396	0.01210	0.01439	0.00989	0.00730	0.00631	0.00204	0.01019	0.00507	0.00412	0.00940
15	0.01094	0.00728	0.00901	0.00901	0.00928	0.00755	0.00563	0.01119	0.01092	0.01483	0.02175	0.04235	0.02404	0.53797	0.17221	0.07742	0.00968	0.00984	0.00428	0.00481
16	0.02113	0.07005	0.13031	0.02454	0.18478	0.13017	0.04130	0.09449	0.03779	0.08200	0.01634	0.02010	0.01306	0.01011	0.03623	0.00265	0.04219	0.02754	0.00467	0.01055

[dist]
# distance from previous block
# <min> <max>
0	2

[block]
# block no. 5 follows, 27 sequences, length 22
# corresponding to MSA columns:
# 238-249,255-264
name=unknown_F
#
# <colnr> <probs for GDERKNQSTAVLIFYWHMCP>
#	G	D	E	R	K	N	Q	S	T	A	V	L	I	F	Y	W	H	M	C	P
0	0.01570	0.06383	0.10490	0.08858	0.05143	0.07051	0.01379	0.08767	0.01778	0.02365	0.04703	0.23842	0.02597	0.01325	0.00827	0.00249	0.02832	0.03501	0.05492	0.00848
1	0.12265	0.18567	0.05291	0.02263	0.18246	0.05140	0.06816	0.12665	0.01892	0.02743	0.01395	0.01643	0.01118	0.00714	0.00632	0.00206	0.00831	0.00575	0.05974	0.01023
2	0.11350	0.07806	0.07386	0.05050	0.04418	0.04149	0.06009	0.13511	0.02030	0.12938	0.09344	0.04726	0.01976	0.00899	0.00702	0.00220	0.00759	0.00738	0.00583	0.05406
3	0.02169	0.13205	0.11043	0.01514	0.02058	0.09563	0.01366	0.17201	0.04580	0.10978	0.02022	0.11082	0.01763	0.03728	0.00821	0.00237	0.00812	0.00797	0.00571	0.04490
4	0.01991	0.18909	0.12536	0.01574	0.02135	0.02044	0.03795	0.24596	0.02172	0.02884	0.01955	0.06126	0.04875	0.06629	0.01015	0.00260	0.04231	0.00752	0.00518	0.01002
5	0.00982	0.00724	0.00907	0.01023	0.01137	0.00677	0.00751	0.01159	0.01511	0.01946	0.04637	0.36931	0.18798	0.09569	0.01242	0.00343	0.00505	0.15884	0.00663	0.00611
6	0.01959	0.01961	0.06071	0.14483	0.24050	0.08912	0.13748	0.07178	0.01856	0.06769	0.01623	0.05077	0.01318	0.00790	0.00765	0.00232	0.00984	0.00747	0.00440	0.01036
7	0.01477	0.04836	0.24493	0.01928	0.05511	0.01675	0.06036	0.02038	0.04777	0.02233	0.06537	0.02965	0.08890	0.01116	0.01170	0.00263	0.17736	0.04953	0.00441	0.00923
8	0.00949	0.00676	0.00861	0.00991	0.01045	0.00638	0.00662	0.01068	0.01390	0.01834	0.03983	0.53557	0.08578	0.15364	0.01464	0.00377	0.00492	0.04845	0.00645	0.00580
9	0.02325	0.15024	0.11160	0.01837	0.02303	0.41699	0.01601	0.02607	0.01808	0.01870	0.01129	0.01382	0.00956	0.00807	0.00876	0.00209	0.10655	0.00497	0.00355	0.00900
10	0.02178	0.18095	0.15985	0.01719	0.02381	0.07020	0.05788	0.16591	0.09604	0.08542	0.03910	0.01892	0.01452	0.00809	0.00687	0.00215	0.00876	0.00634	0.00535	0.01088
11	0.01599	0.01219	0.01663	0.01476	0.01719	0.01371	0.04428	0.10955	0.04136	0.06925	0.02646	0.13917	0.06059	0.02479	0.18561	0.00507	0.13173	0.05762	0.00564	0.00840
12	0.00899	0.00668	0.00839	0.00975	0.01061	0.00608	0.00663	0.01040	0.01478	0.01918	0.04807	0.59597	0.18277	0.02233	0.00933	0.00291	0.00419	0.01997	0.00689	0.00608
13	0.01728	0.01736	0.13350	0.06051	0.15393	0.04776	0.03659	0.02153	0.01733	0.11303	0.09676	0.12359	0.02457	0.01062	0.00755	0.00233	0.00746	0.00933	0.08950	0.00947
14	0.15094	0.07861	0.13205	0.01669	0.04434	0.11473	0.01467	0.05679	0.12785	0.02557	0.01537	0.01778	0.01238	0.03210	0.00917	0.00241	0.08045	0.00581	0.00459	0.05768
15	0.01799	0.02078	0.09318	0.21179	0.26492	0.11256	0.02026	0.02344	0.05875	0.02184	0.01403	0.01820	0.01126	0.00779	0.00874	0.00236	0.07200	0.00635	0.00375	0.01001
16	0.02113	0.01695	0.01825	0.01552	0.02008	0.01928	0.01235	0.24849	0.41100	0.03526	0.02525	0.02450	0.01897	0.01323	0.06218	0.00315	0.00774	0.00778	0.00723	0.01165
17	0.01075	0.00737	0.00898	0.00898	0.00928	0.00768	0.00560	0.01136	0.01106	0.01505	0.02258	0.04412	0.02505	0.58193	0.19231	0.00829	0.01011	0.01014	0.00438	0.00499
18	0.00982	0.00698	0.00837	0.00900	0.00963	0.00660	0.00578	0.01085	0.01373	0.01812	0.08879	0.32241	0.12450	0.30764	0.02062	0.00456	0.00533	0.01569	0.00604	0.00553
19	0.01484	0.00946	0.03405	0.00988	0.01244	0.00824	0.00780	0.03935	0.01839	0.11745	0.23689	0.12438	0.09049	0.05030	0.00919	0.00253	0.00459	0.01154	0.19041	0.00777
20	0.61562	0.01494	0.01253	0.01079	0.01542	0.01708	0.00886	0.12831	0.01650	0.03517	0.01246	0.01401	0.00950	0.00734	0.00510	0.00225	0.00600	0.00465	0.05474	0.00873
21	0.02123	0.13870	0.02431	0.13895	0.07835	0.25345	0.01534	0.07669	0.01851	0.02140	0.01261	0.01588	0.01047	0.00933	0.03264	0.00239	0.05692	0.00546	0.00392	0.06345

[dist]
# distance from previous block
# <min> <max>
0	1

[block]
# block no. 6 follows, 27 sequences, length 25
# corresponding to MSA columns:
# 266-290
name=unknown_G
#
# <colnr> <probs for GDERKNQSTAVLIFYWHMCP>
#	G	D	E	R	K	N	Q	S	T	A	V	L	I	F	Y	W	H	M	C	P
0	0.02241	0.02052	0.02081	0.05063	0.02224	0.13908	0.01422	0.25657	0.09990	0.02977	0.01622	0.01950	0.01316	0.04748	0.01315	0.00273	0.18939	0.00672	0.00543	0.01007
1	0.01301	0.00772	0.00976	0.00997	0.01177	0.00695	0.00719	0.01501	0.01660	0.12124	0.12068	0.39620	0.15764	0.01868	0.00875	0.00267	0.00437	0.01648	0.04810	0.00721
2	0.02205	0.01773	0.01880	0.01583	0.02067	0.02014	0.01262	0.27015	0.44285	0.03683	0.02567	0.02407	0.01898	0.00965	0.00751	0.00241	0.00672	0.00777	0.00751	0.01207
3	0.01401	0.00849	0.01030	0.01004	0.01244	0.00765	0.00743	0.01684	0.04669	0.14755	0.09591	0.29168	0.26653	0.01792	0.00872	0.00263	0.00451	0.01555	0.00744	0.00767
4	0.02434	0.01063	0.01419	0.01165	0.01584	0.00931	0.00931	0.02724	0.02054	0.43964	0.20916	0.07298	0.07805	0.01215	0.00800	0.00236	0.00529	0.01030	0.00865	0.01037
5	0.01985	0.74357	0.03890	0.01270	0.01905	0.02937	0.01270	0.02223	0.01508	0.01747	0.01032	0.01191	0.00953	0.00635	0.00476	0.00159	0.00794	0.00397	0.00318	0.00953
6	0.00925	0.00688	0.00838	0.00933	0.01034	0.00627	0.00635	0.01072	0.01504	0.01954	0.09343	0.45117	0.21059	0.09209	0.01204	0.00325	0.00440	0.01817	0.00675	0.00601
7	0.01273	0.00794	0.01020	0.00953	0.01125	0.00737	0.00688	0.01534	0.01860	0.09191	0.45390	0.08944	0.05514	0.16015	0.01449	0.00334	0.00457	0.01274	0.00746	0.00700
8	0.13123	0.00874	0.01017	0.00999	0.01220	0.00886	0.00765	0.01475	0.01609	0.04737	0.20380	0.13884	0.16010	0.02376	0.14872	0.00441	0.00749	0.03246	0.00636	0.00701
9	0.01087	0.00777	0.01051	0.01074	0.01169	0.00833	0.00793	0.01278	0.01281	0.01768	0.05930	0.04564	0.02790	0.28331	0.33375	0.00848	0.01264	0.10708	0.00482	0.00595
10	0.01841	0.01094	0.01288	0.01082	0.01436	0.01052	0.00855	0.12887	0.02162	0.15003	0.23377	0.03675	0.08436	0.01139	0.00737	0.00212	0.00493	0.00950	0.16265	0.06016
11	0.02732	0.01852	0.02028	0.01580	0.02133	0.02011	0.01297	0.50269	0.07439	0.12925	0.02054	0.02007	0.01445	0.00901	0.00730	0.00222	0.00748	0.00691	0.05717	0.01220
12	0.01188	0.00797	0.00964	0.00952	0.01140	0.00754	0.00701	0.01568	0.05815	0.05566	0.30133	0.20357	0.13949	0.01606	0.00832	0.00244	0.00398	0.01404	0.10910	0.00721
13	0.01336	0.01110	0.01509	0.01396	0.01510	0.01370	0.01095	0.05206	0.03814	0.01945	0.01919	0.07765	0.01893	0.10098	0.34057	0.00754	0.21182	0.00871	0.00436	0.00733
14	0.02239	0.06652	0.06080	0.02135	0.15537	0.05933	0.01518	0.16908	0.06228	0.12862	0.04181	0.02041	0.01540	0.01011	0.03408	0.00253	0.03669	0.00665	0.00572	0.06567
15	0.01471	0.00981	0.01275	0.01171	0.01358	0.01046	0.00879	0.05636	0.08610	0.04375	0.02108	0.02681	0.05849	0.02680	0.17084	0.32369	0.04018	0.00751	0.00464	0.05196
16	0.01209	0.00835	0.01049	0.01103	0.01246	0.00825	0.00832	0.01541	0.06209	0.04751	0.09492	0.19633	0.07689	0.18960	0.01610	0.00398	0.00585	0.20710	0.00656	0.00668
17	0.01985	0.01797	0.07368	0.07928	0.16343	0.06121	0.05637	0.10244	0.07294	0.10562	0.04354	0.07129	0.02014	0.01023	0.00787	0.00244	0.00835	0.06736	0.00568	0.01034
18	0.02031	0.01854	0.07985	0.09141	0.15461	0.01754	0.05677	0.21211	0.07354	0.06000	0.05330	0.02327	0.01682	0.00862	0.00752	0.00227	0.00825	0.02905	0.00563	0.06060
19	0.02085	0.01349	0.01754	0.01513	0.01905	0.01372	0.05199	0.22469	0.02297	0.15462	0.02947	0.16875	0.02795	0.01438	0.00861	0.00270	0.00704	0.16998	0.00728	0.00978
20	0.02311	0.01998	0.08799	0.02223	0.14029	0.01855	0.05626	0.27953	0.08520	0.10044	0.01844	0.01929	0.01344	0.00802	0.00731	0.00219	0.00820	0.00673	0.00607	0.07672
21	0.02138	0.04751	0.07634	0.01904	0.05818	0.09034	0.13579	0.04975	0.04512	0.16714	0.07726	0.02229	0.01805	0.00803	0.00729	0.00209	0.00848	0.00713	0.00561	0.13319
22	0.07763	0.01913	0.08114	0.03402	0.39999	0.03989	0.06382	0.02204	0.01595	0.02374	0.01439	0.02072	0.01252	0.00822	0.00953	0.00243	0.10133	0.03923	0.00382	0.01047
23	0.04764	0.18320	0.38452	0.01853	0.02715	0.04629	0.06060	0.02496	0.01643	0.10370	0.01453	0.01607	0.01058	0.00713	0.00662	0.00217	0.00976	0.00552	0.00399	0.01060
24	0.01556	0.01579	0.06824	0.31291	0.15587	0.01557	0.08379	0.05308	0.01659	0.02286	0.01684	0.08259	0.01451	0.00860	0.00749	0.00235	0.00890	0.00796	0.04787	0.04263

[dist]
# distance from previous block
# <min> <max>
0	3

[block]
# block no. 7 follows, 27 sequences, length 6
# corresponding to MSA columns:
# 294-299
name=unknown_H
#
# <colnr> <probs for GDERKNQSTAVLIFYWHMCP>
#	G	D	E	R	K	N	Q	S	T	A	V	L	I	F	Y	W	H	M	C	P
0	0.01701	0.01425	0.05444	0.01613	0.02124	0.01201	0.15151	0.04129	0.04044	0.11784	0.13871	0.06639	0.07125	0.01080	0.00793	0.00225	0.00707	0.04886	0.00613	0.15444
1	0.01657	0.02513	0.34921	0.02111	0.08014	0.01449	0.09513	0.02254	0.01674	0.10363	0.05728	0.12481	0.02007	0.01000	0.00777	0.00245	0.00903	0.00892	0.00480	0.01018
2	0.01229	0.01067	0.01548	0.01400	0.01578	0.03605	0.08509	0.01468	0.01376	0.01865	0.04960	0.12652	0.04982	0.15014	0.26064	0.00673	0.06621	0.04236	0.00476	0.00679
3	0.05226	0.01334	0.01862	0.01703	0.08520	0.01317	0.08665	0.09818	0.04551	0.02762	0.07828	0.02427	0.01924	0.01490	0.10766	0.00338	0.00858	0.00725	0.11847	0.16039
4	0.06927	0.02507	0.02122	0.01854	0.02101	0.33021	0.01472	0.07565	0.01767	0.02126	0.01121	0.01484	0.00979	0.00990	0.01388	0.00251	0.30501	0.00559	0.00392	0.00870
5	0.01018	0.00845	0.01264	0.01197	0.01390	0.00771	0.08319	0.01251	0.01622	0.02134	0.13992	0.39728	0.19809	0.01906	0.00912	0.00274	0.00502	0.01728	0.00671	0.00669

[dist]
# distance from previous block
# <min> <max>
0	9

[block]
# block no. 8 follows, 27 sequences, length 13
# corresponding to MSA columns:
# 309-321
name=unknown_I
#
# <colnr> <probs for GDERKNQSTAVLIFYWHMCP>
#	G	D	E	R	K	N	Q	S	T	A	V	L	I	F	Y	W	H	M	C	P
0	0.01819	0.01440	0.01942	0.01599	0.01997	0.01528	0.10694	0.20714	0.11152	0.03091	0.07793	0.03325	0.02366	0.05634	0.07597	0.00360	0.00860	0.07515	0.07626	0.00950
1	0.01551	0.01461	0.02272	0.43468	0.13098	0.01782	0.01914	0.02195	0.09950	0.02108	0.01497	0.02008	0.01176	0.00847	0.00992	0.00256	0.11439	0.00681	0.00389	0.00916
2	0.01203	0.00676	0.00902	0.00902	0.00902	0.00676	0.00564	0.01014	0.01014	0.01351	0.01723	0.03330	0.01871	0.32017	0.03263	0.46342	0.00676	0.00824	0.00375	0.00375
3	0.01214	0.11569	0.01390	0.01015	0.01155	0.01111	0.00745	0.01341	0.01209	0.01607	0.02138	0.03974	0.02295	0.40147	0.21837	0.00748	0.01082	0.04400	0.00429	0.00596
4	0.12975	0.23008	0.20219	0.01406	0.01999	0.05784	0.01451	0.02009	0.01526	0.02190	0.02168	0.12777	0.07674	0.01038	0.00653	0.00221	0.00781	0.00808	0.00431	0.00882
5	0.01681	0.01671	0.02364	0.01956	0.02176	0.06948	0.12151	0.06070	0.01474	0.02059	0.01353	0.01964	0.01214	0.02076	0.17249	0.00490	0.35171	0.00708	0.00381	0.00843
6	0.00952	0.00745	0.00866	0.00886	0.01079	0.00659	0.00663	0.01187	0.01770	0.02281	0.24341	0.16688	0.37466	0.01854	0.00897	0.00259	0.00397	0.05637	0.00726	0.00648
7	0.01786	0.12635	0.04308	0.02856	0.03590	0.02033	0.56986	0.02355	0.01716	0.02285	0.01433	0.01883	0.01101	0.00627	0.00817	0.00237	0.01184	0.00806	0.00367	0.00994
8	0.01375	0.01904	0.18064	0.01560	0.01908	0.05899	0.01479	0.01720	0.01511	0.02066	0.07624	0.16391	0.12266	0.01419	0.01273	0.00272	0.20895	0.01080	0.00486	0.00809
9	0.01249	0.00949	0.01113	0.01115	0.01294	0.00977	0.00810	0.05400	0.13914	0.02378	0.12023	0.28471	0.08817	0.12366	0.01307	0.00339	0.00526	0.05522	0.00685	0.00743
10	0.01730	0.01226	0.01435	0.01214	0.01657	0.01140	0.00938	0.02477	0.19253	0.12380	0.02815	0.16759	0.04984	0.01137	0.00727	0.00210	0.00541	0.00973	0.00654	0.27750
11	0.33734	0.01504	0.06710	0.01297	0.01787	0.01383	0.06474	0.02064	0.05283	0.02831	0.08223	0.05626	0.04970	0.00950	0.00648	0.00226	0.00637	0.03586	0.00520	0.11548
12	0.08452	0.00870	0.00922	0.00881	0.01115	0.00846	0.00672	0.01372	0.01641	0.03875	0.13084	0.07471	0.39716	0.03726	0.00979	0.00259	0.04511	0.01281	0.07650	0.00678

[dist]
# distance from previous block
# <min> <max>
26	101

[block]
# block no. 9 follows, 27 sequences, length 44
# corresponding to MSA columns:
# 436-479
name=unknown_J
#
# <colnr> <probs for GDERKNQSTAVLIFYWHMCP>
#	G	D	E	R	K	N	Q	S	T	A	V	L	I	F	Y	W	H	M	C	P
0	0.05649	0.01882	0.04815	0.05567	0.11238	0.08098	0.09263	0.15247	0.02086	0.11917	0.01749	0.04818	0.01367	0.00808	0.00717	0.00212	0.00854	0.00695	0.00544	0.12474
1	0.02235	0.04943	0.05000	0.02664	0.28312	0.10229	0.01645	0.04700	0.01853	0.16137	0.01660	0.01827	0.01255	0.00717	0.00687	0.00198	0.00835	0.00604	0.00502	0.13998
2	0.07224	0.06379	0.05474	0.01650	0.08487	0.10941	0.01239	0.02318	0.01678	0.12096	0.04164	0.01988	0.01471	0.04875	0.00878	0.00215	0.03519	0.00591	0.00492	0.24322
3	0.02348	0.01450	0.01894	0.01683	0.08081	0.03943	0.04593	0.08607	0.04859	0.27994	0.13124	0.02684	0.02411	0.00920	0.00742	0.00212	0.00672	0.00785	0.00710	0.12288
4	0.02102	0.11767	0.13182	0.01642	0.04720	0.05439	0.05332	0.05180	0.01906	0.19051	0.12529	0.02420	0.02185	0.00868	0.00707	0.00208	0.00771	0.00718	0.00584	0.08689
5	0.01839	0.19909	0.33558	0.01739	0.02585	0.01918	0.04399	0.06713	0.01725	0.06949	0.01404	0.01571	0.01054	0.00692	0.00642	0.00200	0.00908	0.00532	0.00404	0.11257
6	0.01839	0.09051	0.20455	0.01645	0.04572	0.01617	0.01564	0.06898	0.13592	0.09373	0.02070	0.08964	0.01716	0.00922	0.00701	0.00217	0.00755	0.00756	0.00541	0.12753
7	0.01452	0.01363	0.02268	0.61747	0.11249	0.01626	0.02021	0.01933	0.01508	0.01976	0.01327	0.01942	0.01014	0.00724	0.00731	0.00238	0.00956	0.00648	0.00339	0.04938
8	0.01691	0.01719	0.08446	0.01455	0.05495	0.03556	0.01196	0.08097	0.01759	0.02593	0.01570	0.01762	0.03371	0.00655	0.00608	0.00146	0.00667	0.00523	0.00459	0.54232
9	0.01072	0.00813	0.01038	0.04512	0.01348	0.00805	0.00790	0.04445	0.01678	0.02237	0.17269	0.29259	0.16971	0.04807	0.09078	0.00389	0.00640	0.01519	0.00658	0.00672
10	0.02040	0.57195	0.13293	0.01398	0.02094	0.02586	0.01467	0.02374	0.01575	0.08280	0.01255	0.01372	0.01035	0.00672	0.00535	0.00177	0.00823	0.00452	0.00374	0.01003
11	0.01985	0.74357	0.03890	0.01270	0.01905	0.02937	0.01270	0.02223	0.01508	0.01747	0.01032	0.01191	0.00953	0.00635	0.00476	0.00159	0.00794	0.00397	0.00318	0.00953
12	0.01138	0.00911	0.01078	0.00930	0.01259	0.00760	0.00713	0.01439	0.01836	0.02560	0.33682	0.04876	0.22153	0.01349	0.00786	0.00204	0.00412	0.01155	0.00679	0.22078
13	0.02028	0.01644	0.01770	0.01546	0.01985	0.01863	0.01237	0.19575	0.45106	0.03415	0.02799	0.03076	0.02212	0.01081	0.00779	0.00253	0.00655	0.07082	0.00745	0.01148
14	0.01402	0.01319	0.02227	0.72126	0.05113	0.01649	0.02062	0.01897	0.01484	0.01897	0.01319	0.01979	0.00990	0.00742	0.00742	0.00247	0.00990	0.00660	0.00330	0.00825
15	0.00897	0.00675	0.00831	0.00956	0.01056	0.00610	0.00655	0.01042	0.01496	0.01925	0.05034	0.55202	0.22525	0.02203	0.00928	0.00288	0.00416	0.01961	0.00689	0.00610
16	0.02584	0.09521	0.05023	0.06379	0.05295	0.28673	0.01427	0.02871	0.01918	0.21576	0.01720	0.01801	0.01256	0.00810	0.00736	0.00210	0.03392	0.00584	0.03224	0.01000
17	0.00966	0.00735	0.00900	0.00982	0.01137	0.00669	0.00737	0.01183	0.01657	0.02136	0.13879	0.29767	0.27351	0.02014	0.00927	0.00282	0.00446	0.12886	0.00705	0.00639
18	0.01291	0.01113	0.01628	0.24698	0.09190	0.01213	0.01335	0.01835	0.08262	0.02387	0.21622	0.10092	0.09895	0.01238	0.00813	0.00246	0.00646	0.01094	0.00583	0.00819
19	0.01051	0.00759	0.00992	0.00934	0.01109	0.00700	0.00700	0.01401	0.02101	0.02977	0.68888	0.05545	0.07005	0.01518	0.00876	0.00233	0.00350	0.01343	0.00817	0.00700
20	0.79154	0.01436	0.01091	0.00976	0.01436	0.01665	0.00804	0.02182	0.01263	0.03331	0.01034	0.01206	0.00804	0.00689	0.00459	0.00230	0.00574	0.00402	0.00459	0.00804
21	0.01411	0.01320	0.02384	0.11565	0.08756	0.01355	0.20166	0.04317	0.01583	0.02157	0.02182	0.18697	0.02150	0.02107	0.15870	0.00460	0.01133	0.01088	0.00460	0.00839
22	0.00998	0.00757	0.00919	0.00879	0.01077	0.00678	0.00659	0.01299	0.01977	0.02682	0.50225	0.06032	0.25852	0.01628	0.00876	0.00239	0.00358	0.01411	0.00778	0.00678
23	0.01459	0.01851	0.16504	0.02511	0.24668	0.03994	0.01744	0.01895	0.01664	0.02307	0.08864	0.18187	0.02792	0.01250	0.00813	0.00253	0.00777	0.07036	0.00500	0.00930
24	0.02180	0.02425	0.19629	0.02520	0.18876	0.02023	0.01972	0.31277	0.02439	0.03386	0.01531	0.01733	0.01145	0.00809	0.00820	0.00231	0.04673	0.00635	0.00520	0.01176
25	0.01004	0.00757	0.00927	0.00885	0.01080	0.00680	0.00664	0.01310	0.01991	0.02714	0.52277	0.05978	0.23779	0.01616	0.00876	0.00238	0.00357	0.01403	0.00783	0.00680
26	0.01530	0.07163	0.30373	0.16752	0.02932	0.01559	0.01910	0.05546	0.01508	0.02085	0.01324	0.01811	0.01055	0.01177	0.01236	0.19326	0.00927	0.00592	0.00344	0.00849
27	0.01382	0.01524	0.08762	0.38317	0.15078	0.01461	0.01853	0.01847	0.01594	0.02107	0.05887	0.02937	0.12323	0.00949	0.00766	0.00241	0.00849	0.00832	0.00418	0.00873
28	0.01624	0.01624	0.02274	0.01949	0.01949	0.02274	0.01624	0.01787	0.01137	0.01787	0.00975	0.01624	0.00975	0.01299	0.02436	0.00325	0.72552	0.00650	0.00325	0.00812
29	0.01645	0.04102	0.01783	0.01225	0.01883	0.01180	0.03527	0.06011	0.01670	0.02535	0.01345	0.01560	0.01105	0.00578	0.00572	0.00124	0.00603	0.00470	0.00452	0.67627
30	0.17389	0.26177	0.22458	0.01518	0.02229	0.02168	0.01611	0.07415	0.08195	0.02604	0.01375	0.01506	0.01073	0.00723	0.00588	0.00210	0.00820	0.00507	0.00421	0.01011
31	0.03331	0.01263	0.01723	0.01321	0.01895	0.01091	0.01091	0.03618	0.02125	0.69794	0.02929	0.02527	0.01838	0.00919	0.00747	0.00230	0.00632	0.00747	0.00919	0.01263
32	0.01963	0.71207	0.06846	0.01308	0.01964	0.02883	0.01336	0.02229	0.01511	0.01774	0.01045	0.01208	0.00952	0.00638	0.00487	0.00162	0.00807	0.00404	0.00317	0.00959
33	0.01811	0.01698	0.02676	0.08334	0.50647	0.01774	0.02028	0.02610	0.15867	0.02536	0.01739	0.02046	0.01397	0.00741	0.00740	0.00229	0.00826	0.00699	0.00448	0.01153
34	0.00932	0.00673	0.00888	0.01051	0.01118	0.00629	0.00732	0.01085	0.01465	0.01934	0.04269	0.63255	0.08464	0.02273	0.00951	0.00303	0.00453	0.08223	0.00689	0.00612
35	0.01065	0.00779	0.01112	0.01112	0.01217	0.00884	0.00827	0.01274	0.01169	0.01663	0.02062	0.03326	0.02034	0.19988	0.56791	0.01093	0.01721	0.00855	0.00409	0.00618
36	0.01278	0.00699	0.00762	0.00768	0.00929	0.00685	0.00568	0.01603	0.01639	0.02718	0.14293	0.10240	0.03099	0.01124	0.00624	0.00196	0.00355	0.00947	0.56789	0.00685
37	0.01208	0.02304	0.36793	0.01596	0.02186	0.01185	0.01755	0.01718	0.01497	0.02132	0.02659	0.36115	0.02849	0.01484	0.00822	0.00267	0.00777	0.01299	0.00494	0.00860
38	0.01752	0.02271	0.19392	0.03960	0.53141	0.01754	0.02392	0.02296	0.01660	0.02407	0.01381	0.01771	0.01118	0.00672	0.00728	0.00224	0.00935	0.00634	0.00354	0.01157
39	0.00940	0.00754	0.00839	0.00818	0.01041	0.00653	0.00613	0.01187	0.01840	0.02356	0.29684	0.06567	0.46595	0.01749	0.00877	0.00244	0.00367	0.01486	0.00736	0.00653
40	0.02154	0.59187	0.03507	0.01408	0.01989	0.17502	0.01305	0.02382	0.01636	0.01762	0.01057	0.01223	0.00953	0.00663	0.00518	0.00166	0.00911	0.00414	0.00331	0.00933
41	0.01015	0.00728	0.00857	0.00863	0.01021	0.00665	0.00618	0.01250	0.01724	0.02361	0.28339	0.16515	0.22918	0.08856	0.01140	0.00291	0.00406	0.01437	0.08355	0.00639
42	0.74873	0.01426	0.01127	0.00996	0.01462	0.01633	0.00820	0.02263	0.01312	0.07083	0.01141	0.01281	0.00862	0.00702	0.00476	0.00230	0.00578	0.00421	0.00485	0.00830
43	0.01613	0.03374	0.55426	0.01973	0.02953	0.01725	0.02404	0.06948	0.06898	0.02577	0.01495	0.01675	0.01077	0.00732	0.00702	0.00227	0.01001	0.00573	0.00386	0.06241

[dist]
# distance from previous block
# <min> <max>
0	2

[block]
# block no. 10 follows, 27 sequences, length 49
# corresponding to MSA columns:
# 482-530
name=unknown_K
#
# <colnr> <probs for GDERKNQSTAVLIFYWHMCP>
#	G	D	E	R	K	N	Q	S	T	A	V	L	I	F	Y	W	H	M	C	P
0	0.11996	0.05283	0.34615	0.02539	0.14149	0.01795	0.14658	0.02317	0.01581	0.02478	0.01325	0.01635	0.00998	0.00678	0.00702	0.00232	0.01010	0.00606	0.00354	0.01048
1	0.01275	0.00967	0.01185	0.01066	0.01346	0.00881	0.00800	0.07354	0.01927	0.02725	0.31214	0.22547	0.04679	0.01474	0.00814	0.00225	0.00456	0.01297	0.00697	0.17072
2	0.01402	0.01319	0.02227	0.72126	0.05113	0.01649	0.02062	0.01897	0.01484	0.01897	0.01319	0.01979	0.00990	0.00742	0.00742	0.00247	0.00990	0.00660	0.00330	0.00825
3	0.01872	0.23711	0.10750	0.04637	0.02459	0.02153	0.09522	0.09580	0.15728	0.02539	0.01827	0.02255	0.01505	0.00869	0.00753	0.00227	0.03242	0.04855	0.00488	0.01028
4	0.00877	0.00752	0.00752	0.00752	0.01003	0.00627	0.00564	0.01065	0.01692	0.02005	0.07520	0.07144	0.68978	0.01880	0.00877	0.00251	0.00376	0.01567	0.00689	0.00627
5	0.01797	0.00833	0.01000	0.00930	0.01181	0.00779	0.00706	0.02082	0.01678	0.20281	0.02907	0.17560	0.02518	0.01186	0.00669	0.00215	0.00439	0.01005	0.41411	0.00824
6	0.02778	0.02058	0.02203	0.01699	0.02285	0.02282	0.01400	0.63971	0.06395	0.04608	0.01838	0.01827	0.01308	0.00896	0.00743	0.00224	0.00807	0.00676	0.00743	0.01259
7	0.79154	0.01436	0.01091	0.00976	0.01436	0.01665	0.00804	0.02182	0.01263	0.03331	0.01034	0.01206	0.00804	0.00689	0.00459	0.00230	0.00574	0.00402	0.00459	0.00804
8	0.00904	0.00646	0.00861	0.01034	0.01077	0.00603	0.00689	0.01034	0.01421	0.01895	0.04092	0.73426	0.04910	0.02326	0.00948	0.00301	0.00431	0.02110	0.00689	0.00603
9	0.01284	0.00967	0.01417	0.14227	0.07470	0.00979	0.01096	0.01665	0.01956	0.05793	0.48011	0.04453	0.05193	0.01279	0.00834	0.00235	0.00523	0.01135	0.00696	0.00788
10	0.29773	0.09776	0.07313	0.01259	0.01787	0.10730	0.01105	0.02130	0.01502	0.02542	0.01415	0.07899	0.01291	0.00813	0.00574	0.00197	0.00724	0.00588	0.00438	0.18143
11	0.01210	0.00976	0.01418	0.01689	0.13568	0.01025	0.01037	0.01448	0.01448	0.02028	0.13181	0.09466	0.06182	0.17139	0.20857	0.00605	0.04443	0.01055	0.00505	0.00720
12	0.01142	0.00922	0.01353	0.01717	0.13613	0.00919	0.01079	0.01392	0.01494	0.02012	0.03576	0.28597	0.11696	0.02611	0.15631	0.00473	0.00866	0.09605	0.00569	0.00734
13	0.04880	0.17484	0.10607	0.02494	0.21059	0.12432	0.06723	0.02331	0.01670	0.02212	0.01259	0.01545	0.01041	0.00661	0.00644	0.00193	0.00932	0.00543	0.00366	0.10924
14	0.01753	0.01293	0.01835	0.01463	0.01948	0.01148	0.09723	0.07870	0.01810	0.11162	0.02390	0.17425	0.02275	0.01135	0.00759	0.00214	0.00664	0.06150	0.00593	0.28391
15	0.01660	0.13025	0.40634	0.02016	0.05456	0.01928	0.05175	0.02668	0.15577	0.02430	0.01657	0.01800	0.01240	0.00754	0.00693	0.00228	0.00946	0.00609	0.00412	0.01092
16	0.01685	0.20724	0.26835	0.02331	0.08648	0.02019	0.19244	0.02256	0.01605	0.02191	0.01441	0.05078	0.01205	0.00741	0.00708	0.00222	0.01011	0.00683	0.00354	0.01018
17	0.01117	0.00919	0.01278	0.01671	0.15361	0.00869	0.00959	0.01310	0.01503	0.01975	0.04187	0.31887	0.20574	0.11427	0.01263	0.00327	0.00550	0.01526	0.00590	0.00709
18	0.01091	0.01539	0.19151	0.01290	0.01675	0.00935	0.01259	0.01459	0.01580	0.02125	0.07191	0.30466	0.17348	0.01737	0.00874	0.00274	0.00618	0.08043	0.00596	0.00752
19	0.25426	0.05003	0.02005	0.01649	0.02057	0.29116	0.04308	0.09206	0.01843	0.02589	0.01171	0.01405	0.00953	0.00808	0.00829	0.00224	0.09572	0.00511	0.00434	0.00890
20	0.01732	0.02291	0.17629	0.03502	0.30599	0.01799	0.26751	0.02331	0.01688	0.02392	0.01423	0.01843	0.01108	0.00657	0.00782	0.00235	0.01067	0.00719	0.00359	0.01093
21	0.01383	0.01215	0.01974	0.08397	0.30185	0.01271	0.01539	0.01712	0.01474	0.02069	0.02127	0.17210	0.02141	0.02425	0.20922	0.00519	0.01113	0.01004	0.00441	0.00879
22	0.01078	0.00753	0.00968	0.00914	0.01089	0.00700	0.00686	0.01428	0.02057	0.02960	0.63432	0.05317	0.06586	0.01464	0.00846	0.00229	0.00350	0.01289	0.07155	0.00700
23	0.01058	0.00719	0.00816	0.00833	0.01007	0.00658	0.00609	0.01317	0.01710	0.02428	0.20942	0.17682	0.24237	0.01605	0.00796	0.00235	0.00372	0.01381	0.20936	0.00658
24	0.01031	0.00758	0.00965	0.00913	0.01097	0.00692	0.00685	0.01362	0.02054	0.02865	0.61842	0.05729	0.14120	0.01559	0.00876	0.00235	0.00353	0.01368	0.00803	0.00692
25	0.00947	0.00679	0.00900	0.01005	0.01086	0.00631	0.00692	0.01141	0.01620	0.02211	0.23033	0.53583	0.05522	0.02090	0.00927	0.00282	0.00407	0.01886	0.00727	0.00631
26	0.02828	0.01514	0.01801	0.01406	0.01911	0.01522	0.01132	0.28334	0.02527	0.34838	0.02395	0.02543	0.01725	0.10664	0.01150	0.00292	0.00717	0.00760	0.00786	0.01154
27	0.02773	0.03538	0.02104	0.01913	0.02295	0.70930	0.01434	0.02964	0.02104	0.01817	0.01148	0.01339	0.00956	0.00765	0.00669	0.00191	0.01339	0.00478	0.00383	0.00861
28	0.00973	0.00695	0.00940	0.01112	0.01185	0.00662	0.00808	0.01152	0.01489	0.01972	0.04054	0.58148	0.04760	0.02261	0.00966	0.00311	0.00490	0.16712	0.00688	0.00622
29	0.01805	0.01715	0.02853	0.04180	0.61924	0.01680	0.02126	0.02234	0.01674	0.02425	0.01388	0.01805	0.01168	0.00649	0.00715	0.00208	0.00846	0.00637	0.00375	0.09593
30	0.01790	0.01833	0.14280	0.01653	0.07138	0.01230	0.04050	0.02232	0.01639	0.11020	0.01541	0.01712	0.01172	0.00637	0.00630	0.00162	0.00714	0.00533	0.00470	0.45565
31	0.01746	0.01671	0.02848	0.18743	0.55807	0.01740	0.02233	0.02198	0.01647	0.02314	0.01380	0.01867	0.01137	0.00678	0.00736	0.00226	0.00905	0.00661	0.00360	0.01102
32	0.02718	0.02203	0.01983	0.01752	0.05308	0.23595	0.01319	0.19895	0.05608	0.20064	0.04322	0.04338	0.01674	0.00921	0.00732	0.00219	0.00898	0.00706	0.00657	0.01086
33	0.00965	0.00695	0.00927	0.01090	0.01170	0.00657	0.00790	0.01141	0.01495	0.01969	0.04222	0.56571	0.07848	0.02247	0.00961	0.00308	0.00481	0.15156	0.00688	0.00621
34	0.01402	0.01319	0.02227	0.72126	0.05113	0.01649	0.02062	0.01897	0.01484	0.01897	0.01319	0.01979	0.00990	0.00742	0.00742	0.00247	0.00990	0.00660	0.00330	0.00825
35	0.79154	0.01436	0.01091	0.00976	0.01436	0.01665	0.00804	0.02182	0.01263	0.03331	0.01034	0.01206	0.00804	0.00689	0.00459	0.00230	0.00574	0.00402	0.00459	0.00804
36	0.01188	0.01276	0.08810	0.16390	0.07127	0.01076	0.01223	0.01492	0.01492	0.01948	0.06648	0.04365	0.21612	0.20420	0.01585	0.00369	0.00712	0.01056	0.00491	0.00718
37	0.01846	0.08303	0.09596	0.02249	0.19759	0.04872	0.01562	0.05432	0.12204	0.06890	0.09419	0.02558	0.05242	0.00895	0.00720	0.00216	0.00749	0.00754	0.00541	0.06191
38	0.02822	0.02079	0.02228	0.01708	0.02302	0.02302	0.01411	0.66804	0.03490	0.04679	0.01782	0.01782	0.01262	0.00891	0.00743	0.00223	0.00817	0.00668	0.00743	0.01262
39	0.02171	0.02535	0.02097	0.01859	0.02053	0.36880	0.01455	0.02338	0.01622	0.01780	0.01147	0.01682	0.01073	0.05558	0.01627	0.00282	0.32077	0.00590	0.00362	0.00814
40	0.79154	0.01436	0.01091	0.00976	0.01436	0.01665	0.00804	0.02182	0.01263	0.03331	0.01034	0.01206	0.00804	0.00689	0.00459	0.00230	0.00574	0.00402	0.00459	0.00804
41	0.01196	0.00854	0.01196	0.01367	0.01538	0.00854	0.01196	0.01538	0.01709	0.02222	0.03931	0.08374	0.04272	0.02051	0.01025	0.00342	0.00684	0.64283	0.00684	0.00684
42	0.00994	0.00720	0.00938	0.00961	0.01094	0.00664	0.00691	0.01263	0.01854	0.02571	0.44421	0.28729	0.08712	0.01807	0.00900	0.00257	0.00379	0.01613	0.00769	0.00664
43	0.00944	0.00680	0.00901	0.01045	0.01120	0.00636	0.00733	0.01117	0.01522	0.02032	0.10383	0.58611	0.07286	0.02208	0.00945	0.00297	0.00445	0.07773	0.00701	0.00621
44	0.01384	0.00692	0.00692	0.00692	0.00865	0.00692	0.00519	0.01730	0.01557	0.02768	0.02422	0.02768	0.01903	0.00865	0.00519	0.00173	0.00346	0.00692	0.78031	0.00692
45	0.16557	0.01163	0.01417	0.01157	0.01606	0.01094	0.00937	0.02777	0.01962	0.40215	0.19822	0.03075	0.03000	0.01033	0.00728	0.00231	0.00548	0.00840	0.00809	0.01033
46	0.02569	0.02152	0.02072	0.01686	0.02207	0.11360	0.01354	0.42382	0.19596	0.03898	0.02011	0.01973	0.01475	0.00904	0.00736	0.00226	0.00829	0.00686	0.00698	0.01187
47	0.05238	0.01917	0.01711	0.01468	0.01838	0.16853	0.01124	0.23562	0.07938	0.06041	0.01996	0.05852	0.01757	0.14471	0.04647	0.00360	0.00914	0.00785	0.00589	0.00940
48	0.08887	0.07716	0.17747	0.07127	0.09055	0.04918	0.06985	0.02333	0.01656	0.09330	0.04088	0.01836	0.01326	0.00722	0.00669	0.00207	0.00856	0.00600	0.00444	0.13498

[dist]
# distance from previous block
# <min> <max>
1	16

[block]
# block no. 11 follows, 27 sequences, length 21
# corresponding to MSA columns:
# 547-567
name=unknown_L
#
# <colnr> <probs for GDERKNQSTAVLIFYWHMCP>
#	G	D	E	R	K	N	Q	S	T	A	V	L	I	F	Y	W	H	M	C	P
0	0.01807	0.01841	0.09405	0.05881	0.13035	0.05032	0.16104	0.09016	0.01887	0.06945	0.07097	0.08604	0.02042	0.04023	0.03658	0.00295	0.00948	0.00897	0.00507	0.00974
1	0.01166	0.00724	0.00824	0.00808	0.00987	0.00683	0.00603	0.01483	0.01780	0.02709	0.28941	0.07438	0.13065	0.01317	0.00724	0.00212	0.00355	0.01122	0.34376	0.00683
2	0.01538	0.03501	0.57941	0.02303	0.03336	0.01752	0.14525	0.02356	0.01601	0.02356	0.01364	0.01648	0.00975	0.00691	0.00737	0.00238	0.01126	0.00609	0.00325	0.01079
3	0.01032	0.00789	0.00992	0.01030	0.01211	0.00683	0.00720	0.01205	0.01461	0.02008	0.03734	0.54896	0.07956	0.01939	0.00863	0.00260	0.00452	0.01739	0.00639	0.16392
4	0.00994	0.00717	0.00955	0.01083	0.01186	0.00678	0.00803	0.01211	0.01608	0.02148	0.14539	0.44629	0.07869	0.02114	0.00951	0.00298	0.00474	0.16395	0.00708	0.00638
5	0.01762	0.02044	0.16182	0.12000	0.02902	0.01751	0.11743	0.12517	0.06521	0.04774	0.05412	0.02449	0.06330	0.00949	0.00968	0.00250	0.09170	0.00785	0.00497	0.00994
6	0.01599	0.01201	0.01445	0.01086	0.01639	0.00940	0.00862	0.01929	0.01705	0.08512	0.15166	0.02439	0.02363	0.00779	0.00633	0.00146	0.00517	0.00650	0.00559	0.55831
7	0.01750	0.01328	0.01598	0.01168	0.01785	0.01066	0.00942	0.02067	0.01587	0.10164	0.01488	0.01658	0.01178	0.00630	0.00668	0.00135	0.04201	0.00486	0.00489	0.65612
8	0.01925	0.02342	0.18164	0.02084	0.13009	0.08899	0.01694	0.14116	0.02008	0.02776	0.03700	0.01753	0.01290	0.00723	0.00675	0.00191	0.00858	0.00578	0.00461	0.22753
9	0.37334	0.34122	0.04906	0.01192	0.01761	0.02273	0.01119	0.06058	0.01517	0.02668	0.01088	0.01247	0.00903	0.00678	0.00493	0.00198	0.00706	0.00421	0.00408	0.00908
10	0.02295	0.01285	0.01558	0.01307	0.01738	0.01292	0.01039	0.05992	0.23100	0.29858	0.18559	0.03287	0.03174	0.01088	0.00780	0.00237	0.00559	0.00914	0.00835	0.01102
11	0.01783	0.01626	0.01969	0.05183	0.17970	0.08272	0.01342	0.02132	0.01660	0.04956	0.01499	0.01950	0.01268	0.00687	0.00643	0.00165	0.00737	0.03344	0.00441	0.42371
12	0.01085	0.00761	0.00953	0.00927	0.01114	0.00686	0.00687	0.01366	0.01916	0.05316	0.43866	0.15954	0.19222	0.01689	0.00882	0.00247	0.00379	0.01480	0.00776	0.00693
13	0.79154	0.01436	0.01091	0.00976	0.01436	0.01665	0.00804	0.02182	0.01263	0.03331	0.01034	0.01206	0.00804	0.00689	0.00459	0.00230	0.00574	0.00402	0.00459	0.00804
14	0.01489	0.03840	0.70064	0.02116	0.03213	0.01724	0.02743	0.02351	0.01567	0.02351	0.01332	0.01567	0.00940	0.00705	0.00705	0.00235	0.01097	0.00549	0.00313	0.01097
