[name]
unknown

[dist]
# distance from previous block
# <min> <max>
0	119

[block]
# block no. 0 follows, 30 sequences, length 24
# corresponding to MSA columns:
# 134-157
name=unknown_A
#
# <colnr> <probs for GDERKNQSTAVLIFYWHMCP>
#	G	D	E	R	K	N	Q	S	T	A	V	L	I	F	Y	W	H	M	C	P
0	0.04618	0.01410	0.04982	0.01353	0.01883	0.01217	0.06728	0.05981	0.07228	0.13932	0.07798	0.02275	0.01810	0.00793	0.00701	0.00183	0.02971	0.02776	0.00553	0.30810
1	0.01223	0.00925	0.01162	0.01242	0.07563	0.00813	0.00884	0.01479	0.01601	0.06884	0.04663	0.05452	0.34946	0.01455	0.00790	0.00231	0.00500	0.15434	0.00601	0.12152
2	0.04806	0.01476	0.10668	0.01812	0.13823	0.01283	0.01316	0.02217	0.18150	0.05520	0.02368	0.17784	0.02189	0.01605	0.09220	0.00340	0.00782	0.00950	0.02792	0.00899
3	0.24738	0.02139	0.25095	0.01577	0.02222	0.01547	0.08973	0.05543	0.07321	0.05188	0.05626	0.01818	0.01389	0.00741	0.00624	0.00220	0.00769	0.00594	0.02950	0.00925
4	0.01614	0.01213	0.03885	0.01045	0.01588	0.00907	0.00870	0.01914	0.01582	0.13964	0.04798	0.02589	0.12679	0.00815	0.00614	0.00152	0.00516	0.00667	0.00536	0.48055
5	0.01535	0.01581	0.12074	0.03158	0.01866	0.04254	0.06622	0.09780	0.04013	0.05703	0.12878	0.07388	0.08763	0.05172	0.00946	0.00247	0.03775	0.00907	0.08509	0.00827
6	0.01512	0.04927	0.06418	0.04208	0.15486	0.01384	0.05085	0.08225	0.09564	0.02425	0.06138	0.12842	0.07460	0.01027	0.00714	0.00213	0.00661	0.00907	0.00513	0.10289
7	0.01017	0.00777	0.01098	0.00984	0.01182	0.00716	0.04396	0.01353	0.01940	0.02726	0.64055	0.05097	0.09184	0.01396	0.00823	0.00221	0.00377	0.01247	0.00740	0.00671
8	0.01307	0.09615	0.40432	0.01646	0.04734	0.01418	0.01818	0.01868	0.01552	0.02205	0.13838	0.09245	0.05497	0.00982	0.00700	0.00220	0.00784	0.00818	0.00429	0.00892
9	0.00997	0.00748	0.01121	0.01121	0.01246	0.00872	0.00872	0.01246	0.01121	0.01620	0.01869	0.02741	0.01745	0.05234	0.72710	0.01121	0.01869	0.00748	0.00374	0.00623
10	0.01301	0.00650	0.00650	0.00650	0.00813	0.00650	0.00488	0.01626	0.01463	0.02602	0.02276	0.02602	0.01789	0.00813	0.00488	0.00163	0.00325	0.00650	0.79350	0.00650
11	0.21062	0.01465	0.01977	0.06593	0.25358	0.01468	0.03440	0.05747	0.01561	0.05805	0.01299	0.01559	0.01025	0.00631	0.00594	0.00189	0.00691	0.00526	0.00424	0.18589
12	0.01403	0.01212	0.01359	0.03914	0.05323	0.06557	0.00962	0.04978	0.15007	0.02496	0.29925	0.03648	0.03700	0.09958	0.04181	0.00313	0.02717	0.00952	0.00613	0.00783
13	0.01301	0.00650	0.00650	0.00650	0.00813	0.00650	0.00488	0.01626	0.01463	0.02602	0.02276	0.02602	0.01789	0.00813	0.00488	0.00163	0.00325	0.00650	0.79350	0.00650
14	0.62496	0.01462	0.01256	0.01064	0.01524	0.01664	0.00877	0.15173	0.01626	0.05752	0.01171	0.01283	0.00874	0.00692	0.00493	0.00215	0.00586	0.00438	0.00499	0.00855
15	0.17998	0.00886	0.01042	0.01114	0.01320	0.00914	0.00912	0.01534	0.01493	0.04780	0.06889	0.20705	0.03515	0.01645	0.00817	0.00281	0.00550	0.32319	0.00614	0.00671
16	0.01517	0.01238	0.01454	0.01042	0.01659	0.00934	0.00835	0.01825	0.01470	0.05152	0.01303	0.01486	0.01062	0.00531	0.00524	0.00108	0.00520	0.00425	0.00432	0.76481
17	0.01230	0.00980	0.01213	0.01061	0.01356	0.00954	0.00804	0.01668	0.09497	0.01989	0.04766	0.02717	0.01901	0.14408	0.27148	0.00585	0.01028	0.00712	0.00451	0.25534
18	0.01695	0.49433	0.28624	0.01485	0.02241	0.02344	0.01701	0.02134	0.01438	0.01850	0.01073	0.01249	0.00891	0.00621	0.00527	0.00176	0.00851	0.00425	0.00297	0.00945
19	0.00988	0.00717	0.00946	0.00946	0.01033	0.00771	0.00669	0.01135	0.01125	0.01543	0.02482	0.03808	0.08530	0.31609	0.39676	0.00869	0.01274	0.00917	0.00418	0.00544
20	0.01301	0.00650	0.00650	0.00650	0.00813	0.00650	0.00488	0.01626	0.01463	0.02602	0.02276	0.02602	0.01789	0.00813	0.00488	0.00163	0.00325	0.00650	0.79350	0.00650
21	0.01540	0.21571	0.48403	0.01879	0.02771	0.01920	0.08426	0.02182	0.01476	0.02070	0.01197	0.01423	0.00903	0.00639	0.00624	0.00204	0.00973	0.00509	0.00301	0.00989
22	0.01006	0.00711	0.00934	0.00934	0.00994	0.00771	0.00639	0.01126	0.01066	0.01481	0.02040	0.03689	0.02156	0.41711	0.36796	0.00890	0.01250	0.00886	0.00399	0.00519
23	0.60014	0.08414	0.01432	0.01044	0.01511	0.01730	0.00880	0.10487	0.01506	0.06043	0.01135	0.01253	0.00864	0.00676	0.00478	0.00209	0.00590	0.00423	0.00471	0.00841

[dist]
# distance from previous block
# <min> <max>
2	8

[block]
# block no. 1 follows, 30 sequences, length 7
# corresponding to MSA columns:
# 167-173
name=unknown_B
#
# <colnr> <probs for GDERKNQSTAVLIFYWHMCP>
#	G	D	E	R	K	N	Q	S	T	A	V	L	I	F	Y	W	H	M	C	P
0	0.04409	0.01493	0.07550	0.07561	0.21265	0.01343	0.01410	0.07247	0.05514	0.08830	0.02231	0.02656	0.08382	0.10571	0.01058	0.00270	0.00712	0.00745	0.00484	0.06268
1	0.01744	0.02109	0.20589	0.05822	0.36201	0.01601	0.05753	0.02372	0.06499	0.08267	0.01534	0.01794	0.01166	0.00678	0.00694	0.00216	0.00864	0.00624	0.00402	0.01071
2	0.01547	0.02001	0.20624	0.02031	0.09250	0.05390	0.15437	0.02004	0.05401	0.04164	0.01806	0.02159	0.05856	0.01122	0.01155	0.17272	0.00875	0.00692	0.00383	0.00830
3	0.05551	0.01436	0.04842	0.04836	0.11458	0.07747	0.01131	0.07502	0.01727	0.08805	0.02675	0.06507	0.12726	0.00977	0.00659	0.00203	0.00634	0.00802	0.15291	0.04491
4	0.01721	0.08923	0.16938	0.05534	0.14459	0.01547	0.05108	0.07378	0.05643	0.09868	0.02302	0.07227	0.08515	0.00915	0.00699	0.00218	0.00763	0.00784	0.00485	0.00971
5	0.06275	0.07538	0.15135	0.07622	0.16838	0.05071	0.04849	0.04042	0.08929	0.07349	0.01755	0.08443	0.01482	0.00839	0.00678	0.00219	0.00802	0.00719	0.00450	0.00967
6	0.08361	0.01883	0.12636	0.13317	0.15387	0.05816	0.07993	0.04470	0.01514	0.02202	0.01394	0.06576	0.01214	0.00824	0.00868	0.00227	0.09512	0.00675	0.00374	0.04759

[dist]
# distance from previous block
# <min> <max>
0	3

[block]
# block no. 2 follows, 30 sequences, length 8
# corresponding to MSA columns:
# 177-184
name=unknown_C
#
# <colnr> <probs for GDERKNQSTAVLIFYWHMCP>
#	G	D	E	R	K	N	Q	S	T	A	V	L	I	F	Y	W	H	M	C	P
0	0.06446	0.16595	0.01627	0.01053	0.01379	0.04964	0.00857	0.01622	0.01522	0.04851	0.10464	0.16642	0.15566	0.01250	0.00753	0.00210	0.03862	0.01016	0.00529	0.08793
1	0.01558	0.01272	0.01353	0.01349	0.05855	0.08675	0.00940	0.12128	0.01769	0.05062	0.07932	0.13658	0.07095	0.15602	0.05162	0.00361	0.00729	0.05239	0.00557	0.03704
2	0.09124	0.04518	0.19670	0.01507	0.04573	0.03917	0.01419	0.08069	0.07790	0.07062	0.06025	0.01846	0.01481	0.00728	0.00619	0.00188	0.00714	0.00570	0.00480	0.19700
3	0.07986	0.01813	0.05707	0.01771	0.06527	0.12588	0.10586	0.08611	0.14012	0.04873	0.01954	0.09137	0.01724	0.08435	0.00991	0.00269	0.00813	0.00803	0.00507	0.00894
4	0.14102	0.08068	0.08029	0.01246	0.01744	0.08826	0.01103	0.07064	0.05268	0.15173	0.04966	0.02038	0.03778	0.00793	0.00601	0.00193	0.00669	0.00598	0.06917	0.08825
5	0.05044	0.15333	0.09059	0.01861	0.13046	0.07759	0.01419	0.13516	0.01829	0.04726	0.03559	0.05367	0.01492	0.00855	0.00722	0.00206	0.04711	0.02417	0.06145	0.00935
6	0.10973	0.08114	0.01570	0.01321	0.05956	0.01212	0.00994	0.02153	0.06401	0.17094	0.08597	0.12622	0.02548	0.01120	0.00694	0.00221	0.00562	0.08402	0.00607	0.08838
7	0.01830	0.10736	0.10784	0.01272	0.01741	0.04025	0.01176	0.04965	0.06463	0.16976	0.09429	0.05458	0.04785	0.01026	0.00690	0.00213	0.00641	0.07374	0.05644	0.04772

[dist]
# distance from previous block
# <min> <max>
5	47

[block]
# block no. 3 follows, 30 sequences, length 9
# corresponding to MSA columns:
# 233-241
name=unknown_D
#
# <colnr> <probs for GDERKNQSTAVLIFYWHMCP>
#	G	D	E	R	K	N	Q	S	T	A	V	L	I	F	Y	W	H	M	C	P
0	0.17512	0.01515	0.02010	0.02145	0.21409	0.01520	0.04131	0.13480	0.01860	0.16502	0.01587	0.01705	0.01163	0.00697	0.00629	0.00200	0.00694	0.00575	0.00532	0.10134
1	0.17359	0.01578	0.01899	0.09192	0.22222	0.07766	0.01420	0.02490	0.13080	0.09513	0.01654	0.01853	0.01273	0.00977	0.04614	0.00265	0.00806	0.00602	0.00476	0.00960
2	0.01755	0.01798	0.07796	0.08858	0.55309	0.01692	0.02088	0.07969	0.01715	0.02425	0.01335	0.01713	0.01084	0.00649	0.00690	0.00210	0.00846	0.00614	0.00370	0.01083
3	0.01789	0.01586	0.02250	0.05441	0.39336	0.05425	0.01649	0.02390	0.11426	0.07081	0.05440	0.02039	0.01572	0.00727	0.00681	0.00201	0.00741	0.00656	0.00463	0.09106
4	0.01777	0.05620	0.02285	0.08963	0.33071	0.01564	0.01597	0.06786	0.08294	0.06953	0.05669	0.02002	0.01540	0.00724	0.00668	0.00198	0.00720	0.00643	0.00466	0.10460
5	0.10576	0.01521	0.02496	0.09125	0.31925	0.01506	0.13040	0.02105	0.01552	0.05745	0.03628	0.01811	0.01245	0.00651	0.00669	0.00204	0.00799	0.00629	0.00401	0.10373
6	0.02082	0.02068	0.15695	0.01608	0.02201	0.10926	0.07465	0.06336	0.10953	0.19266	0.02261	0.02238	0.06313	0.00829	0.00692	0.00209	0.00803	0.00684	0.00559	0.06812
7	0.01550	0.06752	0.02056	0.07562	0.29925	0.01373	0.01447	0.01999	0.05963	0.06756	0.14613	0.03164	0.09576	0.00974	0.00723	0.00217	0.00651	0.03263	0.00514	0.00920
8	0.01683	0.11433	0.02433	0.08620	0.02456	0.01614	0.14995	0.08872	0.08672	0.02414	0.01447	0.01675	0.01138	0.00636	0.00626	0.00174	0.00752	0.00573	0.00435	0.29354

[dist]
# distance from previous block
# <min> <max>
0	25

[block]
# block no. 4 follows, 30 sequences, length 25
# corresponding to MSA columns:
# 267-291
name=unknown_E
#
# <colnr> <probs for GDERKNQSTAVLIFYWHMCP>
#	G	D	E	R	K	N	Q	S	T	A	V	L	I	F	Y	W	H	M	C	P
0	0.01939	0.04900	0.06906	0.09271	0.17731	0.15644	0.22301	0.04480	0.01731	0.06381	0.01374	0.01696	0.01054	0.00661	0.00710	0.00212	0.01022	0.00639	0.00386	0.00962
1	0.01415	0.01855	0.16471	0.02130	0.19506	0.07794	0.04668	0.01839	0.01691	0.02260	0.17977	0.03278	0.14181	0.01015	0.00738	0.00217	0.00733	0.00883	0.00484	0.00866
2	0.00908	0.00710	0.00822	0.00794	0.00994	0.00624	0.00596	0.01162	0.01787	0.02351	0.39553	0.05949	0.38065	0.01594	0.00824	0.00227	0.00341	0.01365	0.00709	0.00624
3	0.01540	0.01295	0.01443	0.01374	0.04103	0.01450	0.01010	0.03002	0.49410	0.02778	0.16623	0.03222	0.03027	0.05482	0.00902	0.00258	0.00524	0.00893	0.00692	0.00973
4	0.00865	0.00709	0.00763	0.00750	0.00968	0.00606	0.00562	0.01080	0.01687	0.02113	0.22960	0.06341	0.54806	0.01682	0.00824	0.00232	0.00347	0.01420	0.00678	0.00606
5	0.01650	0.01789	0.03631	0.06291	0.11808	0.01739	0.51089	0.02338	0.07917	0.02283	0.01523	0.01929	0.01157	0.00631	0.00791	0.00232	0.01065	0.00786	0.00383	0.00969
6	0.01498	0.01392	0.02323	0.21279	0.42474	0.01461	0.01839	0.01911	0.01606	0.02242	0.13070	0.02352	0.01990	0.00777	0.00715	0.00216	0.00770	0.00730	0.00408	0.00946
7	0.01786	0.01978	0.14501	0.02070	0.02711	0.01636	0.27950	0.11989	0.10847	0.07156	0.04631	0.02314	0.05464	0.00801	0.00755	0.00227	0.00894	0.00785	0.00506	0.00998
8	0.02491	0.01592	0.01899	0.01701	0.08326	0.01678	0.01260	0.27824	0.18544	0.23771	0.02238	0.02108	0.01563	0.00851	0.00701	0.00218	0.00671	0.00688	0.00717	0.01160
9	0.01415	0.01339	0.02268	0.57316	0.20530	0.01576	0.01986	0.01868	0.01441	0.01901	0.01257	0.01829	0.00972	0.00680	0.00696	0.00227	0.00906	0.00621	0.00318	0.00853
10	0.02389	0.01435	0.02003	0.13930	0.02541	0.01481	0.07473	0.13869	0.12522	0.31555	0.02205	0.02161	0.01502	0.00818	0.00713	0.00223	0.00728	0.00700	0.00671	0.01081
11	0.01525	0.01452	0.02467	0.38619	0.38367	0.01605	0.02041	0.01964	0.01493	0.02034	0.01277	0.01793	0.01019	0.00659	0.00694	0.00220	0.00879	0.00621	0.00328	0.00942
12	0.22251	0.01348	0.01951	0.41438	0.16431	0.01575	0.01665	0.01922	0.01377	0.02232	0.01183	0.01644	0.00917	0.00670	0.00626	0.00223	0.00808	0.00557	0.00349	0.00832
13	0.01727	0.01658	0.02832	0.04283	0.71123	0.01658	0.02142	0.02142	0.01589	0.02280	0.01313	0.01727	0.01105	0.00622	0.00691	0.00207	0.00829	0.00622	0.00345	0.01105
14	0.01539	0.01264	0.01295	0.01189	0.01452	0.08463	0.00931	0.06543	0.15231	0.04895	0.23143	0.03785	0.05797	0.01343	0.03651	0.00261	0.02967	0.06938	0.08501	0.00811
15	0.01428	0.00875	0.01096	0.00965	0.01227	0.00813	0.00748	0.06260	0.02021	0.13914	0.47057	0.04698	0.13452	0.01338	0.00795	0.00220	0.00405	0.01154	0.00764	0.00772
16	0.01683	0.01453	0.01528	0.01379	0.01764	0.01670	0.01071	0.03552	0.65925	0.02860	0.03084	0.02841	0.06093	0.00994	0.00717	0.00237	0.00541	0.00828	0.00706	0.01075
17	0.01638	0.01324	0.01280	0.01126	0.01411	0.10823	0.00871	0.13435	0.04531	0.05451	0.32568	0.03597	0.06935	0.01127	0.00724	0.00206	0.00551	0.00935	0.10665	0.00802
18	0.00953	0.00712	0.00884	0.00841	0.01021	0.00644	0.00631	0.01249	0.01893	0.02602	0.57075	0.05536	0.20387	0.01500	0.00823	0.00223	0.00334	0.01307	0.00742	0.00644
19	0.04619	0.01612	0.08008	0.01541	0.06277	0.05431	0.01201	0.07423	0.30081	0.02557	0.07985	0.02388	0.01990	0.01163	0.01044	0.13854	0.00659	0.00716	0.00552	0.00898
20	0.80405	0.01350	0.01026	0.00918	0.01350	0.01565	0.00756	0.02051	0.01188	0.03131	0.00972	0.01134	0.00756	0.00648	0.00432	0.00216	0.00540	0.00378	0.00432	0.00756
21	0.00850	0.00607	0.00810	0.00972	0.01012	0.00567	0.00648	0.00972	0.01336	0.01781	0.03846	0.75020	0.04615	0.02186	0.00891	0.00283	0.00405	0.01984	0.00648	0.00567
22	0.01506	0.10561	0.34047	0.01834	0.02369	0.01970	0.01969	0.01966	0.01291	0.01917	0.01075	0.01458	0.00899	0.00899	0.01349	0.00250	0.32899	0.00542	0.00300	0.00900
23	0.01310	0.01035	0.01253	0.01243	0.01370	0.03896	0.00932	0.01685	0.09827	0.06493	0.03011	0.42729	0.03288	0.01706	0.01098	0.00274	0.13666	0.03866	0.00597	0.00721
24	0.01010	0.00697	0.00862	0.00862	0.00898	0.00732	0.00549	0.01080	0.01045	0.01428	0.02106	0.04053	0.02314	0.55721	0.23002	0.00802	0.01012	0.00940	0.00409	0.00479

[dist]
# distance from previous block
# <min> <max>
0	1

[block]
# block no. 5 follows, 30 sequences, length 49
# corresponding to MSA columns:
# 293-297,343-386
name=unknown_F
#
# <colnr> <probs for GDERKNQSTAVLIFYWHMCP>
#	G	D	E	R	K	N	Q	S	T	A	V	L	I	F	Y	W	H	M	C	P
0	0.01100	0.00794	0.00978	0.00911	0.01118	0.00750	0.00690	0.01542	0.07537	0.05039	0.53949	0.05109	0.14988	0.01415	0.00810	0.00223	0.00360	0.01233	0.00750	0.00704
1	0.01649	0.01566	0.02671	0.03569	0.50991	0.01580	0.08537	0.04757	0.01617	0.02284	0.01617	0.10227	0.01504	0.00830	0.00784	0.00222	0.03382	0.00800	0.00394	0.01018
2	0.00979	0.00813	0.01343	0.01289	0.01437	0.00760	0.11600	0.01175	0.01386	0.01855	0.03454	0.63230	0.04042	0.01929	0.00880	0.00276	0.00529	0.01797	0.00600	0.00627
3	0.01935	0.30585	0.25741	0.01603	0.02306	0.11708	0.01693	0.12714	0.01805	0.02272	0.01189	0.01343	0.00938	0.00673	0.00583	0.00187	0.00913	0.00471	0.00368	0.00975
4	0.01686	0.02274	0.27154	0.02704	0.23596	0.01532	0.13749	0.02250	0.01625	0.09138	0.06212	0.01968	0.01456	0.00710	0.00714	0.00219	0.00904	0.00672	0.00409	0.01028
5	0.02762	0.01117	0.01528	0.01250	0.01720	0.00985	0.01044	0.03041	0.01925	0.58828	0.02926	0.03385	0.02148	0.01059	0.00750	0.00235	0.00603	0.12782	0.00823	0.01087
6	0.02870	0.01204	0.01556	0.01210	0.01708	0.01099	0.00994	0.09890	0.02067	0.56728	0.02587	0.02330	0.01679	0.00855	0.00677	0.00209	0.00580	0.00688	0.09943	0.01125
7	0.01710	0.01640	0.02801	0.07221	0.68320	0.01653	0.02133	0.02126	0.01581	0.02259	0.01310	0.01733	0.01098	0.00625	0.00691	0.00208	0.00833	0.00622	0.00344	0.01091
8	0.01246	0.00856	0.01202	0.06255	0.08959	0.00817	0.00936	0.01457	0.01500	0.09957	0.03856	0.38842	0.15802	0.01677	0.00824	0.00256	0.00507	0.03716	0.00617	0.00718
9	0.01356	0.00759	0.00899	0.00839	0.00926	0.00733	0.00520	0.01399	0.01173	0.12678	0.02288	0.04213	0.02406	0.63448	0.03092	0.00602	0.00663	0.00964	0.00494	0.00546
10	0.02698	0.01676	0.02028	0.01800	0.10034	0.01743	0.01325	0.40232	0.02676	0.25570	0.01977	0.01904	0.01350	0.00821	0.00698	0.00211	0.00719	0.00651	0.00710	0.01178
11	0.01679	0.01609	0.02745	0.12474	0.63309	0.01645	0.02118	0.02099	0.01566	0.02221	0.01304	0.01743	0.01085	0.00631	0.00692	0.00210	0.00841	0.00622	0.00341	0.01066
12	0.01515	0.01560	0.02938	0.02464	0.10557	0.01630	0.34352	0.01884	0.01403	0.01962	0.01441	0.02283	0.01306	0.14489	0.01616	0.00328	0.16296	0.00791	0.00355	0.00828
13	0.01009	0.00698	0.00871	0.00871	0.00909	0.00736	0.00560	0.01085	0.01047	0.01434	0.02098	0.04011	0.02296	0.54101	0.24597	0.00812	0.01039	0.00934	0.00408	0.00484
14	0.03047	0.01323	0.01703	0.01306	0.01849	0.01226	0.01079	0.14916	0.02223	0.59772	0.02563	0.02252	0.01632	0.00859	0.00701	0.00215	0.00624	0.00689	0.00835	0.01187
15	0.01490	0.00898	0.00923	0.00854	0.01088	0.00953	0.00658	0.08092	0.11953	0.02814	0.02306	0.02517	0.01785	0.00835	0.00541	0.00178	0.00400	0.00669	0.60278	0.00768
16	0.71394	0.01420	0.01149	0.00997	0.01444	0.01635	0.00822	0.09786	0.01430	0.03278	0.01053	0.01196	0.00806	0.00670	0.00463	0.00215	0.00566	0.00407	0.00463	0.00806
17	0.03068	0.01289	0.01682	0.01290	0.01832	0.01176	0.01065	0.12049	0.02167	0.62718	0.02611	0.02283	0.01656	0.00860	0.00701	0.00215	0.00617	0.00692	0.00842	0.01187
18	0.09663	0.01996	0.01924	0.01542	0.02048	0.09763	0.01251	0.47928	0.10663	0.03817	0.01681	0.01688	0.01225	0.00820	0.00668	0.00210	0.00776	0.00604	0.00638	0.01096
19	0.01072	0.00798	0.00970	0.00915	0.01082	0.00783	0.00667	0.01532	0.09672	0.02541	0.49179	0.04869	0.08093	0.13323	0.01250	0.00296	0.00412	0.01176	0.00701	0.00669
20	0.01368	0.01119	0.01729	0.01634	0.09676	0.01058	0.11816	0.06157	0.01878	0.06186	0.28464	0.04232	0.19366	0.01208	0.00793	0.00223	0.00573	0.01094	0.00625	0.00803
21	0.01674	0.01588	0.02634	0.07451	0.59690	0.01568	0.01979	0.02079	0.01563	0.02254	0.01301	0.01701	0.01088	0.00613	0.00671	0.00197	0.00798	0.00598	0.00352	0.10202
22	0.66714	0.01384	0.01141	0.00992	0.01437	0.03601	0.00813	0.02272	0.01330	0.13170	0.01237	0.01320	0.00903	0.00682	0.00477	0.00215	0.00569	0.00428	0.00493	0.00821
23	0.01542	0.01371	0.01916	0.01804	0.09882	0.03958	0.11948	0.04369	0.20199	0.04650	0.21208	0.03354	0.08673	0.01036	0.00763	0.00225	0.00642	0.00941	0.00612	0.00908
24	0.04668	0.10546	0.01880	0.01304	0.01835	0.22246	0.01047	0.05827	0.01692	0.02183	0.01176	0.01356	0.00977	0.00608	0.00549	0.00141	0.00775	0.00430	0.00401	0.40360
25	0.71305	0.01581	0.01137	0.01021	0.01444	0.09883	0.00825	0.02137	0.01280	0.02964	0.00984	0.01148	0.00772	0.00656	0.00455	0.00212	0.00624	0.00386	0.00423	0.00762
26	0.05884	0.01697	0.03253	0.03004	0.22983	0.01625	0.36755	0.02353	0.01653	0.11507	0.01539	0.01864	0.01146	0.00638	0.00749	0.00224	0.00965	0.00726	0.00423	0.01012
27	0.01642	0.01242	0.01617	0.01293	0.01777	0.01105	0.05431	0.10344	0.01802	0.07772	0.06179	0.03208	0.02096	0.00952	0.00690	0.00189	0.00614	0.14972	0.00551	0.36523
28	0.01741	0.46345	0.03330	0.01524	0.02148	0.02206	0.15051	0.02056	0.01471	0.01885	0.01113	0.01340	0.00956	0.00580	0.00539	0.00158	0.00791	0.00474	0.00332	0.15960
29	0.01479	0.01438	0.02541	0.10048	0.09379	0.01545	0.24244	0.04060	0.01416	0.01953	0.01497	0.02448	0.01388	0.18912	0.01709	0.00351	0.13648	0.00784	0.00368	0.00791
30	0.00881	0.00709	0.00785	0.00766	0.00977	0.00613	0.00575	0.01111	0.01724	0.02203	0.29214	0.06193	0.48496	0.01649	0.00824	0.00230	0.00345	0.01399	0.00690	0.00613
31	0.01680	0.47155	0.30774	0.01510	0.02280	0.02308	0.01744	0.02137	0.01440	0.01868	0.01082	0.01260	0.00891	0.00623	0.00533	0.00178	0.00860	0.00430	0.00297	0.00950
32	0.00917	0.00704	0.00769	0.00752	0.00960	0.00615	0.00564	0.01152	0.01693	0.02222	0.25518	0.05893	0.45458	0.01579	0.00793	0.00224	0.00344	0.01335	0.07892	0.00615
33	0.01647	0.01882	0.04118	0.02941	0.03647	0.01765	0.68588	0.02235	0.01647	0.02235	0.01412	0.01882	0.01059	0.00588	0.00824	0.00235	0.01176	0.00824	0.00353	0.00941
34	0.80405	0.01350	0.01026	0.00918	0.01350	0.01565	0.00756	0.02051	0.01188	0.03131	0.00972	0.01134	0.00756	0.00648	0.00432	0.00216	0.00540	0.00378	0.00432	0.00756
35	0.01893	0.73194	0.03594	0.01217	0.01805	0.05364	0.01200	0.02115	0.01439	0.01644	0.00974	0.01125	0.00896	0.00602	0.00455	0.00150	0.00765	0.00376	0.00301	0.00892
36	0.00992	0.00707	0.00903	0.00857	0.00993	0.00662	0.00617	0.01264	0.01806	0.02544	0.58683	0.05099	0.05872	0.14466	0.01304	0.00300	0.00390	0.01218	0.00707	0.00617
37	0.04752	0.12808	0.48555	0.01719	0.02528	0.01646	0.02076	0.02059	0.01455	0.02134	0.01511	0.02205	0.01279	0.00989	0.03640	0.00260	0.00962	0.08139	0.00345	0.00939
38	0.01486	0.15824	0.31177	0.01584	0.02193	0.01755	0.01723	0.04774	0.04351	0.02176	0.08598	0.02087	0.03821	0.01091	0.04539	0.00266	0.10615	0.00637	0.00395	0.00907
39	0.01766	0.02354	0.18629	0.01832	0.02420	0.14678	0.11763	0.02782	0.24984	0.02363	0.01877	0.02118	0.01463	0.00799	0.00701	0.00219	0.00892	0.03076	0.00476	0.04808
40	0.00871	0.00697	0.00778	0.00782	0.00977	0.00605	0.00577	0.01081	0.01664	0.02115	0.23523	0.13949	0.46477	0.01724	0.00832	0.00237	0.00353	0.01474	0.00680	0.00605
41	0.11136	0.01072	0.01385	0.01336	0.07911	0.01003	0.00949	0.02316	0.01822	0.31297	0.22102	0.03373	0.09265	0.01059	0.00715	0.00218	0.00512	0.00886	0.00718	0.00925
42	0.01782	0.17527	0.44146	0.01750	0.02602	0.01758	0.04803	0.02379	0.01554	0.13285	0.01445	0.01565	0.01030	0.00679	0.00633	0.00207	0.00910	0.00530	0.00390	0.01026
43	0.00954	0.00665	0.00828	0.00864	0.00926	0.00636	0.00566	0.01091	0.01406	0.01924	0.23274	0.27400	0.04418	0.29732	0.01879	0.00413	0.00485	0.01400	0.00599	0.00540
44	0.00832	0.00680	0.00735	0.00779	0.00961	0.00583	0.00562	0.00993	0.01522	0.01857	0.06197	0.25190	0.52928	0.01881	0.00843	0.00249	0.00367	0.01611	0.00648	0.00583
45	0.01205	0.03053	0.01519	0.01542	0.07341	0.00977	0.07465	0.01571	0.05659	0.03660	0.05305	0.32830	0.06019	0.01650	0.00853	0.00270	0.00591	0.17168	0.00595	0.00726
46	0.01891	0.10413	0.07397	0.03006	0.38132	0.01841	0.04594	0.11268	0.07621	0.04921	0.01501	0.01736	0.01184	0.00685	0.00669	0.00206	0.00808	0.00612	0.00433	0.01083
47	0.01832	0.01969	0.01874	0.01772	0.06136	0.25782	0.07375	0.02427	0.14838	0.02119	0.02311	0.05532	0.06386	0.01039	0.00807	0.00227	0.04606	0.08348	0.03777	0.00844
48	0.01059	0.00707	0.00918	0.00918	0.01010	0.00768	0.00656	0.01241	0.01150	0.01714	0.02051	0.03306	0.02009	0.27135	0.37072	0.00801	0.01200	0.00816	0.14906	0.00563

[dist]
# distance from previous block
# <min> <max>
0	1

[block]
# block no. 6 follows, 30 sequences, length 10
# corresponding to MSA columns:
# 388-397
name=unknown_G
#
# <colnr> <probs for GDERKNQSTAVLIFYWHMCP>
#	G	D	E	R	K	N	Q	S	T	A	V	L	I	F	Y	W	H	M	C	P
0	0.01889	0.15235	0.27574	0.01780	0.02426	0.10580	0.05879	0.07395	0.01662	0.07510	0.01297	0.01504	0.00991	0.00756	0.00851	0.00214	0.10572	0.00538	0.00383	0.00964
1	0.00847	0.00691	0.00749	0.00770	0.00965	0.00593	0.00564	0.01031	0.01591	0.01969	0.13576	0.17943	0.52686	0.01799	0.00836	0.00242	0.00359	0.01535	0.00661	0.00593
2	0.01500	0.07022	0.15955	0.01371	0.01957	0.01392	0.01320	0.02335	0.19065	0.02358	0.01949	0.02549	0.01657	0.00844	0.00649	0.00193	0.00663	0.08983	0.00487	0.27752
3	0.03933	0.15365	0.30198	0.01692	0.05372	0.01657	0.03963	0.05226	0.01644	0.14316	0.01835	0.01909	0.05294	0.00750	0.00638	0.00203	0.00815	0.00593	0.00446	0.04153
4	0.11398	0.36863	0.16485	0.01418	0.02060	0.06581	0.01445	0.12362	0.01721	0.02359	0.01141	0.01285	0.00921	0.00660	0.00538	0.00183	0.00812	0.00446	0.00379	0.00945
5	0.01905	0.15799	0.02368	0.02230	0.22656	0.13171	0.01424	0.13350	0.01932	0.02437	0.08142	0.04932	0.05039	0.00860	0.00663	0.00198	0.00786	0.00702	0.00464	0.00945
6	0.00862	0.00690	0.00736	0.00755	0.00929	0.00602	0.00534	0.01011	0.01488	0.01828	0.08326	0.15093	0.49937	0.12617	0.01233	0.00306	0.00407	0.01463	0.00619	0.00564
7	0.01181	0.00922	0.01348	0.01155	0.01423	0.00875	0.08557	0.01615	0.06276	0.05544	0.40571	0.04631	0.15789	0.01560	0.05157	0.00279	0.00551	0.01159	0.00677	0.00730
8	0.01063	0.00838	0.01094	0.08732	0.05995	0.00835	0.00839	0.01304	0.05474	0.01805	0.04005	0.17580	0.26953	0.08800	0.01315	0.10463	0.00530	0.01227	0.00530	0.00617
9	0.01185	0.01076	0.01851	0.01872	0.10607	0.01073	0.14777	0.01451	0.01425	0.01944	0.02811	0.42510	0.03152	0.01580	0.00954	0.00267	0.05854	0.04357	0.00524	0.00729

[dist]
# distance from previous block
# <min> <max>
0	5

# created by:
# /home/berkeley/.conda/envs/busco_data_prod/bin/msa2prfl.pl pipeline/OGs_align_augustus/5794/37207.fs
