[name]
unknown

[dist]
# distance from previous block
# <min> <max>
4	12

[block]
# block no. 0 follows, 27 sequences, length 88
# corresponding to MSA columns:
# 13-61,102-140
name=unknown_A
#
# <colnr> <probs for GDERKNQSTAVLIFYWHMCP>
#	G	D	E	R	K	N	Q	S	T	A	V	L	I	F	Y	W	H	M	C	P
0	0.01922	0.06137	0.31985	0.02160	0.07402	0.05674	0.07139	0.14648	0.10569	0.02835	0.01629	0.01787	0.01205	0.00770	0.00722	0.00229	0.00975	0.00631	0.00464	0.01117
1	0.01131	0.00853	0.00964	0.00910	0.01110	0.00805	0.00660	0.06596	0.01842	0.02419	0.25124	0.08445	0.28964	0.15249	0.01414	0.00333	0.00471	0.01353	0.00689	0.00668
2	0.01883	0.01795	0.01934	0.13140	0.07036	0.14342	0.01419	0.14115	0.02089	0.02675	0.16996	0.02753	0.04670	0.01060	0.00994	0.00238	0.10605	0.00813	0.00542	0.00901
3	0.00923	0.00739	0.00809	0.00830	0.01012	0.00661	0.00593	0.01085	0.01535	0.01892	0.05950	0.14368	0.46782	0.12058	0.07065	0.00398	0.00562	0.01501	0.00633	0.00603
4	0.01481	0.01235	0.01412	0.01660	0.13695	0.06797	0.01028	0.01971	0.08655	0.02511	0.14798	0.07062	0.09255	0.05086	0.00893	0.00246	0.00580	0.00978	0.19835	0.00823
5	0.02660	0.03355	0.02114	0.07706	0.02528	0.65213	0.01486	0.02876	0.02053	0.01823	0.01162	0.01392	0.00959	0.00763	0.00675	0.00196	0.01310	0.00493	0.00378	0.00858
6	0.11195	0.06155	0.18546	0.09393	0.11214	0.17466	0.01752	0.02276	0.01696	0.02312	0.06931	0.04738	0.01623	0.00844	0.00687	0.00222	0.00946	0.00661	0.00412	0.00929
7	0.01808	0.01563	0.01854	0.01608	0.02028	0.01750	0.06538	0.07871	0.51042	0.03028	0.02922	0.10036	0.02379	0.01106	0.00785	0.00255	0.00642	0.00964	0.00716	0.01107
8	0.02307	0.09372	0.02207	0.10871	0.02468	0.02093	0.01380	0.38314	0.10825	0.03651	0.01848	0.01950	0.01371	0.00857	0.00698	0.00219	0.00770	0.00662	0.07023	0.01114
9	0.01053	0.00720	0.00877	0.00888	0.01010	0.00678	0.00619	0.01281	0.01678	0.02375	0.30715	0.18898	0.10045	0.14930	0.01380	0.00331	0.00436	0.01388	0.10070	0.00628
10	0.01702	0.12439	0.02100	0.01468	0.01896	0.01656	0.07897	0.02782	0.29327	0.05992	0.19041	0.03263	0.05179	0.01060	0.00759	0.00232	0.00625	0.00919	0.00670	0.00993
11	0.01033	0.00691	0.00847	0.00901	0.00932	0.00670	0.00562	0.01066	0.01245	0.01657	0.05613	0.27267	0.06086	0.37833	0.02535	0.08023	0.00589	0.01406	0.00540	0.00505
12	0.01202	0.00981	0.01377	0.01298	0.01370	0.01212	0.00998	0.01387	0.01156	0.01680	0.01814	0.03005	0.01816	0.18709	0.40341	0.00883	0.18906	0.00819	0.00391	0.00655
13	0.01402	0.01319	0.02227	0.72126	0.05113	0.01649	0.02062	0.01897	0.01484	0.01897	0.01319	0.01979	0.00990	0.00742	0.00742	0.00247	0.00990	0.00660	0.00330	0.00825
14	0.01539	0.01456	0.02009	0.05292	0.02059	0.06129	0.08102	0.05252	0.01423	0.01964	0.01542	0.02356	0.01432	0.08513	0.24215	0.00612	0.24184	0.00746	0.00391	0.00782
15	0.04581	0.01310	0.01540	0.01541	0.07175	0.04749	0.01107	0.13175	0.02023	0.13131	0.08359	0.13291	0.07421	0.04517	0.04744	0.00323	0.00734	0.08707	0.00668	0.00904
16	0.01920	0.01753	0.02465	0.02013	0.02213	0.04411	0.08944	0.08827	0.01554	0.06875	0.01260	0.01737	0.01081	0.01136	0.01906	0.00295	0.49601	0.00678	0.00417	0.00914
17	0.01855	0.01839	0.07404	0.09988	0.06674	0.09128	0.01394	0.21055	0.02278	0.02921	0.09903	0.03334	0.16887	0.01116	0.00775	0.00230	0.00775	0.00907	0.00590	0.00946
18	0.09263	0.00862	0.00974	0.00998	0.01204	0.00838	0.00745	0.03106	0.03236	0.04008	0.13839	0.28755	0.21515	0.01798	0.00858	0.00269	0.00456	0.05889	0.00692	0.00697
19	0.01649	0.12075	0.05350	0.21764	0.19950	0.02011	0.01886	0.02015	0.01445	0.01994	0.01225	0.01745	0.01048	0.00977	0.02986	0.00272	0.19715	0.00619	0.00337	0.00936
20	0.08151	0.01646	0.02243	0.07791	0.09086	0.02124	0.01636	0.08686	0.01478	0.02291	0.01135	0.01657	0.01012	0.01096	0.01785	0.00289	0.45978	0.00633	0.00384	0.00897
21	0.65821	0.01366	0.01130	0.00993	0.01444	0.01538	0.00814	0.02301	0.01374	0.10250	0.01328	0.01453	0.00988	0.00725	0.00494	0.00226	0.00564	0.00458	0.05888	0.00844
22	0.02134	0.06002	0.10995	0.01757	0.05756	0.17314	0.01462	0.18887	0.08326	0.02971	0.09810	0.02242	0.01963	0.00897	0.00709	0.00214	0.00863	0.00695	0.05988	0.01014
23	0.01289	0.00645	0.00967	0.00967	0.00967	0.00645	0.00645	0.00967	0.00967	0.01289	0.01289	0.02257	0.01289	0.02579	0.02901	0.78401	0.00645	0.00645	0.00322	0.00322
24	0.01195	0.00996	0.01204	0.11332	0.01780	0.03687	0.00941	0.04002	0.04405	0.02291	0.18049	0.27179	0.14885	0.03485	0.00935	0.00272	0.00550	0.01446	0.00652	0.00715
25	0.01546	0.01301	0.01816	0.11736	0.02320	0.01444	0.07476	0.06802	0.21696	0.02460	0.04086	0.04718	0.05029	0.02002	0.13827	0.06873	0.00970	0.02462	0.00550	0.00886
26	0.01604	0.01355	0.01555	0.01343	0.01556	0.09576	0.03591	0.01657	0.01331	0.01845	0.01347	0.01945	0.01215	0.01504	0.01795	0.29298	0.13881	0.00603	0.08489	0.14511
27	0.01251	0.01013	0.01231	0.01070	0.01449	0.00814	0.00793	0.01489	0.01486	0.02181	0.02580	0.34215	0.02832	0.01357	0.00731	0.00197	0.00496	0.01199	0.00553	0.43064
28	0.01490	0.01256	0.01552	0.04692	0.01874	0.01045	0.02526	0.05187	0.01672	0.02478	0.05852	0.09339	0.04088	0.00862	0.00648	0.00158	0.00573	0.00735	0.00505	0.53469
29	0.01489	0.03840	0.70064	0.02116	0.03213	0.01724	0.02743	0.02351	0.01567	0.02351	0.01332	0.01567	0.00940	0.00705	0.00705	0.00235	0.01097	0.00549	0.00313	0.01097
30	0.01730	0.01377	0.01994	0.17159	0.22061	0.01455	0.01534	0.11483	0.01947	0.05388	0.07833	0.02861	0.08844	0.00946	0.00738	0.00225	0.00723	0.00820	0.09918	0.00962
31	0.00899	0.00722	0.00803	0.00848	0.01033	0.00626	0.00611	0.01083	0.01646	0.02050	0.11351	0.26232	0.45534	0.01981	0.00898	0.00264	0.00390	0.01707	0.00699	0.00626
32	0.01766	0.01587	0.04539	0.01799	0.11199	0.04559	0.03818	0.16662	0.02003	0.02729	0.06461	0.05674	0.05412	0.13695	0.01263	0.00295	0.00746	0.00842	0.00538	0.14412
33	0.04983	0.01381	0.01590	0.01218	0.01774	0.01239	0.00984	0.14587	0.02037	0.10235	0.08866	0.02413	0.03568	0.00834	0.00659	0.00172	0.00590	0.02274	0.00603	0.39993
34	0.44071	0.01779	0.01748	0.04694	0.14704	0.08434	0.01275	0.10630	0.01723	0.03130	0.01222	0.01445	0.00956	0.00719	0.00580	0.00224	0.00755	0.00504	0.00466	0.00940
35	0.14673	0.01802	0.02137	0.01838	0.05606	0.07453	0.10153	0.20146	0.08381	0.07871	0.04616	0.02589	0.01781	0.00945	0.00742	0.00240	0.00818	0.06571	0.00609	0.01031
36	0.01780	0.05465	0.28615	0.05362	0.02610	0.05509	0.01886	0.10913	0.15196	0.02710	0.02051	0.02731	0.01693	0.00970	0.00753	0.00246	0.00899	0.09051	0.00512	0.01047
37	0.06992	0.01293	0.04673	0.01221	0.01543	0.05853	0.01032	0.01997	0.07942	0.07805	0.18414	0.05211	0.15074	0.01463	0.00838	0.00261	0.00601	0.16293	0.00684	0.00810
38	0.01849	0.09075	0.01981	0.01747	0.09925	0.01688	0.01247	0.19125	0.13625	0.03033	0.11387	0.08081	0.02751	0.04855	0.00926	0.00263	0.00676	0.06131	0.00642	0.00993
39	0.01137	0.00723	0.00804	0.00802	0.00949	0.00694	0.00568	0.01370	0.01543	0.02291	0.13204	0.07321	0.16230	0.16192	0.04904	0.00365	0.00515	0.01101	0.28659	0.00626
40	0.01839	0.01217	0.01544	0.01293	0.01658	0.01199	0.04491	0.17947	0.02279	0.13477	0.20574	0.13435	0.13146	0.01383	0.00833	0.00243	0.00574	0.01194	0.00755	0.00920
41	0.08176	0.00933	0.01050	0.00950	0.01206	0.00919	0.00708	0.04593	0.01632	0.17130	0.02551	0.10329	0.02233	0.14436	0.01216	0.00306	0.00523	0.00899	0.29414	0.00795
42	0.02006	0.02279	0.21706	0.05335	0.11868	0.01760	0.01850	0.23547	0.02227	0.06504	0.04364	0.02045	0.01468	0.01315	0.08089	0.00330	0.01009	0.00677	0.00524	0.01097
43	0.10146	0.01693	0.01506	0.01304	0.01629	0.13936	0.00989	0.19402	0.02028	0.05464	0.01845	0.02584	0.01630	0.18703	0.06278	0.00400	0.00891	0.00719	0.08002	0.00850
44	0.02189	0.01704	0.01966	0.01586	0.02101	0.05418	0.06551	0.16382	0.25239	0.11979	0.02658	0.02566	0.06341	0.00939	0.00744	0.00225	0.00718	0.00784	0.00685	0.09226
45	0.01665	0.01503	0.02224	0.41381	0.11901	0.01787	0.01848	0.07668	0.13833	0.02406	0.01660	0.02071	0.01268	0.00823	0.00836	0.00247	0.04772	0.00693	0.00446	0.00967
46	0.07506	0.01553	0.01713	0.01451	0.01881	0.01719	0.01157	0.26530	0.19910	0.08665	0.02368	0.08126	0.01923	0.01647	0.10036	0.00366	0.00848	0.00837	0.00690	0.01074
47	0.19502	0.01203	0.01672	0.01421	0.01723	0.01260	0.12848	0.01676	0.01424	0.02269	0.02757	0.06742	0.11192	0.16872	0.01533	0.00365	0.05703	0.08620	0.00500	0.00718
48	0.22142	0.01788	0.01809	0.01475	0.01915	0.07375	0.01205	0.20078	0.02026	0.08672	0.01429	0.01602	0.01095	0.00865	0.00952	0.00228	0.13928	0.00560	0.00542	0.10314
49	0.11405	0.01743	0.01643	0.01373	0.01804	0.09999	0.01085	0.25414	0.06741	0.08775	0.06008	0.02901	0.10637	0.06089	0.00936	0.00261	0.00732	0.00813	0.00657	0.00984
50	0.01169	0.00820	0.01003	0.01074	0.04479	0.00807	0.00688	0.03457	0.01525	0.02141	0.13723	0.12130	0.10302	0.27508	0.05664	0.00459	0.00624	0.01186	0.10607	0.00632
51	0.12278	0.01682	0.01821	0.17028	0.02576	0.07444	0.01348	0.25610	0.02208	0.03142	0.01604	0.01928	0.01239	0.01386	0.09191	0.00340	0.00971	0.00633	0.06619	0.00955
52	0.36060	0.01199	0.01104	0.01008	0.01327	0.01325	0.00776	0.10192	0.01606	0.03004	0.01934	0.11564	0.01818	0.08997	0.00936	0.00282	0.00561	0.00791	0.14739	0.00777
53	0.01686	0.06666	0.01820	0.01794	0.10896	0.12736	0.01236	0.02410	0.18101	0.02324	0.06282	0.06297	0.10374	0.01573	0.07033	0.00324	0.00853	0.06122	0.00566	0.00909
54	0.00925	0.00692	0.00859	0.00948	0.01065	0.00627	0.00661	0.01109	0.01611	0.02120	0.16791	0.45011	0.20737	0.02070	0.00917	0.00277	0.00403	0.01839	0.00713	0.00627
55	0.02004	0.01947	0.03266	0.02427	0.03031	0.09876	0.39723	0.05944	0.01974	0.09574	0.10541	0.02435	0.01966	0.00805	0.00831	0.00237	0.01054	0.00866	0.00512	0.00986
56	0.01061	0.00795	0.01193	0.01193	0.01326	0.00928	0.00928	0.01326	0.01193	0.01723	0.01988	0.02916	0.01856	0.05568	0.70968	0.01193	0.01988	0.00795	0.00398	0.00663
57	0.25832	0.01602	0.01545	0.01276	0.01752	0.06364	0.01034	0.17199	0.04722	0.19474	0.01915	0.01915	0.01359	0.00829	0.00626	0.00219	0.00669	0.00603	0.10040	0.01023
58	0.01500	0.00875	0.01120	0.01017	0.01259	0.00816	0.00775	0.04349	0.02044	0.13649	0.43351	0.11788	0.05306	0.01427	0.00828	0.00235	0.00422	0.01247	0.07189	0.00802
59	0.01012	0.00815	0.01017	0.08308	0.01482	0.00768	0.00783	0.01306	0.01858	0.02440	0.35009	0.05870	0.33444	0.01595	0.00862	0.00242	0.00428	0.01369	0.00710	0.00681
60	0.00933	0.00704	0.00843	0.00909	0.01036	0.00636	0.00631	0.01106	0.01587	0.02064	0.15280	0.35802	0.25594	0.07962	0.01147	0.00309	0.00424	0.01730	0.00690	0.00613
61	0.06424	0.08358	0.19203	0.01757	0.02334	0.36230	0.01642	0.05170	0.01890	0.02222	0.01310	0.01514	0.01034	0.00750	0.00644	0.00202	0.01094	0.00511	0.06786	0.00926
62	0.31625	0.09144	0.06565	0.09802	0.02271	0.19640	0.01305	0.04605	0.01641	0.02574	0.01199	0.01438	0.00949	0.00725	0.00578	0.00213	0.00878	0.00483	0.03498	0.00867
63	0.01101	0.01384	0.14759	0.01196	0.01551	0.00934	0.01117	0.01527	0.03978	0.02302	0.20056	0.17788	0.18386	0.01997	0.08190	0.00352	0.00700	0.01306	0.00618	0.00757
64	0.01430	0.10317	0.35010	0.10221	0.06386	0.01596	0.01998	0.02009	0.01595	0.02242	0.08732	0.11310	0.02109	0.00995	0.00736	0.00236	0.00875	0.00837	0.00420	0.00948
65	0.01123	0.00894	0.01340	0.01284	0.01405	0.01037	0.03223	0.01355	0.01222	0.01747	0.02125	0.10305	0.02136	0.10292	0.49166	0.00946	0.08365	0.00946	0.00425	0.00665
66	0.01366	0.00828	0.00961	0.00897	0.01153	0.00725	0.00669	0.01574	0.01732	0.13887	0.12908	0.10980	0.36245	0.08329	0.01114	0.00289	0.00452	0.01361	0.03800	0.00730
67	0.00971	0.00707	0.00849	0.00901	0.00998	0.00656	0.00604	0.01118	0.01508	0.01992	0.15905	0.30108	0.17530	0.20795	0.01660	0.00388	0.00481	0.01595	0.00650	0.00585
68	0.01940	0.10188	0.10536	0.01942	0.05755	0.09833	0.11366	0.15038	0.02024	0.02621	0.02242	0.02422	0.10213	0.00938	0.00862	0.00227	0.06539	0.00753	0.03585	0.00975
69	0.01424	0.01008	0.01181	0.01090	0.01331	0.01021	0.00818	0.13215	0.01841	0.05782	0.05913	0.14421	0.20958	0.11992	0.14087	0.00487	0.00818	0.01228	0.00629	0.00756
70	0.01651	0.02049	0.15399	0.21175	0.27907	0.01745	0.08951	0.02341	0.07087	0.02326	0.01510	0.01918	0.01168	0.00715	0.00748	0.00236	0.00964	0.00677	0.00380	0.01052
71	0.01139	0.00793	0.00964	0.00967	0.01031	0.00821	0.00630	0.04681	0.01293	0.01749	0.02568	0.16897	0.02877	0.44794	0.14946	0.00700	0.00896	0.01196	0.00500	0.00560
72	0.07089	0.14326	0.33573	0.01646	0.02414	0.01850	0.01845	0.12396	0.01888	0.02704	0.06263	0.02236	0.06995	0.00872	0.00683	0.00222	0.00859	0.00669	0.00456	0.01015
73	0.01802	0.01343	0.01806	0.10227	0.14436	0.01349	0.01310	0.13807	0.02094	0.09834	0.13059	0.03456	0.14833	0.01091	0.00774	0.00225	0.00658	0.00930	0.00623	0.06343
74	0.01831	0.01748	0.05394	0.11080	0.09434	0.06293	0.01408	0.13117	0.05567	0.02770	0.06799	0.02039	0.01630	0.00769	0.00680	0.00188	0.00757	0.00632	0.00505	0.27356
75	0.07815	0.01411	0.01393	0.01238	0.01575	0.06133	0.00956	0.22903	0.02231	0.02989	0.06340	0.19939	0.19181	0.01474	0.00802	0.00247	0.00615	0.01222	0.00673	0.00863
76	0.15672	0.06154	0.05832	0.01228	0.01543	0.09794	0.01007	0.04318	0.01612	0.02303	0.03032	0.30329	0.09345	0.01507	0.00765	0.00254	0.00655	0.03328	0.00563	0.00758
77	0.43421	0.13534	0.01949	0.01317	0.01829	0.11222	0.04495	0.06428	0.01599	0.02860	0.01136	0.01318	0.00910	0.00693	0.00535	0.00208	0.00763	0.00456	0.00439	0.04887
78	0.01865	0.37589	0.18102	0.01525	0.02160	0.12695	0.01560	0.02247	0.01645	0.01995	0.06859	0.01757	0.01507	0.01012	0.04416	0.00243	0.00972	0.00544	0.00373	0.00934
79	0.08959	0.11408	0.02022	0.01849	0.12438	0.24195	0.01250	0.02206	0.01780	0.02234	0.09826	0.02482	0.07377	0.00972	0.00742	0.02791	0.00847	0.00701	0.05069	0.00851
80	0.01651	0.01781	0.14170	0.06616	0.06598	0.01495	0.01450	0.15184	0.09882	0.02643	0.02198	0.11876	0.02048	0.13016	0.05748	0.00382	0.00866	0.00930	0.00536	0.00930
81	0.02384	0.01386	0.01744	0.01432	0.01819	0.01468	0.01160	0.18806	0.02216	0.27010	0.09345	0.08408	0.02372	0.01441	0.05505	0.00309	0.10525	0.00892	0.00730	0.01049
82	0.18650	0.01727	0.01455	0.01285	0.01652	0.16264	0.01006	0.11927	0.02018	0.08211	0.10980	0.06077	0.02271	0.01007	0.00673	0.00220	0.00715	0.02352	0.10630	0.00879
83	0.04646	0.01478	0.05284	0.01374	0.01812	0.01407	0.01168	0.20908	0.06663	0.15584	0.15056	0.07032	0.03006	0.01199	0.00791	0.00244	0.00639	0.07540	0.03154	0.01015
84	0.06706	0.00994	0.01424	0.17192	0.02110	0.01059	0.04306	0.01569	0.01472	0.04782	0.16372	0.03621	0.02871	0.23224	0.01877	0.07616	0.00707	0.00931	0.00506	0.00663
85	0.01504	0.01202	0.01503	0.06549	0.10484	0.04859	0.01194	0.01963	0.07850	0.07546	0.06448	0.13252	0.15919	0.01503	0.00858	0.00267	0.00649	0.14979	0.00634	0.00838
86	0.35930	0.01443	0.01341	0.01127	0.01602	0.04933	0.00895	0.05530	0.01577	0.07521	0.01646	0.09907	0.01469	0.00875	0.00587	0.00204	0.00607	0.00655	0.00524	0.21628
87	0.01305	0.01352	0.09238	0.01156	0.01471	0.05751	0.01023	0.01749	0.05119	0.02448	0.16615	0.09198	0.15169	0.01404	0.00791	0.00242	0.00572	0.09247	0.15393	0.00760

[dist]
# distance from previous block
# <min> <max>
12	34

[block]
# block no. 1 follows, 27 sequences, length 8
# corresponding to MSA columns:
# 176-183
name=unknown_B
#
# <colnr> <probs for GDERKNQSTAVLIFYWHMCP>
#	G	D	E	R	K	N	Q	S	T	A	V	L	I	F	Y	W	H	M	C	P
0	0.01412	0.05142	0.08408	0.05759	0.07534	0.03437	0.11626	0.03785	0.01831	0.02451	0.20750	0.08374	0.12085	0.01218	0.00820	0.00241	0.00728	0.02985	0.00566	0.00849
1	0.01987	0.06046	0.11541	0.02500	0.14802	0.18745	0.10554	0.05853	0.01765	0.02217	0.01331	0.01715	0.01100	0.01128	0.05889	0.00299	0.10548	0.00626	0.00380	0.00975
2	0.01192	0.00974	0.01295	0.01392	0.06068	0.01058	0.00963	0.01495	0.06720	0.01960	0.03626	0.21906	0.17603	0.02342	0.11000	0.07716	0.10165	0.01273	0.00549	0.00704
3	0.01327	0.01505	0.11194	0.01379	0.01670	0.05219	0.09677	0.01568	0.01371	0.01823	0.06631	0.03847	0.02434	0.44350	0.02568	0.00523	0.00856	0.00959	0.00442	0.00657
4	0.01484	0.01536	0.13073	0.01379	0.01833	0.01163	0.05099	0.05571	0.06359	0.08687	0.08978	0.06282	0.20984	0.01964	0.11821	0.00393	0.00867	0.01054	0.00600	0.00873
5	0.00929	0.00695	0.00863	0.00945	0.01066	0.00629	0.00661	0.01119	0.01631	0.02151	0.18679	0.43066	0.20764	0.02047	0.00915	0.00275	0.00400	0.01817	0.00716	0.00629
6	0.02090	0.36243	0.11665	0.01922	0.11492	0.02379	0.01608	0.13260	0.05522	0.05255	0.01433	0.01568	0.01142	0.00723	0.00612	0.00196	0.00831	0.00537	0.00444	0.01079
7	0.01659	0.01440	0.01539	0.06234	0.01849	0.11047	0.01101	0.02018	0.04887	0.06828	0.06863	0.06613	0.05361	0.01840	0.12849	0.00387	0.09455	0.00819	0.06043	0.11167

[dist]
# distance from previous block
# <min> <max>
4	11

[block]
# block no. 2 follows, 27 sequences, length 30
# corresponding to MSA columns:
# 195-224
name=unknown_C
#
# <colnr> <probs for GDERKNQSTAVLIFYWHMCP>
#	G	D	E	R	K	N	Q	S	T	A	V	L	I	F	Y	W	H	M	C	P
0	0.01758	0.06655	0.01958	0.01685	0.07251	0.01565	0.05991	0.17806	0.11702	0.02929	0.06230	0.18596	0.05745	0.01254	0.00781	0.00241	0.00659	0.01094	0.05139	0.00959
1	0.01509	0.01401	0.01795	0.07514	0.20389	0.06295	0.01414	0.02077	0.10880	0.02280	0.03414	0.09411	0.15177	0.01320	0.00827	0.00257	0.00717	0.11871	0.00560	0.00893
2	0.01209	0.00925	0.01076	0.01052	0.01201	0.00990	0.00736	0.01752	0.15837	0.01957	0.03102	0.09350	0.09694	0.31000	0.16267	0.00632	0.00891	0.01098	0.00550	0.00682
3	0.01271	0.01566	0.13717	0.08671	0.02089	0.01330	0.01385	0.01748	0.06396	0.02072	0.04871	0.12184	0.15682	0.03670	0.07498	0.00364	0.13129	0.01060	0.00498	0.00801
4	0.01341	0.00831	0.01002	0.00917	0.01169	0.00735	0.00692	0.01595	0.01877	0.12826	0.30968	0.05621	0.28890	0.06944	0.01072	0.00275	0.00431	0.01314	0.00758	0.00741
5	0.02093	0.10036	0.02067	0.11360	0.02387	0.30254	0.01334	0.04337	0.13050	0.02173	0.06617	0.02232	0.01766	0.06125	0.00915	0.00248	0.00973	0.00668	0.00478	0.00888
6	0.00916	0.00745	0.00811	0.00814	0.01031	0.00640	0.00603	0.01132	0.01754	0.02198	0.19953	0.12407	0.50724	0.01843	0.00883	0.00251	0.00375	0.01566	0.00716	0.00640
7	0.01754	0.02014	0.12270	0.23299	0.08147	0.06678	0.10819	0.12063	0.01903	0.02494	0.01828	0.08352	0.03266	0.00912	0.00772	0.00241	0.00966	0.00816	0.00446	0.00959
8	0.07293	0.03203	0.52674	0.01873	0.02836	0.01597	0.02288	0.02439	0.01603	0.09648	0.01481	0.01642	0.01038	0.00715	0.00680	0.00225	0.00969	0.00551	0.00398	0.06847
9	0.01974	0.01658	0.01750	0.01536	0.01979	0.01906	0.01206	0.12134	0.59542	0.03310	0.02860	0.02641	0.02135	0.00992	0.00754	0.00248	0.00617	0.00817	0.00754	0.01186
10	0.07634	0.02190	0.24617	0.01736	0.06168	0.01435	0.01673	0.06414	0.04141	0.13076	0.01939	0.04933	0.01567	0.00889	0.00705	0.00222	0.00791	0.05231	0.00526	0.14114
11	0.01527	0.14024	0.44801	0.01757	0.02570	0.01741	0.02075	0.04614	0.01578	0.02229	0.01654	0.08718	0.01484	0.06979	0.00952	0.00270	0.00944	0.00725	0.00378	0.00980
12	0.79154	0.01436	0.01091	0.00976	0.01436	0.01665	0.00804	0.02182	0.01263	0.03331	0.01034	0.01206	0.00804	0.00689	0.00459	0.00230	0.00574	0.00402	0.00459	0.00804
13	0.02383	0.01931	0.02163	0.10056	0.12494	0.10326	0.01527	0.28320	0.06050	0.09070	0.01792	0.01953	0.01330	0.00996	0.03193	0.00256	0.00905	0.00664	0.03487	0.01103
14	0.01814	0.05030	0.02033	0.12951	0.15742	0.04803	0.01471	0.11682	0.04349	0.06759	0.08867	0.12034	0.02512	0.01143	0.00786	0.00243	0.00754	0.05499	0.00573	0.00956
15	0.01040	0.00737	0.00936	0.00957	0.01020	0.00767	0.00640	0.01152	0.01194	0.01620	0.02742	0.12775	0.06551	0.38915	0.24919	0.00794	0.01073	0.01143	0.00476	0.00548
16	0.00918	0.00713	0.00835	0.00890	0.01049	0.00631	0.00635	0.01112	0.01661	0.02133	0.16914	0.31982	0.33902	0.01986	0.00904	0.00267	0.00392	0.01734	0.00712	0.00631
17	0.04738	0.11059	0.10907	0.06378	0.18581	0.09367	0.16078	0.04846	0.04242	0.04738	0.01453	0.01751	0.01131	0.00702	0.00716	0.00221	0.00999	0.00644	0.00408	0.01041
18	0.08068	0.05980	0.09603	0.12602	0.15955	0.01687	0.06464	0.09231	0.01755	0.07359	0.01591	0.02031	0.01268	0.03921	0.09006	0.00358	0.01016	0.00666	0.00449	0.00990
19	0.01169	0.00902	0.01276	0.06286	0.01569	0.00965	0.04127	0.01420	0.01520	0.02189	0.10197	0.32787	0.06784	0.01629	0.01012	0.00264	0.08894	0.01403	0.14914	0.00691
20	0.05445	0.10489	0.02840	0.32455	0.23506	0.01867	0.08876	0.02116	0.01567	0.02157	0.01313	0.01805	0.01046	0.00690	0.00708	0.00228	0.00941	0.00639	0.00351	0.00963
21	0.02142	0.08259	0.14707	0.04013	0.11511	0.15147	0.01719	0.10359	0.01998	0.09683	0.01887	0.02667	0.01602	0.00949	0.00741	0.00232	0.00942	0.09915	0.00507	0.01020
22	0.01812	0.07780	0.18942	0.09509	0.22242	0.09061	0.01925	0.02289	0.01668	0.05579	0.01609	0.05295	0.01333	0.00800	0.00695	0.00219	0.00910	0.00671	0.06652	0.01008
23	0.01284	0.13318	0.01574	0.01156	0.01356	0.01243	0.00906	0.04632	0.01602	0.02113	0.10220	0.31663	0.07330	0.06951	0.01165	0.00298	0.05793	0.06079	0.00598	0.00717
24	0.01848	0.02204	0.14300	0.09461	0.10289	0.15018	0.01703	0.05395	0.01750	0.05782	0.05294	0.07324	0.01734	0.01315	0.06043	0.00309	0.08087	0.00763	0.00451	0.00930
25	0.01815	0.07209	0.11236	0.06771	0.17836	0.05748	0.06327	0.11564	0.05152	0.02597	0.05408	0.07799	0.01851	0.04377	0.00890	0.00253	0.00867	0.00814	0.00483	0.01004
26	0.10838	0.01739	0.10503	0.01949	0.07102	0.01528	0.13066	0.06954	0.01731	0.11049	0.02317	0.13117	0.05680	0.01101	0.00931	0.00254	0.07710	0.00941	0.00535	0.00954
27	0.04983	0.00924	0.01252	0.04227	0.10190	0.00901	0.00990	0.01428	0.01682	0.02331	0.18464	0.23539	0.16218	0.01675	0.00867	0.00265	0.00518	0.08167	0.00650	0.00731
28	0.01689	0.01924	0.16074	0.06940	0.07112	0.01616	0.03505	0.13877	0.03782	0.04347	0.02457	0.13703	0.07771	0.01193	0.01008	0.00257	0.10301	0.00963	0.00523	0.00959
29	0.03956	0.03934	0.05279	0.28444	0.09575	0.10160	0.01741	0.11909	0.04380	0.05796	0.01691	0.02317	0.01362	0.00867	0.00737	0.00237	0.00930	0.05243	0.00474	0.00967

[dist]
# distance from previous block
# <min> <max>
0	85

[block]
# block no. 3 follows, 27 sequences, length 12
# corresponding to MSA columns:
# 310-321
name=unknown_D
#
# <colnr> <probs for GDERKNQSTAVLIFYWHMCP>
#	G	D	E	R	K	N	Q	S	T	A	V	L	I	F	Y	W	H	M	C	P
0	0.01854	0.02343	0.18143	0.06086	0.22373	0.09127	0.05006	0.09739	0.01851	0.02507	0.01455	0.01819	0.01159	0.01187	0.07606	0.00313	0.01086	0.00627	0.00406	0.05314
1	0.11652	0.17007	0.02176	0.12574	0.02307	0.05204	0.04276	0.10461	0.01820	0.06049	0.02088	0.05007	0.06765	0.00904	0.00649	0.00214	0.00746	0.00712	0.08487	0.00901
2	0.05823	0.05902	0.01207	0.01012	0.01255	0.00984	0.00755	0.04931	0.01609	0.06780	0.03728	0.30015	0.14860	0.07722	0.01042	0.00287	0.00512	0.01369	0.05952	0.04254
3	0.01950	0.04879	0.06875	0.01533	0.06974	0.01374	0.01201	0.12070	0.01873	0.11130	0.01704	0.02088	0.01387	0.09017	0.00994	0.00232	0.00697	0.00609	0.00528	0.32885
4	0.01316	0.08443	0.01614	0.06298	0.07875	0.01200	0.01082	0.05549	0.01592	0.02119	0.05453	0.26224	0.05124	0.07560	0.09913	0.00414	0.00805	0.06116	0.00550	0.00755
5	0.02032	0.21935	0.02568	0.01728	0.06567	0.10345	0.01364	0.13469	0.01861	0.02405	0.01302	0.01600	0.01113	0.01165	0.06217	0.00277	0.12321	0.00548	0.00426	0.10756
6	0.01179	0.00903	0.01204	0.01389	0.09122	0.00940	0.00815	0.01290	0.01285	0.01767	0.06996	0.16049	0.03062	0.42448	0.02630	0.00525	0.06099	0.01192	0.00497	0.00607
7	0.01686	0.01408	0.01569	0.15057	0.02272	0.06136	0.01184	0.13685	0.11857	0.02765	0.07922	0.05568	0.10819	0.01307	0.03939	0.00275	0.00741	0.00906	0.10011	0.00891
8	0.01100	0.00660	0.00917	0.00980	0.01023	0.00632	0.00663	0.01033	0.01271	0.01697	0.08129	0.30479	0.06518	0.02360	0.01877	0.37820	0.00524	0.01317	0.00523	0.00477
9	0.02570	0.11801	0.05916	0.01788	0.02279	0.43324	0.01466	0.14145	0.05666	0.02408	0.01352	0.01485	0.01077	0.00781	0.00665	0.00198	0.01129	0.00524	0.00454	0.00971
10	0.01475	0.01145	0.01565	0.10230	0.02009	0.01213	0.04464	0.13710	0.01982	0.02675	0.19397	0.04030	0.08505	0.05758	0.09560	0.04290	0.00825	0.05770	0.00603	0.00793
11	0.11903	0.01998	0.02200	0.08503	0.19281	0.16745	0.04597	0.11388	0.02017	0.02748	0.09874	0.02129	0.01810	0.00833	0.00712	0.00221	0.00893	0.00685	0.00489	0.00973

[dist]
# distance from previous block
# <min> <max>
0	1

[block]
# block no. 4 follows, 27 sequences, length 33
# corresponding to MSA columns:
# 323-355
name=unknown_E
#
# <colnr> <probs for GDERKNQSTAVLIFYWHMCP>
#	G	D	E	R	K	N	Q	S	T	A	V	L	I	F	Y	W	H	M	C	P
0	0.01650	0.01286	0.01374	0.01267	0.01533	0.07935	0.00971	0.13072	0.01916	0.07317	0.07632	0.17930	0.09502	0.02600	0.19934	0.00505	0.01015	0.01131	0.00615	0.00817
1	0.05749	0.37775	0.16882	0.01424	0.02120	0.02201	0.01479	0.06318	0.01637	0.02243	0.01323	0.04666	0.01164	0.00734	0.00572	0.00182	0.00796	0.00531	0.00386	0.11819
2	0.01229	0.00661	0.00963	0.00967	0.00995	0.00650	0.00656	0.01032	0.01157	0.01568	0.10940	0.07681	0.02341	0.02413	0.02482	0.62020	0.00589	0.00845	0.00417	0.00395
3	0.01400	0.01462	0.06511	0.07897	0.19674	0.01413	0.06230	0.01756	0.01552	0.02150	0.06401	0.13043	0.10796	0.01460	0.04712	0.00307	0.10853	0.01039	0.00471	0.00872
4	0.04318	0.06236	0.02345	0.12759	0.25216	0.06501	0.01632	0.05460	0.04046	0.02366	0.01423	0.01862	0.01196	0.03890	0.00863	0.00225	0.03259	0.00607	0.00411	0.15386
5	0.01732	0.01541	0.02209	0.41221	0.03858	0.06365	0.06812	0.05077	0.01701	0.07034	0.01657	0.02070	0.03253	0.00763	0.00725	0.00222	0.00920	0.00669	0.00425	0.11744
6	0.00974	0.00740	0.01052	0.10978	0.01641	0.00749	0.00881	0.01154	0.01430	0.01895	0.03704	0.63432	0.04362	0.02104	0.00919	0.00294	0.00509	0.01908	0.00639	0.00634
7	0.01482	0.01401	0.02371	0.59737	0.16878	0.01670	0.02101	0.01967	0.01522	0.01994	0.01334	0.01953	0.01024	0.00727	0.00741	0.00242	0.00970	0.00660	0.00337	0.00889
8	0.01832	0.01767	0.02998	0.04193	0.58800	0.01779	0.06825	0.02428	0.07360	0.02480	0.01543	0.01929	0.01266	0.00688	0.00747	0.00225	0.00883	0.00692	0.00401	0.01163
9	0.02307	0.01548	0.01746	0.01409	0.01851	0.01657	0.01132	0.36210	0.05710	0.11549	0.11438	0.02738	0.02331	0.05443	0.05201	0.00311	0.00761	0.00812	0.04779	0.01067
10	0.01788	0.01887	0.01854	0.01637	0.01873	0.19550	0.01304	0.02004	0.01521	0.01937	0.01576	0.06912	0.01558	0.01465	0.06400	0.00316	0.26654	0.05334	0.00415	0.14015
11	0.01412	0.01301	0.02160	0.51095	0.14423	0.01522	0.01892	0.01869	0.01584	0.02101	0.09081	0.04910	0.01839	0.00874	0.00764	0.00244	0.00881	0.00789	0.00404	0.00857
12	0.02822	0.02079	0.02228	0.01708	0.02302	0.02302	0.01411	0.66804	0.03490	0.04679	0.01782	0.01782	0.01262	0.00891	0.00743	0.00223	0.00817	0.00668	0.00743	0.01262
13	0.00986	0.00722	0.00931	0.00993	0.01124	0.00667	0.00726	0.01228	0.01746	0.02362	0.29859	0.33068	0.13141	0.01932	0.00918	0.00273	0.00416	0.07518	0.00739	0.00651
14	0.01139	0.00886	0.01174	0.01215	0.01347	0.00979	0.00910	0.01604	0.10645	0.02014	0.03040	0.31700	0.03236	0.03251	0.26226	0.00619	0.04163	0.04557	0.00577	0.00718
15	0.00906	0.00746	0.00796	0.00799	0.01024	0.00636	0.00593	0.01114	0.01736	0.02146	0.16641	0.11321	0.55264	0.01855	0.00882	0.00251	0.00376	0.01569	0.00709	0.00636
16	0.01325	0.01216	0.02016	0.61149	0.04490	0.01488	0.01850	0.01763	0.01475	0.01896	0.01748	0.13011	0.01595	0.00987	0.00774	0.00256	0.00903	0.00884	0.00385	0.00790
17	0.00879	0.00744	0.00760	0.00773	0.01008	0.00625	0.00573	0.01063	0.01672	0.01997	0.07270	0.11995	0.64290	0.01913	0.00883	0.00254	0.00380	0.01607	0.00689	0.00625
18	0.01024	0.00758	0.00955	0.00906	0.01093	0.00689	0.00679	0.01349	0.02038	0.02827	0.59413	0.05792	0.16573	0.01574	0.00876	0.00236	0.00354	0.01377	0.00797	0.00689
19	0.02773	0.03538	0.02104	0.01913	0.02295	0.70930	0.01434	0.02964	0.02104	0.01817	0.01148	0.01339	0.00956	0.00765	0.00669	0.00191	0.01339	0.00478	0.00383	0.00861
20	0.00962	0.00662	0.00843	0.00974	0.01016	0.00629	0.00635	0.01079	0.01365	0.01856	0.03677	0.56913	0.04339	0.15631	0.01454	0.00373	0.00480	0.01844	0.04690	0.00579
21	0.01920	0.01600	0.01687	0.01492	0.01918	0.01838	0.01168	0.09951	0.58634	0.03243	0.02874	0.02674	0.02152	0.00989	0.00743	0.00245	0.00599	0.00816	0.04295	0.01161
22	0.10726	0.10282	0.02352	0.16414	0.04988	0.05500	0.06130	0.13689	0.08126	0.12174	0.01724	0.01880	0.01263	0.00789	0.00687	0.00225	0.00837	0.00637	0.00543	0.01033
23	0.01581	0.01465	0.02378	0.06140	0.21780	0.01573	0.11555	0.02188	0.10779	0.02252	0.01864	0.04542	0.01640	0.07577	0.09915	0.00404	0.07650	0.00814	0.02964	0.00940
24	0.01843	0.10550	0.12177	0.01586	0.02054	0.05496	0.01443	0.11496	0.16819	0.02649	0.01993	0.08553	0.01715	0.01033	0.00948	0.00238	0.10973	0.00773	0.04470	0.03190
25	0.00979	0.00709	0.00942	0.01101	0.01193	0.00671	0.00814	0.01169	0.01517	0.01989	0.04297	0.51520	0.09366	0.02221	0.00963	0.00308	0.00493	0.18435	0.00688	0.00626
26	0.01636	0.01638	0.06948	0.05088	0.26239	0.03457	0.01599	0.06186	0.07338	0.02610	0.12582	0.03010	0.08799	0.01009	0.00847	0.00232	0.04476	0.00858	0.04467	0.00983
27	0.00904	0.00646	0.00861	0.01034	0.01077	0.00603	0.00689	0.01034	0.01421	0.01895	0.04092	0.73426	0.04910	0.02326	0.00948	0.00301	0.00431	0.02110	0.00689	0.00603
28	0.13290	0.13551	0.02149	0.01410	0.01923	0.01581	0.08738	0.07783	0.01761	0.06033	0.05473	0.07086	0.04033	0.00959	0.00677	0.00209	0.00691	0.05313	0.00527	0.16812
29	0.01579	0.10176	0.01746	0.04943	0.01791	0.06389	0.01056	0.09010	0.03927	0.02304	0.02474	0.30346	0.02642	0.01385	0.00835	0.00233	0.04008	0.01166	0.00554	0.13437
30	0.07187	0.02008	0.01936	0.10093	0.02398	0.16787	0.01331	0.18856	0.02147	0.05035	0.03615	0.01759	0.01285	0.00815	0.00798	0.00205	0.06110	0.00586	0.00513	0.16536
31	0.04462	0.06161	0.02064	0.08375	0.12565	0.01519	0.01351	0.09012	0.06720	0.23293	0.02283	0.02295	0.04862	0.00842	0.00700	0.00212	0.00704	0.00693	0.00623	0.11263
32	0.16042	0.01749	0.08055	0.01632	0.06290	0.06822	0.04552	0.11358	0.01947	0.10789	0.11249	0.08084	0.02348	0.04822	0.00882	0.00259	0.00743	0.00843	0.00592	0.00940

[dist]
# distance from previous block
# <min> <max>
0	47

[block]
# block no. 5 follows, 27 sequences, length 35
# corresponding to MSA columns:
# 403-437
name=unknown_F
#
# <colnr> <probs for GDERKNQSTAVLIFYWHMCP>
#	G	D	E	R	K	N	Q	S	T	A	V	L	I	F	Y	W	H	M	C	P
0	0.10460	0.02207	0.04967	0.04331	0.13062	0.17287	0.01501	0.23008	0.02337	0.06079	0.04430	0.01979	0.03438	0.00849	0.00703	0.00219	0.00895	0.00650	0.00549	0.01047
1	0.01995	0.02057	0.08992	0.01484	0.01926	0.17427	0.01257	0.09556	0.13299	0.06234	0.04344	0.10932	0.02060	0.01039	0.00717	0.00220	0.00786	0.00835	0.09701	0.05139
2	0.05681	0.01340	0.01417	0.11235	0.02007	0.09716	0.01104	0.04264	0.07737	0.04924	0.12862	0.19741	0.06811	0.01431	0.00818	0.00257	0.00671	0.06562	0.00624	0.00800
3	0.00971	0.00723	0.00911	0.01018	0.01119	0.00685	0.00704	0.01241	0.05129	0.02110	0.12653	0.54096	0.11661	0.02105	0.00921	0.00285	0.00423	0.01888	0.00709	0.00649
4	0.06062	0.15698	0.16120	0.01515	0.02103	0.01933	0.01470	0.18448	0.09186	0.02832	0.01898	0.02167	0.03776	0.04896	0.08432	0.00347	0.00939	0.00663	0.00507	0.01009
5	0.19507	0.14643	0.43474	0.01716	0.02592	0.01906	0.02058	0.02291	0.01488	0.02480	0.01215	0.01423	0.00911	0.00690	0.00612	0.00222	0.00928	0.00490	0.00348	0.01006
6	0.79154	0.01436	0.01091	0.00976	0.01436	0.01665	0.00804	0.02182	0.01263	0.03331	0.01034	0.01206	0.00804	0.00689	0.00459	0.00230	0.00574	0.00402	0.00459	0.00804
7	0.01547	0.01601	0.02243	0.01945	0.05729	0.11350	0.18467	0.01890	0.01697	0.02184	0.13225	0.08025	0.07745	0.03907	0.09693	0.00377	0.06063	0.01004	0.00496	0.00812
8	0.01289	0.00645	0.00967	0.00967	0.00967	0.00645	0.00645	0.00967	0.00967	0.01289	0.01289	0.02257	0.01289	0.02579	0.02901	0.78401	0.00645	0.00645	0.00322	0.00322
9	0.01008	0.00755	0.00964	0.00962	0.01133	0.00711	0.00725	0.01289	0.01810	0.02463	0.37372	0.13050	0.18895	0.02209	0.09543	0.00369	0.00584	0.04771	0.00718	0.00669
10	0.07137	0.03421	0.56733	0.01972	0.02950	0.01763	0.02425	0.06366	0.05810	0.02610	0.01444	0.01630	0.01033	0.00734	0.00693	0.00235	0.01011	0.00564	0.00378	0.01091
11	0.01049	0.00724	0.00896	0.00922	0.00956	0.00745	0.00584	0.01123	0.01154	0.01567	0.02532	0.14808	0.02859	0.49070	0.17151	0.00754	0.00937	0.01177	0.00475	0.00517
12	0.01539	0.01319	0.01539	0.01100	0.01759	0.00990	0.00880	0.01869	0.01539	0.02419	0.01319	0.01539	0.01100	0.00550	0.00550	0.00110	0.00550	0.00440	0.00440	0.78449
13	0.02522	0.02035	0.01939	0.01537	0.02086	0.15309	0.01232	0.28369	0.02500	0.12266	0.01712	0.01780	0.01263	0.00958	0.03193	0.00226	0.00875	0.00593	0.00613	0.18990
14	0.01508	0.06490	0.67577	0.02084	0.03164	0.01770	0.02687	0.02346	0.01565	0.02328	0.01321	0.01553	0.00941	0.00703	0.00697	0.00232	0.01086	0.00543	0.00314	0.01092
15	0.01623	0.12908	0.13499	0.02527	0.18642	0.01762	0.14205	0.02178	0.04567	0.02295	0.07529	0.02235	0.01749	0.01355	0.09400	0.00342	0.01050	0.00730	0.00414	0.00990
16	0.00880	0.00741	0.00764	0.00782	0.01011	0.00624	0.00577	0.01062	0.01664	0.01994	0.07160	0.14108	0.62247	0.01927	0.00885	0.00256	0.00382	0.01624	0.00689	0.00624
17	0.07212	0.01363	0.04853	0.01412	0.05437	0.01159	0.01121	0.05408	0.01662	0.08479	0.01918	0.02697	0.01666	0.01461	0.09628	0.00316	0.00810	0.08428	0.03286	0.31685
18	0.02223	0.01606	0.01911	0.06478	0.02224	0.01612	0.01235	0.25333	0.02279	0.11738	0.01665	0.01790	0.01235	0.00787	0.00794	0.00191	0.05895	0.00592	0.00593	0.29816
19	0.10972	0.01314	0.01267	0.01395	0.04440	0.12419	0.01000	0.01654	0.01565	0.02132	0.02966	0.34051	0.03306	0.01922	0.04687	0.00327	0.00748	0.12543	0.00579	0.00713
20	0.05985	0.01521	0.09840	0.11436	0.02120	0.01369	0.01231	0.16330	0.01962	0.03046	0.01910	0.02201	0.01449	0.00824	0.00621	0.00206	0.00649	0.00648	0.35760	0.00894
21	0.17199	0.00928	0.00983	0.00912	0.01163	0.00934	0.00683	0.01829	0.01591	0.10911	0.14006	0.08369	0.05722	0.11296	0.01097	0.00291	0.00488	0.00944	0.19911	0.00744
22	0.02015	0.01548	0.01702	0.01459	0.01883	0.01726	0.01155	0.18998	0.36753	0.06642	0.11055	0.02876	0.02579	0.01289	0.04619	0.00293	0.00693	0.00854	0.00748	0.01112
23	0.01561	0.03745	0.66400	0.02094	0.03164	0.01755	0.02671	0.05832	0.01671	0.02477	0.01357	0.01579	0.00958	0.00715	0.00707	0.00234	0.01082	0.00555	0.00337	0.01106
24	0.01117	0.00716	0.00795	0.00795	0.00816	0.00716	0.00458	0.01160	0.01138	0.01603	0.02349	0.04600	0.02601	0.64895	0.03376	0.00652	0.00674	0.01032	0.10025	0.00480
25	0.69532	0.01364	0.01104	0.01025	0.01448	0.01565	0.00852	0.02103	0.01318	0.03194	0.01391	0.02091	0.01232	0.00857	0.00529	0.00244	0.00588	0.08287	0.00487	0.00789
26	0.02218	0.01075	0.01281	0.01067	0.01435	0.01035	0.00852	0.10491	0.02057	0.26782	0.09505	0.02851	0.02336	0.00956	0.00665	0.00206	0.00506	0.00777	0.32939	0.00967
27	0.09935	0.01876	0.02369	0.09869	0.19647	0.11741	0.07682	0.10426	0.01832	0.02542	0.01427	0.01847	0.01167	0.01349	0.09460	0.00348	0.04442	0.00645	0.00426	0.00969
28	0.02162	0.01560	0.01554	0.01290	0.01688	0.05456	0.01031	0.32164	0.07224	0.03626	0.02096	0.02230	0.01578	0.00882	0.00648	0.00203	0.00637	0.00680	0.32289	0.01001
29	0.07019	0.35432	0.15145	0.01492	0.02124	0.11413	0.01486	0.02474	0.06442	0.04635	0.04945	0.01676	0.01392	0.00753	0.00594	0.00195	0.00863	0.00531	0.00415	0.00971
30	0.61523	0.01584	0.01354	0.01145	0.01636	0.01812	0.00944	0.17108	0.01778	0.03642	0.01207	0.01339	0.00910	0.00736	0.00525	0.00228	0.00630	0.00464	0.00525	0.00910
31	0.01034	0.00713	0.00884	0.00971	0.01011	0.00697	0.00644	0.01129	0.01293	0.01716	0.03199	0.30004	0.03721	0.37801	0.02363	0.00515	0.00611	0.10587	0.00570	0.00539
32	0.01041	0.00708	0.00844	0.00897	0.00918	0.00697	0.00551	0.01092	0.01201	0.01599	0.02876	0.22731	0.03353	0.51604	0.02901	0.00592	0.00643	0.04726	0.00524	0.00502
33	0.23470	0.01633	0.01683	0.10074	0.02188	0.03892	0.01184	0.26377	0.05704	0.03351	0.01699	0.04313	0.01418	0.08766	0.00998	0.00285	0.00752	0.00688	0.00570	0.00956
34	0.49573	0.01615	0.05054	0.01204	0.01705	0.01671	0.01035	0.11694	0.05338	0.08922	0.01573	0.05013	0.01243	0.00835	0.00577	0.00234	0.00636	0.00584	0.00558	0.00935

[dist]
# distance from previous block
# <min> <max>
0	1

[block]
# block no. 6 follows, 27 sequences, length 10
# corresponding to MSA columns:
# 439-448
name=unknown_G
#
# <colnr> <probs for GDERKNQSTAVLIFYWHMCP>
#	G	D	E	R	K	N	Q	S	T	A	V	L	I	F	Y	W	H	M	C	P
0	0.01350	0.01089	0.01176	0.01100	0.01343	0.01160	0.00800	0.02288	0.28664	0.02420	0.11812	0.04536	0.16025	0.21102	0.01618	0.00377	0.00553	0.01109	0.00667	0.00812
1	0.15478	0.01923	0.01986	0.12932	0.10652	0.12704	0.01462	0.20359	0.04216	0.03029	0.01818	0.02148	0.04506	0.00873	0.00697	0.00229	0.00859	0.02619	0.00523	0.00989
2	0.69918	0.01415	0.01168	0.01018	0.01492	0.01595	0.00839	0.02357	0.01368	0.11427	0.01265	0.01367	0.00930	0.00717	0.00494	0.00230	0.00581	0.00444	0.00515	0.00860
3	0.02051	0.01820	0.01977	0.16632	0.06848	0.11375	0.01445	0.24363	0.05254	0.02898	0.02064	0.02443	0.05902	0.05882	0.05513	0.00322	0.00960	0.00743	0.00537	0.00970
4	0.01187	0.00703	0.00729	0.00750	0.00928	0.00663	0.00552	0.01463	0.01577	0.02453	0.04016	0.12645	0.20546	0.01321	0.00669	0.00210	0.00365	0.01105	0.47454	0.00663
5	0.01315	0.01032	0.01300	0.01461	0.10019	0.01043	0.00943	0.01963	0.14600	0.02630	0.23455	0.08954	0.12833	0.04612	0.00927	0.00257	0.00490	0.01147	0.10195	0.00825
6	0.01061	0.00795	0.01193	0.01193	0.01326	0.00928	0.00928	0.01326	0.01193	0.01723	0.01988	0.02916	0.01856	0.05568	0.70968	0.01193	0.01988	0.00795	0.00398	0.00663
7	0.04409	0.02054	0.10445	0.17894	0.14139	0.11194	0.01745	0.11772	0.04436	0.02540	0.01894	0.08831	0.03588	0.00946	0.00742	0.00235	0.00905	0.00789	0.00469	0.00972
8	0.01006	0.00751	0.00869	0.00859	0.01012	0.00689	0.00610	0.01201	0.01651	0.02166	0.25275	0.06065	0.27239	0.21985	0.01699	0.00382	0.00481	0.04795	0.00662	0.00604
9	0.01625	0.01116	0.01327	0.01216	0.01524	0.01089	0.00954	0.14914	0.01980	0.08175	0.03519	0.20545	0.11133	0.06461	0.01047	0.00290	0.00599	0.13257	0.00677	0.08550

[dist]
# distance from previous block
# <min> <max>
0	5

[block]
# block no. 7 follows, 27 sequences, length 14
# corresponding to MSA columns:
# 454-467
name=unknown_H
#
# <colnr> <probs for GDERKNQSTAVLIFYWHMCP>
#	G	D	E	R	K	N	Q	S	T	A	V	L	I	F	Y	W	H	M	C	P
0	0.61195	0.01847	0.01336	0.01185	0.01638	0.14051	0.00951	0.05996	0.01540	0.03137	0.01097	0.01262	0.00857	0.00714	0.00513	0.00222	0.00724	0.00431	0.00462	0.00840
1	0.01697	0.02562	0.33814	0.08898	0.02852	0.05797	0.05518	0.02282	0.01590	0.09810	0.01642	0.01999	0.01243	0.01713	0.14882	0.00427	0.01237	0.00645	0.00409	0.00981
2	0.02709	0.01690	0.02070	0.01561	0.02169	0.01677	0.04772	0.32480	0.02638	0.24697	0.02051	0.01988	0.01409	0.00828	0.00719	0.00208	0.00737	0.00666	0.00727	0.14204
3	0.45823	0.01314	0.03636	0.01022	0.01400	0.01373	0.00846	0.05956	0.01490	0.03063	0.01797	0.12268	0.01646	0.00977	0.00570	0.00230	0.00546	0.00730	0.14521	0.00793
4	0.01804	0.01523	0.02249	0.10041	0.12601	0.01707	0.08015	0.13456	0.07486	0.04380	0.01748	0.02170	0.01408	0.01717	0.13641	0.00416	0.09815	0.00726	0.04121	0.00977
5	0.00963	0.00694	0.00847	0.00922	0.01000	0.00648	0.00610	0.01093	0.01451	0.01918	0.11655	0.37921	0.14047	0.20789	0.01665	0.00395	0.00488	0.01673	0.00642	0.00578
6	0.01642	0.01801	0.04869	0.09686	0.05365	0.17074	0.05335	0.02182	0.10186	0.02223	0.09284	0.17585	0.07182	0.01255	0.00799	0.00244	0.00811	0.01083	0.00548	0.00845
7	0.01031	0.00726	0.00823	0.00825	0.00892	0.00695	0.00511	0.01111	0.01323	0.01739	0.10924	0.08774	0.15274	0.49095	0.02783	0.00559	0.00601	0.01249	0.00547	0.00518
8	0.10719	0.01335	0.01388	0.01208	0.01498	0.04068	0.00913	0.19064	0.06059	0.02905	0.13131	0.03177	0.02582	0.17713	0.05550	0.05680	0.00750	0.00852	0.00595	0.00814
9	0.01289	0.00645	0.00967	0.00967	0.00967	0.00645	0.00645	0.00967	0.00967	0.01289	0.01289	0.02257	0.01289	0.02579	0.02901	0.78401	0.00645	0.00645	0.00322	0.00322
10	0.01706	0.44300	0.23891	0.01472	0.02205	0.02302	0.01643	0.02131	0.01547	0.01962	0.01862	0.01983	0.08678	0.00798	0.00592	0.00193	0.00840	0.00577	0.00359	0.00960
11	0.01398	0.01378	0.02402	0.09496	0.02535	0.01463	0.22917	0.01723	0.01469	0.01965	0.02646	0.03438	0.13661	0.15754	0.01721	0.00358	0.13494	0.00979	0.00433	0.00770
12	0.01942	0.01751	0.01685	0.01289	0.01890	0.13693	0.01018	0.05132	0.01770	0.06970	0.01418	0.01581	0.01131	0.00629	0.00593	0.00138	0.00710	0.00478	0.00476	0.55706
13	0.19272	0.01954	0.01771	0.01453	0.01956	0.13985	0.01164	0.24214	0.02321	0.13690	0.01761	0.05012	0.01357	0.00873	0.00665	0.00216	0.00792	0.00641	0.00622	0.06282

[dist]
# distance from previous block
# <min> <max>
2	4

[block]
# block no. 8 follows, 27 sequences, length 6
# corresponding to MSA columns:
# 472-477
name=unknown_I
#
# <colnr> <probs for GDERKNQSTAVLIFYWHMCP>
#	G	D	E	R	K	N	Q	S	T	A	V	L	I	F	Y	W	H	M	C	P
0	0.17477	0.01840	0.01868	0.01480	0.02005	0.06002	0.01211	0.32270	0.02458	0.10313	0.01608	0.01679	0.01175	0.00831	0.00763	0.00215	0.05118	0.00584	0.00622	0.10479
