[name]
unknown

[dist]
# distance from previous block
# <min> <max>
7	36

[block]
# block no. 0 follows, 28 sequences, length 13
# corresponding to MSA columns:
# 36-48
name=unknown_A
#
# <colnr> <probs for GDERKNQSTAVLIFYWHMCP>
#	G	D	E	R	K	N	Q	S	T	A	V	L	I	F	Y	W	H	M	C	P
0	0.04762	0.08257	0.18721	0.01897	0.10023	0.15425	0.01599	0.02335	0.07942	0.02222	0.01869	0.07805	0.04243	0.00882	0.00675	0.00208	0.00867	0.00702	0.00432	0.09133
1	0.15500	0.01816	0.02122	0.14128	0.14655	0.05303	0.01541	0.30376	0.02330	0.03363	0.01445	0.01670	0.01084	0.00768	0.00675	0.00222	0.00824	0.00598	0.00528	0.01052
2	0.17862	0.01483	0.02298	0.20766	0.27761	0.01598	0.06984	0.02050	0.01556	0.02470	0.07146	0.02031	0.01516	0.00743	0.00688	0.00228	0.00812	0.00668	0.00408	0.00934
3	0.01602	0.01595	0.02375	0.48470	0.22027	0.07659	0.02022	0.02046	0.01559	0.01988	0.01298	0.01847	0.01015	0.00708	0.00719	0.00231	0.00970	0.00631	0.00337	0.00902
4	0.01687	0.01783	0.10149	0.08655	0.33748	0.01636	0.01902	0.07702	0.03904	0.02421	0.01730	0.02641	0.01548	0.05267	0.01023	0.00268	0.05074	0.07423	0.00430	0.01008
5	0.02519	0.01915	0.02044	0.01623	0.02161	0.02140	0.01323	0.51221	0.20090	0.04187	0.02056	0.01992	0.01488	0.00902	0.00730	0.00225	0.00742	0.00697	0.00730	0.01214
6	0.01373	0.01292	0.02180	0.72707	0.05006	0.01615	0.02019	0.01857	0.01453	0.01857	0.01292	0.01938	0.00969	0.00727	0.00727	0.00242	0.00969	0.00646	0.00323	0.00807
7	0.01263	0.00631	0.00947	0.00947	0.00947	0.00631	0.00631	0.00947	0.00947	0.01263	0.01263	0.02210	0.01263	0.02525	0.02841	0.78851	0.00631	0.00631	0.00316	0.00316
8	0.34327	0.02226	0.22371	0.01701	0.07590	0.01742	0.01575	0.09798	0.07404	0.03032	0.01380	0.01533	0.01031	0.00727	0.00601	0.00227	0.00769	0.00524	0.00456	0.00986
9	0.01757	0.01792	0.02534	0.30460	0.35801	0.11029	0.02038	0.02177	0.01631	0.02095	0.01306	0.01787	0.01052	0.00692	0.00714	0.00222	0.00964	0.00623	0.00348	0.00977
10	0.01536	0.01377	0.01315	0.01120	0.01506	0.08933	0.00871	0.11462	0.04511	0.02572	0.12176	0.04140	0.27914	0.01242	0.00749	0.00206	0.00576	0.01012	0.00619	0.16162
11	0.02215	0.20797	0.11490	0.02146	0.16323	0.07557	0.01635	0.10935	0.04862	0.12950	0.01598	0.01701	0.01206	0.00737	0.00650	0.00203	0.00846	0.00574	0.00489	0.01085
12	0.01957	0.24695	0.08316	0.01582	0.05677	0.10728	0.01340	0.02561	0.12865	0.08532	0.01936	0.02038	0.04339	0.01173	0.06344	0.00275	0.00894	0.00614	0.00475	0.03660

[dist]
# distance from previous block
# <min> <max>
0	31

[block]
# block no. 1 follows, 28 sequences, length 167
# corresponding to MSA columns:
# 86-184,188-221,225-258
name=unknown_B
#
# <colnr> <probs for GDERKNQSTAVLIFYWHMCP>
#	G	D	E	R	K	N	Q	S	T	A	V	L	I	F	Y	W	H	M	C	P
0	0.07660	0.10690	0.15247	0.01877	0.13589	0.04849	0.01482	0.02104	0.01723	0.08459	0.18602	0.06127	0.02708	0.00972	0.00705	0.00219	0.00719	0.00811	0.00525	0.00931
1	0.15188	0.07851	0.01735	0.01492	0.08061	0.01507	0.01083	0.16098	0.01970	0.05080	0.10245	0.11008	0.05614	0.01088	0.00694	0.00220	0.00612	0.02722	0.00588	0.07142
2	0.23978	0.06328	0.01850	0.01501	0.06221	0.01527	0.06896	0.02354	0.12576	0.05108	0.04095	0.02083	0.04775	0.00779	0.00615	0.00202	0.00637	0.00628	0.00510	0.17337
3	0.07351	0.01860	0.01959	0.01546	0.02075	0.02069	0.01265	0.51931	0.10952	0.04204	0.01881	0.01883	0.01363	0.00872	0.00698	0.00219	0.00731	0.00660	0.05316	0.01165
4	0.01461	0.01359	0.02274	0.41356	0.26111	0.01532	0.01920	0.01881	0.01503	0.02015	0.01590	0.08389	0.01424	0.03172	0.00836	0.00253	0.00877	0.00786	0.00370	0.00891
5	0.01263	0.00631	0.00947	0.00947	0.00947	0.00631	0.00631	0.00947	0.00947	0.01263	0.01263	0.02210	0.01263	0.02525	0.02841	0.78851	0.00631	0.00631	0.00316	0.00316
6	0.62407	0.01477	0.01484	0.01730	0.16539	0.01652	0.01106	0.02158	0.01329	0.03066	0.01091	0.01317	0.00868	0.00669	0.00509	0.00223	0.00629	0.00450	0.00430	0.00868
7	0.02166	0.06311	0.02003	0.01531	0.05319	0.03981	0.01187	0.25630	0.06191	0.07410	0.01631	0.01710	0.01236	0.00725	0.00638	0.00174	0.00696	0.00562	0.00571	0.30328
8	0.01386	0.02672	0.43353	0.01653	0.02435	0.01372	0.01934	0.04392	0.01687	0.02454	0.12660	0.05075	0.06261	0.00936	0.00722	0.00221	0.00827	0.00771	0.00449	0.08740
9	0.01707	0.15018	0.30257	0.01683	0.02361	0.09192	0.01794	0.05502	0.08826	0.02238	0.01537	0.01796	0.01222	0.01484	0.11950	0.00364	0.01121	0.00579	0.00395	0.00974
10	0.01734	0.42314	0.20369	0.01502	0.02159	0.02327	0.01598	0.02277	0.07210	0.01975	0.01309	0.01519	0.01097	0.01007	0.05129	0.00254	0.04405	0.00500	0.00352	0.00963
11	0.01760	0.01687	0.02879	0.10770	0.63919	0.01717	0.02211	0.02196	0.01637	0.02327	0.01360	0.01812	0.01135	0.00655	0.00720	0.00218	0.00873	0.00648	0.00356	0.01120
12	0.01522	0.06925	0.21685	0.01376	0.02144	0.01305	0.01415	0.01990	0.01513	0.02305	0.01277	0.01492	0.01022	0.00588	0.00578	0.00146	0.00709	0.00459	0.00387	0.51162
13	0.01048	0.00739	0.00967	0.00967	0.01028	0.00800	0.00658	0.01169	0.01109	0.01539	0.02131	0.03873	0.02259	0.42360	0.35269	0.00920	0.01283	0.00928	0.00417	0.00537
14	0.00880	0.00656	0.00820	0.00951	0.01038	0.00596	0.00648	0.01019	0.01450	0.01879	0.04748	0.59184	0.19124	0.02181	0.00913	0.00284	0.00410	0.01949	0.00675	0.00596
15	0.01507	0.01292	0.01507	0.01077	0.01723	0.00969	0.00861	0.01830	0.01507	0.02369	0.01292	0.01507	0.01077	0.00538	0.00538	0.00108	0.00538	0.00431	0.00431	0.78898
16	0.01385	0.01162	0.01376	0.01064	0.01591	0.00894	0.00825	0.01669	0.01485	0.02267	0.01827	0.15798	0.01812	0.00881	0.00615	0.00145	0.00515	0.00753	0.00479	0.63456
17	0.01777	0.01245	0.01485	0.01087	0.01690	0.00967	0.00873	0.02095	0.01600	0.13233	0.01609	0.01735	0.01240	0.00615	0.00567	0.00130	0.00539	0.00494	0.05309	0.61710
18	0.01047	0.00745	0.00997	0.00997	0.01068	0.00816	0.00696	0.01188	0.01118	0.01561	0.02103	0.03721	0.02193	0.36844	0.40695	0.00957	0.01382	0.00905	0.00413	0.00554
19	0.01306	0.00955	0.01166	0.01053	0.01293	0.00942	0.00820	0.11900	0.02232	0.03091	0.51832	0.05085	0.08686	0.01437	0.00846	0.00234	0.00437	0.05141	0.00775	0.00769
20	0.01893	0.67483	0.10774	0.01330	0.01999	0.02753	0.01394	0.02190	0.01483	0.01772	0.01041	0.01204	0.00932	0.00629	0.00490	0.00163	0.00808	0.00404	0.00311	0.00948
21	0.00943	0.00657	0.00827	0.00939	0.00967	0.00628	0.00597	0.01027	0.01280	0.01707	0.03436	0.50975	0.04088	0.26264	0.01849	0.00431	0.00516	0.01731	0.00597	0.00541
22	0.01507	0.01292	0.01507	0.01077	0.01723	0.00969	0.00861	0.01830	0.01507	0.02369	0.01292	0.01507	0.01077	0.00538	0.00538	0.00108	0.00538	0.00431	0.00431	0.78898
23	0.01489	0.01230	0.01422	0.01074	0.01615	0.01005	0.00853	0.07112	0.01753	0.02589	0.11107	0.02544	0.07947	0.00810	0.00626	0.00145	0.00518	0.00667	0.00527	0.54969
24	0.79588	0.01406	0.01068	0.00956	0.01406	0.01631	0.00787	0.02137	0.01237	0.03261	0.01012	0.01181	0.00787	0.00675	0.00450	0.00225	0.00562	0.00394	0.00450	0.00787
25	0.01008	0.00721	0.00982	0.01136	0.01237	0.00695	0.00874	0.01231	0.01545	0.02048	0.07976	0.43512	0.04685	0.02121	0.00954	0.00307	0.00516	0.27144	0.00680	0.00628
26	0.01992	0.01710	0.01743	0.01525	0.01961	0.04642	0.01196	0.13683	0.55868	0.03229	0.02698	0.02507	0.02016	0.00959	0.00734	0.00240	0.00639	0.00782	0.00723	0.01152
27	0.01837	0.01592	0.01572	0.01221	0.01778	0.12199	0.00957	0.02122	0.01645	0.09035	0.01589	0.06033	0.01356	0.00715	0.00600	0.00144	0.00662	0.00567	0.00484	0.53891
28	0.02142	0.01675	0.06056	0.01596	0.05248	0.01598	0.01283	0.31494	0.02381	0.09779	0.01971	0.08306	0.01631	0.01479	0.09176	0.00325	0.00870	0.00764	0.00615	0.11610
29	0.01665	0.05287	0.19557	0.02763	0.03571	0.01845	0.49771	0.02316	0.01664	0.02298	0.01414	0.01831	0.01054	0.00631	0.00804	0.00238	0.01173	0.00765	0.00351	0.01000
30	0.00988	0.00741	0.00933	0.01013	0.01172	0.00686	0.00788	0.01231	0.01670	0.02173	0.16903	0.23571	0.22973	0.01932	0.00918	0.00281	0.00465	0.20225	0.00696	0.00637
31	0.01943	0.74891	0.03809	0.01244	0.01866	0.02876	0.01244	0.02177	0.01477	0.01710	0.01011	0.01166	0.00933	0.00622	0.00466	0.00155	0.00777	0.00389	0.00311	0.00933
32	0.01639	0.01811	0.03817	0.18664	0.04069	0.01788	0.52661	0.02223	0.01657	0.02223	0.01431	0.01956	0.01073	0.00638	0.00828	0.00244	0.01168	0.00810	0.00358	0.00942
33	0.01057	0.00705	0.00793	0.00793	0.00793	0.00705	0.00440	0.01057	0.01057	0.01409	0.02290	0.04757	0.02643	0.74454	0.03700	0.00705	0.00705	0.01057	0.00440	0.00440
34	0.00886	0.00633	0.00843	0.01012	0.01054	0.00590	0.00675	0.01012	0.01392	0.01856	0.04006	0.73979	0.04808	0.02277	0.00928	0.00295	0.00422	0.02066	0.00675	0.00590
35	0.01399	0.01319	0.02228	0.68507	0.09002	0.01622	0.02032	0.01880	0.01466	0.01889	0.01297	0.01929	0.00980	0.00722	0.00726	0.00241	0.00963	0.00646	0.00325	0.00829
36	0.01458	0.03760	0.70688	0.02072	0.03146	0.01688	0.02686	0.02302	0.01535	0.02302	0.01304	0.01535	0.00921	0.00691	0.00691	0.00230	0.01074	0.00537	0.00307	0.01074
37	0.01716	0.01961	0.04289	0.03064	0.03799	0.01838	0.67279	0.02328	0.01716	0.02328	0.01471	0.01961	0.01103	0.00613	0.00858	0.00245	0.01225	0.00858	0.00368	0.00980
38	0.01373	0.01292	0.02180	0.72707	0.05006	0.01615	0.02019	0.01857	0.01453	0.01857	0.01292	0.01938	0.00969	0.00727	0.00727	0.00242	0.00969	0.00646	0.00323	0.00807
39	0.01170	0.00988	0.01352	0.01295	0.01347	0.01207	0.00986	0.01323	0.01216	0.01726	0.02455	0.21865	0.05339	0.12452	0.18309	0.00560	0.24151	0.01147	0.00462	0.00651
40	0.01878	0.65361	0.12769	0.01355	0.02037	0.02717	0.01437	0.02193	0.01485	0.01789	0.01050	0.01215	0.00931	0.00631	0.00496	0.00165	0.00817	0.00409	0.00310	0.00952
41	0.01588	0.22875	0.52716	0.01849	0.02802	0.02007	0.02298	0.02268	0.01519	0.02143	0.01226	0.01436	0.00924	0.00672	0.00630	0.00210	0.00994	0.00497	0.00308	0.01036
42	0.00886	0.00633	0.00843	0.01012	0.01054	0.00590	0.00675	0.01012	0.01392	0.01856	0.04006	0.73979	0.04808	0.02277	0.00928	0.00295	0.00422	0.02066	0.00675	0.00590
43	0.01825	0.01219	0.01651	0.01384	0.01771	0.01226	0.07574	0.07155	0.14694	0.16253	0.11184	0.03697	0.10448	0.01535	0.07058	0.00321	0.00729	0.04878	0.04455	0.00941
44	0.01450	0.01333	0.02230	0.32697	0.27214	0.01499	0.01849	0.01866	0.01462	0.02003	0.01463	0.02091	0.01221	0.01742	0.16372	0.00437	0.01148	0.00676	0.00351	0.00894
45	0.01799	0.01727	0.02950	0.04462	0.69919	0.01727	0.02231	0.02231	0.01655	0.02375	0.01367	0.01799	0.01151	0.00648	0.00720	0.00216	0.00864	0.00648	0.00360	0.01151
46	0.00876	0.00669	0.00806	0.00916	0.01029	0.00599	0.00632	0.01023	0.01484	0.01893	0.05181	0.50539	0.27490	0.02125	0.00904	0.00278	0.00403	0.01880	0.00675	0.00599
47	0.02544	0.02083	0.02362	0.01878	0.02402	0.21490	0.15801	0.03140	0.12046	0.25583	0.02074	0.02064	0.01462	0.00806	0.00739	0.00222	0.00944	0.00698	0.00608	0.01055
48	0.02045	0.01722	0.01902	0.02026	0.15240	0.11682	0.01359	0.17953	0.04615	0.07866	0.12209	0.03302	0.05340	0.01081	0.00773	0.00231	0.00765	0.08286	0.00618	0.00985
49	0.75874	0.01505	0.01116	0.01000	0.01446	0.05009	0.00817	0.02174	0.01277	0.03190	0.01018	0.01187	0.00794	0.00678	0.00460	0.00223	0.00598	0.00397	0.00446	0.00790
50	0.01435	0.07870	0.60373	0.01903	0.02876	0.01666	0.02408	0.02183	0.01542	0.02236	0.01823	0.01996	0.07009	0.00788	0.00692	0.00227	0.00993	0.00616	0.00340	0.01025
51	0.00899	0.00656	0.00821	0.00946	0.01017	0.00606	0.00632	0.01022	0.01401	0.01828	0.04370	0.56398	0.14919	0.09411	0.01194	0.00328	0.00441	0.01881	0.00651	0.00579
52	0.01458	0.03760	0.70688	0.02072	0.03146	0.01688	0.02686	0.02302	0.01535	0.02302	0.01304	0.01535	0.00921	0.00691	0.00691	0.00230	0.01074	0.00537	0.00307	0.01074
53	0.01114	0.00957	0.04430	0.01090	0.01187	0.00958	0.00819	0.01261	0.01133	0.01591	0.02056	0.05757	0.02192	0.38763	0.26181	0.00790	0.07801	0.00930	0.00413	0.00578
54	0.45092	0.01219	0.03491	0.00968	0.01313	0.01253	0.00792	0.01806	0.01490	0.02954	0.22730	0.02849	0.02870	0.07468	0.00875	0.00269	0.00524	0.00748	0.00554	0.00735
55	0.02074	0.63283	0.03550	0.01312	0.01928	0.02777	0.01266	0.12584	0.01786	0.02168	0.01128	0.01258	0.00981	0.00662	0.00508	0.00165	0.00781	0.00431	0.00377	0.00981
56	0.01924	0.01279	0.01550	0.01128	0.01754	0.00993	0.00911	0.02237	0.01644	0.18551	0.01667	0.01737	0.01249	0.00624	0.00584	0.00136	0.00557	0.00502	0.00542	0.60431
57	0.01886	0.66502	0.11697	0.01341	0.02017	0.02736	0.01414	0.02191	0.01484	0.01780	0.01045	0.01210	0.00931	0.00630	0.00493	0.00164	0.00812	0.00406	0.00310	0.00950
58	0.00859	0.00736	0.00736	0.00736	0.00982	0.00614	0.00552	0.01043	0.01657	0.01964	0.07364	0.06996	0.69624	0.01841	0.00859	0.00245	0.00368	0.01534	0.00675	0.00614
59	0.01373	0.01292	0.02180	0.72707	0.05006	0.01615	0.02019	0.01857	0.01453	0.01857	0.01292	0.01938	0.00969	0.00727	0.00727	0.00242	0.00969	0.00646	0.00323	0.00807
60	0.01496	0.01837	0.16787	0.01296	0.02037	0.01128	0.01264	0.01935	0.01513	0.02354	0.01295	0.01513	0.01042	0.00572	0.00572	0.00135	0.00657	0.00454	0.00403	0.61708
61	0.01618	0.01289	0.01519	0.01090	0.01731	0.00975	0.00874	0.01938	0.01544	0.06665	0.01391	0.01568	0.01122	0.00561	0.00550	0.00115	0.00543	0.00450	0.00460	0.73995
62	0.02763	0.02036	0.02182	0.01672	0.02254	0.02254	0.01382	0.67496	0.03418	0.04581	0.01745	0.01745	0.01236	0.00873	0.00727	0.00218	0.00800	0.00654	0.00727	0.01236
63	0.01507	0.01292	0.01507	0.01077	0.01723	0.00969	0.00861	0.01830	0.01507	0.02369	0.01292	0.01507	0.01077	0.00538	0.00538	0.00108	0.00538	0.00431	0.00431	0.78898
64	0.01507	0.01292	0.01507	0.01077	0.01723	0.00969	0.00861	0.01830	0.01507	0.02369	0.01292	0.01507	0.01077	0.00538	0.00538	0.00108	0.00538	0.00431	0.00431	0.78898
65	0.01507	0.01292	0.01507	0.01077	0.01723	0.00969	0.00861	0.01830	0.01507	0.02369	0.01292	0.01507	0.01077	0.00538	0.00538	0.00108	0.00538	0.00431	0.00431	0.78898
66	0.01056	0.00764	0.00891	0.00846	0.01073	0.00669	0.00639	0.01318	0.01862	0.05776	0.35748	0.06052	0.37403	0.01631	0.00852	0.00237	0.00369	0.01394	0.00744	0.00678
67	0.01038	0.00779	0.01168	0.01168	0.01298	0.00909	0.00909	0.01298	0.01168	0.01687	0.01947	0.02856	0.01817	0.05452	0.71573	0.01168	0.01947	0.00779	0.00389	0.00649
68	0.01943	0.74891	0.03809	0.01244	0.01866	0.02876	0.01244	0.02177	0.01477	0.01710	0.01011	0.01166	0.00933	0.00622	0.00466	0.00155	0.00777	0.00389	0.00311	0.00933
69	0.01734	0.01700	0.02710	0.21807	0.50032	0.05072	0.02137	0.02168	0.01623	0.02214	0.01336	0.01811	0.01094	0.00673	0.00718	0.00221	0.00912	0.00639	0.00351	0.01048
70	0.02553	0.03155	0.01977	0.01809	0.02177	0.61448	0.01369	0.02925	0.08342	0.01918	0.01432	0.01783	0.01218	0.00834	0.00681	0.00200	0.01210	0.03684	0.00424	0.00863
71	0.79588	0.01406	0.01068	0.00956	0.01406	0.01631	0.00787	0.02137	0.01237	0.03261	0.01012	0.01181	0.00787	0.00675	0.00450	0.00225	0.00562	0.00394	0.00450	0.00787
72	0.14697	0.02168	0.01989	0.01593	0.02121	0.13294	0.01293	0.46954	0.02860	0.03926	0.01531	0.01588	0.01118	0.00822	0.00673	0.00214	0.00845	0.00584	0.00627	0.01103
73	0.01373	0.01292	0.02180	0.72707	0.05006	0.01615	0.02019	0.01857	0.01453	0.01857	0.01292	0.01938	0.00969	0.00727	0.00727	0.00242	0.00969	0.00646	0.00323	0.00807
74	0.00929	0.00739	0.00833	0.00809	0.01024	0.00643	0.00607	0.01178	0.01821	0.02353	0.32829	0.06354	0.43916	0.01696	0.00858	0.00239	0.00358	0.01444	0.00726	0.00643
75	0.02715	0.03464	0.02060	0.01873	0.02247	0.71536	0.01404	0.02903	0.02060	0.01779	0.01124	0.01311	0.00936	0.00749	0.00655	0.00187	0.01311	0.00468	0.00375	0.00843
76	0.01763	0.01517	0.01605	0.01457	0.01850	0.01749	0.01128	0.03725	0.65358	0.02983	0.03009	0.06156	0.02344	0.01049	0.00749	0.00249	0.00568	0.00882	0.00737	0.01123
77	0.01388	0.01308	0.02209	0.70185	0.07405	0.01619	0.02027	0.01871	0.01461	0.01876	0.01295	0.01933	0.00976	0.00724	0.00726	0.00241	0.00965	0.00646	0.00324	0.00820
78	0.01676	0.35656	0.40698	0.01701	0.02572	0.02221	0.02039	0.02246	0.01509	0.02037	0.01173	0.01369	0.00926	0.00660	0.00590	0.00197	0.00941	0.00471	0.00309	0.01011
79	0.01656	0.00886	0.01182	0.01045	0.01325	0.00801	0.00822	0.01981	0.02040	0.21554	0.47041	0.04782	0.05294	0.01356	0.00831	0.00234	0.00439	0.05074	0.00820	0.00837
80	0.01373	0.01292	0.02180	0.72707	0.05006	0.01615	0.02019	0.01857	0.01453	0.01857	0.01292	0.01938	0.00969	0.00727	0.00727	0.00242	0.00969	0.00646	0.00323	0.00807
81	0.01400	0.00850	0.01084	0.00975	0.01227	0.00777	0.00749	0.01772	0.04223	0.13830	0.49519	0.05032	0.12875	0.01413	0.00833	0.00230	0.00398	0.01227	0.00800	0.00783
82	0.01602	0.01526	0.02594	0.36004	0.39917	0.01675	0.02133	0.02058	0.01562	0.02136	0.01332	0.01863	0.01067	0.00684	0.00723	0.00228	0.00912	0.00647	0.00343	0.00992
83	0.02439	0.02717	0.02236	0.02382	0.17164	0.40464	0.01561	0.11673	0.08053	0.02406	0.01425	0.01602	0.01138	0.00765	0.00687	0.00203	0.01077	0.00565	0.00452	0.00992
84	0.02864	0.01845	0.01798	0.01453	0.01947	0.15955	0.01166	0.18767	0.02353	0.34389	0.02191	0.02076	0.01489	0.00857	0.00695	0.00211	0.00782	0.00653	0.07401	0.01107
85	0.01171	0.00837	0.01171	0.01339	0.01506	0.00837	0.01171	0.01506	0.01673	0.02175	0.03849	0.08199	0.04183	0.02008	0.01004	0.00335	0.00669	0.65027	0.00669	0.00669
86	0.01737	0.02434	0.17075	0.01816	0.05541	0.22953	0.07316	0.02201	0.04182	0.02167	0.09330	0.03024	0.15140	0.01016	0.00748	0.00221	0.00920	0.00834	0.00473	0.00871
87	0.01841	0.08911	0.40775	0.01746	0.02553	0.07813	0.01992	0.04805	0.01743	0.11178	0.04286	0.02090	0.05489	0.00823	0.00692	0.00220	0.00932	0.00637	0.00446	0.01027
88	0.01458	0.03760	0.70688	0.02072	0.03146	0.01688	0.02686	0.02302	0.01535	0.02302	0.01304	0.01535	0.00921	0.00691	0.00691	0.00230	0.01074	0.00537	0.00307	0.01074
89	0.01159	0.00999	0.01646	0.01465	0.01656	0.01086	0.10736	0.01439	0.01372	0.01934	0.08222	0.18536	0.02733	0.03270	0.32398	0.00671	0.08388	0.01108	0.00479	0.00703
90	0.02121	0.02231	0.02616	0.02085	0.02500	0.20868	0.18569	0.13990	0.04811	0.02452	0.01427	0.01843	0.01176	0.04482	0.01216	0.00262	0.15297	0.00680	0.00443	0.00933
91	0.01640	0.01712	0.02194	0.53915	0.07138	0.14113	0.01899	0.02055	0.01555	0.01860	0.01250	0.01804	0.00970	0.00752	0.00790	0.00235	0.04345	0.00614	0.00334	0.00828
92	0.00884	0.00638	0.00838	0.00999	0.01051	0.00592	0.00669	0.01014	0.01405	0.01861	0.04172	0.70678	0.08002	0.02256	0.00924	0.00293	0.00419	0.02040	0.00675	0.00592
93	0.01118	0.00846	0.00973	0.00922	0.01146	0.00818	0.00697	0.01649	0.10913	0.02658	0.37834	0.05242	0.22684	0.01457	0.00811	0.00230	0.00381	0.01251	0.07642	0.00729
94	0.01458	0.03760	0.70688	0.02072	0.03146	0.01688	0.02686	0.02302	0.01535	0.02302	0.01304	0.01535	0.00921	0.00691	0.00691	0.00230	0.01074	0.00537	0.00307	0.01074
95	0.01128	0.00886	0.01083	0.01074	0.01171	0.04319	0.00772	0.01294	0.01174	0.01596	0.02025	0.03435	0.02058	0.29009	0.44678	0.00960	0.01487	0.00859	0.00406	0.00587
96	0.01023	0.00731	0.01001	0.01169	0.01272	0.00709	0.00914	0.01250	0.01527	0.02010	0.03930	0.42285	0.04507	0.02148	0.00965	0.00314	0.00541	0.32403	0.00672	0.00628
97	0.01331	0.00970	0.01173	0.01135	0.01338	0.00978	0.00852	0.15007	0.02014	0.02724	0.20737	0.34753	0.06708	0.01747	0.00870	0.00263	0.00494	0.05433	0.00718	0.00756
98	0.01905	0.01971	0.05727	0.04018	0.58376	0.07512	0.02143	0.05292	0.01765	0.02424	0.01362	0.01745	0.01128	0.00668	0.00713	0.00214	0.00907	0.00628	0.00376	0.01127
99	0.01969	0.02239	0.02229	0.06276	0.02300	0.27448	0.05596	0.02195	0.01565	0.01860	0.04449	0.01722	0.01249	0.01017	0.01480	0.00257	0.34342	0.00623	0.00366	0.00819
100	0.00945	0.00683	0.00893	0.00961	0.01065	0.00631	0.00675	0.01164	0.01680	0.02302	0.31526	0.42846	0.08060	0.01930	0.00896	0.00266	0.00387	0.01732	0.00727	0.00631
101	0.01532	0.12071	0.27472	0.01538	0.02320	0.01511	0.04231	0.02048	0.01549	0.02281	0.04630	0.01683	0.01286	0.00656	0.00613	0.00171	0.00786	0.00525	0.00385	0.32713
102	0.74810	0.05928	0.01237	0.00974	0.01434	0.01707	0.00815	0.02139	0.01252	0.03166	0.01012	0.01180	0.00796	0.00672	0.00451	0.00221	0.00576	0.00393	0.00441	0.00796
103	0.01053	0.00721	0.00876	0.00876	0.00904	0.00750	0.00544	0.01110	0.01082	0.01471	0.02215	0.04337	0.02460	0.59213	0.18691	0.00807	0.00979	0.00996	0.00429	0.00487
104	0.01420	0.00888	0.01126	0.01012	0.01266	0.00838	0.00777	0.01897	0.07938	0.12857	0.50780	0.04828	0.08733	0.01372	0.00828	0.00230	0.00405	0.01195	0.00803	0.00805
105	0.02195	0.01181	0.01500	0.01145	0.01679	0.00967	0.00924	0.02503	0.01845	0.32109	0.12852	0.02554	0.02313	0.00847	0.00673	0.00178	0.00542	0.00702	0.00694	0.32597
106	0.01807	0.01469	0.01668	0.01219	0.01849	0.01276	0.00985	0.17494	0.01963	0.02896	0.01400	0.01564	0.01115	0.00618	0.00583	0.00134	0.00601	0.00484	0.00501	0.60372
107	0.02431	0.01620	0.01958	0.01848	0.12765	0.05710	0.01279	0.15052	0.02114	0.24600	0.01886	0.01897	0.01342	0.00749	0.00672	0.00189	0.00713	0.00607	0.00623	0.21945
108	0.02096	0.60806	0.03464	0.01368	0.01941	0.16415	0.01275	0.02320	0.01592	0.01724	0.01033	0.01195	0.00934	0.00647	0.00504	0.00162	0.00883	0.00404	0.00323	0.00915
109	0.01072	0.00747	0.01079	0.01079	0.01170	0.00839	0.00797	0.01212	0.01121	0.01586	0.01909	0.03070	0.01873	0.16007	0.51495	0.11613	0.01572	0.00803	0.00388	0.00571
110	0.01740	0.01667	0.02844	0.13872	0.60968	0.01712	0.02202	0.02179	0.01627	0.02303	0.01357	0.01818	0.01126	0.00659	0.00721	0.00220	0.00878	0.00647	0.00355	0.01104
111	0.01507	0.01292	0.01507	0.01077	0.01723	0.00969	0.00861	0.01830	0.01507	0.02369	0.01292	0.01507	0.01077	0.00538	0.00538	0.00108	0.00538	0.00431	0.00431	0.78898
112	0.01382	0.00886	0.01075	0.01054	0.01275	0.00836	0.00784	0.08008	0.01787	0.10826	0.07667	0.36010	0.19695	0.01811	0.00866	0.00265	0.00476	0.03834	0.00714	0.00749
113	0.01799	0.01727	0.02950	0.04462	0.69919	0.01727	0.02231	0.02231	0.01655	0.02375	0.01367	0.01799	0.01151	0.00648	0.00720	0.00216	0.00864	0.00648	0.00360	0.01151
114	0.01799	0.01727	0.02950	0.04462	0.69919	0.01727	0.02231	0.02231	0.01655	0.02375	0.01367	0.01799	0.01151	0.00648	0.00720	0.00216	0.00864	0.00648	0.00360	0.01151
115	0.01086	0.00869	0.00975	0.00927	0.01158	0.00837	0.00694	0.01621	0.12450	0.02479	0.30638	0.05593	0.31126	0.05145	0.00979	0.00262	0.00408	0.01312	0.00723	0.00719
116	0.01461	0.01382	0.02340	0.58536	0.18486	0.01638	0.02063	0.01935	0.01495	0.01965	0.01308	0.01909	0.01007	0.00710	0.00725	0.00237	0.00947	0.00646	0.00331	0.00879
117	0.01641	0.01565	0.02664	0.29834	0.45786	0.01685	0.02152	0.02092	0.01580	0.02182	0.01339	0.01851	0.01084	0.00677	0.00722	0.00226	0.00903	0.00647	0.00346	0.01024
118	0.00865	0.00713	0.00760	0.00797	0.00998	0.00609	0.00579	0.01036	0.01598	0.01940	0.06622	0.21791	0.55308	0.01937	0.00874	0.00256	0.00380	0.01652	0.00675	0.00609
119	0.01163	0.02271	0.36232	0.01414	0.02080	0.01159	0.01635	0.01682	0.01595	0.02135	0.04289	0.04225	0.34762	0.01257	0.00774	0.00238	0.00726	0.01028	0.00488	0.00847
120	0.00877	0.00734	0.00741	0.00741	0.00965	0.00622	0.00542	0.01044	0.01604	0.01915	0.06914	0.06797	0.63689	0.08275	0.01111	0.00286	0.00398	0.01492	0.00654	0.00598
121	0.01507	0.01292	0.01507	0.01077	0.01723	0.00969	0.00861	0.01830	0.01507	0.02369	0.01292	0.01507	0.01077	0.00538	0.00538	0.00108	0.00538	0.00431	0.00431	0.78898
122	0.00951	0.00744	0.00955	0.01047	0.01129	0.00747	0.00747	0.01098	0.01428	0.01877	0.04393	0.52378	0.17229	0.02094	0.01046	0.00289	0.06861	0.03728	0.00643	0.00616
123	0.01882	0.65960	0.12206	0.01348	0.02026	0.02727	0.01425	0.02192	0.01484	0.01785	0.01047	0.01212	0.00931	0.00631	0.00495	0.00165	0.00815	0.00407	0.00310	0.00951
124	0.01799	0.01727	0.02950	0.04462	0.69919	0.01727	0.02231	0.02231	0.01655	0.02375	0.01367	0.01799	0.01151	0.00648	0.00720	0.00216	0.00864	0.00648	0.00360	0.01151
125	0.01038	0.00779	0.01168	0.01168	0.01298	0.00909	0.00909	0.01298	0.01168	0.01687	0.01947	0.02856	0.01817	0.05452	0.71573	0.01168	0.01947	0.00779	0.00389	0.00649
126	0.01507	0.01292	0.01507	0.01077	0.01723	0.00969	0.00861	0.01830	0.01507	0.02369	0.01292	0.01507	0.01077	0.00538	0.00538	0.00108	0.00538	0.00431	0.00431	0.78898
127	0.01673	0.35205	0.41123	0.01706	0.02580	0.02213	0.02048	0.02247	0.01509	0.02040	0.01175	0.01372	0.00926	0.00660	0.00592	0.00197	0.00943	0.00472	0.00309	0.01012
128	0.01038	0.00779	0.01168	0.01168	0.01298	0.00909	0.00909	0.01298	0.01168	0.01687	0.01947	0.02856	0.01817	0.05452	0.71573	0.01168	0.01947	0.00779	0.00389	0.00649
129	0.02715	0.03464	0.02060	0.01873	0.02247	0.71536	0.01404	0.02903	0.02060	0.01779	0.01124	0.01311	0.00936	0.00749	0.00655	0.00187	0.01311	0.00468	0.00375	0.00843
130	0.01057	0.00705	0.00793	0.00793	0.00793	0.00705	0.00440	0.01057	0.01057	0.01409	0.02290	0.04757	0.02643	0.74454	0.03700	0.00705	0.00705	0.01057	0.00440	0.00440
131	0.01171	0.00837	0.01171	0.01339	0.01506	0.00837	0.01171	0.01506	0.01673	0.02175	0.03849	0.08199	0.04183	0.02008	0.01004	0.00335	0.00669	0.65027	0.00669	0.00669
132	0.79588	0.01406	0.01068	0.00956	0.01406	0.01631	0.00787	0.02137	0.01237	0.03261	0.01012	0.01181	0.00787	0.00675	0.00450	0.00225	0.00562	0.00394	0.00450	0.00787
133	0.00880	0.00656	0.00819	0.00950	0.01038	0.00596	0.00647	0.01019	0.01451	0.01880	0.04758	0.58975	0.19327	0.02180	0.00912	0.00284	0.00410	0.01947	0.00675	0.00596
134	0.00905	0.00738	0.00800	0.00785	0.01010	0.00633	0.00589	0.01132	0.01766	0.02222	0.24255	0.06570	0.52572	0.01745	0.00859	0.00241	0.00361	0.01474	0.00709	0.00633
135	0.00859	0.00736	0.00736	0.00736	0.00982	0.00614	0.00552	0.01043	0.01657	0.01964	0.07364	0.06996	0.69624	0.01841	0.00859	0.00245	0.00368	0.01534	0.00675	0.00614
136	0.79588	0.01406	0.01068	0.00956	0.01406	0.01631	0.00787	0.02137	0.01237	0.03261	0.01012	0.01181	0.00787	0.00675	0.00450	0.00225	0.00562	0.00394	0.00450	0.00787
137	0.01507	0.01292	0.01507	0.01077	0.01723	0.00969	0.00861	0.01830	0.01507	0.02369	0.01292	0.01507	0.01077	0.00538	0.00538	0.00108	0.00538	0.00431	0.00431	0.78898
138	0.01373	0.01292	0.02180	0.72707	0.05006	0.01615	0.02019	0.01857	0.01453	0.01857	0.01292	0.01938	0.00969	0.00727	0.00727	0.00242	0.00969	0.00646	0.00323	0.00807
139	0.79588	0.01406	0.01068	0.00956	0.01406	0.01631	0.00787	0.02137	0.01237	0.03261	0.01012	0.01181	0.00787	0.00675	0.00450	0.00225	0.00562	0.00394	0.00450	0.00787
140	0.01285	0.00700	0.00786	0.00786	0.00947	0.00729	0.00597	0.01606	0.01446	0.02484	0.02278	0.02742	0.01853	0.01864	0.16205	0.00390	0.00694	0.00700	0.61239	0.00671
141	0.02715	0.03464	0.02060	0.01873	0.02247	0.71536	0.01404	0.02903	0.02060	0.01779	0.01124	0.01311	0.00936	0.00749	0.00655	0.00187	0.01311	0.00468	0.00375	0.00843
142	0.01590	0.01590	0.02226	0.01908	0.01908	0.02226	0.01590	0.01749	0.01113	0.01749	0.00954	0.01590	0.00954	0.01272	0.02385	0.00318	0.73123	0.00636	0.00318	0.00795
143	0.01705	0.01631	0.02780	0.19535	0.55582	0.01702	0.02184	0.02148	0.01611	0.02260	0.01351	0.01830	0.01111	0.00665	0.00721	0.00222	0.00887	0.00647	0.00352	0.01075
144	0.01373	0.01292	0.02180	0.72707	0.05006	0.01615	0.02019	0.01857	0.01453	0.01857	0.01292	0.01938	0.00969	0.00727	0.00727	0.00242	0.00969	0.00646	0.00323	0.00807
145	0.00886	0.00633	0.00843	0.01012	0.01054	0.00590	0.00675	0.01012	0.01392	0.01856	0.04006	0.73979	0.04808	0.02277	0.00928	0.00295	0.00422	0.02066	0.00675	0.00590
146	0.01458	0.03760	0.70688	0.02072	0.03146	0.01688	0.02686	0.02302	0.01535	0.02302	0.01304	0.01535	0.00921	0.00691	0.00691	0.00230	0.01074	0.00537	0.00307	0.01074
147	0.03150	0.01317	0.01724	0.01333	0.01889	0.01199	0.01097	0.08646	0.05466	0.61864	0.02783	0.02428	0.01775	0.00902	0.00731	0.00225	0.00631	0.00729	0.00878	0.01233
148	0.01458	0.03760	0.70688	0.02072	0.03146	0.01688	0.02686	0.02302	0.01535	0.02302	0.01304	0.01535	0.00921	0.00691	0.00691	0.00230	0.01074	0.00537	0.00307	0.01074
149	0.02763	0.02036	0.02182	0.01672	0.02254	0.02254	0.01382	0.67496	0.03418	0.04581	0.01745	0.01745	0.01236	0.00873	0.00727	0.00218	0.00800	0.00654	0.00727	0.01236
150	0.79588	0.01406	0.01068	0.00956	0.01406	0.01631	0.00787	0.02137	0.01237	0.03261	0.01012	0.01181	0.00787	0.00675	0.00450	0.00225	0.00562	0.00394	0.00450	0.00787
151	0.02743	0.01308	0.01618	0.01303	0.01798	0.01269	0.01056	0.07385	0.16696	0.45601	0.02775	0.02502	0.01862	0.00912	0.00713	0.00224	0.00595	0.00741	0.07729	0.01168
152	0.01685	0.01790	0.03485	0.02583	0.03203	0.01755	0.48367	0.02591	0.16680	0.02459	0.01960	0.06561	0.01581	0.00799	0.00836	0.00249	0.01030	0.00924	0.00470	0.00995
153	0.00859	0.00736	0.00736	0.00736	0.00982	0.00614	0.00552	0.01043	0.01657	0.01964	0.07364	0.06996	0.69624	0.01841	0.00859	0.00245	0.00368	0.01534	0.00675	0.00614
154	0.02763	0.02036	0.02182	0.01672	0.02254	0.02254	0.01382	0.67496	0.03418	0.04581	0.01745	0.01745	0.01236	0.00873	0.00727	0.00218	0.00800	0.00654	0.00727	0.01236
155	0.00904	0.00710	0.00818	0.00851	0.01025	0.00624	0.00615	0.01108	0.01675	0.02147	0.20379	0.24844	0.37954	0.01880	0.00877	0.00255	0.00377	0.01630	0.00703	0.00624
156	0.01373	0.01292	0.02180	0.72707	0.05006	0.01615	0.02019	0.01857	0.01453	0.01857	0.01292	0.01938	0.00969	0.00727	0.00727	0.00242	0.00969	0.00646	0.00323	0.00807
157	0.79588	0.01406	0.01068	0.00956	0.01406	0.01631	0.00787	0.02137	0.01237	0.03261	0.01012	0.01181	0.00787	0.00675	0.00450	0.00225	0.00562	0.00394	0.00450	0.00787
158	0.01592	0.01515	0.02576	0.37673	0.38330	0.01673	0.02128	0.02049	0.01557	0.02123	0.01331	0.01867	0.01063	0.00686	0.00723	0.00229	0.00915	0.00647	0.00342	0.00984
159	0.79588	0.01406	0.01068	0.00956	0.01406	0.01631	0.00787	0.02137	0.01237	0.03261	0.01012	0.01181	0.00787	0.00675	0.00450	0.00225	0.00562	0.00394	0.00450	0.00787
160	0.01808	0.01561	0.01644	0.01479	0.01890	0.01808	0.01151	0.03863	0.68606	0.03041	0.02959	0.02712	0.02219	0.00986	0.00740	0.00247	0.00575	0.00822	0.00740	0.01151
161	0.01357	0.01299	0.02263	0.01817	0.02210	0.01264	0.25610	0.02003	0.12324	0.02356	0.10920	0.21692	0.09019	0.01318	0.00857	0.00256	0.00732	0.01281	0.00585	0.00839
162	0.01799	0.01727	0.02950	0.04462	0.69919	0.01727	0.02231	0.02231	0.01655	0.02375	0.01367	0.01799	0.01151	0.00648	0.00720	0.00216	0.00864	0.00648	0.00360	0.01151
163	0.01515	0.12149	0.62800	0.01974	0.02995	0.01828	0.02516	0.02287	0.01528	0.02232	0.01270	0.01491	0.00922	0.00683	0.00664	0.00221	0.01039	0.00520	0.00307	0.01058
164	0.75874	0.01505	0.01116	0.01000	0.01446	0.05009	0.00817	0.02174	0.01277	0.03190	0.01018	0.01187	0.00794	0.00678	0.00460	0.00223	0.00598	0.00397	0.00446	0.00790
165	0.01799	0.01727	0.02950	0.04462	0.69919	0.01727	0.02231	0.02231	0.01655	0.02375	0.01367	0.01799	0.01151	0.00648	0.00720	0.00216	0.00864	0.00648	0.00360	0.01151
166	0.01777	0.01848	0.02840	0.22685	0.33944	0.09947	0.12076	0.02222	0.01657	0.02155	0.01334	0.01805	0.01068	0.00676	0.00735	0.00224	0.01001	0.00658	0.00353	0.00994

[dist]
# distance from previous block
# <min> <max>
0	1

[block]
# block no. 2 follows, 28 sequences, length 62
# corresponding to MSA columns:
# 260-321
name=unknown_C
#
# <colnr> <probs for GDERKNQSTAVLIFYWHMCP>
#	G	D	E	R	K	N	Q	S	T	A	V	L	I	F	Y	W	H	M	C	P
0	0.01943	0.74891	0.03809	0.01244	0.01866	0.02876	0.01244	0.02177	0.01477	0.01710	0.01011	0.01166	0.00933	0.00622	0.00466	0.00155	0.00777	0.00389	0.00311	0.00933
1	0.01590	0.01590	0.02226	0.01908	0.01908	0.02226	0.01590	0.01749	0.01113	0.01749	0.00954	0.01590	0.00954	0.01272	0.02385	0.00318	0.73123	0.00636	0.00318	0.00795
2	0.01716	0.01961	0.04289	0.03064	0.03799	0.01838	0.67279	0.02328	0.01716	0.02328	0.01471	0.01961	0.01103	0.00613	0.00858	0.00245	0.01225	0.00858	0.00368	0.00980
3	0.01853	0.01584	0.01669	0.01488	0.01907	0.01829	0.01161	0.06852	0.65543	0.03113	0.02902	0.02667	0.02173	0.00981	0.00739	0.00245	0.00586	0.00814	0.00739	0.01155
4	0.01673	0.35253	0.41077	0.01705	0.02579	0.02214	0.02047	0.02247	0.01509	0.02040	0.01174	0.01371	0.00926	0.00660	0.00591	0.00197	0.00943	0.00471	0.00309	0.01012
5	0.01340	0.03164	0.56894	0.01808	0.02719	0.01476	0.02265	0.02054	0.01559	0.02235	0.02499	0.02611	0.14468	0.00917	0.00724	0.00233	0.00935	0.00734	0.00380	0.00983
6	0.01586	0.22583	0.52990	0.01853	0.02807	0.02003	0.02304	0.02269	0.01519	0.02145	0.01227	0.01437	0.00924	0.00672	0.00631	0.00210	0.00996	0.00498	0.00308	0.01037
7	0.02740	0.01104	0.01502	0.01232	0.01680	0.00963	0.00982	0.02987	0.01929	0.55368	0.03118	0.18174	0.02460	0.01202	0.00774	0.00240	0.00575	0.01024	0.00850	0.01095
8	0.02931	0.01845	0.01842	0.01491	0.02005	0.15238	0.01197	0.14518	0.08544	0.39173	0.02338	0.02141	0.01571	0.00873	0.00716	0.00218	0.00782	0.00674	0.00751	0.01151
9	0.01171	0.00837	0.01171	0.01339	0.01506	0.00837	0.01171	0.01506	0.01673	0.02175	0.03849	0.08199	0.04183	0.02008	0.01004	0.00335	0.00669	0.65027	0.00669	0.00669
10	0.01507	0.01292	0.01507	0.01077	0.01723	0.00969	0.00861	0.01830	0.01507	0.02369	0.01292	0.01507	0.01077	0.00538	0.00538	0.00108	0.00538	0.00431	0.00431	0.78898
11	0.01295	0.01012	0.01522	0.01954	0.14996	0.01012	0.01380	0.01649	0.01670	0.02215	0.03359	0.06937	0.03586	0.01740	0.00948	0.00311	0.00708	0.52332	0.00608	0.00764
12	0.01590	0.01590	0.02226	0.01908	0.01908	0.02226	0.01590	0.01749	0.01113	0.01749	0.00954	0.01590	0.00954	0.01272	0.02385	0.00318	0.73123	0.00636	0.00318	0.00795
13	0.00992	0.00742	0.00920	0.00875	0.01063	0.00670	0.00657	0.01300	0.01970	0.02706	0.55885	0.05774	0.20640	0.01564	0.00858	0.00232	0.00348	0.01363	0.00773	0.00670
14	0.01562	0.01548	0.02172	0.01870	0.01877	0.02158	0.01555	0.01726	0.01116	0.01746	0.01006	0.01656	0.00999	0.01489	0.05968	0.00362	0.69438	0.00644	0.00322	0.00788
15	0.00876	0.00737	0.00760	0.00754	0.00992	0.00621	0.00565	0.01076	0.01696	0.02057	0.13490	0.06841	0.63440	0.01806	0.00859	0.00244	0.00366	0.01512	0.00687	0.00621
16	0.02117	0.01508	0.01625	0.01361	0.01786	0.01652	0.01096	0.29150	0.20712	0.06681	0.02533	0.02684	0.04116	0.00981	0.00704	0.00223	0.00619	0.03448	0.15946	0.01058
17	0.16475	0.01266	0.01580	0.01235	0.01778	0.01166	0.01020	0.03299	0.01935	0.58796	0.02547	0.02250	0.01624	0.00861	0.00682	0.00225	0.00609	0.00673	0.00822	0.01159
18	0.01829	0.58146	0.19553	0.01439	0.02167	0.02597	0.01583	0.02206	0.01491	0.01850	0.01080	0.01253	0.00930	0.00638	0.00519	0.00173	0.00847	0.00424	0.00310	0.00966
19	0.02089	0.01950	0.02102	0.06580	0.16000	0.12320	0.01503	0.14829	0.29047	0.02923	0.02037	0.02093	0.01554	0.00845	0.00720	0.00226	0.00809	0.00692	0.00580	0.01099
20	0.01569	0.11276	0.48671	0.02198	0.03147	0.01853	0.16708	0.02294	0.01568	0.02242	0.01308	0.01587	0.00962	0.00666	0.00702	0.00225	0.01074	0.00591	0.00321	0.01038
21	0.01407	0.06901	0.54589	0.01865	0.02744	0.01608	0.02288	0.02113	0.01465	0.02160	0.01406	0.01756	0.01084	0.01552	0.13562	0.00397	0.01218	0.00573	0.00322	0.00990
22	0.01947	0.01063	0.01454	0.01678	0.16293	0.01011	0.01041	0.02283	0.01710	0.20996	0.02520	0.02647	0.04873	0.00864	0.00632	0.00198	0.00531	0.00726	0.36602	0.00931
23	0.00996	0.00718	0.00942	0.00937	0.01079	0.00664	0.00683	0.01289	0.01905	0.02673	0.54547	0.21110	0.06390	0.01667	0.00873	0.00244	0.00361	0.01487	0.00771	0.00664
24	0.01621	0.22840	0.44407	0.01969	0.02879	0.02029	0.10207	0.02271	0.01541	0.02145	0.01245	0.01487	0.00946	0.00662	0.00650	0.00212	0.01012	0.00536	0.00315	0.01024
25	0.01701	0.01627	0.02774	0.20108	0.55037	0.01701	0.02182	0.02145	0.01609	0.02256	0.01350	0.01831	0.01110	0.00666	0.00721	0.00222	0.00888	0.00647	0.00351	0.01073
26	0.03261	0.01237	0.01687	0.01293	0.01856	0.01068	0.01068	0.03543	0.02081	0.70423	0.02868	0.02474	0.01799	0.00900	0.00731	0.00225	0.00619	0.00731	0.00900	0.01237
27	0.01015	0.00732	0.00959	0.00924	0.01083	0.00677	0.00685	0.01337	0.01993	0.02812	0.63189	0.12069	0.06660	0.01563	0.00864	0.00235	0.00351	0.01387	0.00788	0.00677
28	0.02543	0.05047	0.10656	0.01765	0.02372	0.14375	0.07123	0.22136	0.05479	0.18517	0.01842	0.01850	0.01296	0.00808	0.00713	0.00217	0.00909	0.00639	0.00606	0.01108
29	0.00951	0.00679	0.00918	0.01087	0.01158	0.00647	0.00788	0.01125	0.01456	0.01929	0.03970	0.58933	0.04665	0.02216	0.00945	0.00304	0.00478	0.16468	0.00674	0.00608
30	0.00866	0.00737	0.00746	0.00744	0.00986	0.00617	0.00558	0.01057	0.01674	0.02004	0.09980	0.06930	0.66983	0.01826	0.00859	0.00245	0.00367	0.01525	0.00680	0.00617
31	0.05991	0.02609	0.34510	0.02015	0.02791	0.01667	0.14977	0.02580	0.14789	0.04519	0.01825	0.05375	0.01420	0.00816	0.00733	0.00239	0.00932	0.00729	0.00448	0.01036
32	0.01507	0.01292	0.01507	0.01077	0.01723	0.00969	0.00861	0.01830	0.01507	0.02369	0.01292	0.01507	0.01077	0.00538	0.00538	0.00108	0.00538	0.00431	0.00431	0.78898
33	0.00886	0.00633	0.00843	0.01012	0.01054	0.00590	0.00675	0.01012	0.01392	0.01856	0.04006	0.73979	0.04808	0.02277	0.00928	0.00295	0.00422	0.02066	0.00675	0.00590
34	0.00886	0.00633	0.00843	0.01012	0.01054	0.00590	0.00675	0.01012	0.01392	0.01856	0.04006	0.73979	0.04808	0.02277	0.00928	0.00295	0.00422	0.02066	0.00675	0.00590
35	0.01943	0.74891	0.03809	0.01244	0.01866	0.02876	0.01244	0.02177	0.01477	0.01710	0.01011	0.01166	0.00933	0.00622	0.00466	0.00155	0.00777	0.00389	0.00311	0.00933
36	0.01507	0.01292	0.01507	0.01077	0.01723	0.00969	0.00861	0.01830	0.01507	0.02369	0.01292	0.01507	0.01077	0.00538	0.00538	0.00108	0.00538	0.00431	0.00431	0.78898
37	0.01100	0.00773	0.00903	0.00919	0.00962	0.00802	0.00581	0.01281	0.05479	0.01685	0.02668	0.19656	0.02997	0.47865	0.02705	0.00547	0.03148	0.01232	0.04156	0.00542
38	0.01590	0.01590	0.02226	0.01908	0.01908	0.02226	0.01590	0.01749	0.01113	0.01749	0.00954	0.01590	0.00954	0.01272	0.02385	0.00318	0.73123	0.00636	0.00318	0.00795
39	0.01507	0.01292	0.01507	0.01077	0.01723	0.00969	0.00861	0.01830	0.01507	0.02369	0.01292	0.01507	0.01077	0.00538	0.00538	0.00108	0.00538	0.00431	0.00431	0.78898
40	0.01664	0.01065	0.01602	0.02002	0.19475	0.01008	0.01196	0.01915	0.01626	0.17100	0.03050	0.36065	0.03149	0.01530	0.00833	0.00261	0.00594	0.04341	0.00641	0.00885
41	0.01590	0.01590	0.02226	0.01908	0.01908	0.02226	0.01590	0.01749	0.01113	0.01749	0.00954	0.01590	0.00954	0.01272	0.02385	0.00318	0.73123	0.00636	0.00318	0.00795
42	0.01524	0.13435	0.61591	0.01959	0.02972	0.01850	0.02490	0.02285	0.01527	0.02222	0.01265	0.01485	0.00922	0.00681	0.00660	0.00220	0.01034	0.00517	0.00307	0.01055
43	0.01458	0.03760	0.70688	0.02072	0.03146	0.01688	0.02686	0.02302	0.01535	0.02302	0.01304	0.01535	0.00921	0.00691	0.00691	0.00230	0.01074	0.00537	0.00307	0.01074
44	0.01050	0.00735	0.00945	0.00945	0.00997	0.00787	0.00630	0.01155	0.01102	0.01522	0.02151	0.03988	0.02309	0.46542	0.31155	0.00892	0.01207	0.00945	0.00420	0.00525
45	0.01799	0.01727	0.02950	0.04462	0.69919	0.01727	0.02231	0.02231	0.01655	0.02375	0.01367	0.01799	0.01151	0.00648	0.00720	0.00216	0.00864	0.00648	0.00360	0.01151
46	0.01538	0.01461	0.02479	0.46243	0.30178	0.01658	0.02101	0.02002	0.01532	0.02058	0.01321	0.01884	0.01040	0.00696	0.00724	0.00232	0.00928	0.00647	0.00337	0.00941
47	0.01523	0.14705	0.02501	0.33632	0.20390	0.01749	0.01760	0.01908	0.01517	0.01968	0.01796	0.06522	0.05413	0.00851	0.00698	0.00223	0.00837	0.00741	0.00373	0.00892
48	0.79588	0.01406	0.01068	0.00956	0.01406	0.01631	0.00787	0.02137	0.01237	0.03261	0.01012	0.01181	0.00787	0.00675	0.00450	0.00225	0.00562	0.00394	0.00450	0.00787
49	0.00886	0.00633	0.00843	0.01012	0.01054	0.00590	0.00675	0.01012	0.01392	0.01856	0.04006	0.73979	0.04808	0.02277	0.00928	0.00295	0.00422	0.02066	0.00675	0.00590
50	0.01505	0.03433	0.58619	0.02252	0.03265	0.01715	0.14426	0.02307	0.01568	0.02307	0.01335	0.01612	0.00954	0.00676	0.00721	0.00233	0.01102	0.00595	0.00318	0.01057
51	0.01716	0.01961	0.04289	0.03064	0.03799	0.01838	0.67279	0.02328	0.01716	0.02328	0.01471	0.01961	0.01103	0.00613	0.00858	0.00245	0.01225	0.00858	0.00368	0.00980
52	0.00886	0.00633	0.00843	0.01012	0.01054	0.00590	0.00675	0.01012	0.01392	0.01856	0.04006	0.73979	0.04808	0.02277	0.00928	0.00295	0.00422	0.02066	0.00675	0.00590
53	0.03261	0.01237	0.01687	0.01293	0.01856	0.01068	0.01068	0.03543	0.02081	0.70423	0.02868	0.02474	0.01799	0.00900	0.00731	0.00225	0.00619	0.00731	0.00900	0.01237
54	0.00880	0.00655	0.00820	0.00952	0.01038	0.00596	0.00648	0.01019	0.01450	0.01879	0.04744	0.59272	0.19039	0.02182	0.00913	0.00284	0.00410	0.01950	0.00675	0.00596
55	0.00998	0.00742	0.00929	0.00882	0.01067	0.00673	0.00662	0.01312	0.01985	0.02742	0.58236	0.05714	0.18267	0.01551	0.00858	0.00232	0.00348	0.01354	0.00777	0.00673
56	0.02715	0.03464	0.02060	0.01873	0.02247	0.71536	0.01404	0.02903	0.02060	0.01779	0.01124	0.01311	0.00936	0.00749	0.00655	0.00187	0.01311	0.00468	0.00375	0.00843
57	0.79588	0.01406	0.01068	0.00956	0.01406	0.01631	0.00787	0.02137	0.01237	0.03261	0.01012	0.01181	0.00787	0.00675	0.00450	0.00225	0.00562	0.00394	0.00450	0.00787
58	0.01166	0.00921	0.01073	0.01003	0.01242	0.00918	0.00762	0.01854	0.16590	0.02755	0.42659	0.05142	0.18216	0.01446	0.00832	0.00236	0.00399	0.01250	0.00762	0.00774
59	0.02483	0.02195	0.01724	0.01533	0.01909	0.33144	0.01169	0.05798	0.05453	0.20154	0.02233	0.14919	0.01949	0.01085	0.00733	0.00221	0.00904	0.00855	0.00603	0.00936
