[name]
unknown

[dist]
# distance from previous block
# <min> <max>
0	1106

[block]
# block no. 0 follows, 30 sequences, length 67
# corresponding to MSA columns:
# 1163-1229
name=unknown_A
#
# <colnr> <probs for GDERKNQSTAVLIFYWHMCP>
#	G	D	E	R	K	N	Q	S	T	A	V	L	I	F	Y	W	H	M	C	P
0	0.01616	0.01356	0.06023	0.14193	0.18704	0.03382	0.01426	0.01879	0.01429	0.10565	0.01769	0.02760	0.01592	0.13967	0.01460	0.08340	0.02991	0.05311	0.00431	0.00804
1	0.08492	0.01822	0.02207	0.16094	0.25769	0.14325	0.03740	0.05762	0.06486	0.04634	0.01430	0.01726	0.01119	0.00702	0.00660	0.00210	0.00868	0.00592	0.02411	0.00951
2	0.00950	0.00712	0.00880	0.00838	0.01019	0.00642	0.00629	0.01244	0.01886	0.02587	0.55992	0.05561	0.21479	0.01506	0.00823	0.00223	0.00335	0.01311	0.00740	0.00642
3	0.16392	0.02071	0.15425	0.06018	0.14306	0.01828	0.01638	0.28514	0.02153	0.03233	0.01378	0.01557	0.01021	0.00724	0.00641	0.00214	0.00796	0.00559	0.00489	0.01041
4	0.01902	0.06003	0.01706	0.10193	0.02010	0.28299	0.01134	0.02087	0.01541	0.07486	0.01554	0.02338	0.01430	0.19171	0.06604	0.00381	0.04370	0.00653	0.00406	0.00732
5	0.00889	0.00706	0.00798	0.00782	0.00984	0.00615	0.00584	0.01123	0.01731	0.02236	0.31685	0.08475	0.43621	0.01649	0.00826	0.00231	0.00346	0.01408	0.00695	0.00615
6	0.00881	0.00696	0.00794	0.00798	0.00984	0.00609	0.00587	0.01100	0.01682	0.02168	0.27326	0.15303	0.41171	0.01712	0.00833	0.00237	0.00352	0.01472	0.00687	0.00609
7	0.13828	0.01125	0.01413	0.01144	0.01598	0.01036	0.00927	0.02843	0.01826	0.50612	0.08004	0.08371	0.02212	0.00986	0.00688	0.00222	0.00550	0.00805	0.00777	0.01033
8	0.00916	0.00711	0.00834	0.00803	0.00999	0.00628	0.00602	0.01179	0.01807	0.02399	0.42878	0.05871	0.34710	0.01576	0.00824	0.00227	0.00340	0.01354	0.00716	0.00628
9	0.05206	0.01410	0.01774	0.01496	0.01767	0.01684	0.01225	0.14159	0.08677	0.14253	0.01718	0.01988	0.01354	0.01688	0.12870	0.00394	0.26225	0.00660	0.00529	0.00923
10	0.06960	0.01921	0.02035	0.01567	0.02119	0.02131	0.01295	0.65099	0.03165	0.04328	0.01636	0.01645	0.01163	0.00827	0.00683	0.00210	0.00755	0.00614	0.00683	0.01163
11	0.08034	0.00801	0.00783	0.00740	0.00953	0.00834	0.00569	0.06382	0.01568	0.02772	0.02125	0.02413	0.01660	0.00801	0.00498	0.00170	0.00374	0.00626	0.67199	0.00697
12	0.01727	0.01658	0.02832	0.04283	0.71123	0.01658	0.02142	0.02142	0.01589	0.02280	0.01313	0.01727	0.01105	0.00622	0.00691	0.00207	0.00829	0.00622	0.00345	0.01105
13	0.80405	0.01350	0.01026	0.00918	0.01350	0.01565	0.00756	0.02051	0.01188	0.03131	0.00972	0.01134	0.00756	0.00648	0.00432	0.00216	0.00540	0.00378	0.00432	0.00756
14	0.80405	0.01350	0.01026	0.00918	0.01350	0.01565	0.00756	0.02051	0.01188	0.03131	0.00972	0.01134	0.00756	0.00648	0.00432	0.00216	0.00540	0.00378	0.00432	0.00756
15	0.01226	0.00891	0.01099	0.00982	0.01203	0.00874	0.00754	0.10970	0.02162	0.03027	0.60872	0.04707	0.05812	0.01342	0.00805	0.00218	0.00392	0.01171	0.00758	0.00734
16	0.80405	0.01350	0.01026	0.00918	0.01350	0.01565	0.00756	0.02051	0.01188	0.03131	0.00972	0.01134	0.00756	0.00648	0.00432	0.00216	0.00540	0.00378	0.00432	0.00756
17	0.01727	0.01658	0.02832	0.04283	0.71123	0.01658	0.02142	0.02142	0.01589	0.02280	0.01313	0.01727	0.01105	0.00622	0.00691	0.00207	0.00829	0.00622	0.00345	0.01105
18	0.02653	0.01955	0.02094	0.01606	0.02164	0.02164	0.01326	0.68796	0.03281	0.04398	0.01675	0.01675	0.01187	0.00838	0.00698	0.00209	0.00768	0.00628	0.00698	0.01187
19	0.01696	0.01404	0.01489	0.01329	0.01674	0.01601	0.01013	0.08735	0.53154	0.02790	0.02639	0.02843	0.02117	0.12976	0.01168	0.00305	0.00590	0.00812	0.00663	0.01001
20	0.00944	0.00691	0.00848	0.00843	0.00975	0.00636	0.00597	0.01164	0.01661	0.02260	0.38997	0.15499	0.16716	0.13556	0.01274	0.00305	0.00400	0.01363	0.00674	0.00595
21	0.06288	0.01377	0.01681	0.01317	0.01840	0.01348	0.01081	0.16028	0.09686	0.48021	0.02476	0.02210	0.01624	0.00858	0.00690	0.00217	0.00621	0.00683	0.00796	0.01159
22	0.01450	0.00796	0.01043	0.00953	0.01181	0.00724	0.00724	0.01737	0.01853	0.17420	0.41762	0.14406	0.04922	0.01371	0.00783	0.00224	0.00397	0.01202	0.06294	0.00758
23	0.10278	0.02420	0.01746	0.01530	0.01913	0.37988	0.01180	0.19321	0.02153	0.02597	0.01489	0.06619	0.01274	0.00851	0.00636	0.00197	0.00943	0.00608	0.05383	0.00873
24	0.00884	0.00640	0.00794	0.00894	0.00958	0.00602	0.00591	0.00993	0.01302	0.01705	0.03933	0.48354	0.13985	0.17084	0.03592	0.00381	0.00497	0.01674	0.00594	0.00543
25	0.13506	0.01284	0.01575	0.01234	0.01755	0.01219	0.01016	0.08440	0.04802	0.54127	0.02429	0.02161	0.01569	0.00836	0.00665	0.00216	0.00599	0.00656	0.00786	0.01126
26	0.00991	0.00735	0.00984	0.01144	0.05892	0.00736	0.00710	0.01119	0.01224	0.01651	0.02967	0.29240	0.07281	0.27130	0.14476	0.00555	0.00782	0.01313	0.00503	0.00568
27	0.01571	0.01178	0.01427	0.01339	0.01613	0.01314	0.01082	0.09565	0.22598	0.06328	0.02732	0.08838	0.02517	0.01965	0.12495	0.00403	0.04602	0.16942	0.00621	0.00872
28	0.00866	0.00614	0.00805	0.00952	0.00989	0.00577	0.00627	0.00976	0.01306	0.01741	0.03691	0.68390	0.04420	0.09083	0.01141	0.00320	0.00430	0.01893	0.00627	0.00553
29	0.02099	0.01542	0.02248	0.20210	0.27560	0.03816	0.01703	0.11422	0.01876	0.18143	0.01663	0.01885	0.01208	0.00728	0.00694	0.00215	0.00806	0.00635	0.00503	0.01045
30	0.01767	0.05891	0.07347	0.18226	0.23809	0.04964	0.05842	0.13616	0.01837	0.02447	0.01507	0.04147	0.01268	0.00781	0.00701	0.00218	0.00870	0.03374	0.00415	0.00972
31	0.01578	0.01536	0.02157	0.09492	0.23871	0.08835	0.07743	0.05635	0.01622	0.02126	0.01990	0.19819	0.02014	0.01109	0.00845	0.00238	0.04867	0.03212	0.00446	0.00865
32	0.70834	0.10434	0.01346	0.00951	0.01403	0.01711	0.00809	0.02056	0.01216	0.02949	0.00971	0.01132	0.00773	0.00642	0.00434	0.00208	0.00565	0.00377	0.00416	0.00773
33	0.02461	0.01107	0.01509	0.01349	0.05883	0.01019	0.01001	0.02708	0.01778	0.47566	0.02860	0.07787	0.06046	0.04858	0.00929	0.00246	0.03933	0.00842	0.05103	0.01014
34	0.01799	0.01698	0.04445	0.13405	0.32895	0.01742	0.08264	0.12908	0.10938	0.02623	0.01571	0.01863	0.01219	0.00708	0.00708	0.00218	0.00836	0.00661	0.00444	0.01052
35	0.00979	0.00713	0.00921	0.00869	0.01037	0.00655	0.00652	0.01301	0.01955	0.02751	0.67469	0.05290	0.09899	0.01444	0.00823	0.00220	0.00330	0.01273	0.00762	0.00655
36	0.80405	0.01350	0.01026	0.00918	0.01350	0.01565	0.00756	0.02051	0.01188	0.03131	0.00972	0.01134	0.00756	0.00648	0.00432	0.00216	0.00540	0.00378	0.00432	0.00756
37	0.00839	0.00651	0.00764	0.00855	0.00981	0.00577	0.00596	0.00985	0.01448	0.01827	0.05268	0.44898	0.33820	0.02001	0.00862	0.00262	0.00382	0.01758	0.00648	0.00577
38	0.01036	0.00646	0.00782	0.00840	0.00950	0.00616	0.00595	0.01274	0.01521	0.02289	0.18073	0.34621	0.04075	0.01545	0.00737	0.00228	0.00361	0.01364	0.27834	0.00616
39	0.01866	0.75896	0.03657	0.01194	0.01791	0.02761	0.01194	0.02090	0.01418	0.01642	0.00970	0.01119	0.00896	0.00597	0.00448	0.00149	0.00746	0.00373	0.00299	0.00896
40	0.01940	0.00869	0.01126	0.01018	0.01302	0.00784	0.00777	0.02171	0.01651	0.32279	0.03025	0.27494	0.02738	0.01309	0.00720	0.00227	0.00469	0.01133	0.18113	0.00855
41	0.01866	0.75896	0.03657	0.01194	0.01791	0.02761	0.01194	0.02090	0.01418	0.01642	0.00970	0.01119	0.00896	0.00597	0.00448	0.00149	0.00746	0.00373	0.00299	0.00896
42	0.00843	0.00688	0.00746	0.00773	0.00965	0.00591	0.00564	0.01022	0.01573	0.01942	0.11786	0.19897	0.52545	0.01820	0.00837	0.00244	0.00361	0.01555	0.00658	0.00591
43	0.01363	0.01194	0.01180	0.01140	0.01317	0.12476	0.00861	0.01715	0.06141	0.01874	0.01908	0.02621	0.01709	0.09330	0.37656	0.00703	0.01310	0.00708	0.14120	0.00675
44	0.80405	0.01350	0.01026	0.00918	0.01350	0.01565	0.00756	0.02051	0.01188	0.03131	0.00972	0.01134	0.00756	0.00648	0.00432	0.00216	0.00540	0.00378	0.00432	0.00756
45	0.01447	0.01240	0.01447	0.01034	0.01654	0.00930	0.00827	0.01757	0.01447	0.02274	0.01240	0.01447	0.01034	0.00517	0.00517	0.00103	0.00517	0.00413	0.00413	0.79742
46	0.02550	0.02091	0.01973	0.01570	0.02068	0.13785	0.01271	0.53097	0.02936	0.03824	0.01618	0.01671	0.01181	0.00816	0.00672	0.00201	0.00818	0.00600	0.06169	0.01086
47	0.00848	0.00617	0.00799	0.00945	0.01005	0.00569	0.00636	0.00975	0.01362	0.01792	0.04172	0.68116	0.11309	0.02144	0.00884	0.00279	0.00400	0.01932	0.00648	0.00569
48	0.01898	0.01619	0.11249	0.01469	0.06777	0.01161	0.01229	0.05671	0.01678	0.17852	0.01607	0.01689	0.01181	0.00638	0.00600	0.00157	0.00639	0.00518	0.00508	0.41859
49	0.01576	0.01754	0.11991	0.01919	0.07996	0.01550	0.12729	0.05643	0.27277	0.02629	0.10940	0.02551	0.02199	0.01113	0.04723	0.00277	0.00803	0.00794	0.00549	0.00986
50	0.00868	0.00632	0.00823	0.00968	0.01037	0.00587	0.00671	0.01010	0.01382	0.01815	0.04161	0.63109	0.11265	0.02125	0.00889	0.00281	0.00417	0.06737	0.00647	0.00575
51	0.00901	0.00652	0.00827	0.00928	0.01007	0.00609	0.00642	0.01050	0.01413	0.01871	0.11139	0.46458	0.12083	0.10992	0.01206	0.00322	0.00441	0.06259	0.00633	0.00567
52	0.09778	0.01579	0.01583	0.01213	0.01773	0.07306	0.00973	0.15422	0.03986	0.02760	0.01337	0.01482	0.01059	0.00625	0.00560	0.00147	0.00633	0.00468	0.00477	0.46837
53	0.01164	0.00838	0.01121	0.03213	0.07088	0.00784	0.00825	0.01366	0.01477	0.05815	0.11720	0.25451	0.11230	0.13502	0.01250	0.00312	0.00517	0.05526	0.00587	0.06212
54	0.10494	0.21318	0.27813	0.01639	0.04145	0.11821	0.01690	0.05312	0.01601	0.04581	0.01198	0.01363	0.00927	0.00663	0.00578	0.00192	0.00891	0.00467	0.00362	0.02943
55	0.06054	0.11742	0.14496	0.10673	0.06111	0.11066	0.06356	0.06424	0.01562	0.02108	0.01190	0.01544	0.00970	0.00949	0.03886	0.00258	0.12820	0.00553	0.00351	0.00886
56	0.04620	0.13639	0.03974	0.01475	0.03986	0.06445	0.01203	0.14812	0.22700	0.10757	0.01921	0.01882	0.01434	0.00783	0.00633	0.00198	0.00691	0.00604	0.00581	0.07662
57	0.01724	0.03204	0.01625	0.11656	0.02079	0.04434	0.01143	0.13038	0.12427	0.08194	0.01908	0.02346	0.01557	0.07209	0.19793	0.00482	0.01033	0.00692	0.00515	0.04942
58	0.01393	0.00806	0.01063	0.00958	0.01195	0.00731	0.00743	0.01705	0.01951	0.15732	0.52949	0.04838	0.07764	0.01353	0.00806	0.00224	0.00393	0.03864	0.00777	0.00755
59	0.01307	0.01125	0.01782	0.12417	0.24730	0.01220	0.01392	0.01615	0.01367	0.01944	0.03610	0.09668	0.01853	0.06735	0.18621	0.00475	0.04048	0.00832	0.04467	0.00793
60	0.01079	0.00666	0.00881	0.00881	0.00905	0.00690	0.00572	0.01022	0.00999	0.01355	0.01795	0.03375	0.01929	0.36878	0.16449	0.28031	0.00880	0.00823	0.00372	0.00420
61	0.08016	0.04093	0.11009	0.08338	0.20963	0.05758	0.01564	0.05521	0.05847	0.04408	0.02094	0.02324	0.08945	0.01195	0.06716	0.00291	0.00870	0.00689	0.00435	0.00923
62	0.01972	0.06570	0.11181	0.09150	0.08984	0.09874	0.03421	0.13926	0.10507	0.08169	0.03946	0.02009	0.03210	0.00816	0.00733	0.00215	0.03171	0.00649	0.00503	0.00993
63	0.01523	0.08543	0.12314	0.01670	0.08767	0.01532	0.01374	0.06001	0.03811	0.04225	0.16451	0.02593	0.04246	0.03229	0.01070	0.00233	0.14414	0.00747	0.00481	0.06774
64	0.09141	0.02291	0.18460	0.02267	0.11872	0.08263	0.15652	0.11712	0.01783	0.02556	0.01296	0.01571	0.00993	0.00688	0.00747	0.00214	0.04287	0.00590	0.00397	0.05220
65	0.08688	0.04344	0.14923	0.05493	0.07846	0.04071	0.01494	0.25088	0.03939	0.04834	0.01706	0.07827	0.01441	0.04278	0.00805	0.00239	0.00782	0.00707	0.00515	0.00982
66	0.09429	0.02015	0.12313	0.07457	0.05814	0.10168	0.01442	0.16467	0.11052	0.08138	0.05239	0.01949	0.01505	0.00803	0.00661	0.00213	0.00783	0.00626	0.02940	0.00985

[dist]
# distance from previous block
# <min> <max>
21	264

[block]
# block no. 1 follows, 30 sequences, length 23
# corresponding to MSA columns:
# 1499-1521
name=unknown_B
#
# <colnr> <probs for GDERKNQSTAVLIFYWHMCP>
#	G	D	E	R	K	N	Q	S	T	A	V	L	I	F	Y	W	H	M	C	P
0	0.10760	0.07220	0.23956	0.04668	0.02251	0.08031	0.01555	0.05564	0.08782	0.09929	0.01736	0.07326	0.01404	0.00837	0.00645	0.00214	0.00799	0.00654	0.00473	0.03195
1	0.01730	0.07654	0.07798	0.08171	0.02260	0.12875	0.07515	0.10423	0.10474	0.02353	0.04571	0.02667	0.11973	0.03330	0.00788	0.00225	0.00805	0.00763	0.00491	0.03132
2	0.05993	0.01604	0.14518	0.03499	0.02080	0.01180	0.09538	0.03898	0.01551	0.04456	0.02171	0.07485	0.04028	0.02873	0.00782	0.00230	0.00722	0.12778	0.04038	0.16574
3	0.20358	0.01070	0.01278	0.03814	0.09844	0.01144	0.00965	0.07657	0.01504	0.02448	0.02328	0.29724	0.02451	0.01571	0.05536	0.00298	0.00633	0.01094	0.05532	0.00750
4	0.00919	0.00679	0.00840	0.00941	0.01047	0.00633	0.00683	0.01077	0.01407	0.01809	0.04374	0.36141	0.20155	0.11755	0.01242	0.00331	0.00475	0.14307	0.00617	0.00568
5	0.01221	0.04683	0.33087	0.08254	0.04297	0.01258	0.01688	0.01738	0.01548	0.02165	0.13783	0.11388	0.09880	0.01090	0.00731	0.00228	0.00741	0.00925	0.00457	0.00840
6	0.01447	0.01240	0.01447	0.01034	0.01654	0.00930	0.00827	0.01757	0.01447	0.02274	0.01240	0.01447	0.01034	0.00517	0.00517	0.00103	0.00517	0.00413	0.00413	0.79742
7	0.01085	0.00903	0.01322	0.01763	0.18891	0.00859	0.01011	0.01312	0.01512	0.02036	0.10987	0.37559	0.14781	0.01636	0.00822	0.00249	0.00496	0.01474	0.00584	0.00718
8	0.01284	0.01596	0.15458	0.01602	0.10003	0.04013	0.01286	0.01847	0.09384	0.02291	0.18612	0.09111	0.12253	0.04956	0.00902	0.00252	0.00630	0.03151	0.00552	0.00815
9	0.01204	0.00911	0.01248	0.01146	0.01264	0.01045	0.00887	0.01434	0.01450	0.05197	0.26969	0.03582	0.03432	0.10809	0.20422	0.00528	0.16337	0.00936	0.00532	0.00668
10	0.02027	0.08679	0.07782	0.04310	0.19327	0.14885	0.03772	0.06365	0.01706	0.10463	0.01421	0.01686	0.01121	0.01002	0.04837	0.00262	0.08388	0.00582	0.00420	0.00965
11	0.65113	0.07930	0.01331	0.01011	0.01452	0.04574	0.00841	0.02196	0.05858	0.02929	0.01102	0.01236	0.00866	0.00666	0.00460	0.00210	0.00588	0.00408	0.00436	0.00794
12	0.00930	0.00716	0.00853	0.00832	0.01025	0.00639	0.00633	0.01197	0.01800	0.02391	0.41387	0.05966	0.32301	0.01592	0.00832	0.00232	0.00356	0.04978	0.00713	0.00630
13	0.01768	0.01632	0.02848	0.07880	0.57718	0.01630	0.08183	0.02194	0.01604	0.05753	0.01391	0.01782	0.01123	0.00635	0.00704	0.00212	0.00855	0.00644	0.00370	0.01076
14	0.00923	0.00646	0.00769	0.00851	0.00967	0.00592	0.00596	0.01104	0.01464	0.02007	0.09320	0.42216	0.20441	0.01819	0.00808	0.00249	0.00375	0.01603	0.12659	0.00592
15	0.01097	0.00794	0.01086	0.01232	0.01400	0.00784	0.01070	0.01405	0.01605	0.02070	0.04005	0.07765	0.10160	0.01913	0.00951	0.00313	0.00616	0.60454	0.00643	0.00638
16	0.02653	0.01955	0.02094	0.01606	0.02164	0.02164	0.01326	0.68796	0.03281	0.04398	0.01675	0.01675	0.01187	0.00838	0.00698	0.00209	0.00768	0.00628	0.00698	0.01187
17	0.01283	0.00955	0.01240	0.01153	0.01353	0.01069	0.00896	0.13293	0.01531	0.02114	0.02209	0.02957	0.06351	0.09572	0.49722	0.00865	0.01479	0.00795	0.00454	0.00706
18	0.28329	0.01901	0.14125	0.01375	0.01973	0.01648	0.01303	0.22072	0.02014	0.16598	0.01575	0.01595	0.01094	0.00748	0.00604	0.00215	0.00706	0.00539	0.00570	0.01016
19	0.01008	0.00702	0.00892	0.00892	0.00937	0.00748	0.00586	0.01099	0.01054	0.01450	0.02079	0.03904	0.02249	0.49979	0.28655	0.00838	0.01109	0.00918	0.00405	0.00496
20	0.00848	0.00663	0.00754	0.00822	0.00960	0.00586	0.00572	0.00990	0.01445	0.01806	0.05388	0.35257	0.38435	0.06900	0.01036	0.00285	0.00397	0.01657	0.00633	0.00569
21	0.01674	0.01290	0.01964	0.19776	0.23606	0.01366	0.01534	0.05465	0.06795	0.10838	0.02116	0.16590	0.01925	0.01019	0.00736	0.00232	0.00715	0.00917	0.00507	0.00932
22	0.02231	0.06455	0.02128	0.01967	0.12564	0.30918	0.01362	0.15615	0.02051	0.02430	0.01256	0.01439	0.01012	0.00684	0.00622	0.00174	0.00932	0.00501	0.00431	0.15226

[dist]
# distance from previous block
# <min> <max>
1	8

[block]
# block no. 2 follows, 30 sequences, length 48
# corresponding to MSA columns:
# 1530-1577
name=unknown_C
#
# <colnr> <probs for GDERKNQSTAVLIFYWHMCP>
#	G	D	E	R	K	N	Q	S	T	A	V	L	I	F	Y	W	H	M	C	P
0	0.01958	0.14007	0.08856	0.04523	0.06749	0.11062	0.01418	0.21500	0.04721	0.02602	0.01482	0.01746	0.01193	0.01522	0.13269	0.00359	0.01048	0.00579	0.00455	0.00952
1	0.01531	0.01438	0.02490	0.05197	0.16116	0.01422	0.22561	0.08406	0.04765	0.02348	0.02124	0.21511	0.02079	0.01067	0.00782	0.00236	0.00800	0.01053	0.00481	0.03596
2	0.61529	0.01377	0.04308	0.01046	0.01476	0.01439	0.03712	0.01955	0.01339	0.03001	0.11539	0.01797	0.01654	0.00764	0.00518	0.00218	0.00557	0.00536	0.00473	0.00761
3	0.01271	0.00928	0.01164	0.01080	0.01219	0.01034	0.00791	0.11371	0.01405	0.01939	0.01935	0.03238	0.01936	0.31253	0.33135	0.00787	0.03612	0.00827	0.00439	0.00636
4	0.02761	0.01705	0.01887	0.01471	0.02005	0.04500	0.01206	0.38653	0.07132	0.28130	0.02112	0.01969	0.01430	0.00849	0.00697	0.00212	0.00711	0.00658	0.00745	0.01167
5	0.02779	0.01286	0.01612	0.01254	0.01763	0.01202	0.01030	0.16088	0.02206	0.50503	0.03022	0.02721	0.09341	0.00959	0.00715	0.00217	0.00601	0.00773	0.00807	0.01121
6	0.00935	0.00671	0.00858	0.00914	0.00982	0.00670	0.00619	0.01060	0.01244	0.01673	0.06187	0.29922	0.08884	0.24755	0.16841	0.00572	0.00788	0.01358	0.00528	0.00541
7	0.01318	0.01240	0.02093	0.73798	0.04806	0.01550	0.01938	0.01783	0.01395	0.01783	0.01240	0.01860	0.00930	0.00698	0.00698	0.00233	0.00930	0.00620	0.00310	0.00775
8	0.80405	0.01350	0.01026	0.00918	0.01350	0.01565	0.00756	0.02051	0.01188	0.03131	0.00972	0.01134	0.00756	0.00648	0.00432	0.00216	0.00540	0.00378	0.00432	0.00756
9	0.01447	0.01240	0.01447	0.01034	0.01654	0.00930	0.00827	0.01757	0.01447	0.02274	0.01240	0.01447	0.01034	0.00517	0.00517	0.00103	0.00517	0.00413	0.00413	0.79742
10	0.01055	0.00739	0.00825	0.00812	0.01000	0.00661	0.00592	0.01212	0.01488	0.06368	0.07597	0.05939	0.41022	0.20178	0.01512	0.00352	0.00474	0.06969	0.00610	0.00594
11	0.01814	0.00942	0.01205	0.01074	0.01378	0.00864	0.00835	0.06363	0.01853	0.27041	0.15230	0.20657	0.12043	0.01431	0.00794	0.00239	0.00487	0.04150	0.00749	0.00851
12	0.11083	0.25307	0.02441	0.01438	0.01955	0.16253	0.01226	0.27379	0.02206	0.02861	0.01258	0.01358	0.00990	0.00718	0.00576	0.00185	0.00833	0.00485	0.00476	0.00973
13	0.02131	0.02193	0.16507	0.02068	0.02765	0.01832	0.22606	0.29059	0.02299	0.09153	0.01603	0.01761	0.01134	0.00727	0.00731	0.00220	0.00933	0.00674	0.00525	0.01079
14	0.00883	0.00677	0.00809	0.00844	0.00996	0.00603	0.00607	0.01089	0.01628	0.02134	0.25684	0.28083	0.29852	0.01796	0.00845	0.00246	0.00362	0.01571	0.00685	0.00603
15	0.01247	0.00748	0.00868	0.00809	0.01036	0.00675	0.00617	0.01521	0.01732	0.10020	0.26550	0.04744	0.25210	0.01324	0.00729	0.00210	0.00365	0.01119	0.19783	0.00693
16	0.01577	0.03961	0.15383	0.04848	0.11310	0.06298	0.08151	0.06845	0.09210	0.02234	0.01626	0.02013	0.01321	0.01905	0.19713	0.00455	0.01172	0.00655	0.00408	0.00915
17	0.01483	0.02575	0.34087	0.02370	0.03191	0.01624	0.34711	0.02143	0.01566	0.02201	0.01711	0.02017	0.05550	0.00699	0.00752	0.00229	0.01058	0.00729	0.00346	0.00958
18	0.00963	0.00682	0.00908	0.01048	0.01123	0.00660	0.00776	0.01135	0.01383	0.01827	0.03578	0.43401	0.04141	0.11794	0.01267	0.00348	0.00520	0.23257	0.00616	0.00573
19	0.00887	0.00665	0.00823	0.00877	0.01005	0.00601	0.00622	0.01088	0.01600	0.02127	0.25704	0.36201	0.21565	0.01844	0.00853	0.00252	0.00368	0.01631	0.00686	0.00601
20	0.01594	0.03935	0.01706	0.01602	0.06235	0.06022	0.01179	0.02670	0.34825	0.02324	0.02243	0.07414	0.01904	0.01657	0.11564	0.00371	0.10487	0.00798	0.00543	0.00925
21	0.30186	0.01770	0.04957	0.13431	0.13310	0.08905	0.13696	0.02138	0.01459	0.02440	0.01170	0.01504	0.00913	0.00649	0.00615	0.00217	0.00856	0.00548	0.00372	0.00863
22	0.01588	0.01343	0.01450	0.01313	0.01662	0.01522	0.01016	0.03234	0.56413	0.02895	0.16295	0.03120	0.03013	0.01042	0.00732	0.00233	0.00508	0.00883	0.00722	0.01016
23	0.01987	0.14564	0.02091	0.04907	0.01982	0.25802	0.04656	0.03791	0.01799	0.08587	0.12702	0.05152	0.04829	0.00935	0.00723	0.00201	0.03243	0.00728	0.00488	0.00830
24	0.01212	0.00606	0.00909	0.00909	0.00909	0.00606	0.00606	0.00909	0.00909	0.01212	0.01212	0.02121	0.01212	0.02424	0.02727	0.79697	0.00606	0.00606	0.00303	0.00303
25	0.54687	0.10368	0.11144	0.06330	0.01879	0.01712	0.01142	0.02058	0.01269	0.02733	0.01029	0.01231	0.00802	0.00648	0.00485	0.00210	0.00660	0.00414	0.00389	0.00811
26	0.08339	0.25939	0.12757	0.03749	0.01887	0.06947	0.01259	0.03847	0.01656	0.05648	0.16757	0.02374	0.04475	0.00865	0.00616	0.00194	0.00704	0.00665	0.00468	0.00854
27	0.00855	0.00616	0.00811	0.00957	0.01011	0.00572	0.00644	0.00988	0.01375	0.01831	0.06986	0.69167	0.07333	0.02135	0.00885	0.00279	0.00399	0.01931	0.00653	0.00572
28	0.01875	0.65021	0.09324	0.01301	0.01919	0.07242	0.01321	0.02145	0.01459	0.01694	0.01001	0.01158	0.00895	0.00611	0.00478	0.00157	0.00804	0.00390	0.00302	0.00901
29	0.00999	0.00739	0.01078	0.01078	0.01187	0.00848	0.00818	0.01218	0.01109	0.01588	0.01909	0.02963	0.01841	0.13769	0.64307	0.01067	0.01724	0.00780	0.00380	0.00599
30	0.00850	0.00607	0.00810	0.00972	0.01012	0.00567	0.00648	0.00972	0.01336	0.01781	0.03846	0.75020	0.04615	0.02186	0.00891	0.00283	0.00405	0.01984	0.00648	0.00567
31	0.00892	0.00701	0.00805	0.00798	0.00988	0.00615	0.00591	0.01124	0.01721	0.02238	0.32040	0.12081	0.39582	0.01669	0.00830	0.00233	0.00348	0.01434	0.00696	0.00615
32	0.00862	0.00653	0.00796	0.00878	0.00995	0.00587	0.00614	0.01031	0.01506	0.01960	0.14516	0.44156	0.25022	0.01949	0.00861	0.00260	0.00378	0.01724	0.00665	0.00587
33	0.01866	0.75896	0.03657	0.01194	0.01791	0.02761	0.01194	0.02090	0.01418	0.01642	0.00970	0.01119	0.00896	0.00597	0.00448	0.00149	0.00746	0.00373	0.00299	0.00896
34	0.00906	0.00639	0.00834	0.00969	0.01015	0.00609	0.00659	0.01027	0.01310	0.01741	0.03555	0.56355	0.04206	0.14416	0.01343	0.00353	0.00475	0.08428	0.00610	0.00550
35	0.01447	0.01240	0.01447	0.01034	0.01654	0.00930	0.00827	0.01757	0.01447	0.02274	0.01240	0.01447	0.01034	0.00517	0.00517	0.00103	0.00517	0.00413	0.00413	0.79742
36	0.01447	0.01240	0.01447	0.01034	0.01654	0.00930	0.00827	0.01757	0.01447	0.02274	0.01240	0.01447	0.01034	0.00517	0.00517	0.00103	0.00517	0.00413	0.00413	0.79742
37	0.80405	0.01350	0.01026	0.00918	0.01350	0.01565	0.00756	0.02051	0.01188	0.03131	0.00972	0.01134	0.00756	0.00648	0.00432	0.00216	0.00540	0.00378	0.00432	0.00756
38	0.01736	0.01499	0.01578	0.01420	0.01815	0.01736	0.01105	0.03708	0.69862	0.02919	0.02840	0.02604	0.02130	0.00947	0.00710	0.00237	0.00552	0.00789	0.00710	0.01105
39	0.46016	0.01657	0.01423	0.01226	0.01649	0.08480	0.01003	0.18359	0.01797	0.03185	0.01330	0.01733	0.01094	0.00805	0.00616	0.00221	0.03270	0.04779	0.00499	0.00859
40	0.01866	0.75896	0.03657	0.01194	0.01791	0.02761	0.01194	0.02090	0.01418	0.01642	0.00970	0.01119	0.00896	0.00597	0.00448	0.00149	0.00746	0.00373	0.00299	0.00896
41	0.00865	0.00709	0.00763	0.00749	0.00967	0.00606	0.00562	0.01080	0.01686	0.02111	0.22837	0.06344	0.54931	0.01683	0.00824	0.00232	0.00347	0.01421	0.00678	0.00606
42	0.01328	0.01299	0.01899	0.01584	0.01756	0.01568	0.08699	0.01553	0.01337	0.01889	0.07080	0.03089	0.18620	0.01272	0.01598	0.00267	0.40027	0.00883	0.00430	0.03821
43	0.00838	0.00657	0.00759	0.00840	0.00977	0.00578	0.00589	0.00987	0.01463	0.01833	0.05452	0.40994	0.37605	0.01978	0.00858	0.00260	0.00379	0.01729	0.00648	0.00578
44	0.02267	0.02039	0.01859	0.01567	0.02019	0.15957	0.01239	0.28957	0.30399	0.03257	0.02036	0.01974	0.01518	0.00859	0.00689	0.00215	0.00776	0.00659	0.00636	0.01078
45	0.01007	0.00673	0.00854	0.00932	0.01052	0.00609	0.00651	0.01166	0.01483	0.06461	0.10218	0.51364	0.17015	0.01955	0.00860	0.00264	0.00401	0.01741	0.00672	0.00620
46	0.01907	0.01154	0.01359	0.01155	0.01481	0.01171	0.00892	0.14454	0.10992	0.19158	0.14673	0.03559	0.05302	0.15820	0.01302	0.00314	0.00583	0.03139	0.00693	0.00891
47	0.01521	0.02765	0.38746	0.02454	0.03327	0.01691	0.34846	0.02222	0.01558	0.02222	0.01330	0.01673	0.00969	0.00626	0.00741	0.00228	0.01102	0.00666	0.00323	0.00987

[dist]
# distance from previous block
# <min> <max>
0	1

[block]
# block no. 3 follows, 30 sequences, length 48
# corresponding to MSA columns:
# 1579-1626
name=unknown_D
#
# <colnr> <probs for GDERKNQSTAVLIFYWHMCP>
#	G	D	E	R	K	N	Q	S	T	A	V	L	I	F	Y	W	H	M	C	P
0	0.02270	0.09234	0.02362	0.01715	0.02188	0.14510	0.10436	0.20373	0.06996	0.11651	0.01643	0.01771	0.01234	0.01002	0.04144	0.00254	0.06067	0.00623	0.00531	0.00996
1	0.01119	0.01249	0.13356	0.01021	0.01392	0.00820	0.00962	0.01462	0.01720	0.06464	0.26575	0.05040	0.33367	0.01407	0.00788	0.00227	0.00479	0.01189	0.00638	0.00726
2	0.01894	0.05949	0.04056	0.04401	0.18271	0.08498	0.07075	0.07993	0.13140	0.05587	0.01574	0.01791	0.01239	0.00786	0.00885	0.00218	0.10375	0.00625	0.00455	0.05188
3	0.00840	0.00677	0.00748	0.00795	0.00968	0.00586	0.00572	0.01007	0.01532	0.01896	0.09061	0.27277	0.47844	0.01878	0.00845	0.00249	0.00368	0.01617	0.00654	0.00586
4	0.02068	0.47474	0.02996	0.01339	0.01897	0.05039	0.01222	0.18330	0.09258	0.02445	0.01345	0.01418	0.01099	0.00697	0.00543	0.00174	0.00749	0.00482	0.00441	0.00985
5	0.65497	0.01349	0.01159	0.00995	0.01448	0.01507	0.00820	0.04952	0.01395	0.13611	0.01271	0.01345	0.00921	0.00688	0.00484	0.00216	0.00557	0.00437	0.00508	0.00839
6	0.01602	0.00993	0.01187	0.01049	0.01289	0.01040	0.00823	0.10271	0.01801	0.11694	0.13192	0.10234	0.09046	0.01184	0.00859	0.00218	0.08385	0.00951	0.23393	0.00789
7	0.00888	0.00709	0.00794	0.00773	0.00981	0.00616	0.00580	0.01124	0.01739	0.02239	0.31717	0.06134	0.45971	0.01635	0.00824	0.00229	0.00344	0.01391	0.00695	0.00616
8	0.01333	0.00797	0.01034	0.00994	0.01219	0.00725	0.00781	0.01605	0.01788	0.14006	0.30670	0.12597	0.15182	0.01551	0.00835	0.00246	0.00440	0.12741	0.00731	0.00724
9	0.00935	0.00711	0.00859	0.00822	0.01010	0.00636	0.00617	0.01214	0.01850	0.02502	0.50069	0.05701	0.27455	0.01537	0.00824	0.00225	0.00337	0.01330	0.00729	0.00636
10	0.01888	0.01574	0.01663	0.01451	0.01872	0.01807	0.01141	0.14484	0.58839	0.03164	0.02647	0.02450	0.01974	0.00929	0.00708	0.00232	0.00588	0.00762	0.00708	0.01118
11	0.01700	0.01726	0.09148	0.01481	0.01944	0.01723	0.01263	0.03547	0.62496	0.02843	0.02669	0.02482	0.01996	0.00916	0.00705	0.00235	0.00604	0.00760	0.00665	0.01097
12	0.01563	0.01210	0.01435	0.01048	0.01638	0.00923	0.00836	0.01862	0.01488	0.08031	0.01473	0.04524	0.01237	0.00614	0.00547	0.00120	0.00519	0.00501	0.00461	0.69968
13	0.01826	0.02088	0.02904	0.02274	0.02644	0.18330	0.28699	0.02162	0.01514	0.01912	0.01155	0.01609	0.00970	0.00848	0.01310	0.00248	0.27665	0.00660	0.00337	0.00846
14	0.01767	0.23276	0.08940	0.01216	0.01741	0.01613	0.01134	0.04355	0.09283	0.12336	0.09991	0.02574	0.08783	0.00890	0.00630	0.00189	0.00620	0.00703	0.00539	0.09419
15	0.00912	0.00670	0.00864	0.01003	0.01068	0.00649	0.00680	0.01163	0.06137	0.01861	0.03776	0.69947	0.04441	0.02099	0.00878	0.00280	0.00415	0.01900	0.00652	0.00604
16	0.07151	0.01920	0.02032	0.01566	0.02117	0.02129	0.01293	0.64934	0.03160	0.04325	0.01635	0.01644	0.01162	0.00827	0.00683	0.00210	0.00755	0.00614	0.00683	0.01162
17	0.01170	0.01025	0.01200	0.01109	0.01360	0.04253	0.05475	0.01689	0.12989	0.02157	0.09514	0.17426	0.27378	0.01631	0.03642	0.00272	0.00553	0.01266	0.05176	0.00716
18	0.02184	0.01988	0.01724	0.01622	0.06645	0.26857	0.01173	0.11072	0.05792	0.12463	0.18523	0.02544	0.02525	0.00933	0.00705	0.00204	0.00804	0.00738	0.00594	0.00912
19	0.01793	0.70628	0.03450	0.01160	0.01732	0.02609	0.01148	0.02013	0.01430	0.01659	0.01397	0.01511	0.05796	0.00679	0.00474	0.00155	0.00719	0.00450	0.00323	0.00874
20	0.01753	0.00911	0.01191	0.01060	0.01346	0.00842	0.00814	0.02135	0.06611	0.26384	0.29060	0.18065	0.04198	0.01351	0.00787	0.00232	0.00451	0.01180	0.00773	0.00854
21	0.01319	0.02452	0.39680	0.09675	0.08404	0.01391	0.03838	0.01909	0.01503	0.02125	0.05248	0.02718	0.08103	0.03896	0.00830	0.00247	0.00873	0.04504	0.00383	0.00901
22	0.01537	0.01464	0.02489	0.36573	0.40318	0.01608	0.02047	0.01975	0.01499	0.02049	0.01279	0.01789	0.01024	0.00657	0.00694	0.00219	0.00876	0.00621	0.00329	0.00952
23	0.76726	0.01455	0.04324	0.00968	0.01427	0.01568	0.00841	0.02059	0.01201	0.03088	0.00985	0.01149	0.00762	0.00648	0.00443	0.00216	0.00563	0.00384	0.00425	0.00769
24	0.00839	0.00675	0.00748	0.00798	0.00968	0.00584	0.00573	0.01003	0.01522	0.01884	0.08260	0.28648	0.47276	0.01890	0.00846	0.00250	0.00369	0.01630	0.00652	0.00584
25	0.06419	0.02023	0.02234	0.10828	0.19950	0.22067	0.03749	0.02159	0.01540	0.01966	0.01197	0.01704	0.01042	0.00830	0.01030	0.00229	0.17440	0.02377	0.00350	0.00867
26	0.01007	0.00719	0.00990	0.01151	0.01260	0.00702	0.00921	0.01243	0.01491	0.01957	0.03759	0.36580	0.04272	0.02038	0.00933	0.00305	0.00541	0.38874	0.00645	0.00610
27	0.01119	0.00737	0.00830	0.00825	0.00881	0.00743	0.00513	0.04933	0.01241	0.01733	0.02403	0.13785	0.02655	0.52336	0.02661	0.00535	0.00603	0.01082	0.09872	0.00513
28	0.02061	0.02305	0.02291	0.11326	0.18781	0.31297	0.04335	0.05469	0.03740	0.02031	0.01229	0.01556	0.01009	0.00754	0.00845	0.00212	0.08926	0.00562	0.00370	0.00901
29	0.01723	0.19979	0.20639	0.01925	0.10238	0.02023	0.01715	0.11100	0.01621	0.02239	0.01230	0.01578	0.01031	0.02974	0.03109	0.00255	0.14761	0.00548	0.00364	0.00949
30	0.00957	0.00707	0.00920	0.00985	0.01050	0.00716	0.00691	0.01105	0.01366	0.01850	0.12348	0.39620	0.06849	0.15017	0.04332	0.00379	0.04782	0.05159	0.00593	0.00572
31	0.17132	0.05231	0.09068	0.03504	0.02087	0.25746	0.05207	0.05698	0.01644	0.02273	0.01207	0.01464	0.00970	0.00755	0.00771	0.00208	0.08817	0.00509	0.06876	0.00833
32	0.00914	0.00760	0.00806	0.00792	0.01021	0.00679	0.00594	0.01238	0.06423	0.02093	0.16338	0.08673	0.53859	0.01673	0.00819	0.00235	0.00366	0.01411	0.00671	0.00635
33	0.01721	0.01523	0.01557	0.01183	0.01753	0.08789	0.00938	0.05941	0.06423	0.04807	0.01413	0.01553	0.01129	0.00599	0.00559	0.00131	0.00616	0.00466	0.00461	0.58438
34	0.01201	0.01018	0.01091	0.00990	0.01309	0.01000	0.00760	0.01983	0.23403	0.02363	0.12519	0.04661	0.33905	0.01331	0.00755	0.00220	0.00432	0.01116	0.00657	0.09287
35	0.00873	0.00645	0.00817	0.00908	0.01006	0.00589	0.00630	0.01045	0.01506	0.02001	0.17711	0.49541	0.16238	0.01964	0.00866	0.00263	0.00381	0.01753	0.00672	0.00589
36	0.08691	0.01233	0.01355	0.01116	0.01512	0.01280	0.00900	0.19255	0.06853	0.20367	0.02175	0.02189	0.01559	0.00828	0.00606	0.00197	0.00538	0.00645	0.27741	0.00961
37	0.00896	0.00660	0.00841	0.00916	0.01027	0.00605	0.00651	0.01092	0.01566	0.02095	0.23083	0.42108	0.15514	0.01898	0.00864	0.00260	0.00385	0.04259	0.00681	0.00599
38	0.00955	0.00712	0.00887	0.00844	0.01022	0.00645	0.00633	0.01254	0.01898	0.02615	0.57970	0.05514	0.19483	0.01495	0.00823	0.00223	0.00334	0.01304	0.00744	0.00645
39	0.01278	0.04247	0.35462	0.01455	0.02099	0.03164	0.04333	0.01801	0.01525	0.02143	0.03036	0.03116	0.20859	0.00993	0.00685	0.00215	0.00747	0.00812	0.11190	0.00841
40	0.02607	0.03326	0.01978	0.01798	0.02157	0.72674	0.01348	0.02787	0.01978	0.01708	0.01079	0.01258	0.00899	0.00719	0.00629	0.00180	0.01258	0.00449	0.00360	0.00809
41	0.01189	0.00895	0.01308	0.01608	0.08950	0.00895	0.01234	0.01521	0.01605	0.02109	0.03438	0.07210	0.03703	0.01787	0.00934	0.00309	0.00663	0.59338	0.00611	0.00692
42	0.02872	0.01797	0.01852	0.01462	0.01982	0.12152	0.01188	0.28036	0.02480	0.35758	0.02096	0.01944	0.01399	0.00832	0.00690	0.00208	0.00759	0.00636	0.00726	0.01131
43	0.01196	0.00924	0.01262	0.01188	0.01316	0.01092	0.00917	0.06862	0.01279	0.01818	0.01795	0.02787	0.01723	0.14775	0.48691	0.00889	0.09669	0.00762	0.00400	0.00656
44	0.01025	0.00695	0.00825	0.00842	0.00868	0.00704	0.00530	0.01077	0.01086	0.01451	0.02337	0.04796	0.02641	0.62693	0.08059	0.00669	0.00755	0.08041	0.00443	0.00460
45	0.01208	0.01135	0.04208	0.01285	0.04242	0.01051	0.05624	0.01922	0.18076	0.02448	0.23483	0.06261	0.23644	0.01310	0.00786	0.00231	0.00500	0.01142	0.00650	0.00795
46	0.01301	0.00650	0.00650	0.00650	0.00813	0.00650	0.00488	0.01626	0.01463	0.02602	0.02276	0.02602	0.01789	0.00813	0.00488	0.00163	0.00325	0.00650	0.79350	0.00650
47	0.04355	0.49398	0.06824	0.01240	0.01836	0.02304	0.01205	0.10159	0.01645	0.02163	0.01154	0.01303	0.00977	0.00632	0.00499	0.00158	0.00716	0.00428	0.03586	0.09416

[dist]
# distance from previous block
# <min> <max>
1	3

[block]
# block no. 4 follows, 30 sequences, length 9
# corresponding to MSA columns:
# 1630-1638
name=unknown_E
#
# <colnr> <probs for GDERKNQSTAVLIFYWHMCP>
#	G	D	E	R	K	N	Q	S	T	A	V	L	I	F	Y	W	H	M	C	P
0	0.01889	0.01890	0.06917	0.02896	0.35091	0.07591	0.01763	0.07649	0.14249	0.05078	0.01622	0.01838	0.01277	0.00763	0.00808	0.00219	0.06309	0.00634	0.00454	0.01060
1	0.01843	0.01665	0.05274	0.21413	0.22409	0.06807	0.01689	0.12304	0.01830	0.08110	0.01690	0.08760	0.01433	0.00853	0.00708	0.00221	0.00827	0.00741	0.00461	0.00961
2	0.01470	0.01422	0.02161	0.06563	0.10836	0.01788	0.06485	0.01685	0.01191	0.01754	0.01221	0.02066	0.01200	0.12444	0.02070	0.00340	0.43515	0.00691	0.00332	0.00769
3	0.01492	0.13307	0.15995	0.01450	0.01873	0.11821	0.03254	0.01826	0.01483	0.01887	0.07114	0.05527	0.07982	0.04353	0.10371	0.00351	0.07967	0.00755	0.00405	0.00786
4	0.00980	0.00822	0.01014	0.01012	0.01151	0.00837	0.00751	0.01137	0.01393	0.01832	0.04405	0.34781	0.27713	0.01789	0.01059	0.00259	0.11701	0.01496	0.00582	0.05286
5	0.01044	0.00670	0.00805	0.00805	0.00812	0.00677	0.00477	0.01012	0.01005	0.01347	0.02028	0.04085	0.02287	0.60155	0.07488	0.12812	0.00736	0.00936	0.00402	0.00416
6	0.38383	0.01708	0.01507	0.01318	0.04332	0.10009	0.01013	0.16478	0.01790	0.03061	0.01193	0.01340	0.00925	0.00674	0.00537	0.00191	0.00681	0.00455	0.00474	0.13929
7	0.08961	0.02353	0.17934	0.07342	0.08288	0.17099	0.05572	0.09662	0.01803	0.02452	0.05360	0.01743	0.01309	0.00731	0.00651	0.00204	0.00907	0.00579	0.02581	0.04469
8	0.09588	0.01720	0.12390	0.03461	0.02030	0.01419	0.05363	0.14739	0.06917	0.02811	0.01763	0.01917	0.03721	0.00736	0.00612	0.00187	0.00672	0.00592	0.09818	0.19547

[dist]
# distance from previous block
# <min> <max>
7	17

[block]
# block no. 5 follows, 30 sequences, length 19
# corresponding to MSA columns:
# 1656-1674
name=unknown_F
#
# <colnr> <probs for GDERKNQSTAVLIFYWHMCP>
#	G	D	E	R	K	N	Q	S	T	A	V	L	I	F	Y	W	H	M	C	P
0	0.24872	0.04440	0.09278	0.05162	0.14533	0.04559	0.03846	0.05571	0.03800	0.11185	0.01565	0.01948	0.01232	0.00764	0.00624	0.00219	0.00747	0.04241	0.00473	0.00943
1	0.01448	0.00845	0.00995	0.00906	0.01175	0.00756	0.00682	0.01716	0.04599	0.18503	0.10829	0.10496	0.33386	0.09187	0.01079	0.00279	0.00455	0.01233	0.00689	0.00741
2	0.04390	0.08946	0.15299	0.04266	0.09846	0.06426	0.05623	0.08961	0.01690	0.06067	0.01317	0.01549	0.01024	0.00697	0.00752	0.00195	0.06520	0.00537	0.00408	0.15488
3	0.01787	0.05673	0.02327	0.05271	0.08671	0.19194	0.10698	0.02051	0.01480	0.01859	0.01239	0.01783	0.01106	0.06226	0.01314	0.00258	0.21114	0.00613	0.03527	0.03809
4	0.01164	0.01090	0.03743	0.01193	0.04362	0.06457	0.00858	0.01382	0.01509	0.02007	0.21859	0.13872	0.09286	0.15797	0.08282	0.00403	0.04413	0.01131	0.00546	0.00643
5	0.00986	0.00915	0.06017	0.00952	0.01152	0.00746	0.00769	0.01246	0.01550	0.02124	0.29115	0.08956	0.15932	0.13942	0.12099	0.00436	0.00677	0.01171	0.00591	0.00625
6	0.01433	0.03976	0.10322	0.12280	0.15677	0.04061	0.08497	0.01836	0.01505	0.02120	0.03890	0.10210	0.04482	0.00933	0.00762	0.00220	0.03939	0.00822	0.12195	0.00839
7	0.00903	0.00648	0.00799	0.00878	0.00945	0.00607	0.00579	0.01024	0.01357	0.01799	0.11192	0.41699	0.12159	0.20296	0.01538	0.00369	0.00458	0.01603	0.00605	0.00544
8	0.01447	0.01240	0.01447	0.01034	0.01654	0.00930	0.00827	0.01757	0.01447	0.02274	0.01240	0.01447	0.01034	0.00517	0.00517	0.00103	0.00517	0.00413	0.00413	0.79742
9	0.00926	0.00654	0.00792	0.00854	0.00908	0.00621	0.00548	0.01023	0.01290	0.01712	0.09525	0.34110	0.10306	0.31290	0.01939	0.00430	0.00501	0.01484	0.00569	0.00520
10	0.01527	0.22146	0.01985	0.01213	0.01525	0.03931	0.01034	0.08951	0.01640	0.02095	0.07257	0.03485	0.12271	0.07160	0.04349	0.00298	0.09421	0.08460	0.00483	0.00768
11	0.06265	0.01358	0.01604	0.04437	0.04400	0.01297	0.01037	0.18630	0.02019	0.08906	0.11692	0.02149	0.01931	0.00780	0.00633	0.00172	0.00589	0.00632	0.00570	0.30899
12	0.01758	0.04182	0.01689	0.21638	0.02489	0.10708	0.01255	0.07583	0.05508	0.10218	0.02147	0.11042	0.04008	0.03870	0.00953	0.05288	0.00769	0.03584	0.00505	0.00806
13	0.05167	0.10853	0.01312	0.01027	0.01217	0.04827	0.00762	0.01350	0.01373	0.01859	0.06238	0.39889	0.03304	0.08916	0.04054	0.00317	0.00593	0.01335	0.00535	0.05072
14	0.06464	0.06031	0.02113	0.01720	0.06826	0.11601	0.05507	0.29004	0.02353	0.08121	0.07934	0.01941	0.01625	0.00807	0.00670	0.00200	0.00786	0.00641	0.00572	0.05084
15	0.01888	0.10323	0.04328	0.07591	0.18597	0.09716	0.12196	0.14914	0.01907	0.02460	0.01561	0.08408	0.01374	0.00817	0.00697	0.00212	0.00884	0.00731	0.00435	0.00962
16	0.04376	0.01718	0.14508	0.03601	0.01702	0.11802	0.01140	0.01889	0.03238	0.05840	0.09460	0.08106	0.07151	0.08782	0.00972	0.00259	0.00692	0.00847	0.13158	0.00761
17	0.01565	0.03694	0.01585	0.06706	0.08265	0.03587	0.01098	0.10567	0.13253	0.05282	0.26601	0.06475	0.06187	0.01119	0.00747	0.00221	0.00570	0.00960	0.00642	0.00876
18	0.09620	0.04987	0.01408	0.01298	0.06336	0.01090	0.04253	0.01588	0.03812	0.04491	0.06202	0.03660	0.07348	0.23957	0.12415	0.00496	0.00829	0.05052	0.00477	0.00681

[dist]
# distance from previous block
# <min> <max>
4	34

[block]
# block no. 6 follows, 30 sequences, length 26
# corresponding to MSA columns:
# 1712-1737
name=unknown_G
#
# <colnr> <probs for GDERKNQSTAVLIFYWHMCP>
#	G	D	E	R	K	N	Q	S	T	A	V	L	I	F	Y	W	H	M	C	P
0	0.02028	0.20944	0.10392	0.03260	0.08903	0.15034	0.01481	0.17048	0.01943	0.02428	0.01286	0.01497	0.01039	0.00961	0.04956	0.00240	0.00947	0.00514	0.00413	0.04685
1	0.01997	0.21015	0.02383	0.01722	0.08953	0.07800	0.01313	0.02432	0.09300	0.13839	0.04888	0.01863	0.01478	0.00873	0.00985	0.00217	0.16920	0.00604	0.00476	0.00943
2	0.01621	0.17279	0.02132	0.03761	0.09236	0.01688	0.01204	0.10267	0.05194	0.02297	0.05684	0.02168	0.05071	0.01395	0.09934	0.00310	0.07632	0.00644	0.00447	0.12035
3	0.01103	0.00727	0.00948	0.00911	0.01083	0.00664	0.00676	0.01385	0.01848	0.07291	0.51539	0.17141	0.08947	0.01535	0.00826	0.00231	0.00362	0.01358	0.00748	0.00676
4	0.01323	0.01247	0.05410	0.05551	0.02018	0.01175	0.14648	0.06215	0.05460	0.02109	0.06680	0.06301	0.09446	0.02147	0.16920	0.10263	0.00994	0.00891	0.00463	0.00739
5	0.01713	0.01997	0.17656	0.10238	0.06655	0.03197	0.03660	0.18981	0.05719	0.02643	0.01890	0.10143	0.03587	0.00981	0.00866	0.00234	0.07618	0.00790	0.00480	0.00951
6	0.01857	0.01703	0.12598	0.02122	0.19358	0.01392	0.01522	0.11854	0.05104	0.13270	0.07350	0.09093	0.02063	0.00954	0.00719	0.00219	0.00703	0.02746	0.00559	0.04816
7	0.00936	0.00654	0.00774	0.00833	0.00870	0.00628	0.00515	0.00998	0.01187	0.01561	0.03268	0.30531	0.09844	0.41616	0.02317	0.00491	0.00546	0.01413	0.00527	0.00491
8	0.01540	0.06608	0.23547	0.10622	0.04940	0.06594	0.01691	0.07928	0.03422	0.02190	0.03633	0.08119	0.01545	0.01374	0.08632	0.00323	0.05292	0.00716	0.00404	0.00883
9	0.01892	0.04163	0.24339	0.02259	0.14245	0.18369	0.04258	0.09215	0.04335	0.02302	0.01329	0.01581	0.01040	0.00871	0.03113	0.00241	0.04528	0.00561	0.00381	0.00979
10	0.00851	0.00643	0.00787	0.00888	0.00994	0.00579	0.00614	0.01002	0.01451	0.01876	0.09015	0.50516	0.24228	0.02015	0.00867	0.00265	0.00385	0.01788	0.00655	0.00579
11	0.04227	0.00948	0.01161	0.00991	0.01268	0.00901	0.00745	0.06010	0.01736	0.25314	0.17489	0.03520	0.02959	0.20554	0.01448	0.00332	0.00540	0.00889	0.08161	0.00806
12	0.01888	0.25318	0.19711	0.01907	0.07121	0.08372	0.10066	0.05643	0.05472	0.06223	0.01371	0.01539	0.01060	0.00672	0.00622	0.00196	0.00902	0.00543	0.00389	0.00984
13	0.01561	0.01320	0.01611	0.08160	0.01904	0.08046	0.03343	0.07917	0.01551	0.06761	0.03352	0.06559	0.05727	0.04561	0.23082	0.00523	0.11990	0.00805	0.00460	0.00767
14	0.01015	0.00696	0.00887	0.00904	0.01051	0.00632	0.00653	0.01243	0.01688	0.05530	0.33897	0.30557	0.15182	0.01726	0.00842	0.00245	0.00373	0.01528	0.00711	0.00640
15	0.01616	0.07827	0.01562	0.01319	0.05678	0.01276	0.00990	0.05698	0.17400	0.11062	0.18238	0.03923	0.13746	0.01182	0.00744	0.00225	0.00528	0.05428	0.00668	0.00889
16	0.01759	0.01506	0.01750	0.35446	0.03117	0.13696	0.01435	0.04828	0.01645	0.10107	0.01773	0.09430	0.01489	0.00891	0.00687	0.00219	0.00830	0.00744	0.07834	0.00813
17	0.01577	0.02405	0.29346	0.05106	0.23176	0.06409	0.04206	0.02217	0.05653	0.02213	0.01452	0.01766	0.01134	0.00942	0.04821	0.00265	0.00967	0.00594	0.04764	0.00986
18	0.01232	0.00868	0.01113	0.01199	0.05202	0.00871	0.00837	0.04618	0.01561	0.06294	0.05562	0.31513	0.16383	0.01627	0.00902	0.00252	0.05504	0.05013	0.08750	0.00698
19	0.02274	0.01734	0.02006	0.05598	0.11890	0.05730	0.01367	0.39538	0.02521	0.07694	0.01758	0.06761	0.01416	0.00979	0.00824	0.04796	0.00767	0.00713	0.00594	0.01040
