[name]
unknown

[dist]
# distance from previous block
# <min> <max>
0	37

[block]
# block no. 0 follows, 31 sequences, length 31
# corresponding to MSA columns:
# 37-67
name=unknown_A
#
# <colnr> <probs for GDERKNQSTAVLIFYWHMCP>
#	G	D	E	R	K	N	Q	S	T	A	V	L	I	F	Y	W	H	M	C	P
0	0.01104	0.00759	0.00904	0.00917	0.01144	0.00678	0.00738	0.01332	0.01614	0.08239	0.09289	0.08483	0.40370	0.01690	0.00838	0.00253	0.00448	0.19890	0.00660	0.00648
1	0.01881	0.01772	0.14794	0.03848	0.14578	0.01450	0.03488	0.06598	0.17788	0.16421	0.06416	0.04329	0.01837	0.00846	0.00697	0.00219	0.00706	0.00729	0.00568	0.01035
2	0.01140	0.00671	0.00789	0.00824	0.00971	0.00657	0.00638	0.01437	0.01539	0.02409	0.15398	0.11885	0.03314	0.01250	0.00665	0.00210	0.00384	0.12783	0.42407	0.00629
3	0.04546	0.17468	0.12252	0.06117	0.02374	0.24914	0.07603	0.02355	0.06350	0.01908	0.01202	0.01436	0.00975	0.00714	0.00741	0.00199	0.07119	0.00512	0.00350	0.00865
4	0.00824	0.00674	0.00727	0.00756	0.00944	0.00577	0.00551	0.00995	0.01533	0.01884	0.10348	0.20275	0.53951	0.01794	0.00821	0.00239	0.00355	0.01531	0.00643	0.00577
5	0.01566	0.01211	0.01434	0.01032	0.01633	0.00920	0.00828	0.01867	0.01467	0.08480	0.01349	0.01500	0.01074	0.00537	0.00523	0.00111	0.00513	0.00431	0.00445	0.73080
6	0.01759	0.20651	0.17222	0.02010	0.09488	0.08159	0.13356	0.08663	0.01697	0.02211	0.03141	0.03659	0.01208	0.00696	0.00634	0.00194	0.00890	0.00596	0.00375	0.03392
7	0.08637	0.20898	0.07511	0.01428	0.04640	0.10660	0.01194	0.08472	0.10385	0.02218	0.01619	0.06761	0.01453	0.05520	0.05559	0.00282	0.00825	0.00640	0.00437	0.00860
8	0.00988	0.00666	0.00853	0.00873	0.00908	0.00691	0.00568	0.01037	0.01051	0.01432	0.02191	0.12691	0.02433	0.42569	0.20411	0.07823	0.00914	0.01013	0.00420	0.00470
9	0.08512	0.27270	0.09624	0.01518	0.08302	0.01675	0.05554	0.01744	0.01404	0.01937	0.02244	0.13080	0.10340	0.03166	0.00705	0.00215	0.00677	0.00820	0.00409	0.00803
10	0.01885	0.70921	0.03468	0.01206	0.01783	0.04965	0.01181	0.04858	0.01483	0.01723	0.00983	0.01124	0.00890	0.00599	0.00455	0.00150	0.00749	0.00379	0.00311	0.00887
11	0.01157	0.00726	0.00931	0.00956	0.01129	0.00660	0.00718	0.01365	0.01584	0.10474	0.16637	0.31993	0.17374	0.01739	0.00835	0.00254	0.00425	0.09704	0.00682	0.00659
12	0.02590	0.01799	0.01956	0.01505	0.02036	0.01963	0.01242	0.60827	0.03034	0.10307	0.01760	0.01740	0.01234	0.00823	0.00677	0.00204	0.00720	0.00623	0.03817	0.01143
13	0.04915	0.13537	0.07320	0.08122	0.24029	0.11249	0.03542	0.04094	0.12496	0.02204	0.01430	0.01649	0.01143	0.00683	0.00628	0.00199	0.00831	0.00564	0.00396	0.00967
14	0.01000	0.00755	0.00866	0.00861	0.01016	0.00720	0.00612	0.05774	0.01530	0.01981	0.11670	0.19917	0.28416	0.15904	0.05551	0.00370	0.00529	0.01343	0.00594	0.00592
15	0.01122	0.00957	0.01512	0.40117	0.03018	0.01118	0.01356	0.01441	0.01334	0.01741	0.02171	0.20996	0.02236	0.05587	0.05944	0.00333	0.00807	0.07114	0.00427	0.00668
16	0.01275	0.11210	0.01922	0.01287	0.01717	0.01169	0.13321	0.01585	0.01565	0.02131	0.15373	0.08218	0.15071	0.01032	0.00689	0.00188	0.00585	0.00923	0.00501	0.20240
17	0.00927	0.00698	0.00858	0.00818	0.00997	0.00628	0.00613	0.01212	0.01840	0.02514	0.54831	0.05488	0.23095	0.01484	0.00807	0.00219	0.00329	0.01290	0.00723	0.00628
18	0.01419	0.01216	0.01419	0.01013	0.01621	0.00912	0.00811	0.01723	0.01419	0.02229	0.01216	0.01419	0.01013	0.00507	0.00507	0.00101	0.00507	0.00405	0.00405	0.80139
19	0.01829	0.76368	0.03585	0.01171	0.01756	0.02707	0.01171	0.02049	0.01390	0.01610	0.00951	0.01097	0.00878	0.00585	0.00439	0.00146	0.00732	0.00366	0.00293	0.00878
20	0.02042	0.02434	0.02383	0.01984	0.02288	0.37165	0.14125	0.02285	0.01594	0.01763	0.01068	0.01432	0.00916	0.00838	0.01171	0.00226	0.24590	0.00560	0.00334	0.00803
21	0.01615	0.01845	0.04037	0.02884	0.03576	0.01730	0.69204	0.02191	0.01615	0.02191	0.01384	0.01845	0.01038	0.00577	0.00807	0.00231	0.01153	0.00807	0.00346	0.00923
22	0.01395	0.03395	0.67494	0.01911	0.02879	0.01597	0.02427	0.02269	0.06233	0.02215	0.01336	0.01521	0.00951	0.00669	0.00653	0.00218	0.00978	0.00524	0.00317	0.01016
23	0.01363	0.00787	0.01041	0.00928	0.01158	0.00713	0.00713	0.01675	0.01941	0.15780	0.58440	0.04588	0.05561	0.01295	0.00785	0.00215	0.00371	0.01134	0.00771	0.00743
24	0.00980	0.00676	0.00837	0.00847	0.00880	0.00704	0.00538	0.01049	0.01041	0.01418	0.02177	0.08499	0.02422	0.53725	0.20645	0.00747	0.00937	0.00990	0.00416	0.00472
25	0.01442	0.00908	0.01130	0.01019	0.01274	0.00877	0.00798	0.06449	0.06244	0.12947	0.39000	0.04615	0.08906	0.04027	0.00884	0.00242	0.00448	0.07292	0.00727	0.00771
26	0.01820	0.18959	0.02276	0.01546	0.01810	0.18277	0.01291	0.06194	0.01472	0.01805	0.01108	0.01501	0.01006	0.01404	0.10069	0.00329	0.27469	0.00527	0.00342	0.00797
27	0.04552	0.15511	0.11244	0.01934	0.13203	0.03903	0.01531	0.10106	0.01591	0.02212	0.01427	0.02107	0.01285	0.01158	0.05597	0.00280	0.14268	0.06808	0.00392	0.00892
28	0.01660	0.10754	0.04700	0.06104	0.06611	0.03574	0.01128	0.19739	0.01817	0.02432	0.01874	0.06047	0.03613	0.14449	0.07317	0.00357	0.00808	0.00743	0.05454	0.00820
29	0.24686	0.07024	0.05449	0.01418	0.03782	0.14789	0.01164	0.21845	0.02017	0.02980	0.07488	0.01680	0.01427	0.00767	0.00590	0.00199	0.00752	0.00546	0.00498	0.00899
30	0.08819	0.08304	0.16392	0.06174	0.02337	0.19493	0.03188	0.17243	0.01969	0.04889	0.04049	0.01588	0.01182	0.00732	0.00627	0.00199	0.00901	0.00540	0.00444	0.00930

[dist]
# distance from previous block
# <min> <max>
0	15

[block]
# block no. 1 follows, 31 sequences, length 11
# corresponding to MSA columns:
# 83-93
name=unknown_B
#
# <colnr> <probs for GDERKNQSTAVLIFYWHMCP>
#	G	D	E	R	K	N	Q	S	T	A	V	L	I	F	Y	W	H	M	C	P
0	0.01819	0.01270	0.01378	0.01143	0.01492	0.01351	0.00913	0.34380	0.02382	0.03353	0.13215	0.05644	0.07360	0.01024	0.00669	0.00200	0.00535	0.00831	0.20153	0.00886
1	0.00879	0.00655	0.00791	0.00837	0.00952	0.00596	0.00581	0.01048	0.01492	0.01967	0.20873	0.31576	0.22638	0.10545	0.01147	0.00295	0.00397	0.01527	0.00638	0.00567
2	0.01307	0.01022	0.01082	0.00948	0.01256	0.01000	0.00743	0.19398	0.02045	0.02607	0.12455	0.05098	0.45534	0.01452	0.00775	0.00222	0.00453	0.01199	0.00661	0.00742
3	0.00897	0.00675	0.00747	0.00754	0.00877	0.00615	0.00506	0.01021	0.01380	0.01758	0.12569	0.11433	0.33303	0.28444	0.01776	0.00389	0.00462	0.01300	0.00570	0.00525
4	0.01372	0.03539	0.72412	0.01950	0.02961	0.01589	0.02528	0.02167	0.01444	0.02167	0.01228	0.01444	0.00867	0.00650	0.00650	0.00217	0.01011	0.00506	0.00289	0.01011
5	0.00861	0.00686	0.00752	0.00750	0.00935	0.00599	0.00545	0.01050	0.01581	0.01997	0.20599	0.10060	0.47394	0.07909	0.01036	0.00266	0.00371	0.01389	0.00643	0.00578
6	0.00868	0.00631	0.00819	0.00909	0.00995	0.00582	0.00630	0.01047	0.01499	0.02026	0.22426	0.51316	0.09896	0.01910	0.00850	0.00257	0.00373	0.01716	0.00667	0.00582
7	0.01463	0.12998	0.39123	0.01791	0.02548	0.01616	0.13684	0.02061	0.01465	0.02155	0.01379	0.01645	0.01042	0.00652	0.00620	0.00200	0.00884	0.00560	0.13194	0.00916
8	0.01175	0.01150	0.05670	0.01393	0.01688	0.01069	0.10242	0.01475	0.01273	0.01812	0.01999	0.06048	0.04236	0.08216	0.29739	0.00602	0.06397	0.04988	0.00401	0.10428
9	0.01402	0.06338	0.09303	0.01981	0.06113	0.01440	0.26759	0.02023	0.09916	0.02198	0.07917	0.09836	0.09743	0.00976	0.00755	0.00226	0.00790	0.00952	0.00472	0.00860
10	0.04795	0.17124	0.12113	0.01663	0.04389	0.13741	0.05811	0.14575	0.01839	0.04148	0.01243	0.01421	0.00978	0.00686	0.00671	0.00185	0.04267	0.00503	0.00410	0.09437

[dist]
# distance from previous block
# <min> <max>
3	5

[block]
# block no. 2 follows, 31 sequences, length 19
# corresponding to MSA columns:
# 99-117
name=unknown_C
#
# <colnr> <probs for GDERKNQSTAVLIFYWHMCP>
#	G	D	E	R	K	N	Q	S	T	A	V	L	I	F	Y	W	H	M	C	P
0	0.12005	0.04209	0.22043	0.04482	0.09610	0.06306	0.06464	0.02286	0.03561	0.12860	0.05927	0.04250	0.01518	0.00775	0.00652	0.00213	0.00800	0.00644	0.00457	0.00937
1	0.01782	0.17375	0.16862	0.02021	0.13766	0.10515	0.05483	0.02298	0.06991	0.06511	0.01730	0.01880	0.05477	0.00756	0.00694	0.00201	0.03716	0.00599	0.00399	0.00942
2	0.01974	0.01187	0.01658	0.09717	0.12250	0.01139	0.01181	0.07477	0.01792	0.26058	0.07262	0.09488	0.06174	0.00974	0.00701	0.00209	0.00609	0.00838	0.00616	0.08695
3	0.25945	0.01206	0.01376	0.01103	0.01584	0.01170	0.00907	0.04775	0.01737	0.45533	0.02399	0.02198	0.05498	0.00835	0.00617	0.00213	0.00558	0.00636	0.00704	0.01004
4	0.01417	0.02142	0.25913	0.36011	0.09979	0.03638	0.07379	0.01983	0.01447	0.01965	0.01235	0.01669	0.00921	0.00658	0.00680	0.00221	0.00965	0.00584	0.00307	0.00887
5	0.01093	0.00853	0.01175	0.01327	0.09480	0.00920	0.00821	0.01234	0.01133	0.01566	0.02183	0.03563	0.06404	0.36544	0.23523	0.00687	0.05634	0.00875	0.00398	0.00584
6	0.00934	0.00675	0.00895	0.00936	0.01010	0.00705	0.00653	0.01072	0.01155	0.01574	0.02759	0.22584	0.07131	0.23848	0.30152	0.00706	0.01034	0.01170	0.00468	0.00540
7	0.00983	0.00664	0.00777	0.00787	0.00799	0.00671	0.00463	0.01010	0.01023	0.01374	0.02234	0.08887	0.02557	0.65686	0.08775	0.00673	0.00738	0.01035	0.00425	0.00439
8	0.04465	0.12238	0.06499	0.01859	0.12112	0.20405	0.01380	0.05943	0.01610	0.02052	0.01344	0.01792	0.01165	0.01100	0.06019	0.00265	0.09159	0.02940	0.06808	0.00844
9	0.01778	0.68265	0.11243	0.01257	0.01890	0.02583	0.01322	0.02062	0.01396	0.01672	0.00982	0.01136	0.00877	0.00593	0.00462	0.00154	0.00763	0.00381	0.00292	0.00893
10	0.00828	0.00617	0.00772	0.00896	0.00977	0.00560	0.00610	0.00959	0.01364	0.01769	0.04461	0.60457	0.19132	0.02054	0.00859	0.00268	0.00386	0.01835	0.00635	0.00560
11	0.02725	0.01283	0.01627	0.01298	0.01787	0.01226	0.01077	0.16194	0.04445	0.49080	0.02590	0.02767	0.01838	0.00954	0.00715	0.00222	0.00620	0.07660	0.00787	0.01105
12	0.01747	0.06502	0.12551	0.06995	0.19860	0.04999	0.09209	0.10538	0.03708	0.04384	0.01446	0.01753	0.01133	0.00946	0.04820	0.00258	0.03310	0.00609	0.04269	0.00961
13	0.01524	0.06039	0.21042	0.01202	0.01649	0.01168	0.01207	0.04069	0.05756	0.08351	0.01810	0.02251	0.01463	0.08542	0.01111	0.09130	0.00653	0.00628	0.21616	0.00787
14	0.02556	0.03261	0.01939	0.01763	0.02115	0.73210	0.01322	0.02732	0.01939	0.01674	0.01058	0.01234	0.00881	0.00705	0.00617	0.00176	0.01234	0.00441	0.00353	0.00793
15	0.11244	0.12220	0.32519	0.01533	0.02234	0.04152	0.01680	0.11743	0.04905	0.04867	0.01393	0.01527	0.01033	0.00694	0.00592	0.00201	0.00810	0.00511	0.05179	0.00961
16	0.08896	0.01587	0.01796	0.01387	0.01918	0.01656	0.01146	0.39315	0.02583	0.29700	0.01985	0.01859	0.01329	0.00816	0.00665	0.00208	0.00671	0.00624	0.00725	0.01131
17	0.01351	0.05882	0.05919	0.07747	0.04119	0.01188	0.05080	0.03817	0.11331	0.05663	0.15721	0.23603	0.03231	0.01269	0.00753	0.00232	0.00584	0.01130	0.00580	0.00799
18	0.01919	0.17658	0.16866	0.06124	0.02277	0.08622	0.01565	0.13382	0.01759	0.07735	0.01383	0.01730	0.01111	0.00815	0.00856	0.00212	0.11521	0.03112	0.00421	0.00932

[dist]
# distance from previous block
# <min> <max>
3	8

[block]
# block no. 3 follows, 31 sequences, length 11
# corresponding to MSA columns:
# 150-160
name=unknown_D
#
# <colnr> <probs for GDERKNQSTAVLIFYWHMCP>
#	G	D	E	R	K	N	Q	S	T	A	V	L	I	F	Y	W	H	M	C	P
0	0.01170	0.01054	0.07495	0.01183	0.04355	0.00867	0.00920	0.04953	0.04132	0.01869	0.03172	0.15329	0.16872	0.05252	0.01420	0.21420	0.00570	0.06863	0.00495	0.00610
1	0.01550	0.01322	0.01439	0.01516	0.09216	0.08574	0.01034	0.04898	0.19190	0.05767	0.07953	0.11732	0.09162	0.01570	0.08522	0.00316	0.00730	0.00944	0.03723	0.00846
2	0.01870	0.07247	0.01754	0.01330	0.01694	0.06855	0.04381	0.18753	0.01990	0.12019	0.08170	0.11539	0.08011	0.01456	0.07007	0.00293	0.03274	0.00897	0.00589	0.00872
3	0.01803	0.06129	0.23310	0.01776	0.06177	0.17321	0.04205	0.07298	0.01693	0.05471	0.01494	0.06607	0.01261	0.01017	0.04699	0.00247	0.00962	0.00622	0.00403	0.07504
4	0.01564	0.01527	0.08228	0.01696	0.12369	0.01292	0.01258	0.06852	0.05917	0.04640	0.05574	0.02048	0.04891	0.00765	0.00755	0.00176	0.06884	0.00607	0.00459	0.32498
5	0.13745	0.01490	0.05290	0.07260	0.01887	0.07243	0.03034	0.15867	0.04230	0.02661	0.09488	0.20275	0.02471	0.01150	0.00701	0.00227	0.00655	0.00965	0.00550	0.00811
6	0.01571	0.04944	0.12756	0.01815	0.09099	0.01389	0.12809	0.11806	0.01847	0.05816	0.13584	0.03010	0.11579	0.03924	0.00837	0.00232	0.00728	0.00852	0.00516	0.00885
7	0.08055	0.01392	0.01526	0.01220	0.01689	0.04808	0.03059	0.13445	0.07843	0.08904	0.01826	0.08461	0.01529	0.00815	0.00610	0.00176	0.00596	0.00664	0.04964	0.28419
8	0.01369	0.01056	0.01353	0.01262	0.04729	0.01071	0.00936	0.06117	0.03772	0.05534	0.14609	0.06171	0.07571	0.05824	0.09193	0.00335	0.08616	0.04139	0.00535	0.15808
9	0.08569	0.13271	0.01906	0.01313	0.01749	0.10427	0.01086	0.25742	0.02145	0.02885	0.08403	0.06309	0.01895	0.00920	0.00639	0.00196	0.00702	0.04248	0.00541	0.07055
10	0.04032	0.05382	0.08693	0.01763	0.06268	0.04448	0.12211	0.16120	0.01905	0.12669	0.02071	0.17468	0.01868	0.01017	0.00719	0.00223	0.00757	0.00904	0.00545	0.00935

[dist]
# distance from previous block
# <min> <max>
1	6

[block]
# block no. 4 follows, 31 sequences, length 14
# corresponding to MSA columns:
# 167-180
name=unknown_E
#
# <colnr> <probs for GDERKNQSTAVLIFYWHMCP>
#	G	D	E	R	K	N	Q	S	T	A	V	L	I	F	Y	W	H	M	C	P
0	0.01777	0.01753	0.08404	0.01632	0.07207	0.12164	0.04398	0.09304	0.09580	0.08772	0.09591	0.05377	0.07188	0.01247	0.05799	0.00272	0.00812	0.00792	0.00541	0.03390
1	0.09449	0.00875	0.01033	0.00958	0.01203	0.00883	0.00742	0.01775	0.06077	0.12259	0.17524	0.06395	0.10418	0.04824	0.12170	0.00374	0.00660	0.02981	0.08669	0.00731
2	0.04588	0.01149	0.01445	0.01181	0.01562	0.01122	0.05920	0.14506	0.04683	0.15564	0.15460	0.03911	0.23690	0.01184	0.00744	0.00219	0.00536	0.01001	0.00677	0.00859
3	0.01431	0.01060	0.01391	0.01529	0.11757	0.01065	0.00988	0.14664	0.01896	0.05258	0.19937	0.24947	0.05569	0.04220	0.00881	0.00248	0.00525	0.01210	0.00630	0.00794
4	0.01197	0.00754	0.00885	0.00893	0.01066	0.00734	0.00652	0.01589	0.08345	0.06853	0.11896	0.28448	0.10588	0.01450	0.00725	0.00225	0.00389	0.01264	0.21366	0.00683
5	0.04716	0.01355	0.06862	0.06905	0.16391	0.01255	0.01260	0.07931	0.07764	0.04856	0.18372	0.03095	0.05862	0.09240	0.01015	0.00264	0.00632	0.00839	0.00536	0.00850
6	0.80789	0.01323	0.01006	0.00900	0.01323	0.01535	0.00741	0.02011	0.01164	0.03070	0.00953	0.01111	0.00741	0.00635	0.00423	0.00212	0.00529	0.00370	0.00423	0.00741
7	0.01524	0.01623	0.12265	0.04977	0.06860	0.03602	0.03934	0.05440	0.19722	0.05879	0.16769	0.03095	0.09385	0.00999	0.00722	0.00220	0.00642	0.00855	0.00579	0.00909
8	0.01404	0.01425	0.02870	0.02190	0.02655	0.01354	0.43258	0.01834	0.01512	0.02028	0.02012	0.03585	0.01920	0.12245	0.01242	0.00315	0.00960	0.15990	0.00421	0.00779
9	0.01667	0.13549	0.13169	0.02236	0.15428	0.07000	0.15667	0.02198	0.06411	0.04637	0.03849	0.04954	0.04668	0.00781	0.00678	0.00207	0.00852	0.00711	0.00408	0.00930
10	0.01020	0.00755	0.00926	0.00910	0.01076	0.00713	0.00669	0.05933	0.01791	0.02433	0.37372	0.24871	0.15715	0.01620	0.00817	0.00235	0.00378	0.01425	0.00697	0.00646
11	0.01704	0.09675	0.05224	0.08548	0.16310	0.01633	0.10799	0.09441	0.09175	0.04714	0.01865	0.02060	0.05288	0.00741	0.00659	0.00199	0.00754	0.00662	0.03693	0.06855
12	0.01618	0.01580	0.02790	0.15774	0.53249	0.01619	0.09207	0.02051	0.01532	0.02149	0.01285	0.01731	0.01050	0.00619	0.00692	0.00210	0.00866	0.00630	0.00334	0.01012
13	0.08439	0.07715	0.04857	0.12573	0.13514	0.10615	0.03209	0.12074	0.04320	0.05010	0.01376	0.01630	0.01076	0.00896	0.04119	0.00239	0.00867	0.00552	0.00426	0.06493

[dist]
# distance from previous block
# <min> <max>
0	6

[block]
# block no. 5 follows, 31 sequences, length 16
# corresponding to MSA columns:
# 187-202
name=unknown_F
#
# <colnr> <probs for GDERKNQSTAVLIFYWHMCP>
#	G	D	E	R	K	N	Q	S	T	A	V	L	I	F	Y	W	H	M	C	P
0	0.06716	0.07613	0.04875	0.07772	0.02155	0.06684	0.09513	0.08811	0.05362	0.09683	0.08583	0.02779	0.08118	0.00924	0.00688	0.00212	0.00725	0.04400	0.00527	0.03860
1	0.01699	0.04251	0.01605	0.08132	0.04728	0.09570	0.01093	0.02020	0.04055	0.12852	0.06963	0.02477	0.01824	0.06649	0.12172	0.00368	0.04971	0.02477	0.00483	0.11611
2	0.01534	0.12961	0.32545	0.08505	0.11302	0.06385	0.04105	0.02046	0.01460	0.01977	0.01459	0.01727	0.04524	0.00733	0.00747	0.00210	0.05970	0.00568	0.00321	0.00922
3	0.01543	0.02003	0.17190	0.15226	0.09698	0.08305	0.04320	0.05359	0.01524	0.02047	0.01642	0.04159	0.05684	0.00860	0.00930	0.00223	0.12804	0.00661	0.00367	0.05455
4	0.00942	0.00739	0.00860	0.00872	0.01047	0.00692	0.00637	0.01301	0.07735	0.02176	0.24718	0.23570	0.28856	0.01669	0.00815	0.00239	0.00370	0.01453	0.00675	0.00637
5	0.01467	0.03808	0.04347	0.05911	0.01735	0.03595	0.01003	0.11225	0.08213	0.02355	0.02246	0.16908	0.04343	0.03254	0.05199	0.00265	0.00670	0.00883	0.05439	0.17133
6	0.00899	0.00662	0.00842	0.00871	0.00999	0.00605	0.00625	0.01130	0.01665	0.02272	0.38888	0.30225	0.14372	0.01706	0.00831	0.00239	0.00352	0.01515	0.00696	0.00605
7	0.01144	0.01050	0.04080	0.09006	0.01818	0.01090	0.06980	0.01496	0.05404	0.01735	0.02017	0.12428	0.02019	0.15869	0.25202	0.00604	0.06058	0.00920	0.00415	0.00664
8	0.00905	0.00665	0.00859	0.00960	0.01072	0.00620	0.00713	0.01104	0.01501	0.01980	0.14907	0.40150	0.15008	0.01911	0.00867	0.00268	0.00424	0.14845	0.00653	0.00588
9	0.05406	0.00884	0.01100	0.01024	0.01255	0.00907	0.00788	0.07165	0.01556	0.14021	0.05083	0.17448	0.02384	0.02285	0.20539	0.00458	0.00839	0.00948	0.15159	0.00750
10	0.01096	0.06040	0.01069	0.00896	0.01117	0.05466	0.00681	0.01303	0.01633	0.03885	0.21537	0.17468	0.32223	0.01553	0.00779	0.00225	0.00440	0.01321	0.00628	0.00641
11	0.01070	0.00706	0.00834	0.00822	0.00982	0.00636	0.00581	0.01213	0.01474	0.07548	0.14651	0.17142	0.28888	0.15772	0.01387	0.03329	0.00440	0.01319	0.00616	0.00590
12	0.01278	0.01166	0.01833	0.54867	0.03841	0.01330	0.01597	0.01679	0.01373	0.01836	0.01423	0.07728	0.01224	0.00770	0.00667	0.00209	0.00796	0.00679	0.00350	0.15355
13	0.00908	0.00691	0.00873	0.00944	0.01088	0.00656	0.00722	0.01115	0.01457	0.01887	0.09249	0.25193	0.25469	0.02317	0.10736	0.00378	0.00618	0.14500	0.00606	0.00591
14	0.01352	0.01400	0.08012	0.11121	0.07822	0.01098	0.03851	0.01727	0.01460	0.02156	0.06132	0.07462	0.01629	0.00740	0.00617	0.00163	0.00635	0.00648	0.00415	0.41560
15	0.08361	0.05067	0.28057	0.06525	0.04170	0.01550	0.03793	0.11101	0.05951	0.02450	0.01684	0.02167	0.03357	0.06868	0.00878	0.00250	0.00809	0.02976	0.00420	0.03564

[dist]
# distance from previous block
# <min> <max>
0	10

[block]
# block no. 6 follows, 31 sequences, length 13
# corresponding to MSA columns:
# 213-225
name=unknown_G
#
# <colnr> <probs for GDERKNQSTAVLIFYWHMCP>
#	G	D	E	R	K	N	Q	S	T	A	V	L	I	F	Y	W	H	M	C	P
0	0.01375	0.01244	0.01740	0.05988	0.09025	0.01531	0.01291	0.04804	0.06201	0.01928	0.01936	0.02402	0.07965	0.02102	0.19384	0.00469	0.28711	0.00728	0.00399	0.00776
1	0.01780	0.02085	0.08444	0.17448	0.25321	0.18230	0.05601	0.02332	0.08194	0.02057	0.01363	0.01683	0.01076	0.00679	0.00671	0.00207	0.00941	0.00588	0.00365	0.00935
2	0.02225	0.01086	0.01324	0.01095	0.01484	0.01053	0.00877	0.06661	0.11910	0.35260	0.09108	0.02639	0.02190	0.00898	0.00652	0.00202	0.00500	0.00737	0.19118	0.00981
3	0.01703	0.56336	0.22516	0.01385	0.02087	0.02399	0.01544	0.02081	0.01405	0.01763	0.01027	0.01193	0.00875	0.00603	0.00497	0.00166	0.00808	0.00404	0.00292	0.00915
4	0.00876	0.00691	0.00773	0.00796	0.00973	0.00612	0.00591	0.01060	0.01531	0.01918	0.13692	0.12586	0.44559	0.08671	0.01077	0.00282	0.00405	0.07704	0.00628	0.00574
5	0.00887	0.00635	0.00848	0.00962	0.01038	0.00596	0.00681	0.01068	0.01468	0.01987	0.18130	0.54205	0.04881	0.01961	0.00866	0.00268	0.00403	0.07873	0.00660	0.00582
6	0.01004	0.00729	0.00843	0.00823	0.01043	0.00640	0.00637	0.01238	0.01690	0.05900	0.24744	0.06044	0.42692	0.01605	0.00815	0.00233	0.00380	0.07626	0.00680	0.00633
7	0.02245	0.01760	0.02057	0.01609	0.02121	0.01928	0.07125	0.46826	0.16749	0.03713	0.02107	0.02083	0.04712	0.00866	0.00703	0.00214	0.00725	0.00705	0.00655	0.01098
8	0.00982	0.00678	0.00946	0.01012	0.01086	0.00709	0.00742	0.01109	0.01188	0.01617	0.02589	0.23490	0.02843	0.13049	0.25952	0.09489	0.00974	0.10532	0.00476	0.00537
9	0.02148	0.02399	0.01909	0.01671	0.02022	0.39052	0.04500	0.08740	0.14861	0.02154	0.01514	0.01697	0.01219	0.01182	0.07336	0.00283	0.05426	0.00573	0.00445	0.00869
10	0.08801	0.01610	0.08974	0.01238	0.01582	0.11048	0.01054	0.11849	0.01677	0.04712	0.06989	0.02639	0.04388	0.13250	0.14459	0.00439	0.00946	0.00718	0.02864	0.00764
11	0.01352	0.01602	0.14711	0.09306	0.04439	0.01097	0.01273	0.01770	0.01484	0.02226	0.09491	0.01912	0.01619	0.00661	0.00594	0.00153	0.00633	0.00551	0.00411	0.44714
12	0.01441	0.03889	0.07938	0.03508	0.09415	0.01127	0.01126	0.05367	0.04765	0.06701	0.13636	0.06584	0.09069	0.05413	0.00855	0.00226	0.00588	0.02896	0.00534	0.14924

[dist]
# distance from previous block
# <min> <max>
6	31

[block]
# block no. 7 follows, 31 sequences, length 14
# corresponding to MSA columns:
# 257-270
name=unknown_H
#
# <colnr> <probs for GDERKNQSTAVLIFYWHMCP>
#	G	D	E	R	K	N	Q	S	T	A	V	L	I	F	Y	W	H	M	C	P
0	0.00979	0.00706	0.00857	0.00916	0.01087	0.00637	0.00703	0.01179	0.01531	0.04764	0.08755	0.25695	0.32039	0.01826	0.00851	0.00260	0.00429	0.15528	0.00649	0.00610
1	0.00952	0.00724	0.00855	0.00878	0.01016	0.00690	0.00619	0.01267	0.07110	0.02054	0.20973	0.26886	0.20199	0.11220	0.01161	0.00297	0.00413	0.01435	0.00641	0.00608
2	0.09786	0.01957	0.14676	0.17679	0.13870	0.04873	0.14044	0.05124	0.01519	0.02220	0.01219	0.01606	0.00945	0.00691	0.00796	0.00223	0.06930	0.00594	0.00346	0.00901
3	0.02182	0.01666	0.01786	0.01470	0.01938	0.01869	0.01182	0.34469	0.35987	0.06509	0.02245	0.02116	0.01638	0.00875	0.00690	0.00219	0.00642	0.00696	0.00697	0.01124
4	0.00929	0.00651	0.00750	0.00788	0.00831	0.00625	0.00482	0.00983	0.01152	0.01502	0.03234	0.21707	0.12978	0.47595	0.02472	0.00509	0.00554	0.01286	0.00499	0.00472
5	0.01491	0.01393	0.04006	0.26722	0.18135	0.03091	0.07083	0.02032	0.07258	0.05414	0.12094	0.02499	0.04173	0.00826	0.00714	0.00219	0.00768	0.00756	0.00451	0.00874
6	0.00838	0.00675	0.00747	0.00770	0.00953	0.00584	0.00562	0.01024	0.01569	0.01967	0.16291	0.19857	0.48243	0.01761	0.00821	0.00238	0.00353	0.01510	0.00654	0.00584
7	0.01233	0.01004	0.01312	0.16592	0.05701	0.02971	0.01044	0.01675	0.08678	0.05290	0.13978	0.20103	0.15038	0.01341	0.00767	0.00235	0.00554	0.01174	0.00576	0.00734
8	0.02011	0.47297	0.03050	0.01444	0.01946	0.17904	0.04354	0.06906	0.01627	0.01842	0.01039	0.01224	0.00907	0.00665	0.00621	0.00170	0.05348	0.00434	0.00336	0.00874
9	0.01194	0.07343	0.10436	0.03162	0.01567	0.01173	0.01064	0.01689	0.10575	0.01829	0.02376	0.02946	0.09464	0.09854	0.28695	0.03602	0.01111	0.00776	0.00426	0.00717
10	0.06172	0.05202	0.15160	0.01854	0.07845	0.16958	0.01568	0.23804	0.05172	0.02776	0.01352	0.01507	0.01033	0.00759	0.00747	0.00207	0.05897	0.00542	0.00459	0.00986
11	0.01159	0.00714	0.00978	0.05948	0.01329	0.00684	0.00757	0.01314	0.01381	0.10747	0.03381	0.57662	0.03818	0.05494	0.00964	0.00285	0.00469	0.01647	0.00629	0.00641
12	0.00963	0.00650	0.00756	0.00787	0.00794	0.00642	0.00458	0.00987	0.01057	0.01409	0.02472	0.18391	0.02886	0.61498	0.02971	0.00588	0.00611	0.01181	0.00458	0.00442
13	0.01507	0.01245	0.06944	0.01291	0.01677	0.01036	0.09646	0.06595	0.03417	0.12383	0.20170	0.05989	0.13052	0.08138	0.01010	0.00259	0.00599	0.00995	0.00608	0.03442

[dist]
# distance from previous block
# <min> <max>
0	27

# created by:
# /home/berkeley/.conda/envs/busco_data_prod/bin/msa2prfl.pl pipeline/OGs_align_augustus/5794/37282.fs
