[name]
unknown

[dist]
# distance from previous block
# <min> <max>
114	523

[block]
# block no. 0 follows, 27 sequences, length 33
# corresponding to MSA columns:
# 688-720
name=unknown_A
#
# <colnr> <probs for GDERKNQSTAVLIFYWHMCP>
#	G	D	E	R	K	N	Q	S	T	A	V	L	I	F	Y	W	H	M	C	P
0	0.01911	0.01552	0.02015	0.05581	0.22355	0.04842	0.01454	0.16584	0.04314	0.05265	0.02174	0.07032	0.05062	0.03679	0.04909	0.04563	0.00839	0.00826	0.04063	0.00981
1	0.02013	0.07947	0.04823	0.14126	0.07579	0.11539	0.01482	0.14203	0.04260	0.06460	0.01908	0.05349	0.03752	0.01238	0.05933	0.00290	0.00957	0.00718	0.00504	0.04919
2	0.05995	0.05385	0.02087	0.10757	0.07235	0.14014	0.01412	0.14881	0.08961	0.16531	0.04169	0.02060	0.01548	0.00851	0.00710	0.00222	0.00847	0.00664	0.00606	0.01065
3	0.02223	0.02164	0.07222	0.02569	0.23989	0.17007	0.01671	0.06574	0.04347	0.11861	0.01661	0.01868	0.01279	0.01009	0.04537	0.00261	0.00982	0.00620	0.00489	0.07668
4	0.01893	0.07835	0.01875	0.06666	0.07550	0.08628	0.01215	0.05424	0.01904	0.13547	0.16169	0.03377	0.12521	0.01139	0.00901	0.00232	0.06704	0.00906	0.00608	0.00908
5	0.02075	0.01570	0.01957	0.01982	0.14102	0.01620	0.01346	0.19448	0.15765	0.08848	0.09183	0.02725	0.02224	0.00954	0.00748	0.00222	0.00680	0.03651	0.00662	0.10238
6	0.02141	0.01911	0.08669	0.09844	0.11362	0.09815	0.01552	0.06539	0.13076	0.16195	0.09269	0.02461	0.02059	0.00903	0.00746	0.00230	0.00808	0.00749	0.00607	0.01062
7	0.08272	0.02337	0.20964	0.07906	0.10843	0.12947	0.01752	0.02196	0.04109	0.02267	0.03999	0.09322	0.01711	0.01326	0.06602	0.00314	0.01017	0.00769	0.00425	0.00922
8	0.09195	0.06542	0.05225	0.03802	0.11430	0.07433	0.08391	0.08443	0.04241	0.11399	0.02202	0.05079	0.06254	0.00917	0.00755	0.00228	0.02585	0.00764	0.04120	0.00995
9	0.07987	0.16872	0.10630	0.02298	0.18033	0.17912	0.01676	0.05638	0.01829	0.08544	0.01392	0.01575	0.01090	0.00722	0.00646	0.00205	0.00946	0.00542	0.00430	0.01034
10	0.24823	0.01943	0.10465	0.01373	0.01926	0.08516	0.01238	0.11663	0.01938	0.11187	0.09477	0.02054	0.01789	0.00841	0.00646	0.00215	0.00733	0.00624	0.00570	0.07979
11	0.33629	0.01590	0.01485	0.01405	0.04638	0.09313	0.01080	0.08255	0.01775	0.11004	0.04898	0.02614	0.01765	0.01218	0.04604	0.00292	0.00786	0.08185	0.00568	0.00897
12	0.01077	0.00723	0.00825	0.00820	0.00835	0.00718	0.00471	0.01106	0.01165	0.01568	0.07912	0.04916	0.03060	0.67848	0.03535	0.00679	0.00689	0.01102	0.00481	0.00471
13	0.02250	0.01818	0.02363	0.04514	0.19127	0.01964	0.04589	0.27047	0.19565	0.05968	0.02024	0.02096	0.01508	0.00848	0.00750	0.00232	0.00792	0.00723	0.00629	0.01193
14	0.02410	0.02228	0.01973	0.01676	0.02148	0.18475	0.01320	0.25810	0.29587	0.03351	0.02139	0.02081	0.01601	0.00909	0.00730	0.00227	0.00847	0.00693	0.00662	0.01131
15	0.54016	0.01454	0.01347	0.01126	0.01625	0.01587	0.00929	0.08499	0.01675	0.19304	0.01555	0.01574	0.01093	0.00763	0.00554	0.00229	0.00610	0.00509	0.00595	0.00956
16	0.01287	0.00886	0.01270	0.16278	0.02039	0.00925	0.01058	0.01521	0.01486	0.07567	0.03105	0.31457	0.03373	0.12895	0.01337	0.00355	0.00651	0.11222	0.00594	0.00695
17	0.02135	0.24444	0.11650	0.02138	0.11114	0.02182	0.10092	0.14397	0.04438	0.08289	0.01549	0.01707	0.01183	0.00731	0.00673	0.00210	0.00886	0.00609	0.00476	0.01098
18	0.01271	0.01540	0.16341	0.01287	0.01682	0.01081	0.01226	0.06986	0.01717	0.02383	0.11381	0.12916	0.13355	0.04761	0.13049	0.00429	0.00875	0.02963	0.03963	0.00795
19	0.07466	0.00721	0.00899	0.01038	0.01121	0.00710	0.00712	0.01146	0.01395	0.02006	0.03717	0.63416	0.04395	0.02371	0.04840	0.00346	0.00530	0.01893	0.00654	0.00623
20	0.11102	0.01708	0.02041	0.01833	0.07500	0.13188	0.12627	0.04746	0.01923	0.08109	0.17642	0.03145	0.09263	0.01026	0.00764	0.00229	0.00792	0.00892	0.00578	0.00893
21	0.02161	0.01975	0.02455	0.06410	0.34442	0.12625	0.01797	0.07397	0.12499	0.08222	0.01770	0.01969	0.01368	0.00775	0.00730	0.00223	0.00886	0.00669	0.00503	0.01123
22	0.01819	0.04521	0.08112	0.40545	0.04022	0.07748	0.06574	0.13325	0.01912	0.02440	0.01389	0.01829	0.01038	0.00755	0.00733	0.00234	0.01010	0.00643	0.00407	0.00944
23	0.01911	0.01945	0.07547	0.11094	0.12689	0.16702	0.01487	0.04661	0.01810	0.07901	0.02391	0.02609	0.09844	0.01134	0.03962	0.00263	0.00917	0.00743	0.09477	0.00915
24	0.01903	0.13254	0.27589	0.01878	0.07265	0.08916	0.01823	0.02507	0.05394	0.07919	0.01500	0.01651	0.01137	0.00707	0.00651	0.00198	0.00904	0.00542	0.00422	0.13840
25	0.01638	0.09173	0.47109	0.11185	0.03307	0.07617	0.05362	0.02334	0.01605	0.02199	0.01298	0.01591	0.00958	0.00706	0.00696	0.00227	0.01086	0.00560	0.00325	0.01026
26	0.44329	0.05124	0.01603	0.01670	0.13485	0.01613	0.01127	0.04989	0.01530	0.02936	0.01975	0.02488	0.07527	0.00914	0.00608	0.00235	0.00642	0.05845	0.00489	0.00872
27	0.01663	0.01802	0.04142	0.01924	0.12662	0.20684	0.01290	0.01924	0.01671	0.02007	0.05343	0.18036	0.02600	0.05906	0.09353	0.00385	0.01004	0.06315	0.00494	0.00796
28	0.01914	0.02044	0.22200	0.01687	0.04687	0.01428	0.01597	0.10787	0.07416	0.15301	0.02375	0.14623	0.02045	0.01485	0.06650	0.00325	0.00880	0.00925	0.00595	0.01036
29	0.01846	0.02185	0.18278	0.05566	0.15705	0.05460	0.01762	0.10674	0.04817	0.05218	0.04759	0.05198	0.01609	0.00834	0.00714	0.00213	0.00836	0.00699	0.00487	0.13140
30	0.06355	0.01342	0.02024	0.01540	0.02089	0.01177	0.14247	0.02367	0.01715	0.21017	0.02163	0.10495	0.01781	0.00900	0.00711	0.00204	0.00693	0.00821	0.03997	0.24361
31	0.01501	0.20215	0.04354	0.01188	0.01565	0.09760	0.01021	0.01842	0.04724	0.02094	0.12173	0.06733	0.21227	0.01526	0.04682	0.00275	0.00734	0.03047	0.00546	0.00793
32	0.01892	0.14686	0.15555	0.01757	0.07097	0.17038	0.01521	0.07590	0.01859	0.02282	0.04974	0.02428	0.08810	0.04261	0.00824	0.00228	0.00900	0.00691	0.00446	0.05161

[dist]
# distance from previous block
# <min> <max>
10	72

[block]
# block no. 1 follows, 27 sequences, length 15
# corresponding to MSA columns:
# 818-832
name=unknown_B
#
# <colnr> <probs for GDERKNQSTAVLIFYWHMCP>
#	G	D	E	R	K	N	Q	S	T	A	V	L	I	F	Y	W	H	M	C	P
0	0.09895	0.07007	0.06304	0.06341	0.17767	0.07606	0.01570	0.15658	0.04936	0.02822	0.01826	0.09108	0.01640	0.00963	0.00717	0.00232	0.00822	0.03266	0.00509	0.01012
1	0.04438	0.12759	0.13276	0.07705	0.08712	0.10120	0.01631	0.04406	0.07839	0.05741	0.03808	0.06895	0.01619	0.00935	0.00841	0.00231	0.06892	0.00717	0.00462	0.00972
2	0.17258	0.11741	0.09936	0.01486	0.02059	0.07492	0.05188	0.10177	0.06386	0.06192	0.04217	0.01837	0.01412	0.00777	0.00628	0.00208	0.00777	0.00590	0.05197	0.06441
3	0.14305	0.01441	0.01702	0.04287	0.11039	0.08166	0.05817	0.01998	0.04569	0.02493	0.10604	0.10058	0.02530	0.05542	0.00910	0.00261	0.00709	0.03397	0.05937	0.04235
4	0.01997	0.12379	0.12512	0.01534	0.02169	0.11774	0.01413	0.13345	0.06998	0.02639	0.01489	0.01650	0.01178	0.00890	0.03158	0.00217	0.00882	0.00538	0.00469	0.22769
5	0.02002	0.13930	0.02018	0.01332	0.01825	0.05714	0.01103	0.09261	0.13152	0.10548	0.04472	0.02467	0.07285	0.01067	0.03052	0.00232	0.02978	0.00705	0.00586	0.16272
6	0.09219	0.01952	0.24416	0.01659	0.08619	0.01218	0.01517	0.01749	0.01595	0.02339	0.07103	0.12205	0.20981	0.01275	0.00771	0.00246	0.00695	0.01068	0.00514	0.00859
7	0.02029	0.20243	0.02111	0.01216	0.01749	0.01482	0.01056	0.02327	0.01749	0.19405	0.07912	0.02835	0.02133	0.00923	0.00664	0.00191	0.00632	0.07893	0.00591	0.22858
8	0.01581	0.20368	0.37171	0.01790	0.05108	0.01838	0.01967	0.02149	0.01542	0.02177	0.01488	0.07418	0.01300	0.00801	0.00652	0.00206	0.00892	0.00632	0.00363	0.10556
9	0.01581	0.11150	0.14430	0.22511	0.19235	0.01764	0.05927	0.02057	0.01552	0.02106	0.03323	0.02114	0.01342	0.06761	0.00963	0.00266	0.00933	0.00675	0.00361	0.00949
10	0.01082	0.00849	0.01219	0.01364	0.06832	0.00905	0.00930	0.01320	0.01327	0.01825	0.03026	0.10632	0.12530	0.08406	0.43282	0.00849	0.01416	0.01052	0.00473	0.00681
11	0.09301	0.01481	0.09843	0.01730	0.05012	0.01200	0.12001	0.01979	0.01649	0.10545	0.06310	0.22075	0.02903	0.01367	0.00831	0.00267	0.00731	0.09315	0.00590	0.00868
12	0.02070	0.08727	0.02057	0.01606	0.05937	0.01650	0.01237	0.09919	0.06485	0.15087	0.01940	0.07774	0.01622	0.00980	0.00981	0.00219	0.12891	0.00735	0.00571	0.17510
13	0.01258	0.00888	0.01077	0.01122	0.01266	0.00892	0.00797	0.12044	0.01776	0.02421	0.03589	0.56505	0.04090	0.01984	0.00883	0.00279	0.00489	0.01770	0.06150	0.00719
14	0.01339	0.00953	0.01086	0.01062	0.01281	0.03230	0.00783	0.01754	0.08515	0.09086	0.20900	0.26684	0.17034	0.01706	0.00867	0.00258	0.00467	0.01489	0.00741	0.00765

[dist]
# distance from previous block
# <min> <max>
2	5

[block]
# block no. 2 follows, 27 sequences, length 16
# corresponding to MSA columns:
# 838-853
name=unknown_C
#
# <colnr> <probs for GDERKNQSTAVLIFYWHMCP>
#	G	D	E	R	K	N	Q	S	T	A	V	L	I	F	Y	W	H	M	C	P
0	0.18042	0.43089	0.03021	0.05906	0.09696	0.05712	0.01344	0.02236	0.01505	0.02166	0.01097	0.01322	0.00950	0.00662	0.00528	0.00188	0.00796	0.00448	0.00357	0.00935
1	0.01074	0.00830	0.00996	0.01017	0.01202	0.00801	0.00757	0.01529	0.09380	0.02424	0.25140	0.23950	0.19944	0.01797	0.00892	0.00266	0.00429	0.06125	0.00737	0.00711
2	0.01794	0.06072	0.12565	0.09746	0.17450	0.01870	0.01768	0.05792	0.29509	0.02705	0.02057	0.02164	0.01569	0.00830	0.00726	0.00235	0.00795	0.00704	0.00532	0.01118
3	0.01772	0.01440	0.07171	0.01403	0.05373	0.01107	0.01135	0.05978	0.01816	0.13380	0.06792	0.06314	0.08978	0.01001	0.00711	0.00194	0.00612	0.03651	0.00594	0.30579
4	0.01826	0.11119	0.44645	0.02050	0.02927	0.16275	0.06459	0.02467	0.01685	0.02178	0.01273	0.01508	0.00957	0.00705	0.00685	0.00219	0.01125	0.00539	0.00332	0.01026
5	0.01058	0.00894	0.01101	0.01080	0.01244	0.00937	0.00845	0.01269	0.01579	0.02047	0.10813	0.13606	0.34863	0.02045	0.05398	0.00333	0.12181	0.07415	0.00623	0.00668
6	0.00909	0.00737	0.00807	0.00824	0.01031	0.00635	0.00605	0.01114	0.01717	0.02144	0.16830	0.16951	0.49325	0.01890	0.00888	0.00256	0.00380	0.01613	0.00710	0.00635
7	0.07505	0.02386	0.17436	0.24702	0.03517	0.12017	0.08772	0.10521	0.01863	0.02497	0.01355	0.01714	0.01010	0.00740	0.00717	0.00232	0.01041	0.00613	0.00401	0.00964
8	0.01115	0.00701	0.00984	0.01043	0.01106	0.00705	0.00745	0.01121	0.01259	0.01691	0.04870	0.21341	0.05031	0.06672	0.12677	0.29535	0.00788	0.07605	0.00498	0.00512
9	0.02158	0.01004	0.01347	0.01122	0.01491	0.00890	0.00890	0.02478	0.02113	0.35435	0.36846	0.04079	0.04495	0.01227	0.00813	0.00232	0.00487	0.01053	0.00867	0.00974
10	0.00902	0.00654	0.00853	0.01013	0.01071	0.00605	0.00680	0.01036	0.01441	0.01903	0.04341	0.68599	0.09576	0.02293	0.00942	0.00298	0.00427	0.02071	0.00689	0.00605
11	0.02551	0.17174	0.05195	0.01771	0.05210	0.06446	0.01472	0.44353	0.02845	0.03714	0.01555	0.01628	0.01164	0.00813	0.00681	0.00208	0.00857	0.00596	0.00600	0.01164
12	0.01125	0.00832	0.01098	0.01230	0.01419	0.00804	0.01056	0.01433	0.01705	0.02174	0.04729	0.08101	0.18658	0.02013	0.00992	0.00322	0.00615	0.50339	0.00685	0.00671
13	0.01590	0.01488	0.02497	0.28479	0.38314	0.01600	0.02019	0.02040	0.01664	0.02298	0.09143	0.02316	0.01780	0.00789	0.00754	0.00232	0.00859	0.00739	0.00406	0.00995
14	0.01411	0.00952	0.01157	0.01140	0.01394	0.00931	0.00895	0.01963	0.12470	0.10148	0.13169	0.17080	0.17907	0.01690	0.00885	0.00274	0.00509	0.14477	0.00742	0.00806
15	0.11037	0.20855	0.13361	0.05773	0.02303	0.05695	0.01485	0.14426	0.01951	0.09796	0.01621	0.05709	0.01315	0.00841	0.00643	0.00214	0.00825	0.00628	0.00502	0.01017

[dist]
# distance from previous block
# <min> <max>
2	13

[block]
# block no. 3 follows, 27 sequences, length 56
# corresponding to MSA columns:
# 877-917,921-935
name=unknown_D
#
# <colnr> <probs for GDERKNQSTAVLIFYWHMCP>
#	G	D	E	R	K	N	Q	S	T	A	V	L	I	F	Y	W	H	M	C	P
0	0.01982	0.08840	0.18680	0.01866	0.02479	0.13698	0.11443	0.04851	0.04253	0.09285	0.01673	0.02031	0.01321	0.04778	0.09231	0.00360	0.01145	0.00663	0.00448	0.00973
1	0.04899	0.01823	0.02362	0.02563	0.21942	0.13076	0.09448	0.02281	0.01648	0.09205	0.01706	0.04880	0.01521	0.11068	0.01328	0.00303	0.07788	0.00767	0.00452	0.00940
2	0.00933	0.00739	0.00840	0.00847	0.01045	0.00645	0.00623	0.01162	0.01776	0.02281	0.25437	0.16126	0.41245	0.01835	0.00887	0.00253	0.00376	0.01577	0.00728	0.00645
3	0.02027	0.01772	0.02004	0.08320	0.14093	0.09162	0.01465	0.18463	0.15163	0.02991	0.02140	0.05873	0.01797	0.00986	0.00747	0.00234	0.00794	0.04729	0.06201	0.01039
4	0.01438	0.03068	0.49989	0.04894	0.10428	0.01569	0.02353	0.02142	0.01596	0.02293	0.02222	0.02410	0.10681	0.00869	0.00735	0.00236	0.00966	0.00711	0.00374	0.01028
5	0.02283	0.16384	0.05642	0.01849	0.09160	0.09353	0.01434	0.21828	0.07756	0.07887	0.07649	0.02083	0.01779	0.00861	0.00693	0.00211	0.00814	0.00668	0.00581	0.01085
6	0.01891	0.61000	0.16425	0.01430	0.02153	0.02708	0.01549	0.02247	0.01520	0.01861	0.01089	0.01262	0.00950	0.00648	0.00520	0.00173	0.00851	0.00426	0.00317	0.00980
7	0.00908	0.00753	0.00795	0.00784	0.01022	0.00640	0.00588	0.01125	0.01765	0.02177	0.18378	0.06862	0.58014	0.01816	0.00877	0.00248	0.00371	0.01527	0.00712	0.00640
8	0.01972	0.00974	0.01219	0.01034	0.01409	0.00842	0.00819	0.02235	0.01961	0.31478	0.17769	0.04831	0.27626	0.01393	0.00821	0.00238	0.00481	0.01168	0.00814	0.00916
9	0.79154	0.01436	0.01091	0.00976	0.01436	0.01665	0.00804	0.02182	0.01263	0.03331	0.01034	0.01206	0.00804	0.00689	0.00459	0.00230	0.00574	0.00402	0.00459	0.00804
10	0.00904	0.00646	0.00861	0.01034	0.01077	0.00603	0.00689	0.01034	0.01421	0.01895	0.04092	0.73426	0.04910	0.02326	0.00948	0.00301	0.00431	0.02110	0.00689	0.00603
11	0.04664	0.16201	0.12471	0.01677	0.04357	0.04333	0.03882	0.02172	0.01494	0.10409	0.01568	0.01947	0.01289	0.01966	0.17756	0.00460	0.11380	0.00625	0.00423	0.00924
12	0.02001	0.34773	0.13504	0.11700	0.02725	0.09333	0.04718	0.06758	0.01745	0.04607	0.01275	0.01505	0.01018	0.00702	0.00616	0.00198	0.00941	0.00520	0.00379	0.00982
13	0.00974	0.00746	0.00893	0.00876	0.01067	0.00665	0.00650	0.01246	0.01891	0.02526	0.40698	0.12158	0.29476	0.01722	0.00883	0.00246	0.00367	0.01493	0.00759	0.00665
14	0.01837	0.01764	0.03013	0.04557	0.69279	0.01764	0.02278	0.02278	0.01690	0.02425	0.01396	0.01837	0.01176	0.00661	0.00735	0.00220	0.00882	0.00661	0.00367	0.01176
15	0.01799	0.01724	0.02943	0.10557	0.63581	0.01754	0.02259	0.02244	0.01672	0.02378	0.01390	0.01850	0.01159	0.00669	0.00736	0.00223	0.00891	0.00661	0.00364	0.01145
16	0.01169	0.00910	0.01098	0.01139	0.01352	0.00909	0.00903	0.01739	0.12747	0.02388	0.14447	0.16021	0.19051	0.01797	0.00913	0.00284	0.00512	0.21160	0.00718	0.00744
17	0.00904	0.00701	0.00824	0.00903	0.01047	0.00621	0.00635	0.01076	0.01592	0.02027	0.10606	0.39241	0.33034	0.02069	0.00911	0.00274	0.00401	0.01814	0.00699	0.00621
18	0.01616	0.01508	0.02341	0.15500	0.37976	0.01583	0.01823	0.02265	0.11111	0.02365	0.02542	0.02799	0.11564	0.00910	0.00761	0.00234	0.00782	0.00824	0.00465	0.01030
19	0.01825	0.56715	0.03222	0.01219	0.01760	0.05711	0.01155	0.02069	0.01615	0.01903	0.08766	0.02186	0.07632	0.00845	0.00563	0.00176	0.00736	0.00604	0.00406	0.00893
20	0.01837	0.01764	0.03013	0.04557	0.69279	0.01764	0.02278	0.02278	0.01690	0.02425	0.01396	0.01837	0.01176	0.00661	0.00735	0.00220	0.00882	0.00661	0.00367	0.01176
21	0.00913	0.00753	0.00802	0.00789	0.01025	0.00642	0.00592	0.01134	0.01776	0.02205	0.20154	0.06815	0.56220	0.01805	0.00877	0.00247	0.00371	0.01521	0.00716	0.00642
22	0.01079	0.00780	0.00917	0.00869	0.01098	0.00685	0.00657	0.01353	0.01916	0.05692	0.37762	0.06132	0.35045	0.01655	0.00870	0.00241	0.00375	0.01417	0.00764	0.00693
23	0.02486	0.03099	0.02516	0.02122	0.02566	0.53739	0.14464	0.02768	0.01990	0.01925	0.01259	0.01547	0.01033	0.00967	0.04080	0.00251	0.01352	0.00573	0.00382	0.00879
24	0.01597	0.01245	0.01483	0.01094	0.01687	0.00960	0.00871	0.01927	0.01649	0.06966	0.09899	0.02107	0.01889	0.00696	0.00604	0.00133	0.00530	0.00573	0.00519	0.63571
25	0.00877	0.00752	0.00752	0.00752	0.01003	0.00627	0.00564	0.01065	0.01692	0.02005	0.07520	0.07144	0.68978	0.01880	0.00877	0.00251	0.00376	0.01567	0.00689	0.00627
26	0.01120	0.00961	0.01630	0.07742	0.01965	0.00940	0.12506	0.01385	0.01506	0.02004	0.03376	0.49728	0.03846	0.01864	0.00922	0.00291	0.00644	0.06271	0.00601	0.00699
27	0.01371	0.01249	0.02071	0.61413	0.04572	0.01529	0.01931	0.01842	0.01518	0.01946	0.01715	0.02947	0.01487	0.00940	0.00785	0.00262	0.00943	0.10292	0.00383	0.00803
28	0.01539	0.01319	0.01539	0.01100	0.01759	0.00990	0.00880	0.01869	0.01539	0.02419	0.01319	0.01539	0.01100	0.00550	0.00550	0.00110	0.00550	0.00440	0.00440	0.78449
29	0.01978	0.44369	0.19237	0.01576	0.02276	0.07846	0.01654	0.07072	0.01702	0.02113	0.01166	0.01350	0.00974	0.00703	0.00632	0.00190	0.03344	0.00468	0.00353	0.00998
30	0.00904	0.00646	0.00861	0.01034	0.01077	0.00603	0.00689	0.01034	0.01421	0.01895	0.04092	0.73426	0.04910	0.02326	0.00948	0.00301	0.00431	0.02110	0.00689	0.00603
31	0.01520	0.01451	0.01993	0.01730	0.01730	0.01976	0.01399	0.01651	0.01126	0.01720	0.01236	0.02245	0.01305	0.15229	0.02694	0.00401	0.58772	0.00732	0.00349	0.00743
32	0.01394	0.01130	0.01280	0.01274	0.04656	0.01187	0.00917	0.02403	0.27957	0.02767	0.20076	0.04380	0.18183	0.01298	0.00790	0.00239	0.00475	0.01103	0.07600	0.00894
33	0.79154	0.01436	0.01091	0.00976	0.01436	0.01665	0.00804	0.02182	0.01263	0.03331	0.01034	0.01206	0.00804	0.00689	0.00459	0.00230	0.00574	0.00402	0.00459	0.00804
34	0.00904	0.00646	0.00861	0.01034	0.01077	0.00603	0.00689	0.01034	0.01421	0.01895	0.04092	0.73426	0.04910	0.02326	0.00948	0.00301	0.00431	0.02110	0.00689	0.00603
35	0.01560	0.01574	0.01609	0.01497	0.01582	0.14730	0.01131	0.01689	0.01384	0.01756	0.02056	0.20496	0.02295	0.14915	0.01966	0.00366	0.27170	0.01069	0.00452	0.00701
36	0.01769	0.01619	0.02653	0.39589	0.14154	0.01815	0.11189	0.13507	0.01909	0.02538	0.01439	0.01926	0.01086	0.00740	0.00760	0.00239	0.00980	0.00692	0.00415	0.00981
37	0.03331	0.01263	0.01723	0.01321	0.01895	0.01091	0.01091	0.03618	0.02125	0.69794	0.02929	0.02527	0.01838	0.00919	0.00747	0.00230	0.00632	0.00747	0.00919	0.01263
38	0.02042	0.01304	0.01591	0.01162	0.01797	0.01018	0.00939	0.02360	0.01704	0.21327	0.01771	0.01816	0.01307	0.00653	0.00605	0.00144	0.00573	0.00526	0.00574	0.56787
39	0.01698	0.01622	0.02762	0.26156	0.48768	0.01727	0.02209	0.02156	0.01625	0.02256	0.01372	0.01883	0.01116	0.00687	0.00737	0.00229	0.00916	0.00661	0.00355	0.01064
40	0.79154	0.01436	0.01091	0.00976	0.01436	0.01665	0.00804	0.02182	0.01263	0.03331	0.01034	0.01206	0.00804	0.00689	0.00459	0.00230	0.00574	0.00402	0.00459	0.00804
41	0.00915	0.00749	0.00807	0.00803	0.01028	0.00641	0.00598	0.01134	0.01765	0.02203	0.20160	0.09905	0.53062	0.01825	0.00880	0.00249	0.00373	0.01545	0.00716	0.00641
42	0.00904	0.00646	0.00861	0.01034	0.01077	0.00603	0.00689	0.01034	0.01421	0.01895	0.04092	0.73426	0.04910	0.02326	0.00948	0.00301	0.00431	0.02110	0.00689	0.00603
43	0.00913	0.00650	0.00859	0.01023	0.01064	0.00609	0.00678	0.01036	0.01405	0.01873	0.04008	0.70139	0.04804	0.05757	0.01083	0.00322	0.00445	0.02061	0.00678	0.00596
44	0.01080	0.00720	0.00810	0.00810	0.00810	0.00720	0.00450	0.01080	0.01080	0.01439	0.02339	0.04858	0.02699	0.73910	0.03779	0.00720	0.00720	0.01080	0.00450	0.00450
45	0.79154	0.01436	0.01091	0.00976	0.01436	0.01665	0.00804	0.02182	0.01263	0.03331	0.01034	0.01206	0.00804	0.00689	0.00459	0.00230	0.00574	0.00402	0.00459	0.00804
46	0.01539	0.01319	0.01539	0.01100	0.01759	0.00990	0.00880	0.01869	0.01539	0.02419	0.01319	0.01539	0.01100	0.00550	0.00550	0.00110	0.00550	0.00440	0.00440	0.78449
47	0.01539	0.01319	0.01539	0.01100	0.01759	0.00990	0.00880	0.01869	0.01539	0.02419	0.01319	0.01539	0.01100	0.00550	0.00550	0.00110	0.00550	0.00440	0.00440	0.78449
48	0.79154	0.01436	0.01091	0.00976	0.01436	0.01665	0.00804	0.02182	0.01263	0.03331	0.01034	0.01206	0.00804	0.00689	0.00459	0.00230	0.00574	0.00402	0.00459	0.00804
49	0.01846	0.01595	0.01679	0.01511	0.01930	0.01846	0.01175	0.03945	0.67938	0.03105	0.03022	0.02770	0.02266	0.01007	0.00755	0.00252	0.00588	0.00839	0.00755	0.01175
50	0.79154	0.01436	0.01091	0.00976	0.01436	0.01665	0.00804	0.02182	0.01263	0.03331	0.01034	0.01206	0.00804	0.00689	0.00459	0.00230	0.00574	0.00402	0.00459	0.00804
51	0.01837	0.01764	0.03013	0.04557	0.69279	0.01764	0.02278	0.02278	0.01690	0.02425	0.01396	0.01837	0.01176	0.00661	0.00735	0.00220	0.00882	0.00661	0.00367	0.01176
52	0.01846	0.01595	0.01679	0.01511	0.01930	0.01846	0.01175	0.03945	0.67938	0.03105	0.03022	0.02770	0.02266	0.01007	0.00755	0.00252	0.00588	0.00839	0.00755	0.01175
53	0.01607	0.01322	0.01501	0.01458	0.01786	0.01481	0.01183	0.03057	0.43516	0.02780	0.03357	0.04836	0.03006	0.01392	0.00855	0.00285	0.00623	0.24235	0.00729	0.00994
54	0.00894	0.00686	0.00820	0.00927	0.01049	0.00612	0.00642	0.01046	0.01523	0.01937	0.05385	0.48427	0.29074	0.02158	0.00921	0.00282	0.00410	0.01905	0.00689	0.00612
55	0.03261	0.01279	0.01721	0.01330	0.01897	0.01126	0.01095	0.03633	0.05197	0.66681	0.02933	0.02538	0.01858	0.00923	0.00747	0.00231	0.00630	0.00751	0.00911	0.01259

[dist]
# distance from previous block
# <min> <max>
0	20

[block]
# block no. 4 follows, 27 sequences, length 63
# corresponding to MSA columns:
# 956-1018
name=unknown_E
#
# <colnr> <probs for GDERKNQSTAVLIFYWHMCP>
#	G	D	E	R	K	N	Q	S	T	A	V	L	I	F	Y	W	H	M	C	P
0	0.02818	0.02188	0.02219	0.01723	0.02302	0.07389	0.01413	0.62072	0.03388	0.04466	0.01735	0.01749	0.01240	0.00882	0.00737	0.00220	0.00856	0.00654	0.00716	0.01233
1	0.01837	0.01764	0.03013	0.04557	0.69279	0.01764	0.02278	0.02278	0.01690	0.02425	0.01396	0.01837	0.01176	0.00661	0.00735	0.00220	0.00882	0.00661	0.00367	0.01176
2	0.01073	0.00746	0.00944	0.00944	0.00991	0.00793	0.00617	0.01166	0.01119	0.01539	0.02216	0.04178	0.02403	0.49957	0.27328	0.00886	0.01164	0.00980	0.00432	0.00524
3	0.01289	0.01179	0.01613	0.01460	0.01554	0.01503	0.01182	0.01490	0.01269	0.01811	0.02649	0.03177	0.15274	0.02788	0.24103	0.00588	0.35036	0.00885	0.00423	0.00726
4	0.79154	0.01436	0.01091	0.00976	0.01436	0.01665	0.00804	0.02182	0.01263	0.03331	0.01034	0.01206	0.00804	0.00689	0.00459	0.00230	0.00574	0.00402	0.00459	0.00804
5	0.01489	0.03840	0.70064	0.02116	0.03213	0.01724	0.02743	0.02351	0.01567	0.02351	0.01332	0.01567	0.00940	0.00705	0.00705	0.00235	0.01097	0.00549	0.00313	0.01097
6	0.02085	0.01713	0.01813	0.01559	0.02021	0.01958	0.01233	0.19341	0.52153	0.03491	0.02718	0.02528	0.02020	0.00979	0.00752	0.00245	0.00644	0.00797	0.00752	0.01196
7	0.01489	0.03840	0.70064	0.02116	0.03213	0.01724	0.02743	0.02351	0.01567	0.02351	0.01332	0.01567	0.00940	0.00705	0.00705	0.00235	0.01097	0.00549	0.00313	0.01097
8	0.02487	0.02220	0.02298	0.02308	0.16059	0.14682	0.01564	0.33902	0.10996	0.03492	0.01743	0.01837	0.01315	0.00835	0.00729	0.00220	0.00897	0.00654	0.00601	0.01160
9	0.00881	0.00739	0.00766	0.00788	0.01012	0.00624	0.00580	0.01061	0.01658	0.01992	0.07088	0.15506	0.60896	0.01936	0.00886	0.00257	0.00383	0.01635	0.00689	0.00624
10	0.00994	0.00814	0.00884	0.00856	0.01098	0.00734	0.00645	0.01363	0.06524	0.02352	0.24168	0.06391	0.47090	0.01718	0.00868	0.00246	0.00384	0.01453	0.00729	0.00686
11	0.01812	0.01701	0.02688	0.08209	0.51333	0.01774	0.02037	0.02598	0.15332	0.02532	0.01726	0.02039	0.01389	0.00738	0.00740	0.00229	0.00828	0.00698	0.00445	0.01153
12	0.02768	0.01352	0.01654	0.01332	0.01833	0.01325	0.01079	0.09780	0.15736	0.42454	0.02780	0.02528	0.01875	0.00928	0.00724	0.00228	0.00611	0.00752	0.09078	0.01184
13	0.00904	0.00646	0.00861	0.01034	0.01077	0.00603	0.00689	0.01034	0.01421	0.01895	0.04092	0.73426	0.04910	0.02326	0.00948	0.00301	0.00431	0.02110	0.00689	0.00603
14	0.01080	0.00720	0.00810	0.00810	0.00810	0.00720	0.00450	0.01080	0.01080	0.01439	0.02339	0.04858	0.02699	0.73910	0.03779	0.00720	0.00720	0.01080	0.00450	0.00450
15	0.01624	0.01486	0.02472	0.10731	0.45963	0.01519	0.01970	0.02038	0.01663	0.02308	0.02018	0.05924	0.01943	0.01022	0.00804	0.00252	0.00835	0.13971	0.00442	0.01015
16	0.01094	0.00744	0.00895	0.00857	0.01043	0.00688	0.00643	0.01420	0.01929	0.02792	0.46221	0.05206	0.15009	0.01436	0.00802	0.00224	0.00353	0.01241	0.16713	0.00688
17	0.03257	0.01382	0.01796	0.01377	0.01954	0.01267	0.01137	0.12779	0.02323	0.60353	0.02763	0.02419	0.01754	0.00915	0.00746	0.00229	0.00659	0.00735	0.00893	0.01263
18	0.01510	0.06143	0.50433	0.01889	0.02725	0.01634	0.02257	0.02174	0.01537	0.04825	0.01737	0.11508	0.01526	0.00975	0.00849	0.00247	0.05861	0.00772	0.00390	0.01010
19	0.01589	0.01062	0.03869	0.01454	0.08351	0.00951	0.01003	0.01858	0.01661	0.15520	0.18166	0.11102	0.03435	0.14677	0.11510	0.00463	0.00799	0.01081	0.00633	0.00815
20	0.02059	0.46589	0.05468	0.01396	0.01963	0.06846	0.01298	0.13960	0.01902	0.02324	0.01503	0.08775	0.01417	0.00867	0.00594	0.00190	0.00806	0.00634	0.00438	0.00972
21	0.02825	0.02144	0.02189	0.01730	0.02264	0.13910	0.03872	0.37672	0.02806	0.17208	0.01860	0.01859	0.01309	0.00882	0.00808	0.00224	0.03933	0.00659	0.00684	0.01164
22	0.01539	0.01319	0.01539	0.01100	0.01759	0.00990	0.00880	0.01869	0.01539	0.02419	0.01319	0.01539	0.01100	0.00550	0.00550	0.00110	0.00550	0.00440	0.00440	0.78449
23	0.02875	0.01995	0.02176	0.01668	0.02260	0.02177	0.01378	0.60284	0.03349	0.11398	0.01901	0.01859	0.01322	0.00894	0.00743	0.00224	0.00798	0.00676	0.00761	0.01263
24	0.00896	0.00721	0.00800	0.00847	0.01031	0.00624	0.00610	0.01077	0.01638	0.02034	0.10396	0.26602	0.46146	0.01989	0.00898	0.00265	0.00391	0.01713	0.00697	0.00624
25	0.00909	0.00713	0.00823	0.00880	0.01044	0.00627	0.00628	0.01096	0.01643	0.02087	0.13984	0.31642	0.37285	0.02000	0.00903	0.00267	0.00393	0.01741	0.00705	0.00627
26	0.01080	0.00720	0.00810	0.00810	0.00810	0.00720	0.00450	0.01080	0.01080	0.01439	0.02339	0.04858	0.02699	0.73910	0.03779	0.00720	0.00720	0.01080	0.00450	0.00450
27	0.00953	0.00743	0.00793	0.00787	0.00958	0.00661	0.00545	0.01104	0.01558	0.01943	0.12365	0.06323	0.43552	0.22526	0.01710	0.00384	0.00472	0.01404	0.00634	0.00584
28	0.01985	0.74357	0.03890	0.01270	0.01905	0.02937	0.01270	0.02223	0.01508	0.01747	0.01032	0.01191	0.00953	0.00635	0.00476	0.00159	0.00794	0.00397	0.00318	0.00953
29	0.01489	0.03840	0.70064	0.02116	0.03213	0.01724	0.02743	0.02351	0.01567	0.02351	0.01332	0.01567	0.00940	0.00705	0.00705	0.00235	0.01097	0.00549	0.00313	0.01097
30	0.00944	0.00755	0.00844	0.00821	0.01043	0.00655	0.00616	0.01193	0.01848	0.02376	0.30944	0.06534	0.45323	0.01742	0.00877	0.00244	0.00366	0.01481	0.00738	0.00655
31	0.01985	0.74357	0.03890	0.01270	0.01905	0.02937	0.01270	0.02223	0.01508	0.01747	0.01032	0.01191	0.00953	0.00635	0.00476	0.00159	0.00794	0.00397	0.00318	0.00953
32	0.03036	0.01735	0.02015	0.01545	0.02131	0.01792	0.01276	0.40169	0.02915	0.32127	0.02266	0.02096	0.01505	0.00903	0.00744	0.00226	0.00739	0.00701	0.00817	0.01263
33	0.00942	0.00729	0.00858	0.00880	0.01056	0.00646	0.00639	0.01169	0.01763	0.02302	0.27108	0.22541	0.32968	0.01867	0.00894	0.00257	0.00381	0.01623	0.00732	0.00646
34	0.00936	0.00660	0.00852	0.00993	0.01028	0.00624	0.00645	0.01042	0.01359	0.01812	0.03771	0.60888	0.04506	0.15415	0.01465	0.00378	0.00484	0.01922	0.00645	0.00575
35	0.57152	0.01570	0.01387	0.01163	0.01660	0.01772	0.00959	0.16834	0.01820	0.07845	0.01322	0.01420	0.00973	0.00749	0.00541	0.00228	0.00633	0.00484	0.00552	0.00936
36	0.01705	0.01576	0.02639	0.03899	0.55317	0.01576	0.02055	0.02126	0.01694	0.02383	0.01919	0.03185	0.01814	0.00948	0.00795	0.00245	0.00841	0.13774	0.00433	0.01074
37	0.01402	0.01319	0.02227	0.72126	0.05113	0.01649	0.02062	0.01897	0.01484	0.01897	0.01319	0.01979	0.00990	0.00742	0.00742	0.00247	0.00990	0.00660	0.00330	0.00825
38	0.01864	0.01665	0.02489	0.21743	0.32360	0.01823	0.01930	0.11698	0.11879	0.02710	0.01676	0.02008	0.01303	0.00768	0.00741	0.00233	0.00857	0.00689	0.00470	0.01094
39	0.08450	0.14262	0.13593	0.02092	0.13602	0.04577	0.01666	0.18167	0.06618	0.07744	0.01601	0.01715	0.01205	0.00768	0.00666	0.00216	0.00841	0.00591	0.00515	0.01111
40	0.02134	0.17213	0.02805	0.02831	0.29789	0.21657	0.01723	0.02625	0.08242	0.02179	0.01409	0.01654	0.01174	0.00719	0.00665	0.00203	0.00965	0.00572	0.00399	0.01040
41	0.01661	0.28307	0.47104	0.01822	0.02759	0.02145	0.02232	0.02307	0.01547	0.02141	0.01228	0.01437	0.00945	0.00681	0.00626	0.00209	0.00992	0.00496	0.00315	0.01047
42	0.01958	0.51696	0.14572	0.01401	0.02111	0.02451	0.01472	0.02311	0.01563	0.06555	0.01235	0.01373	0.01023	0.00659	0.00539	0.00172	0.00814	0.00450	0.00368	0.07278
43	0.01985	0.74357	0.03890	0.01270	0.01905	0.02937	0.01270	0.02223	0.01508	0.01747	0.01032	0.01191	0.00953	0.00635	0.00476	0.00159	0.00794	0.00397	0.00318	0.00953
44	0.02143	0.01805	0.01701	0.01507	0.01890	0.14233	0.01165	0.13750	0.24055	0.09749	0.02554	0.12883	0.02182	0.01420	0.05213	0.00301	0.00834	0.00922	0.00669	0.01024
45	0.05239	0.02066	0.02066	0.01658	0.02195	0.07305	0.01343	0.46867	0.16594	0.04095	0.01965	0.01933	0.01431	0.00899	0.00730	0.00227	0.00800	0.00680	0.00709	0.01199
46	0.00901	0.00753	0.00785	0.00777	0.01017	0.00637	0.00583	0.01112	0.01749	0.02140	0.15988	0.06924	0.60427	0.01830	0.00877	0.00248	0.00372	0.01536	0.00707	0.00637
47	0.01402	0.01319	0.02227	0.72126	0.05113	0.01649	0.02062	0.01897	0.01484	0.01897	0.01319	0.01979	0.00990	0.00742	0.00742	0.00247	0.00990	0.00660	0.00330	0.00825
48	0.01075	0.00803	0.01035	0.01158	0.01338	0.00763	0.00964	0.01351	0.01673	0.02126	0.04956	0.15071	0.22504	0.02033	0.00975	0.00312	0.00570	0.39948	0.00686	0.00659
49	0.01837	0.01764	0.03013	0.04557	0.69279	0.01764	0.02278	0.02278	0.01690	0.02425	0.01396	0.01837	0.01176	0.00661	0.00735	0.00220	0.00882	0.00661	0.00367	0.01176
50	0.02714	0.03415	0.02077	0.01887	0.02272	0.66553	0.01418	0.03026	0.06274	0.01899	0.01266	0.01429	0.01039	0.00780	0.00675	0.00195	0.01291	0.00501	0.00406	0.00881
51	0.01752	0.02003	0.04380	0.03129	0.03880	0.01877	0.66583	0.02378	0.01752	0.02378	0.01502	0.02003	0.01126	0.00626	0.00876	0.00250	0.01252	0.00876	0.00375	0.01001
52	0.00960	0.00669	0.00845	0.00963	0.00992	0.00640	0.00613	0.01048	0.01313	0.01751	0.03536	0.51691	0.04209	0.25017	0.01845	0.00434	0.00522	0.01784	0.00613	0.00554
53	0.00904	0.00646	0.00861	0.01034	0.01077	0.00603	0.00689	0.01034	0.01421	0.01895	0.04092	0.73426	0.04910	0.02326	0.00948	0.00301	0.00431	0.02110	0.00689	0.00603
54	0.01762	0.01960	0.04102	0.02962	0.03679	0.01874	0.59834	0.02540	0.08582	0.02453	0.01659	0.02082	0.01244	0.00665	0.00864	0.00250	0.01183	0.00872	0.00415	0.01019
55	0.01166	0.00833	0.01162	0.01333	0.01490	0.00829	0.01144	0.01486	0.01679	0.02188	0.03947	0.15086	0.04338	0.02079	0.01017	0.00338	0.00657	0.57867	0.00684	0.00675
56	0.01072	0.00815	0.01023	0.01128	0.01330	0.00766	0.00950	0.01354	0.01702	0.02138	0.05327	0.07896	0.29440	0.01984	0.00968	0.00306	0.00564	0.39889	0.00686	0.00661
57	0.01985	0.74357	0.03890	0.01270	0.01905	0.02937	0.01270	0.02223	0.01508	0.01747	0.01032	0.01191	0.00953	0.00635	0.00476	0.00159	0.00794	0.00397	0.00318	0.00953
58	0.79154	0.01436	0.01091	0.00976	0.01436	0.01665	0.00804	0.02182	0.01263	0.03331	0.01034	0.01206	0.00804	0.00689	0.00459	0.00230	0.00574	0.00402	0.00459	0.00804
59	0.00958	0.00725	0.00859	0.00883	0.01034	0.00653	0.00625	0.01163	0.01689	0.02220	0.25113	0.22568	0.27375	0.09309	0.01193	0.00306	0.00417	0.01580	0.00704	0.00625
60	0.02281	0.09972	0.02719	0.02023	0.02471	0.27995	0.13339	0.10720	0.06179	0.02350	0.01373	0.01634	0.01111	0.00837	0.00966	0.00226	0.11794	0.00615	0.00435	0.00959
61	0.02457	0.01963	0.01933	0.01574	0.02066	0.08501	0.01266	0.40615	0.16429	0.03873	0.02049	0.02053	0.01511	0.00900	0.00714	0.00220	0.00767	0.00688	0.09279	0.01143
62	0.20941	0.14784	0.02243	0.02136	0.21914	0.01773	0.01352	0.05054	0.01657	0.09613	0.01545	0.01751	0.01208	0.00725	0.00594	0.00207	0.00694	0.00562	0.10251	0.00996

[dist]
# distance from previous block
# <min> <max>
1	11

[block]
# block no. 5 follows, 27 sequences, length 49
# corresponding to MSA columns:
# 1030-1078
name=unknown_F
#
# <colnr> <probs for GDERKNQSTAVLIFYWHMCP>
#	G	D	E	R	K	N	Q	S	T	A	V	L	I	F	Y	W	H	M	C	P
0	0.14141	0.01696	0.02133	0.10269	0.25690	0.07265	0.01586	0.09473	0.01898	0.08785	0.05734	0.02211	0.04335	0.00834	0.00703	0.00226	0.00801	0.00692	0.00510	0.01019
1	0.01121	0.00889	0.01025	0.00979	0.01218	0.00859	0.00748	0.01685	0.12094	0.02636	0.35204	0.05778	0.27173	0.01584	0.00864	0.00247	0.00410	0.03980	0.00759	0.00748
2	0.00997	0.00742	0.00928	0.00913	0.01084	0.00673	0.00673	0.01286	0.01929	0.02641	0.48183	0.15266	0.18547	0.01699	0.00886	0.00246	0.00366	0.01492	0.00775	0.00673
3	0.01005	0.00757	0.00929	0.00886	0.01081	0.00681	0.00664	0.01312	0.01993	0.02719	0.52618	0.05969	0.23435	0.01614	0.00876	0.00238	0.00357	0.01402	0.00783	0.00681
4	0.01003	0.00757	0.00927	0.00884	0.01080	0.00680	0.00663	0.01310	0.01990	0.02712	0.52167	0.05981	0.23891	0.01616	0.00876	0.00238	0.00357	0.01404	0.00782	0.00680
5	0.01037	0.00774	0.00879	0.00842	0.01077	0.00672	0.00635	0.01290	0.01862	0.04993	0.30267	0.06368	0.43228	0.01707	0.00872	0.00243	0.00376	0.01451	0.00746	0.00679
6	0.58836	0.01390	0.01260	0.01069	0.01559	0.01511	0.00881	0.02567	0.01494	0.21141	0.01542	0.01560	0.01081	0.00751	0.00536	0.00230	0.00590	0.00494	0.00583	0.00927
7	0.03331	0.01263	0.01723	0.01321	0.01895	0.01091	0.01091	0.03618	0.02125	0.69794	0.02929	0.02527	0.01838	0.00919	0.00747	0.00230	0.00632	0.00747	0.00919	0.01263
8	0.01846	0.01595	0.01679	0.01511	0.01930	0.01846	0.01175	0.03945	0.67938	0.03105	0.03022	0.02770	0.02266	0.01007	0.00755	0.00252	0.00588	0.00839	0.00755	0.01175
9	0.02773	0.03538	0.02104	0.01913	0.02295	0.70930	0.01434	0.02964	0.02104	0.01817	0.01148	0.01339	0.00956	0.00765	0.00669	0.00191	0.01339	0.00478	0.00383	0.00861
10	0.01402	0.01319	0.02227	0.72126	0.05113	0.01649	0.02062	0.01897	0.01484	0.01897	0.01319	0.01979	0.00990	0.00742	0.00742	0.00247	0.00990	0.00660	0.00330	0.00825
11	0.01539	0.01319	0.01539	0.01100	0.01759	0.00990	0.00880	0.01869	0.01539	0.02419	0.01319	0.01539	0.01100	0.00550	0.00550	0.00110	0.00550	0.00440	0.00440	0.78449
12	0.01770	0.46531	0.08018	0.01451	0.01949	0.02421	0.01420	0.02058	0.01487	0.01871	0.01499	0.02411	0.01475	0.00964	0.00881	0.00219	0.11841	0.10460	0.00376	0.00899
13	0.01296	0.01062	0.01230	0.01350	0.01544	0.06546	0.01150	0.01615	0.01755	0.02202	0.06498	0.07601	0.08801	0.01913	0.00980	0.00319	0.00702	0.52077	0.00665	0.00695
14	0.00921	0.00682	0.00865	0.01004	0.01096	0.00626	0.00702	0.01077	0.01494	0.01940	0.04735	0.56016	0.17096	0.02221	0.00940	0.00295	0.00439	0.06551	0.00689	0.00613
15	0.01985	0.74357	0.03890	0.01270	0.01905	0.02937	0.01270	0.02223	0.01508	0.01747	0.01032	0.01191	0.00953	0.00635	0.00476	0.00159	0.00794	0.00397	0.00318	0.00953
16	0.02004	0.47704	0.18209	0.01524	0.02254	0.02572	0.01616	0.12189	0.01826	0.02331	0.01214	0.01365	0.00998	0.00690	0.00568	0.00185	0.00864	0.00472	0.00382	0.01032
17	0.03331	0.01263	0.01723	0.01321	0.01895	0.01091	0.01091	0.03618	0.02125	0.69794	0.02929	0.02527	0.01838	0.00919	0.00747	0.00230	0.00632	0.00747	0.00919	0.01263
18	0.08830	0.01276	0.01677	0.01296	0.01862	0.01133	0.01070	0.03514	0.02062	0.64974	0.02791	0.02431	0.01763	0.00902	0.00726	0.00230	0.00628	0.00722	0.00886	0.01230
19	0.00901	0.00661	0.00846	0.00995	0.01066	0.00606	0.00672	0.01038	0.01459	0.01910	0.04567	0.64232	0.13797	0.02264	0.00938	0.00294	0.00423	0.02035	0.00689	0.00606
20	0.01402	0.01319	0.02227	0.72126	0.05113	0.01649	0.02062	0.01897	0.01484	0.01897	0.01319	0.01979	0.00990	0.00742	0.00742	0.00247	0.00990	0.00660	0.00330	0.00825
21	0.01402	0.01319	0.02227	0.72126	0.05113	0.01649	0.02062	0.01897	0.01484	0.01897	0.01319	0.01979	0.00990	0.00742	0.00742	0.00247	0.00990	0.00660	0.00330	0.00825
22	0.01012	0.00691	0.00830	0.00896	0.00913	0.00675	0.00542	0.01062	0.01212	0.01616	0.03018	0.31409	0.03555	0.46191	0.02682	0.00558	0.00608	0.01479	0.00542	0.00509
23	0.08039	0.02106	0.01908	0.01608	0.02091	0.15147	0.01275	0.25281	0.25344	0.06427	0.02088	0.02032	0.01545	0.00894	0.00713	0.00228	0.00811	0.00675	0.00666	0.01122
24	0.01806	0.01732	0.02956	0.09457	0.64626	0.01756	0.02263	0.02251	0.01675	0.02387	0.01391	0.01848	0.01162	0.00667	0.00735	0.00222	0.00890	0.00661	0.00365	0.01150
25	0.01402	0.01319	0.02227	0.72126	0.05113	0.01649	0.02062	0.01897	0.01484	0.01897	0.01319	0.01979	0.00990	0.00742	0.00742	0.00247	0.00990	0.00660	0.00330	0.00825
26	0.00997	0.00757	0.00918	0.00877	0.01076	0.00678	0.00658	0.01297	0.01974	0.02675	0.49831	0.06042	0.26249	0.01630	0.00876	0.00239	0.00358	0.01412	0.00778	0.00678
27	0.00935	0.00671	0.00909	0.01048	0.01103	0.00656	0.00715	0.01079	0.01373	0.01850	0.03705	0.60045	0.04362	0.05810	0.11500	0.00452	0.00675	0.01871	0.00636	0.00605
28	0.00936	0.00754	0.00833	0.00813	0.01039	0.00652	0.00610	0.01179	0.01830	0.02334	0.28252	0.06604	0.48042	0.01758	0.00877	0.00245	0.00367	0.01491	0.00733	0.00652
29	0.01539	0.01319	0.01539	0.01100	0.01759	0.00990	0.00880	0.01869	0.01539	0.02419	0.01319	0.01539	0.01100	0.00550	0.00550	0.00110	0.00550	0.00440	0.00440	0.78449
30	0.01002	0.00750	0.00966	0.01044	0.01182	0.00662	0.00718	0.01162	0.01439	0.01976	0.03665	0.62364	0.04324	0.02052	0.00886	0.00272	0.00449	0.01853	0.00651	0.12582
31	0.01539	0.01319	0.01539	0.01100	0.01759	0.00990	0.00880	0.01869	0.01539	0.02419	0.01319	0.01539	0.01100	0.00550	0.00550	0.00110	0.00550	0.00440	0.00440	0.78449
32	0.02012	0.65583	0.03603	0.01288	0.01882	0.07757	0.01245	0.02252	0.01554	0.01802	0.01109	0.01279	0.01000	0.00656	0.00492	0.00162	0.00811	0.00417	0.04161	0.00933
33	0.01274	0.01271	0.07001	0.01385	0.01576	0.01226	0.03046	0.04376	0.01490	0.02052	0.05195	0.23607	0.08795	0.11905	0.01651	0.00352	0.16906	0.05633	0.00539	0.00721
34	0.01763	0.15359	0.39096	0.02199	0.05873	0.01962	0.13129	0.05286	0.01701	0.04887	0.01392	0.01634	0.01032	0.00694	0.00699	0.00223	0.01032	0.00596	0.00369	0.01073
35	0.02475	0.01478	0.01689	0.01385	0.01866	0.01543	0.01115	0.18001	0.22390	0.25371	0.02854	0.02659	0.04871	0.00978	0.00734	0.00231	0.00624	0.00789	0.07793	0.01156
36	0.01402	0.01319	0.02227	0.72126	0.05113	0.01649	0.02062	0.01897	0.01484	0.01897	0.01319	0.01979	0.00990	0.00742	0.00742	0.00247	0.00990	0.00660	0.00330	0.00825
37	0.01516	0.01374	0.02193	0.12794	0.30550	0.01423	0.03950	0.02048	0.07070	0.02347	0.06721	0.09673	0.05658	0.01127	0.00812	0.00252	0.00763	0.08273	0.00505	0.00953
38	0.05680	0.06338	0.17092	0.02275	0.19877	0.01507	0.01696	0.04779	0.01805	0.12922	0.11150	0.07517	0.02277	0.00959	0.00736	0.00230	0.00761	0.00821	0.00542	0.01036
39	0.01351	0.01273	0.02386	0.01860	0.02196	0.01212	0.29545	0.01644	0.01423	0.01915	0.02214	0.13114	0.02315	0.31777	0.02110	0.00455	0.00913	0.01133	0.00450	0.00713
40	0.00882	0.00736	0.00769	0.00795	0.01014	0.00623	0.00583	0.01061	0.01650	0.01988	0.06992	0.17361	0.59103	0.01949	0.00888	0.00259	0.00384	0.01651	0.00689	0.00623
41	0.01385	0.01284	0.02138	0.37006	0.11941	0.01460	0.05995	0.01811	0.01566	0.02085	0.07397	0.02940	0.06675	0.01337	0.06605	0.00327	0.03519	0.03270	0.00422	0.00837
42	0.01794	0.24491	0.04949	0.01513	0.01877	0.11736	0.01320	0.04384	0.03841	0.01932	0.01401	0.01836	0.01254	0.02107	0.19645	0.00476	0.13615	0.00589	0.00380	0.00862
43	0.01109	0.00916	0.00994	0.00957	0.01214	0.00884	0.00722	0.01710	0.14929	0.02432	0.19973	0.09197	0.38912	0.01649	0.00856	0.00250	0.00415	0.01400	0.00731	0.00751
44	0.00911	0.00679	0.00852	0.00986	0.01080	0.00619	0.00683	0.01063	0.01494	0.01934	0.04846	0.55887	0.19112	0.02215	0.00935	0.00292	0.00430	0.04683	0.00689	0.00612
45	0.02028	0.07407	0.18803	0.10066	0.02721	0.20455	0.01745	0.09283	0.12554	0.02457	0.01687	0.04548	0.01352	0.00852	0.00706	0.00224	0.00993	0.00653	0.00464	0.01002
46	0.08191	0.01747	0.02773	0.04022	0.58183	0.01785	0.02078	0.05513	0.03964	0.02633	0.01440	0.01814	0.01186	0.00687	0.00714	0.00222	0.00844	0.00647	0.00406	0.01150
47	0.02016	0.02432	0.08031	0.12902	0.02933	0.23571	0.10723	0.05511	0.01730	0.02084	0.01224	0.01645	0.01004	0.00884	0.01181	0.00248	0.19989	0.00622	0.00370	0.00901
48	0.02169	0.01595	0.01897	0.01554	0.02015	0.01737	0.05884	0.21815	0.28485	0.08831	0.02396	0.02382	0.01770	0.00993	0.00830	0.03759	0.00682	0.00759	0.09342	0.01103

[dist]
# distance from previous block
# <min> <max>
0	1

[block]
# block no. 6 follows, 27 sequences, length 78
# corresponding to MSA columns:
# 1080,1097-1102,1107-1144,1146-1178
name=unknown_G
#
# <colnr> <probs for GDERKNQSTAVLIFYWHMCP>
#	G	D	E	R	K	N	Q	S	T	A	V	L	I	F	Y	W	H	M	C	P
0	0.33417	0.04803	0.02028	0.01735	0.07101	0.05726	0.07744	0.14193	0.11175	0.03229	0.01529	0.01665	0.01168	0.00764	0.00627	0.00228	0.00763	0.00583	0.00527	0.00996
1	0.48750	0.01712	0.01652	0.01791	0.13969	0.06500	0.01194	0.08988	0.04399	0.03192	0.01267	0.01455	0.00990	0.00723	0.00566	0.00226	0.00708	0.00500	0.00479	0.00938
