[name]
unknown

[dist]
# distance from previous block
# <min> <max>
0	177

[block]
# block no. 0 follows, 25 sequences, length 24
# corresponding to MSA columns:
# 316-339
name=unknown_A
#
# <colnr> <probs for GDERKNQSTAVLIFYWHMCP>
#	G	D	E	R	K	N	Q	S	T	A	V	L	I	F	Y	W	H	M	C	P
0	0.01645	0.01302	0.01435	0.08475	0.01928	0.07789	0.01031	0.01961	0.01912	0.10000	0.20403	0.07399	0.13756	0.01294	0.00813	0.00228	0.00629	0.03168	0.00666	0.14166
1	0.01673	0.01538	0.01735	0.01570	0.08392	0.06617	0.01090	0.01996	0.01658	0.02419	0.01675	0.09029	0.01562	0.00799	0.00647	0.00154	0.00662	0.00669	0.00474	0.55641
2	0.01608	0.01453	0.02363	0.06643	0.42239	0.01459	0.01818	0.01968	0.01660	0.02304	0.02353	0.11435	0.04648	0.08252	0.01142	0.00305	0.00816	0.06065	0.00471	0.00999
3	0.01801	0.01607	0.02471	0.24186	0.30112	0.01757	0.01961	0.02628	0.15332	0.04841	0.02071	0.02389	0.03753	0.00847	0.00780	0.00247	0.00863	0.00766	0.00489	0.01098
4	0.01921	0.01806	0.02859	0.04100	0.54268	0.01860	0.02141	0.02740	0.15173	0.02680	0.01810	0.02121	0.01464	0.00766	0.00772	0.00237	0.00857	0.00729	0.00468	0.01228
5	0.01111	0.00819	0.01184	0.01184	0.01301	0.00936	0.00892	0.01345	0.01228	0.01754	0.02133	0.03360	0.02075	0.16170	0.59509	0.01170	0.01872	0.00877	0.00424	0.00658
6	0.09908	0.01066	0.01274	0.01073	0.01463	0.01003	0.00857	0.02640	0.01941	0.30965	0.13113	0.03090	0.02705	0.01019	0.00697	0.00222	0.00513	0.00827	0.24632	0.00991
7	0.01016	0.00756	0.00963	0.01101	0.01230	0.00703	0.00826	0.01222	0.01627	0.02093	0.05055	0.41022	0.19345	0.02248	0.00994	0.00313	0.00504	0.17603	0.00718	0.00657
8	0.02037	0.01026	0.01279	0.01136	0.01430	0.00982	0.00857	0.06973	0.01877	0.23600	0.05725	0.16529	0.02861	0.11474	0.04643	0.00364	0.00651	0.01115	0.14533	0.00905
9	0.01069	0.00759	0.00854	0.00857	0.00935	0.00722	0.00535	0.01155	0.01393	0.01818	0.10216	0.09009	0.17730	0.46490	0.02826	0.00571	0.00619	0.01321	0.00576	0.00545
10	0.78228	0.01499	0.01140	0.01020	0.01499	0.01739	0.00840	0.02279	0.01320	0.03479	0.01080	0.01260	0.00840	0.00720	0.00480	0.00240	0.00600	0.00420	0.00480	0.00840
11	0.01108	0.00831	0.01246	0.01246	0.01385	0.00969	0.00969	0.01385	0.01246	0.01800	0.02077	0.03046	0.01938	0.05815	0.69678	0.01246	0.02077	0.00831	0.00415	0.00692
12	0.01763	0.23089	0.02153	0.01313	0.01680	0.17947	0.01067	0.01985	0.01813	0.02065	0.10560	0.15464	0.13584	0.01334	0.00752	0.00226	0.00772	0.01072	0.00543	0.00819
13	0.78228	0.01499	0.01140	0.01020	0.01499	0.01739	0.00840	0.02279	0.01320	0.03479	0.01080	0.01260	0.00840	0.00720	0.00480	0.00240	0.00600	0.00420	0.00480	0.00840
14	0.02178	0.02145	0.11577	0.09007	0.02690	0.02053	0.01643	0.24767	0.28754	0.03565	0.02271	0.02271	0.01668	0.00936	0.00775	0.00250	0.00816	0.00752	0.00672	0.01209
15	0.11242	0.08203	0.04869	0.23848	0.06041	0.24315	0.01682	0.02570	0.01797	0.06614	0.01375	0.01697	0.01062	0.00775	0.00691	0.00226	0.01061	0.00573	0.00420	0.00940
16	0.01114	0.00807	0.01127	0.01127	0.01224	0.00904	0.00821	0.01308	0.01211	0.01712	0.02186	0.03649	0.02200	0.25730	0.50122	0.01099	0.01683	0.00919	0.00432	0.00626
17	0.01717	0.01578	0.02135	0.01839	0.01924	0.02100	0.01510	0.08416	0.01450	0.02155	0.01326	0.02072	0.01268	0.05497	0.11858	0.00476	0.50696	0.00724	0.00402	0.00857
18	0.78228	0.01499	0.01140	0.01020	0.01499	0.01739	0.00840	0.02279	0.01320	0.03479	0.01080	0.01260	0.00840	0.00720	0.00480	0.00240	0.00600	0.00420	0.00480	0.00840
19	0.01206	0.00799	0.01024	0.01104	0.01222	0.00813	0.00847	0.01447	0.01497	0.02125	0.03165	0.12353	0.03345	0.19049	0.11179	0.00537	0.00822	0.22425	0.14394	0.00647
20	0.01830	0.02092	0.04575	0.03268	0.04052	0.01961	0.65098	0.02484	0.01830	0.02484	0.01569	0.02092	0.01176	0.00654	0.00915	0.00261	0.01307	0.00915	0.00392	0.01046
21	0.15391	0.01464	0.02078	0.02895	0.35917	0.01468	0.01566	0.01982	0.01686	0.02573	0.03304	0.03459	0.21020	0.01077	0.00760	0.00241	0.00705	0.00925	0.00502	0.00986
22	0.01830	0.02092	0.04575	0.03268	0.04052	0.01961	0.65098	0.02484	0.01830	0.02484	0.01569	0.02092	0.01176	0.00654	0.00915	0.00261	0.01307	0.00915	0.00392	0.01046
23	0.15331	0.01192	0.01314	0.03467	0.01639	0.01278	0.01007	0.08722	0.08664	0.02893	0.12108	0.07269	0.08696	0.08092	0.01124	0.00321	0.00627	0.14752	0.00672	0.00832

[dist]
# distance from previous block
# <min> <max>
0	92

[block]
# block no. 1 follows, 25 sequences, length 22
# corresponding to MSA columns:
# 486-507
name=unknown_B
#
# <colnr> <probs for GDERKNQSTAVLIFYWHMCP>
#	G	D	E	R	K	N	Q	S	T	A	V	L	I	F	Y	W	H	M	C	P
0	0.02028	0.21120	0.20354	0.02510	0.17600	0.04515	0.06783	0.02534	0.01763	0.09142	0.03624	0.01861	0.01357	0.00753	0.00703	0.00220	0.00957	0.00630	0.00431	0.01113
1	0.10406	0.08612	0.16275	0.02150	0.10699	0.04340	0.06932	0.02384	0.06942	0.02479	0.01582	0.04076	0.01328	0.01084	0.04198	0.00284	0.07096	0.00671	0.00428	0.08034
2	0.01084	0.00813	0.00996	0.01001	0.01170	0.00778	0.00736	0.01328	0.01727	0.02380	0.20652	0.24371	0.20546	0.02007	0.04086	0.00308	0.03701	0.01538	0.07584	0.03193
3	0.05451	0.13974	0.10023	0.25957	0.09179	0.01794	0.01830	0.02076	0.01617	0.02219	0.01813	0.03010	0.01654	0.00979	0.00752	0.00249	0.00901	0.11814	0.00423	0.04284
4	0.01929	0.01666	0.01753	0.01578	0.02016	0.01929	0.01227	0.04120	0.66513	0.03243	0.03156	0.02893	0.02367	0.01052	0.00789	0.00263	0.00614	0.00877	0.00789	0.01227
5	0.01016	0.00789	0.00923	0.00890	0.01108	0.00697	0.00667	0.01305	0.02002	0.02652	0.40617	0.06545	0.34489	0.01756	0.00915	0.00252	0.00378	0.01508	0.00793	0.00697
6	0.01555	0.04011	0.68733	0.02210	0.03356	0.01801	0.02865	0.02455	0.01637	0.02455	0.01391	0.01637	0.00982	0.00737	0.00737	0.00246	0.01146	0.00573	0.00327	0.01146
7	0.45688	0.01957	0.01563	0.01337	0.01835	0.14018	0.01076	0.10432	0.01882	0.11707	0.01452	0.01536	0.01066	0.00791	0.00595	0.00232	0.00783	0.00515	0.00564	0.00971
8	0.01605	0.02281	0.26792	0.10696	0.05911	0.01518	0.01880	0.02478	0.11936	0.05570	0.15331	0.02852	0.02599	0.00980	0.00781	0.00246	0.00822	0.00827	0.03865	0.01031
9	0.01026	0.00765	0.00970	0.01081	0.01223	0.00708	0.00815	0.01253	0.01699	0.02210	0.11994	0.34916	0.19799	0.02161	0.00983	0.00305	0.00489	0.16201	0.00733	0.00667
10	0.01448	0.03446	0.57079	0.01994	0.02967	0.01602	0.02487	0.02222	0.01632	0.02382	0.02157	0.08862	0.06417	0.00992	0.00775	0.00253	0.01022	0.00810	0.00395	0.01059
11	0.02189	0.11583	0.16746	0.16418	0.03181	0.13204	0.04635	0.08107	0.04457	0.09883	0.01622	0.01839	0.01194	0.00796	0.00726	0.00230	0.01030	0.00626	0.00474	0.01059
12	0.02699	0.01235	0.01526	0.01254	0.01721	0.01180	0.01009	0.03355	0.13695	0.40543	0.02946	0.02747	0.02017	0.00962	0.00723	0.00230	0.00578	0.00783	0.19640	0.01156
13	0.00945	0.00675	0.00900	0.01080	0.01125	0.00630	0.00720	0.01080	0.01484	0.01979	0.04274	0.72245	0.05128	0.02429	0.00990	0.00315	0.00450	0.02204	0.00720	0.00630
14	0.01201	0.01388	0.11611	0.06459	0.01828	0.01045	0.01152	0.01706	0.07552	0.02312	0.13321	0.17447	0.19381	0.08708	0.01183	0.00315	0.00621	0.01353	0.00631	0.00786
15	0.04871	0.01911	0.09896	0.14639	0.28337	0.01734	0.02000	0.06000	0.06767	0.13512	0.01837	0.02078	0.01358	0.00796	0.00759	0.00241	0.00884	0.00697	0.00521	0.01162
16	0.01746	0.01147	0.01338	0.01215	0.01540	0.01141	0.00953	0.12723	0.07042	0.11319	0.11857	0.15328	0.17516	0.01587	0.00874	0.00265	0.00555	0.06825	0.04119	0.00910
17	0.49122	0.11100	0.01782	0.01312	0.01794	0.19497	0.01072	0.02496	0.01579	0.02861	0.01110	0.01294	0.00900	0.00733	0.00539	0.00220	0.00836	0.00440	0.00440	0.00875
18	0.15556	0.01330	0.01648	0.01440	0.04306	0.01269	0.01136	0.05780	0.02040	0.41284	0.02977	0.03297	0.05286	0.01096	0.00769	0.00254	0.00661	0.07931	0.00809	0.01132
19	0.01014	0.00781	0.00874	0.00855	0.01041	0.00697	0.00609	0.01222	0.01770	0.02286	0.24951	0.06477	0.36324	0.15953	0.01520	0.00354	0.00456	0.01464	0.00711	0.00641
20	0.05454	0.03972	0.01896	0.04838	0.07909	0.07798	0.01275	0.05016	0.01732	0.13368	0.05013	0.02562	0.01818	0.09126	0.10441	0.00423	0.09363	0.00747	0.00536	0.06711
21	0.07555	0.02198	0.21200	0.04909	0.05415	0.04549	0.04532	0.02295	0.01779	0.09682	0.12115	0.02687	0.05323	0.00968	0.00849	0.00237	0.04549	0.00782	0.00530	0.07846

[dist]
# distance from previous block
# <min> <max>
2	23

[block]
# block no. 2 follows, 25 sequences, length 31
# corresponding to MSA columns:
# 531-561
name=unknown_C
#
# <colnr> <probs for GDERKNQSTAVLIFYWHMCP>
#	G	D	E	R	K	N	Q	S	T	A	V	L	I	F	Y	W	H	M	C	P
0	0.01501	0.01239	0.01712	0.05107	0.19493	0.03413	0.01328	0.01869	0.03843	0.02318	0.02621	0.16065	0.02657	0.08280	0.01191	0.00310	0.03619	0.09126	0.13456	0.00851
1	0.08993	0.08217	0.01478	0.01211	0.01493	0.04640	0.00923	0.01800	0.06751	0.02279	0.02960	0.35790	0.03244	0.01805	0.03655	0.00299	0.00654	0.03402	0.00604	0.09803
2	0.14933	0.01559	0.02345	0.02198	0.11440	0.01693	0.14750	0.04733	0.05411	0.02503	0.01698	0.02541	0.01540	0.15266	0.04679	0.00403	0.10157	0.00794	0.00455	0.00903
3	0.02143	0.07505	0.02901	0.09376	0.40968	0.19349	0.02057	0.02526	0.01844	0.02271	0.01357	0.01748	0.01136	0.00724	0.00731	0.00220	0.01047	0.00621	0.00381	0.01096
4	0.00987	0.00726	0.00902	0.00997	0.01087	0.00689	0.00675	0.01125	0.01456	0.01903	0.04462	0.40837	0.16974	0.14733	0.08295	0.00472	0.00652	0.01769	0.00647	0.00614
5	0.10670	0.01795	0.03041	0.05126	0.09718	0.05700	0.32229	0.02333	0.01735	0.02631	0.01661	0.02093	0.01287	0.00728	0.00757	0.00236	0.00993	0.00763	0.15541	0.00961
6	0.01284	0.00842	0.01365	0.01304	0.01415	0.00818	0.07094	0.01250	0.01308	0.01740	0.02443	0.20194	0.02659	0.02356	0.02069	0.40977	0.00687	0.09185	0.00485	0.00527
7	0.02837	0.02117	0.02265	0.01762	0.02362	0.02353	0.01447	0.58693	0.10461	0.04708	0.02002	0.01973	0.01432	0.00944	0.00777	0.00236	0.00827	0.00717	0.00777	0.01309
8	0.01609	0.01526	0.02587	0.49858	0.25239	0.01761	0.02225	0.02108	0.01619	0.02157	0.01404	0.02020	0.01095	0.00748	0.00773	0.00249	0.00998	0.00690	0.00357	0.00978
9	0.02583	0.01393	0.01682	0.01347	0.01818	0.01377	0.01090	0.21064	0.02583	0.28752	0.18287	0.03196	0.03057	0.01098	0.00792	0.00234	0.00621	0.00902	0.06993	0.01129
10	0.21451	0.01598	0.01785	0.01404	0.01980	0.01633	0.01159	0.20359	0.02394	0.35204	0.02250	0.02091	0.01492	0.00894	0.00706	0.00238	0.00698	0.00670	0.00793	0.01203
11	0.01464	0.01378	0.02326	0.70887	0.05340	0.01723	0.02153	0.01981	0.01550	0.01981	0.01378	0.02067	0.01034	0.00775	0.00775	0.00258	0.01034	0.00689	0.00345	0.00861
12	0.01929	0.01666	0.01753	0.01578	0.02016	0.01929	0.01227	0.04120	0.66513	0.03243	0.03156	0.02893	0.02367	0.01052	0.00789	0.00263	0.00614	0.00877	0.00789	0.01227
13	0.02073	0.73217	0.04063	0.01327	0.01990	0.03068	0.01327	0.02322	0.01575	0.01824	0.01078	0.01244	0.00995	0.00663	0.00498	0.00166	0.00829	0.00415	0.00332	0.00995
14	0.01688	0.01572	0.02634	0.09623	0.49433	0.01593	0.02033	0.02089	0.01692	0.02377	0.02008	0.15821	0.01982	0.01041	0.00812	0.00249	0.00838	0.00990	0.00447	0.01079
15	0.78228	0.01499	0.01140	0.01020	0.01499	0.01739	0.00840	0.02279	0.01320	0.03479	0.01080	0.01260	0.00840	0.00720	0.00480	0.00240	0.00600	0.00420	0.00480	0.00840
16	0.01097	0.00793	0.01036	0.00975	0.01158	0.00732	0.00732	0.01463	0.02195	0.03109	0.67505	0.05792	0.07316	0.01585	0.00914	0.00244	0.00366	0.01402	0.00854	0.00732
17	0.01696	0.01696	0.02375	0.02036	0.02036	0.02375	0.01696	0.01866	0.01187	0.01866	0.01018	0.01696	0.01018	0.01357	0.02545	0.00339	0.71332	0.00679	0.00339	0.00848
18	0.03372	0.01491	0.01905	0.01461	0.02065	0.01394	0.01207	0.16152	0.02506	0.55673	0.02818	0.02483	0.01799	0.00954	0.00779	0.00238	0.00699	0.00763	0.00923	0.01319
19	0.05917	0.01114	0.01468	0.01238	0.01655	0.00999	0.00977	0.02800	0.02030	0.41751	0.13744	0.16840	0.03387	0.01341	0.00830	0.00255	0.00568	0.01147	0.00874	0.01066
20	0.01524	0.00836	0.00943	0.00901	0.01110	0.00868	0.00693	0.04896	0.01671	0.05100	0.02426	0.02862	0.01943	0.01877	0.14216	0.00396	0.00735	0.00745	0.55492	0.00767
21	0.02172	0.02466	0.02736	0.02219	0.02732	0.26638	0.21453	0.02969	0.16499	0.02413	0.02216	0.02573	0.04875	0.00926	0.00814	0.00243	0.01113	0.03430	0.00514	0.00999
22	0.01191	0.00817	0.01103	0.01069	0.01251	0.00802	0.00807	0.01496	0.01839	0.05768	0.36521	0.11572	0.08945	0.02825	0.19845	0.00528	0.00861	0.01308	0.00717	0.00735
23	0.01051	0.00773	0.00932	0.00916	0.01069	0.00710	0.00647	0.01288	0.01831	0.02474	0.36237	0.11362	0.19733	0.15793	0.01520	0.00354	0.00455	0.01465	0.00737	0.00654
24	0.23236	0.01522	0.01617	0.01325	0.01809	0.01617	0.01076	0.20503	0.05035	0.16928	0.14908	0.02673	0.02537	0.01013	0.00724	0.00240	0.00639	0.00785	0.00748	0.01068
25	0.22368	0.00956	0.00995	0.00993	0.01188	0.01041	0.00724	0.01594	0.01343	0.02404	0.02318	0.14625	0.02359	0.16524	0.14939	0.00545	0.00859	0.00992	0.12550	0.00682
26	0.01714	0.01751	0.02664	0.46975	0.14793	0.08501	0.08312	0.02204	0.01676	0.02109	0.01392	0.01980	0.01075	0.00752	0.00780	0.00248	0.01079	0.00693	0.00361	0.00941
27	0.05982	0.00868	0.01043	0.01030	0.01207	0.00825	0.00728	0.01610	0.01591	0.11479	0.09972	0.24007	0.10166	0.21337	0.01732	0.00410	0.00569	0.04049	0.00684	0.00712
28	0.02501	0.09791	0.12171	0.02280	0.11767	0.20641	0.01795	0.24173	0.02491	0.03086	0.01479	0.01650	0.01138	0.00807	0.00721	0.00219	0.01051	0.00597	0.00509	0.01135
29	0.00963	0.00742	0.00886	0.00980	0.01130	0.00664	0.00706	0.01151	0.01658	0.02108	0.08917	0.37793	0.30693	0.02175	0.00962	0.00293	0.00442	0.06360	0.00726	0.00651
30	0.27452	0.11720	0.04908	0.09082	0.08535	0.05389	0.01412	0.09674	0.04044	0.05766	0.01425	0.01628	0.01100	0.00759	0.00624	0.00223	0.00802	0.00549	0.00490	0.04418

[dist]
# distance from previous block
# <min> <max>
0	114

[block]
# block no. 3 follows, 25 sequences, length 10
# corresponding to MSA columns:
# 744-753
name=unknown_D
#
# <colnr> <probs for GDERKNQSTAVLIFYWHMCP>
#	G	D	E	R	K	N	Q	S	T	A	V	L	I	F	Y	W	H	M	C	P
0	0.01841	0.23280	0.12339	0.01852	0.08101	0.05652	0.04813	0.02270	0.03644	0.06488	0.03929	0.15230	0.02102	0.01074	0.00726	0.00226	0.00827	0.00903	0.00492	0.04211
1	0.01908	0.12953	0.02104	0.01866	0.13384	0.01498	0.01256	0.04811	0.01706	0.13942	0.02249	0.10064	0.02021	0.05589	0.16752	0.00487	0.01034	0.00882	0.04536	0.00959
2	0.01041	0.00737	0.00850	0.00899	0.00956	0.00702	0.00558	0.01112	0.01336	0.01736	0.03883	0.23713	0.14740	0.41332	0.02616	0.00548	0.00607	0.01508	0.00581	0.00545
3	0.01023	0.00762	0.00957	0.01005	0.01160	0.00696	0.00739	0.01278	0.01845	0.02470	0.29577	0.27449	0.19269	0.01979	0.00951	0.00279	0.00426	0.06681	0.00771	0.00681
4	0.02378	0.04469	0.02797	0.09990	0.13945	0.13433	0.13217	0.13763	0.02204	0.11228	0.01779	0.04149	0.01379	0.00843	0.00785	0.00236	0.01021	0.00750	0.00536	0.01100
5	0.01531	0.01424	0.02340	0.33192	0.21691	0.01569	0.04358	0.02045	0.04385	0.02227	0.02300	0.09046	0.06326	0.01042	0.00819	0.00260	0.00886	0.03164	0.00450	0.00945
6	0.00982	0.00698	0.00924	0.01091	0.01144	0.00660	0.00745	0.01126	0.01484	0.01974	0.04131	0.62368	0.04912	0.07351	0.01204	0.00349	0.00493	0.07038	0.00702	0.00625
7	0.02677	0.03331	0.02424	0.06410	0.06844	0.56722	0.05840	0.02943	0.02106	0.01982	0.01251	0.01518	0.01027	0.00781	0.00722	0.00209	0.01340	0.00551	0.00395	0.00927
8	0.02132	0.05845	0.23394	0.02332	0.10917	0.01764	0.09982	0.08634	0.05343	0.14837	0.02012	0.05923	0.01546	0.00887	0.00780	0.00244	0.00939	0.00780	0.00548	0.01160
9	0.01880	0.01694	0.07855	0.01539	0.01920	0.10254	0.05458	0.02202	0.01866	0.15051	0.13029	0.19684	0.06877	0.01427	0.00966	0.00263	0.05259	0.01211	0.00662	0.00905

[dist]
# distance from previous block
# <min> <max>
0	1

[block]
# block no. 4 follows, 25 sequences, length 35
# corresponding to MSA columns:
# 755-779,781-790
name=unknown_E
#
# <colnr> <probs for GDERKNQSTAVLIFYWHMCP>
#	G	D	E	R	K	N	Q	S	T	A	V	L	I	F	Y	W	H	M	C	P
0	0.01029	0.00967	0.05728	0.01242	0.01399	0.00769	0.03493	0.01248	0.01540	0.02082	0.06722	0.61623	0.04777	0.02203	0.00966	0.00305	0.00529	0.02004	0.00685	0.00687
1	0.01718	0.04672	0.04501	0.01243	0.01945	0.01248	0.01054	0.06355	0.01748	0.02656	0.01399	0.01611	0.01147	0.00609	0.00591	0.00131	0.00628	0.00478	0.00470	0.65796
2	0.07991	0.07312	0.19430	0.01885	0.05312	0.07527	0.04667	0.08218	0.09032	0.11764	0.01894	0.04122	0.01443	0.00856	0.00721	0.00231	0.00897	0.00683	0.00547	0.05469
3	0.02116	0.55712	0.03692	0.01797	0.09770	0.08396	0.01460	0.02477	0.04690	0.01980	0.01230	0.01413	0.01087	0.00696	0.00560	0.00181	0.00877	0.00476	0.00365	0.01025
4	0.00939	0.00782	0.00792	0.00792	0.01026	0.00665	0.00577	0.01114	0.01700	0.02032	0.07284	0.07210	0.60772	0.09424	0.01236	0.00313	0.00431	0.01583	0.00694	0.00635
5	0.01546	0.01262	0.01910	0.28940	0.15333	0.01394	0.01579	0.04683	0.01777	0.02541	0.08949	0.02863	0.05104	0.00937	0.00743	0.00233	0.00752	0.00817	0.17740	0.00896
6	0.01278	0.00737	0.00811	0.00817	0.00991	0.00709	0.00603	0.01603	0.01739	0.02773	0.16411	0.11170	0.08824	0.01291	0.00696	0.00214	0.00374	0.01093	0.47157	0.00709
7	0.01174	0.00846	0.01039	0.01010	0.01031	0.00925	0.00652	0.01231	0.01151	0.01580	0.02264	0.04472	0.02529	0.56356	0.13857	0.00791	0.07063	0.01043	0.00450	0.00537
8	0.08718	0.32945	0.03365	0.02305	0.16584	0.02325	0.09375	0.02564	0.04723	0.08158	0.01494	0.01698	0.01201	0.00717	0.00645	0.00209	0.00863	0.00591	0.00440	0.01078
9	0.01007	0.00789	0.00914	0.00909	0.01125	0.00697	0.00687	0.01275	0.01922	0.02499	0.30839	0.09911	0.37618	0.01847	0.00928	0.00262	0.00402	0.04909	0.00772	0.00687
10	0.01336	0.01229	0.02062	0.24749	0.05092	0.01329	0.11014	0.01712	0.01594	0.02105	0.06643	0.11082	0.10823	0.06545	0.06965	0.00384	0.02948	0.01101	0.00489	0.00798
11	0.01515	0.01405	0.02251	0.55113	0.08411	0.01612	0.01956	0.02000	0.01573	0.02106	0.01383	0.01980	0.01065	0.00736	0.00740	0.00232	0.00949	0.00650	0.00366	0.13956
12	0.01097	0.00793	0.01036	0.00975	0.01158	0.00732	0.00732	0.01463	0.02195	0.03109	0.67505	0.05792	0.07316	0.01585	0.00914	0.00244	0.00366	0.01402	0.00854	0.00732
13	0.02031	0.01703	0.01814	0.01560	0.02049	0.01898	0.01228	0.12055	0.51288	0.03387	0.02796	0.02620	0.02099	0.00985	0.00765	0.00243	0.00641	0.00809	0.00752	0.09277
14	0.01959	0.01973	0.02933	0.13619	0.52350	0.08971	0.02255	0.02400	0.01781	0.02390	0.01420	0.01885	0.01177	0.00714	0.00761	0.00231	0.00987	0.00670	0.00380	0.01143
15	0.20454	0.02697	0.02419	0.01987	0.02504	0.33027	0.13548	0.09836	0.02084	0.02721	0.01317	0.01551	0.01032	0.00767	0.00698	0.00225	0.01131	0.00583	0.00460	0.00961
16	0.01125	0.00760	0.00888	0.00888	0.00902	0.00775	0.00522	0.01155	0.01140	0.01535	0.02404	0.04860	0.02726	0.65696	0.10874	0.00804	0.00891	0.01096	0.00464	0.00493
17	0.02012	0.66141	0.03737	0.01268	0.01884	0.02839	0.01250	0.02271	0.01580	0.01928	0.01220	0.01405	0.01092	0.00687	0.00502	0.00167	0.00784	0.00445	0.07821	0.00968
18	0.03479	0.01320	0.01799	0.01380	0.01979	0.01140	0.01140	0.03779	0.02219	0.68451	0.03059	0.02639	0.01919	0.00960	0.00780	0.00240	0.00660	0.00780	0.00960	0.01320
19	0.01670	0.01488	0.02326	0.61285	0.04932	0.01817	0.02059	0.10783	0.01842	0.02385	0.01445	0.02039	0.01073	0.00797	0.00775	0.00255	0.01009	0.00690	0.00404	0.00925
20	0.01793	0.01440	0.01890	0.11559	0.12820	0.01553	0.01413	0.10024	0.18444	0.05986	0.08702	0.10447	0.08202	0.01208	0.00825	0.00256	0.00694	0.01047	0.00661	0.01036
21	0.01715	0.15687	0.02429	0.01608	0.02021	0.01651	0.13313	0.09493	0.01851	0.02516	0.02351	0.09659	0.02291	0.09268	0.01136	0.00302	0.00799	0.09873	0.11163	0.00872
22	0.01418	0.00746	0.00796	0.00821	0.01001	0.00746	0.00640	0.01779	0.01648	0.02811	0.02748	0.03704	0.02331	0.01075	0.00616	0.00205	0.00410	0.09334	0.66448	0.00721
23	0.02505	0.08152	0.02639	0.01876	0.02463	0.02213	0.10222	0.44372	0.02986	0.03981	0.02007	0.09258	0.01672	0.01027	0.00793	0.00240	0.00872	0.00862	0.00678	0.01180
24	0.01798	0.04476	0.02242	0.33474	0.13864	0.01602	0.01746	0.02179	0.01601	0.11231	0.01750	0.02458	0.01430	0.09200	0.04452	0.00353	0.04008	0.00746	0.00453	0.00936
25	0.01549	0.11360	0.02567	0.61222	0.04875	0.01910	0.02038	0.02028	0.01554	0.01959	0.01336	0.01953	0.01028	0.00760	0.00737	0.00246	0.01005	0.00651	0.00343	0.00880
26	0.01880	0.01608	0.02732	0.16429	0.09161	0.04721	0.20960	0.02329	0.01808	0.11475	0.04277	0.10635	0.02114	0.01064	0.00863	0.00264	0.00963	0.05206	0.00535	0.00976
27	0.01437	0.00899	0.01323	0.01265	0.01467	0.00993	0.00993	0.01717	0.01381	0.11061	0.02213	0.02989	0.01936	0.05140	0.60105	0.01106	0.01880	0.00824	0.00491	0.00779
28	0.01992	0.03399	0.53518	0.02021	0.03043	0.01650	0.02473	0.02756	0.01769	0.17458	0.01771	0.01865	0.01195	0.00787	0.00746	0.00244	0.01035	0.00620	0.00471	0.01185
29	0.01439	0.00892	0.01288	0.01229	0.01420	0.00974	0.00949	0.01695	0.01371	0.11035	0.02246	0.03169	0.02014	0.11056	0.54296	0.01063	0.01763	0.00850	0.00496	0.00760
30	0.01376	0.00822	0.01007	0.00988	0.01208	0.00739	0.00730	0.01622	0.01825	0.11584	0.18455	0.24876	0.20296	0.01767	0.00879	0.00262	0.00437	0.01536	0.08827	0.00764
31	0.01388	0.00840	0.01043	0.01057	0.01230	0.00779	0.00770	0.01556	0.01593	0.11164	0.04275	0.22418	0.15881	0.20791	0.01745	0.00417	0.00590	0.11077	0.00686	0.00701
32	0.01868	0.01370	0.01634	0.01181	0.01857	0.01048	0.00949	0.02206	0.01693	0.11687	0.01612	0.01751	0.01256	0.00628	0.00603	0.00132	0.00586	0.00504	0.00529	0.66907
33	0.05760	0.02121	0.21625	0.01598	0.02247	0.01454	0.01608	0.09290	0.05856	0.20701	0.10173	0.07426	0.02496	0.01097	0.00793	0.00252	0.00772	0.02948	0.00682	0.01103
34	0.01729	0.07281	0.01671	0.01363	0.03200	0.01298	0.01027	0.03988	0.01430	0.11052	0.01851	0.02672	0.01667	0.10488	0.19134	0.19667	0.08505	0.00757	0.00474	0.00745

[dist]
# distance from previous block
# <min> <max>
0	3

[block]
# block no. 5 follows, 25 sequences, length 9
# corresponding to MSA columns:
# 794-802
name=unknown_F
#
# <colnr> <probs for GDERKNQSTAVLIFYWHMCP>
#	G	D	E	R	K	N	Q	S	T	A	V	L	I	F	Y	W	H	M	C	P
0	0.01635	0.01595	0.05440	0.08057	0.15784	0.01360	0.01466	0.02035	0.01598	0.02408	0.01414	0.01791	0.01181	0.00930	0.04281	0.00227	0.04173	0.00562	0.00419	0.43644
1	0.01428	0.01033	0.01470	0.13722	0.08736	0.01042	0.01133	0.01782	0.01875	0.07354	0.28136	0.04420	0.11377	0.05875	0.01031	0.00274	0.00590	0.01113	0.06788	0.00822
2	0.07388	0.01579	0.06074	0.04865	0.05801	0.04656	0.04540	0.04147	0.11331	0.10822	0.07382	0.02910	0.02196	0.09149	0.13294	0.00474	0.01023	0.00831	0.00582	0.00954
3	0.01300	0.01010	0.04248	0.01213	0.04693	0.00837	0.00888	0.01548	0.01821	0.07202	0.27010	0.10568	0.20313	0.05767	0.01254	0.07045	0.00514	0.01325	0.00702	0.00742
4	0.05295	0.01576	0.01763	0.11975	0.02322	0.12287	0.06248	0.02145	0.04010	0.07076	0.07711	0.09981	0.06085	0.08119	0.01087	0.00287	0.00812	0.00971	0.04481	0.05770
5	0.09944	0.18963	0.02371	0.06619	0.05938	0.10026	0.01302	0.02503	0.04559	0.08978	0.01624	0.01983	0.01334	0.00787	0.00639	0.00197	0.00807	0.03256	0.00487	0.17684
6	0.02191	0.13165	0.14423	0.02130	0.05951	0.16666	0.09427	0.05872	0.04518	0.07125	0.01613	0.04205	0.01314	0.00879	0.00891	0.00235	0.07214	0.00681	0.00457	0.01043
7	0.05342	0.33064	0.14133	0.01507	0.02089	0.02237	0.01506	0.07159	0.01708	0.02326	0.04768	0.05406	0.01635	0.01409	0.07832	0.00322	0.05499	0.00664	0.00428	0.00967
8	0.01475	0.07348	0.10225	0.10477	0.12231	0.01424	0.01506	0.03922	0.01592	0.02194	0.02203	0.18328	0.02249	0.07925	0.07097	0.00376	0.00904	0.01033	0.00474	0.07015

[dist]
# distance from previous block
# <min> <max>
39	199

[block]
# block no. 6 follows, 25 sequences, length 31
# corresponding to MSA columns:
# 1102-1132
name=unknown_G
#
# <colnr> <probs for GDERKNQSTAVLIFYWHMCP>
#	G	D	E	R	K	N	Q	S	T	A	V	L	I	F	Y	W	H	M	C	P
0	0.02109	0.07881	0.02129	0.09809	0.02454	0.04671	0.01375	0.19595	0.25572	0.03258	0.05166	0.02404	0.01915	0.01145	0.03603	0.00277	0.00824	0.00757	0.00651	0.04404
1	0.01949	0.19271	0.35859	0.01801	0.02679	0.04731	0.02049	0.02630	0.04898	0.09112	0.01569	0.01700	0.01163	0.00748	0.00675	0.00216	0.00963	0.00561	0.00429	0.06996
2	0.01691	0.13308	0.30393	0.01724	0.02444	0.01637	0.05568	0.02221	0.01685	0.08802	0.04868	0.11284	0.05816	0.04112	0.00900	0.00265	0.00880	0.00914	0.00493	0.00996
3	0.01701	0.38694	0.17001	0.01603	0.04772	0.02195	0.01565	0.02076	0.01564	0.02015	0.01807	0.14797	0.01823	0.01248	0.03814	0.00263	0.00886	0.00815	0.00410	0.00954
4	0.01149	0.00837	0.01089	0.04034	0.01371	0.00837	0.00830	0.01346	0.01620	0.04485	0.13599	0.33956	0.14138	0.09004	0.01338	0.00338	0.04629	0.04034	0.00685	0.00683
5	0.02121	0.12035	0.25793	0.02037	0.08051	0.11521	0.01918	0.08454	0.02020	0.09130	0.08028	0.02104	0.01753	0.00856	0.00728	0.00225	0.00969	0.00665	0.00499	0.01091
6	0.01827	0.01682	0.04937	0.26984	0.18500	0.06246	0.01834	0.05928	0.01838	0.07234	0.04413	0.11289	0.01928	0.01025	0.00800	0.00251	0.00897	0.00903	0.00496	0.00987
7	0.01012	0.00709	0.00874	0.00977	0.01016	0.00677	0.00620	0.01099	0.01365	0.01807	0.03764	0.43892	0.07340	0.28749	0.02094	0.00476	0.00560	0.01773	0.00626	0.00571
8	0.08337	0.02210	0.20284	0.12276	0.06374	0.01674	0.16921	0.04637	0.01644	0.02427	0.01596	0.02329	0.01339	0.11139	0.03279	0.00351	0.01069	0.00755	0.00402	0.00955
9	0.02264	0.02277	0.16517	0.02270	0.10926	0.01876	0.07079	0.19244	0.12540	0.11372	0.02121	0.04482	0.01593	0.00909	0.00788	0.00246	0.00886	0.00778	0.00622	0.01210
10	0.00953	0.00778	0.00842	0.00845	0.01074	0.00667	0.00626	0.01176	0.01825	0.02276	0.18795	0.12284	0.51304	0.01929	0.00922	0.00263	0.00392	0.01637	0.00745	0.00667
11	0.01044	0.00743	0.00920	0.00998	0.01079	0.00706	0.00680	0.01191	0.01513	0.02007	0.11385	0.31584	0.10798	0.23910	0.01892	0.00440	0.00552	0.07299	0.00658	0.00603
12	0.14261	0.11305	0.02682	0.11079	0.16996	0.14778	0.06328	0.09222	0.01932	0.02653	0.01342	0.01655	0.01075	0.00746	0.00687	0.00224	0.00983	0.00593	0.00433	0.01025
13	0.01846	0.08893	0.10393	0.08654	0.02646	0.06285	0.11932	0.06840	0.01918	0.07757	0.08682	0.10966	0.02468	0.03155	0.00905	0.00265	0.00894	0.03996	0.00551	0.00953
14	0.01113	0.00809	0.01134	0.01134	0.01234	0.00909	0.00830	0.01313	0.01213	0.01717	0.02179	0.03611	0.02184	0.24471	0.51358	0.01108	0.01708	0.00913	0.00431	0.00630
15	0.01543	0.01884	0.20062	0.06430	0.04802	0.01267	0.05245	0.02116	0.04324	0.07390	0.12319	0.11561	0.06436	0.01184	0.00801	0.00248	0.00745	0.01033	0.09671	0.00937
16	0.78228	0.01499	0.01140	0.01020	0.01499	0.01739	0.00840	0.02279	0.01320	0.03479	0.01080	0.01260	0.00840	0.00720	0.00480	0.00240	0.00600	0.00420	0.00480	0.00840
17	0.01947	0.01608	0.01840	0.08433	0.02325	0.01856	0.01326	0.14432	0.39569	0.03206	0.02595	0.02649	0.01987	0.01682	0.10601	0.00397	0.00906	0.00820	0.00689	0.01131
18	0.05181	0.01762	0.02349	0.02113	0.05035	0.04599	0.01682	0.01950	0.01254	0.01970	0.01047	0.01677	0.01019	0.01279	0.02308	0.00325	0.62573	0.00661	0.00350	0.00867
19	0.02540	0.17711	0.02560	0.04563	0.02338	0.27168	0.03787	0.14239	0.02241	0.06860	0.01554	0.01716	0.01211	0.00807	0.00673	0.00204	0.01019	0.00579	0.07217	0.01012
20	0.01148	0.00751	0.00897	0.00897	0.00909	0.00763	0.00534	0.01138	0.01126	0.01514	0.02302	0.04627	0.02596	0.59935	0.09626	0.08392	0.00860	0.01057	0.00452	0.00476
21	0.01631	0.01609	0.02605	0.16426	0.08241	0.01975	0.11210	0.01950	0.01399	0.02000	0.01351	0.02184	0.01240	0.08151	0.01933	0.00343	0.33751	0.00762	0.00365	0.00874
22	0.02695	0.03121	0.02000	0.01795	0.02185	0.53158	0.01359	0.09077	0.02259	0.02335	0.01454	0.01657	0.01171	0.00827	0.00684	0.00200	0.01197	0.00551	0.11359	0.00915
23	0.01126	0.00760	0.00885	0.00885	0.00899	0.00773	0.00519	0.01153	0.01139	0.01533	0.02407	0.04873	0.02732	0.66120	0.10458	0.00801	0.00883	0.01098	0.00464	0.00492
24	0.01989	0.01696	0.01787	0.01590	0.02039	0.01957	0.01242	0.07756	0.62779	0.03341	0.03079	0.02832	0.02305	0.01045	0.00788	0.00261	0.00628	0.00866	0.00788	0.01233
25	0.02143	0.01774	0.02484	0.08545	0.18493	0.01864	0.06781	0.27204	0.02559	0.03504	0.11735	0.02505	0.02172	0.00923	0.00799	0.00234	0.00837	0.00812	0.00612	0.04022
26	0.07147	0.01858	0.02475	0.36065	0.23716	0.11437	0.02038	0.02282	0.01692	0.02242	0.01356	0.01871	0.01074	0.00749	0.00741	0.00240	0.01021	0.00644	0.00374	0.00977
27	0.09569	0.01764	0.02470	0.02117	0.07225	0.06318	0.18569	0.15186	0.02138	0.02964	0.05263	0.12297	0.08427	0.01143	0.00827	0.00253	0.00873	0.01044	0.00577	0.00976
28	0.02017	0.01932	0.05163	0.06372	0.36036	0.05810	0.01911	0.14798	0.02183	0.02948	0.06822	0.02539	0.06231	0.00904	0.00785	0.00234	0.00873	0.00794	0.00517	0.01131
29	0.04727	0.11877	0.05883	0.06935	0.02115	0.09939	0.01303	0.02171	0.01709	0.08760	0.10311	0.05667	0.02258	0.01787	0.11836	0.00390	0.05587	0.00789	0.00516	0.05442
30	0.01822	0.11492	0.14013	0.02422	0.14810	0.04574	0.09547	0.05218	0.12646	0.02531	0.02001	0.08823	0.01743	0.01143	0.03572	0.00282	0.00960	0.00839	0.00488	0.01072

[dist]
# distance from previous block
# <min> <max>
0	5

[block]
# block no. 7 follows, 25 sequences, length 15
# corresponding to MSA columns:
# 1141-1155
name=unknown_H
#
# <colnr> <probs for GDERKNQSTAVLIFYWHMCP>
#	G	D	E	R	K	N	Q	S	T	A	V	L	I	F	Y	W	H	M	C	P
0	0.02733	0.02002	0.01939	0.01626	0.02135	0.13748	0.01289	0.13739	0.25534	0.22974	0.02571	0.02385	0.01820	0.00960	0.00768	0.00240	0.00805	0.00752	0.00769	0.01212
1	0.02189	0.01481	0.01662	0.01424	0.01821	0.01593	0.01096	0.17380	0.24641	0.13764	0.02827	0.09443	0.02386	0.13120	0.01331	0.00339	0.00684	0.00985	0.00754	0.01081
2	0.01969	0.01747	0.02391	0.02294	0.13161	0.08515	0.12988	0.14387	0.01949	0.02542	0.01649	0.02381	0.01449	0.09636	0.04477	0.15328	0.01008	0.00766	0.00466	0.00896
3	0.01464	0.01378	0.02326	0.70887	0.05340	0.01723	0.02153	0.01981	0.01550	0.01981	0.01378	0.02067	0.01034	0.00775	0.00775	0.00258	0.01034	0.00689	0.00345	0.00861
4	0.01509	0.01414	0.01640	0.01498	0.01574	0.08435	0.01148	0.01662	0.01289	0.01752	0.01706	0.02950	0.01753	0.22187	0.20211	0.00675	0.26662	0.00824	0.00401	0.00708
5	0.00960	0.00784	0.00853	0.00885	0.01113	0.00678	0.00671	0.01173	0.01762	0.02156	0.10188	0.14117	0.52249	0.02009	0.00938	0.00275	0.00427	0.07373	0.00726	0.00661
6	0.01734	0.06362	0.13536	0.02466	0.15866	0.04858	0.01878	0.02074	0.01442	0.02065	0.01329	0.02039	0.01238	0.08347	0.01817	0.00327	0.30625	0.00686	0.00362	0.00949
7	0.02073	0.14452	0.11017	0.09280	0.17768	0.04743	0.01811	0.09241	0.01904	0.09227	0.01643	0.01956	0.01290	0.01348	0.08645	0.00341	0.01063	0.00646	0.00469	0.01084
8	0.01255	0.00934	0.01016	0.00970	0.01245	0.00872	0.00726	0.01730	0.10649	0.06732	0.11212	0.10053	0.42065	0.05751	0.01064	0.00290	0.00462	0.01461	0.00742	0.00772
9	0.02061	0.10270	0.09470	0.09229	0.26173	0.05968	0.01924	0.07823	0.06226	0.06887	0.01671	0.01964	0.01312	0.01045	0.04449	0.00283	0.00991	0.00662	0.00469	0.01124
10	0.01079	0.00792	0.01011	0.00956	0.01147	0.00724	0.00717	0.01427	0.02151	0.03005	0.61345	0.05964	0.13541	0.01624	0.00915	0.00246	0.00369	0.01426	0.00840	0.00724
11	0.02217	0.09001	0.12898	0.02394	0.15640	0.08591	0.01830	0.18582	0.02234	0.05208	0.05398	0.01978	0.01531	0.00898	0.00924	0.00237	0.08131	0.00674	0.00515	0.01120
12	0.04163	0.01499	0.04203	0.20453	0.10106	0.01560	0.05707	0.08641	0.09280	0.02608	0.04677	0.13772	0.04632	0.04128	0.00950	0.00282	0.00810	0.01034	0.00548	0.00946
13	0.06693	0.05375	0.09991	0.06978	0.02030	0.01385	0.01280	0.04174	0.06770	0.07024	0.22934	0.09856	0.03628	0.03885	0.01005	0.00272	0.04136	0.01047	0.00641	0.00898
14	0.01939	0.07516	0.09607	0.05902	0.19543	0.07787	0.01817	0.05823	0.12709	0.02533	0.01670	0.01954	0.01347	0.01009	0.03113	0.00269	0.08693	0.00662	0.00462	0.05646

[dist]
# distance from previous block
# <min> <max>
2	17

[block]
# block no. 8 follows, 25 sequences, length 43
# corresponding to MSA columns:
# 1173-1215
name=unknown_I
#
# <colnr> <probs for GDERKNQSTAVLIFYWHMCP>
#	G	D	E	R	K	N	Q	S	T	A	V	L	I	F	Y	W	H	M	C	P
0	0.02248	0.18932	0.09985	0.04421	0.13530	0.25554	0.01729	0.04734	0.01903	0.02206	0.01279	0.01531	0.01059	0.00728	0.00664	0.00198	0.01063	0.00530	0.00390	0.07317
1	0.01330	0.00812	0.01021	0.01003	0.01157	0.00752	0.00698	0.01519	0.01701	0.09982	0.21768	0.23189	0.09474	0.20065	0.01699	0.00394	0.00524	0.01491	0.00721	0.00700
2	0.01405	0.00863	0.01073	0.00994	0.01252	0.00765	0.00754	0.01693	0.02018	0.12914	0.35311	0.11478	0.23178	0.01666	0.00900	0.00254	0.00426	0.01440	0.00821	0.00793
3	0.01857	0.01561	0.02244	0.14285	0.24139	0.01655	0.01685	0.16827	0.02268	0.03106	0.16802	0.03026	0.05173	0.01014	0.00810	0.00240	0.00778	0.00891	0.00589	0.01052
4	0.01015	0.00789	0.00922	0.00889	0.01108	0.00697	0.00667	0.01304	0.02001	0.02648	0.40412	0.06550	0.34697	0.01757	0.00915	0.00252	0.00378	0.01509	0.00793	0.00697
5	0.01540	0.01632	0.09179	0.17267	0.08125	0.01515	0.01556	0.04442	0.18834	0.02599	0.07548	0.08176	0.11987	0.01189	0.00819	0.00258	0.00739	0.01021	0.00594	0.00979
6	0.00934	0.00748	0.00836	0.00894	0.01079	0.00650	0.00640	0.01118	0.01691	0.02102	0.09380	0.29393	0.43605	0.02104	0.00941	0.00279	0.00411	0.01819	0.00726	0.00650
7	0.01530	0.01880	0.14989	0.02460	0.19194	0.01454	0.06776	0.02232	0.09815	0.02589	0.12446	0.13485	0.05431	0.01192	0.00838	0.00256	0.00780	0.01085	0.00560	0.01008
8	0.78228	0.01499	0.01140	0.01020	0.01499	0.01739	0.00840	0.02279	0.01320	0.03479	0.01080	0.01260	0.00840	0.00720	0.00480	0.00240	0.00600	0.00420	0.00480	0.00840
9	0.01810	0.02232	0.09266	0.03191	0.04001	0.01949	0.60548	0.02482	0.01816	0.02482	0.01556	0.02058	0.01162	0.00660	0.00902	0.00260	0.01295	0.00890	0.00387	0.01053
10	0.02947	0.02172	0.02327	0.01784	0.02404	0.02404	0.01474	0.65329	0.03646	0.04887	0.01862	0.01862	0.01319	0.00931	0.00776	0.00233	0.00853	0.00698	0.00776	0.01319
11	0.01128	0.00752	0.00846	0.00846	0.00846	0.00752	0.00470	0.01128	0.01128	0.01503	0.02443	0.05074	0.02819	0.72751	0.03946	0.00752	0.00752	0.01128	0.00470	0.00470
12	0.00957	0.00683	0.00913	0.01093	0.01143	0.00640	0.00740	0.01100	0.01496	0.01993	0.04267	0.69767	0.05102	0.02418	0.00993	0.00317	0.00460	0.04564	0.00720	0.00633
13	0.01103	0.00794	0.01096	0.01156	0.01253	0.00847	0.00857	0.01306	0.01347	0.01848	0.02872	0.17206	0.03105	0.19122	0.32268	0.00831	0.01281	0.10543	0.00529	0.00636
14	0.02491	0.03021	0.02257	0.02010	0.02275	0.46930	0.01565	0.02681	0.01856	0.01887	0.01138	0.01499	0.01005	0.00987	0.01322	0.00247	0.25008	0.00560	0.00379	0.00882
15	0.01830	0.02092	0.04575	0.03268	0.04052	0.01961	0.65098	0.02484	0.01830	0.02484	0.01569	0.02092	0.01176	0.00654	0.00915	0.00261	0.01307	0.00915	0.00392	0.01046
16	0.00916	0.00785	0.00785	0.00785	0.01047	0.00655	0.00589	0.01113	0.01767	0.02095	0.07855	0.07462	0.67599	0.01964	0.00916	0.00262	0.00393	0.01636	0.00720	0.00655
17	0.01464	0.01378	0.02326	0.70887	0.05340	0.01723	0.02153	0.01981	0.01550	0.01981	0.01378	0.02067	0.01034	0.00775	0.00775	0.00258	0.01034	0.00689	0.00345	0.00861
18	0.01919	0.01842	0.03147	0.04759	0.67914	0.01842	0.02380	0.02380	0.01765	0.02533	0.01458	0.01919	0.01228	0.00691	0.00768	0.00230	0.00921	0.00691	0.00384	0.01228
19	0.01234	0.00887	0.01227	0.01397	0.01580	0.00881	0.01218	0.01583	0.01784	0.02310	0.04284	0.08685	0.07465	0.02133	0.01064	0.00352	0.00699	0.59792	0.00714	0.00711
20	0.01031	0.00795	0.00954	0.00997	0.01196	0.00718	0.00773	0.01294	0.01842	0.02375	0.21296	0.15075	0.32619	0.01963	0.00956	0.00283	0.00458	0.13941	0.00752	0.00682
21	0.23322	0.01556	0.01663	0.01358	0.01885	0.01644	0.01107	0.15115	0.11981	0.25617	0.02282	0.02167	0.01583	0.00900	0.00688	0.00239	0.00659	0.00678	0.04410	0.01147
22	0.00968	0.00702	0.00918	0.01068	0.01145	0.00651	0.00737	0.01135	0.01570	0.02084	0.08985	0.59790	0.09770	0.02322	0.00983	0.00308	0.00453	0.05040	0.00729	0.00643
23	0.06337	0.01388	0.01778	0.01382	0.01949	0.01283	0.01136	0.10763	0.02347	0.53497	0.07582	0.02723	0.02202	0.00992	0.00777	0.00239	0.00658	0.00801	0.00910	0.01256
24	0.01024	0.00783	0.00923	0.00943	0.01142	0.00714	0.00713	0.01277	0.01784	0.02340	0.19925	0.14250	0.33865	0.02199	0.06302	0.00344	0.00547	0.06010	0.04235	0.00679
25	0.01738	0.03574	0.55939	0.02269	0.03330	0.01768	0.10057	0.02562	0.01705	0.07626	0.01543	0.01769	0.01078	0.00744	0.00761	0.00247	0.01127	0.00629	0.00385	0.01148
26	0.01298	0.01183	0.04405	0.01148	0.01468	0.01089	0.00931	0.02143	0.19640	0.02843	0.30757	0.05248	0.21818	0.01500	0.00872	0.00254	0.00478	0.01282	0.00775	0.00866
27	0.01191	0.00783	0.00987	0.01000	0.01095	0.00830	0.00710	0.01381	0.01312	0.01931	0.02457	0.04236	0.02481	0.31096	0.25299	0.00780	0.01122	0.05450	0.15249	0.00612
28	0.01273	0.01130	0.01799	0.45483	0.03802	0.01327	0.01623	0.01656	0.01547	0.01989	0.02693	0.22848	0.07090	0.01343	0.00848	0.00275	0.00817	0.01198	0.00481	0.00779
29	0.53533	0.01783	0.01582	0.04629	0.09573	0.09690	0.01169	0.02446	0.01528	0.06227	0.01246	0.01454	0.00964	0.00740	0.00566	0.00235	0.00753	0.00490	0.00476	0.00916
30	0.07670	0.01454	0.01588	0.01390	0.01816	0.01574	0.01092	0.08218	0.33520	0.13138	0.09012	0.06593	0.07237	0.01182	0.00794	0.00256	0.00593	0.00978	0.00789	0.01107
31	0.03243	0.01372	0.01792	0.01410	0.01985	0.01259	0.01153	0.03831	0.11981	0.58551	0.03074	0.02678	0.01987	0.00974	0.00781	0.00243	0.00653	0.00794	0.00934	0.01306
32	0.01802	0.01504	0.01709	0.01271	0.01924	0.01295	0.01019	0.09701	0.09035	0.02886	0.01632	0.01780	0.01303	0.00669	0.00622	0.00145	0.00612	0.00534	0.00533	0.60022
33	0.01789	0.01711	0.05314	0.05408	0.22294	0.03930	0.03975	0.10753	0.02064	0.02866	0.16922	0.06105	0.02790	0.01066	0.00938	0.00243	0.05975	0.00914	0.00560	0.04384
34	0.05750	0.02361	0.01885	0.06684	0.02259	0.28580	0.01313	0.16223	0.06920	0.02801	0.01668	0.01906	0.01311	0.00993	0.00870	0.05902	0.00979	0.00621	0.10030	0.00945
35	0.05707	0.01666	0.01975	0.01531	0.02127	0.01679	0.01261	0.27132	0.05849	0.38959	0.02542	0.02310	0.01677	0.00945	0.00769	0.00238	0.00729	0.00741	0.00865	0.01299
36	0.00994	0.00832	0.00944	0.00948	0.01143	0.00782	0.00707	0.01191	0.01707	0.02141	0.11666	0.19104	0.45925	0.01975	0.01049	0.00276	0.05588	0.01654	0.00703	0.00670
37	0.01930	0.01795	0.07062	0.10707	0.17558	0.04816	0.08485	0.02575	0.08896	0.10409	0.01916	0.02263	0.01486	0.01551	0.11236	0.00390	0.01108	0.00739	0.00500	0.04579
38	0.01344	0.11444	0.04136	0.01158	0.01375	0.01190	0.00916	0.01538	0.01362	0.04679	0.02459	0.16138	0.02604	0.22863	0.22680	0.00694	0.01122	0.01097	0.00495	0.00707
39	0.02549	0.01358	0.01589	0.01302	0.01749	0.01364	0.01045	0.19368	0.05343	0.26603	0.02697	0.07600	0.02033	0.01049	0.00732	0.00229	0.00615	0.00852	0.20815	0.01108
40	0.01095	0.00805	0.00991	0.01087	0.01174	0.00802	0.00731	0.01445	0.08724	0.02081	0.06560	0.49116	0.04485	0.15302	0.01513	0.00387	0.00521	0.01821	0.00687	0.00671
41	0.11397	0.01944	0.01999	0.09625	0.10936	0.13342	0.01442	0.19809	0.02217	0.03010	0.01909	0.11624	0.01762	0.04524	0.00909	0.00267	0.00884	0.00857	0.00554	0.00990
42	0.01967	0.02063	0.09548	0.05407	0.25821	0.04999	0.01819	0.10636	0.06429	0.02827	0.01585	0.01851	0.01253	0.00731	0.00716	0.00205	0.00856	0.00625	0.00475	0.20186

[dist]
# distance from previous block
# <min> <max>
0	3

[block]
# block no. 9 follows, 25 sequences, length 14
# corresponding to MSA columns:
# 1219-1232
name=unknown_J
#
# <colnr> <probs for GDERKNQSTAVLIFYWHMCP>
#	G	D	E	R	K	N	Q	S	T	A	V	L	I	F	Y	W	H	M	C	P
0	0.05287	0.08706	0.11655	0.09647	0.04634	0.08939	0.03630	0.06200	0.01730	0.07790	0.01407	0.01741	0.01114	0.00914	0.01164	0.00250	0.18753	0.00616	0.00437	0.05386
1	0.01852	0.04598	0.02069	0.02341	0.21308	0.07273	0.01435	0.04847	0.06885	0.07635	0.06542	0.03040	0.07745	0.04705	0.13852	0.00443	0.01040	0.00855	0.00544	0.00989
2	0.01226	0.00893	0.01222	0.06565	0.05302	0.00868	0.00920	0.01503	0.01800	0.05307	0.27781	0.19183	0.12363	0.07777	0.03503	0.00338	0.00573	0.01434	0.00701	0.00742
3	0.02041	0.01988	0.01938	0.01601	0.01977	0.17973	0.05127	0.12363	0.01936	0.02438	0.01655	0.02497	0.01543	0.18674	0.01686	0.00343	0.07753	0.00723	0.00483	0.15261
4	0.01132	0.00944	0.01008	0.00983	0.01251	0.00903	0.00738	0.01721	0.14069	0.02422	0.13658	0.11980	0.42773	0.01786	0.00898	0.00265	0.00436	0.01514	0.00749	0.00770
5	0.02047	0.01974	0.02067	0.01790	0.02010	0.15883	0.01431	0.06571	0.01698	0.06310	0.01654	0.10047	0.01587	0.01256	0.01598	0.00277	0.33880	0.00813	0.00475	0.06632
6	0.01212	0.00953	0.01128	0.01198	0.01377	0.00979	0.00873	0.01888	0.17875	0.02336	0.04391	0.42525	0.11552	0.02008	0.00937	0.00299	0.00505	0.06441	0.00737	0.00789
7	0.02743	0.01191	0.01557	0.01251	0.01692	0.01077	0.00982	0.05776	0.02075	0.45601	0.10206	0.03420	0.02674	0.14523	0.01390	0.00336	0.00652	0.00912	0.00847	0.01093
8	0.01608	0.01378	0.01608	0.01148	0.01837	0.01034	0.00919	0.01952	0.01608	0.02527	0.01378	0.01608	0.01148	0.00574	0.00574	0.00115	0.00574	0.00459	0.00459	0.77491
