[name]
unknown

[dist]
# distance from previous block
# <min> <max>
0	1558

[block]
# block no. 0 follows, 27 sequences, length 22
# corresponding to MSA columns:
# 2168-2189
name=unknown_A
#
# <colnr> <probs for GDERKNQSTAVLIFYWHMCP>
#	G	D	E	R	K	N	Q	S	T	A	V	L	I	F	Y	W	H	M	C	P
0	0.08270	0.01057	0.01253	0.01114	0.01462	0.01003	0.00892	0.06515	0.01903	0.17286	0.13990	0.09479	0.10955	0.01332	0.00780	0.00240	0.00530	0.09326	0.06098	0.06515
1	0.01672	0.06649	0.11237	0.08421	0.02203	0.13372	0.01335	0.04099	0.01606	0.02054	0.01724	0.13031	0.01667	0.01193	0.00985	0.10474	0.00825	0.00780	0.00428	0.16245
2	0.01541	0.01413	0.05114	0.07427	0.06454	0.06038	0.01187	0.07875	0.03976	0.05692	0.07120	0.20865	0.14163	0.03665	0.00979	0.00269	0.03570	0.01220	0.00600	0.00832
3	0.01800	0.08450	0.10897	0.01477	0.04437	0.01453	0.01281	0.06560	0.10479	0.09253	0.06540	0.08102	0.02026	0.00916	0.00685	0.00198	0.00664	0.00758	0.00564	0.23459
4	0.04419	0.17158	0.02365	0.01924	0.12494	0.01957	0.01369	0.12832	0.08359	0.02552	0.01892	0.11768	0.01777	0.01360	0.05494	0.00299	0.09684	0.00824	0.00502	0.00972
5	0.01363	0.00905	0.01272	0.16854	0.01997	0.00974	0.00984	0.01583	0.01374	0.08509	0.02403	0.14446	0.02411	0.24532	0.11821	0.00533	0.00884	0.01051	0.05420	0.00684
6	0.01668	0.14072	0.28178	0.02439	0.20456	0.01822	0.02019	0.06034	0.01737	0.02401	0.04158	0.02276	0.07963	0.00836	0.00701	0.00220	0.00878	0.00689	0.00408	0.01046
7	0.01580	0.08406	0.01721	0.08573	0.04422	0.01401	0.01144	0.07462	0.10612	0.06486	0.08561	0.03797	0.14366	0.01904	0.11907	0.00390	0.00852	0.04940	0.00595	0.00880
8	0.01414	0.01139	0.01309	0.01092	0.01500	0.01036	0.00857	0.07242	0.08472	0.02760	0.22001	0.03987	0.14657	0.01172	0.00750	0.00200	0.00493	0.02794	0.00654	0.26471
9	0.11887	0.02533	0.19100	0.01938	0.06974	0.12530	0.03762	0.17796	0.02156	0.12044	0.01598	0.01700	0.01145	0.00780	0.00691	0.00223	0.00931	0.00593	0.00531	0.01088
10	0.35641	0.10014	0.01936	0.06405	0.06369	0.05863	0.05654	0.02245	0.01474	0.08220	0.01405	0.01835	0.01165	0.07957	0.00894	0.00270	0.00761	0.00570	0.00455	0.00868
11	0.02529	0.08626	0.02018	0.10291	0.06918	0.05892	0.01285	0.02840	0.01922	0.37175	0.07901	0.05322	0.02099	0.00948	0.00732	0.00225	0.00724	0.00783	0.00695	0.01072
12	0.01998	0.01745	0.07567	0.07473	0.05472	0.01638	0.01376	0.29581	0.02468	0.03447	0.12311	0.02415	0.02141	0.00905	0.00720	0.00209	0.00717	0.00736	0.05885	0.11196
13	0.02106	0.08951	0.02664	0.12494	0.27008	0.06285	0.04969	0.07832	0.01871	0.11260	0.01567	0.01834	0.01200	0.00720	0.00703	0.00212	0.00876	0.00630	0.00467	0.06352
14	0.00898	0.00706	0.00812	0.00885	0.01041	0.00620	0.00626	0.01068	0.01593	0.02005	0.09060	0.36334	0.37603	0.02059	0.00908	0.00272	0.00399	0.01796	0.00696	0.00620
15	0.00922	0.00653	0.00856	0.01011	0.01050	0.00615	0.00665	0.01038	0.01387	0.01850	0.03918	0.66634	0.04691	0.09416	0.01228	0.00343	0.00459	0.02008	0.00665	0.00588
16	0.02271	0.11526	0.02209	0.01767	0.06712	0.13252	0.01331	0.11864	0.29678	0.08477	0.02167	0.02111	0.01633	0.00872	0.00701	0.00222	0.00792	0.00679	0.00622	0.01114
17	0.01873	0.01860	0.10816	0.02050	0.14167	0.07283	0.01490	0.08025	0.07348	0.09078	0.04774	0.09501	0.02071	0.10051	0.01248	0.00301	0.05683	0.00877	0.00539	0.00965
18	0.09196	0.25226	0.20090	0.01705	0.02358	0.05929	0.07005	0.04424	0.01592	0.04164	0.01292	0.01564	0.01046	0.01048	0.05324	0.00277	0.05875	0.00543	0.00376	0.00965
19	0.01146	0.00832	0.01126	0.01251	0.01430	0.00812	0.01070	0.01474	0.01758	0.02298	0.12638	0.07889	0.10995	0.01965	0.00992	0.00319	0.00610	0.50013	0.00701	0.00680
20	0.01362	0.00935	0.01160	0.01077	0.01308	0.00918	0.00813	0.05227	0.09031	0.07465	0.44227	0.14971	0.05536	0.01510	0.00858	0.00245	0.00431	0.01328	0.00795	0.00804
21	0.02089	0.15318	0.11659	0.08773	0.15254	0.07795	0.01770	0.17769	0.07643	0.02786	0.01522	0.01722	0.01181	0.00762	0.00683	0.00215	0.00902	0.00600	0.00471	0.01087

[dist]
# distance from previous block
# <min> <max>
0	19

[block]
# block no. 1 follows, 27 sequences, length 59
# corresponding to MSA columns:
# 2209-2217,2223-2272
name=unknown_B
#
# <colnr> <probs for GDERKNQSTAVLIFYWHMCP>
#	G	D	E	R	K	N	Q	S	T	A	V	L	I	F	Y	W	H	M	C	P
0	0.01701	0.02388	0.19065	0.09526	0.10107	0.04113	0.37418	0.02336	0.01690	0.02312	0.01424	0.01862	0.01070	0.00663	0.00804	0.00242	0.01158	0.00746	0.00356	0.01019
1	0.00895	0.00684	0.00822	0.00932	0.01050	0.00612	0.00644	0.01045	0.01519	0.01935	0.05333	0.49432	0.28103	0.02164	0.00922	0.00283	0.00411	0.01914	0.00689	0.00612
2	0.02516	0.01954	0.01936	0.01596	0.02064	0.18490	0.05184	0.12137	0.10465	0.22026	0.09415	0.02601	0.04319	0.00966	0.00754	0.00224	0.00826	0.00779	0.00690	0.01056
3	0.01669	0.11662	0.08588	0.01374	0.01791	0.01580	0.01227	0.18195	0.02020	0.02756	0.12849	0.06712	0.02509	0.02360	0.20830	0.00499	0.01078	0.00848	0.00551	0.00901
4	0.01653	0.01671	0.01737	0.11628	0.02192	0.17282	0.01307	0.04009	0.01503	0.01860	0.01549	0.02291	0.01414	0.07110	0.27154	0.00625	0.13174	0.00693	0.00387	0.00763
5	0.00916	0.00651	0.00858	0.01019	0.01059	0.00611	0.00674	0.01037	0.01399	0.01865	0.03978	0.68960	0.04766	0.06988	0.01132	0.00329	0.00450	0.02043	0.00674	0.00593
6	0.01539	0.01319	0.01539	0.01100	0.01759	0.00990	0.00880	0.01869	0.01539	0.02419	0.01319	0.01539	0.01100	0.00550	0.00550	0.00110	0.00550	0.00440	0.00440	0.78449
7	0.01586	0.01131	0.01354	0.01074	0.01571	0.00894	0.00837	0.01859	0.01615	0.11036	0.02755	0.14175	0.10259	0.01055	0.00681	0.00174	0.00519	0.00894	0.00574	0.45957
8	0.02027	0.05900	0.01778	0.01425	0.01842	0.01630	0.01169	0.17212	0.23297	0.10340	0.10948	0.03691	0.02833	0.01184	0.00794	0.00250	0.00643	0.11250	0.00739	0.01051
9	0.00942	0.00678	0.00843	0.00954	0.01054	0.00621	0.00658	0.01114	0.01538	0.02064	0.10332	0.51389	0.16218	0.02086	0.00903	0.00279	0.00409	0.01860	0.05438	0.00621
10	0.02995	0.01465	0.01807	0.01422	0.01974	0.01434	0.01163	0.15084	0.13184	0.47076	0.02737	0.02432	0.01804	0.00928	0.00747	0.00232	0.00658	0.00748	0.00860	0.01249
11	0.00960	0.00751	0.00884	0.00959	0.01142	0.00674	0.00738	0.01175	0.01648	0.02063	0.08131	0.22593	0.37713	0.02007	0.00926	0.00282	0.00456	0.15568	0.00693	0.00636
12	0.01538	0.01424	0.02387	0.46703	0.25140	0.01631	0.02042	0.02008	0.01554	0.02113	0.01407	0.01979	0.01101	0.00724	0.00727	0.00235	0.00919	0.00662	0.04778	0.00928
13	0.01626	0.09478	0.13640	0.17762	0.16231	0.08406	0.01788	0.02116	0.03593	0.02167	0.06067	0.02600	0.09686	0.00903	0.00725	0.00225	0.00876	0.00753	0.00423	0.00936
14	0.01289	0.00645	0.00967	0.00967	0.00967	0.00645	0.00645	0.00967	0.00967	0.01289	0.01289	0.02257	0.01289	0.02579	0.02901	0.78401	0.00645	0.00645	0.00322	0.00322
15	0.01685	0.04522	0.09547	0.02533	0.18624	0.01618	0.16536	0.10185	0.01936	0.02645	0.09151	0.02885	0.10033	0.01108	0.03452	0.00269	0.00903	0.00876	0.00496	0.00995
16	0.00964	0.00714	0.00970	0.05374	0.01340	0.00690	0.00786	0.01155	0.01541	0.02063	0.13240	0.54921	0.07344	0.02089	0.00925	0.00288	0.00459	0.03820	0.00685	0.00634
17	0.02436	0.01420	0.01665	0.01365	0.01814	0.01455	0.01093	0.23603	0.09454	0.24523	0.08337	0.10068	0.02469	0.01116	0.00765	0.00234	0.00624	0.00923	0.05535	0.01101
18	0.01078	0.00725	0.00836	0.00836	0.00845	0.00734	0.00483	0.01097	0.01087	0.01459	0.02315	0.04723	0.02640	0.69169	0.08440	0.00753	0.00808	0.01060	0.00446	0.00465
19	0.01629	0.09150	0.10548	0.01684	0.13475	0.01351	0.01253	0.05946	0.01695	0.02662	0.01913	0.02220	0.01510	0.00786	0.00591	0.00191	0.00615	0.00635	0.41252	0.00893
20	0.02018	0.01696	0.01896	0.01605	0.02010	0.01973	0.01287	0.18038	0.38238	0.03214	0.02301	0.02282	0.01755	0.01002	0.01017	0.00249	0.12462	0.00746	0.00664	0.05547
21	0.02131	0.09228	0.02590	0.10029	0.25634	0.02009	0.01719	0.26776	0.02363	0.03195	0.05872	0.02005	0.01544	0.00810	0.00721	0.00219	0.00825	0.00681	0.00531	0.01118
22	0.01178	0.01023	0.01325	0.01293	0.01383	0.01196	0.00983	0.01449	0.05457	0.01956	0.03689	0.35090	0.15112	0.01849	0.01380	0.00296	0.22565	0.01486	0.00581	0.00706
23	0.01796	0.28467	0.02863	0.01698	0.01945	0.04862	0.01487	0.01987	0.01307	0.01773	0.01002	0.01455	0.00966	0.01037	0.01654	0.00259	0.43702	0.00551	0.00324	0.00866
24	0.79154	0.01436	0.01091	0.00976	0.01436	0.01665	0.00804	0.02182	0.01263	0.03331	0.01034	0.01206	0.00804	0.00689	0.00459	0.00230	0.00574	0.00402	0.00459	0.00804
25	0.00988	0.00756	0.00905	0.00868	0.01071	0.00674	0.00651	0.01280	0.01953	0.02626	0.46691	0.06124	0.29421	0.01649	0.00876	0.00240	0.00360	0.01424	0.00771	0.00674
26	0.02822	0.02079	0.02228	0.01708	0.02302	0.02302	0.01411	0.66804	0.03490	0.04679	0.01782	0.01782	0.01262	0.00891	0.00743	0.00223	0.00817	0.00668	0.00743	0.01262
27	0.01167	0.00815	0.00996	0.01010	0.01089	0.00839	0.00689	0.05178	0.01365	0.01832	0.02715	0.16054	0.03031	0.41212	0.11567	0.00642	0.00839	0.07857	0.00525	0.00577
28	0.17320	0.02009	0.02269	0.04588	0.14364	0.15760	0.08335	0.08039	0.01762	0.02546	0.01428	0.05986	0.01257	0.00892	0.00917	0.00239	0.10235	0.00683	0.00436	0.00934
29	0.01968	0.01655	0.01747	0.01535	0.01977	0.01903	0.01204	0.11758	0.59928	0.03301	0.02868	0.02647	0.02141	0.00993	0.00754	0.00248	0.00616	0.00818	0.00754	0.01186
30	0.01007	0.00689	0.00831	0.00902	0.00920	0.00672	0.00549	0.01061	0.01221	0.01628	0.03063	0.33178	0.03612	0.44344	0.02609	0.00547	0.00600	0.01505	0.00549	0.00513
31	0.01063	0.00787	0.01153	0.01153	0.01271	0.00906	0.00877	0.01300	0.01181	0.01693	0.02025	0.03121	0.01945	0.12781	0.63877	0.01143	0.01855	0.00825	0.00403	0.00640
32	0.01455	0.01356	0.02273	0.48286	0.20202	0.01567	0.01969	0.01898	0.01528	0.02024	0.01631	0.09485	0.01448	0.00890	0.00762	0.00247	0.00905	0.00813	0.00377	0.00886
33	0.02203	0.02300	0.02408	0.16347	0.15683	0.25015	0.05407	0.14046	0.02107	0.02501	0.01474	0.04378	0.01218	0.00814	0.00732	0.00221	0.01049	0.00667	0.00445	0.00985
34	0.01136	0.00795	0.00967	0.00992	0.01144	0.00784	0.00717	0.01588	0.08710	0.02558	0.27160	0.29787	0.04895	0.01654	0.00831	0.00251	0.00404	0.01465	0.13450	0.00713
35	0.02093	0.05078	0.22258	0.02065	0.09526	0.01859	0.04161	0.24506	0.04295	0.07050	0.01716	0.02001	0.01310	0.05134	0.03409	0.00289	0.00940	0.00668	0.00529	0.01113
36	0.25854	0.05413	0.08228	0.01576	0.02043	0.36243	0.01327	0.02536	0.01716	0.02321	0.01179	0.01414	0.00965	0.01035	0.05044	0.00269	0.01103	0.00479	0.00398	0.00857
37	0.01667	0.01592	0.02558	0.10155	0.39803	0.01779	0.01966	0.02029	0.01536	0.02189	0.01673	0.02401	0.03871	0.00957	0.01176	0.00257	0.18415	0.04590	0.00385	0.01002
38	0.49693	0.08888	0.13525	0.01202	0.01761	0.01698	0.01181	0.02134	0.01429	0.02966	0.08247	0.01726	0.01497	0.00774	0.00548	0.00224	0.00664	0.00527	0.00458	0.00859
39	0.02172	0.04302	0.01979	0.01502	0.02024	0.13262	0.01214	0.19519	0.02132	0.05047	0.01421	0.01601	0.01125	0.00772	0.00827	0.00182	0.08457	0.00539	0.00511	0.31409
40	0.01692	0.00932	0.01027	0.00921	0.01189	0.00928	0.00715	0.09925	0.01907	0.10021	0.08478	0.05641	0.06305	0.01042	0.00638	0.00200	0.00440	0.00853	0.46328	0.00817
41	0.00896	0.00705	0.00810	0.00884	0.01040	0.00619	0.00625	0.01064	0.01587	0.01993	0.08324	0.36553	0.38142	0.02065	0.00909	0.00273	0.00399	0.01800	0.00694	0.00619
42	0.00924	0.00702	0.00857	0.00972	0.01097	0.00635	0.00697	0.01093	0.01540	0.01964	0.05222	0.44942	0.26255	0.02150	0.00932	0.00288	0.00437	0.07986	0.00689	0.00619
43	0.01389	0.00803	0.01050	0.01014	0.01192	0.00738	0.00730	0.01615	0.01763	0.13588	0.29181	0.26218	0.04943	0.10818	0.01243	0.00316	0.00469	0.01450	0.00748	0.00732
44	0.00912	0.00740	0.00809	0.00821	0.01031	0.00637	0.00605	0.01122	0.01732	0.02168	0.18218	0.15229	0.49642	0.01871	0.00886	0.00254	0.00378	0.01595	0.00713	0.00637
45	0.01508	0.01735	0.11358	0.15103	0.12338	0.01506	0.18780	0.02005	0.01578	0.02254	0.01815	0.09564	0.01594	0.01032	0.02819	0.00269	0.03115	0.00863	0.09852	0.00911
46	0.02068	0.66883	0.03702	0.01338	0.01946	0.10113	0.01288	0.02301	0.01571	0.01754	0.01044	0.01206	0.00953	0.00649	0.00497	0.00162	0.00851	0.00406	0.00324	0.00943
47	0.05027	0.15766	0.02071	0.01389	0.01848	0.01814	0.01171	0.15990	0.16243	0.11380	0.02603	0.07581	0.04126	0.01126	0.00735	0.00238	0.00676	0.08523	0.00661	0.01033
48	0.09246	0.11910	0.06204	0.15663	0.13949	0.12446	0.01712	0.06179	0.01673	0.02269	0.01220	0.01593	0.01005	0.00799	0.00905	0.00229	0.11108	0.00565	0.00378	0.00945
49	0.57214	0.09511	0.01569	0.01176	0.01640	0.14310	0.00967	0.02328	0.01441	0.02890	0.01054	0.01228	0.00847	0.00697	0.00499	0.00215	0.00736	0.00415	0.00431	0.00830
50	0.16702	0.01197	0.01196	0.01090	0.01394	0.06188	0.00847	0.01983	0.05551	0.09318	0.25558	0.03853	0.11821	0.01685	0.08157	0.00334	0.00684	0.00978	0.00661	0.00802
51	0.00966	0.00719	0.00899	0.00932	0.01077	0.00652	0.00669	0.01207	0.01785	0.02409	0.34261	0.29278	0.18681	0.01869	0.00901	0.00260	0.00383	0.01652	0.00747	0.00652
52	0.01080	0.00720	0.00810	0.00810	0.00810	0.00720	0.00450	0.01080	0.01080	0.01439	0.02339	0.04858	0.02699	0.73910	0.03779	0.00720	0.00720	0.01080	0.00450	0.00450
53	0.79154	0.01436	0.01091	0.00976	0.01436	0.01665	0.00804	0.02182	0.01263	0.03331	0.01034	0.01206	0.00804	0.00689	0.00459	0.00230	0.00574	0.00402	0.00459	0.00804
54	0.15070	0.01180	0.01378	0.01135	0.01583	0.01144	0.00919	0.02940	0.06721	0.37862	0.04880	0.02487	0.01899	0.00898	0.00658	0.00220	0.00550	0.00707	0.16724	0.01044
55	0.01078	0.00728	0.00850	0.00850	0.00864	0.00742	0.00500	0.01106	0.01092	0.01469	0.02302	0.04653	0.02610	0.66697	0.10870	0.00770	0.00854	0.01050	0.00444	0.00472
56	0.01408	0.01120	0.01255	0.01218	0.01481	0.01183	0.00920	0.08903	0.22121	0.02599	0.04147	0.28167	0.15565	0.01671	0.00858	0.00271	0.00524	0.05017	0.00715	0.00857
57	0.15694	0.24209	0.06251	0.01323	0.01950	0.02044	0.01211	0.16453	0.01915	0.02870	0.01283	0.01428	0.01029	0.00685	0.00563	0.00178	0.00720	0.00477	0.00465	0.19252
58	0.01675	0.10152	0.26387	0.02600	0.14904	0.01938	0.14483	0.02233	0.01558	0.02230	0.01294	0.01666	0.01031	0.00752	0.00955	0.00235	0.10995	0.00626	0.00342	0.03946

[dist]
# distance from previous block
# <min> <max>
0	1

[block]
# block no. 2 follows, 27 sequences, length 20
# corresponding to MSA columns:
# 2274-2293
name=unknown_C
#
# <colnr> <probs for GDERKNQSTAVLIFYWHMCP>
#	G	D	E	R	K	N	Q	S	T	A	V	L	I	F	Y	W	H	M	C	P
0	0.00905	0.00714	0.00793	0.00850	0.01009	0.00628	0.00595	0.01056	0.01546	0.01917	0.05911	0.28743	0.41743	0.08713	0.01170	0.00311	0.00426	0.01700	0.00667	0.00602
1	0.09462	0.01582	0.06357	0.28671	0.09500	0.01689	0.07655	0.01929	0.01472	0.02157	0.01893	0.02334	0.07980	0.00928	0.01026	0.00256	0.13121	0.00738	0.00386	0.00865
2	0.01573	0.01830	0.14242	0.01380	0.01771	0.10762	0.01254	0.08469	0.01758	0.02385	0.02501	0.16954	0.05394	0.01863	0.11051	0.00372	0.00933	0.00981	0.13701	0.00825
3	0.02545	0.12149	0.02315	0.01605	0.02109	0.12313	0.01332	0.38021	0.02695	0.05749	0.01625	0.01722	0.01224	0.00859	0.00774	0.00212	0.04877	0.00606	0.06173	0.01094
4	0.01935	0.01700	0.01654	0.07995	0.02089	0.16278	0.01190	0.06171	0.12682	0.09291	0.04487	0.10318	0.02091	0.01801	0.12236	0.00385	0.01006	0.00856	0.00570	0.05263
5	0.04226	0.01666	0.02203	0.17054	0.21916	0.08186	0.01697	0.04957	0.01626	0.02310	0.01422	0.01885	0.01170	0.00852	0.01025	0.00238	0.14876	0.00638	0.11127	0.00927
6	0.01068	0.00765	0.01038	0.01038	0.01118	0.00844	0.00735	0.01226	0.01147	0.01609	0.02130	0.03700	0.02196	0.33132	0.43869	0.01002	0.01477	0.00910	0.00419	0.00577
7	0.01061	0.00795	0.01193	0.01193	0.01326	0.00928	0.00928	0.01326	0.01193	0.01723	0.01988	0.02916	0.01856	0.05568	0.70968	0.01193	0.01988	0.00795	0.00398	0.00663
8	0.79154	0.01436	0.01091	0.00976	0.01436	0.01665	0.00804	0.02182	0.01263	0.03331	0.01034	0.01206	0.00804	0.00689	0.00459	0.00230	0.00574	0.00402	0.00459	0.00804
9	0.02395	0.01867	0.01987	0.01622	0.02139	0.02103	0.01308	0.39262	0.31728	0.03989	0.02325	0.02215	0.01702	0.00942	0.00748	0.00235	0.00716	0.00743	0.00748	0.01224
10	0.44666	0.01409	0.01386	0.01131	0.01652	0.01463	0.00930	0.06199	0.01669	0.22797	0.01661	0.01660	0.01163	0.00753	0.00569	0.00217	0.00602	0.00522	0.00608	0.08941
11	0.01624	0.07271	0.52622	0.02143	0.03098	0.01865	0.09093	0.05938	0.01670	0.02424	0.01341	0.01606	0.00980	0.00733	0.00797	0.00236	0.04554	0.00586	0.00345	0.01075
12	0.01905	0.01782	0.01640	0.01500	0.01877	0.13384	0.01181	0.08985	0.34802	0.02797	0.03175	0.03658	0.09081	0.01189	0.00789	0.00251	0.00728	0.09596	0.00674	0.01005
13	0.01080	0.00720	0.00810	0.00810	0.00810	0.00720	0.00450	0.01080	0.01080	0.01439	0.02339	0.04858	0.02699	0.73910	0.03779	0.00720	0.00720	0.01080	0.00450	0.00450
14	0.01008	0.00739	0.00945	0.00932	0.01093	0.00676	0.00685	0.01304	0.01944	0.02693	0.51555	0.17262	0.13015	0.01692	0.00888	0.00247	0.00367	0.01496	0.00782	0.00676
15	0.01076	0.00735	0.00885	0.00885	0.00911	0.00760	0.00543	0.01128	0.01102	0.01495	0.02271	0.04478	0.02534	0.60545	0.16918	0.00812	0.00968	0.01024	0.00440	0.00491
16	0.01910	0.01685	0.02238	0.06454	0.26315	0.01848	0.01641	0.09070	0.34568	0.02942	0.02231	0.02300	0.01712	0.00858	0.00746	0.00238	0.00736	0.00750	0.00592	0.01164
17	0.01077	0.00730	0.00863	0.00863	0.00881	0.00748	0.00516	0.01114	0.01095	0.01479	0.02291	0.04590	0.02583	0.64475	0.13055	0.00785	0.00895	0.01040	0.00443	0.00479
18	0.09056	0.06444	0.06344	0.06100	0.32467	0.12593	0.05505	0.02281	0.01703	0.02351	0.04673	0.04290	0.01480	0.00781	0.00704	0.00220	0.00916	0.00681	0.00404	0.01006
19	0.11964	0.09683	0.06144	0.04164	0.09963	0.11646	0.09778	0.02317	0.01628	0.06034	0.01434	0.01905	0.01196	0.00801	0.00832	0.00221	0.07556	0.03405	0.00421	0.08910

[dist]
# distance from previous block
# <min> <max>
0	230

[block]
# block no. 3 follows, 27 sequences, length 29
# corresponding to MSA columns:
# 2548-2576
name=unknown_D
#
# <colnr> <probs for GDERKNQSTAVLIFYWHMCP>
#	G	D	E	R	K	N	Q	S	T	A	V	L	I	F	Y	W	H	M	C	P
0	0.28423	0.09702	0.01781	0.01222	0.01775	0.04856	0.01017	0.10411	0.03752	0.08945	0.01435	0.01533	0.01097	0.00706	0.00564	0.00189	0.00664	0.00492	0.00520	0.20915
1	0.01905	0.07058	0.05588	0.16768	0.02973	0.06334	0.12781	0.09630	0.11433	0.06914	0.09250	0.02389	0.01944	0.00866	0.00757	0.00232	0.00878	0.00769	0.00538	0.00992
2	0.00906	0.00718	0.00815	0.00865	0.01039	0.00627	0.00620	0.01092	0.01649	0.02078	0.13238	0.28700	0.41061	0.01986	0.00900	0.00265	0.00391	0.01720	0.00704	0.00627
3	0.01939	0.01968	0.02852	0.07727	0.26855	0.09641	0.12244	0.07854	0.01771	0.02374	0.01324	0.01767	0.01096	0.00829	0.01115	0.00246	0.16313	0.00673	0.00391	0.01019
4	0.01099	0.00822	0.01027	0.00965	0.01164	0.00783	0.00727	0.01572	0.07117	0.02916	0.59387	0.05449	0.11138	0.01505	0.00866	0.00236	0.00370	0.01320	0.00803	0.00731
5	0.01067	0.00772	0.01072	0.01072	0.01163	0.00862	0.00777	0.01248	0.01157	0.01634	0.02099	0.03529	0.02122	0.27121	0.49779	0.01044	0.01588	0.00885	0.00414	0.00596
6	0.01653	0.01619	0.02067	0.21926	0.12127	0.08923	0.01593	0.02133	0.06455	0.02098	0.01467	0.01940	0.01218	0.01335	0.08759	0.00333	0.10516	0.00634	0.00396	0.12807
7	0.01827	0.01111	0.01388	0.01186	0.01442	0.01117	0.00887	0.17280	0.01723	0.06802	0.01522	0.02079	0.01298	0.01831	0.01970	0.45426	0.00675	0.00634	0.00478	0.09324
8	0.02299	0.01865	0.02566	0.02259	0.10877	0.01981	0.13492	0.28397	0.18118	0.07244	0.02040	0.02105	0.01496	0.00842	0.00770	0.00235	0.00841	0.00751	0.00641	0.01183
9	0.41712	0.01552	0.01621	0.01730	0.12321	0.01735	0.01186	0.09648	0.12273	0.03240	0.01655	0.02021	0.01342	0.00834	0.00614	0.00237	0.00658	0.04119	0.00536	0.00966
10	0.01778	0.01823	0.02341	0.12348	0.30929	0.13483	0.01799	0.02111	0.01639	0.02106	0.01716	0.10786	0.01658	0.01014	0.00951	0.00245	0.08902	0.03013	0.00411	0.00947
11	0.11288	0.03304	0.01991	0.01808	0.02199	0.63208	0.01364	0.02877	0.02010	0.01986	0.01135	0.01324	0.00939	0.00757	0.00646	0.00196	0.01254	0.00470	0.00391	0.00854
12	0.01945	0.07563	0.06030	0.22831	0.11364	0.15436	0.01667	0.09963	0.01889	0.02406	0.01470	0.01828	0.01150	0.00760	0.00676	0.00213	0.00933	0.00603	0.10336	0.00936
13	0.01188	0.00726	0.00886	0.00899	0.01017	0.00765	0.00649	0.01428	0.01343	0.02125	0.02397	0.08614	0.02265	0.15908	0.23538	0.00608	0.00943	0.00905	0.33163	0.00631
14	0.01074	0.00743	0.00930	0.00930	0.00972	0.00785	0.00600	0.01157	0.01115	0.01529	0.02229	0.04249	0.02434	0.52469	0.24858	0.00868	0.01118	0.00990	0.00433	0.00517
15	0.00964	0.00755	0.00872	0.00843	0.01056	0.00663	0.00632	0.01233	0.01896	0.02490	0.38133	0.06347	0.38064	0.01699	0.00876	0.00242	0.00363	0.01455	0.00753	0.00663
16	0.01065	0.00779	0.01111	0.01111	0.01215	0.00883	0.00826	0.01273	0.01169	0.01663	0.02063	0.03331	0.02036	0.20159	0.56623	0.01092	0.01718	0.00856	0.00409	0.00617
17	0.02464	0.01901	0.02026	0.01636	0.02166	0.02135	0.01324	0.43707	0.27172	0.04101	0.02238	0.02145	0.01631	0.00934	0.00747	0.00233	0.00733	0.00731	0.00747	0.01230
18	0.02449	0.33087	0.02871	0.01614	0.02132	0.32841	0.01362	0.11514	0.02046	0.02185	0.01187	0.01338	0.00997	0.00728	0.00598	0.00182	0.01037	0.00470	0.00405	0.00955
19	0.01862	0.16084	0.29388	0.01815	0.02462	0.08040	0.01923	0.04943	0.01614	0.05929	0.01320	0.01599	0.01046	0.01004	0.03446	0.00268	0.15327	0.00559	0.00377	0.00994
20	0.02041	0.19851	0.05146	0.05880	0.07724	0.11430	0.05189	0.10188	0.09200	0.02385	0.01432	0.01683	0.01169	0.00843	0.00951	0.00226	0.12630	0.00599	0.00435	0.00998
21	0.02013	0.01536	0.01938	0.20923	0.02803	0.01742	0.01439	0.24549	0.10442	0.07158	0.12428	0.02588	0.02238	0.00982	0.00835	0.00239	0.03690	0.00797	0.00636	0.01024
22	0.00904	0.00744	0.00795	0.00802	0.01024	0.00635	0.00594	0.01109	0.01725	0.02131	0.15737	0.12738	0.54755	0.01869	0.00883	0.00253	0.00377	0.01583	0.00707	0.00635
23	0.14045	0.01165	0.01268	0.01110	0.01498	0.01174	0.00877	0.02517	0.16088	0.18806	0.12116	0.03957	0.19970	0.01228	0.00754	0.00240	0.00511	0.01001	0.00738	0.00935
24	0.00906	0.00750	0.00775	0.00770	0.00996	0.00639	0.00566	0.01092	0.01676	0.02036	0.11806	0.06847	0.59170	0.07373	0.01100	0.00285	0.00400	0.01512	0.00681	0.00619
25	0.79154	0.01436	0.01091	0.00976	0.01436	0.01665	0.00804	0.02182	0.01263	0.03331	0.01034	0.01206	0.00804	0.00689	0.00459	0.00230	0.00574	0.00402	0.00459	0.00804
26	0.73304	0.01485	0.01178	0.01032	0.01502	0.01714	0.00850	0.07135	0.01434	0.03434	0.01091	0.01250	0.00839	0.00705	0.00481	0.00229	0.00593	0.00422	0.00481	0.00839
27	0.70551	0.09565	0.01403	0.01009	0.01488	0.01807	0.00856	0.02187	0.01291	0.03154	0.01034	0.01204	0.00821	0.00683	0.00461	0.00222	0.00599	0.00401	0.00444	0.00821
28	0.34462	0.26637	0.02253	0.04458	0.01881	0.06619	0.01100	0.02415	0.01521	0.10948	0.01291	0.01411	0.01003	0.00707	0.00528	0.00204	0.00727	0.00460	0.00457	0.00917

[dist]
# distance from previous block
# <min> <max>
0	2

[block]
# block no. 4 follows, 27 sequences, length 45
# corresponding to MSA columns:
# 2579-2623
name=unknown_E
#
# <colnr> <probs for GDERKNQSTAVLIFYWHMCP>
#	G	D	E	R	K	N	Q	S	T	A	V	L	I	F	Y	W	H	M	C	P
0	0.02477	0.02642	0.02227	0.05343	0.06679	0.34775	0.01543	0.18916	0.02246	0.02583	0.01305	0.01559	0.01053	0.00875	0.00979	0.00225	0.12564	0.00574	0.00461	0.00974
1	0.01635	0.01106	0.01404	0.01233	0.01523	0.01168	0.00968	0.14546	0.01736	0.06197	0.01879	0.02442	0.01597	0.03204	0.33228	0.09864	0.01266	0.00707	0.05690	0.08608
2	0.03235	0.01416	0.01818	0.01393	0.01971	0.01318	0.01151	0.15474	0.02381	0.57576	0.02714	0.02387	0.01730	0.00914	0.00746	0.00228	0.00666	0.00732	0.00886	0.01263
3	0.00917	0.00688	0.00821	0.00918	0.01022	0.00624	0.00621	0.01049	0.01467	0.01876	0.04971	0.44367	0.24931	0.10617	0.01259	0.00335	0.00447	0.01817	0.00661	0.00592
4	0.02274	0.01520	0.01721	0.01440	0.01887	0.01627	0.01145	0.22966	0.23255	0.16162	0.08910	0.08937	0.02552	0.01119	0.00778	0.00241	0.00631	0.00928	0.00782	0.01124
5	0.00914	0.00749	0.00806	0.00800	0.01027	0.00641	0.00597	0.01133	0.01766	0.02200	0.19979	0.09406	0.53759	0.01823	0.00880	0.00249	0.00373	0.01542	0.00716	0.00641
6	0.14153	0.40142	0.02912	0.01427	0.01909	0.12903	0.01274	0.04309	0.01572	0.02103	0.01066	0.01293	0.00943	0.00761	0.00776	0.00199	0.10536	0.00453	0.00364	0.00906
7	0.09652	0.19342	0.08023	0.04607	0.25802	0.02092	0.01742	0.09878	0.01791	0.05091	0.01349	0.01612	0.01087	0.00730	0.00725	0.00214	0.04208	0.00567	0.00422	0.01065
8	0.02341	0.41049	0.09718	0.01457	0.02094	0.10418	0.01404	0.05087	0.01789	0.16090	0.01499	0.01546	0.01148	0.00726	0.00588	0.00187	0.00855	0.00505	0.00466	0.01033
9	0.00999	0.00686	0.00834	0.00913	0.00933	0.00666	0.00560	0.01058	0.01237	0.01649	0.03146	0.36442	0.03717	0.40937	0.02475	0.00527	0.00587	0.01554	0.00560	0.00520
10	0.01374	0.01077	0.01626	0.04357	0.09177	0.01109	0.07344	0.06470	0.01588	0.02269	0.02446	0.19866	0.02463	0.09261	0.13857	0.00463	0.00910	0.01105	0.12464	0.00773
11	0.01787	0.01503	0.02169	0.30833	0.15485	0.01688	0.01712	0.18288	0.02080	0.02796	0.09021	0.02430	0.01840	0.04148	0.00893	0.00256	0.00843	0.00757	0.00501	0.00969
12	0.79154	0.01436	0.01091	0.00976	0.01436	0.01665	0.00804	0.02182	0.01263	0.03331	0.01034	0.01206	0.00804	0.00689	0.00459	0.00230	0.00574	0.00402	0.00459	0.00804
13	0.01938	0.01594	0.02139	0.01729	0.02176	0.01723	0.13067	0.16716	0.29100	0.03046	0.02206	0.02346	0.01688	0.01119	0.01055	0.10909	0.00753	0.00774	0.04902	0.01019
14	0.02463	0.01775	0.01933	0.01578	0.02095	0.01964	0.01272	0.32386	0.30986	0.11674	0.02449	0.02294	0.01761	0.00944	0.00749	0.00236	0.00697	0.00751	0.00769	0.01225
15	0.16081	0.06664	0.01970	0.01490	0.02011	0.14463	0.01214	0.21919	0.05436	0.19010	0.01817	0.01785	0.01290	0.00829	0.00665	0.00217	0.00814	0.00596	0.00643	0.01086
16	0.01788	0.04641	0.01727	0.05909	0.09945	0.01320	0.01167	0.02182	0.04167	0.11870	0.01920	0.02213	0.01503	0.01143	0.05344	0.00268	0.08696	0.00653	0.22048	0.11497
17	0.01818	0.01111	0.01155	0.00999	0.01299	0.01178	0.00788	0.21366	0.02140	0.03344	0.02229	0.02470	0.01710	0.00873	0.00586	0.00188	0.00488	0.00685	0.54709	0.00864
18	0.06918	0.02172	0.21534	0.01552	0.02161	0.04101	0.01529	0.14430	0.05735	0.10746	0.04547	0.09469	0.01917	0.05182	0.00903	0.00260	0.00792	0.00814	0.00574	0.04664
19	0.01784	0.01541	0.01619	0.01462	0.01871	0.01768	0.01136	0.03760	0.63680	0.03035	0.03311	0.03051	0.06554	0.01063	0.00763	0.00252	0.00574	0.00886	0.00751	0.01140
20	0.01072	0.00750	0.00963	0.00963	0.01016	0.00803	0.00641	0.01178	0.01125	0.01553	0.02199	0.04082	0.02362	0.46606	0.30622	0.00909	0.01227	0.00966	0.00429	0.00535
21	0.12598	0.41975	0.03005	0.01604	0.06270	0.19844	0.01313	0.02408	0.01637	0.02022	0.01085	0.01272	0.00948	0.00677	0.00539	0.00181	0.00907	0.00435	0.00356	0.00924
22	0.02788	0.03105	0.02141	0.01852	0.02297	0.50572	0.01427	0.21902	0.02515	0.02666	0.01336	0.01470	0.01047	0.00802	0.00691	0.00201	0.01184	0.00535	0.00489	0.00980
23	0.01786	0.19557	0.18206	0.01450	0.02198	0.01784	0.01472	0.09716	0.01768	0.02508	0.01308	0.01491	0.01046	0.00647	0.00591	0.00164	0.00768	0.00482	0.00417	0.32642
24	0.01352	0.01064	0.01341	0.01154	0.01505	0.00953	0.03761	0.05908	0.03885	0.02495	0.09632	0.24055	0.06872	0.01327	0.00753	0.00212	0.00517	0.01168	0.07157	0.24890
25	0.00904	0.00646	0.00861	0.01034	0.01077	0.00603	0.00689	0.01034	0.01421	0.01895	0.04092	0.73426	0.04910	0.02326	0.00948	0.00301	0.00431	0.02110	0.00689	0.00603
26	0.02483	0.01740	0.01916	0.01547	0.02059	0.01901	0.01252	0.35272	0.22585	0.12794	0.06621	0.02420	0.02010	0.00970	0.00756	0.00233	0.00693	0.00774	0.00775	0.01200
27	0.02191	0.08477	0.06745	0.04218	0.02171	0.06913	0.01396	0.19865	0.05129	0.10782	0.05435	0.02061	0.01601	0.01181	0.04905	0.00281	0.09907	0.00667	0.00569	0.05506
28	0.02207	0.20552	0.02496	0.04033	0.02172	0.07450	0.01348	0.21586	0.20525	0.02993	0.01818	0.01868	0.01410	0.00869	0.00781	0.00219	0.05390	0.00630	0.00569	0.01084
29	0.06417	0.05475	0.43104	0.05641	0.02661	0.01548	0.02031	0.02060	0.01453	0.02211	0.01473	0.02071	0.01230	0.10856	0.04998	0.00346	0.01020	0.00620	0.00353	0.04432
30	0.01821	0.35663	0.19614	0.01544	0.02174	0.02248	0.01618	0.05090	0.01652	0.04758	0.07773	0.01831	0.01586	0.00834	0.00812	0.00209	0.08812	0.00580	0.00408	0.00974
31	0.01104	0.00711	0.00828	0.00828	0.00828	0.00711	0.00473	0.01066	0.01066	0.01422	0.02215	0.04552	0.02533	0.65508	0.03675	0.09870	0.00711	0.01028	0.00435	0.00435
32	0.01588	0.02189	0.21593	0.01650	0.05204	0.10660	0.01519	0.02206	0.09490	0.05267	0.03255	0.14571	0.15243	0.01253	0.00783	0.00244	0.00787	0.01044	0.00540	0.00912
33	0.01161	0.01083	0.00994	0.00952	0.01192	0.08934	0.00714	0.01405	0.01882	0.02319	0.27961	0.05908	0.39564	0.01624	0.00852	0.00238	0.00481	0.01361	0.00697	0.00680
34	0.01848	0.07604	0.06831	0.06201	0.28291	0.08631	0.13722	0.04678	0.01782	0.02336	0.01669	0.02527	0.01474	0.00842	0.00767	0.00235	0.00979	0.08150	0.00413	0.01020
35	0.04160	0.05005	0.10986	0.09751	0.02202	0.01469	0.01376	0.02237	0.01509	0.20057	0.01902	0.02604	0.01590	0.17540	0.01707	0.00357	0.13394	0.00742	0.00515	0.00897
36	0.01347	0.00810	0.01039	0.01073	0.01199	0.00781	0.00787	0.01504	0.01449	0.09803	0.03193	0.18135	0.03460	0.31287	0.02102	0.00475	0.00646	0.19653	0.00617	0.00642
37	0.01559	0.02496	0.27335	0.02522	0.03312	0.01673	0.36108	0.02210	0.01647	0.02311	0.01747	0.10261	0.01506	0.00854	0.00824	0.00251	0.01100	0.00905	0.00390	0.00988
38	0.01217	0.01065	0.01086	0.01057	0.01237	0.08951	0.00777	0.01499	0.01954	0.02587	0.45542	0.17543	0.09473	0.01597	0.00865	0.00242	0.00483	0.01394	0.00735	0.00697
39	0.06007	0.00763	0.01063	0.01009	0.01103	0.00756	0.00706	0.01349	0.01121	0.09477	0.01468	0.02228	0.01326	0.02275	0.02507	0.64698	0.00639	0.00643	0.00401	0.00461
40	0.01645	0.01208	0.01349	0.01241	0.01567	0.01295	0.00951	0.02829	0.35139	0.08882	0.12465	0.11859	0.09437	0.01298	0.00791	0.00249	0.00507	0.01109	0.05208	0.00972
41	0.01062	0.00717	0.00839	0.00872	0.00888	0.00712	0.00525	0.01100	0.01162	0.01547	0.02670	0.14421	0.03091	0.60006	0.03234	0.00641	0.00678	0.04854	0.00496	0.00484
42	0.24175	0.18260	0.08968	0.01286	0.01781	0.01667	0.04864	0.01990	0.01540	0.05013	0.08659	0.10654	0.06389	0.01035	0.00649	0.00225	0.00668	0.00825	0.00502	0.00851
43	0.14890	0.34358	0.06422	0.01310	0.01814	0.07463	0.01199	0.02266	0.07616	0.02196	0.01638	0.09946	0.01548	0.01076	0.03216	0.00242	0.00799	0.00670	0.00433	0.00897
44	0.01720	0.11249	0.05633	0.01257	0.01621	0.01421	0.01062	0.09546	0.06041	0.10200	0.02484	0.06311	0.06225	0.13521	0.17893	0.00531	0.01010	0.00865	0.00548	0.00863

[dist]
# distance from previous block
# <min> <max>
0	330

# created by:
# /home/berkeley/.conda/envs/busco_data_prod/bin/msa2prfl.pl pipeline/OGs_align_augustus/5794/3782.fs
