[name]
unknown

[dist]
# distance from previous block
# <min> <max>
9	210

[block]
# block no. 0 follows, 28 sequences, length 16
# corresponding to MSA columns:
# 235-250
name=unknown_A
#
# <colnr> <probs for GDERKNQSTAVLIFYWHMCP>
#	G	D	E	R	K	N	Q	S	T	A	V	L	I	F	Y	W	H	M	C	P
0	0.02076	0.02150	0.05832	0.02057	0.12755	0.16779	0.04682	0.14995	0.04031	0.02686	0.01414	0.01616	0.01116	0.00691	0.00659	0.00181	0.00872	0.00555	0.00464	0.24391
1	0.01548	0.01239	0.01639	0.19134	0.06049	0.01331	0.01255	0.08365	0.12855	0.05391	0.18880	0.03393	0.09560	0.01072	0.00763	0.00228	0.00633	0.00919	0.00612	0.05135
2	0.02293	0.01862	0.02196	0.02174	0.15312	0.05411	0.01499	0.33626	0.07163	0.06093	0.01983	0.02095	0.04930	0.00928	0.00916	0.00231	0.08877	0.00704	0.00597	0.01112
3	0.01486	0.01321	0.01798	0.20193	0.18376	0.05998	0.01428	0.01826	0.01688	0.05788	0.10307	0.06256	0.18344	0.01128	0.00774	0.00233	0.00716	0.00979	0.00516	0.00846
4	0.01263	0.00631	0.00947	0.00947	0.00947	0.00631	0.00631	0.00947	0.00947	0.01263	0.01263	0.02210	0.01263	0.02525	0.02841	0.78851	0.00631	0.00631	0.00316	0.00316
5	0.01448	0.01732	0.12759	0.52004	0.14149	0.01642	0.02151	0.01979	0.01495	0.02000	0.01305	0.01856	0.00988	0.00710	0.00720	0.00237	0.00970	0.00630	0.00326	0.00898
6	0.01052	0.00737	0.01101	0.01147	0.01242	0.00703	0.04522	0.01137	0.01356	0.01795	0.03341	0.43303	0.05855	0.02189	0.01357	0.17796	0.00544	0.09683	0.00577	0.00562
7	0.01526	0.00872	0.01015	0.00919	0.01163	0.00855	0.00708	0.05127	0.05184	0.10019	0.27429	0.03650	0.03703	0.01099	0.00684	0.00203	0.00404	0.00926	0.33722	0.00790
8	0.02118	0.01613	0.02131	0.14366	0.17643	0.03746	0.01536	0.15261	0.06706	0.12994	0.01747	0.01917	0.01291	0.00753	0.00695	0.00206	0.00775	0.00634	0.00545	0.13323
9	0.01057	0.00705	0.00793	0.00793	0.00793	0.00705	0.00440	0.01057	0.01057	0.01409	0.02290	0.04757	0.02643	0.74454	0.03700	0.00705	0.00705	0.01057	0.00440	0.00440
10	0.01654	0.01512	0.02256	0.26397	0.16565	0.01760	0.03834	0.06847	0.13183	0.02407	0.04952	0.02155	0.01532	0.00874	0.00965	0.00246	0.10727	0.00716	0.00455	0.00963
11	0.02550	0.03167	0.01984	0.01764	0.02175	0.61872	0.01330	0.02756	0.01984	0.01860	0.01147	0.01338	0.00956	0.00720	0.00639	0.00176	0.01205	0.00463	0.00382	0.11532
12	0.01775	0.01580	0.01781	0.01780	0.12723	0.07220	0.01200	0.07163	0.13278	0.02619	0.01793	0.02115	0.01467	0.00756	0.00641	0.00177	0.00670	0.03058	0.06617	0.31587
13	0.02868	0.01449	0.01569	0.01270	0.01741	0.10653	0.01021	0.03146	0.01985	0.49699	0.02546	0.02354	0.01692	0.00870	0.00683	0.00210	0.00667	0.00686	0.13803	0.01089
14	0.01631	0.01284	0.02113	0.62927	0.04575	0.01540	0.01889	0.02088	0.01539	0.11247	0.01508	0.02011	0.01083	0.00750	0.00727	0.00240	0.00921	0.00658	0.00402	0.00866
15	0.02338	0.04763	0.10390	0.02044	0.10093	0.19640	0.01604	0.29106	0.02427	0.03051	0.01482	0.01676	0.01144	0.01106	0.05654	0.00276	0.01049	0.00593	0.00508	0.01057

[dist]
# distance from previous block
# <min> <max>
0	1

[block]
# block no. 1 follows, 28 sequences, length 12
# corresponding to MSA columns:
# 274-285
name=unknown_B
#
# <colnr> <probs for GDERKNQSTAVLIFYWHMCP>
#	G	D	E	R	K	N	Q	S	T	A	V	L	I	F	Y	W	H	M	C	P
0	0.01877	0.57338	0.09792	0.01806	0.12263	0.02594	0.01525	0.02196	0.01509	0.01865	0.01091	0.01295	0.00965	0.00632	0.00525	0.00171	0.00818	0.00441	0.00318	0.00979
1	0.32600	0.10755	0.01857	0.01396	0.04366	0.07923	0.03993	0.12452	0.01817	0.02947	0.06828	0.02099	0.06576	0.00852	0.00604	0.00214	0.00703	0.00627	0.00506	0.00883
2	0.00917	0.00646	0.00834	0.00972	0.01006	0.00612	0.00631	0.01020	0.01330	0.01773	0.03689	0.61160	0.04407	0.15644	0.01441	0.00371	0.00474	0.01880	0.00631	0.00563
3	0.01223	0.00949	0.01303	0.07888	0.08568	0.00972	0.01019	0.04410	0.01703	0.02361	0.17735	0.08200	0.14814	0.01976	0.11486	0.00377	0.00745	0.05023	0.08504	0.00744
4	0.00886	0.00633	0.00843	0.01012	0.01054	0.00590	0.00675	0.01012	0.01392	0.01856	0.04006	0.73979	0.04808	0.02277	0.00928	0.00295	0.00422	0.02066	0.00675	0.00590
5	0.01851	0.01348	0.01990	0.07630	0.23803	0.01400	0.01455	0.08297	0.01873	0.12844	0.14842	0.02766	0.02433	0.03742	0.03307	0.00276	0.05202	0.00809	0.03156	0.00977
6	0.01602	0.01584	0.02331	0.08764	0.12451	0.02095	0.01726	0.01832	0.01226	0.01854	0.01047	0.01654	0.00985	0.01128	0.01983	0.00296	0.55629	0.00639	0.00325	0.00850
7	0.01263	0.00631	0.00947	0.00947	0.00947	0.00631	0.00631	0.00947	0.00947	0.01263	0.01263	0.02210	0.01263	0.02525	0.02841	0.78851	0.00631	0.00631	0.00316	0.00316
8	0.01635	0.01916	0.15305	0.23716	0.13446	0.01643	0.07875	0.08852	0.05526	0.02508	0.04577	0.02070	0.01415	0.00768	0.00724	0.00229	0.00890	0.00688	0.05241	0.00976
9	0.01809	0.01669	0.02678	0.21157	0.31289	0.01834	0.07295	0.11957	0.01824	0.02513	0.01375	0.01820	0.01095	0.00758	0.00891	0.00235	0.07707	0.00664	0.00403	0.01029
10	0.01210	0.12180	0.05762	0.01221	0.05171	0.01129	0.00960	0.01501	0.01695	0.02263	0.27062	0.08408	0.15397	0.08254	0.01060	0.00274	0.00543	0.04576	0.00602	0.00732
11	0.13557	0.01825	0.08291	0.01525	0.02056	0.06612	0.07945	0.08336	0.15216	0.04627	0.03661	0.02220	0.03419	0.04937	0.00838	0.00238	0.00752	0.00677	0.00530	0.12737

[dist]
# distance from previous block
# <min> <max>
0	104

[block]
# block no. 2 follows, 28 sequences, length 32
# corresponding to MSA columns:
# 402-433
name=unknown_C
#
# <colnr> <probs for GDERKNQSTAVLIFYWHMCP>
#	G	D	E	R	K	N	Q	S	T	A	V	L	I	F	Y	W	H	M	C	P
0	0.04892	0.08790	0.02233	0.01909	0.10027	0.06339	0.07576	0.14171	0.09379	0.05853	0.02279	0.13089	0.04832	0.01071	0.00812	0.00234	0.04085	0.00901	0.00555	0.00973
1	0.01818	0.11279	0.01817	0.01236	0.01656	0.04645	0.01019	0.11956	0.01984	0.09287	0.16912	0.03028	0.09728	0.01044	0.00819	0.00202	0.05842	0.00815	0.00601	0.14311
2	0.01699	0.02264	0.26762	0.04727	0.02326	0.04677	0.01662	0.13616	0.04207	0.05726	0.06438	0.09048	0.05197	0.04875	0.00908	0.00262	0.00823	0.03300	0.00528	0.00953
3	0.05563	0.25478	0.02824	0.12781	0.11054	0.02127	0.04926	0.09962	0.01754	0.08835	0.01382	0.01635	0.01089	0.00754	0.00774	0.00212	0.06855	0.00570	0.00434	0.00991
4	0.01985	0.18885	0.29558	0.01807	0.02577	0.07507	0.04865	0.17281	0.04289	0.02678	0.01390	0.01544	0.01049	0.00728	0.00656	0.00209	0.00954	0.00550	0.00427	0.01060
5	0.01112	0.00850	0.01184	0.01118	0.01315	0.00898	0.00857	0.01356	0.01210	0.01765	0.01880	0.02831	0.01783	0.11300	0.54206	0.00962	0.01613	0.00752	0.00401	0.12607
6	0.01579	0.01306	0.01538	0.04375	0.01840	0.01269	0.01008	0.07723	0.16318	0.02530	0.01845	0.02172	0.01524	0.04821	0.11948	0.00348	0.00817	0.00628	0.00513	0.35897
7	0.01393	0.00793	0.00966	0.00905	0.01004	0.00780	0.00581	0.01461	0.01224	0.12001	0.02346	0.04226	0.02435	0.56593	0.09738	0.00676	0.00810	0.00981	0.00506	0.00582
8	0.02679	0.01810	0.11662	0.01510	0.02127	0.01511	0.01376	0.16413	0.12458	0.36970	0.02430	0.02228	0.01623	0.00877	0.00726	0.00228	0.00714	0.00702	0.00755	0.01200
9	0.01847	0.01772	0.02616	0.14081	0.46310	0.07048	0.02016	0.07184	0.01792	0.02410	0.01495	0.02111	0.01272	0.00755	0.00731	0.00224	0.00899	0.03980	0.00400	0.01058
10	0.01074	0.00704	0.00857	0.00850	0.00891	0.00697	0.00532	0.01095	0.01210	0.01631	0.11441	0.04466	0.06145	0.46545	0.06576	0.12605	0.00693	0.01035	0.00478	0.00474
11	0.02744	0.05790	0.02111	0.01764	0.02197	0.51701	0.01363	0.12822	0.02247	0.08618	0.01377	0.01480	0.01063	0.00777	0.00666	0.00194	0.01147	0.00518	0.00475	0.00943
12	0.01489	0.01351	0.01936	0.04938	0.22731	0.01380	0.01384	0.01866	0.04129	0.02241	0.07920	0.02709	0.08265	0.04757	0.01115	0.00239	0.11743	0.00768	0.00456	0.18585
13	0.01971	0.01708	0.02706	0.02891	0.27035	0.01841	0.11769	0.12962	0.01892	0.07375	0.04472	0.01980	0.01415	0.00861	0.01087	0.00243	0.15556	0.00714	0.00470	0.01052
14	0.01125	0.00898	0.01052	0.00961	0.01243	0.00810	0.00736	0.01561	0.07628	0.02504	0.30509	0.08164	0.22515	0.01445	0.00806	0.00223	0.00417	0.03681	0.00692	0.13030
15	0.01776	0.15753	0.02326	0.02221	0.20730	0.11717	0.01421	0.02348	0.12220	0.02255	0.07833	0.09267	0.02234	0.01002	0.00710	0.00219	0.00769	0.03753	0.00495	0.00949
16	0.01041	0.00928	0.01248	0.01101	0.01347	0.00899	0.06516	0.01292	0.01663	0.02136	0.17233	0.05596	0.43131	0.01755	0.03745	0.00285	0.07459	0.01320	0.00626	0.00677
17	0.01216	0.00988	0.01292	0.03861	0.01569	0.00919	0.00893	0.01503	0.01388	0.02036	0.05084	0.05401	0.05913	0.02846	0.31141	0.00590	0.01137	0.00757	0.00449	0.31015
18	0.01853	0.01636	0.02403	0.18277	0.13540	0.04788	0.11604	0.09925	0.04482	0.06697	0.01774	0.02058	0.03811	0.00749	0.00718	0.00211	0.00858	0.00683	0.00468	0.13462
19	0.00965	0.00735	0.00963	0.00994	0.01127	0.00755	0.00732	0.01158	0.01329	0.01767	0.03784	0.17126	0.20345	0.09804	0.34177	0.00725	0.01145	0.01238	0.00521	0.00611
20	0.02128	0.19101	0.02802	0.01871	0.05428	0.02203	0.11697	0.23350	0.18458	0.03073	0.01806	0.01880	0.01379	0.00790	0.00689	0.00214	0.00810	0.00664	0.00558	0.01100
21	0.02146	0.33409	0.02939	0.06107	0.08703	0.02124	0.04775	0.10151	0.01832	0.12732	0.01482	0.01614	0.01146	0.00696	0.00605	0.00185	0.00779	0.00541	0.00469	0.07567
22	0.01900	0.25234	0.29605	0.01829	0.02630	0.02186	0.08151	0.15633	0.01920	0.02589	0.01320	0.01505	0.01007	0.00699	0.00645	0.00206	0.00941	0.00546	0.00400	0.01055
23	0.01114	0.00942	0.01526	0.01329	0.01526	0.00888	0.14129	0.01319	0.01420	0.01889	0.07328	0.27201	0.09709	0.24263	0.01763	0.00403	0.00663	0.01410	0.00547	0.00631
24	0.01073	0.00756	0.01134	0.01134	0.01244	0.00866	0.00866	0.01244	0.01134	0.01622	0.01842	0.02757	0.01732	0.05004	0.61052	0.13060	0.01746	0.00756	0.00378	0.00598
25	0.01915	0.16774	0.13009	0.10213	0.02794	0.20865	0.11684	0.02400	0.04748	0.02014	0.01467	0.03521	0.01248	0.00791	0.00688	0.00214	0.01036	0.03324	0.00381	0.00913
26	0.01669	0.01574	0.02722	0.07036	0.40861	0.01594	0.11857	0.04912	0.01633	0.02288	0.01532	0.02191	0.01334	0.07692	0.07627	0.00354	0.01009	0.00729	0.00385	0.01001
27	0.01227	0.01458	0.12005	0.01497	0.01807	0.01232	0.08720	0.01534	0.01356	0.01878	0.02720	0.10092	0.12261	0.13522	0.13692	0.00490	0.12325	0.01012	0.00442	0.00730
28	0.01166	0.01131	0.00986	0.00991	0.01202	0.11472	0.00724	0.01352	0.01696	0.02001	0.11579	0.21467	0.38115	0.01741	0.00844	0.00246	0.00522	0.01473	0.00641	0.00650
29	0.05634	0.01701	0.02598	0.05644	0.29713	0.01707	0.09952	0.15399	0.02013	0.08904	0.01564	0.01818	0.01189	0.00705	0.00710	0.00212	0.00834	0.00650	0.00492	0.08561
30	0.09436	0.31753	0.04412	0.01863	0.12334	0.15761	0.01397	0.02279	0.01585	0.02047	0.01117	0.01348	0.00966	0.00675	0.00626	0.00181	0.03664	0.00461	0.00355	0.07741
31	0.00978	0.03973	0.01006	0.01009	0.01155	0.00744	0.00759	0.01164	0.01520	0.01938	0.04756	0.40304	0.22109	0.02036	0.00903	0.00283	0.00469	0.13609	0.00658	0.00627

[dist]
# distance from previous block
# <min> <max>
0	5

[block]
# block no. 3 follows, 28 sequences, length 32
# corresponding to MSA columns:
# 439-470
name=unknown_D
#
# <colnr> <probs for GDERKNQSTAVLIFYWHMCP>
#	G	D	E	R	K	N	Q	S	T	A	V	L	I	F	Y	W	H	M	C	P
0	0.01957	0.45325	0.07467	0.01562	0.02136	0.15067	0.07464	0.02247	0.01603	0.01827	0.01308	0.06527	0.01227	0.00768	0.00584	0.00184	0.00909	0.00577	0.00354	0.00905
1	0.12375	0.01514	0.01581	0.01250	0.01757	0.04067	0.00997	0.20573	0.02066	0.06224	0.04821	0.06256	0.01658	0.03213	0.00734	0.00200	0.00638	0.00665	0.00570	0.28841
2	0.02210	0.18704	0.02587	0.02026	0.14433	0.06444	0.01441	0.25886	0.07084	0.03029	0.01514	0.01643	0.01188	0.00743	0.00645	0.00193	0.00797	0.00572	0.00516	0.08345
3	0.01263	0.00631	0.00947	0.00947	0.00947	0.00631	0.00631	0.00947	0.00947	0.01263	0.01263	0.02210	0.01263	0.02525	0.02841	0.78851	0.00631	0.00631	0.00316	0.00316
4	0.02081	0.01697	0.01797	0.01534	0.01994	0.01935	0.01217	0.22037	0.49988	0.03481	0.02612	0.02436	0.01938	0.00954	0.00736	0.00238	0.00639	0.00774	0.00736	0.01175
5	0.01718	0.01796	0.13119	0.11259	0.34579	0.01499	0.01918	0.02156	0.01567	0.08656	0.01613	0.02179	0.01335	0.07851	0.05386	0.00327	0.00938	0.00684	0.00408	0.01010
6	0.01767	0.19958	0.47667	0.01795	0.02709	0.01896	0.02175	0.02408	0.01581	0.09601	0.01407	0.01552	0.01020	0.00698	0.00643	0.00212	0.00956	0.00524	0.00373	0.01059
7	0.01555	0.14847	0.54977	0.02018	0.02995	0.01887	0.07473	0.02284	0.01540	0.02211	0.01271	0.01510	0.00937	0.00674	0.00668	0.00220	0.01039	0.00539	0.00312	0.01045
8	0.01808	0.01561	0.01644	0.01479	0.01890	0.01808	0.01151	0.03863	0.68606	0.03041	0.02959	0.02712	0.02219	0.00986	0.00740	0.00247	0.00575	0.00822	0.00740	0.01151
9	0.01639	0.33011	0.05013	0.07875	0.01962	0.01933	0.01186	0.08332	0.01568	0.01999	0.01646	0.07671	0.01614	0.11771	0.09535	0.00382	0.00911	0.00716	0.00409	0.00827
10	0.01136	0.01024	0.04525	0.01326	0.01542	0.00957	0.07217	0.01504	0.06556	0.01922	0.02847	0.28328	0.05352	0.02940	0.23120	0.06206	0.01030	0.01259	0.00519	0.00693
11	0.00886	0.00633	0.00843	0.01012	0.01054	0.00590	0.00675	0.01012	0.01392	0.01856	0.04006	0.73979	0.04808	0.02277	0.00928	0.00295	0.00422	0.02066	0.00675	0.00590
12	0.01131	0.00691	0.00869	0.00881	0.00893	0.00691	0.00554	0.01054	0.01066	0.01418	0.02076	0.04195	0.02315	0.46385	0.03233	0.25511	0.00679	0.05524	0.00417	0.00417
13	0.01850	0.22569	0.11733	0.02518	0.20042	0.09016	0.08043	0.02234	0.01561	0.02030	0.01188	0.01527	0.01008	0.00739	0.00883	0.00215	0.10963	0.00562	0.00336	0.00984
14	0.00957	0.00705	0.00906	0.01048	0.01119	0.00685	0.00712	0.01233	0.06610	0.01948	0.03925	0.68446	0.04607	0.02177	0.00913	0.00291	0.00434	0.01970	0.00680	0.00634
15	0.01284	0.00692	0.00742	0.00729	0.00899	0.00679	0.00547	0.01623	0.01641	0.02755	0.17051	0.03304	0.02955	0.00987	0.00584	0.00182	0.00340	0.00817	0.61509	0.00679
16	0.01504	0.02706	0.38609	0.13534	0.09260	0.01798	0.02298	0.02104	0.01441	0.02117	0.01232	0.01635	0.00957	0.00820	0.01069	0.00250	0.16786	0.00586	0.00317	0.00978
17	0.01499	0.10295	0.16893	0.02267	0.20008	0.01530	0.01709	0.02062	0.06429	0.02280	0.06337	0.09807	0.02384	0.01123	0.00764	0.00243	0.00770	0.12175	0.00481	0.00943
18	0.01049	0.00738	0.00960	0.00960	0.01018	0.00796	0.00649	0.01165	0.01107	0.01533	0.02137	0.03909	0.02275	0.43679	0.33972	0.00911	0.01259	0.00933	0.00418	0.00533
19	0.01796	0.32909	0.32537	0.01754	0.02574	0.02242	0.05972	0.08316	0.01697	0.02271	0.01234	0.01428	0.00966	0.00674	0.00612	0.00199	0.00935	0.00507	0.00351	0.01025
20	0.00971	0.00641	0.00813	0.00951	0.01016	0.00606	0.00644	0.01136	0.01416	0.02011	0.03708	0.60978	0.04271	0.02016	0.00851	0.00272	0.00407	0.01813	0.14870	0.00606
21	0.01512	0.01507	0.02611	0.39607	0.08761	0.01801	0.13223	0.01941	0.01436	0.01951	0.01251	0.01853	0.01002	0.00826	0.01127	0.00258	0.17460	0.00681	0.00332	0.00859
22	0.01115	0.00684	0.00836	0.00836	0.00836	0.00684	0.00494	0.01026	0.01026	0.01368	0.02002	0.04042	0.02256	0.54274	0.03459	0.22629	0.00684	0.00938	0.00405	0.00405
23	0.01097	0.00886	0.01022	0.00903	0.01172	0.00782	0.00671	0.01317	0.01601	0.02171	0.18918	0.04898	0.27664	0.12711	0.01286	0.00285	0.03160	0.01136	0.00600	0.17720
24	0.01359	0.00828	0.01008	0.00913	0.01182	0.00726	0.00703	0.01630	0.01909	0.14501	0.33974	0.05505	0.29952	0.01518	0.00836	0.00234	0.00401	0.01295	0.00770	0.00756
25	0.00883	0.00737	0.00769	0.00761	0.00996	0.00624	0.00571	0.01089	0.01712	0.02096	0.15987	0.06778	0.60919	0.01792	0.00859	0.00243	0.00365	0.01504	0.00692	0.00624
26	0.01562	0.01264	0.01733	0.01517	0.01585	0.01624	0.01207	0.01709	0.01198	0.08056	0.01546	0.02520	0.01508	0.17745	0.11008	0.00498	0.41817	0.00754	0.00408	0.00741
27	0.01943	0.74891	0.03809	0.01244	0.01866	0.02876	0.01244	0.02177	0.01477	0.01710	0.01011	0.01166	0.00933	0.00622	0.00466	0.00155	0.00777	0.00389	0.00311	0.00933
28	0.01646	0.01180	0.01782	0.32281	0.07886	0.01291	0.01452	0.05139	0.01811	0.12003	0.19340	0.02939	0.02686	0.00956	0.00751	0.00230	0.00712	0.00834	0.04209	0.00876
29	0.01019	0.00744	0.00961	0.00961	0.01059	0.00787	0.00677	0.01168	0.01199	0.01623	0.02888	0.04197	0.12273	0.31127	0.35209	0.00854	0.01239	0.00998	0.00452	0.00564
30	0.01958	0.17858	0.02487	0.02131	0.18823	0.08824	0.01422	0.13039	0.01918	0.02503	0.01651	0.04110	0.03342	0.00798	0.00647	0.00188	0.00788	0.02575	0.00453	0.14485
31	0.06383	0.01351	0.03710	0.01303	0.01703	0.03436	0.05690	0.07120	0.05659	0.11856	0.01791	0.02371	0.01512	0.12477	0.01516	0.14195	0.00707	0.00680	0.00511	0.16030

[dist]
# distance from previous block
# <min> <max>
2	21

[block]
# block no. 4 follows, 28 sequences, length 28
# corresponding to MSA columns:
# 522-549
name=unknown_E
#
# <colnr> <probs for GDERKNQSTAVLIFYWHMCP>
#	G	D	E	R	K	N	Q	S	T	A	V	L	I	F	Y	W	H	M	C	P
0	0.10879	0.15605	0.02320	0.01671	0.06900	0.08340	0.10333	0.06182	0.01776	0.02451	0.11053	0.02682	0.10243	0.00917	0.00677	0.00205	0.00750	0.00765	0.00489	0.05760
1	0.01324	0.01206	0.01949	0.46063	0.12010	0.01387	0.01696	0.01753	0.01598	0.02110	0.13415	0.02938	0.07733	0.00939	0.00759	0.00237	0.00799	0.00834	0.00438	0.00813
2	0.11571	0.01605	0.01674	0.01388	0.01886	0.01741	0.01108	0.18165	0.33137	0.03309	0.02139	0.02083	0.01610	0.00842	0.00665	0.00213	0.00620	0.00660	0.00646	0.14938
3	0.00967	0.00726	0.00907	0.00974	0.01127	0.00666	0.00737	0.01202	0.01683	0.02210	0.21293	0.26399	0.22804	0.01911	0.00906	0.00272	0.00434	0.13443	0.00705	0.00635
4	0.01490	0.03538	0.62498	0.02194	0.03227	0.01707	0.10653	0.02305	0.01557	0.02305	0.01325	0.01587	0.00943	0.00681	0.00711	0.00232	0.01093	0.00577	0.00314	0.01063
5	0.01874	0.11446	0.26903	0.02524	0.15705	0.01790	0.15281	0.02443	0.01660	0.11287	0.01521	0.01751	0.01120	0.00686	0.00708	0.00221	0.00968	0.00631	0.00408	0.01074
6	0.00888	0.00666	0.00824	0.00935	0.01038	0.00602	0.00644	0.01043	0.01502	0.01950	0.08973	0.52481	0.21584	0.02116	0.00906	0.00278	0.00403	0.01883	0.00683	0.00602
7	0.01799	0.01727	0.02950	0.04462	0.69919	0.01727	0.02231	0.02231	0.01655	0.02375	0.01367	0.01799	0.01151	0.00648	0.00720	0.00216	0.00864	0.00648	0.00360	0.01151
8	0.01783	0.11892	0.06703	0.10958	0.03125	0.01993	0.28181	0.10778	0.01788	0.02400	0.01459	0.04671	0.01205	0.00807	0.00934	0.00238	0.08977	0.00748	0.00406	0.00955
9	0.01455	0.01396	0.02240	0.50306	0.08279	0.01779	0.01922	0.01853	0.01379	0.01862	0.01210	0.01840	0.00977	0.00861	0.01151	0.00260	0.19436	0.00644	0.00324	0.00826
10	0.01043	0.00759	0.01067	0.01067	0.01162	0.00854	0.00782	0.01233	0.01138	0.01612	0.02040	0.03369	0.02040	0.24075	0.53254	0.01043	0.01612	0.00854	0.00403	0.00593
11	0.01041	0.00770	0.01122	0.01122	0.01236	0.00883	0.00851	0.01268	0.01155	0.01653	0.01989	0.03090	0.01919	0.13963	0.63202	0.01111	0.01794	0.00813	0.00396	0.00623
12	0.02564	0.01725	0.02230	0.01711	0.02272	0.01795	0.09994	0.33647	0.09813	0.19909	0.05138	0.02218	0.01711	0.00884	0.00753	0.00227	0.00768	0.00747	0.00726	0.01169
13	0.01088	0.00850	0.01000	0.00943	0.01166	0.00816	0.00713	0.01617	0.10784	0.02684	0.44509	0.05477	0.22591	0.01512	0.00842	0.00235	0.00380	0.01306	0.00760	0.00729
14	0.02820	0.01561	0.01841	0.01453	0.01993	0.01599	0.01187	0.24580	0.15228	0.35955	0.02517	0.02280	0.01695	0.00907	0.00731	0.00227	0.00670	0.00723	0.00813	0.01220
15	0.01959	0.01628	0.02722	0.09439	0.55754	0.01631	0.02060	0.02375	0.01696	0.11363	0.01560	0.01900	0.01223	0.00687	0.00722	0.00219	0.00839	0.00659	0.00429	0.01136
16	0.01784	0.01783	0.11510	0.27868	0.29727	0.01601	0.02073	0.02270	0.01620	0.10575	0.01517	0.01896	0.01136	0.00712	0.00720	0.00228	0.00899	0.00643	0.00406	0.01030
17	0.00905	0.00683	0.00837	0.00915	0.01040	0.00615	0.00642	0.01089	0.01594	0.02088	0.17436	0.41733	0.23781	0.02002	0.00895	0.00268	0.00391	0.01771	0.00699	0.00615
18	0.01111	0.00855	0.01044	0.01011	0.01223	0.00839	0.00783	0.01631	0.10108	0.02620	0.39788	0.05539	0.16888	0.01746	0.04466	0.00293	0.00493	0.08102	0.00735	0.00727
19	0.01577	0.02785	0.44755	0.01722	0.02537	0.01486	0.02014	0.02431	0.10502	0.08497	0.02578	0.02599	0.11528	0.00922	0.00726	0.00234	0.00861	0.00743	0.00473	0.01030
20	0.01647	0.15292	0.02139	0.10104	0.11036	0.10217	0.01307	0.01904	0.01504	0.03901	0.04475	0.05662	0.03349	0.09463	0.10128	0.00390	0.05501	0.00752	0.00414	0.00814
21	0.04959	0.01420	0.01892	0.01549	0.01976	0.04159	0.11748	0.13004	0.06188	0.15388	0.03148	0.14505	0.11148	0.01241	0.00800	0.00246	0.00708	0.04320	0.00659	0.00942
22	0.01056	0.00709	0.00817	0.00817	0.00825	0.00718	0.00470	0.01073	0.01064	0.01427	0.02268	0.04635	0.02590	0.70034	0.08047	0.00734	0.00784	0.01039	0.00437	0.00454
23	0.01781	0.41659	0.31540	0.01620	0.02418	0.05884	0.01852	0.02266	0.01531	0.01960	0.01139	0.01327	0.00928	0.00657	0.00569	0.00188	0.00928	0.00454	0.00313	0.00987
24	0.12032	0.05961	0.36266	0.02064	0.06186	0.01743	0.11009	0.06811	0.01676	0.04595	0.01459	0.01855	0.01120	0.00745	0.00689	0.00231	0.00954	0.03184	0.00399	0.01021
25	0.01615	0.01551	0.02673	0.33437	0.39849	0.01684	0.04561	0.02076	0.01572	0.02153	0.01339	0.01864	0.01072	0.00680	0.00728	0.00228	0.00922	0.00655	0.00344	0.00999
26	0.01138	0.01305	0.09478	0.11471	0.10967	0.01036	0.01255	0.01481	0.01614	0.02051	0.04871	0.05003	0.40331	0.01398	0.00808	0.00243	0.00613	0.03628	0.00540	0.00768
27	0.01808	0.01806	0.10705	0.17271	0.28691	0.01597	0.10670	0.02297	0.01639	0.10618	0.01569	0.01948	0.01191	0.00910	0.03902	0.00270	0.00976	0.00678	0.00415	0.01038

[dist]
# distance from previous block
# <min> <max>
6	9

[block]
# block no. 5 follows, 28 sequences, length 44
# corresponding to MSA columns:
# 559-602
name=unknown_F
#
# <colnr> <probs for GDERKNQSTAVLIFYWHMCP>
#	G	D	E	R	K	N	Q	S	T	A	V	L	I	F	Y	W	H	M	C	P
0	0.07052	0.18124	0.11328	0.01600	0.02181	0.23357	0.01448	0.13750	0.03933	0.04694	0.01342	0.01465	0.01048	0.00731	0.00618	0.00192	0.00946	0.00504	0.00448	0.05237
1	0.02248	0.02287	0.01939	0.01644	0.02008	0.31466	0.01295	0.02468	0.01715	0.09869	0.01321	0.01556	0.01071	0.00849	0.01059	0.00206	0.18505	0.00531	0.00434	0.17530
2	0.02492	0.01814	0.01883	0.01465	0.02029	0.08237	0.01186	0.29841	0.06327	0.15990	0.01856	0.01838	0.01331	0.00791	0.00676	0.00191	0.00738	0.00606	0.00655	0.20054
3	0.01741	0.13357	0.01822	0.01499	0.10385	0.01257	0.01047	0.02029	0.01818	0.17269	0.22139	0.07929	0.12415	0.01199	0.00751	0.00220	0.00552	0.01020	0.00658	0.00894
4	0.01023	0.00820	0.01115	0.01380	0.10062	0.00761	0.00851	0.01241	0.01605	0.02131	0.15704	0.36534	0.20400	0.01822	0.00872	0.00261	0.00453	0.01623	0.00655	0.00686
5	0.01964	0.01171	0.01680	0.01690	0.10582	0.01110	0.04687	0.02439	0.09010	0.25429	0.08006	0.17717	0.08798	0.01270	0.00798	0.00244	0.00596	0.01126	0.00709	0.00974
6	0.02237	0.01850	0.11130	0.15175	0.14061	0.01659	0.01722	0.16545	0.06204	0.19275	0.01888	0.01998	0.01328	0.00798	0.00723	0.00227	0.00820	0.00665	0.00579	0.01117
7	0.00882	0.00647	0.00828	0.00973	0.01044	0.00594	0.00657	0.01017	0.01430	0.01871	0.04486	0.64407	0.14071	0.02215	0.00918	0.00288	0.00414	0.01990	0.00675	0.00594
8	0.01650	0.01905	0.11716	0.20007	0.42409	0.01702	0.05790	0.02158	0.01596	0.02242	0.01347	0.01806	0.01076	0.00670	0.00725	0.00226	0.00936	0.00644	0.00345	0.01052
9	0.01824	0.22436	0.43780	0.01749	0.02635	0.01924	0.02089	0.02431	0.01591	0.11066	0.01431	0.01559	0.01039	0.00700	0.00636	0.00210	0.00935	0.00523	0.00386	0.01058
10	0.06145	0.03122	0.50429	0.02057	0.02991	0.01657	0.10862	0.02441	0.03444	0.07951	0.01483	0.01680	0.01045	0.00705	0.00703	0.00232	0.01014	0.00595	0.00384	0.01061
11	0.01815	0.01495	0.02306	0.23583	0.28262	0.01611	0.01840	0.11183	0.01869	0.06658	0.01814	0.02712	0.01546	0.00896	0.00761	0.00240	0.00845	0.09085	0.00474	0.01004
12	0.02665	0.02192	0.02383	0.01875	0.02416	0.21452	0.13436	0.17635	0.04342	0.21470	0.01865	0.01892	0.01312	0.00801	0.00732	0.00217	0.00966	0.00665	0.00609	0.01075
13	0.01626	0.01462	0.02309	0.52004	0.15488	0.01717	0.01971	0.10517	0.01744	0.02300	0.01364	0.01890	0.01034	0.00733	0.00726	0.00235	0.00929	0.00647	0.00382	0.00921
14	0.01614	0.01662	0.02624	0.02131	0.02272	0.02152	0.14238	0.01861	0.01229	0.01861	0.01054	0.01662	0.00983	0.01145	0.02091	0.00304	0.59280	0.00679	0.00328	0.00831
15	0.01507	0.01292	0.01507	0.01077	0.01723	0.00969	0.00861	0.01830	0.01507	0.02369	0.01292	0.01507	0.01077	0.00538	0.00538	0.00108	0.00538	0.00431	0.00431	0.78898
16	0.00953	0.00682	0.00920	0.01031	0.01091	0.00684	0.00715	0.01100	0.01312	0.01775	0.03336	0.46930	0.03859	0.12397	0.16366	0.00537	0.00795	0.04348	0.00583	0.00587
17	0.00950	0.00723	0.00874	0.00872	0.01047	0.00647	0.00640	0.01207	0.01820	0.02434	0.38705	0.16891	0.27091	0.01729	0.00869	0.00245	0.00364	0.01507	0.00739	0.00647
18	0.01653	0.01578	0.02686	0.27872	0.47652	0.01689	0.02158	0.02103	0.01586	0.02197	0.01341	0.01847	0.01089	0.00675	0.00722	0.00225	0.00900	0.00647	0.00347	0.01033
19	0.01049	0.00727	0.00901	0.00894	0.00946	0.00748	0.00579	0.01153	0.01213	0.01670	0.11020	0.04415	0.03008	0.49272	0.18696	0.00747	0.00939	0.01028	0.00476	0.00520
20	0.02182	0.02069	0.01973	0.01972	0.10909	0.18405	0.01384	0.17300	0.23361	0.02931	0.02079	0.02375	0.01663	0.00917	0.00723	0.00225	0.00836	0.04535	0.03109	0.01052
21	0.01041	0.00769	0.01120	0.01120	0.01233	0.00882	0.00848	0.01267	0.01154	0.01651	0.01992	0.03102	0.01924	0.14400	0.62771	0.01108	0.01786	0.00815	0.00396	0.00622
22	0.02617	0.12732	0.02297	0.01778	0.02198	0.58278	0.01382	0.06784	0.02067	0.01943	0.01147	0.01319	0.00954	0.00740	0.00635	0.00185	0.01210	0.00469	0.00388	0.00879
23	0.01194	0.00871	0.01049	0.01001	0.01231	0.00796	0.00758	0.02770	0.01530	0.03655	0.07164	0.10348	0.15443	0.17707	0.04471	0.00381	0.00613	0.13523	0.02233	0.13263
24	0.01671	0.12452	0.39794	0.01643	0.02422	0.01581	0.01910	0.02267	0.01695	0.10965	0.14330	0.02339	0.02153	0.00858	0.00697	0.00219	0.00839	0.00688	0.00476	0.01003
25	0.02537	0.01477	0.02210	0.01848	0.06303	0.03553	0.11010	0.02839	0.01787	0.39107	0.02163	0.02280	0.01527	0.04421	0.01170	0.00265	0.13046	0.00736	0.00651	0.01069
26	0.01854	0.61785	0.16131	0.01396	0.02102	0.02657	0.01509	0.02200	0.01488	0.01819	0.01065	0.01234	0.00931	0.00635	0.00508	0.00169	0.00832	0.00416	0.00310	0.00959
27	0.01310	0.01146	0.01791	0.47240	0.07699	0.01333	0.01591	0.01723	0.01509	0.02017	0.02451	0.02874	0.12563	0.00924	0.00720	0.00232	0.00781	0.00799	0.10521	0.00779
28	0.01870	0.12307	0.26487	0.02235	0.02995	0.16790	0.22588	0.02422	0.01696	0.02122	0.01280	0.01574	0.00983	0.00670	0.00707	0.00216	0.01134	0.00604	0.00341	0.00977
29	0.01373	0.01292	0.02180	0.72707	0.05006	0.01615	0.02019	0.01857	0.01453	0.01857	0.01292	0.01938	0.00969	0.00727	0.00727	0.00242	0.00969	0.00646	0.00323	0.00807
30	0.01526	0.01448	0.02457	0.48168	0.28347	0.01655	0.02095	0.01992	0.01526	0.02043	0.01319	0.01888	0.01035	0.00698	0.00724	0.00233	0.00931	0.00647	0.00336	0.00931
31	0.01856	0.01879	0.06986	0.04503	0.02290	0.15997	0.13355	0.02196	0.01737	0.10999	0.04951	0.12699	0.06731	0.01162	0.00892	0.00245	0.05231	0.04896	0.00528	0.00865
32	0.06460	0.00950	0.01191	0.01157	0.01413	0.00915	0.00908	0.04986	0.01705	0.18332	0.03496	0.25150	0.07127	0.06037	0.01024	0.00302	0.00569	0.16778	0.00701	0.00798
33	0.00899	0.00656	0.00838	0.00977	0.01048	0.00607	0.00665	0.01034	0.01422	0.01862	0.04378	0.59875	0.13390	0.05292	0.01039	0.00307	0.00435	0.04021	0.00665	0.00590
34	0.01734	0.10696	0.27849	0.01685	0.02309	0.01856	0.01766	0.16621	0.01890	0.02610	0.01966	0.08069	0.06021	0.01015	0.00932	0.00237	0.10541	0.00758	0.00459	0.00984
35	0.01672	0.01730	0.09663	0.38176	0.19266	0.01673	0.05614	0.06044	0.01671	0.05494	0.01423	0.01879	0.01069	0.00716	0.00729	0.00233	0.00943	0.00651	0.00384	0.00970
36	0.02146	0.01889	0.02861	0.06024	0.02907	0.01993	0.25426	0.29505	0.13577	0.03353	0.01823	0.01996	0.01337	0.00789	0.00777	0.00234	0.00927	0.00756	0.00576	0.01105
37	0.01216	0.01027	0.01710	0.10772	0.02067	0.01155	0.09633	0.01483	0.01249	0.01741	0.01740	0.02712	0.01620	0.11069	0.38065	0.05505	0.05399	0.00784	0.00375	0.00679
38	0.01760	0.01785	0.02247	0.30351	0.18377	0.12422	0.01801	0.02429	0.12786	0.02152	0.01541	0.01919	0.01213	0.00789	0.00818	0.00233	0.05374	0.00648	0.00408	0.00946
39	0.01216	0.06304	0.08410	0.01463	0.04965	0.01114	0.09684	0.01596	0.01789	0.02417	0.29590	0.06784	0.19183	0.01303	0.00811	0.00231	0.00593	0.01160	0.00608	0.00782
40	0.12248	0.01945	0.01819	0.09007	0.02279	0.14300	0.01281	0.21980	0.17556	0.03168	0.05847	0.02058	0.01660	0.00872	0.00689	0.00223	0.00799	0.00665	0.00593	0.01010
41	0.06376	0.08156	0.04926	0.01923	0.15197	0.06175	0.03418	0.04426	0.01766	0.06169	0.14551	0.08470	0.02605	0.01008	0.00714	0.00213	0.00696	0.03309	0.00531	0.09371
42	0.01740	0.02545	0.31411	0.05628	0.13945	0.01737	0.02031	0.13347	0.10586	0.02751	0.01968	0.02115	0.05316	0.00823	0.00720	0.00229	0.00881	0.00677	0.00465	0.01084
43	0.01708	0.26442	0.09336	0.09569	0.10001	0.02027	0.14750	0.04875	0.01637	0.02134	0.01567	0.05939	0.01418	0.00827	0.00689	0.00217	0.00898	0.04633	0.00388	0.00944

[dist]
# distance from previous block
# <min> <max>
0	5

[block]
# block no. 6 follows, 28 sequences, length 12
# corresponding to MSA columns:
# 608-619
name=unknown_G
#
# <colnr> <probs for GDERKNQSTAVLIFYWHMCP>
#	G	D	E	R	K	N	Q	S	T	A	V	L	I	F	Y	W	H	M	C	P
0	0.01764	0.03230	0.54976	0.02018	0.02986	0.01600	0.06992	0.02502	0.01635	0.13182	0.01566	0.01715	0.01074	0.00718	0.00709	0.00230	0.01012	0.00591	0.00406	0.01094
1	0.01806	0.02059	0.16035	0.05972	0.13479	0.03692	0.14158	0.02681	0.16216	0.08670	0.06248	0.02264	0.01740	0.00807	0.00753	0.00233	0.00874	0.00749	0.00509	0.01055
2	0.01620	0.08647	0.05260	0.09284	0.22887	0.01655	0.14998	0.05468	0.01723	0.02298	0.02337	0.03011	0.09848	0.00933	0.00767	0.00234	0.00864	0.06774	0.00439	0.00954
3	0.01072	0.01140	0.08915	0.01138	0.01393	0.00888	0.00943	0.01558	0.10696	0.02093	0.04282	0.41374	0.18074	0.01824	0.00860	0.00270	0.00506	0.01605	0.00642	0.00728
4	0.01076	0.00949	0.01507	0.01342	0.01605	0.00869	0.13300	0.01352	0.01615	0.02086	0.08838	0.26399	0.25343	0.01737	0.00896	0.00270	0.00580	0.08924	0.00624	0.00687
5	0.01844	0.06256	0.25866	0.01794	0.02461	0.06246	0.06386	0.17282	0.06391	0.02742	0.02172	0.02285	0.08950	0.00912	0.00819	0.00230	0.05149	0.00713	0.00484	0.01019
6	0.01884	0.26365	0.24627	0.01761	0.02470	0.10278	0.07833	0.05609	0.01701	0.04522	0.01439	0.05736	0.01219	0.00778	0.00646	0.00205	0.00951	0.00613	0.00386	0.00978
7	0.00894	0.00733	0.00759	0.00755	0.00968	0.00629	0.00549	0.01068	0.01616	0.01967	0.11152	0.06630	0.57556	0.10118	0.01184	0.00297	0.00405	0.01464	0.00657	0.00599
8	0.01678	0.01668	0.02920	0.16600	0.31524	0.01792	0.15761	0.02231	0.05892	0.02239	0.01430	0.01895	0.01153	0.00749	0.00942	0.00241	0.09203	0.00702	0.00374	0.01009
9	0.02012	0.04226	0.03965	0.02113	0.15742	0.04580	0.06078	0.16651	0.02040	0.09482	0.01944	0.11978	0.01713	0.00938	0.00720	0.00210	0.00758	0.00819	0.00549	0.13480
10	0.01934	0.01181	0.01779	0.14689	0.16015	0.01178	0.01325	0.02234	0.01673	0.23365	0.07019	0.09630	0.02280	0.11092	0.01163	0.00299	0.00705	0.00913	0.00594	0.00932
11	0.01707	0.03040	0.48280	0.01827	0.02751	0.01606	0.02163	0.09744	0.01774	0.06056	0.01433	0.01602	0.01027	0.00698	0.00673	0.00209	0.00934	0.00543	0.00405	0.13529

[dist]
# distance from previous block
# <min> <max>
0	20

[block]
# block no. 7 follows, 28 sequences, length 20
# corresponding to MSA columns:
# 640-659
name=unknown_H
#
# <colnr> <probs for GDERKNQSTAVLIFYWHMCP>
#	G	D	E	R	K	N	Q	S	T	A	V	L	I	F	Y	W	H	M	C	P
0	0.01817	0.14519	0.12375	0.07747	0.30028	0.01998	0.05845	0.08182	0.01725	0.02375	0.01306	0.01655	0.01062	0.00714	0.00790	0.00218	0.05615	0.00600	0.00373	0.01054
1	0.01157	0.01868	0.25225	0.01338	0.01831	0.03332	0.01392	0.01572	0.01555	0.02051	0.04001	0.16717	0.25291	0.01683	0.04593	0.00300	0.00753	0.04038	0.00521	0.00782
2	0.14200	0.02335	0.30239	0.01585	0.02231	0.01542	0.01688	0.14331	0.01823	0.02800	0.01962	0.15210	0.01834	0.01079	0.00718	0.00244	0.00800	0.03935	0.00495	0.00950
3	0.14614	0.01975	0.02313	0.13081	0.32140	0.15611	0.01753	0.05967	0.01738	0.02450	0.01271	0.01619	0.01028	0.00696	0.00664	0.00216	0.00915	0.00571	0.00393	0.00986
4	0.01737	0.02126	0.22818	0.02703	0.28096	0.01491	0.01962	0.02349	0.05292	0.09696	0.09661	0.02527	0.01999	0.00859	0.00741	0.00229	0.00817	0.03348	0.00486	0.01063
5	0.01501	0.01561	0.09982	0.22946	0.19133	0.01374	0.01698	0.01977	0.03414	0.06206	0.05240	0.03003	0.14530	0.00958	0.00746	0.00229	0.00771	0.00833	0.00465	0.03432
6	0.02005	0.17965	0.24838	0.01576	0.02261	0.03486	0.01648	0.12972	0.03567	0.11749	0.04908	0.04205	0.01585	0.03209	0.00767	0.00228	0.00831	0.00658	0.00508	0.01035
7	0.01580	0.19759	0.34529	0.01845	0.02663	0.01848	0.10832	0.02153	0.01535	0.02149	0.01409	0.05579	0.01184	0.00737	0.00658	0.00205	0.00930	0.00620	0.00350	0.09437
8	0.01423	0.02001	0.23370	0.09585	0.02782	0.01360	0.14928	0.01947	0.01569	0.04374	0.02218	0.11048	0.02124	0.04604	0.00958	0.00284	0.00912	0.13186	0.00456	0.00871
9	0.01524	0.01705	0.10361	0.22310	0.35013	0.01543	0.01998	0.01975	0.01551	0.02142	0.01810	0.05170	0.04990	0.03834	0.00857	0.00250	0.00866	0.00757	0.00377	0.00967
10	0.01819	0.01686	0.02773	0.18211	0.44976	0.01771	0.05607	0.09785	0.01823	0.02523	0.01401	0.01830	0.01121	0.00688	0.00729	0.00223	0.00898	0.00659	0.00396	0.01081
11	0.00982	0.00735	0.00989	0.08721	0.01439	0.00733	0.00776	0.01155	0.01434	0.01911	0.11261	0.42978	0.07734	0.14089	0.01359	0.00348	0.00516	0.01627	0.00612	0.00601
12	0.01445	0.01369	0.02279	0.02904	0.35092	0.01352	0.08549	0.01785	0.01595	0.02177	0.02965	0.15101	0.14936	0.01177	0.00865	0.00242	0.03692	0.01082	0.00473	0.00920
13	0.01947	0.01850	0.02359	0.18279	0.27340	0.09946	0.01795	0.11520	0.12781	0.02605	0.01633	0.01913	0.01271	0.00763	0.00718	0.00224	0.00883	0.00656	0.00466	0.01051
14	0.01723	0.09601	0.03052	0.17072	0.42335	0.01843	0.09684	0.02165	0.01604	0.02198	0.01326	0.01776	0.01087	0.00656	0.00710	0.00218	0.00917	0.00644	0.00348	0.01042
15	0.01097	0.08736	0.01123	0.00877	0.00982	0.00907	0.00586	0.01168	0.01237	0.01593	0.03075	0.17949	0.10701	0.44078	0.02484	0.00513	0.00619	0.01235	0.00499	0.00543
16	0.11715	0.08474	0.16790	0.02481	0.23178	0.06487	0.01810	0.06890	0.05348	0.06234	0.01446	0.01656	0.01118	0.00728	0.00698	0.00218	0.02676	0.00572	0.00431	0.01052
17	0.01544	0.01098	0.01227	0.01172	0.01409	0.04912	0.00881	0.09376	0.04882	0.09860	0.14920	0.31717	0.07722	0.01646	0.00847	0.00258	0.00539	0.04481	0.00713	0.00797
18	0.01827	0.01615	0.01690	0.01432	0.01798	0.10163	0.03255	0.07668	0.17378	0.06163	0.04783	0.02809	0.11044	0.01044	0.00940	0.00224	0.10533	0.00796	0.04964	0.09873
19	0.15365	0.22902	0.11415	0.01464	0.02081	0.06553	0.03472	0.09564	0.05748	0.10370	0.01489	0.01568	0.01125	0.00726	0.00595	0.00201	0.00793	0.00524	0.00482	0.03563

[dist]
# distance from previous block
# <min> <max>
4	28

[block]
# block no. 8 follows, 28 sequences, length 17
# corresponding to MSA columns:
# 689-705
name=unknown_I
#
# <colnr> <probs for GDERKNQSTAVLIFYWHMCP>
#	G	D	E	R	K	N	Q	S	T	A	V	L	I	F	Y	W	H	M	C	P
0	0.01782	0.10419	0.06705	0.09372	0.16343	0.06792	0.13716	0.02503	0.13468	0.02274	0.01572	0.01858	0.01246	0.00748	0.00804	0.00223	0.05140	0.00659	0.00418	0.03961
1	0.02036	0.01844	0.09820	0.02718	0.29378	0.01656	0.01747	0.16070	0.06742	0.10299	0.01974	0.08947	0.01647	0.00910	0.00741	0.00229	0.00783	0.00797	0.00548	0.01115
2	0.01874	0.08303	0.08036	0.02082	0.17697	0.01645	0.01475	0.15839	0.01944	0.02772	0.01381	0.01597	0.01102	0.00654	0.00626	0.00171	0.00735	0.00533	0.00456	0.31078
3	0.24816	0.08600	0.16228	0.01354	0.01938	0.03903	0.01317	0.02525	0.16214	0.02712	0.01620	0.01725	0.01245	0.00745	0.00584	0.00210	0.00700	0.00542	0.05719	0.07303
4	0.06875	0.01072	0.01425	0.01562	0.13180	0.01011	0.01002	0.01986	0.01789	0.12476	0.25102	0.03230	0.03294	0.00997	0.00696	0.00203	0.00506	0.00855	0.14247	0.08490
5	0.01901	0.01506	0.01539	0.01371	0.01687	0.09031	0.01051	0.11401	0.24838	0.06956	0.04885	0.04698	0.01970	0.01665	0.06975	0.15461	0.00798	0.00774	0.00598	0.00896
6	0.01304	0.01043	0.01173	0.01148	0.01386	0.01094	0.00851	0.06228	0.22920	0.02497	0.08521	0.30500	0.15140	0.01649	0.00839	0.00262	0.00480	0.01438	0.00707	0.00820
7	0.02150	0.00980	0.01346	0.01175	0.01513	0.00901	0.00919	0.02399	0.01769	0.37276	0.09016	0.18544	0.02924	0.02046	0.13076	0.00404	0.00781	0.01086	0.00753	0.00943
8	0.15160	0.01934	0.02002	0.01557	0.02117	0.02154	0.01286	0.56949	0.03066	0.04368	0.01627	0.01654	0.01164	0.00841	0.00682	0.00219	0.00762	0.00612	0.00682	0.01164
9	0.02579	0.06043	0.06700	0.01437	0.01971	0.08306	0.01241	0.13264	0.07351	0.32191	0.09279	0.02430	0.02075	0.00918	0.00719	0.00219	0.00724	0.00728	0.00722	0.01105
10	0.01209	0.00985	0.01431	0.09683	0.05707	0.01013	0.05440	0.01646	0.08048	0.02131	0.06215	0.27379	0.07883	0.07467	0.01063	0.00297	0.00604	0.05051	0.06016	0.00733
11	0.01038	0.00724	0.00908	0.00947	0.01054	0.00729	0.00677	0.01240	0.01452	0.02070	0.11946	0.27688	0.10461	0.09363	0.11098	0.00425	0.03022	0.01365	0.13173	0.00619
12	0.01621	0.01924	0.18331	0.01568	0.02007	0.04891	0.04404	0.04269	0.10122	0.06880	0.01891	0.02607	0.01642	0.16643	0.10597	0.00457	0.08061	0.00750	0.00463	0.00872
13	0.01549	0.01639	0.05000	0.01963	0.06860	0.08556	0.18652	0.01922	0.04086	0.02038	0.08310	0.02999	0.02114	0.21979	0.01783	0.00374	0.08084	0.00869	0.00438	0.00787
14	0.01483	0.01200	0.01976	0.01639	0.01928	0.01288	0.15470	0.01937	0.08748	0.06349	0.01889	0.02581	0.01635	0.07625	0.26808	0.08291	0.07135	0.00790	0.00447	0.00780
15	0.01643	0.01556	0.02550	0.11226	0.51860	0.01587	0.01963	0.02122	0.04547	0.02300	0.02135	0.02466	0.09248	0.00812	0.00738	0.00224	0.00804	0.00760	0.00410	0.01051
16	0.09915	0.01650	0.01807	0.06060	0.02117	0.09205	0.04163	0.20302	0.02187	0.18803	0.02218	0.14366	0.01887	0.01069	0.00734	0.00233	0.00755	0.00880	0.00650	0.00998

[dist]
# distance from previous block
# <min> <max>
0	1

[block]
# block no. 9 follows, 28 sequences, length 17
# corresponding to MSA columns:
# 707-723
name=unknown_J
#
# <colnr> <probs for GDERKNQSTAVLIFYWHMCP>
#	G	D	E	R	K	N	Q	S	T	A	V	L	I	F	Y	W	H	M	C	P
0	0.01906	0.01691	0.02878	0.10200	0.20550	0.03927	0.22631	0.06598	0.04010	0.09642	0.01825	0.07534	0.01502	0.00827	0.00781	0.00235	0.00931	0.00834	0.00477	0.01022
1	0.00916	0.00685	0.00865	0.00944	0.01060	0.00634	0.00666	0.01103	0.01556	0.02061	0.16544	0.42166	0.19131	0.02248	0.05570	0.00330	0.00497	0.01728	0.00679	0.00617
2	0.01970	0.14386	0.02155	0.01412	0.01931	0.06403	0.01174	0.15256	0.13962	0.02725	0.01595	0.01706	0.01270	0.00770	0.00750	0.00184	0.06306	0.00556	0.00512	0.24978
3	0.01455	0.01803	0.14009	0.14446	0.17255	0.01424	0.10825	0.01934	0.01589	0.02195	0.02386	0.02661	0.12911	0.00856	0.00735	0.00218	0.00839	0.00782	0.00409	0.11268
4	0.01867	0.01716	0.02722	0.11462	0.43114	0.01830	0.04950	0.11280	0.04127	0.02600	0.01441	0.01831	0.01163	0.00741	0.00845	0.00229	0.05911	0.00663	0.00417	0.01092
5	0.06593	0.01346	0.01692	0.01465	0.01659	0.07498	0.07031	0.01735	0.01372	0.04626	0.06884	0.02805	0.01967	0.16466	0.17144	0.00545	0.17218	0.00796	0.00436	0.00723
6	0.02174	0.08751	0.07293	0.01572	0.02003	0.25062	0.01318	0.19321	0.02129	0.02520	0.01659	0.02410	0.01492	0.11206	0.03565	0.00311	0.01008	0.04825	0.00485	0.00898
7	0.02266	0.28331	0.18022	0.01553	0.02243	0.06713	0.01569	0.13681	0.01971	0.14860	0.01548	0.01596	0.01140	0.00739	0.00622	0.00198	0.00854	0.00535	0.00493	0.01066
8	0.01967	0.11075	0.04961	0.01966	0.13641	0.01582	0.04332	0.05404	0.07606	0.16894	0.02291	0.16055	0.02051	0.01099	0.00847	0.00237	0.05487	0.00929	0.00577	0.01001
9	0.00936	0.00724	0.00854	0.00854	0.01037	0.00641	0.00628	0.01180	0.01790	0.02357	0.33648	0.16205	0.33025	0.01752	0.00868	0.00246	0.00365	0.01518	0.00729	0.00641
10	0.01884	0.49962	0.21185	0.01516	0.02235	0.08606	0.01636	0.02273	0.01543	0.01871	0.01098	0.01275	0.00930	0.00651	0.00542	0.00178	0.00902	0.00435	0.00315	0.00962
11	0.08061	0.02263	0.14443	0.08292	0.08345	0.15333	0.01576	0.09649	0.10044	0.02542	0.02278	0.02390	0.09935	0.00904	0.00702	0.00224	0.00870	0.00707	0.00485	0.00957
12	0.01267	0.00876	0.01188	0.01165	0.01307	0.00954	0.00907	0.01475	0.01357	0.07083	0.02889	0.06955	0.08394	0.16106	0.25852	0.00669	0.07667	0.12702	0.00518	0.00669
13	0.00912	0.00651	0.00873	0.01042	0.01095	0.00613	0.00720	0.01057	0.01417	0.01885	0.03992	0.67995	0.04751	0.02253	0.00935	0.00299	0.00444	0.07794	0.00674	0.00598
14	0.02247	0.02036	0.08366	0.08697	0.25991	0.09688	0.01790	0.13857	0.03795	0.13915	0.01683	0.01858	0.01241	0.00759	0.00714	0.00219	0.00883	0.00637	0.00517	0.01109
15	0.02249	0.08675	0.19663	0.01708	0.02315	0.01944	0.01680	0.22252	0.02130	0.15264	0.01638	0.01747	0.01184	0.00878	0.00979	0.00234	0.13212	0.00612	0.00545	0.01093
16	0.01280	0.01181	0.01110	0.01161	0.01291	0.12947	0.00837	0.01438	0.01483	0.01799	0.03228	0.30275	0.07700	0.14591	0.07787	0.00428	0.00791	0.09491	0.00556	0.00625

[dist]
