[name]
unknown

[dist]
# distance from previous block
# <min> <max>
0	760

[block]
# block no. 0 follows, 27 sequences, length 44
# corresponding to MSA columns:
# 1217-1260
name=unknown_A
#
# <colnr> <probs for GDERKNQSTAVLIFYWHMCP>
#	G	D	E	R	K	N	Q	S	T	A	V	L	I	F	Y	W	H	M	C	P
0	0.08675	0.11314	0.13582	0.01703	0.03749	0.06920	0.10277	0.03833	0.01681	0.02396	0.08612	0.07199	0.04165	0.01132	0.02871	0.00259	0.03228	0.02646	0.04878	0.00882
1	0.09391	0.05054	0.21854	0.03866	0.04640	0.05943	0.10563	0.04480	0.04871	0.10208	0.04892	0.02052	0.01501	0.01148	0.06070	0.00304	0.01007	0.00673	0.00477	0.01006
2	0.05444	0.18796	0.13784	0.06490	0.02640	0.04315	0.10478	0.09388	0.14435	0.02586	0.01625	0.01798	0.01254	0.00778	0.00733	0.00224	0.03108	0.00628	0.00463	0.01035
3	0.06699	0.07331	0.12096	0.03870	0.04522	0.08197	0.10352	0.06525	0.09714	0.07060	0.01722	0.01932	0.01318	0.01073	0.05357	0.00280	0.00956	0.00643	0.03441	0.06913
4	0.01956	0.10755	0.02539	0.01861	0.03921	0.14586	0.17527	0.02274	0.01730	0.10178	0.06282	0.06308	0.01962	0.08246	0.06298	0.00342	0.01027	0.00833	0.00490	0.00885
5	0.09015	0.05712	0.16756	0.01555	0.02029	0.03029	0.10191	0.01757	0.01530	0.02228	0.02803	0.27740	0.07659	0.01366	0.00785	0.00254	0.00739	0.01211	0.02825	0.00816
6	0.01412	0.01716	0.16291	0.01653	0.02106	0.01266	0.13167	0.01973	0.07858	0.04290	0.05849	0.10720	0.02382	0.18763	0.06868	0.00435	0.00926	0.01001	0.00494	0.00830
7	0.22435	0.08608	0.08679	0.01579	0.02161	0.04167	0.10153	0.11870	0.01875	0.10947	0.01993	0.02103	0.06304	0.00981	0.02875	0.00256	0.00836	0.00665	0.00531	0.00980
8	0.06507	0.04161	0.04529	0.08886	0.10154	0.12576	0.10380	0.13219	0.04336	0.07192	0.01764	0.07403	0.01469	0.00878	0.00734	0.00227	0.00917	0.00755	0.00510	0.03403
9	0.01847	0.04893	0.16236	0.06298	0.15463	0.09087	0.14751	0.06091	0.01762	0.02379	0.01351	0.01702	0.01064	0.00718	0.00825	0.00221	0.05309	0.00630	0.00383	0.08990
10	0.07377	0.02211	0.10404	0.01828	0.02383	0.11106	0.10252	0.19965	0.13767	0.03066	0.01992	0.08737	0.01658	0.00960	0.00749	0.00237	0.00886	0.00807	0.00570	0.01043
11	0.01749	0.01546	0.10875	0.01368	0.01929	0.01125	0.05600	0.02253	0.05872	0.15821	0.12412	0.03287	0.12626	0.01022	0.00742	0.00208	0.00635	0.00873	0.00625	0.19432
12	0.04402	0.07719	0.23278	0.01881	0.02541	0.01605	0.14892	0.06082	0.03938	0.07157	0.05246	0.13885	0.02053	0.01028	0.00769	0.00243	0.00874	0.00927	0.00501	0.00979
13	0.01659	0.02272	0.23243	0.07906	0.02691	0.04784	0.10528	0.10467	0.01728	0.02363	0.01609	0.02373	0.01393	0.14904	0.04801	0.00378	0.04842	0.00733	0.00413	0.00912
14	0.01101	0.01090	0.06064	0.01329	0.01591	0.00891	0.09752	0.01343	0.01492	0.01960	0.03982	0.30309	0.18373	0.06259	0.04556	0.04487	0.00687	0.03484	0.00573	0.00678
15	0.01787	0.01779	0.03232	0.09418	0.51052	0.01778	0.15373	0.02270	0.01687	0.02375	0.01412	0.01882	0.01152	0.00660	0.00764	0.00229	0.00966	0.00705	0.00366	0.01114
16	0.01739	0.08364	0.25633	0.03876	0.09390	0.09160	0.12228	0.04284	0.01670	0.02234	0.01515	0.06444	0.01301	0.00989	0.02948	0.00264	0.05879	0.00716	0.00379	0.00987
17	0.01520	0.16734	0.16025	0.12401	0.06786	0.01761	0.13624	0.01989	0.01596	0.02092	0.02411	0.06323	0.11771	0.00948	0.00737	0.00229	0.00888	0.00842	0.00410	0.00915
18	0.47660	0.01372	0.01326	0.01088	0.01606	0.01415	0.00893	0.02535	0.01538	0.21517	0.01595	0.01615	0.01129	0.00733	0.00551	0.00213	0.00587	0.00502	0.00583	0.11539
19	0.02422	0.02950	0.02198	0.16430	0.07977	0.51530	0.01627	0.02694	0.01946	0.01880	0.01202	0.01507	0.00980	0.00752	0.00689	0.00205	0.01233	0.00529	0.00371	0.00877
20	0.01632	0.05181	0.41264	0.02105	0.09341	0.05829	0.02145	0.07103	0.01775	0.02461	0.04435	0.06628	0.05082	0.00913	0.00733	0.00233	0.00950	0.00744	0.00419	0.01027
21	0.01577	0.01378	0.09780	0.01402	0.01665	0.01245	0.01223	0.01861	0.01475	0.12267	0.02496	0.23789	0.02465	0.01772	0.06725	0.00345	0.17744	0.01112	0.08855	0.00827
22	0.01169	0.00857	0.01032	0.00939	0.01105	0.00808	0.00630	0.01299	0.01248	0.01770	0.05702	0.03899	0.02469	0.43755	0.14024	0.00647	0.00874	0.00917	0.00459	0.16401
23	0.02206	0.01815	0.07664	0.10868	0.33826	0.01687	0.01924	0.11663	0.02002	0.16416	0.01750	0.01965	0.01284	0.00759	0.00737	0.00227	0.00850	0.00671	0.00525	0.01161
24	0.08271	0.11840	0.07222	0.05828	0.17305	0.09839	0.01585	0.06112	0.01875	0.20630	0.01716	0.01814	0.01249	0.00761	0.00673	0.00214	0.00850	0.00599	0.00533	0.01085
25	0.32270	0.01743	0.04027	0.01875	0.12541	0.07038	0.01330	0.05669	0.01525	0.02752	0.01249	0.01569	0.01026	0.00840	0.00951	0.00240	0.15369	0.00542	0.06549	0.00895
26	0.01865	0.24039	0.12626	0.03893	0.02145	0.20382	0.01460	0.02167	0.01641	0.01893	0.01739	0.16061	0.01761	0.01059	0.00757	0.00219	0.04204	0.00811	0.00411	0.00868
27	0.01034	0.00738	0.01000	0.01049	0.01139	0.00772	0.00755	0.01184	0.01275	0.01732	0.02997	0.20423	0.07468	0.17179	0.29472	0.04992	0.01127	0.04569	0.00507	0.00588
28	0.01893	0.03791	0.04418	0.04362	0.16931	0.06327	0.05772	0.02495	0.10943	0.09620	0.01945	0.06343	0.01627	0.03617	0.00827	0.00227	0.00778	0.00743	0.00515	0.16824
29	0.01839	0.07513	0.29808	0.04860	0.07951	0.07140	0.11048	0.02408	0.01684	0.08804	0.01607	0.05004	0.01266	0.00779	0.00721	0.00224	0.00991	0.00676	0.00416	0.05262
30	0.03191	0.01453	0.01837	0.01583	0.06533	0.05901	0.01196	0.03482	0.02094	0.60547	0.02702	0.02399	0.01732	0.00891	0.00740	0.00226	0.00697	0.00722	0.00845	0.01230
31	0.01161	0.10909	0.01432	0.07946	0.01624	0.01142	0.00890	0.01512	0.06031	0.01999	0.04879	0.14461	0.35160	0.01847	0.05468	0.00308	0.00622	0.01293	0.00588	0.00727
32	0.01476	0.11868	0.17395	0.06404	0.04299	0.01552	0.09323	0.05253	0.01576	0.02136	0.02049	0.16719	0.02052	0.09916	0.04451	0.00343	0.00907	0.00977	0.00444	0.00861
33	0.01252	0.00847	0.01229	0.08053	0.04688	0.00865	0.00972	0.01416	0.01422	0.06399	0.03135	0.28254	0.07993	0.02527	0.12786	0.11382	0.00816	0.04738	0.00555	0.00672
34	0.01120	0.00903	0.01457	0.06085	0.01738	0.01019	0.05467	0.01416	0.01266	0.01791	0.02054	0.07615	0.01957	0.04684	0.56673	0.01004	0.01764	0.00882	0.00412	0.00693
35	0.01884	0.01656	0.01726	0.05359	0.02066	0.07711	0.01230	0.12356	0.35620	0.02875	0.02375	0.02489	0.01853	0.01885	0.15061	0.00434	0.00994	0.00764	0.00625	0.01037
36	0.06807	0.05907	0.02708	0.21027	0.19666	0.01720	0.14457	0.04548	0.01633	0.02347	0.01465	0.01956	0.01173	0.01070	0.06075	0.00302	0.01011	0.00682	0.04496	0.00950
37	0.16199	0.01428	0.02063	0.01726	0.06618	0.01344	0.10069	0.03109	0.01895	0.44495	0.02301	0.02179	0.01516	0.00822	0.00714	0.00232	0.00723	0.00699	0.00728	0.01142
38	0.00894	0.00689	0.00817	0.00920	0.01047	0.00613	0.00639	0.01046	0.01530	0.01939	0.05471	0.46766	0.30680	0.02147	0.00919	0.00281	0.00409	0.01892	0.00689	0.00613
39	0.01484	0.14086	0.05211	0.01727	0.10788	0.06700	0.01245	0.01867	0.05500	0.02096	0.05236	0.24156	0.04861	0.01609	0.04002	0.00292	0.00756	0.07016	0.00534	0.00834
40	0.01748	0.01866	0.06193	0.26247	0.15007	0.08368	0.12257	0.05121	0.01700	0.02260	0.01417	0.01895	0.01110	0.00762	0.00853	0.00236	0.05814	0.00673	0.05530	0.00942
41	0.01366	0.06477	0.01480	0.01150	0.01407	0.01004	0.09643	0.01690	0.01548	0.02429	0.02588	0.19381	0.02441	0.01163	0.00667	0.00213	0.00524	0.01033	0.43064	0.00733
42	0.01571	0.01937	0.18044	0.01963	0.13213	0.01366	0.01574	0.06968	0.05262	0.02580	0.06459	0.11692	0.02069	0.00962	0.00719	0.00209	0.00728	0.00829	0.00497	0.21358
43	0.01449	0.05631	0.25059	0.05889	0.05766	0.01552	0.15011	0.01965	0.01489	0.02093	0.01730	0.07644	0.01578	0.09166	0.08305	0.00392	0.03175	0.00824	0.00382	0.00900

[dist]
# distance from previous block
# <min> <max>
0	3

[block]
# block no. 1 follows, 27 sequences, length 11
# corresponding to MSA columns:
# 1268-1278
name=unknown_B
#
# <colnr> <probs for GDERKNQSTAVLIFYWHMCP>
#	G	D	E	R	K	N	Q	S	T	A	V	L	I	F	Y	W	H	M	C	P
0	0.01909	0.30226	0.02907	0.06596	0.17279	0.08153	0.03947	0.05289	0.01717	0.02199	0.01590	0.01852	0.03688	0.00743	0.00616	0.00193	0.00829	0.00587	0.08718	0.00963
1	0.05738	0.07228	0.16223	0.10715	0.05215	0.08752	0.01617	0.09604	0.01954	0.12506	0.08521	0.02363	0.04641	0.00892	0.00714	0.00224	0.00848	0.00707	0.00536	0.01000
2	0.01145	0.00885	0.01076	0.01165	0.01320	0.00906	0.00857	0.01729	0.15666	0.02207	0.04063	0.44760	0.08411	0.01976	0.00913	0.00293	0.00497	0.10690	0.00702	0.00738
3	0.04997	0.01394	0.02143	0.14397	0.24156	0.01493	0.01660	0.02243	0.01639	0.15050	0.02054	0.08745	0.01810	0.01052	0.00954	0.00255	0.08547	0.05905	0.00519	0.00989
4	0.03052	0.01710	0.01999	0.01533	0.02118	0.01754	0.01266	0.38215	0.02873	0.34141	0.02301	0.02119	0.01523	0.00904	0.00744	0.00226	0.00733	0.00704	0.00822	0.01263
5	0.01176	0.01117	0.01867	0.01488	0.01865	0.01009	0.19753	0.01533	0.01815	0.02364	0.21572	0.05241	0.33340	0.01423	0.00877	0.00246	0.00623	0.01309	0.00631	0.00754
6	0.00900	0.00663	0.00844	0.00988	0.01065	0.00607	0.00669	0.01039	0.01465	0.01913	0.04643	0.62759	0.15221	0.02254	0.00936	0.00293	0.00422	0.02023	0.00689	0.00607
7	0.01167	0.00898	0.01263	0.01428	0.08489	0.00975	0.00898	0.01330	0.01216	0.01702	0.02177	0.08911	0.02312	0.31969	0.27802	0.00788	0.04618	0.00988	0.00434	0.00636
8	0.10726	0.01527	0.01632	0.01308	0.01776	0.01633	0.01067	0.33412	0.02543	0.13975	0.02042	0.02089	0.01466	0.00867	0.00655	0.00212	0.00641	0.00658	0.20706	0.01066
9	0.02773	0.03538	0.02104	0.01913	0.02295	0.70930	0.01434	0.02964	0.02104	0.01817	0.01148	0.01339	0.00956	0.00765	0.00669	0.00191	0.01339	0.00478	0.00383	0.00861
10	0.01346	0.01259	0.02068	0.64460	0.04672	0.01540	0.01901	0.01807	0.01507	0.01908	0.01985	0.02534	0.08292	0.00864	0.00757	0.00248	0.00924	0.00757	0.00368	0.00803

[dist]
# distance from previous block
# <min> <max>
0	19

[block]
# block no. 2 follows, 27 sequences, length 55
# corresponding to MSA columns:
# 1298-1352
name=unknown_C
#
# <colnr> <probs for GDERKNQSTAVLIFYWHMCP>
#	G	D	E	R	K	N	Q	S	T	A	V	L	I	F	Y	W	H	M	C	P
0	0.03285	0.01336	0.01768	0.01355	0.01932	0.01200	0.01120	0.09277	0.02247	0.63962	0.02826	0.02460	0.01786	0.00916	0.00746	0.00229	0.00648	0.00740	0.00903	0.01263
1	0.02885	0.01160	0.01589	0.01281	0.01762	0.01028	0.01036	0.03154	0.01971	0.56909	0.02961	0.09650	0.02146	0.01476	0.07056	0.00323	0.00733	0.00887	0.00849	0.01144
2	0.01402	0.00780	0.00831	0.00792	0.00988	0.00782	0.00601	0.05231	0.01762	0.02911	0.14540	0.03222	0.02801	0.00986	0.00596	0.00187	0.00373	0.00810	0.59683	0.00725
3	0.01689	0.01633	0.01883	0.01673	0.01809	0.10328	0.01343	0.07829	0.01514	0.02056	0.01575	0.08320	0.01546	0.02230	0.17073	0.00489	0.34990	0.00793	0.00420	0.00808
4	0.01324	0.01120	0.01761	0.01486	0.01812	0.01068	0.15489	0.06690	0.01820	0.02456	0.09925	0.18763	0.17480	0.01504	0.00862	0.00259	0.00642	0.07205	0.07561	0.00774
5	0.02124	0.01634	0.02230	0.01829	0.02213	0.08116	0.13191	0.06226	0.04266	0.18356	0.02310	0.09390	0.02021	0.01183	0.01117	0.00267	0.13691	0.08273	0.00597	0.00964
6	0.01038	0.00947	0.05115	0.04537	0.04655	0.00819	0.00981	0.01262	0.01434	0.01934	0.03534	0.48148	0.06347	0.04586	0.08002	0.00393	0.00690	0.04304	0.00599	0.00675
7	0.23858	0.18048	0.15511	0.05909	0.08194	0.04488	0.05144	0.02350	0.01541	0.06906	0.01294	0.01508	0.00998	0.00696	0.00601	0.00215	0.00844	0.00518	0.00407	0.00970
8	0.02334	0.25063	0.10830	0.01667	0.02234	0.24931	0.01515	0.09324	0.04564	0.06318	0.01375	0.01505	0.01091	0.00769	0.00695	0.00199	0.03636	0.00518	0.00437	0.00994
9	0.01151	0.00696	0.00945	0.00965	0.01009	0.00697	0.00655	0.01082	0.01167	0.01561	0.04824	0.09815	0.05614	0.19260	0.09368	0.35659	0.00753	0.03878	0.00444	0.00456
10	0.02040	0.40070	0.20333	0.01634	0.02328	0.18303	0.01683	0.02426	0.01661	0.01917	0.01135	0.01321	0.00950	0.00683	0.00579	0.00186	0.00997	0.00454	0.00331	0.00968
11	0.09630	0.05789	0.08165	0.01592	0.02165	0.03802	0.06459	0.17346	0.05413	0.22548	0.02179	0.08014	0.01679	0.00952	0.00726	0.00232	0.00771	0.00782	0.00662	0.01095
12	0.05799	0.01265	0.01598	0.01271	0.01751	0.01190	0.01033	0.11673	0.02271	0.42818	0.17901	0.03068	0.02909	0.01044	0.00764	0.00230	0.00590	0.00859	0.00853	0.01115
13	0.00960	0.00729	0.00884	0.00901	0.01068	0.00653	0.00655	0.01206	0.01807	0.02407	0.33731	0.22533	0.26112	0.01829	0.00894	0.00255	0.00378	0.01600	0.00746	0.00653
14	0.02085	0.08862	0.18143	0.01606	0.02223	0.05664	0.04692	0.10033	0.07051	0.15838	0.07913	0.02570	0.04621	0.04375	0.00874	0.00248	0.00816	0.00756	0.00589	0.01039
15	0.01952	0.67843	0.03745	0.01331	0.01909	0.02878	0.01302	0.02184	0.01475	0.01750	0.01027	0.01230	0.00955	0.00695	0.00652	0.00174	0.07220	0.00420	0.00318	0.00940
16	0.04398	0.01144	0.01267	0.01091	0.01431	0.01175	0.00860	0.16253	0.04497	0.14589	0.02504	0.09056	0.02012	0.01016	0.00653	0.00210	0.00521	0.00825	0.35570	0.00927
17	0.09556	0.02421	0.01865	0.01647	0.02078	0.29555	0.01275	0.11483	0.27052	0.02813	0.01926	0.01924	0.01476	0.00866	0.00692	0.00222	0.00917	0.00632	0.00577	0.01026
18	0.01871	0.35523	0.18043	0.02057	0.13787	0.02293	0.01761	0.07992	0.01712	0.02258	0.01284	0.01539	0.01069	0.00967	0.04718	0.00252	0.00948	0.00524	0.00368	0.01034
19	0.03170	0.01521	0.01882	0.01443	0.02024	0.01474	0.01192	0.23580	0.02556	0.49223	0.02567	0.02292	0.01656	0.00910	0.00745	0.00228	0.00690	0.00722	0.00863	0.01263
20	0.00889	0.00735	0.00780	0.00806	0.01019	0.00626	0.00590	0.01074	0.01665	0.02028	0.09530	0.17913	0.55909	0.01938	0.00889	0.00258	0.00384	0.01646	0.00695	0.00626
21	0.01802	0.06439	0.09879	0.09087	0.12528	0.10894	0.04221	0.02430	0.09933	0.04315	0.03955	0.02577	0.01734	0.00913	0.00773	0.00231	0.03064	0.05671	0.08599	0.00956
22	0.01167	0.00743	0.00963	0.00996	0.01089	0.00742	0.00684	0.01316	0.01351	0.05924	0.05543	0.28033	0.03367	0.23676	0.16171	0.00593	0.00840	0.01348	0.04833	0.00619
23	0.02320	0.44235	0.03130	0.01543	0.02071	0.31858	0.01340	0.02538	0.01762	0.01776	0.01081	0.01254	0.00954	0.00690	0.00558	0.00173	0.01026	0.00431	0.00345	0.00914
24	0.08541	0.13330	0.16694	0.04459	0.02326	0.07194	0.01501	0.11509	0.01840	0.02637	0.01307	0.01501	0.01025	0.00682	0.00609	0.00183	0.00825	0.00498	0.00430	0.22907
25	0.09320	0.02292	0.08453	0.01767	0.04859	0.14339	0.01456	0.25031	0.14007	0.08412	0.01848	0.01863	0.01353	0.00846	0.00703	0.00224	0.00864	0.00635	0.00613	0.01115
26	0.01156	0.00939	0.01213	0.01202	0.01338	0.04742	0.00918	0.01396	0.01234	0.01706	0.01970	0.02984	0.01873	0.10714	0.61803	0.01101	0.01852	0.00801	0.00401	0.00657
27	0.01888	0.01266	0.01477	0.01224	0.01625	0.01254	0.00961	0.14089	0.11788	0.13070	0.22353	0.03512	0.05836	0.05364	0.00943	0.00247	0.00560	0.00935	0.00735	0.10874
28	0.01837	0.01764	0.03013	0.04557	0.69279	0.01764	0.02278	0.02278	0.01690	0.02425	0.01396	0.01837	0.01176	0.00661	0.00735	0.00220	0.00882	0.00661	0.00367	0.01176
29	0.11523	0.01467	0.01768	0.01371	0.01937	0.01429	0.01132	0.17789	0.02340	0.47746	0.02461	0.02213	0.01594	0.00887	0.00714	0.00228	0.00667	0.00691	0.00829	0.01213
30	0.01083	0.00823	0.01215	0.01203	0.01324	0.00969	0.00931	0.01331	0.01185	0.01712	0.01967	0.02963	0.01864	0.08762	0.65079	0.01137	0.04593	0.00804	0.00397	0.00658
31	0.00924	0.00680	0.00867	0.00977	0.01071	0.00622	0.00673	0.01098	0.01571	0.02087	0.15106	0.52812	0.14525	0.02130	0.00926	0.00283	0.00410	0.01907	0.00710	0.00622
32	0.01402	0.01319	0.02227	0.72126	0.05113	0.01649	0.02062	0.01897	0.01484	0.01897	0.01319	0.01979	0.00990	0.00742	0.00742	0.00247	0.00990	0.00660	0.00330	0.00825
33	0.01402	0.01319	0.02227	0.72126	0.05113	0.01649	0.02062	0.01897	0.01484	0.01897	0.01319	0.01979	0.00990	0.00742	0.00742	0.00247	0.00990	0.00660	0.00330	0.00825
34	0.05149	0.01390	0.01547	0.01329	0.01652	0.01511	0.01033	0.31396	0.02284	0.03132	0.02248	0.07456	0.02160	0.20271	0.07839	0.00453	0.00852	0.06793	0.00616	0.00888
35	0.02012	0.01695	0.01874	0.15394	0.08508	0.13370	0.01420	0.05293	0.12307	0.12005	0.09305	0.05448	0.02319	0.01032	0.00771	0.00239	0.00811	0.04634	0.00597	0.00968
36	0.08601	0.01123	0.01440	0.01168	0.01615	0.01014	0.00944	0.02815	0.02033	0.44125	0.20431	0.03409	0.05837	0.01098	0.00763	0.00232	0.00542	0.00910	0.00846	0.01052
37	0.01275	0.01131	0.01338	0.01300	0.01406	0.07321	0.00983	0.01466	0.01289	0.01735	0.02134	0.13892	0.02223	0.11927	0.35725	0.00780	0.11983	0.00985	0.00437	0.00669
38	0.01507	0.03275	0.54039	0.02320	0.09010	0.01655	0.06051	0.02270	0.01602	0.02347	0.01590	0.02250	0.01283	0.00823	0.00747	0.00245	0.01048	0.06523	0.00356	0.01060
39	0.16560	0.01899	0.06415	0.05535	0.25691	0.05147	0.15393	0.02356	0.01623	0.06438	0.01398	0.01747	0.01092	0.00720	0.00802	0.00235	0.04868	0.00647	0.00413	0.01021
40	0.01387	0.01217	0.01864	0.08828	0.21167	0.01252	0.03972	0.01911	0.09277	0.02243	0.02990	0.25772	0.06107	0.01434	0.00847	0.00267	0.00684	0.07345	0.00559	0.00878
41	0.10273	0.09132	0.27011	0.02731	0.24629	0.07614	0.03877	0.02349	0.01619	0.02385	0.01283	0.01576	0.01011	0.00686	0.00669	0.00220	0.00966	0.00559	0.00355	0.01056
42	0.01816	0.01628	0.02589	0.03672	0.50691	0.01650	0.01943	0.08873	0.01835	0.02570	0.01776	0.04739	0.01636	0.05265	0.00949	0.00263	0.00836	0.05739	0.00447	0.01085
43	0.01242	0.00855	0.01420	0.01277	0.01420	0.00880	0.07971	0.01281	0.01231	0.01706	0.07603	0.02746	0.01974	0.03278	0.25449	0.36803	0.01138	0.00783	0.00398	0.00545
44	0.01804	0.01977	0.02704	0.02172	0.02461	0.13830	0.19352	0.02116	0.01562	0.02065	0.07485	0.02045	0.01576	0.01043	0.01558	0.00273	0.33976	0.00747	0.00395	0.00862
45	0.01791	0.35564	0.21279	0.05717	0.17614	0.02285	0.01930	0.02254	0.01564	0.02068	0.01209	0.01476	0.01002	0.00665	0.00609	0.00197	0.00904	0.00510	0.00328	0.01035
46	0.03252	0.01389	0.01801	0.01380	0.01958	0.01278	0.01140	0.13343	0.02335	0.59771	0.02752	0.02412	0.01749	0.00915	0.00746	0.00229	0.00660	0.00735	0.00892	0.01263
47	0.01438	0.01165	0.01605	0.01439	0.01653	0.01244	0.07063	0.13674	0.01800	0.02431	0.03079	0.38377	0.05709	0.05947	0.01238	0.00307	0.08964	0.01472	0.00614	0.00781
48	0.02584	0.02071	0.02418	0.10202	0.05461	0.17366	0.11331	0.14823	0.02226	0.21338	0.01844	0.01947	0.01297	0.00803	0.00747	0.00225	0.00973	0.00677	0.00591	0.01077
49	0.01985	0.74357	0.03890	0.01270	0.01905	0.02937	0.01270	0.02223	0.01508	0.01747	0.01032	0.01191	0.00953	0.00635	0.00476	0.00159	0.00794	0.00397	0.00318	0.00953
50	0.00907	0.00675	0.00846	0.00968	0.01063	0.00614	0.00663	0.01062	0.01518	0.01982	0.08608	0.55410	0.18609	0.02184	0.00928	0.00287	0.00414	0.01950	0.00697	0.00614
51	0.02201	0.05903	0.18699	0.08358	0.06025	0.38232	0.01853	0.02594	0.01823	0.01979	0.01206	0.01486	0.00967	0.00768	0.00777	0.00214	0.05103	0.00527	0.00355	0.00931
52	0.01901	0.01798	0.03041	0.06722	0.54755	0.01818	0.08192	0.08052	0.01850	0.02603	0.01438	0.01853	0.01172	0.00682	0.00749	0.00224	0.00915	0.00682	0.00400	0.01154
53	0.03136	0.01224	0.01670	0.01312	0.01850	0.01065	0.01085	0.03428	0.02100	0.63792	0.05010	0.02961	0.02139	0.01003	0.00767	0.00236	0.00626	0.04481	0.00902	0.01212
54	0.01091	0.00857	0.00940	0.00929	0.01128	0.00818	0.00666	0.03942	0.07586	0.02178	0.10320	0.17375	0.34093	0.13133	0.01329	0.00331	0.00474	0.01465	0.00670	0.00675

[dist]
# distance from previous block
# <min> <max>
7	25

[block]
# block no. 3 follows, 27 sequences, length 48
# corresponding to MSA columns:
# 1380-1427
name=unknown_D
#
# <colnr> <probs for GDERKNQSTAVLIFYWHMCP>
#	G	D	E	R	K	N	Q	S	T	A	V	L	I	F	Y	W	H	M	C	P
0	0.01621	0.06240	0.10376	0.20239	0.35066	0.01697	0.02059	0.02102	0.01656	0.02301	0.08083	0.02171	0.01671	0.00770	0.00732	0.00226	0.00875	0.00700	0.00394	0.01020
1	0.01560	0.01433	0.02582	0.06125	0.17071	0.01427	0.20841	0.01944	0.01616	0.05737	0.02543	0.17181	0.07337	0.01318	0.03385	0.00290	0.05110	0.01105	0.00488	0.00909
2	0.01936	0.09032	0.02395	0.09172	0.29612	0.01616	0.01628	0.04344	0.05306	0.12357	0.04760	0.08080	0.01876	0.00912	0.00727	0.00225	0.00748	0.00806	0.03419	0.01050
3	0.01598	0.01617	0.02468	0.18261	0.19197	0.08227	0.12651	0.01983	0.01602	0.02086	0.01884	0.15004	0.01818	0.01267	0.04555	0.00298	0.03216	0.00952	0.00421	0.00894
4	0.01041	0.00714	0.00927	0.00990	0.01112	0.00654	0.00698	0.01251	0.01686	0.04837	0.24881	0.43677	0.10792	0.01979	0.00911	0.00273	0.00408	0.01770	0.00739	0.00661
5	0.01748	0.09500	0.19553	0.06453	0.43630	0.01866	0.02283	0.02275	0.01633	0.02317	0.01341	0.01712	0.01088	0.00673	0.00702	0.00219	0.00931	0.00607	0.00348	0.01120
6	0.05741	0.01512	0.02176	0.13004	0.31152	0.04972	0.01681	0.02067	0.03282	0.04307	0.04584	0.05463	0.06910	0.01276	0.05955	0.00306	0.03393	0.00812	0.00450	0.00957
7	0.04321	0.02048	0.20315	0.01679	0.05487	0.10377	0.01490	0.01799	0.01545	0.02087	0.02525	0.33927	0.02741	0.01471	0.00891	0.00263	0.04463	0.01249	0.00501	0.00822
8	0.03089	0.01651	0.01963	0.01505	0.02088	0.01666	0.01243	0.33616	0.02773	0.38880	0.02384	0.02173	0.01565	0.00906	0.00745	0.00226	0.00720	0.00709	0.00835	0.01263
9	0.01884	0.16510	0.34052	0.01820	0.02578	0.04473	0.02000	0.09778	0.05680	0.05044	0.01445	0.01626	0.01096	0.00800	0.00842	0.00227	0.08100	0.00566	0.00416	0.01063
10	0.01825	0.08101	0.19226	0.02242	0.11873	0.01591	0.13270	0.04417	0.01761	0.11657	0.05407	0.11399	0.01972	0.00968	0.00768	0.00237	0.00870	0.00886	0.00505	0.01022
11	0.01389	0.02042	0.21454	0.07948	0.02936	0.01424	0.23158	0.01918	0.01577	0.02182	0.02235	0.23811	0.02225	0.01180	0.00839	0.00262	0.00935	0.01146	0.00451	0.00891
12	0.01232	0.00750	0.00896	0.00897	0.00953	0.00727	0.00551	0.01282	0.01235	0.07222	0.02737	0.18319	0.03068	0.53577	0.02962	0.00596	0.00655	0.01257	0.00537	0.00548
13	0.02172	0.05960	0.38029	0.01881	0.02688	0.18265	0.02054	0.02738	0.01802	0.15219	0.01585	0.01683	0.01118	0.00758	0.00696	0.00221	0.01054	0.00564	0.00447	0.01067
14	0.01967	0.01565	0.02446	0.09264	0.40580	0.01595	0.01836	0.04510	0.07352	0.12001	0.02099	0.02340	0.04952	0.00968	0.03066	0.00261	0.00839	0.00741	0.00505	0.01115
15	0.01538	0.10877	0.63460	0.02032	0.03083	0.01845	0.02596	0.02338	0.01561	0.02291	0.01302	0.01530	0.00942	0.00698	0.00682	0.00227	0.01067	0.00533	0.00314	0.01083
16	0.01837	0.01764	0.03013	0.04557	0.69279	0.01764	0.02278	0.02278	0.01690	0.02425	0.01396	0.01837	0.01176	0.00661	0.00735	0.00220	0.00882	0.00661	0.00367	0.01176
17	0.04535	0.18911	0.29644	0.01628	0.02415	0.01821	0.01791	0.02765	0.05110	0.21800	0.01804	0.01810	0.01267	0.00766	0.00660	0.00217	0.00851	0.00582	0.00517	0.01107
18	0.01517	0.03645	0.63083	0.02224	0.03284	0.01740	0.09528	0.02354	0.01587	0.02354	0.01350	0.01614	0.00960	0.00697	0.00723	0.00237	0.01114	0.00583	0.00320	0.01087
19	0.01189	0.00849	0.01186	0.01344	0.01515	0.00846	0.01170	0.01531	0.01730	0.02262	0.07361	0.08225	0.04417	0.02023	0.01017	0.00336	0.00666	0.60958	0.00691	0.00684
20	0.00981	0.00725	0.00925	0.01002	0.01137	0.00669	0.00740	0.01212	0.01699	0.02261	0.22713	0.33639	0.16877	0.01983	0.00926	0.00279	0.00434	0.10429	0.00724	0.00646
21	0.65008	0.08767	0.01466	0.01067	0.01556	0.01846	0.00902	0.07642	0.01476	0.03286	0.01097	0.01253	0.00858	0.00701	0.00485	0.00222	0.00617	0.00424	0.00469	0.00858
22	0.01837	0.01764	0.03013	0.04557	0.69279	0.01764	0.02278	0.02278	0.01690	0.02425	0.01396	0.01837	0.01176	0.00661	0.00735	0.00220	0.00882	0.00661	0.00367	0.01176
23	0.00929	0.00663	0.00889	0.01061	0.01115	0.00624	0.00731	0.01076	0.01445	0.01922	0.04078	0.68013	0.04857	0.02303	0.00954	0.00305	0.00452	0.07284	0.00689	0.00610
24	0.01837	0.01764	0.03013	0.04557	0.69279	0.01764	0.02278	0.02278	0.01690	0.02425	0.01396	0.01837	0.01176	0.00661	0.00735	0.00220	0.00882	0.00661	0.00367	0.01176
25	0.09633	0.55153	0.08937	0.01331	0.01969	0.02619	0.01338	0.02373	0.07017	0.02068	0.01223	0.01355	0.01046	0.00677	0.00517	0.00180	0.00780	0.00447	0.00368	0.00968
26	0.00996	0.00685	0.00834	0.00916	0.00937	0.00664	0.00564	0.01058	0.01242	0.01656	0.03172	0.37445	0.03750	0.39889	0.02433	0.00521	0.00582	0.01569	0.00564	0.00523
27	0.72845	0.01421	0.01144	0.01005	0.01474	0.01618	0.00828	0.02302	0.01335	0.08861	0.01191	0.01316	0.00890	0.00708	0.00483	0.00230	0.00579	0.00431	0.00498	0.00842
28	0.02773	0.03538	0.02104	0.01913	0.02295	0.70930	0.01434	0.02964	0.02104	0.01817	0.01148	0.01339	0.00956	0.00765	0.00669	0.00191	0.01339	0.00478	0.00383	0.00861
29	0.07993	0.01312	0.01295	0.01280	0.01497	0.09333	0.00980	0.02091	0.15672	0.02188	0.02547	0.09073	0.02518	0.08352	0.01472	0.14618	0.00709	0.15787	0.00557	0.00726
30	0.01413	0.00797	0.01043	0.01051	0.01207	0.00738	0.00748	0.01586	0.01588	0.14395	0.11565	0.36588	0.04182	0.14624	0.01407	0.00356	0.00522	0.04772	0.00704	0.00713
31	0.00904	0.00646	0.00861	0.01034	0.01077	0.00603	0.00689	0.01034	0.01421	0.01895	0.04092	0.73426	0.04910	0.02326	0.00948	0.00301	0.00431	0.02110	0.00689	0.00603
32	0.79154	0.01436	0.01091	0.00976	0.01436	0.01665	0.00804	0.02182	0.01263	0.03331	0.01034	0.01206	0.00804	0.00689	0.00459	0.00230	0.00574	0.00402	0.00459	0.00804
33	0.01837	0.01764	0.03013	0.04557	0.69279	0.01764	0.02278	0.02278	0.01690	0.02425	0.01396	0.01837	0.01176	0.00661	0.00735	0.00220	0.00882	0.00661	0.00367	0.01176
34	0.01016	0.00755	0.00933	0.00890	0.01072	0.00686	0.00659	0.01315	0.01964	0.02696	0.52700	0.05843	0.19684	0.05306	0.01025	0.00262	0.00375	0.01376	0.00772	0.00672
35	0.79154	0.01436	0.01091	0.00976	0.01436	0.01665	0.00804	0.02182	0.01263	0.03331	0.01034	0.01206	0.00804	0.00689	0.00459	0.00230	0.00574	0.00402	0.00459	0.00804
36	0.00929	0.00663	0.00889	0.01061	0.01115	0.00624	0.00731	0.01076	0.01445	0.01922	0.04078	0.68009	0.04857	0.02303	0.00954	0.00305	0.00452	0.07287	0.00689	0.00610
37	0.02822	0.02079	0.02228	0.01708	0.02302	0.02302	0.01411	0.66804	0.03490	0.04679	0.01782	0.01782	0.01262	0.00891	0.00743	0.00223	0.00817	0.00668	0.00743	0.01262
38	0.00946	0.00676	0.00906	0.01059	0.01125	0.00636	0.00741	0.01115	0.01507	0.02018	0.09471	0.61281	0.05021	0.02231	0.00949	0.00300	0.00449	0.08251	0.00699	0.00619
39	0.01985	0.74357	0.03890	0.01270	0.01905	0.02937	0.01270	0.02223	0.01508	0.01747	0.01032	0.01191	0.00953	0.00635	0.00476	0.00159	0.00794	0.00397	0.00318	0.00953
40	0.02707	0.09435	0.02253	0.01859	0.02263	0.65268	0.01421	0.02903	0.02054	0.01811	0.01138	0.01326	0.00956	0.00754	0.00653	0.00189	0.01293	0.00471	0.00377	0.00868
41	0.01080	0.00720	0.00810	0.00810	0.00810	0.00720	0.00450	0.01080	0.01080	0.01439	0.02339	0.04858	0.02699	0.73910	0.03779	0.00720	0.00720	0.01080	0.00450	0.00450
42	0.01731	0.02334	0.19852	0.03605	0.36943	0.01782	0.18200	0.02321	0.01675	0.02395	0.01407	0.01811	0.01106	0.00663	0.00762	0.00231	0.01026	0.00686	0.00356	0.01114
43	0.01063	0.00767	0.01009	0.00970	0.01145	0.00713	0.00742	0.01412	0.02069	0.02914	0.63482	0.05781	0.06777	0.01562	0.00888	0.00243	0.00378	0.06580	0.00806	0.00699
44	0.01784	0.02693	0.23866	0.02557	0.08630	0.12849	0.25569	0.02374	0.01776	0.02333	0.06995	0.02043	0.01535	0.00750	0.00778	0.00232	0.01112	0.00732	0.00394	0.00998
45	0.01791	0.01894	0.03757	0.03780	0.33710	0.01826	0.37253	0.02333	0.01724	0.02400	0.01454	0.01927	0.01149	0.00642	0.00812	0.00237	0.01083	0.00778	0.00372	0.01081
46	0.02589	0.24092	0.02595	0.01675	0.02148	0.45203	0.01358	0.02802	0.01931	0.07453	0.01262	0.01394	0.01029	0.00740	0.00619	0.00185	0.01120	0.00477	0.00408	0.00921
47	0.01734	0.07693	0.09929	0.01255	0.01957	0.01249	0.01154	0.02116	0.01594	0.08515	0.01444	0.01604	0.01136	0.00609	0.00580	0.00140	0.00643	0.00477	0.00458	0.55712

[dist]
# distance from previous block
# <min> <max>
0	2

[block]
# block no. 4 follows, 27 sequences, length 10
# corresponding to MSA columns:
# 1430-1439
name=unknown_E
#
# <colnr> <probs for GDERKNQSTAVLIFYWHMCP>
#	G	D	E	R	K	N	Q	S	T	A	V	L	I	F	Y	W	H	M	C	P
0	0.02200	0.14980	0.02251	0.01557	0.02052	0.09535	0.01275	0.18339	0.33791	0.03094	0.02172	0.02101	0.01654	0.00887	0.00693	0.00222	0.00759	0.00681	0.00634	0.01122
1	0.79154	0.01436	0.01091	0.00976	0.01436	0.01665	0.00804	0.02182	0.01263	0.03331	0.01034	0.01206	0.00804	0.00689	0.00459	0.00230	0.00574	0.00402	0.00459	0.00804
2	0.02812	0.02376	0.02203	0.01750	0.02301	0.16252	0.01416	0.53827	0.03209	0.04097	0.01653	0.01692	0.01200	0.00866	0.00728	0.00216	0.00923	0.00630	0.00669	0.01181
3	0.01064	0.00782	0.01124	0.01124	0.01233	0.00891	0.00842	0.01281	0.01173	0.01672	0.02051	0.03265	0.02007	0.17838	0.58905	0.01108	0.01761	0.00846	0.00407	0.00625
4	0.02783	0.03242	0.02129	0.01871	0.02296	0.56980	0.01430	0.15941	0.02386	0.02399	0.01277	0.01429	0.01019	0.00791	0.00684	0.00198	0.01233	0.00517	0.00456	0.00942
5	0.00913	0.00753	0.00801	0.00789	0.01024	0.00642	0.00592	0.01134	0.01775	0.02203	0.19995	0.06819	0.56381	0.01806	0.00877	0.00247	0.00371	0.01521	0.00715	0.00642
6	0.01752	0.02003	0.04380	0.03129	0.03880	0.01877	0.66583	0.02378	0.01752	0.02378	0.01502	0.02003	0.01126	0.00626	0.00876	0.00250	0.01252	0.00876	0.00375	0.01001
7	0.01060	0.00732	0.00906	0.00920	0.00956	0.00760	0.00584	0.01135	0.01135	0.01545	0.02400	0.10074	0.02680	0.51578	0.19668	0.00799	0.01000	0.01097	0.00457	0.00514
8	0.01876	0.01931	0.03380	0.03230	0.24260	0.05878	0.31958	0.07647	0.01923	0.02595	0.06487	0.02156	0.01581	0.00734	0.00808	0.00234	0.01036	0.00802	0.00437	0.01048
9	0.01858	0.01944	0.03212	0.02338	0.03020	0.07573	0.37348	0.07079	0.01851	0.02513	0.01440	0.01797	0.01114	0.00636	0.00755	0.00203	0.01026	0.00702	0.00422	0.23169

[dist]
# distance from previous block
# <min> <max>
0	46

# created by:
# /home/berkeley/.conda/envs/busco_data_prod/bin/msa2prfl.pl pipeline/OGs_align_augustus/5794/38318.fs
