[name]
unknown

[dist]
# distance from previous block
# <min> <max>
0	1

[block]
# block no. 0 follows, 31 sequences, length 16
# corresponding to MSA columns:
# 1-16
name=unknown_A
#
# <colnr> <probs for GDERKNQSTAVLIFYWHMCP>
#	G	D	E	R	K	N	Q	S	T	A	V	L	I	F	Y	W	H	M	C	P
0	0.01102	0.00787	0.01102	0.01260	0.01417	0.00787	0.01102	0.01417	0.01575	0.02047	0.03622	0.07717	0.03937	0.01890	0.00945	0.00315	0.00630	0.67084	0.00630	0.00630
1	0.01380	0.01239	0.01460	0.20529	0.02273	0.05251	0.01142	0.10840	0.05783	0.02187	0.03577	0.03665	0.28405	0.01305	0.03233	0.00257	0.05265	0.00938	0.00512	0.00760
2	0.01379	0.01199	0.01275	0.01436	0.10749	0.09870	0.00855	0.06422	0.01400	0.01777	0.02102	0.13994	0.02300	0.39855	0.02151	0.00449	0.00722	0.00986	0.00449	0.00629
3	0.00978	0.00752	0.00909	0.00955	0.01097	0.00735	0.00682	0.01398	0.10934	0.02134	0.19042	0.40024	0.14261	0.01753	0.00825	0.00251	0.00393	0.01556	0.00670	0.00651
4	0.01744	0.21770	0.40118	0.01687	0.02478	0.07251	0.01926	0.11368	0.01709	0.02282	0.01202	0.01368	0.00911	0.00661	0.00599	0.00194	0.00921	0.00480	0.00349	0.00982
5	0.01632	0.04744	0.01656	0.01362	0.01539	0.09708	0.01107	0.01835	0.01429	0.08598	0.07218	0.02555	0.10219	0.01112	0.01329	0.00238	0.32087	0.00735	0.10141	0.00757
6	0.01909	0.01676	0.10944	0.01327	0.01881	0.01412	0.01197	0.21165	0.11149	0.11740	0.02515	0.02457	0.10886	0.00881	0.00665	0.00195	0.00635	0.00704	0.00594	0.16067
7	0.22471	0.07939	0.07969	0.01323	0.01832	0.18836	0.01156	0.02588	0.01641	0.23151	0.01533	0.01544	0.01091	0.00708	0.00574	0.00194	0.00774	0.00495	0.00510	0.03670
8	0.00830	0.00609	0.00780	0.00917	0.00983	0.00559	0.00619	0.00957	0.01344	0.01760	0.04203	0.66090	0.13666	0.02087	0.00864	0.00271	0.00390	0.01876	0.00635	0.00559
9	0.02390	0.12399	0.02095	0.01517	0.01976	0.26231	0.01225	0.20208	0.12871	0.10046	0.01639	0.01644	0.01229	0.00769	0.00630	0.00192	0.00863	0.00554	0.00537	0.00986
10	0.01439	0.16130	0.02429	0.52692	0.10953	0.01766	0.01776	0.01843	0.01392	0.01770	0.01171	0.01667	0.00923	0.00657	0.00635	0.00209	0.00866	0.00560	0.00305	0.00816
11	0.00882	0.00674	0.00823	0.00876	0.01018	0.00596	0.00617	0.01055	0.01469	0.01942	0.13855	0.43203	0.21950	0.01832	0.00824	0.00246	0.00380	0.01621	0.00637	0.05501
12	0.02401	0.02411	0.01830	0.04818	0.02096	0.38832	0.01248	0.17030	0.07847	0.07894	0.01532	0.01622	0.01159	0.00764	0.00638	0.00191	0.00953	0.00544	0.05275	0.00915
13	0.02116	0.01076	0.01356	0.01147	0.01493	0.01027	0.00893	0.13435	0.01956	0.32586	0.10255	0.19562	0.02830	0.05852	0.00916	0.00254	0.00544	0.01046	0.00734	0.00920
14	0.00865	0.00651	0.00785	0.00854	0.00970	0.00590	0.00599	0.01026	0.01457	0.01892	0.13853	0.37258	0.25242	0.07375	0.01040	0.00285	0.00398	0.03658	0.00635	0.00567
15	0.00844	0.00600	0.00791	0.00939	0.00976	0.00563	0.00620	0.00955	0.01289	0.01718	0.03662	0.70706	0.04387	0.07135	0.01050	0.00304	0.00415	0.01881	0.00620	0.00546

[dist]
# distance from previous block
# <min> <max>
0	1

[block]
# block no. 1 follows, 31 sequences, length 24
# corresponding to MSA columns:
# 18-41
name=unknown_B
#
# <colnr> <probs for GDERKNQSTAVLIFYWHMCP>
#	G	D	E	R	K	N	Q	S	T	A	V	L	I	F	Y	W	H	M	C	P
0	0.01713	0.11748	0.21008	0.02038	0.02635	0.08451	0.20346	0.06849	0.01584	0.02117	0.01191	0.01515	0.00943	0.00736	0.00950	0.00222	0.14109	0.00589	0.00341	0.00914
1	0.01765	0.04910	0.02088	0.21844	0.05654	0.14626	0.05745	0.09749	0.01685	0.02170	0.01286	0.01647	0.01024	0.00737	0.00803	0.00202	0.08761	0.00564	0.06740	0.07999
2	0.00873	0.00612	0.00782	0.00902	0.00932	0.00582	0.00581	0.00963	0.01233	0.01644	0.03378	0.58234	0.04029	0.20095	0.01508	0.00372	0.00462	0.01714	0.00581	0.00521
3	0.07552	0.53676	0.14821	0.01268	0.01878	0.02294	0.01333	0.01996	0.01377	0.01821	0.01178	0.05908	0.01099	0.00699	0.00501	0.00171	0.00742	0.00491	0.00324	0.00870
4	0.07900	0.00970	0.01232	0.01025	0.01388	0.00881	0.00818	0.02311	0.01866	0.36207	0.28875	0.03565	0.07880	0.01097	0.00721	0.00214	0.00465	0.00921	0.00766	0.00899
5	0.31681	0.01630	0.01611	0.01322	0.01742	0.08098	0.03641	0.13422	0.04455	0.02796	0.01203	0.01397	0.00954	0.00736	0.00761	0.00203	0.10310	0.00487	0.00450	0.13102
6	0.01829	0.76368	0.03585	0.01171	0.01756	0.02707	0.01171	0.02049	0.01390	0.01610	0.00951	0.01097	0.00878	0.00585	0.00439	0.00146	0.00732	0.00366	0.00293	0.00878
7	0.01292	0.01216	0.02052	0.74312	0.04712	0.01520	0.01900	0.01748	0.01368	0.01748	0.01216	0.01824	0.00912	0.00684	0.00684	0.00228	0.00912	0.00608	0.00304	0.00760
8	0.00926	0.00694	0.00857	0.00847	0.00987	0.00668	0.00613	0.01129	0.01485	0.01993	0.25691	0.07806	0.22441	0.14828	0.15534	0.00472	0.00687	0.01182	0.00583	0.00578
9	0.00889	0.00670	0.00734	0.00751	0.00867	0.00610	0.00498	0.00995	0.01326	0.01667	0.07043	0.13941	0.34533	0.30361	0.01846	0.00403	0.00474	0.01323	0.00554	0.00515
10	0.01650	0.27373	0.18102	0.13938	0.02681	0.10451	0.07721	0.02070	0.01519	0.01888	0.05602	0.01637	0.01252	0.00682	0.00605	0.00191	0.00895	0.00542	0.00335	0.00866
11	0.38933	0.01185	0.01199	0.01023	0.01429	0.01248	0.00827	0.02395	0.07076	0.22605	0.13462	0.02247	0.02083	0.00847	0.00585	0.00214	0.00510	0.00639	0.00621	0.00872
12	0.01568	0.01548	0.02279	0.37885	0.29081	0.07319	0.01875	0.02078	0.05923	0.01994	0.01330	0.01775	0.01049	0.00674	0.00677	0.00215	0.00877	0.00606	0.00346	0.00903
13	0.00854	0.00629	0.00782	0.00878	0.00962	0.00577	0.00596	0.00992	0.01389	0.01822	0.10350	0.50200	0.17400	0.07916	0.01064	0.00294	0.00402	0.01708	0.00628	0.00557
14	0.01372	0.03539	0.72412	0.01950	0.02961	0.01589	0.02528	0.02167	0.01444	0.02167	0.01228	0.01444	0.00867	0.00650	0.00650	0.00217	0.01011	0.00506	0.00289	0.01011
15	0.00845	0.00609	0.00800	0.00933	0.00992	0.00565	0.00631	0.00984	0.01377	0.01841	0.10005	0.66254	0.07512	0.02059	0.00865	0.00270	0.00388	0.01860	0.00646	0.00565
16	0.01081	0.00678	0.00848	0.00878	0.00953	0.00643	0.00575	0.01187	0.01307	0.06927	0.11220	0.32941	0.03728	0.31688	0.01902	0.00421	0.00509	0.01383	0.00576	0.00555
17	0.07089	0.02129	0.20068	0.01572	0.02175	0.01768	0.01523	0.26268	0.15708	0.08975	0.01774	0.01788	0.01276	0.00804	0.00728	0.00218	0.03899	0.00608	0.00565	0.01064
18	0.01396	0.03922	0.08184	0.01282	0.04170	0.07647	0.01031	0.03584	0.13113	0.02070	0.02441	0.02920	0.09074	0.11201	0.15184	0.00436	0.00892	0.00769	0.09923	0.00762
19	0.04125	0.06330	0.01821	0.01342	0.01834	0.01718	0.01104	0.33921	0.13353	0.12829	0.02247	0.02169	0.05994	0.00864	0.00658	0.00201	0.00638	0.00672	0.02550	0.05631
20	0.01829	0.07099	0.22168	0.11389	0.13332	0.06156	0.01769	0.09583	0.01724	0.09451	0.01401	0.01605	0.01038	0.00673	0.00637	0.00197	0.00846	0.00543	0.00414	0.08145
21	0.03928	0.09152	0.02572	0.02625	0.28986	0.04510	0.09728	0.15276	0.05100	0.02646	0.07450	0.01945	0.01568	0.00732	0.00674	0.00203	0.00788	0.00660	0.00458	0.01001
22	0.03808	0.14933	0.05084	0.14592	0.09362	0.07308	0.01352	0.09234	0.04215	0.04675	0.07971	0.02119	0.01664	0.00787	0.00626	0.00196	0.00734	0.02364	0.05543	0.03434
23	0.01804	0.11334	0.07504	0.03294	0.01886	0.12876	0.02828	0.12265	0.03525	0.04915	0.04995	0.06144	0.01798	0.00913	0.00647	0.00197	0.00739	0.06641	0.07519	0.08176

[dist]
# distance from previous block
# <min> <max>
3	221

[block]
# block no. 2 follows, 31 sequences, length 23
# corresponding to MSA columns:
# 274-296
name=unknown_C
#
# <colnr> <probs for GDERKNQSTAVLIFYWHMCP>
#	G	D	E	R	K	N	Q	S	T	A	V	L	I	F	Y	W	H	M	C	P
0	0.07753	0.01673	0.09931	0.02126	0.16751	0.01517	0.07733	0.11108	0.01767	0.13593	0.06314	0.05849	0.01660	0.00871	0.00845	0.00224	0.08088	0.00723	0.00506	0.00968
1	0.03850	0.14958	0.14649	0.13869	0.08196	0.01650	0.01532	0.05522	0.01548	0.05249	0.06398	0.01777	0.01376	0.00728	0.00709	0.00194	0.05312	0.00563	0.00396	0.11526
2	0.14585	0.12288	0.05190	0.03533	0.10401	0.01710	0.12668	0.13693	0.01824	0.05085	0.10869	0.02012	0.01746	0.00761	0.00642	0.00204	0.00738	0.00654	0.00478	0.00918
3	0.01521	0.05844	0.15054	0.15465	0.18259	0.01771	0.09777	0.02023	0.04174	0.01999	0.01236	0.01652	0.01000	0.00761	0.01006	0.00232	0.16380	0.00605	0.00328	0.00913
4	0.05418	0.18053	0.14597	0.01435	0.02007	0.08420	0.04032	0.04521	0.05182	0.14405	0.01555	0.01686	0.01181	0.01103	0.07430	0.00272	0.00888	0.00539	0.00452	0.06824
5	0.00945	0.00743	0.00928	0.00943	0.01062	0.00754	0.00686	0.01160	0.03074	0.01910	0.15119	0.26975	0.21257	0.07529	0.07927	0.00362	0.06051	0.01389	0.00590	0.00598
6	0.01368	0.00924	0.01119	0.01102	0.01319	0.00946	0.00820	0.02017	0.20058	0.10996	0.06267	0.34873	0.06993	0.01724	0.03990	0.00289	0.00523	0.03214	0.00671	0.00784
7	0.01593	0.06757	0.13460	0.01309	0.01768	0.06196	0.01207	0.12513	0.12416	0.02709	0.21479	0.02810	0.04378	0.00956	0.00681	0.00203	0.00635	0.00780	0.04066	0.04085
8	0.01671	0.04555	0.01561	0.01376	0.01577	0.29104	0.01048	0.01847	0.01417	0.01593	0.01457	0.02195	0.01387	0.12382	0.26497	0.00574	0.08093	0.00629	0.00359	0.00678
9	0.00934	0.00661	0.00817	0.00890	0.00957	0.00633	0.00609	0.01055	0.01298	0.01712	0.07886	0.30015	0.10141	0.28331	0.01802	0.00412	0.00514	0.10248	0.00564	0.00523
10	0.01464	0.01395	0.01455	0.01635	0.14591	0.10753	0.01045	0.09506	0.05391	0.02236	0.04251	0.04162	0.36948	0.01236	0.00738	0.00216	0.00611	0.01021	0.00550	0.00796
11	0.10065	0.01520	0.01484	0.01306	0.01658	0.12737	0.01047	0.14286	0.05539	0.13682	0.06642	0.02764	0.01964	0.01676	0.12886	0.00367	0.00907	0.08023	0.00576	0.00870
12	0.01547	0.00987	0.01130	0.01031	0.01341	0.00965	0.00792	0.02196	0.19731	0.17647	0.04441	0.14701	0.27944	0.01385	0.00762	0.00234	0.00457	0.01174	0.00698	0.00837
13	0.00937	0.00670	0.00913	0.01071	0.01156	0.00645	0.00816	0.01132	0.01412	0.01863	0.03713	0.49336	0.04298	0.02046	0.00901	0.00292	0.00487	0.27094	0.00633	0.00584
14	0.13047	0.03001	0.01814	0.01647	0.02009	0.63598	0.01244	0.02635	0.01835	0.01861	0.01043	0.01217	0.00862	0.00696	0.00591	0.00181	0.01139	0.00431	0.00362	0.00786
15	0.01407	0.01391	0.02514	0.02463	0.18383	0.01470	0.22132	0.01758	0.01383	0.01954	0.01671	0.11764	0.01600	0.01625	0.12578	0.00381	0.13448	0.00867	0.00378	0.00832
16	0.01226	0.00647	0.00682	0.00673	0.00833	0.00639	0.00505	0.01546	0.01515	0.02581	0.13249	0.02959	0.02503	0.00893	0.00531	0.00168	0.00319	0.00733	0.67158	0.00639
17	0.00995	0.00663	0.00746	0.00746	0.00746	0.00663	0.00415	0.00995	0.00995	0.01327	0.02156	0.04477	0.02487	0.75957	0.03482	0.00663	0.00663	0.00995	0.00415	0.00415
18	0.01667	0.01294	0.01796	0.01294	0.01903	0.01035	0.10091	0.02002	0.01518	0.11602	0.01438	0.01598	0.01108	0.00562	0.00572	0.00134	0.00604	0.00498	0.00457	0.58829
19	0.01829	0.76368	0.03585	0.01171	0.01756	0.02707	0.01171	0.02049	0.01390	0.01610	0.00951	0.01097	0.00878	0.00585	0.00439	0.00146	0.00732	0.00366	0.00293	0.00878
20	0.00978	0.00730	0.01086	0.01086	0.01203	0.00848	0.00838	0.01213	0.01095	0.01578	0.01845	0.02758	0.01741	0.07900	0.70517	0.01082	0.01787	0.00743	0.00368	0.00603
21	0.01750	0.30598	0.31921	0.01577	0.02316	0.04894	0.01753	0.10024	0.05244	0.02223	0.01246	0.01386	0.00970	0.00662	0.00576	0.00188	0.00860	0.00477	0.00360	0.00974
22	0.00995	0.00663	0.00746	0.00746	0.00746	0.00663	0.00415	0.00995	0.00995	0.01327	0.02156	0.04477	0.02487	0.75957	0.03482	0.00663	0.00663	0.00995	0.00415	0.00415

[dist]
# distance from previous block
# <min> <max>
0	13

[block]
# block no. 3 follows, 31 sequences, length 24
# corresponding to MSA columns:
# 310-333
name=unknown_D
#
# <colnr> <probs for GDERKNQSTAVLIFYWHMCP>
#	G	D	E	R	K	N	Q	S	T	A	V	L	I	F	Y	W	H	M	C	P
0	0.02034	0.01646	0.01730	0.01458	0.01803	0.12664	0.03870	0.18925	0.08213	0.11986	0.02097	0.08074	0.03848	0.05081	0.06334	0.00309	0.07679	0.00780	0.00564	0.00904
1	0.10695	0.00709	0.00823	0.00917	0.01039	0.00691	0.00648	0.01119	0.01365	0.01983	0.07261	0.51631	0.12855	0.01858	0.00808	0.00262	0.00410	0.03722	0.00615	0.00588
2	0.09214	0.09387	0.10662	0.01806	0.09812	0.20462	0.01414	0.02743	0.23262	0.02294	0.01628	0.01702	0.01269	0.00740	0.00618	0.00202	0.00828	0.00559	0.00452	0.00947
3	0.01550	0.05282	0.05607	0.01437	0.07155	0.04572	0.01118	0.01974	0.05918	0.04090	0.01449	0.01822	0.01225	0.00833	0.03320	0.00188	0.04367	0.03193	0.00419	0.44480
4	0.02421	0.12791	0.05795	0.01749	0.11230	0.01705	0.01336	0.20568	0.05550	0.27156	0.01897	0.01843	0.01326	0.00763	0.00647	0.00200	0.00701	0.00605	0.00617	0.01099
5	0.01808	0.05652	0.01738	0.01496	0.01758	0.23694	0.01212	0.10233	0.01736	0.02063	0.01804	0.03006	0.01739	0.01737	0.12239	0.00370	0.10894	0.15601	0.00448	0.00772
6	0.01158	0.00812	0.00940	0.00907	0.00998	0.00836	0.00597	0.09431	0.01347	0.01801	0.02491	0.15998	0.04793	0.46727	0.07757	0.00561	0.00706	0.01103	0.00488	0.00550
7	0.01492	0.01737	0.11584	0.09104	0.28431	0.06652	0.01687	0.01851	0.01388	0.01907	0.01386	0.02056	0.01242	0.09692	0.10062	0.00376	0.07515	0.00641	0.00338	0.00860
8	0.01583	0.01880	0.16117	0.05156	0.16894	0.01485	0.23281	0.03753	0.01591	0.06516	0.05768	0.02047	0.01454	0.01130	0.07973	0.00306	0.01019	0.00709	0.00398	0.00939
9	0.01578	0.01497	0.18217	0.01190	0.01658	0.00951	0.01170	0.01969	0.01743	0.20378	0.24177	0.06058	0.14264	0.01154	0.00741	0.00219	0.00561	0.00976	0.00643	0.00854
10	0.01863	0.01706	0.06973	0.05425	0.35182	0.05428	0.01668	0.02442	0.10090	0.11726	0.01636	0.01819	0.01250	0.00681	0.00658	0.00197	0.00756	0.00602	0.00455	0.09442
11	0.02232	0.04758	0.02091	0.09249	0.05942	0.33991	0.03622	0.16541	0.10538	0.02421	0.01427	0.01581	0.01107	0.00742	0.00651	0.00197	0.00975	0.00554	0.00456	0.00924
12	0.00973	0.00719	0.00890	0.00901	0.01042	0.00650	0.00630	0.01138	0.01393	0.01909	0.14680	0.32197	0.08237	0.16880	0.01350	0.00323	0.00461	0.04693	0.00581	0.10350
13	0.10592	0.16038	0.21656	0.01523	0.02165	0.08606	0.03739	0.11487	0.01741	0.09457	0.01358	0.01490	0.01016	0.00811	0.02749	0.00220	0.00862	0.00506	0.00429	0.03554
14	0.04295	0.12170	0.06752	0.01403	0.03704	0.10800	0.01180	0.09824	0.11656	0.18213	0.04163	0.02378	0.08797	0.00882	0.00650	0.00202	0.00703	0.00685	0.00578	0.00965
15	0.01360	0.00786	0.01040	0.00927	0.01157	0.00713	0.00713	0.01672	0.01941	0.15674	0.58544	0.04592	0.05568	0.01296	0.00785	0.00215	0.00371	0.01135	0.00771	0.00742
16	0.01028	0.01062	0.05857	0.01220	0.01533	0.00882	0.11909	0.01322	0.01494	0.01950	0.11376	0.07170	0.32198	0.05766	0.11752	0.00382	0.00757	0.01148	0.00527	0.00664
17	0.14985	0.15323	0.02016	0.01411	0.01856	0.33066	0.01142	0.05085	0.01770	0.15388	0.01356	0.01414	0.01023	0.00704	0.00571	0.00184	0.00892	0.00470	0.00460	0.00884
18	0.01875	0.14525	0.11522	0.01509	0.01958	0.27178	0.01323	0.02525	0.16899	0.02003	0.01780	0.10682	0.01595	0.00905	0.00641	0.00202	0.00865	0.00696	0.00445	0.00872
19	0.00817	0.00693	0.00704	0.00701	0.00929	0.00581	0.00526	0.00997	0.01578	0.01893	0.10147	0.06510	0.68167	0.01716	0.00808	0.00230	0.00345	0.01434	0.00641	0.00581
20	0.02040	0.15323	0.10769	0.01582	0.02019	0.41118	0.01372	0.02311	0.01654	0.01711	0.01181	0.01463	0.01008	0.01368	0.11923	0.00320	0.01214	0.00482	0.00337	0.00806
21	0.01163	0.01181	0.06441	0.06862	0.04139	0.01133	0.13466	0.01524	0.01249	0.01767	0.01650	0.02361	0.01456	0.03553	0.47912	0.00794	0.01558	0.00719	0.00352	0.00719
22	0.01932	0.02152	0.02065	0.13964	0.09244	0.29299	0.01528	0.04164	0.05111	0.01870	0.01168	0.01527	0.00981	0.00841	0.01084	0.00225	0.21109	0.00550	0.00356	0.00829
23	0.00866	0.00630	0.00818	0.00925	0.01008	0.00583	0.00645	0.01033	0.01453	0.01942	0.15809	0.54135	0.11017	0.01966	0.00859	0.00264	0.00389	0.04426	0.00655	0.00576

[dist]
# distance from previous block
# <min> <max>
0	1

[block]
# block no. 4 follows, 31 sequences, length 31
# corresponding to MSA columns:
# 335-365
name=unknown_E
#
# <colnr> <probs for GDERKNQSTAVLIFYWHMCP>
#	G	D	E	R	K	N	Q	S	T	A	V	L	I	F	Y	W	H	M	C	P
0	0.01306	0.00954	0.01126	0.07466	0.01475	0.03305	0.00824	0.07509	0.01487	0.05240	0.02836	0.03493	0.14780	0.15771	0.19855	0.00520	0.00910	0.00870	0.09607	0.00667
1	0.01212	0.00895	0.01035	0.00902	0.01197	0.00805	0.00698	0.07469	0.01853	0.05625	0.30172	0.04711	0.27925	0.01323	0.00752	0.00205	0.00405	0.01121	0.00664	0.11030
2	0.00943	0.00691	0.00889	0.00881	0.01033	0.00636	0.00660	0.01224	0.01795	0.02482	0.51972	0.14573	0.12479	0.01559	0.00824	0.00231	0.00354	0.05429	0.00718	0.00626
3	0.08157	0.03027	0.52923	0.01784	0.02651	0.01672	0.02135	0.12751	0.04170	0.02603	0.01326	0.01488	0.00947	0.00686	0.00638	0.00215	0.00914	0.00521	0.00377	0.01015
4	0.01697	0.01678	0.02104	0.41759	0.05603	0.13501	0.04709	0.10723	0.01717	0.02113	0.01348	0.01945	0.01082	0.00769	0.00746	0.00222	0.03583	0.03493	0.00378	0.00829
5	0.00908	0.00712	0.00863	0.05390	0.01183	0.00662	0.00650	0.01121	0.01575	0.02050	0.25197	0.14761	0.31995	0.08613	0.01061	0.00273	0.00411	0.01353	0.00629	0.00591
6	0.00944	0.00716	0.00926	0.00935	0.01055	0.00729	0.00688	0.01140	0.01396	0.01890	0.17763	0.15947	0.16669	0.11487	0.19564	0.00512	0.03400	0.03099	0.00553	0.00585
7	0.01361	0.01178	0.01485	0.13178	0.02095	0.00991	0.00981	0.01679	0.01404	0.02119	0.01374	0.06076	0.01214	0.00638	0.00559	0.00133	0.00567	0.00534	0.00403	0.62030
8	0.44552	0.10624	0.01660	0.01218	0.01604	0.11948	0.01012	0.06729	0.01428	0.02598	0.01008	0.01214	0.00827	0.00725	0.00708	0.00210	0.10315	0.00427	0.00400	0.00795
9	0.00995	0.00663	0.00746	0.00746	0.00746	0.00663	0.00415	0.00995	0.00995	0.01327	0.02156	0.04477	0.02487	0.75957	0.03482	0.00663	0.00663	0.00995	0.00415	0.00415
10	0.01909	0.01451	0.01398	0.01237	0.01561	0.13058	0.00951	0.14966	0.04984	0.15173	0.06938	0.20115	0.10834	0.01269	0.00741	0.00224	0.00634	0.01059	0.00646	0.00854
11	0.01593	0.12534	0.04598	0.11772	0.20557	0.09265	0.11546	0.01959	0.01543	0.01985	0.06169	0.06714	0.01617	0.00987	0.04048	0.00247	0.00902	0.00718	0.00378	0.00868
12	0.01568	0.16327	0.20874	0.09484	0.07753	0.01852	0.28366	0.02108	0.01501	0.02034	0.01239	0.01590	0.00955	0.00610	0.00677	0.00209	0.00991	0.00615	0.00317	0.00931
13	0.00879	0.00628	0.00781	0.00871	0.00929	0.00590	0.00572	0.00988	0.01301	0.01723	0.08224	0.46945	0.10788	0.19742	0.01488	0.00361	0.00451	0.01620	0.00590	0.00530
14	0.01188	0.00594	0.00891	0.00891	0.00891	0.00594	0.00594	0.00891	0.00891	0.01188	0.01188	0.02080	0.01188	0.02377	0.02674	0.80095	0.00594	0.00594	0.00297	0.00297
15	0.01785	0.18925	0.15274	0.01826	0.09026	0.06984	0.07440	0.06436	0.07673	0.06531	0.01567	0.03807	0.01266	0.00981	0.04798	0.00249	0.00880	0.00606	0.03004	0.00941
16	0.02198	0.01386	0.01436	0.01216	0.01613	0.09941	0.00959	0.06797	0.11895	0.30951	0.06148	0.06763	0.13542	0.01077	0.00715	0.00217	0.00607	0.00879	0.00704	0.00956
17	0.00816	0.00664	0.00723	0.00770	0.00944	0.00571	0.00554	0.00973	0.01486	0.01818	0.05995	0.26991	0.51608	0.01854	0.00828	0.00245	0.00361	0.01592	0.00635	0.00571
18	0.05373	0.01914	0.08618	0.17122	0.40296	0.10907	0.01935	0.02116	0.01542	0.02100	0.01223	0.01610	0.00989	0.00641	0.00657	0.00206	0.00891	0.00567	0.00333	0.00961
19	0.12195	0.22884	0.17706	0.01692	0.06492	0.01925	0.07104	0.11306	0.01702	0.09062	0.01327	0.01463	0.01000	0.00663	0.00585	0.00195	0.00794	0.00513	0.00422	0.00971
20	0.01713	0.01311	0.10477	0.01176	0.01573	0.01010	0.01045	0.09686	0.01886	0.20509	0.19203	0.15343	0.09690	0.01248	0.00753	0.00225	0.00543	0.01066	0.00678	0.00865
21	0.00928	0.00698	0.00832	0.00817	0.00980	0.00635	0.00605	0.01159	0.01665	0.02217	0.36501	0.05690	0.27249	0.11238	0.01165	0.00285	0.00395	0.05687	0.00662	0.00592
22	0.01772	0.14111	0.08414	0.09772	0.02198	0.04114	0.01332	0.17267	0.01794	0.02480	0.01317	0.01569	0.01048	0.00740	0.00779	0.00189	0.09608	0.00524	0.07447	0.13523
23	0.00850	0.00648	0.00743	0.00807	0.00922	0.00583	0.00549	0.00972	0.01364	0.01720	0.04852	0.34280	0.32753	0.14222	0.01279	0.00322	0.00420	0.01573	0.00599	0.00542
24	0.05691	0.04459	0.11816	0.06690	0.27508	0.10464	0.01726	0.09809	0.01791	0.11472	0.01443	0.01641	0.01085	0.00686	0.00649	0.00203	0.00845	0.00566	0.00439	0.01016
25	0.05389	0.16572	0.11715	0.01569	0.02064	0.05867	0.10131	0.12432	0.01675	0.02329	0.01377	0.01691	0.01119	0.01297	0.10314	0.00318	0.05764	0.00571	0.06934	0.00871
26	0.01692	0.00978	0.01140	0.00998	0.01292	0.00986	0.00780	0.06399	0.13687	0.16124	0.21214	0.03150	0.03045	0.00995	0.00658	0.00200	0.00436	0.00833	0.24545	0.00850
27	0.01919	0.50777	0.15588	0.01346	0.01999	0.02310	0.01409	0.07529	0.01595	0.08178	0.01210	0.01312	0.00971	0.00639	0.00518	0.00169	0.00770	0.00439	0.00372	0.00950
28	0.00885	0.00691	0.00773	0.00755	0.00933	0.00611	0.00547	0.01085	0.01610	0.02075	0.27494	0.05825	0.41080	0.11276	0.01156	0.00282	0.00380	0.01318	0.00645	0.00579
29	0.00976	0.00729	0.01075	0.01068	0.01196	0.00828	0.00828	0.01231	0.01208	0.01738	0.10871	0.03003	0.02327	0.04646	0.63825	0.00984	0.01636	0.00799	0.00417	0.00615
30	0.01794	0.01427	0.01585	0.03730	0.01815	0.01621	0.01087	0.21935	0.34139	0.02950	0.02230	0.02444	0.01768	0.07625	0.10357	0.00373	0.00792	0.00736	0.00614	0.00979

[dist]
# distance from previous block
# <min> <max>
0	1

[block]
# block no. 5 follows, 31 sequences, length 8
# corresponding to MSA columns:
# 367-374
name=unknown_F
#
# <colnr> <probs for GDERKNQSTAVLIFYWHMCP>
#	G	D	E	R	K	N	Q	S	T	A	V	L	I	F	Y	W	H	M	C	P
0	0.01066	0.00861	0.01225	0.01183	0.01260	0.01046	0.00911	0.01253	0.01100	0.01588	0.01880	0.09995	0.01919	0.11590	0.44695	0.00814	0.15760	0.00857	0.00386	0.00611
1	0.01546	0.18986	0.11349	0.20593	0.02606	0.07647	0.01470	0.06942	0.01571	0.01973	0.01718	0.14187	0.01664	0.00971	0.00661	0.00214	0.00798	0.03887	0.00403	0.00813
2	0.01987	0.01582	0.01532	0.01321	0.01674	0.13373	0.01033	0.20480	0.08600	0.11321	0.10829	0.09626	0.05328	0.01396	0.06472	0.00284	0.00773	0.00861	0.00626	0.00902
3	0.22020	0.15445	0.01724	0.03593	0.01643	0.06129	0.00996	0.08332	0.04574	0.07794	0.01677	0.02208	0.01412	0.01016	0.03791	0.00242	0.00695	0.06955	0.08925	0.00829
4	0.41005	0.01508	0.04828	0.01156	0.01630	0.01553	0.00987	0.13639	0.10391	0.08941	0.04382	0.01678	0.01315	0.00749	0.00554	0.00210	0.00587	0.00533	0.00544	0.03810
5	0.01955	0.18092	0.21089	0.01534	0.02168	0.08862	0.01538	0.25006	0.02094	0.02706	0.01771	0.01848	0.06871	0.00791	0.00627	0.00195	0.00830	0.00586	0.00460	0.00978
6	0.07812	0.39065	0.18028	0.01676	0.09341	0.06623	0.01532	0.02177	0.01462	0.05083	0.01132	0.01300	0.00924	0.00625	0.00531	0.00177	0.00810	0.00441	0.00335	0.00926
7	0.07989	0.49955	0.18122	0.01331	0.01983	0.02309	0.01424	0.02171	0.05738	0.01925	0.01127	0.01265	0.00941	0.00625	0.00500	0.00172	0.00764	0.00422	0.00328	0.00909

[dist]
# distance from previous block
# <min> <max>
1	134

[block]
# block no. 6 follows, 31 sequences, length 34
# corresponding to MSA columns:
# 514-547
name=unknown_G
#
# <colnr> <probs for GDERKNQSTAVLIFYWHMCP>
#	G	D	E	R	K	N	Q	S	T	A	V	L	I	F	Y	W	H	M	C	P
0	0.15617	0.11933	0.28270	0.01869	0.11158	0.01784	0.01737	0.12808	0.01690	0.02600	0.01303	0.01630	0.01031	0.00706	0.00603	0.00207	0.00810	0.02884	0.00395	0.00966
1	0.13007	0.12374	0.05154	0.01212	0.01599	0.05881	0.04035	0.06210	0.09621	0.02368	0.09700	0.02870	0.12955	0.04395	0.00820	0.00229	0.03188	0.00769	0.02816	0.00798
2	0.01833	0.01174	0.01278	0.01096	0.01420	0.01249	0.00890	0.28240	0.02167	0.05438	0.02177	0.02788	0.01774	0.00935	0.00620	0.00197	0.00534	0.08353	0.36975	0.00860
3	0.00842	0.00627	0.00787	0.00904	0.00994	0.00572	0.00627	0.00987	0.01395	0.01813	0.06774	0.55856	0.18971	0.02020	0.00860	0.00267	0.00392	0.04108	0.00639	0.00566
4	0.01742	0.01570	0.01628	0.01362	0.01624	0.14069	0.07226	0.18346	0.01771	0.02216	0.01724	0.02866	0.01692	0.34761	0.01995	0.00412	0.03037	0.00773	0.00460	0.00724
5	0.02576	0.01837	0.01983	0.01525	0.02058	0.02019	0.01258	0.64019	0.03097	0.07372	0.01712	0.01706	0.01208	0.00822	0.00677	0.00204	0.00730	0.00620	0.03431	0.01145
6	0.00955	0.00648	0.00764	0.00800	0.00815	0.00637	0.00476	0.00996	0.01105	0.01480	0.05143	0.21407	0.03122	0.55583	0.02761	0.00555	0.00587	0.01230	0.00480	0.00457
7	0.02102	0.15316	0.01957	0.01380	0.01725	0.32349	0.01072	0.10365	0.01784	0.05124	0.01434	0.02045	0.01317	0.17780	0.01247	0.00287	0.00927	0.00586	0.00419	0.00784
8	0.00964	0.00704	0.00997	0.01015	0.01104	0.00784	0.00745	0.01147	0.01104	0.01557	0.02119	0.11493	0.02186	0.18306	0.51515	0.00921	0.01442	0.00924	0.00407	0.00567
9	0.00995	0.00663	0.00746	0.00746	0.00746	0.00663	0.00415	0.00995	0.00995	0.01327	0.02156	0.04477	0.02487	0.75957	0.03482	0.00663	0.00663	0.00995	0.00415	0.00415
10	0.00971	0.00653	0.00753	0.00777	0.00782	0.00647	0.00447	0.00989	0.01041	0.01388	0.02393	0.14936	0.02787	0.65088	0.03098	0.00607	0.00624	0.01135	0.00447	0.00435
11	0.01024	0.00802	0.01089	0.01067	0.01144	0.00899	0.00792	0.01210	0.01343	0.01897	0.19833	0.21762	0.03595	0.11900	0.16296	0.00484	0.12553	0.01180	0.00528	0.00602
12	0.02057	0.54729	0.06293	0.01259	0.01852	0.02369	0.01226	0.10048	0.01678	0.11012	0.01269	0.01335	0.01015	0.00649	0.00509	0.00165	0.00728	0.00443	0.00409	0.00954
13	0.01594	0.01543	0.02364	0.28258	0.38212	0.04890	0.01894	0.02158	0.08330	0.02101	0.01400	0.01803	0.01114	0.00671	0.00679	0.00213	0.00840	0.00617	0.00363	0.00957
14	0.01774	0.01591	0.02497	0.15666	0.29849	0.01688	0.09759	0.16043	0.06019	0.02602	0.01557	0.02053	0.01256	0.00741	0.00709	0.00218	0.00834	0.03702	0.00440	0.01003
15	0.01652	0.02005	0.13704	0.12919	0.02974	0.07602	0.21954	0.07120	0.12780	0.02326	0.01716	0.02261	0.01371	0.00786	0.00731	0.00228	0.00935	0.05579	0.00433	0.00923
16	0.01625	0.05464	0.14183	0.06102	0.14083	0.06800	0.29885	0.02127	0.01550	0.02115	0.01332	0.01713	0.01035	0.00642	0.00749	0.00214	0.03314	0.00654	0.05495	0.00919
17	0.01382	0.01295	0.02134	0.36676	0.25531	0.01484	0.01775	0.01755	0.01395	0.01896	0.01526	0.10803	0.01410	0.00882	0.00836	0.00232	0.07023	0.00772	0.00355	0.00838
18	0.00946	0.00759	0.00856	0.00871	0.01058	0.00714	0.00637	0.01335	0.09564	0.02090	0.16463	0.24063	0.34755	0.01691	0.00812	0.00241	0.00378	0.01463	0.00662	0.00642
19	0.00849	0.00607	0.00808	0.00942	0.00996	0.00566	0.00636	0.00992	0.01383	0.01862	0.11622	0.67328	0.04749	0.02057	0.00866	0.00271	0.00388	0.01863	0.00649	0.00566
20	0.00995	0.00663	0.00746	0.00746	0.00746	0.00663	0.00415	0.00995	0.00995	0.01327	0.02156	0.04477	0.02487	0.75957	0.03482	0.00663	0.00663	0.00995	0.00415	0.00415
21	0.00934	0.00668	0.00775	0.00784	0.00866	0.00630	0.00508	0.01047	0.01331	0.01763	0.17133	0.13734	0.16838	0.37627	0.02110	0.00443	0.00501	0.01247	0.00552	0.00510
22	0.05199	0.01490	0.01888	0.01477	0.01961	0.01555	0.08970	0.25711	0.12757	0.18952	0.02074	0.02053	0.01468	0.00805	0.00666	0.00208	0.00667	0.00672	0.10384	0.01043
23	0.01572	0.00784	0.00842	0.00767	0.00995	0.00779	0.00594	0.06296	0.01614	0.10758	0.02247	0.02465	0.01707	0.00804	0.00516	0.00169	0.00378	0.00642	0.65337	0.00734
24	0.07127	0.01212	0.01101	0.01025	0.01298	0.09738	0.00788	0.04338	0.11706	0.02388	0.18605	0.04294	0.25589	0.01266	0.00725	0.00218	0.00514	0.03101	0.04234	0.00730
25	0.01781	0.01408	0.01509	0.03652	0.01778	0.01601	0.01052	0.14976	0.45239	0.03035	0.02442	0.02367	0.01832	0.00880	0.00659	0.00216	0.00556	0.00718	0.13284	0.01016
26	0.01694	0.01518	0.02056	0.16918	0.25703	0.04172	0.01574	0.08029	0.21106	0.02487	0.01778	0.01997	0.01375	0.00747	0.00670	0.00213	0.00734	0.00652	0.05591	0.00986
27	0.11422	0.01263	0.01388	0.09590	0.01851	0.01361	0.00984	0.17859	0.10025	0.02931	0.01753	0.01931	0.01337	0.00748	0.00573	0.00186	0.00566	0.00583	0.22594	0.11054
28	0.01634	0.01565	0.02669	0.14625	0.61730	0.01610	0.02070	0.02047	0.01530	0.02163	0.01276	0.01713	0.01058	0.00621	0.00678	0.00207	0.00828	0.00609	0.00333	0.01036
29	0.01694	0.01116	0.01245	0.01111	0.01417	0.05369	0.00860	0.06358	0.06705	0.15260	0.02411	0.16250	0.02171	0.01621	0.09994	0.00319	0.00708	0.02732	0.12627	0.10032
30	0.04441	0.17389	0.02149	0.01708	0.12603	0.09154	0.02891	0.10065	0.01739	0.11116	0.04046	0.04388	0.04762	0.09548	0.00960	0.00248	0.00737	0.00690	0.00483	0.00884
31	0.11644	0.01590	0.01588	0.05811	0.01894	0.09069	0.01081	0.18434	0.09966	0.07247	0.02086	0.02201	0.07659	0.03103	0.00797	0.00217	0.04299	0.00652	0.00542	0.10120
32	0.08629	0.09488	0.02130	0.08293	0.10202	0.05684	0.11209	0.01905	0.01488	0.04353	0.07330	0.02128	0.01609	0.07461	0.00877	0.00228	0.00740	0.00641	0.02625	0.12978
33	0.04738	0.19252	0.04451	0.06107	0.02034	0.10890	0.07098	0.09732	0.04870	0.03985	0.03714	0.08103	0.03524	0.02759	0.02852	0.00236	0.00802	0.00713	0.03295	0.00842

[dist]
# distance from previous block
# <min> <max>
19	66

# created by:
# /home/berkeley/.conda/envs/busco_data_prod/bin/msa2prfl.pl pipeline/OGs_align_augustus/5794/3876.fs
