[name]
unknown

[dist]
# distance from previous block
# <min> <max>
0	95

[block]
# block no. 0 follows, 28 sequences, length 13
# corresponding to MSA columns:
# 103-115
name=unknown_A
#
# <colnr> <probs for GDERKNQSTAVLIFYWHMCP>
#	G	D	E	R	K	N	Q	S	T	A	V	L	I	F	Y	W	H	M	C	P
0	0.01132	0.00789	0.01112	0.01065	0.01145	0.00795	0.04586	0.01194	0.01177	0.01580	0.02298	0.06977	0.02516	0.40406	0.10516	0.12360	0.00848	0.08547	0.00448	0.00510
1	0.01934	0.31804	0.07885	0.01400	0.01887	0.15184	0.01265	0.08968	0.01785	0.02158	0.01688	0.12772	0.01630	0.00951	0.00622	0.00197	0.00820	0.00724	0.05438	0.00889
2	0.01049	0.00714	0.00853	0.00869	0.00892	0.00726	0.00534	0.01098	0.01111	0.01495	0.02404	0.08760	0.02726	0.59565	0.11464	0.00723	0.00834	0.03246	0.00456	0.00482
3	0.01993	0.29396	0.17669	0.01490	0.02145	0.02110	0.01517	0.17420	0.02045	0.06489	0.09447	0.01959	0.01750	0.00813	0.00637	0.00199	0.00788	0.00612	0.00498	0.01022
4	0.02466	0.17715	0.02519	0.02001	0.09275	0.44795	0.01457	0.07747	0.02005	0.02047	0.01175	0.01367	0.00982	0.00722	0.00629	0.00186	0.01115	0.00485	0.00388	0.00924
5	0.01842	0.09210	0.01826	0.01559	0.06945	0.12359	0.01131	0.04648	0.01610	0.10050	0.02044	0.06329	0.04058	0.08933	0.13048	0.00426	0.07541	0.00773	0.04836	0.00832
6	0.01549	0.01221	0.01742	0.01785	0.12110	0.01235	0.06155	0.11957	0.01825	0.06213	0.03340	0.06362	0.19414	0.02301	0.18911	0.00474	0.00998	0.00992	0.00551	0.00865
7	0.08177	0.01573	0.10170	0.40175	0.03746	0.01496	0.06899	0.02001	0.01503	0.06932	0.01680	0.09429	0.01420	0.00884	0.00730	0.00244	0.00884	0.00783	0.00413	0.00859
8	0.02637	0.02728	0.02223	0.01875	0.02331	0.44931	0.09106	0.03025	0.06745	0.15007	0.01627	0.01709	0.01211	0.00778	0.00700	0.00205	0.01117	0.00589	0.00500	0.00956
9	0.01966	0.10215	0.30601	0.01653	0.02360	0.07597	0.01767	0.08775	0.01877	0.13322	0.06916	0.06248	0.01778	0.00895	0.00701	0.00220	0.00869	0.00708	0.00508	0.01023
10	0.01570	0.01311	0.02014	0.22836	0.05583	0.01356	0.09128	0.02113	0.08593	0.07503	0.02322	0.07062	0.07593	0.00981	0.00834	0.02273	0.02522	0.00832	0.00489	0.13082
11	0.01144	0.00872	0.00983	0.00940	0.01187	0.00794	0.00697	0.06864	0.01731	0.02312	0.08902	0.25069	0.28876	0.01655	0.00809	0.00237	0.00435	0.01423	0.06183	0.08888
12	0.01386	0.01198	0.01761	0.07462	0.15208	0.01211	0.05188	0.01928	0.09546	0.02403	0.13555	0.13490	0.06849	0.01160	0.00807	0.00229	0.02501	0.01035	0.05556	0.07528

[dist]
# distance from previous block
# <min> <max>
1	26

[block]
# block no. 1 follows, 28 sequences, length 20
# corresponding to MSA columns:
# 157-176
name=unknown_B
#
# <colnr> <probs for GDERKNQSTAVLIFYWHMCP>
#	G	D	E	R	K	N	Q	S	T	A	V	L	I	F	Y	W	H	M	C	P
0	0.27689	0.03771	0.01522	0.01307	0.04283	0.07138	0.00997	0.13219	0.01828	0.07215	0.01910	0.07102	0.04614	0.00895	0.00609	0.00209	0.00649	0.00673	0.05408	0.08962
1	0.01418	0.01096	0.01174	0.01030	0.01354	0.04597	0.00783	0.04100	0.04972	0.07510	0.19358	0.08726	0.21016	0.04910	0.00915	0.00237	0.00506	0.01116	0.00656	0.14526
2	0.09889	0.01602	0.01954	0.02261	0.22303	0.04241	0.01384	0.11076	0.17956	0.02858	0.06103	0.02359	0.01838	0.06191	0.00912	0.00255	0.00711	0.00719	0.00547	0.04843
3	0.28228	0.01655	0.09383	0.01508	0.05996	0.06453	0.04383	0.01975	0.04107	0.02454	0.01917	0.12310	0.01894	0.09617	0.01022	0.00297	0.00731	0.04801	0.00474	0.00796
4	0.01463	0.01206	0.01434	0.01184	0.01514	0.01193	0.00898	0.05843	0.06341	0.02193	0.01838	0.07586	0.01810	0.19329	0.01642	0.00317	0.10731	0.00775	0.00476	0.32226
5	0.02161	0.02166	0.02302	0.02207	0.14265	0.22265	0.08321	0.09115	0.04299	0.05669	0.01454	0.01661	0.01142	0.00695	0.00674	0.00187	0.00929	0.00576	0.00458	0.19455
6	0.01512	0.00940	0.01192	0.01095	0.01325	0.00953	0.00821	0.02016	0.11429	0.13640	0.22284	0.07578	0.03639	0.13198	0.14600	0.00484	0.00785	0.01045	0.00669	0.00796
7	0.01184	0.00980	0.01432	0.23917	0.05045	0.01076	0.01185	0.01613	0.06437	0.02155	0.16477	0.24493	0.03548	0.06000	0.01002	0.00284	0.00625	0.01250	0.00567	0.00732
8	0.01799	0.01727	0.02950	0.04462	0.69919	0.01727	0.02231	0.02231	0.01655	0.02375	0.01367	0.01799	0.01151	0.00648	0.00720	0.00216	0.00864	0.00648	0.00360	0.01151
9	0.01808	0.01561	0.01644	0.01479	0.01890	0.01808	0.01151	0.03863	0.68606	0.03041	0.02959	0.02712	0.02219	0.00986	0.00740	0.00247	0.00575	0.00822	0.00740	0.01151
10	0.79588	0.01406	0.01068	0.00956	0.01406	0.01631	0.00787	0.02137	0.01237	0.03261	0.01012	0.01181	0.00787	0.00675	0.00450	0.00225	0.00562	0.00394	0.00450	0.00787
11	0.01808	0.01561	0.01644	0.01479	0.01890	0.01808	0.01151	0.03863	0.68606	0.03041	0.02959	0.02712	0.02219	0.00986	0.00740	0.00247	0.00575	0.00822	0.00740	0.01151
12	0.01808	0.01561	0.01644	0.01479	0.01890	0.01808	0.01151	0.03863	0.68606	0.03041	0.02959	0.02712	0.02219	0.00986	0.00740	0.00247	0.00575	0.00822	0.00740	0.01151
13	0.00859	0.00736	0.00736	0.00736	0.00982	0.00614	0.00552	0.01043	0.01657	0.01964	0.07364	0.06996	0.69624	0.01841	0.00859	0.00245	0.00368	0.01534	0.00675	0.00614
14	0.01263	0.00696	0.00760	0.00744	0.00914	0.00680	0.00558	0.01603	0.01674	0.02768	0.21225	0.03473	0.03265	0.01026	0.00606	0.00186	0.00340	0.00856	0.56681	0.00680
15	0.79588	0.01406	0.01068	0.00956	0.01406	0.01631	0.00787	0.02137	0.01237	0.03261	0.01012	0.01181	0.00787	0.00675	0.00450	0.00225	0.00562	0.00394	0.00450	0.00787
16	0.00988	0.00725	0.00926	0.00910	0.01070	0.00663	0.00669	0.01281	0.01912	0.02648	0.52660	0.16028	0.13524	0.01646	0.00868	0.00241	0.00358	0.01453	0.00767	0.00663
17	0.01449	0.00897	0.01210	0.01283	0.06274	0.00824	0.00909	0.01726	0.01809	0.14385	0.22944	0.15592	0.15792	0.01575	0.00856	0.00255	0.00491	0.10214	0.00727	0.00788
18	0.07590	0.00814	0.00878	0.00812	0.01052	0.00801	0.00627	0.01911	0.01652	0.11267	0.12411	0.02971	0.02522	0.00936	0.00584	0.00190	0.00392	0.00758	0.51076	0.00757
19	0.10589	0.01956	0.02634	0.05794	0.30915	0.12223	0.11681	0.05743	0.01753	0.02472	0.01318	0.01663	0.01063	0.00668	0.00688	0.00210	0.00930	0.00609	0.00396	0.06694

[dist]
# distance from previous block
# <min> <max>
0	1

[block]
# block no. 2 follows, 28 sequences, length 99
# corresponding to MSA columns:
# 178-239,241-277
name=unknown_C
#
# <colnr> <probs for GDERKNQSTAVLIFYWHMCP>
#	G	D	E	R	K	N	Q	S	T	A	V	L	I	F	Y	W	H	M	C	P
0	0.09939	0.47810	0.15017	0.01421	0.02080	0.09366	0.01464	0.02267	0.01520	0.01980	0.01073	0.01246	0.00916	0.00652	0.00523	0.00179	0.00860	0.00423	0.00331	0.00934
1	0.19405	0.01218	0.01329	0.01093	0.01522	0.01233	0.00888	0.10906	0.01909	0.28068	0.02176	0.02164	0.01523	0.00832	0.00606	0.00208	0.00550	0.00632	0.22758	0.00980
2	0.01029	0.00743	0.00972	0.00914	0.01086	0.00686	0.00686	0.01372	0.02058	0.02915	0.69536	0.05430	0.06859	0.01486	0.00857	0.00229	0.00343	0.01315	0.00800	0.00686
3	0.00979	0.00741	0.00903	0.00862	0.01055	0.00665	0.00647	0.01275	0.01940	0.02636	0.51289	0.05889	0.25280	0.01590	0.00858	0.00234	0.00350	0.01379	0.00763	0.00665
4	0.00901	0.00639	0.00839	0.00992	0.01030	0.00601	0.00653	0.01016	0.01361	0.01815	0.03849	0.67629	0.04609	0.08899	0.01182	0.00333	0.00448	0.01974	0.00653	0.00577
5	0.43401	0.01326	0.01362	0.01116	0.01619	0.01364	0.00921	0.02803	0.01637	0.35103	0.01892	0.01794	0.01267	0.00781	0.00583	0.00225	0.00589	0.00554	0.00663	0.01000
6	0.03111	0.01294	0.01700	0.01323	0.01873	0.01177	0.01087	0.05774	0.08229	0.61974	0.02837	0.02471	0.01818	0.00907	0.00732	0.00227	0.00621	0.00737	0.00879	0.01229
7	0.01943	0.74891	0.03809	0.01244	0.01866	0.02876	0.01244	0.02177	0.01477	0.01710	0.01011	0.01166	0.00933	0.00622	0.00466	0.00155	0.00777	0.00389	0.00311	0.00933
8	0.01742	0.01486	0.01595	0.01465	0.01850	0.01707	0.01153	0.03618	0.61661	0.02951	0.03051	0.03281	0.02423	0.01092	0.00767	0.00256	0.00585	0.07483	0.00732	0.01101
9	0.01373	0.01292	0.02180	0.72707	0.05006	0.01615	0.02019	0.01857	0.01453	0.01857	0.01292	0.01938	0.00969	0.00727	0.00727	0.00242	0.00969	0.00646	0.00323	0.00807
10	0.03178	0.01354	0.04879	0.01329	0.01915	0.01097	0.01143	0.03485	0.02055	0.67271	0.02795	0.02431	0.01759	0.00890	0.00729	0.00225	0.00640	0.00722	0.00872	0.01230
11	0.01808	0.01561	0.01644	0.01479	0.01890	0.01808	0.01151	0.03863	0.68606	0.03041	0.02959	0.02712	0.02219	0.00986	0.00740	0.00247	0.00575	0.00822	0.00740	0.01151
12	0.01863	0.02612	0.28134	0.01940	0.02609	0.14012	0.10712	0.02396	0.01741	0.09757	0.01966	0.02959	0.01684	0.00971	0.00773	0.00244	0.01007	0.13197	0.00464	0.00959
13	0.79588	0.01406	0.01068	0.00956	0.01406	0.01631	0.00787	0.02137	0.01237	0.03261	0.01012	0.01181	0.00787	0.00675	0.00450	0.00225	0.00562	0.00394	0.00450	0.00787
14	0.01719	0.01552	0.01590	0.01250	0.01776	0.07675	0.00991	0.08881	0.09070	0.02555	0.02105	0.02201	0.08106	0.00798	0.00687	0.00163	0.03123	0.00618	0.00511	0.44630
15	0.00973	0.00823	0.00852	0.00830	0.01086	0.00744	0.00627	0.01366	0.08640	0.02163	0.12610	0.06407	0.56873	0.01720	0.00847	0.00244	0.00387	0.01440	0.00693	0.00676
16	0.01029	0.00743	0.00972	0.00914	0.01086	0.00686	0.00686	0.01372	0.02058	0.02915	0.69536	0.05430	0.06859	0.01486	0.00857	0.00229	0.00343	0.01315	0.00800	0.00686
17	0.03210	0.01320	0.01738	0.01333	0.01897	0.01191	0.01101	0.10178	0.02219	0.63591	0.02751	0.02399	0.01741	0.00897	0.00731	0.00224	0.00637	0.00723	0.00882	0.01237
18	0.01972	0.67474	0.03607	0.01286	0.01885	0.05993	0.01246	0.02305	0.05269	0.01788	0.01125	0.01259	0.01005	0.00648	0.00490	0.00162	0.00791	0.00417	0.00338	0.00941
19	0.01799	0.01727	0.02950	0.04462	0.69919	0.01727	0.02231	0.02231	0.01655	0.02375	0.01367	0.01799	0.01151	0.00648	0.00720	0.00216	0.00864	0.00648	0.00360	0.01151
20	0.02460	0.16092	0.02391	0.01763	0.02144	0.52019	0.01395	0.02653	0.01857	0.01764	0.01086	0.01314	0.00938	0.00781	0.00801	0.00195	0.08666	0.00471	0.00357	0.00854
21	0.01484	0.00802	0.00815	0.00769	0.00976	0.00822	0.00588	0.07730	0.01698	0.02882	0.02314	0.02622	0.01806	0.00849	0.00528	0.00174	0.00381	0.00675	0.71356	0.00729
22	0.02015	0.10049	0.11979	0.01641	0.05808	0.01826	0.01400	0.31096	0.02312	0.03142	0.01871	0.08637	0.01655	0.08568	0.01009	0.00268	0.00775	0.00780	0.04163	0.01007
23	0.01799	0.01727	0.02950	0.04462	0.69919	0.01727	0.02231	0.02231	0.01655	0.02375	0.01367	0.01799	0.01151	0.00648	0.00720	0.00216	0.00864	0.00648	0.00360	0.01151
24	0.00880	0.00656	0.00819	0.00950	0.01038	0.00596	0.00647	0.01019	0.01452	0.01880	0.04764	0.58856	0.19442	0.02179	0.00912	0.00284	0.00410	0.01946	0.00675	0.00596
25	0.01590	0.01590	0.02226	0.01908	0.01908	0.02226	0.01590	0.01749	0.01113	0.01749	0.00954	0.01590	0.00954	0.01272	0.02385	0.00318	0.73123	0.00636	0.00318	0.00795
26	0.01479	0.08078	0.02348	0.37315	0.17744	0.01686	0.01807	0.01878	0.01438	0.01923	0.01359	0.01952	0.01127	0.01419	0.11115	0.00368	0.05118	0.00642	0.00339	0.00868
27	0.00879	0.00718	0.00777	0.00802	0.01004	0.00616	0.00587	0.01068	0.01646	0.02032	0.12465	0.18876	0.52231	0.01887	0.00871	0.00253	0.00375	0.01610	0.00686	0.00616
28	0.02579	0.01617	0.01862	0.01488	0.01992	0.01725	0.01213	0.33749	0.12455	0.22041	0.02252	0.02202	0.01596	0.01372	0.08081	0.00323	0.00836	0.00713	0.00741	0.01163
29	0.01843	0.53866	0.05867	0.01685	0.11721	0.02436	0.01365	0.02139	0.01510	0.01933	0.01215	0.01432	0.01061	0.00652	0.00516	0.00169	0.00756	0.00462	0.08429	0.00943
30	0.02422	0.02780	0.01837	0.01658	0.01976	0.51495	0.01248	0.04347	0.01919	0.04274	0.01394	0.01768	0.01189	0.06376	0.00974	0.00234	0.05165	0.00555	0.07570	0.00819
31	0.00896	0.00737	0.00795	0.00831	0.01046	0.00636	0.00632	0.01090	0.01631	0.01976	0.06632	0.14077	0.55768	0.01904	0.00882	0.00260	0.00407	0.08508	0.00674	0.00617
32	0.01269	0.00792	0.01125	0.01089	0.01222	0.00858	0.00810	0.01424	0.01209	0.07899	0.02022	0.03095	0.01906	0.17137	0.45739	0.09058	0.01465	0.00809	0.00438	0.00631
33	0.04273	0.00895	0.01044	0.00902	0.01217	0.00842	0.00713	0.02356	0.01712	0.26526	0.02507	0.02583	0.01810	0.00860	0.00585	0.00190	0.00444	0.00688	0.48975	0.00877
34	0.10240	0.01290	0.01653	0.01280	0.01833	0.01175	0.01057	0.06372	0.02065	0.61215	0.02646	0.02322	0.01680	0.00878	0.00705	0.00225	0.00622	0.00697	0.00850	0.01196
35	0.79588	0.01406	0.01068	0.00956	0.01406	0.01631	0.00787	0.02137	0.01237	0.03261	0.01012	0.01181	0.00787	0.00675	0.00450	0.00225	0.00562	0.00394	0.00450	0.00787
36	0.03261	0.01237	0.01687	0.01293	0.01856	0.01068	0.01068	0.03543	0.02081	0.70423	0.02868	0.02474	0.01799	0.00900	0.00731	0.00225	0.00619	0.00731	0.00900	0.01237
37	0.79588	0.01406	0.01068	0.00956	0.01406	0.01631	0.00787	0.02137	0.01237	0.03261	0.01012	0.01181	0.00787	0.00675	0.00450	0.00225	0.00562	0.00394	0.00450	0.00787
38	0.01401	0.01139	0.01290	0.01183	0.01472	0.01227	0.00907	0.02567	0.34229	0.02949	0.35590	0.04160	0.06381	0.01254	0.00800	0.00238	0.00456	0.01082	0.00767	0.00909
39	0.03174	0.01378	0.01774	0.01360	0.01926	0.01278	0.01124	0.14822	0.02316	0.58810	0.02670	0.02346	0.01700	0.00895	0.00730	0.00224	0.00651	0.00717	0.00869	0.01237
40	0.14380	0.01262	0.01597	0.01244	0.01790	0.01150	0.01027	0.03338	0.01958	0.60639	0.02597	0.02286	0.01652	0.00867	0.00690	0.00225	0.00610	0.00682	0.00834	0.01172
41	0.01943	0.74891	0.03809	0.01244	0.01866	0.02876	0.01244	0.02177	0.01477	0.01710	0.01011	0.01166	0.00933	0.00622	0.00466	0.00155	0.00777	0.00389	0.00311	0.00933
42	0.00886	0.00633	0.00843	0.01012	0.01054	0.00590	0.00675	0.01012	0.01392	0.01856	0.04006	0.73979	0.04808	0.02277	0.00928	0.00295	0.00422	0.02066	0.00675	0.00590
43	0.01676	0.35649	0.40705	0.01701	0.02572	0.02221	0.02039	0.02246	0.01509	0.02037	0.01173	0.01369	0.00926	0.00660	0.00590	0.00197	0.00941	0.00471	0.00309	0.01011
44	0.01590	0.01590	0.02226	0.01908	0.01908	0.02226	0.01590	0.01749	0.01113	0.01749	0.00954	0.01590	0.00954	0.01272	0.02385	0.00318	0.73123	0.00636	0.00318	0.00795
45	0.01500	0.01250	0.01377	0.01285	0.01610	0.01377	0.01007	0.02866	0.42420	0.02812	0.15464	0.04242	0.10260	0.01276	0.00802	0.00253	0.00522	0.07981	0.00736	0.00959
46	0.01700	0.01406	0.01556	0.01517	0.04889	0.01592	0.01132	0.03335	0.52058	0.02895	0.02903	0.03173	0.02311	0.01049	0.00738	0.00245	0.00571	0.06688	0.09188	0.01055
47	0.01620	0.14810	0.01785	0.01255	0.01574	0.01492	0.01018	0.19314	0.01999	0.02606	0.02976	0.30959	0.06054	0.01541	0.00793	0.00250	0.00613	0.07880	0.00621	0.00838
48	0.01391	0.01035	0.01312	0.01229	0.01337	0.08083	0.05835	0.01286	0.01212	0.01517	0.01751	0.12436	0.01829	0.02140	0.02122	0.50578	0.00719	0.03325	0.00390	0.00474
49	0.00903	0.00667	0.00849	0.00988	0.01076	0.00613	0.00691	0.01055	0.01461	0.01899	0.04597	0.56925	0.16395	0.02178	0.00921	0.00289	0.00431	0.06786	0.00674	0.00601
50	0.02184	0.02356	0.25537	0.07350	0.02894	0.01664	0.11394	0.15320	0.02056	0.19350	0.01796	0.01898	0.01227	0.00769	0.00735	0.00230	0.00923	0.00662	0.00544	0.01112
51	0.16163	0.01952	0.01736	0.01508	0.01819	0.22112	0.01199	0.02440	0.01691	0.14533	0.08833	0.02012	0.01715	0.00967	0.01065	0.00236	0.17995	0.00634	0.00516	0.00875
52	0.02356	0.03105	0.09540	0.02361	0.11336	0.47589	0.08824	0.02690	0.01915	0.01971	0.01212	0.01469	0.00981	0.00715	0.00690	0.00202	0.01219	0.00541	0.00365	0.00922
53	0.01289	0.00790	0.01000	0.00988	0.01198	0.00710	0.00745	0.01523	0.01748	0.12311	0.21311	0.24995	0.20251	0.01748	0.00870	0.00259	0.00437	0.06366	0.00740	0.00722
54	0.01503	0.03348	0.57370	0.02274	0.09143	0.01748	0.02530	0.02238	0.01502	0.02251	0.01274	0.01565	0.00945	0.00747	0.00869	0.00238	0.08530	0.00558	0.00313	0.01052
55	0.00900	0.00644	0.00857	0.01002	0.01058	0.00600	0.00676	0.01049	0.01461	0.01966	0.10805	0.66867	0.05020	0.02195	0.00920	0.00288	0.00414	0.01988	0.00688	0.00600
56	0.01350	0.01181	0.01740	0.03242	0.01723	0.01438	0.05656	0.01541	0.01285	0.03539	0.02164	0.20553	0.02353	0.09325	0.05775	0.00392	0.30956	0.04608	0.00462	0.00716
57	0.01846	0.01396	0.02181	0.47724	0.10958	0.01598	0.01830	0.08187	0.01755	0.13120	0.01593	0.01992	0.01145	0.00760	0.00727	0.00235	0.00887	0.00661	0.00456	0.00951
58	0.00962	0.00720	0.01012	0.08481	0.01506	0.00719	0.00860	0.01145	0.01424	0.01885	0.03710	0.60470	0.04352	0.02092	0.00914	0.00293	0.00501	0.07695	0.00638	0.00620
59	0.02474	0.02868	0.02663	0.02166	0.02657	0.46404	0.20039	0.02789	0.01964	0.07184	0.01355	0.01584	0.01050	0.00722	0.00719	0.00207	0.01234	0.00599	0.00413	0.00912
60	0.01496	0.01211	0.01369	0.01327	0.01626	0.01321	0.01058	0.06207	0.32951	0.02659	0.03697	0.11904	0.09956	0.01478	0.00842	0.00274	0.00576	0.18430	0.00707	0.00912
61	0.16133	0.02299	0.02198	0.09093	0.25548	0.28590	0.01633	0.02438	0.01717	0.02258	0.01203	0.01512	0.00986	0.00699	0.00647	0.00209	0.00991	0.00533	0.00378	0.00935
62	0.02083	0.01653	0.02453	0.19080	0.17303	0.01776	0.08417	0.18236	0.08741	0.10263	0.01773	0.02000	0.01301	0.00778	0.00741	0.00230	0.00855	0.00697	0.00537	0.01083
63	0.01739	0.01754	0.06133	0.06847	0.23655	0.01644	0.24425	0.08111	0.01798	0.04156	0.01807	0.11127	0.01607	0.00878	0.00794	0.00239	0.00936	0.00900	0.00446	0.01008
64	0.01471	0.01261	0.01464	0.01058	0.01681	0.00949	0.00844	0.01786	0.01516	0.02346	0.01632	0.01815	0.04921	0.00611	0.00556	0.00115	0.00529	0.00493	0.00444	0.74507
65	0.01425	0.01336	0.02252	0.60847	0.13828	0.01604	0.02019	0.01897	0.01489	0.01939	0.01390	0.02134	0.01105	0.00760	0.00735	0.00242	0.00944	0.02864	0.00340	0.00850
66	0.01073	0.00756	0.00969	0.00908	0.01097	0.00689	0.00684	0.01400	0.02021	0.04637	0.62046	0.05494	0.12481	0.01503	0.00854	0.00230	0.00353	0.01319	0.00791	0.00694
67	0.02433	0.01887	0.09681	0.02168	0.08778	0.01637	0.17154	0.16043	0.03899	0.25754	0.02009	0.02050	0.01379	0.00783	0.00755	0.00229	0.00868	0.00720	0.00623	0.01149
68	0.08767	0.01511	0.01468	0.01457	0.01718	0.13015	0.01200	0.02239	0.13723	0.02336	0.02775	0.04963	0.02754	0.01441	0.00941	0.00283	0.05690	0.32328	0.00589	0.00804
69	0.01850	0.00850	0.01018	0.00895	0.01178	0.00792	0.00700	0.02173	0.01775	0.22279	0.13812	0.03099	0.02685	0.00970	0.00631	0.00195	0.00420	0.00800	0.43038	0.00840
70	0.01002	0.00729	0.00943	0.00918	0.01077	0.00670	0.00678	0.01310	0.01953	0.02733	0.58096	0.14116	0.09845	0.01604	0.00866	0.00238	0.00354	0.01420	0.00778	0.00670
71	0.02606	0.02091	0.02084	0.01660	0.02195	0.08539	0.01347	0.51399	0.13713	0.04078	0.01882	0.01860	0.01366	0.00879	0.00723	0.00220	0.00811	0.00664	0.00697	0.01186
72	0.01193	0.00966	0.01438	0.24496	0.02553	0.01053	0.01338	0.01563	0.01642	0.02133	0.10496	0.05747	0.09431	0.01518	0.00884	0.00285	0.00704	0.31278	0.00571	0.00711
73	0.00886	0.00633	0.00843	0.01012	0.01054	0.00590	0.00675	0.01012	0.01392	0.01856	0.04006	0.73979	0.04808	0.02277	0.00928	0.00295	0.00422	0.02066	0.00675	0.00590
74	0.01739	0.01266	0.01406	0.01216	0.01546	0.01351	0.00952	0.23392	0.12051	0.03329	0.20568	0.09771	0.05035	0.01204	0.00755	0.00226	0.00534	0.01011	0.11726	0.00922
75	0.01993	0.10354	0.02875	0.04857	0.02607	0.23113	0.18240	0.02297	0.01606	0.01906	0.01156	0.01567	0.00985	0.00853	0.01197	0.00239	0.22321	0.00615	0.00347	0.00872
76	0.01465	0.02945	0.46168	0.02064	0.02832	0.01716	0.09037	0.02107	0.01467	0.02171	0.01465	0.07129	0.01243	0.00908	0.01030	0.00252	0.13974	0.00705	0.00343	0.00977
77	0.00886	0.00633	0.00843	0.01012	0.01054	0.00590	0.00675	0.01012	0.01392	0.01856	0.04006	0.73979	0.04808	0.02277	0.00928	0.00295	0.00422	0.02066	0.00675	0.00590
78	0.01053	0.00721	0.00873	0.00873	0.00901	0.00748	0.00541	0.01109	0.01081	0.01469	0.02217	0.04350	0.02466	0.59691	0.18221	0.00804	0.00971	0.00998	0.00430	0.00485
79	0.01683	0.01626	0.02813	0.20101	0.47381	0.01680	0.06853	0.02136	0.01607	0.02251	0.01354	0.01832	0.01103	0.00659	0.00724	0.00220	0.00902	0.00654	0.00355	0.04067
80	0.01081	0.00841	0.01249	0.01225	0.01345	0.01009	0.00961	0.01333	0.01164	0.01692	0.01871	0.02759	0.01751	0.05132	0.66282	0.01103	0.07390	0.00768	0.00384	0.00660
81	0.01685	0.01898	0.04114	0.02967	0.03670	0.01782	0.63572	0.02282	0.01713	0.02320	0.01604	0.02311	0.01276	0.00691	0.00866	0.00250	0.01194	0.04456	0.00385	0.00963
82	0.79588	0.01406	0.01068	0.00956	0.01406	0.01631	0.00787	0.02137	0.01237	0.03261	0.01012	0.01181	0.00787	0.00675	0.00450	0.00225	0.00562	0.00394	0.00450	0.00787
83	0.01167	0.00958	0.01373	0.01300	0.01386	0.01191	0.01017	0.01377	0.01144	0.01673	0.01754	0.02762	0.01704	0.11649	0.48597	0.00924	0.18210	0.00775	0.00378	0.00661
84	0.01475	0.01360	0.02181	0.03162	0.45134	0.01329	0.01649	0.01823	0.01656	0.02281	0.07415	0.10512	0.14779	0.01098	0.00777	0.00231	0.00689	0.01007	0.00482	0.00960
85	0.37208	0.01645	0.05422	0.01987	0.09267	0.01610	0.20556	0.02134	0.01516	0.02816	0.08009	0.01913	0.01527	0.00735	0.00649	0.00231	0.00790	0.00655	0.00445	0.00885
86	0.01744	0.00870	0.00959	0.00871	0.01136	0.00865	0.00675	0.02251	0.08584	0.14900	0.02521	0.02668	0.01889	0.00871	0.00572	0.00187	0.00414	0.00702	0.56494	0.00827
87	0.02961	0.01300	0.01784	0.01404	0.01865	0.01276	0.01162	0.03221	0.01907	0.58095	0.02524	0.02315	0.01648	0.00967	0.01028	0.00242	0.13634	0.00714	0.00795	0.01158
88	0.00909	0.00676	0.00848	0.00937	0.01046	0.00614	0.00652	0.01091	0.01579	0.02090	0.17836	0.46707	0.18296	0.02030	0.00900	0.00272	0.00395	0.01808	0.00700	0.00614
89	0.00907	0.00738	0.00803	0.00787	0.01011	0.00634	0.00590	0.01137	0.01771	0.02235	0.25073	0.06550	0.51746	0.01740	0.00859	0.00241	0.00361	0.01472	0.00711	0.00634
90	0.00938	0.00694	0.00879	0.00954	0.01076	0.00635	0.00684	0.01147	0.01643	0.02193	0.23148	0.39134	0.16712	0.01962	0.00900	0.00270	0.00404	0.05291	0.00710	0.00626
91	0.65887	0.01375	0.01179	0.01016	0.01487	0.01530	0.00838	0.02389	0.01388	0.15318	0.01345	0.01413	0.00969	0.00715	0.00500	0.00225	0.00572	0.00454	0.00531	0.00868
92	0.79588	0.01406	0.01068	0.00956	0.01406	0.01631	0.00787	0.02137	0.01237	0.03261	0.01012	0.01181	0.00787	0.00675	0.00450	0.00225	0.00562	0.00394	0.00450	0.00787
93	0.01324	0.00980	0.01191	0.01074	0.01287	0.01013	0.00817	0.10785	0.04469	0.02726	0.35116	0.04383	0.10412	0.07339	0.06733	0.04751	0.03094	0.01099	0.00673	0.00736
94	0.02024	0.67480	0.03628	0.01309	0.01905	0.10000	0.01260	0.02252	0.01537	0.01717	0.01022	0.01181	0.00933	0.00635	0.00486	0.00159	0.00833	0.00397	0.00318	0.00923
95	0.01393	0.01031	0.01223	0.01063	0.01367	0.01000	0.00814	0.07702	0.07677	0.04483	0.25548	0.03861	0.08641	0.07478	0.08121	0.00342	0.00636	0.00974	0.03382	0.13263
96	0.01967	0.01723	0.01805	0.01874	0.10837	0.11227	0.01293	0.05323	0.34149	0.07842	0.02580	0.08330	0.02151	0.01058	0.00754	0.00241	0.00719	0.04437	0.00642	0.01046
97	0.79588	0.01406	0.01068	0.00956	0.01406	0.01631	0.00787	0.02137	0.01237	0.03261	0.01012	0.01181	0.00787	0.00675	0.00450	0.00225	0.00562	0.00394	0.00450	0.00787
98	0.01739	0.01849	0.08801	0.01331	0.01974	0.08726	0.01163	0.06878	0.05471	0.02497	0.01402	0.01574	0.01121	0.00626	0.00592	0.00145	0.00698	0.00484	0.00451	0.52480

[dist]
# distance from previous block
# <min> <max>
0	1

[block]
# block no. 3 follows, 28 sequences, length 73
# corresponding to MSA columns:
# 279-351
name=unknown_D
#
# <colnr> <probs for GDERKNQSTAVLIFYWHMCP>
#	G	D	E	R	K	N	Q	S	T	A	V	L	I	F	Y	W	H	M	C	P
0	0.01716	0.01511	0.02359	0.01904	0.02169	0.01788	0.14580	0.08852	0.01542	0.06068	0.01483	0.02084	0.01284	0.04728	0.14265	0.00455	0.31194	0.00730	0.00422	0.00864
1	0.00897	0.00669	0.00835	0.00940	0.01042	0.00607	0.00649	0.01062	0.01530	0.02007	0.12611	0.50955	0.19374	0.02086	0.00904	0.00276	0.00400	0.01859	0.00690	0.00607
2	0.01068	0.00739	0.01021	0.01021	0.01094	0.00812	0.00725	0.01181	0.01108	0.01551	0.01988	0.03414	0.02031	0.27907	0.41870	0.09277	0.01397	0.00855	0.00398	0.00545
3	0.10423	0.01736	0.02662	0.02453	0.15447	0.01811	0.19618	0.20474	0.04558	0.03028	0.01584	0.01908	0.01233	0.01227	0.08267	0.00328	0.01017	0.00700	0.00492	0.01035
4	0.00953	0.00740	0.00866	0.00835	0.01039	0.00653	0.00626	0.01224	0.01878	0.02488	0.41656	0.06132	0.35005	0.01645	0.00858	0.00236	0.00354	0.01413	0.00744	0.00653
5	0.02359	0.01826	0.02170	0.01738	0.02104	0.02176	0.01441	0.39577	0.02491	0.07300	0.01517	0.01730	0.01164	0.01022	0.01339	0.00255	0.27480	0.00652	0.00586	0.01073
6	0.01869	0.01417	0.01649	0.01214	0.01834	0.04715	0.02901	0.02186	0.01638	0.13666	0.01551	0.01671	0.01190	0.00612	0.00586	0.00135	0.00613	0.00495	0.00504	0.59553
7	0.01711	0.09537	0.02314	0.09234	0.02238	0.10478	0.01540	0.01921	0.01304	0.01757	0.01068	0.01615	0.00997	0.01302	0.05431	0.00322	0.45495	0.00598	0.00328	0.00809
8	0.79588	0.01406	0.01068	0.00956	0.01406	0.01631	0.00787	0.02137	0.01237	0.03261	0.01012	0.01181	0.00787	0.00675	0.00450	0.00225	0.00562	0.00394	0.00450	0.00787
9	0.02345	0.01676	0.01823	0.01453	0.01918	0.01849	0.01186	0.49501	0.02863	0.03962	0.01871	0.02024	0.01402	0.01355	0.08225	0.00311	0.00845	0.00672	0.13637	0.01081
10	0.02066	0.01584	0.01683	0.01380	0.01822	0.01721	0.01102	0.36946	0.15396	0.03531	0.03239	0.03252	0.16480	0.05313	0.00928	0.00257	0.00657	0.00902	0.00702	0.01038
11	0.01678	0.36334	0.02581	0.01325	0.01695	0.02065	0.01209	0.03958	0.01527	0.02017	0.01794	0.02962	0.01759	0.01064	0.00911	0.00225	0.12537	0.14623	0.08904	0.00834
12	0.01891	0.01560	0.02312	0.06738	0.02472	0.01604	0.18071	0.25128	0.02221	0.03077	0.02011	0.12039	0.01751	0.00970	0.00751	0.00225	0.00797	0.00894	0.10066	0.05422
13	0.01321	0.00999	0.01277	0.01361	0.04548	0.01044	0.00956	0.13050	0.01772	0.02385	0.03307	0.49295	0.03752	0.01878	0.00964	0.00282	0.04343	0.06066	0.00650	0.00748
14	0.01655	0.01557	0.01575	0.01174	0.01787	0.09575	0.00928	0.01961	0.01575	0.02297	0.01271	0.01483	0.01060	0.00564	0.00553	0.00117	0.00633	0.00435	0.00424	0.69378
15	0.01053	0.00720	0.00870	0.00870	0.00897	0.00747	0.00537	0.01107	0.01080	0.01467	0.02220	0.04366	0.02473	0.60285	0.17637	0.00800	0.00960	0.01000	0.00430	0.00483
16	0.01890	0.01139	0.01300	0.01161	0.01497	0.01188	0.00927	0.07690	0.19652	0.15026	0.06250	0.03320	0.02406	0.01052	0.00698	0.00224	0.00523	0.07601	0.25507	0.00947
17	0.02732	0.01513	0.01788	0.01434	0.01957	0.01552	0.01164	0.18320	0.21391	0.36055	0.02636	0.02375	0.01790	0.00918	0.00733	0.00230	0.00648	0.00739	0.00814	0.01212
18	0.01140	0.00814	0.01136	0.01303	0.01457	0.00810	0.01117	0.01452	0.01643	0.02141	0.03866	0.15352	0.04251	0.02037	0.00996	0.00330	0.00642	0.58181	0.00670	0.00661
19	0.79588	0.01406	0.01068	0.00956	0.01406	0.01631	0.00787	0.02137	0.01237	0.03261	0.01012	0.01181	0.00787	0.00675	0.00450	0.00225	0.00562	0.00394	0.00450	0.00787
20	0.02763	0.02036	0.02182	0.01672	0.02254	0.02254	0.01382	0.67496	0.03418	0.04581	0.01745	0.01745	0.01236	0.00873	0.00727	0.00218	0.00800	0.00654	0.00727	0.01236
21	0.79588	0.01406	0.01068	0.00956	0.01406	0.01631	0.00787	0.02137	0.01237	0.03261	0.01012	0.01181	0.00787	0.00675	0.00450	0.00225	0.00562	0.00394	0.00450	0.00787
22	0.10934	0.01969	0.02063	0.01596	0.02164	0.02188	0.01318	0.60545	0.03186	0.04441	0.01667	0.01685	0.01188	0.00852	0.00698	0.00219	0.00775	0.00627	0.00698	0.01188
23	0.00886	0.00633	0.00843	0.01012	0.01054	0.00590	0.00675	0.01012	0.01392	0.01856	0.04006	0.73979	0.04808	0.02277	0.00928	0.00295	0.00422	0.02066	0.00675	0.00590
24	0.02384	0.02541	0.01825	0.01612	0.01980	0.40807	0.01239	0.16307	0.02189	0.02476	0.01493	0.01735	0.01205	0.01287	0.08195	0.00296	0.01153	0.00566	0.09823	0.00886
25	0.03261	0.01237	0.01687	0.01293	0.01856	0.01068	0.01068	0.03543	0.02081	0.70423	0.02868	0.02474	0.01799	0.00900	0.00731	0.00225	0.00619	0.00731	0.00900	0.01237
26	0.01362	0.01192	0.01373	0.09919	0.01975	0.08476	0.01240	0.01771	0.05184	0.02112	0.03378	0.10132	0.06428	0.01674	0.00909	0.00297	0.00740	0.40515	0.00601	0.00723
27	0.02728	0.01700	0.01926	0.01519	0.02062	0.01807	0.01241	0.35621	0.15752	0.24292	0.02324	0.02156	0.01599	0.00903	0.00731	0.00226	0.00701	0.00710	0.00782	0.01220
28	0.01009	0.00752	0.00944	0.00923	0.01109	0.00687	0.00710	0.01318	0.01933	0.02639	0.49627	0.06050	0.19621	0.01615	0.00873	0.00243	0.00383	0.08136	0.00760	0.00669
29	0.00886	0.00633	0.00843	0.01012	0.01054	0.00590	0.00675	0.01012	0.01392	0.01856	0.04006	0.73979	0.04808	0.02277	0.00928	0.00295	0.00422	0.02066	0.00675	0.00590
30	0.01458	0.03760	0.70688	0.02072	0.03146	0.01688	0.02686	0.02302	0.01535	0.02302	0.01304	0.01535	0.00921	0.00691	0.00691	0.00230	0.01074	0.00537	0.00307	0.01074
31	0.02590	0.01786	0.11396	0.06563	0.02432	0.01491	0.05240	0.13647	0.07744	0.35977	0.02287	0.02179	0.01524	0.00845	0.00733	0.00229	0.00766	0.00701	0.00706	0.01163
32	0.39936	0.01758	0.07529	0.15340	0.14432	0.05689	0.01472	0.02159	0.01425	0.02671	0.01159	0.01471	0.00906	0.00685	0.00582	0.00225	0.00779	0.00503	0.00393	0.00883
33	0.01038	0.00779	0.01168	0.01168	0.01298	0.00909	0.00909	0.01298	0.01168	0.01687	0.01947	0.02856	0.01817	0.05452	0.71573	0.01168	0.01947	0.00779	0.00389	0.00649
34	0.01474	0.01388	0.02107	0.40851	0.18948	0.04727	0.01763	0.01858	0.01493	0.01947	0.03982	0.02411	0.01468	0.11310	0.01153	0.00299	0.00900	0.00722	0.00368	0.00830
35	0.01900	0.63044	0.07541	0.01633	0.09177	0.02686	0.01431	0.02190	0.01499	0.01815	0.01065	0.01254	0.00955	0.00629	0.00506	0.00166	0.00804	0.00425	0.00316	0.00964
36	0.47408	0.09817	0.01672	0.01266	0.01717	0.21345	0.01027	0.04407	0.01561	0.02723	0.01066	0.01233	0.00859	0.00696	0.00518	0.00207	0.00802	0.00422	0.00423	0.00832
37	0.01073	0.00766	0.01058	0.01226	0.01350	0.00751	0.01000	0.01335	0.01576	0.02065	0.03903	0.30954	0.04399	0.02101	0.00978	0.00321	0.00584	0.43248	0.00671	0.00642
38	0.02115	0.09506	0.02039	0.01513	0.01999	0.02058	0.01231	0.23191	0.41483	0.03371	0.02379	0.02251	0.01781	0.00913	0.00707	0.00228	0.00666	0.00724	0.00690	0.01154
39	0.01094	0.01352	0.12780	0.08803	0.01947	0.00974	0.04606	0.01465	0.01662	0.02195	0.16806	0.13156	0.27455	0.01452	0.00825	0.00245	0.00596	0.01261	0.00584	0.00741
40	0.01954	0.12030	0.41306	0.01841	0.02682	0.10057	0.02085	0.09831	0.01845	0.07746	0.01419	0.01560	0.01028	0.00726	0.00666	0.00214	0.00999	0.00539	0.00409	0.01061
41	0.01517	0.08179	0.59292	0.02124	0.03133	0.01781	0.09462	0.02297	0.01550	0.02266	0.01303	0.01556	0.00941	0.00678	0.00694	0.00227	0.01071	0.00562	0.00314	0.01055
42	0.36643	0.01218	0.01246	0.01042	0.01489	0.01252	0.00851	0.02614	0.01616	0.29498	0.01966	0.01942	0.01363	0.00792	0.00570	0.00216	0.00547	0.00573	0.13618	0.00945
43	0.01564	0.01399	0.02080	0.02780	0.35345	0.01429	0.01541	0.02296	0.15525	0.02633	0.19479	0.03138	0.05701	0.00983	0.00765	0.00227	0.00650	0.00892	0.00564	0.01009
44	0.02025	0.04771	0.34728	0.05155	0.04534	0.12473	0.01963	0.02637	0.04123	0.15614	0.03973	0.01876	0.01354	0.00777	0.00697	0.00221	0.00960	0.00605	0.00469	0.01045
45	0.00886	0.00633	0.00843	0.01012	0.01054	0.00590	0.00675	0.01012	0.01392	0.01856	0.04006	0.73979	0.04808	0.02277	0.00928	0.00295	0.00422	0.02066	0.00675	0.00590
46	0.01728	0.00883	0.01153	0.01002	0.01289	0.00799	0.00781	0.02052	0.02008	0.22974	0.42562	0.04261	0.04822	0.01244	0.00783	0.00221	0.00424	0.01073	0.09092	0.00849
47	0.02047	0.01213	0.01485	0.07705	0.01883	0.01244	0.01039	0.13277	0.09131	0.20579	0.14773	0.03154	0.06474	0.01041	0.00730	0.00222	0.00573	0.00864	0.11590	0.00975
48	0.01976	0.26765	0.15029	0.06322	0.19219	0.02101	0.01789	0.08770	0.01771	0.07792	0.01389	0.01595	0.01087	0.00694	0.00631	0.00200	0.00852	0.00548	0.00412	0.01060
49	0.03261	0.01237	0.01687	0.01293	0.01856	0.01068	0.01068	0.03543	0.02081	0.70423	0.02868	0.02474	0.01799	0.00900	0.00731	0.00225	0.00619	0.00731	0.00900	0.01237
50	0.00859	0.00736	0.00736	0.00736	0.00982	0.00614	0.00552	0.01043	0.01657	0.01964	0.07364	0.06996	0.69624	0.01841	0.00859	0.00245	0.00368	0.01534	0.00675	0.00614
51	0.01884	0.01588	0.02351	0.23444	0.14474	0.01742	0.08620	0.20397	0.04570	0.02894	0.01630	0.01976	0.01232	0.00765	0.00716	0.00224	0.00848	0.00681	0.08961	0.01002
52	0.07591	0.01301	0.01685	0.01300	0.01857	0.01181	0.01074	0.07825	0.02124	0.62092	0.02685	0.02350	0.01703	0.00885	0.00715	0.00224	0.00628	0.00706	0.00862	0.01211
53	0.79588	0.01406	0.01068	0.00956	0.01406	0.01631	0.00787	0.02137	0.01237	0.03261	0.01012	0.01181	0.00787	0.00675	0.00450	0.00225	0.00562	0.00394	0.00450	0.00787
54	0.00904	0.00738	0.00798	0.00783	0.01009	0.00633	0.00587	0.01129	0.01762	0.02213	0.23688	0.06584	0.53145	0.01748	0.00859	0.00241	0.00362	0.01476	0.00708	0.00633
55	0.01128	0.00842	0.01066	0.01114	0.01237	0.00894	0.00816	0.01564	0.10951	0.01941	0.03022	0.24215	0.03238	0.17898	0.16963	0.00571	0.00873	0.10432	0.00572	0.00663
56	0.02715	0.03464	0.02060	0.01873	0.02247	0.71536	0.01404	0.02903	0.02060	0.01779	0.01124	0.01311	0.00936	0.00749	0.00655	0.00187	0.01311	0.00468	0.00375	0.00843
57	0.01943	0.74891	0.03809	0.01244	0.01866	0.02876	0.01244	0.02177	0.01477	0.01710	0.01011	0.01166	0.00933	0.00622	0.00466	0.00155	0.00777	0.00389	0.00311	0.00933
58	0.00886	0.00633	0.00843	0.01012	0.01054	0.00590	0.00675	0.01012	0.01392	0.01856	0.04006	0.73979	0.04808	0.02277	0.00928	0.00295	0.00422	0.02066	0.00675	0.00590
59	0.54271	0.01251	0.01156	0.01038	0.01430	0.01413	0.00844	0.02103	0.01312	0.10060	0.01414	0.01685	0.01120	0.01745	0.16054	0.00431	0.00871	0.00514	0.00484	0.00805
60	0.02763	0.02036	0.02182	0.01672	0.02254	0.02254	0.01382	0.67496	0.03418	0.04581	0.01745	0.01745	0.01236	0.00873	0.00727	0.00218	0.00800	0.00654	0.00727	0.01236
61	0.79588	0.01406	0.01068	0.00956	0.01406	0.01631	0.00787	0.02137	0.01237	0.03261	0.01012	0.01181	0.00787	0.00675	0.00450	0.00225	0.00562	0.00394	0.00450	0.00787
62	0.41884	0.01664	0.01556	0.01286	0.01782	0.01888	0.01054	0.27360	0.09237	0.03744	0.01500	0.01560	0.01111	0.00784	0.00587	0.00225	0.00655	0.00539	0.00587	0.00998
63	0.10891	0.03245	0.01954	0.01775	0.02158	0.64101	0.01339	0.02821	0.01972	0.01937	0.01112	0.01297	0.00920	0.00741	0.00634	0.00191	0.01231	0.00460	0.00383	0.00837
64	0.01008	0.00742	0.00943	0.00893	0.01073	0.00677	0.00670	0.01332	0.02009	0.02799	0.61954	0.05621	0.14513	0.01529	0.00858	0.00231	0.00346	0.01341	0.00785	0.00677
65	0.02195	0.51654	0.03240	0.01448	0.01990	0.25213	0.01296	0.02413	0.01667	0.01733	0.01047	0.01213	0.00934	0.00663	0.00528	0.00166	0.00951	0.00415	0.00332	0.00904
66	0.00921	0.00715	0.00838	0.00858	0.01033	0.00632	0.00624	0.01144	0.01728	0.02252	0.27031	0.21774	0.34198	0.01824	0.00874	0.00251	0.00372	0.01584	0.00716	0.00632
67	0.01155	0.00696	0.00825	0.00858	0.01000	0.00672	0.00637	0.01448	0.01644	0.02539	0.20249	0.19404	0.03965	0.01407	0.00725	0.00224	0.00381	0.05637	0.35874	0.00660
68	0.00995	0.00767	0.00912	0.00871	0.01076	0.00697	0.00655	0.01339	0.04094	0.02588	0.45732	0.05886	0.28541	0.01593	0.00854	0.00235	0.00359	0.01375	0.00755	0.00676
69	0.00890	0.00716	0.00795	0.00834	0.01024	0.00621	0.00611	0.01079	0.01632	0.02030	0.11994	0.22231	0.47240	0.01915	0.00879	0.00258	0.00387	0.03562	0.00686	0.00616
70	0.02050	0.13585	0.02284	0.07805	0.07792	0.06214	0.01392	0.16805	0.28746	0.02925	0.02005	0.02033	0.01532	0.00839	0.00685	0.00219	0.00757	0.00666	0.00580	0.01086
71	0.07181	0.01701	0.02249	0.21029	0.29368	0.09974	0.01766	0.05504	0.01687	0.02292	0.01594	0.09407	0.01446	0.00867	0.00717	0.00228	0.00873	0.00759	0.00411	0.00945
72	0.02011	0.25109	0.18894	0.01837	0.05853	0.21842	0.01694	0.02510	0.06331	0.02000	0.01264	0.01457	0.01033	0.00734	0.00704	0.00200	0.04701	0.00503	0.00361	0.00960

[dist]
# distance from previous block
# <min> <max>
0	4

[block]
# block no. 4 follows, 28 sequences, length 10
# corresponding to MSA columns:
# 356-365
name=unknown_E
#
# <colnr> <probs for GDERKNQSTAVLIFYWHMCP>
#	G	D	E	R	K	N	Q	S	T	A	V	L	I	F	Y	W	H	M	C	P
0	0.50838	0.01801	0.01417	0.01230	0.01676	0.12438	0.00990	0.13493	0.01736	0.03188	0.01200	0.01377	0.00936	0.00945	0.03871	0.00262	0.00783	0.00468	0.00483	0.00867
1	0.02248	0.01558	0.01735	0.01531	0.05748	0.06711	0.01145	0.16423	0.10608	0.19180	0.14671	0.02671	0.02496	0.00950	0.00728	0.00211	0.00658	0.00779	0.00704	0.09244
2	0.01702	0.02102	0.13453	0.02949	0.26648	0.06897	0.14797	0.02245	0.04103	0.02344	0.08545	0.02152	0.01713	0.00802	0.00876	0.00232	0.06288	0.00734	0.00411	0.01007
3	0.01390	0.01284	0.01784	0.01614	0.01645	0.01697	0.01311	0.01559	0.01197	0.01771	0.01736	0.10173	0.01869	0.07339	0.07863	0.00416	0.47186	0.07038	0.00405	0.00723
4	0.01257	0.01008	0.01101	0.01056	0.01289	0.01045	0.00774	0.05309	0.19601	0.02277	0.04346	0.15433	0.24587	0.12943	0.04355	0.00363	0.00576	0.01273	0.00647	0.00762
5	0.01373	0.01292	0.02180	0.72707	0.05006	0.01615	0.02019	0.01857	0.01453	0.01857	0.01292	0.01938	0.00969	0.00727	0.00727	0.00242	0.00969	0.00646	0.00323	0.00807
6	0.02081	0.01676	0.02090	0.02017	0.12333	0.07325	0.04492	0.07560	0.12809	0.13636	0.01851	0.02009	0.01416	0.01074	0.04371	0.00268	0.10784	0.00663	0.00545	0.11000
7	0.01199	0.00851	0.01130	0.01082	0.01187	0.00962	0.00802	0.01376	0.01220	0.04270	0.02319	0.03479	0.05881	0.24013	0.32704	0.00781	0.08886	0.00877	0.06353	0.00627
8	0.02062	0.21497	0.13144	0.09707	0.19761	0.01873	0.01758	0.02476	0.01661	0.17052	0.01583	0.01752	0.01181	0.00711	0.00651	0.00207	0.00830	0.00579	0.00453	0.01064
9	0.01503	0.01432	0.04626	0.07391	0.15040	0.01418	0.07268	0.02384	0.20250	0.02579	0.15113	0.03616	0.05384	0.01091	0.00798	0.00245	0.00695	0.07630	0.00588	0.00949

[dist]
# distance from previous block
# <min> <max>
0	1

[block]
# block no. 5 follows, 28 sequences, length 9
# corresponding to MSA columns:
# 367-375
name=unknown_F
#
# <colnr> <probs for GDERKNQSTAVLIFYWHMCP>
#	G	D	E	R	K	N	Q	S	T	A	V	L	I	F	Y	W	H	M	C	P
0	0.01746	0.01140	0.01407	0.01080	0.01587	0.00917	0.00859	0.02066	0.01767	0.16543	0.19103	0.02712	0.02707	0.00856	0.00660	0.00163	0.00505	0.00719	0.00622	0.42841
1	0.16252	0.01576	0.01348	0.01204	0.01539	0.14248	0.00934	0.07688	0.09387	0.05262	0.18747	0.02761	0.02729	0.00977	0.00664	0.00212	0.00636	0.00762	0.12224	0.00849
2	0.06760	0.01609	0.09311	0.01581	0.02085	0.01380	0.11385	0.08553	0.11043	0.10041	0.07405	0.12729	0.05879	0.01093	0.00761	0.00235	0.00703	0.00969	0.00605	0.05873
3	0.12640	0.01389	0.02022	0.54808	0.04196	0.01687	0.01775	0.09013	0.01636	0.02352	0.01301	0.01809	0.00972	0.00735	0.00687	0.00237	0.00893	0.00611	0.00385	0.00851
4	0.01354	0.11521	0.01550	0.01160	0.01475	0.01285	0.00912	0.02029	0.18683	0.02225	0.03363	0.26537	0.10145	0.01455	0.00767	0.00239	0.00532	0.04606	0.00612	0.09552
5	0.01135	0.00879	0.01292	0.01525	0.10897	0.00939	0.00953	0.01339	0.01234	0.01733	0.02174	0.10896	0.02255	0.21820	0.36733	0.00821	0.01314	0.00970	0.00429	0.00661
6	0.01914	0.01402	0.02156	0.24027	0.03008	0.01553	0.08823	0.09859	0.01878	0.15518	0.11325	0.02475	0.02010	0.00939	0.00963	0.00244	0.09631	0.00781	0.00553	0.00941
7	0.01929	0.01421	0.01882	0.01469	0.01964	0.05571	0.10438	0.06404	0.01859	0.16532	0.09392	0.11048	0.02314	0.00974	0.00726	0.00200	0.00683	0.00866	0.00604	0.23724
8	0.01641	0.01245	0.01467	0.01180	0.01659	0.01146	0.00936	0.06363	0.12043	0.07684	0.05776	0.02478	0.05408	0.01475	0.10726	0.00310	0.00748	0.00684	0.00560	0.36470

[dist]
# distance from previous block
# <min> <max>
5	8

[block]
# block no. 6 follows, 28 sequences, length 18
# corresponding to MSA columns:
# 384-401
name=unknown_G
#
# <colnr> <probs for GDERKNQSTAVLIFYWHMCP>
#	G	D	E	R	K	N	Q	S	T	A	V	L	I	F	Y	W	H	M	C	P
0	0.13323	0.01468	0.01699	0.01444	0.01888	0.01614	0.06046	0.03306	0.40747	0.11468	0.02510	0.02401	0.01848	0.00892	0.00689	0.00235	0.00612	0.00741	0.06005	0.01063
1	0.01799	0.01565	0.01874	0.12178	0.08643	0.01798	0.01391	0.07128	0.48813	0.02896	0.02497	0.02458	0.01880	0.00910	0.00735	0.00241	0.00673	0.00770	0.00643	0.01105
2	0.02147	0.01541	0.04718	0.01800	0.11744	0.01337	0.03921	0.11925	0.01955	0.18867	0.01814	0.01903	0.01323	0.00716	0.00655	0.00181	0.00680	0.00602	0.05118	0.27053
3	0.01013	0.00789	0.01028	0.00953	0.01138	0.00735	0.03460	0.01255	0.01682	0.02251	0.31174	0.05426	0.24252	0.14207	0.07109	0.00391	0.00580	0.01274	0.00650	0.00632
4	0.01155	0.00858	0.01018	0.01054	0.01215	0.00838	0.00754	0.10737	0.01741	0.02276	0.04344	0.50086	0.17188	0.01985	0.00885	0.00274	0.00466	0.01754	0.00682	0.00689
5	0.01826	0.12279	0.02195	0.19115	0.10453	0.08139	0.01467	0.11738	0.01844	0.04171	0.01778	0.07901	0.01581	0.01081	0.03135	0.00252	0.00859	0.03460	0.05820	0.00906
6	0.01491	0.03061	0.48683	0.08649	0.03193	0.01773	0.07986	0.02182	0.01481	0.02182	0.01266	0.01616	0.00946	0.00772	0.00956	0.00245	0.11610	0.00589	0.00315	0.01001
7	0.01607	0.01564	0.04533	0.06241	0.31466	0.04289	0.01671	0.06371	0.01749	0.02339	0.02723	0.03569	0.13060	0.01108	0.00878	0.00245	0.04970	0.10196	0.00478	0.00944
8	0.01213	0.00930	0.01049	0.00954	0.01263	0.00837	0.00725	0.01661	0.09529	0.05687	0.15107	0.11403	0.32596	0.01489	0.00798	0.00226	0.00431	0.01264	0.00677	0.12161
9	0.01318	0.02466	0.38925	0.07054	0.02566	0.01376	0.01912	0.02039	0.07674	0.02207	0.02238	0.22637	0.02169	0.01180	0.00767	0.00251	0.00831	0.01014	0.00455	0.00921
