[name]
unknown

[dist]
# distance from previous block
# <min> <max>
7	165

[block]
# block no. 0 follows, 35 sequences, length 66
# corresponding to MSA columns:
# 166-231
name=unknown_A
#
# <colnr> <probs for GDERKNQSTAVLIFYWHMCP>
#	G	D	E	R	K	N	Q	S	T	A	V	L	I	F	Y	W	H	M	C	P
0	0.01332	0.01394	0.06919	0.21121	0.02361	0.07191	0.02595	0.03669	0.01460	0.01998	0.11393	0.02197	0.01742	0.00751	0.00655	0.00175	0.03189	0.04068	0.00398	0.25393
1	0.01607	0.01272	0.01783	0.43617	0.03236	0.01465	0.01451	0.14914	0.10032	0.08091	0.01484	0.01759	0.01081	0.00688	0.00628	0.00201	0.00734	0.00580	0.00436	0.04942
2	0.01353	0.04165	0.01295	0.08050	0.01567	0.01068	0.00864	0.05335	0.13810	0.07992	0.11098	0.15580	0.02525	0.10628	0.01013	0.00252	0.02353	0.00900	0.00533	0.09620
3	0.01519	0.01691	0.01230	0.01139	0.01377	0.33360	0.00854	0.01735	0.01736	0.01964	0.29958	0.03396	0.15422	0.01068	0.00671	0.00186	0.00674	0.00856	0.00516	0.00648
4	0.01477	0.01453	0.01548	0.01604	0.10539	0.14144	0.01098	0.02021	0.17279	0.01848	0.04572	0.02242	0.01609	0.11582	0.11218	0.00374	0.13572	0.00657	0.00413	0.00748
5	0.01701	0.01281	0.01350	0.01162	0.01508	0.01437	0.00919	0.21042	0.36426	0.02939	0.02174	0.02142	0.01632	0.00804	0.00593	0.00192	0.00503	0.00647	0.20626	0.00922
6	0.01089	0.00680	0.00866	0.00832	0.01010	0.00611	0.00618	0.01315	0.01607	0.11194	0.37176	0.20930	0.16761	0.01441	0.00748	0.00215	0.00349	0.01264	0.00666	0.00629
7	0.01657	0.01589	0.02584	0.03538	0.60535	0.03695	0.07022	0.07696	0.01585	0.02213	0.01221	0.01564	0.01002	0.00582	0.00636	0.00190	0.00784	0.00575	0.00341	0.00992
8	0.01696	0.78087	0.03324	0.01085	0.01628	0.02510	0.01085	0.01900	0.01289	0.01493	0.00882	0.01018	0.00814	0.00543	0.00407	0.00136	0.00678	0.00339	0.00271	0.00814
9	0.00974	0.00633	0.00780	0.00743	0.00892	0.00597	0.00557	0.01272	0.01672	0.02496	0.54454	0.04108	0.04827	0.01149	0.00667	0.00186	0.00298	0.01000	0.22099	0.00597
10	0.05716	0.14959	0.01892	0.01443	0.08374	0.18822	0.03074	0.01914	0.03181	0.01907	0.05617	0.03770	0.02818	0.00670	0.00539	0.00152	0.00695	0.00520	0.00376	0.23563
11	0.02485	0.01131	0.01463	0.01107	0.01614	0.00974	0.00909	0.06768	0.01774	0.54255	0.02144	0.01937	0.01403	0.00715	0.00601	0.00173	0.00534	0.00577	0.00687	0.18751
12	0.11692	0.31202	0.20354	0.01583	0.02215	0.04939	0.16005	0.01976	0.01339	0.01903	0.01032	0.01247	0.00827	0.00566	0.00531	0.00177	0.00819	0.00459	0.00298	0.00834
13	0.01346	0.01050	0.01310	0.01203	0.03144	0.04691	0.06582	0.06854	0.09411	0.08855	0.10540	0.25072	0.14717	0.01303	0.00725	0.00219	0.00515	0.01150	0.00586	0.00727
14	0.00904	0.00607	0.00697	0.00716	0.00721	0.00602	0.00410	0.00918	0.00959	0.01279	0.02187	0.13341	0.02544	0.68192	0.02925	0.00570	0.00584	0.01033	0.00410	0.00401
15	0.00765	0.00643	0.00664	0.00658	0.00866	0.00542	0.00494	0.00940	0.01482	0.01798	0.13253	0.05966	0.66611	0.01575	0.00750	0.00213	0.00319	0.01319	0.00600	0.00542
16	0.01886	0.01835	0.15841	0.02203	0.21477	0.04989	0.07790	0.06283	0.10046	0.18738	0.01664	0.01745	0.01198	0.00670	0.00636	0.00197	0.00754	0.00591	0.00472	0.00987
17	0.02297	0.01221	0.05315	0.03623	0.14768	0.01038	0.01178	0.02584	0.01654	0.48736	0.02253	0.09031	0.01655	0.00845	0.00650	0.00201	0.00591	0.00723	0.00642	0.00996
18	0.00935	0.00647	0.00856	0.00856	0.00928	0.00707	0.00604	0.01079	0.01007	0.01451	0.01847	0.03131	0.01871	0.32979	0.40884	0.00790	0.01160	0.00767	0.07003	0.00497
19	0.02824	0.01115	0.01494	0.01145	0.01637	0.00985	0.00946	0.06568	0.01875	0.70627	0.02453	0.02127	0.01545	0.00784	0.00638	0.00196	0.00548	0.00635	0.00778	0.01080
20	0.01860	0.02109	0.11156	0.08246	0.10210	0.19355	0.20476	0.09433	0.01705	0.07443	0.01286	0.01526	0.00960	0.00625	0.00646	0.00193	0.00942	0.00571	0.00379	0.00880
21	0.01326	0.01331	0.02175	0.01766	0.01929	0.01649	0.17338	0.01562	0.01097	0.01623	0.01106	0.01732	0.01029	0.04661	0.12098	0.00381	0.45564	0.00632	0.00301	0.00700
22	0.00829	0.00592	0.00800	0.00947	0.01009	0.00563	0.00686	0.00980	0.01270	0.01682	0.03466	0.61556	0.04074	0.01935	0.00825	0.00265	0.00417	0.16987	0.00588	0.00531
23	0.01539	0.01691	0.10034	0.03677	0.66376	0.01504	0.01988	0.01953	0.01434	0.02066	0.01188	0.01546	0.00984	0.00569	0.00625	0.00190	0.00773	0.00555	0.00309	0.00998
24	0.01271	0.07456	0.01789	0.02225	0.32170	0.04890	0.01243	0.01505	0.01349	0.01799	0.02169	0.34786	0.02382	0.01193	0.00687	0.00213	0.00598	0.01083	0.00432	0.00760
25	0.17677	0.01380	0.01895	0.19033	0.21390	0.01605	0.01457	0.11044	0.01454	0.02285	0.01098	0.01452	0.00885	0.00706	0.00836	0.00211	0.13886	0.00520	0.00359	0.00829
26	0.56724	0.01800	0.01208	0.01089	0.01461	0.24945	0.00859	0.02078	0.01309	0.02434	0.00914	0.01067	0.00729	0.00610	0.00450	0.00186	0.00699	0.00364	0.00372	0.00702
27	0.01305	0.01196	0.02031	0.09548	0.36735	0.01240	0.06661	0.01630	0.01294	0.01816	0.01463	0.02242	0.01334	0.07897	0.17590	0.00418	0.00979	0.03486	0.00334	0.00799
28	0.00863	0.00629	0.00725	0.00755	0.00844	0.00591	0.00513	0.00968	0.01209	0.01553	0.07226	0.14101	0.23462	0.34742	0.01848	0.00401	0.00480	0.08111	0.00505	0.00475
29	0.01557	0.09972	0.23708	0.07281	0.02542	0.04011	0.17496	0.02277	0.13251	0.07416	0.03340	0.01729	0.01223	0.00659	0.00630	0.00199	0.00822	0.00595	0.00396	0.00895
30	0.00954	0.00674	0.00806	0.00792	0.00951	0.00625	0.00578	0.01149	0.01313	0.01873	0.12486	0.16241	0.13980	0.12337	0.07287	0.00324	0.00508	0.04585	0.13589	0.08948
31	0.01315	0.01128	0.01315	0.00940	0.01503	0.00846	0.00752	0.01597	0.01315	0.02067	0.01128	0.01315	0.00940	0.00470	0.00470	0.00094	0.00470	0.00376	0.00376	0.81583
32	0.01480	0.01771	0.16690	0.02988	0.46202	0.01420	0.01865	0.05409	0.01504	0.02134	0.01490	0.02271	0.01323	0.00742	0.00657	0.00205	0.00765	0.09789	0.00357	0.00939
33	0.01107	0.00581	0.00883	0.04801	0.01013	0.00596	0.00615	0.00868	0.00850	0.01129	0.01103	0.01916	0.01088	0.02121	0.02382	0.77253	0.00567	0.00552	0.00276	0.00298
34	0.01462	0.00851	0.01026	0.00921	0.01165	0.00843	0.00718	0.01821	0.08038	0.19215	0.09005	0.10791	0.19629	0.01168	0.00765	0.00206	0.06045	0.00958	0.14641	0.00733
35	0.01778	0.58895	0.08900	0.01240	0.01778	0.15050	0.01213	0.02019	0.01382	0.01545	0.00920	0.01066	0.00814	0.00567	0.00452	0.00146	0.00781	0.00362	0.00281	0.00811
36	0.00951	0.00738	0.01028	0.01009	0.01081	0.00855	0.00755	0.01117	0.01080	0.01536	0.07205	0.12841	0.02293	0.16349	0.37999	0.00693	0.10632	0.00892	0.00400	0.00546
37	0.01438	0.00768	0.01021	0.00890	0.01134	0.00691	0.00691	0.01723	0.01801	0.22420	0.53741	0.04023	0.04761	0.01155	0.00718	0.00199	0.00366	0.01006	0.00722	0.00732
38	0.01570	0.01507	0.02575	0.03894	0.73748	0.01507	0.01947	0.01947	0.01444	0.02073	0.01193	0.01570	0.01005	0.00565	0.00628	0.00188	0.00754	0.00565	0.00314	0.01005
39	0.01646	0.01397	0.01473	0.01305	0.01676	0.01610	0.01021	0.08980	0.66882	0.02764	0.02495	0.02298	0.01866	0.00853	0.00645	0.00213	0.00518	0.00705	0.00645	0.01010
40	0.45081	0.01362	0.01310	0.01068	0.01511	0.01497	0.00881	0.22461	0.01764	0.15590	0.01352	0.01371	0.00955	0.00673	0.00506	0.00195	0.00560	0.00461	0.00532	0.00870
41	0.01345	0.01092	0.01489	0.01580	0.13885	0.01194	0.01060	0.10160	0.01555	0.02276	0.17366	0.02432	0.02234	0.01419	0.10869	0.00307	0.13421	0.00699	0.09443	0.06176
42	0.27032	0.01231	0.01341	0.01089	0.01519	0.01268	0.00888	0.16793	0.01787	0.32250	0.01874	0.07255	0.01391	0.00809	0.00574	0.00200	0.00545	0.00620	0.00618	0.00917
43	0.01475	0.01410	0.02403	0.22396	0.55990	0.01482	0.01900	0.01863	0.01399	0.01957	0.01176	0.01601	0.00964	0.00583	0.00630	0.00194	0.00777	0.00565	0.00306	0.00928
44	0.01453	0.02759	0.52193	0.02119	0.14972	0.01534	0.02116	0.09365	0.03589	0.02248	0.01230	0.01428	0.00900	0.00620	0.00612	0.00198	0.00868	0.00503	0.00325	0.00966
45	0.00827	0.00638	0.00959	0.01016	0.01098	0.00596	0.05847	0.00969	0.01236	0.01650	0.03332	0.71683	0.03956	0.01880	0.00805	0.00254	0.00420	0.01725	0.00569	0.00541
46	0.02589	0.01190	0.01517	0.01155	0.01657	0.01077	0.00951	0.13182	0.01928	0.54601	0.02183	0.01958	0.01417	0.00742	0.00616	0.00183	0.00555	0.00595	0.00711	0.11194
47	0.01441	0.01124	0.01328	0.00955	0.01513	0.00853	0.00767	0.01720	0.01357	0.07993	0.01241	0.01385	0.00991	0.00496	0.00484	0.00102	0.00476	0.00397	0.00409	0.74969
48	0.01299	0.01318	0.02466	0.01997	0.05236	0.01357	0.34307	0.01760	0.06606	0.01885	0.01781	0.16242	0.01697	0.01306	0.07884	0.00305	0.10494	0.00910	0.00392	0.00760
49	0.02020	0.41941	0.02589	0.01350	0.01789	0.37493	0.01153	0.02205	0.01534	0.01521	0.00929	0.01078	0.00816	0.00596	0.00486	0.00149	0.00903	0.00373	0.00298	0.00776
50	0.01563	0.12553	0.09792	0.01111	0.01704	0.01248	0.01025	0.07128	0.01478	0.07476	0.01225	0.01353	0.00964	0.00541	0.00501	0.00127	0.00575	0.00415	0.00399	0.48824
51	0.01751	0.62551	0.03092	0.01433	0.09150	0.09747	0.01189	0.01969	0.01357	0.01559	0.00924	0.01088	0.00834	0.00556	0.00447	0.00144	0.00733	0.00370	0.00281	0.00826
52	0.01087	0.00556	0.00815	0.00815	0.00815	0.00556	0.00537	0.00834	0.00834	0.01112	0.01176	0.02111	0.01201	0.08407	0.02541	0.74893	0.00556	0.00581	0.00284	0.00284
53	0.00863	0.00624	0.00779	0.00827	0.00901	0.00619	0.00572	0.00978	0.01134	0.01496	0.03107	0.22525	0.13847	0.28141	0.15160	0.00513	0.00703	0.06249	0.00474	0.00488
54	0.00911	0.00660	0.00921	0.00921	0.01000	0.00739	0.00670	0.01070	0.00990	0.01400	0.01789	0.02991	0.01803	0.26691	0.53554	0.00898	0.01373	0.00753	0.00353	0.00512
55	0.00905	0.00734	0.00923	0.01042	0.08560	0.00663	0.00679	0.01145	0.01575	0.02086	0.31213	0.05000	0.38126	0.01354	0.00728	0.00204	0.00358	0.01163	0.02930	0.00611
56	0.01263	0.01194	0.02020	0.63618	0.16427	0.01426	0.01794	0.01678	0.01299	0.01699	0.01139	0.01670	0.00873	0.00622	0.00633	0.00207	0.00830	0.00564	0.00287	0.00757
57	0.02787	0.01175	0.01531	0.01174	0.01667	0.01074	0.00970	0.12487	0.01976	0.64566	0.02368	0.02072	0.01503	0.00782	0.00638	0.00195	0.00562	0.00629	0.00765	0.01080
58	0.02785	0.01178	0.01533	0.01175	0.01668	0.01078	0.00971	0.12724	0.01980	0.64323	0.02365	0.02070	0.01501	0.00782	0.00637	0.00195	0.00562	0.00629	0.00764	0.01080
59	0.08568	0.01357	0.01597	0.01233	0.01723	0.01364	0.01019	0.29155	0.02206	0.42110	0.02009	0.01833	0.01317	0.00762	0.00618	0.00194	0.00597	0.00591	0.00699	0.01050
60	0.00766	0.00637	0.00670	0.00676	0.00871	0.00540	0.00502	0.00937	0.01464	0.01789	0.12870	0.11252	0.61636	0.01604	0.00754	0.00216	0.00323	0.01354	0.00600	0.00540
61	0.00771	0.00560	0.00727	0.00861	0.00914	0.00517	0.00579	0.00886	0.01236	0.01628	0.03766	0.70734	0.10579	0.01952	0.00804	0.00254	0.00364	0.01761	0.00589	0.00517
62	0.01198	0.01128	0.01903	0.76180	0.04369	0.01409	0.01762	0.01621	0.01268	0.01621	0.01128	0.01691	0.00846	0.00634	0.00634	0.00211	0.00846	0.00564	0.00282	0.00705
63	0.01387	0.01366	0.02042	0.14169	0.14169	0.01783	0.01542	0.01612	0.01099	0.01633	0.00941	0.01468	0.00864	0.00942	0.01603	0.00252	0.51536	0.00558	0.00284	0.00748
64	0.00797	0.00573	0.00754	0.00890	0.00942	0.00537	0.00613	0.00921	0.01235	0.01633	0.03557	0.66150	0.06956	0.04470	0.00893	0.00271	0.00392	0.07315	0.00582	0.00517
65	0.01177	0.00794	0.01122	0.01061	0.01235	0.00892	0.00835	0.06525	0.01231	0.07634	0.01752	0.02393	0.01547	0.04135	0.63533	0.00890	0.01530	0.00668	0.00398	0.00647

[dist]
# distance from previous block
# <min> <max>
0	1

[block]
# block no. 1 follows, 35 sequences, length 52
# corresponding to MSA columns:
# 233-284
name=unknown_B
#
# <colnr> <probs for GDERKNQSTAVLIFYWHMCP>
#	G	D	E	R	K	N	Q	S	T	A	V	L	I	F	Y	W	H	M	C	P
0	0.01236	0.00892	0.00903	0.00871	0.01038	0.07375	0.00616	0.01366	0.01370	0.11412	0.07516	0.19777	0.21047	0.20139	0.01339	0.00314	0.00506	0.01146	0.00548	0.00589
1	0.01525	0.01299	0.01875	0.40813	0.05665	0.03761	0.01532	0.05995	0.04144	0.08375	0.01265	0.01662	0.00969	0.00767	0.00952	0.00221	0.17462	0.00570	0.00364	0.00782
2	0.01339	0.01162	0.01430	0.01208	0.08054	0.00906	0.00860	0.01629	0.01327	0.02068	0.01134	0.01339	0.00946	0.00478	0.00484	0.00103	0.00496	0.00393	0.00370	0.74277
3	0.08285	0.45120	0.09187	0.01256	0.01786	0.13030	0.01203	0.10142	0.01550	0.01949	0.00995	0.01126	0.00834	0.00594	0.00475	0.00157	0.00758	0.00389	0.00331	0.00834
4	0.01355	0.01142	0.08501	0.01165	0.07047	0.00965	0.00913	0.09232	0.05530	0.05427	0.10511	0.02883	0.11906	0.00905	0.00591	0.00182	0.00467	0.00750	0.29779	0.00749
5	0.82186	0.01227	0.00932	0.00834	0.01227	0.01423	0.00687	0.01865	0.01080	0.02846	0.00883	0.01031	0.00687	0.00589	0.00393	0.00196	0.00491	0.00344	0.00393	0.00687
6	0.00879	0.00648	0.00822	0.00778	0.00936	0.00591	0.00584	0.01161	0.01752	0.02439	0.64954	0.04911	0.14511	0.01336	0.00748	0.00201	0.00302	0.01171	0.00685	0.00591
7	0.66947	0.09501	0.01176	0.00865	0.01246	0.01468	0.00722	0.01790	0.01113	0.02601	0.01092	0.07134	0.00982	0.00696	0.00428	0.00195	0.00501	0.00460	0.00395	0.00687
8	0.09697	0.01153	0.04098	0.23690	0.02365	0.01197	0.01208	0.02085	0.01380	0.26907	0.01649	0.01931	0.01211	0.04251	0.08148	0.00305	0.06843	0.00590	0.00476	0.00814
9	0.00828	0.00575	0.00720	0.00812	0.00835	0.00552	0.00513	0.00898	0.01106	0.01475	0.02941	0.50139	0.03494	0.30097	0.01708	0.00390	0.00460	0.01476	0.00513	0.00467
10	0.01546	0.01235	0.01884	0.55671	0.05852	0.01455	0.01607	0.12552	0.01588	0.08581	0.01315	0.01704	0.00952	0.00665	0.00634	0.00206	0.00792	0.00572	0.00383	0.00805
11	0.01459	0.01408	0.02308	0.17299	0.44650	0.01584	0.01789	0.01792	0.01307	0.01866	0.01102	0.01554	0.00937	0.00698	0.00947	0.00212	0.17347	0.00563	0.00300	0.00879
12	0.01091	0.00774	0.01056	0.00955	0.01077	0.00791	0.03506	0.01275	0.01392	0.06490	0.31531	0.09753	0.03733	0.24532	0.01632	0.00339	0.07929	0.01025	0.00543	0.00577
13	0.00912	0.00656	0.00898	0.00898	0.00969	0.00727	0.00642	0.01055	0.00984	0.01383	0.01810	0.03107	0.01853	0.31788	0.48526	0.00870	0.01297	0.00770	0.00356	0.00499
14	0.28369	0.01528	0.01545	0.01223	0.01691	0.01686	0.01010	0.42017	0.02246	0.10745	0.01415	0.01428	0.01001	0.00708	0.00556	0.00193	0.00615	0.00504	0.00571	0.00952
15	0.15365	0.01178	0.01341	0.12626	0.01826	0.01345	0.00989	0.22602	0.01729	0.02701	0.01473	0.01755	0.01146	0.01120	0.08054	0.00271	0.03632	0.00546	0.19528	0.00773
16	0.01556	0.01440	0.02351	0.21166	0.50450	0.01525	0.01835	0.08187	0.01541	0.02138	0.01207	0.01595	0.00973	0.00600	0.00630	0.00194	0.00771	0.00565	0.00335	0.00939
17	0.01570	0.01619	0.03083	0.02870	0.25002	0.01589	0.40121	0.05350	0.08072	0.02193	0.01386	0.01719	0.01070	0.00585	0.00696	0.00205	0.00902	0.00681	0.00363	0.00926
18	0.12575	0.01465	0.01751	0.53054	0.03524	0.14003	0.01522	0.01810	0.01333	0.01778	0.01069	0.01507	0.00819	0.00631	0.00590	0.00201	0.00848	0.00507	0.00305	0.00708
19	0.01557	0.01678	0.01968	0.46640	0.13312	0.20778	0.01647	0.01905	0.01432	0.01665	0.01098	0.01531	0.00860	0.00630	0.00617	0.00196	0.00911	0.00523	0.00298	0.00754
20	0.71060	0.01266	0.01159	0.01257	0.11236	0.01435	0.00861	0.01876	0.01130	0.02739	0.00926	0.01105	0.00731	0.00586	0.00425	0.00195	0.00527	0.00374	0.00382	0.00731
21	0.01484	0.01106	0.01122	0.00999	0.01259	0.06918	0.00773	0.09520	0.15237	0.06542	0.25411	0.02943	0.02986	0.00943	0.00623	0.00186	0.00461	0.00783	0.19940	0.00763
22	0.02234	0.01189	0.01747	0.07249	0.07705	0.01128	0.07446	0.08797	0.01778	0.41944	0.02432	0.02332	0.07759	0.00803	0.00652	0.00198	0.00618	0.00692	0.02333	0.00966
23	0.01297	0.01128	0.01406	0.12534	0.01945	0.00933	0.00907	0.01601	0.01308	0.01998	0.01128	0.01373	0.00925	0.00495	0.00495	0.00112	0.00528	0.00405	0.00361	0.69121
24	0.13192	0.02507	0.07389	0.01434	0.01812	0.48294	0.01169	0.06105	0.01685	0.01976	0.01108	0.01276	0.00886	0.00654	0.00541	0.00171	0.00936	0.00430	0.07684	0.00751
25	0.01388	0.01388	0.01943	0.01666	0.01666	0.01943	0.01388	0.01527	0.00972	0.01527	0.00833	0.01388	0.00833	0.01110	0.02082	0.00278	0.76544	0.00555	0.00278	0.00694
26	0.01718	0.01440	0.01615	0.01389	0.01714	0.01700	0.01117	0.18698	0.41821	0.02744	0.02067	0.02175	0.01611	0.00912	0.00896	0.00223	0.13533	0.03096	0.00578	0.00953
27	0.01861	0.01223	0.01449	0.12043	0.01895	0.01323	0.01020	0.30886	0.02102	0.11019	0.07465	0.02083	0.01627	0.00783	0.00597	0.00184	0.00571	0.00629	0.20373	0.00866
28	0.01205	0.01046	0.01590	0.10065	0.25212	0.01043	0.01234	0.01561	0.04374	0.01985	0.10050	0.19018	0.02517	0.01076	0.00689	0.00208	0.00574	0.07137	0.00458	0.08956
29	0.02846	0.01080	0.01472	0.01129	0.01619	0.00932	0.00932	0.03092	0.01816	0.74187	0.02503	0.02159	0.01570	0.00785	0.00638	0.00196	0.00540	0.00638	0.00785	0.01080
30	0.04507	0.01762	0.01878	0.01443	0.01948	0.01953	0.01192	0.69800	0.02933	0.03968	0.01506	0.01510	0.01069	0.00757	0.00628	0.00191	0.00693	0.00565	0.00628	0.01069
31	0.62363	0.01203	0.01170	0.19277	0.01996	0.01420	0.00950	0.01805	0.01126	0.02546	0.00943	0.01192	0.00726	0.00600	0.00452	0.00200	0.00578	0.00397	0.00365	0.00691
32	0.13992	0.01464	0.02322	0.03422	0.62573	0.01494	0.01753	0.01934	0.01388	0.02192	0.01146	0.01487	0.00956	0.00569	0.00592	0.00190	0.00713	0.00531	0.00326	0.00956
33	0.00783	0.00640	0.00691	0.00686	0.00879	0.00548	0.00512	0.00971	0.01512	0.01889	0.20726	0.08784	0.56063	0.01556	0.00752	0.00213	0.00319	0.01317	0.00613	0.00548
34	0.00763	0.00623	0.00675	0.00705	0.00876	0.00535	0.00512	0.00920	0.01414	0.01738	0.09461	0.21850	0.54377	0.01674	0.00763	0.00223	0.00330	0.01432	0.00595	0.00535
35	0.01198	0.01128	0.01903	0.76180	0.04369	0.01409	0.01762	0.01621	0.01268	0.01621	0.01128	0.01691	0.00846	0.00634	0.00634	0.00211	0.00846	0.00564	0.00282	0.00705
36	0.01290	0.01003	0.01265	0.01158	0.01378	0.01159	0.00915	0.13326	0.14092	0.02106	0.01804	0.02279	0.01544	0.03301	0.47551	0.00718	0.03268	0.00665	0.00442	0.00733
37	0.00861	0.00630	0.00637	0.00636	0.00831	0.00551	0.00477	0.01060	0.01430	0.01903	0.07737	0.05141	0.53505	0.01383	0.00675	0.00197	0.00314	0.01149	0.20331	0.00551
38	0.00817	0.00595	0.00774	0.00866	0.00952	0.00552	0.00616	0.00986	0.01377	0.01844	0.18420	0.49999	0.10811	0.01789	0.00797	0.00244	0.00367	0.07042	0.00611	0.00540
39	0.01360	0.01479	0.03038	0.09103	0.06910	0.01416	0.50371	0.01816	0.01456	0.01944	0.01934	0.05351	0.09237	0.00727	0.00734	0.00214	0.00919	0.00832	0.00358	0.00800
40	0.01471	0.01898	0.12143	0.02571	0.03248	0.01589	0.63232	0.02029	0.01479	0.02029	0.01266	0.01667	0.00944	0.00543	0.00731	0.00212	0.01054	0.00715	0.00315	0.00865
41	0.00816	0.00570	0.00723	0.00828	0.00854	0.00544	0.00529	0.00895	0.01130	0.01506	0.03060	0.55994	0.03646	0.24035	0.01514	0.00362	0.00440	0.01547	0.00529	0.00477
42	0.01344	0.02799	0.53166	0.02135	0.06792	0.01507	0.19236	0.02011	0.01384	0.02018	0.01177	0.01443	0.00854	0.00584	0.00640	0.00203	0.00960	0.00543	0.00283	0.00921
43	0.05443	0.01680	0.07318	0.10033	0.02151	0.08838	0.02730	0.23892	0.03644	0.18213	0.05527	0.01803	0.01372	0.00762	0.00682	0.00197	0.03659	0.00589	0.00541	0.00926
44	0.01117	0.00917	0.00980	0.01033	0.01199	0.08200	0.00821	0.01337	0.01491	0.04410	0.10962	0.19936	0.15019	0.01582	0.00790	0.00246	0.00524	0.28261	0.00579	0.00597
45	0.70460	0.01443	0.07649	0.00957	0.01405	0.01458	0.00866	0.05717	0.01208	0.02834	0.00942	0.01086	0.00719	0.00600	0.00425	0.00196	0.00543	0.00367	0.00395	0.00731
46	0.00842	0.00595	0.00778	0.00854	0.00895	0.00598	0.00569	0.00943	0.01092	0.01478	0.02714	0.41600	0.03143	0.24472	0.15921	0.00509	0.00698	0.01330	0.00481	0.00487
47	0.00861	0.00625	0.00813	0.00813	0.00937	0.00576	0.00592	0.01109	0.01640	0.02285	0.53665	0.22588	0.08165	0.01478	0.00763	0.00214	0.00317	0.01316	0.00667	0.00576
48	0.01290	0.03156	0.68760	0.01877	0.02791	0.01484	0.07876	0.02011	0.01352	0.02011	0.01150	0.01369	0.00816	0.00597	0.00614	0.00202	0.00948	0.00491	0.00272	0.00931
49	0.01742	0.01566	0.06403	0.02018	0.09553	0.01460	0.26660	0.18384	0.01774	0.08918	0.01544	0.02049	0.01248	0.12509	0.01074	0.00265	0.00824	0.00689	0.00443	0.00876
50	0.01836	0.17666	0.01982	0.11659	0.02059	0.25808	0.01175	0.12845	0.01699	0.01931	0.01348	0.02007	0.01223	0.07720	0.00822	0.00220	0.00844	0.06017	0.00383	0.00757
51	0.08695	0.01136	0.01428	0.01401	0.12734	0.00974	0.00933	0.01668	0.01329	0.04895	0.01422	0.07853	0.01291	0.00666	0.00533	0.00141	0.00513	0.02248	0.00407	0.49734

[dist]
# distance from previous block
# <min> <max>
1	2

[block]
# block no. 2 follows, 35 sequences, length 22
# corresponding to MSA columns:
# 287-308
name=unknown_C
#
# <colnr> <probs for GDERKNQSTAVLIFYWHMCP>
#	G	D	E	R	K	N	Q	S	T	A	V	L	I	F	Y	W	H	M	C	P
0	0.26695	0.01577	0.01830	0.03828	0.21662	0.09802	0.05277	0.07748	0.01466	0.02377	0.01083	0.01331	0.00871	0.00614	0.00604	0.00185	0.03963	0.00472	0.00370	0.08245
1	0.66081	0.01262	0.01098	0.01075	0.05464	0.01450	0.00805	0.02084	0.11271	0.02774	0.01143	0.01252	0.00883	0.00626	0.00442	0.00199	0.00507	0.00409	0.00424	0.00750
2	0.01181	0.01095	0.01827	0.71429	0.04138	0.01359	0.01675	0.01577	0.01247	0.01596	0.01182	0.01846	0.00938	0.05485	0.00798	0.00237	0.00831	0.00586	0.00288	0.00685
3	0.01371	0.01123	0.01857	0.68293	0.04080	0.01359	0.01675	0.01775	0.01326	0.09247	0.01272	0.01741	0.00922	0.00650	0.00635	0.00210	0.00814	0.00572	0.00335	0.00744
4	0.00780	0.00558	0.00742	0.00879	0.00922	0.00520	0.00589	0.00901	0.01247	0.01672	0.07451	0.73188	0.04297	0.01948	0.00806	0.00254	0.00364	0.01766	0.00595	0.00520
5	0.01932	0.01539	0.01634	0.01363	0.01785	0.01744	0.01090	0.32405	0.42990	0.03226	0.02132	0.02008	0.01572	0.00819	0.00641	0.00205	0.00585	0.00655	0.00641	0.01036
6	0.01473	0.01252	0.01914	0.16708	0.23417	0.01259	0.05324	0.01992	0.09574	0.07172	0.05760	0.02024	0.03818	0.00687	0.00622	0.00183	0.00655	0.00624	0.00422	0.15121
7	0.01408	0.01535	0.06701	0.09216	0.28541	0.08040	0.11449	0.01778	0.01488	0.01991	0.10964	0.08898	0.01960	0.00829	0.00677	0.00203	0.00756	0.02353	0.00392	0.00820
8	0.82186	0.01227	0.00932	0.00834	0.01227	0.01423	0.00687	0.01865	0.01080	0.02846	0.00883	0.01031	0.00687	0.00589	0.00393	0.00196	0.00491	0.00344	0.00393	0.00687
9	0.01459	0.01583	0.10912	0.08707	0.02744	0.01335	0.39338	0.01944	0.01444	0.06139	0.01476	0.01821	0.01098	0.00606	0.00656	0.00198	0.00852	0.00663	0.16214	0.00812
10	0.01759	0.01980	0.02025	0.28612	0.20398	0.30977	0.01592	0.02066	0.01524	0.01704	0.01085	0.01442	0.00873	0.00625	0.00608	0.00187	0.00943	0.00502	0.00308	0.00791
11	0.01621	0.02092	0.33241	0.01411	0.02033	0.01326	0.01520	0.09576	0.13123	0.12985	0.02149	0.02139	0.07789	0.00787	0.00622	0.00200	0.00690	0.00631	0.05136	0.00928
12	0.00805	0.00605	0.00745	0.00795	0.00912	0.00546	0.00564	0.00985	0.01450	0.01923	0.25332	0.36781	0.22887	0.01680	0.00775	0.00229	0.00335	0.01484	0.00622	0.00546
13	0.01954	0.39953	0.02514	0.01327	0.01764	0.31515	0.01133	0.02308	0.08988	0.01639	0.01100	0.01210	0.00933	0.00621	0.00498	0.00155	0.00846	0.00407	0.00333	0.00803
14	0.01796	0.01727	0.08465	0.01516	0.01964	0.12231	0.12557	0.15939	0.06400	0.10103	0.18187	0.02346	0.02238	0.00827	0.00668	0.00195	0.00725	0.00716	0.00536	0.00863
15	0.00844	0.00633	0.00697	0.00689	0.00806	0.00578	0.00462	0.00963	0.01295	0.01659	0.15909	0.05093	0.33631	0.32040	0.01743	0.00372	0.00435	0.01140	0.00525	0.00486
16	0.02846	0.01080	0.01472	0.01129	0.01619	0.00932	0.00932	0.03092	0.01816	0.74187	0.02503	0.02159	0.01570	0.00785	0.00638	0.00196	0.00540	0.00638	0.00785	0.01080
17	0.01254	0.01178	0.01953	0.65317	0.11542	0.01427	0.01748	0.01731	0.04398	0.01713	0.01198	0.01708	0.00910	0.00637	0.00634	0.00209	0.00821	0.00571	0.00301	0.00749
18	0.01412	0.01488	0.02842	0.02143	0.02576	0.01560	0.42829	0.01971	0.08818	0.01938	0.01392	0.01821	0.01120	0.01199	0.10296	0.00326	0.14408	0.00703	0.00350	0.00806
19	0.01016	0.00666	0.00698	0.00743	0.00865	0.03037	0.00531	0.01226	0.01333	0.02003	0.05429	0.29647	0.10883	0.01301	0.00624	0.00197	0.00353	0.01123	0.37763	0.00563
20	0.03501	0.01499	0.01493	0.04736	0.08752	0.16743	0.01060	0.02364	0.19592	0.11358	0.16942	0.02433	0.02317	0.00899	0.00704	0.02899	0.00640	0.00698	0.00541	0.00827
21	0.01829	0.01488	0.02204	0.12642	0.27811	0.05672	0.08854	0.11811	0.01721	0.13156	0.03439	0.03779	0.01284	0.00695	0.00649	0.00196	0.00759	0.00636	0.00445	0.00930

[dist]
# distance from previous block
# <min> <max>
0	23

# created by:
# /home/berkeley/.conda/envs/busco_data_prod/bin/msa2prfl.pl pipeline/OGs_align_augustus/5794/40473.fs
