[name]
unknown

[dist]
# distance from previous block
# <min> <max>
0	30

[block]
# block no. 0 follows, 24 sequences, length 81
# corresponding to MSA columns:
# 33-113
name=unknown_A
#
# <colnr> <probs for GDERKNQSTAVLIFYWHMCP>
#	G	D	E	R	K	N	Q	S	T	A	V	L	I	F	Y	W	H	M	C	P
0	0.01922	0.01346	0.01886	0.01940	0.08901	0.01366	0.04711	0.06691	0.11718	0.12095	0.06423	0.05421	0.03267	0.01499	0.00939	0.00300	0.00753	0.27072	0.00736	0.01014
1	0.06931	0.14264	0.02874	0.02478	0.15196	0.20921	0.05991	0.09835	0.04403	0.02597	0.01415	0.01683	0.01161	0.00824	0.00848	0.00228	0.06220	0.00611	0.00453	0.01067
2	0.02397	0.16916	0.02563	0.01762	0.02227	0.26958	0.03702	0.12425	0.04637	0.02633	0.08484	0.02416	0.01992	0.00989	0.00810	0.00225	0.03633	0.03702	0.00533	0.00996
3	0.01691	0.01386	0.01422	0.05899	0.01788	0.11394	0.01033	0.04609	0.02082	0.08495	0.27919	0.21232	0.04729	0.01575	0.00893	0.00261	0.00653	0.01364	0.00738	0.00837
4	0.01481	0.01236	0.01470	0.01158	0.01704	0.00958	0.00891	0.01782	0.01614	0.02449	0.02121	0.18468	0.02153	0.01043	0.00689	0.00167	0.00557	0.00899	0.00534	0.58625
5	0.01377	0.00689	0.01033	0.01033	0.01033	0.00689	0.00689	0.01033	0.01033	0.01377	0.01377	0.02410	0.01377	0.02755	0.03099	0.76928	0.00689	0.00689	0.00344	0.00344
6	0.01113	0.00810	0.01046	0.00987	0.01179	0.00744	0.00741	0.01478	0.02222	0.03125	0.63669	0.06014	0.10614	0.01642	0.00935	0.00250	0.00376	0.01447	0.00866	0.00744
7	0.01590	0.04102	0.68023	0.02260	0.03432	0.01842	0.02930	0.02511	0.01674	0.02511	0.01423	0.01674	0.01005	0.00753	0.00753	0.00251	0.01172	0.00586	0.00335	0.01172
8	0.01963	0.01884	0.03219	0.04867	0.67185	0.01884	0.02434	0.02434	0.01806	0.02591	0.01492	0.01963	0.01256	0.00707	0.00785	0.00236	0.00942	0.00707	0.00393	0.01256
9	0.01133	0.00850	0.01274	0.01274	0.01416	0.00991	0.00991	0.01416	0.01274	0.01841	0.02124	0.03115	0.01982	0.05947	0.68989	0.01274	0.02124	0.00850	0.00425	0.00708
10	0.01498	0.01409	0.02378	0.70226	0.05462	0.01762	0.02202	0.02026	0.01586	0.02026	0.01409	0.02114	0.01057	0.00793	0.00793	0.00264	0.01057	0.00705	0.00352	0.00881
11	0.01644	0.01409	0.01644	0.01175	0.01879	0.01057	0.00940	0.01997	0.01644	0.02584	0.01409	0.01644	0.01175	0.00587	0.00587	0.00117	0.00587	0.00470	0.00470	0.76979
12	0.05639	0.01668	0.02721	0.23936	0.38561	0.01766	0.02153	0.02459	0.01767	0.09401	0.01623	0.02054	0.01252	0.00763	0.00775	0.00246	0.00932	0.00702	0.00448	0.01134
13	0.02025	0.02001	0.02890	0.13247	0.35734	0.08118	0.05416	0.06227	0.05049	0.02563	0.01529	0.01969	0.01246	0.00825	0.00963	0.00251	0.07678	0.00709	0.00429	0.01130
14	0.01016	0.00762	0.00943	0.00991	0.01143	0.00689	0.00708	0.01257	0.01856	0.02478	0.28209	0.31729	0.21223	0.02050	0.00965	0.00282	0.00414	0.01810	0.00786	0.00689
15	0.02226	0.20794	0.14309	0.01562	0.02201	0.01974	0.01516	0.14908	0.02153	0.13596	0.02431	0.12102	0.04720	0.01115	0.00749	0.00237	0.00807	0.00891	0.00611	0.01098
16	0.02039	0.62102	0.13951	0.01495	0.02250	0.02939	0.01598	0.02395	0.01621	0.01965	0.01152	0.01334	0.01016	0.00690	0.00546	0.00182	0.00898	0.00449	0.00339	0.01041
17	0.01057	0.00825	0.00969	0.00983	0.01210	0.00738	0.00770	0.01342	0.01948	0.02510	0.25800	0.07331	0.36978	0.01919	0.00965	0.00280	0.00452	0.12439	0.00778	0.00705
18	0.02089	0.01370	0.01595	0.01324	0.01735	0.01393	0.01058	0.23305	0.02637	0.12788	0.23212	0.04200	0.13300	0.01589	0.04474	0.00302	0.00684	0.01103	0.00817	0.01025
19	0.01594	0.01513	0.02176	0.01853	0.01906	0.01972	0.05606	0.01756	0.01243	0.01855	0.01455	0.02653	0.01527	0.19582	0.02860	0.00450	0.48004	0.00829	0.00385	0.00781
20	0.01857	0.02095	0.04435	0.03206	0.03921	0.02051	0.57525	0.02472	0.01800	0.02472	0.01543	0.02095	0.01186	0.00746	0.01116	0.00276	0.08851	0.00910	0.00395	0.01048
21	0.01680	0.01733	0.09048	0.01798	0.07891	0.01600	0.01398	0.03078	0.34874	0.03071	0.17892	0.03647	0.06532	0.01180	0.00835	0.00259	0.00646	0.01008	0.00729	0.01099
22	0.02125	0.10504	0.28257	0.02256	0.03028	0.23144	0.11570	0.02680	0.01857	0.02243	0.01338	0.01630	0.01043	0.00782	0.00830	0.00235	0.04456	0.00604	0.00369	0.01047
23	0.02533	0.01234	0.01608	0.01257	0.01789	0.01040	0.01013	0.02866	0.02120	0.37243	0.18035	0.03232	0.03109	0.01045	0.00782	0.00217	0.00582	0.00875	0.00838	0.18582
24	0.01365	0.01128	0.01619	0.01994	0.17562	0.01095	0.01208	0.01843	0.05415	0.02884	0.37366	0.05149	0.11713	0.01441	0.00901	0.00256	0.00552	0.04890	0.00728	0.00891
25	0.02600	0.02055	0.02526	0.07218	0.20517	0.05627	0.01769	0.31422	0.06593	0.08901	0.01899	0.02037	0.01400	0.00876	0.00788	0.00240	0.00903	0.00718	0.00648	0.01263
26	0.01392	0.00987	0.01265	0.01351	0.01587	0.00983	0.01131	0.01914	0.08628	0.05657	0.04634	0.12000	0.13686	0.02004	0.01020	0.00331	0.00649	0.39225	0.00752	0.00802
27	0.01047	0.00748	0.01012	0.01196	0.01277	0.00713	0.00876	0.01243	0.01597	0.02114	0.04326	0.55454	0.05069	0.02409	0.01034	0.00333	0.00530	0.17621	0.00735	0.00666
28	0.02059	0.02350	0.12667	0.19342	0.22922	0.08157	0.05072	0.12848	0.02100	0.02785	0.01511	0.01904	0.01162	0.00784	0.00784	0.00244	0.01056	0.00682	0.00443	0.01129
29	0.01745	0.02348	0.16403	0.19273	0.03724	0.05564	0.17554	0.02284	0.01618	0.02219	0.01359	0.01900	0.01077	0.00903	0.01264	0.00280	0.18414	0.00725	0.00362	0.00986
30	0.01020	0.00807	0.00918	0.00890	0.01122	0.00705	0.00667	0.01298	0.02002	0.02604	0.34189	0.06871	0.40419	0.01836	0.00936	0.00260	0.00389	0.01567	0.00797	0.00705
31	0.01004	0.00758	0.00928	0.00987	0.01138	0.00682	0.00702	0.01229	0.01815	0.02398	0.23787	0.34040	0.23461	0.02095	0.00968	0.00285	0.00418	0.01847	0.00776	0.00682
32	0.01650	0.02929	0.36780	0.13276	0.19304	0.01795	0.04891	0.02359	0.01706	0.02441	0.01733	0.02090	0.03955	0.00800	0.00782	0.00251	0.01071	0.00694	0.00372	0.01122
33	0.02182	0.01924	0.01877	0.01646	0.02096	0.08084	0.01279	0.13404	0.46832	0.03361	0.02799	0.02772	0.02150	0.04799	0.00968	0.00285	0.00747	0.00846	0.00751	0.01198
34	0.38652	0.01371	0.01521	0.01808	0.14827	0.01497	0.01109	0.02003	0.01408	0.02781	0.01683	0.05796	0.01625	0.15240	0.05403	0.00413	0.00795	0.00745	0.00477	0.00846
35	0.02911	0.07925	0.02362	0.02002	0.02426	0.64984	0.01522	0.03119	0.02209	0.01936	0.01218	0.01421	0.01021	0.00809	0.00703	0.00202	0.01395	0.00506	0.00404	0.00925
36	0.01278	0.00913	0.01278	0.01460	0.01643	0.00913	0.01278	0.01643	0.01825	0.02373	0.04199	0.08945	0.04564	0.02191	0.01095	0.00365	0.00730	0.61847	0.00730	0.00730
37	0.01644	0.01409	0.01644	0.01175	0.01879	0.01057	0.00940	0.01997	0.01644	0.02584	0.01409	0.01644	0.01175	0.00587	0.00587	0.00117	0.00587	0.00470	0.00470	0.76979
38	0.01735	0.01735	0.02429	0.02082	0.02082	0.02429	0.01735	0.01908	0.01214	0.01908	0.01041	0.01735	0.01041	0.01388	0.02602	0.00347	0.70680	0.00694	0.00347	0.00867
39	0.01047	0.00748	0.01012	0.01196	0.01277	0.00713	0.00876	0.01243	0.01597	0.02114	0.04326	0.55454	0.05069	0.02409	0.01034	0.00333	0.00530	0.17621	0.00735	0.00666
40	0.00951	0.00748	0.00860	0.00950	0.01110	0.00657	0.00668	0.01122	0.01666	0.02085	0.06247	0.38832	0.36815	0.02240	0.00974	0.00294	0.00430	0.01957	0.00736	0.00657
41	0.01153	0.00769	0.00865	0.00865	0.00865	0.00769	0.00480	0.01153	0.01153	0.01538	0.02499	0.05189	0.02883	0.72131	0.04036	0.00769	0.00769	0.01153	0.00480	0.00480
42	0.01477	0.01348	0.01904	0.01707	0.01758	0.01795	0.01380	0.01679	0.01232	0.01859	0.01532	0.02468	0.01507	0.07788	0.26833	0.00712	0.41070	0.00781	0.00384	0.00784
43	0.77733	0.01534	0.01166	0.01043	0.01534	0.01779	0.00859	0.02331	0.01350	0.03558	0.01104	0.01288	0.00859	0.00736	0.00491	0.00245	0.00613	0.00429	0.00491	0.00859
44	0.01644	0.01409	0.01644	0.01175	0.01879	0.01057	0.00940	0.01997	0.01644	0.02584	0.01409	0.01644	0.01175	0.00587	0.00587	0.00117	0.00587	0.00470	0.00470	0.76979
45	0.01644	0.01409	0.01644	0.01175	0.01879	0.01057	0.00940	0.01997	0.01644	0.02584	0.01409	0.01644	0.01175	0.00587	0.00587	0.00117	0.00587	0.00470	0.00470	0.76979
46	0.77733	0.01534	0.01166	0.01043	0.01534	0.01779	0.00859	0.02331	0.01350	0.03558	0.01104	0.01288	0.00859	0.00736	0.00491	0.00245	0.00613	0.00429	0.00491	0.00859
47	0.02042	0.01738	0.01832	0.01628	0.02089	0.02005	0.01272	0.08258	0.61594	0.03430	0.03139	0.02888	0.02349	0.01068	0.00806	0.00267	0.00644	0.00884	0.00806	0.01261
48	0.77733	0.01534	0.01166	0.01043	0.01534	0.01779	0.00859	0.02331	0.01350	0.03558	0.01104	0.01288	0.00859	0.00736	0.00491	0.00245	0.00613	0.00429	0.00491	0.00859
49	0.01963	0.01884	0.03219	0.04867	0.67185	0.01884	0.02434	0.02434	0.01806	0.02591	0.01492	0.01963	0.01256	0.00707	0.00785	0.00236	0.00942	0.00707	0.00393	0.01256
50	0.01972	0.01703	0.01793	0.01614	0.02062	0.01972	0.01255	0.04214	0.65752	0.03317	0.03228	0.02959	0.02421	0.01076	0.00807	0.00269	0.00628	0.00897	0.00807	0.01255
51	0.03014	0.02221	0.02380	0.01825	0.02459	0.02459	0.01507	0.64541	0.03728	0.04998	0.01904	0.01904	0.01349	0.00952	0.00793	0.00238	0.00873	0.00714	0.00793	0.01349
52	0.03558	0.01350	0.01840	0.01411	0.02024	0.01166	0.01166	0.03865	0.02270	0.67734	0.03128	0.02699	0.01963	0.00981	0.00797	0.00245	0.00675	0.00797	0.00981	0.01350
53	0.02408	0.01107	0.01402	0.01158	0.01610	0.00952	0.00928	0.02683	0.02104	0.38618	0.10661	0.04740	0.25458	0.01404	0.00860	0.00254	0.00551	0.01166	0.00885	0.01054
54	0.01374	0.01329	0.01186	0.01281	0.01413	0.14640	0.00892	0.01528	0.01683	0.02013	0.03919	0.53859	0.07629	0.02118	0.00947	0.00295	0.00656	0.01866	0.00669	0.00702
55	0.03558	0.01350	0.01840	0.01411	0.02024	0.01166	0.01166	0.03865	0.02270	0.67734	0.03128	0.02699	0.01963	0.00981	0.00797	0.00245	0.00675	0.00797	0.00981	0.01350
56	0.01026	0.00741	0.00984	0.01156	0.01243	0.00699	0.00835	0.01213	0.01596	0.02100	0.04557	0.55375	0.08822	0.02398	0.01024	0.00327	0.00510	0.13997	0.00735	0.00663
57	0.02767	0.01309	0.01667	0.01333	0.01821	0.01226	0.01079	0.11898	0.02441	0.39321	0.18655	0.03395	0.03243	0.01132	0.00818	0.00242	0.00613	0.00940	0.04932	0.01168
58	0.01577	0.01508	0.02445	0.51882	0.08907	0.01907	0.02122	0.02029	0.01524	0.02040	0.01339	0.02026	0.01067	0.00909	0.01163	0.00279	0.15314	0.00703	0.00354	0.00903
59	0.01677	0.03498	0.48547	0.02593	0.03651	0.01892	0.21800	0.02520	0.01735	0.02520	0.01479	0.01817	0.01066	0.00727	0.00809	0.00256	0.01223	0.00694	0.00355	0.01140
60	0.00959	0.00719	0.00890	0.01027	0.01130	0.00651	0.00702	0.01113	0.01593	0.02055	0.05315	0.55115	0.21134	0.02362	0.00993	0.00308	0.00445	0.02105	0.00736	0.00651
61	0.01148	0.00790	0.00970	0.00970	0.01007	0.00826	0.00612	0.01221	0.01184	0.01616	0.02402	0.04654	0.02651	0.55065	0.20785	0.00899	0.01118	0.01075	0.00466	0.00539
62	0.77733	0.01534	0.01166	0.01043	0.01534	0.01779	0.00859	0.02331	0.01350	0.03558	0.01104	0.01288	0.00859	0.00736	0.00491	0.00245	0.00613	0.00429	0.00491	0.00859
63	0.01574	0.01454	0.01979	0.25627	0.10658	0.04920	0.01545	0.01962	0.01683	0.02300	0.04877	0.12627	0.02043	0.01020	0.00769	0.00224	0.00808	0.00896	0.00476	0.22559
64	0.01957	0.17871	0.42742	0.02027	0.02965	0.11782	0.02348	0.05284	0.01833	0.02407	0.01351	0.01568	0.01025	0.00756	0.00700	0.00227	0.01130	0.00548	0.00366	0.01112
65	0.25318	0.07839	0.29708	0.01781	0.02554	0.15659	0.01901	0.02581	0.01688	0.02673	0.01263	0.01479	0.00964	0.00756	0.00648	0.00234	0.01031	0.00512	0.00398	0.01014
66	0.01723	0.00964	0.01262	0.01212	0.01488	0.00909	0.00967	0.01982	0.01772	0.18309	0.04266	0.09039	0.16185	0.09168	0.11033	0.00483	0.00840	0.16833	0.00726	0.00839
67	0.02078	0.01911	0.02865	0.18023	0.40918	0.04446	0.02196	0.12793	0.02098	0.02851	0.01534	0.01965	0.01221	0.00770	0.00785	0.00241	0.00973	0.00700	0.00452	0.01180
68	0.02193	0.03805	0.35917	0.02125	0.02928	0.30076	0.02230	0.02901	0.06211	0.02325	0.01461	0.01658	0.01107	0.00802	0.00741	0.00233	0.01244	0.00575	0.00398	0.01071
69	0.01498	0.01409	0.02378	0.70226	0.05462	0.01762	0.02202	0.02026	0.01586	0.02026	0.01409	0.02114	0.01057	0.00793	0.00793	0.00264	0.01057	0.00705	0.00352	0.00881
70	0.01095	0.00827	0.01017	0.01021	0.01202	0.00773	0.00745	0.01477	0.05350	0.02710	0.37150	0.22320	0.17605	0.01877	0.00948	0.00272	0.00414	0.01653	0.00810	0.00735
71	0.00966	0.00690	0.00920	0.01104	0.01150	0.00644	0.00736	0.01104	0.01518	0.02024	0.04371	0.71614	0.05245	0.02484	0.01012	0.00322	0.00460	0.02254	0.00736	0.00644
72	0.01590	0.04102	0.68023	0.02260	0.03432	0.01842	0.02930	0.02511	0.01674	0.02511	0.01423	0.01674	0.01005	0.00753	0.00753	0.00251	0.01172	0.00586	0.00335	0.01172
73	0.00966	0.00690	0.00920	0.01104	0.01150	0.00644	0.00736	0.01104	0.01518	0.02024	0.04371	0.71614	0.05245	0.02484	0.01012	0.00322	0.00460	0.02254	0.00736	0.00644
74	0.02962	0.03779	0.02247	0.02043	0.02451	0.68948	0.01532	0.03166	0.02247	0.01941	0.01226	0.01430	0.01021	0.00817	0.00715	0.00204	0.01430	0.00511	0.00409	0.00919
75	0.03558	0.01350	0.01840	0.01411	0.02024	0.01166	0.01166	0.03865	0.02270	0.67734	0.03128	0.02699	0.01963	0.00981	0.00797	0.00245	0.00675	0.00797	0.00981	0.01350
76	0.03014	0.02221	0.02380	0.01825	0.02459	0.02459	0.01507	0.64541	0.03728	0.04998	0.01904	0.01904	0.01349	0.00952	0.00793	0.00238	0.00873	0.00714	0.00793	0.01349
77	0.02120	0.72609	0.04155	0.01357	0.02035	0.03138	0.01357	0.02374	0.01611	0.01866	0.01102	0.01272	0.01018	0.00678	0.00509	0.00170	0.00848	0.00424	0.00339	0.01018
78	0.01821	0.33879	0.40263	0.01868	0.02825	0.02405	0.02246	0.02452	0.01647	0.02231	0.01284	0.01499	0.01010	0.00721	0.00647	0.00216	0.01031	0.00516	0.00337	0.01105
79	0.01498	0.01409	0.02378	0.70226	0.05462	0.01762	0.02202	0.02026	0.01586	0.02026	0.01409	0.02114	0.01057	0.00793	0.00793	0.00264	0.01057	0.00705	0.00352	0.00881
80	0.77733	0.01534	0.01166	0.01043	0.01534	0.01779	0.00859	0.02331	0.01350	0.03558	0.01104	0.01288	0.00859	0.00736	0.00491	0.00245	0.00613	0.00429	0.00491	0.00859

[dist]
# distance from previous block
# <min> <max>
1	28

[block]
# block no. 1 follows, 24 sequences, length 108
# corresponding to MSA columns:
# 160-267
name=unknown_B
#
# <colnr> <probs for GDERKNQSTAVLIFYWHMCP>
#	G	D	E	R	K	N	Q	S	T	A	V	L	I	F	Y	W	H	M	C	P
0	0.02456	0.17320	0.02811	0.09086	0.12772	0.26896	0.01690	0.10885	0.04456	0.02487	0.01421	0.01666	0.01154	0.00796	0.00704	0.00215	0.01093	0.00583	0.00451	0.01057
1	0.01122	0.00811	0.01060	0.00998	0.01185	0.00748	0.00748	0.01496	0.02245	0.03180	0.66766	0.05923	0.07482	0.01621	0.00935	0.00249	0.00374	0.01434	0.00873	0.00748
2	0.01122	0.00811	0.01060	0.00998	0.01185	0.00748	0.00748	0.01496	0.02245	0.03180	0.66766	0.05923	0.07482	0.01621	0.00935	0.00249	0.00374	0.01434	0.00873	0.00748
3	0.01498	0.01409	0.02378	0.70226	0.05462	0.01762	0.02202	0.02026	0.01586	0.02026	0.01409	0.02114	0.01057	0.00793	0.00793	0.00264	0.01057	0.00705	0.00352	0.00881
4	0.01721	0.20980	0.52288	0.02038	0.03088	0.02161	0.02542	0.02478	0.01659	0.02352	0.01344	0.01575	0.01008	0.00735	0.00693	0.00231	0.01092	0.00546	0.00336	0.01134
5	0.01798	0.01716	0.02921	0.28043	0.45298	0.01841	0.02352	0.02289	0.01728	0.02390	0.01462	0.02016	0.01186	0.00737	0.00788	0.00246	0.00983	0.00706	0.00378	0.01123
6	0.00937	0.00803	0.00803	0.00803	0.01071	0.00669	0.00602	0.01138	0.01807	0.02142	0.08033	0.07632	0.66863	0.02008	0.00937	0.00268	0.00402	0.01674	0.00736	0.00669
7	0.01963	0.01884	0.03219	0.04867	0.67185	0.01884	0.02434	0.02434	0.01806	0.02591	0.01492	0.01963	0.01256	0.00707	0.00785	0.00236	0.00942	0.00707	0.00393	0.01256
8	0.02436	0.01785	0.02477	0.02194	0.08918	0.01864	0.11246	0.11987	0.27386	0.17045	0.02598	0.02531	0.01870	0.00938	0.00821	0.00256	0.00813	0.00838	0.00737	0.01259
9	0.01192	0.00807	0.01195	0.01195	0.01296	0.00907	0.00892	0.01311	0.01210	0.01714	0.01965	0.03056	0.01885	0.08656	0.49838	0.19325	0.01710	0.00827	0.00409	0.00609
10	0.02058	0.01684	0.01796	0.01603	0.02060	0.01929	0.01250	0.04195	0.62322	0.06798	0.03222	0.02945	0.02396	0.01071	0.00806	0.00268	0.00630	0.00891	0.00816	0.01260
11	0.01595	0.01509	0.02554	0.56579	0.18350	0.01787	0.02251	0.02111	0.01632	0.02144	0.01427	0.02083	0.01099	0.00775	0.00791	0.00258	0.01033	0.00705	0.00361	0.00959
12	0.01429	0.01337	0.01999	0.01659	0.02070	0.01319	0.16009	0.02255	0.18147	0.02522	0.04761	0.13960	0.26172	0.01515	0.00914	0.00275	0.00691	0.01379	0.00674	0.00911
13	0.02516	0.02738	0.01967	0.01728	0.02139	0.38514	0.01325	0.15777	0.02519	0.02786	0.11326	0.02770	0.08402	0.01076	0.00784	0.00224	0.01062	0.00798	0.00588	0.00962
14	0.01040	0.00848	0.00925	0.00898	0.01151	0.00754	0.00676	0.01387	0.04948	0.02500	0.24921	0.06914	0.46524	0.01852	0.00931	0.00262	0.00404	0.01567	0.00779	0.00720
15	0.02731	0.01951	0.02630	0.01981	0.02622	0.02015	0.13200	0.36500	0.02910	0.14831	0.02042	0.02132	0.01449	0.01141	0.04288	0.00292	0.00977	0.00765	0.00717	0.04827
16	0.02203	0.02165	0.02614	0.03358	0.36097	0.14955	0.01906	0.08448	0.05268	0.02730	0.01647	0.01984	0.01339	0.00821	0.00835	0.00232	0.04134	0.00681	0.07448	0.01134
17	0.22097	0.03205	0.01970	0.01787	0.02217	0.51758	0.01360	0.02953	0.02017	0.02355	0.01195	0.01394	0.00980	0.00796	0.00658	0.00215	0.01221	0.00490	0.00430	0.00904
18	0.01847	0.01766	0.03010	0.21139	0.51818	0.01854	0.02376	0.02332	0.01751	0.02450	0.01471	0.02000	0.01207	0.00728	0.00787	0.00243	0.00971	0.00706	0.00383	0.01163
19	0.01296	0.00984	0.01076	0.00998	0.01300	0.00919	0.00765	0.04829	0.07894	0.05599	0.19565	0.06324	0.42031	0.01740	0.00911	0.00261	0.00453	0.01463	0.00786	0.00805
20	0.02732	0.03395	0.02281	0.02050	0.02382	0.56445	0.01570	0.02930	0.02053	0.01935	0.01191	0.01487	0.01025	0.00924	0.01070	0.00231	0.14446	0.00545	0.00397	0.00910
21	0.01936	0.02210	0.14274	0.01551	0.02302	0.06213	0.01450	0.11170	0.04768	0.02900	0.01548	0.01729	0.01211	0.00708	0.00666	0.00172	0.00799	0.00548	0.00501	0.43343
22	0.01477	0.03125	0.46574	0.01985	0.02866	0.01584	0.04993	0.02281	0.04939	0.02453	0.02509	0.12244	0.07329	0.01120	0.00817	0.00264	0.00984	0.00948	0.00453	0.01053
23	0.01972	0.01703	0.01793	0.01614	0.02062	0.01972	0.01255	0.04214	0.65752	0.03317	0.03228	0.02959	0.02421	0.01076	0.00807	0.00269	0.00628	0.00897	0.00807	0.01255
24	0.50290	0.02358	0.01563	0.01410	0.01870	0.26432	0.01106	0.02638	0.01679	0.02964	0.01149	0.01340	0.00918	0.00766	0.00573	0.00230	0.00913	0.00459	0.00461	0.00881
25	0.01722	0.02271	0.16444	0.39705	0.14019	0.07970	0.02330	0.02295	0.01698	0.02206	0.01408	0.01935	0.01073	0.00774	0.00776	0.00252	0.01098	0.00662	0.00360	0.01003
26	0.01547	0.02047	0.18846	0.01848	0.05644	0.01392	0.07591	0.02269	0.08359	0.02753	0.17348	0.06044	0.02954	0.01026	0.00798	0.00228	0.00774	0.00911	0.00567	0.17052
27	0.01136	0.00818	0.01110	0.01284	0.01416	0.00793	0.01026	0.01401	0.01702	0.02222	0.04463	0.33976	0.08013	0.02299	0.01054	0.00343	0.00605	0.34913	0.00733	0.00693
28	0.01644	0.01409	0.01644	0.01175	0.01879	0.01057	0.00940	0.01997	0.01644	0.02584	0.01409	0.01644	0.01175	0.00587	0.00587	0.00117	0.00587	0.00470	0.00470	0.76979
29	0.02220	0.02056	0.01853	0.01500	0.02042	0.17499	0.01166	0.12979	0.04686	0.05228	0.01779	0.05164	0.01522	0.04446	0.00864	0.00212	0.00845	0.00668	0.00556	0.32716
30	0.01321	0.00720	0.01056	0.01056	0.01078	0.00742	0.00718	0.01102	0.01080	0.01462	0.01587	0.02753	0.01597	0.09082	0.13357	0.58837	0.00917	0.00753	0.00368	0.00412
31	0.01963	0.01884	0.03219	0.04867	0.67185	0.01884	0.02434	0.02434	0.01806	0.02591	0.01492	0.01963	0.01256	0.00707	0.00785	0.00236	0.00942	0.00707	0.00393	0.01256
32	0.01026	0.00799	0.00939	0.00979	0.01180	0.00712	0.00740	0.01275	0.01860	0.02388	0.20433	0.18418	0.35123	0.02023	0.00969	0.00285	0.00445	0.08949	0.00767	0.00690
33	0.01078	0.00809	0.00999	0.00951	0.01158	0.00729	0.00713	0.01411	0.02140	0.02932	0.52754	0.06331	0.21649	0.01714	0.00936	0.00254	0.00381	0.01491	0.00840	0.00729
34	0.01001	0.00810	0.00892	0.00884	0.01127	0.00701	0.00672	0.01254	0.01921	0.02421	0.23007	0.07253	0.48606	0.01917	0.00944	0.00268	0.00410	0.04447	0.00771	0.00693
35	0.00966	0.00690	0.00920	0.01104	0.01150	0.00644	0.00736	0.01104	0.01518	0.02024	0.04371	0.71614	0.05245	0.02484	0.01012	0.00322	0.00460	0.02254	0.00736	0.00644
36	0.02120	0.72609	0.04155	0.01357	0.02035	0.03138	0.01357	0.02374	0.01611	0.01866	0.01102	0.01272	0.01018	0.00678	0.00509	0.00170	0.00848	0.00424	0.00339	0.01018
37	0.01590	0.04102	0.68023	0.02260	0.03432	0.01842	0.02930	0.02511	0.01674	0.02511	0.01423	0.01674	0.01005	0.00753	0.00753	0.00251	0.01172	0.00586	0.00335	0.01172
38	0.03558	0.01350	0.01840	0.01411	0.02024	0.01166	0.01166	0.03865	0.02270	0.67734	0.03128	0.02699	0.01963	0.00981	0.00797	0.00245	0.00675	0.00797	0.00981	0.01350
39	0.01994	0.56240	0.19416	0.01573	0.02369	0.02828	0.01733	0.02407	0.01626	0.02020	0.01179	0.01368	0.01015	0.00696	0.00567	0.00189	0.00925	0.00463	0.00338	0.01055
40	0.01278	0.00913	0.01278	0.01460	0.01643	0.00913	0.01278	0.01643	0.01825	0.02373	0.04199	0.08945	0.04564	0.02191	0.01095	0.00365	0.00730	0.61847	0.00730	0.00730
41	0.01197	0.00887	0.01165	0.01304	0.01507	0.00855	0.01117	0.01522	0.01821	0.02318	0.05113	0.08632	0.19427	0.02147	0.01058	0.00342	0.00652	0.47491	0.00732	0.00716
42	0.01972	0.01703	0.01793	0.01614	0.02062	0.01972	0.01255	0.04214	0.65752	0.03317	0.03228	0.02959	0.02421	0.01076	0.00807	0.00269	0.00628	0.00897	0.00807	0.01255
43	0.02378	0.02245	0.16550	0.02019	0.02809	0.01667	0.14739	0.12425	0.02181	0.19427	0.01965	0.02061	0.01371	0.00796	0.00781	0.00228	0.00935	0.00713	0.00607	0.14103
44	0.02120	0.72609	0.04155	0.01357	0.02035	0.03138	0.01357	0.02374	0.01611	0.01866	0.01102	0.01272	0.01018	0.00678	0.00509	0.00170	0.00848	0.00424	0.00339	0.01018
45	0.03558	0.01350	0.01840	0.01411	0.02024	0.01166	0.01166	0.03865	0.02270	0.67734	0.03128	0.02699	0.01963	0.00981	0.00797	0.00245	0.00675	0.00797	0.00981	0.01350
46	0.01872	0.02139	0.04679	0.03342	0.04144	0.02005	0.64305	0.02540	0.01872	0.02540	0.01604	0.02139	0.01203	0.00668	0.00936	0.00267	0.01337	0.00936	0.00401	0.01070
47	0.03199	0.01925	0.02197	0.01684	0.02311	0.02020	0.01391	0.43928	0.03233	0.26311	0.02320	0.02174	0.01557	0.00962	0.00795	0.00240	0.00805	0.00742	0.00857	0.01349
48	0.03558	0.01350	0.01840	0.01411	0.02024	0.01166	0.01166	0.03865	0.02270	0.67734	0.03128	0.02699	0.01963	0.00981	0.00797	0.00245	0.00675	0.00797	0.00981	0.01350
49	0.00966	0.00690	0.00920	0.01104	0.01150	0.00644	0.00736	0.01104	0.01518	0.02024	0.04371	0.71614	0.05245	0.02484	0.01012	0.00322	0.00460	0.02254	0.00736	0.00644
50	0.01498	0.01409	0.02378	0.70226	0.05462	0.01762	0.02202	0.02026	0.01586	0.02026	0.01409	0.02114	0.01057	0.00793	0.00793	0.00264	0.01057	0.00705	0.00352	0.00881
51	0.01498	0.01409	0.02378	0.70226	0.05462	0.01762	0.02202	0.02026	0.01586	0.02026	0.01409	0.02114	0.01057	0.00793	0.00793	0.00264	0.01057	0.00705	0.00352	0.00881
52	0.01115	0.00834	0.00909	0.00874	0.01145	0.00712	0.00661	0.01355	0.01918	0.05889	0.19234	0.07032	0.51764	0.01877	0.00929	0.00263	0.00411	0.01579	0.00776	0.00722
53	0.01024	0.00831	0.00925	0.00971	0.01217	0.00732	0.00775	0.01267	0.01812	0.02201	0.07052	0.07968	0.50920	0.02055	0.00978	0.00293	0.00486	0.17073	0.00735	0.00685
54	0.01590	0.04102	0.68023	0.02260	0.03432	0.01842	0.02930	0.02511	0.01674	0.02511	0.01423	0.01674	0.01005	0.00753	0.00753	0.00251	0.01172	0.00586	0.00335	0.01172
55	0.02296	0.01866	0.01601	0.01423	0.01814	0.20865	0.01106	0.02661	0.05375	0.19083	0.12415	0.04148	0.16394	0.01305	0.00838	0.00246	0.00797	0.04081	0.00725	0.00960
56	0.01589	0.01150	0.01399	0.01267	0.01478	0.01266	0.00941	0.16410	0.01820	0.02492	0.02199	0.03531	0.02137	0.27256	0.30610	0.00855	0.01364	0.00920	0.00532	0.00784
57	0.03145	0.02011	0.02250	0.01725	0.02354	0.02148	0.01425	0.49936	0.03377	0.20098	0.02199	0.02095	0.01496	0.00959	0.00794	0.00240	0.00825	0.00734	0.00839	0.01349
58	0.08069	0.02230	0.02396	0.20032	0.18582	0.19088	0.01839	0.07447	0.08006	0.02608	0.01568	0.01902	0.01231	0.00813	0.00749	0.00239	0.01036	0.00653	0.00464	0.01050
59	0.01772	0.01844	0.01478	0.01368	0.01697	0.20490	0.01036	0.02437	0.15378	0.02550	0.17565	0.04519	0.21953	0.01391	0.00846	0.00246	0.00737	0.01128	0.00686	0.00880
60	0.02221	0.01827	0.01933	0.01664	0.02157	0.02089	0.01315	0.18606	0.50955	0.03718	0.02912	0.02707	0.02165	0.01046	0.00804	0.00262	0.00686	0.00853	0.00804	0.01277
61	0.01498	0.01409	0.02378	0.70226	0.05462	0.01762	0.02202	0.02026	0.01586	0.02026	0.01409	0.02114	0.01057	0.00793	0.00793	0.00264	0.01057	0.00705	0.00352	0.00881
62	0.01153	0.00769	0.00865	0.00865	0.00865	0.00769	0.00480	0.01153	0.01153	0.01538	0.02499	0.05189	0.02883	0.72131	0.04036	0.00769	0.00769	0.01153	0.00480	0.00480
63	0.00989	0.00805	0.00875	0.00857	0.01103	0.00691	0.00643	0.01238	0.01929	0.02430	0.24344	0.07157	0.50372	0.01901	0.00937	0.00263	0.00394	0.01607	0.00774	0.00691
64	0.00962	0.00750	0.00859	0.00942	0.01096	0.00663	0.00656	0.01124	0.01642	0.02056	0.06082	0.36363	0.35609	0.06012	0.01138	0.00319	0.00448	0.01907	0.00722	0.00648
65	0.00947	0.00804	0.00817	0.00814	0.01077	0.00674	0.00610	0.01157	0.01830	0.02197	0.11114	0.07542	0.63748	0.01988	0.00937	0.00267	0.00400	0.01661	0.00744	0.00674
66	0.01478	0.00739	0.00739	0.00739	0.00924	0.00739	0.00554	0.01848	0.01663	0.02956	0.02587	0.02956	0.02033	0.00924	0.00554	0.00185	0.00370	0.00739	0.76534	0.00739
67	0.02962	0.03779	0.02247	0.02043	0.02451	0.68948	0.01532	0.03166	0.02247	0.01941	0.01226	0.01430	0.01021	0.00817	0.00715	0.00204	0.01430	0.00511	0.00409	0.00919
68	0.01134	0.00845	0.01253	0.01253	0.01387	0.00980	0.00964	0.01402	0.01268	0.01825	0.02144	0.03224	0.02030	0.09419	0.65582	0.01248	0.02053	0.00866	0.00428	0.00696
69	0.01008	0.00779	0.00920	0.00943	0.01129	0.00691	0.00685	0.01254	0.01889	0.02473	0.27462	0.22442	0.31497	0.01989	0.00955	0.00274	0.00406	0.01731	0.00784	0.00691
70	0.02101	0.01862	0.02317	0.01953	0.02133	0.05682	0.01612	0.13821	0.01798	0.05940	0.01381	0.01876	0.01197	0.01502	0.05659	0.00364	0.46652	0.00702	0.00471	0.00977
71	0.01926	0.01847	0.03153	0.10006	0.62332	0.01875	0.02415	0.02402	0.01788	0.02546	0.01485	0.01975	0.01240	0.00713	0.00786	0.00238	0.00951	0.00706	0.00389	0.01227
72	0.00937	0.00803	0.00803	0.00803	0.01071	0.00669	0.00602	0.01138	0.01807	0.02142	0.08033	0.07632	0.66863	0.02008	0.00937	0.00268	0.00402	0.01674	0.00736	0.00669
73	0.01337	0.01084	0.01115	0.01012	0.01350	0.01030	0.00785	0.12183	0.04714	0.02681	0.06784	0.06457	0.52982	0.01789	0.00907	0.00263	0.00492	0.01477	0.00749	0.00810
74	0.20033	0.39283	0.18703	0.01498	0.02249	0.02504	0.01614	0.02397	0.01564	0.02424	0.01179	0.01372	0.00977	0.00710	0.00563	0.00207	0.00869	0.00464	0.00374	0.01017
75	0.01644	0.01409	0.01644	0.01175	0.01879	0.01057	0.00940	0.01997	0.01644	0.02584	0.01409	0.01644	0.01175	0.00587	0.00587	0.00117	0.00587	0.00470	0.00470	0.76979
76	0.00947	0.00765	0.00843	0.00906	0.01098	0.00661	0.00648	0.01127	0.01709	0.02102	0.06788	0.29391	0.45907	0.02170	0.00963	0.00286	0.00422	0.01871	0.00736	0.00661
77	0.01737	0.00939	0.01259	0.01157	0.01372	0.00953	0.00858	0.01947	0.01497	0.17556	0.02500	0.03622	0.02247	0.24093	0.29759	0.00820	0.01282	0.00921	0.04687	0.00796
78	0.03014	0.02221	0.02380	0.01825	0.02459	0.02459	0.01507	0.64541	0.03728	0.04998	0.01904	0.01904	0.01349	0.00952	0.00793	0.00238	0.00873	0.00714	0.00793	0.01349
79	0.01498	0.01409	0.02378	0.70226	0.05462	0.01762	0.02202	0.02026	0.01586	0.02026	0.01409	0.02114	0.01057	0.00793	0.00793	0.00264	0.01057	0.00705	0.00352	0.00881
80	0.01478	0.00739	0.00739	0.00739	0.00924	0.00739	0.00554	0.01848	0.01663	0.02956	0.02587	0.02956	0.02033	0.00924	0.00554	0.00185	0.00370	0.00739	0.76534	0.00739
81	0.03144	0.02013	0.02251	0.01726	0.02355	0.02150	0.01426	0.50043	0.03380	0.19988	0.02196	0.02094	0.01495	0.00959	0.00794	0.00240	0.00825	0.00734	0.00838	0.01349
82	0.01729	0.01244	0.01715	0.01953	0.17146	0.01126	0.01193	0.02101	0.01825	0.08205	0.12081	0.06530	0.02637	0.00983	0.00722	0.00202	0.00593	0.00857	0.16737	0.20421
83	0.01337	0.01107	0.01558	0.01397	0.01471	0.01308	0.04359	0.01477	0.01233	0.01751	0.01998	0.03700	0.02129	0.36099	0.17306	0.00741	0.18979	0.00959	0.00430	0.00660
84	0.01554	0.01487	0.02390	0.53968	0.04655	0.01921	0.02091	0.01998	0.01497	0.01998	0.01322	0.02024	0.01053	0.00935	0.01225	0.00284	0.17668	0.00702	0.00351	0.00878
85	0.01153	0.00769	0.00865	0.00865	0.00865	0.00769	0.00480	0.01153	0.01153	0.01538	0.02499	0.05189	0.02883	0.72131	0.04036	0.00769	0.00769	0.01153	0.00480	0.00480
86	0.01821	0.02581	0.20541	0.03429	0.19002	0.01935	0.33837	0.02507	0.01805	0.02545	0.01531	0.01978	0.01165	0.00699	0.00853	0.00256	0.01200	0.00792	0.00382	0.01140
87	0.17816	0.01436	0.01543	0.01147	0.01806	0.01210	0.00922	0.02068	0.01582	0.02791	0.01345	0.01569	0.01107	0.00619	0.00567	0.00145	0.00593	0.00461	0.00474	0.60801
88	0.00985	0.00805	0.00869	0.00853	0.01100	0.00690	0.00640	0.01230	0.01919	0.02408	0.23064	0.07194	0.51667	0.01909	0.00937	0.00263	0.00395	0.01612	0.00771	0.00690
89	0.02582	0.07421	0.07235	0.01563	0.02234	0.01825	0.01381	0.26322	0.02596	0.17175	0.04599	0.02113	0.01639	0.00871	0.00731	0.00210	0.00771	0.00677	0.00697	0.17359
90	0.01691	0.01358	0.02011	0.16151	0.09106	0.01403	0.06655	0.02353	0.11647	0.08438	0.06364	0.08661	0.11097	0.04799	0.01006	0.00284	0.00761	0.01061	0.00608	0.04546
91	0.02292	0.11469	0.20253	0.02311	0.08978	0.25295	0.05338	0.07515	0.02047	0.02443	0.01370	0.01612	0.01081	0.00766	0.00721	0.00218	0.01163	0.00577	0.00411	0.04139
92	0.02856	0.01488	0.01797	0.01417	0.01957	0.01444	0.01156	0.21021	0.02630	0.35561	0.08200	0.03388	0.11142	0.01162	0.00826	0.00247	0.00672	0.00941	0.00885	0.01211
93	0.01891	0.02085	0.04369	0.03666	0.17543	0.01980	0.51155	0.02517	0.01858	0.02551	0.01580	0.02102	0.01214	0.00677	0.00904	0.00261	0.01253	0.00887	0.00399	0.01109
94	0.01363	0.01671	0.13049	0.05639	0.18241	0.01242	0.01564	0.01799	0.01842	0.02475	0.14160	0.04644	0.26488	0.01345	0.00860	0.00254	0.00698	0.01158	0.00583	0.00925
95	0.02032	0.08433	0.37704	0.02337	0.11271	0.01886	0.02309	0.08845	0.01985	0.10316	0.04289	0.01994	0.01445	0.00823	0.00755	0.00241	0.00997	0.00661	0.00486	0.01192
96	0.01596	0.01510	0.02557	0.56335	0.18580	0.01788	0.02251	0.02113	0.01632	0.02146	0.01427	0.02082	0.01099	0.00774	0.00791	0.00258	0.01033	0.00705	0.00361	0.00961
97	0.00969	0.00708	0.00912	0.01065	0.01142	0.00651	0.00721	0.01124	0.01581	0.02085	0.07312	0.61542	0.12484	0.02394	0.01000	0.00313	0.00450	0.02154	0.00742	0.00651
98	0.01759	0.01931	0.07332	0.18735	0.14169	0.11152	0.04702	0.05376	0.01872	0.02391	0.05594	0.16923	0.02342	0.01185	0.00838	0.00260	0.00939	0.01048	0.00501	0.00950
99	0.01268	0.01027	0.01512	0.01412	0.01533	0.01209	0.03571	0.01497	0.01291	0.01845	0.02105	0.03542	0.02102	0.17839	0.39917	0.00947	0.12479	0.03762	0.00437	0.00704
100	0.00937	0.00803	0.00803	0.00803	0.01071	0.00669	0.00602	0.01138	0.01807	0.02142	0.08033	0.07632	0.66863	0.02008	0.00937	0.00268	0.00402	0.01674	0.00736	0.00669
101	0.01556	0.00814	0.00822	0.00794	0.01002	0.00826	0.00603	0.05020	0.01767	0.03060	0.02552	0.02903	0.01998	0.00925	0.00566	0.00187	0.00395	0.00738	0.72702	0.00770
102	0.02349	0.08200	0.14793	0.02590	0.14981	0.11955	0.07669	0.16904	0.05068	0.05523	0.01653	0.01852	0.01251	0.00808	0.00764	0.00234	0.01045	0.00668	0.00513	0.01180
103	0.02527	0.02194	0.03086	0.02416	0.05465	0.09416	0.23940	0.24368	0.02585	0.09255	0.01852	0.02065	0.01348	0.00827	0.00823	0.00243	0.01059	0.00779	0.04585	0.01166
104	0.01590	0.04102	0.68023	0.02260	0.03432	0.01842	0.02930	0.02511	0.01674	0.02511	0.01423	0.01674	0.01005	0.00753	0.00753	0.00251	0.01172	0.00586	0.00335	0.01172
105	0.33589	0.05592	0.05155	0.01923	0.08611	0.19695	0.03955	0.08209	0.01896	0.02997	0.01282	0.01500	0.01014	0.00770	0.00638	0.00231	0.00952	0.00532	0.00469	0.00989
106	0.00963	0.00770	0.00862	0.00911	0.01105	0.00669	0.00656	0.01161	0.01761	0.02202	0.12332	0.26649	0.42942	0.02115	0.00959	0.00282	0.00417	0.01826	0.00749	0.00669
107	0.02105	0.02288	0.10898	0.04729	0.07407	0.13318	0.01620	0.11734	0.12643	0.05314	0.07413	0.05777	0.05409	0.01097	0.00900	0.00252	0.04554	0.00868	0.00603	0.01070

[dist]
# distance from previous block
# <min> <max>
4	8

[block]
# block no. 2 follows, 24 sequences, length 18
# corresponding to MSA columns:
# 276-293
name=unknown_C
#
# <colnr> <probs for GDERKNQSTAVLIFYWHMCP>
#	G	D	E	R	K	N	Q	S	T	A	V	L	I	F	Y	W	H	M	C	P
0	0.01960	0.01397	0.01965	0.07156	0.19722	0.01430	0.01421	0.05675	0.08902	0.12667	0.02596	0.03533	0.04792	0.19008	0.01632	0.00385	0.00795	0.03359	0.00599	0.01006
1	0.00953	0.00740	0.00868	0.00971	0.01115	0.00655	0.00677	0.01119	0.01646	0.02077	0.05995	0.43240	0.32570	0.02273	0.00979	0.00298	0.00434	0.01997	0.00736	0.00655
2	0.01274	0.01023	0.01169	0.01150	0.01403	0.01032	0.00873	0.02035	0.18061	0.02692	0.20380	0.16178	0.21838	0.01765	0.00927	0.00279	0.00485	0.05811	0.00787	0.00837
3	0.01918	0.05416	0.16715	0.17523	0.09030	0.11009	0.04432	0.06977	0.07698	0.02615	0.07426	0.02278	0.01780	0.00881	0.00781	0.00244	0.01012	0.00733	0.00480	0.01051
4	0.01278	0.01023	0.01173	0.01153	0.01392	0.01040	0.00854	0.02067	0.19297	0.02717	0.21895	0.21891	0.17609	0.01767	0.00920	0.00277	0.00470	0.01541	0.00793	0.00844
5	0.02601	0.02016	0.02147	0.01741	0.02302	0.02266	0.01407	0.40606	0.28336	0.04331	0.02429	0.02322	0.01774	0.01001	0.00799	0.00250	0.00775	0.00786	0.00799	0.01312
6	0.02036	0.05927	0.09616	0.02683	0.03438	0.02041	0.39710	0.13588	0.02158	0.02972	0.01686	0.02068	0.01261	0.00746	0.00844	0.00250	0.01144	0.00824	0.05905	0.01102
7	0.77733	0.01534	0.01166	0.01043	0.01534	0.01779	0.00859	0.02331	0.01350	0.03558	0.01104	0.01288	0.00859	0.00736	0.00491	0.00245	0.00613	0.00429	0.00491	0.00859
8	0.02120	0.72609	0.04155	0.01357	0.02035	0.03138	0.01357	0.02374	0.01611	0.01866	0.01102	0.01272	0.01018	0.00678	0.00509	0.00170	0.00848	0.00424	0.00339	0.01018
9	0.01045	0.00746	0.01011	0.01194	0.01275	0.00712	0.00873	0.01241	0.01596	0.02113	0.04327	0.55747	0.05072	0.02410	0.01033	0.00333	0.00528	0.17342	0.00735	0.00666
10	0.01498	0.01409	0.02378	0.70226	0.05462	0.01762	0.02202	0.02026	0.01586	0.02026	0.01409	0.02114	0.01057	0.00793	0.00793	0.00264	0.01057	0.00705	0.00352	0.00881
11	0.01581	0.01494	0.02529	0.58516	0.16520	0.01784	0.02244	0.02099	0.01625	0.02127	0.01424	0.02087	0.01093	0.00777	0.00791	0.00259	0.01036	0.00705	0.00360	0.00948
12	0.22727	0.01597	0.01789	0.01410	0.01996	0.01622	0.01164	0.17394	0.02365	0.36640	0.02321	0.02150	0.01535	0.00911	0.00717	0.00244	0.00704	0.00683	0.00811	0.01222
13	0.01044	0.00807	0.00951	0.00915	0.01136	0.00715	0.00686	0.01344	0.02059	0.02739	0.41830	0.06649	0.32693	0.01786	0.00936	0.00257	0.00386	0.01536	0.00815	0.00715
14	0.02371	0.02084	0.02005	0.01721	0.02215	0.09824	0.01356	0.20548	0.41515	0.03617	0.02636	0.02495	0.01967	0.01012	0.00793	0.00253	0.00787	0.00802	0.00757	0.01242
15	0.01053	0.00851	0.00947	0.00980	0.01192	0.00785	0.00712	0.01432	0.07469	0.02296	0.11244	0.26014	0.38093	0.02035	0.00948	0.00282	0.00437	0.01757	0.00754	0.00721
16	0.00964	0.00700	0.00910	0.01077	0.01143	0.00646	0.00724	0.01107	0.01544	0.02035	0.04698	0.65898	0.10749	0.02442	0.01005	0.00317	0.00455	0.02202	0.00736	0.00646
17	0.01872	0.02139	0.04679	0.03342	0.04144	0.02005	0.64305	0.02540	0.01872	0.02540	0.01604	0.02139	0.01203	0.00668	0.00936	0.00267	0.01337	0.00936	0.00401	0.01070

[dist]
# distance from previous block
# <min> <max>
0	4

[block]
# block no. 3 follows, 24 sequences, length 7
# corresponding to MSA columns:
# 298-304
name=unknown_D
#
# <colnr> <probs for GDERKNQSTAVLIFYWHMCP>
#	G	D	E	R	K	N	Q	S	T	A	V	L	I	F	Y	W	H	M	C	P
0	0.02368	0.01785	0.01947	0.01625	0.02094	0.01964	0.01289	0.39503	0.14313	0.04029	0.02695	0.17762	0.02416	0.01319	0.00845	0.00262	0.00736	0.01093	0.00783	0.01174
1	0.02204	0.01165	0.01381	0.01188	0.01586	0.01134	0.00938	0.02918	0.15139	0.25531	0.10311	0.03720	0.10150	0.01174	0.00775	0.00240	0.00533	0.00973	0.17889	0.01051
2	0.11774	0.01693	0.01918	0.01498	0.02080	0.01743	0.01234	0.28533	0.02727	0.30600	0.02358	0.02224	0.01587	0.00938	0.00746	0.00239	0.00731	0.00717	0.05406	0.01256
3	0.09060	0.02219	0.18038	0.01565	0.02196	0.01775	0.01540	0.26437	0.02440	0.03695	0.01898	0.02078	0.01405	0.00876	0.00691	0.00227	0.00786	0.00663	0.21316	0.01094
4	0.00967	0.00746	0.00883	0.00972	0.01120	0.00663	0.00682	0.01150	0.01696	0.02166	0.10904	0.39993	0.30781	0.02219	0.00975	0.00294	0.00429	0.01949	0.00747	0.00663
5	0.01450	0.13368	0.01841	0.01327	0.01534	0.05061	0.01054	0.01660	0.01371	0.01816	0.01975	0.06315	0.01989	0.15057	0.33513	0.00813	0.07818	0.00864	0.00427	0.00746
6	0.16285	0.08915	0.07576	0.08186	0.09981	0.10070	0.01571	0.11897	0.01994	0.02932	0.01387	0.01638	0.01094	0.00753	0.00664	0.00213	0.00894	0.00558	0.00473	0.12920

[dist]
# distance from previous block
# <min> <max>
0	3

[block]
# block no. 4 follows, 24 sequences, length 30
# corresponding to MSA columns:
# 308-337
name=unknown_E
#
# <colnr> <probs for GDERKNQSTAVLIFYWHMCP>
#	G	D	E	R	K	N	Q	S	T	A	V	L	I	F	Y	W	H	M	C	P
0	0.01943	0.02426	0.14460	0.08692	0.20053	0.13745	0.01977	0.05537	0.05911	0.02518	0.02309	0.02954	0.06700	0.01012	0.00809	0.00252	0.00998	0.06165	0.00484	0.01058
1	0.00975	0.00785	0.00870	0.00891	0.01105	0.00679	0.00652	0.01196	0.01835	0.02307	0.17897	0.18529	0.45453	0.02022	0.00950	0.00274	0.00407	0.01732	0.00761	0.00679
2	0.02142	0.01916	0.02098	0.02073	0.09687	0.06143	0.01470	0.11051	0.42818	0.03260	0.02603	0.02544	0.01982	0.01023	0.00913	0.00262	0.05277	0.00816	0.00703	0.01221
3	0.01635	0.06070	0.34485	0.01732	0.02475	0.01516	0.01939	0.02363	0.06132	0.07689	0.10049	0.09197	0.06482	0.01182	0.00818	0.00260	0.00858	0.03522	0.00558	0.01038
4	0.02191	0.24309	0.24191	0.01842	0.02615	0.12610	0.01908	0.11417	0.07090	0.02642	0.01506	0.01649	0.01171	0.00794	0.00683	0.00219	0.01029	0.00568	0.00449	0.01118
5	0.03193	0.01676	0.02005	0.01547	0.02150	0.01668	0.01275	0.28537	0.02841	0.38505	0.02894	0.02642	0.05240	0.01025	0.00803	0.00244	0.00741	0.00811	0.00891	0.01312
6	0.01038	0.00807	0.00942	0.00909	0.01133	0.00712	0.00682	0.01332	0.02045	0.02705	0.39881	0.06705	0.34664	0.01798	0.00936	0.00258	0.00387	0.01544	0.00810	0.00712
7	0.01143	0.00937	0.01185	0.08043	0.01676	0.03631	0.00949	0.01378	0.01615	0.02124	0.10559	0.38281	0.09214	0.02693	0.12281	0.00458	0.00823	0.01660	0.00647	0.00703
8	0.02174	0.33289	0.23886	0.01783	0.02583	0.09200	0.01895	0.12020	0.02019	0.02557	0.01339	0.01512	0.01065	0.00758	0.00650	0.00209	0.01012	0.00528	0.00414	0.01107
9	0.01067	0.00808	0.00983	0.00939	0.01151	0.00725	0.00705	0.01389	0.02114	0.02869	0.49169	0.06435	0.25274	0.01737	0.00936	0.00255	0.00382	0.01506	0.00832	0.00725
10	0.03261	0.01826	0.02135	0.01637	0.02262	0.01872	0.01352	0.37006	0.03066	0.33467	0.02460	0.02265	0.01627	0.00965	0.00795	0.00241	0.00783	0.00752	0.00879	0.01349
11	0.72973	0.01489	0.01159	0.01040	0.01512	0.01715	0.00852	0.02279	0.01405	0.03534	0.05184	0.01576	0.01270	0.00791	0.00518	0.00246	0.00599	0.00492	0.00514	0.00852
12	0.01464	0.01271	0.02109	0.01956	0.07216	0.01296	0.13687	0.01802	0.01709	0.05067	0.09545	0.16796	0.11590	0.01979	0.07925	0.00387	0.08662	0.04090	0.00591	0.00856
13	0.01644	0.01409	0.01644	0.01175	0.01879	0.01057	0.00940	0.01997	0.01644	0.02584	0.01409	0.01644	0.01175	0.00587	0.00587	0.00117	0.00587	0.00470	0.00470	0.76979
14	0.01848	0.06394	0.01838	0.01208	0.01903	0.01213	0.00989	0.02189	0.01698	0.08317	0.01541	0.01712	0.01234	0.00629	0.00600	0.00132	0.00613	0.00496	0.00506	0.64941
15	0.02167	0.10214	0.02501	0.14155	0.17755	0.06542	0.01673	0.09424	0.04982	0.10800	0.02249	0.07740	0.04422	0.01000	0.00776	0.00242	0.00868	0.00843	0.00560	0.01088
16	0.01826	0.15242	0.08823	0.19697	0.08153	0.02007	0.01751	0.11551	0.01955	0.02592	0.05419	0.02458	0.05532	0.01251	0.05071	0.00305	0.04141	0.00749	0.00474	0.01004
17	0.01014	0.00798	0.00915	0.00904	0.01123	0.00699	0.00671	0.01280	0.01962	0.02551	0.31415	0.11622	0.38447	0.01887	0.00942	0.00264	0.00395	0.01620	0.00791	0.00699
18	0.01311	0.00905	0.01089	0.01009	0.01270	0.00832	0.00768	0.01742	0.05996	0.07972	0.40197	0.06001	0.24595	0.01654	0.00917	0.00256	0.00422	0.01423	0.00836	0.00803
19	0.01777	0.02855	0.32649	0.01959	0.02736	0.05405	0.05896	0.08138	0.13120	0.02778	0.02552	0.07344	0.07202	0.01054	0.00809	0.00258	0.00959	0.00879	0.00529	0.01102
20	0.07975	0.17921	0.06416	0.22849	0.15523	0.05477	0.01886	0.08612	0.01869	0.02541	0.01373	0.01751	0.01095	0.00761	0.00697	0.00230	0.00959	0.00605	0.00414	0.01046
21	0.00987	0.00777	0.00866	0.00898	0.01083	0.00683	0.00638	0.01176	0.01738	0.02188	0.13966	0.20897	0.40320	0.08667	0.01245	0.00324	0.00445	0.01719	0.00729	0.00656
22	0.01063	0.00769	0.00944	0.01018	0.01123	0.00723	0.00710	0.01233	0.01603	0.02111	0.12680	0.28549	0.15225	0.19887	0.01764	0.00421	0.00547	0.08311	0.00689	0.00630
