[name]
unknown

[dist]
# distance from previous block
# <min> <max>
0	105

[block]
# block no. 0 follows, 30 sequences, length 7
# corresponding to MSA columns:
# 105-111
name=unknown_A
#
# <colnr> <probs for GDERKNQSTAVLIFYWHMCP>
#	G	D	E	R	K	N	Q	S	T	A	V	L	I	F	Y	W	H	M	C	P
0	0.01146	0.01302	0.12418	0.01198	0.01510	0.01031	0.01073	0.01711	0.12153	0.01974	0.03068	0.10359	0.13165	0.10228	0.20550	0.00529	0.00958	0.04392	0.00503	0.00734
1	0.01830	0.20479	0.26625	0.01746	0.06682	0.01923	0.01716	0.15319	0.04782	0.05291	0.01565	0.06222	0.01286	0.00796	0.00637	0.00205	0.00819	0.00623	0.00442	0.01013
2	0.14289	0.36758	0.09196	0.01225	0.01716	0.09994	0.01152	0.02001	0.01385	0.01895	0.01207	0.01725	0.01136	0.12648	0.00985	0.00255	0.00787	0.00499	0.00346	0.00801
3	0.00928	0.00648	0.00813	0.00885	0.00932	0.00619	0.00573	0.01042	0.01329	0.01799	0.14028	0.39824	0.04224	0.27018	0.01786	0.00407	0.00485	0.01538	0.00591	0.00532
4	0.01276	0.12990	0.01472	0.01020	0.01336	0.01259	0.00823	0.01976	0.19667	0.02367	0.22291	0.04324	0.24023	0.01270	0.00734	0.00218	0.00462	0.01059	0.00641	0.00793
5	0.01618	0.09353	0.01585	0.01215	0.01559	0.12799	0.00969	0.08266	0.16330	0.02426	0.13510	0.03732	0.19013	0.01171	0.00723	0.00216	0.00628	0.03453	0.00600	0.00833
6	0.01962	0.01873	0.06417	0.01839	0.10478	0.11016	0.03677	0.16107	0.09236	0.06007	0.01625	0.01805	0.01262	0.01120	0.07100	0.00271	0.00891	0.00593	0.00497	0.16225

[dist]
# distance from previous block
# <min> <max>
0	5

[block]
# block no. 1 follows, 30 sequences, length 12
# corresponding to MSA columns:
# 117-128
name=unknown_B
#
# <colnr> <probs for GDERKNQSTAVLIFYWHMCP>
#	G	D	E	R	K	N	Q	S	T	A	V	L	I	F	Y	W	H	M	C	P
0	0.08755	0.04271	0.15957	0.08393	0.08639	0.01319	0.01412	0.06234	0.01671	0.10047	0.13018	0.09813	0.02386	0.04100	0.00817	0.00242	0.00690	0.00837	0.00520	0.00878
1	0.21077	0.08077	0.11844	0.01440	0.02012	0.06427	0.01325	0.25132	0.07057	0.07074	0.01496	0.01551	0.01097	0.00749	0.00605	0.00208	0.00755	0.00536	0.00532	0.01007
2	0.08318	0.01652	0.01609	0.06346	0.03950	0.16359	0.01123	0.01946	0.03911	0.02087	0.08037	0.02254	0.04623	0.05680	0.01102	0.00234	0.13469	0.00650	0.00430	0.16219
3	0.16397	0.01433	0.01971	0.37699	0.10316	0.01694	0.01617	0.12693	0.01664	0.02503	0.01251	0.01664	0.00956	0.00730	0.00730	0.00227	0.04609	0.00576	0.00399	0.00871
4	0.02288	0.02458	0.02316	0.02686	0.27768	0.33539	0.01639	0.14496	0.02069	0.02407	0.01274	0.01508	0.01028	0.00704	0.00665	0.00195	0.01010	0.00546	0.00416	0.00987
5	0.00895	0.00710	0.00805	0.00781	0.00986	0.00619	0.00586	0.01138	0.01757	0.02281	0.34687	0.06064	0.42975	0.01620	0.00824	0.00229	0.00343	0.01381	0.00700	0.00619
6	0.01447	0.01240	0.01447	0.01034	0.01654	0.00930	0.00827	0.01757	0.01447	0.02274	0.01240	0.01447	0.01034	0.00517	0.00517	0.00103	0.00517	0.00413	0.00413	0.79742
7	0.16558	0.01804	0.14022	0.11422	0.17553	0.01510	0.05107	0.04570	0.01615	0.17037	0.01550	0.01733	0.01111	0.00700	0.00648	0.00218	0.00789	0.00586	0.00470	0.00997
8	0.02998	0.01148	0.01549	0.01199	0.01711	0.00998	0.00986	0.03272	0.01958	0.66584	0.02718	0.02392	0.01732	0.00860	0.00686	0.00212	0.00574	0.00698	0.06576	0.01148
9	0.01599	0.01526	0.02398	0.07271	0.51503	0.04525	0.01837	0.01973	0.01600	0.02213	0.06067	0.08145	0.01846	0.00863	0.00725	0.00219	0.00779	0.03518	0.00408	0.00983
10	0.01010	0.00696	0.00862	0.00862	0.00896	0.00731	0.00548	0.01079	0.01045	0.01428	0.02107	0.04057	0.02316	0.55879	0.22847	0.00801	0.01009	0.00940	0.00409	0.00479
11	0.00855	0.00708	0.00748	0.00738	0.00961	0.00602	0.00554	0.01059	0.01661	0.02052	0.18725	0.06441	0.59079	0.01705	0.00824	0.00233	0.00349	0.01434	0.00670	0.00602

[dist]
# distance from previous block
# <min> <max>
0	39

[block]
# block no. 2 follows, 30 sequences, length 24
# corresponding to MSA columns:
# 168-191
name=unknown_C
#
# <colnr> <probs for GDERKNQSTAVLIFYWHMCP>
#	G	D	E	R	K	N	Q	S	T	A	V	L	I	F	Y	W	H	M	C	P
0	0.01921	0.14685	0.28918	0.10454	0.02720	0.01888	0.01832	0.18861	0.01949	0.08261	0.01432	0.01586	0.01036	0.00716	0.00643	0.00207	0.00870	0.00548	0.00444	0.01029
1	0.02228	0.13192	0.02310	0.01804	0.07951	0.16805	0.01372	0.26949	0.02195	0.02782	0.01335	0.01530	0.01065	0.00811	0.00859	0.00205	0.11120	0.00551	0.03962	0.00975
2	0.00906	0.00714	0.00820	0.00804	0.01006	0.00627	0.00610	0.01153	0.01752	0.02275	0.33457	0.06141	0.41108	0.01632	0.00830	0.00233	0.00356	0.04259	0.00698	0.00620
3	0.05955	0.03030	0.52470	0.02033	0.08226	0.01637	0.02234	0.02405	0.11029	0.02367	0.01463	0.01632	0.01069	0.00698	0.00659	0.00222	0.00920	0.00555	0.00365	0.01032
4	0.01648	0.08384	0.28177	0.02501	0.19396	0.03984	0.10135	0.04927	0.07502	0.02304	0.01488	0.03803	0.01189	0.00716	0.00683	0.00215	0.00914	0.00636	0.00379	0.01019
5	0.00987	0.00665	0.00769	0.00796	0.00803	0.00658	0.00461	0.01008	0.01069	0.01425	0.02475	0.16400	0.02886	0.63166	0.03105	0.00611	0.00631	0.01178	0.00461	0.00447
6	0.00950	0.00698	0.00890	0.00871	0.01027	0.00638	0.00642	0.01232	0.01842	0.02551	0.54095	0.15146	0.13679	0.01572	0.00833	0.00230	0.00343	0.01387	0.00738	0.00638
7	0.60602	0.01397	0.01477	0.01288	0.04260	0.01528	0.07770	0.02227	0.01342	0.10800	0.01232	0.01374	0.00910	0.00665	0.00512	0.00218	0.00622	0.00469	0.00470	0.00837
8	0.06347	0.28612	0.14027	0.01406	0.01952	0.11837	0.01351	0.06619	0.03768	0.06231	0.01594	0.10365	0.01447	0.00864	0.00602	0.00196	0.00798	0.00654	0.00429	0.00901
9	0.01507	0.04348	0.02315	0.30193	0.21568	0.01565	0.07354	0.02018	0.05434	0.02114	0.01474	0.01921	0.01164	0.00713	0.00730	0.00217	0.03553	0.00641	0.10286	0.00885
10	0.02143	0.24860	0.02382	0.01448	0.01942	0.33594	0.01192	0.05164	0.01753	0.01919	0.01105	0.01273	0.00938	0.00645	0.00554	0.00156	0.00928	0.00426	0.00367	0.17209
11	0.01379	0.01488	0.11168	0.01137	0.01709	0.01031	0.01041	0.06249	0.01639	0.02378	0.07198	0.02676	0.13943	0.00848	0.00626	0.00159	0.00563	0.00692	0.00483	0.43592
12	0.08444	0.01576	0.11272	0.01339	0.01777	0.06860	0.03673	0.02212	0.04333	0.18454	0.10819	0.02892	0.06140	0.01696	0.12901	0.00374	0.00895	0.02905	0.00567	0.00872
13	0.04676	0.01914	0.10664	0.04519	0.02163	0.11273	0.06754	0.08498	0.11008	0.06655	0.07422	0.08429	0.01940	0.00996	0.00907	0.00233	0.09743	0.00790	0.00513	0.00904
14	0.01041	0.00758	0.00909	0.00886	0.01080	0.00699	0.00658	0.01385	0.05696	0.04940	0.34725	0.16215	0.25210	0.01598	0.00823	0.00235	0.00371	0.01389	0.00714	0.00669
15	0.01244	0.01690	0.20741	0.05576	0.01978	0.01195	0.01365	0.02020	0.17548	0.02209	0.05420	0.30560	0.02862	0.01356	0.00771	0.00250	0.00640	0.01188	0.00550	0.00838
16	0.07400	0.04412	0.24694	0.11749	0.02654	0.09822	0.06270	0.02228	0.01534	0.10543	0.01461	0.01736	0.01087	0.01010	0.04596	0.03400	0.00962	0.00573	0.02974	0.00895
17	0.01646	0.01475	0.01302	0.01223	0.01477	0.17562	0.00922	0.08452	0.04596	0.06316	0.13384	0.21794	0.09595	0.01381	0.00767	0.00230	0.00646	0.03600	0.02868	0.00763
18	0.10856	0.01082	0.01290	0.01078	0.01476	0.01020	0.00851	0.02569	0.07178	0.37929	0.03291	0.06049	0.13544	0.07490	0.00947	0.00263	0.00543	0.00881	0.00721	0.00942
19	0.01622	0.01627	0.02999	0.18481	0.40410	0.01662	0.18691	0.02090	0.01563	0.02165	0.01322	0.01794	0.01057	0.00629	0.00725	0.00220	0.00937	0.00672	0.00340	0.00995
20	0.01260	0.02868	0.54111	0.01714	0.02513	0.01359	0.02087	0.01903	0.01459	0.02111	0.02159	0.14353	0.07134	0.01010	0.00715	0.00233	0.00871	0.00841	0.00383	0.00917
21	0.00850	0.00607	0.00810	0.00972	0.01012	0.00567	0.00648	0.00972	0.01336	0.01781	0.03846	0.75020	0.04615	0.02186	0.00891	0.00283	0.00405	0.01984	0.00648	0.00567
22	0.01160	0.01079	0.01033	0.01124	0.01225	0.12806	0.00784	0.01301	0.01427	0.01756	0.03219	0.56721	0.03755	0.02182	0.06614	0.00333	0.00667	0.01625	0.00577	0.00612
23	0.01842	0.01193	0.01891	0.19562	0.02635	0.01217	0.09730	0.05947	0.01725	0.21344	0.02440	0.13133	0.02163	0.01132	0.00782	0.00247	0.00742	0.10803	0.00588	0.00884

[dist]
# distance from previous block
# <min> <max>
0	20

[block]
# block no. 3 follows, 30 sequences, length 36
# corresponding to MSA columns:
# 212-247
name=unknown_D
#
# <colnr> <probs for GDERKNQSTAVLIFYWHMCP>
#	G	D	E	R	K	N	Q	S	T	A	V	L	I	F	Y	W	H	M	C	P
0	0.01727	0.01658	0.02832	0.04283	0.71123	0.01658	0.02142	0.02142	0.01589	0.02280	0.01313	0.01727	0.01105	0.00622	0.00691	0.00207	0.00829	0.00622	0.00345	0.01105
1	0.00997	0.00748	0.01121	0.01121	0.01246	0.00872	0.00872	0.01246	0.01121	0.01620	0.01869	0.02741	0.01745	0.05234	0.72710	0.01121	0.01869	0.00748	0.00374	0.00623
2	0.01477	0.01442	0.02200	0.46628	0.21735	0.06007	0.01875	0.01890	0.01479	0.01908	0.01409	0.06271	0.01200	0.00770	0.00703	0.00226	0.00892	0.00693	0.00343	0.00851
3	0.00986	0.00693	0.00843	0.00849	0.00902	0.00710	0.00548	0.01066	0.01107	0.01483	0.02644	0.07220	0.08827	0.49102	0.19414	0.00724	0.00915	0.01035	0.00442	0.00491
4	0.01097	0.00791	0.01089	0.01240	0.01401	0.00782	0.01073	0.01403	0.01597	0.02066	0.03906	0.09984	0.08130	0.01926	0.00953	0.00315	0.00617	0.60350	0.00643	0.00637
5	0.01420	0.03486	0.67504	0.02134	0.07318	0.01623	0.02551	0.02206	0.01481	0.02214	0.01256	0.01489	0.00898	0.00660	0.00665	0.00220	0.01019	0.00522	0.00298	0.01036
6	0.01751	0.01724	0.02552	0.20455	0.21955	0.08880	0.10897	0.04340	0.01571	0.04543	0.01281	0.01721	0.01028	0.00764	0.00977	0.00232	0.13415	0.00633	0.00363	0.00919
7	0.02542	0.01867	0.01924	0.01535	0.02046	0.07198	0.01245	0.42704	0.15534	0.13080	0.01997	0.01914	0.01416	0.00853	0.00696	0.00213	0.00740	0.00655	0.00698	0.01143
8	0.01102	0.00830	0.00967	0.00992	0.01158	0.00816	0.00738	0.06289	0.05286	0.02050	0.04203	0.23312	0.21788	0.14151	0.01308	0.00335	0.00514	0.12908	0.00616	0.00638
9	0.01397	0.01277	0.01964	0.01974	0.13608	0.05017	0.14531	0.01796	0.04287	0.04383	0.17458	0.17099	0.07386	0.01233	0.00800	0.00236	0.00678	0.03509	0.00557	0.00810
10	0.12309	0.01531	0.04124	0.11225	0.02226	0.01627	0.01234	0.16842	0.23012	0.10798	0.06349	0.02211	0.01777	0.00861	0.00674	0.00224	0.00655	0.00688	0.00623	0.01010
11	0.01632	0.01725	0.03428	0.12381	0.26526	0.01702	0.37749	0.02146	0.01596	0.02193	0.01357	0.01827	0.01058	0.00613	0.00763	0.00226	0.01028	0.00730	0.00345	0.00975
12	0.01488	0.01356	0.02313	0.02197	0.13647	0.01332	0.21187	0.10806	0.01755	0.02371	0.02516	0.26023	0.04894	0.01242	0.00812	0.00246	0.00761	0.03679	0.00516	0.00856
13	0.09407	0.08229	0.26176	0.01484	0.02074	0.05898	0.01545	0.06394	0.09905	0.02417	0.02066	0.06367	0.04870	0.00947	0.00665	0.00223	0.00771	0.05875	0.03781	0.00905
14	0.06391	0.01507	0.01520	0.01306	0.01693	0.10328	0.01032	0.13876	0.10518	0.21314	0.08012	0.09887	0.02319	0.01063	0.00712	0.00223	0.00653	0.03593	0.03095	0.00960
15	0.01013	0.00788	0.00951	0.01011	0.01170	0.00756	0.00728	0.01402	0.10091	0.01992	0.04041	0.46552	0.14241	0.01843	0.00839	0.00261	0.00437	0.05603	0.00641	0.05640
16	0.01386	0.01658	0.14932	0.13876	0.11873	0.01406	0.01582	0.06998	0.01601	0.02214	0.07478	0.12398	0.08441	0.01114	0.00932	0.00240	0.09655	0.00915	0.00455	0.00845
17	0.07174	0.07281	0.07440	0.01723	0.10629	0.10063	0.01309	0.06609	0.03598	0.23909	0.06527	0.05196	0.01842	0.00889	0.00676	0.00212	0.00733	0.02613	0.00586	0.00991
18	0.01727	0.01658	0.02832	0.04283	0.71123	0.01658	0.02142	0.02142	0.01589	0.02280	0.01313	0.01727	0.01105	0.00622	0.00691	0.00207	0.00829	0.00622	0.00345	0.01105
19	0.01201	0.00836	0.00958	0.00924	0.01164	0.00781	0.00692	0.01619	0.10128	0.09313	0.13197	0.19123	0.34194	0.01613	0.00811	0.00241	0.00410	0.01384	0.00693	0.00719
20	0.12115	0.01159	0.01284	0.00991	0.01503	0.00961	0.00782	0.01682	0.01432	0.02356	0.04604	0.07578	0.04723	0.00762	0.00562	0.00144	0.00496	0.00616	0.00460	0.55789
21	0.01860	0.29927	0.34946	0.01571	0.02359	0.01943	0.01808	0.02364	0.01540	0.13562	0.01398	0.01493	0.01029	0.00672	0.00590	0.00194	0.00853	0.00494	0.00391	0.01007
22	0.00877	0.00674	0.00812	0.00909	0.01043	0.00608	0.00666	0.01048	0.01475	0.01865	0.05115	0.38549	0.31020	0.01983	0.00874	0.00269	0.00417	0.10564	0.00647	0.00586
23	0.01651	0.02315	0.23931	0.05784	0.45058	0.04715	0.02234	0.02179	0.01564	0.02217	0.01282	0.01633	0.01023	0.00641	0.00680	0.00211	0.00913	0.00582	0.00329	0.01059
24	0.01655	0.38742	0.21804	0.03488	0.02123	0.02041	0.01521	0.04393	0.01507	0.04185	0.01525	0.11234	0.01431	0.00849	0.00591	0.00194	0.00780	0.00656	0.00377	0.00905
25	0.02898	0.01239	0.01613	0.01271	0.01787	0.01144	0.01039	0.03452	0.13304	0.60162	0.02768	0.02413	0.01795	0.00878	0.00703	0.00219	0.00587	0.00716	0.00838	0.01174
26	0.00881	0.00654	0.00830	0.00957	0.01055	0.00603	0.00686	0.01040	0.01425	0.01843	0.04500	0.51909	0.18389	0.02065	0.00887	0.00278	0.00425	0.10345	0.00647	0.00581
27	0.01835	0.08555	0.16205	0.01983	0.10952	0.07398	0.05807	0.11874	0.11865	0.04424	0.01643	0.01944	0.01312	0.05498	0.03647	0.00276	0.02709	0.00634	0.00457	0.00983
28	0.02023	0.01193	0.01398	0.01178	0.01578	0.01192	0.00937	0.08981	0.19780	0.25671	0.12096	0.03530	0.15158	0.01121	0.00742	0.00225	0.00522	0.00931	0.00756	0.00988
29	0.00898	0.00680	0.00829	0.00854	0.01004	0.00611	0.00617	0.01121	0.01672	0.02225	0.31969	0.26175	0.25304	0.01752	0.00843	0.00243	0.00359	0.01537	0.00697	0.00611
30	0.01785	0.02525	0.29328	0.11348	0.13337	0.10596	0.01961	0.06309	0.04469	0.06891	0.01461	0.01757	0.01107	0.03221	0.00771	0.00230	0.00939	0.00584	0.00396	0.00984
31	0.01583	0.01332	0.02163	0.07769	0.13618	0.03490	0.14270	0.02005	0.03777	0.08633	0.02210	0.06536	0.02054	0.01505	0.07965	0.00339	0.03366	0.16041	0.00489	0.00857
32	0.00927	0.00727	0.01016	0.13337	0.01650	0.00737	0.00853	0.01113	0.01377	0.01794	0.03794	0.54265	0.12036	0.01882	0.00850	0.00269	0.00488	0.01690	0.00590	0.00605
33	0.01678	0.01704	0.08909	0.03035	0.35251	0.01530	0.12352	0.04236	0.01593	0.06475	0.01601	0.05858	0.01365	0.01182	0.07573	0.00307	0.03218	0.00735	0.00403	0.00995
34	0.01724	0.01714	0.02682	0.12150	0.50100	0.06150	0.05552	0.02204	0.04721	0.02194	0.01354	0.01756	0.01111	0.00667	0.00741	0.00214	0.02949	0.00629	0.00358	0.01029
35	0.01446	0.01591	0.06958	0.15842	0.17943	0.01507	0.23167	0.01890	0.01507	0.02061	0.01856	0.11809	0.04004	0.00906	0.00838	0.00238	0.04274	0.00893	0.00388	0.00881

[dist]
# distance from previous block
# <min> <max>
2	53

[block]
# block no. 4 follows, 30 sequences, length 58
# corresponding to MSA columns:
# 301-358
name=unknown_E
#
# <colnr> <probs for GDERKNQSTAVLIFYWHMCP>
#	G	D	E	R	K	N	Q	S	T	A	V	L	I	F	Y	W	H	M	C	P
0	0.01095	0.03565	0.01178	0.01109	0.01266	0.06965	0.04287	0.01264	0.01460	0.01827	0.05794	0.44450	0.14061	0.05420	0.00969	0.00278	0.00541	0.03263	0.00588	0.00620
1	0.01568	0.02129	0.22538	0.12394	0.06942	0.05134	0.07027	0.08663	0.08758	0.02333	0.01878	0.02154	0.05343	0.01271	0.08513	0.00320	0.01002	0.00680	0.00420	0.00932
2	0.01480	0.01264	0.01479	0.01353	0.01631	0.01433	0.03486	0.02753	0.43609	0.02457	0.02821	0.17176	0.02553	0.07722	0.01091	0.00288	0.04817	0.01039	0.00636	0.00911
3	0.01109	0.00915	0.01411	0.04994	0.01580	0.01085	0.04292	0.01356	0.01148	0.01646	0.01726	0.02642	0.01629	0.09311	0.52322	0.00905	0.10167	0.00748	0.00365	0.00649
4	0.01000	0.00670	0.00765	0.00780	0.00784	0.00667	0.00443	0.01011	0.01043	0.01391	0.02346	0.10860	0.02723	0.68929	0.03314	0.00641	0.00652	0.01101	0.00443	0.00436
5	0.01620	0.01901	0.11807	0.02548	0.24174	0.04912	0.12907	0.02070	0.01555	0.02233	0.01286	0.01603	0.01034	0.00592	0.00649	0.00178	0.00832	0.00564	0.00363	0.27172
6	0.00887	0.00653	0.00831	0.00905	0.01011	0.00597	0.00634	0.01079	0.01563	0.02099	0.24235	0.44294	0.14842	0.01899	0.00861	0.00257	0.00375	0.01695	0.00684	0.00597
7	0.02632	0.01835	0.12874	0.01487	0.02103	0.01525	0.01373	0.24463	0.05758	0.35345	0.02170	0.02017	0.01439	0.00828	0.00695	0.00216	0.00717	0.00653	0.00712	0.01158
8	0.01714	0.52304	0.25915	0.01453	0.02192	0.02389	0.01646	0.02129	0.01436	0.01827	0.01062	0.01235	0.00892	0.00619	0.00518	0.00173	0.00839	0.00420	0.00297	0.00940
9	0.02034	0.01873	0.01712	0.01490	0.01904	0.14118	0.01165	0.16989	0.40810	0.02966	0.02498	0.02377	0.05089	0.00925	0.00699	0.00221	0.00710	0.00730	0.00643	0.01045
10	0.00852	0.00634	0.00794	0.00911	0.00999	0.00576	0.00624	0.00996	0.01422	0.01855	0.07953	0.57094	0.18627	0.02059	0.00873	0.00270	0.00390	0.01839	0.00654	0.00576
11	0.01119	0.00925	0.01318	0.01256	0.01331	0.01146	0.00978	0.01311	0.01118	0.01626	0.01831	0.08922	0.01856	0.10038	0.42748	0.00805	0.19807	0.00845	0.00385	0.00636
12	0.02584	0.01341	0.01642	0.01289	0.01765	0.01316	0.01052	0.23608	0.02397	0.37706	0.15000	0.02680	0.02456	0.00960	0.00723	0.00215	0.00600	0.00782	0.00794	0.01089
13	0.01519	0.02523	0.33903	0.11067	0.21416	0.01647	0.13651	0.02147	0.01525	0.02183	0.01294	0.01655	0.00978	0.00643	0.00702	0.00221	0.00991	0.00608	0.00320	0.01006
14	0.21951	0.01181	0.01390	0.01111	0.01592	0.01126	0.00913	0.02916	0.01752	0.48816	0.02274	0.02090	0.01494	0.00806	0.00617	0.00211	0.00557	0.00618	0.07550	0.01035
15	0.01491	0.01319	0.01455	0.13414	0.02059	0.06912	0.01095	0.07941	0.20385	0.02531	0.16793	0.10546	0.08839	0.01173	0.00752	0.00230	0.00612	0.00998	0.00614	0.00842
16	0.01202	0.00885	0.00971	0.00880	0.01156	0.00818	0.00680	0.09428	0.01898	0.06051	0.19564	0.05559	0.45245	0.01535	0.00803	0.00228	0.00411	0.01285	0.00691	0.00708
17	0.01531	0.06297	0.11984	0.01213	0.01862	0.01189	0.01127	0.03545	0.03286	0.04279	0.01412	0.04062	0.01180	0.00631	0.00562	0.00139	0.00613	0.00504	0.00424	0.54160
18	0.01617	0.01387	0.01655	0.01539	0.10057	0.03849	0.01066	0.10407	0.03665	0.02431	0.01458	0.01816	0.01233	0.04218	0.09093	0.00278	0.00779	0.00542	0.00444	0.42465
19	0.01916	0.01560	0.01705	0.01564	0.05388	0.01765	0.01172	0.18125	0.47452	0.03200	0.02468	0.02350	0.01846	0.00898	0.00694	0.00225	0.00602	0.00736	0.05238	0.01097
20	0.04799	0.32686	0.15521	0.01929	0.12983	0.14315	0.01603	0.02305	0.04354	0.01965	0.01171	0.01365	0.00973	0.00650	0.00567	0.00183	0.00884	0.00469	0.00338	0.00942
21	0.01922	0.01701	0.01793	0.01724	0.08076	0.08320	0.01248	0.12303	0.38681	0.04617	0.02461	0.02398	0.05075	0.00937	0.00804	0.00229	0.05307	0.00740	0.00619	0.01044
22	0.01276	0.00789	0.00955	0.00869	0.01124	0.00691	0.00667	0.01534	0.01823	0.13806	0.33672	0.05353	0.31849	0.01472	0.00804	0.00225	0.00383	0.01255	0.00735	0.00718
23	0.04281	0.00697	0.00808	0.00829	0.00925	0.00721	0.00570	0.01280	0.01231	0.01927	0.02376	0.14635	0.02423	0.25413	0.14092	0.00513	0.00726	0.00982	0.25005	0.00565
24	0.00850	0.00607	0.00810	0.00972	0.01012	0.00567	0.00648	0.00972	0.01336	0.01781	0.03846	0.75020	0.04615	0.02186	0.00891	0.00283	0.00405	0.01984	0.00648	0.00567
25	0.01212	0.00606	0.00909	0.00909	0.00909	0.00606	0.00606	0.00909	0.00909	0.01212	0.01212	0.02121	0.01212	0.02424	0.02727	0.79697	0.00606	0.00606	0.00303	0.00303
26	0.00850	0.00607	0.00810	0.00972	0.01012	0.00567	0.00648	0.00972	0.01336	0.01781	0.03846	0.75020	0.04615	0.02186	0.00891	0.00283	0.00405	0.01984	0.00648	0.00567
27	0.67379	0.01355	0.01146	0.00988	0.01439	0.01524	0.00814	0.05100	0.01379	0.11755	0.01225	0.01312	0.00896	0.00683	0.00477	0.00216	0.00556	0.00429	0.00497	0.00828
28	0.03131	0.01188	0.01619	0.01242	0.01781	0.01026	0.01026	0.03401	0.01997	0.71606	0.02753	0.02375	0.01727	0.00864	0.00702	0.00216	0.00594	0.00702	0.00864	0.01188
29	0.02482	0.15539	0.02260	0.01696	0.02096	0.60908	0.01322	0.02669	0.01883	0.01697	0.01060	0.01235	0.00898	0.00699	0.00599	0.00175	0.01172	0.00437	0.00349	0.00824
30	0.01421	0.01169	0.01307	0.01192	0.01490	0.01283	0.00917	0.02703	0.41341	0.02868	0.31373	0.03700	0.04002	0.01148	0.00758	0.00229	0.00459	0.00988	0.00734	0.00917
31	0.01038	0.00747	0.00988	0.01054	0.01199	0.00720	0.00849	0.01313	0.01655	0.02221	0.25439	0.10023	0.08670	0.08713	0.01151	0.00315	0.00515	0.32107	0.00663	0.00620
32	0.00975	0.00702	0.00931	0.00953	0.01090	0.00657	0.00719	0.01257	0.01783	0.02476	0.46829	0.21146	0.05800	0.01663	0.00857	0.00247	0.00388	0.10165	0.00724	0.00636
33	0.01400	0.03610	0.71860	0.01989	0.03020	0.01621	0.02578	0.02210	0.01473	0.02210	0.01252	0.01473	0.00884	0.00663	0.00663	0.00221	0.01031	0.00516	0.00295	0.01031
34	0.01012	0.00732	0.01046	0.01046	0.01152	0.00832	0.00786	0.01225	0.01118	0.01617	0.01938	0.03024	0.01872	0.16158	0.58862	0.01012	0.01618	0.00786	0.03571	0.00593
35	0.01747	0.01513	0.01597	0.01248	0.01791	0.05076	0.00992	0.11660	0.18495	0.02699	0.01685	0.01752	0.01317	0.00678	0.00595	0.00155	0.00600	0.00537	0.00523	0.45339
36	0.00893	0.00649	0.00805	0.00886	0.00967	0.00601	0.00597	0.01034	0.01418	0.01881	0.14061	0.43476	0.14248	0.13596	0.01292	0.00329	0.00429	0.01648	0.00630	0.00561
37	0.04031	0.29687	0.23849	0.01773	0.06616	0.12229	0.04563	0.02178	0.01525	0.01940	0.01257	0.05050	0.01097	0.00718	0.00593	0.00191	0.00907	0.00544	0.00333	0.00919
38	0.01454	0.12018	0.63926	0.01896	0.02877	0.01753	0.02417	0.02196	0.01467	0.02144	0.01219	0.01432	0.00885	0.00655	0.00638	0.00213	0.00998	0.00499	0.00295	0.01016
39	0.03131	0.01188	0.01619	0.01242	0.01781	0.01026	0.01026	0.03401	0.01997	0.71606	0.02753	0.02375	0.01727	0.00864	0.00702	0.00216	0.00594	0.00702	0.00864	0.01188
40	0.01184	0.01674	0.23285	0.01218	0.01709	0.00988	0.01270	0.01635	0.03564	0.05754	0.08567	0.07140	0.32422	0.01351	0.00775	0.00236	0.00605	0.05283	0.00557	0.00782
41	0.01819	0.12400	0.35153	0.01923	0.08523	0.06380	0.01917	0.04463	0.09303	0.09305	0.01553	0.01660	0.01141	0.00712	0.00645	0.00209	0.00885	0.00555	0.00420	0.01034
42	0.00904	0.00649	0.00858	0.00935	0.01024	0.00603	0.00652	0.01107	0.01586	0.02179	0.30036	0.47695	0.05386	0.01889	0.00864	0.00258	0.00375	0.01701	0.00695	0.00603
43	0.00849	0.00612	0.00805	0.00958	0.01009	0.00568	0.00642	0.00973	0.01349	0.01787	0.04009	0.71571	0.07960	0.02165	0.00887	0.00281	0.00402	0.01958	0.00648	0.00568
44	0.02091	0.02049	0.01964	0.02115	0.16875	0.23004	0.01381	0.08702	0.20023	0.06130	0.05312	0.02149	0.03442	0.00839	0.00689	0.00209	0.00830	0.00673	0.00534	0.00992
45	0.01962	0.14601	0.09526	0.05104	0.18250	0.11491	0.08043	0.13796	0.01861	0.02397	0.01263	0.01535	0.01012	0.00710	0.00754	0.00205	0.05544	0.00566	0.00393	0.00988
46	0.02076	0.02280	0.02537	0.02035	0.02428	0.27179	0.19222	0.10620	0.01841	0.02217	0.01260	0.01590	0.01019	0.00808	0.01030	0.00224	0.16347	0.00614	0.03797	0.00875
47	0.01076	0.00847	0.01124	0.01140	0.01219	0.00932	0.00838	0.04474	0.01464	0.02022	0.12146	0.46830	0.03976	0.01982	0.04055	0.00309	0.12783	0.01541	0.00598	0.00645
48	0.02054	0.12073	0.16521	0.04398	0.18622	0.18056	0.01762	0.10448	0.01854	0.05943	0.01320	0.01521	0.01024	0.00690	0.00641	0.00198	0.00940	0.00534	0.00401	0.01000
49	0.17946	0.01215	0.01373	0.12593	0.01977	0.01364	0.01034	0.05707	0.19033	0.06291	0.09625	0.02685	0.05425	0.03912	0.03346	0.00273	0.00631	0.00750	0.03970	0.00852
50	0.02698	0.01119	0.01468	0.01162	0.01634	0.00986	0.00941	0.03014	0.04687	0.57127	0.03231	0.03000	0.09824	0.04740	0.00860	0.00242	0.00568	0.00811	0.00810	0.01076
51	0.01541	0.01911	0.17232	0.02165	0.16970	0.03975	0.07043	0.08282	0.07836	0.02437	0.06669	0.10385	0.08497	0.01010	0.00738	0.00226	0.00764	0.00893	0.00489	0.00937
52	0.01871	0.05878	0.09820	0.02474	0.23836	0.21481	0.03645	0.02446	0.10691	0.02153	0.03650	0.04071	0.03368	0.00796	0.00679	0.00206	0.00901	0.00661	0.00419	0.00956
53	0.01553	0.01153	0.01336	0.01237	0.01512	0.01265	0.00947	0.12792	0.23357	0.05384	0.02741	0.22340	0.02567	0.01982	0.12866	0.00390	0.00760	0.01075	0.03870	0.00874
54	0.01144	0.00934	0.01157	0.10728	0.01664	0.00968	0.00891	0.08518	0.01701	0.02191	0.10694	0.13830	0.32314	0.01744	0.05389	0.00296	0.03320	0.01236	0.00589	0.00691
55	0.05749	0.09065	0.24786	0.02405	0.20601	0.01642	0.07660	0.02284	0.04303	0.08739	0.01577	0.05370	0.01270	0.00746	0.00669	0.00215	0.00847	0.00653	0.00408	0.01011
56	0.01637	0.10492	0.37173	0.01582	0.02289	0.01559	0.01772	0.07396	0.04389	0.08763	0.01937	0.08292	0.03891	0.04807	0.00825	0.00242	0.00823	0.00724	0.00447	0.00959
57	0.01586	0.00894	0.01182	0.01127	0.01392	0.00862	0.00909	0.01925	0.04960	0.20239	0.06322	0.11114	0.12317	0.02157	0.13341	0.00409	0.00764	0.17045	0.00663	0.00791

[dist]
# distance from previous block
# <min> <max>
2	13

[block]
# block no. 5 follows, 30 sequences, length 29
# corresponding to MSA columns:
# 372-400
name=unknown_F
#
# <colnr> <probs for GDERKNQSTAVLIFYWHMCP>
#	G	D	E	R	K	N	Q	S	T	A	V	L	I	F	Y	W	H	M	C	P
0	0.00904	0.00641	0.00820	0.00942	0.00992	0.00609	0.00634	0.01019	0.01301	0.01721	0.03624	0.52579	0.06773	0.17212	0.01441	0.00365	0.00477	0.06800	0.00601	0.00544
1	0.01582	0.20732	0.22537	0.03415	0.02404	0.01755	0.10151	0.04012	0.03438	0.02184	0.04551	0.01656	0.01255	0.00657	0.00610	0.00181	0.00816	0.00547	0.00374	0.17145
2	0.01115	0.00673	0.00967	0.07214	0.01244	0.00691	0.00700	0.01015	0.01056	0.01402	0.01917	0.17481	0.02104	0.14162	0.02309	0.43578	0.00604	0.00957	0.00394	0.00418
3	0.00836	0.00664	0.00751	0.00821	0.00972	0.00580	0.00581	0.00989	0.01481	0.01841	0.05684	0.36078	0.42371	0.01947	0.00853	0.00256	0.00376	0.01692	0.00648	0.00580
4	0.01411	0.01239	0.01992	0.37450	0.13087	0.01458	0.04414	0.01809	0.01410	0.02029	0.01433	0.01956	0.01135	0.00767	0.00844	0.00223	0.09344	0.00634	0.16561	0.00802
5	0.01643	0.17621	0.27672	0.05323	0.09401	0.03949	0.03896	0.02514	0.16911	0.02226	0.01558	0.01705	0.01198	0.00710	0.00638	0.00208	0.00851	0.00571	0.00399	0.01006
6	0.01643	0.01870	0.04048	0.02902	0.03584	0.01778	0.66243	0.02216	0.01627	0.02216	0.01394	0.01870	0.01054	0.00610	0.00875	0.00238	0.03730	0.00816	0.00351	0.00935
7	0.00899	0.00722	0.00757	0.00756	0.00939	0.00645	0.00535	0.01099	0.03643	0.01835	0.07925	0.08608	0.50055	0.16894	0.01384	0.00328	0.00427	0.01369	0.00608	0.00573
8	0.01993	0.01612	0.01708	0.01450	0.01890	0.01825	0.01152	0.24560	0.45544	0.03352	0.02643	0.02478	0.04716	0.00946	0.00711	0.00228	0.00613	0.00766	0.00704	0.01109
9	0.01275	0.00969	0.01051	0.01042	0.01260	0.03278	0.00797	0.03738	0.14138	0.03765	0.09614	0.19003	0.15383	0.01476	0.00773	0.00241	0.00476	0.09050	0.11936	0.00737
10	0.01706	0.01786	0.15936	0.01471	0.01969	0.01486	0.01359	0.03011	0.39099	0.09940	0.02637	0.09103	0.02146	0.01039	0.00728	0.00240	0.00646	0.04039	0.00632	0.01027
11	0.01522	0.11697	0.49665	0.02367	0.16872	0.01762	0.02326	0.02182	0.01491	0.02158	0.01232	0.01484	0.00931	0.00647	0.00643	0.00210	0.00956	0.00521	0.00306	0.01031
12	0.17267	0.00842	0.00893	0.00842	0.01080	0.00827	0.00645	0.01386	0.01713	0.02629	0.39868	0.04765	0.22079	0.01355	0.00743	0.00223	0.00379	0.01135	0.00668	0.00660
13	0.02476	0.02750	0.01937	0.01698	0.02104	0.46782	0.01305	0.16501	0.13155	0.02455	0.01484	0.01560	0.01156	0.00780	0.00656	0.00195	0.01044	0.00541	0.00485	0.00934
14	0.04367	0.00846	0.00936	0.00886	0.01122	0.00818	0.00673	0.01553	0.11198	0.02464	0.32915	0.05281	0.31440	0.01464	0.00792	0.00228	0.00379	0.01244	0.00698	0.00697
15	0.02573	0.01211	0.01541	0.01254	0.01694	0.01143	0.01004	0.15042	0.02100	0.44778	0.02778	0.17175	0.02221	0.01131	0.00740	0.00229	0.00587	0.00952	0.00789	0.01060
16	0.01430	0.16584	0.02414	0.58877	0.04187	0.01799	0.01785	0.01846	0.01400	0.01754	0.01185	0.01708	0.00923	0.00677	0.00646	0.00215	0.00892	0.00569	0.00308	0.00800
17	0.01234	0.00942	0.01053	0.00980	0.01226	0.00919	0.00742	0.14981	0.01946	0.02533	0.16001	0.20862	0.30694	0.01613	0.00813	0.00238	0.00446	0.01379	0.00679	0.00719
18	0.01551	0.01600	0.02544	0.02060	0.02205	0.02061	0.15309	0.01794	0.01188	0.01794	0.01018	0.01600	0.00945	0.01091	0.01989	0.00291	0.59191	0.00654	0.00315	0.00800
19	0.02368	0.02897	0.01868	0.01641	0.02054	0.57929	0.01241	0.02575	0.01868	0.01824	0.01112	0.01297	0.00927	0.00678	0.00606	0.00164	0.01106	0.00442	0.00371	0.17031
20	0.01332	0.01261	0.01215	0.01178	0.01323	0.15584	0.00868	0.01510	0.01273	0.01577	0.01782	0.02853	0.01752	0.20328	0.42121	0.00826	0.01472	0.00747	0.00382	0.00616
21	0.25673	0.01683	0.01422	0.01236	0.01633	0.16008	0.00975	0.06782	0.09426	0.13937	0.09725	0.02094	0.01845	0.00841	0.00612	0.00209	0.00679	0.00621	0.03711	0.00888
22	0.01158	0.01286	0.09842	0.01429	0.01803	0.00991	0.14837	0.01581	0.01805	0.02530	0.42746	0.07269	0.07389	0.01213	0.00808	0.00226	0.00590	0.01126	0.00617	0.00753
23	0.01423	0.01196	0.01752	0.04831	0.09535	0.01358	0.04005	0.03703	0.04024	0.04229	0.02586	0.07807	0.05464	0.01407	0.01210	0.00282	0.18882	0.25009	0.00512	0.00785
24	0.17761	0.01477	0.02308	0.09294	0.37063	0.01529	0.08196	0.01982	0.01484	0.02361	0.01693	0.05191	0.05214	0.00767	0.00668	0.00219	0.00766	0.00701	0.00392	0.00934
25	0.17907	0.01635	0.01919	0.18589	0.16274	0.12441	0.03919	0.02124	0.03216	0.04980	0.01560	0.06835	0.01370	0.00837	0.00660	0.00223	0.00819	0.03420	0.00420	0.00853
26	0.05628	0.18836	0.02910	0.02382	0.19550	0.03847	0.15276	0.06880	0.01672	0.07801	0.01468	0.04887	0.01229	0.00743	0.00725	0.00208	0.03912	0.00657	0.00419	0.00972
27	0.18163	0.01981	0.11403	0.04971	0.02455	0.07940	0.15696	0.11641	0.03920	0.10686	0.01571	0.03813	0.01186	0.00751	0.00666	0.00220	0.00856	0.00641	0.00487	0.00953
28	0.04525	0.03890	0.03698	0.06580	0.14066	0.14690	0.04111	0.04615	0.04773	0.13478	0.01756	0.01933	0.01319	0.00745	0.00630	0.00197	0.00768	0.00607	0.16695	0.00925

[dist]
# distance from previous block
# <min> <max>
0	154

# created by:
# /home/berkeley/.conda/envs/busco_data_prod/bin/msa2prfl.pl pipeline/OGs_align_augustus/5794/40758.fs
