[name]
unknown

[dist]
# distance from previous block
# <min> <max>
3	361

[block]
# block no. 0 follows, 31 sequences, length 68
# corresponding to MSA columns:
# 517-584
name=unknown_A
#
# <colnr> <probs for GDERKNQSTAVLIFYWHMCP>
#	G	D	E	R	K	N	Q	S	T	A	V	L	I	F	Y	W	H	M	C	P
0	0.01631	0.05574	0.17649	0.05857	0.01984	0.04463	0.01305	0.03918	0.11092	0.12702	0.04767	0.06891	0.10345	0.07690	0.00943	0.00258	0.00696	0.00831	0.00531	0.00873
1	0.02010	0.06867	0.14893	0.01651	0.08333	0.05851	0.01402	0.16212	0.02020	0.16509	0.10531	0.02440	0.06522	0.00884	0.00681	0.00206	0.00720	0.00713	0.00571	0.00984
2	0.06514	0.10346	0.13665	0.01388	0.04426	0.01357	0.02889	0.03664	0.01470	0.02175	0.08834	0.08686	0.04705	0.01203	0.05592	0.00255	0.05327	0.00738	0.00434	0.16332
3	0.07913	0.11775	0.08682	0.04982	0.09930	0.01642	0.05589	0.11903	0.05201	0.20544	0.01784	0.04186	0.01331	0.00770	0.00643	0.00207	0.00730	0.00635	0.00540	0.01014
4	0.04770	0.11643	0.17850	0.06344	0.02187	0.01724	0.01468	0.18983	0.04627	0.04877	0.01867	0.10392	0.03846	0.00950	0.00759	0.00218	0.05344	0.00740	0.00483	0.00929
5	0.01652	0.09360	0.08053	0.07657	0.08640	0.09375	0.05520	0.13571	0.01823	0.02322	0.04637	0.08951	0.10620	0.01144	0.03469	0.00245	0.00811	0.00824	0.00469	0.00856
6	0.01771	0.20401	0.20003	0.01936	0.10404	0.06209	0.07684	0.08189	0.03925	0.04588	0.01421	0.04777	0.01174	0.00718	0.00624	0.00194	0.00845	0.00591	0.00392	0.04152
7	0.01522	0.06573	0.28478	0.01478	0.02055	0.01337	0.03479	0.02188	0.10428	0.10480	0.08597	0.11103	0.02182	0.03661	0.03174	0.00266	0.00762	0.00829	0.00502	0.00905
8	0.01339	0.11272	0.19858	0.05167	0.04619	0.01263	0.03657	0.01693	0.01408	0.06570	0.02311	0.30052	0.02409	0.04257	0.00833	0.00249	0.00689	0.01091	0.00469	0.00792
9	0.01711	0.01747	0.11720	0.01905	0.11295	0.07740	0.07826	0.02305	0.11214	0.11496	0.08771	0.11719	0.02211	0.00998	0.00792	0.00226	0.04015	0.00865	0.00528	0.00917
10	0.08796	0.35936	0.02947	0.06716	0.29237	0.02108	0.01539	0.02047	0.01434	0.01993	0.01098	0.01375	0.00948	0.00605	0.00545	0.00179	0.00756	0.00476	0.00323	0.00939
11	0.01324	0.03276	0.66015	0.01861	0.02785	0.01497	0.02359	0.02058	0.01432	0.02129	0.01455	0.08060	0.01193	0.00783	0.00670	0.00222	0.00956	0.00634	0.00320	0.00970
12	0.00890	0.00653	0.00772	0.00818	0.00911	0.00603	0.00547	0.01017	0.01370	0.01791	0.13240	0.29158	0.20977	0.22288	0.01567	0.00364	0.00448	0.01462	0.00590	0.00534
13	0.01456	0.08744	0.06521	0.16759	0.14150	0.10506	0.01460	0.01777	0.01492	0.01870	0.02025	0.18462	0.02077	0.01123	0.00721	0.00230	0.00779	0.08639	0.00425	0.00787
14	0.01622	0.16891	0.06127	0.01096	0.01451	0.01217	0.00959	0.01889	0.01619	0.17107	0.19505	0.11374	0.03182	0.07834	0.00949	0.00253	0.00566	0.04967	0.00596	0.00797
15	0.01012	0.00873	0.06271	0.00999	0.01178	0.00669	0.00783	0.01208	0.01424	0.06132	0.06606	0.51620	0.14922	0.01856	0.00832	0.00259	0.00444	0.01651	0.00626	0.00634
16	0.01512	0.12265	0.49658	0.01744	0.02542	0.09595	0.02057	0.02106	0.01481	0.02005	0.01402	0.07993	0.01196	0.00781	0.00640	0.00209	0.00946	0.00610	0.00327	0.00930
17	0.04347	0.02432	0.31099	0.05377	0.22450	0.01698	0.02029	0.14636	0.04851	0.02627	0.01381	0.01606	0.01036	0.00683	0.00660	0.00212	0.00866	0.00567	0.00399	0.01044
18	0.01005	0.00782	0.00882	0.00879	0.01079	0.00726	0.00656	0.07139	0.01689	0.02155	0.13075	0.23510	0.37965	0.01722	0.00819	0.00242	0.00404	0.03984	0.00653	0.00634
19	0.01743	0.10572	0.09606	0.22354	0.23946	0.07316	0.01807	0.04327	0.01569	0.06380	0.01292	0.01630	0.01010	0.00678	0.00690	0.00206	0.03012	0.00561	0.00362	0.00938
20	0.01743	0.18531	0.19157	0.01778	0.09182	0.03580	0.03392	0.08582	0.04881	0.06506	0.01460	0.01837	0.01207	0.07567	0.03149	0.00270	0.05264	0.00583	0.00404	0.00928
21	0.01677	0.01603	0.02376	0.30922	0.34908	0.06424	0.01899	0.08018	0.01658	0.02195	0.01276	0.01709	0.01011	0.00664	0.00676	0.00211	0.00874	0.00598	0.00357	0.00946
22	0.01429	0.15972	0.50917	0.01747	0.02579	0.01708	0.05056	0.02042	0.01402	0.01995	0.01269	0.01672	0.01021	0.07362	0.00873	0.00245	0.00937	0.00538	0.00303	0.00931
23	0.02870	0.01113	0.01517	0.01194	0.01679	0.00965	0.00972	0.03121	0.01900	0.65873	0.02795	0.08865	0.01946	0.00963	0.00705	0.00218	0.00566	0.00800	0.00828	0.01110
24	0.01640	0.07455	0.12627	0.20624	0.33865	0.01720	0.01971	0.08031	0.01630	0.02244	0.01267	0.01640	0.01002	0.00651	0.00658	0.00207	0.00854	0.00576	0.00350	0.00985
25	0.02628	0.01502	0.01757	0.01378	0.01873	0.01541	0.01125	0.37217	0.02550	0.30860	0.02250	0.08511	0.01673	0.00949	0.00703	0.00214	0.00654	0.00763	0.00744	0.01110
26	0.01660	0.01443	0.02185	0.50282	0.03950	0.01693	0.06249	0.19680	0.01874	0.02456	0.01340	0.01777	0.00987	0.00713	0.00692	0.00222	0.00886	0.00623	0.00407	0.00878
27	0.02710	0.01358	0.01906	0.01915	0.17136	0.01278	0.01282	0.11165	0.02025	0.48503	0.02260	0.02105	0.01495	0.00792	0.00685	0.00209	0.00654	0.00662	0.00715	0.01147
28	0.00927	0.00680	0.00869	0.00858	0.01006	0.00622	0.00630	0.01197	0.01785	0.02469	0.52329	0.17614	0.13336	0.01566	0.00819	0.00228	0.00338	0.01384	0.00719	0.00622
29	0.01621	0.01268	0.01401	0.01255	0.01599	0.01406	0.00975	0.03063	0.49735	0.07476	0.18915	0.03140	0.03090	0.01033	0.00722	0.00227	0.00493	0.00877	0.00720	0.00985
30	0.00834	0.00595	0.00794	0.00953	0.00992	0.00556	0.00635	0.00953	0.01310	0.01746	0.03771	0.75510	0.04525	0.02143	0.00873	0.00278	0.00397	0.01945	0.00635	0.00556
31	0.01372	0.03539	0.72412	0.01950	0.02961	0.01589	0.02528	0.02167	0.01444	0.02167	0.01228	0.01444	0.00867	0.00650	0.00650	0.00217	0.01011	0.00506	0.00289	0.01011
32	0.00809	0.00693	0.00693	0.00693	0.00924	0.00578	0.00520	0.00982	0.01559	0.01848	0.06931	0.06584	0.71411	0.01733	0.00809	0.00231	0.00347	0.01444	0.00635	0.00578
33	0.00831	0.00604	0.00785	0.00929	0.00986	0.00558	0.00625	0.00955	0.01332	0.01756	0.04053	0.69354	0.10499	0.02107	0.00867	0.00274	0.00392	0.01900	0.00635	0.00558
34	0.80789	0.01323	0.01006	0.00900	0.01323	0.01535	0.00741	0.02011	0.01164	0.03070	0.00953	0.01111	0.00741	0.00635	0.00423	0.00212	0.00529	0.00370	0.00423	0.00741
35	0.01829	0.76368	0.03585	0.01171	0.01756	0.02707	0.01171	0.02049	0.01390	0.01610	0.00951	0.01097	0.00878	0.00585	0.00439	0.00146	0.00732	0.00366	0.00293	0.00878
36	0.00817	0.00659	0.00728	0.00783	0.00948	0.00570	0.00560	0.00972	0.01473	0.01813	0.05834	0.30509	0.48194	0.01875	0.00831	0.00247	0.00364	0.01618	0.00635	0.00570
37	0.01446	0.06250	0.01564	0.01024	0.01630	0.01032	0.00835	0.01744	0.01417	0.02188	0.01198	0.01397	0.01004	0.00512	0.00502	0.00104	0.00522	0.00403	0.00398	0.74830
38	0.01862	0.62458	0.09566	0.01300	0.01900	0.09749	0.01307	0.02128	0.01451	0.01666	0.00987	0.01142	0.00877	0.00603	0.00476	0.00156	0.00807	0.00386	0.00298	0.00881
39	0.03070	0.01164	0.01588	0.01217	0.01746	0.01006	0.01006	0.03334	0.01958	0.72163	0.02699	0.02329	0.01694	0.00847	0.00688	0.00212	0.00582	0.00688	0.00847	0.01164
40	0.01829	0.76368	0.03585	0.01171	0.01756	0.02707	0.01171	0.02049	0.01390	0.01610	0.00951	0.01097	0.00878	0.00585	0.00439	0.00146	0.00732	0.00366	0.00293	0.00878
41	0.01507	0.01002	0.05841	0.01075	0.01377	0.00793	0.00910	0.01774	0.01651	0.20395	0.11796	0.19504	0.16505	0.01499	0.00801	0.00246	0.00504	0.11367	0.00680	0.00772
42	0.02122	0.01486	0.02294	0.02990	0.42689	0.01468	0.01662	0.04684	0.08172	0.22660	0.01848	0.01957	0.01357	0.00715	0.00682	0.00208	0.00719	0.00648	0.00530	0.01109
43	0.01419	0.01216	0.01419	0.01013	0.01621	0.00912	0.00811	0.01723	0.01419	0.02229	0.01216	0.01419	0.01013	0.00507	0.00507	0.00101	0.00507	0.00405	0.00405	0.80139
44	0.01419	0.01216	0.01419	0.01013	0.01621	0.00912	0.00811	0.01723	0.01419	0.02229	0.01216	0.01419	0.01013	0.00507	0.00507	0.00101	0.00507	0.00405	0.00405	0.80139
45	0.01558	0.13066	0.43742	0.02365	0.18941	0.04634	0.02192	0.02157	0.01484	0.02087	0.01197	0.01447	0.00920	0.00634	0.00626	0.00202	0.00935	0.00508	0.00304	0.01001
46	0.02502	0.03149	0.01914	0.01739	0.02094	0.68743	0.01307	0.02788	0.06219	0.01749	0.01165	0.01316	0.00957	0.00719	0.00622	0.00180	0.01191	0.00461	0.00374	0.00811
47	0.00942	0.00698	0.00878	0.00833	0.01006	0.00634	0.00625	0.01240	0.01874	0.02595	0.60619	0.05355	0.17257	0.01454	0.00807	0.00218	0.00327	0.01272	0.00734	0.00634
48	0.00832	0.00602	0.00787	0.00935	0.00988	0.00557	0.00627	0.00955	0.01327	0.01753	0.03982	0.70893	0.09005	0.02116	0.00869	0.00275	0.00394	0.01911	0.00635	0.00557
49	0.00995	0.00663	0.00746	0.00746	0.00746	0.00663	0.00415	0.00995	0.00995	0.01327	0.02156	0.04477	0.02487	0.75957	0.03482	0.00663	0.00663	0.00995	0.00415	0.00415
50	0.00947	0.00698	0.00885	0.00838	0.01009	0.00636	0.00629	0.01250	0.01886	0.02624	0.62722	0.05307	0.15136	0.01443	0.00807	0.00217	0.00326	0.01265	0.00737	0.00636
51	0.01829	0.00800	0.00931	0.00817	0.01090	0.00751	0.00641	0.02131	0.01596	0.24040	0.02376	0.02482	0.01735	0.00812	0.00543	0.00176	0.00400	0.00653	0.55396	0.00800
52	0.01693	0.01626	0.02777	0.04199	0.71689	0.01626	0.02100	0.02100	0.01558	0.02235	0.01287	0.01693	0.01084	0.00610	0.00677	0.00203	0.00813	0.00610	0.00339	0.01084
53	0.00834	0.00595	0.00794	0.00953	0.00992	0.00556	0.00635	0.00953	0.01310	0.01746	0.03771	0.75510	0.04525	0.02143	0.00873	0.00278	0.00397	0.01945	0.00635	0.00556
54	0.02556	0.03261	0.01939	0.01763	0.02115	0.73210	0.01322	0.02732	0.01939	0.01674	0.01058	0.01234	0.00881	0.00705	0.00617	0.00176	0.01234	0.00441	0.00353	0.00793
55	0.01472	0.01264	0.01526	0.01094	0.01702	0.00986	0.02966	0.04462	0.01497	0.02312	0.01238	0.01441	0.01020	0.00522	0.00523	0.00110	0.00537	0.00426	0.00415	0.74486
56	0.01115	0.05431	0.01074	0.00867	0.01074	0.00785	0.00664	0.01385	0.01785	0.06244	0.49068	0.04883	0.15156	0.06361	0.00957	0.00243	0.00389	0.01167	0.00690	0.00663
57	0.01702	0.01470	0.01547	0.01392	0.01779	0.01702	0.01083	0.03635	0.70453	0.02862	0.02785	0.02553	0.02088	0.00928	0.00696	0.00232	0.00541	0.00773	0.00696	0.01083
58	0.01554	0.02710	0.39216	0.02252	0.03087	0.01680	0.27426	0.06426	0.04677	0.02340	0.01381	0.01656	0.01004	0.00645	0.00713	0.00222	0.01028	0.00638	0.00353	0.00991
59	0.01867	0.38093	0.23943	0.01520	0.02231	0.02074	0.05430	0.04345	0.01550	0.11172	0.01310	0.01423	0.01000	0.00646	0.00564	0.00183	0.00820	0.00483	0.00380	0.00967
60	0.07279	0.38930	0.28020	0.01589	0.05506	0.02152	0.01676	0.04272	0.01461	0.02030	0.01089	0.01269	0.00883	0.00621	0.00533	0.00181	0.00822	0.00436	0.00315	0.00935
61	0.01829	0.76368	0.03585	0.01171	0.01756	0.02707	0.01171	0.02049	0.01390	0.01610	0.00951	0.01097	0.00878	0.00585	0.00439	0.00146	0.00732	0.00366	0.00293	0.00878
62	0.00834	0.00595	0.00794	0.00953	0.00992	0.00556	0.00635	0.00953	0.01310	0.01746	0.03771	0.75510	0.04525	0.02143	0.00873	0.00278	0.00397	0.01945	0.00635	0.00556
63	0.01576	0.01953	0.15012	0.11589	0.38877	0.01627	0.15175	0.02089	0.01527	0.02159	0.01287	0.01695	0.01018	0.00619	0.00699	0.00214	0.00925	0.00630	0.00327	0.01003
64	0.01205	0.00993	0.01101	0.01093	0.01320	0.01057	0.00807	0.02122	0.31350	0.02250	0.03950	0.30621	0.16318	0.01537	0.00784	0.00249	0.00450	0.01341	0.00662	0.00789
65	0.00842	0.00683	0.00747	0.00756	0.00951	0.00588	0.00557	0.01038	0.01602	0.02008	0.18894	0.14378	0.51133	0.01717	0.00816	0.00233	0.00348	0.01463	0.00658	0.00588
66	0.00995	0.00663	0.00746	0.00746	0.00746	0.00663	0.00415	0.00995	0.00995	0.01327	0.02156	0.04477	0.02487	0.75957	0.03482	0.00663	0.00663	0.00995	0.00415	0.00415
67	0.02368	0.01854	0.06616	0.01519	0.02046	0.01871	0.01301	0.54597	0.02842	0.07516	0.01882	0.09001	0.01506	0.00942	0.00701	0.00214	0.00726	0.00744	0.00662	0.01093

[dist]
# distance from previous block
# <min> <max>
0	88

[block]
# block no. 1 follows, 31 sequences, length 58
# corresponding to MSA columns:
# 673-730
name=unknown_B
#
# <colnr> <probs for GDERKNQSTAVLIFYWHMCP>
#	G	D	E	R	K	N	Q	S	T	A	V	L	I	F	Y	W	H	M	C	P
0	0.01325	0.01267	0.02193	0.67702	0.06967	0.01536	0.05846	0.01786	0.01389	0.01791	0.01228	0.01821	0.00925	0.00675	0.00691	0.00227	0.00923	0.00620	0.00308	0.00781
1	0.00995	0.00663	0.00746	0.00746	0.00746	0.00663	0.00415	0.00995	0.00995	0.01327	0.02156	0.04477	0.02487	0.75957	0.03482	0.00663	0.00663	0.00995	0.00415	0.00415
2	0.80789	0.01323	0.01006	0.00900	0.01323	0.01535	0.00741	0.02011	0.01164	0.03070	0.00953	0.01111	0.00741	0.00635	0.00423	0.00212	0.00529	0.00370	0.00423	0.00741
3	0.01747	0.12861	0.15819	0.04853	0.02146	0.12817	0.01361	0.02226	0.06003	0.05703	0.01334	0.01488	0.01044	0.00631	0.00573	0.00163	0.00779	0.00473	0.00395	0.27585
4	0.00878	0.00696	0.00790	0.00766	0.00967	0.00607	0.00575	0.01117	0.01724	0.02239	0.35072	0.05940	0.43026	0.01587	0.00808	0.00224	0.00336	0.01354	0.00687	0.00607
5	0.01111	0.00958	0.01442	0.19498	0.13858	0.00994	0.01175	0.01407	0.01521	0.02023	0.15199	0.20195	0.15306	0.01320	0.00770	0.00234	0.00572	0.01176	0.00524	0.00715
6	0.02584	0.01814	0.02057	0.01730	0.07237	0.01964	0.01328	0.57291	0.02958	0.11478	0.01730	0.01720	0.01215	0.00808	0.00684	0.00206	0.00739	0.00623	0.00676	0.01158
7	0.01275	0.00638	0.00638	0.00638	0.00797	0.00638	0.00478	0.01594	0.01435	0.02551	0.02232	0.02551	0.01754	0.00797	0.00478	0.00159	0.00319	0.00638	0.79755	0.00638
8	0.02081	0.47309	0.02916	0.01389	0.01884	0.27609	0.01220	0.02358	0.04528	0.01686	0.01067	0.01208	0.00931	0.00642	0.00513	0.00161	0.00901	0.00410	0.00331	0.00857
9	0.00831	0.00694	0.00724	0.00716	0.00938	0.00587	0.00537	0.01025	0.01612	0.01973	0.15894	0.06379	0.62371	0.01686	0.00808	0.00229	0.00343	0.01415	0.00652	0.00587
10	0.00851	0.00695	0.00752	0.00737	0.00950	0.00596	0.00553	0.01064	0.01659	0.02085	0.23986	0.06194	0.54208	0.01644	0.00808	0.00227	0.00340	0.01389	0.00667	0.00596
11	0.01444	0.01364	0.02309	0.41608	0.32468	0.01532	0.01934	0.01870	0.01434	0.01943	0.01275	0.01810	0.01021	0.00864	0.04125	0.00259	0.00914	0.00615	0.00321	0.00888
12	0.01829	0.76368	0.03585	0.01171	0.01756	0.02707	0.01171	0.02049	0.01390	0.01610	0.00951	0.01097	0.00878	0.00585	0.00439	0.00146	0.00732	0.00366	0.00293	0.00878
13	0.01339	0.00995	0.01518	0.01690	0.13830	0.01059	0.03224	0.07616	0.01331	0.01854	0.01509	0.02204	0.01369	0.02951	0.30011	0.24654	0.01156	0.00661	0.00369	0.00662
14	0.01449	0.01349	0.02057	0.11756	0.37840	0.04351	0.01578	0.01825	0.01671	0.02313	0.23616	0.02780	0.02768	0.00875	0.00717	0.00209	0.00687	0.00802	0.00467	0.00891
15	0.01702	0.01470	0.01547	0.01392	0.01779	0.01702	0.01083	0.03635	0.70453	0.02862	0.02785	0.02553	0.02088	0.00928	0.00696	0.00232	0.00541	0.00773	0.00696	0.01083
16	0.66856	0.01668	0.01172	0.01053	0.01464	0.14300	0.00844	0.02139	0.01302	0.02821	0.00971	0.01133	0.00766	0.00648	0.00458	0.00205	0.00655	0.00383	0.00411	0.00750
17	0.01815	0.36972	0.09099	0.12051	0.02575	0.14874	0.09887	0.02155	0.01517	0.01762	0.01086	0.01349	0.00902	0.00625	0.00570	0.00180	0.00924	0.00481	0.00311	0.00863
18	0.02601	0.01916	0.02053	0.01574	0.02122	0.02122	0.01300	0.69408	0.03217	0.04312	0.01643	0.01643	0.01163	0.00821	0.00684	0.00205	0.00753	0.00616	0.00684	0.01163
19	0.00834	0.00595	0.00794	0.00953	0.00992	0.00556	0.00635	0.00953	0.01310	0.01746	0.03771	0.75510	0.04525	0.02143	0.00873	0.00278	0.00397	0.01945	0.00635	0.00556
20	0.01615	0.01845	0.04037	0.02884	0.03576	0.01730	0.69204	0.02191	0.01615	0.02191	0.01384	0.01845	0.01038	0.00577	0.00807	0.00231	0.01153	0.00807	0.00346	0.00923
21	0.00978	0.00731	0.01087	0.01087	0.01205	0.00848	0.00839	0.01214	0.01096	0.01579	0.01844	0.02751	0.01738	0.07652	0.70762	0.01084	0.01791	0.00742	0.00368	0.00604
22	0.14421	0.01187	0.01503	0.01171	0.01685	0.01083	0.00967	0.03141	0.01842	0.62071	0.02444	0.02151	0.01554	0.00816	0.00649	0.00212	0.00574	0.00642	0.00785	0.01102
23	0.00995	0.00663	0.00746	0.00746	0.00746	0.00663	0.00415	0.00995	0.00995	0.01327	0.02156	0.04477	0.02487	0.75957	0.03482	0.00663	0.00663	0.00995	0.00415	0.00415
24	0.00857	0.00695	0.00760	0.00743	0.00954	0.00598	0.00558	0.01075	0.01673	0.02117	0.26271	0.06141	0.51903	0.01632	0.00808	0.00226	0.00339	0.01382	0.00671	0.00598
25	0.11303	0.02966	0.53357	0.01739	0.02588	0.01598	0.02098	0.02358	0.11311	0.02379	0.01417	0.01562	0.01026	0.00688	0.00628	0.00218	0.00884	0.00527	0.00364	0.00988
26	0.00995	0.00663	0.00746	0.00746	0.00746	0.00663	0.00415	0.00995	0.00995	0.01327	0.02156	0.04477	0.02487	0.75957	0.03482	0.00663	0.00663	0.00995	0.00415	0.00415
27	0.01523	0.02861	0.49588	0.08036	0.14046	0.01559	0.04223	0.02192	0.01491	0.06241	0.01327	0.01578	0.00958	0.00656	0.00664	0.00216	0.00950	0.00550	0.00332	0.01009
28	0.01756	0.08945	0.13538	0.04684	0.23765	0.01801	0.01690	0.10812	0.21076	0.02581	0.01708	0.01837	0.01316	0.00732	0.00657	0.00209	0.00756	0.00617	0.00468	0.01052
29	0.01630	0.02265	0.25051	0.07218	0.30221	0.04645	0.04431	0.07546	0.01685	0.02356	0.05385	0.01803	0.01314	0.00693	0.00679	0.00210	0.00879	0.00613	0.00374	0.01003
30	0.01664	0.04949	0.48549	0.04516	0.02861	0.01676	0.07857	0.11857	0.01735	0.05979	0.01367	0.01556	0.00967	0.00678	0.00666	0.00214	0.00953	0.00556	0.00379	0.01021
31	0.02257	0.23590	0.06628	0.01518	0.02079	0.02018	0.06250	0.24310	0.02096	0.16078	0.01556	0.01609	0.01140	0.00751	0.00712	0.00197	0.05086	0.00563	0.00531	0.01030
32	0.01275	0.00638	0.00638	0.00638	0.00797	0.00638	0.00478	0.01594	0.01435	0.02551	0.02232	0.02551	0.01754	0.00797	0.00478	0.00159	0.00319	0.00638	0.79755	0.00638
33	0.01673	0.05270	0.26782	0.01850	0.06335	0.21763	0.05194	0.02162	0.04286	0.01965	0.01695	0.14642	0.01592	0.00934	0.00684	0.00214	0.00932	0.00771	0.00391	0.00866
34	0.01673	0.12517	0.22622	0.01581	0.04966	0.11150	0.01496	0.04356	0.01591	0.08285	0.01981	0.18501	0.01908	0.01055	0.00684	0.00218	0.00793	0.03302	0.00455	0.00868
35	0.03070	0.01164	0.01588	0.01217	0.01746	0.01006	0.01006	0.03334	0.01958	0.72163	0.02699	0.02329	0.01694	0.00847	0.00688	0.00212	0.00582	0.00688	0.00847	0.01164
36	0.00973	0.00717	0.01039	0.01046	0.01148	0.00816	0.00787	0.01179	0.01096	0.01561	0.01967	0.06380	0.01946	0.14309	0.60630	0.01003	0.01611	0.00825	0.00386	0.00582
37	0.01048	0.00728	0.00815	0.00808	0.00841	0.00746	0.00478	0.01214	0.06798	0.01470	0.02268	0.06955	0.02530	0.66958	0.03153	0.00613	0.00643	0.01012	0.00446	0.00476
38	0.01670	0.05053	0.12148	0.09332	0.50323	0.01684	0.02060	0.05586	0.01606	0.02268	0.01277	0.01642	0.01036	0.00631	0.00664	0.00205	0.00841	0.00585	0.00345	0.01043
39	0.01102	0.00787	0.01102	0.01260	0.01417	0.00787	0.01102	0.01417	0.01575	0.02047	0.03622	0.07717	0.03937	0.01890	0.00945	0.00315	0.00630	0.67084	0.00630	0.00630
40	0.01643	0.15184	0.06643	0.02542	0.03227	0.01899	0.54468	0.02165	0.01568	0.02087	0.01301	0.01696	0.01003	0.00581	0.00736	0.00215	0.01073	0.00717	0.00334	0.00918
41	0.06227	0.07447	0.01991	0.01687	0.02056	0.65682	0.01285	0.02658	0.01870	0.01737	0.01046	0.01220	0.00874	0.00695	0.00597	0.00176	0.01171	0.00433	0.00352	0.00796
42	0.01245	0.00761	0.01003	0.00908	0.01117	0.00693	0.00693	0.01560	0.01939	0.11878	0.62297	0.04744	0.05829	0.01326	0.00791	0.00215	0.00357	0.01165	0.00765	0.00714
43	0.00846	0.00625	0.00792	0.00896	0.00984	0.00571	0.00617	0.01001	0.01432	0.01891	0.12931	0.54739	0.16211	0.01978	0.00854	0.00262	0.00379	0.01769	0.00650	0.00571
44	0.00841	0.00694	0.00738	0.00727	0.00944	0.00591	0.00545	0.01044	0.01635	0.02028	0.19863	0.06288	0.58366	0.01666	0.00808	0.00228	0.00342	0.01402	0.00659	0.00591
45	0.01829	0.76368	0.03585	0.01171	0.01756	0.02707	0.01171	0.02049	0.01390	0.01610	0.00951	0.01097	0.00878	0.00585	0.00439	0.00146	0.00732	0.00366	0.00293	0.00878
46	0.01829	0.76368	0.03585	0.01171	0.01756	0.02707	0.01171	0.02049	0.01390	0.01610	0.00951	0.01097	0.00878	0.00585	0.00439	0.00146	0.00732	0.00366	0.00293	0.00878
47	0.01292	0.01216	0.02052	0.74312	0.04712	0.01520	0.01900	0.01748	0.01368	0.01748	0.01216	0.01824	0.00912	0.00684	0.00684	0.00228	0.00912	0.00608	0.00304	0.00760
48	0.01292	0.01216	0.02052	0.74312	0.04712	0.01520	0.01900	0.01748	0.01368	0.01748	0.01216	0.01824	0.00912	0.00684	0.00684	0.00228	0.00912	0.00608	0.00304	0.00760
49	0.00811	0.00685	0.00702	0.00716	0.00930	0.00576	0.00530	0.00979	0.01538	0.01839	0.06654	0.12618	0.65556	0.01769	0.00814	0.00235	0.00351	0.01488	0.00635	0.00576
50	0.01451	0.01427	0.01992	0.01714	0.01728	0.01969	0.01422	0.01615	0.01126	0.01742	0.07063	0.01813	0.01385	0.01215	0.02119	0.00292	0.68193	0.00655	0.00339	0.00739
51	0.01111	0.00806	0.01014	0.00923	0.01118	0.00775	0.00703	0.07254	0.02049	0.02881	0.65228	0.04807	0.05992	0.01348	0.00796	0.00214	0.00360	0.01183	0.00747	0.00691
52	0.01845	0.65457	0.03365	0.01249	0.01781	0.02619	0.01207	0.05955	0.01467	0.01771	0.00987	0.01164	0.00896	0.00653	0.00611	0.00163	0.07208	0.00401	0.00316	0.00883
53	0.01028	0.00915	0.07020	0.00852	0.00940	0.00744	0.00600	0.01097	0.01034	0.01400	0.02074	0.04212	0.02345	0.69364	0.03234	0.00624	0.00694	0.00952	0.00404	0.00467
54	0.01703	0.01076	0.01130	0.00966	0.01244	0.01146	0.00753	0.24666	0.02004	0.03044	0.02024	0.02410	0.01617	0.07385	0.00811	0.00219	0.00497	0.00662	0.45846	0.00797
55	0.01544	0.01745	0.03744	0.02692	0.03343	0.01629	0.63192	0.02086	0.01610	0.02161	0.01870	0.02260	0.07198	0.00678	0.00807	0.00231	0.01083	0.00863	0.00371	0.00893
56	0.02446	0.01801	0.01943	0.01520	0.02023	0.01985	0.01242	0.63415	0.03050	0.04087	0.01829	0.08109	0.01458	0.00937	0.00701	0.00212	0.00722	0.00732	0.00680	0.01110
57	0.00926	0.00671	0.00874	0.00879	0.01010	0.00619	0.00638	0.01189	0.01755	0.02443	0.50852	0.23869	0.08495	0.01610	0.00825	0.00232	0.00343	0.01433	0.00717	0.00619

[dist]
# distance from previous block
# <min> <max>
0	8

[block]
# block no. 2 follows, 31 sequences, length 15
# corresponding to MSA columns:
# 739-753
name=unknown_C
#
# <colnr> <probs for GDERKNQSTAVLIFYWHMCP>
#	G	D	E	R	K	N	Q	S	T	A	V	L	I	F	Y	W	H	M	C	P
0	0.01461	0.02109	0.23172	0.01822	0.06295	0.08972	0.10894	0.02041	0.08205	0.01985	0.01718	0.06004	0.01543	0.13113	0.07350	0.00365	0.00980	0.00744	0.00391	0.00834
1	0.01153	0.00594	0.00882	0.00897	0.00901	0.00590	0.00598	0.00897	0.00932	0.01243	0.01442	0.09300	0.01516	0.02354	0.02497	0.72246	0.00575	0.00727	0.00330	0.00323
2	0.01664	0.08397	0.02468	0.11335	0.33790	0.01713	0.03643	0.02170	0.08234	0.05299	0.01443	0.01796	0.01178	0.00940	0.04280	0.00258	0.09426	0.00617	0.00386	0.00964
3	0.01653	0.08434	0.08724	0.16852	0.16111	0.03813	0.01540	0.12368	0.04108	0.04324	0.02308	0.02476	0.12695	0.00865	0.00676	0.00210	0.00755	0.00719	0.00452	0.00914
4	0.01309	0.05469	0.06011	0.01213	0.04110	0.01041	0.00934	0.01513	0.01219	0.08525	0.01961	0.06739	0.01924	0.24994	0.26049	0.00651	0.04415	0.00823	0.00429	0.00671
5	0.01756	0.01724	0.02121	0.15059	0.26399	0.13398	0.01605	0.08719	0.05355	0.02289	0.07353	0.02007	0.01560	0.00956	0.03790	0.00247	0.03674	0.00649	0.00423	0.00917
6	0.05421	0.03502	0.07966	0.07150	0.06210	0.05890	0.18923	0.05153	0.05639	0.08156	0.01782	0.07739	0.01542	0.07894	0.03752	0.00296	0.00890	0.00784	0.00449	0.00863
7	0.09373	0.06035	0.05856	0.06871	0.07777	0.08409	0.15103	0.02073	0.04582	0.06677	0.01643	0.02399	0.01437	0.12183	0.03351	0.00310	0.00881	0.03803	0.00418	0.00819
8	0.14801	0.01577	0.08707	0.05206	0.08092	0.05012	0.14514	0.04907	0.01582	0.02369	0.09671	0.13775	0.04936	0.01004	0.00705	0.00225	0.00736	0.00903	0.00469	0.00809
9	0.01404	0.01169	0.01567	0.12320	0.07274	0.03238	0.05109	0.08022	0.08941	0.03907	0.09444	0.16783	0.08784	0.05604	0.00909	0.00255	0.00628	0.01050	0.02807	0.00786
10	0.05548	0.13667	0.05257	0.15027	0.08905	0.01520	0.04908	0.01784	0.04900	0.01902	0.01952	0.02532	0.08166	0.12759	0.01158	0.00278	0.04218	0.00704	0.00388	0.04426
11	0.13249	0.01702	0.05525	0.09616	0.11594	0.06349	0.13888	0.06525	0.10857	0.04596	0.01613	0.05601	0.01316	0.00791	0.00736	0.00223	0.03769	0.00689	0.00447	0.00914
12	0.05599	0.01498	0.05247	0.16940	0.13956	0.03444	0.08609	0.09985	0.01693	0.02325	0.02311	0.04966	0.12760	0.00883	0.00693	0.00211	0.00754	0.00777	0.00441	0.06908
13	0.01690	0.05413	0.03626	0.02232	0.19895	0.05351	0.08858	0.06336	0.07798	0.05631	0.08594	0.05674	0.03582	0.00891	0.00842	0.00215	0.07626	0.00762	0.00476	0.04509
14	0.01739	0.04687	0.11320	0.04978	0.15551	0.05024	0.05192	0.13654	0.03042	0.04589	0.05969	0.02039	0.01507	0.04573	0.04723	0.00284	0.09104	0.00660	0.00440	0.00926

[dist]
# distance from previous block
# <min> <max>
14	834

# created by:
# /home/berkeley/.conda/envs/busco_data_prod/bin/msa2prfl.pl pipeline/OGs_align_augustus/5794/4079.fs
