[name]
unknown

[dist]
# distance from previous block
# <min> <max>
0	697

[block]
# block no. 0 follows, 25 sequences, length 22
# corresponding to MSA columns:
# 745-766
name=unknown_A
#
# <colnr> <probs for GDERKNQSTAVLIFYWHMCP>
#	G	D	E	R	K	N	Q	S	T	A	V	L	I	F	Y	W	H	M	C	P
0	0.12532	0.06612	0.01749	0.11592	0.07615	0.01483	0.01272	0.02166	0.12773	0.02485	0.02711	0.21946	0.02737	0.01399	0.00804	0.00273	0.00680	0.07704	0.00585	0.00883
1	0.07651	0.27565	0.16550	0.01436	0.02058	0.04969	0.01462	0.02281	0.04274	0.04926	0.12354	0.02636	0.07009	0.00958	0.00675	0.00216	0.00783	0.00732	0.00499	0.00965
2	0.07378	0.02213	0.11439	0.01612	0.02165	0.10035	0.01438	0.19398	0.15162	0.06233	0.07483	0.02377	0.01984	0.00950	0.00737	0.00234	0.00810	0.00737	0.06516	0.01098
3	0.01494	0.01605	0.08912	0.02104	0.18116	0.01316	0.01427	0.02154	0.11102	0.02554	0.08932	0.03824	0.20031	0.01154	0.00792	0.00230	0.00660	0.00990	0.00578	0.12025
4	0.01506	0.00923	0.01254	0.01188	0.01391	0.00954	0.00897	0.04417	0.01630	0.11703	0.10768	0.13480	0.03136	0.10942	0.31320	0.00745	0.01231	0.01119	0.00614	0.00782
5	0.01036	0.00870	0.01089	0.12372	0.01779	0.00838	0.00883	0.01302	0.01757	0.02208	0.14936	0.14585	0.40010	0.01773	0.00902	0.00265	0.00501	0.01519	0.00678	0.00696
6	0.01804	0.01511	0.01709	0.01288	0.01928	0.01329	0.01029	0.09087	0.12632	0.02898	0.01726	0.01849	0.01369	0.00692	0.00631	0.00152	0.00611	0.00554	0.00548	0.56652
7	0.01643	0.12927	0.16389	0.01631	0.02340	0.03572	0.08238	0.02094	0.01645	0.02316	0.01861	0.08205	0.04001	0.00858	0.00688	0.00192	0.00818	0.00729	0.00437	0.29418
8	0.01640	0.08058	0.22687	0.02207	0.14717	0.01560	0.01845	0.02150	0.01631	0.06747	0.06752	0.02430	0.01841	0.02192	0.19613	0.00509	0.01239	0.00730	0.00446	0.01005
9	0.01827	0.00964	0.01294	0.01161	0.01467	0.00876	0.00928	0.02172	0.02143	0.22415	0.39203	0.05281	0.05300	0.01480	0.00897	0.00259	0.00503	0.10062	0.00865	0.00904
10	0.01582	0.01101	0.01625	0.04564	0.17183	0.01050	0.01215	0.01876	0.01805	0.11899	0.14083	0.25410	0.10335	0.01558	0.00879	0.00265	0.00594	0.01394	0.00683	0.00899
11	0.02391	0.04419	0.09231	0.02163	0.10920	0.18935	0.01663	0.16686	0.04473	0.08335	0.01960	0.02589	0.01625	0.01148	0.03234	0.00275	0.01035	0.07270	0.00566	0.01084
12	0.01149	0.00780	0.01068	0.01068	0.01136	0.00848	0.00746	0.01238	0.01169	0.01628	0.02104	0.03678	0.02170	0.29493	0.36367	0.12063	0.01397	0.00915	0.00424	0.00561
13	0.01918	0.02426	0.13976	0.02769	0.23480	0.15843	0.04539	0.02537	0.07297	0.02541	0.12718	0.02505	0.02260	0.00901	0.00781	0.00233	0.00957	0.00776	0.00491	0.01053
14	0.01608	0.01378	0.01608	0.01148	0.01837	0.01034	0.00919	0.01952	0.01608	0.02527	0.01378	0.01608	0.01148	0.00574	0.00574	0.00115	0.00574	0.00459	0.00459	0.77491
15	0.01891	0.01569	0.01844	0.07594	0.05033	0.01623	0.01268	0.05883	0.32963	0.05374	0.02321	0.02329	0.01764	0.00857	0.00720	0.00213	0.00663	0.00712	0.00637	0.24742
16	0.04938	0.01850	0.14873	0.01488	0.02121	0.01299	0.05642	0.07194	0.01880	0.02771	0.11672	0.05511	0.08296	0.00993	0.00739	0.00206	0.00709	0.00843	0.00547	0.26429
17	0.01961	0.34327	0.27708	0.01748	0.02545	0.09869	0.01909	0.02595	0.06650	0.02176	0.01367	0.01533	0.01096	0.00735	0.00631	0.00207	0.00993	0.00518	0.00373	0.01058
18	0.02102	0.02438	0.30043	0.01813	0.02536	0.01495	0.04673	0.02660	0.01841	0.22829	0.08960	0.05058	0.02106	0.01006	0.00936	0.00255	0.06735	0.00809	0.00597	0.01107
19	0.00954	0.00779	0.00853	0.00859	0.01085	0.00678	0.00638	0.01174	0.01783	0.02222	0.16138	0.12661	0.50344	0.02117	0.03933	0.00307	0.00467	0.01616	0.00726	0.00665
20	0.01743	0.01674	0.02300	0.08805	0.22144	0.10335	0.08249	0.02146	0.01750	0.02389	0.07169	0.02507	0.01894	0.01553	0.10691	0.00373	0.01074	0.00773	0.11490	0.00941
21	0.02077	0.01586	0.02013	0.02009	0.11407	0.01777	0.01391	0.16974	0.14217	0.08410	0.02126	0.02592	0.01748	0.09233	0.09540	0.00428	0.10006	0.00797	0.00605	0.01063

[dist]
# distance from previous block
# <min> <max>
0	17

[block]
# block no. 1 follows, 25 sequences, length 12
# corresponding to MSA columns:
# 788-799
name=unknown_B
#
# <colnr> <probs for GDERKNQSTAVLIFYWHMCP>
#	G	D	E	R	K	N	Q	S	T	A	V	L	I	F	Y	W	H	M	C	P
0	0.02120	0.01991	0.06901	0.02362	0.14911	0.07972	0.01693	0.05104	0.13233	0.10778	0.01940	0.04795	0.01578	0.01056	0.01248	0.00268	0.19660	0.00765	0.00541	0.01083
1	0.12016	0.02003	0.02323	0.02173	0.11740	0.09090	0.08152	0.26425	0.02398	0.03347	0.01679	0.02194	0.01394	0.10337	0.01163	0.00302	0.00923	0.00721	0.00560	0.01059
2	0.13470	0.00905	0.01023	0.01029	0.01242	0.00898	0.00790	0.01502	0.01778	0.02668	0.27128	0.13067	0.13626	0.06649	0.01089	0.00307	0.00498	0.10912	0.00712	0.00706
3	0.01464	0.01378	0.02326	0.70887	0.05340	0.01723	0.02153	0.01981	0.01550	0.01981	0.01378	0.02067	0.01034	0.00775	0.00775	0.00258	0.01034	0.00689	0.00345	0.00861
4	0.01188	0.00918	0.01224	0.01193	0.01243	0.01064	0.00856	0.01320	0.01222	0.01718	0.02342	0.12792	0.02560	0.30997	0.23925	0.00783	0.12464	0.01105	0.00465	0.00621
5	0.00916	0.00785	0.00785	0.00785	0.01047	0.00655	0.00589	0.01113	0.01767	0.02095	0.07855	0.07462	0.67599	0.01964	0.00916	0.00262	0.00393	0.01636	0.00720	0.00655
6	0.01128	0.00752	0.00846	0.00846	0.00846	0.00752	0.00470	0.01128	0.01128	0.01503	0.02443	0.05074	0.02819	0.72751	0.03946	0.00752	0.00752	0.01128	0.00470	0.00470
7	0.24266	0.01711	0.01551	0.01300	0.01747	0.06864	0.01047	0.25661	0.02332	0.03727	0.01762	0.01924	0.01333	0.00853	0.00623	0.00219	0.00692	0.00609	0.20790	0.00991
8	0.10579	0.25128	0.02539	0.01731	0.07411	0.24031	0.01307	0.02376	0.01775	0.02125	0.01972	0.07149	0.07070	0.00959	0.00656	0.00210	0.00930	0.00704	0.00437	0.00910
9	0.01339	0.01168	0.01864	0.01803	0.09095	0.01062	0.10795	0.01689	0.01792	0.02530	0.21230	0.23296	0.04080	0.01425	0.00865	0.00245	0.00629	0.01329	0.00629	0.13135
10	0.01817	0.05656	0.30476	0.02149	0.08233	0.01619	0.08714	0.02430	0.01708	0.08169	0.01543	0.01771	0.01148	0.00698	0.00710	0.00208	0.00940	0.00601	0.00428	0.20979
11	0.01281	0.00841	0.01049	0.01089	0.01203	0.00839	0.00740	0.01578	0.07049	0.06863	0.03408	0.36975	0.03766	0.22620	0.06602	0.00495	0.00680	0.01579	0.00651	0.00691

[dist]
# distance from previous block
# <min> <max>
0	1

[block]
# block no. 2 follows, 25 sequences, length 12
# corresponding to MSA columns:
# 801-812
name=unknown_C
#
# <colnr> <probs for GDERKNQSTAVLIFYWHMCP>
#	G	D	E	R	K	N	Q	S	T	A	V	L	I	F	Y	W	H	M	C	P
0	0.02323	0.25602	0.02701	0.01586	0.02141	0.08885	0.01347	0.18689	0.23268	0.03056	0.01961	0.01949	0.01522	0.00869	0.00681	0.00217	0.00819	0.00644	0.00598	0.01142
1	0.01927	0.25405	0.11477	0.01464	0.02166	0.11093	0.01391	0.02295	0.01681	0.02203	0.01258	0.01465	0.01056	0.00655	0.00588	0.00160	0.00845	0.00465	0.00392	0.32012
2	0.01220	0.01512	0.16376	0.01256	0.01551	0.01045	0.01139	0.01494	0.01273	0.01794	0.02112	0.03786	0.02181	0.39647	0.19652	0.00760	0.01173	0.00927	0.00424	0.00679
3	0.01555	0.04011	0.68733	0.02210	0.03356	0.01801	0.02865	0.02455	0.01637	0.02455	0.01391	0.01637	0.00982	0.00737	0.00737	0.00246	0.01146	0.00573	0.00327	0.01146
4	0.01528	0.01952	0.14763	0.13150	0.13471	0.05327	0.08427	0.02009	0.01729	0.02309	0.06897	0.13011	0.06798	0.01184	0.00841	0.00261	0.00897	0.04026	0.00488	0.00933
5	0.21550	0.04955	0.23606	0.06798	0.02950	0.01818	0.14622	0.02548	0.04749	0.07200	0.01533	0.01776	0.01119	0.00746	0.00706	0.00246	0.00960	0.00634	0.00446	0.01037
6	0.02095	0.02215	0.16171	0.02860	0.24078	0.01921	0.02067	0.08465	0.01841	0.11275	0.01590	0.01898	0.01228	0.00917	0.01185	0.00261	0.17641	0.00676	0.00475	0.01142
7	0.01268	0.00850	0.00976	0.00910	0.01188	0.00734	0.00695	0.01526	0.01943	0.10151	0.24496	0.06416	0.42530	0.01737	0.00900	0.00254	0.00416	0.01469	0.00787	0.00755
8	0.01914	0.01898	0.09158	0.20233	0.08953	0.01801	0.17676	0.02672	0.10365	0.10113	0.01844	0.02173	0.01361	0.00830	0.00921	0.00259	0.05507	0.00769	0.00489	0.01066
9	0.07448	0.12129	0.19937	0.02391	0.15932	0.16336	0.01926	0.02705	0.01823	0.10253	0.01501	0.01687	0.01141	0.00756	0.00691	0.00221	0.01016	0.00575	0.00441	0.01090
10	0.01092	0.00773	0.01014	0.01084	0.01181	0.00762	0.00787	0.01298	0.01579	0.02146	0.16577	0.24076	0.04599	0.19218	0.08247	0.00501	0.00709	0.13063	0.00658	0.00635
11	0.02013	0.01651	0.02687	0.03711	0.46709	0.01688	0.01996	0.02394	0.01744	0.11109	0.01889	0.08526	0.01661	0.00952	0.00960	0.00250	0.07583	0.00842	0.00487	0.01148

[dist]
# distance from previous block
# <min> <max>
4	27

[block]
# block no. 3 follows, 25 sequences, length 40
# corresponding to MSA columns:
# 840-879
name=unknown_D
#
# <colnr> <probs for GDERKNQSTAVLIFYWHMCP>
#	G	D	E	R	K	N	Q	S	T	A	V	L	I	F	Y	W	H	M	C	P
0	0.01897	0.07251	0.18400	0.18630	0.05458	0.09508	0.01880	0.09180	0.02004	0.05232	0.11110	0.02368	0.02004	0.00900	0.00758	0.00236	0.00952	0.00729	0.00493	0.01006
1	0.01874	0.01899	0.04607	0.20918	0.02941	0.13520	0.01584	0.11359	0.04478	0.02544	0.05031	0.03364	0.08480	0.01159	0.00935	0.00261	0.05726	0.07870	0.00533	0.00916
2	0.01062	0.00724	0.00865	0.00930	0.00946	0.00708	0.00560	0.01110	0.01256	0.01675	0.03103	0.29274	0.03651	0.47416	0.02881	0.00594	0.00643	0.01515	0.00560	0.00527
3	0.07123	0.01683	0.02413	0.07030	0.27756	0.04237	0.06016	0.04762	0.04748	0.02726	0.09052	0.02304	0.01913	0.00807	0.00740	0.00217	0.00810	0.00729	0.00490	0.14445
4	0.11253	0.17846	0.02403	0.01653	0.04589	0.25117	0.01299	0.06797	0.01938	0.05391	0.01328	0.01492	0.01077	0.00733	0.00619	0.00187	0.00950	0.00498	0.00454	0.14375
5	0.01998	0.01700	0.01792	0.01592	0.02043	0.01961	0.01244	0.08294	0.62226	0.03356	0.03068	0.02823	0.02295	0.01044	0.00788	0.00261	0.00630	0.00864	0.00788	0.01233
6	0.01577	0.00908	0.01133	0.01027	0.01322	0.00801	0.00796	0.01867	0.02030	0.17414	0.30473	0.08222	0.24225	0.01610	0.00893	0.00255	0.00454	0.03330	0.00827	0.00836
7	0.01124	0.00766	0.00916	0.00916	0.00940	0.00790	0.00557	0.01173	0.01148	0.01555	0.02379	0.04719	0.02665	0.61038	0.15449	0.00838	0.00984	0.01076	0.00460	0.00509
8	0.14916	0.14627	0.09520	0.01511	0.02112	0.08731	0.01382	0.18475	0.02204	0.10665	0.01672	0.01760	0.01240	0.00816	0.00647	0.00217	0.00830	0.00581	0.07022	0.01073
9	0.02108	0.53729	0.06670	0.01583	0.02235	0.09635	0.05756	0.02530	0.05704	0.01993	0.01267	0.01438	0.01093	0.00704	0.00575	0.00185	0.00920	0.00493	0.00371	0.01010
10	0.02042	0.50850	0.15166	0.01749	0.06317	0.08389	0.01675	0.02414	0.01650	0.01984	0.01166	0.01367	0.01007	0.00689	0.00573	0.00187	0.00938	0.00466	0.00340	0.01028
11	0.23500	0.01884	0.01891	0.12213	0.02449	0.13905	0.01395	0.02553	0.01641	0.13990	0.01480	0.01743	0.01125	0.00921	0.01059	0.00257	0.15962	0.00594	0.00499	0.00939
12	0.01187	0.00959	0.01393	0.01360	0.01461	0.01166	0.01060	0.01424	0.01271	0.01838	0.02212	0.12905	0.02243	0.04541	0.47909	0.00952	0.13958	0.01004	0.00446	0.00710
13	0.01030	0.00768	0.00968	0.01046	0.01199	0.00707	0.00785	0.01275	0.01780	0.02348	0.20878	0.29459	0.20089	0.02060	0.00968	0.00292	0.00462	0.12457	0.00752	0.00676
14	0.00960	0.00693	0.00910	0.01055	0.01125	0.00642	0.00715	0.01123	0.01575	0.02109	0.11418	0.62103	0.08066	0.02316	0.00978	0.00305	0.00438	0.02091	0.00735	0.00642
15	0.01464	0.01378	0.02326	0.70887	0.05340	0.01723	0.02153	0.01981	0.01550	0.01981	0.01378	0.02067	0.01034	0.00775	0.00775	0.00258	0.01034	0.00689	0.00345	0.00861
16	0.01151	0.00785	0.01016	0.01006	0.01111	0.00827	0.00713	0.01361	0.01416	0.02055	0.13700	0.04183	0.03178	0.26765	0.27878	0.00784	0.01140	0.01017	0.09284	0.00629
17	0.00945	0.00675	0.00900	0.01080	0.01125	0.00630	0.00720	0.01080	0.01484	0.01979	0.04274	0.72245	0.05128	0.02429	0.00990	0.00315	0.00450	0.02204	0.00720	0.00630
18	0.01449	0.01507	0.02937	0.02223	0.02749	0.01424	0.35912	0.01910	0.01710	0.02256	0.03408	0.03754	0.19807	0.01922	0.12948	0.00434	0.01187	0.01101	0.00488	0.00875
19	0.65882	0.01610	0.01334	0.01145	0.01648	0.01848	0.00944	0.12619	0.01701	0.03710	0.01208	0.01358	0.00918	0.00754	0.00528	0.00239	0.00641	0.00465	0.00528	0.00918
20	0.02642	0.03175	0.01939	0.01774	0.02136	0.57579	0.01331	0.02870	0.02097	0.02071	0.01431	0.01659	0.01172	0.00817	0.00672	0.00196	0.01217	0.00538	0.13813	0.00868
21	0.04698	0.24044	0.24305	0.01777	0.02534	0.14787	0.01845	0.08856	0.01948	0.06496	0.01402	0.01548	0.01075	0.00759	0.00657	0.00212	0.01022	0.00533	0.00430	0.01073
22	0.01153	0.00773	0.01041	0.01041	0.01100	0.00832	0.00713	0.01219	0.01160	0.01605	0.02119	0.03796	0.02219	0.33578	0.31700	0.12748	0.01302	0.00932	0.00426	0.00544
23	0.02149	0.33405	0.07559	0.04198	0.07568	0.18219	0.01564	0.04885	0.01848	0.02157	0.05776	0.01745	0.01464	0.00808	0.00714	0.00202	0.03782	0.00566	0.00406	0.00986
24	0.01307	0.01017	0.01243	0.01169	0.01386	0.01084	0.00865	0.01929	0.14886	0.02240	0.09816	0.03864	0.05598	0.18806	0.25433	0.00702	0.01113	0.00979	0.00569	0.05993
25	0.01840	0.07139	0.19856	0.01848	0.02492	0.01779	0.08935	0.06562	0.13219	0.06875	0.11452	0.02567	0.02260	0.00963	0.00898	0.00245	0.05651	0.00799	0.00566	0.04056
26	0.02050	0.04612	0.02497	0.03198	0.37904	0.10077	0.01773	0.02405	0.01864	0.09896	0.02714	0.02880	0.12884	0.00957	0.00776	0.00231	0.00855	0.00832	0.00508	0.01088
27	0.02307	0.01058	0.01313	0.01108	0.01489	0.00988	0.00880	0.02767	0.06402	0.31493	0.13459	0.03257	0.02857	0.01050	0.00723	0.00222	0.00509	0.00869	0.26228	0.01018
28	0.01081	0.00754	0.01015	0.01044	0.01158	0.00750	0.00751	0.01233	0.01525	0.02077	0.17187	0.20291	0.11295	0.06230	0.18358	0.11795	0.00873	0.01356	0.00606	0.00620
29	0.01888	0.20399	0.02699	0.01720	0.02177	0.12927	0.12345	0.02277	0.04042	0.04801	0.09288	0.09572	0.02434	0.01444	0.06120	0.00309	0.00995	0.03140	0.00512	0.00909
30	0.02073	0.73217	0.04063	0.01327	0.01990	0.03068	0.01327	0.02322	0.01575	0.01824	0.01078	0.01244	0.00995	0.00663	0.00498	0.00166	0.00829	0.00415	0.00332	0.00995
31	0.01109	0.00844	0.01054	0.01147	0.01358	0.00789	0.00957	0.01404	0.01806	0.02286	0.09890	0.08044	0.29269	0.02034	0.01000	0.00312	0.00565	0.34714	0.00726	0.00692
32	0.01506	0.01814	0.13839	0.13648	0.23840	0.01526	0.01939	0.01965	0.01561	0.02208	0.01909	0.11832	0.01804	0.01821	0.12166	0.00420	0.03914	0.00902	0.00418	0.00969
33	0.01840	0.02696	0.21550	0.32511	0.06448	0.17519	0.02216	0.02392	0.01734	0.02120	0.01343	0.01782	0.01018	0.00766	0.00746	0.00240	0.01147	0.00611	0.00354	0.00966
34	0.02146	0.01859	0.02254	0.01916	0.02067	0.09859	0.01576	0.02342	0.01484	0.13521	0.01396	0.01827	0.01173	0.01224	0.02024	0.00306	0.50959	0.00676	0.00455	0.00936
35	0.01211	0.00761	0.01013	0.01083	0.01210	0.00700	0.00761	0.01414	0.01715	0.08297	0.18690	0.50634	0.05338	0.02101	0.00953	0.00292	0.00450	0.01890	0.00772	0.00716
36	0.01740	0.01942	0.10336	0.13120	0.22975	0.01695	0.20310	0.02288	0.01787	0.04857	0.06698	0.02512	0.04498	0.00828	0.00826	0.00248	0.01001	0.00839	0.00445	0.01055
37	0.01408	0.00852	0.01249	0.01190	0.01190	0.00971	0.00852	0.01160	0.01041	0.01438	0.01289	0.02241	0.01289	0.02460	0.02945	0.63949	0.13038	0.00674	0.00337	0.00426
38	0.01587	0.01385	0.02180	0.58698	0.04690	0.01689	0.01949	0.07277	0.01733	0.02308	0.01524	0.02125	0.01144	0.00800	0.00754	0.00249	0.00957	0.00693	0.07372	0.00887
39	0.02001	0.04746	0.07521	0.19881	0.21661	0.04683	0.11267	0.13816	0.02066	0.02762	0.01499	0.01904	0.01154	0.00756	0.00777	0.00240	0.01024	0.00698	0.00442	0.01100

[dist]
# distance from previous block
# <min> <max>
0	1

[block]
# block no. 4 follows, 25 sequences, length 42
# corresponding to MSA columns:
# 881-907,914-928
name=unknown_E
#
# <colnr> <probs for GDERKNQSTAVLIFYWHMCP>
#	G	D	E	R	K	N	Q	S	T	A	V	L	I	F	Y	W	H	M	C	P
0	0.01946	0.08541	0.17199	0.11354	0.02660	0.01825	0.01652	0.15498	0.08881	0.06235	0.01919	0.02496	0.01578	0.13403	0.01297	0.00327	0.00889	0.00741	0.00531	0.01028
1	0.01977	0.02079	0.01914	0.13778	0.02586	0.21765	0.01435	0.02837	0.21804	0.02338	0.02254	0.11968	0.02011	0.01147	0.00928	0.00257	0.06520	0.00903	0.00551	0.00952
2	0.01385	0.00839	0.01110	0.01190	0.01348	0.00795	0.00870	0.01666	0.04595	0.11433	0.04030	0.51091	0.04465	0.02122	0.00961	0.00307	0.00521	0.09751	0.00756	0.00765
3	0.01415	0.01192	0.01384	0.01061	0.01604	0.00925	0.00835	0.01737	0.01718	0.02533	0.11813	0.03219	0.13626	0.00959	0.00682	0.00159	0.00513	0.00798	0.00560	0.53267
4	0.01207	0.01474	0.12844	0.01185	0.01610	0.01050	0.01105	0.01842	0.10940	0.02526	0.18212	0.05461	0.34506	0.01544	0.00867	0.00255	0.00550	0.01296	0.00688	0.00837
5	0.01929	0.18866	0.12153	0.15089	0.15213	0.02072	0.01883	0.06642	0.01771	0.05559	0.01420	0.01742	0.01124	0.00762	0.00780	0.00220	0.04618	0.00594	0.00415	0.07149
6	0.01612	0.11411	0.02425	0.32255	0.07744	0.01686	0.05534	0.02041	0.01656	0.04961	0.08578	0.02496	0.01887	0.01336	0.07451	0.00334	0.00998	0.00759	0.03937	0.00898
7	0.02026	0.06896	0.10954	0.01969	0.06278	0.06074	0.06183	0.05673	0.01846	0.12220	0.09534	0.02586	0.05173	0.01077	0.01203	0.00259	0.17700	0.00800	0.00541	0.01009
8	0.01934	0.35765	0.13002	0.02344	0.16602	0.02430	0.05682	0.02555	0.08549	0.02261	0.01457	0.01674	0.01201	0.00721	0.00647	0.00208	0.00901	0.00577	0.00395	0.01095
9	0.01046	0.00788	0.00978	0.01019	0.01200	0.00720	0.00780	0.01321	0.01875	0.02481	0.28121	0.18404	0.23745	0.01940	0.00956	0.00281	0.00450	0.12440	0.00767	0.00689
10	0.01735	0.02777	0.34549	0.02741	0.18880	0.01707	0.07124	0.02508	0.06165	0.05677	0.01852	0.07490	0.01527	0.00886	0.00784	0.00249	0.00988	0.00788	0.00440	0.01131
11	0.12967	0.13410	0.02253	0.01871	0.13356	0.01797	0.01295	0.12512	0.02007	0.03020	0.10682	0.02182	0.01988	0.00831	0.00663	0.00199	0.00697	0.00659	0.00536	0.17074
12	0.01324	0.05435	0.08872	0.01784	0.10903	0.01235	0.01316	0.01648	0.01655	0.02267	0.12419	0.21510	0.07982	0.05964	0.01184	0.00306	0.05520	0.07272	0.00585	0.00820
13	0.01298	0.00778	0.01013	0.01087	0.01236	0.00704	0.00764	0.01463	0.01621	0.11344	0.04522	0.54866	0.11993	0.02168	0.00952	0.00298	0.00473	0.01937	0.00754	0.00730
14	0.02387	0.08807	0.07757	0.06461	0.10676	0.06463	0.01581	0.10856	0.11185	0.17114	0.02025	0.02067	0.01473	0.00835	0.00726	0.00223	0.00834	0.00670	0.00610	0.07249
15	0.01858	0.01806	0.02262	0.20097	0.24818	0.12753	0.01797	0.02348	0.04720	0.02359	0.01786	0.02471	0.01499	0.00865	0.00746	0.00235	0.00923	0.04479	0.11202	0.00979
16	0.78228	0.01499	0.01140	0.01020	0.01499	0.01739	0.00840	0.02279	0.01320	0.03479	0.01080	0.01260	0.00840	0.00720	0.00480	0.00240	0.00600	0.00420	0.00480	0.00840
17	0.01419	0.00870	0.01139	0.01080	0.01260	0.00884	0.00791	0.01606	0.01423	0.11132	0.03159	0.04226	0.11690	0.24324	0.30649	0.00816	0.01243	0.01028	0.00552	0.00709
18	0.01175	0.00763	0.00838	0.00819	0.01026	0.00704	0.00615	0.01487	0.01844	0.02711	0.24030	0.05194	0.23957	0.01440	0.00772	0.00225	0.00372	0.01214	0.30109	0.00704
19	0.01108	0.00831	0.01246	0.01246	0.01385	0.00969	0.00969	0.01385	0.01246	0.01800	0.02077	0.03046	0.01938	0.05815	0.69678	0.01246	0.02077	0.00831	0.00415	0.00692
20	0.01013	0.00783	0.00887	0.00865	0.01060	0.00697	0.00625	0.01245	0.01836	0.02389	0.29268	0.06505	0.36076	0.11782	0.01342	0.00324	0.00433	0.01478	0.00734	0.00657
21	0.01577	0.01498	0.02054	0.01786	0.01786	0.02034	0.01439	0.01711	0.01175	0.01790	0.01317	0.02405	0.01396	0.16332	0.02839	0.00426	0.56528	0.00773	0.00367	0.00769
22	0.78228	0.01499	0.01140	0.01020	0.01499	0.01739	0.00840	0.02279	0.01320	0.03479	0.01080	0.01260	0.00840	0.00720	0.00480	0.00240	0.00600	0.00420	0.00480	0.00840
23	0.01464	0.01378	0.02326	0.70887	0.05340	0.01723	0.02153	0.01981	0.01550	0.01981	0.01378	0.02067	0.01034	0.00775	0.00775	0.00258	0.01034	0.00689	0.00345	0.00861
24	0.02073	0.73217	0.04063	0.01327	0.01990	0.03068	0.01327	0.02322	0.01575	0.01824	0.01078	0.01244	0.00995	0.00663	0.00498	0.00166	0.00829	0.00415	0.00332	0.00995
25	0.01908	0.01876	0.02984	0.13709	0.55854	0.05399	0.02302	0.02363	0.01759	0.02424	0.01434	0.01912	0.01189	0.00708	0.00765	0.00233	0.00962	0.00681	0.00379	0.01160
26	0.01493	0.01089	0.01406	0.10946	0.01906	0.03414	0.05192	0.03930	0.01630	0.02483	0.02333	0.09457	0.02091	0.07986	0.03337	0.00307	0.02851	0.00905	0.36484	0.00760
27	0.01291	0.00864	0.01208	0.04221	0.01621	0.00852	0.01099	0.01575	0.01699	0.06249	0.03984	0.29863	0.04391	0.02110	0.01013	0.00331	0.00633	0.35549	0.00716	0.00728
28	0.01503	0.01431	0.02334	0.59497	0.04794	0.01831	0.02078	0.01962	0.01490	0.01962	0.01319	0.02006	0.01031	0.00871	0.01068	0.00272	0.12664	0.00687	0.00344	0.00859
29	0.01608	0.01378	0.01608	0.01148	0.01837	0.01034	0.00919	0.01952	0.01608	0.02527	0.01378	0.01608	0.01148	0.00574	0.00574	0.00115	0.00574	0.00459	0.00459	0.77491
30	0.00950	0.00787	0.00832	0.00820	0.01068	0.00669	0.00615	0.01177	0.01846	0.02282	0.18850	0.07154	0.56487	0.01894	0.00916	0.00259	0.00388	0.01593	0.00745	0.00669
31	0.00989	0.00766	0.00862	0.00875	0.01051	0.00681	0.00619	0.01182	0.01721	0.02200	0.18836	0.15878	0.36782	0.12453	0.01376	0.00338	0.00448	0.01593	0.00710	0.00640
32	0.01024	0.00790	0.00935	0.00899	0.01113	0.00700	0.00674	0.01321	0.02022	0.02699	0.43384	0.06467	0.31693	0.01738	0.00915	0.00251	0.00377	0.01497	0.00800	0.00700
33	0.00998	0.00776	0.00864	0.00881	0.01062	0.00692	0.00633	0.01186	0.01691	0.02135	0.14788	0.12826	0.38969	0.14330	0.01460	0.00354	0.00473	0.04556	0.00695	0.00634
34	0.01956	0.02191	0.02612	0.40021	0.04253	0.22548	0.11055	0.02395	0.01789	0.02028	0.01351	0.01866	0.01044	0.00765	0.00772	0.00241	0.01185	0.00664	0.00368	0.00899
35	0.02057	0.00972	0.01177	0.01055	0.01362	0.00917	0.00813	0.05388	0.01883	0.23478	0.03023	0.17048	0.02580	0.01237	0.00721	0.00230	0.00498	0.01045	0.33596	0.00921
36	0.02422	0.01874	0.02620	0.08817	0.34565	0.05811	0.01910	0.14052	0.02200	0.15377	0.01813	0.02026	0.01346	0.00799	0.00768	0.00233	0.00897	0.00698	0.00562	0.01212
37	0.02244	0.02306	0.12018	0.19729	0.07170	0.16191	0.01811	0.06408	0.04292	0.13898	0.01875	0.05404	0.01451	0.00902	0.00765	0.00240	0.01002	0.00729	0.00524	0.01043
38	0.01262	0.00805	0.01006	0.01026	0.01125	0.00779	0.00712	0.01411	0.01507	0.06048	0.12420	0.15083	0.04010	0.36522	0.02424	0.00520	0.00642	0.11444	0.00631	0.00623
39	0.08596	0.04791	0.01927	0.01831	0.11040	0.01322	0.08486	0.05707	0.01830	0.06002	0.06265	0.15843	0.20462	0.01406	0.00832	0.00256	0.00665	0.01236	0.00615	0.00889
40	0.02395	0.14722	0.07421	0.02263	0.14965	0.13412	0.01647	0.09785	0.12123	0.11061	0.01855	0.01930	0.01406	0.00824	0.00712	0.00222	0.00913	0.00643	0.00552	0.01148
41	0.15697	0.01380	0.01471	0.01252	0.01681	0.04612	0.00995	0.06355	0.07450	0.26024	0.10372	0.06995	0.02546	0.01076	0.00729	0.00238	0.00613	0.00863	0.08618	0.01033

[dist]
# distance from previous block
# <min> <max>
0	2

[block]
# block no. 5 follows, 25 sequences, length 56
# corresponding to MSA columns:
# 931-934,946-997
name=unknown_F
#
# <colnr> <probs for GDERKNQSTAVLIFYWHMCP>
#	G	D	E	R	K	N	Q	S	T	A	V	L	I	F	Y	W	H	M	C	P
0	0.02100	0.10242	0.20096	0.04226	0.07805	0.10969	0.08453	0.07874	0.12598	0.05581	0.01758	0.01914	0.01323	0.00803	0.00742	0.00233	0.01009	0.00663	0.00489	0.01120
1	0.01658	0.01414	0.01826	0.01645	0.06858	0.01435	0.01212	0.02137	0.07407	0.04699	0.12400	0.02489	0.02273	0.00983	0.01121	0.00213	0.16729	0.00730	0.00537	0.32233
2	0.04637	0.18658	0.25666	0.02311	0.12969	0.15947	0.02039	0.02602	0.04212	0.02280	0.01350	0.01581	0.01075	0.00737	0.00674	0.00217	0.01053	0.00548	0.00375	0.01068
3	0.02249	0.25920	0.07131	0.01574	0.02086	0.11303	0.01414	0.10150	0.01993	0.09929	0.06674	0.05273	0.01821	0.00979	0.00874	0.00223	0.08163	0.00700	0.00525	0.01016
4	0.01027	0.00779	0.00952	0.00968	0.01153	0.00703	0.00725	0.01302	0.01913	0.02546	0.33633	0.17478	0.25537	0.01885	0.00939	0.00270	0.00415	0.06307	0.00779	0.00689
5	0.01023	0.00698	0.00855	0.00981	0.01078	0.00648	0.00673	0.01204	0.01546	0.02145	0.04470	0.52083	0.13045	0.02115	0.00906	0.00286	0.00428	0.01884	0.13285	0.00648
6	0.01686	0.01611	0.02457	0.19571	0.20454	0.01876	0.01878	0.02044	0.01493	0.02170	0.01277	0.01834	0.01097	0.00921	0.01345	0.00257	0.24838	0.00652	0.00370	0.12168
7	0.01237	0.00905	0.01057	0.01009	0.01239	0.00887	0.00770	0.01823	0.10803	0.02898	0.37107	0.05378	0.15691	0.01500	0.00851	0.00245	0.00417	0.03749	0.11650	0.00785
8	0.01417	0.00858	0.01045	0.00973	0.01203	0.00770	0.00713	0.01648	0.01849	0.12824	0.25122	0.10735	0.22349	0.13371	0.01399	0.00337	0.00490	0.01385	0.00760	0.00752
9	0.01246	0.12712	0.01602	0.01178	0.01370	0.01234	0.00921	0.01458	0.01318	0.01788	0.02286	0.13164	0.02375	0.13987	0.38895	0.00862	0.01445	0.01005	0.00454	0.00701
10	0.01139	0.00834	0.01129	0.01113	0.01194	0.00933	0.00797	0.01308	0.01236	0.01740	0.04771	0.03882	0.02454	0.31255	0.38912	0.00979	0.04297	0.00962	0.00451	0.00614
11	0.01342	0.00765	0.01085	0.01098	0.01161	0.00774	0.00791	0.01291	0.04514	0.01728	0.07186	0.03604	0.02340	0.02440	0.02458	0.55950	0.00652	0.09896	0.00457	0.00469
12	0.01053	0.00765	0.00965	0.01083	0.01191	0.00725	0.00796	0.01234	0.01549	0.02006	0.04497	0.32864	0.14829	0.14611	0.01518	0.00394	0.00564	0.18055	0.00674	0.00628
13	0.01479	0.03479	0.57595	0.02051	0.03026	0.01629	0.02553	0.02270	0.01636	0.02404	0.01853	0.08269	0.01612	0.00993	0.00785	0.00260	0.01052	0.05596	0.00392	0.01068
14	0.01155	0.00830	0.00977	0.01008	0.01085	0.00840	0.00651	0.01465	0.08410	0.01972	0.08467	0.25762	0.03859	0.37257	0.02435	0.00521	0.00611	0.01458	0.00614	0.00623
15	0.01879	0.01049	0.01263	0.01137	0.01483	0.00998	0.00906	0.02425	0.10339	0.20598	0.12857	0.04844	0.17297	0.01395	0.00828	0.00253	0.00521	0.07763	0.11228	0.00936
16	0.00919	0.00777	0.00794	0.00808	0.01053	0.00653	0.00599	0.01110	0.01746	0.02086	0.07580	0.12429	0.62810	0.01999	0.00922	0.00266	0.00397	0.01680	0.00720	0.00653
17	0.02126	0.13896	0.11525	0.05023	0.02425	0.05576	0.01654	0.13752	0.10719	0.06524	0.01785	0.02146	0.01436	0.00995	0.01072	0.00253	0.14337	0.03154	0.00529	0.01073
18	0.01962	0.04246	0.02648	0.06051	0.39832	0.14868	0.01935	0.02338	0.01750	0.02246	0.01495	0.01988	0.01286	0.01558	0.12089	0.00391	0.01205	0.00668	0.00389	0.01055
19	0.01021	0.00730	0.00988	0.01167	0.01246	0.00696	0.00853	0.01212	0.01560	0.02065	0.04231	0.56238	0.04960	0.02357	0.01010	0.00326	0.00516	0.17453	0.00718	0.00651
20	0.01033	0.00721	0.00916	0.01038	0.01081	0.00695	0.00691	0.01146	0.01398	0.01859	0.03666	0.44359	0.04317	0.25113	0.01953	0.00460	0.00573	0.07755	0.00638	0.00586
21	0.01337	0.00892	0.01070	0.00978	0.01245	0.00805	0.00749	0.03842	0.02099	0.09314	0.37878	0.05923	0.27672	0.01632	0.00897	0.00249	0.00422	0.01397	0.00815	0.00784
22	0.01599	0.01739	0.12359	0.01821	0.11602	0.01210	0.01398	0.01929	0.01531	0.02309	0.01386	0.01789	0.01169	0.00989	0.01059	0.13716	0.00733	0.00549	0.00406	0.40707
23	0.47428	0.02220	0.01533	0.01382	0.01833	0.23601	0.01085	0.02700	0.07209	0.02950	0.01296	0.01445	0.01022	0.00774	0.00577	0.00229	0.00858	0.00485	0.00481	0.00892
24	0.01760	0.01708	0.02967	0.26306	0.37450	0.01819	0.08978	0.02337	0.04593	0.02377	0.01520	0.02030	0.01209	0.00731	0.00787	0.00244	0.00986	0.00723	0.00390	0.01087
25	0.01002	0.00789	0.00905	0.00876	0.01100	0.00691	0.00657	0.01279	0.01970	0.02577	0.36199	0.06668	0.38954	0.01784	0.00915	0.00253	0.00380	0.01525	0.00783	0.00691
26	0.01555	0.04011	0.68733	0.02210	0.03356	0.01801	0.02865	0.02455	0.01637	0.02455	0.01391	0.01637	0.00982	0.00737	0.00737	0.00246	0.01146	0.00573	0.00327	0.01146
27	0.01830	0.02092	0.04575	0.03268	0.04052	0.01961	0.65098	0.02484	0.01830	0.02484	0.01569	0.02092	0.01176	0.00654	0.00915	0.00261	0.01307	0.00915	0.00392	0.01046
28	0.01281	0.00674	0.00992	0.01022	0.01029	0.00666	0.00681	0.01022	0.01088	0.01451	0.01829	0.13861	0.01969	0.02650	0.02694	0.64746	0.00637	0.00925	0.00400	0.00385
29	0.01509	0.01389	0.02304	0.44077	0.19132	0.01587	0.01972	0.01988	0.01706	0.02295	0.12282	0.02646	0.02113	0.00889	0.00796	0.00249	0.00898	0.00807	0.00437	0.00925
30	0.01141	0.00781	0.00966	0.00919	0.01108	0.00724	0.00689	0.01493	0.02068	0.02996	0.52236	0.05442	0.11061	0.01502	0.00853	0.00235	0.00367	0.01308	0.13387	0.00724
31	0.00936	0.00769	0.00825	0.00847	0.01069	0.00657	0.00622	0.01138	0.01760	0.02164	0.12429	0.17377	0.52715	0.02003	0.00928	0.00269	0.00399	0.01704	0.00731	0.00657
32	0.01035	0.00807	0.00950	0.00961	0.01182	0.00722	0.00752	0.01316	0.01913	0.02472	0.27070	0.07131	0.36441	0.01869	0.00943	0.00273	0.00440	0.12268	0.00763	0.00691
33	0.02073	0.73217	0.04063	0.01327	0.01990	0.03068	0.01327	0.02322	0.01575	0.01824	0.01078	0.01244	0.00995	0.00663	0.00498	0.00166	0.00829	0.00415	0.00332	0.00995
34	0.01038	0.00742	0.01007	0.01186	0.01272	0.00710	0.00882	0.01241	0.01577	0.02084	0.04222	0.52765	0.04924	0.02341	0.01015	0.00328	0.00531	0.20761	0.00718	0.00656
35	0.02487	0.22515	0.05789	0.01899	0.02547	0.10837	0.10080	0.28777	0.02554	0.03228	0.01499	0.01651	0.01155	0.00794	0.00705	0.00214	0.00987	0.00618	0.00534	0.01131
36	0.35955	0.14308	0.02436	0.01590	0.02160	0.02160	0.10485	0.15053	0.01905	0.03275	0.01307	0.01515	0.01019	0.00764	0.00674	0.00232	0.03116	0.00556	0.00496	0.00994
37	0.01828	0.01104	0.01282	0.01154	0.01472	0.01148	0.00897	0.02683	0.19873	0.13735	0.14153	0.03371	0.03013	0.01450	0.06016	0.00306	0.00613	0.00902	0.24038	0.00961
38	0.22767	0.02466	0.01888	0.01629	0.02109	0.26051	0.01281	0.18225	0.11001	0.03229	0.01593	0.01676	0.01219	0.00844	0.00672	0.00227	0.00947	0.00578	0.00565	0.01030
39	0.01395	0.00829	0.01057	0.01026	0.01206	0.00761	0.00731	0.01609	0.01780	0.11997	0.24471	0.23848	0.09750	0.14241	0.01448	0.00354	0.00502	0.01504	0.00754	0.00737
40	0.01073	0.00748	0.00947	0.01008	0.01052	0.00758	0.00661	0.01176	0.01280	0.01729	0.02992	0.25127	0.03422	0.37194	0.14478	0.00692	0.00892	0.03660	0.00545	0.00566
41	0.13478	0.14604	0.02373	0.01717	0.02204	0.39189	0.01373	0.11959	0.02182	0.02548	0.01259	0.01421	0.01022	0.00785	0.00646	0.00205	0.01111	0.00503	0.00455	0.00968
42	0.01630	0.01007	0.01191	0.01121	0.01449	0.00935	0.00894	0.02089	0.08867	0.16412	0.05510	0.09412	0.32733	0.01704	0.00903	0.00276	0.00531	0.11691	0.00778	0.00867
43	0.01646	0.01500	0.02116	0.01512	0.02217	0.01193	0.11919	0.02043	0.01646	0.02519	0.01411	0.01691	0.01153	0.00588	0.00633	0.00140	0.00700	0.00537	0.00448	0.64388
44	0.05386	0.00860	0.01014	0.00985	0.01225	0.00787	0.00745	0.01542	0.01884	0.08327	0.26454	0.16252	0.25728	0.01760	0.00898	0.00265	0.00440	0.03928	0.00773	0.00747
45	0.13229	0.01672	0.01793	0.01477	0.01951	0.01812	0.01180	0.34552	0.05699	0.10380	0.02349	0.13599	0.02039	0.03630	0.00879	0.00267	0.00717	0.00938	0.00733	0.01104
46	0.01271	0.01046	0.01384	0.01703	0.12227	0.01048	0.01035	0.01784	0.11843	0.02251	0.04017	0.35056	0.13013	0.07249	0.01137	0.00318	0.00568	0.01579	0.00656	0.00814
47	0.00941	0.00691	0.00883	0.01038	0.01114	0.00633	0.00701	0.01084	0.01525	0.01996	0.04783	0.63035	0.14009	0.02363	0.00979	0.00307	0.00442	0.02124	0.00720	0.00633
48	0.01851	0.01749	0.02864	0.06592	0.54741	0.01705	0.02131	0.02295	0.01732	0.02512	0.01442	0.01873	0.01208	0.00675	0.00736	0.00212	0.00868	0.00653	0.00395	0.13768
49	0.01819	0.30089	0.14653	0.13464	0.03343	0.02328	0.19486	0.02333	0.01652	0.02139	0.01316	0.01681	0.01050	0.00691	0.00699	0.00221	0.01049	0.00625	0.00350	0.01012
50	0.01118	0.00808	0.00882	0.00879	0.01131	0.00688	0.00653	0.01312	0.01755	0.07163	0.06897	0.17756	0.52280	0.01963	0.00918	0.00269	0.00423	0.01664	0.00738	0.00701
51	0.02835	0.01384	0.01721	0.01392	0.01884	0.01332	0.01119	0.17702	0.02404	0.39272	0.02951	0.13927	0.02310	0.01192	0.00801	0.00248	0.00656	0.00992	0.04704	0.01176
52	0.01818	0.12068	0.02669	0.12397	0.23179	0.01875	0.05344	0.02574	0.14494	0.04700	0.02482	0.02670	0.08616	0.00915	0.00758	0.00237	0.00819	0.00805	0.00507	0.01072
53	0.02368	0.01911	0.01878	0.01596	0.01954	0.13647	0.01260	0.14938	0.11587	0.12201	0.02078	0.02365	0.01634	0.06504	0.01275	0.00284	0.12430	0.00733	0.08327	0.01029
54	0.00945	0.00675	0.00900	0.01080	0.01125	0.00630	0.00720	0.01080	0.01484	0.01979	0.04274	0.72245	0.05128	0.02429	0.00990	0.00315	0.00450	0.02204	0.00720	0.00630
55	0.02135	0.01842	0.02512	0.13344	0.03035	0.02041	0.12656	0.21526	0.25940	0.03387	0.02203	0.02312	0.01630	0.00901	0.00805	0.00253	0.00875	0.00800	0.00642	0.01162

[dist]
# distance from previous block
# <min> <max>
0	24

[block]
# block no. 6 follows, 25 sequences, length 46
# corresponding to MSA columns:
# 1022-1067
name=unknown_G
#
# <colnr> <probs for GDERKNQSTAVLIFYWHMCP>
#	G	D	E	R	K	N	Q	S	T	A	V	L	I	F	Y	W	H	M	C	P
0	0.01556	0.00970	0.01240	0.01176	0.01487	0.00852	0.00928	0.01827	0.01779	0.13484	0.07745	0.21548	0.12510	0.01701	0.00891	0.00268	0.00554	0.15569	0.00725	0.13191
1	0.01003	0.00758	0.00930	0.00982	0.01143	0.00686	0.00719	0.01241	0.01806	0.02379	0.24514	0.28228	0.24723	0.02013	0.00950	0.00280	0.00424	0.05789	0.00760	0.00674
2	0.02414	0.02001	0.02752	0.03327	0.36375	0.02113	0.01943	0.32686	0.02671	0.03666	0.01653	0.01891	0.01272	0.00806	0.00771	0.00231	0.00888	0.00694	0.00572	0.01272
3	0.15643	0.02055	0.01641	0.01473	0.01838	0.22165	0.01129	0.14759	0.02209	0.02969	0.11815	0.14123	0.02685	0.01206	0.00757	0.00240	0.00832	0.00949	0.00611	0.00901
4	0.01344	0.01013	0.01172	0.01051	0.01327	0.00979	0.00810	0.11678	0.02305	0.03102	0.39602	0.05641	0.23830	0.01589	0.00893	0.00247	0.00452	0.01356	0.00802	0.00804
5	0.00934	0.00716	0.00858	0.00971	0.01096	0.00639	0.00672	0.01092	0.01589	0.02022	0.05594	0.48366	0.28155	0.02258	0.00963	0.00295	0.00429	0.01995	0.00720	0.00639
6	0.01660	0.01425	0.01631	0.01218	0.01866	0.01178	0.00969	0.02303	0.12092	0.02642	0.01665	0.01815	0.01345	0.00651	0.00609	0.00139	0.00581	0.00527	0.00513	0.65171
7	0.01823	0.02045	0.18578	0.02140	0.06069	0.01444	0.17762	0.02379	0.01879	0.13222	0.16119	0.02934	0.02641	0.01303	0.05849	0.00320	0.00995	0.00898	0.00570	0.01030
8	0.01676	0.01359	0.01577	0.11795	0.02188	0.06226	0.01222	0.12526	0.02177	0.04850	0.19190	0.04644	0.10393	0.01653	0.04890	0.00320	0.00792	0.10983	0.00672	0.00867
9	0.01868	0.02044	0.12573	0.01680	0.02233	0.01908	0.01492	0.03851	0.56033	0.03116	0.02871	0.02690	0.02143	0.01001	0.00781	0.00260	0.00700	0.00828	0.00714	0.01214
10	0.01624	0.01689	0.03358	0.16766	0.11354	0.01684	0.34589	0.02143	0.01710	0.02306	0.01954	0.13398	0.01792	0.00969	0.00881	0.00266	0.01068	0.01051	0.00434	0.00963
11	0.01896	0.12385	0.29713	0.02424	0.03319	0.01976	0.26296	0.02562	0.01753	0.08070	0.01561	0.01844	0.01139	0.00714	0.00776	0.00240	0.01123	0.00700	0.00407	0.01102
12	0.01846	0.01767	0.03014	0.15441	0.57806	0.01823	0.02343	0.02315	0.01731	0.02444	0.01445	0.01943	0.01197	0.00704	0.00769	0.00235	0.00939	0.00691	0.00377	0.01169
13	0.00946	0.00787	0.00826	0.00816	0.01065	0.00667	0.00612	0.01169	0.01836	0.02258	0.17490	0.07192	0.57862	0.01903	0.00916	0.00259	0.00388	0.01599	0.00742	0.00667
14	0.01977	0.01492	0.01852	0.01516	0.01951	0.01573	0.06926	0.19428	0.16829	0.06295	0.16213	0.03399	0.06750	0.01127	0.00803	0.00241	0.00652	0.00965	0.08961	0.01049
15	0.00941	0.00751	0.00844	0.00896	0.01082	0.00653	0.00643	0.01132	0.01714	0.02145	0.11851	0.28042	0.42418	0.02080	0.00940	0.00277	0.00409	0.01798	0.00731	0.00653
16	0.01973	0.01436	0.01613	0.01370	0.01743	0.01572	0.01085	0.26574	0.10938	0.03533	0.12778	0.03059	0.02660	0.04253	0.11253	0.00402	0.00857	0.00873	0.11019	0.01008
17	0.02455	0.01957	0.02276	0.02199	0.12862	0.02161	0.01541	0.35579	0.23454	0.03981	0.02210	0.02201	0.01639	0.00931	0.00779	0.00242	0.00788	0.00754	0.00717	0.01275
18	0.19869	0.02177	0.12706	0.01642	0.02269	0.02001	0.01521	0.28088	0.05053	0.10622	0.01736	0.01802	0.01243	0.00884	0.00806	0.00245	0.04926	0.00629	0.00630	0.01150
19	0.02140	0.14793	0.17989	0.09731	0.15794	0.12246	0.02003	0.07961	0.01934	0.06290	0.01458	0.01713	0.01125	0.00758	0.00706	0.00222	0.01020	0.00593	0.00428	0.01094
20	0.01615	0.01604	0.01417	0.01283	0.01596	0.16638	0.00963	0.01959	0.05468	0.02127	0.07150	0.03564	0.12941	0.09984	0.15577	0.00483	0.01056	0.00901	0.00526	0.13148
21	0.01925	0.14165	0.18068	0.04790	0.11641	0.02116	0.11443	0.08306	0.14719	0.02721	0.01766	0.01962	0.01353	0.00787	0.00743	0.00235	0.00952	0.00689	0.00477	0.01138
22	0.02229	0.02381	0.13422	0.03383	0.36492	0.08710	0.02143	0.11077	0.02080	0.08298	0.01610	0.01873	0.01235	0.00764	0.00758	0.00231	0.00975	0.00661	0.00477	0.01201
23	0.01711	0.15115	0.11706	0.09140	0.26580	0.01904	0.01923	0.02164	0.01729	0.02394	0.12015	0.02382	0.02105	0.00883	0.00842	0.00232	0.04965	0.00738	0.00436	0.01038
24	0.00972	0.00689	0.00906	0.01069	0.01114	0.00650	0.00714	0.01102	0.01461	0.01946	0.04096	0.63828	0.04889	0.09036	0.01271	0.00357	0.00487	0.04100	0.00696	0.00618
25	0.00972	0.00686	0.00892	0.01044	0.01083	0.00648	0.00682	0.01087	0.01431	0.01908	0.03998	0.62130	0.04780	0.13018	0.01435	0.00381	0.00495	0.02042	0.00682	0.00606
26	0.02216	0.07551	0.26299	0.02417	0.13809	0.04591	0.02115	0.25751	0.02419	0.03307	0.01549	0.01733	0.01150	0.00798	0.00739	0.00231	0.00988	0.00626	0.00506	0.01205
27	0.01615	0.01557	0.02351	0.01936	0.02196	0.05604	0.16011	0.01945	0.03683	0.02163	0.07124	0.06777	0.03839	0.01544	0.03978	0.08051	0.22908	0.02778	0.03123	0.00817
28	0.01373	0.00868	0.01070	0.00994	0.01260	0.00771	0.00771	0.01673	0.02033	0.11676	0.35229	0.06086	0.26355	0.01657	0.00906	0.00256	0.00435	0.04985	0.00816	0.00786
29	0.02045	0.29334	0.02784	0.01560	0.02059	0.18690	0.03856	0.02296	0.01709	0.02002	0.01513	0.08988	0.01471	0.00915	0.00761	0.00197	0.05454	0.00671	0.00413	0.13282
30	0.01851	0.01780	0.13054	0.04770	0.09273	0.01281	0.01479	0.04523	0.01774	0.12413	0.02119	0.13050	0.01878	0.00988	0.00735	0.00210	0.00731	0.00847	0.00552	0.26691
31	0.02621	0.27965	0.02909	0.01683	0.02254	0.22077	0.01428	0.24854	0.02488	0.02930	0.01390	0.01507	0.01111	0.00797	0.00654	0.00199	0.01002	0.00539	0.00508	0.01082
32	0.01830	0.02092	0.04575	0.03268	0.04052	0.01961	0.65098	0.02484	0.01830	0.02484	0.01569	0.02092	0.01176	0.00654	0.00915	0.00261	0.01307	0.00915	0.00392	0.01046
33	0.00975	0.00705	0.00922	0.01042	0.01127	0.00652	0.00715	0.01162	0.01648	0.02222	0.17681	0.54831	0.08988	0.02227	0.00970	0.00297	0.00429	0.02006	0.00748	0.00652
34	0.01555	0.04011	0.68733	0.02210	0.03356	0.01801	0.02865	0.02455	0.01637	0.02455	0.01391	0.01637	0.00982	0.00737	0.00737	0.00246	0.01146	0.00573	0.00327	0.01146
35	0.02049	0.02116	0.12820	0.14223	0.27150	0.01838	0.08891	0.10415	0.01996	0.08559	0.01640	0.01975	0.01227	0.00761	0.00782	0.00242	0.00983	0.00706	0.00470	0.01157
36	0.01779	0.01808	0.02552	0.42657	0.23445	0.10339	0.02137	0.02240	0.01696	0.02134	0.01379	0.01939	0.01087	0.00753	0.00763	0.00243	0.01046	0.00666	0.00363	0.00974
37	0.01196	0.00873	0.01179	0.01183	0.01311	0.00955	0.00870	0.05506	0.01439	0.01998	0.02606	0.18625	0.02741	0.15063	0.39753	0.00896	0.01431	0.01172	0.00515	0.00686
38	0.58259	0.01558	0.01468	0.01419	0.05605	0.01844	0.01074	0.02351	0.05640	0.03189	0.01231	0.01466	0.00988	0.00826	0.00796	0.00254	0.10166	0.00501	0.00476	0.00890
39	0.68540	0.01817	0.09680	0.01170	0.01734	0.01747	0.01096	0.02301	0.01360	0.03349	0.01119	0.01307	0.00858	0.00722	0.00512	0.00241	0.00669	0.00439	0.00461	0.00878
40	0.02094	0.01818	0.02138	0.07473	0.15752	0.06431	0.01556	0.06154	0.37492	0.06910	0.02482	0.02471	0.01870	0.00930	0.00776	0.00249	0.00774	0.00786	0.00656	0.01187
41	0.02733	0.01214	0.01597	0.01294	0.01711	0.01189	0.01057	0.03032	0.01937	0.43263	0.02666	0.02584	0.01823	0.00995	0.00942	0.00237	0.09513	0.00752	0.20353	0.01107
42	0.01960	0.01737	0.09007	0.02124	0.16488	0.01400	0.01486	0.07139	0.04161	0.11345	0.01965	0.06364	0.01657	0.05597	0.00932	0.00239	0.00749	0.00747	0.00547	0.24358
43	0.02619	0.12840	0.10848	0.01936	0.02465	0.52349	0.01648	0.02914	0.02045	0.01958	0.01207	0.01408	0.00996	0.00773	0.00677	0.00201	0.01292	0.00498	0.00382	0.00943
44	0.01656	0.01365	0.01309	0.01224	0.01468	0.13487	0.00914	0.01947	0.02083	0.09583	0.38257	0.15383	0.05227	0.01510	0.00873	0.00247	0.00601	0.01299	0.00759	0.00808
45	0.06563	0.01975	0.06575	0.02541	0.21981	0.06204	0.01656	0.06962	0.26870	0.02940	0.02468	0.02523	0.05493	0.00931	0.00761	0.00245	0.00794	0.00782	0.00587	0.01150

[dist]
# distance from previous block
# <min> <max>
0	4

[block]
# block no. 7 follows, 25 sequences, length 6
# corresponding to MSA columns:
# 1072-1077
name=unknown_H
#
# <colnr> <probs for GDERKNQSTAVLIFYWHMCP>
#	G	D	E	R	K	N	Q	S	T	A	V	L	I	F	Y	W	H	M	C	P
0	0.02034	0.21708	0.02422	0.07199	0.08207	0.01801	0.01313	0.06538	0.05316	0.14064	0.02436	0.19146	0.02292	0.01199	0.00750	0.00239	0.00721	0.01009	0.00598	0.01008
1	0.19443	0.06648	0.11075	0.01694	0.05595	0.01900	0.01467	0.18226	0.02052	0.03166	0.02172	0.04734	0.07176	0.01060	0.00881	0.00252	0.07335	0.03570	0.00546	0.01007
