[name]
unknown

[dist]
# distance from previous block
# <min> <max>
0	32

[block]
# block no. 0 follows, 32 sequences, length 15
# corresponding to MSA columns:
# 32-46
name=unknown_A
#
# <colnr> <probs for GDERKNQSTAVLIFYWHMCP>
#	G	D	E	R	K	N	Q	S	T	A	V	L	I	F	Y	W	H	M	C	P
0	0.01344	0.14520	0.11086	0.01262	0.01648	0.01294	0.01210	0.01865	0.09502	0.04486	0.03014	0.04724	0.10177	0.01307	0.00750	0.00245	0.00643	0.29618	0.00531	0.00774
1	0.02253	0.01728	0.06628	0.01584	0.02096	0.05788	0.09115	0.29225	0.02225	0.19187	0.01786	0.01890	0.01283	0.01328	0.10399	0.00321	0.00930	0.00640	0.00584	0.01011
2	0.10062	0.20098	0.12856	0.01343	0.01918	0.01838	0.01289	0.22693	0.02002	0.12472	0.06043	0.01714	0.01397	0.00746	0.00590	0.00191	0.00699	0.00553	0.00520	0.00976
3	0.01127	0.00583	0.00864	0.00881	0.00885	0.00579	0.00587	0.00881	0.00919	0.01226	0.01445	0.10211	0.01527	0.02306	0.02427	0.71614	0.00561	0.00729	0.00328	0.00319
4	0.01402	0.32285	0.11526	0.01117	0.01587	0.01646	0.01099	0.05142	0.01615	0.02085	0.18449	0.03005	0.14635	0.00977	0.00617	0.00186	0.00596	0.00773	0.00470	0.00788
5	0.01970	0.14500	0.02066	0.01334	0.01858	0.09418	0.04534	0.14878	0.06287	0.09349	0.03594	0.01648	0.01279	0.00678	0.00583	0.00163	0.00693	0.00528	0.00492	0.24150
6	0.01466	0.01086	0.01249	0.01121	0.01398	0.01155	0.00873	0.14574	0.16304	0.05322	0.14270	0.06212	0.11164	0.07204	0.09552	0.00357	0.00671	0.04594	0.00624	0.00805
7	0.00855	0.00631	0.00800	0.00866	0.00972	0.00576	0.00608	0.01043	0.01517	0.02037	0.25681	0.42636	0.15692	0.01808	0.00826	0.00246	0.00359	0.01611	0.00659	0.00576
8	0.01619	0.01776	0.06436	0.10492	0.44065	0.11060	0.01791	0.01989	0.01552	0.02024	0.01833	0.02130	0.08842	0.00742	0.00670	0.00202	0.00823	0.00660	0.00360	0.00934
9	0.01680	0.15259	0.34663	0.01997	0.07174	0.01855	0.11726	0.13588	0.01733	0.02396	0.01253	0.01465	0.00939	0.00642	0.00632	0.00200	0.00910	0.00540	0.00361	0.00987
10	0.01386	0.01009	0.01363	0.09999	0.06869	0.01100	0.01008	0.09131	0.11991	0.01989	0.01853	0.12687	0.01750	0.01695	0.04260	0.29326	0.00664	0.00811	0.00447	0.00662
11	0.01468	0.00749	0.01009	0.01011	0.01193	0.00676	0.00731	0.01627	0.01473	0.22767	0.03386	0.54123	0.03614	0.01725	0.00803	0.00253	0.00443	0.01542	0.00684	0.00722
12	0.00831	0.00634	0.00765	0.00832	0.00955	0.00567	0.00586	0.01000	0.01472	0.01912	0.16295	0.40159	0.27888	0.01841	0.00824	0.00246	0.00360	0.01622	0.00643	0.00567
13	0.02317	0.31676	0.05048	0.01241	0.01785	0.01813	0.01134	0.11891	0.01826	0.29449	0.01800	0.04351	0.01338	0.00763	0.00581	0.00184	0.00662	0.00576	0.00562	0.01002
14	0.05924	0.12760	0.07464	0.01417	0.01887	0.10819	0.01221	0.10378	0.35825	0.02598	0.01925	0.01880	0.01468	0.00787	0.00618	0.00204	0.00701	0.00602	0.00537	0.00984

[dist]
# distance from previous block
# <min> <max>
0	2

[block]
# block no. 1 follows, 32 sequences, length 10
# corresponding to MSA columns:
# 49-58
name=unknown_B
#
# <colnr> <probs for GDERKNQSTAVLIFYWHMCP>
#	G	D	E	R	K	N	Q	S	T	A	V	L	I	F	Y	W	H	M	C	P
0	0.32586	0.02109	0.01624	0.01514	0.06076	0.27365	0.01121	0.15790	0.01838	0.02716	0.01126	0.01272	0.00879	0.00682	0.00549	0.00193	0.00826	0.00450	0.00436	0.00848
1	0.04282	0.01557	0.02026	0.06922	0.08096	0.05017	0.06712	0.22625	0.02012	0.17485	0.01648	0.01822	0.01211	0.01138	0.06832	0.00286	0.08189	0.00626	0.00538	0.00975
2	0.01368	0.01163	0.00977	0.00924	0.01123	0.15197	0.00693	0.01645	0.01683	0.02351	0.26218	0.03363	0.07683	0.01026	0.00628	0.00183	0.00495	0.00840	0.31787	0.00655
3	0.01352	0.00794	0.00949	0.00882	0.01075	0.00826	0.00676	0.07166	0.01524	0.06898	0.08933	0.02803	0.02153	0.06245	0.19451	0.00433	0.00764	0.00729	0.35665	0.00683
4	0.16515	0.01637	0.15650	0.01284	0.01844	0.01233	0.01228	0.04785	0.04959	0.36275	0.02087	0.06400	0.01503	0.00836	0.00632	0.00213	0.00638	0.00660	0.00622	0.00997
5	0.32451	0.01296	0.01338	0.01088	0.01535	0.01366	0.00893	0.15908	0.01819	0.25527	0.01744	0.01718	0.01208	0.00742	0.00555	0.00201	0.00559	0.00537	0.08583	0.00932
6	0.57880	0.01251	0.01156	0.00975	0.01421	0.01351	0.00804	0.02359	0.01374	0.23769	0.01445	0.01446	0.01005	0.00685	0.00493	0.00208	0.00535	0.00456	0.00539	0.00850
7	0.00915	0.00747	0.01007	0.15571	0.01683	0.00750	0.00836	0.01137	0.01443	0.01856	0.11931	0.31330	0.25102	0.01607	0.00792	0.00241	0.00466	0.01413	0.00571	0.00602
8	0.02298	0.00954	0.01230	0.01002	0.01355	0.00856	0.00780	0.02515	0.01643	0.46212	0.02461	0.02742	0.01826	0.15891	0.01185	0.00287	0.00542	0.00726	0.14590	0.00905
9	0.18208	0.02174	0.01774	0.01470	0.01923	0.24301	0.01173	0.35450	0.02363	0.03180	0.01297	0.01382	0.00972	0.00734	0.00600	0.00194	0.00842	0.00503	0.00519	0.00945

[dist]
# distance from previous block
# <min> <max>
5	8

[block]
# block no. 2 follows, 32 sequences, length 6
# corresponding to MSA columns:
# 68-73
name=unknown_C
#
# <colnr> <probs for GDERKNQSTAVLIFYWHMCP>
#	G	D	E	R	K	N	Q	S	T	A	V	L	I	F	Y	W	H	M	C	P
0	0.01877	0.01237	0.08099	0.01164	0.01538	0.01036	0.00997	0.06657	0.05830	0.27363	0.11074	0.02891	0.02290	0.13077	0.11433	0.00400	0.00773	0.00779	0.00616	0.00868
1	0.09667	0.00993	0.01210	0.00985	0.01380	0.00920	0.00799	0.02611	0.01686	0.44081	0.02344	0.02242	0.01593	0.00796	0.00586	0.00191	0.00485	0.00630	0.25858	0.00940
2	0.05947	0.01037	0.01295	0.01059	0.01434	0.00977	0.00851	0.08804	0.01956	0.35445	0.24312	0.03041	0.03047	0.00986	0.00683	0.00204	0.00485	0.00820	0.06696	0.00922
3	0.07201	0.15806	0.01897	0.01200	0.01648	0.01483	0.01024	0.09083	0.01745	0.35355	0.01921	0.01899	0.01356	0.01098	0.06158	0.00263	0.05167	0.00584	0.04137	0.00974
4	0.01550	0.01066	0.01554	0.01285	0.01627	0.01019	0.10935	0.09831	0.01782	0.14634	0.11230	0.11703	0.18190	0.01533	0.06167	0.00290	0.00665	0.03527	0.00617	0.00795
5	0.01887	0.53202	0.07196	0.01226	0.01806	0.07534	0.01191	0.02145	0.01457	0.07849	0.01130	0.01242	0.00943	0.00601	0.00483	0.00151	0.00737	0.00404	0.00349	0.08467

[dist]
# distance from previous block
# <min> <max>
1	47

[block]
# block no. 3 follows, 32 sequences, length 19
# corresponding to MSA columns:
# 121-139
name=unknown_D
#
# <colnr> <probs for GDERKNQSTAVLIFYWHMCP>
#	G	D	E	R	K	N	Q	S	T	A	V	L	I	F	Y	W	H	M	C	P
0	0.01468	0.39654	0.07873	0.01141	0.01572	0.04245	0.01068	0.03968	0.01444	0.01770	0.02251	0.20062	0.08918	0.01080	0.00602	0.00192	0.00638	0.00867	0.00418	0.00771
1	0.16077	0.01267	0.01482	0.01490	0.11116	0.04603	0.01014	0.02062	0.01419	0.16332	0.01600	0.01964	0.01289	0.08361	0.01008	0.00238	0.08044	0.00576	0.08343	0.11712
2	0.01130	0.00602	0.00884	0.00884	0.00896	0.00614	0.00595	0.00915	0.00903	0.01216	0.01303	0.02283	0.01317	0.08388	0.09858	0.66238	0.00711	0.00627	0.00307	0.00331
3	0.02041	0.27727	0.02646	0.01913	0.15751	0.04372	0.03317	0.17773	0.08113	0.07985	0.01463	0.01561	0.01138	0.00685	0.00589	0.00184	0.00738	0.00537	0.00465	0.01003
4	0.01750	0.01412	0.04793	0.01726	0.08395	0.01377	0.09405	0.18705	0.08657	0.09697	0.02227	0.18523	0.02028	0.01384	0.06433	0.00292	0.00769	0.00945	0.00566	0.00916
5	0.00902	0.00652	0.00827	0.00878	0.00979	0.00610	0.00625	0.01090	0.01489	0.02009	0.25847	0.30245	0.11536	0.11987	0.01186	0.00303	0.00416	0.07227	0.00630	0.00563
6	0.00968	0.00696	0.00996	0.00984	0.01103	0.00756	0.00747	0.01169	0.01255	0.01774	0.17217	0.03305	0.05563	0.05750	0.46819	0.07746	0.01279	0.00850	0.00448	0.00573
7	0.01603	0.01466	0.02386	0.17543	0.47325	0.01540	0.01875	0.07238	0.01620	0.02241	0.01475	0.02196	0.01279	0.00738	0.00689	0.00214	0.00796	0.06433	0.00377	0.00968
8	0.01619	0.32747	0.36471	0.01550	0.02310	0.02038	0.01787	0.06319	0.05608	0.02074	0.01210	0.01356	0.00943	0.00638	0.00559	0.00185	0.00839	0.00463	0.00332	0.00952
9	0.21395	0.41632	0.02443	0.01075	0.01606	0.04641	0.00985	0.01966	0.01333	0.02046	0.00984	0.01142	0.00852	0.00576	0.00445	0.00152	0.00646	0.00370	0.00341	0.15368
10	0.01161	0.01013	0.01449	0.01333	0.01400	0.01312	0.01068	0.01353	0.01053	0.01568	0.01449	0.02255	0.01397	0.06848	0.42102	0.00747	0.30833	0.00679	0.00336	0.00644
11	0.01535	0.11778	0.46543	0.01855	0.02682	0.01725	0.10223	0.08927	0.01623	0.02296	0.03835	0.01575	0.01103	0.00665	0.00640	0.00205	0.00925	0.00552	0.00346	0.00967
12	0.01014	0.01430	0.20154	0.01094	0.01471	0.00887	0.01085	0.01360	0.01444	0.01965	0.16332	0.04126	0.23406	0.11521	0.09456	0.00373	0.00718	0.00994	0.00495	0.00676
13	0.01578	0.14465	0.43003	0.01799	0.02570	0.11709	0.07875	0.02146	0.01513	0.02002	0.04472	0.01539	0.01126	0.00663	0.00622	0.00197	0.00960	0.00525	0.00319	0.00917
14	0.01416	0.08590	0.01349	0.01014	0.01309	0.01119	0.00808	0.02091	0.18666	0.09447	0.32856	0.03724	0.08979	0.01122	0.00702	0.00207	0.00436	0.00951	0.04409	0.00806
15	0.01366	0.01394	0.11055	0.01422	0.08600	0.04435	0.01108	0.04274	0.07759	0.05823	0.10387	0.11575	0.14253	0.03935	0.00809	0.00233	0.00579	0.02742	0.07469	0.00784
16	0.09098	0.37867	0.03006	0.01544	0.02079	0.01987	0.18829	0.02047	0.01437	0.07424	0.01417	0.07874	0.01263	0.00729	0.00579	0.00187	0.00766	0.00631	0.00384	0.00854
17	0.01592	0.15994	0.43469	0.01617	0.02392	0.01700	0.01885	0.04109	0.08528	0.07173	0.04336	0.01680	0.01264	0.00702	0.00615	0.00201	0.00832	0.00543	0.00392	0.00975
18	0.10036	0.41784	0.04917	0.01254	0.01779	0.11166	0.01151	0.05568	0.05127	0.09784	0.01269	0.01337	0.01010	0.00652	0.00509	0.00170	0.00744	0.00440	0.00406	0.00896

[dist]
# distance from previous block
# <min> <max>
1	5

[block]
# block no. 4 follows, 32 sequences, length 37
# corresponding to MSA columns:
# 145-181
name=unknown_E
#
# <colnr> <probs for GDERKNQSTAVLIFYWHMCP>
#	G	D	E	R	K	N	Q	S	T	A	V	L	I	F	Y	W	H	M	C	P
0	0.01760	0.01474	0.02184	0.02504	0.28892	0.01499	0.07342	0.05327	0.21072	0.08418	0.01913	0.02210	0.01512	0.00761	0.00680	0.00207	0.00698	0.03734	0.00505	0.07308
1	0.01262	0.01505	0.15093	0.01701	0.12511	0.01220	0.01338	0.01716	0.04725	0.02276	0.24149	0.05066	0.05012	0.01047	0.00932	0.00221	0.12076	0.00846	0.06506	0.00798
2	0.01645	0.11506	0.05099	0.01878	0.11471	0.06461	0.07343	0.03942	0.25224	0.02275	0.03807	0.04669	0.01748	0.00886	0.00762	0.00217	0.05135	0.04515	0.00487	0.00929
3	0.00903	0.00683	0.00742	0.00752	0.00954	0.00604	0.00581	0.01124	0.01558	0.02027	0.13449	0.05891	0.47659	0.01557	0.00765	0.00225	0.00364	0.08509	0.11067	0.00588
4	0.02126	0.21407	0.02195	0.01464	0.01862	0.40348	0.01179	0.06003	0.06219	0.01938	0.07949	0.01645	0.01478	0.00747	0.00587	0.00174	0.00932	0.00518	0.00407	0.00822
5	0.01398	0.12013	0.64857	0.01823	0.02766	0.01686	0.02324	0.02111	0.01410	0.02061	0.01173	0.01377	0.00851	0.00630	0.00613	0.00204	0.00960	0.00480	0.00284	0.00976
6	0.26153	0.01352	0.01899	0.01970	0.18695	0.01348	0.09152	0.02270	0.01495	0.19715	0.01625	0.05160	0.01258	0.00725	0.00607	0.00206	0.00663	0.00621	0.00497	0.04587
7	0.01907	0.01727	0.11516	0.01732	0.02272	0.01482	0.19296	0.16700	0.07310	0.13798	0.01824	0.02183	0.01402	0.09948	0.01028	0.00266	0.00807	0.00709	0.03145	0.00947
8	0.01738	0.01461	0.01548	0.01366	0.01754	0.01676	0.01069	0.10715	0.61077	0.02957	0.05164	0.02499	0.02108	0.00916	0.00686	0.00224	0.00546	0.00759	0.00684	0.01055
9	0.00825	0.00658	0.00742	0.00788	0.00954	0.00575	0.00576	0.00997	0.01491	0.01861	0.10743	0.25634	0.45215	0.01793	0.00816	0.00242	0.00364	0.04527	0.00632	0.00568
10	0.01261	0.01099	0.01813	0.15894	0.22758	0.01136	0.06055	0.01587	0.01420	0.01976	0.02211	0.23044	0.02266	0.01153	0.00734	0.00232	0.00668	0.06718	0.07204	0.00772
11	0.01924	0.02154	0.19508	0.01955	0.02615	0.04316	0.21622	0.15847	0.10077	0.10671	0.01668	0.01790	0.01191	0.00706	0.00698	0.00214	0.00888	0.00653	0.00488	0.01013
12	0.01907	0.00896	0.01196	0.01015	0.01337	0.00801	0.00811	0.02197	0.01870	0.34507	0.33879	0.03803	0.03885	0.01127	0.00732	0.00212	0.00448	0.04473	0.04041	0.00864
13	0.00907	0.00668	0.00749	0.00738	0.00851	0.00618	0.00491	0.01034	0.01368	0.01779	0.18825	0.05244	0.27462	0.34207	0.01936	0.00408	0.00470	0.01180	0.00554	0.00511
14	0.01790	0.10909	0.21988	0.01697	0.06640	0.14060	0.01555	0.13607	0.06628	0.02459	0.10592	0.01937	0.01718	0.00780	0.00639	0.00196	0.00823	0.00606	0.00450	0.00928
15	0.10264	0.16823	0.28698	0.02115	0.17120	0.05095	0.03740	0.02158	0.04291	0.02137	0.01194	0.01414	0.00939	0.00627	0.00584	0.00195	0.00841	0.00493	0.00330	0.00943
16	0.50085	0.01613	0.09330	0.04030	0.17102	0.01536	0.03510	0.02006	0.01277	0.02668	0.01057	0.01295	0.00828	0.00619	0.00514	0.00207	0.00663	0.00450	0.00377	0.00835
17	0.01568	0.01344	0.01828	0.23675	0.11744	0.04124	0.01441	0.15492	0.01722	0.02292	0.03789	0.02474	0.01527	0.04011	0.07857	0.02159	0.05296	0.06411	0.00431	0.00817
18	0.02625	0.01373	0.01658	0.01268	0.01790	0.01324	0.01043	0.24972	0.02252	0.40203	0.02133	0.01973	0.01419	0.00784	0.00647	0.00192	0.00609	0.00620	0.03344	0.09769
19	0.01656	0.09565	0.01740	0.01131	0.01701	0.01344	0.00935	0.13818	0.06220	0.02518	0.01338	0.01468	0.01074	0.00586	0.00532	0.00130	0.00565	0.00453	0.00452	0.52773
20	0.01884	0.17275	0.06099	0.04976	0.04201	0.30196	0.01257	0.02378	0.12054	0.01873	0.01976	0.02052	0.09461	0.00813	0.00611	0.00187	0.00866	0.00599	0.00411	0.00832
21	0.81159	0.01298	0.00986	0.00882	0.01298	0.01505	0.00727	0.01972	0.01142	0.03010	0.00934	0.01090	0.00727	0.00623	0.00415	0.00208	0.00519	0.00363	0.00415	0.00727
22	0.00889	0.00673	0.00820	0.00806	0.00971	0.00604	0.00596	0.01141	0.01724	0.02327	0.45367	0.13164	0.25373	0.01547	0.00799	0.00222	0.00331	0.01348	0.00692	0.00604
23	0.01062	0.00637	0.00897	0.00897	0.00931	0.00671	0.00612	0.00990	0.00956	0.01308	0.01571	0.02772	0.01615	0.20888	0.22817	0.38974	0.00941	0.00715	0.00338	0.00406
24	0.00813	0.00649	0.00729	0.00775	0.00936	0.00565	0.00556	0.00978	0.01480	0.01850	0.10986	0.28762	0.44955	0.01803	0.00813	0.00240	0.00354	0.01558	0.00632	0.00565
25	0.81159	0.01298	0.00986	0.00882	0.01298	0.01505	0.00727	0.01972	0.01142	0.03010	0.00934	0.01090	0.00727	0.00623	0.00415	0.00208	0.00519	0.00363	0.00415	0.00727
26	0.81159	0.01298	0.00986	0.00882	0.01298	0.01505	0.00727	0.01972	0.01142	0.03010	0.00934	0.01090	0.00727	0.00623	0.00415	0.00208	0.00519	0.00363	0.00415	0.00727
27	0.01788	0.02114	0.10954	0.02142	0.11456	0.18435	0.16709	0.02422	0.11846	0.05087	0.08728	0.02051	0.01689	0.00752	0.00692	0.00206	0.00895	0.00680	0.00444	0.00911
28	0.01639	0.01561	0.02687	0.03900	0.65760	0.01555	0.05192	0.02041	0.01525	0.02204	0.01308	0.01706	0.01090	0.00605	0.00662	0.00199	0.00791	0.00608	0.03932	0.01036
29	0.00961	0.00708	0.01025	0.01025	0.01126	0.00810	0.00772	0.01164	0.01062	0.01518	0.01846	0.02908	0.01795	0.16086	0.62868	0.01012	0.01620	0.00759	0.00367	0.00569
30	0.01590	0.01522	0.02464	0.14186	0.31211	0.01615	0.12223	0.02443	0.21060	0.02284	0.01679	0.01941	0.01307	0.00692	0.00690	0.00215	0.00789	0.00673	0.00427	0.00989
31	0.00912	0.00651	0.00768	0.00784	0.00864	0.00614	0.00512	0.01031	0.01327	0.01768	0.18728	0.17547	0.15047	0.34276	0.01947	0.00416	0.00479	0.01266	0.00554	0.00508
32	0.01668	0.00853	0.01076	0.00924	0.01237	0.00744	0.00727	0.01919	0.01795	0.28425	0.26484	0.04436	0.24446	0.01270	0.00749	0.00214	0.00418	0.01075	0.00738	0.00802
33	0.02025	0.05449	0.08146	0.24051	0.02901	0.17472	0.01549	0.23269	0.02054	0.04849	0.01326	0.01559	0.00985	0.00715	0.00643	0.00201	0.00904	0.00546	0.00440	0.00915
34	0.01119	0.00905	0.01175	0.01166	0.04508	0.00919	0.00855	0.01563	0.09044	0.02151	0.20970	0.05901	0.10153	0.02159	0.18714	0.00424	0.03451	0.04470	0.00544	0.09810
35	0.01576	0.29762	0.30932	0.02023	0.11633	0.01978	0.09270	0.02077	0.01430	0.01937	0.01130	0.01368	0.00900	0.00601	0.00582	0.00187	0.00881	0.00492	0.00297	0.00944
36	0.01571	0.10267	0.02273	0.17232	0.30620	0.01525	0.01572	0.04994	0.01521	0.04592	0.01534	0.09708	0.01392	0.00783	0.00645	0.00197	0.00726	0.00698	0.00391	0.07761

[dist]
# distance from previous block
# <min> <max>
4	7

[block]
# block no. 5 follows, 32 sequences, length 56
# corresponding to MSA columns:
# 189-244
name=unknown_F
#
# <colnr> <probs for GDERKNQSTAVLIFYWHMCP>
#	G	D	E	R	K	N	Q	S	T	A	V	L	I	F	Y	W	H	M	C	P
0	0.01506	0.04448	0.01891	0.01460	0.01766	0.01212	0.15982	0.01835	0.02717	0.11201	0.01786	0.02339	0.01490	0.07529	0.21386	0.00485	0.07909	0.00708	0.11588	0.00760
1	0.01958	0.01890	0.01682	0.01554	0.05338	0.20596	0.01150	0.16432	0.25288	0.02713	0.10056	0.02354	0.04257	0.00894	0.00675	0.00204	0.00735	0.00706	0.00578	0.00938
2	0.00967	0.00672	0.00837	0.00828	0.00882	0.00689	0.00541	0.01076	0.01161	0.01602	0.14321	0.04115	0.02957	0.47549	0.18389	0.00667	0.00843	0.00961	0.00455	0.00489
3	0.01758	0.43416	0.14690	0.01701	0.09592	0.09846	0.01506	0.02077	0.01424	0.01745	0.01021	0.01238	0.00883	0.00642	0.00633	0.00175	0.06039	0.00431	0.00298	0.00887
4	0.01158	0.00705	0.00851	0.00818	0.01008	0.00657	0.00633	0.01450	0.01682	0.06965	0.33256	0.04548	0.13149	0.01257	0.00706	0.00206	0.00362	0.06924	0.23012	0.00654
5	0.01678	0.00959	0.01161	0.01009	0.01317	0.00920	0.00781	0.02220	0.14485	0.23574	0.22066	0.03935	0.15243	0.06486	0.00922	0.00247	0.00460	0.00986	0.00713	0.00838
6	0.01250	0.00929	0.01030	0.00977	0.01189	0.00960	0.00734	0.09001	0.13457	0.02295	0.08287	0.10639	0.16315	0.14549	0.01207	0.00302	0.00495	0.06982	0.08702	0.00698
7	0.07264	0.00734	0.00820	0.00804	0.00998	0.00718	0.00599	0.01659	0.01425	0.11902	0.02560	0.21913	0.02362	0.01128	0.00596	0.00198	0.00383	0.00954	0.42301	0.00682
8	0.13089	0.01382	0.01512	0.01218	0.01695	0.08016	0.00988	0.03068	0.07415	0.51162	0.02277	0.02043	0.01494	0.00797	0.00635	0.00206	0.00622	0.00618	0.00718	0.01046
9	0.01532	0.01463	0.02491	0.27244	0.50114	0.01560	0.01995	0.01946	0.01467	0.02036	0.01239	0.01703	0.01008	0.00622	0.00666	0.00207	0.00829	0.00597	0.00321	0.00959
10	0.01817	0.01810	0.01646	0.01379	0.01790	0.21936	0.03939	0.12634	0.05741	0.02302	0.01735	0.14180	0.01628	0.00901	0.00639	0.00179	0.00749	0.00735	0.00478	0.23780
11	0.01647	0.01632	0.02941	0.03891	0.60140	0.01612	0.13979	0.02075	0.01538	0.02185	0.01279	0.01687	0.01055	0.00592	0.00687	0.00204	0.00856	0.00632	0.00333	0.01035
12	0.74245	0.01284	0.01037	0.00910	0.01334	0.01459	0.00750	0.02087	0.01211	0.09175	0.01086	0.01196	0.00809	0.00641	0.00438	0.00208	0.00524	0.00391	0.00452	0.00763
13	0.81159	0.01298	0.00986	0.00882	0.01298	0.01505	0.00727	0.01972	0.01142	0.03010	0.00934	0.01090	0.00727	0.00623	0.00415	0.00208	0.00519	0.00363	0.00415	0.00727
14	0.12210	0.00888	0.01036	0.00935	0.01220	0.00857	0.00730	0.02048	0.01512	0.25681	0.02490	0.14370	0.02155	0.04387	0.00748	0.00229	0.00469	0.04506	0.22742	0.00787
15	0.01285	0.01146	0.01509	0.01336	0.01377	0.01471	0.01040	0.01526	0.06037	0.01698	0.07671	0.02752	0.01924	0.24268	0.02342	0.00391	0.40410	0.00774	0.00395	0.00648
16	0.00860	0.00625	0.00818	0.00945	0.01024	0.00583	0.00674	0.01021	0.01385	0.01830	0.08783	0.55525	0.10678	0.01981	0.00855	0.00269	0.00410	0.10541	0.00630	0.00563
17	0.00856	0.00682	0.00766	0.00745	0.00945	0.00593	0.00559	0.01084	0.01677	0.02163	0.32773	0.05881	0.45766	0.01569	0.00792	0.00220	0.00331	0.01335	0.00669	0.00593
18	0.01613	0.14746	0.02700	0.10363	0.49190	0.01724	0.01824	0.01979	0.01482	0.02027	0.01327	0.01905	0.01169	0.00672	0.00639	0.00198	0.00783	0.04352	0.00337	0.00971
19	0.01539	0.01312	0.01402	0.01269	0.01614	0.01489	0.00983	0.03160	0.59212	0.02748	0.11655	0.02995	0.05677	0.01004	0.00701	0.00225	0.00495	0.00845	0.00687	0.00986
20	0.09413	0.01369	0.01842	0.01367	0.01901	0.01263	0.11321	0.06610	0.01488	0.02356	0.01194	0.01447	0.00971	0.00602	0.00697	0.00154	0.07220	0.00485	0.00401	0.47899
21	0.38007	0.02340	0.01488	0.01347	0.01724	0.41128	0.01039	0.02360	0.01559	0.02260	0.00991	0.01156	0.00802	0.00660	0.00519	0.00189	0.00898	0.00401	0.00377	0.00755
22	0.56337	0.17357	0.03718	0.01031	0.01492	0.07070	0.00909	0.02037	0.01253	0.02583	0.00950	0.01106	0.00769	0.00618	0.00439	0.00192	0.00626	0.00371	0.00379	0.00767
23	0.02024	0.01920	0.01721	0.01485	0.01830	0.21660	0.01171	0.24043	0.11507	0.02612	0.01603	0.01829	0.01286	0.01696	0.16091	0.00386	0.05145	0.00601	0.00496	0.00893
24	0.00927	0.00699	0.00785	0.00754	0.00968	0.00604	0.00569	0.01149	0.01668	0.04711	0.28416	0.05821	0.47423	0.01558	0.00788	0.00221	0.00341	0.01321	0.00669	0.00610
25	0.00988	0.00687	0.00868	0.00846	0.01011	0.00622	0.00625	0.01243	0.01732	0.05356	0.46134	0.17252	0.17067	0.01529	0.00798	0.00224	0.00344	0.01344	0.00703	0.00628
26	0.00834	0.00673	0.00743	0.00743	0.00936	0.00581	0.00551	0.01036	0.01600	0.02024	0.22837	0.12246	0.49536	0.01653	0.00798	0.00227	0.00338	0.01409	0.00652	0.00581
27	0.07299	0.00969	0.01228	0.01007	0.01382	0.00884	0.00810	0.02469	0.01787	0.41529	0.18269	0.02863	0.02676	0.00933	0.00653	0.00201	0.00470	0.00770	0.12881	0.00920
28	0.00886	0.00649	0.00827	0.00888	0.00999	0.00601	0.00641	0.01085	0.01523	0.02044	0.25597	0.34558	0.14399	0.05074	0.00946	0.00267	0.00391	0.07400	0.00649	0.00576
29	0.00993	0.00760	0.01104	0.01085	0.01184	0.00897	0.00832	0.01201	0.01064	0.01534	0.01773	0.02751	0.01709	0.12513	0.61541	0.00982	0.06395	0.00738	0.00360	0.00587
30	0.01754	0.65435	0.07805	0.01217	0.01800	0.02497	0.01226	0.02154	0.07529	0.01722	0.01109	0.01224	0.00965	0.00608	0.00466	0.00155	0.00719	0.00403	0.00322	0.00887
31	0.01377	0.08657	0.68034	0.01858	0.02821	0.01636	0.02385	0.02117	0.01413	0.02086	0.01185	0.01393	0.00851	0.00633	0.00623	0.00208	0.00972	0.00486	0.00284	0.00982
32	0.03916	0.07887	0.35938	0.01641	0.02347	0.05461	0.01778	0.11424	0.18284	0.02526	0.01587	0.01658	0.01173	0.00723	0.00630	0.00208	0.00827	0.00556	0.00437	0.01000
33	0.01493	0.01413	0.02391	0.23289	0.48644	0.01492	0.01904	0.01885	0.01460	0.02027	0.01415	0.06950	0.01255	0.00724	0.00680	0.00211	0.00795	0.00690	0.00343	0.00939
34	0.33883	0.09523	0.29007	0.01401	0.02045	0.09938	0.01506	0.02116	0.01356	0.02377	0.01050	0.01228	0.00803	0.00632	0.00524	0.00199	0.00799	0.00422	0.00344	0.00847
35	0.01575	0.01785	0.03823	0.02752	0.03382	0.01723	0.64902	0.02111	0.01544	0.02111	0.01323	0.01785	0.01008	0.00609	0.00893	0.00231	0.06437	0.00777	0.00336	0.00893
36	0.02084	0.34021	0.02627	0.01571	0.06838	0.19366	0.01253	0.17108	0.01922	0.02270	0.04271	0.01442	0.01180	0.00690	0.00558	0.00170	0.00828	0.00485	0.00409	0.00907
37	0.01725	0.01539	0.02546	0.15578	0.42241	0.01583	0.07852	0.08736	0.01674	0.05428	0.01352	0.01709	0.01062	0.00635	0.00672	0.00203	0.00818	0.00612	0.00385	0.03650
38	0.49001	0.01276	0.01155	0.01022	0.01421	0.01436	0.00822	0.02421	0.18464	0.09070	0.04716	0.01862	0.03375	0.00774	0.00531	0.00213	0.00513	0.00554	0.00537	0.00837
39	0.02248	0.09306	0.04972	0.01575	0.01972	0.49163	0.01262	0.06147	0.05810	0.03820	0.06424	0.01610	0.01369	0.00751	0.00614	0.00180	0.01011	0.00520	0.00416	0.00829
40	0.02212	0.01435	0.01568	0.01256	0.01682	0.01542	0.01020	0.38500	0.08566	0.12644	0.01988	0.01998	0.01432	0.00812	0.00623	0.00193	0.00593	0.00632	0.20296	0.01007
41	0.01341	0.01247	0.02070	0.34227	0.30408	0.01367	0.01718	0.01714	0.01415	0.01905	0.01795	0.11662	0.04562	0.00875	0.00698	0.00221	0.00766	0.00805	0.00368	0.00835
42	0.08497	0.01487	0.06559	0.01766	0.14013	0.08273	0.01257	0.02079	0.13872	0.02303	0.10282	0.08109	0.02588	0.01118	0.00720	0.00232	0.00660	0.14836	0.00525	0.00824
43	0.02483	0.01269	0.01511	0.01222	0.01666	0.04338	0.00985	0.07649	0.12406	0.45064	0.11634	0.02582	0.02263	0.00906	0.00688	0.00209	0.00571	0.00743	0.00764	0.01047
44	0.02840	0.01121	0.01496	0.01165	0.01654	0.00992	0.00956	0.03173	0.04832	0.65204	0.02621	0.02307	0.01681	0.00831	0.00662	0.00205	0.00553	0.00675	0.05926	0.01105
45	0.00849	0.00604	0.00762	0.00875	0.00918	0.00569	0.00570	0.00945	0.01236	0.01633	0.03565	0.56471	0.08362	0.17687	0.01390	0.00349	0.00441	0.01680	0.00577	0.00517
46	0.02454	0.01497	0.01949	0.01663	0.06497	0.09436	0.10144	0.02902	0.08382	0.41012	0.02260	0.05343	0.01607	0.00829	0.00690	0.00210	0.00720	0.00720	0.00655	0.01030
47	0.00911	0.00623	0.00751	0.00814	0.00830	0.00608	0.00494	0.00959	0.01101	0.01468	0.02757	0.33462	0.03251	0.46240	0.02376	0.00497	0.00544	0.01354	0.00494	0.00463
48	0.02900	0.01320	0.01667	0.01278	0.01802	0.01250	0.01056	0.19371	0.02218	0.56176	0.02397	0.02121	0.01536	0.00824	0.00674	0.00206	0.00611	0.00658	0.00792	0.01142
49	0.01415	0.05623	0.58622	0.02263	0.14693	0.01601	0.02363	0.02110	0.01434	0.02118	0.01205	0.01447	0.00887	0.00629	0.00635	0.00208	0.00949	0.00509	0.00292	0.00999
50	0.01139	0.01264	0.13375	0.01223	0.01510	0.01033	0.01111	0.06200	0.01274	0.01821	0.01711	0.02511	0.01566	0.10299	0.49894	0.00831	0.01484	0.00695	0.00373	0.00687
51	0.00846	0.00604	0.00811	0.00967	0.01018	0.00570	0.00672	0.00984	0.01313	0.01745	0.03682	0.68574	0.04375	0.02075	0.00864	0.00276	0.00414	0.09032	0.00622	0.00553
52	0.02085	0.01260	0.06485	0.01224	0.01608	0.01123	0.01047	0.08305	0.01793	0.33677	0.14391	0.02743	0.02367	0.06648	0.05317	0.00299	0.07283	0.00767	0.00656	0.00920
53	0.02169	0.06835	0.14510	0.01784	0.02414	0.05354	0.16464	0.17839	0.03817	0.19573	0.01692	0.01752	0.01181	0.00712	0.00674	0.00206	0.00845	0.00623	0.00529	0.01025
54	0.12431	0.02233	0.08542	0.01817	0.02344	0.21458	0.18182	0.16855	0.01929	0.02584	0.01292	0.01504	0.00980	0.00675	0.00637	0.00199	0.00940	0.00563	0.03942	0.00893
55	0.68225	0.06190	0.01223	0.00955	0.01384	0.01614	0.00796	0.05066	0.05076	0.02961	0.01063	0.01190	0.00826	0.00644	0.00442	0.00204	0.00542	0.00395	0.00433	0.00772

[dist]
# distance from previous block
# <min> <max>
0	5

# created by:
# /home/berkeley/.conda/envs/busco_data_prod/bin/msa2prfl.pl pipeline/OGs_align_augustus/5794/41100.fs
