[name]
unknown

[dist]
# distance from previous block
# <min> <max>
0	551

[block]
# block no. 0 follows, 24 sequences, length 66
# corresponding to MSA columns:
# 606-670,697
name=unknown_A
#
# <colnr> <probs for GDERKNQSTAVLIFYWHMCP>
#	G	D	E	R	K	N	Q	S	T	A	V	L	I	F	Y	W	H	M	C	P
0	0.01146	0.00846	0.01112	0.01203	0.01379	0.00784	0.00934	0.01412	0.01740	0.02338	0.11940	0.32612	0.08472	0.02098	0.00993	0.00309	0.00550	0.22621	0.00730	0.06780
1	0.01486	0.01271	0.01886	0.25264	0.11005	0.01356	0.01558	0.05364	0.01822	0.02443	0.07568	0.13191	0.07384	0.01315	0.00860	0.00266	0.00776	0.07679	0.00554	0.06952
2	0.01576	0.01478	0.02441	0.55294	0.14073	0.01723	0.02135	0.02082	0.01622	0.02152	0.01421	0.02055	0.01095	0.00764	0.00775	0.00248	0.01003	0.00686	0.00368	0.07008
3	0.07977	0.01456	0.01746	0.01375	0.01868	0.01436	0.05620	0.18116	0.02267	0.03446	0.11261	0.02613	0.02290	0.00919	0.00702	0.00203	0.00642	0.00760	0.16413	0.18891
4	0.08296	0.01548	0.04676	0.01764	0.09902	0.01443	0.01252	0.13487	0.02119	0.17960	0.08155	0.03029	0.02281	0.14716	0.01396	0.00337	0.00745	0.00842	0.00671	0.05380
5	0.02637	0.02598	0.02175	0.01858	0.02326	0.25669	0.01460	0.22842	0.20108	0.03286	0.01980	0.02018	0.01511	0.00964	0.00873	0.00241	0.04982	0.00692	0.00636	0.01145
6	0.38638	0.01518	0.01874	0.29887	0.09856	0.01783	0.01572	0.02216	0.01493	0.02829	0.01269	0.01697	0.00981	0.00756	0.00645	0.00252	0.00829	0.00571	0.00424	0.00908
7	0.01515	0.01937	0.14961	0.07176	0.09568	0.04146	0.08003	0.02025	0.04346	0.02268	0.02462	0.24325	0.02520	0.01581	0.03872	0.00324	0.06328	0.01208	0.00505	0.00931
8	0.01649	0.01302	0.01882	0.11905	0.13843	0.01301	0.01385	0.01956	0.01617	0.07447	0.02284	0.17870	0.02273	0.06687	0.01179	0.00283	0.05852	0.01043	0.00531	0.17711
9	0.02010	0.01717	0.01642	0.01473	0.01797	0.12641	0.01131	0.21376	0.02366	0.03075	0.07628	0.18804	0.02836	0.02005	0.09874	0.00387	0.00958	0.01120	0.06228	0.00934
10	0.01478	0.00739	0.00739	0.00739	0.00924	0.00739	0.00554	0.01848	0.01663	0.02956	0.02587	0.02956	0.02033	0.00924	0.00554	0.00185	0.00370	0.00739	0.76534	0.00739
11	0.01764	0.01701	0.02953	0.31949	0.37932	0.01840	0.05866	0.02270	0.01718	0.02353	0.01464	0.02036	0.01170	0.00740	0.00797	0.00249	0.01012	0.00719	0.00376	0.01089
12	0.02113	0.13207	0.16722	0.04986	0.06646	0.04860	0.08817	0.09837	0.01959	0.09524	0.01693	0.01992	0.01302	0.01395	0.08563	0.00356	0.03768	0.00681	0.00484	0.01094
13	0.01478	0.00739	0.00739	0.00739	0.00924	0.00739	0.00554	0.01848	0.01663	0.02956	0.02587	0.02956	0.02033	0.00924	0.00554	0.00185	0.00370	0.00739	0.76534	0.00739
14	0.01153	0.00769	0.00865	0.00865	0.00865	0.00769	0.00480	0.01153	0.01153	0.01538	0.02499	0.05189	0.02883	0.72131	0.04036	0.00769	0.00769	0.01153	0.00480	0.00480
15	0.01140	0.00913	0.01035	0.01040	0.01264	0.00877	0.00764	0.01670	0.11501	0.02509	0.18757	0.22170	0.29608	0.01902	0.00935	0.00277	0.00444	0.01647	0.00776	0.00768
16	0.01917	0.14017	0.23865	0.20115	0.05578	0.07239	0.02168	0.08633	0.01876	0.02463	0.01387	0.01742	0.01066	0.00802	0.00805	0.00240	0.04026	0.00607	0.00394	0.01058
17	0.11106	0.02121	0.04553	0.01594	0.02147	0.14916	0.01322	0.17595	0.02483	0.25244	0.07255	0.02324	0.01915	0.00957	0.00756	0.00236	0.00860	0.00724	0.00736	0.01156
18	0.01153	0.00769	0.00865	0.00865	0.00865	0.00769	0.00480	0.01153	0.01153	0.01538	0.02499	0.05189	0.02883	0.72131	0.04036	0.00769	0.00769	0.01153	0.00480	0.00480
19	0.01556	0.03860	0.63111	0.02168	0.03267	0.01761	0.02770	0.02437	0.01716	0.02560	0.06216	0.01986	0.01480	0.00817	0.00767	0.00251	0.01113	0.00648	0.00374	0.01141
20	0.02100	0.30066	0.21226	0.05795	0.05302	0.07819	0.01911	0.09913	0.04483	0.02518	0.01414	0.01614	0.01121	0.00766	0.00666	0.00215	0.00994	0.00556	0.00419	0.01103
21	0.04854	0.28692	0.39863	0.01878	0.02816	0.04832	0.02228	0.02479	0.01660	0.02299	0.01287	0.01505	0.01004	0.00728	0.00653	0.00220	0.01043	0.00519	0.00345	0.01094
22	0.01093	0.00809	0.01019	0.00967	0.01167	0.00736	0.00725	0.01440	0.02175	0.03015	0.57447	0.06194	0.16905	0.01683	0.00936	0.00252	0.00378	0.01472	0.00851	0.00736
23	0.01498	0.01324	0.01856	0.01676	0.01753	0.01726	0.01352	0.03888	0.01341	0.01984	0.01711	0.07335	0.01704	0.03122	0.26024	0.03478	0.36153	0.00863	0.00419	0.00793
24	0.02285	0.13480	0.29913	0.01912	0.02759	0.04543	0.05763	0.02992	0.06327	0.19555	0.01951	0.01990	0.01369	0.00822	0.00741	0.00238	0.00975	0.00657	0.00545	0.01185
25	0.01338	0.01038	0.01282	0.01230	0.01435	0.01136	0.00918	0.02089	0.17730	0.02483	0.17389	0.06755	0.03617	0.13198	0.24046	0.00674	0.01082	0.01096	0.00644	0.00819
26	0.00952	0.00804	0.00824	0.00819	0.01080	0.00676	0.00614	0.01167	0.01842	0.02225	0.12721	0.07495	0.62124	0.01977	0.00937	0.00266	0.00399	0.01654	0.00747	0.00676
27	0.01430	0.01383	0.04655	0.20206	0.02967	0.01380	0.09925	0.02092	0.09524	0.02496	0.13386	0.13608	0.05807	0.01355	0.00899	0.00279	0.00795	0.06324	0.00602	0.00886
28	0.01981	0.08263	0.14442	0.18384	0.17777	0.02071	0.09136	0.13421	0.02065	0.02809	0.01514	0.01898	0.01157	0.00772	0.00776	0.00243	0.01032	0.00688	0.00441	0.01131
29	0.01902	0.05015	0.02447	0.02478	0.16679	0.17317	0.08847	0.02208	0.01685	0.02074	0.01679	0.02516	0.01555	0.12156	0.14748	0.00516	0.04089	0.00768	0.00412	0.00909
30	0.02203	0.07671	0.10604	0.12583	0.24614	0.14516	0.02079	0.11535	0.02106	0.02677	0.01454	0.01791	0.01150	0.00778	0.00750	0.00231	0.01060	0.00636	0.00437	0.01126
31	0.01084	0.00774	0.01055	0.01239	0.01336	0.00745	0.00940	0.01307	0.01634	0.02156	0.04306	0.47972	0.04988	0.02374	0.01044	0.00338	0.00562	0.24735	0.00734	0.00677
32	0.01051	0.00772	0.00849	0.00870	0.00975	0.00717	0.00556	0.01142	0.01440	0.01820	0.04777	0.13961	0.26936	0.37830	0.02527	0.00530	0.00596	0.01477	0.00606	0.00570
33	0.02026	0.05138	0.16819	0.10215	0.05693	0.09566	0.06284	0.12646	0.05728	0.02807	0.06267	0.02153	0.01647	0.00937	0.00981	0.00254	0.08548	0.00727	0.00495	0.01070
34	0.01974	0.22554	0.12468	0.16138	0.08345	0.07075	0.01824	0.07280	0.01850	0.02396	0.01356	0.01670	0.01089	0.00736	0.00674	0.00208	0.00959	0.00564	0.00403	0.10435
35	0.58791	0.01893	0.01544	0.01602	0.08805	0.11404	0.01126	0.02462	0.01528	0.03221	0.01164	0.01382	0.00925	0.00744	0.00555	0.00238	0.00766	0.00471	0.00468	0.00911
36	0.02175	0.43973	0.10369	0.01822	0.02552	0.05525	0.10681	0.10049	0.01941	0.02415	0.01311	0.01522	0.01084	0.00724	0.00639	0.00202	0.00979	0.00554	0.00406	0.01077
37	0.01649	0.01526	0.02540	0.27382	0.33633	0.01640	0.02054	0.02124	0.01805	0.02494	0.12979	0.02715	0.02284	0.00899	0.00814	0.00248	0.00883	0.00834	0.00463	0.01033
38	0.01089	0.00809	0.01014	0.00963	0.01164	0.00734	0.00722	0.01432	0.02167	0.02995	0.56281	0.06228	0.18084	0.01690	0.00936	0.00253	0.00379	0.01477	0.00849	0.00734
39	0.11455	0.00988	0.01063	0.00942	0.01270	0.00973	0.00742	0.02404	0.01773	0.18963	0.02536	0.02686	0.01870	0.00915	0.00606	0.00207	0.00475	0.00715	0.48512	0.00904
40	0.01023	0.00807	0.00923	0.00894	0.01124	0.00706	0.00670	0.01305	0.02011	0.02625	0.35362	0.06837	0.39233	0.01828	0.00936	0.00259	0.00389	0.01562	0.00800	0.00706
41	0.43953	0.01287	0.01171	0.01027	0.01457	0.01389	0.00832	0.02475	0.01598	0.14853	0.01865	0.01989	0.01372	0.00830	0.00563	0.00229	0.00559	0.00579	0.21058	0.00914
42	0.01091	0.00809	0.01017	0.00965	0.01166	0.00735	0.00724	0.01436	0.02171	0.03006	0.56907	0.06210	0.17450	0.01686	0.00936	0.00252	0.00379	0.01474	0.00850	0.00735
43	0.03014	0.02221	0.02380	0.01825	0.02459	0.02459	0.01507	0.64541	0.03728	0.04998	0.01904	0.01904	0.01349	0.00952	0.00793	0.00238	0.00873	0.00714	0.00793	0.01349
44	0.77733	0.01534	0.01166	0.01043	0.01534	0.01779	0.00859	0.02331	0.01350	0.03558	0.01104	0.01288	0.00859	0.00736	0.00491	0.00245	0.00613	0.00429	0.00491	0.00859
45	0.77733	0.01534	0.01166	0.01043	0.01534	0.01779	0.00859	0.02331	0.01350	0.03558	0.01104	0.01288	0.00859	0.00736	0.00491	0.00245	0.00613	0.00429	0.00491	0.00859
46	0.01963	0.01884	0.03219	0.04867	0.67185	0.01884	0.02434	0.02434	0.01806	0.02591	0.01492	0.01963	0.01256	0.00707	0.00785	0.00236	0.00942	0.00707	0.00393	0.01256
47	0.02120	0.72609	0.04155	0.01357	0.02035	0.03138	0.01357	0.02374	0.01611	0.01866	0.01102	0.01272	0.01018	0.00678	0.00509	0.00170	0.00848	0.00424	0.00339	0.01018
48	0.03014	0.02221	0.02380	0.01825	0.02459	0.02459	0.01507	0.64541	0.03728	0.04998	0.01904	0.01904	0.01349	0.00952	0.00793	0.00238	0.00873	0.00714	0.00793	0.01349
49	0.02954	0.02051	0.02246	0.01739	0.02346	0.02234	0.01430	0.53001	0.06228	0.11542	0.04595	0.02190	0.01698	0.00986	0.00800	0.00241	0.00822	0.00759	0.00817	0.01321
50	0.01317	0.00854	0.01122	0.01031	0.01252	0.00782	0.00782	0.01685	0.02247	0.08332	0.61688	0.05666	0.07042	0.01570	0.00924	0.00249	0.00398	0.01383	0.00882	0.00796
51	0.00966	0.00690	0.00920	0.01104	0.01150	0.00644	0.00736	0.01104	0.01518	0.02024	0.04371	0.71614	0.05245	0.02484	0.01012	0.00322	0.00460	0.02254	0.00736	0.00644
52	0.01997	0.01073	0.01354	0.01262	0.01577	0.01019	0.00949	0.02506	0.11244	0.24650	0.04047	0.33302	0.08229	0.01729	0.00903	0.00284	0.00554	0.01515	0.00830	0.00977
53	0.01883	0.07139	0.02467	0.01978	0.02087	0.10738	0.01639	0.02072	0.01376	0.01905	0.01130	0.01741	0.01090	0.01524	0.05998	0.00369	0.52967	0.00660	0.00359	0.00876
54	0.01137	0.00804	0.01016	0.00963	0.01156	0.00742	0.00722	0.01498	0.02166	0.03086	0.57337	0.05812	0.11403	0.01594	0.00905	0.00246	0.00376	0.01396	0.06901	0.00742
55	0.01011	0.00722	0.00971	0.01155	0.01221	0.00683	0.00814	0.01181	0.01562	0.02074	0.04346	0.62636	0.05147	0.02442	0.01024	0.00328	0.00499	0.10792	0.00735	0.00656
56	0.01667	0.01130	0.01532	0.01365	0.01556	0.01274	0.01071	0.04527	0.01730	0.11035	0.18724	0.03583	0.03225	0.08007	0.18001	0.04037	0.15119	0.00973	0.00615	0.00829
57	0.02019	0.02265	0.10259	0.01907	0.05029	0.11512	0.01578	0.06045	0.30988	0.02900	0.07413	0.02592	0.02198	0.01054	0.00991	0.00262	0.08434	0.00807	0.00628	0.01118
58	0.00955	0.00732	0.00877	0.00992	0.01121	0.00654	0.00686	0.01117	0.01626	0.02068	0.05733	0.47811	0.28168	0.02307	0.00984	0.00302	0.00438	0.02038	0.00736	0.00654
59	0.02328	0.02597	0.02925	0.03753	0.40366	0.26709	0.04909	0.02710	0.01972	0.02348	0.01398	0.01774	0.01167	0.00746	0.00766	0.00225	0.01141	0.00644	0.00399	0.01123
60	0.01890	0.02614	0.25482	0.08477	0.22879	0.06869	0.02245	0.02481	0.01856	0.07088	0.08735	0.02320	0.01868	0.00859	0.00787	0.00243	0.00989	0.00735	0.00464	0.01120
61	0.01636	0.01528	0.02460	0.50586	0.16086	0.01808	0.02134	0.02353	0.09079	0.02277	0.01635	0.02185	0.01251	0.00810	0.00793	0.00260	0.00987	0.00727	0.00412	0.00991
62	0.01418	0.01608	0.11424	0.02108	0.12811	0.01443	0.01589	0.01798	0.01408	0.02059	0.01791	0.02626	0.01636	0.06722	0.36000	0.00807	0.10694	0.00781	0.00399	0.00878
63	0.14408	0.10996	0.07358	0.01982	0.06242	0.27850	0.04381	0.02628	0.01815	0.02349	0.01240	0.01512	0.01030	0.00795	0.00806	0.00219	0.06413	0.00535	0.00407	0.07033
64	0.01240	0.06607	0.01533	0.10371	0.01922	0.01157	0.01110	0.01523	0.01456	0.01997	0.02683	0.21336	0.02798	0.03482	0.29460	0.00698	0.01280	0.04643	0.03963	0.00741
65	0.30311	0.05464	0.07364	0.02156	0.13892	0.18898	0.01548	0.07140	0.01871	0.02923	0.01289	0.01521	0.01026	0.00766	0.00645	0.00230	0.00953	0.00533	0.00455	0.01014

[dist]
# distance from previous block
# <min> <max>
0	3

[block]
# block no. 1 follows, 24 sequences, length 43
# corresponding to MSA columns:
# 701-743
name=unknown_B
#
# <colnr> <probs for GDERKNQSTAVLIFYWHMCP>
#	G	D	E	R	K	N	Q	S	T	A	V	L	I	F	Y	W	H	M	C	P
0	0.01192	0.00708	0.00982	0.01036	0.01086	0.00678	0.00702	0.01101	0.01344	0.01787	0.08055	0.25268	0.08094	0.02521	0.02093	0.40423	0.00568	0.01325	0.00542	0.00497
1	0.02268	0.15343	0.17543	0.02024	0.05087	0.14451	0.04378	0.13563	0.12525	0.02855	0.01716	0.01836	0.01317	0.00833	0.00727	0.00229	0.01020	0.00635	0.00509	0.01141
2	0.00966	0.00690	0.00920	0.01104	0.01150	0.00644	0.00736	0.01104	0.01518	0.02024	0.04371	0.71614	0.05245	0.02484	0.01012	0.00322	0.00460	0.02254	0.00736	0.00644
3	0.01329	0.01372	0.09108	0.04706	0.01741	0.01259	0.01195	0.01616	0.01467	0.02124	0.12461	0.03712	0.02819	0.22576	0.13008	0.00579	0.13003	0.00963	0.04223	0.00740
4	0.00991	0.00708	0.00949	0.01133	0.01189	0.00666	0.00779	0.01147	0.01543	0.02052	0.04357	0.66619	0.05190	0.02461	0.01019	0.00325	0.00482	0.07004	0.00736	0.00651
5	0.00970	0.00709	0.00913	0.01064	0.01143	0.00652	0.00721	0.01127	0.01587	0.02094	0.07844	0.60966	0.12518	0.02387	0.01000	0.00312	0.00449	0.02147	0.00743	0.00652
6	0.07003	0.01358	0.01809	0.01394	0.02001	0.01194	0.01151	0.03793	0.02227	0.64753	0.03034	0.02634	0.01912	0.00970	0.00783	0.00245	0.00672	0.00780	0.00959	0.01327
7	0.01432	0.00895	0.01068	0.00975	0.01268	0.00779	0.00748	0.01714	0.02046	0.13167	0.29237	0.06192	0.34098	0.01697	0.00914	0.00257	0.00436	0.01442	0.00827	0.00809
8	0.02120	0.72609	0.04155	0.01357	0.02035	0.03138	0.01357	0.02374	0.01611	0.01866	0.01102	0.01272	0.01018	0.00678	0.00509	0.00170	0.00848	0.00424	0.00339	0.01018
9	0.01590	0.04102	0.68023	0.02260	0.03432	0.01842	0.02930	0.02511	0.01674	0.02511	0.01423	0.01674	0.01005	0.00753	0.00753	0.00251	0.01172	0.00586	0.00335	0.01172
10	0.77733	0.01534	0.01166	0.01043	0.01534	0.01779	0.00859	0.02331	0.01350	0.03558	0.01104	0.01288	0.00859	0.00736	0.00491	0.00245	0.00613	0.00429	0.00491	0.00859
11	0.00937	0.00803	0.00803	0.00803	0.01071	0.00669	0.00602	0.01138	0.01807	0.02142	0.08033	0.07632	0.66863	0.02008	0.00937	0.00268	0.00402	0.01674	0.00736	0.00669
12	0.02073	0.01779	0.02893	0.09664	0.50385	0.01802	0.02185	0.06151	0.01939	0.07861	0.01902	0.02257	0.03930	0.00802	0.00793	0.00240	0.00905	0.00753	0.00474	0.01214
13	0.77733	0.01534	0.01166	0.01043	0.01534	0.01779	0.00859	0.02331	0.01350	0.03558	0.01104	0.01288	0.00859	0.00736	0.00491	0.00245	0.00613	0.00429	0.00491	0.00859
14	0.01133	0.00850	0.01274	0.01274	0.01416	0.00991	0.00991	0.01416	0.01274	0.01841	0.02124	0.03115	0.01982	0.05947	0.68989	0.01274	0.02124	0.00850	0.00425	0.00708
15	0.01498	0.01409	0.02378	0.70226	0.05462	0.01762	0.02202	0.02026	0.01586	0.02026	0.01409	0.02114	0.01057	0.00793	0.00793	0.00264	0.01057	0.00705	0.00352	0.00881
16	0.02120	0.72609	0.04155	0.01357	0.02035	0.03138	0.01357	0.02374	0.01611	0.01866	0.01102	0.01272	0.01018	0.00678	0.00509	0.00170	0.00848	0.00424	0.00339	0.01018
17	0.01964	0.51218	0.03618	0.01538	0.02050	0.02772	0.04349	0.02204	0.01518	0.01879	0.01227	0.01706	0.01179	0.06496	0.01174	0.00253	0.12995	0.00553	0.00355	0.00951
18	0.03167	0.01977	0.02229	0.01709	0.02337	0.02096	0.01411	0.47525	0.03319	0.22592	0.02247	0.02127	0.01521	0.00960	0.00794	0.00240	0.00817	0.00737	0.00846	0.01349
19	0.00966	0.00690	0.00920	0.01104	0.01150	0.00644	0.00736	0.01104	0.01518	0.02024	0.04371	0.71614	0.05245	0.02484	0.01012	0.00322	0.00460	0.02254	0.00736	0.00644
20	0.05364	0.02455	0.19033	0.02530	0.18447	0.09753	0.01934	0.02833	0.05025	0.16416	0.02071	0.07099	0.01647	0.00940	0.00777	0.00246	0.00939	0.00783	0.00555	0.01153
21	0.01566	0.00989	0.01195	0.01072	0.01362	0.00938	0.00827	0.04792	0.05970	0.11268	0.37346	0.05196	0.15391	0.01484	0.00874	0.00247	0.00454	0.01272	0.06887	0.00868
22	0.01122	0.00811	0.01060	0.00998	0.01185	0.00748	0.00748	0.01496	0.02245	0.03180	0.66766	0.05923	0.07482	0.01621	0.00935	0.00249	0.00374	0.01434	0.00873	0.00748
23	0.01721	0.10467	0.07877	0.08014	0.20002	0.05005	0.07193	0.02148	0.01697	0.02248	0.01985	0.03283	0.01873	0.05560	0.07417	0.00382	0.01083	0.10626	0.00443	0.00976
24	0.07890	0.01671	0.02182	0.18118	0.15741	0.07269	0.01696	0.05081	0.01707	0.05570	0.01675	0.02418	0.01441	0.04985	0.09065	0.00405	0.09053	0.02624	0.00453	0.00956
25	0.01847	0.01754	0.01986	0.01763	0.02111	0.16788	0.11552	0.02154	0.01895	0.07410	0.03381	0.19556	0.08749	0.01574	0.00924	0.00284	0.00898	0.13895	0.00623	0.00855
26	0.01998	0.02149	0.11013	0.10423	0.16854	0.01975	0.15923	0.15565	0.02124	0.02934	0.01612	0.02045	0.01254	0.01181	0.05892	0.00329	0.04381	0.00754	0.00469	0.01124
27	0.02248	0.17510	0.19082	0.02238	0.06843	0.12962	0.10951	0.02734	0.01846	0.10664	0.01556	0.01771	0.01180	0.00792	0.00818	0.00232	0.04400	0.00630	0.00445	0.01097
28	0.01472	0.01282	0.01962	0.15077	0.18605	0.01301	0.01512	0.01855	0.01675	0.02373	0.10154	0.10172	0.02546	0.01877	0.12060	0.00404	0.00977	0.00951	0.00501	0.13243
29	0.01420	0.01315	0.01411	0.01389	0.01568	0.11990	0.01064	0.01681	0.01447	0.01868	0.02112	0.06910	0.02020	0.04910	0.53881	0.01044	0.01913	0.00878	0.00441	0.00738
30	0.05982	0.05422	0.02678	0.02419	0.10277	0.31620	0.13095	0.02607	0.01898	0.02189	0.01462	0.01885	0.01231	0.01599	0.11816	0.00394	0.01404	0.00660	0.00409	0.00954
31	0.01217	0.06588	0.01299	0.01255	0.03983	0.03733	0.00859	0.01406	0.01613	0.02117	0.04164	0.47357	0.11695	0.02023	0.00907	0.00285	0.00537	0.01788	0.06453	0.00721
32	0.07664	0.02097	0.18306	0.01437	0.02243	0.01312	0.01434	0.02153	0.01628	0.02643	0.01389	0.01624	0.01107	0.00641	0.00621	0.00161	0.00736	0.00496	0.00438	0.51872
33	0.01007	0.00694	0.00906	0.01075	0.01132	0.00652	0.00722	0.01163	0.01530	0.02099	0.04228	0.66142	0.04989	0.02360	0.00976	0.00311	0.00453	0.02134	0.06777	0.00652
34	0.01920	0.01835	0.05094	0.02817	0.24050	0.01959	0.01821	0.06724	0.21274	0.02824	0.02189	0.02789	0.01843	0.01077	0.01130	0.00276	0.12843	0.05824	0.00562	0.01148
35	0.01024	0.00807	0.00924	0.00895	0.01125	0.00706	0.00671	0.01307	0.02013	0.02630	0.35649	0.06828	0.38942	0.01826	0.00936	0.00259	0.00389	0.01561	0.00801	0.00706
36	0.01023	0.00714	0.00933	0.01064	0.01143	0.00668	0.00727	0.01216	0.01652	0.02279	0.15010	0.56224	0.05439	0.02243	0.00972	0.00301	0.00440	0.02023	0.05261	0.00668
37	0.02784	0.02609	0.02582	0.02422	0.12357	0.21261	0.04722	0.34635	0.02925	0.03643	0.01634	0.01789	0.01234	0.00863	0.00777	0.00229	0.01064	0.00666	0.00604	0.01199
38	0.01147	0.00794	0.00992	0.00992	0.01036	0.00838	0.00639	0.01235	0.01191	0.01632	0.02382	0.04544	0.02603	0.51529	0.24255	0.00926	0.01191	0.01059	0.00463	0.00551
39	0.01996	0.08616	0.09194	0.05975	0.28923	0.01918	0.17726	0.02521	0.01822	0.07629	0.01737	0.02324	0.01409	0.00796	0.00811	0.00247	0.01026	0.03736	0.00446	0.01147
40	0.02184	0.42174	0.14170	0.01815	0.06189	0.05810	0.01706	0.07409	0.01845	0.05261	0.01337	0.01520	0.01100	0.00764	0.00697	0.00205	0.03794	0.00522	0.00410	0.01088
41	0.01368	0.01039	0.01385	0.15561	0.02217	0.01090	0.01128	0.04289	0.06427	0.05503	0.04196	0.31317	0.15526	0.01790	0.00921	0.00290	0.00623	0.03845	0.00675	0.00810
42	0.01146	0.00797	0.01006	0.01006	0.01055	0.00845	0.00657	0.01244	0.01195	0.01642	0.02369	0.04474	0.02572	0.49309	0.26434	0.00943	0.01236	0.01049	0.00461	0.00559

[dist]
# distance from previous block
# <min> <max>
0	1

[block]
# block no. 2 follows, 24 sequences, length 11
# corresponding to MSA columns:
# 745-755
name=unknown_C
#
# <colnr> <probs for GDERKNQSTAVLIFYWHMCP>
#	G	D	E	R	K	N	Q	S	T	A	V	L	I	F	Y	W	H	M	C	P
0	0.54874	0.01873	0.01470	0.01287	0.01781	0.09398	0.01037	0.09212	0.07245	0.03509	0.01386	0.01513	0.01064	0.00797	0.00575	0.00242	0.00734	0.00509	0.00541	0.00952
1	0.01331	0.00957	0.01246	0.05273	0.01541	0.01044	0.00909	0.01738	0.11886	0.01967	0.02685	0.08463	0.06412	0.14029	0.18013	0.19286	0.01017	0.01013	0.00515	0.00677
2	0.02186	0.10793	0.02203	0.01621	0.02133	0.02211	0.01315	0.15271	0.46009	0.03448	0.02710	0.02547	0.02042	0.01002	0.00767	0.00251	0.00701	0.00802	0.00745	0.01243
3	0.01278	0.00913	0.01278	0.01460	0.01643	0.00913	0.01278	0.01643	0.01825	0.02373	0.04199	0.08945	0.04564	0.02191	0.01095	0.00365	0.00730	0.61847	0.00730	0.00730
4	0.02120	0.72609	0.04155	0.01357	0.02035	0.03138	0.01357	0.02374	0.01611	0.01866	0.01102	0.01272	0.01018	0.00678	0.00509	0.00170	0.00848	0.00424	0.00339	0.01018
5	0.01783	0.15793	0.24932	0.13358	0.08470	0.02109	0.09300	0.02613	0.09523	0.02420	0.01608	0.01904	0.01232	0.00772	0.00744	0.00241	0.01027	0.00663	0.00408	0.01101
6	0.01015	0.00806	0.00911	0.00885	0.01119	0.00702	0.00663	0.01288	0.01990	0.02576	0.32588	0.06917	0.42038	0.01846	0.00936	0.00260	0.00390	0.01573	0.00793	0.00702
7	0.01666	0.01158	0.01875	0.05700	0.02080	0.01089	0.11573	0.02088	0.02146	0.13464	0.41511	0.04532	0.05140	0.01307	0.00904	0.00253	0.00626	0.01203	0.00779	0.00908
8	0.05760	0.01974	0.04962	0.07550	0.05364	0.06154	0.08482	0.24427	0.02526	0.12649	0.02407	0.06609	0.05479	0.01032	0.00811	0.00250	0.00897	0.00870	0.00661	0.01136
9	0.01412	0.01260	0.02104	0.05570	0.19477	0.01254	0.09263	0.01726	0.01589	0.02169	0.02848	0.21969	0.06269	0.10562	0.08481	0.00442	0.00938	0.01284	0.00520	0.00861
10	0.01908	0.04865	0.01521	0.01193	0.01622	0.01318	0.00959	0.12639	0.08971	0.14062	0.05298	0.05002	0.34501	0.01488	0.00853	0.00254	0.00574	0.01216	0.00776	0.00981

[dist]
# distance from previous block
# <min> <max>
0	110

[block]
# block no. 3 follows, 24 sequences, length 62
# corresponding to MSA columns:
# 898-959
name=unknown_D
#
# <colnr> <probs for GDERKNQSTAVLIFYWHMCP>
#	G	D	E	R	K	N	Q	S	T	A	V	L	I	F	Y	W	H	M	C	P
0	0.58147	0.09571	0.01663	0.01217	0.01728	0.08734	0.01014	0.05563	0.01589	0.03282	0.01157	0.01332	0.00917	0.00749	0.00531	0.00233	0.00735	0.00451	0.00481	0.00907
1	0.01792	0.01636	0.02710	0.10197	0.34680	0.01672	0.08534	0.06827	0.01820	0.02516	0.01894	0.07842	0.01780	0.11138	0.01288	0.00325	0.00928	0.00915	0.00459	0.01047
2	0.02078	0.01884	0.02899	0.08931	0.40398	0.01978	0.05210	0.11771	0.11269	0.03002	0.01801	0.02118	0.01419	0.00800	0.00798	0.00245	0.00915	0.00746	0.00508	0.01231
3	0.05943	0.03261	0.02414	0.02106	0.02489	0.51294	0.06386	0.02901	0.02031	0.02053	0.01223	0.01523	0.01031	0.00884	0.00994	0.00231	0.11345	0.00566	0.00403	0.00921
4	0.02980	0.03249	0.02292	0.01969	0.02454	0.46307	0.01524	0.24066	0.02752	0.02982	0.01457	0.01591	0.01133	0.00863	0.00742	0.00216	0.01240	0.00580	0.00540	0.01065
5	0.01478	0.00739	0.00739	0.00739	0.00924	0.00739	0.00554	0.01848	0.01663	0.02956	0.02587	0.02956	0.02033	0.00924	0.00554	0.00185	0.00370	0.00739	0.76534	0.00739
6	0.01895	0.01625	0.01726	0.01574	0.01992	0.01870	0.01215	0.03973	0.60785	0.03217	0.03316	0.08268	0.02639	0.01185	0.00823	0.00273	0.00615	0.01002	0.00801	0.01208
7	0.01165	0.00878	0.01134	0.01078	0.01205	0.00914	0.00788	0.01409	0.01729	0.02416	0.32514	0.05121	0.09264	0.18995	0.12098	0.00536	0.06171	0.01239	0.00662	0.00682
8	0.01478	0.00739	0.00739	0.00739	0.00924	0.00739	0.00554	0.01848	0.01663	0.02956	0.02587	0.02956	0.02033	0.00924	0.00554	0.00185	0.00370	0.00739	0.76534	0.00739
9	0.77733	0.01534	0.01166	0.01043	0.01534	0.01779	0.00859	0.02331	0.01350	0.03558	0.01104	0.01288	0.00859	0.00736	0.00491	0.00245	0.00613	0.00429	0.00491	0.00859
10	0.01467	0.01134	0.01308	0.01177	0.01474	0.01156	0.00907	0.09138	0.13979	0.03263	0.39285	0.05167	0.14394	0.01501	0.00896	0.00254	0.00481	0.01288	0.00832	0.00898
11	0.01152	0.00775	0.00896	0.00896	0.00907	0.00786	0.00519	0.01173	0.01162	0.01561	0.02470	0.05032	0.02815	0.67113	0.08962	0.00807	0.00872	0.01130	0.00476	0.00498
12	0.01498	0.01409	0.02378	0.70226	0.05462	0.01762	0.02202	0.02026	0.01586	0.02026	0.01409	0.02114	0.01057	0.00793	0.00793	0.00264	0.01057	0.00705	0.00352	0.00881
13	0.01498	0.01409	0.02378	0.70226	0.05462	0.01762	0.02202	0.02026	0.01586	0.02026	0.01409	0.02114	0.01057	0.00793	0.00793	0.00264	0.01057	0.00705	0.00352	0.00881
14	0.01951	0.02192	0.04169	0.06511	0.13616	0.07052	0.47362	0.02548	0.01877	0.02479	0.01550	0.02057	0.01191	0.00691	0.00890	0.00258	0.01272	0.00858	0.00398	0.01078
15	0.02586	0.01186	0.01527	0.01281	0.01742	0.01058	0.01038	0.05642	0.02143	0.40428	0.04303	0.09465	0.16249	0.01415	0.00868	0.00266	0.00614	0.06211	0.00881	0.01099
16	0.01043	0.00737	0.00970	0.01127	0.01189	0.00705	0.00787	0.01198	0.01515	0.02011	0.04074	0.51954	0.04795	0.12452	0.01460	0.00393	0.00548	0.11708	0.00698	0.00634
17	0.01799	0.17555	0.50470	0.02066	0.03083	0.07185	0.02514	0.02534	0.01705	0.02341	0.01345	0.01577	0.01008	0.00743	0.00702	0.00232	0.01128	0.00548	0.00341	0.01122
18	0.01254	0.01141	0.01739	0.21301	0.06867	0.01169	0.06035	0.01612	0.01763	0.02248	0.09975	0.10059	0.28809	0.01476	0.00891	0.00267	0.00699	0.01300	0.00590	0.00804
19	0.77733	0.01534	0.01166	0.01043	0.01534	0.01779	0.00859	0.02331	0.01350	0.03558	0.01104	0.01288	0.00859	0.00736	0.00491	0.00245	0.00613	0.00429	0.00491	0.00859
20	0.09076	0.01535	0.01895	0.01464	0.02073	0.01467	0.01209	0.15685	0.02487	0.50525	0.02734	0.02436	0.01758	0.00957	0.00773	0.00244	0.00709	0.00753	0.00907	0.01312
21	0.01655	0.05034	0.02401	0.27642	0.08299	0.04654	0.08372	0.02054	0.01641	0.05229	0.02031	0.13358	0.01896	0.01594	0.07796	0.00369	0.03633	0.00975	0.00462	0.00904
22	0.01393	0.11327	0.01912	0.01971	0.16356	0.01312	0.01195	0.01618	0.01576	0.02088	0.03164	0.32349	0.06080	0.10397	0.01261	0.00335	0.00671	0.03603	0.00569	0.00822
23	0.01198	0.00936	0.01257	0.01162	0.01350	0.00887	0.05589	0.04175	0.01719	0.02266	0.13776	0.20788	0.17976	0.21222	0.01801	0.00414	0.00606	0.01527	0.00663	0.00685
24	0.33176	0.04867	0.07315	0.04752	0.08725	0.16121	0.06234	0.05693	0.01789	0.02912	0.01284	0.01543	0.01008	0.00758	0.00650	0.00235	0.00957	0.00550	0.00449	0.00982
25	0.03441	0.01324	0.01803	0.01391	0.01984	0.01146	0.01146	0.03751	0.02268	0.64648	0.06170	0.02853	0.02227	0.01012	0.00804	0.00246	0.00660	0.00828	0.00976	0.01321
26	0.02439	0.26722	0.02789	0.01707	0.02217	0.30556	0.01406	0.03147	0.17185	0.02244	0.01661	0.01741	0.01354	0.00832	0.00667	0.00208	0.01040	0.00573	0.00480	0.01033
27	0.01529	0.01312	0.02030	0.02788	0.32365	0.01277	0.01516	0.01931	0.01948	0.02779	0.25013	0.03993	0.10103	0.01174	0.00835	0.00240	0.00645	0.01060	0.06483	0.00980
28	0.00957	0.00725	0.00885	0.01013	0.01126	0.00652	0.00695	0.01114	0.01606	0.02060	0.05486	0.52132	0.24007	0.02339	0.00989	0.00306	0.00442	0.02077	0.00736	0.00652
29	0.01655	0.00869	0.00954	0.00885	0.01124	0.00856	0.00678	0.04944	0.01902	0.08099	0.12948	0.03365	0.02873	0.01042	0.00646	0.00202	0.00418	0.00855	0.54867	0.00817
30	0.01972	0.01703	0.01793	0.01614	0.02062	0.01972	0.01255	0.04214	0.65752	0.03317	0.03228	0.02959	0.02421	0.01076	0.00807	0.00269	0.00628	0.00897	0.00807	0.01255
31	0.77733	0.01534	0.01166	0.01043	0.01534	0.01779	0.00859	0.02331	0.01350	0.03558	0.01104	0.01288	0.00859	0.00736	0.00491	0.00245	0.00613	0.00429	0.00491	0.00859
32	0.01735	0.01735	0.02429	0.02082	0.02082	0.02429	0.01735	0.01908	0.01214	0.01908	0.01041	0.01735	0.01041	0.01388	0.02602	0.00347	0.70680	0.00694	0.00347	0.00867
33	0.02967	0.03622	0.02261	0.02021	0.02452	0.62216	0.01530	0.09380	0.02397	0.02250	0.01294	0.01478	0.01055	0.00831	0.00723	0.00208	0.01374	0.00531	0.00448	0.00963
34	0.02872	0.01171	0.01534	0.01244	0.01727	0.01028	0.01002	0.03168	0.02091	0.48570	0.03486	0.07989	0.06848	0.01153	0.00786	0.00243	0.00594	0.00955	0.12380	0.01158
35	0.02120	0.72609	0.04155	0.01357	0.02035	0.03138	0.01357	0.02374	0.01611	0.01866	0.01102	0.01272	0.01018	0.00678	0.00509	0.00170	0.00848	0.00424	0.00339	0.01018
36	0.02120	0.72609	0.04155	0.01357	0.02035	0.03138	0.01357	0.02374	0.01611	0.01866	0.01102	0.01272	0.01018	0.00678	0.00509	0.00170	0.00848	0.00424	0.00339	0.01018
37	0.12865	0.01585	0.01506	0.01408	0.01748	0.10925	0.01106	0.07190	0.08481	0.09065	0.10715	0.14760	0.03283	0.01438	0.00840	0.00273	0.00721	0.10461	0.00705	0.00924
38	0.03043	0.01206	0.01602	0.01285	0.01790	0.01061	0.01040	0.03346	0.02120	0.52850	0.03143	0.08067	0.02227	0.01089	0.00777	0.00242	0.00612	0.00901	0.12396	0.01203
39	0.01590	0.04102	0.68023	0.02260	0.03432	0.01842	0.02930	0.02511	0.01674	0.02511	0.01423	0.01674	0.01005	0.00753	0.00753	0.00251	0.01172	0.00586	0.00335	0.01172
40	0.01972	0.01703	0.01793	0.01614	0.02062	0.01972	0.01255	0.04214	0.65752	0.03317	0.03228	0.02959	0.02421	0.01076	0.00807	0.00269	0.00628	0.00897	0.00807	0.01255
41	0.01106	0.00845	0.00985	0.00985	0.01162	0.00797	0.00702	0.01467	0.06346	0.02449	0.25003	0.17733	0.23209	0.11986	0.01386	0.00344	0.00472	0.01570	0.00748	0.00705
42	0.00966	0.00690	0.00920	0.01104	0.01150	0.00644	0.00736	0.01104	0.01518	0.02024	0.04371	0.71614	0.05245	0.02484	0.01012	0.00322	0.00460	0.02254	0.00736	0.00644
43	0.01100	0.00786	0.01074	0.01257	0.01362	0.00760	0.00969	0.01336	0.01650	0.02174	0.04297	0.44652	0.04952	0.02358	0.01048	0.00341	0.00576	0.27892	0.00734	0.00681
44	0.02962	0.03779	0.02247	0.02043	0.02451	0.68948	0.01532	0.03166	0.02247	0.01941	0.01226	0.01430	0.01021	0.00817	0.00715	0.00204	0.01430	0.00511	0.00409	0.00919
45	0.01049	0.00797	0.00949	0.01013	0.01170	0.00746	0.00746	0.01237	0.01604	0.02032	0.05327	0.19236	0.29282	0.14281	0.06763	0.00456	0.00661	0.11338	0.00668	0.00645
46	0.01165	0.00723	0.00852	0.00938	0.01016	0.00702	0.00622	0.01341	0.01478	0.02195	0.03397	0.35442	0.03724	0.18061	0.01570	0.00383	0.00504	0.01540	0.23711	0.00635
47	0.01498	0.01409	0.02378	0.70226	0.05462	0.01762	0.02202	0.02026	0.01586	0.02026	0.01409	0.02114	0.01057	0.00793	0.00793	0.00264	0.01057	0.00705	0.00352	0.00881
48	0.67072	0.01854	0.01320	0.01185	0.01664	0.11356	0.00955	0.02450	0.01478	0.03327	0.01121	0.01308	0.00882	0.00748	0.00523	0.00240	0.00730	0.00441	0.00479	0.00867
49	0.02120	0.72609	0.04155	0.01357	0.02035	0.03138	0.01357	0.02374	0.01611	0.01866	0.01102	0.01272	0.01018	0.00678	0.00509	0.00170	0.00848	0.00424	0.00339	0.01018
50	0.01177	0.00874	0.01075	0.01104	0.01270	0.00853	0.00804	0.06033	0.01816	0.02412	0.13728	0.31922	0.16506	0.06007	0.07979	0.00415	0.00661	0.03928	0.00716	0.00719
51	0.01919	0.06909	0.08606	0.01841	0.02266	0.23158	0.10377	0.02234	0.01746	0.02018	0.01948	0.10634	0.01921	0.11719	0.08843	0.00429	0.01221	0.00911	0.00447	0.00853
52	0.01746	0.01663	0.02827	0.35301	0.38443	0.01827	0.02326	0.02244	0.01703	0.02328	0.01453	0.02033	0.01163	0.00747	0.00789	0.00249	0.00996	0.00706	0.00374	0.01081
53	0.00966	0.00690	0.00920	0.01104	0.01150	0.00644	0.00736	0.01104	0.01518	0.02024	0.04371	0.71614	0.05245	0.02484	0.01012	0.00322	0.00460	0.02254	0.00736	0.00644
54	0.02419	0.01621	0.02243	0.05501	0.10645	0.04653	0.07412	0.03020	0.09290	0.25087	0.07185	0.02584	0.02066	0.00902	0.00786	0.00230	0.00787	0.00793	0.00690	0.12085
55	0.01715	0.01581	0.02581	0.27202	0.23429	0.01717	0.06677	0.04980	0.06404	0.02625	0.10998	0.02668	0.02163	0.00903	0.00823	0.00253	0.00906	0.00842	0.00495	0.01039
56	0.09658	0.01916	0.01863	0.01537	0.01984	0.13697	0.05891	0.20173	0.02368	0.06007	0.01952	0.02148	0.01477	0.00878	0.00684	0.00218	0.00813	0.00678	0.25051	0.01007
57	0.12548	0.01181	0.01238	0.01123	0.01461	0.01207	0.00870	0.11789	0.04963	0.06137	0.10331	0.13953	0.21351	0.01512	0.00818	0.00258	0.00534	0.01252	0.06600	0.00874
58	0.08671	0.12927	0.02496	0.01801	0.02329	0.33425	0.03941	0.10791	0.02261	0.11925	0.01573	0.01667	0.01192	0.00825	0.00699	0.00215	0.01100	0.00576	0.00535	0.01051
59	0.04660	0.08726	0.06552	0.01351	0.01934	0.03853	0.01172	0.07180	0.03963	0.09927	0.02509	0.10373	0.06826	0.01041	0.00716	0.00204	0.00690	0.00844	0.00591	0.26887
60	0.03867	0.00970	0.01226	0.06137	0.04252	0.00940	0.00967	0.03678	0.01795	0.02414	0.10977	0.25673	0.21363	0.01848	0.00923	0.00282	0.00549	0.07396	0.00690	0.04054
61	0.02219	0.07462	0.04445	0.01649	0.02131	0.11788	0.01345	0.12105	0.31913	0.05240	0.04865	0.06954	0.02254	0.01086	0.00784	0.00249	0.00798	0.00871	0.00697	0.01143

[dist]
# distance from previous block
# <min> <max>
0	93

[block]
# block no. 4 follows, 24 sequences, length 57
# corresponding to MSA columns:
# 1080-1136
name=unknown_E
#
# <colnr> <probs for GDERKNQSTAVLIFYWHMCP>
#	G	D	E	R	K	N	Q	S	T	A	V	L	I	F	Y	W	H	M	C	P
0	0.01979	0.02571	0.17400	0.01880	0.04551	0.15659	0.01685	0.07414	0.12067	0.02574	0.02353	0.02835	0.06377	0.06185	0.01143	0.00288	0.05727	0.03172	0.00523	0.03618
1	0.31453	0.06846	0.01655	0.03844	0.07481	0.01553	0.01076	0.04357	0.01717	0.05294	0.13551	0.08201	0.02624	0.03799	0.00814	0.00262	0.00637	0.00848	0.00582	0.03405
2	0.07784	0.12428	0.05807	0.04625	0.02122	0.11544	0.01285	0.02540	0.12595	0.02428	0.03795	0.02194	0.01627	0.05782	0.01066	0.03522	0.03229	0.00651	0.00492	0.14485
3	0.10686	0.01878	0.10013	0.03854	0.06538	0.04384	0.01354	0.13168	0.01988	0.05130	0.02415	0.02898	0.08707	0.11304	0.01208	0.00303	0.00799	0.00793	0.00550	0.12029
4	0.01135	0.00890	0.01188	0.01431	0.08463	0.00834	0.00901	0.01365	0.01725	0.02290	0.15791	0.27441	0.18819	0.09110	0.01269	0.00335	0.00532	0.05061	0.00696	0.00724
5	0.01585	0.01500	0.05454	0.06198	0.06629	0.01278	0.01324	0.02239	0.10492	0.02572	0.02494	0.05791	0.04357	0.01086	0.00771	0.00220	0.00696	0.11603	0.00560	0.33149
6	0.01524	0.01436	0.02426	0.66531	0.08950	0.01769	0.02215	0.02049	0.01598	0.02058	0.01414	0.02106	0.01068	0.00788	0.00792	0.00263	0.01051	0.00705	0.00355	0.00902
7	0.05373	0.00828	0.00932	0.00929	0.01144	0.00760	0.00688	0.01362	0.01894	0.02621	0.28449	0.15763	0.29583	0.01817	0.00906	0.00264	0.00411	0.01560	0.04007	0.00708
8	0.01942	0.02009	0.06881	0.04720	0.63581	0.01882	0.02462	0.02438	0.01798	0.02586	0.01488	0.01946	0.01242	0.00709	0.00783	0.00236	0.00955	0.00700	0.00389	0.01251
9	0.01644	0.01409	0.01644	0.01175	0.01879	0.01057	0.00940	0.01997	0.01644	0.02584	0.01409	0.01644	0.01175	0.00587	0.00587	0.00117	0.00587	0.00470	0.00470	0.76979
10	0.01013	0.00719	0.00952	0.01122	0.01178	0.00681	0.00771	0.01163	0.01521	0.02022	0.04207	0.60018	0.04991	0.07900	0.01257	0.00361	0.00512	0.08256	0.00716	0.00640
11	0.01255	0.00948	0.01346	0.01633	0.08054	0.00945	0.01160	0.01537	0.01650	0.02188	0.03755	0.17617	0.06600	0.10605	0.06698	0.00459	0.00807	0.31364	0.00644	0.00735
12	0.01740	0.01069	0.01557	0.01558	0.06074	0.01164	0.01103	0.01879	0.01424	0.13520	0.02018	0.02829	0.01773	0.08726	0.26406	0.16170	0.08896	0.00804	0.00501	0.00787
13	0.02213	0.01415	0.01506	0.01256	0.01655	0.01517	0.01005	0.26638	0.06909	0.06874	0.02390	0.02532	0.01788	0.00948	0.00677	0.00214	0.00599	0.00743	0.38078	0.01042
14	0.01456	0.00965	0.01262	0.01189	0.01354	0.01043	0.00871	0.06434	0.01495	0.06591	0.02303	0.03692	0.02236	0.27553	0.36963	0.00951	0.01467	0.00938	0.00511	0.00726
15	0.01682	0.03462	0.47359	0.02613	0.03664	0.01895	0.22951	0.02521	0.01739	0.02521	0.01482	0.01826	0.01069	0.00726	0.00813	0.00256	0.01226	0.00700	0.00356	0.01139
16	0.01902	0.01822	0.03109	0.13387	0.59139	0.01868	0.02403	0.02381	0.01777	0.02517	0.01481	0.01982	0.01230	0.00718	0.00786	0.00239	0.00957	0.00706	0.00387	0.01207
17	0.01590	0.04102	0.68023	0.02260	0.03432	0.01842	0.02930	0.02511	0.01674	0.02511	0.01423	0.01674	0.01005	0.00753	0.00753	0.00251	0.01172	0.00586	0.00335	0.01172
18	0.00976	0.00805	0.00857	0.00844	0.01095	0.00686	0.00633	0.01213	0.01899	0.02359	0.20282	0.07275	0.54479	0.01928	0.00937	0.00264	0.00396	0.01624	0.00765	0.00686
19	0.01122	0.00811	0.01060	0.00998	0.01185	0.00748	0.00748	0.01496	0.02245	0.03180	0.66766	0.05923	0.07482	0.01621	0.00935	0.00249	0.00374	0.01434	0.00873	0.00748
20	0.01055	0.00753	0.01022	0.01205	0.01290	0.00720	0.00890	0.01257	0.01605	0.02123	0.04322	0.53848	0.05052	0.02401	0.01036	0.00334	0.00537	0.19148	0.00734	0.00669
21	0.01133	0.00850	0.01274	0.01274	0.01416	0.00991	0.00991	0.01416	0.01274	0.01841	0.02124	0.03115	0.01982	0.05947	0.68989	0.01274	0.02124	0.00850	0.00425	0.00708
22	0.03395	0.01302	0.01754	0.01358	0.01938	0.01132	0.01118	0.03707	0.02222	0.62669	0.03086	0.02719	0.01968	0.00977	0.00778	0.00241	0.00651	0.00793	0.06889	0.01302
23	0.01507	0.01394	0.02074	0.25135	0.03004	0.01816	0.01647	0.01794	0.01341	0.01894	0.01482	0.02466	0.01392	0.10571	0.10351	0.00486	0.29693	0.00774	0.00375	0.00804
24	0.01188	0.00886	0.01199	0.01172	0.01246	0.01013	0.00843	0.01348	0.01221	0.01724	0.02191	0.03843	0.02272	0.32219	0.37721	0.00999	0.06885	0.00960	0.00441	0.00629
25	0.01748	0.01508	0.01781	0.02013	0.12642	0.09986	0.03407	0.04901	0.04896	0.06918	0.03129	0.37109	0.03344	0.01664	0.00898	0.00279	0.00739	0.01485	0.00647	0.00908
26	0.11025	0.02224	0.02503	0.15029	0.25492	0.16757	0.01885	0.10932	0.02072	0.02785	0.01429	0.01786	0.01135	0.00783	0.00738	0.00235	0.01023	0.00632	0.00455	0.01081
27	0.00964	0.00698	0.00912	0.01083	0.01145	0.00646	0.00727	0.01107	0.01538	0.02033	0.04627	0.67141	0.09552	0.02451	0.01007	0.00318	0.00456	0.02214	0.00736	0.00646
28	0.01914	0.39544	0.19782	0.07772	0.11989	0.02522	0.01973	0.02388	0.01653	0.02143	0.01263	0.01541	0.01052	0.00711	0.00633	0.00207	0.00959	0.00528	0.00347	0.01079
29	0.01134	0.00843	0.01243	0.01243	0.01373	0.00974	0.00952	0.01396	0.01265	0.01817	0.02153	0.03276	0.02052	0.11070	0.63961	0.01235	0.02019	0.00873	0.00429	0.00690
30	0.01153	0.00769	0.00865	0.00865	0.00865	0.00769	0.00480	0.01153	0.01153	0.01538	0.02499	0.05189	0.02883	0.72131	0.04036	0.00769	0.00769	0.01153	0.00480	0.00480
31	0.03111	0.02066	0.02284	0.01751	0.02382	0.02229	0.01446	0.53733	0.03469	0.16173	0.02122	0.02045	0.01458	0.00957	0.00794	0.00239	0.00837	0.00729	0.00827	0.01349
32	0.01972	0.01703	0.01793	0.01614	0.02062	0.01972	0.01255	0.04214	0.65752	0.03317	0.03228	0.02959	0.02421	0.01076	0.00807	0.00269	0.00628	0.00897	0.00807	0.01255
33	0.01590	0.04102	0.68023	0.02260	0.03432	0.01842	0.02930	0.02511	0.01674	0.02511	0.01423	0.01674	0.01005	0.00753	0.00753	0.00251	0.01172	0.00586	0.00335	0.01172
34	0.01478	0.00739	0.00739	0.00739	0.00924	0.00739	0.00554	0.01848	0.01663	0.02956	0.02587	0.02956	0.02033	0.00924	0.00554	0.00185	0.00370	0.00739	0.76534	0.00739
35	0.01760	0.01521	0.01796	0.01896	0.11885	0.01598	0.01268	0.07074	0.30869	0.02970	0.03917	0.03787	0.18008	0.01203	0.00818	0.00250	0.00634	0.01014	0.00698	0.07037
36	0.01133	0.00850	0.01274	0.01274	0.01416	0.00991	0.00991	0.01416	0.01274	0.01841	0.02124	0.03115	0.01982	0.05947	0.68989	0.01274	0.02124	0.00850	0.00425	0.00708
37	0.02945	0.01995	0.02204	0.01718	0.02308	0.02156	0.01407	0.51824	0.03375	0.13354	0.02243	0.06885	0.01705	0.01063	0.00809	0.00245	0.00817	0.00833	0.00815	0.01299
38	0.15156	0.01428	0.01815	0.01551	0.06451	0.01269	0.05954	0.02051	0.01715	0.02848	0.11630	0.02313	0.02116	0.00791	0.00666	0.00181	0.00642	0.00667	0.00526	0.40232
39	0.02504	0.19044	0.20504	0.01834	0.02548	0.23690	0.01807	0.02933	0.01951	0.13798	0.01590	0.01687	0.01184	0.00798	0.00693	0.00216	0.01093	0.00563	0.00475	0.01087
40	0.03448	0.01526	0.01949	0.01494	0.02112	0.01427	0.01235	0.16129	0.02565	0.55053	0.02881	0.02538	0.01839	0.00976	0.00797	0.00244	0.00715	0.00781	0.00943	0.01349
41	0.01139	0.00827	0.01160	0.01160	0.01262	0.00929	0.00848	0.01342	0.01240	0.01756	0.02229	0.03697	0.02235	0.24500	0.50781	0.01133	0.01744	0.00935	0.00440	0.00644
42	0.01498	0.01409	0.02378	0.70226	0.05462	0.01762	0.02202	0.02026	0.01586	0.02026	0.01409	0.02114	0.01057	0.00793	0.00793	0.00264	0.01057	0.00705	0.00352	0.00881
43	0.77733	0.01534	0.01166	0.01043	0.01534	0.01779	0.00859	0.02331	0.01350	0.03558	0.01104	0.01288	0.00859	0.00736	0.00491	0.00245	0.00613	0.00429	0.00491	0.00859
44	0.01735	0.01796	0.01694	0.01743	0.06273	0.20150	0.01223	0.01969	0.01724	0.02095	0.09307	0.15031	0.02800	0.05626	0.15729	0.00501	0.08224	0.01058	0.00518	0.00804
45	0.01530	0.01005	0.01299	0.01298	0.01535	0.00991	0.01038	0.06346	0.04513	0.08528	0.19972	0.19544	0.04904	0.01864	0.00978	0.00303	0.00586	0.22131	0.00798	0.00837
46	0.01498	0.01409	0.02378	0.70226	0.05462	0.01762	0.02202	0.02026	0.01586	0.02026	0.01409	0.02114	0.01057	0.00793	0.00793	0.00264	0.01057	0.00705	0.00352	0.00881
47	0.02403	0.10591	0.12758	0.01863	0.02465	0.14196	0.01693	0.21666	0.13313	0.03182	0.01776	0.01879	0.01358	0.00921	0.00885	0.00240	0.06432	0.00655	0.00569	0.01154
48	0.01139	0.00763	0.00869	0.00884	0.00887	0.00759	0.00500	0.01149	0.01182	0.01576	0.02645	0.10383	0.03068	0.66686	0.03800	0.00734	0.00745	0.01239	0.00500	0.00493
49	0.00951	0.00787	0.00822	0.00846	0.01072	0.00671	0.00614	0.01134	0.01739	0.02099	0.07294	0.15963	0.55778	0.05307	0.01090	0.00298	0.00426	0.01726	0.00725	0.00657
50	0.02147	0.02002	0.02870	0.14382	0.41447	0.06655	0.02169	0.13484	0.02144	0.02885	0.01534	0.01939	0.01225	0.00772	0.00783	0.00238	0.00982	0.00694	0.00459	0.01190
51	0.02239	0.14131	0.05758	0.07371	0.10323	0.11315	0.20734	0.13592	0.02176	0.02753	0.01490	0.01819	0.01162	0.00757	0.00776	0.00233	0.01116	0.00699	0.00455	0.01101
52	0.01165	0.00756	0.00978	0.01091	0.01209	0.00688	0.00753	0.01324	0.01613	0.07177	0.04729	0.58268	0.12651	0.02308	0.00986	0.00309	0.00470	0.02068	0.00755	0.00702
53	0.01691	0.03397	0.45284	0.02649	0.03688	0.01900	0.24962	0.02522	0.01745	0.02522	0.01488	0.01841	0.01076	0.00723	0.00819	0.00257	0.01231	0.00712	0.00359	0.01135
54	0.05343	0.13869	0.01851	0.01282	0.01677	0.01476	0.01083	0.08930	0.02015	0.11498	0.05983	0.12109	0.14535	0.01531	0.00846	0.00268	0.00653	0.13434	0.00698	0.00921
