[name]
unknown

[dist]
# distance from previous block
# <min> <max>
10	558

[block]
# block no. 0 follows, 26 sequences, length 14
# corresponding to MSA columns:
# 633-646
name=unknown_A
#
# <colnr> <probs for GDERKNQSTAVLIFYWHMCP>
#	G	D	E	R	K	N	Q	S	T	A	V	L	I	F	Y	W	H	M	C	P
0	0.02372	0.28820	0.05957	0.01588	0.02196	0.07413	0.01423	0.26978	0.10757	0.03142	0.01630	0.01683	0.01266	0.00811	0.00652	0.00205	0.00848	0.00583	0.00552	0.01124
1	0.02036	0.01836	0.10736	0.02640	0.23264	0.01536	0.07535	0.08791	0.02024	0.14353	0.09145	0.02922	0.04749	0.00960	0.00799	0.00241	0.00824	0.03928	0.00583	0.01101
2	0.06531	0.12219	0.29277	0.05670	0.08294	0.01882	0.07798	0.06653	0.01794	0.07057	0.04750	0.01892	0.01382	0.00769	0.00708	0.00229	0.00949	0.00638	0.00437	0.01069
3	0.01647	0.01914	0.12727	0.01541	0.02008	0.09879	0.04606	0.02400	0.15083	0.05493	0.06234	0.03394	0.14393	0.01928	0.12921	0.00412	0.01016	0.00916	0.00565	0.00923
4	0.02163	0.01233	0.01474	0.01224	0.01641	0.01194	0.00977	0.13344	0.06940	0.24628	0.19207	0.04124	0.16048	0.01278	0.00820	0.00240	0.00555	0.01064	0.00826	0.01021
5	0.01814	0.15307	0.20672	0.02136	0.09050	0.09147	0.08258	0.05213	0.01765	0.02295	0.03820	0.02256	0.07645	0.00897	0.00858	0.00230	0.06523	0.00707	0.00413	0.00995
6	0.01558	0.01476	0.02502	0.52656	0.23108	0.01718	0.02169	0.02048	0.01576	0.02090	0.01370	0.01981	0.01065	0.00735	0.00756	0.00245	0.00980	0.00675	0.00348	0.00944
7	0.01144	0.00899	0.01266	0.01247	0.01328	0.01062	0.00940	0.01337	0.01232	0.01756	0.02287	0.14548	0.02404	0.14467	0.39306	0.00869	0.11743	0.01054	0.00452	0.00657
8	0.22701	0.01829	0.01753	0.01428	0.01935	0.08530	0.01158	0.26180	0.02453	0.15394	0.07765	0.02104	0.01771	0.00907	0.00688	0.00229	0.00746	0.00669	0.00685	0.01075
9	0.01902	0.01504	0.02258	0.33131	0.15936	0.01603	0.01781	0.08544	0.01841	0.09933	0.01594	0.01967	0.01189	0.00747	0.00727	0.00221	0.00861	0.00650	0.00471	0.13140
10	0.01591	0.01698	0.03557	0.02639	0.03228	0.01644	0.47544	0.02126	0.01629	0.02241	0.01675	0.02309	0.01361	0.02064	0.20487	0.00528	0.01491	0.00872	0.00390	0.00925
11	0.01029	0.00771	0.00975	0.01012	0.01154	0.00758	0.00749	0.01236	0.01515	0.01998	0.10708	0.15099	0.20400	0.13712	0.18305	0.00579	0.00877	0.07882	0.00607	0.00632
12	0.01719	0.01499	0.01389	0.01431	0.05572	0.16184	0.00992	0.01940	0.01843	0.10429	0.09845	0.21861	0.19187	0.01555	0.00842	0.00250	0.00678	0.01317	0.00656	0.00809
13	0.01829	0.00923	0.01173	0.01083	0.01387	0.00807	0.00819	0.02037	0.01795	0.26711	0.04732	0.28484	0.21716	0.01719	0.00872	0.00266	0.00500	0.01487	0.00791	0.00871

[dist]
# distance from previous block
# <min> <max>
4	14

[block]
# block no. 1 follows, 26 sequences, length 47
# corresponding to MSA columns:
# 682-711,818-834
name=unknown_B
#
# <colnr> <probs for GDERKNQSTAVLIFYWHMCP>
#	G	D	E	R	K	N	Q	S	T	A	V	L	I	F	Y	W	H	M	C	P
0	0.01788	0.14497	0.17393	0.18882	0.02997	0.09516	0.01779	0.04454	0.01786	0.04681	0.11009	0.02246	0.01918	0.00878	0.00768	0.00227	0.03105	0.00686	0.00445	0.00944
1	0.02123	0.01918	0.07862	0.17700	0.22284	0.04238	0.01885	0.16995	0.02153	0.09415	0.01924	0.02171	0.04265	0.00838	0.00757	0.00234	0.00896	0.00711	0.00522	0.01109
2	0.01093	0.00866	0.00979	0.00997	0.01202	0.00824	0.00727	0.03682	0.08259	0.02326	0.12371	0.28570	0.31479	0.01910	0.00903	0.00271	0.00437	0.01657	0.00727	0.00719
3	0.01974	0.01501	0.01923	0.11741	0.14716	0.04608	0.01393	0.12545	0.06103	0.10035	0.02086	0.03024	0.01833	0.19240	0.01551	0.00365	0.00830	0.03021	0.00554	0.00955
4	0.02148	0.04824	0.10132	0.02385	0.10912	0.14446	0.12893	0.11997	0.17152	0.02814	0.01818	0.01973	0.01387	0.00808	0.00758	0.00232	0.00995	0.00701	0.00518	0.01107
5	0.02168	0.01484	0.01591	0.01339	0.01759	0.01624	0.01067	0.23563	0.21884	0.07999	0.02479	0.02483	0.01837	0.00940	0.00693	0.00221	0.00604	0.00748	0.24436	0.01084
6	0.02498	0.01644	0.02460	0.08309	0.31803	0.01646	0.01777	0.12124	0.02129	0.24928	0.01999	0.02114	0.01424	0.00804	0.00757	0.00231	0.00815	0.00706	0.00616	0.01216
7	0.01142	0.00796	0.01001	0.00937	0.01148	0.00719	0.00707	0.01467	0.02071	0.05725	0.54268	0.05832	0.18157	0.01592	0.00889	0.00242	0.00375	0.01387	0.00815	0.00727
8	0.00924	0.00660	0.00880	0.01056	0.01100	0.00616	0.00704	0.01056	0.01452	0.01936	0.04181	0.72848	0.05017	0.02376	0.00968	0.00308	0.00440	0.02156	0.00704	0.00616
9	0.00983	0.00763	0.00894	0.00879	0.01082	0.00674	0.00653	0.01250	0.01907	0.02514	0.36275	0.11599	0.34243	0.01780	0.00901	0.00252	0.00376	0.01535	0.00767	0.00674
10	0.00968	0.00771	0.00868	0.00844	0.01069	0.00671	0.00633	0.01227	0.01898	0.02451	0.32191	0.06638	0.43546	0.01771	0.00896	0.00249	0.00374	0.01508	0.00757	0.00671
11	0.78701	0.01467	0.01115	0.00997	0.01467	0.01702	0.00821	0.02230	0.01291	0.03403	0.01056	0.01232	0.00821	0.00704	0.00469	0.00235	0.00587	0.00411	0.00469	0.00821
12	0.02301	0.01017	0.01294	0.01097	0.01484	0.00899	0.00867	0.02577	0.01923	0.36998	0.06679	0.10831	0.12323	0.01253	0.00768	0.00235	0.00519	0.01051	0.14894	0.00991
13	0.78701	0.01467	0.01115	0.00997	0.01467	0.01702	0.00821	0.02230	0.01291	0.03403	0.01056	0.01232	0.00821	0.00704	0.00469	0.00235	0.00587	0.00411	0.00469	0.00821
14	0.78701	0.01467	0.01115	0.00997	0.01467	0.01702	0.00821	0.02230	0.01291	0.03403	0.01056	0.01232	0.00821	0.00704	0.00469	0.00235	0.00587	0.00411	0.00469	0.00821
15	0.00924	0.00660	0.00880	0.01056	0.01100	0.00616	0.00704	0.01056	0.01452	0.01936	0.04181	0.72848	0.05017	0.02376	0.00968	0.00308	0.00440	0.02156	0.00704	0.00616
16	0.78701	0.01467	0.01115	0.00997	0.01467	0.01702	0.00821	0.02230	0.01291	0.03403	0.01056	0.01232	0.00821	0.00704	0.00469	0.00235	0.00587	0.00411	0.00469	0.00821
17	0.02501	0.01755	0.01868	0.01475	0.01970	0.01924	0.01204	0.49331	0.03052	0.04272	0.01991	0.02083	0.01460	0.00904	0.00699	0.00214	0.00709	0.00689	0.20760	0.01138
18	0.01573	0.01348	0.01573	0.01123	0.01798	0.01011	0.00899	0.01910	0.01573	0.02472	0.01348	0.01573	0.01123	0.00562	0.00562	0.00112	0.00562	0.00449	0.00449	0.77980
19	0.01299	0.00810	0.01003	0.00984	0.01202	0.00718	0.00726	0.01529	0.01810	0.11630	0.21101	0.26329	0.24325	0.01831	0.00899	0.00265	0.00431	0.01597	0.00770	0.00743
20	0.01805	0.00870	0.01100	0.01045	0.01298	0.00793	0.00780	0.02045	0.01719	0.22719	0.03540	0.30719	0.06080	0.01538	0.00791	0.00250	0.00478	0.01338	0.20243	0.00847
21	0.01066	0.00810	0.01172	0.01218	0.01339	0.00772	0.05044	0.01258	0.01494	0.01971	0.03863	0.42340	0.07099	0.12725	0.01406	0.00374	0.00588	0.14179	0.00646	0.00637
22	0.01084	0.00813	0.01219	0.01219	0.01354	0.00948	0.00948	0.01354	0.01219	0.01761	0.02032	0.02980	0.01896	0.05689	0.70337	0.01219	0.02032	0.00813	0.00406	0.00677
23	0.00924	0.00660	0.00880	0.01056	0.01100	0.00616	0.00704	0.01056	0.01452	0.01936	0.04181	0.72848	0.05017	0.02376	0.00968	0.00308	0.00440	0.02156	0.00704	0.00616
24	0.02592	0.01583	0.01794	0.01459	0.01963	0.01676	0.01178	0.22724	0.21481	0.23177	0.02606	0.02447	0.01832	0.00951	0.00740	0.00233	0.00659	0.00760	0.08943	0.01202
25	0.19623	0.01634	0.02059	0.02192	0.18809	0.01679	0.01426	0.16116	0.02156	0.24154	0.01920	0.01944	0.01349	0.00814	0.00694	0.00231	0.00737	0.00646	0.00654	0.01164
26	0.17766	0.01331	0.01485	0.01216	0.01634	0.01352	0.00947	0.13647	0.01969	0.27625	0.02248	0.02783	0.01787	0.19228	0.01488	0.00360	0.00690	0.00765	0.00692	0.00986
27	0.73558	0.01489	0.01246	0.01242	0.05962	0.01708	0.00922	0.02236	0.01320	0.03341	0.01081	0.01275	0.00847	0.00702	0.00488	0.00234	0.00608	0.00428	0.00463	0.00847
28	0.00961	0.00761	0.00801	0.00796	0.00982	0.00670	0.00557	0.01116	0.01600	0.01973	0.10611	0.06593	0.47388	0.19987	0.01647	0.00376	0.00471	0.01459	0.00652	0.00600
29	0.59365	0.01510	0.01505	0.01654	0.13037	0.01671	0.01104	0.02366	0.01438	0.08606	0.01278	0.01453	0.00973	0.00718	0.00542	0.00233	0.00646	0.00485	0.00492	0.00925
30	0.01314	0.01643	0.16194	0.14188	0.02418	0.01236	0.01479	0.01743	0.01695	0.04662	0.15727	0.08482	0.17983	0.01326	0.00956	0.00257	0.06212	0.01095	0.00558	0.00833
31	0.00925	0.00747	0.00828	0.00885	0.01081	0.00650	0.00653	0.01112	0.01658	0.02034	0.06526	0.24456	0.47540	0.02051	0.00925	0.00276	0.00420	0.05890	0.00704	0.00638
32	0.72750	0.01479	0.01161	0.01040	0.01506	0.01716	0.00851	0.02369	0.06400	0.03385	0.01213	0.01356	0.00937	0.00729	0.00493	0.00236	0.00588	0.00445	0.00493	0.00851
33	0.00938	0.00722	0.00857	0.00924	0.01075	0.00642	0.00655	0.01131	0.01677	0.02162	0.16059	0.35631	0.30688	0.02059	0.00927	0.00276	0.00404	0.01806	0.00726	0.00642
34	0.01068	0.00789	0.01011	0.01031	0.01214	0.00732	0.00808	0.01380	0.01937	0.02620	0.38799	0.11109	0.16795	0.01795	0.00935	0.00272	0.00446	0.15794	0.00772	0.00692
35	0.02028	0.73799	0.03975	0.01298	0.01947	0.03001	0.01298	0.02271	0.01541	0.01785	0.01055	0.01217	0.00973	0.00649	0.00487	0.00162	0.00811	0.00406	0.00324	0.00973
36	0.64178	0.01611	0.01334	0.01173	0.01599	0.04830	0.00962	0.05122	0.01419	0.03239	0.01090	0.01308	0.00867	0.00779	0.00695	0.00242	0.07787	0.00452	0.00465	0.00846
37	0.02028	0.73799	0.03975	0.01298	0.01947	0.03001	0.01298	0.02271	0.01541	0.01785	0.01055	0.01217	0.00973	0.00649	0.00487	0.00162	0.00811	0.00406	0.00324	0.00973
38	0.01592	0.11402	0.01906	0.01562	0.07091	0.01617	0.01145	0.02579	0.25526	0.02815	0.26921	0.03536	0.03790	0.01155	0.00851	0.00238	0.03658	0.00963	0.00682	0.00972
39	0.01060	0.00775	0.00995	0.00940	0.01125	0.00710	0.00705	0.01405	0.02115	0.02965	0.63522	0.05792	0.11894	0.01579	0.00895	0.00240	0.00360	0.01389	0.00825	0.00710
40	0.01853	0.13673	0.47214	0.01958	0.02913	0.02053	0.02327	0.14476	0.01966	0.02765	0.01404	0.01588	0.01025	0.00746	0.00694	0.00227	0.01022	0.00561	0.00404	0.01132
41	0.01515	0.01058	0.01359	0.01395	0.06862	0.01042	0.00964	0.02159	0.13477	0.10155	0.35049	0.09061	0.10021	0.01404	0.00852	0.00246	0.00484	0.01227	0.00779	0.00891
42	0.02739	0.02053	0.02195	0.01716	0.02297	0.02285	0.01407	0.57121	0.12762	0.04548	0.02004	0.01967	0.01438	0.00928	0.00761	0.00232	0.00801	0.00708	0.00761	0.01277
43	0.02833	0.03615	0.02149	0.01954	0.02345	0.70298	0.01466	0.03029	0.02149	0.01856	0.01172	0.01368	0.00977	0.00782	0.00684	0.00195	0.01368	0.00489	0.00391	0.00879
44	0.00924	0.00660	0.00880	0.01056	0.01100	0.00616	0.00704	0.01056	0.01452	0.01936	0.04181	0.72848	0.05017	0.02376	0.00968	0.00308	0.00440	0.02156	0.00704	0.00616
45	0.01700	0.01780	0.02993	0.02367	0.02606	0.02197	0.21648	0.02014	0.01357	0.02014	0.01163	0.01780	0.01044	0.01113	0.01993	0.00308	0.49949	0.00736	0.00348	0.00890
46	0.01432	0.01348	0.02275	0.71520	0.05224	0.01685	0.02107	0.01938	0.01517	0.01938	0.01348	0.02022	0.01011	0.00758	0.00758	0.00253	0.01011	0.00674	0.00337	0.00843

[dist]
# distance from previous block
# <min> <max>
0	11

[block]
# block no. 2 follows, 26 sequences, length 27
# corresponding to MSA columns:
# 846-872
name=unknown_C
#
# <colnr> <probs for GDERKNQSTAVLIFYWHMCP>
#	G	D	E	R	K	N	Q	S	T	A	V	L	I	F	Y	W	H	M	C	P
0	0.01790	0.02046	0.04476	0.03197	0.03964	0.01918	0.65857	0.02430	0.01790	0.02430	0.01535	0.02046	0.01151	0.00639	0.00895	0.00256	0.01279	0.00895	0.00384	0.01023
1	0.00968	0.00771	0.00868	0.00844	0.01069	0.00671	0.00633	0.01228	0.01899	0.02452	0.32268	0.06636	0.43468	0.01771	0.00896	0.00249	0.00373	0.01508	0.00757	0.00671
2	0.05217	0.00882	0.00962	0.00888	0.01177	0.00781	0.00671	0.01575	0.01745	0.12539	0.10166	0.05935	0.44390	0.08377	0.01132	0.00295	0.00466	0.01349	0.00715	0.00738
3	0.01607	0.01573	0.02183	0.01882	0.01882	0.02174	0.01547	0.01758	0.01156	0.01792	0.01126	0.01969	0.01161	0.08077	0.02618	0.00370	0.65280	0.00705	0.00344	0.00795
4	0.02224	0.21659	0.02721	0.02159	0.16463	0.02163	0.01498	0.12026	0.19004	0.09709	0.01974	0.02007	0.01511	0.00821	0.00686	0.00217	0.00762	0.00658	0.00578	0.01160
5	0.01594	0.03265	0.51127	0.02176	0.07740	0.01725	0.02415	0.02595	0.11010	0.02541	0.01674	0.01864	0.01226	0.00770	0.00720	0.00238	0.00989	0.00619	0.04596	0.01116
6	0.08803	0.04516	0.11076	0.04216	0.13912	0.09771	0.01554	0.02771	0.05364	0.19980	0.01944	0.02120	0.01440	0.03577	0.00815	0.00244	0.00836	0.00657	0.05339	0.01065
7	0.02098	0.08945	0.02521	0.20339	0.12497	0.21106	0.01765	0.07759	0.01850	0.02204	0.01274	0.01676	0.01047	0.00835	0.00953	0.00233	0.10959	0.00597	0.00391	0.00953
8	0.01981	0.01710	0.04050	0.04106	0.05669	0.11181	0.05518	0.05722	0.11002	0.12949	0.14278	0.03533	0.12777	0.01136	0.00802	0.00237	0.00747	0.00960	0.00665	0.00977
9	0.64094	0.04365	0.04526	0.01167	0.01625	0.01819	0.01020	0.02197	0.01301	0.03129	0.01064	0.01294	0.00852	0.00768	0.00694	0.00242	0.08113	0.00444	0.00442	0.00842
10	0.01411	0.01140	0.01269	0.01342	0.01536	0.07387	0.01101	0.04565	0.01763	0.02201	0.03681	0.11482	0.09106	0.01981	0.01190	0.08750	0.00717	0.38053	0.00633	0.00692
11	0.02647	0.02940	0.02310	0.02341	0.13252	0.42737	0.01592	0.15484	0.04998	0.02593	0.01421	0.01601	0.01130	0.00800	0.00713	0.00209	0.01154	0.00573	0.00477	0.01027
12	0.01877	0.01802	0.03079	0.04656	0.68612	0.01802	0.02328	0.02328	0.01727	0.02478	0.01427	0.01877	0.01201	0.00676	0.00751	0.00225	0.00901	0.00676	0.00375	0.01201
13	0.06807	0.01438	0.01705	0.01377	0.01874	0.01449	0.01115	0.15714	0.12395	0.32375	0.12789	0.02874	0.02590	0.01029	0.00768	0.00237	0.00628	0.00837	0.00836	0.01162
14	0.01139	0.00945	0.01284	0.04760	0.04820	0.01025	0.00987	0.01351	0.01517	0.02061	0.08354	0.31719	0.16065	0.02042	0.04930	0.00336	0.11656	0.01502	0.02801	0.00707
15	0.02714	0.01998	0.02158	0.01671	0.02238	0.02199	0.01374	0.60023	0.03433	0.04617	0.08043	0.02181	0.01840	0.00971	0.00772	0.00229	0.00790	0.00747	0.00766	0.01236
16	0.02662	0.01102	0.01497	0.01262	0.01686	0.00966	0.00992	0.02907	0.01956	0.49042	0.03348	0.23594	0.02816	0.01369	0.00824	0.00257	0.00584	0.01179	0.00869	0.01089
17	0.01762	0.01485	0.02487	0.27664	0.24921	0.01592	0.06378	0.02274	0.03988	0.08555	0.06097	0.02348	0.01664	0.01049	0.04264	0.00290	0.00953	0.00758	0.00461	0.01010
18	0.01651	0.08814	0.10472	0.14131	0.02777	0.09663	0.08330	0.02154	0.06135	0.02095	0.01991	0.16548	0.01933	0.01150	0.00966	0.00257	0.08638	0.00956	0.00451	0.00888
19	0.02260	0.01642	0.02034	0.20923	0.02973	0.01851	0.01507	0.20856	0.21797	0.12773	0.02237	0.02287	0.01603	0.00908	0.00763	0.00244	0.00786	0.00744	0.00672	0.01140
20	0.01221	0.00733	0.00845	0.00895	0.01053	0.00708	0.00678	0.01520	0.01655	0.02548	0.10235	0.17141	0.08754	0.01475	0.00748	0.00237	0.00419	0.09563	0.38889	0.00685
21	0.01803	0.01748	0.02017	0.22005	0.15076	0.16248	0.01607	0.02130	0.01721	0.05691	0.02145	0.18169	0.02105	0.01169	0.00798	0.00250	0.00908	0.03041	0.00484	0.00885
22	0.02739	0.10827	0.02465	0.02144	0.14582	0.10685	0.01495	0.19540	0.02374	0.22850	0.01920	0.01926	0.01370	0.00826	0.00715	0.00217	0.00856	0.00646	0.00640	0.01182
23	0.01017	0.00750	0.00932	0.01010	0.01140	0.00698	0.00741	0.01221	0.01631	0.02136	0.14640	0.27958	0.18920	0.10831	0.01311	0.00346	0.00498	0.12894	0.00693	0.00633
24	0.10501	0.15116	0.05708	0.01756	0.02234	0.48533	0.01438	0.02788	0.01932	0.02032	0.01150	0.01340	0.00959	0.00748	0.00631	0.00196	0.01182	0.00470	0.00384	0.00901
25	0.02326	0.02256	0.09198	0.01851	0.05676	0.08964	0.03654	0.31772	0.02572	0.03466	0.01560	0.01700	0.01173	0.00771	0.00703	0.00198	0.00871	0.00599	0.00567	0.20123
26	0.02266	0.07472	0.05495	0.07094	0.07522	0.27275	0.20857	0.08529	0.02042	0.02363	0.01369	0.01689	0.01075	0.00731	0.00752	0.00222	0.01190	0.00650	0.00411	0.00995

[dist]
# distance from previous block
# <min> <max>
2	24

[block]
# block no. 3 follows, 26 sequences, length 65
# corresponding to MSA columns:
# 897-940,947-967
name=unknown_D
#
# <colnr> <probs for GDERKNQSTAVLIFYWHMCP>
#	G	D	E	R	K	N	Q	S	T	A	V	L	I	F	Y	W	H	M	C	P
0	0.01056	0.03960	0.01077	0.00947	0.01168	0.00842	0.00733	0.01315	0.01681	0.02225	0.19663	0.05368	0.31558	0.02700	0.18610	0.00491	0.00817	0.01257	0.03847	0.00684
1	0.01312	0.04875	0.10572	0.01470	0.07917	0.01159	0.01173	0.06594	0.01897	0.02485	0.14488	0.08160	0.32070	0.01466	0.00832	0.00244	0.00587	0.01235	0.00627	0.00836
2	0.02303	0.01256	0.01482	0.01242	0.01657	0.01264	0.00990	0.09531	0.15719	0.25905	0.11442	0.03016	0.02623	0.01024	0.00732	0.00227	0.00556	0.00843	0.17115	0.01072
3	0.01087	0.00801	0.01148	0.01143	0.01284	0.00898	0.00878	0.01353	0.01325	0.01903	0.07528	0.03467	0.05508	0.07600	0.56496	0.01040	0.01711	0.00901	0.03257	0.00671
4	0.01612	0.05510	0.25525	0.01841	0.02684	0.01510	0.12612	0.02183	0.01618	0.02411	0.01372	0.01648	0.01066	0.00633	0.00670	0.00183	0.00887	0.00561	0.00388	0.35087
5	0.01433	0.04761	0.10720	0.08654	0.01818	0.01131	0.01090	0.01679	0.01351	0.07060	0.02098	0.03579	0.02069	0.38219	0.07379	0.00559	0.00892	0.00883	0.03916	0.00709
6	0.01487	0.01043	0.01351	0.01224	0.01359	0.01176	0.00904	0.01721	0.04406	0.08535	0.02111	0.03453	0.02074	0.31786	0.17697	0.00672	0.14012	0.00888	0.00487	0.03613
7	0.01006	0.00700	0.00870	0.00959	0.01044	0.00656	0.00648	0.01174	0.01539	0.02110	0.13536	0.42625	0.10097	0.12078	0.01325	0.00344	0.00458	0.01737	0.06477	0.00618
8	0.22106	0.14290	0.02238	0.01523	0.02056	0.16433	0.01264	0.25939	0.02350	0.03317	0.01362	0.01475	0.01052	0.00787	0.00624	0.00212	0.00878	0.00526	0.00535	0.01032
9	0.01427	0.01356	0.09280	0.01846	0.15664	0.01062	0.01267	0.01738	0.01718	0.05382	0.17985	0.03884	0.15114	0.01405	0.01089	0.10727	0.00619	0.00998	0.06615	0.00824
10	0.09066	0.15668	0.21427	0.04919	0.14478	0.01930	0.01836	0.04389	0.08178	0.02466	0.01694	0.01925	0.03527	0.00869	0.00780	0.03927	0.00859	0.00618	0.00419	0.01027
11	0.01823	0.02816	0.24819	0.01976	0.07161	0.23535	0.01784	0.02272	0.01802	0.02196	0.07079	0.15110	0.02224	0.01110	0.00771	0.00237	0.00998	0.00906	0.00459	0.00923
12	0.19022	0.01252	0.01513	0.01216	0.01718	0.01180	0.00993	0.03049	0.01981	0.45392	0.12260	0.02753	0.02437	0.00980	0.00720	0.00235	0.00590	0.00778	0.00824	0.01106
13	0.07440	0.03790	0.09856	0.01979	0.13586	0.01398	0.01430	0.01716	0.01464	0.02178	0.02444	0.27066	0.02661	0.04661	0.01204	0.00299	0.11334	0.04153	0.00502	0.00837
14	0.02038	0.06028	0.34676	0.02103	0.02917	0.16962	0.08200	0.10431	0.04926	0.02588	0.01458	0.01660	0.01084	0.00761	0.00727	0.00228	0.01120	0.00599	0.00416	0.01077
15	0.00920	0.00736	0.00824	0.00873	0.01057	0.00639	0.00628	0.01108	0.01679	0.02099	0.11768	0.27397	0.43546	0.02030	0.00918	0.00271	0.00399	0.01753	0.00715	0.00639
16	0.01002	0.00750	0.00882	0.00886	0.01037	0.00681	0.00622	0.01209	0.01723	0.02279	0.27768	0.15496	0.25444	0.15130	0.01457	0.00346	0.00448	0.01505	0.00705	0.00630
17	0.01706	0.01551	0.02287	0.09040	0.19670	0.01404	0.06508	0.04518	0.01701	0.02507	0.01401	0.01742	0.01141	0.00630	0.00664	0.00171	0.00760	0.00574	0.00426	0.41599
18	0.01590	0.03880	0.02073	0.11418	0.10524	0.08783	0.06242	0.04869	0.01666	0.02150	0.02372	0.27986	0.02529	0.01405	0.01019	0.00268	0.08665	0.01208	0.00506	0.00845
19	0.01132	0.00865	0.01234	0.01208	0.01308	0.01017	0.00915	0.01346	0.01193	0.01713	0.02016	0.03239	0.01983	0.17707	0.52864	0.01061	0.07286	0.00854	0.00410	0.00649
20	0.02028	0.73799	0.03975	0.01298	0.01947	0.03001	0.01298	0.02271	0.01541	0.01785	0.01055	0.01217	0.00973	0.00649	0.00487	0.00162	0.00811	0.00406	0.00324	0.00973
21	0.00980	0.00772	0.00884	0.00856	0.01076	0.00676	0.00642	0.01250	0.01926	0.02516	0.36159	0.06531	0.39537	0.01747	0.00896	0.00248	0.00372	0.01493	0.00766	0.00676
22	0.00957	0.00771	0.00852	0.00832	0.01062	0.00666	0.00624	0.01205	0.01871	0.02387	0.28301	0.06743	0.47475	0.01795	0.00896	0.00250	0.00375	0.01523	0.00749	0.00666
23	0.01025	0.00769	0.00950	0.00915	0.01106	0.00694	0.00682	0.01334	0.02018	0.02759	0.51146	0.09025	0.21438	0.01674	0.00898	0.00246	0.00368	0.01460	0.00798	0.00694
24	0.02028	0.73799	0.03975	0.01298	0.01947	0.03001	0.01298	0.02271	0.01541	0.01785	0.01055	0.01217	0.00973	0.00649	0.00487	0.00162	0.00811	0.00406	0.00324	0.00973
25	0.02717	0.01089	0.01397	0.01128	0.01573	0.00974	0.00913	0.03031	0.01971	0.46264	0.02814	0.02667	0.01901	0.00920	0.00683	0.00215	0.00545	0.00744	0.27367	0.01089
26	0.02075	0.01723	0.01821	0.01582	0.02044	0.01975	0.01246	0.15763	0.55202	0.03477	0.02848	0.02639	0.02122	0.01007	0.00769	0.00252	0.00645	0.00825	0.00769	0.01217
27	0.02028	0.73799	0.03975	0.01298	0.01947	0.03001	0.01298	0.02271	0.01541	0.01785	0.01055	0.01217	0.00973	0.00649	0.00487	0.00162	0.00811	0.00406	0.00324	0.00973
28	0.02833	0.03615	0.02149	0.01954	0.02345	0.70298	0.01466	0.03029	0.02149	0.01856	0.01172	0.01368	0.00977	0.00782	0.00684	0.00195	0.01368	0.00489	0.00391	0.00879
29	0.01429	0.01234	0.01827	0.06878	0.02129	0.01095	0.12725	0.01806	0.01645	0.02399	0.02935	0.03142	0.15516	0.00939	0.00703	0.00192	0.00652	0.00840	0.14816	0.27100
30	0.01886	0.01955	0.10201	0.15118	0.03409	0.01691	0.23550	0.09772	0.01911	0.06902	0.01574	0.01915	0.01162	0.00707	0.00765	0.00223	0.00988	0.00703	0.00460	0.15109
31	0.02298	0.01748	0.01883	0.01587	0.02081	0.01962	0.01264	0.22172	0.43489	0.08824	0.02709	0.02515	0.01981	0.00987	0.00767	0.00247	0.00672	0.00799	0.00781	0.01234
32	0.01517	0.01434	0.02427	0.58878	0.17209	0.01707	0.02148	0.02012	0.01556	0.02040	0.01363	0.01995	0.01047	0.00743	0.00757	0.00248	0.00990	0.00674	0.00344	0.00910
33	0.01090	0.00789	0.01097	0.01097	0.01191	0.00882	0.00796	0.01276	0.01183	0.01671	0.02143	0.03596	0.02164	0.26714	0.49678	0.01069	0.01629	0.00903	0.00423	0.00610
34	0.00923	0.00665	0.00875	0.01043	0.01097	0.00617	0.00698	0.01058	0.01465	0.01941	0.04338	0.69905	0.07858	0.02356	0.00965	0.00306	0.00438	0.02131	0.00704	0.00617
35	0.00904	0.00740	0.00798	0.00844	0.01044	0.00634	0.00610	0.01080	0.01657	0.02020	0.06769	0.24423	0.51771	0.02040	0.00915	0.00270	0.00399	0.01746	0.00704	0.00634
36	0.02837	0.03498	0.02159	0.01938	0.02345	0.64962	0.01464	0.07980	0.02261	0.02086	0.01223	0.01403	0.01002	0.00792	0.00690	0.00198	0.01326	0.00504	0.00420	0.00912
37	0.02028	0.73799	0.03975	0.01298	0.01947	0.03001	0.01298	0.02271	0.01541	0.01785	0.01055	0.01217	0.00973	0.00649	0.00487	0.00162	0.00811	0.00406	0.00324	0.00973
38	0.02856	0.01192	0.01595	0.01304	0.01776	0.01061	0.01041	0.05739	0.02077	0.52205	0.03195	0.17448	0.02519	0.01242	0.00806	0.00250	0.00610	0.01055	0.00882	0.01148
39	0.01784	0.00816	0.00903	0.00826	0.01079	0.00783	0.00639	0.02126	0.01699	0.15155	0.02571	0.02782	0.01932	0.00894	0.00573	0.00188	0.00408	0.00717	0.63311	0.00816
40	0.01025	0.00752	0.00961	0.00954	0.01115	0.00688	0.00698	0.01321	0.01965	0.02717	0.49082	0.19033	0.13362	0.01753	0.00909	0.00254	0.00377	0.01551	0.00795	0.00688
41	0.01118	0.00871	0.01276	0.01626	0.11387	0.00866	0.00993	0.01320	0.01447	0.01974	0.03305	0.43969	0.03780	0.07561	0.11633	0.00465	0.00783	0.04327	0.00592	0.00707
42	0.01691	0.00930	0.01324	0.01217	0.01458	0.00972	0.00947	0.01943	0.01457	0.19335	0.02316	0.03058	0.01970	0.10657	0.46061	0.00917	0.01551	0.00826	0.00550	0.00818
43	0.12491	0.07980	0.05681	0.02743	0.25876	0.25978	0.01737	0.04783	0.01861	0.02407	0.01270	0.01547	0.01046	0.00725	0.00669	0.00212	0.01025	0.00549	0.00400	0.01019
44	0.01821	0.01745	0.02977	0.13092	0.60613	0.01787	0.02300	0.02279	0.01701	0.02410	0.01417	0.01896	0.01177	0.00686	0.00752	0.00229	0.00915	0.00676	0.00371	0.01156
45	0.01737	0.01518	0.01942	0.01961	0.16012	0.01365	0.01269	0.04869	0.11652	0.02671	0.01648	0.01838	0.01328	0.00671	0.00642	0.00163	0.00650	0.00569	0.00495	0.47002
46	0.00983	0.00695	0.00899	0.01009	0.01084	0.00662	0.00687	0.01147	0.01496	0.02037	0.10439	0.49920	0.07724	0.08476	0.05631	0.00388	0.00553	0.01817	0.03730	0.00621
47	0.01029	0.00774	0.00952	0.00907	0.01106	0.00697	0.00681	0.01345	0.02042	0.02792	0.52974	0.06077	0.22550	0.01644	0.00895	0.00243	0.00364	0.01429	0.00802	0.00697
48	0.01464	0.00998	0.01072	0.00966	0.01204	0.01004	0.00715	0.13388	0.01947	0.02744	0.10626	0.04442	0.18032	0.16565	0.01403	0.00330	0.00532	0.01066	0.20752	0.00748
49	0.49702	0.01399	0.01363	0.01133	0.01648	0.01476	0.00934	0.02795	0.01630	0.28719	0.01802	0.01752	0.01228	0.00794	0.00582	0.00235	0.00609	0.00546	0.00650	0.01002
50	0.02980	0.01970	0.02180	0.01672	0.02275	0.02122	0.01381	0.54485	0.03307	0.16744	0.02039	0.01962	0.01399	0.00916	0.00760	0.00229	0.00799	0.00698	0.00792	0.01290
51	0.02879	0.01259	0.01593	0.01259	0.01756	0.01167	0.01027	0.10540	0.02223	0.46587	0.05214	0.02655	0.02020	0.00948	0.00723	0.00223	0.00602	0.00766	0.15399	0.01159
52	0.00913	0.00706	0.00833	0.00935	0.01068	0.00626	0.00651	0.01070	0.01568	0.01984	0.05650	0.45359	0.31558	0.02185	0.00938	0.00286	0.00417	0.01923	0.00704	0.00626
53	0.29677	0.01529	0.02096	0.25657	0.23013	0.01727	0.01706	0.02162	0.01498	0.02634	0.01266	0.01691	0.01000	0.00714	0.00651	0.00238	0.00823	0.00579	0.00397	0.00943
54	0.01688	0.01145	0.01469	0.01498	0.06714	0.01201	0.01017	0.11416	0.11663	0.05081	0.05178	0.14272	0.02357	0.01821	0.01614	0.28888	0.00645	0.00981	0.00574	0.00777
55	0.01570	0.02275	0.20749	0.02507	0.03233	0.01672	0.35623	0.02195	0.01620	0.02281	0.01595	0.02128	0.01259	0.01731	0.15573	0.00456	0.01397	0.00790	0.00372	0.00975
56	0.78701	0.01467	0.01115	0.00997	0.01467	0.01702	0.00821	0.02230	0.01291	0.03403	0.01056	0.01232	0.00821	0.00704	0.00469	0.00235	0.00587	0.00411	0.00469	0.00821
57	0.01766	0.01974	0.04076	0.02973	0.03597	0.01993	0.53923	0.02317	0.01673	0.02317	0.01434	0.01974	0.01122	0.00767	0.01191	0.00270	0.14417	0.00852	0.00374	0.00987
58	0.00964	0.00691	0.00915	0.01029	0.01109	0.00642	0.00707	0.01155	0.01636	0.02229	0.21112	0.55083	0.05583	0.02158	0.00949	0.00290	0.00418	0.01949	0.00739	0.00642
59	0.01894	0.01597	0.01459	0.01413	0.01713	0.15770	0.01135	0.02540	0.14012	0.07703	0.02878	0.04452	0.02628	0.01306	0.00802	0.00259	0.00755	0.22098	0.14708	0.00878
60	0.01096	0.00807	0.01029	0.00968	0.01160	0.00756	0.00727	0.01513	0.04575	0.02999	0.62878	0.05637	0.09888	0.01549	0.00890	0.00240	0.00368	0.01363	0.00826	0.00730
61	0.01079	0.00773	0.01050	0.01064	0.01143	0.00845	0.00751	0.01240	0.01194	0.01668	0.02324	0.08966	0.02446	0.30137	0.40845	0.00974	0.01439	0.01020	0.00448	0.00593
62	0.02673	0.03303	0.02046	0.01869	0.02239	0.61608	0.01400	0.05411	0.02147	0.01981	0.01455	0.07482	0.01334	0.00923	0.00711	0.00206	0.01267	0.00639	0.00432	0.00873
63	0.01276	0.01001	0.01451	0.19148	0.02338	0.01081	0.01187	0.04317	0.01512	0.02049	0.02476	0.22868	0.02584	0.02361	0.13928	0.06541	0.00944	0.05139	0.00506	0.07295
64	0.06558	0.01622	0.01891	0.10493	0.05516	0.06580	0.04115	0.13309	0.14083	0.05298	0.04769	0.09843	0.04766	0.01114	0.00779	0.00246	0.00762	0.03437	0.00615	0.04204

[dist]
# distance from previous block
# <min> <max>
0	36

[block]
# block no. 4 follows, 26 sequences, length 12
# corresponding to MSA columns:
# 1004-1015
name=unknown_E
#
# <colnr> <probs for GDERKNQSTAVLIFYWHMCP>
#	G	D	E	R	K	N	Q	S	T	A	V	L	I	F	Y	W	H	M	C	P
0	0.06532	0.02308	0.05309	0.08223	0.09853	0.24777	0.01504	0.11209	0.04971	0.02610	0.06883	0.08670	0.01958	0.00999	0.00745	0.00229	0.00953	0.00794	0.00517	0.00954
1	0.22540	0.01714	0.01704	0.01416	0.01913	0.01922	0.01146	0.28221	0.18834	0.03787	0.02419	0.02370	0.06935	0.00969	0.00697	0.00239	0.00673	0.00730	0.00681	0.01090
2	0.01885	0.01818	0.01722	0.01315	0.01932	0.14068	0.01036	0.05843	0.01797	0.02490	0.01343	0.01549	0.01106	0.00623	0.00596	0.00135	0.00729	0.00470	0.00456	0.59088
3	0.01414	0.00707	0.00707	0.00707	0.00884	0.00707	0.00530	0.01767	0.01591	0.02828	0.02474	0.02828	0.01944	0.00884	0.00530	0.00177	0.00353	0.00707	0.77554	0.00707
4	0.01090	0.00787	0.01091	0.01091	0.01182	0.00878	0.00788	0.01272	0.01181	0.01666	0.02149	0.03629	0.02178	0.27840	0.48572	0.01061	0.01607	0.00908	0.00424	0.00606
5	0.01467	0.01383	0.02337	0.66327	0.10147	0.01694	0.02124	0.01968	0.01533	0.01980	0.01354	0.02011	0.01026	0.00752	0.00758	0.00251	0.01003	0.00674	0.00340	0.00870
6	0.01414	0.00707	0.00707	0.00707	0.00884	0.00707	0.00530	0.01767	0.01591	0.02828	0.02474	0.02828	0.01944	0.00884	0.00530	0.00177	0.00353	0.00707	0.77554	0.00707
7	0.00920	0.00719	0.00834	0.00912	0.01066	0.00634	0.00643	0.01094	0.01627	0.02057	0.09698	0.37271	0.35613	0.02108	0.00929	0.00279	0.00408	0.01842	0.00712	0.00634
8	0.01881	0.01304	0.01930	0.01853	0.10404	0.01380	0.08620	0.05317	0.01713	0.11628	0.02033	0.02471	0.01613	0.05059	0.01141	0.00259	0.11793	0.00747	0.27933	0.00921
9	0.01882	0.01904	0.01714	0.01327	0.01932	0.18010	0.01038	0.02184	0.01714	0.02321	0.01305	0.01523	0.01088	0.00616	0.00592	0.00133	0.00760	0.00459	0.00435	0.59064
10	0.01252	0.01390	0.11664	0.10747	0.02001	0.01067	0.01175	0.03820	0.01563	0.02123	0.08723	0.13782	0.09921	0.21209	0.01655	0.00382	0.00712	0.01138	0.00527	0.05151
11	0.02010	0.10917	0.26509	0.01910	0.02677	0.18583	0.07504	0.02521	0.01765	0.05002	0.01362	0.01577	0.01047	0.00705	0.00678	0.00202	0.01054	0.00546	0.00390	0.13041

[dist]
# distance from previous block
# <min> <max>
1	13

[block]
# block no. 5 follows, 26 sequences, length 24
# corresponding to MSA columns:
# 1029-1052
name=unknown_F
#
# <colnr> <probs for GDERKNQSTAVLIFYWHMCP>
#	G	D	E	R	K	N	Q	S	T	A	V	L	I	F	Y	W	H	M	C	P
0	0.02004	0.29345	0.02807	0.01564	0.02010	0.02433	0.01369	0.11526	0.11546	0.02478	0.01473	0.01682	0.01235	0.00911	0.01086	0.00226	0.18994	0.00582	0.00464	0.06264
1	0.16927	0.01483	0.01908	0.01790	0.08596	0.01569	0.07041	0.10111	0.12080	0.11291	0.04454	0.04897	0.01893	0.05997	0.06367	0.00350	0.00830	0.00799	0.00608	0.01006
2	0.01469	0.08867	0.28745	0.06347	0.02461	0.01580	0.01755	0.02291	0.11820	0.02502	0.13816	0.03141	0.10016	0.01045	0.00760	0.00238	0.00789	0.00859	0.00524	0.00976
3	0.02006	0.01753	0.07665	0.11831	0.16718	0.05199	0.04158	0.02432	0.01769	0.14941	0.01917	0.02535	0.01542	0.00852	0.00744	0.00221	0.00842	0.06357	0.00517	0.16002
4	0.45565	0.02100	0.01713	0.01471	0.01929	0.21423	0.06921	0.02434	0.01631	0.02849	0.04839	0.01590	0.01246	0.00767	0.00593	0.00226	0.00862	0.00530	0.00459	0.00851
5	0.17747	0.13514	0.02036	0.01328	0.01884	0.07838	0.01120	0.03115	0.01894	0.39121	0.02131	0.01984	0.01441	0.00831	0.00653	0.00219	0.00727	0.00610	0.00696	0.01110
6	0.01800	0.00820	0.00912	0.00832	0.01088	0.00786	0.00644	0.02142	0.01703	0.15705	0.02575	0.02780	0.01931	0.00894	0.00575	0.00188	0.00410	0.00718	0.62675	0.00820
7	0.02199	0.37618	0.16147	0.01607	0.02334	0.02556	0.01635	0.22427	0.02192	0.02850	0.01356	0.01482	0.01071	0.00745	0.00618	0.00198	0.00879	0.00523	0.00461	0.01102
8	0.01656	0.01857	0.18768	0.01426	0.01949	0.01314	0.01384	0.07031	0.11981	0.09358	0.15383	0.06480	0.10599	0.06202	0.01017	0.00280	0.00687	0.01013	0.00651	0.00964
9	0.02345	0.01778	0.01939	0.01622	0.01928	0.15276	0.04759	0.02551	0.01702	0.23031	0.01962	0.02555	0.01621	0.15043	0.01760	0.00348	0.17537	0.00758	0.00563	0.00924
10	0.78701	0.01467	0.01115	0.00997	0.01467	0.01702	0.00821	0.02230	0.01291	0.03403	0.01056	0.01232	0.00821	0.00704	0.00469	0.00235	0.00587	0.00411	0.00469	0.00821
11	0.01028	0.00774	0.00951	0.00907	0.01105	0.00696	0.00680	0.01344	0.02040	0.02787	0.52703	0.06085	0.22824	0.01646	0.00895	0.00243	0.00365	0.01430	0.00802	0.00696
12	0.00934	0.00690	0.00878	0.01023	0.01110	0.00633	0.00708	0.01087	0.01515	0.01973	0.04783	0.58233	0.16010	0.02283	0.00960	0.00301	0.00443	0.05108	0.00704	0.00624
13	0.53351	0.01687	0.01503	0.01247	0.01763	0.01919	0.01029	0.23579	0.02052	0.03864	0.01312	0.01429	0.00978	0.00773	0.00566	0.00232	0.00670	0.00502	0.00566	0.00978
14	0.02025	0.01602	0.01783	0.01486	0.01989	0.01670	0.01210	0.22867	0.21336	0.03378	0.02424	0.03115	0.02033	0.01050	0.00762	0.00228	0.00681	0.10555	0.00681	0.19125
15	0.01362	0.00849	0.01065	0.01018	0.01266	0.00762	0.00791	0.01645	0.01931	0.12025	0.29247	0.11275	0.23246	0.01696	0.00900	0.00261	0.00453	0.08656	0.00787	0.00767
16	0.01556	0.01309	0.01501	0.01198	0.01713	0.01178	0.00941	0.02360	0.18510	0.02762	0.14778	0.02690	0.02601	0.00874	0.00680	0.00174	0.00532	0.00733	0.00607	0.43303
17	0.78701	0.01467	0.01115	0.00997	0.01467	0.01702	0.00821	0.02230	0.01291	0.03403	0.01056	0.01232	0.00821	0.00704	0.00469	0.00235	0.00587	0.00411	0.00469	0.00821
18	0.00998	0.00762	0.00916	0.00899	0.01092	0.00680	0.00666	0.01277	0.01936	0.02593	0.41148	0.12601	0.28162	0.01757	0.00902	0.00251	0.00375	0.01526	0.00777	0.00680
19	0.00942	0.00740	0.00834	0.00869	0.01045	0.00651	0.00619	0.01129	0.01676	0.02119	0.14887	0.23046	0.39663	0.06932	0.01119	0.00300	0.00419	0.01671	0.00706	0.00632
20	0.78701	0.01467	0.01115	0.00997	0.01467	0.01702	0.00821	0.02230	0.01291	0.03403	0.01056	0.01232	0.00821	0.00704	0.00469	0.00235	0.00587	0.00411	0.00469	0.00821
21	0.01265	0.00887	0.00955	0.00943	0.01167	0.00888	0.00703	0.01866	0.13347	0.02587	0.10464	0.13787	0.20071	0.01445	0.00762	0.00235	0.00418	0.01226	0.26217	0.00766
22	0.00952	0.00706	0.00882	0.01011	0.01111	0.00649	0.00709	0.01110	0.01522	0.01968	0.04855	0.49777	0.18785	0.05529	0.01093	0.00320	0.00464	0.07243	0.00692	0.00621
23	0.01790	0.02046	0.04476	0.03197	0.03964	0.01918	0.65857	0.02430	0.01790	0.02430	0.01535	0.02046	0.01151	0.00639	0.00895	0.00256	0.01279	0.00895	0.00384	0.01023

[dist]
# distance from previous block
# <min> <max>
0	14

[block]
# block no. 6 follows, 26 sequences, length 12
# corresponding to MSA columns:
# 1067-1078
name=unknown_G
#
# <colnr> <probs for GDERKNQSTAVLIFYWHMCP>
#	G	D	E	R	K	N	Q	S	T	A	V	L	I	F	Y	W	H	M	C	P
0	0.03299	0.01458	0.01863	0.01429	0.02019	0.01362	0.01180	0.16176	0.02450	0.56264	0.02758	0.02430	0.01760	0.00933	0.00762	0.00233	0.00683	0.00747	0.00903	0.01291
1	0.01737	0.01691	0.01505	0.01443	0.01729	0.15663	0.01073	0.02745	0.29407	0.02509	0.06989	0.24329	0.03166	0.01426	0.00822	0.00259	0.00696	0.01213	0.00675	0.00924
2	0.01787	0.03552	0.59870	0.02047	0.03093	0.01670	0.02564	0.02585	0.01682	0.11815	0.01591	0.01740	0.01090	0.00751	0.00727	0.00239	0.01054	0.00589	0.00408	0.01145
3	0.01807	0.01043	0.01320	0.01142	0.01465	0.00997	0.00892	0.05138	0.08246	0.19494	0.43051	0.04467	0.05138	0.01322	0.00844	0.00239	0.00473	0.01142	0.00851	0.00929
4	0.00920	0.00722	0.00833	0.00906	0.01065	0.00635	0.00641	0.01097	0.01636	0.02065	0.10131	0.35698	0.36770	0.02095	0.00928	0.00278	0.00407	0.01827	0.00713	0.00635
5	0.01899	0.11958	0.03205	0.04182	0.59208	0.01971	0.02183	0.02320	0.01701	0.02380	0.01374	0.01784	0.01169	0.00672	0.00714	0.00216	0.00888	0.00638	0.00368	0.01169
6	0.00945	0.00734	0.00841	0.00885	0.01047	0.00651	0.00625	0.01128	0.01656	0.02109	0.14647	0.26623	0.35700	0.07502	0.01146	0.00306	0.00424	0.01698	0.00704	0.00630
7	0.02258	0.01155	0.01348	0.01116	0.01525	0.01102	0.00895	0.12569	0.02142	0.26829	0.03623	0.03495	0.15406	0.01120	0.00725	0.00222	0.00541	0.00906	0.22024	0.00996
8	0.17001	0.01189	0.01424	0.01220	0.01641	0.01142	0.00963	0.05156	0.01868	0.36307	0.02895	0.20961	0.02488	0.01275	0.00762	0.00254	0.00587	0.01063	0.00780	0.01023
9	0.34001	0.02523	0.01742	0.01532	0.01985	0.32540	0.01198	0.11595	0.01997	0.02904	0.01216	0.01376	0.00957	0.00768	0.00606	0.00216	0.00972	0.00484	0.00475	0.00913
10	0.06513	0.07349	0.01438	0.01179	0.01483	0.04780	0.00914	0.01794	0.04727	0.05560	0.05114	0.30017	0.06839	0.01567	0.00803	0.00250	0.00583	0.06807	0.00622	0.11660
11	0.06826	0.08953	0.01933	0.03706	0.06957	0.06900	0.01176	0.06689	0.07764	0.16792	0.02067	0.02622	0.01719	0.15184	0.05077	0.00378	0.02976	0.00743	0.00576	0.00961

[dist]
# distance from previous block
# <min> <max>
2	16

[block]
# block no. 7 follows, 26 sequences, length 13
# corresponding to MSA columns:
# 1095-1107
name=unknown_H
#
# <colnr> <probs for GDERKNQSTAVLIFYWHMCP>
#	G	D	E	R	K	N	Q	S	T	A	V	L	I	F	Y	W	H	M	C	P
0	0.02024	0.07580	0.06301	0.01436	0.01863	0.01598	0.01227	0.15965	0.07886	0.13685	0.03025	0.16950	0.08803	0.01323	0.00931	0.00254	0.06400	0.01069	0.00673	0.01006
1	0.05446	0.01677	0.09484	0.01397	0.01936	0.01380	0.01224	0.18028	0.02082	0.08323	0.02275	0.19017	0.02139	0.01146	0.00740	0.00219	0.00674	0.00959	0.00614	0.21240
2	0.42983	0.01723	0.05249	0.01723	0.07907	0.01743	0.07622	0.07643	0.05269	0.09435	0.01506	0.01650	0.01113	0.00752	0.00617	0.00237	0.00737	0.00569	0.00529	0.00993
3	0.01662	0.01648	0.02299	0.38507	0.16062	0.08470	0.01893	0.02081	0.01589	0.02063	0.01361	0.01919	0.01098	0.01011	0.04383	0.00283	0.04920	0.00643	0.00363	0.07748
4	0.01101	0.00774	0.01021	0.01154	0.01246	0.00760	0.00877	0.01299	0.01499	0.01973	0.03672	0.27490	0.04175	0.19489	0.01706	0.00430	0.00628	0.29448	0.00642	0.00615
5	0.00967	0.00686	0.00901	0.01026	0.01095	0.00653	0.00698	0.01081	0.01417	0.01874	0.04105	0.53165	0.10892	0.05430	0.06792	0.05534	0.00589	0.01850	0.00646	0.00598
6	0.01555	0.01249	0.01368	0.01261	0.01566	0.01350	0.00962	0.08163	0.29500	0.02820	0.11274	0.07883	0.12870	0.09844	0.01192	0.00316	0.00574	0.04606	0.00724	0.00924
7	0.01088	0.00796	0.01137	0.01137	0.01244	0.00903	0.00845	0.01302	0.01195	0.01700	0.02107	0.03397	0.02077	0.19919	0.56355	0.01117	0.01759	0.00874	0.00418	0.00631
8	0.02343	0.46457	0.03272	0.01542	0.02102	0.25633	0.01362	0.05824	0.01851	0.01964	0.01134	0.01299	0.00991	0.00707	0.00567	0.00177	0.01000	0.00448	0.00369	0.00958
9	0.23173	0.01729	0.01790	0.01446	0.01985	0.01895	0.01182	0.28725	0.12545	0.15136	0.02011	0.01948	0.01423	0.00878	0.00684	0.00235	0.00700	0.00650	0.00714	0.01151
10	0.01298	0.06774	0.01457	0.01221	0.01434	0.01053	0.04502	0.01686	0.08322	0.05204	0.06933	0.39743	0.07192	0.08163	0.01145	0.00316	0.00563	0.01583	0.00658	0.00752
11	0.02582	0.23437	0.02705	0.01683	0.02196	0.26467	0.01404	0.19452	0.02301	0.05596	0.01382	0.01511	0.01100	0.00810	0.00735	0.00202	0.04378	0.00536	0.00490	0.01031
12	0.02067	0.01919	0.06226	0.01629	0.05372	0.12858	0.01281	0.14794	0.07983	0.08365	0.18778	0.03087	0.05906	0.01065	0.00774	0.00224	0.00754	0.00866	0.00663	0.05388

[dist]
# distance from previous block
# <min> <max>
0	1

[block]
# block no. 8 follows, 26 sequences, length 11
# corresponding to MSA columns:
# 1109-1119
name=unknown_I
#
# <colnr> <probs for GDERKNQSTAVLIFYWHMCP>
#	G	D	E	R	K	N	Q	S	T	A	V	L	I	F	Y	W	H	M	C	P
0	0.01939	0.13209	0.08275	0.11239	0.02692	0.20443	0.07171	0.02528	0.10043	0.02122	0.01764	0.07604	0.01547	0.01187	0.04768	0.00284	0.01071	0.00744	0.00441	0.00930
1	0.01929	0.01998	0.02717	0.22337	0.20349	0.13040	0.09201	0.05985	0.01779	0.02270	0.01344	0.01823	0.01085	0.00809	0.00980	0.00245	0.10069	0.00669	0.00385	0.00986
2	0.01445	0.01177	0.01426	0.01178	0.01670	0.00955	0.00957	0.01763	0.01588	0.02349	0.02148	0.03711	0.02120	0.05917	0.00918	0.00219	0.00611	0.17723	0.00518	0.51606
3	0.01093	0.00740	0.00869	0.00858	0.00919	0.00714	0.00537	0.01151	0.01354	0.01809	0.14875	0.05123	0.10874	0.45961	0.02906	0.07368	0.00620	0.01169	0.00544	0.00515
4	0.01491	0.01847	0.14225	0.52790	0.11010	0.01710	0.02251	0.02058	0.01552	0.02072	0.01358	0.01934	0.01021	0.00744	0.00751	0.00248	0.01020	0.00654	0.00338	0.00927
5	0.01606	0.01222	0.01307	0.01215	0.01525	0.01329	0.00927	0.08182	0.29578	0.02915	0.03541	0.14431	0.10069	0.01304	0.00764	0.00245	0.00518	0.01102	0.17276	0.00945
6	0.01296	0.00804	0.00999	0.00961	0.01132	0.00739	0.00680	0.01503	0.01732	0.09859	0.26503	0.16560	0.13445	0.18519	0.01588	0.00369	0.00496	0.01401	0.00719	0.00694
7	0.02046	0.02242	0.09818	0.15711	0.13644	0.13972	0.12463	0.02717	0.09237	0.08180	0.01703	0.01982	0.01277	0.00772	0.00764	0.00236	0.01035	0.00694	0.00461	0.01045
8	0.00954	0.00713	0.00874	0.00979	0.01092	0.00651	0.00685	0.01118	0.01555	0.02008	0.08044	0.43336	0.22053	0.07010	0.01146	0.00322	0.00457	0.05687	0.00693	0.00622
9	0.02228	0.02172	0.02372	0.25123	0.15833	0.20114	0.01819	0.13549	0.02110	0.05385	0.01469	0.01809	0.01124	0.00783	0.00737	0.00227	0.01039	0.00630	0.00458	0.01018
10	0.17104	0.10595	0.02290	0.31387	0.13823	0.01808	0.01676	0.02049	0.01481	0.02284	0.01326	0.01824	0.01078	0.01165	0.06943	0.00320	0.00975	0.00600	0.00374	0.00897

[dist]
# distance from previous block
# <min> <max>
0	3

[block]
# block no. 9 follows, 26 sequences, length 8
# corresponding to MSA columns:
# 1123-1125,1137-1141
name=unknown_J
#
# <colnr> <probs for GDERKNQSTAVLIFYWHMCP>
#	G	D	E	R	K	N	Q	S	T	A	V	L	I	F	Y	W	H	M	C	P
0	0.12975	0.11354	0.05639	0.01936	0.08346	0.29086	0.01468	0.07648	0.10118	0.02534	0.01463	0.01607	0.01166	0.00782	0.00655	0.00212	0.01000	0.00550	0.00464	0.00996
1	0.01431	0.00774	0.00798	0.00751	0.00980	0.00739	0.00569	0.01782	0.01589	0.02790	0.02356	0.02696	0.01858	0.00850	0.00534	0.00170	0.00375	0.00680	0.69458	0.08820
2	0.01536	0.01683	0.06931	0.04247	0.16725	0.08508	0.04879	0.02048	0.07233	0.02375	0.11474	0.09610	0.17131	0.01249	0.00820	0.00244	0.00744	0.01092	0.00563	0.00907
3	0.12669	0.01201	0.01265	0.01109	0.01433	0.01281	0.00858	0.11953	0.10358	0.07326	0.13344	0.03135	0.02692	0.08605	0.01013	0.00276	0.00551	0.00838	0.19207	0.00888
