[name]
unknown

[dist]
# distance from previous block
# <min> <max>
0	46

[block]
# block no. 0 follows, 25 sequences, length 29
# corresponding to MSA columns:
# 68-96
name=unknown_A
#
# <colnr> <probs for GDERKNQSTAVLIFYWHMCP>
#	G	D	E	R	K	N	Q	S	T	A	V	L	I	F	Y	W	H	M	C	P
0	0.06460	0.01220	0.07033	0.01451	0.04750	0.01093	0.01161	0.01606	0.01530	0.02236	0.10050	0.07931	0.03197	0.14094	0.15710	0.00566	0.03742	0.14877	0.00549	0.00743
1	0.04680	0.06649	0.18086	0.09624	0.02696	0.04942	0.01681	0.09505	0.07265	0.09556	0.01831	0.04618	0.01422	0.00849	0.00712	0.00220	0.00859	0.00673	0.00529	0.13603
2	0.01879	0.12980	0.15467	0.06412	0.07805	0.10260	0.11130	0.02349	0.01806	0.05464	0.09766	0.04996	0.02034	0.00924	0.00824	0.00235	0.03425	0.00788	0.00464	0.00993
3	0.01398	0.05987	0.01378	0.01215	0.01419	0.05591	0.00903	0.08376	0.01776	0.02266	0.03693	0.37695	0.10215	0.05964	0.06168	0.00376	0.00722	0.03467	0.00642	0.00749
4	0.01056	0.00803	0.01063	0.01158	0.01192	0.00848	0.00798	0.01177	0.01401	0.01901	0.03648	0.54932	0.04339	0.11908	0.01573	0.00377	0.08669	0.01881	0.00642	0.00633
5	0.01962	0.01708	0.03104	0.17588	0.27756	0.01724	0.18723	0.02463	0.01785	0.10024	0.01697	0.02116	0.01283	0.00738	0.00801	0.00244	0.00995	0.00761	0.03433	0.01094
6	0.02079	0.04984	0.13887	0.03058	0.18467	0.09856	0.23855	0.07477	0.01972	0.04657	0.01524	0.01867	0.01165	0.00724	0.00797	0.00238	0.01129	0.00721	0.00426	0.01115
7	0.02019	0.05301	0.02091	0.01641	0.02022	0.16233	0.08508	0.12571	0.02201	0.02887	0.16479	0.02801	0.02657	0.01029	0.00875	0.00227	0.05607	0.00828	0.13105	0.00920
8	0.01181	0.01024	0.01560	0.01378	0.01652	0.00962	0.11264	0.01602	0.06060	0.02419	0.18350	0.26187	0.19776	0.01752	0.00930	0.00275	0.00569	0.01595	0.00700	0.00765
9	0.01319	0.01048	0.01523	0.05088	0.09145	0.01197	0.01173	0.01594	0.01424	0.02110	0.02381	0.18228	0.02404	0.02816	0.22551	0.00576	0.11367	0.01078	0.12203	0.00775
10	0.06838	0.01743	0.02448	0.13971	0.22010	0.08468	0.09000	0.05782	0.01804	0.02460	0.01998	0.16060	0.01934	0.01078	0.00805	0.00253	0.00912	0.00985	0.00477	0.00973
11	0.02281	0.01828	0.02139	0.17275	0.02939	0.02095	0.01546	0.31064	0.23719	0.03695	0.02176	0.02245	0.01597	0.00935	0.00780	0.00248	0.00816	0.00754	0.00683	0.01186
12	0.01256	0.01078	0.01457	0.01887	0.14699	0.04325	0.01122	0.01477	0.01549	0.02067	0.03302	0.46639	0.03772	0.02385	0.08779	0.00399	0.00778	0.01658	0.00601	0.00771
13	0.02810	0.11467	0.02434	0.01885	0.02351	0.50951	0.01474	0.13195	0.02363	0.02378	0.01293	0.01456	0.01051	0.00805	0.00688	0.00201	0.01243	0.00522	0.00453	0.00979
14	0.01035	0.00731	0.00962	0.01113	0.01177	0.00702	0.00787	0.01194	0.01488	0.01972	0.03948	0.48742	0.04626	0.13557	0.01476	0.00393	0.00551	0.14244	0.00679	0.00621
15	0.01128	0.00752	0.00846	0.00846	0.00846	0.00752	0.00470	0.01128	0.01128	0.01503	0.02443	0.05074	0.02819	0.72751	0.03946	0.00752	0.00752	0.01128	0.00470	0.00470
16	0.02502	0.01291	0.01608	0.01319	0.01778	0.01229	0.01074	0.14340	0.02405	0.32605	0.16246	0.04011	0.09504	0.01258	0.00839	0.00249	0.00614	0.05168	0.00864	0.01096
17	0.36253	0.01947	0.04719	0.01305	0.01773	0.12779	0.01093	0.12365	0.01904	0.03287	0.01502	0.01692	0.01157	0.00800	0.00587	0.00222	0.00754	0.00540	0.14401	0.00919
18	0.02307	0.08167	0.29307	0.02004	0.02760	0.26741	0.02037	0.12973	0.02166	0.02608	0.01377	0.01561	0.01044	0.00786	0.00714	0.00221	0.01169	0.00556	0.00427	0.01074
19	0.01655	0.15812	0.02428	0.06125	0.02168	0.01685	0.11242	0.09128	0.01835	0.02438	0.12506	0.03174	0.02548	0.15425	0.08190	0.00429	0.00954	0.00887	0.00514	0.00856
20	0.55234	0.01338	0.01146	0.01017	0.01461	0.01465	0.00826	0.02209	0.01520	0.09678	0.05549	0.02567	0.11486	0.00976	0.00598	0.00243	0.00563	0.00690	0.00582	0.00854
21	0.01589	0.01046	0.01301	0.01252	0.01470	0.01076	0.00924	0.12058	0.03981	0.08866	0.03252	0.36222	0.03441	0.07181	0.12049	0.00469	0.00821	0.01486	0.00689	0.00829
22	0.01669	0.01419	0.01941	0.10646	0.15627	0.01442	0.01421	0.02298	0.11597	0.05652	0.02843	0.05067	0.12058	0.01044	0.00879	0.00229	0.05363	0.00870	0.00546	0.17389
23	0.01819	0.01799	0.01829	0.12396	0.02496	0.13592	0.01220	0.02164	0.01706	0.02326	0.01346	0.01643	0.01103	0.00647	0.00629	0.00153	0.00797	0.00503	0.00430	0.51404
24	0.01508	0.01333	0.01302	0.01195	0.01405	0.11799	0.00852	0.01625	0.01392	0.01788	0.01855	0.03114	0.01871	0.25097	0.18789	0.09528	0.01139	0.00794	0.00428	0.13186
25	0.02517	0.06354	0.14272	0.01831	0.02451	0.29587	0.01643	0.11689	0.05957	0.08331	0.01610	0.01710	0.01211	0.00811	0.00710	0.00212	0.01076	0.00580	0.00512	0.06938
26	0.01576	0.01259	0.01382	0.01251	0.01531	0.05630	0.00928	0.05302	0.09059	0.04802	0.02358	0.09914	0.02274	0.17619	0.19345	0.00598	0.01067	0.00947	0.00546	0.12610
27	0.01913	0.01710	0.01795	0.01551	0.01939	0.11033	0.04811	0.16883	0.08135	0.02894	0.04753	0.24982	0.02782	0.01377	0.00825	0.00246	0.00755	0.01186	0.00649	0.09780
28	0.01690	0.19342	0.10147	0.05981	0.13180	0.01782	0.01546	0.05022	0.01699	0.02317	0.01927	0.15871	0.01910	0.01038	0.00712	0.00216	0.00776	0.00877	0.00461	0.13508

[dist]
# distance from previous block
# <min> <max>
6	23

[block]
# block no. 1 follows, 25 sequences, length 8
# corresponding to MSA columns:
# 120-127
name=unknown_B
#
# <colnr> <probs for GDERKNQSTAVLIFYWHMCP>
#	G	D	E	R	K	N	Q	S	T	A	V	L	I	F	Y	W	H	M	C	P
0	0.02045	0.05586	0.02085	0.06636	0.16204	0.01473	0.01402	0.10621	0.01987	0.14521	0.02459	0.19311	0.02292	0.01192	0.00791	0.00240	0.00716	0.01041	0.00625	0.08773
1	0.04281	0.01958	0.07070	0.06589	0.09783	0.13287	0.13126	0.02098	0.01723	0.02246	0.02205	0.21799	0.02238	0.01198	0.00819	0.00249	0.00927	0.01093	0.00486	0.06823
2	0.01159	0.00927	0.01228	0.01300	0.05784	0.00888	0.00890	0.01409	0.01541	0.02112	0.08629	0.13425	0.17474	0.07307	0.22505	0.00585	0.01004	0.01204	0.00565	0.10063
3	0.02226	0.06510	0.02607	0.02713	0.24847	0.01766	0.06553	0.10399	0.08767	0.14269	0.09354	0.02539	0.02139	0.00899	0.00783	0.00235	0.00798	0.00805	0.00622	0.01169
4	0.02270	0.12727	0.02269	0.01710	0.08756	0.01741	0.01273	0.14495	0.06128	0.14597	0.02304	0.02314	0.06144	0.00865	0.00695	0.00199	0.00707	0.00689	0.00620	0.19498
5	0.01680	0.01547	0.01996	0.17376	0.16094	0.06351	0.01540	0.06298	0.08347	0.02457	0.02598	0.15472	0.06786	0.01176	0.00804	0.00247	0.00792	0.01028	0.00536	0.06876
6	0.02115	0.01562	0.02026	0.09305	0.17194	0.05278	0.01484	0.06916	0.10633	0.15873	0.08845	0.06827	0.06381	0.01085	0.00806	0.00246	0.00750	0.00934	0.00661	0.01080
7	0.06068	0.02296	0.16274	0.01796	0.05763	0.06575	0.01602	0.17326	0.06180	0.10510	0.02233	0.02272	0.06058	0.00895	0.00732	0.00223	0.00840	0.00699	0.00593	0.11065

[dist]
# distance from previous block
# <min> <max>
23	162

[block]
# block no. 2 follows, 25 sequences, length 11
# corresponding to MSA columns:
# 338-348
name=unknown_C
#
# <colnr> <probs for GDERKNQSTAVLIFYWHMCP>
#	G	D	E	R	K	N	Q	S	T	A	V	L	I	F	Y	W	H	M	C	P
0	0.08035	0.04658	0.04948	0.01804	0.06948	0.09331	0.01404	0.18830	0.07453	0.22425	0.04920	0.02216	0.01731	0.00911	0.00742	0.00232	0.00817	0.00708	0.00707	0.01180
1	0.09058	0.08423	0.09425	0.01623	0.02231	0.05637	0.05529	0.10341	0.14362	0.13006	0.02436	0.02410	0.06100	0.00921	0.00726	0.00231	0.00798	0.00736	0.00623	0.05384
2	0.08042	0.01647	0.01766	0.01395	0.01960	0.05153	0.01122	0.15024	0.09240	0.17673	0.06331	0.02261	0.01857	0.00870	0.00704	0.00204	0.00685	0.00683	0.00691	0.22692
3	0.09785	0.01458	0.10710	0.01365	0.01749	0.01143	0.04694	0.06325	0.01744	0.02500	0.03918	0.28328	0.16469	0.01680	0.00867	0.00279	0.00645	0.04906	0.00624	0.00810
4	0.06292	0.06737	0.01886	0.01567	0.06572	0.01652	0.01156	0.18545	0.08503	0.05403	0.02665	0.02951	0.09908	0.07484	0.05823	0.00336	0.00796	0.00817	0.00609	0.10297
5	0.17038	0.01643	0.02270	0.04654	0.23444	0.01686	0.05588	0.08890	0.05406	0.10952	0.02181	0.02334	0.06148	0.00862	0.00728	0.00236	0.00780	0.00734	0.00561	0.03865
6	0.01737	0.01690	0.10146	0.02438	0.20526	0.01506	0.01674	0.06775	0.01747	0.07344	0.04995	0.06886	0.01962	0.02288	0.19101	0.00515	0.06322	0.00850	0.00497	0.01001
7	0.01939	0.06654	0.01876	0.01824	0.11938	0.01407	0.01208	0.10160	0.06203	0.13606	0.06321	0.23578	0.03003	0.05444	0.01007	0.00285	0.00661	0.01216	0.00683	0.00988
8	0.02206	0.10701	0.02524	0.24282	0.07967	0.06750	0.05675	0.07244	0.01927	0.15312	0.01791	0.02059	0.01311	0.00806	0.00728	0.00230	0.00910	0.00676	0.05870	0.01033
9	0.06524	0.10842	0.20225	0.06998	0.05637	0.06658	0.06452	0.02216	0.04473	0.02381	0.06661	0.10792	0.04868	0.01057	0.00759	0.00243	0.00890	0.00893	0.00473	0.00956
10	0.02370	0.08142	0.06994	0.02108	0.11918	0.04548	0.01576	0.17441	0.22350	0.11200	0.02225	0.02199	0.01641	0.00895	0.00750	0.00237	0.00804	0.00722	0.00661	0.01221

[dist]
# distance from previous block
# <min> <max>
0	2

[block]
# block no. 3 follows, 25 sequences, length 8
# corresponding to MSA columns:
# 351-358
name=unknown_D
#
# <colnr> <probs for GDERKNQSTAVLIFYWHMCP>
#	G	D	E	R	K	N	Q	S	T	A	V	L	I	F	Y	W	H	M	C	P
0	0.08006	0.08797	0.02329	0.02249	0.16696	0.15118	0.01483	0.15638	0.02215	0.06564	0.06217	0.05304	0.01837	0.03236	0.00832	0.00242	0.00888	0.00745	0.00554	0.01051
1	0.32572	0.01444	0.01389	0.01208	0.01624	0.01579	0.00963	0.19443	0.02106	0.03489	0.07555	0.11368	0.09978	0.01206	0.00711	0.00250	0.00609	0.00940	0.00649	0.00916
2	0.13377	0.10333	0.10637	0.01753	0.02249	0.07016	0.01596	0.20538	0.02090	0.03049	0.01338	0.01601	0.01071	0.00945	0.01142	0.00253	0.18893	0.00591	0.00488	0.01041
3	0.11928	0.05607	0.14137	0.01685	0.02289	0.14896	0.04148	0.07444	0.01989	0.18519	0.02018	0.08469	0.01619	0.00968	0.00731	0.00237	0.00914	0.00760	0.00587	0.01054
4	0.00952	0.00744	0.00891	0.00968	0.01122	0.00683	0.00692	0.01133	0.01582	0.02009	0.05615	0.34396	0.32904	0.02642	0.09526	0.00407	0.00627	0.01777	0.00682	0.00649
5	0.02906	0.02049	0.02285	0.02371	0.17822	0.14908	0.01560	0.13441	0.02342	0.29290	0.02117	0.02097	0.01476	0.00860	0.00760	0.00229	0.00898	0.00690	0.00683	0.01215
6	0.02279	0.02928	0.13363	0.02329	0.11605	0.29678	0.01812	0.06309	0.06805	0.02383	0.01444	0.01689	0.01159	0.00840	0.00893	0.00226	0.07754	0.00592	0.00434	0.05478
7	0.00969	0.00736	0.00936	0.01030	0.01154	0.00703	0.00732	0.01148	0.01516	0.01976	0.04839	0.40718	0.21859	0.02962	0.14400	0.00482	0.00752	0.01778	0.00660	0.00649

[dist]
# distance from previous block
# <min> <max>
0	7

[block]
# block no. 4 follows, 25 sequences, length 245
# corresponding to MSA columns:
# 366-485,487-611
name=unknown_E
#
# <colnr> <probs for GDERKNQSTAVLIFYWHMCP>
#	G	D	E	R	K	N	Q	S	T	A	V	L	I	F	Y	W	H	M	C	P
0	0.01696	0.04529	0.01652	0.10870	0.02123	0.01320	0.01191	0.09281	0.05997	0.09712	0.04905	0.20200	0.02855	0.02260	0.13263	0.00447	0.00936	0.05232	0.00636	0.00892
1	0.01604	0.01760	0.11690	0.01926	0.13799	0.01338	0.01439	0.09285	0.01950	0.02706	0.06286	0.03460	0.19222	0.01080	0.00764	0.00214	0.00696	0.00905	0.00551	0.19322
2	0.01861	0.01949	0.14143	0.26458	0.23744	0.01653	0.02158	0.02384	0.01716	0.10866	0.01742	0.04888	0.01367	0.00834	0.00775	0.00247	0.00946	0.00743	0.00449	0.01075
3	0.05311	0.14407	0.02154	0.27455	0.03010	0.01640	0.01429	0.02085	0.01645	0.10659	0.02752	0.03006	0.13208	0.01405	0.06401	0.00320	0.00897	0.00820	0.00502	0.00893
4	0.08916	0.01474	0.01916	0.16069	0.12221	0.06465	0.03569	0.01939	0.03678	0.02257	0.02605	0.19170	0.07541	0.01311	0.00968	0.00270	0.07166	0.01103	0.00504	0.00861
5	0.01968	0.08021	0.10169	0.18529	0.25062	0.06479	0.06225	0.09726	0.01940	0.02572	0.01439	0.01836	0.01130	0.00746	0.00750	0.00233	0.01013	0.00658	0.00412	0.01094
6	0.01767	0.01375	0.01566	0.01181	0.01778	0.01157	0.00946	0.10562	0.01949	0.06414	0.02726	0.02774	0.13408	0.00899	0.00676	0.00165	0.00584	0.00726	0.00578	0.48769
7	0.01777	0.01626	0.02419	0.03298	0.39559	0.01682	0.01811	0.02665	0.18896	0.02704	0.05624	0.03052	0.07384	0.00983	0.00803	0.00247	0.00763	0.03013	0.00552	0.01140
8	0.01347	0.00673	0.01010	0.01010	0.01010	0.00673	0.00673	0.01010	0.01010	0.01347	0.01347	0.02357	0.01347	0.02694	0.03030	0.77441	0.00673	0.00673	0.00337	0.00337
9	0.01951	0.01659	0.02330	0.02151	0.07443	0.02151	0.01655	0.02279	0.05190	0.10320	0.01434	0.01903	0.01227	0.01235	0.02075	0.00313	0.52572	0.00704	0.00447	0.00961
10	0.02087	0.01338	0.03687	0.01234	0.01798	0.01059	0.01011	0.02399	0.01719	0.22432	0.02049	0.02365	0.01600	0.07689	0.07162	0.00316	0.00770	0.00654	0.00604	0.38026
11	0.01638	0.01433	0.01806	0.09598	0.06642	0.01242	0.01186	0.02162	0.06947	0.02522	0.01530	0.01788	0.01240	0.00645	0.00628	0.00152	0.00654	0.00536	0.00468	0.57184
12	0.01245	0.00723	0.01009	0.01009	0.01034	0.00748	0.00673	0.01109	0.01084	0.01470	0.01770	0.03203	0.01845	0.21871	0.15290	0.43327	0.00947	0.00822	0.00386	0.00436
13	0.01809	0.01721	0.02843	0.04221	0.58471	0.01715	0.02146	0.02296	0.03834	0.02508	0.02215	0.02558	0.08549	0.00842	0.00785	0.00235	0.00853	0.00801	0.00434	0.01165
14	0.00975	0.00696	0.00934	0.01114	0.01172	0.00656	0.00772	0.01131	0.01514	0.02013	0.04257	0.66003	0.05063	0.02401	0.00998	0.00319	0.00476	0.08150	0.00719	0.00638
15	0.01703	0.01787	0.02305	0.01944	0.02224	0.14066	0.13535	0.02014	0.01520	0.01963	0.01588	0.02267	0.01419	0.02934	0.29210	0.00668	0.16877	0.00753	0.00391	0.00832
16	0.01518	0.01433	0.02422	0.63136	0.12675	0.01737	0.02180	0.02028	0.01576	0.02046	0.01388	0.02050	0.01056	0.00765	0.00774	0.00255	0.01020	0.00689	0.00349	0.00904
17	0.01117	0.00806	0.01064	0.01034	0.01217	0.00753	0.00799	0.01482	0.02141	0.03007	0.59250	0.06176	0.06944	0.01658	0.00935	0.00259	0.00411	0.09383	0.00835	0.00729
18	0.00924	0.00781	0.00799	0.00804	0.01054	0.00656	0.00599	0.01124	0.01771	0.02125	0.09788	0.10052	0.62944	0.01969	0.00919	0.00263	0.00394	0.01651	0.00725	0.00656
19	0.02077	0.01393	0.01628	0.01438	0.03822	0.01421	0.01092	0.25661	0.02559	0.11920	0.13924	0.13894	0.13044	0.01413	0.00852	0.00252	0.00621	0.01189	0.00783	0.01017
20	0.78228	0.01499	0.01140	0.01020	0.01499	0.01739	0.00840	0.02279	0.01320	0.03479	0.01080	0.01260	0.00840	0.00720	0.00480	0.00240	0.00600	0.00420	0.00480	0.00840
21	0.01696	0.01696	0.02375	0.02036	0.02036	0.02375	0.01696	0.01866	0.01187	0.01866	0.01018	0.01696	0.01018	0.01357	0.02545	0.00339	0.71332	0.00679	0.00339	0.00848
22	0.01925	0.01775	0.02819	0.02635	0.14593	0.01900	0.18046	0.13708	0.09111	0.02859	0.02051	0.11161	0.01834	0.01081	0.01082	0.00268	0.10580	0.00965	0.00539	0.01067
23	0.78228	0.01499	0.01140	0.01020	0.01499	0.01739	0.00840	0.02279	0.01320	0.03479	0.01080	0.01260	0.00840	0.00720	0.00480	0.00240	0.00600	0.00420	0.00480	0.00840
24	0.01347	0.00673	0.01010	0.01010	0.01010	0.00673	0.00673	0.01010	0.01010	0.01347	0.01347	0.02357	0.01347	0.02694	0.03030	0.77441	0.00673	0.00673	0.00337	0.00337
25	0.01097	0.00793	0.01036	0.00975	0.01158	0.00732	0.00732	0.01463	0.02195	0.03109	0.67505	0.05792	0.07316	0.01585	0.00914	0.00244	0.00366	0.01402	0.00854	0.00732
26	0.01912	0.02027	0.02235	0.27818	0.03356	0.17355	0.01762	0.02481	0.10035	0.02095	0.01472	0.01923	0.01195	0.00972	0.01233	0.00267	0.19865	0.00668	0.00413	0.00914
27	0.01774	0.01092	0.01130	0.01011	0.01301	0.01164	0.00788	0.13717	0.09118	0.03296	0.02476	0.02702	0.01906	0.00925	0.00612	0.00199	0.00479	0.00735	0.54688	0.00887
28	0.01031	0.00770	0.00958	0.00953	0.01128	0.00697	0.00699	0.01319	0.01975	0.02687	0.43269	0.18046	0.19982	0.01818	0.00928	0.00260	0.00387	0.01596	0.00801	0.00697
29	0.02541	0.44545	0.03250	0.01420	0.02062	0.02521	0.01312	0.13926	0.02089	0.17154	0.01658	0.01664	0.01258	0.00777	0.00610	0.00194	0.00796	0.00546	0.00550	0.01125
30	0.01072	0.00792	0.01001	0.00949	0.01143	0.00721	0.00712	0.01414	0.02135	0.02966	0.59107	0.06027	0.15803	0.01638	0.00915	0.00246	0.00370	0.01435	0.00835	0.00721
31	0.02141	0.67502	0.03910	0.01382	0.02024	0.08541	0.01341	0.02385	0.01627	0.01830	0.01088	0.01256	0.00995	0.00675	0.00514	0.00169	0.00876	0.00422	0.00337	0.00987
32	0.01360	0.01138	0.01301	0.01059	0.01520	0.00953	0.00825	0.01824	0.07099	0.02592	0.16180	0.04006	0.19123	0.01161	0.00745	0.00189	0.00491	0.00975	0.00629	0.36831
33	0.02743	0.07947	0.02395	0.01720	0.02320	0.02397	0.01430	0.52201	0.11638	0.04421	0.01965	0.01945	0.01428	0.00925	0.00755	0.00231	0.00820	0.00698	0.00741	0.01280
34	0.02896	0.03695	0.02197	0.01998	0.02397	0.69638	0.01498	0.03096	0.02197	0.01898	0.01199	0.01398	0.00999	0.00799	0.00699	0.00200	0.01398	0.00499	0.00400	0.00899
35	0.01810	0.08869	0.32478	0.02203	0.02993	0.09871	0.13798	0.02538	0.06001	0.02341	0.01607	0.05060	0.01309	0.00857	0.00861	0.00246	0.04991	0.00717	0.00398	0.01051
36	0.01289	0.00694	0.00966	0.00966	0.00966	0.00694	0.00619	0.01041	0.01041	0.01388	0.01638	0.03079	0.01738	0.21308	0.03274	0.57064	0.00694	0.00794	0.00372	0.00372
37	0.01141	0.00767	0.00890	0.00910	0.00929	0.00767	0.00555	0.01180	0.01200	0.01593	0.02625	0.05477	0.02999	0.65001	0.03631	0.00708	0.00748	0.07885	0.00497	0.00497
38	0.02258	0.01049	0.01408	0.01172	0.01558	0.00930	0.00930	0.02591	0.02207	0.34948	0.36103	0.04256	0.04686	0.01280	0.00849	0.00242	0.00509	0.01099	0.00905	0.01018
39	0.02232	0.01816	0.01924	0.01639	0.02132	0.02070	0.01301	0.22319	0.47821	0.03732	0.02771	0.02586	0.02055	0.01016	0.00785	0.00254	0.00685	0.00824	0.00785	0.01254
40	0.78228	0.01499	0.01140	0.01020	0.01499	0.01739	0.00840	0.02279	0.01320	0.03479	0.01080	0.01260	0.00840	0.00720	0.00480	0.00240	0.00600	0.00420	0.00480	0.00840
41	0.22467	0.01872	0.01942	0.01527	0.02108	0.02045	0.01260	0.39919	0.02833	0.13949	0.01837	0.01821	0.01284	0.00881	0.00700	0.00236	0.00759	0.00638	0.00727	0.01195
42	0.02981	0.02666	0.02117	0.01783	0.02285	0.33484	0.01397	0.19184	0.06339	0.17346	0.01891	0.01876	0.01363	0.00883	0.00742	0.00221	0.01051	0.00634	0.00641	0.01118
43	0.02073	0.73217	0.04063	0.01327	0.01990	0.03068	0.01327	0.02322	0.01575	0.01824	0.01078	0.01244	0.00995	0.00663	0.00498	0.00166	0.00829	0.00415	0.00332	0.00995
44	0.01548	0.01463	0.02476	0.58753	0.16822	0.01745	0.02195	0.02054	0.01590	0.02082	0.01393	0.02040	0.01069	0.00760	0.00774	0.00253	0.01013	0.00689	0.00352	0.00929
45	0.00945	0.00675	0.00900	0.01080	0.01125	0.00630	0.00720	0.01080	0.01484	0.01979	0.04274	0.72245	0.05128	0.02429	0.00990	0.00315	0.00450	0.02204	0.00720	0.00630
46	0.00919	0.00773	0.00798	0.00818	0.01056	0.00652	0.00603	0.01109	0.01736	0.02082	0.07462	0.14572	0.60743	0.02015	0.00924	0.00268	0.00399	0.01699	0.00720	0.00652
47	0.01919	0.01842	0.03147	0.04759	0.67914	0.01842	0.02380	0.02380	0.01765	0.02533	0.01458	0.01919	0.01228	0.00691	0.00768	0.00230	0.00921	0.00691	0.00384	0.01228
48	0.00978	0.00776	0.00803	0.00803	0.00988	0.00683	0.00554	0.01117	0.01580	0.01921	0.06268	0.06762	0.48603	0.22722	0.01805	0.00405	0.00498	0.01487	0.00647	0.00600
49	0.01347	0.00673	0.01010	0.01010	0.01010	0.00673	0.00673	0.01010	0.01010	0.01347	0.01347	0.02357	0.01347	0.02694	0.03030	0.77441	0.00673	0.00673	0.00337	0.00337
50	0.02073	0.73217	0.04063	0.01327	0.01990	0.03068	0.01327	0.02322	0.01575	0.01824	0.01078	0.01244	0.00995	0.00663	0.00498	0.00166	0.00829	0.00415	0.00332	0.00995
51	0.00963	0.00696	0.00916	0.01085	0.01152	0.00649	0.00747	0.01116	0.01521	0.02009	0.04472	0.64237	0.08748	0.02383	0.00991	0.00315	0.00464	0.06180	0.00719	0.00637
52	0.03286	0.01687	0.06290	0.01494	0.02120	0.05275	0.01295	0.07256	0.02263	0.56451	0.02769	0.02454	0.01768	0.00934	0.00772	0.00238	0.00747	0.00745	0.00874	0.01283
53	0.02583	0.01991	0.02122	0.01710	0.02266	0.02234	0.01386	0.43451	0.26116	0.04299	0.02324	0.02230	0.01693	0.00974	0.00780	0.00244	0.00768	0.00762	0.00780	0.01286
54	0.31982	0.01189	0.01064	0.00957	0.01304	0.01309	0.00762	0.08965	0.01726	0.03342	0.01883	0.02133	0.01460	0.00834	0.00543	0.00210	0.00510	0.00600	0.38394	0.00834
55	0.01642	0.02127	0.16365	0.02766	0.19857	0.01653	0.15674	0.02411	0.10161	0.02518	0.02863	0.03042	0.13493	0.00973	0.00823	0.00250	0.00915	0.00913	0.00488	0.01066
56	0.00945	0.00675	0.00900	0.01080	0.01125	0.00630	0.00720	0.01080	0.01484	0.01979	0.04274	0.72245	0.05128	0.02429	0.00990	0.00315	0.00450	0.02204	0.00720	0.00630
57	0.01882	0.01804	0.03080	0.10195	0.62770	0.01832	0.02361	0.02347	0.01748	0.02488	0.01452	0.01931	0.01212	0.00698	0.00768	0.00233	0.00930	0.00691	0.00381	0.01198
58	0.00945	0.00675	0.00900	0.01080	0.01125	0.00630	0.00720	0.01080	0.01484	0.01979	0.04274	0.72245	0.05128	0.02429	0.00990	0.00315	0.00450	0.02204	0.00720	0.00630
59	0.02381	0.01890	0.02008	0.01669	0.02189	0.02140	0.01337	0.31312	0.38584	0.03973	0.02581	0.02435	0.01901	0.00998	0.00783	0.00250	0.00720	0.00797	0.00783	0.01268
60	0.00945	0.00675	0.00900	0.01080	0.01125	0.00630	0.00720	0.01080	0.01484	0.01979	0.04274	0.72245	0.05128	0.02429	0.00990	0.00315	0.00450	0.02204	0.00720	0.00630
61	0.01929	0.01666	0.01753	0.01578	0.02016	0.01929	0.01227	0.04120	0.66513	0.03243	0.03156	0.02893	0.02367	0.01052	0.00789	0.00263	0.00614	0.00877	0.00789	0.01227
62	0.78228	0.01499	0.01140	0.01020	0.01499	0.01739	0.00840	0.02279	0.01320	0.03479	0.01080	0.01260	0.00840	0.00720	0.00480	0.00240	0.00600	0.00420	0.00480	0.00840
63	0.01696	0.01696	0.02375	0.02036	0.02036	0.02375	0.01696	0.01866	0.01187	0.01866	0.01018	0.01696	0.01018	0.01357	0.02545	0.00339	0.71332	0.00679	0.00339	0.00848
64	0.00988	0.00788	0.00885	0.00861	0.01091	0.00685	0.00645	0.01251	0.01936	0.02496	0.31450	0.06801	0.43754	0.01814	0.00916	0.00255	0.00382	0.01544	0.00773	0.00685
65	0.03063	0.02699	0.02123	0.01782	0.02288	0.35329	0.01397	0.18188	0.02550	0.20298	0.01852	0.01839	0.01320	0.00873	0.00739	0.00218	0.01071	0.00621	0.00638	0.01111
66	0.03168	0.01611	0.01955	0.01521	0.02112	0.01599	0.01249	0.22485	0.08850	0.42881	0.02705	0.02428	0.01780	0.00960	0.00779	0.00240	0.00714	0.00764	0.00887	0.01310
67	0.01023	0.00790	0.00933	0.00897	0.01113	0.00700	0.00673	0.01319	0.02019	0.02691	0.42920	0.06480	0.32162	0.01741	0.00915	0.00251	0.00377	0.01499	0.00798	0.00700
68	0.01479	0.01393	0.02352	0.68771	0.07343	0.01726	0.02161	0.01994	0.01557	0.01999	0.01381	0.02062	0.01040	0.00772	0.00775	0.00257	0.01030	0.00689	0.00346	0.00873
69	0.01956	0.46317	0.03570	0.02050	0.14137	0.02495	0.06676	0.02289	0.01637	0.02126	0.01347	0.01618	0.01162	0.00694	0.00586	0.00187	0.00834	0.00540	0.08767	0.01012
70	0.01251	0.00821	0.00988	0.00966	0.01196	0.00722	0.00716	0.01489	0.01864	0.09614	0.21983	0.21139	0.30646	0.01861	0.00917	0.00267	0.00428	0.01610	0.00781	0.00742
71	0.01610	0.01481	0.02460	0.11039	0.43300	0.01507	0.01914	0.01990	0.01667	0.02325	0.02198	0.20621	0.02243	0.01162	0.00827	0.00256	0.00808	0.01093	0.00469	0.01029
72	0.00975	0.00780	0.00824	0.00817	0.01022	0.00681	0.00583	0.01154	0.01697	0.02097	0.13408	0.06840	0.49096	0.14912	0.01472	0.00350	0.00456	0.01517	0.00689	0.00629
73	0.02947	0.02172	0.02327	0.01784	0.02404	0.02404	0.01474	0.65329	0.03646	0.04887	0.01862	0.01862	0.01319	0.00931	0.00776	0.00233	0.00853	0.00698	0.00776	0.01319
74	0.02026	0.20147	0.10703	0.02653	0.24377	0.02170	0.01839	0.12485	0.06336	0.02806	0.05909	0.02027	0.01634	0.00811	0.00708	0.00219	0.00856	0.00668	0.00485	0.01141
75	0.01527	0.01442	0.02438	0.61826	0.13915	0.01739	0.02184	0.02036	0.01580	0.02057	0.01389	0.02047	0.01060	0.00764	0.00774	0.00255	0.01018	0.00689	0.00350	0.00912
76	0.02033	0.02103	0.02338	0.02004	0.02136	0.14505	0.01639	0.08206	0.01606	0.02163	0.01132	0.01659	0.01043	0.01215	0.02041	0.00304	0.51929	0.00648	0.00392	0.00903
77	0.01730	0.01374	0.01620	0.01164	0.01847	0.01041	0.00933	0.02072	0.01648	0.06830	0.01488	0.01675	0.01199	0.00599	0.00588	0.00123	0.00580	0.00480	0.00492	0.72518
78	0.01111	0.00816	0.01173	0.01173	0.01286	0.00929	0.00878	0.01337	0.01224	0.01746	0.02144	0.03418	0.02100	0.18098	0.57616	0.01155	0.01834	0.00885	0.00425	0.00651
79	0.01022	0.00749	0.00973	0.01102	0.01220	0.00700	0.00815	0.01238	0.01665	0.02191	0.11669	0.42593	0.13803	0.02212	0.00989	0.00309	0.00489	0.14866	0.00733	0.00662
80	0.01128	0.00752	0.00846	0.00846	0.00846	0.00752	0.00470	0.01128	0.01128	0.01503	0.02443	0.05074	0.02819	0.72751	0.03946	0.00752	0.00752	0.01128	0.00470	0.00470
81	0.02815	0.02106	0.02252	0.01757	0.02354	0.02343	0.01442	0.57381	0.11809	0.04673	0.02030	0.01995	0.01455	0.00947	0.00777	0.00237	0.00822	0.00721	0.00777	0.01307
82	0.09872	0.00808	0.00768	0.00755	0.00969	0.00834	0.00575	0.01859	0.01592	0.02955	0.02370	0.02712	0.01861	0.00883	0.00535	0.00187	0.00388	0.00689	0.68651	0.00736
83	0.47913	0.01736	0.01597	0.01311	0.01847	0.01956	0.01082	0.25171	0.02199	0.06644	0.01444	0.01534	0.01057	0.00806	0.00599	0.00237	0.00694	0.00535	0.00607	0.01033
84	0.01555	0.04011	0.68733	0.02210	0.03356	0.01801	0.02865	0.02455	0.01637	0.02455	0.01391	0.01637	0.00982	0.00737	0.00737	0.00246	0.01146	0.00573	0.00327	0.01146
85	0.02073	0.73217	0.04063	0.01327	0.01990	0.03068	0.01327	0.02322	0.01575	0.01824	0.01078	0.01244	0.00995	0.00663	0.00498	0.00166	0.00829	0.00415	0.00332	0.00995
86	0.02642	0.03036	0.02464	0.02708	0.19806	0.44245	0.01730	0.09736	0.02241	0.02395	0.01340	0.01587	0.01095	0.00785	0.00726	0.00211	0.01212	0.00572	0.00437	0.01032
87	0.01752	0.01610	0.02267	0.26511	0.03427	0.01859	0.08568	0.03177	0.36219	0.02709	0.02347	0.02510	0.01760	0.00909	0.00798	0.00261	0.00840	0.00814	0.00587	0.01077
88	0.01138	0.00819	0.01093	0.01096	0.01277	0.00774	0.00869	0.01501	0.02086	0.02900	0.50659	0.06577	0.06558	0.01733	0.00956	0.00274	0.00458	0.17688	0.00816	0.00727
89	0.01919	0.01842	0.03147	0.04759	0.67914	0.01842	0.02380	0.02380	0.01765	0.02533	0.01458	0.01919	0.01228	0.00691	0.00768	0.00230	0.00921	0.00691	0.00384	0.01228
90	0.01445	0.00723	0.00723	0.00723	0.00903	0.00723	0.00542	0.01807	0.01626	0.02891	0.02529	0.02891	0.01987	0.00903	0.00542	0.00181	0.00361	0.00723	0.77055	0.00723
91	0.01347	0.00673	0.01010	0.01010	0.01010	0.00673	0.00673	0.01010	0.01010	0.01347	0.01347	0.02357	0.01347	0.02694	0.03030	0.77441	0.00673	0.00673	0.00337	0.00337
92	0.02073	0.73217	0.04063	0.01327	0.01990	0.03068	0.01327	0.02322	0.01575	0.01824	0.01078	0.01244	0.00995	0.00663	0.00498	0.00166	0.00829	0.00415	0.00332	0.00995
93	0.00937	0.00704	0.00869	0.01001	0.01104	0.00636	0.00685	0.01088	0.01560	0.02010	0.05231	0.54916	0.21838	0.02305	0.00970	0.00301	0.00435	0.02052	0.00720	0.00636
94	0.01555	0.04011	0.68733	0.02210	0.03356	0.01801	0.02865	0.02455	0.01637	0.02455	0.01391	0.01637	0.00982	0.00737	0.00737	0.00246	0.01146	0.00573	0.00327	0.01146
95	0.01692	0.01793	0.03599	0.04938	0.03381	0.01785	0.44184	0.02384	0.07012	0.02387	0.01767	0.02316	0.01402	0.01644	0.13350	0.00442	0.03634	0.00882	0.00426	0.00985
96	0.02896	0.03695	0.02197	0.01998	0.02397	0.69638	0.01498	0.03096	0.02197	0.01898	0.01199	0.01398	0.00999	0.00799	0.00699	0.00200	0.01398	0.00499	0.00400	0.00899
97	0.01748	0.01668	0.02839	0.29587	0.44420	0.01797	0.02295	0.02230	0.01685	0.02326	0.01428	0.01975	0.01155	0.00723	0.00770	0.00241	0.00963	0.00690	0.00369	0.01090
98	0.01064	0.00791	0.00990	0.00941	0.01138	0.00717	0.00705	0.01399	0.02116	0.02923	0.56559	0.06098	0.18378	0.01655	0.00915	0.00247	0.00371	0.01445	0.00829	0.00717
99	0.00995	0.00789	0.00895	0.00868	0.01096	0.00688	0.00651	0.01265	0.01953	0.02536	0.33824	0.06735	0.41355	0.01799	0.00916	0.00254	0.00381	0.01534	0.00778	0.00688
100	0.01464	0.01378	0.02326	0.70887	0.05340	0.01723	0.02153	0.01981	0.01550	0.01981	0.01378	0.02067	0.01034	0.00775	0.00775	0.00258	0.01034	0.00689	0.00345	0.00861
101	0.02405	0.27725	0.02881	0.01671	0.02183	0.14936	0.01430	0.19415	0.07539	0.02778	0.01474	0.01623	0.01198	0.00868	0.00858	0.00217	0.08660	0.00573	0.00501	0.01067
102	0.01108	0.00831	0.01246	0.01246	0.01385	0.00969	0.00969	0.01385	0.01246	0.01800	0.02077	0.03046	0.01938	0.05815	0.69678	0.01246	0.02077	0.00831	0.00415	0.00692
103	0.01974	0.01553	0.02159	0.01828	0.01953	0.02013	0.01515	0.02184	0.01460	0.14187	0.06858	0.02206	0.01701	0.01303	0.02087	0.00313	0.52529	0.00757	0.00495	0.00925
104	0.64142	0.01477	0.01357	0.13840	0.02204	0.01736	0.01081	0.02224	0.01362	0.03204	0.01134	0.01408	0.00875	0.00730	0.00534	0.00243	0.00679	0.00469	0.00455	0.00844
105	0.01696	0.01696	0.02375	0.02036	0.02036	0.02375	0.01696	0.01866	0.01187	0.01866	0.01018	0.01696	0.01018	0.01357	0.02545	0.00339	0.71332	0.00679	0.00339	0.00848
106	0.01521	0.01002	0.01236	0.01234	0.01430	0.00997	0.00893	0.13091	0.01941	0.07977	0.03731	0.53607	0.04165	0.02033	0.00933	0.00294	0.00541	0.01811	0.00750	0.00813
107	0.02783	0.02049	0.02210	0.01726	0.02299	0.02259	0.01412	0.60047	0.03468	0.04648	0.02060	0.07648	0.01632	0.01054	0.00793	0.00239	0.00820	0.00822	0.00771	0.01262
108	0.78228	0.01499	0.01140	0.01020	0.01499	0.01739	0.00840	0.02279	0.01320	0.03479	0.01080	0.01260	0.00840	0.00720	0.00480	0.00240	0.00600	0.00420	0.00480	0.00840
109	0.01052	0.00782	0.00979	0.00949	0.01135	0.00709	0.00704	0.01367	0.02058	0.02830	0.51361	0.11561	0.18198	0.01724	0.00921	0.00253	0.00378	0.01511	0.00818	0.00709
110	0.01108	0.00831	0.01246	0.01246	0.01385	0.00969	0.00969	0.01385	0.01246	0.01800	0.02077	0.03046	0.01938	0.05815	0.69678	0.01246	0.02077	0.00831	0.00415	0.00692
111	0.02037	0.01315	0.01542	0.01541	0.07962	0.01388	0.01080	0.09009	0.20114	0.11617	0.02605	0.02664	0.01946	0.00935	0.00687	0.00221	0.00573	0.00768	0.30950	0.01049
112	0.00952	0.00680	0.00906	0.01075	0.01126	0.00635	0.00720	0.01098	0.01518	0.02032	0.07240	0.69127	0.05231	0.02390	0.00986	0.00312	0.00446	0.02167	0.00726	0.00635
113	0.03092	0.14719	0.02342	0.01468	0.02084	0.01799	0.01255	0.18395	0.02446	0.40854	0.02406	0.02195	0.01604	0.00898	0.00727	0.00225	0.00738	0.00693	0.00800	0.01260
114	0.00938	0.00700	0.00873	0.01012	0.01107	0.00635	0.00690	0.01087	0.01550	0.02006	0.05099	0.57317	0.19523	0.02322	0.00973	0.00303	0.00437	0.02073	0.00720	0.00635
115	0.01696	0.01696	0.02375	0.02036	0.02036	0.02375	0.01696	0.01866	0.01187	0.01866	0.01018	0.01696	0.01018	0.01357	0.02545	0.00339	0.71332	0.00679	0.00339	0.00848
116	0.01608	0.01378	0.01608	0.01148	0.01837	0.01034	0.00919	0.01952	0.01608	0.02527	0.01378	0.01608	0.01148	0.00574	0.00574	0.00115	0.00574	0.00459	0.00459	0.77491
117	0.07453	0.02019	0.08862	0.14586	0.03124	0.01927	0.09901	0.25966	0.02461	0.13370	0.01820	0.01986	0.01275	0.00838	0.00771	0.00244	0.00927	0.00707	0.00612	0.01151
118	0.00978	0.00699	0.00938	0.01118	0.01177	0.00659	0.00778	0.01137	0.01517	0.02017	0.04255	0.65276	0.05055	0.02398	0.00999	0.00320	0.00479	0.08843	0.00719	0.00639
119	0.02072	0.65788	0.08273	0.01413	0.02097	0.05705	0.01436	0.02362	0.01605	0.01869	0.01104	0.01276	0.00994	0.00674	0.00522	0.00173	0.00873	0.00429	0.00334	0.01001
120	0.00969	0.00788	0.00858	0.00840	0.01079	0.00677	0.00630	0.01214	0.01891	0.02388	0.25090	0.06979	0.50181	0.01854	0.00916	0.00257	0.00385	0.01569	0.00759	0.00677
121	0.00990	0.00714	0.00909	0.01011	0.01094	0.00664	0.00684	0.01158	0.01599	0.02144	0.15970	0.47353	0.10412	0.09954	0.01294	0.00345	0.00463	0.01892	0.00717	0.00633
122	0.01805	0.00993	0.01195	0.01102	0.01347	0.00976	0.00845	0.07157	0.01823	0.14621	0.05881	0.04536	0.02839	0.20389	0.01628	0.00383	0.00625	0.12045	0.18996	0.00812
123	0.02565	0.01982	0.02112	0.01707	0.02259	0.02226	0.01381	0.42347	0.27250	0.04270	0.02347	0.02249	0.01712	0.00976	0.00781	0.00244	0.00763	0.00765	0.00781	0.01284
124	0.78228	0.01499	0.01140	0.01020	0.01499	0.01739	0.00840	0.02279	0.01320	0.03479	0.01080	0.01260	0.00840	0.00720	0.00480	0.00240	0.00600	0.00420	0.00480	0.00840
125	0.58225	0.01678	0.01455	0.01223	0.01740	0.01916	0.01008	0.19032	0.01938	0.03853	0.01287	0.01420	0.00967	0.00776	0.00558	0.00238	0.00667	0.00494	0.00558	0.00967
126	0.01464	0.01378	0.02326	0.70887	0.05340	0.01723	0.02153	0.01981	0.01550	0.01981	0.01378	0.02067	0.01034	0.00775	0.00775	0.00258	0.01034	0.00689	0.00345	0.00861
127	0.02073	0.73217	0.04063	0.01327	0.01990	0.03068	0.01327	0.02322	0.01575	0.01824	0.01078	0.01244	0.00995	0.00663	0.00498	0.00166	0.00829	0.00415	0.00332	0.00995
128	0.23323	0.01395	0.01641	0.01297	0.01865	0.01339	0.01071	0.05346	0.02026	0.49157	0.02495	0.02248	0.01613	0.00895	0.00700	0.00240	0.00650	0.00681	0.00826	0.01192
129	0.01767	0.01175	0.01416	0.01218	0.01548	0.01182	0.00953	0.13655	0.07751	0.10618	0.43096	0.04486	0.05216	0.01353	0.00864	0.00243	0.00508	0.01161	0.00846	0.00945
130	0.01083	0.00792	0.01016	0.00960	0.01149	0.00725	0.00720	0.01434	0.02160	0.03026	0.62601	0.05929	0.12272	0.01616	0.00915	0.00245	0.00368	0.01421	0.00843	0.00725
131	0.01352	0.01222	0.01962	0.52295	0.04220	0.01453	0.01764	0.01815	0.01686	0.02197	0.14045	0.03194	0.07659	0.01022	0.00812	0.00256	0.00858	0.00898	0.00469	0.00821
132	0.01057	0.00761	0.01000	0.01003	0.01149	0.00705	0.00728	0.01361	0.02006	0.02809	0.50704	0.23449	0.06735	0.01809	0.00934	0.00263	0.00388	0.01615	0.00818	0.00705
133	0.01347	0.00673	0.01010	0.01010	0.01010	0.00673	0.00673	0.01010	0.01010	0.01347	0.01347	0.02357	0.01347	0.02694	0.03030	0.77441	0.00673	0.00673	0.00337	0.00337
134	0.02073	0.73217	0.04063	0.01327	0.01990	0.03068	0.01327	0.02322	0.01575	0.01824	0.01078	0.01244	0.00995	0.00663	0.00498	0.00166	0.00829	0.00415	0.00332	0.00995
135	0.01012	0.00816	0.00918	0.00970	0.01207	0.00723	0.00778	0.01254	0.01772	0.02159	0.06780	0.07830	0.49510	0.02015	0.00961	0.00289	0.00485	0.19131	0.00718	0.00672
136	0.01464	0.01378	0.02326	0.70887	0.05340	0.01723	0.02153	0.01981	0.01550	0.01981	0.01378	0.02067	0.01034	0.00775	0.00775	0.00258	0.01034	0.00689	0.00345	0.00861
137	0.01929	0.01666	0.01753	0.01578	0.02016	0.01929	0.01227	0.04120	0.66513	0.03243	0.03156	0.02893	0.02367	0.01052	0.00789	0.00263	0.00614	0.00877	0.00789	0.01227
138	0.01773	0.01694	0.02884	0.25932	0.47879	0.01804	0.02307	0.02252	0.01697	0.02356	0.01433	0.01966	0.01166	0.00718	0.00770	0.00239	0.00957	0.00690	0.00371	0.01111
139	0.01924	0.02698	0.23505	0.05725	0.10176	0.08065	0.10786	0.08227	0.07180	0.02603	0.01544	0.01860	0.01189	0.00852	0.01006	0.00255	0.10204	0.00682	0.00430	0.01089
140	0.02847	0.02039	0.10701	0.01642	0.02329	0.01759	0.01489	0.29844	0.02705	0.27211	0.02191	0.02091	0.01477	0.00887	0.00755	0.00227	0.00799	0.00692	0.00758	0.07559
141	0.00986	0.00788	0.00882	0.00858	0.01090	0.00684	0.00644	0.01247	0.01931	0.02483	0.30717	0.06822	0.44494	0.01819	0.00916	0.00255	0.00382	0.01547	0.00771	0.00684
142	0.01517	0.01414	0.01953	0.01719	0.01737	0.01900	0.01381	0.01670	0.01184	0.01792	0.01412	0.02481	0.01462	0.14808	0.11514	0.00531	0.49614	0.00779	0.00373	0.00760
143	0.01137	0.00857	0.01185	0.01306	0.06640	0.00804	0.00865	0.01468	0.02029	0.02855	0.50472	0.17667	0.06414	0.01666	0.00916	0.00256	0.00427	0.01491	0.00790	0.00754
144	0.00984	0.00691	0.00888	0.01029	0.01064	0.00656	0.00666	0.01090	0.01407	0.01877	0.03879	0.57757	0.04630	0.17597	0.01627	0.00409	0.00515	0.01972	0.00666	0.00595
145	0.05889	0.02173	0.09685	0.02552	0.19810	0.02081	0.01798	0.28870	0.12958	0.03663	0.01875	0.01990	0.01404	0.00855	0.00757	0.00239	0.00853	0.00698	0.00611	0.01238
146	0.58124	0.01951	0.01616	0.01384	0.01874	0.14217	0.06243	0.02446	0.01523	0.03107	0.01142	0.01353	0.00897	0.00729	0.00556	0.00234	0.00804	0.00475	0.00458	0.00868
147	0.01696	0.01696	0.02375	0.02036	0.02036	0.02375	0.01696	0.01866	0.01187	0.01866	0.01018	0.01696	0.01018	0.01357	0.02545	0.00339	0.71332	0.00679	0.00339	0.00848
148	0.02060	0.01834	0.02664	0.10289	0.20230	0.01979	0.09976	0.15077	0.21592	0.03136	0.02053	0.02239	0.01560	0.00850	0.00796	0.00248	0.00878	0.00777	0.00578	0.01181
149	0.43322	0.04436	0.01626	0.01275	0.01748	0.01735	0.01063	0.05592	0.01664	0.20564	0.01635	0.01702	0.01175	0.00861	0.00801	0.00247	0.08400	0.00557	0.00600	0.00997
150	0.02340	0.01574	0.01765	0.01525	0.02006	0.01719	0.01204	0.04029	0.49430	0.20570	0.03130	0.02825	0.02248	0.01027	0.00787	0.00257	0.00626	0.00851	0.00834	0.01252
151	0.00974	0.00788	0.00866	0.00846	0.01083	0.00679	0.00635	0.01225	0.01904	0.02418	0.26893	0.06929	0.48359	0.01843	0.00916	0.00256	0.00384	0.01562	0.00763	0.00679
152	0.01708	0.01255	0.01544	0.01487	0.01755	0.01348	0.01244	0.18498	0.02179	0.02891	0.03182	0.06183	0.03285	0.09533	0.01377	0.00366	0.04069	0.36555	0.00686	0.00854
153	0.02947	0.02172	0.02327	0.01784	0.02404	0.02404	0.01474	0.65329	0.03646	0.04887	0.01862	0.01862	0.01319	0.00931	0.00776	0.00233	0.00853	0.00698	0.00776	0.01319
154	0.00935	0.00712	0.00862	0.00981	0.01099	0.00638	0.00676	0.01091	0.01579	0.02018	0.05470	0.50599	0.26001	0.02274	0.00965	0.00297	0.00431	0.02015	0.00720	0.00638
155	0.01798	0.01196	0.01687	0.01434	0.01769	0.03242	0.09214	0.05715	0.01996	0.15113	0.18175	0.21743	0.03887	0.01446	0.00860	0.00257	0.00627	0.01303	0.07644	0.00895
156	0.02078	0.01474	0.01707	0.01515	0.01920	0.01555	0.01272	0.30187	0.02637	0.06548	0.03463	0.05236	0.09865	0.01525	0.00908	0.00285	0.00739	0.25328	0.00754	0.01007
157	0.01824	0.02073	0.04472	0.03210	0.03958	0.01980	0.62123	0.02455	0.01800	0.02455	0.01543	0.02073	0.01169	0.00687	0.00991	0.00265	0.04593	0.00904	0.00390	0.01036
158	0.02917	0.02268	0.02230	0.06251	0.02534	0.13951	0.01475	0.41715	0.03057	0.13065	0.01882	0.01903	0.01328	0.00902	0.00763	0.00230	0.00933	0.00674	0.00708	0.01216
159	0.01774	0.01379	0.01373	0.01227	0.01552	0.08584	0.00942	0.12533	0.02237	0.09283	0.18727	0.13407	0.20811	0.01537	0.00864	0.00251	0.00609	0.01289	0.00748	0.00873
160	0.01555	0.04011	0.68733	0.02210	0.03356	0.01801	0.02865	0.02455	0.01637	0.02455	0.01391	0.01637	0.00982	0.00737	0.00737	0.00246	0.01146	0.00573	0.00327	0.01146
161	0.01608	0.01378	0.01608	0.01148	0.01837	0.01034	0.00919	0.01952	0.01608	0.02527	0.01378	0.01608	0.01148	0.00574	0.00574	0.00115	0.00574	0.00459	0.00459	0.77491
162	0.01813	0.02040	0.04289	0.03108	0.03790	0.02015	0.56866	0.02403	0.01747	0.02403	0.01497	0.02040	0.01156	0.00745	0.01127	0.00272	0.10400	0.00884	0.00385	0.01020
163	0.01005	0.00759	0.00928	0.00949	0.01118	0.00682	0.00688	0.01261	0.01884	0.02518	0.33613	0.23927	0.24007	0.01918	0.00935	0.00268	0.00396	0.01682	0.00780	0.00682
164	0.00973	0.00788	0.00865	0.00845	0.01082	0.00679	0.00634	0.01223	0.01902	0.02415	0.26669	0.06935	0.48585	0.01844	0.00916	0.00256	0.00384	0.01563	0.00762	0.00679
165	0.02880	0.02138	0.02289	0.01770	0.02379	0.02373	0.01457	0.61272	0.07813	0.04778	0.01947	0.01930	0.01388	0.00939	0.00777	0.00235	0.00837	0.00710	0.00777	0.01313
166	0.78228	0.01499	0.01140	0.01020	0.01499	0.01739	0.00840	0.02279	0.01320	0.03479	0.01080	0.01260	0.00840	0.00720	0.00480	0.00240	0.00600	0.00420	0.00480	0.00840
167	0.02947	0.02172	0.02327	0.01784	0.02404	0.02404	0.01474	0.65329	0.03646	0.04887	0.01862	0.01862	0.01319	0.00931	0.00776	0.00233	0.00853	0.00698	0.00776	0.01319
168	0.01821	0.01665	0.03353	0.02491	0.03072	0.01589	0.40998	0.02313	0.01708	0.09518	0.01897	0.02572	0.01533	0.07561	0.13767	0.00480	0.01332	0.00902	0.00465	0.00964
169	0.02073	0.73217	0.04063	0.01327	0.01990	0.03068	0.01327	0.02322	0.01575	0.01824	0.01078	0.01244	0.00995	0.00663	0.00498	0.00166	0.00829	0.00415	0.00332	0.00995
170	0.01934	0.01955	0.02861	0.16479	0.46548	0.09283	0.02213	0.02364	0.01750	0.02335	0.01397	0.01880	0.01159	0.00745	0.00834	0.00237	0.03872	0.00669	0.00376	0.01109
171	0.01643	0.01341	0.01542	0.01515	0.01844	0.01494	0.01237	0.03065	0.39335	0.02856	0.03554	0.05351	0.03247	0.01510	0.00907	0.00302	0.00656	0.26834	0.00757	0.01012
172	0.01017	0.00789	0.00924	0.00891	0.01109	0.00697	0.00668	0.01307	0.02004	0.02657	0.40901	0.06537	0.34202	0.01754	0.00915	0.00252	0.00378	0.01507	0.00794	0.00697
173	0.01502	0.01416	0.02393	0.65451	0.10484	0.01732	0.02172	0.02014	0.01568	0.02026	0.01385	0.02055	0.01050	0.00768	0.00775	0.00256	0.01024	0.00689	0.00348	0.00891
174	0.01180	0.00862	0.01037	0.01132	0.01264	0.00878	0.00793	0.01717	0.13433	0.02311	0.03877	0.51907	0.04277	0.02009	0.00904	0.00291	0.00470	0.01798	0.09110	0.00750
175	0.01347	0.00673	0.01010	0.01010	0.01010	0.00673	0.00673	0.01010	0.01010	0.01347	0.01347	0.02357	0.01347	0.02694	0.03030	0.77441	0.00673	0.00673	0.00337	0.00337
176	0.02073	0.73217	0.04063	0.01327	0.01990	0.03068	0.01327	0.02322	0.01575	0.01824	0.01078	0.01244	0.00995	0.00663	0.00498	0.00166	0.00829	0.00415	0.00332	0.00995
177	0.00937	0.00704	0.00869	0.01001	0.01104	0.00636	0.00685	0.01088	0.01560	0.02010	0.05225	0.55031	0.21727	0.02305	0.00970	0.00301	0.00435	0.02053	0.00720	0.00636
178	0.02183	0.01704	0.01610	0.01389	0.01790	0.13591	0.01084	0.10727	0.10675	0.15093	0.17921	0.03780	0.12712	0.01230	0.00817	0.00239	0.00706	0.01000	0.00753	0.00999
179	0.03165	0.01761	0.01853	0.01514	0.02047	0.13543	0.01225	0.05542	0.04477	0.48035	0.02752	0.02775	0.01906	0.01006	0.00783	0.00240	0.00801	0.04539	0.00832	0.01203
180	0.78228	0.01499	0.01140	0.01020	0.01499	0.01739	0.00840	0.02279	0.01320	0.03479	0.01080	0.01260	0.00840	0.00720	0.00480	0.00240	0.00600	0.00420	0.00480	0.00840
