[name]
unknown

[dist]
# distance from previous block
# <min> <max>
0	333

[block]
# block no. 0 follows, 31 sequences, length 10
# corresponding to MSA columns:
# 369-378
name=unknown_A
#
# <colnr> <probs for GDERKNQSTAVLIFYWHMCP>
#	G	D	E	R	K	N	Q	S	T	A	V	L	I	F	Y	W	H	M	C	P
0	0.00984	0.00714	0.00918	0.00971	0.01097	0.00681	0.00715	0.04080	0.01642	0.02224	0.25941	0.37658	0.08568	0.01791	0.00848	0.00256	0.00412	0.09202	0.00675	0.00621
1	0.01886	0.53588	0.13187	0.01382	0.01989	0.14434	0.01391	0.02181	0.01490	0.01700	0.01009	0.01170	0.00877	0.00615	0.00499	0.00161	0.00856	0.00398	0.00302	0.00883
2	0.07032	0.01628	0.09657	0.01267	0.01883	0.01302	0.01139	0.16461	0.01879	0.14612	0.01543	0.01604	0.01127	0.00656	0.00586	0.00162	0.00631	0.00507	0.00528	0.35794
3	0.01074	0.01291	0.16206	0.01051	0.01285	0.00887	0.00927	0.01277	0.01105	0.01541	0.01914	0.03591	0.02037	0.50507	0.11987	0.00624	0.00891	0.00855	0.00381	0.00568
4	0.01824	0.00799	0.00928	0.00815	0.01088	0.00750	0.00640	0.02126	0.01595	0.23849	0.02375	0.02483	0.01735	0.00812	0.00542	0.00175	0.00399	0.00653	0.55612	0.00799
5	0.00972	0.00719	0.00964	0.00976	0.01053	0.00763	0.00698	0.01145	0.01308	0.01825	0.17283	0.21870	0.03558	0.18243	0.20812	0.00566	0.04958	0.01194	0.00524	0.00571
6	0.01445	0.01854	0.17430	0.35017	0.27006	0.01571	0.02103	0.01957	0.01449	0.02003	0.01243	0.01698	0.00960	0.00651	0.00674	0.00217	0.00900	0.00586	0.00312	0.00924
7	0.01545	0.01710	0.03610	0.18246	0.03820	0.01685	0.54729	0.02096	0.01562	0.02096	0.01348	0.01841	0.01011	0.00600	0.00781	0.00230	0.01101	0.00764	0.00337	0.00888
8	0.00991	0.00678	0.00822	0.00822	0.00848	0.00705	0.00509	0.01044	0.01017	0.01383	0.02086	0.04092	0.02320	0.60724	0.18486	0.00757	0.00915	0.00939	0.00404	0.00457
9	0.01426	0.31578	0.09624	0.01302	0.01739	0.01692	0.08614	0.01703	0.01392	0.01805	0.09341	0.06592	0.02072	0.16980	0.01222	0.00289	0.00728	0.00751	0.00395	0.00753

[dist]
# distance from previous block
# <min> <max>
7	18

[block]
# block no. 1 follows, 31 sequences, length 14
# corresponding to MSA columns:
# 405-411,416-422
name=unknown_B
#
# <colnr> <probs for GDERKNQSTAVLIFYWHMCP>
#	G	D	E	R	K	N	Q	S	T	A	V	L	I	F	Y	W	H	M	C	P
0	0.12594	0.05291	0.01580	0.05349	0.01835	0.11267	0.00954	0.01922	0.01452	0.02209	0.01144	0.01357	0.00944	0.00566	0.00517	0.00137	0.00647	0.00415	0.00389	0.49431
1	0.01112	0.00731	0.00957	0.00968	0.01137	0.00739	0.00764	0.01374	0.01443	0.05238	0.10911	0.07600	0.12535	0.02647	0.24172	0.00514	0.00881	0.12367	0.13267	0.00641
2	0.01944	0.20021	0.11450	0.01423	0.02019	0.01968	0.01329	0.24044	0.14392	0.02856	0.01573	0.01620	0.01203	0.00722	0.00600	0.00184	0.00713	0.00543	0.00505	0.10891
3	0.01600	0.01486	0.02314	0.03114	0.47816	0.01382	0.01660	0.01971	0.01510	0.02233	0.01263	0.01600	0.01060	0.00575	0.00619	0.00168	0.00708	0.00540	0.00361	0.28019
4	0.01628	0.09309	0.32369	0.01945	0.08910	0.07448	0.07577	0.02133	0.01512	0.07303	0.01646	0.01941	0.04241	0.03923	0.04963	0.00276	0.00969	0.00611	0.00371	0.00926
5	0.06830	0.07838	0.28385	0.01708	0.04326	0.01591	0.06780	0.06078	0.06692	0.05062	0.01940	0.05357	0.05782	0.00888	0.00767	0.00224	0.05349	0.03051	0.00430	0.00922
6	0.00995	0.00663	0.00746	0.00746	0.00746	0.00663	0.00415	0.00995	0.00995	0.01327	0.02156	0.04477	0.02487	0.75957	0.03482	0.00663	0.00663	0.00995	0.00415	0.00415
7	0.00884	0.00647	0.00843	0.00980	0.01069	0.00605	0.00714	0.01050	0.01396	0.01821	0.04162	0.52671	0.13324	0.02038	0.00879	0.00279	0.00437	0.14994	0.00634	0.00574
8	0.01769	0.11329	0.21243	0.06771	0.25207	0.07403	0.06883	0.02241	0.01561	0.07363	0.01322	0.01585	0.01018	0.00645	0.00647	0.00202	0.00902	0.00559	0.00358	0.00992
9	0.01703	0.02147	0.16712	0.05032	0.36188	0.08279	0.08537	0.05510	0.01633	0.02226	0.01304	0.01662	0.01045	0.00844	0.04013	0.00248	0.00972	0.00598	0.00348	0.01000
10	0.00916	0.00667	0.00861	0.00876	0.01006	0.00613	0.00633	0.01165	0.01719	0.02375	0.46061	0.26467	0.10794	0.01649	0.00827	0.00235	0.00347	0.01466	0.00709	0.00613
11	0.01991	0.02323	0.01973	0.18561	0.02642	0.39813	0.03966	0.02255	0.01667	0.01782	0.03739	0.01621	0.01137	0.00784	0.00837	0.00206	0.09909	0.00549	0.03472	0.00773
12	0.01787	0.08702	0.35514	0.01896	0.07681	0.08378	0.01898	0.12204	0.01789	0.05469	0.04564	0.01656	0.01226	0.00736	0.00705	0.00207	0.03639	0.00558	0.00404	0.00988
13	0.01073	0.00850	0.01199	0.08573	0.01567	0.00895	0.03970	0.03761	0.01397	0.01885	0.05794	0.21526	0.12887	0.09957	0.13660	0.00438	0.03121	0.02853	0.03967	0.00629

[dist]
# distance from previous block
# <min> <max>
1	6

[block]
# block no. 2 follows, 31 sequences, length 31
# corresponding to MSA columns:
# 429-459
name=unknown_C
#
# <colnr> <probs for GDERKNQSTAVLIFYWHMCP>
#	G	D	E	R	K	N	Q	S	T	A	V	L	I	F	Y	W	H	M	C	P
0	0.14695	0.01090	0.01212	0.01020	0.01401	0.01054	0.00811	0.07584	0.01644	0.17093	0.02984	0.09157	0.16165	0.01176	0.02615	0.00228	0.02503	0.00850	0.03855	0.12862
1	0.01459	0.02255	0.30389	0.02639	0.29708	0.01467	0.01996	0.02077	0.04890	0.02277	0.08479	0.02113	0.03660	0.00750	0.00680	0.00209	0.00808	0.00658	0.00388	0.03096
2	0.00913	0.00630	0.00822	0.00914	0.00968	0.00599	0.00617	0.01025	0.01335	0.01801	0.13163	0.46052	0.04241	0.14508	0.01413	0.05002	0.00453	0.04416	0.00595	0.00533
3	0.01343	0.00952	0.01299	0.10649	0.06556	0.00965	0.00961	0.04223	0.05259	0.08768	0.33604	0.06012	0.06877	0.08330	0.01019	0.00262	0.00520	0.01022	0.00628	0.00752
4	0.01707	0.46904	0.12385	0.01368	0.02019	0.02172	0.05599	0.03973	0.01469	0.01905	0.01081	0.01262	0.00918	0.00587	0.00509	0.00155	0.00758	0.00426	0.00326	0.14477
5	0.80789	0.01323	0.01006	0.00900	0.01323	0.01535	0.00741	0.02011	0.01164	0.03070	0.00953	0.01111	0.00741	0.00635	0.00423	0.00212	0.00529	0.00370	0.00423	0.00741
6	0.00977	0.00733	0.01100	0.01100	0.01222	0.00855	0.00855	0.01222	0.01100	0.01588	0.01833	0.02688	0.01710	0.05131	0.73245	0.01100	0.01833	0.00733	0.00367	0.00611
7	0.02991	0.01208	0.01605	0.01239	0.01763	0.01081	0.01021	0.06054	0.04968	0.66389	0.02659	0.02310	0.01689	0.00849	0.00688	0.00212	0.00587	0.00689	0.00834	0.01161
8	0.06968	0.11088	0.04713	0.01186	0.01741	0.01436	0.01030	0.09021	0.01561	0.02380	0.01185	0.01388	0.00978	0.00620	0.00655	0.00146	0.06454	0.00440	0.00409	0.46601
9	0.00995	0.00663	0.00746	0.00746	0.00746	0.00663	0.00415	0.00995	0.00995	0.01327	0.02156	0.04477	0.02487	0.75957	0.03482	0.00663	0.00663	0.00995	0.00415	0.00415
10	0.01275	0.00638	0.00638	0.00638	0.00797	0.00638	0.00478	0.01594	0.01435	0.02551	0.02232	0.02551	0.01754	0.00797	0.00478	0.00159	0.00319	0.00638	0.79755	0.00638
11	0.01642	0.01573	0.02684	0.13158	0.63131	0.01612	0.02074	0.02055	0.01534	0.02173	0.01278	0.01710	0.01062	0.00619	0.00678	0.00206	0.00825	0.00609	0.00334	0.01042
12	0.01497	0.01497	0.02095	0.01796	0.01796	0.02095	0.01497	0.01646	0.01048	0.01646	0.00898	0.01497	0.00898	0.01197	0.02245	0.00299	0.74704	0.00599	0.00299	0.00748
13	0.00839	0.00653	0.00765	0.00837	0.00976	0.00579	0.00597	0.01003	0.01474	0.01870	0.09864	0.37317	0.35085	0.01898	0.00841	0.00253	0.00376	0.03556	0.00643	0.00574
14	0.00981	0.00669	0.00779	0.00784	0.00806	0.00675	0.00468	0.01015	0.01037	0.01385	0.02369	0.06479	0.05318	0.63943	0.09975	0.00676	0.00754	0.01016	0.00426	0.00444
15	0.00883	0.00692	0.00799	0.00781	0.00972	0.00608	0.00582	0.01123	0.01722	0.02255	0.36347	0.08753	0.38847	0.01596	0.00810	0.00226	0.00338	0.01370	0.00689	0.00608
16	0.01520	0.03818	0.19931	0.05461	0.13851	0.01285	0.01537	0.01971	0.01466	0.04842	0.01281	0.01518	0.01005	0.00584	0.00586	0.00160	0.00716	0.00485	0.00373	0.37611
17	0.02458	0.03061	0.01840	0.01677	0.02015	0.67677	0.01258	0.02645	0.01900	0.01741	0.01147	0.01334	0.00948	0.00712	0.00606	0.00175	0.01164	0.00456	0.06407	0.00781
18	0.01027	0.00708	0.00811	0.00780	0.00831	0.00689	0.00461	0.01059	0.01031	0.01405	0.02072	0.04177	0.02346	0.67539	0.05880	0.00637	0.00695	0.00940	0.00412	0.06501
19	0.01633	0.01297	0.01434	0.01292	0.01638	0.01461	0.01005	0.03134	0.52406	0.06801	0.11465	0.02877	0.02594	0.01304	0.06241	0.00295	0.00614	0.00825	0.00687	0.00996
20	0.17289	0.19627	0.23018	0.03908	0.04068	0.04809	0.03510	0.07272	0.03664	0.02371	0.01187	0.01368	0.00923	0.00648	0.00560	0.00193	0.00802	0.00471	0.00369	0.03941
21	0.02644	0.01092	0.01449	0.01156	0.01604	0.00973	0.00936	0.05644	0.01929	0.55617	0.06975	0.08066	0.02187	0.00976	0.00697	0.00214	0.00544	0.00812	0.05431	0.01055
22	0.01345	0.01190	0.01731	0.08354	0.15574	0.01256	0.05886	0.02099	0.20627	0.02244	0.06661	0.23005	0.04698	0.01212	0.00759	0.00238	0.00611	0.01104	0.00551	0.00855
23	0.01615	0.01144	0.01511	0.01385	0.07425	0.01069	0.04737	0.08396	0.05212	0.10614	0.12679	0.05793	0.07661	0.00942	0.00665	0.00188	0.00535	0.00814	0.10578	0.17038
24	0.32572	0.06215	0.10193	0.01347	0.01893	0.06021	0.01226	0.27571	0.02033	0.03266	0.01253	0.01359	0.00932	0.00709	0.00562	0.00204	0.00725	0.00483	0.00494	0.00944
25	0.01905	0.01150	0.01352	0.01136	0.01490	0.01160	0.00893	0.15350	0.10219	0.20931	0.11077	0.03411	0.12847	0.08171	0.05484	0.00313	0.00630	0.00894	0.00685	0.00902
26	0.00857	0.00658	0.00785	0.00831	0.00974	0.00586	0.00594	0.01046	0.01558	0.02029	0.21487	0.32052	0.30470	0.01805	0.00832	0.00245	0.00360	0.01581	0.00664	0.00586
27	0.01440	0.02131	0.28842	0.04584	0.06174	0.01284	0.01605	0.05820	0.01532	0.02274	0.01426	0.06584	0.01208	0.00706	0.00614	0.00175	0.00741	0.00582	0.00385	0.31894
28	0.00809	0.00693	0.00693	0.00693	0.00924	0.00578	0.00520	0.00982	0.01559	0.01848	0.06931	0.06584	0.71411	0.01733	0.00809	0.00231	0.00347	0.01444	0.00635	0.00578
29	0.01858	0.02007	0.07033	0.01513	0.01940	0.16866	0.01244	0.03332	0.50654	0.02557	0.02299	0.02188	0.01739	0.00860	0.00676	0.00219	0.00724	0.00682	0.00592	0.01016
30	0.01854	0.15677	0.13260	0.03724	0.02041	0.13457	0.01321	0.06933	0.01667	0.08197	0.03189	0.01635	0.01206	0.01011	0.06123	0.00241	0.00882	0.00513	0.00419	0.16653

[dist]
# distance from previous block
# <min> <max>
0	16

[block]
# block no. 3 follows, 31 sequences, length 29
# corresponding to MSA columns:
# 476-483,486-506
name=unknown_D
#
# <colnr> <probs for GDERKNQSTAVLIFYWHMCP>
#	G	D	E	R	K	N	Q	S	T	A	V	L	I	F	Y	W	H	M	C	P
0	0.01703	0.21586	0.35045	0.02045	0.12278	0.12188	0.01951	0.02209	0.01518	0.01965	0.01142	0.01362	0.00902	0.00636	0.00596	0.00191	0.00945	0.00476	0.00306	0.00956
1	0.02308	0.02854	0.01910	0.01915	0.08878	0.59347	0.01329	0.02504	0.01854	0.01741	0.01482	0.04989	0.04383	0.00811	0.00644	0.00186	0.01112	0.00574	0.00378	0.00801
2	0.01309	0.01973	0.27070	0.17505	0.07343	0.01328	0.04900	0.03988	0.01526	0.02140	0.06063	0.09586	0.05419	0.00945	0.00708	0.00226	0.00799	0.02606	0.03717	0.00847
3	0.04169	0.05259	0.02091	0.06116	0.08291	0.03847	0.05883	0.07177	0.03373	0.03980	0.01533	0.10955	0.01459	0.01049	0.01252	0.00244	0.27591	0.00760	0.00415	0.04556
4	0.01077	0.00879	0.01241	0.01457	0.10695	0.00875	0.00931	0.01275	0.01324	0.01837	0.02875	0.37717	0.06146	0.04395	0.09293	0.00357	0.05122	0.03487	0.00514	0.08503
5	0.00836	0.00649	0.00761	0.00828	0.00965	0.00574	0.00585	0.00999	0.01483	0.01890	0.11850	0.37845	0.34520	0.01887	0.00838	0.00251	0.00367	0.01652	0.00647	0.00574
6	0.01461	0.01421	0.02545	0.29633	0.29006	0.01527	0.12675	0.01898	0.01451	0.01984	0.01330	0.01864	0.01075	0.01078	0.07867	0.00305	0.01005	0.00653	0.00330	0.00891
7	0.02170	0.01702	0.01811	0.01487	0.01958	0.01921	0.01196	0.37923	0.35402	0.03618	0.02189	0.02078	0.01606	0.00872	0.00690	0.00218	0.00652	0.00691	0.00690	0.01125
8	0.55752	0.25119	0.01823	0.00986	0.01460	0.01906	0.00877	0.02023	0.01236	0.02607	0.00952	0.01107	0.00784	0.00619	0.00428	0.00191	0.00593	0.00369	0.00382	0.00784
9	0.00977	0.00733	0.01100	0.01100	0.01222	0.00855	0.00855	0.01222	0.01100	0.01588	0.01833	0.02688	0.01710	0.05131	0.73245	0.01100	0.01833	0.00733	0.00367	0.00611
10	0.00955	0.00981	0.07579	0.01062	0.04114	0.00734	0.00837	0.01235	0.01625	0.02168	0.26685	0.18601	0.27772	0.01554	0.00800	0.00232	0.00430	0.01349	0.00629	0.00657
11	0.02820	0.01437	0.01776	0.04690	0.02017	0.01431	0.01153	0.27035	0.02384	0.44529	0.02251	0.02059	0.01467	0.00830	0.00687	0.00210	0.00659	0.00658	0.00764	0.01146
12	0.01292	0.01216	0.02052	0.74312	0.04712	0.01520	0.01900	0.01748	0.01368	0.01748	0.01216	0.01824	0.00912	0.00684	0.00684	0.00228	0.00912	0.00608	0.00304	0.00760
13	0.01547	0.01369	0.01931	0.43873	0.05963	0.01633	0.01614	0.08636	0.21616	0.02328	0.01714	0.02014	0.01283	0.00765	0.00687	0.00226	0.00786	0.00657	0.00455	0.00903
14	0.01747	0.16615	0.17407	0.01786	0.11851	0.01685	0.01508	0.07262	0.08423	0.06679	0.01456	0.01585	0.01125	0.00654	0.00592	0.00177	0.00729	0.00518	0.00426	0.17778
15	0.01902	0.02508	0.21792	0.05929	0.10369	0.17178	0.01733	0.12334	0.14836	0.02489	0.01551	0.01686	0.01171	0.00737	0.00662	0.00208	0.00905	0.00576	0.00444	0.00994
16	0.01372	0.03539	0.72412	0.01950	0.02961	0.01589	0.02528	0.02167	0.01444	0.02167	0.01228	0.01444	0.00867	0.00650	0.00650	0.00217	0.01011	0.00506	0.00289	0.01011
17	0.00840	0.00607	0.00796	0.00932	0.00990	0.00562	0.00629	0.00975	0.01362	0.01814	0.08117	0.67313	0.08382	0.02074	0.00866	0.00271	0.00390	0.01873	0.00642	0.00562
18	0.01530	0.01213	0.01430	0.01027	0.01630	0.00918	0.00824	0.01831	0.01455	0.06929	0.01316	0.01480	0.01059	0.00530	0.00519	0.00109	0.00512	0.00424	0.00435	0.74832
19	0.00968	0.00699	0.00914	0.00861	0.01022	0.00646	0.00646	0.01291	0.01937	0.02743	0.71328	0.05110	0.06455	0.01399	0.00807	0.00215	0.00323	0.01237	0.00753	0.00646
20	0.00834	0.00595	0.00794	0.00953	0.00992	0.00556	0.00635	0.00953	0.01310	0.01746	0.03771	0.75510	0.04525	0.02143	0.00873	0.00278	0.00397	0.01945	0.00635	0.00556
21	0.01756	0.01359	0.01539	0.01276	0.01664	0.01457	0.03808	0.26461	0.18173	0.03142	0.09746	0.03142	0.14074	0.01048	0.00707	0.00214	0.00567	0.00867	0.08066	0.00933
22	0.01292	0.01216	0.02052	0.74312	0.04712	0.01520	0.01900	0.01748	0.01368	0.01748	0.01216	0.01824	0.00912	0.00684	0.00684	0.00228	0.00912	0.00608	0.00304	0.00760
23	0.01168	0.00608	0.00912	0.00912	0.00924	0.00620	0.00620	0.00924	0.00912	0.01228	0.01252	0.02140	0.01240	0.02649	0.09643	0.72294	0.00716	0.00608	0.00304	0.00328
24	0.00939	0.00670	0.00778	0.00781	0.00863	0.00633	0.00506	0.01054	0.01337	0.01775	0.18420	0.11722	0.16411	0.38728	0.02148	0.00448	0.00504	0.01222	0.00551	0.00509
25	0.01784	0.01466	0.01816	0.10010	0.09049	0.01414	0.01211	0.21982	0.01964	0.02796	0.01350	0.01560	0.01053	0.00631	0.00597	0.00157	0.00658	0.00512	0.00470	0.39519
26	0.04186	0.01275	0.01967	0.17034	0.25719	0.01310	0.01537	0.04157	0.01629	0.17715	0.02017	0.08046	0.01733	0.00933	0.00716	0.00228	0.00721	0.07625	0.00510	0.00941
27	0.05482	0.10502	0.09174	0.04125	0.14135	0.07580	0.01501	0.19177	0.01994	0.14164	0.01512	0.01626	0.01115	0.00741	0.00707	0.00203	0.04176	0.00562	0.00501	0.01023
28	0.01764	0.39779	0.02562	0.01319	0.04825	0.01977	0.01109	0.07693	0.03261	0.07020	0.03832	0.08454	0.01605	0.01171	0.06099	0.00252	0.02954	0.00648	0.02807	0.00869

[dist]
# distance from previous block
# <min> <max>
3	7

[block]
# block no. 4 follows, 31 sequences, length 27
# corresponding to MSA columns:
# 514-517,520-542
name=unknown_E
#
# <colnr> <probs for GDERKNQSTAVLIFYWHMCP>
#	G	D	E	R	K	N	Q	S	T	A	V	L	I	F	Y	W	H	M	C	P
0	0.01229	0.00993	0.00966	0.00979	0.01161	0.08677	0.00710	0.01479	0.04366	0.06075	0.07880	0.32518	0.20684	0.01601	0.00774	0.00236	0.00483	0.01382	0.07150	0.00657
1	0.10795	0.01254	0.04401	0.01784	0.17481	0.01204	0.01175	0.04117	0.07250	0.02400	0.06168	0.07248	0.10065	0.01063	0.00721	0.00220	0.02379	0.07743	0.07043	0.05490
2	0.01454	0.01560	0.08686	0.28431	0.24640	0.01415	0.01763	0.01890	0.01446	0.02052	0.01239	0.01652	0.00985	0.00616	0.00637	0.00189	0.00794	0.00551	0.00337	0.19661
3	0.09238	0.01234	0.01577	0.01219	0.01741	0.01133	0.01007	0.08263	0.01991	0.61477	0.02479	0.02179	0.01577	0.00828	0.00667	0.00211	0.00591	0.00657	0.00801	0.01130
4	0.01805	0.05622	0.08376	0.11146	0.37176	0.04302	0.03758	0.04192	0.01618	0.10019	0.01522	0.04744	0.01238	0.00719	0.00674	0.00208	0.00818	0.00651	0.00408	0.01004
5	0.00982	0.00714	0.01003	0.01003	0.01092	0.00803	0.00735	0.01160	0.01071	0.01517	0.01921	0.03176	0.01922	0.24446	0.54220	0.00981	0.01514	0.00804	0.00380	0.00557
6	0.00831	0.00603	0.00786	0.00931	0.00987	0.00557	0.00626	0.00955	0.01330	0.01755	0.04031	0.69826	0.10040	0.02110	0.00868	0.00274	0.00393	0.01904	0.00635	0.00557
7	0.01829	0.76368	0.03585	0.01171	0.01756	0.02707	0.01171	0.02049	0.01390	0.01610	0.00951	0.01097	0.00878	0.00585	0.00439	0.00146	0.00732	0.00366	0.00293	0.00878
8	0.00891	0.00644	0.00781	0.00846	0.00966	0.00586	0.00597	0.01082	0.01508	0.02041	0.18187	0.38590	0.20740	0.01782	0.00812	0.00244	0.00363	0.01572	0.07183	0.00586
9	0.00809	0.00693	0.00693	0.00693	0.00924	0.00578	0.00520	0.00982	0.01559	0.01848	0.06931	0.06584	0.71411	0.01733	0.00809	0.00231	0.00347	0.01444	0.00635	0.00578
10	0.00834	0.00595	0.00794	0.00953	0.00992	0.00556	0.00635	0.00953	0.01310	0.01746	0.03771	0.75510	0.04525	0.02143	0.00873	0.00278	0.00397	0.01945	0.00635	0.00556
11	0.00977	0.00733	0.01100	0.01100	0.01222	0.00855	0.00855	0.01222	0.01100	0.01588	0.01833	0.02688	0.01710	0.05131	0.73245	0.01100	0.01833	0.00733	0.00367	0.00611
12	0.02601	0.01916	0.02053	0.01574	0.02122	0.02122	0.01300	0.69408	0.03217	0.04312	0.01643	0.01643	0.01163	0.00821	0.00684	0.00205	0.00753	0.00616	0.00684	0.01163
13	0.01383	0.01308	0.02216	0.58490	0.19827	0.01544	0.01945	0.01827	0.01411	0.01858	0.01232	0.01794	0.00951	0.00667	0.00682	0.00222	0.00890	0.00608	0.00312	0.00833
14	0.01363	0.07103	0.62926	0.01819	0.02738	0.01569	0.02302	0.02088	0.01482	0.02185	0.06994	0.01729	0.01328	0.00708	0.00652	0.00213	0.00940	0.00559	0.00327	0.00974
15	0.01615	0.01845	0.04037	0.02884	0.03576	0.01730	0.69204	0.02191	0.01615	0.02191	0.01384	0.01845	0.01038	0.00577	0.00807	0.00231	0.01153	0.00807	0.00346	0.00923
16	0.00965	0.00688	0.00780	0.00785	0.00970	0.00624	0.00598	0.01215	0.01630	0.02234	0.23037	0.08151	0.32682	0.01495	0.00760	0.00222	0.00360	0.06668	0.15525	0.00611
17	0.01665	0.01939	0.29000	0.01332	0.01952	0.01094	0.01442	0.02107	0.01627	0.21749	0.03510	0.03377	0.24207	0.01060	0.00713	0.00220	0.00673	0.00864	0.00559	0.00912
18	0.01693	0.01626	0.02777	0.04199	0.71689	0.01626	0.02100	0.02100	0.01558	0.02235	0.01287	0.01693	0.01084	0.00610	0.00677	0.00203	0.00813	0.00610	0.00339	0.01084
19	0.01372	0.03539	0.72412	0.01950	0.02961	0.01589	0.02528	0.02167	0.01444	0.02167	0.01228	0.01444	0.00867	0.00650	0.00650	0.00217	0.01011	0.00506	0.00289	0.01011
20	0.04449	0.02153	0.04501	0.05481	0.06158	0.29013	0.01319	0.11134	0.03914	0.08316	0.01621	0.01830	0.03369	0.01279	0.08857	0.00302	0.04388	0.00586	0.00454	0.00876
21	0.02065	0.07067	0.14866	0.07548	0.11620	0.06926	0.07127	0.07588	0.03714	0.19958	0.01827	0.01917	0.03198	0.00743	0.00670	0.00208	0.00826	0.00626	0.00499	0.01009
22	0.02571	0.01395	0.10159	0.01240	0.01790	0.01022	0.01130	0.02889	0.01844	0.54554	0.03062	0.02766	0.10540	0.00936	0.00699	0.00215	0.00605	0.00763	0.00751	0.01070
23	0.01296	0.01338	0.10038	0.10110	0.02072	0.01192	0.01346	0.02085	0.18818	0.02217	0.02838	0.08017	0.02762	0.01364	0.00812	0.00270	0.00678	0.31379	0.00566	0.00803
24	0.06163	0.04672	0.02271	0.02275	0.17646	0.25859	0.07253	0.06396	0.06685	0.03913	0.01388	0.01734	0.01146	0.00766	0.00786	0.00209	0.07025	0.02488	0.00411	0.00913
25	0.08999	0.01844	0.16127	0.01652	0.08837	0.07093	0.01392	0.05957	0.11484	0.06572	0.01995	0.04828	0.01683	0.00913	0.00659	0.00219	0.00712	0.08008	0.10126	0.00901
26	0.09034	0.10841	0.01833	0.01393	0.04508	0.01520	0.05521	0.07229	0.13621	0.06519	0.07231	0.02743	0.07091	0.05170	0.03058	0.00267	0.05371	0.02609	0.03587	0.00854

[dist]
# distance from previous block
# <min> <max>
2	10

[block]
# block no. 5 follows, 31 sequences, length 61
# corresponding to MSA columns:
# 553-613
name=unknown_F
#
# <colnr> <probs for GDERKNQSTAVLIFYWHMCP>
#	G	D	E	R	K	N	Q	S	T	A	V	L	I	F	Y	W	H	M	C	P
0	0.01494	0.05921	0.15264	0.01966	0.16396	0.03698	0.01492	0.04330	0.05405	0.02219	0.06597	0.09808	0.01816	0.00891	0.00773	0.00202	0.06041	0.00734	0.00430	0.14524
1	0.01893	0.03975	0.03566	0.01391	0.03551	0.05393	0.01112	0.20438	0.09192	0.09419	0.04042	0.02291	0.01645	0.03739	0.14523	0.00380	0.00908	0.02491	0.00553	0.09500
2	0.02041	0.25983	0.10880	0.01527	0.03922	0.13823	0.03319	0.07217	0.04755	0.12150	0.01616	0.07004	0.01350	0.00799	0.00609	0.00191	0.00811	0.00614	0.00456	0.00934
3	0.01429	0.01030	0.01279	0.01114	0.03839	0.00964	0.00832	0.01703	0.01420	0.06728	0.06626	0.02258	0.01727	0.05184	0.05247	0.00244	0.07979	0.00614	0.18159	0.31622
4	0.01729	0.41769	0.08722	0.01216	0.01700	0.04371	0.01155	0.01980	0.01460	0.09678	0.01815	0.18114	0.01795	0.00977	0.00590	0.00191	0.00681	0.00775	0.00435	0.00846
5	0.01084	0.00659	0.00971	0.00971	0.01023	0.00712	0.00694	0.01041	0.00988	0.01371	0.01535	0.02514	0.01506	0.08840	0.33152	0.40348	0.01133	0.00683	0.00335	0.00441
6	0.01629	0.01199	0.01441	0.01254	0.01534	0.01338	0.00987	0.28765	0.01956	0.02673	0.01868	0.05570	0.01679	0.09486	0.34639	0.00664	0.01231	0.00761	0.00511	0.00815
7	0.00844	0.00691	0.00744	0.00737	0.00947	0.00592	0.00551	0.01048	0.01633	0.02039	0.20793	0.08396	0.55263	0.01673	0.00810	0.00229	0.00343	0.01415	0.00661	0.00592
8	0.00834	0.00694	0.00729	0.00720	0.00940	0.00589	0.00540	0.01032	0.01620	0.01993	0.17358	0.06345	0.60893	0.01679	0.00808	0.00228	0.00343	0.01410	0.00654	0.00589
9	0.02538	0.01674	0.01840	0.01426	0.01932	0.01804	0.01173	0.52620	0.02847	0.14351	0.01861	0.01837	0.01303	0.00823	0.00664	0.00202	0.00683	0.00629	0.08683	0.01111
10	0.00846	0.00690	0.00747	0.00742	0.00949	0.00592	0.00553	0.01050	0.01634	0.02045	0.21303	0.09232	0.53885	0.01675	0.00811	0.00229	0.00343	0.01419	0.00662	0.00592
11	0.01641	0.01559	0.02643	0.03960	0.66621	0.01555	0.01995	0.02042	0.01585	0.02272	0.06309	0.01938	0.01469	0.00666	0.00687	0.00204	0.00778	0.00655	0.00368	0.01052
12	0.01868	0.01096	0.01379	0.01064	0.01553	0.00897	0.00851	0.02153	0.01641	0.25187	0.10300	0.04571	0.02037	0.00978	0.03759	0.00200	0.00563	0.00662	0.00598	0.38644
13	0.01559	0.01756	0.03804	0.02745	0.03390	0.01646	0.64287	0.02103	0.01593	0.02160	0.01555	0.07128	0.01288	0.00689	0.00812	0.00234	0.01099	0.00889	0.00367	0.00896
14	0.02302	0.29016	0.02529	0.01540	0.01989	0.43182	0.01267	0.07271	0.01836	0.01841	0.01062	0.01215	0.00900	0.00671	0.00559	0.00168	0.01022	0.00427	0.00355	0.00850
15	0.01278	0.07775	0.41966	0.01604	0.04403	0.01360	0.01799	0.01860	0.01591	0.02285	0.21774	0.02675	0.05006	0.00900	0.00687	0.00211	0.00761	0.00745	0.00438	0.00882
16	0.01726	0.30634	0.09334	0.01571	0.08925	0.06891	0.01310	0.03764	0.01521	0.04124	0.01373	0.01905	0.01231	0.03338	0.00666	0.00187	0.00749	0.05239	0.00377	0.15135
17	0.01239	0.01092	0.01345	0.01319	0.03803	0.06289	0.00967	0.01414	0.01152	0.01601	0.01637	0.02667	0.01620	0.18605	0.33592	0.00713	0.17023	0.00731	0.02562	0.00630
18	0.01478	0.03399	0.66343	0.01918	0.02889	0.01635	0.02422	0.07966	0.01597	0.02352	0.01264	0.01461	0.00892	0.00665	0.00653	0.00216	0.00989	0.00515	0.00323	0.01024
19	0.01013	0.00804	0.01000	0.06242	0.01380	0.00821	0.00783	0.01474	0.12765	0.01999	0.07519	0.44311	0.13793	0.01738	0.00817	0.00256	0.00446	0.01545	0.00628	0.00665
20	0.01419	0.01216	0.01419	0.01013	0.01621	0.00912	0.00811	0.01723	0.01419	0.02229	0.01216	0.01419	0.01013	0.00507	0.00507	0.00101	0.00507	0.00405	0.00405	0.80139
21	0.01102	0.00787	0.01102	0.01260	0.01417	0.00787	0.01102	0.01417	0.01575	0.02047	0.03622	0.07717	0.03937	0.01890	0.00945	0.00315	0.00630	0.67084	0.00630	0.00630
22	0.01610	0.01630	0.11498	0.01392	0.01796	0.07532	0.04098	0.02411	0.21658	0.10189	0.07597	0.18713	0.04592	0.01172	0.00737	0.00232	0.00646	0.01011	0.00599	0.00886
23	0.01419	0.01216	0.01419	0.01013	0.01621	0.00912	0.00811	0.01723	0.01419	0.02229	0.01216	0.01419	0.01013	0.00507	0.00507	0.00101	0.00507	0.00405	0.00405	0.80139
24	0.00809	0.00693	0.00693	0.00693	0.00924	0.00578	0.00520	0.00982	0.01559	0.01848	0.06931	0.06584	0.71411	0.01733	0.00809	0.00231	0.00347	0.01444	0.00635	0.00578
25	0.01702	0.01470	0.01547	0.01392	0.01779	0.01702	0.01083	0.03635	0.70453	0.02862	0.02785	0.02553	0.02088	0.00928	0.00696	0.00232	0.00541	0.00773	0.00696	0.01083
26	0.00999	0.00751	0.00958	0.01050	0.01232	0.00710	0.00884	0.01269	0.01596	0.02034	0.09563	0.07168	0.25647	0.01804	0.00891	0.00281	0.00517	0.41390	0.00641	0.00614
27	0.00951	0.00674	0.00901	0.01041	0.01120	0.00653	0.00781	0.01128	0.01371	0.01808	0.03530	0.42480	0.04075	0.10569	0.01201	0.00336	0.00513	0.25696	0.00608	0.00567
28	0.01292	0.01216	0.02052	0.74312	0.04712	0.01520	0.01900	0.01748	0.01368	0.01748	0.01216	0.01824	0.00912	0.00684	0.00684	0.00228	0.00912	0.00608	0.00304	0.00760
29	0.02556	0.03261	0.01939	0.01763	0.02115	0.73210	0.01322	0.02732	0.01939	0.01674	0.01058	0.01234	0.00881	0.00705	0.00617	0.00176	0.01234	0.00441	0.00353	0.00793
30	0.02089	0.01349	0.01529	0.01314	0.01739	0.01449	0.01039	0.03450	0.47079	0.24032	0.02904	0.02625	0.04397	0.00931	0.00698	0.00226	0.00547	0.00771	0.00740	0.01090
31	0.00880	0.00632	0.00845	0.00998	0.01065	0.00597	0.00714	0.01035	0.01364	0.01803	0.03845	0.61410	0.06545	0.02086	0.00884	0.00283	0.00436	0.13375	0.00634	0.00569
32	0.00810	0.00689	0.00698	0.00705	0.00927	0.00577	0.00525	0.00980	0.01548	0.01843	0.06784	0.09776	0.68314	0.01752	0.00812	0.00233	0.00349	0.01467	0.00635	0.00577
33	0.01612	0.10139	0.41342	0.01686	0.02447	0.01743	0.01907	0.11470	0.12683	0.02494	0.01623	0.05043	0.01272	0.00780	0.00651	0.00213	0.00845	0.00616	0.00424	0.01009
34	0.01390	0.03417	0.67478	0.02017	0.03005	0.01599	0.07339	0.02168	0.01457	0.02168	0.01239	0.01473	0.00879	0.00645	0.00661	0.00218	0.01021	0.00527	0.00293	0.01005
35	0.80789	0.01323	0.01006	0.00900	0.01323	0.01535	0.00741	0.02011	0.01164	0.03070	0.00953	0.01111	0.00741	0.00635	0.00423	0.00212	0.00529	0.00370	0.00423	0.00741
36	0.80789	0.01323	0.01006	0.00900	0.01323	0.01535	0.00741	0.02011	0.01164	0.03070	0.00953	0.01111	0.00741	0.00635	0.00423	0.00212	0.00529	0.00370	0.00423	0.00741
37	0.02601	0.01916	0.02053	0.01574	0.02122	0.02122	0.01300	0.69408	0.03217	0.04312	0.01643	0.01643	0.01163	0.00821	0.00684	0.00205	0.00753	0.00616	0.00684	0.01163
38	0.80789	0.01323	0.01006	0.00900	0.01323	0.01535	0.00741	0.02011	0.01164	0.03070	0.00953	0.01111	0.00741	0.00635	0.00423	0.00212	0.00529	0.00370	0.00423	0.00741
39	0.01000	0.00749	0.00933	0.00878	0.01061	0.00707	0.00661	0.01412	0.06343	0.02661	0.60387	0.05093	0.12722	0.01402	0.00800	0.00218	0.00339	0.01228	0.00738	0.00667
40	0.06858	0.01473	0.01593	0.05449	0.01917	0.06668	0.01033	0.13548	0.01837	0.13858	0.01584	0.01815	0.01218	0.00697	0.00595	0.00164	0.00645	0.02836	0.00523	0.35690
41	0.00830	0.00631	0.00758	0.00857	0.00961	0.00567	0.00589	0.00964	0.01385	0.01768	0.04799	0.49732	0.27306	0.04327	0.00933	0.00274	0.00388	0.01744	0.00628	0.00559
42	0.02002	0.49216	0.03030	0.01522	0.05612	0.21588	0.01276	0.02217	0.01531	0.01662	0.00995	0.01185	0.00891	0.00647	0.00583	0.00165	0.04297	0.00410	0.00312	0.00860
43	0.01317	0.01250	0.02057	0.65595	0.04361	0.01589	0.01852	0.01736	0.01329	0.01736	0.01178	0.01785	0.00910	0.00746	0.00872	0.00237	0.09782	0.00607	0.00303	0.00759
44	0.07064	0.16142	0.26649	0.01975	0.09167	0.06945	0.09234	0.06689	0.01630	0.06528	0.01287	0.01479	0.00972	0.00652	0.00618	0.00200	0.00897	0.00528	0.00375	0.00970
45	0.02067	0.01554	0.07206	0.04875	0.34298	0.01390	0.01658	0.02564	0.06642	0.24386	0.01944	0.02221	0.01461	0.00772	0.00693	0.00215	0.00729	0.03717	0.00534	0.01073
46	0.00977	0.00733	0.01100	0.01100	0.01222	0.00855	0.00855	0.01222	0.01100	0.01588	0.01833	0.02688	0.01710	0.05131	0.73245	0.01100	0.01833	0.00733	0.00367	0.00611
47	0.01356	0.01027	0.06332	0.05468	0.03532	0.00844	0.02863	0.01606	0.01488	0.14325	0.03332	0.39625	0.08117	0.01590	0.00806	0.00254	0.00547	0.05537	0.00612	0.00739
48	0.01641	0.02350	0.32669	0.13892	0.18463	0.01531	0.07104	0.02219	0.01528	0.10041	0.01417	0.01690	0.01029	0.00663	0.00677	0.00216	0.00913	0.00588	0.00370	0.00998
49	0.02656	0.01827	0.01998	0.01532	0.02077	0.01989	0.01265	0.61552	0.03067	0.12378	0.01768	0.01724	0.01226	0.00824	0.00685	0.00206	0.00733	0.00625	0.00704	0.01164
50	0.00968	0.00699	0.00914	0.00861	0.01022	0.00646	0.00646	0.01291	0.01937	0.02743	0.71328	0.05110	0.06455	0.01399	0.00807	0.00215	0.00323	0.01237	0.00753	0.00646
51	0.02099	0.04237	0.28282	0.02074	0.14342	0.09116	0.01809	0.04687	0.01721	0.22570	0.01655	0.01720	0.01156	0.00710	0.00658	0.00206	0.00861	0.00570	0.00479	0.01047
52	0.04943	0.00735	0.00954	0.00949	0.01038	0.00813	0.00674	0.01171	0.01061	0.01558	0.01917	0.03321	0.01971	0.33062	0.41902	0.00882	0.01303	0.00819	0.00388	0.00539
53	0.01193	0.00596	0.00879	0.00879	0.00887	0.00596	0.00588	0.00926	0.00918	0.01256	0.01240	0.02103	0.01216	0.02298	0.02565	0.76130	0.00581	0.00596	0.04239	0.00314
54	0.01925	0.01817	0.07606	0.11724	0.22133	0.01776	0.09520	0.26923	0.02146	0.02924	0.01497	0.01899	0.01169	0.00741	0.00703	0.00215	0.00851	0.02929	0.00469	0.01032
55	0.01793	0.03818	0.11341	0.02449	0.24302	0.16121	0.03469	0.06605	0.07629	0.02214	0.01745	0.05507	0.04518	0.00832	0.00758	0.00211	0.04648	0.00680	0.00414	0.00945
56	0.01477	0.01476	0.02015	0.07921	0.02014	0.04319	0.01479	0.01661	0.01108	0.01652	0.00998	0.01602	0.00957	0.01421	0.07181	0.00347	0.60722	0.00604	0.00306	0.00741
57	0.06232	0.01020	0.01329	0.01078	0.01485	0.00911	0.00869	0.02588	0.01895	0.46035	0.22232	0.03240	0.06009	0.01031	0.00714	0.00214	0.00496	0.00860	0.00790	0.00971
58	0.05172	0.01012	0.04107	0.00984	0.01260	0.00905	0.00795	0.10193	0.01858	0.05033	0.26899	0.14371	0.21944	0.01425	0.00771	0.00227	0.00445	0.01215	0.00664	0.00722
59	0.01010	0.00784	0.00933	0.00940	0.03465	0.00725	0.00662	0.04545	0.01753	0.02321	0.33195	0.07319	0.31261	0.06875	0.00992	0.00255	0.00397	0.01268	0.00661	0.00640
60	0.01382	0.01019	0.01565	0.08246	0.01884	0.01016	0.10083	0.05411	0.01605	0.09432	0.09128	0.11568	0.11290	0.06924	0.08513	0.00361	0.00768	0.08513	0.00556	0.00738

[dist]
# distance from previous block
# <min> <max>
0	145

# created by:
# /home/berkeley/.conda/envs/busco_data_prod/bin/msa2prfl.pl pipeline/OGs_align_augustus/5794/42051.fs
