[name]
unknown

[dist]
# distance from previous block
# <min> <max>
0	838

[block]
# block no. 0 follows, 26 sequences, length 8
# corresponding to MSA columns:
# 869-876
name=unknown_A
#
# <colnr> <probs for GDERKNQSTAVLIFYWHMCP>
#	G	D	E	R	K	N	Q	S	T	A	V	L	I	F	Y	W	H	M	C	P
0	0.01316	0.16385	0.01626	0.01126	0.01339	0.01192	0.00909	0.01406	0.01445	0.01828	0.03165	0.19330	0.10430	0.01962	0.01374	0.19788	0.00620	0.13592	0.00527	0.00640
1	0.01235	0.02038	0.28987	0.01482	0.01972	0.01166	0.01546	0.01666	0.01395	0.01992	0.02269	0.16825	0.02335	0.18564	0.12676	0.00525	0.01043	0.01045	0.00443	0.00797
2	0.16539	0.00889	0.00867	0.00851	0.01061	0.00884	0.00607	0.01390	0.01477	0.02280	0.07609	0.08847	0.25908	0.19846	0.01543	0.00370	0.00514	0.01185	0.06694	0.00638
3	0.00987	0.00743	0.00957	0.01001	0.01143	0.00712	0.00728	0.01216	0.01638	0.02200	0.20398	0.27972	0.18690	0.02734	0.14787	0.00461	0.00725	0.01573	0.00677	0.00658
4	0.02873	0.01332	0.01638	0.01291	0.01794	0.01275	0.01055	0.15742	0.02325	0.42078	0.02648	0.02483	0.01775	0.00921	0.00712	0.00221	0.00621	0.00735	0.17318	0.01166
5	0.01062	0.00832	0.01093	0.01111	0.01214	0.00863	0.00814	0.01279	0.01672	0.02299	0.25299	0.35618	0.11197	0.01930	0.01126	0.00283	0.09269	0.01659	0.00701	0.00678
6	0.23750	0.01845	0.01844	0.01498	0.02032	0.02081	0.01222	0.36229	0.15367	0.04084	0.01856	0.01854	0.01360	0.00876	0.00681	0.00235	0.00720	0.00641	0.00681	0.01142
7	0.02000	0.16111	0.03102	0.08005	0.45954	0.01980	0.02012	0.02400	0.01712	0.07589	0.01472	0.01811	0.01197	0.00697	0.00700	0.00215	0.00870	0.00629	0.00407	0.01140

[dist]
# distance from previous block
# <min> <max>
1	4

[block]
# block no. 1 follows, 26 sequences, length 8
# corresponding to MSA columns:
# 881-888
name=unknown_B
#
# <colnr> <probs for GDERKNQSTAVLIFYWHMCP>
#	G	D	E	R	K	N	Q	S	T	A	V	L	I	F	Y	W	H	M	C	P
0	0.00966	0.00738	0.00887	0.00920	0.01085	0.00659	0.00663	0.01196	0.01787	0.02354	0.27315	0.26860	0.27960	0.01934	0.00918	0.00266	0.00392	0.01693	0.00749	0.00659
1	0.01084	0.00813	0.01219	0.01219	0.01354	0.00948	0.00948	0.01354	0.01219	0.01761	0.02032	0.02980	0.01896	0.05689	0.70337	0.01219	0.02032	0.00813	0.00406	0.00677
2	0.01598	0.02034	0.15667	0.34146	0.20171	0.01755	0.09467	0.02178	0.01615	0.02215	0.01391	0.01908	0.01064	0.00718	0.00765	0.00244	0.01036	0.00677	0.00348	0.01004
3	0.01054	0.00758	0.00973	0.00995	0.01075	0.00790	0.00681	0.01189	0.01249	0.01691	0.02984	0.12813	0.08986	0.32774	0.27786	0.00816	0.01144	0.01173	0.00493	0.00577
4	0.01908	0.08794	0.14044	0.14069	0.02792	0.12963	0.01687	0.10083	0.10026	0.02461	0.01670	0.01987	0.01321	0.01530	0.11057	0.00374	0.01150	0.00644	0.00457	0.00983
5	0.11754	0.05666	0.12729	0.05648	0.02206	0.05020	0.01381	0.02242	0.01649	0.09293	0.07497	0.02012	0.01651	0.00817	0.00780	0.00204	0.05910	0.00607	0.00491	0.22439
6	0.11328	0.05537	0.08946	0.14030	0.14679	0.05780	0.04348	0.05353	0.01739	0.02479	0.02115	0.03126	0.05220	0.01014	0.00759	0.00251	0.00877	0.11016	0.00464	0.00938
7	0.18023	0.01466	0.01542	0.10012	0.02069	0.05121	0.01133	0.06293	0.16160	0.05836	0.02099	0.02912	0.01829	0.14916	0.01374	0.00346	0.03385	0.04035	0.00561	0.00886

[dist]
# distance from previous block
# <min> <max>
3	83

[block]
# block no. 2 follows, 26 sequences, length 25
# corresponding to MSA columns:
# 973-997
name=unknown_C
#
# <colnr> <probs for GDERKNQSTAVLIFYWHMCP>
#	G	D	E	R	K	N	Q	S	T	A	V	L	I	F	Y	W	H	M	C	P
0	0.01291	0.06245	0.01380	0.01116	0.01455	0.01039	0.00858	0.01703	0.07918	0.02229	0.03552	0.28044	0.12495	0.01531	0.00794	0.00232	0.00522	0.04536	0.00611	0.22449
1	0.01332	0.00948	0.01141	0.01073	0.01298	0.00918	0.00787	0.08174	0.01759	0.04987	0.10888	0.21348	0.14259	0.12215	0.09455	0.00433	0.00709	0.01337	0.00646	0.06289
2	0.01501	0.01047	0.01498	0.07713	0.10002	0.00985	0.01069	0.01616	0.01458	0.06067	0.05444	0.08071	0.06675	0.01598	0.01492	0.26266	0.00649	0.00847	0.00477	0.15523
3	0.01442	0.02792	0.42588	0.01744	0.02505	0.01510	0.02009	0.02280	0.09976	0.02311	0.02220	0.02722	0.06293	0.11594	0.04491	0.00362	0.00988	0.00764	0.00430	0.00980
4	0.01227	0.01620	0.18349	0.01516	0.05010	0.01076	0.01332	0.03698	0.01516	0.02104	0.02922	0.30257	0.05437	0.10747	0.09244	0.00439	0.00865	0.01328	0.00529	0.00784
5	0.05785	0.07017	0.26224	0.01728	0.02473	0.10940	0.01777	0.15195	0.02077	0.02866	0.04937	0.01785	0.01375	0.00783	0.00683	0.00208	0.00930	0.00586	0.00472	0.12160
6	0.36122	0.31334	0.08955	0.01270	0.01883	0.02271	0.01239	0.05407	0.01535	0.02712	0.01123	0.01291	0.00920	0.00693	0.00515	0.00205	0.00743	0.00437	0.00410	0.00936
7	0.01222	0.00822	0.00979	0.00911	0.01163	0.00721	0.00693	0.01501	0.01966	0.09007	0.35415	0.06082	0.33399	0.01653	0.00883	0.00246	0.00397	0.01413	0.00788	0.00738
8	0.01862	0.02933	0.39933	0.02107	0.07516	0.01764	0.02186	0.13095	0.07308	0.06307	0.01853	0.06488	0.01457	0.00894	0.00752	0.00243	0.00946	0.00729	0.00491	0.01137
9	0.01381	0.01289	0.02028	0.02089	0.13708	0.01372	0.09549	0.01676	0.01608	0.02212	0.11420	0.11648	0.15318	0.05131	0.01361	0.00295	0.15398	0.01159	0.00531	0.00827
10	0.02421	0.01169	0.01475	0.01224	0.01630	0.01147	0.00987	0.10882	0.02032	0.32213	0.02534	0.02618	0.01821	0.01835	0.14073	0.00409	0.00867	0.00749	0.18877	0.01035
11	0.01766	0.01254	0.01815	0.01501	0.01858	0.01269	0.11839	0.04572	0.14264	0.11789	0.02733	0.07468	0.04685	0.14366	0.07006	0.00411	0.00826	0.00976	0.08700	0.00902
12	0.01420	0.01063	0.01629	0.01334	0.01628	0.01003	0.10180	0.01600	0.01516	0.02245	0.13476	0.02778	0.02377	0.01450	0.01472	0.23342	0.04009	0.00789	0.11627	0.15062
13	0.02296	0.02308	0.14991	0.01759	0.02407	0.02087	0.01624	0.33586	0.23982	0.03799	0.02146	0.02108	0.01562	0.00913	0.00756	0.00240	0.00813	0.00716	0.00679	0.01228
14	0.02203	0.02239	0.04510	0.05688	0.02292	0.23327	0.01369	0.05476	0.01847	0.08335	0.01418	0.01650	0.01124	0.00803	0.00905	0.00198	0.10489	0.00548	0.00463	0.25118
15	0.06073	0.37440	0.03592	0.04675	0.12003	0.02453	0.13863	0.07498	0.01767	0.02343	0.01273	0.01550	0.01059	0.00679	0.00634	0.00202	0.00911	0.00571	0.00387	0.01029
16	0.67467	0.01372	0.01130	0.01030	0.01451	0.01593	0.00840	0.02103	0.01280	0.03165	0.01197	0.01485	0.00977	0.01426	0.10582	0.00377	0.00796	0.00469	0.00460	0.00801
17	0.01999	0.05679	0.02565	0.19973	0.21777	0.10726	0.03762	0.02505	0.06422	0.07643	0.01561	0.01921	0.01226	0.00820	0.00913	0.00240	0.08147	0.00662	0.00436	0.01022
18	0.16467	0.01801	0.07663	0.06018	0.17347	0.06177	0.09319	0.04094	0.01721	0.02629	0.08178	0.11294	0.02152	0.01005	0.00750	0.00244	0.00827	0.00889	0.00488	0.00939
19	0.01002	0.00748	0.00973	0.01003	0.01148	0.00719	0.00733	0.01250	0.01698	0.02309	0.26791	0.24712	0.15966	0.02646	0.14257	0.00450	0.00708	0.01529	0.00693	0.00667
20	0.01690	0.00880	0.00996	0.00898	0.01173	0.00833	0.00696	0.04516	0.01859	0.14019	0.11758	0.03759	0.12183	0.01130	0.00679	0.00208	0.00427	0.00930	0.40547	0.00820
21	0.00978	0.00740	0.00914	0.00955	0.01099	0.00694	0.00683	0.01184	0.01625	0.02144	0.17944	0.26176	0.23865	0.07128	0.09914	0.00422	0.00628	0.01590	0.00677	0.00641
22	0.04823	0.01051	0.01224	0.01135	0.01359	0.04566	0.00861	0.01810	0.01938	0.11680	0.37991	0.16642	0.05139	0.01527	0.00943	0.00253	0.04199	0.01305	0.00760	0.00795
23	0.01709	0.01521	0.02237	0.34777	0.14881	0.01655	0.01783	0.08361	0.06498	0.02497	0.01533	0.01950	0.01186	0.00741	0.00720	0.00219	0.00859	0.00645	0.00437	0.15792
24	0.05236	0.02153	0.14353	0.02836	0.28299	0.07863	0.01921	0.02656	0.01828	0.17474	0.01917	0.02396	0.01503	0.00856	0.00752	0.00237	0.00899	0.05175	0.00521	0.01126

[dist]
# distance from previous block
# <min> <max>
0	1

[block]
# block no. 3 follows, 26 sequences, length 11
# corresponding to MSA columns:
# 999-1005,1029-1032
name=unknown_D
#
# <colnr> <probs for GDERKNQSTAVLIFYWHMCP>
#	G	D	E	R	K	N	Q	S	T	A	V	L	I	F	Y	W	H	M	C	P
0	0.16444	0.08726	0.07005	0.01504	0.02108	0.07479	0.01320	0.23511	0.04817	0.09988	0.01642	0.01694	0.01207	0.00796	0.00653	0.00211	0.00796	0.00574	0.00591	0.08937
1	0.01886	0.01506	0.01911	0.01974	0.14677	0.01493	0.01295	0.22268	0.02276	0.03174	0.08816	0.14518	0.02483	0.01111	0.00766	0.00218	0.00672	0.00958	0.00617	0.17380
2	0.02544	0.06197	0.02097	0.01704	0.02133	0.38813	0.01333	0.09516	0.02110	0.07049	0.01444	0.01620	0.01145	0.00824	0.00799	0.00201	0.06285	0.00546	0.04844	0.08796
3	0.01830	0.01423	0.01691	0.11088	0.02221	0.01556	0.01212	0.23735	0.11384	0.03382	0.20723	0.06866	0.07238	0.01215	0.00817	0.00244	0.00649	0.01023	0.00717	0.00985
4	0.01338	0.00808	0.01055	0.01031	0.01227	0.00732	0.00758	0.01596	0.01879	0.11935	0.32298	0.28578	0.10268	0.01777	0.00902	0.00263	0.00429	0.01574	0.00795	0.00757
5	0.01668	0.12530	0.30505	0.02005	0.07431	0.01797	0.06742	0.08636	0.01870	0.02566	0.06742	0.02612	0.09840	0.00927	0.00741	0.00230	0.00901	0.00770	0.00457	0.01029
6	0.00966	0.00737	0.00890	0.00946	0.01105	0.00662	0.00687	0.01185	0.01735	0.02265	0.21190	0.30103	0.27770	0.01999	0.00929	0.00275	0.00413	0.04754	0.00736	0.00653
7	0.01125	0.00864	0.00988	0.00957	0.01141	0.00839	0.00683	0.01570	0.09860	0.02389	0.25978	0.09694	0.21719	0.17076	0.01522	0.00357	0.00481	0.01359	0.00704	0.00695
8	0.02044	0.37189	0.12404	0.01496	0.02142	0.05071	0.01470	0.08872	0.10761	0.05047	0.01908	0.01956	0.05040	0.00826	0.00628	0.00202	0.00820	0.00602	0.00476	0.01047
9	0.09308	0.03480	0.01455	0.01540	0.09475	0.01188	0.01017	0.06481	0.06086	0.05201	0.07527	0.28815	0.12338	0.01577	0.00824	0.00262	0.00558	0.01368	0.00654	0.00844
10	0.04353	0.12239	0.25657	0.01943	0.08246	0.01698	0.04053	0.02107	0.01545	0.05969	0.01900	0.13206	0.01800	0.05592	0.01058	0.00277	0.06096	0.00864	0.00439	0.00960

[dist]
# distance from previous block
# <min> <max>
1	11

[block]
# block no. 4 follows, 26 sequences, length 33
# corresponding to MSA columns:
# 1044-1076
name=unknown_E
#
# <colnr> <probs for GDERKNQSTAVLIFYWHMCP>
#	G	D	E	R	K	N	Q	S	T	A	V	L	I	F	Y	W	H	M	C	P
0	0.01705	0.01694	0.06592	0.09413	0.15096	0.07398	0.01490	0.11904	0.01980	0.02613	0.09462	0.14317	0.05253	0.04133	0.03311	0.00297	0.00835	0.01031	0.00551	0.00925
1	0.07414	0.01609	0.01900	0.04538	0.14118	0.06564	0.01370	0.07792	0.14001	0.06873	0.02310	0.15478	0.02116	0.01154	0.00886	0.00250	0.05701	0.00954	0.00586	0.04384
2	0.01589	0.01665	0.10454	0.01576	0.04139	0.01486	0.01349	0.10102	0.13914	0.02700	0.05924	0.09287	0.13756	0.01344	0.01003	0.00263	0.08339	0.06166	0.00616	0.04327
3	0.01413	0.01225	0.01330	0.01462	0.08527	0.06703	0.00940	0.06072	0.04188	0.02232	0.07931	0.12587	0.19375	0.18697	0.01571	0.00368	0.00660	0.03373	0.00599	0.00748
4	0.02163	0.04587	0.02304	0.04631	0.08046	0.05550	0.09526	0.17490	0.02116	0.11287	0.04045	0.02210	0.01562	0.01544	0.08461	0.08699	0.00993	0.00724	0.00554	0.03507
5	0.01193	0.00877	0.01025	0.01010	0.01204	0.00842	0.00737	0.08190	0.01907	0.02555	0.19974	0.27088	0.20575	0.04697	0.01007	0.00281	0.00457	0.01566	0.04098	0.00716
6	0.08007	0.06710	0.11140	0.07488	0.09452	0.01544	0.01465	0.02314	0.08979	0.02528	0.01511	0.01736	0.01200	0.00682	0.00631	0.00183	0.00734	0.00547	0.00444	0.32704
7	0.16571	0.01920	0.07201	0.01426	0.01950	0.09826	0.01225	0.11324	0.11545	0.14987	0.02007	0.02020	0.01456	0.00845	0.00662	0.00221	0.00744	0.00631	0.08915	0.04523
8	0.07484	0.22848	0.10553	0.02031	0.14649	0.06535	0.01558	0.02479	0.01771	0.12798	0.08705	0.02092	0.01812	0.00818	0.00664	0.00210	0.00812	0.00641	0.00500	0.01039
9	0.02105	0.01734	0.01760	0.01670	0.07278	0.09035	0.01180	0.22415	0.14651	0.03154	0.02146	0.02619	0.01774	0.12473	0.01215	0.00303	0.00766	0.00765	0.11953	0.01003
10	0.01914	0.01479	0.02072	0.01867	0.09232	0.01395	0.08215	0.08994	0.08866	0.09957	0.08850	0.02917	0.02243	0.00936	0.00756	0.00213	0.00708	0.05912	0.00613	0.22863
11	0.00964	0.00750	0.00876	0.00890	0.01077	0.00662	0.00650	0.01203	0.01822	0.02376	0.28258	0.19529	0.34466	0.01880	0.00910	0.00260	0.00386	0.01629	0.00750	0.00662
12	0.01680	0.01429	0.02136	0.11062	0.27760	0.01484	0.01610	0.11329	0.02061	0.02856	0.19361	0.08735	0.03080	0.01092	0.00809	0.00239	0.00723	0.00983	0.00576	0.00994
13	0.10113	0.01940	0.10957	0.25826	0.19315	0.05999	0.01951	0.02409	0.01675	0.10551	0.01529	0.01876	0.01135	0.00751	0.00717	0.00237	0.00931	0.00631	0.00436	0.01021
14	0.01284	0.00801	0.00994	0.01002	0.01189	0.00735	0.00746	0.01516	0.01727	0.09101	0.16872	0.21992	0.17115	0.07804	0.01139	0.00308	0.00480	0.08165	0.06319	0.00711
15	0.10140	0.04486	0.02030	0.01719	0.05569	0.04298	0.14728	0.01828	0.01709	0.02501	0.17227	0.13430	0.05634	0.01591	0.06530	0.00325	0.00824	0.01095	0.03519	0.00817
16	0.01296	0.00944	0.01115	0.01086	0.01212	0.01003	0.00745	0.06798	0.08487	0.02061	0.02704	0.17174	0.02885	0.35202	0.13345	0.00638	0.00880	0.01198	0.00556	0.00672
17	0.02883	0.02125	0.02276	0.01745	0.02352	0.02352	0.01442	0.66082	0.03566	0.04780	0.01821	0.01821	0.01290	0.00911	0.00759	0.00228	0.00835	0.00683	0.00759	0.01290
18	0.01587	0.01361	0.01579	0.01142	0.01805	0.01051	0.00912	0.02006	0.04535	0.02503	0.01427	0.01630	0.01177	0.00583	0.00571	0.00119	0.00563	0.00468	0.00464	0.74517
19	0.01387	0.01270	0.02171	0.18215	0.20370	0.01315	0.08472	0.01743	0.01577	0.02134	0.02518	0.30224	0.02674	0.01369	0.00855	0.00268	0.00783	0.01289	0.00499	0.00868
20	0.32158	0.37430	0.10238	0.01277	0.01909	0.02350	0.01280	0.02270	0.01449	0.02492	0.01090	0.01266	0.00912	0.00679	0.00506	0.00200	0.00758	0.00425	0.00381	0.00930
21	0.02403	0.02105	0.02022	0.01699	0.02175	0.11686	0.01352	0.28275	0.30300	0.03567	0.02234	0.02179	0.01669	0.00960	0.00824	0.00240	0.03709	0.00729	0.00695	0.01176
22	0.01254	0.01034	0.01417	0.01316	0.01380	0.01269	0.01004	0.01430	0.01248	0.01808	0.07280	0.03349	0.02299	0.22135	0.27289	0.00753	0.21742	0.00893	0.00434	0.00666
23	0.00937	0.00684	0.00883	0.01014	0.01096	0.00629	0.00692	0.01100	0.01557	0.02067	0.11452	0.58581	0.12037	0.02239	0.00953	0.00295	0.00425	0.02012	0.00718	0.00629
24	0.01340	0.00864	0.01086	0.01051	0.01254	0.00824	0.00783	0.01693	0.05534	0.09591	0.25662	0.16092	0.12165	0.09954	0.04272	0.00359	0.00557	0.05436	0.00736	0.00749
25	0.01002	0.00744	0.00934	0.00947	0.01105	0.00676	0.00687	0.01271	0.01890	0.02573	0.40504	0.23425	0.17780	0.01833	0.00914	0.00260	0.00384	0.01618	0.00777	0.00676
26	0.01254	0.00939	0.01230	0.01215	0.01291	0.01102	0.00921	0.01465	0.01396	0.02129	0.02742	0.30459	0.02924	0.01987	0.06950	0.00354	0.18754	0.01283	0.20905	0.00700
27	0.01715	0.01300	0.01404	0.01268	0.01576	0.01455	0.00963	0.09605	0.32131	0.02898	0.02638	0.03068	0.02169	0.12706	0.06940	0.00393	0.00718	0.00845	0.15250	0.00957
28	0.01990	0.01752	0.07934	0.20329	0.03244	0.03884	0.13780	0.06183	0.06209	0.14932	0.09935	0.02557	0.02040	0.00890	0.00797	0.00244	0.00899	0.00814	0.00571	0.01018
29	0.01394	0.01002	0.01386	0.01291	0.01395	0.01179	0.00984	0.06635	0.01327	0.01868	0.01656	0.02588	0.01579	0.07611	0.29649	0.24272	0.12399	0.00749	0.00403	0.00633
30	0.02159	0.05522	0.28294	0.02401	0.15193	0.07472	0.02082	0.11770	0.04375	0.11040	0.01677	0.01817	0.01218	0.00780	0.00727	0.00229	0.00969	0.00624	0.00493	0.01159
31	0.01681	0.02123	0.20844	0.07599	0.02836	0.01420	0.13716	0.02238	0.01727	0.07817	0.08719	0.02228	0.01785	0.00773	0.00736	0.00210	0.00872	0.00707	0.00473	0.21495
32	0.11696	0.14141	0.07663	0.01576	0.02152	0.01983	0.04188	0.18344	0.04484	0.16451	0.01871	0.04557	0.01428	0.00906	0.00796	0.00232	0.05149	0.00680	0.00607	0.01097

[dist]
# distance from previous block
# <min> <max>
0	3

[block]
# block no. 5 follows, 26 sequences, length 12
# corresponding to MSA columns:
# 1080-1091
name=unknown_F
#
# <colnr> <probs for GDERKNQSTAVLIFYWHMCP>
#	G	D	E	R	K	N	Q	S	T	A	V	L	I	F	Y	W	H	M	C	P
0	0.02540	0.08251	0.02720	0.02050	0.02575	0.32805	0.14715	0.11627	0.02190	0.08051	0.01517	0.01727	0.01169	0.00970	0.03529	0.00254	0.01197	0.00629	0.00482	0.01000
1	0.01802	0.04233	0.13132	0.01548	0.02150	0.09166	0.01424	0.02242	0.03743	0.04473	0.01379	0.01631	0.01120	0.00760	0.00908	0.00187	0.11673	0.00527	0.00426	0.37474
2	0.02139	0.05177	0.12646	0.02331	0.11643	0.28048	0.01819	0.02567	0.04987	0.02082	0.01285	0.01614	0.01077	0.00898	0.01136	0.00242	0.18376	0.00584	0.00380	0.00968
3	0.02928	0.03230	0.02085	0.01854	0.02277	0.58837	0.01407	0.03139	0.02153	0.13002	0.01474	0.01569	0.01126	0.00808	0.00697	0.00202	0.01248	0.00534	0.00482	0.00948
4	0.00990	0.00697	0.00890	0.00986	0.01043	0.00660	0.00650	0.01129	0.01487	0.02012	0.14375	0.46041	0.04850	0.18629	0.01624	0.00395	0.00495	0.01783	0.00669	0.00596
5	0.01393	0.01189	0.01465	0.08451	0.09290	0.06340	0.02820	0.01705	0.01670	0.02291	0.12265	0.03833	0.13463	0.07255	0.08767	0.00375	0.00807	0.00974	0.14881	0.00766
6	0.13875	0.00882	0.00958	0.00952	0.01186	0.00857	0.00730	0.01429	0.01769	0.02618	0.26670	0.13469	0.23827	0.01659	0.00845	0.00260	0.00439	0.06167	0.00710	0.00698
7	0.01122	0.00781	0.01146	0.01141	0.01251	0.00872	0.00859	0.01288	0.01248	0.01773	0.07095	0.03173	0.02252	0.08103	0.50570	0.13828	0.01611	0.00845	0.00430	0.00612
8	0.01750	0.02195	0.13556	0.29297	0.21995	0.11296	0.02146	0.02246	0.01676	0.02154	0.01444	0.04227	0.01187	0.00787	0.00747	0.00237	0.01029	0.00680	0.00365	0.00986
9	0.00989	0.00725	0.00912	0.00996	0.01109	0.00671	0.00706	0.01183	0.01632	0.02166	0.17653	0.37601	0.15363	0.08258	0.01198	0.00326	0.00460	0.06706	0.00709	0.00633
10	0.12958	0.06640	0.03852	0.04977	0.21845	0.05310	0.01583	0.13318	0.06295	0.10371	0.01794	0.04700	0.01426	0.00848	0.00703	0.00229	0.00806	0.00691	0.00550	0.01103
11	0.17569	0.24120	0.08035	0.01649	0.04562	0.10409	0.04006	0.05723	0.12567	0.02596	0.01501	0.01624	0.01195	0.00758	0.00613	0.00212	0.00846	0.00547	0.00461	0.01007

[dist]
# distance from previous block
# <min> <max>
3	123

[block]
# block no. 6 follows, 26 sequences, length 29
# corresponding to MSA columns:
# 1215-1243
name=unknown_G
#
# <colnr> <probs for GDERKNQSTAVLIFYWHMCP>
#	G	D	E	R	K	N	Q	S	T	A	V	L	I	F	Y	W	H	M	C	P
0	0.01173	0.00921	0.01217	0.06441	0.01566	0.00898	0.00878	0.01427	0.01619	0.02285	0.21500	0.23257	0.04135	0.08741	0.04256	0.00334	0.03946	0.01303	0.00617	0.13486
1	0.03647	0.01307	0.10231	0.01158	0.01455	0.01028	0.00998	0.07074	0.01729	0.02494	0.15665	0.13352	0.06587	0.16360	0.05806	0.00405	0.00703	0.01138	0.08113	0.00750
2	0.02253	0.07212	0.02057	0.06791	0.08380	0.09954	0.01345	0.16631	0.02150	0.13410	0.02170	0.05929	0.01907	0.09475	0.01126	0.00295	0.00845	0.06472	0.00601	0.00996
3	0.01852	0.01419	0.01629	0.01451	0.01784	0.01601	0.01136	0.09055	0.30723	0.08864	0.03303	0.13837	0.08647	0.01338	0.01020	0.00269	0.09246	0.01080	0.00715	0.01029
4	0.01734	0.01462	0.01498	0.01312	0.01685	0.12380	0.03432	0.01973	0.01725	0.10246	0.03072	0.25574	0.09028	0.01374	0.00785	0.00225	0.00676	0.01182	0.00605	0.20032
5	0.01743	0.01553	0.01981	0.09032	0.17864	0.07717	0.01487	0.12489	0.01870	0.02478	0.01970	0.10770	0.01840	0.02381	0.20796	0.00522	0.01213	0.00879	0.00485	0.00930
6	0.11680	0.02045	0.09708	0.02003	0.02675	0.01862	0.18409	0.20558	0.06398	0.14310	0.01878	0.01975	0.01324	0.00806	0.00757	0.00240	0.00906	0.00717	0.00609	0.01139
7	0.01713	0.01676	0.02171	0.02846	0.31999	0.09812	0.01618	0.02230	0.08070	0.02269	0.02416	0.02774	0.09265	0.01924	0.15419	0.00438	0.01106	0.00808	0.00461	0.00986
8	0.02203	0.01884	0.02111	0.01706	0.02167	0.09779	0.07543	0.30886	0.05826	0.03476	0.12812	0.02618	0.02336	0.01561	0.09235	0.00350	0.00995	0.00819	0.00650	0.01042
9	0.01787	0.01463	0.01507	0.01377	0.01662	0.10491	0.01059	0.13091	0.05798	0.06515	0.10389	0.14439	0.02847	0.02597	0.20821	0.00525	0.01103	0.01037	0.00619	0.00872
10	0.02115	0.02098	0.10136	0.01922	0.10073	0.09653	0.01493	0.18791	0.07507	0.05671	0.07155	0.02350	0.03636	0.00897	0.00726	0.00215	0.00807	0.00720	0.05441	0.08594
11	0.01895	0.01592	0.01797	0.01547	0.01935	0.10570	0.07396	0.02747	0.20457	0.10777	0.18511	0.03860	0.06513	0.01196	0.00827	0.00249	0.00714	0.05738	0.00709	0.00970
12	0.01560	0.01023	0.01418	0.01563	0.10140	0.01059	0.00966	0.08227	0.04619	0.01948	0.01602	0.02546	0.01523	0.10699	0.02438	0.46201	0.00716	0.00727	0.00418	0.00605
13	0.01532	0.01348	0.01775	0.21379	0.02783	0.01205	0.01246	0.01918	0.01557	0.02318	0.01348	0.01702	0.01091	0.00618	0.00618	0.00153	0.00691	0.00514	0.00417	0.55785
14	0.01273	0.00986	0.01186	0.01021	0.01316	0.00863	0.00726	0.01458	0.01342	0.01959	0.02096	0.09960	0.02204	0.28027	0.11072	0.00506	0.00809	0.00903	0.00472	0.31820
15	0.01233	0.00911	0.01133	0.01042	0.01299	0.00837	0.00765	0.01467	0.01400	0.02094	0.02398	0.17805	0.02465	0.12010	0.17978	0.00514	0.00890	0.01022	0.09857	0.22881
16	0.01578	0.01527	0.02625	0.22231	0.17222	0.01607	0.15783	0.02232	0.08641	0.02360	0.04899	0.03040	0.07958	0.00949	0.00821	0.00253	0.00903	0.03934	0.00473	0.00965
17	0.01318	0.00659	0.00988	0.00988	0.00988	0.00659	0.00659	0.00988	0.00988	0.01318	0.01318	0.02306	0.01318	0.02635	0.02964	0.77931	0.00659	0.00659	0.00329	0.00329
18	0.02258	0.01946	0.01898	0.01616	0.02091	0.08665	0.01278	0.23764	0.37663	0.03514	0.02686	0.02550	0.04620	0.01004	0.00764	0.00242	0.00742	0.00797	0.00728	0.01174
19	0.02109	0.05694	0.10946	0.01730	0.02388	0.13076	0.07037	0.17482	0.02161	0.02859	0.01517	0.03675	0.01225	0.00765	0.00687	0.00191	0.00903	0.00612	0.00492	0.24452
20	0.02079	0.15506	0.02591	0.02006	0.10191	0.10904	0.08854	0.15651	0.02097	0.02738	0.01827	0.08751	0.01613	0.00924	0.00703	0.00215	0.00858	0.00776	0.10729	0.00991
21	0.01521	0.03923	0.69413	0.02162	0.03283	0.01762	0.02802	0.02402	0.01601	0.02402	0.01361	0.01601	0.00961	0.00721	0.00721	0.00240	0.01121	0.00560	0.00320	0.01121
22	0.02192	0.01724	0.01954	0.01808	0.07839	0.01890	0.01322	0.32197	0.21088	0.03698	0.04940	0.07674	0.06037	0.01111	0.00790	0.00244	0.00703	0.00916	0.00724	0.01150
23	0.01230	0.01010	0.01065	0.01078	0.01178	0.07086	0.00747	0.01345	0.01342	0.01707	0.02862	0.13358	0.07703	0.30196	0.18246	0.03885	0.01023	0.03852	0.00497	0.00588
24	0.01394	0.00734	0.00810	0.00807	0.00985	0.00714	0.00599	0.01719	0.01667	0.05491	0.10880	0.11672	0.02963	0.01150	0.00638	0.00203	0.00377	0.00968	0.55508	0.00721
25	0.10873	0.00950	0.01029	0.00964	0.01210	0.00953	0.00713	0.01930	0.06501	0.10177	0.10466	0.10115	0.09858	0.13212	0.01239	0.00316	0.00509	0.01055	0.17161	0.00769
26	0.01259	0.01038	0.01572	0.16727	0.13191	0.01108	0.01285	0.01573	0.01515	0.02091	0.02983	0.20972	0.09527	0.02109	0.12278	0.00415	0.00888	0.01180	0.07506	0.00783
27	0.01292	0.01157	0.01891	0.26965	0.03015	0.01244	0.09175	0.01746	0.03720	0.02258	0.13738	0.13246	0.09485	0.01329	0.00864	0.00267	0.00758	0.06504	0.00555	0.00792
28	0.01454	0.01052	0.01652	0.01391	0.01723	0.00962	0.11590	0.01812	0.01952	0.10676	0.30068	0.08168	0.15375	0.01476	0.00897	0.00258	0.00587	0.07359	0.00732	0.00818

[dist]
# distance from previous block
# <min> <max>
0	1

[block]
# block no. 7 follows, 26 sequences, length 18
# corresponding to MSA columns:
# 1245-1253,1259-1267
name=unknown_H
#
# <colnr> <probs for GDERKNQSTAVLIFYWHMCP>
#	G	D	E	R	K	N	Q	S	T	A	V	L	I	F	Y	W	H	M	C	P
0	0.21392	0.12648	0.04634	0.01485	0.01951	0.20130	0.01256	0.02525	0.07596	0.02452	0.01509	0.01986	0.01307	0.00868	0.00729	0.00220	0.04903	0.04885	0.00455	0.07071
1	0.02401	0.11212	0.02314	0.10020	0.02570	0.35073	0.01470	0.08969	0.14154	0.02378	0.01594	0.01740	0.01257	0.00821	0.00693	0.00213	0.01067	0.00587	0.00482	0.00984
2	0.17193	0.22251	0.15901	0.01693	0.04728	0.02128	0.05795	0.10504	0.04136	0.02789	0.01413	0.01602	0.01104	0.00735	0.00614	0.00213	0.00832	0.00549	0.04803	0.01018
3	0.00961	0.00752	0.00871	0.00881	0.01074	0.00661	0.00646	0.01198	0.01821	0.02364	0.27477	0.18214	0.36620	0.01876	0.00908	0.00259	0.00385	0.01621	0.00748	0.00661
4	0.01763	0.10013	0.02227	0.02060	0.14229	0.01802	0.01411	0.13646	0.01822	0.02514	0.04276	0.07323	0.01854	0.05217	0.13998	0.00449	0.13154	0.00820	0.00483	0.00937
5	0.00992	0.00772	0.00901	0.00869	0.01083	0.00681	0.00652	0.01274	0.01955	0.02586	0.40433	0.06416	0.35220	0.01721	0.00895	0.00247	0.00370	0.01477	0.00775	0.00681
6	0.01159	0.00743	0.01031	0.01031	0.01085	0.00797	0.00713	0.01169	0.01115	0.01541	0.01929	0.03386	0.01988	0.25441	0.30066	0.23814	0.01229	0.00856	0.00400	0.00508
7	0.01748	0.05950	0.08298	0.20116	0.42142	0.01843	0.04604	0.02242	0.01659	0.02302	0.01386	0.01859	0.01122	0.00696	0.00741	0.00231	0.00954	0.00659	0.00359	0.01090
8	0.19693	0.31241	0.07966	0.01411	0.01965	0.11120	0.01327	0.04472	0.01661	0.02377	0.01472	0.02161	0.01350	0.00865	0.00603	0.00214	0.00845	0.07914	0.00425	0.00916
9	0.14335	0.11745	0.02132	0.01599	0.02022	0.33568	0.01277	0.10107	0.02005	0.02510	0.01310	0.01514	0.01068	0.00807	0.00724	0.00207	0.05028	0.00516	0.06609	0.00914
10	0.02218	0.23703	0.06448	0.01639	0.02180	0.18856	0.04307	0.07830	0.11518	0.05545	0.07152	0.02030	0.01759	0.00850	0.00677	0.00208	0.00912	0.00642	0.00514	0.01013
11	0.01359	0.04191	0.11123	0.01162	0.01448	0.01121	0.00975	0.06594	0.01444	0.01984	0.02171	0.07806	0.02307	0.42540	0.05686	0.00560	0.00834	0.00974	0.00469	0.05253
12	0.02429	0.02361	0.01919	0.01652	0.02078	0.26630	0.01283	0.27529	0.05511	0.03092	0.02391	0.10553	0.07026	0.01124	0.00768	0.00229	0.00935	0.00868	0.00615	0.01005
13	0.01573	0.05553	0.11042	0.01523	0.06338	0.01199	0.01236	0.06961	0.01825	0.09718	0.07758	0.28186	0.10946	0.01543	0.00838	0.00259	0.00631	0.01340	0.00645	0.00886
14	0.10882	0.06488	0.23639	0.01590	0.02206	0.10445	0.01610	0.05808	0.01741	0.04953	0.04123	0.08857	0.03911	0.01363	0.06316	0.00310	0.00977	0.00771	0.00473	0.03535
15	0.14665	0.01792	0.01663	0.01443	0.01769	0.14252	0.01129	0.06455	0.07125	0.02541	0.06891	0.02307	0.01799	0.07707	0.03996	0.00315	0.12980	0.00684	0.00499	0.09988
16	0.11097	0.06376	0.04078	0.01297	0.01882	0.01546	0.01094	0.16755	0.01990	0.06789	0.01582	0.01869	0.01275	0.05010	0.03396	0.00244	0.00732	0.00568	0.00537	0.31883
17	0.01711	0.01557	0.01753	0.04942	0.11134	0.09496	0.01259	0.06475	0.05814	0.04741	0.07977	0.10402	0.14464	0.01258	0.00948	0.00241	0.07163	0.01023	0.00577	0.07066

[dist]
# distance from previous block
# <min> <max>
19	82

[block]
# block no. 8 follows, 26 sequences, length 9
# corresponding to MSA columns:
# 1363-1371
name=unknown_I
#
# <colnr> <probs for GDERKNQSTAVLIFYWHMCP>
#	G	D	E	R	K	N	Q	S	T	A	V	L	I	F	Y	W	H	M	C	P
0	0.01657	0.01195	0.01180	0.01098	0.01351	0.06505	0.00834	0.09604	0.05561	0.04968	0.08116	0.10076	0.07081	0.06464	0.00952	0.00262	0.00571	0.04070	0.27649	0.00807
1	0.01567	0.01206	0.01444	0.01314	0.01526	0.01366	0.00990	0.13760	0.11069	0.02481	0.02383	0.10812	0.02320	0.19461	0.18635	0.00611	0.06671	0.01000	0.00564	0.00820
2	0.01013	0.00716	0.00850	0.00913	0.01055	0.00653	0.00648	0.01232	0.01668	0.02289	0.16177	0.33737	0.21610	0.01898	0.00874	0.00263	0.00398	0.01665	0.11690	0.00653
3	0.12807	0.01834	0.01695	0.01404	0.01899	0.17924	0.01120	0.03206	0.02010	0.39570	0.02265	0.02132	0.01528	0.00867	0.00689	0.00221	0.00792	0.00647	0.06302	0.01088
4	0.01396	0.01011	0.01149	0.01087	0.01311	0.01035	0.00785	0.02090	0.19102	0.06431	0.14970	0.11986	0.13487	0.18915	0.01581	0.00374	0.00544	0.01251	0.00700	0.00796
5	0.01592	0.00997	0.01219	0.01128	0.01332	0.01027	0.00826	0.06066	0.06471	0.11248	0.02790	0.04293	0.05452	0.31781	0.14931	0.00634	0.00940	0.05932	0.00589	0.00752
6	0.01607	0.01596	0.13871	0.01318	0.01776	0.01176	0.01229	0.08660	0.06042	0.09878	0.26269	0.08112	0.12687	0.01332	0.00831	0.00245	0.00602	0.01131	0.00714	0.00924
7	0.05621	0.01383	0.01824	0.09271	0.02261	0.01369	0.05812	0.10445	0.07376	0.09169	0.17905	0.02861	0.02749	0.00954	0.00745	0.00213	0.00662	0.00821	0.00638	0.17921
8	0.21856	0.02151	0.05883	0.01739	0.07274	0.16052	0.01334	0.12521	0.09881	0.06753	0.01692	0.01798	0.01278	0.00815	0.00653	0.00224	0.00835	0.00592	0.05650	0.01018

[dist]
# distance from previous block
# <min> <max>
1	5

[block]
# block no. 9 follows, 26 sequences, length 9
# corresponding to MSA columns:
# 1377-1385
name=unknown_J
#
# <colnr> <probs for GDERKNQSTAVLIFYWHMCP>
#	G	D	E	R	K	N	Q	S	T	A	V	L	I	F	Y	W	H	M	C	P
0	0.22099	0.01650	0.01847	0.01514	0.01911	0.07617	0.09938	0.14966	0.01848	0.02838	0.01672	0.02481	0.01509	0.18193	0.06463	0.00422	0.00941	0.00732	0.00502	0.00854
1	0.07129	0.08907	0.04588	0.01719	0.04556	0.05632	0.03415	0.24858	0.09782	0.18784	0.02042	0.01995	0.01448	0.00863	0.00717	0.00226	0.00803	0.00670	0.00683	0.01183
2	0.02201	0.05558	0.02229	0.10183	0.07646	0.08542	0.03655	0.16157	0.02132	0.09382	0.01592	0.01781	0.01205	0.00736	0.00683	0.00191	0.00828	0.00593	0.00531	0.24175
3	0.35803	0.01762	0.02214	0.01701	0.02289	0.01871	0.15722	0.19003	0.02021	0.03476	0.01386	0.01596	0.01041	0.00733	0.00648	0.00229	0.00807	0.00595	0.00524	0.06577
4	0.02021	0.02058	0.06837	0.01481	0.01867	0.21814	0.01218	0.09772	0.02212	0.08047	0.24087	0.09489	0.03518	0.01207	0.00798	0.00231	0.00806	0.00986	0.00650	0.00901
5	0.01048	0.00755	0.00961	0.01003	0.01129	0.00711	0.00731	0.01282	0.01731	0.02346	0.28868	0.21734	0.10969	0.13002	0.01394	0.00349	0.00485	0.10141	0.00716	0.00644
6	0.01723	0.16771	0.02857	0.09816	0.37299	0.01877	0.01842	0.02094	0.01602	0.02175	0.01607	0.07334	0.01491	0.01251	0.06835	0.00308	0.00957	0.00745	0.00389	0.01027
7	0.00942	0.00745	0.00849	0.00876	0.01066	0.00651	0.00637	0.01157	0.01758	0.02243	0.20300	0.22045	0.40156	0.01944	0.00913	0.00264	0.00391	0.01678	0.00733	0.00651
8	0.01165	0.00856	0.01107	0.01091	0.01199	0.00948	0.00774	0.01498	0.07209	0.01773	0.02272	0.03765	0.02281	0.32507	0.37207	0.00936	0.01379	0.00934	0.00461	0.00637

[dist]
# distance from previous block
# <min> <max>
3	11

[block]
# block no. 10 follows, 26 sequences, length 35
# corresponding to MSA columns:
# 1397,1400-1433
name=unknown_K
#
# <colnr> <probs for GDERKNQSTAVLIFYWHMCP>
#	G	D	E	R	K	N	Q	S	T	A	V	L	I	F	Y	W	H	M	C	P
0	0.02073	0.25224	0.02521	0.01556	0.05321	0.11385	0.04518	0.06591	0.01892	0.09507	0.02721	0.02757	0.13848	0.00973	0.00677	0.00206	0.00790	0.00759	0.05731	0.00950
1	0.12045	0.01367	0.01659	0.01432	0.01782	0.04681	0.07047	0.06310	0.06138	0.06135	0.04896	0.23795	0.02632	0.01376	0.00933	0.02969	0.03855	0.01124	0.00595	0.09228
2	0.04076	0.02012	0.10241	0.02127	0.10291	0.08427	0.10837	0.11109	0.07925	0.02685	0.02717	0.12360	0.09616	0.01133	0.00803	0.00247	0.00859	0.00998	0.00548	0.00988
3	0.02244	0.01909	0.02438	0.05997	0.27412	0.06325	0.01745	0.23575	0.07811	0.05160	0.01763	0.02007	0.01368	0.01140	0.05446	0.00295	0.00958	0.00693	0.00553	0.01161
4	0.01637	0.01374	0.03643	0.01460	0.06162	0.01301	0.01100	0.10675	0.01826	0.02700	0.02466	0.07301	0.08848	0.01040	0.00885	0.00206	0.08742	0.00813	0.14724	0.23097
5	0.01002	0.00741	0.00834	0.00857	0.01045	0.00659	0.00625	0.01236	0.01745	0.02329	0.19031	0.19374	0.34937	0.01808	0.00866	0.00253	0.00386	0.01554	0.10059	0.00659
6	0.16023	0.01251	0.01492	0.01299	0.01571	0.05804	0.07855	0.01827	0.01403	0.05260	0.01914	0.02934	0.01783	0.21141	0.17934	0.00594	0.01077	0.00789	0.07320	0.00729
7	0.02257	0.06839	0.12547	0.01956	0.02583	0.13545	0.10514	0.19068	0.13375	0.04752	0.01809	0.01933	0.01358	0.00974	0.02877	0.00260	0.01019	0.00680	0.00549	0.01105
8	0.01709	0.01663	0.02576	0.09849	0.30754	0.05280	0.09840	0.02320	0.08869	0.02458	0.07848	0.09330	0.02195	0.00969	0.00803	0.00243	0.00858	0.00921	0.00490	0.01025
9	0.01927	0.02287	0.21229	0.01668	0.02275	0.05060	0.03877	0.21563	0.04544	0.03174	0.05574	0.08915	0.01973	0.01015	0.00745	0.00233	0.00821	0.00833	0.11257	0.01032
10	0.01066	0.00746	0.00884	0.00891	0.00950	0.00739	0.00564	0.01155	0.01294	0.01731	0.08885	0.09621	0.09676	0.47730	0.10333	0.00667	0.00788	0.01216	0.00528	0.00535
11	0.04476	0.08830	0.01933	0.01827	0.14397	0.01554	0.01148	0.13043	0.04199	0.02476	0.01875	0.02991	0.01821	0.28962	0.01912	0.00411	0.00770	0.00797	0.00493	0.06085
12	0.02171	0.07653	0.20044	0.02131	0.02827	0.19203	0.15891	0.06336	0.01923	0.08269	0.01539	0.01788	0.01159	0.01011	0.04480	0.00278	0.01187	0.00644	0.00438	0.01029
13	0.13040	0.01337	0.01562	0.01252	0.01741	0.01316	0.01021	0.13443	0.02202	0.35877	0.06865	0.02516	0.02003	0.00936	0.00699	0.00226	0.00609	0.00735	0.11513	0.01107
14	0.01908	0.27775	0.22759	0.02103	0.02890	0.09608	0.18252	0.02431	0.01688	0.02135	0.01278	0.01556	0.01016	0.00681	0.00680	0.00212	0.01080	0.00584	0.00346	0.01018
15	0.01805	0.03194	0.45025	0.02080	0.03000	0.01883	0.06619	0.12689	0.11041	0.02887	0.01685	0.01837	0.01214	0.00788	0.00746	0.00242	0.01014	0.00644	0.00457	0.01152
16	0.23795	0.01078	0.01127	0.01050	0.01376	0.01116	0.00845	0.02084	0.04954	0.10434	0.15774	0.04018	0.08328	0.01221	0.00721	0.00245	0.00515	0.09136	0.11355	0.00826
17	0.01868	0.05032	0.24382	0.02592	0.12563	0.01821	0.18401	0.02764	0.12534	0.07778	0.01817	0.02021	0.01340	0.00759	0.00773	0.00242	0.00995	0.00722	0.00468	0.01129
18	0.01001	0.00710	0.00883	0.00952	0.01024	0.00670	0.00628	0.01142	0.01502	0.02020	0.15956	0.36479	0.09058	0.22361	0.01772	0.00413	0.00505	0.01672	0.00659	0.00592
19	0.01691	0.01332	0.01802	0.02162	0.20212	0.01377	0.01280	0.14895	0.01873	0.02545	0.02268	0.07195	0.02306	0.26814	0.01902	0.00425	0.00784	0.07732	0.00536	0.00872
20	0.01307	0.00682	0.01014	0.01033	0.01052	0.00682	0.00720	0.01052	0.01071	0.01421	0.01611	0.02985	0.01649	0.02576	0.02756	0.69499	0.00663	0.07490	0.00369	0.00369
21	0.02781	0.03113	0.02115	0.01845	0.02280	0.50282	0.01417	0.18581	0.02475	0.02625	0.01393	0.01547	0.01099	0.00818	0.00695	0.00203	0.01189	0.00547	0.04024	0.00973
22	0.01989	0.01981	0.02095	0.06249	0.14173	0.17740	0.01510	0.08742	0.05360	0.02394	0.01572	0.01978	0.01316	0.01634	0.12232	0.00386	0.08860	0.00649	0.02974	0.06165
23	0.02048	0.19602	0.02716	0.08463	0.12565	0.16525	0.04694	0.05415	0.10582	0.02282	0.01723	0.06978	0.01512	0.00880	0.00699	0.00218	0.00929	0.00715	0.00458	0.00997
24	0.55338	0.09294	0.01554	0.01100	0.01613	0.01726	0.00932	0.02527	0.01494	0.16347	0.01442	0.01500	0.01049	0.00745	0.00530	0.00227	0.00623	0.00480	0.00547	0.00932
25	0.01952	0.11762	0.02148	0.10989	0.02439	0.07902	0.01378	0.07627	0.34702	0.02752	0.02378	0.02687	0.01904	0.00982	0.00741	0.00242	0.00775	0.04964	0.00612	0.01065
26	0.18377	0.01696	0.01781	0.01431	0.01975	0.05193	0.01167	0.19809	0.08275	0.29404	0.02206	0.02068	0.01502	0.00884	0.00699	0.00233	0.00716	0.00665	0.00753	0.01166
27	0.01469	0.00844	0.01090	0.01036	0.01268	0.00756	0.00772	0.01727	0.01897	0.15717	0.28731	0.24295	0.13995	0.01714	0.00889	0.00260	0.00442	0.01505	0.00800	0.00791
28	0.00926	0.00692	0.00861	0.00982	0.01084	0.00627	0.00674	0.01084	0.01556	0.02023	0.08461	0.53520	0.20308	0.02223	0.00947	0.00292	0.00422	0.01981	0.00711	0.00627
29	0.01582	0.00853	0.01109	0.01061	0.01269	0.00776	0.00766	0.01785	0.01736	0.18475	0.17028	0.29218	0.07498	0.11682	0.01301	0.00333	0.00511	0.01481	0.00754	0.00780
30	0.01371	0.01269	0.01777	0.21741	0.07088	0.05636	0.06439	0.01650	0.01502	0.01901	0.02694	0.12852	0.09334	0.19643	0.01600	0.00379	0.00833	0.01090	0.00468	0.00733
31	0.01788	0.01285	0.01441	0.01284	0.01660	0.01361	0.00999	0.03030	0.35524	0.12134	0.16740	0.04023	0.12999	0.01253	0.00814	0.00250	0.00526	0.01057	0.00798	0.01033
32	0.01533	0.01492	0.02442	0.01964	0.02160	0.01762	0.17724	0.01772	0.01305	0.01878	0.01535	0.02710	0.01543	0.21900	0.02477	0.00429	0.33370	0.00849	0.00382	0.00773
33	0.01847	0.01433	0.01540	0.01342	0.01752	0.01548	0.01055	0.14068	0.32407	0.06590	0.08365	0.03912	0.18400	0.01254	0.00807	0.00249	0.00575	0.01036	0.00766	0.01053
34	0.01964	0.12775	0.27145	0.02041	0.02778	0.21621	0.11209	0.02480	0.01787	0.02142	0.01718	0.01932	0.05550	0.00798	0.00716	0.00220	0.01123	0.00638	0.00376	0.00985

[dist]
# distance from previous block
# <min> <max>
0	2

[block]
# block no. 11 follows, 26 sequences, length 21
# corresponding to MSA columns:
# 1436-1456
name=unknown_L
#
# <colnr> <probs for GDERKNQSTAVLIFYWHMCP>
#	G	D	E	R	K	N	Q	S	T	A	V	L	I	F	Y	W	H	M	C	P
0	0.02158	0.01713	0.02524	0.07282	0.36853	0.01783	0.01855	0.09755	0.13998	0.11379	0.01971	0.02145	0.01491	0.00805	0.00758	0.00234	0.00812	0.00721	0.00560	0.01201
1	0.25022	0.01964	0.16152	0.01449	0.01993	0.01630	0.01373	0.10549	0.12767	0.03055	0.02136	0.14802	0.01933	0.01096	0.00703	0.00252	0.00710	0.00874	0.00568	0.00973
2	0.28558	0.01617	0.10228	0.01942	0.16165	0.01404	0.01359	0.01920	0.01491	0.02636	0.02335	0.19130	0.06034	0.01179	0.00709	0.00252	0.00676	0.00982	0.00501	0.00882
3	0.02091	0.01943	0.03436	0.03392	0.27552	0.01930	0.27563	0.14689	0.02122	0.05310	0.01602	0.01960	0.01223	0.00716	0.00811	0.00238	0.01030	0.00768	0.00473	0.01150
4	0.02696	0.01988	0.02166	0.01690	0.02248	0.02206	0.01390	0.59333	0.03322	0.04465	0.01843	0.01942	0.01353	0.01409	0.08014	0.00331	0.00959	0.00696	0.00722	0.01226
5	0.01084	0.00813	0.01219	0.01219	0.01354	0.00948	0.00948	0.01354	0.01219	0.01761	0.02032	0.02980	0.01896	0.05689	0.70337	0.01219	0.02032	0.00813	0.00406	0.00677
6	0.01087	0.00798	0.01147	0.01147	0.01258	0.00909	0.00858	0.01308	0.01198	0.01708	0.02097	0.03344	0.02054	0.18107	0.58135	0.01130	0.01794	0.00866	0.00416	0.00637
7	0.78701	0.01467	0.01115	0.00997	0.01467	0.01702	0.00821	0.02230	0.01291	0.03403	0.01056	0.01232	0.00821	0.00704	0.00469	0.00235	0.00587	0.00411	0.00469	0.00821
8	0.16209	0.01687	0.01913	0.01796	0.09224	0.01814	0.01296	0.29526	0.06316	0.11807	0.02105	0.09281	0.01717	0.01011	0.00729	0.00240	0.00719	0.00807	0.00682	0.01121
9	0.02615	0.23824	0.02741	0.01676	0.02230	0.23122	0.01406	0.28070	0.02537	0.03007	0.01397	0.01505	0.01101	0.00794	0.00655	0.00198	0.00989	0.00542	0.00519	0.01072
10	0.13942	0.02070	0.01857	0.01530	0.02020	0.16633	0.01224	0.25889	0.02544	0.14092	0.09005	0.02178	0.01888	0.00927	0.00715	0.00224	0.00831	0.00689	0.00673	0.01069
11	0.00940	0.00673	0.00895	0.01045	0.01104	0.00627	0.00705	0.01097	0.01528	0.02057	0.11173	0.65512	0.05250	0.02286	0.00960	0.00300	0.00431	0.02071	0.00718	0.00627
12	0.01194	0.00949	0.01323	0.01262	0.01339	0.01147	0.00956	0.01378	0.01179	0.01700	0.01931	0.03235	0.01947	0.21871	0.41196	0.00935	0.14541	0.00858	0.00406	0.00651
13	0.00996	0.00691	0.00859	0.00964	0.00990	0.00664	0.00605	0.01075	0.01311	0.01748	0.03456	0.45396	0.04103	0.31075	0.02138	0.00481	0.00559	0.01730	0.00605	0.00553
14	0.00926	0.00717	0.00834	0.00913	0.01056	0.00637	0.00637	0.01090	0.01592	0.02016	0.08558	0.37560	0.33288	0.05242	0.01059	0.00300	0.00424	0.01827	0.00699	0.00625
15	0.01869	0.17504	0.02763	0.17065	0.09245	0.10446	0.06310	0.02326	0.05481	0.02102	0.01349	0.01715	0.01115	0.00776	0.00863	0.00217	0.08509	0.00594	0.00385	0.09366
16	0.01569	0.01084	0.01291	0.01189	0.01524	0.01034	0.00917	0.02210	0.15336	0.11006	0.07627	0.20155	0.12307	0.01508	0.00834	0.00252	0.00528	0.06661	0.00718	0.12252
17	0.04463	0.18863	0.02557	0.01646	0.02107	0.09139	0.10218	0.08189	0.05445	0.04603	0.09320	0.05812	0.04891	0.01073	0.00816	0.00234	0.03681	0.05466	0.00543	0.00935
18	0.24972	0.02320	0.02180	0.02468	0.20906	0.24994	0.04062	0.02611	0.04476	0.02569	0.01304	0.01560	0.01057	0.00733	0.00651	0.00220	0.00969	0.00550	0.00425	0.00973
19	0.11909	0.01463	0.01633	0.03886	0.01902	0.01550	0.01093	0.20313	0.10098	0.15229	0.02381	0.10349	0.02019	0.08604	0.01064	0.00292	0.00682	0.00885	0.00692	0.03957
20	0.10155	0.01613	0.02220	0.02852	0.31952	0.04404	0.01647	0.05592	0.04980	0.02524	0.01919	0.02317	0.05266	0.01658	0.12301	0.00400	0.06021	0.00725	0.00448	0.01006

[dist]
# distance from previous block
# <min> <max>
6	63

[block]
# block no. 12 follows, 26 sequences, length 27
# corresponding to MSA columns:
# 1520-1524,1530-1537,1541-1554
name=unknown_M
#
# <colnr> <probs for GDERKNQSTAVLIFYWHMCP>
#	G	D	E	R	K	N	Q	S	T	A	V	L	I	F	Y	W	H	M	C	P
0	0.02191	0.08171	0.16899	0.01769	0.02401	0.12553	0.01654	0.17550	0.23232	0.03061	0.01968	0.01981	0.01475	0.00867	0.00722	0.00230	0.00902	0.00661	0.00577	0.01137
1	0.01710	0.08278	0.39808	0.11151	0.14423	0.07209	0.02422	0.02371	0.01651	0.02270	0.01334	0.01654	0.01010	0.00717	0.00711	0.00230	0.01067	0.00577	0.00338	0.01070
2	0.78701	0.01467	0.01115	0.00997	0.01467	0.01702	0.00821	0.02230	0.01291	0.03403	0.01056	0.01232	0.00821	0.00704	0.00469	0.00235	0.00587	0.00411	0.00469	0.00821
3	0.01360	0.01231	0.01852	0.01460	0.01937	0.01037	0.13388	0.01684	0.01606	0.02271	0.02956	0.20398	0.11206	0.01218	0.00774	0.00209	0.00646	0.01122	0.00535	0.33110
4	0.01453	0.00877	0.01033	0.00934	0.01238	0.00756	0.00722	0.01708	0.01926	0.15995	0.22169	0.05920	0.39145	0.01626	0.00869	0.00247	0.00431	0.01371	0.00786	0.00792
5	0.01707	0.01761	0.02072	0.01827	0.01910	0.11634	0.01486	0.01898	0.01313	0.01816	0.01234	0.01890	0.01178	0.02148	0.16194	0.00495	0.47606	0.00670	0.00356	0.00805
6	0.01992	0.68820	0.08638	0.01359	0.02042	0.02913	0.01405	0.02281	0.01545	0.01829	0.01076	0.01244	0.00972	0.00654	0.00503	0.00168	0.00833	0.00417	0.00324	0.00984
