[name]
unknown

[dist]
# distance from previous block
# <min> <max>
0	71

[block]
# block no. 0 follows, 35 sequences, length 64
# corresponding to MSA columns:
# 72-135
name=unknown_A
#
# <colnr> <probs for GDERKNQSTAVLIFYWHMCP>
#	G	D	E	R	K	N	Q	S	T	A	V	L	I	F	Y	W	H	M	C	P
0	0.08294	0.01529	0.01805	0.04087	0.25458	0.09104	0.01337	0.04568	0.25700	0.03683	0.01801	0.02152	0.01468	0.00771	0.00627	0.00204	0.00672	0.05353	0.00471	0.00917
1	0.01527	0.01318	0.01949	0.05993	0.31223	0.01373	0.04083	0.13902	0.08387	0.02395	0.05768	0.11710	0.01922	0.00916	0.00679	0.00209	0.00654	0.04632	0.00470	0.00889
2	0.01582	0.02269	0.30410	0.02211	0.10973	0.03706	0.23199	0.05915	0.01536	0.07117	0.01300	0.01540	0.00949	0.00595	0.00649	0.00197	0.00904	0.00578	0.00351	0.04018
3	0.01642	0.01168	0.01514	0.05439	0.09172	0.00995	0.00977	0.04569	0.01479	0.15260	0.01462	0.03500	0.01146	0.00597	0.00541	0.00137	0.00539	0.00498	0.00454	0.48910
4	0.01121	0.00941	0.00959	0.00869	0.01086	0.08349	0.00657	0.01397	0.01673	0.02326	0.46465	0.03787	0.07788	0.01091	0.00665	0.00179	0.00406	0.00932	0.09710	0.09596
5	0.01198	0.01128	0.01903	0.76180	0.04369	0.01409	0.01762	0.01621	0.01268	0.01621	0.01128	0.01691	0.00846	0.00634	0.00634	0.00211	0.00846	0.00564	0.00282	0.00705
6	0.00773	0.00552	0.00736	0.00883	0.00920	0.00515	0.00589	0.00883	0.01215	0.01619	0.03497	0.77291	0.04196	0.01987	0.00810	0.00258	0.00368	0.01803	0.00589	0.00515
7	0.00940	0.00726	0.01072	0.01052	0.01154	0.00866	0.00819	0.01152	0.01013	0.01468	0.01650	0.02476	0.01560	0.07139	0.67533	0.00954	0.06840	0.00680	0.00337	0.00569
8	0.01421	0.01436	0.14540	0.01171	0.01570	0.01145	0.01085	0.11756	0.14688	0.06441	0.29619	0.02970	0.03144	0.00958	0.00665	0.00198	0.00521	0.00807	0.05037	0.00826
9	0.01331	0.01263	0.02142	0.50424	0.29090	0.01444	0.01828	0.01737	0.01331	0.01782	0.01151	0.01648	0.00902	0.00610	0.00632	0.00203	0.00813	0.00564	0.00293	0.00812
10	0.51595	0.01170	0.01141	0.00948	0.01378	0.01234	0.00782	0.02338	0.01363	0.30353	0.01508	0.01466	0.01028	0.00665	0.00487	0.00196	0.00510	0.00457	0.00544	0.00838
11	0.01028	0.00769	0.00956	0.08605	0.01354	0.00745	0.00722	0.01389	0.06513	0.06090	0.32207	0.04625	0.30033	0.01285	0.00724	0.00207	0.00391	0.01100	0.00616	0.00641
12	0.00861	0.00640	0.00757	0.00732	0.00868	0.00584	0.00520	0.01058	0.01513	0.02033	0.39466	0.04999	0.24208	0.17533	0.01273	0.00291	0.00372	0.01154	0.00601	0.00536
13	0.00908	0.00677	0.00864	0.00977	0.01069	0.00676	0.00706	0.01247	0.09762	0.01787	0.03366	0.57353	0.03841	0.01816	0.00801	0.00258	0.00418	0.12295	0.00595	0.00584
14	0.82186	0.01227	0.00932	0.00834	0.01227	0.01423	0.00687	0.01865	0.01080	0.02846	0.00883	0.01031	0.00687	0.00589	0.00393	0.00196	0.00491	0.00344	0.00393	0.00687
15	0.00906	0.00680	0.01020	0.01020	0.01133	0.00793	0.00793	0.01133	0.01020	0.01473	0.01699	0.02492	0.01586	0.04758	0.75191	0.01020	0.01699	0.00680	0.00340	0.00566
16	0.01539	0.01516	0.02709	0.07693	0.59594	0.01516	0.12135	0.01941	0.01443	0.02042	0.01203	0.01597	0.00990	0.00565	0.00646	0.00193	0.00805	0.00592	0.00313	0.00966
17	0.01198	0.01128	0.01903	0.76180	0.04369	0.01409	0.01762	0.01621	0.01268	0.01621	0.01128	0.01691	0.00846	0.00634	0.00634	0.00211	0.00846	0.00564	0.00282	0.00705
18	0.02412	0.01777	0.01904	0.01460	0.01967	0.01967	0.01206	0.71633	0.02983	0.03998	0.01523	0.01523	0.01079	0.00762	0.00635	0.00190	0.00698	0.00571	0.00635	0.01079
19	0.01483	0.01464	0.02640	0.13914	0.48790	0.01484	0.14556	0.01893	0.01440	0.02015	0.03374	0.01709	0.01124	0.00592	0.00655	0.00197	0.00811	0.00616	0.00322	0.00923
20	0.01113	0.01045	0.06289	0.14740	0.01824	0.01007	0.01042	0.01526	0.05472	0.04024	0.40673	0.03433	0.05183	0.01078	0.00847	0.00211	0.08362	0.00900	0.00546	0.00684
21	0.02203	0.02590	0.01658	0.03555	0.01890	0.60251	0.01143	0.02378	0.01748	0.06598	0.01654	0.01744	0.08401	0.00761	0.00597	0.00172	0.01009	0.00525	0.00385	0.00738
22	0.01497	0.01711	0.03743	0.02674	0.03316	0.01604	0.71444	0.02032	0.01497	0.02032	0.01283	0.01711	0.00963	0.00535	0.00749	0.00214	0.01070	0.00749	0.00321	0.00856
23	0.01478	0.31715	0.09712	0.06412	0.01857	0.06087	0.01198	0.02030	0.13645	0.01756	0.01391	0.01636	0.01165	0.01465	0.15535	0.00341	0.00919	0.00506	0.00354	0.00798
24	0.01365	0.01263	0.01847	0.01330	0.01902	0.01038	0.16110	0.01760	0.04083	0.02082	0.01217	0.01442	0.00983	0.00499	0.00537	0.00125	0.00601	0.00470	0.00374	0.60972
25	0.02050	0.02017	0.02002	0.13059	0.17483	0.25702	0.01445	0.22500	0.01992	0.03943	0.01239	0.01448	0.00954	0.00667	0.00613	0.00184	0.00874	0.00517	0.00417	0.00896
26	0.01247	0.00920	0.01137	0.14610	0.01677	0.01013	0.00858	0.10192	0.07307	0.02098	0.03859	0.02891	0.08596	0.15284	0.08810	0.00353	0.00669	0.00748	0.17071	0.00661
27	0.01996	0.01561	0.01631	0.01322	0.01733	0.04883	0.01065	0.43964	0.15424	0.03394	0.14118	0.02216	0.02072	0.00867	0.00653	0.00195	0.00613	0.00690	0.00634	0.00967
28	0.00817	0.00612	0.00857	0.08687	0.01278	0.00608	0.00710	0.00960	0.01220	0.01620	0.03251	0.69456	0.03849	0.01847	0.00792	0.00253	0.00418	0.01675	0.00557	0.00535
29	0.00791	0.00583	0.00741	0.00831	0.00915	0.00533	0.00574	0.00942	0.01351	0.01794	0.16041	0.53590	0.15369	0.01808	0.00790	0.00241	0.00349	0.01617	0.00608	0.00533
30	0.01763	0.01550	0.02583	0.12794	0.24625	0.01597	0.20471	0.18214	0.01813	0.06281	0.01355	0.01645	0.01019	0.00624	0.00664	0.00199	0.00827	0.00620	0.00411	0.00944
31	0.00796	0.00607	0.00737	0.00823	0.00940	0.00548	0.00596	0.00951	0.01348	0.01723	0.07607	0.41441	0.28930	0.01797	0.00793	0.00243	0.00371	0.08622	0.00593	0.00533
32	0.01286	0.02765	0.56177	0.10523	0.07554	0.01425	0.02140	0.01931	0.01336	0.01972	0.01140	0.01394	0.00831	0.00595	0.00599	0.00194	0.00882	0.00480	0.00280	0.06496
33	0.44675	0.09757	0.01631	0.01224	0.01630	0.23336	0.05785	0.02077	0.01342	0.02267	0.00940	0.01110	0.00758	0.00600	0.00472	0.00182	0.00743	0.00390	0.00356	0.00726
34	0.00898	0.00648	0.00848	0.00798	0.00948	0.00599	0.00599	0.01197	0.01796	0.02544	0.73413	0.04739	0.05986	0.01297	0.00748	0.00200	0.00299	0.01147	0.00698	0.00599
35	0.01841	0.01899	0.02112	0.02525	0.31764	0.20784	0.01520	0.09116	0.09006	0.02123	0.01271	0.01515	0.01039	0.00704	0.00791	0.00196	0.09970	0.00540	0.00379	0.00904
36	0.09995	0.11160	0.03868	0.01245	0.01658	0.01704	0.01036	0.07711	0.49171	0.02600	0.02073	0.01968	0.01571	0.00778	0.00587	0.00201	0.00550	0.00613	0.00560	0.00950
37	0.01378	0.01296	0.02109	0.41041	0.30364	0.01464	0.01753	0.01926	0.08728	0.01899	0.01303	0.01715	0.01019	0.00632	0.00633	0.00203	0.00775	0.00580	0.00332	0.00849
38	0.01513	0.11319	0.32525	0.02506	0.28677	0.01592	0.05780	0.02022	0.01402	0.05129	0.01196	0.01442	0.00921	0.00586	0.00598	0.00189	0.00829	0.00512	0.00311	0.00949
39	0.01506	0.40535	0.25465	0.01419	0.01987	0.02080	0.01537	0.01866	0.01247	0.01661	0.00954	0.01187	0.00814	0.00665	0.00774	0.00182	0.14598	0.00419	0.00271	0.00831
40	0.02095	0.01209	0.01413	0.01192	0.01597	0.01262	0.00949	0.03170	0.39614	0.32805	0.02526	0.02279	0.01768	0.00823	0.00633	0.00204	0.00509	0.00678	0.04254	0.01018
41	0.06259	0.01634	0.09090	0.09257	0.07451	0.01455	0.28586	0.09044	0.01646	0.16994	0.01500	0.01702	0.01060	0.00629	0.00663	0.00204	0.00838	0.00631	0.00442	0.00917
42	0.00923	0.00615	0.00692	0.00692	0.00692	0.00615	0.00384	0.00923	0.00923	0.01230	0.01999	0.04151	0.02306	0.77705	0.03229	0.00615	0.00615	0.00923	0.00384	0.00384
43	0.00906	0.00680	0.01020	0.01020	0.01133	0.00793	0.00793	0.01133	0.01020	0.01473	0.01699	0.02492	0.01586	0.04758	0.75191	0.01020	0.01699	0.00680	0.00340	0.00566
44	0.00818	0.00585	0.00769	0.00848	0.00919	0.00546	0.00583	0.00982	0.01382	0.01889	0.25123	0.51559	0.04668	0.05108	0.00897	0.00255	0.00358	0.01561	0.00614	0.00535
45	0.82186	0.01227	0.00932	0.00834	0.01227	0.01423	0.00687	0.01865	0.01080	0.02846	0.00883	0.01031	0.00687	0.00589	0.00393	0.00196	0.00491	0.00344	0.00393	0.00687
46	0.01570	0.01507	0.02575	0.03894	0.73748	0.01507	0.01947	0.01947	0.01444	0.02073	0.01193	0.01570	0.01005	0.00565	0.00628	0.00188	0.00754	0.00565	0.00314	0.01005
47	0.01342	0.01275	0.02164	0.48141	0.31281	0.01447	0.01834	0.01747	0.01337	0.01796	0.01153	0.01644	0.00907	0.00607	0.00632	0.00202	0.00810	0.00564	0.00294	0.00821
48	0.00923	0.00641	0.00805	0.00764	0.00917	0.00594	0.00573	0.01213	0.01719	0.02473	0.60878	0.04538	0.09528	0.01249	0.00712	0.00194	0.00300	0.01093	0.10291	0.00594
49	0.02846	0.01080	0.01472	0.01129	0.01619	0.00932	0.00932	0.03092	0.01816	0.74187	0.02503	0.02159	0.01570	0.00785	0.00638	0.00196	0.00540	0.00638	0.00785	0.01080
50	0.00906	0.00680	0.01020	0.01020	0.01133	0.00793	0.00793	0.01133	0.01020	0.01473	0.01699	0.02492	0.01586	0.04758	0.75191	0.01020	0.01699	0.00680	0.00340	0.00566
51	0.00866	0.00649	0.00815	0.00780	0.00941	0.00598	0.00587	0.01130	0.01666	0.02289	0.53829	0.04882	0.20415	0.01604	0.05901	0.00259	0.00401	0.01157	0.00650	0.00583
52	0.00915	0.00677	0.01007	0.01007	0.01121	0.00787	0.00782	0.01143	0.01029	0.01500	0.01710	0.02488	0.01587	0.04636	0.72924	0.00993	0.01657	0.00677	0.02793	0.00567
53	0.01495	0.01430	0.02439	0.18536	0.59695	0.01487	0.01909	0.01881	0.01409	0.01981	0.01180	0.01595	0.00973	0.00579	0.00629	0.00193	0.00772	0.00565	0.00308	0.00944
54	0.04775	0.01198	0.01444	0.01170	0.01609	0.01196	0.00947	0.08188	0.22109	0.43593	0.02387	0.02145	0.01614	0.00797	0.00625	0.00199	0.00530	0.00645	0.03801	0.01027
55	0.01613	0.01619	0.02459	0.03348	0.55726	0.08139	0.06590	0.02058	0.05474	0.02072	0.03865	0.01700	0.01217	0.00614	0.00637	0.00190	0.00780	0.00593	0.00348	0.00955
56	0.01774	0.01588	0.01773	0.08611	0.14494	0.09867	0.01278	0.14566	0.28994	0.04166	0.04962	0.01983	0.01571	0.00766	0.00636	0.00199	0.00675	0.00634	0.00522	0.00943
57	0.01215	0.01558	0.17196	0.01754	0.14109	0.01274	0.01381	0.01695	0.08350	0.01899	0.04162	0.11538	0.12085	0.01205	0.03786	0.00254	0.14507	0.00840	0.00414	0.00779
58	0.01468	0.01403	0.02305	0.10829	0.49425	0.01534	0.01775	0.01802	0.01341	0.01917	0.01240	0.01857	0.01103	0.00737	0.00908	0.00213	0.14578	0.04355	0.00319	0.00894
59	0.01817	0.13211	0.02263	0.05952	0.09513	0.28667	0.09159	0.02237	0.08890	0.01782	0.01291	0.01672	0.01096	0.00715	0.00702	0.00189	0.06138	0.03545	0.00355	0.00805
60	0.77734	0.01340	0.04976	0.00888	0.01310	0.01426	0.00778	0.01873	0.01094	0.02800	0.00897	0.01048	0.00693	0.00590	0.00404	0.00197	0.00515	0.00350	0.00386	0.00701
61	0.01730	0.01380	0.01593	0.01509	0.08720	0.01514	0.01087	0.26149	0.28058	0.03035	0.15823	0.02460	0.02337	0.00882	0.00660	0.00201	0.00555	0.00736	0.00619	0.00951
62	0.01512	0.01450	0.02293	0.19088	0.49540	0.03380	0.01791	0.02040	0.08790	0.02022	0.01318	0.01668	0.01062	0.00613	0.00630	0.00195	0.00757	0.00577	0.00342	0.00933
63	0.00976	0.00774	0.01034	0.01160	0.08467	0.00810	0.00731	0.01114	0.01140	0.01539	0.04839	0.08814	0.15158	0.29122	0.15933	0.00515	0.05946	0.00958	0.00422	0.00548

[dist]
# distance from previous block
# <min> <max>
0	6

[block]
# block no. 1 follows, 35 sequences, length 43
# corresponding to MSA columns:
# 142-184
name=unknown_B
#
# <colnr> <probs for GDERKNQSTAVLIFYWHMCP>
#	G	D	E	R	K	N	Q	S	T	A	V	L	I	F	Y	W	H	M	C	P
0	0.01277	0.01216	0.02009	0.56413	0.14503	0.01488	0.01745	0.01659	0.01260	0.01678	0.01102	0.01637	0.00868	0.00681	0.00806	0.00216	0.09845	0.00563	0.00286	0.00749
1	0.01259	0.00765	0.00938	0.00851	0.01064	0.00739	0.00653	0.01706	0.09045	0.11288	0.44240	0.03740	0.04222	0.01086	0.00668	0.00191	0.00349	0.00938	0.15560	0.00698
2	0.00887	0.00750	0.00927	0.01079	0.09570	0.00671	0.00698	0.01106	0.01518	0.01932	0.19365	0.05322	0.48730	0.01424	0.00739	0.00211	0.00377	0.03509	0.00578	0.00606
3	0.01148	0.00699	0.01189	0.01063	0.01147	0.00686	0.09222	0.00990	0.00929	0.01242	0.01199	0.02076	0.01170	0.01985	0.02215	0.68906	0.00615	0.02872	0.00291	0.00357
4	0.82186	0.01227	0.00932	0.00834	0.01227	0.01423	0.00687	0.01865	0.01080	0.02846	0.00883	0.01031	0.00687	0.00589	0.00393	0.00196	0.00491	0.00344	0.00393	0.00687
5	0.01389	0.01301	0.02186	0.14519	0.51782	0.01338	0.01707	0.01732	0.01382	0.01933	0.01541	0.13357	0.01476	0.00797	0.00657	0.00203	0.00708	0.00757	0.00352	0.00883
6	0.00810	0.00645	0.00726	0.00706	0.00894	0.00561	0.00529	0.01026	0.01587	0.02049	0.33510	0.05553	0.46197	0.01481	0.00749	0.00208	0.00312	0.01261	0.00633	0.00561
7	0.01433	0.01106	0.01462	0.32734	0.02585	0.01283	0.01194	0.12682	0.11149	0.02343	0.01656	0.01950	0.01253	0.00715	0.00581	0.00190	0.00618	0.00593	0.23702	0.00770
8	0.06389	0.01400	0.01860	0.56767	0.06797	0.10217	0.01619	0.04356	0.01391	0.01796	0.01113	0.01574	0.00848	0.00636	0.00612	0.00203	0.00850	0.00532	0.00309	0.00734
9	0.01539	0.01208	0.01370	0.01084	0.01522	0.01154	0.00863	0.15373	0.14888	0.04486	0.14569	0.02190	0.02078	0.00756	0.00589	0.00157	0.00491	0.00623	0.00544	0.34518
10	0.01325	0.01274	0.01781	0.01547	0.01566	0.01756	0.01280	0.01480	0.00992	0.01557	0.00983	0.01554	0.00952	0.01504	0.10215	0.00355	0.64851	0.00571	0.03781	0.00675
11	0.82186	0.01227	0.00932	0.00834	0.01227	0.01423	0.00687	0.01865	0.01080	0.02846	0.00883	0.01031	0.00687	0.00589	0.00393	0.00196	0.00491	0.00344	0.00393	0.00687
12	0.02370	0.03023	0.01798	0.01634	0.01961	0.75158	0.01226	0.02533	0.01798	0.01553	0.00981	0.01144	0.00817	0.00654	0.00572	0.00163	0.01144	0.00409	0.00327	0.00735
13	0.20623	0.01637	0.01733	0.01600	0.10327	0.04467	0.01163	0.41202	0.04271	0.05013	0.01370	0.01440	0.01006	0.00698	0.00576	0.00191	0.00664	0.00518	0.00533	0.00965
14	0.82186	0.01227	0.00932	0.00834	0.01227	0.01423	0.00687	0.01865	0.01080	0.02846	0.00883	0.01031	0.00687	0.00589	0.00393	0.00196	0.00491	0.00344	0.00393	0.00687
15	0.01205	0.00857	0.01023	0.00931	0.01165	0.00859	0.00714	0.01854	0.19128	0.08150	0.44497	0.04075	0.10644	0.01177	0.00714	0.00204	0.00370	0.01019	0.00683	0.00730
16	0.00889	0.00651	0.00835	0.00797	0.00953	0.00598	0.00604	0.01175	0.01751	0.02443	0.64618	0.04955	0.12143	0.01342	0.00753	0.00204	0.00312	0.03700	0.00684	0.00592
17	0.01145	0.00976	0.01560	0.55467	0.03394	0.01176	0.01417	0.01511	0.01272	0.01736	0.01556	0.10798	0.01366	0.00812	0.00625	0.00207	0.00703	0.00716	0.12899	0.00665
18	0.02846	0.01080	0.01472	0.01129	0.01619	0.00932	0.00932	0.03092	0.01816	0.74187	0.02503	0.02159	0.01570	0.00785	0.00638	0.00196	0.00540	0.00638	0.00785	0.01080
19	0.01533	0.01381	0.02180	0.35246	0.32579	0.01533	0.01755	0.12219	0.01597	0.02162	0.01214	0.01616	0.00946	0.00625	0.00632	0.00199	0.00786	0.00565	0.00348	0.00884
20	0.00923	0.00615	0.00692	0.00692	0.00692	0.00615	0.00384	0.00923	0.00923	0.01230	0.01999	0.04151	0.02306	0.77705	0.03229	0.00615	0.00615	0.00923	0.00384	0.00384
21	0.01519	0.01252	0.01974	0.43253	0.19677	0.01419	0.01639	0.04373	0.07602	0.08989	0.01417	0.01762	0.01055	0.00657	0.00634	0.00204	0.00760	0.00585	0.00382	0.00849
22	0.01648	0.01514	0.02133	0.02837	0.44923	0.05679	0.01561	0.11257	0.08161	0.02407	0.09950	0.01989	0.01681	0.00710	0.00642	0.00191	0.00692	0.00640	0.00433	0.00951
23	0.02228	0.02345	0.01703	0.01476	0.01826	0.48039	0.01139	0.02416	0.01667	0.12900	0.01221	0.01345	0.00950	0.00694	0.00709	0.00171	0.07906	0.00454	0.00399	0.10412
24	0.00766	0.00580	0.00708	0.00810	0.00901	0.00521	0.00556	0.00892	0.01285	0.01648	0.04386	0.55682	0.25231	0.01872	0.00792	0.00244	0.00354	0.01662	0.00589	0.00521
25	0.01392	0.01199	0.01426	0.01058	0.01551	0.01045	0.00855	0.05904	0.01377	0.02122	0.01117	0.01337	0.00935	0.00564	0.00672	0.00122	0.09542	0.00409	0.00380	0.66991
26	0.01315	0.01128	0.01315	0.00940	0.01503	0.00846	0.00752	0.01597	0.01315	0.02067	0.01128	0.01315	0.00940	0.00470	0.00470	0.00094	0.00470	0.00376	0.00376	0.81583
27	0.01844	0.06337	0.01983	0.04384	0.23083	0.10359	0.01332	0.22075	0.03906	0.02554	0.01390	0.01602	0.01094	0.00685	0.00637	0.00182	0.03451	0.00542	0.11654	0.00904
28	0.02594	0.01484	0.01723	0.01321	0.01821	0.01533	0.01091	0.42871	0.02493	0.33451	0.01934	0.01790	0.01285	0.00771	0.00636	0.00193	0.00632	0.00599	0.00698	0.01079
29	0.00914	0.00641	0.00746	0.00773	0.00833	0.00624	0.00518	0.00993	0.01103	0.01429	0.02935	0.05010	0.13548	0.51881	0.02410	0.00493	0.00564	0.13689	0.00453	0.00445
30	0.67989	0.01200	0.01029	0.00887	0.01297	0.01335	0.00731	0.02084	0.01211	0.15612	0.01173	0.01233	0.00845	0.00624	0.00436	0.00196	0.00500	0.00396	0.00463	0.00757
31	0.37900	0.08578	0.01705	0.11891	0.02006	0.08402	0.05384	0.08092	0.01379	0.02384	0.01005	0.01246	0.00796	0.00647	0.00612	0.00196	0.06218	0.00441	0.00368	0.00752
32	0.01293	0.01201	0.01909	0.51362	0.14653	0.01368	0.01624	0.01777	0.05697	0.01808	0.01227	0.01669	0.00949	0.00618	0.00614	0.00194	0.00765	0.00551	0.00320	0.10400
33	0.01002	0.00657	0.00840	0.00785	0.00947	0.00610	0.00592	0.01299	0.01741	0.05112	0.62355	0.04363	0.05307	0.01212	0.00708	0.00193	0.00308	0.01063	0.10290	0.00615
34	0.01198	0.01128	0.01903	0.76180	0.04369	0.01409	0.01762	0.01621	0.01268	0.01621	0.01128	0.01691	0.00846	0.00634	0.00634	0.00211	0.00846	0.00564	0.00282	0.00705
35	0.00875	0.00648	0.00816	0.00774	0.00933	0.00589	0.00580	0.01152	0.01741	0.02413	0.62871	0.04954	0.16610	0.01346	0.00748	0.00202	0.00303	0.01177	0.00681	0.00589
36	0.00907	0.00617	0.00739	0.00784	0.00808	0.00610	0.00498	0.00962	0.01040	0.01381	0.02437	0.18003	0.02815	0.54692	0.02502	0.00511	0.00566	0.09248	0.00446	0.00432
37	0.00837	0.00598	0.00810	0.00957	0.01022	0.00571	0.00701	0.00995	0.01278	0.01692	0.03461	0.59174	0.04055	0.01927	0.00827	0.00267	0.00424	0.19284	0.00588	0.00533
38	0.00923	0.00654	0.00918	0.00918	0.00993	0.00729	0.00666	0.01056	0.00981	0.01383	0.01745	0.02913	0.01754	0.24624	0.50958	0.05870	0.01331	0.00738	0.00348	0.00499
39	0.01315	0.01128	0.01315	0.00940	0.01503	0.00846	0.00752	0.01597	0.01315	0.02067	0.01128	0.01315	0.00940	0.00470	0.00470	0.00094	0.00470	0.00376	0.00376	0.81583
40	0.02412	0.01777	0.01904	0.01460	0.01967	0.01967	0.01206	0.71633	0.02983	0.03998	0.01523	0.01523	0.01079	0.00762	0.00635	0.00190	0.00698	0.00571	0.00635	0.01079
41	0.02326	0.02748	0.01819	0.04827	0.02066	0.60612	0.01246	0.13219	0.01959	0.01935	0.01071	0.01227	0.00859	0.00670	0.00584	0.00170	0.01062	0.00441	0.00373	0.00787
42	0.00820	0.00649	0.00688	0.00683	0.00889	0.00550	0.00510	0.00991	0.01470	0.03725	0.11645	0.10273	0.61740	0.01583	0.00750	0.00215	0.00328	0.01333	0.00603	0.00554

[dist]
# distance from previous block
# <min> <max>
0	0

# created by:
# /home/berkeley/.conda/envs/busco_data_prod/bin/msa2prfl.pl pipeline/OGs_align_augustus/5794/42171.fs
