[name]
unknown

[dist]
# distance from previous block
# <min> <max>
4	442

[block]
# block no. 0 follows, 30 sequences, length 12
# corresponding to MSA columns:
# 631-642
name=unknown_A
#
# <colnr> <probs for GDERKNQSTAVLIFYWHMCP>
#	G	D	E	R	K	N	Q	S	T	A	V	L	I	F	Y	W	H	M	C	P
0	0.01340	0.07979	0.01401	0.01035	0.01352	0.01155	0.00836	0.10970	0.01821	0.02459	0.19105	0.03889	0.21005	0.01606	0.07732	0.00293	0.03401	0.00966	0.02745	0.08910
1	0.08119	0.10627	0.05191	0.01809	0.13311	0.06425	0.05525	0.04063	0.05611	0.02246	0.07904	0.18846	0.05280	0.01126	0.00706	0.00223	0.00680	0.00977	0.00496	0.00836
2	0.08453	0.17422	0.09265	0.04605	0.13659	0.06888	0.01483	0.04966	0.01532	0.05799	0.01422	0.07197	0.01271	0.00853	0.00833	0.00213	0.10389	0.00630	0.00400	0.02720
3	0.08098	0.21155	0.08713	0.03744	0.06147	0.08547	0.01239	0.02149	0.06773	0.06112	0.01645	0.01967	0.03678	0.05723	0.04026	0.03938	0.00806	0.00578	0.00413	0.04550
4	0.01143	0.00875	0.01305	0.04773	0.08114	0.00842	0.03843	0.01268	0.01269	0.01748	0.02365	0.29765	0.02614	0.09913	0.04580	0.14314	0.00646	0.01168	0.00468	0.08988
5	0.01572	0.13894	0.17725	0.03190	0.04246	0.01531	0.02982	0.11939	0.01764	0.04138	0.02468	0.11588	0.08635	0.01096	0.00703	0.00223	0.00719	0.06742	0.03966	0.00879
6	0.13341	0.04193	0.08072	0.08008	0.02237	0.10149	0.08266	0.04661	0.09839	0.02338	0.01824	0.07603	0.03722	0.01023	0.03489	0.00246	0.00823	0.00707	0.00451	0.09007
7	0.04853	0.00914	0.01045	0.01070	0.01234	0.03834	0.00784	0.03753	0.04456	0.02032	0.05972	0.38040	0.05014	0.02099	0.07870	0.05018	0.00637	0.05476	0.00574	0.05325
8	0.01686	0.06962	0.01577	0.01100	0.01617	0.04153	0.00881	0.01952	0.01530	0.11920	0.01782	0.11596	0.01604	0.00809	0.00594	0.00151	0.00562	0.00667	0.00498	0.48359
9	0.04713	0.11276	0.24936	0.09842	0.09845	0.01805	0.01808	0.15558	0.03552	0.05310	0.01488	0.04192	0.01166	0.00758	0.00653	0.00212	0.00842	0.00605	0.00434	0.01007
10	0.01890	0.15445	0.22632	0.01784	0.06828	0.09653	0.01662	0.15221	0.08286	0.02536	0.01516	0.04332	0.01224	0.00768	0.00639	0.00201	0.00857	0.00590	0.00440	0.03495
11	0.01025	0.00673	0.00894	0.00960	0.01066	0.00621	0.00673	0.01217	0.01564	0.06195	0.23541	0.50126	0.05027	0.01884	0.00860	0.00261	0.00394	0.01695	0.00696	0.00630

[dist]
# distance from previous block
# <min> <max>
5	8

[block]
# block no. 1 follows, 30 sequences, length 24
# corresponding to MSA columns:
# 651-674
name=unknown_B
#
# <colnr> <probs for GDERKNQSTAVLIFYWHMCP>
#	G	D	E	R	K	N	Q	S	T	A	V	L	I	F	Y	W	H	M	C	P
0	0.22182	0.12002	0.05151	0.01365	0.05730	0.03641	0.01092	0.08912	0.04246	0.14822	0.01800	0.02040	0.03569	0.07035	0.03398	0.00276	0.00716	0.00600	0.00517	0.00906
1	0.01575	0.00892	0.01087	0.00954	0.01227	0.00826	0.00734	0.01772	0.01650	0.22086	0.11770	0.04729	0.31488	0.10303	0.01204	0.00285	0.04862	0.01120	0.00676	0.00760
2	0.01769	0.08973	0.18677	0.04296	0.09015	0.03763	0.09969	0.06974	0.03720	0.09894	0.09422	0.02200	0.01790	0.03384	0.00789	0.00225	0.00820	0.00688	0.00474	0.03157
3	0.01070	0.00846	0.01062	0.00996	0.01171	0.00884	0.00767	0.04485	0.01625	0.02205	0.25526	0.04571	0.22668	0.05014	0.17424	0.00453	0.06876	0.01110	0.00590	0.00657
4	0.26096	0.03559	0.01529	0.09034	0.07294	0.01434	0.01090	0.07420	0.01587	0.06737	0.10842	0.05707	0.05285	0.02950	0.00838	0.00238	0.06295	0.00741	0.00511	0.00814
5	0.01524	0.01435	0.04010	0.18058	0.04467	0.06919	0.01243	0.09618	0.12814	0.02498	0.13936	0.03208	0.12713	0.01038	0.00726	0.00221	0.00670	0.00867	0.03188	0.00845
6	0.01289	0.05789	0.09995	0.01326	0.01589	0.01300	0.03693	0.01549	0.01380	0.03664	0.09307	0.03765	0.11758	0.16330	0.01685	0.00340	0.17688	0.06382	0.00465	0.00707
7	0.01656	0.10090	0.05520	0.12140	0.08791	0.01713	0.06057	0.09888	0.21053	0.02472	0.02234	0.04566	0.06149	0.03680	0.00800	0.00237	0.00733	0.00763	0.00508	0.00951
8	0.01089	0.00837	0.01090	0.01053	0.01163	0.00901	0.00780	0.04090	0.01546	0.02154	0.25403	0.21039	0.06297	0.10852	0.09428	0.00401	0.09399	0.01250	0.00591	0.00637
9	0.01730	0.10861	0.02283	0.04438	0.15225	0.04226	0.06042	0.07373	0.07686	0.05552	0.01819	0.05149	0.03903	0.03134	0.05248	0.00285	0.10004	0.00715	0.00450	0.03877
10	0.01004	0.00782	0.01019	0.09180	0.01466	0.00796	0.00789	0.01310	0.05174	0.02012	0.17676	0.24628	0.14695	0.10553	0.05430	0.00350	0.00568	0.01344	0.00595	0.00629
11	0.34583	0.05742	0.09745	0.06859	0.08137	0.01711	0.01310	0.10297	0.08059	0.05511	0.01383	0.01529	0.01041	0.00707	0.00570	0.00215	0.00692	0.00514	0.00467	0.00929
12	0.00998	0.00742	0.01094	0.01094	0.01208	0.00857	0.00837	0.01228	0.01113	0.01599	0.01895	0.02883	0.01806	0.10689	0.67339	0.01087	0.01777	0.00768	0.00378	0.00608
13	0.01871	0.17044	0.29314	0.02009	0.12571	0.06029	0.01843	0.07030	0.01690	0.09221	0.01415	0.01577	0.01061	0.00686	0.00622	0.00199	0.00869	0.00531	0.03404	0.01015
14	0.01903	0.21013	0.02554	0.03895	0.02145	0.20034	0.08746	0.05809	0.04907	0.01942	0.01284	0.01609	0.01095	0.01293	0.09439	0.00312	0.10239	0.00559	0.00372	0.00852
15	0.00961	0.00692	0.00934	0.01088	0.01187	0.00665	0.00838	0.01167	0.01458	0.01912	0.03932	0.44395	0.07402	0.02061	0.00918	0.00297	0.00500	0.28350	0.00646	0.00599
16	0.02365	0.02019	0.01919	0.01577	0.02056	0.12535	0.01262	0.39015	0.23493	0.03544	0.01944	0.01898	0.01433	0.00853	0.00691	0.00213	0.00775	0.00651	0.00651	0.01105
17	0.01727	0.01027	0.01281	0.01146	0.01452	0.01039	0.00891	0.02401	0.18268	0.21025	0.16484	0.10186	0.06009	0.01819	0.11591	0.00365	0.00695	0.00997	0.00704	0.00892
18	0.01705	0.10580	0.22261	0.01551	0.02141	0.07101	0.05123	0.14114	0.01913	0.04356	0.09273	0.06764	0.08246	0.00965	0.00697	0.00213	0.00792	0.00790	0.00495	0.00919
19	0.01432	0.03382	0.62934	0.02114	0.03103	0.01640	0.11276	0.02213	0.01496	0.02213	0.01273	0.01527	0.00907	0.00653	0.00684	0.00223	0.01050	0.00556	0.00302	0.01019
20	0.01899	0.00869	0.01066	0.00914	0.01228	0.00788	0.00722	0.02189	0.01756	0.28712	0.13249	0.03323	0.09442	0.01021	0.00653	0.00199	0.00430	0.00845	0.29846	0.00849
21	0.01084	0.00683	0.00905	0.01001	0.01095	0.00638	0.00703	0.01233	0.01411	0.07665	0.05991	0.54729	0.04218	0.08133	0.01101	0.00312	0.00461	0.07371	0.00651	0.00617
22	0.01619	0.01447	0.02444	0.30087	0.28758	0.01568	0.07480	0.04257	0.03274	0.05446	0.01446	0.01902	0.01131	0.00950	0.05000	0.00275	0.00939	0.00654	0.00380	0.00944
23	0.01549	0.01326	0.02275	0.11436	0.20712	0.01351	0.13980	0.01981	0.04820	0.07964	0.02154	0.20656	0.02071	0.01082	0.00822	0.00241	0.03187	0.01023	0.00480	0.00891

[dist]
# distance from previous block
# <min> <max>
5	8

[block]
# block no. 2 follows, 30 sequences, length 48
# corresponding to MSA columns:
# 683-730
name=unknown_C
#
# <colnr> <probs for GDERKNQSTAVLIFYWHMCP>
#	G	D	E	R	K	N	Q	S	T	A	V	L	I	F	Y	W	H	M	C	P
0	0.14968	0.09473	0.38092	0.01557	0.02297	0.01641	0.01778	0.07224	0.01584	0.05739	0.04558	0.01764	0.01271	0.04329	0.00755	0.00234	0.00831	0.00555	0.00404	0.00944
1	0.01037	0.00828	0.01087	0.01019	0.01243	0.00778	0.03998	0.01433	0.05913	0.02411	0.35158	0.05710	0.24436	0.01528	0.00837	0.00240	0.00435	0.10540	0.00692	0.00677
2	0.01275	0.01038	0.01211	0.01027	0.01429	0.00891	0.00827	0.04794	0.03852	0.02324	0.09349	0.04140	0.18201	0.01156	0.00706	0.00191	0.00497	0.11940	0.00562	0.34590
3	0.05215	0.01349	0.01755	0.15135	0.02245	0.01648	0.01311	0.11940	0.06914	0.02472	0.13371	0.02552	0.05386	0.01078	0.01221	0.00250	0.24062	0.00770	0.00498	0.00829
4	0.08978	0.01598	0.02113	0.20729	0.16679	0.01763	0.01576	0.27138	0.02170	0.08326	0.01510	0.01740	0.01108	0.00743	0.00673	0.00216	0.00789	0.00609	0.00516	0.01026
5	0.01009	0.00701	0.00883	0.00883	0.00926	0.00743	0.00575	0.01093	0.01051	0.01444	0.02087	0.03947	0.02268	0.51644	0.27016	0.00828	0.01081	0.00924	0.00406	0.00491
6	0.01400	0.03610	0.71860	0.01989	0.03020	0.01621	0.02578	0.02210	0.01473	0.02210	0.01252	0.01473	0.00884	0.00663	0.00663	0.00221	0.01031	0.00516	0.00295	0.01031
7	0.01490	0.01213	0.01298	0.01215	0.01535	0.01347	0.00954	0.02839	0.44887	0.02646	0.03465	0.03752	0.12024	0.01153	0.00728	0.00237	0.00507	0.07931	0.09849	0.00929
8	0.00907	0.00710	0.00821	0.00794	0.00993	0.00624	0.00595	0.01161	0.01786	0.02348	0.39355	0.05954	0.38265	0.01595	0.00824	0.00227	0.00341	0.01366	0.00709	0.00624
9	0.80405	0.01350	0.01026	0.00918	0.01350	0.01565	0.00756	0.02051	0.01188	0.03131	0.00972	0.01134	0.00756	0.00648	0.00432	0.00216	0.00540	0.00378	0.00432	0.00756
10	0.01527	0.01527	0.02137	0.01832	0.01832	0.02137	0.01527	0.01679	0.01069	0.01679	0.00916	0.01527	0.00916	0.01221	0.02290	0.00305	0.74198	0.00611	0.00305	0.00763
11	0.00825	0.00707	0.00707	0.00707	0.00943	0.00589	0.00530	0.01001	0.01591	0.01885	0.07069	0.06716	0.70839	0.01767	0.00825	0.00236	0.00353	0.01473	0.00648	0.00589
12	0.03131	0.01188	0.01619	0.01242	0.01781	0.01026	0.01026	0.03401	0.01997	0.71606	0.02753	0.02375	0.01727	0.00864	0.00702	0.00216	0.00594	0.00702	0.00864	0.01188
13	0.01527	0.01527	0.02137	0.01832	0.01832	0.02137	0.01527	0.01679	0.01069	0.01679	0.00916	0.01527	0.00916	0.01221	0.02290	0.00305	0.74198	0.00611	0.00305	0.00763
14	0.00848	0.00616	0.00800	0.00947	0.01006	0.00569	0.00637	0.00974	0.01359	0.01791	0.04143	0.68738	0.10706	0.02148	0.00885	0.00279	0.00400	0.01937	0.00648	0.00569
15	0.02607	0.03326	0.01978	0.01798	0.02157	0.72674	0.01348	0.02787	0.01978	0.01708	0.01079	0.01258	0.00899	0.00719	0.00629	0.00180	0.01258	0.00449	0.00360	0.00809
16	0.00888	0.00630	0.00800	0.00913	0.00959	0.00594	0.00597	0.00995	0.01308	0.01740	0.06281	0.54735	0.07498	0.16943	0.01422	0.00358	0.00454	0.01735	0.00607	0.00542
17	0.01592	0.01482	0.01667	0.11773	0.07397	0.11942	0.04297	0.02000	0.04846	0.02192	0.01637	0.05228	0.01377	0.00743	0.00608	0.00174	0.00701	0.00623	0.16356	0.23366
18	0.01867	0.10378	0.39655	0.03796	0.02583	0.09663	0.01940	0.04305	0.01648	0.12095	0.01430	0.01558	0.01025	0.00691	0.00638	0.00203	0.00931	0.00522	0.00401	0.04670
19	0.01683	0.06858	0.23260	0.09783	0.09175	0.07504	0.04996	0.06132	0.08707	0.02238	0.01384	0.01654	0.01076	0.00759	0.00851	0.00221	0.09363	0.00580	0.00381	0.03395
20	0.01324	0.01097	0.01452	0.17023	0.02080	0.03508	0.01129	0.05344	0.01442	0.04151	0.04283	0.28009	0.02605	0.09393	0.01345	0.00307	0.13159	0.01159	0.00496	0.00697
21	0.01061	0.01199	0.12447	0.04672	0.01543	0.00876	0.01025	0.03887	0.01430	0.01942	0.05779	0.39856	0.06637	0.10593	0.03467	0.00337	0.00620	0.01418	0.00545	0.00666
22	0.01692	0.08696	0.05295	0.01816	0.13914	0.09029	0.03426	0.04549	0.01561	0.02146	0.01231	0.01524	0.01033	0.00742	0.00757	0.06649	0.00735	0.00492	0.00380	0.34332
23	0.01258	0.00885	0.01233	0.01127	0.01279	0.00975	0.02925	0.01462	0.01284	0.07445	0.05712	0.03356	0.08053	0.17089	0.29331	0.00665	0.09632	0.00865	0.04767	0.00657
24	0.01588	0.01516	0.02581	0.27925	0.48569	0.01621	0.02072	0.02020	0.01523	0.02111	0.01288	0.01772	0.01046	0.00648	0.00693	0.00216	0.00863	0.00621	0.00333	0.00993
25	0.01493	0.01405	0.01832	0.02231	0.23495	0.08014	0.01340	0.01874	0.06590	0.01905	0.01642	0.02405	0.01520	0.12597	0.20548	0.00529	0.08670	0.00707	0.00389	0.00816
26	0.01124	0.00721	0.00885	0.00904	0.01082	0.00639	0.00654	0.01306	0.01575	0.10068	0.12868	0.35448	0.26512	0.01801	0.00839	0.00252	0.00401	0.01578	0.00688	0.00658
27	0.00827	0.00698	0.00716	0.00731	0.00949	0.00587	0.00541	0.00999	0.01568	0.01876	0.06778	0.12881	0.64862	0.01805	0.00831	0.00240	0.00358	0.01519	0.00648	0.00587
28	0.40694	0.01297	0.01350	0.01099	0.01587	0.01334	0.00906	0.05353	0.01655	0.35622	0.01844	0.01743	0.01233	0.00758	0.00570	0.00216	0.00574	0.00541	0.00647	0.00978
29	0.01556	0.05097	0.22722	0.15194	0.26539	0.01690	0.13019	0.02113	0.01525	0.02142	0.01286	0.01679	0.00996	0.00640	0.00696	0.00218	0.00958	0.00614	0.00324	0.00993
30	0.00888	0.00700	0.00801	0.00795	0.00986	0.00613	0.00589	0.01117	0.01712	0.02218	0.30638	0.12271	0.40836	0.01677	0.00830	0.00234	0.00349	0.01440	0.00693	0.00613
31	0.00853	0.00670	0.00772	0.00826	0.00980	0.00589	0.00589	0.01027	0.01540	0.01953	0.13274	0.32175	0.38505	0.01885	0.00849	0.00252	0.00370	0.01640	0.00662	0.00589
32	0.00868	0.00632	0.00831	0.00972	0.01039	0.00595	0.00672	0.01011	0.01361	0.01797	0.04019	0.62415	0.10109	0.02285	0.04361	0.00322	0.00483	0.05020	0.00634	0.00575
33	0.01813	0.66691	0.03559	0.06833	0.02109	0.02622	0.04430	0.02073	0.01427	0.01681	0.01012	0.01212	0.00906	0.00604	0.00485	0.00160	0.00781	0.00413	0.00302	0.00888
34	0.01727	0.01658	0.02832	0.04283	0.71123	0.01658	0.02142	0.02142	0.01589	0.02280	0.01313	0.01727	0.01105	0.00622	0.00691	0.00207	0.00829	0.00622	0.00345	0.01105
35	0.02079	0.02485	0.02268	0.01919	0.02220	0.39079	0.10923	0.02309	0.01653	0.01783	0.01358	0.01677	0.04177	0.00893	0.01141	0.00226	0.22054	0.00596	0.00357	0.00805
36	0.07538	0.01351	0.01923	0.02382	0.30719	0.01242	0.01353	0.01850	0.01474	0.02285	0.01551	0.10022	0.01455	0.00763	0.00626	0.00176	0.00637	0.00679	0.00413	0.31559
37	0.23006	0.01726	0.02037	0.01633	0.02027	0.05356	0.09047	0.21789	0.01891	0.04819	0.01270	0.01517	0.00991	0.00847	0.01029	0.00236	0.18806	0.00573	0.00478	0.00921
38	0.00833	0.00676	0.00738	0.00788	0.00964	0.00582	0.00566	0.00992	0.01513	0.01853	0.06084	0.27602	0.50589	0.01895	0.00845	0.00250	0.00369	0.01629	0.00648	0.00582
39	0.01639	0.01442	0.02380	0.33717	0.35055	0.01577	0.01935	0.02142	0.04857	0.06396	0.01445	0.01867	0.01119	0.00685	0.00695	0.00220	0.00844	0.00634	0.00380	0.00969
40	0.01777	0.01519	0.01601	0.01428	0.01830	0.01755	0.01114	0.06625	0.66878	0.02985	0.02788	0.02562	0.02088	0.00942	0.00710	0.00235	0.00562	0.00782	0.00710	0.01108
41	0.00988	0.00713	0.00933	0.00878	0.01043	0.00658	0.00658	0.01317	0.01975	0.02798	0.70754	0.05213	0.06584	0.01427	0.00823	0.00219	0.00329	0.01262	0.00768	0.00658
42	0.00936	0.00711	0.00862	0.00824	0.01011	0.00637	0.00618	0.01217	0.01854	0.02511	0.50685	0.05686	0.26833	0.01534	0.00824	0.00225	0.00337	0.01328	0.00730	0.00637
43	0.02270	0.02733	0.01781	0.01644	0.01972	0.53538	0.01230	0.02715	0.12181	0.01900	0.01668	0.10050	0.01518	0.00924	0.00672	0.00200	0.01052	0.00679	0.00446	0.00826
44	0.01727	0.01658	0.02832	0.04283	0.71123	0.01658	0.02142	0.02142	0.01589	0.02280	0.01313	0.01727	0.01105	0.00622	0.00691	0.00207	0.00829	0.00622	0.00345	0.01105
45	0.01552	0.01284	0.01730	0.11059	0.16012	0.01390	0.01316	0.02508	0.27000	0.05752	0.11786	0.06371	0.04759	0.01031	0.00741	0.00232	0.00618	0.03317	0.00593	0.00947
46	0.37938	0.13633	0.01899	0.03349	0.05537	0.04752	0.01130	0.11042	0.01552	0.02742	0.01090	0.01310	0.00886	0.00738	0.00728	0.00214	0.09720	0.00462	0.00420	0.00859
47	0.01667	0.02114	0.13399	0.01527	0.05196	0.20781	0.01297	0.07201	0.03959	0.02166	0.03210	0.03374	0.23002	0.01089	0.00715	0.00212	0.00797	0.03444	0.00490	0.04361

[dist]
# distance from previous block
# <min> <max>
0	1

[block]
# block no. 3 follows, 30 sequences, length 68
# corresponding to MSA columns:
# 732-771,785-812
name=unknown_D
#
# <colnr> <probs for GDERKNQSTAVLIFYWHMCP>
#	G	D	E	R	K	N	Q	S	T	A	V	L	I	F	Y	W	H	M	C	P
0	0.13057	0.12242	0.14281	0.01801	0.06031	0.18830	0.08116	0.04921	0.01703	0.10832	0.01355	0.01501	0.01016	0.00687	0.00617	0.00200	0.00919	0.00525	0.00424	0.00942
1	0.02399	0.08091	0.05810	0.01651	0.02136	0.37156	0.01356	0.21103	0.04799	0.02560	0.01322	0.01438	0.01033	0.00737	0.00633	0.00186	0.01001	0.00508	0.00463	0.05620
2	0.01456	0.02079	0.24040	0.02124	0.11972	0.01468	0.12078	0.02280	0.14024	0.02422	0.11958	0.02696	0.04691	0.00885	0.00738	0.00227	0.00800	0.02624	0.00478	0.00959
3	0.01155	0.00812	0.01069	0.01015	0.01025	0.00928	0.00699	0.01121	0.01005	0.01394	0.01689	0.03249	0.01843	0.37763	0.08560	0.21446	0.13578	0.00816	0.00367	0.00466
4	0.01318	0.01240	0.02093	0.73798	0.04806	0.01550	0.01938	0.01783	0.01395	0.01783	0.01240	0.01860	0.00930	0.00698	0.00698	0.00233	0.00930	0.00620	0.00310	0.00775
5	0.01801	0.02138	0.20103	0.01579	0.02150	0.05800	0.01501	0.03237	0.42913	0.07702	0.02313	0.02211	0.01701	0.00853	0.00692	0.00228	0.00723	0.00691	0.00592	0.01074
6	0.00991	0.00690	0.00915	0.01012	0.01093	0.00696	0.00744	0.01170	0.01311	0.01796	0.03097	0.31200	0.03465	0.15352	0.13568	0.00496	0.00750	0.15919	0.05161	0.00573
7	0.01726	0.15031	0.11261	0.01786	0.02439	0.11398	0.19013	0.02138	0.01571	0.02068	0.01218	0.01482	0.00979	0.00595	0.00619	0.00171	0.00895	0.00532	0.00355	0.24722
8	0.00893	0.00650	0.00780	0.00858	0.00933	0.00604	0.00565	0.01002	0.01327	0.01728	0.06550	0.39864	0.17742	0.21363	0.01575	0.00375	0.00463	0.01597	0.00593	0.00537
9	0.01400	0.03610	0.71860	0.01989	0.03020	0.01621	0.02578	0.02210	0.01473	0.02210	0.01252	0.01473	0.00884	0.00663	0.00663	0.00221	0.01031	0.00516	0.00295	0.01031
10	0.00935	0.00717	0.00955	0.01036	0.01096	0.00737	0.00733	0.01090	0.01404	0.01911	0.12632	0.55834	0.06906	0.01973	0.01019	0.00275	0.07786	0.01731	0.00630	0.00600
11	0.00847	0.00648	0.00778	0.00872	0.00988	0.00579	0.00606	0.00997	0.01455	0.01861	0.07808	0.47326	0.28724	0.02003	0.00864	0.00263	0.00383	0.01768	0.00653	0.00579
12	0.20577	0.01227	0.01476	0.01174	0.01670	0.01177	0.00966	0.05045	0.01812	0.50590	0.02272	0.02089	0.01490	0.01023	0.04079	0.00259	0.00648	0.00628	0.00737	0.01062
13	0.80405	0.01350	0.01026	0.00918	0.01350	0.01565	0.00756	0.02051	0.01188	0.03131	0.00972	0.01134	0.00756	0.00648	0.00432	0.00216	0.00540	0.00378	0.00432	0.00756
14	0.04796	0.06049	0.57707	0.01846	0.02752	0.05032	0.02269	0.04393	0.01564	0.02300	0.04156	0.01599	0.01129	0.00700	0.00652	0.00216	0.00973	0.00536	0.00337	0.00994
15	0.01921	0.18400	0.06777	0.07067	0.14929	0.10830	0.01457	0.02247	0.01581	0.09801	0.01332	0.01540	0.01056	0.00667	0.00657	0.00179	0.03536	0.00509	0.00400	0.15114
16	0.02257	0.15135	0.02233	0.08543	0.06280	0.39569	0.01357	0.02495	0.01787	0.07816	0.03178	0.03699	0.01247	0.00765	0.00627	0.00188	0.01007	0.00551	0.00407	0.00860
17	0.00964	0.00697	0.00966	0.01007	0.01084	0.00754	0.00720	0.01128	0.01152	0.01603	0.02434	0.21190	0.02631	0.19514	0.39957	0.00817	0.01248	0.01114	0.00453	0.00566
18	0.01114	0.07675	0.01325	0.01233	0.08210	0.00964	0.00838	0.01444	0.04187	0.02315	0.32211	0.10445	0.22628	0.01406	0.00777	0.00222	0.00439	0.01215	0.00638	0.00715
19	0.02637	0.01298	0.01605	0.01305	0.01793	0.01277	0.01054	0.03510	0.26024	0.47288	0.02784	0.02456	0.01870	0.00893	0.00705	0.00223	0.00579	0.00733	0.00809	0.01158
20	0.01483	0.01816	0.16180	0.17676	0.15769	0.03658	0.01751	0.04228	0.09288	0.02265	0.06903	0.02605	0.01818	0.01129	0.04929	0.00282	0.00880	0.05990	0.00438	0.00913
21	0.01044	0.00879	0.01414	0.01293	0.01462	0.00861	0.10879	0.01290	0.01530	0.02102	0.20328	0.42013	0.04367	0.01697	0.00945	0.00261	0.04815	0.01546	0.00614	0.00658
22	0.01656	0.01591	0.02469	0.03470	0.51524	0.04265	0.01849	0.02102	0.04822	0.02238	0.05740	0.02014	0.01514	0.01006	0.05028	0.00269	0.06373	0.00670	0.00389	0.01012
23	0.01400	0.03610	0.71860	0.01989	0.03020	0.01621	0.02578	0.02210	0.01473	0.02210	0.01252	0.01473	0.00884	0.00663	0.00663	0.00221	0.01031	0.00516	0.00295	0.01031
24	0.02450	0.02889	0.02358	0.01966	0.02412	0.50791	0.12786	0.11884	0.02103	0.02172	0.01218	0.01423	0.00966	0.00713	0.00672	0.00193	0.01176	0.00538	0.00406	0.00884
25	0.42795	0.27190	0.02043	0.01116	0.01597	0.08639	0.00977	0.02203	0.04226	0.02476	0.01060	0.01202	0.00875	0.00650	0.00467	0.00190	0.00679	0.00400	0.00391	0.00823
26	0.00935	0.00729	0.00913	0.00987	0.01127	0.00706	0.00756	0.01129	0.01457	0.01867	0.04700	0.28485	0.27651	0.02176	0.06330	0.00338	0.03327	0.15172	0.00613	0.00602
27	0.01384	0.01237	0.01817	0.09364	0.21628	0.01317	0.02982	0.02016	0.13951	0.02315	0.14157	0.07805	0.09213	0.01202	0.02948	0.00257	0.04062	0.00941	0.00528	0.00876
28	0.00980	0.00689	0.00835	0.00842	0.00902	0.00692	0.00545	0.01074	0.01188	0.01597	0.08263	0.09679	0.09275	0.45260	0.14648	0.00645	0.00801	0.01103	0.00480	0.00502
29	0.01631	0.02392	0.24946	0.07886	0.25602	0.11322	0.01984	0.02102	0.01531	0.02050	0.01388	0.04461	0.01199	0.05107	0.00901	0.00243	0.03330	0.00636	0.00343	0.00945
30	0.00916	0.00696	0.00826	0.00820	0.00983	0.00625	0.00595	0.01143	0.01694	0.02251	0.35398	0.13940	0.28679	0.07070	0.01032	0.00266	0.00372	0.01403	0.00686	0.00606
31	0.02067	0.49072	0.05595	0.01505	0.04207	0.23671	0.01321	0.02305	0.01593	0.01703	0.01024	0.01194	0.00903	0.00637	0.00518	0.00163	0.00913	0.00409	0.00318	0.00881
32	0.00964	0.00727	0.00972	0.00972	0.01098	0.00779	0.00722	0.01155	0.01200	0.01628	0.03004	0.03885	0.16197	0.16849	0.45676	0.00860	0.01346	0.00945	0.00439	0.00581
33	0.01908	0.14988	0.30582	0.09819	0.02733	0.01762	0.04316	0.09016	0.01734	0.14451	0.01514	0.01650	0.01076	0.00706	0.00647	0.00209	0.00874	0.00558	0.00439	0.01019
34	0.01691	0.01896	0.05152	0.11396	0.21883	0.17629	0.07785	0.02024	0.01579	0.01959	0.01676	0.14415	0.01624	0.00960	0.00817	0.00226	0.05194	0.00834	0.00393	0.00865
35	0.01209	0.00771	0.00983	0.00913	0.01132	0.00696	0.00705	0.01506	0.01893	0.10349	0.48761	0.05292	0.16552	0.01448	0.00818	0.00227	0.00381	0.04905	0.00752	0.00706
36	0.01002	0.00728	0.01024	0.01024	0.01115	0.00819	0.00750	0.01183	0.01093	0.01548	0.01958	0.03236	0.01959	0.24274	0.53963	0.01001	0.01546	0.00820	0.00387	0.00569
37	0.01212	0.00606	0.00909	0.00909	0.00909	0.00606	0.00606	0.00909	0.00909	0.01212	0.01212	0.02121	0.01212	0.02424	0.02727	0.79697	0.00606	0.00606	0.00303	0.00303
38	0.02608	0.03275	0.01982	0.01791	0.02158	0.70047	0.01347	0.05246	0.02026	0.01808	0.01101	0.01274	0.00910	0.00724	0.00632	0.00181	0.01240	0.00456	0.00372	0.00823
39	0.02653	0.01955	0.02094	0.01606	0.02164	0.02164	0.01326	0.68796	0.03281	0.04398	0.01675	0.01675	0.01187	0.00838	0.00698	0.00209	0.00768	0.00628	0.00698	0.01187
40	0.01389	0.01313	0.02222	0.61671	0.16375	0.01569	0.01974	0.01846	0.01429	0.01870	0.01253	0.01837	0.00961	0.00684	0.00696	0.00228	0.00913	0.00620	0.00316	0.00833
41	0.00850	0.00607	0.00810	0.00972	0.01012	0.00567	0.00648	0.00972	0.01336	0.01781	0.03846	0.75020	0.04615	0.02186	0.00891	0.00283	0.00405	0.01984	0.00648	0.00567
42	0.02203	0.01623	0.05232	0.01872	0.13954	0.01568	0.01338	0.30164	0.02381	0.15772	0.04765	0.02640	0.11439	0.00949	0.00718	0.00215	0.00686	0.00777	0.00643	0.01063
43	0.06541	0.01636	0.01948	0.09598	0.14214	0.12745	0.06281	0.04795	0.04943	0.10921	0.01679	0.01914	0.01276	0.00755	0.00703	0.00206	0.03579	0.00618	0.14740	0.00908
44	0.01400	0.03610	0.71860	0.01989	0.03020	0.01621	0.02578	0.02210	0.01473	0.02210	0.01252	0.01473	0.00884	0.00663	0.00663	0.00221	0.01031	0.00516	0.00295	0.01031
45	0.01318	0.01240	0.02093	0.73798	0.04806	0.01550	0.01938	0.01783	0.01395	0.01783	0.01240	0.01860	0.00930	0.00698	0.00698	0.00233	0.00930	0.00620	0.00310	0.00775
46	0.01639	0.19494	0.24441	0.01864	0.02547	0.01832	0.18391	0.04570	0.01569	0.04286	0.03571	0.01832	0.01258	0.04260	0.00839	0.00230	0.02979	0.00624	0.02847	0.00927
47	0.01335	0.01243	0.02038	0.60451	0.09541	0.01498	0.01825	0.01835	0.03918	0.01905	0.04160	0.02176	0.03667	0.00766	0.00707	0.00230	0.00865	0.00681	0.00357	0.00802
48	0.00831	0.00683	0.00732	0.00770	0.00959	0.00584	0.00558	0.00994	0.01530	0.01860	0.06298	0.23050	0.55003	0.01867	0.00841	0.00247	0.00366	0.01595	0.00648	0.00584
49	0.01552	0.01211	0.01421	0.05782	0.01737	0.01355	0.01021	0.12995	0.24800	0.02812	0.15409	0.02934	0.02668	0.01744	0.13273	0.00378	0.00781	0.00826	0.06406	0.00894
50	0.10337	0.16313	0.18771	0.01678	0.06211	0.04682	0.04719	0.06256	0.01709	0.20570	0.01592	0.01644	0.01134	0.00708	0.00618	0.00203	0.00800	0.00547	0.00491	0.01017
51	0.01302	0.01328	0.09909	0.01213	0.01541	0.01117	0.01038	0.09189	0.15277	0.02451	0.09258	0.28185	0.12411	0.01480	0.00791	0.00246	0.00538	0.01284	0.00632	0.00811
52	0.00900	0.00684	0.00802	0.00820	0.00967	0.00615	0.00581	0.01090	0.01585	0.02073	0.24694	0.20609	0.29968	0.10069	0.01146	0.00291	0.00394	0.01468	0.00658	0.00586
53	0.01591	0.03881	0.06497	0.01701	0.07573	0.03626	0.11026	0.01959	0.01507	0.04795	0.01401	0.04362	0.01183	0.00660	0.00682	0.00162	0.03797	0.00576	0.00408	0.42613
54	0.01762	0.01871	0.09185	0.19981	0.13400	0.10120	0.03281	0.09286	0.01733	0.04468	0.01498	0.02125	0.01244	0.00812	0.00787	0.00219	0.05171	0.05524	0.00413	0.07121
55	0.24925	0.13147	0.02034	0.01703	0.10638	0.12256	0.01234	0.08791	0.05245	0.02511	0.01233	0.01459	0.01014	0.00922	0.03714	0.00245	0.07125	0.00501	0.00418	0.00886
56	0.02529	0.21075	0.02420	0.01436	0.02002	0.02126	0.01241	0.40284	0.02577	0.15134	0.01675	0.01650	0.01203	0.00779	0.00634	0.00195	0.00733	0.00574	0.00622	0.01111
57	0.00945	0.00755	0.00882	0.00843	0.01017	0.00714	0.00628	0.01163	0.01656	0.02176	0.30705	0.05643	0.35989	0.08201	0.01154	0.00273	0.04690	0.01301	0.00654	0.00611
58	0.00950	0.00708	0.00883	0.00848	0.01022	0.00641	0.00633	0.01240	0.01873	0.02575	0.55373	0.08442	0.19185	0.01526	0.00826	0.00225	0.00337	0.01334	0.00739	0.00641
59	0.00983	0.00688	0.00848	0.00866	0.00990	0.00654	0.00622	0.01199	0.01547	0.02154	0.26084	0.17621	0.13181	0.13066	0.05427	0.00355	0.00503	0.04405	0.08212	0.00593
60	0.01857	0.71498	0.03608	0.01377	0.05898	0.02696	0.01250	0.02093	0.01428	0.01680	0.00990	0.01155	0.00908	0.00598	0.00462	0.00153	0.00751	0.00388	0.00301	0.00908
61	0.01189	0.00764	0.01023	0.05308	0.01372	0.00740	0.00834	0.01452	0.01616	0.07742	0.18645	0.25281	0.07382	0.01618	0.00823	0.00255	0.00473	0.14706	0.08104	0.00674
62	0.01189	0.00905	0.01147	0.01071	0.01202	0.00938	0.04670	0.01602	0.12845	0.01769	0.02458	0.04509	0.02575	0.48662	0.02565	0.00529	0.00681	0.09588	0.00497	0.00599
63	0.13621	0.01111	0.01334	0.01077	0.01506	0.01051	0.00869	0.04697	0.01772	0.44024	0.02355	0.02347	0.01632	0.05244	0.00796	0.00234	0.00550	0.00664	0.14126	0.00990
64	0.75692	0.01306	0.01013	0.00921	0.01330	0.01506	0.00749	0.01987	0.01196	0.03051	0.01142	0.05511	0.00984	0.00739	0.00459	0.00220	0.00532	0.00473	0.00445	0.00745
65	0.01435	0.00809	0.01072	0.00959	0.01197	0.00732	0.00736	0.01742	0.01949	0.17315	0.53164	0.07946	0.05462	0.01344	0.00801	0.00222	0.00389	0.01178	0.00783	0.00766
66	0.75724	0.01483	0.05222	0.00981	0.01449	0.01569	0.00864	0.02061	0.01205	0.03076	0.00988	0.01154	0.00763	0.00649	0.00446	0.00216	0.00569	0.00386	0.00424	0.00772
67	0.06950	0.01122	0.01395	0.01093	0.01587	0.00964	0.00889	0.02615	0.01782	0.43266	0.03136	0.02897	0.13606	0.00948	0.00675	0.00200	0.00535	0.00767	0.00722	0.14851

[dist]
# distance from previous block
# <min> <max>
0	9

[block]
# block no. 4 follows, 30 sequences, length 7
# corresponding to MSA columns:
# 873-879
name=unknown_E
#
# <colnr> <probs for GDERKNQSTAVLIFYWHMCP>
#	G	D	E	R	K	N	Q	S	T	A	V	L	I	F	Y	W	H	M	C	P
0	0.23189	0.11811	0.05961	0.01437	0.04293	0.13942	0.01172	0.09503	0.01636	0.02447	0.01529	0.12435	0.01461	0.00943	0.00707	0.00216	0.05349	0.00692	0.00445	0.00833
1	0.01301	0.00650	0.00650	0.00650	0.00813	0.00650	0.00488	0.01626	0.01463	0.02602	0.02276	0.02602	0.01789	0.00813	0.00488	0.00163	0.00325	0.00650	0.79350	0.00650
2	0.01216	0.00867	0.01127	0.03972	0.01357	0.00904	0.00833	0.03590	0.04949	0.06899	0.16878	0.34708	0.07848	0.03996	0.01042	0.00271	0.06788	0.01416	0.00641	0.00696
3	0.01379	0.00799	0.01008	0.00929	0.01148	0.00750	0.00705	0.01750	0.04744	0.13064	0.40512	0.10849	0.04721	0.01296	0.00754	0.00217	0.00385	0.01129	0.13113	0.00748
4	0.01407	0.00908	0.01115	0.01031	0.01200	0.00931	0.00742	0.11486	0.01605	0.07536	0.10357	0.14903	0.02887	0.23940	0.11451	0.05463	0.00757	0.01054	0.00561	0.00668
5	0.02848	0.01477	0.01778	0.01381	0.01915	0.01476	0.01135	0.25778	0.08267	0.42734	0.02392	0.02156	0.01577	0.00862	0.00701	0.00215	0.00650	0.00684	0.00794	0.01180
6	0.02686	0.03003	0.01923	0.01714	0.02101	0.61858	0.01300	0.02879	0.01981	0.12260	0.01331	0.01427	0.01024	0.00741	0.00640	0.00185	0.01158	0.00488	0.00436	0.00866

[dist]
# distance from previous block
# <min> <max>
0	1

[block]
# block no. 5 follows, 30 sequences, length 19
# corresponding to MSA columns:
# 881-899
name=unknown_F
#
# <colnr> <probs for GDERKNQSTAVLIFYWHMCP>
#	G	D	E	R	K	N	Q	S	T	A	V	L	I	F	Y	W	H	M	C	P
0	0.13459	0.00832	0.00951	0.00952	0.01157	0.00803	0.00691	0.01526	0.01434	0.12917	0.03611	0.37285	0.13442	0.06523	0.00956	0.00281	0.00465	0.01394	0.00634	0.00687
1	0.02418	0.03370	0.12927	0.01828	0.02293	0.61541	0.01541	0.02696	0.01899	0.01787	0.01106	0.01292	0.00897	0.00710	0.00635	0.00186	0.01223	0.00460	0.00349	0.00844
2	0.01362	0.01228	0.03664	0.01336	0.07823	0.00954	0.00973	0.01691	0.01542	0.02326	0.12329	0.05777	0.02156	0.00791	0.00615	0.00149	0.00530	0.02379	0.00476	0.51900
3	0.01970	0.09929	0.04131	0.06763	0.01935	0.07682	0.01191	0.04487	0.03666	0.20141	0.12860	0.02639	0.06442	0.01002	0.00932	0.00222	0.11782	0.00753	0.00573	0.00898
4	0.16593	0.01324	0.01557	0.01223	0.01732	0.01297	0.01008	0.14078	0.02050	0.45575	0.02240	0.02048	0.01468	0.00819	0.00645	0.00213	0.00603	0.00630	0.03807	0.01091
5	0.01601	0.00911	0.01166	0.01062	0.01324	0.00886	0.00813	0.04091	0.05678	0.20046	0.11231	0.14820	0.11591	0.06017	0.15022	0.00432	0.00760	0.01095	0.00658	0.00796
6	0.01804	0.11796	0.05391	0.07589	0.13786	0.09197	0.05542	0.02541	0.17918	0.06858	0.02029	0.05304	0.03215	0.00868	0.00685	0.00216	0.00784	0.03027	0.00488	0.00960
7	0.01280	0.01027	0.01071	0.01039	0.01197	0.08167	0.00766	0.04948	0.01526	0.02106	0.12929	0.12310	0.02855	0.11351	0.21054	0.00520	0.00926	0.00965	0.13311	0.00650
8	0.01201	0.00898	0.01276	0.01578	0.12195	0.00861	0.01070	0.01473	0.01585	0.05171	0.06612	0.18402	0.15538	0.01673	0.00866	0.00273	0.00563	0.27437	0.00613	0.00717
9	0.05619	0.02076	0.13672	0.09347	0.19248	0.13716	0.04318	0.02359	0.01667	0.13023	0.04599	0.01887	0.01362	0.00878	0.03044	0.00241	0.00922	0.00616	0.00441	0.00964
10	0.01242	0.01254	0.06620	0.03855	0.13851	0.01157	0.01196	0.01808	0.12058	0.02125	0.06649	0.08014	0.20346	0.01859	0.12083	0.00373	0.03178	0.01000	0.00520	0.00811
11	0.14797	0.03016	0.01828	0.01660	0.02031	0.61532	0.01255	0.02671	0.01854	0.01931	0.01062	0.01239	0.00876	0.00708	0.00598	0.00185	0.01146	0.00438	0.00371	0.00801
12	0.01441	0.00875	0.01093	0.05764	0.01445	0.00818	0.00800	0.04314	0.01683	0.16335	0.09401	0.17265	0.27038	0.05384	0.00944	0.00263	0.00491	0.03233	0.00669	0.00743
13	0.01946	0.04972	0.07114	0.06036	0.20602	0.03647	0.06718	0.08058	0.01774	0.16402	0.02044	0.07537	0.03128	0.03377	0.00813	0.00236	0.00779	0.03314	0.00518	0.00985
14	0.01470	0.01206	0.03847	0.08821	0.04591	0.01182	0.04106	0.16869	0.01857	0.04638	0.02994	0.34672	0.07916	0.01468	0.00797	0.00248	0.00616	0.01300	0.00595	0.00805
15	0.02614	0.03111	0.01996	0.01768	0.02158	0.61626	0.01345	0.13129	0.02182	0.02129	0.01172	0.01324	0.00944	0.00738	0.00640	0.00184	0.01182	0.00477	0.00413	0.00868
16	0.07599	0.01720	0.02809	0.08449	0.47597	0.04977	0.12399	0.02155	0.01573	0.02276	0.01287	0.01694	0.01050	0.00628	0.00690	0.00213	0.00889	0.00627	0.00351	0.01017
17	0.01034	0.00802	0.01119	0.06572	0.06672	0.00780	0.00847	0.01314	0.01710	0.02362	0.40162	0.18324	0.09091	0.04938	0.00944	0.00254	0.00445	0.01307	0.00655	0.00668
18	0.16381	0.08500	0.04797	0.02003	0.18194	0.04040	0.01367	0.13039	0.07028	0.07332	0.01504	0.01657	0.01159	0.00726	0.00654	0.00203	0.02903	0.00556	0.03664	0.04296

[dist]
# distance from previous block
# <min> <max>
0	12

[block]
# block no. 6 follows, 30 sequences, length 16
# corresponding to MSA columns:
# 912-927
name=unknown_G
#
# <colnr> <probs for GDERKNQSTAVLIFYWHMCP>
#	G	D	E	R	K	N	Q	S	T	A	V	L	I	F	Y	W	H	M	C	P
0	0.01801	0.01723	0.01676	0.06082	0.09219	0.18228	0.01219	0.13539	0.08254	0.02406	0.02247	0.21964	0.02219	0.01188	0.00736	0.00228	0.00765	0.02860	0.02789	0.00855
1	0.00948	0.00694	0.00840	0.00851	0.01014	0.00631	0.00633	0.01200	0.01710	0.02329	0.34073	0.17054	0.23593	0.01629	0.00819	0.00236	0.00364	0.04674	0.06083	0.00623
2	0.01223	0.05014	0.08411	0.14179	0.07336	0.01217	0.03062	0.01555	0.01508	0.02071	0.18861	0.11696	0.05874	0.08229	0.01134	0.00276	0.06133	0.00995	0.00489	0.00740
3	0.01848	0.01146	0.01355	0.01162	0.01543	0.01128	0.00910	0.05125	0.21114	0.21059	0.12207	0.09712	0.09555	0.01141	0.00733	0.00220	0.00506	0.00966	0.00721	0.07850
4	0.01427	0.01067	0.01331	0.01190	0.01383	0.01213	0.00921	0.16039	0.01674	0.02357	0.08702	0.02926	0.02157	0.14640	0.28153	0.00633	0.08199	0.00798	0.04457	0.00732
5	0.02266	0.02743	0.02312	0.01933	0.02348	0.49970	0.15957	0.02550	0.01854	0.01913	0.01271	0.01529	0.01023	0.00700	0.00658	0.00190	0.01147	0.00551	0.08263	0.00822
6	0.01250	0.01100	0.01846	0.09931	0.17685	0.01107	0.08797	0.01572	0.01495	0.02014	0.02684	0.27185	0.02889	0.01434	0.00833	0.00264	0.00698	0.15936	0.00509	0.00770
7	0.01832	0.68453	0.03505	0.01258	0.01795	0.02699	0.01227	0.02049	0.01383	0.01646	0.00965	0.01160	0.00898	0.00659	0.00632	0.00165	0.08097	0.00397	0.00299	0.00882
8	0.26709	0.01153	0.01283	0.01048	0.01495	0.01133	0.00857	0.02704	0.01663	0.39558	0.02128	0.02027	0.01437	0.00789	0.00585	0.00208	0.00535	0.00594	0.13127	0.00969
9	0.01334	0.01280	0.01814	0.45860	0.07697	0.06195	0.01606	0.01716	0.01499	0.01855	0.02400	0.03180	0.12289	0.00987	0.00739	0.00237	0.00827	0.07329	0.00402	0.00755
10	0.02003	0.23135	0.20506	0.01798	0.08807	0.01882	0.03609	0.06556	0.07381	0.15415	0.01625	0.01687	0.01196	0.00710	0.00623	0.00199	0.00797	0.00559	0.00469	0.01042
11	0.01077	0.00671	0.00737	0.00737	0.00772	0.00671	0.00437	0.01148	0.01113	0.01626	0.02216	0.04137	0.02373	0.59159	0.02882	0.00564	0.00600	0.00935	0.17671	0.00473
12	0.00955	0.00709	0.00817	0.00817	0.01011	0.00619	0.00602	0.01166	0.01662	0.04619	0.23063	0.17946	0.40071	0.01718	0.00831	0.00239	0.00365	0.01478	0.00687	0.00625
13	0.01513	0.04701	0.11824	0.26812	0.16161	0.04437	0.06059	0.01942	0.01437	0.01942	0.01412	0.01857	0.03528	0.00791	0.00945	0.00233	0.12563	0.00633	0.00330	0.00880
14	0.01634	0.04678	0.13020	0.07226	0.07408	0.12674	0.05432	0.05415	0.08956	0.02157	0.04423	0.02551	0.01703	0.07129	0.08133	0.00346	0.00982	0.04839	0.00436	0.00860
15	0.01156	0.00872	0.01312	0.01205	0.01425	0.00813	0.08842	0.01417	0.01589	0.05663	0.16101	0.18323	0.14625	0.08785	0.01123	0.00301	0.00560	0.14600	0.00623	0.00665

[dist]
# distance from previous block
# <min> <max>
12	186

[block]
# block no. 7 follows, 30 sequences, length 28
# corresponding to MSA columns:
# 1115-1128,1140-1146,1157-1163
name=unknown_H
#
# <colnr> <probs for GDERKNQSTAVLIFYWHMCP>
#	G	D	E	R	K	N	Q	S	T	A	V	L	I	F	Y	W	H	M	C	P
0	0.11990	0.05272	0.02137	0.07247	0.12741	0.07734	0.08811	0.10643	0.01775	0.07405	0.02130	0.02395	0.09683	0.00881	0.00762	0.00220	0.04525	0.02265	0.00478	0.00906
1	0.03445	0.02001	0.14565	0.01756	0.02341	0.08204	0.15954	0.07369	0.08883	0.07211	0.05886	0.04150	0.05834	0.00844	0.00711	0.00212	0.00827	0.00751	0.00498	0.08559
2	0.01816	0.04352	0.10114	0.03306	0.08835	0.10329	0.06653	0.08673	0.03550	0.07759	0.01597	0.03566	0.01296	0.01417	0.11747	0.00335	0.01005	0.00628	0.00447	0.12575
3	0.14442	0.10601	0.05055	0.01382	0.05581	0.09412	0.01091	0.07092	0.01718	0.06459	0.12862	0.07337	0.09021	0.01034	0.00728	0.00214	0.03816	0.00806	0.00524	0.00827
4	0.01689	0.13452	0.21238	0.01983	0.12339	0.01667	0.06109	0.02421	0.12551	0.08225	0.09688	0.02176	0.01864	0.00793	0.00674	0.00211	0.00772	0.00676	0.00477	0.00997
5	0.01093	0.00774	0.00910	0.00864	0.01025	0.00743	0.00622	0.05613	0.01731	0.02398	0.33438	0.09276	0.14613	0.16148	0.01335	0.00312	0.00435	0.01201	0.06839	0.00629
6	0.01364	0.01288	0.01826	0.01614	0.01652	0.01749	0.01326	0.01546	0.01085	0.01661	0.01209	0.01899	0.01170	0.02453	0.23901	0.00556	0.52002	0.00653	0.00326	0.00720
7	0.01039	0.00675	0.00885	0.00878	0.00950	0.00668	0.00600	0.01087	0.01284	0.01753	0.19043	0.06840	0.07470	0.21837	0.10892	0.21426	0.00688	0.01003	0.00493	0.00490
8	0.00863	0.00661	0.00793	0.00860	0.00992	0.00590	0.00607	0.01039	0.01533	0.01985	0.15970	0.38866	0.28908	0.01910	0.00856	0.00256	0.00374	0.01681	0.00668	0.00590
9	0.01171	0.00763	0.00999	0.01118	0.01279	0.00763	0.00957	0.01493	0.01569	0.02224	0.03321	0.06481	0.03428	0.01634	0.00838	0.00279	0.00559	0.49071	0.21410	0.00645
10	0.02607	0.03326	0.01978	0.01798	0.02157	0.72674	0.01348	0.02787	0.01978	0.01708	0.01079	0.01258	0.00899	0.00719	0.00629	0.00180	0.01258	0.00449	0.00360	0.00809
11	0.00850	0.00607	0.00810	0.00972	0.01012	0.00567	0.00648	0.00972	0.01336	0.01781	0.03846	0.75020	0.04615	0.02186	0.00891	0.00283	0.00405	0.01984	0.00648	0.00567
12	0.01447	0.01240	0.01447	0.01034	0.01654	0.00930	0.00827	0.01757	0.01447	0.02274	0.01240	0.01447	0.01034	0.00517	0.00517	0.00103	0.00517	0.00413	0.00413	0.79742
13	0.01582	0.02808	0.42760	0.02549	0.14702	0.01632	0.16388	0.02255	0.01552	0.05213	0.01361	0.01642	0.00995	0.00649	0.00703	0.00221	0.01009	0.00607	0.00340	0.01032
14	0.01282	0.08968	0.01410	0.01165	0.01365	0.03910	0.00898	0.05424	0.08733	0.02055	0.03271	0.37741	0.08867	0.01638	0.00894	0.00256	0.05334	0.05480	0.00586	0.00723
15	0.02986	0.01419	0.01763	0.01352	0.01897	0.01370	0.01117	0.23173	0.02385	0.51286	0.02427	0.02164	0.01564	0.00856	0.00701	0.00214	0.00646	0.00680	0.00814	0.01187
16	0.00895	0.00701	0.00808	0.00841	0.01006	0.00612	0.00593	0.01054	0.01463	0.01878	0.08301	0.32215	0.33130	0.07056	0.01024	0.00276	0.00405	0.01558	0.00623	0.05562
17	0.01798	0.29088	0.32612	0.01651	0.02375	0.12554	0.01820	0.02266	0.01528	0.03882	0.01156	0.01343	0.00915	0.00675	0.00645	0.00193	0.03768	0.00464	0.00322	0.00944
18	0.01008	0.00703	0.00831	0.00855	0.00914	0.00698	0.00568	0.01092	0.01176	0.01540	0.02963	0.05190	0.10610	0.51623	0.07213	0.00601	0.00709	0.10741	0.00478	0.00487
19	0.00862	0.00616	0.00824	0.00985	0.01031	0.00577	0.00669	0.00992	0.01348	0.01795	0.03840	0.72074	0.04589	0.02175	0.00894	0.00285	0.00415	0.04811	0.00648	0.00570
20	0.01888	0.52043	0.03252	0.05047	0.05599	0.02423	0.04502	0.09784	0.01654	0.02065	0.01119	0.01307	0.00957	0.00626	0.00523	0.00165	0.00769	0.00451	0.00357	0.05466
21	0.17440	0.01217	0.01476	0.01214	0.01598	0.01247	0.05289	0.12405	0.04749	0.14202	0.27936	0.03073	0.03265	0.01016	0.00702	0.00218	0.00546	0.00850	0.00677	0.00882
22	0.00998	0.00669	0.00766	0.00783	0.00787	0.00665	0.00446	0.01010	0.01048	0.01397	0.02368	0.11814	0.02751	0.67936	0.03278	0.00636	0.00649	0.01114	0.00446	0.00438
23	0.01463	0.01142	0.01611	0.15969	0.10196	0.01157	0.01205	0.03637	0.01663	0.08321	0.17378	0.03124	0.10783	0.01001	0.00811	0.00208	0.05234	0.00838	0.00532	0.13728
24	0.35568	0.04258	0.10262	0.01600	0.07647	0.01566	0.07862	0.04114	0.05934	0.07959	0.01739	0.01855	0.05429	0.00752	0.00592	0.00218	0.00693	0.00586	0.00468	0.00899
25	0.05093	0.00793	0.00994	0.01018	0.01136	0.00824	0.00741	0.01244	0.01376	0.04887	0.07483	0.38468	0.13681	0.05751	0.05800	0.00343	0.07685	0.01466	0.00591	0.00627
26	0.01659	0.01232	0.01660	0.02059	0.22016	0.05578	0.01210	0.01958	0.03904	0.13821	0.02482	0.25090	0.02470	0.06741	0.04593	0.00312	0.00715	0.01092	0.00549	0.00859
27	0.01775	0.08115	0.05269	0.08884	0.13013	0.12369	0.08971	0.03476	0.05056	0.07105	0.01988	0.06992	0.04994	0.01076	0.03520	0.00254	0.02783	0.03022	0.00447	0.00892

[dist]
# distance from previous block
# <min> <max>
0	42

[block]
# block no. 8 follows, 30 sequences, length 17
# corresponding to MSA columns:
# 1207-1223
name=unknown_I
#
# <colnr> <probs for GDERKNQSTAVLIFYWHMCP>
#	G	D	E	R	K	N	Q	S	T	A	V	L	I	F	Y	W	H	M	C	P
0	0.06427	0.07937	0.10865	0.01236	0.03274	0.03274	0.01059	0.01771	0.06591	0.04257	0.07223	0.14618	0.08102	0.09555	0.05323	0.00321	0.00696	0.00954	0.00503	0.06015
1	0.01768	0.02202	0.17666	0.08964	0.09437	0.08463	0.10708	0.12208	0.06523	0.02484	0.01651	0.01882	0.03801	0.00752	0.00739	0.00213	0.03020	0.00640	0.00427	0.06453
2	0.08484	0.01215	0.01526	0.11908	0.06157	0.06390	0.05782	0.01701	0.04390	0.02149	0.07928	0.10922	0.15417	0.01291	0.00772	0.00245	0.00666	0.11791	0.00530	0.00736
3	0.01387	0.01092	0.01513	0.26701	0.02560	0.01224	0.01220	0.06741	0.10823	0.04392	0.16888	0.09552	0.05197	0.01196	0.00889	0.05722	0.00638	0.00937	0.00549	0.00779
4	0.01703	0.10057	0.06858	0.14630	0.19218	0.11892	0.01601	0.04662	0.07866	0.02124	0.01905	0.04931	0.05523	0.00862	0.00682	0.00214	0.00834	0.03105	0.00420	0.00912
5	0.01435	0.01267	0.01201	0.01102	0.01283	0.13078	0.00829	0.01603	0.01476	0.02001	0.10014	0.05372	0.09027	0.06366	0.01278	0.08439	0.10224	0.00812	0.17300	0.05895
6	0.01224	0.01061	0.01646	0.19768	0.02304	0.01234	0.05857	0.01482	0.01361	0.01867	0.11537	0.08585	0.02475	0.12103	0.04331	0.03496	0.13711	0.04849	0.00441	0.00669
7	0.00949	0.00697	0.00823	0.00807	0.00938	0.00642	0.00560	0.01139	0.01585	0.02125	0.32948	0.08334	0.21452	0.22141	0.01585	0.00353	0.00435	0.01276	0.00637	0.00572
8	0.01405	0.01330	0.01834	0.01601	0.01608	0.01804	0.01293	0.01536	0.01062	0.01618	0.01199	0.02136	0.01252	0.14555	0.06735	0.00420	0.56898	0.00690	0.00330	0.00695
