[name]
unknown

[dist]
# distance from previous block
# <min> <max>
0	10

[block]
# block no. 0 follows, 31 sequences, length 40
# corresponding to MSA columns:
# 10-49
name=unknown_A
#
# <colnr> <probs for GDERKNQSTAVLIFYWHMCP>
#	G	D	E	R	K	N	Q	S	T	A	V	L	I	F	Y	W	H	M	C	P
0	0.01102	0.00787	0.01102	0.01260	0.01417	0.00787	0.01102	0.01417	0.01575	0.02047	0.03622	0.07717	0.03937	0.01890	0.00945	0.00315	0.00630	0.67084	0.00630	0.00630
1	0.80789	0.01323	0.01006	0.00900	0.01323	0.01535	0.00741	0.02011	0.01164	0.03070	0.00953	0.01111	0.00741	0.00635	0.00423	0.00212	0.00529	0.00370	0.00423	0.00741
2	0.00809	0.00693	0.00693	0.00693	0.00924	0.00578	0.00520	0.00982	0.01559	0.01848	0.06931	0.06584	0.71411	0.01733	0.00809	0.00231	0.00347	0.01444	0.00635	0.00578
3	0.02527	0.01845	0.01974	0.01522	0.02048	0.02039	0.01254	0.65617	0.03117	0.04213	0.01675	0.01693	0.01196	0.00820	0.00673	0.00203	0.00729	0.00617	0.05105	0.01134
4	0.01292	0.01216	0.02052	0.74312	0.04712	0.01520	0.01900	0.01748	0.01368	0.01748	0.01216	0.01824	0.00912	0.00684	0.00684	0.00228	0.00912	0.00608	0.00304	0.00760
5	0.01829	0.76368	0.03585	0.01171	0.01756	0.02707	0.01171	0.02049	0.01390	0.01610	0.00951	0.01097	0.00878	0.00585	0.00439	0.00146	0.00732	0.00366	0.00293	0.00878
6	0.16432	0.01637	0.01863	0.19325	0.02614	0.01868	0.01346	0.40583	0.02391	0.03457	0.01413	0.01591	0.01025	0.00754	0.00637	0.00212	0.00751	0.00570	0.00544	0.00988
7	0.01292	0.01216	0.02052	0.74312	0.04712	0.01520	0.01900	0.01748	0.01368	0.01748	0.01216	0.01824	0.00912	0.00684	0.00684	0.00228	0.00912	0.00608	0.00304	0.00760
8	0.01497	0.01497	0.02095	0.01796	0.01796	0.02095	0.01497	0.01646	0.01048	0.01646	0.00898	0.01497	0.00898	0.01197	0.02245	0.00299	0.74704	0.00599	0.00299	0.00748
9	0.01693	0.01626	0.02777	0.04199	0.71689	0.01626	0.02100	0.02100	0.01558	0.02235	0.01287	0.01693	0.01084	0.00610	0.00677	0.00203	0.00813	0.00610	0.00339	0.01084
10	0.01302	0.01231	0.01844	0.28190	0.02718	0.01606	0.01488	0.01558	0.01212	0.01702	0.01534	0.15014	0.01560	0.01181	0.01425	0.00269	0.34240	0.00846	0.00362	0.00718
11	0.01292	0.01216	0.02052	0.74312	0.04712	0.01520	0.01900	0.01748	0.01368	0.01748	0.01216	0.01824	0.00912	0.00684	0.00684	0.00228	0.00912	0.00608	0.00304	0.00760
12	0.01652	0.01006	0.01475	0.12777	0.10263	0.01001	0.01125	0.04009	0.01580	0.20412	0.02729	0.33684	0.02703	0.01351	0.00766	0.00241	0.00586	0.01206	0.00606	0.00830
13	0.01702	0.01470	0.01547	0.01392	0.01779	0.01702	0.01083	0.03635	0.70453	0.02862	0.02785	0.02553	0.02088	0.00928	0.00696	0.00232	0.00541	0.00773	0.00696	0.01083
14	0.80789	0.01323	0.01006	0.00900	0.01323	0.01535	0.00741	0.02011	0.01164	0.03070	0.00953	0.01111	0.00741	0.00635	0.00423	0.00212	0.00529	0.00370	0.00423	0.00741
15	0.80789	0.01323	0.01006	0.00900	0.01323	0.01535	0.00741	0.02011	0.01164	0.03070	0.00953	0.01111	0.00741	0.00635	0.00423	0.00212	0.00529	0.00370	0.00423	0.00741
16	0.01387	0.01313	0.02224	0.57702	0.20580	0.01545	0.01947	0.01831	0.01413	0.01863	0.01233	0.01793	0.00953	0.00666	0.00682	0.00222	0.00888	0.00608	0.00312	0.00837
17	0.01169	0.00917	0.01326	0.08354	0.14116	0.00953	0.01018	0.01361	0.01251	0.01686	0.02177	0.04251	0.02323	0.36712	0.06323	0.00497	0.00776	0.13740	0.00430	0.00621
18	0.01561	0.01287	0.01674	0.01601	0.14311	0.01046	0.01055	0.01881	0.01474	0.06140	0.01312	0.01519	0.01064	0.00544	0.00548	0.00126	0.00566	0.00458	0.00418	0.61414
19	0.00869	0.00695	0.00777	0.00756	0.00961	0.00603	0.00567	0.01099	0.01702	0.02187	0.31276	0.06027	0.46855	0.01606	0.00808	0.00225	0.00338	0.01366	0.00680	0.00603
20	0.01435	0.01390	0.01919	0.01657	0.01693	0.01889	0.01369	0.01674	0.03760	0.01837	0.10283	0.02014	0.01678	0.01214	0.01997	0.00286	0.62095	0.00690	0.00374	0.00747
21	0.01538	0.01541	0.02873	0.03188	0.36994	0.01492	0.24216	0.01982	0.01627	0.02274	0.10867	0.02377	0.04333	0.00745	0.00743	0.00215	0.00844	0.00789	0.00407	0.00953
22	0.01739	0.01729	0.02673	0.03868	0.62139	0.06555	0.02005	0.02112	0.01549	0.02156	0.01245	0.01648	0.01057	0.00656	0.00781	0.00208	0.05905	0.00597	0.00337	0.01041
23	0.01693	0.01626	0.02777	0.04199	0.71689	0.01626	0.02100	0.02100	0.01558	0.02235	0.01287	0.01693	0.01084	0.00610	0.00677	0.00203	0.00813	0.00610	0.00339	0.01084
24	0.01292	0.01216	0.02052	0.74312	0.04712	0.01520	0.01900	0.01748	0.01368	0.01748	0.01216	0.01824	0.00912	0.00684	0.00684	0.00228	0.00912	0.00608	0.00304	0.00760
25	0.01693	0.01626	0.02777	0.04199	0.71689	0.01626	0.02100	0.02100	0.01558	0.02235	0.01287	0.01693	0.01084	0.00610	0.00677	0.00203	0.00813	0.00610	0.00339	0.01084
26	0.01082	0.00872	0.01240	0.01182	0.01261	0.01069	0.00913	0.01270	0.01073	0.01559	0.01699	0.02731	0.01671	0.15313	0.48515	0.00875	0.15960	0.00747	0.00361	0.00607
27	0.01372	0.03539	0.72412	0.01950	0.02961	0.01589	0.02528	0.02167	0.01444	0.02167	0.01228	0.01444	0.00867	0.00650	0.00650	0.00217	0.01011	0.00506	0.00289	0.01011
28	0.00886	0.00633	0.00854	0.01013	0.01075	0.00601	0.00727	0.01044	0.01362	0.01805	0.03742	0.62243	0.04410	0.02094	0.00887	0.00285	0.00443	0.14693	0.00634	0.00570
29	0.70146	0.01301	0.01085	0.00943	0.01381	0.01462	0.00777	0.02192	0.01273	0.12531	0.01192	0.01278	0.00871	0.00664	0.00460	0.00212	0.00536	0.00414	0.00481	0.00799
30	0.01292	0.01216	0.02052	0.74312	0.04712	0.01520	0.01900	0.01748	0.01368	0.01748	0.01216	0.01824	0.00912	0.00684	0.00684	0.00228	0.00912	0.00608	0.00304	0.00760
31	0.01419	0.01216	0.01419	0.01013	0.01621	0.00912	0.00811	0.01723	0.01419	0.02229	0.01216	0.01419	0.01013	0.00507	0.00507	0.00101	0.00507	0.00405	0.00405	0.80139
32	0.02341	0.01298	0.01590	0.01190	0.01753	0.01136	0.00972	0.12634	0.01933	0.34094	0.01949	0.01863	0.01343	0.00707	0.00615	0.00167	0.00578	0.00565	0.00646	0.32625
33	0.05706	0.01622	0.01845	0.01420	0.01956	0.01696	0.01173	0.42962	0.02684	0.28823	0.01999	0.01871	0.01339	0.00824	0.00676	0.00208	0.00683	0.00633	0.00733	0.01148
34	0.02045	0.02410	0.01631	0.01541	0.01828	0.48628	0.01189	0.02270	0.01862	0.01890	0.10635	0.03098	0.02242	0.01044	0.00710	0.00210	0.00989	0.14576	0.00462	0.00740
35	0.01702	0.01470	0.01547	0.01392	0.01779	0.01702	0.01083	0.03635	0.70453	0.02862	0.02785	0.02553	0.02088	0.00928	0.00696	0.00232	0.00541	0.00773	0.00696	0.01083
36	0.01693	0.01626	0.02777	0.04199	0.71689	0.01626	0.02100	0.02100	0.01558	0.02235	0.01287	0.01693	0.01084	0.00610	0.00677	0.00203	0.00813	0.00610	0.00339	0.01084
37	0.00834	0.00595	0.00794	0.00953	0.00992	0.00556	0.00635	0.00953	0.01310	0.01746	0.03771	0.75510	0.04525	0.02143	0.00873	0.00278	0.00397	0.01945	0.00635	0.00556
38	0.80789	0.01323	0.01006	0.00900	0.01323	0.01535	0.00741	0.02011	0.01164	0.03070	0.00953	0.01111	0.00741	0.00635	0.00423	0.00212	0.00529	0.00370	0.00423	0.00741
39	0.06667	0.01585	0.01732	0.01365	0.01880	0.01669	0.01110	0.33049	0.16342	0.12541	0.01909	0.01853	0.01374	0.00787	0.00645	0.00196	0.00637	0.00611	0.00650	0.13399

[dist]
# distance from previous block
# <min> <max>
0	1

[block]
# block no. 1 follows, 31 sequences, length 86
# corresponding to MSA columns:
# 51-136
name=unknown_B
#
# <colnr> <probs for GDERKNQSTAVLIFYWHMCP>
#	G	D	E	R	K	N	Q	S	T	A	V	L	I	F	Y	W	H	M	C	P
0	0.01645	0.01473	0.02265	0.28842	0.30076	0.01579	0.01775	0.11337	0.01706	0.02348	0.01303	0.01703	0.01025	0.00655	0.00662	0.00201	0.00807	0.00588	0.00382	0.09629
1	0.01215	0.01136	0.01992	0.38471	0.05905	0.01260	0.11630	0.01584	0.01394	0.01832	0.02027	0.24413	0.02045	0.01113	0.00760	0.00243	0.00787	0.01048	0.00413	0.00734
2	0.01045	0.00804	0.01118	0.01233	0.09018	0.00754	0.00806	0.01373	0.01882	0.02658	0.61361	0.04770	0.07904	0.01320	0.00792	0.00214	0.00379	0.01173	0.00702	0.00693
3	0.01479	0.01348	0.02060	0.52475	0.03872	0.01696	0.01756	0.09387	0.01517	0.02019	0.01205	0.01742	0.00938	0.00796	0.00977	0.00239	0.14738	0.00607	0.00346	0.00803
4	0.01259	0.01090	0.01558	0.01896	0.22800	0.00990	0.01108	0.01575	0.01631	0.02311	0.22957	0.06112	0.12923	0.01041	0.00705	0.00192	0.00519	0.00922	0.00530	0.17881
5	0.00950	0.00699	0.00889	0.00842	0.01011	0.00638	0.00631	0.01256	0.01894	0.02642	0.64039	0.05277	0.13808	0.01436	0.00807	0.00217	0.00325	0.01261	0.00740	0.00638
6	0.01292	0.01216	0.02052	0.74312	0.04712	0.01520	0.01900	0.01748	0.01368	0.01748	0.01216	0.01824	0.00912	0.00684	0.00684	0.00228	0.00912	0.00608	0.00304	0.00760
7	0.16241	0.00860	0.00810	0.00772	0.01007	0.00926	0.00596	0.01903	0.09196	0.02683	0.02054	0.02281	0.01601	0.00782	0.00493	0.00177	0.00383	0.00603	0.55923	0.00707
8	0.01292	0.01216	0.02052	0.74312	0.04712	0.01520	0.01900	0.01748	0.01368	0.01748	0.01216	0.01824	0.00912	0.00684	0.00684	0.00228	0.00912	0.00608	0.00304	0.00760
9	0.80789	0.01323	0.01006	0.00900	0.01323	0.01535	0.00741	0.02011	0.01164	0.03070	0.00953	0.01111	0.00741	0.00635	0.00423	0.00212	0.00529	0.00370	0.00423	0.00741
10	0.57117	0.01325	0.01338	0.07904	0.08507	0.01482	0.01008	0.02146	0.01311	0.10690	0.01207	0.01370	0.00897	0.00661	0.00502	0.00212	0.00597	0.00451	0.00452	0.00824
11	0.02556	0.03261	0.01939	0.01763	0.02115	0.73210	0.01322	0.02732	0.01939	0.01674	0.01058	0.01234	0.00881	0.00705	0.00617	0.00176	0.01234	0.00441	0.00353	0.00793
12	0.01024	0.00804	0.01164	0.01428	0.10699	0.00798	0.00925	0.01257	0.01427	0.01941	0.10947	0.30115	0.08946	0.02348	0.14420	0.00416	0.00739	0.09387	0.00557	0.00659
13	0.01693	0.01626	0.02777	0.04199	0.71689	0.01626	0.02100	0.02100	0.01558	0.02235	0.01287	0.01693	0.01084	0.00610	0.00677	0.00203	0.00813	0.00610	0.00339	0.01084
14	0.01094	0.00854	0.01121	0.01059	0.01092	0.01011	0.00758	0.01191	0.01034	0.01464	0.01808	0.03375	0.01948	0.41242	0.22243	0.00707	0.16243	0.00842	0.00378	0.00537
15	0.01292	0.01216	0.02052	0.74312	0.04712	0.01520	0.01900	0.01748	0.01368	0.01748	0.01216	0.01824	0.00912	0.00684	0.00684	0.00228	0.00912	0.00608	0.00304	0.00760
16	0.03070	0.01164	0.01588	0.01217	0.01746	0.01006	0.01006	0.03334	0.01958	0.72163	0.02699	0.02329	0.01694	0.00847	0.00688	0.00212	0.00582	0.00688	0.00847	0.01164
17	0.00827	0.00623	0.00766	0.00880	0.00973	0.00562	0.00603	0.00961	0.01380	0.01775	0.04657	0.56174	0.23289	0.02028	0.00855	0.00265	0.00383	0.01804	0.00635	0.00562
18	0.01387	0.01313	0.02225	0.57624	0.20654	0.01545	0.01948	0.01832	0.01413	0.01864	0.01233	0.01793	0.00953	0.00666	0.00682	0.00222	0.00888	0.00608	0.00312	0.00837
19	0.00849	0.00607	0.00807	0.00942	0.00996	0.00566	0.00636	0.00991	0.01381	0.01859	0.11418	0.67542	0.04743	0.02059	0.00866	0.00271	0.00389	0.01865	0.00648	0.00566
20	0.01777	0.68125	0.11376	0.01259	0.01892	0.02580	0.01324	0.02062	0.01396	0.01673	0.00982	0.01137	0.00877	0.00593	0.00463	0.00154	0.00763	0.00382	0.00292	0.00893
21	0.02494	0.01686	0.01894	0.04492	0.02110	0.01835	0.01240	0.44951	0.13052	0.16046	0.01985	0.01909	0.01387	0.00836	0.00687	0.00211	0.00697	0.00652	0.00699	0.01135
22	0.80789	0.01323	0.01006	0.00900	0.01323	0.01535	0.00741	0.02011	0.01164	0.03070	0.00953	0.01111	0.00741	0.00635	0.00423	0.00212	0.00529	0.00370	0.00423	0.00741
23	0.02566	0.02953	0.01965	0.01719	0.02117	0.56933	0.01317	0.17998	0.02231	0.02278	0.01191	0.01327	0.00946	0.00732	0.00632	0.00183	0.01124	0.00481	0.00428	0.00878
24	0.00989	0.00688	0.00870	0.00870	0.00913	0.00731	0.00569	0.01075	0.01032	0.01418	0.02042	0.03848	0.02214	0.51077	0.27988	0.00817	0.01074	0.00903	0.00398	0.00483
25	0.02501	0.01760	0.01898	0.01469	0.01980	0.01927	0.01209	0.59775	0.02988	0.07569	0.01751	0.01762	0.01245	0.00820	0.00665	0.00201	0.00704	0.00622	0.08040	0.01115
26	0.01188	0.00594	0.00891	0.00891	0.00891	0.00594	0.00594	0.00891	0.00891	0.01188	0.01188	0.02080	0.01188	0.02377	0.02674	0.80095	0.00594	0.00594	0.00297	0.00297
27	0.31010	0.01415	0.01541	0.01206	0.01721	0.01442	0.03754	0.16146	0.01812	0.16883	0.01510	0.01551	0.01081	0.00689	0.00561	0.00190	0.00608	0.00509	0.00555	0.15815
28	0.02520	0.01728	0.01898	0.01490	0.02008	0.01883	0.01219	0.48422	0.14334	0.14260	0.01993	0.01899	0.01399	0.00843	0.00687	0.00211	0.00692	0.00653	0.00711	0.01150
29	0.01473	0.01789	0.11027	0.02525	0.10233	0.01499	0.41619	0.01953	0.01485	0.02047	0.01561	0.04933	0.01372	0.11970	0.01180	0.00293	0.00999	0.00823	0.00360	0.00860
30	0.27680	0.01941	0.01783	0.05604	0.16926	0.22818	0.01295	0.02381	0.01580	0.10229	0.01267	0.01447	0.00973	0.00677	0.00579	0.00200	0.00825	0.00491	0.00426	0.00879
31	0.00923	0.00703	0.00859	0.00836	0.01018	0.00639	0.00636	0.01193	0.01760	0.02367	0.43903	0.05625	0.27452	0.01687	0.03810	0.00262	0.00408	0.04604	0.00692	0.00621
32	0.02490	0.01462	0.01673	0.01328	0.01805	0.01526	0.01082	0.30476	0.12179	0.26865	0.02225	0.02101	0.01537	0.00843	0.00665	0.00206	0.00619	0.00665	0.09155	0.01096
33	0.01392	0.01267	0.02089	0.39417	0.26571	0.01422	0.01740	0.01774	0.01392	0.01897	0.01388	0.02110	0.01183	0.09184	0.00990	0.00266	0.00826	0.00654	0.03614	0.00824
34	0.01499	0.01394	0.02301	0.05787	0.52648	0.01392	0.01779	0.01862	0.01541	0.02141	0.02148	0.06447	0.07914	0.00915	0.00725	0.00221	0.00735	0.07187	0.00408	0.00956
35	0.01999	0.01403	0.01556	0.01354	0.01772	0.01550	0.01066	0.03570	0.55554	0.17936	0.02766	0.02504	0.02003	0.00910	0.00694	0.00228	0.00550	0.00755	0.00729	0.01101
36	0.01337	0.01262	0.02134	0.66376	0.12293	0.01532	0.01923	0.01788	0.01389	0.01803	0.01224	0.01809	0.00931	0.00676	0.00683	0.00225	0.00901	0.00608	0.00308	0.00797
37	0.00833	0.00682	0.00735	0.00747	0.00946	0.00584	0.00551	0.01020	0.01579	0.01956	0.15183	0.14820	0.54513	0.01738	0.00816	0.00235	0.00350	0.01477	0.00651	0.00584
38	0.00976	0.00739	0.00945	0.01035	0.01182	0.00728	0.00810	0.01277	0.04914	0.01906	0.04151	0.26182	0.18674	0.02247	0.09065	0.00370	0.00632	0.22943	0.00606	0.00618
39	0.09619	0.38333	0.12323	0.01505	0.04352	0.10053	0.03070	0.09766	0.01654	0.02176	0.01101	0.01261	0.00907	0.00639	0.00531	0.00176	0.00821	0.00441	0.00359	0.00914
40	0.01206	0.00752	0.00991	0.00901	0.01104	0.00686	0.00686	0.01522	0.01939	0.10601	0.63560	0.04796	0.05916	0.01336	0.00793	0.00215	0.00352	0.01175	0.00764	0.00704
41	0.00968	0.00699	0.00914	0.00861	0.01022	0.00646	0.00646	0.01291	0.01937	0.02743	0.71328	0.05110	0.06455	0.01399	0.00807	0.00215	0.00323	0.01237	0.00753	0.00646
42	0.00977	0.00733	0.01100	0.01100	0.01222	0.00855	0.00855	0.01222	0.01100	0.01588	0.01833	0.02688	0.01710	0.05131	0.73245	0.01100	0.01833	0.00733	0.00367	0.00611
43	0.02436	0.03061	0.01956	0.01766	0.02079	0.65161	0.01342	0.02609	0.01838	0.01671	0.01039	0.01264	0.00883	0.00761	0.00801	0.00190	0.09550	0.00459	0.00346	0.00788
44	0.02868	0.01193	0.01583	0.01205	0.01744	0.01029	0.00992	0.05158	0.01935	0.62186	0.02499	0.02205	0.01600	0.00807	0.00667	0.00199	0.00579	0.00654	0.00792	0.10103
45	0.02601	0.01916	0.02053	0.01574	0.02122	0.02122	0.01300	0.69408	0.03217	0.04312	0.01643	0.01643	0.01163	0.00821	0.00684	0.00205	0.00753	0.00616	0.00684	0.01163
46	0.02575	0.02696	0.01987	0.01683	0.02118	0.43370	0.01313	0.30720	0.02475	0.02781	0.01303	0.01405	0.01000	0.00754	0.00645	0.00188	0.01032	0.00514	0.00492	0.00949
47	0.02556	0.03261	0.01939	0.01763	0.02115	0.73210	0.01322	0.02732	0.01939	0.01674	0.01058	0.01234	0.00881	0.00705	0.00617	0.00176	0.01234	0.00441	0.00353	0.00793
48	0.01372	0.03539	0.72412	0.01950	0.02961	0.01589	0.02528	0.02167	0.01444	0.02167	0.01228	0.01444	0.00867	0.00650	0.00650	0.00217	0.01011	0.00506	0.00289	0.01011
49	0.00852	0.00603	0.00788	0.00929	0.00964	0.00568	0.00610	0.00957	0.01274	0.01699	0.03588	0.67470	0.04294	0.10498	0.01169	0.00321	0.00427	0.01837	0.00610	0.00540
50	0.00968	0.00699	0.00914	0.00861	0.01022	0.00646	0.00646	0.01291	0.01937	0.02743	0.71328	0.05110	0.06455	0.01399	0.00807	0.00215	0.00323	0.01237	0.00753	0.00646
51	0.01292	0.01216	0.02052	0.74312	0.04712	0.01520	0.01900	0.01748	0.01368	0.01748	0.01216	0.01824	0.00912	0.00684	0.00684	0.00228	0.00912	0.00608	0.00304	0.00760
52	0.01702	0.01470	0.01547	0.01392	0.01779	0.01702	0.01083	0.03635	0.70453	0.02862	0.02785	0.02553	0.02088	0.00928	0.00696	0.00232	0.00541	0.00773	0.00696	0.01083
53	0.02017	0.02254	0.02511	0.03222	0.42511	0.28753	0.04580	0.02343	0.01704	0.02021	0.01204	0.01525	0.01005	0.00644	0.00660	0.00194	0.00986	0.00554	0.00344	0.00967
54	0.01702	0.01470	0.01547	0.01392	0.01779	0.01702	0.01083	0.03635	0.70453	0.02862	0.02785	0.02553	0.02088	0.00928	0.00696	0.00232	0.00541	0.00773	0.00696	0.01083
55	0.00848	0.00610	0.00804	0.00934	0.00993	0.00567	0.00632	0.00992	0.01389	0.01863	0.11523	0.65239	0.06978	0.02045	0.00864	0.00269	0.00387	0.01848	0.00648	0.00567
56	0.01051	0.00787	0.00986	0.00921	0.01108	0.00765	0.00695	0.01556	0.09692	0.02757	0.63569	0.04821	0.05961	0.01345	0.00794	0.00217	0.00348	0.01185	0.00747	0.00695
57	0.01693	0.01626	0.02777	0.04199	0.71689	0.01626	0.02100	0.02100	0.01558	0.02235	0.01287	0.01693	0.01084	0.00610	0.00677	0.00203	0.00813	0.00610	0.00339	0.01084
58	0.02556	0.03261	0.01939	0.01763	0.02115	0.73210	0.01322	0.02732	0.01939	0.01674	0.01058	0.01234	0.00881	0.00705	0.00617	0.00176	0.01234	0.00441	0.00353	0.00793
59	0.02129	0.01204	0.01367	0.01137	0.01523	0.01245	0.00910	0.15503	0.16072	0.22842	0.02366	0.02314	0.01692	0.00843	0.00622	0.00198	0.00523	0.00676	0.25854	0.00980
60	0.00810	0.00687	0.00699	0.00708	0.00928	0.00576	0.00526	0.00980	0.01545	0.01842	0.06749	0.10553	0.67560	0.01756	0.00812	0.00234	0.00349	0.01473	0.00635	0.00576
61	0.00958	0.00699	0.00900	0.00850	0.01016	0.00641	0.00637	0.01271	0.01912	0.02686	0.67200	0.05205	0.10619	0.01420	0.00807	0.00216	0.00324	0.01251	0.00746	0.00641
62	0.01699	0.01170	0.01403	0.01250	0.01531	0.01271	0.00972	0.09915	0.20575	0.13436	0.12013	0.19369	0.02963	0.01271	0.00893	0.00240	0.07401	0.01057	0.00675	0.00893
63	0.00830	0.00694	0.00723	0.00716	0.00937	0.00587	0.00537	0.01023	0.01610	0.01968	0.15569	0.06386	0.62698	0.01688	0.00808	0.00229	0.00343	0.01416	0.00651	0.00587
64	0.01829	0.76368	0.03585	0.01171	0.01756	0.02707	0.01171	0.02049	0.01390	0.01610	0.00951	0.01097	0.00878	0.00585	0.00439	0.00146	0.00732	0.00366	0.00293	0.00878
65	0.02790	0.01311	0.01655	0.01260	0.01802	0.01204	0.01038	0.15542	0.02131	0.51298	0.02328	0.02094	0.01515	0.00802	0.00666	0.00198	0.00605	0.00642	0.00765	0.10351
66	0.01789	0.01447	0.01654	0.01452	0.01779	0.01712	0.01153	0.03235	0.51146	0.08994	0.02423	0.02334	0.01829	0.00971	0.00986	0.00243	0.14459	0.00733	0.00636	0.01028
67	0.01419	0.01216	0.01419	0.01013	0.01621	0.00912	0.00811	0.01723	0.01419	0.02229	0.01216	0.01419	0.01013	0.00507	0.00507	0.00101	0.00507	0.00405	0.00405	0.80139
68	0.00993	0.00671	0.00784	0.00784	0.00797	0.00684	0.00462	0.01019	0.01006	0.01355	0.02121	0.04285	0.02404	0.68340	0.10984	0.00710	0.00789	0.00967	0.00409	0.00436
69	0.01624	0.01524	0.02418	0.16107	0.46695	0.01621	0.01873	0.02325	0.14449	0.02266	0.01555	0.01878	0.01242	0.00683	0.00682	0.00213	0.00779	0.00640	0.00400	0.01026
70	0.01913	0.01161	0.01668	0.01380	0.01776	0.01118	0.10184	0.02527	0.15720	0.26943	0.03198	0.15329	0.09653	0.01173	0.00758	0.00235	0.00597	0.03053	0.00683	0.00933
71	0.01140	0.00614	0.00866	0.00866	0.00870	0.00617	0.00563	0.00924	0.00920	0.01231	0.01419	0.02620	0.01487	0.18469	0.05084	0.60316	0.00648	0.00686	0.00325	0.00333
72	0.00987	0.00697	0.00915	0.00915	0.00974	0.00755	0.00625	0.01103	0.01045	0.01452	0.02001	0.03621	0.02116	0.42092	0.36839	0.00872	0.01222	0.00870	0.00392	0.00508
73	0.01364	0.01704	0.15367	0.29200	0.20977	0.01439	0.05290	0.01831	0.01435	0.01973	0.01592	0.11741	0.01445	0.00852	0.00708	0.00226	0.00847	0.00781	0.00357	0.00870
74	0.02193	0.02352	0.02527	0.02005	0.02502	0.28819	0.21012	0.17034	0.10090	0.02531	0.01479	0.01653	0.01128	0.00719	0.00696	0.00205	0.01026	0.00624	0.00462	0.00944
75	0.01409	0.01272	0.01765	0.17312	0.02333	0.01546	0.04684	0.02162	0.21551	0.02009	0.01787	0.02371	0.01528	0.10488	0.08127	0.00379	0.17308	0.00724	0.00440	0.00804
76	0.00981	0.00720	0.01033	0.01033	0.01132	0.00819	0.00773	0.01179	0.01080	0.01539	0.01893	0.03023	0.01856	0.18418	0.60157	0.01018	0.01613	0.00782	0.00376	0.00574
77	0.80789	0.01323	0.01006	0.00900	0.01323	0.01535	0.00741	0.02011	0.01164	0.03070	0.00953	0.01111	0.00741	0.00635	0.00423	0.00212	0.00529	0.00370	0.00423	0.00741
78	0.00920	0.00669	0.00846	0.00867	0.00988	0.00619	0.00619	0.01141	0.01629	0.02225	0.37672	0.24415	0.12815	0.08435	0.01072	0.00277	0.00385	0.03140	0.00674	0.00592
79	0.01608	0.30871	0.32920	0.01549	0.02281	0.02036	0.01740	0.02397	0.14370	0.02085	0.01415	0.01520	0.01100	0.00678	0.00578	0.00193	0.00817	0.00503	0.00367	0.00974
80	0.00835	0.00611	0.00785	0.00917	0.00985	0.00561	0.00621	0.00967	0.01361	0.01790	0.06266	0.64532	0.13122	0.02068	0.00863	0.00270	0.00388	0.01859	0.00639	0.00561
81	0.63125	0.01355	0.03434	0.00975	0.01400	0.01454	0.00827	0.05382	0.01386	0.05376	0.08544	0.01615	0.01406	0.00733	0.00494	0.00212	0.00536	0.00490	0.00481	0.00775
82	0.01627	0.04029	0.02675	0.16533	0.57494	0.01643	0.02033	0.02036	0.01519	0.02128	0.01263	0.01697	0.01046	0.00622	0.00671	0.00206	0.00828	0.00601	0.00331	0.01019
83	0.01538	0.01375	0.02120	0.12374	0.30565	0.01368	0.04053	0.07441	0.01678	0.02372	0.09351	0.05773	0.01835	0.00785	0.00679	0.00195	0.00705	0.00720	0.00436	0.14637
84	0.01672	0.01521	0.02363	0.03174	0.46788	0.01540	0.03942	0.09889	0.05855	0.02486	0.04411	0.02412	0.09292	0.00806	0.00703	0.00210	0.00732	0.00742	0.00448	0.01016
85	0.08405	0.04427	0.11535	0.02059	0.15196	0.09339	0.07757	0.02475	0.09549	0.11508	0.01576	0.01708	0.01182	0.00680	0.00635	0.00196	0.00795	0.00574	0.00456	0.09951

[dist]
# distance from previous block
# <min> <max>
1	47

[block]
# block no. 2 follows, 31 sequences, length 51
# corresponding to MSA columns:
# 184-234
name=unknown_C
#
# <colnr> <probs for GDERKNQSTAVLIFYWHMCP>
#	G	D	E	R	K	N	Q	S	T	A	V	L	I	F	Y	W	H	M	C	P
0	0.01505	0.01810	0.10340	0.15995	0.09033	0.13270	0.09208	0.04321	0.01602	0.01988	0.02338	0.13224	0.10430	0.01019	0.00726	0.00223	0.00842	0.00896	0.00424	0.00805
1	0.13722	0.08241	0.04765	0.02185	0.21758	0.01479	0.09238	0.04834	0.01499	0.02296	0.01708	0.15900	0.01667	0.00909	0.00656	0.00210	0.00702	0.00814	0.00425	0.06991
2	0.21390	0.03657	0.01740	0.03780	0.17181	0.01421	0.03043	0.10353	0.01724	0.06812	0.09936	0.02640	0.01996	0.00892	0.00648	0.00217	0.00635	0.07623	0.03434	0.00877
3	0.06602	0.01862	0.11869	0.01362	0.01844	0.11146	0.01219	0.14916	0.06661	0.15112	0.10165	0.02604	0.07907	0.02785	0.00750	0.00221	0.00712	0.00737	0.00593	0.00932
4	0.06796	0.01650	0.01980	0.05495	0.25676	0.11144	0.01400	0.02296	0.05591	0.09892	0.01456	0.01651	0.01135	0.00646	0.00613	0.00178	0.00740	0.00539	0.00437	0.20683
5	0.01339	0.01285	0.02302	0.02325	0.19368	0.01245	0.20865	0.01687	0.01514	0.02099	0.09404	0.17842	0.04609	0.04407	0.00950	0.00249	0.03461	0.01049	0.00460	0.03540
6	0.00855	0.00676	0.00770	0.00787	0.00963	0.00591	0.00575	0.01057	0.01609	0.02061	0.23065	0.19615	0.41499	0.01726	0.00821	0.00236	0.00350	0.01488	0.00666	0.00591
7	0.01802	0.42091	0.09981	0.01299	0.01907	0.02158	0.01273	0.11350	0.01643	0.02158	0.01123	0.01282	0.00942	0.00631	0.00569	0.00159	0.03265	0.00430	0.00368	0.15569
8	0.01485	0.01318	0.01759	0.06619	0.16838	0.01151	0.01175	0.01916	0.05458	0.02235	0.01322	0.01570	0.01084	0.00565	0.00566	0.00139	0.00601	0.00484	0.00401	0.53310
9	0.01714	0.06874	0.01521	0.01334	0.05531	0.01190	0.00965	0.12795	0.05931	0.15320	0.02806	0.35525	0.02826	0.01406	0.00753	0.00237	0.00548	0.01226	0.00642	0.00854
10	0.00927	0.00674	0.00886	0.01001	0.01089	0.00650	0.00720	0.01181	0.04504	0.01973	0.12927	0.53487	0.04601	0.01953	0.00866	0.00272	0.00425	0.10609	0.00653	0.00601
11	0.01231	0.01942	0.31727	0.01452	0.01968	0.01071	0.03683	0.01679	0.01464	0.06112	0.07751	0.31622	0.02825	0.01318	0.00759	0.00241	0.00690	0.01162	0.00498	0.00806
12	0.01414	0.10178	0.66137	0.01879	0.02851	0.01691	0.02404	0.02156	0.01439	0.02116	0.01203	0.01413	0.00868	0.00644	0.00631	0.00210	0.00986	0.00493	0.00289	0.00999
13	0.01615	0.01845	0.04037	0.02884	0.03576	0.01730	0.69204	0.02191	0.01615	0.02191	0.01384	0.01845	0.01038	0.00577	0.00807	0.00231	0.01153	0.00807	0.00346	0.00923
14	0.00981	0.00666	0.00742	0.00742	0.00760	0.00657	0.00423	0.00994	0.01038	0.01367	0.02524	0.04640	0.07805	0.70229	0.03276	0.00630	0.00639	0.01030	0.00432	0.00427
15	0.10740	0.02113	0.01903	0.01895	0.12665	0.26718	0.01305	0.12936	0.04141	0.16782	0.01562	0.01620	0.01145	0.00737	0.00633	0.00198	0.00866	0.00547	0.00521	0.00974
16	0.01928	0.01601	0.02018	0.01600	0.02077	0.01722	0.11588	0.29529	0.23378	0.03204	0.02675	0.02627	0.11015	0.00941	0.00724	0.00221	0.00694	0.00807	0.00629	0.01022
17	0.80789	0.01323	0.01006	0.00900	0.01323	0.01535	0.00741	0.02011	0.01164	0.03070	0.00953	0.01111	0.00741	0.00635	0.00423	0.00212	0.00529	0.00370	0.00423	0.00741
18	0.01323	0.01248	0.02108	0.68902	0.09880	0.01528	0.01915	0.01775	0.01383	0.01786	0.01221	0.01814	0.00925	0.00678	0.00683	0.00226	0.00904	0.00608	0.00307	0.00785
19	0.00852	0.00619	0.00805	0.00918	0.00992	0.00571	0.00628	0.01007	0.01426	0.01908	0.14422	0.59346	0.09983	0.01997	0.00858	0.00265	0.00382	0.01797	0.00653	0.00571
20	0.00858	0.00622	0.00827	0.00965	0.01029	0.00591	0.00671	0.01000	0.01325	0.01759	0.03813	0.62505	0.08210	0.02311	0.05873	0.00334	0.00507	0.05619	0.00616	0.00565
21	0.03070	0.01164	0.01588	0.01217	0.01746	0.01006	0.01006	0.03334	0.01958	0.72163	0.02699	0.02329	0.01694	0.00847	0.00688	0.00212	0.00582	0.00688	0.00847	0.01164
22	0.01275	0.00638	0.00638	0.00638	0.00797	0.00638	0.00478	0.01594	0.01435	0.02551	0.02232	0.02551	0.01754	0.00797	0.00478	0.00159	0.00319	0.00638	0.79755	0.00638
23	0.00847	0.00695	0.00747	0.00734	0.00948	0.00594	0.00550	0.01057	0.01651	0.02065	0.22560	0.06226	0.55646	0.01652	0.00808	0.00227	0.00341	0.01394	0.00664	0.00594
24	0.02601	0.01916	0.02053	0.01574	0.02122	0.02122	0.01300	0.69408	0.03217	0.04312	0.01643	0.01643	0.01163	0.00821	0.00684	0.00205	0.00753	0.00616	0.00684	0.01163
25	0.02601	0.01916	0.02053	0.01574	0.02122	0.02122	0.01300	0.69408	0.03217	0.04312	0.01643	0.01643	0.01163	0.00821	0.00684	0.00205	0.00753	0.00616	0.00684	0.01163
26	0.01292	0.01216	0.02052	0.74312	0.04712	0.01520	0.01900	0.01748	0.01368	0.01748	0.01216	0.01824	0.00912	0.00684	0.00684	0.00228	0.00912	0.00608	0.00304	0.00760
27	0.01419	0.01216	0.01419	0.01013	0.01621	0.00912	0.00811	0.01723	0.01419	0.02229	0.01216	0.01419	0.01013	0.00507	0.00507	0.00101	0.00507	0.00405	0.00405	0.80139
28	0.80789	0.01323	0.01006	0.00900	0.01323	0.01535	0.00741	0.02011	0.01164	0.03070	0.00953	0.01111	0.00741	0.00635	0.00423	0.00212	0.00529	0.00370	0.00423	0.00741
29	0.01615	0.01845	0.04037	0.02884	0.03576	0.01730	0.69204	0.02191	0.01615	0.02191	0.01384	0.01845	0.01038	0.00577	0.00807	0.00231	0.01153	0.00807	0.00346	0.00923
30	0.01545	0.01056	0.01141	0.01010	0.01288	0.01131	0.00787	0.14466	0.15996	0.02978	0.16136	0.02898	0.02659	0.00949	0.00627	0.00194	0.00445	0.00782	0.33082	0.00827
31	0.80789	0.01323	0.01006	0.00900	0.01323	0.01535	0.00741	0.02011	0.01164	0.03070	0.00953	0.01111	0.00741	0.00635	0.00423	0.00212	0.00529	0.00370	0.00423	0.00741
32	0.01412	0.01310	0.02164	0.60278	0.14915	0.01563	0.01904	0.04809	0.01479	0.01937	0.01246	0.01796	0.00950	0.00679	0.00683	0.00223	0.00890	0.00609	0.00326	0.00828
33	0.02078	0.00873	0.01063	0.00897	0.01222	0.00802	0.00714	0.02372	0.01669	0.33685	0.02441	0.02451	0.01727	0.00819	0.00572	0.00183	0.00437	0.00660	0.44462	0.00873
34	0.01829	0.76368	0.03585	0.01171	0.01756	0.02707	0.01171	0.02049	0.01390	0.01610	0.00951	0.01097	0.00878	0.00585	0.00439	0.00146	0.00732	0.00366	0.00293	0.00878
35	0.80789	0.01323	0.01006	0.00900	0.01323	0.01535	0.00741	0.02011	0.01164	0.03070	0.00953	0.01111	0.00741	0.00635	0.00423	0.00212	0.00529	0.00370	0.00423	0.00741
36	0.00977	0.00733	0.01100	0.01100	0.01222	0.00855	0.00855	0.01222	0.01100	0.01588	0.01833	0.02688	0.01710	0.05131	0.73245	0.01100	0.01833	0.00733	0.00367	0.00611
37	0.00831	0.00681	0.00733	0.00748	0.00945	0.00583	0.00550	0.01015	0.01571	0.01941	0.14166	0.15734	0.54632	0.01748	0.00817	0.00235	0.00351	0.01487	0.00649	0.00583
38	0.00830	0.00610	0.00778	0.00913	0.00982	0.00559	0.00617	0.00957	0.01348	0.01762	0.04258	0.64891	0.14829	0.02080	0.00863	0.00271	0.00389	0.01868	0.00635	0.00559
39	0.01372	0.03539	0.72412	0.01950	0.02961	0.01589	0.02528	0.02167	0.01444	0.02167	0.01228	0.01444	0.00867	0.00650	0.00650	0.00217	0.01011	0.00506	0.00289	0.01011
40	0.67997	0.07100	0.01255	0.00948	0.01393	0.01580	0.00797	0.02128	0.01250	0.08913	0.01103	0.01215	0.00834	0.00649	0.00447	0.00207	0.00549	0.00397	0.00450	0.00788
41	0.01822	0.27616	0.24897	0.02003	0.14820	0.01976	0.01766	0.08000	0.01639	0.07576	0.01294	0.01457	0.00999	0.00651	0.00589	0.00189	0.00825	0.00500	0.00376	0.01004
42	0.01340	0.03291	0.66234	0.01846	0.02770	0.01509	0.02346	0.02066	0.01406	0.02094	0.01308	0.01706	0.01006	0.07141	0.00894	0.00255	0.00981	0.00548	0.00300	0.00960
43	0.00900	0.00660	0.00866	0.00976	0.01071	0.00600	0.00677	0.01046	0.01335	0.01806	0.03542	0.65183	0.04188	0.01988	0.00846	0.00265	0.00420	0.05599	0.00615	0.07420
44	0.01646	0.01810	0.14348	0.01662	0.07211	0.12059	0.01383	0.02027	0.04079	0.10375	0.02279	0.19582	0.02237	0.01226	0.00877	0.00242	0.07126	0.08493	0.00505	0.00832
45	0.00995	0.00663	0.00746	0.00746	0.00746	0.00663	0.00415	0.00995	0.00995	0.01327	0.02156	0.04477	0.02487	0.75957	0.03482	0.00663	0.00663	0.00995	0.00415	0.00415
46	0.00979	0.00727	0.01069	0.01069	0.01181	0.00839	0.00817	0.01202	0.01090	0.01566	0.01860	0.02842	0.01777	0.11236	0.67232	0.01062	0.01732	0.00756	0.00371	0.00594
47	0.01495	0.01407	0.02371	0.27687	0.42886	0.01505	0.01907	0.01911	0.01526	0.02114	0.07300	0.02032	0.01488	0.00703	0.00691	0.00213	0.00804	0.00663	0.00363	0.00936
48	0.01368	0.01272	0.02123	0.50224	0.21323	0.01473	0.01822	0.01772	0.01384	0.01835	0.01315	0.02020	0.01091	0.07153	0.00923	0.00259	0.00865	0.00642	0.00322	0.00812
49	0.01639	0.01516	0.02476	0.27053	0.43645	0.01634	0.01965	0.07786	0.01638	0.02254	0.01294	0.01732	0.01034	0.00652	0.00680	0.00212	0.00840	0.00610	0.00357	0.00984
50	0.01020	0.00725	0.00988	0.01132	0.01244	0.00714	0.00916	0.01255	0.01453	0.01903	0.03536	0.25862	0.03972	0.08343	0.01144	0.00335	0.00570	0.43684	0.00613	0.00591

[dist]
# distance from previous block
# <min> <max>
0	692

# created by:
# /home/berkeley/.conda/envs/busco_data_prod/bin/msa2prfl.pl pipeline/OGs_align_augustus/5794/42868.fs
