[name]
unknown

[dist]
# distance from previous block
# <min> <max>
0	7

[block]
# block no. 0 follows, 31 sequences, length 60
# corresponding to MSA columns:
# 7-66
name=unknown_A
#
# <colnr> <probs for GDERKNQSTAVLIFYWHMCP>
#	G	D	E	R	K	N	Q	S	T	A	V	L	I	F	Y	W	H	M	C	P
0	0.19420	0.01648	0.01475	0.01306	0.01694	0.15077	0.01057	0.12175	0.06111	0.10548	0.03481	0.02836	0.01786	0.00974	0.00660	0.00220	0.00718	0.13550	0.00560	0.04705
1	0.02039	0.01593	0.02319	0.02946	0.40334	0.01640	0.01671	0.14298	0.11500	0.12086	0.01748	0.01889	0.01320	0.00723	0.00683	0.00209	0.00733	0.00644	0.00517	0.01108
2	0.51511	0.07900	0.01478	0.01247	0.05798	0.05114	0.00946	0.02328	0.10576	0.05671	0.01297	0.01396	0.01001	0.00681	0.00497	0.00207	0.00602	0.00455	0.00458	0.00840
3	0.02540	0.01858	0.01988	0.01531	0.02061	0.02053	0.01263	0.66295	0.03135	0.04231	0.01670	0.01684	0.01191	0.00820	0.00675	0.00203	0.00733	0.00617	0.04314	0.01139
4	0.02564	0.03008	0.01960	0.01727	0.02116	0.59864	0.01318	0.15250	0.02179	0.02170	0.01167	0.01310	0.00934	0.00727	0.00630	0.00182	0.01143	0.00474	0.00415	0.00863
5	0.02516	0.01240	0.01870	0.01437	0.01939	0.01133	0.10923	0.02975	0.07794	0.48592	0.09835	0.02574	0.02140	0.00873	0.00719	0.00217	0.00634	0.00771	0.00751	0.01067
6	0.00834	0.00595	0.00794	0.00953	0.00992	0.00556	0.00635	0.00953	0.01310	0.01746	0.03771	0.75510	0.04525	0.02143	0.00873	0.00278	0.00397	0.01945	0.00635	0.00556
7	0.00809	0.00693	0.00693	0.00693	0.00924	0.00578	0.00520	0.00982	0.01559	0.01848	0.06931	0.06584	0.71411	0.01733	0.00809	0.00231	0.00347	0.01444	0.00635	0.00578
8	0.01594	0.01991	0.09915	0.02803	0.03523	0.01718	0.63472	0.02189	0.01600	0.02189	0.01371	0.01811	0.01023	0.00583	0.00794	0.00229	0.01141	0.00781	0.00341	0.00930
9	0.01606	0.01776	0.03740	0.07452	0.13134	0.01703	0.55724	0.02151	0.01592	0.02170	0.01360	0.01823	0.01037	0.00588	0.00782	0.00227	0.01091	0.00768	0.00342	0.00935
10	0.00834	0.00595	0.00794	0.00953	0.00992	0.00556	0.00635	0.00953	0.01310	0.01746	0.03771	0.75510	0.04525	0.02143	0.00873	0.00278	0.00397	0.01945	0.00635	0.00556
11	0.00878	0.00627	0.00843	0.00991	0.01053	0.00592	0.00701	0.01034	0.01377	0.01837	0.07023	0.62656	0.04537	0.02072	0.00880	0.00280	0.00426	0.10985	0.00640	0.00570
12	0.01593	0.12291	0.14433	0.14762	0.39585	0.01753	0.02010	0.02047	0.01485	0.02058	0.01219	0.01590	0.00991	0.00625	0.00641	0.00202	0.00851	0.00558	0.00318	0.00990
13	0.03070	0.01164	0.01588	0.01217	0.01746	0.01006	0.01006	0.03334	0.01958	0.72163	0.02699	0.02329	0.01694	0.00847	0.00688	0.00212	0.00582	0.00688	0.00847	0.01164
14	0.01372	0.03539	0.72412	0.01950	0.02961	0.01589	0.02528	0.02167	0.01444	0.02167	0.01228	0.01444	0.00867	0.00650	0.00650	0.00217	0.01011	0.00506	0.00289	0.01011
15	0.01398	0.03028	0.59021	0.01763	0.02632	0.01429	0.02192	0.02101	0.01538	0.05638	0.11064	0.01998	0.01685	0.00764	0.00674	0.00216	0.00894	0.00616	0.00381	0.00968
16	0.01516	0.18687	0.55197	0.01780	0.02676	0.04757	0.02196	0.02165	0.01453	0.02030	0.01163	0.01364	0.00870	0.00639	0.00605	0.00200	0.00962	0.00474	0.00292	0.00974
17	0.03070	0.01164	0.01588	0.01217	0.01746	0.01006	0.01006	0.03334	0.01958	0.72163	0.02699	0.02329	0.01694	0.00847	0.00688	0.00212	0.00582	0.00688	0.00847	0.01164
18	0.01527	0.28170	0.49134	0.01686	0.02553	0.01967	0.02069	0.02127	0.01426	0.01978	0.01134	0.01327	0.00870	0.00628	0.00579	0.00193	0.00917	0.00458	0.00290	0.00966
19	0.01796	0.01908	0.16568	0.06099	0.02322	0.07531	0.09127	0.07612	0.09022	0.13097	0.02137	0.13932	0.01853	0.01000	0.00725	0.00228	0.00793	0.02795	0.00528	0.00925
20	0.00861	0.00695	0.00765	0.00748	0.00956	0.00600	0.00561	0.01083	0.01682	0.02140	0.27896	0.06104	0.50263	0.01624	0.00808	0.00226	0.00339	0.01377	0.00674	0.00600
21	0.00924	0.00698	0.00853	0.00814	0.00995	0.00627	0.00611	0.01205	0.01832	0.02495	0.53482	0.05519	0.24456	0.01491	0.00807	0.00220	0.00329	0.01295	0.00720	0.00627
22	0.01637	0.01638	0.02330	0.22278	0.34575	0.09219	0.01828	0.01994	0.01475	0.01977	0.01224	0.01682	0.01014	0.00725	0.00876	0.00218	0.10782	0.00591	0.03032	0.00906
23	0.01424	0.01348	0.02248	0.37736	0.33280	0.01484	0.01867	0.01834	0.01466	0.01967	0.01738	0.02177	0.07047	0.00742	0.00692	0.00218	0.00821	0.00681	0.00347	0.00884
24	0.03070	0.01164	0.01588	0.01217	0.01746	0.01006	0.01006	0.03334	0.01958	0.72163	0.02699	0.02329	0.01694	0.00847	0.00688	0.00212	0.00582	0.00688	0.00847	0.01164
25	0.01566	0.01495	0.02546	0.26513	0.50373	0.01592	0.02036	0.01988	0.01497	0.02080	0.01264	0.01735	0.01029	0.00633	0.00679	0.00211	0.00844	0.00609	0.00328	0.00981
26	0.01488	0.21932	0.55029	0.01753	0.02657	0.01871	0.02185	0.02137	0.01431	0.02026	0.01158	0.01357	0.00870	0.00634	0.00597	0.00199	0.00941	0.00470	0.00290	0.00977
27	0.02252	0.02771	0.01743	0.01590	0.01906	0.59338	0.01193	0.02456	0.01938	0.01879	0.14491	0.01975	0.01947	0.00838	0.00653	0.00184	0.01060	0.00593	0.00429	0.00765
28	0.01292	0.01216	0.02052	0.74312	0.04712	0.01520	0.01900	0.01748	0.01368	0.01748	0.01216	0.01824	0.00912	0.00684	0.00684	0.00228	0.00912	0.00608	0.00304	0.00760
29	0.01411	0.00854	0.01067	0.00952	0.01212	0.00796	0.00735	0.01841	0.07779	0.15901	0.43480	0.04561	0.14082	0.01299	0.00775	0.00218	0.00394	0.01121	0.00750	0.00773
30	0.01627	0.01466	0.02464	0.10477	0.55453	0.01485	0.01892	0.02004	0.01532	0.05007	0.01582	0.08989	0.01431	0.00777	0.00698	0.00213	0.00772	0.00744	0.00385	0.01004
31	0.01238	0.01010	0.01486	0.01932	0.18857	0.01021	0.01240	0.01670	0.07430	0.02094	0.03003	0.21601	0.03205	0.01547	0.00840	0.00271	0.00613	0.29613	0.00564	0.00765
32	0.00834	0.00595	0.00794	0.00953	0.00992	0.00556	0.00635	0.00953	0.01310	0.01746	0.03771	0.75510	0.04525	0.02143	0.00873	0.00278	0.00397	0.01945	0.00635	0.00556
33	0.01969	0.02148	0.02509	0.03421	0.49463	0.24494	0.01851	0.02302	0.01679	0.02056	0.01214	0.01546	0.01019	0.00640	0.00658	0.00195	0.00947	0.00556	0.00343	0.00991
34	0.01493	0.20860	0.49832	0.01749	0.02571	0.01901	0.02113	0.02094	0.01397	0.01988	0.01133	0.01366	0.00872	0.00682	0.00736	0.00207	0.07279	0.00480	0.00291	0.00957
35	0.03070	0.01164	0.01588	0.01217	0.01746	0.01006	0.01006	0.03334	0.01958	0.72163	0.02699	0.02329	0.01694	0.00847	0.00688	0.00212	0.00582	0.00688	0.00847	0.01164
36	0.01331	0.01727	0.15737	0.19321	0.03007	0.01438	0.18489	0.01815	0.01499	0.02056	0.08576	0.02786	0.05750	0.00920	0.00882	0.00238	0.07223	0.05988	0.00400	0.00816
37	0.02109	0.05751	0.01487	0.01117	0.01514	0.01191	0.00893	0.10431	0.08944	0.30414	0.03200	0.03265	0.14810	0.10514	0.01050	0.00270	0.00574	0.00849	0.00683	0.00933
38	0.02461	0.01749	0.07868	0.01466	0.02018	0.01666	0.01277	0.31570	0.15546	0.23858	0.02137	0.02002	0.01471	0.00835	0.00685	0.00213	0.00684	0.00658	0.00701	0.01135
39	0.03070	0.01164	0.01588	0.01217	0.01746	0.01006	0.01006	0.03334	0.01958	0.72163	0.02699	0.02329	0.01694	0.00847	0.00688	0.00212	0.00582	0.00688	0.00847	0.01164
40	0.01540	0.05669	0.49261	0.01902	0.02752	0.01635	0.09064	0.02432	0.11507	0.05463	0.01527	0.01674	0.01100	0.00689	0.00667	0.00217	0.00927	0.00579	0.00380	0.01014
41	0.01566	0.03190	0.52528	0.02298	0.14188	0.10139	0.02313	0.02223	0.01522	0.02119	0.01217	0.01460	0.00904	0.00650	0.00651	0.00210	0.01005	0.00515	0.00305	0.00997
42	0.01479	0.20544	0.56341	0.01768	0.02680	0.01850	0.02211	0.02139	0.01432	0.02037	0.01163	0.01363	0.00869	0.00635	0.00601	0.00200	0.00946	0.00473	0.00290	0.00980
43	0.00838	0.00606	0.00793	0.00932	0.00989	0.00561	0.00628	0.00970	0.01354	0.01798	0.07066	0.68047	0.08720	0.02084	0.00866	0.00272	0.00390	0.01882	0.00641	0.00561
44	0.01595	0.04873	0.09647	0.07529	0.48933	0.01619	0.07784	0.02038	0.01534	0.02152	0.01545	0.01901	0.04447	0.00668	0.00683	0.00207	0.00841	0.00647	0.00345	0.01011
45	0.01593	0.01283	0.10433	0.01320	0.04105	0.00958	0.05270	0.01940	0.01704	0.20235	0.19330	0.05801	0.16059	0.01397	0.05201	0.00274	0.00646	0.00983	0.00628	0.00841
46	0.00994	0.00668	0.00768	0.00768	0.00775	0.00675	0.00442	0.01009	0.01001	0.01343	0.02136	0.04367	0.02440	0.71608	0.07765	0.00690	0.00735	0.00979	0.00412	0.00427
47	0.01513	0.01366	0.02170	0.54256	0.15273	0.01609	0.01861	0.09876	0.01619	0.02133	0.01278	0.01781	0.00970	0.00688	0.00683	0.00221	0.00877	0.00609	0.00355	0.00861
48	0.01982	0.02222	0.26180	0.01885	0.06654	0.07503	0.10198	0.02456	0.01656	0.22900	0.01894	0.08183	0.01466	0.00831	0.00699	0.00218	0.00855	0.00724	0.00500	0.00992
49	0.01690	0.01580	0.02310	0.08459	0.44364	0.04242	0.01737	0.07363	0.09904	0.02379	0.01964	0.02205	0.07235	0.00769	0.00690	0.00210	0.00759	0.00695	0.00431	0.01011
50	0.01372	0.03539	0.72412	0.01950	0.02961	0.01589	0.02528	0.02167	0.01444	0.02167	0.01228	0.01444	0.00867	0.00650	0.00650	0.00217	0.01011	0.00506	0.00289	0.01011
51	0.01463	0.02964	0.50674	0.02495	0.16175	0.01613	0.10662	0.02157	0.01487	0.02183	0.01258	0.01541	0.00929	0.00633	0.00675	0.00216	0.00991	0.00563	0.00305	0.01014
52	0.01797	0.02359	0.32615	0.04897	0.24328	0.01494	0.04444	0.02352	0.01580	0.15317	0.01528	0.01715	0.01097	0.00673	0.00672	0.00212	0.00870	0.00586	0.00412	0.01051
53	0.01331	0.01404	0.05322	0.49270	0.04081	0.01492	0.16967	0.01801	0.01422	0.01865	0.01462	0.07800	0.01232	0.00777	0.00726	0.00232	0.00929	0.00757	0.00340	0.00790
54	0.00925	0.00640	0.00760	0.00818	0.00847	0.00619	0.00501	0.00979	0.01144	0.01511	0.03033	0.30453	0.07417	0.44587	0.02370	0.00497	0.00547	0.01368	0.00508	0.00476
55	0.01631	0.08386	0.11955	0.03771	0.17287	0.14301	0.05706	0.02094	0.05754	0.02016	0.01867	0.11083	0.01790	0.00978	0.00705	0.00221	0.00845	0.08316	0.00420	0.00872
56	0.01769	0.04451	0.15924	0.02118	0.19573	0.01483	0.01571	0.11586	0.07764	0.10004	0.11110	0.05791	0.02083	0.00879	0.00694	0.00213	0.00707	0.00753	0.00530	0.00997
57	0.16579	0.02940	0.51678	0.01846	0.02712	0.01593	0.09094	0.02139	0.01409	0.02342	0.01191	0.01422	0.00860	0.00640	0.00623	0.00217	0.00934	0.00511	0.00321	0.00950
58	0.01040	0.00809	0.01092	0.01057	0.01128	0.00928	0.00779	0.01201	0.01185	0.01672	0.09678	0.09619	0.04292	0.22920	0.28167	0.00677	0.11777	0.00961	0.00442	0.00576
59	0.01818	0.02441	0.19328	0.02608	0.22556	0.16287	0.08056	0.06334	0.01657	0.02161	0.01212	0.01528	0.00970	0.00716	0.00849	0.00215	0.09391	0.00567	0.00347	0.00959

[dist]
# distance from previous block
# <min> <max>
0	1

[block]
# block no. 1 follows, 31 sequences, length 47
# corresponding to MSA columns:
# 68-114
name=unknown_B
#
# <colnr> <probs for GDERKNQSTAVLIFYWHMCP>
#	G	D	E	R	K	N	Q	S	T	A	V	L	I	F	Y	W	H	M	C	P
0	0.01672	0.02278	0.22382	0.11641	0.23067	0.08145	0.05348	0.05637	0.08922	0.02271	0.01421	0.01693	0.01090	0.00682	0.00674	0.00212	0.00905	0.00592	0.00377	0.00992
1	0.01826	0.01150	0.01394	0.01211	0.01500	0.01224	0.00943	0.18900	0.05201	0.15492	0.02347	0.15815	0.02130	0.07904	0.11768	0.00394	0.04490	0.00930	0.04524	0.00858
2	0.35946	0.01500	0.04841	0.01167	0.01620	0.03286	0.00991	0.11812	0.09924	0.12751	0.08316	0.01933	0.01655	0.00802	0.00583	0.00213	0.00591	0.00589	0.00575	0.00906
3	0.01887	0.05309	0.02094	0.01600	0.02002	0.10305	0.14800	0.12344	0.01919	0.12511	0.11734	0.13741	0.02426	0.01048	0.00781	0.00220	0.02909	0.00925	0.00569	0.00875
4	0.01616	0.28040	0.44003	0.01659	0.02492	0.02006	0.01979	0.07041	0.01556	0.02135	0.01165	0.01342	0.00892	0.00641	0.00581	0.00192	0.00898	0.00466	0.00319	0.00977
5	0.01877	0.63469	0.10291	0.01252	0.01875	0.02468	0.01293	0.02157	0.01438	0.06961	0.01110	0.01224	0.00938	0.00611	0.00479	0.00158	0.00748	0.00404	0.00334	0.00913
6	0.01783	0.09881	0.12043	0.01326	0.01936	0.01576	0.01235	0.22525	0.04246	0.02783	0.01789	0.01871	0.06204	0.00736	0.00603	0.00168	0.00669	0.00568	0.00488	0.27572
7	0.01462	0.01332	0.06861	0.12744	0.02118	0.04080	0.04596	0.06627	0.01634	0.08622	0.09946	0.19589	0.08419	0.01251	0.00891	0.00239	0.07214	0.01059	0.00538	0.00779
8	0.01440	0.11806	0.06889	0.01183	0.01532	0.01351	0.01016	0.12343	0.10494	0.02599	0.22972	0.17693	0.03485	0.01230	0.00724	0.00219	0.00542	0.01048	0.00612	0.00823
9	0.01995	0.15046	0.02265	0.01524	0.01981	0.10631	0.10639	0.09573	0.11782	0.12736	0.08579	0.06518	0.01983	0.00884	0.00675	0.00205	0.00747	0.00749	0.00554	0.00934
10	0.01595	0.11292	0.14257	0.01607	0.07183	0.01506	0.01382	0.11237	0.03395	0.06284	0.03882	0.17229	0.02185	0.01162	0.00827	0.00233	0.06095	0.07267	0.00506	0.00874
11	0.00840	0.00622	0.00768	0.00881	0.00959	0.00568	0.00594	0.00962	0.01342	0.01738	0.04346	0.55199	0.19048	0.07448	0.01050	0.00296	0.00405	0.01766	0.00619	0.00550
12	0.01631	0.10496	0.56668	0.01780	0.02689	0.01627	0.02202	0.02301	0.01503	0.10895	0.01385	0.01521	0.00972	0.00668	0.00634	0.00209	0.00929	0.00515	0.00359	0.01017
13	0.01753	0.11131	0.07811	0.02466	0.23946	0.07282	0.11321	0.04060	0.01619	0.07468	0.01737	0.10260	0.01581	0.00866	0.00694	0.00213	0.00826	0.03606	0.00427	0.00935
14	0.01929	0.01929	0.02456	0.16200	0.29260	0.15455	0.06817	0.13312	0.01875	0.02378	0.01296	0.01632	0.01023	0.00674	0.00678	0.00205	0.00928	0.00593	0.00393	0.00969
15	0.02120	0.01404	0.01572	0.01324	0.01760	0.01507	0.01055	0.13648	0.37483	0.20498	0.02896	0.02656	0.07047	0.00951	0.00701	0.00223	0.00570	0.00778	0.00728	0.01078
16	0.01797	0.02012	0.10178	0.03506	0.50096	0.09649	0.06045	0.02224	0.01605	0.04493	0.01308	0.01645	0.01055	0.00631	0.00676	0.00204	0.00894	0.00594	0.00352	0.01036
17	0.07814	0.04592	0.35286	0.01795	0.07539	0.01550	0.01807	0.04467	0.12342	0.11872	0.01717	0.03453	0.01271	0.00754	0.00647	0.00216	0.00798	0.00602	0.00462	0.01018
18	0.01547	0.09990	0.31233	0.01561	0.05513	0.01349	0.01574	0.01975	0.01429	0.11757	0.01881	0.11574	0.01720	0.12640	0.01106	0.00286	0.00778	0.00784	0.00434	0.00870
19	0.00939	0.00719	0.00754	0.00731	0.00974	0.00604	0.00553	0.01126	0.01603	0.05657	0.10566	0.06268	0.63794	0.01665	0.00802	0.00229	0.00358	0.01391	0.00654	0.00613
20	0.01526	0.16605	0.36849	0.08881	0.18903	0.01802	0.02115	0.02091	0.01454	0.02040	0.01188	0.01471	0.00923	0.00631	0.00620	0.00201	0.00903	0.00513	0.00303	0.00980
21	0.09769	0.06253	0.19434	0.03892	0.10093	0.01341	0.08193	0.01811	0.01467	0.04459	0.02581	0.10043	0.13691	0.01020	0.00694	0.00224	0.00727	0.03029	0.00440	0.00838
22	0.01108	0.00900	0.00947	0.00917	0.01100	0.06456	0.00695	0.01365	0.01567	0.02139	0.23070	0.04152	0.19153	0.02237	0.18410	0.00423	0.00768	0.01005	0.12957	0.00632
23	0.01821	0.18424	0.02862	0.03250	0.48258	0.09981	0.01805	0.02160	0.01564	0.02032	0.01186	0.01509	0.01015	0.00615	0.00617	0.00187	0.00842	0.00536	0.00330	0.01005
24	0.01572	0.04449	0.22855	0.04577	0.25263	0.11536	0.03178	0.02023	0.01569	0.02042	0.02110	0.02310	0.11980	0.00811	0.00677	0.00207	0.00865	0.00683	0.00370	0.00924
25	0.01694	0.34823	0.02777	0.09028	0.13011	0.01902	0.06271	0.01981	0.01464	0.07400	0.01608	0.12154	0.01516	0.00844	0.00610	0.00194	0.00733	0.00714	0.00398	0.00878
26	0.00950	0.00674	0.00892	0.00929	0.00985	0.00711	0.00634	0.01071	0.01109	0.01525	0.02414	0.20563	0.02673	0.31649	0.29349	0.00738	0.01044	0.01120	0.00448	0.00522
27	0.01425	0.01308	0.02183	0.15866	0.38289	0.01351	0.03680	0.01803	0.01525	0.02097	0.04795	0.08202	0.03488	0.00969	0.00742	0.00231	0.00754	0.09983	0.00418	0.00890
28	0.01704	0.02441	0.29581	0.02197	0.17389	0.11492	0.01843	0.02265	0.04631	0.07886	0.06792	0.05524	0.01637	0.00807	0.00679	0.00211	0.00862	0.00672	0.00424	0.00962
29	0.02057	0.02374	0.01526	0.01434	0.01703	0.48839	0.01063	0.02250	0.01750	0.01843	0.01692	0.13088	0.01608	0.00946	0.00632	0.00189	0.00939	0.00711	0.14627	0.00728
30	0.12759	0.01543	0.02424	0.08680	0.51664	0.01640	0.01849	0.02027	0.01450	0.02273	0.01206	0.01606	0.01009	0.00663	0.00760	0.00213	0.06326	0.00575	0.00345	0.00987
31	0.07687	0.39367	0.11165	0.01279	0.01902	0.02118	0.01266	0.11829	0.01651	0.02276	0.01127	0.01270	0.00929	0.00619	0.00510	0.00161	0.00718	0.00426	0.00377	0.13323
32	0.09981	0.01483	0.02301	0.02628	0.29891	0.03787	0.11265	0.02275	0.01630	0.15877	0.04051	0.02438	0.01596	0.00802	0.00699	0.00220	0.00769	0.06844	0.00488	0.00975
33	0.01062	0.00687	0.00910	0.00927	0.01062	0.00632	0.00667	0.01291	0.01661	0.07377	0.36479	0.35996	0.05255	0.01687	0.00828	0.00243	0.00374	0.01510	0.00708	0.00644
34	0.01521	0.00818	0.01051	0.00944	0.01207	0.00725	0.00724	0.01775	0.01797	0.22226	0.31777	0.13417	0.16488	0.01395	0.00782	0.00225	0.00410	0.01207	0.00744	0.00770
35	0.02034	0.20369	0.11903	0.01900	0.03960	0.14711	0.18159	0.07414	0.01752	0.09522	0.01357	0.01535	0.01029	0.00659	0.00639	0.00194	0.00949	0.00564	0.00405	0.00947
36	0.01222	0.01230	0.07009	0.01546	0.11321	0.04797	0.05027	0.01404	0.01243	0.01652	0.02080	0.13484	0.02272	0.40306	0.02177	0.00456	0.00735	0.00994	0.00417	0.00628
37	0.00834	0.00654	0.00755	0.00815	0.00961	0.00575	0.00579	0.00999	0.01492	0.01889	0.11605	0.34755	0.37917	0.01870	0.00835	0.00249	0.00365	0.01630	0.00646	0.00575
38	0.01495	0.01198	0.01283	0.01166	0.01360	0.09147	0.00885	0.07412	0.01736	0.07836	0.25010	0.13476	0.03521	0.08417	0.04910	0.00315	0.08485	0.01034	0.00593	0.00723
39	0.08483	0.12394	0.06987	0.13095	0.22802	0.01686	0.01589	0.07917	0.01676	0.14843	0.01479	0.01672	0.01102	0.00682	0.00624	0.00202	0.00759	0.00562	0.00451	0.00994
40	0.02155	0.01525	0.02163	0.02759	0.37820	0.06714	0.01559	0.02480	0.01721	0.25635	0.02156	0.02229	0.06413	0.00778	0.00686	0.00206	0.00733	0.00684	0.00532	0.01052
41	0.01162	0.00891	0.01032	0.00962	0.01189	0.00908	0.00732	0.01881	0.19401	0.02664	0.41771	0.04419	0.11865	0.01268	0.00754	0.00217	0.00381	0.01095	0.06656	0.00750
42	0.00905	0.00646	0.00833	0.00928	0.01003	0.00611	0.00649	0.01062	0.01402	0.01877	0.14127	0.43782	0.07771	0.12633	0.01244	0.00325	0.00446	0.08576	0.00621	0.00558
43	0.02077	0.41174	0.02834	0.01526	0.05492	0.17623	0.01263	0.11769	0.06568	0.02122	0.01216	0.01335	0.01013	0.00669	0.00542	0.00170	0.00833	0.00458	0.00391	0.00925
44	0.00915	0.00697	0.00840	0.00804	0.00989	0.00623	0.00603	0.01187	0.01810	0.02443	0.49714	0.05605	0.28257	0.01511	0.00807	0.00220	0.00331	0.01307	0.00714	0.00623
45	0.01850	0.53913	0.08248	0.01450	0.05613	0.10787	0.01316	0.02121	0.01470	0.01729	0.01018	0.01190	0.00897	0.00601	0.00492	0.00155	0.00802	0.00400	0.00309	0.05641
46	0.00951	0.00744	0.00872	0.00897	0.01062	0.00706	0.00650	0.01329	0.08861	0.02142	0.21334	0.29170	0.25335	0.01704	0.00818	0.00243	0.00378	0.01492	0.00671	0.00640

[dist]
# distance from previous block
# <min> <max>
0	20

# created by:
# /home/berkeley/.conda/envs/busco_data_prod/bin/msa2prfl.pl pipeline/OGs_align_augustus/5794/43035.fs
