[name]
unknown

[dist]
# distance from previous block
# <min> <max>
3	8

[block]
# block no. 0 follows, 27 sequences, length 14
# corresponding to MSA columns:
# 8-21
name=unknown_A
#
# <colnr> <probs for GDERKNQSTAVLIFYWHMCP>
#	G	D	E	R	K	N	Q	S	T	A	V	L	I	F	Y	W	H	M	C	P
0	0.15198	0.01427	0.01825	0.10584	0.11755	0.01535	0.01328	0.05592	0.06356	0.05544	0.09256	0.02192	0.01836	0.00870	0.00851	0.00221	0.08117	0.00672	0.00510	0.14332
1	0.01869	0.10862	0.02809	0.14380	0.28280	0.10207	0.05305	0.02327	0.04976	0.02145	0.01351	0.01754	0.01122	0.00769	0.00889	0.00228	0.08724	0.00626	0.00372	0.01004
2	0.01756	0.01760	0.03239	0.13620	0.44322	0.01776	0.17998	0.02250	0.01677	0.02340	0.01412	0.01898	0.01138	0.00664	0.00771	0.00232	0.00987	0.00714	0.00364	0.01084
3	0.01985	0.01433	0.02000	0.09633	0.15705	0.01545	0.01463	0.15235	0.01982	0.13000	0.02276	0.18336	0.02110	0.01205	0.00967	0.00255	0.08271	0.01007	0.00594	0.01000
4	0.01554	0.01507	0.02085	0.01802	0.01802	0.02073	0.01472	0.01695	0.01130	0.01742	0.01151	0.02042	0.01197	0.10688	0.02610	0.00376	0.63263	0.00705	0.00341	0.00765
5	0.01763	0.01759	0.02653	0.28508	0.40483	0.07745	0.02127	0.02202	0.01653	0.02183	0.01347	0.01845	0.01090	0.00699	0.00732	0.00228	0.00960	0.00645	0.00355	0.01023
6	0.01745	0.01452	0.02297	0.26262	0.27497	0.01575	0.01830	0.04503	0.05689	0.07655	0.06410	0.02315	0.01684	0.01069	0.04621	0.00287	0.00902	0.00734	0.00468	0.01006
7	0.01911	0.01763	0.02664	0.03042	0.30771	0.01967	0.05630	0.12541	0.01811	0.02595	0.01335	0.01758	0.01123	0.00881	0.01243	0.00248	0.22307	0.00659	0.00420	0.05330
8	0.02061	0.02129	0.02668	0.02647	0.18183	0.17862	0.16030	0.11551	0.04839	0.02556	0.01822	0.10733	0.01639	0.00933	0.00780	0.00232	0.00993	0.00856	0.00483	0.01004
9	0.02274	0.01637	0.02238	0.01711	0.02260	0.01647	0.12538	0.25518	0.07155	0.14278	0.11932	0.02549	0.02242	0.00921	0.00770	0.00223	0.00754	0.00810	0.00693	0.07848
10	0.27829	0.01504	0.02099	0.26030	0.24803	0.01692	0.01707	0.02118	0.01477	0.02554	0.01248	0.01672	0.00988	0.00698	0.00644	0.00233	0.00814	0.00573	0.00386	0.00932
11	0.01643	0.01420	0.02190	0.13133	0.26359	0.01573	0.01673	0.01981	0.01603	0.06959	0.07037	0.02864	0.11011	0.01057	0.01125	0.00252	0.15869	0.00839	0.00469	0.00943
12	0.11403	0.01701	0.02668	0.09854	0.51923	0.01769	0.02033	0.05495	0.01711	0.02605	0.01364	0.01769	0.01118	0.00684	0.00702	0.00224	0.00850	0.00630	0.00395	0.01104
13	0.01990	0.01762	0.08300	0.02130	0.13812	0.07391	0.08866	0.02531	0.06608	0.16612	0.18974	0.02941	0.02827	0.00966	0.00782	0.00230	0.00775	0.00863	0.00622	0.01019

[dist]
# distance from previous block
# <min> <max>
5	16

[block]
# block no. 1 follows, 27 sequences, length 44
# corresponding to MSA columns:
# 77-120
name=unknown_B
#
# <colnr> <probs for GDERKNQSTAVLIFYWHMCP>
#	G	D	E	R	K	N	Q	S	T	A	V	L	I	F	Y	W	H	M	C	P
0	0.13130	0.05292	0.05211	0.02845	0.32209	0.13046	0.01709	0.02529	0.01733	0.10716	0.01471	0.01700	0.01146	0.00711	0.00667	0.00212	0.00876	0.00581	0.00449	0.03767
1	0.01583	0.05267	0.18779	0.09322	0.12056	0.01488	0.09514	0.02102	0.01697	0.05187	0.11462	0.02477	0.04117	0.00835	0.00735	0.00216	0.00838	0.00750	0.00458	0.11118
2	0.02026	0.02393	0.22824	0.02487	0.20557	0.07436	0.01932	0.06568	0.04526	0.12660	0.07677	0.02180	0.01752	0.00826	0.00736	0.00226	0.00885	0.00692	0.00514	0.01102
3	0.05317	0.01569	0.02721	0.35877	0.27912	0.01719	0.10025	0.02107	0.01581	0.02215	0.01356	0.01894	0.01065	0.00696	0.00743	0.00237	0.00963	0.00675	0.00355	0.00972
4	0.01683	0.01696	0.02668	0.02621	0.16026	0.02123	0.09230	0.01956	0.01322	0.01986	0.01122	0.01712	0.01033	0.01091	0.01907	0.00295	0.49603	0.00678	0.00339	0.00909
5	0.02422	0.02968	0.01886	0.01734	0.02054	0.56509	0.01292	0.02608	0.01907	0.01775	0.01348	0.01818	0.01209	0.07199	0.09781	0.00360	0.01371	0.00566	0.00390	0.00803
6	0.01653	0.01450	0.01739	0.01351	0.01844	0.01415	0.01092	0.05193	0.09187	0.02476	0.01466	0.01710	0.01216	0.00773	0.00971	0.00176	0.15383	0.00540	0.00467	0.49897
7	0.01766	0.01692	0.02885	0.15555	0.58835	0.01745	0.02243	0.02216	0.01657	0.02339	0.01384	0.01860	0.01146	0.00675	0.00736	0.00225	0.00899	0.00661	0.00361	0.01119
8	0.03331	0.01263	0.01723	0.01321	0.01895	0.01091	0.01091	0.03618	0.02125	0.69794	0.02929	0.02527	0.01838	0.00919	0.00747	0.00230	0.00632	0.00747	0.00919	0.01263
9	0.01080	0.00720	0.00810	0.00810	0.00810	0.00720	0.00450	0.01080	0.01080	0.01439	0.02339	0.04858	0.02699	0.73910	0.03779	0.00720	0.00720	0.01080	0.00450	0.00450
10	0.02233	0.01657	0.01800	0.01529	0.02005	0.01851	0.01215	0.17207	0.46317	0.11528	0.02748	0.02531	0.02002	0.00972	0.00752	0.00243	0.00641	0.00792	0.00773	0.01204
11	0.01080	0.00720	0.00810	0.00810	0.00810	0.00720	0.00450	0.01080	0.01080	0.01439	0.02339	0.04858	0.02699	0.73910	0.03779	0.00720	0.00720	0.01080	0.00450	0.00450
12	0.02822	0.02079	0.02228	0.01708	0.02302	0.02302	0.01411	0.66804	0.03490	0.04679	0.01782	0.01782	0.01262	0.00891	0.00743	0.00223	0.00817	0.00668	0.00743	0.01262
13	0.79154	0.01436	0.01091	0.00976	0.01436	0.01665	0.00804	0.02182	0.01263	0.03331	0.01034	0.01206	0.00804	0.00689	0.00459	0.00230	0.00574	0.00402	0.00459	0.00804
14	0.79154	0.01436	0.01091	0.00976	0.01436	0.01665	0.00804	0.02182	0.01263	0.03331	0.01034	0.01206	0.00804	0.00689	0.00459	0.00230	0.00574	0.00402	0.00459	0.00804
15	0.01144	0.00969	0.01362	0.21076	0.02267	0.01048	0.01109	0.01484	0.01770	0.02366	0.30939	0.04679	0.19761	0.01372	0.00934	0.00247	0.04968	0.01161	0.00619	0.00725
16	0.01691	0.01749	0.01981	0.21970	0.12125	0.16823	0.01549	0.02044	0.01787	0.02235	0.19455	0.02747	0.02627	0.00992	0.00905	0.00234	0.06959	0.00803	0.00478	0.00847
17	0.02935	0.01898	0.02116	0.01622	0.02212	0.02033	0.01340	0.52765	0.03187	0.19146	0.02037	0.01948	0.01390	0.00897	0.00744	0.00224	0.00776	0.00686	0.00782	0.01263
18	0.01753	0.00914	0.01217	0.01053	0.01351	0.00821	0.00821	0.02084	0.02109	0.23562	0.48566	0.04615	0.05413	0.01333	0.00836	0.00232	0.00437	0.01159	0.00849	0.00874
19	0.01654	0.01748	0.03131	0.09612	0.03063	0.02048	0.28253	0.02040	0.01424	0.02040	0.01226	0.01815	0.01038	0.00967	0.01624	0.00286	0.36050	0.00743	0.00346	0.00891
20	0.01425	0.01351	0.02231	0.64946	0.04789	0.01713	0.02017	0.01885	0.01449	0.01885	0.01284	0.01943	0.00988	0.00799	0.00916	0.00255	0.08311	0.00659	0.00329	0.00823
21	0.01509	0.01462	0.02575	0.54069	0.15431	0.01691	0.08698	0.02008	0.01545	0.02032	0.01351	0.01959	0.01034	0.00717	0.00755	0.00243	0.00999	0.00682	0.00341	0.00900
22	0.01217	0.00965	0.01408	0.01692	0.15125	0.00945	0.01020	0.01537	0.01806	0.02558	0.40501	0.04434	0.04783	0.10082	0.08352	0.00385	0.00670	0.01116	0.00639	0.00766
23	0.01665	0.01864	0.04020	0.02915	0.03593	0.01747	0.59841	0.02240	0.01718	0.02329	0.01767	0.09310	0.01514	0.00800	0.00883	0.00256	0.01168	0.01002	0.00408	0.00961
24	0.01521	0.01482	0.02252	0.34684	0.03425	0.01983	0.01828	0.01838	0.01299	0.01838	0.01135	0.01790	0.00982	0.01039	0.01646	0.00289	0.39171	0.00654	0.00327	0.00818
25	0.02570	0.01667	0.02172	0.01693	0.02235	0.01716	0.09140	0.28876	0.09585	0.22402	0.02399	0.08177	0.01824	0.01000	0.00779	0.00238	0.00760	0.00856	0.00745	0.01166
26	0.01828	0.01125	0.01357	0.01222	0.01496	0.01149	0.00919	0.17805	0.01993	0.13659	0.02881	0.27331	0.02872	0.10646	0.07107	0.00392	0.00723	0.01244	0.03387	0.00864
27	0.01706	0.30646	0.38012	0.01896	0.02781	0.02204	0.08711	0.02305	0.01564	0.02122	0.01235	0.01468	0.00964	0.00670	0.00635	0.00207	0.00997	0.00524	0.00321	0.01032
28	0.01132	0.00926	0.01306	0.04348	0.12710	0.00882	0.00990	0.01425	0.01785	0.02423	0.29164	0.19070	0.17835	0.01582	0.00862	0.00249	0.00487	0.01404	0.00670	0.00750
29	0.02003	0.02199	0.27533	0.04395	0.02383	0.01385	0.01691	0.04774	0.07641	0.21777	0.02319	0.09997	0.01870	0.05525	0.00942	0.00272	0.00808	0.00843	0.00591	0.01053
30	0.01992	0.03073	0.46358	0.01902	0.02813	0.01708	0.02217	0.11653	0.04921	0.13688	0.01731	0.01808	0.01191	0.00780	0.00720	0.00233	0.00959	0.00611	0.00492	0.01151
31	0.01549	0.01409	0.02329	0.07922	0.43970	0.01422	0.01823	0.01919	0.01623	0.02260	0.02211	0.17397	0.02257	0.01155	0.00809	0.00251	0.00775	0.07472	0.00464	0.00983
32	0.01582	0.01503	0.02552	0.44176	0.31655	0.01697	0.02151	0.02055	0.01570	0.02115	0.01351	0.01921	0.01067	0.00709	0.00739	0.00236	0.00945	0.00660	0.00345	0.00970
33	0.01304	0.01904	0.25075	0.01479	0.01945	0.01167	0.01477	0.08221	0.01684	0.02338	0.02895	0.41098	0.03156	0.01615	0.00842	0.00270	0.00702	0.01420	0.00564	0.00842
34	0.01572	0.01500	0.02501	0.42411	0.26848	0.01747	0.02095	0.02018	0.01523	0.02068	0.01314	0.01898	0.01052	0.00766	0.00897	0.00245	0.07600	0.00659	0.00342	0.00944
35	0.01756	0.01613	0.12878	0.14683	0.12257	0.01268	0.01576	0.02197	0.01799	0.16438	0.14743	0.03266	0.10303	0.01037	0.00776	0.00236	0.00728	0.00892	0.00587	0.00966
36	0.01760	0.07972	0.12956	0.01369	0.02065	0.01446	0.01288	0.06254	0.08481	0.05599	0.01572	0.01700	0.01224	0.00667	0.00611	0.00161	0.00683	0.00523	0.00481	0.43188
37	0.12461	0.01469	0.02164	0.22003	0.27901	0.01615	0.01716	0.02217	0.08333	0.02440	0.04593	0.02236	0.01540	0.05257	0.00894	0.00264	0.00805	0.00699	0.00435	0.00961
38	0.01432	0.01166	0.01262	0.01172	0.01438	0.03990	0.00900	0.02112	0.18098	0.06533	0.13312	0.11663	0.25153	0.01509	0.00962	0.00256	0.06270	0.01243	0.00695	0.00833
39	0.01568	0.31615	0.02361	0.01342	0.05621	0.04137	0.01032	0.01741	0.01392	0.01723	0.02047	0.02944	0.07283	0.22619	0.05990	0.00409	0.04263	0.00752	0.00398	0.00763
40	0.01846	0.06219	0.03067	0.04355	0.65145	0.01836	0.02216	0.02275	0.01679	0.02384	0.01374	0.01798	0.01162	0.00660	0.00719	0.00217	0.00877	0.00645	0.00364	0.01162
41	0.01980	0.05559	0.16035	0.01899	0.08589	0.01826	0.01612	0.13748	0.26050	0.06984	0.06316	0.02351	0.01929	0.00902	0.00735	0.00234	0.00756	0.00739	0.00618	0.01139
42	0.08629	0.01601	0.01551	0.01228	0.01755	0.10900	0.00975	0.06310	0.01815	0.13888	0.01703	0.01813	0.01286	0.00713	0.00600	0.00166	0.00668	0.00538	0.09944	0.33918
43	0.01779	0.21435	0.21504	0.01622	0.02278	0.01948	0.04720	0.13872	0.01955	0.02652	0.10857	0.02199	0.01938	0.01241	0.06619	0.00294	0.00944	0.00678	0.00474	0.00992

[dist]
# distance from previous block
# <min> <max>
1	5

[block]
# block no. 2 follows, 27 sequences, length 56
# corresponding to MSA columns:
# 127-139,203-245
name=unknown_C
#
# <colnr> <probs for GDERKNQSTAVLIFYWHMCP>
#	G	D	E	R	K	N	Q	S	T	A	V	L	I	F	Y	W	H	M	C	P
0	0.02085	0.01781	0.01727	0.01344	0.01926	0.13267	0.01065	0.08121	0.06030	0.10050	0.01616	0.01713	0.01244	0.00687	0.00622	0.00156	0.00721	0.00526	0.00530	0.44789
1	0.01827	0.01495	0.01693	0.01249	0.01883	0.01311	0.01007	0.15803	0.05161	0.02934	0.01500	0.01651	0.01191	0.00645	0.00601	0.00141	0.00609	0.00508	0.00520	0.58274
2	0.01539	0.01319	0.01539	0.01100	0.01759	0.00990	0.00880	0.01869	0.01539	0.02419	0.01319	0.01539	0.01100	0.00550	0.00550	0.00110	0.00550	0.00440	0.00440	0.78449
3	0.00991	0.00736	0.00984	0.01033	0.01141	0.00763	0.00745	0.01172	0.01318	0.01778	0.03453	0.24128	0.12707	0.12799	0.31906	0.00737	0.01140	0.01324	0.00531	0.00613
4	0.01034	0.00815	0.00940	0.00899	0.01122	0.00750	0.00677	0.01439	0.06540	0.02581	0.38696	0.06018	0.32506	0.01633	0.00868	0.00242	0.00378	0.01401	0.00760	0.00703
5	0.01029	0.00758	0.00962	0.00911	0.01096	0.00691	0.00683	0.01359	0.02050	0.02856	0.61237	0.05745	0.14731	0.01563	0.00876	0.00236	0.00353	0.01371	0.00801	0.00691
6	0.01904	0.00949	0.01259	0.01074	0.01402	0.00845	0.00843	0.02225	0.02097	0.28104	0.42035	0.04461	0.07096	0.01304	0.00827	0.00233	0.00457	0.01126	0.00851	0.00910
7	0.00999	0.00757	0.00921	0.00880	0.01078	0.00679	0.00660	0.01302	0.01980	0.02689	0.50723	0.06019	0.25349	0.01625	0.00876	0.00239	0.00358	0.01409	0.00779	0.00679
8	0.01731	0.01940	0.04031	0.02933	0.03560	0.01943	0.55809	0.02280	0.01650	0.02280	0.01414	0.01940	0.01101	0.00737	0.01135	0.00263	0.13078	0.00839	0.00367	0.00970
9	0.79154	0.01436	0.01091	0.00976	0.01436	0.01665	0.00804	0.02182	0.01263	0.03331	0.01034	0.01206	0.00804	0.00689	0.00459	0.00230	0.00574	0.00402	0.00459	0.00804
10	0.01539	0.01319	0.01539	0.01100	0.01759	0.00990	0.00880	0.01869	0.01539	0.02419	0.01319	0.01539	0.01100	0.00550	0.00550	0.00110	0.00550	0.00440	0.00440	0.78449
11	0.01878	0.01584	0.02313	0.02833	0.34586	0.01461	0.01608	0.06609	0.01781	0.06557	0.01484	0.01759	0.01191	0.00649	0.00664	0.00178	0.00734	0.00581	0.00454	0.31096
12	0.68809	0.01577	0.01241	0.01083	0.01553	0.04281	0.00887	0.08586	0.01514	0.03408	0.01112	0.01268	0.00855	0.00712	0.00495	0.00228	0.00626	0.00431	0.00485	0.00851
13	0.01064	0.00756	0.00980	0.00924	0.01099	0.00700	0.00693	0.01414	0.02079	0.02968	0.66150	0.05431	0.06794	0.01491	0.00861	0.00231	0.00350	0.01316	0.03998	0.00700
14	0.79154	0.01436	0.01091	0.00976	0.01436	0.01665	0.00804	0.02182	0.01263	0.03331	0.01034	0.01206	0.00804	0.00689	0.00459	0.00230	0.00574	0.00402	0.00459	0.00804
15	0.01837	0.01764	0.03013	0.04557	0.69279	0.01764	0.02278	0.02278	0.01690	0.02425	0.01396	0.01837	0.01176	0.00661	0.00735	0.00220	0.00882	0.00661	0.00367	0.01176
16	0.02305	0.01823	0.01937	0.01604	0.02105	0.02061	0.01286	0.33490	0.37647	0.03845	0.02439	0.02306	0.01794	0.00953	0.00749	0.00238	0.00695	0.00759	0.00749	0.01216
17	0.01781	0.01528	0.01621	0.01477	0.01871	0.01759	0.01141	0.03741	0.63281	0.03021	0.03096	0.07717	0.02451	0.01099	0.00769	0.00255	0.00577	0.00928	0.00751	0.01135
18	0.00925	0.00661	0.00885	0.01057	0.01109	0.00621	0.00725	0.01069	0.01441	0.01918	0.04080	0.68864	0.04865	0.02306	0.00953	0.00304	0.00448	0.06470	0.00689	0.00609
19	0.00921	0.00750	0.00822	0.00867	0.01080	0.00652	0.00660	0.01120	0.01657	0.02017	0.06604	0.16356	0.52156	0.01962	0.00905	0.00269	0.00422	0.09460	0.00689	0.00631
20	0.01673	0.01623	0.02751	0.27143	0.23752	0.01759	0.13425	0.02454	0.13166	0.02353	0.01671	0.02078	0.01293	0.00743	0.00766	0.00241	0.00934	0.00730	0.00423	0.01023
21	0.02721	0.01982	0.02120	0.01637	0.02202	0.02189	0.01349	0.62248	0.03355	0.04545	0.01827	0.01851	0.01307	0.00889	0.00727	0.00219	0.00784	0.00670	0.06154	0.01223
22	0.00901	0.00659	0.00848	0.00999	0.01068	0.00606	0.00674	0.01038	0.01455	0.01909	0.04519	0.65163	0.12897	0.02270	0.00939	0.00295	0.00424	0.02043	0.00689	0.00606
23	0.01292	0.00815	0.01005	0.00923	0.01166	0.00728	0.00704	0.01593	0.01975	0.10738	0.42275	0.05490	0.22376	0.01514	0.00846	0.00235	0.00391	0.01304	0.03881	0.00748
24	0.01807	0.01733	0.02958	0.09287	0.64787	0.01756	0.02263	0.02252	0.01676	0.02388	0.01391	0.01847	0.01163	0.00667	0.00735	0.00222	0.00889	0.00661	0.00365	0.01151
25	0.01779	0.01911	0.02621	0.02150	0.02325	0.10115	0.12913	0.02025	0.01355	0.01893	0.01086	0.01657	0.00999	0.01120	0.01961	0.00296	0.51932	0.00669	0.00340	0.00851
26	0.01061	0.00792	0.01178	0.01178	0.01306	0.00920	0.00909	0.01316	0.01189	0.01712	0.02002	0.02991	0.01888	0.08207	0.68374	0.01175	0.01939	0.00806	0.00400	0.00655
27	0.02150	0.01421	0.01632	0.01367	0.01793	0.01502	0.01088	0.17392	0.23293	0.16504	0.19936	0.03225	0.03194	0.01097	0.00782	0.00236	0.00586	0.00914	0.00801	0.01088
28	0.21938	0.01572	0.02323	0.19769	0.36215	0.01711	0.01841	0.02162	0.01530	0.02536	0.01283	0.01706	0.01034	0.00688	0.00665	0.00229	0.00827	0.00593	0.00383	0.00995
29	0.01284	0.01168	0.01835	0.30574	0.03027	0.01377	0.04695	0.01651	0.01520	0.02042	0.11390	0.03205	0.10421	0.01770	0.11399	0.00396	0.10131	0.00896	0.00453	0.00766
30	0.02655	0.02754	0.02084	0.01784	0.02244	0.37320	0.01389	0.24997	0.12183	0.02986	0.01639	0.01700	0.01252	0.00844	0.00707	0.00211	0.01050	0.00596	0.00560	0.01044
31	0.00928	0.00724	0.00842	0.00875	0.01049	0.00638	0.00632	0.01140	0.01719	0.02215	0.21763	0.25033	0.35966	0.01913	0.00896	0.00260	0.00385	0.01661	0.00721	0.00638
32	0.10974	0.02447	0.02302	0.01992	0.05709	0.27764	0.09689	0.16172	0.06852	0.06788	0.01562	0.01697	0.01180	0.00786	0.00702	0.00218	0.01018	0.00611	0.00522	0.01018
33	0.01878	0.07097	0.19814	0.01640	0.02251	0.06358	0.07024	0.08966	0.02015	0.11342	0.17008	0.02927	0.06489	0.00996	0.00759	0.00227	0.00808	0.00837	0.00581	0.00985
34	0.00974	0.00744	0.00852	0.00841	0.01043	0.00658	0.00625	0.01230	0.01829	0.02422	0.31423	0.10930	0.36496	0.01716	0.00864	0.00244	0.00368	0.01472	0.04612	0.00658
35	0.05117	0.16995	0.05077	0.13441	0.14569	0.16385	0.09953	0.02317	0.01714	0.02132	0.04633	0.01795	0.01317	0.00731	0.00682	0.00211	0.00991	0.00616	0.00380	0.00945
36	0.69461	0.01421	0.01233	0.09846	0.01894	0.01663	0.00961	0.02147	0.01291	0.03152	0.01069	0.01302	0.00827	0.00696	0.00495	0.00232	0.00626	0.00434	0.00443	0.00807
37	0.01609	0.01368	0.01574	0.01154	0.01792	0.01104	0.00922	0.04288	0.06955	0.02553	0.01473	0.01647	0.01199	0.00598	0.00573	0.00125	0.00562	0.00480	0.00476	0.69549
38	0.00930	0.00754	0.00825	0.00807	0.01035	0.00649	0.00605	0.01167	0.01816	0.02300	0.26143	0.06659	0.50171	0.01770	0.00877	0.00245	0.00368	0.01499	0.00728	0.00649
39	0.02101	0.01721	0.01822	0.01562	0.02028	0.01966	0.01237	0.20372	0.51096	0.03517	0.02698	0.02512	0.02004	0.00977	0.00752	0.00244	0.00647	0.00795	0.00752	0.01198
40	0.00957	0.00700	0.00853	0.00949	0.01069	0.00641	0.00673	0.01137	0.01552	0.02047	0.09362	0.40914	0.21522	0.04826	0.01017	0.00296	0.00434	0.05869	0.04560	0.00620
41	0.01031	0.00753	0.00937	0.00894	0.01057	0.00693	0.00651	0.01315	0.01918	0.02653	0.52205	0.05678	0.14937	0.10592	0.01238	0.00296	0.00400	0.01340	0.00754	0.00659
42	0.02668	0.01791	0.01984	0.01580	0.02125	0.01944	0.01286	0.37880	0.20062	0.17147	0.02333	0.02188	0.01639	0.00927	0.00747	0.00232	0.00720	0.00729	0.00781	0.01240
43	0.02565	0.01997	0.02433	0.02452	0.19805	0.02162	0.01638	0.49942	0.03020	0.04090	0.01681	0.01797	0.01240	0.00831	0.00741	0.00222	0.00834	0.00667	0.00645	0.01240
44	0.02197	0.01929	0.02692	0.03671	0.49044	0.10316	0.01976	0.05125	0.01873	0.11646	0.01590	0.01867	0.01242	0.00719	0.00729	0.00218	0.00902	0.00651	0.00460	0.01152
45	0.01980	0.02120	0.06253	0.01877	0.02331	0.17970	0.14188	0.15440	0.04739	0.02618	0.02203	0.20470	0.02137	0.01177	0.00804	0.00243	0.00933	0.01041	0.00546	0.00930
46	0.01516	0.01436	0.02432	0.54468	0.21881	0.01679	0.02118	0.01996	0.01538	0.02035	0.01340	0.01942	0.01038	0.00721	0.00740	0.00240	0.00961	0.00660	0.00340	0.00916
47	0.01402	0.01319	0.02227	0.72126	0.05113	0.01649	0.02062	0.01897	0.01484	0.01897	0.01319	0.01979	0.00990	0.00742	0.00742	0.00247	0.00990	0.00660	0.00330	0.00825
48	0.00955	0.00706	0.00935	0.01024	0.01120	0.00700	0.00723	0.01128	0.01402	0.01876	0.05975	0.40653	0.12523	0.06672	0.19376	0.00547	0.00842	0.01619	0.00605	0.00617
49	0.01846	0.01595	0.01679	0.01511	0.01930	0.01846	0.01175	0.03945	0.67938	0.03105	0.03022	0.02770	0.02266	0.01007	0.00755	0.00252	0.00588	0.00839	0.00755	0.01175
50	0.01017	0.00703	0.00826	0.00870	0.00906	0.00681	0.00531	0.01077	0.01250	0.01655	0.05411	0.23604	0.08179	0.46964	0.02708	0.00557	0.00605	0.01402	0.00544	0.00512
51	0.00947	0.00759	0.00848	0.00839	0.01062	0.00661	0.00638	0.01193	0.01819	0.02316	0.26288	0.06712	0.46604	0.01777	0.00884	0.00250	0.00383	0.04637	0.00729	0.00652
52	0.01489	0.03840	0.70064	0.02116	0.03213	0.01724	0.02743	0.02351	0.01567	0.02351	0.01332	0.01567	0.00940	0.00705	0.00705	0.00235	0.01097	0.00549	0.00313	0.01097
53	0.01275	0.00709	0.00740	0.00732	0.00915	0.00685	0.00549	0.01602	0.01648	0.02701	0.12140	0.03693	0.10962	0.01081	0.00612	0.00191	0.00350	0.00890	0.57837	0.00685
54	0.25379	0.11298	0.01894	0.01303	0.01843	0.13710	0.01071	0.10496	0.01799	0.02791	0.01225	0.01390	0.00987	0.00684	0.00558	0.00181	0.00759	0.00459	0.00459	0.21712
55	0.12294	0.25117	0.02548	0.01564	0.02065	0.31284	0.01299	0.11586	0.02005	0.02390	0.01186	0.01338	0.00979	0.00733	0.00593	0.00190	0.00998	0.00470	0.00423	0.00938

[dist]
# distance from previous block
# <min> <max>
0	1

[block]
# block no. 3 follows, 27 sequences, length 55
# corresponding to MSA columns:
# 247-301
name=unknown_D
#
# <colnr> <probs for GDERKNQSTAVLIFYWHMCP>
#	G	D	E	R	K	N	Q	S	T	A	V	L	I	F	Y	W	H	M	C	P
0	0.02370	0.40997	0.03116	0.01481	0.02089	0.05445	0.01336	0.29478	0.02368	0.02985	0.01353	0.01446	0.01083	0.00748	0.00596	0.00187	0.00826	0.00515	0.00499	0.01080
1	0.01215	0.00839	0.01104	0.01178	0.01384	0.00798	0.00990	0.01526	0.01791	0.05556	0.15292	0.07394	0.16785	0.01876	0.00959	0.00301	0.00568	0.39022	0.00718	0.00704
2	0.06519	0.01167	0.01662	0.03450	0.01792	0.01220	0.08116	0.04344	0.01702	0.11139	0.10929	0.18925	0.12918	0.01445	0.01058	0.00265	0.10688	0.01214	0.00626	0.00822
3	0.16710	0.26476	0.02837	0.01626	0.02169	0.07199	0.10235	0.10306	0.01794	0.06851	0.01315	0.01507	0.01045	0.00753	0.00740	0.00212	0.06258	0.00545	0.00448	0.00972
4	0.01196	0.00854	0.01196	0.01367	0.01538	0.00854	0.01196	0.01538	0.01709	0.02222	0.03931	0.08374	0.04272	0.02051	0.01025	0.00342	0.00684	0.64283	0.00684	0.00684
5	0.00888	0.00709	0.00796	0.00866	0.01033	0.00617	0.00615	0.01053	0.01582	0.01961	0.06129	0.34037	0.42984	0.02061	0.00906	0.00271	0.00398	0.01787	0.00689	0.00617
6	0.01985	0.74357	0.03890	0.01270	0.01905	0.02937	0.01270	0.02223	0.01508	0.01747	0.01032	0.01191	0.00953	0.00635	0.00476	0.00159	0.00794	0.00397	0.00318	0.00953
7	0.01250	0.00745	0.00908	0.00921	0.01090	0.00707	0.00692	0.01546	0.01735	0.05809	0.22819	0.18442	0.06320	0.01486	0.00775	0.00236	0.00407	0.06444	0.26966	0.00701
8	0.02747	0.01143	0.01455	0.01161	0.01622	0.01041	0.00944	0.06422	0.02035	0.47165	0.02723	0.02556	0.01826	0.00902	0.00681	0.00213	0.00560	0.00727	0.22978	0.01100
9	0.01837	0.01764	0.03013	0.04557	0.69279	0.01764	0.02278	0.02278	0.01690	0.02425	0.01396	0.01837	0.01176	0.00661	0.00735	0.00220	0.00882	0.00661	0.00367	0.01176
10	0.00977	0.00756	0.00890	0.00856	0.01064	0.00669	0.00642	0.01258	0.01927	0.02562	0.42689	0.06228	0.33462	0.01672	0.00876	0.00241	0.00361	0.01438	0.00763	0.00669
11	0.03331	0.01263	0.01723	0.01321	0.01895	0.01091	0.01091	0.03618	0.02125	0.69794	0.02929	0.02527	0.01838	0.00919	0.00747	0.00230	0.00632	0.00747	0.00919	0.01263
12	0.01985	0.74357	0.03890	0.01270	0.01905	0.02937	0.01270	0.02223	0.01508	0.01747	0.01032	0.01191	0.00953	0.00635	0.00476	0.00159	0.00794	0.00397	0.00318	0.00953
13	0.00896	0.00679	0.00828	0.00947	0.01054	0.00610	0.00651	0.01043	0.01504	0.01929	0.05144	0.53089	0.24567	0.02189	0.00926	0.00286	0.00414	0.01944	0.00689	0.00610
14	0.01829	0.00905	0.01165	0.01010	0.01310	0.00821	0.00789	0.02159	0.02006	0.23908	0.35677	0.04075	0.04423	0.01207	0.00768	0.00221	0.00438	0.01033	0.15381	0.00876
15	0.00899	0.00667	0.00840	0.00978	0.01062	0.00608	0.00664	0.01040	0.01475	0.01917	0.04776	0.60206	0.17688	0.02237	0.00934	0.00291	0.00420	0.02002	0.00689	0.00608
16	0.00966	0.00693	0.00916	0.00992	0.01090	0.00644	0.00694	0.01187	0.01706	0.02347	0.31180	0.45048	0.05786	0.01988	0.00917	0.00273	0.00397	0.01789	0.00743	0.00644
17	0.01074	0.00768	0.01049	0.01177	0.01307	0.00743	0.00937	0.01348	0.01689	0.02257	0.16209	0.29069	0.04995	0.02040	0.00972	0.00308	0.00538	0.32149	0.00711	0.00660
18	0.00909	0.00753	0.00796	0.00785	0.01022	0.00640	0.00589	0.01127	0.01767	0.02183	0.18729	0.06852	0.57659	0.01814	0.00877	0.00248	0.00371	0.01526	0.00713	0.00640
19	0.01985	0.74357	0.03890	0.01270	0.01905	0.02937	0.01270	0.02223	0.01508	0.01747	0.01032	0.01191	0.00953	0.00635	0.00476	0.00159	0.00794	0.00397	0.00318	0.00953
20	0.31104	0.01353	0.01457	0.01180	0.01684	0.01374	0.00970	0.08160	0.01878	0.35050	0.02099	0.01996	0.01414	0.00828	0.00624	0.00225	0.00605	0.00609	0.06338	0.01052
21	0.02500	0.12022	0.06119	0.07518	0.02577	0.02208	0.04630	0.41997	0.02779	0.07973	0.01677	0.01764	0.01210	0.00823	0.00711	0.00218	0.00852	0.00639	0.00621	0.01162
22	0.01133	0.00835	0.01139	0.01261	0.06657	0.00876	0.00786	0.01290	0.01254	0.01746	0.07673	0.03998	0.02641	0.38329	0.26414	0.00801	0.01139	0.00969	0.00456	0.00604
23	0.68444	0.01526	0.01251	0.01079	0.01557	0.01755	0.00889	0.11249	0.01576	0.03520	0.01139	0.01287	0.00868	0.00717	0.00499	0.00229	0.00608	0.00439	0.00499	0.00868
24	0.01038	0.00736	0.00920	0.00940	0.01003	0.00758	0.00623	0.01144	0.01201	0.01619	0.02864	0.12225	0.08171	0.40339	0.22448	0.00769	0.01022	0.01155	0.00482	0.00543
25	0.01489	0.03840	0.70064	0.02116	0.03213	0.01724	0.02743	0.02351	0.01567	0.02351	0.01332	0.01567	0.00940	0.00705	0.00705	0.00235	0.01097	0.00549	0.00313	0.01097
26	0.01106	0.00790	0.01093	0.01264	0.01395	0.00777	0.01039	0.01382	0.01620	0.02120	0.03981	0.28527	0.04470	0.02136	0.01001	0.00329	0.00605	0.45022	0.00685	0.00659
27	0.01530	0.09653	0.64608	0.02046	0.03105	0.01824	0.02621	0.02340	0.01562	0.02301	0.01307	0.01536	0.00941	0.00700	0.00686	0.00229	0.01072	0.00536	0.00314	0.01085
28	0.01927	0.01635	0.01724	0.01527	0.01961	0.01884	0.01194	0.09127	0.62625	0.03235	0.02919	0.02688	0.02183	0.00998	0.00754	0.00249	0.00606	0.00825	0.00754	0.01182
29	0.01014	0.00692	0.00829	0.00894	0.00910	0.00676	0.00540	0.01062	0.01208	0.01610	0.02997	0.30595	0.03529	0.47041	0.02716	0.00563	0.00611	0.01467	0.00540	0.00507
30	0.01489	0.03840	0.70064	0.02116	0.03213	0.01724	0.02743	0.02351	0.01567	0.02351	0.01332	0.01567	0.00940	0.00705	0.00705	0.00235	0.01097	0.00549	0.00313	0.01097
31	0.01087	0.00728	0.00834	0.00845	0.00856	0.00728	0.00498	0.01109	0.01120	0.01489	0.02441	0.05083	0.02800	0.69317	0.03603	0.00696	0.00717	0.05119	0.00465	0.00465
32	0.01026	0.00780	0.00952	0.00980	0.01140	0.00738	0.00707	0.01398	0.06745	0.02416	0.29178	0.30072	0.17421	0.01838	0.00893	0.00263	0.00402	0.01623	0.00743	0.00687
33	0.02782	0.03264	0.02127	0.01874	0.02296	0.58014	0.01430	0.14979	0.02365	0.02355	0.01267	0.01422	0.01014	0.00789	0.00683	0.00197	0.01241	0.00514	0.00450	0.00936
34	0.00974	0.00774	0.00892	0.00957	0.01167	0.00692	0.00761	0.01202	0.01675	0.02060	0.06178	0.12972	0.44587	0.01967	0.00927	0.00282	0.00471	0.20133	0.00688	0.00642
35	0.01042	0.00744	0.01019	0.01190	0.01293	0.00721	0.00927	0.01271	0.01556	0.02048	0.04016	0.42874	0.04611	0.02197	0.00984	0.00320	0.00549	0.31310	0.00687	0.00641
36	0.01944	0.02292	0.03952	0.02900	0.03582	0.14874	0.54322	0.02488	0.01818	0.02272	0.01435	0.01878	0.01094	0.00652	0.00837	0.00239	0.01268	0.00801	0.00377	0.00975
37	0.01547	0.01360	0.01389	0.01271	0.01572	0.07000	0.00972	0.02662	0.31402	0.02939	0.33990	0.03963	0.04397	0.01228	0.00805	0.00238	0.00537	0.01047	0.00754	0.00925
38	0.01624	0.01624	0.02274	0.01949	0.01949	0.02274	0.01624	0.01787	0.01137	0.01787	0.00975	0.01624	0.00975	0.01299	0.02436	0.00325	0.72552	0.00650	0.00325	0.00812
39	0.79154	0.01436	0.01091	0.00976	0.01436	0.01665	0.00804	0.02182	0.01263	0.03331	0.01034	0.01206	0.00804	0.00689	0.00459	0.00230	0.00574	0.00402	0.00459	0.00804
40	0.01078	0.00737	0.00897	0.00957	0.00999	0.00730	0.00638	0.01167	0.01259	0.01667	0.02922	0.15561	0.03345	0.48694	0.02800	0.00581	0.00670	0.14246	0.00533	0.00520
41	0.01539	0.01319	0.01539	0.01100	0.01759	0.00990	0.00880	0.01869	0.01539	0.02419	0.01319	0.01539	0.01100	0.00550	0.00550	0.00110	0.00550	0.00440	0.00440	0.78449
42	0.01520	0.01440	0.02440	0.53838	0.22480	0.01680	0.02120	0.02000	0.01540	0.02040	0.01340	0.01941	0.01040	0.00720	0.00740	0.00240	0.00960	0.00660	0.00340	0.00920
43	0.01051	0.00754	0.00944	0.00897	0.01081	0.00691	0.00673	0.01382	0.02018	0.02848	0.57322	0.05558	0.14068	0.01519	0.00853	0.00232	0.00353	0.01328	0.05737	0.00691
44	0.01013	0.00753	0.00823	0.00830	0.01051	0.00649	0.00613	0.01214	0.01689	0.04746	0.11021	0.17369	0.48540	0.01844	0.00868	0.00253	0.00392	0.01568	0.04110	0.00656
45	0.67341	0.01409	0.01190	0.01030	0.01507	0.01576	0.00849	0.02406	0.01398	0.13686	0.01329	0.01412	0.00965	0.00725	0.00504	0.00230	0.00583	0.00456	0.00531	0.00876
46	0.01031	0.00752	0.00969	0.00927	0.01100	0.00690	0.00691	0.01359	0.02038	0.02855	0.61389	0.09245	0.11003	0.01584	0.00880	0.00238	0.00356	0.01398	0.00802	0.00690
47	0.00985	0.00691	0.00902	0.00978	0.01078	0.00644	0.00684	0.01209	0.01685	0.02349	0.28414	0.44112	0.05540	0.01944	0.00898	0.00269	0.00396	0.01746	0.04832	0.00644
48	0.01950	0.01711	0.01732	0.01541	0.01970	0.04914	0.01202	0.07919	0.60923	0.03149	0.02860	0.02644	0.02144	0.00989	0.00751	0.00247	0.00635	0.00812	0.00738	0.01167
49	0.01698	0.01747	0.02263	0.01947	0.01971	0.06662	0.01612	0.01862	0.01199	0.01789	0.00986	0.01606	0.00973	0.01265	0.02323	0.00316	0.68000	0.00639	0.00329	0.00815
50	0.00958	0.00685	0.00923	0.01095	0.01162	0.00649	0.00783	0.01127	0.01474	0.01955	0.04062	0.61406	0.04792	0.02275	0.00962	0.00309	0.00477	0.13598	0.00688	0.00618
51	0.01908	0.63370	0.14200	0.01402	0.02109	0.02748	0.01500	0.02243	0.01518	0.01841	0.01079	0.01250	0.00951	0.00646	0.00512	0.00171	0.00841	0.00421	0.00317	0.00975
52	0.11104	0.01794	0.02402	0.05165	0.33730	0.05482	0.01755	0.10917	0.05063	0.07226	0.01534	0.01807	0.01206	0.00789	0.00843	0.00232	0.06743	0.00636	0.00479	0.01092
53	0.01026	0.00727	0.00820	0.00822	0.00895	0.00693	0.00512	0.01110	0.01334	0.01746	0.10774	0.08702	0.16925	0.47711	0.02727	0.00550	0.00595	0.01258	0.00551	0.00521
54	0.01938	0.04242	0.15621	0.02963	0.33294	0.04922	0.01949	0.02409	0.01706	0.09833	0.01519	0.01772	0.01175	0.00685	0.00691	0.00204	0.00864	0.00598	0.00429	0.13188

[dist]
# distance from previous block
# <min> <max>
0	7

[block]
# block no. 4 follows, 27 sequences, length 33
# corresponding to MSA columns:
# 309-341
name=unknown_E
#
# <colnr> <probs for GDERKNQSTAVLIFYWHMCP>
#	G	D	E	R	K	N	Q	S	T	A	V	L	I	F	Y	W	H	M	C	P
0	0.02200	0.55032	0.03403	0.01445	0.02012	0.21491	0.01315	0.02425	0.01671	0.01766	0.01064	0.01231	0.00954	0.00671	0.00529	0.00168	0.00943	0.00419	0.00335	0.00928
1	0.02465	0.02832	0.02641	0.02285	0.06581	0.40226	0.15393	0.11048	0.05072	0.02397	0.01402	0.01630	0.01102	0.00756	0.00731	0.00212	0.01193	0.00614	0.00443	0.00975
2	0.01978	0.07054	0.03050	0.03846	0.51395	0.01929	0.05891	0.11103	0.01927	0.02682	0.01429	0.01793	0.01169	0.00689	0.00726	0.00218	0.00889	0.00656	0.00416	0.01161
3	0.02325	0.01760	0.01909	0.01742	0.06846	0.06352	0.01290	0.20607	0.27236	0.12834	0.07168	0.02505	0.02108	0.00959	0.00752	0.00233	0.00710	0.00779	0.00727	0.01156
4	0.00918	0.00684	0.00859	0.00992	0.01090	0.00625	0.00694	0.01074	0.01502	0.01942	0.04862	0.54024	0.19461	0.02206	0.00937	0.00293	0.00435	0.06101	0.00689	0.00614
5	0.01460	0.01366	0.02234	0.63038	0.08680	0.01670	0.02011	0.02067	0.06287	0.02015	0.01447	0.02028	0.01093	0.00757	0.00743	0.00246	0.00954	0.00673	0.00363	0.00871
6	0.01718	0.01642	0.02797	0.23117	0.51654	0.01732	0.02219	0.02174	0.01634	0.02280	0.01375	0.01876	0.01125	0.00684	0.00737	0.00228	0.00912	0.00661	0.00357	0.01079
7	0.01663	0.01283	0.01657	0.23439	0.02708	0.01467	0.01318	0.02727	0.27546	0.07274	0.06876	0.05793	0.02229	0.00994	0.00740	0.00241	0.00666	0.00849	0.09573	0.00959
8	0.01837	0.01764	0.03013	0.04557	0.69279	0.01764	0.02278	0.02278	0.01690	0.02425	0.01396	0.01837	0.01176	0.00661	0.00735	0.00220	0.00882	0.00661	0.00367	0.01176
9	0.01905	0.01892	0.02948	0.04366	0.64451	0.06749	0.02217	0.02328	0.01720	0.02381	0.01378	0.01801	0.01160	0.00669	0.00730	0.00218	0.00915	0.00648	0.00369	0.01153
10	0.01574	0.01661	0.06656	0.15758	0.32371	0.01563	0.11084	0.02049	0.01701	0.02353	0.09351	0.02637	0.06260	0.00850	0.00780	0.00234	0.00873	0.00821	0.00430	0.00994
11	0.00920	0.00670	0.00872	0.01027	0.01099	0.00621	0.00709	0.01069	0.01467	0.01927	0.04422	0.62679	0.11226	0.02264	0.00946	0.00299	0.00441	0.06042	0.00689	0.00611
12	0.02055	0.02040	0.02817	0.03936	0.54023	0.11515	0.02084	0.08019	0.01906	0.02537	0.01395	0.01763	0.01153	0.00696	0.00726	0.00217	0.00940	0.00636	0.00402	0.01139
13	0.02333	0.02472	0.02557	0.03146	0.34310	0.27620	0.01834	0.12174	0.02113	0.02535	0.01361	0.01643	0.01107	0.00734	0.00712	0.00210	0.01042	0.00594	0.00429	0.01071
14	0.01402	0.01319	0.02227	0.72126	0.05113	0.01649	0.02062	0.01897	0.01484	0.01897	0.01319	0.01979	0.00990	0.00742	0.00742	0.00247	0.00990	0.00660	0.00330	0.00825
15	0.01080	0.00720	0.00810	0.00810	0.00810	0.00720	0.00450	0.01080	0.01080	0.01439	0.02339	0.04858	0.02699	0.73910	0.03779	0.00720	0.00720	0.01080	0.00450	0.00450
16	0.01553	0.00929	0.01206	0.01119	0.01239	0.00982	0.00799	0.10464	0.07180	0.01924	0.01510	0.02235	0.01371	0.02205	0.02411	0.60597	0.00664	0.00665	0.00419	0.00529
17	0.02233	0.02231	0.17613	0.01797	0.02465	0.01852	0.06304	0.21453	0.20940	0.12074	0.02160	0.02126	0.01538	0.00866	0.00748	0.00237	0.00823	0.00715	0.00645	0.01181
18	0.01489	0.03840	0.70064	0.02116	0.03213	0.01724	0.02743	0.02351	0.01567	0.02351	0.01332	0.01567	0.00940	0.00705	0.00705	0.00235	0.01097	0.00549	0.00313	0.01097
19	0.00957	0.00750	0.00880	0.00960	0.01143	0.00673	0.00738	0.01165	0.01631	0.02028	0.05875	0.23419	0.38780	0.02027	0.00928	0.00284	0.00459	0.15983	0.00688	0.00634
20	0.01058	0.00787	0.01147	0.01134	0.01276	0.00876	0.00876	0.01343	0.01400	0.02009	0.17226	0.03515	0.03029	0.04645	0.55003	0.00975	0.01615	0.00920	0.00493	0.00671
21	0.01921	0.37005	0.26293	0.01680	0.02415	0.12735	0.01813	0.02364	0.01606	0.01966	0.01151	0.01357	0.00950	0.00701	0.00651	0.00196	0.03418	0.00470	0.00326	0.00984
22	0.79154	0.01436	0.01091	0.00976	0.01436	0.01665	0.00804	0.02182	0.01263	0.03331	0.01034	0.01206	0.00804	0.00689	0.00459	0.00230	0.00574	0.00402	0.00459	0.00804
23	0.03280	0.01344	0.01773	0.01359	0.01935	0.01211	0.01123	0.09887	0.02260	0.63333	0.02815	0.02453	0.01781	0.00916	0.00746	0.00229	0.00650	0.00739	0.00901	0.01263
24	0.01837	0.01764	0.03013	0.04557	0.69279	0.01764	0.02278	0.02278	0.01690	0.02425	0.01396	0.01837	0.01176	0.00661	0.00735	0.00220	0.00882	0.00661	0.00367	0.01176
25	0.00990	0.00736	0.00942	0.01075	0.01205	0.00688	0.00820	0.01200	0.01574	0.02023	0.04822	0.37849	0.19302	0.02138	0.00956	0.00303	0.00498	0.21559	0.00687	0.00634
26	0.01076	0.00725	0.00835	0.00827	0.00851	0.00717	0.00484	0.01124	0.01219	0.01650	0.11439	0.04952	0.03288	0.64011	0.03382	0.00653	0.00669	0.01116	0.00500	0.00484
27	0.01066	0.00774	0.01083	0.01083	0.01178	0.00868	0.00791	0.01255	0.01161	0.01642	0.02089	0.03474	0.02098	0.25178	0.51689	0.01057	0.01624	0.00877	0.00413	0.00602
28	0.00951	0.00665	0.00848	0.00975	0.01006	0.00634	0.00626	0.01046	0.01331	0.01775	0.03630	0.55352	0.04327	0.21195	0.01694	0.00412	0.00507	0.01839	0.00626	0.00563
29	0.02441	0.02025	0.02033	0.01761	0.05194	0.09333	0.01349	0.37030	0.20839	0.03758	0.02065	0.02052	0.01529	0.00898	0.00728	0.00225	0.00791	0.00696	0.04083	0.01167
30	0.75632	0.04764	0.01219	0.00990	0.01457	0.01723	0.00825	0.02184	0.01275	0.03258	0.01034	0.01205	0.00811	0.00687	0.00460	0.00226	0.00584	0.00402	0.00453	0.00811
31	0.00902	0.00701	0.00821	0.00902	0.01046	0.00620	0.00634	0.01072	0.01587	0.02016	0.09910	0.39441	0.33552	0.02074	0.00912	0.00274	0.00401	0.01818	0.00698	0.00620
32	0.01754	0.02089	0.08473	0.10234	0.12713	0.05373	0.39600	0.02310	0.01687	0.02271	0.01409	0.01891	0.01089	0.00693	0.00907	0.00246	0.05134	0.00768	0.00363	0.00996

[dist]
# distance from previous block
# <min> <max>
0	1

[block]
# block no. 5 follows, 27 sequences, length 44
# corresponding to MSA columns:
# 343-386
name=unknown_F
#
# <colnr> <probs for GDERKNQSTAVLIFYWHMCP>
#	G	D	E	R	K	N	Q	S	T	A	V	L	I	F	Y	W	H	M	C	P
0	0.01887	0.02113	0.06920	0.01602	0.01935	0.23791	0.01328	0.09706	0.01783	0.02155	0.01582	0.02093	0.01373	0.02840	0.30530	0.00630	0.05819	0.00651	0.00423	0.00840
1	0.49547	0.05965	0.01655	0.06830	0.07045	0.06887	0.01137	0.06072	0.04230	0.03017	0.01216	0.01419	0.00953	0.00718	0.00547	0.00224	0.00713	0.00480	0.00457	0.00889
2	0.01391	0.01264	0.02076	0.43199	0.16767	0.01450	0.01783	0.01785	0.01484	0.01964	0.01809	0.12360	0.01718	0.06659	0.01007	0.00287	0.00868	0.00900	0.00398	0.00833
3	0.01061	0.00795	0.01193	0.01193	0.01326	0.00928	0.00928	0.01326	0.01193	0.01723	0.01988	0.02916	0.01856	0.05568	0.70968	0.01193	0.01988	0.00795	0.00398	0.00663
4	0.01998	0.02179	0.02370	0.07428	0.33652	0.24753	0.01768	0.02316	0.01780	0.02117	0.01671	0.11323	0.01594	0.00925	0.00742	0.00223	0.00981	0.00795	0.00413	0.00971
5	0.01941	0.01946	0.02968	0.06830	0.52647	0.08393	0.07063	0.04877	0.01797	0.02431	0.01393	0.01806	0.01147	0.00681	0.00740	0.00221	0.00956	0.00661	0.00383	0.01122
6	0.01969	0.01970	0.01995	0.25468	0.03112	0.17302	0.01548	0.07190	0.26465	0.02512	0.01944	0.02117	0.01475	0.00856	0.00731	0.00235	0.00907	0.00686	0.00527	0.00992
7	0.01606	0.20520	0.54411	0.01916	0.02904	0.02011	0.02395	0.02321	0.01553	0.02208	0.01261	0.01478	0.00943	0.00689	0.00651	0.00217	0.01025	0.00513	0.00314	0.01063
8	0.01027	0.00819	0.00928	0.00890	0.01120	0.00752	0.00671	0.01432	0.06928	0.02516	0.34112	0.06109	0.36686	0.01654	0.00867	0.00243	0.00381	0.01413	0.00751	0.00701
9	0.01262	0.01163	0.01672	0.25039	0.02720	0.05460	0.06215	0.01569	0.01553	0.01996	0.06870	0.35274	0.03194	0.01518	0.00851	0.00268	0.00732	0.01380	0.00534	0.00730
10	0.02715	0.03427	0.02161	0.02078	0.06489	0.66599	0.01487	0.02921	0.02078	0.01855	0.01163	0.01370	0.00970	0.00759	0.00673	0.00193	0.01310	0.00490	0.00382	0.00880
11	0.00940	0.00666	0.00868	0.00998	0.01049	0.00626	0.00662	0.01076	0.01450	0.01950	0.10378	0.58617	0.04862	0.10606	0.01271	0.00344	0.00456	0.01913	0.00674	0.00595
12	0.02623	0.01329	0.01576	0.01264	0.01731	0.01319	0.01026	0.17736	0.06648	0.33409	0.02542	0.02432	0.01750	0.00905	0.00689	0.00215	0.00599	0.00721	0.20375	0.01113
13	0.01485	0.01404	0.02376	0.59264	0.17328	0.01671	0.02103	0.01969	0.01524	0.01997	0.01334	0.01952	0.01025	0.00727	0.00741	0.00242	0.00969	0.00660	0.00337	0.00892
14	0.01303	0.00801	0.01031	0.00987	0.01094	0.00823	0.00675	0.01429	0.01260	0.08590	0.04757	0.04033	0.02505	0.42230	0.24514	0.00800	0.01096	0.00966	0.00495	0.00610
15	0.00905	0.00724	0.00810	0.00850	0.01035	0.00629	0.00614	0.01096	0.01667	0.02089	0.13760	0.24902	0.44395	0.01958	0.00896	0.00262	0.00388	0.01688	0.00704	0.00629
16	0.02987	0.01537	0.01851	0.01430	0.01991	0.01515	0.01178	0.27092	0.02608	0.41194	0.02787	0.02537	0.05826	0.00969	0.00753	0.00228	0.00685	0.00769	0.00839	0.01223
17	0.01898	0.01409	0.01594	0.01322	0.01702	0.01500	0.01052	0.30651	0.07743	0.03743	0.34048	0.03662	0.04092	0.01200	0.00807	0.00230	0.00576	0.01005	0.00779	0.00986
18	0.01624	0.01741	0.03526	0.02606	0.03227	0.01657	0.49076	0.02297	0.06811	0.02419	0.05076	0.03063	0.06768	0.00891	0.00878	0.00256	0.01056	0.05609	0.00469	0.00950
19	0.01821	0.01747	0.02983	0.07170	0.66798	0.01759	0.02270	0.02264	0.01682	0.02405	0.01393	0.01843	0.01169	0.00665	0.00735	0.00222	0.00886	0.00661	0.00366	0.01162
20	0.01276	0.01040	0.01393	0.14561	0.02056	0.01008	0.01003	0.01553	0.01422	0.02034	0.06929	0.06985	0.02179	0.15926	0.11923	0.00440	0.00862	0.00827	0.00458	0.26123
21	0.01980	0.01925	0.16871	0.05826	0.07467	0.01360	0.01545	0.02617	0.08491	0.17713	0.01867	0.01944	0.01351	0.00734	0.00675	0.00196	0.00744	0.00604	0.00541	0.25549
22	0.01961	0.01998	0.02031	0.01640	0.02154	0.18763	0.08760	0.06900	0.12027	0.02485	0.01795	0.07037	0.01537	0.00837	0.00692	0.00190	0.00844	0.00700	0.00505	0.27143
23	0.00888	0.00709	0.00796	0.00866	0.01033	0.00617	0.00615	0.01053	0.01582	0.01961	0.06129	0.34045	0.42976	0.02061	0.00906	0.00271	0.00398	0.01787	0.00689	0.00617
24	0.02547	0.02023	0.02210	0.01729	0.02274	0.06180	0.05145	0.49486	0.08110	0.04125	0.06945	0.02131	0.01751	0.00925	0.00757	0.00226	0.00820	0.00734	0.00707	0.01174
25	0.01274	0.00650	0.00955	0.00955	0.00955	0.00650	0.00630	0.00976	0.00976	0.01301	0.01369	0.02455	0.01397	0.08012	0.02968	0.72484	0.00650	0.00678	0.00332	0.00332
26	0.01402	0.01319	0.02227	0.72126	0.05113	0.01649	0.02062	0.01897	0.01484	0.01897	0.01319	0.01979	0.00990	0.00742	0.00742	0.00247	0.00990	0.00660	0.00330	0.00825
27	0.02125	0.07274	0.10287	0.01772	0.02346	0.01832	0.10497	0.29486	0.02409	0.07149	0.02136	0.15250	0.01902	0.01085	0.00776	0.00239	0.00825	0.00939	0.00610	0.01060
28	0.02556	0.01827	0.02497	0.01903	0.02464	0.01938	0.13750	0.31939	0.07631	0.17124	0.01995	0.02039	0.01408	0.00886	0.00899	0.00239	0.06320	0.00735	0.00678	0.01172
29	0.01624	0.01624	0.02274	0.01949	0.01949	0.02274	0.01624	0.01787	0.01137	0.01787	0.00975	0.01624	0.00975	0.01299	0.02436	0.00325	0.72552	0.00650	0.00325	0.00812
30	0.16250	0.01258	0.01352	0.01036	0.01565	0.01081	0.00805	0.01819	0.01423	0.02456	0.01407	0.01939	0.01267	0.10814	0.00983	0.00218	0.00578	0.00522	0.00445	0.52783
31	0.01061	0.00795	0.01193	0.01193	0.01326	0.00928	0.00928	0.01326	0.01193	0.01723	0.01988	0.02916	0.01856	0.05568	0.70968	0.01193	0.01988	0.00795	0.00398	0.00663
32	0.01252	0.00922	0.01050	0.01031	0.01255	0.00920	0.00784	0.05727	0.10112	0.02591	0.16217	0.17733	0.18856	0.01596	0.00828	0.00251	0.00455	0.06144	0.11518	0.00758
33	0.00956	0.00703	0.00896	0.00957	0.01079	0.00643	0.00676	0.01177	0.01716	0.02319	0.29056	0.38563	0.14603	0.01958	0.00911	0.00269	0.00393	0.01745	0.00738	0.00643
