[name]
unknown

[dist]
# distance from previous block
# <min> <max>
12	2955

[block]
# block no. 0 follows, 28 sequences, length 28
# corresponding to MSA columns:
# 4910-4937
name=unknown_A
#
# <colnr> <probs for GDERKNQSTAVLIFYWHMCP>
#	G	D	E	R	K	N	Q	S	T	A	V	L	I	F	Y	W	H	M	C	P
0	0.06841	0.02041	0.08605	0.08886	0.05994	0.15991	0.04297	0.09918	0.01960	0.13697	0.02079	0.02749	0.03597	0.00961	0.00738	0.00234	0.00897	0.09014	0.00541	0.00961
1	0.08009	0.02212	0.22931	0.07196	0.02562	0.01639	0.04464	0.12778	0.10298	0.02783	0.01599	0.01804	0.01207	0.00980	0.04366	0.00262	0.00887	0.00599	0.00468	0.12954
2	0.07936	0.06700	0.01773	0.01348	0.01676	0.01393	0.06287	0.15185	0.04993	0.07806	0.01814	0.08940	0.01615	0.01520	0.01432	0.26816	0.00695	0.00774	0.00515	0.00780
3	0.04883	0.01602	0.02045	0.05315	0.06256	0.07264	0.06558	0.10187	0.04675	0.08505	0.02085	0.03310	0.01894	0.01170	0.01126	0.00269	0.15612	0.15793	0.00537	0.00914
4	0.05213	0.13335	0.19209	0.05204	0.02174	0.05542	0.01478	0.03907	0.04950	0.10970	0.09256	0.11503	0.02251	0.01023	0.00702	0.00225	0.00760	0.00834	0.00527	0.00936
5	0.02191	0.21834	0.08098	0.05307	0.07350	0.29390	0.01531	0.05510	0.08316	0.02097	0.01340	0.01513	0.01089	0.00731	0.00628	0.00194	0.01007	0.00517	0.00400	0.00954
6	0.01439	0.01415	0.06949	0.01414	0.07198	0.01066	0.01075	0.01857	0.04760	0.02307	0.04677	0.07408	0.01781	0.06539	0.00865	0.00199	0.00604	0.00685	0.00465	0.47296
7	0.01847	0.14712	0.14916	0.07123	0.04100	0.10667	0.06327	0.11062	0.05436	0.02548	0.12271	0.02222	0.02005	0.00849	0.00697	0.00213	0.00872	0.00692	0.00481	0.00959
8	0.02442	0.02063	0.02095	0.01873	0.07625	0.10327	0.01395	0.38730	0.19327	0.03687	0.01943	0.01938	0.01438	0.00868	0.00721	0.00221	0.00810	0.00673	0.00659	0.01161
9	0.01230	0.01309	0.09568	0.01086	0.01553	0.00900	0.00971	0.01601	0.01728	0.02487	0.26196	0.03764	0.14053	0.01098	0.00720	0.00187	0.00507	0.00930	0.00584	0.29527
10	0.07751	0.11248	0.12048	0.01340	0.01770	0.06329	0.01227	0.10154	0.01739	0.04017	0.05089	0.11996	0.05375	0.04646	0.03881	0.05028	0.00787	0.04240	0.00507	0.00827
11	0.09446	0.64057	0.07031	0.01259	0.01888	0.02694	0.01275	0.02179	0.01457	0.01891	0.01026	0.01187	0.00918	0.00631	0.00477	0.00166	0.00772	0.00397	0.00324	0.00926
12	0.01037	0.00724	0.00924	0.00937	0.00985	0.00765	0.00618	0.01135	0.01121	0.01539	0.02308	0.09531	0.02532	0.45381	0.26522	0.00830	0.01104	0.01042	0.00441	0.00523
13	0.01458	0.03760	0.70688	0.02072	0.03146	0.01688	0.02686	0.02302	0.01535	0.02302	0.01304	0.01535	0.00921	0.00691	0.00691	0.00230	0.01074	0.00537	0.00307	0.01074
14	0.01488	0.01410	0.02389	0.54251	0.22561	0.01645	0.02076	0.01958	0.01508	0.01997	0.01312	0.01900	0.01018	0.00705	0.00725	0.00235	0.00940	0.00646	0.00333	0.00901
15	0.01002	0.00774	0.01074	0.11157	0.01656	0.00799	0.00889	0.01280	0.04905	0.01918	0.03569	0.60094	0.04131	0.01991	0.00890	0.00285	0.00507	0.01801	0.00628	0.00650
16	0.00945	0.00693	0.00890	0.00957	0.01075	0.00637	0.00684	0.01165	0.01673	0.02260	0.27776	0.38618	0.13450	0.01931	0.00897	0.00267	0.00397	0.04333	0.00719	0.00631
17	0.01384	0.00821	0.01066	0.01014	0.01243	0.00744	0.00783	0.01663	0.01874	0.14137	0.33792	0.15200	0.13647	0.01599	0.00861	0.00251	0.00439	0.07957	0.00769	0.00756
18	0.01905	0.01610	0.05776	0.01420	0.01869	0.01620	0.01186	0.18325	0.31108	0.06558	0.14625	0.03067	0.05594	0.01063	0.00759	0.00235	0.00611	0.00879	0.00726	0.01065
19	0.12969	0.02847	0.21661	0.01998	0.07366	0.26042	0.01774	0.02399	0.01621	0.02178	0.01152	0.01435	0.00930	0.00793	0.00902	0.00227	0.11918	0.00516	0.00356	0.00917
20	0.32091	0.01685	0.02009	0.07954	0.26783	0.05913	0.01503	0.07557	0.01657	0.04750	0.01282	0.01556	0.01008	0.00696	0.00613	0.00220	0.00770	0.00541	0.00438	0.00974
21	0.04543	0.25477	0.02642	0.05533	0.06328	0.38206	0.01418	0.04401	0.01837	0.01920	0.01126	0.01337	0.00954	0.00703	0.00600	0.00184	0.01063	0.00467	0.00363	0.00897
22	0.02227	0.01699	0.01999	0.02062	0.15993	0.07110	0.01369	0.26787	0.02449	0.11180	0.12732	0.06751	0.02376	0.01002	0.00753	0.00222	0.00736	0.00838	0.00652	0.01061
23	0.02836	0.01703	0.01958	0.01495	0.02075	0.01745	0.01233	0.40344	0.02808	0.27068	0.02096	0.01977	0.01418	0.00856	0.00714	0.00212	0.00717	0.00663	0.00763	0.07317
24	0.02620	0.01503	0.05836	0.01389	0.01911	0.01348	0.01184	0.16231	0.07636	0.38211	0.06445	0.08055	0.02190	0.01030	0.00751	0.00231	0.00648	0.00849	0.00793	0.01138
25	0.01337	0.00839	0.01028	0.00984	0.01217	0.00769	0.00735	0.01678	0.05802	0.12716	0.22853	0.22292	0.21626	0.01656	0.00849	0.00250	0.00425	0.01440	0.00748	0.00755
26	0.01263	0.00631	0.00947	0.00947	0.00947	0.00631	0.00631	0.00947	0.00947	0.01263	0.01263	0.02210	0.01263	0.02525	0.02841	0.78851	0.00631	0.00631	0.00316	0.00316
27	0.00903	0.00747	0.00797	0.00809	0.01041	0.00641	0.00623	0.01114	0.01690	0.02059	0.11919	0.06989	0.58337	0.01829	0.00873	0.00253	0.00395	0.07673	0.00684	0.00625

[dist]
# distance from previous block
# <min> <max>
0	20

[block]
# block no. 1 follows, 28 sequences, length 51
# corresponding to MSA columns:
# 4962-5012
name=unknown_B
#
# <colnr> <probs for GDERKNQSTAVLIFYWHMCP>
#	G	D	E	R	K	N	Q	S	T	A	V	L	I	F	Y	W	H	M	C	P
0	0.05399	0.01913	0.08376	0.11625	0.12924	0.03542	0.01681	0.23792	0.02172	0.10343	0.01569	0.01787	0.01160	0.00842	0.00908	0.00234	0.09501	0.00633	0.00529	0.01070
1	0.01038	0.00779	0.01168	0.01168	0.01298	0.00909	0.00909	0.01298	0.01168	0.01687	0.01947	0.02856	0.01817	0.05452	0.71573	0.01168	0.01947	0.00779	0.00389	0.00649
2	0.01119	0.00818	0.01098	0.01232	0.01412	0.00797	0.01060	0.01430	0.01683	0.02166	0.06454	0.07926	0.14400	0.01966	0.00977	0.00318	0.00612	0.53197	0.00674	0.00661
3	0.03159	0.01401	0.01788	0.01371	0.01937	0.01311	0.01133	0.16648	0.02355	0.56930	0.02638	0.02325	0.01684	0.00894	0.00730	0.00224	0.00656	0.00715	0.00864	0.01237
4	0.01080	0.00783	0.01095	0.01082	0.01163	0.00889	0.00791	0.01229	0.01122	0.01587	0.01959	0.03286	0.01975	0.24058	0.45859	0.05794	0.04437	0.00840	0.00396	0.00577
5	0.01206	0.00956	0.01362	0.01282	0.01348	0.01182	0.00990	0.01340	0.01114	0.01618	0.01657	0.02693	0.01635	0.12502	0.37619	0.10200	0.19546	0.00759	0.00369	0.00620
6	0.01180	0.00720	0.00948	0.01022	0.01149	0.00657	0.00716	0.01345	0.01542	0.10157	0.09257	0.56130	0.08339	0.02025	0.00895	0.00279	0.00436	0.01816	0.00712	0.00677
7	0.01871	0.10844	0.24472	0.05169	0.19820	0.16028	0.07246	0.02378	0.01677	0.02135	0.01264	0.01563	0.01000	0.00679	0.00680	0.00211	0.01044	0.00564	0.00340	0.01014
8	0.01542	0.01425	0.01613	0.04160	0.09919	0.11219	0.03435	0.08807	0.03817	0.02299	0.05524	0.37034	0.03169	0.01526	0.00824	0.00254	0.00692	0.01353	0.00584	0.00806
9	0.41641	0.11131	0.11783	0.01346	0.01903	0.13582	0.01256	0.05793	0.01565	0.02753	0.01113	0.01283	0.00874	0.00694	0.00536	0.00210	0.00802	0.00440	0.00414	0.00880
10	0.02086	0.19813	0.23329	0.01849	0.02553	0.18157	0.06970	0.12633	0.01952	0.02403	0.01277	0.01464	0.00991	0.00710	0.00649	0.00202	0.01029	0.00531	0.00394	0.01006
11	0.00927	0.00698	0.00864	0.00972	0.01077	0.00651	0.00671	0.01158	0.04262	0.01991	0.08653	0.53823	0.17394	0.02091	0.00902	0.00279	0.00413	0.01865	0.00685	0.00624
12	0.07964	0.17596	0.30608	0.02045	0.06313	0.04358	0.12355	0.02361	0.01587	0.06445	0.01341	0.01563	0.01009	0.00675	0.00655	0.00214	0.00966	0.00562	0.00370	0.01014
13	0.08556	0.01636	0.10500	0.02668	0.30056	0.01402	0.01720	0.03965	0.01635	0.02414	0.02199	0.10482	0.02187	0.01152	0.00781	0.00255	0.00770	0.16203	0.00479	0.00940
14	0.02994	0.01178	0.01601	0.01248	0.01763	0.01023	0.01023	0.03283	0.02078	0.62338	0.10852	0.02828	0.02405	0.00970	0.00746	0.00225	0.00586	0.00801	0.00888	0.01171
15	0.01383	0.01588	0.10384	0.64248	0.04784	0.01624	0.02099	0.01911	0.01463	0.01911	0.01293	0.01890	0.00963	0.00722	0.00722	0.00241	0.00982	0.00633	0.00321	0.00839
16	0.01756	0.02457	0.27974	0.02526	0.17281	0.05534	0.11076	0.02320	0.01682	0.08530	0.01942	0.02498	0.04312	0.00849	0.00754	0.00235	0.00958	0.05860	0.00430	0.01027
17	0.01123	0.00896	0.01024	0.00965	0.01206	0.00876	0.00732	0.01740	0.14567	0.02636	0.37089	0.05412	0.25971	0.01504	0.00836	0.00237	0.00395	0.01291	0.00749	0.00751
18	0.02726	0.01119	0.01515	0.01202	0.01671	0.00977	0.00977	0.03022	0.02075	0.54238	0.18852	0.03183	0.03012	0.01040	0.00761	0.00226	0.00552	0.00871	0.00876	0.01105
19	0.01681	0.03268	0.46082	0.11461	0.07079	0.13592	0.02353	0.02342	0.01621	0.02159	0.01276	0.01565	0.00943	0.00703	0.00691	0.00224	0.01089	0.00546	0.00324	0.01004
20	0.01373	0.01292	0.02180	0.72707	0.05006	0.01615	0.02019	0.01857	0.01453	0.01857	0.01292	0.01938	0.00969	0.00727	0.00727	0.00242	0.00969	0.00646	0.00323	0.00807
21	0.39397	0.01469	0.01487	0.01205	0.01718	0.01561	0.00994	0.15037	0.01934	0.26023	0.01773	0.01722	0.01212	0.00788	0.00597	0.00224	0.00626	0.00556	0.00653	0.01023
22	0.00893	0.00680	0.00822	0.00908	0.01033	0.00609	0.00635	0.01063	0.01557	0.02012	0.12552	0.43576	0.26958	0.02040	0.00897	0.00271	0.00395	0.01801	0.00689	0.00609
23	0.11126	0.01841	0.08808	0.10499	0.37065	0.01703	0.08641	0.04535	0.01659	0.05305	0.01397	0.01758	0.01093	0.00678	0.00700	0.00224	0.00882	0.00632	0.00398	0.01054
24	0.02136	0.01694	0.02355	0.11188	0.02694	0.04797	0.12765	0.12246	0.15020	0.14466	0.01936	0.02084	0.01417	0.00885	0.00977	0.00245	0.10757	0.00724	0.00573	0.01042
25	0.01015	0.00768	0.00805	0.00778	0.01040	0.00645	0.00590	0.01211	0.01700	0.06224	0.09775	0.06649	0.62730	0.01768	0.00851	0.00243	0.00383	0.01475	0.00694	0.00655
26	0.02228	0.30978	0.02688	0.01465	0.02016	0.17310	0.01258	0.16478	0.05619	0.02495	0.01332	0.01446	0.01085	0.00713	0.00587	0.00175	0.00858	0.00491	0.00452	0.10327
27	0.01005	0.00752	0.00938	0.00941	0.01046	0.00764	0.00662	0.01160	0.01360	0.01819	0.10891	0.13055	0.17085	0.24545	0.17909	0.00601	0.03116	0.01229	0.00542	0.00580
28	0.01712	0.01827	0.10440	0.34452	0.11043	0.05467	0.01937	0.04934	0.01589	0.06291	0.01357	0.01812	0.01042	0.00816	0.00975	0.00245	0.12131	0.00628	0.00380	0.00923
29	0.01730	0.06607	0.38041	0.02117	0.07249	0.01655	0.09910	0.06310	0.01714	0.08519	0.01719	0.08071	0.01400	0.00845	0.00727	0.00232	0.00947	0.00735	0.00430	0.01043
30	0.01318	0.05242	0.28437	0.01861	0.10214	0.01301	0.01732	0.01822	0.01614	0.02247	0.09204	0.11232	0.08836	0.01235	0.00789	0.00249	0.00768	0.10526	0.00490	0.00884
31	0.05708	0.04138	0.11094	0.02475	0.15978	0.01649	0.17731	0.08601	0.04594	0.04546	0.03863	0.02899	0.01790	0.00922	0.00778	0.00244	0.00890	0.10619	0.00486	0.00998
32	0.05640	0.03634	0.66961	0.02012	0.03053	0.01685	0.02584	0.02293	0.01519	0.02353	0.01289	0.01516	0.00914	0.00690	0.00678	0.00230	0.01047	0.00529	0.00315	0.01059
33	0.01503	0.01424	0.02415	0.51929	0.24770	0.01649	0.02083	0.01971	0.01515	0.02015	0.01315	0.01896	0.01025	0.00703	0.00725	0.00234	0.00937	0.00647	0.00334	0.00912
34	0.01333	0.00995	0.01462	0.03825	0.03795	0.01004	0.07207	0.08070	0.01560	0.02107	0.02616	0.24314	0.02816	0.11996	0.01566	0.12446	0.00667	0.08292	0.03262	0.00667
35	0.02581	0.11514	0.02226	0.01699	0.02146	0.43188	0.01339	0.11796	0.08175	0.06499	0.01468	0.01551	0.01146	0.00781	0.00655	0.00195	0.01068	0.00532	0.00481	0.00959
36	0.00993	0.00728	0.00859	0.00889	0.01069	0.00643	0.00650	0.01199	0.01672	0.04517	0.18185	0.26213	0.34173	0.01872	0.00879	0.00259	0.00396	0.03453	0.00707	0.00644
37	0.01229	0.00649	0.00956	0.00956	0.00968	0.00661	0.00643	0.00985	0.00974	0.01310	0.01391	0.02436	0.01404	0.07576	0.08960	0.66792	0.00752	0.00673	0.00330	0.00353
38	0.01055	0.00848	0.01111	0.01309	0.09296	0.00784	0.00837	0.01302	0.01695	0.02239	0.22920	0.14540	0.27104	0.06505	0.01049	0.00280	0.00468	0.05317	0.00656	0.00687
39	0.07670	0.01161	0.01492	0.01177	0.01672	0.01043	0.00964	0.03170	0.01942	0.55799	0.02677	0.02431	0.01747	0.00878	0.00679	0.00216	0.00572	0.00702	0.12885	0.01123
40	0.01081	0.00858	0.01161	0.01175	0.01303	0.03417	0.00898	0.01322	0.01227	0.01711	0.02164	0.11317	0.02144	0.04902	0.60556	0.01028	0.01741	0.00922	0.00423	0.00649
41	0.00900	0.00680	0.00838	0.00956	0.01069	0.00617	0.00678	0.01061	0.01493	0.01913	0.04994	0.48814	0.24065	0.02126	0.00913	0.00284	0.00425	0.06898	0.00674	0.00604
42	0.02715	0.03464	0.02060	0.01873	0.02247	0.71536	0.01404	0.02903	0.02060	0.01779	0.01124	0.01311	0.00936	0.00749	0.00655	0.00187	0.01311	0.00468	0.00375	0.00843
43	0.01077	0.00784	0.01054	0.01202	0.01353	0.00761	0.00999	0.01352	0.01615	0.02086	0.04301	0.21127	0.12144	0.02042	0.00972	0.00316	0.00584	0.44912	0.00671	0.00647
44	0.01407	0.03399	0.62339	0.01933	0.02899	0.01568	0.02446	0.02191	0.01597	0.02375	0.09476	0.02001	0.01632	0.00786	0.00711	0.00230	0.00987	0.00630	0.00366	0.01028
45	0.01353	0.00741	0.00789	0.00755	0.00977	0.00691	0.00574	0.01645	0.01633	0.07883	0.07373	0.04011	0.20686	0.01158	0.00641	0.00198	0.00369	0.00950	0.46867	0.00705
46	0.01593	0.01299	0.09574	0.01366	0.05227	0.00997	0.01117	0.02047	0.06240	0.16382	0.18241	0.14716	0.12820	0.01383	0.00813	0.00245	0.00560	0.03810	0.00692	0.00876
47	0.01025	0.00744	0.01040	0.01060	0.01148	0.00822	0.00769	0.01206	0.01169	0.01641	0.02275	0.11826	0.02372	0.21508	0.46945	0.00953	0.01468	0.00999	0.00436	0.00592
48	0.70388	0.01481	0.01202	0.01042	0.01507	0.01705	0.00858	0.09964	0.01498	0.03419	0.01100	0.01248	0.00841	0.00698	0.00483	0.00224	0.00591	0.00425	0.00483	0.00841
49	0.04417	0.37212	0.05748	0.05549	0.06890	0.15135	0.01431	0.06460	0.07030	0.02131	0.01283	0.01453	0.01066	0.00702	0.00579	0.00187	0.00883	0.00492	0.00390	0.00962
50	0.01871	0.13711	0.02488	0.21154	0.15108	0.17550	0.03345	0.03858	0.01691	0.02024	0.03350	0.01854	0.01254	0.03906	0.00796	0.00225	0.00952	0.00600	0.00375	0.03887

[dist]
# distance from previous block
# <min> <max>
0	26

[block]
# block no. 2 follows, 28 sequences, length 10
# corresponding to MSA columns:
# 5040-5049
name=unknown_C
#
# <colnr> <probs for GDERKNQSTAVLIFYWHMCP>
#	G	D	E	R	K	N	Q	S	T	A	V	L	I	F	Y	W	H	M	C	P
0	0.01142	0.00776	0.01002	0.00982	0.01116	0.00751	0.00707	0.01365	0.01695	0.06259	0.34007	0.22796	0.08120	0.11209	0.01308	0.00313	0.03670	0.01421	0.00699	0.00663
1	0.01678	0.08884	0.17813	0.15443	0.14530	0.11816	0.01897	0.02143	0.01636	0.02079	0.01708	0.02763	0.01547	0.00924	0.00732	0.00235	0.00954	0.11904	0.00393	0.00920
2	0.01845	0.18067	0.30128	0.01841	0.04708	0.01862	0.06483	0.09045	0.01773	0.08696	0.01674	0.07697	0.01385	0.00841	0.00683	0.00219	0.00889	0.00691	0.00443	0.01031
3	0.01080	0.00755	0.00938	0.00898	0.01094	0.00678	0.00671	0.01364	0.01906	0.05750	0.45963	0.11434	0.21540	0.01611	0.00858	0.00238	0.00369	0.01403	0.00764	0.00686
4	0.01178	0.00819	0.00926	0.00905	0.00979	0.00826	0.00570	0.07210	0.01362	0.01804	0.02794	0.15164	0.06698	0.52443	0.02838	0.00571	0.00651	0.01201	0.00516	0.00547
5	0.01879	0.10172	0.12592	0.05637	0.35586	0.12043	0.07381	0.02328	0.01676	0.02184	0.01290	0.01640	0.01053	0.00666	0.00690	0.00211	0.00983	0.00595	0.00349	0.01046
6	0.01454	0.01785	0.13486	0.49287	0.10968	0.01655	0.07138	0.02002	0.01506	0.02016	0.01315	0.01861	0.00989	0.00704	0.00730	0.00238	0.00995	0.00645	0.00327	0.00897
7	0.03175	0.01376	0.01773	0.01359	0.01925	0.01274	0.01123	0.14627	0.02312	0.59011	0.02673	0.02348	0.01702	0.00895	0.00730	0.00224	0.00650	0.00718	0.00870	0.01237
8	0.01040	0.00848	0.01233	0.01175	0.01362	0.00810	0.06875	0.01361	0.04689	0.02149	0.15926	0.34895	0.14843	0.02117	0.06831	0.00342	0.00609	0.01567	0.00648	0.00679
9	0.01528	0.01544	0.02597	0.16218	0.03081	0.05522	0.26140	0.02126	0.07858	0.02220	0.04661	0.10715	0.02180	0.01070	0.00835	0.00258	0.00928	0.09175	0.00482	0.00861

[dist]
# distance from previous block
# <min> <max>
0	1

[block]
# block no. 3 follows, 28 sequences, length 32
# corresponding to MSA columns:
# 5051-5082
name=unknown_D
#
# <colnr> <probs for GDERKNQSTAVLIFYWHMCP>
#	G	D	E	R	K	N	Q	S	T	A	V	L	I	F	Y	W	H	M	C	P
0	0.01080	0.00745	0.00989	0.00976	0.01112	0.00788	0.00730	0.01340	0.01435	0.02109	0.17855	0.03795	0.05696	0.11245	0.34089	0.00710	0.01131	0.00946	0.12590	0.00638
1	0.07679	0.02394	0.01678	0.01522	0.01875	0.40014	0.01157	0.02692	0.06908	0.09209	0.01756	0.05776	0.01459	0.01085	0.03873	0.00247	0.01016	0.00641	0.08155	0.00864
2	0.02083	0.54253	0.03319	0.01427	0.01950	0.17506	0.01304	0.02301	0.01575	0.01728	0.01031	0.01228	0.00935	0.00697	0.00647	0.00174	0.06191	0.00424	0.00325	0.00903
3	0.01833	0.02128	0.19280	0.01738	0.02489	0.01498	0.11568	0.12904	0.01892	0.06580	0.01486	0.01678	0.01109	0.00663	0.00667	0.00184	0.00824	0.00576	0.00466	0.30435
4	0.01802	0.01616	0.02732	0.17221	0.53698	0.01668	0.02124	0.02235	0.01641	0.06188	0.01439	0.01864	0.01154	0.00677	0.00722	0.00221	0.00869	0.00652	0.00384	0.01091
5	0.01850	0.01909	0.08483	0.03173	0.36151	0.01799	0.07566	0.08412	0.17889	0.02720	0.01787	0.02005	0.01391	0.00750	0.00735	0.00227	0.00838	0.00699	0.00480	0.01137
6	0.00990	0.00742	0.00932	0.00985	0.01151	0.00684	0.00762	0.01248	0.01735	0.02289	0.25276	0.19500	0.22479	0.01852	0.00905	0.00270	0.00441	0.16402	0.00713	0.00645
7	0.01134	0.00919	0.01313	0.01267	0.01351	0.01120	0.00980	0.01337	0.01171	0.01693	0.01993	0.10166	0.02027	0.10196	0.44648	0.00869	0.15844	0.00908	0.00409	0.00654
8	0.01140	0.08559	0.01446	0.01411	0.09469	0.01040	0.00953	0.01368	0.01497	0.01930	0.04081	0.21011	0.23685	0.02272	0.12331	0.00400	0.00759	0.05381	0.00552	0.00715
9	0.01710	0.01810	0.03437	0.03190	0.21945	0.01897	0.33852	0.02167	0.01560	0.02208	0.01322	0.01830	0.01082	0.00775	0.01171	0.00254	0.17702	0.00748	0.00354	0.00986
10	0.05598	0.00917	0.01076	0.01104	0.01327	0.00928	0.00874	0.01797	0.11338	0.04741	0.09614	0.17678	0.13813	0.01645	0.00843	0.00271	0.00507	0.19144	0.06041	0.00745
11	0.01297	0.00995	0.01105	0.01045	0.01281	0.01002	0.00796	0.09704	0.08951	0.02388	0.09171	0.05473	0.25724	0.16903	0.01448	0.00350	0.00557	0.10438	0.00647	0.00725
12	0.16825	0.02009	0.01851	0.13021	0.02403	0.22841	0.05757	0.09479	0.01770	0.02366	0.01413	0.02041	0.01236	0.12726	0.01145	0.00295	0.00951	0.00626	0.00430	0.00815
13	0.01304	0.01016	0.01095	0.00989	0.01283	0.00984	0.00763	0.15812	0.02073	0.02651	0.13412	0.11374	0.41263	0.01620	0.00836	0.00242	0.00465	0.01358	0.00702	0.00758
14	0.01037	0.00785	0.01057	0.01094	0.01144	0.00867	0.00775	0.01171	0.01230	0.01700	0.02778	0.32706	0.03160	0.19598	0.19391	0.00610	0.08432	0.01363	0.00512	0.00592
15	0.01580	0.02292	0.28307	0.07556	0.15482	0.01535	0.01932	0.10266	0.01892	0.02674	0.14467	0.02567	0.04514	0.00898	0.00741	0.00227	0.00829	0.00763	0.00477	0.01000
16	0.01871	0.01534	0.02250	0.05559	0.36879	0.04311	0.01684	0.06959	0.01887	0.09606	0.10026	0.02958	0.04400	0.00944	0.00762	0.00229	0.00762	0.05821	0.00529	0.01030
17	0.02179	0.02028	0.01865	0.09174	0.07984	0.27180	0.01342	0.02433	0.01725	0.13024	0.01648	0.02065	0.01339	0.06240	0.06492	0.00322	0.06507	0.00634	0.04944	0.00874
18	0.14604	0.04586	0.02061	0.11619	0.15799	0.16168	0.01470	0.12224	0.01883	0.02652	0.01370	0.01659	0.01085	0.00749	0.00677	0.00212	0.02567	0.00563	0.07114	0.00939
19	0.01905	0.01917	0.02796	0.10823	0.29863	0.10876	0.14044	0.09021	0.01847	0.02414	0.01426	0.01848	0.01149	0.01017	0.05612	0.00286	0.01069	0.00673	0.00399	0.01016
20	0.01342	0.01371	0.11700	0.01215	0.01476	0.05723	0.01040	0.01512	0.01367	0.05684	0.02569	0.20618	0.06122	0.10300	0.09584	0.15313	0.00836	0.01085	0.00484	0.00658
21	0.01814	0.23350	0.30789	0.01683	0.02411	0.12108	0.01824	0.04744	0.05428	0.02226	0.05996	0.01739	0.01418	0.00757	0.00638	0.00203	0.00937	0.00559	0.00391	0.00984
22	0.01694	0.09841	0.15499	0.02133	0.13335	0.01533	0.10891	0.02088	0.01592	0.09237	0.07495	0.06387	0.01912	0.04336	0.01065	0.05657	0.03133	0.00792	0.00457	0.00924
23	0.14152	0.01120	0.01327	0.01139	0.01525	0.01085	0.00898	0.06950	0.01827	0.32771	0.02718	0.18739	0.02306	0.01176	0.00710	0.00235	0.00548	0.00977	0.08839	0.00961
24	0.01331	0.07437	0.01924	0.18353	0.18557	0.01319	0.01419	0.01658	0.01578	0.02079	0.07744	0.15851	0.11726	0.01254	0.00782	0.00243	0.00685	0.04746	0.00496	0.00819
25	0.01741	0.02328	0.27272	0.02131	0.02852	0.01531	0.23651	0.05196	0.01679	0.09621	0.01730	0.06828	0.01387	0.00962	0.00953	0.06968	0.00980	0.00783	0.00436	0.00970
26	0.01046	0.00807	0.00974	0.01017	0.01188	0.00781	0.00757	0.01473	0.09227	0.02281	0.19056	0.28944	0.19246	0.01832	0.00884	0.00268	0.00436	0.08384	0.00709	0.00688
27	0.01599	0.00841	0.00975	0.00919	0.01144	0.00819	0.00693	0.06155	0.01730	0.12344	0.06497	0.18563	0.02743	0.01209	0.00667	0.00212	0.00428	0.01027	0.40661	0.00776
28	0.01535	0.05720	0.41804	0.02322	0.15419	0.05609	0.02190	0.02145	0.01581	0.02208	0.01848	0.07661	0.05096	0.00874	0.00714	0.00228	0.00945	0.00726	0.00371	0.01006
29	0.01652	0.04631	0.25569	0.05308	0.22376	0.01706	0.11856	0.06933	0.01740	0.02431	0.01889	0.02161	0.06921	0.00778	0.00735	0.00227	0.00942	0.00710	0.00394	0.01041
30	0.31472	0.01281	0.01337	0.01108	0.01554	0.01328	0.00903	0.09284	0.01841	0.25327	0.07708	0.02191	0.01801	0.00857	0.00612	0.00219	0.00563	0.00641	0.09013	0.00961
31	0.00968	0.00688	0.00792	0.00850	0.00998	0.00623	0.00606	0.01171	0.01576	0.02143	0.11742	0.31625	0.27407	0.01808	0.00828	0.00250	0.00381	0.01575	0.13347	0.00623

[dist]
# distance from previous block
# <min> <max>
0	1

[block]
# block no. 4 follows, 28 sequences, length 7
# corresponding to MSA columns:
# 5084-5090
name=unknown_E
#
# <colnr> <probs for GDERKNQSTAVLIFYWHMCP>
#	G	D	E	R	K	N	Q	S	T	A	V	L	I	F	Y	W	H	M	C	P
0	0.01799	0.01727	0.02950	0.04462	0.69919	0.01727	0.02231	0.02231	0.01655	0.02375	0.01367	0.01799	0.01151	0.00648	0.00720	0.00216	0.00864	0.00648	0.00360	0.01151
1	0.13922	0.00820	0.00861	0.00851	0.00934	0.00862	0.00535	0.01245	0.01110	0.01751	0.02150	0.07620	0.02405	0.54945	0.06675	0.00630	0.00734	0.00985	0.00451	0.00516
2	0.19126	0.01533	0.02239	0.01868	0.07374	0.01522	0.16689	0.04413	0.01529	0.02558	0.01301	0.01647	0.01057	0.00913	0.04360	0.00249	0.06468	0.00582	0.00415	0.24158
3	0.01742	0.08924	0.12717	0.13932	0.14791	0.04051	0.09785	0.05598	0.08110	0.04411	0.01584	0.01921	0.01237	0.01121	0.06689	0.00303	0.01016	0.00657	0.00417	0.00996
4	0.02291	0.14057	0.10680	0.01588	0.02185	0.02128	0.01451	0.42492	0.02677	0.03572	0.01787	0.08513	0.01489	0.00943	0.00699	0.00217	0.00794	0.00731	0.00603	0.01105
5	0.01547	0.01535	0.02305	0.11917	0.23273	0.08043	0.10947	0.01921	0.01664	0.02199	0.10120	0.14109	0.02420	0.01204	0.03323	0.00269	0.00875	0.00979	0.00464	0.00885
6	0.01749	0.14164	0.17816	0.03415	0.44247	0.01907	0.02168	0.02237	0.01600	0.02250	0.01295	0.01638	0.01065	0.00653	0.00672	0.00209	0.00895	0.00581	0.00340	0.01099

[dist]
# distance from previous block
# <min> <max>
0	13

[block]
# block no. 5 follows, 28 sequences, length 15
# corresponding to MSA columns:
# 5104-5118
name=unknown_F
#
# <colnr> <probs for GDERKNQSTAVLIFYWHMCP>
#	G	D	E	R	K	N	Q	S	T	A	V	L	I	F	Y	W	H	M	C	P
0	0.01021	0.00797	0.00951	0.00956	0.01177	0.00702	0.00732	0.01251	0.01626	0.02130	0.13404	0.18041	0.28152	0.04584	0.00972	0.00271	0.00460	0.12856	0.00654	0.09263
1	0.01263	0.00631	0.00947	0.00947	0.00947	0.00631	0.00631	0.00947	0.00947	0.01263	0.01263	0.02210	0.01263	0.02525	0.02841	0.78851	0.00631	0.00631	0.00316	0.00316
2	0.01343	0.01141	0.01391	0.09115	0.01842	0.05024	0.03558	0.08391	0.05107	0.02385	0.12947	0.29896	0.09967	0.01581	0.00843	0.00258	0.00601	0.03221	0.00634	0.00757
3	0.01767	0.06514	0.05873	0.32525	0.03346	0.04373	0.03402	0.04039	0.12632	0.09332	0.01832	0.05260	0.01438	0.00871	0.00784	0.00237	0.03634	0.00723	0.00479	0.00938
4	0.01287	0.00874	0.01255	0.03424	0.01415	0.00995	0.00928	0.01465	0.01233	0.07228	0.02039	0.07627	0.01964	0.11750	0.40130	0.06686	0.07731	0.00864	0.00442	0.00663
5	0.00895	0.00652	0.00843	0.00977	0.01050	0.00600	0.00663	0.01044	0.01472	0.01952	0.09661	0.61741	0.11431	0.02170	0.00915	0.00285	0.00410	0.01952	0.00685	0.00600
6	0.01750	0.07598	0.18532	0.12159	0.15912	0.01853	0.01872	0.07935	0.19968	0.02596	0.01779	0.01953	0.01353	0.00777	0.00701	0.00227	0.00838	0.00650	0.00472	0.01075
7	0.01167	0.00808	0.00961	0.00988	0.01130	0.00793	0.00701	0.07977	0.01689	0.02346	0.10931	0.39600	0.09124	0.06671	0.01024	0.00287	0.00456	0.01543	0.11135	0.00671
8	0.01001	0.00784	0.01171	0.01194	0.01326	0.00747	0.06133	0.01197	0.01439	0.01906	0.03824	0.47719	0.09135	0.05636	0.05802	0.00369	0.00626	0.08743	0.00619	0.00630
9	0.01109	0.00874	0.01229	0.01199	0.01277	0.01040	0.00906	0.01294	0.01165	0.01667	0.02082	0.10844	0.02159	0.16506	0.41313	0.00861	0.12481	0.00948	0.00419	0.00629
10	0.01728	0.02382	0.24272	0.07739	0.18381	0.05131	0.04935	0.09395	0.07704	0.02546	0.02002	0.02204	0.06713	0.00822	0.00728	0.00228	0.00905	0.00701	0.00440	0.01043
11	0.02123	0.01995	0.06842	0.09379	0.02588	0.12605	0.08764	0.06026	0.12027	0.13825	0.01769	0.01950	0.01319	0.00894	0.01041	0.00244	0.14424	0.00674	0.00516	0.00995
12	0.13179	0.07237	0.01392	0.01129	0.01421	0.06814	0.00877	0.01993	0.06597	0.09786	0.09182	0.15381	0.07451	0.08919	0.01043	0.00289	0.00611	0.05312	0.00604	0.00782
13	0.07344	0.08383	0.02569	0.05380	0.39179	0.14927	0.01782	0.02265	0.01644	0.02198	0.01306	0.01692	0.01110	0.01028	0.05964	0.00278	0.01004	0.00583	0.00366	0.01000
14	0.10606	0.35580	0.02786	0.01382	0.01918	0.01999	0.08210	0.02313	0.01614	0.14847	0.05362	0.07174	0.01709	0.00849	0.00612	0.00200	0.00722	0.00680	0.00496	0.00940

[dist]
# distance from previous block
# <min> <max>
0	19

[block]
# block no. 6 follows, 28 sequences, length 7
# corresponding to MSA columns:
# 5138-5144
name=unknown_G
#
# <colnr> <probs for GDERKNQSTAVLIFYWHMCP>
#	G	D	E	R	K	N	Q	S	T	A	V	L	I	F	Y	W	H	M	C	P
0	0.02006	0.15357	0.21999	0.01970	0.09900	0.05179	0.04345	0.07221	0.05136	0.12547	0.06087	0.01973	0.01565	0.00784	0.00681	0.00213	0.00855	0.00635	0.00492	0.01057
1	0.09103	0.01594	0.11895	0.01469	0.04533	0.01279	0.01287	0.05877	0.05011	0.29675	0.02182	0.02244	0.01553	0.01549	0.11755	0.00370	0.00887	0.00673	0.06031	0.01035
2	0.20271	0.01430	0.01646	0.12070	0.02256	0.05910	0.01171	0.02926	0.01793	0.40277	0.02093	0.02023	0.01387	0.00813	0.00662	0.00225	0.00704	0.00624	0.00676	0.01044
3	0.01523	0.12515	0.02488	0.46091	0.08545	0.01909	0.01849	0.01915	0.01418	0.01854	0.01202	0.01757	0.00974	0.00791	0.00946	0.00239	0.12208	0.00606	0.00323	0.00848
4	0.08647	0.16371	0.28035	0.02195	0.09399	0.08638	0.12442	0.02319	0.01589	0.02237	0.01239	0.01507	0.00965	0.00665	0.00654	0.00213	0.00999	0.00552	0.00342	0.00993
5	0.01137	0.00806	0.00986	0.00981	0.01168	0.00762	0.00719	0.01533	0.07664	0.05850	0.29184	0.26052	0.16962	0.01716	0.00862	0.00253	0.00406	0.01509	0.00739	0.00713
6	0.01111	0.00920	0.01197	0.01192	0.01311	0.01025	0.00941	0.01306	0.01420	0.01883	0.03928	0.16062	0.20734	0.07262	0.07756	0.00402	0.15739	0.14606	0.00557	0.00650

[dist]
# distance from previous block
# <min> <max>
0	4

[block]
# block no. 7 follows, 28 sequences, length 27
# corresponding to MSA columns:
# 5149-5175
name=unknown_H
#
# <colnr> <probs for GDERKNQSTAVLIFYWHMCP>
#	G	D	E	R	K	N	Q	S	T	A	V	L	I	F	Y	W	H	M	C	P
0	0.01427	0.01497	0.06147	0.08754	0.18355	0.04495	0.10325	0.01799	0.01602	0.02181	0.07468	0.22999	0.02608	0.01189	0.00794	0.00239	0.00766	0.01111	0.00485	0.05758
1	0.01651	0.01595	0.02751	0.15084	0.35244	0.01665	0.12388	0.02235	0.07018	0.02325	0.03913	0.02372	0.01544	0.00799	0.00810	0.00237	0.02866	0.04074	0.00415	0.01016
2	0.02267	0.01194	0.01391	0.01137	0.01531	0.01190	0.00915	0.18526	0.02215	0.24280	0.08505	0.02646	0.02144	0.00928	0.00664	0.00204	0.00540	0.00747	0.27983	0.00991
3	0.01015	0.00750	0.00921	0.01013	0.01128	0.00713	0.00705	0.05744	0.01580	0.02067	0.04404	0.57707	0.15331	0.02105	0.00902	0.00281	0.00440	0.01878	0.00679	0.00640
4	0.01706	0.01575	0.02199	0.12363	0.06989	0.05311	0.10201	0.11381	0.05892	0.02409	0.05667	0.05696	0.01816	0.08985	0.01382	0.00301	0.13949	0.00825	0.00474	0.00879
5	0.01796	0.01430	0.02123	0.36060	0.03500	0.01613	0.06729	0.17236	0.02026	0.06481	0.07793	0.02287	0.01677	0.00838	0.00737	0.00230	0.00837	0.00732	0.04949	0.00926
6	0.00929	0.00685	0.00813	0.00883	0.01020	0.00617	0.00624	0.01120	0.01580	0.02095	0.13860	0.37282	0.26526	0.01923	0.00866	0.00261	0.00387	0.01688	0.06224	0.00617
7	0.06809	0.04075	0.01723	0.01247	0.01840	0.01425	0.01016	0.15680	0.08044	0.06795	0.01600	0.01689	0.01232	0.00680	0.00599	0.00159	0.00610	0.00526	0.00544	0.43709
8	0.01867	0.05222	0.09971	0.17510	0.32140	0.01731	0.05986	0.06124	0.01739	0.08572	0.01494	0.01838	0.01141	0.00701	0.00716	0.00223	0.00900	0.00644	0.00416	0.01065
9	0.01606	0.05822	0.02317	0.29540	0.13599	0.01852	0.01753	0.07004	0.01565	0.02121	0.01616	0.02083	0.05320	0.00931	0.01147	0.00251	0.19520	0.00685	0.00381	0.00886
10	0.01788	0.08554	0.07845	0.03998	0.58957	0.01829	0.02173	0.02231	0.01630	0.02309	0.01330	0.01722	0.01115	0.00648	0.00694	0.00211	0.00871	0.00616	0.00352	0.01126
11	0.01420	0.01344	0.02117	0.13790	0.09492	0.01612	0.07466	0.01701	0.01380	0.01957	0.06407	0.11427	0.02017	0.06402	0.01595	0.00306	0.27439	0.00919	0.00416	0.00793
12	0.00962	0.00714	0.00840	0.00852	0.01025	0.00640	0.00622	0.01203	0.01741	0.02343	0.29054	0.19527	0.28899	0.01728	0.00847	0.00244	0.00368	0.01500	0.06253	0.00640
13	0.01424	0.01727	0.12772	0.26229	0.05225	0.07250	0.01637	0.01869	0.03256	0.01891	0.01627	0.04707	0.01452	0.09335	0.13568	0.00451	0.03676	0.00732	0.00373	0.00800
14	0.00970	0.00725	0.00853	0.00911	0.01042	0.00670	0.00658	0.01132	0.01488	0.01897	0.08187	0.19834	0.27287	0.18897	0.01560	0.00376	0.00505	0.11800	0.00626	0.00581
15	0.01335	0.01139	0.01442	0.01257	0.01590	0.01151	0.06903	0.05455	0.19488	0.02617	0.17594	0.04876	0.26501	0.01390	0.00827	0.00245	0.00532	0.04128	0.00691	0.00838
16	0.02096	0.01393	0.01542	0.01293	0.01729	0.01458	0.01032	0.18192	0.22427	0.16641	0.03629	0.03404	0.17141	0.01131	0.00754	0.00233	0.00582	0.00920	0.03350	0.01051
17	0.02227	0.16426	0.02601	0.01902	0.07490	0.09970	0.06078	0.19044	0.11742	0.06317	0.01642	0.01765	0.01272	0.00827	0.00830	0.00218	0.07452	0.00621	0.00524	0.01055
18	0.01559	0.01020	0.01158	0.01071	0.01370	0.01035	0.00824	0.02287	0.19800	0.12449	0.04062	0.10348	0.20435	0.01652	0.06312	0.00309	0.00586	0.01090	0.11773	0.00861
19	0.09045	0.01250	0.01640	0.01268	0.01822	0.01111	0.01047	0.03436	0.02017	0.65334	0.02727	0.02376	0.01723	0.00883	0.00710	0.00225	0.00614	0.00705	0.00866	0.01203
20	0.01278	0.01140	0.01853	0.36574	0.14674	0.01283	0.01595	0.01631	0.01467	0.01945	0.02234	0.26580	0.02314	0.01244	0.00794	0.00256	0.00764	0.01133	0.00450	0.00792
21	0.00920	0.00650	0.00844	0.00974	0.01018	0.00613	0.00641	0.01041	0.01384	0.01856	0.07865	0.59446	0.04616	0.12896	0.01333	0.00352	0.00459	0.01870	0.00648	0.00574
22	0.01458	0.03760	0.70688	0.02072	0.03146	0.01688	0.02686	0.02302	0.01535	0.02302	0.01304	0.01535	0.00921	0.00691	0.00691	0.00230	0.01074	0.00537	0.00307	0.01074
23	0.01035	0.00745	0.01023	0.01034	0.01115	0.00821	0.00739	0.01200	0.01145	0.01606	0.02190	0.07949	0.02278	0.28118	0.44649	0.00960	0.01440	0.00952	0.00424	0.00576
24	0.04782	0.04837	0.13355	0.03285	0.42747	0.01659	0.01999	0.02193	0.01648	0.05069	0.07600	0.02059	0.01632	0.00762	0.00763	0.00221	0.03237	0.00674	0.00413	0.01065
25	0.01212	0.01024	0.01460	0.01361	0.01438	0.01298	0.01074	0.01415	0.01140	0.01679	0.01672	0.02650	0.01630	0.10938	0.43409	0.00859	0.23933	0.00762	0.00372	0.00674
26	0.60547	0.01436	0.01267	0.01074	0.01554	0.01598	0.00886	0.08297	0.01568	0.13995	0.01372	0.01436	0.00988	0.00728	0.00519	0.00224	0.00593	0.00471	0.00546	0.00899

[dist]
# distance from previous block
# <min> <max>
0	4

[block]
# block no. 8 follows, 28 sequences, length 33
# corresponding to MSA columns:
# 5180-5212
name=unknown_I
#
# <colnr> <probs for GDERKNQSTAVLIFYWHMCP>
#	G	D	E	R	K	N	Q	S	T	A	V	L	I	F	Y	W	H	M	C	P
0	0.75219	0.01396	0.01104	0.00975	0.01432	0.01598	0.00803	0.02217	0.01285	0.07106	0.01118	0.01255	0.00845	0.00688	0.00466	0.00225	0.00566	0.00413	0.00476	0.00813
1	0.01655	0.01684	0.03175	0.22742	0.30566	0.01733	0.23356	0.02160	0.01620	0.02218	0.01380	0.01890	0.01086	0.00658	0.00767	0.00233	0.01010	0.00716	0.00352	0.01001
2	0.01975	0.05165	0.01837	0.04479	0.02057	0.07778	0.01274	0.18798	0.26595	0.03015	0.02528	0.03412	0.02170	0.01127	0.00772	0.00249	0.00740	0.14357	0.00652	0.01018
3	0.01019	0.00791	0.01099	0.07168	0.01506	0.00843	0.00895	0.01254	0.01360	0.01810	0.03444	0.16274	0.15317	0.06976	0.30768	0.00672	0.01135	0.06520	0.00513	0.00637
4	0.01056	0.00709	0.00815	0.00815	0.00822	0.00717	0.00468	0.01071	0.01064	0.01426	0.02270	0.04645	0.02594	0.70399	0.07688	0.00732	0.00778	0.01041	0.00437	0.00453
5	0.01460	0.11015	0.57647	0.01894	0.02832	0.01720	0.02361	0.02179	0.01516	0.02201	0.01504	0.07685	0.01254	0.00819	0.00687	0.00228	0.00987	0.00652	0.00339	0.01018
6	0.02406	0.05561	0.02419	0.02732	0.26945	0.35695	0.01665	0.02694	0.01890	0.09253	0.01392	0.01606	0.01106	0.00723	0.00679	0.00200	0.01052	0.00558	0.00422	0.01001
7	0.00882	0.00648	0.00827	0.00970	0.01043	0.00594	0.00656	0.01017	0.01432	0.01872	0.04518	0.63770	0.14686	0.02211	0.00917	0.00288	0.00414	0.01985	0.00675	0.00594
8	0.00895	0.00665	0.00836	0.00947	0.01043	0.00605	0.00652	0.01056	0.01515	0.01989	0.11604	0.53408	0.17916	0.02107	0.00907	0.00278	0.00403	0.01881	0.00688	0.00605
9	0.10045	0.07836	0.14514	0.01596	0.02138	0.01446	0.10643	0.05901	0.01692	0.14405	0.02260	0.20099	0.02094	0.01122	0.00740	0.00240	0.00755	0.00984	0.00553	0.00934
10	0.01735	0.19387	0.40653	0.01959	0.02839	0.02033	0.09741	0.09171	0.01742	0.02413	0.01304	0.01524	0.00978	0.00685	0.00663	0.00214	0.00996	0.00553	0.00359	0.01049
11	0.02059	0.02375	0.02052	0.09491	0.08127	0.35933	0.01503	0.02304	0.01668	0.01820	0.01249	0.01687	0.01086	0.01497	0.11019	0.00358	0.14009	0.00576	0.00360	0.00830
12	0.01801	0.01311	0.01553	0.01136	0.01750	0.01051	0.00915	0.06067	0.01720	0.11575	0.03962	0.01790	0.01389	0.00641	0.00587	0.00134	0.00558	0.00516	0.00524	0.61020
13	0.01745	0.01672	0.02854	0.13054	0.61747	0.01713	0.02204	0.02184	0.01630	0.02310	0.01358	0.01817	0.01128	0.00658	0.00721	0.00219	0.00877	0.00647	0.00355	0.01108
14	0.01373	0.01292	0.02180	0.72707	0.05006	0.01615	0.02019	0.01857	0.01453	0.01857	0.01292	0.01938	0.00969	0.00727	0.00727	0.00242	0.00969	0.00646	0.00323	0.00807
15	0.01640	0.01298	0.01483	0.01409	0.01739	0.01422	0.01157	0.11791	0.29318	0.02858	0.03388	0.04970	0.06708	0.01419	0.00848	0.00277	0.00632	0.25993	0.00707	0.00943
16	0.01943	0.74891	0.03809	0.01244	0.01866	0.02876	0.01244	0.02177	0.01477	0.01710	0.01011	0.01166	0.00933	0.00622	0.00466	0.00155	0.00777	0.00389	0.00311	0.00933
17	0.00914	0.00706	0.00823	0.00860	0.01017	0.00627	0.00613	0.01107	0.01639	0.02116	0.19869	0.26293	0.33460	0.05345	0.01014	0.00278	0.00394	0.01620	0.00691	0.00615
18	0.01263	0.00631	0.00947	0.00947	0.00947	0.00631	0.00631	0.00947	0.00947	0.01263	0.01263	0.02210	0.01263	0.02525	0.02841	0.78851	0.00631	0.00631	0.00316	0.00316
19	0.01870	0.01558	0.01643	0.01426	0.01755	0.09180	0.04189	0.22045	0.07863	0.02871	0.05150	0.10720	0.02427	0.11566	0.01189	0.00305	0.00745	0.07427	0.05192	0.00879
20	0.01534	0.01593	0.03058	0.02293	0.02840	0.01534	0.41255	0.02257	0.11203	0.02432	0.09532	0.07096	0.07942	0.00961	0.00845	0.00247	0.00920	0.01030	0.00510	0.00919
21	0.01042	0.00765	0.01096	0.01096	0.01201	0.00870	0.00819	0.01252	0.01147	0.01634	0.02013	0.03219	0.01975	0.18645	0.58596	0.01080	0.01710	0.00832	0.00399	0.00609
22	0.00922	0.00680	0.00817	0.00896	0.00989	0.00625	0.00601	0.01054	0.01441	0.01875	0.09262	0.39576	0.20352	0.15761	0.01430	0.00356	0.00456	0.01691	0.00640	0.00575
23	0.01844	0.56146	0.03121	0.01189	0.01723	0.02443	0.01128	0.02294	0.08926	0.02001	0.01421	0.01558	0.01208	0.00694	0.00503	0.00168	0.00692	0.00478	0.11541	0.00920
24	0.02514	0.01143	0.01580	0.01245	0.01731	0.00989	0.04818	0.02788	0.01943	0.47699	0.04015	0.03681	0.20308	0.01140	0.00773	0.00232	0.00586	0.00958	0.00807	0.01051
25	0.01412	0.01359	0.02034	0.01763	0.01846	0.01750	0.06961	0.01614	0.01223	0.01813	0.01676	0.15439	0.01783	0.01830	0.09002	0.00394	0.46009	0.00940	0.00397	0.00757
26	0.00999	0.00846	0.00876	0.00850	0.01110	0.00777	0.00643	0.01443	0.10518	0.02187	0.12095	0.06297	0.55375	0.01698	0.00843	0.00244	0.00393	0.01421	0.00694	0.00691
27	0.02143	0.01918	0.02603	0.05940	0.46072	0.11565	0.01920	0.06302	0.01859	0.10421	0.01529	0.01811	0.01196	0.00708	0.00713	0.00214	0.00898	0.00632	0.00446	0.01111
28	0.01700	0.01146	0.01422	0.01284	0.01511	0.01243	0.00979	0.16520	0.01846	0.10480	0.02646	0.27014	0.02701	0.09348	0.08699	0.00405	0.08408	0.01200	0.00622	0.00826
29	0.01459	0.01278	0.01754	0.01590	0.04905	0.06946	0.11162	0.01696	0.01508	0.02131	0.09767	0.10554	0.02401	0.05475	0.01354	0.08577	0.10467	0.00926	0.15334	0.00716
30	0.01835	0.01569	0.01553	0.01390	0.01750	0.07953	0.01085	0.18913	0.23406	0.02947	0.03264	0.13837	0.11115	0.01299	0.00788	0.00246	0.00655	0.04753	0.00681	0.00963
31	0.08490	0.06160	0.09463	0.04161	0.17462	0.05663	0.01519	0.09920	0.04198	0.02638	0.01374	0.01601	0.01093	0.00669	0.00626	0.00185	0.00774	0.00535	0.00436	0.23033
32	0.15823	0.11002	0.06010	0.01597	0.07725	0.09654	0.01254	0.10584	0.01795	0.04652	0.01299	0.01470	0.01030	0.00669	0.00581	0.00178	0.00755	0.00485	0.00451	0.22985

[dist]
# distance from previous block
# <min> <max>
0	19

[block]
# block no. 9 follows, 28 sequences, length 13
# corresponding to MSA columns:
# 5232-5244
name=unknown_J
#
# <colnr> <probs for GDERKNQSTAVLIFYWHMCP>
#	G	D	E	R	K	N	Q	S	T	A	V	L	I	F	Y	W	H	M	C	P
0	0.01979	0.20811	0.21641	0.01627	0.02255	0.09828	0.01652	0.07087	0.01750	0.08566	0.04749	0.01718	0.01335	0.00805	0.00810	0.00209	0.08186	0.00563	0.00432	0.03998
1	0.11111	0.12953	0.06880	0.06375	0.02232	0.11073	0.04345	0.06347	0.06510	0.06257	0.01448	0.01722	0.01163	0.01199	0.06606	0.00303	0.11539	0.00584	0.00437	0.00916
2	0.00963	0.00739	0.00902	0.00946	0.01116	0.00654	0.00687	0.01166	0.01593	0.02104	0.14739	0.35635	0.22754	0.01892	0.00874	0.00260	0.00419	0.05557	0.00676	0.06326
3	0.01614	0.02509	0.27395	0.08398	0.13879	0.06910	0.16366	0.02211	0.01679	0.02305	0.08229	0.02080	0.01603	0.00755	0.00749	0.00229	0.01009	0.00707	0.00385	0.00987
4	0.01766	0.01402	0.01615	0.01415	0.01757	0.06829	0.05106	0.15481	0.03923	0.06536	0.02794	0.11141	0.05847	0.09577	0.01141	0.00301	0.00731	0.15492	0.00612	0.06535
5	0.01365	0.00889	0.01053	0.00970	0.01241	0.00824	0.00741	0.01803	0.08601	0.12409	0.26971	0.09493	0.27783	0.01524	0.00832	0.00240	0.00421	0.01303	0.00757	0.00782
6	0.01373	0.01292	0.02180	0.72707	0.05006	0.01615	0.02019	0.01857	0.01453	0.01857	0.01292	0.01938	0.00969	0.00727	0.00727	0.00242	0.00969	0.00646	0.00323	0.00807
7	0.02202	0.02368	0.05631	0.01754	0.02210	0.27207	0.07968	0.20346	0.02313	0.02764	0.08720	0.07395	0.03942	0.00985	0.00744	0.00218	0.00957	0.00797	0.00542	0.00936
8	0.00883	0.00687	0.00803	0.00880	0.01023	0.00607	0.00620	0.01051	0.01558	0.01976	0.09965	0.38770	0.34536	0.02025	0.00892	0.00268	0.00392	0.01773	0.00683	0.00607
9	0.01056	0.00711	0.00823	0.00823	0.00834	0.00721	0.00478	0.01077	0.01066	0.01432	0.02263	0.04604	0.02576	0.68890	0.09173	0.00742	0.00805	0.01035	0.00436	0.00457
10	0.01717	0.07593	0.25399	0.08156	0.17126	0.06457	0.06787	0.07319	0.01735	0.02349	0.01555	0.07639	0.01336	0.00824	0.00716	0.00225	0.00951	0.00714	0.00392	0.01009
11	0.01801	0.01542	0.02258	0.46147	0.10803	0.01803	0.01864	0.20066	0.02018	0.02664	0.01425	0.01871	0.01061	0.00759	0.00726	0.00233	0.00912	0.00649	0.00439	0.00961
12	0.02132	0.01080	0.01304	0.01118	0.01483	0.01039	0.00876	0.02689	0.13365	0.30731	0.03287	0.03535	0.09661	0.09354	0.01060	0.00281	0.00554	0.03350	0.12146	0.00959

[dist]
# distance from previous block
# <min> <max>
0	1

[block]
# block no. 10 follows, 28 sequences, length 27
# corresponding to MSA columns:
# 5246-5272
name=unknown_K
#
# <colnr> <probs for GDERKNQSTAVLIFYWHMCP>
#	G	D	E	R	K	N	Q	S	T	A	V	L	I	F	Y	W	H	M	C	P
0	0.01644	0.01494	0.01384	0.01258	0.01594	0.10126	0.00965	0.11682	0.21205	0.02617	0.04141	0.11414	0.24798	0.01364	0.00787	0.00240	0.00615	0.01124	0.00663	0.00884
1	0.02334	0.02276	0.08992	0.04667	0.02358	0.13073	0.01486	0.34531	0.13581	0.03412	0.01791	0.01869	0.01332	0.01041	0.03722	0.00260	0.00928	0.00645	0.00599	0.01100
2	0.01107	0.00924	0.01146	0.01435	0.10368	0.03726	0.00879	0.01301	0.01520	0.01995	0.04157	0.42729	0.17906	0.01818	0.00850	0.00262	0.00502	0.01614	0.05075	0.00687
3	0.05196	0.20485	0.02916	0.02408	0.20649	0.10885	0.10439	0.02246	0.01628	0.02160	0.01232	0.01523	0.01034	0.00632	0.00624	0.00183	0.00881	0.00540	0.00366	0.13973
4	0.01170	0.00830	0.00998	0.01034	0.01132	0.00832	0.00698	0.09400	0.01553	0.02074	0.03239	0.45429	0.03749	0.22382	0.01681	0.00401	0.00549	0.01605	0.00616	0.00630
