[name]
unknown

[dist]
# distance from previous block
# <min> <max>
3	188

[block]
# block no. 0 follows, 23 sequences, length 8
# corresponding to MSA columns:
# 267-274
name=unknown_A
#
# <colnr> <probs for GDERKNQSTAVLIFYWHMCP>
#	G	D	E	R	K	N	Q	S	T	A	V	L	I	F	Y	W	H	M	C	P
0	0.11405	0.07545	0.26877	0.04858	0.02765	0.09036	0.01943	0.02974	0.01899	0.20485	0.01858	0.01923	0.01288	0.00837	0.00732	0.00244	0.00991	0.00626	0.00555	0.01159
1	0.02013	0.20626	0.23432	0.01841	0.02598	0.06202	0.07072	0.08959	0.01971	0.02715	0.01632	0.01883	0.01268	0.00799	0.00689	0.00221	0.00971	0.00624	0.13407	0.01077
2	0.02527	0.02554	0.06570	0.02005	0.06161	0.23513	0.01567	0.12599	0.07072	0.09654	0.05580	0.02537	0.06026	0.01059	0.00959	0.00248	0.06887	0.00779	0.00609	0.01091
3	0.06272	0.09522	0.01573	0.01098	0.01388	0.01299	0.00800	0.05403	0.01520	0.04474	0.02030	0.03522	0.02084	0.35966	0.02531	0.05660	0.00754	0.00862	0.00502	0.12739
4	0.01789	0.08906	0.15377	0.08793	0.02510	0.01713	0.01618	0.11061	0.02005	0.06038	0.03218	0.07368	0.15163	0.01568	0.05311	0.00329	0.04677	0.00988	0.00567	0.00999
5	0.02201	0.17632	0.02707	0.16508	0.06410	0.02232	0.01597	0.20231	0.06530	0.03137	0.01694	0.01938	0.01315	0.00830	0.00715	0.00220	0.00864	0.00648	0.03450	0.09141
6	0.01800	0.01250	0.01431	0.01289	0.01650	0.01244	0.00982	0.10251	0.13067	0.08939	0.03808	0.23678	0.10593	0.01557	0.00859	0.00262	0.00576	0.01337	0.06431	0.08994
7	0.02261	0.02567	0.17824	0.02329	0.03113	0.02093	0.19038	0.27420	0.02676	0.03673	0.07202	0.02311	0.01792	0.00905	0.00855	0.00256	0.01052	0.00826	0.00600	0.01207

[dist]
# distance from previous block
# <min> <max>
52	126

[block]
# block no. 1 follows, 23 sequences, length 16
# corresponding to MSA columns:
# 443-458
name=unknown_B
#
# <colnr> <probs for GDERKNQSTAVLIFYWHMCP>
#	G	D	E	R	K	N	Q	S	T	A	V	L	I	F	Y	W	H	M	C	P
0	0.13349	0.01178	0.01457	0.01832	0.15922	0.01159	0.01074	0.01658	0.01661	0.02432	0.04530	0.09556	0.28043	0.11212	0.01296	0.00338	0.00627	0.01254	0.00598	0.00823
1	0.01457	0.01689	0.15864	0.01374	0.01850	0.01117	0.01322	0.05743	0.01918	0.06849	0.04916	0.18973	0.26179	0.01742	0.00925	0.00285	0.00672	0.05551	0.00682	0.00891
2	0.02279	0.08920	0.14239	0.02685	0.07751	0.05958	0.25134	0.13151	0.02227	0.07294	0.01692	0.01972	0.01251	0.00782	0.00828	0.00249	0.01144	0.00761	0.00502	0.01180
3	0.01001	0.00766	0.00919	0.01003	0.01153	0.00684	0.00706	0.01200	0.01767	0.02284	0.14626	0.38827	0.27666	0.02240	0.00997	0.00299	0.00437	0.01972	0.00773	0.00684
4	0.05074	0.02146	0.12107	0.27000	0.11066	0.02027	0.07555	0.14055	0.02075	0.02897	0.01534	0.01984	0.01158	0.00848	0.00911	0.00264	0.05029	0.00714	0.00459	0.01095
5	0.02147	0.13802	0.07380	0.13899	0.22505	0.02169	0.01977	0.10382	0.09396	0.05993	0.01783	0.02043	0.01379	0.00825	0.00759	0.00240	0.00923	0.00694	0.00512	0.01191
6	0.01209	0.00786	0.00996	0.01040	0.01141	0.00819	0.00732	0.01422	0.01432	0.02136	0.02911	0.19526	0.03025	0.18178	0.22249	0.00694	0.01040	0.01247	0.18751	0.00666
7	0.01683	0.04421	0.01834	0.01881	0.12344	0.07253	0.01247	0.08687	0.02116	0.02688	0.12662	0.04715	0.27455	0.01454	0.00998	0.00259	0.05554	0.01179	0.00646	0.00924
8	0.02226	0.10639	0.15350	0.09826	0.05157	0.10114	0.09821	0.06907	0.05000	0.09852	0.01919	0.02434	0.01511	0.00913	0.00800	0.00251	0.01060	0.04589	0.00521	0.01112
9	0.07298	0.13948	0.07586	0.02464	0.11021	0.02029	0.18819	0.02746	0.09854	0.06886	0.07667	0.02416	0.01961	0.00864	0.00792	0.00247	0.00941	0.00809	0.00535	0.01115
10	0.01129	0.00808	0.01012	0.01033	0.01161	0.00762	0.00735	0.01364	0.01829	0.02491	0.30206	0.17068	0.10574	0.18738	0.01751	0.00408	0.00530	0.06980	0.00749	0.00674
11	0.09043	0.11413	0.28216	0.02098	0.09742	0.01885	0.02001	0.04478	0.04947	0.06483	0.05018	0.02498	0.06978	0.00938	0.00748	0.00246	0.00907	0.00742	0.00502	0.01117
12	0.08667	0.02305	0.21398	0.01910	0.06768	0.01658	0.01751	0.11675	0.06352	0.10547	0.05417	0.10375	0.02214	0.04214	0.00953	0.00286	0.00847	0.00927	0.00622	0.01115
13	0.09435	0.01641	0.01749	0.01415	0.01928	0.06801	0.01137	0.14115	0.02368	0.32957	0.02531	0.02535	0.01771	0.04022	0.00889	0.00261	0.00742	0.00752	0.11779	0.01172
14	0.01373	0.01154	0.01775	0.06698	0.20486	0.01147	0.01420	0.01693	0.01762	0.02395	0.08980	0.30078	0.06742	0.01764	0.00954	0.00297	0.00678	0.09087	0.00637	0.00878
15	0.02290	0.05368	0.02518	0.19005	0.13006	0.06688	0.01825	0.18140	0.04346	0.07186	0.01905	0.02519	0.01536	0.00991	0.00919	0.00261	0.04942	0.04863	0.00568	0.01125

[dist]
# distance from previous block
# <min> <max>
0	1

[block]
# block no. 2 follows, 23 sequences, length 14
# corresponding to MSA columns:
# 460-473
name=unknown_C
#
# <colnr> <probs for GDERKNQSTAVLIFYWHMCP>
#	G	D	E	R	K	N	Q	S	T	A	V	L	I	F	Y	W	H	M	C	P
0	0.14893	0.13289	0.08454	0.08369	0.20230	0.06920	0.05327	0.02541	0.01757	0.05522	0.01441	0.01755	0.01146	0.00748	0.00699	0.00230	0.00952	0.00609	0.00434	0.04684
1	0.24183	0.15009	0.10673	0.01757	0.02379	0.22536	0.04742	0.05663	0.01898	0.02710	0.01275	0.01486	0.01020	0.00778	0.00649	0.00226	0.01050	0.00525	0.00439	0.01002
2	0.01196	0.00946	0.01366	0.01367	0.01469	0.01116	0.01047	0.01434	0.01359	0.01940	0.02606	0.19979	0.02740	0.04594	0.42927	0.00937	0.10534	0.01209	0.00504	0.00729
3	0.01357	0.05026	0.14020	0.01350	0.01687	0.01122	0.01225	0.01655	0.05104	0.02109	0.06000	0.22107	0.08046	0.02024	0.01557	0.22378	0.00700	0.01250	0.00548	0.00736
4	0.07532	0.28443	0.06044	0.01489	0.02034	0.10225	0.01321	0.08953	0.01960	0.08941	0.01868	0.07885	0.01702	0.07175	0.00981	0.00270	0.00884	0.00750	0.00529	0.01015
5	0.02527	0.02163	0.20696	0.01614	0.02319	0.01450	0.01633	0.06158	0.07205	0.28954	0.02545	0.02485	0.01743	0.00933	0.00760	0.00244	0.00790	0.00747	0.13824	0.01212
6	0.02235	0.01249	0.01510	0.01309	0.01730	0.01214	0.01026	0.03023	0.17869	0.26368	0.12868	0.09442	0.13844	0.01414	0.00879	0.00268	0.00572	0.01197	0.00883	0.01099
7	0.02020	0.02196	0.17178	0.01833	0.05341	0.04876	0.01630	0.12047	0.06902	0.09364	0.02602	0.19431	0.02414	0.01285	0.00839	0.00260	0.00827	0.01089	0.00641	0.07227
8	0.02285	0.01377	0.01716	0.01802	0.12275	0.04598	0.01164	0.02588	0.01897	0.23106	0.02864	0.03226	0.06629	0.10081	0.01186	0.00296	0.00705	0.00860	0.13882	0.07464
9	0.01694	0.00931	0.01198	0.01124	0.01397	0.00828	0.00843	0.01959	0.02012	0.18693	0.22512	0.24218	0.15741	0.01818	0.00945	0.00279	0.00490	0.01588	0.00856	0.00875
10	0.01838	0.01703	0.04664	0.01602	0.06933	0.10256	0.01173	0.09903	0.06486	0.02870	0.03561	0.09419	0.15064	0.01283	0.00787	0.00242	0.00709	0.01052	0.19518	0.00938
11	0.02057	0.02391	0.17517	0.15317	0.06501	0.02048	0.07295	0.18065	0.06882	0.03164	0.01759	0.02074	0.01313	0.00898	0.00934	0.00262	0.05818	0.00731	0.03826	0.01148
12	0.01442	0.01010	0.01428	0.04511	0.09564	0.01053	0.01042	0.01713	0.01556	0.05159	0.09214	0.03827	0.02755	0.21022	0.21409	0.00692	0.01129	0.00975	0.09719	0.00780
13	0.23405	0.01403	0.02085	0.01755	0.02125	0.01472	0.16572	0.01920	0.01572	0.02651	0.02555	0.28692	0.02728	0.01479	0.00975	0.00295	0.05586	0.01315	0.00567	0.00848

[dist]
# distance from previous block
# <min> <max>
33	145

[block]
# block no. 3 follows, 23 sequences, length 27
# corresponding to MSA columns:
# 653-679
name=unknown_D
#
# <colnr> <probs for GDERKNQSTAVLIFYWHMCP>
#	G	D	E	R	K	N	Q	S	T	A	V	L	I	F	Y	W	H	M	C	P
0	0.02105	0.02337	0.11262	0.02943	0.17271	0.10040	0.18775	0.02623	0.01881	0.08472	0.01742	0.02143	0.01356	0.01364	0.08503	0.00365	0.01263	0.00762	0.00462	0.04331
1	0.09953	0.10601	0.02231	0.01791	0.07247	0.08682	0.01334	0.11036	0.07360	0.19906	0.02389	0.09917	0.01956	0.01080	0.00764	0.00246	0.00806	0.00860	0.00695	0.01146
2	0.02100	0.09700	0.02576	0.01849	0.02333	0.08832	0.14778	0.02430	0.01878	0.14059	0.02838	0.17291	0.06508	0.01280	0.00929	0.00259	0.03830	0.01131	0.00611	0.04787
3	0.02322	0.01776	0.02346	0.09769	0.17813	0.04816	0.01701	0.14972	0.02249	0.11814	0.05829	0.02394	0.01800	0.00990	0.01027	0.00256	0.09499	0.00775	0.06717	0.01136
4	0.09086	0.01680	0.02034	0.04791	0.09460	0.07415	0.05405	0.09925	0.02205	0.08643	0.17662	0.06923	0.03082	0.01118	0.00816	0.00243	0.00776	0.00958	0.00662	0.07118
5	0.27330	0.02031	0.13351	0.02016	0.09395	0.01891	0.01655	0.02179	0.01475	0.02727	0.01580	0.09191	0.01490	0.01123	0.01207	0.00287	0.18886	0.00775	0.00452	0.00960
6	0.02209	0.12965	0.07520	0.01613	0.02105	0.07458	0.01390	0.17373	0.15109	0.02932	0.01876	0.02131	0.01503	0.01359	0.01310	0.18012	0.00865	0.00689	0.00564	0.01017
7	0.01588	0.02164	0.18310	0.15264	0.10010	0.01816	0.04836	0.02075	0.01593	0.02257	0.02058	0.10914	0.04513	0.01206	0.01284	0.00292	0.17466	0.00944	0.00429	0.00981
8	0.01906	0.07799	0.18484	0.07861	0.08468	0.01653	0.05378	0.06376	0.01900	0.10585	0.02437	0.18924	0.02280	0.01236	0.00841	0.00267	0.00888	0.01083	0.00568	0.01065
9	0.23846	0.12987	0.13320	0.02154	0.10457	0.06563	0.04467	0.02435	0.01599	0.02658	0.01255	0.01587	0.01035	0.00849	0.00956	0.00253	0.11576	0.00571	0.00407	0.01023
10	0.09871	0.01211	0.01387	0.01245	0.01593	0.01213	0.00960	0.10506	0.05167	0.13825	0.16161	0.19642	0.10809	0.01583	0.00878	0.00273	0.00566	0.01346	0.00808	0.00955
11	0.09828	0.01551	0.02240	0.01765	0.02281	0.01554	0.15914	0.08878	0.10084	0.09949	0.09684	0.03648	0.13442	0.01157	0.00846	0.00260	0.00767	0.01034	0.04082	0.01036
12	0.02293	0.16708	0.02338	0.05969	0.02139	0.01758	0.01316	0.02590	0.01733	0.23548	0.02124	0.02420	0.01644	0.02387	0.19793	0.00540	0.08339	0.00730	0.00592	0.01040
13	0.01528	0.01092	0.01370	0.01304	0.01512	0.04114	0.00994	0.01908	0.05189	0.08142	0.07577	0.03530	0.02572	0.11940	0.42368	0.00953	0.01614	0.00935	0.00554	0.00806
14	0.01678	0.01022	0.01204	0.01096	0.01372	0.00970	0.00804	0.02122	0.09031	0.14754	0.15158	0.07778	0.19554	0.17902	0.01659	0.00388	0.00576	0.01306	0.00773	0.00854
15	0.02086	0.01910	0.03309	0.15449	0.21731	0.01972	0.20516	0.08852	0.07233	0.06078	0.01818	0.02206	0.01376	0.00798	0.00854	0.00260	0.01059	0.00815	0.00503	0.01173
16	0.01277	0.00971	0.01126	0.01150	0.01372	0.00933	0.00865	0.09049	0.01982	0.02538	0.05525	0.31867	0.27297	0.02131	0.00989	0.00303	0.00533	0.08564	0.00760	0.00769
17	0.01213	0.00765	0.00923	0.00976	0.01069	0.00765	0.00664	0.01413	0.01507	0.02248	0.06128	0.24125	0.03547	0.20136	0.09344	0.00514	0.00715	0.01376	0.21915	0.00656
18	0.01515	0.01695	0.09725	0.30645	0.10231	0.01569	0.06907	0.02056	0.01804	0.02474	0.15456	0.03008	0.02591	0.01319	0.05313	0.00331	0.01028	0.00898	0.00487	0.00949
19	0.02032	0.02105	0.17813	0.01633	0.02346	0.01453	0.01601	0.02882	0.13392	0.14040	0.02420	0.02976	0.01929	0.00992	0.00781	0.00234	0.00788	0.07531	0.00632	0.22423
20	0.01401	0.10042	0.01522	0.01228	0.01482	0.08710	0.00956	0.01613	0.01776	0.02122	0.04752	0.28198	0.21846	0.01938	0.00925	0.00286	0.00651	0.09132	0.00664	0.00758
21	0.23211	0.02303	0.10603	0.02344	0.09779	0.08738	0.09909	0.02429	0.01605	0.02675	0.01280	0.01688	0.01053	0.00915	0.01184	0.00275	0.17956	0.00635	0.00414	0.01002
22	0.01694	0.09834	0.14256	0.02068	0.11516	0.01582	0.01654	0.05582	0.04539	0.04932	0.02834	0.22798	0.02903	0.01488	0.00874	0.00281	0.00799	0.08773	0.00594	0.01001
23	0.01972	0.01809	0.02448	0.02264	0.09582	0.07130	0.09161	0.07671	0.01859	0.05375	0.01943	0.11376	0.01829	0.01415	0.04473	0.00317	0.17365	0.00930	0.00516	0.10567
24	0.01684	0.06683	0.13759	0.02021	0.02667	0.01715	0.18722	0.05328	0.10576	0.02763	0.09701	0.03662	0.14881	0.01142	0.00872	0.00261	0.00894	0.01047	0.00588	0.01033
25	0.02221	0.26974	0.21467	0.02216	0.10640	0.02506	0.02018	0.17528	0.02224	0.02975	0.01472	0.01665	0.01151	0.00788	0.00698	0.00223	0.00979	0.00590	0.00467	0.01200
26	0.23417	0.01314	0.01433	0.01276	0.01686	0.01358	0.00997	0.05275	0.08439	0.20434	0.06750	0.18840	0.02862	0.01350	0.00789	0.00272	0.00605	0.01113	0.00769	0.01019

[dist]
# distance from previous block
# <min> <max>
0	10

[block]
# block no. 4 follows, 23 sequences, length 20
# corresponding to MSA columns:
# 690-709
name=unknown_E
#
# <colnr> <probs for GDERKNQSTAVLIFYWHMCP>
#	G	D	E	R	K	N	Q	S	T	A	V	L	I	F	Y	W	H	M	C	P
0	0.01851	0.02931	0.25225	0.02107	0.02759	0.16866	0.09930	0.02368	0.01829	0.02297	0.02354	0.12592	0.06441	0.01177	0.00964	0.00267	0.05620	0.00974	0.00461	0.00987
1	0.01653	0.00933	0.01143	0.01073	0.01371	0.00813	0.00809	0.01888	0.01940	0.18397	0.12031	0.21956	0.29104	0.01873	0.00942	0.00280	0.00492	0.01611	0.00830	0.00860
2	0.02603	0.02002	0.13035	0.01589	0.02222	0.01636	0.01481	0.17967	0.08681	0.22610	0.02502	0.02458	0.01746	0.00955	0.00762	0.00241	0.00764	0.00757	0.14763	0.01224
3	0.02162	0.38297	0.16921	0.05914	0.02604	0.02472	0.01767	0.05914	0.01859	0.08747	0.01651	0.02075	0.01364	0.00853	0.00672	0.00220	0.00928	0.04017	0.00461	0.01101
4	0.01502	0.01816	0.12900	0.01786	0.06469	0.05129	0.04631	0.04048	0.04329	0.02588	0.11290	0.11089	0.17763	0.01553	0.00922	0.00281	0.00769	0.09583	0.00641	0.00913
5	0.06519	0.00906	0.00992	0.00941	0.01160	0.00871	0.00671	0.01812	0.01632	0.10752	0.03693	0.09591	0.13480	0.20653	0.01679	0.00391	0.00560	0.01144	0.21801	0.00753
6	0.04351	0.01077	0.01456	0.13851	0.02222	0.01083	0.01161	0.02094	0.01990	0.14337	0.20435	0.05016	0.12355	0.01435	0.00885	0.00271	0.00628	0.08884	0.05577	0.00892
7	0.02327	0.06980	0.20473	0.11106	0.11183	0.02128	0.02121	0.23163	0.02464	0.07792	0.01729	0.01935	0.01255	0.00850	0.00781	0.00247	0.00995	0.00680	0.00556	0.01235
8	0.01459	0.01169	0.01389	0.10211	0.05749	0.04535	0.01069	0.01838	0.05732	0.02226	0.03049	0.09335	0.07067	0.22506	0.01829	0.00424	0.00747	0.07028	0.11880	0.00759
9	0.01085	0.00803	0.00997	0.01026	0.01152	0.00789	0.00718	0.01265	0.01551	0.02056	0.10726	0.17690	0.18498	0.20162	0.17169	0.00645	0.00915	0.01473	0.00630	0.00650
10	0.02027	0.02127	0.02578	0.06910	0.36521	0.16869	0.01936	0.02390	0.01902	0.02368	0.02222	0.11080	0.05466	0.01064	0.00826	0.00248	0.00989	0.00937	0.00469	0.01072
11	0.04727	0.02036	0.13794	0.01833	0.06783	0.05522	0.01537	0.13638	0.02258	0.09307	0.12721	0.16586	0.03151	0.01333	0.00857	0.00264	0.00792	0.01129	0.00681	0.01050
12	0.06516	0.07173	0.02185	0.02122	0.12961	0.09246	0.01432	0.06649	0.01934	0.12806	0.02418	0.18959	0.02322	0.01319	0.01009	0.00268	0.07975	0.01066	0.00612	0.01030
13	0.01255	0.12985	0.01495	0.01075	0.01245	0.01143	0.00778	0.01396	0.01531	0.01985	0.07632	0.31366	0.08281	0.22089	0.01832	0.00426	0.00620	0.01563	0.00617	0.00685
14	0.04665	0.05186	0.02460	0.01978	0.06202	0.01610	0.13361	0.07792	0.08675	0.18359	0.09197	0.07433	0.07151	0.01146	0.00856	0.00260	0.00793	0.01033	0.00723	0.01118
15	0.07455	0.12861	0.02282	0.01739	0.06426	0.08219	0.04634	0.02285	0.01756	0.08779	0.02229	0.17786	0.02184	0.01187	0.00834	0.00235	0.03625	0.00983	0.00556	0.13942
16	0.09513	0.01855	0.02116	0.06175	0.02381	0.10662	0.09293	0.16201	0.02252	0.03057	0.08678	0.07055	0.02495	0.10203	0.01261	0.00328	0.00920	0.03998	0.00607	0.00950
17	0.01568	0.01500	0.02161	0.02546	0.21794	0.05913	0.07401	0.01935	0.01898	0.02510	0.14181	0.10979	0.14873	0.01662	0.05143	0.00327	0.00860	0.01217	0.00592	0.00942
18	0.10096	0.01845	0.02640	0.12000	0.27363	0.05930	0.07736	0.02447	0.05002	0.02644	0.01953	0.02306	0.05168	0.00829	0.00771	0.00238	0.00926	0.00746	0.00460	0.08899
19	0.02478	0.19955	0.02862	0.01914	0.06188	0.02270	0.05497	0.12100	0.18447	0.14167	0.02225	0.02214	0.01658	0.00922	0.00820	0.00241	0.03427	0.00731	0.00660	0.01225

[dist]
# distance from previous block
# <min> <max>
0	183

[block]
# block no. 5 follows, 23 sequences, length 20
# corresponding to MSA columns:
# 903-922
name=unknown_F
#
# <colnr> <probs for GDERKNQSTAVLIFYWHMCP>
#	G	D	E	R	K	N	Q	S	T	A	V	L	I	F	Y	W	H	M	C	P
0	0.01249	0.01035	0.01144	0.01164	0.01364	0.04080	0.00837	0.01662	0.07572	0.02489	0.17755	0.35407	0.13112	0.01969	0.00951	0.00284	0.00515	0.01736	0.00759	0.04917
1	0.01796	0.10887	0.27040	0.12521	0.03224	0.06502	0.05296	0.05348	0.04262	0.02474	0.01927	0.09079	0.01709	0.01030	0.00800	0.00259	0.01041	0.03302	0.00454	0.01050
2	0.13799	0.01875	0.12661	0.08652	0.02726	0.01547	0.13003	0.05874	0.01803	0.02717	0.02761	0.17027	0.07528	0.01297	0.00852	0.00280	0.00873	0.03239	0.00546	0.00938
3	0.01716	0.19179	0.48547	0.02016	0.03032	0.02105	0.02482	0.02466	0.01739	0.02469	0.05851	0.01922	0.01490	0.00815	0.00728	0.00238	0.01068	0.00622	0.00382	0.01134
4	0.01468	0.01121	0.01288	0.01176	0.01466	0.01121	0.00898	0.11337	0.07925	0.03197	0.31205	0.12351	0.18911	0.01683	0.00931	0.00267	0.00501	0.01446	0.00829	0.00878
5	0.02054	0.43623	0.19324	0.01680	0.02433	0.09277	0.01776	0.02479	0.01706	0.02077	0.01293	0.01548	0.01106	0.01096	0.05235	0.00275	0.01098	0.00513	0.00359	0.01048
6	0.02096	0.01514	0.01918	0.02080	0.14832	0.01533	0.01351	0.12507	0.12941	0.12614	0.04076	0.07395	0.19033	0.01318	0.00864	0.00262	0.00685	0.01116	0.00742	0.01123
7	0.01496	0.01513	0.02916	0.02387	0.06114	0.01410	0.31140	0.01943	0.01836	0.02450	0.07371	0.20356	0.12561	0.01418	0.00969	0.00285	0.00916	0.01427	0.00578	0.00913
8	0.18104	0.01105	0.01142	0.01128	0.01393	0.01148	0.00840	0.08931	0.01842	0.02873	0.03863	0.32419	0.12911	0.01761	0.00843	0.00283	0.00539	0.01495	0.06575	0.00805
9	0.02461	0.12552	0.05855	0.01666	0.02245	0.06717	0.01449	0.34297	0.02924	0.03817	0.09797	0.02864	0.05508	0.01096	0.00797	0.00239	0.00853	0.03010	0.00695	0.01158
10	0.01536	0.01702	0.06825	0.21977	0.07664	0.05626	0.11654	0.01975	0.01752	0.02243	0.03044	0.16767	0.11212	0.01309	0.00893	0.00277	0.00933	0.01200	0.00509	0.00902
11	0.00992	0.00773	0.00901	0.00975	0.01143	0.00683	0.00691	0.01189	0.01772	0.02255	0.12843	0.34513	0.33940	0.02220	0.00991	0.00296	0.00433	0.01939	0.00768	0.00683
12	0.01467	0.02172	0.23375	0.02036	0.10617	0.01406	0.01761	0.02185	0.09207	0.02508	0.05580	0.17398	0.11104	0.04302	0.01007	0.00296	0.00800	0.01211	0.00573	0.00995
13	0.02274	0.17673	0.02853	0.16090	0.12724	0.15293	0.01754	0.12891	0.02182	0.02632	0.01802	0.02081	0.04674	0.00872	0.00738	0.00228	0.01023	0.00674	0.00473	0.01068
14	0.10410	0.01801	0.02642	0.07531	0.24475	0.01956	0.05116	0.09755	0.01995	0.12911	0.01722	0.02028	0.01314	0.00912	0.01072	0.00265	0.11663	0.00718	0.00545	0.01169
15	0.01113	0.00776	0.00917	0.00953	0.01010	0.00746	0.00596	0.01209	0.01456	0.01941	0.10992	0.20978	0.09337	0.41281	0.02765	0.00574	0.00634	0.01522	0.00622	0.00579
16	0.06060	0.09873	0.21538	0.01920	0.06820	0.01893	0.01803	0.15627	0.02253	0.03222	0.14578	0.02673	0.02505	0.01257	0.04274	0.00298	0.00935	0.00799	0.00574	0.01098
17	0.02287	0.38969	0.07589	0.02298	0.15795	0.02719	0.01751	0.14820	0.02132	0.02753	0.01398	0.01606	0.01160	0.00761	0.00654	0.00207	0.00914	0.00565	0.00452	0.01171
18	0.10097	0.17093	0.06538	0.01504	0.02078	0.01935	0.03842	0.07701	0.11690	0.05985	0.05509	0.06476	0.02030	0.01125	0.02643	0.00258	0.00786	0.00784	0.02747	0.09178
19	0.02256	0.06560	0.15344	0.05418	0.02623	0.26140	0.01779	0.02762	0.05298	0.06233	0.01649	0.01974	0.01322	0.01625	0.10467	0.00392	0.06052	0.00646	0.00453	0.01008

[dist]
# distance from previous block
# <min> <max>
6	67

[block]
# block no. 6 follows, 23 sequences, length 32
# corresponding to MSA columns:
# 994-1025
name=unknown_G
#
# <colnr> <probs for GDERKNQSTAVLIFYWHMCP>
#	G	D	E	R	K	N	Q	S	T	A	V	L	I	F	Y	W	H	M	C	P
0	0.02590	0.19371	0.14593	0.01780	0.02528	0.02416	0.01722	0.28763	0.06231	0.09607	0.01855	0.01887	0.01355	0.00879	0.00735	0.00232	0.00909	0.00654	0.00633	0.01260
1	0.01431	0.08029	0.05452	0.05338	0.01906	0.05138	0.01273	0.01673	0.01581	0.02079	0.03051	0.37741	0.03466	0.01869	0.01221	0.00307	0.12378	0.04684	0.00583	0.00798
2	0.01773	0.01558	0.02334	0.28684	0.19074	0.01743	0.01876	0.08082	0.08486	0.02677	0.05596	0.06488	0.02025	0.04937	0.01018	0.00293	0.00899	0.00901	0.00521	0.01036
3	0.01835	0.07788	0.17435	0.16376	0.19678	0.02017	0.06842	0.02732	0.12298	0.02579	0.01768	0.02102	0.01363	0.00809	0.00791	0.00253	0.01009	0.00722	0.00447	0.01155
4	0.01093	0.00792	0.01089	0.01169	0.01286	0.00788	0.00858	0.01348	0.01712	0.02360	0.19797	0.34081	0.05141	0.03103	0.16406	0.00537	0.00858	0.06159	0.00716	0.00708
5	0.02196	0.56337	0.04186	0.01748	0.02440	0.07910	0.10769	0.02516	0.01738	0.02019	0.01215	0.01448	0.01070	0.00703	0.00602	0.00191	0.00988	0.00520	0.00362	0.01042
6	0.09587	0.01705	0.06414	0.13285	0.22663	0.01718	0.01798	0.02410	0.07610	0.02692	0.01803	0.02236	0.01449	0.01160	0.04681	0.00311	0.05399	0.00716	0.11319	0.01043
7	0.01584	0.01437	0.01319	0.01233	0.01437	0.13131	0.00887	0.04788	0.02079	0.02670	0.33336	0.08531	0.04958	0.17208	0.01626	0.00370	0.00700	0.01242	0.00705	0.00760
8	0.01003	0.00728	0.00947	0.01094	0.01174	0.00672	0.00744	0.01174	0.01654	0.02204	0.11169	0.59277	0.10338	0.02412	0.01022	0.00317	0.00457	0.02173	0.00768	0.00672
9	0.02168	0.34821	0.25436	0.01800	0.02658	0.02618	0.01970	0.14770	0.02105	0.02778	0.01405	0.01572	0.01105	0.00777	0.00665	0.00216	0.00986	0.00550	0.00439	0.01163
10	0.01829	0.10091	0.30592	0.02100	0.06806	0.09909	0.02104	0.02594	0.07772	0.02470	0.02400	0.03033	0.06635	0.01052	0.00799	0.00257	0.01021	0.06981	0.00476	0.01078
11	0.01056	0.00832	0.00976	0.01037	0.01228	0.00771	0.00764	0.01348	0.04193	0.02256	0.09441	0.27120	0.33162	0.02422	0.05346	0.00364	0.00573	0.05658	0.00743	0.00711
12	0.02781	0.01588	0.01867	0.01489	0.02026	0.01597	0.01210	0.23842	0.06837	0.27657	0.10689	0.03400	0.08962	0.01184	0.00846	0.00253	0.00692	0.00961	0.00888	0.01231
13	0.01677	0.01306	0.01806	0.01577	0.01900	0.01360	0.07538	0.11612	0.06156	0.05570	0.08222	0.20491	0.09794	0.02143	0.08367	0.00402	0.04245	0.04214	0.00698	0.00923
14	0.01030	0.00767	0.00970	0.01116	0.01235	0.00706	0.00806	0.01221	0.01667	0.02152	0.05287	0.47448	0.18900	0.02387	0.01031	0.00324	0.00499	0.11023	0.00752	0.00678
15	0.02631	0.01620	0.01778	0.01423	0.01912	0.01715	0.01156	0.33562	0.02867	0.13734	0.02376	0.02439	0.01714	0.00969	0.00729	0.00226	0.00686	0.00752	0.26543	0.01167
16	0.02548	0.01800	0.02285	0.02315	0.14713	0.04406	0.01578	0.22048	0.02447	0.16126	0.02074	0.02319	0.01572	0.01885	0.13208	0.00444	0.05622	0.00762	0.00656	0.01193
17	0.01416	0.01311	0.01700	0.08997	0.02107	0.06442	0.05281	0.01662	0.01614	0.02128	0.03259	0.36303	0.06429	0.01823	0.01220	0.00305	0.11845	0.01552	0.03827	0.00779
18	0.01382	0.00821	0.01031	0.01008	0.01069	0.00875	0.00693	0.01402	0.01296	0.01963	0.02099	0.03429	0.02047	0.22027	0.06339	0.24653	0.05206	0.00864	0.21237	0.00559
19	0.01653	0.01318	0.01972	0.01679	0.02030	0.01346	0.12203	0.12384	0.02022	0.02786	0.03037	0.12258	0.06246	0.06162	0.12453	0.00483	0.01036	0.09738	0.08308	0.00887
20	0.06115	0.20750	0.03291	0.16025	0.13423	0.14323	0.10418	0.02537	0.01817	0.02263	0.01350	0.01742	0.01107	0.00750	0.00723	0.00228	0.01092	0.00627	0.00389	0.01033
21	0.01117	0.00812	0.00972	0.00999	0.01105	0.00800	0.00683	0.01250	0.01435	0.01868	0.04108	0.10910	0.18169	0.34051	0.13641	0.00688	0.00901	0.05299	0.00582	0.00607
22	0.01847	0.07887	0.23637	0.03191	0.24683	0.02130	0.06374	0.02410	0.01673	0.02426	0.01389	0.01826	0.01138	0.00873	0.01155	0.00266	0.14904	0.00675	0.00370	0.01148
23	0.01773	0.01407	0.01966	0.15616	0.14000	0.01497	0.01494	0.08041	0.08739	0.06286	0.16893	0.03758	0.08008	0.05728	0.01071	0.00292	0.00747	0.01023	0.00652	0.01007
24	0.01980	0.01347	0.01875	0.15223	0.06170	0.01478	0.01406	0.12378	0.01958	0.12294	0.02148	0.02866	0.01782	0.09915	0.22847	0.00647	0.01305	0.00833	0.00573	0.00976
25	0.01089	0.00770	0.00974	0.01083	0.01148	0.00748	0.00735	0.01222	0.01473	0.01949	0.03942	0.36856	0.07760	0.24255	0.05573	0.00526	0.00685	0.07937	0.00654	0.00621
26	0.01874	0.01966	0.02578	0.28353	0.13694	0.12506	0.05233	0.02273	0.01727	0.02164	0.01806	0.02323	0.05322	0.00986	0.01152	0.00272	0.13642	0.00764	0.00403	0.00962
27	0.07014	0.25285	0.06623	0.05541	0.02502	0.07178	0.07881	0.09628	0.02036	0.05795	0.04796	0.04688	0.05879	0.00963	0.00726	0.00229	0.00909	0.00769	0.00521	0.01038
28	0.01837	0.01082	0.01308	0.01206	0.01502	0.01045	0.00907	0.07882	0.05630	0.15654	0.11157	0.24577	0.11229	0.04276	0.01020	0.00294	0.00552	0.01457	0.06460	0.00923
29	0.09808	0.01251	0.01446	0.01285	0.01658	0.01281	0.01003	0.07101	0.11570	0.15895	0.14930	0.11475	0.09402	0.01781	0.06106	0.00348	0.00700	0.01164	0.00794	0.01002
30	0.11675	0.02702	0.09004	0.08464	0.07544	0.22053	0.01731	0.15723	0.05420	0.05824	0.01628	0.01813	0.01227	0.00858	0.00746	0.00240	0.01067	0.00630	0.00542	0.01110
31	0.02105	0.02160	0.09002	0.11706	0.07642	0.06968	0.01698	0.16075	0.02192	0.03019	0.01528	0.01827	0.01193	0.00807	0.00838	0.00213	0.04823	0.00618	0.00505	0.25080

[dist]
# distance from previous block
# <min> <max>
6	94

[block]
# block no. 7 follows, 23 sequences, length 50
# corresponding to MSA columns:
# 1122-1171
name=unknown_H
#
# <colnr> <probs for GDERKNQSTAVLIFYWHMCP>
#	G	D	E	R	K	N	Q	S	T	A	V	L	I	F	Y	W	H	M	C	P
0	0.05175	0.18751	0.02461	0.04820	0.02183	0.19509	0.04773	0.02272	0.01907	0.02258	0.10013	0.05914	0.11314	0.01160	0.00849	0.00236	0.04095	0.00898	0.00517	0.00897
1	0.01745	0.09906	0.09696	0.12859	0.09830	0.04809	0.04371	0.02448	0.10151	0.02548	0.08958	0.08144	0.02365	0.01034	0.00793	0.00242	0.00859	0.00893	0.00529	0.07820
2	0.05431	0.05016	0.14362	0.06521	0.05830	0.10619	0.16736	0.05186	0.05018	0.02567	0.01656	0.02146	0.01340	0.05062	0.03843	0.00318	0.01156	0.00734	0.00446	0.06013
3	0.01731	0.04538	0.01718	0.01688	0.09527	0.07260	0.01149	0.07223	0.08352	0.02804	0.10748	0.04072	0.18258	0.01470	0.03631	0.00282	0.00730	0.01041	0.09543	0.04236
4	0.01824	0.06840	0.17956	0.01814	0.05314	0.04511	0.01654	0.09554	0.07476	0.02674	0.01995	0.02757	0.01739	0.09405	0.10551	0.00445	0.01103	0.03356	0.00508	0.08524
5	0.02062	0.01633	0.05729	0.01466	0.01881	0.04741	0.01219	0.18420	0.02395	0.10748	0.14771	0.09108	0.05849	0.05007	0.10787	0.00431	0.00945	0.01075	0.00725	0.01007
6	0.22526	0.07736	0.12560	0.01504	0.02074	0.07783	0.01405	0.12888	0.02004	0.03188	0.01767	0.06128	0.01487	0.01154	0.03499	0.00282	0.00887	0.00695	0.09429	0.01002
7	0.07702	0.06694	0.02429	0.02091	0.09082	0.13752	0.08205	0.08757	0.08386	0.04745	0.02420	0.05324	0.07314	0.00994	0.00773	0.00233	0.00912	0.00826	0.00565	0.08796
8	0.02303	0.46027	0.06535	0.01559	0.02203	0.13026	0.01462	0.09241	0.02004	0.02323	0.01696	0.01824	0.05137	0.00836	0.00625	0.00197	0.00950	0.00568	0.00435	0.01048
9	0.31600	0.01501	0.01682	0.01412	0.01851	0.05252	0.09231	0.02281	0.01738	0.07668	0.08099	0.06760	0.06347	0.01065	0.00710	0.00250	0.00702	0.00869	0.10087	0.00896
10	0.01419	0.01343	0.05548	0.01279	0.01563	0.05181	0.01015	0.04372	0.07405	0.04396	0.08201	0.33313	0.17980	0.01921	0.00943	0.00290	0.00602	0.01669	0.00730	0.00831
11	0.15329	0.01170	0.01313	0.05366	0.01648	0.01210	0.00891	0.05768	0.01658	0.02632	0.11206	0.03594	0.02717	0.23994	0.07858	0.00501	0.00824	0.00906	0.00558	0.10856
12	0.02275	0.02101	0.03002	0.03025	0.21260	0.06185	0.14715	0.17986	0.10682	0.03250	0.01932	0.02319	0.01534	0.04836	0.01024	0.00282	0.01010	0.00813	0.00568	0.01202
13	0.06190	0.04229	0.11390	0.03663	0.05117	0.14686	0.01417	0.04687	0.01951	0.02582	0.10634	0.16189	0.07079	0.01340	0.00820	0.00255	0.00837	0.01109	0.04917	0.00908
14	0.02497	0.02309	0.06343	0.01743	0.02282	0.12093	0.01457	0.34544	0.06537	0.03773	0.02728	0.10055	0.07610	0.01217	0.00836	0.00253	0.00896	0.00963	0.00710	0.01154
15	0.02163	0.05876	0.01875	0.01476	0.01953	0.14070	0.01149	0.07684	0.05967	0.09581	0.02424	0.17515	0.02287	0.01197	0.00775	0.00222	0.00788	0.00984	0.00629	0.21385
16	0.01892	0.00968	0.01315	0.01247	0.01520	0.00907	0.00941	0.02124	0.01776	0.23362	0.03842	0.30849	0.07598	0.02713	0.14399	0.00495	0.00879	0.01491	0.00772	0.00911
17	0.01664	0.01379	0.01448	0.01365	0.01652	0.04675	0.01043	0.06331	0.22640	0.02790	0.10479	0.05080	0.09057	0.15451	0.01553	0.00385	0.00695	0.10669	0.00726	0.00918
18	0.02050	0.04952	0.02635	0.14382	0.29845	0.07807	0.01925	0.10201	0.02105	0.02803	0.04642	0.02453	0.04633	0.00895	0.00787	0.00240	0.00930	0.00774	0.04831	0.01110
19	0.13732	0.01262	0.01593	0.22448	0.02764	0.01400	0.01316	0.02277	0.07335	0.07995	0.05785	0.03644	0.11415	0.01159	0.00782	0.00263	0.00712	0.04290	0.08919	0.00909
20	0.01102	0.00914	0.01167	0.11953	0.01907	0.00892	0.00996	0.01372	0.01760	0.02181	0.05907	0.19038	0.36068	0.01973	0.00971	0.00297	0.00574	0.09515	0.00690	0.00723
21	0.01885	0.11960	0.18605	0.02902	0.03790	0.02170	0.41738	0.02570	0.01835	0.02500	0.01532	0.01965	0.01161	0.00705	0.00858	0.00257	0.01264	0.00808	0.00387	0.01111
22	0.02210	0.21362	0.25090	0.01847	0.02659	0.02368	0.01952	0.22526	0.02376	0.03199	0.01719	0.06001	0.01418	0.00928	0.00734	0.00235	0.00965	0.00705	0.00524	0.01183
23	0.01285	0.00911	0.01097	0.01146	0.01329	0.00886	0.00857	0.06937	0.01923	0.02614	0.09692	0.33727	0.14295	0.02036	0.00957	0.00297	0.00519	0.09669	0.09064	0.00759
24	0.01598	0.01280	0.01390	0.01386	0.01626	0.05535	0.01066	0.13656	0.02138	0.02748	0.04065	0.34225	0.09599	0.02016	0.00983	0.00309	0.00672	0.14129	0.00741	0.00840
25	0.06081	0.01544	0.01591	0.01333	0.01765	0.04555	0.01053	0.19788	0.06564	0.13645	0.03181	0.03304	0.10397	0.05508	0.00972	0.00273	0.00683	0.00897	0.15811	0.01056
26	0.02173	0.01593	0.02227	0.07926	0.10571	0.01750	0.04430	0.14518	0.02063	0.12091	0.02129	0.06636	0.01881	0.13469	0.01710	0.00366	0.11916	0.00918	0.00597	0.01037
27	0.01159	0.00869	0.01304	0.01304	0.01449	0.01014	0.01014	0.01449	0.01304	0.01884	0.02173	0.03188	0.02029	0.06086	0.68268	0.01304	0.02173	0.00869	0.00435	0.00724
28	0.01111	0.00828	0.01032	0.00981	0.01189	0.00750	0.00736	0.01458	0.02207	0.03042	0.54444	0.06411	0.19338	0.01738	0.00957	0.00259	0.00388	0.01516	0.00865	0.00750
29	0.02395	0.15997	0.02984	0.14321	0.03107	0.02461	0.07128	0.28771	0.05226	0.03442	0.01671	0.01915	0.01272	0.00893	0.00872	0.00245	0.04862	0.00696	0.00575	0.01167
30	0.01215	0.00833	0.01071	0.01141	0.01232	0.00887	0.00825	0.01438	0.01537	0.02290	0.03435	0.39489	0.03752	0.02414	0.08472	0.00402	0.06868	0.01599	0.20387	0.00712
31	0.01669	0.03906	0.58212	0.02473	0.03618	0.01909	0.11773	0.02574	0.01742	0.02574	0.01483	0.01782	0.01057	0.00758	0.00798	0.00259	0.01224	0.00652	0.00352	0.01184
32	0.01778	0.01893	0.01795	0.01642	0.01844	0.18873	0.01290	0.01999	0.01655	0.01991	0.02835	0.03270	0.14312	0.02617	0.19001	0.00549	0.20462	0.00903	0.00472	0.00818
33	0.22034	0.01223	0.01399	0.01212	0.01639	0.01192	0.00958	0.02645	0.01930	0.28600	0.11748	0.14066	0.05481	0.01318	0.00794	0.00265	0.00585	0.01083	0.00807	0.01021
34	0.01531	0.01012	0.01249	0.01159	0.01303	0.01095	0.00826	0.06674	0.01543	0.05852	0.02376	0.03959	0.02357	0.34980	0.20087	0.00774	0.04571	0.00981	0.06951	0.00719
35	0.01406	0.01120	0.01242	0.01164	0.01460	0.01127	0.00883	0.07473	0.14522	0.02921	0.19552	0.14038	0.26473	0.01741	0.00929	0.00274	0.00501	0.01487	0.00805	0.00881
36	0.01452	0.01210	0.01566	0.07775	0.09011	0.01262	0.01215	0.05103	0.13405	0.02571	0.04290	0.25499	0.16125	0.01730	0.00929	0.00291	0.00633	0.04328	0.00695	0.00910
37	0.13738	0.01584	0.02039	0.13971	0.11783	0.05559	0.01574	0.02045	0.01488	0.02308	0.01535	0.02296	0.01382	0.06603	0.14568	0.00513	0.14986	0.00722	0.00415	0.00891
38	0.02613	0.01697	0.01892	0.01527	0.02026	0.01828	0.01240	0.34567	0.06430	0.12509	0.02350	0.02442	0.01723	0.01432	0.06737	0.00329	0.00862	0.00770	0.15833	0.01192
39	0.01006	0.00802	0.00901	0.00922	0.01136	0.00698	0.00674	0.01238	0.01892	0.02400	0.20077	0.19007	0.42270	0.02058	0.00973	0.00280	0.00416	0.01768	0.00784	0.00698
40	0.02277	0.21382	0.02711	0.02008	0.08073	0.27893	0.01510	0.02553	0.01935	0.02127	0.05210	0.02492	0.01805	0.01321	0.05260	0.00297	0.04146	0.05593	0.00450	0.00957
41	0.01882	0.01985	0.03644	0.03259	0.15897	0.02186	0.28648	0.02340	0.01655	0.02372	0.01407	0.02001	0.01181	0.00962	0.01552	0.00297	0.26464	0.00820	0.00388	0.01057
42	0.03641	0.01381	0.01883	0.01444	0.02071	0.01193	0.01193	0.03954	0.02322	0.66984	0.03201	0.02762	0.02009	0.01004	0.00816	0.00251	0.00690	0.00816	0.01004	0.01381
43	0.01151	0.00789	0.00943	0.01008	0.01140	0.00719	0.00683	0.01291	0.01603	0.05244	0.05107	0.36218	0.22229	0.16107	0.01621	0.00401	0.00528	0.01836	0.00714	0.00669
44	0.02338	0.02904	0.05701	0.02253	0.06751	0.37454	0.10508	0.02690	0.02144	0.02306	0.09101	0.02693	0.07648	0.01003	0.00816	0.00234	0.01190	0.00814	0.00495	0.00956
45	0.01431	0.01170	0.04109	0.01230	0.01502	0.01103	0.00977	0.05547	0.11843	0.03002	0.25470	0.17574	0.04688	0.01857	0.05087	0.00330	0.00617	0.01342	0.10247	0.00876
46	0.02235	0.20778	0.02488	0.01534	0.02070	0.02214	0.01288	0.06962	0.34272	0.09579	0.06238	0.02645	0.02275	0.01005	0.00749	0.00242	0.00708	0.00797	0.00717	0.01204
47	0.02523	0.52852	0.03653	0.01438	0.02116	0.02771	0.01364	0.07780	0.01955	0.14493	0.01588	0.01631	0.01252	0.00776	0.00601	0.00194	0.00836	0.00531	0.00510	0.01134
48	0.01576	0.16690	0.32909	0.01685	0.02490	0.01831	0.01932	0.02258	0.05314	0.02382	0.03334	0.03363	0.18803	0.01123	0.00775	0.00246	0.00887	0.00887	0.00483	0.01033
49	0.01069	0.00837	0.01030	0.01011	0.01226	0.00798	0.00768	0.01350	0.01833	0.02420	0.23539	0.06039	0.31516	0.03035	0.19259	0.00549	0.00882	0.01411	0.00708	0.00719

[dist]
# distance from previous block
# <min> <max>
0	56

[block]
# block no. 8 follows, 23 sequences, length 66
# corresponding to MSA columns:
# 1255-1320
name=unknown_I
#
# <colnr> <probs for GDERKNQSTAVLIFYWHMCP>
#	G	D	E	R	K	N	Q	S	T	A	V	L	I	F	Y	W	H	M	C	P
0	0.01811	0.02056	0.14766	0.12106	0.03051	0.01664	0.11297	0.08183	0.09406	0.05346	0.06902	0.06017	0.06100	0.01054	0.00841	0.00259	0.00901	0.00942	0.03228	0.04070
1	0.01665	0.01136	0.01628	0.01488	0.01761	0.01150	0.05866	0.08946	0.01881	0.09530	0.03202	0.27272	0.03296	0.05274	0.16801	0.00554	0.01044	0.05959	0.00677	0.00872
2	0.01601	0.01368	0.01425	0.01332	0.01642	0.05512	0.01023	0.02658	0.25836	0.02807	0.13247	0.04093	0.11953	0.02216	0.13353	0.00452	0.00885	0.01067	0.06574	0.00954
3	0.03085	0.02273	0.02435	0.01867	0.02516	0.02516	0.01542	0.63716	0.03815	0.05114	0.01948	0.01948	0.01380	0.00974	0.00812	0.00244	0.00893	0.00731	0.00812	0.01380
4	0.02018	0.01743	0.01835	0.01651	0.02110	0.02018	0.01284	0.04312	0.64956	0.03394	0.03303	0.03027	0.02477	0.01101	0.00826	0.00275	0.00642	0.00917	0.00826	0.01284
5	0.01072	0.00764	0.00983	0.01088	0.01174	0.00721	0.00752	0.01256	0.01669	0.02245	0.15719	0.41383	0.07709	0.13130	0.01509	0.00389	0.00523	0.06514	0.00738	0.00660
6	0.01110	0.00806	0.01047	0.01034	0.01201	0.00742	0.00757	0.01440	0.02137	0.02985	0.51896	0.18552	0.09567	0.01844	0.00972	0.00270	0.00401	0.01638	0.00861	0.00742
7	0.01933	0.42369	0.31781	0.01792	0.02707	0.02631	0.02091	0.02491	0.01677	0.02198	0.01271	0.01481	0.01035	0.00728	0.00630	0.00210	0.01013	0.00506	0.00345	0.01110
8	0.02169	0.71972	0.04252	0.01388	0.02083	0.03211	0.01388	0.02430	0.01649	0.01909	0.01128	0.01302	0.01041	0.00694	0.00521	0.00174	0.00868	0.00434	0.00347	0.01041
9	0.01996	0.01284	0.01512	0.01287	0.01667	0.01273	0.01012	0.18273	0.02577	0.13120	0.25970	0.09788	0.13860	0.01508	0.00904	0.00260	0.00575	0.01277	0.00856	0.01001
10	0.01180	0.00787	0.00885	0.00885	0.00885	0.00787	0.00492	0.01180	0.01180	0.01573	0.02557	0.05310	0.02950	0.71483	0.04130	0.00787	0.00787	0.01180	0.00492	0.00492
11	0.01180	0.00787	0.00885	0.00885	0.00885	0.00787	0.00492	0.01180	0.01180	0.01573	0.02557	0.05310	0.02950	0.71483	0.04130	0.00787	0.00787	0.01180	0.00492	0.00492
12	0.00995	0.00791	0.00894	0.00937	0.01136	0.00690	0.00677	0.01209	0.01833	0.02316	0.15729	0.25154	0.40511	0.02132	0.00980	0.00287	0.00423	0.01842	0.00774	0.00690
13	0.01040	0.00728	0.00926	0.01064	0.01098	0.00693	0.00683	0.01143	0.01453	0.01937	0.03957	0.53283	0.04716	0.21100	0.01869	0.00453	0.00556	0.02003	0.00683	0.00614
14	0.01981	0.02399	0.08452	0.02658	0.03215	0.11685	0.30023	0.02547	0.04306	0.02355	0.01547	0.02053	0.01253	0.01228	0.05500	0.00345	0.16214	0.00806	0.00413	0.01020
15	0.07928	0.02032	0.03063	0.04480	0.57029	0.06429	0.02302	0.02533	0.01842	0.02683	0.01477	0.01918	0.01237	0.00733	0.00775	0.00240	0.00972	0.00687	0.00411	0.01230
16	0.02951	0.02034	0.02232	0.01761	0.02368	0.02220	0.01438	0.42843	0.15970	0.13926	0.02408	0.02287	0.01695	0.01004	0.00815	0.00251	0.00812	0.00781	0.00843	0.01361
17	0.01352	0.01247	0.02041	0.01641	0.02041	0.01163	0.17465	0.01883	0.05998	0.02776	0.27936	0.05352	0.22786	0.01480	0.00950	0.00267	0.00670	0.01369	0.00719	0.00862
18	0.02002	0.01910	0.02195	0.01829	0.02187	0.14991	0.12758	0.09467	0.02015	0.02648	0.02223	0.12241	0.02087	0.06631	0.01214	0.00295	0.06430	0.00995	0.14976	0.00907
19	0.01532	0.01442	0.02434	0.69533	0.05589	0.01803	0.02253	0.02073	0.01622	0.02073	0.01442	0.02163	0.01082	0.00811	0.00811	0.00270	0.01082	0.00721	0.00361	0.00901
20	0.02875	0.01483	0.01740	0.01383	0.01895	0.01481	0.01127	0.21894	0.02612	0.29984	0.02658	0.02583	0.01834	0.00979	0.00745	0.00231	0.00666	0.00773	0.21849	0.01206
21	0.01014	0.00832	0.00898	0.00903	0.01158	0.00716	0.00691	0.01258	0.01917	0.02367	0.16474	0.07653	0.52750	0.02011	0.00971	0.00279	0.00432	0.06200	0.00774	0.00702
22	0.19300	0.05192	0.02074	0.06904	0.02413	0.17321	0.01374	0.19247	0.02393	0.10313	0.01788	0.05035	0.01411	0.00946	0.00723	0.00241	0.00938	0.00688	0.00616	0.01082
23	0.01868	0.01471	0.01610	0.01447	0.01852	0.01570	0.01171	0.18574	0.19187	0.03327	0.04507	0.05249	0.20343	0.01552	0.00916	0.00285	0.00664	0.12582	0.00787	0.01040
24	0.48833	0.01776	0.01395	0.01384	0.04088	0.11813	0.01022	0.02288	0.01572	0.03058	0.01784	0.14288	0.01752	0.01097	0.00648	0.00259	0.00740	0.00809	0.00532	0.00863
25	0.02344	0.58186	0.03857	0.01531	0.02169	0.16371	0.01425	0.02594	0.01780	0.01925	0.01154	0.01334	0.01042	0.00723	0.00563	0.00181	0.00988	0.00452	0.00361	0.01021
26	0.01222	0.00852	0.01026	0.00982	0.01220	0.00754	0.00736	0.01516	0.02074	0.06769	0.35794	0.11535	0.28858	0.01834	0.00955	0.00268	0.00419	0.01583	0.00837	0.00766
27	0.01974	0.02201	0.02888	0.05743	0.08799	0.19408	0.21875	0.02374	0.01883	0.02261	0.02084	0.14814	0.02009	0.01499	0.06126	0.00344	0.01239	0.01052	0.00475	0.00952
28	0.02817	0.01627	0.01895	0.01543	0.02095	0.01672	0.01245	0.15937	0.21751	0.29806	0.03381	0.03083	0.07165	0.01112	0.00830	0.00259	0.00694	0.00902	0.00891	0.01295
29	0.01964	0.00996	0.01323	0.01233	0.01541	0.00895	0.00957	0.02241	0.02015	0.24687	0.15731	0.23500	0.09429	0.01776	0.00949	0.00289	0.00556	0.08112	0.00865	0.00939
30	0.01651	0.01083	0.01464	0.01934	0.19199	0.01083	0.01103	0.02058	0.01742	0.02921	0.02335	0.02742	0.01858	0.00883	0.00633	0.00204	0.00541	0.00747	0.54916	0.00904
31	0.02422	0.01096	0.01459	0.01252	0.01651	0.00964	0.00978	0.02706	0.02126	0.36698	0.15860	0.17582	0.08663	0.01521	0.00898	0.00269	0.00566	0.01311	0.00913	0.01064
32	0.01289	0.01047	0.01173	0.01146	0.01407	0.01053	0.00854	0.02078	0.18708	0.02724	0.18968	0.18234	0.24595	0.01806	0.00938	0.00281	0.00478	0.01560	0.00804	0.00858
33	0.01055	0.00794	0.00944	0.00965	0.01128	0.00718	0.00682	0.01280	0.01852	0.02445	0.25908	0.21103	0.25568	0.10254	0.01351	0.00341	0.00460	0.01701	0.00769	0.00683
34	0.02806	0.03287	0.02104	0.01900	0.02300	0.54597	0.01432	0.03046	0.02301	0.06244	0.10416	0.02187	0.02029	0.00962	0.00768	0.00218	0.01264	0.00673	0.00521	0.00944
35	0.02099	0.02372	0.02959	0.02400	0.02741	0.19729	0.18103	0.02429	0.01707	0.02129	0.01354	0.01910	0.01178	0.01425	0.06705	0.00367	0.28317	0.00738	0.00393	0.00944
36	0.01123	0.00880	0.01025	0.01011	0.01234	0.00818	0.00749	0.01554	0.06884	0.02704	0.31007	0.15539	0.28718	0.01887	0.00959	0.00274	0.00426	0.01633	0.00816	0.00761
37	0.01919	0.01840	0.01452	0.01341	0.01677	0.19764	0.01038	0.09327	0.02182	0.02654	0.04187	0.04566	0.23490	0.01396	0.00818	0.00245	0.00782	0.05839	0.14626	0.00857
38	0.10460	0.01625	0.01836	0.01567	0.01920	0.04532	0.01261	0.15875	0.02130	0.13040	0.02648	0.10189	0.07029	0.01691	0.06338	0.00360	0.14857	0.00964	0.00659	0.01021
39	0.01031	0.00803	0.00886	0.00899	0.01082	0.00713	0.00630	0.01216	0.01752	0.02213	0.14987	0.14573	0.38583	0.15176	0.01567	0.00375	0.00485	0.01647	0.00724	0.00657
40	0.00975	0.00759	0.00887	0.00989	0.01140	0.00671	0.00691	0.01146	0.01689	0.02127	0.06188	0.42041	0.33171	0.02319	0.01001	0.00304	0.00443	0.02035	0.00753	0.00671
41	0.16519	0.01902	0.02520	0.01962	0.02538	0.02021	0.15205	0.29687	0.02614	0.03847	0.02077	0.11519	0.01809	0.01086	0.00817	0.00264	0.00891	0.00947	0.00655	0.01121
42	0.17188	0.07682	0.02135	0.01654	0.02160	0.18238	0.01325	0.22746	0.07535	0.03447	0.01862	0.07112	0.01573	0.01008	0.00728	0.00240	0.00925	0.00738	0.00617	0.01086
43	0.01733	0.08046	0.21441	0.01654	0.02298	0.01757	0.01670	0.06964	0.19063	0.03039	0.16326	0.03372	0.06962	0.01140	0.00820	0.00255	0.00774	0.00938	0.00651	0.01096
