[name]
unknown

[dist]
# distance from previous block
# <min> <max>
34	1820

[block]
# block no. 0 follows, 31 sequences, length 22
# corresponding to MSA columns:
# 2309-2330
name=unknown_A
#
# <colnr> <probs for GDERKNQSTAVLIFYWHMCP>
#	G	D	E	R	K	N	Q	S	T	A	V	L	I	F	Y	W	H	M	C	P
0	0.01886	0.04192	0.07216	0.23196	0.14826	0.24140	0.01688	0.08250	0.01744	0.02061	0.01232	0.01582	0.00978	0.00838	0.03140	0.00232	0.01015	0.00547	0.00360	0.00879
1	0.01956	0.07570	0.10492	0.01947	0.15127	0.17365	0.01431	0.02283	0.01675	0.14282	0.06855	0.04568	0.03635	0.00970	0.02931	0.00228	0.02833	0.00669	0.00472	0.02710
2	0.01763	0.11801	0.20546	0.09380	0.08611	0.11213	0.01657	0.05791	0.01576	0.07005	0.01368	0.01748	0.01106	0.05382	0.04239	0.00273	0.04706	0.00562	0.00377	0.00897
3	0.04191	0.13008	0.06157	0.01483	0.01943	0.09162	0.01287	0.22804	0.08900	0.10258	0.01594	0.01692	0.01210	0.01011	0.04121	0.00249	0.08844	0.00575	0.00525	0.00985
4	0.05247	0.05961	0.05972	0.01450	0.04587	0.13721	0.01173	0.19934	0.03881	0.02663	0.01943	0.02020	0.08676	0.00791	0.00619	0.00177	0.00735	0.00600	0.00489	0.19362
5	0.01916	0.15167	0.02359	0.10887	0.14200	0.03978	0.04066	0.11983	0.08849	0.09934	0.01603	0.01811	0.01240	0.01052	0.06019	0.00269	0.02628	0.00603	0.00470	0.00968
6	0.01744	0.62839	0.16370	0.01315	0.01980	0.02499	0.01423	0.02071	0.01400	0.01713	0.01003	0.01162	0.00876	0.00597	0.00478	0.00159	0.00784	0.00392	0.00292	0.00903
7	0.10083	0.16885	0.38762	0.10952	0.02809	0.01796	0.05633	0.02075	0.01403	0.02106	0.01152	0.01412	0.00870	0.00636	0.00598	0.00205	0.00900	0.00494	0.00309	0.00919
8	0.09543	0.00808	0.00778	0.00757	0.01018	0.00748	0.00577	0.01251	0.05609	0.02041	0.06035	0.05751	0.59622	0.01566	0.00760	0.00229	0.00378	0.01288	0.00616	0.00625
9	0.01238	0.09460	0.15273	0.01150	0.01575	0.05080	0.01106	0.01728	0.07659	0.02177	0.19743	0.04001	0.24810	0.01193	0.00718	0.00213	0.00578	0.00983	0.00549	0.00767
10	0.01497	0.01497	0.02095	0.01796	0.01796	0.02095	0.01497	0.01646	0.01048	0.01646	0.00898	0.01497	0.00898	0.01197	0.02245	0.00299	0.74704	0.00599	0.00299	0.00748
11	0.00975	0.00667	0.00740	0.00740	0.00765	0.00654	0.00426	0.00993	0.01056	0.01383	0.02674	0.04706	0.09968	0.67900	0.03192	0.00616	0.00629	0.01044	0.00439	0.00432
12	0.01865	0.09661	0.10269	0.02569	0.25258	0.03719	0.10266	0.18558	0.01974	0.02681	0.05500	0.01802	0.01366	0.00709	0.00674	0.00203	0.00837	0.00632	0.00439	0.01020
13	0.01179	0.00601	0.00901	0.00901	0.00906	0.00606	0.00606	0.00906	0.00901	0.01207	0.01218	0.02107	0.01212	0.02502	0.05897	0.76488	0.00651	0.00601	0.00300	0.00311
14	0.01450	0.09176	0.22860	0.08236	0.12406	0.01611	0.04248	0.04480	0.01404	0.01975	0.01350	0.01946	0.01174	0.09270	0.07491	0.00344	0.08766	0.00615	0.00337	0.00862
15	0.01566	0.04338	0.07796	0.05233	0.16306	0.01172	0.01274	0.01930	0.01587	0.09827	0.11965	0.02366	0.05139	0.00777	0.00638	0.00175	0.00615	0.00666	0.00482	0.26149
16	0.74979	0.06845	0.01195	0.00920	0.01355	0.01621	0.00773	0.02014	0.01181	0.02962	0.00952	0.01110	0.00751	0.00631	0.00425	0.00207	0.00544	0.00370	0.00414	0.00751
17	0.01159	0.00962	0.01621	0.01525	0.01768	0.00933	0.14204	0.01493	0.01541	0.02028	0.03213	0.17331	0.03470	0.01676	0.00907	0.00293	0.00694	0.43933	0.00576	0.00675
18	0.01243	0.01176	0.05143	0.01391	0.06515	0.07373	0.01031	0.01408	0.01280	0.01687	0.03988	0.07960	0.06372	0.02735	0.24827	0.15778	0.04443	0.04620	0.00405	0.00626
19	0.00843	0.00603	0.00803	0.00946	0.00994	0.00562	0.00636	0.00978	0.01356	0.01820	0.08742	0.70330	0.04667	0.02089	0.00868	0.00273	0.00391	0.01893	0.00644	0.00562
20	0.13308	0.10346	0.03675	0.09334	0.02180	0.18336	0.01251	0.11072	0.19248	0.02522	0.01564	0.01657	0.01206	0.00749	0.00606	0.00202	0.00800	0.00549	0.00478	0.00917
21	0.06260	0.34406	0.05668	0.01577	0.06554	0.09305	0.04417	0.13014	0.01755	0.02283	0.01152	0.01319	0.00950	0.00635	0.00544	0.00169	0.00790	0.00460	0.00385	0.08355

[dist]
# distance from previous block
# <min> <max>
0	1

[block]
# block no. 1 follows, 31 sequences, length 19
# corresponding to MSA columns:
# 2332-2350
name=unknown_B
#
# <colnr> <probs for GDERKNQSTAVLIFYWHMCP>
#	G	D	E	R	K	N	Q	S	T	A	V	L	I	F	Y	W	H	M	C	P
0	0.00961	0.00718	0.01066	0.01083	0.01196	0.00822	0.00831	0.01192	0.01123	0.01606	0.02048	0.10770	0.02023	0.04799	0.65213	0.01008	0.01673	0.00868	0.00396	0.00605
1	0.01308	0.01195	0.01948	0.37864	0.21292	0.01328	0.01635	0.01710	0.01536	0.02070	0.14870	0.02685	0.06020	0.00860	0.00713	0.00219	0.00742	0.00775	0.00417	0.00812
2	0.00946	0.00698	0.00884	0.00837	0.01008	0.00636	0.00628	0.01248	0.01884	0.02619	0.62361	0.05316	0.15500	0.01445	0.00807	0.00217	0.00326	0.01266	0.00737	0.00636
3	0.00909	0.00694	0.00923	0.01111	0.05040	0.00645	0.00737	0.01084	0.01431	0.01883	0.08684	0.49074	0.16031	0.01914	0.00852	0.00264	0.00426	0.07070	0.00626	0.00602
4	0.05723	0.19959	0.02431	0.20111	0.07062	0.11988	0.03752	0.06278	0.01617	0.08806	0.01278	0.01541	0.00997	0.00706	0.00695	0.00200	0.05054	0.00528	0.00393	0.00882
5	0.01463	0.01622	0.10050	0.03191	0.48315	0.01386	0.01805	0.01856	0.01525	0.02133	0.02273	0.08499	0.11139	0.00898	0.00709	0.00215	0.00735	0.00825	0.00399	0.00961
6	0.01037	0.00727	0.00917	0.00978	0.01152	0.00670	0.00774	0.01267	0.01573	0.05370	0.12029	0.20940	0.24696	0.01791	0.00861	0.00266	0.00460	0.23210	0.00657	0.00626
7	0.66546	0.01401	0.01178	0.01008	0.01453	0.01596	0.00831	0.11602	0.01487	0.06072	0.01122	0.01236	0.00840	0.00670	0.00471	0.00211	0.00563	0.00418	0.00478	0.00818
8	0.01546	0.40413	0.29306	0.01441	0.02127	0.02045	0.01624	0.01972	0.01402	0.01835	0.01369	0.09488	0.01278	0.00783	0.00567	0.00188	0.00800	0.00594	0.00329	0.00893
9	0.80789	0.01323	0.01006	0.00900	0.01323	0.01535	0.00741	0.02011	0.01164	0.03070	0.00953	0.01111	0.00741	0.00635	0.00423	0.00212	0.00529	0.00370	0.00423	0.00741
10	0.01702	0.01470	0.01547	0.01392	0.01779	0.01702	0.01083	0.03635	0.70453	0.02862	0.02785	0.02553	0.02088	0.00928	0.00696	0.00232	0.00541	0.00773	0.00696	0.01083
11	0.00995	0.00663	0.00746	0.00746	0.00746	0.00663	0.00415	0.00995	0.00995	0.01327	0.02156	0.04477	0.02487	0.75957	0.03482	0.00663	0.00663	0.00995	0.00415	0.00415
12	0.80789	0.01323	0.01006	0.00900	0.01323	0.01535	0.00741	0.02011	0.01164	0.03070	0.00953	0.01111	0.00741	0.00635	0.00423	0.00212	0.00529	0.00370	0.00423	0.00741
13	0.01290	0.01152	0.01895	0.66135	0.04277	0.01422	0.01742	0.01731	0.01375	0.01837	0.01329	0.01905	0.01005	0.00697	0.00661	0.00220	0.00846	0.00611	0.09122	0.00746
14	0.00968	0.00699	0.00914	0.00861	0.01022	0.00646	0.00646	0.01291	0.01937	0.02743	0.71328	0.05110	0.06455	0.01399	0.00807	0.00215	0.00323	0.01237	0.00753	0.00646
15	0.00864	0.00608	0.00785	0.00914	0.00946	0.00576	0.00594	0.00961	0.01251	0.01668	0.03468	0.62205	0.04143	0.15969	0.01362	0.00350	0.00447	0.01767	0.00594	0.00529
16	0.01222	0.01790	0.22629	0.20630	0.02660	0.03560	0.01624	0.01642	0.01356	0.01854	0.01951	0.22575	0.01965	0.01375	0.04958	0.00291	0.05793	0.00957	0.00398	0.00769
17	0.01275	0.00638	0.00638	0.00638	0.00797	0.00638	0.00478	0.01594	0.01435	0.02551	0.02232	0.02551	0.01754	0.00797	0.00478	0.00159	0.00319	0.00638	0.79755	0.00638
18	0.01584	0.02279	0.34519	0.01859	0.04612	0.01335	0.12497	0.02133	0.01551	0.12777	0.05376	0.10102	0.01749	0.01029	0.03276	0.00256	0.00888	0.00790	0.00449	0.00939

[dist]
# distance from previous block
# <min> <max>
0	2

[block]
# block no. 2 follows, 31 sequences, length 9
# corresponding to MSA columns:
# 2353-2361
name=unknown_C
#
# <colnr> <probs for GDERKNQSTAVLIFYWHMCP>
#	G	D	E	R	K	N	Q	S	T	A	V	L	I	F	Y	W	H	M	C	P
0	0.04350	0.08285	0.02377	0.08659	0.35555	0.01594	0.03947	0.01854	0.01446	0.02072	0.05585	0.06085	0.01577	0.01088	0.05378	0.00272	0.07895	0.00706	0.00375	0.00902
1	0.01657	0.05420	0.11206	0.13942	0.02374	0.16221	0.01404	0.02337	0.16001	0.04348	0.02049	0.12724	0.01855	0.01012	0.00698	0.00224	0.00805	0.04395	0.00477	0.00851
2	0.30152	0.01735	0.06715	0.08166	0.16855	0.05072	0.17672	0.02096	0.01426	0.02454	0.01169	0.01493	0.00912	0.00624	0.00613	0.00214	0.00833	0.00556	0.00366	0.00877
3	0.01478	0.01637	0.10483	0.23302	0.23445	0.01509	0.07852	0.02118	0.09067	0.02193	0.04775	0.02017	0.01404	0.00715	0.00685	0.00216	0.00815	0.00664	0.04702	0.00923
4	0.01543	0.11088	0.08859	0.02381	0.17804	0.05127	0.17419	0.01927	0.01438	0.01947	0.01440	0.06353	0.01296	0.01325	0.09942	0.00329	0.07849	0.00707	0.00349	0.00876
5	0.00969	0.00690	0.00901	0.00886	0.00988	0.00690	0.00627	0.01175	0.01462	0.02048	0.33414	0.08808	0.04239	0.22513	0.17067	0.00530	0.00744	0.01107	0.00571	0.00570
6	0.03070	0.01164	0.01588	0.01217	0.01746	0.01006	0.01006	0.03334	0.01958	0.72163	0.02699	0.02329	0.01694	0.00847	0.00688	0.00212	0.00582	0.00688	0.00847	0.01164
7	0.00906	0.00691	0.00832	0.00809	0.00987	0.00617	0.00602	0.01165	0.01770	0.02379	0.45349	0.09895	0.28396	0.01557	0.00812	0.00224	0.00335	0.01350	0.00706	0.00617
8	0.01693	0.01626	0.02777	0.04199	0.71689	0.01626	0.02100	0.02100	0.01558	0.02235	0.01287	0.01693	0.01084	0.00610	0.00677	0.00203	0.00813	0.00610	0.00339	0.01084

[dist]
# distance from previous block
# <min> <max>
0	2

[block]
# block no. 3 follows, 31 sequences, length 28
# corresponding to MSA columns:
# 2364-2391
name=unknown_D
#
# <colnr> <probs for GDERKNQSTAVLIFYWHMCP>
#	G	D	E	R	K	N	Q	S	T	A	V	L	I	F	Y	W	H	M	C	P
0	0.00968	0.00699	0.00914	0.00861	0.01022	0.00646	0.00646	0.01291	0.01937	0.02743	0.71328	0.05110	0.06455	0.01399	0.00807	0.00215	0.00323	0.01237	0.00753	0.00646
1	0.00939	0.00698	0.00874	0.00830	0.01004	0.00633	0.00622	0.01234	0.01867	0.02579	0.59484	0.05381	0.18402	0.01460	0.00807	0.00218	0.00327	0.01275	0.00731	0.00633
2	0.01353	0.01278	0.02162	0.63627	0.14919	0.01536	0.01930	0.01802	0.01397	0.01822	0.01227	0.01804	0.00938	0.00673	0.00683	0.00224	0.00897	0.00608	0.00309	0.00809
3	0.02043	0.54883	0.03101	0.01345	0.01861	0.23427	0.01215	0.02249	0.01551	0.01629	0.00982	0.01138	0.00879	0.00620	0.00491	0.00155	0.00879	0.00388	0.00310	0.00853
4	0.09642	0.00767	0.00904	0.00850	0.01046	0.00736	0.00645	0.01342	0.01819	0.02698	0.57876	0.04808	0.11675	0.01346	0.00765	0.00216	0.00347	0.01161	0.00707	0.00650
5	0.01835	0.07828	0.17135	0.04506	0.15756	0.01754	0.08809	0.12022	0.14039	0.07057	0.01664	0.01802	0.01241	0.00717	0.00672	0.00211	0.00815	0.00625	0.00470	0.01042
6	0.01475	0.01647	0.10026	0.35955	0.33639	0.01573	0.02055	0.01946	0.01459	0.02005	0.01248	0.01726	0.00982	0.00648	0.00677	0.00216	0.00880	0.00598	0.00317	0.00928
7	0.00977	0.00733	0.01100	0.01100	0.01222	0.00855	0.00855	0.01222	0.01100	0.01588	0.01833	0.02688	0.01710	0.05131	0.73245	0.01100	0.01833	0.00733	0.00367	0.00611
8	0.01694	0.01382	0.01611	0.01628	0.09301	0.01535	0.01140	0.03186	0.51348	0.06668	0.10383	0.02736	0.02452	0.00942	0.00706	0.00226	0.00548	0.00803	0.00672	0.01038
9	0.02232	0.02088	0.15104	0.02083	0.12210	0.04114	0.07809	0.28463	0.02264	0.14372	0.01645	0.01730	0.01163	0.00738	0.00687	0.00209	0.00834	0.00618	0.00547	0.01090
10	0.02851	0.01515	0.01805	0.01384	0.01922	0.01527	0.01143	0.34185	0.02546	0.40482	0.02206	0.02008	0.01446	0.00835	0.00686	0.00209	0.00662	0.00654	0.00771	0.01164
11	0.03070	0.01164	0.01588	0.01217	0.01746	0.01006	0.01006	0.03334	0.01958	0.72163	0.02699	0.02329	0.01694	0.00847	0.00688	0.00212	0.00582	0.00688	0.00847	0.01164
12	0.01612	0.01949	0.14873	0.07346	0.52310	0.01620	0.06128	0.02099	0.01532	0.02196	0.01279	0.01666	0.01035	0.00618	0.00681	0.00208	0.00872	0.00603	0.00329	0.01045
13	0.00838	0.00698	0.00752	0.00749	0.00963	0.00612	0.00565	0.01029	0.01535	0.01881	0.10785	0.06059	0.59377	0.02080	0.08693	0.00324	0.00507	0.01352	0.00614	0.00586
14	0.01372	0.03539	0.72412	0.01950	0.02961	0.01589	0.02528	0.02167	0.01444	0.02167	0.01228	0.01444	0.00867	0.00650	0.00650	0.00217	0.01011	0.00506	0.00289	0.01011
15	0.07916	0.01070	0.01396	0.01115	0.01554	0.00960	0.00906	0.02781	0.01899	0.51730	0.18102	0.02874	0.02705	0.00957	0.00697	0.00212	0.00520	0.00790	0.00797	0.01018
16	0.01737	0.40991	0.27125	0.01620	0.05251	0.06207	0.01692	0.04766	0.01518	0.01938	0.01094	0.01272	0.00894	0.00625	0.00542	0.00177	0.00861	0.00439	0.00312	0.00939
17	0.00830	0.00694	0.00727	0.00746	0.00962	0.00591	0.00566	0.01010	0.01546	0.01856	0.06527	0.10528	0.63039	0.01766	0.00822	0.00239	0.00369	0.05967	0.00635	0.00580
18	0.00834	0.00595	0.00794	0.00953	0.00992	0.00556	0.00635	0.00953	0.01310	0.01746	0.03771	0.75510	0.04525	0.02143	0.00873	0.00278	0.00397	0.01945	0.00635	0.00556
19	0.01294	0.01263	0.04699	0.37882	0.15717	0.01328	0.03713	0.01686	0.01417	0.01891	0.03418	0.09399	0.01756	0.05142	0.00884	0.00259	0.00806	0.06279	0.00386	0.00781
20	0.01606	0.37362	0.14909	0.01992	0.18944	0.02019	0.01560	0.01965	0.01459	0.01884	0.01732	0.01900	0.08604	0.00727	0.00574	0.00182	0.00758	0.00567	0.00341	0.00918
21	0.00827	0.00687	0.00722	0.00727	0.00939	0.00583	0.00540	0.01012	0.01582	0.01934	0.13336	0.10867	0.60442	0.01725	0.00813	0.00232	0.00347	0.01455	0.00647	0.00583
22	0.01888	0.02073	0.02394	0.08721	0.14592	0.26910	0.15690	0.02217	0.01632	0.03994	0.01351	0.01794	0.01121	0.03663	0.08677	0.00315	0.01142	0.00620	0.00363	0.00847
23	0.01766	0.01964	0.09914	0.11112	0.17439	0.15016	0.01614	0.11369	0.04024	0.02312	0.01775	0.07447	0.01620	0.00939	0.00711	0.00222	0.00859	0.08550	0.00446	0.00901
24	0.01657	0.09265	0.07316	0.09996	0.10744	0.10414	0.01432	0.09800	0.01715	0.02223	0.09550	0.05090	0.05675	0.00949	0.00893	0.00217	0.11050	0.00726	0.00439	0.00849
25	0.01885	0.63284	0.03304	0.01278	0.01798	0.10339	0.01209	0.02095	0.01426	0.01619	0.00959	0.01140	0.00880	0.00640	0.00582	0.00160	0.05851	0.00390	0.00300	0.00860
26	0.03993	0.01582	0.11853	0.05592	0.03668	0.08860	0.01154	0.01908	0.01594	0.12302	0.10696	0.04747	0.12825	0.05913	0.03234	0.00262	0.00709	0.00825	0.00521	0.07763
27	0.06581	0.01711	0.05965	0.11214	0.22327	0.10419	0.03286	0.05750	0.01562	0.05573	0.01416	0.01956	0.01203	0.08805	0.04170	0.00294	0.03778	0.00617	0.00392	0.02979

[dist]
# distance from previous block
# <min> <max>
0	95

[block]
# block no. 4 follows, 31 sequences, length 14
# corresponding to MSA columns:
# 2487-2500
name=unknown_E
#
# <colnr> <probs for GDERKNQSTAVLIFYWHMCP>
#	G	D	E	R	K	N	Q	S	T	A	V	L	I	F	Y	W	H	M	C	P
0	0.01966	0.02673	0.21430	0.01728	0.02273	0.28873	0.04757	0.08255	0.04132	0.04754	0.01397	0.01639	0.01093	0.01302	0.10412	0.00320	0.01158	0.00551	0.00396	0.00892
1	0.02487	0.02194	0.02239	0.01753	0.02274	0.17173	0.08493	0.48137	0.02776	0.03527	0.01491	0.01577	0.01090	0.00771	0.00683	0.00202	0.00897	0.00599	0.00578	0.01059
2	0.09361	0.01896	0.01800	0.07280	0.06411	0.24377	0.01313	0.01983	0.01404	0.01818	0.01173	0.01682	0.01057	0.04247	0.10676	0.00359	0.21505	0.00560	0.00344	0.00754
3	0.01176	0.00649	0.00649	0.00649	0.00824	0.00625	0.00487	0.01464	0.01461	0.02401	0.03229	0.03407	0.16542	0.00996	0.00548	0.00175	0.00325	0.00809	0.62957	0.00625
4	0.00951	0.00699	0.00891	0.00843	0.01012	0.00638	0.00632	0.01258	0.01897	0.02649	0.64511	0.05266	0.13331	0.01434	0.00807	0.00217	0.00325	0.01259	0.00741	0.00638
5	0.01254	0.01005	0.01409	0.16654	0.08313	0.01058	0.01129	0.07925	0.01767	0.02398	0.23307	0.10054	0.09773	0.01246	0.00767	0.00231	0.00570	0.07418	0.02979	0.00743
6	0.00864	0.00625	0.00859	0.00984	0.01041	0.00619	0.00682	0.01010	0.01265	0.01713	0.03359	0.60049	0.03927	0.02778	0.16238	0.00452	0.00702	0.01688	0.00578	0.00567
7	0.01226	0.01112	0.01584	0.04229	0.01605	0.01453	0.01180	0.01409	0.01120	0.01651	0.01674	0.14634	0.01757	0.02465	0.22242	0.00522	0.38215	0.00870	0.00377	0.00676
8	0.18715	0.48103	0.02760	0.01213	0.01725	0.14351	0.01105	0.02156	0.01435	0.01930	0.00969	0.01123	0.00849	0.00616	0.00466	0.00165	0.00773	0.00379	0.00331	0.00835
9	0.02202	0.01382	0.01751	0.07967	0.10718	0.06631	0.01232	0.08092	0.01755	0.28880	0.02153	0.02246	0.05769	0.01035	0.01017	0.08673	0.06316	0.00678	0.00572	0.00931
10	0.00995	0.00663	0.00746	0.00746	0.00746	0.00663	0.00415	0.00995	0.00995	0.01327	0.02156	0.04477	0.02487	0.75957	0.03482	0.00663	0.00663	0.00995	0.00415	0.00415
11	0.01022	0.00769	0.01037	0.01149	0.01271	0.00784	0.00936	0.01257	0.01466	0.01917	0.03840	0.26001	0.11049	0.01899	0.00993	0.00295	0.05252	0.37838	0.00611	0.00611
12	0.01087	0.00881	0.01256	0.01194	0.01274	0.01084	0.00926	0.01278	0.01074	0.01564	0.01685	0.02690	0.01650	0.14115	0.48967	0.00874	0.16686	0.00742	0.00359	0.00612
13	0.06635	0.01962	0.12710	0.10279	0.16350	0.13612	0.01637	0.01964	0.01414	0.01942	0.01249	0.01695	0.01055	0.01475	0.12961	0.00366	0.10948	0.00569	0.00334	0.00842

[dist]
# distance from previous block
# <min> <max>
0	1

[block]
# block no. 5 follows, 31 sequences, length 65
# corresponding to MSA columns:
# 2502-2566
name=unknown_F
#
# <colnr> <probs for GDERKNQSTAVLIFYWHMCP>
#	G	D	E	R	K	N	Q	S	T	A	V	L	I	F	Y	W	H	M	C	P
0	0.01627	0.11046	0.02321	0.42564	0.10895	0.05037	0.01713	0.10073	0.01629	0.02086	0.01222	0.01656	0.00954	0.00701	0.00710	0.00213	0.03769	0.00570	0.00354	0.00859
1	0.01659	0.01804	0.01907	0.01668	0.01772	0.17877	0.01351	0.01817	0.01304	0.01675	0.01594	0.01995	0.08616	0.01146	0.01723	0.00264	0.50085	0.00656	0.00348	0.00740
2	0.01086	0.00782	0.01079	0.01227	0.01389	0.00775	0.01069	0.01392	0.01574	0.02036	0.03812	0.07652	0.07802	0.01881	0.00937	0.00310	0.00614	0.63324	0.00630	0.00627
3	0.01275	0.00638	0.00638	0.00638	0.00797	0.00638	0.00478	0.01594	0.01435	0.02551	0.02232	0.02551	0.01754	0.00797	0.00478	0.00159	0.00319	0.00638	0.79755	0.00638
4	0.00834	0.00595	0.00794	0.00953	0.00992	0.00556	0.00635	0.00953	0.01310	0.01746	0.03771	0.75510	0.04525	0.02143	0.00873	0.00278	0.00397	0.01945	0.00635	0.00556
5	0.01027	0.00714	0.00923	0.00862	0.01040	0.00653	0.00649	0.01339	0.01913	0.04968	0.64969	0.05113	0.10438	0.01402	0.00803	0.00216	0.00333	0.01232	0.00749	0.00658
6	0.01048	0.00724	0.00807	0.00795	0.00824	0.00742	0.00465	0.01195	0.06260	0.01443	0.02203	0.04331	0.02457	0.70269	0.03271	0.00631	0.00654	0.00978	0.00436	0.00465
7	0.01372	0.03539	0.72412	0.01950	0.02961	0.01589	0.02528	0.02167	0.01444	0.02167	0.01228	0.01444	0.00867	0.00650	0.00650	0.00217	0.01011	0.00506	0.00289	0.01011
8	0.01608	0.01478	0.02175	0.05029	0.33385	0.05098	0.06640	0.04166	0.01613	0.02322	0.05408	0.01938	0.01445	0.00672	0.00638	0.00182	0.00720	0.00620	0.10207	0.14657
9	0.00834	0.00595	0.00794	0.00953	0.00992	0.00556	0.00635	0.00953	0.01310	0.01746	0.03771	0.75510	0.04525	0.02143	0.00873	0.00278	0.00397	0.01945	0.00635	0.00556
10	0.80789	0.01323	0.01006	0.00900	0.01323	0.01535	0.00741	0.02011	0.01164	0.03070	0.00953	0.01111	0.00741	0.00635	0.00423	0.00212	0.00529	0.00370	0.00423	0.00741
11	0.01578	0.09587	0.02120	0.01860	0.16801	0.01367	0.05378	0.05714	0.01556	0.02260	0.01343	0.04554	0.01169	0.00628	0.00580	0.00149	0.00647	0.00546	0.00401	0.41764
12	0.02601	0.01916	0.02053	0.01574	0.02122	0.02122	0.01300	0.69408	0.03217	0.04312	0.01643	0.01643	0.01163	0.00821	0.00684	0.00205	0.00753	0.00616	0.00684	0.01163
13	0.00834	0.00595	0.00794	0.00953	0.00992	0.00556	0.00635	0.00953	0.01310	0.01746	0.03771	0.75510	0.04525	0.02143	0.00873	0.00278	0.00397	0.01945	0.00635	0.00556
14	0.00978	0.00728	0.01076	0.01076	0.01191	0.00843	0.00826	0.01207	0.01093	0.01571	0.01854	0.02804	0.01761	0.09746	0.68700	0.01071	0.01756	0.00750	0.00370	0.00598
15	0.01708	0.51558	0.18480	0.01607	0.05333	0.02342	0.06664	0.02087	0.01427	0.01803	0.01059	0.01256	0.00897	0.00600	0.00523	0.00171	0.00828	0.00441	0.00298	0.00920
16	0.00934	0.00657	0.00770	0.00797	0.00855	0.00628	0.00503	0.01021	0.01249	0.01656	0.11658	0.19717	0.12207	0.41782	0.02263	0.00472	0.00525	0.01281	0.00531	0.00494
17	0.00851	0.00622	0.00804	0.00943	0.01016	0.00576	0.00656	0.00992	0.01362	0.01782	0.04163	0.61569	0.13022	0.02072	0.00870	0.00275	0.00408	0.06818	0.00635	0.00564
18	0.04828	0.08489	0.11454	0.03868	0.09586	0.01596	0.01371	0.10979	0.17312	0.06909	0.08941	0.02239	0.01891	0.01154	0.06162	0.00277	0.00768	0.00680	0.00531	0.00966
19	0.14398	0.08967	0.10783	0.11598	0.24034	0.01671	0.10116	0.02136	0.01474	0.06774	0.01289	0.01590	0.00995	0.00637	0.00628	0.00208	0.00823	0.00565	0.00371	0.00945
20	0.02556	0.03261	0.01939	0.01763	0.02115	0.73210	0.01322	0.02732	0.01939	0.01674	0.01058	0.01234	0.00881	0.00705	0.00617	0.00176	0.01234	0.00441	0.00353	0.00793
21	0.01852	0.31411	0.02501	0.01652	0.10334	0.17804	0.01240	0.02094	0.01506	0.01856	0.01217	0.01474	0.01047	0.00709	0.00692	0.00177	0.08052	0.00479	0.13071	0.00833
22	0.01270	0.00881	0.01150	0.01090	0.01253	0.00964	0.00829	0.09538	0.01401	0.04660	0.02056	0.03355	0.01997	0.21089	0.39473	0.00793	0.01282	0.05809	0.00455	0.00654
23	0.01660	0.01740	0.02392	0.30560	0.27128	0.13960	0.06684	0.02050	0.01548	0.01935	0.01292	0.03607	0.01069	0.00692	0.00684	0.00212	0.00937	0.00629	0.00336	0.00883
24	0.74773	0.01315	0.01037	0.00908	0.01346	0.01488	0.00746	0.01989	0.01184	0.03006	0.00973	0.01135	0.00762	0.00625	0.00430	0.00203	0.00528	0.00373	0.00422	0.06759
25	0.00985	0.00669	0.00764	0.00764	0.00781	0.00670	0.00445	0.01007	0.01027	0.01365	0.02354	0.04470	0.05575	0.68526	0.07357	0.00669	0.00716	0.01000	0.00422	0.00433
26	0.01118	0.00912	0.01318	0.01185	0.01269	0.01035	0.05933	0.01253	0.01089	0.01528	0.01863	0.06108	0.01991	0.36949	0.20153	0.00660	0.13799	0.00885	0.00386	0.00565
27	0.00876	0.00655	0.00824	0.00942	0.01052	0.00603	0.00690	0.01044	0.01422	0.01827	0.04555	0.45519	0.21595	0.01992	0.00870	0.00273	0.00426	0.13625	0.00634	0.00575
28	0.05336	0.02184	0.27135	0.06024	0.07791	0.01485	0.06007	0.10126	0.01800	0.22875	0.01707	0.01777	0.01167	0.00721	0.00670	0.00214	0.00825	0.00599	0.00511	0.01048
29	0.01829	0.76368	0.03585	0.01171	0.01756	0.02707	0.01171	0.02049	0.01390	0.01610	0.00951	0.01097	0.00878	0.00585	0.00439	0.00146	0.00732	0.00366	0.00293	0.00878
30	0.00809	0.00693	0.00693	0.00693	0.00924	0.00578	0.00520	0.00982	0.01559	0.01848	0.06931	0.06584	0.71411	0.01733	0.00809	0.00231	0.00347	0.01444	0.00635	0.00578
31	0.01472	0.01543	0.03067	0.17772	0.12194	0.01537	0.38041	0.01966	0.01584	0.02145	0.08037	0.02270	0.03654	0.00715	0.00765	0.00225	0.00957	0.00800	0.00383	0.00873
32	0.01528	0.04095	0.08051	0.04189	0.10870	0.13621	0.05386	0.04532	0.04990	0.02137	0.10516	0.12034	0.10565	0.01095	0.00774	0.00219	0.03171	0.00928	0.00486	0.00813
33	0.00911	0.00710	0.00857	0.00861	0.01041	0.00666	0.00661	0.01137	0.01542	0.02001	0.19798	0.05612	0.35126	0.05341	0.13476	0.00404	0.00641	0.08013	0.00605	0.00597
34	0.02742	0.01100	0.01440	0.01129	0.01595	0.00981	0.00925	0.05368	0.01912	0.57711	0.02581	0.02343	0.01685	0.00837	0.00652	0.00202	0.00543	0.00677	0.14504	0.01073
35	0.01262	0.01510	0.13139	0.10844	0.20211	0.01234	0.04334	0.01655	0.01403	0.01929	0.02395	0.02826	0.13383	0.04278	0.16188	0.00420	0.01001	0.00784	0.00387	0.00816
36	0.01589	0.07787	0.15842	0.02592	0.03331	0.01780	0.52502	0.02176	0.01568	0.02143	0.01324	0.01719	0.00996	0.00590	0.00752	0.00222	0.01097	0.00722	0.00332	0.00935
37	0.12857	0.00847	0.00900	0.00924	0.01121	0.00868	0.00698	0.01511	0.08189	0.02156	0.03617	0.19584	0.17572	0.08277	0.00984	0.00282	0.00468	0.10139	0.08360	0.00645
38	0.00834	0.00595	0.00794	0.00953	0.00992	0.00556	0.00635	0.00953	0.01310	0.01746	0.03771	0.75510	0.04525	0.02143	0.00873	0.00278	0.00397	0.01945	0.00635	0.00556
39	0.01584	0.01485	0.02159	0.02606	0.31036	0.05900	0.08139	0.07030	0.05831	0.02248	0.02309	0.11327	0.08532	0.01045	0.00810	0.03356	0.00743	0.02502	0.00459	0.00900
40	0.21873	0.01229	0.01397	0.01129	0.01594	0.01222	0.00923	0.06684	0.06783	0.41003	0.02181	0.02024	0.01463	0.00796	0.00608	0.00209	0.00556	0.00608	0.06704	0.01015
41	0.00834	0.00595	0.00794	0.00953	0.00992	0.00556	0.00635	0.00953	0.01310	0.01746	0.03771	0.75510	0.04525	0.02143	0.00873	0.00278	0.00397	0.01945	0.00635	0.00556
42	0.02576	0.01532	0.01837	0.01440	0.01909	0.06022	0.04214	0.21995	0.02244	0.35192	0.07318	0.02197	0.01769	0.00882	0.00796	0.00214	0.05402	0.00693	0.00704	0.01064
43	0.00992	0.00675	0.00807	0.00807	0.00829	0.00696	0.00491	0.01034	0.01013	0.01372	0.02100	0.04167	0.02353	0.63693	0.15562	0.00739	0.00866	0.00950	0.00406	0.00449
44	0.00867	0.00619	0.00832	0.00991	0.01045	0.00584	0.00693	0.01010	0.01343	0.01784	0.03752	0.67126	0.04452	0.02112	0.00882	0.00282	0.00426	0.10001	0.00634	0.00565
45	0.01439	0.01397	0.02218	0.54770	0.20398	0.04518	0.01923	0.01872	0.01436	0.01860	0.01226	0.01769	0.00951	0.00667	0.00680	0.00220	0.00902	0.00601	0.00314	0.00838
46	0.01697	0.11050	0.11123	0.05141	0.39929	0.03592	0.04077	0.02115	0.01577	0.05700	0.06351	0.01864	0.01438	0.00684	0.00657	0.00200	0.00805	0.00618	0.00382	0.00999
47	0.01309	0.01127	0.01247	0.01511	0.13899	0.08754	0.00947	0.01574	0.01566	0.02128	0.07214	0.11418	0.17938	0.01222	0.00699	0.00213	0.00546	0.05921	0.20053	0.00713
48	0.07563	0.01406	0.02300	0.30571	0.33938	0.01530	0.04039	0.01984	0.01466	0.04358	0.01313	0.01752	0.01031	0.00653	0.00659	0.00213	0.00817	0.00601	0.02889	0.00917
49	0.00838	0.00606	0.00794	0.00934	0.00990	0.00561	0.00629	0.00970	0.01353	0.01798	0.07022	0.68362	0.08444	0.02086	0.00867	0.00272	0.00391	0.01884	0.00640	0.00561
50	0.01618	0.01198	0.01317	0.01177	0.01527	0.01283	0.00916	0.02828	0.41176	0.11222	0.10969	0.03586	0.16016	0.01126	0.00729	0.00228	0.00485	0.00944	0.00709	0.00947
51	0.01497	0.01497	0.02095	0.01796	0.01796	0.02095	0.01497	0.01646	0.01048	0.01646	0.00898	0.01497	0.00898	0.01197	0.02245	0.00299	0.74704	0.00599	0.00299	0.00748
52	0.01702	0.01470	0.01547	0.01392	0.01779	0.01702	0.01083	0.03635	0.70453	0.02862	0.02785	0.02553	0.02088	0.00928	0.00696	0.00232	0.00541	0.00773	0.00696	0.01083
53	0.01829	0.76368	0.03585	0.01171	0.01756	0.02707	0.01171	0.02049	0.01390	0.01610	0.00951	0.01097	0.00878	0.00585	0.00439	0.00146	0.00732	0.00366	0.00293	0.00878
54	0.00830	0.00609	0.00780	0.00917	0.00983	0.00559	0.00619	0.00957	0.01344	0.01760	0.04200	0.66150	0.13608	0.02088	0.00864	0.00271	0.00390	0.01877	0.00635	0.00559
55	0.01693	0.01626	0.02777	0.04199	0.71689	0.01626	0.02100	0.02100	0.01558	0.02235	0.01287	0.01693	0.01084	0.00610	0.00677	0.00203	0.00813	0.00610	0.00339	0.01084
56	0.01280	0.01069	0.01271	0.00999	0.01473	0.00828	0.00769	0.01541	0.01393	0.02115	0.01820	0.18931	0.01843	0.00894	0.00593	0.00143	0.00481	0.00769	0.00460	0.61328
57	0.01372	0.03539	0.72412	0.01950	0.02961	0.01589	0.02528	0.02167	0.01444	0.02167	0.01228	0.01444	0.00867	0.00650	0.00650	0.00217	0.01011	0.00506	0.00289	0.01011
58	0.02556	0.03261	0.01939	0.01763	0.02115	0.73210	0.01322	0.02732	0.01939	0.01674	0.01058	0.01234	0.00881	0.00705	0.00617	0.00176	0.01234	0.00441	0.00353	0.00793
59	0.00834	0.00694	0.00729	0.00720	0.00940	0.00588	0.00540	0.01032	0.01620	0.01992	0.17297	0.06347	0.60955	0.01679	0.00808	0.00228	0.00343	0.01411	0.00654	0.00588
60	0.00834	0.00595	0.00794	0.00953	0.00992	0.00556	0.00635	0.00953	0.01310	0.01746	0.03771	0.75510	0.04525	0.02143	0.00873	0.00278	0.00397	0.01945	0.00635	0.00556
61	0.00865	0.00609	0.00785	0.00912	0.00944	0.00577	0.00592	0.00961	0.01249	0.01665	0.03457	0.61695	0.04129	0.16499	0.01381	0.00353	0.00449	0.01760	0.00592	0.00528
62	0.01433	0.14296	0.04916	0.01392	0.01785	0.01504	0.09432	0.02281	0.23698	0.02371	0.17291	0.11680	0.02949	0.01066	0.00709	0.00218	0.00604	0.00941	0.00571	0.00865
63	0.11477	0.36038	0.04977	0.01051	0.01500	0.04007	0.00980	0.05468	0.01490	0.02230	0.01375	0.01569	0.01131	0.00672	0.00475	0.00165	0.00613	0.00467	0.23505	0.00809
64	0.21128	0.14146	0.10577	0.05439	0.01993	0.10297	0.01209	0.04682	0.01486	0.02313	0.01107	0.01303	0.00890	0.00615	0.00523	0.00170	0.00733	0.00427	0.00376	0.20587

[dist]
# distance from previous block
# <min> <max>
7	17

[block]
# block no. 6 follows, 31 sequences, length 42
# corresponding to MSA columns:
# 2587-2628
name=unknown_G
#
# <colnr> <probs for GDERKNQSTAVLIFYWHMCP>
#	G	D	E	R	K	N	Q	S	T	A	V	L	I	F	Y	W	H	M	C	P
0	0.12568	0.01163	0.01397	0.01435	0.08384	0.01193	0.01044	0.09503	0.07866	0.07274	0.12195	0.03900	0.07313	0.01155	0.00724	0.00231	0.00568	0.16013	0.00603	0.05470
1	0.01295	0.08569	0.04441	0.07168	0.04700	0.01240	0.08095	0.01682	0.05331	0.01941	0.02270	0.16372	0.02343	0.08182	0.01035	0.00272	0.02583	0.12664	0.00469	0.09348
2	0.01105	0.00905	0.01054	0.01022	0.01242	0.00964	0.00777	0.01759	0.19639	0.02014	0.03910	0.08262	0.25274	0.04836	0.23507	0.00519	0.00875	0.01060	0.00561	0.00716
3	0.01250	0.01133	0.01926	0.19707	0.18783	0.01203	0.08065	0.01577	0.01371	0.01867	0.01996	0.20007	0.02019	0.04450	0.11197	0.00375	0.00909	0.00987	0.00410	0.00768
4	0.01324	0.01278	0.02248	0.67275	0.04600	0.01541	0.08531	0.01792	0.01392	0.01792	0.01233	0.01826	0.00924	0.00673	0.00696	0.00228	0.00936	0.00628	0.00308	0.00776
5	0.01530	0.01292	0.01476	0.01094	0.01673	0.01082	0.00874	0.06497	0.09309	0.02441	0.01421	0.01561	0.01144	0.00575	0.00540	0.00123	0.00527	0.00461	0.00457	0.65922
6	0.02242	0.03399	0.01774	0.05997	0.14391	0.08236	0.01212	0.02540	0.01801	0.33457	0.10745	0.02525	0.04148	0.00867	0.00683	0.00205	0.00663	0.00725	0.03408	0.00981
7	0.01996	0.01726	0.02057	0.17162	0.04739	0.08776	0.06434	0.24146	0.14522	0.05066	0.01802	0.02145	0.01392	0.00829	0.00702	0.00220	0.00816	0.03949	0.00540	0.00980
8	0.02056	0.01227	0.01550	0.01409	0.06357	0.01181	0.01059	0.10985	0.09677	0.25337	0.09664	0.03120	0.04495	0.00993	0.00709	0.00211	0.00576	0.07932	0.00680	0.10781
9	0.26619	0.26008	0.13275	0.01453	0.02006	0.01999	0.08657	0.02031	0.01318	0.02223	0.01036	0.01276	0.00852	0.00670	0.00684	0.00202	0.08044	0.00460	0.00340	0.00847
10	0.00878	0.00696	0.00790	0.00766	0.00967	0.00607	0.00575	0.01117	0.01724	0.02239	0.35016	0.05941	0.43082	0.01587	0.00808	0.00224	0.00336	0.01354	0.00687	0.00607
11	0.01641	0.01573	0.02683	0.13270	0.63024	0.01612	0.02074	0.02054	0.01533	0.02172	0.01278	0.01710	0.01061	0.00619	0.00678	0.00206	0.00826	0.00609	0.00334	0.01042
12	0.00839	0.00657	0.00760	0.00814	0.00963	0.00578	0.00580	0.01010	0.01512	0.01924	0.13984	0.32710	0.37544	0.01847	0.00833	0.00247	0.00363	0.01609	0.00650	0.00578
13	0.01031	0.00739	0.00781	0.00745	0.01005	0.00620	0.00568	0.01214	0.01599	0.08776	0.06514	0.06165	0.64543	0.01645	0.00797	0.00229	0.00370	0.01369	0.00656	0.00635
14	0.01829	0.76368	0.03585	0.01171	0.01756	0.02707	0.01171	0.02049	0.01390	0.01610	0.00951	0.01097	0.00878	0.00585	0.00439	0.00146	0.00732	0.00366	0.00293	0.00878
15	0.00995	0.00663	0.00746	0.00746	0.00746	0.00663	0.00415	0.00995	0.00995	0.01327	0.02156	0.04477	0.02487	0.75957	0.03482	0.00663	0.00663	0.00995	0.00415	0.00415
16	0.80789	0.01323	0.01006	0.00900	0.01323	0.01535	0.00741	0.02011	0.01164	0.03070	0.00953	0.01111	0.00741	0.00635	0.00423	0.00212	0.00529	0.00370	0.00423	0.00741
17	0.10112	0.01553	0.01649	0.01304	0.01768	0.01686	0.01068	0.44030	0.02569	0.10586	0.01785	0.01821	0.01280	0.00801	0.00622	0.00198	0.00636	0.00603	0.14900	0.01027
18	0.02954	0.01190	0.01584	0.01232	0.01749	0.01064	0.01012	0.03360	0.07736	0.66317	0.02706	0.02347	0.01727	0.00854	0.00689	0.00213	0.00579	0.00695	0.00834	0.01157
19	0.01436	0.01233	0.01296	0.01186	0.01522	0.01362	0.00916	0.02839	0.49468	0.02589	0.06614	0.03723	0.20631	0.01160	0.00730	0.00231	0.00481	0.00970	0.00682	0.00932
20	0.00988	0.00692	0.00894	0.00894	0.00945	0.00744	0.00599	0.01090	0.01039	0.01436	0.02020	0.03727	0.02162	0.46280	0.32714	0.00846	0.01153	0.00885	0.00394	0.00497
21	0.01644	0.09915	0.46606	0.01994	0.09818	0.04149	0.02095	0.02253	0.01537	0.09020	0.03804	0.01646	0.01168	0.00687	0.00641	0.00207	0.00905	0.00544	0.00368	0.01001
22	0.01758	0.50609	0.08790	0.08529	0.02174	0.02399	0.01394	0.06526	0.01482	0.01854	0.01041	0.01274	0.00902	0.00677	0.00676	0.00179	0.08092	0.00441	0.00321	0.00884
23	0.07454	0.52403	0.20889	0.01349	0.02031	0.02338	0.01484	0.02076	0.01387	0.01857	0.01022	0.01187	0.00865	0.00605	0.00491	0.00169	0.00788	0.00402	0.00301	0.00902
24	0.01047	0.01054	0.08183	0.01224	0.01427	0.01000	0.01057	0.01340	0.01130	0.01649	0.01718	0.02496	0.01580	0.04460	0.61945	0.00966	0.06009	0.00703	0.00355	0.00658
25	0.01497	0.01497	0.02095	0.01796	0.01796	0.02095	0.01497	0.01646	0.01048	0.01646	0.00898	0.01497	0.00898	0.01197	0.02245	0.00299	0.74704	0.00599	0.00299	0.00748
26	0.28580	0.01592	0.01564	0.01257	0.01724	0.01779	0.01033	0.40220	0.02356	0.03723	0.01470	0.01555	0.01080	0.00757	0.00577	0.00203	0.00635	0.00536	0.08387	0.00971
27	0.02415	0.01751	0.01910	0.01467	0.02012	0.01869	0.01204	0.52446	0.07053	0.07908	0.01718	0.01709	0.01231	0.00787	0.00662	0.00193	0.00697	0.00602	0.00657	0.11707
28	0.00834	0.00657	0.00753	0.00808	0.00960	0.00576	0.00576	0.01001	0.01502	0.01898	0.12109	0.32472	0.39721	0.01855	0.00833	0.00247	0.00363	0.01613	0.00647	0.00576
29	0.00809	0.00693	0.00693	0.00693	0.00924	0.00578	0.00520	0.00982	0.01559	0.01848	0.06931	0.06584	0.71411	0.01733	0.00809	0.00231	0.00347	0.01444	0.00635	0.00578
30	0.02556	0.03261	0.01939	0.01763	0.02115	0.73210	0.01322	0.02732	0.01939	0.01674	0.01058	0.01234	0.00881	0.00705	0.00617	0.00176	0.01234	0.00441	0.00353	0.00793
31	0.01702	0.01470	0.01547	0.01392	0.01779	0.01702	0.01083	0.03635	0.70453	0.02862	0.02785	0.02553	0.02088	0.00928	0.00696	0.00232	0.00541	0.00773	0.00696	0.01083
32	0.01292	0.01216	0.02052	0.74312	0.04712	0.01520	0.01900	0.01748	0.01368	0.01748	0.01216	0.01824	0.00912	0.00684	0.00684	0.00228	0.00912	0.00608	0.00304	0.00760
33	0.01615	0.01845	0.04037	0.02884	0.03576	0.01730	0.69204	0.02191	0.01615	0.02191	0.01384	0.01845	0.01038	0.00577	0.00807	0.00231	0.01153	0.00807	0.00346	0.00923
34	0.00977	0.00733	0.01100	0.01100	0.01222	0.00855	0.00855	0.01222	0.01100	0.01588	0.01833	0.02688	0.01710	0.05131	0.73245	0.01100	0.01833	0.00733	0.00367	0.00611
35	0.01292	0.01216	0.02052	0.74312	0.04712	0.01520	0.01900	0.01748	0.01368	0.01748	0.01216	0.01824	0.00912	0.00684	0.00684	0.00228	0.00912	0.00608	0.00304	0.00760
36	0.02972	0.01321	0.01685	0.01292	0.01825	0.01238	0.01067	0.17091	0.02220	0.58036	0.02479	0.02186	0.01583	0.00841	0.00687	0.00210	0.00618	0.00673	0.00813	0.01164
37	0.01419	0.01216	0.01419	0.01013	0.01621	0.00912	0.00811	0.01723	0.01419	0.02229	0.01216	0.01419	0.01013	0.00507	0.00507	0.00101	0.00507	0.00405	0.00405	0.80139
38	0.01372	0.03539	0.72412	0.01950	0.02961	0.01589	0.02528	0.02167	0.01444	0.02167	0.01228	0.01444	0.00867	0.00650	0.00650	0.00217	0.01011	0.00506	0.00289	0.01011
39	0.00968	0.00699	0.00914	0.00861	0.01022	0.00646	0.00646	0.01291	0.01937	0.02743	0.71328	0.05110	0.06455	0.01399	0.00807	0.00215	0.00323	0.01237	0.00753	0.00646
40	0.00809	0.00693	0.00693	0.00693	0.00924	0.00578	0.00520	0.00982	0.01559	0.01848	0.06931	0.06584	0.71411	0.01733	0.00809	0.00231	0.00347	0.01444	0.00635	0.00578
41	0.00843	0.00599	0.00791	0.00941	0.00978	0.00562	0.00622	0.00955	0.01291	0.01722	0.03676	0.71360	0.04406	0.06456	0.01026	0.00300	0.00412	0.01889	0.00622	0.00547

[dist]
# distance from previous block
# <min> <max>
0	19

[block]
# block no. 7 follows, 31 sequences, length 56
# corresponding to MSA columns:
# 2648-2703
name=unknown_H
#
# <colnr> <probs for GDERKNQSTAVLIFYWHMCP>
#	G	D	E	R	K	N	Q	S	T	A	V	L	I	F	Y	W	H	M	C	P
0	0.15051	0.46617	0.02768	0.01266	0.01770	0.19244	0.01135	0.02205	0.01483	0.01866	0.00977	0.01132	0.00856	0.00622	0.00479	0.00164	0.00817	0.00384	0.00328	0.00835
1	0.00827	0.00643	0.00752	0.00833	0.00963	0.00568	0.00584	0.00977	0.01442	0.01824	0.07378	0.42258	0.34644	0.01935	0.00842	0.00255	0.00372	0.01697	0.00639	0.00568
2	0.80789	0.01323	0.01006	0.00900	0.01323	0.01535	0.00741	0.02011	0.01164	0.03070	0.00953	0.01111	0.00741	0.00635	0.00423	0.00212	0.00529	0.00370	0.00423	0.00741
3	0.01188	0.00594	0.00891	0.00891	0.00891	0.00594	0.00594	0.00891	0.00891	0.01188	0.01188	0.02080	0.01188	0.02377	0.02674	0.80095	0.00594	0.00594	0.00297	0.00297
4	0.02108	0.45750	0.02924	0.01344	0.01893	0.07959	0.01217	0.22032	0.04731	0.02462	0.01237	0.01327	0.01011	0.00678	0.00535	0.00169	0.00769	0.00462	0.00429	0.00964
5	0.01046	0.00962	0.06564	0.01158	0.01370	0.00833	0.01017	0.01356	0.01445	0.01966	0.11523	0.05219	0.07745	0.05679	0.22281	0.00534	0.00958	0.27166	0.00533	0.00644
6	0.02638	0.01769	0.04279	0.01492	0.02045	0.01815	0.01261	0.48413	0.05537	0.20728	0.01932	0.01840	0.01320	0.00826	0.00685	0.00208	0.00711	0.00636	0.00711	0.01155
7	0.02598	0.01993	0.02047	0.01585	0.02121	0.06202	0.01302	0.65581	0.03143	0.04160	0.01609	0.01619	0.01147	0.00815	0.00681	0.00204	0.00780	0.00606	0.00665	0.01142
8	0.01829	0.76368	0.03585	0.01171	0.01756	0.02707	0.01171	0.02049	0.01390	0.01610	0.00951	0.01097	0.00878	0.00585	0.00439	0.00146	0.00732	0.00366	0.00293	0.00878
9	0.01030	0.00737	0.01012	0.01126	0.01265	0.00719	0.00930	0.01313	0.01605	0.02140	0.17581	0.18563	0.04554	0.01831	0.00905	0.00288	0.00528	0.42595	0.00656	0.00621
10	0.01188	0.00594	0.00891	0.00891	0.00891	0.00594	0.00594	0.00891	0.00891	0.01188	0.01188	0.02080	0.01188	0.02377	0.02674	0.80095	0.00594	0.00594	0.00297	0.00297
11	0.11728	0.01847	0.01931	0.01495	0.02028	0.02053	0.01235	0.61540	0.02977	0.04167	0.01562	0.01581	0.01114	0.00800	0.00654	0.00206	0.00727	0.00587	0.00654	0.01114
12	0.00896	0.00622	0.00775	0.00872	0.00896	0.00598	0.00549	0.00969	0.01187	0.01583	0.03142	0.47847	0.03731	0.30889	0.01889	0.00428	0.00501	0.01575	0.00549	0.00501
13	0.80789	0.01323	0.01006	0.00900	0.01323	0.01535	0.00741	0.02011	0.01164	0.03070	0.00953	0.01111	0.00741	0.00635	0.00423	0.00212	0.00529	0.00370	0.00423	0.00741
14	0.01275	0.00638	0.00638	0.00638	0.00797	0.00638	0.00478	0.01594	0.01435	0.02551	0.02232	0.02551	0.01754	0.00797	0.00478	0.00159	0.00319	0.00638	0.79755	0.00638
15	0.00975	0.00824	0.00860	0.00828	0.01078	0.00773	0.00628	0.01460	0.13167	0.02113	0.13008	0.05752	0.52939	0.01562	0.00790	0.00230	0.00377	0.01310	0.00658	0.00670
16	0.00844	0.00603	0.00803	0.00945	0.00995	0.00563	0.00636	0.00979	0.01358	0.01824	0.09007	0.70053	0.04675	0.02086	0.00868	0.00273	0.00391	0.01890	0.00644	0.00563
17	0.01366	0.00820	0.01093	0.01118	0.01331	0.00778	0.00932	0.01634	0.01623	0.13238	0.09871	0.06250	0.10682	0.07403	0.01074	0.00308	0.00568	0.38558	0.00660	0.00695
18	0.01372	0.03539	0.72412	0.01950	0.02961	0.01589	0.02528	0.02167	0.01444	0.02167	0.01228	0.01444	0.00867	0.00650	0.00650	0.00217	0.01011	0.00506	0.00289	0.01011
19	0.00841	0.00612	0.00796	0.00939	0.01002	0.00566	0.00641	0.00973	0.01344	0.01767	0.04070	0.66327	0.10960	0.02094	0.00870	0.00275	0.00401	0.04327	0.00635	0.00561
20	0.00977	0.00733	0.01100	0.01100	0.01222	0.00855	0.00855	0.01222	0.01100	0.01588	0.01833	0.02688	0.01710	0.05131	0.73245	0.01100	0.01833	0.00733	0.00367	0.00611
21	0.01808	0.01446	0.01550	0.01379	0.01776	0.01648	0.01077	0.03612	0.65144	0.08234	0.02778	0.02535	0.02058	0.00922	0.00696	0.00230	0.00545	0.00767	0.00708	0.01089
22	0.80789	0.01323	0.01006	0.00900	0.01323	0.01535	0.00741	0.02011	0.01164	0.03070	0.00953	0.01111	0.00741	0.00635	0.00423	0.00212	0.00529	0.00370	0.00423	0.00741
23	0.01888	0.24829	0.02482	0.01607	0.04722	0.19230	0.06477	0.04467	0.01649	0.04001	0.07703	0.01940	0.01576	0.00820	0.00781	0.00195	0.08786	0.02628	0.03383	0.00835
24	0.00848	0.00607	0.00807	0.00942	0.00996	0.00566	0.00636	0.00990	0.01379	0.01857	0.11229	0.67738	0.04738	0.02061	0.00866	0.00271	0.00389	0.01867	0.00648	0.00566
25	0.00834	0.00595	0.00794	0.00953	0.00992	0.00556	0.00635	0.00953	0.01310	0.01746	0.03771	0.75510	0.04525	0.02143	0.00873	0.00278	0.00397	0.01945	0.00635	0.00556
26	0.00995	0.00663	0.00746	0.00746	0.00746	0.00663	0.00415	0.00995	0.00995	0.01327	0.02156	0.04477	0.02487	0.75957	0.03482	0.00663	0.00663	0.00995	0.00415	0.00415
27	0.07115	0.01523	0.02147	0.44729	0.20852	0.08468	0.01812	0.01949	0.01456	0.01955	0.01200	0.01684	0.00940	0.00664	0.00657	0.00216	0.00891	0.00575	0.00326	0.00842
28	0.01702	0.01470	0.01547	0.01392	0.01779	0.01702	0.01083	0.03635	0.70453	0.02862	0.02785	0.02553	0.02088	0.00928	0.00696	0.00232	0.00541	0.00773	0.00696	0.01083
29	0.01497	0.01497	0.02095	0.01796	0.01796	0.02095	0.01497	0.01646	0.01048	0.01646	0.00898	0.01497	0.00898	0.01197	0.02245	0.00299	0.74704	0.00599	0.00299	0.00748
30	0.01804	0.14202	0.41173	0.01720	0.02530	0.01917	0.01959	0.21941	0.01958	0.02713	0.01308	0.01450	0.00956	0.00691	0.00628	0.00203	0.00892	0.00517	0.00406	0.01036
31	0.01497	0.01497	0.02095	0.01796	0.01796	0.02095	0.01497	0.01646	0.01048	0.01646	0.00898	0.01497	0.00898	0.01197	0.02245	0.00299	0.74704	0.00599	0.00299	0.00748
32	0.00891	0.00636	0.00860	0.01018	0.01083	0.00605	0.00735	0.01052	0.01366	0.01811	0.03739	0.61021	0.04399	0.02089	0.00889	0.00286	0.00447	0.15867	0.00634	0.00572
33	0.01372	0.03539	0.72412	0.01950	0.02961	0.01589	0.02528	0.02167	0.01444	0.02167	0.01228	0.01444	0.00867	0.00650	0.00650	0.00217	0.01011	0.00506	0.00289	0.01011
