[name]
unknown

[dist]
# distance from previous block
# <min> <max>
0	100

[block]
# block no. 0 follows, 25 sequences, length 19
# corresponding to MSA columns:
# 180-198
name=unknown_A
#
# <colnr> <probs for GDERKNQSTAVLIFYWHMCP>
#	G	D	E	R	K	N	Q	S	T	A	V	L	I	F	Y	W	H	M	C	P
0	0.05726	0.01515	0.01809	0.01990	0.14218	0.05785	0.01308	0.10036	0.01859	0.02568	0.02468	0.03864	0.06186	0.13148	0.01427	0.00335	0.04912	0.11568	0.00538	0.08739
1	0.09747	0.01709	0.06406	0.16783	0.15762	0.01641	0.01699	0.08528	0.04982	0.11300	0.01852	0.02314	0.01440	0.00851	0.00737	0.00236	0.00826	0.03790	0.00538	0.08859
2	0.01667	0.01778	0.07397	0.32860	0.27696	0.01856	0.02228	0.02146	0.01589	0.02203	0.01362	0.01934	0.01099	0.00817	0.00998	0.00258	0.10061	0.00680	0.00357	0.01014
3	0.01860	0.01619	0.02621	0.03319	0.37040	0.01680	0.06364	0.02419	0.07854	0.06636	0.01838	0.02401	0.01552	0.06562	0.08089	0.00384	0.05433	0.00776	0.00467	0.01087
4	0.00989	0.00767	0.00961	0.01008	0.01169	0.00738	0.00740	0.01202	0.01576	0.02055	0.09546	0.24644	0.27653	0.03113	0.19561	0.00542	0.00863	0.01564	0.00647	0.00663
5	0.01055	0.00791	0.00977	0.00930	0.01132	0.00713	0.00698	0.01380	0.02093	0.02869	0.53371	0.06188	0.21600	0.01675	0.00915	0.00248	0.00372	0.01458	0.00822	0.00713
6	0.00978	0.00715	0.00920	0.01024	0.01124	0.00657	0.00709	0.01174	0.01683	0.02260	0.19688	0.49563	0.12284	0.02179	0.00964	0.00292	0.00424	0.01953	0.00752	0.00657
7	0.02073	0.73217	0.04063	0.01327	0.01990	0.03068	0.01327	0.02322	0.01575	0.01824	0.01078	0.01244	0.00995	0.00663	0.00498	0.00166	0.00829	0.00415	0.00332	0.00995
8	0.02221	0.01667	0.01812	0.01571	0.02047	0.01870	0.01238	0.09668	0.52482	0.11798	0.03025	0.02766	0.02213	0.01029	0.00787	0.00257	0.00641	0.00848	0.00810	0.01248
9	0.53909	0.02129	0.01488	0.01324	0.01790	0.20164	0.01051	0.05780	0.01678	0.03124	0.01152	0.01328	0.00908	0.00752	0.00555	0.00229	0.00829	0.00456	0.00473	0.00881
10	0.07787	0.01451	0.01765	0.01384	0.01929	0.01406	0.01135	0.16975	0.02445	0.42362	0.07267	0.02620	0.02110	0.00980	0.00758	0.00236	0.00662	0.00781	0.04731	0.01217
11	0.01042	0.00776	0.00973	0.00991	0.01120	0.00768	0.00704	0.01231	0.01500	0.01999	0.12271	0.14715	0.18836	0.18559	0.20353	0.00643	0.00936	0.01355	0.00599	0.00631
12	0.01207	0.01046	0.00988	0.01038	0.01228	0.07737	0.00759	0.01411	0.01703	0.02138	0.05167	0.27948	0.28965	0.01891	0.00886	0.00270	0.00530	0.05178	0.09228	0.00682
13	0.01587	0.01504	0.02548	0.52976	0.22288	0.01755	0.02215	0.02089	0.01609	0.02131	0.01400	0.02027	0.01086	0.00752	0.00773	0.00251	0.01003	0.00690	0.00355	0.00961
14	0.01624	0.01059	0.01238	0.01161	0.01383	0.01077	0.00848	0.15139	0.02010	0.06623	0.07818	0.29758	0.03551	0.11747	0.01288	0.00332	0.00574	0.01396	0.10559	0.00814
15	0.19951	0.01679	0.02325	0.02904	0.30833	0.01786	0.04938	0.02691	0.16227	0.02888	0.01891	0.05347	0.01576	0.00860	0.00722	0.00246	0.00773	0.00752	0.00514	0.01098
16	0.01756	0.24576	0.02673	0.15502	0.07111	0.02100	0.01511	0.06122	0.06363	0.02198	0.01576	0.02027	0.01343	0.01878	0.15560	0.00442	0.05254	0.00645	0.00418	0.00948
17	0.06733	0.00933	0.01131	0.01148	0.01248	0.01018	0.00830	0.01309	0.01422	0.02023	0.03870	0.34691	0.14682	0.12030	0.01614	0.00366	0.12113	0.01572	0.00604	0.00663
18	0.01758	0.39178	0.11774	0.01428	0.01969	0.07098	0.01382	0.02060	0.01605	0.01957	0.01994	0.20539	0.02113	0.01161	0.00678	0.00219	0.00811	0.00927	0.00441	0.00909

[dist]
# distance from previous block
# <min> <max>
0	3

[block]
# block no. 1 follows, 25 sequences, length 23
# corresponding to MSA columns:
# 202-204,207-226
name=unknown_B
#
# <colnr> <probs for GDERKNQSTAVLIFYWHMCP>
#	G	D	E	R	K	N	Q	S	T	A	V	L	I	F	Y	W	H	M	C	P
0	0.04808	0.28713	0.08455	0.10260	0.02366	0.05357	0.01441	0.02248	0.01593	0.06778	0.01544	0.01883	0.01268	0.01434	0.09749	0.00343	0.03267	0.00583	0.06974	0.00936
1	0.01760	0.14151	0.16194	0.11116	0.22116	0.01819	0.01953	0.02258	0.01770	0.05566	0.11841	0.02409	0.02105	0.00860	0.00740	0.00229	0.00866	0.00736	0.00460	0.01052
2	0.01054	0.00716	0.00840	0.00926	0.01025	0.00671	0.00623	0.01213	0.01496	0.02065	0.04320	0.37208	0.15634	0.14504	0.01425	0.00360	0.00478	0.01668	0.13152	0.00621
3	0.01124	0.00854	0.01177	0.01180	0.01269	0.00951	0.00867	0.01327	0.01398	0.01967	0.10886	0.19391	0.03410	0.14624	0.29003	0.00748	0.07370	0.01250	0.00543	0.00662
4	0.01592	0.01118	0.01286	0.01165	0.01483	0.01139	0.00898	0.02501	0.22439	0.09666	0.27895	0.04676	0.14526	0.01379	0.00843	0.00249	0.00478	0.01176	0.04552	0.00936
5	0.01757	0.01492	0.01622	0.01428	0.01858	0.01626	0.01110	0.03426	0.48114	0.03131	0.13057	0.03185	0.02990	0.01075	0.00781	0.00241	0.00570	0.00906	0.00757	0.10874
6	0.01797	0.02001	0.13098	0.10328	0.05942	0.01549	0.07178	0.10671	0.01908	0.02763	0.01466	0.01761	0.01136	0.00686	0.00692	0.00188	0.00843	0.00590	0.00457	0.34946
7	0.41049	0.01802	0.01797	0.01658	0.07707	0.02018	0.01232	0.27805	0.02300	0.03965	0.01429	0.01561	0.01068	0.00803	0.00625	0.00236	0.00731	0.00556	0.00591	0.01068
8	0.01063	0.00791	0.00989	0.00940	0.01137	0.00717	0.00705	0.01397	0.02114	0.02918	0.56288	0.06106	0.18652	0.01656	0.00915	0.00247	0.00371	0.01446	0.00828	0.00717
9	0.01492	0.00946	0.01244	0.01369	0.07009	0.00855	0.00930	0.01732	0.01790	0.13789	0.08342	0.24539	0.25069	0.01803	0.00911	0.00276	0.00522	0.05821	0.00740	0.00821
10	0.02188	0.01650	0.04780	0.13654	0.27147	0.01608	0.01820	0.07974	0.04149	0.17455	0.02143	0.08307	0.01733	0.00952	0.00791	0.00246	0.00831	0.00846	0.00582	0.01143
11	0.01555	0.04011	0.68733	0.02210	0.03356	0.01801	0.02865	0.02455	0.01637	0.02455	0.01391	0.01637	0.00982	0.00737	0.00737	0.00246	0.01146	0.00573	0.00327	0.01146
12	0.00938	0.00786	0.00815	0.00808	0.01061	0.00664	0.00606	0.01155	0.01818	0.02216	0.14987	0.07262	0.60392	0.01918	0.00916	0.00260	0.00390	0.01608	0.00736	0.00664
13	0.05485	0.02187	0.16330	0.17763	0.22302	0.01875	0.11116	0.02266	0.01621	0.02370	0.01379	0.01862	0.01088	0.00783	0.00952	0.00255	0.08269	0.00683	0.00365	0.01049
14	0.01934	0.45043	0.03561	0.14066	0.17163	0.02565	0.01702	0.02276	0.01613	0.02008	0.01214	0.01535	0.01053	0.00689	0.00605	0.00196	0.00885	0.00523	0.00345	0.01024
15	0.01791	0.01692	0.12794	0.02203	0.16938	0.01367	0.01586	0.02167	0.01568	0.13078	0.01992	0.02745	0.01711	0.13357	0.17601	0.00562	0.04606	0.00788	0.00489	0.00965
16	0.02012	0.01634	0.02512	0.23999	0.19581	0.01838	0.04310	0.06969	0.07058	0.10610	0.01745	0.02107	0.01323	0.00880	0.01005	0.00258	0.09862	0.00724	0.00498	0.01077
17	0.02644	0.20206	0.02643	0.01565	0.02151	0.01929	0.06682	0.13177	0.05244	0.27216	0.02181	0.02287	0.01602	0.05944	0.00942	0.00259	0.00795	0.00712	0.00675	0.01147
18	0.01713	0.07820	0.02410	0.26358	0.21757	0.05245	0.01781	0.02083	0.01635	0.04600	0.01850	0.10543	0.01733	0.06049	0.00995	0.00280	0.00899	0.00871	0.00434	0.00941
19	0.02332	0.07711	0.12851	0.07477	0.12496	0.24119	0.01787	0.02734	0.01902	0.10624	0.01526	0.01731	0.01164	0.00762	0.00706	0.00211	0.01052	0.00580	0.00454	0.07781
20	0.01819	0.01512	0.02178	0.07677	0.18149	0.01560	0.01543	0.02166	0.01647	0.08183	0.06155	0.02125	0.01636	0.00892	0.01102	0.00222	0.15878	0.00676	0.00478	0.24402
21	0.06523	0.00832	0.01007	0.01102	0.01250	0.00818	0.00806	0.01427	0.04834	0.02334	0.11812	0.42394	0.10560	0.02063	0.00938	0.00299	0.00485	0.09098	0.00721	0.00699
22	0.15323	0.02242	0.10778	0.01804	0.06771	0.10926	0.01462	0.21371	0.04092	0.03189	0.01745	0.04746	0.01496	0.09481	0.01096	0.00297	0.00892	0.00720	0.00548	0.01020

[dist]
# distance from previous block
# <min> <max>
4	10

[block]
# block no. 2 follows, 25 sequences, length 65
# corresponding to MSA columns:
# 237-301
name=unknown_C
#
# <colnr> <probs for GDERKNQSTAVLIFYWHMCP>
#	G	D	E	R	K	N	Q	S	T	A	V	L	I	F	Y	W	H	M	C	P
0	0.01822	0.01517	0.01770	0.12529	0.06814	0.06809	0.01335	0.08244	0.17526	0.06661	0.02822	0.23450	0.02685	0.01364	0.00837	0.00267	0.00737	0.01184	0.00650	0.00978
1	0.01159	0.00933	0.01107	0.01025	0.01335	0.00771	0.00753	0.01391	0.01639	0.02259	0.08576	0.29941	0.18723	0.01672	0.00835	0.00234	0.00470	0.01460	0.00646	0.25070
2	0.01912	0.02189	0.09359	0.02273	0.09296	0.10854	0.14706	0.06594	0.17712	0.02682	0.02819	0.02906	0.11217	0.00992	0.00813	0.00247	0.00932	0.00884	0.00554	0.01058
3	0.01108	0.01262	0.10879	0.01097	0.01446	0.00864	0.01000	0.01499	0.01979	0.02696	0.39125	0.05706	0.25276	0.01579	0.00889	0.00250	0.00489	0.01354	0.00735	0.00768
4	0.01714	0.01382	0.07007	0.25370	0.03009	0.01293	0.01548	0.02225	0.04511	0.13710	0.13952	0.07587	0.03022	0.01229	0.00849	0.00268	0.00769	0.09008	0.00626	0.00923
5	0.01929	0.15555	0.20104	0.08988	0.02914	0.09097	0.06919	0.06088	0.09527	0.02471	0.01562	0.01780	0.01206	0.00760	0.00701	0.00218	0.00983	0.00608	0.00435	0.08154
6	0.02129	0.01302	0.01595	0.01190	0.01788	0.01040	0.00944	0.02428	0.01748	0.22374	0.01985	0.02241	0.01537	0.07384	0.00949	0.00212	0.00617	0.00618	0.00612	0.47306
7	0.08877	0.05307	0.19446	0.01668	0.02322	0.01904	0.01635	0.23283	0.10675	0.03473	0.08701	0.05292	0.02094	0.00998	0.00753	0.00242	0.00808	0.00789	0.00620	0.01115
8	0.01672	0.14661	0.39726	0.08567	0.06832	0.01959	0.06209	0.02352	0.01636	0.02319	0.01353	0.01654	0.01026	0.00709	0.00702	0.00225	0.01041	0.00577	0.00346	0.06433
9	0.02184	0.13391	0.18078	0.07592	0.05602	0.06149	0.09077	0.12376	0.02089	0.10560	0.04404	0.01989	0.01452	0.00813	0.00741	0.00230	0.00976	0.00676	0.00511	0.01107
10	0.01956	0.58946	0.09097	0.01330	0.01978	0.02688	0.01364	0.02273	0.01587	0.02002	0.01274	0.01469	0.01110	0.00698	0.00523	0.00174	0.00801	0.00464	0.09293	0.00976
11	0.01218	0.00900	0.01152	0.01363	0.09059	0.00845	0.00890	0.01523	0.01795	0.02521	0.16419	0.10728	0.23378	0.01564	0.00837	0.00250	0.00478	0.06988	0.17334	0.00756
12	0.08009	0.06195	0.10192	0.10081	0.06652	0.14205	0.01621	0.09801	0.02095	0.18428	0.04151	0.02027	0.01487	0.00850	0.00725	0.00230	0.00931	0.00654	0.00578	0.01087
13	0.01238	0.00873	0.01107	0.03594	0.03453	0.00915	0.00743	0.01438	0.06244	0.01736	0.02407	0.09484	0.02592	0.42117	0.09236	0.09825	0.00846	0.01081	0.00486	0.00585
14	0.01583	0.00903	0.01172	0.01041	0.01321	0.00810	0.00803	0.01918	0.02156	0.16847	0.47709	0.05296	0.12381	0.01492	0.00886	0.00245	0.00431	0.01294	0.00862	0.00848
15	0.01863	0.06229	0.06509	0.24621	0.34826	0.01930	0.02188	0.08094	0.01854	0.02532	0.01444	0.01903	0.01148	0.00740	0.00752	0.00236	0.00956	0.00667	0.00402	0.01104
16	0.01836	0.01931	0.06732	0.16443	0.23780	0.06571	0.07834	0.07183	0.01801	0.02426	0.01511	0.02029	0.01235	0.01399	0.09289	0.00368	0.05489	0.00707	0.00407	0.01029
17	0.01128	0.00752	0.00846	0.00846	0.00846	0.00752	0.00470	0.01128	0.01128	0.01503	0.02443	0.05074	0.02819	0.72751	0.03946	0.00752	0.00752	0.01128	0.00470	0.00470
18	0.03236	0.01709	0.02040	0.01564	0.02173	0.01717	0.01292	0.31887	0.02871	0.39422	0.02512	0.02284	0.01645	0.00946	0.00778	0.00237	0.00748	0.00742	0.00876	0.01319
19	0.04965	0.01680	0.02589	0.05795	0.28461	0.01654	0.06248	0.09531	0.02106	0.26033	0.02058	0.02164	0.01457	0.00813	0.00774	0.00238	0.00844	0.00730	0.00630	0.01229
20	0.01294	0.01413	0.11807	0.01579	0.05731	0.01059	0.01280	0.06510	0.01732	0.02358	0.03439	0.43760	0.03860	0.01905	0.00929	0.00297	0.00651	0.08942	0.00641	0.00812
21	0.01929	0.01666	0.01753	0.01578	0.02016	0.01929	0.01227	0.04120	0.66513	0.03243	0.03156	0.02893	0.02367	0.01052	0.00789	0.00263	0.00614	0.00877	0.00789	0.01227
22	0.78228	0.01499	0.01140	0.01020	0.01499	0.01739	0.00840	0.02279	0.01320	0.03479	0.01080	0.01260	0.00840	0.00720	0.00480	0.00240	0.00600	0.00420	0.00480	0.00840
23	0.02073	0.73217	0.04063	0.01327	0.01990	0.03068	0.01327	0.02322	0.01575	0.01824	0.01078	0.01244	0.00995	0.00663	0.00498	0.00166	0.00829	0.00415	0.00332	0.00995
24	0.01155	0.00846	0.01121	0.04987	0.01441	0.00881	0.00852	0.05136	0.01521	0.02050	0.03276	0.40833	0.03721	0.13871	0.14025	0.00546	0.00853	0.01607	0.00607	0.00671
25	0.31759	0.14614	0.01987	0.01462	0.07830	0.01741	0.01089	0.02150	0.01498	0.02748	0.01338	0.04473	0.01178	0.00738	0.00559	0.00193	0.00658	0.00532	0.00448	0.23004
26	0.01930	0.01276	0.01435	0.01224	0.01491	0.01346	0.00885	0.20932	0.04809	0.08820	0.02342	0.03713	0.02232	0.38988	0.04810	0.00543	0.00813	0.00944	0.00620	0.00846
27	0.00945	0.00675	0.00900	0.01080	0.01125	0.00630	0.00720	0.01080	0.01484	0.01979	0.04274	0.72245	0.05128	0.02429	0.00990	0.00315	0.00450	0.02204	0.00720	0.00630
28	0.02947	0.02172	0.02327	0.01784	0.02404	0.02404	0.01474	0.65329	0.03646	0.04887	0.01862	0.01862	0.01319	0.00931	0.00776	0.00233	0.00853	0.00698	0.00776	0.01319
29	0.02114	0.11134	0.25072	0.01868	0.02642	0.06631	0.06832	0.11896	0.04385	0.09545	0.02056	0.02148	0.05292	0.00857	0.00736	0.00228	0.00955	0.00687	0.00516	0.04405
30	0.02108	0.01918	0.01722	0.01543	0.01938	0.16306	0.01188	0.03384	0.35717	0.08076	0.14526	0.03081	0.02943	0.01088	0.00792	0.00244	0.00742	0.00884	0.00730	0.01073
31	0.02073	0.73217	0.04063	0.01327	0.01990	0.03068	0.01327	0.02322	0.01575	0.01824	0.01078	0.01244	0.00995	0.00663	0.00498	0.00166	0.00829	0.00415	0.00332	0.00995
32	0.00984	0.00777	0.00852	0.00890	0.01077	0.00689	0.00647	0.01157	0.01635	0.02009	0.06234	0.14924	0.44166	0.13113	0.01414	0.00354	0.00485	0.07287	0.00680	0.00628
33	0.18452	0.16661	0.21653	0.04664	0.02619	0.02157	0.06369	0.09943	0.01782	0.02791	0.01308	0.01559	0.01013	0.00776	0.00764	0.00234	0.05243	0.00560	0.00422	0.01033
34	0.01373	0.00817	0.01017	0.00944	0.01159	0.00762	0.00716	0.01733	0.02053	0.08213	0.46009	0.04810	0.05544	0.01364	0.00810	0.00228	0.00388	0.01181	0.20104	0.00776
35	0.00916	0.00785	0.00785	0.00785	0.01047	0.00655	0.00589	0.01113	0.01767	0.02095	0.07855	0.07462	0.67599	0.01964	0.00916	0.00262	0.00393	0.01636	0.00720	0.00655
36	0.03479	0.01320	0.01799	0.01380	0.01979	0.01140	0.01140	0.03779	0.02219	0.68451	0.03059	0.02639	0.01919	0.00960	0.00780	0.00240	0.00660	0.00780	0.00960	0.01320
37	0.01180	0.00735	0.00983	0.01107	0.01204	0.00677	0.00759	0.01330	0.01553	0.08144	0.04161	0.65790	0.04831	0.02293	0.00970	0.00308	0.00469	0.02072	0.00742	0.00694
38	0.02023	0.01713	0.01806	0.01597	0.02052	0.01973	0.01250	0.09796	0.60683	0.03396	0.03036	0.02797	0.02270	0.01041	0.00788	0.00260	0.00636	0.00860	0.00788	0.01236
39	0.01083	0.00826	0.01211	0.08538	0.01685	0.00899	0.00979	0.01340	0.01456	0.02008	0.08898	0.29271	0.03543	0.03613	0.30118	0.00698	0.01195	0.01386	0.00563	0.00690
40	0.01852	0.01459	0.01910	0.19307	0.07964	0.05613	0.01602	0.10102	0.02020	0.07874	0.02661	0.04705	0.02525	0.01351	0.00889	0.00287	0.00866	0.25481	0.00603	0.00928
41	0.00997	0.00707	0.00930	0.01056	0.01104	0.00691	0.00703	0.01123	0.01392	0.01872	0.03688	0.52076	0.04342	0.15627	0.09403	0.00501	0.00691	0.01851	0.00639	0.00608
42	0.01656	0.01703	0.03052	0.02358	0.02693	0.01919	0.28563	0.02003	0.01452	0.02068	0.01498	0.02445	0.01395	0.13314	0.02089	0.00377	0.29309	0.00857	0.00384	0.00868
43	0.01341	0.01222	0.01910	0.39129	0.11043	0.01372	0.01655	0.01750	0.01667	0.02149	0.07600	0.06585	0.17175	0.01170	0.00826	0.00257	0.00800	0.01025	0.00488	0.00836
44	0.01659	0.02548	0.25629	0.09752	0.13421	0.05441	0.14682	0.02271	0.01729	0.02351	0.02044	0.04454	0.05451	0.00917	0.00814	0.00254	0.01057	0.04086	0.00410	0.01029
45	0.07678	0.01342	0.01523	0.01381	0.01647	0.01564	0.01058	0.06858	0.24743	0.02611	0.02340	0.03038	0.02047	0.16080	0.15502	0.00561	0.07687	0.00849	0.00583	0.00910
46	0.54706	0.17106	0.01838	0.01120	0.01651	0.01973	0.00974	0.02428	0.01459	0.09144	0.01263	0.01384	0.00974	0.00730	0.00511	0.00224	0.00655	0.00452	0.00492	0.00918
47	0.15062	0.40559	0.10664	0.09698	0.02484	0.06225	0.01527	0.02332	0.01570	0.02203	0.01157	0.01398	0.00972	0.00702	0.00566	0.00201	0.00882	0.00471	0.00362	0.00964
48	0.01352	0.01120	0.01381	0.01493	0.08260	0.01137	0.01002	0.02155	0.18835	0.02799	0.27275	0.09621	0.17518	0.01489	0.00872	0.00256	0.00499	0.01295	0.00752	0.00890
49	0.02313	0.02332	0.16154	0.01741	0.02399	0.02003	0.01639	0.39603	0.06424	0.03882	0.02455	0.06632	0.06772	0.01070	0.00792	0.00244	0.00841	0.00848	0.00674	0.01182
50	0.01887	0.02013	0.07925	0.07993	0.36790	0.09886	0.01939	0.02335	0.01764	0.02470	0.01591	0.01993	0.01290	0.00745	0.00713	0.00217	0.00900	0.00655	0.13111	0.03784
51	0.00941	0.00690	0.00884	0.01039	0.01114	0.00633	0.00702	0.01084	0.01523	0.01995	0.04766	0.63339	0.13716	0.02365	0.00980	0.00308	0.00442	0.02126	0.00720	0.00633
52	0.02197	0.02564	0.02260	0.35645	0.03835	0.36466	0.01818	0.02551	0.01881	0.01938	0.01286	0.01725	0.01016	0.00787	0.00736	0.00228	0.01220	0.00592	0.00373	0.00881
53	0.02489	0.02076	0.10435	0.01940	0.08382	0.04388	0.01565	0.18268	0.15064	0.18067	0.02226	0.02179	0.01584	0.00881	0.00755	0.00231	0.00804	0.00709	0.00688	0.07269
54	0.02330	0.02204	0.14573	0.08170	0.20688	0.01875	0.01970	0.19703	0.04992	0.13052	0.01860	0.02013	0.01343	0.00826	0.00767	0.00239	0.00901	0.00692	0.00580	0.01222
55	0.01604	0.01586	0.06908	0.01232	0.01957	0.01094	0.01072	0.01992	0.01610	0.02521	0.01379	0.01610	0.01135	0.00587	0.00587	0.00125	0.00619	0.00468	0.00449	0.71463
56	0.01359	0.01175	0.01413	0.06836	0.07052	0.06405	0.01144	0.01715	0.05589	0.02123	0.03310	0.31724	0.03652	0.08411	0.01212	0.00341	0.00701	0.14464	0.00619	0.00756
57	0.01752	0.08817	0.26464	0.01879	0.02676	0.04561	0.09572	0.05878	0.06333	0.02555	0.02035	0.02203	0.06413	0.00823	0.00726	0.00217	0.00931	0.00689	0.00451	0.15025
58	0.01546	0.01390	0.06851	0.01433	0.01834	0.01194	0.06980	0.04759	0.12909	0.08384	0.04373	0.21415	0.20588	0.01574	0.00881	0.00271	0.00632	0.01383	0.00694	0.00909
59	0.02046	0.01542	0.01753	0.01600	0.06430	0.01616	0.01181	0.28496	0.08712	0.05913	0.11389	0.03928	0.19536	0.01275	0.00830	0.00245	0.00650	0.01047	0.00751	0.01060
60	0.01187	0.01017	0.03892	0.01150	0.01336	0.00954	0.00868	0.01687	0.11135	0.02221	0.11140	0.25076	0.08322	0.14748	0.11194	0.00500	0.00772	0.01422	0.00643	0.00735
61	0.01845	0.09030	0.01966	0.01757	0.11079	0.04319	0.01211	0.04695	0.13126	0.08842	0.17906	0.03479	0.09342	0.01112	0.00775	0.00226	0.00643	0.00934	0.00665	0.07051
62	0.04468	0.05455	0.02227	0.06757	0.24137	0.01676	0.01579	0.05063	0.14272	0.02649	0.08002	0.02619	0.02108	0.01798	0.13399	0.00423	0.01009	0.00794	0.00526	0.01038
63	0.08932	0.13234	0.10511	0.07696	0.15235	0.07516	0.06161	0.02484	0.08407	0.02443	0.01949	0.02458	0.04262	0.00889	0.00728	0.00237	0.00912	0.04473	0.00453	0.01021
64	0.14394	0.09590	0.16891	0.01614	0.02230	0.07144	0.04871	0.06948	0.07607	0.08017	0.01781	0.02098	0.01402	0.06483	0.00929	0.00270	0.00867	0.00650	0.05205	0.01010

[dist]
# distance from previous block
# <min> <max>
3	226

[block]
# block no. 3 follows, 25 sequences, length 7
# corresponding to MSA columns:
# 547-553
name=unknown_D
#
# <colnr> <probs for GDERKNQSTAVLIFYWHMCP>
#	G	D	E	R	K	N	Q	S	T	A	V	L	I	F	Y	W	H	M	C	P
0	0.12791	0.03117	0.42913	0.02659	0.18829	0.01802	0.02452	0.02411	0.01622	0.02623	0.01362	0.01651	0.01021	0.00723	0.00707	0.00241	0.01012	0.00579	0.00363	0.01121
1	0.06708	0.04121	0.05416	0.07107	0.02288	0.05919	0.06903	0.10037	0.07526	0.02911	0.16005	0.03180	0.08440	0.01054	0.00774	0.00229	0.00748	0.00890	0.00604	0.09141
2	0.08307	0.01493	0.05262	0.02281	0.21985	0.04844	0.01409	0.01892	0.01786	0.02588	0.19102	0.08743	0.08430	0.01600	0.06634	0.00329	0.00806	0.01037	0.00566	0.00907
3	0.11624	0.04354	0.10994	0.02082	0.11371	0.01878	0.05271	0.20230	0.07177	0.03298	0.02205	0.02319	0.07150	0.00899	0.00732	0.00232	0.00818	0.00731	0.00564	0.06072
4	0.12227	0.01593	0.01820	0.05388	0.20553	0.10572	0.01363	0.02063	0.01795	0.02622	0.14079	0.09029	0.05223	0.01099	0.00752	0.00236	0.00735	0.00932	0.07014	0.00904
5	0.16619	0.07525	0.09760	0.01544	0.06116	0.01535	0.01291	0.07362	0.01864	0.13875	0.10207	0.02803	0.05583	0.04274	0.06127	0.00333	0.00815	0.00783	0.00601	0.00984
6	0.02010	0.10192	0.17525	0.01908	0.07791	0.07756	0.01663	0.11866	0.01993	0.08466	0.02097	0.13575	0.01904	0.01450	0.06046	0.00317	0.00982	0.00887	0.00536	0.01035

[dist]
# distance from previous block
# <min> <max>
0	14

[block]
# block no. 4 follows, 25 sequences, length 19
# corresponding to MSA columns:
# 568-586
name=unknown_E
#
# <colnr> <probs for GDERKNQSTAVLIFYWHMCP>
#	G	D	E	R	K	N	Q	S	T	A	V	L	I	F	Y	W	H	M	C	P
0	0.09778	0.25663	0.12424	0.01550	0.02193	0.07746	0.01485	0.14462	0.02037	0.06316	0.01612	0.06207	0.01368	0.00872	0.00651	0.00213	0.00862	0.00639	0.00500	0.03421
1	0.11365	0.28784	0.09072	0.01588	0.02170	0.02336	0.04866	0.09753	0.07557	0.02694	0.05789	0.01884	0.01563	0.00860	0.00794	0.00223	0.06585	0.00618	0.00480	0.01022
2	0.06138	0.25571	0.10462	0.01334	0.01870	0.01892	0.01265	0.06344	0.05524	0.06498	0.06465	0.06628	0.09572	0.06184	0.00925	0.00260	0.00729	0.00851	0.00541	0.00947
3	0.34816	0.15490	0.09493	0.01318	0.01881	0.02004	0.01225	0.12398	0.01761	0.03070	0.01383	0.01794	0.01169	0.08255	0.00922	0.00279	0.00762	0.00555	0.00481	0.00943
4	0.16670	0.06251	0.14860	0.01341	0.01809	0.01578	0.01242	0.12621	0.01723	0.02675	0.01784	0.02861	0.01698	0.27658	0.01877	0.00426	0.00822	0.00762	0.00487	0.00854
5	0.54157	0.19257	0.01933	0.01165	0.01684	0.06915	0.01006	0.02348	0.01445	0.02960	0.01088	0.01266	0.00889	0.00712	0.00500	0.00219	0.00713	0.00424	0.00438	0.00882
6	0.14705	0.01773	0.11733	0.01999	0.12181	0.01504	0.08586	0.02410	0.08973	0.02866	0.01912	0.02189	0.01478	0.00803	0.00665	0.00226	0.00739	0.00683	0.23598	0.00977
7	0.01347	0.00673	0.01010	0.01010	0.01010	0.00673	0.00673	0.01010	0.01010	0.01347	0.01347	0.02357	0.01347	0.02694	0.03030	0.77441	0.00673	0.00673	0.00337	0.00337
8	0.00952	0.00787	0.00835	0.00823	0.01069	0.00670	0.00617	0.01182	0.01852	0.02295	0.19618	0.07133	0.55711	0.01889	0.00916	0.00258	0.00387	0.01590	0.00746	0.00670
9	0.12565	0.02174	0.01786	0.01612	0.02046	0.19623	0.01245	0.03602	0.40809	0.02923	0.02361	0.02279	0.01801	0.00941	0.00723	0.00243	0.00817	0.00716	0.00645	0.01089
10	0.01686	0.01479	0.02116	0.02309	0.20107	0.01386	0.05302	0.07185	0.04674	0.02734	0.07912	0.03277	0.09472	0.01005	0.00774	0.00215	0.00711	0.04907	0.00553	0.22196
11	0.02125	0.10734	0.24108	0.02084	0.07220	0.15216	0.01943	0.07554	0.01886	0.06879	0.01489	0.01751	0.01161	0.01154	0.05409	0.00299	0.06898	0.00599	0.00432	0.01058
12	0.02896	0.03695	0.02197	0.01998	0.02397	0.69638	0.01498	0.03096	0.02197	0.01898	0.01199	0.01398	0.00999	0.00799	0.00699	0.00200	0.01398	0.00499	0.00400	0.00899
13	0.01188	0.00811	0.01022	0.01018	0.01180	0.00782	0.00743	0.01400	0.01624	0.05715	0.16289	0.13038	0.17404	0.16470	0.13824	0.00541	0.00798	0.04824	0.00655	0.00676
14	0.02079	0.22308	0.02961	0.01873	0.02301	0.12735	0.08653	0.06378	0.08489	0.02256	0.01443	0.01758	0.01224	0.01121	0.03971	0.00283	0.18125	0.00631	0.00429	0.00982
15	0.02309	0.02028	0.02136	0.12596	0.06392	0.10983	0.01522	0.27398	0.14132	0.03420	0.04798	0.02416	0.04480	0.00967	0.00779	0.00239	0.00875	0.00770	0.00640	0.01118
16	0.01151	0.00932	0.01406	0.01256	0.01464	0.00914	0.07989	0.01418	0.01609	0.02189	0.18663	0.09556	0.13103	0.15891	0.18361	0.00594	0.00974	0.01247	0.00593	0.00690
17	0.10011	0.02329	0.01884	0.04308	0.07228	0.31465	0.01365	0.02379	0.01807	0.02187	0.01759	0.08660	0.01694	0.01364	0.05361	0.00299	0.04175	0.04933	0.00458	0.06334
18	0.22471	0.01107	0.01222	0.08961	0.01796	0.01182	0.00974	0.04329	0.01743	0.02767	0.14667	0.11770	0.15587	0.01444	0.00796	0.00266	0.00574	0.06935	0.00636	0.00773

[dist]
# distance from previous block
# <min> <max>
5	11

[block]
# block no. 5 follows, 25 sequences, length 75
# corresponding to MSA columns:
# 598-672
name=unknown_F
#
# <colnr> <probs for GDERKNQSTAVLIFYWHMCP>
#	G	D	E	R	K	N	Q	S	T	A	V	L	I	F	Y	W	H	M	C	P
0	0.01946	0.04707	0.10819	0.01696	0.06740	0.04266	0.01366	0.17570	0.06735	0.05331	0.06332	0.03062	0.04368	0.17286	0.01485	0.00348	0.00814	0.00844	0.00585	0.03700
1	0.02038	0.08688	0.16333	0.06361	0.05188	0.13070	0.01823	0.05081	0.13221	0.04706	0.01652	0.01879	0.01296	0.00929	0.01067	0.00251	0.14257	0.00645	0.00466	0.01049
2	0.02090	0.06586	0.02165	0.04442	0.06850	0.01424	0.09261	0.07132	0.01907	0.17250	0.02467	0.03105	0.04424	0.07920	0.01063	0.00279	0.00763	0.04714	0.09704	0.06455
3	0.01547	0.10295	0.06342	0.07117	0.12931	0.01524	0.03884	0.06067	0.04285	0.02546	0.13906	0.12685	0.11215	0.01272	0.00814	0.00246	0.00707	0.01110	0.00580	0.00928
4	0.01075	0.00792	0.01006	0.00952	0.01145	0.00722	0.00714	0.01420	0.02142	0.02984	0.60155	0.05998	0.14744	0.01632	0.00915	0.00246	0.00369	0.01431	0.00837	0.00722
5	0.08882	0.01394	0.01789	0.01382	0.01975	0.01274	0.01142	0.08105	0.02257	0.59140	0.02829	0.02483	0.01797	0.00940	0.00758	0.00239	0.00669	0.00748	0.00911	0.01285
6	0.01445	0.00723	0.00723	0.00723	0.00903	0.00723	0.00542	0.01807	0.01626	0.02891	0.02529	0.02891	0.01987	0.00903	0.00542	0.00181	0.00361	0.00723	0.77055	0.00723
7	0.01182	0.00858	0.01155	0.01258	0.01444	0.00831	0.01061	0.01527	0.01887	0.02500	0.20459	0.07888	0.10678	0.01986	0.01018	0.00320	0.00598	0.41887	0.00750	0.00713
8	0.01929	0.01666	0.01753	0.01578	0.02016	0.01929	0.01227	0.04120	0.66513	0.03243	0.03156	0.02893	0.02367	0.01052	0.00789	0.00263	0.00614	0.00877	0.00789	0.01227
9	0.07428	0.01598	0.01661	0.01509	0.01929	0.01842	0.01171	0.03817	0.58142	0.03190	0.03067	0.06641	0.02410	0.01105	0.00778	0.00264	0.00603	0.00917	0.00763	0.01166
10	0.02073	0.73217	0.04063	0.01327	0.01990	0.03068	0.01327	0.02322	0.01575	0.01824	0.01078	0.01244	0.00995	0.00663	0.00498	0.00166	0.00829	0.00415	0.00332	0.00995
11	0.01115	0.00801	0.01096	0.01096	0.01183	0.00888	0.00782	0.01288	0.01202	0.01689	0.02214	0.03805	0.02268	0.30869	0.45075	0.01061	0.01581	0.00942	0.00436	0.00609
12	0.03178	0.01801	0.02098	0.01608	0.02220	0.01855	0.01328	0.38568	0.03025	0.32523	0.02382	0.02200	0.01580	0.00943	0.00777	0.00236	0.00769	0.00734	0.00856	0.01319
13	0.01179	0.00864	0.01151	0.01275	0.01467	0.00836	0.01086	0.01511	0.01826	0.02369	0.11569	0.08218	0.15029	0.02053	0.01029	0.00329	0.00624	0.46148	0.00730	0.00706
14	0.01830	0.02092	0.04575	0.03268	0.04052	0.01961	0.65098	0.02484	0.01830	0.02484	0.01569	0.02092	0.01176	0.00654	0.00915	0.00261	0.01307	0.00915	0.00392	0.01046
15	0.02896	0.03695	0.02197	0.01998	0.02397	0.69638	0.01498	0.03096	0.02197	0.01898	0.01199	0.01398	0.00999	0.00799	0.00699	0.00200	0.01398	0.00499	0.00400	0.00899
16	0.01086	0.00784	0.01027	0.00983	0.01156	0.00724	0.00731	0.01436	0.02144	0.03029	0.62989	0.10538	0.07160	0.01645	0.00920	0.00249	0.00372	0.01460	0.00844	0.00724
17	0.00963	0.00704	0.00910	0.01066	0.01149	0.00652	0.00740	0.01121	0.01542	0.02018	0.04723	0.59408	0.13121	0.02349	0.00986	0.00311	0.00461	0.06417	0.00719	0.00639
18	0.01020	0.00757	0.01009	0.01110	0.01229	0.00746	0.00818	0.01234	0.01543	0.02056	0.07776	0.36723	0.13096	0.03056	0.16612	0.00520	0.00837	0.08538	0.00657	0.00663
19	0.01780	0.01945	0.03757	0.02810	0.03302	0.02115	0.41516	0.02254	0.01591	0.02254	0.01364	0.01945	0.01117	0.00915	0.01521	0.00290	0.27352	0.00827	0.00372	0.00972
20	0.01201	0.00873	0.01182	0.01322	0.01511	0.00854	0.01137	0.01541	0.01814	0.02355	0.09321	0.08380	0.11678	0.02080	0.01042	0.00338	0.00652	0.51286	0.00725	0.00709
21	0.78228	0.01499	0.01140	0.01020	0.01499	0.01739	0.00840	0.02279	0.01320	0.03479	0.01080	0.01260	0.00840	0.00720	0.00480	0.00240	0.00600	0.00420	0.00480	0.00840
22	0.00943	0.00683	0.00891	0.01058	0.01119	0.00632	0.00710	0.01082	0.01505	0.01988	0.04534	0.67529	0.09676	0.02395	0.00984	0.00311	0.00446	0.02163	0.00720	0.00632
23	0.02517	0.03195	0.08860	0.01990	0.02475	0.44099	0.03855	0.07251	0.02090	0.02230	0.01273	0.01524	0.01039	0.00836	0.00889	0.00216	0.08163	0.00550	0.00417	0.06529
24	0.01052	0.00776	0.00984	0.00964	0.01139	0.00707	0.00711	0.01363	0.02040	0.02817	0.50747	0.15096	0.15224	0.01752	0.00925	0.00256	0.00381	0.01544	0.00817	0.00707
25	0.01005	0.00776	0.00917	0.00910	0.01109	0.00688	0.00672	0.01274	0.01935	0.02558	0.35470	0.14393	0.31819	0.01841	0.00924	0.00260	0.00387	0.01594	0.00783	0.00688
26	0.01999	0.02046	0.10970	0.01689	0.02245	0.01968	0.01480	0.11183	0.50165	0.03332	0.02761	0.02598	0.02053	0.00994	0.00780	0.00257	0.00715	0.00814	0.00724	0.01227
27	0.01024	0.00804	0.00931	0.00955	0.01161	0.00704	0.00698	0.01226	0.01670	0.02146	0.10062	0.24451	0.32913	0.06459	0.01114	0.00302	0.00465	0.05982	0.00694	0.06239
28	0.02045	0.54442	0.03513	0.01438	0.01965	0.07597	0.01346	0.02286	0.01570	0.01895	0.01159	0.01408	0.01054	0.00781	0.00794	0.00193	0.10473	0.00474	0.04615	0.00953
29	0.78228	0.01499	0.01140	0.01020	0.01499	0.01739	0.00840	0.02279	0.01320	0.03479	0.01080	0.01260	0.00840	0.00720	0.00480	0.00240	0.00600	0.00420	0.00480	0.00840
30	0.01098	0.00796	0.01065	0.06105	0.01379	0.00842	0.00781	0.01239	0.01283	0.01738	0.02771	0.22490	0.03099	0.32315	0.18846	0.00718	0.01012	0.01314	0.00515	0.00595
31	0.02354	0.01495	0.02260	0.11436	0.10415	0.01488	0.08344	0.11212	0.02166	0.24706	0.07214	0.06607	0.04691	0.01032	0.00819	0.00248	0.00795	0.00918	0.00690	0.01110
32	0.01562	0.00914	0.01076	0.00964	0.01291	0.00785	0.00748	0.01816	0.01959	0.18096	0.18416	0.05986	0.40130	0.01650	0.00883	0.00253	0.00451	0.01386	0.00803	0.00828
33	0.01983	0.01966	0.02605	0.21295	0.32352	0.12085	0.02046	0.07100	0.01918	0.02456	0.01596	0.02307	0.01354	0.00840	0.00779	0.00241	0.01005	0.04590	0.00426	0.01056
34	0.02662	0.02030	0.02166	0.01726	0.02296	0.02271	0.01405	0.48165	0.21274	0.04426	0.02224	0.02151	0.01613	0.00965	0.00779	0.00241	0.00786	0.00748	0.00779	0.01293
35	0.01187	0.00827	0.00979	0.00920	0.01168	0.00727	0.00697	0.01473	0.02007	0.07325	0.36417	0.06308	0.33697	0.01709	0.00906	0.00252	0.00399	0.01462	0.00802	0.00739
36	0.01857	0.01820	0.02906	0.20376	0.49899	0.05035	0.02284	0.02319	0.01735	0.02371	0.01427	0.01930	0.01171	0.00716	0.00766	0.00236	0.00971	0.00681	0.00375	0.01125
37	0.01559	0.01283	0.01724	0.24715	0.02880	0.01460	0.01410	0.10092	0.13081	0.02585	0.02793	0.24688	0.02759	0.01431	0.00859	0.00278	0.00738	0.04148	0.00613	0.00903
38	0.01347	0.00673	0.01010	0.01010	0.01010	0.00673	0.00673	0.01010	0.01010	0.01347	0.01347	0.02357	0.01347	0.02694	0.03030	0.77441	0.00673	0.00673	0.00337	0.00337
39	0.68179	0.01475	0.01228	0.01068	0.01564	0.01659	0.00880	0.02481	0.01440	0.12214	0.01346	0.01445	0.00985	0.00752	0.00520	0.00240	0.00608	0.00468	0.00544	0.00904
40	0.01249	0.01099	0.01717	0.01577	0.01712	0.01248	0.08152	0.01477	0.01407	0.01974	0.02789	0.34566	0.03113	0.02648	0.14805	0.00497	0.17256	0.01439	0.00536	0.00739
41	0.01048	0.00857	0.01051	0.01210	0.05999	0.00771	0.00826	0.01289	0.01768	0.02237	0.12557	0.17241	0.39927	0.01925	0.00934	0.00276	0.00472	0.08198	0.00709	0.00707
42	0.01445	0.00723	0.00723	0.00723	0.00903	0.00723	0.00542	0.01807	0.01626	0.02891	0.02529	0.02891	0.01987	0.00903	0.00542	0.00181	0.00361	0.00723	0.77055	0.00723
43	0.01601	0.01375	0.01935	0.40490	0.03736	0.01648	0.01655	0.02600	0.21070	0.02484	0.02069	0.02428	0.01564	0.00876	0.00747	0.00249	0.00816	0.00750	0.10955	0.00952
44	0.22452	0.01589	0.01769	0.01394	0.01968	0.01625	0.01151	0.19548	0.02363	0.35158	0.02239	0.02082	0.01486	0.00891	0.00702	0.00238	0.00695	0.00666	0.00789	0.01197
45	0.01445	0.00723	0.00723	0.00723	0.00903	0.00723	0.00542	0.01807	0.01626	0.02891	0.02529	0.02891	0.01987	0.00903	0.00542	0.00181	0.00361	0.00723	0.77055	0.00723
46	0.01249	0.01004	0.01523	0.01406	0.01555	0.01168	0.05050	0.01514	0.01309	0.01923	0.02093	0.07123	0.02022	0.08767	0.42739	0.00895	0.11027	0.00911	0.06005	0.00719
47	0.01614	0.06570	0.13083	0.01406	0.01807	0.05295	0.01233	0.02483	0.21814	0.02256	0.02326	0.03340	0.02139	0.29094	0.01995	0.00442	0.00817	0.00871	0.00532	0.00882
48	0.01288	0.00819	0.01035	0.00991	0.01116	0.00801	0.00686	0.01474	0.01601	0.06887	0.24442	0.05057	0.04236	0.34036	0.09561	0.00582	0.00754	0.03347	0.00637	0.00651
49	0.01594	0.01940	0.18643	0.01556	0.02061	0.01453	0.01511	0.10637	0.11207	0.02696	0.05178	0.03799	0.06629	0.08735	0.10912	0.00452	0.00991	0.08480	0.00574	0.00950
50	0.01669	0.01519	0.02371	0.41351	0.12024	0.01658	0.04349	0.06568	0.01749	0.02384	0.01430	0.01944	0.01106	0.00731	0.00740	0.00225	0.00926	0.00653	0.00405	0.16197
51	0.02177	0.24376	0.09676	0.02391	0.17205	0.23132	0.01742	0.02519	0.01812	0.02081	0.01412	0.05444	0.01278	0.00818	0.00673	0.00207	0.01037	0.00620	0.00386	0.01013
52	0.02024	0.01810	0.01752	0.01565	0.01970	0.10100	0.01229	0.11703	0.36757	0.03214	0.11460	0.03386	0.02875	0.01155	0.00813	0.00255	0.00717	0.05377	0.00742	0.01095
53	0.02394	0.05935	0.02029	0.01597	0.02066	0.10095	0.01274	0.28803	0.15892	0.06061	0.02382	0.10989	0.02010	0.01115	0.00772	0.00240	0.00791	0.00890	0.03542	0.01122
54	0.01374	0.01233	0.02012	0.41388	0.12245	0.01415	0.01755	0.01778	0.01586	0.02095	0.04652	0.20506	0.02366	0.01227	0.00835	0.00269	0.00841	0.01112	0.00467	0.00844
55	0.01434	0.01331	0.02313	0.02483	0.17773	0.01344	0.14035	0.01777	0.01621	0.02245	0.04811	0.27846	0.02980	0.01732	0.04865	0.00337	0.05991	0.03666	0.00534	0.00882
56	0.01128	0.00752	0.00846	0.00846	0.00846	0.00752	0.00470	0.01128	0.01128	0.01503	0.02443	0.05074	0.02819	0.72751	0.03946	0.00752	0.00752	0.01128	0.00470	0.00470
57	0.01445	0.00723	0.00723	0.00723	0.00903	0.00723	0.00542	0.01807	0.01626	0.02891	0.02529	0.02891	0.01987	0.00903	0.00542	0.00181	0.00361	0.00723	0.77055	0.00723
58	0.12707	0.02165	0.11271	0.01677	0.02373	0.01925	0.04487	0.31936	0.02543	0.03756	0.01576	0.01707	0.01165	0.00788	0.00695	0.00212	0.00823	0.00604	0.00590	0.17002
59	0.07569	0.02023	0.02828	0.08325	0.50797	0.10435	0.02141	0.02438	0.01774	0.02486	0.01393	0.01814	0.01158	0.00712	0.00738	0.00229	0.00965	0.00647	0.00390	0.01135
60	0.01445	0.00723	0.00723	0.00723	0.00903	0.00723	0.00542	0.01807	0.01626	0.02891	0.02529	0.02891	0.01987	0.00903	0.00542	0.00181	0.00361	0.00723	0.77055	0.00723
61	0.78228	0.01499	0.01140	0.01020	0.01499	0.01739	0.00840	0.02279	0.01320	0.03479	0.01080	0.01260	0.00840	0.00720	0.00480	0.00240	0.00600	0.00420	0.00480	0.00840
62	0.02667	0.03337	0.02530	0.02171	0.02594	0.55736	0.10063	0.02926	0.02076	0.01974	0.01235	0.01513	0.01024	0.00819	0.00860	0.00218	0.06381	0.00568	0.00394	0.00915
63	0.02829	0.06689	0.02198	0.01710	0.02130	0.22034	0.01385	0.05026	0.02003	0.28533	0.01917	0.01960	0.01380	0.00974	0.01103	0.00244	0.15543	0.00649	0.00618	0.01076
64	0.02330	0.01906	0.01805	0.01576	0.02028	0.12061	0.01232	0.08406	0.39236	0.11908	0.02708	0.02554	0.01996	0.00983	0.00757	0.00243	0.00741	0.00783	0.05583	0.01165
65	0.01011	0.00726	0.00959	0.01034	0.01139	0.00674	0.00725	0.01247	0.01794	0.02472	0.31838	0.43276	0.06082	0.02061	0.00957	0.00284	0.00413	0.01855	0.00778	0.00674
66	0.01915	0.51904	0.08360	0.14625	0.05303	0.02675	0.01634	0.02269	0.01583	0.01927	0.01172	0.01454	0.01011	0.00691	0.00578	0.00192	0.00894	0.00489	0.00336	0.00990
67	0.01633	0.01551	0.02631	0.46305	0.28601	0.01767	0.02237	0.02129	0.01630	0.02186	0.01408	0.02012	0.01106	0.00744	0.00772	0.00248	0.00992	0.00690	0.00359	0.00998
68	0.01084	0.00792	0.01019	0.00962	0.01150	0.00726	0.00721	0.01438	0.02164	0.03037	0.63245	0.05911	0.11621	0.01612	0.00915	0.00245	0.00368	0.01419	0.00844	0.00726
69	0.02174	0.01910	0.01835	0.01413	0.02033	0.13595	0.01122	0.11794	0.02063	0.07476	0.01538	0.01682	0.01202	0.00696	0.00642	0.00157	0.00770	0.00525	0.00532	0.46840
70	0.01000	0.00768	0.00899	0.00907	0.01088	0.00684	0.00655	0.01235	0.01835	0.02405	0.28508	0.17466	0.31301	0.06388	0.01120	0.00295	0.00415	0.01614	0.00752	0.00667
71	0.01626	0.01632	0.05435	0.04280	0.11161	0.06284	0.01329	0.02602	0.23042	0.02768	0.18151	0.03856	0.12201	0.01206	0.00823	0.00248	0.00669	0.01027	0.00668	0.00992
72	0.01027	0.00775	0.00948	0.00937	0.01123	0.00697	0.00690	0.01314	0.01981	0.02676	0.42449	0.15189	0.23753	0.01804	0.00925	0.00258	0.00385	0.01575	0.00798	0.00697
73	0.09758	0.39856	0.07863	0.01454	0.02081	0.07575	0.01384	0.12980	0.01953	0.02615	0.01323	0.01481	0.01089	0.00743	0.00578	0.00194	0.00850	0.00498	0.04704	0.01023
74	0.20579	0.02551	0.11003	0.01936	0.06970	0.17419	0.01594	0.19140	0.02200	0.03184	0.01378	0.01576	0.01061	0.00834	0.00794	0.00235	0.05425	0.00568	0.00504	0.01049

[dist]
# distance from previous block
# <min> <max>
3	5

[block]
# block no. 6 follows, 25 sequences, length 23
# corresponding to MSA columns:
# 678-700
name=unknown_G
#
# <colnr> <probs for GDERKNQSTAVLIFYWHMCP>
#	G	D	E	R	K	N	Q	S	T	A	V	L	I	F	Y	W	H	M	C	P
0	0.01350	0.01451	0.10461	0.04002	0.06825	0.01179	0.01266	0.01978	0.08883	0.02825	0.34641	0.04319	0.08920	0.01302	0.00903	0.00247	0.03173	0.01112	0.04281	0.00882
1	0.01512	0.00967	0.01292	0.01190	0.01399	0.00977	0.00925	0.01807	0.01951	0.12734	0.36206	0.13911	0.07542	0.01616	0.01101	0.00270	0.08704	0.04298	0.00780	0.00818
2	0.01795	0.07755	0.02590	0.07692	0.29693	0.01836	0.01839	0.02147	0.01640	0.05431	0.02082	0.02973	0.05367	0.01085	0.01152	0.00266	0.15242	0.07943	0.00453	0.01017
3	0.01640	0.37702	0.02624	0.09216	0.02008	0.02016	0.01140	0.01923	0.01625	0.02051	0.02935	0.03054	0.17115	0.01021	0.00636	0.00202	0.00685	0.00781	0.10765	0.00861
4	0.01974	0.02000	0.01980	0.02065	0.13406	0.17883	0.01360	0.02670	0.15381	0.02415	0.01835	0.02174	0.01532	0.04688	0.06821	0.00315	0.00980	0.00661	0.00498	0.19365
5	0.01723	0.01752	0.02726	0.43809	0.18163	0.07648	0.08804	0.02215	0.01681	0.02144	0.01400	0.01981	0.01087	0.00747	0.00782	0.00248	0.01070	0.00697	0.00363	0.00962
6	0.01643	0.01493	0.02440	0.16308	0.40005	0.01558	0.01879	0.02004	0.01572	0.02182	0.01680	0.02704	0.01573	0.17997	0.01532	0.00361	0.00902	0.00795	0.00397	0.00977
7	0.01591	0.01374	0.02298	0.27159	0.27888	0.01504	0.01860	0.01893	0.01501	0.02046	0.01442	0.02128	0.01225	0.01436	0.05197	0.16546	0.00975	0.00695	0.00362	0.00880
8	0.01290	0.01098	0.01385	0.01593	0.11752	0.01071	0.01015	0.01901	0.12474	0.02634	0.22709	0.05377	0.29689	0.01509	0.00872	0.00252	0.00504	0.01298	0.00716	0.00860
9	0.02780	0.03269	0.02495	0.02112	0.02591	0.51183	0.08901	0.12812	0.02382	0.02436	0.01346	0.01552	0.01070	0.00803	0.00736	0.00212	0.01302	0.00579	0.00458	0.00982
10	0.01541	0.01308	0.01343	0.01315	0.01576	0.05669	0.00977	0.02587	0.29277	0.02591	0.03486	0.26220	0.05740	0.01735	0.03938	0.00313	0.00644	0.01311	0.07515	0.00914
11	0.01573	0.01489	0.02523	0.55020	0.20355	0.01751	0.02208	0.02077	0.01602	0.02114	0.01397	0.02032	0.01080	0.00755	0.00773	0.00252	0.01007	0.00689	0.00354	0.00949
12	0.60152	0.02026	0.01393	0.01254	0.01715	0.18031	0.00998	0.02475	0.01530	0.03099	0.01108	0.01293	0.00878	0.00739	0.00532	0.00230	0.00791	0.00439	0.00461	0.00854
13	0.02081	0.01985	0.01823	0.01644	0.02076	0.12577	0.01270	0.03959	0.56399	0.03032	0.02848	0.02658	0.02152	0.01012	0.00775	0.00253	0.00737	0.00817	0.00728	0.01176
14	0.00940	0.00786	0.00819	0.00811	0.01062	0.00665	0.00608	0.01159	0.01824	0.02228	0.15727	0.07242	0.59644	0.01914	0.00916	0.00259	0.00389	0.01605	0.00738	0.00665
15	0.01203	0.00956	0.01370	0.01317	0.01415	0.01161	0.01017	0.01426	0.01221	0.01771	0.01959	0.03106	0.01912	0.14093	0.50303	0.01037	0.12790	0.00847	0.00411	0.00687
16	0.02727	0.02243	0.02191	0.01765	0.02322	0.10134	0.01425	0.45201	0.16706	0.04193	0.02057	0.02025	0.01502	0.00941	0.00770	0.00235	0.00866	0.00713	0.00735	0.01250
17	0.01114	0.01038	0.01606	0.01368	0.01695	0.00924	0.14190	0.01394	0.01723	0.02153	0.05800	0.19570	0.40857	0.01783	0.00931	0.00273	0.00597	0.01601	0.00651	0.00732
18	0.01608	0.01378	0.01608	0.01148	0.01837	0.01034	0.00919	0.01952	0.01608	0.02527	0.01378	0.01608	0.01148	0.00574	0.00574	0.00115	0.00574	0.00459	0.00459	0.77491
19	0.01920	0.01822	0.02985	0.04389	0.60240	0.01852	0.02245	0.02582	0.09306	0.02616	0.01656	0.02032	0.01361	0.00733	0.00770	0.00234	0.00885	0.00712	0.00431	0.01228
20	0.01706	0.01567	0.02237	0.02240	0.17842	0.01437	0.05039	0.02075	0.01609	0.02449	0.01366	0.01721	0.01154	0.00698	0.00870	0.00177	0.08939	0.00567	0.00423	0.45884
21	0.01851	0.01604	0.02530	0.14120	0.37874	0.01671	0.01952	0.06921	0.04171	0.04976	0.09297	0.02766	0.02120	0.00915	0.00802	0.00244	0.00841	0.03736	0.00510	0.01099
22	0.22935	0.02027	0.01794	0.10901	0.05543	0.18023	0.01337	0.02848	0.17747	0.02774	0.05488	0.02096	0.01671	0.00876	0.00687	0.00238	0.00855	0.00657	0.00536	0.00965

[dist]
# distance from previous block
# <min> <max>
3	16

[block]
# block no. 7 follows, 25 sequences, length 26
# corresponding to MSA columns:
# 717-742
name=unknown_H
#
# <colnr> <probs for GDERKNQSTAVLIFYWHMCP>
#	G	D	E	R	K	N	Q	S	T	A	V	L	I	F	Y	W	H	M	C	P
0	0.02004	0.02135	0.03276	0.03605	0.34221	0.11482	0.19998	0.02472	0.01831	0.02428	0.01445	0.01865	0.01173	0.00685	0.00782	0.00224	0.01067	0.00706	0.00395	0.08205
1	0.01661	0.04435	0.10671	0.01637	0.02146	0.08951	0.06851	0.05332	0.01807	0.02400	0.02410	0.16986	0.02446	0.01274	0.00810	0.00241	0.00826	0.10832	0.00535	0.17747
