[name]
unknown

[dist]
# distance from previous block
# <min> <max>
3	149

[block]
# block no. 0 follows, 25 sequences, length 24
# corresponding to MSA columns:
# 166-189
name=unknown_A
#
# <colnr> <probs for GDERKNQSTAVLIFYWHMCP>
#	G	D	E	R	K	N	Q	S	T	A	V	L	I	F	Y	W	H	M	C	P
0	0.10839	0.01676	0.01989	0.14388	0.10058	0.04025	0.01462	0.20425	0.06557	0.03281	0.08772	0.02613	0.05791	0.00969	0.00754	0.00237	0.00779	0.00787	0.00599	0.03999
1	0.02110	0.13468	0.02474	0.02306	0.18927	0.12256	0.01501	0.05421	0.09278	0.06945	0.04152	0.02357	0.05542	0.01040	0.03017	0.00247	0.00887	0.00711	0.00522	0.06838
2	0.01976	0.01675	0.09547	0.01960	0.12568	0.01421	0.01441	0.15225	0.02195	0.12382	0.11164	0.14368	0.05775	0.03585	0.00933	0.00268	0.00717	0.01089	0.00675	0.01037
3	0.01830	0.13131	0.09871	0.01839	0.09490	0.05859	0.01452	0.02726	0.19494	0.05599	0.14225	0.03046	0.06159	0.01039	0.00758	0.00234	0.00737	0.00856	0.00609	0.01045
4	0.02509	0.24313	0.10294	0.01689	0.02312	0.19813	0.01540	0.11975	0.06048	0.10154	0.01614	0.01680	0.01231	0.00804	0.00668	0.00208	0.00984	0.00566	0.00514	0.01086
5	0.01986	0.01787	0.02725	0.15733	0.39896	0.01911	0.02078	0.11520	0.09374	0.02853	0.01695	0.02048	0.01336	0.00781	0.00773	0.00239	0.00896	0.00713	0.00479	0.01176
6	0.01670	0.01878	0.10246	0.34622	0.32025	0.01783	0.02332	0.02207	0.01653	0.02273	0.01414	0.01954	0.01111	0.00735	0.00768	0.00245	0.00998	0.00677	0.00359	0.01052
7	0.01813	0.17979	0.48066	0.02007	0.02970	0.09787	0.02398	0.02501	0.01688	0.02264	0.01306	0.01530	0.00987	0.00729	0.00684	0.00224	0.01111	0.00533	0.00336	0.01087
8	0.14058	0.09894	0.01830	0.01355	0.01699	0.12730	0.01106	0.09505	0.01835	0.02785	0.01627	0.01915	0.01317	0.00898	0.00866	0.00220	0.10838	0.00595	0.24039	0.00888
9	0.01158	0.00959	0.01493	0.01298	0.01555	0.00883	0.09929	0.01509	0.01982	0.02726	0.41306	0.15922	0.12961	0.01628	0.00927	0.00260	0.00517	0.01486	0.00751	0.00752
10	0.01937	0.01988	0.03083	0.13552	0.39021	0.08532	0.11956	0.02503	0.05266	0.02422	0.01530	0.01968	0.01231	0.00727	0.00786	0.00238	0.01028	0.00717	0.00403	0.01115
11	0.01507	0.01162	0.01280	0.01240	0.01497	0.01272	0.00918	0.02655	0.32287	0.02751	0.06759	0.21012	0.03311	0.05749	0.01000	0.00292	0.00527	0.01237	0.12620	0.00923
12	0.00948	0.00765	0.00843	0.00869	0.01078	0.00661	0.00635	0.01157	0.01774	0.02218	0.15709	0.19631	0.47003	0.01999	0.00930	0.00269	0.00400	0.01712	0.00739	0.00661
13	0.01300	0.00798	0.00997	0.01041	0.01226	0.00710	0.00744	0.01475	0.01668	0.11528	0.05093	0.44304	0.22002	0.02090	0.00939	0.00289	0.00464	0.01843	0.00754	0.00735
14	0.05114	0.01759	0.02304	0.21270	0.10578	0.05496	0.04101	0.11727	0.12202	0.10492	0.01897	0.02129	0.01405	0.00883	0.00874	0.00251	0.05151	0.00718	0.00562	0.01087
15	0.01124	0.00764	0.00910	0.00910	0.00933	0.00787	0.00551	0.01169	0.01147	0.01551	0.02384	0.04746	0.02676	0.61922	0.14580	0.00832	0.00966	0.01080	0.00461	0.00506
16	0.00945	0.00675	0.00900	0.01080	0.01125	0.00630	0.00720	0.01080	0.01484	0.01979	0.04274	0.72245	0.05128	0.02429	0.00990	0.00315	0.00450	0.02204	0.00720	0.00630
17	0.18091	0.01737	0.09324	0.11339	0.02461	0.01573	0.01403	0.12530	0.02027	0.20396	0.01970	0.02065	0.01376	0.00847	0.00684	0.00235	0.00752	0.00649	0.09474	0.01066
18	0.01736	0.11441	0.01971	0.01770	0.11918	0.01436	0.01171	0.06460	0.04409	0.04468	0.01592	0.02206	0.01411	0.02181	0.09671	0.33389	0.00907	0.00672	0.00428	0.00761
19	0.01850	0.01700	0.02659	0.26745	0.29404	0.01942	0.02099	0.09451	0.01826	0.02520	0.01414	0.01931	0.01142	0.00843	0.01026	0.00256	0.11033	0.00689	0.00409	0.01058
20	0.36979	0.11231	0.02059	0.01783	0.09403	0.22624	0.01277	0.02545	0.01670	0.02681	0.01159	0.01375	0.00952	0.00734	0.00582	0.00217	0.00909	0.00474	0.00426	0.00922
21	0.01116	0.00798	0.01080	0.01080	0.01161	0.00879	0.00762	0.01278	0.01197	0.01677	0.02229	0.03886	0.02303	0.33555	0.42437	0.01041	0.01528	0.00954	0.00438	0.00600
22	0.01988	0.01851	0.02463	0.02218	0.11724	0.05848	0.09179	0.12386	0.01956	0.02761	0.01423	0.01754	0.01161	0.00796	0.00997	0.00209	0.12073	0.00624	0.00469	0.28121
23	0.16872	0.01774	0.01934	0.01534	0.02099	0.09889	0.08441	0.02544	0.09079	0.06678	0.01734	0.04469	0.01410	0.00788	0.00663	0.00199	0.00771	0.00643	0.00526	0.27953

[dist]
# distance from previous block
# <min> <max>
0	3

[block]
# block no. 1 follows, 25 sequences, length 22
# corresponding to MSA columns:
# 193-214
name=unknown_B
#
# <colnr> <probs for GDERKNQSTAVLIFYWHMCP>
#	G	D	E	R	K	N	Q	S	T	A	V	L	I	F	Y	W	H	M	C	P
0	0.01709	0.01559	0.01932	0.06034	0.12959	0.04311	0.01261	0.02076	0.01657	0.02466	0.01383	0.01678	0.01148	0.00616	0.00624	0.00146	0.00697	0.00513	0.00437	0.56794
1	0.02055	0.12705	0.11440	0.03489	0.39495	0.13121	0.02145	0.02498	0.01793	0.02317	0.01353	0.01701	0.01126	0.00710	0.00714	0.00218	0.01015	0.00605	0.00372	0.01130
2	0.01459	0.01395	0.08089	0.01345	0.01669	0.01213	0.01117	0.10829	0.11892	0.02784	0.11834	0.33326	0.06488	0.01707	0.00890	0.00277	0.00589	0.01496	0.00716	0.00885
3	0.01006	0.00700	0.00882	0.01002	0.01032	0.00670	0.00636	0.01096	0.01366	0.01821	0.03664	0.49864	0.04359	0.25860	0.01975	0.00460	0.00550	0.01845	0.00636	0.00576
4	0.02085	0.02123	0.08551	0.18934	0.15769	0.12137	0.01847	0.11717	0.02121	0.06761	0.08674	0.02302	0.01836	0.00881	0.00774	0.00236	0.00957	0.00733	0.00516	0.01047
5	0.02903	0.02281	0.02005	0.01647	0.02153	0.21887	0.01310	0.26283	0.02684	0.18440	0.02008	0.02007	0.01430	0.00896	0.00730	0.00219	0.00921	0.00660	0.08401	0.01134
6	0.01608	0.01378	0.01608	0.01148	0.01837	0.01034	0.00919	0.01952	0.01608	0.02527	0.01378	0.01608	0.01148	0.00574	0.00574	0.00115	0.00574	0.00459	0.00459	0.77491
7	0.02139	0.01721	0.01885	0.01482	0.02075	0.01744	0.01191	0.23232	0.21421	0.03507	0.02060	0.02070	0.01563	0.00831	0.00703	0.00197	0.00677	0.00660	0.00660	0.30182
8	0.01254	0.01053	0.01642	0.34011	0.03193	0.01197	0.01483	0.01627	0.01632	0.02142	0.08839	0.22523	0.03296	0.01523	0.00895	0.00288	0.00760	0.11325	0.00555	0.00762
9	0.07083	0.02214	0.02588	0.02165	0.05550	0.17576	0.16333	0.07019	0.15711	0.12845	0.02030	0.02111	0.01491	0.00841	0.00776	0.00240	0.00994	0.00736	0.00593	0.01104
10	0.01351	0.19509	0.01813	0.01166	0.01436	0.01399	0.00922	0.01747	0.07894	0.02220	0.12121	0.35705	0.06445	0.01708	0.00830	0.00260	0.00550	0.01483	0.00645	0.00797
11	0.00990	0.00728	0.00972	0.01075	0.01173	0.00711	0.00759	0.01183	0.01535	0.02068	0.10548	0.45541	0.10594	0.02980	0.14770	0.00490	0.00763	0.01794	0.00672	0.00655
12	0.00970	0.00735	0.00895	0.00966	0.01108	0.00660	0.00682	0.01174	0.01728	0.02264	0.19310	0.37653	0.24846	0.02100	0.00951	0.00283	0.00414	0.01853	0.00749	0.00660
13	0.02002	0.22575	0.27724	0.02098	0.02909	0.15357	0.12251	0.02548	0.01760	0.02179	0.01297	0.01557	0.01020	0.00715	0.00693	0.00217	0.01134	0.00571	0.00353	0.01040
14	0.00953	0.00787	0.00836	0.00824	0.01070	0.00670	0.00618	0.01183	0.01853	0.02298	0.19834	0.07127	0.55493	0.01888	0.00916	0.00258	0.00387	0.01589	0.00747	0.00670
15	0.01244	0.00682	0.00971	0.01007	0.01017	0.00673	0.00662	0.01036	0.01117	0.01490	0.02045	0.16666	0.02255	0.09707	0.02713	0.54216	0.00636	0.01027	0.00427	0.00409
16	0.02685	0.03280	0.02683	0.02240	0.02730	0.51911	0.14269	0.06801	0.02213	0.02199	0.01314	0.01566	0.01054	0.00778	0.00747	0.00214	0.01346	0.00595	0.00421	0.00954
17	0.01241	0.00911	0.01089	0.01032	0.01065	0.01018	0.00692	0.01316	0.01224	0.01732	0.02540	0.04442	0.06386	0.49574	0.03204	0.00598	0.12647	0.01044	0.07678	0.00569
18	0.00949	0.00726	0.00871	0.00963	0.01100	0.00648	0.00673	0.01128	0.01655	0.02128	0.11536	0.42361	0.28115	0.02180	0.00956	0.00289	0.00421	0.01922	0.00732	0.00648
19	0.01016	0.00741	0.00843	0.00891	0.00981	0.00690	0.00573	0.01110	0.01413	0.01806	0.04534	0.23931	0.22556	0.32862	0.02253	0.00489	0.00564	0.01569	0.00611	0.00568
20	0.01992	0.01854	0.02799	0.26810	0.24910	0.05125	0.07999	0.14046	0.02069	0.02747	0.01504	0.01951	0.01162	0.00766	0.00782	0.00242	0.01006	0.00704	0.00445	0.01085
21	0.01545	0.01722	0.09112	0.09580	0.06724	0.01650	0.14321	0.02118	0.07620	0.02205	0.01990	0.09869	0.01864	0.08468	0.05962	0.00389	0.12549	0.00953	0.00453	0.00908

[dist]
# distance from previous block
# <min> <max>
0	1

[block]
# block no. 2 follows, 25 sequences, length 9
# corresponding to MSA columns:
# 216-224
name=unknown_C
#
# <colnr> <probs for GDERKNQSTAVLIFYWHMCP>
#	G	D	E	R	K	N	Q	S	T	A	V	L	I	F	Y	W	H	M	C	P
0	0.01107	0.00779	0.00974	0.00965	0.01141	0.00754	0.00723	0.01407	0.01795	0.02556	0.29657	0.10528	0.15890	0.02428	0.14024	0.00435	0.00704	0.01298	0.12134	0.00701
1	0.02073	0.73217	0.04063	0.01327	0.01990	0.03068	0.01327	0.02322	0.01575	0.01824	0.01078	0.01244	0.00995	0.00663	0.00498	0.00166	0.00829	0.00415	0.00332	0.00995
2	0.13241	0.12255	0.02021	0.01261	0.01901	0.01647	0.01061	0.11397	0.01890	0.06328	0.01447	0.01593	0.01145	0.00681	0.00589	0.00165	0.00661	0.00498	0.00515	0.39704
3	0.02270	0.02312	0.02318	0.11218	0.06617	0.22685	0.06732	0.14709	0.11735	0.02769	0.01934	0.07678	0.01631	0.00973	0.00782	0.00239	0.01017	0.00803	0.00546	0.01032
4	0.01424	0.00880	0.01082	0.01000	0.01278	0.00779	0.00778	0.01718	0.02022	0.13160	0.32167	0.06059	0.27678	0.01653	0.00903	0.00256	0.00444	0.05105	0.00815	0.00797
5	0.01625	0.02197	0.16760	0.05211	0.15154	0.06831	0.11305	0.02106	0.01706	0.02265	0.02759	0.03033	0.14948	0.01242	0.03897	0.00295	0.06367	0.00886	0.00440	0.00972
6	0.01005	0.00766	0.00923	0.00933	0.01114	0.00685	0.00681	0.01265	0.01904	0.02533	0.34270	0.20042	0.27295	0.01887	0.00931	0.00265	0.00392	0.01647	0.00781	0.00685
7	0.02248	0.02099	0.02027	0.01753	0.02156	0.13164	0.01388	0.15334	0.34350	0.03135	0.02273	0.02275	0.01744	0.01032	0.01030	0.00258	0.11191	0.00752	0.00657	0.01135
8	0.02139	0.02088	0.02744	0.15244	0.37750	0.12046	0.02076	0.11679	0.02070	0.02690	0.01465	0.01858	0.01174	0.00757	0.00760	0.00231	0.01002	0.00663	0.00437	0.01129

[dist]
# distance from previous block
# <min> <max>
0	2

[block]
# block no. 3 follows, 25 sequences, length 13
# corresponding to MSA columns:
# 227-239
name=unknown_D
#
# <colnr> <probs for GDERKNQSTAVLIFYWHMCP>
#	G	D	E	R	K	N	Q	S	T	A	V	L	I	F	Y	W	H	M	C	P
0	0.01535	0.01002	0.01323	0.01249	0.01540	0.00943	0.01005	0.01815	0.01600	0.09963	0.02822	0.05010	0.02796	0.12701	0.14957	0.00531	0.00957	0.22388	0.00600	0.15262
1	0.17448	0.15592	0.11818	0.01468	0.02075	0.09819	0.01381	0.02768	0.03851	0.18504	0.06716	0.02056	0.01708	0.00855	0.00662	0.00223	0.00814	0.00626	0.00574	0.01041
2	0.01474	0.10896	0.37660	0.01732	0.02485	0.01594	0.02005	0.02111	0.01775	0.02515	0.16737	0.03400	0.02848	0.01092	0.00790	0.00249	0.00879	0.08281	0.00495	0.00982
3	0.01404	0.06152	0.44102	0.01745	0.02574	0.01505	0.02090	0.02078	0.01746	0.02477	0.13178	0.03207	0.12428	0.01064	0.00783	0.00244	0.00886	0.00867	0.00475	0.00995
4	0.01063	0.00791	0.00989	0.00940	0.01137	0.00717	0.00705	0.01397	0.02114	0.02917	0.56227	0.06108	0.18714	0.01657	0.00915	0.00247	0.00371	0.01446	0.00828	0.00717
5	0.01635	0.01234	0.01484	0.01154	0.01708	0.00963	0.00898	0.01934	0.01635	0.08010	0.02094	0.15694	0.02003	0.00975	0.00674	0.00165	0.00557	0.00832	0.00553	0.55798
6	0.02027	0.01723	0.02487	0.35832	0.16682	0.01964	0.01981	0.22299	0.02262	0.03018	0.01548	0.01972	0.01163	0.00808	0.00774	0.00245	0.00954	0.00692	0.00490	0.01079
7	0.01079	0.00731	0.00860	0.00907	0.00919	0.00720	0.00536	0.01115	0.01222	0.01629	0.02926	0.22791	0.03428	0.54203	0.03167	0.00636	0.00672	0.01412	0.00536	0.00512
8	0.01118	0.00784	0.01018	0.01066	0.01134	0.00816	0.00747	0.01260	0.01298	0.01759	0.02809	0.13215	0.03102	0.36029	0.20770	0.00774	0.01064	0.10132	0.00521	0.00584
9	0.01926	0.01918	0.02925	0.09241	0.50627	0.06615	0.02218	0.02337	0.01709	0.02366	0.01381	0.01867	0.01172	0.00786	0.00979	0.00244	0.09506	0.00676	0.00377	0.01131
10	0.01696	0.34502	0.21295	0.01421	0.02100	0.02079	0.01554	0.02138	0.01623	0.02189	0.02199	0.02348	0.09217	0.00877	0.00622	0.00202	0.00797	0.00652	0.11534	0.00956
11	0.01007	0.00745	0.00849	0.00894	0.01003	0.00686	0.00589	0.01127	0.01491	0.01909	0.08007	0.23632	0.25496	0.26772	0.01993	0.00446	0.00532	0.01597	0.00639	0.00587
12	0.54412	0.01460	0.01254	0.01086	0.01545	0.01644	0.00887	0.09931	0.01689	0.06621	0.01478	0.01635	0.01115	0.00783	0.00539	0.00230	0.00599	0.00515	0.11673	0.00903

[dist]
# distance from previous block
# <min> <max>
0	29

[block]
# block no. 4 follows, 25 sequences, length 50
# corresponding to MSA columns:
# 269-318
name=unknown_E
#
# <colnr> <probs for GDERKNQSTAVLIFYWHMCP>
#	G	D	E	R	K	N	Q	S	T	A	V	L	I	F	Y	W	H	M	C	P
0	0.01151	0.00817	0.01179	0.01179	0.01323	0.00938	0.00914	0.01439	0.01295	0.01940	0.02135	0.03026	0.01945	0.05186	0.60824	0.01110	0.01857	0.00817	0.10230	0.00696
1	0.01608	0.01378	0.01608	0.01148	0.01837	0.01034	0.00919	0.01952	0.01608	0.02527	0.01378	0.01608	0.01148	0.00574	0.00574	0.00115	0.00574	0.00459	0.00459	0.77491
2	0.01270	0.01087	0.01352	0.01288	0.01379	0.03638	0.00967	0.01455	0.01468	0.02019	0.12568	0.16176	0.07544	0.14430	0.13052	0.00528	0.17321	0.01220	0.00548	0.00691
3	0.01855	0.01410	0.01520	0.01361	0.01774	0.01526	0.01060	0.03342	0.43327	0.10329	0.04300	0.03988	0.18357	0.01266	0.00819	0.00260	0.00565	0.01052	0.00791	0.01097
4	0.01037	0.00804	0.00962	0.01026	0.01229	0.00729	0.00810	0.01294	0.01795	0.02276	0.14023	0.14933	0.34875	0.02018	0.00968	0.00293	0.00487	0.19025	0.00735	0.00679
5	0.02564	0.02534	0.05980	0.02530	0.14729	0.22897	0.08855	0.13168	0.05347	0.11251	0.01740	0.01892	0.01297	0.00814	0.00765	0.00228	0.01065	0.00672	0.00544	0.01128
6	0.01904	0.01774	0.02719	0.06422	0.46755	0.01862	0.02043	0.02859	0.20160	0.02714	0.01938	0.02202	0.01544	0.00797	0.00774	0.00241	0.00838	0.00744	0.00497	0.01214
7	0.02830	0.01970	0.02155	0.01695	0.02279	0.02156	0.01386	0.46291	0.14921	0.12728	0.02251	0.02149	0.01587	0.00957	0.00779	0.00239	0.00785	0.00741	0.00802	0.01302
8	0.02079	0.01787	0.01989	0.01691	0.02039	0.04772	0.01360	0.18966	0.24555	0.03261	0.09494	0.02603	0.02272	0.01145	0.01224	0.00269	0.17909	0.00827	0.00667	0.01089
9	0.01018	0.00751	0.00969	0.01116	0.01234	0.00702	0.00832	0.01221	0.01613	0.02088	0.04883	0.44112	0.16343	0.02270	0.00997	0.00316	0.00507	0.17653	0.00718	0.00656
10	0.01683	0.01334	0.02189	0.18440	0.13326	0.01341	0.09665	0.02097	0.01852	0.10852	0.13618	0.03712	0.14355	0.01119	0.00841	0.00250	0.00777	0.01019	0.00587	0.00944
11	0.02808	0.01350	0.01665	0.01362	0.01868	0.01317	0.01097	0.03653	0.20426	0.42509	0.03027	0.02740	0.02054	0.00980	0.00755	0.00240	0.00613	0.00801	0.09510	0.01226
12	0.01608	0.01378	0.01608	0.01148	0.01837	0.01034	0.00919	0.01952	0.01608	0.02527	0.01378	0.01608	0.01148	0.00574	0.00574	0.00115	0.00574	0.00459	0.00459	0.77491
13	0.24551	0.01882	0.01709	0.01526	0.01915	0.10667	0.01208	0.03156	0.30599	0.02963	0.02016	0.02065	0.01567	0.00960	0.00911	0.00258	0.09767	0.00668	0.00590	0.01022
14	0.02657	0.01443	0.01739	0.01448	0.01935	0.01456	0.01153	0.11470	0.20081	0.33712	0.03087	0.11523	0.02376	0.01170	0.00809	0.00255	0.00645	0.00978	0.00858	0.01206
15	0.24290	0.18531	0.05272	0.01233	0.01866	0.01771	0.01113	0.02395	0.01596	0.11142	0.01438	0.01555	0.01114	0.00695	0.00563	0.00186	0.00680	0.00484	0.00493	0.23584
16	0.02036	0.01827	0.01955	0.05013	0.02100	0.14109	0.01398	0.02467	0.08951	0.10579	0.02103	0.13444	0.01955	0.01317	0.01446	0.00285	0.26616	0.00931	0.00543	0.00926
17	0.11643	0.01890	0.03302	0.02481	0.03124	0.01923	0.38011	0.02941	0.20862	0.02835	0.01975	0.02222	0.01485	0.00780	0.00822	0.00259	0.01012	0.00840	0.00521	0.01073
18	0.01256	0.00699	0.01035	0.01058	0.01086	0.00716	0.00728	0.01080	0.01109	0.01502	0.01841	0.11420	0.01928	0.03170	0.13660	0.55112	0.00874	0.00895	0.00399	0.00432
19	0.01975	0.02607	0.20875	0.01670	0.02433	0.12638	0.01638	0.10399	0.01973	0.02706	0.01414	0.01614	0.01099	0.00703	0.00667	0.00181	0.00907	0.00529	0.00453	0.33520
20	0.02198	0.01477	0.02154	0.05235	0.02356	0.01495	0.12783	0.10722	0.12640	0.18360	0.02663	0.11464	0.02158	0.01089	0.00805	0.00251	0.00753	0.00983	0.09341	0.01075
21	0.02103	0.02418	0.02122	0.01879	0.02073	0.29913	0.01490	0.02288	0.01669	0.01905	0.01865	0.02225	0.08533	0.01196	0.01600	0.00273	0.34483	0.00713	0.00407	0.00847
22	0.00940	0.00695	0.00879	0.01026	0.01111	0.00634	0.00696	0.01086	0.01536	0.02000	0.04926	0.60438	0.16514	0.02344	0.00976	0.00305	0.00439	0.02101	0.00720	0.00634
23	0.01991	0.01460	0.01873	0.01600	0.01853	0.01716	0.01306	0.12456	0.04327	0.12342	0.11770	0.06662	0.05237	0.01368	0.01482	0.00287	0.26784	0.03877	0.00645	0.00965
24	0.03178	0.01247	0.01677	0.01311	0.01834	0.01090	0.01054	0.03439	0.02079	0.59877	0.02980	0.02951	0.02035	0.10154	0.01185	0.00305	0.00672	0.00824	0.00897	0.01211
25	0.00997	0.00729	0.00949	0.01105	0.01203	0.00681	0.00800	0.01180	0.01575	0.02056	0.04701	0.52376	0.13007	0.02317	0.00995	0.00316	0.00491	0.13156	0.00719	0.00648
26	0.12410	0.01727	0.01885	0.01501	0.02037	0.01849	0.01226	0.33600	0.07425	0.16818	0.09506	0.02455	0.02128	0.00992	0.00755	0.00238	0.00711	0.00771	0.00784	0.01185
27	0.01347	0.00673	0.01010	0.01010	0.01010	0.00673	0.00673	0.01010	0.01010	0.01347	0.01347	0.02357	0.01347	0.02694	0.03030	0.77441	0.00673	0.00673	0.00337	0.00337
28	0.00941	0.00689	0.00885	0.01042	0.01115	0.00633	0.00703	0.01084	0.01521	0.01994	0.04732	0.63948	0.13129	0.02370	0.00980	0.00308	0.00443	0.02132	0.00720	0.00633
29	0.01445	0.00723	0.00723	0.00723	0.00903	0.00723	0.00542	0.01807	0.01626	0.02891	0.02529	0.02891	0.01987	0.00903	0.00542	0.00181	0.00361	0.00723	0.77055	0.00723
30	0.01750	0.02803	0.31208	0.03434	0.30086	0.01844	0.12835	0.02429	0.01722	0.02492	0.01448	0.01828	0.01115	0.00704	0.00779	0.00242	0.01080	0.00677	0.00361	0.01163
31	0.00945	0.00675	0.00900	0.01080	0.01125	0.00630	0.00720	0.01080	0.01484	0.01979	0.04274	0.72245	0.05128	0.02429	0.00990	0.00315	0.00450	0.02204	0.00720	0.00630
32	0.00945	0.00675	0.00900	0.01080	0.01125	0.00630	0.00720	0.01080	0.01484	0.01979	0.04274	0.72245	0.05128	0.02429	0.00990	0.00315	0.00450	0.02204	0.00720	0.00630
33	0.01250	0.14054	0.01525	0.01057	0.01351	0.01231	0.00833	0.01663	0.08968	0.02142	0.05071	0.24225	0.30334	0.01756	0.00846	0.00260	0.00513	0.01489	0.00657	0.00774
34	0.01113	0.00809	0.01135	0.01135	0.01236	0.00909	0.00831	0.01314	0.01213	0.01718	0.02178	0.03607	0.02182	0.24317	0.51509	0.01109	0.01711	0.00913	0.00430	0.00631
35	0.01555	0.04011	0.68733	0.02210	0.03356	0.01801	0.02865	0.02455	0.01637	0.02455	0.01391	0.01637	0.00982	0.00737	0.00737	0.00246	0.01146	0.00573	0.00327	0.01146
36	0.02225	0.11247	0.10714	0.02231	0.02882	0.02064	0.22560	0.10697	0.01986	0.13402	0.01692	0.01937	0.01249	0.00846	0.01024	0.00251	0.10646	0.00730	0.00512	0.01103
37	0.01936	0.10749	0.34785	0.02006	0.06013	0.01725	0.04494	0.02542	0.01700	0.14333	0.01758	0.01987	0.01297	0.01414	0.09555	0.00363	0.01135	0.00645	0.00460	0.01103
38	0.01531	0.01195	0.01087	0.01029	0.01251	0.10207	0.00774	0.01947	0.04606	0.02853	0.27253	0.03797	0.03908	0.01156	0.00716	0.00211	0.00515	0.00959	0.34230	0.00771
39	0.01212	0.00823	0.00949	0.00948	0.00992	0.00832	0.00597	0.03682	0.01300	0.01727	0.02608	0.05364	0.02946	0.61975	0.03498	0.00687	0.00751	0.08068	0.00509	0.00530
40	0.16479	0.10204	0.14018	0.01585	0.02226	0.11087	0.01493	0.10534	0.03692	0.02824	0.01362	0.01552	0.01073	0.00768	0.00720	0.00209	0.04225	0.00526	0.00462	0.14962
41	0.01686	0.21255	0.02692	0.11111	0.17589	0.02004	0.01569	0.01974	0.01501	0.01987	0.01758	0.02453	0.04723	0.10293	0.04210	0.00342	0.10829	0.00722	0.00387	0.00914
42	0.01536	0.14068	0.04819	0.01520	0.01996	0.01524	0.11708	0.07535	0.01848	0.02389	0.03720	0.16141	0.20228	0.01364	0.00813	0.00241	0.00716	0.01197	0.00569	0.06068
43	0.02003	0.01923	0.01681	0.09255	0.02136	0.22164	0.01159	0.06810	0.01926	0.05640	0.10161	0.03011	0.02321	0.17679	0.01491	0.00337	0.00919	0.00808	0.00530	0.08045
44	0.01611	0.09920	0.21187	0.01553	0.02157	0.09154	0.01549	0.02041	0.01602	0.02148	0.01970	0.08761	0.03934	0.04604	0.10553	0.00377	0.01061	0.00777	0.00429	0.14610
45	0.02042	0.10416	0.13054	0.05321	0.05471	0.15827	0.01584	0.13733	0.02134	0.02692	0.06546	0.11072	0.02086	0.01061	0.00751	0.00231	0.00919	0.00849	0.03222	0.00987
46	0.02059	0.01989	0.02733	0.05232	0.28762	0.10476	0.09887	0.05768	0.06566	0.04945	0.04306	0.02093	0.01534	0.00773	0.00764	0.00222	0.00939	0.00714	0.00483	0.09756
47	0.02195	0.21706	0.07584	0.02087	0.12760	0.13204	0.01578	0.07309	0.07476	0.05140	0.01537	0.01697	0.01231	0.00749	0.00658	0.00197	0.00904	0.00566	0.00465	0.10956
48	0.15634	0.01165	0.01352	0.01392	0.06184	0.01212	0.00997	0.04345	0.06878	0.09015	0.11828	0.04059	0.02976	0.10362	0.01168	0.00318	0.00615	0.10339	0.09294	0.00865
49	0.01685	0.04636	0.11568	0.06644	0.04923	0.13849	0.01494	0.02123	0.03743	0.02216	0.06142	0.07786	0.04176	0.01693	0.09652	0.00363	0.03532	0.03762	0.00478	0.09539

[dist]
# distance from previous block
# <min> <max>
7	44

[block]
# block no. 5 follows, 25 sequences, length 24
# corresponding to MSA columns:
# 363-386
name=unknown_F
#
# <colnr> <probs for GDERKNQSTAVLIFYWHMCP>
#	G	D	E	R	K	N	Q	S	T	A	V	L	I	F	Y	W	H	M	C	P
0	0.20210	0.01176	0.01266	0.01186	0.01510	0.01242	0.00927	0.04955	0.10377	0.09989	0.12050	0.16736	0.03293	0.01378	0.00778	0.00264	0.00552	0.06039	0.05183	0.00890
1	0.02042	0.08968	0.27878	0.01702	0.02451	0.01754	0.01818	0.14746	0.02091	0.12037	0.02434	0.02519	0.08383	0.01328	0.06149	0.00315	0.00984	0.00746	0.00553	0.01102
2	0.01692	0.01911	0.10561	0.02109	0.07501	0.05088	0.12613	0.08756	0.01942	0.02581	0.05901	0.03915	0.13418	0.01252	0.01057	0.00272	0.08692	0.09252	0.00540	0.00945
3	0.01632	0.01560	0.07138	0.02027	0.13302	0.01481	0.01440	0.05693	0.19493	0.02582	0.02595	0.03889	0.02377	0.11910	0.08650	0.00445	0.00916	0.11314	0.00582	0.00973
4	0.01052	0.00791	0.00985	0.01017	0.01201	0.00724	0.00781	0.01337	0.01905	0.02532	0.31077	0.16203	0.23104	0.01906	0.00953	0.00279	0.00446	0.12242	0.00773	0.00693
5	0.02094	0.02387	0.13645	0.02083	0.09348	0.11489	0.01675	0.13623	0.23292	0.03016	0.02260	0.07756	0.01854	0.01013	0.00779	0.00247	0.00878	0.00827	0.00602	0.01134
6	0.01628	0.14968	0.29736	0.27832	0.06749	0.01994	0.02310	0.02252	0.01600	0.02172	0.01335	0.01742	0.01015	0.00736	0.00711	0.00236	0.01039	0.00594	0.00337	0.01017
7	0.01302	0.01084	0.01801	0.16929	0.02505	0.01132	0.10292	0.01573	0.01500	0.01977	0.02666	0.18687	0.02842	0.14011	0.01619	0.06420	0.00817	0.11623	0.00515	0.00704
8	0.01600	0.00962	0.01148	0.01093	0.01380	0.00889	0.00819	0.02011	0.08635	0.16873	0.05180	0.26085	0.26695	0.01790	0.00895	0.00274	0.00493	0.01543	0.00780	0.00855
9	0.10011	0.01517	0.01574	0.04745	0.01922	0.05236	0.01126	0.16332	0.16617	0.03066	0.02838	0.26179	0.02780	0.01435	0.00816	0.00268	0.00672	0.01214	0.00687	0.00966
10	0.01932	0.09945	0.17547	0.02672	0.18844	0.05024	0.06595	0.02390	0.01659	0.07426	0.01565	0.04802	0.01317	0.00918	0.01075	0.00252	0.13838	0.00712	0.00418	0.01069
11	0.02319	0.01964	0.02209	0.01839	0.02137	0.09375	0.01505	0.22166	0.02159	0.08169	0.01548	0.01895	0.01253	0.01469	0.06741	0.00352	0.30646	0.00685	0.00539	0.01028
12	0.01099	0.00803	0.01140	0.01154	0.01258	0.00900	0.00851	0.01310	0.01241	0.01755	0.02321	0.08867	0.02362	0.18763	0.51322	0.01076	0.01688	0.00997	0.00450	0.00643
13	0.08051	0.01913	0.05090	0.06851	0.19678	0.05037	0.17336	0.02372	0.01690	0.05647	0.01456	0.01856	0.01155	0.00766	0.00944	0.00238	0.08506	0.00686	0.00422	0.10307
14	0.01631	0.01329	0.01837	0.05125	0.02042	0.01392	0.08798	0.17679	0.02076	0.02761	0.03310	0.28245	0.09830	0.05466	0.01143	0.00304	0.04124	0.01394	0.00643	0.00872
15	0.01678	0.01089	0.01379	0.01242	0.01473	0.01171	0.00936	0.12403	0.01724	0.09373	0.02246	0.03357	0.02073	0.22804	0.32628	0.00831	0.01355	0.00884	0.00550	0.00805
16	0.14066	0.00883	0.00943	0.00996	0.01214	0.00860	0.00751	0.01369	0.01624	0.02365	0.08035	0.27031	0.26810	0.01902	0.00882	0.00284	0.00479	0.08132	0.00685	0.00688
17	0.09399	0.02640	0.02219	0.22687	0.08863	0.37196	0.01708	0.02626	0.01885	0.02125	0.01263	0.01630	0.01014	0.00775	0.00707	0.00224	0.01174	0.00565	0.00389	0.00911
18	0.46735	0.01578	0.01612	0.06626	0.08595	0.01777	0.01185	0.12374	0.01825	0.03472	0.06469	0.01837	0.01478	0.00823	0.00612	0.00239	0.00686	0.00589	0.00537	0.00949
19	0.09740	0.02602	0.32330	0.13693	0.03294	0.01664	0.11079	0.02249	0.01659	0.02562	0.06619	0.02124	0.01551	0.00805	0.00745	0.00246	0.00990	0.00698	0.04353	0.00996
20	0.01942	0.15329	0.35776	0.01899	0.02709	0.15812	0.02091	0.05298	0.01876	0.02396	0.06633	0.01866	0.01512	0.00814	0.00705	0.00222	0.01068	0.00603	0.00405	0.01044
21	0.01992	0.19793	0.02599	0.05161	0.15887	0.17094	0.01508	0.02472	0.08613	0.02172	0.01959	0.13657	0.01892	0.01044	0.00725	0.00226	0.00897	0.00855	0.00472	0.00979
22	0.17542	0.02235	0.01920	0.07030	0.02353	0.20888	0.01336	0.15173	0.10044	0.11526	0.01795	0.01854	0.01317	0.00859	0.00698	0.00231	0.00917	0.00619	0.00603	0.01060
23	0.12661	0.01392	0.01864	0.01961	0.13890	0.01446	0.04110	0.02352	0.08644	0.10274	0.11642	0.03120	0.06234	0.06801	0.01148	0.00286	0.06033	0.00873	0.00602	0.04669

[dist]
# distance from previous block
# <min> <max>
14	23

[block]
# block no. 6 follows, 25 sequences, length 58
# corresponding to MSA columns:
# 449-506
name=unknown_G
#
# <colnr> <probs for GDERKNQSTAVLIFYWHMCP>
#	G	D	E	R	K	N	Q	S	T	A	V	L	I	F	Y	W	H	M	C	P
0	0.01708	0.00950	0.01213	0.01170	0.01424	0.00889	0.00865	0.02091	0.07489	0.19684	0.09185	0.37103	0.09447	0.01815	0.00905	0.00280	0.00508	0.01601	0.00800	0.00874
1	0.01839	0.09170	0.18663	0.10295	0.03708	0.07669	0.32685	0.02457	0.01762	0.02311	0.01431	0.01849	0.01085	0.00699	0.00802	0.00243	0.01203	0.00731	0.00367	0.01031
2	0.02182	0.11351	0.05644	0.04839	0.05429	0.11123	0.18236	0.15827	0.07582	0.02812	0.01687	0.02071	0.01351	0.05311	0.00965	0.00264	0.01037	0.00729	0.00500	0.01060
3	0.02499	0.18255	0.02476	0.04217	0.02211	0.02146	0.01326	0.26795	0.09771	0.13361	0.07486	0.02289	0.01943	0.00936	0.00725	0.00224	0.00758	0.00724	0.00692	0.01167
4	0.01017	0.00780	0.00928	0.00914	0.01107	0.00702	0.00673	0.01282	0.01902	0.02525	0.34964	0.11632	0.29857	0.04815	0.03169	0.00308	0.00451	0.01527	0.00763	0.00682
5	0.02251	0.22825	0.16675	0.01821	0.02534	0.08475	0.06990	0.10066	0.09227	0.09403	0.01722	0.01810	0.01294	0.00795	0.00695	0.00220	0.00949	0.00619	0.00509	0.01119
6	0.05373	0.01709	0.02163	0.05056	0.16854	0.01819	0.01519	0.21504	0.13942	0.11860	0.04088	0.04860	0.03789	0.00988	0.00780	0.00244	0.00757	0.00826	0.00684	0.01186
7	0.01936	0.01931	0.02950	0.14001	0.53463	0.07503	0.02273	0.02383	0.01771	0.02401	0.01425	0.01897	0.01181	0.00712	0.00763	0.00232	0.00977	0.00675	0.00379	0.01148
8	0.08097	0.02165	0.18977	0.02306	0.15686	0.03961	0.01857	0.06874	0.01823	0.02630	0.02467	0.03624	0.07074	0.01170	0.00912	0.00269	0.04954	0.13658	0.00501	0.00995
9	0.04451	0.01925	0.15170	0.17303	0.06762	0.01625	0.04362	0.05584	0.01819	0.09890	0.09989	0.02681	0.05191	0.01007	0.00983	0.00258	0.08676	0.00810	0.00522	0.00993
10	0.01746	0.21044	0.24289	0.02247	0.03037	0.02130	0.22528	0.02321	0.01657	0.02248	0.01535	0.06127	0.01311	0.00821	0.00817	0.00238	0.03748	0.00750	0.00375	0.01030
11	0.00952	0.00694	0.00881	0.01026	0.01097	0.00641	0.00687	0.01087	0.01500	0.01965	0.04636	0.59379	0.13314	0.06791	0.01166	0.00335	0.00461	0.02061	0.00704	0.00623
12	0.01797	0.03282	0.44048	0.01998	0.02846	0.08272	0.02282	0.04758	0.06466	0.04745	0.06539	0.02062	0.01606	0.00879	0.00858	0.00247	0.05110	0.00668	0.00444	0.01091
13	0.01852	0.02323	0.21761	0.12291	0.08787	0.01741	0.15611	0.02541	0.05198	0.09813	0.04944	0.02206	0.01544	0.00840	0.00904	0.00255	0.05084	0.00759	0.00470	0.01077
14	0.01581	0.01090	0.01616	0.09563	0.13016	0.01076	0.01289	0.01887	0.01748	0.11712	0.06687	0.24298	0.08794	0.01618	0.00901	0.00282	0.00655	0.10651	0.00661	0.00875
15	0.01771	0.01877	0.03004	0.37865	0.11567	0.09331	0.18948	0.02283	0.01721	0.02167	0.01418	0.01983	0.01089	0.00736	0.00803	0.00250	0.01135	0.00729	0.00368	0.00955
16	0.04990	0.05542	0.07964	0.02790	0.20839	0.06141	0.10904	0.09272	0.01928	0.02656	0.01828	0.02838	0.01642	0.00998	0.00953	0.00260	0.06865	0.10068	0.00473	0.01048
17	0.01647	0.02658	0.31779	0.02694	0.19520	0.01666	0.07239	0.05579	0.01839	0.02605	0.05994	0.02648	0.08887	0.00915	0.00791	0.00244	0.00956	0.00804	0.00445	0.01089
18	0.01422	0.01037	0.01195	0.01157	0.01415	0.01030	0.00870	0.08765	0.09601	0.05839	0.08784	0.27951	0.21762	0.01833	0.00910	0.00278	0.00514	0.04055	0.00754	0.00828
19	0.01613	0.02026	0.17186	0.11764	0.02870	0.01636	0.09348	0.06370	0.14446	0.02635	0.05778	0.14075	0.02338	0.01154	0.00884	0.00266	0.03038	0.01019	0.00550	0.01002
20	0.01802	0.02450	0.23080	0.07233	0.16489	0.01818	0.13882	0.10305	0.01906	0.02682	0.01574	0.01993	0.01222	0.01306	0.08485	0.00356	0.01189	0.00713	0.00419	0.01097
21	0.01231	0.00810	0.00966	0.00996	0.01210	0.00712	0.00734	0.01425	0.01713	0.09477	0.05786	0.31103	0.33649	0.02034	0.00937	0.00284	0.00461	0.05004	0.00746	0.00723
22	0.02159	0.10123	0.03576	0.03068	0.19489	0.07810	0.26008	0.13188	0.02125	0.02782	0.01505	0.01856	0.01178	0.00723	0.00789	0.00233	0.01087	0.00731	0.00449	0.01120
23	0.02558	0.10422	0.10278	0.01943	0.06094	0.18672	0.01629	0.06483	0.01973	0.19129	0.01708	0.01828	0.01266	0.00903	0.00989	0.00236	0.11649	0.00620	0.00538	0.01082
24	0.01560	0.06605	0.36646	0.01864	0.02569	0.05610	0.02085	0.02146	0.01619	0.02238	0.02210	0.02979	0.07016	0.01384	0.05311	0.00326	0.08828	0.07617	0.00415	0.00973
25	0.01135	0.00922	0.01047	0.01137	0.01277	0.04688	0.00841	0.01364	0.01748	0.02266	0.16843	0.36955	0.12462	0.02068	0.00963	0.00295	0.00526	0.12054	0.00726	0.00682
26	0.08089	0.02827	0.34337	0.02667	0.14047	0.01768	0.15493	0.02393	0.01672	0.02588	0.01485	0.01827	0.01116	0.00721	0.00745	0.00242	0.01047	0.00661	0.05190	0.01086
27	0.02126	0.02732	0.30677	0.09562	0.02940	0.09176	0.02014	0.05164	0.01887	0.17034	0.01998	0.07803	0.01558	0.00947	0.00769	0.00246	0.00984	0.00765	0.00528	0.01089
28	0.13581	0.02167	0.01606	0.07245	0.02004	0.30139	0.01126	0.02219	0.01650	0.02024	0.01603	0.02589	0.01556	0.22077	0.05015	0.00424	0.01091	0.00703	0.00428	0.00751
29	0.07216	0.21477	0.18742	0.01577	0.02311	0.01968	0.01614	0.06015	0.05655	0.23324	0.01939	0.01907	0.01369	0.00814	0.00674	0.00222	0.00827	0.00610	0.00586	0.01154
30	0.02007	0.06511	0.18884	0.13483	0.06345	0.13437	0.01820	0.02457	0.01784	0.11628	0.02016	0.12497	0.01770	0.01036	0.00769	0.00244	0.00966	0.00853	0.00496	0.00997
31	0.01157	0.00927	0.01069	0.01173	0.01291	0.03491	0.00816	0.01574	0.09928	0.02210	0.07988	0.56377	0.04750	0.02135	0.00948	0.00299	0.00503	0.01916	0.00725	0.00724
32	0.01566	0.01424	0.02187	0.03007	0.37079	0.01348	0.01608	0.01910	0.01686	0.02355	0.02875	0.10733	0.12873	0.04004	0.00918	0.00250	0.00723	0.01002	0.00492	0.11959
33	0.01876	0.02365	0.21265	0.02851	0.21112	0.01707	0.11658	0.02440	0.01719	0.07982	0.01551	0.01868	0.01185	0.00746	0.00866	0.00230	0.05400	0.00665	0.00426	0.12086
34	0.01642	0.01745	0.11651	0.38931	0.06540	0.01639	0.01940	0.08979	0.01715	0.02290	0.01432	0.02025	0.01118	0.01105	0.01148	0.13194	0.00965	0.00671	0.00391	0.00880
35	0.01590	0.01705	0.01305	0.01270	0.01530	0.22718	0.00948	0.01805	0.01910	0.02138	0.11626	0.15236	0.27028	0.01629	0.00865	0.00253	0.00736	0.04336	0.00632	0.00740
36	0.02246	0.12439	0.08049	0.02725	0.23226	0.11646	0.01852	0.05910	0.01852	0.09724	0.01495	0.01770	0.01193	0.00850	0.00988	0.00236	0.11625	0.00623	0.00453	0.01099
37	0.01628	0.01699	0.09263	0.11691	0.07685	0.01601	0.01520	0.02875	0.29949	0.02887	0.17437	0.03227	0.03074	0.01072	0.00808	0.00253	0.00700	0.00922	0.00656	0.01051
38	0.01368	0.00789	0.01044	0.01113	0.01263	0.00717	0.00783	0.01534	0.01624	0.13131	0.04277	0.56827	0.08204	0.02156	0.00950	0.00299	0.00482	0.01933	0.00760	0.00747
39	0.02204	0.05924	0.06040	0.08720	0.09439	0.12893	0.01546	0.19254	0.04819	0.03032	0.01735	0.01985	0.01343	0.00858	0.00765	0.00222	0.03336	0.00652	0.14191	0.01042
40	0.06946	0.02064	0.13296	0.01783	0.02363	0.07215	0.11055	0.06544	0.09206	0.11159	0.10182	0.06533	0.06123	0.01066	0.00803	0.00249	0.00843	0.00923	0.00619	0.01027
41	0.02017	0.36663	0.30463	0.01697	0.02552	0.02330	0.01940	0.02540	0.01673	0.09527	0.01428	0.01562	0.01093	0.00727	0.00628	0.00207	0.00941	0.00521	0.00400	0.01093
42	0.01366	0.01365	0.01504	0.01416	0.01649	0.12387	0.08015	0.01583	0.01703	0.02046	0.04217	0.38692	0.17303	0.01858	0.00917	0.00278	0.00693	0.01653	0.00629	0.00727
43	0.01638	0.02310	0.21959	0.02473	0.10067	0.01646	0.19554	0.05614	0.05568	0.02554	0.02387	0.12911	0.05647	0.01064	0.00844	0.00260	0.00971	0.01014	0.00485	0.01034
44	0.01931	0.09886	0.03055	0.12142	0.33167	0.07617	0.09307	0.02472	0.05500	0.02379	0.01537	0.01933	0.01247	0.00733	0.00742	0.00228	0.00971	0.00682	0.03384	0.01086
45	0.00991	0.00787	0.00900	0.00946	0.01155	0.00696	0.00724	0.01222	0.01777	0.02226	0.13437	0.16750	0.42353	0.02015	0.00950	0.00282	0.00447	0.10939	0.00734	0.00669
46	0.01818	0.13280	0.39079	0.02663	0.18141	0.07295	0.02427	0.02469	0.01702	0.02341	0.01348	0.01628	0.01043	0.00720	0.00707	0.00227	0.01068	0.00572	0.00347	0.01124
47	0.08109	0.09464	0.19728	0.06022	0.02420	0.01780	0.01715	0.05865	0.05130	0.04781	0.02018	0.07893	0.01845	0.01325	0.03753	0.00306	0.08718	0.07667	0.00492	0.00969
48	0.12870	0.01143	0.01613	0.01405	0.01760	0.01089	0.08054	0.02213	0.01719	0.22068	0.03152	0.33488	0.03116	0.01548	0.00846	0.00276	0.00630	0.01380	0.00720	0.00912
49	0.01428	0.01127	0.01317	0.01222	0.01497	0.01208	0.00944	0.02271	0.21330	0.05226	0.17256	0.07326	0.19379	0.01979	0.08550	0.00373	0.04760	0.01204	0.00722	0.00884
50	0.11651	0.01777	0.05469	0.06304	0.11627	0.05570	0.01456	0.04729	0.19997	0.13938	0.07674	0.02517	0.02088	0.00936	0.00747	0.00244	0.00750	0.00766	0.00651	0.01109
51	0.02302	0.02740	0.10487	0.02751	0.12270	0.21242	0.20515	0.13177	0.02208	0.02724	0.01477	0.01781	0.01135	0.00756	0.00789	0.00233	0.01184	0.00691	0.00450	0.01087
52	0.08080	0.01357	0.01875	0.09239	0.02271	0.01416	0.10229	0.14414	0.02101	0.03033	0.11658	0.10274	0.09309	0.01201	0.00798	0.00247	0.00703	0.01054	0.09843	0.00898
53	0.01552	0.01453	0.02459	0.26514	0.24421	0.01561	0.07173	0.02050	0.04234	0.02252	0.02096	0.16701	0.02016	0.01094	0.00830	0.00262	0.00882	0.01032	0.00457	0.00962
54	0.14853	0.25117	0.11458	0.07353	0.02446	0.09767	0.01536	0.06701	0.09455	0.02575	0.01456	0.01621	0.01155	0.00771	0.00625	0.00216	0.00889	0.00542	0.00448	0.01016
55	0.02317	0.08258	0.20773	0.01699	0.02397	0.01812	0.01701	0.16773	0.07326	0.17636	0.02058	0.02134	0.01483	0.01413	0.08398	0.00347	0.01007	0.00686	0.00615	0.01167
56	0.01539	0.01407	0.08696	0.01194	0.01554	0.01204	0.01027	0.08585	0.12704	0.02767	0.03382	0.09371	0.12156	0.08601	0.01074	0.00289	0.00595	0.01033	0.21948	0.00872
57	0.01877	0.04361	0.08988	0.10611	0.12866	0.01482	0.01553	0.07573	0.05410	0.12288	0.09451	0.09171	0.08779	0.01153	0.00808	0.00248	0.00745	0.00990	0.00620	0.01026

[dist]
# distance from previous block
# <min> <max>
0	7

[block]
# block no. 7 follows, 25 sequences, length 31
# corresponding to MSA columns:
# 541-571
name=unknown_H
#
# <colnr> <probs for GDERKNQSTAVLIFYWHMCP>
#	G	D	E	R	K	N	Q	S	T	A	V	L	I	F	Y	W	H	M	C	P
0	0.02349	0.12912	0.02100	0.05944	0.02098	0.01684	0.01233	0.15487	0.04363	0.20809	0.02748	0.03441	0.05894	0.06961	0.01035	0.00286	0.00748	0.08165	0.00691	0.01053
1	0.01823	0.01409	0.02022	0.07748	0.14341	0.01543	0.04257	0.09678	0.03482	0.06677	0.02232	0.13551	0.02031	0.01164	0.01022	0.00256	0.10605	0.00961	0.14234	0.00966
2	0.01843	0.02474	0.19138	0.03379	0.29029	0.04660	0.15014	0.02545	0.06231	0.02496	0.01551	0.01921	0.01218	0.00755	0.00872	0.00246	0.04376	0.00712	0.00398	0.01140
3	0.02078	0.02067	0.02654	0.09157	0.19980	0.12803	0.08076	0.11921	0.01996	0.02589	0.01606	0.06702	0.01419	0.00977	0.01075	0.00255	0.12364	0.00786	0.00460	0.01034
4	0.01717	0.01437	0.07814	0.12391	0.06871	0.01242	0.01372	0.02285	0.08692	0.14167	0.06313	0.08595	0.19211	0.01322	0.00839	0.00260	0.00684	0.03176	0.00657	0.00955
5	0.01387	0.01333	0.01368	0.12170	0.02030	0.13153	0.01104	0.01602	0.01634	0.01978	0.03264	0.46108	0.03723	0.01868	0.00907	0.00287	0.00721	0.04040	0.00604	0.00717
6	0.02208	0.09019	0.09707	0.16413	0.05635	0.16297	0.13489	0.07940	0.01991	0.07785	0.01530	0.01833	0.01147	0.00769	0.00755	0.00232	0.01104	0.00661	0.00450	0.01034
7	0.01901	0.13629	0.23088	0.02039	0.06914	0.01742	0.11355	0.02425	0.01777	0.12624	0.02670	0.02753	0.11860	0.00941	0.00763	0.00236	0.00908	0.00810	0.00503	0.01061
8	0.01459	0.02825	0.41301	0.04672	0.10980	0.01523	0.02268	0.02110	0.01625	0.02345	0.02110	0.16442	0.02018	0.01141	0.00809	0.00263	0.00952	0.03702	0.00433	0.01021
9	0.01800	0.02028	0.11950	0.07896	0.20164	0.01788	0.11785	0.06763	0.15151	0.02723	0.02097	0.08642	0.01773	0.00949	0.00812	0.00254	0.00910	0.00888	0.00515	0.01111
10	0.02331	0.02086	0.02286	0.02327	0.14982	0.17324	0.05763	0.14020	0.04885	0.09854	0.07631	0.08775	0.02191	0.01038	0.00799	0.00237	0.00913	0.00881	0.00608	0.01068
11	0.02115	0.02546	0.23442	0.02673	0.20363	0.06469	0.02102	0.07702	0.01905	0.11809	0.01681	0.01937	0.01263	0.01093	0.04631	0.00297	0.05688	0.00660	0.00479	0.01145
12	0.01130	0.00880	0.01047	0.01113	0.01275	0.00875	0.00791	0.01664	0.13225	0.02328	0.10503	0.43546	0.14604	0.02032	0.00935	0.00291	0.00462	0.01804	0.00745	0.00750
13	0.01777	0.04352	0.18080	0.20567	0.03191	0.06257	0.04648	0.04793	0.01768	0.08820	0.02140	0.16125	0.01951	0.01118	0.00802	0.00257	0.00929	0.00965	0.00500	0.00962
14	0.02017	0.10789	0.10580	0.07056	0.13045	0.08143	0.16841	0.02558	0.04348	0.08862	0.01958	0.04981	0.03634	0.00854	0.00777	0.00237	0.01004	0.00789	0.00470	0.01058
15	0.01114	0.00947	0.01435	0.01305	0.01557	0.00865	0.09746	0.01403	0.01779	0.02329	0.17073	0.24807	0.23939	0.01854	0.00949	0.00281	0.00558	0.06637	0.00699	0.00722
16	0.01866	0.02855	0.37296	0.01918	0.02721	0.06213	0.06216	0.02485	0.01800	0.12717	0.05784	0.08798	0.03884	0.01012	0.00791	0.00249	0.00967	0.00853	0.00513	0.01063
17	0.02239	0.14326	0.28662	0.01827	0.02610	0.11527	0.01928	0.06315	0.07929	0.12798	0.01764	0.01826	0.01280	0.00808	0.00707	0.00226	0.00989	0.00604	0.00504	0.01131
18	0.01794	0.05759	0.38508	0.02688	0.11160	0.01939	0.16681	0.07582	0.01858	0.02646	0.01466	0.01777	0.01084	0.00725	0.00775	0.00243	0.01119	0.00669	0.00386	0.01142
19	0.02037	0.02055	0.01729	0.01749	0.07941	0.24612	0.01215	0.02591	0.12100	0.06931	0.08495	0.03695	0.19262	0.01206	0.00799	0.00235	0.00837	0.00963	0.00617	0.00933
20	0.02089	0.02444	0.15813	0.07797	0.18944	0.13799	0.06464	0.02648	0.04790	0.09786	0.01854	0.06799	0.01520	0.00890	0.00778	0.00241	0.01011	0.00772	0.00480	0.01081
21	0.01709	0.07203	0.25835	0.14849	0.23240	0.01918	0.06881	0.02320	0.01653	0.02334	0.01387	0.01806	0.01082	0.00744	0.00823	0.00243	0.03883	0.00647	0.00353	0.01093
22	0.00965	0.00722	0.00875	0.00969	0.01083	0.00655	0.00664	0.01126	0.01595	0.02069	0.10535	0.42981	0.22573	0.07970	0.01204	0.00330	0.00451	0.01889	0.00711	0.00632
23	0.02038	0.10666	0.15639	0.02866	0.14780	0.15712	0.22406	0.02566	0.01829	0.02295	0.01387	0.01742	0.01094	0.00706	0.00765	0.00230	0.01173	0.00672	0.00373	0.01062
24	0.02190	0.16570	0.14714	0.07736	0.21989	0.02016	0.01959	0.08414	0.01934	0.12858	0.01651	0.01850	0.01239	0.00764	0.00711	0.00224	0.00904	0.00628	0.00487	0.01162
25	0.01415	0.01293	0.02140	0.17108	0.10404	0.01338	0.11371	0.01929	0.05588	0.02349	0.08610	0.13148	0.09995	0.01348	0.00889	0.00274	0.00794	0.08571	0.00562	0.00872
26	0.01012	0.00782	0.00932	0.00973	0.01165	0.00702	0.00738	0.01261	0.01826	0.02358	0.21566	0.18807	0.32808	0.01977	0.00950	0.00280	0.00440	0.09996	0.00752	0.00677
27	0.02076	0.02412	0.18184	0.02694	0.16587	0.07273	0.13278	0.05060	0.06368	0.10646	0.01812	0.02070	0.01357	0.01109	0.05327	0.00307	0.01102	0.00721	0.00489	0.01129
28	0.02177	0.02407	0.12820	0.02627	0.19081	0.14403	0.05980	0.07088	0.08056	0.08703	0.01972	0.07686	0.01639	0.00933	0.00781	0.00240	0.00974	0.00801	0.00525	0.01108
29	0.01888	0.02124	0.04065	0.06734	0.03847	0.06406	0.52257	0.02630	0.07121	0.02480	0.01663	0.02110	0.01254	0.00702	0.00883	0.00257	0.01242	0.00872	0.00422	0.01041
30	0.22996	0.18158	0.02064	0.01440	0.06273	0.01913	0.01112	0.06930	0.11133	0.02817	0.02833	0.02836	0.14653	0.01020	0.00659	0.00229	0.00654	0.00770	0.00554	0.00957

[dist]
# distance from previous block
# <min> <max>
0	1

[block]
# block no. 8 follows, 25 sequences, length 25
# corresponding to MSA columns:
# 582-606
name=unknown_I
#
# <colnr> <probs for GDERKNQSTAVLIFYWHMCP>
#	G	D	E	R	K	N	Q	S	T	A	V	L	I	F	Y	W	H	M	C	P
