[name]
unknown

[dist]
# distance from previous block
# <min> <max>
130	1534

[block]
# block no. 0 follows, 22 sequences, length 15
# corresponding to MSA columns:
# 1962-1976
name=unknown_A
#
# <colnr> <probs for GDERKNQSTAVLIFYWHMCP>
#	G	D	E	R	K	N	Q	S	T	A	V	L	I	F	Y	W	H	M	C	P
0	0.02143	0.01786	0.02331	0.13128	0.02845	0.04215	0.04455	0.16061	0.02183	0.06548	0.04811	0.05009	0.01783	0.01337	0.04018	0.00318	0.17272	0.00832	0.00572	0.08353
1	0.11470	0.01520	0.01972	0.08048	0.02427	0.01475	0.06571	0.06059	0.06430	0.08730	0.09432	0.02581	0.02187	0.00905	0.00746	0.00219	0.00727	0.00765	0.04139	0.23597
2	0.09336	0.02997	0.25084	0.08197	0.03435	0.09773	0.14375	0.07975	0.02015	0.02864	0.01515	0.01842	0.01128	0.00790	0.00794	0.00252	0.01165	0.00678	0.00442	0.05343
3	0.08847	0.07899	0.10393	0.10407	0.05532	0.01566	0.06911	0.02074	0.01965	0.02879	0.26430	0.03722	0.05748	0.01171	0.00844	0.00257	0.00778	0.01019	0.00611	0.00947
4	0.09153	0.08305	0.13049	0.02329	0.08317	0.01897	0.16000	0.07875	0.03643	0.02821	0.02239	0.10151	0.04027	0.05325	0.01041	0.00299	0.00976	0.00977	0.00518	0.01058
5	0.02668	0.02102	0.06027	0.13877	0.03142	0.04274	0.04614	0.25171	0.11758	0.14424	0.02255	0.02318	0.01592	0.00961	0.00836	0.00261	0.00937	0.00785	0.00724	0.01271
6	0.01472	0.01306	0.01490	0.01655	0.07800	0.05794	0.01115	0.01915	0.07347	0.02423	0.04201	0.27505	0.14015	0.01811	0.00939	0.00284	0.00655	0.07796	0.00684	0.09793
7	0.01225	0.01680	0.17924	0.01440	0.01832	0.01028	0.01368	0.01647	0.01837	0.02577	0.20026	0.35405	0.04976	0.01892	0.00969	0.00298	0.00650	0.01680	0.00701	0.00847
8	0.02332	0.01986	0.02050	0.12925	0.02671	0.11922	0.01450	0.23483	0.02488	0.05246	0.02161	0.09185	0.01975	0.12339	0.01454	0.00351	0.03386	0.00947	0.00623	0.01026
9	0.01946	0.01250	0.01326	0.01151	0.01436	0.01325	0.00861	0.20100	0.02256	0.03358	0.02471	0.03369	0.02143	0.19007	0.01598	0.00368	0.00654	0.00878	0.33605	0.00897
10	0.01611	0.01220	0.01689	0.05675	0.05574	0.01219	0.04765	0.07712	0.04183	0.05867	0.25344	0.09466	0.09923	0.10439	0.01362	0.00339	0.00667	0.01304	0.00741	0.00899
11	0.01516	0.09624	0.01790	0.01337	0.01513	0.04603	0.01036	0.01658	0.01510	0.01933	0.03466	0.04484	0.18081	0.23791	0.02411	0.00455	0.18429	0.01101	0.00515	0.00747
12	0.01115	0.00840	0.01077	0.01102	0.01243	0.00860	0.00796	0.01313	0.01488	0.01974	0.04203	0.13557	0.19019	0.17108	0.29589	0.00832	0.01261	0.01364	0.00583	0.00677
13	0.02333	0.53092	0.03764	0.01559	0.02200	0.12602	0.01436	0.02840	0.09227	0.02147	0.01439	0.01568	0.01242	0.00782	0.00602	0.00195	0.00951	0.00517	0.00424	0.01081
14	0.01377	0.09344	0.01589	0.01308	0.01565	0.01202	0.01017	0.01796	0.07243	0.02343	0.03730	0.38727	0.04163	0.01998	0.00950	0.00300	0.00609	0.11914	0.00700	0.08126

[dist]
# distance from previous block
# <min> <max>
18	23

[block]
# block no. 1 follows, 22 sequences, length 8
# corresponding to MSA columns:
# 2005-2012
name=unknown_B
#
# <colnr> <probs for GDERKNQSTAVLIFYWHMCP>
#	G	D	E	R	K	N	Q	S	T	A	V	L	I	F	Y	W	H	M	C	P
0	0.06996	0.20361	0.26027	0.07441	0.02883	0.08529	0.02002	0.02630	0.01799	0.06002	0.01558	0.01800	0.01193	0.00806	0.00692	0.00232	0.01024	0.00588	0.06349	0.01088
1	0.07831	0.11859	0.11095	0.01499	0.02018	0.07129	0.01363	0.05514	0.01971	0.07612	0.10582	0.18129	0.03062	0.01339	0.00810	0.00254	0.00781	0.01107	0.00628	0.05417
2	0.02124	0.04520	0.09301	0.01519	0.02034	0.01554	0.01325	0.15606	0.05975	0.11643	0.08541	0.13748	0.02912	0.08132	0.01184	0.00311	0.00754	0.01098	0.00723	0.06998
3	0.10141	0.07871	0.02167	0.11964	0.13579	0.01571	0.01472	0.02366	0.01866	0.12821	0.09722	0.12586	0.02720	0.01183	0.00809	0.00257	0.00751	0.01014	0.00626	0.04516
4	0.02062	0.01965	0.05404	0.06100	0.02370	0.07483	0.01449	0.15711	0.10766	0.03193	0.08968	0.06303	0.06421	0.01213	0.01044	0.00259	0.08323	0.00941	0.00655	0.09372
5	0.07990	0.07697	0.06386	0.01730	0.02301	0.05219	0.08744	0.05058	0.01947	0.10352	0.07469	0.08706	0.02247	0.01071	0.00908	0.00240	0.05235	0.00885	0.00595	0.15219
6	0.06293	0.13279	0.16251	0.01609	0.02199	0.01842	0.01558	0.05207	0.07007	0.05978	0.02213	0.12247	0.02070	0.06661	0.01160	0.00298	0.05132	0.00924	0.00548	0.07522
7	0.41436	0.01797	0.07578	0.01379	0.01940	0.01737	0.01224	0.02903	0.10996	0.12356	0.01918	0.02028	0.01427	0.01336	0.06445	0.00355	0.00846	0.00632	0.00616	0.01053

[dist]
# distance from previous block
# <min> <max>
18	67

[block]
# block no. 2 follows, 22 sequences, length 10
# corresponding to MSA columns:
# 2118-2127
name=unknown_C
#
# <colnr> <probs for GDERKNQSTAVLIFYWHMCP>
#	G	D	E	R	K	N	Q	S	T	A	V	L	I	F	Y	W	H	M	C	P
0	0.17408	0.18976	0.05138	0.06214	0.06958	0.02054	0.01443	0.06283	0.01915	0.14952	0.01714	0.01837	0.01282	0.00802	0.00666	0.00222	0.00808	0.00592	0.00565	0.10170
1	0.02264	0.17082	0.19028	0.01770	0.02497	0.06058	0.01764	0.13077	0.04816	0.08778	0.02095	0.09732	0.01794	0.01049	0.00770	0.00242	0.00930	0.00826	0.00579	0.04849
2	0.02755	0.16585	0.13943	0.01833	0.02598	0.02122	0.05285	0.14358	0.05816	0.23290	0.02201	0.02158	0.01537	0.00901	0.00773	0.00243	0.00912	0.00714	0.00689	0.01287
3	0.24549	0.01558	0.01691	0.05933	0.02154	0.01666	0.01224	0.12910	0.06288	0.10668	0.07660	0.03218	0.02334	0.01119	0.00772	0.00264	0.00720	0.07886	0.00702	0.06683
4	0.10387	0.01279	0.01341	0.01251	0.01576	0.05077	0.00934	0.05052	0.01917	0.07360	0.10521	0.29489	0.07242	0.01684	0.00876	0.00269	0.00606	0.01447	0.00721	0.10970
5	0.01860	0.01482	0.01949	0.06247	0.12412	0.01505	0.01418	0.17017	0.02258	0.03090	0.02852	0.25766	0.02949	0.01523	0.00900	0.00273	0.00744	0.04740	0.00667	0.10349
6	0.01862	0.01649	0.02039	0.18359	0.02960	0.05401	0.03798	0.09463	0.08713	0.02835	0.06255	0.07542	0.02207	0.05116	0.01010	0.00270	0.00847	0.00899	0.00582	0.18194
7	0.25978	0.01625	0.05789	0.01375	0.01877	0.01545	0.01165	0.07108	0.09088	0.15708	0.02959	0.13550	0.06444	0.01268	0.00777	0.00274	0.00675	0.01013	0.00725	0.01058
8	0.02322	0.01884	0.02920	0.15782	0.20635	0.01989	0.10144	0.12669	0.09755	0.10402	0.02049	0.02316	0.01517	0.00874	0.00851	0.00263	0.00982	0.00808	0.00596	0.01241
9	0.01949	0.09160	0.26363	0.02433	0.12862	0.01889	0.02155	0.02492	0.01762	0.09752	0.02044	0.11135	0.01816	0.01126	0.01046	0.00274	0.09215	0.00893	0.00497	0.01135

[dist]
# distance from previous block
# <min> <max>
0	2

[block]
# block no. 3 follows, 22 sequences, length 7
# corresponding to MSA columns:
# 2130-2136
name=unknown_D
#
# <colnr> <probs for GDERKNQSTAVLIFYWHMCP>
#	G	D	E	R	K	N	Q	S	T	A	V	L	I	F	Y	W	H	M	C	P
0	0.11300	0.01254	0.01858	0.10425	0.02396	0.01299	0.09924	0.01940	0.04593	0.02716	0.13609	0.19090	0.07516	0.01578	0.00927	0.00296	0.00734	0.07025	0.00661	0.00858
1	0.01608	0.02624	0.28542	0.41768	0.04856	0.01880	0.02617	0.02329	0.01699	0.02329	0.01482	0.02027	0.01085	0.00814	0.00814	0.00271	0.01156	0.00688	0.00362	0.01047
2	0.21372	0.01511	0.02157	0.50953	0.04637	0.01850	0.01936	0.02207	0.01596	0.02546	0.01392	0.01987	0.01053	0.00815	0.00747	0.00272	0.00985	0.00662	0.00407	0.00917
3	0.01928	0.01733	0.02767	0.09038	0.11394	0.04688	0.17030	0.06078	0.04856	0.05578	0.02676	0.07976	0.02516	0.01306	0.00961	0.00300	0.01007	0.16530	0.00597	0.01041
4	0.01916	0.01020	0.01497	0.10947	0.02086	0.01022	0.01152	0.02008	0.01640	0.16663	0.02673	0.12383	0.02510	0.02049	0.01781	0.27719	0.00748	0.08786	0.00623	0.00778
5	0.01620	0.01454	0.02390	0.36413	0.18446	0.01641	0.02108	0.02115	0.01780	0.02354	0.02267	0.04065	0.02124	0.01196	0.00912	0.00298	0.00989	0.16373	0.00483	0.00972
6	0.01899	0.02046	0.04173	0.16651	0.14767	0.02029	0.40758	0.02536	0.01890	0.02564	0.01621	0.02205	0.01239	0.00733	0.00925	0.00274	0.01274	0.00893	0.00409	0.01114

[dist]
# distance from previous block
# <min> <max>
6	14

[block]
# block no. 4 follows, 22 sequences, length 12
# corresponding to MSA columns:
# 2163-2174
name=unknown_E
#
# <colnr> <probs for GDERKNQSTAVLIFYWHMCP>
#	G	D	E	R	K	N	Q	S	T	A	V	L	I	F	Y	W	H	M	C	P
0	0.02497	0.02713	0.02323	0.02518	0.16118	0.31235	0.01631	0.11723	0.02403	0.02703	0.02747	0.02875	0.12834	0.01078	0.00820	0.00239	0.01103	0.00833	0.00547	0.01061
1	0.01961	0.02145	0.02679	0.02254	0.02690	0.19513	0.20727	0.02354	0.01990	0.02351	0.02716	0.16007	0.02777	0.01451	0.00969	0.00296	0.01116	0.14524	0.00564	0.00916
2	0.56359	0.12387	0.01833	0.01272	0.01805	0.10200	0.01066	0.02557	0.01571	0.03251	0.01172	0.01365	0.00946	0.00773	0.00546	0.00240	0.00786	0.00460	0.00480	0.00933
3	0.01774	0.01636	0.02554	0.03254	0.30315	0.01829	0.01956	0.02152	0.01771	0.02537	0.08177	0.03725	0.02522	0.01312	0.01419	0.00305	0.19623	0.11576	0.00512	0.01052
4	0.23313	0.02426	0.02119	0.01728	0.02309	0.14163	0.01397	0.35472	0.02941	0.04240	0.01636	0.01727	0.01210	0.00910	0.00729	0.00245	0.00946	0.00628	0.00671	0.01190
5	0.01829	0.01043	0.01345	0.01220	0.01557	0.00940	0.00925	0.02106	0.01767	0.16354	0.03145	0.24649	0.03036	0.02241	0.10872	0.00413	0.00806	0.01270	0.09969	0.14514
6	0.01855	0.01490	0.01935	0.08912	0.10108	0.01624	0.01435	0.15642	0.11562	0.03113	0.04998	0.21337	0.02947	0.01905	0.06879	0.00379	0.00885	0.01260	0.00685	0.01049
7	0.02190	0.23914	0.16810	0.01691	0.02397	0.02329	0.01706	0.18925	0.02282	0.03112	0.01716	0.01968	0.01361	0.01372	0.07226	0.00331	0.01051	0.00641	0.07843	0.01136
8	0.01090	0.00807	0.00983	0.01038	0.01152	0.00784	0.00710	0.01239	0.01518	0.01978	0.04617	0.24036	0.19828	0.21839	0.13974	0.00632	0.00871	0.01619	0.00639	0.00647
9	0.05395	0.09233	0.25261	0.07914	0.02846	0.01864	0.02094	0.02231	0.01703	0.02453	0.02186	0.03831	0.02079	0.01283	0.01103	0.00301	0.09833	0.16913	0.00476	0.01000
10	0.11685	0.05652	0.02275	0.20098	0.03198	0.17676	0.01617	0.08625	0.02169	0.16616	0.01819	0.02007	0.01308	0.00883	0.00759	0.00247	0.01028	0.00662	0.00588	0.01091
11	0.15350	0.01677	0.08233	0.02420	0.19337	0.01468	0.01639	0.02249	0.01851	0.06921	0.09577	0.09845	0.02997	0.01323	0.00862	0.00285	0.00778	0.11551	0.00616	0.01021

[dist]
# distance from previous block
# <min> <max>
10	66

[block]
# block no. 5 follows, 22 sequences, length 6
# corresponding to MSA columns:
# 2264-2269
name=unknown_F
#
# <colnr> <probs for GDERKNQSTAVLIFYWHMCP>
#	G	D	E	R	K	N	Q	S	T	A	V	L	I	F	Y	W	H	M	C	P
0	0.01799	0.01172	0.01348	0.01222	0.01429	0.01201	0.00850	0.14950	0.01970	0.07674	0.02923	0.17348	0.03082	0.36361	0.02582	0.00547	0.00757	0.01306	0.00670	0.00810
1	0.13419	0.00961	0.01146	0.01161	0.01371	0.00983	0.00888	0.01628	0.01875	0.02889	0.28249	0.19186	0.05238	0.02312	0.08378	0.00410	0.00697	0.07686	0.00750	0.00773
2	0.01532	0.01116	0.01376	0.01304	0.01546	0.01142	0.00994	0.13621	0.02321	0.03180	0.25736	0.23885	0.05176	0.02273	0.07095	0.00387	0.00712	0.04929	0.00805	0.00872
3	0.01870	0.02799	0.27635	0.07962	0.21141	0.01970	0.02429	0.03011	0.17237	0.02826	0.01979	0.02208	0.01499	0.00862	0.00816	0.00264	0.01009	0.00740	0.00492	0.01252
4	0.01545	0.01002	0.01414	0.14582	0.02164	0.01053	0.01086	0.01768	0.01569	0.10158	0.02987	0.22519	0.03114	0.21851	0.08971	0.00555	0.00913	0.01359	0.00613	0.00777
5	0.10987	0.07787	0.02099	0.12869	0.14912	0.01605	0.01449	0.02470	0.01796	0.10911	0.02026	0.02341	0.01548	0.00861	0.00690	0.00232	0.00741	0.00700	0.22947	0.01030

[dist]
# distance from previous block
# <min> <max>
4	51

[block]
# block no. 6 follows, 22 sequences, length 9
# corresponding to MSA columns:
# 2321-2329
name=unknown_G
#
# <colnr> <probs for GDERKNQSTAVLIFYWHMCP>
#	G	D	E	R	K	N	Q	S	T	A	V	L	I	F	Y	W	H	M	C	P
0	0.13569	0.01624	0.13959	0.01209	0.01562	0.01196	0.01087	0.01787	0.01421	0.02354	0.02170	0.03732	0.02167	0.36250	0.02458	0.00527	0.00807	0.00909	0.10465	0.00747
1	0.02360	0.02002	0.02728	0.23029	0.23983	0.06471	0.02089	0.16727	0.02361	0.07652	0.01743	0.02107	0.01313	0.00856	0.00823	0.00255	0.01021	0.00734	0.00543	0.01204
2	0.04926	0.01847	0.02384	0.06596	0.06077	0.07644	0.10785	0.08257	0.06525	0.02777	0.02653	0.09481	0.08217	0.01176	0.01008	0.00260	0.06823	0.00993	0.00567	0.11002
3	0.22204	0.10784	0.02126	0.23389	0.03038	0.01912	0.01454	0.06756	0.01813	0.06522	0.01658	0.02004	0.01263	0.00841	0.00671	0.00244	0.00816	0.00632	0.10894	0.00978
4	0.06727	0.26058	0.17650	0.02037	0.02813	0.07333	0.09911	0.10584	0.02048	0.02749	0.01418	0.01668	0.01126	0.00810	0.00793	0.00235	0.03856	0.00612	0.00441	0.01131
5	0.01310	0.00865	0.01174	0.01178	0.01307	0.00897	0.00845	0.01519	0.01526	0.05919	0.09556	0.17018	0.03573	0.19878	0.28691	0.00838	0.01268	0.01311	0.00607	0.00718
6	0.01288	0.00941	0.01327	0.01662	0.09833	0.00882	0.01017	0.01506	0.01736	0.05371	0.07536	0.48735	0.10594	0.02185	0.01006	0.00312	0.00550	0.01970	0.00743	0.00804
7	0.07618	0.05098	0.03281	0.07286	0.03252	0.13257	0.23464	0.06049	0.06172	0.02654	0.01575	0.01987	0.01250	0.00911	0.01149	0.00275	0.12430	0.00770	0.00464	0.01056
8	0.01499	0.01198	0.01926	0.17140	0.02761	0.01213	0.09144	0.01886	0.01881	0.06862	0.11208	0.17288	0.13657	0.01618	0.00967	0.00296	0.00768	0.07153	0.00667	0.00867

[dist]
# distance from previous block
# <min> <max>
0	102

[block]
# block no. 7 follows, 22 sequences, length 16
# corresponding to MSA columns:
# 2476-2491
name=unknown_H
#
# <colnr> <probs for GDERKNQSTAVLIFYWHMCP>
#	G	D	E	R	K	N	Q	S	T	A	V	L	I	F	Y	W	H	M	C	P
0	0.01260	0.00860	0.01113	0.01207	0.01297	0.00867	0.00829	0.01560	0.09563	0.02121	0.03611	0.44009	0.04061	0.02485	0.01599	0.19887	0.00567	0.01752	0.00674	0.00676
1	0.03265	0.03300	0.02244	0.01969	0.02452	0.50307	0.01506	0.03507	0.02360	0.18656	0.01801	0.01843	0.01326	0.00901	0.00771	0.00225	0.01293	0.00613	0.00584	0.01080
2	0.09536	0.01754	0.07263	0.01897	0.02351	0.01688	0.12144	0.02581	0.11553	0.07781	0.10948	0.11587	0.02890	0.01297	0.01144	0.00292	0.10534	0.01094	0.00643	0.01026
3	0.02903	0.02225	0.02544	0.02302	0.10704	0.02446	0.01678	0.49019	0.09846	0.04727	0.02081	0.02116	0.01516	0.00977	0.00831	0.00252	0.00897	0.00767	0.00778	0.01390
4	0.01674	0.01612	0.01289	0.01258	0.01375	0.18059	0.00824	0.01748	0.01555	0.01786	0.02526	0.12818	0.02836	0.43844	0.02916	0.00592	0.00943	0.01183	0.00519	0.00645
5	0.02052	0.53214	0.03871	0.18879	0.03062	0.02914	0.01651	0.02393	0.01681	0.01998	0.01238	0.01561	0.01077	0.00742	0.00610	0.00203	0.00945	0.00520	0.00359	0.01029
6	0.02664	0.14179	0.03172	0.02077	0.02738	0.04714	0.17208	0.11237	0.06503	0.20344	0.02302	0.05372	0.01739	0.00955	0.00827	0.00252	0.00965	0.00857	0.00677	0.01217
7	0.01467	0.10588	0.01771	0.01317	0.01505	0.01479	0.01049	0.01712	0.01443	0.02093	0.04235	0.03216	0.02154	0.14062	0.28280	0.00771	0.11053	0.00862	0.10163	0.00778
8	0.01473	0.01334	0.02165	0.01852	0.02056	0.01573	0.10821	0.01775	0.01405	0.02031	0.01884	0.02937	0.01784	0.10310	0.34261	0.00868	0.19333	0.00892	0.00426	0.00821
9	0.02000	0.02918	0.37133	0.10645	0.03283	0.01627	0.02316	0.02693	0.01886	0.15456	0.05236	0.07195	0.01921	0.01019	0.00833	0.00269	0.01011	0.00845	0.00549	0.01164
10	0.02591	0.08023	0.02974	0.03250	0.30377	0.04631	0.01962	0.22715	0.04752	0.07932	0.01844	0.02044	0.01412	0.00861	0.00800	0.00242	0.00942	0.00724	0.00604	0.01321
11	0.01938	0.01583	0.02623	0.47574	0.04797	0.01817	0.08527	0.06620	0.01926	0.08887	0.01766	0.02300	0.01283	0.00854	0.00837	0.00270	0.01055	0.00776	0.03546	0.01022
12	0.07492	0.02164	0.02349	0.12507	0.05815	0.20516	0.09792	0.02519	0.02103	0.05250	0.18008	0.03001	0.02895	0.01045	0.00843	0.00251	0.01019	0.00894	0.00574	0.00962
13	0.01343	0.01091	0.01295	0.01168	0.01545	0.00917	0.00863	0.01689	0.04604	0.02436	0.03800	0.31121	0.11792	0.01668	0.00861	0.00241	0.00535	0.01462	0.00663	0.30907
14	0.01609	0.01534	0.02135	0.01916	0.01928	0.02060	0.01546	0.01781	0.01355	0.02031	0.01994	0.19549	0.02231	0.01752	0.02295	0.00357	0.51460	0.01150	0.00469	0.00848
15	0.02103	0.07636	0.27114	0.02128	0.02924	0.12158	0.10302	0.08826	0.02091	0.02838	0.01705	0.01987	0.01290	0.00832	0.00764	0.00240	0.01107	0.00679	0.12166	0.01109

[dist]
# distance from previous block
# <min> <max>
1	26

[block]
# block no. 8 follows, 22 sequences, length 16
# corresponding to MSA columns:
# 2569-2584
name=unknown_I
#
# <colnr> <probs for GDERKNQSTAVLIFYWHMCP>
#	G	D	E	R	K	N	Q	S	T	A	V	L	I	F	Y	W	H	M	C	P
0	0.24900	0.01743	0.02048	0.10536	0.11883	0.01857	0.01478	0.15143	0.02105	0.03460	0.01616	0.04306	0.01322	0.00863	0.00705	0.00237	0.00800	0.00671	0.00553	0.13773
1	0.01814	0.01321	0.01769	0.24503	0.03052	0.01425	0.01425	0.02547	0.13154	0.12525	0.04303	0.04302	0.21839	0.01319	0.00882	0.00276	0.00745	0.01111	0.00687	0.01001
2	0.01891	0.07748	0.19164	0.01630	0.02385	0.01688	0.01637	0.12469	0.02212	0.03169	0.13074	0.02558	0.02397	0.00930	0.00758	0.00211	0.00810	0.00747	0.00578	0.23945
3	0.01407	0.01025	0.01290	0.01317	0.01488	0.01063	0.00956	0.11672	0.01937	0.02614	0.03715	0.46565	0.04184	0.02987	0.13050	0.00503	0.00871	0.01822	0.00722	0.00812
4	0.01036	0.00791	0.00952	0.01022	0.01184	0.00707	0.00725	0.01257	0.01859	0.02422	0.18830	0.34757	0.26991	0.02235	0.01016	0.00301	0.00441	0.01965	0.00802	0.00707
5	0.01894	0.01945	0.02533	0.02179	0.02204	0.06420	0.01805	0.02078	0.01337	0.02001	0.01102	0.01798	0.01089	0.01418	0.02608	0.00355	0.65237	0.00716	0.00367	0.00912
6	0.02090	0.01673	0.01810	0.01617	0.02072	0.01892	0.01259	0.04125	0.54368	0.07510	0.09146	0.03372	0.03000	0.01174	0.00857	0.00278	0.00636	0.00985	0.00864	0.01272
7	0.01744	0.01628	0.02630	0.37916	0.23363	0.01760	0.02157	0.02248	0.01742	0.02402	0.01503	0.02083	0.01192	0.00766	0.00792	0.00242	0.00987	0.00697	0.00403	0.13747
8	0.01426	0.00958	0.01187	0.01184	0.01434	0.00900	0.00920	0.01849	0.06020	0.08586	0.20189	0.17558	0.20124	0.01960	0.01002	0.00302	0.00528	0.12205	0.00834	0.00835
9	0.03727	0.01414	0.01928	0.01478	0.02121	0.01221	0.01221	0.04049	0.02378	0.66198	0.03277	0.02828	0.02056	0.01028	0.00835	0.00257	0.00707	0.00835	0.01028	0.01414
10	0.01735	0.01614	0.01799	0.11872	0.10684	0.13157	0.01375	0.01907	0.01657	0.02017	0.02288	0.13785	0.02390	0.11843	0.01780	0.13160	0.00932	0.04737	0.00492	0.00777
11	0.02877	0.02698	0.03078	0.02397	0.03030	0.24535	0.20143	0.13339	0.02501	0.14382	0.01886	0.02050	0.01365	0.00864	0.00849	0.00248	0.01226	0.00761	0.00603	0.01169
12	0.01075	0.00777	0.01012	0.01122	0.01198	0.00765	0.00763	0.01227	0.01503	0.02009	0.04122	0.42251	0.09159	0.14779	0.13619	0.00593	0.00848	0.01852	0.00667	0.00660
13	0.01436	0.01209	0.01809	0.01563	0.01872	0.01259	0.10005	0.02101	0.11626	0.02534	0.12284	0.04142	0.08693	0.09209	0.23021	0.00667	0.01223	0.01105	0.03372	0.00871
14	0.45057	0.01491	0.01277	0.01220	0.01583	0.06087	0.00952	0.02112	0.01495	0.03011	0.01939	0.13385	0.01903	0.02076	0.12750	0.00463	0.00962	0.00859	0.00539	0.00837
15	0.01833	0.01556	0.01413	0.01287	0.01626	0.12992	0.00982	0.02302	0.07666	0.09908	0.23680	0.05246	0.23157	0.01544	0.00910	0.00260	0.00660	0.01279	0.00789	0.00909

[dist]
# distance from previous block
# <min> <max>
0	3

[block]
# block no. 9 follows, 22 sequences, length 26
# corresponding to MSA columns:
# 2588-2613
name=unknown_J
#
# <colnr> <probs for GDERKNQSTAVLIFYWHMCP>
#	G	D	E	R	K	N	Q	S	T	A	V	L	I	F	Y	W	H	M	C	P
0	0.05615	0.01458	0.01738	0.01408	0.01890	0.01451	0.01135	0.18848	0.02707	0.24605	0.22043	0.03608	0.03637	0.01215	0.00853	0.00253	0.00646	0.01000	0.04726	0.01164
1	0.68383	0.01872	0.01349	0.01211	0.01715	0.09256	0.00979	0.02541	0.01520	0.03536	0.01171	0.01366	0.00919	0.00781	0.00541	0.00252	0.00739	0.00459	0.00504	0.00907
2	0.02051	0.02146	0.02794	0.28596	0.26998	0.14209	0.02234	0.02496	0.01851	0.02316	0.01448	0.01997	0.01176	0.00842	0.00933	0.00260	0.05483	0.00700	0.00395	0.01074
3	0.01977	0.01707	0.02316	0.24516	0.16464	0.07619	0.01888	0.05398	0.02040	0.07259	0.07919	0.03625	0.02418	0.01143	0.00885	0.00277	0.00960	0.09991	0.00566	0.01032
4	0.24497	0.01363	0.01573	0.01316	0.01829	0.01323	0.01058	0.03134	0.01976	0.38115	0.02863	0.12854	0.02253	0.01198	0.00777	0.00270	0.00653	0.00960	0.00839	0.01150
5	0.01744	0.01606	0.02571	0.25080	0.28719	0.01663	0.02028	0.02227	0.01841	0.02587	0.08689	0.02524	0.01969	0.00859	0.00811	0.00239	0.00902	0.00787	0.00467	0.12688
6	0.01051	0.00828	0.00987	0.01013	0.01215	0.00764	0.00748	0.01291	0.01814	0.02335	0.15324	0.18653	0.34866	0.02816	0.11964	0.00462	0.00725	0.01687	0.00739	0.00716
7	0.02739	0.12451	0.02767	0.01872	0.02344	0.02033	0.07041	0.03043	0.01889	0.30485	0.02123	0.02228	0.01530	0.01081	0.01389	0.00280	0.22111	0.00754	0.00662	0.01176
8	0.13245	0.01496	0.01363	0.01389	0.01614	0.12009	0.01074	0.01926	0.01703	0.02360	0.02919	0.11261	0.03130	0.16323	0.04950	0.00467	0.00923	0.20493	0.00601	0.00755
9	0.01936	0.01152	0.01433	0.01288	0.01592	0.01119	0.00974	0.11491	0.02328	0.15375	0.23207	0.22608	0.04810	0.05375	0.01123	0.00309	0.00581	0.01478	0.00862	0.00959
10	0.01569	0.01477	0.02492	0.68808	0.05722	0.01846	0.02307	0.02123	0.01661	0.02123	0.01477	0.02215	0.01107	0.00831	0.00831	0.00277	0.01107	0.00738	0.00369	0.00923
11	0.01208	0.00805	0.00906	0.00906	0.00906	0.00805	0.00503	0.01208	0.01208	0.01611	0.02618	0.05436	0.03020	0.70804	0.04228	0.00805	0.00805	0.01208	0.00503	0.00503
12	0.01818	0.01818	0.02545	0.02181	0.02181	0.02545	0.01818	0.01999	0.01272	0.01999	0.01091	0.01818	0.01091	0.01454	0.02726	0.00364	0.69284	0.00727	0.00364	0.00909
13	0.01809	0.01722	0.02926	0.37401	0.35251	0.01909	0.02427	0.02333	0.01775	0.02414	0.01519	0.02137	0.01210	0.00786	0.00827	0.00262	0.01048	0.00739	0.00390	0.01117
14	0.01740	0.01372	0.01610	0.01332	0.01828	0.01219	0.01041	0.11243	0.02023	0.02899	0.02509	0.16011	0.02535	0.05379	0.01000	0.00250	0.00662	0.06701	0.00626	0.38021
15	0.02221	0.71304	0.04353	0.01421	0.02132	0.03287	0.01421	0.02488	0.01688	0.01955	0.01155	0.01333	0.01066	0.00711	0.00533	0.00178	0.00888	0.00444	0.00355	0.01066
16	0.01177	0.00799	0.00908	0.00927	0.00947	0.00787	0.00536	0.01202	0.01283	0.01695	0.03130	0.11851	0.06724	0.60383	0.03741	0.00731	0.00753	0.01350	0.00544	0.00531
17	0.01569	0.01477	0.02492	0.68808	0.05722	0.01846	0.02307	0.02123	0.01661	0.02123	0.01477	0.02215	0.01107	0.00831	0.00831	0.00277	0.01107	0.00738	0.00369	0.00923
18	0.02494	0.01681	0.01831	0.01588	0.02066	0.04944	0.01284	0.13588	0.21018	0.17946	0.03455	0.03984	0.06468	0.01293	0.00877	0.00278	0.00745	0.09436	0.03829	0.01197
19	0.50180	0.01819	0.01650	0.01365	0.01933	0.02050	0.01126	0.21171	0.02233	0.07449	0.01526	0.01626	0.01118	0.00854	0.00629	0.00255	0.00730	0.00562	0.00639	0.01085
20	0.01077	0.00799	0.00969	0.01059	0.01187	0.00737	0.00746	0.01260	0.01706	0.02211	0.10354	0.32803	0.21255	0.12759	0.01523	0.00391	0.00533	0.07216	0.00742	0.00673
21	0.10187	0.01085	0.01257	0.01153	0.01393	0.01092	0.00828	0.05768	0.01800	0.12249	0.11591	0.12931	0.03492	0.25742	0.05436	0.00513	0.00750	0.01214	0.00696	0.00819
22	0.02603	0.06843	0.08367	0.09710	0.08639	0.12482	0.01817	0.19773	0.04901	0.10309	0.02004	0.02395	0.01547	0.00970	0.00812	0.00252	0.01022	0.03731	0.00622	0.01202
23	0.02393	0.02136	0.12657	0.01788	0.02371	0.01863	0.01654	0.22926	0.02515	0.11791	0.02342	0.06320	0.01950	0.01198	0.01054	0.00272	0.08561	0.06218	0.04653	0.05338
24	0.02073	0.01692	0.02096	0.05990	0.02283	0.01952	0.03606	0.22665	0.05778	0.03184	0.02641	0.05715	0.07897	0.12071	0.01795	0.00371	0.15554	0.00990	0.00628	0.01020
25	0.01961	0.01509	0.01757	0.04257	0.07584	0.04357	0.01235	0.14278	0.08716	0.05635	0.11496	0.08769	0.03216	0.13575	0.01471	0.00363	0.00763	0.04102	0.03965	0.00991

[dist]
# distance from previous block
# <min> <max>
5	208

[block]
# block no. 10 follows, 22 sequences, length 17
# corresponding to MSA columns:
# 2841-2857
name=unknown_K
#
# <colnr> <probs for GDERKNQSTAVLIFYWHMCP>
#	G	D	E	R	K	N	Q	S	T	A	V	L	I	F	Y	W	H	M	C	P
0	0.02501	0.02288	0.09040	0.01966	0.02602	0.04544	0.08348	0.30611	0.09016	0.05936	0.02122	0.02521	0.01667	0.09282	0.01241	0.00319	0.00968	0.00821	0.00679	0.03529
1	0.09687	0.01844	0.09489	0.01857	0.09075	0.03967	0.01446	0.06138	0.06565	0.09668	0.07406	0.02838	0.04562	0.01521	0.07466	0.00350	0.00912	0.00813	0.07520	0.06878
2	0.02176	0.04909	0.23522	0.02394	0.14710	0.01605	0.02011	0.02671	0.01830	0.15847	0.01861	0.02105	0.01379	0.01040	0.01049	0.08659	0.00930	0.00676	0.00523	0.10103
3	0.09266	0.01539	0.08585	0.07921	0.02207	0.01384	0.04497	0.04837	0.01617	0.02358	0.02521	0.03747	0.07693	0.09936	0.01898	0.16898	0.05011	0.06809	0.00499	0.00778
4	0.13209	0.08733	0.07900	0.06356	0.04479	0.01780	0.01390	0.12774	0.04378	0.05067	0.08817	0.06890	0.05508	0.01123	0.00762	0.00251	0.00745	0.00898	0.07908	0.01034
5	0.02127	0.01885	0.08720	0.08687	0.09676	0.01559	0.01606	0.05141	0.09933	0.11979	0.02012	0.02159	0.01503	0.00809	0.00747	0.00211	0.00799	0.00674	0.00592	0.29182
6	0.01443	0.00722	0.01082	0.01082	0.01082	0.00722	0.00722	0.01082	0.01082	0.01443	0.01443	0.02525	0.01443	0.02886	0.03247	0.75830	0.00722	0.00722	0.00361	0.00361
7	0.01588	0.01953	0.15267	0.01856	0.02499	0.01338	0.13875	0.02104	0.01899	0.04958	0.12360	0.11390	0.09310	0.01238	0.00879	0.00251	0.00833	0.01135	0.00594	0.14672
8	0.01416	0.00899	0.01124	0.01036	0.01291	0.00812	0.00788	0.01769	0.02239	0.09324	0.45543	0.05997	0.16861	0.01659	0.00942	0.00260	0.00428	0.01437	0.05344	0.00831
9	0.01548	0.01429	0.02372	0.12779	0.06587	0.01550	0.13206	0.02174	0.09105	0.02385	0.02630	0.19779	0.02585	0.02153	0.11258	0.00459	0.05266	0.01245	0.00552	0.00939
10	0.02024	0.01987	0.01860	0.01453	0.02104	0.13992	0.01138	0.02567	0.08257	0.02656	0.01635	0.01821	0.01334	0.00714	0.00665	0.00157	0.00790	0.00546	0.00516	0.53784
11	0.01572	0.01287	0.01749	0.01450	0.01880	0.01156	0.06626	0.07869	0.02051	0.02910	0.15193	0.22697	0.03817	0.01458	0.00873	0.00240	0.00634	0.01311	0.00685	0.24540
12	0.01333	0.01664	0.17330	0.01316	0.01712	0.01046	0.01263	0.01746	0.01727	0.02540	0.12236	0.17664	0.06482	0.12393	0.01382	0.00351	0.00685	0.01282	0.15027	0.00823
13	0.04476	0.02139	0.14704	0.11047	0.18434	0.01739	0.02004	0.06551	0.01865	0.02725	0.01874	0.10075	0.01704	0.01027	0.00918	0.00254	0.04989	0.00862	0.00480	0.12133
14	0.11686	0.02127	0.02429	0.08304	0.09082	0.02363	0.01662	0.43975	0.03199	0.04515	0.01803	0.01944	0.01314	0.00929	0.00792	0.00253	0.00907	0.00711	0.00708	0.01297
15	0.01951	0.02082	0.14651	0.01585	0.02088	0.10105	0.01463	0.02441	0.04717	0.13018	0.09521	0.16683	0.10152	0.01516	0.00905	0.00279	0.00814	0.04337	0.00699	0.00994
16	0.01435	0.01112	0.01450	0.01550	0.09081	0.00973	0.01014	0.01752	0.01958	0.05634	0.19952	0.13857	0.19582	0.01569	0.00895	0.00248	0.00540	0.01365	0.00723	0.15311

[dist]
# distance from previous block
# <min> <max>
7	94

[block]
# block no. 11 follows, 22 sequences, length 57
# corresponding to MSA columns:
# 2954-3010
name=unknown_L
#
# <colnr> <probs for GDERKNQSTAVLIFYWHMCP>
#	G	D	E	R	K	N	Q	S	T	A	V	L	I	F	Y	W	H	M	C	P
0	0.10116	0.02211	0.14594	0.01919	0.07131	0.04333	0.01633	0.15745	0.07319	0.03471	0.14387	0.08355	0.02942	0.01185	0.00833	0.00263	0.00817	0.00975	0.00666	0.01105
1	0.06157	0.05817	0.03154	0.10406	0.15882	0.02100	0.16382	0.10145	0.11923	0.06803	0.01976	0.02243	0.01490	0.00850	0.00834	0.00261	0.00999	0.00804	0.00566	0.01206
2	0.02082	0.02500	0.12108	0.01764	0.02350	0.17060	0.05084	0.13070	0.02354	0.02884	0.06153	0.03668	0.19082	0.01228	0.00850	0.00247	0.00956	0.00985	0.00606	0.04968
3	0.02174	0.02411	0.02492	0.02170	0.02288	0.20548	0.01759	0.02365	0.01572	0.02009	0.01144	0.01729	0.01085	0.01288	0.02178	0.00322	0.50487	0.00674	0.00381	0.00924
4	0.01727	0.01319	0.01515	0.01226	0.01733	0.01146	0.00950	0.09182	0.01962	0.02957	0.02346	0.15487	0.02235	0.01109	0.00723	0.00192	0.00589	0.00936	0.12450	0.40216
5	0.03055	0.01936	0.02195	0.01706	0.02310	0.02044	0.01400	0.41720	0.03361	0.19320	0.09851	0.02694	0.02332	0.01088	0.00850	0.00253	0.00803	0.00859	0.00887	0.01338
6	0.02220	0.02559	0.01718	0.01606	0.01891	0.37796	0.01162	0.02395	0.02015	0.02051	0.06364	0.07227	0.09840	0.15838	0.01538	0.00356	0.01101	0.00982	0.00533	0.00808
7	0.01373	0.00979	0.01290	0.01255	0.01369	0.01143	0.00959	0.01636	0.01462	0.02274	0.02490	0.11012	0.02408	0.08511	0.25225	0.00694	0.12101	0.01028	0.22040	0.00752
8	0.01192	0.00799	0.00911	0.00926	0.00930	0.00795	0.00525	0.01204	0.01239	0.01652	0.02774	0.10622	0.03218	0.65349	0.03975	0.00768	0.00780	0.01300	0.00525	0.00517
9	0.01182	0.00915	0.01254	0.01229	0.01391	0.00987	0.00942	0.01476	0.01703	0.02377	0.20641	0.09568	0.11804	0.03900	0.31894	0.00773	0.05304	0.01269	0.00636	0.00753
10	0.05666	0.17220	0.02704	0.01804	0.02271	0.12817	0.01508	0.13527	0.11781	0.06254	0.01767	0.01925	0.01405	0.01016	0.01121	0.00257	0.14592	0.00666	0.00570	0.01129
11	0.02575	0.01867	0.02092	0.01589	0.02265	0.01836	0.01294	0.29078	0.07559	0.10121	0.02028	0.02057	0.01492	0.00863	0.00749	0.00204	0.00758	0.00672	0.00721	0.30181
12	0.02492	0.10536	0.05724	0.08085	0.09972	0.04822	0.13780	0.20435	0.05215	0.08097	0.01851	0.02071	0.01375	0.00857	0.00820	0.00250	0.01039	0.00757	0.00590	0.01233
13	0.02115	0.60219	0.03791	0.01320	0.01949	0.02892	0.01289	0.02401	0.01697	0.02134	0.01399	0.01610	0.01233	0.00751	0.00541	0.00180	0.00810	0.00496	0.12152	0.01020
14	0.01012	0.00723	0.00964	0.01157	0.01205	0.00675	0.00771	0.01157	0.01591	0.02121	0.04579	0.70262	0.05495	0.02603	0.01060	0.00337	0.00482	0.02362	0.00771	0.00675
15	0.02658	0.02071	0.02341	0.04484	0.02511	0.02395	0.01566	0.39755	0.12354	0.04257	0.02068	0.02184	0.01547	0.01081	0.01121	0.00271	0.11608	0.00774	0.03677	0.01275
16	0.01012	0.00723	0.00964	0.01157	0.01205	0.00675	0.00771	0.01157	0.01591	0.02121	0.04579	0.70262	0.05495	0.02603	0.01060	0.00337	0.00482	0.02362	0.00771	0.00675
17	0.02286	0.02026	0.02013	0.12126	0.05301	0.14575	0.01458	0.17410	0.05202	0.05658	0.07604	0.03157	0.09700	0.01127	0.00826	0.00249	0.00901	0.00899	0.06426	0.01056
18	0.02173	0.62956	0.04136	0.01513	0.02138	0.03198	0.01469	0.02429	0.01638	0.01960	0.01147	0.01391	0.01069	0.00800	0.00797	0.00200	0.09105	0.00478	0.00356	0.01047
19	0.02190	0.63007	0.04419	0.01671	0.02398	0.03145	0.08772	0.02508	0.01721	0.02039	0.01218	0.01442	0.01089	0.00709	0.00587	0.00190	0.00950	0.00509	0.00363	0.01073
20	0.02375	0.01426	0.01579	0.01347	0.01780	0.01505	0.01068	0.12616	0.19578	0.15980	0.02896	0.02871	0.02116	0.01029	0.00744	0.00239	0.00608	0.00828	0.28262	0.01151
21	0.01821	0.01633	0.02275	0.05394	0.22146	0.01412	0.01534	0.02237	0.01773	0.02684	0.01504	0.01849	0.01252	0.00664	0.00690	0.00169	0.00754	0.00581	0.00461	0.49169
22	0.01096	0.00820	0.00970	0.00976	0.01142	0.00745	0.00688	0.01327	0.01899	0.02517	0.27640	0.16658	0.24452	0.13541	0.01537	0.00370	0.00484	0.01665	0.00779	0.00694
23	0.02495	0.01141	0.01533	0.01269	0.01696	0.01010	0.01010	0.02850	0.02365	0.35834	0.33178	0.04459	0.04849	0.01352	0.00905	0.00259	0.00555	0.01158	0.00973	0.01110
24	0.01050	0.00780	0.00980	0.01066	0.01199	0.00709	0.00748	0.01274	0.01854	0.02471	0.21644	0.41022	0.17634	0.02263	0.01024	0.00306	0.00446	0.02013	0.00810	0.00709
25	0.01094	0.00762	0.00961	0.01087	0.01125	0.00732	0.00704	0.01199	0.01474	0.01962	0.03898	0.45328	0.04614	0.25992	0.02151	0.00500	0.00605	0.04513	0.00679	0.00620
26	0.01666	0.04297	0.66500	0.02368	0.03596	0.01929	0.03069	0.02631	0.01754	0.02631	0.01491	0.01754	0.01052	0.00789	0.00789	0.00263	0.01228	0.00614	0.00351	0.01228
27	0.01292	0.01045	0.01538	0.01477	0.01600	0.01291	0.01169	0.01570	0.01325	0.01940	0.02035	0.03021	0.01912	0.05430	0.56660	0.01172	0.13458	0.00863	0.00431	0.00770
28	0.01276	0.01005	0.01181	0.01184	0.01432	0.00989	0.00914	0.01913	0.12410	0.02774	0.22203	0.14373	0.22333	0.01917	0.00993	0.00298	0.00513	0.10633	0.00822	0.00834
29	0.01666	0.04297	0.66500	0.02368	0.03596	0.01929	0.03069	0.02631	0.01754	0.02631	0.01491	0.01754	0.01052	0.00789	0.00789	0.00263	0.01228	0.00614	0.00351	0.01228
30	0.01983	0.02178	0.04544	0.03875	0.18663	0.02071	0.48570	0.02635	0.01945	0.02673	0.01653	0.02198	0.01273	0.00710	0.00943	0.00272	0.01304	0.00924	0.00418	0.01166
31	0.01751	0.12593	0.03249	0.02234	0.02736	0.01980	0.23634	0.02341	0.06533	0.02327	0.01859	0.02459	0.01578	0.02567	0.22351	0.00609	0.06921	0.00844	0.00447	0.00989
32	0.01723	0.01477	0.01723	0.01230	0.01969	0.01107	0.00984	0.02092	0.01723	0.02707	0.01477	0.01723	0.01230	0.00615	0.00615	0.00123	0.00615	0.00492	0.00492	0.75883
33	0.01095	0.00776	0.01024	0.01181	0.01254	0.00740	0.00830	0.01273	0.01637	0.02184	0.07523	0.49874	0.05222	0.10332	0.01433	0.00394	0.00559	0.11247	0.00747	0.00675
34	0.01046	0.00773	0.00978	0.01077	0.01200	0.00705	0.00751	0.01261	0.01823	0.02431	0.19709	0.44520	0.16070	0.02303	0.01028	0.00310	0.00450	0.02054	0.00805	0.00705
35	0.01107	0.00807	0.01061	0.01217	0.01339	0.00761	0.00912	0.01338	0.01755	0.02302	0.08346	0.43066	0.12103	0.02412	0.01071	0.00339	0.00548	0.18030	0.00778	0.00709
36	0.02557	0.02770	0.02200	0.01861	0.02326	0.33664	0.01452	0.05304	0.02079	0.05179	0.01424	0.01689	0.01175	0.00898	0.01030	0.00216	0.11839	0.00576	0.00479	0.21283
37	0.02939	0.03647	0.02514	0.02605	0.12478	0.57176	0.01754	0.03197	0.02281	0.02140	0.01328	0.01586	0.01109	0.00838	0.00761	0.00219	0.01418	0.00567	0.00425	0.01019
38	0.01489	0.01033	0.01186	0.01047	0.01425	0.00865	0.00791	0.01777	0.01780	0.06294	0.04097	0.17041	0.17603	0.01457	0.00796	0.00225	0.00502	0.01238	0.15608	0.23746
39	0.76672	0.01607	0.01221	0.01092	0.01607	0.01864	0.00900	0.02442	0.01414	0.03727	0.01157	0.01350	0.00900	0.00771	0.00514	0.00257	0.00643	0.00450	0.00514	0.00900
40	0.01339	0.00956	0.01339	0.01530	0.01721	0.00956	0.01339	0.01721	0.01912	0.02486	0.04399	0.09371	0.04781	0.02295	0.01147	0.00382	0.00765	0.60031	0.00765	0.00765
41	0.03228	0.01900	0.01984	0.01622	0.02186	0.11824	0.01298	0.07175	0.12234	0.40142	0.05501	0.02757	0.02183	0.01043	0.00829	0.00254	0.00822	0.00828	0.00889	0.01301
42	0.02460	0.01664	0.01869	0.01528	0.02015	0.01737	0.01224	0.33344	0.03012	0.11588	0.11016	0.10831	0.11259	0.01409	0.00895	0.00265	0.00712	0.01161	0.00850	0.01161
43	0.01645	0.01555	0.02630	0.58795	0.15136	0.01866	0.02345	0.02190	0.01697	0.02216	0.01490	0.02190	0.01140	0.00816	0.00829	0.00272	0.01088	0.00739	0.00376	0.00985
44	0.01044	0.00825	0.00941	0.00952	0.01170	0.00722	0.00698	0.01298	0.01982	0.02548	0.24664	0.17250	0.38836	0.02062	0.00994	0.00284	0.00422	0.01774	0.00814	0.00722
45	0.01913	0.26542	0.02983	0.06028	0.12187	0.02328	0.01576	0.02543	0.11010	0.02488	0.09368	0.02658	0.04706	0.01045	0.00976	0.00246	0.09022	0.00792	0.00521	0.01067
46	0.01993	0.02075	0.02375	0.34397	0.03972	0.15095	0.01933	0.02705	0.11627	0.02299	0.01679	0.02149	0.01323	0.00981	0.01115	0.00279	0.11829	0.00728	0.00455	0.00991
47	0.01311	0.01073	0.01574	0.01502	0.01621	0.01335	0.01192	0.01585	0.01323	0.01942	0.02001	0.02978	0.01882	0.05289	0.54738	0.01144	0.15447	0.00858	0.00429	0.00775
48	0.01154	0.00836	0.01012	0.00975	0.01130	0.00777	0.00683	0.01410	0.01965	0.02687	0.39032	0.06278	0.15612	0.20721	0.01871	0.00414	0.00510	0.01461	0.00779	0.00694
49	0.02001	0.02151	0.01966	0.20998	0.03052	0.24989	0.01580	0.02332	0.01960	0.02196	0.06855	0.06383	0.02509	0.06950	0.01151	0.00316	0.01090	0.10145	0.00520	0.00858
50	0.01683	0.01273	0.01463	0.01223	0.01656	0.01225	0.00963	0.04536	0.09252	0.02865	0.02426	0.02722	0.04416	0.01527	0.08353	0.00321	0.03777	0.00742	0.21325	0.28253
51	0.01897	0.02069	0.09930	0.15319	0.10452	0.06751	0.01828	0.09700	0.01998	0.02695	0.02029	0.13367	0.01909	0.01155	0.00973	0.00261	0.06053	0.00950	0.00516	0.10147
52	0.05420	0.11171	0.13039	0.02148	0.02864	0.17392	0.11103	0.13887	0.04851	0.07830	0.01723	0.01883	0.01286	0.00851	0.00781	0.00242	0.01134	0.00680	0.00545	0.01169
53	0.13661	0.20616	0.17735	0.01726	0.02510	0.04981	0.04888	0.02729	0.04117	0.08565	0.01588	0.01743	0.01215	0.00778	0.00673	0.00222	0.00925	0.00578	0.00483	0.10269
54	0.05198	0.10326	0.15673	0.02312	0.10347	0.04477	0.08610	0.09725	0.02045	0.02923	0.01518	0.01791	0.01192	0.00747	0.00733	0.00214	0.00973	0.00626	0.00470	0.20100
55	0.16815	0.13189	0.02468	0.07314	0.07275	0.17531	0.01540	0.02584	0.04493	0.02476	0.01523	0.05507	0.01373	0.01007	0.01007	0.00257	0.11516	0.00686	0.00455	0.00982
56	0.02022	0.04652	0.02284	0.12627	0.02777	0.08344	0.08023	0.09199	0.02088	0.07836	0.02950	0.13444	0.09368	0.01284	0.00938	0.00264	0.03558	0.01094	0.00606	0.06643

[dist]
# distance from previous block
# <min> <max>
2	25

[block]
# block no. 12 follows, 22 sequences, length 11
# corresponding to MSA columns:
# 3102-3112
name=unknown_M
#
# <colnr> <probs for GDERKNQSTAVLIFYWHMCP>
#	G	D	E	R	K	N	Q	S	T	A	V	L	I	F	Y	W	H	M	C	P
0	0.22398	0.01898	0.04549	0.10714	0.06354	0.06130	0.05519	0.07972	0.02005	0.11937	0.06713	0.02266	0.01760	0.00952	0.00883	0.00264	0.05291	0.00733	0.00593	0.01066
1	0.02037	0.11244	0.11469	0.16178	0.15444	0.02085	0.01964	0.14412	0.02115	0.02846	0.01704	0.02374	0.01443	0.09819	0.01221	0.00318	0.00994	0.00745	0.00483	0.01105
2	0.01333	0.01529	0.13585	0.01653	0.05869	0.01059	0.01394	0.01730	0.01717	0.02453	0.03512	0.33132	0.03798	0.01862	0.00943	0.00306	0.00692	0.11697	0.10886	0.00850
3	0.52757	0.02427	0.13766	0.01472	0.02111	0.10501	0.01404	0.02593	0.01602	0.03296	0.01237	0.01446	0.00951	0.00786	0.00597	0.00253	0.00866	0.00492	0.00472	0.00970
4	0.01692	0.01394	0.01622	0.01271	0.01835	0.01210	0.01001	0.05047	0.09584	0.03076	0.17920	0.03042	0.03077	0.00970	0.00746	0.00183	0.00577	0.00815	0.00658	0.44279
5	0.01091	0.00756	0.00941	0.01056	0.01085	0.00727	0.00664	0.01177	0.01437	0.01916	0.03792	0.44248	0.04502	0.29971	0.02332	0.00525	0.00612	0.01899	0.00664	0.00606
6	0.76672	0.01607	0.01221	0.01092	0.01607	0.01864	0.00900	0.02442	0.01414	0.03727	0.01157	0.01350	0.00900	0.00771	0.00514	0.00257	0.00643	0.00450	0.00514	0.00900
7	0.07946	0.05906	0.19986	0.01840	0.02463	0.18505	0.01753	0.02957	0.14775	0.02596	0.02039	0.05544	0.01742	0.07172	0.01076	0.00302	0.01044	0.00778	0.00520	0.01055
8	0.01098	0.00806	0.01035	0.01101	0.01249	0.00743	0.00803	0.01367	0.01953	0.02639	0.28766	0.32191	0.14232	0.02159	0.01025	0.00304	0.00461	0.06512	0.00827	0.00728
9	0.01796	0.01745	0.02264	0.17968	0.03077	0.10193	0.11502	0.02479	0.09581	0.02659	0.10802	0.03329	0.07401	0.01081	0.00846	0.00257	0.00911	0.00962	0.10193	0.00954
10	0.01399	0.01208	0.01973	0.02034	0.10563	0.01177	0.09049	0.01752	0.01725	0.02428	0.10934	0.21292	0.03481	0.02749	0.17857	0.00544	0.01111	0.01327	0.00591	0.06806

[dist]
# distance from previous block
# <min> <max>
2	20

[block]
# block no. 13 follows, 22 sequences, length 13
# corresponding to MSA columns:
# 3133-3145
name=unknown_N
#
# <colnr> <probs for GDERKNQSTAVLIFYWHMCP>
#	G	D	E	R	K	N	Q	S	T	A	V	L	I	F	Y	W	H	M	C	P
0	0.25236	0.01936	0.11775	0.01972	0.12222	0.01569	0.01507	0.02410	0.01695	0.08545	0.02050	0.05369	0.04270	0.03981	0.00858	0.00265	0.00780	0.00741	0.00537	0.12281
1	0.01225	0.01007	0.01180	0.01061	0.01416	0.00864	0.00810	0.01499	0.01772	0.02388	0.09546	0.10480	0.29576	0.02362	0.11199	0.00406	0.00754	0.01318	0.00658	0.20480
2	0.02047	0.02808	0.25691	0.02380	0.11172	0.04906	0.02131	0.14262	0.10166	0.03183	0.02548	0.02930	0.06711	0.01059	0.00843	0.00267	0.00984	0.04134	0.00575	0.01206
3	0.01086	0.00787	0.01021	0.01147	0.01237	0.00762	0.00805	0.01258	0.01574	0.02080	0.04437	0.41871	0.10892	0.12051	0.08772	0.00508	0.00738	0.07604	0.00699	0.00671
4	0.01208	0.00805	0.00906	0.00906	0.00906	0.00805	0.00503	0.01208	0.01208	0.01611	0.02618	0.05436	0.03020	0.70804	0.04228	0.00805	0.00805	0.01208	0.00503	0.00503
5	0.76672	0.01607	0.01221	0.01092	0.01607	0.01864	0.00900	0.02442	0.01414	0.03727	0.01157	0.01350	0.00900	0.00771	0.00514	0.00257	0.00643	0.00450	0.00514	0.00900
6	0.01733	0.01064	0.01322	0.01178	0.01500	0.01007	0.00910	0.02322	0.09604	0.14918	0.39773	0.05418	0.12805	0.01553	0.00937	0.00265	0.00485	0.01341	0.00911	0.00954
7	0.02172	0.11109	0.02885	0.16998	0.14620	0.13225	0.06245	0.08543	0.05660	0.02626	0.02109	0.02411	0.06029	0.00922	0.00800	0.00246	0.01049	0.00772	0.00491	0.01088
8	0.01359	0.01180	0.01617	0.01517	0.01608	0.01439	0.01189	0.01587	0.01570	0.02236	0.12394	0.18129	0.08852	0.02661	0.13673	0.00511	0.25783	0.01318	0.00586	0.00791
9	0.01933	0.01899	0.02080	0.13839	0.02844	0.11850	0.03758	0.02501	0.07387	0.02549	0.01775	0.02317	0.01485	0.00829	0.00738	0.00199	0.00887	0.03696	0.00502	0.36933
10	0.01142	0.00861	0.01070	0.01181	0.01307	0.00840	0.00822	0.01557	0.08546	0.02398	0.10735	0.51923	0.09849	0.02314	0.01023	0.00320	0.00488	0.02075	0.00794	0.00758
11	0.02159	0.02476	0.22265	0.02953	0.24028	0.01701	0.02204	0.05312	0.02011	0.13520	0.04348	0.06071	0.01835	0.00949	0.00824	0.00253	0.00943	0.00825	0.00558	0.04764
12	0.01855	0.02131	0.10878	0.15693	0.13560	0.06373	0.01849	0.02436	0.04505	0.02565	0.01562	0.01925	0.01241	0.00742	0.00736	0.00207	0.00924	0.00622	0.00446	0.29752

[dist]
# distance from previous block
# <min> <max>
0	17

[block]
# block no. 14 follows, 22 sequences, length 27
