[name]
unknown

[dist]
# distance from previous block
# <min> <max>
0	482

[block]
# block no. 0 follows, 28 sequences, length 14
# corresponding to MSA columns:
# 601-614
name=unknown_A
#
# <colnr> <probs for GDERKNQSTAVLIFYWHMCP>
#	G	D	E	R	K	N	Q	S	T	A	V	L	I	F	Y	W	H	M	C	P
0	0.02215	0.04776	0.04443	0.02057	0.14838	0.07725	0.01449	0.23739	0.04285	0.09265	0.05927	0.02353	0.01748	0.00882	0.00716	0.00212	0.00784	0.04302	0.00589	0.07698
1	0.01893	0.01650	0.05837	0.07081	0.10371	0.05458	0.03081	0.13744	0.12992	0.08646	0.05901	0.12318	0.02242	0.04380	0.00895	0.00258	0.00742	0.00925	0.00600	0.00987
2	0.01794	0.01763	0.03853	0.10749	0.02367	0.15062	0.05264	0.02186	0.03925	0.06670	0.01957	0.05078	0.04478	0.00865	0.00687	0.00192	0.00807	0.04524	0.00474	0.27305
3	0.01718	0.05659	0.08823	0.01505	0.05868	0.06785	0.01235	0.08481	0.01731	0.02454	0.01446	0.04348	0.01236	0.00886	0.03563	0.00197	0.00765	0.00554	0.00440	0.42306
4	0.01601	0.06121	0.08784	0.04048	0.14413	0.05307	0.01368	0.02039	0.03848	0.02300	0.04675	0.02049	0.04976	0.00722	0.00633	0.00168	0.00706	0.00598	0.00431	0.35212
5	0.01974	0.01915	0.09222	0.10930	0.06183	0.11669	0.01463	0.02605	0.12050	0.13263	0.02118	0.02218	0.05279	0.00859	0.00787	0.00216	0.04718	0.00672	0.00523	0.11337
6	0.01941	0.01458	0.02055	0.17729	0.19197	0.01546	0.01550	0.14014	0.06445	0.11929	0.05133	0.02705	0.09254	0.00931	0.00747	0.00229	0.00746	0.00798	0.00570	0.01023
7	0.05754	0.01549	0.04096	0.20432	0.12795	0.01600	0.06906	0.10103	0.10147	0.04686	0.02072	0.05222	0.05264	0.00874	0.00728	0.00229	0.00794	0.00770	0.00497	0.05481
8	0.13038	0.01641	0.11734	0.18993	0.16828	0.01431	0.01658	0.02057	0.01591	0.07658	0.09633	0.06977	0.01988	0.00903	0.00708	0.00233	0.00765	0.00774	0.00471	0.00919
9	0.16543	0.05218	0.01730	0.22195	0.07531	0.01420	0.01289	0.01991	0.04068	0.04806	0.04841	0.05270	0.03380	0.00875	0.00652	0.00217	0.00684	0.02670	0.05154	0.09467
10	0.14957	0.01612	0.08066	0.19255	0.22746	0.01518	0.01708	0.02262	0.01613	0.12137	0.06021	0.02042	0.01497	0.00766	0.00684	0.00227	0.00787	0.00651	0.00468	0.00982
11	0.11330	0.06608	0.17916	0.09202	0.17624	0.07271	0.04787	0.04385	0.01686	0.10433	0.01455	0.01686	0.01084	0.00710	0.00669	0.00219	0.00901	0.00581	0.00429	0.01024
12	0.16130	0.01830	0.01828	0.01495	0.01989	0.09766	0.04702	0.21019	0.15415	0.06719	0.02093	0.02097	0.04946	0.00862	0.00673	0.00217	0.00745	0.00666	0.00606	0.06200
13	0.06481	0.01845	0.06271	0.12852	0.29165	0.05901	0.04131	0.12637	0.01942	0.04612	0.05947	0.01995	0.01487	0.00766	0.00715	0.00222	0.00861	0.00671	0.00461	0.01037

[dist]
# distance from previous block
# <min> <max>
0	45

[block]
# block no. 1 follows, 28 sequences, length 16
# corresponding to MSA columns:
# 665-680
name=unknown_B
#
# <colnr> <probs for GDERKNQSTAVLIFYWHMCP>
#	G	D	E	R	K	N	Q	S	T	A	V	L	I	F	Y	W	H	M	C	P
0	0.01561	0.07591	0.01609	0.16323	0.02096	0.01188	0.01094	0.01759	0.05187	0.09572	0.01773	0.06678	0.01569	0.01993	0.09032	0.28275	0.00839	0.00741	0.00439	0.00683
1	0.02269	0.06814	0.06884	0.08470	0.18161	0.13335	0.01662	0.15538	0.06481	0.10908	0.01655	0.01803	0.01236	0.00770	0.00696	0.00214	0.00894	0.00617	0.00516	0.01079
2	0.06315	0.04074	0.01780	0.01416	0.01871	0.07910	0.05293	0.09645	0.19478	0.04975	0.04526	0.06950	0.07928	0.00992	0.00704	0.00212	0.00676	0.00822	0.00596	0.13837
3	0.09416	0.02025	0.14056	0.01461	0.01916	0.12378	0.01338	0.09619	0.03799	0.07095	0.07313	0.04586	0.01834	0.01270	0.06113	0.00293	0.05046	0.00702	0.08838	0.00903
4	0.04274	0.16960	0.15199	0.01506	0.02046	0.09964	0.01443	0.04362	0.07605	0.02197	0.01998	0.02137	0.08598	0.00895	0.00844	0.00210	0.09456	0.00633	0.00428	0.09246
5	0.01847	0.20853	0.10299	0.01567	0.02138	0.08063	0.08335	0.05563	0.08105	0.05660	0.04390	0.04785	0.03852	0.02990	0.00750	0.00214	0.00812	0.00694	0.00473	0.08608
6	0.13101	0.17574	0.28668	0.01694	0.02438	0.01880	0.08724	0.06338	0.01631	0.02439	0.01803	0.01967	0.07253	0.00783	0.00644	0.00216	0.00871	0.00619	0.00396	0.00961
7	0.12846	0.01539	0.01839	0.01500	0.01929	0.05165	0.09699	0.18286	0.06160	0.09372	0.02581	0.11334	0.08055	0.05319	0.00911	0.00263	0.00727	0.00930	0.00612	0.00932
8	0.08840	0.34240	0.09679	0.03644	0.11956	0.08549	0.01485	0.02215	0.01543	0.02085	0.01140	0.01366	0.00967	0.00643	0.00556	0.00178	0.00829	0.00460	0.00349	0.09278
9	0.01535	0.01363	0.02011	0.20494	0.21566	0.01375	0.01534	0.06183	0.01725	0.02399	0.08155	0.02568	0.07752	0.00843	0.00708	0.00203	0.00725	0.00742	0.00459	0.17659
10	0.01839	0.01437	0.01926	0.18566	0.15015	0.03674	0.01449	0.08219	0.06255	0.11468	0.02583	0.02718	0.11646	0.00915	0.00725	0.00218	0.00735	0.00776	0.00538	0.09299
11	0.01854	0.01558	0.02385	0.01840	0.02302	0.05916	0.22143	0.06484	0.01726	0.10476	0.01824	0.04523	0.01494	0.04423	0.07317	0.00325	0.05762	0.00768	0.07649	0.09232
12	0.01446	0.01352	0.02215	0.55579	0.13673	0.01562	0.01925	0.01906	0.01487	0.01984	0.01302	0.01873	0.01006	0.00696	0.00706	0.00224	0.00908	0.00623	0.00340	0.09192
13	0.01593	0.01393	0.01953	0.34610	0.08402	0.01623	0.01603	0.08209	0.19490	0.02455	0.02071	0.09807	0.01749	0.00968	0.00751	0.00245	0.00783	0.00845	0.00510	0.00940
14	0.00906	0.00671	0.00846	0.00945	0.01047	0.00611	0.00654	0.01080	0.01556	0.02060	0.16018	0.49899	0.16924	0.02060	0.00903	0.00275	0.00398	0.01839	0.00697	0.00611
15	0.01096	0.01357	0.14903	0.01236	0.01556	0.00993	0.01151	0.01429	0.01304	0.01820	0.02706	0.03467	0.12332	0.12194	0.38286	0.00782	0.01378	0.00882	0.00424	0.00703

[dist]
# distance from previous block
# <min> <max>
0	17

[block]
# block no. 2 follows, 28 sequences, length 30
# corresponding to MSA columns:
# 698-708,712-730
name=unknown_C
#
# <colnr> <probs for GDERKNQSTAVLIFYWHMCP>
#	G	D	E	R	K	N	Q	S	T	A	V	L	I	F	Y	W	H	M	C	P
0	0.00960	0.00716	0.00836	0.00844	0.00980	0.00653	0.00585	0.01141	0.01599	0.02106	0.24392	0.16032	0.25573	0.18571	0.01525	0.00354	0.00446	0.01438	0.00658	0.00592
1	0.53847	0.01838	0.12194	0.01200	0.01721	0.04337	0.01135	0.04811	0.01422	0.03033	0.01187	0.01381	0.00912	0.00714	0.00555	0.00222	0.02283	0.00455	0.05907	0.00846
2	0.02362	0.02640	0.01967	0.01922	0.07429	0.43384	0.01378	0.09510	0.06540	0.02203	0.01559	0.02100	0.01352	0.00995	0.00855	0.05727	0.01073	0.05670	0.00455	0.00879
3	0.01065	0.08593	0.01268	0.05996	0.01414	0.00933	0.00813	0.01295	0.01623	0.02137	0.21312	0.32446	0.15013	0.01715	0.00835	0.00251	0.00468	0.01506	0.00645	0.00671
4	0.01507	0.01292	0.01507	0.01077	0.01723	0.00969	0.00861	0.01830	0.01507	0.02369	0.01292	0.01507	0.01077	0.00538	0.00538	0.00108	0.00538	0.00431	0.00431	0.78898
5	0.01764	0.01319	0.01618	0.01322	0.01707	0.01327	0.01061	0.11495	0.01743	0.08783	0.01919	0.07518	0.01778	0.06863	0.01220	0.00250	0.13175	0.05803	0.00535	0.28800
6	0.45106	0.01508	0.01216	0.01100	0.01476	0.09182	0.00867	0.07174	0.01629	0.02967	0.09008	0.07842	0.06432	0.00990	0.00603	0.00228	0.00617	0.00729	0.00534	0.00791
7	0.01687	0.01294	0.01401	0.01238	0.01529	0.01412	0.00930	0.17941	0.22087	0.02747	0.02802	0.03761	0.06960	0.25457	0.01742	0.00397	0.00663	0.04452	0.00629	0.00871
8	0.02002	0.16976	0.02576	0.07317	0.20692	0.14532	0.01579	0.05162	0.17508	0.02335	0.01634	0.01804	0.01310	0.00754	0.00662	0.00208	0.00863	0.00603	0.00453	0.01030
9	0.01620	0.01611	0.07919	0.01810	0.02263	0.01481	0.18340	0.14646	0.07171	0.02588	0.02189	0.14745	0.02043	0.06017	0.11704	0.00414	0.01018	0.00998	0.00523	0.00902
10	0.06143	0.02500	0.27379	0.02223	0.09074	0.05632	0.14835	0.04847	0.01724	0.09361	0.01668	0.01872	0.03084	0.00726	0.00712	0.00221	0.00959	0.00645	0.00431	0.05964
11	0.01893	0.35441	0.14212	0.01392	0.02015	0.02102	0.01396	0.02568	0.13992	0.09527	0.02127	0.02120	0.06724	0.00828	0.00615	0.00200	0.00740	0.00622	0.00482	0.01005
12	0.01261	0.00767	0.00956	0.00937	0.01134	0.00692	0.00691	0.01503	0.01749	0.10878	0.24943	0.24911	0.17345	0.01658	0.00834	0.00246	0.00405	0.01450	0.06929	0.00713
13	0.01404	0.01261	0.04617	0.01361	0.06848	0.05082	0.01009	0.06848	0.01962	0.02729	0.31218	0.04164	0.09740	0.01219	0.00767	0.00217	0.00544	0.04374	0.08587	0.06048
14	0.14675	0.19046	0.12304	0.01338	0.01892	0.07356	0.01274	0.07578	0.07017	0.05038	0.02449	0.02464	0.12967	0.00922	0.00633	0.00211	0.00738	0.00685	0.00492	0.00921
15	0.01057	0.00705	0.00793	0.00793	0.00793	0.00705	0.00440	0.01057	0.01057	0.01409	0.02290	0.04757	0.02643	0.74454	0.03700	0.00705	0.00705	0.01057	0.00440	0.00440
16	0.00966	0.00673	0.00813	0.00891	0.00925	0.00646	0.00555	0.01035	0.01247	0.01648	0.03379	0.36968	0.07513	0.36812	0.02251	0.00488	0.00554	0.01552	0.00563	0.00520
17	0.02388	0.02578	0.01798	0.01623	0.01989	0.43193	0.01231	0.05569	0.13568	0.06153	0.01818	0.05577	0.01498	0.00892	0.00680	0.00205	0.00999	0.00653	0.06680	0.00909
18	0.54326	0.01651	0.01347	0.01157	0.01624	0.09340	0.00938	0.06832	0.01603	0.13364	0.01355	0.01429	0.00987	0.00730	0.00534	0.00220	0.00670	0.00471	0.00528	0.00892
19	0.02547	0.01156	0.01517	0.01252	0.01698	0.01066	0.01019	0.03040	0.09422	0.45829	0.14506	0.03468	0.02912	0.01099	0.00776	0.00237	0.00570	0.05954	0.00846	0.01087
20	0.00877	0.00665	0.00810	0.00927	0.01032	0.00598	0.00637	0.01022	0.01474	0.01889	0.05048	0.53208	0.24907	0.02142	0.00906	0.00280	0.00405	0.01901	0.00675	0.00598
21	0.01277	0.00874	0.01189	0.11929	0.01785	0.00905	0.00971	0.04941	0.01573	0.06034	0.03161	0.37635	0.03429	0.05941	0.01012	0.00298	0.00575	0.08988	0.06780	0.00703
22	0.02398	0.01389	0.01641	0.01375	0.01820	0.01430	0.01091	0.15426	0.20934	0.28550	0.02852	0.13239	0.02266	0.01128	0.00763	0.00240	0.00611	0.00944	0.00788	0.01115
23	0.01131	0.00871	0.01043	0.00999	0.01250	0.00794	0.00784	0.04798	0.01837	0.02455	0.24201	0.11217	0.23966	0.01618	0.00851	0.00245	0.00457	0.12378	0.00690	0.08417
24	0.01663	0.05463	0.01719	0.01422	0.01733	0.15708	0.06218	0.10193	0.03875	0.02374	0.09886	0.23617	0.10380	0.01396	0.00796	0.00238	0.00726	0.01199	0.00591	0.00803
25	0.27824	0.08268	0.01754	0.01502	0.09185	0.01548	0.01080	0.04849	0.06289	0.13927	0.03561	0.01807	0.01360	0.00850	0.00718	0.04745	0.00630	0.00561	0.00532	0.09010
26	0.12157	0.09096	0.02535	0.02249	0.14770	0.10008	0.12283	0.14142	0.01950	0.02711	0.01649	0.05848	0.01461	0.00873	0.00706	0.00225	0.00880	0.05010	0.00474	0.00971
27	0.02418	0.01799	0.01819	0.01475	0.01979	0.08910	0.01183	0.26963	0.15999	0.15027	0.02480	0.02372	0.06287	0.00929	0.00717	0.00215	0.00725	0.00726	0.00696	0.07280
28	0.22202	0.07170	0.09580	0.01534	0.02117	0.08549	0.04945	0.16706	0.05242	0.12961	0.01605	0.01660	0.01159	0.00767	0.00635	0.00218	0.00803	0.00569	0.00553	0.01026
29	0.01627	0.07188	0.01632	0.01300	0.01602	0.08730	0.03674	0.08306	0.10948	0.04287	0.08191	0.11470	0.09014	0.11852	0.02748	0.00325	0.00718	0.04984	0.00592	0.00812

[dist]
# distance from previous block
# <min> <max>
1	35

[block]
# block no. 3 follows, 28 sequences, length 10
# corresponding to MSA columns:
# 771-780
name=unknown_D
#
# <colnr> <probs for GDERKNQSTAVLIFYWHMCP>
#	G	D	E	R	K	N	Q	S	T	A	V	L	I	F	Y	W	H	M	C	P
0	0.07676	0.01896	0.02315	0.05629	0.07434	0.12463	0.13718	0.10433	0.11869	0.07057	0.04737	0.02027	0.01532	0.00785	0.00712	0.00216	0.00868	0.00685	0.00529	0.07418
1	0.13221	0.09655	0.06322	0.01219	0.01620	0.01343	0.01051	0.02164	0.08751	0.11968	0.04685	0.16505	0.02337	0.01641	0.08574	0.00336	0.00752	0.02610	0.00574	0.04675
2	0.12912	0.01508	0.05582	0.01307	0.01752	0.01432	0.01097	0.21620	0.04777	0.03096	0.05119	0.17101	0.02297	0.01159	0.00717	0.00226	0.00628	0.04043	0.00607	0.13019
3	0.01559	0.01489	0.01722	0.01751	0.11777	0.08991	0.01170	0.01820	0.01519	0.02119	0.01839	0.17404	0.01875	0.01045	0.00880	0.00198	0.09154	0.00849	0.00454	0.32386
4	0.01358	0.01291	0.07038	0.01465	0.09051	0.01096	0.01087	0.11262	0.02056	0.02778	0.28413	0.04609	0.22944	0.01338	0.00810	0.00231	0.00536	0.01142	0.00664	0.00830
5	0.13458	0.01795	0.11850	0.01490	0.02012	0.01578	0.04176	0.19923	0.08280	0.07344	0.11665	0.05844	0.02352	0.01023	0.00729	0.00236	0.00703	0.03924	0.00625	0.00991
6	0.02081	0.10194	0.02638	0.13231	0.29031	0.16057	0.01796	0.11991	0.01949	0.02431	0.01323	0.01642	0.01069	0.00710	0.00681	0.00208	0.00951	0.00583	0.00406	0.01026
7	0.01727	0.01188	0.01266	0.01131	0.01436	0.01290	0.00877	0.17287	0.17327	0.03115	0.02558	0.11061	0.02154	0.01057	0.00662	0.00213	0.00509	0.00872	0.33364	0.00904
8	0.01797	0.03312	0.52905	0.01968	0.02915	0.01835	0.02347	0.19224	0.02023	0.02894	0.01419	0.01589	0.01003	0.00738	0.00700	0.00227	0.01003	0.00568	0.00416	0.01116
9	0.07425	0.01272	0.01160	0.01053	0.01318	0.09455	0.00788	0.09589	0.01891	0.02495	0.18704	0.04535	0.23585	0.12197	0.01208	0.00298	0.00594	0.01090	0.00621	0.00722

[dist]
# distance from previous block
# <min> <max>
0	1

[block]
# block no. 4 follows, 28 sequences, length 25
# corresponding to MSA columns:
# 782-806
name=unknown_E
#
# <colnr> <probs for GDERKNQSTAVLIFYWHMCP>
#	G	D	E	R	K	N	Q	S	T	A	V	L	I	F	Y	W	H	M	C	P
0	0.02188	0.02512	0.02098	0.01813	0.02173	0.38395	0.07980	0.07003	0.06655	0.02133	0.01958	0.07483	0.05999	0.00998	0.00874	0.00223	0.07431	0.00755	0.00462	0.00867
1	0.06085	0.07814	0.23922	0.01877	0.06954	0.01620	0.08199	0.05979	0.06336	0.04710	0.07255	0.03624	0.01687	0.00796	0.00686	0.00212	0.00819	0.00676	0.00462	0.10287
2	0.01899	0.17991	0.15131	0.01618	0.02213	0.11172	0.06495	0.14790	0.02024	0.02550	0.06885	0.02452	0.09952	0.00912	0.00690	0.00209	0.00861	0.00722	0.00484	0.00953
3	0.06231	0.07086	0.02552	0.01883	0.02418	0.16197	0.14652	0.26821	0.02358	0.05181	0.01526	0.01733	0.01163	0.01085	0.05603	0.00279	0.01051	0.00638	0.00522	0.01021
4	0.17392	0.01572	0.02208	0.38530	0.13465	0.06370	0.06366	0.02072	0.01498	0.02245	0.01248	0.01724	0.00966	0.00698	0.00674	0.00231	0.00912	0.00598	0.00361	0.00868
5	0.01217	0.00915	0.01133	0.01082	0.01205	0.01009	0.00778	0.05916	0.05150	0.01894	0.02573	0.08710	0.06848	0.29966	0.23609	0.00705	0.05151	0.01010	0.00487	0.00642
6	0.01240	0.00681	0.00721	0.00734	0.00849	0.00678	0.00503	0.01474	0.01391	0.02301	0.02475	0.08711	0.02294	0.20380	0.01383	0.00320	0.00442	0.00884	0.51931	0.00608
7	0.01125	0.00769	0.00955	0.09839	0.01350	0.00807	0.00666	0.01242	0.01197	0.01680	0.02307	0.09424	0.02490	0.49484	0.02673	0.00541	0.00666	0.01030	0.11222	0.00531
8	0.00937	0.00686	0.00879	0.00943	0.01058	0.00629	0.00665	0.01151	0.01674	0.02268	0.29130	0.40302	0.13135	0.01928	0.00893	0.00264	0.00386	0.01721	0.00722	0.00629
9	0.01609	0.10736	0.43945	0.01815	0.02653	0.01849	0.02096	0.02732	0.20565	0.02448	0.01743	0.01829	0.01291	0.00767	0.00681	0.00227	0.00901	0.00602	0.00430	0.01081
10	0.00981	0.00673	0.00815	0.00890	0.00908	0.00654	0.00544	0.01037	0.01205	0.01606	0.03047	0.35288	0.03598	0.42619	0.02477	0.00524	0.00580	0.01502	0.00544	0.00507
11	0.01711	0.01521	0.02222	0.32856	0.11047	0.01739	0.05413	0.10834	0.17615	0.02605	0.03899	0.02191	0.01511	0.00815	0.00741	0.00237	0.00837	0.00722	0.00495	0.00988
12	0.02394	0.02063	0.01960	0.01628	0.02115	0.12136	0.01297	0.33996	0.27940	0.03591	0.02115	0.02049	0.01565	0.00898	0.00721	0.00224	0.00789	0.00691	0.00681	0.01147
13	0.01593	0.01636	0.12897	0.01410	0.01849	0.01333	0.01300	0.10853	0.01853	0.06275	0.13238	0.08843	0.06414	0.01185	0.00976	0.00234	0.10299	0.04772	0.00570	0.12468
14	0.03647	0.12640	0.27280	0.01576	0.02196	0.01476	0.06965	0.01892	0.01540	0.04623	0.02693	0.17280	0.10931	0.01164	0.00738	0.00236	0.00783	0.00995	0.00464	0.00882
15	0.01173	0.00745	0.00996	0.00999	0.01122	0.00744	0.00717	0.01291	0.01339	0.06478	0.06867	0.17600	0.10809	0.12997	0.21828	0.11059	0.00930	0.01167	0.00535	0.00603
16	0.02230	0.01483	0.01679	0.01404	0.01854	0.01591	0.01120	0.17124	0.31042	0.18240	0.11553	0.02814	0.02534	0.01009	0.00751	0.00233	0.00602	0.00832	0.00780	0.01126
17	0.01195	0.15723	0.01487	0.01022	0.01223	0.01107	0.00786	0.01366	0.03239	0.01927	0.12179	0.31436	0.09983	0.01794	0.01084	0.11380	0.00512	0.01337	0.00569	0.00651
18	0.00984	0.00714	0.00920	0.01060	0.03219	0.00652	0.00709	0.01155	0.01530	0.03825	0.10001	0.49780	0.18699	0.02031	0.00895	0.00275	0.00423	0.01810	0.00681	0.00638
19	0.03841	0.00836	0.00879	0.00807	0.01048	0.00839	0.00624	0.05873	0.01686	0.09535	0.02344	0.02585	0.01788	0.00849	0.00542	0.00179	0.00401	0.00673	0.63901	0.00770
20	0.00927	0.00663	0.00845	0.00955	0.01013	0.00627	0.00633	0.01052	0.01384	0.01843	0.07772	0.51436	0.08710	0.14830	0.03440	0.00384	0.00507	0.01774	0.00633	0.00573
21	0.01758	0.01686	0.02877	0.10980	0.63719	0.01716	0.02211	0.02195	0.01636	0.02325	0.01360	0.01812	0.01134	0.00655	0.00720	0.00218	0.00874	0.00648	0.00356	0.01119
22	0.00902	0.00644	0.00862	0.01031	0.01080	0.00604	0.00703	0.01040	0.01408	0.01874	0.03997	0.70232	0.04772	0.02262	0.00932	0.00297	0.00436	0.05653	0.00674	0.00595
23	0.02101	0.60327	0.03452	0.01372	0.01943	0.16877	0.01277	0.02325	0.01596	0.01724	0.01034	0.01196	0.00934	0.00648	0.00505	0.00162	0.00886	0.00405	0.00324	0.00914
24	0.65099	0.06512	0.01361	0.01039	0.01515	0.01722	0.00871	0.06179	0.01435	0.07170	0.01165	0.01290	0.00884	0.00696	0.00484	0.00220	0.00595	0.00429	0.00483	0.00851

[dist]
# distance from previous block
# <min> <max>
0	37

[block]
# block no. 5 follows, 28 sequences, length 20
# corresponding to MSA columns:
# 844-863
name=unknown_F
#
# <colnr> <probs for GDERKNQSTAVLIFYWHMCP>
#	G	D	E	R	K	N	Q	S	T	A	V	L	I	F	Y	W	H	M	C	P
0	0.00882	0.00744	0.00768	0.00780	0.01020	0.00630	0.00598	0.01077	0.01658	0.01979	0.07107	0.07084	0.64841	0.01853	0.00870	0.00252	0.00390	0.06175	0.00675	0.00618
1	0.15305	0.05992	0.01837	0.01487	0.01906	0.14008	0.04389	0.09055	0.23101	0.04196	0.02114	0.09838	0.01801	0.00981	0.00685	0.00229	0.00752	0.00783	0.00578	0.00962
2	0.01571	0.01130	0.01304	0.01135	0.01419	0.01191	0.00865	0.15897	0.06346	0.02591	0.02037	0.02813	0.01810	0.16668	0.18566	0.00529	0.00943	0.00756	0.13027	0.09402
3	0.02290	0.02626	0.02527	0.02538	0.16489	0.36650	0.09111	0.06993	0.01925	0.02154	0.01238	0.01547	0.01023	0.00779	0.00888	0.00216	0.09091	0.00581	0.00389	0.00944
4	0.32456	0.02280	0.01541	0.01380	0.01777	0.32347	0.01071	0.06904	0.01778	0.02643	0.01251	0.01434	0.00994	0.00739	0.00565	0.00202	0.00885	0.00473	0.08448	0.00831
5	0.01444	0.01358	0.01490	0.03975	0.04082	0.10137	0.01093	0.06087	0.01563	0.01992	0.02872	0.03315	0.16726	0.04508	0.25648	0.00577	0.11048	0.00878	0.00463	0.00744
6	0.02154	0.01641	0.02229	0.02617	0.28786	0.01710	0.01572	0.25140	0.04569	0.08319	0.04283	0.04651	0.01654	0.00860	0.00721	0.00218	0.00740	0.00739	0.06280	0.01116
7	0.00880	0.00655	0.00821	0.00953	0.01039	0.00595	0.00649	0.01019	0.01448	0.01879	0.04721	0.59716	0.18610	0.02184	0.00913	0.00285	0.00410	0.01953	0.00675	0.00595
8	0.01354	0.01208	0.01928	0.20066	0.26486	0.01267	0.01542	0.01697	0.01568	0.02131	0.09253	0.14824	0.07078	0.05301	0.00949	0.00267	0.00719	0.01037	0.00475	0.00847
9	0.01090	0.00705	0.00767	0.00771	0.00954	0.00651	0.00571	0.01360	0.01658	0.02430	0.16914	0.10763	0.25324	0.01418	0.00726	0.00216	0.00356	0.01199	0.31475	0.00651
10	0.08828	0.01432	0.01940	0.48560	0.03895	0.06640	0.01704	0.03946	0.01580	0.05207	0.01591	0.03938	0.01322	0.00866	0.00721	0.00243	0.00901	0.05450	0.00411	0.00825
11	0.01316	0.01231	0.02021	0.64771	0.04563	0.01505	0.01857	0.01767	0.01476	0.01869	0.01961	0.02496	0.08539	0.00850	0.00741	0.00243	0.00903	0.00744	0.00362	0.00786
12	0.01687	0.01286	0.01526	0.01099	0.01736	0.00979	0.00883	0.02006	0.01566	0.09356	0.01454	0.01607	0.01151	0.00575	0.00558	0.00120	0.00547	0.00461	0.00479	0.70924
13	0.01687	0.09002	0.02013	0.01878	0.12958	0.05605	0.01297	0.04043	0.08988	0.06061	0.02881	0.07501	0.15274	0.01187	0.01087	0.00245	0.15977	0.00903	0.00514	0.00899
14	0.01751	0.38559	0.22275	0.06107	0.13773	0.02280	0.01856	0.02202	0.01522	0.01995	0.01168	0.01419	0.00968	0.00651	0.00586	0.00191	0.00886	0.00488	0.00319	0.01002
15	0.01042	0.00764	0.01091	0.01091	0.01194	0.00867	0.00812	0.01248	0.01145	0.01630	0.02018	0.03247	0.01987	0.19658	0.57599	0.01073	0.01691	0.00836	0.00400	0.00606
16	0.09825	0.01316	0.01335	0.01218	0.01526	0.05772	0.00951	0.12697	0.11977	0.02934	0.20582	0.11575	0.08100	0.01328	0.00781	0.00243	0.00572	0.05736	0.00683	0.00849
17	0.01674	0.01613	0.01952	0.01582	0.02005	0.09381	0.09289	0.05357	0.08696	0.02296	0.01751	0.07911	0.01568	0.01367	0.08152	0.00302	0.08867	0.00736	0.00468	0.25034
18	0.10232	0.01445	0.01414	0.01203	0.01636	0.08355	0.00923	0.05265	0.08696	0.02473	0.02051	0.17850	0.01996	0.01029	0.00659	0.00191	0.00611	0.00850	0.00529	0.32591
19	0.01971	0.05832	0.01769	0.01312	0.01832	0.08648	0.01066	0.17662	0.04512	0.06347	0.02306	0.02556	0.08884	0.00896	0.00667	0.00183	0.00687	0.03844	0.00563	0.28462

[dist]
# distance from previous block
# <min> <max>
0	47

[block]
# block no. 6 follows, 28 sequences, length 39
# corresponding to MSA columns:
# 925-954,956-963,968
name=unknown_G
#
# <colnr> <probs for GDERKNQSTAVLIFYWHMCP>
#	G	D	E	R	K	N	Q	S	T	A	V	L	I	F	Y	W	H	M	C	P
0	0.11612	0.01665	0.04365	0.08752	0.02371	0.06147	0.11179	0.13692	0.06254	0.08770	0.02225	0.05142	0.06396	0.07098	0.00974	0.00272	0.00811	0.00803	0.00546	0.00926
1	0.11079	0.10600	0.01908	0.01629	0.09929	0.03163	0.01158	0.21506	0.02080	0.02903	0.02716	0.14185	0.11933	0.01162	0.00712	0.00227	0.00661	0.00948	0.00574	0.00928
2	0.02050	0.24384	0.19190	0.01689	0.02404	0.07034	0.07472	0.09688	0.01835	0.09200	0.01423	0.01561	0.01079	0.00696	0.00631	0.00194	0.00894	0.00540	0.00436	0.07604
3	0.01993	0.49658	0.03082	0.01331	0.01867	0.09933	0.01214	0.07020	0.06927	0.02135	0.07354	0.01724	0.01585	0.00759	0.00562	0.00177	0.00782	0.00533	0.00425	0.00940
4	0.01835	0.02074	0.12293	0.01517	0.01962	0.16025	0.03556	0.02705	0.21517	0.05407	0.06943	0.02579	0.02030	0.07466	0.00968	0.00263	0.00801	0.00743	0.08388	0.00928
5	0.01799	0.01727	0.02950	0.04462	0.69919	0.01727	0.02231	0.02231	0.01655	0.02375	0.01367	0.01799	0.01151	0.00648	0.00720	0.00216	0.00864	0.00648	0.00360	0.01151
6	0.01031	0.00689	0.00795	0.00838	0.00986	0.00636	0.00602	0.01267	0.01607	0.02298	0.15799	0.26627	0.19946	0.01647	0.00785	0.00238	0.00373	0.01431	0.21768	0.00636
7	0.01045	0.00818	0.01035	0.01006	0.01117	0.00886	0.00735	0.01198	0.01263	0.01686	0.03427	0.04426	0.20345	0.24521	0.26152	0.00705	0.07517	0.01053	0.00475	0.00591
8	0.00906	0.00717	0.00816	0.00835	0.01022	0.00627	0.00610	0.01118	0.01703	0.02177	0.22057	0.19920	0.41237	0.01840	0.00872	0.00251	0.00373	0.01586	0.00706	0.00627
9	0.01808	0.01920	0.03871	0.03241	0.16827	0.01846	0.49604	0.07005	0.01826	0.02500	0.01470	0.01913	0.01122	0.00638	0.00821	0.00237	0.01123	0.00801	0.00392	0.01033
10	0.02659	0.08889	0.02204	0.01810	0.02218	0.61229	0.01390	0.07501	0.02113	0.01976	0.01160	0.01331	0.00958	0.00748	0.00646	0.00187	0.01233	0.00475	0.00395	0.00878
11	0.00887	0.00677	0.00816	0.00910	0.01032	0.00606	0.00633	0.01049	0.01533	0.01971	0.10010	0.45742	0.27382	0.02068	0.00899	0.00273	0.00397	0.01827	0.00684	0.00606
12	0.01619	0.01317	0.01539	0.01107	0.01747	0.01020	0.00888	0.04321	0.01599	0.04963	0.01367	0.01552	0.01109	0.00564	0.00552	0.00116	0.00551	0.00450	0.00459	0.73159
13	0.01617	0.01446	0.05042	0.01496	0.01919	0.01384	0.06609	0.02371	0.18133	0.07254	0.02624	0.07603	0.07165	0.01101	0.00950	0.00233	0.09659	0.05463	0.00568	0.17362
14	0.01866	0.38686	0.20467	0.01530	0.02230	0.02347	0.01610	0.07947	0.12525	0.02318	0.01463	0.01559	0.01163	0.00719	0.00590	0.00195	0.00823	0.00519	0.00414	0.01030
15	0.01044	0.00765	0.00993	0.01069	0.01227	0.00726	0.00854	0.01315	0.01702	0.02249	0.20722	0.15339	0.15420	0.05336	0.01063	0.00307	0.00510	0.28022	0.00693	0.00644
16	0.19230	0.01966	0.01823	0.04238	0.05860	0.15255	0.01257	0.17962	0.11456	0.11472	0.01737	0.01774	0.01273	0.00807	0.00655	0.00219	0.00803	0.00594	0.00587	0.01030
17	0.01554	0.17775	0.57511	0.01909	0.02894	0.01922	0.02402	0.02277	0.01523	0.02185	0.01247	0.01462	0.00923	0.00677	0.00646	0.00215	0.01016	0.00508	0.00308	0.01046
18	0.01925	0.33128	0.27751	0.01551	0.02308	0.02069	0.01724	0.02458	0.04024	0.12073	0.03643	0.01684	0.01290	0.00728	0.00609	0.00199	0.00841	0.00538	0.00427	0.01029
19	0.08712	0.10942	0.12962	0.02436	0.10978	0.01876	0.26209	0.07246	0.01703	0.02467	0.01393	0.01761	0.01095	0.01004	0.05819	0.00291	0.01065	0.00666	0.00388	0.00988
20	0.00942	0.00730	0.00862	0.00879	0.01063	0.00650	0.00657	0.01182	0.01755	0.02288	0.27964	0.16671	0.33966	0.01796	0.00878	0.00253	0.00387	0.05720	0.00718	0.00639
21	0.01407	0.01298	0.02165	0.48043	0.18016	0.01503	0.01895	0.01840	0.01502	0.01983	0.01694	0.08702	0.01530	0.00921	0.00759	0.00247	0.00881	0.04380	0.00382	0.00852
22	0.01783	0.27315	0.18642	0.07225	0.11128	0.02101	0.09750	0.02381	0.06537	0.04572	0.01409	0.01643	0.01107	0.00684	0.00645	0.00206	0.00903	0.00575	0.00377	0.01016
23	0.01087	0.01181	0.08964	0.01424	0.01666	0.00936	0.09026	0.01359	0.01445	0.01968	0.03275	0.52149	0.03757	0.01852	0.00955	0.00284	0.03521	0.03865	0.00583	0.00702
24	0.00902	0.00648	0.00850	0.00988	0.01048	0.00603	0.00665	0.01047	0.01453	0.01943	0.09946	0.63665	0.07310	0.03997	0.00988	0.00298	0.00420	0.01954	0.00680	0.00596
25	0.05932	0.03300	0.56102	0.02235	0.09002	0.01674	0.04852	0.02327	0.01553	0.04533	0.01350	0.01584	0.00969	0.00690	0.00687	0.00229	0.01018	0.00557	0.00341	0.01067
26	0.01987	0.02289	0.09134	0.02885	0.19618	0.15237	0.24340	0.02589	0.06945	0.05530	0.01545	0.01839	0.01186	0.00697	0.00754	0.00224	0.01059	0.00693	0.00416	0.01030
27	0.01176	0.00973	0.01206	0.01112	0.01161	0.01137	0.00803	0.01259	0.01193	0.01620	0.02903	0.04265	0.15454	0.38367	0.02746	0.00499	0.22069	0.01027	0.00451	0.00580
28	0.79588	0.01406	0.01068	0.00956	0.01406	0.01631	0.00787	0.02137	0.01237	0.03261	0.01012	0.01181	0.00787	0.00675	0.00450	0.00225	0.00562	0.00394	0.00450	0.00787
29	0.01790	0.08216	0.02760	0.03558	0.50474	0.01781	0.01908	0.02389	0.09582	0.02394	0.01519	0.01828	0.01253	0.00677	0.00685	0.00206	0.00796	0.00628	0.00406	0.07149
30	0.00895	0.00654	0.00843	0.00973	0.01049	0.00602	0.00662	0.01048	0.01481	0.01962	0.10242	0.60359	0.12239	0.02158	0.00914	0.00284	0.00409	0.01940	0.00686	0.00602
31	0.01711	0.01612	0.02696	0.24329	0.48344	0.01714	0.02136	0.04607	0.01663	0.02307	0.01360	0.01838	0.01101	0.00679	0.00722	0.00224	0.00892	0.00647	0.00363	0.01054
32	0.11298	0.01125	0.01311	0.01187	0.01483	0.01203	0.00933	0.11712	0.07464	0.08054	0.17066	0.10588	0.03136	0.02121	0.15302	0.00431	0.00829	0.03263	0.00646	0.00844
33	0.01364	0.00797	0.00997	0.00990	0.01130	0.00758	0.00684	0.03733	0.01533	0.11562	0.09087	0.33238	0.03721	0.21416	0.01617	0.00382	0.00528	0.01425	0.04363	0.00675
34	0.02259	0.02658	0.01910	0.01874	0.06906	0.46246	0.01333	0.02709	0.10025	0.02055	0.06732	0.01973	0.01645	0.01248	0.07027	0.00287	0.01171	0.00617	0.00452	0.00873
35	0.00903	0.00688	0.00830	0.00901	0.01036	0.00616	0.00635	0.01088	0.01603	0.02085	0.17063	0.38815	0.27143	0.01986	0.00892	0.00266	0.00389	0.01749	0.00698	0.00616
36	0.00889	0.00723	0.00788	0.00802	0.01008	0.00622	0.00590	0.01090	0.01683	0.02097	0.16612	0.15989	0.50882	0.01846	0.00868	0.00250	0.00372	0.01573	0.00695	0.00622
37	0.01543	0.01399	0.02306	0.06467	0.45089	0.01437	0.01766	0.01922	0.01530	0.02190	0.01825	0.02333	0.04587	0.01807	0.16794	0.00433	0.01068	0.00721	0.03808	0.00975
38	0.02086	0.61684	0.03486	0.01360	0.01936	0.15572	0.01273	0.02311	0.01585	0.01723	0.01031	0.01193	0.00933	0.00645	0.00501	0.00161	0.00876	0.00403	0.00323	0.00916

[dist]
# distance from previous block
# <min> <max>
0	1

[block]
# block no. 7 follows, 28 sequences, length 47
# corresponding to MSA columns:
# 970-1016
name=unknown_H
#
# <colnr> <probs for GDERKNQSTAVLIFYWHMCP>
#	G	D	E	R	K	N	Q	S	T	A	V	L	I	F	Y	W	H	M	C	P
0	0.01715	0.01610	0.01999	0.01757	0.06069	0.10135	0.13584	0.05711	0.13700	0.05950	0.03547	0.03634	0.21566	0.04621	0.00926	0.00256	0.00767	0.00981	0.00575	0.00897
1	0.01855	0.01585	0.01670	0.01489	0.01908	0.01830	0.01162	0.06980	0.65413	0.03116	0.02899	0.02665	0.02171	0.00981	0.00739	0.00245	0.00586	0.00814	0.00739	0.01155
2	0.75847	0.01400	0.01122	0.04388	0.01578	0.01630	0.00846	0.02123	0.01247	0.03194	0.01026	0.01217	0.00796	0.00677	0.00463	0.00226	0.00582	0.00406	0.00444	0.00788
3	0.01549	0.01297	0.02323	0.02119	0.11527	0.01212	0.21893	0.01935	0.01758	0.09507	0.15846	0.14031	0.09388	0.01187	0.00836	0.00243	0.00736	0.01152	0.00583	0.00880
4	0.02027	0.02122	0.02108	0.01734	0.02094	0.21710	0.04643	0.09313	0.01759	0.02243	0.01195	0.01526	0.01016	0.00873	0.01197	0.00216	0.23949	0.00553	0.00408	0.19315
5	0.01827	0.01822	0.02793	0.11737	0.57260	0.07427	0.02140	0.02245	0.01666	0.02269	0.01339	0.01774	0.01114	0.00665	0.00715	0.00216	0.00912	0.00633	0.00357	0.01088
6	0.69672	0.01671	0.01196	0.01074	0.01514	0.10648	0.00867	0.02236	0.01343	0.03070	0.01027	0.01198	0.00806	0.00684	0.00476	0.00220	0.00659	0.00403	0.00440	0.00794
7	0.01199	0.00936	0.01228	0.01182	0.01379	0.01053	0.00914	0.01854	0.15568	0.02224	0.15991	0.03352	0.02934	0.03699	0.42169	0.00782	0.01330	0.00898	0.00547	0.00762
8	0.69742	0.01384	0.01148	0.00999	0.01464	0.01558	0.00823	0.02318	0.01346	0.11925	0.01252	0.01348	0.00918	0.00704	0.00486	0.00225	0.00570	0.00437	0.00508	0.00845
9	0.01392	0.00971	0.01081	0.00991	0.01113	0.01012	0.00652	0.14649	0.01568	0.02095	0.02319	0.09805	0.02532	0.53491	0.02865	0.00572	0.00701	0.01057	0.00518	0.00616
10	0.01053	0.00710	0.00816	0.00809	0.00831	0.00702	0.00472	0.01098	0.01186	0.01604	0.10965	0.04844	0.03187	0.65041	0.03333	0.00643	0.00658	0.01090	0.00487	0.00472
11	0.01458	0.03760	0.70688	0.02072	0.03146	0.01688	0.02686	0.02302	0.01535	0.02302	0.01304	0.01535	0.00921	0.00691	0.00691	0.00230	0.01074	0.00537	0.00307	0.01074
12	0.01048	0.00740	0.00973	0.00973	0.01035	0.00802	0.00665	0.01173	0.01110	0.01543	0.02126	0.03846	0.02247	0.41388	0.36225	0.00927	0.01300	0.00924	0.00416	0.00540
13	0.01543	0.09584	0.56228	0.02309	0.11650	0.01795	0.02504	0.02282	0.01545	0.02261	0.01287	0.01537	0.00952	0.00679	0.00675	0.00222	0.01022	0.00539	0.00314	0.01072
14	0.01873	0.55353	0.18824	0.01451	0.02173	0.02578	0.01576	0.05330	0.01583	0.01981	0.01112	0.01277	0.00945	0.00649	0.00529	0.00175	0.00845	0.00435	0.00330	0.00979
15	0.06140	0.01639	0.01803	0.01380	0.01939	0.01656	0.01126	0.36217	0.02567	0.07206	0.07182	0.01987	0.01657	0.00817	0.00669	0.00187	0.00664	0.00634	0.00642	0.23887
16	0.01967	0.08277	0.09105	0.15388	0.02605	0.11169	0.01483	0.17861	0.02125	0.06031	0.10401	0.06553	0.02055	0.00953	0.00720	0.00221	0.00838	0.00767	0.00536	0.00946
17	0.02001	0.01445	0.01557	0.01322	0.01663	0.05663	0.01043	0.25981	0.02363	0.09004	0.15009	0.12963	0.02897	0.01203	0.00835	0.00230	0.04170	0.00979	0.08736	0.00936
18	0.02001	0.01263	0.01423	0.01246	0.01611	0.01339	0.00973	0.11555	0.24800	0.15824	0.02793	0.11730	0.02268	0.01093	0.00713	0.00229	0.00546	0.00913	0.16670	0.01009
19	0.01819	0.19559	0.11937	0.02862	0.28606	0.06213	0.10461	0.02259	0.01622	0.02164	0.01269	0.01590	0.01046	0.00643	0.00660	0.00200	0.00927	0.00577	0.00347	0.05241
20	0.01457	0.01478	0.05569	0.02462	0.21547	0.01296	0.13929	0.01869	0.01651	0.02290	0.05846	0.07212	0.09074	0.01072	0.00794	0.00233	0.00773	0.10000	0.00483	0.10968
21	0.03261	0.01237	0.01687	0.01293	0.01856	0.01068	0.01068	0.03543	0.02081	0.70423	0.02868	0.02474	0.01799	0.00900	0.00731	0.00225	0.00619	0.00731	0.00900	0.01237
22	0.01173	0.00911	0.01018	0.00944	0.01206	0.00859	0.00733	0.09740	0.02007	0.02601	0.25317	0.05908	0.38226	0.01617	0.00849	0.00242	0.00432	0.04778	0.00719	0.00719
23	0.01760	0.03329	0.11997	0.01864	0.10680	0.01395	0.04637	0.07391	0.01725	0.12162	0.02431	0.15807	0.05218	0.01153	0.00918	0.00243	0.08179	0.00960	0.07214	0.00937
24	0.02287	0.01343	0.01848	0.01648	0.05963	0.01424	0.03155	0.05558	0.07253	0.31331	0.02599	0.09494	0.04913	0.01140	0.01113	0.00254	0.16090	0.00882	0.00674	0.01031
25	0.00896	0.00637	0.00840	0.00999	0.01038	0.00597	0.00661	0.01015	0.01371	0.01828	0.03902	0.69772	0.04676	0.06664	0.01096	0.00320	0.00439	0.02005	0.00661	0.00581
26	0.02368	0.02835	0.02040	0.01829	0.02132	0.48358	0.01410	0.02790	0.10450	0.01936	0.01326	0.01549	0.01105	0.00887	0.01020	0.00222	0.15911	0.00548	0.00410	0.00873
27	0.79588	0.01406	0.01068	0.00956	0.01406	0.01631	0.00787	0.02137	0.01237	0.03261	0.01012	0.01181	0.00787	0.00675	0.00450	0.00225	0.00562	0.00394	0.00450	0.00787
28	0.01504	0.01305	0.01976	0.06704	0.25860	0.01405	0.03171	0.05145	0.01445	0.02016	0.01697	0.02905	0.01690	0.27997	0.04082	0.00437	0.08635	0.00807	0.00403	0.00816
29	0.01368	0.01351	0.10262	0.01398	0.07141	0.00979	0.01112	0.01754	0.01786	0.06396	0.32456	0.03670	0.05639	0.04672	0.00891	0.00227	0.00554	0.00939	0.00610	0.16796
30	0.01063	0.00706	0.00772	0.00780	0.00963	0.00646	0.00576	0.01324	0.01658	0.02386	0.16957	0.12558	0.27598	0.01482	0.00746	0.00222	0.00359	0.01258	0.27299	0.00646
31	0.34505	0.12471	0.21708	0.01716	0.06069	0.01848	0.07892	0.02213	0.01425	0.02630	0.01160	0.01390	0.00897	0.00664	0.00575	0.00218	0.00819	0.00493	0.00377	0.00929
32	0.20799	0.01675	0.02138	0.02067	0.14801	0.04945	0.08576	0.11856	0.01903	0.15773	0.01615	0.01742	0.01178	0.00726	0.00656	0.00213	0.00771	0.00601	0.00544	0.07421
33	0.02231	0.02438	0.02214	0.01875	0.02310	0.30875	0.09817	0.07490	0.25657	0.02485	0.01855	0.01930	0.01433	0.00841	0.00773	0.00222	0.03374	0.00662	0.00525	0.00995
34	0.01528	0.01211	0.01692	0.02032	0.20982	0.01195	0.01231	0.10177	0.02046	0.05037	0.27538	0.04151	0.13248	0.01219	0.00803	0.00230	0.00577	0.03562	0.00645	0.00897
35	0.01203	0.04760	0.06909	0.01236	0.01431	0.04162	0.00991	0.04644	0.01522	0.02012	0.03211	0.53213	0.03713	0.01867	0.00952	0.00276	0.04970	0.01630	0.00594	0.00703
36	0.18166	0.02033	0.07421	0.01512	0.02049	0.07242	0.01305	0.32401	0.11056	0.03630	0.04989	0.01884	0.01498	0.00852	0.00670	0.00222	0.00761	0.00631	0.00614	0.01063
37	0.01278	0.00805	0.01011	0.00923	0.01162	0.00719	0.00705	0.01578	0.01970	0.11409	0.46905	0.05402	0.20371	0.01491	0.00841	0.00232	0.00384	0.01289	0.00785	0.00741
38	0.01626	0.01469	0.02696	0.03121	0.34385	0.01440	0.17293	0.01886	0.01467	0.02045	0.01362	0.01955	0.01172	0.01177	0.01360	0.22749	0.00883	0.00693	0.00349	0.00871
39	0.01750	0.05438	0.02135	0.18873	0.09629	0.18332	0.01564	0.02029	0.01563	0.01872	0.01947	0.02305	0.09831	0.00995	0.01116	0.00241	0.18464	0.00704	0.00383	0.00829
40	0.02231	0.01118	0.01377	0.01126	0.01550	0.01019	0.00906	0.09563	0.02103	0.34880	0.12632	0.04071	0.21819	0.01242	0.00784	0.00231	0.00531	0.01028	0.00804	0.00987
41	0.02283	0.01851	0.02120	0.01735	0.02184	0.14811	0.10619	0.06154	0.17407	0.18937	0.02123	0.02193	0.01567	0.01300	0.07559	0.00320	0.04492	0.00717	0.00602	0.01028
42	0.01268	0.00910	0.01096	0.06836	0.01380	0.00956	0.00739	0.09684	0.01463	0.01947	0.02490	0.18303	0.02767	0.44159	0.02506	0.00520	0.00681	0.01178	0.00516	0.00604
43	0.26062	0.02177	0.07307	0.01494	0.01983	0.17609	0.01288	0.20169	0.02094	0.03088	0.01574	0.02164	0.01328	0.00893	0.00653	0.00227	0.00851	0.07585	0.00521	0.00933
44	0.10168	0.01544	0.02088	0.01876	0.09066	0.01613	0.09731	0.18648	0.07440	0.04465	0.01707	0.02004	0.01351	0.01660	0.14499	0.00398	0.01008	0.00667	0.00520	0.09546
45	0.17806	0.09383	0.01571	0.01139	0.01499	0.04874	0.00889	0.09312	0.03148	0.11216	0.01951	0.08290	0.01817	0.18760	0.01368	0.00332	0.00679	0.00779	0.00541	0.04648
46	0.01868	0.10635	0.01778	0.01242	0.01667	0.01272	0.04500	0.02358	0.10215	0.20429	0.07433	0.12279	0.13179	0.01195	0.00744	0.00224	0.00578	0.01018	0.00669	0.06716

[dist]
# distance from previous block
# <min> <max>
4	34

[block]
# block no. 8 follows, 28 sequences, length 85
# corresponding to MSA columns:
# 1056-1140
name=unknown_I
#
# <colnr> <probs for GDERKNQSTAVLIFYWHMCP>
#	G	D	E	R	K	N	Q	S	T	A	V	L	I	F	Y	W	H	M	C	P
0	0.01782	0.01692	0.02101	0.05660	0.08980	0.09444	0.08979	0.11309	0.04837	0.02499	0.02089	0.09456	0.05934	0.00964	0.00822	0.00213	0.05032	0.00818	0.00494	0.16895
1	0.01494	0.05003	0.15866	0.09880	0.05526	0.01507	0.01542	0.02077	0.08418	0.05863	0.09853	0.02931	0.10303	0.01293	0.04663	0.00292	0.11276	0.00824	0.00494	0.00895
2	0.01696	0.33560	0.02478	0.01303	0.01735	0.05625	0.01136	0.02310	0.15099	0.02011	0.01733	0.02115	0.01510	0.01942	0.18260	0.00431	0.01045	0.02377	0.00435	0.03199
3	0.01359	0.00989	0.01180	0.01253	0.04931	0.01029	0.00897	0.04464	0.15698	0.02593	0.10123	0.17542	0.06250	0.01389	0.00767	0.00243	0.00490	0.08546	0.19454	0.00803
4	0.05801	0.03890	0.10114	0.05971	0.17485	0.06075	0.01595	0.02183	0.03604	0.06149	0.01504	0.05125	0.01280	0.00828	0.00887	0.00214	0.10303	0.00637	0.00422	0.15931
5	0.01890	0.00938	0.01224	0.01041	0.01377	0.00828	0.00820	0.02188	0.02014	0.29503	0.34977	0.04466	0.13113	0.01301	0.00808	0.00229	0.00455	0.01113	0.00823	0.00894
6	0.02227	0.01770	0.01880	0.01564	0.02050	0.02004	0.01252	0.31785	0.40002	0.03717	0.02426	0.02288	0.01788	0.00936	0.00734	0.00234	0.00674	0.00748	0.00734	0.01188
7	0.02387	0.02450	0.10923	0.01671	0.02152	0.25964	0.01442	0.15054	0.02131	0.13699	0.01865	0.09700	0.01565	0.00987	0.00806	0.00224	0.04702	0.00743	0.00550	0.00983
8	0.00881	0.00652	0.00824	0.00961	0.01041	0.00595	0.00652	0.01018	0.01441	0.01876	0.04628	0.61584	0.16802	0.02197	0.00915	0.00286	0.00412	0.01968	0.00675	0.00595
9	0.01632	0.01455	0.01544	0.01162	0.01753	0.05612	0.00922	0.05379	0.05210	0.02460	0.01718	0.01865	0.04805	0.00663	0.00584	0.00133	0.00595	0.00525	0.00472	0.61513
10	0.02480	0.02529	0.02024	0.01853	0.05742	0.33455	0.01372	0.17686	0.18120	0.04904	0.01767	0.01804	0.01347	0.00833	0.00697	0.00211	0.00976	0.00612	0.00556	0.01033
11	0.02763	0.02036	0.02182	0.01672	0.02254	0.02254	0.01382	0.67496	0.03418	0.04581	0.01745	0.01745	0.01236	0.00873	0.00727	0.00218	0.00800	0.00654	0.00727	0.01236
12	0.01127	0.00889	0.01050	0.01069	0.01299	0.00871	0.00860	0.01660	0.11434	0.02365	0.17217	0.06465	0.27360	0.01704	0.00887	0.00271	0.00489	0.21555	0.00706	0.00723
13	0.02265	0.01789	0.01901	0.01572	0.02065	0.02022	0.01261	0.34338	0.37386	0.03778	0.02377	0.02249	0.01748	0.00932	0.00734	0.00233	0.00683	0.00742	0.00734	0.01192
14	0.01454	0.01475	0.02810	0.05868	0.02725	0.01585	0.31134	0.01869	0.01422	0.01997	0.01533	0.02193	0.01307	0.02322	0.24400	0.00561	0.13368	0.00784	0.00364	0.00832
15	0.02200	0.01702	0.02286	0.06091	0.29979	0.04834	0.01646	0.15518	0.08764	0.12701	0.01858	0.02011	0.01389	0.00782	0.00711	0.00218	0.00784	0.00672	0.04729	0.01125
16	0.00914	0.00714	0.00828	0.00852	0.01028	0.00629	0.00619	0.01130	0.01709	0.02209	0.24283	0.22196	0.36612	0.01842	0.00875	0.00252	0.00374	0.01596	0.00711	0.00629
17	0.00928	0.00651	0.00831	0.00957	0.00989	0.00619	0.00616	0.01023	0.01308	0.01744	0.03578	0.56706	0.04267	0.20288	0.01620	0.00397	0.00492	0.01815	0.00616	0.00553
18	0.02691	0.02222	0.06575	0.01701	0.02299	0.07010	0.01458	0.56834	0.03161	0.06253	0.01708	0.01724	0.01212	0.00853	0.00720	0.00217	0.00848	0.00636	0.00681	0.01198
19	0.02321	0.27758	0.02621	0.01600	0.02047	0.37956	0.01321	0.05947	0.01869	0.01910	0.01371	0.01536	0.03831	0.00783	0.00685	0.00187	0.04491	0.00503	0.00381	0.00883
20	0.01731	0.01372	0.01591	0.01153	0.01788	0.01116	0.00929	0.09205	0.01747	0.05865	0.01418	0.01580	0.01129	0.00593	0.00569	0.00126	0.00571	0.00470	0.00486	0.66564
21	0.00909	0.00683	0.00843	0.00919	0.01042	0.00617	0.00645	0.01097	0.01603	0.02111	0.18923	0.41868	0.22105	0.01994	0.00895	0.00268	0.00391	0.01767	0.00702	0.00617
22	0.00924	0.00690	0.00859	0.00919	0.01048	0.00625	0.00650	0.01130	0.01658	0.02207	0.24999	0.37510	0.20257	0.01933	0.00890	0.00263	0.00385	0.01713	0.00714	0.00625
23	0.50638	0.01348	0.01262	0.01063	0.01531	0.01455	0.00873	0.05873	0.01589	0.20816	0.01622	0.01646	0.01144	0.00755	0.00541	0.00221	0.00575	0.00513	0.05614	0.00921
24	0.00897	0.00666	0.00837	0.00947	0.01044	0.00606	0.00652	0.01060	0.01521	0.02000	0.12272	0.52841	0.17803	0.02100	0.00906	0.00278	0.00402	0.01874	0.00689	0.00606
25	0.05590	0.01623	0.03242	0.02439	0.02993	0.01561	0.45420	0.02041	0.01644	0.02290	0.02221	0.07641	0.05362	0.00991	0.00904	0.00261	0.03069	0.09382	0.00446	0.00880
26	0.01027	0.00755	0.00982	0.01053	0.01212	0.00711	0.00834	0.01303	0.01741	0.02317	0.24986	0.18745	0.15524	0.01866	0.00922	0.00280	0.00476	0.23903	0.00712	0.00652
27	0.01640	0.01815	0.06636	0.15396	0.16784	0.01708	0.36439	0.02192	0.01639	0.02274	0.01459	0.01944	0.01121	0.00656	0.00781	0.00234	0.01055	0.00755	0.04500	0.00972
28	0.02652	0.01665	0.01728	0.01430	0.01877	0.13683	0.01145	0.12862	0.02104	0.34645	0.02206	0.02231	0.01563	0.01761	0.14604	0.00402	0.01029	0.00682	0.00680	0.01052
29	0.33995	0.01665	0.01646	0.01328	0.01846	0.01842	0.01093	0.30475	0.05490	0.11612	0.01636	0.01647	0.01166	0.00801	0.00616	0.00223	0.00672	0.00565	0.00635	0.01050
