[name]
unknown

[dist]
# distance from previous block
# <min> <max>
0	77

[block]
# block no. 0 follows, 22 sequences, length 18
# corresponding to MSA columns:
# 87-104
name=unknown_A
#
# <colnr> <probs for GDERKNQSTAVLIFYWHMCP>
#	G	D	E	R	K	N	Q	S	T	A	V	L	I	F	Y	W	H	M	C	P
0	0.05234	0.01454	0.02075	0.02368	0.15795	0.01487	0.04909	0.02606	0.13436	0.07176	0.03521	0.05305	0.07606	0.01481	0.00949	0.00307	0.00793	0.21754	0.00691	0.01052
1	0.01741	0.01741	0.02793	0.15900	0.03171	0.02223	0.10884	0.02084	0.01459	0.02117	0.01342	0.02070	0.01193	0.01574	0.06956	0.00407	0.40256	0.00779	0.00379	0.00930
2	0.01683	0.01625	0.02845	0.52689	0.15419	0.01889	0.07588	0.02239	0.01725	0.02266	0.01508	0.02191	0.01155	0.00804	0.00842	0.00272	0.01113	0.00760	0.00380	0.01004
3	0.01805	0.00973	0.01213	0.01137	0.01447	0.00850	0.00856	0.02038	0.01969	0.20955	0.09153	0.25561	0.24932	0.01919	0.00963	0.00290	0.00521	0.01657	0.00855	0.00906
4	0.14919	0.01454	0.01856	0.01541	0.01957	0.01576	0.01267	0.02989	0.01839	0.33326	0.02322	0.02437	0.01668	0.01822	0.10757	0.00434	0.15228	0.00757	0.00721	0.01128
5	0.02111	0.57966	0.16724	0.01610	0.02423	0.03017	0.01749	0.02516	0.01701	0.02089	0.01222	0.01416	0.01063	0.00726	0.00584	0.00195	0.00956	0.00478	0.00354	0.01098
6	0.05034	0.01508	0.01985	0.01945	0.08321	0.05026	0.08918	0.02347	0.12187	0.02822	0.14751	0.05075	0.16406	0.01455	0.00930	0.00282	0.00747	0.08601	0.00697	0.00962
7	0.13003	0.00932	0.01074	0.01117	0.01275	0.00969	0.00801	0.01479	0.01528	0.02347	0.07661	0.24800	0.07158	0.16469	0.12494	0.00576	0.00861	0.04123	0.00633	0.00700
8	0.01653	0.01493	0.02196	0.45110	0.04384	0.01802	0.01910	0.02647	0.18236	0.02481	0.02252	0.08365	0.01868	0.01063	0.00854	0.00283	0.00934	0.00933	0.00530	0.01005
9	0.18144	0.02330	0.02304	0.02303	0.12649	0.13609	0.01596	0.21670	0.07209	0.03610	0.01673	0.01856	0.01295	0.00922	0.00870	0.00254	0.05275	0.00661	0.00597	0.01172
10	0.02044	0.01319	0.01557	0.01338	0.01714	0.01326	0.01042	0.16169	0.06368	0.13061	0.24787	0.10587	0.09744	0.03840	0.01032	0.00286	0.00601	0.01284	0.00869	0.01031
11	0.01682	0.00963	0.01223	0.01115	0.01369	0.00906	0.00827	0.01923	0.01854	0.15644	0.17723	0.05178	0.15184	0.17604	0.12570	0.00560	0.00855	0.01244	0.00744	0.00831
12	0.28805	0.01892	0.01937	0.01539	0.02147	0.02054	0.01270	0.29945	0.02730	0.17076	0.01964	0.01939	0.01365	0.00925	0.00722	0.00254	0.00778	0.00662	0.00761	0.01235
13	0.06624	0.01823	0.01960	0.01855	0.05864	0.09465	0.01364	0.14127	0.07421	0.02836	0.01888	0.02508	0.01640	0.06956	0.15415	0.05759	0.10202	0.00777	0.00543	0.00973
14	0.01095	0.00766	0.00931	0.01029	0.01070	0.00733	0.00647	0.01181	0.01443	0.01907	0.03963	0.38388	0.08062	0.32119	0.02428	0.00537	0.00618	0.01825	0.00655	0.00602
15	0.01587	0.01374	0.01880	0.02051	0.12211	0.01421	0.05449	0.02468	0.20215	0.02599	0.03697	0.17799	0.10310	0.11467	0.01398	0.00363	0.00720	0.01341	0.00671	0.00979
16	0.02052	0.11706	0.02459	0.01721	0.06585	0.01750	0.03636	0.11758	0.02082	0.02995	0.01526	0.01753	0.01243	0.00701	0.00666	0.00165	0.00758	0.00562	0.00517	0.45365
17	0.02027	0.06453	0.01699	0.01328	0.01771	0.11470	0.01048	0.02543	0.09621	0.12501	0.08317	0.04535	0.24962	0.01389	0.00847	0.00246	0.00706	0.01120	0.00726	0.06691

[dist]
# distance from previous block
# <min> <max>
0	2

[block]
# block no. 1 follows, 22 sequences, length 37
# corresponding to MSA columns:
# 107-143
name=unknown_B
#
# <colnr> <probs for GDERKNQSTAVLIFYWHMCP>
#	G	D	E	R	K	N	Q	S	T	A	V	L	I	F	Y	W	H	M	C	P
0	0.09428	0.02208	0.08214	0.02105	0.07903	0.07732	0.05096	0.11979	0.19878	0.06348	0.06533	0.02566	0.02092	0.01152	0.02875	0.00294	0.00926	0.00815	0.00667	0.01190
1	0.24028	0.17794	0.08024	0.01614	0.02258	0.11924	0.01460	0.14591	0.02190	0.06999	0.01495	0.01617	0.01145	0.00832	0.00658	0.00232	0.00931	0.00557	0.00545	0.01106
2	0.02591	0.01884	0.02032	0.01619	0.02090	0.02061	0.01266	0.44924	0.03121	0.04181	0.02176	0.02996	0.01880	0.21300	0.01819	0.00411	0.00883	0.00882	0.00736	0.01148
3	0.09557	0.10994	0.02794	0.08980	0.09273	0.02162	0.07941	0.17623	0.06006	0.09189	0.01890	0.02123	0.01430	0.01205	0.04994	0.00318	0.01011	0.00730	0.00600	0.01179
4	0.01170	0.00794	0.00936	0.00972	0.00988	0.00791	0.00578	0.01211	0.01286	0.01721	0.02972	0.17613	0.03447	0.55045	0.06420	0.00740	0.00807	0.01412	0.00551	0.00546
5	0.15855	0.01974	0.12412	0.01591	0.02115	0.05283	0.05576	0.05998	0.05686	0.03061	0.14825	0.10502	0.09221	0.01312	0.00838	0.00270	0.00772	0.01099	0.00644	0.00964
6	0.07477	0.05925	0.08595	0.02154	0.11696	0.01900	0.01616	0.20221	0.05359	0.09441	0.02451	0.14953	0.02195	0.01219	0.00831	0.00266	0.00822	0.01019	0.00680	0.01181
7	0.09307	0.16262	0.03175	0.07145	0.33624	0.08172	0.02018	0.02539	0.01796	0.02518	0.01382	0.01785	0.01177	0.00795	0.00840	0.00239	0.05041	0.00632	0.00406	0.01146
8	0.76672	0.01607	0.01221	0.01092	0.01607	0.01864	0.00900	0.02442	0.01414	0.03727	0.01157	0.01350	0.00900	0.00771	0.00514	0.00257	0.00643	0.00450	0.00514	0.00900
9	0.02286	0.01484	0.01722	0.01494	0.01903	0.01569	0.01162	0.14358	0.19424	0.15584	0.06636	0.10309	0.02938	0.09158	0.03939	0.00378	0.00766	0.02943	0.00818	0.01128
10	0.01032	0.00746	0.00976	0.01124	0.01205	0.00691	0.00765	0.01213	0.01708	0.02287	0.12775	0.58243	0.09251	0.02455	0.01045	0.00324	0.00467	0.02214	0.00790	0.00691
11	0.02382	0.02096	0.02046	0.01777	0.02282	0.08271	0.01395	0.16058	0.46256	0.03694	0.02907	0.02728	0.02173	0.01076	0.00833	0.00269	0.00787	0.00863	0.00804	0.01302
12	0.01702	0.01445	0.01678	0.01256	0.01917	0.01166	0.00996	0.02258	0.07605	0.02839	0.07771	0.02282	0.01987	0.00767	0.00672	0.00151	0.00598	0.00631	0.00566	0.61715
13	0.06111	0.01969	0.02410	0.04877	0.09255	0.08102	0.07472	0.19537	0.02534	0.14834	0.02629	0.08827	0.05448	0.01128	0.00853	0.00262	0.00915	0.00959	0.00701	0.01177
14	0.01888	0.14879	0.50672	0.02197	0.03268	0.08259	0.02672	0.02672	0.01799	0.02468	0.01418	0.01663	0.01056	0.00783	0.00745	0.00245	0.01199	0.00580	0.00359	0.01177
15	0.01208	0.00805	0.00906	0.00906	0.00906	0.00805	0.00503	0.01208	0.01208	0.01611	0.02618	0.05436	0.03020	0.70804	0.04228	0.00805	0.00805	0.01208	0.00503	0.00503
16	0.01164	0.00861	0.01095	0.01072	0.01282	0.00792	0.00828	0.01525	0.02221	0.03046	0.48169	0.06899	0.16946	0.01840	0.01001	0.00280	0.00444	0.08896	0.00872	0.00768
17	0.02244	0.30589	0.20404	0.01709	0.02480	0.04385	0.01792	0.02830	0.05778	0.12424	0.01964	0.06571	0.01619	0.00944	0.00714	0.00232	0.00929	0.00719	0.00523	0.01150
18	0.03223	0.01538	0.02015	0.01596	0.02134	0.01530	0.01314	0.12250	0.02399	0.45083	0.02781	0.02649	0.01871	0.01550	0.07237	0.00367	0.07463	0.00817	0.00881	0.01302
19	0.76672	0.01607	0.01221	0.01092	0.01607	0.01864	0.00900	0.02442	0.01414	0.03727	0.01157	0.01350	0.00900	0.00771	0.00514	0.00257	0.00643	0.00450	0.00514	0.00900
20	0.02221	0.71304	0.04353	0.01421	0.02132	0.03287	0.01421	0.02488	0.01688	0.01955	0.01155	0.01333	0.01066	0.00711	0.00533	0.00178	0.00888	0.00444	0.00355	0.01066
21	0.08740	0.01220	0.01706	0.01476	0.01795	0.01239	0.07353	0.06180	0.01835	0.10592	0.08659	0.13995	0.03066	0.12786	0.15016	0.00575	0.01047	0.01180	0.00654	0.00885
22	0.01069	0.00799	0.01001	0.01148	0.01250	0.00758	0.00785	0.01349	0.05234	0.02214	0.04992	0.58567	0.12835	0.02455	0.01038	0.00327	0.00484	0.02203	0.00775	0.00715
23	0.01503	0.01257	0.01364	0.01263	0.01565	0.03608	0.00962	0.02483	0.21787	0.03193	0.36216	0.05279	0.13140	0.01538	0.00929	0.00268	0.00520	0.01321	0.00857	0.00948
24	0.02059	0.01642	0.07985	0.01626	0.01957	0.01581	0.01393	0.07888	0.01850	0.14897	0.02498	0.13520	0.02315	0.08715	0.05671	0.00413	0.17767	0.01062	0.04171	0.00990
25	0.02107	0.02111	0.07103	0.06981	0.22418	0.05953	0.17243	0.02753	0.06270	0.08723	0.02495	0.02758	0.07382	0.00927	0.00874	0.00262	0.01043	0.00897	0.00531	0.01169
26	0.01824	0.15182	0.01890	0.01270	0.01522	0.13967	0.00934	0.02050	0.04526	0.01930	0.02122	0.03648	0.02197	0.36638	0.02482	0.00512	0.00922	0.00894	0.04736	0.00754
27	0.02010	0.01775	0.02531	0.06604	0.20175	0.01649	0.05475	0.10252	0.02068	0.03004	0.01582	0.01914	0.01273	0.00719	0.00737	0.00193	0.00837	0.00641	0.00502	0.36057
28	0.01973	0.01864	0.02118	0.21200	0.06807	0.08611	0.01648	0.05802	0.27557	0.02853	0.02934	0.03041	0.07879	0.01080	0.00842	0.00270	0.00881	0.00898	0.00632	0.01111
29	0.01443	0.00722	0.01082	0.01082	0.01082	0.00722	0.00722	0.01082	0.01082	0.01443	0.01443	0.02525	0.01443	0.02886	0.03247	0.75830	0.00722	0.00722	0.00361	0.00361
30	0.01749	0.02384	0.18742	0.09138	0.14901	0.01852	0.18017	0.02324	0.01711	0.02413	0.01690	0.02525	0.01452	0.11091	0.01488	0.00352	0.05865	0.00840	0.00405	0.01059
31	0.01443	0.00722	0.01082	0.01082	0.01082	0.00722	0.00722	0.01082	0.01082	0.01443	0.01443	0.02525	0.01443	0.02886	0.03247	0.75830	0.00722	0.00722	0.00361	0.00361
32	0.02080	0.01598	0.02802	0.19923	0.07270	0.01617	0.17648	0.04347	0.02090	0.14757	0.14303	0.03099	0.02660	0.01002	0.00899	0.00268	0.00956	0.00970	0.00630	0.01079
33	0.30469	0.08113	0.05720	0.01451	0.02006	0.01983	0.01259	0.17128	0.04670	0.07198	0.02043	0.10811	0.01789	0.01093	0.00713	0.00260	0.00748	0.00826	0.00644	0.01075
34	0.02647	0.10380	0.06748	0.08261	0.08352	0.01629	0.01529	0.03128	0.04332	0.30629	0.06192	0.02667	0.02069	0.00965	0.00781	0.00245	0.00784	0.00791	0.06660	0.01209
35	0.15866	0.15731	0.09715	0.01593	0.02220	0.02201	0.01474	0.16955	0.07955	0.03310	0.01757	0.01979	0.01394	0.01565	0.09534	0.00380	0.01033	0.00644	0.00561	0.04133
36	0.09246	0.02410	0.13296	0.02640	0.14726	0.06444	0.10420	0.08653	0.07831	0.03018	0.01752	0.02056	0.01367	0.01116	0.04581	0.00307	0.01087	0.00717	0.00505	0.07828

[dist]
# distance from previous block
# <min> <max>
2	6

[block]
# block no. 2 follows, 22 sequences, length 28
# corresponding to MSA columns:
# 150-177
name=unknown_C
#
# <colnr> <probs for GDERKNQSTAVLIFYWHMCP>
#	G	D	E	R	K	N	Q	S	T	A	V	L	I	F	Y	W	H	M	C	P
0	0.02110	0.01675	0.09027	0.06443	0.02421	0.01350	0.04573	0.04836	0.04276	0.18662	0.05099	0.05700	0.07613	0.01748	0.09256	0.00383	0.00969	0.00931	0.00669	0.12259
1	0.01550	0.09917	0.01669	0.01234	0.01530	0.01314	0.00985	0.09186	0.02296	0.03151	0.34316	0.14817	0.05448	0.01631	0.00912	0.00265	0.00554	0.04757	0.03588	0.00879
2	0.06519	0.16369	0.02562	0.07269	0.05726	0.04604	0.01423	0.16205	0.07408	0.03116	0.01724	0.02039	0.01409	0.04460	0.00882	0.00242	0.00848	0.00647	0.00555	0.15992
3	0.01629	0.01171	0.01223	0.01196	0.01317	0.09222	0.00860	0.01614	0.01426	0.01949	0.01826	0.02646	0.01651	0.02821	0.13753	0.37292	0.01016	0.00739	0.16058	0.00591
4	0.01012	0.00723	0.00964	0.01157	0.01205	0.00675	0.00771	0.01157	0.01591	0.02121	0.04579	0.70262	0.05495	0.02603	0.01060	0.00337	0.00482	0.02362	0.00771	0.00675
5	0.01826	0.01663	0.01770	0.01299	0.02014	0.06096	0.01031	0.02184	0.01770	0.02656	0.01462	0.01706	0.01218	0.00633	0.00625	0.00130	0.00682	0.00495	0.00487	0.70251
6	0.02384	0.07657	0.20697	0.02496	0.13631	0.05328	0.04716	0.09654	0.02159	0.13605	0.01834	0.01989	0.01336	0.00822	0.00779	0.00236	0.01001	0.00676	0.00551	0.08448
7	0.10588	0.40461	0.05769	0.01840	0.06524	0.18248	0.01545	0.02689	0.01832	0.02245	0.01226	0.01438	0.01065	0.00757	0.00611	0.00203	0.01026	0.00493	0.00394	0.01046
8	0.02056	0.01974	0.03372	0.05099	0.65622	0.01974	0.02550	0.02550	0.01892	0.02714	0.01563	0.02056	0.01316	0.00740	0.00822	0.00247	0.00987	0.00740	0.00411	0.01316
9	0.01961	0.02241	0.04902	0.03501	0.04342	0.02101	0.62605	0.02661	0.01961	0.02661	0.01681	0.02241	0.01261	0.00700	0.00980	0.00280	0.01401	0.00980	0.00420	0.01120
10	0.01179	0.00855	0.01194	0.01209	0.01310	0.00949	0.00877	0.01386	0.01321	0.01859	0.02507	0.08923	0.02585	0.22959	0.45802	0.01120	0.01719	0.01086	0.00485	0.00674
11	0.01012	0.00723	0.00964	0.01157	0.01205	0.00675	0.00771	0.01157	0.01591	0.02121	0.04579	0.70262	0.05495	0.02603	0.01060	0.00337	0.00482	0.02362	0.00771	0.00675
12	0.01338	0.01164	0.01550	0.10336	0.02038	0.01359	0.01206	0.01606	0.01610	0.02186	0.04243	0.09278	0.24370	0.02186	0.08873	0.00417	0.18028	0.01233	0.06190	0.00791
13	0.02289	0.01505	0.01681	0.01435	0.01904	0.01571	0.01137	0.11634	0.24661	0.16554	0.06818	0.03973	0.14651	0.01294	0.00859	0.00266	0.00632	0.01064	0.04895	0.01178
14	0.01797	0.18021	0.07690	0.20280	0.13371	0.02169	0.05529	0.02250	0.01656	0.02211	0.01499	0.02061	0.01264	0.01543	0.09771	0.00395	0.06388	0.00695	0.00384	0.01027
15	0.08411	0.16446	0.02666	0.06739	0.02640	0.43104	0.01566	0.05149	0.02161	0.02268	0.01289	0.01525	0.01071	0.00825	0.00699	0.00216	0.01267	0.00534	0.00431	0.00991
16	0.01101	0.00840	0.01010	0.00981	0.01198	0.00750	0.00731	0.01417	0.02154	0.02894	0.42505	0.10154	0.27475	0.01885	0.00985	0.00272	0.00407	0.01633	0.00858	0.00750
17	0.02054	0.01420	0.01716	0.01263	0.01944	0.01105	0.01014	0.02416	0.01889	0.14505	0.06420	0.02252	0.01862	0.00770	0.00682	0.00158	0.00616	0.00629	0.00622	0.56663
18	0.01643	0.00865	0.00875	0.00841	0.01062	0.00880	0.00639	0.05512	0.01869	0.03223	0.02668	0.03032	0.02087	0.00970	0.00595	0.00197	0.00418	0.00773	0.71037	0.00812
19	0.01423	0.01246	0.01974	0.21610	0.16378	0.01353	0.01630	0.01791	0.01658	0.02227	0.02946	0.20429	0.07318	0.02234	0.11598	0.00456	0.01047	0.01261	0.00525	0.00897
20	0.06246	0.01818	0.02709	0.18700	0.23370	0.04796	0.06370	0.06881	0.01871	0.02631	0.01615	0.02255	0.01352	0.03955	0.07014	0.00381	0.05762	0.00762	0.00444	0.01068
21	0.06856	0.01297	0.01989	0.46104	0.04231	0.01541	0.01791	0.01895	0.01647	0.02247	0.02557	0.15355	0.06740	0.01254	0.00862	0.00287	0.00905	0.01098	0.00485	0.00858
22	0.01220	0.00989	0.01148	0.01040	0.01383	0.00820	0.00779	0.01497	0.01885	0.02559	0.17146	0.17138	0.26374	0.01722	0.00899	0.00246	0.00477	0.01481	0.00726	0.20471
23	0.02075	0.08172	0.03182	0.14575	0.41385	0.08054	0.02287	0.02517	0.01847	0.02453	0.01463	0.01955	0.01226	0.00800	0.00891	0.00249	0.04599	0.00694	0.00399	0.01178
24	0.02104	0.31807	0.02904	0.01474	0.02000	0.02349	0.01281	0.14656	0.02087	0.02716	0.01959	0.12186	0.01937	0.05131	0.01010	0.00257	0.04361	0.00860	0.00539	0.08381
25	0.01573	0.01528	0.09589	0.01433	0.01809	0.01236	0.01263	0.12541	0.02227	0.03017	0.16565	0.19007	0.10139	0.01826	0.01085	0.04226	0.00676	0.08626	0.00737	0.00897
26	0.02334	0.13659	0.12211	0.02267	0.10543	0.09164	0.01827	0.13916	0.19745	0.03173	0.02046	0.02119	0.01571	0.00910	0.00771	0.00245	0.00955	0.00710	0.00592	0.01243
27	0.01935	0.07876	0.02286	0.10921	0.08219	0.10981	0.03767	0.06999	0.10163	0.02636	0.05943	0.11845	0.05192	0.01595	0.05675	0.00340	0.00998	0.01036	0.00586	0.01008

[dist]
# distance from previous block
# <min> <max>
0	13

[block]
# block no. 3 follows, 22 sequences, length 13
# corresponding to MSA columns:
# 191-203
name=unknown_D
#
# <colnr> <probs for GDERKNQSTAVLIFYWHMCP>
#	G	D	E	R	K	N	Q	S	T	A	V	L	I	F	Y	W	H	M	C	P
0	0.01843	0.06186	0.16116	0.01882	0.05431	0.05896	0.05366	0.02606	0.10683	0.06348	0.11373	0.07592	0.07010	0.01177	0.00838	0.00255	0.00838	0.01003	0.03703	0.03852
1	0.10009	0.09560	0.17304	0.06144	0.02469	0.06148	0.01728	0.02193	0.01696	0.02506	0.09251	0.06220	0.02214	0.01631	0.07669	0.00376	0.10616	0.00829	0.00478	0.00959
2	0.27634	0.11182	0.10726	0.01990	0.08560	0.17828	0.01610	0.02823	0.05879	0.02840	0.01417	0.01621	0.01130	0.00807	0.00661	0.00238	0.00991	0.00552	0.00464	0.01047
3	0.14766	0.19925	0.24820	0.02125	0.08915	0.02349	0.02033	0.10981	0.01995	0.03022	0.01429	0.01645	0.01106	0.00791	0.00688	0.00237	0.00977	0.00575	0.00453	0.01167
4	0.01443	0.00722	0.01082	0.01082	0.01082	0.00722	0.00722	0.01082	0.01082	0.01443	0.01443	0.02525	0.01443	0.02886	0.03247	0.75830	0.00722	0.00722	0.00361	0.00361
5	0.01427	0.01262	0.06154	0.01513	0.05584	0.01046	0.01154	0.01917	0.07061	0.06480	0.12262	0.23724	0.17619	0.01881	0.00975	0.00299	0.00601	0.07400	0.00757	0.00883
6	0.01051	0.00789	0.00973	0.01052	0.01188	0.00730	0.00737	0.01249	0.01738	0.02279	0.13821	0.35774	0.21710	0.06802	0.05759	0.00408	0.00592	0.01904	0.00752	0.00691
7	0.02040	0.01342	0.01591	0.01193	0.01819	0.01068	0.00954	0.02404	0.01840	0.13806	0.02007	0.02157	0.01532	0.00749	0.00647	0.00159	0.00591	0.00602	0.13800	0.49698
8	0.15341	0.09937	0.06371	0.01841	0.03921	0.06551	0.05441	0.09162	0.11394	0.02995	0.02085	0.10538	0.01877	0.01143	0.00962	0.00270	0.07655	0.00883	0.00573	0.01060
9	0.02035	0.01976	0.08149	0.01731	0.04633	0.12928	0.01382	0.06783	0.02018	0.09765	0.04957	0.19648	0.02742	0.02072	0.10010	0.00409	0.01059	0.01148	0.00630	0.05927
10	0.04336	0.07822	0.14291	0.01995	0.06322	0.09307	0.05640	0.10867	0.02230	0.06882	0.08570	0.07398	0.08513	0.01162	0.00835	0.00255	0.00926	0.00964	0.00606	0.01080
11	0.02099	0.19823	0.21708	0.06288	0.06996	0.15931	0.02024	0.02601	0.01841	0.02279	0.01411	0.01731	0.01151	0.01086	0.04561	0.00284	0.01196	0.00580	0.00388	0.06023
12	0.10160	0.18145	0.24461	0.01948	0.02752	0.10830	0.05368	0.08601	0.02036	0.02817	0.04543	0.01855	0.01422	0.00839	0.00723	0.00237	0.01064	0.00626	0.00459	0.01113

[dist]
# distance from previous block
# <min> <max>
4	172

[block]
# block no. 4 follows, 22 sequences, length 82
# corresponding to MSA columns:
# 376-421,427-462
name=unknown_E
#
# <colnr> <probs for GDERKNQSTAVLIFYWHMCP>
#	G	D	E	R	K	N	Q	S	T	A	V	L	I	F	Y	W	H	M	C	P
0	0.02053	0.02336	0.09350	0.01816	0.02362	0.16073	0.06875	0.09908	0.04802	0.02901	0.11331	0.09850	0.05227	0.01186	0.00847	0.00244	0.00935	0.00999	0.00613	0.10293
1	0.06387	0.02111	0.10915	0.01582	0.02095	0.09532	0.01428	0.13641	0.06038	0.03141	0.10184	0.04453	0.15975	0.01395	0.00879	0.00272	0.00822	0.07458	0.00684	0.01007
2	0.01719	0.11261	0.02063	0.14071	0.02501	0.04318	0.01342	0.06173	0.11002	0.02825	0.18418	0.04270	0.10194	0.01319	0.00862	0.00263	0.00741	0.05022	0.00672	0.00963
3	0.02483	0.07952	0.08985	0.02257	0.10818	0.09061	0.04437	0.11000	0.10670	0.12040	0.02035	0.02117	0.01513	0.00865	0.00775	0.00232	0.00937	0.00703	0.00615	0.10504
4	0.01754	0.01189	0.01641	0.01436	0.01742	0.01207	0.04975	0.05635	0.04740	0.11612	0.11284	0.12385	0.14142	0.02330	0.10129	0.05796	0.05122	0.01268	0.00711	0.00901
5	0.01585	0.01499	0.02495	0.64505	0.05493	0.01891	0.02276	0.02115	0.01636	0.02115	0.01452	0.02189	0.01106	0.00871	0.00953	0.00282	0.05510	0.00738	0.00369	0.00922
6	0.01951	0.01647	0.02082	0.14549	0.07347	0.01897	0.01575	0.10734	0.28835	0.03108	0.02505	0.02747	0.01953	0.01951	0.12918	0.00465	0.01083	0.00854	0.00650	0.01150
7	0.01187	0.00890	0.01335	0.01335	0.01483	0.01038	0.01038	0.01483	0.01335	0.01928	0.02225	0.03264	0.02077	0.06231	0.67512	0.01335	0.02225	0.00890	0.00445	0.00742
8	0.02248	0.61560	0.08711	0.01525	0.02269	0.03138	0.01552	0.06789	0.01850	0.02237	0.01239	0.01410	0.01090	0.00737	0.00573	0.00189	0.00915	0.00478	0.00389	0.01102
9	0.01052	0.00798	0.00971	0.01026	0.01190	0.00716	0.00732	0.01292	0.01914	0.02525	0.24110	0.31761	0.24547	0.02176	0.01012	0.00297	0.00436	0.01915	0.00815	0.00716
10	0.03080	0.02288	0.02449	0.01896	0.02547	0.02540	0.01560	0.58698	0.08186	0.05110	0.02093	0.02073	0.01493	0.01006	0.00832	0.00252	0.00896	0.00762	0.00832	0.01406
11	0.01019	0.00843	0.00894	0.00881	0.01145	0.00717	0.00661	0.01265	0.01982	0.02455	0.19417	0.07648	0.54153	0.02025	0.00981	0.00277	0.00415	0.01705	0.00799	0.00717
12	0.02066	0.01785	0.01878	0.01691	0.02160	0.02066	0.01315	0.04414	0.64121	0.03475	0.03381	0.03099	0.02536	0.01127	0.00845	0.00282	0.00657	0.00939	0.00845	0.01315
13	0.01187	0.00890	0.01335	0.01335	0.01483	0.01038	0.01038	0.01483	0.01335	0.01928	0.02225	0.03264	0.02077	0.06231	0.67512	0.01335	0.02225	0.00890	0.00445	0.00742
14	0.02221	0.71304	0.04353	0.01421	0.02132	0.03287	0.01421	0.02488	0.01688	0.01955	0.01155	0.01333	0.01066	0.00711	0.00533	0.00178	0.00888	0.00444	0.00355	0.01066
15	0.01860	0.01762	0.02985	0.22023	0.45466	0.01858	0.02373	0.02348	0.01811	0.02518	0.01727	0.06348	0.01520	0.00881	0.00839	0.00260	0.00988	0.00841	0.00422	0.01170
16	0.01189	0.00880	0.01283	0.01283	0.01413	0.01010	0.00973	0.01450	0.01320	0.01890	0.02273	0.03528	0.02191	0.14078	0.59821	0.01271	0.02053	0.00929	0.00452	0.00713
17	0.01470	0.01297	0.01315	0.01284	0.01415	0.10470	0.00912	0.01640	0.01432	0.01820	0.02242	0.03853	0.02298	0.30486	0.33417	0.00969	0.01571	0.00962	0.00465	0.00681
18	0.01811	0.03285	0.36179	0.02926	0.03963	0.02014	0.32375	0.02646	0.01856	0.02646	0.01584	0.01994	0.01155	0.00745	0.00883	0.00271	0.01313	0.00794	0.00385	0.01175
19	0.02062	0.01756	0.01849	0.01649	0.02119	0.02009	0.01287	0.07690	0.56551	0.03501	0.03621	0.03347	0.06486	0.01182	0.00853	0.00280	0.00658	0.00980	0.00840	0.01281
20	0.01865	0.01472	0.01737	0.01248	0.01980	0.01115	0.01001	0.02231	0.01769	0.07220	0.01605	0.01801	0.01289	0.00645	0.00631	0.00133	0.00622	0.00517	0.00530	0.70590
21	0.01569	0.01477	0.02492	0.68808	0.05722	0.01846	0.02307	0.02123	0.01661	0.02123	0.01477	0.02215	0.01107	0.00831	0.00831	0.00277	0.01107	0.00738	0.00369	0.00923
22	0.01026	0.00825	0.00900	0.00946	0.01160	0.00720	0.00692	0.01221	0.01792	0.02193	0.07068	0.18918	0.46408	0.07088	0.01237	0.00334	0.00481	0.05552	0.00752	0.00687
23	0.01443	0.00722	0.01082	0.01082	0.01082	0.00722	0.00722	0.01082	0.01082	0.01443	0.01443	0.02525	0.01443	0.02886	0.03247	0.75830	0.00722	0.00722	0.00361	0.00361
24	0.01010	0.00730	0.00957	0.01138	0.01200	0.00676	0.00763	0.01159	0.01609	0.02128	0.04808	0.66548	0.09061	0.02573	0.01056	0.00334	0.00478	0.02325	0.00771	0.00676
25	0.01204	0.00909	0.01152	0.10669	0.01692	0.00942	0.00836	0.01351	0.01433	0.01854	0.03639	0.09184	0.14568	0.39626	0.06991	0.00637	0.00848	0.01292	0.00547	0.00626
26	0.76672	0.01607	0.01221	0.01092	0.01607	0.01864	0.00900	0.02442	0.01414	0.03727	0.01157	0.01350	0.00900	0.00771	0.00514	0.00257	0.00643	0.00450	0.00514	0.00900
27	0.01192	0.00869	0.01229	0.01229	0.01340	0.00981	0.00906	0.01415	0.01304	0.01850	0.02323	0.03803	0.02311	0.22252	0.51811	0.01204	0.01873	0.00969	0.00460	0.00683
28	0.02858	0.23033	0.02947	0.01902	0.02444	0.39832	0.01549	0.11555	0.02384	0.02467	0.01348	0.01521	0.01118	0.00835	0.00699	0.00209	0.01240	0.00539	0.00465	0.01057
29	0.02030	0.02862	0.29983	0.02701	0.10873	0.01821	0.14872	0.02854	0.05813	0.10761	0.05681	0.02376	0.01751	0.00870	0.00854	0.00265	0.01083	0.00806	0.00522	0.01219
30	0.02303	0.09863	0.07221	0.01634	0.02027	0.29386	0.01315	0.02519	0.01857	0.05756	0.01848	0.02887	0.01774	0.24054	0.01889	0.00413	0.01135	0.00773	0.00475	0.00870
31	0.71406	0.01597	0.01310	0.05840	0.01895	0.01862	0.00998	0.02420	0.01431	0.03615	0.01179	0.01410	0.00914	0.00775	0.00536	0.00258	0.00675	0.00470	0.00504	0.00901
32	0.01352	0.01156	0.01373	0.01346	0.01508	0.03684	0.01010	0.01794	0.07985	0.02478	0.16319	0.26321	0.11142	0.02288	0.06637	0.00390	0.10127	0.01565	0.00712	0.00812
33	0.01874	0.01492	0.01746	0.01275	0.01990	0.01174	0.01020	0.02363	0.05652	0.06855	0.01712	0.01880	0.01365	0.00674	0.00644	0.00142	0.00624	0.00542	0.00549	0.66429
34	0.01012	0.00723	0.00964	0.01157	0.01205	0.00675	0.00771	0.01157	0.01591	0.02121	0.04579	0.70262	0.05495	0.02603	0.01060	0.00337	0.00482	0.02362	0.00771	0.00675
35	0.02401	0.06361	0.02431	0.02275	0.13366	0.02154	0.01569	0.29249	0.13623	0.03831	0.02709	0.08306	0.05722	0.01159	0.00841	0.00259	0.00814	0.00957	0.00721	0.01251
36	0.02232	0.01840	0.02437	0.02264	0.11418	0.01914	0.05331	0.13411	0.13433	0.06983	0.01996	0.02178	0.01545	0.00929	0.01027	0.00240	0.09446	0.00734	0.00615	0.20027
37	0.01848	0.13262	0.38525	0.02300	0.07002	0.06186	0.02441	0.02502	0.01735	0.02405	0.01696	0.01987	0.03974	0.00923	0.01007	0.00260	0.09778	0.00659	0.00381	0.01130
38	0.01689	0.04057	0.59912	0.02408	0.03545	0.01974	0.05680	0.02595	0.01735	0.02595	0.01476	0.01780	0.01064	0.00825	0.00913	0.00270	0.05290	0.00637	0.00355	0.01204
39	0.01176	0.00901	0.01113	0.01207	0.01436	0.00837	0.01003	0.01486	0.01931	0.02433	0.09737	0.08594	0.30826	0.02178	0.01067	0.00332	0.00596	0.31633	0.00777	0.00739
40	0.01149	0.00795	0.00971	0.01006	0.01066	0.00766	0.00642	0.01283	0.01588	0.02166	0.18469	0.22526	0.04847	0.36079	0.02606	0.00550	0.00620	0.01581	0.00674	0.00617
41	0.01829	0.03761	0.47117	0.02638	0.03719	0.06009	0.17895	0.02681	0.01843	0.02602	0.01526	0.01860	0.01106	0.00771	0.00835	0.00264	0.01288	0.00701	0.00373	0.01185
42	0.02221	0.71304	0.04353	0.01421	0.02132	0.03287	0.01421	0.02488	0.01688	0.01955	0.01155	0.01333	0.01066	0.00711	0.00533	0.00178	0.00888	0.00444	0.00355	0.01066
43	0.01054	0.00844	0.00941	0.00917	0.01166	0.00732	0.00688	0.01331	0.02063	0.02647	0.29426	0.07333	0.44024	0.01954	0.00981	0.00273	0.00410	0.01660	0.00824	0.00732
44	0.01456	0.01183	0.01415	0.01260	0.01627	0.01081	0.00970	0.05727	0.01847	0.02564	0.03851	0.23653	0.14329	0.01656	0.00988	0.00254	0.04661	0.05116	0.00658	0.25703
45	0.05485	0.02482	0.11340	0.01824	0.02472	0.08682	0.01631	0.27055	0.14391	0.08132	0.02212	0.02220	0.01607	0.00969	0.00791	0.00251	0.00911	0.00739	0.05542	0.01262
46	0.04706	0.27067	0.25861	0.01752	0.02524	0.02291	0.01919	0.02532	0.06282	0.02560	0.09928	0.02281	0.02061	0.00936	0.00805	0.00238	0.04003	0.00694	0.00470	0.01091
47	0.01187	0.00890	0.01335	0.01335	0.01483	0.01038	0.01038	0.01483	0.01335	0.01928	0.02225	0.03264	0.02077	0.06231	0.67512	0.01335	0.02225	0.00890	0.00445	0.00742
48	0.02803	0.01434	0.01789	0.01454	0.01957	0.01386	0.01168	0.13707	0.06546	0.33930	0.16634	0.07453	0.03439	0.01269	0.00880	0.00263	0.00658	0.01063	0.00942	0.01226
49	0.27049	0.01714	0.05785	0.01472	0.01987	0.01719	0.01264	0.05712	0.13088	0.15981	0.02192	0.02301	0.01632	0.01677	0.09979	0.00414	0.03555	0.00712	0.00666	0.01101
50	0.01956	0.02160	0.09948	0.12529	0.51798	0.01954	0.02575	0.02506	0.01849	0.02634	0.01545	0.02043	0.01263	0.00756	0.00820	0.00252	0.01027	0.00727	0.00400	0.01259
51	0.02145	0.01824	0.01923	0.01707	0.02190	0.02103	0.01334	0.08637	0.59771	0.03602	0.03281	0.03020	0.02455	0.01118	0.00844	0.00279	0.00676	0.00925	0.00844	0.01322
52	0.01115	0.00847	0.01026	0.00982	0.01204	0.00758	0.00736	0.01450	0.02208	0.02992	0.47449	0.06765	0.25786	0.01825	0.00980	0.00267	0.00401	0.01581	0.00870	0.00758
53	0.02066	0.01785	0.01878	0.01691	0.02160	0.02066	0.01315	0.04414	0.64121	0.03475	0.03381	0.03099	0.02536	0.01127	0.00845	0.00282	0.00657	0.00939	0.00845	0.01315
54	0.01123	0.00832	0.01088	0.01091	0.01262	0.00798	0.00807	0.01429	0.01974	0.02722	0.35664	0.17694	0.13780	0.02714	0.12703	0.00467	0.00735	0.01585	0.00787	0.00746
55	0.11514	0.44032	0.21049	0.01640	0.02468	0.02733	0.01808	0.02521	0.01671	0.02365	0.01248	0.01451	0.01041	0.00740	0.00601	0.00211	0.00951	0.00492	0.00374	0.01089
56	0.01807	0.01572	0.02095	0.19097	0.07585	0.01465	0.01482	0.06393	0.01872	0.02733	0.01519	0.01894	0.01217	0.00707	0.00701	0.00181	0.00791	0.00592	0.00478	0.45818
57	0.01818	0.01818	0.02545	0.02181	0.02181	0.02545	0.01818	0.01999	0.01272	0.01999	0.01091	0.01818	0.01091	0.01454	0.02726	0.00364	0.69284	0.00727	0.00364	0.00909
58	0.01723	0.01477	0.01723	0.01230	0.01969	0.01107	0.00984	0.02092	0.01723	0.02707	0.01477	0.01723	0.01230	0.00615	0.00615	0.00123	0.00615	0.00492	0.00492	0.75883
59	0.01466	0.00899	0.01025	0.00991	0.01141	0.00942	0.00701	0.05248	0.01621	0.02522	0.02546	0.03822	0.02366	0.24620	0.14393	0.00611	0.00901	0.00935	0.32533	0.00718
60	0.02177	0.01939	0.01935	0.01727	0.02203	0.05990	0.01344	0.06985	0.57721	0.03469	0.03194	0.02954	0.02398	0.01105	0.00839	0.00276	0.00719	0.00906	0.00820	0.01298
61	0.72180	0.01595	0.01265	0.01116	0.01638	0.01824	0.00919	0.02541	0.01473	0.07575	0.01287	0.01441	0.00971	0.00787	0.00534	0.00257	0.00647	0.00474	0.00546	0.00931
62	0.01174	0.01495	0.13300	0.01203	0.01619	0.00978	0.01136	0.01548	0.01854	0.02429	0.15643	0.05999	0.34683	0.06970	0.05983	0.00388	0.00726	0.01396	0.00673	0.00803
63	0.01468	0.01174	0.01581	0.01432	0.01790	0.01055	0.04672	0.05563	0.01855	0.02585	0.03318	0.31433	0.03630	0.01761	0.00928	0.00275	0.00653	0.11787	0.00673	0.22367
64	0.02209	0.02101	0.01731	0.01583	0.01974	0.18724	0.01210	0.03522	0.32796	0.03008	0.02672	0.02683	0.02056	0.01018	0.00755	0.00243	0.00809	0.00794	0.19021	0.01091
65	0.02036	0.01034	0.01332	0.01211	0.01558	0.00913	0.00942	0.02310	0.02073	0.25631	0.13500	0.18758	0.18008	0.01771	0.00955	0.00288	0.00556	0.05273	0.00884	0.00971
66	0.02796	0.02147	0.02289	0.01838	0.02438	0.02407	0.01491	0.43463	0.23885	0.04651	0.02455	0.02361	0.01785	0.01040	0.00836	0.00260	0.00829	0.00811	0.00836	0.01380
67	0.01046	0.00844	0.00931	0.00909	0.01162	0.00729	0.00682	0.01317	0.02046	0.02605	0.27251	0.07401	0.46225	0.01969	0.00981	0.00274	0.00411	0.01670	0.00819	0.00729
68	0.01818	0.01818	0.02545	0.02181	0.02181	0.02545	0.01818	0.01999	0.01272	0.01999	0.01091	0.01818	0.01091	0.01454	0.02726	0.00364	0.69284	0.00727	0.00364	0.00909
69	0.01723	0.01477	0.01723	0.01230	0.01969	0.01107	0.00984	0.02092	0.01723	0.02707	0.01477	0.01723	0.01230	0.00615	0.00615	0.00123	0.00615	0.00492	0.00492	0.75883
70	0.01549	0.00774	0.00774	0.00774	0.00968	0.00774	0.00581	0.01936	0.01742	0.03097	0.02710	0.03097	0.02129	0.00968	0.00581	0.00194	0.00387	0.00774	0.75416	0.00774
71	0.02134	0.02283	0.02404	0.19208	0.18172	0.23003	0.01870	0.02520	0.01905	0.02271	0.01606	0.02132	0.01331	0.01507	0.09199	0.00378	0.01302	0.00694	0.05083	0.00998
72	0.01865	0.01958	0.03327	0.02619	0.02898	0.02397	0.21987	0.02219	0.01501	0.02219	0.01286	0.01958	0.01147	0.01204	0.02147	0.00336	0.46761	0.00811	0.00382	0.00979
73	0.02863	0.01596	0.02099	0.06716	0.06931	0.01602	0.01504	0.17782	0.02578	0.30101	0.02922	0.03757	0.02291	0.01225	0.00892	0.00279	0.00818	0.11956	0.00839	0.01249
74	0.02208	0.07810	0.38052	0.02323	0.06872	0.02228	0.02451	0.22097	0.02454	0.03435	0.01637	0.01823	0.01186	0.00849	0.00788	0.00252	0.01090	0.00654	0.00510	0.01283
75	0.01736	0.00976	0.01201	0.01093	0.01417	0.00852	0.00837	0.02012	0.02094	0.18870	0.20658	0.13797	0.27640	0.01789	0.00953	0.00277	0.00494	0.01530	0.00872	0.00901
76	0.01207	0.00860	0.01164	0.01307	0.01443	0.00836	0.01033	0.01494	0.01832	0.02440	0.13052	0.27241	0.05324	0.06689	0.01294	0.00378	0.00628	0.30284	0.00772	0.00723
77	0.01835	0.01780	0.02591	0.07385	0.34162	0.06484	0.01967	0.02199	0.01746	0.02386	0.02050	0.14073	0.02040	0.01514	0.05254	0.00345	0.09636	0.01018	0.00469	0.01067
78	0.02064	0.02117	0.02675	0.27337	0.24339	0.13465	0.02132	0.02775	0.10093	0.02479	0.01722	0.02153	0.01358	0.00845	0.00816	0.00257	0.01077	0.00730	0.00456	0.01111
79	0.01384	0.01619	0.11184	0.01731	0.02210	0.01206	0.12814	0.01883	0.02052	0.02799	0.25767	0.05574	0.15061	0.01534	0.00977	0.00285	0.00759	0.09572	0.00695	0.00894
80	0.02366	0.01881	0.06494	0.01967	0.10500	0.09702	0.01436	0.06286	0.02295	0.20187	0.16822	0.03769	0.10281	0.01221	0.00868	0.00254	0.00792	0.01016	0.00755	0.01109
81	0.04328	0.10120	0.07757	0.03020	0.21188	0.09260	0.09889	0.06198	0.01930	0.02598	0.01644	0.06227	0.01467	0.00974	0.01048	0.00262	0.09721	0.00801	0.00449	0.01119

[dist]
# distance from previous block
# <min> <max>
2	9

[block]
# block no. 5 follows, 22 sequences, length 28
# corresponding to MSA columns:
# 472-499
name=unknown_F
#
# <colnr> <probs for GDERKNQSTAVLIFYWHMCP>
#	G	D	E	R	K	N	Q	S	T	A	V	L	I	F	Y	W	H	M	C	P
0	0.02030	0.01750	0.02532	0.34456	0.14080	0.01936	0.02006	0.16064	0.02219	0.03005	0.01609	0.02074	0.01227	0.00826	0.00801	0.00246	0.00979	0.00708	0.00498	0.10954
1	0.02046	0.17525	0.02577	0.01568	0.02081	0.02027	0.01344	0.02333	0.01645	0.08099	0.01456	0.01761	0.01228	0.00914	0.01220	0.00216	0.20324	0.00580	0.00473	0.30581
2	0.01932	0.21650	0.24412	0.02702	0.17133	0.02413	0.02291	0.02468	0.01687	0.02360	0.01349	0.01719	0.01123	0.00868	0.01051	0.00253	0.12457	0.00615	0.00368	0.01150
3	0.02093	0.02383	0.01691	0.01676	0.01925	0.34697	0.01224	0.02285	0.01996	0.02095	0.02892	0.32170	0.03206	0.01698	0.00906	0.00277	0.01014	0.04349	0.00596	0.00826
4	0.02750	0.01339	0.01741	0.01418	0.01900	0.01276	0.01145	0.10892	0.02442	0.35740	0.17123	0.03545	0.03296	0.01831	0.09246	0.00392	0.00853	0.00983	0.00903	0.01185
5	0.01018	0.00791	0.00897	0.00973	0.01132	0.00702	0.00673	0.01180	0.01701	0.02128	0.06284	0.32383	0.35033	0.09555	0.01356	0.00358	0.00486	0.01937	0.00743	0.00670
6	0.01293	0.00999	0.01187	0.01152	0.01376	0.00984	0.00841	0.01921	0.12634	0.02844	0.29436	0.18760	0.12164	0.06866	0.01200	0.00318	0.00496	0.01556	0.00814	0.03157
7	0.01572	0.01540	0.01232	0.01178	0.01373	0.16006	0.00812	0.01710	0.01751	0.02012	0.08264	0.05350	0.21433	0.29704	0.02248	0.00477	0.00821	0.01236	0.00594	0.00686
8	0.01798	0.00927	0.01227	0.01216	0.01425	0.00844	0.00864	0.01975	0.01764	0.20041	0.03972	0.43369	0.04225	0.10544	0.01387	0.00372	0.00585	0.01792	0.00810	0.00861
9	0.01034	0.00732	0.00958	0.01129	0.01172	0.00689	0.00742	0.01162	0.01549	0.02065	0.04365	0.63184	0.05224	0.10049	0.01406	0.00388	0.00517	0.02236	0.00742	0.00656
10	0.01920	0.09662	0.09135	0.18879	0.34428	0.02094	0.07261	0.02462	0.01810	0.02484	0.01501	0.02001	0.01213	0.00759	0.00802	0.00250	0.01059	0.00715	0.00391	0.01175
11	0.01179	0.00856	0.01003	0.01054	0.01184	0.00816	0.00762	0.01340	0.01588	0.02022	0.04719	0.07202	0.20963	0.33287	0.02497	0.00546	0.00687	0.17020	0.00648	0.00629
12	0.01247	0.00776	0.01011	0.01011	0.01124	0.00723	0.00707	0.01191	0.01534	0.01994	0.13234	0.08090	0.21090	0.02466	0.02139	0.38746	0.00573	0.01221	0.00584	0.00539
13	0.03149	0.02040	0.02279	0.01780	0.02414	0.02190	0.01460	0.41309	0.11464	0.19372	0.02479	0.02336	0.01712	0.01022	0.00834	0.00255	0.00832	0.00794	0.00879	0.01400
14	0.12252	0.02165	0.02252	0.01779	0.02400	0.02420	0.01459	0.47577	0.11511	0.04815	0.02072	0.02059	0.01496	0.00986	0.00793	0.00255	0.00846	0.00736	0.00793	0.01335
15	0.01489	0.00919	0.01211	0.01098	0.01349	0.00838	0.00838	0.01873	0.02355	0.11059	0.57574	0.05790	0.07128	0.01616	0.00962	0.00261	0.00431	0.01420	0.00928	0.00861
16	0.01049	0.00800	0.00901	0.00952	0.01100	0.00721	0.00647	0.01200	0.01669	0.02106	0.08154	0.24818	0.32112	0.17927	0.01746	0.00416	0.00525	0.01790	0.00715	0.00652
17	0.01723	0.01477	0.01723	0.01230	0.01969	0.01107	0.00984	0.02092	0.01723	0.02707	0.01477	0.01723	0.01230	0.00615	0.00615	0.00123	0.00615	0.00492	0.00492	0.75883
18	0.01867	0.01490	0.01809	0.14968	0.02649	0.01692	0.01406	0.10761	0.24422	0.03150	0.02976	0.11539	0.02604	0.01309	0.00863	0.00282	0.00740	0.05796	0.08606	0.01069
19	0.01045	0.00831	0.00860	0.00860	0.01061	0.00731	0.00595	0.01197	0.01701	0.02066	0.06789	0.07277	0.47811	0.21384	0.01893	0.00428	0.00529	0.01600	0.00696	0.00646
20	0.02036	0.05609	0.28762	0.01826	0.02532	0.19100	0.01922	0.02613	0.01908	0.02579	0.01766	0.02048	0.01360	0.00854	0.00711	0.00227	0.01052	0.00632	0.21438	0.01024
21	0.01217	0.00933	0.01327	0.01562	0.08043	0.00946	0.00992	0.01454	0.01602	0.02212	0.10922	0.25211	0.06233	0.12850	0.19919	0.00659	0.01051	0.01492	0.00623	0.00751
22	0.01718	0.35503	0.02827	0.01584	0.07470	0.02092	0.01208	0.01946	0.01658	0.02053	0.02836	0.16590	0.09208	0.08652	0.01106	0.00294	0.00755	0.01085	0.00506	0.00910
23	0.01979	0.10275	0.01958	0.01397	0.01765	0.10290	0.01078	0.12347	0.02012	0.02536	0.02566	0.03506	0.08529	0.22596	0.01921	0.00403	0.04328	0.00902	0.00551	0.09060
24	0.11064	0.01891	0.07791	0.01692	0.02245	0.01794	0.06244	0.03276	0.32281	0.03083	0.02510	0.02789	0.02006	0.08319	0.01142	0.00315	0.00778	0.00832	0.00651	0.09296
25	0.01439	0.01256	0.01817	0.08908	0.09090	0.01269	0.06189	0.01977	0.08140	0.02405	0.04486	0.05691	0.22078	0.10085	0.01361	0.00358	0.00764	0.11176	0.00635	0.00875
26	0.02441	0.36506	0.08392	0.01634	0.02323	0.16506	0.01522	0.02770	0.01903	0.07953	0.01442	0.01586	0.01176	0.00765	0.00638	0.00193	0.00997	0.00519	0.00449	0.10285
27	0.01625	0.01948	0.09374	0.01435	0.01842	0.13684	0.01231	0.02185	0.08599	0.02589	0.16765	0.10773	0.21573	0.01566	0.00906	0.00267	0.00749	0.01301	0.00691	0.00895

[dist]
# distance from previous block
# <min> <max>
0	44

# created by:
# /home/berkeley/.conda/envs/busco_data_prod/bin/msa2prfl.pl pipeline/OGs_align_augustus/5794/46092.fs
