[name]
unknown

[dist]
# distance from previous block
# <min> <max>
0	63

[block]
# block no. 0 follows, 31 sequences, length 54
# corresponding to MSA columns:
# 68-121
name=unknown_A
#
# <colnr> <probs for GDERKNQSTAVLIFYWHMCP>
#	G	D	E	R	K	N	Q	S	T	A	V	L	I	F	Y	W	H	M	C	P
0	0.07441	0.07829	0.05384	0.01304	0.01718	0.08991	0.01123	0.16936	0.05013	0.02620	0.06337	0.03221	0.05149	0.03370	0.00772	0.00228	0.00697	0.13471	0.00536	0.07860
1	0.01712	0.16432	0.20385	0.08246	0.02690	0.09901	0.13973	0.02251	0.05168	0.04367	0.01302	0.01551	0.01007	0.00669	0.00697	0.00201	0.03800	0.00555	0.00355	0.04737
2	0.01683	0.01793	0.05085	0.01956	0.02495	0.11510	0.29422	0.02084	0.01610	0.05486	0.05369	0.06030	0.01531	0.00752	0.00760	0.00198	0.03481	0.00735	0.00419	0.17600
3	0.04607	0.12162	0.01812	0.01288	0.01692	0.10275	0.01040	0.14813	0.12933	0.02494	0.02160	0.11095	0.06166	0.00980	0.00697	0.00199	0.03236	0.00767	0.00523	0.11061
4	0.12028	0.01540	0.01670	0.01433	0.05452	0.04120	0.01085	0.27412	0.05392	0.14237	0.03741	0.01975	0.01446	0.05644	0.00815	0.00226	0.00662	0.00616	0.00601	0.09903
5	0.01478	0.01117	0.01364	0.01554	0.10850	0.05629	0.01054	0.03888	0.05531	0.10126	0.03357	0.23010	0.11055	0.01480	0.00801	0.00251	0.00592	0.15479	0.00605	0.00780
6	0.01676	0.01423	0.01823	0.01324	0.01928	0.01241	0.08152	0.15328	0.01800	0.02642	0.01319	0.01509	0.01046	0.00577	0.00574	0.00136	0.00624	0.00490	0.00455	0.55932
7	0.01948	0.02060	0.01965	0.01685	0.01996	0.27296	0.08391	0.12975	0.04526	0.02211	0.01755	0.15804	0.01697	0.01066	0.00931	0.00226	0.11344	0.00834	0.00466	0.00826
8	0.01192	0.00596	0.00879	0.00879	0.00887	0.00596	0.00589	0.00924	0.00917	0.01252	0.01237	0.02102	0.01215	0.02303	0.02571	0.76351	0.00581	0.00596	0.04018	0.00313
9	0.00860	0.00682	0.00782	0.00847	0.01017	0.00604	0.00638	0.01040	0.01497	0.01852	0.05605	0.24707	0.43732	0.01864	0.00846	0.00256	0.00403	0.11555	0.00634	0.00580
10	0.01568	0.01238	0.01321	0.01314	0.05120	0.05925	0.00932	0.10682	0.20296	0.02479	0.02377	0.16866	0.02171	0.01257	0.00895	0.08678	0.00566	0.00914	0.14596	0.00806
11	0.02104	0.01446	0.01575	0.01274	0.01686	0.01565	0.01029	0.38651	0.09003	0.07506	0.09309	0.02317	0.01960	0.00889	0.00657	0.00200	0.00591	0.00705	0.16538	0.00996
12	0.00874	0.00616	0.00793	0.00906	0.00947	0.00583	0.00593	0.00985	0.01293	0.01736	0.08249	0.56794	0.04268	0.16352	0.01373	0.00348	0.00443	0.01711	0.00601	0.00535
13	0.01372	0.03539	0.72412	0.01950	0.02961	0.01589	0.02528	0.02167	0.01444	0.02167	0.01228	0.01444	0.00867	0.00650	0.00650	0.00217	0.01011	0.00506	0.00289	0.01011
14	0.01509	0.25402	0.51750	0.01716	0.02599	0.01925	0.02120	0.02131	0.01428	0.01999	0.01145	0.01340	0.00870	0.00631	0.00587	0.00196	0.00927	0.00464	0.00290	0.00971
15	0.01552	0.32196	0.45330	0.01643	0.02487	0.02029	0.01994	0.02120	0.01423	0.01947	0.01119	0.01308	0.00871	0.00625	0.00567	0.00189	0.00901	0.00451	0.00290	0.00959
16	0.00829	0.00614	0.00774	0.00902	0.00979	0.00560	0.00613	0.00958	0.01358	0.01766	0.04381	0.62193	0.17448	0.02064	0.00861	0.00269	0.00387	0.01848	0.00635	0.00560
17	0.24172	0.55133	0.02855	0.01094	0.01633	0.02375	0.01049	0.02038	0.01326	0.02023	0.00952	0.01101	0.00839	0.00599	0.00435	0.00165	0.00674	0.00367	0.00330	0.00839
18	0.01969	0.01710	0.02212	0.02575	0.29681	0.05183	0.03236	0.21448	0.15352	0.02932	0.01718	0.01872	0.01325	0.00745	0.00673	0.00206	0.00746	0.00641	0.04711	0.01064
19	0.01202	0.01490	0.15733	0.02059	0.20562	0.01110	0.01453	0.01558	0.01363	0.01932	0.02215	0.26631	0.02317	0.02006	0.14758	0.00404	0.00910	0.01061	0.00434	0.00800
20	0.00832	0.00676	0.00737	0.00759	0.00948	0.00582	0.00555	0.01013	0.01560	0.01937	0.14025	0.18634	0.51827	0.01766	0.00820	0.00237	0.00353	0.01508	0.00649	0.00582
21	0.00994	0.00636	0.00873	0.00925	0.00962	0.00647	0.00625	0.00997	0.01088	0.01476	0.02340	0.26423	0.02623	0.17069	0.16381	0.23102	0.00792	0.01136	0.00443	0.00466
22	0.00937	0.00698	0.00872	0.00828	0.01003	0.00632	0.00621	0.01231	0.01864	0.02571	0.58886	0.05395	0.19005	0.01463	0.00807	0.00218	0.00327	0.01277	0.00730	0.00632
23	0.01478	0.01161	0.01272	0.01120	0.01436	0.01223	0.00873	0.17371	0.19047	0.02863	0.19316	0.07766	0.19732	0.01270	0.00755	0.00224	0.00485	0.01068	0.00689	0.00851
24	0.01175	0.00851	0.01037	0.01073	0.01210	0.00858	0.00764	0.14179	0.01678	0.02242	0.03360	0.61238	0.03875	0.01888	0.00837	0.00264	0.00466	0.01688	0.00645	0.00673
25	0.01292	0.01216	0.02052	0.74312	0.04712	0.01520	0.01900	0.01748	0.01368	0.01748	0.01216	0.01824	0.00912	0.00684	0.00684	0.00228	0.00912	0.00608	0.00304	0.00760
26	0.01829	0.76368	0.03585	0.01171	0.01756	0.02707	0.01171	0.02049	0.01390	0.01610	0.00951	0.01097	0.00878	0.00585	0.00439	0.00146	0.00732	0.00366	0.00293	0.00878
27	0.39512	0.15248	0.09256	0.01258	0.01765	0.15625	0.01145	0.05423	0.01483	0.02506	0.01035	0.01193	0.00826	0.00650	0.00500	0.00193	0.00763	0.00409	0.00385	0.00824
28	0.01544	0.01427	0.02155	0.29883	0.26614	0.01607	0.01737	0.02401	0.20981	0.02229	0.01684	0.01986	0.01303	0.00728	0.00685	0.00221	0.00773	0.00655	0.00427	0.00961
29	0.01452	0.01423	0.02002	0.05802	0.12424	0.09896	0.14737	0.04052	0.01483	0.01904	0.01960	0.16499	0.02002	0.14583	0.06377	0.00366	0.00901	0.00964	0.00425	0.00748
30	0.00934	0.00675	0.00930	0.00981	0.01052	0.00720	0.00696	0.01089	0.01147	0.01587	0.02524	0.26608	0.02777	0.18349	0.35857	0.00746	0.01134	0.01178	0.00463	0.00554
31	0.01084	0.00880	0.01051	0.01103	0.04553	0.00874	0.00769	0.01662	0.15740	0.02308	0.23420	0.18422	0.22506	0.01498	0.00791	0.00234	0.00412	0.01305	0.00667	0.00721
32	0.80789	0.01323	0.01006	0.00900	0.01323	0.01535	0.00741	0.02011	0.01164	0.03070	0.00953	0.01111	0.00741	0.00635	0.00423	0.00212	0.00529	0.00370	0.00423	0.00741
33	0.00849	0.00680	0.00755	0.00776	0.00947	0.00609	0.00560	0.01010	0.01445	0.01792	0.07617	0.15749	0.47637	0.08681	0.07462	0.00352	0.00513	0.01405	0.00596	0.00565
34	0.00917	0.00631	0.00769	0.00845	0.00865	0.00612	0.00521	0.00975	0.01146	0.01528	0.02932	0.38628	0.03467	0.40469	0.02228	0.00478	0.00535	0.01452	0.00521	0.00482
35	0.01406	0.01332	0.02257	0.54473	0.23664	0.01550	0.01956	0.01847	0.01422	0.01886	0.01236	0.01787	0.00961	0.00663	0.00682	0.00221	0.00884	0.00608	0.00314	0.00852
36	0.02213	0.01724	0.01835	0.01496	0.01974	0.01940	0.01207	0.41037	0.32219	0.03686	0.02135	0.02035	0.01562	0.00867	0.00689	0.00217	0.00662	0.00684	0.00689	0.01129
37	0.00992	0.00677	0.00814	0.00814	0.00838	0.00700	0.00500	0.01039	0.01015	0.01377	0.02093	0.04131	0.02337	0.62273	0.16961	0.00748	0.00889	0.00944	0.00405	0.00452
38	0.01829	0.76368	0.03585	0.01171	0.01756	0.02707	0.01171	0.02049	0.01390	0.01610	0.00951	0.01097	0.00878	0.00585	0.00439	0.00146	0.00732	0.00366	0.00293	0.00878
39	0.01615	0.01845	0.04037	0.02884	0.03576	0.01730	0.69204	0.02191	0.01615	0.02191	0.01384	0.01845	0.01038	0.00577	0.00807	0.00231	0.01153	0.00807	0.00346	0.00923
40	0.01065	0.00834	0.01155	0.01107	0.01174	0.00996	0.00828	0.01223	0.01061	0.01521	0.01778	0.03022	0.01809	0.25264	0.41489	0.00844	0.13096	0.00788	0.00370	0.00575
41	0.80789	0.01323	0.01006	0.00900	0.01323	0.01535	0.00741	0.02011	0.01164	0.03070	0.00953	0.01111	0.00741	0.00635	0.00423	0.00212	0.00529	0.00370	0.00423	0.00741
42	0.02565	0.02991	0.01962	0.01725	0.02116	0.58973	0.01318	0.16085	0.02195	0.02203	0.01175	0.01316	0.00938	0.00728	0.00630	0.00182	0.01137	0.00476	0.00419	0.00867
43	0.00843	0.00649	0.00773	0.00853	0.00982	0.00579	0.00606	0.01005	0.01464	0.01868	0.09745	0.40359	0.31625	0.01917	0.00845	0.00256	0.00380	0.04037	0.00643	0.00573
44	0.01063	0.00696	0.00858	0.00869	0.00993	0.00676	0.00650	0.01309	0.01549	0.02243	0.28222	0.04972	0.04107	0.18391	0.01379	0.00326	0.00461	0.14174	0.16473	0.00588
45	0.00830	0.00609	0.00780	0.00916	0.00983	0.00559	0.00619	0.00957	0.01345	0.01761	0.04217	0.65767	0.13980	0.02085	0.00864	0.00271	0.00390	0.01874	0.00635	0.00559
46	0.01561	0.02569	0.38686	0.01691	0.02410	0.01658	0.01847	0.05214	0.31904	0.02549	0.01928	0.01940	0.01415	0.00779	0.00672	0.00223	0.00795	0.00628	0.00482	0.01048
47	0.18335	0.26729	0.04888	0.08098	0.04720	0.05372	0.01294	0.02036	0.01336	0.05385	0.01078	0.01345	0.00903	0.00745	0.00844	0.00206	0.15027	0.00467	0.00354	0.00836
48	0.01941	0.01128	0.01278	0.01079	0.01426	0.01165	0.00858	0.14945	0.13011	0.17695	0.09299	0.02593	0.02160	0.00894	0.00629	0.00196	0.00492	0.00727	0.27564	0.00920
49	0.01005	0.00748	0.01005	0.01042	0.04749	0.00717	0.00714	0.01285	0.01724	0.02425	0.51419	0.04686	0.07639	0.09569	0.07967	0.00346	0.00529	0.01138	0.00655	0.00639
50	0.01493	0.02403	0.30492	0.10233	0.13027	0.01649	0.24242	0.02105	0.01496	0.02124	0.01276	0.01653	0.00959	0.00641	0.00759	0.00223	0.03318	0.00633	0.00317	0.00958
51	0.01417	0.01340	0.02249	0.22415	0.35794	0.01398	0.05292	0.01812	0.01542	0.02100	0.07921	0.02590	0.09554	0.00824	0.00712	0.00216	0.00762	0.00769	0.00399	0.00892
52	0.00883	0.00691	0.00761	0.00767	0.00935	0.00614	0.00555	0.01052	0.01501	0.01886	0.14892	0.08233	0.43427	0.15512	0.01315	0.00315	0.00420	0.05071	0.00611	0.00559
53	0.01244	0.00977	0.01053	0.00944	0.01229	0.00958	0.00732	0.14880	0.05597	0.02550	0.16926	0.07306	0.40079	0.01462	0.00780	0.00225	0.00436	0.01222	0.00669	0.00733

[dist]
# distance from previous block
# <min> <max>
0	2

[block]
# block no. 1 follows, 31 sequences, length 30
# corresponding to MSA columns:
# 124-153
name=unknown_B
#
# <colnr> <probs for GDERKNQSTAVLIFYWHMCP>
#	G	D	E	R	K	N	Q	S	T	A	V	L	I	F	Y	W	H	M	C	P
0	0.01773	0.10061	0.11608	0.01360	0.01796	0.06358	0.01235	0.16588	0.04925	0.06815	0.18676	0.02601	0.02497	0.04961	0.00928	0.00233	0.05400	0.00744	0.00552	0.00888
1	0.03740	0.11007	0.13426	0.07349	0.23165	0.13269	0.11457	0.02153	0.01559	0.02025	0.01289	0.04121	0.01088	0.00683	0.00655	0.00203	0.00935	0.00607	0.00339	0.00930
2	0.04749	0.07341	0.05215	0.18915	0.08910	0.22407	0.05376	0.05926	0.06584	0.03818	0.01404	0.01788	0.01126	0.00734	0.00652	0.00205	0.00936	0.02637	0.00398	0.00876
3	0.01511	0.01096	0.05226	0.01104	0.01385	0.01017	0.00906	0.12009	0.01688	0.10616	0.09462	0.07638	0.05321	0.09704	0.20169	0.00492	0.00898	0.00874	0.08121	0.00766
4	0.00986	0.00698	0.00924	0.00924	0.00986	0.00760	0.00637	0.01109	0.01048	0.01458	0.01993	0.03576	0.02096	0.40275	0.38629	0.00883	0.01252	0.00863	0.00390	0.00513
5	0.02630	0.02107	0.01901	0.01544	0.02026	0.21184	0.01236	0.34503	0.06447	0.16918	0.01757	0.01719	0.01244	0.00801	0.00667	0.00200	0.00838	0.00592	0.00627	0.01058
6	0.01711	0.55302	0.19511	0.01448	0.02138	0.02393	0.05355	0.02084	0.01415	0.01771	0.01040	0.01220	0.00884	0.00600	0.00509	0.00167	0.00820	0.00423	0.00295	0.00911
7	0.00874	0.00671	0.00800	0.00819	0.00977	0.00597	0.00595	0.01089	0.01637	0.02153	0.29890	0.23140	0.30869	0.01711	0.00824	0.00237	0.00350	0.01492	0.00679	0.00597
8	0.01001	0.00759	0.01117	0.01095	0.01243	0.00858	0.00853	0.01249	0.01117	0.01623	0.01799	0.02620	0.01673	0.04883	0.69348	0.01046	0.01761	0.00715	0.00369	0.04872
9	0.01351	0.01246	0.01938	0.01562	0.01892	0.06709	0.23168	0.01709	0.01612	0.02264	0.15931	0.15263	0.02865	0.01069	0.00731	0.00216	0.00679	0.01022	0.18041	0.00731
10	0.80789	0.01323	0.01006	0.00900	0.01323	0.01535	0.00741	0.02011	0.01164	0.03070	0.00953	0.01111	0.00741	0.00635	0.00423	0.00212	0.00529	0.00370	0.00423	0.00741
11	0.01507	0.01343	0.01133	0.01069	0.01263	0.18575	0.00813	0.01773	0.01566	0.02177	0.12248	0.02589	0.02205	0.01549	0.11833	0.00323	0.03971	0.00693	0.32691	0.00678
12	0.01089	0.00825	0.01044	0.01135	0.01297	0.00839	0.00903	0.01585	0.12104	0.02095	0.06307	0.27400	0.08226	0.01791	0.00871	0.00282	0.00516	0.30373	0.00647	0.00674
13	0.00850	0.00695	0.00751	0.00737	0.00950	0.00595	0.00553	0.01062	0.01658	0.02081	0.23710	0.06200	0.54487	0.01646	0.00808	0.00227	0.00340	0.01390	0.00666	0.00595
14	0.00867	0.00687	0.00726	0.00721	0.00891	0.00604	0.00507	0.01013	0.01462	0.01808	0.11711	0.05955	0.49309	0.19096	0.01435	0.00331	0.00419	0.01320	0.00594	0.00546
15	0.01292	0.01216	0.02052	0.74312	0.04712	0.01520	0.01900	0.01748	0.01368	0.01748	0.01216	0.01824	0.00912	0.00684	0.00684	0.00228	0.00912	0.00608	0.00304	0.00760
16	0.80789	0.01323	0.01006	0.00900	0.01323	0.01535	0.00741	0.02011	0.01164	0.03070	0.00953	0.01111	0.00741	0.00635	0.00423	0.00212	0.00529	0.00370	0.00423	0.00741
17	0.01623	0.43528	0.34621	0.01522	0.02299	0.02203	0.01783	0.02102	0.01415	0.01861	0.01076	0.01254	0.00873	0.00614	0.00534	0.00178	0.00858	0.00429	0.00291	0.00938
18	0.02572	0.02781	0.01980	0.01695	0.02117	0.47834	0.01314	0.26533	0.02395	0.02616	0.01266	0.01380	0.00982	0.00747	0.00641	0.00187	0.01062	0.00503	0.00471	0.00925
19	0.00849	0.00681	0.00765	0.00821	0.00999	0.00597	0.00616	0.01027	0.01503	0.01848	0.05798	0.22871	0.47735	0.01848	0.00840	0.00252	0.00392	0.09346	0.00635	0.00579
20	0.01818	0.01025	0.01284	0.01161	0.01477	0.00988	0.00941	0.12303	0.01916	0.22611	0.07094	0.15180	0.11088	0.01418	0.00796	0.00247	0.00550	0.16545	0.00709	0.00850
21	0.00897	0.00656	0.00929	0.01018	0.01094	0.00688	0.00732	0.01072	0.01217	0.01676	0.02913	0.43278	0.03279	0.03466	0.32906	0.00642	0.01032	0.01408	0.00516	0.00580
22	0.01061	0.00657	0.00721	0.00721	0.00758	0.00657	0.00429	0.01135	0.01098	0.01613	0.02173	0.04026	0.02315	0.58343	0.02778	0.00545	0.00583	0.00911	0.19008	0.00467
23	0.56930	0.01117	0.00895	0.00821	0.01165	0.01266	0.00662	0.01886	0.01245	0.02914	0.01336	0.01543	0.01045	0.00684	0.00440	0.00196	0.00466	0.00451	0.24228	0.00710
24	0.07736	0.01279	0.01526	0.01247	0.01682	0.01274	0.01001	0.19877	0.04522	0.35077	0.02502	0.15063	0.02009	0.01059	0.00702	0.00223	0.00588	0.00874	0.00734	0.01025
25	0.00868	0.00679	0.00779	0.00788	0.00960	0.00598	0.00574	0.01073	0.01619	0.02093	0.26195	0.16979	0.38572	0.04019	0.00902	0.00247	0.00357	0.01445	0.00665	0.00590
26	0.01875	0.71710	0.03480	0.01208	0.01779	0.07199	0.01180	0.02092	0.01425	0.01614	0.00958	0.01106	0.00878	0.00593	0.00450	0.00148	0.00764	0.00371	0.00296	0.00873
27	0.01740	0.12762	0.26745	0.01837	0.04883	0.01594	0.13663	0.02319	0.04564	0.13448	0.08261	0.02017	0.01629	0.00742	0.00672	0.00208	0.00834	0.00654	0.00453	0.00972
28	0.01984	0.09388	0.04361	0.01367	0.01809	0.14329	0.01139	0.21306	0.09660	0.05664	0.04557	0.02400	0.09890	0.01146	0.04789	0.00248	0.00804	0.00695	0.00548	0.03918
29	0.01705	0.01345	0.01970	0.12122	0.28174	0.01384	0.01478	0.12688	0.01835	0.08782	0.05389	0.07228	0.11033	0.00957	0.00716	0.00217	0.00686	0.00841	0.00512	0.00940

[dist]
# distance from previous block
# <min> <max>
1	36

[block]
# block no. 2 follows, 31 sequences, length 22
# corresponding to MSA columns:
# 190-211
name=unknown_C
#
# <colnr> <probs for GDERKNQSTAVLIFYWHMCP>
#	G	D	E	R	K	N	Q	S	T	A	V	L	I	F	Y	W	H	M	C	P
0	0.01724	0.01497	0.04517	0.01237	0.01605	0.08994	0.01000	0.16140	0.09432	0.07255	0.10140	0.08997	0.10436	0.05335	0.03022	0.00261	0.00668	0.00899	0.00598	0.06244
1	0.07456	0.01325	0.01265	0.01158	0.03940	0.12190	0.00854	0.01749	0.01623	0.06349	0.15005	0.03266	0.17111	0.01250	0.04697	0.00235	0.00644	0.00821	0.00531	0.18530
2	0.01249	0.00708	0.00935	0.00985	0.01128	0.00641	0.00696	0.01399	0.01448	0.14895	0.03782	0.57240	0.08472	0.01874	0.00834	0.00262	0.00428	0.01677	0.00675	0.00671
3	0.01728	0.02296	0.14860	0.04851	0.16033	0.21682	0.07311	0.02154	0.03464	0.01996	0.03565	0.02191	0.09184	0.00832	0.00770	0.00211	0.04938	0.00674	0.00384	0.00877
4	0.01401	0.01092	0.01546	0.12040	0.09015	0.01192	0.01163	0.10464	0.01504	0.04033	0.01664	0.02343	0.01461	0.07748	0.33895	0.00639	0.01245	0.00680	0.00416	0.06460
5	0.01302	0.01179	0.01811	0.11932	0.30889	0.01195	0.01407	0.01704	0.04600	0.02155	0.12160	0.07379	0.17351	0.01070	0.00736	0.00220	0.00623	0.00957	0.00487	0.00842
6	0.01485	0.01372	0.06252	0.01086	0.01718	0.00962	0.00936	0.01820	0.01443	0.05150	0.01279	0.01458	0.01032	0.00531	0.00524	0.00114	0.00544	0.00424	0.00416	0.71457
7	0.00824	0.00631	0.00757	0.00857	0.00967	0.00564	0.00593	0.00963	0.01402	0.01784	0.04936	0.50089	0.29194	0.01992	0.00849	0.00261	0.00378	0.01760	0.00635	0.00564
8	0.01772	0.09752	0.17040	0.01409	0.01845	0.11993	0.01338	0.06023	0.01576	0.08188	0.05247	0.01867	0.01401	0.01016	0.01044	0.10745	0.08041	0.00578	0.08315	0.00810
9	0.01565	0.25408	0.34453	0.01881	0.02646	0.01986	0.14795	0.02107	0.01439	0.01973	0.01155	0.01418	0.00905	0.00646	0.00702	0.00202	0.04953	0.00525	0.00302	0.00939
10	0.01576	0.00846	0.01039	0.00906	0.01214	0.00733	0.00709	0.01818	0.01787	0.24645	0.22639	0.04828	0.31829	0.01360	0.00769	0.00221	0.00416	0.01147	0.00734	0.00784
11	0.00834	0.00595	0.00794	0.00953	0.00992	0.00556	0.00635	0.00953	0.01310	0.01746	0.03771	0.75510	0.04525	0.02143	0.00873	0.00278	0.00397	0.01945	0.00635	0.00556
12	0.01918	0.01920	0.14356	0.09056	0.24382	0.05393	0.05936	0.07942	0.01753	0.14030	0.01660	0.02084	0.01285	0.00755	0.00695	0.00216	0.00846	0.04304	0.00459	0.01011
13	0.01204	0.04891	0.01108	0.01009	0.01194	0.00820	0.00786	0.01417	0.01415	0.08831	0.03410	0.25914	0.12010	0.02350	0.15380	0.00421	0.00744	0.10554	0.05877	0.00664
14	0.01422	0.01522	0.09429	0.05889	0.14345	0.05227	0.05470	0.01751	0.01465	0.04876	0.02384	0.16593	0.06469	0.01223	0.00964	0.00249	0.10493	0.08963	0.00459	0.00806
15	0.05861	0.06820	0.20547	0.02543	0.20207	0.01672	0.17448	0.02071	0.01468	0.02178	0.01226	0.01561	0.00969	0.00638	0.00751	0.00207	0.05300	0.00583	0.00333	0.07617
16	0.01480	0.10851	0.40215	0.06152	0.06919	0.05496	0.01948	0.02032	0.01484	0.03846	0.03242	0.08612	0.01464	0.00840	0.00662	0.00215	0.00879	0.02383	0.00364	0.00917
17	0.04043	0.02584	0.27296	0.08372	0.05849	0.16164	0.12187	0.04144	0.03791	0.04331	0.01340	0.01611	0.01009	0.00833	0.03302	0.00243	0.01041	0.00574	0.00362	0.00923
18	0.01853	0.02738	0.22809	0.10170	0.12721	0.26897	0.08924	0.02314	0.01645	0.01960	0.01191	0.01489	0.00926	0.00660	0.00662	0.00203	0.01065	0.00540	0.00326	0.00908
19	0.01584	0.06775	0.18708	0.03799	0.07771	0.13942	0.10861	0.01997	0.01604	0.04109	0.06271	0.08393	0.09394	0.00937	0.00702	0.00213	0.00856	0.00810	0.00424	0.00849
20	0.07005	0.16550	0.06580	0.16625	0.09451	0.01649	0.08733	0.03827	0.01519	0.10679	0.01603	0.08132	0.01360	0.00896	0.02356	0.00230	0.00804	0.00689	0.00424	0.00886
21	0.01479	0.01884	0.21107	0.01999	0.15615	0.01369	0.05571	0.09101	0.05347	0.02306	0.02048	0.05151	0.06166	0.12251	0.01111	0.00282	0.00770	0.00767	0.04793	0.00883

[dist]
# distance from previous block
# <min> <max>
5	27

# created by:
# /home/berkeley/.conda/envs/busco_data_prod/bin/msa2prfl.pl pipeline/OGs_align_augustus/5794/46491.fs
