[name]
unknown

[dist]
# distance from previous block
# <min> <max>
0	51

[block]
# block no. 0 follows, 28 sequences, length 127
# corresponding to MSA columns:
# 51-177
name=unknown_A
#
# <colnr> <probs for GDERKNQSTAVLIFYWHMCP>
#	G	D	E	R	K	N	Q	S	T	A	V	L	I	F	Y	W	H	M	C	P
0	0.05365	0.01433	0.02212	0.15649	0.33844	0.01526	0.01764	0.02187	0.09008	0.02405	0.06118	0.02984	0.01984	0.00936	0.00757	0.00241	0.00777	0.09362	0.00469	0.00977
1	0.02042	0.51592	0.12998	0.01424	0.02102	0.02548	0.01461	0.11480	0.01783	0.04902	0.01229	0.01352	0.01008	0.00678	0.00546	0.00178	0.00816	0.00461	0.00392	0.01008
2	0.02001	0.12337	0.10211	0.08550	0.31716	0.14191	0.01908	0.02402	0.01699	0.06392	0.01356	0.01649	0.01084	0.00689	0.00671	0.00207	0.00947	0.00573	0.00381	0.01036
3	0.01057	0.00789	0.01130	0.01227	0.04487	0.00860	0.00842	0.01252	0.01200	0.01687	0.02284	0.13343	0.02384	0.19181	0.43882	0.00901	0.01417	0.01014	0.00439	0.00621
4	0.01746	0.01690	0.06442	0.05421	0.02632	0.01616	0.22761	0.11134	0.16621	0.04967	0.02322	0.15099	0.02042	0.01050	0.00807	0.00249	0.00839	0.01008	0.00565	0.00987
5	0.01729	0.05199	0.02853	0.16634	0.54891	0.01763	0.02145	0.02161	0.01610	0.02249	0.01336	0.01793	0.01108	0.00661	0.00709	0.00218	0.00878	0.00635	0.00351	0.01079
6	0.01268	0.01209	0.02289	0.01988	0.05479	0.01141	0.26318	0.01609	0.01548	0.02084	0.02895	0.38398	0.03168	0.01542	0.00896	0.00275	0.00768	0.05812	0.00541	0.00773
7	0.56820	0.01234	0.01130	0.01124	0.04619	0.01393	0.00819	0.01853	0.01187	0.02734	0.01090	0.01460	0.00920	0.01122	0.01043	0.19291	0.00594	0.00464	0.00413	0.00691
8	0.02034	0.15878	0.33919	0.05117	0.02607	0.01743	0.01896	0.02653	0.04596	0.20177	0.01735	0.01786	0.01214	0.00748	0.00664	0.00216	0.00873	0.00579	0.00484	0.01082
9	0.05885	0.01714	0.01499	0.01354	0.01686	0.20306	0.01030	0.04689	0.07247	0.17335	0.11305	0.17624	0.02833	0.01223	0.00756	0.00232	0.00730	0.01007	0.00655	0.00891
10	0.02023	0.01003	0.01320	0.01222	0.04746	0.00882	0.00899	0.02280	0.01882	0.33193	0.13747	0.10794	0.20264	0.01345	0.00800	0.00237	0.00507	0.01145	0.00780	0.00931
11	0.01506	0.01075	0.01201	0.01069	0.01241	0.01150	0.00741	0.17324	0.04916	0.02280	0.02163	0.03775	0.02215	0.47531	0.08260	0.00602	0.00821	0.00926	0.00520	0.00685
12	0.06126	0.01480	0.02567	0.01900	0.02482	0.01355	0.26157	0.02740	0.01794	0.32836	0.02133	0.02357	0.01522	0.06643	0.00995	0.00266	0.00850	0.00776	0.00619	0.04404
13	0.01679	0.01604	0.02733	0.23723	0.51598	0.01695	0.02171	0.02125	0.01598	0.02229	0.01346	0.01838	0.01100	0.00670	0.00722	0.00223	0.00893	0.00647	0.00349	0.01054
14	0.01436	0.01068	0.01410	0.01373	0.01640	0.01091	0.04270	0.07126	0.11079	0.05292	0.03702	0.15550	0.08711	0.01686	0.00904	0.00292	0.00633	0.31255	0.00680	0.00805
15	0.01557	0.09319	0.62118	0.01997	0.03002	0.05170	0.02511	0.02321	0.01556	0.02230	0.01273	0.01495	0.00923	0.00688	0.00671	0.00222	0.01062	0.00522	0.00311	0.01052
16	0.01799	0.01727	0.02950	0.04462	0.69919	0.01727	0.02231	0.02231	0.01655	0.02375	0.01367	0.01799	0.01151	0.00648	0.00720	0.00216	0.00864	0.00648	0.00360	0.01151
17	0.01444	0.00844	0.01053	0.00942	0.01216	0.00745	0.00727	0.01729	0.01947	0.16674	0.37834	0.05265	0.23822	0.01466	0.00832	0.00233	0.00407	0.01256	0.00785	0.00780
18	0.02715	0.03464	0.02060	0.01873	0.02247	0.71536	0.01404	0.02903	0.02060	0.01779	0.01124	0.01311	0.00936	0.00749	0.00655	0.00187	0.01311	0.00468	0.00375	0.00843
19	0.19564	0.01898	0.01938	0.01516	0.02069	0.02118	0.01252	0.53203	0.02941	0.04293	0.01585	0.01622	0.01138	0.00829	0.00667	0.00220	0.00748	0.00597	0.00667	0.01138
20	0.01458	0.03760	0.70688	0.02072	0.03146	0.01688	0.02686	0.02302	0.01535	0.02302	0.01304	0.01535	0.00921	0.00691	0.00691	0.00230	0.01074	0.00537	0.00307	0.01074
21	0.00932	0.00661	0.00861	0.00969	0.01029	0.00621	0.00649	0.01082	0.01473	0.01995	0.15643	0.53475	0.04924	0.10602	0.01240	0.00331	0.00441	0.01812	0.00670	0.00590
22	0.00947	0.00658	0.00825	0.00934	0.00961	0.00631	0.00591	0.01028	0.01272	0.01696	0.03393	0.49219	0.04033	0.28094	0.01919	0.00442	0.00523	0.01705	0.00591	0.00537
23	0.02559	0.01594	0.01767	0.01388	0.01878	0.01692	0.01136	0.41252	0.02759	0.16789	0.02093	0.02090	0.01477	0.00872	0.00681	0.00209	0.00667	0.00674	0.17304	0.01117
24	0.00898	0.00641	0.00858	0.01026	0.01074	0.00601	0.00696	0.01033	0.01404	0.01869	0.04000	0.71142	0.04781	0.02266	0.00931	0.00297	0.00432	0.04782	0.00675	0.00594
25	0.01681	0.01422	0.01545	0.01440	0.01802	0.01622	0.01134	0.03416	0.56503	0.02871	0.03126	0.06458	0.02600	0.01182	0.00784	0.00261	0.00582	0.09783	0.00727	0.01060
26	0.01038	0.00779	0.01168	0.01168	0.01298	0.00909	0.00909	0.01298	0.01168	0.01687	0.01947	0.02856	0.01817	0.05452	0.71573	0.01168	0.01947	0.00779	0.00389	0.00649
27	0.79588	0.01406	0.01068	0.00956	0.01406	0.01631	0.00787	0.02137	0.01237	0.03261	0.01012	0.01181	0.00787	0.00675	0.00450	0.00225	0.00562	0.00394	0.00450	0.00787
28	0.02796	0.01731	0.01962	0.01532	0.02086	0.01834	0.01257	0.39883	0.11201	0.24582	0.02242	0.02090	0.01532	0.00895	0.00730	0.00224	0.00716	0.00699	0.00782	0.01226
29	0.00923	0.00679	0.00873	0.01014	0.01108	0.00630	0.00727	0.01089	0.01476	0.01919	0.04531	0.53553	0.15286	0.02167	0.00928	0.00293	0.00449	0.11077	0.00674	0.00606
30	0.01017	0.00743	0.00956	0.00903	0.01079	0.00681	0.00677	0.01350	0.02031	0.02851	0.65384	0.05534	0.11050	0.01510	0.00857	0.00230	0.00345	0.01329	0.00792	0.00681
31	0.02649	0.01665	0.01871	0.01480	0.02003	0.01774	0.01208	0.36330	0.13582	0.21369	0.02275	0.02153	0.01582	0.00897	0.00716	0.00221	0.00687	0.00703	0.05647	0.01187
32	0.01716	0.01961	0.04289	0.03064	0.03799	0.01838	0.67279	0.02328	0.01716	0.02328	0.01471	0.01961	0.01103	0.00613	0.00858	0.00245	0.01225	0.00858	0.00368	0.00980
33	0.00906	0.00654	0.00824	0.00951	0.01010	0.00609	0.00629	0.01022	0.01375	0.01806	0.04144	0.56881	0.11757	0.12244	0.01305	0.00346	0.00455	0.01867	0.00642	0.00572
34	0.00948	0.00695	0.00890	0.00937	0.01061	0.00637	0.00666	0.01180	0.01725	0.02351	0.34300	0.35210	0.12974	0.01867	0.00888	0.00259	0.00380	0.01664	0.00732	0.00637
35	0.01724	0.01650	0.02814	0.16544	0.58427	0.01707	0.02193	0.02165	0.01619	0.02283	0.01354	0.01824	0.01119	0.00662	0.00721	0.00221	0.00882	0.00647	0.00353	0.01091
36	0.01943	0.74891	0.03809	0.01244	0.01866	0.02876	0.01244	0.02177	0.01477	0.01710	0.01011	0.01166	0.00933	0.00622	0.00466	0.00155	0.00777	0.00389	0.00311	0.00933
37	0.01238	0.01080	0.01269	0.01496	0.10296	0.06522	0.00910	0.01395	0.01438	0.01868	0.07164	0.27924	0.07785	0.21230	0.01679	0.00380	0.03797	0.01332	0.00538	0.00662
38	0.01477	0.13389	0.55817	0.01850	0.02795	0.01767	0.02315	0.02184	0.01536	0.02193	0.01748	0.01920	0.06413	0.00773	0.00673	0.00221	0.00977	0.00596	0.00337	0.01018
39	0.01676	0.04878	0.02236	0.01754	0.02057	0.11288	0.14745	0.07075	0.01638	0.02083	0.02198	0.09837	0.07671	0.10706	0.01503	0.00312	0.16165	0.00928	0.00452	0.00798
40	0.01787	0.01147	0.01363	0.01170	0.01514	0.01154	0.00919	0.10991	0.13808	0.15287	0.32472	0.04042	0.08811	0.01236	0.00797	0.00231	0.00496	0.01051	0.00789	0.00935
41	0.01783	0.51450	0.25849	0.01517	0.02288	0.02485	0.01719	0.02218	0.01496	0.01905	0.01107	0.01288	0.00929	0.00645	0.00540	0.00180	0.00875	0.00438	0.00310	0.00979
42	0.18487	0.01660	0.14466	0.01316	0.01859	0.01251	0.01243	0.02570	0.04594	0.28062	0.02532	0.12146	0.04697	0.01047	0.00697	0.00237	0.00653	0.00846	0.00645	0.00992
43	0.00964	0.00740	0.00882	0.00847	0.01046	0.00658	0.00635	0.01247	0.01905	0.02553	0.45909	0.06025	0.30711	0.01621	0.00858	0.00235	0.00353	0.01398	0.00753	0.00658
44	0.02715	0.03464	0.02060	0.01873	0.02247	0.71536	0.01404	0.02903	0.02060	0.01779	0.01124	0.01311	0.00936	0.00749	0.00655	0.00187	0.01311	0.00468	0.00375	0.00843
45	0.01988	0.13243	0.16934	0.01715	0.02354	0.01834	0.09160	0.14286	0.10725	0.10059	0.06039	0.04908	0.01782	0.00876	0.00713	0.00222	0.00812	0.00739	0.00555	0.01056
46	0.01703	0.01832	0.03633	0.06132	0.18057	0.01856	0.41562	0.02210	0.01611	0.02242	0.01372	0.01875	0.01088	0.00713	0.01026	0.00248	0.10722	0.00773	0.00357	0.00986
47	0.00886	0.00633	0.00843	0.01012	0.01054	0.00590	0.00675	0.01012	0.01392	0.01856	0.04006	0.73979	0.04808	0.02277	0.00928	0.00295	0.00422	0.02066	0.00675	0.00590
48	0.01365	0.05147	0.37181	0.01554	0.02225	0.01371	0.01761	0.05621	0.01676	0.02344	0.09859	0.05629	0.10867	0.06929	0.00984	0.00272	0.00810	0.03040	0.00469	0.00895
49	0.01826	0.01918	0.10178	0.03604	0.49128	0.01716	0.02066	0.10675	0.01854	0.02620	0.01586	0.06583	0.01381	0.00791	0.00731	0.00223	0.00849	0.00731	0.00423	0.01117
50	0.01076	0.00806	0.01039	0.01155	0.01347	0.00769	0.00983	0.01365	0.01668	0.02111	0.04918	0.07833	0.24095	0.01957	0.00960	0.00308	0.00578	0.45708	0.00671	0.00652
51	0.79588	0.01406	0.01068	0.00956	0.01406	0.01631	0.00787	0.02137	0.01237	0.03261	0.01012	0.01181	0.00787	0.00675	0.00450	0.00225	0.00562	0.00394	0.00450	0.00787
52	0.01462	0.01407	0.01956	0.08871	0.11911	0.08427	0.06639	0.01785	0.01429	0.01901	0.01718	0.02631	0.01574	0.02841	0.30872	0.00638	0.07767	0.04985	0.00388	0.00797
53	0.02719	0.03369	0.02068	0.01859	0.02248	0.66924	0.01403	0.07202	0.02150	0.01966	0.01165	0.01340	0.00956	0.00757	0.00660	0.00189	0.01277	0.00481	0.00398	0.00869
54	0.00859	0.00736	0.00736	0.00736	0.00982	0.00614	0.00552	0.01043	0.01657	0.01964	0.07364	0.06996	0.69624	0.01841	0.00859	0.00245	0.00368	0.01534	0.00675	0.00614
55	0.79588	0.01406	0.01068	0.00956	0.01406	0.01631	0.00787	0.02137	0.01237	0.03261	0.01012	0.01181	0.00787	0.00675	0.00450	0.00225	0.00562	0.00394	0.00450	0.00787
56	0.01429	0.01095	0.01193	0.01044	0.01349	0.01094	0.00807	0.18281	0.04208	0.02853	0.19770	0.05015	0.31356	0.06035	0.00999	0.00263	0.00501	0.01206	0.00704	0.00796
57	0.01448	0.01369	0.02317	0.60625	0.16498	0.01635	0.02056	0.01923	0.01489	0.01949	0.01305	0.01913	0.01001	0.00713	0.00725	0.00238	0.00950	0.00646	0.00330	0.00868
58	0.00886	0.00633	0.00843	0.01012	0.01054	0.00590	0.00675	0.01012	0.01392	0.01856	0.04006	0.73979	0.04808	0.02277	0.00928	0.00295	0.00422	0.02066	0.00675	0.00590
59	0.00965	0.00741	0.00884	0.00848	0.01047	0.00659	0.00636	0.01249	0.01908	0.02559	0.46292	0.06015	0.30324	0.01619	0.00858	0.00235	0.00352	0.01397	0.00753	0.00659
60	0.01851	0.61420	0.16475	0.01401	0.02108	0.02651	0.01517	0.02200	0.01488	0.01822	0.01066	0.01236	0.00931	0.00635	0.00509	0.00170	0.00834	0.00417	0.00310	0.00960
61	0.01458	0.03760	0.70688	0.02072	0.03146	0.01688	0.02686	0.02302	0.01535	0.02302	0.01304	0.01535	0.00921	0.00691	0.00691	0.00230	0.01074	0.00537	0.00307	0.01074
62	0.01037	0.00715	0.00869	0.00867	0.00921	0.00709	0.00553	0.01149	0.01329	0.01824	0.18568	0.09389	0.03736	0.46551	0.08255	0.00600	0.00698	0.01164	0.00539	0.00526
63	0.00886	0.00633	0.00843	0.01012	0.01054	0.00590	0.00675	0.01012	0.01392	0.01856	0.04006	0.73979	0.04808	0.02277	0.00928	0.00295	0.00422	0.02066	0.00675	0.00590
64	0.03203	0.01331	0.01745	0.01338	0.01902	0.01207	0.01105	0.11045	0.02237	0.62698	0.02736	0.02389	0.01733	0.00897	0.00731	0.00224	0.00640	0.00722	0.00879	0.01237
65	0.01799	0.01727	0.02950	0.04462	0.69919	0.01727	0.02231	0.02231	0.01655	0.02375	0.01367	0.01799	0.01151	0.00648	0.00720	0.00216	0.00864	0.00648	0.00360	0.01151
66	0.02091	0.01429	0.01621	0.01391	0.01777	0.01524	0.01088	0.28802	0.13261	0.11594	0.02777	0.24208	0.02564	0.01326	0.00791	0.00247	0.00625	0.01125	0.00734	0.01024
67	0.59143	0.11374	0.05518	0.01126	0.01629	0.06993	0.01003	0.02208	0.01347	0.02892	0.01037	0.01209	0.00825	0.00674	0.00481	0.00213	0.00676	0.00407	0.00418	0.00827
68	0.01210	0.00835	0.00898	0.00876	0.01112	0.00795	0.00688	0.06625	0.01775	0.02466	0.07382	0.05348	0.32627	0.01465	0.00759	0.00230	0.00430	0.09172	0.24615	0.00693
69	0.20923	0.01508	0.01547	0.01286	0.01711	0.01660	0.01026	0.26420	0.10968	0.06462	0.10857	0.02498	0.02142	0.06803	0.00917	0.00264	0.00637	0.00737	0.00656	0.00979
70	0.09252	0.01394	0.01634	0.01594	0.11064	0.04160	0.01060	0.07315	0.01678	0.12496	0.01727	0.02286	0.01470	0.14654	0.01202	0.00276	0.00682	0.00640	0.00515	0.24899
71	0.01355	0.00678	0.00678	0.00678	0.00847	0.00678	0.00508	0.01694	0.01524	0.02710	0.02371	0.02710	0.01863	0.00847	0.00508	0.00169	0.00339	0.00678	0.78489	0.00678
72	0.01843	0.11812	0.25885	0.01885	0.07767	0.01859	0.01781	0.05093	0.24322	0.07577	0.01961	0.01983	0.01455	0.00800	0.00685	0.00224	0.00807	0.00641	0.00516	0.01105
73	0.07824	0.35617	0.02632	0.01303	0.01819	0.07372	0.01156	0.16771	0.04752	0.02650	0.01435	0.01565	0.01161	0.00734	0.00554	0.00182	0.00742	0.00508	0.10262	0.00960
74	0.01057	0.00705	0.00793	0.00793	0.00793	0.00705	0.00440	0.01057	0.01057	0.01409	0.02290	0.04757	0.02643	0.74454	0.03700	0.00705	0.00705	0.01057	0.00440	0.00440
75	0.01463	0.01784	0.13535	0.48351	0.14402	0.01652	0.04600	0.02003	0.01507	0.02025	0.01312	0.01852	0.00994	0.00705	0.00725	0.00236	0.00980	0.00636	0.00328	0.00909
76	0.01845	0.12928	0.29268	0.01969	0.02750	0.01996	0.12585	0.14034	0.10643	0.02723	0.01584	0.01743	0.01177	0.00739	0.00699	0.00222	0.00943	0.00626	0.00448	0.01078
77	0.01884	0.01599	0.01687	0.01495	0.01919	0.01844	0.01169	0.08948	0.63396	0.03164	0.02862	0.02635	0.02140	0.00977	0.00739	0.00244	0.00593	0.00808	0.00739	0.01157
78	0.01982	0.00957	0.01286	0.01099	0.01436	0.00856	0.00876	0.02298	0.02045	0.31438	0.37537	0.04339	0.04564	0.01268	0.00812	0.00233	0.00478	0.04742	0.00835	0.00918
79	0.01474	0.06114	0.68474	0.02044	0.03104	0.01727	0.02638	0.02298	0.01533	0.02282	0.01295	0.01522	0.00921	0.00688	0.00683	0.00228	0.01064	0.00532	0.00307	0.01070
80	0.01507	0.00849	0.01125	0.00996	0.01251	0.00768	0.00768	0.01837	0.02063	0.17383	0.55248	0.04796	0.05774	0.01360	0.00830	0.00228	0.00402	0.01190	0.00822	0.00804
81	0.00883	0.00737	0.00770	0.00762	0.00997	0.00624	0.00571	0.01090	0.01714	0.02100	0.16289	0.06771	0.60614	0.01790	0.00859	0.00243	0.00365	0.01503	0.00693	0.00624
82	0.03261	0.01237	0.01687	0.01293	0.01856	0.01068	0.01068	0.03543	0.02081	0.70423	0.02868	0.02474	0.01799	0.00900	0.00731	0.00225	0.00619	0.00731	0.00900	0.01237
83	0.01703	0.01522	0.02512	0.06254	0.55086	0.01533	0.01912	0.02120	0.01624	0.02417	0.01546	0.01969	0.01273	0.00687	0.00682	0.00208	0.00773	0.00653	0.14473	0.01053
84	0.00982	0.00716	0.00924	0.00926	0.01071	0.00658	0.00674	0.01262	0.01869	0.02593	0.49394	0.22160	0.10653	0.01702	0.00875	0.00246	0.00364	0.01512	0.00761	0.00658
85	0.65133	0.01374	0.01186	0.01020	0.01491	0.01524	0.00840	0.02403	0.01397	0.15981	0.01364	0.01426	0.00979	0.00717	0.00503	0.00225	0.00573	0.00458	0.00535	0.00872
86	0.00992	0.00677	0.00812	0.00876	0.00892	0.00662	0.00529	0.01040	0.01183	0.01578	0.02938	0.30888	0.03460	0.47208	0.02653	0.00550	0.00598	0.01438	0.00529	0.00497
87	0.01696	0.01622	0.02764	0.21011	0.54178	0.01700	0.02179	0.02140	0.01606	0.02249	0.01349	0.01833	0.01107	0.00667	0.00721	0.00222	0.00889	0.00647	0.00351	0.01068
88	0.01171	0.00837	0.01171	0.01339	0.01506	0.00837	0.01171	0.01506	0.01673	0.02175	0.03849	0.08199	0.04183	0.02008	0.01004	0.00335	0.00669	0.65027	0.00669	0.00669
89	0.01057	0.00705	0.00793	0.00793	0.00793	0.00705	0.00440	0.01057	0.01057	0.01409	0.02290	0.04757	0.02643	0.74454	0.03700	0.00705	0.00705	0.01057	0.00440	0.00440
90	0.00886	0.00633	0.00843	0.01012	0.01054	0.00590	0.00675	0.01012	0.01392	0.01856	0.04006	0.73979	0.04808	0.02277	0.00928	0.00295	0.00422	0.02066	0.00675	0.00590
91	0.79588	0.01406	0.01068	0.00956	0.01406	0.01631	0.00787	0.02137	0.01237	0.03261	0.01012	0.01181	0.00787	0.00675	0.00450	0.00225	0.00562	0.00394	0.00450	0.00787
92	0.00918	0.00763	0.00806	0.00791	0.01028	0.00663	0.00594	0.01188	0.03814	0.02163	0.18040	0.06590	0.56606	0.01753	0.00855	0.00243	0.00370	0.01474	0.00699	0.00643
93	0.02311	0.01863	0.01872	0.01568	0.02047	0.07495	0.01248	0.26524	0.35888	0.07629	0.02372	0.02240	0.01739	0.00921	0.00728	0.00230	0.00717	0.00728	0.00716	0.01162
94	0.38707	0.01315	0.01400	0.01137	0.01647	0.01330	0.00938	0.02890	0.01689	0.39234	0.02006	0.01874	0.01329	0.00795	0.00600	0.00225	0.00592	0.00574	0.00691	0.01028
95	0.01988	0.18436	0.28908	0.01775	0.02483	0.21512	0.01842	0.04840	0.07650	0.02175	0.01353	0.01505	0.01053	0.00725	0.00639	0.00203	0.01024	0.00516	0.00379	0.00992
96	0.01308	0.00994	0.01190	0.01077	0.01325	0.01014	0.00825	0.07106	0.14188	0.03071	0.52091	0.04644	0.05571	0.01347	0.00826	0.00231	0.00421	0.01173	0.00783	0.00814
97	0.01490	0.01420	0.07077	0.04500	0.11401	0.01308	0.01259	0.02407	0.22851	0.05113	0.20256	0.03709	0.11892	0.01142	0.00778	0.00235	0.00586	0.00984	0.00648	0.00944
98	0.01738	0.16800	0.09410	0.01401	0.04273	0.10360	0.01208	0.07284	0.04782	0.02537	0.15891	0.02551	0.02444	0.00907	0.00647	0.00197	0.00698	0.00714	0.15281	0.00878
99	0.01108	0.00698	0.00939	0.00910	0.01014	0.00661	0.00646	0.01175	0.01566	0.02161	0.36667	0.04278	0.08612	0.05051	0.01734	0.30128	0.00470	0.01058	0.00592	0.00530
100	0.05563	0.46725	0.03079	0.01451	0.01979	0.26850	0.01280	0.02429	0.01671	0.01801	0.01050	0.01217	0.00928	0.00669	0.00532	0.00170	0.00955	0.00417	0.00339	0.00895
101	0.01943	0.02317	0.22432	0.05459	0.15541	0.04522	0.10388	0.07022	0.01803	0.11562	0.01569	0.01786	0.01146	0.00702	0.00711	0.00214	0.00925	0.00625	0.00450	0.08883
102	0.01855	0.17234	0.37578	0.04963	0.02822	0.04597	0.07159	0.02445	0.01626	0.11037	0.01456	0.01627	0.01055	0.00702	0.00665	0.00215	0.00973	0.00560	0.00393	0.01039
103	0.09263	0.02749	0.27601	0.02158	0.12104	0.13418	0.01905	0.08338	0.10857	0.02617	0.01518	0.01680	0.01147	0.00749	0.00676	0.00222	0.00944	0.00577	0.00435	0.01044
104	0.02270	0.02556	0.02047	0.02116	0.12018	0.37362	0.01438	0.03134	0.24875	0.02300	0.01790	0.01864	0.01409	0.00816	0.00694	0.00212	0.00993	0.00616	0.00498	0.00994
105	0.01716	0.01286	0.01503	0.03676	0.01695	0.01397	0.01040	0.22926	0.04267	0.05076	0.13366	0.12532	0.13839	0.01344	0.00948	0.00244	0.07591	0.01088	0.03584	0.00886
106	0.01197	0.00771	0.01007	0.00993	0.01134	0.00868	0.00769	0.01485	0.01317	0.02123	0.02083	0.02739	0.01799	0.03321	0.38478	0.00708	0.04377	0.00730	0.33434	0.00667
107	0.02244	0.02063	0.01998	0.01740	0.04676	0.16596	0.01344	0.30318	0.02420	0.03065	0.04342	0.02318	0.08677	0.01033	0.01023	0.00233	0.13633	0.00729	0.00563	0.00986
108	0.00870	0.00692	0.00782	0.00853	0.01013	0.00604	0.00604	0.01030	0.01545	0.01918	0.05943	0.35340	0.42197	0.02026	0.00888	0.00267	0.00391	0.01759	0.00675	0.00604
109	0.01647	0.01190	0.01382	0.01288	0.04479	0.01212	0.00954	0.11461	0.16322	0.09447	0.20181	0.04287	0.20574	0.01291	0.00796	0.00234	0.00513	0.01087	0.00735	0.00918
110	0.01008	0.00684	0.00807	0.00855	0.00867	0.00672	0.00507	0.01044	0.01152	0.01536	0.02778	0.24443	0.03258	0.53928	0.02911	0.00588	0.00624	0.01344	0.00507	0.00483
111	0.01848	0.09477	0.08337	0.02098	0.02547	0.08976	0.19513	0.07504	0.04077	0.02217	0.01324	0.01766	0.01109	0.03119	0.01312	0.00263	0.22533	0.00668	0.00388	0.00925
112	0.01542	0.09091	0.53337	0.09121	0.03150	0.03913	0.02398	0.02333	0.04431	0.02226	0.01346	0.01590	0.00983	0.00703	0.00677	0.00225	0.01026	0.00546	0.00330	0.01032
113	0.02715	0.03464	0.02060	0.01873	0.02247	0.71536	0.01404	0.02903	0.02060	0.01779	0.01124	0.01311	0.00936	0.00749	0.00655	0.00187	0.01311	0.00468	0.00375	0.00843
114	0.01507	0.01292	0.01507	0.01077	0.01723	0.00969	0.00861	0.01830	0.01507	0.02369	0.01292	0.01507	0.01077	0.00538	0.00538	0.00108	0.00538	0.00431	0.00431	0.78898
115	0.00886	0.00633	0.00843	0.01012	0.01054	0.00590	0.00675	0.01012	0.01392	0.01856	0.04006	0.73979	0.04808	0.02277	0.00928	0.00295	0.00422	0.02066	0.00675	0.00590
116	0.02262	0.24264	0.07831	0.01374	0.01939	0.04637	0.01261	0.11244	0.08953	0.18637	0.02124	0.02083	0.04243	0.00834	0.00636	0.00202	0.00724	0.00630	0.05076	0.01047
117	0.01812	0.46544	0.03746	0.01811	0.02432	0.02394	0.21547	0.02170	0.01566	0.01938	0.01379	0.01973	0.01245	0.00730	0.00630	0.00197	0.00907	0.05699	0.00357	0.00926
118	0.01057	0.00705	0.00793	0.00793	0.00793	0.00705	0.00440	0.01057	0.01057	0.01409	0.02290	0.04757	0.02643	0.74454	0.03700	0.00705	0.00705	0.01057	0.00440	0.00440
119	0.01015	0.00742	0.00953	0.00900	0.01078	0.00680	0.00675	0.01345	0.02026	0.02839	0.64567	0.05555	0.11875	0.01514	0.00857	0.00230	0.00345	0.01332	0.00790	0.00680
120	0.01497	0.09488	0.65302	0.02005	0.03043	0.01784	0.02570	0.02292	0.01530	0.02254	0.01281	0.01505	0.00922	0.00685	0.00673	0.00224	0.01050	0.00525	0.00307	0.01063
121	0.00907	0.00656	0.00862	0.01020	0.01086	0.00612	0.00706	0.01054	0.01432	0.01888	0.04222	0.64178	0.09155	0.02226	0.00929	0.00295	0.00438	0.07062	0.00674	0.00598
122	0.01608	0.01351	0.01561	0.01124	0.01765	0.01072	0.00903	0.07078	0.01660	0.02545	0.01328	0.01526	0.01089	0.00565	0.00553	0.00116	0.00559	0.00449	0.00454	0.72691
123	0.01681	0.11170	0.20359	0.02038	0.15064	0.01617	0.01681	0.06106	0.01656	0.02407	0.01303	0.01542	0.01042	0.00630	0.00616	0.00173	0.00787	0.00508	0.00388	0.29233
124	0.02393	0.01885	0.01804	0.01479	0.01936	0.10908	0.01185	0.36374	0.11542	0.06061	0.01980	0.02018	0.01462	0.00868	0.00680	0.00209	0.00747	0.00659	0.14737	0.01073
125	0.00913	0.00659	0.00902	0.01040	0.01098	0.00648	0.00717	0.01064	0.01351	0.01825	0.03634	0.61131	0.04267	0.02851	0.13690	0.00453	0.00697	0.01834	0.00623	0.00601
126	0.08732	0.01875	0.02065	0.04146	0.09006	0.04880	0.01381	0.43505	0.02769	0.08570	0.01714	0.01787	0.01237	0.00825	0.00692	0.00216	0.00781	0.00631	0.04051	0.01137

[dist]
# distance from previous block
# <min> <max>
0	1

[block]
# block no. 1 follows, 28 sequences, length 18
# corresponding to MSA columns:
# 179-196
name=unknown_B
#
# <colnr> <probs for GDERKNQSTAVLIFYWHMCP>
#	G	D	E	R	K	N	Q	S	T	A	V	L	I	F	Y	W	H	M	C	P
0	0.08883	0.18064	0.02734	0.01870	0.06616	0.06155	0.10854	0.27597	0.02292	0.03133	0.01445	0.01616	0.01113	0.00740	0.00652	0.00205	0.00852	0.00593	0.03541	0.01044
1	0.00886	0.00633	0.00843	0.01012	0.01054	0.00590	0.00675	0.01012	0.01392	0.01856	0.04006	0.73979	0.04808	0.02277	0.00928	0.00295	0.00422	0.02066	0.00675	0.00590
2	0.02499	0.02790	0.07591	0.01712	0.02149	0.42852	0.01406	0.08108	0.02035	0.10022	0.01488	0.01648	0.01147	0.00978	0.03481	0.00239	0.03501	0.00549	0.04883	0.00921
3	0.01038	0.00779	0.01168	0.01168	0.01298	0.00909	0.00909	0.01298	0.01168	0.01687	0.01947	0.02856	0.01817	0.05452	0.71573	0.01168	0.01947	0.00779	0.00389	0.00649
4	0.02422	0.01707	0.01817	0.01432	0.01914	0.01873	0.01170	0.51568	0.02959	0.04128	0.01897	0.01979	0.01388	0.00866	0.00674	0.00206	0.00688	0.00660	0.19550	0.01101
5	0.07668	0.03078	0.02018	0.01778	0.02194	0.54701	0.01361	0.14357	0.02249	0.02373	0.01227	0.01380	0.00980	0.00766	0.00655	0.00195	0.01172	0.00497	0.00442	0.00909
6	0.00896	0.00701	0.00815	0.00882	0.01040	0.00620	0.00636	0.01077	0.01588	0.02009	0.11063	0.32817	0.36747	0.01987	0.00891	0.00267	0.00399	0.04270	0.00685	0.00613
7	0.00931	0.00715	0.00817	0.00841	0.00987	0.00654	0.00587	0.01088	0.01495	0.01905	0.11265	0.18058	0.34256	0.16790	0.05993	0.00405	0.00545	0.01463	0.00621	0.00584
8	0.01355	0.00678	0.00678	0.00678	0.00847	0.00678	0.00508	0.01694	0.01524	0.02710	0.02371	0.02710	0.01863	0.00847	0.00508	0.00169	0.00339	0.00678	0.78489	0.00678
9	0.79588	0.01406	0.01068	0.00956	0.01406	0.01631	0.00787	0.02137	0.01237	0.03261	0.01012	0.01181	0.00787	0.00675	0.00450	0.00225	0.00562	0.00394	0.00450	0.00787
10	0.01093	0.00811	0.01027	0.00961	0.01152	0.00779	0.00724	0.01578	0.07557	0.02925	0.64034	0.05205	0.06475	0.01445	0.00848	0.00230	0.00362	0.01274	0.00795	0.00724
11	0.00872	0.00737	0.00754	0.00750	0.00990	0.00619	0.00563	0.01068	0.01688	0.02037	0.12138	0.06875	0.64805	0.01814	0.00859	0.00244	0.00366	0.01517	0.00685	0.00619
12	0.01444	0.01173	0.01815	0.34346	0.12615	0.01275	0.01519	0.01826	0.01642	0.07734	0.10116	0.03400	0.16065	0.01045	0.00768	0.00236	0.00732	0.00912	0.00501	0.00838
13	0.79588	0.01406	0.01068	0.00956	0.01406	0.01631	0.00787	0.02137	0.01237	0.03261	0.01012	0.01181	0.00787	0.00675	0.00450	0.00225	0.00562	0.00394	0.00450	0.00787
14	0.03261	0.01237	0.01687	0.01293	0.01856	0.01068	0.01068	0.03543	0.02081	0.70423	0.02868	0.02474	0.01799	0.00900	0.00731	0.00225	0.00619	0.00731	0.00900	0.01237
15	0.00886	0.00633	0.00843	0.01012	0.01054	0.00590	0.00675	0.01012	0.01392	0.01856	0.04006	0.73979	0.04808	0.02277	0.00928	0.00295	0.00422	0.02066	0.00675	0.00590
16	0.01596	0.08242	0.57963	0.02166	0.08131	0.01743	0.02483	0.02343	0.01564	0.05286	0.01359	0.01572	0.00978	0.00692	0.00680	0.00224	0.01018	0.00544	0.00338	0.01078
17	0.01716	0.01961	0.04289	0.03064	0.03799	0.01838	0.67279	0.02328	0.01716	0.02328	0.01471	0.01961	0.01103	0.00613	0.00858	0.00245	0.01225	0.00858	0.00368	0.00980

[dist]
# distance from previous block
# <min> <max>
0	2

[block]
# block no. 2 follows, 28 sequences, length 28
# corresponding to MSA columns:
# 199-206,219-238
name=unknown_C
#
# <colnr> <probs for GDERKNQSTAVLIFYWHMCP>
#	G	D	E	R	K	N	Q	S	T	A	V	L	I	F	Y	W	H	M	C	P
0	0.01041	0.00790	0.00992	0.01096	0.01288	0.00742	0.00915	0.01310	0.01656	0.02082	0.05198	0.10303	0.29218	0.01955	0.00946	0.00299	0.00545	0.38307	0.00672	0.00645
1	0.01712	0.01767	0.02964	0.23921	0.26344	0.06285	0.19118	0.02255	0.04293	0.02198	0.01419	0.01887	0.01113	0.00682	0.00755	0.00231	0.01007	0.00697	0.00367	0.00985
2	0.01029	0.00743	0.00972	0.00914	0.01086	0.00686	0.00686	0.01372	0.02058	0.02915	0.69536	0.05430	0.06859	0.01486	0.00857	0.00229	0.00343	0.01315	0.00800	0.00686
3	0.01893	0.10512	0.02461	0.02088	0.11911	0.13574	0.10942	0.07812	0.11901	0.02573	0.14578	0.02490	0.02337	0.00886	0.00729	0.00215	0.00835	0.00771	0.00529	0.00966
4	0.01355	0.00678	0.00678	0.00678	0.00847	0.00678	0.00508	0.01694	0.01524	0.02710	0.02371	0.02710	0.01863	0.00847	0.00508	0.00169	0.00339	0.00678	0.78489	0.00678
5	0.01459	0.04172	0.11763	0.03678	0.09996	0.01445	0.03370	0.07446	0.05194	0.02205	0.01724	0.02282	0.01476	0.02975	0.34116	0.00671	0.04038	0.00700	0.00414	0.00876
6	0.01057	0.00705	0.00793	0.00793	0.00793	0.00705	0.00440	0.01057	0.01057	0.01409	0.02290	0.04757	0.02643	0.74454	0.03700	0.00705	0.00705	0.01057	0.00440	0.00440
7	0.01150	0.00883	0.01170	0.01215	0.06056	0.00856	0.00836	0.01646	0.07719	0.02887	0.58989	0.04939	0.06056	0.01384	0.00837	0.00229	0.00400	0.01225	0.00764	0.00759
8	0.01702	0.01628	0.02776	0.19936	0.55201	0.01702	0.02183	0.02146	0.01609	0.02257	0.01350	0.01831	0.01110	0.00666	0.00721	0.00222	0.00887	0.00647	0.00351	0.01073
9	0.01836	0.66136	0.03497	0.01235	0.01799	0.02644	0.01204	0.02073	0.01441	0.01708	0.01121	0.01366	0.01037	0.01192	0.08866	0.00275	0.00916	0.00435	0.00320	0.00899
10	0.01141	0.00865	0.01114	0.01163	0.01402	0.00799	0.00982	0.01446	0.01678	0.02210	0.08895	0.06982	0.16497	0.01765	0.00911	0.00283	0.00573	0.40741	0.00652	0.09901
11	0.00882	0.00645	0.00831	0.00980	0.01046	0.00593	0.00660	0.01016	0.01423	0.01868	0.04403	0.66066	0.12465	0.02226	0.00920	0.00289	0.00415	0.02004	0.00675	0.00593
12	0.01724	0.01650	0.02814	0.16511	0.58459	0.01707	0.02193	0.02165	0.01620	0.02283	0.01354	0.01824	0.01119	0.00662	0.00721	0.00221	0.00882	0.00647	0.00353	0.01091
13	0.70399	0.01444	0.01291	0.01370	0.09499	0.01642	0.00958	0.02148	0.01286	0.03157	0.01054	0.01254	0.00830	0.00672	0.00482	0.00224	0.00598	0.00424	0.00439	0.00830
14	0.01893	0.64323	0.03581	0.01340	0.01872	0.02783	0.01294	0.02115	0.01425	0.01716	0.01002	0.01227	0.00936	0.00716	0.00743	0.00179	0.11208	0.00424	0.00312	0.00913
15	0.02079	0.47223	0.03376	0.01558	0.02156	0.07450	0.09055	0.07998	0.06399	0.04590	0.01338	0.01474	0.01100	0.00687	0.00577	0.00183	0.00850	0.00515	0.00409	0.00984
16	0.01617	0.01455	0.07376	0.01619	0.09650	0.06154	0.01204	0.02206	0.10390	0.07808	0.12581	0.03041	0.02531	0.01672	0.11518	0.00364	0.00845	0.03292	0.13799	0.00882
17	0.01413	0.01347	0.01372	0.01325	0.01521	0.14452	0.01020	0.01787	0.06140	0.01801	0.01862	0.02551	0.01678	0.04236	0.52995	0.00915	0.01728	0.00723	0.00412	0.00722
18	0.01499	0.03500	0.62531	0.02002	0.02998	0.01702	0.02504	0.02486	0.09458	0.02389	0.01500	0.01674	0.01074	0.00726	0.00696	0.00232	0.01015	0.00571	0.00358	0.01083
19	0.00907	0.00752	0.00803	0.00828	0.01062	0.00648	0.00646	0.01114	0.01659	0.01996	0.06829	0.07179	0.59675	0.01866	0.00881	0.00259	0.00414	0.11188	0.00674	0.00622
20	0.01684	0.01313	0.01647	0.13988	0.02248	0.01492	0.01220	0.21346	0.09355	0.02723	0.02083	0.08564	0.01853	0.07399	0.19225	0.00512	0.01062	0.00853	0.00545	0.00887
21	0.00877	0.00691	0.00792	0.00864	0.01017	0.00606	0.00611	0.01041	0.01555	0.01950	0.08090	0.36362	0.38933	0.02020	0.00889	0.00267	0.00391	0.01760	0.00679	0.00606
22	0.01627	0.02683	0.33066	0.03034	0.22695	0.01740	0.20035	0.02289	0.01619	0.02330	0.01368	0.01727	0.01037	0.00657	0.00744	0.00230	0.01054	0.00656	0.00339	0.01071
23	0.00900	0.00639	0.00839	0.00993	0.01032	0.00600	0.00655	0.01016	0.01363	0.01817	0.03860	0.68060	0.04623	0.08449	0.01165	0.00330	0.00446	0.01980	0.00655	0.00578
24	0.01603	0.05407	0.12635	0.02863	0.23268	0.01654	0.21934	0.02192	0.05250	0.02315	0.03882	0.06842	0.05112	0.00851	0.00772	0.00233	0.00916	0.00850	0.00422	0.01000
25	0.08220	0.06297	0.58826	0.01925	0.02904	0.01757	0.02404	0.05382	0.01596	0.02469	0.01289	0.01500	0.00925	0.00695	0.00663	0.00226	0.01006	0.00525	0.00339	0.01052
26	0.01134	0.01044	0.03595	0.13919	0.07734	0.00989	0.01100	0.01527	0.04843	0.02223	0.17740	0.15091	0.23364	0.01456	0.00823	0.00246	0.00553	0.01270	0.00603	0.00746
27	0.01080	0.03125	0.01050	0.01016	0.01204	0.00832	0.00775	0.03461	0.04843	0.02184	0.12006	0.26606	0.23653	0.03668	0.00951	0.00280	0.00473	0.11442	0.00675	0.00675

[dist]
# distance from previous block
# <min> <max>
0	22

# created by:
# /home/berkeley/.conda/envs/busco_data_prod/bin/msa2prfl.pl pipeline/OGs_align_augustus/5794/46749.fs
