[name]
unknown

[dist]
# distance from previous block
# <min> <max>
21	224

[block]
# block no. 0 follows, 29 sequences, length 10
# corresponding to MSA columns:
# 249-258
name=unknown_A
#
# <colnr> <probs for GDERKNQSTAVLIFYWHMCP>
#	G	D	E	R	K	N	Q	S	T	A	V	L	I	F	Y	W	H	M	C	P
0	0.62264	0.01231	0.01025	0.00927	0.01307	0.01390	0.00749	0.01925	0.01392	0.03119	0.16525	0.02092	0.02107	0.00839	0.00530	0.00221	0.00503	0.00588	0.00518	0.00749
1	0.01415	0.02082	0.23259	0.20363	0.03169	0.01658	0.10294	0.01920	0.01437	0.02039	0.04776	0.05776	0.01436	0.00917	0.01074	0.00252	0.16173	0.00732	0.00358	0.00872
2	0.01903	0.02092	0.02234	0.12645	0.16417	0.23382	0.01655	0.02176	0.01551	0.01893	0.01132	0.01561	0.00977	0.00851	0.01160	0.00231	0.22476	0.00566	0.00343	0.04755
3	0.02431	0.01831	0.01989	0.01507	0.02091	0.01925	0.01239	0.53254	0.02928	0.04001	0.01610	0.01657	0.01176	0.00781	0.00671	0.00189	0.00726	0.00592	0.00647	0.18755
4	0.45018	0.01202	0.01205	0.01057	0.01452	0.01315	0.00860	0.02218	0.01382	0.18080	0.01605	0.01810	0.01220	0.01761	0.16608	0.00428	0.00868	0.00545	0.00526	0.00840
5	0.00898	0.00662	0.00787	0.00872	0.00957	0.00610	0.00578	0.01009	0.01358	0.01747	0.04414	0.40981	0.21516	0.18455	0.01501	0.00366	0.00462	0.01665	0.00610	0.00551
6	0.22696	0.01524	0.07908	0.17510	0.02609	0.01406	0.04914	0.02567	0.01617	0.27904	0.01776	0.01865	0.01207	0.00752	0.00646	0.00226	0.00740	0.00601	0.00559	0.00974
7	0.00931	0.00725	0.00846	0.00816	0.01017	0.00639	0.00612	0.01196	0.01835	0.02427	0.41210	0.06024	0.35934	0.01616	0.00841	0.00232	0.00347	0.01387	0.00727	0.00639
8	0.01620	0.28312	0.40696	0.01853	0.02717	0.02072	0.09165	0.02215	0.01503	0.02057	0.01196	0.01423	0.00925	0.00645	0.00618	0.00202	0.00968	0.00510	0.00308	0.00995
9	0.23415	0.05899	0.11269	0.01584	0.02082	0.37919	0.01375	0.04908	0.01754	0.02303	0.01113	0.01289	0.00886	0.00705	0.00587	0.00199	0.01013	0.00451	0.00388	0.00859

[dist]
# distance from previous block
# <min> <max>
0	32

[block]
# block no. 1 follows, 29 sequences, length 13
# corresponding to MSA columns:
# 291-303
name=unknown_B
#
# <colnr> <probs for GDERKNQSTAVLIFYWHMCP>
#	G	D	E	R	K	N	Q	S	T	A	V	L	I	F	Y	W	H	M	C	P
0	0.17771	0.05681	0.01562	0.01147	0.01619	0.01326	0.00942	0.09703	0.01851	0.33249	0.02083	0.02129	0.01480	0.04998	0.00783	0.00232	0.00600	0.00624	0.07866	0.04356
1	0.01387	0.01299	0.01904	0.26195	0.06204	0.01628	0.01516	0.01781	0.05207	0.01946	0.07062	0.02586	0.07298	0.03675	0.01413	0.00278	0.26652	0.00776	0.00408	0.00785
2	0.01398	0.01255	0.01877	0.35581	0.12916	0.01433	0.01561	0.02072	0.13192	0.02174	0.08648	0.02794	0.05976	0.05090	0.00898	0.00259	0.00759	0.00801	0.00464	0.00854
3	0.00960	0.00726	0.00886	0.00846	0.01035	0.00652	0.00635	0.01252	0.01904	0.02590	0.52219	0.05756	0.24823	0.01555	0.00840	0.00229	0.00343	0.01349	0.00749	0.00652
4	0.01796	0.01820	0.04648	0.01506	0.01855	0.12692	0.01223	0.06631	0.32732	0.02616	0.09817	0.02677	0.05270	0.01039	0.00936	0.00237	0.10152	0.00790	0.00600	0.00963
5	0.00905	0.00656	0.00855	0.00949	0.01037	0.00606	0.00657	0.01091	0.01559	0.02111	0.22467	0.51428	0.09054	0.01991	0.00886	0.00268	0.00389	0.01790	0.00695	0.00606
6	0.01018	0.00759	0.01122	0.01122	0.01242	0.00878	0.00863	0.01257	0.01138	0.01637	0.01927	0.02908	0.01828	0.09495	0.68065	0.01117	0.01835	0.00779	0.00384	0.00624
7	0.02131	0.01545	0.02257	0.12026	0.32307	0.04648	0.01679	0.06882	0.01823	0.20198	0.01880	0.06271	0.01480	0.00823	0.00719	0.00221	0.00787	0.00731	0.00529	0.01065
8	0.10066	0.19835	0.02319	0.01604	0.02034	0.49192	0.01280	0.02606	0.01807	0.01869	0.01064	0.01239	0.00902	0.00698	0.00580	0.00180	0.01091	0.00433	0.00360	0.00841
9	0.80005	0.01377	0.01047	0.00936	0.01377	0.01597	0.00771	0.02093	0.01212	0.03195	0.00991	0.01157	0.00771	0.00661	0.00441	0.00220	0.00551	0.00386	0.00441	0.00771
10	0.01036	0.00690	0.00777	0.00777	0.00777	0.00690	0.00431	0.01036	0.01036	0.01381	0.02244	0.04660	0.02589	0.74975	0.03624	0.00690	0.00690	0.01036	0.00431	0.00431
11	0.01225	0.01026	0.01194	0.07037	0.05036	0.01057	0.00903	0.01952	0.19626	0.02335	0.09100	0.04649	0.33478	0.01334	0.00766	0.00232	0.00483	0.01123	0.06650	0.00793
12	0.00954	0.00710	0.00888	0.00878	0.01039	0.00644	0.00645	0.01227	0.01838	0.02515	0.47765	0.16472	0.18510	0.01644	0.00851	0.00237	0.00353	0.01444	0.00741	0.00644

[dist]
# distance from previous block
# <min> <max>
0	1

[block]
# block no. 2 follows, 29 sequences, length 23
# corresponding to MSA columns:
# 305-327
name=unknown_C
#
# <colnr> <probs for GDERKNQSTAVLIFYWHMCP>
#	G	D	E	R	K	N	Q	S	T	A	V	L	I	F	Y	W	H	M	C	P
0	0.05933	0.64928	0.03435	0.01262	0.01840	0.09226	0.01210	0.02197	0.01488	0.01759	0.01000	0.01156	0.00907	0.00623	0.00473	0.00159	0.00800	0.00388	0.00317	0.00898
1	0.11692	0.30174	0.20626	0.01543	0.02189	0.18990	0.01569	0.02330	0.01569	0.02032	0.01092	0.01272	0.00894	0.00663	0.00557	0.00187	0.00937	0.00438	0.00335	0.00911
2	0.68041	0.01574	0.08137	0.01033	0.01522	0.01556	0.00945	0.02087	0.01256	0.03072	0.01088	0.01268	0.00838	0.00671	0.00467	0.00218	0.00590	0.00414	0.04427	0.00794
3	0.01597	0.05178	0.42353	0.01642	0.02488	0.01420	0.01911	0.02206	0.01570	0.08589	0.04835	0.01759	0.01308	0.00696	0.00645	0.00194	0.00840	0.00552	0.00407	0.19812
4	0.01036	0.00690	0.00777	0.00777	0.00777	0.00690	0.00431	0.01036	0.01036	0.01381	0.02244	0.04660	0.02589	0.74975	0.03624	0.00690	0.00690	0.01036	0.00431	0.00431
5	0.01367	0.01288	0.02176	0.69611	0.08384	0.01588	0.01989	0.01839	0.01434	0.01846	0.01270	0.01891	0.00959	0.00708	0.00712	0.00236	0.00944	0.00633	0.00318	0.00809
6	0.01996	0.31576	0.02561	0.01297	0.01870	0.02076	0.01143	0.22312	0.02034	0.02699	0.01432	0.05298	0.01240	0.00752	0.00576	0.00168	0.00695	0.00558	0.00476	0.19240
7	0.00900	0.00659	0.00811	0.00900	0.00985	0.00608	0.00606	0.01036	0.01424	0.01869	0.10377	0.45142	0.16999	0.12707	0.01287	0.00333	0.00437	0.01713	0.00639	0.00570
8	0.09225	0.16136	0.17881	0.01721	0.02394	0.06943	0.07669	0.24577	0.02143	0.02955	0.01347	0.01497	0.01014	0.00720	0.00639	0.00206	0.00891	0.00549	0.00464	0.01030
9	0.01598	0.32834	0.08301	0.01501	0.07102	0.07243	0.01261	0.01880	0.01558	0.01931	0.08324	0.09358	0.09443	0.01018	0.00706	0.00201	0.03678	0.00794	0.00430	0.00841
10	0.01480	0.01893	0.19185	0.01323	0.02050	0.01172	0.01312	0.02018	0.05143	0.02339	0.01357	0.01547	0.01076	0.00589	0.00576	0.00143	0.00662	0.00469	0.00407	0.55258
11	0.01525	0.08357	0.44405	0.01948	0.06313	0.01579	0.06405	0.02163	0.01598	0.05914	0.07965	0.02182	0.04958	0.00803	0.00697	0.00220	0.00905	0.00670	0.00401	0.00991
12	0.02660	0.03394	0.02018	0.01834	0.02201	0.72116	0.01376	0.02843	0.02018	0.01743	0.01101	0.01284	0.00917	0.00734	0.00642	0.00183	0.01284	0.00459	0.00367	0.00825
13	0.02158	0.08436	0.11792	0.02055	0.15532	0.01487	0.04890	0.04671	0.05159	0.25720	0.05310	0.06043	0.01805	0.00869	0.00708	0.00219	0.00740	0.00749	0.00588	0.01069
14	0.01635	0.01603	0.09505	0.15275	0.26985	0.01440	0.05298	0.02044	0.01556	0.09072	0.01895	0.14099	0.01731	0.00968	0.00808	0.00237	0.03575	0.00876	0.00445	0.00954
15	0.01036	0.00690	0.00777	0.00777	0.00777	0.00690	0.00431	0.01036	0.01036	0.01381	0.02244	0.04660	0.02589	0.74975	0.03624	0.00690	0.00690	0.01036	0.00431	0.00431
16	0.00937	0.00698	0.00881	0.00963	0.01095	0.00642	0.00715	0.01151	0.01603	0.02111	0.18568	0.34051	0.19668	0.01929	0.00891	0.00271	0.00425	0.12098	0.00686	0.00616
17	0.02038	0.08726	0.08854	0.10934	0.10127	0.08919	0.18430	0.12260	0.01924	0.08755	0.01485	0.01745	0.01105	0.00702	0.00711	0.00216	0.00971	0.00645	0.00445	0.01008
18	0.02043	0.34277	0.22622	0.01557	0.02248	0.13524	0.01629	0.02442	0.01626	0.10100	0.01307	0.01421	0.01012	0.00681	0.00581	0.00186	0.00911	0.00475	0.00382	0.00975
19	0.00895	0.00704	0.00811	0.00840	0.01019	0.00620	0.00618	0.01103	0.01654	0.02114	0.20288	0.21171	0.39585	0.01825	0.00861	0.00251	0.00378	0.03960	0.00688	0.00614
20	0.01664	0.01874	0.10384	0.13012	0.48742	0.01683	0.07942	0.02153	0.01588	0.02248	0.01332	0.01766	0.01076	0.00646	0.00715	0.00219	0.00913	0.00640	0.00343	0.01061
21	0.02608	0.04998	0.02162	0.05539	0.11978	0.21658	0.03665	0.07363	0.01996	0.28247	0.01838	0.01859	0.01294	0.00773	0.00687	0.00207	0.00890	0.00612	0.00578	0.01048
22	0.64067	0.01504	0.01271	0.01081	0.01548	0.01723	0.00891	0.15715	0.01652	0.03461	0.01140	0.01271	0.00862	0.00701	0.00497	0.00219	0.00599	0.00438	0.00497	0.00862

[dist]
# distance from previous block
# <min> <max>
0	3

[block]
# block no. 3 follows, 29 sequences, length 9
# corresponding to MSA columns:
# 331-339
name=unknown_D
#
# <colnr> <probs for GDERKNQSTAVLIFYWHMCP>
#	G	D	E	R	K	N	Q	S	T	A	V	L	I	F	Y	W	H	M	C	P
0	0.01223	0.00783	0.00921	0.00853	0.01082	0.00692	0.00634	0.01442	0.01726	0.11135	0.25558	0.05529	0.33243	0.10638	0.01169	0.00288	0.00426	0.01276	0.00699	0.00682
1	0.02502	0.01045	0.01416	0.01170	0.01582	0.00916	0.00930	0.02758	0.01917	0.50006	0.11766	0.15458	0.02925	0.01193	0.00766	0.00233	0.00537	0.01020	0.00830	0.01030
2	0.01477	0.01266	0.01477	0.01055	0.01687	0.00949	0.00844	0.01793	0.01477	0.02320	0.01266	0.01477	0.01055	0.00527	0.00527	0.00105	0.00527	0.00422	0.00422	0.79328
3	0.01743	0.01711	0.11913	0.14437	0.19841	0.01358	0.01658	0.02181	0.01581	0.11165	0.01487	0.01748	0.01125	0.00653	0.00650	0.00187	0.00765	0.00565	0.00429	0.24804
4	0.01428	0.03683	0.71286	0.02030	0.03082	0.01654	0.02631	0.02255	0.01503	0.02255	0.01278	0.01503	0.00902	0.00677	0.00677	0.00226	0.01052	0.00526	0.00301	0.01052
5	0.00885	0.00627	0.00821	0.00970	0.01007	0.00590	0.00638	0.00996	0.01330	0.01773	0.03754	0.67423	0.04494	0.09612	0.01184	0.00330	0.00441	0.01924	0.00638	0.00563
6	0.01962	0.01640	0.03064	0.14602	0.03313	0.01668	0.34270	0.05688	0.01739	0.15805	0.01649	0.01974	0.01186	0.00744	0.00918	0.00241	0.07341	0.00751	0.00469	0.00977
7	0.20027	0.11585	0.16831	0.02056	0.10260	0.01872	0.13386	0.05289	0.05347	0.02537	0.01309	0.01556	0.01017	0.00690	0.00688	0.00219	0.03407	0.00567	0.00394	0.00963
8	0.24873	0.05203	0.05945	0.17383	0.12618	0.10240	0.03922	0.02124	0.01449	0.02317	0.01142	0.01501	0.00918	0.00722	0.00748	0.00224	0.06914	0.00528	0.00364	0.00864

[dist]
# distance from previous block
# <min> <max>
2	5

[block]
# block no. 4 follows, 29 sequences, length 18
# corresponding to MSA columns:
# 346-363
name=unknown_E
#
# <colnr> <probs for GDERKNQSTAVLIFYWHMCP>
#	G	D	E	R	K	N	Q	S	T	A	V	L	I	F	Y	W	H	M	C	P
0	0.01641	0.10508	0.16354	0.07932	0.02628	0.01690	0.13068	0.04560	0.14371	0.03925	0.01953	0.02105	0.05054	0.00768	0.00685	0.00209	0.00822	0.00675	0.00454	0.10600
1	0.01082	0.00761	0.00958	0.00936	0.01136	0.00694	0.00732	0.01378	0.01866	0.05355	0.42270	0.05983	0.20860	0.01593	0.00858	0.00244	0.00403	0.11475	0.00739	0.00675
2	0.02058	0.02102	0.02026	0.08602	0.02288	0.24040	0.03341	0.14521	0.01882	0.02319	0.01318	0.01682	0.01089	0.01169	0.05495	0.00287	0.19434	0.00593	0.04888	0.00866
3	0.00958	0.00714	0.00891	0.00871	0.01040	0.00647	0.00644	0.01239	0.01863	0.02550	0.49935	0.13423	0.19373	0.01614	0.00848	0.00235	0.00350	0.01414	0.00745	0.00647
4	0.01907	0.01540	0.10244	0.04728	0.02265	0.01331	0.12467	0.02286	0.01589	0.23059	0.03611	0.06653	0.01718	0.01695	0.13033	0.00396	0.09205	0.00802	0.00537	0.00935
5	0.00877	0.00641	0.00813	0.00940	0.01010	0.00590	0.00633	0.01008	0.01400	0.01839	0.06197	0.59508	0.13636	0.06037	0.01043	0.00302	0.00419	0.01879	0.00652	0.00576
6	0.01294	0.14322	0.05960	0.01390	0.09047	0.04536	0.01043	0.01588	0.01700	0.02167	0.20408	0.04310	0.27084	0.01257	0.00739	0.00214	0.00565	0.01046	0.00558	0.00771
7	0.01940	0.58806	0.11138	0.01383	0.02013	0.10885	0.01396	0.02230	0.01521	0.01749	0.01035	0.01200	0.00913	0.00632	0.00504	0.00164	0.00856	0.00406	0.00312	0.00919
8	0.01650	0.11825	0.04796	0.21336	0.24732	0.04396	0.01850	0.02007	0.01443	0.01951	0.01176	0.01644	0.00996	0.00786	0.01016	0.00231	0.16329	0.00587	0.00327	0.00923
9	0.02274	0.02061	0.02676	0.06452	0.02756	0.09934	0.19154	0.35092	0.02497	0.03256	0.01495	0.01720	0.01110	0.00788	0.00838	0.00225	0.05421	0.00672	0.00531	0.01048
10	0.04232	0.01864	0.04102	0.01552	0.01921	0.10451	0.01282	0.25029	0.10028	0.02906	0.02218	0.02346	0.09014	0.01234	0.04362	0.00279	0.14946	0.00726	0.00551	0.00957
11	0.01571	0.02571	0.30762	0.11101	0.02999	0.09511	0.12365	0.02286	0.07761	0.02175	0.01878	0.05036	0.05161	0.00831	0.00726	0.00230	0.00978	0.00725	0.00394	0.00940
12	0.01334	0.03442	0.01571	0.08402	0.04783	0.01163	0.04592	0.03381	0.10770	0.04033	0.15297	0.07831	0.11274	0.01846	0.12283	0.00373	0.00798	0.00986	0.00566	0.05273
13	0.01004	0.00732	0.01034	0.01052	0.01144	0.00814	0.00771	0.01192	0.01147	0.01616	0.02203	0.11254	0.02275	0.19183	0.50161	0.00956	0.01491	0.00961	0.00423	0.00588
14	0.01886	0.05818	0.05671	0.03355	0.04129	0.15834	0.01259	0.04712	0.19784	0.06632	0.08356	0.02681	0.04936	0.00966	0.00766	0.00218	0.03535	0.03497	0.00560	0.05407
15	0.06206	0.01666	0.01749	0.01742	0.12285	0.13543	0.01181	0.02040	0.01583	0.04389	0.01632	0.04335	0.03314	0.00792	0.00714	0.00176	0.04618	0.03355	0.00436	0.34244
16	0.09356	0.01980	0.09505	0.01641	0.08788	0.13168	0.01283	0.05189	0.01647	0.02403	0.01241	0.01456	0.01002	0.00618	0.00581	0.00159	0.00759	0.00468	0.00408	0.38351
17	0.01685	0.04941	0.09300	0.04371	0.13284	0.07370	0.08833	0.05230	0.06562	0.04549	0.02274	0.06194	0.09132	0.00888	0.00704	0.00207	0.00788	0.00777	0.00468	0.12444

[dist]
# distance from previous block
# <min> <max>
10	53

[block]
# block no. 5 follows, 29 sequences, length 35
# corresponding to MSA columns:
# 427-461
name=unknown_F
#
# <colnr> <probs for GDERKNQSTAVLIFYWHMCP>
#	G	D	E	R	K	N	Q	S	T	A	V	L	I	F	Y	W	H	M	C	P
0	0.17528	0.06358	0.07414	0.04577	0.19351	0.08282	0.05768	0.06469	0.01698	0.05703	0.04822	0.03709	0.03807	0.00796	0.00655	0.00215	0.00798	0.00657	0.00451	0.00943
1	0.04434	0.04766	0.06219	0.01458	0.07061	0.11373	0.01126	0.01963	0.01569	0.02204	0.01739	0.01910	0.06971	0.00693	0.00588	0.00150	0.00691	0.00540	0.00417	0.44127
2	0.01745	0.01642	0.01588	0.08085	0.02034	0.11917	0.01146	0.07305	0.34329	0.02647	0.08508	0.03073	0.10856	0.01048	0.00735	0.00229	0.00676	0.00855	0.00630	0.00952
3	0.01627	0.01395	0.01554	0.06886	0.01978	0.01604	0.01131	0.03284	0.55036	0.02803	0.07221	0.07679	0.02549	0.01065	0.00744	0.00243	0.00568	0.00907	0.00693	0.01034
4	0.01884	0.01851	0.01883	0.01642	0.02043	0.15352	0.07406	0.05429	0.38929	0.02646	0.05029	0.02869	0.02139	0.00991	0.00746	0.00236	0.00770	0.06541	0.00617	0.00996
5	0.00870	0.00660	0.00803	0.00900	0.01013	0.00593	0.00624	0.01028	0.01495	0.01930	0.10030	0.48044	0.25363	0.02038	0.00883	0.00269	0.00391	0.01805	0.00670	0.00593
6	0.01655	0.01697	0.02780	0.22826	0.06706	0.07067	0.25052	0.06541	0.01702	0.02224	0.04686	0.05341	0.01464	0.00824	0.00884	0.00238	0.06239	0.00788	0.00402	0.00882
7	0.00927	0.00704	0.00793	0.00800	0.00942	0.00636	0.00552	0.01087	0.01523	0.01959	0.18182	0.13326	0.33057	0.20553	0.01562	0.00358	0.00446	0.01396	0.00627	0.00569
8	0.01517	0.01442	0.02447	0.44815	0.32005	0.01627	0.02063	0.01970	0.01505	0.02029	0.01296	0.01842	0.01023	0.00680	0.00709	0.00227	0.00907	0.00633	0.00331	0.00930
9	0.00928	0.00645	0.00809	0.00915	0.00941	0.00618	0.00579	0.01007	0.01246	0.01661	0.03324	0.49539	0.03951	0.28237	0.01880	0.00433	0.00512	0.01671	0.00579	0.00526
10	0.06778	0.01255	0.01669	0.01482	0.01584	0.01630	0.01203	0.04805	0.01239	0.01955	0.01380	0.02086	0.01297	0.05509	0.23107	0.00561	0.37504	0.00669	0.03551	0.00737
11	0.02249	0.32682	0.02673	0.01538	0.02008	0.35698	0.01283	0.02659	0.09456	0.01856	0.01260	0.01383	0.01059	0.00709	0.00576	0.00177	0.00988	0.00466	0.00382	0.00896
12	0.65308	0.01606	0.01243	0.01109	0.01505	0.09134	0.00900	0.02141	0.01287	0.02918	0.00998	0.01203	0.00800	0.00717	0.00619	0.00224	0.06672	0.00413	0.00422	0.00778
13	0.01668	0.09304	0.11042	0.16089	0.11492	0.05248	0.30561	0.02192	0.01599	0.02110	0.01316	0.01743	0.01017	0.00641	0.00734	0.00223	0.01055	0.00678	0.00339	0.00947
14	0.01552	0.01462	0.02531	0.25786	0.21110	0.01552	0.14247	0.06965	0.01663	0.02244	0.01744	0.12560	0.01595	0.00905	0.00763	0.00237	0.00878	0.00878	0.00415	0.00912
15	0.01236	0.01097	0.01456	0.10760	0.14137	0.01118	0.01126	0.01807	0.12563	0.02234	0.10122	0.04495	0.32496	0.01289	0.00781	0.00234	0.00554	0.01104	0.00583	0.00811
16	0.02185	0.01967	0.01773	0.01598	0.04299	0.22965	0.01208	0.10777	0.09023	0.12154	0.11836	0.02522	0.05226	0.00995	0.00879	0.00221	0.08107	0.00744	0.00587	0.00933
17	0.01243	0.01210	0.02325	0.01857	0.02214	0.01131	0.30445	0.01591	0.01549	0.02088	0.07773	0.32416	0.05445	0.04034	0.00968	0.00275	0.00764	0.01392	0.00529	0.00750
18	0.01643	0.01721	0.07667	0.16886	0.27556	0.01716	0.04956	0.02531	0.19738	0.02365	0.01725	0.02008	0.01345	0.00769	0.00791	0.00232	0.04198	0.00681	0.00440	0.01031
19	0.00969	0.00697	0.00803	0.00810	0.00900	0.00655	0.00526	0.01086	0.01388	0.01828	0.16364	0.12857	0.18761	0.36799	0.02180	0.00458	0.00519	0.01295	0.00574	0.00531
20	0.07600	0.02577	0.01946	0.01635	0.02102	0.36565	0.01279	0.25417	0.02378	0.02846	0.01321	0.01442	0.01023	0.00752	0.00643	0.00189	0.00992	0.00514	0.00497	0.08285
21	0.01533	0.07018	0.16283	0.04755	0.02474	0.06156	0.15397	0.02050	0.04637	0.02087	0.01784	0.04632	0.04518	0.01251	0.07391	0.00305	0.07198	0.00719	0.02451	0.07361
22	0.02180	0.29255	0.09687	0.01550	0.02121	0.17957	0.01417	0.16331	0.08707	0.02469	0.01384	0.01480	0.01101	0.00731	0.00601	0.00188	0.00893	0.00510	0.00445	0.00992
23	0.02087	0.01465	0.01970	0.01618	0.01919	0.04041	0.06001	0.02512	0.08708	0.23911	0.02302	0.02406	0.07107	0.01083	0.01362	0.00260	0.28970	0.00755	0.00571	0.00953
24	0.01904	0.01596	0.01685	0.01476	0.01902	0.01833	0.01159	0.12908	0.59907	0.03193	0.02730	0.02522	0.02037	0.00950	0.00723	0.00238	0.00595	0.00782	0.00723	0.01139
25	0.00896	0.00720	0.00799	0.00787	0.00997	0.00623	0.00587	0.01124	0.01739	0.02217	0.27203	0.08959	0.47428	0.01709	0.00844	0.00237	0.00355	0.01454	0.00700	0.00623
26	0.24379	0.02040	0.14802	0.01602	0.02196	0.09519	0.10106	0.02517	0.01610	0.18562	0.01587	0.01713	0.01134	0.00943	0.04110	0.00265	0.00892	0.00576	0.00496	0.00951
27	0.01793	0.55000	0.16532	0.01538	0.02241	0.02503	0.07715	0.02169	0.01479	0.01841	0.01086	0.01283	0.00927	0.00621	0.00534	0.00174	0.00857	0.00451	0.00309	0.00944
28	0.00864	0.00632	0.00813	0.00959	0.01024	0.00581	0.00646	0.00995	0.01395	0.01831	0.04324	0.66290	0.12672	0.02179	0.00901	0.00283	0.00407	0.01961	0.00661	0.00581
29	0.01288	0.01131	0.01708	0.26142	0.08290	0.01362	0.01361	0.01542	0.01250	0.01711	0.01629	0.05360	0.01612	0.20924	0.08337	0.00454	0.14027	0.00802	0.00368	0.00700
30	0.07328	0.17885	0.05487	0.01679	0.02205	0.07184	0.13343	0.18487	0.01966	0.02699	0.01427	0.01675	0.01128	0.00955	0.04166	0.00248	0.03471	0.00592	0.07130	0.00946
31	0.01106	0.00797	0.00891	0.00861	0.00974	0.00785	0.00567	0.06194	0.01409	0.01836	0.05879	0.09447	0.18454	0.42451	0.04927	0.00523	0.00634	0.01177	0.00532	0.00556
32	0.00958	0.00728	0.00857	0.00848	0.01024	0.00659	0.00632	0.01192	0.01713	0.02255	0.31950	0.06061	0.30700	0.10521	0.01189	0.00295	0.00415	0.06705	0.00683	0.00614
33	0.02106	0.01725	0.09620	0.01489	0.01940	0.06803	0.01328	0.18574	0.02088	0.17412	0.02326	0.06578	0.02006	0.01519	0.07355	0.00326	0.02790	0.12423	0.00621	0.00969
34	0.01927	0.15465	0.12690	0.09522	0.02740	0.01840	0.15712	0.11991	0.03465	0.09973	0.04789	0.01933	0.01412	0.00747	0.00689	0.00213	0.00869	0.00661	0.02367	0.00994

[dist]
# distance from previous block
# <min> <max>
4	30

[block]
# block no. 6 follows, 29 sequences, length 16
# corresponding to MSA columns:
# 492-507
name=unknown_G
#
# <colnr> <probs for GDERKNQSTAVLIFYWHMCP>
#	G	D	E	R	K	N	Q	S	T	A	V	L	I	F	Y	W	H	M	C	P
0	0.07109	0.16415	0.16511	0.01651	0.02302	0.11579	0.05523	0.18023	0.02021	0.06341	0.01374	0.01504	0.01036	0.00711	0.00627	0.00197	0.00890	0.00531	0.00458	0.05195
1	0.09445	0.00785	0.00895	0.00881	0.00984	0.00826	0.00594	0.01217	0.01170	0.01748	0.05587	0.04048	0.07523	0.41819	0.18927	0.00690	0.00918	0.00950	0.00455	0.00539
2	0.05909	0.01512	0.02137	0.15926	0.04773	0.01736	0.09021	0.17408	0.04878	0.02675	0.05452	0.02303	0.05588	0.01112	0.03709	0.00277	0.13446	0.00744	0.00487	0.00907
3	0.00875	0.00636	0.00826	0.00961	0.01029	0.00587	0.00651	0.01019	0.01431	0.01899	0.08812	0.63799	0.10569	0.02140	0.00898	0.00280	0.00403	0.01928	0.00670	0.00587
4	0.01087	0.00790	0.00995	0.01076	0.01198	0.00783	0.00799	0.04576	0.04100	0.02072	0.06793	0.36897	0.07331	0.10780	0.01232	0.00336	0.00524	0.17351	0.00643	0.00637
5	0.01604	0.04085	0.12071	0.05799	0.01932	0.01358	0.01262	0.15030	0.01706	0.06462	0.01809	0.02543	0.01579	0.14058	0.24896	0.00600	0.01182	0.00722	0.00467	0.00836
6	0.61984	0.18458	0.01666	0.01001	0.01481	0.01879	0.00874	0.02102	0.01266	0.02844	0.00991	0.01153	0.00804	0.00649	0.00444	0.00205	0.00599	0.00384	0.00409	0.00804
7	0.01032	0.00706	0.00856	0.00856	0.00884	0.00734	0.00531	0.01087	0.01059	0.01440	0.02171	0.04256	0.02414	0.59886	0.18474	0.00789	0.00954	0.00976	0.00421	0.00476
8	0.01477	0.01266	0.01477	0.01055	0.01687	0.00949	0.00844	0.01793	0.01477	0.02320	0.01266	0.01477	0.01055	0.00527	0.00527	0.00105	0.00527	0.00422	0.00422	0.79328
9	0.01373	0.01156	0.01366	0.01044	0.01576	0.00886	0.00813	0.01656	0.01457	0.02235	0.01719	0.13928	0.01678	0.00818	0.00592	0.00137	0.00508	0.00695	0.00463	0.65903
10	0.01639	0.01551	0.02553	0.24668	0.44960	0.01666	0.02031	0.02216	0.07465	0.02232	0.01453	0.01881	0.01166	0.00687	0.00709	0.00222	0.00852	0.00649	0.00374	0.01027
11	0.01520	0.02211	0.23562	0.02241	0.16102	0.07536	0.07889	0.02025	0.01680	0.02327	0.14841	0.05944	0.02298	0.00885	0.00728	0.00216	0.00840	0.00787	0.00442	0.05927
12	0.00883	0.00716	0.00789	0.00823	0.01024	0.00622	0.00620	0.01080	0.01615	0.01992	0.10825	0.16309	0.50895	0.01853	0.00863	0.00254	0.00392	0.07168	0.00669	0.00608
13	0.10142	0.02137	0.16305	0.02003	0.14109	0.08703	0.01571	0.09492	0.11619	0.02677	0.04861	0.02108	0.04798	0.00815	0.00670	0.00213	0.00788	0.00651	0.00484	0.05853
14	0.07188	0.01092	0.01477	0.13569	0.06228	0.01128	0.01073	0.05011	0.01502	0.16749	0.01942	0.05320	0.01697	0.16654	0.05784	0.07274	0.00770	0.00767	0.00512	0.04264
15	0.06487	0.13061	0.02162	0.01674	0.06719	0.23411	0.01273	0.13067	0.02007	0.10104	0.01542	0.01864	0.01248	0.00787	0.00635	0.00192	0.00875	0.03994	0.00494	0.08403

[dist]
# distance from previous block
# <min> <max>
1	2

[block]
# block no. 7 follows, 29 sequences, length 17
# corresponding to MSA columns:
# 510-526
name=unknown_H
#
# <colnr> <probs for GDERKNQSTAVLIFYWHMCP>
#	G	D	E	R	K	N	Q	S	T	A	V	L	I	F	Y	W	H	M	C	P
0	0.01958	0.10095	0.09135	0.01714	0.06874	0.07128	0.04523	0.04882	0.21540	0.12596	0.06240	0.06356	0.02004	0.00923	0.00703	0.00221	0.00733	0.00772	0.00585	0.01021
1	0.01771	0.01530	0.01610	0.01449	0.01852	0.01771	0.01127	0.03784	0.69247	0.02979	0.02898	0.02657	0.02174	0.00966	0.00725	0.00242	0.00564	0.00805	0.00725	0.01127
2	0.00878	0.00642	0.00827	0.00952	0.01028	0.00590	0.00648	0.01029	0.01456	0.01931	0.10736	0.60116	0.12332	0.02107	0.00895	0.00277	0.00400	0.01894	0.00673	0.00590
3	0.02025	0.05059	0.02954	0.03234	0.36077	0.07904	0.15151	0.10251	0.01891	0.06416	0.01452	0.01757	0.01137	0.00676	0.00718	0.00213	0.00931	0.00655	0.00427	0.01073
4	0.05413	0.28201	0.26669	0.05660	0.02468	0.04010	0.01739	0.09062	0.01707	0.07061	0.01309	0.01463	0.00995	0.00688	0.00597	0.00198	0.00870	0.00498	0.00394	0.00997
5	0.02752	0.01556	0.06731	0.01634	0.07284	0.04227	0.01297	0.03171	0.05941	0.49651	0.02407	0.02221	0.01592	0.00868	0.00807	0.00225	0.05070	0.00685	0.00734	0.01147
6	0.31717	0.32368	0.02475	0.01570	0.10728	0.07118	0.01186	0.02175	0.01421	0.02345	0.01044	0.01239	0.00888	0.00641	0.00496	0.00188	0.00729	0.00422	0.00367	0.00881
7	0.00864	0.00634	0.00811	0.00953	0.01023	0.00582	0.00644	0.00996	0.01400	0.01833	0.04391	0.64911	0.14008	0.02170	0.00899	0.00282	0.00406	0.01950	0.00661	0.00582
8	0.01133	0.00826	0.01003	0.01047	0.01185	0.00814	0.00749	0.09733	0.01667	0.02206	0.06640	0.48175	0.10602	0.06328	0.01040	0.00298	0.00481	0.04751	0.00659	0.00661
9	0.27183	0.08867	0.02189	0.01667	0.02122	0.30946	0.11096	0.02425	0.01633	0.02281	0.01102	0.01333	0.00895	0.00694	0.00638	0.00205	0.03018	0.00490	0.00382	0.00835
10	0.01882	0.06527	0.09811	0.01191	0.01634	0.01235	0.01088	0.06338	0.09079	0.18113	0.07320	0.02892	0.05014	0.00957	0.00662	0.00209	0.00577	0.03395	0.21143	0.00932
11	0.02044	0.01467	0.01478	0.01292	0.01679	0.09054	0.01007	0.07346	0.22875	0.19488	0.03437	0.09487	0.13924	0.01170	0.00749	0.00232	0.00620	0.00963	0.00706	0.00981
12	0.00878	0.00708	0.00782	0.00794	0.00992	0.00612	0.00584	0.01081	0.01663	0.02092	0.19120	0.16227	0.48381	0.01796	0.00851	0.00244	0.00363	0.01535	0.00685	0.00612
13	0.01441	0.01135	0.01233	0.01100	0.01392	0.01189	0.00837	0.12664	0.19464	0.02731	0.17003	0.04367	0.20791	0.10130	0.01123	0.00287	0.00516	0.01084	0.00683	0.00830
14	0.01681	0.01921	0.04202	0.03001	0.03721	0.01801	0.67947	0.02281	0.01681	0.02281	0.01441	0.01921	0.01080	0.00600	0.00840	0.00240	0.01200	0.00840	0.00360	0.00960
15	0.01775	0.01831	0.02524	0.11715	0.37851	0.12127	0.04323	0.02138	0.01618	0.02134	0.05175	0.01892	0.01369	0.00777	0.00905	0.00224	0.09632	0.00652	0.00370	0.00969
16	0.01024	0.00804	0.01141	0.01442	0.10443	0.00769	0.00901	0.01233	0.01494	0.02004	0.09432	0.44180	0.10994	0.01995	0.03380	0.00301	0.00531	0.06642	0.00620	0.00671

[dist]
# distance from previous block
# <min> <max>
0	3

# created by:
# /home/berkeley/.conda/envs/busco_data_prod/bin/msa2prfl.pl pipeline/OGs_align_augustus/5794/47880.fs
