[name]
unknown

[dist]
# distance from previous block
# <min> <max>
0	166

[block]
# block no. 0 follows, 24 sequences, length 9
# corresponding to MSA columns:
# 244-252
name=unknown_A
#
# <colnr> <probs for GDERKNQSTAVLIFYWHMCP>
#	G	D	E	R	K	N	Q	S	T	A	V	L	I	F	Y	W	H	M	C	P
0	0.01064	0.00773	0.00952	0.01027	0.01139	0.00725	0.00725	0.01245	0.01633	0.02151	0.13812	0.28273	0.15694	0.17709	0.01670	0.00406	0.00539	0.09127	0.00699	0.00638
1	0.05460	0.01392	0.02052	0.39959	0.03799	0.01703	0.01741	0.02255	0.05437	0.06586	0.01711	0.02214	0.01307	0.00919	0.01004	0.00264	0.10692	0.00711	0.09882	0.00914
2	0.01534	0.01175	0.01434	0.01336	0.01505	0.01335	0.01011	0.09497	0.06952	0.02616	0.07912	0.21831	0.03213	0.09524	0.04478	0.00381	0.12837	0.01260	0.09346	0.00824
3	0.01213	0.00790	0.01109	0.01120	0.01191	0.00850	0.00801	0.01261	0.01212	0.01672	0.02137	0.03779	0.02192	0.21065	0.31140	0.21645	0.01319	0.04515	0.00435	0.00555
4	0.10037	0.06175	0.02084	0.09747	0.11869	0.01694	0.01410	0.15045	0.02172	0.12545	0.04641	0.06720	0.06738	0.01054	0.00759	0.00243	0.00745	0.00865	0.04392	0.01065
5	0.01018	0.00776	0.00941	0.00999	0.01168	0.00699	0.00733	0.01254	0.01823	0.02379	0.21172	0.28262	0.27251	0.02081	0.00973	0.00288	0.00438	0.06289	0.00770	0.00685
6	0.01547	0.06818	0.07182	0.01513	0.01876	0.01587	0.03563	0.05265	0.12611	0.02586	0.12134	0.09101	0.11909	0.01795	0.07119	0.00360	0.10405	0.01091	0.00615	0.00923
7	0.01583	0.01209	0.01427	0.01280	0.01557	0.01245	0.00974	0.16129	0.02172	0.02960	0.15424	0.23459	0.10067	0.05188	0.01163	0.00292	0.05163	0.01390	0.00717	0.06603
8	0.02246	0.11718	0.12698	0.06448	0.07328	0.13678	0.15428	0.07286	0.02012	0.07767	0.01563	0.01825	0.01184	0.00761	0.00757	0.00228	0.01097	0.00664	0.00461	0.04851

[dist]
# distance from previous block
# <min> <max>
0	53

[block]
# block no. 1 follows, 24 sequences, length 16
# corresponding to MSA columns:
# 311-326
name=unknown_B
#
# <colnr> <probs for GDERKNQSTAVLIFYWHMCP>
#	G	D	E	R	K	N	Q	S	T	A	V	L	I	F	Y	W	H	M	C	P
0	0.23797	0.01896	0.09921	0.01721	0.04883	0.07031	0.07885	0.02296	0.01686	0.08002	0.05613	0.04630	0.06003	0.01603	0.09391	0.00379	0.01004	0.00795	0.00527	0.00937
1	0.02534	0.09200	0.02400	0.05333	0.11011	0.23251	0.01506	0.12522	0.02211	0.09743	0.01688	0.02051	0.01369	0.06628	0.00993	0.00259	0.01021	0.00652	0.00530	0.05097
2	0.02121	0.01266	0.01641	0.01560	0.06061	0.01300	0.01092	0.18300	0.01999	0.11549	0.01961	0.06832	0.01696	0.01878	0.01880	0.35905	0.00738	0.00814	0.00579	0.00829
3	0.01381	0.00894	0.01116	0.01047	0.01311	0.00783	0.00781	0.01655	0.01940	0.10324	0.27328	0.20871	0.17842	0.01740	0.00909	0.00259	0.00453	0.01519	0.00793	0.07055
4	0.01882	0.06463	0.07893	0.06298	0.17199	0.01835	0.05355	0.13531	0.01971	0.02763	0.01715	0.02200	0.01415	0.01966	0.15999	0.00470	0.04680	0.00726	0.04589	0.01049
5	0.01095	0.00769	0.01005	0.01145	0.01217	0.00746	0.00824	0.01262	0.01516	0.02005	0.03885	0.39012	0.04506	0.18713	0.01743	0.00438	0.00606	0.18208	0.00675	0.00629
6	0.01944	0.02627	0.23579	0.08391	0.18298	0.04825	0.05575	0.11638	0.02026	0.02797	0.01674	0.02308	0.01366	0.00900	0.00896	0.00258	0.04626	0.04688	0.00452	0.01133
7	0.01359	0.01988	0.21177	0.08524	0.02661	0.01350	0.10166	0.01852	0.01573	0.02182	0.02580	0.16655	0.05766	0.06807	0.11317	0.00459	0.01113	0.01119	0.00472	0.00879
8	0.04943	0.01194	0.01414	0.06810	0.08306	0.04769	0.01087	0.01787	0.06963	0.02416	0.11622	0.26244	0.16023	0.01691	0.00891	0.00275	0.00607	0.01476	0.00665	0.00817
9	0.01857	0.01549	0.02481	0.30177	0.11838	0.01710	0.08091	0.08067	0.01948	0.07934	0.07386	0.02718	0.05256	0.00964	0.00918	0.00260	0.04472	0.00849	0.00519	0.01007
10	0.02149	0.02081	0.12132	0.02197	0.14486	0.05301	0.01650	0.18566	0.02392	0.08140	0.10713	0.02835	0.05673	0.01012	0.00788	0.00237	0.00815	0.00836	0.06883	0.01115
11	0.01268	0.00716	0.00987	0.00993	0.01043	0.00691	0.00671	0.01083	0.01239	0.01625	0.06075	0.07045	0.11216	0.06367	0.02621	0.53870	0.00624	0.00974	0.00456	0.00435
12	0.01906	0.01826	0.03116	0.12822	0.59673	0.01869	0.02405	0.02384	0.01779	0.02522	0.01482	0.01981	0.01232	0.00717	0.00786	0.00239	0.00956	0.00706	0.00388	0.01210
13	0.22721	0.01721	0.01713	0.01431	0.01930	0.01918	0.01155	0.25885	0.15833	0.03895	0.05841	0.02702	0.07919	0.01053	0.00735	0.00250	0.00681	0.00802	0.00713	0.01102
14	0.08837	0.02329	0.02046	0.01704	0.02195	0.25435	0.05857	0.09581	0.05582	0.08115	0.06154	0.02137	0.01731	0.00878	0.00723	0.00215	0.00955	0.00675	0.05564	0.09286
15	0.02271	0.08067	0.02815	0.05733	0.02822	0.16860	0.15150	0.11380	0.15379	0.02824	0.01830	0.02007	0.01410	0.00825	0.00770	0.00229	0.01031	0.00711	0.00538	0.07347

[dist]
# distance from previous block
# <min> <max>
1	3

[block]
# block no. 2 follows, 24 sequences, length 8
# corresponding to MSA columns:
# 364-371
name=unknown_C
#
# <colnr> <probs for GDERKNQSTAVLIFYWHMCP>
#	G	D	E	R	K	N	Q	S	T	A	V	L	I	F	Y	W	H	M	C	P
0	0.06244	0.01901	0.01615	0.01445	0.01777	0.20372	0.01104	0.08295	0.05379	0.06304	0.23212	0.03418	0.03464	0.05038	0.06674	0.00347	0.00929	0.00924	0.00658	0.00901
1	0.01751	0.01031	0.01261	0.01114	0.01450	0.00956	0.00866	0.02261	0.08718	0.18474	0.30664	0.05254	0.20003	0.01505	0.00889	0.00255	0.00479	0.01283	0.00859	0.00926
2	0.02366	0.01902	0.02162	0.21851	0.03179	0.08350	0.01607	0.22193	0.12308	0.09497	0.05064	0.02348	0.01744	0.00946	0.00795	0.00249	0.00900	0.00762	0.00651	0.01127
3	0.01795	0.01685	0.11434	0.01837	0.08403	0.01352	0.05479	0.08587	0.05024	0.08378	0.12055	0.12911	0.02972	0.01206	0.00811	0.00249	0.00709	0.01060	0.13051	0.01000
4	0.01164	0.00812	0.00940	0.00971	0.01147	0.00734	0.00695	0.01329	0.01635	0.05634	0.05481	0.20423	0.31286	0.16958	0.01617	0.00393	0.00536	0.06886	0.00695	0.00667
5	0.08922	0.01783	0.11293	0.07849	0.02303	0.01528	0.01403	0.13531	0.05306	0.14625	0.05616	0.02470	0.01865	0.00930	0.00718	0.00235	0.00728	0.00737	0.17093	0.01067
6	0.01080	0.00780	0.00963	0.00985	0.01085	0.00765	0.00669	0.01239	0.01504	0.02018	0.13601	0.16994	0.13383	0.27678	0.13169	0.00617	0.00820	0.01418	0.00615	0.00616
7	0.02509	0.34092	0.03354	0.01770	0.02409	0.11354	0.06703	0.23407	0.02428	0.02986	0.01430	0.01578	0.01145	0.00788	0.00667	0.00205	0.00973	0.00576	0.00506	0.01121

[dist]
# distance from previous block
# <min> <max>
1	31

[block]
# block no. 3 follows, 24 sequences, length 16
# corresponding to MSA columns:
# 406-421
name=unknown_D
#
# <colnr> <probs for GDERKNQSTAVLIFYWHMCP>
#	G	D	E	R	K	N	Q	S	T	A	V	L	I	F	Y	W	H	M	C	P
0	0.02128	0.02135	0.05972	0.20181	0.14521	0.10866	0.13059	0.06477	0.06858	0.07458	0.01733	0.02076	0.01300	0.00803	0.00806	0.00249	0.01070	0.00737	0.00484	0.01090
1	0.01539	0.10824	0.02055	0.01688	0.06598	0.05492	0.07134	0.01857	0.01572	0.02175	0.02234	0.12494	0.02147	0.02740	0.23421	0.00578	0.01230	0.00956	0.12433	0.00833
2	0.01294	0.00829	0.01064	0.01064	0.01261	0.00752	0.00788	0.01560	0.01932	0.09037	0.28991	0.26925	0.14949	0.01916	0.00954	0.00280	0.00451	0.04377	0.00813	0.00762
3	0.02733	0.01275	0.01609	0.01323	0.01793	0.01184	0.01056	0.10999	0.02263	0.39624	0.03490	0.13841	0.07231	0.01287	0.00824	0.00254	0.00624	0.01077	0.06370	0.01143
4	0.01437	0.00946	0.01099	0.01036	0.01280	0.00930	0.00786	0.01998	0.10256	0.06781	0.25751	0.05073	0.13254	0.06557	0.01066	0.00284	0.00474	0.04087	0.16087	0.00818
5	0.77733	0.01534	0.01166	0.01043	0.01534	0.01779	0.00859	0.02331	0.01350	0.03558	0.01104	0.01288	0.00859	0.00736	0.00491	0.00245	0.00613	0.00429	0.00491	0.00859
6	0.17548	0.01172	0.01293	0.01181	0.01508	0.01256	0.00924	0.07593	0.04827	0.11201	0.02467	0.11738	0.02161	0.02122	0.14427	0.00451	0.00880	0.00913	0.15436	0.00901
7	0.01883	0.01133	0.01387	0.01243	0.01599	0.01096	0.00995	0.05369	0.10478	0.18099	0.22106	0.05287	0.14945	0.01511	0.00901	0.00269	0.00554	0.09334	0.00844	0.00968
8	0.07405	0.51073	0.08250	0.01517	0.02173	0.14143	0.01466	0.02516	0.01706	0.02041	0.01147	0.01329	0.01006	0.00711	0.00560	0.00187	0.00954	0.00451	0.00361	0.01001
9	0.77733	0.01534	0.01166	0.01043	0.01534	0.01779	0.00859	0.02331	0.01350	0.03558	0.01104	0.01288	0.00859	0.00736	0.00491	0.00245	0.00613	0.00429	0.00491	0.00859
10	0.02173	0.01723	0.06280	0.01574	0.02057	0.01693	0.01307	0.12869	0.31362	0.12903	0.03078	0.14344	0.02570	0.01260	0.00835	0.00268	0.00681	0.01063	0.00786	0.01174
11	0.01048	0.00792	0.00968	0.00957	0.01148	0.00711	0.00705	0.01340	0.02020	0.02725	0.41448	0.15437	0.24105	0.01850	0.00946	0.00265	0.00394	0.01615	0.00815	0.00711
12	0.01851	0.02312	0.16996	0.01988	0.05499	0.12828	0.09773	0.02315	0.01925	0.07900	0.11952	0.12172	0.06657	0.01206	0.00849	0.00254	0.00925	0.01057	0.00570	0.00971
13	0.01162	0.00796	0.00972	0.00929	0.01113	0.00740	0.00687	0.01495	0.02042	0.02940	0.46835	0.05581	0.12257	0.05913	0.01067	0.00273	0.00401	0.01331	0.12744	0.00722
14	0.01363	0.01026	0.01451	0.01362	0.01485	0.01223	0.01058	0.01598	0.01362	0.05058	0.06445	0.03287	0.02294	0.12723	0.40706	0.00920	0.14526	0.00896	0.00475	0.00743
15	0.01955	0.20076	0.02794	0.01837	0.02248	0.18213	0.11265	0.02226	0.01748	0.02035	0.02046	0.19552	0.02136	0.01236	0.00939	0.00248	0.07065	0.01020	0.00468	0.00893

[dist]
# distance from previous block
# <min> <max>
0	4

[block]
# block no. 4 follows, 24 sequences, length 7
# corresponding to MSA columns:
# 426-432
name=unknown_E
#
# <colnr> <probs for GDERKNQSTAVLIFYWHMCP>
#	G	D	E	R	K	N	Q	S	T	A	V	L	I	F	Y	W	H	M	C	P
0	0.12631	0.10978	0.08270	0.02061	0.10179	0.08845	0.07384	0.07228	0.06241	0.02777	0.08530	0.02435	0.01985	0.06056	0.00968	0.00272	0.00893	0.00746	0.00513	0.01007
1	0.53235	0.01580	0.01333	0.01189	0.01636	0.06542	0.00960	0.02423	0.01503	0.10015	0.01476	0.01714	0.01151	0.01524	0.10473	0.00392	0.00899	0.00535	0.00527	0.00894
2	0.01910	0.01588	0.05848	0.12471	0.18608	0.01564	0.01667	0.02470	0.08475	0.11700	0.02167	0.03061	0.01865	0.13731	0.01516	0.00355	0.05848	0.03597	0.00540	0.01018
3	0.01639	0.01235	0.01626	0.01727	0.10210	0.01206	0.01146	0.02130	0.08802	0.07172	0.04545	0.16313	0.02786	0.08673	0.01240	0.00302	0.04217	0.05424	0.03562	0.16046
4	0.02156	0.01620	0.01956	0.02206	0.17388	0.06449	0.01375	0.09482	0.11001	0.11950	0.02472	0.09034	0.02122	0.07924	0.01096	0.00294	0.00766	0.00923	0.08717	0.01068
5	0.01891	0.01777	0.05792	0.06963	0.08233	0.06423	0.01573	0.06799	0.01685	0.05694	0.01662	0.02292	0.01432	0.06252	0.06844	0.00385	0.24098	0.00732	0.08539	0.00934
6	0.02560	0.02231	0.07335	0.01975	0.04629	0.07418	0.07389	0.29004	0.08259	0.10252	0.02175	0.02213	0.03555	0.00913	0.00788	0.00235	0.00908	0.00746	0.00673	0.06742

[dist]
# distance from previous block
# <min> <max>
6	44

[block]
# block no. 5 follows, 24 sequences, length 9
# corresponding to MSA columns:
# 494-502
name=unknown_F
#
# <colnr> <probs for GDERKNQSTAVLIFYWHMCP>
#	G	D	E	R	K	N	Q	S	T	A	V	L	I	F	Y	W	H	M	C	P
0	0.00982	0.00805	0.00865	0.00850	0.01099	0.00688	0.00638	0.01225	0.01913	0.02393	0.22226	0.07219	0.52514	0.01915	0.00937	0.00263	0.00395	0.01616	0.00769	0.00688
1	0.06609	0.01997	0.01990	0.01681	0.02194	0.06076	0.01337	0.25096	0.36789	0.03836	0.02530	0.02408	0.01877	0.00998	0.00779	0.00253	0.00760	0.00784	0.00761	0.01246
2	0.02038	0.01716	0.01756	0.01864	0.10207	0.15166	0.01241	0.07284	0.02118	0.11005	0.14602	0.21296	0.03531	0.01430	0.00861	0.00256	0.00768	0.01227	0.00686	0.00948
3	0.01006	0.00731	0.00954	0.01095	0.01187	0.00679	0.00769	0.01193	0.01647	0.02188	0.11409	0.53712	0.10952	0.02325	0.01004	0.00313	0.00468	0.06954	0.00750	0.00665
4	0.01746	0.01663	0.02827	0.35371	0.38378	0.01827	0.02326	0.02243	0.01703	0.02327	0.01453	0.02033	0.01163	0.00747	0.00789	0.00249	0.00996	0.00706	0.00374	0.01081
5	0.01239	0.00836	0.00981	0.00980	0.01078	0.00812	0.00659	0.01360	0.01351	0.01885	0.02729	0.05401	0.02982	0.48472	0.02967	0.00600	0.00714	0.11722	0.07339	0.05895
6	0.01456	0.01306	0.01813	0.01625	0.01671	0.01709	0.01294	0.01640	0.01271	0.01894	0.04787	0.02850	0.01896	0.13865	0.19946	0.00650	0.38310	0.00844	0.00414	0.00759
7	0.06713	0.01730	0.02206	0.09097	0.19366	0.04339	0.01539	0.09219	0.01921	0.02837	0.01460	0.01772	0.01178	0.00699	0.00682	0.00188	0.00795	0.00582	0.00473	0.33204
8	0.02440	0.02238	0.02508	0.11139	0.17586	0.13117	0.01802	0.25127	0.07254	0.03309	0.01695	0.01936	0.01303	0.00883	0.00861	0.00242	0.04136	0.00690	0.00564	0.01170

[dist]
# distance from previous block
# <min> <max>
0	3

[block]
# block no. 6 follows, 24 sequences, length 18
# corresponding to MSA columns:
# 506-523
name=unknown_G
#
# <colnr> <probs for GDERKNQSTAVLIFYWHMCP>
#	G	D	E	R	K	N	Q	S	T	A	V	L	I	F	Y	W	H	M	C	P
0	0.01317	0.01034	0.01427	0.07232	0.09772	0.01063	0.01080	0.04732	0.04348	0.02209	0.03236	0.38027	0.03633	0.15345	0.01526	0.00386	0.00656	0.01587	0.00619	0.00770
1	0.00961	0.00712	0.00898	0.01046	0.01135	0.00649	0.00710	0.01111	0.01574	0.02047	0.05073	0.59342	0.17064	0.02393	0.00998	0.00312	0.00449	0.02143	0.00736	0.00649
2	0.01510	0.00871	0.01060	0.01030	0.01218	0.00799	0.00724	0.01656	0.01609	0.13909	0.04296	0.20069	0.17115	0.25559	0.01979	0.00449	0.00603	0.04121	0.00695	0.00727
3	0.02400	0.01567	0.01805	0.01474	0.01930	0.01646	0.01181	0.32039	0.02761	0.14061	0.09810	0.07391	0.06560	0.04286	0.07013	0.00359	0.00838	0.00990	0.00781	0.01107
4	0.30883	0.01595	0.01588	0.01312	0.01820	0.01737	0.01070	0.18954	0.06619	0.14704	0.01987	0.02011	0.01428	0.00881	0.00652	0.00238	0.00662	0.00637	0.10138	0.01083
5	0.13351	0.15453	0.02121	0.01418	0.01896	0.10368	0.01171	0.12147	0.15921	0.03095	0.01951	0.02040	0.01521	0.00873	0.00647	0.00220	0.00761	0.00635	0.13375	0.01037
6	0.01743	0.06584	0.12044	0.06195	0.06563	0.01466	0.12501	0.02220	0.01911	0.10641	0.16264	0.06064	0.10110	0.01149	0.00847	0.00252	0.00814	0.01041	0.00605	0.00987
7	0.02165	0.14075	0.11034	0.11799	0.02761	0.16190	0.01650	0.02915	0.14106	0.08132	0.02007	0.06317	0.01639	0.00950	0.00741	0.00237	0.00963	0.00743	0.00527	0.01049
8	0.63199	0.01601	0.01559	0.01776	0.14126	0.01799	0.01161	0.02351	0.01437	0.03372	0.01178	0.01418	0.00935	0.00730	0.00547	0.00243	0.00676	0.00483	0.00472	0.00935
9	0.02010	0.20654	0.10892	0.04328	0.02249	0.14819	0.01489	0.08912	0.01974	0.02385	0.04434	0.07185	0.04127	0.05987	0.00968	0.00269	0.00941	0.04934	0.00496	0.00946
10	0.01015	0.00783	0.00933	0.00987	0.01168	0.00701	0.00731	0.01250	0.01822	0.02352	0.19232	0.25147	0.31524	0.02074	0.00972	0.00288	0.00441	0.07131	0.00765	0.00685
11	0.06790	0.01157	0.01667	0.21915	0.02665	0.01280	0.03767	0.03605	0.01648	0.04729	0.10259	0.03787	0.04641	0.15334	0.09924	0.00488	0.00972	0.04052	0.00530	0.00789
12	0.01031	0.00782	0.00958	0.01026	0.01193	0.00709	0.00763	0.01271	0.01815	0.02367	0.19633	0.28065	0.25813	0.02097	0.00981	0.00293	0.00455	0.09295	0.00766	0.00687
13	0.01185	0.00888	0.01261	0.01230	0.01349	0.01013	0.00936	0.01399	0.01369	0.01945	0.09308	0.03633	0.05029	0.10669	0.44057	0.06166	0.06455	0.00950	0.00480	0.00677
14	0.02098	0.58978	0.03600	0.01327	0.01925	0.07321	0.01269	0.02363	0.01661	0.02007	0.01296	0.01492	0.01144	0.00718	0.00529	0.00174	0.00828	0.00469	0.09825	0.00976
15	0.01066	0.00798	0.01077	0.01293	0.05245	0.00765	0.00819	0.01235	0.01538	0.02060	0.07303	0.47101	0.09296	0.10597	0.05563	0.00420	0.00621	0.01857	0.00673	0.00674
16	0.02272	0.07056	0.02061	0.01898	0.10728	0.08874	0.01324	0.07347	0.12798	0.14600	0.06282	0.02605	0.02079	0.01392	0.06809	0.00322	0.00889	0.00774	0.08800	0.01089
17	0.02054	0.01805	0.02424	0.08963	0.28292	0.06305	0.01779	0.05809	0.10302	0.07140	0.02080	0.02408	0.03888	0.03406	0.00967	0.00257	0.03784	0.00757	0.00526	0.07054

[dist]
# distance from previous block
# <min> <max>
0	19

[block]
# block no. 7 follows, 24 sequences, length 6
# corresponding to MSA columns:
# 544-549
name=unknown_H
#
# <colnr> <probs for GDERKNQSTAVLIFYWHMCP>
#	G	D	E	R	K	N	Q	S	T	A	V	L	I	F	Y	W	H	M	C	P
0	0.09861	0.02166	0.02427	0.18118	0.17938	0.15779	0.01839	0.11454	0.02027	0.02715	0.01399	0.01791	0.01116	0.00848	0.00906	0.00247	0.07241	0.00638	0.00451	0.01040
1	0.02010	0.01933	0.12866	0.08829	0.14490	0.03973	0.01713	0.07983	0.02104	0.13385	0.13729	0.03218	0.08208	0.01068	0.00820	0.00247	0.00812	0.00907	0.00626	0.01076
2	0.01769	0.01484	0.01940	0.06204	0.16233	0.01481	0.01380	0.09582	0.11110	0.02920	0.06449	0.06730	0.08245	0.01056	0.00774	0.00225	0.00684	0.00908	0.04379	0.16446
3	0.01049	0.00791	0.00945	0.00936	0.01116	0.00713	0.00677	0.01307	0.01926	0.02572	0.35284	0.13887	0.25666	0.08127	0.01221	0.00310	0.00428	0.01579	0.00779	0.00687
4	0.05789	0.01131	0.01471	0.01262	0.01612	0.01111	0.01005	0.02433	0.01960	0.28033	0.18479	0.07451	0.10014	0.01749	0.06603	0.00346	0.06679	0.01093	0.00794	0.00982
5	0.02268	0.02223	0.10430	0.02233	0.11222	0.09841	0.05347	0.07039	0.17983	0.12112	0.02182	0.02270	0.01627	0.01146	0.04447	0.00295	0.00977	0.00738	0.00607	0.05012

[dist]
# distance from previous block
# <min> <max>
0	1

[block]
# block no. 8 follows, 24 sequences, length 17
# corresponding to MSA columns:
# 551-567
name=unknown_I
#
# <colnr> <probs for GDERKNQSTAVLIFYWHMCP>
#	G	D	E	R	K	N	Q	S	T	A	V	L	I	F	Y	W	H	M	C	P
0	0.01318	0.01139	0.06224	0.01157	0.01373	0.00985	0.00920	0.01824	0.09829	0.02351	0.06021	0.19471	0.03405	0.19989	0.01676	0.00402	0.00620	0.06319	0.14229	0.00750
1	0.02363	0.11412	0.13260	0.04857	0.12305	0.19505	0.10404	0.04976	0.01995	0.09296	0.01564	0.01799	0.01190	0.00775	0.00750	0.00228	0.01121	0.00643	0.00458	0.01100
2	0.02118	0.54693	0.03736	0.01494	0.02133	0.02775	0.06176	0.07570	0.01814	0.02281	0.01344	0.01545	0.01152	0.00723	0.00570	0.00184	0.00845	0.00517	0.07306	0.01024
3	0.01735	0.01735	0.02429	0.02082	0.02082	0.02429	0.01735	0.01908	0.01214	0.01908	0.01041	0.01735	0.01041	0.01388	0.02602	0.00347	0.70680	0.00694	0.00347	0.00867
4	0.01258	0.00939	0.01225	0.01296	0.01466	0.00983	0.01019	0.01772	0.09580	0.02334	0.08792	0.18257	0.04084	0.08139	0.13140	0.00526	0.00885	0.22867	0.00680	0.00758
5	0.12487	0.02176	0.02145	0.01704	0.02289	0.07763	0.01390	0.44046	0.06967	0.08439	0.01904	0.01901	0.01363	0.00923	0.00749	0.00238	0.00858	0.00677	0.00736	0.01245
6	0.11743	0.01322	0.03760	0.07028	0.01978	0.01313	0.01148	0.10223	0.01996	0.12093	0.12999	0.10369	0.06094	0.02044	0.11940	0.00424	0.00894	0.01031	0.00672	0.00931
7	0.01006	0.00806	0.00899	0.00876	0.01114	0.00699	0.00657	0.01272	0.01971	0.02530	0.30001	0.06993	0.44653	0.01863	0.00936	0.00261	0.00391	0.01584	0.00787	0.00699
8	0.02328	0.02370	0.02282	0.02224	0.10286	0.24208	0.04137	0.07941	0.10643	0.05745	0.05337	0.02446	0.05364	0.01032	0.01023	0.00249	0.10022	0.00771	0.00553	0.01039
9	0.02746	0.26836	0.02958	0.01626	0.02275	0.02590	0.01426	0.37717	0.02865	0.09090	0.01724	0.01748	0.01283	0.00858	0.00694	0.00215	0.00848	0.00619	0.00650	0.01233
10	0.01042	0.00762	0.00902	0.00982	0.01083	0.00711	0.00668	0.01173	0.01508	0.01936	0.04747	0.29276	0.20663	0.23618	0.01923	0.00448	0.00562	0.06730	0.00658	0.00608
11	0.02052	0.14212	0.10391	0.01497	0.01986	0.05747	0.01362	0.02627	0.09314	0.14352	0.07754	0.11496	0.02508	0.01173	0.00877	0.00246	0.05176	0.00933	0.05278	0.01022
12	0.01088	0.00752	0.00934	0.00996	0.01029	0.00754	0.00630	0.01169	0.01291	0.01739	0.03081	0.27240	0.03564	0.40535	0.11073	0.00681	0.00833	0.01485	0.00559	0.00564
13	0.01376	0.00828	0.01027	0.01041	0.01213	0.00751	0.00727	0.01538	0.01654	0.11547	0.07406	0.34146	0.16872	0.14320	0.01492	0.00375	0.00530	0.01696	0.00733	0.00728
14	0.02029	0.05121	0.13511	0.01610	0.02199	0.06548	0.06613	0.02463	0.01973	0.17333	0.14528	0.06537	0.07650	0.01126	0.00811	0.00237	0.00789	0.00961	0.00654	0.07308
15	0.06660	0.01276	0.01466	0.01282	0.01679	0.01300	0.01004	0.05406	0.19556	0.18089	0.18028	0.07300	0.10981	0.01329	0.00839	0.00259	0.00556	0.01116	0.00831	0.01044
16	0.02103	0.05472	0.13610	0.02278	0.13638	0.10372	0.04889	0.09927	0.02114	0.08153	0.07561	0.02748	0.06895	0.03474	0.00901	0.00253	0.00924	0.00812	0.00552	0.03322

[dist]
# distance from previous block
# <min> <max>
1	81

[block]
# block no. 9 follows, 24 sequences, length 20
# corresponding to MSA columns:
# 649-668
name=unknown_J
#
# <colnr> <probs for GDERKNQSTAVLIFYWHMCP>
#	G	D	E	R	K	N	Q	S	T	A	V	L	I	F	Y	W	H	M	C	P
0	0.10897	0.01945	0.01985	0.01823	0.07674	0.10378	0.01321	0.18836	0.08912	0.15546	0.02085	0.02288	0.01585	0.06547	0.01000	0.00275	0.00838	0.00714	0.00673	0.04676
1	0.01607	0.01461	0.10130	0.01545	0.01944	0.01104	0.07412	0.04700	0.01811	0.11116	0.06237	0.37753	0.03639	0.01702	0.00913	0.00282	0.00686	0.01541	0.00683	0.03732
2	0.36604	0.06994	0.01462	0.01095	0.01564	0.01537	0.00905	0.05591	0.01750	0.11865	0.03314	0.03244	0.19060	0.01124	0.00672	0.00245	0.00597	0.00834	0.00629	0.00913
3	0.46960	0.01360	0.01304	0.01163	0.01576	0.01502	0.00946	0.02344	0.01613	0.12655	0.09385	0.05857	0.02197	0.01062	0.00741	0.00260	0.03856	0.03695	0.00624	0.00901
4	0.01053	0.00732	0.00923	0.01040	0.01078	0.00706	0.00678	0.01156	0.01405	0.01870	0.03683	0.43664	0.04348	0.27662	0.02111	0.00486	0.00589	0.05583	0.00643	0.00590
5	0.01339	0.00868	0.01076	0.00990	0.01246	0.00772	0.00754	0.01658	0.02128	0.09978	0.43758	0.06036	0.23081	0.01657	0.00921	0.00254	0.00415	0.01430	0.00848	0.00793
6	0.02646	0.02038	0.02172	0.01750	0.02319	0.02287	0.01418	0.43186	0.25684	0.04403	0.02372	0.02277	0.01728	0.00996	0.00798	0.00249	0.00786	0.00779	0.00798	0.01315
7	0.02131	0.01078	0.01331	0.01158	0.01515	0.01008	0.00903	0.05988	0.04142	0.25402	0.14174	0.12526	0.08961	0.01362	0.00816	0.00247	0.00528	0.01155	0.14590	0.00985
8	0.49123	0.10748	0.01804	0.01240	0.01790	0.01998	0.01053	0.12111	0.01842	0.09917	0.01428	0.01521	0.01064	0.00786	0.00570	0.00234	0.00690	0.00509	0.00567	0.01004
9	0.16212	0.02205	0.02015	0.16541	0.02860	0.20142	0.01488	0.11208	0.07189	0.10273	0.01711	0.01883	0.01262	0.00855	0.00718	0.00239	0.00976	0.00629	0.00560	0.01034
10	0.02120	0.72609	0.04155	0.01357	0.02035	0.03138	0.01357	0.02374	0.01611	0.01866	0.01102	0.01272	0.01018	0.00678	0.00509	0.00170	0.00848	0.00424	0.00339	0.01018
11	0.02477	0.02347	0.02529	0.09350	0.19796	0.19922	0.01825	0.13905	0.02223	0.07900	0.01568	0.01858	0.01223	0.00886	0.00969	0.00243	0.08700	0.00661	0.00507	0.01111
12	0.01164	0.00925	0.01101	0.01144	0.01352	0.00928	0.00866	0.01679	0.11057	0.02267	0.05083	0.23142	0.24867	0.02583	0.10754	0.00438	0.00736	0.08450	0.00701	0.00761
13	0.01013	0.00809	0.00916	0.00952	0.01176	0.00712	0.00732	0.01253	0.01838	0.02297	0.14622	0.13839	0.44274	0.02032	0.00967	0.00285	0.00451	0.10394	0.00753	0.00686
14	0.02676	0.09272	0.02194	0.01796	0.02196	0.53457	0.01376	0.02908	0.02108	0.02081	0.01411	0.01636	0.01167	0.00821	0.00674	0.00198	0.01227	0.00536	0.11363	0.00902
15	0.01306	0.00838	0.01037	0.01013	0.01171	0.00785	0.00722	0.01513	0.01747	0.07495	0.23716	0.11109	0.11912	0.24683	0.01954	0.00436	0.00567	0.06590	0.00715	0.00690
16	0.01377	0.00689	0.01033	0.01033	0.01033	0.00689	0.00689	0.01033	0.01033	0.01377	0.01377	0.02410	0.01377	0.02755	0.03099	0.76928	0.00689	0.00689	0.00344	0.00344
17	0.02578	0.26132	0.02808	0.01642	0.02193	0.20872	0.01388	0.21803	0.02446	0.02943	0.01503	0.01645	0.01202	0.00821	0.00657	0.00202	0.00978	0.00563	0.06554	0.01071
18	0.00964	0.00700	0.00910	0.01078	0.01143	0.00646	0.00725	0.01107	0.01543	0.02034	0.04686	0.66101	0.10554	0.02443	0.01006	0.00317	0.00455	0.02204	0.00736	0.00646
19	0.02297	0.28034	0.05492	0.05241	0.07567	0.04944	0.01597	0.19539	0.09245	0.02974	0.01614	0.01769	0.01284	0.00847	0.00774	0.00222	0.04284	0.00613	0.00522	0.01141

[dist]
# distance from previous block
# <min> <max>
0	1

[block]
# block no. 10 follows, 24 sequences, length 10
# corresponding to MSA columns:
# 670-679
name=unknown_K
#
# <colnr> <probs for GDERKNQSTAVLIFYWHMCP>
#	G	D	E	R	K	N	Q	S	T	A	V	L	I	F	Y	W	H	M	C	P
0	0.14081	0.01483	0.02047	0.03880	0.04506	0.01503	0.10964	0.12663	0.02102	0.12362	0.06213	0.14102	0.08249	0.01246	0.00824	0.00263	0.00747	0.01092	0.00672	0.01001
1	0.08076	0.01059	0.01418	0.06425	0.10445	0.01084	0.01119	0.01683	0.05110	0.02429	0.08985	0.34628	0.08511	0.01775	0.00900	0.00288	0.00589	0.04012	0.00656	0.00809
2	0.02099	0.02004	0.02399	0.02445	0.17281	0.12205	0.06834	0.13002	0.02188	0.02900	0.06246	0.06757	0.01913	0.00920	0.00771	0.00215	0.00891	0.00799	0.00538	0.17592
3	0.02028	0.18808	0.10698	0.02035	0.11234	0.02050	0.01623	0.07160	0.07545	0.07839	0.01961	0.07276	0.01675	0.01002	0.00909	0.00240	0.08076	0.00768	0.05995	0.01079
4	0.08688	0.11846	0.11199	0.02058	0.07012	0.05986	0.06719	0.18323	0.14606	0.03265	0.01830	0.01937	0.01388	0.00847	0.00733	0.00237	0.00913	0.00675	0.00568	0.01168
5	0.08611	0.12030	0.01957	0.01370	0.01822	0.06744	0.01120	0.05286	0.10674	0.18326	0.08204	0.06195	0.05837	0.01521	0.06549	0.00327	0.00827	0.00877	0.00688	0.01036
6	0.13752	0.02404	0.12569	0.02248	0.13430	0.07963	0.01734	0.21407	0.05062	0.03428	0.01591	0.01765	0.01206	0.00809	0.00716	0.00229	0.00907	0.00618	0.00546	0.07616
7	0.05685	0.10435	0.23575	0.01905	0.06841	0.01850	0.01813	0.09630	0.01892	0.02693	0.05041	0.08066	0.08758	0.01131	0.00932	0.00255	0.07093	0.00878	0.00502	0.01024
8	0.28398	0.07191	0.07153	0.01653	0.07689	0.06111	0.01290	0.02518	0.01696	0.15026	0.02049	0.12296	0.01801	0.01047	0.00691	0.00248	0.00749	0.00817	0.00582	0.00996
9	0.01679	0.01816	0.13653	0.01575	0.05008	0.05761	0.01332	0.02296	0.10188	0.08303	0.13596	0.08779	0.08504	0.12426	0.01344	0.00337	0.00750	0.01089	0.00638	0.00926

[dist]
# distance from previous block
# <min> <max>
2	46

[block]
# block no. 11 follows, 24 sequences, length 24
# corresponding to MSA columns:
# 757-780
name=unknown_L
#
# <colnr> <probs for GDERKNQSTAVLIFYWHMCP>
#	G	D	E	R	K	N	Q	S	T	A	V	L	I	F	Y	W	H	M	C	P
0	0.13245	0.02178	0.04888	0.02024	0.06790	0.11657	0.06881	0.19933	0.07063	0.03358	0.06644	0.02369	0.01831	0.00976	0.00866	0.00250	0.04602	0.02769	0.00595	0.01080
1	0.08974	0.05207	0.10871	0.02444	0.16980	0.19582	0.01763	0.03008	0.04560	0.16525	0.01788	0.01899	0.01318	0.00818	0.00730	0.00231	0.01000	0.00632	0.00539	0.01133
2	0.01650	0.05062	0.08547	0.07062	0.06842	0.04639	0.06884	0.05762	0.06047	0.02635	0.13957	0.10878	0.02996	0.01427	0.03873	0.00301	0.03659	0.03116	0.00574	0.04087
3	0.01684	0.04887	0.04813	0.01653	0.05938	0.04465	0.01245	0.08424	0.13701	0.02717	0.10826	0.15551	0.07428	0.05692	0.01195	0.00299	0.06715	0.01172	0.00649	0.00944
4	0.01765	0.06493	0.20824	0.01909	0.05255	0.01666	0.06448	0.08177	0.08888	0.04768	0.08478	0.06240	0.06121	0.01117	0.00818	0.00252	0.00847	0.04790	0.00579	0.04564
5	0.01195	0.00990	0.01544	0.07508	0.07868	0.00989	0.05313	0.01459	0.01599	0.02157	0.07558	0.38926	0.06857	0.04917	0.06935	0.00397	0.00762	0.01647	0.00621	0.00757
6	0.01998	0.01627	0.02049	0.06570	0.15048	0.04390	0.01501	0.12453	0.12019	0.07352	0.02950	0.11570	0.07969	0.01269	0.00949	0.00268	0.04849	0.03458	0.00644	0.01067
7	0.01586	0.01347	0.01582	0.01168	0.01816	0.01021	0.00922	0.01920	0.01633	0.02536	0.01665	0.07678	0.01526	0.00751	0.00624	0.00135	0.00576	0.00624	0.00493	0.70397
8	0.01349	0.00918	0.01034	0.00981	0.01196	0.00862	0.00695	0.04111	0.04006	0.07464	0.09739	0.11517	0.28401	0.22100	0.01816	0.00413	0.00560	0.01418	0.00697	0.00722
9	0.01763	0.01637	0.02769	0.03866	0.47450	0.01627	0.05653	0.02169	0.01724	0.02424	0.01967	0.05823	0.01891	0.09171	0.01206	0.00314	0.00907	0.06108	0.00447	0.01085
10	0.01764	0.01928	0.04015	0.22646	0.04525	0.01935	0.46381	0.02392	0.01789	0.02392	0.01548	0.02132	0.01161	0.00704	0.00895	0.00266	0.01256	0.00869	0.00387	0.01015
11	0.00956	0.00766	0.00843	0.00900	0.01086	0.00666	0.00639	0.01128	0.01686	0.02077	0.06627	0.27553	0.44567	0.05446	0.01106	0.00308	0.00437	0.01831	0.00724	0.00653
12	0.01363	0.01165	0.01470	0.01297	0.01588	0.01204	0.01032	0.01712	0.04171	0.02316	0.09373	0.07009	0.14643	0.02107	0.11537	0.00405	0.13508	0.04229	0.00569	0.19304
13	0.01849	0.01585	0.02082	0.02037	0.09255	0.01709	0.07150	0.10445	0.29955	0.03061	0.02997	0.18991	0.02722	0.01318	0.00864	0.00274	0.00718	0.01180	0.00705	0.01104
14	0.02020	0.01590	0.01774	0.01501	0.01803	0.05561	0.01172	0.16097	0.06702	0.07322	0.13075	0.03238	0.02707	0.13843	0.01720	0.00350	0.13715	0.00908	0.00645	0.04256
15	0.01834	0.08435	0.53908	0.02169	0.03193	0.12157	0.02616	0.02602	0.01758	0.02383	0.01372	0.01611	0.01008	0.00758	0.00732	0.00239	0.01191	0.00564	0.00346	0.01124
16	0.06424	0.12553	0.02038	0.01464	0.01896	0.09221	0.01172	0.10944	0.18491	0.02935	0.07959	0.13269	0.02642	0.01197	0.00764	0.00241	0.00731	0.00971	0.00651	0.04436
17	0.01274	0.00914	0.01046	0.00979	0.01257	0.00833	0.00745	0.01699	0.06828	0.07420	0.28394	0.06303	0.35914	0.01723	0.00916	0.00260	0.00429	0.01465	0.00809	0.00792
18	0.01676	0.01696	0.05307	0.01393	0.01702	0.11574	0.01094	0.02493	0.20207	0.02434	0.06983	0.09046	0.06116	0.14490	0.06547	0.00424	0.00867	0.01041	0.04030	0.00881
19	0.07046	0.01936	0.02117	0.01671	0.02222	0.06440	0.01371	0.30017	0.02766	0.26963	0.02182	0.02110	0.01495	0.00979	0.00927	0.00248	0.06762	0.00713	0.00781	0.01253
20	0.01450	0.00891	0.01133	0.01125	0.01372	0.00807	0.00882	0.01726	0.01920	0.12381	0.17774	0.18057	0.21123	0.01895	0.00962	0.00290	0.00516	0.14099	0.00800	0.00797
21	0.10457	0.01392	0.04594	0.04346	0.08201	0.01330	0.01198	0.07855	0.07509	0.05887	0.16992	0.12538	0.11806	0.01379	0.00834	0.00260	0.00618	0.01173	0.00692	0.00939
22	0.01230	0.00865	0.01012	0.00980	0.01198	0.00858	0.00744	0.01690	0.06647	0.02684	0.22697	0.04945	0.18788	0.02182	0.11518	0.00401	0.00673	0.01191	0.18936	0.00760
23	0.01647	0.07164	0.01451	0.01102	0.01423	0.01126	0.00866	0.02135	0.08279	0.12550	0.29391	0.04844	0.14512	0.05541	0.01030	0.00274	0.00512	0.01189	0.04080	0.00883

[dist]
# distance from previous block
# <min> <max>
0	38

[block]
# block no. 12 follows, 24 sequences, length 34
# corresponding to MSA columns:
# 819-852
name=unknown_M
#
# <colnr> <probs for GDERKNQSTAVLIFYWHMCP>
#	G	D	E	R	K	N	Q	S	T	A	V	L	I	F	Y	W	H	M	C	P
0	0.05141	0.21529	0.02999	0.05142	0.30754	0.02099	0.01744	0.05446	0.01791	0.05301	0.01572	0.02038	0.01346	0.05581	0.00907	0.00253	0.00854	0.00652	0.03758	0.01094
1	0.15288	0.09639	0.09085	0.05740	0.13002	0.10978	0.07318	0.07470	0.01909	0.07131	0.01517	0.01790	0.01176	0.00982	0.03508	0.00276	0.01030	0.00624	0.00472	0.01064
2	0.02160	0.05799	0.13953	0.05660	0.24304	0.15713	0.02010	0.02771	0.06996	0.06891	0.04907	0.02103	0.01596	0.00833	0.00763	0.00234	0.01012	0.00690	0.00479	0.01126
3	0.15914	0.01646	0.11362	0.01245	0.01791	0.01272	0.01163	0.05170	0.01829	0.11122	0.06682	0.02825	0.08023	0.00973	0.00680	0.00219	0.00632	0.00761	0.15099	0.11593
4	0.05417	0.01795	0.06558	0.07702	0.12809	0.01553	0.01512	0.11738	0.02000	0.05864	0.01562	0.01807	0.01214	0.00715	0.00684	0.00188	0.00771	0.00585	0.00512	0.35015
5	0.14640	0.00884	0.01097	0.01044	0.01177	0.00903	0.00735	0.01324	0.01129	0.01837	0.01332	0.02164	0.01274	0.02258	0.02476	0.58418	0.00669	0.00629	0.00378	0.05631
6	0.01261	0.00823	0.01056	0.01054	0.01238	0.00753	0.00776	0.01528	0.01929	0.07766	0.31829	0.23805	0.13156	0.04959	0.01089	0.00299	0.00460	0.04670	0.00804	0.00746
7	0.00952	0.00744	0.00864	0.00960	0.01112	0.00656	0.00672	0.01120	0.01657	0.02081	0.06128	0.40922	0.34802	0.02256	0.00976	0.00296	0.00432	0.01976	0.00736	0.00656
8	0.01012	0.00740	0.00898	0.00985	0.01079	0.00684	0.00658	0.01156	0.01568	0.02054	0.10356	0.39165	0.17523	0.16459	0.01604	0.00395	0.00503	0.01838	0.00697	0.00625
9	0.01761	0.01346	0.01497	0.01331	0.01698	0.01432	0.01033	0.10918	0.25899	0.06086	0.20276	0.07488	0.13125	0.01399	0.00867	0.00261	0.00556	0.01185	0.00816	0.01026
10	0.38459	0.01441	0.01501	0.01278	0.01697	0.01608	0.01050	0.02528	0.01612	0.19540	0.02348	0.02395	0.08189	0.01038	0.00954	0.00264	0.11814	0.00698	0.00619	0.00965
11	0.30241	0.09425	0.08951	0.01554	0.02108	0.18877	0.01366	0.02890	0.12758	0.02830	0.01535	0.01652	0.01201	0.00811	0.00632	0.00232	0.00904	0.00547	0.00493	0.00991
12	0.01902	0.06215	0.50605	0.02086	0.03086	0.05954	0.02501	0.06806	0.01904	0.06868	0.03767	0.01871	0.01312	0.00812	0.00754	0.00244	0.01096	0.00627	0.00431	0.01160
13	0.02251	0.02762	0.21810	0.02739	0.15310	0.05178	0.10263	0.23863	0.02458	0.03359	0.01616	0.01857	0.01197	0.00805	0.00795	0.00244	0.01058	0.00695	0.00516	0.01224
14	0.57404	0.01581	0.01339	0.01159	0.01646	0.01807	0.00948	0.11687	0.04374	0.03716	0.01428	0.01581	0.01089	0.00797	0.00554	0.00240	0.00634	0.00516	0.06561	0.00939
15	0.16311	0.06065	0.01908	0.01910	0.11633	0.11195	0.01282	0.02387	0.09668	0.02608	0.07588	0.09683	0.02331	0.04318	0.04362	0.00323	0.04072	0.00883	0.00543	0.00932
16	0.01006	0.00743	0.00919	0.01029	0.01135	0.00684	0.00713	0.01173	0.01610	0.02099	0.09191	0.43413	0.18299	0.09190	0.01294	0.00352	0.00487	0.05296	0.00720	0.00645
17	0.01597	0.01478	0.02165	0.08463	0.17829	0.04354	0.08078	0.04450	0.04360	0.02319	0.02942	0.06483	0.12230	0.10871	0.08509	0.00430	0.00996	0.01025	0.00508	0.00912
18	0.01062	0.00784	0.00951	0.00964	0.01098	0.00744	0.00671	0.01257	0.01656	0.02205	0.20308	0.16007	0.19712	0.19649	0.08947	0.00502	0.00677	0.01487	0.00675	0.00643
19	0.01207	0.00936	0.04743	0.01085	0.01223	0.00805	0.00824	0.01218	0.01301	0.01727	0.03069	0.10014	0.13313	0.12259	0.13071	0.30210	0.00886	0.01082	0.00478	0.00550
20	0.02578	0.35649	0.03161	0.01685	0.02258	0.26684	0.01446	0.13442	0.02207	0.02436	0.01286	0.01438	0.01076	0.00776	0.00632	0.00194	0.01062	0.00505	0.00443	0.01040
21	0.01481	0.01236	0.01470	0.01158	0.01703	0.00957	0.00891	0.01781	0.01614	0.02449	0.02124	0.18526	0.02157	0.01045	0.00690	0.00167	0.00557	0.00900	0.00534	0.58561
22	0.01361	0.01203	0.01759	0.01742	0.08972	0.01145	0.09207	0.04673	0.05519	0.02598	0.14980	0.12344	0.28170	0.01576	0.00914	0.00266	0.00620	0.01405	0.00683	0.00861
23	0.02216	0.09778	0.07168	0.02549	0.14491	0.10603	0.11472	0.10610	0.12468	0.05009	0.01933	0.04795	0.01560	0.00886	0.00782	0.00240	0.00983	0.00776	0.00538	0.01143
24	0.27032	0.02142	0.16799	0.13930	0.10559	0.01754	0.05315	0.02494	0.01637	0.09230	0.01502	0.01784	0.01101	0.00767	0.00692	0.00250	0.00900	0.00609	0.00464	0.01040
25	0.02143	0.02525	0.17061	0.06586	0.29440	0.06095	0.02224	0.15750	0.05150	0.03050	0.01624	0.01908	0.01250	0.00797	0.00777	0.00241	0.00999	0.00678	0.00483	0.01218
26	0.01488	0.01085	0.01246	0.01164	0.01425	0.01092	0.00874	0.08485	0.10586	0.05347	0.17757	0.13511	0.17011	0.10737	0.01314	0.00336	0.00558	0.04387	0.00758	0.00840
27	0.00952	0.00776	0.00843	0.00885	0.01095	0.00666	0.00641	0.01145	0.01755	0.02157	0.09588	0.23302	0.49219	0.02109	0.00956	0.00280	0.00415	0.01806	0.00742	0.00666
28	0.01572	0.01399	0.02166	0.14365	0.25587	0.01517	0.01696	0.02068	0.06656	0.02278	0.02249	0.12656	0.02209	0.08476	0.05416	0.00382	0.04433	0.03431	0.00489	0.00954
29	0.02207	0.02115	0.08779	0.02727	0.22217	0.04911	0.04300	0.18056	0.09285	0.06314	0.06541	0.02547	0.04517	0.00944	0.00806	0.00244	0.00877	0.00811	0.00607	0.01194
30	0.01319	0.01200	0.01304	0.13041	0.01993	0.08145	0.01026	0.01552	0.01685	0.02072	0.09076	0.19237	0.17737	0.12967	0.01407	0.00355	0.00707	0.03869	0.00605	0.00706
31	0.02053	0.05174	0.11291	0.02496	0.20552	0.01735	0.01750	0.07269	0.12371	0.09016	0.02206	0.02317	0.04328	0.00853	0.00748	0.00223	0.00806	0.00721	0.00563	0.13526
32	0.05304	0.01588	0.11927	0.01314	0.01789	0.01191	0.01190	0.02199	0.11131	0.05271	0.09673	0.15098	0.08708	0.01302	0.00788	0.00241	0.00612	0.01103	0.07261	0.12311
33	0.01817	0.01868	0.04448	0.01711	0.06908	0.14792	0.01277	0.04210	0.04990	0.02629	0.14570	0.06790	0.02991	0.01149	0.00794	0.00222	0.00787	0.07331	0.00591	0.20124

[dist]
# distance from previous block
# <min> <max>
0	34

[block]
# block no. 13 follows, 24 sequences, length 7
# corresponding to MSA columns:
# 887-893
name=unknown_N
#
# <colnr> <probs for GDERKNQSTAVLIFYWHMCP>
#	G	D	E	R	K	N	Q	S	T	A	V	L	I	F	Y	W	H	M	C	P
0	0.01963	0.01823	0.02086	0.09633	0.13096	0.12106	0.01549	0.12454	0.06608	0.02624	0.01846	0.02344	0.01540	0.02552	0.23572	0.00584	0.01391	0.00739	0.00497	0.00995
1	0.16459	0.00911	0.00998	0.01079	0.01253	0.00924	0.00790	0.01432	0.01521	0.02342	0.03924	0.34583	0.11274	0.09395	0.01229	0.00353	0.00553	0.09637	0.00659	0.00684
2	0.01437	0.01436	0.08870	0.01475	0.01830	0.01165	0.09746	0.01916	0.07587	0.04909	0.08764	0.09195	0.09701	0.26185	0.01993	0.00443	0.00778	0.01182	0.00585	0.00801
3	0.16516	0.00992	0.01226	0.11302	0.01920	0.01068	0.01040	0.01550	0.01530	0.02374	0.03258	0.39875	0.03667	0.01849	0.00885	0.00303	0.00611	0.08672	0.00630	0.00732
4	0.04846	0.13893	0.01567	0.01103	0.01338	0.01253	0.00864	0.01561	0.01641	0.02310	0.10491	0.30490	0.10466	0.01699	0.00895	0.00262	0.03553	0.01439	0.09571	0.00757
5	0.16458	0.01844	0.08302	0.10353	0.16103	0.01736	0.04872	0.04860	0.01716	0.02779	0.05452	0.02012	0.01492	0.00837	0.00879	0.00238	0.07109	0.00664	0.00456	0.11837
6	0.02034	0.09905	0.02529	0.13347	0.09627	0.21135	0.05608	0.02491	0.06425	0.02163	0.01864	0.11479	0.01751	0.01060	0.00887	0.00247	0.05174	0.00861	0.00460	0.00952

[dist]
# distance from previous block
# <min> <max>
0	13

[block]
# block no. 14 follows, 24 sequences, length 15
# corresponding to MSA columns:
# 925-939
name=unknown_O
#
# <colnr> <probs for GDERKNQSTAVLIFYWHMCP>
#	G	D	E	R	K	N	Q	S	T	A	V	L	I	F	Y	W	H	M	C	P
0	0.01614	0.05721	0.12730	0.02213	0.13051	0.01777	0.01695	0.02057	0.05054	0.02164	0.01921	0.06328	0.01899	0.13969	0.01872	0.00375	0.19704	0.04490	0.00444	0.00923
1	0.00980	0.00736	0.00908	0.01011	0.01134	0.00665	0.00703	0.01166	0.01692	0.02210	0.13710	0.46021	0.21696	0.02244	0.00982	0.00298	0.00433	0.01992	0.00755	0.00665
2	0.01337	0.00917	0.01188	0.01168	0.01362	0.00909	0.00900	0.01594	0.01811	0.08363	0.19068	0.20292	0.17947	0.02138	0.05182	0.00351	0.06019	0.07945	0.00741	0.00769
3	0.01718	0.01077	0.01322	0.01218	0.01505	0.01054	0.00922	0.07789	0.08138	0.13510	0.22817	0.23878	0.08466	0.01677	0.00910	0.00272	0.00519	0.01465	0.00829	0.00914
4	0.01479	0.00903	0.01139	0.01093	0.01299	0.00852	0.00791	0.01830	0.05593	0.11969	0.25550	0.22489	0.08272	0.11451	0.01355	0.00341	0.00511	0.01499	0.00788	0.00797
5	0.20627	0.01700	0.02434	0.11320	0.02903	0.01819	0.16055	0.09477	0.09727	0.09221	0.01981	0.02452	0.01531	0.00901	0.00772	0.00262	0.00886	0.04295	0.00583	0.01052
6	0.01795	0.13368	0.34866	0.01771	0.02579	0.01808	0.02001	0.07731	0.01879	0.06794	0.02457	0.09898	0.07605	0.01079	0.00768	0.00247	0.00916	0.00869	0.00499	0.01072
7	0.02588	0.37820	0.03231	0.01590	0.02221	0.10004	0.01416	0.23192	0.02420	0.06500	0.01492	0.01577	0.01179	0.00801	0.00642	0.00200	0.00910	0.00550	0.00533	0.01135
8	0.39516	0.01521	0.01627	0.20119	0.02684	0.01772	0.01289	0.10768	0.01771	0.03280	0.01434	0.01753	0.01088	0.00799	0.00621	0.00244	0.00749	0.00573	0.07471	0.00921
9	0.02298	0.01744	0.01778	0.05500	0.02118	0.09770	0.01227	0.17374	0.12870	0.11809	0.11516	0.06690	0.02693	0.01128	0.00797	0.00243	0.00746	0.00919	0.07705	0.01074
10	0.01109	0.00810	0.00926	0.00929	0.01156	0.00704	0.00684	0.01335	0.01853	0.05631	0.17755	0.19752	0.40548	0.01980	0.00945	0.00274	0.00422	0.01701	0.00774	0.00713
11	0.01913	0.01106	0.01425	0.07513	0.01865	0.01089	0.01027	0.08499	0.02123	0.18010	0.17780	0.16525	0.07571	0.01444	0.00853	0.00257	0.00575	0.01245	0.08245	0.00937
12	0.01122	0.00836	0.01028	0.07433	0.01453	0.00812	0.00762	0.01317	0.01640	0.02166	0.15417	0.11490	0.23402	0.18985	0.01751	0.03313	0.00563	0.01380	0.04486	0.00646
13	0.01143	0.00776	0.01107	0.01161	0.01249	0.00817	0.00846	0.01268	0.01370	0.01891	0.06302	0.21306	0.03200	0.07107	0.28718	0.14976	0.01192	0.04421	0.00534	0.00617
14	0.02373	0.19625	0.06192	0.01916	0.08407	0.06173	0.01532	0.25358	0.02459	0.03258	0.01514	0.01667	0.01190	0.00778	0.00679	0.00198	0.00870	0.00580	0.00539	0.14690

[dist]
# distance from previous block
# <min> <max>
3	25

[block]
# block no. 15 follows, 24 sequences, length 23
# corresponding to MSA columns:
# 986-997,1003-1013
name=unknown_P
#
# <colnr> <probs for GDERKNQSTAVLIFYWHMCP>
#	G	D	E	R	K	N	Q	S	T	A	V	L	I	F	Y	W	H	M	C	P
0	0.01902	0.05649	0.19083	0.07152	0.20472	0.05414	0.02029	0.05375	0.08352	0.05436	0.02204	0.06886	0.04673	0.00970	0.00786	0.00248	0.00926	0.00825	0.00499	0.01120
1	0.01300	0.01027	0.01420	0.01766	0.11350	0.01020	0.01114	0.04322	0.05456	0.02359	0.03870	0.44680	0.06429	0.02015	0.00963	0.00305	0.00589	0.08511	0.00690	0.00814
2	0.01357	0.01249	0.04561	0.07706	0.04514	0.01117	0.03890	0.04367	0.01785	0.02413	0.11952	0.04621	0.17392	0.09673	0.07625	0.00401	0.00819	0.04636	0.00587	0.09334
3	0.02065	0.01681	0.02244	0.05315	0.17555	0.01889	0.01609	0.10535	0.17167	0.07929	0.02430	0.02695	0.05462	0.04310	0.01268	0.00292	0.12995	0.00834	0.00602	0.01121
