[name]
unknown

[dist]
# distance from previous block
# <min> <max>
0	177

[block]
# block no. 0 follows, 24 sequences, length 8
# corresponding to MSA columns:
# 186-193
name=unknown_A
#
# <colnr> <probs for GDERKNQSTAVLIFYWHMCP>
#	G	D	E	R	K	N	Q	S	T	A	V	L	I	F	Y	W	H	M	C	P
0	0.01003	0.00780	0.00871	0.00917	0.01101	0.00688	0.00663	0.01158	0.01660	0.02045	0.06310	0.19521	0.42746	0.07937	0.01326	0.04180	0.00477	0.05287	0.00695	0.00636
1	0.01828	0.02203	0.11408	0.11149	0.25630	0.01918	0.29144	0.02444	0.01794	0.02497	0.01523	0.02021	0.01182	0.00705	0.00847	0.00254	0.01152	0.00791	0.00385	0.01124
2	0.15246	0.01297	0.01378	0.01191	0.01583	0.01359	0.00943	0.14019	0.04951	0.14613	0.02524	0.10041	0.02064	0.01087	0.00692	0.00235	0.00580	0.00866	0.24341	0.00992
3	0.64564	0.01594	0.01522	0.01708	0.12944	0.01797	0.01133	0.02349	0.01429	0.03390	0.01171	0.01405	0.00928	0.00731	0.00542	0.00244	0.00671	0.00478	0.00474	0.00928
4	0.10487	0.40849	0.03014	0.01428	0.01949	0.14068	0.01271	0.02348	0.01637	0.02062	0.01294	0.01607	0.01161	0.01584	0.11913	0.00367	0.01135	0.00510	0.00382	0.00932
5	0.01234	0.00963	0.01337	0.01645	0.12552	0.00936	0.00955	0.01449	0.01625	0.02222	0.16740	0.17316	0.09282	0.23255	0.04632	0.00462	0.00682	0.01372	0.00615	0.00728
6	0.01430	0.05206	0.13413	0.13220	0.02914	0.01498	0.14057	0.01903	0.01711	0.02296	0.07510	0.15098	0.11277	0.01297	0.00934	0.00271	0.03383	0.01171	0.00515	0.00894
7	0.02110	0.14544	0.02246	0.01720	0.05053	0.26140	0.01297	0.02400	0.04132	0.02064	0.02228	0.02635	0.08616	0.07122	0.01198	0.00272	0.08877	0.00740	0.05725	0.00881

[dist]
# distance from previous block
# <min> <max>
1	30

[block]
# block no. 1 follows, 24 sequences, length 6
# corresponding to MSA columns:
# 224-229
name=unknown_B
#
# <colnr> <probs for GDERKNQSTAVLIFYWHMCP>
#	G	D	E	R	K	N	Q	S	T	A	V	L	I	F	Y	W	H	M	C	P
0	0.18669	0.07509	0.27625	0.01805	0.06186	0.01799	0.01819	0.08501	0.01833	0.02897	0.02421	0.02536	0.11375	0.00959	0.00712	0.00244	0.00860	0.00731	0.00483	0.01035
1	0.01945	0.01395	0.01586	0.01333	0.01739	0.01443	0.01054	0.24521	0.02332	0.03347	0.02300	0.10888	0.02038	0.01876	0.11620	0.00384	0.00878	0.00893	0.15499	0.12929
2	0.01465	0.09903	0.01712	0.01589	0.11822	0.01215	0.01048	0.01745	0.01870	0.07205	0.12897	0.05364	0.36192	0.01512	0.00849	0.00247	0.00560	0.01270	0.00667	0.00866
3	0.01216	0.00822	0.01113	0.01118	0.01155	0.00894	0.00770	0.01225	0.01211	0.01665	0.02330	0.14250	0.02556	0.24702	0.17147	0.19792	0.05908	0.01113	0.00465	0.00548
4	0.44541	0.13268	0.02067	0.01723	0.09882	0.12567	0.01239	0.02482	0.01589	0.02914	0.01171	0.01391	0.00959	0.00736	0.00565	0.00226	0.00820	0.00476	0.00441	0.00943
5	0.25537	0.04416	0.06587	0.15632	0.12909	0.01765	0.03698	0.05842	0.01686	0.02840	0.01602	0.07601	0.01402	0.00893	0.00697	0.00246	0.00826	0.00728	0.00466	0.04627

[dist]
# distance from previous block
# <min> <max>
0	14

[block]
# block no. 2 follows, 24 sequences, length 8
# corresponding to MSA columns:
# 244-251
name=unknown_C
#
# <colnr> <probs for GDERKNQSTAVLIFYWHMCP>
#	G	D	E	R	K	N	Q	S	T	A	V	L	I	F	Y	W	H	M	C	P
0	0.02118	0.01299	0.01515	0.01291	0.01670	0.01303	0.01006	0.18142	0.05892	0.15596	0.03839	0.08577	0.18217	0.01643	0.01237	0.13237	0.00642	0.01086	0.00736	0.00953
1	0.02174	0.02134	0.03061	0.02761	0.13742	0.10553	0.21094	0.13433	0.02140	0.02875	0.01622	0.02011	0.01278	0.00853	0.01012	0.00250	0.09141	0.00756	0.08035	0.01075
2	0.02944	0.01878	0.13036	0.01591	0.02269	0.01423	0.01480	0.03697	0.13404	0.45292	0.02857	0.02571	0.01882	0.00960	0.00792	0.00251	0.00751	0.00779	0.00841	0.01303
3	0.64605	0.01501	0.01285	0.01108	0.01620	0.01670	0.00913	0.02602	0.01512	0.14916	0.01462	0.01538	0.01054	0.00780	0.00545	0.00245	0.00624	0.00495	0.00578	0.00946
4	0.01222	0.00875	0.01047	0.01130	0.01272	0.00888	0.00797	0.01762	0.12448	0.02439	0.06824	0.46446	0.04381	0.01968	0.00904	0.00289	0.00471	0.01755	0.12316	0.00767
5	0.00975	0.00707	0.00922	0.01074	0.01147	0.00653	0.00727	0.01135	0.01592	0.02116	0.09111	0.62208	0.09931	0.02388	0.01001	0.00313	0.00450	0.02153	0.00746	0.00653
6	0.02061	0.01453	0.01654	0.01444	0.01838	0.01553	0.01125	0.16866	0.22632	0.10481	0.14355	0.14838	0.03501	0.01372	0.00860	0.00265	0.00615	0.01169	0.00823	0.01093
7	0.01241	0.00954	0.01205	0.01216	0.01499	0.00859	0.01006	0.01561	0.01819	0.02425	0.10662	0.09921	0.17099	0.01839	0.00957	0.00290	0.00592	0.30530	0.00702	0.13623

[dist]
# distance from previous block
# <min> <max>
4	59

[block]
# block no. 3 follows, 24 sequences, length 22
# corresponding to MSA columns:
# 316-337
name=unknown_D
#
# <colnr> <probs for GDERKNQSTAVLIFYWHMCP>
#	G	D	E	R	K	N	Q	S	T	A	V	L	I	F	Y	W	H	M	C	P
0	0.01995	0.02306	0.06540	0.08379	0.18771	0.20855	0.01824	0.02351	0.01729	0.02124	0.01473	0.02002	0.01272	0.01852	0.14271	0.00446	0.09781	0.00669	0.00391	0.00969
1	0.20997	0.01887	0.09002	0.13408	0.09382	0.01842	0.01620	0.04919	0.20297	0.06126	0.01969	0.02110	0.01471	0.00862	0.00716	0.00255	0.00797	0.00683	0.00566	0.01091
2	0.01811	0.09347	0.01777	0.01356	0.01687	0.18450	0.01044	0.02044	0.01626	0.02024	0.01778	0.02582	0.01660	0.13149	0.18416	0.00544	0.01227	0.00700	0.06796	0.11982
3	0.46869	0.01575	0.01430	0.01213	0.01715	0.01745	0.00991	0.14022	0.04221	0.08819	0.02235	0.02256	0.08170	0.00945	0.00631	0.00247	0.00645	0.00662	0.00624	0.00984
4	0.02683	0.12420	0.02479	0.01653	0.02226	0.02378	0.01375	0.48601	0.03141	0.04166	0.01850	0.02163	0.01464	0.08542	0.01099	0.00285	0.00858	0.00718	0.00693	0.01207
5	0.01884	0.01855	0.03319	0.02468	0.03104	0.01822	0.36408	0.11594	0.09000	0.02957	0.05668	0.03142	0.10955	0.00987	0.00901	0.00262	0.01017	0.01026	0.00571	0.01059
6	0.01153	0.00769	0.00865	0.00865	0.00865	0.00769	0.00480	0.01153	0.01153	0.01538	0.02499	0.05189	0.02883	0.72131	0.04036	0.00769	0.00769	0.01153	0.00480	0.00480
7	0.01705	0.01082	0.01536	0.01777	0.13614	0.01080	0.01114	0.02018	0.01675	0.11968	0.06710	0.03414	0.05513	0.09272	0.18376	0.00545	0.01008	0.00901	0.15802	0.00889
8	0.00968	0.00788	0.00858	0.00876	0.01099	0.00677	0.00643	0.01185	0.01828	0.02274	0.15962	0.16797	0.49238	0.02023	0.00948	0.00273	0.00406	0.01724	0.00756	0.00677
9	0.01693	0.01516	0.01978	0.01703	0.02123	0.01635	0.10381	0.03163	0.39693	0.02880	0.03678	0.13821	0.09581	0.01331	0.00871	0.00277	0.00682	0.01193	0.00729	0.01072
10	0.01102	0.00811	0.01016	0.01068	0.01202	0.00729	0.00717	0.01245	0.01466	0.02013	0.03574	0.48506	0.04190	0.15642	0.01533	0.00378	0.00538	0.01779	0.00648	0.11842
11	0.33311	0.01945	0.01986	0.15789	0.12389	0.11388	0.01523	0.08290	0.01818	0.03011	0.01317	0.01634	0.01028	0.00775	0.00656	0.00241	0.00893	0.00565	0.00465	0.00978
12	0.02052	0.01838	0.02410	0.17382	0.24685	0.08921	0.01842	0.11726	0.02076	0.05491	0.02002	0.12207	0.01820	0.01048	0.00814	0.00252	0.00926	0.00918	0.00522	0.01068
13	0.02150	0.05793	0.01620	0.01247	0.01652	0.03893	0.01010	0.06636	0.02232	0.23625	0.23880	0.04528	0.12745	0.01360	0.00854	0.00249	0.00599	0.04110	0.00823	0.00994
14	0.01874	0.01566	0.01929	0.06384	0.06027	0.04203	0.01337	0.07471	0.04814	0.07121	0.04790	0.02838	0.08624	0.04490	0.01344	0.00270	0.16973	0.00816	0.00550	0.16580
15	0.05738	0.12469	0.09987	0.14806	0.15249	0.02095	0.08583	0.12339	0.02045	0.07028	0.01578	0.01883	0.01194	0.00777	0.00747	0.00238	0.00972	0.00670	0.00479	0.01126
16	0.01120	0.01109	0.08163	0.01188	0.01359	0.00875	0.00943	0.01328	0.01380	0.01897	0.03075	0.31465	0.03475	0.23756	0.14594	0.00626	0.00940	0.01484	0.00559	0.00664
17	0.02529	0.46021	0.03368	0.01525	0.02131	0.18246	0.01370	0.02779	0.01857	0.11573	0.01429	0.01519	0.01158	0.00755	0.00600	0.00189	0.00959	0.00499	0.00450	0.01043
18	0.22730	0.06617	0.01952	0.10741	0.05577	0.21283	0.01362	0.02343	0.01700	0.02432	0.01677	0.11835	0.01615	0.01047	0.00779	0.00246	0.03939	0.00783	0.00464	0.00878
19	0.01911	0.01885	0.02825	0.30138	0.31808	0.07590	0.04713	0.05249	0.01849	0.02424	0.01460	0.01981	0.01160	0.00760	0.00789	0.00246	0.01042	0.00699	0.00397	0.01077
20	0.01899	0.02044	0.02115	0.11915	0.02531	0.20061	0.01583	0.02157	0.01563	0.01919	0.01387	0.02016	0.01248	0.02163	0.16638	0.00503	0.26348	0.00681	0.00382	0.00848
21	0.01432	0.01268	0.03529	0.01381	0.01681	0.01265	0.03344	0.06156	0.09383	0.02768	0.20037	0.05472	0.19684	0.01607	0.01103	0.00283	0.07881	0.10148	0.00717	0.00863

[dist]
# distance from previous block
# <min> <max>
0	1

[block]
# block no. 4 follows, 24 sequences, length 12
# corresponding to MSA columns:
# 339-350
name=unknown_E
#
# <colnr> <probs for GDERKNQSTAVLIFYWHMCP>
#	G	D	E	R	K	N	Q	S	T	A	V	L	I	F	Y	W	H	M	C	P
0	0.01264	0.00992	0.01166	0.01090	0.01344	0.00985	0.00827	0.01990	0.15149	0.03029	0.43659	0.05612	0.16681	0.01576	0.00909	0.00257	0.00431	0.01365	0.00836	0.00838
1	0.01001	0.00763	0.00873	0.00923	0.01069	0.00686	0.00635	0.01163	0.01644	0.02094	0.11250	0.26571	0.31474	0.14420	0.01504	0.00371	0.00481	0.01738	0.00704	0.00636
2	0.56362	0.01659	0.01469	0.01233	0.01763	0.01868	0.01017	0.15172	0.01911	0.09130	0.01434	0.01530	0.01050	0.00800	0.00578	0.00244	0.00671	0.00518	0.00593	0.00999
3	0.02063	0.01635	0.02954	0.32121	0.10633	0.01716	0.18222	0.02577	0.01822	0.15647	0.01820	0.02225	0.01300	0.00790	0.00830	0.00258	0.01040	0.00784	0.00498	0.01064
4	0.01080	0.00770	0.00939	0.00960	0.01126	0.00704	0.00696	0.01356	0.01907	0.02644	0.32012	0.23118	0.18485	0.01855	0.00917	0.00266	0.00402	0.01627	0.08432	0.00704
5	0.01067	0.00808	0.00983	0.00940	0.01151	0.00725	0.00705	0.01389	0.02114	0.02870	0.49197	0.06434	0.25246	0.01737	0.00936	0.00255	0.00382	0.01506	0.00832	0.00725
6	0.01851	0.10489	0.20619	0.03063	0.27033	0.01946	0.07283	0.05848	0.01797	0.02513	0.01563	0.02142	0.01326	0.07922	0.01085	0.00289	0.01004	0.00706	0.00403	0.01118
7	0.49297	0.01895	0.01450	0.01242	0.01762	0.13206	0.00991	0.02407	0.01564	0.03080	0.01188	0.01385	0.00951	0.00720	0.00549	0.00212	0.00749	0.00452	0.00472	0.16427
8	0.01392	0.01066	0.01345	0.01439	0.01682	0.01110	0.01219	0.02128	0.14889	0.02547	0.04309	0.07615	0.09151	0.01948	0.01024	0.00338	0.00683	0.44536	0.00746	0.00833
9	0.17254	0.09910	0.31440	0.01978	0.02729	0.02074	0.07162	0.02359	0.01538	0.02559	0.01275	0.01603	0.00999	0.00845	0.01009	0.00260	0.13017	0.00585	0.00375	0.01032
10	0.01122	0.00763	0.00935	0.00938	0.01051	0.00712	0.00639	0.01201	0.01577	0.02081	0.18817	0.11680	0.19332	0.17917	0.02084	0.16049	0.00542	0.01354	0.00631	0.00576
11	0.00974	0.00767	0.00880	0.00932	0.01114	0.00673	0.00668	0.01181	0.01778	0.02259	0.15629	0.28448	0.37670	0.02107	0.00962	0.00283	0.00417	0.01829	0.00757	0.00673

[dist]
# distance from previous block
# <min> <max>
0	17

[block]
# block no. 5 follows, 24 sequences, length 11
# corresponding to MSA columns:
# 368-378
name=unknown_F
#
# <colnr> <probs for GDERKNQSTAVLIFYWHMCP>
#	G	D	E	R	K	N	Q	S	T	A	V	L	I	F	Y	W	H	M	C	P
0	0.01549	0.01832	0.11798	0.55137	0.10280	0.01783	0.02325	0.02129	0.01616	0.02142	0.01418	0.02039	0.01066	0.00780	0.00787	0.00260	0.01064	0.00688	0.00353	0.00953
1	0.03057	0.01300	0.01823	0.01653	0.07291	0.01151	0.01209	0.03353	0.02124	0.52984	0.03170	0.12455	0.02372	0.01173	0.00827	0.00255	0.00666	0.00997	0.00898	0.01241
2	0.01078	0.00830	0.00999	0.01019	0.01239	0.00752	0.00805	0.01376	0.01963	0.02553	0.27502	0.07336	0.32274	0.01915	0.00972	0.00283	0.00466	0.15144	0.00782	0.00710
3	0.01924	0.03336	0.46539	0.02345	0.03367	0.01776	0.14360	0.02710	0.01797	0.11807	0.01700	0.01909	0.01179	0.00770	0.00794	0.00253	0.01133	0.00683	0.00440	0.01178
4	0.01531	0.01453	0.01288	0.01304	0.01482	0.15795	0.00936	0.01700	0.01704	0.04205	0.03839	0.35431	0.12556	0.05907	0.04713	0.00361	0.02873	0.01558	0.00630	0.00733
5	0.01063	0.00782	0.00995	0.00997	0.01162	0.00714	0.00727	0.01361	0.02024	0.02784	0.45062	0.21016	0.14637	0.01867	0.00953	0.00268	0.00397	0.01651	0.00824	0.00714
6	0.02053	0.01590	0.01821	0.01334	0.02018	0.01380	0.01080	0.16253	0.02148	0.06491	0.01610	0.01758	0.01255	0.00690	0.00645	0.00151	0.00656	0.00542	0.00569	0.55956
7	0.01171	0.00885	0.01094	0.01085	0.01272	0.00861	0.00796	0.01695	0.09530	0.02836	0.39637	0.22363	0.10143	0.01801	0.00940	0.00271	0.00428	0.01594	0.00822	0.00777
8	0.02113	0.46786	0.03425	0.01559	0.02081	0.08403	0.01417	0.02607	0.09880	0.02066	0.01378	0.01574	0.01203	0.00850	0.00886	0.00213	0.11604	0.00534	0.00407	0.01017
9	0.05213	0.01843	0.01913	0.01633	0.04796	0.09780	0.01245	0.13142	0.09705	0.20483	0.02492	0.02421	0.05079	0.00925	0.00743	0.00217	0.00771	0.00726	0.00704	0.16170
10	0.02147	0.02210	0.02520	0.08839	0.31511	0.20072	0.01874	0.02494	0.01886	0.05074	0.02045	0.02427	0.06755	0.03062	0.00947	0.00253	0.03635	0.00751	0.00449	0.01049

[dist]
# distance from previous block
# <min> <max>
0	1

[block]
# block no. 6 follows, 24 sequences, length 6
# corresponding to MSA columns:
# 380-385
name=unknown_G
#
# <colnr> <probs for GDERKNQSTAVLIFYWHMCP>
#	G	D	E	R	K	N	Q	S	T	A	V	L	I	F	Y	W	H	M	C	P
0	0.13113	0.05491	0.01840	0.01444	0.01812	0.06617	0.06299	0.04596	0.01661	0.12821	0.02026	0.02805	0.01764	0.15450	0.18286	0.00593	0.01175	0.00788	0.00540	0.00880
1	0.01638	0.01554	0.08768	0.09281	0.10603	0.01347	0.05496	0.02221	0.06228	0.07188	0.07559	0.04342	0.07124	0.01514	0.04386	0.00326	0.00867	0.13678	0.04923	0.00957
2	0.01865	0.01540	0.01763	0.01279	0.01973	0.01283	0.01031	0.12054	0.01979	0.02972	0.01489	0.01686	0.01203	0.00646	0.00620	0.00137	0.00633	0.00509	0.00522	0.64817
3	0.01816	0.01771	0.02998	0.18904	0.38875	0.01952	0.06264	0.02265	0.01666	0.02352	0.01408	0.01971	0.01174	0.00833	0.01089	0.00262	0.12207	0.00719	0.00377	0.01098
4	0.01116	0.00863	0.01025	0.00990	0.01210	0.00803	0.00740	0.01553	0.06513	0.02800	0.40505	0.10791	0.24637	0.01758	0.00932	0.00261	0.00406	0.01525	0.00818	0.00753
5	0.05169	0.08417	0.21962	0.01656	0.02370	0.06001	0.01680	0.15511	0.02115	0.03025	0.01743	0.05395	0.01423	0.00876	0.00697	0.00216	0.00871	0.00674	0.08381	0.11816

[dist]
# distance from previous block
# <min> <max>
0	4

[block]
# block no. 7 follows, 24 sequences, length 14
# corresponding to MSA columns:
# 390-403
name=unknown_H
#
# <colnr> <probs for GDERKNQSTAVLIFYWHMCP>
#	G	D	E	R	K	N	Q	S	T	A	V	L	I	F	Y	W	H	M	C	P
0	0.01176	0.00976	0.01155	0.07651	0.01651	0.00960	0.00882	0.01714	0.09863	0.02590	0.24521	0.06004	0.34598	0.01659	0.00907	0.00262	0.00485	0.01411	0.00749	0.00786
1	0.20195	0.01053	0.01212	0.01134	0.01427	0.01116	0.00888	0.01880	0.01624	0.09732	0.13296	0.07225	0.08724	0.02862	0.23553	0.00596	0.01058	0.00989	0.00621	0.00815
2	0.01014	0.00809	0.00924	0.00912	0.01130	0.00737	0.00679	0.01247	0.01774	0.02259	0.18025	0.06505	0.42260	0.06820	0.10942	0.00440	0.00667	0.01477	0.00702	0.00678
3	0.02257	0.01631	0.01739	0.01486	0.01908	0.04832	0.01164	0.27871	0.07609	0.10362	0.03383	0.19808	0.09610	0.01451	0.00861	0.00264	0.00706	0.01211	0.00776	0.01073
4	0.16687	0.17327	0.06104	0.07550	0.05634	0.06993	0.01444	0.12575	0.02069	0.07208	0.07765	0.02061	0.01741	0.00870	0.00679	0.00227	0.00834	0.00648	0.00544	0.01039
5	0.01713	0.01009	0.01037	0.00938	0.01209	0.01042	0.00728	0.13005	0.02043	0.03261	0.02865	0.03112	0.06677	0.01009	0.00625	0.00200	0.00462	0.00803	0.57418	0.00843
6	0.63101	0.01973	0.01377	0.01239	0.01713	0.14923	0.00991	0.02495	0.01525	0.03241	0.01128	0.01316	0.00891	0.00752	0.00535	0.00237	0.00773	0.00445	0.00475	0.00871
7	0.01600	0.02165	0.21585	0.01916	0.02587	0.01426	0.14154	0.02257	0.05588	0.05798	0.09564	0.12248	0.06066	0.01151	0.00845	0.00253	0.00865	0.01054	0.00557	0.08323
8	0.08414	0.00813	0.00963	0.01049	0.01173	0.00794	0.00732	0.01307	0.01600	0.02309	0.13266	0.41344	0.09058	0.09735	0.01278	0.00351	0.00502	0.03940	0.00705	0.00667
9	0.15833	0.12440	0.08092	0.08316	0.02637	0.13258	0.04709	0.12062	0.05244	0.07990	0.01591	0.01752	0.01196	0.00814	0.00690	0.00231	0.00955	0.00603	0.00524	0.01063
10	0.01673	0.01513	0.09756	0.08884	0.02173	0.01286	0.01315	0.06994	0.05691	0.07931	0.14946	0.03285	0.02847	0.05707	0.11848	0.00432	0.00935	0.00896	0.07928	0.03960
11	0.08621	0.01726	0.08160	0.01521	0.02085	0.01520	0.04287	0.12985	0.09011	0.17196	0.06997	0.03190	0.10824	0.01289	0.03513	0.00287	0.00775	0.00895	0.00715	0.04402
12	0.01744	0.06990	0.09055	0.01431	0.01943	0.08203	0.04898	0.02128	0.03289	0.07420	0.08006	0.03662	0.15181	0.08767	0.01124	0.00278	0.00775	0.00938	0.00569	0.13598
13	0.01783	0.01476	0.05501	0.17751	0.04787	0.01472	0.04554	0.02404	0.10887	0.11392	0.02711	0.06514	0.06730	0.12772	0.01461	0.00352	0.04962	0.00969	0.00576	0.00944

[dist]
# distance from previous block
# <min> <max>
4	10

[block]
# block no. 8 follows, 24 sequences, length 10
# corresponding to MSA columns:
# 414-423
name=unknown_I
#
# <colnr> <probs for GDERKNQSTAVLIFYWHMCP>
#	G	D	E	R	K	N	Q	S	T	A	V	L	I	F	Y	W	H	M	C	P
0	0.01813	0.01915	0.02807	0.43577	0.10439	0.11579	0.12133	0.02312	0.01748	0.02148	0.01422	0.02005	0.01094	0.00768	0.00804	0.00253	0.01146	0.00714	0.00372	0.00951
1	0.02096	0.08396	0.09724	0.05886	0.09408	0.11635	0.05567	0.11856	0.06595	0.02777	0.01914	0.02679	0.01643	0.00957	0.00778	0.00237	0.00969	0.07965	0.00519	0.08399
2	0.01452	0.01438	0.05167	0.01805	0.02222	0.01316	0.16286	0.02103	0.10921	0.02383	0.02755	0.23894	0.02747	0.02138	0.11865	0.00432	0.01009	0.01264	0.00571	0.08232
3	0.01136	0.00918	0.01254	0.01552	0.10737	0.00852	0.00951	0.01388	0.01785	0.02377	0.17862	0.31525	0.20830	0.01925	0.00944	0.00281	0.00497	0.01711	0.00715	0.00761
4	0.02170	0.30200	0.22646	0.01917	0.02678	0.19984	0.05425	0.02633	0.01812	0.02115	0.01258	0.01482	0.01025	0.00737	0.00660	0.00208	0.01125	0.00524	0.00360	0.01041
5	0.17447	0.07634	0.10261	0.01823	0.06075	0.06123	0.01536	0.23854	0.07971	0.03540	0.01801	0.05326	0.01451	0.00930	0.00713	0.00241	0.00851	0.00701	0.00593	0.01128
6	0.01076	0.00775	0.01040	0.01171	0.01266	0.00767	0.00862	0.01274	0.01528	0.02032	0.03985	0.38699	0.07069	0.09619	0.11201	0.00511	0.00789	0.15015	0.00665	0.00658
7	0.01191	0.00864	0.01131	0.01235	0.01391	0.00858	0.01002	0.01455	0.01643	0.02131	0.04236	0.07484	0.13055	0.15706	0.08174	0.00515	0.00824	0.35780	0.00655	0.00672
8	0.02527	0.13757	0.15316	0.05921	0.05002	0.11731	0.01766	0.09555	0.02092	0.18568	0.01796	0.01891	0.01296	0.00861	0.00822	0.00234	0.04532	0.00632	0.00558	0.01144
9	0.02063	0.01981	0.06020	0.07978	0.12621	0.06336	0.01632	0.14075	0.25046	0.03132	0.02437	0.08987	0.02028	0.01072	0.00810	0.00258	0.00826	0.00905	0.00640	0.01154

[dist]
# distance from previous block
# <min> <max>
20	201

[block]
# block no. 9 follows, 24 sequences, length 41
# corresponding to MSA columns:
# 687-727
name=unknown_J
#
# <colnr> <probs for GDERKNQSTAVLIFYWHMCP>
#	G	D	E	R	K	N	Q	S	T	A	V	L	I	F	Y	W	H	M	C	P
0	0.02088	0.15501	0.15500	0.07366	0.12817	0.01873	0.01790	0.06813	0.01918	0.12315	0.02205	0.02335	0.06649	0.00873	0.00727	0.00224	0.00862	0.00705	0.00519	0.06921
1	0.11239	0.11966	0.14287	0.09514	0.05914	0.01705	0.06712	0.02187	0.01680	0.04749	0.07757	0.05199	0.02005	0.04080	0.00863	0.00260	0.00834	0.00784	0.07315	0.00949
2	0.04903	0.12158	0.15989	0.01802	0.05403	0.03795	0.04397	0.07185	0.01915	0.02591	0.04930	0.06426	0.08873	0.01298	0.00831	0.00267	0.00852	0.14876	0.00550	0.00959
3	0.02071	0.24055	0.09510	0.01549	0.02110	0.05085	0.01415	0.09746	0.14653	0.06598	0.02315	0.13367	0.02084	0.01118	0.00736	0.00237	0.00793	0.00895	0.00590	0.01073
4	0.02094	0.12223	0.17227	0.02153	0.13497	0.05199	0.01753	0.02524	0.01762	0.12149	0.01630	0.01847	0.01251	0.00861	0.00838	0.04851	0.00880	0.00595	0.00474	0.16193
5	0.01455	0.01390	0.01841	0.25082	0.08538	0.07332	0.03182	0.01817	0.01783	0.02256	0.11832	0.15363	0.12242	0.01366	0.00867	0.00265	0.00796	0.01202	0.00556	0.00832
6	0.01941	0.02375	0.18171	0.08641	0.14404	0.07751	0.01940	0.08770	0.08150	0.05245	0.02466	0.04980	0.06975	0.01037	0.00809	0.00254	0.00936	0.03530	0.00534	0.01092
7	0.02070	0.01878	0.05465	0.19219	0.09026	0.07209	0.11604	0.09949	0.02050	0.09756	0.02110	0.09107	0.01811	0.01041	0.00844	0.00262	0.00988	0.04028	0.00546	0.01038
8	0.01589	0.01499	0.02493	0.44081	0.23860	0.01701	0.02129	0.02070	0.01673	0.02208	0.02030	0.02564	0.07037	0.00876	0.00803	0.00256	0.00963	0.00792	0.00399	0.00976
9	0.01038	0.00765	0.00983	0.01088	0.01202	0.00690	0.00740	0.01198	0.01543	0.02090	0.05855	0.58737	0.06787	0.05168	0.01095	0.00318	0.00480	0.02007	0.00705	0.07508
10	0.01545	0.01129	0.01578	0.10917	0.09374	0.01170	0.01211	0.07296	0.01759	0.06271	0.03002	0.28021	0.03213	0.14255	0.01470	0.00375	0.00718	0.05251	0.00619	0.00828
11	0.06749	0.08157	0.21348	0.02177	0.10814	0.01801	0.04155	0.08384	0.04814	0.14121	0.02082	0.05685	0.01664	0.00958	0.00770	0.00250	0.00895	0.03457	0.00567	0.01153
12	0.00958	0.00722	0.00887	0.01020	0.01128	0.00651	0.00699	0.01114	0.01599	0.02057	0.05399	0.53642	0.22553	0.02351	0.00991	0.00307	0.00444	0.02091	0.00736	0.00651
13	0.05947	0.01996	0.05295	0.19711	0.07275	0.07403	0.11557	0.16521	0.04251	0.02953	0.01853	0.08223	0.01564	0.00963	0.00812	0.00256	0.00997	0.00854	0.00523	0.01045
14	0.12506	0.01540	0.05713	0.01811	0.07301	0.06873	0.06893	0.01859	0.01665	0.02413	0.02941	0.30111	0.03203	0.01632	0.00882	0.00291	0.00765	0.10179	0.00589	0.00832
15	0.01909	0.01927	0.03013	0.22713	0.39999	0.07375	0.06890	0.02388	0.01786	0.02376	0.01455	0.01974	0.01177	0.00737	0.00793	0.00243	0.01044	0.00707	0.00383	0.01110
16	0.00995	0.00779	0.00911	0.01000	0.01179	0.00695	0.00744	0.01197	0.01709	0.02134	0.06220	0.30094	0.36672	0.02200	0.00985	0.00300	0.00468	0.10313	0.00735	0.00669
17	0.06203	0.09254	0.05332	0.15838	0.03028	0.35801	0.01680	0.09437	0.02145	0.02387	0.01328	0.01611	0.01055	0.00807	0.00711	0.00221	0.01189	0.00564	0.00433	0.00975
18	0.01777	0.02891	0.30530	0.03250	0.18524	0.01909	0.24527	0.02503	0.01775	0.02540	0.01503	0.01906	0.01133	0.00712	0.00825	0.00253	0.01177	0.00738	0.00372	0.01155
19	0.18082	0.01363	0.01354	0.01154	0.01541	0.01483	0.00924	0.20956	0.02271	0.03722	0.07344	0.02527	0.02024	0.00950	0.00645	0.00219	0.00574	0.00723	0.31192	0.00950
20	0.02125	0.01799	0.02527	0.19966	0.16055	0.01968	0.05586	0.24241	0.05572	0.03291	0.02246	0.02507	0.06688	0.00938	0.00813	0.00250	0.00911	0.00811	0.00573	0.01133
21	0.07692	0.01570	0.02513	0.18059	0.14855	0.01698	0.10702	0.06554	0.01796	0.07384	0.01880	0.07842	0.01614	0.01414	0.07036	0.00355	0.04673	0.00865	0.00493	0.01006
22	0.01074	0.00851	0.01329	0.01354	0.01484	0.00798	0.07431	0.01277	0.01568	0.02093	0.04073	0.61788	0.04793	0.02282	0.01007	0.00318	0.00563	0.04524	0.00701	0.00692
23	0.02926	0.03704	0.02231	0.02027	0.02437	0.66507	0.01522	0.03205	0.04562	0.01991	0.01299	0.01486	0.01072	0.00827	0.00718	0.00207	0.01401	0.00525	0.00423	0.00932
24	0.02215	0.08894	0.07456	0.02530	0.12098	0.21774	0.12785	0.02744	0.06639	0.04606	0.01731	0.06061	0.01480	0.00913	0.00873	0.00241	0.04691	0.00766	0.00460	0.01042
25	0.01865	0.10260	0.08257	0.06886	0.21294	0.09474	0.07486	0.02305	0.01829	0.02386	0.07788	0.02916	0.02084	0.00997	0.00892	0.00251	0.04397	0.07151	0.00460	0.01022
26	0.01824	0.03707	0.56031	0.02233	0.03313	0.01866	0.05734	0.07756	0.01886	0.06077	0.01560	0.01769	0.01092	0.00778	0.00768	0.00251	0.01129	0.00625	0.00410	0.01191
27	0.01626	0.01207	0.01323	0.01192	0.01471	0.05712	0.00910	0.08840	0.02326	0.08100	0.41090	0.10423	0.09553	0.01536	0.00900	0.00252	0.00536	0.01323	0.00820	0.00860
28	0.01436	0.01452	0.06940	0.01683	0.10329	0.06203	0.01184	0.01732	0.01802	0.05615	0.07789	0.21671	0.25723	0.01685	0.00896	0.00269	0.00645	0.01453	0.00651	0.00842
29	0.01439	0.02125	0.22847	0.19120	0.10999	0.01474	0.02010	0.01998	0.01722	0.02375	0.08326	0.09697	0.08317	0.01166	0.00837	0.00264	0.00889	0.02952	0.00484	0.00959
30	0.01548	0.03806	0.61999	0.02147	0.03230	0.01743	0.02734	0.02420	0.01726	0.02571	0.07301	0.02056	0.01587	0.00831	0.00770	0.00251	0.01100	0.00662	0.00383	0.01134
31	0.01794	0.06254	0.03086	0.19008	0.32935	0.01949	0.09198	0.02253	0.01674	0.02314	0.01456	0.02014	0.01209	0.01047	0.04449	0.00304	0.06884	0.00720	0.00379	0.01073
32	0.01642	0.01889	0.11392	0.23884	0.26871	0.01684	0.05440	0.02168	0.01704	0.02346	0.01873	0.07821	0.01696	0.00977	0.00830	0.00264	0.00977	0.05081	0.00423	0.01037
33	0.13660	0.07068	0.01766	0.04490	0.04203	0.01383	0.05692	0.02033	0.07275	0.05267	0.09675	0.18085	0.10258	0.04551	0.00955	0.00286	0.00648	0.01212	0.00629	0.00862
34	0.17747	0.01723	0.07557	0.01801	0.10067	0.08197	0.01306	0.01913	0.01507	0.02321	0.02161	0.09597	0.06951	0.01504	0.01366	0.16515	0.05654	0.00855	0.00461	0.00797
35	0.12315	0.08273	0.06985	0.01767	0.05955	0.06435	0.01429	0.12595	0.01978	0.07752	0.02227	0.11208	0.05124	0.01182	0.01020	0.00260	0.11042	0.00881	0.00566	0.01006
36	0.01934	0.37798	0.02848	0.01415	0.01873	0.10818	0.01237	0.02314	0.06419	0.02017	0.01956	0.07885	0.01947	0.06254	0.04460	0.00310	0.00927	0.06209	0.00463	0.00915
37	0.01867	0.01574	0.01877	0.01597	0.07338	0.01378	0.01160	0.09847	0.07678	0.02944	0.01640	0.01820	0.01315	0.00685	0.00648	0.00155	0.00655	0.00557	0.00533	0.54731
38	0.07011	0.01386	0.02042	0.06659	0.18205	0.01426	0.05760	0.02303	0.09923	0.07329	0.04539	0.15677	0.02563	0.10188	0.01238	0.00329	0.00764	0.01103	0.00585	0.00970
39	0.08008	0.01415	0.02119	0.16981	0.11342	0.01550	0.05892	0.06207	0.05065	0.07356	0.02025	0.06782	0.01726	0.02166	0.17345	0.00505	0.01183	0.00850	0.00513	0.00969
40	0.07916	0.02116	0.21333	0.06655	0.08322	0.01429	0.01749	0.02578	0.01789	0.20777	0.02525	0.08312	0.05130	0.04740	0.00953	0.00282	0.00841	0.00877	0.00597	0.01079

[dist]
# distance from previous block
# <min> <max>
2	147

[block]
# block no. 10 follows, 24 sequences, length 21
# corresponding to MSA columns:
# 887-907
name=unknown_K
#
# <colnr> <probs for GDERKNQSTAVLIFYWHMCP>
#	G	D	E	R	K	N	Q	S	T	A	V	L	I	F	Y	W	H	M	C	P
0	0.08955	0.11994	0.17875	0.01687	0.02321	0.01630	0.11516	0.02036	0.01783	0.02558	0.13130	0.03553	0.15567	0.01123	0.00789	0.00245	0.00813	0.00962	0.00529	0.00933
1	0.04907	0.05534	0.08666	0.02081	0.11272	0.12528	0.01568	0.17582	0.07470	0.03222	0.10084	0.02435	0.02135	0.00950	0.00754	0.00231	0.00872	0.00753	0.05865	0.01090
2	0.14596	0.02198	0.12248	0.09192	0.02607	0.10306	0.05304	0.09434	0.01897	0.02754	0.01952	0.02340	0.05784	0.05083	0.03129	0.00295	0.00969	0.00704	0.00482	0.08726
3	0.06148	0.07932	0.07205	0.11520	0.09011	0.18044	0.01614	0.09498	0.02034	0.02568	0.05012	0.12005	0.02004	0.01079	0.00770	0.00242	0.00963	0.00872	0.00507	0.00973
4	0.05826	0.01553	0.01997	0.27779	0.08128	0.06233	0.01609	0.07236	0.05055	0.07732	0.02397	0.09644	0.05683	0.01327	0.04136	0.00309	0.00935	0.00920	0.00542	0.00959
5	0.02227	0.08936	0.02417	0.18537	0.06423	0.17692	0.01619	0.12722	0.06583	0.02675	0.01549	0.01824	0.01215	0.00800	0.00719	0.00215	0.00992	0.00614	0.00487	0.11755
6	0.15936	0.02040	0.05451	0.02195	0.15838	0.12854	0.01489	0.07288	0.01873	0.02778	0.04234	0.01999	0.01481	0.01434	0.09267	0.00348	0.01046	0.00634	0.00477	0.11339
7	0.03867	0.05696	0.08435	0.01346	0.01741	0.01264	0.04043	0.05232	0.01733	0.02418	0.11322	0.03921	0.13703	0.08181	0.19287	0.00557	0.01081	0.01003	0.00551	0.04618
8	0.01328	0.01079	0.01238	0.01289	0.01439	0.05632	0.00947	0.06435	0.01700	0.02228	0.03373	0.40390	0.03772	0.03114	0.18312	0.00552	0.00999	0.04795	0.00638	0.00740
9	0.02528	0.13081	0.02345	0.01788	0.02227	0.41175	0.01416	0.06627	0.07300	0.02270	0.01988	0.02470	0.04722	0.00995	0.00739	0.00223	0.01140	0.05511	0.00496	0.00959
10	0.01585	0.08092	0.19005	0.02108	0.13177	0.01616	0.01741	0.02371	0.11796	0.02603	0.10040	0.03772	0.12294	0.01176	0.00818	0.00255	0.00785	0.05167	0.00567	0.01032
11	0.02660	0.01704	0.01950	0.01543	0.02135	0.01732	0.01249	0.21149	0.19234	0.21650	0.02509	0.02358	0.01772	0.00931	0.00763	0.00228	0.00705	0.00744	0.00794	0.14192
12	0.03122	0.01247	0.01678	0.01339	0.01873	0.01080	0.01084	0.03405	0.02164	0.56751	0.03590	0.09787	0.06787	0.01200	0.00828	0.00254	0.00635	0.01001	0.00940	0.01233
13	0.08745	0.09978	0.01969	0.01362	0.01879	0.01450	0.04010	0.06427	0.02053	0.28934	0.03693	0.03825	0.15759	0.01212	0.00794	0.00250	0.00679	0.05163	0.00754	0.01066
14	0.01724	0.01236	0.01940	0.01806	0.06849	0.01187	0.10550	0.05279	0.01981	0.11492	0.16488	0.11888	0.06497	0.05481	0.04418	0.00351	0.00788	0.08434	0.00695	0.00915
15	0.01981	0.01168	0.01429	0.01239	0.01600	0.01134	0.00967	0.08487	0.08970	0.19436	0.27738	0.09813	0.09833	0.01439	0.00880	0.00257	0.00534	0.01233	0.00863	0.00997
16	0.01748	0.02592	0.32065	0.02341	0.11082	0.01540	0.07107	0.02356	0.01719	0.09570	0.02134	0.12571	0.01875	0.01421	0.05986	0.00338	0.01065	0.00926	0.00486	0.01079
17	0.04594	0.17119	0.02726	0.11117	0.13819	0.14988	0.01658	0.12374	0.02061	0.02580	0.01465	0.01820	0.01210	0.01303	0.07606	0.00325	0.01129	0.00616	0.00450	0.01039
18	0.01941	0.01606	0.02464	0.14000	0.16482	0.01690	0.08699	0.13932	0.02198	0.06482	0.11807	0.06290	0.04604	0.01069	0.00900	0.00256	0.02974	0.00957	0.00594	0.01056
19	0.02059	0.01870	0.02508	0.02634	0.18903	0.08713	0.07765	0.10385	0.01979	0.06325	0.02145	0.02519	0.06322	0.01692	0.10646	0.00400	0.10779	0.00807	0.00505	0.01045
20	0.05572	0.01964	0.09733	0.12342	0.17908	0.05686	0.05352	0.06960	0.01910	0.04977	0.05257	0.09761	0.01953	0.00994	0.00793	0.00244	0.00898	0.00876	0.00506	0.06313

[dist]
# distance from previous block
# <min> <max>
5	19

[block]
# block no. 11 follows, 24 sequences, length 28
# corresponding to MSA columns:
# 927-947,954-960
name=unknown_L
#
# <colnr> <probs for GDERKNQSTAVLIFYWHMCP>
#	G	D	E	R	K	N	Q	S	T	A	V	L	I	F	Y	W	H	M	C	P
0	0.02908	0.01746	0.02255	0.09705	0.17187	0.08891	0.01605	0.03265	0.02088	0.38609	0.02362	0.02329	0.01601	0.00881	0.00785	0.00241	0.00860	0.00735	0.00717	0.01230
1	0.01457	0.22715	0.02228	0.01712	0.10739	0.01577	0.01164	0.01678	0.01587	0.02056	0.02971	0.40406	0.03397	0.01685	0.00827	0.00264	0.00646	0.01480	0.00567	0.00844
2	0.01159	0.00930	0.01256	0.01346	0.04896	0.00983	0.00960	0.01527	0.04953	0.02056	0.03929	0.08257	0.20270	0.04101	0.38692	0.00828	0.01402	0.01156	0.00549	0.00753
3	0.01819	0.01954	0.02211	0.47150	0.04330	0.18584	0.01897	0.02238	0.01771	0.02014	0.01927	0.02412	0.06650	0.00902	0.00786	0.00249	0.01095	0.00738	0.00399	0.00873
4	0.13259	0.01184	0.01459	0.01240	0.01659	0.01107	0.00964	0.02815	0.01872	0.38654	0.03018	0.16260	0.02549	0.08936	0.01146	0.00317	0.00634	0.01069	0.00810	0.01048
5	0.01472	0.01321	0.01813	0.01620	0.01648	0.01734	0.01277	0.01624	0.01211	0.01803	0.01616	0.02866	0.01684	0.19916	0.15955	0.00634	0.39832	0.00839	0.00395	0.00740
6	0.02170	0.02043	0.03043	0.04272	0.54258	0.05893	0.02250	0.11242	0.02103	0.02892	0.01534	0.01923	0.01255	0.00748	0.00782	0.00234	0.00961	0.00696	0.00450	0.01249
7	0.02104	0.02152	0.03082	0.04469	0.58049	0.11349	0.02306	0.02537	0.01868	0.02499	0.01454	0.01887	0.01223	0.00722	0.00775	0.00231	0.01011	0.00679	0.00395	0.01209
8	0.01314	0.01161	0.01769	0.39457	0.03618	0.01323	0.01621	0.01728	0.01688	0.02122	0.03616	0.04823	0.18302	0.01369	0.00888	0.00285	0.00829	0.12767	0.00522	0.00799
9	0.01481	0.01423	0.02062	0.02312	0.16127	0.06923	0.10142	0.01775	0.01704	0.02218	0.03224	0.38117	0.05829	0.01679	0.00923	0.00283	0.00770	0.01559	0.00586	0.00862
10	0.02121	0.11715	0.02099	0.09712	0.05444	0.12974	0.01271	0.05081	0.03367	0.11880	0.02152	0.08560	0.01992	0.16570	0.01468	0.00351	0.00896	0.00881	0.00547	0.00917
11	0.02104	0.09336	0.33624	0.02488	0.12017	0.22349	0.02305	0.02688	0.01862	0.02296	0.01346	0.01608	0.01046	0.00760	0.00726	0.00228	0.01191	0.00567	0.00366	0.01094
12	0.01394	0.01074	0.01190	0.01122	0.01313	0.01140	0.00781	0.02181	0.21814	0.02430	0.14539	0.04762	0.07408	0.32852	0.02275	0.00488	0.00632	0.01154	0.00669	0.00785
13	0.10300	0.02153	0.02043	0.01662	0.02176	0.13071	0.01338	0.29078	0.05350	0.08433	0.05568	0.02072	0.01663	0.00954	0.00853	0.00234	0.05064	0.00689	0.00668	0.06632
14	0.01090	0.00774	0.00872	0.00880	0.00958	0.00736	0.00548	0.01176	0.01416	0.01845	0.09316	0.10593	0.17443	0.45748	0.02875	0.00583	0.00633	0.01371	0.00588	0.00556
15	0.02517	0.03010	0.02374	0.12720	0.08434	0.46326	0.04094	0.02780	0.02022	0.02000	0.01300	0.01665	0.01075	0.00912	0.00881	0.04713	0.01284	0.00584	0.00395	0.00914
16	0.01746	0.02282	0.22411	0.26943	0.03777	0.01720	0.05279	0.05002	0.01767	0.07113	0.01949	0.02303	0.05091	0.00889	0.00882	0.00255	0.04658	0.00733	0.00443	0.04756
17	0.06484	0.17913	0.14977	0.02522	0.15307	0.09322	0.10683	0.02527	0.01802	0.05245	0.03341	0.01971	0.02986	0.00787	0.00724	0.00227	0.01012	0.00666	0.00426	0.01078
18	0.01378	0.08931	0.22102	0.01401	0.01959	0.01294	0.01453	0.01799	0.01706	0.05069	0.04311	0.18350	0.24124	0.01542	0.00847	0.00263	0.00709	0.01295	0.00583	0.00884
19	0.01133	0.00850	0.01274	0.01274	0.01416	0.00991	0.00991	0.01416	0.01274	0.01841	0.02124	0.03115	0.01982	0.05947	0.68989	0.01274	0.02124	0.00850	0.00425	0.00708
20	0.02183	0.20959	0.17279	0.12723	0.03111	0.18703	0.05654	0.02642	0.01832	0.05950	0.01400	0.01668	0.01088	0.00764	0.00701	0.00221	0.01115	0.00578	0.00399	0.01028
21	0.01698	0.08560	0.26423	0.07018	0.22678	0.01847	0.06796	0.02297	0.01689	0.02388	0.01677	0.07007	0.01455	0.01083	0.03756	0.00291	0.01068	0.00776	0.00392	0.01100
22	0.01892	0.02083	0.04360	0.03676	0.17936	0.01979	0.50769	0.02517	0.01857	0.02551	0.01580	0.02100	0.01215	0.00677	0.00903	0.00260	0.01251	0.00886	0.00399	0.01110
23	0.01840	0.01888	0.06804	0.04167	0.51443	0.01750	0.05006	0.02331	0.01804	0.02553	0.01875	0.02939	0.01706	0.00917	0.00834	0.00256	0.00943	0.09339	0.00437	0.01169
24	0.02042	0.02526	0.24055	0.12342	0.18223	0.03426	0.05516	0.04254	0.05705	0.11561	0.01797	0.02046	0.01307	0.00801	0.00785	0.00249	0.01009	0.00698	0.00485	0.01173
25	0.01870	0.02032	0.15977	0.02251	0.09547	0.01535	0.13220	0.05111	0.04673	0.11338	0.02931	0.12527	0.09159	0.01186	0.00907	0.00266	0.02757	0.01070	0.00583	0.01059
26	0.01036	0.00767	0.01020	0.01142	0.01256	0.00751	0.00839	0.01241	0.01552	0.02051	0.04425	0.40884	0.13213	0.03056	0.14320	0.00507	0.00813	0.09781	0.00674	0.00672
27	0.55873	0.01657	0.06946	0.05368	0.01947	0.01661	0.01175	0.02231	0.01459	0.03209	0.01586	0.02451	0.01406	0.00946	0.00617	0.00264	0.00704	0.09128	0.00503	0.00869

[dist]
# distance from previous block
# <min> <max>
8	14

[block]
# block no. 12 follows, 24 sequences, length 24
# corresponding to MSA columns:
# 975-998
name=unknown_M
#
# <colnr> <probs for GDERKNQSTAVLIFYWHMCP>
#	G	D	E	R	K	N	Q	S	T	A	V	L	I	F	Y	W	H	M	C	P
0	0.07476	0.16871	0.02033	0.01232	0.01723	0.01668	0.01035	0.09041	0.05808	0.04615	0.17914	0.03262	0.08888	0.01080	0.00721	0.00210	0.00614	0.00863	0.00634	0.14313
1	0.02508	0.16909	0.06611	0.02001	0.05586	0.28054	0.03240	0.11934	0.10887	0.02636	0.01606	0.01734	0.01273	0.00831	0.00709	0.00217	0.01083	0.00600	0.00499	0.01082
2	0.01709	0.01437	0.01737	0.01528	0.01688	0.01750	0.01168	0.08307	0.15523	0.02390	0.02114	0.03229	0.02018	0.26070	0.02535	0.00467	0.24027	0.00901	0.00538	0.00864
3	0.01863	0.02248	0.14436	0.03658	0.41887	0.04361	0.02229	0.02468	0.04635	0.02618	0.05393	0.02146	0.01615	0.00781	0.00772	0.00231	0.00929	0.00712	0.00435	0.06581
4	0.01932	0.01265	0.01484	0.01135	0.01701	0.01041	0.00905	0.02354	0.04261	0.13270	0.02017	0.02154	0.01539	0.00744	0.00623	0.00159	0.00556	0.00599	0.17176	0.45088
5	0.02568	0.02209	0.02115	0.01765	0.02291	0.11049	0.01404	0.30986	0.29684	0.03885	0.02372	0.02286	0.01757	0.00986	0.00789	0.00247	0.00843	0.00764	0.00748	0.01252
6	0.01952	0.20794	0.43384	0.01947	0.02924	0.02150	0.02325	0.06267	0.01825	0.07306	0.01498	0.01664	0.01099	0.00763	0.00698	0.00230	0.01037	0.00569	0.00411	0.01157
7	0.02717	0.01932	0.09419	0.05964	0.13038	0.01701	0.01692	0.14376	0.08544	0.28777	0.02370	0.02317	0.01627	0.00905	0.00791	0.00246	0.00825	0.00749	0.00729	0.01280
8	0.02948	0.13681	0.02302	0.01519	0.02078	0.06052	0.01275	0.05878	0.10893	0.37852	0.02528	0.02334	0.01737	0.00951	0.00833	0.00238	0.04178	0.00721	0.00774	0.01229
9	0.01760	0.01652	0.02748	0.04090	0.53893	0.01636	0.02083	0.02168	0.01767	0.02485	0.02320	0.11625	0.06250	0.01032	0.00826	0.00249	0.00841	0.00978	0.00462	0.01135
10	0.07159	0.24644	0.16546	0.02116	0.11550	0.13502	0.01774	0.02418	0.01733	0.02247	0.01567	0.08390	0.01454	0.00903	0.00682	0.00222	0.00974	0.00693	0.00407	0.01020
11	0.01859	0.01501	0.02136	0.37033	0.09681	0.05265	0.01774	0.02400	0.05581	0.11025	0.07467	0.05026	0.03924	0.00991	0.00813	0.00257	0.00894	0.00860	0.00538	0.00977
12	0.01034	0.00749	0.00977	0.01043	0.01162	0.00692	0.00736	0.01280	0.01855	0.02545	0.32341	0.39513	0.08961	0.02079	0.00975	0.00287	0.00419	0.01863	0.00797	0.00692
13	0.01493	0.00903	0.01117	0.01010	0.01297	0.00797	0.00776	0.01801	0.02113	0.14198	0.37274	0.05890	0.25026	0.01629	0.00912	0.00254	0.00436	0.01397	0.00849	0.00829
14	0.02094	0.10215	0.18700	0.15533	0.05348	0.08599	0.01969	0.08041	0.09266	0.07380	0.01727	0.01948	0.01291	0.00853	0.00817	0.00244	0.03729	0.00655	0.00490	0.01101
15	0.02280	0.02134	0.01826	0.01610	0.01976	0.19930	0.01230	0.19033	0.12617	0.02921	0.02256	0.03253	0.02037	0.16582	0.01508	0.00360	0.00950	0.05904	0.00617	0.00976
16	0.01162	0.00778	0.00950	0.00952	0.01111	0.00747	0.00693	0.01450	0.01805	0.02623	0.27432	0.14306	0.11430	0.06830	0.07431	0.00378	0.00578	0.01348	0.17292	0.00701
17	0.01965	0.05827	0.31711	0.06229	0.13504	0.06432	0.02263	0.02871	0.11569	0.07362	0.01808	0.01984	0.01337	0.00815	0.00759	0.00245	0.01012	0.00663	0.00470	0.01172
18	0.02271	0.02207	0.02931	0.04072	0.49999	0.14660	0.02168	0.02679	0.01924	0.07268	0.01561	0.01915	0.01263	0.00748	0.00773	0.00230	0.01016	0.00676	0.00439	0.01199
19	0.02249	0.01940	0.03683	0.02687	0.03399	0.01859	0.41698	0.08624	0.05926	0.14044	0.04182	0.02389	0.01631	0.00805	0.00891	0.00260	0.01105	0.00906	0.00577	0.01144
20	0.01455	0.01928	0.16701	0.08560	0.07578	0.01469	0.13720	0.01979	0.01614	0.02244	0.02341	0.05894	0.06138	0.02365	0.19354	0.00541	0.01333	0.03417	0.00438	0.00931
21	0.01967	0.06872	0.06033	0.09836	0.39633	0.01856	0.02066	0.06926	0.01951	0.05441	0.05443	0.02404	0.04416	0.00851	0.00781	0.00237	0.00886	0.00767	0.00478	0.01157
22	0.01597	0.01573	0.02422	0.20569	0.16964	0.06056	0.10475	0.02018	0.01796	0.02338	0.08845	0.11269	0.08400	0.01156	0.00860	0.00260	0.00897	0.01073	0.00505	0.00929
23	0.01445	0.01353	0.02231	0.63740	0.05051	0.01660	0.02053	0.01943	0.01606	0.02037	0.02028	0.02630	0.07204	0.00906	0.00806	0.00265	0.00996	0.00795	0.00388	0.00861

[dist]
# distance from previous block
# <min> <max>
0	3

[block]
# block no. 13 follows, 24 sequences, length 8
# corresponding to MSA columns:
# 1002-1009
name=unknown_N
#
# <colnr> <probs for GDERKNQSTAVLIFYWHMCP>
#	G	D	E	R	K	N	Q	S	T	A	V	L	I	F	Y	W	H	M	C	P
0	0.02584	0.01993	0.02281	0.01955	0.08431	0.02066	0.01458	0.43563	0.03043	0.04187	0.01745	0.01847	0.01298	0.00841	0.00743	0.00209	0.00810	0.00654	0.00677	0.19614
1	0.01610	0.01524	0.02581	0.54433	0.20376	0.01791	0.02258	0.02125	0.01639	0.02162	0.01429	0.02078	0.01105	0.00772	0.00791	0.00257	0.01029	0.00705	0.00362	0.00972
2	0.01968	0.01711	0.02566	0.39134	0.18490	0.01958	0.02086	0.17222	0.02152	0.02870	0.01547	0.02030	0.01172	0.00812	0.00791	0.00252	0.00987	0.00707	0.00468	0.01078
3	0.01588	0.01586	0.02934	0.54065	0.05143	0.01821	0.17208	0.02150	0.01655	0.02150	0.01457	0.02120	0.01092	0.00763	0.00827	0.00265	0.01125	0.00761	0.00364	0.00926
4	0.01915	0.01538	0.02193	0.02765	0.27337	0.01575	0.01644	0.08348	0.11575	0.07117	0.04875	0.08102	0.06814	0.01237	0.00862	0.00267	0.00757	0.09339	0.00637	0.01104
5	0.01557	0.02451	0.27715	0.01763	0.02328	0.06415	0.05542	0.02038	0.01531	0.02155	0.01802	0.02770	0.01641	0.18638	0.08754	0.00482	0.05585	0.00783	0.05164	0.00885
6	0.01721	0.22945	0.08184	0.01488	0.01996	0.06577	0.04851	0.05879	0.01810	0.02236	0.03235	0.03382	0.19197	0.01724	0.08903	0.00353	0.03219	0.00893	0.00495	0.00911
7	0.07286	0.16319	0.15997	0.01547	0.02159	0.05569	0.05372	0.05857	0.01894	0.02553	0.09132	0.03435	0.17556	0.01133	0.00758	0.00236	0.00811	0.00910	0.00531	0.00946

[dist]
# distance from previous block
# <min> <max>
1	2

[block]
# block no. 14 follows, 24 sequences, length 23
# corresponding to MSA columns:
# 1012-1034
name=unknown_O
#
# <colnr> <probs for GDERKNQSTAVLIFYWHMCP>
#	G	D	E	R	K	N	Q	S	T	A	V	L	I	F	Y	W	H	M	C	P
0	0.01760	0.12517	0.08959	0.02033	0.09573	0.01705	0.09959	0.02448	0.11147	0.06676	0.08231	0.08830	0.10511	0.01159	0.00815	0.00249	0.00786	0.01026	0.00589	0.01026
1	0.02138	0.30804	0.02671	0.01465	0.01891	0.22134	0.01200	0.02452	0.05967	0.01909	0.01603	0.02335	0.01542	0.17219	0.01403	0.00325	0.00989	0.00649	0.00424	0.00880
2	0.01246	0.01072	0.01564	0.01722	0.12213	0.00991	0.05157	0.01595	0.01995	0.02679	0.31265	0.05617	0.26729	0.01543	0.00911	0.00255	0.00541	0.01365	0.00715	0.00826
