[name]
unknown

[dist]
# distance from previous block
# <min> <max>
0	98

[block]
# block no. 0 follows, 24 sequences, length 8
# corresponding to MSA columns:
# 128-135
name=unknown_A
#
# <colnr> <probs for GDERKNQSTAVLIFYWHMCP>
#	G	D	E	R	K	N	Q	S	T	A	V	L	I	F	Y	W	H	M	C	P
0	0.04371	0.01544	0.05478	0.01691	0.05019	0.01491	0.03906	0.14036	0.09987	0.05994	0.09619	0.04257	0.02947	0.09140	0.05053	0.00385	0.00842	0.12584	0.00675	0.00982
1	0.02148	0.09728	0.07621	0.02118	0.11215	0.01847	0.04612	0.12477	0.04601	0.12043	0.04871	0.02373	0.01765	0.01789	0.12695	0.00421	0.05247	0.00755	0.00572	0.01101
2	0.01727	0.01395	0.07319	0.05472	0.02240	0.01141	0.11052	0.02094	0.01811	0.15398	0.06515	0.26379	0.08371	0.01570	0.00917	0.00283	0.00735	0.03976	0.00684	0.00920
3	0.01065	0.00757	0.00958	0.01046	0.01156	0.00741	0.00740	0.01252	0.01506	0.02050	0.04197	0.34400	0.13776	0.10117	0.13361	0.00520	0.00782	0.04018	0.06902	0.00654
4	0.02320	0.27805	0.12061	0.01680	0.02334	0.09264	0.01591	0.22032	0.02347	0.02967	0.01683	0.07342	0.01469	0.00938	0.00696	0.00219	0.00929	0.00698	0.00522	0.01103
5	0.01726	0.10638	0.22405	0.21989	0.06057	0.01966	0.05649	0.06619	0.01772	0.02415	0.01563	0.02180	0.01262	0.01098	0.04145	0.00303	0.03612	0.03175	0.00400	0.01027
6	0.01129	0.00894	0.01321	0.08777	0.08723	0.00895	0.01073	0.01344	0.01556	0.02086	0.03749	0.56798	0.04374	0.02115	0.00965	0.00307	0.00575	0.01925	0.00659	0.00735
7	0.01146	0.00799	0.01018	0.01018	0.01070	0.00852	0.00671	0.01251	0.01198	0.01651	0.02359	0.04416	0.02547	0.47448	0.28260	0.00957	0.01274	0.01040	0.00460	0.00565

[dist]
# distance from previous block
# <min> <max>
0	1

[block]
# block no. 1 follows, 24 sequences, length 14
# corresponding to MSA columns:
# 137-150
name=unknown_B
#
# <colnr> <probs for GDERKNQSTAVLIFYWHMCP>
#	G	D	E	R	K	N	Q	S	T	A	V	L	I	F	Y	W	H	M	C	P
0	0.01734	0.01566	0.02008	0.10749	0.18252	0.07252	0.01516	0.07892	0.05254	0.02533	0.06605	0.13828	0.02525	0.06014	0.08362	0.00397	0.00975	0.01042	0.00545	0.00950
1	0.02243	0.01166	0.01438	0.01255	0.01613	0.01126	0.00967	0.09919	0.04927	0.25524	0.07508	0.20043	0.03147	0.04628	0.00976	0.00281	0.00588	0.01204	0.10431	0.01013
2	0.01081	0.00738	0.00886	0.00957	0.00975	0.00721	0.00579	0.01134	0.01294	0.01726	0.03222	0.30866	0.03796	0.45209	0.02867	0.00596	0.00649	0.01579	0.00579	0.00544
3	0.02316	0.18293	0.12732	0.01731	0.05134	0.02040	0.01563	0.12419	0.12032	0.14798	0.02538	0.02485	0.06639	0.00955	0.00736	0.00233	0.00805	0.00746	0.00632	0.01173
4	0.01846	0.13771	0.15709	0.21995	0.07735	0.02117	0.15863	0.07222	0.01851	0.02473	0.01449	0.01873	0.01108	0.00747	0.00770	0.00243	0.01085	0.00688	0.00395	0.01060
5	0.01133	0.00850	0.01274	0.01274	0.01416	0.00991	0.00991	0.01416	0.01274	0.01841	0.02124	0.03115	0.01982	0.05947	0.68989	0.01274	0.02124	0.00850	0.00425	0.00708
6	0.01341	0.01086	0.01278	0.10118	0.01792	0.06243	0.00974	0.01434	0.01448	0.01801	0.03224	0.06434	0.16692	0.07733	0.13940	0.21353	0.00984	0.01024	0.00479	0.00621
7	0.01819	0.01579	0.02018	0.08959	0.16934	0.04795	0.01538	0.11679	0.09104	0.02945	0.10932	0.04100	0.09453	0.01252	0.00863	0.00264	0.00776	0.09333	0.00638	0.01020
8	0.01461	0.01792	0.13513	0.02020	0.12488	0.05710	0.01522	0.01955	0.05607	0.02355	0.05743	0.27607	0.07471	0.01602	0.00895	0.00281	0.00753	0.05724	0.00595	0.00906
9	0.01479	0.01476	0.01618	0.01432	0.01693	0.12079	0.07304	0.01730	0.01789	0.02200	0.13583	0.09988	0.20618	0.09611	0.04949	0.00373	0.05470	0.01253	0.00599	0.00755
10	0.01802	0.13289	0.01913	0.01339	0.01620	0.06092	0.01060	0.11772	0.01716	0.02209	0.01647	0.02371	0.01509	0.05771	0.19180	0.23638	0.01169	0.00698	0.00447	0.00759
11	0.02130	0.17600	0.02759	0.02399	0.18941	0.07312	0.04303	0.12845	0.04444	0.02828	0.01825	0.05611	0.01558	0.00886	0.00707	0.00219	0.00849	0.00733	0.10972	0.01080
12	0.02035	0.19295	0.05407	0.01811	0.04519	0.13260	0.07235	0.07123	0.01804	0.02264	0.01590	0.02292	0.01455	0.12835	0.01437	0.00316	0.08122	0.00698	0.05580	0.00923
13	0.04950	0.07145	0.04280	0.06467	0.02219	0.04781	0.06512	0.08754	0.05764	0.02629	0.06798	0.08879	0.06540	0.04806	0.08501	0.00375	0.00940	0.00952	0.00558	0.08149

[dist]
# distance from previous block
# <min> <max>
5	72

[block]
# block no. 2 follows, 24 sequences, length 12
# corresponding to MSA columns:
# 241-252
name=unknown_C
#
# <colnr> <probs for GDERKNQSTAVLIFYWHMCP>
#	G	D	E	R	K	N	Q	S	T	A	V	L	I	F	Y	W	H	M	C	P
0	0.01899	0.11981	0.19921	0.16947	0.05849	0.04458	0.04443	0.12487	0.01986	0.02638	0.01664	0.05595	0.01405	0.04304	0.00914	0.00268	0.01004	0.00741	0.00450	0.01046
1	0.01676	0.01619	0.10071	0.01854	0.09454	0.01259	0.06876	0.02233	0.06589	0.10588	0.12946	0.04277	0.21085	0.01267	0.00853	0.00249	0.00697	0.01106	0.00659	0.04641
2	0.01284	0.00857	0.01044	0.01041	0.01256	0.00781	0.00762	0.01600	0.04482	0.08644	0.20533	0.27565	0.23292	0.01934	0.00943	0.00279	0.00449	0.01691	0.00796	0.00769
3	0.02132	0.18461	0.07566	0.01693	0.07139	0.08330	0.01355	0.02551	0.05734	0.14752	0.02771	0.08853	0.08468	0.05657	0.00958	0.00267	0.00807	0.00904	0.00586	0.01015
4	0.01870	0.08428	0.29050	0.05468	0.15823	0.02049	0.08311	0.07294	0.05953	0.02672	0.01562	0.01864	0.01195	0.00797	0.00852	0.00248	0.04313	0.00670	0.00420	0.01159
5	0.00966	0.00690	0.00920	0.01104	0.01150	0.00644	0.00736	0.01104	0.01518	0.02024	0.04371	0.71614	0.05245	0.02484	0.01012	0.00322	0.00460	0.02254	0.00736	0.00644
6	0.01597	0.05509	0.16455	0.08787	0.02748	0.05701	0.10599	0.02322	0.10446	0.02379	0.02900	0.16010	0.08685	0.01250	0.00845	0.00266	0.00895	0.01109	0.00533	0.00964
7	0.05658	0.09595	0.10781	0.02041	0.09441	0.06716	0.07905	0.02017	0.01607	0.02219	0.02089	0.14906	0.02058	0.02264	0.16664	0.00490	0.01208	0.00973	0.00457	0.00913
8	0.02602	0.07518	0.18536	0.01581	0.02283	0.01592	0.01583	0.10844	0.02173	0.29534	0.02316	0.02267	0.01582	0.00889	0.00731	0.00232	0.00796	0.00697	0.11048	0.01196
9	0.01083	0.00772	0.00865	0.00878	0.00956	0.00733	0.00546	0.01163	0.01399	0.01811	0.07342	0.11671	0.18629	0.45540	0.02867	0.00582	0.00633	0.01389	0.00585	0.00554
10	0.01719	0.01939	0.11983	0.11308	0.21598	0.01656	0.09908	0.07588	0.01849	0.02555	0.02055	0.13490	0.01950	0.05608	0.01047	0.00294	0.00944	0.00999	0.00477	0.01032
11	0.09387	0.12921	0.07537	0.01277	0.01682	0.01416	0.01111	0.02069	0.05759	0.09576	0.03403	0.28373	0.09374	0.01555	0.00810	0.00266	0.00630	0.01317	0.00643	0.00893

[dist]
# distance from previous block
# <min> <max>
0	10

[block]
# block no. 3 follows, 24 sequences, length 45
# corresponding to MSA columns:
# 272-276,298-325,327-338
name=unknown_D
#
# <colnr> <probs for GDERKNQSTAVLIFYWHMCP>
#	G	D	E	R	K	N	Q	S	T	A	V	L	I	F	Y	W	H	M	C	P
0	0.01120	0.00831	0.00934	0.00959	0.01083	0.00800	0.00649	0.01343	0.04844	0.01934	0.04559	0.13342	0.22704	0.33935	0.02361	0.00509	0.00613	0.06239	0.00623	0.00616
1	0.02931	0.02116	0.02296	0.01754	0.02393	0.02287	0.01446	0.56741	0.03495	0.07734	0.01922	0.01920	0.01363	0.00924	0.00777	0.00229	0.00841	0.00698	0.00776	0.07356
2	0.01973	0.01607	0.02478	0.11112	0.33605	0.01636	0.01876	0.08458	0.02054	0.07781	0.09852	0.02962	0.02275	0.00967	0.00819	0.00245	0.00831	0.04796	0.00557	0.04116
3	0.13835	0.03314	0.02043	0.01860	0.02269	0.55932	0.01408	0.02962	0.02070	0.02173	0.01250	0.01488	0.01042	0.01045	0.03868	0.00260	0.01343	0.00515	0.00421	0.00901
4	0.01659	0.10528	0.58836	0.02144	0.03235	0.01971	0.02702	0.02578	0.04659	0.02487	0.01477	0.01696	0.01072	0.00761	0.00733	0.00244	0.01116	0.00585	0.00357	0.01161
5	0.01690	0.14847	0.43773	0.04141	0.06142	0.02038	0.06358	0.02397	0.01658	0.02357	0.01488	0.04422	0.01201	0.00825	0.00801	0.00244	0.03494	0.00660	0.00359	0.01105
6	0.01077	0.00760	0.00945	0.00970	0.01105	0.00696	0.00683	0.01222	0.01714	0.02272	0.23290	0.21437	0.20930	0.06524	0.01466	0.11542	0.00473	0.01564	0.00703	0.00627
7	0.02071	0.44264	0.24704	0.01655	0.02488	0.02548	0.01851	0.02546	0.01688	0.07705	0.01380	0.01525	0.01094	0.00729	0.00613	0.00203	0.00938	0.00509	0.00393	0.01096
8	0.07177	0.54112	0.16672	0.01515	0.02279	0.02787	0.01636	0.02399	0.01606	0.02110	0.01166	0.01353	0.01004	0.00697	0.00556	0.00191	0.00897	0.00457	0.00349	0.01038
9	0.00996	0.00789	0.00896	0.00905	0.01116	0.00689	0.00665	0.01239	0.01894	0.02431	0.24804	0.16529	0.40310	0.01964	0.00948	0.00270	0.00402	0.01688	0.00777	0.00689
10	0.02569	0.02166	0.02258	0.01895	0.02203	0.16614	0.01538	0.11468	0.02019	0.16309	0.01646	0.01897	0.01276	0.01116	0.01553	0.00279	0.30908	0.00679	0.00558	0.01049
11	0.02027	0.01731	0.01824	0.01625	0.02083	0.01998	0.01268	0.07388	0.62489	0.03406	0.03158	0.02903	0.02364	0.01069	0.00806	0.00267	0.00640	0.00887	0.00806	0.01260
12	0.08752	0.06393	0.21237	0.09399	0.11872	0.09172	0.01961	0.04273	0.01822	0.09325	0.01790	0.07347	0.01482	0.00919	0.00747	0.00245	0.00972	0.00743	0.00479	0.01071
13	0.02057	0.28726	0.02742	0.06992	0.02256	0.17190	0.01383	0.04814	0.01755	0.02057	0.01443	0.01851	0.01267	0.01835	0.14552	0.00419	0.04128	0.00586	0.03030	0.00920
14	0.00968	0.00721	0.00902	0.01034	0.01135	0.00655	0.00708	0.01132	0.01619	0.02111	0.08444	0.54354	0.18656	0.02336	0.00992	0.00307	0.00443	0.02086	0.00743	0.00655
15	0.02021	0.01772	0.02986	0.14171	0.52963	0.01809	0.02299	0.02488	0.01810	0.07682	0.01610	0.02043	0.01283	0.00741	0.00787	0.00241	0.00938	0.00713	0.00433	0.01209
16	0.01140	0.00822	0.01134	0.01134	0.01226	0.00915	0.00815	0.01326	0.01233	0.01736	0.02253	0.03829	0.02292	0.28719	0.46641	0.01100	0.01658	0.00954	0.00444	0.00630
17	0.00979	0.00700	0.00931	0.01096	0.01153	0.00652	0.00737	0.01135	0.01576	0.02116	0.09327	0.66396	0.05422	0.02416	0.01006	0.00316	0.00453	0.02189	0.00747	0.00652
18	0.01277	0.00823	0.01111	0.01238	0.01384	0.00778	0.00950	0.01508	0.01694	0.07367	0.04354	0.42328	0.07118	0.02247	0.01021	0.00329	0.00567	0.22423	0.00754	0.00730
19	0.01006	0.00759	0.00979	0.01064	0.01192	0.00732	0.00761	0.01207	0.01583	0.02093	0.09121	0.37569	0.18837	0.03060	0.15618	0.00509	0.00799	0.01761	0.00679	0.00671
20	0.01868	0.01549	0.01763	0.01300	0.01977	0.01326	0.01045	0.11337	0.06327	0.02989	0.01606	0.01772	0.01285	0.00674	0.00633	0.00146	0.00632	0.00535	0.00540	0.60697
21	0.01165	0.00891	0.01309	0.01291	0.01416	0.01052	0.00998	0.01425	0.01264	0.01825	0.02091	0.03172	0.01989	0.09827	0.61489	0.01195	0.05612	0.00860	0.00424	0.00702
22	0.00996	0.00742	0.00896	0.00984	0.01098	0.00676	0.00670	0.01157	0.01622	0.02109	0.11181	0.39987	0.21771	0.10687	0.01350	0.00354	0.00473	0.01885	0.00719	0.00641
23	0.01614	0.01123	0.01473	0.07304	0.05901	0.01141	0.01110	0.06580	0.08091	0.09862	0.03843	0.35831	0.09377	0.01765	0.00912	0.00287	0.00606	0.01562	0.00721	0.00896
24	0.33992	0.01459	0.01584	0.01276	0.01840	0.01468	0.01053	0.05626	0.01949	0.38911	0.02249	0.02088	0.01485	0.00880	0.00671	0.00245	0.00657	0.00643	0.00773	0.01148
25	0.01594	0.02161	0.20482	0.11833	0.02744	0.01773	0.01869	0.06095	0.01682	0.02400	0.08079	0.02710	0.04134	0.06878	0.03355	0.00347	0.19665	0.00814	0.00451	0.00933
26	0.01264	0.00949	0.01139	0.01157	0.01342	0.00968	0.00840	0.01943	0.15575	0.02720	0.23272	0.32063	0.05118	0.01813	0.00914	0.00279	0.00464	0.01610	0.05755	0.00814
27	0.06136	0.01313	0.01661	0.01612	0.06177	0.01372	0.05195	0.11277	0.10819	0.03067	0.06982	0.15757	0.05620	0.01346	0.00813	0.00259	0.00633	0.04323	0.14696	0.00943
28	0.01213	0.00973	0.01455	0.20553	0.02468	0.01076	0.01257	0.01544	0.01619	0.02167	0.10799	0.18728	0.05455	0.04819	0.13601	0.00492	0.00969	0.09491	0.00578	0.00742
29	0.01477	0.02991	0.43173	0.02012	0.02862	0.01567	0.08170	0.02178	0.01674	0.02418	0.06460	0.02739	0.05977	0.05767	0.06780	0.00373	0.01138	0.00806	0.00421	0.01018
30	0.01538	0.01270	0.01741	0.04438	0.19603	0.01301	0.01306	0.02246	0.13625	0.02741	0.12664	0.09170	0.11583	0.01259	0.00816	0.00248	0.00610	0.01105	0.11770	0.00966
31	0.01680	0.01390	0.01823	0.01922	0.15750	0.01209	0.01205	0.04543	0.01800	0.04835	0.04835	0.03038	0.11409	0.05574	0.00936	0.00222	0.00655	0.00801	0.00539	0.35833
32	0.06491	0.38682	0.03106	0.01567	0.02131	0.19868	0.01364	0.04592	0.11114	0.02276	0.01465	0.01576	0.01222	0.00783	0.00612	0.00199	0.00954	0.00523	0.00446	0.01027
33	0.01208	0.00987	0.01263	0.01293	0.01438	0.01073	0.01003	0.01558	0.05960	0.02171	0.04412	0.27278	0.17321	0.02299	0.05680	0.00380	0.10933	0.12336	0.00662	0.00744
34	0.02325	0.13627	0.09709	0.02435	0.13012	0.10449	0.08375	0.09437	0.06222	0.09334	0.01696	0.01894	0.01301	0.00843	0.00876	0.00237	0.05908	0.00671	0.00508	0.01140
35	0.01895	0.05747	0.02153	0.06511	0.02326	0.17190	0.09690	0.02220	0.01947	0.06717	0.09991	0.04033	0.16972	0.01267	0.00919	0.00253	0.03727	0.04979	0.00580	0.00882
36	0.01588	0.01418	0.02175	0.50886	0.04448	0.01633	0.01873	0.06229	0.01736	0.02311	0.01637	0.06580	0.01368	0.00884	0.00777	0.00245	0.00936	0.00772	0.00425	0.12078
37	0.01855	0.01368	0.01780	0.06521	0.11483	0.01414	0.01252	0.16961	0.02072	0.06358	0.02571	0.19342	0.02593	0.15993	0.01508	0.00365	0.00753	0.01167	0.00623	0.04022
38	0.02170	0.24967	0.15855	0.01704	0.02310	0.11618	0.01661	0.06394	0.01873	0.07497	0.05047	0.01986	0.01542	0.03697	0.01010	0.00248	0.08297	0.00629	0.00463	0.01030
39	0.04288	0.01379	0.01776	0.23813	0.06880	0.05744	0.01433	0.04548	0.01844	0.06977	0.09245	0.08886	0.12428	0.01564	0.05487	0.00328	0.00881	0.01045	0.00572	0.00882
40	0.01044	0.00773	0.00983	0.01112	0.01208	0.00741	0.00764	0.01343	0.05800	0.02213	0.09782	0.58044	0.08631	0.02293	0.00988	0.00309	0.00461	0.02064	0.00752	0.00694
41	0.02023	0.02273	0.09771	0.15475	0.33479	0.08878	0.06501	0.07386	0.01956	0.02603	0.01483	0.01911	0.01174	0.00755	0.00787	0.00241	0.01058	0.00690	0.00414	0.01141
42	0.01665	0.10957	0.19353	0.34698	0.11608	0.01974	0.04459	0.02256	0.01646	0.02212	0.01391	0.01882	0.01067	0.00754	0.00752	0.00246	0.01057	0.00648	0.00353	0.01021
43	0.02445	0.01571	0.06518	0.07567	0.06435	0.01377	0.05508	0.06301	0.04784	0.29503	0.12427	0.02979	0.02571	0.01010	0.00810	0.00246	0.00746	0.00873	0.05189	0.01141
44	0.01915	0.05069	0.06394	0.02864	0.19739	0.09166	0.17302	0.06186	0.02020	0.02638	0.08533	0.03046	0.06292	0.00983	0.00844	0.00249	0.00995	0.04215	0.00505	0.01046

[dist]
# distance from previous block
# <min> <max>
0	10

[block]
# block no. 4 follows, 24 sequences, length 27
# corresponding to MSA columns:
# 349-375
name=unknown_E
#
# <colnr> <probs for GDERKNQSTAVLIFYWHMCP>
#	G	D	E	R	K	N	Q	S	T	A	V	L	I	F	Y	W	H	M	C	P
0	0.01000	0.00750	0.00928	0.01001	0.01139	0.00678	0.00706	0.01216	0.01781	0.02357	0.21654	0.38368	0.21256	0.02139	0.00973	0.00289	0.00423	0.01894	0.00772	0.00678
1	0.01136	0.00836	0.01203	0.01203	0.01320	0.00952	0.00902	0.01370	0.01253	0.01788	0.02189	0.03477	0.02139	0.17483	0.57668	0.01186	0.01888	0.00903	0.00435	0.00668
2	0.01336	0.01076	0.01103	0.01118	0.01233	0.06168	0.00751	0.05597	0.01639	0.02100	0.06368	0.30712	0.06974	0.27784	0.02078	0.00465	0.00670	0.01541	0.00627	0.00659
3	0.02241	0.02209	0.09090	0.10573	0.02774	0.15763	0.06394	0.02951	0.12254	0.14001	0.02461	0.02958	0.04107	0.03166	0.00912	0.00271	0.00976	0.05255	0.00597	0.01047
4	0.01508	0.03009	0.43289	0.02020	0.02844	0.01580	0.09287	0.02160	0.01561	0.02261	0.01724	0.02644	0.01517	0.19359	0.01630	0.00388	0.01086	0.00774	0.00380	0.00980
5	0.01115	0.00767	0.00861	0.00874	0.00908	0.00749	0.00512	0.01148	0.01254	0.01641	0.03269	0.09969	0.10484	0.59263	0.03471	0.00680	0.00705	0.01288	0.00528	0.00514
6	0.07097	0.01685	0.06501	0.01366	0.01712	0.13371	0.01176	0.01848	0.01835	0.02300	0.04480	0.08938	0.23870	0.01674	0.00899	0.00284	0.00763	0.18790	0.00625	0.00785
7	0.02656	0.08410	0.06778	0.01835	0.02350	0.26080	0.01543	0.12572	0.10520	0.11023	0.01820	0.01891	0.01373	0.00924	0.00891	0.00235	0.06778	0.00642	0.00576	0.01104
8	0.06071	0.06122	0.01706	0.06559	0.06296	0.01479	0.01174	0.02453	0.20932	0.02773	0.15112	0.09393	0.11273	0.01361	0.00834	0.00263	0.00612	0.03947	0.00689	0.00950
9	0.01203	0.00993	0.01084	0.01150	0.01280	0.06054	0.00824	0.01423	0.01789	0.02340	0.21520	0.35842	0.07617	0.06769	0.01175	0.00324	0.00553	0.06638	0.00731	0.00692
10	0.02361	0.02666	0.18103	0.01961	0.05160	0.12327	0.01779	0.25527	0.02536	0.06319	0.02136	0.02279	0.05527	0.01334	0.06121	0.00319	0.01093	0.00728	0.00582	0.01141
11	0.01430	0.01386	0.01866	0.29125	0.03208	0.06268	0.05581	0.01875	0.03918	0.02197	0.06572	0.06233	0.22336	0.01314	0.00866	0.00266	0.00824	0.03368	0.00543	0.00824
12	0.01257	0.05794	0.01603	0.09431	0.06993	0.01142	0.01200	0.01532	0.01547	0.02068	0.03120	0.31768	0.03436	0.02671	0.14301	0.00491	0.00955	0.09347	0.00576	0.00768
13	0.30819	0.09876	0.09217	0.01752	0.05182	0.26579	0.01455	0.02666	0.01762	0.02634	0.01201	0.01412	0.00969	0.00760	0.00617	0.00223	0.01013	0.00489	0.00424	0.00950
14	0.01458	0.01030	0.01131	0.01032	0.01361	0.00959	0.00796	0.06344	0.06939	0.09308	0.12122	0.08474	0.42586	0.01734	0.00905	0.00264	0.00481	0.01451	0.00784	0.00841
15	0.01589	0.01103	0.01391	0.01265	0.01560	0.03708	0.05495	0.01943	0.04010	0.11138	0.10587	0.18875	0.17411	0.01627	0.00882	0.00267	0.00583	0.05300	0.10431	0.00835
16	0.10200	0.01469	0.05119	0.17929	0.02666	0.01454	0.04828	0.01968	0.04090	0.02274	0.01716	0.02713	0.01583	0.19047	0.01675	0.00370	0.05357	0.00760	0.00442	0.14341
17	0.01653	0.01745	0.08536	0.14367	0.16978	0.01554	0.08741	0.06265	0.01927	0.02640	0.08829	0.03413	0.08421	0.01057	0.00840	0.00252	0.00875	0.05361	0.00519	0.06025
18	0.01883	0.24522	0.24664	0.09601	0.07257	0.05944	0.02018	0.05479	0.01831	0.02404	0.06138	0.01928	0.01525	0.00809	0.00697	0.00223	0.00984	0.00622	0.00409	0.01061
19	0.06989	0.21529	0.25878	0.01762	0.02536	0.02152	0.04962	0.05335	0.10651	0.02665	0.01688	0.01853	0.01301	0.00795	0.00673	0.00226	0.00904	0.00610	0.06403	0.01090
20	0.01382	0.00966	0.01223	0.01199	0.01408	0.00983	0.00898	0.08602	0.01831	0.05701	0.08176	0.27878	0.12586	0.03060	0.19639	0.00558	0.00961	0.01482	0.00679	0.00788
21	0.01667	0.04530	0.14763	0.10636	0.05927	0.11455	0.05786	0.02113	0.01796	0.02333	0.09254	0.15938	0.02607	0.01182	0.00817	0.00247	0.00913	0.01027	0.00504	0.06505
22	0.07173	0.01113	0.01339	0.01267	0.01514	0.01188	0.00954	0.09772	0.06113	0.07046	0.05831	0.22280	0.03088	0.08273	0.18726	0.00575	0.01000	0.01246	0.00653	0.00847
23	0.01580	0.12565	0.08892	0.01286	0.01622	0.06309	0.01109	0.01851	0.05877	0.02036	0.09625	0.03286	0.07347	0.10634	0.01814	0.21320	0.00768	0.00859	0.00487	0.00732
24	0.12905	0.30238	0.19096	0.06834	0.07134	0.02285	0.01786	0.02316	0.01578	0.02334	0.01301	0.01609	0.01076	0.01071	0.05226	0.00287	0.01002	0.00534	0.00371	0.01019
25	0.02109	0.07055	0.07099	0.12768	0.02745	0.11098	0.04101	0.06537	0.15212	0.09497	0.06255	0.07831	0.02174	0.01052	0.00794	0.00249	0.00885	0.00875	0.00609	0.01053
26	0.08001	0.13607	0.11213	0.02004	0.12070	0.06223	0.01561	0.11919	0.02024	0.05210	0.02299	0.04769	0.07603	0.03671	0.00844	0.00250	0.00842	0.00776	0.04073	0.01041

[dist]
# distance from previous block
# <min> <max>
4	28

[block]
# block no. 5 follows, 24 sequences, length 28
# corresponding to MSA columns:
# 405-414,431-448
name=unknown_F
#
# <colnr> <probs for GDERKNQSTAVLIFYWHMCP>
#	G	D	E	R	K	N	Q	S	T	A	V	L	I	F	Y	W	H	M	C	P
0	0.02350	0.01491	0.01664	0.01328	0.01878	0.04323	0.01063	0.08114	0.09097	0.23805	0.03380	0.03210	0.13294	0.01063	0.00765	0.00216	0.00650	0.00860	0.00745	0.20706
1	0.06244	0.08264	0.07857	0.04231	0.12030	0.09011	0.01597	0.02746	0.11531	0.10098	0.02519	0.03092	0.05809	0.01079	0.00863	0.00256	0.04022	0.07116	0.00575	0.01060
2	0.06757	0.17813	0.11466	0.01898	0.05167	0.20131	0.01648	0.02830	0.05342	0.09855	0.01542	0.01709	0.01208	0.00864	0.00885	0.00231	0.08557	0.00580	0.00470	0.01049
3	0.05040	0.04591	0.05658	0.37399	0.03723	0.01626	0.01727	0.02248	0.08519	0.05276	0.04289	0.09990	0.04550	0.01080	0.00800	0.00264	0.00858	0.00928	0.00508	0.00925
4	0.01440	0.01332	0.02221	0.62752	0.04995	0.01641	0.02044	0.01926	0.01578	0.02026	0.01730	0.09628	0.01510	0.00976	0.00817	0.00271	0.00993	0.00872	0.00394	0.00855
5	0.02519	0.17287	0.02783	0.01884	0.02418	0.26121	0.06715	0.15739	0.07981	0.02730	0.01600	0.01783	0.01281	0.01106	0.04435	0.00273	0.01151	0.00624	0.00510	0.01060
6	0.01176	0.01390	0.12448	0.01224	0.01552	0.00966	0.01100	0.01555	0.04407	0.02141	0.04529	0.18479	0.22241	0.15385	0.01528	0.00382	0.00658	0.07473	0.00621	0.00746
7	0.01723	0.01619	0.02727	0.21831	0.43063	0.01707	0.02174	0.02170	0.01714	0.02374	0.01805	0.10112	0.01667	0.00936	0.00814	0.00253	0.00917	0.00886	0.00422	0.01085
8	0.00992	0.00793	0.00887	0.00890	0.01111	0.00688	0.00657	0.01233	0.01897	0.02416	0.23873	0.14077	0.43786	0.01953	0.00945	0.00269	0.00400	0.01670	0.00774	0.00688
9	0.02462	0.02388	0.06390	0.02738	0.19010	0.20956	0.08616	0.02862	0.02024	0.15002	0.02002	0.02630	0.01625	0.00934	0.00812	0.00245	0.01067	0.06595	0.00542	0.01101
10	0.02029	0.01868	0.02635	0.40863	0.04359	0.09118	0.10126	0.10764	0.02024	0.06284	0.01581	0.02049	0.01164	0.00812	0.00803	0.00254	0.01087	0.00721	0.00461	0.01000
11	0.02504	0.01673	0.04816	0.01434	0.01882	0.08584	0.01156	0.03151	0.14275	0.29014	0.06678	0.03216	0.02412	0.13989	0.01388	0.00341	0.00770	0.00880	0.00757	0.01081
12	0.01996	0.01799	0.02733	0.10798	0.41495	0.01889	0.02060	0.10662	0.08949	0.02901	0.02084	0.02390	0.04978	0.00859	0.00798	0.00244	0.00881	0.00781	0.00505	0.01196
13	0.01532	0.16439	0.02252	0.07549	0.08220	0.01654	0.04097	0.01759	0.01406	0.01863	0.01830	0.03137	0.01856	0.26910	0.11803	0.00571	0.05090	0.00835	0.00411	0.00787
14	0.01653	0.10356	0.33085	0.01820	0.02627	0.01780	0.05567	0.07510	0.05120	0.02609	0.03053	0.03114	0.16282	0.01062	0.00786	0.00247	0.00916	0.00866	0.00494	0.01053
15	0.01725	0.01645	0.02338	0.15583	0.29278	0.05221	0.01809	0.02241	0.05469	0.02420	0.02566	0.03084	0.10281	0.00984	0.00798	0.00239	0.00850	0.03737	0.00481	0.09251
16	0.01957	0.16049	0.35036	0.02436	0.14310	0.01984	0.02298	0.02587	0.01756	0.09452	0.01660	0.02023	0.01283	0.00807	0.00731	0.00237	0.01001	0.02802	0.00430	0.01162
17	0.01005	0.00756	0.00920	0.00995	0.01119	0.00705	0.00690	0.01173	0.01582	0.02054	0.08858	0.34094	0.23165	0.11060	0.07655	0.00444	0.00629	0.01767	0.00685	0.00644
18	0.01732	0.17523	0.03172	0.02820	0.22701	0.01884	0.15014	0.02114	0.01705	0.02277	0.02142	0.19103	0.02180	0.01133	0.00812	0.00249	0.00886	0.01076	0.00468	0.01011
19	0.09579	0.17019	0.02818	0.02420	0.17839	0.09185	0.05440	0.07911	0.07382	0.07247	0.01773	0.04889	0.01470	0.00862	0.00713	0.00229	0.00894	0.00704	0.00518	0.01107
20	0.01820	0.01503	0.01960	0.05413	0.12122	0.01536	0.04060	0.18095	0.05949	0.03073	0.06538	0.08261	0.16897	0.03928	0.00964	0.00268	0.00721	0.01092	0.00650	0.05151
21	0.01031	0.00779	0.01003	0.01070	0.01217	0.00752	0.00787	0.01258	0.01649	0.02184	0.12987	0.29290	0.20086	0.02979	0.15537	0.00505	0.00804	0.04712	0.00687	0.00682
22	0.02393	0.12460	0.05643	0.15030	0.06426	0.06207	0.01636	0.19882	0.05237	0.10637	0.01842	0.02011	0.01359	0.00857	0.00732	0.00231	0.00896	0.00669	0.04723	0.01132
23	0.01970	0.06800	0.14285	0.01650	0.02281	0.05224	0.04326	0.05314	0.05346	0.10118	0.02074	0.10798	0.01808	0.01011	0.00832	0.00223	0.04156	0.00824	0.00551	0.20408
24	0.01291	0.00848	0.01028	0.01047	0.01217	0.00792	0.00741	0.01548	0.04260	0.07970	0.10366	0.28471	0.17835	0.14806	0.01516	0.00378	0.00532	0.03906	0.00727	0.00720
25	0.01213	0.00789	0.00938	0.00962	0.01062	0.00741	0.00625	0.01317	0.01470	0.05924	0.06358	0.24292	0.13811	0.34214	0.02371	0.00511	0.00602	0.01537	0.00639	0.00621
26	0.02141	0.01987	0.02428	0.10863	0.28249	0.14534	0.01798	0.02510	0.01870	0.08886	0.01833	0.07897	0.01592	0.00905	0.00772	0.00228	0.00943	0.00785	0.00488	0.09291
27	0.02340	0.01994	0.02100	0.02028	0.09700	0.09196	0.01450	0.25880	0.17627	0.03541	0.02410	0.02653	0.03763	0.01286	0.04507	0.00301	0.00908	0.02969	0.04181	0.01163

[dist]
# distance from previous block
# <min> <max>
0	46

[block]
# block no. 6 follows, 24 sequences, length 20
# corresponding to MSA columns:
# 495-514
name=unknown_G
#
# <colnr> <probs for GDERKNQSTAVLIFYWHMCP>
#	G	D	E	R	K	N	Q	S	T	A	V	L	I	F	Y	W	H	M	C	P
0	0.15427	0.06799	0.01946	0.01560	0.01937	0.12998	0.01249	0.14998	0.05548	0.02913	0.01873	0.09263	0.01707	0.01712	0.09460	0.00380	0.07922	0.00799	0.00549	0.00961
1	0.01878	0.10402	0.05250	0.06916	0.05615	0.04580	0.01378	0.11363	0.06671	0.05496	0.10318	0.03486	0.08321	0.01493	0.05703	0.00315	0.00866	0.05050	0.00612	0.04287
2	0.02018	0.47712	0.13159	0.06593	0.09224	0.05344	0.01762	0.02408	0.01664	0.02049	0.01215	0.01466	0.01043	0.00706	0.00601	0.00196	0.00942	0.00499	0.00348	0.01051
3	0.01685	0.16292	0.56658	0.02099	0.03184	0.02072	0.02650	0.02487	0.01663	0.02396	0.01366	0.01603	0.01007	0.00740	0.00710	0.00237	0.01114	0.00557	0.00336	0.01144
4	0.05157	0.03218	0.45727	0.02006	0.02920	0.01769	0.02358	0.06427	0.01799	0.09497	0.01655	0.01894	0.01198	0.01220	0.06101	0.00333	0.04503	0.00635	0.00446	0.01138
5	0.01702	0.08330	0.24980	0.01821	0.02512	0.01700	0.08254	0.02593	0.13612	0.05426	0.09882	0.03019	0.05656	0.05861	0.01019	0.00285	0.00878	0.00870	0.00551	0.01048
6	0.01731	0.01964	0.13101	0.01506	0.01917	0.13435	0.01345	0.02087	0.01795	0.08486	0.08706	0.16668	0.07783	0.02241	0.13130	0.00442	0.01070	0.01131	0.00586	0.00878
7	0.01498	0.01409	0.02378	0.70226	0.05462	0.01762	0.02202	0.02026	0.01586	0.02026	0.01409	0.02114	0.01057	0.00793	0.00793	0.00264	0.01057	0.00705	0.00352	0.00881
8	0.02483	0.17723	0.24236	0.01791	0.02582	0.09280	0.01863	0.09395	0.02085	0.18571	0.01802	0.01838	0.01280	0.00821	0.00712	0.00226	0.00978	0.00609	0.00550	0.01174
9	0.01395	0.01187	0.01404	0.06651	0.01788	0.04695	0.01103	0.01832	0.08526	0.02182	0.05565	0.18022	0.06912	0.14121	0.01651	0.00390	0.07422	0.13775	0.00618	0.00758
10	0.01367	0.00966	0.01197	0.01173	0.01357	0.01004	0.00874	0.06907	0.06608	0.02326	0.06077	0.15440	0.11777	0.05771	0.13916	0.13943	0.00866	0.04411	0.03297	0.00719
11	0.01430	0.00847	0.01071	0.01100	0.01309	0.00756	0.00806	0.01626	0.01740	0.13611	0.05081	0.39839	0.20398	0.02083	0.00960	0.00297	0.00497	0.04992	0.00779	0.00779
12	0.02461	0.14142	0.02766	0.02387	0.17152	0.02304	0.01635	0.34681	0.02752	0.03676	0.01861	0.07185	0.01571	0.00967	0.00759	0.00232	0.00853	0.00781	0.00619	0.01216
13	0.01312	0.00855	0.01051	0.01097	0.01280	0.00795	0.00790	0.01596	0.05015	0.09081	0.04921	0.39100	0.18939	0.05966	0.01132	0.00325	0.00508	0.04734	0.00752	0.00752
14	0.00957	0.00725	0.00884	0.01011	0.01126	0.00652	0.00695	0.01115	0.01608	0.02061	0.05507	0.51768	0.24358	0.02337	0.00989	0.00305	0.00442	0.02074	0.00736	0.00652
15	0.02211	0.02178	0.02561	0.07401	0.20122	0.14227	0.04493	0.13451	0.07067	0.02798	0.01932	0.02217	0.04702	0.00959	0.01027	0.00252	0.10053	0.00745	0.00507	0.01096
16	0.01211	0.00929	0.01357	0.13494	0.06982	0.00977	0.01112	0.01471	0.01532	0.02129	0.03191	0.38759	0.03519	0.05496	0.05946	0.00381	0.00727	0.01551	0.08496	0.00739
17	0.01726	0.01171	0.01595	0.01882	0.15967	0.01163	0.01058	0.05393	0.01579	0.09802	0.02313	0.03983	0.02321	0.43618	0.02738	0.00557	0.00802	0.00986	0.00538	0.00807
18	0.02054	0.01341	0.01606	0.06622	0.01920	0.01445	0.01097	0.19549	0.02213	0.10745	0.06072	0.08025	0.02404	0.14377	0.01485	0.00344	0.04558	0.00960	0.12235	0.00946
19	0.01508	0.00988	0.01222	0.05083	0.01586	0.00960	0.00895	0.07587	0.01861	0.10072	0.04509	0.33039	0.18137	0.07332	0.01170	0.00324	0.00570	0.01628	0.00729	0.00802

[dist]
# distance from previous block
# <min> <max>
0	85

[block]
# block no. 7 follows, 24 sequences, length 23
# corresponding to MSA columns:
# 600-622
name=unknown_H
#
# <colnr> <probs for GDERKNQSTAVLIFYWHMCP>
#	G	D	E	R	K	N	Q	S	T	A	V	L	I	F	Y	W	H	M	C	P
0	0.01671	0.09374	0.35390	0.02409	0.03309	0.01905	0.21934	0.02379	0.01703	0.02403	0.01648	0.05741	0.01350	0.01058	0.03982	0.00300	0.01199	0.00787	0.00383	0.01075
1	0.02755	0.01835	0.02043	0.01654	0.02216	0.01990	0.01338	0.28787	0.26129	0.18491	0.02664	0.02469	0.01880	0.01004	0.00799	0.00251	0.00738	0.00800	0.00841	0.01315
2	0.01085	0.00857	0.00999	0.01013	0.01226	0.00779	0.00734	0.01433	0.05822	0.02388	0.16723	0.28510	0.27398	0.01963	0.00935	0.00275	0.00441	0.01712	0.00751	0.04955
3	0.02478	0.06189	0.15933	0.02144	0.06192	0.33905	0.01829	0.09427	0.09669	0.02569	0.01581	0.01732	0.01229	0.00836	0.00737	0.00225	0.01174	0.00600	0.00476	0.01078
4	0.01570	0.01488	0.02406	0.02006	0.02275	0.01696	0.16303	0.02033	0.06098	0.02291	0.02536	0.14221	0.04819	0.01449	0.01494	0.00308	0.24322	0.07064	0.04745	0.00879
5	0.01082	0.00811	0.01055	0.01135	0.01299	0.00785	0.00880	0.01343	0.01712	0.02253	0.12722	0.22202	0.19074	0.02753	0.11996	0.00465	0.00770	0.16266	0.00702	0.00694
6	0.15302	0.28275	0.05896	0.01589	0.02198	0.09583	0.04840	0.11448	0.06019	0.02786	0.01695	0.01819	0.03865	0.00826	0.00640	0.00216	0.00883	0.00593	0.00487	0.01038
7	0.01523	0.01102	0.01373	0.01401	0.01626	0.01135	0.01120	0.14622	0.02107	0.02790	0.03783	0.31322	0.04149	0.02043	0.01000	0.00322	0.00657	0.26350	0.00746	0.00827
8	0.00981	0.00805	0.00869	0.00888	0.01128	0.00693	0.00673	0.01207	0.01833	0.02252	0.13258	0.11624	0.52744	0.02014	0.00953	0.00276	0.00426	0.05948	0.00749	0.00680
9	0.01882	0.20785	0.10741	0.02594	0.21459	0.08784	0.04777	0.02280	0.01765	0.02236	0.02218	0.07419	0.07905	0.00974	0.00741	0.00228	0.00924	0.00819	0.00433	0.01037
10	0.01789	0.01747	0.01814	0.17253	0.02725	0.13924	0.01475	0.02627	0.18166	0.02409	0.02842	0.04026	0.05792	0.01562	0.05188	0.00340	0.00978	0.13827	0.00585	0.00929
11	0.01590	0.04102	0.68023	0.02260	0.03432	0.01842	0.02930	0.02511	0.01674	0.02511	0.01423	0.01674	0.01005	0.00753	0.00753	0.00251	0.01172	0.00586	0.00335	0.01172
12	0.01123	0.00902	0.01191	0.03747	0.01532	0.00869	0.03223	0.01483	0.05747	0.02214	0.05119	0.33868	0.22478	0.02082	0.00979	0.00305	0.00550	0.11146	0.00713	0.00728
13	0.01832	0.02047	0.10291	0.01873	0.05996	0.06798	0.08897	0.06147	0.01880	0.02672	0.03840	0.04388	0.01527	0.00770	0.00711	0.00185	0.00842	0.00669	0.00480	0.38155
14	0.01037	0.00784	0.00923	0.00976	0.01131	0.00714	0.00703	0.01232	0.01700	0.02184	0.13812	0.22004	0.28366	0.12893	0.01448	0.00365	0.00502	0.07858	0.00715	0.00651
15	0.01018	0.00746	0.00962	0.01112	0.01191	0.00711	0.00756	0.01266	0.04550	0.02134	0.06879	0.63386	0.07590	0.02367	0.00997	0.00315	0.00462	0.02137	0.00745	0.00678
16	0.06116	0.06098	0.37526	0.06388	0.03127	0.04528	0.04694	0.10632	0.08263	0.02890	0.01630	0.01829	0.01193	0.00808	0.00747	0.00247	0.01044	0.00636	0.00456	0.01147
17	0.01255	0.00989	0.01463	0.17779	0.02400	0.01089	0.01321	0.01597	0.01602	0.02102	0.03265	0.10243	0.06645	0.06983	0.13745	0.00526	0.01032	0.24659	0.00568	0.00737
18	0.01637	0.01331	0.02120	0.42761	0.07539	0.01576	0.01826	0.02053	0.01590	0.07267	0.01842	0.02891	0.01575	0.07583	0.04925	0.00373	0.05158	0.04625	0.00444	0.00884
19	0.01821	0.05873	0.11903	0.01555	0.02022	0.10888	0.01403	0.07682	0.08531	0.05090	0.03421	0.14594	0.11748	0.01446	0.00854	0.00268	0.00813	0.08510	0.00628	0.00950
20	0.01956	0.04649	0.03008	0.09173	0.27230	0.05142	0.12696	0.07420	0.05975	0.02631	0.01818	0.07403	0.01588	0.00930	0.00916	0.00255	0.04777	0.00858	0.00472	0.01104
21	0.05360	0.15406	0.23163	0.02100	0.02824	0.23736	0.09115	0.02671	0.01839	0.02240	0.01297	0.01566	0.01030	0.00775	0.00781	0.00227	0.03899	0.00572	0.00374	0.01027
22	0.02064	0.05492	0.18958	0.07825	0.13645	0.04087	0.06022	0.14951	0.02130	0.04899	0.01745	0.02357	0.01417	0.00933	0.00919	0.00257	0.05667	0.05005	0.00494	0.01132

[dist]
# distance from previous block
# <min> <max>
21	65

[block]
# block no. 8 follows, 24 sequences, length 48
# corresponding to MSA columns:
# 701-748
name=unknown_I
#
# <colnr> <probs for GDERKNQSTAVLIFYWHMCP>
#	G	D	E	R	K	N	Q	S	T	A	V	L	I	F	Y	W	H	M	C	P
0	0.01314	0.01065	0.01374	0.10849	0.01993	0.00987	0.01030	0.01613	0.01666	0.02293	0.09049	0.09775	0.11504	0.10451	0.01243	0.00305	0.00644	0.09880	0.00585	0.22379
1	0.01940	0.01635	0.01653	0.01465	0.01860	0.05128	0.01128	0.15253	0.31125	0.03184	0.03640	0.08797	0.12294	0.05980	0.01048	0.00296	0.00679	0.01081	0.00746	0.01068
2	0.02122	0.15559	0.08456	0.01935	0.02484	0.21869	0.10738	0.02785	0.11869	0.02337	0.04486	0.08136	0.01895	0.00984	0.00762	0.00234	0.01033	0.00815	0.00498	0.01003
3	0.01621	0.04331	0.01386	0.01227	0.01512	0.04197	0.00964	0.06561	0.01988	0.09987	0.10047	0.22137	0.18132	0.01807	0.00923	0.00282	0.00600	0.10714	0.00747	0.00837
4	0.01590	0.01542	0.02604	0.50724	0.08679	0.01891	0.06603	0.02070	0.01562	0.02080	0.01371	0.02047	0.01077	0.00871	0.01085	0.00276	0.11934	0.00720	0.00358	0.00916
5	0.01928	0.02716	0.21447	0.09443	0.02736	0.17416	0.01790	0.06020	0.08542	0.02381	0.02023	0.02600	0.04108	0.12006	0.01276	0.00324	0.01052	0.00753	0.00468	0.00971
6	0.01365	0.01229	0.01550	0.06784	0.10813	0.07236	0.01211	0.01618	0.01573	0.02052	0.02940	0.34381	0.03234	0.02774	0.16891	0.00519	0.01050	0.01437	0.00557	0.00787
7	0.01124	0.00823	0.01173	0.01187	0.01295	0.00925	0.00879	0.01345	0.01270	0.01798	0.02356	0.08482	0.02385	0.17859	0.52104	0.01112	0.01754	0.01008	0.00458	0.00662
8	0.01662	0.01607	0.02884	0.24340	0.25954	0.01717	0.12872	0.02154	0.01659	0.02280	0.01592	0.02234	0.01307	0.01608	0.12287	0.00425	0.01245	0.00770	0.00387	0.01015
9	0.02066	0.09499	0.15489	0.11356	0.15844	0.02147	0.04608	0.16162	0.07034	0.02984	0.01638	0.01918	0.01256	0.00832	0.00834	0.00244	0.03757	0.00679	0.00489	0.01164
10	0.01537	0.01409	0.01962	0.05803	0.25391	0.06151	0.01546	0.01847	0.01718	0.02268	0.02940	0.30041	0.03212	0.01604	0.00909	0.00285	0.00767	0.09135	0.00569	0.00908
11	0.01101	0.00810	0.01030	0.00975	0.01172	0.00739	0.00731	0.01455	0.02194	0.03060	0.60005	0.06120	0.14318	0.01666	0.00936	0.00252	0.00377	0.01462	0.00857	0.00739
12	0.01139	0.00763	0.00869	0.00883	0.00887	0.00759	0.00500	0.01149	0.01181	0.01575	0.02642	0.10279	0.03064	0.66795	0.03804	0.00735	0.00745	0.01238	0.00500	0.00493
13	0.24094	0.01360	0.01582	0.01598	0.07031	0.01460	0.04301	0.02384	0.15335	0.02984	0.10223	0.12067	0.07523	0.01281	0.00780	0.00268	0.00623	0.03531	0.00649	0.00927
14	0.01669	0.01432	0.01656	0.01208	0.01893	0.01127	0.00964	0.02167	0.06556	0.02640	0.01549	0.01745	0.01270	0.00625	0.00604	0.00129	0.00590	0.00503	0.00496	0.71177
15	0.41788	0.01656	0.01569	0.01297	0.01803	0.01836	0.01051	0.20832	0.02132	0.10336	0.01661	0.01933	0.01282	0.06664	0.00902	0.00286	0.00709	0.00610	0.00629	0.01023
16	0.01735	0.01735	0.02429	0.02082	0.02082	0.02429	0.01735	0.01908	0.01214	0.01908	0.01041	0.01735	0.01041	0.01388	0.02602	0.00347	0.70680	0.00694	0.00347	0.00867
17	0.02783	0.03204	0.02156	0.04735	0.02487	0.51418	0.01493	0.03328	0.12231	0.06254	0.01667	0.01778	0.01302	0.00867	0.00738	0.00220	0.01241	0.00597	0.00505	0.00997
18	0.00989	0.00706	0.00946	0.01130	0.01186	0.00664	0.00776	0.01143	0.01541	0.02050	0.04358	0.67053	0.05195	0.02463	0.01018	0.00325	0.00480	0.06592	0.00736	0.00650
19	0.01644	0.01409	0.01644	0.01175	0.01879	0.01057	0.00940	0.01997	0.01644	0.02584	0.01409	0.01644	0.01175	0.00587	0.00587	0.00117	0.00587	0.00470	0.00470	0.76979
20	0.02074	0.02084	0.07289	0.01711	0.02226	0.06951	0.01427	0.07460	0.52235	0.03246	0.02855	0.02680	0.02139	0.01023	0.00795	0.00261	0.00746	0.00832	0.00738	0.01229
21	0.00993	0.00821	0.00881	0.00911	0.01164	0.00709	0.00713	0.01220	0.01810	0.02180	0.07407	0.07846	0.56695	0.02038	0.00963	0.00284	0.00455	0.11495	0.00735	0.00679
22	0.02885	0.02157	0.02307	0.01798	0.02410	0.02399	0.01476	0.57051	0.11428	0.04789	0.02068	0.02035	0.01482	0.00967	0.00795	0.00242	0.00842	0.00737	0.00795	0.01337
23	0.00958	0.00724	0.00886	0.01015	0.01127	0.00652	0.00696	0.01114	0.01604	0.02059	0.05456	0.52647	0.23511	0.02343	0.00990	0.00306	0.00443	0.02082	0.00736	0.00652
24	0.02509	0.19800	0.20246	0.01618	0.02367	0.01828	0.01678	0.02967	0.01879	0.29378	0.02097	0.02095	0.01470	0.01172	0.05215	0.00296	0.00948	0.00651	0.00610	0.01177
25	0.01625	0.08624	0.63807	0.02201	0.03340	0.01927	0.02826	0.02502	0.01670	0.02469	0.01402	0.01648	0.01005	0.00748	0.00737	0.00246	0.01151	0.00575	0.00335	0.01162
26	0.02095	0.00920	0.01066	0.00938	0.01250	0.00866	0.00736	0.02446	0.01843	0.22159	0.02747	0.02880	0.02012	0.00941	0.00626	0.00203	0.00460	0.00756	0.54137	0.00920
27	0.03558	0.01350	0.01840	0.01411	0.02024	0.01166	0.01166	0.03865	0.02270	0.67734	0.03128	0.02699	0.01963	0.00981	0.00797	0.00245	0.00675	0.00797	0.00981	0.01350
28	0.01956	0.17365	0.07998	0.21768	0.14599	0.01988	0.07000	0.02411	0.01733	0.09518	0.01718	0.05506	0.01407	0.00847	0.00749	0.00239	0.00949	0.00743	0.00449	0.01054
29	0.00996	0.00817	0.00888	0.00926	0.01171	0.00709	0.00722	0.01222	0.01799	0.02176	0.07238	0.10471	0.53861	0.02058	0.00967	0.00286	0.00459	0.11820	0.00735	0.00679
30	0.01590	0.04102	0.68023	0.02260	0.03432	0.01842	0.02930	0.02511	0.01674	0.02511	0.01423	0.01674	0.01005	0.00753	0.00753	0.00251	0.01172	0.00586	0.00335	0.01172
31	0.01326	0.00961	0.01254	0.01365	0.01558	0.00961	0.01127	0.06629	0.01909	0.02492	0.04304	0.22723	0.08570	0.02145	0.01041	0.00338	0.00658	0.39144	0.00737	0.00757
32	0.01884	0.13161	0.30774	0.07916	0.16676	0.02006	0.07449	0.02524	0.01739	0.06455	0.01510	0.01811	0.01139	0.00743	0.00745	0.00238	0.01050	0.00638	0.00395	0.01147
33	0.01507	0.06991	0.08097	0.01763	0.02158	0.04817	0.09477	0.01930	0.01722	0.02249	0.02841	0.05364	0.02880	0.02366	0.13426	0.00486	0.01149	0.29387	0.00549	0.00842
34	0.02786	0.22112	0.14718	0.01552	0.02287	0.01851	0.01546	0.03191	0.01973	0.36970	0.02238	0.02104	0.01517	0.00853	0.00707	0.00225	0.00816	0.00652	0.00680	0.01222
35	0.01078	0.00805	0.01076	0.05329	0.01431	0.00769	0.00825	0.01368	0.01919	0.02633	0.36857	0.28926	0.10215	0.01899	0.00954	0.00277	0.00449	0.01693	0.00783	0.00715
36	0.02111	0.03032	0.22178	0.03364	0.31539	0.19222	0.02348	0.02646	0.01881	0.02399	0.01403	0.01739	0.01121	0.00749	0.00758	0.00232	0.01136	0.00620	0.00380	0.01144
37	0.19489	0.01559	0.02256	0.01829	0.02311	0.01638	0.18702	0.02573	0.17212	0.02840	0.02678	0.10029	0.06678	0.01404	0.05042	0.00331	0.00882	0.00997	0.00583	0.00968
38	0.06918	0.05735	0.23112	0.01652	0.06744	0.01402	0.01578	0.01960	0.04438	0.02434	0.04343	0.04295	0.29746	0.01305	0.00806	0.00253	0.00740	0.01062	0.00545	0.00932
39	0.43644	0.01780	0.02018	0.02527	0.25849	0.04486	0.01494	0.05045	0.01654	0.03198	0.01286	0.01569	0.01033	0.00738	0.00621	0.00240	0.00778	0.00547	0.00464	0.01029
40	0.07984	0.01760	0.01855	0.01632	0.04589	0.07166	0.01245	0.16971	0.15187	0.17643	0.10790	0.02766	0.02454	0.01033	0.00779	0.00243	0.00729	0.00826	0.03189	0.01158
41	0.05171	0.04627	0.02391	0.07353	0.15371	0.01993	0.01623	0.22351	0.08847	0.12914	0.04359	0.02244	0.01683	0.00936	0.00869	0.00247	0.04404	0.00746	0.00661	0.01209
42	0.10353	0.02720	0.14191	0.02212	0.12228	0.24323	0.01710	0.02722	0.01894	0.10031	0.01841	0.02161	0.03627	0.05550	0.00946	0.00266	0.01052	0.00664	0.00485	0.01024
43	0.09669	0.14574	0.06415	0.05243	0.02105	0.09895	0.01255	0.02357	0.04156	0.07324	0.10152	0.02745	0.07975	0.00974	0.00700	0.00213	0.00770	0.00752	0.00550	0.12176
44	0.07772	0.08210	0.07061	0.02325	0.19413	0.01597	0.01584	0.04369	0.01891	0.19781	0.02283	0.07521	0.01898	0.01015	0.00760	0.00243	0.00773	0.04585	0.03649	0.03269
45	0.10274	0.01776	0.06889	0.22806	0.13594	0.07057	0.01707	0.03918	0.01821	0.02556	0.09762	0.03000	0.09643	0.01017	0.00782	0.00249	0.00864	0.00849	0.00497	0.00937
46	0.05070	0.01752	0.02437	0.03249	0.36783	0.06596	0.01797	0.06778	0.01979	0.05416	0.09096	0.07493	0.02282	0.01246	0.04305	0.00295	0.00911	0.00886	0.00531	0.01096
47	0.02343	0.05175	0.12190	0.12196	0.17290	0.20534	0.01966	0.02852	0.04415	0.11113	0.01670	0.01906	0.01257	0.00807	0.00754	0.00233	0.01077	0.00643	0.00476	0.01101

[dist]
# distance from previous block
# <min> <max>
6	43

[block]
# block no. 9 follows, 24 sequences, length 30
# corresponding to MSA columns:
# 792-821
name=unknown_J
#
# <colnr> <probs for GDERKNQSTAVLIFYWHMCP>
#	G	D	E	R	K	N	Q	S	T	A	V	L	I	F	Y	W	H	M	C	P
0	0.01937	0.16457	0.44751	0.02017	0.03004	0.02189	0.02391	0.13304	0.02021	0.02825	0.01448	0.01640	0.01067	0.00774	0.00715	0.00234	0.01060	0.00578	0.00416	0.01174
1	0.02292	0.02866	0.27743	0.01920	0.02693	0.06235	0.01973	0.27541	0.02555	0.06651	0.01965	0.08366	0.01590	0.01011	0.00794	0.00249	0.00976	0.00800	0.00594	0.01186
2	0.01815	0.08143	0.38635	0.02030	0.05387	0.10294	0.02185	0.02464	0.01867	0.05026	0.12444	0.02381	0.02145	0.00909	0.00765	0.00238	0.01019	0.00721	0.00462	0.01068
3	0.01817	0.22586	0.09492	0.02543	0.24735	0.01957	0.01707	0.02245	0.01749	0.02482	0.07168	0.02238	0.01827	0.00818	0.00675	0.00210	0.00793	0.00679	0.13231	0.01047
