[name]
unknown

[dist]
# distance from previous block
# <min> <max>
0	64

[block]
# block no. 0 follows, 24 sequences, length 28
# corresponding to MSA columns:
# 102-129
name=unknown_A
#
# <colnr> <probs for GDERKNQSTAVLIFYWHMCP>
#	G	D	E	R	K	N	Q	S	T	A	V	L	I	F	Y	W	H	M	C	P
0	0.02174	0.02987	0.20782	0.01867	0.02536	0.23644	0.01789	0.10019	0.02086	0.02585	0.01598	0.02071	0.01318	0.01187	0.05251	0.00287	0.01172	0.03598	0.00460	0.12588
1	0.01799	0.01461	0.02407	0.34727	0.22104	0.01626	0.01990	0.02253	0.01678	0.09162	0.01715	0.02272	0.01339	0.01503	0.10248	0.00394	0.01132	0.00735	0.00441	0.01014
2	0.77733	0.01534	0.01166	0.01043	0.01534	0.01779	0.00859	0.02331	0.01350	0.03558	0.01104	0.01288	0.00859	0.00736	0.00491	0.00245	0.00613	0.00429	0.00491	0.00859
3	0.00966	0.00690	0.00920	0.01104	0.01150	0.00644	0.00736	0.01104	0.01518	0.02024	0.04371	0.71614	0.05245	0.02484	0.01012	0.00322	0.00460	0.02254	0.00736	0.00644
4	0.01972	0.01703	0.01793	0.01614	0.02062	0.01972	0.01255	0.04214	0.65752	0.03317	0.03228	0.02959	0.02421	0.01076	0.00807	0.00269	0.00628	0.00897	0.00807	0.01255
5	0.01759	0.01779	0.03330	0.29201	0.25212	0.01873	0.20570	0.02310	0.01742	0.02362	0.01494	0.02072	0.01165	0.00728	0.00832	0.00256	0.01102	0.00773	0.00380	0.01059
6	0.02047	0.63108	0.13012	0.01482	0.02229	0.02958	0.01575	0.02393	0.01620	0.01955	0.01147	0.01328	0.01016	0.00689	0.00543	0.00181	0.00893	0.00446	0.00339	0.01039
7	0.02112	0.01861	0.02549	0.03182	0.32924	0.01998	0.01848	0.11737	0.26901	0.03207	0.02223	0.02341	0.01721	0.00884	0.00795	0.00249	0.00810	0.00781	0.00609	0.01269
8	0.01498	0.01409	0.02378	0.70226	0.05462	0.01762	0.02202	0.02026	0.01586	0.02026	0.01409	0.02114	0.01057	0.00793	0.00793	0.00264	0.01057	0.00705	0.00352	0.00881
9	0.02781	0.01415	0.01928	0.01872	0.10963	0.01344	0.01304	0.03431	0.12459	0.40347	0.10750	0.03036	0.02618	0.01037	0.00814	0.00248	0.00667	0.00879	0.00858	0.01247
10	0.01972	0.01703	0.01793	0.01614	0.02062	0.01972	0.01255	0.04214	0.65752	0.03317	0.03228	0.02959	0.02421	0.01076	0.00807	0.00269	0.00628	0.00897	0.00807	0.01255
11	0.01471	0.00991	0.01205	0.01097	0.01378	0.00950	0.00841	0.02071	0.10987	0.09918	0.42169	0.05431	0.15297	0.01537	0.00903	0.00255	0.00446	0.01328	0.00854	0.00871
12	0.10069	0.15347	0.02958	0.02042	0.02569	0.14552	0.19237	0.02396	0.01827	0.02370	0.01988	0.03333	0.01878	0.01059	0.00804	0.00257	0.01044	0.14861	0.00477	0.00930
13	0.05509	0.01775	0.03013	0.02339	0.02855	0.04486	0.31477	0.06030	0.07423	0.02631	0.02381	0.19147	0.02279	0.01202	0.00964	0.00278	0.03502	0.01191	0.00545	0.00974
14	0.01577	0.00911	0.01206	0.01075	0.01342	0.00826	0.00826	0.01939	0.02249	0.15242	0.54876	0.05321	0.06451	0.01502	0.00910	0.00249	0.00430	0.01315	0.00893	0.00861
15	0.00966	0.00690	0.00920	0.01104	0.01150	0.00644	0.00736	0.01104	0.01518	0.02024	0.04371	0.71614	0.05245	0.02484	0.01012	0.00322	0.00460	0.02254	0.00736	0.00644
16	0.02120	0.72609	0.04155	0.01357	0.02035	0.03138	0.01357	0.02374	0.01611	0.01866	0.01102	0.01272	0.01018	0.00678	0.00509	0.00170	0.00848	0.00424	0.00339	0.01018
17	0.11300	0.02153	0.02779	0.02828	0.21005	0.14370	0.14456	0.02578	0.01843	0.05541	0.01480	0.01801	0.01173	0.00717	0.00737	0.00219	0.01008	0.00650	0.00448	0.12914
18	0.01537	0.01487	0.02624	0.63099	0.05321	0.01788	0.08819	0.02081	0.01616	0.02081	0.01430	0.02117	0.01073	0.00780	0.00808	0.00265	0.01087	0.00729	0.00358	0.00901
19	0.01972	0.01703	0.01793	0.01614	0.02062	0.01972	0.01255	0.04214	0.65752	0.03317	0.03228	0.02959	0.02421	0.01076	0.00807	0.00269	0.00628	0.00897	0.00807	0.01255
20	0.01091	0.00792	0.01066	0.01160	0.01265	0.00808	0.00857	0.01294	0.01470	0.01972	0.03685	0.28017	0.07949	0.13047	0.20790	0.00659	0.01019	0.11795	0.00611	0.00656
21	0.11830	0.01150	0.01415	0.08595	0.01911	0.04136	0.05132	0.01605	0.01675	0.02400	0.09997	0.30378	0.13390	0.01707	0.00879	0.00281	0.00630	0.01500	0.00638	0.00754
22	0.01193	0.00979	0.01361	0.20728	0.02408	0.01037	0.01181	0.01484	0.01626	0.02056	0.04273	0.12785	0.21053	0.11471	0.01363	0.00360	0.00707	0.12631	0.00590	0.00712
23	0.00966	0.00690	0.00920	0.01104	0.01150	0.00644	0.00736	0.01104	0.01518	0.02024	0.04371	0.71614	0.05245	0.02484	0.01012	0.00322	0.00460	0.02254	0.00736	0.00644
24	0.01704	0.02090	0.14820	0.11849	0.28016	0.01844	0.02157	0.02160	0.01572	0.02263	0.01491	0.02229	0.01316	0.08465	0.01468	0.00320	0.14092	0.00729	0.00377	0.01036
25	0.01813	0.02008	0.09925	0.20075	0.45767	0.01851	0.02432	0.02345	0.01739	0.02448	0.01465	0.01968	0.01182	0.00732	0.00784	0.00244	0.00994	0.00693	0.00377	0.01158
26	0.01429	0.00882	0.01118	0.01157	0.01316	0.00838	0.00812	0.05640	0.01737	0.10117	0.04056	0.50570	0.06962	0.07898	0.01217	0.00342	0.00536	0.01862	0.00749	0.00763
27	0.01678	0.01571	0.02608	0.07430	0.25664	0.01663	0.11224	0.02086	0.01691	0.02424	0.02481	0.02878	0.10399	0.01021	0.01083	0.00258	0.11729	0.00878	0.10240	0.00994

[dist]
# distance from previous block
# <min> <max>
0	1

[block]
# block no. 1 follows, 24 sequences, length 27
# corresponding to MSA columns:
# 131-157
name=unknown_B
#
# <colnr> <probs for GDERKNQSTAVLIFYWHMCP>
#	G	D	E	R	K	N	Q	S	T	A	V	L	I	F	Y	W	H	M	C	P
0	0.08490	0.10939	0.02763	0.27666	0.03657	0.11108	0.10648	0.04829	0.01845	0.08571	0.01530	0.01896	0.01149	0.00783	0.00742	0.00240	0.01041	0.00662	0.00453	0.00991
1	0.50650	0.01917	0.01523	0.07861	0.02113	0.13124	0.01138	0.02622	0.07649	0.03116	0.01356	0.01550	0.01054	0.00787	0.00587	0.00242	0.00795	0.00514	0.00494	0.00909
2	0.01053	0.00788	0.00971	0.00976	0.01139	0.00733	0.00704	0.01301	0.01828	0.02455	0.29900	0.16867	0.21432	0.08932	0.06962	0.00402	0.00580	0.01555	0.00740	0.00682
3	0.01119	0.00767	0.00931	0.00962	0.00990	0.00779	0.00595	0.01181	0.01232	0.01662	0.02762	0.16103	0.03156	0.51174	0.12567	0.00764	0.00905	0.01297	0.00516	0.00540
4	0.02461	0.19658	0.02707	0.01777	0.02247	0.20093	0.01476	0.16237	0.10684	0.02763	0.01582	0.01740	0.01280	0.00928	0.00964	0.00232	0.10966	0.00611	0.00519	0.01073
5	0.01789	0.02748	0.24846	0.06099	0.06172	0.17255	0.01890	0.02280	0.01720	0.02180	0.04366	0.02395	0.01633	0.07903	0.12889	0.00463	0.01309	0.00713	0.00407	0.00941
6	0.01098	0.00841	0.01036	0.01141	0.01344	0.00779	0.00929	0.01367	0.01782	0.02235	0.05843	0.15618	0.31031	0.02147	0.01019	0.00319	0.00560	0.29485	0.00733	0.00695
7	0.07665	0.01038	0.01431	0.01382	0.01535	0.01258	0.01104	0.01577	0.01305	0.02027	0.02008	0.03115	0.01909	0.04631	0.49649	0.01001	0.11719	0.04464	0.00438	0.00745
8	0.77733	0.01534	0.01166	0.01043	0.01534	0.01779	0.00859	0.02331	0.01350	0.03558	0.01104	0.01288	0.00859	0.00736	0.00491	0.00245	0.00613	0.00429	0.00491	0.00859
9	0.01798	0.01253	0.01453	0.01282	0.01628	0.01310	0.00997	0.07883	0.22010	0.09515	0.31702	0.04181	0.04545	0.01293	0.00847	0.00250	0.00523	0.01105	0.05411	0.01012
10	0.01007	0.00806	0.00900	0.00877	0.01114	0.00699	0.00658	0.01274	0.01973	0.02534	0.30233	0.06986	0.44418	0.01862	0.00936	0.00261	0.00391	0.01583	0.00788	0.00699
11	0.03014	0.02221	0.02380	0.01825	0.02459	0.02459	0.01507	0.64541	0.03728	0.04998	0.01904	0.01904	0.01349	0.00952	0.00793	0.00238	0.00873	0.00714	0.00793	0.01349
12	0.02247	0.01840	0.01948	0.01669	0.02167	0.02101	0.01322	0.20126	0.49393	0.03760	0.02878	0.02680	0.02138	0.01043	0.00803	0.00261	0.00692	0.00848	0.00803	0.01280
13	0.77733	0.01534	0.01166	0.01043	0.01534	0.01779	0.00859	0.02331	0.01350	0.03558	0.01104	0.01288	0.00859	0.00736	0.00491	0.00245	0.00613	0.00429	0.00491	0.00859
14	0.01963	0.01884	0.03219	0.04867	0.67185	0.01884	0.02434	0.02434	0.01806	0.02591	0.01492	0.01963	0.01256	0.00707	0.00785	0.00236	0.00942	0.00707	0.00393	0.01256
15	0.01590	0.04102	0.68023	0.02260	0.03432	0.01842	0.02930	0.02511	0.01674	0.02511	0.01423	0.01674	0.01005	0.00753	0.00753	0.00251	0.01172	0.00586	0.00335	0.01172
16	0.03558	0.01350	0.01840	0.01411	0.02024	0.01166	0.01166	0.03865	0.02270	0.67734	0.03128	0.02699	0.01963	0.00981	0.00797	0.00245	0.00675	0.00797	0.00981	0.01350
17	0.02482	0.02999	0.01952	0.01801	0.02126	0.51003	0.01341	0.02680	0.01979	0.01886	0.01498	0.02072	0.01361	0.08465	0.12545	0.00438	0.01484	0.00629	0.00418	0.00842
18	0.01122	0.00811	0.01060	0.00998	0.01185	0.00748	0.00748	0.01496	0.02245	0.03180	0.66766	0.05923	0.07482	0.01621	0.00935	0.00249	0.00374	0.01434	0.00873	0.00748
19	0.01142	0.00812	0.01083	0.01083	0.01159	0.00887	0.00753	0.01293	0.01218	0.01699	0.02299	0.04084	0.02403	0.36855	0.38656	0.01038	0.01491	0.00991	0.00451	0.00602
20	0.02030	0.02891	0.22166	0.15733	0.06819	0.19499	0.02085	0.07692	0.01949	0.02414	0.01479	0.01870	0.01155	0.01287	0.07261	0.00337	0.01270	0.00632	0.00408	0.01023
21	0.10995	0.01506	0.01857	0.01439	0.02043	0.01432	0.01188	0.13292	0.02407	0.51317	0.02730	0.02430	0.01754	0.00952	0.00766	0.00244	0.00700	0.00747	0.00902	0.01300
22	0.01748	0.02535	0.23430	0.02076	0.02648	0.04792	0.07898	0.02627	0.14064	0.02543	0.07172	0.02330	0.01853	0.01051	0.01282	0.00279	0.19359	0.00776	0.00484	0.01052
23	0.14112	0.01565	0.01969	0.02296	0.19031	0.01671	0.01428	0.06257	0.19847	0.08469	0.02527	0.13027	0.02206	0.01128	0.00781	0.00261	0.00700	0.00965	0.00650	0.01110
24	0.01636	0.08139	0.02088	0.07307	0.02209	0.01616	0.07837	0.07090	0.15158	0.02485	0.02818	0.05839	0.08178	0.10911	0.12717	0.00491	0.01022	0.00974	0.00565	0.00920
25	0.01284	0.12067	0.01745	0.01267	0.01508	0.01228	0.05267	0.01475	0.01537	0.01999	0.03642	0.33402	0.11466	0.11565	0.01381	0.00343	0.03201	0.01529	0.00592	0.03501
26	0.02021	0.07441	0.08206	0.07467	0.05084	0.05824	0.01488	0.19185	0.05465	0.03155	0.09987	0.08515	0.02384	0.01065	0.00777	0.00231	0.00808	0.00874	0.00609	0.09413

[dist]
# distance from previous block
# <min> <max>
0	243

[block]
# block no. 2 follows, 24 sequences, length 30
# corresponding to MSA columns:
# 424-453
name=unknown_C
#
# <colnr> <probs for GDERKNQSTAVLIFYWHMCP>
#	G	D	E	R	K	N	Q	S	T	A	V	L	I	F	Y	W	H	M	C	P
0	0.06345	0.01620	0.10382	0.01421	0.01794	0.01436	0.01289	0.08378	0.01949	0.02771	0.17066	0.04421	0.20034	0.01457	0.01179	0.00275	0.13461	0.03215	0.00630	0.00876
1	0.02238	0.14343	0.02845	0.19537	0.06999	0.11812	0.06360	0.17107	0.02230	0.02793	0.01466	0.01786	0.01143	0.00788	0.00731	0.00223	0.01018	0.00634	0.00475	0.05470
2	0.01244	0.01021	0.01478	0.26926	0.02722	0.01125	0.01241	0.01548	0.01606	0.02096	0.11418	0.09603	0.11094	0.18145	0.01631	0.00392	0.00754	0.04689	0.00549	0.00716
3	0.03558	0.01350	0.01840	0.01411	0.02024	0.01166	0.01166	0.03865	0.02270	0.67734	0.03128	0.02699	0.01963	0.00981	0.00797	0.00245	0.00675	0.00797	0.00981	0.01350
4	0.01152	0.00960	0.01027	0.01013	0.01279	0.00921	0.00756	0.01747	0.14004	0.02428	0.10999	0.15197	0.41876	0.01865	0.00922	0.00274	0.00451	0.01585	0.00760	0.00784
5	0.01963	0.01884	0.03219	0.04867	0.67185	0.01884	0.02434	0.02434	0.01806	0.02591	0.01492	0.01963	0.01256	0.00707	0.00785	0.00236	0.00942	0.00707	0.00393	0.01256
6	0.01099	0.00810	0.01028	0.00973	0.01170	0.00738	0.00730	0.01451	0.02190	0.03050	0.59390	0.06138	0.14940	0.01670	0.00936	0.00252	0.00378	0.01464	0.00856	0.00738
7	0.01142	0.00813	0.01090	0.01090	0.01168	0.00891	0.00762	0.01298	0.01220	0.01705	0.02292	0.04047	0.02387	0.35685	0.39805	0.01047	0.01515	0.00986	0.00450	0.00606
8	0.02199	0.02333	0.02989	0.04199	0.51864	0.17757	0.02220	0.02607	0.01910	0.02437	0.01429	0.01837	0.01201	0.00733	0.00768	0.00228	0.01058	0.00660	0.00396	0.01176
9	0.01972	0.01703	0.01793	0.01614	0.02062	0.01972	0.01255	0.04214	0.65752	0.03317	0.03228	0.02959	0.02421	0.01076	0.00807	0.00269	0.00628	0.00897	0.00807	0.01255
10	0.03014	0.02221	0.02380	0.01825	0.02459	0.02459	0.01507	0.64541	0.03728	0.04998	0.01904	0.01904	0.01349	0.00952	0.00793	0.00238	0.00873	0.00714	0.00793	0.01349
11	0.00992	0.00805	0.00879	0.00860	0.01104	0.00693	0.00645	0.01243	0.01936	0.02447	0.25287	0.07130	0.49419	0.01895	0.00937	0.00262	0.00394	0.01603	0.00776	0.00693
12	0.00966	0.00690	0.00920	0.01104	0.01150	0.00644	0.00736	0.01104	0.01518	0.02024	0.04371	0.71614	0.05245	0.02484	0.01012	0.00322	0.00460	0.02254	0.00736	0.00644
13	0.01281	0.00999	0.01221	0.01207	0.03892	0.00972	0.00868	0.04195	0.08841	0.03034	0.43303	0.05643	0.18337	0.01580	0.00911	0.00254	0.00448	0.01369	0.00817	0.00829
14	0.01153	0.00769	0.00865	0.00865	0.00865	0.00769	0.00480	0.01153	0.01153	0.01538	0.02499	0.05189	0.02883	0.72131	0.04036	0.00769	0.00769	0.01153	0.00480	0.00480
15	0.01900	0.01820	0.03106	0.13637	0.58903	0.01868	0.02403	0.02379	0.01776	0.02515	0.01481	0.01983	0.01229	0.00718	0.00786	0.00239	0.00957	0.00706	0.00387	0.01206
16	0.02132	0.51877	0.03823	0.02228	0.17479	0.06658	0.01622	0.02434	0.01694	0.02042	0.01202	0.01445	0.01074	0.00693	0.00586	0.00187	0.00904	0.00496	0.00356	0.01068
17	0.01498	0.01409	0.02378	0.70226	0.05462	0.01762	0.02202	0.02026	0.01586	0.02026	0.01409	0.02114	0.01057	0.00793	0.00793	0.00264	0.01057	0.00705	0.00352	0.00881
18	0.03031	0.02007	0.02276	0.05712	0.02550	0.02170	0.01482	0.49254	0.03324	0.16882	0.02111	0.02069	0.01450	0.00948	0.00794	0.00241	0.00845	0.00729	0.00804	0.01322
19	0.01720	0.01687	0.03032	0.29938	0.29414	0.01800	0.12728	0.02232	0.01718	0.02336	0.01611	0.05245	0.01352	0.00815	0.00824	0.00256	0.01032	0.00816	0.00394	0.01050
20	0.01133	0.00850	0.01274	0.01274	0.01416	0.00991	0.00991	0.01416	0.01274	0.01841	0.02124	0.03115	0.01982	0.05947	0.68989	0.01274	0.02124	0.00850	0.00425	0.00708
21	0.01013	0.00806	0.00909	0.00883	0.01118	0.00702	0.00662	0.01285	0.01987	0.02568	0.32141	0.06930	0.42489	0.01849	0.00936	0.00260	0.00390	0.01575	0.00792	0.00702
22	0.01662	0.13294	0.59454	0.02139	0.03245	0.02016	0.02719	0.02493	0.01666	0.02425	0.01380	0.01620	0.01006	0.00743	0.00721	0.00240	0.01128	0.00564	0.00335	0.01151
23	0.77733	0.01534	0.01166	0.01043	0.01534	0.01779	0.00859	0.02331	0.01350	0.03558	0.01104	0.01288	0.00859	0.00736	0.00491	0.00245	0.00613	0.00429	0.00491	0.00859
24	0.01630	0.09204	0.63266	0.02193	0.03328	0.01938	0.02813	0.02501	0.01670	0.02463	0.01399	0.01644	0.01005	0.00748	0.00735	0.00245	0.01148	0.00574	0.00335	0.01160
25	0.01153	0.00769	0.00865	0.00865	0.00865	0.00769	0.00480	0.01153	0.01153	0.01538	0.02499	0.05189	0.02883	0.72131	0.04036	0.00769	0.00769	0.01153	0.00480	0.00480
26	0.01498	0.01409	0.02378	0.70226	0.05462	0.01762	0.02202	0.02026	0.01586	0.02026	0.01409	0.02114	0.01057	0.00793	0.00793	0.00264	0.01057	0.00705	0.00352	0.00881
27	0.01152	0.00773	0.00889	0.00889	0.00897	0.00782	0.00510	0.01168	0.01160	0.01555	0.02477	0.05069	0.02831	0.68293	0.07803	0.00798	0.00847	0.01136	0.00477	0.00494
28	0.01449	0.01334	0.02230	0.60974	0.04919	0.01658	0.02040	0.01944	0.01544	0.02001	0.01505	0.02248	0.01181	0.01484	0.09943	0.00400	0.01200	0.00724	0.00362	0.00858
29	0.01941	0.02080	0.02374	0.37819	0.12641	0.19961	0.01982	0.02362	0.01813	0.02105	0.01578	0.02417	0.01335	0.00892	0.00793	0.00252	0.01119	0.05206	0.00401	0.00930

[dist]
# distance from previous block
# <min> <max>
3	5

[block]
# block no. 3 follows, 24 sequences, length 48
# corresponding to MSA columns:
# 459-506
name=unknown_D
#
# <colnr> <probs for GDERKNQSTAVLIFYWHMCP>
#	G	D	E	R	K	N	Q	S	T	A	V	L	I	F	Y	W	H	M	C	P
0	0.02161	0.01953	0.02643	0.08773	0.33339	0.05050	0.01949	0.13970	0.16179	0.03107	0.01928	0.02159	0.01501	0.00844	0.00789	0.00244	0.00892	0.00740	0.00553	0.01227
1	0.02962	0.03779	0.02247	0.02043	0.02451	0.68948	0.01532	0.03166	0.02247	0.01941	0.01226	0.01430	0.01021	0.00817	0.00715	0.00204	0.01430	0.00511	0.00409	0.00919
2	0.01644	0.01409	0.01644	0.01175	0.01879	0.01057	0.00940	0.01997	0.01644	0.02584	0.01409	0.01644	0.01175	0.00587	0.00587	0.00117	0.00587	0.00470	0.00470	0.76979
3	0.01498	0.01409	0.02378	0.70226	0.05462	0.01762	0.02202	0.02026	0.01586	0.02026	0.01409	0.02114	0.01057	0.00793	0.00793	0.00264	0.01057	0.00705	0.00352	0.00881
4	0.01952	0.01913	0.03386	0.04693	0.59966	0.01898	0.09519	0.02446	0.01813	0.02585	0.01505	0.01983	0.01250	0.00702	0.00802	0.00239	0.00987	0.00733	0.00394	0.01235
5	0.01278	0.00913	0.01278	0.01460	0.01643	0.00913	0.01278	0.01643	0.01825	0.02373	0.04199	0.08945	0.04564	0.02191	0.01095	0.00365	0.00730	0.61847	0.00730	0.00730
6	0.01122	0.00811	0.01060	0.00998	0.01185	0.00748	0.00748	0.01496	0.02245	0.03180	0.66766	0.05923	0.07482	0.01621	0.00935	0.00249	0.00374	0.01434	0.00873	0.00748
7	0.02345	0.01842	0.02361	0.08129	0.21191	0.04654	0.01707	0.12047	0.21665	0.12277	0.02294	0.02352	0.01699	0.00905	0.00792	0.00249	0.00828	0.00770	0.00657	0.01238
8	0.01872	0.02139	0.04679	0.03342	0.04144	0.02005	0.64305	0.02540	0.01872	0.02540	0.01604	0.02139	0.01203	0.00668	0.00936	0.00267	0.01337	0.00936	0.00401	0.01070
9	0.01377	0.00689	0.01033	0.01033	0.01033	0.00689	0.00689	0.01033	0.01033	0.01377	0.01377	0.02410	0.01377	0.02755	0.03099	0.76928	0.00689	0.00689	0.00344	0.00344
10	0.02802	0.01358	0.01625	0.01298	0.01786	0.01325	0.01055	0.16811	0.02411	0.33939	0.02689	0.02600	0.01847	0.00957	0.00722	0.00225	0.00626	0.00761	0.24001	0.01163
11	0.01590	0.04102	0.68023	0.02260	0.03432	0.01842	0.02930	0.02511	0.01674	0.02511	0.01423	0.01674	0.01005	0.00753	0.00753	0.00251	0.01172	0.00586	0.00335	0.01172
12	0.01963	0.01884	0.03219	0.04867	0.67185	0.01884	0.02434	0.02434	0.01806	0.02591	0.01492	0.01963	0.01256	0.00707	0.00785	0.00236	0.00942	0.00707	0.00393	0.01256
13	0.01590	0.04102	0.68023	0.02260	0.03432	0.01842	0.02930	0.02511	0.01674	0.02511	0.01423	0.01674	0.01005	0.00753	0.00753	0.00251	0.01172	0.00586	0.00335	0.01172
14	0.01152	0.00774	0.00890	0.00890	0.00899	0.00782	0.00512	0.01169	0.01161	0.01556	0.02476	0.05062	0.02828	0.68060	0.08032	0.00800	0.00852	0.01135	0.00477	0.00494
15	0.01498	0.01409	0.02378	0.70226	0.05462	0.01762	0.02202	0.02026	0.01586	0.02026	0.01409	0.02114	0.01057	0.00793	0.00793	0.00264	0.01057	0.00705	0.00352	0.00881
16	0.02962	0.03779	0.02247	0.02043	0.02451	0.68948	0.01532	0.03166	0.02247	0.01941	0.01226	0.01430	0.01021	0.00817	0.00715	0.00204	0.01430	0.00511	0.00409	0.00919
17	0.00966	0.00690	0.00920	0.01104	0.01150	0.00644	0.00736	0.01104	0.01518	0.02024	0.04371	0.71614	0.05245	0.02484	0.01012	0.00322	0.00460	0.02254	0.00736	0.00644
18	0.01533	0.01446	0.02443	0.65193	0.10215	0.01771	0.02220	0.02057	0.01603	0.02070	0.01416	0.02102	0.01072	0.00786	0.00792	0.00262	0.01048	0.00705	0.00355	0.00910
19	0.01498	0.01409	0.02378	0.70226	0.05462	0.01762	0.02202	0.02026	0.01586	0.02026	0.01409	0.02114	0.01057	0.00793	0.00793	0.00264	0.01057	0.00705	0.00352	0.00881
20	0.00983	0.00791	0.00806	0.00818	0.01064	0.00673	0.00607	0.01193	0.01777	0.02200	0.07354	0.11408	0.57610	0.01951	0.00911	0.00265	0.00403	0.01636	0.06876	0.00673
21	0.01745	0.01095	0.01367	0.01279	0.01541	0.01095	0.00961	0.13258	0.02114	0.11994	0.12383	0.34211	0.04116	0.02148	0.06437	0.00363	0.00689	0.01535	0.00775	0.00893
22	0.01146	0.00948	0.01240	0.01202	0.01427	0.00903	0.04882	0.01602	0.09058	0.02353	0.11146	0.32574	0.24553	0.01971	0.00952	0.00288	0.00509	0.01750	0.00736	0.00760
23	0.02423	0.02050	0.09574	0.01687	0.02208	0.01985	0.01493	0.34356	0.02675	0.07926	0.01945	0.02285	0.01508	0.06745	0.01242	0.00290	0.09159	0.00741	0.08571	0.01137
24	0.77733	0.01534	0.01166	0.01043	0.01534	0.01779	0.00859	0.02331	0.01350	0.03558	0.01104	0.01288	0.00859	0.00736	0.00491	0.00245	0.00613	0.00429	0.00491	0.00859
25	0.00981	0.00722	0.00919	0.01045	0.01142	0.00661	0.00717	0.01157	0.01651	0.02184	0.12560	0.53856	0.14881	0.02306	0.00991	0.00305	0.00441	0.02066	0.00753	0.00661
26	0.01394	0.01223	0.01996	0.47773	0.04125	0.01500	0.01790	0.01846	0.01501	0.02014	0.01662	0.02433	0.01360	0.02254	0.20047	0.00546	0.01329	0.00747	0.03635	0.00826
27	0.01731	0.00892	0.00936	0.00866	0.01113	0.00898	0.00667	0.06774	0.01860	0.07319	0.02570	0.02859	0.01976	0.00930	0.00588	0.00193	0.00428	0.00741	0.65834	0.00825
28	0.01644	0.01409	0.01644	0.01175	0.01879	0.01057	0.00940	0.01997	0.01644	0.02584	0.01409	0.01644	0.01175	0.00587	0.00587	0.00117	0.00587	0.00470	0.00470	0.76979
29	0.01680	0.01016	0.01221	0.01104	0.01430	0.00976	0.00865	0.04553	0.04544	0.15602	0.04883	0.04863	0.29264	0.02522	0.16082	0.00481	0.00869	0.01174	0.05998	0.00874
30	0.01602	0.01361	0.01597	0.01160	0.01823	0.01032	0.00924	0.01956	0.01693	0.02632	0.06703	0.01991	0.01685	0.00671	0.00615	0.00128	0.00570	0.00548	0.00502	0.70805
31	0.00973	0.00776	0.00851	0.00888	0.01079	0.00677	0.00632	0.01155	0.01718	0.02134	0.10581	0.21624	0.44051	0.07769	0.01205	0.00319	0.00443	0.01746	0.00724	0.00654
32	0.02267	0.09409	0.05036	0.01296	0.01748	0.01274	0.01116	0.02603	0.01946	0.28968	0.14019	0.06272	0.02947	0.01816	0.10424	0.00383	0.00841	0.00927	0.05674	0.01033
33	0.00966	0.00725	0.00897	0.01022	0.01132	0.00656	0.00703	0.01132	0.01628	0.02111	0.08384	0.52000	0.21126	0.02320	0.00989	0.00305	0.00441	0.02065	0.00743	0.00656
34	0.05542	0.01708	0.02837	0.26518	0.43324	0.01838	0.02279	0.02292	0.01710	0.02450	0.01445	0.01980	0.01170	0.00737	0.00773	0.00246	0.00964	0.00692	0.00384	0.01111
35	0.21982	0.24946	0.02795	0.02059	0.14424	0.05420	0.01467	0.13476	0.01986	0.03006	0.01325	0.01528	0.01081	0.00754	0.00617	0.00216	0.00836	0.00535	0.00473	0.01076
36	0.02009	0.02192	0.02388	0.02073	0.02165	0.17297	0.01690	0.02190	0.01445	0.01916	0.01082	0.01667	0.01037	0.01260	0.02180	0.00315	0.55201	0.00653	0.00361	0.00879
37	0.01035	0.00804	0.00921	0.00894	0.01106	0.00712	0.00658	0.01297	0.01952	0.02555	0.33538	0.06698	0.35946	0.07009	0.01165	0.00297	0.00417	0.01530	0.00778	0.00690
38	0.01020	0.00741	0.00876	0.00960	0.01041	0.00690	0.00624	0.01127	0.01466	0.01894	0.04589	0.35998	0.18260	0.24727	0.01966	0.00453	0.00546	0.01771	0.00654	0.00597
39	0.01148	0.00802	0.01002	0.00952	0.01145	0.00741	0.00714	0.01507	0.02142	0.03068	0.54514	0.05726	0.11815	0.01574	0.00892	0.00244	0.00376	0.01374	0.09526	0.00741
40	0.01278	0.00913	0.01278	0.01460	0.01643	0.00913	0.01278	0.01643	0.01825	0.02373	0.04199	0.08945	0.04564	0.02191	0.01095	0.00365	0.00730	0.61847	0.00730	0.00730
41	0.05567	0.09384	0.14527	0.07342	0.02755	0.02272	0.01754	0.32369	0.09970	0.03736	0.01814	0.01911	0.01331	0.00880	0.00747	0.00240	0.00901	0.00670	0.00617	0.01214
42	0.01095	0.00781	0.01056	0.01178	0.01264	0.00787	0.00864	0.01289	0.01486	0.01993	0.03633	0.34848	0.04133	0.13856	0.13856	0.00574	0.00871	0.15149	0.00639	0.00650
43	0.00978	0.00763	0.00887	0.00945	0.01118	0.00673	0.00675	0.01183	0.01772	0.02266	0.16135	0.30777	0.34762	0.02120	0.00964	0.00285	0.00419	0.01848	0.00758	0.00673
44	0.46762	0.01493	0.01666	0.01393	0.01846	0.01636	0.08178	0.02142	0.01478	0.03080	0.04270	0.08605	0.01650	0.00972	0.00767	0.00252	0.05546	0.00732	0.00509	0.07023
45	0.02171	0.36273	0.03207	0.06282	0.07592	0.09591	0.01528	0.09501	0.04195	0.02352	0.01394	0.01670	0.01189	0.01110	0.04938	0.00273	0.04705	0.00565	0.00426	0.01037
46	0.20756	0.04755	0.09142	0.01382	0.01854	0.05933	0.01219	0.12935	0.02020	0.03078	0.07846	0.14944	0.08554	0.01282	0.00760	0.00255	0.00719	0.01027	0.00612	0.00926
47	0.10926	0.32346	0.11065	0.01588	0.02260	0.07181	0.01526	0.14100	0.07291	0.02844	0.01474	0.01590	0.01175	0.00787	0.00629	0.00212	0.00888	0.00543	0.00483	0.01092

[dist]
# distance from previous block
# <min> <max>
1	95

[block]
# block no. 4 follows, 24 sequences, length 10
# corresponding to MSA columns:
# 670-679
name=unknown_E
#
# <colnr> <probs for GDERKNQSTAVLIFYWHMCP>
#	G	D	E	R	K	N	Q	S	T	A	V	L	I	F	Y	W	H	M	C	P
0	0.02175	0.01299	0.01577	0.01267	0.01739	0.01201	0.01013	0.13025	0.02374	0.20599	0.23346	0.03761	0.08038	0.01186	0.00815	0.00225	0.00578	0.00993	0.00810	0.13980
1	0.11042	0.01330	0.01611	0.01283	0.01806	0.01261	0.01049	0.08405	0.02182	0.43729	0.02711	0.02529	0.01807	0.00942	0.00720	0.00234	0.00629	0.00740	0.14807	0.01185
2	0.01727	0.01430	0.01674	0.01361	0.04065	0.01231	0.01016	0.07678	0.06282	0.02737	0.01822	0.05542	0.01625	0.06736	0.00938	0.00208	0.00637	0.00676	0.00534	0.52082
3	0.01830	0.01748	0.02979	0.23546	0.49545	0.01849	0.02368	0.02317	0.01743	0.02429	0.01468	0.02006	0.01199	0.00731	0.00787	0.00244	0.00975	0.00706	0.00381	0.01149
4	0.01038	0.00742	0.00999	0.01160	0.01244	0.00703	0.00837	0.01240	0.01643	0.02196	0.10168	0.53953	0.05329	0.02350	0.01020	0.00323	0.00502	0.13137	0.00748	0.00670
5	0.01864	0.02210	0.13795	0.09678	0.51766	0.01867	0.02497	0.02414	0.01766	0.02532	0.01474	0.01927	0.01199	0.00721	0.00780	0.00240	0.00989	0.00687	0.00380	0.01212
6	0.02211	0.55136	0.09592	0.01551	0.02229	0.13830	0.01527	0.02517	0.01721	0.01936	0.01152	0.01334	0.01017	0.00708	0.00565	0.00183	0.00973	0.00453	0.00350	0.01015
7	0.01188	0.00785	0.01031	0.01088	0.01231	0.00733	0.00776	0.01407	0.01737	0.06742	0.18245	0.41141	0.10803	0.02426	0.06422	0.00372	0.00584	0.01809	0.00758	0.00722
8	0.26451	0.01807	0.01624	0.01491	0.05897	0.11250	0.01093	0.07486	0.01829	0.03023	0.01696	0.01892	0.03712	0.00792	0.00615	0.00201	0.00737	0.00569	0.07348	0.20487
9	0.06607	0.01257	0.03972	0.01354	0.01738	0.01112	0.05405	0.05292	0.01943	0.16045	0.14598	0.14889	0.08274	0.07347	0.01129	0.00305	0.00644	0.03498	0.00728	0.03862

[dist]
# distance from previous block
# <min> <max>
1	3

[block]
# block no. 5 follows, 24 sequences, length 82
# corresponding to MSA columns:
# 718-755,768-811
name=unknown_F
#
# <colnr> <probs for GDERKNQSTAVLIFYWHMCP>
#	G	D	E	R	K	N	Q	S	T	A	V	L	I	F	Y	W	H	M	C	P
0	0.01616	0.01392	0.07300	0.06564	0.04727	0.03380	0.01209	0.01967	0.01866	0.11193	0.17194	0.20412	0.07917	0.01471	0.00862	0.00255	0.00639	0.01284	0.00684	0.08068
1	0.01528	0.01467	0.06700	0.05051	0.14297	0.01283	0.01356	0.06612	0.04549	0.02516	0.05918	0.19094	0.06658	0.09892	0.01225	0.00314	0.00715	0.01189	0.00578	0.09057
2	0.01822	0.03415	0.44987	0.02675	0.13460	0.04421	0.05292	0.06966	0.01853	0.02657	0.01453	0.01750	0.01080	0.00786	0.00847	0.00251	0.04099	0.00631	0.00383	0.01171
3	0.01377	0.00689	0.01033	0.01033	0.01033	0.00689	0.00689	0.01033	0.01033	0.01377	0.01377	0.02410	0.01377	0.02755	0.03099	0.76928	0.00689	0.00689	0.00344	0.00344
4	0.01483	0.01401	0.02385	0.14756	0.15875	0.01456	0.12151	0.01885	0.01732	0.02333	0.07660	0.13720	0.10580	0.01311	0.00998	0.00276	0.05044	0.03516	0.00527	0.00910
5	0.01685	0.01874	0.12551	0.31705	0.03692	0.01722	0.01904	0.09975	0.09622	0.02646	0.02297	0.07943	0.04281	0.01077	0.00824	0.00268	0.00916	0.03503	0.00520	0.00997
6	0.00982	0.00761	0.00895	0.00955	0.01122	0.00674	0.00681	0.01190	0.01774	0.02284	0.17220	0.32145	0.32233	0.02123	0.00966	0.00286	0.00419	0.01856	0.00761	0.00674
7	0.01133	0.00850	0.01274	0.01274	0.01416	0.00991	0.00991	0.01416	0.01274	0.01841	0.02124	0.03115	0.01982	0.05947	0.68989	0.01274	0.02124	0.00850	0.00425	0.00708
8	0.01532	0.01033	0.01170	0.01040	0.01372	0.00954	0.00809	0.08862	0.02191	0.10472	0.21117	0.05970	0.37111	0.01670	0.00904	0.00257	0.00482	0.01401	0.00805	0.00847
9	0.01692	0.03396	0.45239	0.02649	0.03688	0.01901	0.25005	0.02522	0.01745	0.02522	0.01488	0.01841	0.01076	0.00723	0.00819	0.00257	0.01231	0.00712	0.00359	0.01135
10	0.01447	0.01059	0.01223	0.01182	0.01443	0.01108	0.00928	0.02328	0.19579	0.03005	0.24049	0.05050	0.06740	0.01435	0.00848	0.00261	0.00501	0.10787	0.16149	0.00881
11	0.00968	0.00791	0.00856	0.00869	0.01098	0.00678	0.00641	0.01188	0.01838	0.02283	0.16391	0.15166	0.50460	0.02008	0.00946	0.00272	0.00405	0.01708	0.00757	0.00678
12	0.17228	0.01352	0.01405	0.01174	0.01601	0.01422	0.00947	0.16944	0.02193	0.15251	0.02233	0.02336	0.01629	0.00904	0.00642	0.00220	0.00590	0.00683	0.30231	0.01015
13	0.01212	0.00924	0.00998	0.00974	0.01245	0.00842	0.00728	0.05180	0.04311	0.04965	0.06624	0.18468	0.46744	0.01954	0.00932	0.00275	0.00460	0.01656	0.00752	0.00755
14	0.01131	0.00814	0.01105	0.01280	0.01409	0.00788	0.01018	0.01392	0.01695	0.02215	0.04444	0.35406	0.07655	0.02307	0.01053	0.00343	0.00601	0.33922	0.00733	0.00691
15	0.01545	0.01438	0.02361	0.46873	0.13968	0.01733	0.02035	0.01995	0.01547	0.02066	0.01493	0.02272	0.01234	0.04408	0.05993	0.00362	0.06667	0.00735	0.00369	0.00906
16	0.01425	0.01537	0.08826	0.01545	0.01995	0.01283	0.10846	0.02205	0.15054	0.02552	0.06640	0.08819	0.22519	0.04433	0.01001	0.00285	0.00692	0.01219	0.06219	0.00905
17	0.01068	0.00759	0.01017	0.01187	0.01268	0.00729	0.00870	0.01260	0.01578	0.02087	0.04185	0.49070	0.04879	0.07519	0.01258	0.00367	0.00559	0.18970	0.00716	0.00656
18	0.01124	0.00795	0.01048	0.01068	0.01134	0.00852	0.00729	0.01262	0.01245	0.01721	0.02537	0.11409	0.02746	0.36038	0.31810	0.00940	0.01322	0.01140	0.00484	0.00596
19	0.02039	0.02078	0.03029	0.02343	0.02863	0.12026	0.27744	0.09182	0.04871	0.02668	0.01759	0.02195	0.01396	0.01383	0.08259	0.00361	0.06357	0.00800	0.07647	0.01000
20	0.01676	0.02809	0.33669	0.14471	0.05794	0.03988	0.06044	0.04249	0.03790	0.02392	0.01695	0.02082	0.03250	0.00987	0.01032	0.05891	0.04071	0.00692	0.00390	0.01026
21	0.01734	0.00940	0.00999	0.00895	0.01180	0.00920	0.00693	0.06774	0.01856	0.06990	0.02479	0.02762	0.01911	0.00904	0.00590	0.00187	0.00443	0.00720	0.60457	0.06567
22	0.01894	0.09586	0.07877	0.03583	0.38776	0.02155	0.02175	0.02298	0.01623	0.02332	0.01329	0.01809	0.01157	0.00882	0.01221	0.00258	0.18885	0.00664	0.00371	0.01124
23	0.00966	0.00690	0.00920	0.01104	0.01150	0.00644	0.00736	0.01104	0.01518	0.02024	0.04371	0.71614	0.05245	0.02484	0.01012	0.00322	0.00460	0.02254	0.00736	0.00644
24	0.01008	0.00806	0.00902	0.00878	0.01115	0.00700	0.00658	0.01275	0.01975	0.02540	0.30535	0.06977	0.44113	0.01860	0.00936	0.00261	0.00391	0.01582	0.00789	0.00700
25	0.01735	0.01735	0.02429	0.02082	0.02082	0.02429	0.01735	0.01908	0.01214	0.01908	0.01041	0.01735	0.01041	0.01388	0.02602	0.00347	0.70680	0.00694	0.00347	0.00867
26	0.48566	0.01461	0.01431	0.01188	0.01727	0.01538	0.00979	0.02934	0.01711	0.28793	0.01900	0.01843	0.01293	0.00833	0.00611	0.00245	0.00638	0.00574	0.00684	0.01052
27	0.02120	0.72609	0.04155	0.01357	0.02035	0.03138	0.01357	0.02374	0.01611	0.01866	0.01102	0.01272	0.01018	0.00678	0.00509	0.00170	0.00848	0.00424	0.00339	0.01018
28	0.01299	0.00816	0.01034	0.01093	0.01188	0.00789	0.00764	0.01434	0.01476	0.06710	0.03436	0.25498	0.03849	0.32421	0.02320	0.00518	0.00662	0.13406	0.00642	0.00642
29	0.03014	0.02221	0.02380	0.01825	0.02459	0.02459	0.01507	0.64541	0.03728	0.04998	0.01904	0.01904	0.01349	0.00952	0.00793	0.00238	0.00873	0.00714	0.00793	0.01349
30	0.01995	0.03567	0.49359	0.02136	0.03155	0.02017	0.02525	0.20148	0.02258	0.03218	0.01560	0.01739	0.01102	0.00810	0.00765	0.00247	0.01087	0.00622	0.00465	0.01222
31	0.01137	0.00831	0.01181	0.01181	0.01290	0.00940	0.00874	0.01356	0.01247	0.01771	0.02210	0.03591	0.02189	0.21120	0.54099	0.01159	0.01813	0.00919	0.00438	0.00656
32	0.02962	0.03779	0.02247	0.02043	0.02451	0.68948	0.01532	0.03166	0.02247	0.01941	0.01226	0.01430	0.01021	0.00817	0.00715	0.00204	0.01430	0.00511	0.00409	0.00919
33	0.01141	0.00874	0.01070	0.01179	0.01321	0.00870	0.00845	0.01624	0.11332	0.02262	0.04568	0.49331	0.11247	0.02196	0.00980	0.00312	0.00501	0.06853	0.00746	0.00747
34	0.00966	0.00690	0.00920	0.01104	0.01150	0.00644	0.00736	0.01104	0.01518	0.02024	0.04371	0.71614	0.05245	0.02484	0.01012	0.00322	0.00460	0.02254	0.00736	0.00644
35	0.01153	0.00838	0.01182	0.01202	0.01316	0.00933	0.00907	0.01381	0.01306	0.01830	0.02431	0.04207	0.02462	0.20463	0.47074	0.01063	0.01669	0.07454	0.00470	0.00659
36	0.01844	0.01447	0.01753	0.01519	0.01770	0.01697	0.01189	0.19611	0.06795	0.02800	0.02025	0.02930	0.01848	0.16739	0.19318	0.00634	0.13763	0.00848	0.00556	0.00914
37	0.01757	0.09833	0.05295	0.02814	0.23478	0.06953	0.10062	0.02153	0.01683	0.02235	0.01876	0.09551	0.01768	0.01960	0.14603	0.00450	0.01219	0.00880	0.00430	0.00998
38	0.38641	0.02326	0.01758	0.05642	0.02195	0.22680	0.01247	0.12015	0.02003	0.03183	0.01282	0.01475	0.00995	0.00797	0.00624	0.00233	0.00932	0.00514	0.00503	0.00953
39	0.01811	0.01817	0.02600	0.11292	0.17761	0.05086	0.01948	0.02100	0.01444	0.02084	0.01201	0.01823	0.01092	0.01129	0.01868	0.00304	0.42625	0.00690	0.00361	0.00962
40	0.01288	0.00963	0.01166	0.01026	0.01357	0.00813	0.00779	0.01599	0.01949	0.05143	0.31269	0.10881	0.17585	0.01502	0.00853	0.00228	0.00450	0.01298	0.00740	0.19110
41	0.01206	0.00985	0.01270	0.01255	0.01422	0.04230	0.00969	0.01486	0.01436	0.01971	0.07468	0.03589	0.07245	0.05072	0.55361	0.01069	0.01827	0.00940	0.00482	0.00718
42	0.01037	0.00793	0.00951	0.00942	0.01140	0.00707	0.00695	0.01319	0.01997	0.02664	0.37974	0.14861	0.28308	0.01868	0.00946	0.00265	0.00395	0.01623	0.00807	0.00707
43	0.00937	0.00803	0.00803	0.00803	0.01071	0.00669	0.00602	0.01138	0.01807	0.02142	0.08033	0.07632	0.66863	0.02008	0.00937	0.00268	0.00402	0.01674	0.00736	0.00669
44	0.02120	0.72609	0.04155	0.01357	0.02035	0.03138	0.01357	0.02374	0.01611	0.01866	0.01102	0.01272	0.01018	0.00678	0.00509	0.00170	0.00848	0.00424	0.00339	0.01018
45	0.01266	0.00961	0.01184	0.01102	0.01333	0.00955	0.00834	0.01956	0.12975	0.03203	0.56031	0.05422	0.06627	0.01529	0.00914	0.00253	0.00417	0.01343	0.00862	0.00834
46	0.03014	0.02221	0.02380	0.01825	0.02459	0.02459	0.01507	0.64541	0.03728	0.04998	0.01904	0.01904	0.01349	0.00952	0.00793	0.00238	0.00873	0.00714	0.00793	0.01349
47	0.01872	0.02139	0.04679	0.03342	0.04144	0.02005	0.64305	0.02540	0.01872	0.02540	0.01604	0.02139	0.01203	0.00668	0.00936	0.00267	0.01337	0.00936	0.00401	0.01070
48	0.03243	0.01855	0.02153	0.01651	0.02277	0.01916	0.01364	0.39059	0.03116	0.31345	0.02418	0.02238	0.01607	0.00964	0.00795	0.00241	0.00790	0.00749	0.00872	0.01349
49	0.01233	0.00906	0.01188	0.01237	0.01429	0.00894	0.00996	0.01719	0.06677	0.02763	0.31427	0.12893	0.05741	0.01887	0.00997	0.00304	0.00543	0.25600	0.00799	0.00769
50	0.01686	0.16475	0.56487	0.02097	0.03180	0.02076	0.02646	0.02487	0.01663	0.02395	0.01365	0.01602	0.01007	0.00740	0.00709	0.00236	0.01113	0.00557	0.00336	0.01144
51	0.02183	0.02374	0.02151	0.01890	0.02130	0.26083	0.01490	0.06882	0.01829	0.02200	0.01550	0.09119	0.01515	0.01220	0.01499	0.00271	0.28894	0.00783	0.00451	0.05486
52	0.02322	0.59831	0.03795	0.01411	0.02080	0.02920	0.01359	0.09145	0.01886	0.07041	0.01337	0.01445	0.01123	0.00730	0.00561	0.00182	0.00838	0.00483	0.00435	0.01077
53	0.01735	0.01735	0.02429	0.02082	0.02082	0.02429	0.01735	0.01908	0.01214	0.01908	0.01041	0.01735	0.01041	0.01388	0.02602	0.00347	0.70680	0.00694	0.00347	0.00867
54	0.01579	0.01304	0.01521	0.01137	0.01752	0.01002	0.00895	0.01916	0.01636	0.02568	0.01727	0.07193	0.01555	0.00760	0.00618	0.00138	0.00561	0.00629	0.06079	0.65429
55	0.02047	0.02333	0.02185	0.04870	0.02358	0.29803	0.08107	0.02305	0.01800	0.02011	0.01953	0.15557	0.01967	0.01692	0.07506	0.00358	0.10868	0.00965	0.00463	0.00852
56	0.18024	0.01611	0.01847	0.01445	0.02040	0.01620	0.01193	0.19223	0.02465	0.38905	0.02414	0.02216	0.01587	0.00926	0.00736	0.00243	0.00714	0.00703	0.00836	0.01253
57	0.01227	0.04919	0.06228	0.01362	0.01582	0.01058	0.01165	0.01520	0.01663	0.02214	0.06257	0.32479	0.06730	0.02050	0.01075	0.00320	0.04398	0.22338	0.00668	0.00749
58	0.01458	0.02476	0.32081	0.06755	0.02689	0.01438	0.01935	0.02048	0.01537	0.02272	0.01649	0.02242	0.01377	0.05836	0.17558	0.00507	0.01275	0.00670	0.00389	0.13809
59	0.01153	0.00769	0.00865	0.00865	0.00865	0.00769	0.00480	0.01153	0.01153	0.01538	0.02499	0.05189	0.02883	0.72131	0.04036	0.00769	0.00769	0.01153	0.00480	0.00480
60	0.00966	0.00690	0.00920	0.01104	0.01150	0.00644	0.00736	0.01104	0.01518	0.02024	0.04371	0.71614	0.05245	0.02484	0.01012	0.00322	0.00460	0.02254	0.00736	0.00644
61	0.01963	0.01884	0.03219	0.04867	0.67185	0.01884	0.02434	0.02434	0.01806	0.02591	0.01492	0.01963	0.01256	0.00707	0.00785	0.00236	0.00942	0.00707	0.00393	0.01256
62	0.01465	0.01366	0.02291	0.66059	0.05202	0.01694	0.02114	0.01970	0.01582	0.02026	0.01588	0.06304	0.01310	0.00895	0.00806	0.00268	0.01021	0.00798	0.00375	0.00867
63	0.02120	0.72609	0.04155	0.01357	0.02035	0.03138	0.01357	0.02374	0.01611	0.01866	0.01102	0.01272	0.01018	0.00678	0.00509	0.00170	0.00848	0.00424	0.00339	0.01018
64	0.01478	0.00739	0.00739	0.00739	0.00924	0.00739	0.00554	0.01848	0.01663	0.02956	0.02587	0.02956	0.02033	0.00924	0.00554	0.00185	0.00370	0.00739	0.76534	0.00739
65	0.01290	0.05364	0.22192	0.01512	0.02069	0.01244	0.05248	0.01768	0.01797	0.02433	0.15022	0.13699	0.20295	0.01471	0.00869	0.00262	0.00723	0.01269	0.00596	0.00877
66	0.02805	0.03525	0.02261	0.09348	0.02774	0.61749	0.01604	0.03044	0.02176	0.01950	0.01245	0.01503	0.01025	0.00815	0.00723	0.00211	0.01390	0.00532	0.00403	0.00915
67	0.01038	0.00807	0.00943	0.00909	0.01133	0.00712	0.00682	0.01333	0.02046	0.02708	0.40046	0.06701	0.34497	0.01797	0.00936	0.00258	0.00387	0.01543	0.00811	0.00712
68	0.02017	0.01726	0.01818	0.01623	0.02079	0.01993	0.01266	0.06790	0.63103	0.03389	0.03171	0.02914	0.02375	0.01071	0.00806	0.00268	0.00638	0.00889	0.00806	0.01259
69	0.01975	0.02018	0.05210	0.13433	0.02885	0.15167	0.10634	0.02657	0.11609	0.07223	0.07389	0.09423	0.04696	0.01109	0.00836	0.00256	0.00950	0.00974	0.00577	0.00979
70	0.01153	0.00769	0.00865	0.00865	0.00865	0.00769	0.00480	0.01153	0.01153	0.01538	0.02499	0.05189	0.02883	0.72131	0.04036	0.00769	0.00769	0.01153	0.00480	0.00480
71	0.01153	0.00769	0.00865	0.00865	0.00865	0.00769	0.00480	0.01153	0.01153	0.01538	0.02499	0.05189	0.02883	0.72131	0.04036	0.00769	0.00769	0.01153	0.00480	0.00480
72	0.02336	0.02641	0.08605	0.02919	0.22686	0.22165	0.05666	0.05789	0.11743	0.05137	0.01758	0.01963	0.01368	0.00820	0.00774	0.00235	0.01073	0.00683	0.00496	0.01143
73	0.02338	0.02049	0.02632	0.03223	0.32973	0.07290	0.01885	0.16288	0.14405	0.05981	0.01959	0.02128	0.01509	0.00850	0.00786	0.00240	0.00895	0.00733	0.00584	0.01253
74	0.01652	0.01259	0.01908	0.04665	0.24497	0.01212	0.01411	0.02038	0.02021	0.09293	0.28560	0.04285	0.11422	0.01254	0.00864	0.00247	0.00629	0.01119	0.00683	0.00982
75	0.01635	0.06764	0.01657	0.01291	0.01617	0.04445	0.05636	0.06555	0.01872	0.07697	0.04133	0.18867	0.19591	0.07755	0.01130	0.00303	0.00657	0.01331	0.06235	0.00829
76	0.13800	0.01515	0.06843	0.05773	0.02312	0.01357	0.13556	0.02142	0.01718	0.09577	0.10102	0.06084	0.05528	0.06857	0.06196	0.00372	0.00901	0.00956	0.03510	0.00901
77	0.18837	0.06952	0.01887	0.01617	0.05739	0.01824	0.01231	0.14218	0.07972	0.03077	0.02309	0.07949	0.04959	0.01676	0.08251	0.00371	0.06128	0.03438	0.00585	0.00980
78	0.09799	0.01412	0.01823	0.09212	0.07857	0.04015	0.04305	0.02081	0.04131	0.06411	0.07079	0.09655	0.11816	0.01260	0.01016	0.00262	0.09144	0.01021	0.03847	0.03855
79	0.01846	0.02035	0.13359	0.02707	0.19430	0.01731	0.07781	0.02412	0.05543	0.07355	0.01949	0.09449	0.01720	0.01044	0.01096	0.00262	0.12028	0.00872	0.00489	0.06894
80	0.05470	0.02608	0.09948	0.08862	0.02578	0.25620	0.01598	0.11510	0.02089	0.02569	0.01704	0.07013	0.01508	0.04196	0.01016	0.00265	0.05593	0.00746	0.04153	0.00954
81	0.01871	0.09117	0.19651	0.02044	0.02690	0.05217	0.11503	0.07320	0.13408	0.02660	0.02062	0.09506	0.01780	0.01046	0.00943	0.00261	0.06455	0.00876	0.00513	0.01077

[dist]
# distance from previous block
# <min> <max>
0	172

[block]
# block no. 6 follows, 24 sequences, length 10
# corresponding to MSA columns:
# 1039-1048
name=unknown_G
#
# <colnr> <probs for GDERKNQSTAVLIFYWHMCP>
#	G	D	E	R	K	N	Q	S	T	A	V	L	I	F	Y	W	H	M	C	P
0	0.05711	0.05164	0.07767	0.01537	0.06058	0.01355	0.01206	0.07355	0.05063	0.08640	0.02802	0.14038	0.05388	0.10779	0.01222	0.00319	0.00702	0.03826	0.05672	0.05396
1	0.06064	0.08719	0.17219	0.01823	0.05602	0.04774	0.05784	0.12824	0.02007	0.02923	0.01722	0.02128	0.01385	0.05537	0.00911	0.00254	0.00877	0.00665	0.12692	0.06090
2	0.07217	0.09973	0.01894	0.01417	0.01831	0.07110	0.01154	0.09196	0.12925	0.10307	0.14404	0.08048	0.03189	0.01258	0.00804	0.00253	0.00701	0.06593	0.00716	0.01010
3	0.01372	0.07942	0.09767	0.01272	0.01700	0.01216	0.01135	0.01840	0.05980	0.02429	0.12984	0.16349	0.10938	0.05119	0.00993	0.00271	0.00626	0.04484	0.00619	0.12962
4	0.07264	0.06323	0.08520	0.12062	0.02730	0.17312	0.05663	0.02323	0.01762	0.02338	0.01652	0.07627	0.01463	0.00887	0.00710	0.00216	0.00957	0.00716	0.04385	0.15089
5	0.04883	0.01322	0.04559	0.01671	0.08703	0.04154	0.03585	0.01773	0.05015	0.02203	0.07000	0.14616	0.05812	0.19245	0.11475	0.00534	0.00947	0.01169	0.00547	0.00785
6	0.01943	0.11018	0.01921	0.01418	0.01789	0.08968	0.01144	0.09574	0.06251	0.08478	0.02705	0.06931	0.07844	0.02731	0.23061	0.00574	0.01237	0.00896	0.00580	0.00938
7	0.02224	0.02443	0.16880	0.06015	0.13785	0.05814	0.06207	0.18149	0.05521	0.07425	0.01807	0.02050	0.01351	0.01173	0.05331	0.00313	0.01081	0.00711	0.00542	0.01179
8	0.06195	0.01695	0.07592	0.01427	0.01745	0.08741	0.01179	0.02330	0.12037	0.05911	0.02625	0.14124	0.02543	0.13800	0.01491	0.00358	0.05404	0.04183	0.05749	0.00871
