[name]
unknown

[dist]
# distance from previous block
# <min> <max>
0	88

[block]
# block no. 0 follows, 25 sequences, length 28
# corresponding to MSA columns:
# 107-134
name=unknown_A
#
# <colnr> <probs for GDERKNQSTAVLIFYWHMCP>
#	G	D	E	R	K	N	Q	S	T	A	V	L	I	F	Y	W	H	M	C	P
0	0.01990	0.01111	0.01400	0.01304	0.01669	0.01061	0.01079	0.02539	0.10482	0.23682	0.04394	0.05749	0.16009	0.01582	0.00909	0.00288	0.00619	0.22365	0.00804	0.00965
1	0.01645	0.19741	0.17763	0.17710	0.02973	0.01964	0.01777	0.02403	0.11691	0.02298	0.04810	0.08324	0.01867	0.00966	0.00725	0.00238	0.00861	0.00791	0.00463	0.00990
2	0.01622	0.08892	0.15604	0.07633	0.02587	0.01616	0.09974	0.08200	0.03856	0.02477	0.04294	0.12746	0.04295	0.01305	0.00972	0.05316	0.00867	0.06308	0.00514	0.00922
3	0.01022	0.00780	0.00953	0.00958	0.01143	0.00738	0.00713	0.01209	0.01612	0.02078	0.13015	0.10342	0.34602	0.02925	0.17405	0.07037	0.00817	0.01375	0.00632	0.00644
4	0.01614	0.01048	0.01519	0.01394	0.01663	0.00987	0.06637	0.05127	0.01763	0.12649	0.03421	0.33488	0.03620	0.07805	0.01185	0.00329	0.00650	0.10570	0.00699	0.03832
5	0.02611	0.02516	0.10609	0.02128	0.06513	0.16317	0.07482	0.20049	0.05096	0.14126	0.01842	0.01928	0.01326	0.00862	0.00821	0.00235	0.03099	0.00680	0.00600	0.01160
6	0.01043	0.00742	0.00990	0.01097	0.01164	0.00747	0.00767	0.01199	0.01391	0.01877	0.03441	0.38689	0.03952	0.17559	0.15360	0.00595	0.00862	0.07299	0.00607	0.00617
7	0.02032	0.01943	0.12205	0.05733	0.09893	0.01480	0.10305	0.05347	0.01853	0.13655	0.01719	0.01922	0.01268	0.00714	0.00721	0.00201	0.00849	0.00641	0.00515	0.27005
8	0.01235	0.01052	0.01732	0.01425	0.01732	0.00974	0.13613	0.01649	0.02099	0.02931	0.51188	0.05138	0.09234	0.01418	0.00915	0.00248	0.00556	0.01317	0.00754	0.00790
9	0.02301	0.57929	0.03624	0.01420	0.02043	0.11709	0.01334	0.02548	0.01712	0.07480	0.01262	0.01382	0.01074	0.00706	0.00548	0.00177	0.00890	0.00457	0.00394	0.01010
10	0.07935	0.17154	0.06013	0.01625	0.02254	0.10789	0.05509	0.11108	0.02098	0.19327	0.01772	0.01806	0.01285	0.00791	0.00677	0.00209	0.00874	0.00601	0.00583	0.07590
11	0.01570	0.01486	0.02517	0.55507	0.19894	0.01750	0.02206	0.02074	0.01600	0.02109	0.01397	0.02033	0.01079	0.00756	0.00773	0.00252	0.01007	0.00689	0.00354	0.00947
12	0.60026	0.01471	0.01421	0.17586	0.02410	0.01735	0.01151	0.02209	0.01374	0.03124	0.01150	0.01451	0.00886	0.00733	0.00550	0.00244	0.00703	0.00484	0.00448	0.00845
13	0.01173	0.00883	0.01194	0.01161	0.01230	0.01019	0.00838	0.01327	0.01192	0.01686	0.02122	0.03737	0.02205	0.32528	0.36449	0.00957	0.08316	0.00936	0.00430	0.00617
14	0.01412	0.00862	0.01137	0.01029	0.01267	0.00786	0.00786	0.01769	0.02198	0.11751	0.58981	0.05375	0.06602	0.01502	0.00897	0.00243	0.00405	0.01320	0.00868	0.00809
15	0.09192	0.01676	0.01804	0.01477	0.01967	0.01779	0.01177	0.34693	0.06453	0.03766	0.02286	0.15927	0.02077	0.01172	0.00766	0.00236	0.00698	0.00953	0.00696	0.11206
16	0.01673	0.25298	0.41948	0.01840	0.02737	0.02115	0.02199	0.02309	0.01580	0.02194	0.01361	0.01652	0.01080	0.01211	0.07408	0.00319	0.01138	0.00549	0.00337	0.01054
17	0.09666	0.11544	0.16314	0.01693	0.02387	0.01792	0.06927	0.07296	0.03902	0.17279	0.04511	0.02035	0.01537	0.00833	0.00759	0.00227	0.02997	0.00659	0.00568	0.07075
18	0.12186	0.34175	0.02596	0.01269	0.01772	0.02066	0.01119	0.05613	0.01733	0.12699	0.02070	0.15715	0.01964	0.01085	0.00653	0.00221	0.00698	0.00846	0.00551	0.00969
19	0.01555	0.01471	0.02490	0.57646	0.17870	0.01747	0.02199	0.02061	0.01593	0.02092	0.01394	0.02038	0.01073	0.00758	0.00774	0.00253	0.01011	0.00689	0.00352	0.00935
20	0.02020	0.59221	0.07993	0.01418	0.02083	0.02834	0.01414	0.02568	0.10168	0.02053	0.01373	0.01488	0.01176	0.00720	0.00552	0.00184	0.00821	0.00486	0.00392	0.01036
21	0.02123	0.02384	0.22528	0.05888	0.23111	0.01731	0.02117	0.10879	0.02058	0.13057	0.05213	0.02148	0.01585	0.00829	0.00769	0.00239	0.00915	0.00707	0.00531	0.01187
22	0.01455	0.01004	0.01186	0.01089	0.01331	0.01003	0.00803	0.02097	0.14836	0.08280	0.31563	0.04958	0.10401	0.14880	0.01450	0.00345	0.00516	0.01213	0.00765	0.00824
23	0.01128	0.00752	0.00846	0.00846	0.00846	0.00752	0.00470	0.01128	0.01128	0.01503	0.02443	0.05074	0.02819	0.72751	0.03946	0.00752	0.00752	0.01128	0.00470	0.00470
24	0.01584	0.01530	0.02710	0.39306	0.20636	0.01692	0.10414	0.02072	0.01636	0.02187	0.01669	0.07980	0.01449	0.00878	0.00810	0.00256	0.00992	0.00848	0.00393	0.00959
25	0.01887	0.01795	0.08061	0.22827	0.03406	0.05152	0.13602	0.02430	0.04679	0.12505	0.02589	0.02825	0.10055	0.00971	0.00884	0.00256	0.03716	0.00859	0.00520	0.00982
26	0.01133	0.00978	0.01605	0.01476	0.01706	0.00907	0.12885	0.01394	0.01619	0.02121	0.04305	0.43570	0.14031	0.01998	0.00971	0.00300	0.00625	0.06999	0.00658	0.00719
27	0.01275	0.01070	0.01646	0.23990	0.11262	0.01165	0.01354	0.01551	0.01476	0.01963	0.02624	0.27688	0.02859	0.14929	0.01449	0.00368	0.00757	0.01313	0.00507	0.00753

[dist]
# distance from previous block
# <min> <max>
0	2

[block]
# block no. 1 follows, 25 sequences, length 76
# corresponding to MSA columns:
# 138-213
name=unknown_B
#
# <colnr> <probs for GDERKNQSTAVLIFYWHMCP>
#	G	D	E	R	K	N	Q	S	T	A	V	L	I	F	Y	W	H	M	C	P
0	0.01929	0.01808	0.02111	0.12401	0.10170	0.11297	0.04098	0.04658	0.07003	0.05053	0.01750	0.05630	0.01466	0.00819	0.00714	0.00200	0.00844	0.00694	0.00493	0.26859
1	0.01898	0.18155	0.47032	0.01924	0.02902	0.01985	0.02332	0.02589	0.01695	0.10386	0.01530	0.01677	0.01099	0.00749	0.00692	0.00228	0.01020	0.00565	0.00406	0.01136
2	0.02896	0.03695	0.02197	0.01998	0.02397	0.69638	0.01498	0.03096	0.02197	0.01898	0.01199	0.01398	0.00999	0.00799	0.00699	0.00200	0.01398	0.00499	0.00400	0.00899
3	0.01926	0.01474	0.02229	0.32765	0.15332	0.01642	0.01810	0.02678	0.13149	0.12856	0.02095	0.05227	0.01617	0.00908	0.00786	0.00254	0.00855	0.00801	0.00543	0.01055
4	0.01500	0.01138	0.01291	0.01195	0.01499	0.01172	0.00926	0.05105	0.21002	0.05670	0.22237	0.05195	0.18053	0.04490	0.01006	0.00283	0.00522	0.06038	0.00780	0.00899
5	0.01445	0.00723	0.00723	0.00723	0.00903	0.00723	0.00542	0.01807	0.01626	0.02891	0.02529	0.02891	0.01987	0.00903	0.00542	0.00181	0.00361	0.00723	0.77055	0.00723
6	0.01094	0.00757	0.00836	0.00836	0.00878	0.00736	0.00489	0.01125	0.01229	0.01597	0.03302	0.05453	0.13103	0.61513	0.03465	0.00674	0.00695	0.01208	0.00510	0.00499
7	0.02027	0.67048	0.09828	0.01405	0.02112	0.02955	0.01464	0.02334	0.01581	0.01880	0.01106	0.01279	0.00994	0.00670	0.00519	0.00173	0.00857	0.00429	0.00331	0.01008
8	0.01445	0.00723	0.00723	0.00723	0.00903	0.00723	0.00542	0.01807	0.01626	0.02891	0.02529	0.02891	0.01987	0.00903	0.00542	0.00181	0.00361	0.00723	0.77055	0.00723
9	0.29714	0.07487	0.01846	0.01393	0.01913	0.10097	0.01140	0.10191	0.09864	0.16601	0.01843	0.01827	0.01334	0.00839	0.00641	0.00231	0.00758	0.00591	0.00629	0.01060
10	0.02333	0.01827	0.01820	0.09976	0.02323	0.13811	0.01267	0.10302	0.15282	0.15657	0.02288	0.02735	0.01824	0.13585	0.01325	0.00329	0.00868	0.00790	0.00640	0.01019
11	0.01913	0.01666	0.02440	0.43066	0.15931	0.04824	0.02021	0.10553	0.01930	0.06012	0.01538	0.02014	0.01152	0.00791	0.00771	0.00246	0.00986	0.00687	0.00444	0.01014
12	0.02896	0.03695	0.02197	0.01998	0.02397	0.69638	0.01498	0.03096	0.02197	0.01898	0.01199	0.01398	0.00999	0.00799	0.00699	0.00200	0.01398	0.00499	0.00400	0.00899
13	0.01608	0.01378	0.01608	0.01148	0.01837	0.01034	0.00919	0.01952	0.01608	0.02527	0.01378	0.01608	0.01148	0.00574	0.00574	0.00115	0.00574	0.00459	0.00459	0.77491
14	0.02010	0.01890	0.02168	0.02472	0.19812	0.07810	0.01561	0.03562	0.43451	0.02935	0.02528	0.02500	0.01941	0.00933	0.00775	0.00249	0.00765	0.00794	0.00646	0.01199
15	0.01347	0.00673	0.01010	0.01010	0.01010	0.00673	0.00673	0.01010	0.01010	0.01347	0.01347	0.02357	0.01347	0.02694	0.03030	0.77441	0.00673	0.00673	0.00337	0.00337
16	0.01078	0.00818	0.01003	0.01042	0.01202	0.00781	0.00748	0.01479	0.07439	0.02488	0.26046	0.33774	0.15288	0.01953	0.00935	0.00278	0.00427	0.01730	0.00771	0.00720
17	0.02764	0.01995	0.02131	0.01654	0.02221	0.02199	0.01360	0.57569	0.03399	0.04643	0.01943	0.01987	0.01400	0.00927	0.00747	0.00226	0.00793	0.00701	0.10094	0.01246
18	0.01035	0.00713	0.00897	0.00991	0.01098	0.00664	0.00690	0.01250	0.01670	0.02331	0.17298	0.45046	0.10122	0.02033	0.00914	0.00280	0.00417	0.01814	0.10072	0.00664
19	0.02163	0.01782	0.01885	0.01625	0.02105	0.02038	0.01284	0.18185	0.52067	0.03621	0.02858	0.02656	0.02126	0.01024	0.00786	0.00256	0.00669	0.00836	0.00786	0.01248
20	0.01282	0.01009	0.01318	0.01258	0.01375	0.01183	0.00935	0.01697	0.09177	0.01895	0.02196	0.03480	0.02149	0.24813	0.33782	0.00873	0.09493	0.00908	0.00469	0.00709
21	0.33119	0.01501	0.01605	0.01289	0.01844	0.01541	0.01064	0.11138	0.02046	0.34413	0.02118	0.01990	0.01413	0.00861	0.00660	0.00239	0.00661	0.00626	0.00745	0.01129
22	0.00983	0.00788	0.00878	0.00855	0.01088	0.00683	0.00642	0.01242	0.01925	0.02468	0.29807	0.06847	0.45414	0.01824	0.00916	0.00255	0.00383	0.01550	0.00769	0.00683
23	0.01186	0.00903	0.01223	0.01183	0.01250	0.01051	0.00860	0.01341	0.01193	0.01691	0.02094	0.03682	0.02175	0.31586	0.35846	0.00944	0.09812	0.00929	0.00428	0.00623
24	0.00956	0.00714	0.00889	0.00999	0.01110	0.00647	0.00691	0.01132	0.01633	0.02137	0.12408	0.49427	0.19988	0.02223	0.00964	0.00294	0.00427	0.01979	0.00735	0.00647
25	0.01445	0.00723	0.00723	0.00723	0.00903	0.00723	0.00542	0.01807	0.01626	0.02891	0.02529	0.02891	0.01987	0.00903	0.00542	0.00181	0.00361	0.00723	0.77055	0.00723
26	0.00945	0.00675	0.00900	0.01080	0.01125	0.00630	0.00720	0.01080	0.01484	0.01979	0.04274	0.72245	0.05128	0.02429	0.00990	0.00315	0.00450	0.02204	0.00720	0.00630
27	0.02649	0.11619	0.02375	0.01814	0.02287	0.39896	0.01430	0.13129	0.12655	0.02583	0.01603	0.01693	0.01269	0.00844	0.00701	0.00211	0.01116	0.00581	0.00514	0.01030
28	0.01445	0.00723	0.00723	0.00723	0.00903	0.00723	0.00542	0.01807	0.01626	0.02891	0.02529	0.02891	0.01987	0.00903	0.00542	0.00181	0.00361	0.00723	0.77055	0.00723
29	0.02947	0.02172	0.02327	0.01784	0.02404	0.02404	0.01474	0.65329	0.03646	0.04887	0.01862	0.01862	0.01319	0.00931	0.00776	0.00233	0.00853	0.00698	0.00776	0.01319
30	0.78228	0.01499	0.01140	0.01020	0.01499	0.01739	0.00840	0.02279	0.01320	0.03479	0.01080	0.01260	0.00840	0.00720	0.00480	0.00240	0.00600	0.00420	0.00480	0.00840
31	0.01785	0.01706	0.02905	0.24236	0.49484	0.01807	0.02313	0.02262	0.01702	0.02371	0.01435	0.01963	0.01171	0.00716	0.00770	0.00239	0.00954	0.00690	0.00372	0.01120
32	0.01696	0.01696	0.02375	0.02036	0.02036	0.02375	0.01696	0.01866	0.01187	0.01866	0.01018	0.01696	0.01018	0.01357	0.02545	0.00339	0.71332	0.00679	0.00339	0.00848
33	0.01464	0.01378	0.02326	0.70887	0.05340	0.01723	0.02153	0.01981	0.01550	0.01981	0.01378	0.02067	0.01034	0.00775	0.00775	0.00258	0.01034	0.00689	0.00345	0.00861
34	0.01725	0.01811	0.03510	0.24719	0.04216	0.01881	0.37135	0.02523	0.09642	0.02416	0.01702	0.02182	0.01276	0.00741	0.00855	0.00261	0.01135	0.00838	0.00425	0.01009
35	0.01011	0.00714	0.00934	0.01085	0.01139	0.00681	0.00745	0.01152	0.01465	0.01945	0.03962	0.53824	0.04680	0.13558	0.01469	0.00389	0.00530	0.09423	0.00679	0.00615
36	0.78228	0.01499	0.01140	0.01020	0.01499	0.01739	0.00840	0.02279	0.01320	0.03479	0.01080	0.01260	0.00840	0.00720	0.00480	0.00240	0.00600	0.00420	0.00480	0.00840
37	0.02270	0.01835	0.01945	0.01647	0.02146	0.02088	0.01310	0.24632	0.45445	0.03794	0.02722	0.02547	0.02016	0.01011	0.00784	0.00253	0.00694	0.00817	0.00784	0.01258
38	0.01696	0.01696	0.02375	0.02036	0.02036	0.02375	0.01696	0.01866	0.01187	0.01866	0.01018	0.01696	0.01018	0.01357	0.02545	0.00339	0.71332	0.00679	0.00339	0.00848
39	0.00929	0.00773	0.00812	0.00830	0.01062	0.00656	0.00612	0.01128	0.01758	0.02135	0.10629	0.14849	0.57169	0.01997	0.00925	0.00267	0.00398	0.01689	0.00727	0.00656
40	0.02947	0.02172	0.02327	0.01784	0.02404	0.02404	0.01474	0.65329	0.03646	0.04887	0.01862	0.01862	0.01319	0.00931	0.00776	0.00233	0.00853	0.00698	0.00776	0.01319
41	0.01128	0.00752	0.00846	0.00846	0.00846	0.00752	0.00470	0.01128	0.01128	0.01503	0.02443	0.05074	0.02819	0.72751	0.03946	0.00752	0.00752	0.01128	0.00470	0.00470
42	0.01097	0.00793	0.01036	0.00975	0.01158	0.00732	0.00732	0.01463	0.02195	0.03109	0.67505	0.05792	0.07316	0.01585	0.00914	0.00244	0.00366	0.01402	0.00854	0.00732
43	0.01464	0.01378	0.02326	0.70887	0.05340	0.01723	0.02153	0.01981	0.01550	0.01981	0.01378	0.02067	0.01034	0.00775	0.00775	0.00258	0.01034	0.00689	0.00345	0.00861
44	0.02947	0.02172	0.02327	0.01784	0.02404	0.02404	0.01474	0.65329	0.03646	0.04887	0.01862	0.01862	0.01319	0.00931	0.00776	0.00233	0.00853	0.00698	0.00776	0.01319
45	0.02240	0.01461	0.01635	0.01390	0.01827	0.01566	0.01102	0.13349	0.28595	0.15826	0.08570	0.02936	0.02496	0.01040	0.00759	0.00240	0.00601	0.00853	0.12375	0.01139
46	0.15646	0.38113	0.24249	0.01554	0.02339	0.02422	0.01731	0.02357	0.01549	0.02325	0.01179	0.01373	0.00963	0.00697	0.00571	0.00205	0.00889	0.00466	0.00357	0.01015
47	0.01212	0.00866	0.01207	0.01385	0.01548	0.00860	0.01185	0.01542	0.01748	0.02279	0.04126	0.16503	0.04544	0.02177	0.01061	0.00352	0.00682	0.55306	0.00715	0.00704
48	0.02073	0.73217	0.04063	0.01327	0.01990	0.03068	0.01327	0.02322	0.01575	0.01824	0.01078	0.01244	0.00995	0.00663	0.00498	0.00166	0.00829	0.00415	0.00332	0.00995
49	0.01880	0.01890	0.03126	0.16092	0.45577	0.05458	0.09954	0.02360	0.01759	0.02396	0.01444	0.01938	0.01175	0.00707	0.00783	0.00237	0.01014	0.00708	0.00379	0.01124
50	0.01103	0.00756	0.00839	0.00839	0.00869	0.00740	0.00484	0.01126	0.01201	0.01572	0.03068	0.05350	0.10295	0.64581	0.03597	0.00695	0.00710	0.01186	0.00499	0.00491
51	0.01649	0.01374	0.01573	0.01476	0.01811	0.01580	0.01160	0.03166	0.43326	0.02776	0.02953	0.03456	0.02439	0.02420	0.19197	0.00534	0.01013	0.06375	0.00683	0.01039
52	0.01833	0.01382	0.01881	0.24569	0.03038	0.01317	0.01376	0.02306	0.04380	0.11518	0.01685	0.01958	0.01268	0.00715	0.00679	0.00186	0.00742	0.00598	0.00504	0.38066
53	0.01624	0.15253	0.33602	0.02303	0.14374	0.01839	0.02131	0.02223	0.01709	0.02413	0.09579	0.05899	0.02024	0.00910	0.00735	0.00232	0.00917	0.00755	0.00424	0.01056
54	0.01830	0.02092	0.04575	0.03268	0.04052	0.01961	0.65098	0.02484	0.01830	0.02484	0.01569	0.02092	0.01176	0.00654	0.00915	0.00261	0.01307	0.00915	0.00392	0.01046
55	0.00945	0.00675	0.00900	0.01080	0.01125	0.00630	0.00720	0.01080	0.01484	0.01979	0.04274	0.72245	0.05128	0.02429	0.00990	0.00315	0.00450	0.02204	0.00720	0.00630
56	0.01038	0.00768	0.00936	0.00988	0.01128	0.00710	0.00715	0.01246	0.01696	0.02229	0.19056	0.22690	0.20901	0.13159	0.01430	0.00360	0.00496	0.09101	0.00710	0.00644
57	0.01464	0.01378	0.02326	0.70887	0.05340	0.01723	0.02153	0.01981	0.01550	0.01981	0.01378	0.02067	0.01034	0.00775	0.00775	0.00258	0.01034	0.00689	0.00345	0.00861
58	0.01115	0.00803	0.01088	0.01233	0.01369	0.00775	0.00984	0.01391	0.01728	0.02284	0.11422	0.29988	0.07571	0.02170	0.01019	0.00326	0.00572	0.32746	0.00732	0.00685
59	0.02091	0.06237	0.19770	0.01700	0.02284	0.10056	0.01661	0.10706	0.07072	0.07988	0.01841	0.02032	0.01395	0.01064	0.03257	0.00269	0.07216	0.00652	0.11665	0.01046
60	0.01112	0.00860	0.01201	0.06703	0.01607	0.00909	0.00993	0.01344	0.01605	0.02170	0.12054	0.42740	0.04663	0.02059	0.01099	0.00309	0.06185	0.11019	0.00676	0.00692
61	0.78228	0.01499	0.01140	0.01020	0.01499	0.01739	0.00840	0.02279	0.01320	0.03479	0.01080	0.01260	0.00840	0.00720	0.00480	0.00240	0.00600	0.00420	0.00480	0.00840
62	0.78228	0.01499	0.01140	0.01020	0.01499	0.01739	0.00840	0.02279	0.01320	0.03479	0.01080	0.01260	0.00840	0.00720	0.00480	0.00240	0.00600	0.00420	0.00480	0.00840
63	0.02896	0.03695	0.02197	0.01998	0.02397	0.69638	0.01498	0.03096	0.02197	0.01898	0.01199	0.01398	0.00999	0.00799	0.00699	0.00200	0.01398	0.00499	0.00400	0.00899
64	0.08749	0.04479	0.02305	0.10185	0.15290	0.01545	0.07729	0.06291	0.01865	0.17011	0.02295	0.14708	0.02018	0.01086	0.00790	0.00252	0.00794	0.00970	0.00597	0.01042
65	0.01763	0.02029	0.10845	0.26452	0.36365	0.04624	0.02326	0.02285	0.01696	0.02312	0.01413	0.01912	0.01123	0.00729	0.00764	0.00240	0.01006	0.00668	0.00364	0.01082
66	0.03064	0.01219	0.01631	0.01285	0.01779	0.01071	0.01021	0.03311	0.02027	0.56644	0.02950	0.03068	0.02078	0.13621	0.01338	0.00330	0.00676	0.00841	0.00873	0.01170
67	0.02100	0.02138	0.02468	0.14523	0.13246	0.16757	0.04269	0.11030	0.01942	0.02447	0.01466	0.04736	0.01271	0.00986	0.01174	0.00258	0.17044	0.00719	0.00439	0.00986
68	0.02003	0.05361	0.29463	0.10267	0.02990	0.01768	0.02022	0.10753	0.07141	0.10934	0.01899	0.02223	0.01413	0.00866	0.00752	0.00241	0.00931	0.03231	0.00526	0.05217
69	0.01377	0.00895	0.01107	0.01048	0.01162	0.00937	0.00713	0.05243	0.01380	0.05925	0.02343	0.04158	0.02425	0.45122	0.22077	0.00828	0.01125	0.00997	0.00503	0.00636
70	0.01041	0.00715	0.00871	0.00956	0.00977	0.00694	0.00588	0.01105	0.01296	0.01728	0.03307	0.36790	0.03909	0.39547	0.02550	0.00545	0.00609	0.01636	0.00588	0.00545
71	0.06520	0.01722	0.02369	0.31920	0.21585	0.07628	0.01917	0.05138	0.01798	0.06456	0.01777	0.02183	0.04070	0.00821	0.00755	0.00242	0.00949	0.00704	0.00442	0.01004
72	0.02008	0.02439	0.20434	0.02452	0.10195	0.01888	0.14649	0.21085	0.02305	0.03187	0.04045	0.05986	0.01704	0.00940	0.00819	0.00251	0.00987	0.02963	0.00533	0.01130
73	0.01878	0.02362	0.11310	0.05779	0.02714	0.16873	0.14687	0.02286	0.01704	0.02183	0.01905	0.02278	0.06435	0.00988	0.01177	0.00257	0.17069	0.00754	0.06446	0.00915
74	0.37992	0.02120	0.01824	0.01713	0.06611	0.18378	0.03864	0.06067	0.05706	0.07056	0.01445	0.01591	0.01105	0.00781	0.00625	0.00231	0.00865	0.00544	0.00514	0.00969
75	0.01791	0.10217	0.02043	0.01566	0.01869	0.09073	0.06187	0.02041	0.01700	0.09695	0.02919	0.23056	0.05523	0.01536	0.01063	0.00277	0.09353	0.08648	0.00591	0.00855

[dist]
# distance from previous block
# <min> <max>
0	6

[block]
# block no. 2 follows, 25 sequences, length 8
# corresponding to MSA columns:
# 220-227
name=unknown_C
#
# <colnr> <probs for GDERKNQSTAVLIFYWHMCP>
#	G	D	E	R	K	N	Q	S	T	A	V	L	I	F	Y	W	H	M	C	P
0	0.07533	0.05703	0.02494	0.09672	0.17385	0.04818	0.04854	0.18577	0.02179	0.03081	0.01486	0.01764	0.01163	0.00743	0.00703	0.00209	0.00862	0.00618	0.00501	0.15655
1	0.01901	0.01864	0.02908	0.03148	0.27099	0.07072	0.17399	0.09071	0.01967	0.02622	0.02044	0.15291	0.01949	0.01047	0.00842	0.00252	0.00957	0.01020	0.00494	0.01053
2	0.01860	0.01246	0.01531	0.01235	0.01739	0.01069	0.01003	0.06495	0.01984	0.13533	0.14636	0.03564	0.02912	0.01068	0.00754	0.00201	0.00587	0.09206	0.00673	0.34704
3	0.01295	0.01037	0.01222	0.01181	0.01423	0.01093	0.00890	0.02127	0.20882	0.02641	0.20810	0.14974	0.13356	0.02223	0.10836	0.00408	0.00703	0.01321	0.00731	0.00846
4	0.02171	0.37365	0.07817	0.08498	0.08775	0.19439	0.01655	0.02498	0.01751	0.01969	0.01195	0.01452	0.01021	0.00716	0.00617	0.00195	0.01022	0.00499	0.00355	0.00991
5	0.01108	0.00831	0.01246	0.01246	0.01385	0.00969	0.00969	0.01385	0.01246	0.01800	0.02077	0.03046	0.01938	0.05815	0.69678	0.01246	0.02077	0.00831	0.00415	0.00692
6	0.02562	0.09733	0.02409	0.01779	0.02225	0.15125	0.01461	0.25119	0.07614	0.08011	0.01683	0.01817	0.01294	0.00972	0.01075	0.00243	0.14537	0.00647	0.00588	0.01107
7	0.20416	0.02137	0.01928	0.01570	0.02113	0.14470	0.01268	0.27535	0.02569	0.16098	0.01786	0.01785	0.01263	0.00863	0.00694	0.00230	0.00859	0.00613	0.00673	0.01130

[dist]
# distance from previous block
# <min> <max>
0	8

[block]
# block no. 3 follows, 25 sequences, length 19
# corresponding to MSA columns:
# 236-254
name=unknown_D
#
# <colnr> <probs for GDERKNQSTAVLIFYWHMCP>
#	G	D	E	R	K	N	Q	S	T	A	V	L	I	F	Y	W	H	M	C	P
0	0.02271	0.01869	0.02337	0.05737	0.23504	0.10153	0.01643	0.05448	0.01903	0.14427	0.01681	0.01908	0.01288	0.00793	0.00853	0.00214	0.06059	0.00635	0.00518	0.16759
1	0.06107	0.01262	0.01477	0.07779	0.07848	0.07807	0.01169	0.01803	0.01662	0.07050	0.03157	0.36630	0.03437	0.01722	0.00884	0.00285	0.00691	0.07799	0.00627	0.00804
2	0.16211	0.01149	0.01365	0.01154	0.01573	0.01095	0.00920	0.02699	0.01921	0.33644	0.12472	0.09093	0.02831	0.01135	0.00738	0.00241	0.00553	0.00929	0.09260	0.01016
3	0.01731	0.00953	0.01360	0.01241	0.01512	0.00873	0.05563	0.01989	0.01729	0.18744	0.03583	0.34814	0.05707	0.01638	0.00848	0.00266	0.00548	0.01465	0.14585	0.00850
4	0.02249	0.01807	0.02723	0.08217	0.30827	0.01866	0.06569	0.19568	0.02332	0.09036	0.05658	0.02223	0.01660	0.00837	0.00791	0.00237	0.00883	0.00760	0.00568	0.01191
5	0.01492	0.01149	0.01540	0.01412	0.01626	0.01351	0.01124	0.13011	0.01676	0.02365	0.01946	0.02715	0.01746	0.04544	0.51379	0.00984	0.07856	0.00794	0.00474	0.00819
6	0.01992	0.01696	0.02320	0.13521	0.20748	0.01696	0.01653	0.17281	0.02131	0.03007	0.01516	0.01828	0.01193	0.00724	0.00708	0.00198	0.00811	0.00617	0.00496	0.25862
7	0.02046	0.01549	0.02823	0.02528	0.12453	0.01469	0.23995	0.02498	0.01849	0.17659	0.02520	0.03382	0.04326	0.01451	0.07149	0.00355	0.01055	0.09267	0.00580	0.01045
8	0.01404	0.01223	0.01989	0.01910	0.07827	0.01230	0.12466	0.01971	0.07684	0.02523	0.16781	0.04755	0.06045	0.02158	0.12811	0.00446	0.00976	0.14323	0.00613	0.00863
9	0.00940	0.00695	0.00879	0.01026	0.01111	0.00634	0.00696	0.01086	0.01536	0.02000	0.04922	0.60508	0.16446	0.02345	0.00976	0.00305	0.00439	0.02101	0.00720	0.00634
10	0.02062	0.67913	0.03995	0.01582	0.06890	0.02977	0.01405	0.02326	0.01590	0.01877	0.01106	0.01294	0.01012	0.00665	0.00518	0.00171	0.00836	0.00435	0.00336	0.01012
11	0.07809	0.08695	0.14367	0.20109	0.07080	0.08523	0.01840	0.05574	0.01850	0.14572	0.01651	0.01875	0.01191	0.00793	0.00714	0.00234	0.00955	0.00622	0.00492	0.01055
12	0.02108	0.02265	0.23502	0.01794	0.02473	0.01537	0.06386	0.13846	0.02124	0.16739	0.04093	0.15145	0.02190	0.01149	0.00818	0.00256	0.00853	0.00989	0.00633	0.01100
13	0.01235	0.00922	0.01131	0.01092	0.01311	0.00863	0.00800	0.07080	0.01953	0.02684	0.25571	0.32047	0.09810	0.01803	0.00902	0.00261	0.00465	0.01595	0.00747	0.07729
14	0.13152	0.02186	0.18263	0.01562	0.02247	0.03886	0.01533	0.12781	0.02120	0.18459	0.07827	0.02221	0.01828	0.00882	0.00717	0.00228	0.00793	0.00682	0.00631	0.08002
15	0.07579	0.01970	0.13604	0.02206	0.14047	0.01671	0.04163	0.06447	0.12210	0.08858	0.09958	0.02709	0.04709	0.00995	0.00887	0.00251	0.05241	0.00818	0.00589	0.01086
16	0.02204	0.02029	0.14409	0.01590	0.02157	0.05586	0.01474	0.13131	0.10496	0.16791	0.12593	0.02816	0.02504	0.01447	0.06926	0.00331	0.00902	0.00826	0.00689	0.01100
17	0.01568	0.01340	0.01817	0.07489	0.09008	0.03967	0.05571	0.07626	0.07583	0.02464	0.02923	0.20968	0.03031	0.08021	0.01180	0.00329	0.00770	0.12871	0.00607	0.00867
18	0.15618	0.01799	0.07133	0.01931	0.07092	0.05588	0.13323	0.06178	0.04261	0.07004	0.02465	0.07839	0.07687	0.07481	0.01056	0.00295	0.00850	0.00915	0.00540	0.00945

[dist]
# distance from previous block
# <min> <max>
27	199

[block]
# block no. 4 follows, 25 sequences, length 6
# corresponding to MSA columns:
# 480-485
name=unknown_E
#
# <colnr> <probs for GDERKNQSTAVLIFYWHMCP>
#	G	D	E	R	K	N	Q	S	T	A	V	L	I	F	Y	W	H	M	C	P
0	0.16637	0.02151	0.01976	0.06519	0.09382	0.18633	0.01399	0.11615	0.10473	0.02970	0.04554	0.01945	0.01513	0.00842	0.00694	0.00223	0.00887	0.00633	0.00538	0.06416
1	0.16893	0.01721	0.01812	0.06551	0.12646	0.11159	0.01318	0.06108	0.04749	0.09168	0.13014	0.02864	0.06864	0.01010	0.00740	0.00237	0.00762	0.00812	0.00600	0.00973
2	0.35344	0.01784	0.01735	0.01825	0.11194	0.09590	0.01277	0.09075	0.01855	0.07739	0.01763	0.02504	0.01512	0.00949	0.00676	0.00248	0.00784	0.08624	0.00552	0.00970
3	0.01240	0.00957	0.01250	0.01427	0.09760	0.00899	0.00835	0.01408	0.01470	0.02026	0.10108	0.13048	0.07644	0.34027	0.02255	0.00471	0.00649	0.01202	0.00549	0.08776
4	0.16889	0.01613	0.02063	0.21240	0.12415	0.01815	0.01591	0.19430	0.02106	0.03153	0.01771	0.09253	0.01535	0.00970	0.00739	0.00250	0.00821	0.00799	0.00535	0.01012
5	0.13500	0.01758	0.01935	0.01529	0.02104	0.01866	0.01255	0.30737	0.09692	0.24304	0.02266	0.02131	0.01552	0.00923	0.00737	0.00239	0.00732	0.00704	0.00793	0.01242

[dist]
# distance from previous block
# <min> <max>
0	1

[block]
# block no. 5 follows, 25 sequences, length 7
# corresponding to MSA columns:
# 487-493
name=unknown_F
#
# <colnr> <probs for GDERKNQSTAVLIFYWHMCP>
#	G	D	E	R	K	N	Q	S	T	A	V	L	I	F	Y	W	H	M	C	P
0	0.01858	0.01430	0.02314	0.18902	0.30160	0.01474	0.01810	0.02259	0.01777	0.12113	0.06812	0.11423	0.02229	0.01039	0.00810	0.00250	0.00808	0.00950	0.00537	0.01043
1	0.01368	0.12557	0.01684	0.01208	0.01450	0.01375	0.00964	0.05535	0.01780	0.02347	0.15050	0.23130	0.16346	0.01677	0.01065	0.00266	0.09404	0.01378	0.00637	0.00782
2	0.02162	0.48461	0.13579	0.01599	0.02282	0.16438	0.01597	0.02500	0.01712	0.01936	0.01150	0.01335	0.00994	0.00702	0.00575	0.00185	0.00994	0.00456	0.00345	0.00999
3	0.01187	0.00858	0.01001	0.00988	0.01131	0.00832	0.00699	0.04862	0.01688	0.02229	0.16059	0.09306	0.16589	0.29941	0.02130	0.00464	0.00595	0.08152	0.00649	0.00639
4	0.02190	0.63321	0.03797	0.01422	0.02048	0.12544	0.01351	0.02432	0.01664	0.01835	0.01095	0.01266	0.00996	0.00683	0.00526	0.00171	0.00910	0.00427	0.00341	0.00981
5	0.01128	0.00752	0.00846	0.00846	0.00846	0.00752	0.00470	0.01128	0.01128	0.01503	0.02443	0.05074	0.02819	0.72751	0.03946	0.00752	0.00752	0.01128	0.00470	0.00470
6	0.01959	0.57992	0.18290	0.01521	0.02291	0.02789	0.01665	0.02351	0.01589	0.01963	0.01147	0.01330	0.00992	0.00679	0.00550	0.00183	0.00899	0.00449	0.00331	0.01028

[dist]
# distance from previous block
# <min> <max>
0	3

[block]
# block no. 6 follows, 25 sequences, length 6
# corresponding to MSA columns:
# 497-502
name=unknown_G
#
# <colnr> <probs for GDERKNQSTAVLIFYWHMCP>
#	G	D	E	R	K	N	Q	S	T	A	V	L	I	F	Y	W	H	M	C	P
0	0.01176	0.01236	0.11077	0.01071	0.01248	0.00899	0.00852	0.01324	0.01235	0.01687	0.02441	0.10294	0.02739	0.55896	0.03210	0.00638	0.00785	0.01136	0.00470	0.00585
1	0.01877	0.12861	0.41017	0.01975	0.02848	0.12206	0.02232	0.02760	0.10509	0.02394	0.01560	0.01719	0.01174	0.00779	0.00706	0.00230	0.01070	0.00582	0.00401	0.01100
2	0.02129	0.01888	0.02259	0.12762	0.17737	0.11969	0.01652	0.10695	0.01932	0.07847	0.01674	0.02316	0.01424	0.10622	0.01399	0.00314	0.09171	0.00728	0.00486	0.00996
3	0.01933	0.02511	0.23083	0.01905	0.02568	0.07236	0.07197	0.17975	0.02296	0.03091	0.10834	0.03222	0.02406	0.01085	0.00827	0.00255	0.00944	0.09013	0.00574	0.01047
4	0.07207	0.01566	0.01835	0.01541	0.01968	0.09753	0.09507	0.02307	0.07050	0.10562	0.03008	0.19081	0.08518	0.01279	0.00802	0.00242	0.00744	0.01119	0.00619	0.11291
5	0.05134	0.01596	0.02022	0.01835	0.06670	0.09810	0.09687	0.02243	0.01787	0.10514	0.05184	0.03362	0.05604	0.01774	0.11174	0.00387	0.01036	0.08323	0.00556	0.11302

[dist]
# distance from previous block
# <min> <max>
32	138

[block]
# block no. 7 follows, 25 sequences, length 27
# corresponding to MSA columns:
# 658-684
name=unknown_H
#
# <colnr> <probs for GDERKNQSTAVLIFYWHMCP>
#	G	D	E	R	K	N	Q	S	T	A	V	L	I	F	Y	W	H	M	C	P
0	0.09464	0.01625	0.02075	0.01622	0.02165	0.06444	0.12218	0.07109	0.01877	0.05516	0.06022	0.02674	0.04751	0.01209	0.05246	0.00275	0.00876	0.03778	0.00537	0.24517
1	0.05670	0.01649	0.02016	0.01728	0.05078	0.01739	0.03969	0.20313	0.17251	0.17001	0.02344	0.02361	0.01712	0.01434	0.08076	0.00344	0.00885	0.00756	0.00717	0.04955
2	0.02418	0.06286	0.02045	0.04500	0.02199	0.13211	0.01284	0.17144	0.11449	0.12699	0.06902	0.02323	0.01921	0.01088	0.03117	0.00253	0.00867	0.00717	0.00657	0.08921
3	0.09680	0.10317	0.04869	0.06120	0.04373	0.01456	0.01151	0.04752	0.01733	0.02585	0.07032	0.02724	0.11076	0.00914	0.00666	0.00190	0.00650	0.00727	0.00509	0.28477
4	0.02270	0.01692	0.02249	0.01667	0.02314	0.01591	0.10169	0.21956	0.02377	0.11620	0.04726	0.02073	0.01579	0.00790	0.00726	0.00194	0.00766	0.00681	0.00629	0.29931
5	0.02072	0.28990	0.02949	0.02291	0.18084	0.18259	0.01539	0.02345	0.01757	0.02037	0.01651	0.11466	0.01636	0.00952	0.00681	0.00211	0.00933	0.00755	0.00415	0.00978
6	0.01611	0.11267	0.01705	0.01281	0.01600	0.01351	0.01025	0.12172	0.01945	0.04875	0.03323	0.31774	0.06259	0.01694	0.00857	0.00267	0.00620	0.09713	0.00664	0.05998
7	0.02732	0.02437	0.02253	0.02017	0.07213	0.19600	0.01500	0.33573	0.12056	0.06042	0.01889	0.01922	0.01401	0.00897	0.00757	0.00229	0.00958	0.00675	0.00658	0.01191
8	0.01638	0.01604	0.02809	0.41187	0.20245	0.01830	0.09983	0.02132	0.01611	0.02170	0.01395	0.02006	0.01098	0.00783	0.00923	0.00258	0.06279	0.00717	0.00360	0.00973
9	0.01114	0.00746	0.00850	0.00863	0.00866	0.00743	0.00488	0.01124	0.01154	0.01539	0.02579	0.10080	0.02991	0.67510	0.03726	0.00719	0.00729	0.01208	0.00488	0.00482
10	0.02389	0.02359	0.18479	0.02736	0.22859	0.01857	0.02029	0.19576	0.02322	0.15037	0.01839	0.01966	0.01318	0.00815	0.00764	0.00236	0.00910	0.00680	0.00579	0.01249
11	0.39156	0.14035	0.01946	0.01326	0.01837	0.16002	0.01101	0.02668	0.01672	0.12040	0.01383	0.01480	0.01051	0.00761	0.00571	0.00219	0.00813	0.00486	0.00506	0.00946
12	0.02542	0.01433	0.02225	0.02436	0.22142	0.01342	0.05905	0.02926	0.01953	0.32566	0.02375	0.02423	0.01667	0.00846	0.00745	0.00228	0.00735	0.00752	0.13586	0.01172
13	0.02091	0.01873	0.02822	0.03833	0.48092	0.01947	0.02073	0.13074	0.10860	0.03020	0.01756	0.02042	0.01398	0.00780	0.00772	0.00235	0.00868	0.00717	0.00504	0.01243
14	0.16310	0.01933	0.02043	0.01592	0.02185	0.02109	0.01315	0.45513	0.03034	0.13609	0.01893	0.01865	0.01319	0.00898	0.00724	0.00235	0.00781	0.00660	0.00749	0.01234
15	0.00916	0.00785	0.00785	0.00785	0.01047	0.00655	0.00589	0.01113	0.01767	0.02095	0.07855	0.07462	0.67599	0.01964	0.00916	0.00262	0.00393	0.01636	0.00720	0.00655
16	0.02697	0.02038	0.02327	0.13447	0.02900	0.02289	0.01588	0.54637	0.03292	0.04396	0.01780	0.01896	0.01270	0.00905	0.00776	0.00237	0.00884	0.00697	0.00703	0.01241
17	0.02947	0.02172	0.02327	0.01784	0.02404	0.02404	0.01474	0.65329	0.03646	0.04887	0.01862	0.01862	0.01319	0.00931	0.00776	0.00233	0.00853	0.00698	0.00776	0.01319
18	0.02365	0.48175	0.10328	0.01433	0.02132	0.02458	0.01443	0.02695	0.01741	0.18331	0.01600	0.01630	0.01222	0.00744	0.00592	0.00193	0.00821	0.00521	0.00486	0.01091
19	0.02261	0.11944	0.03834	0.02539	0.03262	0.01919	0.40694	0.02773	0.01888	0.18278	0.01858	0.02104	0.01330	0.00729	0.00824	0.00243	0.01084	0.00812	0.00520	0.01105
20	0.01086	0.00792	0.01017	0.01009	0.01124	0.00819	0.00714	0.01270	0.01408	0.01919	0.11891	0.04728	0.12233	0.27348	0.28404	0.00804	0.01159	0.01122	0.00536	0.00617
21	0.01125	0.00763	0.00902	0.00902	0.00922	0.00782	0.00540	0.01164	0.01144	0.01545	0.02391	0.04788	0.02695	0.63304	0.13223	0.00821	0.00939	0.01086	0.00462	0.00501
22	0.40571	0.01648	0.01459	0.01274	0.01716	0.08750	0.01025	0.07565	0.01716	0.12313	0.01604	0.01819	0.01233	0.01639	0.12248	0.00405	0.00963	0.00571	0.00552	0.00928
23	0.05980	0.16066	0.02674	0.16276	0.02954	0.10242	0.06418	0.13851	0.10261	0.05539	0.01679	0.01879	0.01280	0.00814	0.00710	0.00228	0.00935	0.00646	0.00518	0.01052
24	0.12452	0.02631	0.25697	0.01905	0.05730	0.04725	0.01852	0.19363	0.04736	0.05635	0.06524	0.02043	0.01625	0.00870	0.00729	0.00239	0.00897	0.00669	0.00554	0.01123
25	0.17628	0.05078	0.06050	0.05815	0.02217	0.14296	0.01342	0.09292	0.06626	0.11746	0.01890	0.02239	0.01476	0.01120	0.03777	0.00280	0.00917	0.03675	0.03532	0.01004
26	0.07196	0.01847	0.02115	0.01706	0.02195	0.09773	0.08029	0.13349	0.08818	0.07410	0.01816	0.02062	0.01423	0.01517	0.10186	0.00361	0.05407	0.00681	0.00557	0.13554

[dist]
# distance from previous block
# <min> <max>
2	7

[block]
# block no. 8 follows, 25 sequences, length 25
# corresponding to MSA columns:
# 692-716
name=unknown_I
#
# <colnr> <probs for GDERKNQSTAVLIFYWHMCP>
#	G	D	E	R	K	N	Q	S	T	A	V	L	I	F	Y	W	H	M	C	P
0	0.01860	0.11712	0.06242	0.01742	0.02201	0.08224	0.11173	0.11216	0.01981	0.02587	0.09875	0.09110	0.02402	0.07417	0.01181	0.00284	0.05690	0.00923	0.00530	0.03651
1	0.02129	0.06363	0.01790	0.03222	0.01872	0.01453	0.01125	0.10547	0.08139	0.19287	0.07235	0.09904	0.09723	0.01268	0.00901	0.00248	0.04657	0.03198	0.00725	0.06213
2	0.09246	0.01532	0.01494	0.01277	0.01669	0.09776	0.00973	0.04470	0.09000	0.11946	0.10386	0.02996	0.02436	0.12742	0.03982	0.00340	0.00768	0.00803	0.00622	0.13542
3	0.01446	0.01257	0.01416	0.07750	0.01848	0.04480	0.01045	0.04606	0.14883	0.02760	0.26367	0.04671	0.18193	0.01412	0.00938	0.00255	0.03922	0.01177	0.00714	0.00863
4	0.02117	0.01896	0.02277	0.23587	0.09470	0.13403	0.04629	0.04748	0.05710	0.10300	0.01688	0.01976	0.01266	0.00778	0.00737	0.00220	0.00951	0.00653	0.00493	0.13100
5	0.01499	0.08126	0.01479	0.01207	0.01425	0.14356	0.00894	0.01712	0.01813	0.02232	0.22294	0.20207	0.07178	0.10691	0.01240	0.00311	0.00681	0.01299	0.00629	0.00728
6	0.02062	0.27821	0.02535	0.01446	0.01888	0.16419	0.01210	0.10786	0.02062	0.02459	0.10854	0.12701	0.02535	0.01122	0.00710	0.00215	0.00832	0.00878	0.00537	0.00927
7	0.01768	0.01398	0.01824	0.01360	0.01960	0.01186	0.04655	0.02110	0.01624	0.08619	0.01569	0.01836	0.01267	0.01025	0.05435	0.00227	0.05689	0.00556	0.00491	0.55401
8	0.05484	0.05524	0.05197	0.01641	0.02133	0.11667	0.01390	0.30943	0.02612	0.03398	0.02570	0.02884	0.10522	0.01123	0.00897	0.00244	0.05790	0.04300	0.00626	0.01056
9	0.01966	0.01740	0.06829	0.12833	0.20196	0.01683	0.05351	0.05762	0.15187	0.08931	0.02086	0.02305	0.01568	0.00839	0.00756	0.00240	0.00822	0.00746	0.09047	0.01114
10	0.01925	0.06089	0.02430	0.16080	0.02991	0.17481	0.11176	0.02684	0.15480	0.02312	0.02128	0.09039	0.01878	0.01036	0.00800	0.00251	0.00989	0.03766	0.00511	0.00954
11	0.03160	0.01831	0.02116	0.01622	0.02234	0.01898	0.01340	0.40694	0.03075	0.30328	0.02341	0.02173	0.01559	0.00942	0.00777	0.00236	0.00776	0.00731	0.00849	0.01319
12	0.00979	0.00765	0.00840	0.00858	0.01033	0.00678	0.00601	0.01150	0.01658	0.02083	0.12991	0.15796	0.40368	0.14986	0.01483	0.00357	0.00464	0.01595	0.00689	0.00626
13	0.12184	0.02089	0.02181	0.01690	0.02293	0.02323	0.01396	0.57593	0.03360	0.04714	0.01766	0.01788	0.01260	0.00905	0.00739	0.00234	0.00822	0.00664	0.00739	0.01260
14	0.02947	0.02172	0.02327	0.01784	0.02404	0.02404	0.01474	0.65329	0.03646	0.04887	0.01862	0.01862	0.01319	0.00931	0.00776	0.00233	0.00853	0.00698	0.00776	0.01319
15	0.02015	0.65530	0.11246	0.01425	0.02142	0.02927	0.01498	0.02337	0.01582	0.01894	0.01113	0.01287	0.00994	0.00671	0.00524	0.00175	0.00864	0.00432	0.00331	0.01012
16	0.01687	0.17620	0.36552	0.02161	0.03046	0.02008	0.14525	0.02354	0.01676	0.02318	0.01616	0.02312	0.01350	0.00837	0.00753	0.00243	0.01071	0.06440	0.00377	0.01055
17	0.01100	0.00817	0.01164	0.01160	0.01292	0.00912	0.00878	0.01349	0.01330	0.01881	0.07393	0.03685	0.05477	0.12749	0.53940	0.01069	0.01721	0.00945	0.00469	0.00669
18	0.01128	0.00752	0.00846	0.00846	0.00846	0.00752	0.00470	0.01128	0.01128	0.01503	0.02443	0.05074	0.02819	0.72751	0.03946	0.00752	0.00752	0.01128	0.00470	0.00470
19	0.55034	0.01914	0.01398	0.01225	0.01712	0.14895	0.00977	0.02402	0.01523	0.03065	0.01136	0.01325	0.00905	0.00719	0.00533	0.00218	0.00753	0.00440	0.00462	0.09365
20	0.01616	0.01432	0.02225	0.48370	0.10007	0.01679	0.01910	0.08975	0.01871	0.02465	0.07999	0.02564	0.03851	0.00901	0.00793	0.00252	0.00919	0.00790	0.00457	0.00925
21	0.02070	0.15955	0.02496	0.01854	0.09366	0.10539	0.01376	0.09986	0.01904	0.02537	0.01331	0.01584	0.01117	0.00751	0.00806	0.00184	0.07446	0.00531	0.00446	0.27721
22	0.01773	0.01653	0.02149	0.22058	0.03105	0.06778	0.07419	0.07331	0.11538	0.02679	0.10091	0.02515	0.02084	0.00886	0.00766	0.00225	0.00843	0.00774	0.00539	0.14794
23	0.02181	0.09928	0.02346	0.09560	0.09714	0.12798	0.01488	0.13044	0.11194	0.04543	0.04333	0.02035	0.01569	0.00832	0.00712	0.00211	0.00870	0.00656	0.00542	0.11446
24	0.07899	0.02277	0.08286	0.01972	0.10536	0.17975	0.01452	0.06961	0.09786	0.02581	0.01693	0.02134	0.01430	0.08771	0.01052	0.00269	0.00918	0.00649	0.00488	0.12870

[dist]
# distance from previous block
# <min> <max>
1	8

[block]
# block no. 9 follows, 25 sequences, length 9
# corresponding to MSA columns:
# 725-733
name=unknown_J
#
# <colnr> <probs for GDERKNQSTAVLIFYWHMCP>
#	G	D	E	R	K	N	Q	S	T	A	V	L	I	F	Y	W	H	M	C	P
0	0.15997	0.14771	0.09482	0.01560	0.02148	0.13522	0.01403	0.06672	0.13060	0.11613	0.01805	0.01825	0.01347	0.00827	0.00660	0.00224	0.00861	0.00593	0.00559	0.01070
1	0.01150	0.00820	0.01053	0.01072	0.01113	0.00867	0.00731	0.01171	0.01292	0.01726	0.03231	0.25463	0.09878	0.23010	0.02387	0.14239	0.08317	0.01387	0.00536	0.00557
2	0.01734	0.27925	0.46387	0.01905	0.02884	0.02239	0.02333	0.02409	0.01616	0.02237	0.01283	0.01501	0.00987	0.00711	0.00654	0.00218	0.01036	0.00518	0.00329	0.01094
3	0.01649	0.26719	0.35111	0.01696	0.02511	0.02039	0.01973	0.02236	0.01714	0.02358	0.12883	0.02234	0.02098	0.00861	0.00687	0.00218	0.00903	0.00665	0.00421	0.01022
4	0.01861	0.02080	0.04053	0.10391	0.11071	0.05696	0.48155	0.02454	0.01814	0.02404	0.01516	0.02031	0.01157	0.00678	0.00872	0.00254	0.01242	0.00844	0.00387	0.01038
5	0.02533	0.01476	0.01747	0.01436	0.01922	0.01515	0.01152	0.14479	0.20434	0.27399	0.14176	0.03124	0.02884	0.01090	0.00805	0.00246	0.00630	0.00901	0.00860	0.01190
6	0.01548	0.01150	0.01745	0.01447	0.01808	0.01068	0.12080	0.05959	0.02009	0.10075	0.19480	0.15750	0.19592	0.01538	0.00903	0.00262	0.00617	0.01388	0.00725	0.00856
7	0.02133	0.01918	0.02798	0.02148	0.02685	0.13385	0.26786	0.02574	0.02053	0.14335	0.17867	0.02971	0.02777	0.00961	0.00853	0.00242	0.00978	0.00937	0.00608	0.00992
8	0.01967	0.02189	0.01937	0.14066	0.02547	0.28826	0.01450	0.02257	0.01841	0.02110	0.12933	0.02509	0.02218	0.01556	0.08536	0.00351	0.10658	0.00752	0.00463	0.00833

[dist]
# distance from previous block
# <min> <max>
1	61

[block]
# block no. 10 follows, 25 sequences, length 24
# corresponding to MSA columns:
# 795-818
name=unknown_K
#
# <colnr> <probs for GDERKNQSTAVLIFYWHMCP>
#	G	D	E	R	K	N	Q	S	T	A	V	L	I	F	Y	W	H	M	C	P
0	0.01775	0.01793	0.03342	0.21570	0.33305	0.01845	0.20291	0.02306	0.01728	0.02375	0.01469	0.02007	0.01163	0.00702	0.00812	0.00247	0.01061	0.00755	0.00376	0.01080
1	0.01926	0.14350	0.23014	0.02458	0.03309	0.02150	0.28634	0.10107	0.01953	0.02660	0.01472	0.01791	0.01107	0.00713	0.00777	0.00238	0.01126	0.00706	0.00410	0.01100
2	0.57756	0.01683	0.01249	0.01159	0.01569	0.10684	0.00912	0.02227	0.01459	0.03066	0.01525	0.10815	0.01437	0.00960	0.00578	0.00245	0.00687	0.00670	0.00501	0.00819
3	0.01076	0.00709	0.00930	0.00996	0.01083	0.00660	0.00686	0.01117	0.01492	0.01969	0.12539	0.32277	0.14962	0.02312	0.01552	0.22394	0.00493	0.01561	0.00628	0.00564
4	0.02521	0.01897	0.11061	0.01718	0.02341	0.01585	0.07112	0.20026	0.02479	0.24878	0.11045	0.02903	0.02384	0.01025	0.00814	0.00246	0.00799	0.03248	0.00750	0.01169
5	0.02466	0.02217	0.02159	0.01805	0.02301	0.19620	0.06982	0.10998	0.24958	0.11737	0.02518	0.02452	0.04330	0.00959	0.00779	0.00239	0.00908	0.00777	0.00670	0.01125
6	0.02052	0.00971	0.01280	0.01175	0.01490	0.00856	0.00888	0.02267	0.01841	0.31130	0.04176	0.33866	0.11310	0.01728	0.00889	0.00276	0.00535	0.01511	0.00825	0.00935
7	0.02245	0.01147	0.01436	0.01220	0.01620	0.01063	0.00960	0.08103	0.04107	0.30615	0.13789	0.13632	0.13892	0.01426	0.00852	0.00255	0.00557	0.01211	0.00849	0.01021
8	0.02556	0.01867	0.02302	0.02114	0.10844	0.08541	0.07075	0.19691	0.04550	0.19238	0.10867	0.02593	0.02247	0.00960	0.00799	0.00236	0.00837	0.00817	0.00708	0.01158
9	0.02040	0.02062	0.19631	0.02129	0.13598	0.01452	0.01742	0.02770	0.09816	0.18691	0.15074	0.02902	0.02671	0.00989	0.00794	0.00243	0.00770	0.00844	0.00651	0.01130
10	0.63261	0.01519	0.01306	0.01118	0.01623	0.01702	0.00921	0.06605	0.01593	0.12300	0.01397	0.01484	0.01016	0.00766	0.00539	0.00239	0.00624	0.00486	0.00564	0.00935
11	0.07805	0.02189	0.02033	0.10948	0.02544	0.17266	0.01404	0.30493	0.02566	0.03309	0.01663	0.02134	0.01357	0.09617	0.01124	0.00292	0.00970	0.00685	0.00575	0.01025
12	0.01772	0.29034	0.14731	0.06441	0.06318	0.01967	0.01564	0.02175	0.01712	0.06836	0.08816	0.07167	0.06476	0.01008	0.00701	0.00220	0.00792	0.00809	0.00485	0.00976
13	0.01619	0.00864	0.01137	0.01105	0.01328	0.00790	0.00824	0.01877	0.01850	0.17589	0.19219	0.31454	0.04619	0.01740	0.00887	0.00270	0.00480	0.03918	0.07606	0.00824
14	0.01689	0.01084	0.01311	0.01209	0.01474	0.01083	0.00912	0.09664	0.07779	0.11591	0.17551	0.19539	0.06187	0.10250	0.01262	0.00328	0.00573	0.04880	0.00764	0.00868
15	0.11896	0.02143	0.13282	0.07740	0.02371	0.10720	0.01497	0.14568	0.02097	0.02953	0.09845	0.10766	0.02343	0.01255	0.02956	0.00277	0.00891	0.00885	0.00562	0.00954
16	0.01822	0.01502	0.02392	0.19631	0.30122	0.01528	0.01888	0.02254	0.01737	0.08242	0.01918	0.02875	0.01656	0.00911	0.00787	0.00240	0.00856	0.08787	0.00478	0.10373
