[name]
unknown

[dist]
# distance from previous block
# <min> <max>
0	134

[block]
# block no. 0 follows, 30 sequences, length 36
# corresponding to MSA columns:
# 134-169
name=unknown_A
#
# <colnr> <probs for GDERKNQSTAVLIFYWHMCP>
#	G	D	E	R	K	N	Q	S	T	A	V	L	I	F	Y	W	H	M	C	P
0	0.02390	0.01128	0.01555	0.11554	0.02098	0.01076	0.01116	0.02782	0.05573	0.44746	0.06734	0.03134	0.06251	0.01008	0.00735	0.00228	0.00613	0.05515	0.00742	0.01019
1	0.01598	0.01822	0.06140	0.07915	0.07447	0.15841	0.06367	0.02020	0.06496	0.02012	0.06911	0.05190	0.11571	0.01055	0.01017	0.00234	0.14286	0.00819	0.00444	0.00815
2	0.01653	0.07470	0.12426	0.02173	0.12205	0.01629	0.15397	0.08200	0.04647	0.04763	0.01853	0.10744	0.01676	0.00955	0.00845	0.00233	0.06121	0.03838	0.02237	0.00935
3	0.01099	0.06311	0.01421	0.04712	0.01528	0.00987	0.07018	0.01475	0.05553	0.02208	0.23469	0.07048	0.31749	0.01390	0.00786	0.00226	0.00493	0.01208	0.00616	0.00701
4	0.06346	0.06860	0.02006	0.04698	0.05277	0.05293	0.01328	0.04690	0.01275	0.01874	0.01182	0.01927	0.01159	0.11703	0.01929	0.00324	0.40386	0.00631	0.00352	0.00762
5	0.58953	0.06081	0.01406	0.01096	0.01551	0.06854	0.00906	0.11630	0.01557	0.03119	0.01080	0.01219	0.00836	0.00677	0.00485	0.00208	0.00637	0.00418	0.00457	0.00830
6	0.01792	0.01570	0.01768	0.07188	0.07424	0.06795	0.01267	0.12091	0.24964	0.02631	0.01943	0.02176	0.01542	0.04012	0.01021	0.00246	0.11175	0.00685	0.08766	0.00945
7	0.02297	0.02813	0.02019	0.06154	0.02247	0.53224	0.01422	0.02488	0.01747	0.01706	0.01053	0.01352	0.00904	0.00826	0.00990	0.00210	0.16909	0.00494	0.00345	0.00797
8	0.01625	0.01321	0.01741	0.01709	0.15771	0.01085	0.01108	0.01954	0.01516	0.07277	0.01364	0.01571	0.01098	0.00563	0.00565	0.00133	0.00586	0.00477	0.00432	0.58104
9	0.01428	0.01531	0.03207	0.02399	0.02922	0.01435	0.49888	0.01887	0.01561	0.02110	0.02082	0.22013	0.02038	0.01028	0.00842	0.00249	0.00964	0.01143	0.00434	0.00838
10	0.01179	0.00943	0.00990	0.00974	0.01063	0.05553	0.00647	0.01448	0.08311	0.01618	0.02267	0.09383	0.02419	0.45374	0.14304	0.00641	0.00878	0.00986	0.00458	0.00564
11	0.01158	0.00837	0.01029	0.01080	0.01209	0.00839	0.00763	0.12538	0.01668	0.02228	0.03476	0.62512	0.04031	0.01956	0.00858	0.00271	0.00467	0.01753	0.00656	0.00673
12	0.00930	0.00704	0.00801	0.00789	0.00944	0.00638	0.00561	0.01114	0.01567	0.02039	0.25115	0.05770	0.32678	0.19639	0.01493	0.00341	0.00434	0.03243	0.00629	0.00571
13	0.08599	0.01983	0.02006	0.01563	0.02101	0.05979	0.01284	0.60075	0.03049	0.04154	0.01589	0.01611	0.01138	0.00817	0.00674	0.00208	0.00777	0.00599	0.00659	0.01133
14	0.01980	0.01865	0.02354	0.24069	0.18564	0.11961	0.05380	0.20477	0.02055	0.02629	0.01363	0.01694	0.01043	0.00716	0.00693	0.00213	0.00923	0.00609	0.00434	0.00977
15	0.00825	0.00707	0.00707	0.00707	0.00943	0.00589	0.00530	0.01001	0.01591	0.01885	0.07069	0.06716	0.70839	0.01767	0.00825	0.00236	0.00353	0.01473	0.00648	0.00589
16	0.00959	0.00739	0.00889	0.00931	0.01099	0.00691	0.00702	0.01274	0.05353	0.02150	0.20006	0.23778	0.26443	0.01774	0.00854	0.00256	0.00411	0.10377	0.00678	0.00635
17	0.01318	0.01240	0.02093	0.73798	0.04806	0.01550	0.01938	0.01783	0.01395	0.01783	0.01240	0.01860	0.00930	0.00698	0.00698	0.00233	0.00930	0.00620	0.00310	0.00775
18	0.02024	0.31904	0.02694	0.17724	0.02606	0.19787	0.01416	0.10466	0.01783	0.02032	0.01145	0.01390	0.00940	0.00680	0.00580	0.00183	0.00918	0.00479	0.00366	0.00883
19	0.01692	0.01573	0.02585	0.22002	0.48747	0.01669	0.02027	0.07149	0.01668	0.02314	0.01322	0.01758	0.01066	0.00658	0.00693	0.00214	0.00850	0.00622	0.00363	0.01026
20	0.00928	0.00711	0.00850	0.00815	0.01006	0.00633	0.00611	0.01201	0.01834	0.02463	0.47375	0.05764	0.30173	0.01552	0.00824	0.00225	0.00338	0.01339	0.00724	0.00633
21	0.01002	0.00728	0.01022	0.01022	0.01113	0.00818	0.00749	0.01182	0.01092	0.01546	0.01960	0.03244	0.01963	0.24567	0.53675	0.00999	0.01541	0.00821	0.00387	0.00568
22	0.02125	0.11079	0.24051	0.01780	0.02443	0.20681	0.04218	0.20677	0.02104	0.02617	0.01297	0.01448	0.00979	0.00716	0.00646	0.00199	0.00992	0.00525	0.00425	0.00997
23	0.02287	0.01532	0.01674	0.01331	0.01762	0.01672	0.01087	0.43370	0.02615	0.08960	0.01890	0.01970	0.01379	0.00847	0.00702	0.00201	0.03378	0.00639	0.21676	0.01028
24	0.01541	0.01215	0.01187	0.01061	0.01345	0.09360	0.00795	0.03842	0.05699	0.09648	0.06613	0.04110	0.17696	0.18100	0.01373	0.00316	0.00621	0.05265	0.00571	0.09640
25	0.01000	0.00735	0.01060	0.01060	0.01163	0.00839	0.00795	0.01206	0.01103	0.01574	0.01926	0.03054	0.01880	0.17275	0.60854	0.01045	0.01665	0.00793	0.00382	0.00589
26	0.01212	0.00606	0.00909	0.00909	0.00909	0.00606	0.00606	0.00909	0.00909	0.01212	0.01212	0.02121	0.01212	0.02424	0.02727	0.79697	0.00606	0.00606	0.00303	0.00303
27	0.01727	0.01658	0.02832	0.04283	0.71123	0.01658	0.02142	0.02142	0.01589	0.02280	0.01313	0.01727	0.01105	0.00622	0.00691	0.00207	0.00829	0.00622	0.00345	0.01105
28	0.12891	0.03055	0.49460	0.01777	0.02631	0.04781	0.02099	0.11039	0.01694	0.02610	0.01261	0.01442	0.00906	0.00686	0.00633	0.00217	0.00936	0.00508	0.00371	0.01003
29	0.01740	0.05549	0.24318	0.02370	0.12576	0.01788	0.16792	0.14631	0.01831	0.02560	0.01385	0.01695	0.01060	0.00941	0.04705	0.00269	0.03750	0.00631	0.00396	0.01013
30	0.01301	0.00650	0.00650	0.00650	0.00813	0.00650	0.00488	0.01626	0.01463	0.02602	0.02276	0.02602	0.01789	0.00813	0.00488	0.00163	0.00325	0.00650	0.79350	0.00650
31	0.01015	0.00677	0.00761	0.00761	0.00761	0.00677	0.00423	0.01015	0.01015	0.01353	0.02199	0.04567	0.02537	0.75476	0.03552	0.00677	0.00677	0.01015	0.00423	0.00423
32	0.40912	0.01267	0.01329	0.01083	0.01570	0.01290	0.00894	0.02741	0.01601	0.38127	0.01882	0.01768	0.01252	0.00758	0.00570	0.00216	0.00567	0.00543	0.00653	0.00976
33	0.01035	0.00657	0.00879	0.00989	0.01074	0.00607	0.00678	0.01177	0.01415	0.07316	0.06558	0.66387	0.04471	0.02050	0.00873	0.00275	0.00417	0.01853	0.00670	0.00619
34	0.01886	0.22216	0.02203	0.01407	0.01853	0.11329	0.01161	0.03142	0.42113	0.02409	0.02094	0.02018	0.01629	0.00821	0.00627	0.00205	0.00698	0.00630	0.00551	0.01008
35	0.02877	0.01484	0.01782	0.01371	0.01907	0.01479	0.01131	0.30062	0.02505	0.41922	0.02297	0.02097	0.01508	0.00851	0.00693	0.00212	0.00656	0.00670	0.03326	0.01170

[dist]
# distance from previous block
# <min> <max>
0	5

[block]
# block no. 1 follows, 30 sequences, length 94
# corresponding to MSA columns:
# 175-182,184-269
name=unknown_B
#
# <colnr> <probs for GDERKNQSTAVLIFYWHMCP>
#	G	D	E	R	K	N	Q	S	T	A	V	L	I	F	Y	W	H	M	C	P
0	0.01398	0.03061	0.58036	0.01785	0.02661	0.01446	0.02217	0.02112	0.01572	0.04848	0.12330	0.02099	0.01819	0.00791	0.00690	0.00221	0.00904	0.00641	0.00391	0.00978
1	0.02170	0.01715	0.01823	0.01508	0.01980	0.01939	0.01210	0.34562	0.38300	0.03620	0.02288	0.02164	0.01683	0.00895	0.00704	0.00224	0.00654	0.00713	0.00704	0.01144
2	0.00862	0.00674	0.00781	0.00826	0.00984	0.00594	0.00592	0.01046	0.01571	0.02009	0.17049	0.29620	0.37208	0.01850	0.00847	0.00249	0.00367	0.01609	0.00669	0.00594
3	0.00877	0.00680	0.00802	0.00853	0.01009	0.00605	0.00622	0.01070	0.01577	0.02024	0.17170	0.28762	0.34438	0.01851	0.00853	0.00253	0.00381	0.04907	0.00669	0.00597
4	0.01813	0.67684	0.11404	0.01284	0.01931	0.02632	0.01351	0.02103	0.01424	0.01706	0.01002	0.01160	0.00894	0.00605	0.00472	0.00157	0.00779	0.00389	0.00298	0.00911
5	0.01594	0.01532	0.02624	0.07444	0.43542	0.01488	0.10674	0.02006	0.01571	0.02246	0.04037	0.04537	0.01416	0.00695	0.00697	0.00201	0.00804	0.00694	0.00381	0.11816
6	0.09089	0.01127	0.01439	0.01134	0.01614	0.01018	0.00930	0.03049	0.01859	0.56637	0.02545	0.02306	0.01658	0.00839	0.00651	0.00209	0.00553	0.00669	0.11597	0.01079
7	0.01370	0.00800	0.01040	0.00931	0.01171	0.00720	0.00715	0.01675	0.01947	0.15442	0.52757	0.04816	0.11160	0.01352	0.00801	0.00220	0.00380	0.01176	0.00776	0.00750
8	0.11092	0.04197	0.19781	0.01698	0.02291	0.05388	0.13833	0.05604	0.01679	0.10928	0.07049	0.09761	0.01858	0.00904	0.00700	0.00224	0.00816	0.00791	0.00490	0.00915
9	0.00848	0.00616	0.00801	0.00950	0.01006	0.00569	0.00638	0.00974	0.01357	0.01790	0.04115	0.69320	0.10142	0.02151	0.00885	0.00279	0.00401	0.01941	0.00648	0.00569
10	0.01718	0.16938	0.07091	0.02804	0.27247	0.01917	0.17915	0.02373	0.10928	0.02223	0.01473	0.01747	0.01179	0.00656	0.00674	0.00207	0.00870	0.00637	0.00385	0.01018
11	0.01018	0.00779	0.01162	0.01150	0.01269	0.00923	0.00898	0.01263	0.01119	0.01622	0.01831	0.02693	0.01712	0.05074	0.69905	0.01089	0.04751	0.00742	0.00371	0.00629
12	0.00949	0.00712	0.00879	0.00837	0.01019	0.00642	0.00628	0.01241	0.01883	0.02579	0.55465	0.05573	0.22011	0.01508	0.00823	0.00223	0.00335	0.01313	0.00739	0.00642
13	0.80405	0.01350	0.01026	0.00918	0.01350	0.01565	0.00756	0.02051	0.01188	0.03131	0.00972	0.01134	0.00756	0.00648	0.00432	0.00216	0.00540	0.00378	0.00432	0.00756
14	0.54617	0.01477	0.01297	0.01115	0.01563	0.01695	0.00909	0.13790	0.12388	0.03315	0.01388	0.01459	0.01047	0.00728	0.00522	0.00218	0.00581	0.00486	0.00522	0.00885
15	0.01685	0.01446	0.01534	0.01383	0.01762	0.01663	0.01074	0.03546	0.65255	0.02911	0.07449	0.02781	0.02432	0.00979	0.00718	0.00236	0.00537	0.00821	0.00714	0.01074
16	0.00991	0.00725	0.00996	0.00994	0.01093	0.00797	0.00726	0.01172	0.01143	0.01596	0.04123	0.03529	0.06100	0.23796	0.48016	0.00926	0.01419	0.00875	0.00414	0.00568
17	0.75838	0.01358	0.01058	0.00947	0.01377	0.01575	0.00776	0.02147	0.05175	0.03119	0.01080	0.01219	0.00836	0.00665	0.00448	0.00217	0.00541	0.00402	0.00448	0.00776
18	0.76770	0.01344	0.01045	0.00923	0.01364	0.01536	0.00759	0.02038	0.01200	0.03091	0.00984	0.01148	0.00769	0.00642	0.00436	0.00211	0.00539	0.00380	0.00431	0.04392
19	0.08412	0.10417	0.08886	0.01925	0.11508	0.31560	0.01449	0.07915	0.01833	0.02181	0.01604	0.01761	0.06154	0.00770	0.00626	0.00194	0.00956	0.00557	0.00401	0.00891
20	0.01368	0.01331	0.01982	0.63060	0.04322	0.06298	0.01794	0.01786	0.01430	0.01778	0.01439	0.07698	0.01224	0.00819	0.00709	0.00233	0.00910	0.00718	0.00341	0.00761
21	0.01724	0.01696	0.03167	0.06680	0.35298	0.01688	0.27014	0.02251	0.04188	0.04787	0.01444	0.01842	0.01135	0.00653	0.00794	0.00224	0.03310	0.00706	0.00378	0.01020
22	0.02052	0.01190	0.01482	0.01103	0.01666	0.00950	0.00892	0.02348	0.01684	0.28296	0.05843	0.02014	0.01616	0.00700	0.00604	0.00152	0.00535	0.00571	0.00603	0.45701
23	0.02187	0.01487	0.01624	0.01342	0.01779	0.01623	0.01077	0.26604	0.26128	0.12822	0.02324	0.02240	0.01685	0.00876	0.00670	0.00213	0.00600	0.00698	0.12946	0.01075
24	0.01446	0.01252	0.01522	0.08845	0.01999	0.01034	0.00959	0.01850	0.04591	0.02251	0.01314	0.01545	0.01073	0.00556	0.00545	0.00123	0.00563	0.00453	0.00416	0.67664
25	0.01015	0.00677	0.00761	0.00761	0.00761	0.00677	0.00423	0.01015	0.01015	0.01353	0.02199	0.04567	0.02537	0.75476	0.03552	0.00677	0.00677	0.01015	0.00423	0.00423
26	0.00845	0.00627	0.00790	0.00920	0.00999	0.00571	0.00625	0.00977	0.01385	0.01802	0.04472	0.61752	0.17480	0.02105	0.00878	0.00274	0.00395	0.01885	0.00648	0.00571
27	0.01301	0.00650	0.00650	0.00650	0.00813	0.00650	0.00488	0.01626	0.01463	0.02602	0.02276	0.02602	0.01789	0.00813	0.00488	0.00163	0.00325	0.00650	0.79350	0.00650
28	0.00848	0.00614	0.00803	0.00953	0.01007	0.00568	0.00640	0.00974	0.01354	0.01789	0.04072	0.70229	0.09260	0.02157	0.00886	0.00280	0.00401	0.01948	0.00648	0.00568
29	0.00934	0.00678	0.00880	0.00900	0.01027	0.00624	0.00648	0.01186	0.01743	0.02413	0.45209	0.28561	0.09198	0.01697	0.00846	0.00242	0.00356	0.01513	0.00722	0.00624
30	0.00878	0.00629	0.00835	0.00953	0.01018	0.00585	0.00650	0.01042	0.01466	0.01989	0.17488	0.60788	0.05017	0.02031	0.00877	0.00270	0.00389	0.01837	0.00672	0.00585
31	0.01727	0.01658	0.02832	0.04283	0.71123	0.01658	0.02142	0.02142	0.01589	0.02280	0.01313	0.01727	0.01105	0.00622	0.00691	0.00207	0.00829	0.00622	0.00345	0.01105
32	0.00900	0.00643	0.00867	0.01028	0.01091	0.00610	0.00734	0.01058	0.01385	0.01837	0.03819	0.62862	0.04507	0.02139	0.00904	0.00290	0.00448	0.13652	0.00647	0.00581
33	0.00850	0.00607	0.00810	0.00972	0.01012	0.00567	0.00648	0.00972	0.01336	0.01781	0.03846	0.75020	0.04615	0.02186	0.00891	0.00283	0.00405	0.01984	0.00648	0.00567
34	0.01647	0.01882	0.04118	0.02941	0.03647	0.01765	0.68588	0.02235	0.01647	0.02235	0.01412	0.01882	0.01059	0.00588	0.00824	0.00235	0.01176	0.00824	0.00353	0.00941
35	0.00840	0.00699	0.00734	0.00744	0.00957	0.00593	0.00551	0.01024	0.01599	0.01949	0.11902	0.12622	0.59833	0.01777	0.00830	0.00239	0.00356	0.01501	0.00658	0.00593
36	0.07012	0.01849	0.03621	0.07582	0.06943	0.04556	0.53451	0.02210	0.01609	0.02247	0.01352	0.01797	0.01026	0.00607	0.00774	0.00230	0.01102	0.00754	0.00355	0.00921
37	0.01447	0.01240	0.01447	0.01034	0.01654	0.00930	0.00827	0.01757	0.01447	0.02274	0.01240	0.01447	0.01034	0.00517	0.00517	0.00103	0.00517	0.00413	0.00413	0.79742
38	0.01907	0.22771	0.32104	0.01656	0.02426	0.02096	0.01821	0.22413	0.02008	0.02720	0.01304	0.01438	0.00979	0.00698	0.00615	0.00198	0.00874	0.00511	0.00418	0.01042
39	0.01479	0.06445	0.06022	0.01943	0.18256	0.01371	0.01312	0.07309	0.10758	0.02352	0.02964	0.10682	0.13394	0.01158	0.00737	0.00227	0.00637	0.07518	0.00530	0.04905
40	0.01687	0.33381	0.36385	0.01669	0.02476	0.02135	0.04340	0.06680	0.01579	0.02124	0.01170	0.01355	0.00916	0.00645	0.00582	0.00191	0.00901	0.00476	0.00326	0.00982
41	0.00863	0.00708	0.00760	0.00747	0.00966	0.00605	0.00560	0.01075	0.01681	0.02099	0.22002	0.06363	0.55773	0.01687	0.00824	0.00232	0.00348	0.01423	0.00676	0.00605
42	0.00907	0.00701	0.00827	0.00815	0.00998	0.00621	0.00604	0.01153	0.01755	0.02322	0.37909	0.12290	0.33306	0.01639	0.00830	0.00232	0.00346	0.01417	0.00707	0.00621
43	0.01144	0.06386	0.12931	0.05013	0.01763	0.01166	0.03162	0.01429	0.01318	0.01816	0.02475	0.35169	0.02730	0.04008	0.08541	0.00361	0.08173	0.01236	0.00471	0.00708
44	0.01400	0.03610	0.71860	0.01989	0.03020	0.01621	0.02578	0.02210	0.01473	0.02210	0.01252	0.01473	0.00884	0.00663	0.00663	0.00221	0.01031	0.00516	0.00295	0.01031
45	0.01001	0.00732	0.01040	0.01040	0.01137	0.00828	0.00771	0.01194	0.01097	0.01560	0.01943	0.03153	0.01923	0.21068	0.57120	0.01021	0.01600	0.00808	0.00385	0.00578
46	0.00848	0.00702	0.00747	0.00777	0.00985	0.00601	0.00584	0.01028	0.01562	0.01887	0.06459	0.14871	0.58473	0.01828	0.00842	0.00247	0.00379	0.05941	0.00648	0.00590
47	0.01716	0.01903	0.07058	0.13076	0.37500	0.12766	0.01850	0.02176	0.04738	0.02105	0.01535	0.07584	0.01362	0.00791	0.00697	0.00215	0.00878	0.00704	0.00380	0.00964
48	0.02226	0.02704	0.02490	0.02046	0.02474	0.47055	0.20091	0.02482	0.01799	0.01816	0.01183	0.01502	0.00969	0.00820	0.00852	0.06584	0.01183	0.00567	0.00353	0.00805
49	0.01509	0.03007	0.49676	0.01768	0.02633	0.05643	0.02082	0.02309	0.07897	0.02258	0.01389	0.01562	0.01026	0.00669	0.00641	0.00201	0.00915	0.00521	0.00357	0.13937
50	0.01669	0.36547	0.17679	0.09621	0.08382	0.02166	0.10886	0.02106	0.01473	0.01910	0.01147	0.01427	0.00937	0.00622	0.00591	0.00190	0.00891	0.00512	0.00310	0.00935
51	0.01012	0.00687	0.00812	0.00812	0.00830	0.00704	0.00486	0.01048	0.01030	0.01391	0.02152	0.04308	0.02425	0.65535	0.13339	0.00740	0.00845	0.00977	0.00416	0.00451
52	0.01571	0.01494	0.02465	0.03665	0.58994	0.01473	0.01863	0.01945	0.01589	0.02212	0.02307	0.02589	0.13156	0.00820	0.00714	0.00212	0.00747	0.00769	0.00398	0.01016
53	0.00997	0.00748	0.01121	0.01121	0.01246	0.00872	0.00872	0.01246	0.01121	0.01620	0.01869	0.02741	0.01745	0.05234	0.72710	0.01121	0.01869	0.00748	0.00374	0.00623
54	0.00850	0.00607	0.00810	0.00972	0.01012	0.00567	0.00648	0.00972	0.01336	0.01781	0.03846	0.75020	0.04615	0.02186	0.00891	0.00283	0.00405	0.01984	0.00648	0.00567
55	0.01425	0.01337	0.02125	0.54233	0.04118	0.01603	0.06291	0.02206	0.15372	0.02045	0.01578	0.02013	0.01184	0.00741	0.00709	0.00234	0.00870	0.00668	0.00395	0.00854
56	0.03006	0.01160	0.01580	0.01220	0.01738	0.01004	0.01004	0.03280	0.01996	0.67611	0.06701	0.02540	0.02009	0.00896	0.00709	0.00216	0.00578	0.00734	0.00858	0.01157
57	0.00879	0.00630	0.00836	0.00952	0.01019	0.00586	0.00650	0.01045	0.01471	0.01997	0.18015	0.60237	0.05032	0.02025	0.00876	0.00270	0.00389	0.01831	0.00673	0.00586
58	0.63387	0.01391	0.01184	0.01027	0.01472	0.01582	0.00841	0.06809	0.06904	0.08003	0.01294	0.01376	0.00964	0.00700	0.00491	0.00217	0.00560	0.00451	0.00503	0.00843
59	0.01880	0.00924	0.01141	0.00965	0.01331	0.00793	0.00767	0.02114	0.01814	0.33368	0.11719	0.04606	0.33074	0.01325	0.00769	0.00225	0.00459	0.01104	0.00758	0.00866
60	0.00996	0.00715	0.00913	0.00916	0.01014	0.00728	0.00653	0.01164	0.01315	0.01789	0.14687	0.04659	0.09769	0.30441	0.21345	0.00646	0.00905	0.06286	0.00509	0.00552
61	0.00997	0.00748	0.01121	0.01121	0.01246	0.00872	0.00872	0.01246	0.01121	0.01620	0.01869	0.02741	0.01745	0.05234	0.72710	0.01121	0.01869	0.00748	0.00374	0.00623
62	0.00926	0.00663	0.00851	0.00973	0.01044	0.00630	0.00688	0.01068	0.01352	0.01774	0.03802	0.45496	0.09480	0.14344	0.01343	0.00352	0.00490	0.13558	0.00609	0.00558
63	0.01318	0.01240	0.02093	0.73798	0.04806	0.01550	0.01938	0.01783	0.01395	0.01783	0.01240	0.01860	0.00930	0.00698	0.00698	0.00233	0.00930	0.00620	0.00310	0.00775
64	0.00850	0.00607	0.00810	0.00972	0.01012	0.00567	0.00648	0.00972	0.01336	0.01781	0.03846	0.75020	0.04615	0.02186	0.00891	0.00283	0.00405	0.01984	0.00648	0.00567
65	0.01251	0.01008	0.01150	0.01062	0.01322	0.01056	0.00812	0.02181	0.27471	0.02740	0.37973	0.04402	0.12206	0.01285	0.00781	0.00228	0.00416	0.01108	0.00733	0.00818
66	0.52671	0.01547	0.08695	0.01083	0.01577	0.01466	0.00990	0.05587	0.01441	0.11004	0.01349	0.01460	0.00987	0.00697	0.00506	0.00212	0.00593	0.00465	0.06822	0.00849
67	0.03987	0.06431	0.02261	0.14761	0.17256	0.08062	0.01557	0.25352	0.05788	0.02894	0.01455	0.01675	0.01115	0.00731	0.00662	0.00204	0.00825	0.00588	0.00484	0.03912
68	0.06632	0.01519	0.01769	0.01359	0.01894	0.01528	0.01119	0.29038	0.02357	0.29115	0.01956	0.01872	0.01336	0.00804	0.00711	0.00200	0.03016	0.00611	0.00693	0.12471
69	0.01418	0.03976	0.06143	0.03644	0.06944	0.01028	0.01027	0.03448	0.01708	0.10023	0.20639	0.09498	0.14702	0.01209	0.00779	0.00216	0.02583	0.01024	0.04611	0.05379
70	0.01488	0.11297	0.40327	0.08959	0.06407	0.05265	0.03997	0.02085	0.01550	0.02144	0.08651	0.01885	0.01517	0.00739	0.00663	0.00211	0.00918	0.00600	0.00355	0.00940
71	0.00916	0.00710	0.00833	0.00802	0.00998	0.00628	0.00602	0.01178	0.01806	0.02395	0.42657	0.05876	0.34933	0.01577	0.00824	0.00227	0.00340	0.01355	0.00715	0.00628
72	0.01054	0.00831	0.01230	0.01197	0.01309	0.01008	0.00942	0.01292	0.01116	0.01626	0.01767	0.02612	0.01656	0.04805	0.65178	0.01034	0.09605	0.00733	0.00367	0.00638
73	0.03414	0.01587	0.05784	0.17266	0.10557	0.07464	0.12348	0.02044	0.08744	0.02160	0.06933	0.09081	0.07678	0.00970	0.00741	0.00229	0.00806	0.00884	0.00460	0.00848
74	0.01810	0.01800	0.01873	0.01772	0.06552	0.16612	0.03439	0.09395	0.14223	0.02272	0.01869	0.11426	0.01716	0.01328	0.05318	0.00293	0.16133	0.00807	0.00486	0.00876
75	0.00853	0.00631	0.00797	0.00918	0.01001	0.00576	0.00627	0.00995	0.01416	0.01852	0.07845	0.58872	0.16927	0.02070	0.00875	0.00271	0.00392	0.01853	0.00654	0.00576
76	0.01400	0.03610	0.71860	0.01989	0.03020	0.01621	0.02578	0.02210	0.01473	0.02210	0.01252	0.01473	0.00884	0.00663	0.00663	0.00221	0.01031	0.00516	0.00295	0.01031
77	0.01456	0.01446	0.06335	0.01224	0.01775	0.01168	0.01056	0.01776	0.01389	0.02176	0.01190	0.01461	0.01005	0.00638	0.00807	0.00143	0.12182	0.00452	0.00388	0.61933
78	0.00852	0.00638	0.00785	0.00895	0.00988	0.00578	0.00611	0.00991	0.01412	0.01826	0.06594	0.53351	0.21750	0.04085	0.00945	0.00280	0.00397	0.01804	0.00645	0.00571
79	0.00902	0.00657	0.00920	0.01025	0.01095	0.00675	0.00727	0.01069	0.01260	0.01724	0.03147	0.49449	0.03600	0.03264	0.26299	0.00580	0.00923	0.01546	0.00551	0.00587
80	0.08016	0.01336	0.01960	0.01621	0.05142	0.01308	0.11693	0.06375	0.06415	0.32508	0.04361	0.02406	0.01719	0.06824	0.03013	0.00284	0.02638	0.00737	0.00642	0.01003
81	0.01866	0.75896	0.03657	0.01194	0.01791	0.02761	0.01194	0.02090	0.01418	0.01642	0.00970	0.01119	0.00896	0.00597	0.00448	0.00149	0.00746	0.00373	0.00299	0.00896
82	0.01108	0.00917	0.01149	0.01137	0.01267	0.05729	0.00866	0.01331	0.01170	0.01603	0.01844	0.02797	0.01755	0.10926	0.61912	0.01020	0.01726	0.00750	0.00377	0.00619
83	0.01318	0.01240	0.02093	0.73798	0.04806	0.01550	0.01938	0.01783	0.01395	0.01783	0.01240	0.01860	0.00930	0.00698	0.00698	0.00233	0.00930	0.00620	0.00310	0.00775
84	0.01605	0.01547	0.02697	0.13485	0.51847	0.01578	0.07351	0.02021	0.01550	0.02174	0.01483	0.06732	0.01316	0.00736	0.00716	0.00218	0.00842	0.00730	0.00362	0.01010
85	0.00859	0.00642	0.00802	0.00925	0.01019	0.00585	0.00646	0.01005	0.01413	0.01824	0.04619	0.54730	0.20639	0.02070	0.00879	0.00274	0.00406	0.05439	0.00648	0.00576
86	0.01358	0.01281	0.02165	0.67061	0.11234	0.01561	0.01958	0.01818	0.01414	0.01831	0.01247	0.01848	0.00947	0.00690	0.00697	0.00230	0.00920	0.00620	0.00314	0.00807
87	0.00939	0.00679	0.00798	0.00837	0.00952	0.00629	0.00582	0.01098	0.01445	0.01914	0.14310	0.22186	0.22228	0.19399	0.01484	0.00351	0.00454	0.04917	0.04235	0.00560
88	0.01337	0.01278	0.02211	0.69685	0.04739	0.01563	0.05808	0.01809	0.01410	0.01809	0.01250	0.01862	0.00938	0.00691	0.00705	0.00233	0.00945	0.00632	0.00313	0.00785
89	0.04172	0.09517	0.04396	0.01456	0.03578	0.21773	0.02980	0.04133	0.01661	0.07523	0.02271	0.28848	0.02363	0.01258	0.00718	0.00224	0.00774	0.01054	0.00511	0.00789
90	0.01931	0.01559	0.01761	0.01448	0.01868	0.11894	0.08220	0.10712	0.05104	0.13698	0.02455	0.16982	0.05650	0.01080	0.00722	0.00211	0.00714	0.00932	0.00583	0.12477
91	0.02030	0.59924	0.03293	0.01319	0.01872	0.15425	0.01227	0.04744	0.01590	0.01758	0.01017	0.01166	0.00907	0.00628	0.00490	0.00157	0.00840	0.00397	0.00325	0.00891
92	0.75919	0.01340	0.01060	0.00936	0.01375	0.01534	0.00771	0.02130	0.01235	0.07106	0.01075	0.01206	0.00812	0.00660	0.00448	0.00216	0.00543	0.00397	0.00457	0.00781
93	0.04859	0.01813	0.02155	0.06781	0.13824	0.01996	0.01472	0.47470	0.06504	0.03748	0.01628	0.01730	0.01195	0.00792	0.00689	0.00212	0.00770	0.00628	0.00606	0.01128

[dist]
# distance from previous block
# <min> <max>
0	10

[block]
# block no. 2 follows, 30 sequences, length 39
# corresponding to MSA columns:
# 280-318
name=unknown_C
#
# <colnr> <probs for GDERKNQSTAVLIFYWHMCP>
#	G	D	E	R	K	N	Q	S	T	A	V	L	I	F	Y	W	H	M	C	P
0	0.01001	0.00699	0.00866	0.00866	0.00913	0.00731	0.00561	0.01083	0.01072	0.01456	0.02313	0.04118	0.05279	0.51383	0.23990	0.00790	0.01017	0.00955	0.00418	0.00490
1	0.07788	0.09079	0.09047	0.05508	0.07569	0.01721	0.10368	0.05840	0.12632	0.03847	0.07310	0.02091	0.01669	0.01029	0.04093	0.00266	0.08075	0.00681	0.00463	0.00924
2	0.00967	0.00815	0.01037	0.01263	0.10476	0.00736	0.00785	0.01178	0.01572	0.02000	0.11389	0.20304	0.41598	0.01669	0.00820	0.00240	0.00427	0.01446	0.00618	0.00661
3	0.01359	0.01139	0.01456	0.06223	0.13421	0.01172	0.01078	0.08536	0.11443	0.02363	0.07835	0.07320	0.23700	0.06984	0.00982	0.00266	0.00575	0.02756	0.00578	0.00815
4	0.01308	0.01082	0.01439	0.01314	0.01420	0.01367	0.01047	0.01693	0.07946	0.01910	0.01704	0.02363	0.01533	0.06252	0.25507	0.00568	0.27371	0.00701	0.12761	0.00715
5	0.01040	0.00754	0.01017	0.01139	0.01288	0.00731	0.00945	0.01319	0.01606	0.02106	0.11767	0.17683	0.10341	0.01895	0.00924	0.00296	0.00544	0.43316	0.00658	0.00628
6	0.01866	0.75896	0.03657	0.01194	0.01791	0.02761	0.01194	0.02090	0.01418	0.01642	0.00970	0.01119	0.00896	0.00597	0.00448	0.00149	0.00746	0.00373	0.00299	0.00896
7	0.01387	0.03079	0.55642	0.01990	0.02887	0.01535	0.10741	0.02117	0.01549	0.02276	0.08748	0.01927	0.01519	0.00736	0.00701	0.00223	0.00974	0.00635	0.00353	0.00980
8	0.00974	0.00659	0.00773	0.00813	0.00823	0.00650	0.00478	0.01004	0.01094	0.01459	0.02604	0.21910	0.03049	0.57434	0.02897	0.00580	0.00610	0.01253	0.00478	0.00458
9	0.01057	0.00738	0.00902	0.00846	0.01053	0.00658	0.00640	0.01337	0.01860	0.06341	0.47667	0.05511	0.25800	0.01499	0.00817	0.00224	0.00351	0.01295	0.00737	0.00667
10	0.01795	0.64893	0.14038	0.01315	0.01978	0.02588	0.01405	0.02108	0.01426	0.01728	0.01013	0.01173	0.00894	0.00607	0.00481	0.00160	0.00790	0.00395	0.00298	0.00916
11	0.01737	0.36606	0.11772	0.04622	0.05151	0.11636	0.01374	0.03760	0.01583	0.01869	0.01996	0.02111	0.11559	0.00812	0.00586	0.00184	0.00806	0.00598	0.00373	0.00867
12	0.01221	0.00643	0.00678	0.00707	0.00848	0.00636	0.00516	0.01511	0.01441	0.02457	0.02553	0.15350	0.02286	0.01055	0.00559	0.00184	0.00339	0.00885	0.65495	0.00636
13	0.00849	0.00612	0.00805	0.00958	0.01009	0.00568	0.00642	0.00973	0.01349	0.01787	0.04009	0.71569	0.07962	0.02165	0.00887	0.00281	0.00402	0.01958	0.00648	0.00568
14	0.01388	0.01232	0.01657	0.36448	0.03027	0.04948	0.01397	0.01920	0.08230	0.02120	0.09163	0.02487	0.03738	0.00890	0.00803	0.00224	0.06392	0.00725	0.12441	0.00772
15	0.03522	0.08342	0.12504	0.01871	0.13885	0.06474	0.01407	0.10717	0.01707	0.02292	0.02097	0.20175	0.02140	0.05273	0.00878	0.00254	0.00744	0.04379	0.00478	0.00861
16	0.04027	0.02116	0.02005	0.18266	0.07800	0.24140	0.01484	0.15915	0.12721	0.02534	0.01527	0.01722	0.01169	0.00765	0.00671	0.00210	0.00925	0.00589	0.00472	0.00944
17	0.02026	0.09380	0.02077	0.01902	0.12412	0.22849	0.01316	0.10628	0.16132	0.02500	0.10072	0.02130	0.01917	0.00841	0.00670	0.00201	0.00822	0.00660	0.00515	0.00951
18	0.01009	0.00689	0.00874	0.00900	0.00975	0.00699	0.00621	0.01165	0.01288	0.01813	0.12244	0.15517	0.03306	0.30016	0.15940	0.00579	0.00789	0.04429	0.06601	0.00547
19	0.00915	0.00629	0.00779	0.00891	0.00953	0.00592	0.00593	0.01044	0.01325	0.01813	0.03718	0.53115	0.09168	0.11874	0.01204	0.00321	0.00430	0.01682	0.08397	0.00557
20	0.01889	0.62943	0.03377	0.01304	0.01823	0.08096	0.01239	0.02103	0.01427	0.01651	0.00973	0.01170	0.00898	0.00668	0.00644	0.00167	0.08047	0.00403	0.00304	0.00876
21	0.00931	0.00696	0.00865	0.00855	0.01016	0.00629	0.00629	0.01196	0.01795	0.02446	0.46779	0.16164	0.20200	0.01616	0.00834	0.00233	0.00346	0.01418	0.00724	0.00629
22	0.01991	0.68510	0.03455	0.01199	0.01790	0.02590	0.01177	0.02219	0.01475	0.08558	0.01146	0.01244	0.00978	0.00623	0.00473	0.00156	0.00731	0.00406	0.00354	0.00924
23	0.00894	0.00626	0.00797	0.00916	0.00946	0.00596	0.00589	0.00983	0.01251	0.01669	0.03412	0.56457	0.04068	0.21496	0.01592	0.00387	0.00476	0.01728	0.00589	0.00529
24	0.01447	0.01240	0.01447	0.01034	0.01654	0.00930	0.00827	0.01757	0.01447	0.02274	0.01240	0.01447	0.01034	0.00517	0.00517	0.00103	0.00517	0.00413	0.00413	0.79742
25	0.01549	0.01135	0.01416	0.01153	0.01530	0.01088	0.00916	0.05318	0.03439	0.09606	0.09469	0.02480	0.03708	0.04518	0.12266	0.00344	0.08017	0.00683	0.00513	0.30851
26	0.00846	0.00622	0.00794	0.00931	0.01002	0.00570	0.00630	0.00976	0.01375	0.01797	0.04337	0.64623	0.14696	0.02122	0.00881	0.00276	0.00397	0.01906	0.00648	0.00570
27	0.01754	0.01349	0.01678	0.01318	0.01790	0.01315	0.03590	0.05335	0.15398	0.10743	0.05269	0.02019	0.01615	0.00789	0.00815	0.00182	0.08959	0.00615	0.00543	0.34924
28	0.01774	0.01764	0.02676	0.06771	0.52625	0.07148	0.05349	0.02335	0.08362	0.02275	0.01447	0.01791	0.01181	0.00663	0.00695	0.00211	0.00857	0.00635	0.00381	0.01060
29	0.01318	0.01240	0.02093	0.73798	0.04806	0.01550	0.01938	0.01783	0.01395	0.01783	0.01240	0.01860	0.00930	0.00698	0.00698	0.00233	0.00930	0.00620	0.00310	0.00775
30	0.01666	0.01893	0.16158	0.01663	0.03969	0.09469	0.08327	0.07191	0.01747	0.08938	0.02645	0.15219	0.07817	0.01196	0.00771	0.00240	0.00795	0.08906	0.00527	0.00863
31	0.01205	0.01037	0.01070	0.01019	0.01225	0.07706	0.00771	0.03493	0.05328	0.02517	0.42114	0.10298	0.13713	0.01442	0.00807	0.00228	0.00466	0.04172	0.00693	0.00694
32	0.00865	0.00613	0.00805	0.00953	0.00990	0.00577	0.00628	0.00976	0.01307	0.01743	0.03699	0.68733	0.04430	0.08726	0.01128	0.00318	0.00429	0.01897	0.00628	0.00554
33	0.01282	0.02779	0.51526	0.01670	0.02453	0.01345	0.02028	0.01954	0.01617	0.02379	0.21178	0.02545	0.02518	0.00882	0.00709	0.00221	0.00830	0.00730	0.00430	0.00924
34	0.02103	0.14191	0.13913	0.02041	0.13080	0.11835	0.06733	0.03892	0.01716	0.17488	0.01677	0.05402	0.01320	0.00774	0.00661	0.00204	0.00862	0.00642	0.00470	0.00996
35	0.01868	0.02491	0.20185	0.02053	0.05312	0.16752	0.15168	0.07238	0.11803	0.03871	0.01677	0.05437	0.01343	0.00794	0.00711	0.00219	0.00970	0.00694	0.00442	0.00971
36	0.26115	0.02072	0.08818	0.04036	0.11659	0.18266	0.07364	0.02169	0.01513	0.02331	0.01340	0.07079	0.01184	0.00790	0.00657	0.00216	0.02534	0.00618	0.00392	0.00847
37	0.01309	0.05626	0.04962	0.03179	0.01533	0.01104	0.02692	0.06641	0.01633	0.05801	0.14293	0.30452	0.06537	0.01654	0.03614	0.00281	0.06081	0.01280	0.00591	0.00739
38	0.00846	0.00623	0.00794	0.00931	0.01001	0.00570	0.00630	0.00976	0.01375	0.01797	0.04346	0.64433	0.14880	0.02121	0.00880	0.00276	0.00397	0.01905	0.00648	0.00570

[dist]
# distance from previous block
# <min> <max>
0	2

[block]
# block no. 3 follows, 30 sequences, length 11
# corresponding to MSA columns:
# 321-331
name=unknown_D
#
# <colnr> <probs for GDERKNQSTAVLIFYWHMCP>
#	G	D	E	R	K	N	Q	S	T	A	V	L	I	F	Y	W	H	M	C	P
0	0.13726	0.01410	0.06479	0.01660	0.12670	0.01196	0.03728	0.02061	0.01459	0.13684	0.01626	0.02131	0.01356	0.13018	0.01086	0.00264	0.00670	0.00611	0.00471	0.20695
1	0.01416	0.01228	0.03772	0.01065	0.01577	0.00966	0.00872	0.03388	0.06113	0.04411	0.07910	0.06053	0.08412	0.00847	0.00618	0.00153	0.00508	0.00706	0.00513	0.49470
2	0.01554	0.01604	0.02133	0.56919	0.09596	0.12839	0.01860	0.01970	0.01503	0.01810	0.01220	0.01755	0.00939	0.00695	0.00686	0.00222	0.00974	0.00593	0.00321	0.00806
3	0.01445	0.01443	0.13109	0.08325	0.08970	0.01095	0.01316	0.04868	0.01623	0.09718	0.08003	0.24213	0.06545	0.01262	0.00757	0.00233	0.00635	0.01108	0.00551	0.04782
4	0.02440	0.13637	0.02292	0.01522	0.02071	0.02217	0.01284	0.51947	0.09398	0.03818	0.01676	0.01677	0.01231	0.00810	0.00660	0.00203	0.00744	0.00603	0.00636	0.01133
5	0.01787	0.01206	0.04670	0.01367	0.05170	0.04167	0.01057	0.02062	0.01582	0.22473	0.02530	0.17326	0.02333	0.01853	0.12158	0.00368	0.00816	0.06874	0.00596	0.09603
6	0.00904	0.00666	0.00881	0.00975	0.01074	0.00644	0.00703	0.01088	0.01419	0.01896	0.10922	0.43176	0.12511	0.02520	0.12271	0.00406	0.00639	0.06095	0.00617	0.00593
7	0.01573	0.14236	0.26076	0.02301	0.16465	0.05366	0.09076	0.02070	0.01532	0.02071	0.01577	0.07089	0.01428	0.00833	0.00686	0.00217	0.00901	0.05194	0.00364	0.00944
8	0.01396	0.11859	0.15278	0.06528	0.02041	0.01601	0.01455	0.01739	0.01349	0.03807	0.05203	0.04536	0.05169	0.01735	0.12982	0.00387	0.18974	0.02771	0.00391	0.00798
9	0.01517	0.16056	0.15713	0.01345	0.01790	0.03655	0.01286	0.07105	0.04747	0.04516	0.12752	0.18233	0.02705	0.01165	0.00777	0.00223	0.04093	0.00957	0.00518	0.00846
10	0.01384	0.09308	0.01610	0.01423	0.09203	0.01142	0.00976	0.01668	0.04143	0.05573	0.14126	0.19846	0.02939	0.01289	0.00910	0.05694	0.03412	0.01007	0.00533	0.13813

[dist]
# distance from previous block
# <min> <max>
0	511

# created by:
# /home/berkeley/.conda/envs/busco_data_prod/bin/msa2prfl.pl pipeline/OGs_align_augustus/5794/50010.fs
