[name]
unknown

[dist]
# distance from previous block
# <min> <max>
7	441

[block]
# block no. 0 follows, 27 sequences, length 51
# corresponding to MSA columns:
# 487-537
name=unknown_A
#
# <colnr> <probs for GDERKNQSTAVLIFYWHMCP>
#	G	D	E	R	K	N	Q	S	T	A	V	L	I	F	Y	W	H	M	C	P
0	0.00999	0.00717	0.00886	0.00912	0.01015	0.00670	0.00621	0.01184	0.01617	0.02195	0.27977	0.24570	0.11806	0.19583	0.01610	0.00374	0.00466	0.01516	0.00678	0.00604
1	0.07460	0.01010	0.01186	0.01094	0.01375	0.01023	0.00845	0.07308	0.04714	0.10886	0.10478	0.14077	0.16048	0.02215	0.13686	0.00420	0.00771	0.01150	0.03444	0.00811
2	0.10653	0.00853	0.00901	0.00925	0.01129	0.00837	0.00673	0.01438	0.05724	0.02297	0.09249	0.25882	0.26101	0.04398	0.00926	0.00275	0.00440	0.01458	0.05163	0.00678
3	0.06286	0.01144	0.01341	0.01209	0.01516	0.01200	0.00954	0.16714	0.01971	0.09963	0.02908	0.14550	0.07434	0.02189	0.14798	0.00434	0.00862	0.04664	0.08996	0.00865
4	0.06323	0.01163	0.01278	0.01146	0.01485	0.01215	0.00925	0.12078	0.11020	0.10868	0.02946	0.03580	0.06727	0.01119	0.00703	0.00230	0.00546	0.09588	0.26147	0.00912
5	0.01073	0.00758	0.00902	0.00915	0.01082	0.00688	0.00663	0.01270	0.01653	0.04877	0.18471	0.17821	0.27132	0.13202	0.01351	0.00335	0.00467	0.06012	0.00687	0.00640
6	0.07495	0.00930	0.01075	0.01019	0.01262	0.00899	0.00758	0.06216	0.01777	0.11207	0.13092	0.24508	0.14883	0.05832	0.00988	0.00280	0.00487	0.01355	0.05174	0.00765
7	0.01003	0.00723	0.00991	0.01059	0.01131	0.00761	0.00745	0.01165	0.01262	0.01738	0.02881	0.30994	0.03214	0.17096	0.30860	0.00754	0.01139	0.01366	0.00522	0.00599
8	0.00949	0.00695	0.00892	0.00968	0.01079	0.00638	0.00678	0.01158	0.01676	0.02264	0.25794	0.43400	0.13050	0.02008	0.00916	0.00273	0.00398	0.01795	0.00731	0.00638
9	0.01330	0.00832	0.00986	0.00963	0.01161	0.00785	0.00704	0.05287	0.01764	0.08163	0.14649	0.24887	0.15609	0.05807	0.00988	0.00274	0.00451	0.01398	0.13239	0.00724
10	0.01672	0.01155	0.01384	0.01292	0.01593	0.01190	0.01038	0.13627	0.10574	0.08608	0.14087	0.14235	0.07531	0.01553	0.00873	0.00271	0.00585	0.17096	0.00746	0.00889
11	0.02229	0.29816	0.02584	0.01348	0.01880	0.02247	0.01190	0.29616	0.02361	0.03185	0.01611	0.01738	0.01262	0.00787	0.00598	0.00189	0.00720	0.00568	0.15037	0.01036
12	0.01262	0.00921	0.01107	0.01023	0.01268	0.00901	0.00779	0.01881	0.13162	0.05827	0.46157	0.05169	0.14741	0.01456	0.00850	0.00239	0.00406	0.01263	0.00793	0.00795
13	0.14238	0.00856	0.00992	0.01076	0.01223	0.00879	0.00812	0.01394	0.01442	0.02190	0.05620	0.28000	0.03721	0.14586	0.01385	0.00372	0.00575	0.19391	0.00611	0.00637
14	0.06724	0.02577	0.01785	0.01625	0.02009	0.40047	0.01235	0.03003	0.20735	0.02290	0.02330	0.02336	0.08323	0.00944	0.00703	0.00217	0.00982	0.00689	0.00525	0.00923
15	0.01935	0.01702	0.02243	0.02316	0.16904	0.01848	0.07008	0.12064	0.36273	0.03071	0.02534	0.02529	0.04328	0.00916	0.00764	0.00241	0.00733	0.00807	0.00633	0.01152
16	0.00971	0.00747	0.00888	0.00872	0.01065	0.00664	0.00647	0.01240	0.01885	0.02509	0.39606	0.11957	0.30813	0.01727	0.00882	0.00246	0.00367	0.01495	0.00757	0.00664
17	0.01236	0.00790	0.00999	0.01000	0.01103	0.00832	0.00719	0.01417	0.01319	0.04651	0.02535	0.10433	0.02588	0.26940	0.17870	0.00624	0.03452	0.05893	0.14977	0.00622
18	0.01654	0.00967	0.01221	0.01098	0.01298	0.00994	0.00796	0.07613	0.01528	0.14604	0.02297	0.03579	0.02163	0.33788	0.22416	0.00720	0.01080	0.00897	0.00549	0.00738
19	0.01837	0.01764	0.03013	0.04557	0.69279	0.01764	0.02278	0.02278	0.01690	0.02425	0.01396	0.01837	0.01176	0.00661	0.00735	0.00220	0.00882	0.00661	0.00367	0.01176
20	0.01555	0.01476	0.02504	0.48320	0.27720	0.01690	0.02138	0.02031	0.01557	0.02083	0.01347	0.01929	0.01055	0.00714	0.00740	0.00238	0.00952	0.00660	0.00343	0.00948
21	0.01224	0.00938	0.01127	0.01185	0.01362	0.00972	0.00907	0.01837	0.16092	0.02206	0.03849	0.22434	0.09284	0.12146	0.01328	0.00358	0.00580	0.20769	0.00668	0.00734
22	0.01147	0.00928	0.01051	0.01082	0.01306	0.00926	0.00823	0.01770	0.16476	0.02254	0.05111	0.23594	0.28190	0.01825	0.00889	0.00277	0.00481	0.10416	0.00703	0.00752
23	0.02248	0.42474	0.03213	0.01786	0.08905	0.13222	0.01425	0.14429	0.01990	0.02375	0.01227	0.01390	0.01034	0.00706	0.00582	0.00182	0.00891	0.00487	0.00412	0.01019
24	0.01837	0.01480	0.02267	0.06645	0.24285	0.01692	0.01672	0.02150	0.01563	0.11545	0.07260	0.02251	0.01728	0.01272	0.05422	0.00316	0.24436	0.00735	0.00468	0.00978
25	0.01523	0.01121	0.01341	0.01333	0.01621	0.01176	0.01098	0.04749	0.21064	0.06492	0.03974	0.08078	0.11422	0.01625	0.00899	0.00292	0.00612	0.29988	0.00721	0.00873
26	0.29665	0.01460	0.01642	0.06222	0.10064	0.01448	0.01131	0.05836	0.01569	0.02847	0.01253	0.01498	0.01004	0.00646	0.00564	0.00182	0.00644	0.00481	0.00449	0.31395
27	0.02773	0.03538	0.02104	0.01913	0.02295	0.70930	0.01434	0.02964	0.02104	0.01817	0.01148	0.01339	0.00956	0.00765	0.00669	0.00191	0.01339	0.00478	0.00383	0.00861
28	0.01139	0.00910	0.01343	0.01298	0.01412	0.01115	0.01025	0.01390	0.01185	0.01732	0.01848	0.02737	0.01734	0.04975	0.61452	0.01073	0.11787	0.00775	0.00388	0.00684
29	0.02096	0.01471	0.01657	0.01351	0.01774	0.01551	0.01085	0.32682	0.06590	0.08727	0.24226	0.03480	0.07733	0.01170	0.00796	0.00230	0.00608	0.00964	0.00777	0.01032
30	0.04359	0.00849	0.01051	0.01054	0.01220	0.00808	0.00787	0.01338	0.01366	0.01909	0.02824	0.10881	0.05477	0.21883	0.01955	0.11245	0.00633	0.19306	0.00529	0.10528
31	0.01086	0.00734	0.00877	0.00853	0.00934	0.00710	0.00555	0.01248	0.01522	0.02140	0.29326	0.05015	0.04398	0.40311	0.02412	0.00491	0.00548	0.01164	0.05111	0.00566
32	0.01522	0.01221	0.01363	0.01305	0.01581	0.01333	0.00975	0.09175	0.31199	0.02727	0.03506	0.32055	0.05793	0.01574	0.00838	0.00269	0.00538	0.01375	0.00724	0.00927
33	0.01972	0.01802	0.01656	0.01493	0.01874	0.14343	0.01191	0.16710	0.19853	0.02892	0.03215	0.03955	0.11712	0.01256	0.00804	0.00251	0.00764	0.12629	0.00661	0.00966
34	0.01600	0.02444	0.24004	0.02643	0.03438	0.01722	0.41596	0.02255	0.01668	0.02329	0.01671	0.07965	0.01393	0.00795	0.00830	0.00250	0.01135	0.00882	0.00383	0.00996
35	0.01184	0.00895	0.01063	0.01043	0.01231	0.00886	0.00760	0.05843	0.08584	0.02559	0.26182	0.25568	0.13508	0.05954	0.01046	0.00286	0.00455	0.01491	0.00729	0.00732
36	0.01390	0.01229	0.01432	0.01325	0.01551	0.01419	0.01032	0.02244	0.25116	0.02333	0.03996	0.13750	0.21232	0.01505	0.01186	0.00275	0.16310	0.01183	0.00633	0.00859
37	0.01982	0.01918	0.01625	0.01430	0.01807	0.19529	0.01107	0.14934	0.16626	0.02850	0.12454	0.03419	0.14898	0.01157	0.00770	0.00228	0.00754	0.00920	0.00652	0.00940
38	0.10448	0.01135	0.01231	0.01109	0.01388	0.01187	0.00840	0.13585	0.06403	0.05245	0.13891	0.10471	0.09466	0.14029	0.01298	0.00327	0.00573	0.03128	0.03441	0.00806
39	0.01216	0.00917	0.01070	0.01027	0.01250	0.00915	0.00763	0.01795	0.14122	0.04576	0.22638	0.12425	0.20592	0.07269	0.05743	0.00349	0.00556	0.01312	0.00708	0.00757
40	0.01142	0.00731	0.00870	0.00870	0.00937	0.00760	0.00572	0.01278	0.01210	0.01795	0.02279	0.03964	0.02335	0.42547	0.18126	0.00706	0.00922	0.00931	0.17476	0.00551
41	0.01160	0.00772	0.00990	0.01014	0.01169	0.00726	0.00751	0.01384	0.03798	0.05186	0.20403	0.22756	0.15519	0.01950	0.01190	0.11439	0.00472	0.07994	0.00681	0.00648
42	0.04402	0.01108	0.01223	0.01008	0.01420	0.00973	0.00772	0.04545	0.05551	0.02438	0.09641	0.03828	0.20035	0.08513	0.01014	0.00239	0.00517	0.00924	0.00576	0.31271
43	0.01065	0.00776	0.00958	0.00997	0.01125	0.00739	0.00700	0.04934	0.01719	0.02312	0.21137	0.38524	0.11969	0.08092	0.01151	0.00309	0.00451	0.01680	0.00705	0.00656
44	0.01048	0.00726	0.00808	0.00806	0.00850	0.00705	0.00477	0.01090	0.01210	0.01583	0.05693	0.05224	0.12708	0.60403	0.03235	0.00631	0.00654	0.01162	0.00500	0.00486
45	0.25227	0.01186	0.01328	0.01136	0.01440	0.01262	0.04696	0.08203	0.01528	0.07644	0.01835	0.02771	0.01678	0.23905	0.04009	0.03491	0.00721	0.00740	0.06446	0.00752
46	0.04411	0.01089	0.01243	0.01129	0.01423	0.01094	0.00852	0.10740	0.08467	0.13615	0.03596	0.21152	0.12546	0.08019	0.01064	0.00292	0.00548	0.01224	0.06633	0.00861
47	0.00917	0.00707	0.00828	0.00894	0.01038	0.00629	0.00628	0.01091	0.01600	0.02048	0.12930	0.34876	0.32065	0.04961	0.01025	0.00289	0.00410	0.01751	0.00694	0.00618
48	0.01574	0.00988	0.01306	0.01198	0.01448	0.01043	0.00936	0.07659	0.04242	0.12019	0.12571	0.08143	0.02823	0.03266	0.33355	0.00680	0.01207	0.00951	0.03764	0.00825
49	0.03914	0.00776	0.00933	0.00931	0.01060	0.00735	0.00632	0.01346	0.01444	0.07678	0.10323	0.21623	0.12842	0.24469	0.01930	0.06255	0.00543	0.01345	0.00612	0.00611
50	0.01300	0.00860	0.01070	0.01043	0.01244	0.00853	0.00782	0.01603	0.05313	0.09151	0.03976	0.10097	0.20297	0.14906	0.19180	0.00578	0.00909	0.05528	0.00603	0.00708

[dist]
# distance from previous block
# <min> <max>
4	11

[block]
# block no. 1 follows, 27 sequences, length 85
# corresponding to MSA columns:
# 555-639
name=unknown_B
#
# <colnr> <probs for GDERKNQSTAVLIFYWHMCP>
#	G	D	E	R	K	N	Q	S	T	A	V	L	I	F	Y	W	H	M	C	P
0	0.01633	0.01259	0.01674	0.09631	0.04507	0.01241	0.03642	0.12230	0.01836	0.06130	0.02502	0.13799	0.07022	0.04578	0.07280	0.00325	0.00794	0.00953	0.00552	0.18412
1	0.06284	0.01989	0.13642	0.04413	0.11139	0.01619	0.01580	0.16901	0.04756	0.12066	0.01706	0.01819	0.01246	0.00750	0.00681	0.00204	0.00776	0.00602	0.00551	0.17275
2	0.05856	0.04503	0.05059	0.06866	0.08337	0.06416	0.11916	0.02075	0.01532	0.08234	0.01717	0.02238	0.01418	0.02551	0.27300	0.00593	0.01367	0.00712	0.00430	0.00882
3	0.01554	0.05030	0.35357	0.01698	0.02381	0.01370	0.01918	0.02144	0.01698	0.08486	0.07147	0.04012	0.02481	0.01193	0.00811	0.00264	0.00863	0.20123	0.00519	0.00952
4	0.01881	0.01642	0.06798	0.08285	0.12623	0.04010	0.01497	0.14362	0.07517	0.07775	0.05922	0.09498	0.02351	0.01143	0.00791	0.00248	0.00756	0.08697	0.03210	0.00995
5	0.01593	0.01336	0.02134	0.24587	0.05351	0.01530	0.08708	0.02068	0.06314	0.08053	0.02124	0.16772	0.01985	0.01179	0.01078	0.00269	0.12551	0.01002	0.00493	0.00873
6	0.01752	0.06611	0.11114	0.10527	0.10166	0.06632	0.06196	0.05605	0.01690	0.02354	0.01351	0.01682	0.01083	0.00703	0.00758	0.00195	0.04949	0.00569	0.02790	0.23276
7	0.01392	0.01229	0.01073	0.01035	0.01143	0.12265	0.00673	0.03794	0.01411	0.01700	0.02678	0.09316	0.07997	0.48121	0.02713	0.00546	0.00775	0.01081	0.00487	0.00573
8	0.01737	0.08766	0.01685	0.01190	0.01630	0.13146	0.00920	0.04256	0.01612	0.02159	0.01562	0.02234	0.01445	0.15339	0.01215	0.00260	0.00738	0.00597	0.06042	0.33466
9	0.13976	0.01252	0.01752	0.01864	0.13610	0.01266	0.07067	0.01899	0.05464	0.02445	0.08691	0.06141	0.04802	0.09709	0.06276	0.00362	0.00784	0.05454	0.00515	0.06674
10	0.01527	0.01315	0.02042	0.33625	0.08897	0.01511	0.04242	0.09007	0.01686	0.02248	0.03878	0.07105	0.03629	0.01416	0.06070	0.05943	0.03763	0.00824	0.00435	0.00837
11	0.01897	0.02014	0.02802	0.05566	0.23828	0.13873	0.16949	0.02314	0.01735	0.02284	0.01356	0.01724	0.01100	0.00649	0.00714	0.00198	0.00977	0.00628	0.00387	0.19004
12	0.01025	0.00700	0.00843	0.00908	0.00929	0.00686	0.00561	0.01083	0.01221	0.01625	0.02996	0.28162	0.03510	0.46816	0.02711	0.00563	0.00621	0.03991	0.00540	0.00511
13	0.01460	0.00803	0.01038	0.00984	0.01148	0.00743	0.00695	0.01570	0.01564	0.13978	0.16775	0.16139	0.08501	0.17441	0.01804	0.12279	0.00541	0.01222	0.00649	0.00666
14	0.01085	0.00834	0.01073	0.06138	0.01452	0.00799	0.00819	0.01379	0.03548	0.02242	0.20500	0.25176	0.12098	0.08023	0.01124	0.00298	0.00500	0.05845	0.00658	0.06407
15	0.01053	0.00786	0.01011	0.01135	0.01303	0.00744	0.00926	0.01312	0.01649	0.02100	0.04941	0.20577	0.22048	0.02057	0.00970	0.00309	0.00551	0.35189	0.00686	0.00653
16	0.42594	0.01537	0.01458	0.01203	0.01693	0.01696	0.00988	0.20185	0.02012	0.12299	0.01587	0.01650	0.01144	0.00787	0.00579	0.00224	0.00632	0.00541	0.06207	0.00982
17	0.01308	0.00863	0.01029	0.01018	0.01144	0.00860	0.00700	0.08031	0.01608	0.04833	0.08034	0.27449	0.03592	0.27840	0.01915	0.00431	0.00580	0.03319	0.04790	0.00657
18	0.00954	0.00678	0.00836	0.00942	0.00991	0.00640	0.00607	0.01050	0.01345	0.01770	0.03885	0.47076	0.10099	0.23483	0.01779	0.00421	0.00511	0.01756	0.00618	0.00560
19	0.01985	0.74357	0.03890	0.01270	0.01905	0.02937	0.01270	0.02223	0.01508	0.01747	0.01032	0.01191	0.00953	0.00635	0.00476	0.00159	0.00794	0.00397	0.00318	0.00953
20	0.12713	0.01339	0.01528	0.01286	0.01738	0.01347	0.01063	0.17654	0.02202	0.24741	0.03261	0.03773	0.12262	0.01202	0.00770	0.00248	0.00636	0.10478	0.00744	0.01015
21	0.01252	0.00859	0.00997	0.00975	0.01123	0.00855	0.00690	0.08167	0.01707	0.02376	0.14215	0.18914	0.08480	0.21736	0.01645	0.00380	0.00534	0.03842	0.10590	0.00663
22	0.14918	0.01835	0.01904	0.01507	0.02043	0.02033	0.01236	0.45939	0.07615	0.06812	0.01831	0.01843	0.01318	0.00867	0.00686	0.00224	0.00729	0.00642	0.04865	0.01152
23	0.21226	0.01506	0.01528	0.01310	0.01733	0.01683	0.01045	0.18320	0.22379	0.03519	0.15430	0.02695	0.02607	0.01002	0.00702	0.00236	0.00593	0.00789	0.00691	0.01009
24	0.13252	0.00945	0.01030	0.00947	0.01261	0.00884	0.00741	0.01744	0.01759	0.13974	0.15601	0.07679	0.32141	0.01497	0.00799	0.00246	0.00459	0.03550	0.00714	0.00776
25	0.00940	0.00704	0.00882	0.01009	0.01125	0.00646	0.00731	0.01116	0.01534	0.01972	0.04959	0.46692	0.21458	0.02170	0.00941	0.00294	0.00453	0.11065	0.00688	0.00621
26	0.02401	0.01574	0.01808	0.01506	0.01978	0.01694	0.01227	0.26263	0.19659	0.17721	0.02561	0.02882	0.01964	0.01371	0.05851	0.00313	0.00790	0.06541	0.00753	0.01144
27	0.01720	0.01112	0.01223	0.01154	0.01409	0.05935	0.00863	0.02054	0.06595	0.17778	0.07204	0.21198	0.11412	0.10871	0.01223	0.00320	0.00599	0.05816	0.00701	0.00811
28	0.01031	0.00893	0.00892	0.00916	0.01109	0.04653	0.00667	0.01217	0.01666	0.02038	0.11776	0.19376	0.40632	0.06142	0.01056	0.00287	0.00471	0.03875	0.00669	0.00634
29	0.67584	0.01409	0.01187	0.01029	0.01506	0.01578	0.00848	0.02401	0.01395	0.13472	0.01323	0.01408	0.00962	0.00724	0.00503	0.00230	0.00583	0.00455	0.00530	0.00874
30	0.13608	0.01539	0.01690	0.01391	0.01851	0.01632	0.01116	0.31870	0.02485	0.16677	0.02361	0.16210	0.02040	0.01155	0.00743	0.00241	0.00668	0.00934	0.00725	0.01064
31	0.01790	0.01186	0.01393	0.01229	0.01579	0.01227	0.00957	0.02816	0.28266	0.15588	0.27680	0.03940	0.06751	0.01217	0.00804	0.00241	0.00499	0.01039	0.00806	0.00992
32	0.01569	0.01744	0.07082	0.15906	0.02603	0.07377	0.01666	0.01869	0.01325	0.01842	0.01250	0.01880	0.01118	0.01799	0.13034	0.00434	0.35691	0.00654	0.00342	0.00815
33	0.01846	0.01595	0.01679	0.01511	0.01930	0.01846	0.01175	0.03945	0.67938	0.03105	0.03022	0.02770	0.02266	0.01007	0.00755	0.00252	0.00588	0.00839	0.00755	0.01175
34	0.02376	0.01805	0.01949	0.01567	0.02104	0.01973	0.01266	0.35954	0.26307	0.06432	0.02228	0.02142	0.01629	0.00903	0.00730	0.00223	0.00703	0.00712	0.00726	0.08272
35	0.79154	0.01436	0.01091	0.00976	0.01436	0.01665	0.00804	0.02182	0.01263	0.03331	0.01034	0.01206	0.00804	0.00689	0.00459	0.00230	0.00574	0.00402	0.00459	0.00804
36	0.01787	0.01631	0.01461	0.01310	0.01651	0.15147	0.00995	0.08152	0.13686	0.05360	0.10480	0.11564	0.12919	0.03874	0.00885	0.00246	0.00686	0.01042	0.00642	0.06482
37	0.01400	0.01045	0.01232	0.01224	0.01494	0.01075	0.00981	0.02196	0.20745	0.06099	0.09147	0.11196	0.16792	0.01639	0.00886	0.00280	0.00547	0.20455	0.00728	0.00839
38	0.01430	0.01497	0.03041	0.02316	0.02814	0.01397	0.41644	0.01872	0.01647	0.02203	0.02730	0.24232	0.07191	0.01237	0.00898	0.00266	0.00937	0.01304	0.00494	0.00852
39	0.01406	0.01024	0.01240	0.01089	0.01348	0.01022	0.00843	0.14515	0.02380	0.03318	0.55433	0.04791	0.05853	0.01392	0.00849	0.00231	0.00444	0.01207	0.00802	0.00813
40	0.01021	0.00747	0.00918	0.00954	0.01088	0.00698	0.00697	0.01233	0.01649	0.02190	0.23164	0.16500	0.18052	0.16312	0.01492	0.00362	0.00493	0.11135	0.00677	0.00618
41	0.00921	0.00668	0.00870	0.01001	0.01076	0.00617	0.00682	0.01083	0.01528	0.02042	0.12666	0.59930	0.09791	0.02190	0.00933	0.00289	0.00416	0.01973	0.00706	0.00617
42	0.32941	0.01581	0.01852	0.01520	0.02011	0.01712	0.09171	0.19910	0.02042	0.06099	0.01843	0.02676	0.01573	0.00966	0.00692	0.00248	0.00745	0.10882	0.00582	0.00953
43	0.01752	0.02003	0.04380	0.03129	0.03880	0.01877	0.66583	0.02378	0.01752	0.02378	0.01502	0.02003	0.01126	0.00626	0.00876	0.00250	0.01252	0.00876	0.00375	0.01001
44	0.01277	0.00977	0.01127	0.01103	0.01331	0.00977	0.00838	0.09533	0.07913	0.02523	0.12089	0.22799	0.21054	0.04692	0.01002	0.00287	0.00509	0.08506	0.00706	0.00757
45	0.15238	0.01492	0.01505	0.01234	0.01665	0.01629	0.01001	0.33138	0.02449	0.03730	0.02245	0.02343	0.06236	0.00921	0.00643	0.00212	0.00614	0.00694	0.22031	0.00981
46	0.01080	0.00883	0.00969	0.00925	0.01178	0.00836	0.00700	0.01611	0.11930	0.02480	0.26209	0.05972	0.39232	0.01632	0.00858	0.00245	0.00400	0.01385	0.00740	0.00734
47	0.01479	0.01250	0.01472	0.01079	0.01679	0.00954	0.00858	0.01811	0.01609	0.02488	0.09666	0.02034	0.01829	0.00669	0.00590	0.00125	0.00525	0.00551	0.00486	0.68845
48	0.00956	0.00724	0.00855	0.00913	0.01054	0.00657	0.00651	0.01134	0.01586	0.02040	0.13292	0.27034	0.28708	0.10881	0.01268	0.00329	0.00454	0.06180	0.00675	0.00611
49	0.02146	0.02007	0.01810	0.01596	0.02022	0.15691	0.01253	0.15076	0.37278	0.03054	0.02607	0.02739	0.03998	0.01021	0.00754	0.00239	0.00779	0.04173	0.00672	0.01085
50	0.01028	0.00763	0.00985	0.01118	0.01265	0.00720	0.00886	0.01265	0.01610	0.02065	0.04796	0.29559	0.19116	0.02103	0.00966	0.00308	0.00531	0.29587	0.00687	0.00644
51	0.00994	0.00760	0.00901	0.00927	0.01078	0.00717	0.00658	0.01257	0.04276	0.02112	0.16850	0.22946	0.25328	0.11139	0.06297	0.00387	0.00553	0.01518	0.00665	0.00637
52	0.01943	0.01193	0.01425	0.01278	0.01585	0.01221	0.00990	0.14369	0.09233	0.16327	0.02926	0.14056	0.02766	0.15935	0.01426	0.00357	0.00658	0.10701	0.00704	0.00906
53	0.01635	0.01039	0.01109	0.01018	0.01276	0.01099	0.00779	0.14570	0.07970	0.03040	0.02606	0.13357	0.02269	0.01106	0.00650	0.00210	0.00473	0.00917	0.44045	0.00834
54	0.01557	0.01304	0.01841	0.06067	0.24742	0.01346	0.01331	0.09019	0.04374	0.02312	0.02554	0.03452	0.10064	0.22401	0.04165	0.00408	0.00798	0.00908	0.00488	0.00869
55	0.01160	0.00871	0.01013	0.01004	0.01197	0.00835	0.00743	0.08046	0.01828	0.02388	0.15808	0.22722	0.24402	0.08505	0.01160	0.00308	0.00486	0.06143	0.00694	0.00688
56	0.01017	0.00751	0.00844	0.00887	0.01058	0.00687	0.00662	0.01210	0.01557	0.02008	0.05263	0.11708	0.35031	0.14228	0.01375	0.00344	0.00491	0.12568	0.07702	0.00611
57	0.01014	0.00702	0.00934	0.06123	0.01336	0.00692	0.00762	0.01202	0.01447	0.02028	0.03636	0.57478	0.04168	0.01988	0.00867	0.00278	0.00458	0.01789	0.12465	0.00633
58	0.23476	0.01585	0.02117	0.23699	0.20573	0.01783	0.01668	0.11956	0.01782	0.02860	0.01330	0.01696	0.01028	0.00729	0.00661	0.00232	0.00819	0.00589	0.00439	0.00978
59	0.01565	0.12487	0.02477	0.13445	0.29285	0.01661	0.01676	0.01940	0.01569	0.02150	0.07604	0.02315	0.01781	0.01732	0.14792	0.00411	0.01058	0.00710	0.00401	0.00942
60	0.01634	0.01474	0.02476	0.39929	0.30440	0.01639	0.02062	0.02094	0.01613	0.04657	0.03904	0.02075	0.01317	0.00745	0.00744	0.00235	0.00910	0.00689	0.00385	0.00976
61	0.01066	0.00774	0.01087	0.01087	0.01183	0.00870	0.00796	0.01258	0.01162	0.01645	0.02085	0.03453	0.02089	0.24438	0.52416	0.01062	0.01638	0.00874	0.00412	0.00604
62	0.01795	0.01769	0.02260	0.01925	0.02000	0.05972	0.01595	0.07780	0.01404	0.02052	0.01057	0.01623	0.01000	0.01233	0.02187	0.00308	0.62175	0.00642	0.00366	0.00856
63	0.01587	0.01243	0.04387	0.04358	0.13880	0.01197	0.01230	0.04735	0.01598	0.09638	0.04773	0.16894	0.07917	0.09620	0.01446	0.06083	0.06948	0.01092	0.00549	0.00824
64	0.01475	0.01059	0.01156	0.01122	0.01287	0.07205	0.00810	0.01637	0.01440	0.10118	0.02819	0.14186	0.06182	0.23781	0.19191	0.00627	0.01019	0.03657	0.00546	0.00683
65	0.01922	0.02206	0.03343	0.02560	0.03030	0.15832	0.35605	0.02332	0.01653	0.02102	0.01285	0.01765	0.01050	0.00839	0.01265	0.00259	0.20933	0.00734	0.00363	0.00921
66	0.01074	0.00836	0.01211	0.01194	0.01330	0.00973	0.00932	0.01327	0.01236	0.01752	0.02438	0.03233	0.07931	0.05002	0.60886	0.01060	0.05639	0.00858	0.00420	0.00668
67	0.01170	0.00787	0.00950	0.00978	0.01166	0.00716	0.00706	0.01435	0.04432	0.08273	0.10895	0.35926	0.25941	0.01922	0.00891	0.00270	0.00430	0.01683	0.00724	0.00704
68	0.64529	0.01559	0.01309	0.01116	0.01602	0.01787	0.00920	0.14564	0.01690	0.03589	0.01177	0.01316	0.00892	0.00728	0.00514	0.00228	0.00621	0.00453	0.00514	0.00892
69	0.03118	0.01456	0.01824	0.01414	0.01982	0.01395	0.01163	0.16673	0.07166	0.51542	0.02699	0.02391	0.01750	0.00920	0.00746	0.00230	0.00667	0.00737	0.00871	0.01257
70	0.01622	0.00998	0.01184	0.01078	0.01298	0.00992	0.00777	0.10224	0.04206	0.11974	0.11349	0.17334	0.05548	0.23368	0.01715	0.00391	0.00588	0.01204	0.03376	0.00774
71	0.00933	0.00739	0.00820	0.00827	0.01019	0.00647	0.00599	0.01135	0.01702	0.02158	0.19850	0.14215	0.43413	0.07279	0.01104	0.00288	0.00403	0.01544	0.00699	0.00626
72	0.00942	0.00768	0.00842	0.00862	0.01094	0.00668	0.00673	0.01168	0.01732	0.02127	0.12570	0.07186	0.53452	0.01873	0.00900	0.00263	0.00421	0.11116	0.00700	0.00642
73	0.01010	0.00782	0.00929	0.00953	0.01126	0.00731	0.00690	0.01369	0.06525	0.02354	0.25317	0.27232	0.24555	0.01844	0.00890	0.00261	0.00400	0.01615	0.00734	0.00682
74	0.04148	0.00813	0.00968	0.01013	0.01161	0.00791	0.00722	0.01447	0.05775	0.04769	0.09879	0.32651	0.13320	0.13070	0.01337	0.00347	0.00502	0.05953	0.00668	0.00667
75	0.34298	0.01282	0.01207	0.01078	0.01405	0.01429	0.00811	0.06859	0.12188	0.05387	0.01882	0.02669	0.01694	0.23172	0.01555	0.00383	0.00641	0.00713	0.00543	0.00807
76	0.01337	0.00833	0.01019	0.00929	0.01191	0.00734	0.00712	0.01620	0.01960	0.12803	0.37181	0.05651	0.28101	0.01555	0.00857	0.00239	0.00402	0.01331	0.00788	0.00760
77	0.01717	0.00968	0.01180	0.01066	0.01340	0.00909	0.00799	0.07741	0.01881	0.18660	0.12337	0.19450	0.14539	0.09532	0.01155	0.00301	0.00523	0.01289	0.03787	0.00826
78	0.01101	0.00757	0.00902	0.00914	0.01102	0.00670	0.00661	0.01302	0.01695	0.07011	0.17285	0.26617	0.30892	0.04395	0.00990	0.00278	0.00418	0.01615	0.00721	0.00673
79	0.01511	0.01247	0.01773	0.02155	0.22139	0.01255	0.01282	0.07819	0.06863	0.02973	0.37350	0.03867	0.04354	0.01162	0.00812	0.00230	0.00573	0.01036	0.00668	0.00932
80	0.01644	0.02561	0.30256	0.02931	0.27308	0.01638	0.06905	0.02253	0.01622	0.02391	0.01366	0.01694	0.01065	0.00660	0.00705	0.00212	0.00946	0.00597	0.00357	0.12891
81	0.01404	0.01054	0.01199	0.01137	0.01364	0.01083	0.00841	0.14866	0.06664	0.02554	0.05787	0.26047	0.15605	0.11359	0.03367	0.00353	0.00602	0.03274	0.00668	0.00772
82	0.04810	0.01190	0.01335	0.01179	0.01535	0.01186	0.00899	0.08028	0.16619	0.05431	0.09804	0.16994	0.08802	0.04110	0.00883	0.00248	0.00535	0.01105	0.00668	0.14638
83	0.05586	0.07781	0.03794	0.01197	0.01447	0.09217	0.00931	0.04003	0.04439	0.02212	0.10515	0.31364	0.06102	0.06809	0.01017	0.00285	0.00629	0.01333	0.00597	0.00741
84	0.01674	0.01383	0.01851	0.12196	0.02375	0.01405	0.07116	0.19365	0.02085	0.02796	0.02900	0.15319	0.12163	0.01197	0.00782	0.00230	0.00706	0.01044	0.00582	0.12832

[dist]
# distance from previous block
# <min> <max>
3	12

[block]
# block no. 2 follows, 27 sequences, length 25
# corresponding to MSA columns:
# 652-676
name=unknown_C
#
# <colnr> <probs for GDERKNQSTAVLIFYWHMCP>
#	G	D	E	R	K	N	Q	S	T	A	V	L	I	F	Y	W	H	M	C	P
0	0.18285	0.02095	0.12383	0.01831	0.08608	0.06310	0.01495	0.16243	0.14227	0.03116	0.01721	0.01872	0.01318	0.01161	0.05938	0.00302	0.00895	0.00622	0.00533	0.01045
1	0.13629	0.22746	0.08334	0.06401	0.02333	0.08388	0.01443	0.23240	0.02172	0.03001	0.01332	0.01485	0.01033	0.00751	0.00615	0.00206	0.00857	0.00524	0.00483	0.01027
2	0.10928	0.13114	0.02241	0.01722	0.02148	0.54024	0.01343	0.02777	0.01930	0.01971	0.01119	0.01304	0.00939	0.00739	0.00620	0.00191	0.01181	0.00459	0.00382	0.00867
3	0.01788	0.06644	0.02244	0.18815	0.07793	0.06712	0.05734	0.14300	0.01977	0.02558	0.06278	0.05515	0.06057	0.01147	0.02804	0.00266	0.04961	0.02991	0.00500	0.00918
4	0.00998	0.00755	0.00865	0.00872	0.01024	0.00677	0.00593	0.01144	0.01486	0.01937	0.10498	0.21267	0.25712	0.22006	0.01684	0.00383	0.00493	0.01464	0.00618	0.05524
5	0.01081	0.00862	0.00962	0.00946	0.01104	0.03384	0.00686	0.01287	0.01606	0.02097	0.21539	0.05415	0.22479	0.18654	0.11682	0.00491	0.00730	0.03758	0.00615	0.00623
6	0.01581	0.01216	0.01191	0.01089	0.01215	0.08898	0.00731	0.06058	0.01441	0.06661	0.02142	0.03922	0.02257	0.51788	0.02932	0.00571	0.04250	0.00938	0.00490	0.00629
7	0.02568	0.03237	0.01958	0.01787	0.02155	0.63324	0.01340	0.02759	0.02059	0.01837	0.01837	0.01967	0.08316	0.00886	0.00692	0.00198	0.01235	0.00596	0.00416	0.00835
8	0.00967	0.00713	0.00913	0.01013	0.01133	0.00659	0.00739	0.01176	0.01633	0.02161	0.16816	0.40761	0.15969	0.02062	0.00933	0.00286	0.00441	0.10278	0.00712	0.00636
9	0.00938	0.00701	0.00872	0.00943	0.01069	0.00635	0.00664	0.01140	0.01666	0.02211	0.22293	0.40056	0.20089	0.02007	0.00912	0.00272	0.00397	0.01780	0.00724	0.00635
10	0.01044	0.00743	0.00996	0.01041	0.01113	0.00787	0.00734	0.01196	0.01234	0.01693	0.02657	0.18162	0.02915	0.27974	0.29458	0.00797	0.01158	0.05226	0.00493	0.00579
11	0.00950	0.00720	0.00884	0.00970	0.01113	0.00654	0.00711	0.01154	0.01634	0.02114	0.13828	0.35159	0.25771	0.02041	0.00925	0.00281	0.00433	0.09319	0.00706	0.00633
12	0.05304	0.01000	0.01167	0.01099	0.01365	0.00974	0.00821	0.08592	0.04552	0.13074	0.06243	0.30239	0.16785	0.04084	0.00940	0.00278	0.00512	0.01437	0.00719	0.00813
13	0.02977	0.01830	0.02074	0.01590	0.02178	0.01932	0.01313	0.47514	0.03074	0.24557	0.02132	0.02010	0.01438	0.00900	0.00744	0.00225	0.00760	0.00692	0.00796	0.01263
14	0.01580	0.01246	0.01130	0.01071	0.01302	0.10578	0.00802	0.09074	0.01894	0.02660	0.10007	0.16532	0.07088	0.01268	0.00708	0.00217	0.00555	0.01057	0.30471	0.00760
15	0.00957	0.00737	0.00882	0.00936	0.01106	0.00662	0.00699	0.01181	0.01707	0.02203	0.18953	0.24511	0.31646	0.01943	0.00913	0.00271	0.00421	0.08913	0.00715	0.00642
16	0.01490	0.01277	0.01480	0.01074	0.01703	0.00962	0.00856	0.01809	0.01551	0.02388	0.01784	0.01960	0.06187	0.00649	0.00574	0.00121	0.00537	0.00524	0.00459	0.72616
17	0.02263	0.28864	0.02428	0.01293	0.01792	0.01835	0.01127	0.06679	0.06059	0.23248	0.04578	0.10668	0.02111	0.01038	0.00682	0.00216	0.00670	0.02794	0.00632	0.01025
18	0.02773	0.01784	0.01990	0.01557	0.02110	0.01910	0.01276	0.42913	0.10072	0.19276	0.02204	0.02100	0.01529	0.00909	0.00736	0.00225	0.00730	0.00706	0.03971	0.01230
19	0.01261	0.00798	0.00928	0.00882	0.01073	0.00720	0.00621	0.01424	0.01603	0.10159	0.14048	0.09884	0.28028	0.23291	0.01734	0.00389	0.00509	0.01324	0.00664	0.00660
20	0.02950	0.01874	0.02101	0.01611	0.02200	0.01998	0.01331	0.50921	0.03147	0.21047	0.02071	0.01969	0.01407	0.00898	0.00744	0.00225	0.00770	0.00688	0.00787	0.01263
21	0.02399	0.02111	0.01811	0.01552	0.01962	0.22358	0.01232	0.26599	0.02463	0.06322	0.01910	0.02388	0.01551	0.01235	0.05174	0.00277	0.00963	0.05395	0.11316	0.00982
22	0.01779	0.00913	0.01216	0.01127	0.01407	0.00837	0.00899	0.02084	0.01919	0.22950	0.24499	0.12307	0.04308	0.01477	0.00846	0.00256	0.00508	0.13218	0.06596	0.00857
23	0.01164	0.00895	0.01144	0.01160	0.01313	0.00975	0.00852	0.01724	0.14059	0.02098	0.07101	0.24570	0.03250	0.08595	0.26831	0.00647	0.01049	0.01258	0.00585	0.00729
24	0.01608	0.01529	0.02598	0.40218	0.35414	0.01703	0.02164	0.02077	0.01582	0.02146	0.01356	0.01912	0.01078	0.00704	0.00739	0.00235	0.00939	0.00661	0.00348	0.00991

[dist]
# distance from previous block
# <min> <max>
0	11

[block]
# block no. 3 follows, 27 sequences, length 7
# corresponding to MSA columns:
# 688-694
name=unknown_D
#
# <colnr> <probs for GDERKNQSTAVLIFYWHMCP>
#	G	D	E	R	K	N	Q	S	T	A	V	L	I	F	Y	W	H	M	C	P
0	0.01908	0.18657	0.39899	0.01838	0.02717	0.02121	0.02113	0.17406	0.02005	0.02765	0.01373	0.01536	0.01018	0.00734	0.00665	0.00216	0.00966	0.00544	0.00415	0.01105
1	0.19437	0.01258	0.06053	0.04434	0.08682	0.01148	0.01111	0.01686	0.01595	0.02539	0.14803	0.10383	0.11321	0.04861	0.00910	0.00275	0.00601	0.07557	0.00571	0.00775
2	0.02036	0.01507	0.02430	0.01852	0.02376	0.01462	0.21942	0.11517	0.07131	0.16592	0.14871	0.03181	0.07601	0.01012	0.00822	0.00239	0.00781	0.00956	0.00672	0.01021
3	0.01071	0.00754	0.00983	0.00983	0.01042	0.00814	0.00665	0.01191	0.01131	0.01567	0.02181	0.03983	0.02319	0.43097	0.34072	0.00933	0.01292	0.00951	0.00426	0.00546
4	0.01604	0.01405	0.01976	0.25469	0.13789	0.01583	0.01597	0.06851	0.18206	0.02500	0.02483	0.08188	0.05567	0.01061	0.00783	0.00252	0.00767	0.04419	0.00537	0.00964
5	0.16567	0.02131	0.13486	0.08248	0.14465	0.01934	0.01731	0.26845	0.02259	0.03396	0.01458	0.01666	0.01084	0.00769	0.00682	0.00228	0.00845	0.00597	0.00515	0.01096
6	0.01372	0.05099	0.14482	0.07067	0.09174	0.01412	0.01525	0.01916	0.06512	0.02195	0.09725	0.07525	0.02302	0.02256	0.19487	0.00496	0.05267	0.00857	0.00462	0.00871

[dist]
# distance from previous block
# <min> <max>
0	1

[block]
# block no. 4 follows, 27 sequences, length 23
# corresponding to MSA columns:
# 696-718
name=unknown_E
#
# <colnr> <probs for GDERKNQSTAVLIFYWHMCP>
#	G	D	E	R	K	N	Q	S	T	A	V	L	I	F	Y	W	H	M	C	P
0	0.02020	0.02023	0.09215	0.02119	0.14302	0.08223	0.03912	0.21636	0.02140	0.02865	0.01646	0.02257	0.01417	0.13732	0.01255	0.00298	0.00879	0.00694	0.00499	0.08867
1	0.01055	0.00760	0.00938	0.01023	0.01133	0.00730	0.00761	0.01225	0.01458	0.01879	0.04095	0.17277	0.15619	0.25238	0.01874	0.00441	0.00599	0.22701	0.00610	0.00585
2	0.08471	0.11626	0.02301	0.01768	0.02065	0.34675	0.01424	0.02428	0.01649	0.01921	0.01068	0.01402	0.00949	0.00915	0.01198	0.00233	0.24175	0.00517	0.00362	0.00852
3	0.01191	0.01315	0.11883	0.01147	0.01503	0.00939	0.01037	0.01695	0.07498	0.04570	0.24095	0.14870	0.22307	0.01544	0.00845	0.00250	0.00516	0.01328	0.00682	0.00787
4	0.01462	0.01420	0.01305	0.01247	0.01450	0.15699	0.00934	0.04065	0.01827	0.02276	0.21592	0.18067	0.11351	0.01941	0.08031	0.00342	0.04423	0.01226	0.00614	0.00729
5	0.08791	0.01264	0.01898	0.12271	0.23729	0.01390	0.01462	0.01773	0.01381	0.02083	0.01629	0.02537	0.01516	0.13777	0.18021	0.00542	0.03974	0.00736	0.00390	0.00836
6	0.00984	0.00720	0.01013	0.01090	0.01184	0.00748	0.00790	0.01193	0.01395	0.01933	0.09787	0.37114	0.03848	0.03597	0.30163	0.00667	0.01073	0.01484	0.00580	0.00638
7	0.02046	0.02289	0.03749	0.02764	0.03432	0.14464	0.48138	0.09020	0.01992	0.02509	0.01466	0.01860	0.01109	0.00678	0.00825	0.00237	0.01223	0.00783	0.00414	0.01002
8	0.01720	0.00881	0.01096	0.00973	0.01161	0.00823	0.00667	0.01849	0.01516	0.21214	0.11454	0.04283	0.03031	0.43283	0.02520	0.00514	0.00645	0.01020	0.00633	0.00716
9	0.01607	0.01174	0.01263	0.01144	0.01360	0.04642	0.00850	0.14817	0.04205	0.02524	0.08746	0.03604	0.04559	0.17934	0.05549	0.11479	0.00736	0.04227	0.08855	0.00724
10	0.06491	0.01085	0.01299	0.01127	0.01449	0.01079	0.00882	0.07946	0.08422	0.14589	0.41149	0.04160	0.04773	0.01259	0.00805	0.00233	0.00477	0.01074	0.00800	0.00899
11	0.02241	0.01132	0.01405	0.01178	0.01537	0.01072	0.00910	0.10651	0.01986	0.31181	0.07284	0.07527	0.07574	0.17054	0.01446	0.00345	0.00628	0.03154	0.00750	0.00947
12	0.01378	0.00827	0.01060	0.01071	0.01209	0.00807	0.00763	0.04067	0.03877	0.08793	0.05721	0.32226	0.03473	0.11227	0.01554	0.11986	0.00550	0.05262	0.03483	0.00666
13	0.01268	0.00831	0.00987	0.00983	0.01095	0.00854	0.00663	0.01592	0.08413	0.05329	0.02764	0.17789	0.02889	0.34279	0.09243	0.00558	0.00737	0.01177	0.07906	0.00644
14	0.01738	0.01897	0.03750	0.02766	0.03352	0.01945	0.48852	0.02422	0.07920	0.02342	0.01552	0.02008	0.01208	0.00781	0.01142	0.00264	0.13842	0.00832	0.00403	0.00984
15	0.01012	0.00726	0.00830	0.00837	0.00927	0.00684	0.00538	0.01123	0.01414	0.01855	0.14194	0.11995	0.18839	0.39129	0.02385	0.00495	0.00555	0.01331	0.00586	0.00545
16	0.05313	0.00887	0.01209	0.01099	0.01279	0.00847	0.07275	0.01303	0.01472	0.02032	0.12367	0.16943	0.16209	0.26356	0.01859	0.00417	0.00599	0.01332	0.00580	0.00619
17	0.01115	0.00886	0.01023	0.01023	0.01218	0.00895	0.00747	0.01645	0.13590	0.02182	0.10251	0.19014	0.24098	0.08719	0.09764	0.00418	0.00653	0.01387	0.00655	0.00716
18	0.36598	0.01821	0.01493	0.01287	0.01718	0.13907	0.01012	0.11585	0.04467	0.09806	0.01556	0.01854	0.01239	0.07711	0.00893	0.00269	0.00764	0.00570	0.00543	0.00907
19	0.01073	0.00697	0.00791	0.00839	0.00920	0.00670	0.00546	0.01208	0.01355	0.01929	0.03484	0.23783	0.11303	0.29003	0.01914	0.00425	0.00515	0.01341	0.17637	0.00568
20	0.01038	0.00770	0.00956	0.00984	0.01126	0.00689	0.00669	0.01192	0.01437	0.01972	0.08305	0.42820	0.06670	0.15045	0.01398	0.00343	0.00493	0.01602	0.00619	0.11873
21	0.01158	0.00987	0.01060	0.01118	0.01249	0.07359	0.00814	0.01361	0.01593	0.02052	0.14073	0.32795	0.08901	0.06278	0.09690	0.00413	0.00730	0.07087	0.00631	0.00651
22	0.01252	0.00875	0.01052	0.01069	0.01209	0.00887	0.00740	0.01732	0.13253	0.05558	0.10357	0.33580	0.03979	0.19105	0.01575	0.00382	0.00529	0.01486	0.00669	0.00712

[dist]
# distance from previous block
# <min> <max>
6	10

[block]
# block no. 5 follows, 27 sequences, length 28
# corresponding to MSA columns:
# 729-756
name=unknown_F
#
# <colnr> <probs for GDERKNQSTAVLIFYWHMCP>
#	G	D	E	R	K	N	Q	S	T	A	V	L	I	F	Y	W	H	M	C	P
0	0.04785	0.00955	0.01116	0.01139	0.01299	0.00999	0.00808	0.06960	0.11981	0.02300	0.03256	0.42618	0.03574	0.07640	0.01243	0.05897	0.00532	0.01528	0.00648	0.00724
1	0.42068	0.01636	0.01966	0.07759	0.18447	0.04324	0.06382	0.02301	0.04244	0.02856	0.01268	0.01553	0.01001	0.00698	0.00601	0.00230	0.00764	0.00543	0.00430	0.00929
2	0.11731	0.01622	0.06155	0.01646	0.06345	0.01366	0.07626	0.07333	0.01754	0.09084	0.01601	0.01951	0.01270	0.00714	0.00645	0.00183	0.00711	0.03118	0.00503	0.34638
3	0.04141	0.12941	0.06781	0.01682	0.02172	0.01539	0.18446	0.01965	0.01677	0.07048	0.10543	0.05656	0.13720	0.04338	0.00977	0.00257	0.03758	0.00970	0.00522	0.00866
4	0.06613	0.01401	0.01851	0.09355	0.16944	0.05918	0.01403	0.04108	0.01604	0.08593	0.02108	0.16468	0.02023	0.01800	0.11012	0.00387	0.06066	0.00953	0.00501	0.00891
5	0.22835	0.04089	0.01168	0.01023	0.01321	0.01133	0.00824	0.04506	0.01729	0.02738	0.19294	0.09133	0.16388	0.01418	0.00762	0.00251	0.00507	0.09498	0.00642	0.00742
6	0.01410	0.13620	0.11496	0.01245	0.01786	0.01351	0.01176	0.01772	0.01508	0.02130	0.05018	0.02583	0.09222	0.01819	0.15193	0.00382	0.00938	0.00689	0.00438	0.26223
7	0.01005	0.00708	0.00866	0.00935	0.00997	0.00677	0.00618	0.01121	0.01384	0.01837	0.09295	0.30223	0.09334	0.30971	0.02079	0.00462	0.00552	0.05775	0.00604	0.00557
8	0.09865	0.07729	0.08163	0.08249	0.02401	0.12284	0.01433	0.18221	0.08552	0.10824	0.01744	0.01897	0.01305	0.03224	0.00782	0.00237	0.00864	0.00620	0.00562	0.01042
9	0.11453	0.09511	0.26939	0.02146	0.09941	0.05085	0.06510	0.14991	0.01953	0.02857	0.01366	0.01580	0.01028	0.00725	0.00674	0.00222	0.00947	0.00572	0.00429	0.01071
10	0.01082	0.00832	0.00975	0.01006	0.01195	0.00793	0.00746	0.06568	0.01706	0.02180	0.05144	0.31250	0.30596	0.02238	0.05909	0.00340	0.00567	0.05522	0.00673	0.00677
11	0.14007	0.01120	0.01288	0.01088	0.01461	0.01068	0.00836	0.04263	0.01490	0.08070	0.04088	0.05438	0.01800	0.09863	0.12500	0.05363	0.00817	0.00713	0.00506	0.24221
12	0.02130	0.09605	0.02237	0.01933	0.09773	0.07407	0.01431	0.11831	0.15098	0.09602	0.02048	0.02563	0.01694	0.01027	0.01003	0.00247	0.12062	0.06691	0.00574	0.01044
13	0.01923	0.13126	0.01992	0.05901	0.01989	0.12780	0.01182	0.19314	0.02106	0.02610	0.02340	0.26661	0.02422	0.01322	0.00761	0.00237	0.00773	0.01098	0.00573	0.00891
14	0.00970	0.00695	0.00862	0.00946	0.01057	0.00655	0.00661	0.01152	0.01507	0.02041	0.09724	0.40383	0.16974	0.05555	0.06790	0.00368	0.00548	0.01673	0.06818	0.00621
15	0.04868	0.01358	0.03858	0.06721	0.08837	0.05498	0.01137	0.09954	0.01844	0.02523	0.17678	0.07781	0.05733	0.09503	0.01338	0.08368	0.00687	0.00970	0.00559	0.00783
16	0.02360	0.24601	0.02710	0.01642	0.02140	0.22346	0.06161	0.12584	0.02006	0.07093	0.01379	0.01584	0.01111	0.00917	0.00854	0.07605	0.00966	0.00548	0.00451	0.00940
17	0.73737	0.01423	0.01136	0.01001	0.01468	0.01624	0.00824	0.02285	0.01325	0.08079	0.01169	0.01300	0.00878	0.00706	0.00480	0.00230	0.00578	0.00427	0.00492	0.00837
18	0.06242	0.00904	0.01075	0.01059	0.01216	0.00935	0.00746	0.03765	0.06581	0.06638	0.05578	0.24566	0.03177	0.23256	0.10437	0.00516	0.00754	0.01267	0.00596	0.00693
19	0.02063	0.01952	0.02518	0.21204	0.21267	0.16349	0.07953	0.02461	0.01782	0.10060	0.01614	0.02125	0.01276	0.00787	0.00749	0.00230	0.01005	0.03177	0.00439	0.00990
20	0.01384	0.00692	0.00692	0.00692	0.00865	0.00692	0.00519	0.01730	0.01557	0.02768	0.02422	0.02768	0.01903	0.00865	0.00519	0.00173	0.00346	0.00692	0.78031	0.00692
21	0.00926	0.00689	0.00883	0.00989	0.01089	0.00646	0.00690	0.01097	0.01506	0.01988	0.09861	0.48958	0.16580	0.02484	0.07565	0.00371	0.00562	0.01823	0.00672	0.00621
22	0.01045	0.00716	0.00809	0.00826	0.00852	0.00700	0.00483	0.01074	0.01166	0.01533	0.02966	0.11559	0.08800	0.60724	0.03252	0.00638	0.00662	0.01221	0.00494	0.00480
23	0.14152	0.01020	0.01184	0.06283	0.04518	0.03624	0.00905	0.01468	0.01348	0.02057	0.02546	0.28505	0.02802	0.13602	0.12247	0.00484	0.00839	0.01227	0.00516	0.00673
24	0.55181	0.01422	0.01393	0.01522	0.11083	0.01604	0.01025	0.02206	0.05538	0.03007	0.01328	0.01672	0.01102	0.04739	0.04335	0.00305	0.00700	0.00522	0.00461	0.00855
25	0.01713	0.08152	0.02584	0.12491	0.12822	0.07038	0.14083	0.04850	0.08105	0.02457	0.12729	0.02720	0.05214	0.00908	0.00767	0.00229	0.00857	0.00833	0.00499	0.00948
26	0.02622	0.03124	0.02041	0.01833	0.02235	0.55163	0.01390	0.07079	0.13167	0.02209	0.01499	0.01605	0.01194	0.00813	0.00688	0.00203	0.01181	0.00550	0.00467	0.00938
27	0.01843	0.01458	0.01557	0.01366	0.01774	0.01601	0.01071	0.13873	0.38508	0.05876	0.03749	0.06167	0.15529	0.01209	0.00785	0.00248	0.00580	0.01001	0.00744	0.01062

[dist]
# distance from previous block
# <min> <max>
0	1

[block]
# block no. 6 follows, 27 sequences, length 7
# corresponding to MSA columns:
# 758-764
name=unknown_G
#
# <colnr> <probs for GDERKNQSTAVLIFYWHMCP>
#	G	D	E	R	K	N	Q	S	T	A	V	L	I	F	Y	W	H	M	C	P
0	0.01234	0.00982	0.01212	0.01181	0.04342	0.00942	0.00846	0.01837	0.12070	0.02820	0.43307	0.04761	0.11950	0.01352	0.00822	0.00226	0.00431	0.01177	0.00740	0.07767
1	0.01755	0.22875	0.27335	0.06106	0.02599	0.02045	0.01818	0.06160	0.11147	0.02399	0.01513	0.01669	0.01169	0.00728	0.00639	0.00205	0.00867	0.00552	0.00415	0.08004
2	0.10883	0.14622	0.02574	0.01932	0.05008	0.38453	0.08391	0.05906	0.01930	0.02202	0.01196	0.01414	0.00982	0.00723	0.00643	0.00199	0.01111	0.00516	0.00397	0.00918
3	0.01384	0.00692	0.00692	0.00692	0.00865	0.00692	0.00519	0.01730	0.01557	0.02768	0.02422	0.02768	0.01903	0.00865	0.00519	0.00173	0.00346	0.00692	0.78031	0.00692
4	0.64830	0.01556	0.01304	0.01114	0.01598	0.01785	0.00918	0.14308	0.01681	0.03584	0.01174	0.01314	0.00890	0.00727	0.00513	0.00228	0.00620	0.00452	0.00513	0.00890
5	0.13784	0.08165	0.08244	0.01358	0.01873	0.04180	0.04206	0.07104	0.01698	0.07752	0.04565	0.05294	0.01751	0.07546	0.02941	0.00278	0.00765	0.02380	0.00508	0.15610
6	0.16699	0.09237	0.11821	0.01407	0.01931	0.01706	0.01290	0.07664	0.18790	0.08570	0.02229	0.11701	0.01902	0.01027	0.00687	0.00238	0.00682	0.00820	0.00592	0.01006

[dist]
# distance from previous block
# <min> <max>
0	2

[block]
# block no. 7 follows, 27 sequences, length 68
# corresponding to MSA columns:
# 767-808,810-835
name=unknown_H
#
# <colnr> <probs for GDERKNQSTAVLIFYWHMCP>
#	G	D	E	R	K	N	Q	S	T	A	V	L	I	F	Y	W	H	M	C	P
0	0.18139	0.03975	0.04922	0.01392	0.04282	0.06663	0.01116	0.01866	0.04628	0.02389	0.02946	0.18320	0.06604	0.01479	0.00791	0.00271	0.00671	0.18197	0.00572	0.00777
1	0.05232	0.03889	0.06404	0.04739	0.02525	0.01498	0.23791	0.02167	0.05267	0.08417	0.06881	0.08620	0.05908	0.05914	0.01101	0.00283	0.04974	0.00972	0.00519	0.00899
2	0.01623	0.01424	0.02041	0.15133	0.21351	0.01394	0.01501	0.07543	0.01800	0.02542	0.07625	0.02448	0.06191	0.00819	0.00704	0.00196	0.00719	0.00716	0.00475	0.23756
3	0.01642	0.01367	0.01703	0.06299	0.07289	0.01332	0.01211	0.07891	0.14155	0.02709	0.05795	0.03152	0.02159	0.00979	0.00726	0.00208	0.00646	0.10797	0.00572	0.29369
4	0.01384	0.00692	0.00692	0.00692	0.00865	0.00692	0.00519	0.01730	0.01557	0.02768	0.02422	0.02768	0.01903	0.00865	0.00519	0.00173	0.00346	0.00692	0.78031	0.00692
5	0.01985	0.74357	0.03890	0.01270	0.01905	0.02937	0.01270	0.02223	0.01508	0.01747	0.01032	0.01191	0.00953	0.00635	0.00476	0.00159	0.00794	0.00397	0.00318	0.00953
6	0.02198	0.25436	0.05612	0.05521	0.02373	0.18720	0.05896	0.11893	0.02017	0.04747	0.04143	0.02022	0.01457	0.00831	0.00668	0.00205	0.00954	0.03882	0.00460	0.00966
