[name]
unknown

[dist]
# distance from previous block
# <min> <max>
4	432

[block]
# block no. 0 follows, 29 sequences, length 30
# corresponding to MSA columns:
# 432-461
name=unknown_A
#
# <colnr> <probs for GDERKNQSTAVLIFYWHMCP>
#	G	D	E	R	K	N	Q	S	T	A	V	L	I	F	Y	W	H	M	C	P
0	0.01612	0.01330	0.03842	0.09470	0.12343	0.01238	0.03444	0.02211	0.11489	0.08767	0.06344	0.10150	0.02067	0.00924	0.00696	0.00204	0.00639	0.00816	0.03400	0.19012
1	0.01643	0.21436	0.33843	0.01612	0.02332	0.01868	0.01797	0.11110	0.01722	0.02348	0.01660	0.12368	0.01518	0.00916	0.00660	0.00215	0.00845	0.00729	0.00412	0.00968
2	0.02141	0.32526	0.14873	0.01603	0.02205	0.26023	0.01530	0.07719	0.01803	0.02027	0.01136	0.01299	0.00937	0.00683	0.00579	0.00181	0.00991	0.00454	0.00358	0.00932
3	0.01130	0.00770	0.00838	0.00794	0.01030	0.00665	0.00583	0.01298	0.01593	0.09319	0.08096	0.05996	0.50618	0.12647	0.01245	0.00305	0.00436	0.01341	0.00655	0.00644
4	0.13899	0.01515	0.01602	0.01288	0.01752	0.01614	0.01049	0.35332	0.02506	0.10922	0.07747	0.02814	0.12888	0.01029	0.00703	0.00221	0.00627	0.00800	0.00687	0.01005
5	0.02297	0.01821	0.02113	0.01641	0.02163	0.04869	0.08392	0.44459	0.04988	0.05387	0.02546	0.02533	0.11565	0.00969	0.00743	0.00220	0.00775	0.00791	0.00657	0.01073
6	0.01795	0.01919	0.03923	0.02913	0.06415	0.01840	0.57960	0.09375	0.01858	0.02521	0.01465	0.01891	0.01097	0.00629	0.00821	0.00236	0.01140	0.00810	0.00398	0.00995
7	0.02573	0.03049	0.01988	0.01773	0.02166	0.57283	0.01348	0.09978	0.09139	0.02167	0.01353	0.01472	0.01079	0.00771	0.00658	0.00193	0.01155	0.00514	0.00441	0.00898
8	0.01034	0.00875	0.01426	0.01314	0.01505	0.00814	0.12443	0.01264	0.01488	0.01979	0.08526	0.45554	0.10298	0.04483	0.00987	0.00287	0.00559	0.03903	0.00609	0.00652
9	0.01198	0.00781	0.01004	0.01052	0.01246	0.00721	0.00836	0.01442	0.01653	0.08822	0.11445	0.21551	0.20073	0.01827	0.00892	0.00277	0.00494	0.23310	0.00694	0.00682
10	0.13476	0.01645	0.02614	0.03857	0.60180	0.01678	0.01974	0.02172	0.01560	0.02456	0.01287	0.01672	0.01075	0.00638	0.00665	0.00213	0.00802	0.00597	0.00366	0.01075
11	0.02648	0.02118	0.02094	0.01649	0.02187	0.09715	0.01343	0.57390	0.07025	0.04104	0.01713	0.01719	0.01235	0.00848	0.00705	0.00212	0.00825	0.00631	0.00676	0.01165
12	0.02565	0.01949	0.02250	0.02047	0.12437	0.02131	0.01478	0.58282	0.03089	0.04164	0.01654	0.01717	0.01199	0.00822	0.00711	0.00213	0.00793	0.00640	0.00658	0.01199
13	0.01542	0.12005	0.01492	0.01036	0.01349	0.01070	0.00858	0.01832	0.01851	0.15100	0.33375	0.04613	0.11815	0.01315	0.00775	0.00225	0.00486	0.07761	0.00703	0.00798
14	0.01624	0.01805	0.03792	0.13463	0.03806	0.01787	0.54764	0.02184	0.01613	0.02184	0.01389	0.01899	0.01054	0.00649	0.00896	0.00243	0.04773	0.00798	0.00351	0.00926
15	0.01407	0.01329	0.02249	0.62950	0.14729	0.01598	0.02009	0.01874	0.01453	0.01895	0.01277	0.01878	0.00976	0.00700	0.00711	0.00233	0.00934	0.00633	0.00322	0.00841
16	0.08457	0.01787	0.01969	0.01885	0.12227	0.10108	0.01324	0.20955	0.04730	0.26481	0.01947	0.01904	0.01355	0.00806	0.00684	0.00213	0.00767	0.00631	0.00655	0.01116
17	0.00873	0.00721	0.00767	0.00769	0.00991	0.00616	0.00578	0.01077	0.01669	0.02053	0.15621	0.08889	0.57709	0.01774	0.00847	0.00242	0.00367	0.03147	0.00678	0.00611
18	0.01536	0.01461	0.02482	0.41669	0.35002	0.01632	0.02073	0.01987	0.01514	0.02052	0.01299	0.01836	0.01031	0.00676	0.00709	0.00225	0.00902	0.00634	0.00333	0.00946
19	0.04688	0.01159	0.01396	0.01271	0.01617	0.01185	0.01007	0.04883	0.21084	0.23078	0.03098	0.17766	0.02758	0.01326	0.00786	0.00256	0.00566	0.10374	0.00738	0.00964
20	0.02421	0.01904	0.02605	0.01993	0.02556	0.13614	0.23825	0.06891	0.08561	0.25177	0.01995	0.02038	0.01393	0.00767	0.00746	0.00222	0.00930	0.00718	0.00591	0.01052
21	0.00869	0.00711	0.00767	0.00777	0.00985	0.00609	0.00574	0.01067	0.01654	0.02052	0.16282	0.13913	0.53674	0.01797	0.00849	0.00243	0.00363	0.01527	0.00680	0.00609
22	0.01071	0.00691	0.00911	0.00981	0.01095	0.00634	0.00688	0.01254	0.01565	0.07208	0.18379	0.51541	0.07384	0.01946	0.00877	0.00268	0.00409	0.01747	0.00704	0.00647
23	0.01970	0.02255	0.15534	0.02651	0.18919	0.06883	0.16690	0.13554	0.06513	0.05690	0.01566	0.01796	0.01173	0.00712	0.00729	0.00221	0.00955	0.00664	0.00455	0.01072
24	0.01647	0.04296	0.12429	0.04632	0.03254	0.01760	0.43377	0.04170	0.08954	0.02360	0.01674	0.05107	0.01329	0.00732	0.00790	0.00237	0.01045	0.00822	0.00411	0.00974
25	0.01023	0.00740	0.01028	0.01028	0.01115	0.00827	0.00745	0.01197	0.01110	0.01567	0.02014	0.03387	0.02036	0.27382	0.50462	0.01001	0.01522	0.00849	0.00397	0.00571
26	0.01477	0.01266	0.01477	0.01055	0.01687	0.00949	0.00844	0.01793	0.01477	0.02320	0.01266	0.01477	0.01055	0.00527	0.00527	0.00105	0.00527	0.00422	0.00422	0.79328
27	0.04531	0.01332	0.01891	0.26585	0.18284	0.04894	0.01534	0.04226	0.01599	0.04613	0.04579	0.16610	0.04251	0.01071	0.00745	0.00237	0.00760	0.00949	0.00464	0.00846
28	0.00955	0.00634	0.00796	0.00919	0.00974	0.00604	0.00611	0.01096	0.01346	0.01895	0.03498	0.56006	0.04043	0.10089	0.01148	0.00315	0.00432	0.01711	0.12352	0.00575
29	0.01581	0.13835	0.42206	0.10107	0.11634	0.01846	0.02242	0.04650	0.01570	0.02213	0.01257	0.01534	0.00949	0.00672	0.00653	0.00214	0.00961	0.00534	0.00325	0.01018

[dist]
# distance from previous block
# <min> <max>
0	1

[block]
# block no. 1 follows, 29 sequences, length 18
# corresponding to MSA columns:
# 463-480
name=unknown_B
#
# <colnr> <probs for GDERKNQSTAVLIFYWHMCP>
#	G	D	E	R	K	N	Q	S	T	A	V	L	I	F	Y	W	H	M	C	P
0	0.10061	0.16276	0.15183	0.01449	0.02087	0.08322	0.04196	0.02094	0.01491	0.02194	0.01163	0.01387	0.00951	0.00640	0.00636	0.00171	0.03975	0.00460	0.00366	0.26898
1	0.01285	0.01010	0.01164	0.01078	0.01308	0.01068	0.00803	0.02177	0.25954	0.02706	0.37154	0.04279	0.04549	0.10943	0.01165	0.00292	0.00464	0.01082	0.00716	0.00803
2	0.00936	0.00725	0.00791	0.00812	0.00974	0.00655	0.00587	0.01084	0.01457	0.01794	0.05351	0.06375	0.42439	0.22787	0.01657	0.00380	0.00493	0.09548	0.00595	0.00559
3	0.01860	0.56616	0.16897	0.01418	0.02098	0.07103	0.01506	0.02203	0.01495	0.01794	0.01054	0.01222	0.00912	0.00631	0.00512	0.00169	0.00853	0.00414	0.00308	0.00935
4	0.01750	0.29060	0.06676	0.01591	0.02117	0.01804	0.15343	0.02090	0.01592	0.10215	0.06707	0.12295	0.02028	0.01052	0.02443	0.00232	0.00801	0.00836	0.00472	0.00895
5	0.00863	0.00708	0.00761	0.00779	0.00983	0.00605	0.00572	0.01052	0.01628	0.02008	0.13467	0.16348	0.54103	0.01827	0.00851	0.00246	0.00366	0.01554	0.00674	0.00605
6	0.01039	0.00666	0.00833	0.00872	0.00907	0.00647	0.00559	0.01015	0.01147	0.01507	0.02816	0.18503	0.08532	0.33407	0.02532	0.19985	0.00587	0.03516	0.00476	0.00454
7	0.01765	0.01462	0.01571	0.01164	0.01768	0.06152	0.00930	0.06312	0.01678	0.07357	0.01394	0.01546	0.01106	0.00589	0.00561	0.00126	0.00604	0.00460	0.00470	0.62985
8	0.01980	0.01670	0.02592	0.03519	0.50894	0.01666	0.01888	0.11668	0.01887	0.07571	0.01493	0.01782	0.01180	0.00676	0.00694	0.00205	0.00797	0.00626	0.00447	0.06765
9	0.01729	0.07112	0.07831	0.07159	0.57717	0.01765	0.02138	0.02170	0.01591	0.02251	0.01306	0.01705	0.01088	0.00639	0.00685	0.00209	0.00859	0.00608	0.00344	0.01092
10	0.21085	0.12582	0.19032	0.01379	0.02012	0.01694	0.01398	0.06306	0.07284	0.09706	0.01698	0.01868	0.02925	0.00770	0.00599	0.00209	0.00722	0.02175	0.00482	0.06074
11	0.02131	0.01800	0.02386	0.01806	0.02369	0.10259	0.18118	0.10636	0.04157	0.14072	0.01644	0.01797	0.01214	0.00720	0.00766	0.00196	0.04218	0.00632	0.00518	0.20561
12	0.00955	0.00740	0.00892	0.00900	0.01087	0.00644	0.00648	0.01162	0.01595	0.02133	0.19457	0.32272	0.23322	0.01760	0.00835	0.00242	0.00393	0.01546	0.00664	0.08755
13	0.01253	0.01052	0.01448	0.11842	0.11611	0.01104	0.01109	0.03854	0.07400	0.02218	0.14659	0.03967	0.17375	0.08885	0.08792	0.00374	0.00742	0.01003	0.00543	0.00768
14	0.00919	0.00675	0.00866	0.00977	0.01063	0.00637	0.00672	0.01147	0.03977	0.02016	0.13557	0.57574	0.09172	0.02046	0.00888	0.00275	0.00404	0.01840	0.00681	0.00613
15	0.12311	0.01162	0.01349	0.01151	0.01534	0.01166	0.00912	0.06901	0.11547	0.25170	0.18192	0.07898	0.05486	0.01118	0.00727	0.00229	0.00521	0.00928	0.00745	0.00953
16	0.01703	0.01631	0.02783	0.14206	0.61164	0.01676	0.02156	0.02133	0.01593	0.02254	0.01329	0.01782	0.01102	0.00646	0.00706	0.00215	0.00861	0.00634	0.00347	0.01080
17	0.01262	0.00657	0.00687	0.00710	0.00859	0.00652	0.00521	0.01564	0.01475	0.02535	0.02552	0.12913	0.02237	0.01030	0.00556	0.00184	0.00343	0.00858	0.67754	0.00652

[dist]
# distance from previous block
# <min> <max>
0	2

[block]
# block no. 2 follows, 29 sequences, length 17
# corresponding to MSA columns:
# 483-499
name=unknown_C
#
# <colnr> <probs for GDERKNQSTAVLIFYWHMCP>
#	G	D	E	R	K	N	Q	S	T	A	V	L	I	F	Y	W	H	M	C	P
0	0.01862	0.01887	0.02803	0.08152	0.02918	0.09872	0.29386	0.12845	0.07823	0.02568	0.01992	0.02231	0.06496	0.00786	0.00759	0.00222	0.00966	0.00772	0.00472	0.05189
1	0.12706	0.13767	0.10805	0.10032	0.02461	0.35043	0.01498	0.02441	0.01689	0.02002	0.01111	0.01345	0.00899	0.00695	0.00599	0.00195	0.01038	0.00466	0.00353	0.00856
2	0.01614	0.01662	0.02159	0.14223	0.02423	0.07969	0.01615	0.01827	0.01226	0.01734	0.01006	0.01594	0.00936	0.01111	0.01913	0.00288	0.54987	0.00611	0.00317	0.00785
3	0.01103	0.00739	0.00889	0.00880	0.01066	0.00658	0.00640	0.01308	0.01665	0.07936	0.22619	0.21673	0.27903	0.06391	0.01023	0.00274	0.00408	0.01471	0.00698	0.00655
4	0.02207	0.02099	0.02260	0.01829	0.02324	0.15916	0.11923	0.22184	0.25782	0.03062	0.01960	0.01989	0.01467	0.00829	0.00723	0.00222	0.00873	0.00694	0.00591	0.01065
5	0.00942	0.00677	0.00858	0.00934	0.01022	0.00635	0.00649	0.01111	0.01494	0.02004	0.18318	0.37791	0.10583	0.13634	0.01327	0.00337	0.00453	0.05998	0.00651	0.00582
6	0.00898	0.00694	0.00843	0.00887	0.01038	0.00639	0.00642	0.01095	0.01549	0.02013	0.16032	0.28038	0.30472	0.02295	0.09144	0.00358	0.00553	0.01550	0.00649	0.00610
7	0.01329	0.00791	0.01012	0.00978	0.01196	0.00711	0.00743	0.01574	0.01763	0.14102	0.25972	0.21473	0.17619	0.01643	0.00845	0.00249	0.00429	0.06104	0.00739	0.00728
8	0.09374	0.01231	0.01343	0.09637	0.05456	0.09324	0.01010	0.01755	0.01690	0.06663	0.24591	0.15837	0.03626	0.04316	0.00874	0.00250	0.00613	0.01071	0.00592	0.00746
9	0.23110	0.19087	0.05086	0.01717	0.09823	0.23900	0.01296	0.02340	0.01586	0.02236	0.01119	0.01325	0.00929	0.00675	0.00550	0.00191	0.00877	0.00451	0.02833	0.00871
10	0.30126	0.16677	0.02135	0.01656	0.09857	0.13517	0.01219	0.12795	0.01781	0.02757	0.01165	0.01334	0.00936	0.00690	0.00551	0.00199	0.00785	0.00467	0.00434	0.00921
11	0.01310	0.06340	0.34017	0.04234	0.07988	0.01381	0.04046	0.01848	0.01573	0.02181	0.08495	0.06818	0.14779	0.01033	0.00732	0.00227	0.00793	0.00873	0.00437	0.00895
12	0.01181	0.00998	0.01120	0.00936	0.01341	0.00819	0.00721	0.01522	0.05204	0.02183	0.06418	0.09404	0.28525	0.01213	0.00701	0.00184	0.00449	0.01019	0.00563	0.35500
13	0.01063	0.00777	0.01071	0.01302	0.06963	0.00743	0.00842	0.01299	0.03451	0.03999	0.07703	0.53120	0.06851	0.01940	0.00879	0.00276	0.00469	0.05930	0.00650	0.00671
14	0.01036	0.00690	0.00777	0.00777	0.00777	0.00690	0.00431	0.01036	0.01036	0.01381	0.02244	0.04660	0.02589	0.74975	0.03624	0.00690	0.00690	0.01036	0.00431	0.00431
15	0.01012	0.00698	0.00791	0.00785	0.00829	0.00679	0.00471	0.01070	0.01210	0.01608	0.10646	0.04964	0.10092	0.58842	0.03012	0.00589	0.00615	0.01113	0.00496	0.00477
16	0.01707	0.10454	0.04147	0.02794	0.03502	0.01919	0.60198	0.02264	0.01654	0.02211	0.01388	0.01830	0.01061	0.00601	0.00796	0.00230	0.01150	0.00787	0.00354	0.00955

[dist]
# distance from previous block
# <min> <max>
0	4

[block]
# block no. 3 follows, 29 sequences, length 12
# corresponding to MSA columns:
# 504-515
name=unknown_D
#
# <colnr> <probs for GDERKNQSTAVLIFYWHMCP>
#	G	D	E	R	K	N	Q	S	T	A	V	L	I	F	Y	W	H	M	C	P
0	0.01333	0.01221	0.02036	0.50446	0.12458	0.01460	0.01790	0.01758	0.01394	0.01851	0.01401	0.02058	0.01135	0.01610	0.14719	0.00412	0.01124	0.00659	0.00334	0.00803
1	0.06657	0.30643	0.08026	0.01535	0.02068	0.28690	0.01369	0.07020	0.04295	0.02075	0.01175	0.01320	0.00973	0.00695	0.00570	0.00181	0.00963	0.00455	0.00379	0.00912
2	0.59726	0.01400	0.01301	0.04010	0.04350	0.01566	0.00943	0.06028	0.01462	0.11723	0.01286	0.01401	0.00942	0.00701	0.00512	0.00220	0.00598	0.00461	0.00503	0.00867
3	0.01581	0.15869	0.02198	0.01286	0.01923	0.01403	0.07794	0.01909	0.01492	0.02190	0.01229	0.01457	0.01030	0.00551	0.00546	0.00128	0.00642	0.00457	0.00393	0.55922
4	0.01164	0.00619	0.00908	0.00940	0.00948	0.00611	0.00627	0.00940	0.01013	0.01351	0.01764	0.16350	0.01918	0.02426	0.02415	0.63794	0.00578	0.00894	0.00378	0.00362
5	0.00970	0.00715	0.00902	0.00936	0.01074	0.00673	0.00693	0.01197	0.01624	0.02178	0.26760	0.19302	0.17225	0.09006	0.05206	0.00350	0.00519	0.09393	0.00664	0.00613
6	0.01477	0.01266	0.01477	0.01055	0.01687	0.00949	0.00844	0.01793	0.01477	0.02320	0.01266	0.01477	0.01055	0.00527	0.00527	0.00105	0.00527	0.00422	0.00422	0.79328
7	0.02129	0.01892	0.01764	0.01534	0.01965	0.13121	0.01201	0.14215	0.44692	0.05964	0.02410	0.02270	0.01795	0.00907	0.00709	0.00227	0.00717	0.00719	0.00672	0.01096
8	0.00914	0.00654	0.00872	0.00994	0.01068	0.00613	0.00696	0.01093	0.01510	0.02042	0.16901	0.56511	0.05063	0.02061	0.00900	0.00279	0.00414	0.06128	0.00685	0.00602
9	0.01330	0.01217	0.02031	0.50979	0.11950	0.01459	0.01789	0.01755	0.01392	0.01847	0.01400	0.02059	0.01133	0.01610	0.14719	0.00412	0.01125	0.00659	0.00333	0.00800
10	0.01332	0.00749	0.00991	0.01023	0.01185	0.00678	0.00731	0.01504	0.01555	0.15465	0.08459	0.51749	0.08007	0.01888	0.00862	0.00268	0.00443	0.01687	0.00713	0.00710
11	0.00898	0.00650	0.00849	0.00954	0.01036	0.00601	0.00656	0.01074	0.01528	0.02062	0.19300	0.54651	0.09046	0.02028	0.00889	0.00271	0.00392	0.01825	0.00689	0.00601

[dist]
# distance from previous block
# <min> <max>
2	10

[block]
# block no. 4 follows, 29 sequences, length 30
# corresponding to MSA columns:
# 526-555
name=unknown_E
#
# <colnr> <probs for GDERKNQSTAVLIFYWHMCP>
#	G	D	E	R	K	N	Q	S	T	A	V	L	I	F	Y	W	H	M	C	P
0	0.01522	0.00949	0.01280	0.01194	0.01417	0.03467	0.00939	0.01778	0.01359	0.15871	0.02063	0.02667	0.01746	0.04262	0.54961	0.00921	0.01618	0.00742	0.00483	0.00761
1	0.01524	0.01294	0.01502	0.01077	0.01708	0.00998	0.00864	0.04373	0.01549	0.02405	0.01283	0.01486	0.01061	0.00540	0.00535	0.00110	0.00537	0.00430	0.00433	0.76291
2	0.01891	0.13503	0.04122	0.01447	0.01797	0.01923	0.01219	0.19857	0.07049	0.04426	0.01596	0.02157	0.01405	0.13360	0.01534	0.00306	0.17786	0.00665	0.00490	0.03464
3	0.01013	0.00756	0.00974	0.01094	0.01256	0.00716	0.00895	0.01264	0.01583	0.02017	0.04714	0.20237	0.21785	0.01973	0.00932	0.00297	0.00532	0.36678	0.00658	0.00627
4	0.01035	0.00740	0.01015	0.01156	0.01278	0.00720	0.00928	0.01292	0.01581	0.02096	0.10656	0.31056	0.04582	0.02007	0.00943	0.00304	0.00538	0.36773	0.00671	0.00630
5	0.01507	0.01293	0.01490	0.01095	0.01704	0.01034	0.00873	0.01998	0.08450	0.02388	0.01434	0.01598	0.01170	0.00572	0.00548	0.00119	0.00531	0.00461	0.00453	0.71281
6	0.01606	0.01439	0.02359	0.12037	0.25852	0.01497	0.12705	0.02290	0.11914	0.02419	0.01786	0.02126	0.01399	0.00730	0.00689	0.00215	0.00771	0.00701	0.16506	0.00960
7	0.01036	0.00757	0.01006	0.01127	0.01276	0.00727	0.00920	0.01304	0.01619	0.02115	0.11078	0.21222	0.13041	0.01947	0.00935	0.00298	0.00535	0.37751	0.00671	0.00634
8	0.01509	0.01675	0.03489	0.02534	0.03156	0.01555	0.54135	0.02023	0.01669	0.02208	0.02623	0.02931	0.15252	0.00847	0.00841	0.00240	0.01028	0.00976	0.00422	0.00887
9	0.00959	0.00726	0.00884	0.00844	0.01034	0.00651	0.00633	0.01249	0.01900	0.02581	0.51620	0.05771	0.25427	0.01558	0.00840	0.00229	0.00343	0.01351	0.00748	0.00651
10	0.01816	0.60212	0.03269	0.01185	0.01799	0.02435	0.01142	0.02063	0.01453	0.01807	0.01046	0.01211	0.00943	0.00592	0.00471	0.00143	0.00714	0.00389	0.00329	0.16981
11	0.02029	0.01750	0.02591	0.13145	0.33541	0.01863	0.05505	0.25265	0.02202	0.03009	0.01464	0.01772	0.01129	0.00721	0.00716	0.00218	0.00858	0.00648	0.00474	0.01100
12	0.63904	0.01850	0.15439	0.01160	0.01726	0.01609	0.01152	0.02126	0.01272	0.03002	0.01050	0.01228	0.00798	0.00664	0.00489	0.00221	0.00654	0.00414	0.00412	0.00829
13	0.02747	0.01113	0.01509	0.01191	0.01663	0.00970	0.00970	0.03034	0.02033	0.57058	0.16609	0.03017	0.02778	0.00999	0.00741	0.00221	0.00551	0.00833	0.00861	0.01101
14	0.01239	0.00972	0.01040	0.00952	0.01233	0.00933	0.00730	0.14800	0.01979	0.02509	0.10582	0.12926	0.44188	0.01628	0.00822	0.00239	0.00451	0.01366	0.00681	0.00729
15	0.01850	0.01686	0.02560	0.03525	0.50281	0.01755	0.01893	0.08479	0.15634	0.02655	0.01692	0.01941	0.01350	0.00722	0.00710	0.00218	0.00782	0.00670	0.00461	0.01135
16	0.01246	0.01045	0.01125	0.01059	0.01094	0.06406	0.00716	0.01299	0.01126	0.01478	0.01920	0.03786	0.02142	0.53312	0.06827	0.00613	0.12963	0.00908	0.00404	0.00530
17	0.00950	0.00726	0.00872	0.00835	0.01028	0.00647	0.00626	0.01232	0.01879	0.02531	0.48226	0.05853	0.28853	0.01577	0.00840	0.00230	0.00345	0.01363	0.00741	0.00647
18	0.00868	0.00620	0.00826	0.00991	0.01033	0.00578	0.00661	0.00991	0.01363	0.01818	0.03925	0.74510	0.04710	0.02231	0.00909	0.00289	0.00413	0.02024	0.00661	0.00578
19	0.01398	0.01320	0.02232	0.64436	0.13314	0.01596	0.02004	0.01866	0.01449	0.01884	0.01275	0.01881	0.00972	0.00702	0.00711	0.00234	0.00936	0.00633	0.00321	0.00834
20	0.80005	0.01377	0.01047	0.00936	0.01377	0.01597	0.00771	0.02093	0.01212	0.03195	0.00991	0.01157	0.00771	0.00661	0.00441	0.00220	0.00551	0.00386	0.00441	0.00771
21	0.02857	0.01754	0.01988	0.01524	0.02088	0.01851	0.01259	0.48247	0.02945	0.24969	0.02048	0.01929	0.01381	0.00863	0.00713	0.00216	0.00729	0.00664	0.00764	0.01211
22	0.02505	0.18149	0.02369	0.01708	0.02125	0.57917	0.01344	0.02698	0.01901	0.01729	0.01078	0.01255	0.00917	0.00708	0.00604	0.00177	0.01177	0.00443	0.00354	0.00844
23	0.00895	0.00702	0.00810	0.00827	0.01006	0.00617	0.00604	0.01109	0.01684	0.02173	0.24852	0.20270	0.38335	0.01790	0.00855	0.00246	0.00364	0.01547	0.00697	0.00617
24	0.01147	0.00820	0.01147	0.01311	0.01475	0.00820	0.01147	0.01475	0.01639	0.02131	0.03770	0.08032	0.04098	0.01967	0.00984	0.00328	0.00656	0.65741	0.00656	0.00656
25	0.01233	0.00655	0.00697	0.00731	0.00871	0.00646	0.00531	0.01522	0.01467	0.02483	0.02651	0.17378	0.02416	0.01117	0.00582	0.00191	0.00348	0.00942	0.62891	0.00646
26	0.01513	0.01383	0.01967	0.01405	0.02053	0.01102	0.12917	0.01881	0.01513	0.02313	0.01297	0.01556	0.01059	0.00540	0.00584	0.00130	0.00648	0.00497	0.00411	0.65228
27	0.80005	0.01377	0.01047	0.00936	0.01377	0.01597	0.00771	0.02093	0.01212	0.03195	0.00991	0.01157	0.00771	0.00661	0.00441	0.00220	0.00551	0.00386	0.00441	0.00771
28	0.00920	0.00660	0.00873	0.00956	0.01044	0.00613	0.00665	0.01123	0.01607	0.02205	0.28630	0.48701	0.05459	0.01942	0.00883	0.00265	0.00384	0.01750	0.00707	0.00613
29	0.01620	0.01358	0.01439	0.01311	0.01631	0.01550	0.00985	0.03221	0.55270	0.02651	0.02764	0.03067	0.02259	0.16131	0.01319	0.00333	0.00590	0.00852	0.00664	0.00985

[dist]
# distance from previous block
# <min> <max>
0	1

[block]
# block no. 5 follows, 29 sequences, length 13
# corresponding to MSA columns:
# 557-569
name=unknown_F
#
# <colnr> <probs for GDERKNQSTAVLIFYWHMCP>
#	G	D	E	R	K	N	Q	S	T	A	V	L	I	F	Y	W	H	M	C	P
0	0.02707	0.01995	0.02137	0.01638	0.02208	0.02208	0.01353	0.68159	0.03348	0.04488	0.01710	0.01710	0.01211	0.00855	0.00712	0.00214	0.00784	0.00641	0.00712	0.01211
1	0.01617	0.01578	0.11948	0.01220	0.01866	0.01040	0.01122	0.01992	0.01535	0.09860	0.01622	0.06651	0.01363	0.00707	0.00597	0.00149	0.00607	0.00581	0.00471	0.53472
2	0.64885	0.04930	0.01634	0.01252	0.01741	0.01684	0.10616	0.02122	0.01291	0.02990	0.01057	0.01268	0.00823	0.00650	0.00500	0.00220	0.00656	0.00452	0.00423	0.00806
3	0.80005	0.01377	0.01047	0.00936	0.01377	0.01597	0.00771	0.02093	0.01212	0.03195	0.00991	0.01157	0.00771	0.00661	0.00441	0.00220	0.00551	0.00386	0.00441	0.00771
4	0.01559	0.01268	0.02026	0.28879	0.18042	0.01392	0.03937	0.02008	0.05244	0.07843	0.01707	0.02433	0.01439	0.11957	0.06963	0.00371	0.00925	0.00727	0.00419	0.00861
5	0.01152	0.01212	0.11363	0.01374	0.01652	0.00910	0.01300	0.01526	0.01583	0.02108	0.03426	0.15827	0.03711	0.01813	0.00929	0.00308	0.00682	0.47817	0.00604	0.00704
6	0.01702	0.35269	0.27769	0.02060	0.12420	0.02185	0.05251	0.02191	0.01504	0.02008	0.01167	0.01401	0.00949	0.00636	0.00591	0.00192	0.00900	0.00493	0.00313	0.00997
7	0.01880	0.24279	0.12915	0.01582	0.02150	0.09239	0.06003	0.11954	0.09316	0.02436	0.05105	0.06816	0.01664	0.00862	0.00653	0.00205	0.00825	0.00687	0.00469	0.00960
8	0.00990	0.00708	0.00914	0.00897	0.01028	0.00660	0.00644	0.01258	0.01812	0.02541	0.52974	0.15365	0.05969	0.09685	0.01157	0.00285	0.00386	0.01368	0.00727	0.00632
9	0.04165	0.08870	0.40879	0.01794	0.07141	0.01527	0.01926	0.02006	0.01511	0.02202	0.02114	0.02258	0.11071	0.00817	0.00660	0.00208	0.00841	0.00649	0.00375	0.08986
10	0.02260	0.01741	0.09970	0.06857	0.14235	0.01458	0.10848	0.08306	0.01891	0.27000	0.01894	0.01977	0.01313	0.00739	0.00713	0.00215	0.00812	0.00666	0.00570	0.06535
11	0.38066	0.08283	0.01867	0.01809	0.13648	0.21530	0.01224	0.02323	0.01529	0.02507	0.01082	0.01296	0.00886	0.00672	0.00544	0.00203	0.00826	0.00449	0.00393	0.00860
12	0.01812	0.06439	0.17045	0.01933	0.04535	0.01718	0.14757	0.02861	0.24685	0.09710	0.03819	0.02165	0.01624	0.00812	0.00766	0.00231	0.02780	0.00721	0.00533	0.01053

[dist]
# distance from previous block
# <min> <max>
1	3

[block]
# block no. 6 follows, 29 sequences, length 22
# corresponding to MSA columns:
# 573-594
name=unknown_G
#
# <colnr> <probs for GDERKNQSTAVLIFYWHMCP>
#	G	D	E	R	K	N	Q	S	T	A	V	L	I	F	Y	W	H	M	C	P
0	0.00870	0.00722	0.00760	0.00751	0.00979	0.00613	0.00563	0.01076	0.01689	0.02080	0.17788	0.06595	0.59572	0.01745	0.00841	0.00238	0.00357	0.01467	0.00682	0.00613
1	0.01482	0.01111	0.01486	0.21170	0.02391	0.01219	0.01176	0.02233	0.18426	0.09214	0.16176	0.11715	0.06893	0.01182	0.00772	0.00240	0.00600	0.01029	0.00627	0.00857
2	0.14081	0.01056	0.01286	0.01068	0.01464	0.00987	0.00857	0.02449	0.01881	0.35228	0.24027	0.03397	0.07094	0.01082	0.00720	0.00223	0.00498	0.00891	0.00771	0.00939
3	0.01489	0.08001	0.47141	0.01747	0.02553	0.03892	0.02068	0.05607	0.01614	0.02245	0.02131	0.02270	0.11099	0.00875	0.00763	0.00225	0.04269	0.00668	0.00379	0.00965
4	0.55515	0.10046	0.01544	0.01151	0.01595	0.16119	0.00944	0.02251	0.01402	0.02729	0.01014	0.01181	0.00817	0.00670	0.00484	0.00205	0.00724	0.00400	0.00410	0.00798
5	0.01636	0.01592	0.02031	0.20860	0.24741	0.11767	0.01607	0.02074	0.05021	0.02116	0.01771	0.10492	0.01600	0.00895	0.00702	0.00220	0.00819	0.00785	0.08388	0.00884
6	0.01602	0.01946	0.19118	0.12305	0.02773	0.01532	0.11541	0.05542	0.07842	0.06947	0.04105	0.07072	0.03354	0.01048	0.02866	0.00264	0.06111	0.00795	0.00466	0.02772
7	0.01805	0.01920	0.01815	0.01622	0.01786	0.23218	0.01273	0.05292	0.01503	0.01833	0.01371	0.04158	0.01317	0.06997	0.13385	0.00432	0.28462	0.00669	0.00380	0.00761
8	0.02942	0.01296	0.01680	0.01279	0.01841	0.01151	0.01053	0.09716	0.02102	0.56248	0.02517	0.02240	0.01624	0.00837	0.00693	0.00206	0.00614	0.00674	0.00810	0.10477
9	0.01230	0.00662	0.00700	0.00719	0.00846	0.00657	0.00507	0.01488	0.01411	0.02368	0.02501	0.11472	0.02279	0.11878	0.01005	0.00258	0.00394	0.00880	0.58124	0.00619
10	0.08363	0.01255	0.01631	0.01260	0.01804	0.01131	0.01040	0.06018	0.02036	0.63728	0.02642	0.02309	0.01673	0.00865	0.00697	0.00220	0.00609	0.00691	0.00845	0.01182
11	0.00915	0.00707	0.00834	0.00839	0.01016	0.00627	0.00615	0.01150	0.01742	0.02291	0.32674	0.17560	0.33006	0.01731	0.00852	0.00242	0.00359	0.01501	0.00712	0.00627
12	0.80005	0.01377	0.01047	0.00936	0.01377	0.01597	0.00771	0.02093	0.01212	0.03195	0.00991	0.01157	0.00771	0.00661	0.00441	0.00220	0.00551	0.00386	0.00441	0.00771
13	0.01257	0.01021	0.01278	0.09736	0.05627	0.01036	0.00968	0.11081	0.01844	0.02386	0.11488	0.11608	0.31128	0.01653	0.04429	0.00284	0.00601	0.01215	0.00609	0.00750
14	0.02182	0.01498	0.01675	0.01432	0.01879	0.01638	0.01144	0.13059	0.42214	0.17586	0.02745	0.02716	0.02034	0.00978	0.00733	0.00237	0.00609	0.03753	0.00753	0.01136
15	0.01680	0.01252	0.01348	0.01225	0.01570	0.01377	0.00947	0.03035	0.43974	0.08084	0.03282	0.06700	0.08893	0.01086	0.00711	0.00231	0.00505	0.00908	0.12205	0.00986
16	0.01092	0.00802	0.01070	0.01204	0.01381	0.00780	0.01037	0.01392	0.01636	0.02093	0.04399	0.07817	0.16183	0.01937	0.00958	0.00312	0.00602	0.54004	0.00657	0.00646
17	0.02589	0.12768	0.02371	0.01577	0.02152	0.02298	0.01334	0.58469	0.03069	0.04075	0.01604	0.01626	0.01167	0.00819	0.00675	0.00205	0.00780	0.00603	0.00652	0.01167
18	0.01936	0.01953	0.11957	0.01578	0.02114	0.01854	0.01400	0.18376	0.44137	0.03220	0.02387	0.02269	0.01765	0.00898	0.00715	0.00233	0.00686	0.00726	0.00660	0.01135
19	0.01959	0.10193	0.11523	0.06730	0.21574	0.01848	0.14838	0.11980	0.01877	0.08461	0.01490	0.01749	0.01123	0.00688	0.00703	0.00215	0.00908	0.00641	0.00439	0.01062
20	0.01696	0.05269	0.44402	0.01980	0.02773	0.01711	0.08338	0.02318	0.01521	0.10316	0.01415	0.01648	0.01026	0.00775	0.00933	0.00236	0.11662	0.00587	0.00377	0.01018
21	0.00842	0.00721	0.00721	0.00721	0.00962	0.00601	0.00541	0.01022	0.01623	0.01924	0.07213	0.06853	0.70244	0.01803	0.00842	0.00240	0.00361	0.01503	0.00661	0.00601

[dist]
# distance from previous block
# <min> <max>
0	6

[block]
# block no. 7 follows, 29 sequences, length 24
# corresponding to MSA columns:
# 601-624
name=unknown_H
#
# <colnr> <probs for GDERKNQSTAVLIFYWHMCP>
#	G	D	E	R	K	N	Q	S	T	A	V	L	I	F	Y	W	H	M	C	P
0	0.01294	0.01239	0.03567	0.26763	0.19634	0.01272	0.03884	0.01658	0.01507	0.02007	0.04137	0.17886	0.09930	0.01153	0.00774	0.00242	0.00739	0.01048	0.00450	0.00816
1	0.01700	0.08594	0.35161	0.09165	0.03077	0.10669	0.12221	0.04573	0.01633	0.02164	0.01259	0.01560	0.00949	0.00698	0.00746	0.00221	0.03733	0.00573	0.00335	0.00968
2	0.11356	0.07640	0.11379	0.02118	0.21526	0.01490	0.01462	0.02070	0.08165	0.02477	0.13096	0.02822	0.09694	0.00935	0.00686	0.00218	0.00667	0.00785	0.00492	0.00924
3	0.02470	0.03070	0.01908	0.01769	0.02110	0.63141	0.01347	0.02671	0.01970	0.01792	0.01437	0.02134	0.01318	0.00889	0.00685	0.00202	0.01205	0.08677	0.00403	0.00804
4	0.01821	0.01688	0.02758	0.09481	0.58782	0.01733	0.02088	0.08559	0.01774	0.02497	0.01370	0.01768	0.01122	0.00662	0.00706	0.00214	0.00848	0.00635	0.00385	0.01110
5	0.46567	0.29328	0.02107	0.01090	0.01590	0.05759	0.00971	0.02147	0.01343	0.02547	0.00997	0.01158	0.00832	0.00645	0.00457	0.00193	0.00669	0.00388	0.00386	0.00828
6	0.01316	0.00950	0.01253	0.01345	0.09926	0.00847	0.00890	0.01608	0.01787	0.09052	0.27418	0.04743	0.23864	0.01322	0.00784	0.00218	0.00462	0.02958	0.00663	0.08594
7	0.10835	0.00750	0.00710	0.00697	0.00896	0.00777	0.00531	0.01712	0.01459	0.02720	0.02162	0.02474	0.01698	0.00809	0.00491	0.00172	0.00358	0.00630	0.69444	0.00677
8	0.00858	0.00709	0.00753	0.00769	0.00979	0.00604	0.00566	0.01043	0.01621	0.01983	0.11711	0.15250	0.57038	0.01830	0.00850	0.00245	0.00365	0.01552	0.00671	0.00604
9	0.01417	0.03425	0.63796	0.02012	0.02976	0.01630	0.04684	0.02184	0.01490	0.02220	0.01385	0.04645	0.01072	0.00759	0.00746	0.00232	0.03385	0.00604	0.00318	0.01020
10	0.01990	0.02100	0.01640	0.01501	0.01831	0.29270	0.01136	0.06685	0.23724	0.02424	0.08775	0.11363	0.02381	0.01075	0.00726	0.00221	0.00820	0.00859	0.00581	0.00900
11	0.00924	0.00688	0.00906	0.00977	0.01090	0.00670	0.00707	0.01122	0.01460	0.01958	0.13549	0.36274	0.14869	0.02712	0.16218	0.00457	0.00722	0.03469	0.00618	0.00610
12	0.01625	0.01549	0.02001	0.01737	0.01864	0.02052	0.01422	0.02365	0.22541	0.02112	0.01553	0.01904	0.01325	0.01158	0.01829	0.00290	0.50663	0.00680	0.00442	0.00889
13	0.01294	0.00973	0.01268	0.01192	0.01368	0.01135	0.00932	0.06402	0.07947	0.02106	0.01978	0.02659	0.01747	0.06267	0.43094	0.00785	0.07052	0.00745	0.10323	0.00732
14	0.00976	0.00720	0.00893	0.01001	0.01078	0.00709	0.00674	0.01269	0.07917	0.01878	0.03708	0.56793	0.06087	0.11253	0.01231	0.00334	0.00461	0.01766	0.00638	0.00614
15	0.14993	0.02825	0.01863	0.01680	0.02024	0.51499	0.01287	0.02646	0.04149	0.02017	0.01130	0.01338	0.00939	0.00780	0.00777	0.00204	0.08165	0.00475	0.00386	0.00823
16	0.01904	0.75404	0.03731	0.01218	0.01828	0.02818	0.01218	0.02132	0.01447	0.01675	0.00990	0.01142	0.00914	0.00609	0.00457	0.00152	0.00761	0.00381	0.00305	0.00914
17	0.70064	0.01291	0.01013	0.00916	0.01301	0.01483	0.00728	0.01960	0.01190	0.02966	0.01149	0.01598	0.01000	0.10016	0.00841	0.00279	0.00568	0.00467	0.00440	0.00728
18	0.00880	0.00651	0.00844	0.00965	0.01047	0.00616	0.00667	0.01027	0.01381	0.01817	0.04230	0.55937	0.14845	0.02500	0.08629	0.00374	0.00567	0.01804	0.00631	0.00588
19	0.01237	0.00618	0.00928	0.00928	0.00928	0.00618	0.00618	0.00928	0.00928	0.01237	0.01237	0.02165	0.01237	0.02474	0.02783	0.79283	0.00618	0.00618	0.00309	0.00309
20	0.02002	0.02254	0.02858	0.02417	0.08252	0.23209	0.26459	0.04926	0.08413	0.02214	0.01505	0.03576	0.01227	0.00780	0.00871	0.00227	0.06754	0.00709	0.00414	0.00935
21	0.01197	0.00796	0.00982	0.00986	0.01124	0.00808	0.00725	0.03760	0.04000	0.03785	0.13087	0.14581	0.03437	0.18591	0.09524	0.00449	0.00676	0.09250	0.11598	0.00645
22	0.18110	0.09776	0.07151	0.02033	0.16311	0.12687	0.03295	0.05190	0.01617	0.02423	0.01188	0.01432	0.00969	0.00663	0.00627	0.00191	0.02505	0.00494	0.00390	0.12949
23	0.01784	0.01509	0.09804	0.01671	0.10740	0.01224	0.01266	0.05656	0.10300	0.15232	0.02718	0.12365	0.07911	0.01053	0.00716	0.00217	0.00626	0.00899	0.03464	0.10845

[dist]
# distance from previous block
# <min> <max>
0	34

# created by:
# /home/berkeley/.conda/envs/busco_data_prod/bin/msa2prfl.pl pipeline/OGs_align_augustus/5794/51324.fs
