[name]
unknown

[dist]
# distance from previous block
# <min> <max>
9	109

[block]
# block no. 0 follows, 26 sequences, length 10
# corresponding to MSA columns:
# 114-123
name=unknown_A
#
# <colnr> <probs for GDERKNQSTAVLIFYWHMCP>
#	G	D	E	R	K	N	Q	S	T	A	V	L	I	F	Y	W	H	M	C	P
0	0.15045	0.01369	0.01493	0.01101	0.01740	0.01132	0.00885	0.01966	0.01524	0.02634	0.01297	0.01513	0.01071	0.00587	0.00546	0.00134	0.00566	0.00443	0.00453	0.64502
1	0.01113	0.00819	0.01010	0.01001	0.01147	0.00754	0.00672	0.01246	0.01332	0.01852	0.02881	0.30829	0.03287	0.27244	0.07610	0.00499	0.00696	0.01378	0.00549	0.14080
2	0.02626	0.01715	0.01923	0.01564	0.02096	0.01850	0.01263	0.25587	0.28218	0.20779	0.02621	0.02414	0.01845	0.00964	0.00765	0.00241	0.00694	0.00772	0.00810	0.01255
3	0.01947	0.01018	0.01252	0.01120	0.01445	0.00967	0.00863	0.02455	0.10074	0.24219	0.12325	0.15715	0.08431	0.01352	0.00791	0.00243	0.00497	0.01157	0.13189	0.00939
4	0.01948	0.61144	0.03555	0.01267	0.01921	0.02654	0.01228	0.02208	0.01547	0.01905	0.01106	0.01279	0.01000	0.00634	0.00500	0.00154	0.00768	0.00413	0.00346	0.14424
5	0.19131	0.01745	0.01855	0.01475	0.02031	0.01884	0.01211	0.32092	0.08954	0.19069	0.02049	0.01967	0.01424	0.00884	0.00699	0.00234	0.00715	0.00660	0.00739	0.01181
6	0.01747	0.01313	0.01853	0.01546	0.01931	0.01300	0.11396	0.14609	0.06048	0.09212	0.03714	0.24853	0.14204	0.01505	0.00870	0.00264	0.00673	0.01350	0.00690	0.00921
7	0.02105	0.05734	0.16898	0.02007	0.02652	0.11279	0.12049	0.20880	0.02247	0.02927	0.01693	0.02200	0.01366	0.01326	0.07534	0.00331	0.01149	0.04079	0.00497	0.01048
8	0.01372	0.01159	0.02051	0.01675	0.02025	0.01070	0.20577	0.01729	0.01793	0.06454	0.19062	0.24624	0.10129	0.01518	0.00909	0.00266	0.00683	0.01446	0.00652	0.00807
9	0.07738	0.05506	0.08803	0.18154	0.02913	0.01519	0.12657	0.04238	0.01604	0.04662	0.07394	0.02274	0.01665	0.01178	0.01190	0.15639	0.00876	0.00729	0.00433	0.00826

[dist]
# distance from previous block
# <min> <max>
0	2

[block]
# block no. 1 follows, 26 sequences, length 9
# corresponding to MSA columns:
# 126-134
name=unknown_B
#
# <colnr> <probs for GDERKNQSTAVLIFYWHMCP>
#	G	D	E	R	K	N	Q	S	T	A	V	L	I	F	Y	W	H	M	C	P
0	0.01314	0.01176	0.01802	0.01533	0.01761	0.01274	0.11064	0.03621	0.01605	0.02198	0.12072	0.12220	0.13826	0.07628	0.09253	0.00420	0.14743	0.01186	0.00548	0.00755
1	0.27262	0.01474	0.01923	0.32101	0.11261	0.01727	0.01604	0.02317	0.08857	0.02630	0.01456	0.01833	0.01118	0.00761	0.00663	0.00244	0.00810	0.00607	0.00435	0.00919
2	0.24305	0.01880	0.01778	0.07011	0.02140	0.13221	0.01268	0.04655	0.08955	0.02631	0.01377	0.01642	0.01117	0.00870	0.00978	0.00236	0.14707	0.00558	0.00461	0.10209
3	0.01067	0.00727	0.00868	0.00903	0.00922	0.00729	0.00546	0.01114	0.01180	0.01585	0.02712	0.18076	0.03131	0.54141	0.08534	0.00690	0.00780	0.01286	0.00503	0.00507
4	0.01509	0.01400	0.02279	0.39693	0.16674	0.01663	0.01953	0.01937	0.01530	0.02061	0.01648	0.02723	0.01458	0.01149	0.03667	0.00305	0.09332	0.07743	0.00387	0.00889
5	0.02185	0.60081	0.03618	0.01426	0.02025	0.16155	0.01331	0.02419	0.01660	0.01799	0.01078	0.01246	0.00974	0.00675	0.00525	0.00169	0.00920	0.00422	0.00337	0.00955
6	0.01091	0.00783	0.01069	0.01069	0.01153	0.00867	0.00762	0.01258	0.01175	0.01650	0.02169	0.03738	0.02225	0.31533	0.44943	0.01034	0.01536	0.00924	0.00427	0.00594
7	0.13238	0.02001	0.02079	0.01629	0.02205	0.02231	0.01340	0.53102	0.07566	0.04482	0.01802	0.01808	0.01295	0.00890	0.00720	0.00231	0.00785	0.00657	0.00720	0.01219
8	0.17266	0.07032	0.09874	0.02344	0.19014	0.07158	0.01669	0.17185	0.02101	0.07344	0.01493	0.01669	0.01131	0.00764	0.00672	0.00223	0.00862	0.00586	0.00510	0.01104

[dist]
# distance from previous block
# <min> <max>
0	1

[block]
# block no. 2 follows, 26 sequences, length 96
# corresponding to MSA columns:
# 136-158,160-174,183-240
name=unknown_C
#
# <colnr> <probs for GDERKNQSTAVLIFYWHMCP>
#	G	D	E	R	K	N	Q	S	T	A	V	L	I	F	Y	W	H	M	C	P
0	0.01011	0.00727	0.00964	0.01122	0.01210	0.00692	0.00825	0.01199	0.01530	0.02010	0.04241	0.48945	0.08111	0.05550	0.01119	0.00336	0.00520	0.18565	0.00691	0.00632
1	0.01933	0.06352	0.12278	0.05084	0.30872	0.04928	0.01908	0.06914	0.01935	0.07386	0.11005	0.02362	0.02037	0.00848	0.00750	0.00226	0.00853	0.00739	0.00497	0.01093
2	0.00940	0.00683	0.00859	0.00993	0.01061	0.00632	0.00661	0.01066	0.01452	0.01901	0.04456	0.56766	0.13231	0.09970	0.01271	0.00347	0.00464	0.01968	0.00678	0.00602
3	0.01854	0.01787	0.02997	0.04368	0.61426	0.01858	0.02256	0.02274	0.01666	0.02408	0.01380	0.01854	0.01179	0.00746	0.00938	0.00237	0.08565	0.00675	0.00371	0.01161
4	0.01878	0.04027	0.08088	0.02303	0.20812	0.03516	0.01543	0.06976	0.03813	0.07432	0.06472	0.05423	0.01839	0.00840	0.00709	0.00199	0.00746	0.00721	0.00519	0.22146
5	0.06993	0.38537	0.03004	0.01561	0.02093	0.30196	0.01342	0.04755	0.01842	0.02013	0.01129	0.01300	0.00977	0.00715	0.00575	0.00182	0.01024	0.00449	0.00375	0.00937
6	0.01965	0.01673	0.02262	0.01901	0.02025	0.02206	0.01582	0.08943	0.01521	0.08842	0.01283	0.01769	0.01115	0.01244	0.02131	0.00311	0.57188	0.00676	0.00438	0.00925
7	0.01873	0.19524	0.10015	0.12295	0.02555	0.01756	0.03714	0.04198	0.03717	0.11834	0.05275	0.05367	0.02155	0.01076	0.00754	0.00243	0.00812	0.11333	0.00541	0.00964
8	0.02292	0.05894	0.08897	0.02005	0.07000	0.27224	0.01591	0.09023	0.04023	0.06291	0.01643	0.07103	0.01431	0.00992	0.00979	0.00236	0.11213	0.00706	0.00477	0.00980
9	0.01457	0.01357	0.02272	0.53193	0.15541	0.01599	0.02004	0.01916	0.01546	0.02029	0.01643	0.09045	0.01442	0.00905	0.00778	0.00254	0.00936	0.00822	0.00380	0.00881
10	0.01573	0.01348	0.01573	0.01123	0.01798	0.01011	0.00899	0.01910	0.01573	0.02472	0.01348	0.01573	0.01123	0.00562	0.00562	0.00112	0.00562	0.00449	0.00449	0.77980
11	0.00977	0.00713	0.00927	0.01050	0.01152	0.00663	0.00753	0.01173	0.01615	0.02143	0.13541	0.48537	0.12294	0.02177	0.00959	0.00297	0.00453	0.09212	0.00722	0.00642
12	0.01233	0.00671	0.00954	0.00971	0.01003	0.00653	0.00654	0.01006	0.01114	0.01458	0.02289	0.09863	0.08911	0.02532	0.02543	0.61830	0.00607	0.00909	0.00407	0.00391
13	0.01044	0.00774	0.00972	0.00923	0.01115	0.00703	0.00692	0.01373	0.02076	0.02874	0.57968	0.05942	0.17505	0.01613	0.00895	0.00242	0.00362	0.01411	0.00813	0.00703
14	0.01353	0.00713	0.00730	0.00730	0.00873	0.00713	0.00516	0.01637	0.01495	0.02562	0.02458	0.03246	0.02103	0.15056	0.01182	0.00286	0.00428	0.00784	0.62476	0.00659
15	0.01750	0.01482	0.01851	0.01347	0.01995	0.01248	0.05631	0.10591	0.01842	0.02746	0.01461	0.01756	0.01204	0.03097	0.00725	0.00159	0.00656	0.00535	0.00487	0.59435
16	0.02093	0.59032	0.03549	0.01390	0.01989	0.09577	0.01304	0.02536	0.08688	0.01941	0.01286	0.01406	0.01119	0.00703	0.00537	0.00176	0.00844	0.00463	0.00379	0.00989
17	0.78701	0.01467	0.01115	0.00997	0.01467	0.01702	0.00821	0.02230	0.01291	0.03403	0.01056	0.01232	0.00821	0.00704	0.00469	0.00235	0.00587	0.00411	0.00469	0.00821
18	0.01275	0.00974	0.01331	0.01261	0.01437	0.01063	0.03283	0.06153	0.06143	0.02082	0.02475	0.14265	0.02496	0.15750	0.35541	0.00817	0.01344	0.01072	0.00513	0.00725
19	0.00903	0.00741	0.00797	0.00841	0.01044	0.00634	0.00609	0.01080	0.01659	0.02021	0.06797	0.23893	0.52283	0.02036	0.00915	0.00269	0.00398	0.01741	0.00704	0.00634
20	0.01023	0.00769	0.01010	0.01026	0.01166	0.00783	0.00755	0.01244	0.01480	0.02002	0.13152	0.14468	0.16752	0.10574	0.29501	0.00701	0.01095	0.01276	0.00578	0.00645
21	0.01026	0.00702	0.00909	0.01032	0.01127	0.00643	0.00707	0.01182	0.01544	0.04661	0.07532	0.59764	0.11884	0.02231	0.00949	0.00296	0.00438	0.02004	0.00720	0.00650
22	0.01548	0.07648	0.65925	0.02116	0.03212	0.01828	0.02722	0.02395	0.01598	0.02369	0.01345	0.01581	0.00962	0.00717	0.00708	0.00236	0.01104	0.00552	0.00321	0.01113
23	0.01565	0.01325	0.01620	0.01509	0.01846	0.01445	0.04997	0.02876	0.37493	0.02719	0.03575	0.12998	0.06542	0.01451	0.00870	0.00283	0.00631	0.14554	0.00721	0.00979
24	0.08919	0.00882	0.00933	0.00893	0.00972	0.00918	0.00548	0.04679	0.01253	0.01839	0.02227	0.04425	0.02487	0.62255	0.03358	0.00658	0.00726	0.01012	0.00477	0.00540
25	0.02261	0.02010	0.02118	0.01789	0.02119	0.11350	0.01445	0.18205	0.17205	0.06447	0.01810	0.01979	0.01417	0.01063	0.01336	0.00266	0.24849	0.00695	0.00578	0.01059
26	0.04815	0.01849	0.02258	0.01868	0.05823	0.08887	0.10814	0.13497	0.08631	0.10088	0.04932	0.02095	0.01618	0.00801	0.00723	0.00206	0.00823	0.00688	0.00586	0.18999
27	0.02206	0.01504	0.01544	0.01308	0.01698	0.08162	0.01032	0.15018	0.09357	0.16242	0.17578	0.03093	0.02952	0.01059	0.00746	0.00223	0.00634	0.00861	0.13773	0.01008
28	0.02685	0.02085	0.02128	0.01692	0.02227	0.07033	0.01370	0.55108	0.03255	0.04288	0.02010	0.08856	0.01638	0.01047	0.00774	0.00233	0.00833	0.00816	0.00727	0.01194
29	0.01853	0.01732	0.02606	0.21094	0.36927	0.04270	0.02008	0.07737	0.01832	0.02515	0.01423	0.01858	0.01144	0.00709	0.00731	0.00219	0.00904	0.00645	0.00407	0.09387
30	0.02224	0.01880	0.03575	0.02849	0.10380	0.01792	0.39933	0.09000	0.02035	0.15716	0.01837	0.02110	0.01312	0.00729	0.00840	0.00246	0.01070	0.00824	0.00529	0.01121
31	0.03152	0.01235	0.01680	0.01307	0.01850	0.01072	0.01072	0.03452	0.02168	0.62008	0.10027	0.02914	0.02447	0.01005	0.00777	0.00235	0.00614	0.00828	0.00928	0.01229
32	0.01963	0.01611	0.01875	0.01570	0.01968	0.06494	0.08404	0.20020	0.13399	0.03160	0.02490	0.14329	0.02192	0.01136	0.00762	0.00237	0.00722	0.00980	0.15702	0.00986
33	0.01806	0.43161	0.32668	0.01677	0.02533	0.02458	0.01958	0.02329	0.01568	0.02055	0.01189	0.01385	0.00968	0.00680	0.00589	0.00196	0.00947	0.00474	0.00323	0.01038
34	0.01069	0.00721	0.00837	0.00871	0.00879	0.00713	0.00506	0.01094	0.01169	0.01559	0.02729	0.17829	0.03186	0.59894	0.03312	0.00654	0.00679	0.01303	0.00506	0.00489
35	0.00967	0.00709	0.00915	0.01043	0.01144	0.00657	0.00744	0.01154	0.01591	0.02098	0.11013	0.50258	0.13821	0.02202	0.00960	0.00298	0.00452	0.08620	0.00717	0.00638
36	0.01217	0.00928	0.01084	0.01024	0.01258	0.00896	0.00770	0.07452	0.05537	0.02786	0.33102	0.15229	0.22477	0.01681	0.00886	0.00253	0.00434	0.01454	0.00771	0.00761
37	0.02038	0.01596	0.01720	0.01524	0.01969	0.01810	0.01192	0.03997	0.60767	0.09736	0.03078	0.02805	0.02272	0.01020	0.00771	0.00255	0.00605	0.00848	0.00788	0.01210
38	0.00958	0.00784	0.00854	0.00874	0.01112	0.00680	0.00681	0.01187	0.01767	0.02164	0.12251	0.07342	0.53991	0.01915	0.00918	0.00268	0.00427	0.10458	0.00715	0.00655
39	0.03345	0.01384	0.01818	0.01394	0.01983	0.01253	0.01151	0.10649	0.02326	0.61965	0.02862	0.02497	0.01812	0.00936	0.00762	0.00234	0.00667	0.00754	0.00919	0.01291
40	0.01521	0.03923	0.69413	0.02162	0.03283	0.01762	0.02802	0.02402	0.01601	0.02402	0.01361	0.01601	0.00961	0.00721	0.00721	0.00240	0.01121	0.00560	0.00320	0.01121
41	0.01573	0.01348	0.01573	0.01123	0.01798	0.01011	0.00899	0.01910	0.01573	0.02472	0.01348	0.01573	0.01123	0.00562	0.00562	0.00112	0.00562	0.00449	0.00449	0.77980
42	0.00955	0.00738	0.00872	0.00909	0.01078	0.00654	0.00655	0.01176	0.01764	0.02297	0.23841	0.26725	0.31703	0.01954	0.00918	0.00267	0.00394	0.01704	0.00741	0.00654
43	0.02006	0.01278	0.01339	0.01125	0.01475	0.01370	0.00897	0.27683	0.02387	0.03615	0.02211	0.02422	0.01681	0.00895	0.00622	0.00197	0.00547	0.00697	0.46610	0.00942
44	0.01432	0.01348	0.02275	0.71520	0.05224	0.01685	0.02107	0.01938	0.01517	0.01938	0.01348	0.02022	0.01011	0.00758	0.00758	0.00253	0.01011	0.00674	0.00337	0.00843
45	0.12632	0.01365	0.01507	0.01105	0.01750	0.01110	0.00888	0.01956	0.01532	0.02605	0.01306	0.01524	0.01080	0.00582	0.00548	0.00130	0.00565	0.00444	0.00452	0.66916
46	0.01657	0.16919	0.49709	0.01931	0.02888	0.02010	0.02345	0.02553	0.08670	0.02368	0.01489	0.01661	0.01109	0.00740	0.00682	0.00227	0.01006	0.00563	0.00370	0.01102
47	0.01194	0.00859	0.01045	0.01067	0.01192	0.00857	0.00741	0.08135	0.01681	0.02255	0.10009	0.37388	0.07654	0.16730	0.05221	0.00425	0.00616	0.01603	0.00657	0.00671
48	0.00948	0.00760	0.00847	0.00848	0.01062	0.00659	0.00627	0.01180	0.01817	0.02312	0.24029	0.13366	0.45147	0.01864	0.00903	0.00256	0.00382	0.01593	0.00740	0.00659
49	0.01659	0.01659	0.02323	0.01991	0.01991	0.02323	0.01659	0.01825	0.01162	0.01825	0.00996	0.01659	0.00996	0.01328	0.02489	0.00332	0.71955	0.00664	0.00332	0.00830
50	0.01521	0.03923	0.69413	0.02162	0.03283	0.01762	0.02802	0.02402	0.01601	0.02402	0.01361	0.01601	0.00961	0.00721	0.00721	0.00240	0.01121	0.00560	0.00320	0.01121
51	0.01094	0.00772	0.01015	0.01015	0.01080	0.00837	0.00694	0.01224	0.01159	0.01610	0.02218	0.04011	0.02344	0.40868	0.35770	0.00968	0.01358	0.00964	0.00434	0.00564
52	0.01790	0.02046	0.04476	0.03197	0.03964	0.01918	0.65857	0.02430	0.01790	0.02430	0.01535	0.02046	0.01151	0.00639	0.00895	0.00256	0.01279	0.00895	0.00384	0.01023
53	0.00974	0.00734	0.00904	0.00963	0.01111	0.00664	0.00697	0.01199	0.01746	0.02307	0.23895	0.31992	0.23139	0.01995	0.00931	0.00275	0.00413	0.04663	0.00742	0.00656
54	0.01887	0.01629	0.01715	0.01544	0.01972	0.01887	0.01201	0.04031	0.67241	0.03173	0.03087	0.02830	0.02315	0.01029	0.00772	0.00257	0.00600	0.00858	0.00772	0.01201
55	0.00984	0.00772	0.00889	0.00860	0.01078	0.00677	0.00645	0.01257	0.01935	0.02537	0.37451	0.06496	0.38232	0.01739	0.00896	0.00247	0.00371	0.01488	0.00769	0.00677
56	0.01103	0.00735	0.00827	0.00827	0.00827	0.00735	0.00460	0.01103	0.01103	0.01471	0.02390	0.04964	0.02758	0.73343	0.03861	0.00735	0.00735	0.01103	0.00460	0.00460
57	0.02883	0.02125	0.02276	0.01745	0.02352	0.02352	0.01442	0.66082	0.03566	0.04780	0.01821	0.01821	0.01290	0.00911	0.00759	0.00228	0.00835	0.00683	0.00759	0.01290
58	0.00924	0.00660	0.00880	0.01056	0.01100	0.00616	0.00704	0.01056	0.01452	0.01936	0.04181	0.72848	0.05017	0.02376	0.00968	0.00308	0.00440	0.02156	0.00704	0.00616
59	0.01084	0.00813	0.01219	0.01219	0.01354	0.00948	0.00948	0.01354	0.01219	0.01761	0.02032	0.02980	0.01896	0.05689	0.70337	0.01219	0.02032	0.00813	0.00406	0.00677
60	0.03042	0.01372	0.01749	0.01396	0.01945	0.01299	0.01135	0.03776	0.17677	0.53418	0.03015	0.02641	0.01982	0.00960	0.00765	0.00240	0.00635	0.00785	0.00899	0.01269
61	0.14200	0.01316	0.01668	0.01299	0.01869	0.01199	0.01073	0.03486	0.02045	0.59711	0.02715	0.02388	0.01726	0.00905	0.00721	0.00235	0.00637	0.00712	0.00871	0.01224
62	0.00978	0.00761	0.00889	0.00880	0.01080	0.00672	0.00651	0.01238	0.01888	0.02480	0.34322	0.13093	0.34744	0.01801	0.00903	0.00253	0.00378	0.01554	0.00763	0.00672
63	0.02883	0.02125	0.02276	0.01745	0.02352	0.02352	0.01442	0.66082	0.03566	0.04780	0.01821	0.01821	0.01290	0.00911	0.00759	0.00228	0.00835	0.00683	0.00759	0.01290
64	0.01034	0.00762	0.00973	0.00992	0.01155	0.00701	0.00744	0.01323	0.01911	0.02606	0.40622	0.19327	0.15228	0.01819	0.00924	0.00266	0.00412	0.07740	0.00777	0.00684
65	0.78701	0.01467	0.01115	0.00997	0.01467	0.01702	0.00821	0.02230	0.01291	0.03403	0.01056	0.01232	0.00821	0.00704	0.00469	0.00235	0.00587	0.00411	0.00469	0.00821
66	0.00944	0.00713	0.00874	0.00955	0.01085	0.00642	0.00670	0.01136	0.01662	0.02177	0.17243	0.41556	0.23408	0.02091	0.00934	0.00280	0.00409	0.01851	0.00729	0.00642
67	0.02141	0.09510	0.02080	0.01552	0.02037	0.02081	0.01257	0.21332	0.39030	0.03423	0.02559	0.05599	0.02004	0.01017	0.00746	0.00241	0.00682	0.00819	0.00717	0.01175
68	0.01217	0.00758	0.00900	0.00892	0.01060	0.00706	0.00644	0.01476	0.01740	0.05566	0.23817	0.16366	0.13382	0.08271	0.01090	0.00284	0.00423	0.01322	0.19398	0.00689
69	0.01831	0.38090	0.34234	0.01729	0.02585	0.05597	0.02003	0.02368	0.01598	0.02074	0.01202	0.01402	0.00968	0.00688	0.00604	0.00200	0.00981	0.00481	0.00326	0.01037
70	0.05032	0.16594	0.36593	0.01842	0.02712	0.02150	0.02080	0.19173	0.02096	0.02952	0.01412	0.01572	0.01045	0.00756	0.00676	0.00222	0.00966	0.00558	0.00443	0.01126
71	0.00958	0.00723	0.00895	0.01018	0.01145	0.00660	0.00740	0.01140	0.01578	0.02018	0.05220	0.43739	0.24128	0.02198	0.00958	0.00298	0.00460	0.10785	0.00703	0.00635
72	0.00922	0.00694	0.00854	0.00973	0.01081	0.00627	0.00669	0.01079	0.01555	0.02009	0.07552	0.52227	0.22572	0.02220	0.00946	0.00291	0.00422	0.01973	0.00709	0.00627
73	0.01900	0.01990	0.14855	0.04761	0.02184	0.07650	0.01444	0.13574	0.05588	0.09405	0.09826	0.16137	0.04948	0.01251	0.00806	0.00248	0.00772	0.01049	0.00635	0.00979
74	0.10692	0.02769	0.01965	0.08692	0.02464	0.42692	0.01408	0.03030	0.14725	0.02289	0.01552	0.01704	0.01225	0.00819	0.00685	0.00217	0.01098	0.00571	0.00468	0.00932
75	0.00924	0.00660	0.00880	0.01056	0.01100	0.00616	0.00704	0.01056	0.01452	0.01936	0.04181	0.72848	0.05017	0.02376	0.00968	0.00308	0.00440	0.02156	0.00704	0.00616
76	0.10398	0.18339	0.21444	0.09271	0.02739	0.21575	0.01806	0.02484	0.01702	0.02172	0.01207	0.01457	0.00958	0.00725	0.00636	0.00211	0.01055	0.00503	0.00359	0.00958
77	0.01833	0.01757	0.02999	0.11309	0.62305	0.01791	0.02306	0.02289	0.01706	0.02424	0.01419	0.01892	0.01183	0.00684	0.00752	0.00228	0.00912	0.00676	0.00372	0.01166
78	0.01101	0.00743	0.00866	0.00866	0.00880	0.00757	0.00508	0.01128	0.01115	0.01500	0.02354	0.04766	0.02672	0.66612	0.10475	0.00783	0.00864	0.01074	0.00454	0.00481
79	0.02883	0.02125	0.02276	0.01745	0.02352	0.02352	0.01442	0.66082	0.03566	0.04780	0.01821	0.01821	0.01290	0.00911	0.00759	0.00228	0.00835	0.00683	0.00759	0.01290
80	0.01877	0.01802	0.03079	0.04656	0.68612	0.01802	0.02328	0.02328	0.01727	0.02478	0.01427	0.01877	0.01201	0.00676	0.00751	0.00225	0.00901	0.00676	0.00375	0.01201
81	0.02833	0.03615	0.02149	0.01954	0.02345	0.70298	0.01466	0.03029	0.02149	0.01856	0.01172	0.01368	0.00977	0.00782	0.00684	0.00195	0.01368	0.00489	0.00391	0.00879
82	0.01680	0.02207	0.27160	0.01712	0.06139	0.03850	0.01664	0.02181	0.01769	0.11949	0.14595	0.03278	0.07838	0.07023	0.03401	0.00311	0.00848	0.00880	0.00555	0.00959
83	0.00958	0.00736	0.00868	0.00922	0.01079	0.00658	0.00661	0.01157	0.01684	0.02172	0.17086	0.28815	0.30926	0.05306	0.01062	0.00296	0.00425	0.03833	0.00716	0.00640
84	0.01703	0.01425	0.01643	0.01185	0.01853	0.01145	0.00953	0.08295	0.01771	0.02701	0.01395	0.01598	0.01140	0.00596	0.00581	0.00124	0.00589	0.00473	0.00480	0.70349
85	0.09620	0.18722	0.16971	0.02064	0.12825	0.09838	0.01712	0.05824	0.01743	0.02450	0.01273	0.01503	0.01029	0.00692	0.00624	0.00197	0.00902	0.00513	0.00394	0.11104
86	0.01975	0.12450	0.18531	0.02185	0.15791	0.01775	0.01760	0.09276	0.04191	0.10833	0.05419	0.02548	0.08199	0.00918	0.00730	0.00226	0.00815	0.00752	0.00534	0.01091
87	0.00951	0.00674	0.00882	0.01026	0.01072	0.00634	0.00678	0.01081	0.01452	0.01945	0.07401	0.61945	0.04887	0.09987	0.01276	0.00350	0.00468	0.02001	0.00685	0.00605
88	0.01298	0.01157	0.04594	0.01839	0.17271	0.01011	0.01157	0.01678	0.01904	0.02717	0.33704	0.04497	0.13395	0.01283	0.00813	0.00231	0.00526	0.01129	0.08959	0.00839
89	0.04550	0.15144	0.08741	0.01793	0.05246	0.06780	0.06178	0.04613	0.01755	0.08981	0.11039	0.02320	0.02033	0.01220	0.04793	0.00290	0.12348	0.00723	0.00497	0.00957
90	0.02209	0.02122	0.08955	0.01888	0.02444	0.09618	0.10697	0.19326	0.12004	0.08276	0.02285	0.05991	0.01903	0.01053	0.00809	0.00251	0.00905	0.07555	0.00626	0.01080
91	0.00949	0.00780	0.00842	0.00855	0.01094	0.00673	0.00660	0.01175	0.01772	0.02172	0.13311	0.07273	0.55323	0.01903	0.00913	0.00264	0.00415	0.08255	0.00717	0.00654
92	0.01437	0.01328	0.02069	0.20300	0.07559	0.01420	0.10608	0.02165	0.14079	0.02356	0.06599	0.12016	0.12440	0.01209	0.00835	0.00259	0.00762	0.01105	0.00558	0.00896
93	0.10306	0.02048	0.05273	0.15118	0.25649	0.11247	0.08787	0.04627	0.05258	0.02506	0.01449	0.01818	0.01143	0.00733	0.00728	0.00233	0.00982	0.00650	0.00414	0.01033
94	0.02105	0.01547	0.01896	0.01595	0.01916	0.01808	0.01294	0.13457	0.17612	0.13186	0.11579	0.02682	0.02379	0.01158	0.01293	0.00268	0.21668	0.00830	0.00675	0.01051
95	0.10419	0.01334	0.01576	0.01255	0.01753	0.01300	0.01026	0.13611	0.02203	0.38860	0.02502	0.02368	0.01687	0.00900	0.00687	0.00222	0.00614	0.00703	0.15847	0.01130

[dist]
# distance from previous block
# <min> <max>
0	65

[block]
# block no. 3 follows, 26 sequences, length 45
# corresponding to MSA columns:
# 306-350
name=unknown_D
#
# <colnr> <probs for GDERKNQSTAVLIFYWHMCP>
#	G	D	E	R	K	N	Q	S	T	A	V	L	I	F	Y	W	H	M	C	P
0	0.02109	0.02128	0.14794	0.02433	0.18777	0.01763	0.04138	0.22526	0.02324	0.08166	0.02517	0.02609	0.10406	0.00947	0.00774	0.00235	0.00845	0.00798	0.00575	0.01138
1	0.02513	0.01454	0.01687	0.01378	0.01829	0.01490	0.01103	0.28822	0.02552	0.22517	0.02630	0.13722	0.02154	0.01153	0.00763	0.00236	0.00650	0.00949	0.11298	0.01101
2	0.01103	0.00735	0.00827	0.00827	0.00827	0.00735	0.00460	0.01103	0.01103	0.01471	0.02390	0.04964	0.02758	0.73343	0.03861	0.00735	0.00735	0.01103	0.00460	0.00460
3	0.78701	0.01467	0.01115	0.00997	0.01467	0.01702	0.00821	0.02230	0.01291	0.03403	0.01056	0.01232	0.00821	0.00704	0.00469	0.00235	0.00587	0.00411	0.00469	0.00821
4	0.01779	0.01716	0.02964	0.18783	0.52574	0.01782	0.04825	0.02249	0.01685	0.02362	0.01414	0.01915	0.01159	0.00692	0.00758	0.00232	0.00940	0.00684	0.00368	0.01118
5	0.01213	0.00797	0.00997	0.00968	0.01174	0.00714	0.00717	0.01480	0.01908	0.08585	0.34940	0.19708	0.20436	0.01752	0.00898	0.00257	0.00407	0.01532	0.00787	0.00730
6	0.01877	0.01802	0.03079	0.04656	0.68612	0.01802	0.02328	0.02328	0.01727	0.02478	0.01427	0.01877	0.01201	0.00676	0.00751	0.00225	0.00901	0.00676	0.00375	0.01201
7	0.00918	0.00683	0.00857	0.00996	0.01084	0.00621	0.00678	0.01063	0.01510	0.01960	0.04908	0.59245	0.18151	0.02282	0.00953	0.00297	0.00428	0.02041	0.00704	0.00621
8	0.01074	0.00775	0.01014	0.00954	0.01133	0.00716	0.00716	0.01431	0.02147	0.03042	0.68211	0.05666	0.07157	0.01551	0.00895	0.00239	0.00358	0.01372	0.00835	0.00716
9	0.00924	0.00660	0.00880	0.01056	0.01100	0.00616	0.00704	0.01056	0.01452	0.01936	0.04181	0.72848	0.05017	0.02376	0.00968	0.00308	0.00440	0.02156	0.00704	0.00616
10	0.01544	0.01532	0.02058	0.49302	0.06334	0.09895	0.01796	0.01943	0.01574	0.01924	0.01704	0.10185	0.01556	0.04435	0.00922	0.00274	0.00972	0.00842	0.00393	0.00815
11	0.01790	0.40920	0.34766	0.01704	0.02575	0.02418	0.02006	0.02333	0.01570	0.02075	0.01199	0.01398	0.00967	0.00683	0.00597	0.00199	0.00957	0.00478	0.00322	0.01043
12	0.18348	0.02586	0.01897	0.06930	0.02330	0.35135	0.01342	0.08855	0.10954	0.02639	0.01484	0.01632	0.01160	0.00810	0.00664	0.00219	0.01024	0.00555	0.00490	0.00947
13	0.01718	0.01640	0.02791	0.28584	0.45927	0.01760	0.02249	0.02188	0.01652	0.02285	0.01399	0.01929	0.01133	0.00705	0.00754	0.00235	0.00940	0.00675	0.00362	0.01073
14	0.01084	0.00813	0.01219	0.01219	0.01354	0.00948	0.00948	0.01354	0.01219	0.01761	0.02032	0.02980	0.01896	0.05689	0.70337	0.01219	0.02032	0.00813	0.00406	0.00677
15	0.01143	0.00755	0.01055	0.01055	0.01120	0.00821	0.00743	0.01198	0.01133	0.01576	0.01967	0.03385	0.02006	0.24126	0.35875	0.18900	0.01346	0.00859	0.00404	0.00535
16	0.00931	0.00770	0.00816	0.00804	0.01046	0.00655	0.00603	0.01155	0.01810	0.02241	0.19391	0.06984	0.56477	0.01849	0.00896	0.00253	0.00379	0.01557	0.00730	0.00655
17	0.01521	0.03923	0.69413	0.02162	0.03283	0.01762	0.02802	0.02402	0.01601	0.02402	0.01361	0.01601	0.00961	0.00721	0.00721	0.00240	0.01121	0.00560	0.00320	0.01121
18	0.13451	0.01707	0.01915	0.01487	0.02068	0.01776	0.01228	0.32808	0.02706	0.29915	0.02177	0.02040	0.01457	0.00893	0.00721	0.00231	0.00726	0.00677	0.00790	0.01226
19	0.02033	0.01543	0.02010	0.01843	0.08746	0.01590	0.05786	0.10440	0.20695	0.10936	0.02247	0.02587	0.01792	0.10123	0.01200	0.00291	0.03137	0.00778	0.00624	0.11597
20	0.02220	0.17565	0.19288	0.01763	0.02424	0.17019	0.01720	0.18424	0.02173	0.02705	0.01423	0.01631	0.01120	0.01142	0.05928	0.00285	0.01108	0.00563	0.00453	0.01047
21	0.01602	0.01522	0.02582	0.45987	0.29429	0.01730	0.02191	0.02087	0.01597	0.02144	0.01378	0.01967	0.01084	0.00727	0.00756	0.00242	0.00969	0.00675	0.00352	0.00980
22	0.01923	0.07619	0.15058	0.02799	0.22097	0.01904	0.12324	0.14426	0.02005	0.02764	0.01632	0.04376	0.01373	0.05240	0.00949	0.00263	0.00957	0.00748	0.00452	0.01092
23	0.01591	0.13474	0.60469	0.02044	0.03100	0.01931	0.02597	0.02384	0.01593	0.02318	0.01319	0.01549	0.00963	0.00711	0.00689	0.00230	0.01079	0.00539	0.00321	0.01101
24	0.00924	0.00660	0.00880	0.01056	0.01100	0.00616	0.00704	0.01056	0.01452	0.01936	0.04181	0.72848	0.05017	0.02376	0.00968	0.00308	0.00440	0.02156	0.00704	0.00616
25	0.02004	0.44030	0.17438	0.01541	0.02254	0.02520	0.01611	0.12414	0.01873	0.02400	0.01392	0.04840	0.01216	0.00789	0.00603	0.00196	0.00863	0.00567	0.00411	0.01038
26	0.01363	0.01052	0.01408	0.01331	0.01497	0.01220	0.01032	0.10192	0.01570	0.02200	0.02271	0.14602	0.02277	0.06288	0.39735	0.00820	0.08865	0.01017	0.00499	0.00759
27	0.00965	0.00689	0.00927	0.01103	0.01165	0.00651	0.00775	0.01127	0.01492	0.01982	0.04158	0.64061	0.04928	0.02338	0.00979	0.00314	0.00475	0.10542	0.00703	0.00627
28	0.01111	0.00708	0.00947	0.01078	0.01163	0.00654	0.00735	0.01255	0.01506	0.07008	0.04091	0.67545	0.04780	0.02268	0.00953	0.00303	0.00456	0.02051	0.00722	0.00667
29	0.02306	0.01861	0.02199	0.14375	0.10991	0.06137	0.01590	0.23813	0.17572	0.08296	0.02031	0.02128	0.01493	0.00876	0.00756	0.00237	0.00838	0.00715	0.00631	0.01154
30	0.02673	0.17977	0.02546	0.01789	0.02263	0.47045	0.01427	0.11490	0.02217	0.02241	0.01237	0.01398	0.01019	0.00772	0.00653	0.00193	0.01179	0.00498	0.00427	0.00955
31	0.01884	0.08062	0.15681	0.01655	0.02399	0.05789	0.07502	0.08050	0.01835	0.05019	0.01437	0.01641	0.01115	0.00667	0.00651	0.00175	0.00838	0.00545	0.00450	0.34605
32	0.01365	0.01548	0.10122	0.12614	0.04911	0.04528	0.01344	0.01995	0.10695	0.02403	0.15143	0.12323	0.15297	0.01345	0.00827	0.00253	0.00678	0.01155	0.00601	0.00855
33	0.00921	0.00769	0.00802	0.00794	0.01039	0.00651	0.00595	0.01135	0.01786	0.02185	0.15957	0.07076	0.59946	0.01870	0.00896	0.00254	0.00381	0.01570	0.00722	0.00651
34	0.01968	0.01642	0.02577	0.28362	0.31435	0.01783	0.02035	0.11003	0.01935	0.07627	0.01570	0.01976	0.01195	0.00758	0.00756	0.00236	0.00913	0.00683	0.00456	0.01090
35	0.02634	0.02659	0.11315	0.01800	0.02390	0.21113	0.01577	0.32101	0.02701	0.08366	0.01771	0.04917	0.01369	0.00917	0.00742	0.00224	0.00991	0.00684	0.00607	0.01122
36	0.03243	0.01548	0.01920	0.01472	0.02065	0.01497	0.01216	0.22975	0.02602	0.49249	0.02630	0.02347	0.01696	0.00930	0.00762	0.00233	0.00704	0.00738	0.00883	0.01291
37	0.01673	0.01341	0.02212	0.62956	0.04823	0.01616	0.01985	0.02153	0.01597	0.10140	0.01549	0.02091	0.01117	0.00780	0.00759	0.00251	0.00966	0.00685	0.00410	0.00897
38	0.00961	0.00761	0.00865	0.00860	0.01070	0.00665	0.00637	0.01206	0.01851	0.02388	0.28672	0.12678	0.41031	0.01832	0.00902	0.00255	0.00380	0.01571	0.00750	0.00665
39	0.01493	0.01154	0.01752	0.11038	0.02194	0.01281	0.06078	0.01890	0.03846	0.08325	0.12525	0.03728	0.07569	0.02296	0.17111	0.00490	0.10110	0.05737	0.00557	0.00824
40	0.07806	0.02185	0.02149	0.13087	0.02692	0.16564	0.01519	0.27750	0.02411	0.03162	0.01436	0.01688	0.01104	0.00883	0.00927	0.00234	0.09630	0.00611	0.00529	0.03634
41	0.05708	0.05117	0.02277	0.10698	0.13340	0.20158	0.01592	0.13400	0.15070	0.02781	0.01712	0.01883	0.01328	0.00823	0.00716	0.00225	0.00950	0.00640	0.00519	0.01060
42	0.01375	0.07925	0.05704	0.09807	0.02008	0.03605	0.01154	0.01961	0.11481	0.02342	0.13754	0.20957	0.09529	0.01427	0.00812	0.00250	0.00626	0.01230	0.00613	0.03439
43	0.05193	0.01587	0.01562	0.01336	0.01700	0.12604	0.01022	0.08258	0.06777	0.13540	0.06071	0.02276	0.01762	0.01363	0.01322	0.21373	0.00752	0.00676	0.00568	0.10258
44	0.04471	0.11371	0.10438	0.01663	0.05194	0.17224	0.01399	0.06985	0.06708	0.02353	0.02639	0.05463	0.10776	0.04350	0.00880	0.00254	0.00877	0.05527	0.00510	0.00915

[dist]
# distance from previous block
# <min> <max>
12	68

[block]
# block no. 4 follows, 26 sequences, length 9
# corresponding to MSA columns:
# 430-438
name=unknown_E
#
# <colnr> <probs for GDERKNQSTAVLIFYWHMCP>
#	G	D	E	R	K	N	Q	S	T	A	V	L	I	F	Y	W	H	M	C	P
0	0.02320	0.01540	0.12476	0.01358	0.01888	0.01081	0.01256	0.02714	0.02022	0.36469	0.19688	0.08180	0.03317	0.01163	0.00805	0.00242	0.00634	0.00986	0.00795	0.01067
1	0.01492	0.12923	0.01776	0.01114	0.01615	0.01241	0.00891	0.01749	0.01506	0.02179	0.01886	0.14253	0.01921	0.07244	0.00908	0.00209	0.00596	0.00797	0.00474	0.45222
2	0.01751	0.01760	0.09422	0.12895	0.02557	0.01703	0.01479	0.10232	0.31425	0.03005	0.10219	0.05626	0.02515	0.01053	0.00785	0.00251	0.00718	0.00888	0.00653	0.01063
3	0.01833	0.09263	0.01599	0.01207	0.01523	0.01203	0.00945	0.08999	0.01965	0.17138	0.13689	0.30615	0.03807	0.01570	0.00834	0.00255	0.00557	0.01363	0.00740	0.00895
4	0.02163	0.43574	0.14095	0.01615	0.02271	0.20918	0.01587	0.02496	0.01715	0.01904	0.01136	0.01320	0.00972	0.00696	0.00578	0.00184	0.01011	0.00453	0.00342	0.00972
5	0.01753	0.01936	0.20134	0.01429	0.02032	0.01269	0.01400	0.02388	0.09395	0.12335	0.06089	0.02744	0.01998	0.13935	0.01277	0.00303	0.00752	0.00750	0.00550	0.17529
6	0.02475	0.01910	0.02316	0.02488	0.20981	0.05941	0.01602	0.23670	0.15069	0.12575	0.02078	0.02111	0.01526	0.00863	0.00755	0.00232	0.00813	0.00714	0.00656	0.01224
7	0.01944	0.10269	0.02400	0.01702	0.02143	0.01766	0.12773	0.16225	0.09433	0.06678	0.02306	0.13806	0.02133	0.09079	0.01188	0.00301	0.03286	0.00997	0.00594	0.00977
8	0.01165	0.01029	0.01018	0.01088	0.01214	0.08532	0.00755	0.01329	0.01624	0.02033	0.11290	0.42819	0.14038	0.07046	0.01121	0.00310	0.00549	0.01724	0.00666	0.00649

[dist]
# distance from previous block
# <min> <max>
0	1

[block]
# block no. 5 follows, 26 sequences, length 9
# corresponding to MSA columns:
# 440-448
name=unknown_F
#
# <colnr> <probs for GDERKNQSTAVLIFYWHMCP>
#	G	D	E	R	K	N	Q	S	T	A	V	L	I	F	Y	W	H	M	C	P
0	0.01103	0.00735	0.00827	0.00827	0.00827	0.00735	0.00460	0.01103	0.01103	0.01471	0.02390	0.04964	0.02758	0.73343	0.03861	0.00735	0.00735	0.01103	0.00460	0.00460
1	0.02026	0.02472	0.09082	0.02859	0.23472	0.22848	0.10043	0.02429	0.01820	0.02225	0.01589	0.07836	0.01428	0.00848	0.00753	0.00221	0.01054	0.00749	0.00409	0.05838
2	0.09156	0.01186	0.01378	0.07315	0.01813	0.01207	0.00990	0.13047	0.02093	0.11707	0.14148	0.09482	0.20745	0.01371	0.00807	0.00247	0.00573	0.01139	0.00711	0.00886
3	0.02361	0.02105	0.02127	0.01772	0.02246	0.17115	0.06873	0.16577	0.21250	0.08976	0.02145	0.02213	0.01618	0.01356	0.07467	0.00328	0.01022	0.00728	0.00630	0.01090
4	0.08375	0.09039	0.30933	0.02023	0.07635	0.07986	0.02001	0.02273	0.01602	0.02331	0.01519	0.02210	0.01309	0.00894	0.00857	0.00240	0.07218	0.06610	0.00388	0.04559
5	0.01870	0.05997	0.22165	0.07964	0.12100	0.07026	0.03972	0.09897	0.07786	0.02593	0.01818	0.02054	0.04257	0.00867	0.00870	0.00240	0.06332	0.00680	0.00447	0.01064
6	0.14918	0.09929	0.09740	0.01320	0.01920	0.01587	0.01220	0.10542	0.01919	0.11961	0.07949	0.02092	0.01770	0.00819	0.00639	0.00200	0.00678	0.00623	0.04004	0.16170
7	0.01759	0.14944	0.23304	0.02130	0.09145	0.01822	0.10244	0.02374	0.04494	0.04742	0.01586	0.02012	0.01281	0.00749	0.00698	0.00211	0.00915	0.03387	0.00415	0.13789
8	0.08624	0.07885	0.19159	0.02318	0.14062	0.04946	0.08061	0.05103	0.08116	0.08653	0.04643	0.02017	0.01513	0.00795	0.00719	0.00231	0.00901	0.00673	0.00492	0.01089

[dist]
# distance from previous block
# <min> <max>
2	94

[block]
# block no. 6 follows, 26 sequences, length 50
# corresponding to MSA columns:
# 548-597
name=unknown_G
#
# <colnr> <probs for GDERKNQSTAVLIFYWHMCP>
#	G	D	E	R	K	N	Q	S	T	A	V	L	I	F	Y	W	H	M	C	P
0	0.09711	0.07231	0.17326	0.02159	0.11554	0.20824	0.01773	0.05993	0.06793	0.02497	0.01604	0.02093	0.01338	0.00852	0.00703	0.00228	0.01003	0.04860	0.00446	0.01012
1	0.05512	0.04653	0.11876	0.02073	0.11630	0.13318	0.01612	0.17747	0.07179	0.04737	0.08188	0.02321	0.04039	0.00915	0.00737	0.00226	0.00881	0.00722	0.00563	0.01070
2	0.02553	0.08938	0.05837	0.08351	0.05785	0.12503	0.01502	0.14941	0.09594	0.19484	0.01995	0.02007	0.01426	0.00850	0.00721	0.00224	0.00877	0.00658	0.00625	0.01130
3	0.02364	0.04937	0.02244	0.02000	0.10855	0.05472	0.03790	0.18324	0.18209	0.12727	0.02118	0.02116	0.01560	0.00847	0.00730	0.00220	0.00774	0.00697	0.00652	0.09365
4	0.09607	0.01979	0.01906	0.04712	0.05470	0.13821	0.01303	0.15840	0.16936	0.08098	0.04277	0.02094	0.01641	0.00868	0.00707	0.00220	0.00806	0.00670	0.00619	0.08427
5	0.02456	0.08902	0.02230	0.16048	0.02745	0.16880	0.01458	0.16835	0.04536	0.14015	0.01781	0.02027	0.01343	0.04434	0.00872	0.00247	0.00940	0.00653	0.00566	0.01033
6	0.01643	0.02263	0.20744	0.02409	0.09091	0.04560	0.19173	0.05319	0.01797	0.02443	0.02166	0.09773	0.02039	0.01107	0.00852	0.00266	0.01000	0.11908	0.00471	0.00977
7	0.01035	0.00774	0.00960	0.00913	0.01109	0.00699	0.00685	0.01356	0.02055	0.02824	0.54908	0.06025	0.20597	0.01632	0.00895	0.00242	0.00364	0.01422	0.00806	0.00699
8	0.01091	0.00783	0.01070	0.01070	0.01154	0.00867	0.00762	0.01259	0.01175	0.01650	0.02168	0.03735	0.02224	0.31439	0.45035	0.01035	0.01538	0.00923	0.00427	0.00594
9	0.02883	0.02125	0.02276	0.01745	0.02352	0.02352	0.01442	0.66082	0.03566	0.04780	0.01821	0.01821	0.01290	0.00911	0.00759	0.00228	0.00835	0.00683	0.00759	0.01290
10	0.01103	0.00735	0.00827	0.00827	0.00827	0.00735	0.00460	0.01103	0.01103	0.01471	0.02390	0.04964	0.02758	0.73343	0.03861	0.00735	0.00735	0.01103	0.00460	0.00460
11	0.01586	0.03475	0.53892	0.02409	0.03446	0.01799	0.17874	0.02409	0.01647	0.02409	0.01403	0.01708	0.01006	0.00701	0.00762	0.00244	0.01159	0.00640	0.00335	0.01098
12	0.01022	0.00764	0.00949	0.00922	0.01107	0.00691	0.00684	0.01325	0.01997	0.02732	0.49585	0.11609	0.20419	0.01701	0.00901	0.00248	0.00370	0.01487	0.00795	0.00691
13	0.02228	0.02323	0.08984	0.08691	0.02928	0.12909	0.13927	0.25506	0.02395	0.03080	0.01593	0.01899	0.01212	0.01255	0.07321	0.00325	0.01162	0.00692	0.00513	0.01057
14	0.14899	0.02067	0.15221	0.01915	0.02577	0.01674	0.19823	0.11398	0.01882	0.02993	0.01603	0.01892	0.01204	0.00740	0.00695	0.00225	0.00883	0.00666	0.12813	0.04828
15	0.01992	0.44653	0.22445	0.01609	0.02380	0.04835	0.01747	0.08423	0.01772	0.02249	0.01219	0.01389	0.01000	0.00699	0.00586	0.00192	0.00921	0.00479	0.00367	0.01043
16	0.01729	0.01650	0.02810	0.27005	0.47424	0.01763	0.02254	0.02198	0.01657	0.02298	0.01400	0.01926	0.01138	0.00703	0.00753	0.00234	0.00938	0.00675	0.00363	0.01082
17	0.00987	0.00772	0.00893	0.00863	0.01080	0.00679	0.00647	0.01263	0.01942	0.02554	0.38463	0.06469	0.37210	0.01733	0.00896	0.00247	0.00371	0.01484	0.00771	0.00679
18	0.09023	0.18869	0.42329	0.01959	0.02881	0.02043	0.08287	0.02360	0.01577	0.02365	0.01281	0.01524	0.00968	0.00696	0.00662	0.00224	0.01017	0.00544	0.00341	0.01051
19	0.01638	0.08002	0.36828	0.01848	0.02636	0.01562	0.08063	0.02244	0.01692	0.08688	0.05569	0.09003	0.06931	0.01016	0.00769	0.00243	0.00909	0.00869	0.00477	0.01013
20	0.01020	0.00752	0.00954	0.00948	0.01112	0.00686	0.00694	0.01312	0.01955	0.02691	0.47478	0.18839	0.15225	0.01761	0.00909	0.00254	0.00377	0.01555	0.00792	0.00686
21	0.01817	0.01676	0.02602	0.03661	0.47580	0.01732	0.01975	0.02630	0.16129	0.02611	0.02038	0.02723	0.01748	0.00889	0.00784	0.00244	0.00816	0.06699	0.00493	0.01153
22	0.01461	0.01847	0.15197	0.31932	0.03849	0.01559	0.12264	0.02025	0.01627	0.02178	0.01967	0.03382	0.01761	0.01026	0.00837	0.00272	0.01006	0.14498	0.00421	0.00893
23	0.01817	0.02331	0.31701	0.01606	0.02306	0.01322	0.01752	0.02467	0.05106	0.17325	0.15628	0.05654	0.05568	0.01066	0.00785	0.00243	0.00778	0.00889	0.00615	0.01041
24	0.03214	0.01594	0.01948	0.01493	0.02087	0.01564	0.01234	0.26367	0.02678	0.45750	0.02567	0.02305	0.01664	0.00929	0.00761	0.00232	0.00714	0.00734	0.00873	0.01291
25	0.00985	0.00693	0.00888	0.00991	0.01045	0.00657	0.00652	0.01120	0.01475	0.01993	0.12981	0.48280	0.04827	0.17856	0.01593	0.00392	0.00493	0.01812	0.00669	0.00596
26	0.01695	0.02224	0.15693	0.02320	0.06956	0.08125	0.23031	0.02408	0.08108	0.02578	0.16263	0.02755	0.02532	0.00908	0.00820	0.00241	0.00966	0.00879	0.00508	0.00989
27	0.02231	0.11891	0.02180	0.01552	0.02043	0.07662	0.01268	0.23693	0.25833	0.03384	0.08451	0.02428	0.02148	0.00967	0.00733	0.00228	0.00745	0.00757	0.00680	0.01126
28	0.01114	0.00797	0.01095	0.01247	0.01381	0.00777	0.01011	0.01396	0.01692	0.02238	0.10181	0.28547	0.04836	0.02132	0.01008	0.00326	0.00585	0.38250	0.00713	0.00674
29	0.09104	0.01830	0.02550	0.16426	0.05013	0.08525	0.11964	0.02114	0.01459	0.02119	0.01190	0.01734	0.01012	0.00969	0.01460	0.00278	0.30350	0.00663	0.00361	0.00879
30	0.01426	0.01334	0.02240	0.65126	0.07762	0.01637	0.02046	0.01911	0.01523	0.01961	0.01492	0.05535	0.01218	0.00835	0.00768	0.00254	0.00978	0.00748	0.00357	0.00847
31	0.01573	0.01348	0.01573	0.01123	0.01798	0.01011	0.00899	0.01910	0.01573	0.02472	0.01348	0.01573	0.01123	0.00562	0.00562	0.00112	0.00562	0.00449	0.00449	0.77980
32	0.00924	0.00660	0.00880	0.01056	0.01100	0.00616	0.00704	0.01056	0.01452	0.01936	0.04181	0.72848	0.05017	0.02376	0.00968	0.00308	0.00440	0.02156	0.00704	0.00616
33	0.00981	0.00704	0.00931	0.01017	0.01113	0.00654	0.00709	0.01199	0.01717	0.02357	0.28569	0.47259	0.05832	0.02062	0.00940	0.00282	0.00409	0.01857	0.00754	0.00654
34	0.02024	0.01728	0.01712	0.01569	0.01940	0.11393	0.01292	0.22314	0.08627	0.03077	0.03010	0.04793	0.05892	0.01423	0.00871	0.00275	0.00812	0.25612	0.00681	0.00956
35	0.01521	0.03923	0.69413	0.02162	0.03283	0.01762	0.02802	0.02402	0.01601	0.02402	0.01361	0.01601	0.00961	0.00721	0.00721	0.00240	0.01121	0.00560	0.00320	0.01121
36	0.01084	0.00813	0.01219	0.01219	0.01354	0.00948	0.00948	0.01354	0.01219	0.01761	0.02032	0.02980	0.01896	0.05689	0.70337	0.01219	0.02032	0.00813	0.00406	0.00677
37	0.02028	0.73799	0.03975	0.01298	0.01947	0.03001	0.01298	0.02271	0.01541	0.01785	0.01055	0.01217	0.00973	0.00649	0.00487	0.00162	0.00811	0.00406	0.00324	0.00973
38	0.01103	0.00735	0.00827	0.00827	0.00827	0.00735	0.00460	0.01103	0.01103	0.01471	0.02390	0.04964	0.02758	0.73343	0.03861	0.00735	0.00735	0.01103	0.00460	0.00460
39	0.01421	0.01282	0.02152	0.64789	0.04820	0.01587	0.01968	0.01847	0.01466	0.01879	0.01345	0.02049	0.01040	0.00937	0.00969	0.07666	0.00977	0.00673	0.00336	0.00794
40	0.01921	0.01692	0.02581	0.30716	0.28736	0.01876	0.02045	0.16185	0.02047	0.02768	0.01482	0.01923	0.01145	0.00760	0.00756	0.00237	0.00930	0.00677	0.00444	0.01078
41	0.02028	0.73799	0.03975	0.01298	0.01947	0.03001	0.01298	0.02271	0.01541	0.01785	0.01055	0.01217	0.00973	0.00649	0.00487	0.00162	0.00811	0.00406	0.00324	0.00973
42	0.02240	0.02111	0.02384	0.06319	0.28727	0.17837	0.01737	0.05943	0.10766	0.08857	0.01990	0.02161	0.03877	0.00836	0.00745	0.00226	0.00929	0.00700	0.00516	0.01100
43	0.02048	0.02002	0.02563	0.12831	0.34523	0.11563	0.01928	0.08702	0.11341	0.02634	0.01656	0.01957	0.01312	0.00775	0.00746	0.00230	0.00933	0.00676	0.00466	0.01114
44	0.02708	0.03195	0.02102	0.01877	0.02294	0.54201	0.01427	0.09379	0.11235	0.02325	0.01500	0.01613	0.01192	0.00828	0.00703	0.00207	0.01210	0.00558	0.00479	0.00964
45	0.01947	0.01403	0.01823	0.01671	0.11417	0.01143	0.01143	0.02292	0.01703	0.14498	0.01656	0.01799	0.01271	0.00646	0.00625	0.00151	0.00626	0.00538	0.00527	0.53122
46	0.02512	0.02650	0.02007	0.01720	0.02189	0.35122	0.01333	0.17814	0.11782	0.02800	0.01874	0.01938	0.03906	0.00871	0.00711	0.00206	0.01016	0.00627	0.00550	0.08370
47	0.00939	0.00671	0.00897	0.01073	0.01123	0.00629	0.00730	0.01082	0.01467	0.01953	0.04172	0.69665	0.04984	0.02362	0.00972	0.00310	0.00453	0.05193	0.00704	0.00620
48	0.02213	0.23907	0.07057	0.01712	0.02299	0.15534	0.07544	0.17555	0.02191	0.02643	0.02036	0.02146	0.08278	0.00877	0.00688	0.00208	0.00944	0.00673	0.00487	0.01009
49	0.01429	0.00941	0.00980	0.00913	0.01180	0.00927	0.00712	0.10748	0.01932	0.02800	0.04336	0.04581	0.25903	0.01322	0.00721	0.00221	0.00451	0.04154	0.34983	0.00766

[dist]
# distance from previous block
# <min> <max>
0	1

[block]
# block no. 7 follows, 26 sequences, length 92
# corresponding to MSA columns:
# 599-690
name=unknown_H
#
# <colnr> <probs for GDERKNQSTAVLIFYWHMCP>
#	G	D	E	R	K	N	Q	S	T	A	V	L	I	F	Y	W	H	M	C	P
0	0.02095	0.01471	0.01583	0.01326	0.01721	0.01586	0.01053	0.34775	0.05369	0.03683	0.02675	0.12003	0.05610	0.01161	0.00737	0.00228	0.00624	0.00945	0.20341	0.01011
1	0.00938	0.00694	0.00877	0.00991	0.01091	0.00633	0.00683	0.01110	0.01591	0.02099	0.13034	0.52387	0.16719	0.02188	0.00946	0.00290	0.00419	0.01955	0.00721	0.00633
2	0.01786	0.01758	0.02759	0.26603	0.43775	0.05775	0.02204	0.02240	0.01682	0.02263	0.01386	0.01895	0.01125	0.00709	0.00749	0.00233	0.00965	0.00664	0.00364	0.01064
3	0.02461	0.01971	0.02351	0.01857	0.02331	0.02268	0.05230	0.42433	0.10171	0.03867	0.01781	0.01916	0.01338	0.00992	0.01116	0.00254	0.15126	0.00711	0.00652	0.01172
4	0.02246	0.02450	0.06013	0.01825	0.02219	0.23167	0.01502	0.11554	0.21266	0.02664	0.01799	0.01932	0.01416	0.00979	0.01089	0.00248	0.15397	0.00663	0.00537	0.01033
