[name]
unknown

[dist]
# distance from previous block
# <min> <max>
14	1097

[block]
# block no. 0 follows, 27 sequences, length 7
# corresponding to MSA columns:
# 1427-1433
name=unknown_A
#
# <colnr> <probs for GDERKNQSTAVLIFYWHMCP>
#	G	D	E	R	K	N	Q	S	T	A	V	L	I	F	Y	W	H	M	C	P
0	0.02015	0.01434	0.02180	0.43461	0.08943	0.01620	0.01794	0.10241	0.01881	0.16591	0.01721	0.02060	0.01216	0.00792	0.00743	0.00239	0.00885	0.00679	0.00507	0.00997
1	0.02167	0.01707	0.11793	0.13572	0.02585	0.01452	0.01495	0.09335	0.11460	0.23692	0.02458	0.10938	0.01940	0.01040	0.00765	0.00245	0.00749	0.00875	0.00659	0.01070
2	0.02085	0.01642	0.02150	0.29628	0.10152	0.05434	0.01678	0.13194	0.11820	0.11954	0.01869	0.02091	0.01358	0.00823	0.00740	0.00236	0.00860	0.00690	0.00549	0.01047
3	0.01721	0.01468	0.01657	0.08626	0.08343	0.08452	0.01235	0.02573	0.22842	0.07413	0.06248	0.20902	0.02807	0.01286	0.00799	0.00253	0.00682	0.01117	0.00637	0.00942
4	0.05237	0.14334	0.11222	0.17929	0.28052	0.01939	0.06730	0.02199	0.01585	0.02225	0.01301	0.01708	0.01048	0.00678	0.00686	0.00220	0.00929	0.00606	0.00349	0.01023
5	0.01767	0.01562	0.01923	0.01909	0.10147	0.07819	0.06022	0.13191	0.09288	0.02831	0.15024	0.03622	0.02904	0.01604	0.07999	0.00343	0.00891	0.09607	0.00609	0.00937
6	0.01682	0.14124	0.09393	0.11512	0.05664	0.03742	0.09225	0.06783	0.01685	0.04921	0.01946	0.07050	0.04221	0.01701	0.12735	0.00391	0.01084	0.00787	0.00440	0.00912

[dist]
# distance from previous block
# <min> <max>
37	67

[block]
# block no. 1 follows, 27 sequences, length 11
# corresponding to MSA columns:
# 1515-1525
name=unknown_B
#
# <colnr> <probs for GDERKNQSTAVLIFYWHMCP>
#	G	D	E	R	K	N	Q	S	T	A	V	L	I	F	Y	W	H	M	C	P
0	0.02203	0.10520	0.02378	0.15753	0.10036	0.14765	0.01580	0.06771	0.06808	0.12034	0.01617	0.01840	0.01235	0.00838	0.00875	0.00228	0.08411	0.00621	0.00486	0.01002
1	0.01877	0.10527	0.01954	0.07090	0.02084	0.22055	0.01229	0.04850	0.04181	0.02245	0.11376	0.02959	0.06530	0.01036	0.00796	0.00214	0.04135	0.05400	0.00505	0.08959
2	0.11527	0.08015	0.07430	0.01578	0.02115	0.31799	0.01332	0.04996	0.01885	0.09338	0.01375	0.01501	0.01062	0.00730	0.00626	0.00190	0.00977	0.00498	0.00459	0.12568
3	0.01334	0.05787	0.01403	0.06345	0.01569	0.01081	0.00936	0.01554	0.01284	0.07112	0.02032	0.03151	0.01926	0.20380	0.39852	0.00867	0.01432	0.00821	0.00441	0.00693
4	0.01265	0.00845	0.01111	0.01116	0.01277	0.00845	0.00819	0.06274	0.01707	0.06672	0.15778	0.36527	0.04231	0.02616	0.14790	0.00455	0.00766	0.01507	0.00675	0.00726
5	0.09801	0.01490	0.01731	0.01500	0.01847	0.06689	0.06768	0.10626	0.14337	0.02598	0.02030	0.02644	0.01739	0.07197	0.23309	0.00574	0.01188	0.02522	0.00525	0.00884
6	0.07331	0.08604	0.01403	0.01041	0.01330	0.01121	0.00810	0.01833	0.01483	0.15330	0.03115	0.03762	0.14379	0.18640	0.16122	0.00540	0.00901	0.00923	0.00563	0.00767
7	0.10502	0.26837	0.04838	0.01509	0.02079	0.15141	0.01327	0.20015	0.02175	0.07148	0.01390	0.01480	0.01079	0.00755	0.00608	0.00197	0.00878	0.00514	0.00499	0.01029
8	0.01647	0.19053	0.08335	0.06504	0.10189	0.01900	0.01541	0.04219	0.01598	0.02218	0.06543	0.02651	0.01861	0.01022	0.01033	0.00240	0.14996	0.07293	0.06259	0.00900
9	0.06318	0.09393	0.02247	0.01827	0.08917	0.02071	0.01361	0.39647	0.05941	0.03717	0.04040	0.07593	0.01724	0.00971	0.00721	0.00224	0.00751	0.00771	0.00644	0.01122
10	0.02202	0.12035	0.02166	0.01680	0.08742	0.01720	0.01257	0.17513	0.02142	0.16277	0.05447	0.02623	0.09562	0.00984	0.00835	0.00217	0.05974	0.00761	0.00620	0.07245

[dist]
# distance from previous block
# <min> <max>
22	137

[block]
# block no. 2 follows, 27 sequences, length 16
# corresponding to MSA columns:
# 1691-1706
name=unknown_C
#
# <colnr> <probs for GDERKNQSTAVLIFYWHMCP>
#	G	D	E	R	K	N	Q	S	T	A	V	L	I	F	Y	W	H	M	C	P
0	0.01813	0.02328	0.17516	0.02183	0.06476	0.12614	0.19859	0.02311	0.01821	0.07199	0.09051	0.02736	0.08900	0.00913	0.00788	0.00233	0.00980	0.00839	0.00480	0.00958
1	0.02058	0.02664	0.23251	0.01939	0.02575	0.14076	0.07867	0.13675	0.04042	0.06546	0.01664	0.04894	0.01326	0.01088	0.03948	0.00278	0.05913	0.00694	0.00476	0.01027
2	0.06472	0.23999	0.02597	0.01495	0.02013	0.01902	0.09963	0.10438	0.05447	0.09075	0.10290	0.04750	0.06629	0.00961	0.00694	0.00215	0.00726	0.00801	0.00566	0.00968
3	0.30869	0.01582	0.01674	0.11254	0.09529	0.06217	0.01225	0.02257	0.06200	0.02699	0.01330	0.01581	0.01055	0.00688	0.00585	0.00202	0.00712	0.00511	0.00443	0.19390
4	0.36445	0.01659	0.01462	0.01272	0.01720	0.08208	0.01015	0.07351	0.16683	0.10249	0.05715	0.02006	0.01653	0.00855	0.00621	0.00231	0.00660	0.00618	0.00609	0.00968
5	0.01004	0.00791	0.00929	0.00930	0.01133	0.00736	0.00701	0.01337	0.04932	0.02316	0.24023	0.13249	0.33442	0.02051	0.05864	0.00322	0.00513	0.04342	0.00708	0.00677
6	0.01985	0.74357	0.03890	0.01270	0.01905	0.02937	0.01270	0.02223	0.01508	0.01747	0.01032	0.01191	0.00953	0.00635	0.00476	0.00159	0.00794	0.00397	0.00318	0.00953
7	0.01582	0.23921	0.02741	0.50199	0.04120	0.02048	0.01817	0.01998	0.01492	0.01850	0.01231	0.01735	0.00978	0.00709	0.00660	0.00220	0.00929	0.00578	0.00326	0.00864
8	0.01028	0.00745	0.00892	0.00862	0.00997	0.00693	0.00598	0.01241	0.01711	0.02325	0.37158	0.05623	0.16918	0.23986	0.01774	0.00387	0.00469	0.01302	0.00680	0.00610
9	0.00957	0.00725	0.00948	0.01009	0.01139	0.00716	0.00734	0.01158	0.01464	0.01946	0.08951	0.31054	0.19221	0.03165	0.22594	0.00560	0.00894	0.01520	0.00608	0.00634
10	0.01926	0.22596	0.27007	0.01715	0.02442	0.08130	0.01823	0.11267	0.06688	0.02503	0.01594	0.02022	0.01311	0.00830	0.00670	0.00217	0.00931	0.04855	0.00437	0.01037
11	0.01937	0.02445	0.23238	0.01929	0.02445	0.02112	0.01907	0.21211	0.01967	0.02818	0.01324	0.01653	0.01049	0.00995	0.01399	0.00267	0.29201	0.00624	0.00445	0.01034
12	0.01429	0.02099	0.23219	0.50461	0.04525	0.01672	0.02272	0.02037	0.01510	0.02037	0.01323	0.01852	0.00974	0.00731	0.00731	0.00244	0.01023	0.00625	0.00325	0.00909
13	0.01509	0.18703	0.02235	0.01399	0.01794	0.06416	0.10764	0.01878	0.03688	0.02310	0.20406	0.07641	0.12113	0.01168	0.00749	0.00219	0.00676	0.01013	0.04502	0.00815
14	0.01917	0.02177	0.01719	0.11462	0.02270	0.32097	0.01266	0.04606	0.01877	0.01995	0.03157	0.03262	0.22024	0.01148	0.00867	0.00228	0.05795	0.00860	0.00480	0.00795
15	0.05473	0.13088	0.38373	0.01643	0.02471	0.01665	0.01907	0.02143	0.01595	0.02392	0.08425	0.01912	0.01604	0.00755	0.00652	0.00203	0.00857	0.00585	0.00396	0.13861

[dist]
# distance from previous block
# <min> <max>
0	2

[block]
# block no. 3 follows, 27 sequences, length 29
# corresponding to MSA columns:
# 1709-1737
name=unknown_D
#
# <colnr> <probs for GDERKNQSTAVLIFYWHMCP>
#	G	D	E	R	K	N	Q	S	T	A	V	L	I	F	Y	W	H	M	C	P
0	0.01828	0.25683	0.09713	0.01396	0.03820	0.01819	0.01270	0.08817	0.03924	0.08091	0.13394	0.02850	0.09419	0.00982	0.00680	0.00205	0.00683	0.00777	0.00554	0.04094
1	0.39818	0.02009	0.01840	0.01670	0.06464	0.14576	0.05282	0.15221	0.01921	0.03200	0.01258	0.01438	0.00969	0.00738	0.00599	0.00222	0.00827	0.00516	0.00490	0.00943
2	0.01499	0.02264	0.29544	0.04988	0.02587	0.01376	0.10465	0.02140	0.04190	0.06949	0.14742	0.03192	0.10813	0.01020	0.00788	0.00240	0.00834	0.00897	0.00520	0.00953
3	0.01392	0.01689	0.17147	0.01384	0.01822	0.01245	0.01319	0.02248	0.19492	0.02586	0.21037	0.03778	0.06615	0.01360	0.01035	0.08797	0.00641	0.04922	0.00615	0.00874
4	0.01489	0.03840	0.70064	0.02116	0.03213	0.01724	0.02743	0.02351	0.01567	0.02351	0.01332	0.01567	0.00940	0.00705	0.00705	0.00235	0.01097	0.00549	0.00313	0.01097
5	0.01069	0.00762	0.01024	0.01024	0.01098	0.00836	0.00717	0.01217	0.01143	0.01598	0.02143	0.03773	0.02228	0.35708	0.41336	0.00984	0.01429	0.00921	0.00421	0.00569
6	0.01127	0.00920	0.01425	0.04840	0.10053	0.00900	0.05332	0.01327	0.01433	0.01931	0.03205	0.46728	0.03695	0.11927	0.01302	0.00344	0.00609	0.01634	0.00578	0.00691
7	0.00902	0.00753	0.00786	0.00778	0.01018	0.00637	0.00583	0.01113	0.01750	0.02144	0.16263	0.06917	0.60149	0.01828	0.00877	0.00248	0.00372	0.01535	0.00708	0.00637
8	0.01837	0.01764	0.03013	0.04557	0.69279	0.01764	0.02278	0.02278	0.01690	0.02425	0.01396	0.01837	0.01176	0.00661	0.00735	0.00220	0.00882	0.00661	0.00367	0.01176
9	0.01289	0.00645	0.00967	0.00967	0.00967	0.00645	0.00645	0.00967	0.00967	0.01289	0.01289	0.02257	0.01289	0.02579	0.02901	0.78401	0.00645	0.00645	0.00322	0.00322
10	0.01373	0.01233	0.02113	0.06204	0.02317	0.01210	0.19765	0.06001	0.01756	0.02310	0.03352	0.21024	0.10060	0.01530	0.00912	0.00282	0.00781	0.16400	0.00579	0.00797
11	0.79154	0.01436	0.01091	0.00976	0.01436	0.01665	0.00804	0.02182	0.01263	0.03331	0.01034	0.01206	0.00804	0.00689	0.00459	0.00230	0.00574	0.00402	0.00459	0.00804
12	0.01340	0.01168	0.01921	0.16199	0.16505	0.01274	0.05495	0.01667	0.01373	0.01900	0.01757	0.02768	0.01633	0.14676	0.26401	0.00659	0.01296	0.00792	0.00385	0.00789
13	0.03031	0.01745	0.02021	0.01549	0.02135	0.01806	0.01280	0.40908	0.02931	0.31365	0.02252	0.02087	0.01498	0.00903	0.00744	0.00226	0.00741	0.00700	0.00815	0.01263
14	0.01624	0.01624	0.02274	0.01949	0.01949	0.02274	0.01624	0.01787	0.01137	0.01787	0.00975	0.01624	0.00975	0.01299	0.02436	0.00325	0.72552	0.00650	0.00325	0.00812
15	0.00900	0.00706	0.00815	0.00888	0.01042	0.00621	0.00628	0.01072	0.01597	0.02016	0.09751	0.36346	0.36874	0.02055	0.00908	0.00272	0.00399	0.01793	0.00697	0.00621
16	0.01624	0.01624	0.02274	0.01949	0.01949	0.02274	0.01624	0.01787	0.01137	0.01787	0.00975	0.01624	0.00975	0.01299	0.02436	0.00325	0.72552	0.00650	0.00325	0.00812
17	0.02773	0.03538	0.02104	0.01913	0.02295	0.70930	0.01434	0.02964	0.02104	0.01817	0.01148	0.01339	0.00956	0.00765	0.00669	0.00191	0.01339	0.00478	0.00383	0.00861
18	0.01821	0.01478	0.01572	0.01390	0.01746	0.01672	0.01055	0.12120	0.44823	0.02973	0.02704	0.03073	0.02217	0.16381	0.01392	0.00347	0.00647	0.00866	0.00689	0.01034
19	0.01245	0.00661	0.00934	0.00934	0.00934	0.00661	0.00604	0.00991	0.00991	0.01321	0.01511	0.02806	0.01587	0.17637	0.03087	0.62003	0.00661	0.00737	0.00349	0.00349
20	0.01568	0.22913	0.26887	0.01469	0.02110	0.01732	0.01636	0.02070	0.01568	0.02248	0.01839	0.02664	0.01612	0.00907	0.00645	0.00215	0.00794	0.09438	0.16772	0.00913
21	0.01756	0.01419	0.01557	0.01369	0.01742	0.01574	0.01069	0.12614	0.38699	0.03303	0.22421	0.03447	0.03525	0.01142	0.00789	0.00242	0.00551	0.00963	0.00772	0.01047
22	0.01371	0.00886	0.01271	0.01190	0.01414	0.00941	0.00933	0.01647	0.01376	0.10184	0.05386	0.02907	0.02059	0.04460	0.54151	0.00955	0.01644	0.00793	0.00485	0.05947
23	0.01619	0.15146	0.56859	0.01964	0.02968	0.01941	0.02456	0.04738	0.01630	0.02340	0.01301	0.01515	0.00954	0.00701	0.00670	0.00222	0.01038	0.00529	0.00330	0.01080
24	0.02211	0.02141	0.11375	0.01634	0.02154	0.11165	0.01450	0.24241	0.08286	0.08664	0.01885	0.02083	0.01440	0.01848	0.15553	0.00428	0.01138	0.00675	0.00577	0.01050
25	0.00903	0.00653	0.00855	0.01016	0.01072	0.00604	0.00681	0.01036	0.01438	0.01902	0.04301	0.69380	0.08821	0.02299	0.00943	0.00298	0.00427	0.02077	0.00689	0.00604
26	0.01605	0.01356	0.02186	0.12333	0.26440	0.01382	0.05726	0.02078	0.04973	0.06388	0.02721	0.08359	0.07878	0.01165	0.00824	0.00258	0.00781	0.12076	0.00521	0.00949
27	0.01812	0.10796	0.13374	0.06129	0.05654	0.06922	0.01533	0.11709	0.01815	0.02466	0.01428	0.01761	0.01167	0.01398	0.10522	0.00333	0.03659	0.00572	0.00424	0.16528
28	0.01154	0.01499	0.17562	0.03915	0.01743	0.01029	0.01239	0.01492	0.01361	0.01921	0.06446	0.14714	0.02626	0.19431	0.19950	0.00612	0.01083	0.01047	0.00461	0.00716

[dist]
# distance from previous block
# <min> <max>
0	2

[block]
# block no. 4 follows, 27 sequences, length 58
# corresponding to MSA columns:
# 1740-1797
name=unknown_E
#
# <colnr> <probs for GDERKNQSTAVLIFYWHMCP>
#	G	D	E	R	K	N	Q	S	T	A	V	L	I	F	Y	W	H	M	C	P
0	0.10932	0.02091	0.01647	0.01510	0.01816	0.27654	0.01146	0.10071	0.01927	0.05307	0.02107	0.21740	0.02129	0.01250	0.00843	0.00240	0.05228	0.00974	0.00541	0.00845
1	0.79154	0.01436	0.01091	0.00976	0.01436	0.01665	0.00804	0.02182	0.01263	0.03331	0.01034	0.01206	0.00804	0.00689	0.00459	0.00230	0.00574	0.00402	0.00459	0.00804
2	0.00935	0.00744	0.00845	0.00885	0.01081	0.00654	0.00665	0.01148	0.01697	0.02130	0.14327	0.18878	0.43456	0.01930	0.00904	0.00266	0.00412	0.07700	0.00705	0.00637
3	0.01682	0.01605	0.02732	0.28703	0.46349	0.01723	0.02201	0.02142	0.01617	0.02236	0.01369	0.01888	0.01109	0.00690	0.00738	0.00230	0.00920	0.00661	0.00354	0.01050
4	0.01601	0.01523	0.02587	0.41198	0.34483	0.01702	0.02161	0.02071	0.01579	0.02139	0.01355	0.01914	0.01075	0.00705	0.00739	0.00235	0.00940	0.00661	0.00347	0.00985
5	0.00969	0.00696	0.00919	0.00990	0.01091	0.00646	0.00694	0.01195	0.01720	0.02371	0.32566	0.43597	0.05830	0.01971	0.00916	0.00272	0.00395	0.01773	0.00745	0.00646
6	0.01804	0.54105	0.17942	0.01436	0.02130	0.02516	0.01548	0.02169	0.01515	0.01887	0.01307	0.06227	0.01221	0.00766	0.00558	0.00185	0.00834	0.00547	0.00342	0.00960
7	0.02773	0.03538	0.02104	0.01913	0.02295	0.70930	0.01434	0.02964	0.02104	0.01817	0.01148	0.01339	0.00956	0.00765	0.00669	0.00191	0.01339	0.00478	0.00383	0.00861
8	0.01068	0.00767	0.01049	0.01049	0.01132	0.00850	0.00748	0.01233	0.01150	0.01617	0.02120	0.03647	0.02173	0.31279	0.45691	0.01015	0.01511	0.00902	0.00417	0.00583
9	0.01066	0.01022	0.01534	0.01264	0.01623	0.00896	0.14790	0.01348	0.01705	0.02086	0.06224	0.06036	0.54357	0.01610	0.00877	0.00251	0.00565	0.01418	0.00622	0.00707
10	0.01770	0.01695	0.02892	0.14985	0.59376	0.01746	0.02245	0.02219	0.01659	0.02344	0.01385	0.01859	0.01147	0.00674	0.00736	0.00225	0.00899	0.00661	0.00362	0.01122
11	0.01662	0.01585	0.02696	0.31795	0.43413	0.01718	0.02191	0.02125	0.01607	0.02212	0.01365	0.01895	0.01101	0.00694	0.00738	0.00231	0.00925	0.00661	0.00352	0.01034
12	0.01114	0.00866	0.01191	0.16000	0.01973	0.00901	0.01027	0.01383	0.01550	0.02035	0.07103	0.18724	0.15600	0.09010	0.01170	0.00322	0.00611	0.14269	0.04486	0.00665
13	0.01976	0.06897	0.12304	0.13142	0.27330	0.01722	0.05898	0.02540	0.05032	0.13456	0.01692	0.01946	0.01261	0.00735	0.00726	0.00227	0.00889	0.00663	0.00462	0.01102
14	0.01876	0.05246	0.18911	0.07327	0.12502	0.11547	0.17085	0.04469	0.01772	0.05002	0.01598	0.06335	0.01324	0.00807	0.00757	0.00232	0.01047	0.00745	0.00409	0.01009
15	0.01664	0.01533	0.06532	0.21079	0.02832	0.01527	0.04100	0.17850	0.05376	0.02771	0.05365	0.13673	0.05389	0.01211	0.00810	0.00256	0.00780	0.05762	0.00573	0.00917
16	0.01360	0.02155	0.27635	0.01956	0.06942	0.01328	0.11613	0.01852	0.01523	0.02158	0.06080	0.13614	0.02294	0.14609	0.01353	0.00337	0.00887	0.00995	0.00441	0.00867
17	0.01804	0.05503	0.23054	0.02643	0.07315	0.05380	0.31201	0.06486	0.01787	0.02441	0.01404	0.01769	0.01062	0.00705	0.00850	0.00239	0.04235	0.00705	0.00376	0.01039
18	0.01890	0.01390	0.02267	0.44621	0.16372	0.01553	0.01897	0.02331	0.01658	0.16316	0.01673	0.02068	0.01203	0.00764	0.00742	0.00239	0.00894	0.00678	0.00461	0.00983
19	0.01961	0.01444	0.02394	0.34500	0.07057	0.01556	0.10918	0.06482	0.01813	0.16648	0.01901	0.02518	0.01442	0.00859	0.00781	0.00248	0.00913	0.05074	0.00514	0.00979
20	0.01821	0.01728	0.02989	0.11205	0.36565	0.01761	0.15620	0.09344	0.01863	0.02573	0.01626	0.06465	0.01393	0.00795	0.00780	0.00235	0.00936	0.00800	0.00427	0.01073
21	0.01172	0.00883	0.01339	0.01248	0.01360	0.00984	0.04819	0.01310	0.01177	0.01656	0.01941	0.05779	0.01956	0.18076	0.36206	0.11936	0.06280	0.00876	0.00402	0.00600
22	0.01185	0.00846	0.01183	0.01354	0.01519	0.00844	0.01176	0.01518	0.01697	0.02208	0.03937	0.10995	0.04298	0.02062	0.01022	0.00340	0.00673	0.61778	0.00684	0.00680
23	0.01935	0.01639	0.01728	0.01529	0.01964	0.01888	0.01196	0.09640	0.62099	0.03248	0.02909	0.02680	0.02175	0.00997	0.00754	0.00249	0.00608	0.00824	0.00754	0.01183
24	0.01881	0.01753	0.16255	0.01364	0.02009	0.01118	0.01306	0.02286	0.01673	0.18957	0.02113	0.11987	0.01788	0.00926	0.00688	0.00194	0.00671	0.00776	0.00566	0.31688
25	0.01985	0.74357	0.03890	0.01270	0.01905	0.02937	0.01270	0.02223	0.01508	0.01747	0.01032	0.01191	0.00953	0.00635	0.00476	0.00159	0.00794	0.00397	0.00318	0.00953
26	0.01489	0.03840	0.70064	0.02116	0.03213	0.01724	0.02743	0.02351	0.01567	0.02351	0.01332	0.01567	0.00940	0.00705	0.00705	0.00235	0.01097	0.00549	0.00313	0.01097
27	0.00893	0.00737	0.00784	0.00805	0.01021	0.00628	0.00591	0.01084	0.01682	0.02056	0.11242	0.16468	0.55608	0.01919	0.00887	0.00257	0.00382	0.01629	0.00698	0.00628
28	0.01489	0.03840	0.70064	0.02116	0.03213	0.01724	0.02743	0.02351	0.01567	0.02351	0.01332	0.01567	0.00940	0.00705	0.00705	0.00235	0.01097	0.00549	0.00313	0.01097
29	0.01695	0.01893	0.04021	0.02917	0.03576	0.01836	0.57790	0.02266	0.01673	0.02294	0.01502	0.02043	0.01168	0.01018	0.05924	0.00322	0.05868	0.00856	0.00374	0.00965
30	0.01486	0.03359	0.55968	0.02186	0.03161	0.01669	0.11688	0.02264	0.01584	0.02324	0.01546	0.06559	0.01239	0.00805	0.00746	0.00242	0.01073	0.00702	0.00348	0.01050
31	0.02147	0.19542	0.17018	0.02300	0.14861	0.27844	0.01830	0.02537	0.01777	0.02027	0.01206	0.01446	0.00993	0.00703	0.00645	0.00198	0.01078	0.00508	0.00350	0.00990
32	0.00877	0.00752	0.00752	0.00752	0.01003	0.00627	0.00564	0.01065	0.01692	0.02005	0.07520	0.07144	0.68978	0.01880	0.00877	0.00251	0.00376	0.01567	0.00689	0.00627
33	0.01903	0.11691	0.16344	0.01530	0.02099	0.01712	0.01473	0.06006	0.20000	0.12046	0.02130	0.02247	0.01622	0.01723	0.13768	0.00406	0.01001	0.00689	0.00559	0.01050
34	0.01616	0.01118	0.01461	0.08935	0.06416	0.01160	0.01070	0.11610	0.01797	0.08463	0.05375	0.13515	0.04904	0.21397	0.01646	0.00387	0.00697	0.07042	0.00596	0.00797
35	0.12563	0.03111	0.46425	0.02168	0.03102	0.01748	0.15933	0.02333	0.01563	0.02496	0.01326	0.01608	0.00960	0.00686	0.00706	0.00238	0.01056	0.00597	0.00347	0.01035
36	0.00955	0.00733	0.00888	0.00991	0.01144	0.00666	0.00746	0.01153	0.01591	0.02008	0.05434	0.33091	0.30501	0.02089	0.00936	0.00290	0.00462	0.15006	0.00688	0.00630
37	0.01768	0.01958	0.04126	0.03395	0.16047	0.01856	0.54620	0.02359	0.01741	0.02387	0.01482	0.01972	0.01136	0.00632	0.00850	0.00245	0.01183	0.00836	0.00374	0.01034
38	0.01587	0.01508	0.02561	0.43435	0.32359	0.01698	0.02154	0.02059	0.01572	0.02121	0.01352	0.01919	0.01069	0.00708	0.00739	0.00236	0.00944	0.00660	0.00346	0.00974
39	0.01705	0.01911	0.04091	0.12416	0.04046	0.01847	0.57898	0.02313	0.01716	0.02313	0.01477	0.01999	0.01108	0.00641	0.00858	0.00250	0.01216	0.00847	0.00369	0.00977
40	0.00930	0.00737	0.00846	0.00920	0.01100	0.00652	0.00690	0.01124	0.01618	0.02005	0.06035	0.26149	0.41568	0.02031	0.00918	0.00278	0.00435	0.10647	0.00688	0.00628
41	0.01893	0.61238	0.16201	0.01428	0.02149	0.02712	0.01544	0.02247	0.01519	0.01859	0.01088	0.01261	0.00950	0.00648	0.00519	0.00173	0.00850	0.00425	0.00317	0.00980
42	0.01359	0.06893	0.38333	0.01699	0.02373	0.01410	0.01938	0.01933	0.01559	0.02190	0.02320	0.12738	0.02305	0.03932	0.00911	0.00282	0.00881	0.15586	0.00454	0.00903
43	0.01985	0.74357	0.03890	0.01270	0.01905	0.02937	0.01270	0.02223	0.01508	0.01747	0.01032	0.01191	0.00953	0.00635	0.00476	0.00159	0.00794	0.00397	0.00318	0.00953
44	0.03271	0.01359	0.01782	0.01366	0.01943	0.01232	0.01128	0.10985	0.02284	0.62201	0.02795	0.02440	0.01771	0.00916	0.00746	0.00229	0.00653	0.00737	0.00898	0.01263
45	0.00900	0.00662	0.00845	0.00990	0.01065	0.00607	0.00670	0.01039	0.01463	0.01912	0.04618	0.63259	0.14737	0.02257	0.00937	0.00294	0.00422	0.02027	0.00689	0.00607
46	0.01439	0.01387	0.01826	0.01811	0.10789	0.05619	0.08227	0.05590	0.01785	0.02275	0.07573	0.04419	0.32579	0.01360	0.01029	0.00249	0.09541	0.01122	0.00557	0.00821
47	0.02945	0.01275	0.01683	0.01273	0.01866	0.01069	0.01046	0.03241	0.01999	0.55275	0.02582	0.02314	0.01679	0.00839	0.00704	0.00204	0.00614	0.00680	0.00816	0.17896
48	0.01519	0.08124	0.66044	0.02065	0.03134	0.01798	0.02653	0.02343	0.01564	0.02314	0.01314	0.01544	0.00941	0.00701	0.00691	0.00230	0.01079	0.00539	0.00314	0.01088
49	0.01422	0.01340	0.02263	0.68984	0.08097	0.01655	0.02072	0.01914	0.01494	0.01921	0.01323	0.01973	0.00998	0.00738	0.00742	0.00246	0.00985	0.00660	0.00332	0.00841
50	0.00891	0.00733	0.00784	0.00813	0.01022	0.00626	0.00594	0.01076	0.01663	0.02034	0.09982	0.19168	0.54160	0.01943	0.00890	0.00259	0.00385	0.01655	0.00696	0.00626
51	0.01011	0.00742	0.00948	0.00928	0.01093	0.00679	0.00684	0.01312	0.01960	0.02717	0.52983	0.15381	0.13454	0.01672	0.00886	0.00245	0.00364	0.01476	0.00785	0.00679
52	0.01777	0.17177	0.06110	0.01325	0.01775	0.01763	0.01157	0.02863	0.29601	0.05974	0.04983	0.02466	0.01992	0.01217	0.05479	0.00282	0.00717	0.00718	0.11619	0.01004
53	0.01503	0.01539	0.05490	0.06913	0.11623	0.01775	0.01595	0.01805	0.01479	0.02182	0.16427	0.02562	0.02365	0.01190	0.01638	0.00280	0.37535	0.00804	0.00442	0.00854
54	0.05946	0.00913	0.01323	0.12021	0.01827	0.01067	0.01033	0.01383	0.01175	0.01724	0.01611	0.02522	0.01506	0.06714	0.31566	0.21094	0.04882	0.00717	0.00370	0.00605
55	0.01538	0.01701	0.10166	0.10712	0.16447	0.01466	0.12822	0.02167	0.07183	0.02470	0.10743	0.04820	0.02225	0.00909	0.00770	0.00232	0.00821	0.02757	0.04382	0.05669
56	0.01766	0.45449	0.17562	0.01345	0.01994	0.02258	0.01448	0.02159	0.01530	0.02067	0.01355	0.01565	0.01127	0.00693	0.00534	0.00178	0.00776	0.00485	0.14775	0.00935
57	0.01656	0.05705	0.27568	0.02386	0.12165	0.06860	0.13321	0.02222	0.01626	0.02252	0.01515	0.05329	0.01269	0.00997	0.04252	0.00268	0.01057	0.00690	0.00373	0.08489

[dist]
# distance from previous block
# <min> <max>
2	30

[block]
# block no. 5 follows, 27 sequences, length 46
# corresponding to MSA columns:
# 1829-1874
name=unknown_F
#
# <colnr> <probs for GDERKNQSTAVLIFYWHMCP>
#	G	D	E	R	K	N	Q	S	T	A	V	L	I	F	Y	W	H	M	C	P
0	0.01668	0.08486	0.21532	0.01986	0.05239	0.01592	0.15686	0.02334	0.06454	0.07633	0.17043	0.02707	0.02540	0.00904	0.00769	0.00232	0.00853	0.00828	0.00522	0.00994
1	0.01475	0.04237	0.05921	0.05092	0.11198	0.04277	0.10732	0.01889	0.05918	0.02140	0.05141	0.14212	0.05510	0.01425	0.01088	0.09965	0.00783	0.07682	0.00499	0.00816
2	0.01189	0.00885	0.01132	0.01118	0.01283	0.00930	0.00828	0.06365	0.05403	0.02305	0.15539	0.22553	0.06362	0.07231	0.22724	0.00578	0.00950	0.01293	0.00617	0.00714
3	0.01065	0.00777	0.01101	0.01101	0.01201	0.00878	0.00813	0.01266	0.01166	0.01655	0.02073	0.03385	0.02059	0.22050	0.54764	0.01079	0.01682	0.00864	0.00410	0.00611
4	0.00987	0.00719	0.00883	0.00972	0.01072	0.00675	0.00686	0.01140	0.01472	0.01911	0.07217	0.32398	0.17250	0.18063	0.01571	0.00387	0.00517	0.10850	0.00641	0.00590
5	0.01051	0.00759	0.00992	0.00934	0.01109	0.00700	0.00700	0.01401	0.02101	0.02977	0.68888	0.05545	0.07005	0.01518	0.00876	0.00233	0.00350	0.01343	0.00817	0.00700
6	0.01837	0.01764	0.03013	0.04557	0.69279	0.01764	0.02278	0.02278	0.01690	0.02425	0.01396	0.01837	0.01176	0.00661	0.00735	0.00220	0.00882	0.00661	0.00367	0.01176
7	0.01289	0.00645	0.00967	0.00967	0.00967	0.00645	0.00645	0.00967	0.00967	0.01289	0.01289	0.02257	0.01289	0.02579	0.02901	0.78401	0.00645	0.00645	0.00322	0.00322
8	0.01315	0.01151	0.01805	0.39457	0.07221	0.01332	0.01608	0.01795	0.05219	0.02036	0.02370	0.18709	0.02365	0.01272	0.00825	0.00270	0.00798	0.09175	0.00481	0.00797
9	0.02822	0.02079	0.02228	0.01708	0.02302	0.02302	0.01411	0.66804	0.03490	0.04679	0.01782	0.01782	0.01262	0.00891	0.00743	0.00223	0.00817	0.00668	0.00743	0.01262
10	0.01575	0.00876	0.00896	0.00827	0.01056	0.00906	0.00637	0.10373	0.01814	0.03021	0.02337	0.02637	0.01818	0.00868	0.00549	0.00180	0.00409	0.00689	0.67766	0.00768
11	0.01980	0.01457	0.01780	0.01342	0.01951	0.01299	0.03898	0.08903	0.11558	0.12478	0.01855	0.01907	0.01395	0.00707	0.00642	0.00165	0.00625	0.00585	0.00583	0.44891
12	0.01061	0.00795	0.01193	0.01193	0.01326	0.00928	0.00928	0.01326	0.01193	0.01723	0.01988	0.02916	0.01856	0.05568	0.70968	0.01193	0.01988	0.00795	0.00398	0.00663
13	0.01985	0.74357	0.03890	0.01270	0.01905	0.02937	0.01270	0.02223	0.01508	0.01747	0.01032	0.01191	0.00953	0.00635	0.00476	0.00159	0.00794	0.00397	0.00318	0.00953
14	0.01720	0.01934	0.04126	0.08326	0.03891	0.01877	0.58891	0.02316	0.01705	0.02316	0.01465	0.01985	0.01109	0.00664	0.00933	0.00253	0.04289	0.00850	0.00370	0.00980
15	0.01384	0.00692	0.00692	0.00692	0.00865	0.00692	0.00519	0.01730	0.01557	0.02768	0.02422	0.02768	0.01903	0.00865	0.00519	0.00173	0.00346	0.00692	0.78031	0.00692
16	0.01846	0.01595	0.01679	0.01511	0.01930	0.01846	0.01175	0.03945	0.67938	0.03105	0.03022	0.02770	0.02266	0.01007	0.00755	0.00252	0.00588	0.00839	0.00755	0.01175
17	0.01423	0.02135	0.27544	0.01863	0.02444	0.01337	0.14678	0.01820	0.01382	0.01968	0.01450	0.02044	0.01209	0.01925	0.11649	0.22180	0.01133	0.00677	0.00341	0.00798
18	0.01489	0.03840	0.70064	0.02116	0.03213	0.01724	0.02743	0.02351	0.01567	0.02351	0.01332	0.01567	0.00940	0.00705	0.00705	0.00235	0.01097	0.00549	0.00313	0.01097
19	0.01889	0.10754	0.16862	0.01603	0.02214	0.01954	0.01531	0.13455	0.31361	0.02973	0.02471	0.02408	0.05445	0.00928	0.00716	0.00232	0.00748	0.00737	0.00601	0.01115
20	0.01414	0.02418	0.33303	0.14049	0.07652	0.01579	0.02105	0.01997	0.01446	0.02096	0.01453	0.01961	0.01171	0.01834	0.16454	0.00456	0.06696	0.00638	0.00340	0.00938
21	0.01656	0.05741	0.35138	0.02891	0.17997	0.01822	0.19467	0.02337	0.01641	0.02350	0.01379	0.01727	0.01042	0.00672	0.00748	0.00233	0.01078	0.00654	0.00342	0.01083
22	0.01882	0.01397	0.01556	0.01379	0.01772	0.01538	0.01076	0.03429	0.47455	0.11366	0.15323	0.03258	0.03099	0.01092	0.00777	0.00246	0.00549	0.00922	0.00787	0.01097
23	0.00935	0.00675	0.00891	0.01054	0.01123	0.00632	0.00737	0.01090	0.01468	0.01937	0.04269	0.62615	0.08478	0.02271	0.00952	0.00303	0.00455	0.08816	0.00689	0.00613
24	0.01161	0.01645	0.20099	0.04157	0.01871	0.01038	0.01326	0.01652	0.04224	0.02353	0.19040	0.17581	0.16010	0.01482	0.00837	0.00255	0.00622	0.03244	0.00603	0.00800
25	0.01686	0.26350	0.36807	0.05138	0.06673	0.02128	0.07064	0.02287	0.01566	0.02141	0.01251	0.01512	0.00974	0.00676	0.00647	0.00211	0.00994	0.00536	0.00323	0.01035
26	0.01693	0.01738	0.02264	0.01947	0.01970	0.06358	0.01613	0.01857	0.01194	0.01788	0.00985	0.01607	0.00973	0.01268	0.02331	0.00317	0.68316	0.00639	0.00328	0.00815
27	0.37438	0.07903	0.06269	0.01571	0.05004	0.26451	0.01259	0.02479	0.01621	0.02565	0.01110	0.01305	0.00896	0.00712	0.00564	0.00211	0.00912	0.00450	0.00407	0.00872
28	0.01080	0.00720	0.00810	0.00810	0.00810	0.00720	0.00450	0.01080	0.01080	0.01439	0.02339	0.04858	0.02699	0.73910	0.03779	0.00720	0.00720	0.01080	0.00450	0.00450
29	0.22236	0.04111	0.01570	0.01451	0.05437	0.03714	0.04384	0.07150	0.07651	0.02701	0.04939	0.24592	0.04607	0.01312	0.00736	0.00251	0.00622	0.01113	0.00584	0.00841
30	0.05466	0.15622	0.02582	0.02148	0.14418	0.09274	0.01528	0.13526	0.01859	0.02524	0.01252	0.01555	0.01058	0.00846	0.01042	0.00222	0.17195	0.00563	0.00425	0.06894
31	0.00940	0.00676	0.00918	0.01052	0.01108	0.00666	0.00720	0.01087	0.01365	0.01844	0.03641	0.57852	0.04270	0.06179	0.13422	0.00478	0.00719	0.01831	0.00627	0.00607
32	0.00928	0.00762	0.00822	0.00831	0.01065	0.00657	0.00639	0.01150	0.01743	0.02142	0.14556	0.07067	0.55533	0.01852	0.00891	0.00257	0.00401	0.07360	0.00704	0.00641
33	0.01734	0.27812	0.29854	0.02191	0.09265	0.02185	0.10661	0.02287	0.01571	0.02136	0.01247	0.01523	0.00993	0.00683	0.00701	0.00212	0.03029	0.00553	0.00329	0.01034
34	0.05769	0.02434	0.27387	0.01698	0.02468	0.01649	0.01775	0.18539	0.02213	0.25784	0.01970	0.01929	0.01317	0.00822	0.00718	0.00230	0.00849	0.00639	0.00630	0.01181
35	0.01046	0.00757	0.01052	0.01073	0.01160	0.00833	0.00774	0.01225	0.01192	0.01671	0.02341	0.12181	0.02455	0.22957	0.44778	0.00959	0.01465	0.01033	0.00447	0.00600
36	0.01556	0.15942	0.02188	0.04541	0.13211	0.04897	0.01278	0.01773	0.01359	0.01800	0.01571	0.02561	0.01561	0.19207	0.12908	0.00499	0.11259	0.00721	0.00375	0.00794
37	0.02249	0.15277	0.16097	0.05774	0.05004	0.01629	0.01527	0.05613	0.01859	0.26522	0.02526	0.02476	0.08467	0.00902	0.00701	0.00220	0.00770	0.00716	0.00594	0.01075
38	0.01459	0.01431	0.02577	0.60903	0.04912	0.01686	0.12557	0.01975	0.01528	0.01975	0.01349	0.01983	0.01012	0.00723	0.00764	0.00248	0.01032	0.00695	0.00337	0.00853
39	0.01424	0.02655	0.41006	0.01792	0.02519	0.01461	0.02048	0.02268	0.09833	0.02381	0.02329	0.08694	0.02147	0.01165	0.00801	0.00266	0.00891	0.14862	0.00479	0.00977
40	0.02011	0.43480	0.14712	0.06884	0.02445	0.02516	0.01607	0.14129	0.01882	0.02402	0.01243	0.01424	0.01011	0.00702	0.00585	0.00190	0.00865	0.00493	0.00396	0.01025
41	0.01410	0.01269	0.02032	0.43746	0.13373	0.01461	0.01756	0.04352	0.01593	0.02089	0.02124	0.14741	0.04876	0.01068	0.00784	0.00252	0.00840	0.00957	0.00432	0.00845
42	0.00929	0.00754	0.00824	0.00806	0.01034	0.00649	0.00605	0.01165	0.01814	0.02295	0.25820	0.06668	0.50498	0.01772	0.00877	0.00246	0.00368	0.01500	0.00727	0.00649
43	0.01825	0.01555	0.01805	0.01516	0.01880	0.09968	0.09707	0.16518	0.02051	0.02780	0.02414	0.06520	0.05805	0.01609	0.09439	0.00344	0.00924	0.04220	0.18250	0.00870
44	0.46517	0.01464	0.01733	0.15304	0.08595	0.01640	0.05119	0.02256	0.01440	0.07966	0.01295	0.01563	0.00972	0.00711	0.00586	0.00234	0.00728	0.00530	0.00456	0.00889
45	0.01686	0.04827	0.19114	0.02235	0.19278	0.01393	0.01683	0.02113	0.01588	0.10801	0.04105	0.04780	0.04437	0.09859	0.08531	0.00388	0.00949	0.00796	0.00471	0.00966

[dist]
# distance from previous block
# <min> <max>
0	3

[block]
# block no. 6 follows, 27 sequences, length 28
# corresponding to MSA columns:
# 1878-1905
name=unknown_G
#
# <colnr> <probs for GDERKNQSTAVLIFYWHMCP>
#	G	D	E	R	K	N	Q	S	T	A	V	L	I	F	Y	W	H	M	C	P
0	0.07482	0.09521	0.01936	0.01347	0.01882	0.09393	0.01117	0.03211	0.02003	0.47744	0.05188	0.02293	0.01796	0.00882	0.00697	0.00218	0.00716	0.00682	0.00760	0.01132
1	0.01567	0.01325	0.01955	0.19320	0.18803	0.01427	0.01568	0.11244	0.01845	0.02468	0.02556	0.14713	0.06409	0.01377	0.03144	0.00288	0.00808	0.07757	0.00521	0.00904
2	0.02078	0.12165	0.05742	0.06404	0.16087	0.07221	0.03880	0.21012	0.02208	0.02874	0.01806	0.02651	0.01583	0.00942	0.00742	0.00231	0.00886	0.09933	0.00513	0.01043
3	0.01689	0.01489	0.06344	0.01473	0.01868	0.01433	0.06528	0.16735	0.06719	0.02883	0.02956	0.03616	0.11380	0.01385	0.04193	0.00290	0.05361	0.08370	0.14383	0.00906
4	0.01623	0.14318	0.01854	0.01131	0.01676	0.04605	0.00938	0.01967	0.03742	0.04411	0.06750	0.02550	0.10496	0.00843	0.00620	0.00158	0.00598	0.00666	0.00499	0.40555
5	0.12782	0.00837	0.01088	0.01043	0.01180	0.00888	0.00762	0.01407	0.01140	0.06361	0.01521	0.02270	0.01383	0.02862	0.17729	0.44225	0.00936	0.00650	0.00400	0.00534
6	0.02628	0.02964	0.12648	0.01790	0.02328	0.40354	0.01548	0.03076	0.06531	0.16585	0.01687	0.01728	0.01233	0.00805	0.00697	0.00211	0.01098	0.00572	0.00512	0.01006
7	0.01538	0.01149	0.01468	0.14757	0.02174	0.01272	0.01152	0.02339	0.21206	0.07125	0.02760	0.08766	0.02580	0.16858	0.01457	0.00367	0.00700	0.10884	0.00605	0.00843
8	0.16320	0.01482	0.02180	0.32725	0.03383	0.01854	0.06364	0.01953	0.01358	0.02172	0.01176	0.01728	0.00960	0.00889	0.01201	0.00267	0.22177	0.00623	0.00356	0.00830
9	0.02162	0.01694	0.01926	0.06262	0.02256	0.01682	0.01222	0.33873	0.02497	0.03497	0.01548	0.01689	0.01172	0.00731	0.00658	0.00175	0.00712	0.00568	0.00582	0.35095
10	0.00894	0.00688	0.00818	0.00923	0.01048	0.00612	0.00640	0.01046	0.01528	0.01938	0.05439	0.47374	0.30092	0.02151	0.00920	0.00282	0.00409	0.01897	0.00689	0.00612
11	0.07741	0.01766	0.01890	0.01542	0.02060	0.01956	0.01247	0.32069	0.27177	0.11126	0.02318	0.02192	0.01668	0.00924	0.00728	0.00235	0.00695	0.00722	0.00747	0.01199
12	0.01889	0.01001	0.01344	0.06325	0.01729	0.00959	0.00973	0.06456	0.01804	0.24978	0.03341	0.39458	0.03341	0.01639	0.00851	0.00268	0.00565	0.01447	0.00744	0.00887
13	0.01846	0.01595	0.01679	0.01511	0.01930	0.01846	0.01175	0.03945	0.67938	0.03105	0.03022	0.02770	0.02266	0.01007	0.00755	0.00252	0.00588	0.00839	0.00755	0.01175
14	0.02117	0.01736	0.02532	0.03188	0.39704	0.01726	0.01797	0.16845	0.02103	0.07530	0.01577	0.01828	0.01229	0.00714	0.00710	0.00205	0.00802	0.00636	0.00500	0.12520
15	0.01080	0.00720	0.00810	0.00810	0.00810	0.00720	0.00450	0.01080	0.01080	0.01439	0.02339	0.04858	0.02699	0.73910	0.03779	0.00720	0.00720	0.01080	0.00450	0.00450
16	0.01643	0.22177	0.45169	0.01796	0.02688	0.01998	0.02161	0.04828	0.01665	0.02327	0.05881	0.01748	0.01370	0.00750	0.00658	0.00214	0.00955	0.00568	0.00366	0.01039
17	0.01539	0.01319	0.01539	0.01100	0.01759	0.00990	0.00880	0.01869	0.01539	0.02419	0.01319	0.01539	0.01100	0.00550	0.00550	0.00110	0.00550	0.00440	0.00440	0.78449
18	0.01061	0.00795	0.01193	0.01193	0.01326	0.00928	0.00928	0.01326	0.01193	0.01723	0.01988	0.02916	0.01856	0.05568	0.70968	0.01193	0.01988	0.00795	0.00398	0.00663
19	0.01419	0.01407	0.01471	0.01385	0.01599	0.14259	0.04821	0.01643	0.01611	0.02002	0.07498	0.28359	0.07948	0.02036	0.08519	0.00359	0.05123	0.03600	0.00556	0.04385
20	0.01929	0.08074	0.43135	0.01971	0.02875	0.01984	0.04397	0.21529	0.02142	0.03003	0.01451	0.01620	0.01043	0.00753	0.00707	0.00227	0.00998	0.00585	0.00444	0.01133
21	0.01846	0.01595	0.01679	0.01511	0.01930	0.01846	0.01175	0.03945	0.67938	0.03105	0.03022	0.02770	0.02266	0.01007	0.00755	0.00252	0.00588	0.00839	0.00755	0.01175
22	0.01539	0.01319	0.01539	0.01100	0.01759	0.00990	0.00880	0.01869	0.01539	0.02419	0.01319	0.01539	0.01100	0.00550	0.00550	0.00110	0.00550	0.00440	0.00440	0.78449
23	0.01520	0.01108	0.01370	0.01418	0.08589	0.01113	0.00879	0.07389	0.07857	0.04212	0.02093	0.03462	0.02075	0.37672	0.02406	0.06125	0.00708	0.00868	0.00500	0.08637
24	0.01064	0.00781	0.01120	0.01120	0.01227	0.00888	0.00837	0.01279	0.01171	0.01669	0.02055	0.03287	0.02017	0.18622	0.58134	0.01103	0.01746	0.00850	0.00408	0.00622
25	0.01031	0.00745	0.01001	0.01160	0.01274	0.00715	0.00903	0.01258	0.01567	0.02047	0.04269	0.40005	0.09269	0.02173	0.00977	0.00316	0.00538	0.29425	0.00687	0.00640
26	0.19680	0.01854	0.01855	0.11829	0.02415	0.15372	0.05134	0.10350	0.01924	0.13187	0.01640	0.01813	0.01199	0.00785	0.00652	0.00220	0.00845	0.00596	0.07702	0.00947
27	0.08929	0.02158	0.08645	0.22213	0.02960	0.19652	0.01592	0.05055	0.06307	0.02329	0.06374	0.02187	0.04140	0.00884	0.00771	0.00231	0.03567	0.00674	0.00449	0.00885

[dist]
# distance from previous block
# <min> <max>
0	162

[block]
# block no. 7 follows, 27 sequences, length 103
# corresponding to MSA columns:
# 2079-2181
name=unknown_H
#
# <colnr> <probs for GDERKNQSTAVLIFYWHMCP>
#	G	D	E	R	K	N	Q	S	T	A	V	L	I	F	Y	W	H	M	C	P
0	0.01557	0.05349	0.02853	0.37895	0.15148	0.01731	0.16396	0.02039	0.01576	0.02084	0.01507	0.05768	0.01260	0.00782	0.00768	0.00242	0.00990	0.00773	0.00365	0.00917
1	0.01647	0.04793	0.06781	0.03138	0.39779	0.01590	0.01800	0.02268	0.09421	0.02529	0.12437	0.06346	0.02405	0.00929	0.00758	0.00229	0.00749	0.00850	0.00496	0.01055
2	0.00904	0.00646	0.00861	0.01034	0.01077	0.00603	0.00689	0.01034	0.01421	0.01895	0.04092	0.73426	0.04910	0.02326	0.00948	0.00301	0.00431	0.02110	0.00689	0.00603
3	0.01402	0.01319	0.02227	0.72126	0.05113	0.01649	0.02062	0.01897	0.01484	0.01897	0.01319	0.01979	0.00990	0.00742	0.00742	0.00247	0.00990	0.00660	0.00330	0.00825
4	0.02207	0.57172	0.06969	0.01324	0.01972	0.02533	0.01315	0.02487	0.01625	0.14326	0.01398	0.01457	0.01115	0.00691	0.00538	0.00176	0.00780	0.00469	0.00428	0.01018
5	0.01061	0.00795	0.01193	0.01193	0.01326	0.00928	0.00928	0.01326	0.01193	0.01723	0.01988	0.02916	0.01856	0.05568	0.70968	0.01193	0.01988	0.00795	0.00398	0.00663
6	0.01752	0.02003	0.04380	0.03129	0.03880	0.01877	0.66583	0.02378	0.01752	0.02378	0.01502	0.02003	0.01126	0.00626	0.00876	0.00250	0.01252	0.00876	0.00375	0.01001
7	0.00954	0.00702	0.00904	0.01037	0.01140	0.00652	0.00750	0.01138	0.01546	0.02021	0.08019	0.48957	0.15128	0.02169	0.00945	0.00296	0.00458	0.11865	0.00695	0.00625
8	0.01436	0.01180	0.01321	0.01236	0.01507	0.01319	0.00930	0.02571	0.34819	0.02409	0.03261	0.03684	0.10656	0.13670	0.16130	0.00525	0.00879	0.00960	0.00623	0.00882
9	0.79154	0.01436	0.01091	0.00976	0.01436	0.01665	0.00804	0.02182	0.01263	0.03331	0.01034	0.01206	0.00804	0.00689	0.00459	0.00230	0.00574	0.00402	0.00459	0.00804
10	0.00956	0.00685	0.00907	0.00999	0.01088	0.00637	0.00693	0.01162	0.01659	0.02273	0.26733	0.49706	0.05642	0.02043	0.00922	0.00278	0.00403	0.01842	0.00734	0.00637
11	0.02773	0.03538	0.02104	0.01913	0.02295	0.70930	0.01434	0.02964	0.02104	0.01817	0.01148	0.01339	0.00956	0.00765	0.00669	0.00191	0.01339	0.00478	0.00383	0.00861
12	0.01289	0.00645	0.00967	0.00967	0.00967	0.00645	0.00645	0.00967	0.00967	0.01289	0.01289	0.02257	0.01289	0.02579	0.02901	0.78401	0.00645	0.00645	0.00322	0.00322
13	0.01074	0.00814	0.01026	0.01126	0.01326	0.00765	0.00947	0.01359	0.01716	0.02166	0.07378	0.07827	0.28259	0.01970	0.00966	0.00305	0.00559	0.39064	0.00690	0.00663
14	0.00981	0.00732	0.00912	0.00918	0.01079	0.00663	0.00669	0.01248	0.01863	0.02529	0.41408	0.21048	0.19670	0.01775	0.00892	0.00252	0.00374	0.01562	0.00762	0.00663
15	0.02806	0.02556	0.02187	0.01775	0.02300	0.24704	0.01419	0.45965	0.03038	0.03744	0.01575	0.01638	0.01163	0.00850	0.00719	0.00212	0.00987	0.00606	0.00625	0.01131
16	0.01402	0.01319	0.02227	0.72126	0.05113	0.01649	0.02062	0.01897	0.01484	0.01897	0.01319	0.01979	0.00990	0.00742	0.00742	0.00247	0.00990	0.00660	0.00330	0.00825
17	0.01106	0.00779	0.01040	0.01175	0.01281	0.00770	0.00925	0.01328	0.01511	0.01983	0.03629	0.22161	0.04081	0.17340	0.01591	0.00413	0.00635	0.37000	0.00635	0.00616
18	0.01837	0.01764	0.03013	0.04557	0.69279	0.01764	0.02278	0.02278	0.01690	0.02425	0.01396	0.01837	0.01176	0.00661	0.00735	0.00220	0.00882	0.00661	0.00367	0.01176
19	0.01476	0.01385	0.02338	0.53986	0.18507	0.01635	0.02047	0.01947	0.01512	0.01999	0.01372	0.02000	0.01076	0.00985	0.04523	0.00293	0.01021	0.00667	0.00341	0.00890
20	0.48885	0.02221	0.01496	0.01341	0.01776	0.26879	0.01053	0.04573	0.01642	0.02824	0.01099	0.01273	0.00874	0.00723	0.00545	0.00215	0.00860	0.00438	0.00441	0.00840
21	0.00968	0.00695	0.00918	0.00990	0.01091	0.00645	0.00694	0.01194	0.01717	0.02366	0.32298	0.43877	0.05822	0.01974	0.00916	0.00272	0.00396	0.01776	0.00745	0.00645
22	0.02812	0.02389	0.02202	0.01751	0.02301	0.16845	0.01416	0.53276	0.03197	0.04072	0.01648	0.01688	0.01198	0.00864	0.00727	0.00216	0.00927	0.00628	0.00666	0.01177
23	0.01030	0.00758	0.00963	0.00912	0.01096	0.00691	0.00684	0.01360	0.02052	0.02859	0.61418	0.05740	0.14548	0.01562	0.00876	0.00236	0.00353	0.01370	0.00802	0.00691
24	0.00904	0.00646	0.00861	0.01034	0.01077	0.00603	0.00689	0.01034	0.01421	0.01895	0.04092	0.73426	0.04910	0.02326	0.00948	0.00301	0.00431	0.02110	0.00689	0.00603
25	0.00904	0.00646	0.00861	0.01034	0.01077	0.00603	0.00689	0.01034	0.01421	0.01895	0.04092	0.73426	0.04910	0.02326	0.00948	0.00301	0.00431	0.02110	0.00689	0.00603
26	0.03331	0.01263	0.01723	0.01321	0.01895	0.01091	0.01091	0.03618	0.02125	0.69794	0.02929	0.02527	0.01838	0.00919	0.00747	0.00230	0.00632	0.00747	0.00919	0.01263
27	0.01985	0.74357	0.03890	0.01270	0.01905	0.02937	0.01270	0.02223	0.01508	0.01747	0.01032	0.01191	0.00953	0.00635	0.00476	0.00159	0.00794	0.00397	0.00318	0.00953
28	0.01489	0.03840	0.70064	0.02116	0.03213	0.01724	0.02743	0.02351	0.01567	0.02351	0.01332	0.01567	0.00940	0.00705	0.00705	0.00235	0.01097	0.00549	0.00313	0.01097
29	0.01196	0.00854	0.01196	0.01367	0.01538	0.00854	0.01196	0.01538	0.01709	0.02222	0.03931	0.08374	0.04272	0.02051	0.01025	0.00342	0.00684	0.64283	0.00684	0.00684
30	0.79154	0.01436	0.01091	0.00976	0.01436	0.01665	0.00804	0.02182	0.01263	0.03331	0.01034	0.01206	0.00804	0.00689	0.00459	0.00230	0.00574	0.00402	0.00459	0.00804
31	0.00904	0.00646	0.00861	0.01034	0.01077	0.00603	0.00689	0.01034	0.01421	0.01895	0.04092	0.73426	0.04910	0.02326	0.00948	0.00301	0.00431	0.02110	0.00689	0.00603
32	0.79154	0.01436	0.01091	0.00976	0.01436	0.01665	0.00804	0.02182	0.01263	0.03331	0.01034	0.01206	0.00804	0.00689	0.00459	0.00230	0.00574	0.00402	0.00459	0.00804
33	0.01837	0.01764	0.03013	0.04557	0.69279	0.01764	0.02278	0.02278	0.01690	0.02425	0.01396	0.01837	0.01176	0.00661	0.00735	0.00220	0.00882	0.00661	0.00367	0.01176
34	0.01846	0.01595	0.01679	0.01511	0.01930	0.01846	0.01175	0.03945	0.67938	0.03105	0.03022	0.02770	0.02266	0.01007	0.00755	0.00252	0.00588	0.00839	0.00755	0.01175
35	0.01033	0.00758	0.00968	0.00915	0.01098	0.00693	0.00687	0.01367	0.02060	0.02878	0.62629	0.05708	0.13326	0.01555	0.00876	0.00235	0.00353	0.01365	0.00804	0.00693
36	0.01752	0.02003	0.04380	0.03129	0.03880	0.01877	0.66583	0.02378	0.01752	0.02378	0.01502	0.02003	0.01126	0.00626	0.00876	0.00250	0.01252	0.00876	0.00375	0.01001
