[name]
unknown

[dist]
# distance from previous block
# <min> <max>
0	1

[block]
# block no. 0 follows, 34 sequences, length 21
# corresponding to MSA columns:
# 1-21
name=unknown_A
#
# <colnr> <probs for GDERKNQSTAVLIFYWHMCP>
#	G	D	E	R	K	N	Q	S	T	A	V	L	I	F	Y	W	H	M	C	P
0	0.01910	0.07815	0.20411	0.01337	0.01898	0.01358	0.01339	0.15533	0.01832	0.22001	0.02342	0.04875	0.08437	0.00910	0.00653	0.00205	0.00673	0.04981	0.00553	0.00936
1	0.02456	0.01810	0.01939	0.01487	0.02004	0.02004	0.01228	0.71107	0.03038	0.04072	0.01551	0.01551	0.01099	0.00776	0.00646	0.00194	0.00711	0.00582	0.00646	0.01099
2	0.81856	0.01250	0.00950	0.00850	0.01250	0.01449	0.00700	0.01899	0.01100	0.02899	0.00900	0.01050	0.00700	0.00600	0.00400	0.00200	0.00500	0.00350	0.00400	0.00700
3	0.00879	0.00681	0.00814	0.00842	0.01024	0.00616	0.00672	0.01115	0.01568	0.02014	0.22739	0.06154	0.36814	0.01596	0.00799	0.00236	0.00395	0.19838	0.00627	0.00576
4	0.11950	0.01267	0.01875	0.23081	0.23310	0.01306	0.03641	0.01750	0.01346	0.02062	0.01435	0.01765	0.04849	0.00636	0.00587	0.00182	0.00686	0.00555	0.00350	0.17367
5	0.00893	0.00660	0.00835	0.00791	0.00952	0.00601	0.00593	0.01179	0.01779	0.02473	0.63680	0.05020	0.15411	0.01365	0.00762	0.00205	0.00308	0.01196	0.00696	0.00601
6	0.01973	0.20284	0.04102	0.01438	0.01847	0.26392	0.01213	0.12682	0.01711	0.02013	0.01059	0.01252	0.00888	0.00699	0.00756	0.00174	0.11337	0.00444	0.00364	0.09372
7	0.07859	0.20403	0.25371	0.01748	0.05197	0.01704	0.15809	0.01961	0.01365	0.02002	0.01107	0.01345	0.00869	0.00566	0.00565	0.00178	0.00819	0.00487	0.00310	0.10336
8	0.01932	0.23268	0.18463	0.01466	0.02033	0.18896	0.01423	0.09812	0.08367	0.06594	0.01319	0.01399	0.01013	0.00663	0.00562	0.00177	0.00837	0.00473	0.00398	0.00903
9	0.01581	0.00815	0.00901	0.00813	0.01061	0.00821	0.00632	0.02106	0.12274	0.15715	0.02270	0.02370	0.01694	0.00780	0.00520	0.00170	0.00380	0.00631	0.53707	0.00759
10	0.00855	0.00646	0.00790	0.00780	0.00936	0.00580	0.00575	0.01095	0.01650	0.02229	0.45073	0.14867	0.24556	0.01503	0.00771	0.00215	0.00320	0.01313	0.00665	0.00580
11	0.01831	0.12167	0.05958	0.01429	0.01897	0.04470	0.08519	0.11840	0.23017	0.11250	0.09155	0.02148	0.01860	0.00796	0.00638	0.00197	0.00658	0.00669	0.00557	0.00943
12	0.01680	0.01566	0.15628	0.06489	0.18579	0.01200	0.01456	0.02191	0.06952	0.18992	0.13065	0.05537	0.02125	0.00844	0.00666	0.00205	0.00649	0.00734	0.00521	0.00922
13	0.00950	0.00627	0.00738	0.00738	0.00746	0.00636	0.00433	0.00949	0.00941	0.01263	0.01956	0.03961	0.02218	0.67232	0.08493	0.05739	0.00703	0.00898	0.00381	0.00398
14	0.02052	0.02460	0.02211	0.01992	0.07858	0.45469	0.14766	0.02468	0.08289	0.01856	0.03608	0.01549	0.01157	0.00677	0.00635	0.00185	0.01030	0.00550	0.00373	0.00815
15	0.01581	0.04521	0.27903	0.02079	0.12269	0.10913	0.12338	0.02054	0.01491	0.06467	0.01549	0.07347	0.01336	0.00782	0.00663	0.00207	0.00881	0.04369	0.00370	0.00879
16	0.01056	0.00881	0.01488	0.01397	0.01609	0.00848	0.14446	0.01344	0.01417	0.01872	0.03055	0.27838	0.03360	0.01619	0.00846	0.00271	0.00622	0.34860	0.00544	0.00627
17	0.01535	0.01458	0.02474	0.03723	0.67521	0.01455	0.01873	0.01897	0.01453	0.02074	0.01402	0.07574	0.01281	0.00691	0.00654	0.00197	0.00736	0.00676	0.00342	0.00984
18	0.00774	0.00615	0.00696	0.00761	0.00901	0.00537	0.00538	0.00915	0.01371	0.01704	0.05255	0.36762	0.43289	0.01804	0.00790	0.00237	0.00348	0.01568	0.00600	0.00537
19	0.01343	0.01273	0.02159	0.52575	0.26658	0.01468	0.01855	0.01758	0.01350	0.01799	0.01170	0.01683	0.00914	0.00623	0.00644	0.00208	0.00831	0.00575	0.00298	0.00816
20	0.01558	0.01508	0.02480	0.03462	0.57372	0.01634	0.01857	0.01888	0.01364	0.01987	0.01134	0.01558	0.00985	0.00699	0.00968	0.00212	0.17496	0.00573	0.00312	0.00953

[dist]
# distance from previous block
# <min> <max>
0	1

[block]
# block no. 1 follows, 34 sequences, length 14
# corresponding to MSA columns:
# 23-36
name=unknown_B
#
# <colnr> <probs for GDERKNQSTAVLIFYWHMCP>
#	G	D	E	R	K	N	Q	S	T	A	V	L	I	F	Y	W	H	M	C	P
0	0.01799	0.06592	0.02143	0.02030	0.17665	0.01571	0.09466	0.09605	0.24857	0.10658	0.01971	0.05563	0.01549	0.00786	0.00656	0.00205	0.00666	0.00703	0.00531	0.00984
1	0.01219	0.00923	0.01112	0.01028	0.01164	0.01084	0.00801	0.01672	0.11843	0.02068	0.06036	0.06496	0.06743	0.05101	0.05123	0.00278	0.18425	0.00780	0.27434	0.00671
2	0.01503	0.01514	0.02202	0.38752	0.31917	0.09447	0.01811	0.01886	0.01423	0.01829	0.01159	0.01612	0.00924	0.00620	0.00637	0.00201	0.00857	0.00558	0.00305	0.00844
3	0.00989	0.00642	0.00933	0.00933	0.00997	0.00706	0.00676	0.01027	0.00963	0.01348	0.01576	0.02570	0.01551	0.13227	0.42634	0.26537	0.01218	0.00682	0.00331	0.00459
4	0.00833	0.00653	0.00766	0.00837	0.00995	0.00586	0.00644	0.01015	0.01419	0.01765	0.05107	0.23545	0.40483	0.01764	0.00808	0.00247	0.00400	0.16982	0.00599	0.00552
5	0.00843	0.00662	0.00765	0.00781	0.00944	0.00599	0.00570	0.01096	0.04211	0.01991	0.23865	0.22461	0.35654	0.01613	0.00774	0.00225	0.00339	0.01398	0.00633	0.00576
6	0.00882	0.00626	0.00829	0.00880	0.00931	0.00651	0.00599	0.00996	0.01073	0.01469	0.02457	0.28463	0.02766	0.27938	0.25792	0.00637	0.00901	0.01165	0.00448	0.00498
7	0.04291	0.01426	0.02034	0.02765	0.43561	0.06499	0.01502	0.02013	0.03728	0.08448	0.12710	0.02292	0.04393	0.00765	0.00653	0.00195	0.00673	0.00688	0.00447	0.00919
8	0.00838	0.00664	0.00762	0.00789	0.00971	0.00588	0.00611	0.01045	0.01521	0.01919	0.17503	0.11167	0.44814	0.01633	0.00789	0.00232	0.00371	0.12599	0.00619	0.00564
9	0.01722	0.27343	0.18183	0.01775	0.11122	0.01961	0.03956	0.14094	0.09742	0.02305	0.01321	0.01450	0.01034	0.00644	0.00567	0.00181	0.00755	0.00503	0.00390	0.00951
10	0.26031	0.05069	0.06798	0.01497	0.06565	0.14995	0.01194	0.13099	0.01617	0.05724	0.01156	0.01343	0.00907	0.00826	0.02901	0.00223	0.08339	0.00469	0.00412	0.00833
11	0.01629	0.31645	0.12798	0.01241	0.01738	0.06586	0.01199	0.05563	0.15139	0.02098	0.04414	0.01694	0.01372	0.00697	0.00531	0.00172	0.00667	0.00518	0.09440	0.00858
12	0.01249	0.01531	0.16801	0.06811	0.14705	0.01239	0.01435	0.04511	0.01365	0.01955	0.09461	0.02305	0.01761	0.06899	0.18534	0.00435	0.07185	0.00673	0.00374	0.00770
13	0.01004	0.01361	0.18089	0.01126	0.01525	0.00868	0.05969	0.01380	0.01555	0.02121	0.24993	0.04202	0.28008	0.01191	0.00717	0.00208	0.00520	0.01026	0.03451	0.00686

[dist]
# distance from previous block
# <min> <max>
0	3

[block]
# block no. 2 follows, 34 sequences, length 11
# corresponding to MSA columns:
# 40-50
name=unknown_C
#
# <colnr> <probs for GDERKNQSTAVLIFYWHMCP>
#	G	D	E	R	K	N	Q	S	T	A	V	L	I	F	Y	W	H	M	C	P
0	0.01131	0.03010	0.01014	0.00919	0.01131	0.03881	0.00692	0.04117	0.08590	0.04776	0.21867	0.20197	0.23353	0.01430	0.00740	0.00218	0.00418	0.01230	0.00623	0.00663
1	0.00881	0.00657	0.00806	0.00779	0.00924	0.00613	0.00569	0.01105	0.01556	0.02112	0.41038	0.04894	0.21757	0.11693	0.07487	0.00335	0.00476	0.01146	0.00610	0.00562
2	0.01500	0.01952	0.24130	0.02189	0.20110	0.01467	0.04378	0.04467	0.01451	0.07110	0.03752	0.02048	0.07602	0.00823	0.00912	0.00216	0.13971	0.00644	0.00382	0.00894
3	0.06124	0.01989	0.11011	0.02167	0.21606	0.11568	0.01523	0.21684	0.04903	0.09081	0.01436	0.01557	0.01068	0.00683	0.00620	0.00193	0.00785	0.00545	0.00469	0.00989
4	0.01774	0.10464	0.14306	0.02345	0.22336	0.01707	0.12132	0.17091	0.01795	0.05128	0.01338	0.01559	0.01021	0.00633	0.00624	0.00191	0.00802	0.00567	0.03215	0.00972
5	0.67878	0.01284	0.01085	0.00932	0.01351	0.01452	0.00768	0.07993	0.01335	0.09382	0.01105	0.01197	0.00815	0.00633	0.00444	0.00199	0.00523	0.00397	0.00457	0.00770
6	0.09181	0.01883	0.13519	0.01621	0.07587	0.08711	0.04481	0.13926	0.06162	0.14030	0.01511	0.01580	0.01096	0.00667	0.00596	0.00184	0.00730	0.00529	0.00483	0.11522
7	0.35873	0.08221	0.11090	0.01417	0.08122	0.01617	0.01175	0.08473	0.11565	0.04932	0.01322	0.01417	0.01003	0.00657	0.00518	0.00197	0.00623	0.00472	0.00437	0.00869
8	0.13812	0.18279	0.11790	0.01233	0.01730	0.08326	0.01153	0.04176	0.10685	0.11385	0.07896	0.01787	0.01541	0.00726	0.00556	0.00184	0.00661	0.00541	0.00468	0.03070
9	0.01847	0.01174	0.01327	0.01134	0.01478	0.04446	0.00892	0.06329	0.22472	0.23341	0.24687	0.03009	0.03067	0.00980	0.00684	0.00205	0.00498	0.00823	0.00700	0.00906
10	0.01407	0.17176	0.10138	0.01175	0.01536	0.01334	0.01069	0.06842	0.04011	0.07562	0.01896	0.15009	0.01797	0.02189	0.23447	0.00457	0.00970	0.00785	0.00437	0.00762

[dist]
# distance from previous block
# <min> <max>
2	6

[block]
# block no. 3 follows, 34 sequences, length 16
# corresponding to MSA columns:
# 57-72
name=unknown_D
#
# <colnr> <probs for GDERKNQSTAVLIFYWHMCP>
#	G	D	E	R	K	N	Q	S	T	A	V	L	I	F	Y	W	H	M	C	P
0	0.01169	0.00951	0.01381	0.05412	0.14144	0.00954	0.03740	0.05711	0.03057	0.03651	0.03079	0.27427	0.14843	0.03915	0.07243	0.00309	0.00643	0.01164	0.00504	0.00702
1	0.06122	0.18023	0.02100	0.01586	0.11683	0.04478	0.01163	0.10163	0.05739	0.30025	0.01757	0.01706	0.01243	0.00701	0.00583	0.00184	0.00649	0.00547	0.00556	0.00993
2	0.03936	0.05325	0.13824	0.01832	0.12945	0.03856	0.06576	0.10902	0.03677	0.19851	0.09167	0.02020	0.01675	0.00749	0.00643	0.00197	0.00709	0.00637	0.00521	0.00959
3	0.01082	0.01025	0.00919	0.00975	0.01092	0.13550	0.00677	0.01203	0.01356	0.01620	0.03492	0.45206	0.15284	0.08218	0.00985	0.00269	0.00527	0.01429	0.00535	0.00556
4	0.01497	0.13629	0.01813	0.01288	0.07759	0.06162	0.00958	0.01771	0.01380	0.01976	0.01104	0.01302	0.00934	0.00511	0.00489	0.00116	0.00584	0.00396	0.00357	0.55976
5	0.01920	0.13933	0.13769	0.01826	0.14649	0.06532	0.01429	0.04959	0.13256	0.16944	0.01661	0.01692	0.01223	0.00685	0.00597	0.00188	0.00716	0.00549	0.00474	0.02997
6	0.04179	0.15669	0.01852	0.01306	0.03502	0.13700	0.01040	0.18868	0.11875	0.02414	0.02347	0.02354	0.13747	0.01013	0.03190	0.00217	0.00717	0.00666	0.00494	0.00852
7	0.01550	0.34671	0.21294	0.01589	0.02247	0.01953	0.13657	0.02100	0.07476	0.01884	0.01200	0.01379	0.00958	0.00591	0.00551	0.00174	0.00802	0.00488	0.00323	0.05114
8	0.01204	0.00602	0.00602	0.00602	0.00753	0.00602	0.00452	0.01506	0.01355	0.02409	0.02108	0.02409	0.01656	0.00753	0.00452	0.00151	0.00301	0.00602	0.80879	0.00602
9	0.01886	0.01053	0.01544	0.29322	0.02578	0.01107	0.01207	0.02233	0.04034	0.31507	0.02000	0.02519	0.01527	0.10286	0.00988	0.00264	0.00678	0.03888	0.00540	0.00841
10	0.00930	0.00666	0.00907	0.00907	0.00978	0.00737	0.00644	0.01070	0.01000	0.01403	0.01851	0.03202	0.01903	0.33286	0.46685	0.00877	0.01297	0.00789	0.00364	0.00504
11	0.14428	0.00925	0.01127	0.00951	0.01278	0.00875	0.00757	0.02084	0.01722	0.30547	0.33975	0.03201	0.03483	0.01003	0.00661	0.00201	0.00432	0.00836	0.00697	0.00816
12	0.01037	0.00774	0.00942	0.00895	0.01074	0.00773	0.00671	0.01586	0.13797	0.02519	0.51124	0.10543	0.04998	0.01276	0.00733	0.00208	0.00346	0.01122	0.04908	0.00673
13	0.00908	0.00661	0.00854	0.00847	0.00941	0.00687	0.00600	0.01061	0.01164	0.01592	0.11945	0.03877	0.11325	0.28675	0.31309	0.00685	0.00989	0.00924	0.00442	0.00514
14	0.01690	0.71263	0.09478	0.01169	0.01757	0.02465	0.01216	0.01944	0.01317	0.01566	0.00921	0.01065	0.00828	0.00558	0.00432	0.00144	0.00714	0.00357	0.00276	0.00840
15	0.01753	0.01346	0.09482	0.01715	0.15067	0.01122	0.02960	0.04917	0.07703	0.20930	0.02204	0.14801	0.01868	0.00941	0.00654	0.00206	0.00592	0.00822	0.10017	0.00900

[dist]
# distance from previous block
# <min> <max>
0	6

[block]
# block no. 4 follows, 34 sequences, length 39
# corresponding to MSA columns:
# 79-117
name=unknown_E
#
# <colnr> <probs for GDERKNQSTAVLIFYWHMCP>
#	G	D	E	R	K	N	Q	S	T	A	V	L	I	F	Y	W	H	M	C	P
0	0.48935	0.01464	0.01202	0.01160	0.05068	0.11799	0.00861	0.04580	0.03602	0.02664	0.11645	0.01713	0.01587	0.00730	0.00509	0.00196	0.00588	0.00512	0.00450	0.00735
1	0.01706	0.01831	0.02424	0.18453	0.10330	0.18145	0.20200	0.06437	0.01613	0.02002	0.01190	0.01534	0.00930	0.00605	0.00643	0.00188	0.00929	0.00568	0.00345	0.09925
2	0.01453	0.01485	0.05005	0.12253	0.38955	0.06514	0.01637	0.01862	0.03784	0.01944	0.03985	0.01884	0.01303	0.01369	0.13447	0.00341	0.00956	0.00608	0.00345	0.00869
3	0.00799	0.00619	0.00728	0.00778	0.00914	0.00548	0.00554	0.00967	0.01442	0.01854	0.16844	0.33774	0.34397	0.01734	0.00787	0.00233	0.00342	0.01516	0.00619	0.00548
4	0.01234	0.01197	0.01680	0.01399	0.01617	0.05129	0.11916	0.01564	0.04357	0.02046	0.25010	0.03315	0.13500	0.01141	0.01124	0.00228	0.21449	0.00909	0.00493	0.00692
5	0.00894	0.00607	0.00718	0.00763	0.00775	0.00596	0.00454	0.00928	0.01029	0.01372	0.02496	0.26124	0.02929	0.54605	0.02546	0.00517	0.00551	0.01210	0.00454	0.00432
6	0.00872	0.00628	0.00725	0.00740	0.00820	0.00590	0.00480	0.00975	0.01246	0.01636	0.14438	0.15945	0.19298	0.36575	0.01939	0.00411	0.00469	0.01210	0.00521	0.00481
7	0.00969	0.00692	0.00958	0.01107	0.01224	0.00681	0.00915	0.01213	0.01416	0.01852	0.03461	0.27191	0.03877	0.01853	0.00873	0.00287	0.00532	0.49727	0.00596	0.00575
8	0.00995	0.00637	0.00918	0.00918	0.00975	0.00694	0.00657	0.01012	0.00955	0.01330	0.01568	0.02604	0.01560	0.15309	0.38504	0.28752	0.01152	0.00686	0.00331	0.00445
9	0.02367	0.01236	0.01476	0.01188	0.01625	0.01242	0.00963	0.15295	0.16872	0.38593	0.02340	0.02149	0.01594	0.00807	0.00630	0.00198	0.00544	0.00650	0.09202	0.01031
10	0.01495	0.01201	0.01482	0.12065	0.02007	0.01063	0.00971	0.06228	0.05240	0.06204	0.01331	0.01515	0.01042	0.00561	0.00533	0.00132	0.00556	0.00457	0.00423	0.55493
11	0.06440	0.25692	0.23004	0.01362	0.02003	0.01710	0.04036	0.06870	0.01467	0.04730	0.01244	0.04373	0.01032	0.00647	0.00536	0.00169	0.00722	0.00494	0.00360	0.13109
12	0.13448	0.05038	0.01589	0.01297	0.01676	0.27841	0.01024	0.15277	0.05389	0.08986	0.03122	0.01590	0.01201	0.00720	0.00562	0.00180	0.00767	0.00509	0.08943	0.00838
13	0.02834	0.01205	0.01564	0.01199	0.01702	0.01105	0.00991	0.13186	0.02025	0.63424	0.02402	0.02104	0.01526	0.00796	0.00649	0.00199	0.00574	0.00640	0.00777	0.01099
14	0.01637	0.01577	0.01679	0.01630	0.12102	0.12117	0.01117	0.04824	0.15812	0.02196	0.01436	0.01581	0.01154	0.00646	0.00645	0.00159	0.04536	0.00503	0.00427	0.34222
15	0.01388	0.01088	0.01234	0.01090	0.01372	0.01169	0.00848	0.12327	0.26932	0.02849	0.37447	0.03486	0.03896	0.01083	0.00708	0.00207	0.00438	0.00926	0.00683	0.00828
16	0.01707	0.01837	0.02520	0.13899	0.38015	0.17160	0.11527	0.02074	0.01529	0.01924	0.01172	0.01545	0.00953	0.00601	0.00646	0.00194	0.00912	0.00568	0.00319	0.00898
17	0.01825	0.28400	0.06617	0.01211	0.01783	0.01805	0.01113	0.20389	0.01803	0.04860	0.01216	0.01320	0.00963	0.00603	0.00515	0.00147	0.00647	0.00438	0.00423	0.23919
18	0.01220	0.01148	0.01938	0.75739	0.04450	0.01436	0.01794	0.01651	0.01292	0.01651	0.01148	0.01723	0.00861	0.00646	0.00646	0.00215	0.00861	0.00574	0.00287	0.00718
19	0.01242	0.00972	0.01190	0.01234	0.01460	0.01050	0.01035	0.02082	0.26533	0.02207	0.03140	0.05558	0.03099	0.01463	0.00809	0.00270	0.00565	0.44727	0.00617	0.00747
20	0.01065	0.00880	0.00962	0.00902	0.01146	0.00888	0.00688	0.01777	0.23108	0.02284	0.24748	0.04651	0.31795	0.01313	0.00731	0.00214	0.00377	0.01114	0.00650	0.00710
21	0.00926	0.00682	0.00988	0.00988	0.01086	0.00780	0.00745	0.01121	0.01023	0.01463	0.01777	0.02794	0.01726	0.15791	0.63939	0.00976	0.01564	0.00730	0.00353	0.00549
22	0.02685	0.01443	0.01712	0.01313	0.01821	0.01459	0.01084	0.36011	0.02424	0.40035	0.02067	0.01886	0.01357	0.00788	0.00648	0.00197	0.00628	0.00617	0.00726	0.01099
23	0.02178	0.01624	0.01747	0.01408	0.01871	0.01809	0.01141	0.43599	0.27472	0.07176	0.01985	0.01890	0.01434	0.00813	0.00650	0.00203	0.00632	0.00638	0.00658	0.01072
24	0.02155	0.01660	0.01770	0.01426	0.01889	0.01863	0.01155	0.47102	0.27533	0.03586	0.01934	0.01856	0.01409	0.00811	0.00650	0.00203	0.00640	0.00635	0.00650	0.01072
25	0.01576	0.01512	0.02581	0.08307	0.69100	0.01529	0.01972	0.01963	0.01460	0.02083	0.01211	0.01607	0.01014	0.00580	0.00640	0.00193	0.00773	0.00576	0.00318	0.01005
26	0.01663	0.34940	0.03526	0.01950	0.02553	0.02057	0.36687	0.05690	0.01513	0.01936	0.01141	0.01424	0.00921	0.00561	0.00604	0.00182	0.00895	0.00571	0.00322	0.00865
27	0.19214	0.01218	0.01372	0.01136	0.01574	0.01254	0.00919	0.02970	0.22864	0.37326	0.02224	0.02020	0.01522	0.00781	0.00599	0.00206	0.00528	0.00611	0.00672	0.00992
28	0.00855	0.00607	0.00783	0.00839	0.00912	0.00570	0.00572	0.01019	0.01402	0.01924	0.27934	0.40341	0.04629	0.13146	0.01175	0.00296	0.00388	0.01464	0.00608	0.00535
29	0.06264	0.01548	0.22972	0.01241	0.01630	0.01007	0.01235	0.01562	0.01396	0.06735	0.12929	0.25925	0.02895	0.01263	0.00786	0.00231	0.04606	0.04544	0.00501	0.00729
30	0.01722	0.06359	0.02557	0.03468	0.58872	0.11923	0.01826	0.02064	0.01512	0.02000	0.01166	0.01504	0.00985	0.00587	0.00618	0.00185	0.00819	0.00539	0.00319	0.00973
31	0.01989	0.01444	0.02240	0.06706	0.44354	0.01446	0.01639	0.10320	0.01735	0.19347	0.01568	0.01743	0.01161	0.00656	0.00643	0.00195	0.00714	0.00594	0.00470	0.01035
32	0.00784	0.00576	0.00736	0.00863	0.00928	0.00528	0.00584	0.00904	0.01272	0.01664	0.04002	0.66436	0.14424	0.01967	0.00816	0.00256	0.00368	0.01767	0.00600	0.00528
33	0.06427	0.17056	0.41972	0.01527	0.02282	0.01683	0.01775	0.06685	0.04098	0.05977	0.01248	0.01377	0.00922	0.00627	0.00563	0.00187	0.00805	0.00466	0.00352	0.03971
34	0.81856	0.01250	0.00950	0.00850	0.01250	0.01449	0.00700	0.01899	0.01100	0.02899	0.00900	0.01050	0.00700	0.00600	0.00400	0.00200	0.00500	0.00350	0.00400	0.00700
35	0.01543	0.01046	0.01238	0.01057	0.01351	0.01072	0.00831	0.16635	0.11143	0.10435	0.41187	0.03538	0.04023	0.01092	0.00712	0.00203	0.00444	0.00932	0.00700	0.00819
36	0.01689	0.01573	0.01895	0.10301	0.19423	0.12292	0.01417	0.06273	0.09031	0.05790	0.06210	0.02206	0.01589	0.00861	0.00882	0.00215	0.12136	0.04925	0.00436	0.00855
37	0.17779	0.00938	0.01111	0.01095	0.05552	0.00923	0.00785	0.03398	0.01576	0.17434	0.21435	0.13534	0.09663	0.01136	0.00664	0.00211	0.00446	0.00956	0.00615	0.00750
38	0.01292	0.01105	0.01376	0.01516	0.12133	0.04873	0.00990	0.05860	0.10548	0.02065	0.13171	0.08261	0.02464	0.10611	0.17545	0.00443	0.03697	0.00843	0.00479	0.00727

[dist]
# distance from previous block
# <min> <max>
0	1

[block]
# block no. 5 follows, 34 sequences, length 12
# corresponding to MSA columns:
# 119-130
name=unknown_F
#
# <colnr> <probs for GDERKNQSTAVLIFYWHMCP>
#	G	D	E	R	K	N	Q	S	T	A	V	L	I	F	Y	W	H	M	C	P
0	0.01526	0.01401	0.01359	0.01248	0.01456	0.13911	0.00951	0.17115	0.01735	0.02180	0.02573	0.30483	0.08664	0.01355	0.00908	0.00229	0.10567	0.01097	0.00522	0.00719
1	0.01105	0.01536	0.19638	0.01517	0.01944	0.01031	0.16572	0.01515	0.01466	0.02053	0.18111	0.25272	0.03099	0.01189	0.00744	0.00225	0.00661	0.01111	0.00483	0.00727
2	0.01823	0.00866	0.01130	0.00947	0.01272	0.00759	0.00751	0.02080	0.01784	0.35834	0.29677	0.03808	0.14288	0.01125	0.00710	0.00204	0.00423	0.00955	0.00736	0.00830
3	0.01505	0.02487	0.40122	0.01712	0.02319	0.01695	0.01871	0.11112	0.07825	0.02249	0.01265	0.01495	0.00966	0.00787	0.00996	0.00224	0.19556	0.00536	0.00359	0.00918
4	0.08820	0.20981	0.33852	0.01460	0.02145	0.04684	0.01628	0.11768	0.01583	0.02278	0.01164	0.01321	0.00888	0.00629	0.00542	0.00183	0.00794	0.00452	0.03931	0.00898
5	0.01563	0.01130	0.01662	0.09950	0.13939	0.01236	0.01244	0.01824	0.01417	0.15625	0.07229	0.09331	0.04816	0.01048	0.01012	0.00227	0.17432	0.04785	0.00484	0.04045
6	0.13534	0.19987	0.02562	0.01589	0.02121	0.04870	0.16841	0.26198	0.01954	0.02739	0.01223	0.01383	0.00939	0.00640	0.00579	0.00186	0.00779	0.00526	0.00437	0.00911
7	0.01557	0.48336	0.31238	0.01396	0.02108	0.02140	0.01612	0.01979	0.01333	0.01728	0.01001	0.01166	0.00825	0.00577	0.00493	0.00164	0.00795	0.00398	0.00275	0.00879
8	0.00833	0.00620	0.00776	0.00816	0.00935	0.00562	0.00582	0.01031	0.01518	0.02040	0.31536	0.34273	0.18768	0.01669	0.00788	0.00230	0.00338	0.01478	0.00644	0.00562
9	0.02146	0.12769	0.01880	0.08640	0.07311	0.01404	0.01126	0.11315	0.04447	0.31041	0.02080	0.04476	0.03710	0.00796	0.00614	0.00192	0.00614	0.00646	0.03836	0.00956
10	0.04172	0.21314	0.19481	0.01528	0.08225	0.01620	0.01386	0.07175	0.04356	0.06305	0.06609	0.01868	0.01469	0.03965	0.07611	0.00280	0.00808	0.00565	0.00400	0.00861
11	0.01535	0.03972	0.07808	0.01354	0.08104	0.00932	0.01020	0.01779	0.01412	0.20817	0.02518	0.27254	0.02477	0.06665	0.06186	0.00311	0.00645	0.03887	0.00553	0.00772

[dist]
# distance from previous block
# <min> <max>
0	7

# created by:
# /home/berkeley/.conda/envs/busco_data_prod/bin/msa2prfl.pl pipeline/OGs_align_augustus/5794/54761.fs
