[name]
unknown

[dist]
# distance from previous block
# <min> <max>
0	318

[block]
# block no. 0 follows, 23 sequences, length 32
# corresponding to MSA columns:
# 334-365
name=unknown_A
#
# <colnr> <probs for GDERKNQSTAVLIFYWHMCP>
#	G	D	E	R	K	N	Q	S	T	A	V	L	I	F	Y	W	H	M	C	P
0	0.01634	0.12279	0.10853	0.01624	0.02084	0.01641	0.01545	0.02482	0.15404	0.02577	0.03217	0.05634	0.03153	0.01562	0.00919	0.00306	0.00804	0.30664	0.00649	0.00969
1	0.01473	0.01731	0.10407	0.01710	0.07843	0.09140	0.01316	0.01855	0.01979	0.02612	0.25498	0.18878	0.09205	0.01573	0.00907	0.00266	0.00701	0.01367	0.00673	0.00866
2	0.01734	0.01297	0.01769	0.12694	0.08967	0.01377	0.01352	0.06855	0.11502	0.08077	0.11590	0.22861	0.03555	0.01493	0.00898	0.00280	0.00684	0.01323	0.00709	0.00985
3	0.01675	0.21060	0.41102	0.01861	0.02787	0.02047	0.02233	0.02340	0.01740	0.02397	0.05313	0.02440	0.07903	0.00925	0.00735	0.00237	0.00994	0.00713	0.00413	0.01085
4	0.02424	0.02052	0.15883	0.01554	0.02297	0.01422	0.01504	0.09593	0.02127	0.23015	0.02150	0.02166	0.01508	0.00833	0.00725	0.00210	0.00772	0.00661	0.06883	0.22221
5	0.01685	0.01300	0.01606	0.01470	0.01664	0.01502	0.01118	0.11232	0.11395	0.02554	0.02487	0.15288	0.02459	0.08901	0.09929	0.10835	0.12030	0.01101	0.00591	0.00850
6	0.01867	0.05981	0.36585	0.02361	0.09941	0.11263	0.02306	0.05117	0.01879	0.02513	0.01855	0.11137	0.01666	0.01022	0.00797	0.00254	0.01085	0.00834	0.00436	0.01100
7	0.01586	0.01271	0.01527	0.11632	0.02214	0.01431	0.01183	0.02747	0.28909	0.02772	0.03262	0.22038	0.03026	0.01442	0.00847	0.00278	0.00624	0.01257	0.10974	0.00978
8	0.00990	0.00771	0.00900	0.00979	0.01143	0.00681	0.00692	0.01184	0.01759	0.02239	0.12013	0.35954	0.33331	0.02236	0.00993	0.00297	0.00435	0.01956	0.00767	0.00681
9	0.02681	0.39088	0.03294	0.01576	0.02219	0.10265	0.01411	0.15279	0.02269	0.12511	0.01627	0.01675	0.01259	0.00815	0.00650	0.00204	0.00915	0.00563	0.00551	0.01151
10	0.77215	0.01569	0.01193	0.01067	0.01569	0.01820	0.00879	0.02385	0.01381	0.03641	0.01130	0.01318	0.00879	0.00753	0.00502	0.00251	0.00628	0.00439	0.00502	0.00879
11	0.10150	0.02328	0.11016	0.01767	0.02433	0.02194	0.01600	0.43334	0.03140	0.04443	0.07866	0.02242	0.01876	0.00989	0.00789	0.00247	0.00860	0.00753	0.00724	0.01247
12	0.02264	0.01580	0.02065	0.22757	0.03117	0.01762	0.01540	0.22890	0.02372	0.11860	0.02056	0.02649	0.01623	0.09921	0.07603	0.00419	0.01033	0.00807	0.00623	0.01061
13	0.02748	0.01673	0.01965	0.01505	0.02149	0.01595	0.01226	0.19316	0.08821	0.25010	0.02355	0.02251	0.01649	0.00886	0.00752	0.00213	0.00713	0.00704	0.00779	0.23690
14	0.01436	0.01152	0.01398	0.11458	0.02026	0.01212	0.01048	0.07663	0.09572	0.02665	0.13763	0.09923	0.20436	0.11084	0.01344	0.00342	0.00637	0.01308	0.00694	0.00840
15	0.23587	0.09785	0.01984	0.01747	0.10527	0.01703	0.01213	0.06783	0.01732	0.02897	0.01872	0.12159	0.01800	0.01368	0.05280	0.00302	0.00799	0.00818	0.00524	0.13122
16	0.01444	0.00848	0.00915	0.00890	0.01107	0.00857	0.00679	0.04405	0.01763	0.02826	0.03450	0.03771	0.12356	0.01826	0.09864	0.00357	0.00650	0.00925	0.50301	0.00768
17	0.12389	0.47229	0.03291	0.01349	0.01972	0.02698	0.01264	0.09700	0.01893	0.02558	0.01899	0.01998	0.07223	0.00865	0.00595	0.00202	0.00795	0.00592	0.00463	0.01026
18	0.01880	0.01593	0.02263	0.02214	0.12479	0.01648	0.08844	0.13213	0.14110	0.03429	0.24963	0.03656	0.03792	0.01167	0.00882	0.00257	0.00733	0.01055	0.00729	0.01093
19	0.01124	0.01523	0.15184	0.01227	0.01643	0.00944	0.01171	0.01487	0.01787	0.02325	0.10222	0.20605	0.34029	0.01859	0.00936	0.00281	0.00592	0.01589	0.00675	0.00796
20	0.02347	0.01249	0.01549	0.01288	0.01751	0.01158	0.01024	0.02985	0.12307	0.29819	0.18206	0.04102	0.11067	0.01270	0.00853	0.00250	0.00572	0.01068	0.00884	0.06251
21	0.02303	0.02333	0.16456	0.02030	0.02729	0.01917	0.10160	0.23181	0.05639	0.09831	0.02031	0.02266	0.01507	0.01724	0.11692	0.00424	0.01197	0.00774	0.00615	0.01192
22	0.01951	0.02186	0.22178	0.12409	0.02849	0.01505	0.01810	0.08149	0.01915	0.13603	0.02363	0.12295	0.02089	0.09623	0.01232	0.00331	0.00911	0.00982	0.00580	0.01038
23	0.00982	0.00731	0.00916	0.01064	0.01159	0.00665	0.00724	0.01137	0.01617	0.02097	0.05280	0.57351	0.18448	0.02437	0.01019	0.00318	0.00458	0.02179	0.00753	0.00665
24	0.03104	0.01531	0.01902	0.01494	0.02061	0.01480	0.01221	0.17720	0.05233	0.41122	0.11464	0.03030	0.02649	0.01090	0.00835	0.00251	0.00694	0.00889	0.00936	0.01293
25	0.01818	0.02864	0.25800	0.03048	0.03996	0.01996	0.43140	0.02589	0.01847	0.02589	0.01579	0.02029	0.01163	0.00713	0.00895	0.00268	0.01311	0.00837	0.00388	0.01130
26	0.02219	0.02040	0.02716	0.34068	0.04185	0.12570	0.11201	0.09958	0.02107	0.08655	0.01670	0.02085	0.01222	0.00834	0.00821	0.00256	0.01127	0.00735	0.00493	0.01040
27	0.00976	0.00757	0.00889	0.00994	0.01141	0.00670	0.00693	0.01145	0.01684	0.02124	0.06121	0.43173	0.32083	0.02328	0.01002	0.00305	0.00444	0.02045	0.00753	0.00670
28	0.01557	0.20538	0.25936	0.01554	0.02256	0.01795	0.01715	0.02083	0.01844	0.02485	0.16363	0.03525	0.12942	0.01149	0.00776	0.00238	0.00810	0.00923	0.00529	0.00982
29	0.01913	0.16650	0.02410	0.01623	0.02064	0.01916	0.05490	0.14169	0.10703	0.02882	0.02713	0.14270	0.02634	0.01736	0.05870	0.00347	0.00891	0.10066	0.00639	0.01014
30	0.01426	0.00849	0.01085	0.01112	0.01309	0.00761	0.00800	0.01632	0.01807	0.12671	0.11148	0.41655	0.16397	0.02115	0.00978	0.00299	0.00486	0.01871	0.00808	0.00791
31	0.01802	0.01260	0.01468	0.01284	0.01578	0.01297	0.00969	0.20257	0.02474	0.05593	0.25900	0.13426	0.04498	0.12800	0.01430	0.00347	0.00624	0.01291	0.00789	0.00914

[dist]
# distance from previous block
# <min> <max>
7	28

[block]
# block no. 1 follows, 23 sequences, length 17
# corresponding to MSA columns:
# 401-417
name=unknown_B
#
# <colnr> <probs for GDERKNQSTAVLIFYWHMCP>
#	G	D	E	R	K	N	Q	S	T	A	V	L	I	F	Y	W	H	M	C	P
0	0.05784	0.05589	0.02334	0.04642	0.07587	0.12815	0.01515	0.28365	0.02726	0.10858	0.01983	0.05285	0.01562	0.01213	0.03847	0.00289	0.01001	0.00761	0.00664	0.01181
1	0.15573	0.01453	0.01907	0.02180	0.18788	0.01386	0.01339	0.02412	0.01761	0.13146	0.02130	0.10301	0.01851	0.00980	0.00722	0.00226	0.00687	0.00828	0.05152	0.17178
2	0.01904	0.20700	0.13107	0.06777	0.05633	0.06030	0.01653	0.04848	0.01843	0.02481	0.07138	0.02032	0.01696	0.00837	0.00777	0.00207	0.04090	0.00629	0.00452	0.17168
3	0.01393	0.00898	0.00987	0.00965	0.01185	0.00900	0.00722	0.01974	0.09681	0.02963	0.18056	0.09642	0.10144	0.01369	0.00766	0.00235	0.00423	0.01161	0.35728	0.00809
4	0.01854	0.13581	0.21753	0.02444	0.03251	0.02113	0.25436	0.05279	0.01909	0.02629	0.07259	0.02233	0.01719	0.00844	0.00906	0.00254	0.04209	0.00799	0.00441	0.01090
5	0.00981	0.00737	0.00910	0.01048	0.01156	0.00666	0.00717	0.01139	0.01632	0.02103	0.05463	0.54258	0.21423	0.02413	0.01015	0.00315	0.00455	0.02150	0.00753	0.00666
6	0.01627	0.04197	0.67279	0.02313	0.03512	0.01884	0.02998	0.02570	0.01713	0.02570	0.01456	0.01713	0.01028	0.00771	0.00771	0.00257	0.01199	0.00600	0.00343	0.01199
7	0.01039	0.00825	0.00933	0.00906	0.01145	0.00719	0.00680	0.01320	0.02039	0.02641	0.32660	0.07070	0.41372	0.01887	0.00958	0.00266	0.00399	0.01609	0.00813	0.00719
8	0.01627	0.04197	0.67279	0.02313	0.03512	0.01884	0.02998	0.02570	0.01713	0.02570	0.01456	0.01713	0.01028	0.00771	0.00771	0.00257	0.01199	0.00600	0.00343	0.01199
9	0.29051	0.01287	0.01329	0.01175	0.01573	0.01361	0.00931	0.02524	0.09735	0.12364	0.26000	0.03510	0.03776	0.01171	0.00757	0.00256	0.00547	0.00937	0.00759	0.00957
10	0.01532	0.01442	0.02434	0.69533	0.05589	0.01803	0.02253	0.02073	0.01622	0.02073	0.01442	0.02163	0.01082	0.00811	0.00811	0.00270	0.01082	0.00721	0.00361	0.00901
11	0.00988	0.00755	0.00908	0.01014	0.01150	0.00675	0.00705	0.01166	0.01703	0.02185	0.09510	0.44629	0.27060	0.02316	0.01004	0.00305	0.00444	0.02045	0.00762	0.00675
12	0.77215	0.01569	0.01193	0.01067	0.01569	0.01820	0.00879	0.02385	0.01381	0.03641	0.01130	0.01318	0.00879	0.00753	0.00502	0.00251	0.00628	0.00439	0.00502	0.00879
13	0.01688	0.01270	0.01412	0.01290	0.01582	0.01342	0.00964	0.14906	0.14153	0.03095	0.11179	0.17808	0.09932	0.10494	0.01304	0.00338	0.00611	0.01334	0.04372	0.00927
14	0.01033	0.00790	0.00948	0.00983	0.01160	0.00705	0.00709	0.01280	0.01915	0.02521	0.26991	0.26167	0.27733	0.02065	0.00981	0.00284	0.00419	0.01807	0.00802	0.00705
15	0.01394	0.01287	0.02134	0.05122	0.10025	0.01221	0.14085	0.01801	0.01927	0.02533	0.14398	0.05601	0.23204	0.01516	0.00957	0.00282	0.00753	0.10243	0.00643	0.00875
16	0.02667	0.33001	0.03162	0.01754	0.02326	0.30324	0.01487	0.11967	0.02246	0.02422	0.01304	0.01466	0.01094	0.00796	0.00653	0.00199	0.01121	0.00516	0.00447	0.01050

[dist]
# distance from previous block
# <min> <max>
2	4

[block]
# block no. 2 follows, 23 sequences, length 14
# corresponding to MSA columns:
# 422-435
name=unknown_C
#
# <colnr> <probs for GDERKNQSTAVLIFYWHMCP>
#	G	D	E	R	K	N	Q	S	T	A	V	L	I	F	Y	W	H	M	C	P
0	0.02063	0.10091	0.18497	0.02420	0.06233	0.09605	0.14076	0.08810	0.01959	0.02594	0.01564	0.04819	0.01317	0.00946	0.01076	0.00262	0.11391	0.00755	0.00436	0.01086
1	0.01630	0.01542	0.02610	0.56336	0.18025	0.01828	0.02302	0.02158	0.01669	0.02191	0.01459	0.02132	0.01123	0.00793	0.00810	0.00264	0.01058	0.00721	0.00369	0.00980
2	0.01073	0.00785	0.00923	0.00955	0.01074	0.00727	0.00641	0.01236	0.01665	0.02190	0.17403	0.21637	0.20359	0.23428	0.01951	0.00441	0.00535	0.01639	0.00702	0.00636
3	0.01699	0.01467	0.02075	0.25290	0.11896	0.01642	0.01664	0.07938	0.12845	0.02788	0.09285	0.09776	0.05857	0.01189	0.00858	0.00269	0.00804	0.01043	0.00603	0.01014
4	0.00989	0.00706	0.00942	0.01130	0.01177	0.00659	0.00753	0.01130	0.01554	0.02071	0.04472	0.70954	0.05367	0.02542	0.01036	0.00330	0.00471	0.02307	0.00753	0.00659
5	0.01683	0.01442	0.01683	0.01202	0.01923	0.01082	0.00961	0.02043	0.01683	0.02644	0.01442	0.01683	0.01202	0.00601	0.00601	0.00120	0.00601	0.00481	0.00481	0.76444
6	0.01410	0.01031	0.01201	0.01135	0.01381	0.01012	0.00850	0.11676	0.02235	0.03033	0.24514	0.22320	0.17332	0.01813	0.00932	0.00273	0.00495	0.01572	0.04961	0.00823
7	0.02164	0.02968	0.27761	0.01938	0.02673	0.12658	0.01982	0.09197	0.10045	0.08260	0.02047	0.05107	0.01606	0.01375	0.06294	0.00338	0.01144	0.00756	0.00547	0.01139
8	0.21789	0.01821	0.01807	0.01550	0.02064	0.02082	0.01239	0.17558	0.34301	0.03856	0.02425	0.02334	0.01808	0.00981	0.00738	0.00262	0.00696	0.00750	0.00738	0.01201
9	0.01723	0.40429	0.08367	0.01376	0.01915	0.02202	0.01333	0.02028	0.01682	0.02072	0.02749	0.13858	0.08953	0.01291	0.00729	0.00236	0.00772	0.06865	0.00494	0.00927
10	0.02684	0.01474	0.01749	0.01446	0.01946	0.01497	0.01159	0.09961	0.20894	0.30016	0.08318	0.03057	0.02562	0.01079	0.00806	0.00252	0.00641	0.00886	0.08336	0.01239
11	0.00981	0.00735	0.00912	0.01054	0.01157	0.00665	0.00720	0.01138	0.01626	0.02101	0.05392	0.55455	0.20271	0.02423	0.01017	0.00316	0.00456	0.02161	0.00753	0.00665
12	0.01031	0.00746	0.00975	0.01083	0.01182	0.00690	0.00749	0.01242	0.01775	0.02404	0.21652	0.49669	0.09244	0.02272	0.01010	0.00306	0.00443	0.02043	0.00792	0.00690
13	0.02367	0.02316	0.17978	0.01774	0.02432	0.01819	0.01695	0.28591	0.02654	0.11447	0.02497	0.16098	0.02186	0.01248	0.00848	0.00265	0.00857	0.01031	0.00708	0.01188

[dist]
# distance from previous block
# <min> <max>
1	17

[block]
# block no. 3 follows, 23 sequences, length 29
# corresponding to MSA columns:
# 456-484
name=unknown_D
#
# <colnr> <probs for GDERKNQSTAVLIFYWHMCP>
#	G	D	E	R	K	N	Q	S	T	A	V	L	I	F	Y	W	H	M	C	P
0	0.02816	0.01809	0.01861	0.01708	0.05969	0.14339	0.01229	0.06305	0.02140	0.32116	0.02657	0.08338	0.02151	0.11303	0.01297	0.00326	0.00866	0.00922	0.00747	0.01101
1	0.12452	0.01507	0.01692	0.01393	0.01826	0.01590	0.01104	0.17267	0.02014	0.03087	0.01766	0.02410	0.01551	0.10172	0.13603	0.00481	0.05653	0.00707	0.00551	0.19175
2	0.01629	0.01194	0.01464	0.01319	0.01598	0.01260	0.01021	0.17536	0.02361	0.03259	0.26370	0.13427	0.04438	0.02608	0.16176	0.00500	0.00933	0.01259	0.00749	0.00900
3	0.01767	0.19751	0.03031	0.42406	0.13641	0.02185	0.02065	0.02227	0.01662	0.02116	0.01373	0.01918	0.01101	0.00768	0.00735	0.00241	0.01009	0.00647	0.00363	0.00994
4	0.01180	0.00787	0.00885	0.00885	0.00885	0.00787	0.00492	0.01180	0.01180	0.01573	0.02557	0.05310	0.02950	0.71483	0.04130	0.00787	0.00787	0.01180	0.00492	0.00492
5	0.02139	0.02367	0.11725	0.02127	0.02750	0.11593	0.17047	0.13016	0.02383	0.06158	0.17222	0.02935	0.02789	0.01019	0.00866	0.00251	0.01007	0.00920	0.00616	0.01070
6	0.02575	0.01701	0.01974	0.01473	0.02150	0.01576	0.01203	0.22679	0.02523	0.17694	0.01997	0.02008	0.01439	0.00813	0.00718	0.00190	0.00716	0.00637	0.00705	0.35228
7	0.63896	0.01803	0.01407	0.01226	0.01739	0.06363	0.01000	0.09336	0.01716	0.03695	0.01230	0.01399	0.00946	0.00784	0.00552	0.00247	0.00714	0.00478	0.00531	0.00939
8	0.01157	0.00865	0.01079	0.01030	0.01238	0.00809	0.00770	0.01594	0.05164	0.03062	0.52359	0.09483	0.14885	0.01729	0.00955	0.00262	0.00403	0.01516	0.00865	0.00774
9	0.02370	0.20483	0.09268	0.01823	0.02477	0.08143	0.04435	0.18480	0.18587	0.03205	0.01963	0.02005	0.01505	0.00889	0.00736	0.00233	0.00923	0.00682	0.00596	0.01199
10	0.02011	0.07077	0.13491	0.03704	0.31653	0.02081	0.18503	0.06762	0.01968	0.02745	0.01548	0.01959	0.01222	0.00735	0.00821	0.00248	0.01095	0.00747	0.00420	0.01212
11	0.07302	0.16354	0.07918	0.01932	0.05696	0.07789	0.06055	0.05112	0.05966	0.05481	0.01539	0.01897	0.01271	0.01174	0.01313	0.11295	0.09823	0.00648	0.00457	0.00979
12	0.02218	0.02211	0.04180	0.03018	0.03795	0.02172	0.47461	0.18402	0.02406	0.03249	0.01721	0.02127	0.01270	0.00759	0.00920	0.00266	0.01245	0.00899	0.00514	0.01168
13	0.01193	0.00831	0.01062	0.01089	0.01157	0.00871	0.00755	0.01327	0.01314	0.01783	0.02703	0.05280	0.02944	0.43336	0.21446	0.00870	0.01165	0.09767	0.00513	0.00593
14	0.02357	0.05186	0.12453	0.02459	0.06099	0.11663	0.20335	0.03166	0.11631	0.13389	0.02048	0.02194	0.01490	0.00839	0.00829	0.00253	0.01095	0.00780	0.00562	0.01171
15	0.02504	0.01547	0.01898	0.01560	0.02005	0.01655	0.01267	0.24716	0.02547	0.19365	0.07490	0.02798	0.02200	0.02381	0.18356	0.00526	0.04456	0.00847	0.00747	0.01137
16	0.01796	0.00935	0.01216	0.01160	0.01412	0.00839	0.00849	0.02007	0.01852	0.21244	0.10322	0.32859	0.10563	0.07538	0.01206	0.00331	0.00546	0.01635	0.00820	0.00871
17	0.01706	0.01429	0.01952	0.06362	0.07702	0.04199	0.07086	0.06326	0.07001	0.05581	0.06253	0.20785	0.05937	0.09219	0.01346	0.00339	0.03931	0.01301	0.00632	0.00916
18	0.12666	0.12071	0.17917	0.01874	0.02549	0.25898	0.01778	0.08676	0.04804	0.02701	0.01424	0.01596	0.01112	0.00816	0.00695	0.00228	0.01120	0.00555	0.00458	0.01064
19	0.01420	0.01409	0.10833	0.01382	0.01643	0.01148	0.01187	0.01692	0.01436	0.06312	0.02550	0.15092	0.02633	0.21992	0.19352	0.00694	0.06779	0.01147	0.00524	0.00775
20	0.01001	0.00751	0.00933	0.01071	0.01187	0.00683	0.00752	0.01174	0.01651	0.02126	0.05451	0.50401	0.21363	0.02395	0.01021	0.00318	0.00472	0.05826	0.00753	0.00671
21	0.01858	0.01690	0.02448	0.13672	0.22344	0.01932	0.01856	0.07381	0.10348	0.02722	0.05607	0.02722	0.06016	0.01084	0.01191	0.00276	0.14390	0.00853	0.00526	0.01085
22	0.02235	0.06275	0.15654	0.08135	0.12455	0.07001	0.13094	0.10173	0.06072	0.08374	0.01791	0.02038	0.01326	0.00818	0.00808	0.00250	0.01072	0.00731	0.00515	0.01183
23	0.01708	0.08286	0.01654	0.01311	0.01660	0.04453	0.01038	0.04924	0.14963	0.06958	0.08922	0.15929	0.17306	0.01618	0.00887	0.00274	0.00625	0.05805	0.00742	0.00938
24	0.05744	0.01323	0.01615	0.06344	0.02009	0.01364	0.01122	0.09650	0.10820	0.19601	0.11835	0.12006	0.03201	0.08256	0.01178	0.00319	0.00671	0.01114	0.00788	0.01041
25	0.20604	0.17172	0.19154	0.06847	0.06499	0.01991	0.01724	0.02306	0.01700	0.02760	0.10338	0.02187	0.01941	0.00874	0.00681	0.00237	0.00848	0.00662	0.00466	0.01008
26	0.12323	0.06956	0.18971	0.07446	0.14461	0.01766	0.06896	0.02340	0.01746	0.05697	0.02518	0.02725	0.10920	0.00955	0.00771	0.00252	0.00915	0.00805	0.00477	0.01060
27	0.02249	0.07216	0.15811	0.05389	0.12864	0.07146	0.04786	0.17278	0.13327	0.03218	0.01877	0.02040	0.01418	0.00866	0.00786	0.00247	0.00993	0.00710	0.00557	0.01223
28	0.08401	0.16113	0.02669	0.07858	0.16872	0.10116	0.01603	0.02622	0.01822	0.11101	0.01633	0.01902	0.01294	0.01104	0.04926	0.00284	0.00996	0.00617	0.00488	0.07580

[dist]
# distance from previous block
# <min> <max>
6	117

[block]
# block no. 4 follows, 23 sequences, length 14
# corresponding to MSA columns:
# 621-634
name=unknown_E
#
# <colnr> <probs for GDERKNQSTAVLIFYWHMCP>
#	G	D	E	R	K	N	Q	S	T	A	V	L	I	F	Y	W	H	M	C	P
0	0.09973	0.01917	0.01790	0.01855	0.09347	0.16859	0.01262	0.02627	0.09814	0.07831	0.09156	0.10663	0.07130	0.01213	0.00801	0.00247	0.00808	0.00992	0.00637	0.05078
1	0.01580	0.01760	0.11971	0.13508	0.02788	0.01513	0.06049	0.08102	0.02004	0.02750	0.15003	0.04014	0.06480	0.01669	0.06415	0.00363	0.04713	0.07798	0.00583	0.00937
2	0.02216	0.02046	0.02363	0.05242	0.13273	0.15762	0.08546	0.06651	0.08484	0.07289	0.02248	0.09428	0.01921	0.01038	0.00806	0.00247	0.00943	0.00904	0.09534	0.01058
3	0.02286	0.01876	0.01986	0.01705	0.02212	0.02143	0.01349	0.19225	0.49607	0.03826	0.02963	0.02756	0.02202	0.01069	0.00822	0.00267	0.00705	0.00870	0.00822	0.01308
4	0.01739	0.02076	0.12843	0.01478	0.01926	0.12159	0.01322	0.09616	0.02144	0.02720	0.15357	0.07638	0.15255	0.08733	0.01207	0.00310	0.00816	0.01131	0.00634	0.00896
5	0.02233	0.47764	0.14817	0.01677	0.02408	0.14878	0.01700	0.02602	0.01779	0.02038	0.01208	0.01403	0.01040	0.00733	0.00603	0.00195	0.01034	0.00479	0.00359	0.01050
6	0.01561	0.01877	0.13561	0.22046	0.19310	0.01621	0.02085	0.02084	0.01603	0.02250	0.01676	0.02341	0.01396	0.02300	0.20213	0.00558	0.01387	0.00743	0.00389	0.00998
7	0.01168	0.00836	0.01136	0.01136	0.01222	0.00923	0.00804	0.01341	0.01254	0.01759	0.02327	0.04041	0.02399	0.32367	0.42492	0.01096	0.01616	0.00994	0.00458	0.00631
8	0.01288	0.00982	0.01256	0.01191	0.01292	0.01121	0.00884	0.01480	0.01422	0.02047	0.06317	0.04244	0.10110	0.22799	0.19020	0.00684	0.13015	0.01052	0.09110	0.00687
9	0.01764	0.05610	0.10592	0.06686	0.09041	0.08334	0.01562	0.06465	0.01966	0.02582	0.08445	0.06860	0.12473	0.01181	0.00898	0.00242	0.04224	0.00956	0.00546	0.09574
10	0.01356	0.01291	0.01172	0.01228	0.01398	0.12418	0.00871	0.01549	0.01822	0.02213	0.11610	0.39927	0.15989	0.02056	0.00960	0.00290	0.00622	0.01792	0.00711	0.00725
11	0.02131	0.02183	0.09822	0.02098	0.07693	0.05356	0.08153	0.18387	0.02290	0.03189	0.01646	0.01930	0.01288	0.01137	0.05519	0.00283	0.01014	0.00660	0.00531	0.24689
12	0.15942	0.02480	0.15464	0.01572	0.02152	0.16103	0.01479	0.07537	0.01997	0.06842	0.02184	0.02328	0.05874	0.00934	0.00697	0.00233	0.00898	0.00683	0.13605	0.00997
13	0.01884	0.07853	0.09490	0.01797	0.05199	0.16325	0.01474	0.06478	0.01864	0.02296	0.02159	0.09775	0.02108	0.05969	0.16934	0.00528	0.01300	0.05161	0.00496	0.00910

[dist]
# distance from previous block
# <min> <max>
0	7

[block]
# block no. 5 follows, 23 sequences, length 9
# corresponding to MSA columns:
# 642-650
name=unknown_F
#
# <colnr> <probs for GDERKNQSTAVLIFYWHMCP>
#	G	D	E	R	K	N	Q	S	T	A	V	L	I	F	Y	W	H	M	C	P
0	0.02128	0.07912	0.02135	0.01645	0.02073	0.14741	0.06348	0.08045	0.02049	0.09467	0.02630	0.24593	0.02634	0.01381	0.00836	0.00250	0.00854	0.01186	0.00628	0.08465
1	0.01479	0.01165	0.01345	0.06815	0.01784	0.01164	0.00975	0.13804	0.02336	0.03033	0.21012	0.05727	0.32989	0.01636	0.00917	0.00263	0.00556	0.01372	0.00768	0.00862
2	0.01532	0.01442	0.02434	0.69533	0.05589	0.01803	0.02253	0.02073	0.01622	0.02073	0.01442	0.02163	0.01082	0.00811	0.00811	0.00270	0.01082	0.00721	0.00361	0.00901
3	0.01043	0.00812	0.00947	0.00941	0.01155	0.00716	0.00695	0.01317	0.02007	0.02631	0.32402	0.14154	0.34390	0.01941	0.00967	0.00272	0.00406	0.01675	0.00813	0.00716
4	0.02646	0.02038	0.02435	0.21005	0.03385	0.02315	0.01743	0.46281	0.03195	0.04254	0.01805	0.02009	0.01296	0.00928	0.00812	0.00251	0.00946	0.00728	0.00684	0.01245
5	0.01283	0.00975	0.01251	0.01193	0.01398	0.01029	0.00902	0.01898	0.11235	0.02750	0.33168	0.04681	0.04868	0.07235	0.21808	0.00613	0.00996	0.01184	0.00718	0.00813
6	0.01759	0.01464	0.01735	0.01466	0.01944	0.01447	0.03762	0.09512	0.19846	0.03003	0.03343	0.11628	0.09676	0.01287	0.00828	0.00243	0.00650	0.04649	0.00693	0.21065
7	0.02165	0.01932	0.02369	0.01916	0.02414	0.05253	0.09300	0.15776	0.24634	0.03351	0.06389	0.02564	0.02093	0.01036	0.01023	0.00259	0.08330	0.00840	0.00673	0.07682
8	0.02221	0.17816	0.02429	0.01584	0.02114	0.26341	0.01286	0.02495	0.01855	0.02142	0.01397	0.01710	0.01214	0.01410	0.09283	0.00316	0.01179	0.00536	0.00422	0.22250

[dist]
# distance from previous block
# <min> <max>
0	8

[block]
# block no. 6 follows, 23 sequences, length 29
# corresponding to MSA columns:
# 689-717
name=unknown_G
#
# <colnr> <probs for GDERKNQSTAVLIFYWHMCP>
#	G	D	E	R	K	N	Q	S	T	A	V	L	I	F	Y	W	H	M	C	P
0	0.05559	0.02803	0.09395	0.09785	0.14422	0.24994	0.05819	0.07786	0.06915	0.02644	0.01575	0.01859	0.01231	0.00825	0.00775	0.00240	0.01156	0.00658	0.00467	0.01094
1	0.02067	0.20036	0.12989	0.02263	0.13124	0.06701	0.05775	0.02490	0.01816	0.09008	0.02022	0.11137	0.01821	0.01012	0.00753	0.00237	0.00917	0.00855	0.03903	0.01074
2	0.02118	0.02281	0.13341	0.02861	0.23897	0.06541	0.01962	0.14815	0.02208	0.05367	0.02071	0.11252	0.01856	0.01312	0.04186	0.00307	0.01009	0.00913	0.00547	0.01157
3	0.06962	0.01475	0.01658	0.01345	0.01904	0.01363	0.01091	0.11905	0.05896	0.03079	0.02450	0.05567	0.05140	0.01067	0.00746	0.00208	0.00658	0.08938	0.00616	0.37933
4	0.01596	0.01100	0.01342	0.06075	0.01725	0.01137	0.00956	0.02261	0.15361	0.09360	0.13588	0.14474	0.08771	0.16724	0.01604	0.00388	0.00625	0.01309	0.00733	0.00871
5	0.05430	0.12686	0.32545	0.02608	0.16720	0.02046	0.02334	0.05694	0.01878	0.08429	0.01592	0.01808	0.01184	0.00780	0.00737	0.00240	0.01015	0.00622	0.00446	0.01207
6	0.03356	0.01667	0.02040	0.01582	0.02203	0.01640	0.01301	0.21321	0.07525	0.44191	0.02845	0.02546	0.01862	0.01003	0.00815	0.00251	0.00746	0.00799	0.00935	0.01373
7	0.00983	0.00797	0.00872	0.00908	0.01124	0.00686	0.00660	0.01190	0.01824	0.02260	0.12554	0.21671	0.47387	0.02128	0.00976	0.00285	0.00422	0.01823	0.00766	0.00686
8	0.01488	0.01126	0.01760	0.32382	0.03205	0.01344	0.01483	0.01688	0.01408	0.01944	0.01572	0.02378	0.01339	0.01773	0.05024	0.24776	0.05468	0.00726	0.08415	0.00700
9	0.02008	0.01928	0.03294	0.04981	0.66422	0.01928	0.02490	0.02490	0.01848	0.02651	0.01526	0.02008	0.01285	0.00723	0.00803	0.00241	0.00964	0.00723	0.00402	0.01285
10	0.01719	0.09582	0.21745	0.06461	0.02517	0.01714	0.01735	0.10427	0.04423	0.03077	0.24257	0.03310	0.03463	0.01117	0.00820	0.00247	0.00808	0.00925	0.00618	0.01036
11	0.02457	0.02823	0.02719	0.10343	0.28871	0.34247	0.02016	0.02812	0.02044	0.02266	0.01385	0.01759	0.01147	0.00787	0.00769	0.00228	0.01220	0.00625	0.00405	0.01077
12	0.01104	0.00940	0.01422	0.01344	0.01564	0.00854	0.09134	0.01338	0.01692	0.02179	0.05226	0.42618	0.23181	0.02145	0.01002	0.00305	0.00573	0.01946	0.00707	0.00725
13	0.01978	0.01577	0.01456	0.01418	0.01699	0.15798	0.01076	0.02204	0.01936	0.14252	0.03890	0.27852	0.10057	0.01784	0.00930	0.00288	0.00763	0.09446	0.00725	0.00871
14	0.01866	0.01591	0.01880	0.08882	0.06710	0.01785	0.01378	0.07656	0.37884	0.03221	0.10214	0.03490	0.07589	0.01170	0.00846	0.00268	0.00682	0.00992	0.00749	0.01148
15	0.01356	0.00744	0.01051	0.01071	0.01090	0.00744	0.00728	0.01146	0.01165	0.01547	0.01927	0.03700	0.02040	0.15599	0.03135	0.54278	0.00724	0.07115	0.00420	0.00420
16	0.02780	0.23748	0.02869	0.01885	0.02384	0.49247	0.01515	0.03004	0.02109	0.01963	0.01217	0.01416	0.01044	0.00795	0.00670	0.00199	0.01289	0.00497	0.00397	0.00970
17	0.01088	0.00803	0.00966	0.00963	0.01119	0.00736	0.00677	0.01324	0.01882	0.02528	0.32126	0.15050	0.20370	0.14929	0.01561	0.00369	0.00477	0.01585	0.00766	0.00681
18	0.01876	0.01351	0.01641	0.01441	0.01769	0.01514	0.01150	0.23404	0.02232	0.03147	0.02147	0.02734	0.01806	0.03718	0.37031	0.00807	0.01524	0.00808	0.08943	0.00959
19	0.02457	0.01695	0.01916	0.01631	0.02110	0.01829	0.01314	0.26781	0.18661	0.12348	0.03002	0.11069	0.02554	0.01326	0.00875	0.00276	0.00738	0.07386	0.00827	0.01205
20	0.57709	0.01571	0.01435	0.01372	0.06276	0.01690	0.01010	0.02329	0.01471	0.03383	0.01217	0.01436	0.00968	0.00723	0.00542	0.00226	0.00647	0.00467	0.00491	0.15039
21	0.16537	0.02287	0.02270	0.01844	0.02375	0.16691	0.09620	0.19878	0.06922	0.03464	0.01770	0.01945	0.01344	0.00869	0.00731	0.00238	0.00962	0.00676	0.08500	0.01078
22	0.02579	0.12052	0.09495	0.01968	0.02577	0.23166	0.08437	0.05593	0.04181	0.13833	0.01815	0.01983	0.01371	0.01238	0.05897	0.00311	0.01210	0.00668	0.00536	0.01090
23	0.02135	0.02260	0.10069	0.02610	0.13723	0.06921	0.12472	0.17434	0.02301	0.03097	0.01914	0.05432	0.01628	0.01315	0.05662	0.00325	0.01114	0.03371	0.00536	0.05682
24	0.10247	0.13428	0.26731	0.11997	0.03133	0.09545	0.02121	0.02464	0.01669	0.02385	0.01305	0.01653	0.01027	0.00839	0.00903	0.00251	0.08316	0.00578	0.00373	0.01034
25	0.01689	0.14476	0.12715	0.01763	0.02364	0.01815	0.09784	0.04580	0.08363	0.02450	0.02486	0.02800	0.08125	0.02088	0.15751	0.00471	0.01190	0.00823	0.00492	0.05774
26	0.01648	0.07182	0.21833	0.04624	0.02279	0.01596	0.01595	0.09642	0.04516	0.02521	0.02569	0.07410	0.06877	0.20283	0.01708	0.00401	0.00892	0.00969	0.00519	0.00936
27	0.01949	0.30689	0.18892	0.01820	0.02538	0.06989	0.08118	0.02337	0.01661	0.02112	0.01322	0.01679	0.01115	0.01003	0.01001	0.10439	0.01009	0.00573	0.00364	0.04390
28	0.07783	0.18278	0.15912	0.01569	0.02206	0.01896	0.01559	0.06706	0.05714	0.11293	0.02556	0.09713	0.04910	0.01163	0.00766	0.00253	0.00813	0.05247	0.00596	0.01069

[dist]
# distance from previous block
# <min> <max>
0	45

[block]
# block no. 7 follows, 23 sequences, length 27
# corresponding to MSA columns:
# 763-789
name=unknown_H
#
# <colnr> <probs for GDERKNQSTAVLIFYWHMCP>
#	G	D	E	R	K	N	Q	S	T	A	V	L	I	F	Y	W	H	M	C	P
0	0.01808	0.07135	0.18033	0.06789	0.02831	0.07207	0.09914	0.06511	0.06996	0.02610	0.06375	0.02658	0.04623	0.01709	0.10845	0.00407	0.01202	0.00819	0.00498	0.01029
1	0.10866	0.02127	0.02232	0.01846	0.02315	0.13511	0.07190	0.13799	0.12941	0.05611	0.04495	0.02234	0.01713	0.01241	0.04420	0.00308	0.07873	0.00743	0.00606	0.03929
2	0.27017	0.14743	0.04569	0.08293	0.02441	0.08237	0.06387	0.02452	0.04906	0.02718	0.01929	0.02131	0.06401	0.00869	0.00662	0.00235	0.00858	0.00653	0.00475	0.04025
3	0.01920	0.18778	0.03363	0.13477	0.03275	0.02212	0.19901	0.05340	0.13407	0.02563	0.01991	0.06707	0.01671	0.00921	0.00802	0.00252	0.00985	0.00864	0.00503	0.01067
4	0.01878	0.26673	0.14217	0.06193	0.02409	0.05545	0.01588	0.02610	0.12046	0.02410	0.02019	0.08093	0.01765	0.00979	0.00696	0.00229	0.00851	0.00765	0.07999	0.01032
5	0.06560	0.01216	0.01601	0.12760	0.02222	0.01357	0.03291	0.06251	0.05024	0.02665	0.08697	0.17545	0.05090	0.06288	0.01213	0.00312	0.06255	0.01195	0.09616	0.00842
6	0.01157	0.00892	0.01273	0.08743	0.04886	0.00886	0.01007	0.01449	0.01851	0.02539	0.26827	0.35969	0.05548	0.01936	0.00971	0.00291	0.00529	0.01744	0.00745	0.00756
7	0.02169	0.71972	0.04252	0.01388	0.02083	0.03211	0.01388	0.02430	0.01649	0.01909	0.01128	0.01302	0.01041	0.00694	0.00521	0.00174	0.00868	0.00434	0.00347	0.01041
8	0.01225	0.00823	0.01073	0.01073	0.01177	0.00895	0.00766	0.01434	0.01330	0.01972	0.02380	0.03865	0.02343	0.26928	0.35621	0.00945	0.01412	0.00953	0.13131	0.00653
9	0.01532	0.01442	0.02434	0.69533	0.05589	0.01803	0.02253	0.02073	0.01622	0.02073	0.01442	0.02163	0.01082	0.00811	0.00811	0.00270	0.01082	0.00721	0.00361	0.00901
10	0.00982	0.00792	0.00874	0.00919	0.01127	0.00685	0.00664	0.01185	0.01808	0.02246	0.11892	0.24212	0.45475	0.02151	0.00979	0.00287	0.00424	0.01848	0.00765	0.00685
11	0.03595	0.01454	0.01928	0.01478	0.02108	0.01301	0.01221	0.08836	0.02444	0.61929	0.03099	0.02695	0.01957	0.01002	0.00816	0.00250	0.00707	0.00809	0.00989	0.01381
12	0.01045	0.00825	0.00942	0.00913	0.01149	0.00722	0.00685	0.01332	0.02054	0.02676	0.34572	0.07012	0.39438	0.01874	0.00958	0.00265	0.00398	0.01601	0.00817	0.00722
13	0.03031	0.03867	0.02299	0.02090	0.02508	0.68226	0.01568	0.03240	0.02299	0.01986	0.01254	0.01463	0.01045	0.00836	0.00732	0.00209	0.01463	0.00523	0.00418	0.00941
14	0.00985	0.00722	0.00925	0.01087	0.01166	0.00663	0.00734	0.01135	0.01594	0.02088	0.04988	0.62265	0.13723	0.02475	0.01025	0.00322	0.00463	0.02225	0.00753	0.00663
15	0.01627	0.04197	0.67279	0.02313	0.03512	0.01884	0.02998	0.02570	0.01713	0.02570	0.01456	0.01713	0.01028	0.00771	0.00771	0.00257	0.01199	0.00600	0.00343	0.01199
16	0.01493	0.01383	0.02166	0.01872	0.02031	0.01727	0.08139	0.01780	0.01346	0.01990	0.01663	0.02503	0.01549	0.03593	0.34166	0.00805	0.29749	0.00814	0.00400	0.00831
17	0.01865	0.05332	0.02657	0.19172	0.22538	0.02078	0.01974	0.02723	0.16464	0.02530	0.01824	0.02209	0.01466	0.00948	0.01108	0.00272	0.12496	0.00751	0.00480	0.01113
18	0.01751	0.02045	0.18506	0.02261	0.14500	0.01390	0.04438	0.02299	0.02008	0.09244	0.23941	0.03394	0.03485	0.01076	0.00842	0.00244	0.00788	0.00952	0.00622	0.06211
19	0.02504	0.02509	0.02416	0.09302	0.02858	0.23171	0.06416	0.19496	0.02481	0.03049	0.01537	0.01778	0.01190	0.00809	0.00752	0.00211	0.01071	0.00627	0.00533	0.17288
20	0.01353	0.00927	0.01127	0.01080	0.01361	0.00792	0.00792	0.01582	0.01785	0.08404	0.09830	0.31453	0.20807	0.01888	0.00919	0.00268	0.00489	0.01651	0.00745	0.12745
21	0.02159	0.01670	0.02104	0.23038	0.03233	0.01847	0.01580	0.17122	0.16597	0.08294	0.02457	0.02590	0.04756	0.00972	0.00802	0.00250	0.00828	0.00802	0.00654	0.08244
22	0.01979	0.11855	0.20305	0.02544	0.17528	0.06400	0.02019	0.07367	0.05170	0.02679	0.01757	0.06600	0.01511	0.00894	0.00751	0.00231	0.00958	0.00735	0.00466	0.08250
23	0.01028	0.00746	0.00970	0.01080	0.01180	0.00688	0.00747	0.01235	0.01765	0.02383	0.20529	0.49909	0.10170	0.02282	0.01010	0.00307	0.00444	0.02050	0.00789	0.00688
24	0.02004	0.01278	0.01538	0.01244	0.01698	0.01137	0.00960	0.07951	0.01941	0.14785	0.06683	0.03578	0.02461	0.17501	0.01548	0.00339	0.00684	0.04997	0.00660	0.27012
25	0.02009	0.01989	0.02017	0.13350	0.08656	0.16646	0.01521	0.07562	0.14459	0.02613	0.02525	0.18257	0.02396	0.01284	0.00848	0.00266	0.00912	0.01087	0.00598	0.01004
26	0.02367	0.13688	0.02423	0.01673	0.02229	0.02370	0.01380	0.22034	0.35768	0.03667	0.02526	0.02410	0.01903	0.00994	0.00770	0.00249	0.00756	0.00780	0.00741	0.01273

[dist]
# distance from previous block
# <min> <max>
1	21

[block]
# block no. 8 follows, 23 sequences, length 12
# corresponding to MSA columns:
# 835-846
name=unknown_I
#
# <colnr> <probs for GDERKNQSTAVLIFYWHMCP>
#	G	D	E	R	K	N	Q	S	T	A	V	L	I	F	Y	W	H	M	C	P
0	0.01417	0.01180	0.01545	0.01462	0.01674	0.01318	0.01149	0.01914	0.09201	0.02280	0.02788	0.19112	0.02872	0.02699	0.16686	0.00530	0.13406	0.07778	0.00582	0.10406
1	0.01648	0.11364	0.28632	0.20106	0.03389	0.01808	0.02114	0.02284	0.01678	0.02441	0.01645	0.02041	0.01251	0.00806	0.00710	0.00237	0.00964	0.00642	0.15228	0.01011
2	0.01532	0.01442	0.02434	0.69533	0.05589	0.01803	0.02253	0.02073	0.01622	0.02073	0.01442	0.02163	0.01082	0.00811	0.00811	0.00270	0.01082	0.00721	0.00361	0.00901
3	0.01728	0.01499	0.02199	0.25722	0.16224	0.01658	0.01759	0.09898	0.05379	0.02758	0.08464	0.03207	0.09104	0.01392	0.05256	0.00328	0.00942	0.00922	0.00549	0.01012
4	0.01766	0.01680	0.02855	0.37903	0.35396	0.01864	0.02369	0.02278	0.01733	0.02356	0.01483	0.02087	0.01181	0.00768	0.00807	0.00256	0.01024	0.00722	0.00381	0.01089
5	0.01959	0.02797	0.24216	0.02608	0.12759	0.09564	0.09906	0.09505	0.02047	0.02737	0.01984	0.12372	0.01798	0.01054	0.00840	0.00260	0.01069	0.00930	0.00486	0.01108
6	0.01532	0.01442	0.02434	0.69533	0.05589	0.01803	0.02253	0.02073	0.01622	0.02073	0.01442	0.02163	0.01082	0.00811	0.00811	0.00270	0.01082	0.00721	0.00361	0.00901
7	0.02167	0.16507	0.15769	0.02229	0.02967	0.12880	0.16457	0.06183	0.12016	0.02620	0.01723	0.01927	0.01331	0.00809	0.00771	0.00239	0.01112	0.00697	0.00473	0.01125
8	0.02692	0.02078	0.02214	0.01788	0.02367	0.02333	0.01447	0.41852	0.26318	0.04481	0.02447	0.02345	0.01784	0.01021	0.00817	0.00255	0.00801	0.00799	0.00817	0.01345
9	0.01147	0.00800	0.00968	0.00978	0.01034	0.00808	0.00623	0.01242	0.01336	0.01801	0.06803	0.09909	0.07067	0.47014	0.14369	0.00778	0.00951	0.01259	0.00541	0.00571
10	0.01373	0.06495	0.09301	0.01155	0.01629	0.01101	0.01057	0.01728	0.01900	0.05338	0.16410	0.05280	0.31730	0.01498	0.00852	0.00241	0.00571	0.01245	0.00677	0.10421
11	0.01989	0.02037	0.01967	0.01756	0.01962	0.18803	0.01377	0.07398	0.01978	0.02499	0.14173	0.11307	0.02906	0.01420	0.01472	0.00285	0.24202	0.01012	0.00565	0.00891

[dist]
# distance from previous block
# <min> <max>
1	3

[block]
# block no. 9 follows, 23 sequences, length 12
# corresponding to MSA columns:
# 850-861
name=unknown_J
#
# <colnr> <probs for GDERKNQSTAVLIFYWHMCP>
#	G	D	E	R	K	N	Q	S	T	A	V	L	I	F	Y	W	H	M	C	P
0	0.31975	0.01909	0.01877	0.02009	0.12216	0.10660	0.01349	0.02555	0.07945	0.02855	0.01541	0.02013	0.01324	0.06818	0.01185	0.00304	0.09377	0.00640	0.00488	0.00962
1	0.01109	0.00825	0.00994	0.01000	0.01160	0.00778	0.00725	0.01333	0.01758	0.02324	0.21530	0.08997	0.22575	0.18520	0.07369	0.00486	0.00670	0.06476	0.00703	0.00669
2	0.01516	0.01442	0.02570	0.40891	0.04310	0.01609	0.13628	0.02047	0.01836	0.02449	0.16541	0.03078	0.02644	0.00985	0.00873	0.00267	0.00973	0.00941	0.00494	0.00907
3	0.01064	0.00755	0.00902	0.00986	0.01045	0.00715	0.00626	0.01155	0.01440	0.01882	0.04197	0.35154	0.12726	0.30947	0.02303	0.00511	0.00593	0.01760	0.00645	0.00594
4	0.02169	0.71972	0.04252	0.01388	0.02083	0.03211	0.01388	0.02430	0.01649	0.01909	0.01128	0.01302	0.01041	0.00694	0.00521	0.00174	0.00868	0.00434	0.00347	0.01041
5	0.01534	0.00982	0.01234	0.01259	0.01445	0.00959	0.00902	0.09714	0.01931	0.09011	0.04010	0.54936	0.04500	0.02179	0.00984	0.00310	0.00549	0.01948	0.00786	0.00827
6	0.02190	0.01828	0.01932	0.01686	0.02176	0.02099	0.01326	0.13889	0.55099	0.03672	0.03084	0.02853	0.02300	0.01080	0.00823	0.00270	0.00683	0.00887	0.00823	0.01300
7	0.01978	0.02656	0.17554	0.03420	0.25555	0.08691	0.14149	0.02533	0.01796	0.02463	0.01444	0.01892	0.01164	0.00830	0.01065	0.00263	0.10299	0.00719	0.00386	0.01142
8	0.01172	0.00891	0.01086	0.01026	0.01252	0.00836	0.00773	0.01653	0.06526	0.03060	0.50615	0.06187	0.18488	0.01696	0.00948	0.00260	0.00406	0.01476	0.00862	0.00786
9	0.01643	0.02091	0.17304	0.06121	0.14902	0.01577	0.09471	0.02391	0.08190	0.02732	0.10590	0.08487	0.02583	0.01068	0.00838	0.00259	0.00874	0.00978	0.06847	0.01055
10	0.01835	0.10574	0.10049	0.02174	0.02827	0.01989	0.21161	0.02945	0.21710	0.02719	0.02776	0.03139	0.07189	0.01025	0.00852	0.00266	0.00947	0.04144	0.00573	0.01106
11	0.01600	0.16881	0.02164	0.01729	0.11282	0.01622	0.01196	0.04552	0.06359	0.02704	0.21497	0.04427	0.18251	0.01330	0.00823	0.00240	0.00623	0.01115	0.00658	0.00947

[dist]
# distance from previous block
# <min> <max>
1	14

[block]
# block no. 10 follows, 23 sequences, length 23
# corresponding to MSA columns:
# 880-902
name=unknown_K
#
# <colnr> <probs for GDERKNQSTAVLIFYWHMCP>
#	G	D	E	R	K	N	Q	S	T	A	V	L	I	F	Y	W	H	M	C	P
0	0.13416	0.01877	0.01959	0.11073	0.05542	0.12471	0.03808	0.07823	0.07676	0.02839	0.01788	0.02140	0.01426	0.01447	0.08547	0.00356	0.01050	0.00677	0.07593	0.06491
1	0.01930	0.05049	0.21185	0.01760	0.02437	0.01687	0.05607	0.11021	0.09423	0.06342	0.07697	0.06054	0.02237	0.01022	0.00785	0.00245	0.00833	0.00858	0.09689	0.04139
2	0.01941	0.01751	0.02291	0.02127	0.08083	0.04956	0.09037	0.11733	0.16111	0.02893	0.02651	0.12733	0.04290	0.06160	0.01312	0.00317	0.08863	0.01081	0.00623	0.01047
3	0.01162	0.00858	0.01244	0.01244	0.01368	0.00982	0.00940	0.01411	0.01286	0.01839	0.02228	0.03491	0.02160	0.15425	0.59108	0.01230	0.01975	0.00914	0.00443	0.00691
4	0.01627	0.04197	0.67279	0.02313	0.03512	0.01884	0.02998	0.02570	0.01713	0.02570	0.01456	0.01713	0.01028	0.00771	0.00771	0.00257	0.01199	0.00600	0.00343	0.01199
5	0.01029	0.00809	0.00930	0.00933	0.01148	0.00710	0.00687	0.01287	0.01965	0.02545	0.27822	0.15817	0.37462	0.01984	0.00969	0.00275	0.00409	0.01708	0.00802	0.00710
6	0.01627	0.04197	0.67279	0.02313	0.03512	0.01884	0.02998	0.02570	0.01713	0.02570	0.01456	0.01713	0.01028	0.00771	0.00771	0.00257	0.01199	0.00600	0.00343	0.01199
7	0.01610	0.01034	0.01223	0.01182	0.01487	0.00979	0.00915	0.02128	0.10565	0.13443	0.05479	0.19075	0.27094	0.01863	0.00950	0.00293	0.00542	0.08443	0.00806	0.00889
8	0.01627	0.04197	0.67279	0.02313	0.03512	0.01884	0.02998	0.02570	0.01713	0.02570	0.01456	0.01713	0.01028	0.00771	0.00771	0.00257	0.01199	0.00600	0.00343	0.01199
9	0.00979	0.00742	0.00904	0.01034	0.01152	0.00667	0.00710	0.01141	0.01646	0.02109	0.05644	0.51204	0.24360	0.02390	0.01012	0.00312	0.00452	0.02121	0.00753	0.00667
10	0.01985	0.02040	0.01878	0.02020	0.10692	0.21585	0.01353	0.06087	0.02020	0.02417	0.02760	0.20094	0.05563	0.01414	0.00854	0.00254	0.00903	0.06362	0.00577	0.09142
11	0.33353	0.01709	0.01801	0.01444	0.02030	0.01806	0.04116	0.13832	0.08906	0.09141	0.01769	0.01845	0.01311	0.00825	0.00659	0.00232	0.00714	0.00609	0.00629	0.13268
12	0.06209	0.05664	0.13982	0.02383	0.15027	0.06129	0.01834	0.13454	0.07706	0.12957	0.05251	0.02253	0.01749	0.00906	0.00778	0.00245	0.00904	0.00731	0.00619	0.01220
13	0.01734	0.01884	0.13379	0.01624	0.02057	0.01609	0.01486	0.14130	0.06230	0.03166	0.20560	0.12636	0.03695	0.01419	0.01130	0.00278	0.10156	0.01145	0.00682	0.00999
14	0.01044	0.00802	0.00932	0.00942	0.01128	0.00716	0.00676	0.01278	0.01886	0.02459	0.25697	0.17412	0.31742	0.08118	0.01250	0.00322	0.00445	0.01685	0.00775	0.00690
15	0.01094	0.00854	0.01113	0.08949	0.01656	0.00831	0.00878	0.01342	0.01777	0.02334	0.18808	0.28127	0.20242	0.06818	0.01188	0.00324	0.00529	0.01708	0.00721	0.00706
16	0.06892	0.10045	0.03290	0.02984	0.21180	0.08507	0.17395	0.05377	0.01926	0.02666	0.01467	0.01829	0.01188	0.00718	0.00757	0.00223	0.01030	0.00679	0.00436	0.11409
17	0.02147	0.01476	0.09050	0.01369	0.01828	0.01144	0.01197	0.05306	0.04959	0.24215	0.08103	0.19189	0.07170	0.01450	0.00860	0.00267	0.00637	0.01241	0.07347	0.01043
18	0.01067	0.00786	0.01039	0.01179	0.01297	0.00758	0.00874	0.01280	0.01627	0.02136	0.04687	0.42235	0.13206	0.02827	0.08843	0.00444	0.00714	0.13597	0.00715	0.00688
19	0.02090	0.01929	0.02761	0.06115	0.22351	0.05747	0.10309	0.12291	0.11189	0.03007	0.02134	0.02867	0.01793	0.01272	0.04769	0.00324	0.01047	0.06290	0.00561	0.01154
20	0.02386	0.11666	0.02470	0.14600	0.02890	0.25559	0.01593	0.13977	0.02232	0.02563	0.01530	0.01903	0.01250	0.01562	0.10036	0.00373	0.01304	0.00635	0.00474	0.00999
21	0.01567	0.01895	0.14164	0.10552	0.22829	0.01536	0.01952	0.02139	0.04856	0.02388	0.02261	0.15748	0.02179	0.01851	0.10051	0.00412	0.01073	0.01041	0.00481	0.01025
22	0.05975	0.01686	0.02408	0.15337	0.07089	0.01784	0.10046	0.14909	0.08164	0.10788	0.02871	0.02994	0.10278	0.01038	0.00837	0.00261	0.00873	0.00907	0.00642	0.01111

[dist]
# distance from previous block
# <min> <max>
3	12

[block]
# block no. 11 follows, 23 sequences, length 32
# corresponding to MSA columns:
# 918-949
name=unknown_L
#
# <colnr> <probs for GDERKNQSTAVLIFYWHMCP>
#	G	D	E	R	K	N	Q	S	T	A	V	L	I	F	Y	W	H	M	C	P
0	0.02120	0.01641	0.01856	0.01627	0.02021	0.07159	0.04814	0.17159	0.08774	0.09434	0.03353	0.21380	0.06207	0.01556	0.00912	0.00283	0.00773	0.07151	0.00751	0.01028
1	0.02082	0.02340	0.02364	0.02206	0.06217	0.26433	0.09493	0.02363	0.01870	0.02151	0.02167	0.16213	0.02230	0.01352	0.01165	0.00279	0.12154	0.05520	0.00498	0.00902
2	0.01740	0.01531	0.01841	0.09510	0.06924	0.06350	0.01336	0.08054	0.01870	0.02559	0.02078	0.08836	0.01953	0.02046	0.14083	0.00433	0.01083	0.04464	0.00521	0.22789
3	0.01019	0.00719	0.00932	0.01091	0.01130	0.00680	0.00711	0.01138	0.01494	0.01992	0.04165	0.60431	0.04979	0.13594	0.01532	0.00403	0.00521	0.02126	0.00711	0.00632
4	0.01481	0.01323	0.02048	0.02765	0.28291	0.01357	0.01554	0.01798	0.01666	0.02296	0.03298	0.17924	0.12647	0.02159	0.10892	0.00429	0.05346	0.01243	0.00536	0.00947
5	0.01798	0.01273	0.01754	0.05702	0.08442	0.01396	0.01259	0.09862	0.01776	0.08780	0.02156	0.03151	0.01944	0.16722	0.26051	0.00743	0.04871	0.00876	0.00539	0.00904
6	0.01257	0.01085	0.01442	0.01382	0.01485	0.01270	0.01068	0.01462	0.01563	0.02156	0.10014	0.23577	0.15890	0.02404	0.08864	0.00426	0.21830	0.01463	0.00611	0.00752
7	0.01393	0.00755	0.00819	0.00842	0.01009	0.00742	0.00617	0.01733	0.01737	0.02895	0.09213	0.14215	0.03159	0.01272	0.00681	0.00218	0.00393	0.01075	0.56490	0.00742
8	0.02551	0.08803	0.02265	0.01630	0.02181	0.02147	0.01343	0.31892	0.16798	0.08929	0.10542	0.02717	0.02448	0.01065	0.00805	0.00246	0.00754	0.00844	0.00794	0.01246
