[name]
unknown

[dist]
# distance from previous block
# <min> <max>
4	32

[block]
# block no. 0 follows, 31 sequences, length 88
# corresponding to MSA columns:
# 33-120
name=unknown_A
#
# <colnr> <probs for GDERKNQSTAVLIFYWHMCP>
#	G	D	E	R	K	N	Q	S	T	A	V	L	I	F	Y	W	H	M	C	P
0	0.01751	0.10542	0.03852	0.14090	0.12754	0.11895	0.08427	0.05941	0.12256	0.02177	0.03821	0.01896	0.01360	0.02586	0.00791	0.00220	0.03686	0.00631	0.00417	0.00907
1	0.00996	0.00747	0.00987	0.01027	0.03818	0.00695	0.00752	0.01303	0.01824	0.02516	0.51127	0.05527	0.13831	0.01478	0.00822	0.00231	0.00388	0.10575	0.00705	0.00652
2	0.13656	0.01817	0.01887	0.01472	0.01996	0.02024	0.01213	0.57553	0.05276	0.04085	0.01585	0.01599	0.01136	0.00799	0.00648	0.00207	0.00714	0.00587	0.00648	0.01101
3	0.02431	0.01706	0.01834	0.01427	0.01919	0.01868	0.01172	0.57219	0.02915	0.06704	0.01767	0.01798	0.01268	0.00819	0.00655	0.00199	0.00685	0.00622	0.11902	0.01089
4	0.02539	0.01769	0.02089	0.01894	0.11888	0.01893	0.01371	0.50539	0.02804	0.13639	0.01742	0.01747	0.01227	0.00795	0.00684	0.00206	0.00737	0.00625	0.00659	0.01152
5	0.01565	0.01229	0.01906	0.52956	0.03839	0.01388	0.01620	0.03835	0.01499	0.10531	0.01410	0.01824	0.01029	0.00683	0.00659	0.00207	0.00810	0.00589	0.00396	0.12025
6	0.12845	0.01603	0.01888	0.45140	0.03562	0.11758	0.01584	0.09853	0.01637	0.02224	0.01206	0.01618	0.00913	0.00696	0.00638	0.00216	0.00885	0.00552	0.00372	0.00809
7	0.01693	0.01626	0.02777	0.04199	0.71689	0.01626	0.02100	0.02100	0.01558	0.02235	0.01287	0.01693	0.01084	0.00610	0.00677	0.00203	0.00813	0.00610	0.00339	0.01084
8	0.02003	0.01378	0.01570	0.01319	0.01695	0.05277	0.03412	0.25487	0.02258	0.12920	0.11975	0.03300	0.02482	0.01061	0.00721	0.00219	0.00638	0.11429	0.09943	0.00914
9	0.01292	0.01216	0.02052	0.74312	0.04712	0.01520	0.01900	0.01748	0.01368	0.01748	0.01216	0.01824	0.00912	0.00684	0.00684	0.00228	0.00912	0.00608	0.00304	0.00760
10	0.01594	0.01489	0.02489	0.03710	0.61630	0.01489	0.01861	0.01943	0.01478	0.02106	0.01410	0.02088	0.01283	0.11293	0.01075	0.00268	0.00792	0.00664	0.00349	0.00989
11	0.02745	0.01335	0.01719	0.11642	0.02223	0.03904	0.01178	0.10578	0.02016	0.51851	0.02308	0.02138	0.01492	0.00815	0.00684	0.00212	0.00673	0.00659	0.00733	0.01093
12	0.01403	0.01370	0.01912	0.01677	0.01683	0.01878	0.01375	0.01549	0.01085	0.01661	0.01304	0.11944	0.01410	0.01331	0.02052	0.00296	0.64216	0.00789	0.00347	0.00721
13	0.00992	0.00673	0.00796	0.00796	0.00813	0.00690	0.00477	0.01027	0.01010	0.01363	0.02110	0.04224	0.02378	0.65960	0.13329	0.00725	0.00828	0.00958	0.00408	0.00442
14	0.04273	0.04303	0.01742	0.01438	0.01866	0.13479	0.01138	0.12655	0.37449	0.10955	0.02218	0.02093	0.01636	0.00847	0.00664	0.00213	0.00696	0.00662	0.00635	0.01040
15	0.02863	0.01210	0.01582	0.01244	0.01751	0.01110	0.01017	0.03380	0.12285	0.61715	0.02712	0.02362	0.01753	0.00859	0.00689	0.00215	0.00576	0.00701	0.00824	0.01152
16	0.01588	0.01377	0.01553	0.01273	0.01723	0.01415	0.01010	0.04267	0.34017	0.02529	0.01940	0.01966	0.01515	0.00772	0.00749	0.00182	0.06869	0.00601	0.00540	0.34115
17	0.02233	0.01463	0.01683	0.01371	0.01806	0.01544	0.01132	0.39501	0.02600	0.14707	0.11930	0.03104	0.02389	0.01058	0.00739	0.00223	0.00647	0.10140	0.00713	0.01015
18	0.18537	0.01451	0.01603	0.01330	0.01707	0.01654	0.01087	0.18456	0.12231	0.14293	0.01929	0.01967	0.03962	0.00903	0.00907	0.00228	0.13643	0.00630	0.02526	0.00955
19	0.01394	0.01486	0.05383	0.02504	0.17295	0.01346	0.30758	0.01827	0.01588	0.02194	0.11104	0.14204	0.03792	0.00972	0.00784	0.00230	0.00827	0.01007	0.00449	0.00857
20	0.01349	0.01274	0.02154	0.64416	0.14166	0.01535	0.01928	0.01798	0.01395	0.01817	0.01226	0.01806	0.00936	0.00673	0.00683	0.00224	0.00898	0.00608	0.00309	0.00806
21	0.01248	0.01148	0.01918	0.63978	0.04219	0.01426	0.01753	0.01674	0.01330	0.01725	0.01303	0.01946	0.01025	0.01312	0.10926	0.00351	0.01042	0.00626	0.00313	0.00739
22	0.01335	0.01566	0.12551	0.02657	0.36186	0.01244	0.01622	0.01708	0.01500	0.02070	0.02764	0.14739	0.15039	0.01082	0.00730	0.00223	0.00685	0.00973	0.00437	0.00889
23	0.00980	0.00820	0.01065	0.01319	0.11041	0.00752	0.00848	0.01196	0.01514	0.01912	0.05066	0.19084	0.39268	0.01673	0.00821	0.00248	0.00462	0.10685	0.00592	0.00653
24	0.01102	0.00787	0.01102	0.01260	0.01417	0.00787	0.01102	0.01417	0.01575	0.02047	0.03622	0.07717	0.03937	0.01890	0.00945	0.00315	0.00630	0.67084	0.00630	0.00630
25	0.02482	0.01746	0.01903	0.01499	0.02013	0.01915	0.01225	0.49324	0.15946	0.11727	0.01981	0.01895	0.01401	0.00845	0.00687	0.00211	0.00693	0.00654	0.00705	0.01148
26	0.02857	0.01505	0.01799	0.01379	0.01916	0.01511	0.01139	0.33273	0.02528	0.41418	0.02220	0.02018	0.01453	0.00835	0.00686	0.00209	0.00659	0.00655	0.00773	0.01164
27	0.01445	0.01235	0.01677	0.11873	0.13296	0.01115	0.01167	0.01847	0.04141	0.03936	0.07438	0.02013	0.03053	0.00675	0.00603	0.00156	0.00597	0.00581	0.00437	0.42714
28	0.00853	0.00610	0.00811	0.00940	0.00997	0.00568	0.00637	0.01001	0.01399	0.01888	0.13350	0.65528	0.04799	0.02038	0.00864	0.00269	0.00386	0.01845	0.00652	0.00568
29	0.02271	0.01657	0.01765	0.01405	0.01870	0.01835	0.01144	0.49741	0.12434	0.03837	0.01894	0.01910	0.01384	0.00833	0.00654	0.00202	0.00657	0.00642	0.12793	0.01072
30	0.01650	0.01582	0.02699	0.11704	0.64520	0.01614	0.02078	0.02062	0.01537	0.02183	0.01279	0.01707	0.01065	0.00618	0.00678	0.00206	0.00823	0.00609	0.00335	0.01049
31	0.01372	0.03539	0.72412	0.01950	0.02961	0.01589	0.02528	0.02167	0.01444	0.02167	0.01228	0.01444	0.00867	0.00650	0.00650	0.00217	0.01011	0.00506	0.00289	0.01011
32	0.01149	0.00676	0.00906	0.00990	0.01099	0.00619	0.00687	0.01289	0.01401	0.11686	0.03619	0.65181	0.04125	0.01960	0.00847	0.00269	0.00423	0.01767	0.00665	0.00642
33	0.01383	0.01394	0.02614	0.54102	0.04390	0.01579	0.20943	0.01873	0.01438	0.01873	0.01264	0.01830	0.00948	0.00654	0.00719	0.00229	0.00980	0.00664	0.00316	0.00806
34	0.01649	0.01595	0.05277	0.04463	0.31458	0.01478	0.23955	0.02080	0.01569	0.07552	0.01728	0.10812	0.01526	0.00808	0.00744	0.00223	0.00865	0.00840	0.00414	0.00963
35	0.01591	0.01838	0.12503	0.13823	0.52491	0.01605	0.02132	0.02059	0.01515	0.02156	0.01268	0.01677	0.01029	0.00626	0.00674	0.00209	0.00855	0.00595	0.00327	0.01028
36	0.01081	0.00833	0.01144	0.01122	0.01275	0.00964	0.00863	0.01550	0.10883	0.01754	0.01984	0.02765	0.01806	0.08368	0.59232	0.00953	0.01587	0.00753	0.00416	0.00667
37	0.24502	0.02354	0.01859	0.02053	0.17151	0.37229	0.01328	0.02389	0.01636	0.02192	0.01078	0.01300	0.00886	0.00664	0.00575	0.00192	0.00942	0.00458	0.00370	0.00842
38	0.00998	0.00784	0.00912	0.00865	0.01075	0.00742	0.00653	0.01453	0.09536	0.02460	0.42259	0.05310	0.27490	0.01456	0.00795	0.00222	0.00355	0.01253	0.00708	0.00672
39	0.01406	0.01332	0.02257	0.54474	0.23662	0.01550	0.01956	0.01847	0.01422	0.01886	0.01236	0.01787	0.00961	0.00663	0.00682	0.00221	0.00884	0.00608	0.00314	0.00852
40	0.02194	0.01539	0.01815	0.11738	0.02275	0.01682	0.01249	0.39563	0.05891	0.11306	0.11593	0.02279	0.01979	0.00891	0.00703	0.00212	0.00685	0.00718	0.00659	0.01029
41	0.00863	0.00624	0.00822	0.00971	0.01036	0.00583	0.00681	0.01007	0.01356	0.01787	0.03959	0.63322	0.08796	0.02088	0.00877	0.00279	0.00420	0.09328	0.00635	0.00566
42	0.01419	0.01216	0.01419	0.01013	0.01621	0.00912	0.00811	0.01723	0.01419	0.02229	0.01216	0.01419	0.01013	0.00507	0.00507	0.00101	0.00507	0.00405	0.00405	0.80139
43	0.00849	0.00695	0.00749	0.00735	0.00949	0.00595	0.00551	0.01059	0.01654	0.02072	0.23065	0.06215	0.55137	0.01649	0.00808	0.00227	0.00341	0.01392	0.00665	0.00595
44	0.01350	0.01295	0.02064	0.53794	0.03887	0.01683	0.01786	0.01719	0.01277	0.01719	0.01126	0.01731	0.00908	0.00829	0.01126	0.00248	0.21791	0.00605	0.00303	0.00757
45	0.01822	0.01667	0.02674	0.03827	0.61825	0.01696	0.01986	0.11643	0.01793	0.02530	0.01337	0.01686	0.01095	0.00640	0.00678	0.00203	0.00804	0.00610	0.00388	0.01095
46	0.36063	0.41204	0.02414	0.01075	0.01570	0.02177	0.00996	0.02018	0.01280	0.02244	0.00950	0.01117	0.00819	0.00628	0.00495	0.00180	0.03229	0.00376	0.00350	0.00814
47	0.01829	0.76368	0.03585	0.01171	0.01756	0.02707	0.01171	0.02049	0.01390	0.01610	0.00951	0.01097	0.00878	0.00585	0.00439	0.00146	0.00732	0.00366	0.00293	0.00878
48	0.01460	0.03423	0.67370	0.01923	0.02901	0.01627	0.02440	0.06985	0.01571	0.02320	0.01257	0.01459	0.00888	0.00662	0.00652	0.00216	0.00993	0.00513	0.00317	0.01022
49	0.00968	0.00699	0.00914	0.00861	0.01022	0.00646	0.00646	0.01291	0.01937	0.02743	0.71328	0.05110	0.06455	0.01399	0.00807	0.00215	0.00323	0.01237	0.00753	0.00646
50	0.00998	0.00731	0.00968	0.01074	0.01223	0.00700	0.00880	0.01263	0.01581	0.02069	0.13672	0.18117	0.13955	0.01839	0.00895	0.00283	0.00509	0.37982	0.00649	0.00613
51	0.00922	0.00698	0.00851	0.00812	0.00994	0.00626	0.00609	0.01202	0.01828	0.02485	0.52745	0.05536	0.25200	0.01495	0.00807	0.00220	0.00330	0.01297	0.00719	0.00626
52	0.01032	0.00713	0.00890	0.00912	0.01083	0.00674	0.00729	0.01329	0.01696	0.02380	0.31324	0.05657	0.14778	0.01491	0.00793	0.00237	0.00413	0.19802	0.13436	0.00630
53	0.01349	0.01274	0.02155	0.64371	0.14209	0.01535	0.01928	0.01798	0.01395	0.01817	0.01226	0.01805	0.00936	0.00673	0.00683	0.00224	0.00898	0.00608	0.00309	0.00806
54	0.80789	0.01323	0.01006	0.00900	0.01323	0.01535	0.00741	0.02011	0.01164	0.03070	0.00953	0.01111	0.00741	0.00635	0.00423	0.00212	0.00529	0.00370	0.00423	0.00741
55	0.01663	0.01460	0.02065	0.05906	0.11827	0.01759	0.05245	0.12031	0.04211	0.02342	0.01371	0.01774	0.01140	0.00928	0.01313	0.00241	0.31582	0.00627	0.11647	0.00866
56	0.01700	0.01780	0.01712	0.01526	0.01673	0.21206	0.01190	0.04408	0.04074	0.01748	0.01340	0.02047	0.01279	0.12249	0.10684	0.00411	0.29245	0.00636	0.00369	0.00724
57	0.01460	0.01446	0.02088	0.14855	0.02321	0.01992	0.01569	0.01665	0.01105	0.01665	0.00955	0.01556	0.00901	0.01105	0.01964	0.00287	0.61415	0.00600	0.00300	0.00750
58	0.11641	0.53755	0.02976	0.01196	0.01754	0.02415	0.01130	0.11602	0.01642	0.04917	0.01117	0.01224	0.00933	0.00635	0.00481	0.00165	0.00704	0.00414	0.00386	0.00913
59	0.04015	0.01117	0.01797	0.40413	0.13039	0.01299	0.01552	0.01615	0.01339	0.01839	0.01670	0.12311	0.01561	0.01548	0.11640	0.00362	0.00951	0.00807	0.00369	0.00754
60	0.01419	0.03247	0.62409	0.01871	0.02794	0.01605	0.02324	0.02374	0.11185	0.02265	0.01447	0.01601	0.01039	0.00689	0.00656	0.00219	0.00945	0.00543	0.00346	0.01021
61	0.80789	0.01323	0.01006	0.00900	0.01323	0.01535	0.00741	0.02011	0.01164	0.03070	0.00953	0.01111	0.00741	0.00635	0.00423	0.00212	0.00529	0.00370	0.00423	0.00741
62	0.01611	0.01515	0.02520	0.03716	0.61063	0.01517	0.01897	0.02065	0.04176	0.02316	0.09284	0.02113	0.01730	0.00711	0.00693	0.00206	0.00747	0.00687	0.00399	0.01034
63	0.00946	0.00698	0.00883	0.00837	0.01008	0.00636	0.00628	0.01247	0.01883	0.02617	0.62197	0.05319	0.15666	0.01446	0.00807	0.00217	0.00326	0.01267	0.00736	0.00636
64	0.01527	0.01289	0.01395	0.01271	0.01606	0.01453	0.00986	0.03076	0.54243	0.02795	0.15818	0.03252	0.04824	0.01059	0.00725	0.00231	0.00497	0.02274	0.00704	0.00977
65	0.01544	0.01824	0.12650	0.21187	0.21345	0.01604	0.19984	0.04605	0.01568	0.02181	0.01335	0.01762	0.01025	0.00641	0.00703	0.00217	0.00937	0.00649	0.03306	0.00934
66	0.00943	0.00698	0.00879	0.00834	0.01006	0.00635	0.00625	0.01241	0.01876	0.02599	0.60947	0.05348	0.16927	0.01452	0.00807	0.00218	0.00327	0.01271	0.00734	0.00635
67	0.01616	0.01513	0.01722	0.04505	0.11661	0.12931	0.01260	0.11268	0.01605	0.02089	0.01506	0.02037	0.01316	0.02688	0.32628	0.00601	0.07220	0.00636	0.00397	0.00802
68	0.01292	0.01216	0.02052	0.74312	0.04712	0.01520	0.01900	0.01748	0.01368	0.01748	0.01216	0.01824	0.00912	0.00684	0.00684	0.00228	0.00912	0.00608	0.00304	0.00760
69	0.01752	0.01595	0.02548	0.16078	0.50122	0.01677	0.01951	0.11582	0.01760	0.02444	0.01325	0.01709	0.01065	0.00653	0.00679	0.00208	0.00822	0.00610	0.00382	0.01038
70	0.01629	0.01560	0.02660	0.15502	0.60892	0.01609	0.02067	0.02043	0.01527	0.02157	0.01275	0.01714	0.01056	0.00622	0.00678	0.00207	0.00829	0.00609	0.00333	0.01031
71	0.01075	0.00666	0.00897	0.00920	0.00959	0.00684	0.00637	0.01050	0.01055	0.01417	0.01977	0.03839	0.02126	0.29633	0.12732	0.28557	0.00800	0.10145	0.00397	0.00432
72	0.12656	0.01212	0.01739	0.12376	0.25626	0.01277	0.01340	0.04042	0.01624	0.02515	0.20242	0.02614	0.02514	0.00858	0.00663	0.00208	0.00616	0.00747	0.06289	0.00841
73	0.00835	0.00694	0.00730	0.00721	0.00941	0.00589	0.00541	0.01034	0.01623	0.01999	0.17761	0.06336	0.60486	0.01676	0.00808	0.00228	0.00343	0.01409	0.00655	0.00589
74	0.01357	0.01247	0.01352	0.01268	0.01406	0.11970	0.00995	0.01583	0.01263	0.01748	0.01593	0.02221	0.01436	0.03099	0.38432	0.00674	0.15479	0.00650	0.11557	0.00668
75	0.00871	0.00695	0.00779	0.00758	0.00962	0.00604	0.00569	0.01102	0.01706	0.02196	0.31949	0.06012	0.46176	0.01603	0.00808	0.00225	0.00337	0.01364	0.00681	0.00604
76	0.01454	0.16657	0.60015	0.01810	0.02744	0.01790	0.02283	0.02145	0.01435	0.02066	0.01178	0.01382	0.00869	0.00638	0.00612	0.00204	0.00961	0.00480	0.00290	0.00987
77	0.01527	0.01563	0.02139	0.54130	0.13842	0.11654	0.01847	0.01937	0.01475	0.01807	0.01204	0.01722	0.00932	0.00676	0.00674	0.00217	0.00943	0.00585	0.00316	0.00811
78	0.00884	0.00696	0.00798	0.00773	0.00971	0.00610	0.00580	0.01129	0.01739	0.02274	0.37539	0.05884	0.40537	0.01574	0.00808	0.00223	0.00335	0.01346	0.00691	0.00610
79	0.01701	0.12024	0.01836	0.01354	0.01752	0.01826	0.01095	0.05011	0.53543	0.02638	0.02584	0.02439	0.04546	0.00919	0.00723	0.00222	0.03409	0.00731	0.00621	0.01024
80	0.01296	0.04042	0.01913	0.55869	0.03865	0.01455	0.01636	0.01830	0.06400	0.01964	0.11260	0.02314	0.01781	0.00799	0.00693	0.00223	0.00795	0.00700	0.00395	0.00771
81	0.01684	0.32587	0.24086	0.02201	0.19978	0.04729	0.01823	0.02123	0.01470	0.01940	0.01124	0.01359	0.00927	0.00615	0.00570	0.00183	0.00855	0.00473	0.00305	0.00967
82	0.01815	0.01856	0.02659	0.03855	0.61869	0.11730	0.01990	0.02189	0.01612	0.02156	0.01254	0.01628	0.01055	0.00623	0.00669	0.00199	0.00872	0.00586	0.00341	0.01043
83	0.01931	0.01567	0.03946	0.01269	0.01682	0.10709	0.01033	0.11922	0.15615	0.14637	0.11449	0.03005	0.12009	0.01010	0.00701	0.00208	0.00629	0.00817	0.00644	0.05217
84	0.02371	0.02897	0.02028	0.02079	0.11910	0.57800	0.01414	0.02710	0.06968	0.01842	0.01218	0.01396	0.00999	0.00708	0.00631	0.00184	0.01123	0.00489	0.00376	0.00856
85	0.61113	0.01397	0.01547	0.05979	0.01881	0.01585	0.10511	0.02004	0.01236	0.02800	0.01028	0.01277	0.00801	0.00654	0.00571	0.00219	0.03771	0.00457	0.00399	0.00768
86	0.01468	0.05452	0.50401	0.01976	0.02840	0.01662	0.11689	0.02374	0.11251	0.02250	0.01461	0.01646	0.01064	0.00677	0.00672	0.00218	0.00955	0.00581	0.00355	0.01004
87	0.02308	0.01798	0.02088	0.01928	0.11882	0.01993	0.01391	0.48338	0.12071	0.03719	0.01720	0.01768	0.01268	0.00820	0.00745	0.00212	0.03567	0.00636	0.00622	0.01125

[dist]
# distance from previous block
# <min> <max>
0	1

[block]
# block no. 1 follows, 31 sequences, length 29
# corresponding to MSA columns:
# 122-150
name=unknown_B
#
# <colnr> <probs for GDERKNQSTAVLIFYWHMCP>
#	G	D	E	R	K	N	Q	S	T	A	V	L	I	F	Y	W	H	M	C	P
0	0.01441	0.01418	0.04065	0.01632	0.02166	0.01224	0.22800	0.01942	0.07456	0.02134	0.01550	0.02121	0.01336	0.12042	0.01076	0.00243	0.00755	0.00659	0.00410	0.33531
1	0.00867	0.00695	0.00775	0.00755	0.00960	0.00603	0.00566	0.01096	0.01698	0.02178	0.30633	0.06042	0.47503	0.01610	0.00808	0.00225	0.00338	0.01368	0.00679	0.00603
2	0.57694	0.01205	0.01020	0.00891	0.01272	0.01315	0.00699	0.01813	0.01171	0.02684	0.01177	0.01681	0.01052	0.12457	0.00915	0.00268	0.00547	0.00473	0.00420	0.11247
3	0.00842	0.00671	0.00720	0.00748	0.00908	0.00587	0.00524	0.00979	0.01426	0.01748	0.05612	0.18648	0.48550	0.13473	0.01240	0.00307	0.00405	0.01463	0.00601	0.00548
4	0.01511	0.01470	0.02080	0.01993	0.11062	0.01847	0.01469	0.01719	0.01174	0.01816	0.01000	0.01511	0.00941	0.01011	0.01763	0.00255	0.53217	0.00570	0.00321	0.13271
5	0.01419	0.01216	0.01419	0.01013	0.01621	0.00912	0.00811	0.01723	0.01419	0.02229	0.01216	0.01419	0.01013	0.00507	0.00507	0.00101	0.00507	0.00405	0.00405	0.80139
6	0.02205	0.01540	0.01676	0.01336	0.01750	0.01685	0.01077	0.49639	0.02627	0.03620	0.01675	0.01843	0.01260	0.01024	0.00917	0.10821	0.00664	0.00616	0.13061	0.00966
7	0.02430	0.02540	0.02084	0.02259	0.18694	0.44744	0.01458	0.02675	0.01851	0.12888	0.01370	0.01516	0.01057	0.00704	0.00643	0.00188	0.01031	0.00520	0.00427	0.00921
8	0.00988	0.00675	0.00859	0.00845	0.00987	0.00630	0.00622	0.01278	0.01771	0.02561	0.51522	0.15835	0.05527	0.01436	0.00774	0.00218	0.00334	0.01269	0.11239	0.00630
9	0.00987	0.00782	0.01049	0.12381	0.01593	0.00772	0.00830	0.01296	0.01748	0.02357	0.43129	0.05024	0.20418	0.01380	0.00793	0.00224	0.00432	0.03505	0.00651	0.00647
10	0.00815	0.00668	0.00719	0.00761	0.00942	0.00572	0.00550	0.00974	0.01494	0.01822	0.06104	0.24613	0.53916	0.01840	0.00825	0.00243	0.00360	0.01575	0.00635	0.00572
11	0.01702	0.01470	0.01547	0.01392	0.01779	0.01702	0.01083	0.03635	0.70453	0.02862	0.02785	0.02553	0.02088	0.00928	0.00696	0.00232	0.00541	0.00773	0.00696	0.01083
12	0.01675	0.01606	0.02743	0.07473	0.68562	0.01621	0.02090	0.02083	0.01549	0.02212	0.01284	0.01699	0.01076	0.00613	0.00678	0.00204	0.00817	0.00609	0.00337	0.01069
13	0.01126	0.00792	0.00997	0.00973	0.01195	0.00675	0.00698	0.01303	0.01392	0.06551	0.03214	0.49059	0.06589	0.01632	0.00767	0.00227	0.00434	0.01456	0.00592	0.20328
14	0.01489	0.01378	0.02287	0.20140	0.44792	0.01449	0.01788	0.01843	0.01425	0.01978	0.01407	0.02162	0.01264	0.12470	0.01120	0.00281	0.00813	0.00670	0.00342	0.00902
15	0.00908	0.00667	0.00862	0.00963	0.01076	0.00622	0.00718	0.01108	0.01502	0.01982	0.14838	0.39684	0.14875	0.01910	0.00868	0.00269	0.00427	0.15479	0.00653	0.00589
16	0.01935	0.51925	0.02979	0.01308	0.01822	0.14768	0.01183	0.02416	0.12340	0.01818	0.01258	0.01350	0.01069	0.00660	0.00510	0.00165	0.00789	0.00443	0.00366	0.00895
17	0.01521	0.01769	0.13400	0.08450	0.46617	0.01484	0.01928	0.01938	0.01451	0.02068	0.01388	0.02034	0.01224	0.10640	0.01046	0.00268	0.00831	0.00644	0.00338	0.00960
18	0.01979	0.35468	0.02631	0.01443	0.01866	0.22576	0.01236	0.02448	0.12364	0.01829	0.01264	0.01409	0.01071	0.00741	0.00730	0.00185	0.09036	0.00477	0.00374	0.00872
19	0.01292	0.01216	0.02052	0.74312	0.04712	0.01520	0.01900	0.01748	0.01368	0.01748	0.01216	0.01824	0.00912	0.00684	0.00684	0.00228	0.00912	0.00608	0.00304	0.00760
20	0.01546	0.01545	0.02787	0.23899	0.32289	0.01654	0.16480	0.01983	0.01476	0.02040	0.01257	0.01748	0.01010	0.00670	0.00829	0.00224	0.06655	0.00651	0.00327	0.00930
21	0.02057	0.04062	0.09331	0.08116	0.23986	0.01470	0.10639	0.02532	0.04087	0.24171	0.01774	0.01910	0.01263	0.00700	0.00689	0.00212	0.00801	0.00648	0.00503	0.01049
22	0.00854	0.00649	0.00787	0.00850	0.00977	0.00582	0.00600	0.01034	0.01523	0.01991	0.19167	0.38468	0.26334	0.01853	0.00838	0.00250	0.00365	0.01634	0.00660	0.00582
23	0.00830	0.00608	0.00780	0.00918	0.00983	0.00559	0.00620	0.00956	0.01343	0.01760	0.04191	0.66345	0.13418	0.02089	0.00865	0.00272	0.00390	0.01878	0.00635	0.00559
24	0.01840	0.35375	0.30271	0.01496	0.02239	0.02023	0.01685	0.04431	0.01546	0.11324	0.01315	0.01415	0.00991	0.00653	0.00563	0.00185	0.00822	0.00472	0.00378	0.00978
25	0.01292	0.01216	0.02052	0.74312	0.04712	0.01520	0.01900	0.01748	0.01368	0.01748	0.01216	0.01824	0.00912	0.00684	0.00684	0.00228	0.00912	0.00608	0.00304	0.00760
26	0.01566	0.01496	0.02548	0.26359	0.50520	0.01592	0.02037	0.01988	0.01498	0.02081	0.01264	0.01735	0.01029	0.00633	0.00679	0.00211	0.00844	0.00609	0.00328	0.00981
27	0.15954	0.01782	0.01744	0.01435	0.01838	0.13555	0.01164	0.19424	0.01993	0.20373	0.01577	0.01634	0.01136	0.00836	0.00875	0.00218	0.12375	0.00560	0.00565	0.00964
28	0.01579	0.01414	0.02172	0.23849	0.11905	0.01633	0.06824	0.02143	0.10561	0.05933	0.01457	0.01829	0.01148	0.00813	0.01040	0.00232	0.17777	0.00633	0.00401	0.06659

[dist]
# distance from previous block
# <min> <max>
0	24

# created by:
# /home/berkeley/.conda/envs/busco_data_prod/bin/msa2prfl.pl pipeline/OGs_align_augustus/5794/55588.fs
