[name]
unknown

[dist]
# distance from previous block
# <min> <max>
3	79

[block]
# block no. 0 follows, 31 sequences, length 14
# corresponding to MSA columns:
# 80-93
name=unknown_A
#
# <colnr> <probs for GDERKNQSTAVLIFYWHMCP>
#	G	D	E	R	K	N	Q	S	T	A	V	L	I	F	Y	W	H	M	C	P
0	0.02098	0.09389	0.02047	0.12176	0.14819	0.04048	0.01342	0.08963	0.01798	0.24016	0.02215	0.02283	0.07320	0.00978	0.03314	0.00238	0.00753	0.00679	0.00548	0.00977
1	0.13140	0.08053	0.02079	0.12507	0.14790	0.25163	0.03823	0.02148	0.01539	0.01968	0.01205	0.01675	0.01046	0.07154	0.00850	0.00235	0.00918	0.00540	0.00353	0.00812
2	0.12453	0.01055	0.01384	0.09208	0.06831	0.01063	0.06781	0.01569	0.05746	0.02154	0.05927	0.04236	0.36585	0.01223	0.00724	0.00226	0.00549	0.01038	0.00529	0.00720
3	0.13289	0.02258	0.10368	0.06499	0.07927	0.19562	0.07822	0.15507	0.05893	0.02614	0.01336	0.01529	0.01017	0.00703	0.00638	0.00206	0.00911	0.00550	0.00435	0.00934
4	0.02461	0.01427	0.01680	0.01315	0.01834	0.01415	0.01070	0.20722	0.14642	0.31588	0.02222	0.02057	0.01527	0.00806	0.00663	0.00198	0.00609	0.00644	0.00713	0.12405
5	0.01179	0.00762	0.00888	0.00819	0.01071	0.00659	0.00627	0.01411	0.01731	0.12141	0.25845	0.05531	0.41788	0.01505	0.00791	0.00223	0.00373	0.01274	0.00701	0.00682
6	0.13104	0.02223	0.16149	0.01880	0.08177	0.15180	0.07994	0.09709	0.04173	0.02363	0.01262	0.01541	0.00996	0.00862	0.00891	0.07696	0.03991	0.00546	0.00390	0.00871
7	0.01678	0.02066	0.19985	0.18318	0.28334	0.01677	0.02030	0.13312	0.01766	0.02461	0.01316	0.01650	0.01006	0.00671	0.00673	0.00212	0.00874	0.00584	0.00377	0.01009
8	0.01081	0.00801	0.00955	0.00994	0.01141	0.00783	0.00709	0.10714	0.01627	0.02131	0.04041	0.52478	0.16180	0.01880	0.00835	0.00259	0.00439	0.01665	0.00642	0.00646
9	0.02575	0.02694	0.01987	0.01683	0.02118	0.43239	0.01313	0.30842	0.02478	0.02786	0.01304	0.01406	0.01000	0.00754	0.00645	0.00189	0.01031	0.00515	0.00492	0.00949
10	0.01661	0.08940	0.37492	0.17971	0.03062	0.01682	0.02017	0.09456	0.01656	0.07794	0.01363	0.01591	0.00975	0.00686	0.00646	0.00212	0.00903	0.00543	0.00380	0.00972
11	0.01325	0.01241	0.07170	0.28337	0.07733	0.01202	0.01386	0.01717	0.04371	0.06267	0.02157	0.14796	0.04531	0.11694	0.01153	0.00297	0.02504	0.00924	0.00441	0.00752
12	0.01310	0.03101	0.61401	0.01782	0.02662	0.01444	0.02238	0.02032	0.01520	0.02255	0.12024	0.02009	0.01727	0.00765	0.00674	0.00216	0.00905	0.00618	0.00360	0.00955
13	0.12310	0.01038	0.08635	0.01059	0.01275	0.00840	0.00875	0.01283	0.01331	0.02040	0.07846	0.45453	0.03486	0.01970	0.07025	0.00328	0.00601	0.01408	0.00553	0.00643

[dist]
# distance from previous block
# <min> <max>
3	14

[block]
# block no. 1 follows, 31 sequences, length 19
# corresponding to MSA columns:
# 108-126
name=unknown_B
#
# <colnr> <probs for GDERKNQSTAVLIFYWHMCP>
#	G	D	E	R	K	N	Q	S	T	A	V	L	I	F	Y	W	H	M	C	P
0	0.18729	0.01204	0.04025	0.01254	0.05401	0.01222	0.00948	0.01968	0.15470	0.04292	0.03196	0.12014	0.18311	0.01337	0.03348	0.00265	0.04726	0.00954	0.00548	0.00787
1	0.01786	0.01748	0.01622	0.05643	0.05807	0.18319	0.01125	0.11828	0.12553	0.02418	0.05172	0.04694	0.11676	0.00941	0.00674	0.00196	0.00726	0.00753	0.00522	0.11798
2	0.32468	0.05543	0.03473	0.01226	0.01615	0.07416	0.02890	0.08504	0.07736	0.02583	0.01418	0.01698	0.01159	0.01724	0.17396	0.00413	0.00954	0.00536	0.00441	0.00807
3	0.01574	0.02785	0.43239	0.01835	0.02614	0.05522	0.07507	0.09770	0.04216	0.02374	0.01460	0.04510	0.01146	0.00907	0.03550	0.00247	0.00972	0.00610	0.00379	0.04784
4	0.08647	0.05909	0.01784	0.01342	0.01833	0.10706	0.01096	0.15139	0.08508	0.34944	0.02070	0.01921	0.01410	0.00800	0.00645	0.00204	0.00698	0.00608	0.00676	0.01060
5	0.02477	0.01855	0.01983	0.01549	0.02074	0.02064	0.01270	0.60342	0.12484	0.04112	0.01800	0.01768	0.01291	0.00836	0.00686	0.00209	0.00724	0.00638	0.00686	0.01152
6	0.01188	0.00594	0.00891	0.00891	0.00891	0.00594	0.00594	0.00891	0.00891	0.01188	0.01188	0.02080	0.01188	0.02377	0.02674	0.80095	0.00594	0.00594	0.00297	0.00297
7	0.01497	0.01497	0.02095	0.01796	0.01796	0.02095	0.01497	0.01646	0.01048	0.01646	0.00898	0.01497	0.00898	0.01197	0.02245	0.00299	0.74704	0.00599	0.00299	0.00748
8	0.01865	0.18120	0.02098	0.01402	0.01716	0.15117	0.01155	0.14558	0.01685	0.02081	0.01245	0.01624	0.01089	0.01589	0.11091	0.10267	0.11580	0.00539	0.00389	0.00788
9	0.01581	0.06062	0.09710	0.07474	0.02895	0.04317	0.31415	0.02142	0.05763	0.02100	0.01338	0.01692	0.01046	0.00668	0.00843	0.00211	0.07912	0.00648	0.00360	0.11824
10	0.00977	0.00733	0.01100	0.01100	0.01222	0.00855	0.00855	0.01222	0.01100	0.01588	0.01833	0.02688	0.01710	0.05131	0.73245	0.01100	0.01833	0.00733	0.00367	0.00611
11	0.01554	0.01473	0.02500	0.23999	0.49663	0.01560	0.02000	0.01971	0.01505	0.02089	0.01366	0.01987	0.01156	0.00685	0.00691	0.00215	0.00833	0.03440	0.00341	0.00972
12	0.02046	0.38923	0.08485	0.01479	0.01990	0.24792	0.01355	0.06038	0.01651	0.01829	0.01043	0.01222	0.00895	0.00677	0.00629	0.00174	0.05141	0.00428	0.00334	0.00871
13	0.02601	0.01916	0.02053	0.01574	0.02122	0.02122	0.01300	0.69408	0.03217	0.04312	0.01643	0.01643	0.01163	0.00821	0.00684	0.00205	0.00753	0.00616	0.00684	0.01163
14	0.02324	0.01363	0.01528	0.01215	0.01645	0.01421	0.00989	0.33820	0.02395	0.19954	0.02067	0.02072	0.01462	0.00820	0.00625	0.00193	0.00585	0.00639	0.23871	0.01010
15	0.00977	0.00733	0.01100	0.01100	0.01222	0.00855	0.00855	0.01222	0.01100	0.01588	0.01833	0.02688	0.01710	0.05131	0.73245	0.01100	0.01833	0.00733	0.00367	0.00611
16	0.00831	0.00694	0.00724	0.00716	0.00938	0.00587	0.00537	0.01024	0.01611	0.01972	0.15807	0.06381	0.62458	0.01687	0.00808	0.00229	0.00343	0.01415	0.00652	0.00587
17	0.00982	0.00713	0.00998	0.00998	0.01085	0.00800	0.00729	0.01157	0.01070	0.01513	0.01925	0.03201	0.01933	0.25439	0.53242	0.00974	0.01497	0.00808	0.00380	0.00555
18	0.00831	0.00694	0.00724	0.00716	0.00938	0.00587	0.00537	0.01024	0.01611	0.01972	0.15807	0.06381	0.62458	0.01687	0.00808	0.00229	0.00343	0.01415	0.00652	0.00587

[dist]
# distance from previous block
# <min> <max>
0	1

[block]
# block no. 2 follows, 31 sequences, length 34
# corresponding to MSA columns:
# 128-161
name=unknown_C
#
# <colnr> <probs for GDERKNQSTAVLIFYWHMCP>
#	G	D	E	R	K	N	Q	S	T	A	V	L	I	F	Y	W	H	M	C	P
0	0.68344	0.01417	0.01172	0.01007	0.01450	0.01628	0.00830	0.12738	0.01491	0.03267	0.01062	0.01196	0.00808	0.00665	0.00465	0.00211	0.00565	0.00410	0.00465	0.00808
1	0.66363	0.01680	0.01178	0.01059	0.01469	0.14752	0.00848	0.02144	0.01307	0.02812	0.00972	0.01134	0.00767	0.00648	0.00459	0.00205	0.00659	0.00383	0.00410	0.00751
2	0.00834	0.00595	0.00794	0.00953	0.00992	0.00556	0.00635	0.00953	0.01310	0.01746	0.03771	0.75510	0.04525	0.02143	0.00873	0.00278	0.00397	0.01945	0.00635	0.00556
3	0.01850	0.56869	0.03187	0.01318	0.01798	0.04889	0.01237	0.06449	0.01473	0.01796	0.00992	0.01203	0.00900	0.00704	0.00755	0.00176	0.12786	0.00423	0.00322	0.00873
4	0.01351	0.01188	0.01558	0.07339	0.12472	0.04763	0.01152	0.05031	0.03540	0.02125	0.10723	0.12512	0.02368	0.01903	0.15718	0.00395	0.04765	0.00873	0.00470	0.09755
5	0.14373	0.09271	0.02045	0.54463	0.03841	0.01649	0.01632	0.01823	0.01337	0.01950	0.01145	0.01630	0.00880	0.00665	0.00615	0.00217	0.00830	0.00543	0.00322	0.00769
6	0.00924	0.00660	0.00898	0.01056	0.01136	0.00634	0.00793	0.01109	0.01399	0.01848	0.03721	0.52649	0.04327	0.02058	0.00897	0.00290	0.00476	0.23911	0.00633	0.00581
7	0.01761	0.01499	0.01580	0.01404	0.01802	0.01729	0.01097	0.07974	0.66018	0.02958	0.02709	0.02492	0.02027	0.00921	0.00695	0.00230	0.00555	0.00763	0.00695	0.01088
8	0.01372	0.03539	0.72412	0.01950	0.02961	0.01589	0.02528	0.02167	0.01444	0.02167	0.01228	0.01444	0.00867	0.00650	0.00650	0.00217	0.01011	0.00506	0.00289	0.01011
9	0.76135	0.05746	0.01158	0.00916	0.01349	0.01604	0.00766	0.02013	0.01178	0.02983	0.00953	0.01111	0.00749	0.00632	0.00424	0.00208	0.00541	0.00370	0.00416	0.00749
10	0.01829	0.76368	0.03585	0.01171	0.01756	0.02707	0.01171	0.02049	0.01390	0.01610	0.00951	0.01097	0.00878	0.00585	0.00439	0.00146	0.00732	0.00366	0.00293	0.00878
11	0.00854	0.00695	0.00756	0.00741	0.00952	0.00597	0.00556	0.01070	0.01667	0.02104	0.25357	0.06162	0.52825	0.01637	0.00808	0.00226	0.00340	0.01385	0.00669	0.00597
12	0.01484	0.00824	0.01021	0.00900	0.01185	0.00720	0.00700	0.01740	0.01812	0.21308	0.30389	0.04864	0.27633	0.01364	0.00775	0.00220	0.00402	0.01159	0.00738	0.00763
13	0.00844	0.00720	0.00730	0.00729	0.00959	0.00620	0.00546	0.01083	0.04208	0.01884	0.06658	0.08891	0.66347	0.01716	0.00807	0.00233	0.00356	0.01436	0.00638	0.00596
14	0.00953	0.00699	0.00893	0.00845	0.01013	0.00639	0.00634	0.01262	0.01901	0.02658	0.65176	0.05251	0.12660	0.01431	0.00807	0.00217	0.00325	0.01257	0.00742	0.00639
15	0.00995	0.00663	0.00746	0.00746	0.00746	0.00663	0.00415	0.00995	0.00995	0.01327	0.02156	0.04477	0.02487	0.75957	0.03482	0.00663	0.00663	0.00995	0.00415	0.00415
16	0.02601	0.01916	0.02053	0.01574	0.02122	0.02122	0.01300	0.69408	0.03217	0.04312	0.01643	0.01643	0.01163	0.00821	0.00684	0.00205	0.00753	0.00616	0.00684	0.01163
17	0.01615	0.01845	0.04037	0.02884	0.03576	0.01730	0.69204	0.02191	0.01615	0.02191	0.01384	0.01845	0.01038	0.00577	0.00807	0.00231	0.01153	0.00807	0.00346	0.00923
18	0.01107	0.00627	0.00852	0.00852	0.00859	0.00634	0.00546	0.00948	0.00940	0.01261	0.01570	0.02968	0.01681	0.28714	0.07121	0.47182	0.00692	0.00745	0.00343	0.00357
19	0.80789	0.01323	0.01006	0.00900	0.01323	0.01535	0.00741	0.02011	0.01164	0.03070	0.00953	0.01111	0.00741	0.00635	0.00423	0.00212	0.00529	0.00370	0.00423	0.00741
20	0.01460	0.17521	0.59198	0.01800	0.02730	0.01804	0.02267	0.02144	0.01434	0.02060	0.01175	0.01378	0.00869	0.00638	0.00609	0.00203	0.00957	0.00479	0.00290	0.00986
21	0.01370	0.01161	0.01365	0.00997	0.01557	0.00883	0.00793	0.01676	0.01474	0.02284	0.08714	0.01813	0.01595	0.00602	0.00539	0.00114	0.00487	0.00494	0.00443	0.71637
22	0.00855	0.00695	0.00758	0.00742	0.00953	0.00597	0.00557	0.01073	0.01670	0.02111	0.25813	0.06152	0.52365	0.01635	0.00808	0.00226	0.00340	0.01383	0.00670	0.00597
23	0.01829	0.76368	0.03585	0.01171	0.01756	0.02707	0.01171	0.02049	0.01390	0.01610	0.00951	0.01097	0.00878	0.00585	0.00439	0.00146	0.00732	0.00366	0.00293	0.00878
24	0.00933	0.00690	0.00790	0.00765	0.00956	0.00616	0.00574	0.01191	0.01722	0.02340	0.36423	0.05466	0.33706	0.01477	0.00772	0.00216	0.00332	0.01261	0.09152	0.00616
25	0.02081	0.02480	0.01866	0.01670	0.01902	0.45195	0.01294	0.02267	0.01690	0.01788	0.08970	0.01746	0.01517	0.00921	0.01092	0.00215	0.21585	0.00575	0.00383	0.00764
26	0.00832	0.00602	0.00787	0.00935	0.00988	0.00557	0.00627	0.00955	0.01326	0.01753	0.03979	0.70964	0.08937	0.02116	0.00869	0.00275	0.00394	0.01912	0.00635	0.00557
27	0.01134	0.00966	0.01416	0.09448	0.17668	0.00950	0.01087	0.01458	0.01705	0.02322	0.33431	0.04299	0.19019	0.01215	0.00764	0.00217	0.00504	0.01071	0.00584	0.00744
28	0.01292	0.01216	0.02052	0.74312	0.04712	0.01520	0.01900	0.01748	0.01368	0.01748	0.01216	0.01824	0.00912	0.00684	0.00684	0.00228	0.00912	0.00608	0.00304	0.00760
29	0.01860	0.73283	0.03516	0.01196	0.01771	0.05683	0.01177	0.02077	0.01413	0.01612	0.00956	0.01103	0.00878	0.00590	0.00446	0.00148	0.00753	0.00369	0.00295	0.00874
30	0.05009	0.01526	0.02521	0.08726	0.45192	0.01499	0.07645	0.02072	0.01528	0.04926	0.01320	0.01678	0.01066	0.00608	0.00655	0.00194	0.00786	0.00591	0.00369	0.12090
31	0.01502	0.05776	0.15435	0.05403	0.38975	0.01536	0.06334	0.01951	0.01526	0.02118	0.02031	0.02297	0.10605	0.00769	0.00686	0.00209	0.00807	0.00704	0.00367	0.00969
32	0.01802	0.01490	0.01586	0.01395	0.01787	0.01700	0.01091	0.15039	0.54029	0.03043	0.02649	0.07231	0.02087	0.00990	0.00706	0.00230	0.00569	0.00823	0.00690	0.01062
33	0.80789	0.01323	0.01006	0.00900	0.01323	0.01535	0.00741	0.02011	0.01164	0.03070	0.00953	0.01111	0.00741	0.00635	0.00423	0.00212	0.00529	0.00370	0.00423	0.00741

[dist]
# distance from previous block
# <min> <max>
0	27

[block]
# block no. 3 follows, 31 sequences, length 45
# corresponding to MSA columns:
# 189-205,208-235
name=unknown_D
#
# <colnr> <probs for GDERKNQSTAVLIFYWHMCP>
#	G	D	E	R	K	N	Q	S	T	A	V	L	I	F	Y	W	H	M	C	P
0	0.01711	0.01249	0.05471	0.01962	0.20310	0.01073	0.03680	0.02039	0.01701	0.20066	0.14696	0.09180	0.11754	0.01083	0.00739	0.00219	0.00596	0.00960	0.00601	0.00908
1	0.02330	0.01756	0.01908	0.01446	0.02007	0.01844	0.01188	0.53888	0.02804	0.03834	0.01545	0.01591	0.01129	0.00749	0.00644	0.00181	0.00696	0.00568	0.00620	0.19271
2	0.01465	0.01364	0.02283	0.15073	0.47345	0.01406	0.01790	0.01825	0.01480	0.02063	0.01745	0.15675	0.01706	0.00912	0.00715	0.00221	0.00750	0.00862	0.00389	0.00931
3	0.80789	0.01323	0.01006	0.00900	0.01323	0.01535	0.00741	0.02011	0.01164	0.03070	0.00953	0.01111	0.00741	0.00635	0.00423	0.00212	0.00529	0.00370	0.00423	0.00741
4	0.00986	0.00699	0.00926	0.00926	0.00988	0.00761	0.00639	0.01110	0.01048	0.01460	0.01991	0.03567	0.02092	0.39926	0.38972	0.00885	0.01258	0.00862	0.00390	0.00514
5	0.19400	0.00815	0.00760	0.00721	0.00955	0.00856	0.00560	0.01760	0.01395	0.05527	0.01961	0.02215	0.01521	0.00762	0.00474	0.00173	0.00377	0.00579	0.58505	0.00683
6	0.00995	0.00663	0.00746	0.00746	0.00746	0.00663	0.00415	0.00995	0.00995	0.01327	0.02156	0.04477	0.02487	0.75957	0.03482	0.00663	0.00663	0.00995	0.00415	0.00415
7	0.00848	0.00607	0.00807	0.00942	0.00996	0.00566	0.00636	0.00990	0.01379	0.01856	0.11218	0.67750	0.04738	0.02061	0.00866	0.00271	0.00389	0.01867	0.00648	0.00566
8	0.37146	0.01222	0.01257	0.01036	0.01481	0.01265	0.00850	0.06405	0.01626	0.30355	0.01818	0.01775	0.01249	0.00747	0.00549	0.00206	0.00541	0.00538	0.09013	0.00922
9	0.00977	0.00733	0.01100	0.01100	0.01222	0.00855	0.00855	0.01222	0.01100	0.01588	0.01833	0.02688	0.01710	0.05131	0.73245	0.01100	0.01833	0.00733	0.00367	0.00611
10	0.01404	0.02930	0.52384	0.13105	0.12579	0.01584	0.02375	0.02095	0.01448	0.02113	0.01234	0.01535	0.00903	0.00650	0.00659	0.00217	0.00969	0.00535	0.00298	0.00983
11	0.01829	0.76368	0.03585	0.01171	0.01756	0.02707	0.01171	0.02049	0.01390	0.01610	0.00951	0.01097	0.00878	0.00585	0.00439	0.00146	0.00732	0.00366	0.00293	0.00878
12	0.01775	0.01770	0.03767	0.02700	0.03374	0.01650	0.61686	0.02317	0.01653	0.09905	0.01529	0.01899	0.01110	0.00606	0.00794	0.00229	0.01090	0.00794	0.00401	0.00949
13	0.01337	0.01276	0.02198	0.65816	0.09594	0.01538	0.05053	0.01795	0.01393	0.01805	0.01229	0.01815	0.00931	0.00674	0.00689	0.00226	0.00916	0.00617	0.00309	0.00791
14	0.02601	0.01916	0.02053	0.01574	0.02122	0.02122	0.01300	0.69408	0.03217	0.04312	0.01643	0.01643	0.01163	0.00821	0.00684	0.00205	0.00753	0.00616	0.00684	0.01163
15	0.01852	0.01436	0.01551	0.01373	0.01775	0.01625	0.01074	0.03602	0.62902	0.10501	0.02775	0.02528	0.02045	0.00919	0.00695	0.00230	0.00546	0.00764	0.00713	0.01092
16	0.01092	0.00746	0.00839	0.00787	0.01036	0.00639	0.00600	0.01307	0.01684	0.09790	0.20195	0.05801	0.49876	0.01564	0.00795	0.00226	0.00367	0.01316	0.00684	0.00657
17	0.00863	0.00617	0.00828	0.00986	0.01039	0.00581	0.00687	0.01004	0.01339	0.01780	0.03754	0.68037	0.04460	0.02115	0.00881	0.00282	0.00423	0.09125	0.00635	0.00564
18	0.03070	0.01164	0.01588	0.01217	0.01746	0.01006	0.01006	0.03334	0.01958	0.72163	0.02699	0.02329	0.01694	0.00847	0.00688	0.00212	0.00582	0.00688	0.00847	0.01164
19	0.00968	0.00699	0.00914	0.00861	0.01022	0.00646	0.00646	0.01291	0.01937	0.02743	0.71328	0.05110	0.06455	0.01399	0.00807	0.00215	0.00323	0.01237	0.00753	0.00646
20	0.01829	0.76368	0.03585	0.01171	0.01756	0.02707	0.01171	0.02049	0.01390	0.01610	0.00951	0.01097	0.00878	0.00585	0.00439	0.00146	0.00732	0.00366	0.00293	0.00878
21	0.02556	0.03261	0.01939	0.01763	0.02115	0.73210	0.01322	0.02732	0.01939	0.01674	0.01058	0.01234	0.00881	0.00705	0.00617	0.00176	0.01234	0.00441	0.00353	0.00793
22	0.02035	0.00914	0.01168	0.00982	0.01248	0.00835	0.00711	0.02167	0.01478	0.36833	0.02428	0.03400	0.02089	0.38308	0.02082	0.00437	0.00623	0.00841	0.00631	0.00790
23	0.02519	0.06935	0.02021	0.01733	0.02097	0.69666	0.01314	0.02698	0.01911	0.01671	0.01052	0.01227	0.00881	0.00699	0.00608	0.00175	0.01209	0.00437	0.00349	0.00797
24	0.68739	0.12775	0.01399	0.00941	0.01389	0.01714	0.00806	0.02017	0.01199	0.02847	0.00952	0.01109	0.00762	0.00627	0.00426	0.00202	0.00560	0.00370	0.00403	0.00762
25	0.01309	0.00931	0.01168	0.01171	0.01355	0.00977	0.00951	0.12085	0.01662	0.02225	0.02775	0.05397	0.02896	0.16842	0.09515	0.00451	0.00782	0.34023	0.02813	0.00670
26	0.01634	0.04531	0.02124	0.02574	0.34115	0.01518	0.01477	0.07438	0.14534	0.02441	0.02252	0.02383	0.09722	0.00808	0.00669	0.00199	0.00664	0.00709	0.00473	0.09735
27	0.00834	0.00595	0.00794	0.00953	0.00992	0.00556	0.00635	0.00953	0.01310	0.01746	0.03771	0.75510	0.04525	0.02143	0.00873	0.00278	0.00397	0.01945	0.00635	0.00556
28	0.00834	0.00595	0.00794	0.00953	0.00992	0.00556	0.00635	0.00953	0.01310	0.01746	0.03771	0.75510	0.04525	0.02143	0.00873	0.00278	0.00397	0.01945	0.00635	0.00556
29	0.46813	0.12089	0.01848	0.01365	0.03884	0.14179	0.07019	0.02160	0.01382	0.02522	0.01019	0.01214	0.00821	0.00634	0.00501	0.00198	0.00744	0.00428	0.00384	0.00796
30	0.05745	0.01508	0.02075	0.51934	0.12541	0.09093	0.01785	0.03853	0.01494	0.01945	0.01206	0.01702	0.00928	0.00678	0.00662	0.00218	0.00909	0.00578	0.00331	0.00814
31	0.01396	0.01239	0.01676	0.23705	0.05801	0.01378	0.01301	0.02146	0.19457	0.02166	0.03839	0.10128	0.01797	0.00932	0.00795	0.00216	0.06104	0.00780	0.00475	0.14667
32	0.00821	0.00643	0.00745	0.00826	0.00959	0.00566	0.00579	0.00967	0.01432	0.01796	0.05312	0.41890	0.37150	0.01943	0.00842	0.00255	0.00372	0.01701	0.00635	0.00566
33	0.01312	0.01205	0.01996	0.47291	0.17655	0.01386	0.01721	0.01727	0.01483	0.01984	0.11014	0.04907	0.01843	0.00820	0.00706	0.00223	0.00792	0.00743	0.00385	0.00802
34	0.00968	0.00699	0.00914	0.00861	0.01022	0.00646	0.00646	0.01291	0.01937	0.02743	0.71328	0.05110	0.06455	0.01399	0.00807	0.00215	0.00323	0.01237	0.00753	0.00646
35	0.01806	0.72708	0.07044	0.01210	0.01816	0.02651	0.01239	0.02055	0.01393	0.01638	0.00965	0.01115	0.00877	0.00589	0.00450	0.00150	0.00746	0.00373	0.00292	0.00885
36	0.01497	0.01497	0.02095	0.01796	0.01796	0.02095	0.01497	0.01646	0.01048	0.01646	0.00898	0.01497	0.00898	0.01197	0.02245	0.00299	0.74704	0.00599	0.00299	0.00748
37	0.01025	0.00683	0.00813	0.00780	0.00951	0.00634	0.00585	0.01326	0.01755	0.02570	0.44646	0.04655	0.14225	0.01290	0.00723	0.00203	0.00325	0.01112	0.21065	0.00634
38	0.01395	0.01317	0.04829	0.05489	0.35574	0.01247	0.01542	0.04820	0.01549	0.02145	0.02251	0.24743	0.02360	0.01199	0.00759	0.00237	0.00680	0.06526	0.00466	0.00873
39	0.02143	0.44767	0.02873	0.01426	0.01911	0.33182	0.01236	0.02344	0.01627	0.01638	0.00997	0.01156	0.00879	0.00637	0.00516	0.00159	0.00949	0.00398	0.00319	0.00841
40	0.00980	0.00724	0.01054	0.01054	0.01160	0.00830	0.00798	0.01192	0.01086	0.01554	0.01874	0.02920	0.01811	0.14325	0.64189	0.01043	0.01681	0.00767	0.00373	0.00585
41	0.01557	0.01450	0.02395	0.36926	0.36291	0.01604	0.01960	0.05796	0.01564	0.02126	0.01274	0.01752	0.01008	0.00657	0.00681	0.00215	0.00856	0.00609	0.00342	0.00936
42	0.01643	0.01016	0.01264	0.01015	0.01440	0.00833	0.00793	0.01916	0.01610	0.18398	0.12946	0.12491	0.02536	0.00962	0.00645	0.00171	0.00473	0.00822	0.03453	0.35573
43	0.01567	0.01502	0.01660	0.09438	0.07553	0.09996	0.01096	0.01880	0.01489	0.02108	0.01202	0.01462	0.00991	0.00559	0.00553	0.00133	0.00666	0.00448	0.00382	0.55315
44	0.01445	0.01298	0.03836	0.07692	0.09535	0.03428	0.12408	0.05015	0.07842	0.02355	0.16552	0.02664	0.02389	0.01040	0.00922	0.09016	0.00678	0.00785	0.10312	0.00787

[dist]
# distance from previous block
# <min> <max>
0	16

[block]
# block no. 4 follows, 31 sequences, length 33
# corresponding to MSA columns:
# 258-290
name=unknown_E
#
# <colnr> <probs for GDERKNQSTAVLIFYWHMCP>
#	G	D	E	R	K	N	Q	S	T	A	V	L	I	F	Y	W	H	M	C	P
0	0.16699	0.08596	0.06362	0.02094	0.18692	0.06529	0.07294	0.08940	0.03586	0.05044	0.06305	0.01805	0.01428	0.00718	0.00618	0.00202	0.00751	0.00595	0.02812	0.00929
1	0.01750	0.07852	0.34313	0.01773	0.06184	0.06559	0.01806	0.08107	0.07362	0.06786	0.01456	0.01581	0.01076	0.00681	0.00627	0.00195	0.00850	0.00529	0.00413	0.10101
2	0.01016	0.00775	0.01127	0.01092	0.01257	0.00860	0.00851	0.01265	0.01127	0.01644	0.01779	0.02577	0.01649	0.04727	0.66891	0.01012	0.01717	0.00704	0.00370	0.07558
3	0.01605	0.01988	0.16371	0.02751	0.30100	0.04623	0.09684	0.05416	0.06181	0.02370	0.08196	0.02180	0.03926	0.00761	0.00703	0.00212	0.00828	0.00703	0.00419	0.00984
4	0.01755	0.01098	0.01343	0.01032	0.01512	0.00883	0.00804	0.02002	0.01502	0.20055	0.01879	0.07115	0.01596	0.09175	0.00913	0.00205	0.00536	0.00650	0.00536	0.45410
5	0.01849	0.01543	0.01630	0.01422	0.01835	0.01770	0.01118	0.14398	0.59450	0.03099	0.02598	0.02404	0.01937	0.00911	0.00694	0.00228	0.00576	0.00748	0.00694	0.01096
6	0.80789	0.01323	0.01006	0.00900	0.01323	0.01535	0.00741	0.02011	0.01164	0.03070	0.00953	0.01111	0.00741	0.00635	0.00423	0.00212	0.00529	0.00370	0.00423	0.00741
7	0.02955	0.01168	0.01576	0.01203	0.01738	0.00999	0.00992	0.03223	0.01921	0.67331	0.02597	0.02266	0.01647	0.00823	0.00675	0.00204	0.00577	0.00668	0.00816	0.06621
8	0.01372	0.03539	0.72412	0.01950	0.02961	0.01589	0.02528	0.02167	0.01444	0.02167	0.01228	0.01444	0.00867	0.00650	0.00650	0.00217	0.01011	0.00506	0.00289	0.01011
9	0.80789	0.01323	0.01006	0.00900	0.01323	0.01535	0.00741	0.02011	0.01164	0.03070	0.00953	0.01111	0.00741	0.00635	0.00423	0.00212	0.00529	0.00370	0.00423	0.00741
10	0.22971	0.01477	0.02238	0.04474	0.08354	0.01499	0.20162	0.08393	0.01674	0.15541	0.01653	0.05757	0.01283	0.00757	0.00660	0.00220	0.00765	0.00690	0.00504	0.00929
11	0.80789	0.01323	0.01006	0.00900	0.01323	0.01535	0.00741	0.02011	0.01164	0.03070	0.00953	0.01111	0.00741	0.00635	0.00423	0.00212	0.00529	0.00370	0.00423	0.00741
12	0.00830	0.00688	0.00728	0.00746	0.00954	0.00587	0.00558	0.01011	0.01556	0.01890	0.09663	0.12626	0.59788	0.01759	0.00819	0.00238	0.00361	0.03977	0.00641	0.00581
13	0.63724	0.17542	0.01563	0.00958	0.01417	0.01788	0.00834	0.02019	0.01213	0.02754	0.00952	0.01108	0.00771	0.00624	0.00427	0.00198	0.00573	0.00369	0.00395	0.00771
14	0.01369	0.01144	0.01641	0.02117	0.27073	0.03363	0.01206	0.01699	0.01758	0.05711	0.33208	0.03753	0.10972	0.01095	0.00748	0.00211	0.00547	0.00977	0.00580	0.00829
15	0.00980	0.00721	0.01037	0.01037	0.01137	0.00821	0.00777	0.01181	0.01081	0.01542	0.01890	0.03006	0.01849	0.17736	0.60830	0.01022	0.01624	0.00780	0.00375	0.00576
16	0.24216	0.03662	0.01391	0.06755	0.01730	0.19463	0.01003	0.01862	0.01384	0.02065	0.01539	0.10254	0.01468	0.01912	0.18046	0.00423	0.01040	0.00677	0.00404	0.00707
17	0.00939	0.00698	0.00874	0.00830	0.01004	0.00633	0.00623	0.01235	0.01868	0.02580	0.59554	0.05380	0.18331	0.01460	0.00807	0.00218	0.00327	0.01275	0.00732	0.00633
18	0.01601	0.01374	0.01454	0.01315	0.01679	0.01567	0.01020	0.03326	0.61997	0.02786	0.06825	0.02968	0.07057	0.01009	0.00710	0.00231	0.00516	0.00845	0.00695	0.01024
19	0.01576	0.02513	0.35444	0.06091	0.22016	0.01621	0.06797	0.08720	0.01654	0.02364	0.01386	0.04209	0.01100	0.00705	0.00681	0.00215	0.00914	0.00622	0.00359	0.01012
20	0.01957	0.26365	0.04774	0.09957	0.02267	0.02199	0.01379	0.24390	0.06065	0.02619	0.01322	0.01513	0.01051	0.00777	0.00807	0.00203	0.10413	0.00536	0.00449	0.00958
21	0.01299	0.02531	0.43093	0.01781	0.02528	0.01356	0.12329	0.01920	0.01536	0.02213	0.09379	0.02520	0.09442	0.00846	0.00701	0.00218	0.00856	0.00741	0.03817	0.00894
22	0.01772	0.01398	0.02351	0.12649	0.25280	0.01387	0.13003	0.04686	0.01674	0.14323	0.02313	0.02619	0.09895	0.00838	0.00726	0.00219	0.00779	0.02654	0.00481	0.00953
23	0.01760	0.01761	0.07054	0.03874	0.14435	0.15391	0.03379	0.02265	0.09397	0.09307	0.06814	0.09769	0.04391	0.01034	0.00724	0.00223	0.00766	0.06255	0.00519	0.00882
24	0.01052	0.00879	0.01324	0.12057	0.14285	0.00889	0.01071	0.01277	0.01385	0.01844	0.03231	0.45573	0.09228	0.01621	0.00805	0.00253	0.00542	0.01468	0.00534	0.00682
25	0.01471	0.01257	0.03494	0.14696	0.06407	0.01345	0.05808	0.07551	0.08120	0.05676	0.02104	0.08871	0.04715	0.09030	0.09679	0.00381	0.07279	0.00845	0.00467	0.00803
26	0.01808	0.06556	0.21377	0.05037	0.28520	0.06561	0.07840	0.02293	0.01588	0.09916	0.01399	0.01648	0.01058	0.00652	0.00665	0.00206	0.00897	0.00582	0.00380	0.01017
27	0.02167	0.01324	0.01721	0.07956	0.09415	0.01351	0.01207	0.07058	0.20759	0.28271	0.04582	0.02395	0.03563	0.00854	0.00688	0.00213	0.00617	0.00716	0.00666	0.04476
28	0.01393	0.01690	0.17210	0.10052	0.02330	0.01335	0.09721	0.10509	0.01576	0.02176	0.03702	0.10227	0.01807	0.12651	0.08167	0.00379	0.03011	0.00843	0.00426	0.00796
29	0.01543	0.05178	0.11861	0.10882	0.07619	0.04496	0.10191	0.07528	0.01620	0.05714	0.02033	0.20044	0.01978	0.01088	0.00780	0.00233	0.02878	0.03026	0.00463	0.00847
30	0.01717	0.06895	0.13826	0.02692	0.21702	0.09816	0.19354	0.02285	0.06494	0.02119	0.01339	0.01654	0.01063	0.00675	0.00781	0.00214	0.05433	0.00621	0.00355	0.00964
31	0.01641	0.01194	0.01875	0.17157	0.11155	0.01198	0.09164	0.02071	0.05664	0.16610	0.03064	0.07062	0.17144	0.01025	0.00737	0.00225	0.00682	0.00918	0.00542	0.00871
32	0.01499	0.01612	0.12129	0.15080	0.07429	0.05140	0.07463	0.01884	0.01491	0.07894	0.01912	0.17804	0.01798	0.00971	0.00701	0.00212	0.00757	0.00870	0.00444	0.12911

[dist]
# distance from previous block
# <min> <max>
15	421

# created by:
# /home/berkeley/.conda/envs/busco_data_prod/bin/msa2prfl.pl pipeline/OGs_align_augustus/5794/56595.fs
