[name]
unknown

[dist]
# distance from previous block
# <min> <max>
0	281

[block]
# block no. 0 follows, 23 sequences, length 37
# corresponding to MSA columns:
# 383-419
name=unknown_A
#
# <colnr> <probs for GDERKNQSTAVLIFYWHMCP>
#	G	D	E	R	K	N	Q	S	T	A	V	L	I	F	Y	W	H	M	C	P
0	0.03137	0.01483	0.01871	0.01514	0.02083	0.01428	0.01237	0.07083	0.15917	0.46533	0.03215	0.03115	0.02218	0.01089	0.00834	0.00262	0.00694	0.04021	0.00942	0.01326
1	0.01269	0.00967	0.01242	0.01370	0.04780	0.00953	0.00923	0.04861	0.06571	0.02665	0.19800	0.39440	0.07990	0.02011	0.00973	0.00295	0.00507	0.01798	0.00778	0.00805
2	0.02723	0.01966	0.01822	0.01538	0.01997	0.15878	0.01209	0.17857	0.02508	0.20188	0.02711	0.08836	0.04507	0.01136	0.00788	0.00240	0.00832	0.00897	0.11262	0.01104
3	0.02491	0.02477	0.02402	0.01965	0.02428	0.24053	0.09991	0.21465	0.02479	0.02966	0.01787	0.02449	0.01544	0.13130	0.04464	0.00377	0.01191	0.00776	0.00552	0.01012
4	0.15058	0.01104	0.01333	0.01275	0.01597	0.01081	0.01008	0.02285	0.01794	0.21125	0.03386	0.22352	0.03340	0.05382	0.01062	0.00327	0.00638	0.14172	0.00767	0.00916
5	0.01442	0.00935	0.01129	0.01087	0.01318	0.00868	0.00798	0.05541	0.01959	0.08975	0.16633	0.23001	0.22102	0.05000	0.01211	0.04337	0.00513	0.01594	0.00776	0.00782
6	0.03329	0.01880	0.02192	0.01681	0.02321	0.01934	0.01388	0.37415	0.03158	0.32342	0.02500	0.02306	0.01657	0.00987	0.00814	0.00247	0.00804	0.00768	0.00896	0.01380
7	0.15126	0.01603	0.01893	0.01476	0.02088	0.01578	0.01219	0.16625	0.02497	0.43618	0.02604	0.02358	0.01694	0.00958	0.00766	0.00249	0.00724	0.00738	0.00883	0.01301
8	0.19648	0.01392	0.01535	0.01271	0.01747	0.01403	0.01027	0.12165	0.02284	0.22883	0.15782	0.03514	0.09685	0.01187	0.00787	0.00253	0.00615	0.00944	0.00809	0.01066
9	0.01418	0.01025	0.01211	0.01210	0.01457	0.01032	0.00926	0.02114	0.15081	0.05506	0.14728	0.20318	0.14441	0.01807	0.00938	0.00290	0.00523	0.09454	0.05662	0.00861
10	0.01947	0.01392	0.01527	0.01356	0.01747	0.01503	0.01057	0.07110	0.32030	0.08847	0.12606	0.03713	0.07517	0.01208	0.00812	0.00254	0.00567	0.01007	0.12701	0.01098
11	0.02260	0.02321	0.07531	0.01718	0.02182	0.16991	0.01423	0.19094	0.12354	0.03161	0.02534	0.16948	0.02336	0.01283	0.00830	0.00258	0.00898	0.01043	0.03768	0.01067
12	0.01460	0.00835	0.00982	0.00968	0.01150	0.00780	0.00685	0.01684	0.01711	0.09409	0.09566	0.18698	0.12309	0.15198	0.01474	0.00359	0.00516	0.01369	0.20106	0.00743
13	0.01032	0.00794	0.00927	0.00954	0.01134	0.00707	0.00682	0.01258	0.01858	0.02414	0.22778	0.22299	0.31459	0.06549	0.01182	0.00315	0.00442	0.01753	0.00775	0.00688
14	0.01161	0.00900	0.01078	0.01177	0.01326	0.00895	0.00825	0.01679	0.12448	0.02314	0.04785	0.50681	0.13185	0.02229	0.00989	0.00313	0.00492	0.01988	0.00766	0.00770
15	0.01776	0.01857	0.03275	0.02558	0.02889	0.02190	0.25604	0.02160	0.01508	0.02197	0.01384	0.02058	0.01213	0.01539	0.07682	0.00406	0.37548	0.00820	0.00383	0.00954
16	0.01683	0.01442	0.01683	0.01202	0.01923	0.01082	0.00961	0.02043	0.01683	0.02644	0.01442	0.01683	0.01202	0.00601	0.00601	0.00120	0.00601	0.00481	0.00481	0.76444
17	0.01038	0.00767	0.00911	0.01003	0.01110	0.00708	0.00679	0.01175	0.01565	0.02007	0.05082	0.35401	0.21896	0.18170	0.01726	0.00420	0.00538	0.04476	0.00693	0.00632
18	0.02867	0.38523	0.03129	0.01415	0.02077	0.02254	0.01296	0.03152	0.01968	0.32744	0.02110	0.01994	0.01500	0.00841	0.00661	0.00210	0.00784	0.00615	0.00659	0.01202
19	0.01516	0.01088	0.01294	0.01200	0.01472	0.01084	0.00907	0.08900	0.08762	0.05916	0.31112	0.17815	0.12302	0.01709	0.00936	0.00272	0.00501	0.01487	0.00839	0.00887
20	0.01049	0.00800	0.00970	0.01026	0.01204	0.00721	0.00759	0.01296	0.01879	0.02451	0.21603	0.26088	0.27490	0.02114	0.00996	0.00295	0.00453	0.07314	0.00789	0.00704
21	0.01718	0.01631	0.02769	0.44383	0.29289	0.01852	0.02346	0.02236	0.01710	0.02298	0.01475	0.02103	0.01161	0.00777	0.00808	0.00259	0.01036	0.00722	0.00377	0.01051
22	0.02018	0.01743	0.01835	0.01651	0.02110	0.02018	0.01284	0.04312	0.64956	0.03394	0.03303	0.03027	0.02477	0.01101	0.00826	0.00275	0.00642	0.00917	0.00826	0.01284
23	0.01622	0.01498	0.02323	0.56955	0.04944	0.01843	0.02074	0.02488	0.13358	0.02318	0.01787	0.02323	0.01340	0.00865	0.00814	0.00271	0.01000	0.00757	0.00447	0.00972
24	0.01447	0.01602	0.07951	0.02462	0.16090	0.01330	0.14098	0.01857	0.01773	0.02375	0.03857	0.21522	0.17203	0.01504	0.00929	0.00280	0.00810	0.01405	0.00572	0.00936
25	0.01915	0.02189	0.04788	0.03420	0.04241	0.02052	0.63475	0.02599	0.01915	0.02599	0.01642	0.02189	0.01231	0.00684	0.00958	0.00274	0.01368	0.00958	0.00410	0.01094
26	0.02073	0.01435	0.01620	0.01342	0.01767	0.01463	0.01071	0.25744	0.02790	0.09262	0.23266	0.04560	0.17368	0.01423	0.00889	0.00254	0.00613	0.01179	0.00841	0.01039
27	0.01697	0.01152	0.01509	0.01446	0.01674	0.01252	0.01151	0.07179	0.05160	0.09378	0.03103	0.15102	0.03104	0.07221	0.15875	0.00563	0.07010	0.14880	0.00667	0.00874
28	0.02764	0.02439	0.02264	0.05419	0.13312	0.27346	0.01592	0.06959	0.02230	0.18262	0.02110	0.07954	0.01720	0.01014	0.00800	0.00240	0.01048	0.00806	0.00611	0.01110
29	0.01661	0.00993	0.01185	0.01073	0.01411	0.00886	0.00840	0.02030	0.04808	0.16907	0.19951	0.06139	0.32859	0.01698	0.00928	0.00269	0.00492	0.04140	0.00844	0.00887
30	0.01810	0.01370	0.01689	0.01504	0.01829	0.01557	0.01196	0.19856	0.08769	0.02983	0.02227	0.02810	0.01887	0.04072	0.41519	0.00887	0.01639	0.00834	0.00586	0.00974
31	0.06081	0.19068	0.02865	0.06920	0.21637	0.09904	0.01690	0.02637	0.07640	0.02491	0.01574	0.01853	0.01299	0.00770	0.00685	0.00214	0.00904	0.00612	0.03534	0.07623
32	0.25541	0.02345	0.02028	0.01789	0.02071	0.22181	0.01435	0.02477	0.01605	0.02486	0.01142	0.01539	0.01001	0.01037	0.01408	0.00279	0.27746	0.00569	0.00420	0.00901
33	0.31798	0.01599	0.01666	0.01353	0.01899	0.01685	0.01110	0.16055	0.02278	0.23561	0.07564	0.02312	0.01924	0.00957	0.00706	0.00250	0.00683	0.00708	0.00759	0.01133
34	0.01065	0.00835	0.01013	0.00992	0.01211	0.00783	0.00752	0.01348	0.01880	0.02478	0.26076	0.06230	0.32861	0.02795	0.15508	0.00490	0.00783	0.01449	0.00731	0.00720
35	0.05135	0.01390	0.01836	0.04872	0.10762	0.01254	0.03436	0.04178	0.01809	0.02672	0.08529	0.03156	0.08953	0.07046	0.01033	0.00247	0.00687	0.00838	0.00545	0.31621
36	0.07687	0.01548	0.01918	0.10328	0.05033	0.04463	0.01387	0.07692	0.05239	0.15790	0.02048	0.02366	0.01577	0.02033	0.15468	0.00474	0.05585	0.00732	0.00596	0.08036

[dist]
# distance from previous block
# <min> <max>
0	1

[block]
# block no. 1 follows, 23 sequences, length 53
# corresponding to MSA columns:
# 421-473
name=unknown_B
#
# <colnr> <probs for GDERKNQSTAVLIFYWHMCP>
#	G	D	E	R	K	N	Q	S	T	A	V	L	I	F	Y	W	H	M	C	P
0	0.01761	0.04436	0.06661	0.05190	0.02078	0.14012	0.01360	0.02077	0.01596	0.05277	0.01894	0.02660	0.01689	0.07319	0.34584	0.00799	0.04543	0.00767	0.00446	0.00850
1	0.01713	0.01516	0.02322	0.21297	0.14220	0.01580	0.04980	0.06758	0.01795	0.02520	0.01651	0.02220	0.01362	0.01803	0.14157	0.00436	0.01175	0.00712	0.00446	0.17339
2	0.13030	0.02577	0.02157	0.01798	0.02338	0.21368	0.01430	0.31016	0.10113	0.03810	0.01793	0.01847	0.01342	0.00919	0.00748	0.00238	0.00993	0.00652	0.00657	0.01174
3	0.01939	0.01892	0.02103	0.05050	0.20148	0.14697	0.01559	0.06943	0.05151	0.02507	0.02526	0.20014	0.02584	0.05178	0.01046	0.00296	0.00901	0.03919	0.00567	0.00982
4	0.01459	0.01074	0.01477	0.01771	0.14131	0.01007	0.01056	0.01735	0.01872	0.07398	0.20021	0.08636	0.19840	0.13256	0.01451	0.00350	0.00601	0.01327	0.00694	0.00844
5	0.01851	0.01358	0.01929	0.01861	0.07617	0.01401	0.05981	0.14310	0.02126	0.08118	0.06219	0.15128	0.05046	0.02603	0.17673	0.00532	0.01114	0.03499	0.00656	0.00978
6	0.02938	0.02476	0.09505	0.01809	0.02444	0.15029	0.01576	0.19571	0.10626	0.22267	0.02298	0.02203	0.01599	0.00949	0.00794	0.00244	0.00949	0.00724	0.00739	0.01260
7	0.01022	0.00797	0.00935	0.01018	0.01201	0.00711	0.00755	0.01236	0.01777	0.02238	0.09636	0.29039	0.35085	0.02219	0.01004	0.00304	0.00470	0.09105	0.00760	0.00688
8	0.01585	0.01524	0.01528	0.10407	0.05000	0.14509	0.01148	0.01765	0.01626	0.01944	0.02791	0.22259	0.05358	0.15743	0.05087	0.04266	0.00932	0.01265	0.00530	0.00732
9	0.01861	0.01966	0.07197	0.08056	0.18625	0.09832	0.01763	0.07324	0.01835	0.02429	0.01810	0.05089	0.01630	0.05151	0.17563	0.00534	0.05080	0.00807	0.00454	0.00996
10	0.01362	0.01076	0.01158	0.01087	0.01387	0.01036	0.00824	0.11498	0.04616	0.02749	0.09329	0.17146	0.39901	0.01903	0.00943	0.00277	0.00507	0.01608	0.00773	0.00822
11	0.01469	0.01034	0.01225	0.01162	0.01357	0.01065	0.00843	0.11900	0.01877	0.02541	0.06382	0.17495	0.11315	0.15600	0.10852	0.06333	0.00835	0.01309	0.04659	0.00749
12	0.01982	0.04741	0.02634	0.17506	0.28726	0.06716	0.01983	0.08195	0.01952	0.02564	0.01748	0.02636	0.01533	0.01079	0.01010	0.06481	0.00975	0.06028	0.00458	0.01053
13	0.02208	0.01798	0.02225	0.08755	0.19621	0.08770	0.01642	0.05926	0.12733	0.12260	0.02540	0.13422	0.02217	0.01157	0.00840	0.00262	0.00850	0.01005	0.00639	0.01130
14	0.13001	0.18963	0.43346	0.01921	0.02903	0.02172	0.02323	0.02511	0.01649	0.02581	0.01334	0.01562	0.01009	0.00751	0.00675	0.00237	0.01040	0.00539	0.00367	0.01116
15	0.62292	0.01640	0.01609	0.01844	0.14438	0.01842	0.01199	0.02406	0.01474	0.03444	0.01209	0.01455	0.00959	0.00747	0.00562	0.00249	0.00694	0.00496	0.00482	0.00959
16	0.01094	0.00867	0.00991	0.01013	0.01216	0.00814	0.00734	0.01463	0.06606	0.02355	0.14328	0.21713	0.32417	0.05792	0.04522	0.00363	0.00547	0.01688	0.00749	0.00728
17	0.01521	0.01805	0.14844	0.20693	0.11451	0.01426	0.01807	0.01961	0.01618	0.04370	0.02439	0.13097	0.04802	0.13048	0.01403	0.00359	0.00907	0.01056	0.00481	0.00913
18	0.28347	0.01828	0.01894	0.07065	0.02359	0.02050	0.01314	0.25877	0.09484	0.09465	0.01884	0.01939	0.01359	0.00902	0.00707	0.00252	0.00772	0.00658	0.00687	0.01158
19	0.01040	0.00759	0.00977	0.01131	0.01229	0.00709	0.00806	0.01219	0.01627	0.02122	0.04894	0.50302	0.13663	0.05178	0.01161	0.00347	0.00516	0.10910	0.00742	0.00669
20	0.01178	0.00857	0.01285	0.01285	0.01419	0.00991	0.00991	0.01419	0.01285	0.01847	0.02115	0.03133	0.01981	0.05836	0.63289	0.07047	0.02061	0.00857	0.00428	0.00696
21	0.01641	0.01698	0.06156	0.51791	0.18741	0.01835	0.02346	0.02191	0.01677	0.02226	0.01461	0.02105	0.01123	0.00790	0.00807	0.00263	0.01062	0.00715	0.00369	0.01001
22	0.77215	0.01569	0.01193	0.01067	0.01569	0.01820	0.00879	0.02385	0.01381	0.03641	0.01130	0.01318	0.00879	0.00753	0.00502	0.00251	0.00628	0.00439	0.00502	0.00879
23	0.14192	0.00976	0.01060	0.01063	0.01284	0.00994	0.00784	0.04880	0.01838	0.02896	0.16531	0.28326	0.07688	0.01705	0.00843	0.00272	0.00485	0.01466	0.11942	0.00773
24	0.14902	0.01616	0.01670	0.01480	0.01855	0.09108	0.03955	0.05672	0.11275	0.11225	0.06269	0.15683	0.02635	0.01431	0.01013	0.06785	0.00744	0.01052	0.00676	0.00953
25	0.16472	0.01485	0.01634	0.01320	0.01832	0.01520	0.01077	0.17219	0.02362	0.26604	0.02405	0.02366	0.01671	0.00938	0.00702	0.00235	0.00657	0.00714	0.17637	0.01149
26	0.02599	0.02139	0.02814	0.02156	0.02801	0.02307	0.14898	0.37538	0.16724	0.04195	0.02177	0.02235	0.01587	0.00939	0.00846	0.00257	0.00941	0.00820	0.00728	0.01297
27	0.01522	0.00892	0.01200	0.01209	0.01419	0.00825	0.00923	0.01805	0.01960	0.13018	0.23131	0.29444	0.05407	0.01970	0.00990	0.00301	0.00526	0.11796	0.00836	0.00824
28	0.01342	0.00842	0.01041	0.01010	0.01217	0.00783	0.00748	0.01639	0.01945	0.07632	0.28457	0.14885	0.14694	0.04108	0.04589	0.00331	0.00531	0.01431	0.12001	0.00773
29	0.02179	0.01247	0.01492	0.01325	0.01742	0.01214	0.01052	0.02957	0.17879	0.24759	0.04642	0.09717	0.18259	0.01506	0.00896	0.00279	0.00598	0.06321	0.00857	0.01078
30	0.02921	0.02091	0.02269	0.01788	0.02398	0.02304	0.01461	0.46812	0.15819	0.10070	0.02324	0.02232	0.01651	0.01002	0.00815	0.00250	0.00826	0.00775	0.00831	0.01361
31	0.49477	0.01575	0.01500	0.01245	0.01796	0.01697	0.01027	0.08092	0.01863	0.22183	0.01802	0.01792	0.01250	0.00845	0.00620	0.00250	0.00669	0.00574	0.00675	0.01068
32	0.01812	0.01127	0.01337	0.01158	0.01479	0.01083	0.00884	0.11064	0.02283	0.13542	0.25834	0.05151	0.16782	0.11230	0.01354	0.00330	0.00571	0.01260	0.00816	0.00904
33	0.30699	0.02011	0.01972	0.01569	0.02164	0.02257	0.01295	0.40870	0.02908	0.04565	0.01643	0.01713	0.01193	0.00892	0.00696	0.00246	0.00794	0.00622	0.00696	0.01193
34	0.01482	0.00917	0.01340	0.01270	0.01270	0.01058	0.00917	0.01235	0.01094	0.01517	0.01341	0.02329	0.01341	0.02541	0.03070	0.61304	0.14454	0.00706	0.00353	0.00459
35	0.26573	0.01049	0.01011	0.00978	0.01193	0.01111	0.00685	0.01617	0.01457	0.02546	0.09809	0.10152	0.07832	0.28478	0.02040	0.00468	0.00631	0.01107	0.00584	0.00682
36	0.01452	0.00952	0.01114	0.01059	0.01344	0.00868	0.00797	0.01853	0.06773	0.11457	0.16908	0.17046	0.31600	0.01847	0.00941	0.00277	0.00472	0.01583	0.00819	0.00838
37	0.01177	0.00790	0.00902	0.00897	0.00913	0.00785	0.00515	0.01210	0.01276	0.01717	0.07988	0.05374	0.03353	0.65505	0.03858	0.00741	0.00752	0.01205	0.00526	0.00515
38	0.01521	0.01417	0.02379	0.66203	0.05397	0.01760	0.02207	0.02054	0.01635	0.02091	0.01582	0.02505	0.01257	0.00881	0.00826	0.00275	0.01065	0.03669	0.00379	0.00894
39	0.01263	0.00902	0.01175	0.01147	0.01253	0.00988	0.00810	0.04378	0.01372	0.01905	0.02331	0.04061	0.02402	0.34625	0.36731	0.01024	0.01500	0.00999	0.00478	0.00654
40	0.01291	0.00972	0.01105	0.01106	0.01296	0.00960	0.00783	0.06543	0.07359	0.02367	0.04824	0.27813	0.21946	0.12542	0.01542	0.03903	0.00561	0.01637	0.00706	0.00741
41	0.01169	0.00831	0.01110	0.01110	0.01188	0.00909	0.00772	0.01325	0.01247	0.01740	0.02351	0.04170	0.02455	0.36344	0.38593	0.01065	0.01532	0.01013	0.00461	0.00617
42	0.02123	0.66169	0.09648	0.01468	0.02205	0.03097	0.01526	0.02442	0.01654	0.01966	0.01156	0.01337	0.01040	0.00701	0.00542	0.00181	0.00896	0.00448	0.00347	0.01055
43	0.01980	0.01703	0.05507	0.08315	0.20866	0.01674	0.01674	0.07346	0.14411	0.07704	0.02330	0.03153	0.01995	0.13695	0.01422	0.00356	0.00855	0.03329	0.00588	0.01097
44	0.07019	0.00903	0.01028	0.01067	0.01270	0.00863	0.00766	0.01570	0.04888	0.05800	0.08428	0.34868	0.21815	0.04586	0.01060	0.00314	0.00493	0.01760	0.00749	0.00753
45	0.12828	0.02113	0.02164	0.24998	0.03385	0.15090	0.01660	0.14568	0.05436	0.07732	0.01685	0.01954	0.01244	0.00869	0.00754	0.00249	0.01006	0.00661	0.00551	0.01054
46	0.01571	0.01460	0.02140	0.05138	0.02211	0.04961	0.09338	0.01896	0.01466	0.02107	0.01756	0.02516	0.01567	0.03132	0.28882	0.00707	0.20638	0.00802	0.06873	0.00840
47	0.01828	0.01535	0.01805	0.09109	0.05154	0.08349	0.01326	0.09288	0.01811	0.05594	0.02080	0.06450	0.01932	0.11637	0.22535	0.00658	0.06617	0.00895	0.00515	0.00883
48	0.01683	0.06924	0.06778	0.02039	0.12868	0.01470	0.04685	0.02320	0.10366	0.07027	0.11167	0.12653	0.13943	0.01373	0.00867	0.00263	0.00703	0.01205	0.00658	0.01008
49	0.01381	0.01637	0.12413	0.01327	0.01655	0.04257	0.01163	0.01821	0.06461	0.02237	0.10011	0.09582	0.13694	0.23128	0.01978	0.00433	0.04237	0.01211	0.00587	0.00787
50	0.07117	0.01593	0.06645	0.05677	0.05522	0.01544	0.01326	0.14912	0.02071	0.02957	0.10557	0.03738	0.05216	0.15644	0.04906	0.00424	0.04905	0.03728	0.00600	0.00919
51	0.06465	0.05144	0.10972	0.02657	0.18546	0.07721	0.07420	0.12764	0.02177	0.02993	0.05542	0.07584	0.04451	0.01022	0.00811	0.00250	0.00948	0.00885	0.00537	0.01108
52	0.02006	0.15998	0.02404	0.01988	0.12595	0.10777	0.01329	0.08814	0.01881	0.02373	0.01828	0.05178	0.01786	0.18101	0.03617	0.00382	0.00952	0.00794	0.00480	0.06715

[dist]
# distance from previous block
# <min> <max>
1	105

[block]
# block no. 2 follows, 23 sequences, length 37
# corresponding to MSA columns:
# 708-744
name=unknown_C
#
# <colnr> <probs for GDERKNQSTAVLIFYWHMCP>
#	G	D	E	R	K	N	Q	S	T	A	V	L	I	F	Y	W	H	M	C	P
0	0.01557	0.01340	0.01417	0.01332	0.01656	0.06255	0.01023	0.02112	0.11266	0.02406	0.03196	0.13692	0.05617	0.11765	0.01351	0.00339	0.00708	0.14460	0.00637	0.17869
1	0.05588	0.01719	0.02087	0.06751	0.16510	0.06845	0.01504	0.11166	0.07137	0.10155	0.02472	0.06893	0.04690	0.07114	0.05472	0.00366	0.00939	0.00908	0.00612	0.01073
2	0.02035	0.07392	0.06231	0.01575	0.02020	0.04780	0.01348	0.13895	0.11862	0.07275	0.11171	0.02923	0.02540	0.02187	0.15629	0.00481	0.04095	0.00857	0.00650	0.01055
3	0.02337	0.02653	0.02117	0.02273	0.12347	0.37544	0.01514	0.02621	0.01962	0.02153	0.01610	0.02052	0.01381	0.01974	0.15491	0.00452	0.01452	0.00649	0.06484	0.00934
4	0.01535	0.01064	0.01272	0.01256	0.01508	0.01043	0.00961	0.11705	0.02083	0.06596	0.04773	0.32651	0.17677	0.02040	0.00981	0.00305	0.00581	0.10352	0.00777	0.00840
5	0.01363	0.00940	0.01072	0.01013	0.01303	0.00849	0.00767	0.01761	0.06456	0.09427	0.19082	0.11524	0.37757	0.01830	0.00940	0.00272	0.00456	0.01556	0.00815	0.00817
6	0.02501	0.01787	0.02059	0.19620	0.03050	0.09240	0.01539	0.07214	0.15886	0.21492	0.02512	0.05564	0.01867	0.01023	0.00817	0.00260	0.00875	0.00842	0.00704	0.01150
7	0.17890	0.02010	0.02048	0.01656	0.02232	0.02263	0.01349	0.37866	0.17115	0.04427	0.02088	0.02064	0.01526	0.00958	0.00752	0.00252	0.00783	0.00714	0.00752	0.01257
8	0.05333	0.01356	0.01473	0.01247	0.01673	0.01359	0.00991	0.20404	0.02455	0.12343	0.04659	0.08520	0.26101	0.01469	0.00849	0.00257	0.00605	0.01197	0.06705	0.01004
9	0.01316	0.00974	0.01121	0.01084	0.01341	0.00928	0.00809	0.03988	0.08599	0.05475	0.20609	0.19090	0.27858	0.01871	0.00948	0.00279	0.00470	0.01614	0.00808	0.00818
10	0.03283	0.01954	0.02238	0.01716	0.02358	0.02044	0.01417	0.42387	0.03282	0.27196	0.02395	0.02239	0.01604	0.00985	0.00813	0.00246	0.00821	0.00761	0.00880	0.01380
11	0.12429	0.02149	0.02238	0.01751	0.02370	0.02396	0.01441	0.52061	0.07486	0.04815	0.01932	0.01938	0.01388	0.00954	0.00773	0.00247	0.00843	0.00706	0.00773	0.01310
12	0.01162	0.00870	0.01000	0.01014	0.01181	0.00818	0.00708	0.05003	0.01807	0.02344	0.12634	0.25762	0.24822	0.15273	0.01575	0.00384	0.00526	0.01701	0.00724	0.00692
13	0.01010	0.00800	0.00901	0.00958	0.01153	0.00705	0.00701	0.01210	0.01768	0.02199	0.09387	0.23350	0.41180	0.05303	0.01132	0.00317	0.00465	0.06036	0.00748	0.00678
14	0.08491	0.01935	0.02047	0.01685	0.02240	0.02164	0.01358	0.29790	0.29483	0.08295	0.02540	0.02410	0.01847	0.01013	0.00794	0.00258	0.00752	0.00793	0.00806	0.01300
15	0.02214	0.01680	0.01839	0.01591	0.02055	0.01866	0.01252	0.14853	0.39937	0.08639	0.09320	0.05872	0.02870	0.01184	0.00844	0.00268	0.00660	0.00986	0.00841	0.01233
16	0.02149	0.01229	0.01480	0.01274	0.01614	0.01215	0.00971	0.14841	0.02297	0.18432	0.14729	0.13796	0.03581	0.11875	0.01352	0.00338	0.00635	0.01193	0.06017	0.00982
17	0.01038	0.00786	0.00920	0.00981	0.01129	0.00712	0.00688	0.01220	0.01707	0.02192	0.12600	0.27322	0.28048	0.12567	0.01465	0.00371	0.00498	0.04367	0.00730	0.00660
18	0.01189	0.00937	0.01355	0.01304	0.01492	0.00898	0.05712	0.01605	0.06055	0.02639	0.26994	0.36991	0.05700	0.01973	0.00986	0.00294	0.00520	0.01798	0.00783	0.00774
19	0.01775	0.01775	0.02485	0.02130	0.02130	0.02485	0.01775	0.01953	0.01243	0.01953	0.01065	0.01775	0.01065	0.01420	0.02663	0.00355	0.69998	0.00710	0.00355	0.00888
20	0.01683	0.01442	0.01683	0.01202	0.01923	0.01082	0.00961	0.02043	0.01683	0.02644	0.01442	0.01683	0.01202	0.00601	0.00601	0.00120	0.00601	0.00481	0.00481	0.76444
21	0.01449	0.00853	0.01057	0.01068	0.01240	0.00777	0.00740	0.01598	0.01649	0.12339	0.04546	0.33715	0.15659	0.17480	0.01672	0.00408	0.00565	0.01708	0.00735	0.00742
22	0.01409	0.00705	0.01057	0.01057	0.01057	0.00705	0.00705	0.01057	0.01057	0.01409	0.01409	0.02467	0.01409	0.02819	0.03171	0.76392	0.00705	0.00705	0.00352	0.00352
23	0.01702	0.01809	0.01396	0.01420	0.01610	0.23931	0.01006	0.01862	0.01810	0.02019	0.03541	0.37689	0.08595	0.06403	0.01126	0.00313	0.00828	0.01571	0.00621	0.00747
24	0.02135	0.01054	0.01330	0.01143	0.01537	0.00914	0.00898	0.02417	0.02118	0.29894	0.16914	0.09170	0.24017	0.01563	0.00903	0.00264	0.00528	0.01321	0.00887	0.00994
25	0.01903	0.01820	0.03103	0.19283	0.52943	0.01900	0.02438	0.02398	0.01798	0.02523	0.01508	0.02043	0.01240	0.00743	0.00805	0.00248	0.00990	0.00723	0.00393	0.01200
26	0.01822	0.01345	0.01534	0.01443	0.01762	0.01449	0.01085	0.10368	0.26244	0.07258	0.03623	0.31712	0.03536	0.01690	0.00912	0.00293	0.00604	0.01477	0.00805	0.01037
27	0.02390	0.01991	0.02499	0.26655	0.17497	0.12371	0.01943	0.07645	0.02085	0.14421	0.01796	0.02111	0.01316	0.00845	0.00798	0.00248	0.01029	0.00708	0.00534	0.01119
28	0.01042	0.00806	0.00964	0.01068	0.01246	0.00728	0.00807	0.01260	0.01752	0.02200	0.06118	0.29730	0.32476	0.02261	0.01019	0.00314	0.00502	0.14267	0.00752	0.00689
29	0.01651	0.04036	0.62264	0.02402	0.03570	0.01898	0.07852	0.02572	0.01729	0.02572	0.01471	0.01751	0.01044	0.00764	0.00786	0.00258	0.01213	0.00628	0.00348	0.01191
30	0.04066	0.00841	0.01023	0.01142	0.01288	0.00833	0.00854	0.01557	0.04172	0.02435	0.04102	0.37704	0.07083	0.02044	0.00937	0.00306	0.00521	0.14013	0.14349	0.00729
31	0.01915	0.02253	0.09158	0.02945	0.03717	0.02031	0.45028	0.02971	0.15677	0.02771	0.01990	0.02334	0.01487	0.00782	0.00914	0.00273	0.01196	0.00920	0.00496	0.01144
32	0.02487	0.01812	0.01950	0.01576	0.02112	0.01949	0.01276	0.36611	0.13040	0.08297	0.03618	0.03455	0.15740	0.01233	0.00846	0.00256	0.00734	0.00981	0.00814	0.01213
33	0.04921	0.01894	0.01753	0.06277	0.02143	0.16011	0.01225	0.12521	0.04938	0.07329	0.05551	0.09583	0.07362	0.06115	0.05498	0.00352	0.00959	0.00981	0.00631	0.03956
34	0.01843	0.06538	0.13960	0.07333	0.05959	0.07678	0.18120	0.06939	0.01940	0.02538	0.02166	0.16990	0.02075	0.01152	0.00867	0.00267	0.01045	0.01075	0.00497	0.01016
35	0.02617	0.02250	0.02042	0.01757	0.02260	0.16469	0.01378	0.13871	0.33372	0.11254	0.02618	0.02474	0.01924	0.01010	0.00802	0.00253	0.00869	0.00788	0.00756	0.01237
36	0.06955	0.01524	0.02501	0.13041	0.29107	0.01615	0.05934	0.02109	0.01655	0.02430	0.01875	0.05552	0.01699	0.02048	0.15562	0.00490	0.01219	0.03231	0.00440	0.01016

[dist]
# distance from previous block
# <min> <max>
0	176

[block]
# block no. 3 follows, 23 sequences, length 9
# corresponding to MSA columns:
# 922-930
name=unknown_D
#
# <colnr> <probs for GDERKNQSTAVLIFYWHMCP>
#	G	D	E	R	K	N	Q	S	T	A	V	L	I	F	Y	W	H	M	C	P
0	0.01367	0.01595	0.11619	0.11766	0.06596	0.01282	0.01485	0.02001	0.09225	0.02436	0.06931	0.17991	0.17587	0.01559	0.00902	0.00282	0.00717	0.03126	0.00623	0.00907
1	0.02596	0.14817	0.02798	0.06749	0.15218	0.02205	0.01662	0.24481	0.02589	0.12979	0.04730	0.02160	0.01653	0.00897	0.00763	0.00234	0.00862	0.00719	0.00647	0.01240
2	0.52871	0.01596	0.01388	0.01225	0.01707	0.01827	0.00990	0.06959	0.13097	0.03671	0.06341	0.02019	0.01700	0.00898	0.00616	0.00255	0.00631	0.00622	0.00611	0.00979
3	0.01277	0.00743	0.01000	0.00995	0.01078	0.00704	0.00687	0.01118	0.01345	0.01738	0.07705	0.04073	0.18222	0.02543	0.02455	0.51737	0.00608	0.01014	0.00492	0.00466
4	0.01494	0.01246	0.01726	0.08282	0.09931	0.01274	0.01250	0.01983	0.07174	0.02251	0.02023	0.02918	0.01843	0.13032	0.23109	0.00646	0.01233	0.00803	0.00477	0.17305
5	0.01839	0.01935	0.03001	0.04532	0.02944	0.08975	0.28357	0.06711	0.02061	0.02618	0.07529	0.03574	0.15924	0.01138	0.01015	0.00268	0.04994	0.01073	0.00545	0.00967
6	0.01446	0.01079	0.01473	0.01388	0.01608	0.01238	0.01093	0.10738	0.01679	0.02366	0.02140	0.03003	0.01932	0.05323	0.58204	0.01146	0.01982	0.00849	0.00491	0.00822
7	0.13409	0.01860	0.02566	0.17621	0.26599	0.02040	0.01947	0.18584	0.02250	0.03325	0.01560	0.01923	0.01205	0.00813	0.00762	0.00250	0.00921	0.00682	0.00516	0.01166
8	0.22509	0.02717	0.01953	0.01705	0.02194	0.33248	0.01328	0.09342	0.05585	0.09866	0.01614	0.01700	0.01217	0.00861	0.00694	0.00232	0.01058	0.00575	0.00566	0.01036

[dist]
# distance from previous block
# <min> <max>
0	4

[block]
# block no. 4 follows, 23 sequences, length 8
# corresponding to MSA columns:
# 935-942
name=unknown_E
#
# <colnr> <probs for GDERKNQSTAVLIFYWHMCP>
#	G	D	E	R	K	N	Q	S	T	A	V	L	I	F	Y	W	H	M	C	P
0	0.01911	0.01118	0.01413	0.01244	0.01578	0.01089	0.00952	0.02349	0.10331	0.17044	0.03195	0.03545	0.10489	0.06333	0.13733	0.13630	0.00918	0.00931	0.00655	0.07545
1	0.01631	0.00981	0.01241	0.01221	0.01428	0.00968	0.00904	0.02000	0.07071	0.13082	0.03642	0.20074	0.06390	0.19201	0.07489	0.00510	0.00782	0.09861	0.00710	0.00813
2	0.01985	0.08754	0.15454	0.02809	0.13599	0.09492	0.13341	0.02462	0.01708	0.02305	0.01348	0.01802	0.01121	0.00918	0.01280	0.00270	0.19214	0.00692	0.00377	0.01071
3	0.01343	0.00790	0.00960	0.00960	0.01087	0.00831	0.00692	0.01567	0.01440	0.02302	0.02394	0.03443	0.02169	0.15447	0.20696	0.06886	0.00990	0.00862	0.34476	0.00666
4	0.01075	0.00771	0.00946	0.01031	0.01173	0.00708	0.00740	0.01308	0.01786	0.02421	0.16619	0.36088	0.18435	0.02117	0.00968	0.00294	0.00448	0.05021	0.07355	0.00698
5	0.01352	0.01166	0.01400	0.01548	0.07089	0.04833	0.01040	0.01763	0.06974	0.02142	0.03649	0.13848	0.14378	0.09439	0.24893	0.00683	0.01200	0.01233	0.00575	0.00796
6	0.02370	0.10196	0.02437	0.09194	0.02595	0.08731	0.01525	0.26139	0.08059	0.03377	0.05310	0.02235	0.01732	0.01326	0.05299	0.00316	0.06686	0.00739	0.00613	0.01120
7	0.01374	0.01151	0.01237	0.01178	0.01490	0.01182	0.00892	0.02362	0.25029	0.02757	0.13385	0.11401	0.30021	0.01698	0.00917	0.00277	0.00498	0.01442	0.00798	0.00913

[dist]
# distance from previous block
# <min> <max>
0	1

[block]
# block no. 5 follows, 23 sequences, length 39
# corresponding to MSA columns:
# 944-982
name=unknown_F
#
# <colnr> <probs for GDERKNQSTAVLIFYWHMCP>
#	G	D	E	R	K	N	Q	S	T	A	V	L	I	F	Y	W	H	M	C	P
0	0.01457	0.00987	0.01363	0.05797	0.01686	0.01091	0.01005	0.01822	0.05383	0.07525	0.02375	0.03579	0.02212	0.20585	0.38410	0.00956	0.01546	0.00932	0.00517	0.00772
1	0.01857	0.01801	0.03199	0.18953	0.23999	0.01857	0.18704	0.06809	0.01959	0.02646	0.02098	0.02745	0.05368	0.00897	0.00870	0.00264	0.01052	0.03367	0.00461	0.01092
2	0.02110	0.06574	0.06595	0.13077	0.28187	0.09849	0.05855	0.02700	0.06085	0.05618	0.01656	0.02007	0.01305	0.00782	0.00779	0.00238	0.01023	0.00695	0.00452	0.04414
3	0.17244	0.06253	0.27796	0.02027	0.02775	0.16998	0.05887	0.02635	0.01754	0.02581	0.01313	0.01593	0.01018	0.00821	0.00848	0.00250	0.06198	0.00573	0.00397	0.01040
4	0.63137	0.01636	0.01586	0.01800	0.13709	0.01840	0.01180	0.02405	0.01468	0.03455	0.01204	0.01447	0.00955	0.00748	0.00559	0.00249	0.00691	0.00492	0.00483	0.00955
5	0.01182	0.00812	0.00985	0.01040	0.01227	0.00731	0.00747	0.01371	0.01714	0.06881	0.05745	0.36362	0.29340	0.02452	0.05134	0.00362	0.00568	0.01869	0.00752	0.00727
6	0.01879	0.01386	0.01936	0.16164	0.08717	0.01471	0.01453	0.05642	0.01786	0.09466	0.02080	0.03070	0.01814	0.09862	0.01379	0.00316	0.07489	0.05185	0.06595	0.12308
7	0.35518	0.01630	0.01686	0.01359	0.01936	0.01713	0.01122	0.14459	0.02193	0.27868	0.02066	0.01982	0.01400	0.00890	0.00679	0.00250	0.00701	0.00636	0.00750	0.01162
8	0.01321	0.00955	0.01131	0.01160	0.01293	0.00961	0.00794	0.08706	0.03994	0.02362	0.03836	0.40916	0.07149	0.19437	0.01768	0.00428	0.00603	0.01760	0.00698	0.00727
9	0.01165	0.00846	0.01188	0.01188	0.01293	0.00951	0.00870	0.01375	0.01270	0.01798	0.02280	0.03775	0.02284	0.24187	0.50515	0.01161	0.01790	0.00955	0.00450	0.00660
10	0.02275	0.01881	0.02811	0.13887	0.35869	0.01990	0.02105	0.15756	0.05343	0.07425	0.01802	0.02119	0.01381	0.00828	0.00808	0.00248	0.00933	0.00740	0.00544	0.01253
11	0.77215	0.01569	0.01193	0.01067	0.01569	0.01820	0.00879	0.02385	0.01381	0.03641	0.01130	0.01318	0.00879	0.00753	0.00502	0.00251	0.00628	0.00439	0.00502	0.00879
12	0.01158	0.00761	0.00978	0.01029	0.01074	0.00757	0.00671	0.01173	0.01309	0.01747	0.03130	0.22387	0.06781	0.28137	0.10328	0.15277	0.00824	0.01387	0.00544	0.00548
13	0.06756	0.01864	0.14139	0.01474	0.01966	0.01460	0.01354	0.15850	0.02081	0.02968	0.05060	0.13772	0.07562	0.11025	0.05097	0.00390	0.00855	0.01094	0.00609	0.04624
14	0.02183	0.01261	0.01559	0.01267	0.01759	0.01128	0.01006	0.02766	0.09971	0.23944	0.19812	0.03717	0.07024	0.01159	0.00815	0.00227	0.00567	0.00978	0.00821	0.18036
15	0.03045	0.02367	0.02245	0.01813	0.02392	0.14907	0.01458	0.34976	0.10367	0.14848	0.02185	0.02119	0.01550	0.00967	0.00799	0.00242	0.00939	0.00727	0.00770	0.01284
16	0.05815	0.00804	0.00966	0.01091	0.01211	0.00769	0.00768	0.01265	0.01589	0.02183	0.04694	0.46530	0.14366	0.07397	0.01225	0.00353	0.00518	0.07066	0.00718	0.00672
17	0.01577	0.01159	0.01375	0.01328	0.01583	0.01194	0.01022	0.14205	0.06790	0.02920	0.09588	0.25900	0.10438	0.01959	0.01104	0.04993	0.00612	0.10639	0.00757	0.00858
18	0.16339	0.01243	0.01378	0.01308	0.01616	0.01300	0.01000	0.13581	0.02037	0.08567	0.03226	0.34682	0.03409	0.01747	0.00876	0.00294	0.00617	0.05134	0.00737	0.00906
19	0.01418	0.01033	0.01210	0.01116	0.01405	0.01007	0.00852	0.02111	0.13917	0.06948	0.36153	0.05720	0.20735	0.01612	0.00924	0.00263	0.00457	0.01385	0.00853	0.00881
20	0.01854	0.01490	0.01694	0.01283	0.01884	0.01308	0.01020	0.14440	0.02155	0.03119	0.07423	0.02656	0.05937	0.04145	0.00860	0.00197	0.00639	0.00724	0.00600	0.46572
21	0.01667	0.01631	0.02427	0.02066	0.02154	0.02170	0.06165	0.01903	0.01304	0.01987	0.01321	0.02078	0.01263	0.02266	0.15192	0.00532	0.51870	0.00759	0.00374	0.00871
22	0.01880	0.01422	0.01771	0.01531	0.01821	0.01629	0.01230	0.14141	0.07198	0.07281	0.14455	0.03494	0.07504	0.02271	0.14238	0.00478	0.15021	0.00984	0.00671	0.00980
23	0.16694	0.01382	0.01509	0.01335	0.01768	0.01451	0.01047	0.03109	0.21586	0.19350	0.06860	0.11403	0.06620	0.01276	0.00802	0.00270	0.00602	0.01050	0.00799	0.01088
24	0.01050	0.00814	0.00953	0.01011	0.01203	0.00731	0.00758	0.01279	0.01816	0.02305	0.13758	0.20509	0.34603	0.05353	0.01145	0.00321	0.00486	0.10458	0.00758	0.00690
25	0.01579	0.01625	0.03292	0.02492	0.03034	0.01521	0.38631	0.02095	0.01915	0.02618	0.14629	0.16913	0.03311	0.01250	0.00973	0.00281	0.00996	0.01330	0.00573	0.00942
26	0.01064	0.00801	0.00944	0.01026	0.01172	0.00737	0.00741	0.01240	0.01645	0.02081	0.05498	0.25005	0.27686	0.15216	0.01600	0.00401	0.00552	0.11237	0.00703	0.00652
27	0.01297	0.00892	0.01106	0.01075	0.01267	0.00900	0.00816	0.01783	0.06567	0.02889	0.33121	0.05053	0.05004	0.06418	0.09491	0.00416	0.00674	0.05172	0.15281	0.00779
28	0.01164	0.00937	0.01055	0.01061	0.01293	0.00899	0.00780	0.01707	0.11575	0.02540	0.16990	0.22191	0.30892	0.01956	0.00957	0.00284	0.00456	0.01691	0.00790	0.00786
29	0.01159	0.00869	0.01304	0.01304	0.01449	0.01014	0.01014	0.01449	0.01304	0.01884	0.02173	0.03188	0.02029	0.06086	0.68268	0.01304	0.02173	0.00869	0.00435	0.00724
30	0.01828	0.29217	0.44011	0.01971	0.02984	0.02374	0.02404	0.02518	0.01689	0.02326	0.01335	0.01561	0.01033	0.00743	0.00679	0.00226	0.01077	0.00538	0.00344	0.01141
31	0.01825	0.01954	0.13068	0.05408	0.12209	0.01651	0.01674	0.14654	0.06054	0.02939	0.02681	0.03093	0.09086	0.05803	0.11266	0.00443	0.01064	0.00880	0.03197	0.01053
32	0.01018	0.00725	0.00963	0.01143	0.01198	0.00683	0.00779	0.01169	0.01558	0.02073	0.04375	0.63894	0.05212	0.05599	0.01179	0.00353	0.00503	0.06175	0.00741	0.00657
33	0.02465	0.01866	0.02500	0.13277	0.19421	0.02019	0.01819	0.22007	0.12087	0.11077	0.02114	0.02258	0.01550	0.00906	0.00812	0.00253	0.00879	0.00766	0.00659	0.01265
34	0.07567	0.02444	0.15132	0.02609	0.14015	0.08615	0.09971	0.05273	0.06839	0.04970	0.01712	0.02062	0.01348	0.01327	0.07001	0.00353	0.06464	0.00720	0.00472	0.01105
35	0.01585	0.01338	0.02020	0.21754	0.07461	0.01542	0.04282	0.05749	0.01757	0.02481	0.07345	0.08664	0.02309	0.04803	0.06387	0.00375	0.09419	0.00967	0.08877	0.00885
36	0.02059	0.15205	0.02523	0.02228	0.16545	0.05134	0.01472	0.09323	0.01930	0.06780	0.02344	0.02822	0.07772	0.07699	0.05102	0.03533	0.05188	0.00809	0.00519	0.01014
37	0.01731	0.01414	0.01497	0.01477	0.04289	0.07438	0.01044	0.09419	0.11022	0.02582	0.07461	0.13927	0.11422	0.01851	0.01441	0.18663	0.00702	0.01159	0.00637	0.00825
38	0.01985	0.01934	0.06365	0.01901	0.04638	0.09125	0.13469	0.07161	0.02011	0.06674	0.02680	0.02997	0.09872	0.04959	0.00978	0.00256	0.00894	0.00864	0.08198	0.13039

[dist]
# distance from previous block
# <min> <max>
4	20

[block]
# block no. 6 follows, 23 sequences, length 46
# corresponding to MSA columns:
# 1008-1033,1048-1067
name=unknown_G
#
# <colnr> <probs for GDERKNQSTAVLIFYWHMCP>
#	G	D	E	R	K	N	Q	S	T	A	V	L	I	F	Y	W	H	M	C	P
0	0.06381	0.01571	0.01729	0.06435	0.05012	0.07123	0.01244	0.08247	0.12338	0.02813	0.11028	0.06747	0.02749	0.07567	0.09558	0.00431	0.03872	0.00956	0.00615	0.03583
1	0.06069	0.00993	0.01347	0.01257	0.01497	0.00939	0.05107	0.01727	0.01739	0.09842	0.11124	0.25686	0.11290	0.12349	0.01426	0.00368	0.00615	0.05125	0.00720	0.00782
2	0.02410	0.07457	0.09655	0.06895	0.05881	0.18921	0.10503	0.09724	0.02140	0.08668	0.01659	0.01951	0.01273	0.01167	0.04976	0.00307	0.04136	0.00690	0.00498	0.01087
3	0.06833	0.01980	0.02402	0.02768	0.24274	0.07776	0.01694	0.19748	0.02344	0.03256	0.01819	0.06120	0.01563	0.01327	0.06082	0.00318	0.01003	0.00777	0.00556	0.07357
4	0.01511	0.00941	0.01173	0.01133	0.01357	0.00900	0.00835	0.01864	0.05748	0.11683	0.14670	0.18721	0.14273	0.11957	0.06933	0.00439	0.00683	0.03615	0.00754	0.00810
5	0.01652	0.01494	0.02161	0.11913	0.13394	0.06017	0.08019	0.05203	0.01784	0.02371	0.02459	0.21903	0.02500	0.01778	0.05657	0.04930	0.00956	0.01198	0.03716	0.00895
6	0.01534	0.01278	0.01497	0.01143	0.01704	0.01013	0.00883	0.01834	0.01606	0.02427	0.02103	0.02664	0.05990	0.09900	0.05721	0.00295	0.00719	0.00680	0.00498	0.56513
7	0.01149	0.00801	0.00903	0.00909	0.00971	0.00776	0.00562	0.01217	0.01370	0.01788	0.06411	0.05924	0.13400	0.53956	0.03337	0.00661	0.00706	0.04047	0.00564	0.00547
8	0.01264	0.00850	0.01026	0.01048	0.01247	0.00769	0.00775	0.01480	0.01797	0.07338	0.12592	0.21248	0.26274	0.10072	0.01349	0.00353	0.00525	0.08506	0.00758	0.00728
9	0.01842	0.01800	0.01551	0.01478	0.01682	0.21709	0.01090	0.04200	0.01668	0.01940	0.01938	0.07321	0.01898	0.08833	0.23656	0.13941	0.01419	0.00853	0.00456	0.00727
10	0.77215	0.01569	0.01193	0.01067	0.01569	0.01820	0.00879	0.02385	0.01381	0.03641	0.01130	0.01318	0.00879	0.00753	0.00502	0.00251	0.00628	0.00439	0.00502	0.00879
11	0.01522	0.01007	0.01272	0.01246	0.01453	0.00999	0.00975	0.06759	0.01999	0.06590	0.19915	0.06405	0.04602	0.18999	0.01776	0.00426	0.00669	0.21859	0.00744	0.00780
12	0.01550	0.01076	0.01213	0.01129	0.01439	0.01024	0.00856	0.09645	0.04770	0.08851	0.08330	0.20388	0.32878	0.01866	0.00938	0.00280	0.00522	0.01588	0.00794	0.00864
13	0.03221	0.02053	0.02299	0.01763	0.02407	0.02190	0.01456	0.49006	0.03448	0.20343	0.02257	0.02148	0.01535	0.00982	0.00813	0.00245	0.00843	0.00752	0.00859	0.01380
14	0.01827	0.01743	0.02965	0.29613	0.43209	0.01880	0.02400	0.02331	0.01762	0.02430	0.01494	0.02067	0.01208	0.00757	0.00806	0.00252	0.01009	0.00722	0.00386	0.01139
15	0.01102	0.00783	0.00941	0.01014	0.01119	0.00750	0.00698	0.01258	0.01524	0.02028	0.04424	0.26598	0.16662	0.21690	0.06587	0.00508	0.00680	0.05757	0.05243	0.00635
16	0.01300	0.00890	0.01013	0.00981	0.01223	0.00809	0.00726	0.03901	0.01952	0.06473	0.16998	0.15984	0.31842	0.04795	0.01058	0.00291	0.00464	0.01563	0.06974	0.00763
17	0.08977	0.01480	0.01796	0.01359	0.02010	0.01299	0.01112	0.07370	0.02129	0.35181	0.02335	0.02213	0.01593	0.00842	0.00716	0.00205	0.00669	0.00663	0.00768	0.27284
18	0.02285	0.01544	0.01743	0.01471	0.01937	0.01630	0.01169	0.15751	0.24228	0.15220	0.13841	0.03735	0.09381	0.01245	0.00856	0.00261	0.00637	0.01031	0.00859	0.01176
19	0.01769	0.01203	0.01437	0.01366	0.01670	0.01241	0.01050	0.06205	0.18807	0.10844	0.11580	0.23896	0.06096	0.01717	0.00935	0.00294	0.00584	0.07500	0.00824	0.00982
20	0.01085	0.00779	0.00914	0.00955	0.01098	0.00715	0.00662	0.01291	0.01739	0.02344	0.17454	0.24808	0.21831	0.12777	0.01440	0.00359	0.00478	0.01673	0.06930	0.00670
21	0.01843	0.01402	0.01462	0.01342	0.01707	0.01582	0.01036	0.03475	0.43093	0.03267	0.03076	0.03027	0.02340	0.01047	0.00736	0.00245	0.00551	0.00862	0.26805	0.01102
22	0.01159	0.00869	0.01304	0.01304	0.01449	0.01014	0.01014	0.01449	0.01304	0.01884	0.02173	0.03188	0.02029	0.06086	0.68268	0.01304	0.02173	0.00869	0.00435	0.00724
23	0.01683	0.01442	0.01683	0.01202	0.01923	0.01082	0.00961	0.02043	0.01683	0.02644	0.01442	0.01683	0.01202	0.00601	0.00601	0.00120	0.00601	0.00481	0.00481	0.76444
24	0.01042	0.00740	0.00965	0.01081	0.01153	0.00695	0.00728	0.01218	0.01667	0.02262	0.16942	0.50591	0.05581	0.09706	0.01349	0.00363	0.00486	0.02014	0.00754	0.00663
25	0.01450	0.01360	0.02586	0.02098	0.02495	0.01390	0.24025	0.01891	0.01575	0.02192	0.02152	0.03311	0.01952	0.03782	0.37973	0.00848	0.01760	0.05845	0.00451	0.00862
26	0.01326	0.01016	0.01238	0.01150	0.01395	0.01021	0.00871	0.02099	0.15085	0.03283	0.53199	0.05442	0.06599	0.01545	0.00930	0.00259	0.00436	0.01355	0.00879	0.00871
27	0.01770	0.01361	0.01465	0.01285	0.01669	0.01390	0.01012	0.23607	0.04658	0.03270	0.05215	0.13257	0.31203	0.01703	0.00917	0.00274	0.00611	0.03606	0.00776	0.00952
28	0.01629	0.01541	0.02609	0.56359	0.18004	0.01828	0.02302	0.02158	0.01668	0.02191	0.01459	0.02132	0.01123	0.00793	0.00810	0.00264	0.01058	0.00721	0.00369	0.00980
29	0.02262	0.01473	0.01735	0.01514	0.01949	0.01545	0.01228	0.14279	0.19665	0.16036	0.14025	0.04354	0.03454	0.01351	0.00895	0.00278	0.00671	0.11291	0.00856	0.01139
30	0.01486	0.01328	0.02238	0.40578	0.04127	0.01523	0.06963	0.01981	0.01731	0.02239	0.02445	0.04581	0.02334	0.01295	0.00930	0.00306	0.00990	0.21562	0.00498	0.00864
31	0.01660	0.01728	0.03465	0.02763	0.06621	0.01627	0.39227	0.02197	0.01875	0.02498	0.02957	0.08096	0.09003	0.01207	0.00982	0.00292	0.01085	0.11217	0.00524	0.00976
32	0.01828	0.02064	0.04425	0.03182	0.03953	0.01927	0.57727	0.02468	0.01909	0.02562	0.02243	0.02703	0.07162	0.00809	0.00958	0.00274	0.01280	0.01027	0.00442	0.01057
33	0.01329	0.00823	0.00979	0.01007	0.01202	0.00796	0.00800	0.01696	0.01909	0.02886	0.20212	0.05619	0.08579	0.01520	0.00829	0.00256	0.00470	0.15355	0.32982	0.00752
34	0.01997	0.01585	0.02573	0.02020	0.02427	0.01660	0.18980	0.06549	0.04246	0.11937	0.02533	0.07190	0.05392	0.13122	0.01765	0.00373	0.13054	0.01036	0.00584	0.00976
35	0.04870	0.01913	0.02174	0.06824	0.10375	0.14930	0.04851	0.02657	0.04399	0.13352	0.02484	0.08899	0.02256	0.01256	0.00974	0.00278	0.05106	0.10778	0.00608	0.01017
36	0.02033	0.01693	0.02077	0.02260	0.15134	0.01840	0.01474	0.15412	0.27399	0.03342	0.03055	0.12951	0.05237	0.01255	0.00855	0.00270	0.00723	0.01082	0.00722	0.01184
37	0.01946	0.03438	0.37165	0.02006	0.02909	0.15268	0.02200	0.02693	0.05216	0.02510	0.01511	0.01726	0.01144	0.00767	0.00731	0.00220	0.01102	0.00577	0.00412	0.16458
38	0.05576	0.01371	0.01389	0.01331	0.01548	0.09453	0.01002	0.05929	0.01764	0.02355	0.07530	0.15093	0.09490	0.07876	0.21262	0.00617	0.03865	0.01184	0.00583	0.00782
39	0.17338	0.01428	0.01525	0.06023	0.01972	0.01543	0.01084	0.07524	0.17738	0.10811	0.03500	0.03613	0.14243	0.06962	0.01054	0.00306	0.00663	0.00954	0.00706	0.01013
40	0.06457	0.01930	0.06045	0.02305	0.09203	0.05783	0.14268	0.06425	0.01740	0.02488	0.01661	0.02562	0.01524	0.15295	0.01793	0.00370	0.12743	0.00810	0.00452	0.06144
41	0.01441	0.01194	0.01831	0.13257	0.06289	0.01265	0.06360	0.07081	0.01754	0.02361	0.02886	0.29823	0.03090	0.07106	0.10000	0.00462	0.00961	0.01423	0.00582	0.00835
42	0.08788	0.09523	0.02716	0.02644	0.19613	0.17679	0.01734	0.21902	0.02513	0.03277	0.01523	0.01734	0.01201	0.00828	0.00736	0.00228	0.01021	0.00626	0.00537	0.01177
43	0.01327	0.01026	0.01157	0.01105	0.01367	0.00992	0.00828	0.09486	0.04901	0.02813	0.18118	0.21024	0.28990	0.01904	0.00951	0.00279	0.00492	0.01637	0.00793	0.00812
44	0.01511	0.01176	0.01502	0.01518	0.05915	0.01265	0.01047	0.10245	0.01903	0.02609	0.13382	0.12305	0.08591	0.16539	0.10120	0.00512	0.07179	0.01231	0.00631	0.00818
45	0.01622	0.07897	0.11117	0.14069	0.08357	0.01664	0.14044	0.02098	0.01755	0.02396	0.08050	0.07437	0.04607	0.01107	0.00957	0.04331	0.00937	0.00932	0.00472	0.06152

[dist]
# distance from previous block
# <min> <max>
2	14

[block]
# block no. 7 follows, 23 sequences, length 39
# corresponding to MSA columns:
# 1082-1120
name=unknown_H
#
# <colnr> <probs for GDERKNQSTAVLIFYWHMCP>
#	G	D	E	R	K	N	Q	S	T	A	V	L	I	F	Y	W	H	M	C	P
0	0.01235	0.00799	0.01069	0.01120	0.01210	0.00800	0.00772	0.01362	0.01447	0.05135	0.05570	0.30757	0.03736	0.18692	0.16829	0.05732	0.00944	0.01522	0.00615	0.00655
1	0.01680	0.01541	0.02518	0.18606	0.33400	0.01656	0.01978	0.02112	0.01770	0.02479	0.10861	0.02842	0.02267	0.04742	0.04471	0.00336	0.04380	0.00860	0.00467	0.01035
2	0.08738	0.01826	0.01868	0.01940	0.08769	0.12514	0.01369	0.06110	0.10280	0.02622	0.02616	0.09670	0.05421	0.04193	0.04612	0.00352	0.08711	0.06856	0.00580	0.00952
3	0.01871	0.07296	0.19316	0.02383	0.12200	0.13627	0.07929	0.02328	0.01777	0.02249	0.02082	0.06033	0.04910	0.11051	0.01275	0.00322	0.01070	0.00854	0.00435	0.00990
