[name]
unknown

[dist]
# distance from previous block
# <min> <max>
31	355

[block]
# block no. 0 follows, 29 sequences, length 87
# corresponding to MSA columns:
# 448-534
name=unknown_A
#
# <colnr> <probs for GDERKNQSTAVLIFYWHMCP>
#	G	D	E	R	K	N	Q	S	T	A	V	L	I	F	Y	W	H	M	C	P
0	0.03797	0.01396	0.03804	0.01809	0.14261	0.05024	0.01203	0.05906	0.08952	0.07872	0.02613	0.21381	0.04914	0.01216	0.00746	0.00229	0.00638	0.03695	0.00571	0.09972
1	0.06544	0.01724	0.05834	0.05721	0.06001	0.07357	0.03249	0.08169	0.09537	0.09857	0.01636	0.01754	0.01234	0.00697	0.00630	0.00181	0.00721	0.00560	0.00508	0.28086
2	0.01654	0.01625	0.12371	0.01633	0.08750	0.01236	0.03485	0.03619	0.04417	0.10378	0.04365	0.02500	0.09385	0.00863	0.00755	0.00194	0.04594	0.00704	0.05052	0.22422
3	0.10148	0.01128	0.01410	0.01241	0.01568	0.03333	0.06471	0.01716	0.05254	0.04352	0.02479	0.30526	0.02599	0.01585	0.05484	0.00285	0.00663	0.01141	0.00540	0.18077
4	0.04370	0.26901	0.10714	0.02128	0.16719	0.06292	0.03424	0.10735	0.05714	0.04661	0.01378	0.01548	0.01097	0.00692	0.00612	0.00195	0.00836	0.00538	0.00419	0.01027
5	0.09943	0.01265	0.01385	0.01145	0.01566	0.01240	0.00901	0.16545	0.05873	0.02935	0.12654	0.11161	0.06330	0.01058	0.00682	0.00197	0.00537	0.00874	0.00604	0.23104
6	0.01800	0.01851	0.01872	0.08947	0.15339	0.19894	0.01360	0.05697	0.04960	0.02223	0.04297	0.04507	0.08893	0.00918	0.00698	0.00202	0.00821	0.02788	0.00465	0.12467
7	0.01507	0.13787	0.26872	0.01483	0.02076	0.01563	0.01556	0.05658	0.09460	0.04322	0.02423	0.18176	0.05960	0.01127	0.00712	0.00230	0.00739	0.00937	0.00491	0.00921
8	0.01826	0.36223	0.19509	0.02017	0.11141	0.08860	0.07061	0.02247	0.01555	0.01951	0.01150	0.01384	0.00952	0.00639	0.00589	0.00187	0.00926	0.00492	0.00320	0.00970
9	0.01386	0.01095	0.01506	0.16788	0.05882	0.01080	0.01126	0.01830	0.05565	0.06198	0.19784	0.03146	0.07370	0.01225	0.04853	0.00254	0.00661	0.00836	0.00547	0.18868
10	0.04789	0.40503	0.02694	0.01323	0.03938	0.04339	0.03820	0.01986	0.01457	0.06347	0.05129	0.01742	0.01390	0.01005	0.00921	0.13598	0.00719	0.00534	0.02956	0.00809
11	0.06317	0.02537	0.32950	0.01902	0.06106	0.03841	0.01910	0.04582	0.09886	0.09256	0.01572	0.01740	0.01164	0.00825	0.00932	0.00238	0.12188	0.00594	0.00439	0.01021
12	0.01988	0.14669	0.17428	0.01431	0.02014	0.01619	0.01405	0.09994	0.08452	0.17409	0.08267	0.08267	0.02100	0.00960	0.00690	0.00217	0.00708	0.00778	0.00590	0.01014
13	0.01009	0.00709	0.00845	0.00843	0.00900	0.00717	0.00537	0.01088	0.01156	0.01543	0.05045	0.04586	0.10315	0.51163	0.15965	0.00708	0.00867	0.01047	0.00460	0.00497
14	0.01899	0.02242	0.16585	0.04517	0.04862	0.17811	0.05945	0.02411	0.07010	0.10862	0.02026	0.14511	0.01806	0.01024	0.00784	0.00231	0.03207	0.00851	0.00494	0.00921
15	0.09497	0.01659	0.09125	0.08976	0.26706	0.01480	0.05260	0.02352	0.03731	0.14863	0.01826	0.02061	0.03332	0.01010	0.04832	0.00275	0.00860	0.00664	0.00472	0.01017
16	0.01137	0.01044	0.01417	0.01280	0.01420	0.01191	0.04540	0.01315	0.01380	0.01835	0.04022	0.17534	0.28772	0.04091	0.01446	0.00288	0.24839	0.01257	0.00521	0.00670
17	0.01925	0.01257	0.02028	0.27200	0.09183	0.01296	0.07055	0.02313	0.01727	0.23583	0.09294	0.02675	0.05545	0.00885	0.00744	0.00229	0.00758	0.00792	0.00567	0.00944
18	0.02207	0.02535	0.27498	0.01947	0.08896	0.12479	0.01797	0.02827	0.07279	0.22764	0.01845	0.01863	0.01286	0.00766	0.00690	0.00217	0.00896	0.00605	0.00524	0.01078
19	0.01286	0.00906	0.01062	0.01097	0.01254	0.04591	0.00800	0.03517	0.01548	0.08853	0.05385	0.44170	0.07590	0.02274	0.09107	0.00370	0.00669	0.04194	0.00640	0.00689
20	0.02762	0.01310	0.01788	0.14507	0.02424	0.01284	0.01250	0.09651	0.04194	0.49517	0.02419	0.02263	0.01571	0.00850	0.00715	0.00223	0.00685	0.00696	0.00756	0.01132
21	0.04337	0.06319	0.16201	0.02283	0.19390	0.06308	0.01721	0.06225	0.03886	0.13551	0.01777	0.04102	0.01442	0.00865	0.00785	0.00226	0.04763	0.04306	0.00485	0.01027
22	0.01689	0.01482	0.02335	0.13507	0.41739	0.01526	0.01790	0.07695	0.01746	0.04748	0.02200	0.05389	0.09305	0.00875	0.00731	0.00222	0.00773	0.00796	0.00445	0.01005
23	0.02115	0.01610	0.01786	0.01468	0.01883	0.01817	0.01187	0.37318	0.16252	0.03553	0.05661	0.02250	0.01780	0.01367	0.07758	0.00313	0.04908	0.00722	0.05199	0.01053
24	0.09585	0.01877	0.01974	0.30887	0.03185	0.21994	0.05109	0.02098	0.01587	0.01974	0.01484	0.06192	0.01324	0.00884	0.00752	0.00231	0.03371	0.04320	0.00385	0.00788
25	0.01384	0.01234	0.01969	0.02786	0.38774	0.01206	0.01483	0.01724	0.01672	0.02342	0.18133	0.14424	0.07594	0.01155	0.00778	0.00229	0.00627	0.01064	0.00522	0.00900
26	0.01026	0.00728	0.00966	0.00966	0.01032	0.00793	0.00668	0.01157	0.01092	0.01521	0.02070	0.03701	0.02172	0.39114	0.38916	0.00924	0.01317	0.00895	0.00406	0.00537
27	0.00915	0.00694	0.00844	0.00870	0.01023	0.00623	0.00628	0.01141	0.01703	0.02264	0.31322	0.26086	0.25718	0.01790	0.00861	0.00248	0.00366	0.01570	0.00710	0.00623
28	0.80005	0.01377	0.01047	0.00936	0.01377	0.01597	0.00771	0.02093	0.01212	0.03195	0.00991	0.01157	0.00771	0.00661	0.00441	0.00220	0.00551	0.00386	0.00441	0.00771
29	0.03195	0.01212	0.01652	0.01267	0.01818	0.01047	0.01047	0.03470	0.02038	0.71026	0.02809	0.02424	0.01763	0.00881	0.00716	0.00220	0.00606	0.00716	0.00881	0.01212
30	0.01558	0.01558	0.02181	0.01869	0.01869	0.02181	0.01558	0.01714	0.01091	0.01714	0.00935	0.01558	0.00935	0.01246	0.02337	0.00312	0.73672	0.00623	0.00312	0.00779
31	0.00911	0.00724	0.00818	0.00795	0.01005	0.00631	0.00596	0.01157	0.01788	0.02314	0.33608	0.06210	0.43606	0.01658	0.00841	0.00234	0.00350	0.01413	0.00713	0.00631
32	0.02707	0.01995	0.02137	0.01638	0.02208	0.02208	0.01353	0.68159	0.03348	0.04488	0.01710	0.01710	0.01211	0.00855	0.00712	0.00214	0.00784	0.00641	0.00712	0.01211
33	0.03052	0.01244	0.01648	0.01285	0.01821	0.01119	0.01055	0.03502	0.08764	0.64217	0.02818	0.02447	0.01804	0.00890	0.00717	0.00222	0.00602	0.00725	0.00866	0.01203
34	0.02978	0.01560	0.01868	0.01432	0.01991	0.01563	0.01183	0.32251	0.02621	0.41423	0.02320	0.02106	0.01517	0.00870	0.00714	0.00217	0.00685	0.00683	0.00806	0.01211
35	0.80005	0.01377	0.01047	0.00936	0.01377	0.01597	0.00771	0.02093	0.01212	0.03195	0.00991	0.01157	0.00771	0.00661	0.00441	0.00220	0.00551	0.00386	0.00441	0.00771
36	0.80005	0.01377	0.01047	0.00936	0.01377	0.01597	0.00771	0.02093	0.01212	0.03195	0.00991	0.01157	0.00771	0.00661	0.00441	0.00220	0.00551	0.00386	0.00441	0.00771
37	0.01237	0.00886	0.01105	0.00950	0.01256	0.00755	0.00728	0.01548	0.01837	0.06585	0.43174	0.06678	0.08634	0.01238	0.00757	0.00197	0.00403	0.01077	0.00688	0.20265
38	0.01715	0.32828	0.16632	0.01981	0.02660	0.02227	0.22280	0.02168	0.01501	0.01977	0.01181	0.01487	0.00965	0.00671	0.00772	0.00207	0.06911	0.00571	0.00322	0.00944
39	0.02100	0.02421	0.02158	0.02409	0.20490	0.38123	0.04210	0.02366	0.01800	0.01969	0.05881	0.01986	0.01509	0.05783	0.03557	0.00265	0.01084	0.00626	0.00395	0.00869
40	0.02849	0.01567	0.01836	0.01416	0.01955	0.01598	0.01167	0.35281	0.02654	0.34346	0.02239	0.02084	0.01494	0.00865	0.00702	0.00214	0.00678	0.00676	0.05199	0.01180
41	0.01143	0.00918	0.01100	0.00941	0.01281	0.00755	0.00716	0.01421	0.01668	0.02378	0.25915	0.12712	0.14197	0.01253	0.00730	0.00190	0.00422	0.01084	0.00612	0.30566
42	0.04422	0.01443	0.05497	0.01452	0.05491	0.09608	0.04643	0.01875	0.06543	0.04504	0.18451	0.14960	0.10789	0.01290	0.00775	0.00231	0.00633	0.03065	0.00593	0.03733
43	0.02667	0.03175	0.02036	0.01804	0.02202	0.61212	0.01372	0.13031	0.02225	0.02171	0.01196	0.01350	0.00963	0.00753	0.00653	0.00188	0.01206	0.00487	0.00421	0.00886
44	0.02103	0.01116	0.01287	0.01082	0.01446	0.01110	0.00875	0.16574	0.02062	0.21768	0.02683	0.02934	0.05664	0.00970	0.00652	0.00205	0.00526	0.04494	0.31519	0.00929
45	0.01009	0.00715	0.00912	0.00944	0.01018	0.00730	0.00656	0.01145	0.01249	0.01686	0.06736	0.13184	0.06858	0.34392	0.18726	0.00660	0.00898	0.07434	0.00503	0.00542
46	0.02539	0.02812	0.01985	0.01950	0.08359	0.52890	0.01369	0.02752	0.01946	0.10201	0.01493	0.05710	0.01259	0.00829	0.00672	0.00197	0.01111	0.00597	0.00445	0.00886
47	0.00964	0.00777	0.00865	0.00834	0.01058	0.00704	0.00628	0.01322	0.06197	0.02338	0.30289	0.06009	0.42213	0.01620	0.00833	0.00234	0.00365	0.01377	0.00711	0.00662
48	0.11647	0.01214	0.01557	0.01619	0.12265	0.01195	0.01085	0.08146	0.01814	0.26779	0.02353	0.12381	0.01923	0.00998	0.00677	0.00220	0.00586	0.00835	0.11726	0.00978
49	0.80005	0.01377	0.01047	0.00936	0.01377	0.01597	0.00771	0.02093	0.01212	0.03195	0.00991	0.01157	0.00771	0.00661	0.00441	0.00220	0.00551	0.00386	0.00441	0.00771
50	0.01547	0.01677	0.03540	0.02610	0.03209	0.01576	0.54045	0.02081	0.01679	0.02274	0.05675	0.06595	0.01887	0.00869	0.00858	0.00250	0.01057	0.07249	0.00429	0.00894
51	0.03067	0.01416	0.01779	0.01364	0.01920	0.01350	0.01127	0.20367	0.02380	0.53647	0.02522	0.02237	0.01619	0.00874	0.00715	0.00219	0.00652	0.00696	0.00837	0.01212
52	0.01026	0.00686	0.00780	0.00789	0.00791	0.00684	0.00445	0.01033	0.01055	0.01406	0.02341	0.08710	0.02712	0.70757	0.03467	0.00667	0.00674	0.01093	0.00445	0.00440
53	0.03120	0.01332	0.01727	0.01324	0.01878	0.01225	0.01094	0.13417	0.02239	0.60795	0.02640	0.02314	0.01678	0.00877	0.00715	0.00219	0.00633	0.00705	0.00855	0.01212
54	0.00972	0.00673	0.00879	0.01015	0.01084	0.00648	0.00727	0.01135	0.01389	0.01876	0.03602	0.48084	0.04167	0.10919	0.01232	0.00339	0.00494	0.15321	0.04860	0.00582
55	0.01036	0.00690	0.00777	0.00777	0.00777	0.00690	0.00431	0.01036	0.01036	0.01381	0.02244	0.04660	0.02589	0.74975	0.03624	0.00690	0.00690	0.01036	0.00431	0.00431
56	0.00868	0.00620	0.00826	0.00991	0.01033	0.00578	0.00661	0.00991	0.01363	0.01818	0.03925	0.74510	0.04710	0.02231	0.00909	0.00289	0.00413	0.02024	0.00661	0.00578
57	0.01762	0.01692	0.02890	0.04371	0.70533	0.01692	0.02185	0.02185	0.01621	0.02326	0.01339	0.01762	0.01128	0.00634	0.00705	0.00211	0.00846	0.00634	0.00352	0.01128
58	0.02273	0.02560	0.01730	0.01521	0.01909	0.45975	0.01156	0.06284	0.01930	0.02133	0.01352	0.01552	0.01097	0.00724	0.00606	0.00170	0.00990	0.00496	0.12649	0.12894
59	0.01898	0.01936	0.03764	0.02713	0.03401	0.01887	0.53846	0.16231	0.02034	0.02748	0.01498	0.01876	0.01108	0.00654	0.00813	0.00235	0.01112	0.00798	0.00435	0.01013
60	0.01345	0.01266	0.02136	0.73264	0.04904	0.01582	0.01978	0.01819	0.01424	0.01819	0.01266	0.01898	0.00949	0.00712	0.00712	0.00237	0.00949	0.00633	0.00316	0.00791
61	0.13829	0.01549	0.02134	0.25213	0.21477	0.01740	0.01673	0.13956	0.06912	0.02733	0.01446	0.01771	0.01110	0.00728	0.00669	0.00224	0.00801	0.00610	0.00447	0.00980
62	0.01237	0.00618	0.00928	0.00928	0.00928	0.00618	0.00618	0.00928	0.00928	0.01237	0.01237	0.02165	0.01237	0.02474	0.02783	0.79283	0.00618	0.00618	0.00309	0.00309
63	0.02112	0.27320	0.06138	0.01438	0.01923	0.22768	0.01259	0.08847	0.01928	0.05936	0.11996	0.01981	0.01895	0.00821	0.00623	0.00186	0.00859	0.00597	0.00469	0.00903
64	0.02361	0.01436	0.01633	0.01305	0.01719	0.01506	0.01037	0.34694	0.02425	0.17775	0.02032	0.02345	0.01557	0.09918	0.01199	0.06241	0.00677	0.00705	0.08439	0.00995
65	0.01687	0.01376	0.01689	0.01470	0.08905	0.01163	0.01043	0.07318	0.04244	0.05351	0.01435	0.01609	0.01147	0.00596	0.00576	0.00135	0.00586	0.00488	0.00468	0.58712
66	0.01582	0.08381	0.01700	0.01078	0.01706	0.01132	0.00887	0.01888	0.01495	0.04834	0.01297	0.01480	0.01068	0.00548	0.00528	0.00114	0.00553	0.00429	0.00428	0.68871
67	0.00864	0.00632	0.00814	0.00959	0.01024	0.00581	0.00646	0.00995	0.01395	0.01831	0.04323	0.66307	0.12655	0.02179	0.00901	0.00283	0.00407	0.01961	0.00661	0.00581
68	0.02327	0.01685	0.02150	0.02015	0.12639	0.01774	0.05224	0.26555	0.18080	0.14532	0.02081	0.02061	0.01501	0.00827	0.00716	0.00219	0.00729	0.00696	0.00658	0.03531
69	0.01734	0.18499	0.19074	0.02076	0.11561	0.01767	0.11859	0.02206	0.01561	0.06307	0.01337	0.01572	0.01044	0.00628	0.00630	0.00186	0.00854	0.00548	0.00376	0.16181
70	0.09613	0.02600	0.33107	0.01981	0.07044	0.01764	0.06127	0.16111	0.07416	0.05257	0.01539	0.01681	0.01113	0.00735	0.00678	0.00224	0.00887	0.00592	0.00462	0.01068
71	0.02469	0.01944	0.01799	0.01512	0.01952	0.17667	0.01190	0.19477	0.18845	0.17140	0.02061	0.02025	0.01498	0.00968	0.00838	0.05478	0.00795	0.00654	0.00645	0.01043
72	0.01138	0.00781	0.00850	0.00799	0.01073	0.00660	0.00611	0.01341	0.01700	0.10366	0.11001	0.06210	0.57579	0.01668	0.00826	0.00237	0.00389	0.01393	0.00696	0.00680
73	0.01991	0.24992	0.13902	0.02381	0.21855	0.07861	0.03995	0.04180	0.01672	0.08857	0.01359	0.01557	0.01071	0.00671	0.00624	0.00195	0.00876	0.00539	0.00393	0.01029
74	0.25032	0.01497	0.04352	0.02411	0.25284	0.01466	0.09084	0.02062	0.01487	0.06481	0.01728	0.12816	0.01596	0.00900	0.00673	0.00230	0.00725	0.00799	0.00456	0.00920
75	0.01034	0.00695	0.00798	0.00798	0.00805	0.00702	0.00458	0.01049	0.01042	0.01396	0.02224	0.04552	0.02542	0.70939	0.07596	0.00717	0.00761	0.01020	0.00429	0.00443
76	0.01855	0.05719	0.04883	0.07513	0.45420	0.05760	0.04434	0.02319	0.04001	0.06761	0.03540	0.01889	0.01332	0.00696	0.00698	0.00212	0.00852	0.00646	0.00408	0.01062
77	0.01875	0.02376	0.29788	0.02204	0.13688	0.01560	0.06023	0.08721	0.05453	0.13212	0.01975	0.04298	0.03941	0.00821	0.00717	0.00226	0.00860	0.00703	0.00491	0.01071
78	0.05458	0.02686	0.08026	0.12854	0.02574	0.41700	0.01489	0.04677	0.01868	0.05704	0.01604	0.01792	0.04988	0.00796	0.00666	0.00203	0.01075	0.00569	0.00412	0.00858
79	0.01255	0.00759	0.00842	0.00837	0.01020	0.00748	0.00638	0.05221	0.01671	0.02579	0.11284	0.11495	0.09713	0.01241	0.00667	0.00209	0.00394	0.05885	0.42863	0.00679
80	0.01924	0.13651	0.18404	0.02451	0.23098	0.05865	0.01829	0.04789	0.01667	0.10533	0.01526	0.04414	0.01236	0.00778	0.00754	0.00213	0.04792	0.00622	0.00421	0.01033
81	0.02015	0.01739	0.02453	0.05035	0.26672	0.06706	0.09856	0.10619	0.10708	0.09687	0.02073	0.02226	0.05320	0.00803	0.00730	0.00221	0.00828	0.00729	0.00518	0.01062
82	0.01213	0.01045	0.01185	0.04120	0.01402	0.07827	0.00888	0.01400	0.01307	0.01752	0.02356	0.22615	0.02511	0.11632	0.24265	0.00595	0.06564	0.01093	0.05599	0.00633
83	0.09870	0.02531	0.15192	0.02336	0.18889	0.23795	0.01720	0.06180	0.01809	0.06904	0.01411	0.01735	0.01121	0.00746	0.00663	0.00210	0.00968	0.02520	0.00421	0.00979
84	0.00969	0.00721	0.00966	0.01027	0.01150	0.00732	0.00773	0.01178	0.01385	0.01855	0.07371	0.23048	0.13810	0.07043	0.25368	0.00596	0.00958	0.09882	0.00560	0.00609
85	0.01865	0.59626	0.10631	0.05502	0.02158	0.02591	0.01418	0.05694	0.01554	0.01896	0.01075	0.01255	0.00931	0.00635	0.00508	0.00168	0.00804	0.00425	0.00327	0.00937
86	0.10918	0.01232	0.01685	0.01771	0.14195	0.01204	0.04957	0.01854	0.05639	0.02293	0.04215	0.04758	0.04086	0.05708	0.11928	0.00370	0.00841	0.02436	0.00455	0.19455

[dist]
# distance from previous block
# <min> <max>
1	2

[block]
# block no. 1 follows, 29 sequences, length 26
# corresponding to MSA columns:
# 537-562
name=unknown_B
#
# <colnr> <probs for GDERKNQSTAVLIFYWHMCP>
#	G	D	E	R	K	N	Q	S	T	A	V	L	I	F	Y	W	H	M	C	P
0	0.01228	0.01069	0.01681	0.01438	0.01583	0.01199	0.11472	0.01417	0.01191	0.01673	0.01876	0.07064	0.01961	0.29225	0.17892	0.00622	0.15456	0.00918	0.00398	0.00637
1	0.01020	0.00715	0.00840	0.00809	0.00996	0.00652	0.00607	0.01314	0.01820	0.02573	0.41552	0.05260	0.22734	0.01438	0.00780	0.00218	0.00342	0.01236	0.14445	0.00652
2	0.00864	0.00634	0.00811	0.00953	0.01023	0.00582	0.00644	0.00996	0.01400	0.01833	0.04392	0.64900	0.14019	0.02170	0.00899	0.00282	0.00406	0.01950	0.00661	0.00582
3	0.01477	0.01266	0.01477	0.01055	0.01687	0.00949	0.00844	0.01793	0.01477	0.02320	0.01266	0.01477	0.01055	0.00527	0.00527	0.00105	0.00527	0.00422	0.00422	0.79328
4	0.01558	0.01558	0.02181	0.01869	0.01869	0.02181	0.01558	0.01714	0.01091	0.01714	0.00935	0.01558	0.00935	0.01246	0.02337	0.00312	0.73672	0.00623	0.00312	0.00779
5	0.69505	0.01354	0.01129	0.00982	0.01437	0.01522	0.00809	0.02281	0.01325	0.12467	0.01240	0.01330	0.00907	0.00691	0.00478	0.00220	0.00558	0.00431	0.00501	0.00831
6	0.02707	0.01995	0.02137	0.01638	0.02208	0.02208	0.01353	0.68159	0.03348	0.04488	0.01710	0.01710	0.01211	0.00855	0.00712	0.00214	0.00784	0.00641	0.00712	0.01211
7	0.01018	0.00758	0.01121	0.01121	0.01240	0.00877	0.00860	0.01256	0.01137	0.01635	0.01929	0.02918	0.01832	0.09834	0.67731	0.01115	0.01829	0.00781	0.00385	0.00623
8	0.00868	0.00620	0.00826	0.00991	0.01033	0.00578	0.00661	0.00991	0.01363	0.01818	0.03925	0.74510	0.04710	0.02231	0.00909	0.00289	0.00413	0.02024	0.00661	0.00578
9	0.00842	0.00721	0.00721	0.00721	0.00962	0.00601	0.00541	0.01022	0.01623	0.01924	0.07213	0.06853	0.70244	0.01803	0.00842	0.00240	0.00361	0.01503	0.00661	0.00601
10	0.02660	0.03394	0.02018	0.01834	0.02201	0.72116	0.01376	0.02843	0.02018	0.01743	0.01101	0.01284	0.00917	0.00734	0.00642	0.00183	0.01284	0.00459	0.00367	0.00825
11	0.00946	0.00690	0.00900	0.00992	0.01105	0.00643	0.00730	0.01163	0.01601	0.02146	0.21282	0.39409	0.11529	0.01947	0.00896	0.00274	0.00427	0.12012	0.00692	0.00617
12	0.16655	0.01241	0.01546	0.01209	0.01741	0.01143	0.00998	0.03229	0.01893	0.59140	0.02491	0.02202	0.01589	0.00843	0.00668	0.00220	0.00596	0.00658	0.00804	0.01135
13	0.02660	0.03394	0.02018	0.01834	0.02201	0.72116	0.01376	0.02843	0.02018	0.01743	0.01101	0.01284	0.00917	0.00734	0.00642	0.00183	0.01284	0.00459	0.00367	0.00825
14	0.01477	0.01266	0.01477	0.01055	0.01687	0.00949	0.00844	0.01793	0.01477	0.02320	0.01266	0.01477	0.01055	0.00527	0.00527	0.00105	0.00527	0.00422	0.00422	0.79328
15	0.10752	0.62242	0.03290	0.01201	0.01778	0.02612	0.01162	0.02234	0.05796	0.01932	0.01113	0.01242	0.00979	0.00638	0.00472	0.00166	0.00725	0.00409	0.00347	0.00911
16	0.01745	0.01793	0.13754	0.02437	0.26108	0.01392	0.01656	0.06623	0.01730	0.08855	0.06023	0.04284	0.01641	0.00954	0.03574	0.00237	0.00793	0.00677	0.00469	0.15256
17	0.01767	0.05368	0.36995	0.01664	0.02384	0.04100	0.01829	0.06614	0.10604	0.09957	0.01781	0.02107	0.01377	0.09173	0.01014	0.00275	0.00878	0.00641	0.00464	0.01006
18	0.01677	0.01583	0.02670	0.03977	0.62656	0.01576	0.02014	0.02090	0.01666	0.02386	0.09143	0.02166	0.01762	0.00728	0.00720	0.00213	0.00788	0.00709	0.00401	0.01076
19	0.01422	0.01403	0.02468	0.54029	0.04373	0.01685	0.12388	0.01881	0.01427	0.01881	0.01256	0.01863	0.00968	0.00755	0.00917	0.00246	0.09236	0.00665	0.00323	0.00816
20	0.10754	0.02597	0.24824	0.02365	0.18810	0.13681	0.01902	0.09349	0.01789	0.02526	0.01377	0.01775	0.01106	0.00746	0.00667	0.00217	0.00940	0.03175	0.00399	0.01001
21	0.01720	0.01766	0.02332	0.19458	0.30750	0.12800	0.01810	0.02080	0.01611	0.02091	0.07043	0.01995	0.01503	0.00807	0.00893	0.00225	0.09155	0.00660	0.00378	0.00923
22	0.02414	0.01329	0.01627	0.01364	0.01795	0.01329	0.01120	0.23756	0.02315	0.29591	0.02749	0.11350	0.02328	0.01216	0.00784	0.00245	0.00650	0.12235	0.00762	0.01042
23	0.01059	0.00801	0.01160	0.09226	0.01553	0.00916	0.00893	0.01272	0.01147	0.01600	0.01923	0.03185	0.01898	0.23108	0.46051	0.00922	0.01479	0.00820	0.00387	0.00600
24	0.04150	0.09380	0.10277	0.01589	0.05585	0.14811	0.01314	0.08552	0.04506	0.04579	0.14210	0.10523	0.02516	0.01055	0.00772	0.00219	0.03715	0.00842	0.00525	0.00880
25	0.02663	0.01840	0.01822	0.01473	0.01939	0.17586	0.01183	0.10161	0.02023	0.33164	0.01937	0.01891	0.01346	0.00840	0.00836	0.00207	0.07908	0.00606	0.00637	0.09939

[dist]
# distance from previous block
# <min> <max>
0	39

[block]
# block no. 2 follows, 29 sequences, length 31
# corresponding to MSA columns:
# 602-632
name=unknown_C
#
# <colnr> <probs for GDERKNQSTAVLIFYWHMCP>
#	G	D	E	R	K	N	Q	S	T	A	V	L	I	F	Y	W	H	M	C	P
0	0.01007	0.00690	0.00825	0.00833	0.00879	0.00671	0.00519	0.01103	0.01311	0.01788	0.18558	0.14064	0.03848	0.47923	0.02605	0.00527	0.00570	0.01226	0.00545	0.00508
1	0.01001	0.01003	0.08436	0.01087	0.01294	0.00746	0.00909	0.01296	0.01649	0.02287	0.29285	0.35438	0.05039	0.01747	0.00862	0.00260	0.00468	0.05853	0.00670	0.00670
2	0.20389	0.54695	0.06079	0.01187	0.01776	0.02477	0.01175	0.02128	0.01394	0.02061	0.01003	0.01162	0.00879	0.00624	0.00463	0.00172	0.00724	0.00388	0.00337	0.00886
3	0.01633	0.47912	0.12251	0.01224	0.01750	0.02155	0.01225	0.01889	0.01357	0.01685	0.01326	0.02025	0.01309	0.18239	0.01237	0.00290	0.00784	0.00556	0.00334	0.00818
4	0.00905	0.00670	0.00789	0.00860	0.00953	0.00615	0.00573	0.01024	0.01385	0.01785	0.07026	0.35976	0.22988	0.19316	0.01530	0.00368	0.00461	0.01613	0.00611	0.00554
5	0.01603	0.01636	0.03102	0.25645	0.26910	0.01695	0.24670	0.02103	0.01579	0.02151	0.01351	0.01860	0.01055	0.00647	0.00754	0.00229	0.01000	0.00705	0.00344	0.00964
6	0.01345	0.01266	0.02136	0.73264	0.04904	0.01582	0.01978	0.01819	0.01424	0.01819	0.01266	0.01898	0.00949	0.00712	0.00712	0.00237	0.00949	0.00633	0.00316	0.00791
7	0.01252	0.00679	0.00732	0.00719	0.00885	0.00666	0.00539	0.01584	0.01617	0.02702	0.18396	0.03286	0.02985	0.00978	0.00579	0.00180	0.00333	0.00812	0.60412	0.00666
8	0.01761	0.09765	0.49080	0.01914	0.02766	0.18450	0.02212	0.02384	0.01620	0.02084	0.01211	0.01420	0.00907	0.00684	0.00650	0.00209	0.01082	0.00498	0.00317	0.00987
9	0.01945	0.02151	0.19105	0.02376	0.10605	0.01641	0.22284	0.08365	0.06534	0.13197	0.03498	0.02002	0.01382	0.00736	0.00747	0.00228	0.00929	0.00714	0.00493	0.01067
10	0.01064	0.00939	0.01624	0.01447	0.01667	0.00873	0.16597	0.01313	0.01481	0.01975	0.06172	0.50278	0.08081	0.01787	0.00886	0.00272	0.00593	0.01681	0.00595	0.00674
11	0.52217	0.01468	0.01184	0.01091	0.01449	0.09701	0.00870	0.01986	0.01290	0.02659	0.01221	0.01560	0.01027	0.01778	0.17457	0.00435	0.00958	0.00484	0.00418	0.00745
12	0.00905	0.00724	0.00809	0.00787	0.01000	0.00628	0.00591	0.01144	0.01772	0.02276	0.31047	0.06272	0.46191	0.01672	0.00841	0.00234	0.00351	0.01421	0.00708	0.00628
13	0.01581	0.01464	0.02179	0.11490	0.25861	0.01500	0.03194	0.02101	0.07956	0.02243	0.01498	0.03991	0.01273	0.00757	0.00836	0.00202	0.08243	0.00638	0.00408	0.22581
14	0.00974	0.00716	0.00970	0.08408	0.01399	0.00724	0.00773	0.01118	0.01310	0.01734	0.03242	0.46226	0.03780	0.19294	0.01537	0.00381	0.00550	0.05722	0.00571	0.00570
15	0.01418	0.01055	0.01380	0.01261	0.01493	0.01202	0.01000	0.17121	0.01667	0.02325	0.01860	0.02540	0.01645	0.04278	0.55225	0.00924	0.01641	0.00734	0.00460	0.00772
16	0.02098	0.02487	0.01655	0.01515	0.01815	0.47826	0.01136	0.02334	0.02017	0.02121	0.24579	0.02656	0.02890	0.00979	0.00709	0.00197	0.00962	0.00741	0.00509	0.00773
17	0.00970	0.00678	0.00781	0.00820	0.00862	0.00652	0.00500	0.01023	0.01191	0.01556	0.03300	0.21501	0.12049	0.48050	0.02612	0.00536	0.00581	0.01332	0.00516	0.00489
18	0.01558	0.01558	0.02181	0.01869	0.01869	0.02181	0.01558	0.01714	0.01091	0.01714	0.00935	0.01558	0.00935	0.01246	0.02337	0.00312	0.73672	0.00623	0.00312	0.00779
19	0.01525	0.01421	0.02122	0.01516	0.02169	0.01151	0.16744	0.01909	0.01525	0.02311	0.01307	0.01582	0.01061	0.00545	0.00602	0.00137	0.00687	0.00521	0.00407	0.60759
20	0.61247	0.01222	0.00970	0.00885	0.01279	0.01361	0.00717	0.01839	0.01309	0.02894	0.02466	0.02506	0.17233	0.00932	0.00536	0.00225	0.00506	0.00650	0.00493	0.00731
21	0.02384	0.01822	0.02137	0.18610	0.02847	0.02060	0.01501	0.52440	0.02892	0.03855	0.01604	0.01754	0.01149	0.00821	0.00712	0.00219	0.00823	0.00639	0.00619	0.01111
22	0.01670	0.01467	0.01735	0.18466	0.02575	0.01726	0.01329	0.03318	0.53176	0.02704	0.02511	0.02477	0.01884	0.00906	0.00722	0.00241	0.00655	0.00764	0.00628	0.01047
23	0.01491	0.01404	0.01211	0.01125	0.01355	0.17672	0.00846	0.01901	0.06398	0.02574	0.40570	0.03842	0.04410	0.01171	0.00741	0.00208	0.00575	0.00979	0.10788	0.00737
24	0.80005	0.01377	0.01047	0.00936	0.01377	0.01597	0.00771	0.02093	0.01212	0.03195	0.00991	0.01157	0.00771	0.00661	0.00441	0.00220	0.00551	0.00386	0.00441	0.00771
25	0.01507	0.08192	0.08489	0.02436	0.20383	0.04258	0.12868	0.01901	0.01581	0.02111	0.02180	0.15036	0.02206	0.01141	0.00785	0.00245	0.00828	0.12515	0.00452	0.00885
26	0.01327	0.00664	0.00664	0.00664	0.00830	0.00664	0.00498	0.01659	0.01493	0.02655	0.02323	0.02655	0.01825	0.00830	0.00498	0.00166	0.00332	0.00664	0.78928	0.00664
27	0.02010	0.05463	0.12647	0.18621	0.02908	0.01938	0.01655	0.29575	0.12488	0.03155	0.01685	0.01840	0.01234	0.00799	0.00697	0.00222	0.00829	0.00634	0.00539	0.01061
28	0.01705	0.01594	0.02267	0.03059	0.40583	0.04170	0.01683	0.02554	0.21117	0.02483	0.04991	0.06974	0.01905	0.00876	0.00728	0.00225	0.00729	0.00798	0.00500	0.01060
29	0.01673	0.05861	0.36956	0.01795	0.06011	0.01566	0.01893	0.09370	0.01718	0.04595	0.01359	0.01544	0.01014	0.00658	0.00635	0.00189	0.00849	0.00517	0.00398	0.21399
30	0.01434	0.07153	0.44907	0.18869	0.03399	0.01677	0.05660	0.02113	0.01509	0.02141	0.03783	0.01736	0.01136	0.00705	0.00686	0.00225	0.00992	0.00587	0.00325	0.00964

[dist]
# distance from previous block
# <min> <max>
0	14

[block]
# block no. 3 follows, 29 sequences, length 30
# corresponding to MSA columns:
# 647-676
name=unknown_D
#
# <colnr> <probs for GDERKNQSTAVLIFYWHMCP>
#	G	D	E	R	K	N	Q	S	T	A	V	L	I	F	Y	W	H	M	C	P
0	0.45590	0.07342	0.01655	0.01216	0.01717	0.01916	0.01019	0.26336	0.02014	0.03551	0.01255	0.01358	0.00944	0.00728	0.00542	0.00213	0.00653	0.00479	0.00530	0.00944
1	0.00914	0.00784	0.00790	0.00778	0.01031	0.00692	0.00586	0.01236	0.06865	0.02005	0.06879	0.06528	0.64968	0.01738	0.00833	0.00241	0.00376	0.01449	0.00666	0.00642
2	0.04413	0.01674	0.02532	0.21990	0.22269	0.04910	0.10916	0.13378	0.01877	0.02543	0.01520	0.02145	0.01243	0.00774	0.00732	0.00229	0.00911	0.04543	0.00427	0.00974
3	0.01982	0.02157	0.01825	0.01619	0.01820	0.30459	0.01247	0.07191	0.01639	0.01883	0.01330	0.02032	0.01265	0.13254	0.05585	0.00359	0.22564	0.00632	0.00389	0.00767
4	0.00860	0.00716	0.00751	0.00755	0.00976	0.00607	0.00561	0.01052	0.01646	0.02010	0.13274	0.10865	0.59889	0.01795	0.00846	0.00242	0.00361	0.01514	0.00673	0.00607
5	0.02924	0.01512	0.02002	0.01518	0.02088	0.01469	0.06329	0.23656	0.02421	0.44840	0.02358	0.02161	0.01537	0.00851	0.00725	0.00220	0.00708	0.00702	0.00788	0.01192
6	0.02033	0.37186	0.21776	0.01525	0.02217	0.11007	0.01604	0.02426	0.01610	0.10697	0.01315	0.01423	0.01019	0.00678	0.00574	0.00185	0.00887	0.00473	0.00385	0.00979
7	0.01894	0.00944	0.01055	0.00912	0.01209	0.00935	0.00720	0.10220	0.01837	0.17423	0.02351	0.02489	0.01736	0.00844	0.00571	0.00183	0.00446	0.00672	0.52711	0.00848
8	0.00871	0.00704	0.00775	0.00797	0.00990	0.00608	0.00582	0.01065	0.01635	0.02045	0.16133	0.18846	0.48802	0.01828	0.00853	0.00247	0.00366	0.01565	0.00680	0.00608
9	0.02660	0.03394	0.02018	0.01834	0.02201	0.72116	0.01376	0.02843	0.02018	0.01743	0.01101	0.01284	0.00917	0.00734	0.00642	0.00183	0.01284	0.00459	0.00367	0.00825
10	0.01527	0.04066	0.10365	0.27461	0.31454	0.01604	0.02036	0.01999	0.01536	0.02104	0.01524	0.02348	0.01312	0.00790	0.00722	0.00231	0.00885	0.06723	0.00361	0.00952
11	0.02932	0.01154	0.01568	0.01222	0.01727	0.01001	0.01001	0.03214	0.02035	0.62826	0.10911	0.02772	0.02359	0.00950	0.00731	0.00221	0.00573	0.00785	0.00870	0.01147
12	0.01244	0.01148	0.01531	0.01409	0.01489	0.01434	0.01141	0.01417	0.01311	0.01819	0.03164	0.14158	0.18615	0.01594	0.01637	0.00293	0.38267	0.07153	0.00480	0.00695
13	0.02007	0.02036	0.17390	0.04805	0.27101	0.01643	0.01895	0.08261	0.05947	0.14901	0.01693	0.01868	0.01248	0.00767	0.00800	0.00225	0.05186	0.00636	0.00488	0.01103
14	0.01820	0.13163	0.20125	0.05659	0.02471	0.04759	0.10447	0.02264	0.01624	0.14489	0.01984	0.11160	0.01728	0.00959	0.00718	0.00227	0.00852	0.04127	0.00481	0.00943
15	0.01860	0.01574	0.01660	0.01467	0.01886	0.01813	0.01149	0.09919	0.62967	0.03123	0.02785	0.02566	0.02082	0.00955	0.00723	0.00239	0.00585	0.00789	0.00723	0.01135
16	0.02142	0.05867	0.02578	0.06128	0.33183	0.05732	0.04390	0.17203	0.04451	0.09041	0.01581	0.01795	0.01208	0.00725	0.00697	0.00211	0.00839	0.00634	0.00492	0.01104
17	0.13566	0.01869	0.03785	0.01428	0.01830	0.13137	0.03765	0.27165	0.02143	0.02953	0.01608	0.02265	0.01413	0.18476	0.01360	0.00325	0.00834	0.00672	0.00523	0.00883
18	0.01213	0.00773	0.01018	0.00931	0.01135	0.00707	0.00707	0.01543	0.02018	0.09253	0.63838	0.05047	0.06254	0.01402	0.00828	0.00224	0.00361	0.01234	0.00793	0.00723
19	0.01331	0.01139	0.01408	0.01572	0.12129	0.01172	0.01022	0.02188	0.23865	0.02565	0.20623	0.04301	0.21290	0.01260	0.00782	0.00232	0.00497	0.01085	0.00664	0.00873
20	0.01085	0.00882	0.00932	0.00891	0.01149	0.00852	0.00677	0.01668	0.15346	0.02323	0.15553	0.05514	0.42669	0.01522	0.00796	0.00234	0.00396	0.01278	0.05511	0.00722
21	0.00982	0.00708	0.00929	0.00913	0.01058	0.00655	0.00670	0.01280	0.01898	0.02668	0.58190	0.17821	0.06356	0.01596	0.00852	0.00236	0.00350	0.01421	0.00762	0.00655
22	0.00882	0.00631	0.00839	0.00982	0.01036	0.00588	0.00662	0.01028	0.01430	0.01924	0.10702	0.67431	0.04915	0.02152	0.00902	0.00283	0.00405	0.01949	0.00674	0.00588
23	0.01428	0.03683	0.71286	0.02030	0.03082	0.01654	0.02631	0.02255	0.01503	0.02255	0.01278	0.01503	0.00902	0.00677	0.00677	0.00226	0.01052	0.00526	0.00301	0.01052
24	0.02660	0.03394	0.02018	0.01834	0.02201	0.72116	0.01376	0.02843	0.02018	0.01743	0.01101	0.01284	0.00917	0.00734	0.00642	0.00183	0.01284	0.00459	0.00367	0.00825
25	0.01947	0.01052	0.01319	0.01212	0.01536	0.01035	0.01016	0.10982	0.01946	0.21191	0.02942	0.04581	0.02620	0.01294	0.00777	0.00251	0.00594	0.26276	0.16548	0.00882
26	0.03195	0.01212	0.01652	0.01267	0.01818	0.01047	0.01047	0.03470	0.02038	0.71026	0.02809	0.02424	0.01763	0.00881	0.00716	0.00220	0.00606	0.00716	0.00881	0.01212
27	0.64119	0.01843	0.15247	0.01157	0.01722	0.01609	0.01147	0.02126	0.01271	0.03005	0.01049	0.01227	0.00798	0.00664	0.00488	0.00221	0.00652	0.00414	0.00412	0.00828
28	0.01820	0.01895	0.03748	0.02693	0.03387	0.01814	0.54456	0.11933	0.01914	0.02607	0.01470	0.01865	0.01098	0.00634	0.00804	0.00229	0.01102	0.00788	0.00415	0.05327
29	0.01816	0.01794	0.02838	0.04219	0.66445	0.05906	0.02137	0.02225	0.01645	0.02291	0.01325	0.01734	0.01115	0.00640	0.00701	0.00210	0.00872	0.00624	0.00353	0.01110

[dist]
# distance from previous block
# <min> <max>
0	1

[block]
# block no. 4 follows, 29 sequences, length 97
# corresponding to MSA columns:
# 678-701,703-775
name=unknown_E
#
# <colnr> <probs for GDERKNQSTAVLIFYWHMCP>
#	G	D	E	R	K	N	Q	S	T	A	V	L	I	F	Y	W	H	M	C	P
0	0.01300	0.00887	0.01064	0.00975	0.01195	0.00880	0.00758	0.10131	0.02065	0.02984	0.43999	0.04512	0.04896	0.01290	0.00767	0.00218	0.00414	0.05206	0.15720	0.00740
1	0.00933	0.00712	0.00857	0.00849	0.01025	0.00635	0.00626	0.01188	0.01796	0.02401	0.39984	0.14865	0.28194	0.01676	0.00849	0.00238	0.00354	0.01457	0.00726	0.00635
2	0.69747	0.01284	0.00997	0.00901	0.01306	0.01476	0.00736	0.02037	0.01249	0.03124	0.01165	0.01352	0.00909	0.00683	0.00448	0.00213	0.00522	0.00422	0.10674	0.00757
3	0.02384	0.01759	0.01947	0.01544	0.02029	0.01956	0.01265	0.55359	0.02926	0.03945	0.01747	0.01918	0.01320	0.01713	0.14384	0.00392	0.00999	0.00664	0.00649	0.01101
4	0.01739	0.01933	0.09064	0.11429	0.44071	0.06191	0.04503	0.02335	0.07470	0.02280	0.01449	0.01806	0.01162	0.00681	0.00706	0.00218	0.00894	0.00635	0.00377	0.01057
5	0.01036	0.00690	0.00777	0.00777	0.00777	0.00690	0.00431	0.01036	0.01036	0.01381	0.02244	0.04660	0.02589	0.74975	0.03624	0.00690	0.00690	0.01036	0.00431	0.00431
6	0.01538	0.05844	0.58281	0.02246	0.10545	0.01722	0.02476	0.05141	0.01596	0.02341	0.01294	0.01529	0.00941	0.00677	0.00674	0.00221	0.01007	0.00538	0.00325	0.01063
7	0.01791	0.56992	0.16560	0.01415	0.02070	0.02554	0.01510	0.02129	0.01435	0.01789	0.01042	0.01238	0.00913	0.00663	0.00618	0.00176	0.05445	0.00424	0.00304	0.00932
8	0.00866	0.00624	0.00822	0.00980	0.01030	0.00579	0.00656	0.00993	0.01375	0.01822	0.04069	0.71536	0.07591	0.02212	0.00906	0.00287	0.00411	0.02001	0.00661	0.00579
9	0.01782	0.01411	0.02204	0.45456	0.15086	0.01608	0.01833	0.09493	0.01743	0.10289	0.01508	0.01916	0.01103	0.00735	0.00711	0.00228	0.00874	0.00644	0.00433	0.00943
10	0.01818	0.47441	0.11089	0.01868	0.11095	0.04988	0.05964	0.02166	0.01520	0.01885	0.01201	0.01566	0.01065	0.00672	0.00565	0.00182	0.00850	0.02787	0.00329	0.00948
11	0.00843	0.00715	0.00728	0.00739	0.00966	0.00600	0.00549	0.01020	0.01606	0.01917	0.07003	0.11180	0.66053	0.01831	0.00846	0.00244	0.00364	0.01536	0.00661	0.00600
12	0.00843	0.00715	0.00728	0.00739	0.00966	0.00600	0.00549	0.01020	0.01606	0.01917	0.07003	0.11180	0.66053	0.01831	0.00846	0.00244	0.00364	0.01536	0.00661	0.00600
13	0.02391	0.15789	0.15324	0.01619	0.02238	0.17813	0.01524	0.18417	0.02141	0.13885	0.01541	0.01589	0.01123	0.00754	0.00644	0.00199	0.00914	0.00543	0.00511	0.01040
14	0.01273	0.01228	0.02108	0.09940	0.06998	0.03563	0.19932	0.01593	0.01500	0.01981	0.02652	0.38396	0.02889	0.01440	0.00844	0.00261	0.00755	0.01385	0.00506	0.00756
15	0.00970	0.00726	0.00899	0.00856	0.01040	0.00656	0.00642	0.01270	0.01926	0.02642	0.55718	0.05671	0.21291	0.01535	0.00840	0.00228	0.00342	0.01337	0.00756	0.00656
16	0.01594	0.16949	0.36210	0.02197	0.14779	0.04469	0.02057	0.02142	0.01525	0.02095	0.01593	0.01816	0.05381	0.00751	0.00710	0.00211	0.03611	0.00581	0.00337	0.00992
17	0.02110	0.45081	0.03048	0.06037	0.04235	0.25247	0.01347	0.02346	0.01636	0.01726	0.01054	0.01255	0.00924	0.00657	0.00541	0.00170	0.00946	0.00430	0.00327	0.00884
18	0.01762	0.01692	0.02890	0.04371	0.70533	0.01692	0.02185	0.02185	0.01621	0.02326	0.01339	0.01762	0.01128	0.00634	0.00705	0.00211	0.00846	0.00634	0.00352	0.01128
19	0.04066	0.26072	0.15212	0.01643	0.05139	0.02187	0.01530	0.21078	0.09774	0.04556	0.01526	0.01602	0.01167	0.00741	0.00617	0.00199	0.00792	0.00549	0.00488	0.01061
20	0.01345	0.01266	0.02136	0.73264	0.04904	0.01582	0.01978	0.01819	0.01424	0.01819	0.01266	0.01898	0.00949	0.00712	0.00712	0.00237	0.00949	0.00633	0.00316	0.00791
21	0.00962	0.00717	0.00862	0.00831	0.01014	0.00641	0.00618	0.01189	0.01782	0.02375	0.40809	0.05666	0.30619	0.01666	0.00989	0.06257	0.00367	0.01319	0.00701	0.00617
22	0.67366	0.01539	0.06453	0.01048	0.01545	0.01554	0.00937	0.02225	0.01306	0.08995	0.01171	0.01293	0.00867	0.00681	0.00482	0.00221	0.00594	0.00425	0.00468	0.00831
23	0.01121	0.00824	0.01020	0.00936	0.01141	0.00782	0.00711	0.06406	0.02079	0.02890	0.58867	0.05192	0.12428	0.01443	0.00830	0.00225	0.00372	0.01259	0.00767	0.00706
24	0.01470	0.00705	0.00739	0.00710	0.00905	0.00693	0.00540	0.01797	0.01535	0.07867	0.02360	0.02637	0.01820	0.00834	0.00514	0.00170	0.00353	0.00668	0.72979	0.00705
25	0.00868	0.00620	0.00826	0.00991	0.01033	0.00578	0.00661	0.00991	0.01363	0.01818	0.03925	0.74510	0.04710	0.02231	0.00909	0.00289	0.00413	0.02024	0.00661	0.00578
26	0.01894	0.69772	0.03570	0.01236	0.01829	0.02738	0.01211	0.02258	0.06615	0.01775	0.01135	0.01258	0.01010	0.00636	0.00477	0.00159	0.00746	0.00413	0.00337	0.00930
27	0.01702	0.01460	0.01550	0.01414	0.01789	0.01680	0.01092	0.03571	0.64072	0.02890	0.02976	0.08134	0.02367	0.01062	0.00739	0.00245	0.00552	0.00898	0.00720	0.01085
28	0.01470	0.00705	0.00739	0.00710	0.00905	0.00693	0.00540	0.01797	0.01535	0.07867	0.02360	0.02637	0.01820	0.00834	0.00514	0.00170	0.00353	0.00668	0.72979	0.00705
29	0.01503	0.01494	0.02070	0.01782	0.01800	0.02061	0.01480	0.01661	0.01131	0.01730	0.01413	0.01962	0.06218	0.01289	0.02223	0.00306	0.68083	0.00690	0.00338	0.00765
30	0.00998	0.00744	0.00925	0.01035	0.01120	0.00743	0.00704	0.01359	0.10196	0.01936	0.03663	0.59810	0.04217	0.07611	0.01092	0.00314	0.00454	0.01790	0.00652	0.00639
31	0.01161	0.00797	0.00917	0.00879	0.00935	0.00826	0.00548	0.06176	0.01223	0.01645	0.02169	0.04249	0.02403	0.62367	0.10250	0.00699	0.00819	0.00978	0.00448	0.00511
32	0.03016	0.01368	0.01910	0.01448	0.02014	0.01256	0.06187	0.11814	0.02182	0.57110	0.02562	0.02292	0.01639	0.00856	0.00725	0.00221	0.00674	0.00716	0.00820	0.01193
33	0.03079	0.01266	0.01847	0.01399	0.01963	0.01104	0.06147	0.03380	0.02011	0.65786	0.02705	0.02385	0.01711	0.00860	0.00726	0.00222	0.00651	0.00726	0.00842	0.01193
34	0.80005	0.01377	0.01047	0.00936	0.01377	0.01597	0.00771	0.02093	0.01212	0.03195	0.00991	0.01157	0.00771	0.00661	0.00441	0.00220	0.00551	0.00386	0.00441	0.00771
35	0.01089	0.00863	0.01261	0.01220	0.01324	0.01048	0.00954	0.01317	0.01132	0.01647	0.01797	0.02730	0.01711	0.08325	0.59588	0.01013	0.11203	0.00758	0.00375	0.00644
36	0.01904	0.75404	0.03731	0.01218	0.01828	0.02818	0.01218	0.02132	0.01447	0.01675	0.00990	0.01142	0.00914	0.00609	0.00457	0.00152	0.00761	0.00381	0.00305	0.00914
37	0.00867	0.00722	0.00757	0.00749	0.00978	0.00612	0.00561	0.01072	0.01684	0.02069	0.17021	0.06614	0.60346	0.01749	0.00841	0.00238	0.00357	0.01469	0.00680	0.00612
38	0.01397	0.01319	0.02231	0.64566	0.13190	0.01596	0.02004	0.01866	0.01449	0.01883	0.01275	0.01881	0.00972	0.00702	0.00711	0.00234	0.00936	0.00633	0.00321	0.00834
39	0.01889	0.01627	0.01674	0.01478	0.01897	0.03730	0.01156	0.10172	0.60851	0.03095	0.02731	0.02525	0.02044	0.00949	0.00721	0.00237	0.00605	0.00779	0.00714	0.01127
40	0.02015	0.01716	0.13457	0.01916	0.13447	0.01365	0.01491	0.04838	0.06204	0.21581	0.01918	0.02053	0.01410	0.01227	0.07755	0.00302	0.04526	0.00642	0.03101	0.09034
41	0.01676	0.16815	0.47362	0.01853	0.02736	0.04242	0.04510	0.04771	0.03564	0.04228	0.01331	0.01511	0.00984	0.00684	0.00644	0.00211	0.00974	0.00526	0.00350	0.01028
42	0.04937	0.06767	0.02761	0.03222	0.40743	0.04495	0.06240	0.17285	0.02008	0.02784	0.01386	0.01679	0.01108	0.00685	0.00687	0.00209	0.00855	0.00617	0.00436	0.01097
43	0.01036	0.00690	0.00777	0.00777	0.00777	0.00690	0.00431	0.01036	0.01036	0.01381	0.02244	0.04660	0.02589	0.74975	0.03624	0.00690	0.00690	0.01036	0.00431	0.00431
44	0.01694	0.20875	0.44677	0.01899	0.05177	0.09855	0.02133	0.02289	0.01552	0.02060	0.01191	0.01401	0.00915	0.00665	0.00621	0.00203	0.01001	0.00488	0.00311	0.00996
45	0.02219	0.01969	0.12835	0.02373	0.21155	0.06868	0.03934	0.10291	0.01935	0.21276	0.01934	0.06741	0.01499	0.00848	0.00718	0.00220	0.00821	0.00728	0.00554	0.01083
46	0.01002	0.00728	0.00943	0.00889	0.01060	0.00669	0.00667	0.01332	0.02001	0.02821	0.67828	0.05376	0.09070	0.01469	0.00840	0.00225	0.00337	0.01296	0.00779	0.00669
47	0.01130	0.00807	0.01127	0.01291	0.01447	0.00804	0.01116	0.01444	0.01622	0.02111	0.03780	0.12284	0.04137	0.01984	0.00979	0.00325	0.00640	0.61666	0.00656	0.00651
48	0.01602	0.01942	0.13832	0.05175	0.40842	0.05964	0.01929	0.02043	0.01632	0.02249	0.06444	0.06812	0.04722	0.00860	0.00725	0.00220	0.00827	0.00777	0.00407	0.00997
49	0.01795	0.08419	0.31913	0.05037	0.13991	0.06310	0.08457	0.11292	0.01818	0.02481	0.01329	0.01587	0.01002	0.00686	0.00684	0.00215	0.00984	0.00578	0.00376	0.01043
50	0.01036	0.00690	0.00777	0.00777	0.00777	0.00690	0.00431	0.01036	0.01036	0.01381	0.02244	0.04660	0.02589	0.74975	0.03624	0.00690	0.00690	0.01036	0.00431	0.00431
51	0.01838	0.57560	0.11777	0.01431	0.02058	0.02585	0.03742	0.03853	0.01489	0.01843	0.01056	0.01254	0.00927	0.00664	0.00623	0.00176	0.05441	0.00437	0.00317	0.00931
52	0.04163	0.10482	0.14771	0.02212	0.15432	0.09491	0.03928	0.21703	0.02147	0.06894	0.01454	0.01609	0.01092	0.00729	0.00666	0.00207	0.00892	0.00575	0.00479	0.01073
53	0.01118	0.01013	0.00967	0.00924	0.01186	0.05357	0.00699	0.01590	0.11689	0.02194	0.14738	0.05669	0.47125	0.01564	0.00811	0.00235	0.00446	0.01304	0.00668	0.00703
54	0.00971	0.00726	0.00901	0.00857	0.01041	0.00656	0.00643	0.01273	0.01929	0.02650	0.56313	0.05656	0.20691	0.01532	0.00840	0.00228	0.00341	0.01335	0.00757	0.00656
55	0.69814	0.11037	0.01397	0.00973	0.01436	0.01757	0.00830	0.02098	0.01242	0.02997	0.00991	0.01155	0.00790	0.00654	0.00443	0.00211	0.00578	0.00385	0.00423	0.00790
56	0.01225	0.00816	0.01097	0.01143	0.01294	0.00830	0.00871	0.05573	0.01530	0.06640	0.03196	0.36212	0.03477	0.02757	0.18076	0.00493	0.00852	0.12619	0.00611	0.00688
57	0.01885	0.01900	0.05686	0.03677	0.52134	0.05858	0.02031	0.09068	0.01785	0.02475	0.01336	0.01705	0.01102	0.00704	0.00805	0.00217	0.05531	0.00620	0.00386	0.01093
58	0.01020	0.00752	0.01088	0.01088	0.01195	0.00859	0.00819	0.01235	0.01128	0.01611	0.01959	0.03085	0.01905	0.16084	0.61580	0.01074	0.01720	0.00805	0.00389	0.00604
59	0.00868	0.00620	0.00826	0.00991	0.01033	0.00578	0.00661	0.00991	0.01363	0.01818	0.03925	0.74510	0.04710	0.02231	0.00909	0.00289	0.00413	0.02024	0.00661	0.00578
60	0.01649	0.01470	0.02350	0.13363	0.42610	0.01526	0.01823	0.06897	0.01751	0.02462	0.07512	0.02526	0.01813	0.00827	0.00727	0.00222	0.00777	0.04856	0.03843	0.00996
61	0.22754	0.01254	0.01498	0.01183	0.01706	0.01187	0.00976	0.03120	0.01828	0.53753	0.02346	0.02101	0.01510	0.00825	0.00646	0.00220	0.00592	0.00632	0.00769	0.01100
62	0.01065	0.00776	0.01032	0.01097	0.01270	0.00743	0.00909	0.01381	0.01777	0.02379	0.28774	0.06905	0.11771	0.01761	0.00916	0.00280	0.00507	0.35298	0.00704	0.00656
