[name]
unknown

[dist]
# distance from previous block
# <min> <max>
0	166

[block]
# block no. 0 follows, 26 sequences, length 25
# corresponding to MSA columns:
# 260-284
name=unknown_A
#
# <colnr> <probs for GDERKNQSTAVLIFYWHMCP>
#	G	D	E	R	K	N	Q	S	T	A	V	L	I	F	Y	W	H	M	C	P
0	0.01729	0.01379	0.01450	0.01377	0.01584	0.10035	0.01052	0.02131	0.08814	0.09945	0.02742	0.14908	0.02741	0.14260	0.05580	0.00415	0.08200	0.10255	0.00600	0.00805
1	0.02547	0.01095	0.01483	0.01245	0.01667	0.00981	0.00990	0.02805	0.01909	0.45452	0.03402	0.14309	0.07096	0.01810	0.09147	0.00366	0.00760	0.01053	0.00820	0.01062
2	0.05722	0.01024	0.01237	0.01032	0.01421	0.00948	0.00827	0.02726	0.01860	0.35107	0.02665	0.02639	0.01863	0.00903	0.00641	0.00207	0.00506	0.00721	0.36955	0.00996
3	0.00914	0.00698	0.00841	0.00955	0.01074	0.00625	0.00659	0.01068	0.01549	0.01976	0.05408	0.49876	0.27196	0.02217	0.00943	0.00290	0.00420	0.01962	0.00704	0.00625
4	0.01614	0.01797	0.10451	0.13824	0.35370	0.01589	0.01994	0.02194	0.05507	0.02454	0.08872	0.02699	0.06583	0.00893	0.00775	0.00237	0.00834	0.00810	0.00457	0.01046
5	0.05179	0.01967	0.02217	0.06203	0.06198	0.15999	0.03857	0.02091	0.01484	0.01996	0.03868	0.01981	0.01351	0.05259	0.01782	0.00305	0.36358	0.00680	0.00382	0.00844
6	0.01755	0.01677	0.02857	0.23086	0.51140	0.01770	0.02267	0.02220	0.01669	0.02329	0.01405	0.01917	0.01149	0.00699	0.00753	0.00233	0.00931	0.00675	0.00365	0.01103
7	0.00937	0.00749	0.00829	0.00852	0.01047	0.00651	0.00616	0.01137	0.01719	0.02160	0.16236	0.18815	0.44737	0.04800	0.01028	0.00282	0.00404	0.01646	0.00715	0.00640
8	0.02014	0.10537	0.02360	0.05909	0.02248	0.09902	0.01452	0.12829	0.01817	0.02440	0.01244	0.01607	0.01064	0.00946	0.01311	0.00235	0.26674	0.00579	0.00430	0.14402
9	0.01163	0.00787	0.00941	0.00930	0.01132	0.00699	0.00677	0.01383	0.01778	0.07672	0.22114	0.20587	0.29373	0.05968	0.01072	0.00289	0.00431	0.01565	0.00743	0.00697
10	0.02241	0.01676	0.02711	0.06947	0.48016	0.01660	0.02009	0.04920	0.01885	0.17752	0.01795	0.02043	0.01350	0.00748	0.00754	0.00229	0.00846	0.00696	0.00516	0.01208
11	0.01751	0.27166	0.35429	0.02231	0.10705	0.02195	0.06044	0.02351	0.01608	0.02204	0.01276	0.01531	0.01005	0.00686	0.00656	0.00213	0.00999	0.00542	0.00332	0.01075
12	0.01543	0.02052	0.18081	0.04794	0.12153	0.01580	0.15343	0.02257	0.09477	0.02371	0.02225	0.17694	0.02100	0.01125	0.00890	0.00262	0.03539	0.01045	0.00482	0.00989
13	0.00931	0.00684	0.00857	0.00989	0.01068	0.00629	0.00665	0.01065	0.01478	0.01925	0.04682	0.56572	0.16119	0.07124	0.01152	0.00328	0.00450	0.01986	0.00688	0.00610
14	0.02239	0.01591	0.01742	0.01354	0.01945	0.05316	0.01084	0.09165	0.12843	0.17690	0.02042	0.02020	0.01498	0.00771	0.00668	0.00180	0.00661	0.00613	0.00640	0.35937
15	0.01538	0.02105	0.20797	0.08395	0.30601	0.01523	0.02076	0.02053	0.01656	0.02349	0.05138	0.12529	0.03943	0.01021	0.00786	0.00245	0.00862	0.00921	0.00437	0.01026
16	0.01204	0.00840	0.01037	0.01088	0.01251	0.00813	0.00776	0.01620	0.09496	0.06285	0.11929	0.44984	0.11797	0.01980	0.00916	0.00284	0.00456	0.01762	0.00742	0.00741
17	0.00956	0.00695	0.00896	0.01030	0.01111	0.00645	0.00712	0.01117	0.01533	0.02027	0.08952	0.54958	0.11661	0.04991	0.01072	0.00317	0.00455	0.05546	0.00704	0.00624
18	0.43504	0.02115	0.01422	0.01292	0.01700	0.25156	0.01008	0.02450	0.01621	0.02804	0.01264	0.01467	0.01008	0.00752	0.00550	0.00214	0.00828	0.00472	0.09546	0.00828
19	0.40572	0.04159	0.01667	0.17515	0.02479	0.01751	0.01234	0.09835	0.01663	0.06166	0.01366	0.01655	0.01042	0.01051	0.04804	0.00295	0.00813	0.00545	0.00486	0.00902
20	0.01895	0.02207	0.11150	0.08301	0.15831	0.05986	0.23960	0.07421	0.08111	0.02615	0.01620	0.01959	0.01237	0.00729	0.00790	0.00237	0.01049	0.00736	0.00439	0.03727
21	0.01672	0.01177	0.01433	0.01543	0.09491	0.01194	0.01033	0.02473	0.20159	0.10564	0.03953	0.10970	0.17466	0.01299	0.00782	0.00244	0.00540	0.01107	0.11949	0.00950
22	0.01589	0.01309	0.01576	0.07041	0.01951	0.01477	0.01167	0.09473	0.21435	0.02861	0.15910	0.08806	0.08417	0.01363	0.00999	0.00267	0.07378	0.05360	0.00691	0.00931
23	0.01370	0.01143	0.01292	0.01160	0.01546	0.01070	0.00908	0.02082	0.17322	0.02454	0.03962	0.11526	0.19043	0.01384	0.00795	0.00231	0.00530	0.08460	0.00646	0.23076
24	0.01078	0.00799	0.01070	0.01140	0.01302	0.00791	0.00907	0.01360	0.01667	0.02225	0.15750	0.15200	0.14108	0.02760	0.15477	0.00492	0.00834	0.21702	0.00664	0.00677

[dist]
# distance from previous block
# <min> <max>
0	1

[block]
# block no. 1 follows, 26 sequences, length 15
# corresponding to MSA columns:
# 286-300
name=unknown_B
#
# <colnr> <probs for GDERKNQSTAVLIFYWHMCP>
#	G	D	E	R	K	N	Q	S	T	A	V	L	I	F	Y	W	H	M	C	P
0	0.01408	0.01148	0.01291	0.01190	0.01488	0.01219	0.00911	0.02528	0.30592	0.02980	0.32444	0.04620	0.12372	0.01367	0.00841	0.00249	0.00467	0.01174	0.00792	0.00919
1	0.02103	0.01737	0.01837	0.01587	0.02055	0.01988	0.01253	0.17481	0.53439	0.03521	0.02813	0.02611	0.02093	0.01003	0.00769	0.00251	0.00651	0.00820	0.00769	0.01220
2	0.02034	0.11947	0.02798	0.06324	0.17422	0.15493	0.09825	0.05225	0.01832	0.02325	0.01336	0.01649	0.01096	0.00680	0.00681	0.00193	0.00962	0.00582	0.00403	0.17194
3	0.01414	0.00707	0.00707	0.00707	0.00884	0.00707	0.00530	0.01767	0.01591	0.02828	0.02474	0.02828	0.01944	0.00884	0.00530	0.00177	0.00353	0.00707	0.77554	0.00707
4	0.00963	0.00761	0.00761	0.00761	0.01006	0.00649	0.00570	0.01176	0.01711	0.02149	0.07015	0.06725	0.59778	0.01788	0.00849	0.00246	0.00380	0.01486	0.10578	0.00649
5	0.01465	0.01121	0.01492	0.01359	0.01615	0.01145	0.05377	0.15042	0.02006	0.02698	0.10741	0.26711	0.06604	0.05637	0.07093	0.00382	0.00747	0.07292	0.00670	0.00805
6	0.02314	0.09178	0.02632	0.02574	0.21089	0.13632	0.06009	0.07127	0.13976	0.11142	0.01885	0.01998	0.01434	0.00803	0.00729	0.00223	0.00906	0.00677	0.00544	0.01129
7	0.01490	0.02710	0.41526	0.01733	0.02483	0.01473	0.02012	0.05641	0.01629	0.02460	0.01687	0.02079	0.01316	0.01800	0.15348	0.00436	0.01187	0.00641	0.11370	0.00978
8	0.01495	0.00890	0.01107	0.01096	0.01324	0.00828	0.00803	0.01845	0.07069	0.15427	0.07072	0.38122	0.16204	0.01862	0.00895	0.00277	0.00480	0.01637	0.00761	0.00806
9	0.01587	0.01975	0.15196	0.37750	0.24461	0.01736	0.02306	0.02146	0.01598	0.02193	0.01375	0.01898	0.01061	0.00726	0.00749	0.00242	0.00998	0.00653	0.00346	0.01006
10	0.05305	0.07639	0.08335	0.02573	0.15721	0.06569	0.17310	0.05928	0.07827	0.02549	0.01921	0.05989	0.01692	0.00931	0.00785	0.00245	0.00951	0.06230	0.00476	0.01026
11	0.01292	0.01061	0.01478	0.01870	0.14596	0.01066	0.01178	0.01794	0.10123	0.02277	0.03752	0.32034	0.08978	0.01775	0.00909	0.00289	0.00597	0.13459	0.00647	0.00825
12	0.16806	0.02260	0.06578	0.01962	0.10593	0.20226	0.01450	0.02351	0.01643	0.02397	0.01210	0.01504	0.01008	0.00774	0.00862	0.00210	0.10131	0.00517	0.00404	0.17114
13	0.09244	0.07403	0.10300	0.16652	0.02782	0.25566	0.01584	0.02312	0.01709	0.02080	0.01565	0.06803	0.01434	0.04661	0.00865	0.00255	0.01032	0.02488	0.00407	0.00857
14	0.01766	0.12151	0.32648	0.01722	0.02453	0.01689	0.01905	0.05666	0.05032	0.08753	0.02171	0.08806	0.01924	0.01078	0.00761	0.00249	0.00880	0.08806	0.00507	0.01032

[dist]
# distance from previous block
# <min> <max>
0	9

[block]
# block no. 2 follows, 26 sequences, length 22
# corresponding to MSA columns:
# 310-331
name=unknown_C
#
# <colnr> <probs for GDERKNQSTAVLIFYWHMCP>
#	G	D	E	R	K	N	Q	S	T	A	V	L	I	F	Y	W	H	M	C	P
0	0.58602	0.02024	0.15816	0.01282	0.01898	0.01745	0.01275	0.05255	0.01464	0.03253	0.01157	0.01339	0.00873	0.00717	0.00537	0.00236	0.00713	0.00456	0.00451	0.00908
1	0.03135	0.01392	0.01783	0.01403	0.01966	0.01307	0.01147	0.07337	0.12463	0.55083	0.02940	0.02577	0.01913	0.00951	0.00764	0.00238	0.00649	0.00773	0.00902	0.01277
2	0.02021	0.01181	0.01610	0.01652	0.11249	0.01108	0.01111	0.06954	0.02154	0.23317	0.27394	0.04054	0.10510	0.01227	0.00823	0.00236	0.00563	0.01057	0.00781	0.00997
3	0.01700	0.01003	0.01301	0.01229	0.01491	0.01013	0.00932	0.02237	0.12078	0.17835	0.08264	0.25130	0.03354	0.02473	0.15760	0.00473	0.00848	0.01276	0.00716	0.00887
4	0.14093	0.01265	0.01471	0.01223	0.01649	0.01260	0.02943	0.10649	0.05114	0.19420	0.16226	0.03778	0.15419	0.01202	0.00772	0.00240	0.00572	0.00986	0.00751	0.00967
5	0.01776	0.00913	0.01135	0.01037	0.01342	0.00809	0.00801	0.02027	0.01846	0.23427	0.10540	0.16739	0.21330	0.01556	0.00835	0.00252	0.00483	0.03624	0.08672	0.00858
6	0.01731	0.01653	0.02815	0.26630	0.47780	0.01764	0.02255	0.02200	0.01658	0.02301	0.01401	0.01925	0.01139	0.00703	0.00753	0.00234	0.00937	0.00675	0.00363	0.01084
7	0.07023	0.01551	0.02402	0.27044	0.22569	0.01812	0.01913	0.02183	0.01538	0.07346	0.01403	0.01892	0.01117	0.00865	0.01103	0.00259	0.15938	0.00661	0.00403	0.00978
8	0.01051	0.00763	0.00954	0.00968	0.01083	0.00780	0.00682	0.01216	0.01329	0.01797	0.03544	0.10086	0.16650	0.24877	0.26660	0.00747	0.01084	0.01172	0.03957	0.00600
9	0.01597	0.01516	0.02540	0.11783	0.04943	0.01556	0.22485	0.02373	0.15619	0.02311	0.02017	0.02827	0.01739	0.16956	0.01486	0.00353	0.00919	0.00868	0.00481	0.05631
10	0.01690	0.01713	0.02344	0.36876	0.14987	0.09910	0.01931	0.02083	0.01555	0.01993	0.01325	0.01918	0.01088	0.01120	0.05021	0.00309	0.12227	0.00659	0.00353	0.00897
11	0.01107	0.00847	0.01133	0.01117	0.01212	0.00928	0.00818	0.01305	0.01437	0.02005	0.15658	0.15038	0.07009	0.17068	0.22219	0.00648	0.08029	0.01219	0.00557	0.00645
12	0.01770	0.01741	0.02518	0.06505	0.42938	0.06627	0.01876	0.02147	0.01703	0.02320	0.02116	0.02450	0.09125	0.00861	0.00844	0.00223	0.04839	0.00750	0.00418	0.08228
13	0.01470	0.00816	0.00827	0.00806	0.01013	0.00847	0.00610	0.02036	0.09386	0.02869	0.02547	0.02828	0.01988	0.00901	0.00559	0.00186	0.00383	0.00725	0.68437	0.00766
14	0.26860	0.01895	0.01664	0.03868	0.09781	0.18105	0.01237	0.02374	0.06419	0.02544	0.01761	0.02699	0.01620	0.07660	0.00969	0.00286	0.00854	0.08058	0.00484	0.00861
15	0.01799	0.01892	0.02303	0.01987	0.02033	0.10394	0.01636	0.01968	0.01279	0.01829	0.01017	0.01625	0.00993	0.01263	0.02275	0.00316	0.63574	0.00643	0.00339	0.00836
16	0.07596	0.10630	0.07876	0.10101	0.06023	0.19186	0.04393	0.02462	0.06224	0.04358	0.02128	0.02650	0.06556	0.00953	0.00723	0.00231	0.00951	0.05564	0.00467	0.00928
17	0.08744	0.01981	0.21299	0.01506	0.02075	0.01360	0.03846	0.06696	0.04326	0.06024	0.02688	0.10011	0.09693	0.06173	0.06533	0.00353	0.00876	0.00928	0.00526	0.04361
18	0.02150	0.21874	0.11874	0.07034	0.02427	0.10400	0.01539	0.12097	0.09760	0.06126	0.01689	0.01815	0.01295	0.00799	0.00656	0.00210	0.00876	0.00592	0.05741	0.01045
19	0.02387	0.24572	0.02483	0.01494	0.01961	0.18926	0.01245	0.05043	0.04900	0.15607	0.01967	0.10147	0.01712	0.00996	0.00741	0.00215	0.03321	0.00746	0.00547	0.00989
20	0.02183	0.05020	0.08599	0.01914	0.12451	0.05020	0.01416	0.02762	0.09669	0.23209	0.08856	0.06905	0.06549	0.01067	0.00774	0.00237	0.00718	0.00900	0.00673	0.01079
21	0.07626	0.01758	0.06078	0.13559	0.08806	0.06185	0.09144	0.02577	0.07208	0.13706	0.02111	0.02432	0.04107	0.00857	0.00743	0.00231	0.00856	0.02796	0.00534	0.08686

[dist]
# distance from previous block
# <min> <max>
0	241

[block]
# block no. 3 follows, 26 sequences, length 8
# corresponding to MSA columns:
# 647-654
name=unknown_D
#
# <colnr> <probs for GDERKNQSTAVLIFYWHMCP>
#	G	D	E	R	K	N	Q	S	T	A	V	L	I	F	Y	W	H	M	C	P
0	0.01933	0.39684	0.02827	0.01352	0.01863	0.14262	0.01178	0.02163	0.01639	0.01918	0.01609	0.12567	0.01631	0.00932	0.00608	0.00184	0.00816	0.00702	0.00414	0.11718
1	0.02568	0.01556	0.01826	0.01416	0.01959	0.01540	0.01154	0.28411	0.02650	0.23248	0.12551	0.02617	0.02364	0.00971	0.00754	0.00215	0.00665	0.00782	0.00781	0.11972
2	0.01235	0.01317	0.10805	0.13639	0.02111	0.01086	0.01236	0.01543	0.01375	0.01885	0.02397	0.04127	0.04652	0.28223	0.10770	0.00559	0.00971	0.07958	0.03418	0.00691
3	0.07614	0.01576	0.02355	0.32227	0.23799	0.01785	0.01915	0.05628	0.10900	0.02533	0.01618	0.02021	0.01252	0.00775	0.00736	0.00242	0.00878	0.00681	0.00441	0.01024
4	0.01414	0.00707	0.00707	0.00707	0.00884	0.00707	0.00530	0.01767	0.01591	0.02828	0.02474	0.02828	0.01944	0.00884	0.00530	0.00177	0.00353	0.00707	0.77554	0.00707
5	0.00989	0.00759	0.00774	0.00770	0.01009	0.00656	0.00578	0.01217	0.01733	0.02234	0.10652	0.06494	0.54033	0.01735	0.00839	0.00243	0.00378	0.01446	0.12808	0.00656
6	0.01282	0.00969	0.01237	0.01455	0.10583	0.00960	0.00895	0.01716	0.08013	0.02402	0.13767	0.13108	0.13154	0.12725	0.01277	0.00318	0.00531	0.01204	0.13639	0.00765
7	0.14096	0.28220	0.02695	0.22114	0.02894	0.02232	0.01472	0.10420	0.01785	0.05756	0.01335	0.01602	0.01045	0.00738	0.00613	0.00212	0.00830	0.00539	0.00437	0.00967

[dist]
# distance from previous block
# <min> <max>
9	13

[block]
# block no. 4 follows, 26 sequences, length 8
# corresponding to MSA columns:
# 672-679
name=unknown_E
#
# <colnr> <probs for GDERKNQSTAVLIFYWHMCP>
#	G	D	E	R	K	N	Q	S	T	A	V	L	I	F	Y	W	H	M	C	P
0	0.01365	0.00981	0.01167	0.01115	0.01269	0.01029	0.00787	0.12760	0.01677	0.02254	0.02894	0.20786	0.05749	0.27846	0.14298	0.00605	0.00896	0.01256	0.00574	0.00693
1	0.01106	0.00739	0.00784	0.00784	0.00900	0.00700	0.00511	0.01240	0.01399	0.01937	0.04037	0.05229	0.22761	0.35963	0.02241	0.00469	0.00546	0.01172	0.16915	0.00568
2	0.00995	0.00753	0.00918	0.00918	0.01096	0.00676	0.00673	0.01264	0.01901	0.02555	0.39114	0.18099	0.24661	0.01806	0.00908	0.00256	0.00380	0.01578	0.00773	0.00676
3	0.02988	0.01205	0.01663	0.01326	0.01832	0.01085	0.01085	0.03278	0.02001	0.57084	0.02821	0.02653	0.01881	0.01789	0.13209	0.00411	0.00893	0.00772	0.00844	0.01181
4	0.02070	0.01630	0.01739	0.01481	0.01891	0.01832	0.01146	0.23674	0.34715	0.03391	0.02551	0.02884	0.02061	0.13927	0.01320	0.00333	0.00701	0.00845	0.00712	0.01097
5	0.15680	0.02249	0.03424	0.02563	0.03204	0.15200	0.41740	0.02511	0.01771	0.02491	0.01379	0.01769	0.01058	0.00679	0.00778	0.00240	0.01173	0.00730	0.00400	0.00959
6	0.02295	0.34537	0.03407	0.01845	0.02457	0.15801	0.12905	0.13803	0.02065	0.02447	0.01300	0.01502	0.01062	0.00720	0.00647	0.00197	0.01007	0.00559	0.00425	0.01020
7	0.01857	0.01903	0.02062	0.08865	0.05744	0.20763	0.09151	0.04049	0.01836	0.04169	0.04317	0.17049	0.02376	0.01385	0.03271	0.00282	0.00981	0.05852	0.00516	0.03573

[dist]
# distance from previous block
# <min> <max>
0	2

[block]
# block no. 5 follows, 26 sequences, length 8
# corresponding to MSA columns:
# 682-689
name=unknown_F
#
# <colnr> <probs for GDERKNQSTAVLIFYWHMCP>
#	G	D	E	R	K	N	Q	S	T	A	V	L	I	F	Y	W	H	M	C	P
0	0.01406	0.01343	0.05655	0.11244	0.02296	0.01295	0.05794	0.04521	0.12951	0.02331	0.02599	0.22316	0.02545	0.02071	0.12462	0.00420	0.00937	0.01143	0.00554	0.06117
1	0.01089	0.00859	0.01163	0.01215	0.01281	0.00933	0.00895	0.01276	0.01536	0.02120	0.14303	0.46145	0.04664	0.02048	0.01215	0.00303	0.12413	0.05207	0.00663	0.00673
2	0.01564	0.01207	0.01777	0.34486	0.03260	0.01372	0.01486	0.07181	0.01752	0.07808	0.05594	0.03154	0.11444	0.01819	0.12434	0.00411	0.01015	0.00873	0.00510	0.00854
3	0.06936	0.01978	0.14479	0.02470	0.22598	0.01629	0.01713	0.14016	0.01920	0.05528	0.01817	0.05583	0.01613	0.12984	0.01259	0.00319	0.00849	0.00782	0.00496	0.01031
4	0.01472	0.01249	0.02166	0.08324	0.16428	0.01266	0.12094	0.01732	0.01480	0.02011	0.01992	0.03517	0.01939	0.09241	0.06319	0.15332	0.00953	0.11281	0.00430	0.00775
5	0.00949	0.00691	0.00853	0.00970	0.01042	0.00640	0.00642	0.01069	0.01440	0.01878	0.04469	0.50568	0.15235	0.14120	0.01438	0.00371	0.00480	0.01888	0.00663	0.00594
6	0.01555	0.01420	0.02266	0.41503	0.14821	0.03902	0.04038	0.01894	0.01482	0.01934	0.01344	0.02012	0.01097	0.01075	0.01188	0.13253	0.03374	0.00673	0.00345	0.00823
7	0.01871	0.08551	0.09860	0.08239	0.45302	0.01885	0.06439	0.02357	0.01703	0.04591	0.01440	0.01833	0.01163	0.00690	0.00734	0.00225	0.00939	0.00657	0.00382	0.01140

[dist]
# distance from previous block
# <min> <max>
0	11

[block]
# block no. 6 follows, 26 sequences, length 10
# corresponding to MSA columns:
# 701-705,779-783
name=unknown_G
#
# <colnr> <probs for GDERKNQSTAVLIFYWHMCP>
#	G	D	E	R	K	N	Q	S	T	A	V	L	I	F	Y	W	H	M	C	P
0	0.01429	0.01163	0.01248	0.01187	0.01443	0.05569	0.00932	0.10754	0.02133	0.02777	0.24879	0.11780	0.17281	0.01654	0.00896	0.00264	0.00567	0.12528	0.00732	0.00782
1	0.21044	0.01526	0.07493	0.01183	0.01675	0.01318	0.01004	0.02162	0.10409	0.02593	0.01726	0.02352	0.01528	0.15503	0.01254	0.00302	0.00660	0.00639	0.00489	0.25139
2	0.50023	0.08540	0.01326	0.00997	0.01398	0.01551	0.00818	0.01981	0.01415	0.02955	0.04557	0.08924	0.06040	0.00988	0.00569	0.00232	0.00557	0.00718	0.05618	0.00793
3	0.01023	0.00747	0.00961	0.00962	0.01116	0.00686	0.00701	0.01313	0.01946	0.02694	0.47786	0.21756	0.11926	0.01779	0.00912	0.00257	0.00380	0.01578	0.00793	0.00686
4	0.01573	0.01348	0.01573	0.01123	0.01798	0.01011	0.00899	0.01910	0.01573	0.02472	0.01348	0.01573	0.01123	0.00562	0.00562	0.00112	0.00562	0.00449	0.00449	0.77980
5	0.01026	0.00916	0.01305	0.01174	0.01447	0.00809	0.09556	0.01264	0.01668	0.02073	0.05957	0.23115	0.43134	0.01860	0.00914	0.00269	0.00521	0.01644	0.00660	0.00687
6	0.00921	0.00741	0.00822	0.00862	0.01055	0.00642	0.00624	0.01115	0.01699	0.02120	0.12860	0.24208	0.45669	0.02002	0.00915	0.00268	0.00396	0.01722	0.00717	0.00642
7	0.01638	0.01161	0.01774	0.08413	0.18700	0.01208	0.01319	0.01920	0.01480	0.11130	0.02026	0.02993	0.01826	0.18114	0.22319	0.00639	0.01179	0.00822	0.00477	0.00862
8	0.01290	0.00792	0.00983	0.00994	0.01174	0.00712	0.00707	0.01469	0.01656	0.11245	0.11361	0.33886	0.19818	0.08839	0.01195	0.00320	0.00475	0.01648	0.00726	0.00710
9	0.02239	0.02195	0.01792	0.01560	0.01928	0.25892	0.01200	0.21699	0.02301	0.02715	0.02213	0.02646	0.07510	0.08935	0.11398	0.00417	0.01151	0.00759	0.00541	0.00911

[dist]
# distance from previous block
# <min> <max>
0	1

[block]
# block no. 7 follows, 26 sequences, length 29
# corresponding to MSA columns:
# 785-813
name=unknown_H
#
# <colnr> <probs for GDERKNQSTAVLIFYWHMCP>
#	G	D	E	R	K	N	Q	S	T	A	V	L	I	F	Y	W	H	M	C	P
0	0.31837	0.06178	0.01956	0.01805	0.08707	0.26767	0.01294	0.08804	0.01884	0.02797	0.01211	0.01404	0.00971	0.00747	0.00605	0.00215	0.00939	0.00492	0.00452	0.00935
1	0.37062	0.02153	0.02187	0.02054	0.10132	0.19222	0.12281	0.02479	0.01647	0.02732	0.01212	0.01483	0.00963	0.00709	0.00630	0.00227	0.00942	0.00545	0.00424	0.00916
2	0.10516	0.00900	0.01036	0.00962	0.01224	0.00850	0.00735	0.01648	0.01918	0.09140	0.37199	0.08761	0.19272	0.01516	0.00836	0.00245	0.00423	0.01291	0.00766	0.00762
3	0.01118	0.00885	0.01070	0.01027	0.01299	0.00749	0.00763	0.01349	0.01619	0.02212	0.09426	0.30694	0.17578	0.01723	0.00847	0.00243	0.00470	0.05586	0.00648	0.20695
4	0.01434	0.01342	0.02311	0.02263	0.14919	0.01330	0.17996	0.01748	0.01537	0.02090	0.05576	0.03681	0.10308	0.21779	0.04311	0.00425	0.04669	0.01007	0.00463	0.00812
5	0.00992	0.00709	0.00952	0.01096	0.01179	0.00670	0.00787	0.01189	0.01594	0.02141	0.12990	0.53473	0.05210	0.02218	0.00970	0.00305	0.00469	0.11690	0.00721	0.00643
6	0.01564	0.03670	0.61495	0.02460	0.11081	0.01766	0.02746	0.02393	0.01616	0.02411	0.01369	0.01634	0.00990	0.00715	0.00724	0.00238	0.01095	0.00574	0.00327	0.01131
7	0.01921	0.06640	0.10750	0.02365	0.11940	0.09773	0.13182	0.06569	0.01789	0.02425	0.01348	0.01685	0.01090	0.00752	0.00908	0.00215	0.09024	0.00616	0.00405	0.16603
8	0.01444	0.01225	0.01427	0.01082	0.01655	0.00937	0.00848	0.01747	0.01577	0.02379	0.02242	0.08965	0.08095	0.00869	0.00634	0.00145	0.00533	0.00726	0.00499	0.62970
9	0.02596	0.01904	0.02063	0.01637	0.02199	0.02086	0.01332	0.42734	0.19997	0.08505	0.02207	0.02123	0.01589	0.00927	0.00753	0.00230	0.00748	0.00723	0.00759	0.04890
10	0.01878	0.01568	0.02140	0.05496	0.15699	0.01705	0.04691	0.13142	0.15605	0.05075	0.10186	0.02932	0.05708	0.03654	0.01047	0.00266	0.06676	0.00874	0.00610	0.01048
11	0.01924	0.01844	0.10147	0.06058	0.21201	0.05183	0.01671	0.06439	0.01767	0.10398	0.05108	0.02599	0.01783	0.13078	0.01422	0.00324	0.06797	0.00769	0.00495	0.00992
12	0.02652	0.02174	0.02031	0.01681	0.02193	0.15257	0.01339	0.28761	0.21226	0.11438	0.02195	0.02111	0.01591	0.00923	0.00748	0.00231	0.00849	0.00704	0.00713	0.01185
13	0.01422	0.01260	0.01755	0.16550	0.08840	0.04405	0.04395	0.01939	0.07890	0.02212	0.02860	0.16430	0.05995	0.01694	0.06029	0.00340	0.00851	0.09883	0.04422	0.00830
14	0.02037	0.10885	0.09883	0.02025	0.10091	0.19464	0.04566	0.05564	0.01922	0.05379	0.08450	0.02797	0.02082	0.05391	0.00936	0.00257	0.00957	0.05876	0.00491	0.00945
15	0.01572	0.01804	0.10647	0.23680	0.16374	0.01675	0.13015	0.02129	0.03153	0.02216	0.01536	0.02085	0.01226	0.01310	0.08728	0.00357	0.04088	0.00720	0.02722	0.00962
16	0.02259	0.01725	0.02632	0.06768	0.33653	0.04833	0.05084	0.02635	0.01783	0.19493	0.01766	0.02024	0.01327	0.00831	0.00972	0.00242	0.09620	0.00699	0.00514	0.01136
17	0.04346	0.10049	0.18680	0.02306	0.09822	0.05390	0.15973	0.07311	0.01810	0.04778	0.01734	0.08026	0.01510	0.03882	0.00884	0.00256	0.00980	0.00799	0.00444	0.01018
18	0.01800	0.01605	0.02278	0.10545	0.13938	0.08114	0.11844	0.05321	0.01819	0.07288	0.05742	0.06401	0.06510	0.09133	0.01159	0.00301	0.00887	0.03882	0.00520	0.00913
19	0.01457	0.01829	0.16284	0.02029	0.10986	0.01341	0.09987	0.04623	0.04059	0.02682	0.23691	0.03689	0.09098	0.03775	0.00939	0.00259	0.00757	0.01009	0.00575	0.00930
20	0.01514	0.06920	0.48858	0.02128	0.03047	0.01711	0.11174	0.02238	0.01607	0.02318	0.01706	0.10147	0.01472	0.00903	0.00762	0.00246	0.01045	0.00789	0.00375	0.01040
21	0.01676	0.01980	0.19731	0.14995	0.13517	0.01438	0.05119	0.02179	0.01669	0.10208	0.02306	0.13490	0.03943	0.01090	0.00803	0.00255	0.00872	0.03245	0.00495	0.00989
22	0.07237	0.01948	0.08791	0.08997	0.17206	0.01879	0.01725	0.21631	0.10042	0.07135	0.01822	0.02006	0.01363	0.01027	0.03633	0.00276	0.00889	0.00681	0.00569	0.01144
23	0.01830	0.01712	0.02839	0.20525	0.49517	0.01806	0.02223	0.05976	0.01785	0.02484	0.01431	0.01909	0.01161	0.00709	0.00753	0.00232	0.00924	0.00676	0.00389	0.01121
24	0.01346	0.00973	0.01359	0.05250	0.07524	0.00983	0.01120	0.01751	0.06808	0.06102	0.03519	0.32791	0.03805	0.04488	0.01039	0.00317	0.00618	0.18759	0.00664	0.00783
25	0.11495	0.01629	0.09972	0.07144	0.22541	0.01391	0.01616	0.02147	0.01628	0.10758	0.02259	0.19812	0.02161	0.01153	0.00769	0.00252	0.00746	0.01014	0.00532	0.00982
26	0.08828	0.01138	0.01359	0.01188	0.01621	0.01002	0.00981	0.01852	0.01695	0.05412	0.10218	0.04286	0.02875	0.01196	0.00755	0.00219	0.00587	0.20560	0.00597	0.33630
27	0.11216	0.01485	0.02302	0.02369	0.19046	0.01399	0.12342	0.02152	0.01643	0.07783	0.01940	0.12972	0.01783	0.00937	0.00735	0.00221	0.00761	0.00872	0.00501	0.17541
28	0.02232	0.10323	0.05741	0.03013	0.34596	0.05340	0.01802	0.02609	0.01810	0.17984	0.01896	0.06090	0.01534	0.00842	0.00730	0.00224	0.00838	0.00736	0.00519	0.01140

[dist]
# distance from previous block
# <min> <max>
2	8

[block]
# block no. 8 follows, 26 sequences, length 7
# corresponding to MSA columns:
# 822-828
name=unknown_I
#
# <colnr> <probs for GDERKNQSTAVLIFYWHMCP>
#	G	D	E	R	K	N	Q	S	T	A	V	L	I	F	Y	W	H	M	C	P
0	0.01626	0.01531	0.02576	0.25321	0.31412	0.01665	0.05843	0.02189	0.05725	0.02252	0.01592	0.02138	0.01299	0.01379	0.09878	0.00368	0.01088	0.00718	0.00393	0.01007
1	0.02046	0.06755	0.12100	0.15750	0.06731	0.01906	0.11588	0.18528	0.02144	0.06370	0.01570	0.01846	0.01159	0.00755	0.00739	0.00225	0.00946	0.00662	0.00491	0.07692
2	0.01124	0.00917	0.01452	0.10615	0.01924	0.00955	0.06859	0.01362	0.01403	0.01889	0.02927	0.35082	0.03251	0.11604	0.14510	0.00523	0.00933	0.01455	0.00538	0.00675
3	0.01100	0.00885	0.01242	0.07132	0.09798	0.00868	0.00970	0.01297	0.01498	0.01970	0.03994	0.39444	0.14633	0.10088	0.01243	0.00333	0.00568	0.01638	0.00605	0.00693
4	0.01986	0.01472	0.01978	0.01605	0.02062	0.01485	0.07092	0.12503	0.06126	0.11604	0.02287	0.07133	0.02019	0.01124	0.00980	0.00241	0.08877	0.09932	0.00616	0.18879
5	0.02427	0.02052	0.13810	0.01553	0.02154	0.05642	0.01443	0.22397	0.02447	0.20289	0.08355	0.02635	0.05403	0.00985	0.00756	0.00230	0.00777	0.00781	0.04742	0.01119
6	0.01553	0.05102	0.15987	0.01819	0.02349	0.05601	0.13103	0.02196	0.09145	0.02286	0.02414	0.14876	0.02353	0.05778	0.01017	0.00288	0.00876	0.08192	0.00511	0.04553

[dist]
# distance from previous block
# <min> <max>
0	897

# created by:
# /home/berkeley/.conda/envs/busco_data_prod/bin/msa2prfl.pl pipeline/OGs_align_augustus/5794/58426.fs
