[name]
unknown

[dist]
# distance from previous block
# <min> <max>
3	94

[block]
# block no. 0 follows, 32 sequences, length 137
# corresponding to MSA columns:
# 113-139,171-178,180-182,192-216,224-297
name=unknown_A
#
# <colnr> <probs for GDERKNQSTAVLIFYWHMCP>
#	G	D	E	R	K	N	Q	S	T	A	V	L	I	F	Y	W	H	M	C	P
0	0.26617	0.01438	0.01801	0.29007	0.17167	0.06167	0.01462	0.01928	0.01355	0.02237	0.01115	0.01487	0.00879	0.00634	0.00577	0.00205	0.00759	0.00504	0.00349	0.04311
1	0.23899	0.01244	0.01282	0.01076	0.01447	0.03275	0.00866	0.13653	0.01835	0.13299	0.18249	0.02669	0.07184	0.00949	0.00679	0.00206	0.02967	0.00732	0.00604	0.03884
2	0.01685	0.05348	0.01820	0.01382	0.01784	0.01163	0.12381	0.02213	0.11794	0.17868	0.08524	0.18067	0.02501	0.01068	0.00712	0.00213	0.00598	0.00971	0.00598	0.09311
3	0.06046	0.46873	0.27751	0.01402	0.02114	0.02206	0.01592	0.02048	0.01370	0.01850	0.01028	0.01197	0.00850	0.00599	0.00502	0.00171	0.00803	0.00407	0.00293	0.00899
4	0.00879	0.00702	0.00737	0.00727	0.00958	0.00588	0.00543	0.01051	0.01515	0.03857	0.06220	0.12268	0.61659	0.01670	0.00785	0.00226	0.00356	0.01404	0.00622	0.03234
5	0.01802	0.01471	0.01893	0.01562	0.01946	0.07390	0.13635	0.14283	0.14031	0.10358	0.02388	0.21764	0.02196	0.01120	0.00740	0.00228	0.00701	0.01008	0.00590	0.00894
6	0.01806	0.01712	0.02927	0.02135	0.02726	0.01692	0.36776	0.20219	0.01944	0.02683	0.01373	0.01672	0.01040	0.00652	0.00790	0.00203	0.04979	0.00668	0.00435	0.13568
7	0.00912	0.00669	0.00799	0.00814	0.00977	0.00594	0.00592	0.01116	0.01591	0.04090	0.26257	0.24543	0.31245	0.01680	0.00806	0.00233	0.00352	0.01463	0.00665	0.00598
8	0.00961	0.00708	0.01022	0.01022	0.01122	0.00808	0.00768	0.01162	0.01062	0.01516	0.01849	0.02924	0.01802	0.16735	0.62228	0.01008	0.01609	0.00761	0.00367	0.00568
9	0.01531	0.21600	0.51195	0.01712	0.02558	0.06474	0.02074	0.02132	0.01435	0.01959	0.01126	0.01319	0.00854	0.00625	0.00584	0.00193	0.00938	0.00458	0.00288	0.00946
10	0.01284	0.01210	0.02044	0.71702	0.07591	0.01495	0.01872	0.01730	0.01350	0.01735	0.01196	0.01783	0.00902	0.00668	0.00671	0.00223	0.00890	0.00596	0.00300	0.00759
11	0.02506	0.03198	0.01901	0.01729	0.02074	0.73725	0.01296	0.02679	0.01901	0.01642	0.01037	0.01210	0.00864	0.00691	0.00605	0.00173	0.01210	0.00432	0.00346	0.00778
12	0.01738	0.02042	0.03615	0.02644	0.03267	0.13738	0.58345	0.02238	0.01637	0.02065	0.01304	0.01710	0.00992	0.00587	0.00761	0.00217	0.01144	0.00732	0.00340	0.00884
13	0.01407	0.13487	0.63462	0.01808	0.02743	0.01708	0.02297	0.02109	0.01409	0.02050	0.01167	0.01370	0.00851	0.00629	0.00609	0.00203	0.00954	0.00477	0.00284	0.00974
14	0.03010	0.01142	0.01557	0.01194	0.01713	0.00986	0.00986	0.03270	0.01920	0.72698	0.02647	0.02284	0.01661	0.00830	0.00675	0.00208	0.00571	0.00675	0.00830	0.01142
15	0.01669	0.01441	0.01517	0.01365	0.01745	0.01669	0.01062	0.03565	0.71021	0.02807	0.02731	0.02503	0.02048	0.00910	0.00683	0.00228	0.00531	0.00759	0.00683	0.01062
16	0.00826	0.00591	0.00786	0.00928	0.00975	0.00551	0.00624	0.00956	0.01324	0.01776	0.08112	0.71386	0.04560	0.02055	0.00852	0.00269	0.00385	0.01863	0.00630	0.00551
17	0.00959	0.00719	0.01078	0.01078	0.01198	0.00839	0.00839	0.01198	0.01078	0.01558	0.01797	0.02636	0.01677	0.05032	0.73760	0.01078	0.01797	0.00719	0.00359	0.00599
18	0.01067	0.00693	0.00766	0.00734	0.00943	0.00620	0.00555	0.01312	0.01608	0.06129	0.20756	0.04901	0.35124	0.01346	0.00706	0.00204	0.00340	0.01131	0.20436	0.00629
19	0.68094	0.01272	0.01082	0.00934	0.01367	0.01418	0.00770	0.02189	0.01272	0.14661	0.01221	0.01290	0.00883	0.00658	0.00459	0.00208	0.00528	0.00415	0.00485	0.00796
20	0.02506	0.03198	0.01901	0.01729	0.02074	0.73725	0.01296	0.02679	0.01901	0.01642	0.01037	0.01210	0.00864	0.00691	0.00605	0.00173	0.01210	0.00432	0.00346	0.00778
21	0.00834	0.00611	0.00784	0.00889	0.00969	0.00561	0.00610	0.00988	0.01407	0.01872	0.14286	0.56798	0.13034	0.01943	0.00839	0.00258	0.00372	0.01743	0.00640	0.00561
22	0.01748	0.69280	0.10655	0.01227	0.01844	0.02542	0.01285	0.02021	0.01369	0.01635	0.00961	0.01111	0.00860	0.00581	0.00452	0.00151	0.00746	0.00373	0.00287	0.00875
23	0.02128	0.01659	0.01623	0.05427	0.01920	0.14662	0.01109	0.18129	0.10145	0.16321	0.02265	0.07011	0.05384	0.00940	0.00676	0.00204	0.00713	0.02914	0.00598	0.06172
24	0.01543	0.01678	0.03467	0.14829	0.13312	0.01649	0.49157	0.02065	0.01536	0.02084	0.01317	0.01786	0.01004	0.00587	0.00754	0.00222	0.01046	0.00733	0.00332	0.00901
25	0.01193	0.00740	0.00975	0.00885	0.01086	0.00675	0.00675	0.01503	0.01902	0.10961	0.63701	0.04690	0.05779	0.01308	0.00778	0.00211	0.00347	0.01150	0.00749	0.00693
26	0.01836	0.72659	0.03433	0.01170	0.01742	0.02623	0.01155	0.05786	0.01463	0.01726	0.00971	0.01106	0.00877	0.00587	0.00444	0.00147	0.00719	0.00372	0.00308	0.00877
27	0.01436	0.18236	0.58967	0.01759	0.02666	0.01779	0.02211	0.02102	0.01406	0.02015	0.01150	0.01348	0.00852	0.00625	0.00596	0.00199	0.00936	0.00468	0.00284	0.00965
28	0.01470	0.23865	0.53639	0.01700	0.02575	0.01863	0.02109	0.02093	0.01402	0.01973	0.01129	0.01322	0.00853	0.00620	0.00580	0.00193	0.00915	0.00458	0.00284	0.00955
29	0.00855	0.00635	0.00804	0.00902	0.01006	0.00583	0.00648	0.01027	0.01436	0.01881	0.12522	0.46125	0.18480	0.01906	0.00843	0.00259	0.00394	0.08490	0.00636	0.00567
30	0.00818	0.00584	0.00779	0.00934	0.00973	0.00545	0.00623	0.00934	0.01285	0.01713	0.03698	0.75981	0.04438	0.02102	0.00856	0.00273	0.00389	0.01908	0.00623	0.00545
31	0.01519	0.00693	0.00958	0.00891	0.01013	0.00664	0.00638	0.01430	0.01156	0.14546	0.01609	0.02162	0.01349	0.01796	0.01904	0.52286	0.00535	0.00607	0.13740	0.00504
32	0.01346	0.03471	0.72942	0.01912	0.02904	0.01558	0.02479	0.02125	0.01417	0.02125	0.01204	0.01417	0.00850	0.00637	0.00637	0.00212	0.00992	0.00496	0.00283	0.00992
33	0.00855	0.00600	0.00768	0.00887	0.00916	0.00570	0.00572	0.00944	0.01212	0.01616	0.03326	0.59150	0.03968	0.19575	0.01458	0.00361	0.00451	0.01688	0.00572	0.00512
34	0.00991	0.00649	0.00726	0.00726	0.00735	0.00649	0.00410	0.01008	0.01000	0.01368	0.02118	0.04286	0.02399	0.72217	0.03252	0.00623	0.00632	0.00956	0.04836	0.00419
35	0.01373	0.00991	0.01187	0.01115	0.01376	0.01012	0.00905	0.11263	0.10518	0.05699	0.23388	0.05001	0.11755	0.01387	0.00795	0.00241	0.00502	0.20046	0.00678	0.00768
36	0.01584	0.01810	0.03959	0.02828	0.03507	0.01697	0.69796	0.02149	0.01584	0.02149	0.01357	0.01810	0.01018	0.00566	0.00792	0.00226	0.01131	0.00792	0.00339	0.00905
37	0.01737	0.00822	0.00979	0.00858	0.01131	0.00778	0.00672	0.02104	0.04691	0.23066	0.13167	0.02828	0.02433	0.00893	0.00589	0.00183	0.00398	0.00737	0.41139	0.00797
38	0.81159	0.01298	0.00986	0.00882	0.01298	0.01505	0.00727	0.01972	0.01142	0.03010	0.00934	0.01090	0.00727	0.00623	0.00415	0.00208	0.00519	0.00363	0.00415	0.00727
39	0.01488	0.01448	0.01464	0.09807	0.01933	0.13097	0.00975	0.01780	0.01536	0.02085	0.09768	0.02032	0.04311	0.00700	0.00582	0.00144	0.00636	0.00563	0.00426	0.45225
40	0.00933	0.00685	0.00873	0.00826	0.00992	0.00626	0.00620	0.01233	0.01859	0.02595	0.64807	0.05169	0.13463	0.01407	0.00792	0.00213	0.00319	0.01235	0.00726	0.00626
41	0.01497	0.01427	0.02427	0.33558	0.44075	0.01551	0.01978	0.01916	0.01450	0.01993	0.01233	0.01714	0.00993	0.00628	0.00667	0.00209	0.00838	0.00597	0.00318	0.00931
42	0.02051	0.02022	0.01796	0.01555	0.01871	0.23577	0.01223	0.20536	0.13828	0.02535	0.01682	0.08008	0.01450	0.00964	0.00933	0.00219	0.13661	0.00687	0.00505	0.00896
43	0.00922	0.00682	0.00860	0.00822	0.00987	0.00620	0.00614	0.01209	0.01823	0.02526	0.59799	0.07585	0.16169	0.01445	0.00794	0.00215	0.00322	0.01267	0.00717	0.00620
44	0.01759	0.01770	0.01862	0.01609	0.01762	0.16506	0.01293	0.11098	0.01497	0.01953	0.01158	0.01708	0.01071	0.06174	0.06891	0.00336	0.39824	0.00592	0.00368	0.00768
45	0.00838	0.00682	0.00743	0.00727	0.00934	0.00586	0.00545	0.01051	0.01636	0.02067	0.25616	0.06040	0.52984	0.01605	0.00793	0.00222	0.00333	0.01358	0.00656	0.00586
46	0.01391	0.01193	0.01391	0.00994	0.01590	0.00894	0.00795	0.01690	0.01391	0.02186	0.01193	0.01391	0.00994	0.00497	0.00497	0.00099	0.00497	0.00398	0.00398	0.80521
47	0.01301	0.01227	0.02074	0.68732	0.10431	0.01500	0.01880	0.01744	0.01358	0.01755	0.01199	0.01778	0.00909	0.00665	0.00670	0.00222	0.00886	0.00596	0.00301	0.00773
48	0.01794	0.76823	0.03516	0.01148	0.01722	0.02655	0.01148	0.02009	0.01363	0.01579	0.00933	0.01076	0.00861	0.00574	0.00431	0.00144	0.00718	0.00359	0.00287	0.00861
49	0.01661	0.01594	0.02724	0.04119	0.72233	0.01594	0.02059	0.02059	0.01528	0.02192	0.01262	0.01661	0.01063	0.00598	0.00664	0.00199	0.00797	0.00598	0.00332	0.01063
50	0.00887	0.00670	0.00818	0.00809	0.00971	0.00602	0.00596	0.01134	0.01709	0.02305	0.43860	0.15118	0.24940	0.01566	0.00801	0.00224	0.00333	0.01366	0.00690	0.00602
51	0.01892	0.01776	0.01628	0.01443	0.01831	0.13754	0.01121	0.09644	0.53104	0.02745	0.02343	0.02204	0.01765	0.00864	0.00669	0.00216	0.00664	0.00690	0.00625	0.01022
52	0.78147	0.01370	0.01021	0.00915	0.01327	0.04270	0.00748	0.01999	0.01171	0.02958	0.00938	0.01095	0.00732	0.00625	0.00423	0.00206	0.00546	0.00366	0.00413	0.00729
53	0.01803	0.01798	0.02197	0.01776	0.02086	0.18715	0.17910	0.02121	0.04514	0.07860	0.01474	0.02094	0.01289	0.13448	0.01481	0.00298	0.17273	0.00680	0.00399	0.00781
54	0.01468	0.01468	0.02055	0.01762	0.01762	0.02055	0.01468	0.01615	0.01028	0.01615	0.00881	0.01468	0.00881	0.01174	0.02202	0.00294	0.75191	0.00587	0.00294	0.00734
55	0.01859	0.01699	0.03167	0.02313	0.02912	0.01654	0.45677	0.16547	0.01926	0.08271	0.01652	0.06130	0.01296	0.00727	0.00761	0.00222	0.00959	0.00808	0.00466	0.00953
56	0.81159	0.01298	0.00986	0.00882	0.01298	0.01505	0.00727	0.01972	0.01142	0.03010	0.00934	0.01090	0.00727	0.00623	0.00415	0.00208	0.00519	0.00363	0.00415	0.00727
57	0.00965	0.00694	0.00951	0.00951	0.01027	0.00770	0.00680	0.01117	0.01041	0.01464	0.01914	0.03280	0.01957	0.31217	0.47957	0.00921	0.01377	0.00813	0.00377	0.00528
58	0.67552	0.01271	0.01086	0.00937	0.01370	0.01415	0.00772	0.02198	0.01277	0.15144	0.01233	0.01298	0.00889	0.00659	0.00460	0.00208	0.00528	0.00418	0.00488	0.00799
59	0.00976	0.00651	0.00732	0.00732	0.00732	0.00651	0.00407	0.00976	0.00976	0.01301	0.02114	0.04391	0.02439	0.76419	0.03415	0.00651	0.00651	0.00976	0.00407	0.00407
60	0.00917	0.00685	0.00852	0.00810	0.00983	0.00619	0.00608	0.01204	0.01823	0.02510	0.58512	0.05309	0.19811	0.01439	0.00792	0.00214	0.00321	0.01255	0.00715	0.00619
61	0.01346	0.03471	0.72942	0.01912	0.02904	0.01558	0.02479	0.02125	0.01417	0.02125	0.01204	0.01417	0.00850	0.00637	0.00637	0.00212	0.00992	0.00496	0.00283	0.00992
62	0.00969	0.00677	0.00865	0.00865	0.00911	0.00723	0.00573	0.01061	0.01015	0.01400	0.01992	0.03716	0.02146	0.48950	0.30483	0.00815	0.01092	0.00877	0.00388	0.00481
63	0.01439	0.10354	0.48760	0.05838	0.02849	0.01689	0.09510	0.02212	0.07160	0.02107	0.01319	0.01535	0.00970	0.00648	0.00639	0.00209	0.00936	0.00541	0.00323	0.00962
64	0.01773	0.01674	0.01761	0.01495	0.01842	0.14800	0.07874	0.13782	0.21033	0.02402	0.01874	0.02262	0.01553	0.09271	0.13175	0.00399	0.00975	0.00691	0.00502	0.00862
65	0.01378	0.05412	0.57417	0.01706	0.02546	0.01440	0.02111	0.02051	0.01505	0.05286	0.11153	0.01947	0.01653	0.00747	0.00654	0.00210	0.00870	0.00600	0.00371	0.00944
66	0.06640	0.12450	0.01607	0.01143	0.01468	0.01443	0.00930	0.11503	0.16301	0.02552	0.17593	0.05886	0.02662	0.01672	0.12875	0.00351	0.00745	0.00797	0.00560	0.00825
67	0.01702	0.61751	0.17781	0.01305	0.01965	0.02430	0.01422	0.02033	0.01374	0.01691	0.00989	0.01146	0.00859	0.00587	0.00473	0.00158	0.00774	0.00387	0.00286	0.00888
68	0.02321	0.01017	0.01298	0.01048	0.01441	0.00931	0.00846	0.06949	0.01889	0.43645	0.12176	0.02668	0.02294	0.00894	0.00647	0.00197	0.00492	0.00735	0.17550	0.00962
69	0.01600	0.45100	0.33541	0.01479	0.02233	0.02181	0.01724	0.02059	0.01386	0.01815	0.01050	0.01224	0.00856	0.00601	0.00520	0.00173	0.00836	0.00418	0.00285	0.00918
70	0.00960	0.00713	0.01049	0.01049	0.01158	0.00823	0.00802	0.01179	0.01070	0.01536	0.01824	0.02787	0.01743	0.11167	0.67715	0.01042	0.01699	0.00741	0.00364	0.00583
71	0.03010	0.01142	0.01557	0.01194	0.01713	0.00986	0.00986	0.03270	0.01920	0.72698	0.02647	0.02284	0.01661	0.00830	0.00675	0.00208	0.00571	0.00675	0.00830	0.01142
72	0.14419	0.00996	0.01507	0.01300	0.01580	0.00968	0.15992	0.01394	0.01390	0.02076	0.05482	0.32662	0.14769	0.01420	0.00755	0.00241	0.00565	0.01294	0.00529	0.00662
73	0.01519	0.01450	0.02468	0.29480	0.47975	0.01557	0.01989	0.01936	0.01461	0.02021	0.01237	0.01707	0.01002	0.00624	0.00667	0.00208	0.00832	0.00597	0.00320	0.00949
74	0.00857	0.00661	0.00783	0.00798	0.00957	0.00587	0.00581	0.01070	0.01613	0.02118	0.30385	0.21386	0.32456	0.01667	0.00807	0.00231	0.00342	0.01450	0.00666	0.00587
75	0.00949	0.00675	0.00917	0.01063	0.01154	0.00657	0.00824	0.01149	0.01389	0.01827	0.03542	0.40157	0.04059	0.06115	0.01031	0.00310	0.00510	0.32491	0.00609	0.00571
76	0.09268	0.02961	0.01829	0.01646	0.02008	0.63539	0.01246	0.06358	0.01906	0.01903	0.01060	0.01222	0.00868	0.00692	0.00592	0.00177	0.01124	0.00436	0.00370	0.00794
77	0.01430	0.00995	0.01202	0.01163	0.01373	0.01038	0.00932	0.14090	0.05563	0.04978	0.02730	0.05138	0.02795	0.21540	0.01523	0.00372	0.00642	0.31211	0.00583	0.00702
78	0.01080	0.00849	0.00997	0.00938	0.01152	0.00850	0.00709	0.01718	0.17213	0.02542	0.43676	0.07397	0.15582	0.01348	0.00770	0.00220	0.00371	0.01170	0.00704	0.00715
79	0.01615	0.01517	0.02566	0.08045	0.64322	0.01534	0.01959	0.02012	0.01510	0.02181	0.01310	0.01715	0.01090	0.00612	0.00654	0.00198	0.00776	0.00599	0.04764	0.01020
80	0.00823	0.00588	0.00783	0.00931	0.00974	0.00548	0.00623	0.00947	0.01308	0.01750	0.06309	0.73264	0.04510	0.02074	0.00854	0.00270	0.00387	0.01881	0.00627	0.00548
81	0.00963	0.00702	0.00994	0.00994	0.01085	0.00793	0.00734	0.01144	0.01054	0.01496	0.01874	0.03061	0.01862	0.22309	0.56736	0.00975	0.01520	0.00781	0.00371	0.00552
82	0.45883	0.01675	0.01417	0.01233	0.01584	0.12468	0.00997	0.09220	0.03896	0.02708	0.01075	0.01271	0.00861	0.00749	0.00759	0.00216	0.12326	0.00448	0.00422	0.00791
83	0.01661	0.01594	0.02724	0.04119	0.72233	0.01594	0.02059	0.02059	0.01528	0.02192	0.01262	0.01661	0.01063	0.00598	0.00664	0.00199	0.00797	0.00598	0.00332	0.01063
84	0.01540	0.01296	0.01778	0.01278	0.01879	0.01046	0.10480	0.03832	0.01498	0.06059	0.01307	0.01505	0.01038	0.00534	0.00553	0.00126	0.00597	0.00474	0.00421	0.62760
85	0.00840	0.00608	0.00747	0.00858	0.00946	0.00555	0.00588	0.00981	0.01347	0.01786	0.04289	0.55775	0.19267	0.01927	0.00817	0.00255	0.00373	0.01715	0.05771	0.00555
86	0.01304	0.01230	0.02079	0.68221	0.10920	0.01500	0.01882	0.01746	0.01359	0.01759	0.01199	0.01777	0.00910	0.00664	0.00670	0.00221	0.00885	0.00596	0.00301	0.00775
87	0.01010	0.00602	0.00710	0.00797	0.00888	0.00581	0.00555	0.01214	0.01339	0.02063	0.03027	0.43327	0.03230	0.01515	0.00684	0.00221	0.00355	0.01338	0.35962	0.00581
88	0.02385	0.02713	0.01789	0.01584	0.01943	0.54242	0.01208	0.13809	0.02060	0.02163	0.01251	0.01410	0.00999	0.00720	0.00602	0.00176	0.01039	0.00481	0.08605	0.00823
89	0.01646	0.01579	0.02697	0.06747	0.69719	0.01590	0.02052	0.02046	0.01521	0.02174	0.01260	0.01665	0.01057	0.00601	0.00665	0.00200	0.00801	0.00598	0.00331	0.01051
90	0.02960	0.01224	0.01608	0.01233	0.01754	0.01107	0.01018	0.10659	0.02057	0.65116	0.02532	0.02209	0.01603	0.00828	0.00674	0.00207	0.00589	0.00667	0.00813	0.01142
91	0.02627	0.01649	0.01858	0.01436	0.01959	0.01752	0.01183	0.47571	0.06768	0.23183	0.01964	0.01850	0.01339	0.00819	0.00673	0.00205	0.00680	0.00633	0.00716	0.01137
92	0.01660	0.01859	0.05005	0.13478	0.11425	0.09323	0.34278	0.04396	0.01576	0.02060	0.01251	0.01678	0.00976	0.00661	0.00852	0.00222	0.07411	0.00669	0.00339	0.00882
93	0.01794	0.76823	0.03516	0.01148	0.01722	0.02655	0.01148	0.02009	0.01363	0.01579	0.00933	0.01076	0.00861	0.00574	0.00431	0.00144	0.00718	0.00359	0.00287	0.00861
94	0.01490	0.01421	0.02416	0.34696	0.42987	0.01549	0.01975	0.01910	0.01447	0.01985	0.01232	0.01716	0.00990	0.00629	0.00667	0.00210	0.00839	0.00597	0.00317	0.00926
95	0.01433	0.01728	0.13152	0.34341	0.24365	0.01556	0.09961	0.01930	0.01437	0.01969	0.01234	0.01697	0.00952	0.00632	0.00678	0.00215	0.00908	0.00604	0.00311	0.00896
96	0.01839	0.01841	0.01850	0.01533	0.01950	0.19542	0.08546	0.11839	0.14640	0.02412	0.04033	0.02403	0.06056	0.00869	0.00713	0.00198	0.02823	0.04379	0.00503	0.12032
97	0.00985	0.00717	0.00890	0.05605	0.01134	0.00743	0.00622	0.01167	0.04868	0.01545	0.02614	0.21874	0.05040	0.41782	0.07076	0.00521	0.00661	0.01169	0.00472	0.00516
98	0.01603	0.45544	0.33121	0.01474	0.02226	0.02187	0.01716	0.02059	0.01386	0.01812	0.01049	0.01221	0.00856	0.00601	0.00519	0.00173	0.00834	0.00417	0.00285	0.00917
99	0.00884	0.00683	0.00806	0.00775	0.00962	0.00605	0.00581	0.01139	0.01744	0.02323	0.44624	0.05617	0.33815	0.01509	0.00792	0.00218	0.00326	0.01298	0.00690	0.00605
100	0.81159	0.01298	0.00986	0.00882	0.01298	0.01505	0.00727	0.01972	0.01142	0.03010	0.00934	0.01090	0.00727	0.00623	0.00415	0.00208	0.00519	0.00363	0.00415	0.00727
101	0.03010	0.01142	0.01557	0.01194	0.01713	0.00986	0.00986	0.03270	0.01920	0.72698	0.02647	0.02284	0.01661	0.00830	0.00675	0.00208	0.00571	0.00675	0.00830	0.01142
102	0.02452	0.03095	0.01954	0.01882	0.06590	0.69083	0.01346	0.02639	0.01877	0.01678	0.01052	0.01239	0.00877	0.00685	0.00609	0.00175	0.01183	0.00443	0.00345	0.00796
103	0.00823	0.00597	0.00777	0.00908	0.00969	0.00552	0.00614	0.00955	0.01338	0.01774	0.07646	0.66409	0.10104	0.02029	0.00848	0.00265	0.00381	0.01829	0.00629	0.00552
104	0.00992	0.00688	0.00817	0.00806	0.00818	0.00722	0.00490	0.01022	0.00988	0.01339	0.02036	0.04102	0.02303	0.66281	0.10603	0.00681	0.03540	0.00935	0.00398	0.00439
105	0.00862	0.00669	0.00784	0.00783	0.00955	0.00591	0.00577	0.01085	0.01650	0.02165	0.33482	0.15349	0.35405	0.01618	0.00801	0.00226	0.00337	0.01399	0.00671	0.00591
106	0.81159	0.01298	0.00986	0.00882	0.01298	0.01505	0.00727	0.01972	0.01142	0.03010	0.00934	0.01090	0.00727	0.00623	0.00415	0.00208	0.00519	0.00363	0.00415	0.00727
107	0.02506	0.03198	0.01901	0.01729	0.02074	0.73725	0.01296	0.02679	0.01901	0.01642	0.01037	0.01210	0.00864	0.00691	0.00605	0.00173	0.01210	0.00432	0.00346	0.00778
108	0.00821	0.00592	0.00777	0.00918	0.00971	0.00549	0.00617	0.00947	0.01318	0.01750	0.06096	0.69920	0.08131	0.02057	0.00851	0.00268	0.00384	0.01858	0.00627	0.00549
109	0.02018	0.58807	0.03114	0.01210	0.01774	0.02416	0.01152	0.12103	0.01678	0.08563	0.01191	0.01267	0.00976	0.00632	0.00489	0.00158	0.00707	0.00424	0.00394	0.00928
110	0.01640	0.10268	0.05991	0.01128	0.01688	0.01237	0.00986	0.04025	0.07539	0.09874	0.06041	0.01789	0.01482	0.00652	0.00557	0.00144	0.00559	0.00519	0.00479	0.43403
111	0.01535	0.32196	0.41834	0.01663	0.02473	0.01997	0.05696	0.02081	0.01405	0.01912	0.01106	0.01305	0.00864	0.00609	0.00565	0.00186	0.00892	0.00458	0.00288	0.00936
112	0.00909	0.00676	0.00847	0.00822	0.00982	0.00613	0.00610	0.01182	0.01778	0.02445	0.54050	0.11377	0.18239	0.01495	0.00797	0.00219	0.00327	0.01310	0.00707	0.00613
113	0.01768	0.72546	0.07563	0.01193	0.01791	0.02591	0.01226	0.02016	0.01366	0.01610	0.00949	0.01096	0.00860	0.00578	0.00443	0.00148	0.00734	0.00367	0.00287	0.00869
114	0.01398	0.12051	0.64821	0.01823	0.02766	0.01687	0.02323	0.02111	0.01410	0.02061	0.01172	0.01377	0.00851	0.00630	0.00613	0.00204	0.00960	0.00480	0.00284	0.00976
115	0.01613	0.01546	0.02638	0.12595	0.64125	0.01582	0.02036	0.02018	0.01506	0.02135	0.01254	0.01676	0.01043	0.00607	0.00665	0.00202	0.00809	0.00598	0.00328	0.01025
116	0.01084	0.00847	0.01147	0.01247	0.05160	0.00855	0.03105	0.01507	0.10884	0.01979	0.08966	0.31799	0.03597	0.12105	0.01184	0.00314	0.00524	0.12453	0.00584	0.00657
117	0.00814	0.00597	0.00765	0.00900	0.00964	0.00548	0.00607	0.00938	0.01318	0.01726	0.04121	0.66488	0.13658	0.02047	0.00848	0.00266	0.00383	0.01840	0.00623	0.00548
118	0.01158	0.00970	0.01291	0.01180	0.01201	0.01212	0.00882	0.01255	0.01013	0.01464	0.01594	0.02984	0.01719	0.35609	0.15257	0.00591	0.28915	0.00785	0.00356	0.00564
119	0.01675	0.62133	0.07139	0.01246	0.01800	0.02372	0.03743	0.01937	0.01345	0.01628	0.01053	0.01283	0.00950	0.01036	0.07995	0.00247	0.00859	0.00420	0.00296	0.00843
120	0.01364	0.01164	0.01233	0.01151	0.01457	0.01280	0.00880	0.02649	0.46597	0.02448	0.03840	0.11040	0.19652	0.01229	0.00728	0.00232	0.00469	0.01040	0.00662	0.00886
121	0.00976	0.00651	0.00732	0.00732	0.00732	0.00651	0.00407	0.00976	0.00976	0.01301	0.02114	0.04391	0.02439	0.76419	0.03415	0.00651	0.00651	0.00976	0.00407	0.00407
122	0.02643	0.01732	0.01922	0.01474	0.02007	0.01862	0.01218	0.56655	0.02908	0.17918	0.01818	0.01745	0.01245	0.00810	0.00672	0.00203	0.00705	0.00618	0.00703	0.01141
123	0.02686	0.01783	0.01817	0.01437	0.01936	0.11701	0.01167	0.34372	0.04510	0.28720	0.01940	0.01826	0.01318	0.00802	0.00664	0.00200	0.00737	0.00610	0.00684	0.01088
124	0.00976	0.00651	0.00732	0.00732	0.00732	0.00651	0.00407	0.00976	0.00976	0.01301	0.02114	0.04391	0.02439	0.76419	0.03415	0.00651	0.00651	0.00976	0.00407	0.00407
125	0.81159	0.01298	0.00986	0.00882	0.01298	0.01505	0.00727	0.01972	0.01142	0.03010	0.00934	0.01090	0.00727	0.00623	0.00415	0.00208	0.00519	0.00363	0.00415	0.00727
126	0.02013	0.02351	0.02289	0.06887	0.12228	0.37521	0.12844	0.02456	0.08080	0.01918	0.01390	0.04392	0.01165	0.00730	0.00666	0.00198	0.01025	0.00612	0.00381	0.00854
127	0.00885	0.00677	0.00811	0.00791	0.00966	0.00603	0.00588	0.01136	0.01727	0.02312	0.44065	0.10126	0.29806	0.01537	0.00796	0.00221	0.00330	0.01331	0.00690	0.00603
128	0.00918	0.00703	0.00850	0.00889	0.01029	0.00666	0.00637	0.01247	0.07183	0.02095	0.23196	0.35149	0.19511	0.01715	0.00810	0.00242	0.00370	0.01514	0.00660	0.00616
129	0.02288	0.01710	0.01836	0.01456	0.01926	0.01897	0.01178	0.54854	0.12345	0.03793	0.01861	0.04317	0.01444	0.04928	0.00826	0.00231	0.00694	0.00688	0.00657	0.01071
130	0.01922	0.00997	0.01268	0.01102	0.01423	0.00962	0.00855	0.02455	0.15201	0.30911	0.16186	0.13160	0.03002	0.01227	0.00851	0.05418	0.00489	0.00963	0.00720	0.00889
131	0.01703	0.01703	0.02594	0.09626	0.60577	0.07947	0.01976	0.02086	0.01546	0.02105	0.01237	0.01631	0.01032	0.00612	0.00660	0.00199	0.00841	0.00583	0.00331	0.01012
132	0.00846	0.00681	0.00755	0.00751	0.00950	0.00591	0.00566	0.01059	0.01623	0.02057	0.24441	0.08326	0.49599	0.01627	0.00799	0.00226	0.00344	0.03518	0.00655	0.00586
133	0.00979	0.00717	0.00938	0.00969	0.01134	0.00676	0.00784	0.01274	0.01722	0.02328	0.38423	0.06140	0.13607	0.01591	0.00842	0.00249	0.00431	0.25896	0.00679	0.00619
134	0.12483	0.01228	0.01892	0.53328	0.11517	0.01467	0.01662	0.01756	0.01318	0.01931	0.01205	0.01791	0.00958	0.03983	0.00755	0.00237	0.00820	0.00581	0.00323	0.00763
135	0.02039	0.43270	0.05547	0.01512	0.04996	0.24361	0.01293	0.06597	0.01653	0.01817	0.01033	0.01191	0.00889	0.00628	0.00518	0.00161	0.00884	0.00413	0.00332	0.00867
136	0.06511	0.07375	0.32904	0.01414	0.02150	0.01345	0.01567	0.02080	0.01451	0.10368	0.01517	0.01632	0.03305	0.00650	0.00579	0.00176	0.00734	0.00501	0.00399	0.23344

[dist]
# distance from previous block
# <min> <max>
1	5

[block]
# block no. 1 follows, 32 sequences, length 42
# corresponding to MSA columns:
# 303-333,337-345,350,351
name=unknown_B
#
# <colnr> <probs for GDERKNQSTAVLIFYWHMCP>
#	G	D	E	R	K	N	Q	S	T	A	V	L	I	F	Y	W	H	M	C	P
0	0.04153	0.06926	0.11530	0.01501	0.05919	0.07781	0.01257	0.17233	0.11989	0.02604	0.05844	0.08171	0.10302	0.00992	0.00673	0.00209	0.00683	0.00802	0.00531	0.00900
1	0.17039	0.01594	0.04928	0.05200	0.01935	0.01646	0.01162	0.31178	0.02089	0.03130	0.01685	0.01896	0.05206	0.00820	0.00722	0.00202	0.06012	0.02124	0.00519	0.10915
2	0.01554	0.01508	0.02457	0.27970	0.47178	0.03791	0.01969	0.01962	0.01476	0.02013	0.01232	0.01690	0.01000	0.00625	0.00665	0.00207	0.00843	0.00592	0.00321	0.00947
3	0.48643	0.01677	0.01302	0.01144	0.01556	0.14793	0.00912	0.05479	0.08920	0.08090	0.01307	0.01378	0.00984	0.00690	0.00510	0.00203	0.00661	0.00453	0.00474	0.00823
4	0.01352	0.01044	0.01298	0.01158	0.01287	0.01219	0.00871	0.13845	0.01412	0.01962	0.01715	0.02898	0.01721	0.30617	0.20497	0.00611	0.14648	0.00771	0.00423	0.00651
5	0.43186	0.01222	0.01264	0.01034	0.01499	0.01253	0.00853	0.02603	0.01520	0.36872	0.01767	0.01670	0.01181	0.00724	0.00541	0.00208	0.00544	0.00515	0.00617	0.00928
6	0.00964	0.00652	0.00728	0.00728	0.00743	0.00645	0.00413	0.00975	0.01013	0.01335	0.02427	0.04529	0.07089	0.71422	0.03240	0.00622	0.00630	0.01005	0.00421	0.00417
7	0.00886	0.00683	0.00809	0.00778	0.00964	0.00606	0.00583	0.01144	0.01750	0.02336	0.45584	0.05596	0.32848	0.01504	0.00792	0.00217	0.00326	0.01295	0.00692	0.00606
8	0.02576	0.02069	0.01960	0.01553	0.02053	0.15180	0.01258	0.52818	0.02836	0.08675	0.01580	0.01586	0.01128	0.00786	0.00659	0.00197	0.00813	0.00578	0.00623	0.01074
9	0.00975	0.00695	0.00935	0.00946	0.01019	0.00756	0.00678	0.01120	0.01070	0.01484	0.02057	0.03723	0.02152	0.34338	0.39326	0.00845	0.01237	0.05725	0.00398	0.00521
10	0.01868	0.52401	0.13307	0.01332	0.01960	0.02390	0.01365	0.14531	0.01701	0.02145	0.01097	0.01224	0.00911	0.00626	0.00505	0.00164	0.00761	0.00424	0.00357	0.00932
11	0.02355	0.07227	0.02006	0.01547	0.02005	0.23848	0.01241	0.35082	0.12760	0.03053	0.01558	0.01586	0.01173	0.00771	0.00637	0.00193	0.00850	0.00558	0.00548	0.01000
12	0.00976	0.00651	0.00732	0.00732	0.00732	0.00651	0.00407	0.00976	0.00976	0.01301	0.02114	0.04391	0.02439	0.76419	0.03415	0.00651	0.00651	0.00976	0.00407	0.00407
13	0.01478	0.05788	0.49193	0.02112	0.02977	0.04977	0.19791	0.02153	0.01480	0.02088	0.01226	0.01496	0.00895	0.00619	0.00668	0.00212	0.01028	0.00564	0.00301	0.00954
14	0.02509	0.01883	0.14881	0.01474	0.02088	0.01556	0.01383	0.31358	0.02351	0.30679	0.01942	0.01839	0.01291	0.00784	0.00666	0.00206	0.00719	0.00612	0.00662	0.01114
15	0.02585	0.01824	0.01980	0.01518	0.02053	0.01999	0.01254	0.65006	0.03062	0.09350	0.01688	0.01661	0.01180	0.00807	0.00671	0.00202	0.00726	0.00609	0.00683	0.01141
16	0.01794	0.76823	0.03516	0.01148	0.01722	0.02655	0.01148	0.02009	0.01363	0.01579	0.00933	0.01076	0.00861	0.00574	0.00431	0.00144	0.00718	0.00359	0.00287	0.00861
17	0.02488	0.01341	0.01574	0.01287	0.01724	0.04576	0.01047	0.20116	0.02144	0.38680	0.02485	0.09852	0.01951	0.01030	0.00710	0.00219	0.00630	0.06397	0.00728	0.01021
18	0.03010	0.01142	0.01557	0.01194	0.01713	0.00986	0.00986	0.03270	0.01920	0.72698	0.02647	0.02284	0.01661	0.00830	0.00675	0.00208	0.00571	0.00675	0.00830	0.01142
19	0.00806	0.00631	0.00730	0.00810	0.00941	0.00555	0.00568	0.00948	0.01404	0.01762	0.05213	0.42004	0.37437	0.01905	0.00825	0.00250	0.00365	0.01667	0.00623	0.00555
20	0.02153	0.01815	0.15141	0.11995	0.07856	0.05552	0.10111	0.02578	0.01675	0.31607	0.01821	0.01887	0.01234	0.00714	0.00677	0.00210	0.00818	0.00626	0.00529	0.01002
21	0.07189	0.01665	0.01629	0.01344	0.01801	0.14624	0.01074	0.10392	0.14995	0.34990	0.02154	0.01985	0.01476	0.00805	0.00648	0.00204	0.00696	0.00620	0.00672	0.01036
22	0.01001	0.00715	0.00989	0.01144	0.01263	0.00703	0.00941	0.01251	0.01465	0.01918	0.03597	0.28437	0.04037	0.01929	0.00905	0.00298	0.00548	0.47643	0.00619	0.00596
23	0.02461	0.03018	0.01917	0.01716	0.02060	0.64984	0.01303	0.07664	0.01954	0.01834	0.01073	0.01252	0.00886	0.00723	0.00685	0.00181	0.04667	0.00452	0.00368	0.00803
24	0.66712	0.01647	0.01154	0.01038	0.01440	0.14770	0.00831	0.02102	0.01281	0.02759	0.00953	0.01112	0.00752	0.00635	0.00450	0.00201	0.00646	0.00376	0.00402	0.00736
25	0.01584	0.01810	0.03959	0.02828	0.03507	0.01697	0.69796	0.02149	0.01584	0.02149	0.01357	0.01810	0.01018	0.00566	0.00792	0.00226	0.01131	0.00792	0.00339	0.00905
26	0.00974	0.00656	0.00758	0.00758	0.00767	0.00665	0.00439	0.00993	0.00984	0.01320	0.02090	0.04258	0.02382	0.71001	0.08754	0.00683	0.00738	0.00956	0.00403	0.00421
27	0.00865	0.00644	0.00757	0.00826	0.00926	0.00593	0.00569	0.00986	0.01312	0.01672	0.04332	0.31946	0.25920	0.19064	0.01430	0.00347	0.00450	0.06263	0.00573	0.00525
28	0.05031	0.00756	0.00772	0.00732	0.00927	0.00787	0.00563	0.06679	0.01506	0.02599	0.02065	0.02377	0.01628	0.01025	0.04771	0.00216	0.00441	0.00617	0.65839	0.00667
29	0.02456	0.08610	0.02030	0.01672	0.02048	0.63260	0.01284	0.07468	0.01951	0.01823	0.01071	0.01229	0.00884	0.00691	0.00597	0.00173	0.01139	0.00439	0.00365	0.00810
30	0.01532	0.01628	0.06805	0.21986	0.42189	0.01578	0.10529	0.01986	0.01481	0.02060	0.01253	0.01698	0.01002	0.00615	0.00680	0.00210	0.00875	0.00616	0.00321	0.00957
31	0.01616	0.01451	0.02431	0.02142	0.15159	0.01274	0.22088	0.02011	0.01513	0.07244	0.01360	0.01633	0.01062	0.00560	0.00630	0.00164	0.00751	0.00575	0.00399	0.35935
32	0.00827	0.00681	0.00727	0.00716	0.00927	0.00581	0.00537	0.01029	0.01610	0.02005	0.21020	0.06142	0.57618	0.01628	0.00793	0.00223	0.00335	0.01372	0.00648	0.00581
33	0.01687	0.01540	0.02002	0.01681	0.01874	0.01961	0.03920	0.12851	0.16723	0.02309	0.01419	0.01730	0.01183	0.01035	0.01575	0.00262	0.44297	0.00635	0.00440	0.00877
34	0.00921	0.00685	0.00857	0.00814	0.00985	0.00621	0.00610	0.01211	0.01831	0.02529	0.59925	0.05278	0.18386	0.01432	0.00792	0.00214	0.00321	0.01251	0.00717	0.00621
35	0.02485	0.01847	0.01977	0.01530	0.02056	0.02050	0.01259	0.65028	0.08231	0.04122	0.01695	0.01678	0.01209	0.00813	0.00672	0.00203	0.00723	0.00616	0.00672	0.01135
36	0.00959	0.00719	0.01078	0.01078	0.01198	0.00839	0.00839	0.01198	0.01078	0.01558	0.01797	0.02636	0.01677	0.05032	0.73760	0.01078	0.01797	0.00719	0.00359	0.00599
37	0.03010	0.01142	0.01557	0.01194	0.01713	0.00986	0.00986	0.03270	0.01920	0.72698	0.02647	0.02284	0.01661	0.00830	0.00675	0.00208	0.00571	0.00675	0.00830	0.01142
38	0.00966	0.00689	0.00929	0.00929	0.00998	0.00758	0.00653	0.01103	0.01034	0.01447	0.01934	0.03391	0.02005	0.35742	0.43498	0.00894	0.01304	0.00829	0.00380	0.00516
39	0.01661	0.01594	0.02724	0.04119	0.72233	0.01594	0.02059	0.02059	0.01528	0.02192	0.01262	0.01661	0.01063	0.00598	0.00664	0.00199	0.00797	0.00598	0.00332	0.01063
40	0.01622	0.01769	0.07704	0.03674	0.51773	0.01615	0.17683	0.02084	0.01533	0.02178	0.01280	0.01679	0.01038	0.00593	0.00692	0.00206	0.00887	0.00636	0.00331	0.01022
41	0.06770	0.55727	0.02970	0.01236	0.01741	0.15587	0.01138	0.02099	0.01438	0.01678	0.00985	0.01161	0.00885	0.00769	0.03268	0.00189	0.00837	0.00386	0.00308	0.00827

[dist]
# distance from previous block
# <min> <max>
0	1

[block]
# block no. 2 follows, 32 sequences, length 18
# corresponding to MSA columns:
# 353-359,364-374
name=unknown_C
#
# <colnr> <probs for GDERKNQSTAVLIFYWHMCP>
#	G	D	E	R	K	N	Q	S	T	A	V	L	I	F	Y	W	H	M	C	P
0	0.01640	0.01518	0.02461	0.20394	0.48490	0.01611	0.01918	0.07451	0.03875	0.02263	0.01321	0.01714	0.01062	0.00642	0.00667	0.00206	0.00807	0.00603	0.00363	0.00995
1	0.53212	0.01803	0.01480	0.01262	0.01688	0.18215	0.06396	0.05127	0.01441	0.02679	0.01021	0.01198	0.00800	0.00642	0.00500	0.00201	0.00737	0.00424	0.00404	0.00771
2	0.01346	0.03471	0.72942	0.01912	0.02904	0.01558	0.02479	0.02125	0.01417	0.02125	0.01204	0.01417	0.00850	0.00637	0.00637	0.00212	0.00992	0.00496	0.00283	0.00992
3	0.01313	0.01240	0.02096	0.66539	0.12528	0.01503	0.01886	0.01755	0.01363	0.01770	0.01201	0.01774	0.00914	0.00662	0.00670	0.00221	0.00883	0.00596	0.00302	0.00783
4	0.01468	0.01468	0.02055	0.01762	0.01762	0.02055	0.01468	0.01615	0.01028	0.01615	0.00881	0.01468	0.00881	0.01174	0.02202	0.00294	0.75191	0.00587	0.00294	0.00734
5	0.81159	0.01298	0.00986	0.00882	0.01298	0.01505	0.00727	0.01972	0.01142	0.03010	0.00934	0.01090	0.00727	0.00623	0.00415	0.00208	0.00519	0.00363	0.00415	0.00727
6	0.06869	0.02046	0.01810	0.01506	0.01954	0.18486	0.01198	0.34720	0.18902	0.03223	0.01706	0.01701	0.01269	0.00794	0.00644	0.00201	0.00785	0.00587	0.00584	0.01015
7	0.02386	0.06056	0.01574	0.01173	0.01596	0.01098	0.00967	0.02724	0.05324	0.47907	0.02342	0.02297	0.01632	0.01788	0.17528	0.00405	0.00862	0.00669	0.00678	0.00994
8	0.03010	0.01142	0.01557	0.01194	0.01713	0.00986	0.00986	0.03270	0.01920	0.72698	0.02647	0.02284	0.01661	0.00830	0.00675	0.00208	0.00571	0.00675	0.00830	0.01142
9	0.01346	0.03471	0.72942	0.01912	0.02904	0.01558	0.02479	0.02125	0.01417	0.02125	0.01204	0.01417	0.00850	0.00637	0.00637	0.00212	0.00992	0.00496	0.00283	0.00992
10	0.01267	0.01193	0.02013	0.74806	0.04621	0.01491	0.01863	0.01714	0.01342	0.01714	0.01193	0.01789	0.00894	0.00671	0.00671	0.00224	0.00894	0.00596	0.00298	0.00745
11	0.00857	0.00612	0.00780	0.00899	0.00950	0.00577	0.00603	0.00968	0.01262	0.01665	0.03622	0.55366	0.08520	0.14845	0.01296	0.00336	0.00443	0.05286	0.00585	0.00527
12	0.00805	0.00632	0.00729	0.00806	0.00940	0.00556	0.00566	0.00949	0.01408	0.01763	0.05257	0.41023	0.38390	0.01900	0.00825	0.00249	0.00364	0.01660	0.00623	0.00556
13	0.02626	0.01679	0.18033	0.01360	0.01988	0.01118	0.01331	0.03006	0.01804	0.56409	0.02314	0.02084	0.01474	0.00786	0.00666	0.00209	0.00668	0.00633	0.00704	0.01107
14	0.02693	0.01513	0.07357	0.01341	0.01893	0.01321	0.01176	0.18362	0.06279	0.47336	0.02301	0.02075	0.01501	0.00814	0.00671	0.00208	0.00640	0.00649	0.00742	0.01125
15	0.02137	0.02469	0.02198	0.02540	0.25984	0.40998	0.01570	0.04636	0.01746	0.01914	0.01121	0.01398	0.00943	0.00702	0.00755	0.00192	0.06959	0.00507	0.00348	0.00884
16	0.01496	0.01379	0.01972	0.41793	0.15379	0.05267	0.01633	0.09274	0.01592	0.02051	0.01633	0.02153	0.05279	0.05340	0.00840	0.00240	0.00829	0.00661	0.00374	0.00814
17	0.01690	0.01419	0.01823	0.07704	0.18202	0.04401	0.01248	0.05650	0.05237	0.07580	0.01415	0.01615	0.01110	0.00606	0.00587	0.00156	0.00649	0.00512	0.00434	0.37963

[dist]
# distance from previous block
# <min> <max>
0	347

# created by:
# /home/berkeley/.conda/envs/busco_data_prod/bin/msa2prfl.pl pipeline/OGs_align_augustus/5794/58968.fs
