[name]
unknown

[dist]
# distance from previous block
# <min> <max>
1	789

[block]
# block no. 0 follows, 29 sequences, length 85
# corresponding to MSA columns:
# 947-1031
name=unknown_A
#
# <colnr> <probs for GDERKNQSTAVLIFYWHMCP>
#	G	D	E	R	K	N	Q	S	T	A	V	L	I	F	Y	W	H	M	C	P
0	0.05943	0.05950	0.14890	0.01588	0.07410	0.07013	0.01359	0.03958	0.05327	0.13613	0.07648	0.02754	0.11169	0.01085	0.03009	0.00242	0.00756	0.00758	0.00542	0.04987
1	0.01771	0.09768	0.09826	0.01639	0.07403	0.01592	0.01358	0.16026	0.08128	0.05717	0.02297	0.03064	0.05299	0.03546	0.07571	0.00326	0.00844	0.09651	0.00540	0.03634
2	0.04220	0.10446	0.02293	0.04506	0.05063	0.15760	0.09188	0.11664	0.09428	0.02421	0.01555	0.01889	0.01279	0.04918	0.05375	0.00283	0.00953	0.00618	0.00457	0.07684
3	0.04214	0.13704	0.12776	0.08014	0.16339	0.01754	0.09956	0.04365	0.03358	0.16347	0.01621	0.01795	0.01188	0.00704	0.00674	0.00213	0.00849	0.00618	0.00466	0.01044
4	0.01209	0.01117	0.05849	0.24125	0.02522	0.01041	0.01285	0.01542	0.01484	0.03960	0.06062	0.27968	0.02925	0.01402	0.00799	0.00253	0.00662	0.08165	0.00521	0.07109
5	0.01158	0.00891	0.01094	0.01036	0.01278	0.00808	0.00757	0.04358	0.04666	0.02314	0.16592	0.37328	0.04012	0.01566	0.00791	0.00228	0.00447	0.01392	0.00636	0.18647
6	0.01766	0.37897	0.11857	0.02219	0.17159	0.02285	0.07604	0.02139	0.01484	0.01947	0.01138	0.01426	0.00976	0.00673	0.00724	0.00195	0.06706	0.00515	0.00320	0.00971
7	0.02155	0.02315	0.12198	0.09526	0.09897	0.13963	0.01670	0.25494	0.10459	0.02996	0.01600	0.01747	0.01196	0.00783	0.00696	0.00216	0.00906	0.00611	0.00514	0.01058
8	0.00900	0.00661	0.00789	0.00875	0.00955	0.00610	0.00578	0.01009	0.01351	0.01742	0.04344	0.41486	0.20399	0.19117	0.01527	0.00371	0.00465	0.01665	0.00607	0.00550
9	0.02431	0.02015	0.01947	0.01573	0.02058	0.11725	0.01266	0.45332	0.10635	0.03778	0.08247	0.02102	0.01803	0.00908	0.00716	0.00214	0.00785	0.00696	0.00673	0.01097
10	0.01001	0.00716	0.00891	0.00974	0.01068	0.00689	0.00710	0.01157	0.01390	0.01809	0.05532	0.21985	0.13014	0.25359	0.01788	0.00420	0.00562	0.19787	0.00589	0.00559
11	0.00923	0.00666	0.00878	0.00987	0.01077	0.00622	0.00702	0.01114	0.01544	0.02079	0.18597	0.50108	0.08147	0.02017	0.00897	0.00276	0.00416	0.07655	0.00687	0.00607
12	0.02301	0.01793	0.01909	0.01556	0.02054	0.02019	0.01255	0.40254	0.31913	0.03834	0.02225	0.02120	0.01628	0.00903	0.00718	0.00226	0.00688	0.00712	0.00718	0.01175
13	0.01035	0.00694	0.00794	0.00794	0.00800	0.00700	0.00453	0.01047	0.01041	0.01393	0.02228	0.04573	0.02551	0.71732	0.06816	0.00711	0.00747	0.01023	0.00429	0.00441
14	0.02660	0.03394	0.02018	0.01834	0.02201	0.72116	0.01376	0.02843	0.02018	0.01743	0.01101	0.01284	0.00917	0.00734	0.00642	0.00183	0.01284	0.00459	0.00367	0.00825
15	0.02619	0.01262	0.01584	0.01288	0.01767	0.01220	0.01039	0.03388	0.20941	0.46415	0.08239	0.02722	0.02276	0.00951	0.00728	0.00227	0.00572	0.00787	0.00829	0.01145
16	0.80005	0.01377	0.01047	0.00936	0.01377	0.01597	0.00771	0.02093	0.01212	0.03195	0.00991	0.01157	0.00771	0.00661	0.00441	0.00220	0.00551	0.00386	0.00441	0.00771
17	0.00868	0.00620	0.00826	0.00991	0.01033	0.00578	0.00661	0.00991	0.01363	0.01818	0.03925	0.74510	0.04710	0.02231	0.00909	0.00289	0.00413	0.02024	0.00661	0.00578
18	0.00891	0.00634	0.00838	0.00993	0.01037	0.00597	0.00669	0.01017	0.01355	0.01804	0.03810	0.66955	0.04546	0.06863	0.01086	0.00317	0.00442	0.04929	0.00646	0.00573
19	0.01428	0.03683	0.71286	0.02030	0.03082	0.01654	0.02631	0.02255	0.01503	0.02255	0.01278	0.01503	0.00902	0.00677	0.00677	0.00226	0.01052	0.00526	0.00301	0.01052
20	0.01009	0.00745	0.01072	0.01071	0.01192	0.00824	0.00812	0.01254	0.01297	0.01848	0.13618	0.07046	0.02821	0.08966	0.51997	0.00915	0.01486	0.00935	0.00467	0.00626
21	0.01524	0.01438	0.02377	0.43619	0.28593	0.01634	0.01999	0.02078	0.05815	0.02078	0.01396	0.01897	0.01092	0.00700	0.00710	0.00228	0.00887	0.00644	0.00356	0.00935
22	0.00914	0.00680	0.00861	0.00982	0.01093	0.00627	0.00717	0.01092	0.01490	0.01928	0.06789	0.45740	0.19433	0.02065	0.00904	0.00283	0.00440	0.12698	0.00664	0.00600
23	0.01167	0.00661	0.00733	0.00762	0.00857	0.00653	0.00515	0.01350	0.01330	0.02121	0.02545	0.16061	0.02513	0.20009	0.01463	0.03632	0.00450	0.01001	0.41603	0.00574
24	0.80005	0.01377	0.01047	0.00936	0.01377	0.01597	0.00771	0.02093	0.01212	0.03195	0.00991	0.01157	0.00771	0.00661	0.00441	0.00220	0.00551	0.00386	0.00441	0.00771
25	0.01102	0.00742	0.00945	0.00989	0.01150	0.00684	0.00749	0.01325	0.01630	0.06500	0.17990	0.26187	0.17544	0.05238	0.01010	0.00288	0.00460	0.14127	0.00689	0.00651
26	0.06572	0.01468	0.02649	0.12876	0.17275	0.01485	0.25389	0.02046	0.01560	0.02363	0.01558	0.01995	0.01214	0.00678	0.00693	0.00216	0.00858	0.00699	0.17513	0.00894
27	0.00948	0.00707	0.00892	0.00957	0.01100	0.00651	0.00719	0.01179	0.01652	0.02186	0.23208	0.28435	0.20087	0.01872	0.00887	0.00266	0.00421	0.12514	0.00695	0.00623
28	0.01017	0.00763	0.01144	0.01144	0.01272	0.00890	0.00890	0.01272	0.01144	0.01653	0.01907	0.02797	0.01780	0.05340	0.72153	0.01144	0.01907	0.00763	0.00381	0.00636
29	0.01673	0.01898	0.04073	0.02929	0.03603	0.01825	0.63709	0.02245	0.01643	0.02245	0.01408	0.01898	0.01071	0.00641	0.00936	0.00245	0.05827	0.00826	0.00357	0.00949
30	0.02660	0.03394	0.02018	0.01834	0.02201	0.72116	0.01376	0.02843	0.02018	0.01743	0.01101	0.01284	0.00917	0.00734	0.00642	0.00183	0.01284	0.00459	0.00367	0.00825
31	0.01477	0.01266	0.01477	0.01055	0.01687	0.00949	0.00844	0.01793	0.01477	0.02320	0.01266	0.01477	0.01055	0.00527	0.00527	0.00105	0.00527	0.00422	0.00422	0.79328
32	0.14806	0.01285	0.01404	0.01035	0.01635	0.01059	0.00831	0.01844	0.01432	0.02469	0.01219	0.01422	0.01007	0.00550	0.00513	0.00125	0.00531	0.00416	0.00425	0.65994
33	0.01030	0.00713	0.00894	0.00894	0.00934	0.00754	0.00577	0.01111	0.01070	0.01467	0.02137	0.04068	0.02332	0.52830	0.25418	0.00835	0.01077	0.00949	0.00416	0.00496
34	0.01568	0.01353	0.01416	0.01290	0.01657	0.01516	0.00999	0.03181	0.54481	0.02748	0.03840	0.03573	0.17037	0.01149	0.00750	0.00241	0.00519	0.00957	0.00711	0.01012
35	0.01900	0.05165	0.11179	0.11870	0.02909	0.01688	0.18861	0.14004	0.06235	0.10072	0.01865	0.07739	0.01492	0.00856	0.00747	0.00231	0.00885	0.00796	0.00511	0.00998
36	0.01784	0.01869	0.02428	0.26507	0.19118	0.14836	0.06033	0.04269	0.01610	0.02024	0.01229	0.01697	0.01000	0.00775	0.00946	0.00232	0.11781	0.00613	0.00349	0.00899
37	0.01345	0.01266	0.02136	0.73264	0.04904	0.01582	0.01978	0.01819	0.01424	0.01819	0.01266	0.01898	0.00949	0.00712	0.00712	0.00237	0.00949	0.00633	0.00316	0.00791
38	0.00868	0.00620	0.00826	0.00991	0.01033	0.00578	0.00661	0.00991	0.01363	0.01818	0.03925	0.74510	0.04710	0.02231	0.00909	0.00289	0.00413	0.02024	0.00661	0.00578
39	0.01496	0.01246	0.01727	0.05113	0.14715	0.01377	0.01301	0.11996	0.03674	0.02377	0.02493	0.27833	0.02643	0.01444	0.01040	0.00265	0.11264	0.06607	0.00546	0.00842
40	0.01545	0.01483	0.02352	0.01905	0.02086	0.01843	0.15451	0.01825	0.01284	0.01994	0.01278	0.01821	0.01117	0.01039	0.01707	0.00272	0.45861	0.00676	0.13666	0.00798
41	0.00912	0.00729	0.00823	0.00846	0.01051	0.00641	0.00651	0.01134	0.01675	0.02102	0.17233	0.11057	0.46549	0.01793	0.00864	0.00252	0.00399	0.09986	0.00681	0.00619
42	0.01477	0.01266	0.01477	0.01055	0.01687	0.00949	0.00844	0.01793	0.01477	0.02320	0.01266	0.01477	0.01055	0.00527	0.00527	0.00105	0.00527	0.00422	0.00422	0.79328
43	0.11150	0.01425	0.01552	0.01292	0.01666	0.04344	0.01033	0.20401	0.02074	0.17223	0.06303	0.05991	0.07433	0.05539	0.03334	0.00287	0.06562	0.00817	0.00640	0.00935
44	0.02502	0.02097	0.22818	0.01747	0.06640	0.01432	0.01640	0.12009	0.02032	0.36638	0.02100	0.02004	0.01386	0.00800	0.00703	0.00220	0.00781	0.00643	0.00649	0.01158
45	0.00862	0.00643	0.00802	0.00930	0.01017	0.00584	0.00634	0.00998	0.01423	0.01842	0.04676	0.59044	0.19691	0.02133	0.00893	0.00278	0.00401	0.01905	0.00661	0.00584
46	0.01250	0.01186	0.04855	0.28958	0.09006	0.01199	0.01421	0.04945	0.01540	0.02031	0.02700	0.27538	0.07865	0.01327	0.00789	0.00251	0.00702	0.01183	0.00487	0.00766
47	0.10943	0.12066	0.02494	0.09143	0.26850	0.07980	0.01627	0.15994	0.01927	0.02690	0.01301	0.01568	0.01040	0.00696	0.00637	0.00205	0.00835	0.00557	0.00429	0.01018
48	0.02176	0.01363	0.01549	0.01306	0.01749	0.01422	0.01040	0.10376	0.31222	0.23978	0.03380	0.03103	0.12034	0.01052	0.00738	0.00232	0.00571	0.00863	0.00762	0.01084
49	0.16742	0.06135	0.03743	0.01793	0.05995	0.50222	0.01337	0.02621	0.01808	0.02053	0.01094	0.01288	0.00902	0.00708	0.00601	0.00192	0.01095	0.00454	0.00375	0.00843
50	0.02987	0.01387	0.01741	0.01352	0.01895	0.01326	0.01112	0.15821	0.07698	0.52870	0.02607	0.02306	0.01691	0.00883	0.00716	0.00221	0.00636	0.00709	0.00837	0.01205
51	0.01904	0.75404	0.03731	0.01218	0.01828	0.02818	0.01218	0.02132	0.01447	0.01675	0.00990	0.01142	0.00914	0.00609	0.00457	0.00152	0.00761	0.00381	0.00305	0.00914
52	0.00889	0.00723	0.00787	0.00771	0.00991	0.00621	0.00578	0.01114	0.01735	0.02189	0.25164	0.06415	0.52128	0.01704	0.00841	0.00236	0.00354	0.01441	0.00696	0.00621
53	0.00888	0.00717	0.00790	0.00785	0.00994	0.00619	0.00584	0.01106	0.01712	0.02166	0.23860	0.10751	0.49059	0.01738	0.00845	0.00239	0.00357	0.01478	0.00694	0.00619
54	0.02664	0.01056	0.01371	0.01095	0.01537	0.00938	0.00890	0.02955	0.01883	0.51576	0.02671	0.02489	0.01780	0.00867	0.00654	0.00205	0.00528	0.00701	0.23084	0.01056
55	0.00894	0.00638	0.00811	0.00938	0.00985	0.00599	0.00614	0.01001	0.01324	0.01750	0.03849	0.58335	0.08533	0.14551	0.01365	0.00354	0.00457	0.01823	0.00622	0.00555
56	0.01681	0.01921	0.04202	0.03001	0.03721	0.01801	0.67947	0.02281	0.01681	0.02281	0.01441	0.01921	0.01080	0.00600	0.00840	0.00240	0.01200	0.00840	0.00360	0.00960
57	0.01428	0.03683	0.71286	0.02030	0.03082	0.01654	0.02631	0.02255	0.01503	0.02255	0.01278	0.01503	0.00902	0.00677	0.00677	0.00226	0.01052	0.00526	0.00301	0.01052
58	0.00988	0.00721	0.00929	0.00891	0.01055	0.00661	0.00663	0.01301	0.01949	0.02730	0.61921	0.09824	0.10646	0.01527	0.00844	0.00229	0.00342	0.01348	0.00768	0.00661
59	0.01020	0.00752	0.01090	0.01090	0.01198	0.00860	0.00822	0.01237	0.01128	0.01613	0.01957	0.03074	0.01900	0.15666	0.61992	0.01077	0.01727	0.00803	0.00389	0.00605
60	0.13469	0.37768	0.02639	0.01286	0.01805	0.07881	0.01144	0.13387	0.01806	0.05968	0.01402	0.06002	0.01230	0.00786	0.00555	0.00187	0.00746	0.00554	0.00451	0.00930
61	0.02004	0.29062	0.20461	0.01912	0.10157	0.14018	0.01712	0.04635	0.01681	0.06424	0.01263	0.01431	0.01000	0.00676	0.00598	0.00190	0.00925	0.00491	0.00370	0.00988
62	0.01791	0.02162	0.12187	0.02614	0.26029	0.15007	0.01760	0.05522	0.01711	0.02232	0.05525	0.05781	0.03531	0.00912	0.00916	0.00226	0.10013	0.00720	0.00411	0.00950
63	0.01558	0.01558	0.02181	0.01869	0.01869	0.02181	0.01558	0.01714	0.01091	0.01714	0.00935	0.01558	0.00935	0.01246	0.02337	0.00312	0.73672	0.00623	0.00312	0.00779
64	0.02594	0.01213	0.01541	0.01221	0.01690	0.01125	0.00993	0.12536	0.02195	0.45032	0.13438	0.03123	0.07962	0.01041	0.00745	0.00222	0.00571	0.00857	0.00823	0.01079
65	0.01842	0.34068	0.17984	0.07361	0.02460	0.06669	0.04587	0.02231	0.01507	0.06265	0.01213	0.01447	0.00978	0.00719	0.00752	0.00201	0.07929	0.00503	0.00349	0.00937
66	0.01026	0.00729	0.00974	0.00974	0.01042	0.00797	0.00677	0.01162	0.01094	0.01527	0.02063	0.03661	0.02155	0.37625	0.40382	0.00934	0.01343	0.00889	0.00405	0.00541
67	0.00864	0.00677	0.00783	0.00852	0.01000	0.00596	0.00603	0.01029	0.01533	0.01936	0.09765	0.36735	0.37159	0.01971	0.00871	0.00261	0.00382	0.01720	0.00669	0.00596
68	0.01097	0.00936	0.01161	0.01348	0.10676	0.00882	0.00871	0.01514	0.07965	0.02246	0.16638	0.05551	0.40571	0.01512	0.00818	0.00238	0.00455	0.04138	0.00645	0.00737
69	0.01909	0.12994	0.27289	0.04956	0.10119	0.17184	0.07598	0.02407	0.01660	0.05605	0.01298	0.01532	0.00993	0.00681	0.00659	0.00206	0.01026	0.00544	0.00357	0.00982
70	0.02088	0.02311	0.15540	0.06399	0.02578	0.09424	0.06553	0.28983	0.02254	0.02995	0.01437	0.01686	0.01090	0.01032	0.04214	0.00270	0.09024	0.00617	0.00485	0.01020
71	0.01061	0.00797	0.01010	0.01113	0.01238	0.00804	0.00822	0.01513	0.11338	0.02112	0.07964	0.46978	0.04352	0.01947	0.00892	0.00285	0.00476	0.13940	0.00677	0.00679
72	0.01561	0.01477	0.02528	0.22906	0.21417	0.01556	0.14599	0.06190	0.03694	0.02275	0.02021	0.05055	0.05822	0.00885	0.00767	0.00237	0.00874	0.04786	0.00427	0.00923
73	0.01948	0.18805	0.02344	0.01452	0.01882	0.01989	0.01247	0.14949	0.01761	0.06706	0.01290	0.01526	0.01062	0.00837	0.01074	0.00203	0.21445	0.00531	0.00449	0.18500
74	0.01454	0.01329	0.01562	0.01870	0.16996	0.08805	0.01152	0.05946	0.04624	0.02365	0.15956	0.19258	0.10883	0.01360	0.00795	0.00237	0.00623	0.03380	0.00589	0.00816
75	0.00998	0.00732	0.01047	0.01071	0.01168	0.00817	0.00793	0.01198	0.01161	0.01639	0.02248	0.13494	0.02319	0.14562	0.52263	0.00957	0.01521	0.00984	0.00429	0.00599
76	0.01477	0.01266	0.01477	0.01055	0.01687	0.00949	0.00844	0.01793	0.01477	0.02320	0.01266	0.01477	0.01055	0.00527	0.00527	0.00105	0.00527	0.00422	0.00422	0.79328
77	0.01025	0.00733	0.00992	0.00992	0.01066	0.00807	0.00700	0.01174	0.01099	0.01540	0.02047	0.03571	0.02116	0.34256	0.43697	0.00956	0.01402	0.00876	0.00402	0.00551
78	0.01534	0.00867	0.01089	0.00978	0.01206	0.00841	0.00737	0.04717	0.01711	0.15299	0.21865	0.03886	0.06825	0.13628	0.11459	0.00423	0.00690	0.00967	0.10528	0.00749
79	0.29636	0.01243	0.01371	0.01128	0.01594	0.01248	0.00920	0.02805	0.06039	0.36477	0.08691	0.02277	0.01923	0.00866	0.00633	0.00222	0.00558	0.00662	0.00708	0.01001
80	0.01378	0.01300	0.02196	0.67718	0.10188	0.01591	0.01994	0.01849	0.01440	0.01860	0.01272	0.01887	0.00964	0.00706	0.00711	0.00235	0.00941	0.00633	0.00319	0.00818
81	0.07959	0.31081	0.11023	0.21791	0.02790	0.02058	0.01542	0.05413	0.01563	0.02129	0.05546	0.01698	0.01296	0.00717	0.00592	0.00199	0.00807	0.00542	0.00370	0.00884
82	0.05593	0.15815	0.02118	0.01465	0.01909	0.15295	0.01197	0.14469	0.23466	0.02670	0.01821	0.01887	0.01432	0.01173	0.06394	0.00280	0.00884	0.00608	0.00535	0.00989
83	0.01696	0.01265	0.01590	0.03919	0.09614	0.01388	0.01132	0.20637	0.06227	0.02783	0.01915	0.02402	0.01590	0.05919	0.20987	0.00495	0.01018	0.00709	0.13827	0.00887
84	0.28793	0.01153	0.01325	0.03468	0.01573	0.01235	0.06271	0.04890	0.01504	0.05728	0.02463	0.11402	0.09566	0.01053	0.00686	0.00227	0.03055	0.00847	0.13994	0.00766

[dist]
# distance from previous block
# <min> <max>
0	102

[block]
# block no. 1 follows, 29 sequences, length 51
# corresponding to MSA columns:
# 1147-1197
name=unknown_B
#
# <colnr> <probs for GDERKNQSTAVLIFYWHMCP>
#	G	D	E	R	K	N	Q	S	T	A	V	L	I	F	Y	W	H	M	C	P
0	0.41478	0.02014	0.01678	0.01783	0.12911	0.20790	0.01202	0.06412	0.01630	0.02740	0.01122	0.01324	0.00896	0.00688	0.00555	0.00208	0.00812	0.00462	0.00423	0.00871
1	0.01257	0.01181	0.02001	0.26678	0.09031	0.01273	0.11132	0.01637	0.01467	0.01922	0.02723	0.03149	0.16272	0.01844	0.14912	0.00416	0.01038	0.00879	0.00414	0.00774
2	0.10354	0.00860	0.00936	0.00904	0.01060	0.00858	0.00607	0.01441	0.04830	0.04716	0.02713	0.16792	0.06815	0.36976	0.02123	0.00456	0.00583	0.01107	0.00522	0.05347
3	0.02545	0.01183	0.01541	0.01290	0.01725	0.01107	0.01058	0.11183	0.02067	0.43763	0.02946	0.11389	0.02394	0.01202	0.00780	0.00244	0.00615	0.11115	0.00799	0.01052
4	0.00903	0.00635	0.00816	0.00946	0.00979	0.00602	0.00613	0.01001	0.01294	0.01726	0.03570	0.59792	0.04263	0.17559	0.01481	0.00374	0.00472	0.01816	0.00613	0.00547
5	0.01631	0.01679	0.02170	0.01867	0.01891	0.06796	0.01546	0.01788	0.01152	0.01716	0.00946	0.01540	0.00934	0.01212	0.02225	0.00303	0.68895	0.00612	0.00315	0.00782
6	0.02394	0.02627	0.02085	0.01800	0.02120	0.39304	0.01417	0.16814	0.02075	0.02334	0.01192	0.01446	0.00986	0.00889	0.01083	0.00222	0.19347	0.00540	0.00428	0.00898
7	0.80005	0.01377	0.01047	0.00936	0.01377	0.01597	0.00771	0.02093	0.01212	0.03195	0.00991	0.01157	0.00771	0.00661	0.00441	0.00220	0.00551	0.00386	0.00441	0.00771
8	0.00868	0.00620	0.00826	0.00991	0.01033	0.00578	0.00661	0.00991	0.01363	0.01818	0.03925	0.74510	0.04710	0.02231	0.00909	0.00289	0.00413	0.02024	0.00661	0.00578
9	0.00980	0.00700	0.00955	0.01120	0.01210	0.00675	0.00856	0.01185	0.01474	0.01943	0.03863	0.47888	0.04465	0.02125	0.00939	0.00305	0.00510	0.27541	0.00659	0.00609
10	0.01005	0.00717	0.00890	0.00853	0.00980	0.00672	0.00599	0.01240	0.01725	0.02398	0.47836	0.05235	0.09541	0.21413	0.01595	0.00351	0.00434	0.01233	0.00681	0.00602
11	0.00901	0.00634	0.00816	0.00949	0.00982	0.00601	0.00616	0.01000	0.01298	0.01731	0.03592	0.60672	0.04289	0.16643	0.01447	0.00369	0.00468	0.01828	0.00616	0.00549
12	0.02707	0.01995	0.02137	0.01638	0.02208	0.02208	0.01353	0.68159	0.03348	0.04488	0.01710	0.01710	0.01211	0.00855	0.00712	0.00214	0.00784	0.00641	0.00712	0.01211
13	0.01697	0.01625	0.02772	0.15190	0.60226	0.01675	0.02153	0.02128	0.01590	0.02247	0.01328	0.01784	0.01100	0.00647	0.00706	0.00216	0.00862	0.00634	0.00347	0.01075
14	0.01025	0.00732	0.00987	0.00987	0.01060	0.00805	0.00694	0.01170	0.01098	0.01536	0.02051	0.03595	0.02126	0.35158	0.42809	0.00950	0.01386	0.00880	0.00403	0.00548
15	0.01477	0.01266	0.01477	0.01055	0.01687	0.00949	0.00844	0.01793	0.01477	0.02320	0.01266	0.01477	0.01055	0.00527	0.00527	0.00105	0.00527	0.00422	0.00422	0.79328
16	0.00842	0.00721	0.00721	0.00721	0.00962	0.00601	0.00541	0.01022	0.01623	0.01924	0.07213	0.06853	0.70244	0.01803	0.00842	0.00240	0.00361	0.01503	0.00661	0.00601
17	0.00911	0.00722	0.00907	0.06740	0.01323	0.00678	0.00724	0.01107	0.01535	0.01968	0.11979	0.35994	0.29099	0.01866	0.00860	0.00260	0.00429	0.01638	0.00646	0.00614
18	0.06301	0.01272	0.01464	0.01310	0.01467	0.06178	0.01044	0.04095	0.01378	0.05087	0.01625	0.02209	0.01420	0.05768	0.15475	0.00443	0.24396	0.00661	0.17666	0.00744
19	0.02613	0.01517	0.01765	0.01422	0.01930	0.01580	0.01152	0.20401	0.23845	0.31981	0.02552	0.02312	0.01750	0.00901	0.00718	0.00225	0.00639	0.00725	0.00787	0.01185
20	0.01525	0.01423	0.02484	0.20089	0.26837	0.01499	0.13321	0.01933	0.01497	0.02117	0.01514	0.02188	0.01282	0.07884	0.01044	0.00268	0.03182	0.00712	0.08311	0.00891
21	0.01036	0.00690	0.00777	0.00777	0.00777	0.00690	0.00431	0.01036	0.01036	0.01381	0.02244	0.04660	0.02589	0.74975	0.03624	0.00690	0.00690	0.01036	0.00431	0.00431
22	0.01597	0.01553	0.02076	0.01792	0.01866	0.02106	0.01479	0.02093	0.13575	0.01945	0.01294	0.01759	0.01162	0.01195	0.02041	0.00299	0.60280	0.00656	0.00387	0.00843
23	0.09400	0.01293	0.01632	0.05708	0.12914	0.01239	0.01124	0.07914	0.01705	0.10640	0.01664	0.01863	0.01271	0.00694	0.00591	0.00175	0.00601	0.00563	0.14866	0.24143
24	0.01123	0.00725	0.00905	0.00885	0.00885	0.00763	0.00552	0.01048	0.01010	0.01362	0.01889	0.03791	0.02120	0.50740	0.03316	0.21978	0.05200	0.00897	0.00391	0.00420
25	0.01800	0.13626	0.13024	0.05934	0.15818	0.04520	0.01691	0.11824	0.05960	0.02416	0.01715	0.01943	0.05272	0.00849	0.00886	0.00222	0.10455	0.00634	0.00425	0.00988
26	0.01682	0.42788	0.11310	0.01372	0.01878	0.04455	0.01355	0.01990	0.01515	0.01940	0.11935	0.01905	0.01831	0.00839	0.00799	0.00195	0.10380	0.00576	0.00383	0.00872
27	0.00999	0.00721	0.00944	0.00902	0.01062	0.00666	0.00671	0.01322	0.01976	0.02793	0.66154	0.09502	0.06597	0.01503	0.00844	0.00228	0.00341	0.01332	0.00776	0.00666
28	0.01771	0.01530	0.01610	0.01449	0.01852	0.01771	0.01127	0.03784	0.69247	0.02979	0.02898	0.02657	0.02174	0.00966	0.00725	0.00242	0.00564	0.00805	0.00725	0.01127
29	0.01276	0.01145	0.01379	0.01303	0.01439	0.06875	0.01011	0.01487	0.01277	0.01780	0.01981	0.15462	0.02025	0.03077	0.31619	0.00635	0.16563	0.00915	0.03193	0.05555
30	0.00853	0.00677	0.00767	0.00839	0.00993	0.00591	0.00593	0.01009	0.01510	0.01877	0.05778	0.36382	0.41641	0.01990	0.00871	0.00262	0.00384	0.01730	0.00661	0.00591
31	0.01428	0.03683	0.71286	0.02030	0.03082	0.01654	0.02631	0.02255	0.01503	0.02255	0.01278	0.01503	0.00902	0.00677	0.00677	0.00226	0.01052	0.00526	0.00301	0.01052
32	0.05960	0.01634	0.11957	0.22055	0.05288	0.03882	0.01574	0.02191	0.01507	0.17016	0.01627	0.01972	0.01215	0.01339	0.07960	0.05228	0.05627	0.00627	0.00453	0.00888
33	0.01053	0.00667	0.00852	0.00937	0.01021	0.00641	0.00671	0.01154	0.01343	0.01865	0.03343	0.30932	0.09035	0.06502	0.01362	0.14766	0.00484	0.10243	0.12582	0.00546
34	0.01003	0.00677	0.00786	0.00818	0.00826	0.00669	0.00476	0.01027	0.01099	0.01466	0.02570	0.18243	0.03001	0.60829	0.03096	0.00612	0.00636	0.01228	0.00476	0.00460
35	0.36958	0.01244	0.01274	0.01067	0.01503	0.01290	0.00868	0.06364	0.01728	0.24274	0.11539	0.02413	0.04951	0.00902	0.00616	0.00221	0.00544	0.00678	0.00652	0.00914
36	0.05860	0.02306	0.01949	0.01631	0.02099	0.23615	0.01290	0.32434	0.15901	0.03288	0.01726	0.01742	0.01292	0.00831	0.00681	0.00210	0.00884	0.00606	0.00597	0.01057
37	0.01762	0.01692	0.02890	0.04371	0.70533	0.01692	0.02185	0.02185	0.01621	0.02326	0.01339	0.01762	0.01128	0.00634	0.00705	0.00211	0.00846	0.00634	0.00352	0.01128
38	0.80005	0.01377	0.01047	0.00936	0.01377	0.01597	0.00771	0.02093	0.01212	0.03195	0.00991	0.01157	0.00771	0.00661	0.00441	0.00220	0.00551	0.00386	0.00441	0.00771
39	0.01073	0.00764	0.01005	0.01082	0.01194	0.00777	0.00846	0.01278	0.01372	0.01809	0.03214	0.06083	0.07367	0.25230	0.13027	0.00564	0.00846	0.31347	0.00543	0.00579
40	0.00915	0.00654	0.00881	0.01046	0.01108	0.00619	0.00743	0.01073	0.01410	0.01871	0.03898	0.63242	0.04606	0.02186	0.00922	0.00296	0.00454	0.12825	0.00660	0.00591
41	0.01428	0.03683	0.71286	0.02030	0.03082	0.01654	0.02631	0.02255	0.01503	0.02255	0.01278	0.01503	0.00902	0.00677	0.00677	0.00226	0.01052	0.00526	0.00301	0.01052
42	0.01024	0.00718	0.00877	0.00838	0.01017	0.00660	0.00628	0.01335	0.01885	0.02682	0.51261	0.05209	0.16096	0.01428	0.00795	0.00219	0.00339	0.01239	0.11092	0.00660
43	0.08105	0.01134	0.01278	0.01109	0.01418	0.01167	0.00848	0.13051	0.08881	0.13271	0.16029	0.07750	0.06549	0.12802	0.01190	0.00300	0.00555	0.00969	0.02744	0.00852
44	0.00935	0.00721	0.00813	0.00790	0.00996	0.00633	0.00592	0.01187	0.01777	0.02343	0.32683	0.06004	0.40658	0.01610	0.00823	0.00230	0.00349	0.01371	0.04853	0.00633
45	0.01897	0.60424	0.08970	0.01440	0.02077	0.06846	0.05870	0.02195	0.01502	0.01766	0.01050	0.01232	0.00924	0.00621	0.00511	0.00166	0.00846	0.00428	0.00312	0.00923
46	0.00912	0.00710	0.00829	0.00830	0.01013	0.00627	0.00611	0.01148	0.01745	0.02286	0.32206	0.15691	0.35395	0.01723	0.00850	0.00241	0.00358	0.01489	0.00711	0.00627
47	0.01477	0.01266	0.01477	0.01055	0.01687	0.00949	0.00844	0.01793	0.01477	0.02320	0.01266	0.01477	0.01055	0.00527	0.00527	0.00105	0.00527	0.00422	0.00422	0.79328
48	0.29500	0.01435	0.01448	0.01214	0.01632	0.01593	0.00977	0.22630	0.06044	0.08737	0.01692	0.01961	0.01325	0.06015	0.08035	0.00342	0.00767	0.00606	0.03122	0.00925
49	0.01085	0.00749	0.00925	0.00932	0.01090	0.00697	0.00698	0.01304	0.01629	0.04975	0.24201	0.10188	0.18672	0.16213	0.01417	0.00343	0.00486	0.13112	0.00661	0.00623
50	0.55455	0.06608	0.04552	0.01343	0.06564	0.01770	0.01061	0.10839	0.01552	0.03159	0.01124	0.01287	0.00870	0.00682	0.00507	0.00214	0.00639	0.00443	0.00455	0.00877

[dist]
# distance from previous block
# <min> <max>
0	2

[block]
# block no. 2 follows, 29 sequences, length 88
# corresponding to MSA columns:
# 1200-1287
name=unknown_C
#
# <colnr> <probs for GDERKNQSTAVLIFYWHMCP>
#	G	D	E	R	K	N	Q	S	T	A	V	L	I	F	Y	W	H	M	C	P
0	0.01249	0.01059	0.01537	0.07856	0.15532	0.01024	0.01140	0.01574	0.01594	0.02256	0.19602	0.07756	0.08079	0.01711	0.11197	0.00342	0.00761	0.00937	0.00519	0.14275
1	0.00978	0.00732	0.00848	0.00848	0.01051	0.00643	0.00638	0.01206	0.01716	0.04272	0.23914	0.13928	0.39771	0.01736	0.00852	0.00245	0.00383	0.04900	0.00701	0.00640
2	0.02578	0.01349	0.01634	0.01346	0.01832	0.01360	0.01081	0.03606	0.31150	0.41551	0.02848	0.02525	0.01941	0.00918	0.00720	0.00230	0.00588	0.00755	0.00813	0.01175
3	0.00932	0.00668	0.00809	0.00874	0.00945	0.00627	0.00572	0.01047	0.01367	0.01805	0.10935	0.35146	0.13819	0.25112	0.01751	0.00402	0.00485	0.01557	0.00601	0.00545
4	0.01012	0.00701	0.00872	0.00884	0.00930	0.00717	0.00570	0.01107	0.01183	0.01619	0.08682	0.11686	0.03033	0.46434	0.16901	0.00696	0.00874	0.01108	0.00478	0.00511
5	0.02660	0.03394	0.02018	0.01834	0.02201	0.72116	0.01376	0.02843	0.02018	0.01743	0.01101	0.01284	0.00917	0.00734	0.00642	0.00183	0.01284	0.00459	0.00367	0.00825
6	0.00943	0.00752	0.00862	0.00911	0.01125	0.00672	0.00734	0.01175	0.01643	0.02023	0.08490	0.07162	0.47313	0.01841	0.00886	0.00267	0.00451	0.21464	0.00664	0.00621
7	0.01558	0.01558	0.02181	0.01869	0.01869	0.02181	0.01558	0.01714	0.01091	0.01714	0.00935	0.01558	0.00935	0.01246	0.02337	0.00312	0.73672	0.00623	0.00312	0.00779
8	0.01004	0.00717	0.00983	0.01148	0.01249	0.00696	0.00899	0.01228	0.01498	0.01971	0.03849	0.42043	0.04411	0.02102	0.00945	0.00308	0.00532	0.33143	0.00658	0.00616
9	0.03195	0.01212	0.01652	0.01267	0.01818	0.01047	0.01047	0.03470	0.02038	0.71026	0.02809	0.02424	0.01763	0.00881	0.00716	0.00220	0.00606	0.00716	0.00881	0.01212
10	0.02707	0.01995	0.02137	0.01638	0.02208	0.02208	0.01353	0.68159	0.03348	0.04488	0.01710	0.01710	0.01211	0.00855	0.00712	0.00214	0.00784	0.00641	0.00712	0.01211
11	0.55581	0.01325	0.01239	0.01041	0.01517	0.01422	0.00859	0.02531	0.01475	0.24764	0.01569	0.01560	0.01086	0.00731	0.00528	0.00220	0.00568	0.00491	0.00581	0.00911
12	0.03029	0.01478	0.01818	0.01393	0.01951	0.01442	0.01151	0.25508	0.02484	0.48359	0.02435	0.02180	0.01575	0.00872	0.00715	0.00218	0.00666	0.00691	0.00824	0.01212
13	0.01252	0.00829	0.01046	0.00979	0.01192	0.00786	0.00737	0.01693	0.07683	0.09047	0.46976	0.12951	0.09103	0.01469	0.00827	0.00234	0.00391	0.01291	0.00767	0.00746
14	0.02299	0.37794	0.02836	0.01540	0.02023	0.39011	0.01301	0.02504	0.01745	0.01711	0.01048	0.01216	0.00916	0.00674	0.00554	0.00169	0.01034	0.00421	0.00337	0.00868
15	0.01545	0.01327	0.01508	0.01146	0.01726	0.01140	0.00910	0.02255	0.17211	0.02473	0.01645	0.01751	0.01314	0.00629	0.00573	0.00137	0.00536	0.00511	0.00492	0.61172
16	0.01442	0.03589	0.67713	0.02081	0.03116	0.01662	0.06110	0.02256	0.01513	0.02256	0.01287	0.01526	0.00912	0.00672	0.00685	0.00226	0.01060	0.00543	0.00304	0.01047
17	0.02707	0.01995	0.02137	0.01638	0.02208	0.02208	0.01353	0.68159	0.03348	0.04488	0.01710	0.01710	0.01211	0.00855	0.00712	0.00214	0.00784	0.00641	0.00712	0.01211
18	0.01644	0.01835	0.14044	0.16489	0.22899	0.01527	0.01815	0.04634	0.07661	0.04890	0.04035	0.01938	0.01368	0.00719	0.00684	0.00208	0.00803	0.00629	0.00427	0.11751
19	0.01253	0.01089	0.01584	0.01425	0.01604	0.01304	0.05264	0.01725	0.09650	0.01882	0.02058	0.02668	0.04875	0.03504	0.41308	0.00764	0.16097	0.00780	0.00422	0.00744
20	0.00935	0.00730	0.00851	0.00834	0.01036	0.00646	0.00634	0.01195	0.01806	0.02367	0.36226	0.06204	0.37255	0.01651	0.00848	0.00237	0.00365	0.04825	0.00718	0.00637
21	0.01428	0.03683	0.71286	0.02030	0.03082	0.01654	0.02631	0.02255	0.01503	0.02255	0.01278	0.01503	0.00902	0.00677	0.00677	0.00226	0.01052	0.00526	0.00301	0.01052
22	0.02150	0.12428	0.06167	0.08568	0.08927	0.12578	0.05665	0.04810	0.10485	0.15187	0.01721	0.01838	0.01282	0.00779	0.00750	0.00214	0.04329	0.00615	0.00500	0.01007
23	0.00926	0.00675	0.00872	0.00927	0.01040	0.00621	0.00655	0.01147	0.01669	0.02278	0.32987	0.38645	0.11200	0.01857	0.00873	0.00257	0.00375	0.01660	0.00714	0.00621
24	0.01345	0.01266	0.02136	0.73264	0.04904	0.01582	0.01978	0.01819	0.01424	0.01819	0.01266	0.01898	0.00949	0.00712	0.00712	0.00237	0.00949	0.00633	0.00316	0.00791
25	0.02356	0.19283	0.02240	0.01485	0.01923	0.27911	0.01205	0.11498	0.01993	0.11981	0.01734	0.10086	0.01523	0.00919	0.00651	0.00198	0.00895	0.00686	0.00508	0.00925
26	0.01994	0.01681	0.15763	0.05603	0.13842	0.01242	0.01507	0.02374	0.01603	0.25617	0.02008	0.02457	0.01560	0.12023	0.07255	0.00369	0.00879	0.00710	0.00535	0.00980
27	0.01428	0.03683	0.71286	0.02030	0.03082	0.01654	0.02631	0.02255	0.01503	0.02255	0.01278	0.01503	0.00902	0.00677	0.00677	0.00226	0.01052	0.00526	0.00301	0.01052
28	0.00879	0.00723	0.00774	0.00761	0.00985	0.00617	0.00571	0.01095	0.01712	0.02136	0.21529	0.06504	0.55796	0.01724	0.00841	0.00237	0.00355	0.01454	0.00689	0.00617
29	0.01563	0.01910	0.14507	0.13358	0.36757	0.01590	0.09126	0.02057	0.01558	0.02195	0.01541	0.07726	0.01353	0.00780	0.00732	0.00227	0.00898	0.00752	0.00365	0.01004
30	0.01681	0.01921	0.04202	0.03001	0.03721	0.01801	0.67947	0.02281	0.01681	0.02281	0.01441	0.01921	0.01080	0.00600	0.00840	0.00240	0.01200	0.00840	0.00360	0.00960
31	0.00879	0.00666	0.00811	0.00896	0.01015	0.00598	0.00626	0.01049	0.01532	0.01992	0.14003	0.44360	0.25007	0.01994	0.00879	0.00265	0.00387	0.01764	0.00678	0.00598
32	0.00917	0.00662	0.00861	0.01002	0.01075	0.00623	0.00707	0.01068	0.01405	0.01845	0.04078	0.54573	0.10103	0.06740	0.01085	0.00316	0.00462	0.11249	0.00646	0.00582
33	0.09106	0.05479	0.13236	0.09417	0.25874	0.01777	0.04724	0.13392	0.01856	0.06432	0.01421	0.01684	0.01079	0.00699	0.00673	0.00216	0.00849	0.00597	0.00437	0.01052
34	0.02288	0.01187	0.01494	0.06479	0.01882	0.01153	0.01032	0.02931	0.16296	0.37683	0.03588	0.03313	0.15370	0.01070	0.00742	0.00230	0.00573	0.00885	0.00763	0.01042
35	0.01820	0.00969	0.01088	0.00966	0.01273	0.00972	0.00755	0.02468	0.15293	0.18548	0.02860	0.02866	0.06193	0.00931	0.00616	0.00198	0.00444	0.00757	0.40102	0.00880
36	0.01775	0.25583	0.26051	0.14463	0.02866	0.05824	0.01856	0.09739	0.01711	0.02224	0.01225	0.01473	0.00950	0.00685	0.00616	0.00201	0.00924	0.00509	0.00356	0.00968
37	0.01938	0.17331	0.02342	0.10556	0.13085	0.10389	0.01409	0.05789	0.01725	0.10265	0.05450	0.02195	0.05778	0.01000	0.03071	0.00239	0.05390	0.00662	0.00463	0.00924
38	0.03117	0.01229	0.01650	0.01277	0.01820	0.01086	0.01051	0.03487	0.05709	0.67310	0.02814	0.02436	0.01785	0.00886	0.00717	0.00221	0.00604	0.00721	0.00873	0.01207
39	0.16543	0.01427	0.08011	0.01415	0.05387	0.01223	0.06775	0.05686	0.01694	0.14887	0.03049	0.03047	0.17464	0.00993	0.00676	0.00220	0.00623	0.00817	0.09179	0.00884
40	0.01631	0.12135	0.06927	0.22443	0.18829	0.01760	0.07173	0.08033	0.01694	0.02258	0.03451	0.05754	0.03271	0.00811	0.00700	0.00219	0.00850	0.00723	0.00402	0.00936
41	0.01416	0.01365	0.02042	0.48465	0.13374	0.05895	0.01775	0.01813	0.01480	0.01885	0.01657	0.12520	0.01525	0.00926	0.00735	0.00238	0.00877	0.00827	0.00375	0.00809
42	0.57117	0.01865	0.01388	0.01361	0.05927	0.17976	0.01001	0.02273	0.01425	0.02803	0.01039	0.01224	0.00828	0.00676	0.00504	0.00211	0.00740	0.00418	0.00418	0.00806
43	0.01469	0.02141	0.26653	0.01583	0.02081	0.01569	0.01591	0.02383	0.21348	0.02215	0.01902	0.02488	0.01622	0.15829	0.01522	0.00336	0.11180	0.00725	0.00454	0.00910
44	0.01231	0.00795	0.00919	0.00847	0.01114	0.00685	0.00650	0.01467	0.01787	0.12332	0.23098	0.05799	0.43488	0.01576	0.00823	0.00233	0.00390	0.01331	0.00726	0.00710
45	0.01477	0.01266	0.01477	0.01055	0.01687	0.00949	0.00844	0.01793	0.01477	0.02320	0.01266	0.01477	0.01055	0.00527	0.00527	0.00105	0.00527	0.00422	0.00422	0.79328
46	0.00898	0.00710	0.00811	0.00834	0.01021	0.00623	0.00619	0.01110	0.01667	0.02123	0.20531	0.18061	0.41790	0.01806	0.00859	0.00249	0.00378	0.04603	0.00688	0.00616
47	0.00913	0.00724	0.00821	0.00797	0.01006	0.00632	0.00597	0.01161	0.01792	0.02326	0.34378	0.06191	0.42828	0.01653	0.00841	0.00233	0.00350	0.01410	0.00714	0.00632
48	0.00864	0.00722	0.00753	0.00745	0.00976	0.00611	0.00559	0.01066	0.01677	0.02051	0.15836	0.06643	0.61542	0.01756	0.00841	0.00238	0.00357	0.01473	0.00678	0.00611
49	0.80005	0.01377	0.01047	0.00936	0.01377	0.01597	0.00771	0.02093	0.01212	0.03195	0.00991	0.01157	0.00771	0.00661	0.00441	0.00220	0.00551	0.00386	0.00441	0.00771
50	0.01904	0.75404	0.03731	0.01218	0.01828	0.02818	0.01218	0.02132	0.01447	0.01675	0.00990	0.01142	0.00914	0.00609	0.00457	0.00152	0.00761	0.00381	0.00305	0.00914
51	0.00868	0.00620	0.00826	0.00991	0.01033	0.00578	0.00661	0.00991	0.01363	0.01818	0.03925	0.74510	0.04710	0.02231	0.00909	0.00289	0.00413	0.02024	0.00661	0.00578
52	0.02660	0.03394	0.02018	0.01834	0.02201	0.72116	0.01376	0.02843	0.02018	0.01743	0.01101	0.01284	0.00917	0.00734	0.00642	0.00183	0.01284	0.00459	0.00367	0.00825
53	0.03195	0.01212	0.01652	0.01267	0.01818	0.01047	0.01047	0.03470	0.02038	0.71026	0.02809	0.02424	0.01763	0.00881	0.00716	0.00220	0.00606	0.00716	0.00881	0.01212
54	0.03029	0.05215	0.01858	0.01339	0.01897	0.01373	0.01117	0.16468	0.02272	0.53992	0.02493	0.02213	0.01607	0.00862	0.00702	0.00215	0.00650	0.00684	0.00817	0.01196
55	0.01477	0.01266	0.01477	0.01055	0.01687	0.00949	0.00844	0.01793	0.01477	0.02320	0.01266	0.01477	0.01055	0.00527	0.00527	0.00105	0.00527	0.00422	0.00422	0.79328
56	0.02151	0.17304	0.05968	0.01711	0.02080	0.35297	0.01439	0.02458	0.04867	0.01808	0.01135	0.01395	0.00980	0.00834	0.00997	0.00211	0.17649	0.00501	0.00355	0.00859
57	0.01628	0.01451	0.01274	0.01227	0.01451	0.15915	0.00905	0.10982	0.05507	0.02380	0.02692	0.32735	0.02792	0.01415	0.00745	0.00233	0.00642	0.01203	0.14060	0.00763
58	0.01446	0.00778	0.00790	0.00747	0.00948	0.00796	0.00571	0.07359	0.01652	0.02812	0.02270	0.02574	0.01772	0.00832	0.00516	0.00170	0.00371	0.00662	0.72224	0.00711
59	0.16061	0.01292	0.01543	0.01192	0.01740	0.01186	0.00979	0.06379	0.01865	0.43534	0.02162	0.01998	0.01436	0.00779	0.00635	0.00199	0.00592	0.00603	0.00714	0.15111
60	0.02696	0.02319	0.02109	0.01684	0.02207	0.18439	0.01359	0.52995	0.03039	0.03850	0.01568	0.01611	0.01143	0.00827	0.00696	0.00207	0.00900	0.00599	0.00632	0.01121
61	0.02660	0.03394	0.02018	0.01834	0.02201	0.72116	0.01376	0.02843	0.02018	0.01743	0.01101	0.01284	0.00917	0.00734	0.00642	0.00183	0.01284	0.00459	0.00367	0.00825
62	0.01017	0.00763	0.01144	0.01144	0.01272	0.00890	0.00890	0.01272	0.01144	0.01653	0.01907	0.02797	0.01780	0.05340	0.72153	0.01144	0.01907	0.00763	0.00381	0.00636
63	0.01803	0.01651	0.02285	0.02576	0.24716	0.05976	0.06871	0.11899	0.07637	0.02525	0.01889	0.02872	0.01710	0.04912	0.01064	0.00267	0.07643	0.10251	0.00484	0.00969
64	0.02023	0.01453	0.01627	0.01349	0.01736	0.01612	0.01089	0.37697	0.05925	0.03422	0.01920	0.02177	0.01500	0.01941	0.17957	0.00432	0.00970	0.00683	0.13509	0.00977
65	0.01036	0.00690	0.00777	0.00777	0.00777	0.00690	0.00431	0.01036	0.01036	0.01381	0.02244	0.04660	0.02589	0.74975	0.03624	0.00690	0.00690	0.01036	0.00431	0.00431
66	0.00973	0.00767	0.00885	0.00885	0.01078	0.00711	0.00652	0.01336	0.06984	0.02287	0.26592	0.18763	0.32070	0.01706	0.00845	0.00244	0.00378	0.01477	0.00706	0.00661
67	0.01633	0.19151	0.29944	0.02366	0.18280	0.02004	0.02050	0.02131	0.01457	0.02061	0.01176	0.01490	0.00962	0.00735	0.00878	0.00218	0.11619	0.00533	0.00315	0.00998
68	0.01596	0.05288	0.02413	0.45603	0.09369	0.01789	0.06008	0.09168	0.01640	0.02165	0.01289	0.01800	0.00997	0.00755	0.00846	0.00235	0.07162	0.00633	0.00364	0.00880
69	0.80005	0.01377	0.01047	0.00936	0.01377	0.01597	0.00771	0.02093	0.01212	0.03195	0.00991	0.01157	0.00771	0.00661	0.00441	0.00220	0.00551	0.00386	0.00441	0.00771
70	0.01237	0.00618	0.00928	0.00928	0.00928	0.00618	0.00618	0.00928	0.00928	0.01237	0.01237	0.02165	0.01237	0.02474	0.02783	0.79283	0.00618	0.00618	0.00309	0.00309
71	0.05743	0.01347	0.02012	0.34425	0.19047	0.01524	0.01670	0.02117	0.11456	0.02195	0.02191	0.02507	0.09120	0.00854	0.00712	0.00231	0.00779	0.00745	0.00431	0.00896
72	0.01904	0.75404	0.03731	0.01218	0.01828	0.02818	0.01218	0.02132	0.01447	0.01675	0.00990	0.01142	0.00914	0.00609	0.00457	0.00152	0.00761	0.00381	0.00305	0.00914
73	0.02216	0.01183	0.01342	0.01098	0.01481	0.01198	0.00885	0.20718	0.02158	0.21589	0.02283	0.02329	0.01637	0.00851	0.00617	0.00194	0.00532	0.00671	0.36056	0.00964
74	0.01158	0.00660	0.00945	0.00945	0.00971	0.00686	0.00641	0.01016	0.00990	0.01346	0.01545	0.02721	0.01579	0.15511	0.16919	0.50017	0.00891	0.00719	0.00345	0.00396
75	0.01156	0.01323	0.09730	0.01200	0.01421	0.08641	0.00986	0.01405	0.01549	0.02016	0.13025	0.47162	0.04112	0.01758	0.00840	0.00260	0.00578	0.01557	0.00602	0.00678
76	0.01176	0.00957	0.01454	0.01313	0.01478	0.01043	0.08012	0.01437	0.01405	0.02027	0.09952	0.16009	0.04842	0.06068	0.16238	0.00468	0.11256	0.04606	0.09581	0.00677
77	0.02010	0.01165	0.01395	0.01160	0.01523	0.01150	0.00911	0.15343	0.06403	0.22528	0.21716	0.03665	0.08611	0.07929	0.01028	0.00266	0.00551	0.00959	0.00752	0.00935
78	0.01590	0.05006	0.02385	0.31537	0.17710	0.01864	0.01836	0.05320	0.01473	0.02029	0.01199	0.01729	0.00995	0.00847	0.01152	0.00247	0.21231	0.00619	0.00343	0.00887
79	0.23972	0.02222	0.02132	0.06362	0.05609	0.26154	0.11078	0.07912	0.01769	0.02490	0.01188	0.01448	0.00938	0.00714	0.00682	0.00213	0.03298	0.00534	0.00410	0.00873
80	0.01493	0.05712	0.13844	0.06427	0.12138	0.07489	0.01549	0.01850	0.01536	0.02071	0.11839	0.02729	0.07834	0.05053	0.01190	0.00260	0.14944	0.00777	0.00426	0.00839
81	0.06130	0.01661	0.02369	0.16002	0.19266	0.08039	0.11042	0.07776	0.01780	0.07419	0.04100	0.02326	0.01507	0.03190	0.00820	0.00241	0.00884	0.04051	0.00456	0.00942
82	0.01774	0.13351	0.04762	0.17861	0.30622	0.01903	0.01834	0.09808	0.01708	0.02311	0.01288	0.01679	0.01053	0.00750	0.00798	0.02225	0.04316	0.00590	0.00375	0.00993
83	0.05897	0.08249	0.02336	0.02222	0.17835	0.01660	0.08694	0.02044	0.05723	0.04242	0.03472	0.04306	0.01625	0.04589	0.03416	0.00286	0.13899	0.04113	0.00430	0.04962
84	0.01524	0.01268	0.01788	0.06642	0.21925	0.01296	0.01326	0.13462	0.01814	0.02469	0.02653	0.22567	0.08087	0.01464	0.04470	0.00281	0.00719	0.01095	0.00532	0.04621
85	0.01435	0.01238	0.01641	0.10883	0.10699	0.01388	0.01252	0.05534	0.19492	0.02326	0.02820	0.22646	0.06727	0.01316	0.00917	0.00255	0.06871	0.01122	0.00567	0.00872
86	0.01683	0.01501	0.02422	0.14714	0.24573	0.01561	0.11057	0.10205	0.04688	0.02421	0.04058	0.02142	0.01436	0.04699	0.01029	0.06044	0.00839	0.00708	0.00428	0.03793
87	0.01634	0.01266	0.01826	0.06052	0.01968	0.01440	0.07370	0.05098	0.06991	0.10629	0.02525	0.14243	0.08307	0.01346	0.01337	0.04581	0.21052	0.00982	0.00529	0.00824

[dist]
# distance from previous block
# <min> <max>
124	1117

[block]
# block no. 3 follows, 29 sequences, length 9
# corresponding to MSA columns:
# 2514-2522
name=unknown_D
#
# <colnr> <probs for GDERKNQSTAVLIFYWHMCP>
#	G	D	E	R	K	N	Q	S	T	A	V	L	I	F	Y	W	H	M	C	P
0	0.05332	0.01585	0.06726	0.04095	0.01805	0.08851	0.01107	0.12925	0.01958	0.05892	0.12965	0.07700	0.07567	0.01080	0.00711	0.00211	0.00659	0.03783	0.04617	0.10430
1	0.04649	0.01401	0.01719	0.14971	0.08437	0.04788	0.01282	0.11103	0.06828	0.08353	0.02308	0.08879	0.06758	0.01001	0.00786	0.00224	0.04444	0.00817	0.05682	0.05571
2	0.07330	0.05146	0.02022	0.07611	0.10555	0.10551	0.01370	0.15139	0.19395	0.10866	0.01908	0.01944	0.01413	0.00809	0.00677	0.00217	0.00773	0.00639	0.00580	0.01055
3	0.12360	0.01628	0.09773	0.01409	0.01923	0.01421	0.04206	0.11412	0.11899	0.18567	0.03857	0.08659	0.01868	0.03275	0.00785	0.00240	0.00670	0.00787	0.00628	0.04631
4	0.01530	0.04929	0.01679	0.01814	0.17027	0.01204	0.01108	0.06601	0.06873	0.01991	0.01811	0.02299	0.05789	0.01574	0.01628	0.35734	0.00664	0.00675	0.00411	0.04658
5	0.13265	0.01868	0.14698	0.10211	0.02336	0.05052	0.01439	0.08603	0.12157	0.09891	0.04114	0.07597	0.01778	0.00948	0.00692	0.00233	0.00747	0.02875	0.00546	0.00951
6	0.06483	0.01462	0.01704	0.01712	0.11721	0.03512	0.01160	0.21011	0.07588	0.06201	0.09132	0.08007	0.05307	0.05413	0.00889	0.00244	0.00652	0.00854	0.00607	0.06341
7	0.18210	0.02055	0.12280	0.01561	0.05184	0.16447	0.01330	0.02291	0.05643	0.05926	0.04274	0.05260	0.01744	0.00935	0.00665	0.00220	0.00799	0.07936	0.00483	0.06757
8	0.06870	0.01084	0.01057	0.00934	0.01230	0.05149	0.00717	0.07027	0.01678	0.08307	0.02570	0.04700	0.08311	0.05286	0.00768	0.00215	0.00505	0.00753	0.35121	0.07719

[dist]
# distance from previous block
# <min> <max>
25	264

[block]
# block no. 4 follows, 29 sequences, length 42
# corresponding to MSA columns:
# 2816-2857
name=unknown_E
#
# <colnr> <probs for GDERKNQSTAVLIFYWHMCP>
#	G	D	E	R	K	N	Q	S	T	A	V	L	I	F	Y	W	H	M	C	P
0	0.02052	0.01713	0.01967	0.14175	0.09516	0.10844	0.01414	0.19982	0.01997	0.06841	0.01444	0.01776	0.01130	0.01022	0.01080	0.11126	0.05436	0.00603	0.00474	0.05410
1	0.01356	0.01104	0.01316	0.10531	0.06803	0.04155	0.01015	0.07023	0.05971	0.02299	0.03352	0.18747	0.15766	0.01427	0.02713	0.00256	0.00609	0.01119	0.13674	0.00764
2	0.01970	0.04075	0.06218	0.01472	0.01874	0.13733	0.01213	0.22771	0.05079	0.02709	0.01869	0.11496	0.01743	0.08444	0.01097	0.00264	0.05398	0.00805	0.00531	0.07239
3	0.01774	0.01489	0.01712	0.22803	0.02619	0.08071	0.01261	0.15561	0.01853	0.05425	0.01845	0.02476	0.04375	0.13985	0.01205	0.00290	0.00803	0.00703	0.00478	0.11272
