[name]
unknown

[dist]
# distance from previous block
# <min> <max>
0	50

[block]
# block no. 0 follows, 29 sequences, length 14
# corresponding to MSA columns:
# 55-68
name=unknown_A
#
# <colnr> <probs for GDERKNQSTAVLIFYWHMCP>
#	G	D	E	R	K	N	Q	S	T	A	V	L	I	F	Y	W	H	M	C	P
0	0.01236	0.00969	0.01474	0.01485	0.01717	0.00972	0.07688	0.01690	0.05611	0.02195	0.03491	0.07118	0.03690	0.01774	0.00954	0.00314	0.00704	0.55574	0.00631	0.00713
1	0.01008	0.00728	0.00952	0.00896	0.01064	0.00672	0.00672	0.01344	0.02016	0.02855	0.70158	0.05319	0.06719	0.01456	0.00840	0.00224	0.00336	0.01288	0.00784	0.00672
2	0.02660	0.03394	0.02018	0.01834	0.02201	0.72116	0.01376	0.02843	0.02018	0.01743	0.01101	0.01284	0.00917	0.00734	0.00642	0.00183	0.01284	0.00459	0.00367	0.00825
3	0.00931	0.00725	0.00845	0.00815	0.01017	0.00639	0.00611	0.01195	0.01834	0.02426	0.41117	0.06027	0.36028	0.01616	0.00841	0.00232	0.00347	0.01387	0.00727	0.00639
4	0.01477	0.01266	0.01477	0.01055	0.01687	0.00949	0.00844	0.01793	0.01477	0.02320	0.01266	0.01477	0.01055	0.00527	0.00527	0.00105	0.00527	0.00422	0.00422	0.79328
5	0.01762	0.01692	0.02890	0.04371	0.70533	0.01692	0.02185	0.02185	0.01621	0.02326	0.01339	0.01762	0.01128	0.00634	0.00705	0.00211	0.00846	0.00634	0.00352	0.01128
6	0.01784	0.01425	0.01552	0.01379	0.01740	0.01591	0.01069	0.18701	0.36793	0.03106	0.05744	0.16915	0.02646	0.01213	0.00763	0.00244	0.00577	0.01030	0.00711	0.01018
7	0.01345	0.01266	0.02136	0.73264	0.04904	0.01582	0.01978	0.01819	0.01424	0.01819	0.01266	0.01898	0.00949	0.00712	0.00712	0.00237	0.00949	0.00633	0.00316	0.00791
8	0.02234	0.02511	0.02296	0.11736	0.22418	0.36868	0.01687	0.07852	0.01935	0.02146	0.01241	0.01537	0.01007	0.00712	0.00675	0.00201	0.01073	0.00547	0.00384	0.00940
9	0.01887	0.01504	0.01614	0.01434	0.01849	0.01712	0.01121	0.03758	0.63761	0.08533	0.02891	0.02638	0.02140	0.00959	0.00724	0.00240	0.00567	0.00798	0.00737	0.01134
10	0.00979	0.00706	0.00968	0.01015	0.01088	0.00755	0.00718	0.01137	0.01180	0.01635	0.02554	0.23420	0.02795	0.20840	0.35986	0.00797	0.01201	0.01182	0.00472	0.00572
11	0.01327	0.00664	0.00664	0.00664	0.00830	0.00664	0.00498	0.01659	0.01493	0.02655	0.02323	0.02655	0.01825	0.00830	0.00498	0.00166	0.00332	0.00664	0.78928	0.00664
12	0.02264	0.01616	0.02103	0.06696	0.18844	0.01686	0.01465	0.25327	0.08382	0.14237	0.01873	0.01956	0.01363	0.00786	0.00694	0.00210	0.00729	0.00654	0.03394	0.05721
13	0.52711	0.01952	0.01401	0.01234	0.01669	0.19641	0.00982	0.08754	0.01627	0.02951	0.01090	0.01243	0.00851	0.00699	0.00519	0.00210	0.00761	0.00429	0.00448	0.00828

[dist]
# distance from previous block
# <min> <max>
0	1

[block]
# block no. 1 follows, 29 sequences, length 89
# corresponding to MSA columns:
# 70-158
name=unknown_B
#
# <colnr> <probs for GDERKNQSTAVLIFYWHMCP>
#	G	D	E	R	K	N	Q	S	T	A	V	L	I	F	Y	W	H	M	C	P
0	0.01795	0.18923	0.03087	0.03634	0.54472	0.01955	0.01959	0.02173	0.01581	0.02174	0.01258	0.01617	0.01078	0.00629	0.00647	0.00198	0.00826	0.00575	0.00341	0.01078
1	0.01327	0.00664	0.00664	0.00664	0.00830	0.00664	0.00498	0.01659	0.01493	0.02655	0.02323	0.02655	0.01825	0.00830	0.00498	0.00166	0.00332	0.00664	0.78928	0.00664
2	0.01534	0.01459	0.02478	0.42057	0.34632	0.01632	0.02072	0.01985	0.01513	0.02049	0.01299	0.01837	0.01030	0.00677	0.00709	0.00226	0.00902	0.00634	0.00333	0.00944
3	0.01748	0.01677	0.02864	0.06730	0.68286	0.01688	0.02178	0.02173	0.01615	0.02309	0.01337	0.01767	0.01122	0.00637	0.00705	0.00212	0.00849	0.00634	0.00351	0.01116
4	0.01558	0.01558	0.02181	0.01869	0.01869	0.02181	0.01558	0.01714	0.01091	0.01714	0.00935	0.01558	0.00935	0.01246	0.02337	0.00312	0.73672	0.00623	0.00312	0.00779
5	0.01765	0.01710	0.02720	0.02110	0.02652	0.01798	0.29293	0.05322	0.38552	0.02736	0.02244	0.02315	0.01680	0.00808	0.00773	0.00240	0.00839	0.00814	0.00571	0.01060
6	0.01388	0.00973	0.01232	0.01118	0.01466	0.00823	0.00884	0.01649	0.01536	0.08564	0.02755	0.23580	0.02873	0.01382	0.00761	0.00221	0.00533	0.16550	0.00588	0.31121
7	0.01558	0.01558	0.02181	0.01869	0.01869	0.02181	0.01558	0.01714	0.01091	0.01714	0.00935	0.01558	0.00935	0.01246	0.02337	0.00312	0.73672	0.00623	0.00312	0.00779
8	0.01731	0.01659	0.02833	0.09615	0.65537	0.01684	0.02170	0.02157	0.01606	0.02288	0.01334	0.01773	0.01114	0.00640	0.00705	0.00213	0.00854	0.00634	0.00350	0.01102
9	0.01008	0.00728	0.00952	0.00896	0.01064	0.00672	0.00672	0.01344	0.02016	0.02855	0.70158	0.05319	0.06719	0.01456	0.00840	0.00224	0.00336	0.01288	0.00784	0.00672
10	0.02511	0.01897	0.02027	0.01599	0.02134	0.02117	0.01306	0.54686	0.17140	0.04172	0.01958	0.01908	0.01412	0.00878	0.00715	0.00220	0.00738	0.00675	0.00715	0.01193
11	0.01681	0.01921	0.04202	0.03001	0.03721	0.01801	0.67947	0.02281	0.01681	0.02281	0.01441	0.01921	0.01080	0.00600	0.00840	0.00240	0.01200	0.00840	0.00360	0.00960
12	0.01058	0.00823	0.01223	0.01200	0.01317	0.00988	0.00941	0.01305	0.01140	0.01658	0.01833	0.02703	0.01716	0.05029	0.66839	0.01081	0.07370	0.00752	0.00376	0.00647
13	0.01762	0.01692	0.02890	0.04371	0.70533	0.01692	0.02185	0.02185	0.01621	0.02326	0.01339	0.01762	0.01128	0.00634	0.00705	0.00211	0.00846	0.00634	0.00352	0.01128
14	0.01704	0.01632	0.02785	0.14028	0.61334	0.01676	0.02156	0.02134	0.01594	0.02255	0.01329	0.01781	0.01103	0.00645	0.00706	0.00215	0.00860	0.00634	0.00347	0.01081
15	0.80005	0.01377	0.01047	0.00936	0.01377	0.01597	0.00771	0.02093	0.01212	0.03195	0.00991	0.01157	0.00771	0.00661	0.00441	0.00220	0.00551	0.00386	0.00441	0.00771
16	0.01762	0.01692	0.02890	0.04371	0.70533	0.01692	0.02185	0.02185	0.01621	0.02326	0.01339	0.01762	0.01128	0.00634	0.00705	0.00211	0.00846	0.00634	0.00352	0.01128
17	0.01810	0.43781	0.27009	0.01557	0.02298	0.08899	0.01723	0.02241	0.01520	0.01883	0.01100	0.01281	0.00910	0.00644	0.00550	0.00181	0.00911	0.00438	0.00309	0.00954
18	0.02328	0.01928	0.02085	0.17570	0.02780	0.08578	0.01477	0.42394	0.07812	0.03523	0.01644	0.01784	0.01199	0.00820	0.00707	0.00218	0.00850	0.00635	0.00593	0.01075
19	0.07201	0.00959	0.01159	0.01153	0.03426	0.00907	0.00848	0.05782	0.01668	0.02421	0.14535	0.26115	0.06949	0.01495	0.00783	0.00236	0.00494	0.09114	0.00618	0.14138
20	0.01731	0.01409	0.01672	0.08903	0.01982	0.06823	0.01206	0.10766	0.04269	0.08573	0.18017	0.09428	0.02815	0.01199	0.01131	0.00248	0.17483	0.00918	0.00580	0.00848
21	0.02343	0.01118	0.01445	0.01177	0.01592	0.01038	0.00945	0.06590	0.06582	0.39866	0.25190	0.03362	0.03409	0.01077	0.00758	0.00223	0.00524	0.00908	0.00828	0.01026
22	0.01462	0.01571	0.03295	0.02461	0.02999	0.01472	0.49872	0.01935	0.01595	0.02156	0.02108	0.21421	0.02055	0.01038	0.00859	0.00253	0.00989	0.01158	0.00441	0.00858
23	0.80005	0.01377	0.01047	0.00936	0.01377	0.01597	0.00771	0.02093	0.01212	0.03195	0.00991	0.01157	0.00771	0.00661	0.00441	0.00220	0.00551	0.00386	0.00441	0.00771
24	0.01725	0.01677	0.02402	0.35799	0.28574	0.08271	0.01950	0.07100	0.01699	0.02202	0.01311	0.01777	0.01032	0.00696	0.00703	0.00221	0.00930	0.00618	0.00365	0.00950
25	0.01345	0.01266	0.02136	0.73264	0.04904	0.01582	0.01978	0.01819	0.01424	0.01819	0.01266	0.01898	0.00949	0.00712	0.00712	0.00237	0.00949	0.00633	0.00316	0.00791
26	0.01345	0.01266	0.02136	0.73264	0.04904	0.01582	0.01978	0.01819	0.01424	0.01819	0.01266	0.01898	0.00949	0.00712	0.00712	0.00237	0.00949	0.00633	0.00316	0.00791
27	0.01017	0.00763	0.01144	0.01144	0.01272	0.00890	0.00890	0.01272	0.01144	0.01653	0.01907	0.02797	0.01780	0.05340	0.72153	0.01144	0.01907	0.00763	0.00381	0.00636
28	0.01932	0.63021	0.03450	0.06761	0.02097	0.09209	0.01291	0.02175	0.01499	0.01693	0.01021	0.01213	0.00917	0.00629	0.00494	0.00162	0.00825	0.00407	0.00311	0.00896
29	0.01375	0.01313	0.08238	0.16692	0.02566	0.01158	0.08379	0.01794	0.01609	0.06344	0.02968	0.05052	0.07710	0.01359	0.00855	0.00277	0.00786	0.30208	0.00534	0.00783
30	0.01762	0.01692	0.02890	0.04371	0.70533	0.01692	0.02185	0.02185	0.01621	0.02326	0.01339	0.01762	0.01128	0.00634	0.00705	0.00211	0.00846	0.00634	0.00352	0.01128
31	0.01681	0.01921	0.04202	0.03001	0.03721	0.01801	0.67947	0.02281	0.01681	0.02281	0.01441	0.01921	0.01080	0.00600	0.00840	0.00240	0.01200	0.00840	0.00360	0.00960
32	0.02042	0.01612	0.02732	0.03663	0.52427	0.01571	0.06337	0.02447	0.01708	0.15978	0.01638	0.01904	0.01251	0.00681	0.00716	0.00215	0.00822	0.00664	0.00458	0.01133
33	0.80005	0.01377	0.01047	0.00936	0.01377	0.01597	0.00771	0.02093	0.01212	0.03195	0.00991	0.01157	0.00771	0.00661	0.00441	0.00220	0.00551	0.00386	0.00441	0.00771
34	0.01031	0.00707	0.00863	0.00863	0.00892	0.00737	0.00539	0.01091	0.01061	0.01444	0.02165	0.04224	0.02400	0.58697	0.19644	0.00796	0.00975	0.00972	0.00420	0.00479
35	0.80005	0.01377	0.01047	0.00936	0.01377	0.01597	0.00771	0.02093	0.01212	0.03195	0.00991	0.01157	0.00771	0.00661	0.00441	0.00220	0.00551	0.00386	0.00441	0.00771
36	0.80005	0.01377	0.01047	0.00936	0.01377	0.01597	0.00771	0.02093	0.01212	0.03195	0.00991	0.01157	0.00771	0.00661	0.00441	0.00220	0.00551	0.00386	0.00441	0.00771
37	0.01681	0.01921	0.04202	0.03001	0.03721	0.01801	0.67947	0.02281	0.01681	0.02281	0.01441	0.01921	0.01080	0.00600	0.00840	0.00240	0.01200	0.00840	0.00360	0.00960
38	0.01842	0.01565	0.01650	0.01464	0.01879	0.01804	0.01144	0.08684	0.64230	0.03094	0.02808	0.02585	0.02100	0.00958	0.00724	0.00239	0.00580	0.00793	0.00724	0.01133
39	0.01723	0.01652	0.02820	0.10818	0.64391	0.01682	0.02166	0.02151	0.01603	0.02279	0.01332	0.01775	0.01111	0.00642	0.00706	0.00214	0.00856	0.00634	0.00349	0.01096
40	0.01477	0.01266	0.01477	0.01055	0.01687	0.00949	0.00844	0.01793	0.01477	0.02320	0.01266	0.01477	0.01055	0.00527	0.00527	0.00105	0.00527	0.00422	0.00422	0.79328
41	0.00999	0.00859	0.01065	0.01263	0.10732	0.00766	0.00794	0.01241	0.01691	0.02141	0.17282	0.05874	0.49563	0.01579	0.00822	0.00234	0.00424	0.01344	0.00639	0.00687
42	0.01026	0.00750	0.01020	0.00991	0.01052	0.00730	0.04998	0.01105	0.01180	0.01576	0.02711	0.26123	0.03146	0.47481	0.02597	0.00536	0.00638	0.01329	0.00498	0.00512
43	0.01442	0.01373	0.02272	0.53067	0.15909	0.01670	0.01965	0.01870	0.01419	0.01895	0.01240	0.01835	0.00978	0.00760	0.00899	0.00241	0.09360	0.00632	0.00322	0.00848
44	0.01790	0.01773	0.02775	0.09446	0.60988	0.06372	0.02116	0.02201	0.01633	0.02249	0.01318	0.01741	0.01100	0.00647	0.00701	0.00212	0.00883	0.00623	0.00351	0.01082
45	0.01764	0.01669	0.02711	0.03961	0.60906	0.01703	0.02037	0.02409	0.11101	0.02418	0.01558	0.01888	0.01274	0.00681	0.00708	0.00216	0.00806	0.00658	0.00405	0.01128
46	0.03049	0.01180	0.01606	0.01242	0.01768	0.01022	0.01022	0.03329	0.02037	0.66488	0.07293	0.02616	0.02093	0.00920	0.00724	0.00221	0.00588	0.00754	0.00875	0.01176
47	0.01762	0.01692	0.02890	0.04371	0.70533	0.01692	0.02185	0.02185	0.01621	0.02326	0.01339	0.01762	0.01128	0.00634	0.00705	0.00211	0.00846	0.00634	0.00352	0.01128
48	0.01771	0.01530	0.01610	0.01449	0.01852	0.01771	0.01127	0.03784	0.69247	0.02979	0.02898	0.02657	0.02174	0.00966	0.00725	0.00242	0.00564	0.00805	0.00725	0.01127
49	0.01771	0.01530	0.01610	0.01449	0.01852	0.01771	0.01127	0.03784	0.69247	0.02979	0.02898	0.02657	0.02174	0.00966	0.00725	0.00242	0.00564	0.00805	0.00725	0.01127
50	0.01762	0.01692	0.02890	0.04371	0.70533	0.01692	0.02185	0.02185	0.01621	0.02326	0.01339	0.01762	0.01128	0.00634	0.00705	0.00211	0.00846	0.00634	0.00352	0.01128
51	0.01762	0.01692	0.02890	0.04371	0.70533	0.01692	0.02185	0.02185	0.01621	0.02326	0.01339	0.01762	0.01128	0.00634	0.00705	0.00211	0.00846	0.00634	0.00352	0.01128
52	0.00866	0.00722	0.00755	0.00747	0.00977	0.00611	0.00560	0.01069	0.01680	0.02059	0.16388	0.06629	0.60985	0.01753	0.00841	0.00238	0.00357	0.01471	0.00679	0.00611
53	0.01201	0.01030	0.01078	0.01007	0.01215	0.07426	0.00758	0.01622	0.06462	0.02689	0.54425	0.04881	0.10709	0.01382	0.00814	0.00223	0.00442	0.01194	0.00732	0.00711
54	0.00868	0.00620	0.00826	0.00991	0.01033	0.00578	0.00661	0.00991	0.01363	0.01818	0.03925	0.74510	0.04710	0.02231	0.00909	0.00289	0.00413	0.02024	0.00661	0.00578
55	0.01665	0.01592	0.02714	0.20475	0.55192	0.01666	0.02137	0.02100	0.01575	0.02208	0.01322	0.01794	0.01086	0.00653	0.00707	0.00218	0.00870	0.00634	0.00344	0.01049
56	0.00868	0.00620	0.00826	0.00991	0.01033	0.00578	0.00661	0.00991	0.01363	0.01818	0.03925	0.74510	0.04710	0.02231	0.00909	0.00289	0.00413	0.02024	0.00661	0.00578
57	0.01428	0.03683	0.71286	0.02030	0.03082	0.01654	0.02631	0.02255	0.01503	0.02255	0.01278	0.01503	0.00902	0.00677	0.00677	0.00226	0.01052	0.00526	0.00301	0.01052
58	0.01327	0.00664	0.00664	0.00664	0.00830	0.00664	0.00498	0.01659	0.01493	0.02655	0.02323	0.02655	0.01825	0.00830	0.00498	0.00166	0.00332	0.00664	0.78928	0.00664
59	0.01727	0.01485	0.01571	0.01427	0.01811	0.01712	0.01104	0.03646	0.65898	0.02921	0.02949	0.06201	0.02299	0.01028	0.00734	0.00244	0.00556	0.00865	0.00721	0.01100
60	0.01562	0.01422	0.02271	0.03211	0.46525	0.01426	0.01697	0.02089	0.07127	0.02520	0.19814	0.02782	0.02702	0.00880	0.00742	0.00217	0.00687	0.00822	0.00497	0.01006
61	0.01327	0.00664	0.00664	0.00664	0.00830	0.00664	0.00498	0.01659	0.01493	0.02655	0.02323	0.02655	0.01825	0.00830	0.00498	0.00166	0.00332	0.00664	0.78928	0.00664
62	0.01735	0.01663	0.02840	0.08957	0.66164	0.01685	0.02171	0.02161	0.01608	0.02293	0.01334	0.01771	0.01116	0.00640	0.00705	0.00213	0.00853	0.00634	0.00350	0.01105
63	0.01820	0.01660	0.02682	0.09747	0.33537	0.01757	0.11096	0.07417	0.10940	0.04838	0.01611	0.01924	0.01262	0.00748	0.00837	0.00229	0.05702	0.00689	0.00444	0.01059
64	0.01633	0.01560	0.02656	0.25720	0.50196	0.01658	0.02121	0.02072	0.01560	0.02169	0.01317	0.01805	0.01073	0.00658	0.00707	0.00219	0.00878	0.00634	0.00341	0.01024
65	0.01387	0.01323	0.02145	0.59208	0.04307	0.01700	0.01895	0.01799	0.01358	0.01799	0.01200	0.01831	0.00946	0.00817	0.01032	0.00252	0.15266	0.00631	0.00315	0.00789
66	0.01001	0.00685	0.00831	0.00883	0.00910	0.00681	0.00558	0.01065	0.01162	0.01552	0.02744	0.22026	0.03174	0.48818	0.06077	0.00589	0.00678	0.05574	0.00501	0.00492
67	0.01588	0.01136	0.01904	0.01583	0.01906	0.01099	0.16753	0.01878	0.01603	0.15602	0.05335	0.27460	0.07384	0.01437	0.00960	0.00262	0.06220	0.04463	0.00610	0.00817
68	0.01868	0.01422	0.01790	0.01790	0.13580	0.01374	0.01200	0.02782	0.24964	0.12179	0.02058	0.02066	0.01553	0.00747	0.00652	0.00187	0.00606	0.00632	0.00579	0.27972
69	0.00858	0.00658	0.00787	0.00890	0.01006	0.00587	0.00616	0.01003	0.01461	0.01858	0.05166	0.48982	0.29437	0.02070	0.00883	0.00271	0.00393	0.01828	0.00661	0.00587
70	0.01762	0.01692	0.02890	0.04371	0.70533	0.01692	0.02185	0.02185	0.01621	0.02326	0.01339	0.01762	0.01128	0.00634	0.00705	0.00211	0.00846	0.00634	0.00352	0.01128
71	0.01345	0.01266	0.02136	0.73264	0.04904	0.01582	0.01978	0.01819	0.01424	0.01819	0.01266	0.01898	0.00949	0.00712	0.00712	0.00237	0.00949	0.00633	0.00316	0.00791
72	0.01369	0.00745	0.00752	0.00737	0.00925	0.00767	0.00557	0.01858	0.07834	0.02685	0.02377	0.02655	0.01858	0.00842	0.00519	0.00173	0.00354	0.00677	0.71609	0.00707
73	0.01762	0.01692	0.02890	0.04371	0.70533	0.01692	0.02185	0.02185	0.01621	0.02326	0.01339	0.01762	0.01128	0.00634	0.00705	0.00211	0.00846	0.00634	0.00352	0.01128
74	0.01978	0.01799	0.01862	0.01596	0.01922	0.09972	0.01276	0.17185	0.26624	0.02865	0.06449	0.02211	0.01831	0.01013	0.01097	0.00244	0.17770	0.00719	0.00588	0.00999
75	0.01036	0.00690	0.00777	0.00777	0.00777	0.00690	0.00431	0.01036	0.01036	0.01381	0.02244	0.04660	0.02589	0.74975	0.03624	0.00690	0.00690	0.01036	0.00431	0.00431
76	0.01464	0.03436	0.61882	0.02166	0.03172	0.01674	0.11787	0.02259	0.01528	0.02259	0.01301	0.01562	0.00927	0.00666	0.00699	0.00228	0.01073	0.00570	0.00309	0.01039
77	0.00916	0.00654	0.00882	0.01047	0.01109	0.00620	0.00745	0.01075	0.01411	0.01872	0.03898	0.63007	0.04604	0.02185	0.00922	0.00296	0.00455	0.13050	0.00660	0.00592
78	0.80005	0.01377	0.01047	0.00936	0.01377	0.01597	0.00771	0.02093	0.01212	0.03195	0.00991	0.01157	0.00771	0.00661	0.00441	0.00220	0.00551	0.00386	0.00441	0.00771
79	0.50860	0.01314	0.01276	0.01062	0.01544	0.01388	0.00876	0.02616	0.01525	0.28933	0.01681	0.01637	0.01147	0.00745	0.00545	0.00220	0.00572	0.00511	0.00608	0.00938
80	0.01784	0.57378	0.20710	0.01422	0.02143	0.02525	0.01573	0.02163	0.01461	0.01821	0.01062	0.01233	0.00911	0.00626	0.00512	0.00171	0.00835	0.00417	0.00304	0.00949
81	0.01762	0.01692	0.02890	0.04371	0.70533	0.01692	0.02185	0.02185	0.01621	0.02326	0.01339	0.01762	0.01128	0.00634	0.00705	0.00211	0.00846	0.00634	0.00352	0.01128
82	0.01762	0.01692	0.02890	0.04371	0.70533	0.01692	0.02185	0.02185	0.01621	0.02326	0.01339	0.01762	0.01128	0.00634	0.00705	0.00211	0.00846	0.00634	0.00352	0.01128
83	0.02077	0.01793	0.06695	0.14491	0.14430	0.05134	0.01590	0.17269	0.09830	0.11096	0.01746	0.01895	0.01282	0.00765	0.00693	0.00212	0.00799	0.00633	0.00537	0.07031
84	0.01731	0.01659	0.02833	0.09615	0.65537	0.01684	0.02170	0.02157	0.01606	0.02288	0.01334	0.01773	0.01114	0.00640	0.00705	0.00213	0.00854	0.00634	0.00350	0.01102
85	0.76190	0.01477	0.01094	0.00981	0.01418	0.05076	0.00801	0.02130	0.01252	0.03123	0.00997	0.01163	0.00778	0.00665	0.00451	0.00219	0.00587	0.00389	0.00437	0.00774
86	0.39076	0.01591	0.06724	0.01218	0.01745	0.01531	0.01075	0.13333	0.01824	0.20569	0.03927	0.01737	0.01306	0.00777	0.00587	0.00220	0.00634	0.00553	0.00598	0.00974
87	0.05473	0.01255	0.01428	0.01129	0.01578	0.01176	0.00899	0.16958	0.02080	0.03047	0.24968	0.02832	0.03018	0.00928	0.00673	0.00177	0.00522	0.00767	0.00614	0.30479
88	0.10140	0.01334	0.01544	0.01346	0.01668	0.06658	0.05119	0.08344	0.10086	0.06406	0.11440	0.02661	0.02248	0.02421	0.24800	0.00533	0.01101	0.00768	0.00544	0.00838

[dist]
# distance from previous block
# <min> <max>
0	2

# created by:
# /home/berkeley/.conda/envs/busco_data_prod/bin/msa2prfl.pl pipeline/OGs_align_augustus/5794/596.fs
