[name]
unknown

[dist]
# distance from previous block
# <min> <max>
0	46

[block]
# block no. 0 follows, 29 sequences, length 20
# corresponding to MSA columns:
# 46-65
name=unknown_A
#
# <colnr> <probs for GDERKNQSTAVLIFYWHMCP>
#	G	D	E	R	K	N	Q	S	T	A	V	L	I	F	Y	W	H	M	C	P
0	0.01264	0.01058	0.01673	0.01564	0.01830	0.01058	0.12570	0.01800	0.09480	0.02202	0.03294	0.17724	0.03458	0.01660	0.00916	0.00296	0.00697	0.36091	0.00614	0.00750
1	0.02437	0.11050	0.02083	0.01456	0.01958	0.05095	0.01202	0.32223	0.10793	0.15569	0.02101	0.07319	0.01640	0.00940	0.00694	0.00215	0.00717	0.00737	0.00673	0.01098
2	0.01772	0.01387	0.01804	0.01518	0.01859	0.09343	0.12456	0.06936	0.01849	0.14071	0.12004	0.26077	0.03155	0.01334	0.00809	0.00242	0.00700	0.01208	0.00633	0.00842
3	0.35658	0.01375	0.01355	0.01127	0.01541	0.01491	0.00894	0.17465	0.01816	0.14588	0.01678	0.02097	0.01351	0.13455	0.01095	0.00299	0.00638	0.00612	0.00576	0.00889
4	0.00893	0.00719	0.00767	0.00758	0.00958	0.00624	0.00551	0.01079	0.01622	0.02020	0.17401	0.06335	0.51491	0.10274	0.01166	0.00290	0.00395	0.01412	0.00655	0.00593
5	0.01415	0.00883	0.01151	0.01084	0.01220	0.00928	0.00790	0.01551	0.01347	0.13509	0.02911	0.20436	0.07727	0.22880	0.09328	0.00481	0.09952	0.01170	0.00560	0.00678
6	0.66564	0.01772	0.13061	0.01123	0.01669	0.01607	0.01089	0.02121	0.01262	0.03034	0.01040	0.01216	0.00794	0.00664	0.00481	0.00221	0.00637	0.00410	0.00417	0.00819
7	0.01618	0.10379	0.36544	0.14172	0.03152	0.09222	0.06927	0.02202	0.01528	0.02039	0.01220	0.01544	0.00928	0.00707	0.00759	0.00221	0.05023	0.00550	0.00316	0.00948
8	0.01320	0.01616	0.13826	0.52643	0.04145	0.01488	0.01937	0.01838	0.01506	0.02015	0.09298	0.02230	0.01614	0.00793	0.00721	0.00234	0.00895	0.00691	0.00368	0.00822
9	0.01359	0.01941	0.20047	0.01823	0.02435	0.01375	0.21019	0.02063	0.10229	0.02249	0.03432	0.03486	0.23313	0.01052	0.00784	0.00237	0.00812	0.00967	0.00488	0.00890
10	0.02161	0.01833	0.02094	0.01958	0.10024	0.05328	0.01430	0.29720	0.19302	0.03248	0.01804	0.01908	0.01382	0.00919	0.00991	0.00236	0.13316	0.00670	0.00588	0.01088
11	0.66783	0.01483	0.01233	0.01056	0.01519	0.01702	0.00871	0.13394	0.01577	0.03416	0.01114	0.01251	0.00846	0.00694	0.00487	0.00219	0.00591	0.00429	0.00487	0.00846
12	0.01779	0.01991	0.10827	0.02950	0.28016	0.04093	0.16913	0.08408	0.06875	0.02561	0.04640	0.01966	0.01422	0.00714	0.00732	0.00218	0.00904	0.00698	0.00432	0.03860
13	0.01720	0.39720	0.16751	0.09819	0.02442	0.02261	0.01575	0.02403	0.13053	0.02031	0.01406	0.01562	0.01131	0.00696	0.00577	0.00192	0.00808	0.00512	0.00377	0.00964
14	0.00997	0.00720	0.00942	0.00903	0.01061	0.00665	0.00671	0.01317	0.01967	0.02778	0.65194	0.10505	0.06568	0.01514	0.00845	0.00229	0.00342	0.01343	0.00775	0.00665
15	0.01345	0.01266	0.02136	0.73264	0.04904	0.01582	0.01978	0.01819	0.01424	0.01819	0.01266	0.01898	0.00949	0.00712	0.00712	0.00237	0.00949	0.00633	0.00316	0.00791
16	0.02173	0.01933	0.10281	0.01794	0.02376	0.04887	0.12768	0.14298	0.20611	0.15985	0.02180	0.02273	0.01589	0.00851	0.00738	0.00230	0.00811	0.02505	0.00622	0.01094
17	0.12503	0.01581	0.02123	0.06932	0.02383	0.05861	0.12578	0.10025	0.01969	0.33858	0.02001	0.01988	0.01346	0.00780	0.00697	0.00222	0.00788	0.00665	0.00643	0.01057
18	0.02660	0.03394	0.02018	0.01834	0.02201	0.72116	0.01376	0.02843	0.02018	0.01743	0.01101	0.01284	0.00917	0.00734	0.00642	0.00183	0.01284	0.00459	0.00367	0.00825
19	0.01367	0.00795	0.01047	0.00972	0.01189	0.00720	0.00732	0.01650	0.01893	0.14771	0.44509	0.16779	0.07768	0.01500	0.00830	0.00235	0.00398	0.01321	0.00776	0.00749

[dist]
# distance from previous block
# <min> <max>
0	3

[block]
# block no. 1 follows, 29 sequences, length 83
# corresponding to MSA columns:
# 69-151
name=unknown_B
#
# <colnr> <probs for GDERKNQSTAVLIFYWHMCP>
#	G	D	E	R	K	N	Q	S	T	A	V	L	I	F	Y	W	H	M	C	P
0	0.01578	0.01613	0.03099	0.02371	0.02916	0.01580	0.42138	0.02353	0.12892	0.02364	0.02196	0.03389	0.01927	0.00962	0.00853	0.00260	0.00975	0.15128	0.00486	0.00921
1	0.02985	0.01548	0.01861	0.01427	0.01986	0.01546	0.01179	0.31293	0.02601	0.42408	0.02336	0.02117	0.01525	0.00870	0.00714	0.00217	0.00682	0.00684	0.00809	0.01211
2	0.00882	0.00701	0.00793	0.00816	0.00999	0.00611	0.00594	0.01084	0.01651	0.02098	0.19847	0.20943	0.42824	0.01821	0.00856	0.00247	0.00367	0.01568	0.00687	0.00611
3	0.11090	0.01447	0.01724	0.01336	0.01880	0.01427	0.01103	0.21329	0.02316	0.45416	0.02313	0.02092	0.01505	0.00851	0.00686	0.00218	0.00650	0.00661	0.00788	0.01166
4	0.02600	0.03281	0.02076	0.02003	0.06735	0.67444	0.01430	0.02800	0.01992	0.01781	0.01117	0.01316	0.00931	0.00727	0.00646	0.00185	0.01255	0.00470	0.00366	0.00846
5	0.00858	0.00722	0.00745	0.00739	0.00972	0.00608	0.00554	0.01054	0.01663	0.02018	0.13568	0.06698	0.63831	0.01768	0.00841	0.00239	0.00358	0.01481	0.00674	0.00608
6	0.00886	0.00633	0.00848	0.01013	0.01062	0.00594	0.00693	0.01024	0.01382	0.01839	0.03914	0.70100	0.04669	0.02213	0.00914	0.00292	0.00429	0.06251	0.00661	0.00583
7	0.01741	0.01541	0.02597	0.23402	0.47648	0.01618	0.02052	0.02168	0.01594	0.06743	0.01416	0.01844	0.01120	0.00672	0.00708	0.00219	0.00859	0.00639	0.00377	0.01039
8	0.02614	0.01948	0.02084	0.01619	0.02173	0.02165	0.01331	0.61739	0.09920	0.04337	0.01828	0.01804	0.01307	0.00866	0.00714	0.00216	0.00762	0.00657	0.00714	0.01203
9	0.02707	0.01995	0.02137	0.01638	0.02208	0.02208	0.01353	0.68159	0.03348	0.04488	0.01710	0.01710	0.01211	0.00855	0.00712	0.00214	0.00784	0.00641	0.00712	0.01211
10	0.00868	0.00620	0.00826	0.00991	0.01033	0.00578	0.00661	0.00991	0.01363	0.01818	0.03925	0.74510	0.04710	0.02231	0.00909	0.00289	0.00413	0.02024	0.00661	0.00578
11	0.80005	0.01377	0.01047	0.00936	0.01377	0.01597	0.00771	0.02093	0.01212	0.03195	0.00991	0.01157	0.00771	0.00661	0.00441	0.00220	0.00551	0.00386	0.00441	0.00771
12	0.01477	0.01266	0.01477	0.01055	0.01687	0.00949	0.00844	0.01793	0.01477	0.02320	0.01266	0.01477	0.01055	0.00527	0.00527	0.00105	0.00527	0.00422	0.00422	0.79328
13	0.01799	0.01887	0.03312	0.03007	0.19600	0.05431	0.33503	0.06566	0.01700	0.02321	0.01336	0.01778	0.01069	0.00735	0.01027	0.00240	0.12609	0.00723	0.00374	0.00982
14	0.80005	0.01377	0.01047	0.00936	0.01377	0.01597	0.00771	0.02093	0.01212	0.03195	0.00991	0.01157	0.00771	0.00661	0.00441	0.00220	0.00551	0.00386	0.00441	0.00771
15	0.00868	0.00620	0.00826	0.00991	0.01033	0.00578	0.00661	0.00991	0.01363	0.01818	0.03925	0.74510	0.04710	0.02231	0.00909	0.00289	0.00413	0.02024	0.00661	0.00578
16	0.01904	0.75404	0.03731	0.01218	0.01828	0.02818	0.01218	0.02132	0.01447	0.01675	0.00990	0.01142	0.00914	0.00609	0.00457	0.00152	0.00761	0.00381	0.00305	0.00914
17	0.01762	0.01692	0.02890	0.04371	0.70533	0.01692	0.02185	0.02185	0.01621	0.02326	0.01339	0.01762	0.01128	0.00634	0.00705	0.00211	0.00846	0.00634	0.00352	0.01128
18	0.01147	0.00820	0.01147	0.01311	0.01475	0.00820	0.01147	0.01475	0.01639	0.02131	0.03770	0.08032	0.04098	0.01967	0.00984	0.00328	0.00656	0.65741	0.00656	0.00656
19	0.00868	0.00620	0.00826	0.00991	0.01033	0.00578	0.00661	0.00991	0.01363	0.01818	0.03925	0.74510	0.04710	0.02231	0.00909	0.00289	0.00413	0.02024	0.00661	0.00578
20	0.01008	0.00728	0.00952	0.00896	0.01064	0.00672	0.00672	0.01344	0.02016	0.02855	0.70158	0.05319	0.06719	0.01456	0.00840	0.00224	0.00336	0.01288	0.00784	0.00672
21	0.01904	0.75404	0.03731	0.01218	0.01828	0.02818	0.01218	0.02132	0.01447	0.01675	0.00990	0.01142	0.00914	0.00609	0.00457	0.00152	0.00761	0.00381	0.00305	0.00914
22	0.01963	0.40723	0.14726	0.01663	0.02306	0.17286	0.08143	0.02319	0.01601	0.01847	0.01107	0.01311	0.00929	0.00646	0.00571	0.00180	0.00965	0.00468	0.00323	0.00923
23	0.00907	0.00705	0.00827	0.00853	0.01026	0.00625	0.00628	0.01126	0.01682	0.02181	0.24830	0.21103	0.35003	0.01800	0.00861	0.00249	0.00376	0.03902	0.00697	0.00619
24	0.80005	0.01377	0.01047	0.00936	0.01377	0.01597	0.00771	0.02093	0.01212	0.03195	0.00991	0.01157	0.00771	0.00661	0.00441	0.00220	0.00551	0.00386	0.00441	0.00771
25	0.01785	0.57527	0.20569	0.01421	0.02140	0.02527	0.01570	0.02163	0.01461	0.01820	0.01062	0.01232	0.00911	0.00626	0.00512	0.00171	0.00834	0.00417	0.00304	0.00948
26	0.01038	0.00747	0.00994	0.00985	0.01152	0.00703	0.00774	0.01372	0.01935	0.02701	0.55963	0.05899	0.06158	0.01565	0.00871	0.00246	0.00404	0.15068	0.00756	0.00668
27	0.01547	0.01310	0.01410	0.01303	0.01637	0.01472	0.00999	0.03092	0.51741	0.02771	0.08870	0.10717	0.07675	0.01199	0.00762	0.00245	0.00514	0.01023	0.00718	0.00994
28	0.00888	0.00723	0.00785	0.00770	0.00990	0.00621	0.00577	0.01111	0.01732	0.02183	0.24704	0.06427	0.52592	0.01707	0.00841	0.00236	0.00354	0.01443	0.00695	0.00621
29	0.01895	0.01591	0.01680	0.01474	0.01899	0.01829	0.01157	0.12323	0.60505	0.03179	0.02741	0.02531	0.02046	0.00951	0.00723	0.00238	0.00593	0.00783	0.00723	0.01138
30	0.02660	0.03394	0.02018	0.01834	0.02201	0.72116	0.01376	0.02843	0.02018	0.01743	0.01101	0.01284	0.00917	0.00734	0.00642	0.00183	0.01284	0.00459	0.00367	0.00825
31	0.01904	0.75404	0.03731	0.01218	0.01828	0.02818	0.01218	0.02132	0.01447	0.01675	0.00990	0.01142	0.00914	0.00609	0.00457	0.00152	0.00761	0.00381	0.00305	0.00914
32	0.80005	0.01377	0.01047	0.00936	0.01377	0.01597	0.00771	0.02093	0.01212	0.03195	0.00991	0.01157	0.00771	0.00661	0.00441	0.00220	0.00551	0.00386	0.00441	0.00771
33	0.03195	0.01212	0.01652	0.01267	0.01818	0.01047	0.01047	0.03470	0.02038	0.71026	0.02809	0.02424	0.01763	0.00881	0.00716	0.00220	0.00606	0.00716	0.00881	0.01212
34	0.01771	0.01530	0.01610	0.01449	0.01852	0.01771	0.01127	0.03784	0.69247	0.02979	0.02898	0.02657	0.02174	0.00966	0.00725	0.00242	0.00564	0.00805	0.00725	0.01127
35	0.00888	0.00736	0.00785	0.00810	0.01039	0.00634	0.00632	0.01090	0.01625	0.01955	0.06696	0.07030	0.60303	0.01828	0.00863	0.00254	0.00405	0.11157	0.00660	0.00609
36	0.00868	0.00620	0.00826	0.00991	0.01033	0.00578	0.00661	0.00991	0.01363	0.01818	0.03925	0.74510	0.04710	0.02231	0.00909	0.00289	0.00413	0.02024	0.00661	0.00578
37	0.01911	0.01765	0.02910	0.05859	0.46746	0.01798	0.11098	0.14254	0.01939	0.02699	0.01419	0.01779	0.01131	0.00672	0.00725	0.00217	0.00887	0.00664	0.00418	0.01109
38	0.01587	0.01766	0.03786	0.05486	0.03499	0.01670	0.58716	0.02135	0.01639	0.02217	0.01682	0.09159	0.01437	0.00767	0.00842	0.00245	0.01112	0.00950	0.00388	0.00916
39	0.00868	0.00620	0.00826	0.00991	0.01033	0.00578	0.00661	0.00991	0.01363	0.01818	0.03925	0.74510	0.04710	0.02231	0.00909	0.00289	0.00413	0.02024	0.00661	0.00578
40	0.01428	0.03683	0.71286	0.02030	0.03082	0.01654	0.02631	0.02255	0.01503	0.02255	0.01278	0.01503	0.00902	0.00677	0.00677	0.00226	0.01052	0.00526	0.00301	0.01052
41	0.00970	0.00726	0.00900	0.00857	0.01041	0.00656	0.00642	0.01271	0.01927	0.02646	0.55980	0.05664	0.21027	0.01534	0.00840	0.00228	0.00342	0.01336	0.00756	0.00656
42	0.01704	0.01856	0.03831	0.03388	0.22605	0.01770	0.49361	0.02254	0.01664	0.02294	0.01412	0.01876	0.01094	0.00610	0.00802	0.00232	0.01100	0.00782	0.00358	0.01008
43	0.01558	0.01558	0.02181	0.01869	0.01869	0.02181	0.01558	0.01714	0.01091	0.01714	0.00935	0.01558	0.00935	0.01246	0.02337	0.00312	0.73672	0.00623	0.00312	0.00779
44	0.01599	0.01338	0.01542	0.01113	0.01739	0.01075	0.00895	0.08412	0.01663	0.02536	0.01310	0.01500	0.01070	0.00560	0.00546	0.00116	0.00553	0.00444	0.00451	0.71538
45	0.03195	0.01212	0.01652	0.01267	0.01818	0.01047	0.01047	0.03470	0.02038	0.71026	0.02809	0.02424	0.01763	0.00881	0.00716	0.00220	0.00606	0.00716	0.00881	0.01212
46	0.13766	0.01235	0.01569	0.01221	0.01757	0.01122	0.01009	0.03281	0.01924	0.61691	0.02559	0.02249	0.01626	0.00851	0.00678	0.00220	0.00598	0.00671	0.00821	0.01151
47	0.01701	0.01644	0.02846	0.13791	0.58476	0.01682	0.05134	0.02139	0.01597	0.02254	0.01334	0.01788	0.01101	0.00644	0.00712	0.00216	0.00876	0.00644	0.00348	0.01074
48	0.00947	0.00713	0.00880	0.00893	0.01057	0.00646	0.00665	0.01202	0.01768	0.02371	0.37020	0.18384	0.23263	0.01722	0.00862	0.00247	0.00377	0.05629	0.00720	0.00635
49	0.00884	0.00627	0.00821	0.00970	0.01007	0.00590	0.00638	0.00996	0.01331	0.01774	0.03757	0.67544	0.04498	0.09486	0.01180	0.00329	0.00441	0.01926	0.00638	0.00564
50	0.01008	0.00728	0.00952	0.00896	0.01064	0.00672	0.00672	0.01344	0.02016	0.02855	0.70158	0.05319	0.06719	0.01456	0.00840	0.00224	0.00336	0.01288	0.00784	0.00672
51	0.01945	0.54263	0.13442	0.01428	0.02067	0.12813	0.01450	0.02255	0.01539	0.01771	0.01049	0.01216	0.00913	0.00637	0.00516	0.00168	0.00881	0.00414	0.00313	0.00921
52	0.00868	0.00620	0.00826	0.00991	0.01033	0.00578	0.00661	0.00991	0.01363	0.01818	0.03925	0.74510	0.04710	0.02231	0.00909	0.00289	0.00413	0.02024	0.00661	0.00578
53	0.02707	0.01995	0.02137	0.01638	0.02208	0.02208	0.01353	0.68159	0.03348	0.04488	0.01710	0.01710	0.01211	0.00855	0.00712	0.00214	0.00784	0.00641	0.00712	0.01211
54	0.01697	0.25943	0.37438	0.01814	0.02645	0.02013	0.08569	0.02333	0.04142	0.05216	0.01335	0.01517	0.01012	0.00668	0.00627	0.00204	0.00936	0.00531	0.00350	0.01010
55	0.00867	0.00623	0.00823	0.00982	0.01030	0.00579	0.00657	0.00993	0.01372	0.01821	0.04035	0.72231	0.06918	0.02216	0.00907	0.00288	0.00411	0.02007	0.00661	0.00579
56	0.01681	0.01921	0.04202	0.03001	0.03721	0.01801	0.67947	0.02281	0.01681	0.02281	0.01441	0.01921	0.01080	0.00600	0.00840	0.00240	0.01200	0.00840	0.00360	0.00960
57	0.01904	0.75404	0.03731	0.01218	0.01828	0.02818	0.01218	0.02132	0.01447	0.01675	0.00990	0.01142	0.00914	0.00609	0.00457	0.00152	0.00761	0.00381	0.00305	0.00914
58	0.01799	0.01885	0.03475	0.03467	0.31548	0.04488	0.34849	0.05245	0.01744	0.02379	0.01397	0.01820	0.01100	0.00631	0.00770	0.00225	0.01036	0.00730	0.00373	0.01037
59	0.01428	0.03683	0.71286	0.02030	0.03082	0.01654	0.02631	0.02255	0.01503	0.02255	0.01278	0.01503	0.00902	0.00677	0.00677	0.00226	0.01052	0.00526	0.00301	0.01052
60	0.00991	0.00727	0.00929	0.00878	0.01054	0.00665	0.00659	0.01312	0.01976	0.02763	0.63880	0.05472	0.13054	0.01490	0.00840	0.00226	0.00338	0.01309	0.00772	0.00665
61	0.80005	0.01377	0.01047	0.00936	0.01377	0.01597	0.00771	0.02093	0.01212	0.03195	0.00991	0.01157	0.00771	0.00661	0.00441	0.00220	0.00551	0.00386	0.00441	0.00771
62	0.01904	0.75404	0.03731	0.01218	0.01828	0.02818	0.01218	0.02132	0.01447	0.01675	0.00990	0.01142	0.00914	0.00609	0.00457	0.00152	0.00761	0.00381	0.00305	0.00914
63	0.80005	0.01377	0.01047	0.00936	0.01377	0.01597	0.00771	0.02093	0.01212	0.03195	0.00991	0.01157	0.00771	0.00661	0.00441	0.00220	0.00551	0.00386	0.00441	0.00771
64	0.01771	0.01530	0.01610	0.01449	0.01852	0.01771	0.01127	0.03784	0.69247	0.02979	0.02898	0.02657	0.02174	0.00966	0.00725	0.00242	0.00564	0.00805	0.00725	0.01127
65	0.01771	0.01530	0.01610	0.01449	0.01852	0.01771	0.01127	0.03784	0.69247	0.02979	0.02898	0.02657	0.02174	0.00966	0.00725	0.00242	0.00564	0.00805	0.00725	0.01127
66	0.02664	0.01973	0.02113	0.01630	0.02192	0.02188	0.01343	0.65245	0.06331	0.04419	0.01763	0.01752	0.01255	0.00860	0.00713	0.00215	0.00774	0.00649	0.00713	0.01207
67	0.01008	0.00728	0.00952	0.00896	0.01064	0.00672	0.00672	0.01344	0.02016	0.02855	0.70158	0.05319	0.06719	0.01456	0.00840	0.00224	0.00336	0.01288	0.00784	0.00672
68	0.00997	0.00727	0.00937	0.00884	0.01057	0.00667	0.00663	0.01322	0.01990	0.02794	0.65982	0.05421	0.10933	0.01479	0.00840	0.00225	0.00338	0.01302	0.00776	0.00667
69	0.00865	0.00630	0.00816	0.00965	0.01026	0.00581	0.00649	0.00995	0.01389	0.01828	0.04253	0.67763	0.11245	0.02188	0.00902	0.00284	0.00408	0.01972	0.00661	0.00581
70	0.00874	0.00635	0.00824	0.00961	0.01028	0.00586	0.00651	0.01015	0.01426	0.01889	0.08181	0.64250	0.10762	0.02146	0.00899	0.00281	0.00404	0.01933	0.00668	0.00586
71	0.03195	0.01212	0.01652	0.01267	0.01818	0.01047	0.01047	0.03470	0.02038	0.71026	0.02809	0.02424	0.01763	0.00881	0.00716	0.00220	0.00606	0.00716	0.00881	0.01212
72	0.02880	0.01340	0.01694	0.01314	0.01833	0.01269	0.01079	0.17647	0.02327	0.49800	0.08925	0.02538	0.02108	0.00930	0.00727	0.00219	0.00620	0.00753	0.00835	0.01161
73	0.01428	0.03683	0.71286	0.02030	0.03082	0.01654	0.02631	0.02255	0.01503	0.02255	0.01278	0.01503	0.00902	0.00677	0.00677	0.00226	0.01052	0.00526	0.00301	0.01052
74	0.00892	0.00630	0.00819	0.00960	0.00995	0.00595	0.00627	0.00998	0.01315	0.01753	0.03677	0.64210	0.04397	0.12958	0.01309	0.00348	0.00454	0.01878	0.00627	0.00557
75	0.00866	0.00626	0.00819	0.00974	0.01028	0.00580	0.00653	0.00994	0.01381	0.01825	0.04143	0.70022	0.09057	0.02202	0.00904	0.00286	0.00410	0.01990	0.00661	0.00580
76	0.01483	0.01407	0.02386	0.50405	0.26680	0.01618	0.02046	0.01941	0.01489	0.01988	0.01290	0.01853	0.01009	0.00686	0.00710	0.00229	0.00915	0.00633	0.00328	0.00903
77	0.01277	0.01164	0.01901	0.57163	0.04071	0.01420	0.01714	0.01698	0.01477	0.01936	0.09420	0.07769	0.01900	0.00930	0.00793	0.00242	0.03155	0.00813	0.00396	0.00761
78	0.55513	0.01354	0.01258	0.01056	0.01532	0.01465	0.00870	0.04947	0.01524	0.22324	0.01530	0.01534	0.01066	0.00730	0.00528	0.00220	0.00575	0.00488	0.00575	0.00912
79	0.02339	0.02828	0.02018	0.01782	0.02165	0.51878	0.05701	0.02828	0.11989	0.02010	0.04177	0.01871	0.03692	0.00823	0.00682	0.00199	0.01104	0.00602	0.00445	0.00866
80	0.01921	0.11363	0.17257	0.02026	0.02719	0.04400	0.23019	0.13274	0.01928	0.07680	0.01869	0.02043	0.05678	0.00765	0.00721	0.00218	0.00948	0.00705	0.00459	0.01006
81	0.00868	0.00620	0.00826	0.00991	0.01033	0.00578	0.00661	0.00991	0.01363	0.01818	0.03925	0.74510	0.04710	0.02231	0.00909	0.00289	0.00413	0.02024	0.00661	0.00578
82	0.01496	0.00841	0.01061	0.00946	0.01222	0.00742	0.00730	0.01771	0.01899	0.19267	0.35493	0.07524	0.21339	0.01431	0.00813	0.00230	0.00411	0.01229	0.00773	0.00783

[dist]
# distance from previous block
# <min> <max>
0	1

[block]
# block no. 2 follows, 29 sequences, length 18
# corresponding to MSA columns:
# 153-170
name=unknown_C
#
# <colnr> <probs for GDERKNQSTAVLIFYWHMCP>
#	G	D	E	R	K	N	Q	S	T	A	V	L	I	F	Y	W	H	M	C	P
0	0.02129	0.02460	0.12048	0.07167	0.26500	0.23537	0.01850	0.06775	0.01857	0.07014	0.01378	0.01628	0.01069	0.00708	0.00683	0.00207	0.00997	0.00571	0.00408	0.01014
1	0.01901	0.04963	0.12247	0.01814	0.02317	0.08330	0.10844	0.18086	0.02020	0.04657	0.01909	0.02943	0.01693	0.01174	0.03292	0.00275	0.06585	0.13501	0.00506	0.00942
2	0.62383	0.18080	0.01652	0.01000	0.01479	0.01873	0.00872	0.02102	0.01265	0.02852	0.00991	0.01153	0.00803	0.00649	0.00444	0.00205	0.00598	0.00384	0.00410	0.00803
3	0.01174	0.00915	0.01001	0.00935	0.01190	0.00870	0.00710	0.12013	0.01924	0.02461	0.14955	0.15473	0.40415	0.01660	0.00830	0.00241	0.00434	0.01406	0.00687	0.00708
4	0.01558	0.01558	0.02181	0.01869	0.01869	0.02181	0.01558	0.01714	0.01091	0.01714	0.00935	0.01558	0.00935	0.01246	0.02337	0.00312	0.73672	0.00623	0.00312	0.00779
5	0.01658	0.01260	0.01495	0.01077	0.01701	0.00960	0.00865	0.01970	0.01536	0.09588	0.01429	0.01577	0.01130	0.00565	0.00547	0.00118	0.00536	0.00453	0.00470	0.71065
6	0.01924	0.01605	0.01696	0.01480	0.01910	0.01842	0.01164	0.14282	0.58500	0.03225	0.02704	0.02502	0.02017	0.00948	0.00723	0.00237	0.00599	0.00778	0.00723	0.01141
7	0.02459	0.01982	0.01778	0.01500	0.01909	0.20888	0.01171	0.20714	0.10731	0.15375	0.01829	0.01908	0.01358	0.01068	0.00986	0.11321	0.00837	0.00622	0.00594	0.00968
8	0.00932	0.00725	0.00847	0.00816	0.01017	0.00640	0.00612	0.01197	0.01837	0.02431	0.41471	0.06018	0.35670	0.01614	0.00841	0.00231	0.00347	0.01386	0.00728	0.00640
9	0.00845	0.00707	0.00736	0.00759	0.00972	0.00598	0.00558	0.01018	0.01587	0.01909	0.06751	0.16360	0.61035	0.01863	0.00851	0.00247	0.00368	0.01576	0.00661	0.00598
10	0.02424	0.01536	0.02040	0.01577	0.02093	0.01569	0.10489	0.24404	0.09973	0.23101	0.02204	0.02174	0.01540	0.00836	0.00706	0.00216	0.00708	0.00712	0.10600	0.01097
11	0.69211	0.01354	0.01132	0.00983	0.01439	0.01520	0.00810	0.02287	0.01328	0.12727	0.01247	0.01335	0.00910	0.00692	0.00479	0.00220	0.00559	0.00432	0.00503	0.00833
12	0.01022	0.00742	0.01039	0.01039	0.01130	0.00833	0.00759	0.01204	0.01113	0.01575	0.02003	0.03329	0.02011	0.25203	0.52606	0.01015	0.01560	0.00841	0.00396	0.00577
13	0.01713	0.01642	0.02802	0.12464	0.62824	0.01679	0.02161	0.02142	0.01598	0.02267	0.01331	0.01778	0.01107	0.00644	0.00706	0.00215	0.00858	0.00634	0.00348	0.01088
14	0.01247	0.00740	0.01002	0.01090	0.01226	0.00689	0.00806	0.01430	0.01510	0.11602	0.03739	0.51958	0.04181	0.01992	0.00896	0.00287	0.00486	0.13747	0.00691	0.00682
15	0.03195	0.01212	0.01652	0.01267	0.01818	0.01047	0.01047	0.03470	0.02038	0.71026	0.02809	0.02424	0.01763	0.00881	0.00716	0.00220	0.00606	0.00716	0.00881	0.01212
16	0.12222	0.00914	0.01053	0.01105	0.01312	0.00932	0.00878	0.06520	0.01624	0.02338	0.03733	0.27035	0.12533	0.01757	0.00844	0.00280	0.00536	0.23070	0.00632	0.00684
17	0.01692	0.01620	0.02763	0.16007	0.59448	0.01673	0.02150	0.02124	0.01588	0.02241	0.01327	0.01785	0.01098	0.00648	0.00706	0.00216	0.00863	0.00634	0.00346	0.01071

[dist]
# distance from previous block
# <min> <max>
0	9

[block]
# block no. 3 follows, 29 sequences, length 14
# corresponding to MSA columns:
# 180-193
name=unknown_D
#
# <colnr> <probs for GDERKNQSTAVLIFYWHMCP>
#	G	D	E	R	K	N	Q	S	T	A	V	L	I	F	Y	W	H	M	C	P
0	0.01428	0.03683	0.71286	0.02030	0.03082	0.01654	0.02631	0.02255	0.01503	0.02255	0.01278	0.01503	0.00902	0.00677	0.00677	0.00226	0.01052	0.00526	0.00301	0.01052
1	0.02374	0.01404	0.01565	0.01249	0.01687	0.01469	0.01016	0.33167	0.02478	0.18188	0.02140	0.02163	0.01524	0.00852	0.00645	0.00200	0.00602	0.00664	0.25574	0.01037
2	0.01008	0.00728	0.00952	0.00896	0.01064	0.00672	0.00672	0.01344	0.02016	0.02855	0.70158	0.05319	0.06719	0.01456	0.00840	0.00224	0.00336	0.01288	0.00784	0.00672
3	0.01573	0.01499	0.02549	0.35561	0.40821	0.01642	0.02091	0.02020	0.01532	0.02097	0.01306	0.01824	0.01047	0.00670	0.00708	0.00223	0.00893	0.00634	0.00336	0.00975
4	0.01023	0.00741	0.01031	0.01031	0.01120	0.00829	0.00749	0.01199	0.01111	0.01569	0.02011	0.03369	0.02029	0.26731	0.51103	0.01005	0.01533	0.00847	0.00397	0.00573
5	0.00897	0.00728	0.00803	0.00830	0.01041	0.00634	0.00638	0.01106	0.01642	0.02024	0.11963	0.11182	0.52098	0.01822	0.00864	0.00253	0.00400	0.09792	0.00671	0.00613
6	0.01925	0.01728	0.02696	0.14909	0.23862	0.01877	0.12192	0.20547	0.02034	0.02785	0.01412	0.01778	0.01097	0.00756	0.00870	0.00230	0.07153	0.00667	0.00445	0.01037
7	0.11968	0.25699	0.30507	0.01542	0.02302	0.01997	0.01727	0.06497	0.01611	0.08239	0.01309	0.01437	0.00982	0.00682	0.00582	0.00201	0.00840	0.00486	0.00396	0.00996
8	0.01969	0.02006	0.02209	0.11292	0.09760	0.17518	0.01608	0.12050	0.01736	0.02218	0.01174	0.01586	0.00995	0.00939	0.01332	0.00248	0.29483	0.00592	0.00389	0.00893
9	0.00900	0.00643	0.00864	0.01029	0.01084	0.00606	0.00718	0.01048	0.01395	0.01854	0.03907	0.66777	0.04638	0.02200	0.00918	0.00294	0.00441	0.09436	0.00660	0.00587
10	0.02591	0.01805	0.01974	0.01554	0.02090	0.01975	0.01271	0.47554	0.15742	0.12771	0.02078	0.01982	0.01466	0.00879	0.00715	0.00220	0.00719	0.00682	0.00736	0.01195
11	0.01342	0.01319	0.08884	0.01494	0.08195	0.01073	0.03744	0.07203	0.04444	0.04571	0.15732	0.13934	0.19912	0.01346	0.00789	0.00235	0.00568	0.01171	0.03231	0.00817
12	0.01803	0.04790	0.06493	0.25882	0.07392	0.11527	0.01587	0.11326	0.01807	0.02345	0.01299	0.01631	0.01011	0.00684	0.00650	0.00192	0.00875	0.00547	0.00403	0.17756
13	0.01282	0.01363	0.11719	0.01251	0.01586	0.01076	0.01111	0.07434	0.10496	0.02554	0.20236	0.22834	0.06540	0.01481	0.00818	0.00251	0.00557	0.05955	0.00650	0.00805

[dist]
# distance from previous block
# <min> <max>
0	1

[block]
# block no. 4 follows, 29 sequences, length 43
# corresponding to MSA columns:
# 195-237
name=unknown_E
#
# <colnr> <probs for GDERKNQSTAVLIFYWHMCP>
#	G	D	E	R	K	N	Q	S	T	A	V	L	I	F	Y	W	H	M	C	P
0	0.10655	0.08192	0.04909	0.01852	0.08328	0.10862	0.08771	0.09076	0.10148	0.15046	0.04076	0.01934	0.01470	0.00780	0.00671	0.00213	0.00810	0.00640	0.00550	0.01018
1	0.01217	0.01156	0.01269	0.01255	0.01446	0.10873	0.05730	0.01424	0.01566	0.01905	0.03917	0.36981	0.15731	0.01783	0.00864	0.00267	0.00620	0.10742	0.00596	0.00657
2	0.44400	0.07988	0.01790	0.01351	0.01823	0.14446	0.05892	0.08072	0.03982	0.02846	0.01173	0.01335	0.00919	0.00693	0.00541	0.00210	0.00768	0.00469	0.00444	0.00857
3	0.01550	0.05804	0.22317	0.20151	0.22657	0.01699	0.02082	0.02151	0.04624	0.02155	0.01339	0.01711	0.01046	0.00698	0.00740	0.00219	0.03637	0.00588	0.00345	0.04486
4	0.07308	0.31657	0.27802	0.01526	0.02253	0.04503	0.01685	0.08026	0.01641	0.02290	0.01224	0.01400	0.00968	0.00674	0.00567	0.00191	0.00852	0.00473	0.03995	0.00966
5	0.01259	0.00758	0.00960	0.00908	0.01093	0.00709	0.00684	0.01555	0.01815	0.08793	0.41993	0.07803	0.04966	0.06739	0.00988	0.00257	0.00405	0.04364	0.13255	0.00697
6	0.01078	0.00689	0.00828	0.00879	0.01006	0.00636	0.00613	0.01257	0.01482	0.05458	0.08967	0.36043	0.15606	0.08379	0.01062	0.00289	0.00420	0.01505	0.13180	0.00621
7	0.01239	0.00868	0.01157	0.01279	0.06112	0.00837	0.00888	0.01621	0.06700	0.07319	0.21084	0.26888	0.09589	0.01656	0.00853	0.00259	0.00476	0.09744	0.00691	0.00740
8	0.02525	0.08269	0.02362	0.01859	0.02313	0.47868	0.07375	0.14726	0.02190	0.02290	0.01235	0.01409	0.00986	0.00735	0.00659	0.00192	0.01146	0.00521	0.00425	0.00915
9	0.01110	0.00768	0.00883	0.00830	0.01074	0.00665	0.00631	0.01352	0.01793	0.08482	0.28076	0.05935	0.42599	0.01603	0.00830	0.00233	0.00374	0.01359	0.00723	0.00680
10	0.03195	0.01212	0.01652	0.01267	0.01818	0.01047	0.01047	0.03470	0.02038	0.71026	0.02809	0.02424	0.01763	0.00881	0.00716	0.00220	0.00606	0.00716	0.00881	0.01212
11	0.01785	0.01644	0.02572	0.11219	0.48769	0.01728	0.01953	0.07027	0.11411	0.02517	0.01581	0.01902	0.01264	0.00706	0.00709	0.00219	0.00812	0.00659	0.00427	0.01097
12	0.01771	0.01530	0.01610	0.01449	0.01852	0.01771	0.01127	0.03784	0.69247	0.02979	0.02898	0.02657	0.02174	0.00966	0.00725	0.00242	0.00564	0.00805	0.00725	0.01127
13	0.01861	0.01432	0.01569	0.01369	0.01764	0.01593	0.01074	0.10780	0.45994	0.08108	0.13514	0.02956	0.02760	0.01025	0.00741	0.00234	0.00556	0.00857	0.00744	0.01070
14	0.00864	0.00634	0.00811	0.00953	0.01023	0.00582	0.00644	0.00996	0.01400	0.01833	0.04392	0.64896	0.14023	0.02170	0.00899	0.00282	0.00406	0.01950	0.00661	0.00582
15	0.02707	0.01995	0.02137	0.01638	0.02208	0.02208	0.01353	0.68159	0.03348	0.04488	0.01710	0.01710	0.01211	0.00855	0.00712	0.00214	0.00784	0.00641	0.00712	0.01211
16	0.02707	0.01995	0.02137	0.01638	0.02208	0.02208	0.01353	0.68159	0.03348	0.04488	0.01710	0.01710	0.01211	0.00855	0.00712	0.00214	0.00784	0.00641	0.00712	0.01211
17	0.01762	0.01692	0.02890	0.04371	0.70533	0.01692	0.02185	0.02185	0.01621	0.02326	0.01339	0.01762	0.01128	0.00634	0.00705	0.00211	0.00846	0.00634	0.00352	0.01128
18	0.00965	0.00679	0.00885	0.01001	0.01058	0.00663	0.00700	0.01100	0.01320	0.01757	0.03388	0.42249	0.03942	0.20356	0.04876	0.00435	0.00593	0.12884	0.00590	0.00558
19	0.01297	0.00805	0.00929	0.00863	0.01137	0.00690	0.00659	0.01510	0.01728	0.14759	0.13882	0.10881	0.44960	0.01623	0.00823	0.00238	0.00407	0.01370	0.00717	0.00721
20	0.64325	0.01380	0.01192	0.06356	0.01676	0.01596	0.00892	0.07099	0.01405	0.03164	0.01133	0.01329	0.00871	0.00688	0.00484	0.00218	0.00587	0.00437	0.04365	0.00801
21	0.07158	0.01022	0.01229	0.01089	0.01369	0.01045	0.00836	0.05124	0.10228	0.15156	0.24365	0.03587	0.03432	0.10454	0.10381	0.00400	0.00696	0.00931	0.00673	0.00827
22	0.01796	0.35089	0.29790	0.01641	0.02365	0.10944	0.01804	0.02249	0.01523	0.01912	0.01113	0.01320	0.00911	0.00680	0.00652	0.00192	0.04298	0.00458	0.00311	0.00951
23	0.02295	0.07022	0.04983	0.01427	0.01930	0.01695	0.01207	0.28044	0.11930	0.17035	0.02292	0.10976	0.01854	0.01012	0.00714	0.00222	0.00674	0.00821	0.00686	0.03179
24	0.03677	0.22733	0.33574	0.01604	0.02381	0.03850	0.01801	0.07051	0.01644	0.05909	0.01326	0.01539	0.01028	0.02706	0.00685	0.00207	0.00877	0.00506	0.00380	0.06524
25	0.01146	0.00920	0.01260	0.01189	0.01245	0.01118	0.00892	0.01295	0.01096	0.01578	0.01796	0.03126	0.01853	0.27237	0.33813	0.00806	0.17827	0.00820	0.00382	0.00601
26	0.01034	0.00696	0.00804	0.00804	0.00813	0.00705	0.00465	0.01053	0.01043	0.01401	0.02219	0.04524	0.02530	0.69884	0.08635	0.00724	0.00779	0.01016	0.00428	0.00446
27	0.12461	0.01445	0.01710	0.01327	0.01870	0.01430	0.01096	0.20881	0.02293	0.44644	0.02288	0.02075	0.01491	0.00847	0.00681	0.00219	0.00647	0.00655	0.00781	0.01158
28	0.01813	0.18554	0.14085	0.07778	0.20557	0.04018	0.12275	0.08520	0.01735	0.02316	0.01291	0.01598	0.01025	0.00660	0.00666	0.00206	0.00930	0.00588	0.00367	0.01016
29	0.00984	0.00703	0.00960	0.01125	0.01218	0.00679	0.00864	0.01193	0.01478	0.01949	0.03860	0.46754	0.04454	0.02121	0.00940	0.00305	0.00514	0.28627	0.00659	0.00611
30	0.01033	0.00719	0.00888	0.00846	0.01021	0.00663	0.00634	0.01352	0.01903	0.02729	0.54268	0.05124	0.12856	0.01408	0.00794	0.00218	0.00338	0.01227	0.11315	0.00663
31	0.01287	0.00831	0.01050	0.00949	0.01168	0.00787	0.00726	0.05345	0.02057	0.07905	0.56547	0.04713	0.05697	0.01335	0.00799	0.00219	0.00381	0.01165	0.06297	0.00742
32	0.01878	0.19113	0.02994	0.10380	0.24560	0.12833	0.10867	0.02319	0.04644	0.02052	0.01297	0.01621	0.01066	0.00662	0.00658	0.00201	0.00942	0.00584	0.00357	0.00972
33	0.02971	0.01266	0.01654	0.01293	0.01810	0.01156	0.01057	0.11211	0.02151	0.58004	0.02753	0.07420	0.01903	0.00973	0.00729	0.00224	0.00614	0.00799	0.00845	0.01167
34	0.00857	0.00708	0.00752	0.00771	0.00979	0.00603	0.00567	0.01040	0.01615	0.01975	0.11203	0.15974	0.56825	0.01837	0.00851	0.00246	0.00366	0.01559	0.00670	0.00603
35	0.01411	0.01516	0.08439	0.04149	0.15541	0.01304	0.14507	0.01937	0.06467	0.02209	0.02340	0.18312	0.02331	0.01171	0.00799	0.00246	0.00776	0.09644	0.00487	0.06412
36	0.09481	0.01766	0.01908	0.01685	0.06822	0.04497	0.01271	0.32523	0.17275	0.12456	0.02000	0.01948	0.01438	0.00845	0.00688	0.00220	0.00714	0.00656	0.00674	0.01133
37	0.00989	0.00727	0.00926	0.00876	0.01052	0.00664	0.00657	0.01307	0.01971	0.02750	0.63018	0.05493	0.13924	0.01495	0.00840	0.00226	0.00339	0.01312	0.00770	0.00664
38	0.01929	0.01839	0.11148	0.07282	0.47573	0.01577	0.02046	0.02381	0.01663	0.13342	0.01564	0.01844	0.01192	0.00684	0.00704	0.00216	0.00839	0.00634	0.00429	0.01114
39	0.01558	0.01181	0.01458	0.01331	0.01656	0.01259	0.04078	0.02566	0.30127	0.08412	0.03434	0.04240	0.11285	0.04415	0.07356	0.00354	0.00714	0.13018	0.00658	0.00900
40	0.01342	0.00902	0.01075	0.01002	0.01248	0.00881	0.00759	0.01916	0.13579	0.09666	0.30972	0.12136	0.14999	0.01418	0.00798	0.00233	0.00416	0.01227	0.04647	0.00785
41	0.05785	0.28317	0.02514	0.01476	0.01963	0.22452	0.01241	0.10208	0.15162	0.02343	0.01480	0.01547	0.01190	0.00746	0.00591	0.00189	0.00866	0.00517	0.00458	0.00958
42	0.01902	0.28037	0.20196	0.01459	0.02162	0.07043	0.01508	0.04753	0.01634	0.08325	0.01316	0.01447	0.01026	0.00654	0.00573	0.00173	0.00816	0.00472	0.00398	0.16106

[dist]
# distance from previous block
# <min> <max>
0	1

[block]
# block no. 5 follows, 29 sequences, length 33
# corresponding to MSA columns:
# 239-271
name=unknown_F
#
# <colnr> <probs for GDERKNQSTAVLIFYWHMCP>
#	G	D	E	R	K	N	Q	S	T	A	V	L	I	F	Y	W	H	M	C	P
0	0.02233	0.08146	0.04338	0.12292	0.05728	0.01563	0.01356	0.07630	0.15998	0.26122	0.02277	0.02447	0.01668	0.00883	0.00705	0.00226	0.00705	0.03974	0.00642	0.01066
1	0.73835	0.07225	0.01259	0.00959	0.01413	0.01694	0.00806	0.02096	0.01230	0.03075	0.00991	0.01156	0.00782	0.00657	0.00442	0.00215	0.00567	0.00385	0.00430	0.00782
2	0.02037	0.20127	0.08047	0.02483	0.26051	0.12528	0.01652	0.02444	0.04043	0.09483	0.03645	0.01734	0.01311	0.00711	0.00638	0.00196	0.00856	0.00573	0.00422	0.01018
3	0.01502	0.01145	0.01420	0.09618	0.01881	0.01240	0.01037	0.07424	0.19324	0.06012	0.21055	0.03368	0.04858	0.04148	0.09739	0.00356	0.00731	0.00908	0.00635	0.03600
4	0.01696	0.01624	0.02770	0.15354	0.60071	0.01674	0.02152	0.02127	0.01590	0.02245	0.01328	0.01784	0.01099	0.00647	0.00706	0.00216	0.00862	0.00634	0.00347	0.01074
5	0.01019	0.00754	0.01101	0.01101	0.01214	0.00867	0.00836	0.01244	0.01132	0.01621	0.01947	0.03015	0.01875	0.13494	0.64129	0.01091	0.01765	0.00795	0.00387	0.00612
6	0.01477	0.01266	0.01477	0.01055	0.01687	0.00949	0.00844	0.01793	0.01477	0.02320	0.01266	0.01477	0.01055	0.00527	0.00527	0.00105	0.00527	0.00422	0.00422	0.79328
7	0.01008	0.00728	0.00952	0.00896	0.01064	0.00672	0.00672	0.01344	0.02016	0.02855	0.70158	0.05319	0.06719	0.01456	0.00840	0.00224	0.00336	0.01288	0.00784	0.00672
8	0.12013	0.10474	0.05762	0.01979	0.13986	0.07431	0.01446	0.25385	0.04140	0.08531	0.01524	0.01624	0.01140	0.00751	0.00641	0.00207	0.00795	0.00569	0.00535	0.01067
9	0.02748	0.01566	0.01928	0.10392	0.02375	0.01629	0.01299	0.31992	0.02543	0.32864	0.02129	0.02041	0.01416	0.00848	0.00714	0.00219	0.00728	0.00672	0.00736	0.01159
10	0.00927	0.00708	0.00851	0.00851	0.01023	0.00632	0.00624	0.01173	0.01771	0.02359	0.37267	0.17310	0.28513	0.01705	0.00852	0.00241	0.00357	0.01485	0.00721	0.00632
11	0.02664	0.03264	0.02029	0.01816	0.02202	0.65611	0.01374	0.08921	0.02142	0.01998	0.01157	0.01324	0.00945	0.00745	0.00649	0.00186	0.01238	0.00476	0.00399	0.00861
12	0.00897	0.00724	0.00799	0.00780	0.00996	0.00625	0.00585	0.01130	0.01755	0.02236	0.28309	0.06339	0.48954	0.01687	0.00841	0.00235	0.00352	0.01431	0.00702	0.00625
13	0.00861	0.00673	0.00782	0.00858	0.01000	0.00593	0.00604	0.01021	0.01516	0.01913	0.08353	0.39192	0.36116	0.01993	0.00874	0.00263	0.00385	0.01743	0.00666	0.00593
14	0.01763	0.01679	0.02789	0.04140	0.65108	0.01698	0.02102	0.02312	0.06964	0.02378	0.01463	0.01833	0.01211	0.00661	0.00706	0.00214	0.00824	0.00648	0.00382	0.01128
15	0.01729	0.01443	0.01440	0.01294	0.01633	0.08626	0.00998	0.02880	0.35726	0.08157	0.21899	0.03389	0.05541	0.01102	0.00752	0.00229	0.00570	0.00922	0.00715	0.00956
16	0.01568	0.01587	0.02341	0.01959	0.02016	0.02151	0.06802	0.01758	0.01137	0.01758	0.00975	0.01587	0.00946	0.01195	0.02219	0.00306	0.67947	0.00640	0.00315	0.00793
17	0.80005	0.01377	0.01047	0.00936	0.01377	0.01597	0.00771	0.02093	0.01212	0.03195	0.00991	0.01157	0.00771	0.00661	0.00441	0.00220	0.00551	0.00386	0.00441	0.00771
18	0.01613	0.01511	0.02543	0.09351	0.55026	0.01532	0.01971	0.02007	0.01584	0.02229	0.01709	0.08657	0.01610	0.00862	0.00740	0.00227	0.00804	0.04605	0.00395	0.01024
19	0.10160	0.01935	0.02032	0.01571	0.02128	0.02149	0.01297	0.61789	0.03142	0.04363	0.01640	0.01656	0.01169	0.00836	0.00686	0.00214	0.00761	0.00616	0.00686	0.01169
20	0.01977	0.01235	0.01462	0.01277	0.01641	0.01260	0.01023	0.18819	0.09586	0.17746	0.07834	0.14134	0.08171	0.01332	0.00797	0.00247	0.00586	0.09185	0.00737	0.00953
21	0.01378	0.01212	0.01934	0.22698	0.24581	0.01298	0.01589	0.03985	0.01554	0.02100	0.02246	0.22624	0.02316	0.01216	0.00786	0.00250	0.00737	0.06186	0.00465	0.00844
22	0.01589	0.27990	0.48391	0.01755	0.02657	0.02048	0.02152	0.02213	0.01484	0.02059	0.01180	0.01381	0.00906	0.00654	0.00602	0.00201	0.00954	0.00477	0.00302	0.01005
23	0.02707	0.01995	0.02137	0.01638	0.02208	0.02208	0.01353	0.68159	0.03348	0.04488	0.01710	0.01710	0.01211	0.00855	0.00712	0.00214	0.00784	0.00641	0.00712	0.01211
24	0.03395	0.01174	0.01776	0.01798	0.11831	0.01228	0.09608	0.05576	0.06616	0.02057	0.01906	0.02981	0.01811	0.24499	0.20031	0.00604	0.01085	0.00823	0.00437	0.00763
25	0.00893	0.00648	0.00845	0.00974	0.01050	0.00601	0.00674	0.01052	0.01465	0.01950	0.11252	0.58908	0.10075	0.02103	0.00899	0.00280	0.00411	0.04653	0.00674	0.00593
26	0.00983	0.00727	0.00918	0.00870	0.01049	0.00661	0.00652	0.01296	0.01957	0.02717	0.60803	0.05547	0.16159	0.01507	0.00840	0.00226	0.00340	0.01320	0.00766	0.00661
27	0.01918	0.28020	0.20409	0.01638	0.02261	0.22041	0.03872	0.02309	0.01677	0.01958	0.06596	0.01633	0.01378	0.00729	0.00610	0.00189	0.00966	0.00528	0.00361	0.00907
28	0.80005	0.01377	0.01047	0.00936	0.01377	0.01597	0.00771	0.02093	0.01212	0.03195	0.00991	0.01157	0.00771	0.00661	0.00441	0.00220	0.00551	0.00386	0.00441	0.00771
29	0.01019	0.00756	0.01110	0.01110	0.01225	0.00871	0.00847	0.01250	0.01134	0.01628	0.01939	0.02971	0.01855	0.11820	0.65776	0.01102	0.01794	0.00788	0.00386	0.00617
30	0.03170	0.01252	0.01677	0.01286	0.01838	0.01105	0.01062	0.06752	0.02105	0.67651	0.02753	0.02387	0.01735	0.00880	0.00716	0.00220	0.00615	0.00712	0.00873	0.01212
31	0.00868	0.00662	0.00798	0.00891	0.01010	0.00593	0.00620	0.01026	0.01498	0.01925	0.09556	0.46217	0.27714	0.02029	0.00881	0.00268	0.00390	0.01792	0.00669	0.00593
32	0.01632	0.01510	0.07362	0.02248	0.20903	0.01389	0.01536	0.15635	0.01947	0.02650	0.02484	0.12721	0.02490	0.01294	0.00816	0.00259	0.00737	0.20907	0.00556	0.00925

[dist]
# distance from previous block
# <min> <max>
0	1

[block]
# block no. 6 follows, 29 sequences, length 119
# corresponding to MSA columns:
# 273-313,338-402,427-439
name=unknown_G
#
# <colnr> <probs for GDERKNQSTAVLIFYWHMCP>
#	G	D	E	R	K	N	Q	S	T	A	V	L	I	F	Y	W	H	M	C	P
0	0.01734	0.01221	0.01399	0.01321	0.01648	0.03406	0.01088	0.07826	0.19053	0.12091	0.03524	0.05029	0.09913	0.01414	0.00832	0.00268	0.00624	0.26008	0.00701	0.00898
1	0.62289	0.01471	0.01242	0.01077	0.01531	0.01693	0.00881	0.10681	0.08325	0.03338	0.01275	0.01378	0.00968	0.00716	0.00504	0.00222	0.00582	0.00460	0.00504	0.00863
2	0.01345	0.01266	0.02136	0.73264	0.04904	0.01582	0.01978	0.01819	0.01424	0.01819	0.01266	0.01898	0.00949	0.00712	0.00712	0.00237	0.00949	0.00633	0.00316	0.00791
3	0.10896	0.01263	0.01613	0.01250	0.01791	0.01153	0.01032	0.06200	0.02013	0.61256	0.02578	0.02265	0.01639	0.00858	0.00688	0.00220	0.00608	0.00680	0.00830	0.01167
4	0.02686	0.01394	0.01649	0.01292	0.01781	0.01394	0.01058	0.26327	0.02410	0.34961	0.02328	0.02209	0.01576	0.00863	0.00676	0.00208	0.00621	0.00680	0.14772	0.01114
5	0.01681	0.01921	0.04202	0.03001	0.03721	0.01801	0.67947	0.02281	0.01681	0.02281	0.01441	0.01921	0.01080	0.00600	0.00840	0.00240	0.01200	0.00840	0.00360	0.00960
6	0.61285	0.01496	0.01503	0.01232	0.01719	0.01671	0.07598	0.09567	0.01522	0.05162	0.01169	0.01331	0.00880	0.00683	0.00519	0.00222	0.00644	0.00469	0.00475	0.00852
7	0.01147	0.00820	0.01147	0.01311	0.01475	0.00820	0.01147	0.01475	0.01639	0.02131	0.03770	0.08032	0.04098	0.01967	0.00984	0.00328	0.00656	0.65741	0.00656	0.00656
8	0.01477	0.01266	0.01477	0.01055	0.01687	0.00949	0.00844	0.01793	0.01477	0.02320	0.01266	0.01477	0.01055	0.00527	0.00527	0.00105	0.00527	0.00422	0.00422	0.79328
9	0.01520	0.01310	0.01832	0.08766	0.02223	0.01400	0.10435	0.08810	0.21121	0.02549	0.03102	0.09956	0.09265	0.01260	0.00815	0.00258	0.00697	0.13185	0.00607	0.00890
10	0.06271	0.08858	0.01734	0.01245	0.01664	0.01601	0.01022	0.24582	0.09072	0.09014	0.16556	0.02652	0.02547	0.00959	0.00678	0.00208	0.00588	0.00765	0.09010	0.00975
11	0.00965	0.00726	0.00892	0.00851	0.01038	0.00654	0.00638	0.01261	0.01914	0.02615	0.53944	0.05714	0.23082	0.01545	0.00840	0.00228	0.00342	0.01343	0.00752	0.00654
12	0.01921	0.01794	0.02709	0.03805	0.56345	0.04640	0.02005	0.10771	0.04414	0.02606	0.01436	0.01770	0.01169	0.00679	0.00704	0.00212	0.00845	0.00635	0.00413	0.01126
13	0.11359	0.10800	0.02085	0.01684	0.04066	0.47281	0.01281	0.02724	0.01854	0.08883	0.01255	0.01383	0.00992	0.00724	0.00608	0.00189	0.01062	0.00473	0.00420	0.00877
14	0.02893	0.01145	0.01556	0.01216	0.01714	0.00995	0.00995	0.03177	0.02035	0.61617	0.12105	0.02823	0.02447	0.00961	0.00733	0.00221	0.00569	0.00795	0.00868	0.01137
15	0.01725	0.01654	0.02823	0.10476	0.64717	0.01682	0.02167	0.02153	0.01604	0.02281	0.01333	0.01774	0.01112	0.00641	0.00706	0.00214	0.00855	0.00634	0.00349	0.01098
16	0.00868	0.00722	0.00758	0.00749	0.00978	0.00613	0.00562	0.01074	0.01686	0.02074	0.17355	0.06606	0.60009	0.01747	0.00841	0.00238	0.00357	0.01468	0.00681	0.00613
17	0.03195	0.01212	0.01652	0.01267	0.01818	0.01047	0.01047	0.03470	0.02038	0.71026	0.02809	0.02424	0.01763	0.00881	0.00716	0.00220	0.00606	0.00716	0.00881	0.01212
18	0.01023	0.00661	0.00786	0.00844	0.00899	0.00643	0.00544	0.01149	0.01300	0.01862	0.07028	0.30441	0.03497	0.30057	0.01881	0.00418	0.00501	0.01354	0.14571	0.00543
19	0.00862	0.00641	0.00804	0.00935	0.01018	0.00583	0.00636	0.00998	0.01417	0.01840	0.04607	0.60482	0.18298	0.02142	0.00895	0.00279	0.00402	0.01916	0.00661	0.00583
20	0.01955	0.63649	0.07691	0.01310	0.01942	0.02685	0.01318	0.08778	0.01641	0.01993	0.01080	0.01221	0.00943	0.00638	0.00496	0.00163	0.00781	0.00416	0.00345	0.00952
21	0.01036	0.00690	0.00777	0.00777	0.00777	0.00690	0.00431	0.01036	0.01036	0.01381	0.02244	0.04660	0.02589	0.74975	0.03624	0.00690	0.00690	0.01036	0.00431	0.00431
22	0.05814	0.01730	0.01638	0.01271	0.01832	0.14172	0.01009	0.08835	0.01805	0.09110	0.01416	0.01541	0.01100	0.00639	0.00581	0.00147	0.00701	0.00477	0.00486	0.45697
