[name]
unknown

[dist]
# distance from previous block
# <min> <max>
0	0

[block]
# block no. 0 follows, 31 sequences, length 44
# corresponding to MSA columns:
# 0-43
name=unknown_A
#
# <colnr> <probs for GDERKNQSTAVLIFYWHMCP>
#	G	D	E	R	K	N	Q	S	T	A	V	L	I	F	Y	W	H	M	C	P
0	0.01102	0.00787	0.01102	0.01260	0.01417	0.00787	0.01102	0.01417	0.01575	0.02047	0.03622	0.07717	0.03937	0.01890	0.00945	0.00315	0.00630	0.67084	0.00630	0.00630
1	0.01055	0.00858	0.01141	0.01132	0.01266	0.04428	0.00878	0.01296	0.01141	0.01592	0.01794	0.02616	0.01669	0.04912	0.69659	0.01054	0.01803	0.00719	0.00366	0.00620
2	0.01292	0.01216	0.02052	0.74312	0.04712	0.01520	0.01900	0.01748	0.01368	0.01748	0.01216	0.01824	0.00912	0.00684	0.00684	0.00228	0.00912	0.00608	0.00304	0.00760
3	0.02559	0.03147	0.01948	0.01747	0.02116	0.67221	0.01320	0.08349	0.02046	0.01897	0.01107	0.01268	0.00905	0.00715	0.00623	0.00179	0.01193	0.00455	0.00380	0.00824
4	0.01204	0.01151	0.02090	0.01714	0.02041	0.01102	0.26844	0.01653	0.07263	0.02015	0.02933	0.37838	0.06291	0.01423	0.00830	0.00254	0.00695	0.01387	0.00530	0.00741
5	0.00977	0.00733	0.01100	0.01100	0.01222	0.00855	0.00855	0.01222	0.01100	0.01588	0.01833	0.02688	0.01710	0.05131	0.73245	0.01100	0.01833	0.00733	0.00367	0.00611
6	0.01829	0.76368	0.03585	0.01171	0.01756	0.02707	0.01171	0.02049	0.01390	0.01610	0.00951	0.01097	0.00878	0.00585	0.00439	0.00146	0.00732	0.00366	0.00293	0.00878
7	0.01702	0.01470	0.01547	0.01392	0.01779	0.01702	0.01083	0.03635	0.70453	0.02862	0.02785	0.02553	0.02088	0.00928	0.00696	0.00232	0.00541	0.00773	0.00696	0.01083
8	0.01829	0.76368	0.03585	0.01171	0.01756	0.02707	0.01171	0.02049	0.01390	0.01610	0.00951	0.01097	0.00878	0.00585	0.00439	0.00146	0.00732	0.00366	0.00293	0.00878
9	0.01513	0.01259	0.01032	0.00966	0.01179	0.16398	0.00728	0.03746	0.01725	0.02462	0.19696	0.02896	0.02754	0.00932	0.00599	0.00179	0.00531	0.00748	0.39970	0.00689
10	0.00844	0.00694	0.00742	0.00730	0.00946	0.00593	0.00548	0.01050	0.01643	0.02047	0.21215	0.06257	0.57003	0.01659	0.00808	0.00228	0.00341	0.01398	0.00661	0.00593
11	0.01508	0.01301	0.01362	0.01241	0.01594	0.01458	0.00961	0.03061	0.55534	0.02642	0.03682	0.03426	0.17100	0.01102	0.00720	0.00232	0.00499	0.00919	0.00683	0.00973
12	0.01143	0.00624	0.00936	0.00936	0.00963	0.00651	0.00651	0.00963	0.00936	0.01275	0.01328	0.02211	0.01301	0.02973	0.17956	0.62989	0.00862	0.00624	0.00312	0.00365
13	0.02601	0.01916	0.02053	0.01574	0.02122	0.02122	0.01300	0.69408	0.03217	0.04312	0.01643	0.01643	0.01163	0.00821	0.00684	0.00205	0.00753	0.00616	0.00684	0.01163
14	0.01419	0.01216	0.01419	0.01013	0.01621	0.00912	0.00811	0.01723	0.01419	0.02229	0.01216	0.01419	0.01013	0.00507	0.00507	0.00101	0.00507	0.00405	0.00405	0.80139
15	0.01562	0.02212	0.18843	0.02681	0.03442	0.01700	0.54766	0.02186	0.01578	0.02186	0.01350	0.01759	0.01001	0.00593	0.00773	0.00228	0.01123	0.00742	0.00334	0.00942
16	0.80789	0.01323	0.01006	0.00900	0.01323	0.01535	0.00741	0.02011	0.01164	0.03070	0.00953	0.01111	0.00741	0.00635	0.00423	0.00212	0.00529	0.00370	0.00423	0.00741
17	0.01292	0.01216	0.02052	0.74312	0.04712	0.01520	0.01900	0.01748	0.01368	0.01748	0.01216	0.01824	0.00912	0.00684	0.00684	0.00228	0.00912	0.00608	0.00304	0.00760
18	0.00883	0.00654	0.00824	0.00871	0.00992	0.00595	0.00619	0.01093	0.01604	0.02163	0.31321	0.35348	0.16967	0.01774	0.00835	0.00245	0.00358	0.01575	0.00682	0.00595
19	0.00990	0.00684	0.00852	0.00852	0.00889	0.00721	0.00547	0.01063	0.01026	0.01405	0.02058	0.03939	0.02254	0.54653	0.24466	0.00794	0.01015	0.00916	0.00400	0.00474
20	0.01615	0.01845	0.04037	0.02884	0.03576	0.01730	0.69204	0.02191	0.01615	0.02191	0.01384	0.01845	0.01038	0.00577	0.00807	0.00231	0.01153	0.00807	0.00346	0.00923
21	0.00919	0.00697	0.00847	0.00809	0.00992	0.00625	0.00607	0.01196	0.01821	0.02469	0.51618	0.05561	0.26336	0.01501	0.00807	0.00220	0.00330	0.01300	0.00717	0.00625
22	0.01372	0.03539	0.72412	0.01950	0.02961	0.01589	0.02528	0.02167	0.01444	0.02167	0.01228	0.01444	0.00867	0.00650	0.00650	0.00217	0.01011	0.00506	0.00289	0.01011
23	0.00977	0.00733	0.01100	0.01100	0.01222	0.00855	0.00855	0.01222	0.01100	0.01588	0.01833	0.02688	0.01710	0.05131	0.73245	0.01100	0.01833	0.00733	0.00367	0.00611
24	0.03070	0.01164	0.01588	0.01217	0.01746	0.01006	0.01006	0.03334	0.01958	0.72163	0.02699	0.02329	0.01694	0.00847	0.00688	0.00212	0.00582	0.00688	0.00847	0.01164
25	0.01575	0.01506	0.01569	0.01805	0.11649	0.17041	0.01302	0.04795	0.01725	0.02091	0.02632	0.05150	0.02729	0.01397	0.00822	0.00263	0.00796	0.39867	0.00529	0.00754
26	0.01407	0.03297	0.62637	0.02083	0.03049	0.01609	0.12060	0.02170	0.01469	0.02170	0.01250	0.01502	0.00891	0.00640	0.00672	0.00219	0.01031	0.00549	0.00297	0.00998
27	0.03030	0.01227	0.01627	0.01247	0.01778	0.01099	0.01030	0.08866	0.02063	0.66482	0.02611	0.02271	0.01649	0.00845	0.00688	0.00211	0.00596	0.00682	0.00833	0.01164
28	0.01032	0.00790	0.00958	0.00900	0.01098	0.00762	0.00679	0.01526	0.10059	0.02626	0.53709	0.05021	0.15455	0.01391	0.00794	0.00220	0.00352	0.01212	0.00729	0.00688
29	0.01661	0.01569	0.02540	0.09704	0.56052	0.01628	0.01937	0.02290	0.11391	0.02284	0.01495	0.01827	0.01213	0.00661	0.00681	0.00209	0.00782	0.00633	0.00387	0.01056
30	0.01615	0.01845	0.04037	0.02884	0.03576	0.01730	0.69204	0.02191	0.01615	0.02191	0.01384	0.01845	0.01038	0.00577	0.00807	0.00231	0.01153	0.00807	0.00346	0.00923
31	0.80789	0.01323	0.01006	0.00900	0.01323	0.01535	0.00741	0.02011	0.01164	0.03070	0.00953	0.01111	0.00741	0.00635	0.00423	0.00212	0.00529	0.00370	0.00423	0.00741
32	0.01761	0.01499	0.01580	0.01404	0.01802	0.01729	0.01097	0.07989	0.66002	0.02958	0.02709	0.02492	0.02027	0.00921	0.00695	0.00230	0.00555	0.00763	0.00695	0.01088
33	0.01492	0.00749	0.00799	0.00750	0.00963	0.00749	0.00574	0.01915	0.06192	0.09833	0.02318	0.02528	0.01770	0.00811	0.00515	0.00170	0.00361	0.00652	0.66137	0.00723
34	0.08309	0.00820	0.00922	0.00824	0.01086	0.00794	0.00643	0.01954	0.01612	0.17702	0.14140	0.02823	0.02466	0.00898	0.00576	0.00185	0.00394	0.00729	0.42361	0.00762
35	0.00942	0.00698	0.00878	0.00833	0.01006	0.00634	0.00625	0.01241	0.01875	0.02597	0.60809	0.05351	0.17065	0.01453	0.00807	0.00218	0.00327	0.01271	0.00734	0.00634
36	0.57733	0.01276	0.01178	0.00994	0.01449	0.01378	0.00819	0.02404	0.01400	0.23567	0.01471	0.01472	0.01024	0.00698	0.00502	0.00212	0.00545	0.00465	0.00549	0.00867
37	0.01462	0.00802	0.00976	0.00913	0.01178	0.00694	0.00690	0.01647	0.01607	0.21926	0.04874	0.23845	0.33547	0.01589	0.00791	0.00238	0.00427	0.01362	0.00696	0.00739
38	0.01494	0.01423	0.02418	0.38947	0.38496	0.01573	0.02001	0.01925	0.01464	0.01994	0.01252	0.01758	0.00999	0.00646	0.00681	0.00215	0.00862	0.00609	0.00321	0.00923
39	0.02593	0.02148	0.02033	0.01607	0.02120	0.14380	0.01304	0.57910	0.02996	0.03857	0.01542	0.01572	0.01115	0.00801	0.00673	0.00200	0.00836	0.00586	0.00627	0.01100
40	0.02180	0.20744	0.02575	0.02159	0.17124	0.35678	0.03490	0.02432	0.01712	0.04295	0.01149	0.01357	0.00958	0.00656	0.00595	0.00178	0.00994	0.00479	0.00352	0.00894
41	0.01869	0.18121	0.14375	0.01487	0.02054	0.04012	0.01401	0.15663	0.28719	0.02716	0.01851	0.01834	0.01403	0.00779	0.00628	0.00204	0.00724	0.00599	0.00527	0.01034
42	0.01235	0.01114	0.01489	0.01338	0.01386	0.01423	0.01059	0.01369	0.01130	0.01614	0.02172	0.03165	0.11024	0.17828	0.08476	0.00439	0.39490	0.03224	0.00388	0.00637
43	0.01138	0.00730	0.00949	0.00893	0.01080	0.00664	0.00670	0.01423	0.01842	0.09049	0.52964	0.13005	0.10052	0.01454	0.00804	0.00223	0.00357	0.01281	0.00741	0.00679

[dist]
# distance from previous block
# <min> <max>
0	8

[block]
# block no. 1 follows, 31 sequences, length 94
# corresponding to MSA columns:
# 52-145
name=unknown_B
#
# <colnr> <probs for GDERKNQSTAVLIFYWHMCP>
#	G	D	E	R	K	N	Q	S	T	A	V	L	I	F	Y	W	H	M	C	P
0	0.00958	0.00699	0.00900	0.00850	0.01016	0.00641	0.00637	0.01271	0.01912	0.02684	0.67076	0.05208	0.10744	0.01421	0.00807	0.00216	0.00324	0.01251	0.00745	0.00641
1	0.00857	0.00614	0.00815	0.00936	0.00998	0.00572	0.00637	0.01013	0.01421	0.01923	0.15743	0.63034	0.04867	0.02011	0.00861	0.00267	0.00384	0.01819	0.00656	0.00572
2	0.01446	0.00767	0.00837	0.00772	0.00983	0.00761	0.00593	0.06070	0.01659	0.07664	0.12085	0.02841	0.02382	0.00888	0.00553	0.00174	0.00366	0.00725	0.57724	0.00710
3	0.23383	0.01295	0.01379	0.01118	0.01559	0.01350	0.00914	0.18458	0.01956	0.25489	0.01900	0.01878	0.01323	0.00776	0.00580	0.00201	0.00563	0.00577	0.14340	0.00960
4	0.00849	0.00627	0.00779	0.00879	0.00964	0.00574	0.00598	0.00986	0.01386	0.01812	0.09224	0.51567	0.18246	0.06879	0.01027	0.00289	0.00399	0.01728	0.00629	0.00557
5	0.01572	0.01502	0.02558	0.25383	0.51452	0.01594	0.02039	0.01993	0.01500	0.02088	0.01265	0.01733	0.01032	0.00632	0.00679	0.00211	0.00843	0.00609	0.00328	0.00986
6	0.01428	0.01355	0.02298	0.50537	0.27424	0.01556	0.01968	0.01867	0.01432	0.01913	0.01240	0.01780	0.00970	0.00659	0.00682	0.00220	0.00878	0.00609	0.00316	0.00870
7	0.02228	0.01640	0.02034	0.12606	0.15008	0.04627	0.01446	0.31692	0.02319	0.12453	0.01668	0.01807	0.01206	0.00760	0.00669	0.00205	0.00758	0.00617	0.05212	0.01044
8	0.01339	0.00975	0.01110	0.00971	0.01295	0.00918	0.00753	0.04135	0.13486	0.08676	0.21219	0.04342	0.25920	0.01250	0.00737	0.00209	0.00428	0.01054	0.00668	0.10516
9	0.02536	0.02059	0.02005	0.01586	0.02098	0.11175	0.01289	0.56547	0.07493	0.03879	0.01643	0.01650	0.01188	0.00813	0.00677	0.00203	0.00800	0.00604	0.00643	0.01111
10	0.01693	0.01626	0.02777	0.04199	0.71689	0.01626	0.02100	0.02100	0.01558	0.02235	0.01287	0.01693	0.01084	0.00610	0.00677	0.00203	0.00813	0.00610	0.00339	0.01084
11	0.00878	0.00638	0.00839	0.00961	0.00995	0.00628	0.00643	0.00984	0.01263	0.01694	0.03472	0.64392	0.04148	0.10676	0.01229	0.00323	0.03311	0.01782	0.00596	0.00547
12	0.02986	0.01298	0.01670	0.01280	0.01813	0.01203	0.01058	0.15044	0.02181	0.60138	0.02512	0.02207	0.01600	0.00842	0.00687	0.00211	0.00612	0.00675	0.00818	0.01164
13	0.31281	0.04247	0.04009	0.01268	0.01692	0.01392	0.08337	0.07017	0.01476	0.13373	0.01523	0.01892	0.01214	0.07233	0.07919	0.03463	0.00786	0.00584	0.00479	0.00816
14	0.01253	0.01126	0.01574	0.01404	0.01483	0.01446	0.01133	0.01451	0.01173	0.01757	0.08925	0.02382	0.01827	0.05493	0.24258	0.00548	0.37959	0.00719	0.00379	0.03711
15	0.01747	0.02013	0.03340	0.02502	0.03013	0.13477	0.45781	0.02181	0.01564	0.02008	0.01242	0.01682	0.00987	0.00711	0.01038	0.00234	0.14562	0.00709	0.00339	0.00870
16	0.01636	0.15688	0.20017	0.11622	0.12244	0.01861	0.17974	0.07052	0.01611	0.02185	0.01252	0.01574	0.00966	0.00632	0.00660	0.00206	0.00936	0.00587	0.00341	0.00954
17	0.01693	0.01626	0.02777	0.04199	0.71689	0.01626	0.02100	0.02100	0.01558	0.02235	0.01287	0.01693	0.01084	0.00610	0.00677	0.00203	0.00813	0.00610	0.00339	0.01084
18	0.00845	0.00631	0.00790	0.00912	0.01004	0.00576	0.00639	0.00990	0.01386	0.01790	0.04507	0.54759	0.20279	0.02030	0.00863	0.00269	0.00400	0.06128	0.00635	0.00566
19	0.00975	0.00677	0.00850	0.00864	0.00902	0.00708	0.00558	0.01055	0.01053	0.01438	0.02209	0.10336	0.02451	0.49383	0.22911	0.00752	0.00969	0.01006	0.00421	0.00483
20	0.01570	0.01613	0.08628	0.08451	0.49643	0.01460	0.01870	0.02001	0.01515	0.02244	0.01424	0.01815	0.01157	0.00648	0.00644	0.00199	0.00760	0.00605	0.12769	0.00984
21	0.00852	0.00695	0.00753	0.00739	0.00951	0.00596	0.00554	0.01066	0.01662	0.02092	0.24467	0.06183	0.53722	0.01642	0.00808	0.00227	0.00340	0.01388	0.00667	0.00596
22	0.13155	0.62732	0.03139	0.01134	0.01694	0.02474	0.01103	0.02093	0.01380	0.04556	0.01019	0.01147	0.00890	0.00603	0.00446	0.00158	0.00697	0.00379	0.00333	0.00869
23	0.01815	0.43610	0.21459	0.01486	0.02132	0.13585	0.01561	0.02178	0.01483	0.01768	0.01040	0.01221	0.00876	0.00637	0.00569	0.00174	0.02787	0.00421	0.00301	0.00896
24	0.01348	0.01278	0.01810	0.01596	0.01631	0.01740	0.01313	0.01525	0.01063	0.01630	0.01166	0.01838	0.01131	0.02325	0.22606	0.00529	0.53807	0.00637	0.00319	0.00709
25	0.00851	0.00695	0.00752	0.00738	0.00950	0.00596	0.00553	0.01064	0.01660	0.02086	0.24027	0.06193	0.54166	0.01644	0.00808	0.00227	0.00340	0.01389	0.00667	0.00596
26	0.72093	0.01305	0.01071	0.00935	0.01370	0.01476	0.00771	0.02159	0.01253	0.10800	0.01148	0.01248	0.00848	0.00659	0.00453	0.00212	0.00535	0.00406	0.00471	0.00788
27	0.01660	0.00892	0.01162	0.01005	0.01294	0.00825	0.00785	0.02071	0.06468	0.23993	0.45802	0.04090	0.04710	0.01199	0.00763	0.00215	0.00417	0.01039	0.00778	0.00833
28	0.02474	0.01262	0.01552	0.01258	0.01716	0.01244	0.01015	0.09124	0.19264	0.41749	0.09485	0.02601	0.02221	0.00920	0.00702	0.00217	0.00561	0.00758	0.00785	0.01092
29	0.01031	0.00744	0.00969	0.01054	0.01195	0.00723	0.00858	0.01278	0.01526	0.01997	0.12715	0.06705	0.12312	0.13908	0.01325	0.00348	0.00560	0.39549	0.00612	0.00590
30	0.02643	0.01849	0.02011	0.01542	0.02088	0.02022	0.01274	0.63489	0.03104	0.10390	0.01737	0.01704	0.01211	0.00824	0.00685	0.00206	0.00738	0.00622	0.00699	0.01164
31	0.80789	0.01323	0.01006	0.00900	0.01323	0.01535	0.00741	0.02011	0.01164	0.03070	0.00953	0.01111	0.00741	0.00635	0.00423	0.00212	0.00529	0.00370	0.00423	0.00741
32	0.00809	0.00693	0.00693	0.00693	0.00924	0.00578	0.00520	0.00982	0.01559	0.01848	0.06931	0.06584	0.71411	0.01733	0.00809	0.00231	0.00347	0.01444	0.00635	0.00578
33	0.01702	0.01470	0.01547	0.01392	0.01779	0.01702	0.01083	0.03635	0.70453	0.02862	0.02785	0.02553	0.02088	0.00928	0.00696	0.00232	0.00541	0.00773	0.00696	0.01083
34	0.02886	0.01459	0.01770	0.01357	0.01893	0.01442	0.01121	0.29203	0.02451	0.45598	0.02285	0.02060	0.01486	0.00837	0.00687	0.00209	0.00649	0.00660	0.00783	0.01164
35	0.01829	0.76368	0.03585	0.01171	0.01756	0.02707	0.01171	0.02049	0.01390	0.01610	0.00951	0.01097	0.00878	0.00585	0.00439	0.00146	0.00732	0.00366	0.00293	0.00878
36	0.03070	0.01164	0.01588	0.01217	0.01746	0.01006	0.01006	0.03334	0.01958	0.72163	0.02699	0.02329	0.01694	0.00847	0.00688	0.00212	0.00582	0.00688	0.00847	0.01164
37	0.01757	0.01746	0.02715	0.04019	0.66553	0.06910	0.02042	0.02146	0.01586	0.02194	0.01270	0.01659	0.01069	0.00617	0.00673	0.00201	0.00844	0.00597	0.00340	0.01062
38	0.01101	0.00738	0.00956	0.00942	0.01127	0.00680	0.00735	0.01384	0.01778	0.07013	0.41285	0.10786	0.13839	0.01549	0.00829	0.00240	0.00404	0.13239	0.00713	0.00662
39	0.00846	0.00655	0.00775	0.00857	0.00992	0.00584	0.00616	0.01009	0.01460	0.01850	0.07781	0.38323	0.33627	0.01919	0.00847	0.00257	0.00388	0.06001	0.00639	0.00574
40	0.01436	0.01033	0.01122	0.01028	0.01301	0.01098	0.00805	0.09888	0.20152	0.02757	0.13039	0.03601	0.10195	0.01097	0.00675	0.00210	0.00453	0.05235	0.24064	0.00812
41	0.02073	0.12977	0.17262	0.02008	0.11912	0.20761	0.01655	0.17241	0.03579	0.02460	0.01281	0.01445	0.00996	0.00694	0.00624	0.00192	0.00935	0.00514	0.00410	0.00981
42	0.01033	0.01039	0.07566	0.01180	0.01408	0.00895	0.05910	0.01287	0.01219	0.01676	0.02561	0.08146	0.10473	0.17453	0.34259	0.00711	0.01206	0.00936	0.00418	0.00624
43	0.01056	0.00754	0.01049	0.01207	0.01344	0.00747	0.01022	0.01337	0.01529	0.01995	0.03648	0.19440	0.04039	0.01934	0.00933	0.00309	0.00590	0.55820	0.00631	0.00617
44	0.01292	0.01216	0.02052	0.74312	0.04712	0.01520	0.01900	0.01748	0.01368	0.01748	0.01216	0.01824	0.00912	0.00684	0.00684	0.00228	0.00912	0.00608	0.00304	0.00760
45	0.02156	0.02363	0.01799	0.01678	0.04564	0.39507	0.01238	0.13204	0.06506	0.02204	0.01625	0.10375	0.01486	0.01110	0.03720	0.00241	0.04221	0.00696	0.00460	0.00845
46	0.01652	0.08388	0.49793	0.02040	0.08903	0.01609	0.04747	0.02296	0.01520	0.10721	0.01399	0.01565	0.00995	0.00663	0.00648	0.00210	0.00925	0.00538	0.00364	0.01023
47	0.01316	0.00722	0.00679	0.00674	0.00839	0.02970	0.00505	0.01631	0.01451	0.02522	0.02194	0.02508	0.01726	0.00794	0.00483	0.00160	0.00348	0.00631	0.77203	0.00643
48	0.00872	0.00617	0.00811	0.00951	0.00995	0.00585	0.00644	0.00992	0.01293	0.01720	0.03572	0.62259	0.04245	0.10694	0.01181	0.00325	0.00445	0.06644	0.00609	0.00545
49	0.02148	0.02291	0.02260	0.01941	0.04866	0.28849	0.09699	0.15638	0.05973	0.02344	0.01290	0.01539	0.01038	0.00823	0.00995	0.00218	0.16183	0.00579	0.00426	0.00901
50	0.01619	0.01714	0.01933	0.01696	0.01777	0.14845	0.01379	0.01786	0.01217	0.01644	0.01053	0.01609	0.01004	0.01637	0.11502	0.00385	0.51556	0.00588	0.00318	0.00738
51	0.01804	0.01628	0.02568	0.11849	0.51917	0.01699	0.01938	0.13698	0.01823	0.02538	0.01340	0.01700	0.01078	0.00655	0.00679	0.00206	0.00814	0.00610	0.00394	0.01060
52	0.00975	0.00679	0.00863	0.00877	0.00920	0.00715	0.00575	0.01064	0.01057	0.01448	0.02197	0.10269	0.02422	0.46728	0.25525	0.00768	0.01013	0.00996	0.00419	0.00490
53	0.01251	0.01010	0.01157	0.01134	0.01353	0.01090	0.00839	0.02227	0.32629	0.02439	0.16156	0.29219	0.03792	0.01454	0.00781	0.00245	0.00448	0.01282	0.00685	0.00811
54	0.00977	0.00704	0.00969	0.00977	0.01055	0.00778	0.00700	0.01135	0.01075	0.01509	0.02028	0.06625	0.02095	0.28290	0.46970	0.00918	0.01382	0.00875	0.00395	0.00544
55	0.23261	0.45723	0.07865	0.01181	0.01752	0.02268	0.01163	0.06495	0.01453	0.02225	0.01018	0.01163	0.00859	0.00619	0.00467	0.00173	0.00699	0.00394	0.00354	0.00869
56	0.02059	0.01808	0.14208	0.01590	0.06555	0.01534	0.01368	0.22466	0.12742	0.13842	0.01975	0.01994	0.01419	0.00794	0.00649	0.00205	0.00678	0.00635	0.12439	0.01040
57	0.01851	0.15710	0.10696	0.01382	0.01967	0.19551	0.01247	0.06559	0.01666	0.02107	0.01158	0.01332	0.00947	0.00609	0.00551	0.00149	0.00808	0.00433	0.00376	0.30899
58	0.01121	0.00854	0.01066	0.01233	0.09729	0.00764	0.00822	0.01347	0.01591	0.07111	0.05514	0.05811	0.49235	0.01549	0.00801	0.00237	0.00456	0.09458	0.00614	0.00689
59	0.04694	0.01624	0.01742	0.01375	0.01893	0.11258	0.07073	0.02390	0.18596	0.02337	0.01587	0.01700	0.01253	0.00650	0.00593	0.00160	0.00675	0.00536	0.00465	0.39400
60	0.01620	0.00880	0.01120	0.01007	0.01290	0.00808	0.00782	0.01982	0.06314	0.23585	0.24692	0.13831	0.13980	0.01368	0.00778	0.00230	0.00442	0.03745	0.00740	0.00810
61	0.17136	0.02145	0.14435	0.01689	0.04426	0.11086	0.07479	0.17379	0.04273	0.11368	0.01495	0.01587	0.01076	0.00718	0.00631	0.00209	0.00829	0.00558	0.00500	0.00981
62	0.01492	0.01427	0.02386	0.31900	0.30270	0.01557	0.07016	0.02064	0.07870	0.02079	0.01626	0.02029	0.03860	0.00711	0.00697	0.00219	0.00835	0.00672	0.00370	0.00921
63	0.00834	0.00595	0.00794	0.00953	0.00992	0.00556	0.00635	0.00953	0.01310	0.01746	0.03771	0.75510	0.04525	0.02143	0.00873	0.00278	0.00397	0.01945	0.00635	0.00556
64	0.01276	0.00764	0.00998	0.00914	0.01127	0.00691	0.00694	0.01566	0.01873	0.13406	0.52111	0.09957	0.09170	0.01386	0.00793	0.00220	0.00370	0.01216	0.00752	0.00716
65	0.01710	0.06653	0.07039	0.01838	0.14110	0.10894	0.01298	0.16800	0.01899	0.02426	0.02408	0.19629	0.08167	0.01138	0.00712	0.00218	0.00723	0.00959	0.00508	0.00873
66	0.01352	0.07915	0.01879	0.02267	0.28221	0.04171	0.01319	0.01619	0.01485	0.01960	0.02647	0.25108	0.07079	0.01301	0.00753	0.00235	0.00644	0.08759	0.00479	0.00807
67	0.00928	0.00688	0.00868	0.00860	0.01017	0.00628	0.00641	0.01198	0.01774	0.02428	0.48449	0.14756	0.17384	0.01575	0.00822	0.00230	0.00349	0.04071	0.00712	0.00621
68	0.14750	0.01306	0.01535	0.01212	0.01694	0.01292	0.00994	0.17064	0.02103	0.40580	0.08564	0.02252	0.01875	0.00860	0.00657	0.00211	0.00586	0.00675	0.00738	0.01051
69	0.01542	0.36644	0.12721	0.04327	0.04702	0.01949	0.05822	0.01993	0.06503	0.01873	0.01665	0.14223	0.01616	0.00893	0.00606	0.00196	0.00738	0.00737	0.00387	0.00863
70	0.01631	0.01550	0.02573	0.14902	0.56106	0.01615	0.01994	0.02158	0.06614	0.02206	0.01386	0.01777	0.01131	0.00645	0.00680	0.00209	0.00808	0.00621	0.00360	0.01033
71	0.02150	0.01550	0.01710	0.01375	0.01800	0.01715	0.01121	0.49003	0.02623	0.03613	0.01749	0.01939	0.01333	0.01582	0.13518	0.00358	0.00891	0.00639	0.10330	0.01001
72	0.01615	0.01845	0.04037	0.02884	0.03576	0.01730	0.69204	0.02191	0.01615	0.02191	0.01384	0.01845	0.01038	0.00577	0.00807	0.00231	0.01153	0.00807	0.00346	0.00923
73	0.02119	0.01612	0.02029	0.02163	0.20033	0.12961	0.06764	0.04125	0.01793	0.22995	0.06503	0.07316	0.04695	0.00900	0.00708	0.00211	0.00760	0.00787	0.00560	0.00965
74	0.02503	0.03153	0.01885	0.01716	0.02061	0.70229	0.01287	0.02685	0.01918	0.01710	0.01106	0.01288	0.00917	0.00709	0.00611	0.00176	0.01196	0.00449	0.03614	0.00787
75	0.01702	0.01470	0.01547	0.01392	0.01779	0.01702	0.01083	0.03635	0.70453	0.02862	0.02785	0.02553	0.02088	0.00928	0.00696	0.00232	0.00541	0.00773	0.00696	0.01083
76	0.01577	0.01767	0.03820	0.02764	0.03416	0.01661	0.64177	0.02134	0.01612	0.02181	0.01549	0.02279	0.01252	0.00674	0.00818	0.00237	0.01115	0.05700	0.00367	0.00901
77	0.01341	0.01562	0.13916	0.22965	0.11302	0.01316	0.01568	0.06726	0.03966	0.02238	0.10617	0.09192	0.08454	0.01001	0.00721	0.00225	0.00723	0.00870	0.00462	0.00835
78	0.02260	0.01528	0.01758	0.01411	0.01851	0.01666	0.01153	0.44101	0.02533	0.12350	0.01825	0.01989	0.01366	0.01888	0.18589	0.00427	0.00997	0.00654	0.00627	0.01027
79	0.40564	0.01628	0.01545	0.01247	0.01734	0.01837	0.01029	0.36684	0.02220	0.03709	0.01308	0.01385	0.00958	0.00731	0.00558	0.00208	0.00644	0.00497	0.00558	0.00958
80	0.01540	0.01469	0.02501	0.30917	0.46167	0.01585	0.02024	0.01966	0.01485	0.02049	0.01260	0.01743	0.01018	0.00638	0.00680	0.00213	0.00851	0.00609	0.00325	0.00960
81	0.01292	0.01216	0.02052	0.74312	0.04712	0.01520	0.01900	0.01748	0.01368	0.01748	0.01216	0.01824	0.00912	0.00684	0.00684	0.00228	0.00912	0.00608	0.00304	0.00760
82	0.01711	0.01207	0.01449	0.01049	0.01643	0.00929	0.00845	0.02008	0.01514	0.14623	0.01479	0.01580	0.01134	0.00567	0.00539	0.00121	0.00520	0.00455	0.00484	0.66143
83	0.00991	0.00677	0.00816	0.00816	0.00840	0.00701	0.00501	0.01039	0.01015	0.01378	0.02092	0.04125	0.02335	0.62037	0.17193	0.00749	0.00893	0.00943	0.00405	0.00453
84	0.80789	0.01323	0.01006	0.00900	0.01323	0.01535	0.00741	0.02011	0.01164	0.03070	0.00953	0.01111	0.00741	0.00635	0.00423	0.00212	0.00529	0.00370	0.00423	0.00741
85	0.00968	0.00699	0.00914	0.00861	0.01022	0.00646	0.00646	0.01291	0.01937	0.02743	0.71328	0.05110	0.06455	0.01399	0.00807	0.00215	0.00323	0.01237	0.00753	0.00646
86	0.75017	0.01367	0.01083	0.00949	0.01382	0.01578	0.00782	0.06987	0.01316	0.03161	0.01004	0.01151	0.00772	0.00649	0.00443	0.00211	0.00546	0.00389	0.00443	0.00772
87	0.00853	0.00609	0.00816	0.00975	0.01023	0.00572	0.00669	0.00986	0.01329	0.01768	0.03760	0.70639	0.04483	0.02125	0.00878	0.00281	0.00414	0.06625	0.00635	0.00561
88	0.00830	0.00609	0.00780	0.00917	0.00983	0.00559	0.00619	0.00957	0.01345	0.01761	0.04210	0.65926	0.13825	0.02086	0.00864	0.00271	0.00390	0.01875	0.00635	0.00559
89	0.01108	0.00736	0.00856	0.00823	0.01049	0.00639	0.00618	0.01316	0.01652	0.10185	0.19478	0.14870	0.40927	0.01614	0.00803	0.00232	0.00376	0.01379	0.00684	0.00657
90	0.03042	0.01208	0.01615	0.01238	0.01768	0.01071	0.01023	0.07210	0.02032	0.68183	0.02637	0.02288	0.01662	0.00845	0.00688	0.00211	0.00592	0.00684	0.00837	0.01164
91	0.71253	0.01304	0.01077	0.00939	0.01375	0.01470	0.00773	0.02173	0.01262	0.11547	0.01167	0.01261	0.00858	0.00661	0.00456	0.00212	0.00536	0.00409	0.00475	0.00793
92	0.01025	0.00705	0.00960	0.00956	0.01067	0.00776	0.00713	0.01248	0.01196	0.01779	0.07075	0.03129	0.02190	0.15391	0.45782	0.00822	0.01306	0.00797	0.12499	0.00586
93	0.01786	0.63034	0.03168	0.01150	0.01667	0.02440	0.01095	0.06342	0.01466	0.01755	0.01131	0.01511	0.01076	0.09023	0.00795	0.00208	0.00725	0.00452	0.00332	0.00845

[dist]
# distance from previous block
# <min> <max>
0	4

[block]
# block no. 2 follows, 31 sequences, length 43
# corresponding to MSA columns:
# 150-192
name=unknown_C
#
# <colnr> <probs for GDERKNQSTAVLIFYWHMCP>
#	G	D	E	R	K	N	Q	S	T	A	V	L	I	F	Y	W	H	M	C	P
0	0.07538	0.04867	0.01966	0.05009	0.13647	0.06880	0.01319	0.19523	0.16757	0.10549	0.03900	0.01944	0.01493	0.00792	0.00656	0.00208	0.00711	0.00635	0.00574	0.01032
1	0.63836	0.01796	0.16249	0.01124	0.01673	0.01546	0.01122	0.02044	0.01224	0.02877	0.01011	0.01182	0.00768	0.00638	0.00472	0.00213	0.00632	0.00399	0.00395	0.00799
2	0.01374	0.01127	0.01326	0.01031	0.01512	0.00919	0.00804	0.06218	0.01560	0.02330	0.06517	0.13728	0.01971	0.00856	0.00599	0.00145	0.00493	0.00728	0.00486	0.56275
3	0.01416	0.01441	0.04163	0.14191	0.07064	0.01818	0.01568	0.01660	0.01161	0.01720	0.01147	0.04177	0.01088	0.01336	0.06297	0.00328	0.47688	0.00653	0.00318	0.00766
4	0.00838	0.00623	0.00781	0.00891	0.00980	0.00567	0.00611	0.00982	0.01407	0.01837	0.09125	0.55919	0.18937	0.02004	0.00855	0.00264	0.00381	0.01789	0.00643	0.00567
5	0.00988	0.00670	0.00792	0.00797	0.00813	0.00684	0.00477	0.01022	0.01018	0.01373	0.02167	0.06539	0.02456	0.64735	0.12112	0.00705	0.00801	0.00993	0.00416	0.00444
6	0.01383	0.03466	0.69470	0.01990	0.02987	0.01595	0.05397	0.02168	0.01452	0.02168	0.01234	0.01462	0.00874	0.00647	0.00657	0.00217	0.01017	0.00519	0.00291	0.01007
7	0.01821	0.01720	0.01602	0.01444	0.01826	0.11680	0.01116	0.03509	0.60892	0.02696	0.02544	0.02368	0.01920	0.00897	0.00685	0.00224	0.00638	0.00727	0.00648	0.01042
8	0.01363	0.00890	0.01164	0.04510	0.13103	0.00945	0.00886	0.01690	0.01426	0.02400	0.01935	0.02300	0.01544	0.00788	0.00643	0.00180	0.05582	0.00629	0.57296	0.00727
9	0.01504	0.01267	0.01465	0.01054	0.01657	0.00999	0.00846	0.06616	0.01549	0.02380	0.01247	0.01435	0.01024	0.00529	0.00520	0.00109	0.00524	0.00421	0.00426	0.74429
10	0.02529	0.02172	0.01994	0.01602	0.02096	0.17268	0.01290	0.50618	0.07602	0.03648	0.01597	0.01618	0.01167	0.00804	0.00671	0.00201	0.00841	0.00589	0.00614	0.01079
11	0.80789	0.01323	0.01006	0.00900	0.01323	0.01535	0.00741	0.02011	0.01164	0.03070	0.00953	0.01111	0.00741	0.00635	0.00423	0.00212	0.00529	0.00370	0.00423	0.00741
12	0.02465	0.13061	0.02190	0.01641	0.02067	0.48307	0.01296	0.16871	0.02136	0.02228	0.01168	0.01302	0.00941	0.00713	0.00607	0.00178	0.01062	0.00468	0.00415	0.00884
13	0.01049	0.00788	0.01015	0.00998	0.01129	0.02971	0.00754	0.01296	0.01337	0.01916	0.17934	0.03338	0.02849	0.09554	0.42631	0.00754	0.01246	0.00854	0.06976	0.00611
14	0.01089	0.05965	0.01086	0.00897	0.01018	0.00884	0.00638	0.03050	0.01289	0.01766	0.13367	0.03859	0.04875	0.35618	0.19207	0.00620	0.00875	0.00923	0.02412	0.00562
15	0.01372	0.03539	0.72412	0.01950	0.02961	0.01589	0.02528	0.02167	0.01444	0.02167	0.01228	0.01444	0.00867	0.00650	0.00650	0.00217	0.01011	0.00506	0.00289	0.01011
16	0.01157	0.00855	0.01166	0.01114	0.01269	0.00973	0.00857	0.08678	0.01321	0.01859	0.01846	0.02766	0.01734	0.12285	0.57772	0.00954	0.01588	0.00748	0.00407	0.00650
17	0.01470	0.04888	0.06579	0.01309	0.01578	0.19757	0.01088	0.01725	0.01488	0.01807	0.09812	0.02767	0.08721	0.04106	0.24292	0.00506	0.06235	0.00748	0.00420	0.00704
18	0.08357	0.01260	0.01600	0.01236	0.01760	0.01167	0.01021	0.10673	0.02045	0.59786	0.02460	0.02168	0.01568	0.00829	0.00669	0.00211	0.00598	0.00658	0.00799	0.01135
19	0.01263	0.01030	0.01292	0.01314	0.04417	0.01130	0.00992	0.01825	0.15336	0.04213	0.06552	0.14047	0.17478	0.01485	0.01027	0.00261	0.11686	0.13305	0.00594	0.00754
20	0.02990	0.01292	0.01667	0.01278	0.01810	0.01196	0.01056	0.14582	0.02172	0.60612	0.02519	0.02212	0.01603	0.00842	0.00687	0.00211	0.00611	0.00676	0.00819	0.01164
21	0.00967	0.00664	0.00742	0.00749	0.00777	0.00649	0.00436	0.00992	0.01072	0.01403	0.02762	0.07755	0.10325	0.64450	0.03070	0.00598	0.00616	0.01086	0.00449	0.00439
22	0.80789	0.01323	0.01006	0.00900	0.01323	0.01535	0.00741	0.02011	0.01164	0.03070	0.00953	0.01111	0.00741	0.00635	0.00423	0.00212	0.00529	0.00370	0.00423	0.00741
23	0.02965	0.01333	0.01692	0.01297	0.01830	0.01255	0.01072	0.18132	0.02240	0.56966	0.02462	0.02175	0.01575	0.00841	0.00687	0.00210	0.00620	0.00672	0.00810	0.01164
24	0.01292	0.01216	0.02052	0.74312	0.04712	0.01520	0.01900	0.01748	0.01368	0.01748	0.01216	0.01824	0.00912	0.00684	0.00684	0.00228	0.00912	0.00608	0.00304	0.00760
25	0.01997	0.01334	0.01409	0.01148	0.01519	0.01446	0.00926	0.38540	0.02406	0.03510	0.01911	0.02056	0.01432	0.00810	0.00591	0.00184	0.00555	0.00626	0.36676	0.00924
26	0.01590	0.01771	0.03622	0.02651	0.03196	0.01808	0.54751	0.02075	0.01494	0.02075	0.01280	0.01771	0.01008	0.00709	0.01114	0.00245	0.16854	0.00763	0.00336	0.00886
27	0.02871	0.01482	0.01785	0.01368	0.01905	0.01478	0.01130	0.31284	0.02491	0.43461	0.02252	0.02038	0.01469	0.00836	0.00686	0.00209	0.00654	0.00658	0.00778	0.01164
28	0.06076	0.01573	0.01803	0.01385	0.01922	0.01618	0.01143	0.38355	0.02570	0.30088	0.01998	0.01872	0.01341	0.00809	0.00667	0.00204	0.00667	0.00624	0.00723	0.04561
29	0.01633	0.01564	0.02668	0.14774	0.61587	0.01610	0.02070	0.02047	0.01529	0.02162	0.01276	0.01713	0.01058	0.00621	0.00678	0.00207	0.00828	0.00609	0.00333	0.01035
30	0.01702	0.01470	0.01547	0.01392	0.01779	0.01702	0.01083	0.03635	0.70453	0.02862	0.02785	0.02553	0.02088	0.00928	0.00696	0.00232	0.00541	0.00773	0.00696	0.01083
31	0.00979	0.00727	0.01071	0.01071	0.01183	0.00840	0.00819	0.01203	0.01091	0.01567	0.01859	0.02834	0.01774	0.10907	0.67556	0.01064	0.01737	0.00754	0.00370	0.00595
32	0.00852	0.00609	0.00815	0.00974	0.01022	0.00572	0.00667	0.00985	0.01328	0.01767	0.03761	0.70852	0.04485	0.02126	0.00878	0.00280	0.00413	0.06420	0.00635	0.00561
33	0.01372	0.03539	0.72412	0.01950	0.02961	0.01589	0.02528	0.02167	0.01444	0.02167	0.01228	0.01444	0.00867	0.00650	0.00650	0.00217	0.01011	0.00506	0.00289	0.01011
34	0.01551	0.01501	0.02617	0.28045	0.44104	0.01597	0.06680	0.01986	0.01497	0.02066	0.01269	0.01748	0.01022	0.00633	0.00689	0.00214	0.00870	0.00623	0.00327	0.00962
35	0.01873	0.02091	0.02155	0.02176	0.13256	0.25142	0.01538	0.02073	0.01420	0.01751	0.01013	0.01443	0.00923	0.00942	0.01461	0.00244	0.38810	0.00549	0.00323	0.00817
36	0.01080	0.00698	0.00849	0.00847	0.00948	0.00667	0.00566	0.01196	0.01305	0.06554	0.10699	0.17706	0.12297	0.34224	0.06952	0.00484	0.00609	0.01217	0.00548	0.00553
37	0.01698	0.08144	0.21426	0.01981	0.10902	0.01715	0.05047	0.11300	0.01704	0.06208	0.07006	0.03869	0.01544	0.00865	0.00941	0.00224	0.13384	0.00661	0.00432	0.00948
38	0.03567	0.08306	0.17693	0.01698	0.06800	0.16192	0.01468	0.08193	0.11305	0.02261	0.01855	0.14163	0.01702	0.00961	0.00670	0.00213	0.00816	0.00777	0.00459	0.00900
39	0.00982	0.00658	0.00750	0.00763	0.00766	0.00654	0.00433	0.00991	0.01021	0.01361	0.02287	0.10270	0.02653	0.69937	0.03269	0.00632	0.00642	0.01072	0.00433	0.00426
40	0.01826	0.01997	0.20652	0.01589	0.06872	0.04340	0.01449	0.07062	0.01675	0.13657	0.01488	0.01600	0.01094	0.00638	0.00604	0.00168	0.00724	0.00509	0.00459	0.31597
41	0.06925	0.10290	0.24553	0.01652	0.02271	0.19449	0.03665	0.10639	0.04745	0.04231	0.01412	0.04615	0.01137	0.00756	0.00627	0.00201	0.00921	0.00568	0.00412	0.00930
42	0.05430	0.01166	0.01343	0.01129	0.01484	0.01203	0.00900	0.21638	0.02023	0.19242	0.02251	0.10189	0.01825	0.01310	0.06562	0.00277	0.00648	0.00783	0.19690	0.00907

[dist]
# distance from previous block
# <min> <max>
0	8

[block]
# block no. 3 follows, 31 sequences, length 21
# corresponding to MSA columns:
# 201-221
name=unknown_D
#
# <colnr> <probs for GDERKNQSTAVLIFYWHMCP>
#	G	D	E	R	K	N	Q	S	T	A	V	L	I	F	Y	W	H	M	C	P
0	0.02319	0.21283	0.02333	0.01443	0.01952	0.11793	0.01218	0.29178	0.10976	0.08594	0.01614	0.01617	0.01211	0.00760	0.00613	0.00190	0.00772	0.00553	0.00552	0.01029
1	0.01175	0.01158	0.07082	0.04277	0.11043	0.00946	0.01078	0.04194	0.01532	0.02121	0.09236	0.30216	0.09611	0.01369	0.00750	0.00223	0.00541	0.01214	0.00535	0.11698
2	0.01807	0.34716	0.24414	0.01535	0.02195	0.14843	0.01610	0.02336	0.07128	0.01895	0.01205	0.01348	0.00974	0.00655	0.00557	0.00180	0.00892	0.00456	0.00335	0.00921
3	0.06603	0.14371	0.31892	0.01853	0.05320	0.01881	0.07929	0.11883	0.04515	0.02455	0.01293	0.01491	0.00979	0.00690	0.00693	0.00208	0.04044	0.00537	0.00379	0.00982
4	0.00834	0.00595	0.00794	0.00953	0.00992	0.00556	0.00635	0.00953	0.01310	0.01746	0.03771	0.75510	0.04525	0.02143	0.00873	0.00278	0.00397	0.01945	0.00635	0.00556
5	0.00998	0.01123	0.10181	0.00998	0.01301	0.00826	0.00877	0.01437	0.08277	0.02108	0.15099	0.17908	0.33230	0.01537	0.00789	0.00235	0.00458	0.01316	0.00614	0.00690
6	0.01100	0.00729	0.00973	0.01015	0.01148	0.00729	0.00737	0.01366	0.04797	0.07553	0.06873	0.40925	0.06732	0.02658	0.18757	0.00468	0.00768	0.01423	0.00595	0.00651
7	0.01497	0.01497	0.02095	0.01796	0.01796	0.02095	0.01497	0.01646	0.01048	0.01646	0.00898	0.01497	0.00898	0.01197	0.02245	0.00299	0.74704	0.00599	0.00299	0.00748
8	0.12073	0.01146	0.01384	0.01123	0.01565	0.01097	0.00911	0.05407	0.06576	0.44995	0.02440	0.05197	0.01709	0.00873	0.00638	0.00209	0.00540	0.00698	0.10402	0.01018
9	0.00996	0.00674	0.00870	0.00941	0.01065	0.00618	0.00681	0.01183	0.01512	0.05731	0.16018	0.43971	0.13840	0.01865	0.00849	0.00260	0.00407	0.07238	0.00667	0.00613
10	0.01542	0.01461	0.02475	0.24223	0.48885	0.01546	0.01970	0.01958	0.01522	0.02120	0.04752	0.01901	0.01302	0.00670	0.00686	0.00211	0.00817	0.00640	0.00349	0.00969
11	0.03070	0.01164	0.01588	0.01217	0.01746	0.01006	0.01006	0.03334	0.01958	0.72163	0.02699	0.02329	0.01694	0.00847	0.00688	0.00212	0.00582	0.00688	0.00847	0.01164
12	0.00848	0.00607	0.00807	0.00942	0.00996	0.00566	0.00636	0.00990	0.01379	0.01856	0.11224	0.67743	0.04738	0.02061	0.00866	0.00271	0.00389	0.01867	0.00648	0.00566
13	0.01743	0.01573	0.02481	0.20606	0.42337	0.05093	0.03902	0.02136	0.01550	0.07765	0.01365	0.01753	0.01075	0.00668	0.00727	0.00212	0.03047	0.00613	0.00371	0.00983
14	0.02173	0.01263	0.01472	0.01226	0.01623	0.01300	0.00987	0.20930	0.11566	0.23363	0.05278	0.07243	0.02091	0.00998	0.00686	0.00214	0.00565	0.03858	0.12171	0.00992
15	0.02248	0.01715	0.01826	0.01474	0.01952	0.01920	0.01194	0.44865	0.25258	0.03759	0.02043	0.01981	0.01493	0.00855	0.00679	0.00212	0.00665	0.00669	0.04078	0.01114
16	0.00888	0.00662	0.00837	0.00941	0.01057	0.00611	0.00695	0.01072	0.01468	0.01906	0.09982	0.41284	0.20187	0.01940	0.00866	0.00269	0.00422	0.13691	0.00644	0.00582
17	0.02127	0.01502	0.05361	0.01282	0.01842	0.01325	0.01089	0.19085	0.07618	0.20229	0.01896	0.03994	0.01404	0.00760	0.00630	0.00177	0.00613	0.00609	0.00609	0.27848
18	0.02641	0.01886	0.01924	0.01525	0.02006	0.11596	0.01242	0.39443	0.02589	0.20709	0.01778	0.01748	0.01240	0.00836	0.00776	0.00209	0.05501	0.00609	0.00655	0.01086
19	0.01711	0.57533	0.21385	0.01372	0.02068	0.02418	0.01522	0.02079	0.01404	0.01754	0.01023	0.01187	0.00875	0.00602	0.00494	0.00165	0.00804	0.00402	0.00292	0.00912
20	0.16400	0.01572	0.01971	0.01582	0.02035	0.08441	0.16444	0.02630	0.18670	0.11646	0.06302	0.02133	0.01696	0.00786	0.00659	0.00215	0.00726	0.00686	0.04491	0.00916

[dist]
# distance from previous block
# <min> <max>
0	10

[block]
# block no. 4 follows, 31 sequences, length 35
# corresponding to MSA columns:
# 232-266
name=unknown_E
#
# <colnr> <probs for GDERKNQSTAVLIFYWHMCP>
#	G	D	E	R	K	N	Q	S	T	A	V	L	I	F	Y	W	H	M	C	P
0	0.01456	0.14934	0.48417	0.03923	0.06358	0.01734	0.06007	0.02093	0.01472	0.02097	0.04486	0.01607	0.01153	0.00669	0.00635	0.00206	0.00929	0.00543	0.00318	0.00964
1	0.00936	0.00658	0.00858	0.00980	0.01040	0.00637	0.00699	0.01076	0.01302	0.01723	0.03363	0.42583	0.03912	0.19071	0.01491	0.00376	0.00515	0.17655	0.00583	0.00541
2	0.01874	0.15489	0.05711	0.01443	0.01902	0.12281	0.01219	0.06227	0.41165	0.02493	0.02065	0.01995	0.01585	0.00814	0.00635	0.00206	0.00711	0.00630	0.00551	0.01004
3	0.01826	0.01211	0.01868	0.01738	0.10754	0.01157	0.11257	0.08616	0.01897	0.19333	0.19477	0.07120	0.04564	0.01005	0.00737	0.00215	0.00619	0.00914	0.04783	0.00911
4	0.01661	0.47865	0.27576	0.01514	0.02252	0.02276	0.04508	0.02096	0.01418	0.01828	0.01066	0.01250	0.00881	0.00607	0.00528	0.00174	0.00847	0.00433	0.00294	0.00926
5	0.01922	0.01984	0.01588	0.01547	0.05706	0.30579	0.01128	0.08102	0.08999	0.02342	0.11655	0.02704	0.02203	0.00946	0.00674	0.00202	0.00809	0.06495	0.09596	0.00819
6	0.01047	0.00807	0.00972	0.00944	0.01130	0.00795	0.00701	0.01582	0.13008	0.02489	0.41140	0.16968	0.12813	0.01488	0.00800	0.00231	0.00374	0.01307	0.00710	0.00694
7	0.02083	0.15943	0.02127	0.01390	0.01806	0.01975	0.01178	0.30315	0.08207	0.06005	0.01616	0.01730	0.01242	0.00838	0.00839	0.00205	0.11311	0.00585	0.09623	0.00982
8	0.01053	0.00718	0.00932	0.00915	0.01085	0.00661	0.00697	0.01334	0.01791	0.05815	0.47090	0.13873	0.11583	0.01543	0.00824	0.00234	0.00378	0.08102	0.00720	0.00652
9	0.26945	0.01167	0.01324	0.01068	0.01532	0.01137	0.00877	0.02772	0.01667	0.44677	0.02118	0.01972	0.01404	0.00777	0.00588	0.00207	0.00543	0.00585	0.07654	0.00987
10	0.00836	0.00686	0.00737	0.00742	0.00945	0.00586	0.00550	0.01028	0.01597	0.01981	0.16814	0.12311	0.55383	0.01715	0.00814	0.00233	0.00347	0.01455	0.00654	0.00586
11	0.00943	0.00679	0.00891	0.00878	0.01016	0.00628	0.00644	0.01226	0.01817	0.02553	0.58424	0.18557	0.06087	0.01541	0.00820	0.00227	0.00337	0.01372	0.00731	0.00628
12	0.80789	0.01323	0.01006	0.00900	0.01323	0.01535	0.00741	0.02011	0.01164	0.03070	0.00953	0.01111	0.00741	0.00635	0.00423	0.00212	0.00529	0.00370	0.00423	0.00741
13	0.01490	0.01405	0.02382	0.15571	0.45457	0.01442	0.05051	0.01874	0.01504	0.02095	0.01812	0.08381	0.05050	0.00817	0.00704	0.00216	0.00774	0.00779	0.02259	0.00938
14	0.28646	0.31774	0.05555	0.01213	0.01708	0.15483	0.01099	0.02158	0.01421	0.02167	0.01019	0.01183	0.00855	0.00633	0.00478	0.00178	0.00760	0.00395	0.02460	0.00815
15	0.01536	0.04284	0.02547	0.02448	0.19660	0.01508	0.21876	0.02177	0.11565	0.02246	0.01839	0.02508	0.01556	0.01082	0.05476	0.00280	0.02473	0.06539	0.07490	0.00909
16	0.01355	0.01485	0.11209	0.01117	0.01739	0.00974	0.01024	0.01720	0.01451	0.02215	0.04251	0.01899	0.05784	0.00640	0.00558	0.00130	0.00559	0.00518	0.00417	0.60953
17	0.01103	0.00637	0.00898	0.00898	0.00921	0.00660	0.00603	0.00979	0.00955	0.01297	0.01536	0.02752	0.01590	0.19960	0.16421	0.46507	0.00848	0.00714	0.00338	0.00385
18	0.01622	0.02034	0.14912	0.13411	0.27886	0.08846	0.06706	0.02230	0.08149	0.02134	0.01630	0.01921	0.04053	0.00713	0.00684	0.00212	0.00884	0.00639	0.00373	0.00960
19	0.01335	0.02583	0.46095	0.01607	0.02329	0.01352	0.01878	0.07667	0.01631	0.02322	0.07711	0.11048	0.07556	0.00993	0.00705	0.00224	0.00805	0.00823	0.00430	0.00905
20	0.01004	0.00847	0.00912	0.01020	0.01109	0.06856	0.00713	0.01155	0.01433	0.01831	0.08500	0.57749	0.07203	0.01936	0.00847	0.00264	0.00473	0.04942	0.00619	0.00587
21	0.01998	0.14134	0.02001	0.01419	0.01848	0.16702	0.01144	0.15543	0.23747	0.02579	0.01897	0.06899	0.01578	0.00869	0.00638	0.00198	0.00745	0.00671	0.00538	0.04851
22	0.11031	0.04487	0.14728	0.01653	0.02193	0.07805	0.10320	0.09562	0.10035	0.09853	0.01650	0.03373	0.01267	0.00993	0.04295	0.00261	0.04439	0.00630	0.00480	0.00944
23	0.05417	0.26095	0.23589	0.01399	0.02025	0.04156	0.01481	0.02265	0.07501	0.08341	0.09845	0.01927	0.01718	0.00762	0.00597	0.00193	0.00744	0.00580	0.00439	0.00924
24	0.01366	0.08076	0.48239	0.01720	0.02518	0.01490	0.05279	0.01973	0.01417	0.02060	0.01458	0.05016	0.01244	0.05374	0.00824	0.00236	0.00894	0.02712	0.00336	0.07770
25	0.01065	0.00878	0.01244	0.07739	0.11949	0.00870	0.00967	0.01385	0.04287	0.02117	0.19743	0.28070	0.14038	0.01500	0.00795	0.00239	0.00484	0.01339	0.00593	0.00698
26	0.01441	0.05192	0.09494	0.01876	0.04535	0.01305	0.26123	0.01868	0.01588	0.05816	0.09397	0.08663	0.08136	0.00960	0.00748	0.00218	0.00783	0.03690	0.00471	0.07695
27	0.03709	0.05375	0.12929	0.08375	0.12538	0.01454	0.01451	0.04501	0.13704	0.05408	0.04985	0.01903	0.01467	0.00711	0.00627	0.00188	0.00688	0.00592	0.00460	0.18935
28	0.00932	0.00670	0.00917	0.00984	0.01053	0.00703	0.00699	0.01086	0.01179	0.01617	0.02700	0.30605	0.03012	0.17393	0.29619	0.00674	0.01018	0.04099	0.00488	0.00553
29	0.00937	0.00716	0.00869	0.00918	0.01055	0.00681	0.00654	0.01274	0.07491	0.02110	0.21033	0.38492	0.17667	0.01775	0.00829	0.00249	0.00381	0.01572	0.00670	0.00628
30	0.01622	0.32162	0.06161	0.04675	0.05147	0.05385	0.11428	0.02024	0.04856	0.01901	0.01593	0.07431	0.02982	0.00786	0.00606	0.00186	0.00778	0.02182	0.00378	0.07716
31	0.01364	0.01263	0.01925	0.17827	0.30313	0.01284	0.01502	0.01788	0.04868	0.02065	0.02747	0.02960	0.18639	0.00912	0.00698	0.00208	0.00678	0.00808	0.00429	0.07723
32	0.00990	0.00741	0.00893	0.00900	0.01062	0.00694	0.00662	0.05023	0.01694	0.02253	0.26930	0.25498	0.21786	0.03723	0.00898	0.00253	0.00397	0.04306	0.00671	0.00625
33	0.11954	0.02152	0.05407	0.07935	0.06302	0.29471	0.01306	0.03881	0.06502	0.03503	0.01692	0.07600	0.04081	0.00887	0.00720	0.00211	0.04489	0.00660	0.00427	0.00820
34	0.13208	0.01657	0.04422	0.03825	0.02285	0.03198	0.16186	0.18068	0.07836	0.12945	0.04687	0.01923	0.01425	0.00785	0.00755	0.00220	0.04381	0.00666	0.00551	0.00976

[dist]
# distance from previous block
# <min> <max>
0	151

# created by:
