[name]
unknown

[dist]
# distance from previous block
# <min> <max>
0	232

[block]
# block no. 0 follows, 29 sequences, length 32
# corresponding to MSA columns:
# 1299-1330
name=unknown_A
#
# <colnr> <probs for GDERKNQSTAVLIFYWHMCP>
#	G	D	E	R	K	N	Q	S	T	A	V	L	I	F	Y	W	H	M	C	P
0	0.01433	0.10684	0.31703	0.01782	0.07451	0.01576	0.01779	0.02099	0.07247	0.02310	0.13158	0.02724	0.05519	0.00948	0.00778	0.00226	0.03993	0.03202	0.00452	0.00936
1	0.00914	0.00876	0.06717	0.01078	0.01204	0.00668	0.00826	0.01097	0.01375	0.01854	0.03703	0.68407	0.04391	0.02101	0.00889	0.00284	0.00467	0.01899	0.00631	0.00618
2	0.01485	0.24911	0.31366	0.01570	0.02261	0.01802	0.04239	0.01996	0.01541	0.02120	0.11812	0.02102	0.01878	0.01162	0.06616	0.00280	0.00930	0.00630	0.00385	0.00913
3	0.01068	0.00753	0.00989	0.00977	0.01087	0.00798	0.00719	0.01300	0.01448	0.02115	0.21621	0.12278	0.03611	0.12617	0.20780	0.00544	0.04527	0.01080	0.11066	0.00622
4	0.02082	0.44898	0.13631	0.01425	0.02090	0.02386	0.01447	0.14543	0.01856	0.07752	0.01311	0.01404	0.01034	0.00687	0.00559	0.00180	0.00798	0.00478	0.00425	0.01014
5	0.01586	0.01469	0.08041	0.01223	0.01800	0.01120	0.01074	0.07629	0.01614	0.05766	0.01490	0.01769	0.01211	0.01399	0.12642	0.00307	0.00836	0.00523	0.00452	0.48050
6	0.19706	0.04636	0.08561	0.14176	0.13303	0.01852	0.01574	0.22746	0.02017	0.03081	0.01345	0.01584	0.01013	0.00726	0.00636	0.00218	0.00793	0.00560	0.00472	0.01000
7	0.02323	0.01026	0.01285	0.01080	0.01461	0.00955	0.00858	0.02750	0.07531	0.39092	0.02765	0.08539	0.02063	0.00986	0.00668	0.00212	0.00505	0.00817	0.24096	0.00988
8	0.01017	0.00763	0.01144	0.01144	0.01272	0.00890	0.00890	0.01272	0.01144	0.01653	0.01907	0.02797	0.01780	0.05340	0.72153	0.01144	0.01907	0.00763	0.00381	0.00636
9	0.01769	0.44633	0.15757	0.04586	0.16250	0.02332	0.01700	0.02154	0.01492	0.01919	0.01124	0.01362	0.00957	0.00630	0.00557	0.00181	0.00838	0.00468	0.00314	0.00978
10	0.01106	0.00789	0.01086	0.01223	0.01369	0.00780	0.01031	0.01402	0.01618	0.02128	0.09259	0.13289	0.04295	0.05533	0.01095	0.00334	0.00610	0.51759	0.00656	0.00639
11	0.00918	0.00661	0.00899	0.01010	0.01068	0.00664	0.00696	0.01063	0.01282	0.01740	0.03290	0.51057	0.03816	0.09339	0.18383	0.00531	0.00799	0.01633	0.00573	0.00579
12	0.01356	0.01243	0.01721	0.01528	0.01554	0.01655	0.01222	0.01503	0.01092	0.01642	0.01365	0.02362	0.01401	0.15258	0.16612	0.00547	0.46180	0.00725	0.00347	0.00688
13	0.01851	0.01604	0.02044	0.28603	0.13520	0.07523	0.01608	0.13156	0.09108	0.04883	0.01654	0.01958	0.01250	0.00768	0.00688	0.00219	0.00829	0.00644	0.07135	0.00954
14	0.01433	0.00954	0.01087	0.00959	0.01287	0.00856	0.00743	0.07124	0.01727	0.09176	0.03940	0.13651	0.23676	0.01319	0.00723	0.00210	0.00463	0.03220	0.12648	0.14804
15	0.01560	0.01410	0.01598	0.01403	0.01744	0.06841	0.06800	0.07741	0.25229	0.02596	0.09677	0.12428	0.13294	0.01274	0.00788	0.00242	0.00625	0.03215	0.00649	0.00887
16	0.01262	0.00961	0.01128	0.01107	0.01324	0.01011	0.00844	0.02080	0.22763	0.02615	0.24571	0.17176	0.04247	0.01441	0.00801	0.00247	0.00452	0.07618	0.07558	0.00794
17	0.01669	0.24290	0.29420	0.01495	0.02280	0.01786	0.01663	0.02157	0.01506	0.05478	0.01264	0.01434	0.00988	0.00627	0.00574	0.00172	0.00806	0.00465	0.00362	0.21565
18	0.01205	0.00619	0.00919	0.00933	0.00937	0.00615	0.00622	0.00933	0.00966	0.01288	0.01472	0.08486	0.01540	0.02452	0.02619	0.72381	0.00600	0.00741	0.00340	0.00333
19	0.01966	0.01555	0.01739	0.01287	0.01894	0.01450	0.01046	0.28168	0.02220	0.03182	0.01442	0.01569	0.01117	0.00657	0.00601	0.00148	0.00629	0.00509	0.00537	0.48283
20	0.01327	0.00664	0.00664	0.00664	0.00830	0.00664	0.00498	0.01659	0.01493	0.02655	0.02323	0.02655	0.01825	0.00830	0.00498	0.00166	0.00332	0.00664	0.78928	0.00664
21	0.00868	0.00620	0.00826	0.00991	0.01033	0.00578	0.00661	0.00991	0.01363	0.01818	0.03925	0.74510	0.04710	0.02231	0.00909	0.00289	0.00413	0.02024	0.00661	0.00578
22	0.02560	0.01921	0.02054	0.01609	0.02152	0.02139	0.01318	0.58026	0.13721	0.04250	0.01897	0.01859	0.01362	0.00872	0.00714	0.00218	0.00749	0.00667	0.00714	0.01198
23	0.00984	0.00669	0.00792	0.00842	0.00855	0.00656	0.00502	0.01022	0.01136	0.01514	0.02757	0.26012	0.03237	0.52738	0.02794	0.00568	0.00606	0.01338	0.00502	0.00476
24	0.01904	0.75404	0.03731	0.01218	0.01828	0.02818	0.01218	0.02132	0.01447	0.01675	0.00990	0.01142	0.00914	0.00609	0.00457	0.00152	0.00761	0.00381	0.00305	0.00914
25	0.00937	0.00713	0.00787	0.00775	0.00926	0.00644	0.00534	0.01094	0.01522	0.01950	0.18874	0.05848	0.35832	0.24531	0.01708	0.00377	0.00458	0.01312	0.00615	0.00563
26	0.00888	0.00686	0.00814	0.00886	0.01028	0.00619	0.00637	0.01059	0.01506	0.01914	0.08551	0.33859	0.32954	0.04154	0.03384	0.00307	0.00458	0.05050	0.00651	0.00595
27	0.04237	0.01224	0.01568	0.08579	0.07790	0.02966	0.01109	0.05161	0.01558	0.07779	0.01865	0.11476	0.01707	0.01646	0.12711	0.00348	0.00854	0.00765	0.00481	0.26176
28	0.05770	0.53526	0.14074	0.01392	0.02021	0.05564	0.01442	0.02159	0.01451	0.01848	0.01037	0.01227	0.00906	0.00660	0.00594	0.00177	0.04502	0.00420	0.00314	0.00918
29	0.04210	0.20910	0.08765	0.05516	0.13704	0.01991	0.01511	0.18885	0.01961	0.02700	0.01313	0.01512	0.01043	0.00676	0.00606	0.00184	0.00776	0.00522	0.00438	0.12775
30	0.01257	0.01170	0.01513	0.01497	0.05013	0.06913	0.06622	0.01463	0.01442	0.01913	0.02800	0.44443	0.03185	0.01629	0.00976	0.00257	0.07861	0.01433	0.00538	0.08073
31	0.61115	0.01307	0.01158	0.01000	0.01440	0.01441	0.00817	0.02302	0.01358	0.16265	0.01357	0.01454	0.00987	0.00795	0.00612	0.04213	0.00565	0.00462	0.00520	0.00833

[dist]
# distance from previous block
# <min> <max>
0	30

[block]
# block no. 1 follows, 29 sequences, length 19
# corresponding to MSA columns:
# 1361-1379
name=unknown_B
#
# <colnr> <probs for GDERKNQSTAVLIFYWHMCP>
#	G	D	E	R	K	N	Q	S	T	A	V	L	I	F	Y	W	H	M	C	P
0	0.09285	0.05404	0.04316	0.01460	0.06447	0.01368	0.01151	0.12180	0.02006	0.33158	0.04262	0.02372	0.01714	0.00870	0.00667	0.00214	0.00635	0.02978	0.08461	0.01055
1	0.09993	0.01688	0.06059	0.01237	0.01566	0.16338	0.01017	0.05371	0.05030	0.05607	0.02246	0.12321	0.04515	0.01040	0.00694	0.00213	0.02889	0.00813	0.20561	0.00801
2	0.01635	0.01550	0.08086	0.47417	0.03931	0.01555	0.01793	0.08943	0.01680	0.06918	0.01419	0.01838	0.01039	0.00717	0.00691	0.00220	0.00875	0.00609	0.00406	0.08678
3	0.01521	0.01191	0.01382	0.01300	0.04197	0.01255	0.00959	0.14964	0.17898	0.03008	0.26846	0.10040	0.09909	0.01290	0.00789	0.00233	0.00506	0.01106	0.00717	0.00887
4	0.01872	0.07526	0.08090	0.02235	0.12153	0.08246	0.15797	0.11739	0.13240	0.02628	0.04888	0.02206	0.04518	0.00811	0.00724	0.00219	0.00873	0.00731	0.00493	0.01011
5	0.01344	0.00873	0.01136	0.01024	0.01250	0.00854	0.00761	0.01548	0.01283	0.09037	0.01999	0.03011	0.01867	0.22011	0.31158	0.00705	0.01143	0.00766	0.04115	0.14113
6	0.01463	0.01266	0.01546	0.08647	0.02026	0.01016	0.00963	0.01796	0.01471	0.02268	0.01266	0.01521	0.01044	0.00547	0.00547	0.00119	0.00572	0.00444	0.00411	0.71070
7	0.01265	0.01158	0.01573	0.01434	0.01499	0.01478	0.01153	0.01435	0.01230	0.01753	0.02526	0.10220	0.12439	0.05381	0.11011	0.00424	0.38985	0.03915	0.00431	0.00691
8	0.01824	0.09926	0.18128	0.01886	0.02542	0.01923	0.14537	0.12211	0.24208	0.02759	0.01877	0.01958	0.01403	0.00776	0.00706	0.00224	0.00850	0.00681	0.00512	0.01067
9	0.01582	0.00800	0.00949	0.00855	0.01108	0.00739	0.00661	0.01888	0.01755	0.16776	0.20611	0.03719	0.09877	0.01100	0.00666	0.00200	0.00392	0.00921	0.34627	0.00773
10	0.01403	0.06631	0.01486	0.01216	0.01454	0.01329	0.00969	0.06433	0.14061	0.02194	0.02013	0.02559	0.01738	0.05749	0.34637	0.00672	0.05220	0.00726	0.08719	0.00791
11	0.01181	0.00724	0.00877	0.00840	0.01004	0.00682	0.00614	0.01460	0.01731	0.05737	0.36697	0.08286	0.06962	0.09055	0.01043	0.00262	0.00390	0.01124	0.20669	0.00662
12	0.01164	0.00764	0.00989	0.00912	0.01114	0.00696	0.00691	0.01484	0.01990	0.08008	0.60636	0.05204	0.10746	0.01436	0.00830	0.00225	0.00358	0.01259	0.00783	0.00708
13	0.13948	0.01363	0.01609	0.01261	0.01779	0.01338	0.01039	0.16173	0.02154	0.44231	0.02302	0.02112	0.01514	0.00842	0.00664	0.00216	0.00619	0.00651	0.05067	0.01119
14	0.80005	0.01377	0.01047	0.00936	0.01377	0.01597	0.00771	0.02093	0.01212	0.03195	0.00991	0.01157	0.00771	0.00661	0.00441	0.00220	0.00551	0.00386	0.00441	0.00771
15	0.01934	0.01611	0.01702	0.01482	0.01914	0.01847	0.01167	0.15009	0.57756	0.03242	0.02691	0.02492	0.02006	0.00947	0.00722	0.00237	0.00602	0.00776	0.00722	0.01142
16	0.01681	0.01921	0.04202	0.03001	0.03721	0.01801	0.67947	0.02281	0.01681	0.02281	0.01441	0.01921	0.01080	0.00600	0.00840	0.00240	0.01200	0.00840	0.00360	0.00960
17	0.02754	0.01477	0.01700	0.01310	0.01865	0.06502	0.01066	0.10524	0.02074	0.44377	0.02245	0.02066	0.01494	0.00796	0.00672	0.00194	0.00662	0.00629	0.00731	0.16864
18	0.10929	0.11209	0.17123	0.01538	0.02143	0.10827	0.05068	0.02598	0.07583	0.16319	0.02056	0.02068	0.05927	0.00814	0.00651	0.00213	0.00817	0.00631	0.00509	0.00977

[dist]
# distance from previous block
# <min> <max>
2	6

[block]
# block no. 2 follows, 29 sequences, length 20
# corresponding to MSA columns:
# 1386-1405
name=unknown_C
#
# <colnr> <probs for GDERKNQSTAVLIFYWHMCP>
#	G	D	E	R	K	N	Q	S	T	A	V	L	I	F	Y	W	H	M	C	P
0	0.02613	0.06289	0.01961	0.01608	0.02024	0.44443	0.01250	0.10293	0.02106	0.12823	0.01518	0.01602	0.01148	0.00771	0.00642	0.00190	0.01026	0.00530	0.06241	0.00922
1	0.05900	0.01519	0.06778	0.09788	0.02215	0.03348	0.05136	0.12005	0.01844	0.17119	0.02004	0.07943	0.01595	0.00944	0.00818	0.00227	0.06626	0.00757	0.12501	0.00933
2	0.00869	0.00685	0.00785	0.00840	0.00999	0.00600	0.00599	0.01045	0.01570	0.01985	0.12806	0.31661	0.39184	0.01924	0.00866	0.00257	0.00377	0.01672	0.00674	0.00600
3	0.01207	0.01012	0.01372	0.01297	0.01386	0.01243	0.01000	0.01532	0.06813	0.01767	0.02043	0.12359	0.02083	0.12288	0.29136	0.00672	0.20738	0.00934	0.00435	0.00682
4	0.00957	0.00701	0.00883	0.00901	0.01035	0.00645	0.00650	0.01194	0.01716	0.02338	0.37848	0.22594	0.14731	0.07049	0.01064	0.00280	0.00395	0.03693	0.00706	0.00621
5	0.01072	0.00775	0.01055	0.01206	0.01353	0.00758	0.01010	0.01350	0.01586	0.02056	0.04062	0.20408	0.09253	0.02004	0.00959	0.00314	0.00588	0.48898	0.00657	0.00637
6	0.01760	0.01528	0.02568	0.24122	0.45753	0.01606	0.02030	0.02186	0.01599	0.07896	0.01440	0.01857	0.01129	0.00677	0.00708	0.00220	0.00856	0.00641	0.00386	0.01037
7	0.01251	0.00626	0.00886	0.00886	0.00912	0.00626	0.00600	0.01042	0.01016	0.01459	0.01407	0.02241	0.01329	0.02216	0.02425	0.66900	0.00574	0.00626	0.12614	0.00365
8	0.08210	0.10158	0.02151	0.07455	0.02225	0.02065	0.01306	0.41850	0.02598	0.03588	0.06514	0.01875	0.01512	0.00864	0.00753	0.00215	0.04381	0.00638	0.00597	0.01047
9	0.08048	0.09276	0.02129	0.13084	0.04311	0.45067	0.01422	0.02568	0.01803	0.04412	0.01178	0.01414	0.00948	0.00717	0.00626	0.00194	0.01094	0.00488	0.00377	0.00846
10	0.00890	0.00644	0.00847	0.01001	0.01067	0.00601	0.00695	0.01036	0.01405	0.01853	0.04138	0.64006	0.09184	0.02178	0.00911	0.00289	0.00431	0.07576	0.00661	0.00587
11	0.01819	0.04834	0.01951	0.01624	0.01848	0.12325	0.01309	0.10647	0.11120	0.02253	0.01635	0.07072	0.01485	0.01466	0.07278	0.00331	0.28944	0.00730	0.00460	0.00869
12	0.01849	0.01833	0.02547	0.19909	0.41483	0.10762	0.01972	0.06973	0.01752	0.02290	0.01318	0.01729	0.01065	0.00681	0.00699	0.00214	0.00922	0.00612	0.00372	0.01016
13	0.01792	0.01806	0.01537	0.01455	0.01762	0.20391	0.01107	0.02830	0.33286	0.02363	0.02674	0.16364	0.02460	0.01218	0.00756	0.00241	0.00735	0.05703	0.00611	0.00907
14	0.01696	0.07811	0.16078	0.05904	0.10443	0.15728	0.04878	0.02191	0.06442	0.01973	0.01541	0.02140	0.01347	0.11509	0.07032	0.00354	0.01039	0.00647	0.00380	0.00870
15	0.22992	0.01546	0.07581	0.12608	0.11859	0.01519	0.04404	0.02167	0.06344	0.07148	0.01647	0.07290	0.01393	0.01045	0.03722	0.00273	0.04422	0.00695	0.00453	0.00892
16	0.04933	0.35511	0.12290	0.01359	0.01917	0.02063	0.01347	0.10277	0.01679	0.04446	0.01544	0.02180	0.01385	0.04182	0.06166	0.00288	0.00867	0.06234	0.00421	0.00911
17	0.10587	0.18697	0.11798	0.11000	0.02250	0.01684	0.01352	0.07244	0.01645	0.10701	0.02039	0.11324	0.04974	0.00961	0.00650	0.00217	0.00721	0.00767	0.00488	0.00901
18	0.01853	0.19121	0.04749	0.06214	0.03663	0.07802	0.01270	0.17355	0.04414	0.02512	0.06588	0.06585	0.01823	0.04247	0.05632	0.00291	0.03766	0.00722	0.00490	0.00903
19	0.01996	0.37214	0.16965	0.01505	0.02179	0.02353	0.01533	0.18619	0.06874	0.02585	0.01366	0.01467	0.01077	0.00710	0.00584	0.00189	0.00812	0.00506	0.00435	0.01031

[dist]
# distance from previous block
# <min> <max>
0	67

[block]
# block no. 3 follows, 29 sequences, length 15
# corresponding to MSA columns:
# 1478-1492
name=unknown_D
#
# <colnr> <probs for GDERKNQSTAVLIFYWHMCP>
#	G	D	E	R	K	N	Q	S	T	A	V	L	I	F	Y	W	H	M	C	P
0	0.06197	0.17636	0.18965	0.01450	0.02069	0.01770	0.01457	0.15503	0.01931	0.12740	0.03796	0.08335	0.03363	0.00916	0.00660	0.00213	0.00749	0.00718	0.00532	0.00999
1	0.01629	0.27232	0.25958	0.04560	0.02315	0.05683	0.01688	0.04809	0.01586	0.02056	0.01660	0.08520	0.01564	0.00927	0.00653	0.00214	0.00856	0.06790	0.00389	0.00909
2	0.01838	0.12637	0.29570	0.02415	0.20561	0.01812	0.02016	0.06542	0.05278	0.08502	0.01504	0.01678	0.01127	0.00701	0.00662	0.00211	0.00875	0.00574	0.00415	0.01081
3	0.09025	0.31498	0.11043	0.01891	0.14392	0.02059	0.01504	0.05857	0.01656	0.12867	0.01407	0.01527	0.01085	0.00682	0.00580	0.00192	0.00770	0.00510	0.00436	0.01018
4	0.01816	0.01416	0.07185	0.01149	0.01618	0.04831	0.00988	0.06380	0.01718	0.14006	0.02035	0.08085	0.01664	0.00851	0.00614	0.00177	0.00583	0.00692	0.20224	0.23967
5	0.01396	0.01296	0.01915	0.14945	0.20635	0.03630	0.04209	0.01847	0.05308	0.02297	0.19073	0.05029	0.10243	0.01064	0.00833	0.00230	0.03748	0.00937	0.00513	0.00852
6	0.00964	0.00694	0.00903	0.00993	0.01095	0.00655	0.00726	0.01167	0.01552	0.02083	0.19116	0.36178	0.09134	0.08115	0.01132	0.00312	0.00460	0.13451	0.00669	0.00603
7	0.01827	0.11264	0.10734	0.08786	0.13340	0.07907	0.07474	0.05097	0.03989	0.08769	0.07639	0.02356	0.06091	0.00838	0.00699	0.00213	0.00831	0.00717	0.00473	0.00957
8	0.01513	0.00942	0.01085	0.00989	0.01225	0.00965	0.00745	0.07545	0.08710	0.08996	0.10618	0.06523	0.07024	0.11566	0.07454	0.00359	0.00616	0.00927	0.21430	0.00770
9	0.05459	0.01892	0.05680	0.16201	0.13011	0.06876	0.06902	0.23901	0.02194	0.08705	0.01543	0.01767	0.01128	0.00750	0.00703	0.00219	0.00883	0.00631	0.00511	0.01042
10	0.02185	0.01406	0.01666	0.08107	0.02027	0.01475	0.01124	0.29868	0.02400	0.17126	0.08629	0.02995	0.09318	0.07241	0.00983	0.00261	0.00670	0.00839	0.00687	0.00992
11	0.01248	0.00883	0.00962	0.00896	0.01184	0.00797	0.00698	0.07261	0.01807	0.08702	0.06001	0.08565	0.51656	0.01656	0.00828	0.00243	0.00439	0.04773	0.00686	0.00715
12	0.01768	0.01434	0.02211	0.16887	0.30522	0.01424	0.01658	0.04046	0.01626	0.09634	0.01502	0.01843	0.01175	0.00863	0.03756	0.00236	0.00818	0.00604	0.00428	0.17567
13	0.01655	0.01595	0.02177	0.01850	0.01898	0.02183	0.01541	0.07306	0.01281	0.01947	0.01000	0.01571	0.00958	0.01213	0.02200	0.00303	0.67537	0.00625	0.00345	0.00815
14	0.01657	0.01477	0.02122	0.04305	0.26017	0.01361	0.04288	0.08186	0.01721	0.02486	0.01727	0.01979	0.05587	0.00687	0.00646	0.00171	0.00693	0.00611	0.00435	0.33841

[dist]
# distance from previous block
# <min> <max>
0	1

[block]
# block no. 4 follows, 29 sequences, length 37
# corresponding to MSA columns:
# 1494-1504,1507-1532
name=unknown_E
#
# <colnr> <probs for GDERKNQSTAVLIFYWHMCP>
#	G	D	E	R	K	N	Q	S	T	A	V	L	I	F	Y	W	H	M	C	P
0	0.71921	0.01360	0.01110	0.00971	0.01423	0.01539	0.00800	0.02238	0.01299	0.10334	0.01183	0.01290	0.00876	0.00684	0.00470	0.00220	0.00557	0.00420	0.00487	0.00818
1	0.07977	0.01212	0.01190	0.01072	0.01405	0.05995	0.00832	0.02314	0.17502	0.12027	0.09925	0.03851	0.21763	0.01184	0.00716	0.00223	0.00517	0.00964	0.08480	0.00851
2	0.00954	0.00713	0.00860	0.00843	0.01003	0.00647	0.00610	0.01194	0.01752	0.02360	0.40350	0.11266	0.23586	0.09352	0.01139	0.00283	0.00386	0.01380	0.00703	0.00620
3	0.02660	0.03394	0.02018	0.01834	0.02201	0.72116	0.01376	0.02843	0.02018	0.01743	0.01101	0.01284	0.00917	0.00734	0.00642	0.00183	0.01284	0.00459	0.00367	0.00825
4	0.01430	0.01353	0.02290	0.59147	0.18352	0.01605	0.02020	0.01894	0.01464	0.01923	0.01281	0.01871	0.00986	0.00696	0.00710	0.00232	0.00928	0.00633	0.00324	0.00860
5	0.00906	0.00724	0.00811	0.00789	0.01001	0.00628	0.00592	0.01146	0.01775	0.02284	0.31565	0.06259	0.45668	0.01669	0.00841	0.00234	0.00351	0.01420	0.00709	0.00628
6	0.01674	0.01397	0.02327	0.43546	0.25671	0.01561	0.01946	0.02111	0.01552	0.09266	0.01452	0.01910	0.01092	0.00705	0.00710	0.00227	0.00880	0.00642	0.00387	0.00944
7	0.01686	0.01089	0.01190	0.01048	0.01333	0.04583	0.00813	0.07668	0.07442	0.12574	0.29378	0.03535	0.03698	0.01095	0.00709	0.00208	0.00478	0.00919	0.19719	0.00837
8	0.01460	0.00936	0.00799	0.00780	0.00966	0.07785	0.00585	0.01777	0.01546	0.02564	0.02201	0.02518	0.01735	0.00820	0.00512	0.00168	0.00427	0.00643	0.71099	0.00680
9	0.01548	0.01372	0.01830	0.01884	0.18896	0.01135	0.01179	0.01891	0.01513	0.02322	0.01284	0.01548	0.01073	0.00554	0.00572	0.00132	0.00607	0.00475	0.00405	0.59782
10	0.01855	0.01805	0.03697	0.03066	0.15582	0.01702	0.49034	0.02389	0.01708	0.09524	0.01566	0.01945	0.01161	0.00636	0.00803	0.00233	0.01074	0.00790	0.00414	0.01017
11	0.01754	0.01236	0.01438	0.01415	0.06305	0.04354	0.01032	0.15187	0.02017	0.12417	0.06711	0.14050	0.16689	0.01528	0.03146	0.00273	0.00647	0.08271	0.00664	0.00866
12	0.02187	0.02368	0.02120	0.04447	0.02325	0.32211	0.08259	0.11635	0.03604	0.02365	0.01313	0.01516	0.01042	0.00688	0.00648	0.00177	0.00980	0.00530	0.00435	0.21149
13	0.01854	0.06875	0.02531	0.35759	0.03675	0.08885	0.11194	0.16165	0.01932	0.02437	0.01350	0.01747	0.01018	0.00721	0.00706	0.00221	0.00970	0.00629	0.00411	0.00917
14	0.00880	0.00630	0.00838	0.00983	0.01036	0.00587	0.00662	0.01024	0.01423	0.01912	0.09973	0.68192	0.04893	0.02160	0.00903	0.00283	0.00406	0.01957	0.00672	0.00587
15	0.01230	0.00801	0.01003	0.00926	0.01151	0.00733	0.00703	0.01581	0.04199	0.09835	0.47461	0.07469	0.17240	0.01466	0.00825	0.00229	0.00379	0.01274	0.00766	0.00728
16	0.10292	0.01215	0.01418	0.01140	0.01584	0.01192	0.00929	0.13397	0.02029	0.35929	0.02325	0.02240	0.01590	0.00842	0.00632	0.00205	0.00559	0.00658	0.20795	0.01027
17	0.01958	0.01386	0.01522	0.01332	0.01723	0.01525	0.01044	0.10663	0.40921	0.12118	0.02762	0.07506	0.02148	0.01016	0.00711	0.00231	0.00559	0.00844	0.08970	0.01061
18	0.01252	0.00855	0.01034	0.01085	0.01153	0.05619	0.00793	0.01191	0.01234	0.01567	0.02245	0.15949	0.02440	0.02201	0.01917	0.42895	0.00637	0.15015	0.00450	0.00467
19	0.02316	0.01529	0.01661	0.01335	0.01784	0.01651	0.01083	0.37784	0.09679	0.11048	0.02107	0.02123	0.01525	0.00863	0.00660	0.00205	0.00628	0.00672	0.20282	0.01065
20	0.01872	0.34461	0.30908	0.01590	0.02372	0.02167	0.01793	0.08303	0.01684	0.06918	0.01297	0.01429	0.00994	0.00678	0.00587	0.00192	0.00871	0.00487	0.00380	0.01018
21	0.01676	0.30718	0.08675	0.01339	0.01806	0.06724	0.01227	0.04206	0.13303	0.02129	0.04729	0.14338	0.02125	0.01048	0.00654	0.00210	0.00710	0.03005	0.00485	0.00891
22	0.50665	0.01461	0.01541	0.04221	0.13305	0.01612	0.01126	0.07567	0.01537	0.09297	0.01284	0.01446	0.00964	0.00694	0.00542	0.00219	0.00639	0.00487	0.00483	0.00908
23	0.07361	0.01867	0.07377	0.02483	0.27217	0.12040	0.01567	0.04402	0.01730	0.08683	0.06095	0.02010	0.01553	0.00783	0.00726	0.00210	0.03576	0.00636	0.08714	0.00970
24	0.01177	0.00802	0.01018	0.00932	0.01140	0.00746	0.00709	0.03986	0.02040	0.06476	0.59595	0.05134	0.10655	0.01426	0.00829	0.00225	0.00369	0.01248	0.00778	0.00716
25	0.04134	0.01376	0.01619	0.08980	0.01930	0.09186	0.01220	0.05053	0.01388	0.01940	0.01495	0.02119	0.01333	0.02749	0.30315	0.00615	0.18907	0.00658	0.04239	0.00743
26	0.00927	0.00720	0.00852	0.00886	0.01067	0.00644	0.00673	0.01156	0.01680	0.02163	0.21716	0.17507	0.35293	0.01808	0.00871	0.00256	0.00402	0.10067	0.00691	0.00622
27	0.01127	0.00662	0.00957	0.00972	0.01007	0.00690	0.00671	0.01031	0.01033	0.01409	0.01756	0.09191	0.01832	0.10799	0.20040	0.44267	0.00929	0.00827	0.00372	0.00428
28	0.01870	0.57457	0.15808	0.01408	0.02080	0.07418	0.01484	0.02204	0.01497	0.01785	0.01050	0.01217	0.00912	0.00630	0.00509	0.00168	0.00850	0.00412	0.00308	0.00933
29	0.00914	0.00698	0.00768	0.00791	0.00977	0.00613	0.00578	0.01120	0.01618	0.02102	0.15012	0.18845	0.42861	0.01745	0.00822	0.00240	0.00364	0.01493	0.07825	0.00613
30	0.02059	0.15748	0.04575	0.09304	0.13563	0.02105	0.09149	0.25631	0.03889	0.02912	0.01435	0.01668	0.01109	0.00740	0.00725	0.00211	0.03035	0.00613	0.00476	0.01052
31	0.01936	0.17100	0.20359	0.02192	0.14997	0.14154	0.03500	0.02546	0.08766	0.05795	0.01457	0.01623	0.01133	0.00705	0.00644	0.00203	0.00925	0.00553	0.00400	0.01013
32	0.01848	0.02183	0.19992	0.02147	0.02760	0.01759	0.22306	0.07094	0.01669	0.10850	0.01476	0.01773	0.01098	0.00810	0.01089	0.00244	0.16691	0.00674	0.00427	0.03110
33	0.00944	0.00740	0.00981	0.07001	0.03067	0.00709	0.00782	0.01150	0.01532	0.02011	0.14332	0.40686	0.19731	0.01850	0.00862	0.00262	0.00445	0.01643	0.00643	0.00629
34	0.02058	0.10862	0.02407	0.14508	0.17612	0.26060	0.03168	0.02416	0.03740	0.05611	0.01429	0.04391	0.01200	0.00762	0.00667	0.00204	0.00976	0.00611	0.00397	0.00920
35	0.12442	0.01921	0.02265	0.17026	0.02855	0.17373	0.12961	0.05525	0.01717	0.11146	0.01417	0.01698	0.01058	0.00763	0.00815	0.00226	0.06843	0.00608	0.00443	0.00899
36	0.00873	0.00645	0.00817	0.00938	0.01023	0.00589	0.00641	0.01021	0.01453	0.01907	0.09032	0.58019	0.16231	0.02104	0.00892	0.00276	0.00399	0.01883	0.00669	0.00589

[dist]
# distance from previous block
# <min> <max>
6	25

[block]
# block no. 5 follows, 29 sequences, length 25
# corresponding to MSA columns:
# 1572-1596
name=unknown_F
#
# <colnr> <probs for GDERKNQSTAVLIFYWHMCP>
#	G	D	E	R	K	N	Q	S	T	A	V	L	I	F	Y	W	H	M	C	P
0	0.01816	0.01837	0.14175	0.01443	0.01954	0.03783	0.01340	0.15631	0.04746	0.08820	0.12592	0.02612	0.06588	0.00975	0.00865	0.00215	0.07749	0.00753	0.00572	0.11533
1	0.08568	0.01712	0.05508	0.02973	0.30277	0.01708	0.16134	0.02222	0.06714	0.02402	0.05344	0.01982	0.01455	0.00772	0.00901	0.00233	0.08991	0.00702	0.00408	0.00992
2	0.16610	0.01525	0.02092	0.02031	0.14217	0.03659	0.12671	0.07161	0.08347	0.05930	0.07659	0.02518	0.07947	0.00867	0.00696	0.00220	0.00723	0.00763	0.00525	0.03840
3	0.01673	0.08756	0.02323	0.02651	0.33233	0.04850	0.01525	0.02133	0.06619	0.02238	0.01621	0.08097	0.01474	0.00777	0.00656	0.00189	0.00724	0.00687	0.00420	0.19355
4	0.01657	0.01287	0.01505	0.01112	0.01715	0.01038	0.00889	0.02135	0.08146	0.08446	0.01561	0.01675	0.01226	0.00601	0.00563	0.00129	0.00538	0.00485	0.00492	0.64798
5	0.01106	0.00915	0.01332	0.01759	0.17748	0.00870	0.01026	0.01344	0.01558	0.02097	0.12027	0.35041	0.14802	0.01672	0.00843	0.00256	0.00508	0.03767	0.00602	0.00728
6	0.08070	0.00908	0.01147	0.01096	0.01180	0.01066	0.00804	0.01314	0.01111	0.01704	0.01883	0.06069	0.01979	0.29971	0.26713	0.00731	0.12397	0.00860	0.00406	0.00592
7	0.01757	0.01572	0.04250	0.01519	0.01966	0.01634	0.07017	0.14498	0.36628	0.03043	0.08845	0.03033	0.08997	0.01030	0.00753	0.00234	0.00636	0.00881	0.00674	0.01032
8	0.07295	0.01132	0.01137	0.01057	0.01265	0.07000	0.00790	0.07494	0.04067	0.02330	0.08599	0.03018	0.02240	0.15991	0.18383	0.00519	0.00924	0.00784	0.15275	0.00701
9	0.01889	0.11635	0.07077	0.02316	0.21654	0.10387	0.01565	0.10915	0.08500	0.02554	0.10085	0.02124	0.01866	0.00833	0.00743	0.00210	0.03497	0.00671	0.00480	0.00998
10	0.22563	0.13261	0.01662	0.01356	0.08061	0.01436	0.00979	0.04334	0.01515	0.07620	0.02222	0.16889	0.04512	0.01092	0.00632	0.00221	0.00575	0.02813	0.07437	0.00820
11	0.01546	0.01488	0.02042	0.01755	0.01774	0.02036	0.01441	0.03884	0.01161	0.01775	0.01089	0.01866	0.01106	0.08435	0.02408	0.00345	0.64089	0.00664	0.00337	0.00760
12	0.16098	0.11094	0.11940	0.01526	0.04932	0.01803	0.01334	0.20305	0.07895	0.02973	0.01827	0.11853	0.01623	0.00957	0.00654	0.00222	0.00709	0.00754	0.00530	0.00971
13	0.02021	0.19674	0.10769	0.01456	0.01979	0.15027	0.01327	0.08059	0.11389	0.08424	0.08649	0.02216	0.04355	0.00865	0.00653	0.00201	0.00799	0.00657	0.00521	0.00960
14	0.01428	0.03683	0.71286	0.02030	0.03082	0.01654	0.02631	0.02255	0.01503	0.02255	0.01278	0.01503	0.00902	0.00677	0.00677	0.00226	0.01052	0.00526	0.00301	0.01052
15	0.80005	0.01377	0.01047	0.00936	0.01377	0.01597	0.00771	0.02093	0.01212	0.03195	0.00991	0.01157	0.00771	0.00661	0.00441	0.00220	0.00551	0.00386	0.00441	0.00771
16	0.01025	0.00733	0.00991	0.00991	0.01064	0.00807	0.00698	0.01173	0.01099	0.01539	0.02048	0.03577	0.02118	0.34472	0.43485	0.00954	0.01398	0.00877	0.00402	0.00550
17	0.13805	0.01382	0.01659	0.01291	0.01830	0.01342	0.01066	0.15452	0.02169	0.49053	0.02349	0.02113	0.01521	0.00846	0.00677	0.00219	0.00632	0.00656	0.00788	0.01150
18	0.00974	0.00709	0.00929	0.01002	0.01132	0.00665	0.00758	0.01220	0.01673	0.02257	0.27334	0.30128	0.11113	0.01866	0.00895	0.00270	0.00433	0.15309	0.00703	0.00630
19	0.22040	0.42459	0.02678	0.01176	0.01732	0.02234	0.01089	0.05945	0.01572	0.11580	0.01276	0.01350	0.01008	0.00673	0.00502	0.00182	0.00688	0.00442	0.00440	0.00934
20	0.01237	0.00618	0.00928	0.00928	0.00928	0.00618	0.00618	0.00928	0.00928	0.01237	0.01237	0.02165	0.01237	0.02474	0.02783	0.79283	0.00618	0.00618	0.00309	0.00309
21	0.02681	0.02752	0.02073	0.01745	0.02204	0.40052	0.01366	0.32801	0.02628	0.03002	0.01380	0.01479	0.01052	0.00789	0.00674	0.00197	0.01055	0.00542	0.00525	0.01002
22	0.01525	0.01309	0.01566	0.04513	0.01869	0.01085	0.00950	0.04555	0.01535	0.02360	0.01270	0.01510	0.01051	0.00581	0.00623	0.00125	0.03762	0.00450	0.00424	0.68937
23	0.01543	0.01332	0.01381	0.04638	0.01617	0.11993	0.00998	0.01879	0.05605	0.08247	0.20553	0.17761	0.07846	0.01384	0.00982	0.00244	0.09486	0.01133	0.00612	0.00765
24	0.08617	0.01507	0.01944	0.01827	0.08644	0.04712	0.06284	0.07961	0.10643	0.04725	0.12058	0.02401	0.02104	0.01282	0.05784	0.00303	0.17032	0.00752	0.00518	0.00900

[dist]
# distance from previous block
# <min> <max>
0	1

[block]
# block no. 6 follows, 29 sequences, length 21
# corresponding to MSA columns:
# 1598-1618
name=unknown_G
#
# <colnr> <probs for GDERKNQSTAVLIFYWHMCP>
#	G	D	E	R	K	N	Q	S	T	A	V	L	I	F	Y	W	H	M	C	P
0	0.50177	0.01277	0.01212	0.01024	0.01484	0.01352	0.00840	0.02443	0.01500	0.24265	0.02019	0.01974	0.06225	0.00814	0.00556	0.00222	0.00554	0.00571	0.00594	0.00896
1	0.01578	0.01671	0.12753	0.10789	0.16699	0.01378	0.10467	0.02088	0.04228	0.08289	0.02105	0.11662	0.01922	0.01196	0.03638	0.00281	0.00874	0.06982	0.00472	0.00928
2	0.00929	0.00650	0.00832	0.00953	0.00990	0.00623	0.00628	0.01032	0.01292	0.01719	0.03465	0.51879	0.04105	0.21725	0.01642	0.00399	0.00502	0.05495	0.00599	0.00544
3	0.01914	0.00903	0.01200	0.01082	0.01379	0.00799	0.00824	0.02134	0.01759	0.32628	0.11528	0.29340	0.08494	0.01509	0.00810	0.00247	0.00486	0.01318	0.00773	0.00872
4	0.02227	0.01681	0.01811	0.01507	0.01983	0.01882	0.01206	0.27976	0.39537	0.08529	0.02445	0.02283	0.01781	0.00918	0.00719	0.00230	0.00649	0.00737	0.00731	0.01165
5	0.80005	0.01377	0.01047	0.00936	0.01377	0.01597	0.00771	0.02093	0.01212	0.03195	0.00991	0.01157	0.00771	0.00661	0.00441	0.00220	0.00551	0.00386	0.00441	0.00771
6	0.02108	0.60170	0.03364	0.01276	0.01876	0.02600	0.01222	0.10701	0.01737	0.07480	0.01225	0.01316	0.01019	0.00662	0.00510	0.00166	0.00752	0.00440	0.00402	0.00975
7	0.01499	0.01283	0.01332	0.20369	0.02198	0.11945	0.01072	0.01898	0.03876	0.02297	0.09552	0.02685	0.04432	0.00892	0.00635	0.00199	0.00653	0.00727	0.31717	0.00737
8	0.02024	0.30147	0.13015	0.02014	0.15073	0.10596	0.01596	0.04939	0.01686	0.08150	0.01345	0.01516	0.01070	0.00680	0.00593	0.00187	0.00857	0.00509	0.03008	0.00994
9	0.68918	0.01358	0.01171	0.06635	0.01682	0.01561	0.00883	0.02160	0.01281	0.07425	0.01129	0.01296	0.00849	0.00679	0.00480	0.00222	0.00586	0.00426	0.00459	0.00801
10	0.06915	0.02070	0.01953	0.12647	0.07498	0.25068	0.03470	0.09673	0.05511	0.08996	0.03791	0.01865	0.01355	0.00783	0.00668	0.00208	0.00910	0.00608	0.05088	0.00924
11	0.00894	0.00687	0.00819	0.00863	0.01014	0.00611	0.00618	0.01094	0.01631	0.02127	0.22312	0.30750	0.30282	0.01867	0.00865	0.00254	0.00373	0.01634	0.00693	0.00611
12	0.01353	0.00828	0.00974	0.00891	0.01071	0.00812	0.00646	0.06422	0.01751	0.06892	0.28250	0.04090	0.03839	0.19570	0.01438	0.00326	0.00474	0.00997	0.18691	0.00684
13	0.00960	0.00691	0.00956	0.01037	0.01121	0.00661	0.02726	0.01131	0.01404	0.01921	0.07784	0.52152	0.04262	0.07664	0.03946	0.00344	0.00522	0.05351	0.04771	0.00596
14	0.01223	0.00700	0.01030	0.01018	0.01027	0.00753	0.00710	0.01012	0.00984	0.01339	0.01445	0.07448	0.01496	0.02511	0.06280	0.63166	0.06406	0.00729	0.00339	0.00383
15	0.01660	0.02598	0.28924	0.02279	0.11586	0.12122	0.11494	0.04735	0.01673	0.02213	0.01695	0.12482	0.01541	0.00908	0.00735	0.00229	0.00975	0.00804	0.00396	0.00950
16	0.01468	0.01266	0.01519	0.05673	0.01893	0.00990	0.00916	0.01795	0.01473	0.02288	0.01266	0.01504	0.01048	0.00539	0.00539	0.00114	0.00554	0.00435	0.00415	0.74305
17	0.01243	0.09776	0.01750	0.03582	0.04118	0.01183	0.08544	0.01689	0.06757	0.02374	0.28664	0.04390	0.20642	0.01256	0.00778	0.00223	0.00546	0.01104	0.00613	0.00770
18	0.01749	0.07159	0.38853	0.01995	0.02816	0.12511	0.11892	0.02349	0.01623	0.04593	0.01312	0.01542	0.00974	0.00666	0.00673	0.00207	0.01037	0.00553	0.00350	0.07146
19	0.52371	0.06916	0.01430	0.01096	0.01553	0.04153	0.00918	0.06280	0.01519	0.11756	0.01431	0.01749	0.01131	0.00774	0.00532	0.00220	0.00620	0.04177	0.00513	0.00860
20	0.58135	0.09165	0.03794	0.01100	0.01581	0.04064	0.00952	0.06119	0.05002	0.03025	0.01148	0.01283	0.00895	0.00686	0.00488	0.00213	0.00627	0.00429	0.00451	0.00842

[dist]
# distance from previous block
# <min> <max>
0	1

[block]
# block no. 7 follows, 29 sequences, length 9
# corresponding to MSA columns:
# 1620-1628
name=unknown_H
#
# <colnr> <probs for GDERKNQSTAVLIFYWHMCP>
#	G	D	E	R	K	N	Q	S	T	A	V	L	I	F	Y	W	H	M	C	P
0	0.01237	0.00618	0.00928	0.00928	0.00928	0.00618	0.00618	0.00928	0.00928	0.01237	0.01237	0.02165	0.01237	0.02474	0.02783	0.79283	0.00618	0.00618	0.00309	0.00309
1	0.04563	0.08070	0.08408	0.01975	0.13790	0.13030	0.01454	0.14592	0.07802	0.06870	0.07210	0.02240	0.05221	0.00862	0.00685	0.00210	0.00804	0.00684	0.00529	0.01001
2	0.01474	0.05628	0.01708	0.01366	0.01613	0.08975	0.06185	0.01753	0.01694	0.05668	0.27344	0.06336	0.06954	0.01581	0.07118	0.00312	0.11994	0.00974	0.00563	0.00758
3	0.01912	0.13874	0.14208	0.05278	0.02277	0.05490	0.04188	0.16621	0.09527	0.06155	0.07791	0.05946	0.01883	0.00901	0.00690	0.00215	0.00786	0.00731	0.00536	0.00993
4	0.01677	0.08469	0.04941	0.20158	0.13800	0.04185	0.07196	0.08065	0.05139	0.02287	0.01435	0.01814	0.01146	0.01045	0.06235	0.00276	0.00942	0.00612	0.00400	0.10176
5	0.01079	0.00966	0.04618	0.01003	0.01241	0.00839	0.00794	0.01516	0.08980	0.02171	0.14186	0.18706	0.20219	0.06101	0.07421	0.00346	0.00590	0.01273	0.04077	0.03871
6	0.01461	0.01216	0.01540	0.05010	0.01718	0.03955	0.05737	0.13014	0.01682	0.02214	0.02598	0.10736	0.08568	0.19286	0.08213	0.00440	0.06426	0.04947	0.00512	0.00729
7	0.08947	0.05522	0.07398	0.11264	0.10732	0.05832	0.09059	0.06075	0.01639	0.02351	0.07180	0.02124	0.04321	0.00848	0.00881	0.00224	0.09528	0.00681	0.00421	0.04972
8	0.05842	0.04025	0.07542	0.01357	0.01742	0.12329	0.01146	0.04865	0.01671	0.14377	0.07141	0.07569	0.01998	0.09155	0.01173	0.00268	0.08260	0.00767	0.00529	0.08243

[dist]
# distance from previous block
# <min> <max>
0	48

[block]
# block no. 8 follows, 29 sequences, length 12
# corresponding to MSA columns:
# 1677-1688
name=unknown_I
#
# <colnr> <probs for GDERKNQSTAVLIFYWHMCP>
#	G	D	E	R	K	N	Q	S	T	A	V	L	I	F	Y	W	H	M	C	P
0	0.15686	0.11577	0.05373	0.05316	0.11321	0.01727	0.13359	0.04979	0.07375	0.05101	0.01639	0.07149	0.01392	0.00797	0.00658	0.00216	0.00777	0.00701	0.00453	0.04404
1	0.08896	0.01600	0.04893	0.01821	0.09423	0.01632	0.03891	0.15322	0.09598	0.19196	0.01911	0.02011	0.01401	0.01192	0.06197	0.00300	0.08407	0.00665	0.00594	0.01051
2	0.02570	0.01927	0.02060	0.01611	0.02156	0.02144	0.01320	0.58773	0.12957	0.04268	0.01883	0.01848	0.01351	0.00871	0.00714	0.00218	0.00751	0.00665	0.00714	0.01199
3	0.00967	0.00726	0.00895	0.00852	0.01038	0.00654	0.00639	0.01264	0.01918	0.02624	0.54522	0.05700	0.22499	0.01542	0.00840	0.00228	0.00342	0.01341	0.00753	0.00654
4	0.01428	0.03683	0.71286	0.02030	0.03082	0.01654	0.02631	0.02255	0.01503	0.02255	0.01278	0.01503	0.00902	0.00677	0.00677	0.00226	0.01052	0.00526	0.00301	0.01052
5	0.08557	0.40415	0.14493	0.01333	0.01962	0.02166	0.01365	0.02357	0.07620	0.07803	0.01662	0.01723	0.04417	0.00737	0.00557	0.00189	0.00743	0.00526	0.00419	0.00954
6	0.00983	0.00799	0.00884	0.00905	0.01106	0.00753	0.00661	0.01399	0.10437	0.02103	0.10479	0.24956	0.38363	0.01786	0.00845	0.00253	0.00400	0.01540	0.00679	0.00669
7	0.01794	0.07041	0.06267	0.06044	0.07948	0.04411	0.42341	0.07881	0.01772	0.02366	0.01378	0.01783	0.01058	0.00665	0.00836	0.00230	0.04100	0.00733	0.00380	0.00973
8	0.01206	0.00630	0.00904	0.00904	0.00904	0.00630	0.00590	0.00944	0.00944	0.01259	0.01392	0.02550	0.01446	0.13671	0.02913	0.67145	0.00630	0.00683	0.00328	0.00328
9	0.02034	0.01682	0.02317	0.08753	0.27757	0.04441	0.04027	0.19529	0.04908	0.07603	0.01982	0.02369	0.04577	0.00851	0.00731	0.00223	0.00808	0.03820	0.00526	0.01062
10	0.01537	0.01368	0.01855	0.13675	0.17763	0.03987	0.01374	0.07448	0.01640	0.02266	0.01867	0.08622	0.04253	0.01370	0.08791	0.00303	0.00859	0.00752	0.00438	0.19830
11	0.22277	0.07708	0.05035	0.04466	0.04472	0.04220	0.01177	0.02518	0.22241	0.02631	0.06772	0.04905	0.01846	0.00915	0.00749	0.00230	0.05717	0.00690	0.00523	0.00908

[dist]
# distance from previous block
# <min> <max>
0	4

[block]
# block no. 9 follows, 29 sequences, length 22
# corresponding to MSA columns:
# 1693-1714
name=unknown_J
#
# <colnr> <probs for GDERKNQSTAVLIFYWHMCP>
#	G	D	E	R	K	N	Q	S	T	A	V	L	I	F	Y	W	H	M	C	P
0	0.30548	0.09201	0.11329	0.01330	0.01885	0.05620	0.01237	0.13597	0.06192	0.07759	0.01462	0.01548	0.01087	0.00737	0.00572	0.00210	0.00717	0.00513	0.03504	0.00952
1	0.01988	0.21333	0.05545	0.01612	0.02004	0.20767	0.03855	0.06832	0.05347	0.01991	0.01296	0.01713	0.01151	0.06904	0.01171	0.00250	0.14424	0.00565	0.00386	0.00866
2	0.00974	0.00721	0.00860	0.00844	0.01030	0.00650	0.00636	0.01250	0.01812	0.02468	0.39896	0.08561	0.26947	0.01580	0.00827	0.00232	0.00359	0.03874	0.05835	0.00644
3	0.01008	0.00693	0.00811	0.00848	0.00883	0.00679	0.00530	0.01064	0.01170	0.01540	0.02934	0.15089	0.07433	0.53782	0.02837	0.00574	0.00626	0.06519	0.00498	0.00482
4	0.02591	0.01065	0.01438	0.01180	0.01611	0.00929	0.00942	0.02838	0.01902	0.52943	0.06343	0.15572	0.05033	0.01183	0.00761	0.00234	0.00550	0.01005	0.00829	0.01051
5	0.02371	0.01432	0.01679	0.01411	0.01869	0.01499	0.01152	0.17488	0.23411	0.25970	0.02723	0.03078	0.02078	0.01045	0.00753	0.00240	0.00638	0.09285	0.00765	0.01112
6	0.23378	0.01219	0.01383	0.01116	0.01588	0.01195	0.00915	0.05745	0.01805	0.41006	0.02212	0.02085	0.01482	0.00815	0.00614	0.00213	0.00563	0.00618	0.11028	0.01022
7	0.07030	0.01329	0.01408	0.01190	0.01536	0.01438	0.00935	0.32720	0.02301	0.03364	0.02166	0.12152	0.01909	0.05075	0.00822	0.00238	0.00589	0.00843	0.22054	0.00903
8	0.01786	0.01309	0.01250	0.01100	0.01388	0.11164	0.00851	0.10662	0.02043	0.09887	0.24757	0.03199	0.03241	0.01033	0.00683	0.00200	0.00558	0.00845	0.23226	0.00818
9	0.02008	0.65454	0.03495	0.01304	0.01879	0.12393	0.01240	0.02230	0.01526	0.01685	0.01005	0.01162	0.00914	0.00626	0.00482	0.00157	0.00834	0.00392	0.00313	0.00902
10	0.43737	0.01560	0.01775	0.07582	0.11066	0.01738	0.05123	0.14832	0.01723	0.03163	0.01225	0.01449	0.00936	0.00695	0.00574	0.00220	0.00705	0.00515	0.00466	0.00916
11	0.09851	0.01801	0.01800	0.01658	0.06645	0.15132	0.03703	0.21000	0.02094	0.06864	0.01776	0.07163	0.01496	0.01414	0.09048	0.00321	0.00942	0.00709	0.05653	0.00928
12	0.00901	0.00710	0.00813	0.00816	0.01005	0.00622	0.00601	0.01126	0.01721	0.02223	0.27925	0.15289	0.40232	0.01743	0.00850	0.00241	0.00359	0.01500	0.00702	0.00622
13	0.01529	0.01410	0.02091	0.40398	0.19937	0.05342	0.01763	0.02004	0.03688	0.02090	0.01473	0.01961	0.01151	0.00719	0.00677	0.00218	0.00845	0.00633	0.11203	0.00867
14	0.00890	0.00698	0.00807	0.00848	0.01018	0.00616	0.00619	0.01089	0.01624	0.02073	0.17743	0.25188	0.38274	0.01863	0.00865	0.00254	0.00381	0.03858	0.00683	0.00610
15	0.01100	0.00806	0.01083	0.01027	0.01134	0.00866	0.00768	0.01237	0.01450	0.02013	0.26071	0.04016	0.11546	0.07088	0.12828	0.15581	0.09258	0.01008	0.00536	0.00585
16	0.01904	0.75404	0.03731	0.01218	0.01828	0.02818	0.01218	0.02132	0.01447	0.01675	0.00990	0.01142	0.00914	0.00609	0.00457	0.00152	0.00761	0.00381	0.00305	0.00914
17	0.01302	0.00951	0.01088	0.01049	0.01289	0.00968	0.00784	0.02029	0.20767	0.06294	0.16117	0.20736	0.16241	0.01494	0.00797	0.00244	0.00438	0.01295	0.05321	0.00795
18	0.01345	0.01266	0.02136	0.73264	0.04904	0.01582	0.01978	0.01819	0.01424	0.01819	0.01266	0.01898	0.00949	0.00712	0.00712	0.00237	0.00949	0.00633	0.00316	0.00791
19	0.02197	0.14808	0.02127	0.01451	0.01917	0.14755	0.01192	0.24197	0.12542	0.05018	0.06112	0.02281	0.06563	0.00911	0.00674	0.00204	0.00775	0.00690	0.00586	0.01000
20	0.13085	0.10305	0.04284	0.06255	0.01945	0.06881	0.01099	0.08559	0.05645	0.02482	0.01831	0.07822	0.04721	0.00852	0.00610	0.00188	0.00675	0.00663	0.00473	0.21625
21	0.01981	0.05923	0.05933	0.02682	0.24413	0.05940	0.12908	0.13353	0.08823	0.05092	0.01636	0.01860	0.01259	0.00723	0.00704	0.00214	0.00867	0.00663	0.03963	0.01062

[dist]
# distance from previous block
# <min> <max>
0	27

[block]
# block no. 10 follows, 29 sequences, length 7
# corresponding to MSA columns:
# 1742-1748
name=unknown_K
#
# <colnr> <probs for GDERKNQSTAVLIFYWHMCP>
#	G	D	E	R	K	N	Q	S	T	A	V	L	I	F	Y	W	H	M	C	P
0	0.01716	0.10348	0.01791	0.01386	0.06513	0.01398	0.01030	0.06130	0.13083	0.07585	0.02143	0.02580	0.04523	0.07344	0.00895	0.00226	0.00612	0.03506	0.03392	0.23801
1	0.02006	0.01694	0.06248	0.02106	0.14226	0.01656	0.07183	0.18489	0.11392	0.10414	0.08551	0.02454	0.04362	0.00915	0.00830	0.00228	0.04821	0.00773	0.00596	0.01056
2	0.01166	0.00858	0.01214	0.01114	0.01362	0.00769	0.07235	0.01402	0.01628	0.08002	0.10772	0.24781	0.30011	0.01703	0.00857	0.00256	0.00492	0.05023	0.00661	0.00692
3	0.02097	0.08038	0.02172	0.04584	0.02184	0.04420	0.10088	0.10998	0.18781	0.16609	0.07363	0.05527	0.02067	0.00927	0.00726	0.00224	0.00723	0.00803	0.00639	0.01029
4	0.00894	0.00703	0.00808	0.00824	0.01005	0.00617	0.00602	0.01108	0.01685	0.02170	0.24615	0.19601	0.39261	0.01787	0.00854	0.00245	0.00364	0.01543	0.00696	0.00617
5	0.01723	0.01551	0.07448	0.01292	0.01694	0.05569	0.01100	0.10562	0.14873	0.06561	0.09478	0.06947	0.04841	0.01021	0.00759	0.00213	0.03699	0.00823	0.12034	0.07815
6	0.02167	0.26361	0.08757	0.01619	0.02088	0.26147	0.01446	0.05034	0.01700	0.05526	0.01170	0.01376	0.00974	0.00779	0.00849	0.00200	0.12046	0.00485	0.00373	0.00903

[dist]
# distance from previous block
# <min> <max>
0	3

[block]
# block no. 11 follows, 29 sequences, length 13
# corresponding to MSA columns:
# 1752-1764
name=unknown_L
#
# <colnr> <probs for GDERKNQSTAVLIFYWHMCP>
#	G	D	E	R	K	N	Q	S	T	A	V	L	I	F	Y	W	H	M	C	P
0	0.20202	0.01695	0.01738	0.01531	0.05254	0.04681	0.01170	0.27841	0.13653	0.09650	0.01884	0.04487	0.01436	0.00867	0.00656	0.00222	0.00687	0.00660	0.00634	0.01053
1	0.01904	0.75404	0.03731	0.01218	0.01828	0.02818	0.01218	0.02132	0.01447	0.01675	0.00990	0.01142	0.00914	0.00609	0.00457	0.00152	0.00761	0.00381	0.00305	0.00914
2	0.00969	0.00717	0.00904	0.00877	0.01045	0.00652	0.00650	0.01260	0.01893	0.02613	0.54106	0.11957	0.16554	0.01582	0.00846	0.00233	0.00347	0.01390	0.00753	0.00652
3	0.02660	0.03394	0.02018	0.01834	0.02201	0.72116	0.01376	0.02843	0.02018	0.01743	0.01101	0.01284	0.00917	0.00734	0.00642	0.00183	0.01284	0.00459	0.00367	0.00825
4	0.02102	0.01258	0.01482	0.01215	0.01606	0.01277	0.00973	0.21819	0.06118	0.19553	0.24218	0.03181	0.03230	0.01059	0.00737	0.00216	0.00545	0.00879	0.07547	0.00985
5	0.00890	0.00707	0.00804	0.00844	0.01027	0.00621	0.00627	0.01088	0.01617	0.02031	0.14059	0.21351	0.43412	0.01864	0.00866	0.00255	0.00390	0.06259	0.00676	0.00609
6	0.02376	0.01730	0.02223	0.14632	0.02756	0.01887	0.07208	0.38379	0.06714	0.12094	0.01817	0.01910	0.01281	0.00817	0.00725	0.00223	0.00814	0.00676	0.00632	0.01108
