[name]
unknown

[dist]
# distance from previous block
# <min> <max>
0	35

[block]
# block no. 0 follows, 25 sequences, length 30
# corresponding to MSA columns:
# 35-64
name=unknown_A
#
# <colnr> <probs for GDERKNQSTAVLIFYWHMCP>
#	G	D	E	R	K	N	Q	S	T	A	V	L	I	F	Y	W	H	M	C	P
0	0.01511	0.01278	0.04978	0.01462	0.01824	0.01130	0.01304	0.08706	0.01952	0.02643	0.03264	0.06433	0.03385	0.01675	0.00939	0.00297	0.00729	0.42305	0.00658	0.13526
1	0.01123	0.00766	0.00915	0.00911	0.00943	0.00781	0.00558	0.01186	0.01213	0.01648	0.06543	0.04830	0.02980	0.58654	0.13136	0.00790	0.00916	0.01103	0.00487	0.00518
2	0.02829	0.02084	0.02245	0.01732	0.02325	0.02298	0.01426	0.61253	0.03553	0.04773	0.06051	0.02112	0.01701	0.00973	0.00785	0.00233	0.00822	0.00743	0.00781	0.01281
3	0.06762	0.02392	0.02004	0.01701	0.02196	0.24729	0.01337	0.17005	0.16472	0.14483	0.02086	0.02033	0.01518	0.00907	0.00738	0.00230	0.00938	0.00669	0.00668	0.01132
4	0.03334	0.01352	0.01795	0.01398	0.01983	0.01213	0.01148	0.03811	0.08214	0.62371	0.03068	0.02663	0.01961	0.00968	0.00781	0.00242	0.00655	0.00789	0.00944	0.01311
5	0.01111	0.00790	0.00979	0.00960	0.01154	0.00710	0.00709	0.01396	0.01975	0.04958	0.40322	0.16987	0.21487	0.01794	0.00923	0.00260	0.00396	0.01569	0.00803	0.00717
6	0.01876	0.01799	0.03070	0.10971	0.62036	0.01831	0.02358	0.02342	0.01745	0.02481	0.01451	0.01933	0.01210	0.00699	0.00768	0.00233	0.00932	0.00691	0.00380	0.01194
7	0.00938	0.00702	0.00872	0.01007	0.01106	0.00636	0.00688	0.01088	0.01554	0.02008	0.05157	0.56261	0.20542	0.02314	0.00972	0.00302	0.00436	0.02064	0.00720	0.00636
8	0.18645	0.13846	0.10590	0.01437	0.02085	0.01796	0.01354	0.07096	0.05125	0.27777	0.02023	0.01948	0.01400	0.00834	0.00664	0.00229	0.00748	0.00616	0.00652	0.01137
9	0.13267	0.16867	0.10896	0.01821	0.02434	0.25024	0.07902	0.02748	0.01844	0.08489	0.01394	0.01564	0.01078	0.00753	0.00662	0.00214	0.01061	0.00548	0.00440	0.00995
10	0.00945	0.00675	0.00900	0.01080	0.01125	0.00630	0.00720	0.01080	0.01484	0.01979	0.04274	0.72245	0.05128	0.02429	0.00990	0.00315	0.00450	0.02204	0.00720	0.00630
11	0.02474	0.39329	0.03154	0.01654	0.02188	0.35517	0.01410	0.02699	0.01879	0.01860	0.01137	0.01319	0.00997	0.00729	0.00596	0.00182	0.01107	0.00456	0.00365	0.00948
12	0.02073	0.73217	0.04063	0.01327	0.01990	0.03068	0.01327	0.02322	0.01575	0.01824	0.01078	0.01244	0.00995	0.00663	0.00498	0.00166	0.00829	0.00415	0.00332	0.00995
13	0.01111	0.00818	0.01183	0.01183	0.01300	0.00935	0.00891	0.01344	0.01228	0.01754	0.02134	0.03363	0.02076	0.16284	0.59397	0.01169	0.01870	0.00877	0.00424	0.00657
14	0.00994	0.00713	0.00965	0.01114	0.01178	0.00696	0.00776	0.01156	0.01459	0.01959	0.03903	0.56225	0.04576	0.05914	0.09865	0.00455	0.00688	0.06058	0.00670	0.00636
15	0.02521	0.02811	0.14307	0.01804	0.02373	0.26408	0.01604	0.17280	0.02332	0.09983	0.01820	0.05417	0.01486	0.05275	0.00944	0.00259	0.01058	0.00712	0.00555	0.01049
16	0.01651	0.06049	0.10695	0.01345	0.01979	0.01333	0.01222	0.08590	0.01814	0.02631	0.02071	0.11745	0.04287	0.00953	0.00684	0.00182	0.00671	0.00788	0.00514	0.40795
17	0.10594	0.01912	0.06475	0.01587	0.02214	0.01839	0.01378	0.30935	0.05270	0.26587	0.02218	0.02096	0.01498	0.00911	0.00745	0.00238	0.00771	0.00697	0.00780	0.01255
18	0.01807	0.02692	0.25598	0.02842	0.03738	0.01874	0.41966	0.02528	0.01782	0.05187	0.01572	0.01964	0.01143	0.00694	0.00851	0.00255	0.01227	0.00797	0.00394	0.01090
19	0.02018	0.19228	0.31980	0.02053	0.02895	0.12737	0.08594	0.07441	0.01887	0.02419	0.01346	0.01575	0.01034	0.00736	0.00698	0.00221	0.01108	0.00571	0.00381	0.01077
20	0.01445	0.00723	0.00723	0.00723	0.00903	0.00723	0.00542	0.01807	0.01626	0.02891	0.02529	0.02891	0.01987	0.00903	0.00542	0.00181	0.00361	0.00723	0.77055	0.00723
21	0.01173	0.00822	0.00987	0.00927	0.01166	0.00727	0.00702	0.01470	0.02033	0.06680	0.40850	0.06238	0.29982	0.01692	0.00907	0.00250	0.00394	0.01454	0.00809	0.00738
22	0.01441	0.01093	0.01564	0.01900	0.15707	0.01066	0.01150	0.05925	0.01961	0.05274	0.24952	0.26977	0.04646	0.01608	0.00893	0.00264	0.00559	0.01447	0.00706	0.00867
23	0.01777	0.01463	0.01673	0.01262	0.01882	0.01259	0.01004	0.11202	0.05826	0.02875	0.01751	0.06481	0.01515	0.00780	0.00644	0.00154	0.00609	0.00637	0.00543	0.56663
24	0.01009	0.00718	0.00911	0.01001	0.01074	0.00675	0.00668	0.01166	0.01567	0.02114	0.16544	0.43333	0.07741	0.15929	0.01547	0.00384	0.00490	0.01813	0.00698	0.00620
25	0.08756	0.00829	0.00993	0.01144	0.03566	0.00797	0.00768	0.01279	0.01579	0.02248	0.08782	0.45928	0.16428	0.02050	0.00912	0.00290	0.00466	0.01809	0.00693	0.00684
26	0.01923	0.01686	0.02110	0.05964	0.18117	0.06261	0.01535	0.15241	0.09193	0.02891	0.06231	0.08596	0.02162	0.01682	0.09639	0.00376	0.03890	0.00896	0.00570	0.01037
27	0.05093	0.21331	0.06899	0.01848	0.07273	0.09142	0.03589	0.13480	0.05299	0.09464	0.01624	0.01730	0.01245	0.00773	0.00666	0.00204	0.00875	0.00585	0.00525	0.08355
28	0.12855	0.09624	0.07648	0.02322	0.17040	0.02144	0.01664	0.18829	0.10548	0.03244	0.01658	0.01831	0.01288	0.00845	0.00809	0.00237	0.05092	0.00640	0.00539	0.01143
29	0.02091	0.12924	0.16048	0.07375	0.05025	0.14751	0.05993	0.08957	0.09286	0.02564	0.01569	0.01771	0.01215	0.00777	0.00709	0.00218	0.01010	0.00611	0.00456	0.06650

[dist]
# distance from previous block
# <min> <max>
0	182

[block]
# block no. 1 follows, 25 sequences, length 38
# corresponding to MSA columns:
# 275-312
name=unknown_B
#
# <colnr> <probs for GDERKNQSTAVLIFYWHMCP>
#	G	D	E	R	K	N	Q	S	T	A	V	L	I	F	Y	W	H	M	C	P
0	0.05336	0.06780	0.11321	0.08492	0.19283	0.04548	0.01770	0.06446	0.01851	0.12779	0.01952	0.08253	0.01638	0.01215	0.04710	0.00297	0.00941	0.00794	0.00521	0.01074
1	0.01572	0.01310	0.02098	0.30461	0.18715	0.01420	0.01721	0.02012	0.01816	0.06228	0.19009	0.03231	0.05152	0.01020	0.00815	0.00247	0.00788	0.00915	0.00536	0.00933
2	0.19905	0.01193	0.01344	0.01122	0.01582	0.01130	0.00906	0.02615	0.01897	0.32632	0.07927	0.03735	0.18518	0.01197	0.00754	0.00246	0.00560	0.00952	0.00782	0.01004
3	0.01757	0.02035	0.14305	0.04854	0.16120	0.01731	0.05118	0.05500	0.23874	0.02858	0.07857	0.06246	0.02293	0.01001	0.00802	0.00253	0.00806	0.00885	0.00585	0.01120
4	0.01049	0.00791	0.00969	0.00924	0.01128	0.00711	0.00693	0.01369	0.02079	0.02835	0.51399	0.06243	0.23593	0.01687	0.00915	0.00249	0.00373	0.01465	0.00817	0.00711
5	0.26666	0.02208	0.01932	0.01578	0.02118	0.13154	0.01278	0.35313	0.02676	0.03956	0.01507	0.01596	0.01116	0.00843	0.00670	0.00230	0.00862	0.00578	0.00621	0.01099
6	0.01076	0.00731	0.00951	0.01050	0.01160	0.00670	0.00729	0.01261	0.01656	0.05029	0.14835	0.52865	0.10705	0.02189	0.00962	0.00296	0.00440	0.01964	0.00752	0.00678
7	0.02352	0.01590	0.01823	0.01507	0.01958	0.01723	0.01205	0.28026	0.14269	0.13267	0.06109	0.02745	0.02119	0.05555	0.11700	0.00425	0.00938	0.00826	0.00738	0.01126
8	0.02073	0.73217	0.04063	0.01327	0.01990	0.03068	0.01327	0.02322	0.01575	0.01824	0.01078	0.01244	0.00995	0.00663	0.00498	0.00166	0.00829	0.00415	0.00332	0.00995
9	0.01445	0.00723	0.00723	0.00723	0.00903	0.00723	0.00542	0.01807	0.01626	0.02891	0.02529	0.02891	0.01987	0.00903	0.00542	0.00181	0.00361	0.00723	0.77055	0.00723
10	0.00987	0.00705	0.00948	0.01128	0.01191	0.00666	0.00793	0.01153	0.01526	0.02027	0.04250	0.63455	0.05036	0.02389	0.01001	0.00321	0.00486	0.10577	0.00719	0.00641
11	0.03175	0.01683	0.02010	0.01554	0.02153	0.01695	0.01279	0.28630	0.06487	0.39062	0.02581	0.02340	0.01703	0.00953	0.00779	0.00238	0.00735	0.00752	0.00876	0.01314
12	0.01445	0.00723	0.00723	0.00723	0.00903	0.00723	0.00542	0.01807	0.01626	0.02891	0.02529	0.02891	0.01987	0.00903	0.00542	0.00181	0.00361	0.00723	0.77055	0.00723
13	0.02942	0.02325	0.02314	0.01805	0.02404	0.09159	0.01476	0.59077	0.03500	0.04586	0.01795	0.01815	0.01286	0.00918	0.00768	0.00229	0.00908	0.00678	0.00738	0.01276
14	0.78228	0.01499	0.01140	0.01020	0.01499	0.01739	0.00840	0.02279	0.01320	0.03479	0.01080	0.01260	0.00840	0.00720	0.00480	0.00240	0.00600	0.00420	0.00480	0.00840
15	0.01445	0.00723	0.00723	0.00723	0.00903	0.00723	0.00542	0.01807	0.01626	0.02891	0.02529	0.02891	0.01987	0.00903	0.00542	0.00181	0.00361	0.00723	0.77055	0.00723
16	0.01036	0.00745	0.00981	0.01017	0.01145	0.00691	0.00727	0.01308	0.01908	0.02653	0.41995	0.32602	0.06433	0.01926	0.00945	0.00273	0.00400	0.01726	0.00800	0.00691
17	0.01929	0.01666	0.01753	0.01578	0.02016	0.01929	0.01227	0.04120	0.66513	0.03243	0.03156	0.02893	0.02367	0.01052	0.00789	0.00263	0.00614	0.00877	0.00789	0.01227
18	0.02915	0.02373	0.02243	0.01789	0.02358	0.14526	0.01446	0.47246	0.06626	0.07907	0.01878	0.01877	0.01350	0.00915	0.00763	0.00229	0.00928	0.00676	0.00719	0.01238
19	0.02814	0.02128	0.14143	0.01675	0.02365	0.01750	0.01570	0.28154	0.02685	0.28126	0.05044	0.02280	0.01740	0.00934	0.00776	0.00238	0.00813	0.00736	0.00766	0.01262
20	0.01555	0.04011	0.68733	0.02210	0.03356	0.01801	0.02865	0.02455	0.01637	0.02455	0.01391	0.01637	0.00982	0.00737	0.00737	0.00246	0.01146	0.00573	0.00327	0.01146
21	0.05904	0.08796	0.19531	0.01649	0.02332	0.01814	0.01628	0.03351	0.25932	0.17508	0.02378	0.02275	0.01702	0.00897	0.00731	0.00243	0.00783	0.00710	0.00649	0.01186
22	0.01412	0.01396	0.01558	0.01696	0.11327	0.10165	0.04075	0.01705	0.01917	0.02364	0.18170	0.05221	0.33055	0.01477	0.00865	0.00245	0.00644	0.01260	0.00639	0.00807
23	0.00974	0.00704	0.00874	0.00996	0.01063	0.00655	0.00656	0.01093	0.01459	0.01909	0.04437	0.51070	0.13356	0.15145	0.01517	0.00387	0.00497	0.01930	0.00674	0.00604
24	0.00964	0.00689	0.00922	0.01102	0.01155	0.00647	0.00754	0.01113	0.01504	0.02001	0.04263	0.68186	0.05086	0.02411	0.00995	0.00318	0.00467	0.06071	0.00719	0.00635
25	0.01965	0.13238	0.08203	0.06988	0.31974	0.04758	0.13840	0.05466	0.01836	0.02468	0.01420	0.01810	0.01149	0.00703	0.00749	0.00228	0.01017	0.00674	0.00391	0.01124
26	0.02199	0.28095	0.03312	0.01955	0.02457	0.15885	0.12030	0.07789	0.01844	0.02217	0.01239	0.01553	0.01058	0.00842	0.01016	0.00227	0.14315	0.00588	0.00394	0.00984
27	0.01751	0.09588	0.08151	0.12024	0.03434	0.02143	0.28607	0.02233	0.01582	0.02180	0.01333	0.01862	0.01082	0.00862	0.01266	0.00270	0.19557	0.00744	0.00361	0.00970
28	0.13262	0.02811	0.02101	0.01801	0.02252	0.35964	0.01412	0.21395	0.02442	0.03003	0.01367	0.01536	0.01073	0.00863	0.00809	0.00224	0.05596	0.00559	0.00519	0.01012
29	0.01734	0.01156	0.01450	0.01285	0.01566	0.01233	0.01002	0.06343	0.11337	0.12543	0.21295	0.03874	0.05967	0.06684	0.13610	0.00466	0.05810	0.01024	0.00710	0.00911
30	0.01747	0.19318	0.14201	0.01555	0.02118	0.05722	0.04780	0.07089	0.06830	0.02564	0.13973	0.05450	0.06830	0.03534	0.00857	0.00245	0.00801	0.00878	0.00545	0.00961
31	0.01759	0.12488	0.26615	0.05512	0.13284	0.02062	0.12161	0.02466	0.05784	0.02365	0.01467	0.01802	0.01147	0.00781	0.00896	0.00244	0.07042	0.00657	0.00378	0.01090
32	0.01046	0.00766	0.00863	0.00861	0.00979	0.00711	0.00566	0.01180	0.01538	0.02000	0.15765	0.09234	0.24466	0.34086	0.02297	0.00484	0.00554	0.01391	0.00630	0.00583
33	0.01353	0.00821	0.01052	0.01087	0.01263	0.00752	0.00796	0.01551	0.01687	0.11283	0.09519	0.34769	0.13791	0.08265	0.01214	0.00334	0.00520	0.08469	0.00741	0.00732
34	0.02259	0.02674	0.14220	0.15641	0.10419	0.21637	0.06128	0.07397	0.02013	0.08094	0.01531	0.01815	0.01143	0.00786	0.00755	0.00233	0.01120	0.00637	0.00451	0.01049
35	0.02006	0.02165	0.07049	0.05377	0.23125	0.13624	0.06577	0.09818	0.05096	0.02618	0.02120	0.10919	0.04034	0.01022	0.00800	0.00243	0.00953	0.00899	0.00501	0.01052
36	0.01072	0.00910	0.03547	0.01103	0.01291	0.00781	0.00860	0.01404	0.04121	0.02387	0.20710	0.32007	0.16026	0.01990	0.00950	0.00288	0.00481	0.08620	0.00741	0.00711
37	0.05957	0.01800	0.02597	0.27421	0.30573	0.05451	0.02058	0.10205	0.01926	0.02651	0.01447	0.01902	0.01138	0.00758	0.00753	0.00239	0.00961	0.00667	0.00425	0.01072

[dist]
# distance from previous block
# <min> <max>
0	20

[block]
# block no. 2 follows, 25 sequences, length 69
# corresponding to MSA columns:
# 390-399,405-415,419-451,456-470
name=unknown_C
#
# <colnr> <probs for GDERKNQSTAVLIFYWHMCP>
#	G	D	E	R	K	N	Q	S	T	A	V	L	I	F	Y	W	H	M	C	P
0	0.05726	0.02062	0.06282	0.02462	0.13956	0.10223	0.14192	0.07968	0.07969	0.09155	0.05045	0.02662	0.04673	0.00929	0.00801	0.00245	0.00940	0.03066	0.00563	0.01078
1	0.02305	0.01704	0.02572	0.08001	0.35816	0.01690	0.01864	0.10624	0.02067	0.16103	0.01820	0.02039	0.01358	0.00771	0.00754	0.00224	0.00836	0.00688	0.00554	0.08210
2	0.02080	0.13598	0.10296	0.07268	0.24774	0.05830	0.01897	0.13779	0.02059	0.02783	0.01491	0.01783	0.01186	0.00753	0.00701	0.00216	0.00915	0.00617	0.04046	0.03929
3	0.01146	0.00831	0.01001	0.00997	0.01159	0.00793	0.00718	0.01333	0.01675	0.05281	0.15677	0.22470	0.26711	0.11059	0.01410	0.00338	0.04441	0.01579	0.00700	0.00680
4	0.06480	0.01749	0.01603	0.01419	0.01815	0.13336	0.01101	0.06101	0.22715	0.12506	0.08469	0.05212	0.02430	0.01049	0.00741	0.00235	0.00707	0.00839	0.10459	0.01035
5	0.01487	0.00886	0.01119	0.01007	0.01282	0.00788	0.00774	0.01804	0.02106	0.14658	0.42871	0.05589	0.19507	0.01555	0.00891	0.00247	0.00425	0.01341	0.00843	0.00821
6	0.01186	0.00820	0.01017	0.00951	0.01177	0.00735	0.00719	0.01506	0.02091	0.06506	0.49216	0.06027	0.21863	0.01643	0.00907	0.00248	0.00389	0.01425	0.00827	0.00745
7	0.02947	0.02172	0.02327	0.01784	0.02404	0.02404	0.01474	0.65329	0.03646	0.04887	0.01862	0.01862	0.01319	0.00931	0.00776	0.00233	0.00853	0.00698	0.00776	0.01319
8	0.00938	0.00748	0.00841	0.00898	0.01081	0.00651	0.00643	0.01125	0.01699	0.02123	0.10608	0.29428	0.42294	0.02097	0.00941	0.00279	0.00410	0.01814	0.00729	0.00651
9	0.02959	0.01984	0.02180	0.01679	0.02277	0.02146	0.01384	0.53573	0.03349	0.14067	0.02065	0.02020	0.01435	0.00934	0.00766	0.00231	0.00803	0.00711	0.04143	0.01293
10	0.01830	0.01688	0.01566	0.01340	0.01737	0.13878	0.01002	0.10663	0.01910	0.02485	0.02164	0.16939	0.02206	0.10723	0.01165	0.00274	0.00764	0.00957	0.00548	0.26163
11	0.01830	0.02092	0.04575	0.03268	0.04052	0.01961	0.65098	0.02484	0.01830	0.02484	0.01569	0.02092	0.01176	0.00654	0.00915	0.00261	0.01307	0.00915	0.00392	0.01046
12	0.02612	0.02005	0.02138	0.01716	0.02277	0.02248	0.01393	0.45163	0.24357	0.04345	0.02288	0.02201	0.01664	0.00971	0.00780	0.00243	0.00774	0.00757	0.00780	0.01289
13	0.01453	0.00870	0.01057	0.04318	0.01394	0.00802	0.00778	0.01738	0.01851	0.12099	0.17149	0.12011	0.24339	0.01536	0.00827	0.00245	0.00457	0.01308	0.14980	0.00787
14	0.01920	0.01276	0.01458	0.01286	0.01609	0.01356	0.00964	0.06911	0.25006	0.13682	0.05796	0.03671	0.04766	0.20949	0.05524	0.00445	0.00739	0.00964	0.00709	0.00970
15	0.02794	0.01324	0.01724	0.01450	0.01938	0.01252	0.01217	0.11953	0.02304	0.41320	0.03174	0.04198	0.02529	0.01279	0.00859	0.00271	0.00702	0.17693	0.00866	0.01154
16	0.01018	0.00727	0.00905	0.00983	0.01054	0.00696	0.00650	0.01149	0.01462	0.01947	0.09768	0.36470	0.10745	0.22743	0.05660	0.00481	0.00614	0.01687	0.00643	0.00599
17	0.03250	0.01687	0.02027	0.01554	0.02163	0.01685	0.01284	0.30301	0.02834	0.41061	0.02543	0.02304	0.01660	0.00947	0.00778	0.00237	0.00743	0.00745	0.00880	0.01319
18	0.02265	0.01637	0.01849	0.04023	0.02014	0.07162	0.01264	0.15281	0.05093	0.16263	0.14264	0.02956	0.04825	0.01158	0.01114	0.00254	0.13486	0.00866	0.03198	0.01028
19	0.01671	0.01772	0.10824	0.01717	0.02018	0.03870	0.03595	0.02161	0.07195	0.05928	0.01870	0.05395	0.01663	0.05394	0.12930	0.00467	0.25071	0.00806	0.04756	0.00896
20	0.01091	0.00784	0.01073	0.01098	0.01181	0.00854	0.00779	0.01262	0.01243	0.01734	0.02503	0.13511	0.02665	0.26067	0.39554	0.00961	0.01435	0.01118	0.00475	0.00614
21	0.17478	0.12017	0.02379	0.10174	0.10649	0.27423	0.01540	0.02549	0.01759	0.02291	0.01203	0.01508	0.01000	0.00776	0.00735	0.00221	0.04442	0.00527	0.00395	0.00934
22	0.01347	0.00888	0.01047	0.01052	0.01234	0.00885	0.00792	0.07652	0.01864	0.02691	0.12800	0.21567	0.06725	0.06338	0.01039	0.00292	0.00504	0.09159	0.21386	0.00738
23	0.02254	0.16121	0.06237	0.01807	0.06908	0.02151	0.01471	0.22217	0.11146	0.05608	0.01765	0.01856	0.01357	0.00834	0.00768	0.00212	0.03876	0.00626	0.00578	0.12207
24	0.01830	0.01103	0.01401	0.01194	0.01581	0.00995	0.00934	0.02083	0.01721	0.19880	0.03516	0.15640	0.13727	0.01760	0.07001	0.00323	0.04721	0.01107	0.00674	0.18808
25	0.04570	0.08572	0.11098	0.02080	0.06761	0.04198	0.14888	0.02484	0.04531	0.12070	0.08542	0.02654	0.04129	0.04099	0.01039	0.00268	0.05639	0.00822	0.00537	0.01018
26	0.01694	0.01677	0.08538	0.06623	0.15996	0.01532	0.01544	0.02705	0.22913	0.05793	0.08643	0.05602	0.11162	0.01135	0.00812	0.00253	0.00705	0.00980	0.00631	0.01061
27	0.02315	0.01280	0.01552	0.01324	0.01764	0.01265	0.01056	0.03199	0.21943	0.29742	0.13154	0.03883	0.09411	0.01223	0.00827	0.00254	0.00578	0.03258	0.00859	0.01116
28	0.01531	0.01215	0.02129	0.01864	0.04845	0.01159	0.18529	0.01842	0.01609	0.08159	0.02831	0.21775	0.02926	0.14513	0.05404	0.00425	0.00896	0.06958	0.00575	0.00815
29	0.09428	0.01582	0.02393	0.39738	0.14959	0.04571	0.05457	0.02221	0.01648	0.05389	0.01563	0.02253	0.01245	0.00818	0.00762	0.00253	0.00970	0.03386	0.00415	0.00948
30	0.01762	0.01682	0.02863	0.27606	0.46295	0.01801	0.02301	0.02242	0.01691	0.02342	0.01431	0.01970	0.01161	0.00720	0.00770	0.00240	0.00960	0.00690	0.00370	0.01101
31	0.00943	0.00682	0.00892	0.01061	0.01120	0.00631	0.00712	0.01082	0.01502	0.01987	0.04500	0.68155	0.09072	0.02400	0.00985	0.00312	0.00446	0.02168	0.00720	0.00631
32	0.02615	0.01730	0.01874	0.01480	0.01987	0.01867	0.01208	0.43803	0.03008	0.10016	0.02137	0.02191	0.01541	0.00926	0.00717	0.00220	0.00712	0.00712	0.20089	0.01168
33	0.19376	0.01163	0.01297	0.01220	0.01456	0.01352	0.00931	0.02039	0.12326	0.02388	0.02034	0.02899	0.01864	0.15896	0.25860	0.00701	0.05123	0.00788	0.00500	0.00786
34	0.00974	0.00687	0.00891	0.01043	0.01081	0.00649	0.00680	0.01087	0.01428	0.01904	0.03984	0.61628	0.04763	0.13543	0.01457	0.00384	0.00498	0.02034	0.00680	0.00604
35	0.01108	0.00744	0.00851	0.00870	0.00875	0.00739	0.00496	0.01123	0.01165	0.01553	0.02634	0.12085	0.03060	0.65410	0.03638	0.00706	0.00720	0.01240	0.00496	0.00487
36	0.01691	0.01609	0.02735	0.37968	0.36490	0.01782	0.02266	0.02179	0.01657	0.02256	0.01418	0.01993	0.01130	0.00733	0.00771	0.00244	0.00978	0.00690	0.00364	0.01044
37	0.05382	0.01285	0.01549	0.01510	0.05257	0.01418	0.01081	0.15557	0.05597	0.02731	0.02682	0.17655	0.06025	0.06856	0.04423	0.07187	0.07658	0.01104	0.04192	0.00851
38	0.01391	0.00807	0.01063	0.01119	0.01286	0.00733	0.00804	0.01577	0.01669	0.13334	0.06453	0.50156	0.09693	0.02101	0.00949	0.00297	0.00490	0.04557	0.00765	0.00756
39	0.69964	0.01740	0.01256	0.01127	0.01598	0.09187	0.00912	0.02369	0.01416	0.03305	0.01093	0.01275	0.00857	0.00728	0.00504	0.00236	0.00687	0.00429	0.00471	0.00846
40	0.02952	0.01197	0.01604	0.01272	0.01755	0.01051	0.01014	0.03218	0.02073	0.53673	0.08824	0.03247	0.02528	0.10508	0.01211	0.00308	0.00645	0.00882	0.00885	0.01154
41	0.02036	0.17920	0.02963	0.07392	0.29062	0.08028	0.01833	0.04875	0.10458	0.02431	0.01566	0.01850	0.01289	0.00789	0.00791	0.00225	0.04310	0.00637	0.00437	0.01108
42	0.01262	0.01056	0.01368	0.07557	0.05448	0.04839	0.01047	0.01489	0.01375	0.01838	0.02377	0.15065	0.02480	0.16921	0.31493	0.00788	0.01349	0.01084	0.00469	0.00697
43	0.01081	0.00792	0.01013	0.00958	0.01148	0.00724	0.00718	0.01431	0.02155	0.03015	0.61944	0.05948	0.12936	0.01620	0.00915	0.00246	0.00368	0.01424	0.00841	0.00724
44	0.01075	0.00777	0.01020	0.01077	0.01172	0.00800	0.00772	0.01245	0.01364	0.01835	0.03364	0.19655	0.08896	0.22794	0.23810	0.00733	0.01075	0.07368	0.00553	0.00616
45	0.07123	0.30251	0.07213	0.01661	0.02206	0.17885	0.01496	0.11755	0.01969	0.02443	0.01235	0.01445	0.01035	0.00816	0.00817	0.00212	0.08495	0.00515	0.00423	0.01005
46	0.01880	0.01443	0.01626	0.01476	0.01856	0.01556	0.01208	0.22250	0.16485	0.03291	0.03673	0.07924	0.11092	0.01510	0.00893	0.00283	0.00684	0.19113	0.00751	0.01006
47	0.12108	0.02075	0.04821	0.01895	0.02472	0.05853	0.11215	0.25105	0.14738	0.06484	0.01932	0.02011	0.01421	0.00886	0.00820	0.00247	0.03412	0.00717	0.00636	0.01151
48	0.01114	0.00769	0.00956	0.00986	0.01143	0.00697	0.00701	0.01333	0.01775	0.05445	0.24034	0.31132	0.18980	0.05929	0.01106	0.00303	0.00439	0.01712	0.00758	0.00689
49	0.07328	0.01882	0.02104	0.01621	0.02228	0.01993	0.01339	0.43574	0.03093	0.23621	0.02172	0.02058	0.01470	0.00927	0.00760	0.00235	0.00782	0.00707	0.00814	0.01292
50	0.01643	0.15768	0.57747	0.02060	0.03124	0.02016	0.02603	0.02433	0.01627	0.02348	0.01338	0.01570	0.00984	0.00724	0.00696	0.00232	0.01092	0.00546	0.00328	0.01120
51	0.02010	0.01132	0.01582	0.01387	0.01714	0.01099	0.04643	0.08026	0.01884	0.22545	0.03058	0.21738	0.02895	0.07728	0.10923	0.00451	0.00871	0.04669	0.00716	0.00929
52	0.00962	0.00760	0.00867	0.00898	0.01090	0.00665	0.00651	0.01179	0.01789	0.02283	0.19717	0.22956	0.39440	0.01997	0.00934	0.00271	0.00401	0.01725	0.00748	0.00665
53	0.02981	0.01432	0.01765	0.01387	0.01922	0.01383	0.01134	0.17067	0.04704	0.42157	0.05772	0.02651	0.02063	0.00980	0.00760	0.00233	0.00656	0.00788	0.08937	0.01226
54	0.00985	0.00713	0.00931	0.01034	0.01129	0.00659	0.00716	0.01187	0.01696	0.02296	0.21826	0.50310	0.09299	0.02171	0.00965	0.00292	0.00424	0.01952	0.00756	0.00659
55	0.01553	0.06461	0.05476	0.01485	0.01714	0.12458	0.01188	0.01903	0.06238	0.02057	0.02841	0.36690	0.03147	0.01694	0.01105	0.00282	0.10941	0.01396	0.00569	0.00802
56	0.01559	0.03558	0.56025	0.02294	0.03328	0.01758	0.11400	0.02383	0.01655	0.02433	0.01577	0.05641	0.01241	0.00820	0.00776	0.00252	0.01129	0.00712	0.00358	0.01103
57	0.02889	0.01634	0.01917	0.01539	0.02096	0.01687	0.01249	0.19176	0.21564	0.33393	0.02790	0.02521	0.01902	0.00980	0.00781	0.00245	0.00694	0.00788	0.00864	0.01292
58	0.01825	0.02225	0.14453	0.07033	0.45256	0.01846	0.11223	0.02389	0.01743	0.02489	0.01459	0.01902	0.01171	0.00697	0.00783	0.00238	0.01018	0.00702	0.00374	0.01173
59	0.01688	0.04414	0.10739	0.25776	0.13071	0.06759	0.06182	0.04740	0.01761	0.02315	0.05294	0.05494	0.01679	0.01210	0.05329	0.00311	0.01066	0.00788	0.00424	0.00960
60	0.01555	0.04011	0.68733	0.02210	0.03356	0.01801	0.02865	0.02455	0.01637	0.02455	0.01391	0.01637	0.00982	0.00737	0.00737	0.00246	0.01146	0.00573	0.00327	0.01146
61	0.01118	0.00750	0.00856	0.00862	0.00871	0.00745	0.00492	0.01140	0.01189	0.01593	0.05281	0.08092	0.03112	0.66609	0.03687	0.00711	0.00722	0.01187	0.00497	0.00488
62	0.01321	0.00992	0.01305	0.07456	0.05459	0.00968	0.01025	0.04625	0.01931	0.05451	0.19707	0.13047	0.23017	0.01674	0.00909	0.00270	0.00553	0.08790	0.00712	0.00790
63	0.09029	0.10549	0.02287	0.17303	0.02766	0.08546	0.04490	0.12652	0.01931	0.06253	0.01673	0.04227	0.01425	0.07372	0.03618	0.00319	0.03406	0.00718	0.00494	0.00942
64	0.05987	0.01499	0.02323	0.36649	0.18488	0.01760	0.01938	0.02230	0.07300	0.02284	0.01560	0.02103	0.01245	0.01155	0.05512	0.00323	0.05577	0.00700	0.00405	0.00963
65	0.01073	0.00776	0.01045	0.01077	0.01168	0.00822	0.00763	0.01251	0.01327	0.01831	0.05926	0.17230	0.05758	0.22409	0.33054	0.00848	0.01264	0.01234	0.00522	0.00622
66	0.06621	0.01649	0.05894	0.20416	0.12234	0.06984	0.05179	0.02074	0.01617	0.05317	0.01954	0.11903	0.01798	0.01731	0.10874	0.00400	0.01094	0.00899	0.00457	0.00906
67	0.02270	0.02250	0.13554	0.06262	0.15631	0.09812	0.04795	0.09017	0.04123	0.15178	0.01963	0.05017	0.01520	0.01100	0.03792	0.00283	0.01005	0.00752	0.00552	0.01123
68	0.05468	0.01921	0.05628	0.02664	0.22434	0.06606	0.04503	0.09159	0.04318	0.15801	0.01967	0.06020	0.01573	0.00952	0.00935	0.00249	0.07315	0.00781	0.00571	0.01135

[dist]
# distance from previous block
# <min> <max>
0	85

[block]
# block no. 3 follows, 25 sequences, length 49
# corresponding to MSA columns:
# 567-615
name=unknown_D
#
# <colnr> <probs for GDERKNQSTAVLIFYWHMCP>
#	G	D	E	R	K	N	Q	S	T	A	V	L	I	F	Y	W	H	M	C	P
0	0.21235	0.01827	0.07448	0.06021	0.04383	0.05347	0.03596	0.13516	0.01985	0.03097	0.07368	0.04701	0.04710	0.03226	0.00804	0.00246	0.00769	0.00754	0.00549	0.08415
1	0.08870	0.06682	0.01793	0.04413	0.01966	0.19829	0.01155	0.07437	0.01911	0.02464	0.06246	0.08865	0.04285	0.03648	0.04627	0.00292	0.00923	0.03203	0.00524	0.10868
2	0.01013	0.00708	0.00944	0.01103	0.01160	0.00674	0.00766	0.01147	0.01477	0.01961	0.03998	0.56299	0.04719	0.07830	0.01307	0.03340	0.00515	0.09736	0.00685	0.00617
3	0.01608	0.01378	0.01608	0.01148	0.01837	0.01034	0.00919	0.01952	0.01608	0.02527	0.01378	0.01608	0.01148	0.00574	0.00574	0.00115	0.00574	0.00459	0.00459	0.77491
4	0.01001	0.00764	0.00926	0.00984	0.01153	0.00689	0.00728	0.01234	0.01783	0.02320	0.20402	0.27117	0.27955	0.02036	0.00954	0.00283	0.00436	0.07815	0.00751	0.00671
5	0.00923	0.00758	0.00814	0.00859	0.01066	0.00648	0.00622	0.01105	0.01697	0.02066	0.06965	0.23547	0.52088	0.02079	0.00935	0.00275	0.00407	0.01777	0.00720	0.00648
6	0.02024	0.01331	0.01458	0.01261	0.01658	0.01403	0.00994	0.12012	0.22730	0.12481	0.05764	0.03417	0.10899	0.01128	0.00752	0.00236	0.00560	0.00922	0.17924	0.01047
7	0.02951	0.02165	0.02242	0.01749	0.02345	0.06597	0.01432	0.52614	0.06186	0.10819	0.01993	0.01953	0.01403	0.00930	0.00772	0.00233	0.00859	0.00701	0.00770	0.01288
8	0.01552	0.01457	0.01987	0.01734	0.01734	0.01963	0.01385	0.01679	0.01172	0.01774	0.01379	0.02552	0.01474	0.19452	0.02900	0.00444	0.53442	0.00792	0.00372	0.00752
9	0.01445	0.00723	0.00723	0.00723	0.00903	0.00723	0.00542	0.01807	0.01626	0.02891	0.02529	0.02891	0.01987	0.00903	0.00542	0.00181	0.00361	0.00723	0.77055	0.00723
10	0.01822	0.01513	0.01720	0.01274	0.01932	0.01301	0.01022	0.10959	0.07426	0.02916	0.01597	0.01753	0.01276	0.00665	0.00621	0.00144	0.00616	0.00528	0.00532	0.60385
11	0.78228	0.01499	0.01140	0.01020	0.01499	0.01739	0.00840	0.02279	0.01320	0.03479	0.01080	0.01260	0.00840	0.00720	0.00480	0.00240	0.00600	0.00420	0.00480	0.00840
12	0.01515	0.00984	0.01220	0.01153	0.01294	0.01029	0.00815	0.10352	0.07043	0.02219	0.05798	0.13703	0.02539	0.11634	0.02217	0.33624	0.00653	0.01032	0.00542	0.00634
13	0.01463	0.01037	0.01216	0.01118	0.01414	0.01024	0.00864	0.02193	0.16482	0.08810	0.31704	0.05331	0.19281	0.01513	0.00880	0.00255	0.00465	0.03256	0.00814	0.00878
14	0.01259	0.00857	0.00931	0.00955	0.01153	0.00853	0.00698	0.01781	0.10807	0.02514	0.04287	0.22753	0.17622	0.01577	0.00783	0.00247	0.00428	0.01352	0.28390	0.00754
15	0.01108	0.00831	0.01246	0.01246	0.01385	0.00969	0.00969	0.01385	0.01246	0.01800	0.02077	0.03046	0.01938	0.05815	0.69678	0.01246	0.02077	0.00831	0.00415	0.00692
16	0.20205	0.01445	0.01704	0.01339	0.01914	0.01400	0.01105	0.09550	0.02159	0.47559	0.02496	0.02252	0.01617	0.00903	0.00712	0.00239	0.00666	0.00691	0.00834	0.01212
17	0.01555	0.04011	0.68733	0.02210	0.03356	0.01801	0.02865	0.02455	0.01637	0.02455	0.01391	0.01637	0.00982	0.00737	0.00737	0.00246	0.01146	0.00573	0.00327	0.01146
18	0.01919	0.01842	0.03147	0.04759	0.67914	0.01842	0.02380	0.02380	0.01765	0.02533	0.01458	0.01919	0.01228	0.00691	0.00768	0.00230	0.00921	0.00691	0.00384	0.01228
19	0.02520	0.02285	0.02165	0.02003	0.07832	0.17582	0.01478	0.30222	0.12065	0.03527	0.04548	0.02505	0.01824	0.01001	0.00784	0.00238	0.00922	0.04704	0.00657	0.01139
20	0.00970	0.00685	0.00892	0.01047	0.01086	0.00647	0.00685	0.01086	0.01435	0.01913	0.04019	0.62894	0.04807	0.12218	0.01401	0.00376	0.00492	0.02054	0.00685	0.00608
21	0.02148	0.55128	0.06499	0.01477	0.02081	0.07283	0.01429	0.02418	0.01620	0.05512	0.01203	0.01389	0.01047	0.00755	0.00722	0.00191	0.07255	0.00471	0.00371	0.01000
22	0.02122	0.08248	0.17112	0.01778	0.02480	0.03961	0.08469	0.08692	0.01973	0.14590	0.02034	0.05592	0.01652	0.00927	0.00753	0.00226	0.00877	0.04709	0.00560	0.13245
23	0.02401	0.07653	0.10072	0.04034	0.02411	0.10788	0.01558	0.25428	0.05474	0.07854	0.02045	0.02126	0.04921	0.00942	0.00854	0.00231	0.05446	0.00690	0.00595	0.04475
24	0.01085	0.00864	0.01272	0.01219	0.01408	0.00809	0.06159	0.01359	0.01762	0.02378	0.23244	0.30454	0.13720	0.02171	0.05385	0.00344	0.00606	0.04345	0.00712	0.00706
25	0.01006	0.00767	0.00931	0.01018	0.01155	0.00715	0.00714	0.01290	0.04953	0.02212	0.12903	0.44307	0.20900	0.02139	0.00952	0.00290	0.00434	0.01896	0.00740	0.00679
26	0.02288	0.12246	0.02214	0.01507	0.02075	0.19186	0.01226	0.16164	0.02201	0.02803	0.01459	0.01629	0.01172	0.00740	0.00638	0.00173	0.00871	0.00530	0.04693	0.26186
27	0.01660	0.01203	0.01526	0.08990	0.04757	0.04623	0.01143	0.05314	0.01672	0.10409	0.02730	0.22531	0.02784	0.11371	0.09798	0.00459	0.04182	0.03434	0.00593	0.00819
28	0.01004	0.00743	0.00839	0.00887	0.00992	0.00685	0.00579	0.01110	0.01449	0.01840	0.04844	0.23888	0.26318	0.28934	0.02085	0.00462	0.00544	0.01595	0.00625	0.00578
29	0.02947	0.02172	0.02327	0.01784	0.02404	0.02404	0.01474	0.65329	0.03646	0.04887	0.01862	0.01862	0.01319	0.00931	0.00776	0.00233	0.00853	0.00698	0.00776	0.01319
30	0.01794	0.01703	0.05577	0.34288	0.29750	0.01746	0.04984	0.02297	0.01695	0.06530	0.01527	0.02028	0.01172	0.00747	0.00777	0.00246	0.00982	0.00701	0.00401	0.01056
31	0.01066	0.00776	0.01003	0.00980	0.01148	0.00713	0.00722	0.01390	0.02072	0.02895	0.55360	0.15212	0.10313	0.01724	0.00925	0.00255	0.00379	0.01528	0.00827	0.00713
32	0.01924	0.01486	0.02288	0.39823	0.13006	0.01626	0.01864	0.06374	0.01816	0.11716	0.01658	0.02064	0.01217	0.00778	0.00753	0.00235	0.00904	0.00678	0.00477	0.09314
33	0.02947	0.02172	0.02327	0.01784	0.02404	0.02404	0.01474	0.65329	0.03646	0.04887	0.01862	0.01862	0.01319	0.00931	0.00776	0.00233	0.00853	0.00698	0.00776	0.01319
34	0.05375	0.02040	0.02149	0.01665	0.02269	0.05790	0.01365	0.45540	0.03128	0.15770	0.01985	0.01940	0.01382	0.00902	0.00752	0.00226	0.00826	0.00680	0.00761	0.05455
35	0.01830	0.02092	0.04575	0.03268	0.04052	0.01961	0.65098	0.02484	0.01830	0.02484	0.01569	0.02092	0.01176	0.00654	0.00915	0.00261	0.01307	0.00915	0.00392	0.01046
36	0.01700	0.13975	0.07193	0.02371	0.02974	0.01955	0.33982	0.02182	0.01717	0.02306	0.06178	0.06885	0.04638	0.00955	0.00987	0.00254	0.07412	0.00936	0.00439	0.00961
37	0.00929	0.00762	0.00819	0.00856	0.01068	0.00652	0.00622	0.01117	0.01720	0.02104	0.09112	0.21546	0.51903	0.02052	0.00932	0.00273	0.00404	0.01752	0.00725	0.00652
38	0.01830	0.02092	0.04575	0.03268	0.04052	0.01961	0.65098	0.02484	0.01830	0.02484	0.01569	0.02092	0.01176	0.00654	0.00915	0.00261	0.01307	0.00915	0.00392	0.01046
39	0.78228	0.01499	0.01140	0.01020	0.01499	0.01739	0.00840	0.02279	0.01320	0.03479	0.01080	0.01260	0.00840	0.00720	0.00480	0.00240	0.00600	0.00420	0.00480	0.00840
40	0.01329	0.00822	0.01011	0.01003	0.01212	0.00732	0.00727	0.01534	0.01766	0.11577	0.14969	0.28563	0.23928	0.05823	0.01089	0.00301	0.00466	0.01645	0.00761	0.00742
41	0.00948	0.00707	0.00883	0.01007	0.01109	0.00642	0.00691	0.01112	0.01594	0.02078	0.09156	0.53417	0.19292	0.02270	0.00968	0.00298	0.00432	0.02025	0.00728	0.00642
42	0.01057	0.00764	0.00915	0.00917	0.01098	0.00693	0.00672	0.01338	0.01903	0.02623	0.34293	0.17210	0.22681	0.01763	0.00891	0.00255	0.00387	0.01534	0.08315	0.00693
43	0.01919	0.01842	0.03147	0.04759	0.67914	0.01842	0.02380	0.02380	0.01765	0.02533	0.01458	0.01919	0.01228	0.00691	0.00768	0.00230	0.00921	0.00691	0.00384	0.01228
44	0.13676	0.01368	0.01401	0.01264	0.01642	0.03586	0.00983	0.07712	0.17513	0.10701	0.03675	0.13096	0.14875	0.01512	0.03281	0.00295	0.00650	0.01098	0.00711	0.00962
45	0.01203	0.00744	0.00995	0.01104	0.01211	0.00685	0.00762	0.01365	0.01593	0.08596	0.07372	0.61993	0.04923	0.02241	0.00965	0.00304	0.00466	0.02023	0.00750	0.00703
46	0.08716	0.01316	0.01580	0.01436	0.01680	0.01517	0.01123	0.06399	0.12610	0.09737	0.02700	0.23131	0.02618	0.01478	0.01203	0.00286	0.16447	0.01159	0.03942	0.00922
47	0.01451	0.01167	0.01610	0.17717	0.02364	0.01366	0.01271	0.07336	0.01675	0.02328	0.05282	0.21546	0.05446	0.01535	0.01245	0.04206	0.12877	0.01173	0.07621	0.00784
48	0.01652	0.02262	0.21457	0.02226	0.08735	0.01674	0.12501	0.02667	0.19229	0.02537	0.02187	0.06112	0.01858	0.10027	0.01204	0.00319	0.00922	0.00878	0.00507	0.01047

[dist]
# distance from previous block
# <min> <max>
21	166

[block]
# block no. 4 follows, 25 sequences, length 33
# corresponding to MSA columns:
# 855-880,889-895
name=unknown_E
#
# <colnr> <probs for GDERKNQSTAVLIFYWHMCP>
#	G	D	E	R	K	N	Q	S	T	A	V	L	I	F	Y	W	H	M	C	P
0	0.04852	0.12721	0.05620	0.09888	0.05205	0.08329	0.08002	0.05426	0.05014	0.10200	0.08523	0.02881	0.04452	0.00987	0.00765	0.00238	0.00871	0.04475	0.00558	0.00995
1	0.13456	0.04568	0.02042	0.11589	0.05136	0.11428	0.06844	0.04223	0.03790	0.02327	0.01796	0.07521	0.01692	0.04655	0.01208	0.07692	0.04258	0.04479	0.00462	0.00832
2	0.04758	0.12393	0.06192	0.09781	0.05486	0.05316	0.01439	0.04047	0.06720	0.11426	0.01838	0.02391	0.01539	0.10685	0.04577	0.00357	0.08878	0.00713	0.00502	0.00960
3	0.01747	0.12845	0.12058	0.10493	0.08802	0.06240	0.01616	0.02405	0.10318	0.04927	0.07539	0.06293	0.07012	0.01075	0.00767	0.00241	0.00822	0.03284	0.00530	0.00985
4	0.07792	0.07858	0.11046	0.01502	0.02006	0.12109	0.03595	0.02271	0.04797	0.05032	0.04993	0.02754	0.01891	0.11792	0.03732	0.00332	0.00915	0.03608	0.00488	0.11488
5	0.01569	0.01106	0.01239	0.01158	0.01436	0.04226	0.00873	0.04839	0.05019	0.09994	0.13622	0.20578	0.16003	0.01714	0.01005	0.04881	0.00555	0.03741	0.00718	0.05724
6	0.05088	0.02462	0.14792	0.02421	0.14690	0.10445	0.04795	0.09967	0.21683	0.02950	0.01964	0.02073	0.01492	0.00849	0.00756	0.00241	0.00928	0.00702	0.00546	0.01157
7	0.01658	0.01688	0.04364	0.01559	0.02048	0.11011	0.10600	0.02012	0.01816	0.04714	0.08188	0.03662	0.16340	0.01397	0.04916	0.00278	0.00867	0.03345	0.00549	0.18988
8	0.05958	0.08066	0.07428	0.02373	0.17768	0.02001	0.01675	0.16464	0.08287	0.02950	0.01702	0.02023	0.01379	0.01551	0.10427	0.00380	0.07285	0.00682	0.00507	0.01094
9	0.01969	0.36407	0.13825	0.02011	0.11758	0.06426	0.01696	0.02510	0.06740	0.02199	0.01377	0.01571	0.01146	0.00711	0.00616	0.00194	0.00891	0.00525	0.00388	0.07040
10	0.00957	0.00782	0.00845	0.00841	0.01075	0.00670	0.00626	0.01187	0.01846	0.02308	0.20575	0.10180	0.51603	0.01904	0.00919	0.00260	0.00390	0.01613	0.00749	0.00670
11	0.01421	0.01314	0.01292	0.01267	0.01416	0.13227	0.00923	0.01614	0.01445	0.01815	0.04704	0.08595	0.02421	0.19651	0.34488	0.00836	0.01464	0.00965	0.00465	0.00676
12	0.01696	0.01696	0.02375	0.02036	0.02036	0.02375	0.01696	0.01866	0.01187	0.01866	0.01018	0.01696	0.01018	0.01357	0.02545	0.00339	0.71332	0.00679	0.00339	0.00848
13	0.01200	0.00853	0.01056	0.00986	0.01212	0.00791	0.00746	0.01619	0.05142	0.05556	0.51307	0.05826	0.17570	0.01602	0.00904	0.00248	0.00394	0.01394	0.00831	0.00765
14	0.02032	0.01252	0.01437	0.01247	0.01603	0.01338	0.00989	0.14626	0.12182	0.12237	0.02491	0.02685	0.01899	0.01823	0.13085	0.00403	0.00846	0.00769	0.26062	0.00994
15	0.01109	0.00896	0.01003	0.01013	0.01235	0.00859	0.00744	0.01627	0.11887	0.02395	0.15016	0.23203	0.32374	0.01885	0.00915	0.00273	0.00438	0.01629	0.00750	0.00749
16	0.01771	0.01058	0.03596	0.01314	0.01613	0.00918	0.01105	0.02093	0.01900	0.19828	0.12937	0.17879	0.04205	0.01753	0.00945	0.00298	0.00617	0.24507	0.00787	0.00876
17	0.01518	0.01280	0.01543	0.01166	0.01756	0.01022	0.00928	0.01850	0.01543	0.02396	0.01504	0.01866	0.01290	0.01516	0.12995	0.00318	0.00844	0.00526	0.00451	0.63687
18	0.01445	0.00723	0.00723	0.00723	0.00903	0.00723	0.00542	0.01807	0.01626	0.02891	0.02529	0.02891	0.01987	0.00903	0.00542	0.00181	0.00361	0.00723	0.77055	0.00723
19	0.01198	0.00918	0.01237	0.01190	0.01252	0.01074	0.00864	0.01345	0.01189	0.01687	0.02081	0.03697	0.02175	0.32863	0.33189	0.00916	0.11144	0.00932	0.00427	0.00622
20	0.02073	0.73217	0.04063	0.01327	0.01990	0.03068	0.01327	0.02322	0.01575	0.01824	0.01078	0.01244	0.00995	0.00663	0.00498	0.00166	0.00829	0.00415	0.00332	0.00995
21	0.01919	0.01842	0.03147	0.04759	0.67914	0.01842	0.02380	0.02380	0.01765	0.02533	0.01458	0.01919	0.01228	0.00691	0.00768	0.00230	0.00921	0.00691	0.00384	0.01228
22	0.01892	0.01814	0.03098	0.08720	0.64166	0.01835	0.02366	0.02356	0.01753	0.02500	0.01454	0.01928	0.01217	0.00696	0.00768	0.00232	0.00928	0.00691	0.00381	0.01206
23	0.00980	0.00709	0.00888	0.01001	0.01077	0.00658	0.00668	0.01121	0.01524	0.02013	0.09411	0.49220	0.12780	0.12476	0.01402	0.00366	0.00480	0.01915	0.00694	0.00618
24	0.01555	0.04011	0.68733	0.02210	0.03356	0.01801	0.02865	0.02455	0.01637	0.02455	0.01391	0.01637	0.00982	0.00737	0.00737	0.00246	0.01146	0.00573	0.00327	0.01146
25	0.03091	0.01632	0.01955	0.01533	0.02115	0.01643	0.01255	0.22758	0.11957	0.39470	0.02705	0.02437	0.01799	0.00964	0.00780	0.00241	0.00713	0.00769	0.00878	0.01306
26	0.02119	0.01273	0.01752	0.01470	0.01852	0.01280	0.05800	0.02659	0.10839	0.25584	0.06671	0.13004	0.12031	0.01370	0.01032	0.00269	0.08078	0.01143	0.00756	0.01017
27	0.01500	0.01414	0.02390	0.65706	0.10243	0.01732	0.02171	0.02012	0.01567	0.02024	0.01384	0.02056	0.01049	0.00769	0.00775	0.00256	0.01025	0.00689	0.00348	0.00890
28	0.02300	0.01846	0.02029	0.01781	0.08015	0.06692	0.01302	0.20914	0.08541	0.08403	0.01815	0.01898	0.01372	0.00781	0.00696	0.00190	0.00758	0.00618	0.00611	0.29437
29	0.01971	0.05626	0.25255	0.02174	0.02918	0.11531	0.15622	0.11373	0.02028	0.02666	0.04086	0.02061	0.01427	0.03435	0.04157	0.00302	0.01163	0.00711	0.00445	0.01047
30	0.01378	0.01123	0.01157	0.01137	0.01280	0.06312	0.00785	0.06434	0.04260	0.02065	0.03150	0.21234	0.07832	0.28462	0.09424	0.00555	0.00845	0.01310	0.00577	0.00679
31	0.07921	0.07614	0.11754	0.09746	0.02900	0.01872	0.13385	0.15653	0.02084	0.03009	0.04617	0.01993	0.01436	0.00787	0.00727	0.00224	0.00906	0.00683	0.03098	0.09592
32	0.01580	0.01411	0.02071	0.01916	0.07105	0.01542	0.10039	0.07403	0.08873	0.02535	0.07927	0.16191	0.08435	0.04881	0.01341	0.00304	0.13771	0.01186	0.00589	0.00901

[dist]
# distance from previous block
# <min> <max>
0	100

[block]
# block no. 5 follows, 25 sequences, length 27
# corresponding to MSA columns:
# 996-1022
name=unknown_F
#
# <colnr> <probs for GDERKNQSTAVLIFYWHMCP>
#	G	D	E	R	K	N	Q	S	T	A	V	L	I	F	Y	W	H	M	C	P
0	0.13136	0.08013	0.10796	0.01926	0.05522	0.05272	0.07033	0.21493	0.10488	0.06333	0.01770	0.01864	0.01310	0.00830	0.00716	0.00235	0.00881	0.00655	0.00582	0.01144
1	0.13472	0.08871	0.02766	0.01970	0.02534	0.07185	0.20335	0.09938	0.11247	0.04903	0.04856	0.02227	0.01657	0.03654	0.00874	0.00259	0.00924	0.00757	0.00543	0.01027
2	0.10410	0.01922	0.10878	0.01762	0.07443	0.04776	0.01437	0.12780	0.02027	0.11224	0.05672	0.05291	0.05678	0.03861	0.00982	0.00258	0.05307	0.00801	0.00590	0.06900
3	0.15937	0.11127	0.02364	0.04903	0.11141	0.16171	0.03923	0.11421	0.02008	0.05356	0.01648	0.07600	0.01441	0.00910	0.00694	0.00228	0.00912	0.00709	0.00504	0.01003
4	0.23286	0.08853	0.13621	0.07672	0.02574	0.07294	0.04600	0.12184	0.01861	0.02926	0.01307	0.01576	0.01014	0.00816	0.00823	0.00241	0.07336	0.00565	0.00452	0.00998
5	0.10115	0.17726	0.02569	0.01913	0.08491	0.10253	0.04527	0.07590	0.21208	0.05372	0.01908	0.01963	0.01480	0.00835	0.00685	0.00225	0.00837	0.00650	0.00557	0.01098
6	0.01267	0.01308	0.10368	0.01158	0.01450	0.01004	0.00994	0.01729	0.08510	0.02319	0.18258	0.04468	0.11678	0.18727	0.04059	0.06914	0.00679	0.01092	0.03286	0.00734
7	0.01859	0.01629	0.02168	0.01955	0.09643	0.04673	0.07307	0.08417	0.01830	0.05051	0.01702	0.06025	0.01483	0.01238	0.06200	0.00281	0.06965	0.00717	0.00494	0.30362
8	0.01566	0.16235	0.21139	0.01446	0.02005	0.01604	0.01486	0.06790	0.01748	0.02438	0.02578	0.19618	0.05719	0.01246	0.00738	0.00238	0.00742	0.01033	0.10713	0.00918
9	0.01087	0.00792	0.01022	0.00964	0.01152	0.00727	0.00723	0.01443	0.02170	0.03049	0.63990	0.05890	0.10869	0.01607	0.00915	0.00245	0.00367	0.01416	0.00846	0.00727
10	0.02073	0.73217	0.04063	0.01327	0.01990	0.03068	0.01327	0.02322	0.01575	0.01824	0.01078	0.01244	0.00995	0.00663	0.00498	0.00166	0.00829	0.00415	0.00332	0.00995
11	0.01850	0.22945	0.02177	0.01263	0.01697	0.01771	0.01061	0.10004	0.08665	0.08181	0.03473	0.16421	0.14807	0.01350	0.00761	0.00238	0.00639	0.01107	0.00637	0.00952
12	0.01072	0.00792	0.01002	0.00949	0.01143	0.00721	0.00712	0.01415	0.02136	0.02969	0.59276	0.06022	0.15632	0.01637	0.00915	0.00246	0.00370	0.01435	0.00835	0.00721
13	0.00942	0.00686	0.00888	0.01050	0.01117	0.00632	0.00707	0.01083	0.01513	0.01991	0.04632	0.65754	0.11387	0.02383	0.00982	0.00310	0.00444	0.02147	0.00720	0.00632
14	0.02919	0.01666	0.01947	0.01553	0.02117	0.01725	0.01263	0.22452	0.19213	0.32459	0.02722	0.02470	0.01853	0.00975	0.00781	0.00244	0.00706	0.00780	0.00860	0.01295
15	0.01929	0.01666	0.01753	0.01578	0.02016	0.01929	0.01227	0.04120	0.66513	0.03243	0.03156	0.02893	0.02367	0.01052	0.00789	0.00263	0.00614	0.00877	0.00789	0.01227
