[name]
unknown

[dist]
# distance from previous block
# <min> <max>
0	126

[block]
# block no. 0 follows, 27 sequences, length 24
# corresponding to MSA columns:
# 126-149
name=unknown_A
#
# <colnr> <probs for GDERKNQSTAVLIFYWHMCP>
#	G	D	E	R	K	N	Q	S	T	A	V	L	I	F	Y	W	H	M	C	P
0	0.12949	0.00895	0.01060	0.05295	0.01475	0.00897	0.00858	0.01510	0.01537	0.06946	0.04000	0.32714	0.15681	0.01767	0.00844	0.00278	0.00522	0.09416	0.00648	0.00708
1	0.01838	0.06390	0.01995	0.12937	0.02394	0.01398	0.07102	0.08190	0.01824	0.14871	0.02738	0.16726	0.06313	0.01250	0.00859	0.00251	0.03380	0.05162	0.00601	0.03779
2	0.02292	0.01782	0.02213	0.08377	0.10456	0.05892	0.05379	0.24564	0.10156	0.11003	0.04189	0.02545	0.01765	0.00939	0.00770	0.00237	0.00825	0.04871	0.00638	0.01107
3	0.01678	0.01508	0.05580	0.01463	0.03829	0.05535	0.01131	0.20459	0.04574	0.02828	0.05341	0.34250	0.05600	0.01571	0.00838	0.00259	0.00653	0.01359	0.00660	0.00883
4	0.14027	0.01939	0.01876	0.01469	0.02038	0.08578	0.01192	0.34946	0.02542	0.03644	0.01494	0.01593	0.01124	0.00765	0.00646	0.00193	0.00766	0.00554	0.00591	0.20026
5	0.10760	0.01839	0.12143	0.04677	0.08715	0.01593	0.03737	0.14747	0.08839	0.06086	0.02116	0.14010	0.01881	0.01044	0.00736	0.00239	0.00749	0.00882	0.00566	0.04642
6	0.11491	0.23358	0.09583	0.01375	0.01938	0.08807	0.01280	0.09105	0.01876	0.05765	0.11509	0.02056	0.01932	0.00830	0.00625	0.00197	0.00764	0.00613	0.00499	0.06397
7	0.04174	0.01500	0.08187	0.01650	0.09440	0.04455	0.01223	0.02200	0.09620	0.10599	0.11909	0.02607	0.02247	0.01335	0.01262	0.19312	0.00687	0.00749	0.00543	0.06303
8	0.01709	0.06248	0.06937	0.01868	0.02457	0.04427	0.19243	0.02689	0.22562	0.02518	0.02431	0.02523	0.07453	0.00857	0.00744	0.00220	0.00822	0.00792	0.00526	0.12974
9	0.01595	0.01572	0.02830	0.02850	0.23412	0.01505	0.22567	0.02027	0.01670	0.02367	0.07022	0.10173	0.02020	0.00916	0.00861	0.00230	0.03827	0.00918	0.00449	0.11189
10	0.01784	0.04976	0.13892	0.13671	0.29661	0.01666	0.01984	0.02412	0.07073	0.07862	0.06358	0.02179	0.01650	0.00789	0.00733	0.00229	0.00850	0.00700	0.00458	0.01073
11	0.00956	0.00740	0.00910	0.00961	0.01125	0.00693	0.00716	0.01170	0.01589	0.02054	0.12171	0.23538	0.30186	0.02551	0.11978	0.00418	0.00665	0.06283	0.00657	0.00639
12	0.01621	0.01740	0.03480	0.14454	0.05658	0.01793	0.41464	0.02130	0.01609	0.02195	0.01588	0.06969	0.01353	0.00846	0.01039	0.00261	0.09596	0.00893	0.00384	0.00927
13	0.05502	0.08107	0.02521	0.04954	0.02510	0.26173	0.11436	0.17246	0.02178	0.02625	0.01511	0.05886	0.01285	0.00874	0.00788	0.00221	0.04058	0.00687	0.00476	0.00961
14	0.01472	0.02382	0.29780	0.13092	0.13081	0.01563	0.05939	0.02180	0.06269	0.02292	0.02446	0.02663	0.11835	0.00906	0.00756	0.00239	0.00908	0.00784	0.00418	0.00992
15	0.00921	0.00757	0.00792	0.00806	0.01027	0.00653	0.00604	0.01104	0.01638	0.01971	0.06771	0.07035	0.57907	0.08386	0.01151	0.00300	0.00431	0.06463	0.00667	0.00615
16	0.01861	0.01356	0.01764	0.01539	0.01938	0.01431	0.07004	0.03044	0.33188	0.13130	0.08249	0.06649	0.02903	0.01222	0.00826	0.00263	0.00645	0.11218	0.00737	0.01033
17	0.02029	0.05303	0.24058	0.02150	0.02913	0.06115	0.17195	0.19481	0.08129	0.02983	0.01621	0.01808	0.01190	0.00764	0.00749	0.00232	0.01017	0.00674	0.00485	0.01106
18	0.01731	0.02031	0.13267	0.12355	0.51319	0.01744	0.02324	0.02243	0.01646	0.02350	0.01377	0.01813	0.01117	0.00678	0.00731	0.00226	0.00928	0.00644	0.00355	0.01121
19	0.00904	0.00646	0.00861	0.01034	0.01077	0.00603	0.00689	0.01034	0.01421	0.01895	0.04092	0.73426	0.04910	0.02326	0.00948	0.00301	0.00431	0.02110	0.00689	0.00603
20	0.07396	0.01814	0.08649	0.29229	0.10824	0.01812	0.14503	0.07197	0.01681	0.02404	0.01354	0.01833	0.01038	0.00757	0.00871	0.00247	0.06382	0.00673	0.00383	0.00953
21	0.01700	0.05020	0.23866	0.01486	0.02052	0.01291	0.01522	0.06626	0.01838	0.13407	0.10787	0.16889	0.04920	0.01270	0.00794	0.00249	0.00724	0.04004	0.00607	0.00949
22	0.01318	0.00926	0.00999	0.00942	0.01189	0.00903	0.00713	0.11392	0.01923	0.02655	0.09161	0.15605	0.27671	0.01524	0.00780	0.00234	0.00444	0.01285	0.19594	0.00742
23	0.01006	0.00744	0.00929	0.00996	0.01116	0.00724	0.00727	0.01178	0.01427	0.01852	0.04209	0.21338	0.19514	0.17769	0.12347	0.00521	0.00760	0.11649	0.00593	0.00599

[dist]
# distance from previous block
# <min> <max>
2	31

[block]
# block no. 1 follows, 27 sequences, length 17
# corresponding to MSA columns:
# 181-197
name=unknown_B
#
# <colnr> <probs for GDERKNQSTAVLIFYWHMCP>
#	G	D	E	R	K	N	Q	S	T	A	V	L	I	F	Y	W	H	M	C	P
0	0.06553	0.27102	0.25424	0.01532	0.02232	0.01948	0.01669	0.02288	0.01536	0.09660	0.01486	0.01722	0.01171	0.01418	0.10936	0.00349	0.01040	0.00546	0.00404	0.00985
1	0.01867	0.31659	0.17771	0.01595	0.02233	0.02045	0.05544	0.02284	0.01643	0.09657	0.06011	0.02383	0.01735	0.00891	0.00750	0.00218	0.04342	0.05946	0.00451	0.00976
2	0.02181	0.01016	0.01373	0.01173	0.01542	0.00909	0.00948	0.02500	0.02068	0.35537	0.29212	0.04395	0.04167	0.01286	0.00830	0.00244	0.00526	0.08268	0.00852	0.00974
3	0.01996	0.15285	0.02875	0.16826	0.14557	0.04361	0.09288	0.15445	0.07419	0.02677	0.01528	0.01815	0.01190	0.00747	0.00706	0.00220	0.00909	0.00647	0.00460	0.01049
4	0.01457	0.01251	0.01396	0.09264	0.06771	0.06912	0.01051	0.01937	0.09081	0.06689	0.13483	0.04685	0.30409	0.01361	0.00812	0.00239	0.00599	0.01143	0.00639	0.00821
5	0.01283	0.00814	0.01052	0.01075	0.01240	0.00774	0.00773	0.01632	0.06571	0.09864	0.20696	0.42677	0.04915	0.01862	0.00892	0.00272	0.00444	0.01665	0.00753	0.00744
6	0.02787	0.01631	0.01752	0.01450	0.01952	0.09343	0.01158	0.03649	0.23390	0.40449	0.02754	0.02469	0.01875	0.00930	0.00741	0.00232	0.00698	0.00746	0.00805	0.01189
7	0.01712	0.31033	0.38617	0.01737	0.02597	0.02206	0.02039	0.02435	0.07126	0.02180	0.01358	0.01522	0.01057	0.00703	0.00621	0.00207	0.00937	0.00514	0.00352	0.01048
8	0.01315	0.01394	0.09018	0.01420	0.01722	0.05624	0.06601	0.01661	0.01373	0.01950	0.01895	0.02714	0.01702	0.08806	0.39919	0.00794	0.01509	0.00764	0.09079	0.00740
9	0.01520	0.01092	0.01232	0.01116	0.01439	0.01104	0.00862	0.02398	0.23912	0.10213	0.21557	0.04752	0.23036	0.01387	0.00822	0.00244	0.00468	0.01174	0.00770	0.00900
10	0.01254	0.00660	0.00926	0.00953	0.00988	0.00654	0.00654	0.01102	0.01130	0.01600	0.01876	0.10904	0.01914	0.02293	0.02272	0.55465	0.00580	0.03291	0.11065	0.00420
11	0.01600	0.01893	0.10121	0.12670	0.02919	0.02046	0.13863	0.01975	0.01350	0.01975	0.01163	0.01741	0.01001	0.01026	0.01703	0.00290	0.40767	0.00682	0.00334	0.00880
12	0.01390	0.00876	0.01167	0.01204	0.01397	0.00890	0.00949	0.01783	0.06441	0.09700	0.03320	0.23487	0.03401	0.02527	0.14502	0.00466	0.00834	0.19196	0.05711	0.00759
13	0.01186	0.00731	0.00961	0.01039	0.01166	0.00667	0.00727	0.01355	0.01574	0.09571	0.09596	0.55502	0.08941	0.02072	0.00915	0.00284	0.00443	0.01858	0.00725	0.00686
14	0.13330	0.01708	0.01555	0.01370	0.01752	0.11081	0.01065	0.21422	0.09767	0.03077	0.02810	0.16018	0.09543	0.01242	0.00747	0.00241	0.00704	0.00998	0.00637	0.00933
15	0.01829	0.02053	0.03267	0.10741	0.03309	0.12091	0.33223	0.02260	0.01619	0.02091	0.01297	0.01808	0.01047	0.00828	0.01220	0.00260	0.19050	0.00736	0.00359	0.00913
16	0.16318	0.08881	0.29748	0.01812	0.05040	0.11334	0.01840	0.06114	0.04063	0.06331	0.01402	0.01556	0.01042	0.00736	0.00643	0.00221	0.00940	0.00531	0.00426	0.01022

[dist]
# distance from previous block
# <min> <max>
0	1

[block]
# block no. 2 follows, 27 sequences, length 15
# corresponding to MSA columns:
# 199-213
name=unknown_C
#
# <colnr> <probs for GDERKNQSTAVLIFYWHMCP>
#	G	D	E	R	K	N	Q	S	T	A	V	L	I	F	Y	W	H	M	C	P
0	0.02183	0.01613	0.07917	0.01592	0.02080	0.01414	0.09731	0.17334	0.02078	0.20361	0.02332	0.09355	0.01988	0.14976	0.01359	0.00332	0.00795	0.00921	0.00642	0.00996
1	0.02265	0.12852	0.02201	0.01550	0.02070	0.24325	0.01248	0.13516	0.11531	0.02604	0.01543	0.01640	0.01226	0.00755	0.00640	0.00183	0.00892	0.00542	0.00499	0.17917
2	0.01820	0.01722	0.02646	0.20884	0.27333	0.04346	0.08984	0.08148	0.09452	0.02535	0.01681	0.02183	0.01346	0.00786	0.00762	0.00237	0.00921	0.02718	0.00447	0.01047
3	0.10368	0.15530	0.23255	0.02011	0.07238	0.12693	0.05860	0.02379	0.01600	0.03907	0.01239	0.01501	0.00984	0.00754	0.00810	0.00222	0.07767	0.00538	0.00365	0.00980
4	0.01384	0.01679	0.12510	0.23734	0.03117	0.01520	0.10312	0.01803	0.01441	0.01958	0.02064	0.02800	0.07832	0.11063	0.04048	0.00356	0.10359	0.00820	0.00386	0.00812
5	0.00965	0.00711	0.00917	0.01058	0.01166	0.00663	0.00780	0.01152	0.01534	0.01988	0.04668	0.47078	0.16210	0.02185	0.00952	0.00301	0.00477	0.15882	0.00688	0.00625
6	0.02018	0.01330	0.01642	0.03703	0.07093	0.01399	0.01147	0.14004	0.12739	0.15160	0.06441	0.10909	0.05544	0.01152	0.00820	0.00238	0.03278	0.00958	0.09415	0.01010
7	0.02119	0.02968	0.17047	0.02639	0.12718	0.29509	0.17622	0.02593	0.01845	0.02154	0.01309	0.01621	0.01026	0.00704	0.00737	0.00219	0.01200	0.00616	0.00364	0.00991
8	0.01553	0.02769	0.38307	0.15322	0.16098	0.01771	0.02422	0.02200	0.01534	0.02228	0.01308	0.01700	0.00998	0.00761	0.00885	0.00243	0.07939	0.00600	0.00328	0.01035
9	0.00948	0.00673	0.00889	0.01046	0.01098	0.00637	0.00717	0.01086	0.01419	0.01887	0.03923	0.61137	0.04655	0.08568	0.01203	0.00342	0.00480	0.08026	0.00668	0.00597
10	0.08689	0.01808	0.07485	0.07765	0.34360	0.01731	0.08059	0.02358	0.01631	0.09764	0.01492	0.01843	0.01163	0.00759	0.00888	0.00238	0.07808	0.00659	0.00426	0.01073
11	0.01707	0.12510	0.29122	0.01798	0.02600	0.06662	0.07940	0.02362	0.05740	0.02297	0.01396	0.01609	0.01082	0.00674	0.00653	0.00194	0.00923	0.00546	0.00383	0.19803
12	0.01262	0.07868	0.01444	0.01137	0.01222	0.01256	0.00835	0.01365	0.01152	0.01587	0.01897	0.03543	0.02055	0.40507	0.16095	0.00685	0.14200	0.00881	0.00404	0.00605
13	0.00904	0.00646	0.00861	0.01034	0.01077	0.00603	0.00689	0.01034	0.01421	0.01895	0.04092	0.73426	0.04910	0.02326	0.00948	0.00301	0.00431	0.02110	0.00689	0.00603
14	0.38523	0.01656	0.01697	0.01419	0.01866	0.06601	0.08128	0.10758	0.07976	0.03075	0.01645	0.06234	0.01414	0.05106	0.00809	0.00263	0.00735	0.00681	0.00524	0.00892

[dist]
# distance from previous block
# <min> <max>
0	4

[block]
# block no. 3 follows, 27 sequences, length 20
# corresponding to MSA columns:
# 218-237
name=unknown_D
#
# <colnr> <probs for GDERKNQSTAVLIFYWHMCP>
#	G	D	E	R	K	N	Q	S	T	A	V	L	I	F	Y	W	H	M	C	P
0	0.01748	0.31896	0.07519	0.01814	0.02429	0.02109	0.20249	0.05268	0.01769	0.02290	0.10737	0.02355	0.05097	0.00829	0.00693	0.00208	0.00867	0.00743	0.00441	0.00941
1	0.01078	0.00727	0.00848	0.00848	0.00862	0.00741	0.00498	0.01104	0.01091	0.01468	0.02304	0.04663	0.02614	0.67030	0.10542	0.00767	0.00847	0.01051	0.00445	0.00471
2	0.16297	0.01158	0.01261	0.01125	0.01451	0.01226	0.00879	0.05147	0.16100	0.07502	0.34604	0.03762	0.04219	0.01184	0.00756	0.00236	0.00483	0.00987	0.00739	0.00883
3	0.13989	0.17484	0.11960	0.09913	0.02564	0.07621	0.04703	0.08872	0.08789	0.05289	0.01501	0.01670	0.01146	0.00752	0.00639	0.00217	0.00866	0.00568	0.00461	0.00996
4	0.01289	0.00645	0.00967	0.00967	0.00967	0.00645	0.00645	0.00967	0.00967	0.01289	0.01289	0.02257	0.01289	0.02579	0.02901	0.78401	0.00645	0.00645	0.00322	0.00322
5	0.01010	0.00757	0.01049	0.08152	0.01495	0.00746	0.00832	0.01261	0.01687	0.02308	0.28530	0.40339	0.05314	0.01858	0.00899	0.00270	0.00456	0.01671	0.00702	0.00662
6	0.01418	0.12279	0.01975	0.01420	0.01728	0.01334	0.10480	0.06581	0.01651	0.02187	0.02876	0.23628	0.05782	0.08838	0.03589	0.00336	0.00742	0.08256	0.04134	0.00766
7	0.06876	0.15357	0.05997	0.10408	0.12311	0.04571	0.10878	0.06379	0.07732	0.02498	0.01573	0.01858	0.01238	0.00735	0.00666	0.00215	0.00855	0.00633	0.08236	0.00984
8	0.08900	0.01123	0.09031	0.01092	0.01289	0.00875	0.00875	0.01318	0.01325	0.01963	0.02959	0.38129	0.03398	0.22383	0.01677	0.00406	0.00606	0.01460	0.00553	0.00638
9	0.01165	0.00766	0.00990	0.01024	0.01191	0.00701	0.00763	0.01405	0.01751	0.07520	0.24047	0.31075	0.14018	0.01881	0.00909	0.00273	0.00443	0.08637	0.00745	0.00696
10	0.14756	0.07593	0.12475	0.01948	0.02566	0.16055	0.18284	0.05963	0.01796	0.04966	0.01418	0.01668	0.01080	0.00717	0.00677	0.00219	0.01000	0.00606	0.05258	0.00955
11	0.06134	0.09971	0.07610	0.09177	0.12141	0.01918	0.13506	0.17588	0.02101	0.02927	0.08229	0.02116	0.01694	0.00806	0.00732	0.00225	0.00880	0.00719	0.00496	0.01031
12	0.09650	0.01616	0.05188	0.01650	0.02125	0.01608	0.12068	0.16413	0.06196	0.07257	0.02807	0.02931	0.13737	0.01430	0.06782	0.00325	0.05817	0.00861	0.00578	0.00961
13	0.01753	0.08852	0.05987	0.02337	0.20976	0.04681	0.04674	0.12551	0.01964	0.02610	0.06611	0.14253	0.07371	0.01126	0.00768	0.00232	0.00765	0.00986	0.00529	0.00974
14	0.06004	0.05032	0.11606	0.17554	0.12902	0.05618	0.01660	0.02218	0.01640	0.10171	0.01952	0.06701	0.04509	0.00876	0.00706	0.00221	0.00828	0.00733	0.00463	0.08607
15	0.04439	0.12728	0.10483	0.08839	0.05538	0.09743	0.04635	0.02288	0.01600	0.10023	0.01523	0.01853	0.01211	0.01437	0.10661	0.00352	0.05742	0.00603	0.00426	0.05877
16	0.01907	0.01348	0.01710	0.01523	0.04731	0.04590	0.05742	0.11628	0.04515	0.12492	0.02208	0.07023	0.01871	0.06630	0.14985	0.00445	0.00973	0.00827	0.09715	0.05136
17	0.13178	0.01649	0.02025	0.08908	0.11993	0.06254	0.05610	0.16968	0.02049	0.02985	0.08073	0.07638	0.01971	0.00972	0.00783	0.00234	0.03311	0.00804	0.03641	0.00953
18	0.07799	0.09394	0.14932	0.05490	0.02464	0.01892	0.04431	0.23218	0.04378	0.12441	0.01843	0.05301	0.01408	0.00874	0.00705	0.00227	0.00826	0.00695	0.00583	0.01097
19	0.07402	0.11923	0.05441	0.01552	0.02097	0.09411	0.01330	0.30820	0.11782	0.03382	0.02091	0.02095	0.05697	0.00902	0.00689	0.00218	0.00805	0.00671	0.00606	0.01086

[dist]
# distance from previous block
# <min> <max>
114	591

[block]
# block no. 4 follows, 27 sequences, length 25
# corresponding to MSA columns:
# 1029-1044,1051-1059
name=unknown_E
#
# <colnr> <probs for GDERKNQSTAVLIFYWHMCP>
#	G	D	E	R	K	N	Q	S	T	A	V	L	I	F	Y	W	H	M	C	P
0	0.26597	0.01436	0.01360	0.01172	0.01594	0.07215	0.00938	0.05671	0.03955	0.16479	0.11491	0.02982	0.08686	0.01030	0.00679	0.00228	0.00617	0.02853	0.00648	0.04369
1	0.01833	0.01776	0.03084	0.04483	0.65915	0.01770	0.05586	0.02283	0.01694	0.02423	0.01402	0.01846	0.01173	0.00660	0.00742	0.00222	0.00901	0.00672	0.00368	0.01167
2	0.00982	0.00756	0.00897	0.00862	0.01067	0.00671	0.00647	0.01268	0.01940	0.02593	0.44648	0.06177	0.31483	0.01661	0.00876	0.00240	0.00360	0.01431	0.00767	0.00671
3	0.01569	0.01482	0.02406	0.29296	0.16743	0.01494	0.08744	0.02017	0.01571	0.02215	0.01355	0.01818	0.01075	0.00654	0.00696	0.00200	0.00861	0.00616	0.00376	0.24811
4	0.01548	0.01462	0.02385	0.19046	0.41184	0.01511	0.01888	0.01950	0.01644	0.02222	0.02600	0.02928	0.14655	0.00923	0.00765	0.00233	0.00805	0.00842	0.00423	0.00987
5	0.01391	0.01286	0.02112	0.48450	0.14737	0.01491	0.01859	0.01825	0.01538	0.02003	0.02094	0.07134	0.06750	0.00968	0.00775	0.00250	0.00877	0.03212	0.00400	0.00846
6	0.01384	0.00692	0.00692	0.00692	0.00865	0.00692	0.00519	0.01730	0.01557	0.02768	0.02422	0.02768	0.01903	0.00865	0.00519	0.00173	0.00346	0.00692	0.78031	0.00692
7	0.01196	0.00942	0.01315	0.01677	0.14716	0.00880	0.01015	0.01434	0.01630	0.04603	0.07170	0.29121	0.23969	0.01754	0.00878	0.00267	0.00524	0.05514	0.00638	0.00758
8	0.02035	0.02306	0.02133	0.18073	0.13723	0.32712	0.01632	0.02347	0.01750	0.01919	0.01362	0.01819	0.01145	0.01517	0.12023	0.00370	0.01290	0.00600	0.00371	0.00872
9	0.01172	0.00670	0.00939	0.00967	0.00984	0.00673	0.00638	0.01025	0.01078	0.01447	0.01982	0.14241	0.02169	0.15587	0.07884	0.46023	0.00725	0.00970	0.00410	0.00416
10	0.01539	0.01319	0.01539	0.01100	0.01759	0.00990	0.00880	0.01869	0.01539	0.02419	0.01319	0.01539	0.01100	0.00550	0.00550	0.00110	0.00550	0.00440	0.00440	0.78449
11	0.02334	0.19020	0.02570	0.13345	0.05446	0.38426	0.01534	0.05355	0.01911	0.01963	0.01187	0.01450	0.00983	0.00733	0.00644	0.00196	0.01117	0.00505	0.00374	0.00906
12	0.01384	0.00692	0.00692	0.00692	0.00865	0.00692	0.00519	0.01730	0.01557	0.02768	0.02422	0.02768	0.01903	0.00865	0.00519	0.00173	0.00346	0.00692	0.78031	0.00692
13	0.01681	0.12749	0.11154	0.01767	0.02474	0.01668	0.16468	0.02316	0.08468	0.02372	0.01497	0.01726	0.01185	0.00647	0.00655	0.00180	0.00822	0.00590	0.00423	0.31160
14	0.01275	0.00961	0.01296	0.01501	0.11243	0.01002	0.00879	0.04589	0.01317	0.01812	0.02091	0.03816	0.02210	0.43947	0.18280	0.00727	0.01034	0.00933	0.00440	0.00647
15	0.79154	0.01436	0.01091	0.00976	0.01436	0.01665	0.00804	0.02182	0.01263	0.03331	0.01034	0.01206	0.00804	0.00689	0.00459	0.00230	0.00574	0.00402	0.00459	0.00804
16	0.02348	0.36773	0.10510	0.01436	0.02077	0.06524	0.01391	0.02785	0.05912	0.21023	0.01732	0.01718	0.01283	0.00754	0.00608	0.00195	0.00804	0.00545	0.00518	0.01064
17	0.02165	0.02358	0.02548	0.03103	0.32470	0.25368	0.01845	0.05343	0.01821	0.02216	0.01260	0.01631	0.01072	0.00811	0.00992	0.00228	0.12776	0.00598	0.00383	0.01013
18	0.01384	0.00692	0.00692	0.00692	0.00865	0.00692	0.00519	0.01730	0.01557	0.02768	0.02422	0.02768	0.01903	0.00865	0.00519	0.00173	0.00346	0.00692	0.78031	0.00692
19	0.01616	0.01577	0.01803	0.33690	0.03210	0.13934	0.01507	0.04780	0.01649	0.01976	0.01909	0.06602	0.01835	0.11932	0.01227	0.00321	0.00941	0.08290	0.00436	0.00767
20	0.01063	0.00786	0.01147	0.01147	0.01264	0.00903	0.00871	0.01296	0.01180	0.01689	0.02030	0.03148	0.01956	0.13714	0.62960	0.01137	0.01837	0.00829	0.00404	0.00637
21	0.00877	0.00752	0.00752	0.00752	0.01003	0.00627	0.00564	0.01065	0.01692	0.02005	0.07520	0.07144	0.68978	0.01880	0.00877	0.00251	0.00376	0.01567	0.00689	0.00627
22	0.01624	0.01624	0.02274	0.01949	0.01949	0.02274	0.01624	0.01787	0.01137	0.01787	0.00975	0.01624	0.00975	0.01299	0.02436	0.00325	0.72552	0.00650	0.00325	0.00812
23	0.01539	0.01319	0.01539	0.01100	0.01759	0.00990	0.00880	0.01869	0.01539	0.02419	0.01319	0.01539	0.01100	0.00550	0.00550	0.00110	0.00550	0.00440	0.00440	0.78449
24	0.02495	0.01816	0.01900	0.01560	0.02024	0.15132	0.05296	0.10340	0.11012	0.24913	0.13042	0.02694	0.02446	0.00975	0.00761	0.00226	0.00781	0.00802	0.00720	0.01064

[dist]
# distance from previous block
# <min> <max>
0	1

[block]
# block no. 5 follows, 27 sequences, length 22
# corresponding to MSA columns:
# 1089-1110
name=unknown_F
#
# <colnr> <probs for GDERKNQSTAVLIFYWHMCP>
#	G	D	E	R	K	N	Q	S	T	A	V	L	I	F	Y	W	H	M	C	P
0	0.01672	0.02208	0.28747	0.01854	0.09848	0.01293	0.01739	0.02196	0.01742	0.12999	0.09276	0.03114	0.13641	0.01010	0.00753	0.00228	0.00768	0.00842	0.00538	0.05534
1	0.01962	0.01612	0.01923	0.16626	0.14502	0.12238	0.01470	0.02289	0.01771	0.14636	0.02597	0.07001	0.09305	0.01039	0.00761	0.00232	0.00820	0.03842	0.00538	0.04835
2	0.01384	0.00692	0.00692	0.00692	0.00865	0.00692	0.00519	0.01730	0.01557	0.02768	0.02422	0.02768	0.01903	0.00865	0.00519	0.00173	0.00346	0.00692	0.78031	0.00692
3	0.02013	0.01696	0.06098	0.14127	0.35377	0.01636	0.01923	0.02665	0.10014	0.14236	0.01853	0.02083	0.01386	0.00765	0.00739	0.00231	0.00830	0.00692	0.00504	0.01132
4	0.02556	0.02801	0.02140	0.02131	0.10584	0.43729	0.01476	0.10970	0.05736	0.05331	0.01566	0.04716	0.01303	0.00856	0.00707	0.00209	0.01104	0.00627	0.00483	0.00975
5	0.01230	0.00658	0.00933	0.00943	0.00946	0.00655	0.00613	0.00991	0.01013	0.01351	0.01636	0.06850	0.01747	0.15072	0.02942	0.60240	0.00645	0.00806	0.00366	0.00361
6	0.01539	0.01319	0.01539	0.01100	0.01759	0.00990	0.00880	0.01869	0.01539	0.02419	0.01319	0.01539	0.01100	0.00550	0.00550	0.00110	0.00550	0.00440	0.00440	0.78449
7	0.01653	0.05731	0.02008	0.22967	0.08870	0.16018	0.01505	0.01957	0.01552	0.01871	0.01697	0.09667	0.01613	0.04264	0.11983	0.00403	0.04237	0.00798	0.00397	0.00808
8	0.01384	0.00692	0.00692	0.00692	0.00865	0.00692	0.00519	0.01730	0.01557	0.02768	0.02422	0.02768	0.01903	0.00865	0.00519	0.00173	0.00346	0.00692	0.78031	0.00692
9	0.02108	0.01259	0.01524	0.01176	0.01690	0.01088	0.00921	0.05289	0.05622	0.23652	0.02103	0.02442	0.01653	0.11962	0.01128	0.00255	0.00616	0.00668	0.00624	0.34219
10	0.01073	0.00745	0.00935	0.00935	0.00979	0.00788	0.00606	0.01160	0.01117	0.01532	0.02224	0.04222	0.02423	0.51517	0.25794	0.00875	0.01135	0.00986	0.00433	0.00520
11	0.79154	0.01436	0.01091	0.00976	0.01436	0.01665	0.00804	0.02182	0.01263	0.03331	0.01034	0.01206	0.00804	0.00689	0.00459	0.00230	0.00574	0.00402	0.00459	0.00804
12	0.02230	0.19232	0.02377	0.01433	0.02024	0.08968	0.01210	0.21633	0.05530	0.05207	0.01512	0.01604	0.01182	0.00730	0.00619	0.00175	0.00772	0.00532	0.00528	0.22502
13	0.16622	0.02412	0.16385	0.02059	0.12090	0.12549	0.01670	0.13865	0.02020	0.11304	0.01536	0.01662	0.01121	0.00764	0.00670	0.00222	0.00899	0.00573	0.00510	0.01067
14	0.01384	0.00692	0.00692	0.00692	0.00865	0.00692	0.00519	0.01730	0.01557	0.02768	0.02422	0.02768	0.01903	0.00865	0.00519	0.00173	0.00346	0.00692	0.78031	0.00692
15	0.01730	0.00885	0.01082	0.00968	0.01172	0.00816	0.00668	0.01844	0.01480	0.22208	0.03179	0.07514	0.09984	0.40489	0.02407	0.00500	0.00641	0.01080	0.00629	0.00723
16	0.01068	0.00765	0.01039	0.01039	0.01119	0.00845	0.00736	0.01227	0.01148	0.01610	0.02129	0.03694	0.02194	0.32950	0.44048	0.01003	0.01480	0.00909	0.00419	0.00577
17	0.01007	0.00763	0.00880	0.00907	0.01079	0.00701	0.00652	0.01242	0.05444	0.02035	0.10818	0.22215	0.35853	0.01994	0.01140	0.10037	0.00433	0.01522	0.00658	0.00621
18	0.01624	0.01624	0.02274	0.01949	0.01949	0.02274	0.01624	0.01787	0.01137	0.01787	0.00975	0.01624	0.00975	0.01299	0.02436	0.00325	0.72552	0.00650	0.00325	0.00812
19	0.01539	0.01319	0.01539	0.01100	0.01759	0.00990	0.00880	0.01869	0.01539	0.02419	0.01319	0.01539	0.01100	0.00550	0.00550	0.00110	0.00550	0.00440	0.00440	0.78449
20	0.05634	0.06123	0.05589	0.01486	0.02058	0.16000	0.01249	0.12301	0.08520	0.11125	0.01693	0.01746	0.01271	0.00756	0.00649	0.00187	0.00812	0.00561	0.00551	0.21689
21	0.01255	0.01098	0.01490	0.01399	0.05241	0.04954	0.07262	0.01621	0.02026	0.02776	0.51828	0.04821	0.08560	0.01356	0.00856	0.00233	0.00527	0.01219	0.00718	0.00762

[dist]
# distance from previous block
# <min> <max>
0	217

# created by:
# /home/berkeley/.conda/envs/busco_data_prod/bin/msa2prfl.pl pipeline/OGs_align_augustus/5794/64410.fs
