[name]
unknown

[dist]
# distance from previous block
# <min> <max>
0	160

[block]
# block no. 0 follows, 28 sequences, length 26
# corresponding to MSA columns:
# 224-249
name=unknown_A
#
# <colnr> <probs for GDERKNQSTAVLIFYWHMCP>
#	G	D	E	R	K	N	Q	S	T	A	V	L	I	F	Y	W	H	M	C	P
0	0.05858	0.02049	0.08138	0.01850	0.10489	0.20524	0.01349	0.08160	0.01804	0.02283	0.02070	0.18914	0.02106	0.04557	0.00877	0.00252	0.00853	0.03505	0.00491	0.03871
1	0.02036	0.11341	0.17685	0.06206	0.06971	0.09469	0.01669	0.15424	0.07736	0.06654	0.06457	0.01983	0.01592	0.00818	0.00689	0.00215	0.00867	0.00640	0.00509	0.01041
2	0.04967	0.12012	0.06285	0.04964	0.11666	0.21983	0.03737	0.09806	0.01875	0.05453	0.01298	0.01550	0.01042	0.00790	0.00860	0.00216	0.09554	0.00557	0.00418	0.00969
3	0.01231	0.01077	0.01650	0.23280	0.14895	0.01139	0.01370	0.01574	0.01618	0.02144	0.13110	0.13931	0.14563	0.01302	0.00810	0.00248	0.00659	0.04091	0.00529	0.00781
4	0.00970	0.00741	0.00890	0.00853	0.01050	0.00661	0.00639	0.01258	0.01918	0.02584	0.47934	0.05974	0.28667	0.01609	0.00858	0.00234	0.00352	0.01391	0.00757	0.00661
5	0.02068	0.02020	0.01938	0.07976	0.12718	0.23416	0.01396	0.13334	0.02082	0.05128	0.08186	0.12363	0.02168	0.01047	0.00745	0.00222	0.00880	0.00862	0.00531	0.00919
6	0.00905	0.00665	0.00832	0.00942	0.01027	0.00610	0.00639	0.01051	0.01471	0.01933	0.09986	0.52073	0.15961	0.06970	0.01096	0.00308	0.00425	0.01844	0.00670	0.00592
7	0.02715	0.03464	0.02060	0.01873	0.02247	0.71536	0.01404	0.02903	0.02060	0.01779	0.01124	0.01311	0.00936	0.00749	0.00655	0.00187	0.01311	0.00468	0.00375	0.00843
8	0.01016	0.00743	0.00954	0.00901	0.01078	0.00680	0.00676	0.01347	0.02027	0.02842	0.64793	0.05549	0.11647	0.01513	0.00857	0.00230	0.00345	0.01331	0.00791	0.00680
9	0.79588	0.01406	0.01068	0.00956	0.01406	0.01631	0.00787	0.02137	0.01237	0.03261	0.01012	0.01181	0.00787	0.00675	0.00450	0.00225	0.00562	0.00394	0.00450	0.00787
10	0.79588	0.01406	0.01068	0.00956	0.01406	0.01631	0.00787	0.02137	0.01237	0.03261	0.01012	0.01181	0.00787	0.00675	0.00450	0.00225	0.00562	0.00394	0.00450	0.00787
11	0.01328	0.01166	0.01730	0.14752	0.20219	0.01205	0.01352	0.01826	0.06855	0.02438	0.24033	0.03878	0.13996	0.01145	0.00788	0.00232	0.00616	0.01014	0.00572	0.00856
12	0.01479	0.01169	0.01482	0.03906	0.11287	0.01199	0.01060	0.11660	0.04971	0.04507	0.09492	0.06292	0.23595	0.08358	0.03953	0.00319	0.02755	0.01082	0.00603	0.00832
13	0.01115	0.00871	0.01232	0.01189	0.01275	0.01042	0.00903	0.01308	0.01138	0.01639	0.01886	0.03078	0.01872	0.19045	0.48486	0.00960	0.11128	0.00817	0.00390	0.00626
14	0.01717	0.02071	0.25154	0.01570	0.02168	0.01395	0.01613	0.02663	0.19005	0.12313	0.10305	0.03355	0.02531	0.01073	0.00772	0.00248	0.00738	0.09683	0.00612	0.01016
15	0.01808	0.01561	0.01644	0.01479	0.01890	0.01808	0.01151	0.03863	0.68606	0.03041	0.02959	0.02712	0.02219	0.00986	0.00740	0.00247	0.00575	0.00822	0.00740	0.01151
16	0.01807	0.01572	0.01724	0.01663	0.06085	0.01803	0.01217	0.03762	0.64478	0.03000	0.02860	0.02656	0.02153	0.00965	0.00738	0.00245	0.00593	0.00811	0.00716	0.01151
17	0.01560	0.01105	0.01347	0.01371	0.04472	0.04795	0.00996	0.07023	0.03805	0.10585	0.05385	0.25063	0.02984	0.02551	0.18647	0.00489	0.00946	0.05465	0.00611	0.00802
18	0.02215	0.02454	0.16367	0.08996	0.02671	0.11630	0.01690	0.29719	0.11381	0.03233	0.01684	0.01790	0.01233	0.00818	0.00711	0.00223	0.00915	0.00626	0.00551	0.01093
19	0.01680	0.01433	0.01533	0.01414	0.01774	0.01639	0.01085	0.03467	0.59274	0.02876	0.03104	0.12606	0.02578	0.01165	0.00766	0.00253	0.00554	0.00995	0.00731	0.01073
20	0.00882	0.00647	0.00829	0.00974	0.01044	0.00594	0.00658	0.01016	0.01429	0.01871	0.04473	0.64680	0.13806	0.02217	0.00918	0.00288	0.00414	0.01993	0.00675	0.00594
21	0.01610	0.01526	0.10966	0.07360	0.02021	0.01307	0.01259	0.15981	0.07035	0.05670	0.02821	0.27640	0.05004	0.01375	0.00788	0.00250	0.00654	0.01186	0.04656	0.00892
22	0.05367	0.02127	0.02242	0.17662	0.14565	0.18085	0.01649	0.24232	0.02281	0.02901	0.01407	0.01673	0.01076	0.00765	0.00698	0.00216	0.00957	0.00598	0.00482	0.01019
23	0.01336	0.13942	0.01636	0.01117	0.01346	0.01339	0.00903	0.04414	0.01560	0.02151	0.17176	0.03476	0.07923	0.10416	0.15639	0.00468	0.08226	0.00892	0.05318	0.00723
24	0.13060	0.04869	0.04565	0.08061	0.16778	0.15083	0.03686	0.02345	0.04725	0.04578	0.01389	0.01671	0.01114	0.00899	0.03766	0.00242	0.00915	0.00557	0.00415	0.11280
25	0.26270	0.15780	0.04443	0.01338	0.01848	0.19948	0.01134	0.02412	0.05699	0.02410	0.01211	0.01366	0.00988	0.00684	0.00546	0.00187	0.00813	0.00449	0.00414	0.12059

[dist]
# distance from previous block
# <min> <max>
0	2

[block]
# block no. 1 follows, 28 sequences, length 9
# corresponding to MSA columns:
# 252-260
name=unknown_B
#
# <colnr> <probs for GDERKNQSTAVLIFYWHMCP>
#	G	D	E	R	K	N	Q	S	T	A	V	L	I	F	Y	W	H	M	C	P
0	0.02486	0.02022	0.02112	0.01662	0.02157	0.07757	0.01360	0.47380	0.02824	0.03773	0.01548	0.01667	0.01160	0.00882	0.00918	0.00218	0.10180	0.00615	0.00617	0.08661
1	0.01270	0.01078	0.01646	0.22034	0.08758	0.01243	0.01349	0.01771	0.07137	0.02034	0.08331	0.02731	0.02034	0.02884	0.31755	0.00644	0.01293	0.00784	0.00437	0.00788
2	0.00970	0.00668	0.00819	0.00905	0.00926	0.00646	0.00560	0.01034	0.01228	0.01637	0.03167	0.40113	0.03748	0.37589	0.02284	0.00496	0.00560	0.01573	0.00560	0.00517
3	0.02100	0.05351	0.01795	0.01425	0.01819	0.08385	0.01149	0.24845	0.07878	0.08234	0.01931	0.02185	0.01521	0.02179	0.21130	0.00486	0.01121	0.00680	0.04810	0.00976
4	0.03998	0.01847	0.16817	0.11351	0.17577	0.01425	0.01729	0.02369	0.06896	0.13669	0.05697	0.05251	0.06383	0.00924	0.00735	0.00232	0.00773	0.00793	0.00522	0.01012
5	0.01040	0.00755	0.00991	0.03707	0.01257	0.00794	0.00770	0.01275	0.01355	0.01902	0.03404	0.11869	0.16851	0.06714	0.32486	0.00673	0.01113	0.01083	0.11325	0.00635
6	0.01170	0.00728	0.00945	0.00977	0.01093	0.00678	0.00675	0.01344	0.01566	0.08405	0.19993	0.38610	0.04678	0.14049	0.01357	0.00341	0.00468	0.01585	0.00688	0.00649
7	0.02023	0.01471	0.01964	0.13473	0.02490	0.01605	0.05620	0.27675	0.02276	0.09609	0.04959	0.06146	0.01787	0.01753	0.13370	0.00398	0.01002	0.00802	0.00593	0.00983
8	0.05148	0.02280	0.23891	0.05709	0.02572	0.04832	0.09324	0.09288	0.01690	0.02428	0.01453	0.01958	0.01194	0.07755	0.04060	0.00301	0.04052	0.00633	0.00403	0.11030

[dist]
# distance from previous block
# <min> <max>
0	46

[block]
# block no. 2 follows, 28 sequences, length 29
# corresponding to MSA columns:
# 307-335
name=unknown_C
#
# <colnr> <probs for GDERKNQSTAVLIFYWHMCP>
#	G	D	E	R	K	N	Q	S	T	A	V	L	I	F	Y	W	H	M	C	P
0	0.36162	0.01842	0.06326	0.01555	0.06597	0.08180	0.01223	0.09635	0.10237	0.02976	0.01448	0.01626	0.01132	0.01027	0.04564	0.00278	0.03237	0.00542	0.00487	0.00927
1	0.16706	0.06201	0.21521	0.04332	0.09382	0.06984	0.01635	0.04866	0.01596	0.02514	0.01240	0.01475	0.00969	0.00661	0.00603	0.00194	0.00828	0.00494	0.00389	0.17410
2	0.01470	0.08350	0.01779	0.06039	0.08447	0.01476	0.01159	0.04760	0.15301	0.02394	0.14273	0.03312	0.08934	0.05486	0.08438	0.00356	0.05711	0.00894	0.00557	0.00864
3	0.01603	0.04090	0.04794	0.16628	0.10872	0.06403	0.01401	0.02016	0.03972	0.06914	0.02621	0.03067	0.12551	0.01197	0.04215	0.00263	0.00813	0.04450	0.00481	0.11646
4	0.01744	0.03025	0.43502	0.01845	0.02684	0.06609	0.02090	0.06120	0.13335	0.04915	0.01657	0.01766	0.01205	0.00754	0.00691	0.00222	0.00941	0.00588	0.00438	0.05872
5	0.00904	0.00721	0.00810	0.00823	0.01018	0.00627	0.00604	0.01117	0.01711	0.02175	0.21753	0.17285	0.44238	0.01825	0.00870	0.00249	0.00371	0.01566	0.00705	0.00627
6	0.01057	0.00705	0.00793	0.00793	0.00793	0.00705	0.00440	0.01057	0.01057	0.01409	0.02290	0.04757	0.02643	0.74454	0.03700	0.00705	0.00705	0.01057	0.00440	0.00440
7	0.00908	0.00738	0.00804	0.00788	0.01012	0.00635	0.00591	0.01138	0.01773	0.02239	0.25365	0.06542	0.51452	0.01738	0.00859	0.00241	0.00361	0.01471	0.00711	0.00635
8	0.01943	0.74891	0.03809	0.01244	0.01866	0.02876	0.01244	0.02177	0.01477	0.01710	0.01011	0.01166	0.00933	0.00622	0.00466	0.00155	0.00777	0.00389	0.00311	0.00933
9	0.01373	0.01292	0.02180	0.72707	0.05006	0.01615	0.02019	0.01857	0.01453	0.01857	0.01292	0.01938	0.00969	0.00727	0.00727	0.00242	0.00969	0.00646	0.00323	0.00807
10	0.02412	0.31499	0.02746	0.01626	0.02097	0.44587	0.01341	0.02618	0.01831	0.01752	0.01079	0.01254	0.00935	0.00699	0.00581	0.00175	0.01101	0.00437	0.00350	0.00878
11	0.79588	0.01406	0.01068	0.00956	0.01406	0.01631	0.00787	0.02137	0.01237	0.03261	0.01012	0.01181	0.00787	0.00675	0.00450	0.00225	0.00562	0.00394	0.00450	0.00787
12	0.01773	0.20520	0.06694	0.11707	0.11098	0.09466	0.04341	0.04400	0.06490	0.02069	0.01592	0.02300	0.01425	0.08875	0.00996	0.00265	0.00883	0.03796	0.00405	0.00903
13	0.01496	0.01270	0.01684	0.29016	0.02859	0.03947	0.01372	0.09751	0.01730	0.04338	0.02795	0.17197	0.11740	0.01266	0.00905	0.00253	0.06005	0.01058	0.00515	0.00802
14	0.01057	0.00705	0.00793	0.00793	0.00793	0.00705	0.00440	0.01057	0.01057	0.01409	0.02290	0.04757	0.02643	0.74454	0.03700	0.00705	0.00705	0.01057	0.00440	0.00440
15	0.05015	0.02065	0.11198	0.02172	0.02840	0.01850	0.26768	0.17755	0.12391	0.07751	0.01823	0.01981	0.01320	0.00762	0.00765	0.00235	0.00941	0.00739	0.00541	0.01088
16	0.01038	0.00773	0.01138	0.01134	0.01262	0.00884	0.00873	0.01293	0.01228	0.01765	0.06882	0.03121	0.02218	0.07999	0.63636	0.01081	0.01779	0.00829	0.00421	0.00643
17	0.00918	0.00739	0.00818	0.00798	0.01018	0.00639	0.00598	0.01157	0.01795	0.02292	0.28827	0.06455	0.47957	0.01718	0.00858	0.00240	0.00359	0.01458	0.00718	0.00639
18	0.00886	0.00633	0.00843	0.01012	0.01054	0.00590	0.00675	0.01012	0.01392	0.01856	0.04006	0.73979	0.04808	0.02277	0.00928	0.00295	0.00422	0.02066	0.00675	0.00590
19	0.02140	0.56719	0.03364	0.01404	0.01963	0.20345	0.01285	0.02361	0.01625	0.01728	0.01039	0.01203	0.00934	0.00654	0.00515	0.00164	0.00913	0.00409	0.00327	0.00910
20	0.01047	0.00744	0.00992	0.00992	0.01061	0.00813	0.00689	0.01185	0.01116	0.01557	0.02108	0.03749	0.02205	0.37884	0.39671	0.00950	0.01363	0.00910	0.00413	0.00551
21	0.00886	0.00633	0.00843	0.01012	0.01054	0.00590	0.00675	0.01012	0.01392	0.01856	0.04006	0.73979	0.04808	0.02277	0.00928	0.00295	0.00422	0.02066	0.00675	0.00590
22	0.01373	0.01292	0.02180	0.72707	0.05006	0.01615	0.02019	0.01857	0.01453	0.01857	0.01292	0.01938	0.00969	0.00727	0.00727	0.00242	0.00969	0.00646	0.00323	0.00807
23	0.02067	0.39841	0.02849	0.01440	0.01952	0.16874	0.01252	0.02792	0.20073	0.02091	0.01570	0.01622	0.01288	0.00749	0.00581	0.00187	0.00833	0.00524	0.00442	0.00974
24	0.73992	0.01556	0.01141	0.01023	0.01467	0.06720	0.00832	0.02193	0.01297	0.03153	0.01020	0.01190	0.00798	0.00680	0.00465	0.00222	0.00617	0.00399	0.00444	0.00791
25	0.01743	0.06544	0.10596	0.01566	0.06763	0.01501	0.01293	0.14317	0.11537	0.05805	0.22736	0.03038	0.03097	0.01021	0.00734	0.00220	0.00632	0.00852	0.05027	0.00976
26	0.00957	0.00717	0.00893	0.00973	0.01091	0.00674	0.00682	0.01233	0.04886	0.02152	0.18147	0.45901	0.15032	0.01982	0.00893	0.00271	0.00405	0.01767	0.00704	0.00642
27	0.01333	0.00783	0.00947	0.00898	0.01113	0.00710	0.00668	0.01586	0.01750	0.11777	0.24192	0.13968	0.18509	0.05395	0.00948	0.00257	0.00416	0.01269	0.12763	0.00719
28	0.01565	0.00839	0.00940	0.00887	0.01111	0.00833	0.00672	0.04735	0.04985	0.10142	0.06249	0.12629	0.02521	0.01092	0.00630	0.00202	0.00413	0.00915	0.47865	0.00775

[dist]
# distance from previous block
# <min> <max>
0	1

[block]
# block no. 3 follows, 28 sequences, length 47
# corresponding to MSA columns:
# 337-383
name=unknown_D
#
# <colnr> <probs for GDERKNQSTAVLIFYWHMCP>
#	G	D	E	R	K	N	Q	S	T	A	V	L	I	F	Y	W	H	M	C	P
0	0.01678	0.01642	0.08482	0.01259	0.01939	0.01220	0.01116	0.11066	0.01777	0.02672	0.01357	0.01543	0.01083	0.00600	0.00580	0.00135	0.00628	0.00473	0.00460	0.60289
1	0.02085	0.18830	0.16192	0.07409	0.04405	0.28019	0.01646	0.02446	0.01731	0.04817	0.01383	0.05306	0.01184	0.00792	0.00646	0.00201	0.01029	0.00580	0.00381	0.00918
2	0.01813	0.42562	0.15994	0.02197	0.17895	0.02359	0.03785	0.02217	0.01536	0.01992	0.01162	0.01405	0.00986	0.00640	0.00579	0.00186	0.00866	0.00491	0.00323	0.01011
3	0.01528	0.08325	0.02066	0.01975	0.17039	0.06854	0.05999	0.01838	0.01649	0.02168	0.05809	0.06483	0.16815	0.01010	0.00710	0.00198	0.00693	0.00875	0.00477	0.17489
4	0.01531	0.01257	0.01438	0.01302	0.01476	0.04016	0.00981	0.07292	0.16295	0.02141	0.02256	0.05013	0.05278	0.16354	0.06438	0.11407	0.13421	0.00852	0.00504	0.00749
5	0.00952	0.00733	0.00875	0.00921	0.01076	0.00675	0.00659	0.01234	0.04628	0.02193	0.20466	0.33106	0.26040	0.01893	0.00881	0.00261	0.00393	0.01663	0.00707	0.00645
6	0.00989	0.00711	0.00935	0.04161	0.01246	0.00713	0.00746	0.01190	0.01401	0.01935	0.03738	0.39192	0.12475	0.02622	0.15049	0.00447	0.00736	0.01512	0.09579	0.00625
7	0.01612	0.01806	0.07468	0.24321	0.11062	0.01745	0.29591	0.02325	0.08270	0.02258	0.01542	0.01984	0.01167	0.00694	0.00780	0.00240	0.01034	0.00746	0.00386	0.00969
8	0.31598	0.01578	0.02109	0.08711	0.02440	0.01710	0.16110	0.15196	0.01823	0.03071	0.01518	0.06227	0.01252	0.00812	0.00658	0.00233	0.00786	0.00691	0.02570	0.00908
9	0.00879	0.00658	0.00817	0.00944	0.01037	0.00596	0.00645	0.01020	0.01457	0.01882	0.04830	0.57542	0.20714	0.02170	0.00911	0.00283	0.00409	0.01936	0.00675	0.00596
10	0.00949	0.00716	0.00997	0.08752	0.01497	0.00712	0.00836	0.01125	0.01421	0.01873	0.03840	0.60811	0.06930	0.02081	0.00907	0.00289	0.00489	0.04520	0.00637	0.00618
11	0.01438	0.01198	0.01469	0.01301	0.01593	0.03662	0.06633	0.14682	0.04413	0.02578	0.08154	0.27857	0.18888	0.01595	0.00844	0.00254	0.00588	0.01401	0.00658	0.00795
12	0.01614	0.26609	0.49204	0.01806	0.02735	0.02070	0.02223	0.02262	0.01516	0.02112	0.01210	0.01416	0.00925	0.00669	0.00619	0.00206	0.00979	0.00489	0.00308	0.01029
13	0.03261	0.01237	0.01687	0.01293	0.01856	0.01068	0.01068	0.03543	0.02081	0.70423	0.02868	0.02474	0.01799	0.00900	0.00731	0.00225	0.00619	0.00731	0.00900	0.01237
14	0.01705	0.14387	0.02837	0.18617	0.22041	0.01852	0.10664	0.07207	0.01741	0.02304	0.04280	0.02195	0.05508	0.00779	0.00710	0.00218	0.00867	0.00711	0.00409	0.00968
15	0.01087	0.00777	0.00966	0.00945	0.00973	0.00846	0.00615	0.01153	0.01085	0.01491	0.02131	0.04143	0.02356	0.54829	0.18332	0.00781	0.05590	0.00970	0.00422	0.00508
16	0.01049	0.00737	0.00958	0.00958	0.01015	0.00794	0.00646	0.01163	0.01106	0.01532	0.02139	0.03921	0.02280	0.44125	0.33533	0.00908	0.01251	0.00935	0.00418	0.00532
17	0.12011	0.01314	0.01732	0.10108	0.11701	0.04670	0.05424	0.02127	0.04240	0.09732	0.02210	0.12054	0.01995	0.01051	0.00712	0.00236	0.00696	0.05676	0.11441	0.00869
18	0.00879	0.00659	0.00816	0.00943	0.01036	0.00596	0.00644	0.01020	0.01459	0.01883	0.04853	0.57079	0.21161	0.02167	0.00910	0.00283	0.00408	0.01932	0.00675	0.00596
19	0.01764	0.05027	0.18478	0.16327	0.02763	0.01579	0.01625	0.12397	0.05056	0.06841	0.01635	0.02070	0.01293	0.08067	0.00977	0.00258	0.00832	0.00635	0.00466	0.11910
20	0.13673	0.05347	0.04939	0.01478	0.04639	0.04589	0.01202	0.23393	0.02133	0.04962	0.01422	0.01550	0.01088	0.00701	0.00607	0.00180	0.00710	0.00519	0.00526	0.26343
21	0.00901	0.00643	0.00861	0.01030	0.01078	0.00604	0.00701	0.01038	0.01407	0.01873	0.03998	0.70478	0.04774	0.02263	0.00932	0.00297	0.00435	0.05418	0.00674	0.00595
22	0.01396	0.02050	0.27516	0.01469	0.02030	0.01271	0.01548	0.09004	0.04371	0.02608	0.14446	0.11100	0.09667	0.01234	0.00783	0.00243	0.00710	0.04942	0.02719	0.00892
23	0.01972	0.09307	0.12911	0.02133	0.14282	0.11058	0.03233	0.16761	0.04632	0.02778	0.09408	0.04695	0.01916	0.00883	0.00711	0.00215	0.00855	0.00723	0.00507	0.01018
24	0.01755	0.05731	0.18720	0.01548	0.05263	0.01372	0.01425	0.04847	0.11501	0.14417	0.06072	0.09036	0.12991	0.01127	0.00750	0.00234	0.00683	0.00939	0.00606	0.00984
25	0.00911	0.00704	0.00832	0.00873	0.01032	0.00624	0.00627	0.01116	0.01671	0.02169	0.22034	0.28798	0.32209	0.01895	0.00881	0.00258	0.00380	0.01655	0.00707	0.00624
26	0.02136	0.07996	0.13915	0.02214	0.13449	0.01837	0.08356	0.18775	0.07071	0.11434	0.01839	0.04586	0.01410	0.00824	0.00721	0.00223	0.00844	0.00708	0.00547	0.01114
27	0.01827	0.07448	0.04423	0.23401	0.12523	0.08395	0.01692	0.10234	0.09599	0.02380	0.01520	0.01870	0.01203	0.01007	0.03976	0.00271	0.06206	0.00633	0.00432	0.00962
28	0.01636	0.01557	0.05670	0.15343	0.31505	0.01519	0.01773	0.05594	0.06588	0.04307	0.02410	0.04869	0.09367	0.00953	0.00756	0.00235	0.00783	0.03668	0.00473	0.00993
29	0.00895	0.00684	0.00815	0.00912	0.01035	0.00615	0.00639	0.01047	0.01489	0.01890	0.05190	0.42820	0.29144	0.05316	0.01029	0.00296	0.00425	0.04499	0.00664	0.00596
30	0.01820	0.12436	0.24053	0.04272	0.08191	0.08478	0.08336	0.04848	0.05948	0.05287	0.01597	0.05717	0.01315	0.00823	0.00763	0.00224	0.03799	0.00675	0.00416	0.01002
31	0.08716	0.01598	0.08484	0.05586	0.11072	0.01390	0.11053	0.06168	0.03753	0.05276	0.01972	0.14359	0.01846	0.04885	0.00887	0.00252	0.00766	0.00894	0.00488	0.10556
32	0.01322	0.07151	0.07733	0.01507	0.04675	0.01218	0.09463	0.06328	0.01704	0.02245	0.05758	0.22307	0.19777	0.01421	0.00803	0.00241	0.00643	0.01260	0.00560	0.03884
33	0.03818	0.02211	0.14485	0.10193	0.02629	0.14782	0.07838	0.08097	0.05013	0.02302	0.01847	0.04835	0.04072	0.01302	0.06671	0.00313	0.05507	0.02746	0.00437	0.00900
34	0.07307	0.10608	0.01681	0.05018	0.01746	0.01481	0.01036	0.12650	0.10509	0.04834	0.09484	0.16645	0.07984	0.01300	0.00752	0.00240	0.00596	0.04626	0.00629	0.00874
35	0.07397	0.02489	0.23479	0.01717	0.02276	0.15988	0.05127	0.06285	0.01744	0.02340	0.05149	0.07196	0.04398	0.01188	0.03813	0.00274	0.04197	0.03606	0.00445	0.00892
36	0.08492	0.01892	0.03863	0.01908	0.09238	0.11987	0.06747	0.14010	0.06888	0.08156	0.01848	0.02392	0.01516	0.00869	0.00708	0.00217	0.00829	0.07010	0.00544	0.10887
37	0.04785	0.04378	0.04079	0.06603	0.02033	0.08342	0.06850	0.07252	0.01853	0.13377	0.09739	0.16799	0.04737	0.01183	0.00757	0.00233	0.00710	0.01022	0.04395	0.00874
38	0.07264	0.05331	0.01728	0.01372	0.01830	0.15255	0.01091	0.05433	0.17857	0.19392	0.02331	0.02249	0.04233	0.00870	0.00666	0.00208	0.00725	0.00667	0.04781	0.06717
39	0.04892	0.01768	0.05325	0.13221	0.07464	0.08651	0.04238	0.14226	0.01954	0.02666	0.07116	0.04151	0.01759	0.00894	0.00785	0.00216	0.04034	0.03370	0.00492	0.12779
40	0.01918	0.01478	0.01628	0.11392	0.04672	0.10841	0.01181	0.11024	0.02085	0.13587	0.21085	0.08324	0.05443	0.01139	0.00773	0.00228	0.00696	0.00958	0.00651	0.00896
41	0.01385	0.01342	0.04137	0.06968	0.01850	0.10314	0.05282	0.01690	0.01617	0.02088	0.03170	0.14575	0.10019	0.04320	0.00924	0.00274	0.00716	0.17165	0.11452	0.00714
42	0.01849	0.01902	0.09437	0.09551	0.09158	0.08401	0.04998	0.13698	0.10513	0.04907	0.10795	0.02718	0.06988	0.00953	0.00750	0.00227	0.00803	0.00805	0.00560	0.00985
43	0.01567	0.01807	0.11353	0.01600	0.03918	0.08313	0.04257	0.06091	0.04328	0.02302	0.05540	0.09357	0.07299	0.01340	0.04687	0.00277	0.08590	0.03525	0.00490	0.13358
44	0.01818	0.01356	0.06526	0.06936	0.01969	0.01208	0.01187	0.12308	0.03866	0.15741	0.08359	0.08220	0.11036	0.01449	0.04233	0.00286	0.00707	0.07898	0.00659	0.04239
45	0.04309	0.14091	0.06697	0.07627	0.02200	0.04364	0.06025	0.07563	0.03624	0.12077	0.02068	0.02426	0.05725	0.08329	0.03927	0.00295	0.00832	0.00701	0.00502	0.06619
46	0.01774	0.06938	0.05746	0.11931	0.15370	0.04530	0.01499	0.08153	0.01779	0.07713	0.04205	0.05305	0.09302	0.00961	0.00820	0.00220	0.05367	0.00782	0.00490	0.07115

[dist]
# distance from previous block
# <min> <max>
3	350

# created by:
# /home/berkeley/.conda/envs/busco_data_prod/bin/msa2prfl.pl pipeline/OGs_align_augustus/5794/64694.fs
