[name]
unknown

[dist]
# distance from previous block
# <min> <max>
0	12

[block]
# block no. 0 follows, 35 sequences, length 12
# corresponding to MSA columns:
# 12-23
name=unknown_A
#
# <colnr> <probs for GDERKNQSTAVLIFYWHMCP>
#	G	D	E	R	K	N	Q	S	T	A	V	L	I	F	Y	W	H	M	C	P
0	0.07375	0.01272	0.03445	0.01745	0.14069	0.01246	0.06215	0.13394	0.01775	0.15735	0.10544	0.02964	0.02137	0.00941	0.00714	0.00214	0.02460	0.12337	0.00550	0.00868
1	0.04432	0.16522	0.34295	0.01529	0.02204	0.11698	0.01658	0.12096	0.01648	0.06555	0.01200	0.01320	0.00890	0.00632	0.00563	0.00182	0.00845	0.00458	0.00365	0.00908
2	0.02226	0.01531	0.01619	0.01307	0.01709	0.09052	0.01056	0.29677	0.05950	0.22008	0.11044	0.02106	0.01849	0.00851	0.00725	0.00197	0.04853	0.00653	0.00632	0.00956
3	0.01628	0.04593	0.10067	0.01372	0.01860	0.07943	0.09052	0.13675	0.01801	0.06808	0.17278	0.02180	0.02090	0.00764	0.00623	0.00174	0.00666	0.00650	0.00489	0.16288
4	0.00811	0.00607	0.00747	0.00828	0.00932	0.00555	0.00592	0.00964	0.01338	0.01735	0.10532	0.40363	0.23013	0.06004	0.00929	0.00264	0.00384	0.08287	0.00587	0.00528
5	0.01482	0.10740	0.35630	0.01448	0.02090	0.01530	0.01600	0.15331	0.05340	0.02435	0.11882	0.02048	0.04196	0.00775	0.00615	0.00193	0.00727	0.00615	0.00432	0.00891
6	0.00902	0.00659	0.00871	0.00878	0.00970	0.00683	0.00619	0.01040	0.01056	0.01465	0.02256	0.16410	0.04900	0.25971	0.33625	0.00685	0.01021	0.00963	0.00409	0.04617
7	0.01324	0.01229	0.02026	0.18119	0.43018	0.01273	0.01596	0.01671	0.01427	0.01970	0.08428	0.06868	0.06735	0.00809	0.00660	0.00200	0.00676	0.00750	0.00380	0.00842
8	0.82186	0.01227	0.00932	0.00834	0.01227	0.01423	0.00687	0.01865	0.01080	0.02846	0.00883	0.01031	0.00687	0.00589	0.00393	0.00196	0.00491	0.00344	0.00393	0.00687
9	0.01062	0.00650	0.00801	0.00762	0.00924	0.00607	0.00571	0.01342	0.01629	0.06185	0.44664	0.08443	0.06720	0.01177	0.00667	0.00190	0.00316	0.01022	0.21653	0.00615
10	0.00773	0.00552	0.00736	0.00883	0.00920	0.00515	0.00589	0.00883	0.01215	0.01619	0.03497	0.77291	0.04196	0.01987	0.00810	0.00258	0.00368	0.01803	0.00589	0.00515
11	0.01519	0.02284	0.35023	0.01909	0.13073	0.01518	0.01760	0.13301	0.13708	0.02428	0.01778	0.01871	0.05542	0.00728	0.00628	0.00201	0.00760	0.00595	0.00417	0.00957

[dist]
# distance from previous block
# <min> <max>
0	1

[block]
# block no. 1 follows, 35 sequences, length 18
# corresponding to MSA columns:
# 25-42
name=unknown_B
#
# <colnr> <probs for GDERKNQSTAVLIFYWHMCP>
#	G	D	E	R	K	N	Q	S	T	A	V	L	I	F	Y	W	H	M	C	P
0	0.82186	0.01227	0.00932	0.00834	0.01227	0.01423	0.00687	0.01865	0.01080	0.02846	0.00883	0.01031	0.00687	0.00589	0.00393	0.00196	0.00491	0.00344	0.00393	0.00687
1	0.01388	0.01388	0.01943	0.01666	0.01666	0.01943	0.01388	0.01527	0.00972	0.01527	0.00833	0.01388	0.00833	0.01110	0.02082	0.00278	0.76544	0.00555	0.00278	0.00694
2	0.05839	0.01701	0.01739	0.01447	0.01838	0.10125	0.03862	0.25989	0.29384	0.02880	0.01776	0.01778	0.01337	0.00797	0.00735	0.00205	0.06458	0.00604	0.00553	0.00954
3	0.26638	0.54270	0.02583	0.01008	0.01504	0.02173	0.00962	0.01889	0.01224	0.01912	0.00882	0.01022	0.00775	0.00557	0.00403	0.00154	0.00620	0.00341	0.00309	0.00775
4	0.01113	0.00556	0.00795	0.00795	0.00815	0.00556	0.00537	0.00912	0.00893	0.01268	0.01229	0.01986	0.01171	0.02011	0.02211	0.70821	0.00517	0.00556	0.10939	0.00317
5	0.00898	0.00648	0.00848	0.00798	0.00948	0.00599	0.00599	0.01197	0.01796	0.02544	0.73413	0.04739	0.05986	0.01297	0.00748	0.00200	0.00299	0.01147	0.00698	0.00599
6	0.01578	0.01363	0.01434	0.01291	0.01650	0.01578	0.01004	0.03371	0.72602	0.02654	0.02582	0.02367	0.01937	0.00861	0.00646	0.00215	0.00502	0.00717	0.00646	0.01004
7	0.02414	0.01547	0.01756	0.09886	0.02127	0.05864	0.01180	0.37041	0.02334	0.26669	0.01768	0.01729	0.01199	0.00748	0.00632	0.00193	0.00689	0.00583	0.00626	0.01016
8	0.00771	0.00644	0.00673	0.00665	0.00870	0.00545	0.00499	0.00952	0.01497	0.01835	0.16192	0.05906	0.63650	0.01561	0.00750	0.00212	0.00318	0.01311	0.00605	0.00545
9	0.02519	0.01605	0.01798	0.01378	0.01882	0.01713	0.01138	0.54759	0.02695	0.21277	0.01764	0.01680	0.01200	0.00767	0.00635	0.00192	0.00659	0.00588	0.00672	0.01079
10	0.01625	0.01159	0.01280	0.01137	0.01466	0.01273	0.00887	0.02879	0.47380	0.12059	0.10596	0.02610	0.02316	0.00887	0.00634	0.00204	0.00461	0.00742	0.09481	0.00923
11	0.01300	0.01066	0.01233	0.00900	0.01416	0.00817	0.00717	0.01584	0.01317	0.02101	0.01235	0.01435	0.01018	0.00501	0.00467	0.00100	0.00450	0.00400	0.09600	0.72343
12	0.06598	0.01248	0.01373	0.01130	0.01530	0.01278	0.00892	0.18454	0.19173	0.06126	0.01836	0.07503	0.01510	0.00882	0.00698	0.04958	0.00528	0.00642	0.02892	0.20751
13	0.01490	0.29199	0.02293	0.18152	0.09560	0.01622	0.03298	0.01779	0.01407	0.07552	0.10434	0.07369	0.01804	0.00785	0.00581	0.00182	0.00654	0.00657	0.00398	0.00783
14	0.01920	0.10511	0.03945	0.03635	0.16586	0.15639	0.01301	0.09996	0.13745	0.09163	0.01508	0.01593	0.01155	0.00669	0.00586	0.00178	0.00739	0.00528	0.00450	0.06153
15	0.01984	0.26531	0.02387	0.01636	0.12261	0.01937	0.01224	0.27998	0.04760	0.06781	0.01340	0.01423	0.01035	0.00650	0.00550	0.00168	0.00670	0.00493	0.00463	0.05710
16	0.01464	0.16061	0.01580	0.01097	0.01371	0.19630	0.00869	0.05016	0.01651	0.01981	0.23711	0.13635	0.07337	0.01086	0.00643	0.00187	0.00613	0.00888	0.00498	0.00681
17	0.01609	0.01731	0.05074	0.01659	0.12122	0.19803	0.01158	0.06289	0.19359	0.02098	0.02457	0.10886	0.11124	0.00974	0.00654	0.00201	0.00693	0.00803	0.00484	0.00820

[dist]
# distance from previous block
# <min> <max>
0	76

[block]
# block no. 2 follows, 35 sequences, length 18
# corresponding to MSA columns:
# 119-136
name=unknown_C
#
# <colnr> <probs for GDERKNQSTAVLIFYWHMCP>
#	G	D	E	R	K	N	Q	S	T	A	V	L	I	F	Y	W	H	M	C	P
0	0.01002	0.00682	0.00821	0.00766	0.00968	0.00602	0.00581	0.01243	0.01663	0.08134	0.41885	0.05050	0.31501	0.01373	0.00740	0.00205	0.00328	0.01179	0.00664	0.00614
1	0.02270	0.01693	0.01828	0.01392	0.01907	0.01822	0.01147	0.62589	0.02767	0.03749	0.01472	0.01496	0.01061	0.00724	0.00613	0.00178	0.00669	0.00546	0.00601	0.11475
2	0.02540	0.11277	0.01868	0.01243	0.01747	0.01511	0.01051	0.27774	0.02171	0.39366	0.01938	0.01781	0.01295	0.00745	0.00607	0.00186	0.00615	0.00575	0.00664	0.01045
3	0.18874	0.01663	0.01703	0.01331	0.01815	0.01855	0.01099	0.57235	0.02590	0.03760	0.01391	0.01421	0.00998	0.00726	0.00585	0.00192	0.00655	0.00524	0.00585	0.00998
4	0.01355	0.01211	0.01903	0.66531	0.04059	0.01481	0.01690	0.10662	0.01490	0.01928	0.01179	0.01670	0.00876	0.00651	0.00634	0.00209	0.00827	0.00565	0.00327	0.00753
5	0.01594	0.68091	0.03027	0.01077	0.01564	0.02288	0.01048	0.01801	0.01254	0.01490	0.00987	0.01208	0.00914	0.01087	0.10064	0.00250	0.00810	0.00383	0.00280	0.00782
6	0.01615	0.01619	0.02439	0.03454	0.59622	0.07631	0.01824	0.01947	0.01420	0.01968	0.01135	0.01514	0.00970	0.00635	0.00789	0.00197	0.09414	0.00551	0.00311	0.00947
7	0.01654	0.01501	0.02335	0.09262	0.52452	0.01567	0.01754	0.11433	0.07506	0.02343	0.01347	0.01639	0.01079	0.00622	0.00631	0.00193	0.00733	0.00578	0.00382	0.00990
8	0.00810	0.00617	0.00745	0.00771	0.00909	0.00552	0.00556	0.01005	0.01501	0.01983	0.29558	0.27171	0.28303	0.01611	0.00767	0.00222	0.00328	0.01411	0.00628	0.00552
9	0.00819	0.00639	0.00752	0.00806	0.00963	0.00573	0.00615	0.01006	0.01433	0.01809	0.11900	0.21741	0.38920	0.01686	0.00786	0.00236	0.00377	0.13793	0.00599	0.00546
10	0.00864	0.00647	0.00801	0.00762	0.00927	0.00584	0.00572	0.01131	0.01715	0.02353	0.58015	0.05053	0.21503	0.01368	0.00749	0.00203	0.00304	0.01191	0.00673	0.00584
11	0.01102	0.00551	0.00826	0.00826	0.00826	0.00551	0.00551	0.00826	0.00826	0.01102	0.01102	0.01928	0.01102	0.02204	0.02479	0.81543	0.00551	0.00551	0.00275	0.00275
12	0.01928	0.05403	0.16606	0.01709	0.03938	0.41211	0.03386	0.02366	0.07842	0.01764	0.01152	0.01333	0.00923	0.00690	0.00710	0.00186	0.07235	0.00471	0.00336	0.00810
13	0.00878	0.00659	0.00826	0.00895	0.01007	0.00634	0.00647	0.01177	0.06890	0.01920	0.17933	0.43340	0.11829	0.01700	0.00784	0.00241	0.00377	0.07070	0.00615	0.00578
14	0.03911	0.09821	0.07350	0.01451	0.04280	0.32105	0.01161	0.05591	0.01530	0.04288	0.01262	0.01703	0.01111	0.09180	0.10276	0.00326	0.03041	0.00518	0.00356	0.00738
15	0.01666	0.35616	0.05848	0.03429	0.05265	0.11298	0.01139	0.04393	0.01432	0.01800	0.01018	0.01193	0.00867	0.00552	0.00480	0.00138	0.00704	0.00390	0.00322	0.22452
16	0.01915	0.21305	0.15338	0.01376	0.01921	0.09909	0.01319	0.22593	0.05321	0.06183	0.03894	0.01530	0.01188	0.00690	0.00564	0.00176	0.00743	0.00508	0.02612	0.00915
17	0.06582	0.15129	0.12448	0.01240	0.04259	0.05105	0.01115	0.01882	0.01366	0.07908	0.01278	0.04495	0.01066	0.00612	0.00512	0.00146	0.00623	0.00471	0.00381	0.33384

[dist]
# distance from previous block
# <min> <max>
2	5

[block]
# block no. 3 follows, 35 sequences, length 95
# corresponding to MSA columns:
# 142-236
name=unknown_D
#
# <colnr> <probs for GDERKNQSTAVLIFYWHMCP>
#	G	D	E	R	K	N	Q	S	T	A	V	L	I	F	Y	W	H	M	C	P
0	0.45883	0.03354	0.08765	0.01185	0.01603	0.04066	0.03673	0.02124	0.12773	0.02504	0.01199	0.01341	0.00933	0.00681	0.00627	0.00205	0.07449	0.00454	0.00403	0.00776
1	0.03671	0.02006	0.20655	0.01600	0.04957	0.03404	0.05553	0.32307	0.03556	0.02819	0.01646	0.01925	0.04248	0.07784	0.00869	0.00234	0.00762	0.00614	0.00470	0.00920
2	0.01120	0.00725	0.00846	0.00777	0.00994	0.00662	0.00595	0.04148	0.01669	0.08861	0.32315	0.04562	0.28225	0.01269	0.00698	0.00198	0.00345	0.01077	0.10276	0.00639
3	0.82186	0.01227	0.00932	0.00834	0.01227	0.01423	0.00687	0.01865	0.01080	0.02846	0.00883	0.01031	0.00687	0.00589	0.00393	0.00196	0.00491	0.00344	0.00393	0.00687
4	0.01204	0.00947	0.01111	0.04249	0.01340	0.01030	0.00787	0.08260	0.18925	0.02114	0.10307	0.05615	0.11239	0.15281	0.14345	0.00425	0.00719	0.00884	0.00525	0.00694
5	0.02579	0.01056	0.01391	0.01084	0.01542	0.00927	0.00890	0.05598	0.01819	0.62706	0.02931	0.02604	0.10133	0.00882	0.00651	0.00198	0.00520	0.00719	0.00756	0.01015
6	0.01419	0.01379	0.02422	0.31762	0.40437	0.01478	0.08246	0.01829	0.01381	0.01894	0.01176	0.01630	0.00939	0.00589	0.00642	0.00200	0.00818	0.00581	0.00302	0.00875
7	0.01363	0.01269	0.02021	0.32089	0.31467	0.01404	0.01647	0.01921	0.10476	0.01937	0.01618	0.04932	0.03680	0.00724	0.00644	0.00205	0.00728	0.00661	0.00364	0.00849
8	0.02203	0.01265	0.01609	0.13386	0.02100	0.01310	0.01117	0.25134	0.02108	0.30804	0.10420	0.02182	0.01818	0.00814	0.00649	0.00197	0.00613	0.00665	0.00644	0.00961
9	0.00773	0.00552	0.00736	0.00883	0.00920	0.00515	0.00589	0.00883	0.01215	0.01619	0.03497	0.77291	0.04196	0.01987	0.00810	0.00258	0.00368	0.01803	0.00589	0.00515
10	0.01516	0.01271	0.01381	0.01313	0.04449	0.01448	0.00975	0.03058	0.60520	0.02600	0.05157	0.02424	0.02024	0.00854	0.00630	0.00207	0.00486	0.00716	0.08021	0.00951
11	0.74797	0.01253	0.01083	0.01115	0.07874	0.01431	0.00803	0.01872	0.01113	0.02775	0.00912	0.01080	0.00716	0.00587	0.00414	0.00196	0.00515	0.00364	0.00385	0.00716
12	0.01388	0.01388	0.01943	0.01666	0.01666	0.01943	0.01388	0.01527	0.00972	0.01527	0.00833	0.01388	0.00833	0.01110	0.02082	0.00278	0.76544	0.00555	0.00278	0.00694
13	0.02378	0.01922	0.01892	0.01679	0.08504	0.16642	0.01245	0.43055	0.02462	0.11702	0.01500	0.01526	0.01078	0.00725	0.00622	0.00185	0.00775	0.00546	0.00561	0.01003
14	0.01470	0.01899	0.12177	0.02570	0.03248	0.01589	0.63198	0.02029	0.01478	0.02029	0.01266	0.01667	0.00944	0.00543	0.00731	0.00212	0.01054	0.00715	0.00315	0.00865
15	0.02019	0.00998	0.01211	0.00986	0.01374	0.00928	0.00790	0.02516	0.12308	0.35188	0.02228	0.02141	0.01562	0.00745	0.00566	0.00173	0.00460	0.00605	0.22251	0.10953
16	0.00850	0.00647	0.00782	0.00748	0.00918	0.00578	0.00561	0.01104	0.01683	0.02276	0.51756	0.05181	0.27810	0.01397	0.00749	0.00204	0.00306	0.01209	0.00663	0.00578
17	0.01944	0.02050	0.02798	0.02110	0.02640	0.19744	0.36349	0.19859	0.01949	0.02415	0.01270	0.01524	0.00956	0.00622	0.00676	0.00196	0.00993	0.00620	0.00402	0.00883
18	0.01696	0.78087	0.03324	0.01085	0.01628	0.02510	0.01085	0.01900	0.01289	0.01493	0.00882	0.01018	0.00814	0.00543	0.00407	0.00136	0.00678	0.00339	0.00271	0.00814
19	0.00932	0.00642	0.00817	0.00773	0.00923	0.00598	0.00580	0.01231	0.01740	0.02523	0.64900	0.04455	0.05466	0.01230	0.00712	0.00193	0.00299	0.01081	0.10308	0.00598
20	0.01870	0.01184	0.01381	0.01133	0.01487	0.01224	0.00902	0.24879	0.09969	0.17716	0.24586	0.02870	0.02875	0.04052	0.00777	0.00214	0.00514	0.00797	0.00677	0.00891
21	0.00842	0.00645	0.00784	0.00841	0.00991	0.00587	0.00649	0.01045	0.01457	0.01872	0.15974	0.21148	0.31667	0.01671	0.00792	0.00239	0.00389	0.17250	0.00606	0.00553
22	0.02407	0.01901	0.01893	0.01477	0.01967	0.09240	0.01208	0.64766	0.02865	0.03755	0.01469	0.01485	0.01053	0.00751	0.00628	0.00188	0.00742	0.00555	0.00604	0.01045
23	0.02246	0.01716	0.01698	0.01358	0.01780	0.10440	0.01084	0.46343	0.05521	0.09776	0.01647	0.01863	0.01265	0.09249	0.00914	0.00236	0.00719	0.00603	0.00585	0.00958
24	0.11290	0.61895	0.02970	0.01313	0.08191	0.02289	0.01117	0.01900	0.01278	0.01707	0.00911	0.01070	0.00816	0.00550	0.00426	0.00148	0.00663	0.00360	0.00290	0.00816
25	0.57733	0.01269	0.01152	0.00966	0.01391	0.01402	0.00797	0.10814	0.01452	0.16007	0.01259	0.01298	0.00897	0.00646	0.00468	0.00196	0.00526	0.00426	0.00494	0.00808
26	0.01439	0.01544	0.08381	0.10396	0.02141	0.10437	0.11179	0.12935	0.01633	0.02092	0.02047	0.28696	0.02095	0.01126	0.00703	0.00218	0.00728	0.01008	0.00459	0.00744
27	0.00918	0.00631	0.00775	0.00775	0.00804	0.00660	0.00488	0.00976	0.00947	0.01292	0.01923	0.03730	0.02123	0.59172	0.21512	0.00718	0.00890	0.00861	0.00373	0.00431
28	0.02340	0.00961	0.01303	0.01053	0.01446	0.00840	0.00847	0.02582	0.01757	0.55900	0.14110	0.09465	0.02528	0.00978	0.00672	0.00202	0.00485	0.00828	0.00753	0.00950
29	0.00793	0.00568	0.00754	0.00869	0.00925	0.00529	0.00590	0.00934	0.01309	0.01770	0.14851	0.65508	0.04487	0.01875	0.00800	0.00248	0.00357	0.01697	0.00607	0.00529
30	0.02312	0.01728	0.01848	0.01440	0.01929	0.01921	0.01182	0.63487	0.11290	0.03838	0.01649	0.01624	0.01181	0.00773	0.00636	0.00193	0.00675	0.00589	0.00636	0.01070
31	0.65278	0.01305	0.01094	0.00951	0.01354	0.01502	0.00778	0.10328	0.07863	0.02966	0.01115	0.01212	0.00848	0.00634	0.00445	0.00197	0.00517	0.00405	0.00445	0.00763
32	0.02412	0.01777	0.01904	0.01460	0.01967	0.01967	0.01206	0.71633	0.02983	0.03998	0.01523	0.01523	0.01079	0.00762	0.00635	0.00190	0.00698	0.00571	0.00635	0.01079
33	0.01115	0.00558	0.00788	0.00788	0.00812	0.00558	0.00534	0.00932	0.00908	0.01307	0.01259	0.01999	0.01187	0.01966	0.02149	0.68324	0.00509	0.00558	0.13422	0.00327
34	0.01696	0.78087	0.03324	0.01085	0.01628	0.02510	0.01085	0.01900	0.01289	0.01493	0.00882	0.01018	0.00814	0.00543	0.00407	0.00136	0.00678	0.00339	0.00271	0.00814
35	0.10869	0.01632	0.02211	0.06215	0.47771	0.10442	0.01661	0.01959	0.01399	0.02033	0.01099	0.01447	0.00925	0.00627	0.00715	0.00195	0.07062	0.00520	0.00320	0.00897
36	0.01719	0.01433	0.01514	0.01320	0.01704	0.01644	0.01038	0.14950	0.60792	0.02882	0.02402	0.02224	0.01791	0.00844	0.00644	0.00211	0.00535	0.00692	0.00644	0.01017
37	0.00805	0.00580	0.00768	0.00892	0.00956	0.00543	0.00625	0.00950	0.01295	0.01726	0.09411	0.61756	0.07300	0.01892	0.00808	0.00254	0.00380	0.07932	0.00598	0.00529
38	0.01242	0.01173	0.01983	0.67554	0.12648	0.01421	0.01784	0.01660	0.01290	0.01675	0.01135	0.01677	0.00865	0.00626	0.00634	0.00209	0.00835	0.00564	0.00286	0.00741
39	0.00773	0.00552	0.00736	0.00883	0.00920	0.00515	0.00589	0.00883	0.01215	0.01619	0.03497	0.77291	0.04196	0.01987	0.00810	0.00258	0.00368	0.01803	0.00589	0.00515
40	0.01073	0.00561	0.00805	0.00805	0.00805	0.00561	0.00524	0.00842	0.00842	0.01123	0.01248	0.02289	0.01298	0.14465	0.02601	0.68400	0.00561	0.00611	0.00293	0.00293
41	0.01696	0.78087	0.03324	0.01085	0.01628	0.02510	0.01085	0.01900	0.01289	0.01493	0.00882	0.01018	0.00814	0.00543	0.00407	0.00136	0.00678	0.00339	0.00271	0.00814
42	0.00805	0.00577	0.00765	0.00862	0.00927	0.00536	0.00591	0.00963	0.01362	0.01854	0.21260	0.58858	0.04651	0.01812	0.00794	0.00243	0.00351	0.01637	0.00617	0.00536
43	0.01964	0.01862	0.01597	0.01546	0.08246	0.29772	0.01095	0.09562	0.06450	0.10827	0.18185	0.02259	0.02226	0.00836	0.00637	0.00184	0.00751	0.00659	0.00520	0.00823
44	0.01603	0.01195	0.02069	0.08217	0.15916	0.01166	0.17478	0.01960	0.01541	0.16403	0.12143	0.05650	0.02052	0.00825	0.00707	0.00204	0.02169	0.02377	0.05487	0.00838
45	0.66877	0.01207	0.01025	0.00886	0.01288	0.01353	0.00729	0.04299	0.01245	0.12190	0.01150	0.01233	0.00842	0.00625	0.00434	0.00195	0.00498	0.00397	0.02779	0.00748
46	0.01347	0.02121	0.33083	0.04545	0.19449	0.01374	0.03373	0.02064	0.11029	0.02166	0.08569	0.01932	0.01558	0.00702	0.00627	0.00198	0.00746	0.00607	0.03603	0.00906
47	0.01933	0.01430	0.01554	0.01313	0.01724	0.01596	0.01045	0.20006	0.47155	0.11518	0.02314	0.02136	0.01683	0.00827	0.00642	0.00207	0.00554	0.00672	0.00660	0.01031
48	0.00881	0.00645	0.00808	0.00769	0.00913	0.00592	0.00564	0.01136	0.01672	0.02319	0.58405	0.04858	0.14176	0.08340	0.00976	0.00239	0.00331	0.01151	0.00656	0.00571
49	0.01208	0.01080	0.01749	0.62575	0.03770	0.01345	0.01581	0.01598	0.01258	0.01704	0.01222	0.01753	0.00938	0.00676	0.00701	0.00208	0.05438	0.00567	0.09941	0.00691
50	0.01833	0.01641	0.01662	0.01615	0.10267	0.13451	0.01137	0.23765	0.17467	0.02800	0.15440	0.02268	0.02156	0.00845	0.00648	0.00193	0.00658	0.00686	0.00561	0.00906
51	0.00920	0.00625	0.00740	0.00740	0.00757	0.00641	0.00445	0.00954	0.00937	0.01266	0.01954	0.03906	0.02200	0.66900	0.13888	0.00675	0.00776	0.00887	0.00378	0.00411
52	0.01387	0.01451	0.01691	0.01448	0.03506	0.15290	0.14934	0.01911	0.12943	0.02040	0.14488	0.03343	0.20858	0.01014	0.00695	0.00202	0.00665	0.00893	0.00505	0.00735
53	0.72104	0.01262	0.01138	0.01217	0.10297	0.01434	0.00845	0.01875	0.01125	0.02750	0.00922	0.01098	0.00727	0.00586	0.00422	0.00195	0.00524	0.00371	0.00383	0.00727
54	0.01388	0.01388	0.01943	0.01666	0.01666	0.01943	0.01388	0.01527	0.00972	0.01527	0.00833	0.01388	0.00833	0.01110	0.02082	0.00278	0.76544	0.00555	0.00278	0.00694
55	0.01609	0.01362	0.01481	0.01392	0.04559	0.01559	0.01040	0.03307	0.67978	0.04401	0.02524	0.02330	0.01890	0.00847	0.00645	0.00214	0.00513	0.00709	0.00636	0.01006
56	0.02257	0.01782	0.02021	0.01910	0.15030	0.05053	0.01342	0.55959	0.02651	0.03542	0.01440	0.01515	0.01054	0.00721	0.00631	0.00189	0.00728	0.00563	0.00563	0.01051
57	0.01696	0.78087	0.03324	0.01085	0.01628	0.02510	0.01085	0.01900	0.01289	0.01493	0.00882	0.01018	0.00814	0.00543	0.00407	0.00136	0.00678	0.00339	0.00271	0.00814
58	0.00898	0.00648	0.00848	0.00798	0.00948	0.00599	0.00599	0.01197	0.01796	0.02544	0.73413	0.04739	0.05986	0.01297	0.00748	0.00200	0.00299	0.01147	0.00698	0.00599
59	0.01527	0.01622	0.01233	0.01173	0.01350	0.29774	0.00839	0.01793	0.07880	0.01560	0.01801	0.11360	0.01838	0.23532	0.09611	0.00404	0.00901	0.00782	0.00405	0.00614
60	0.09724	0.01727	0.01815	0.01402	0.01899	0.01917	0.01158	0.65237	0.02808	0.03893	0.01464	0.01478	0.01043	0.00746	0.00612	0.00191	0.00679	0.00550	0.00612	0.01043
61	0.08334	0.00690	0.00842	0.00812	0.00970	0.00664	0.00606	0.01221	0.01661	0.02461	0.58422	0.13057	0.05286	0.01314	0.00723	0.00206	0.00325	0.01152	0.00657	0.00597
62	0.02664	0.09668	0.01731	0.01166	0.01664	0.01237	0.00984	0.11619	0.01905	0.57296	0.02200	0.01953	0.01425	0.00755	0.00612	0.00189	0.00575	0.00597	0.00709	0.01050
63	0.00885	0.00599	0.00703	0.00741	0.00750	0.00590	0.00436	0.00913	0.00997	0.01329	0.02379	0.22734	0.02786	0.58468	0.02614	0.00524	0.00552	0.01146	0.00436	0.00418
64	0.02412	0.01777	0.01904	0.01460	0.01967	0.01967	0.01206	0.71633	0.02983	0.03998	0.01523	0.01523	0.01079	0.00762	0.00635	0.00190	0.00698	0.00571	0.00635	0.01079
65	0.01645	0.01059	0.01307	0.01001	0.01490	0.00846	0.00814	0.01919	0.01472	0.19699	0.04798	0.02205	0.01561	0.00700	0.00560	0.00142	0.00490	0.06807	0.00509	0.50977
66	0.01696	0.78087	0.03324	0.01085	0.01628	0.02510	0.01085	0.01900	0.01289	0.01493	0.00882	0.01018	0.00814	0.00543	0.00407	0.00136	0.00678	0.00339	0.00271	0.00814
67	0.02243	0.02940	0.10473	0.01639	0.02055	0.59656	0.01357	0.08805	0.01852	0.01831	0.01049	0.01202	0.00840	0.00658	0.00581	0.00170	0.01079	0.00431	0.00348	0.00791
68	0.01196	0.01064	0.01746	0.67160	0.03936	0.01312	0.01604	0.01604	0.01276	0.01710	0.01240	0.01772	0.00939	0.00647	0.00611	0.00204	0.00780	0.00567	0.09941	0.00691
69	0.01506	0.01687	0.03604	0.02819	0.11720	0.01593	0.63151	0.02022	0.01491	0.02037	0.01273	0.01694	0.00968	0.00538	0.00734	0.00211	0.01032	0.00727	0.00320	0.00873
70	0.00750	0.00643	0.00643	0.00643	0.00857	0.00536	0.00482	0.00910	0.01446	0.01714	0.06427	0.06105	0.73490	0.01607	0.00750	0.00214	0.00321	0.01339	0.00589	0.00536
71	0.00817	0.00634	0.00743	0.00739	0.00904	0.00561	0.00545	0.01032	0.01570	0.02063	0.35178	0.14006	0.35895	0.01518	0.00756	0.00213	0.00317	0.01311	0.00637	0.00561
72	0.02412	0.01777	0.01904	0.01460	0.01967	0.01967	0.01206	0.71633	0.02983	0.03998	0.01523	0.01523	0.01079	0.00762	0.00635	0.00190	0.00698	0.00571	0.00635	0.01079
73	0.50388	0.01123	0.01067	0.00902	0.01303	0.01196	0.00740	0.02206	0.01329	0.24718	0.01490	0.01500	0.01044	0.00663	0.00473	0.00192	0.00488	0.00457	0.07923	0.00799
74	0.05866	0.01753	0.01862	0.01433	0.01935	0.01944	0.01183	0.68612	0.02900	0.03948	0.01495	0.01502	0.01062	0.00754	0.00624	0.00191	0.00689	0.00561	0.00624	0.01062
75	0.01198	0.01128	0.01903	0.76180	0.04369	0.01409	0.01762	0.01621	0.01268	0.01621	0.01128	0.01691	0.00846	0.00634	0.00634	0.00211	0.00846	0.00564	0.00282	0.00705
76	0.01696	0.78087	0.03324	0.01085	0.01628	0.02510	0.01085	0.01900	0.01289	0.01493	0.00882	0.01018	0.00814	0.00543	0.00407	0.00136	0.00678	0.00339	0.00271	0.00814
77	0.01475	0.01444	0.02281	0.21328	0.42539	0.03966	0.01787	0.01817	0.01336	0.01855	0.01112	0.01557	0.00931	0.00674	0.00864	0.00208	0.13098	0.00558	0.00301	0.00871
78	0.01609	0.01378	0.01452	0.01297	0.01662	0.01593	0.01012	0.05952	0.69969	0.02705	0.02542	0.02335	0.01904	0.00857	0.00645	0.00214	0.00509	0.00712	0.00645	0.01007
79	0.00768	0.00643	0.00668	0.00662	0.00868	0.00543	0.00497	0.00946	0.01490	0.01818	0.14805	0.05934	0.65048	0.01568	0.00750	0.00212	0.00319	0.01315	0.00603	0.00543
80	0.01477	0.01413	0.02407	0.21928	0.56439	0.01483	0.01901	0.01866	0.01401	0.01960	0.01177	0.01600	0.00965	0.00582	0.00630	0.00194	0.00777	0.00565	0.00306	0.00930
81	0.00804	0.00575	0.00767	0.00882	0.00942	0.00538	0.00609	0.00953	0.01320	0.01782	0.14845	0.62472	0.04463	0.01865	0.00803	0.00250	0.00366	0.04627	0.00606	0.00532
82	0.01102	0.00551	0.00826	0.00826	0.00826	0.00551	0.00551	0.00826	0.00826	0.01102	0.01102	0.01928	0.01102	0.02204	0.02479	0.81543	0.00551	0.00551	0.00275	0.00275
83	0.02370	0.03023	0.01798	0.01634	0.01961	0.75158	0.01226	0.02533	0.01798	0.01553	0.00981	0.01144	0.00817	0.00654	0.00572	0.00163	0.01144	0.00409	0.00327	0.00735
84	0.01784	0.01317	0.01441	0.01265	0.01645	0.01473	0.00992	0.03326	0.61106	0.14271	0.02569	0.02333	0.01877	0.00848	0.00644	0.00212	0.00508	0.00704	0.00668	0.01016
85	0.00915	0.00700	0.01007	0.01285	0.09676	0.00673	0.00822	0.01096	0.01310	0.01764	0.06615	0.53321	0.03814	0.01746	0.00796	0.00252	0.00446	0.12614	0.00561	0.00589
86	0.32424	0.01212	0.01318	0.01055	0.01511	0.01230	0.00871	0.10200	0.01670	0.39801	0.01790	0.01668	0.01186	0.00709	0.00546	0.00196	0.00539	0.00521	0.00622	0.00933
87	0.01381	0.23813	0.26819	0.01627	0.02260	0.01655	0.16765	0.01851	0.01434	0.01954	0.12835	0.01881	0.01683	0.00684	0.00602	0.00185	0.00789	0.00603	0.00350	0.00829
88	0.01211	0.00694	0.00880	0.00782	0.00975	0.00684	0.06952	0.01529	0.01346	0.02335	0.01997	0.02305	0.01565	0.00720	0.00471	0.00154	0.00367	0.00606	0.73811	0.00616
89	0.01466	0.01366	0.02296	0.06369	0.59184	0.01377	0.01789	0.01831	0.01440	0.02026	0.01542	0.02482	0.01428	0.00761	0.00669	0.00206	0.00730	0.11757	0.00357	0.00924
90	0.01002	0.00791	0.01220	0.06929	0.01489	0.00908	0.03724	0.03511	0.01120	0.01584	0.01639	0.02405	0.01503	0.05798	0.62318	0.00888	0.01550	0.00675	0.00345	0.00601
91	0.01516	0.01297	0.01381	0.01246	0.01585	0.01488	0.00967	0.03172	0.66111	0.02644	0.09075	0.02584	0.02308	0.00901	0.00655	0.00214	0.00483	0.00757	0.00650	0.00967
92	0.00786	0.00616	0.00714	0.00762	0.00906	0.00544	0.00552	0.00952	0.01413	0.01796	0.14004	0.30099	0.38854	0.01701	0.00774	0.00230	0.00343	0.03813	0.00603	0.00539
93	0.01505	0.01510	0.10655	0.01364	0.01779	0.01374	0.06180	0.15986	0.25791	0.02681	0.14756	0.09206	0.02478	0.00964	0.00678	0.00209	0.00588	0.00834	0.00577	0.00884
94	0.01618	0.27285	0.34347	0.04757	0.02304	0.14112	0.01697	0.03808	0.01438	0.01800	0.01038	0.01223	0.00818	0.00597	0.00537	0.00174	0.00878	0.00424	0.00289	0.00857

[dist]
# distance from previous block
# <min> <max>
0	1

[block]
# block no. 4 follows, 35 sequences, length 15
# corresponding to MSA columns:
# 238-252
name=unknown_E
#
# <colnr> <probs for GDERKNQSTAVLIFYWHMCP>
#	G	D	E	R	K	N	Q	S	T	A	V	L	I	F	Y	W	H	M	C	P
0	0.01674	0.01590	0.03178	0.02312	0.02900	0.01518	0.54040	0.02328	0.10295	0.11039	0.01594	0.01847	0.01158	0.00606	0.00722	0.00212	0.00934	0.00731	0.00418	0.00902
1	0.01388	0.01388	0.01943	0.01666	0.01666	0.01943	0.01388	0.01527	0.00972	0.01527	0.00833	0.01388	0.00833	0.01110	0.02082	0.00278	0.76544	0.00555	0.00278	0.00694
2	0.01853	0.01944	0.04645	0.01420	0.01800	0.23000	0.01137	0.09596	0.39814	0.02396	0.01923	0.01890	0.01468	0.00913	0.03169	0.00225	0.00767	0.00602	0.00525	0.00915
3	0.01696	0.78087	0.03324	0.01085	0.01628	0.02510	0.01085	0.01900	0.01289	0.01493	0.00882	0.01018	0.00814	0.00543	0.00407	0.00136	0.00678	0.00339	0.00271	0.00814
4	0.01102	0.00551	0.00826	0.00826	0.00826	0.00551	0.00551	0.00826	0.00826	0.01102	0.01102	0.01928	0.01102	0.02204	0.02479	0.81543	0.00551	0.00551	0.00275	0.00275
5	0.00845	0.00646	0.00775	0.00743	0.00915	0.00576	0.00557	0.01095	0.01671	0.02247	0.49488	0.05227	0.30096	0.01408	0.00749	0.00205	0.00307	0.01216	0.00659	0.00576
6	0.02279	0.01711	0.01829	0.01433	0.01917	0.01905	0.01174	0.60754	0.14077	0.03784	0.01692	0.01658	0.01216	0.00777	0.00636	0.00194	0.00667	0.00594	0.00636	0.01067
7	0.01269	0.00675	0.00684	0.00653	0.00826	0.00688	0.00497	0.06430	0.01447	0.02480	0.02031	0.02306	0.01587	0.00741	0.00457	0.00151	0.00324	0.00590	0.75539	0.00626
8	0.00891	0.00643	0.00842	0.00803	0.00946	0.00594	0.00598	0.01180	0.01764	0.02493	0.69587	0.08709	0.05888	0.01335	0.00752	0.00203	0.00303	0.01183	0.00692	0.00594
9	0.01198	0.01128	0.01903	0.76180	0.04369	0.01409	0.01762	0.01621	0.01268	0.01621	0.01128	0.01691	0.00846	0.00634	0.00634	0.00211	0.00846	0.00564	0.00282	0.00705
10	0.00923	0.00615	0.00692	0.00692	0.00692	0.00615	0.00384	0.00923	0.00923	0.01230	0.01999	0.04151	0.02306	0.77705	0.03229	0.00615	0.00615	0.00923	0.00384	0.00384
11	0.02412	0.01777	0.01904	0.01460	0.01967	0.01967	0.01206	0.71633	0.02983	0.03998	0.01523	0.01523	0.01079	0.00762	0.00635	0.00190	0.00698	0.00571	0.00635	0.01079
12	0.01315	0.01128	0.01315	0.00940	0.01503	0.00846	0.00752	0.01597	0.01315	0.02067	0.01128	0.01315	0.00940	0.00470	0.00470	0.00094	0.00470	0.00376	0.00376	0.81583
13	0.02299	0.07289	0.01959	0.01443	0.01921	0.11038	0.01186	0.53504	0.07464	0.03427	0.01483	0.01498	0.01086	0.00740	0.00612	0.00185	0.00739	0.00545	0.00572	0.01013
14	0.08649	0.01191	0.01284	0.01016	0.01471	0.04117	0.00807	0.02102	0.11700	0.12739	0.06473	0.01829	0.01517	0.00656	0.00535	0.00147	0.00497	0.00522	0.03394	0.39353

[dist]
# distance from previous block
# <min> <max>
0	1

[block]
# block no. 5 follows, 35 sequences, length 12
# corresponding to MSA columns:
# 254-265
name=unknown_F
#
# <colnr> <probs for GDERKNQSTAVLIFYWHMCP>
#	G	D	E	R	K	N	Q	S	T	A	V	L	I	F	Y	W	H	M	C	P
0	0.01401	0.02297	0.33540	0.06255	0.10887	0.01525	0.23957	0.02112	0.07857	0.02061	0.01321	0.01595	0.00981	0.00602	0.00657	0.00205	0.00914	0.00596	0.00325	0.00913
1	0.01654	0.01365	0.01572	0.01219	0.01664	0.07818	0.03754	0.01991	0.05208	0.11945	0.01347	0.01499	0.01055	0.00643	0.00749	0.00151	0.11226	0.00473	0.00426	0.44239
2	0.00867	0.00655	0.00813	0.00880	0.01006	0.00620	0.00652	0.01133	0.05123	0.01888	0.15689	0.36044	0.19038	0.01699	0.00788	0.00241	0.00385	0.11301	0.00609	0.00569
3	0.00831	0.00630	0.00666	0.00666	0.00780	0.00573	0.00436	0.00916	0.01201	0.01487	0.04350	0.05189	0.40111	0.37291	0.01912	0.00402	0.00459	0.01144	0.00493	0.00465
4	0.00898	0.00648	0.00848	0.00798	0.00948	0.00599	0.00599	0.01197	0.01796	0.02544	0.73413	0.04739	0.05986	0.01297	0.00748	0.00200	0.00299	0.01147	0.00698	0.00599
5	0.02412	0.01777	0.01904	0.01460	0.01967	0.01967	0.01206	0.71633	0.02983	0.03998	0.01523	0.01523	0.01079	0.00762	0.00635	0.00190	0.00698	0.00571	0.00635	0.01079
6	0.24927	0.00778	0.00691	0.00663	0.00882	0.00835	0.00515	0.01592	0.01257	0.02506	0.01722	0.01974	0.01351	0.00695	0.00429	0.00162	0.00353	0.00519	0.57532	0.00619
7	0.82186	0.01227	0.00932	0.00834	0.01227	0.01423	0.00687	0.01865	0.01080	0.02846	0.00883	0.01031	0.00687	0.00589	0.00393	0.00196	0.00491	0.00344	0.00393	0.00687
8	0.01102	0.00551	0.00826	0.00826	0.00826	0.00551	0.00551	0.00826	0.00826	0.01102	0.01102	0.01928	0.01102	0.02204	0.02479	0.81543	0.00551	0.00551	0.00275	0.00275
9	0.01696	0.78087	0.03324	0.01085	0.01628	0.02510	0.01085	0.01900	0.01289	0.01493	0.00882	0.01018	0.00814	0.00543	0.00407	0.00136	0.00678	0.00339	0.00271	0.00814
10	0.01536	0.01473	0.02514	0.10459	0.67446	0.01498	0.01930	0.01917	0.01429	0.02032	0.01187	0.01581	0.00990	0.00572	0.00629	0.00191	0.00762	0.00565	0.00311	0.00978
11	0.03582	0.00653	0.00814	0.00958	0.04705	0.00614	0.00629	0.01052	0.01318	0.01833	0.08474	0.44762	0.17745	0.01630	0.00737	0.00229	0.00372	0.01442	0.07885	0.00563

[dist]
# distance from previous block
# <min> <max>
5	54

[block]
# block no. 6 follows, 35 sequences, length 54
# corresponding to MSA columns:
# 320-373
name=unknown_G
#
# <colnr> <probs for GDERKNQSTAVLIFYWHMCP>
#	G	D	E	R	K	N	Q	S	T	A	V	L	I	F	Y	W	H	M	C	P
0	0.01858	0.05014	0.02049	0.10916	0.23383	0.01589	0.01434	0.15121	0.11000	0.12738	0.01572	0.01724	0.01180	0.00722	0.00739	0.00201	0.06739	0.00585	0.00476	0.00960
1	0.03879	0.07591	0.11415	0.01641	0.07596	0.18731	0.01331	0.11776	0.25006	0.02367	0.01605	0.01642	0.01228	0.00712	0.00596	0.00190	0.00767	0.00545	0.00461	0.00921
2	0.07612	0.00646	0.00636	0.00628	0.00770	0.00662	0.00453	0.01411	0.01239	0.02204	0.01962	0.02572	0.01670	0.14249	0.00929	0.00234	0.00367	0.00630	0.60562	0.00563
3	0.04220	0.10590	0.05830	0.02661	0.36097	0.12156	0.07651	0.01969	0.01475	0.01965	0.06076	0.01641	0.01270	0.00642	0.00649	0.00185	0.03143	0.00561	0.00337	0.00880
4	0.00825	0.00605	0.00790	0.00882	0.00969	0.00547	0.00603	0.00962	0.01263	0.01719	0.08114	0.66237	0.04059	0.01819	0.00778	0.00241	0.00371	0.01644	0.00579	0.06994
5	0.01578	0.07829	0.07037	0.13123	0.24050	0.12384	0.01535	0.02173	0.13457	0.01962	0.01541	0.02072	0.01306	0.00739	0.00625	0.00198	0.00775	0.06368	0.00383	0.00866
6	0.01482	0.01149	0.01505	0.04733	0.12149	0.01312	0.01080	0.02125	0.20579	0.07791	0.01833	0.02277	0.01531	0.11869	0.01255	0.00270	0.14736	0.00665	0.10864	0.00798
7	0.02130	0.14068	0.01956	0.01475	0.01836	0.51457	0.01155	0.04970	0.08067	0.01777	0.04525	0.01416	0.01168	0.00689	0.00564	0.00167	0.00961	0.00466	0.00375	0.00777
8	0.00773	0.00552	0.00736	0.00883	0.00920	0.00515	0.00589	0.00883	0.01215	0.01619	0.03497	0.77291	0.04196	0.01987	0.00810	0.00258	0.00368	0.01803	0.00589	0.00515
9	0.01143	0.01143	0.09560	0.01158	0.03657	0.00989	0.00968	0.04189	0.09127	0.02314	0.32496	0.06331	0.03444	0.01407	0.07409	0.00277	0.05793	0.00884	0.07000	0.00711
10	0.70480	0.01205	0.01012	0.00878	0.01285	0.01351	0.00723	0.02046	0.01188	0.13372	0.01122	0.01197	0.00817	0.00618	0.00429	0.00196	0.00498	0.00387	0.00451	0.00745
11	0.01388	0.01388	0.01943	0.01666	0.01666	0.01943	0.01388	0.01527	0.00972	0.01527	0.00833	0.01388	0.00833	0.01110	0.02082	0.00278	0.76544	0.00555	0.00278	0.00694
12	0.01584	0.01922	0.20698	0.05019	0.02175	0.01594	0.04405	0.11667	0.38641	0.02583	0.01945	0.01930	0.01437	0.00756	0.00637	0.00208	0.00681	0.00628	0.00515	0.00976
13	0.43945	0.01435	0.01364	0.01108	0.01554	0.01602	0.00914	0.29861	0.01899	0.09010	0.01269	0.01318	0.00914	0.00674	0.00509	0.00194	0.00578	0.00458	0.00521	0.00875
14	0.01118	0.00816	0.01002	0.00881	0.01133	0.00753	0.00676	0.01566	0.09251	0.05814	0.49309	0.03907	0.07105	0.01115	0.00691	0.00186	0.00358	0.00970	0.00645	0.12704
15	0.00829	0.00596	0.00787	0.00845	0.00933	0.00553	0.00593	0.01025	0.01478	0.02038	0.35140	0.44455	0.05006	0.01675	0.00782	0.00231	0.00337	0.01506	0.00638	0.00553
16	0.01518	0.01372	0.01358	0.01245	0.01454	0.17887	0.00973	0.06950	0.01396	0.06623	0.01517	0.02014	0.01320	0.03001	0.42482	0.00655	0.06564	0.00598	0.00385	0.00687
17	0.01655	0.01318	0.01389	0.01218	0.01570	0.01499	0.00956	0.14040	0.51208	0.02828	0.02339	0.02231	0.01754	0.00827	0.00615	0.00202	0.00504	0.00676	0.12217	0.00957
18	0.00990	0.00747	0.00927	0.00873	0.01047	0.00735	0.00656	0.01495	0.11938	0.02516	0.59961	0.07801	0.05320	0.01267	0.00736	0.00204	0.00332	0.01116	0.00686	0.00653
19	0.01897	0.01448	0.01560	0.01322	0.01730	0.01628	0.01051	0.21197	0.48740	0.08724	0.02299	0.02130	0.01683	0.00829	0.00642	0.00207	0.00556	0.00673	0.00654	0.01030
20	0.00772	0.00644	0.00673	0.00666	0.00870	0.00545	0.00499	0.00953	0.01498	0.01836	0.16313	0.05904	0.63528	0.01561	0.00750	0.00212	0.00318	0.01311	0.00605	0.00545
21	0.02468	0.01687	0.01848	0.01417	0.01923	0.01834	0.01171	0.62806	0.02832	0.13037	0.01649	0.01605	0.01142	0.00765	0.00635	0.00191	0.00678	0.00580	0.00654	0.01079
22	0.01315	0.01128	0.01315	0.00940	0.01503	0.00846	0.00752	0.01597	0.01315	0.02067	0.01128	0.01315	0.00940	0.00470	0.00470	0.00094	0.00470	0.00376	0.00376	0.81583
23	0.01696	0.78087	0.03324	0.01085	0.01628	0.02510	0.01085	0.01900	0.01289	0.01493	0.00882	0.01018	0.00814	0.00543	0.00407	0.00136	0.00678	0.00339	0.00271	0.00814
24	0.82186	0.01227	0.00932	0.00834	0.01227	0.01423	0.00687	0.01865	0.01080	0.02846	0.00883	0.01031	0.00687	0.00589	0.00393	0.00196	0.00491	0.00344	0.00393	0.00687
25	0.02412	0.01777	0.01904	0.01460	0.01967	0.01967	0.01206	0.71633	0.02983	0.03998	0.01523	0.01523	0.01079	0.00762	0.00635	0.00190	0.00698	0.00571	0.00635	0.01079
26	0.00773	0.00552	0.00736	0.00883	0.00920	0.00515	0.00589	0.00883	0.01215	0.01619	0.03497	0.77291	0.04196	0.01987	0.00810	0.00258	0.00368	0.01803	0.00589	0.00515
27	0.01183	0.00591	0.00591	0.00591	0.00739	0.00591	0.00443	0.01478	0.01330	0.02365	0.02069	0.02365	0.01626	0.00739	0.00443	0.00148	0.00296	0.00591	0.81227	0.00591
28	0.02846	0.01080	0.01472	0.01129	0.01619	0.00932	0.00932	0.03092	0.01816	0.74187	0.02503	0.02159	0.01570	0.00785	0.00638	0.00196	0.00540	0.00638	0.00785	0.01080
29	0.02412	0.01777	0.01904	0.01460	0.01967	0.01967	0.01206	0.71633	0.02983	0.03998	0.01523	0.01523	0.01079	0.00762	0.00635	0.00190	0.00698	0.00571	0.00635	0.01079
30	0.82186	0.01227	0.00932	0.00834	0.01227	0.01423	0.00687	0.01865	0.01080	0.02846	0.00883	0.01031	0.00687	0.00589	0.00393	0.00196	0.00491	0.00344	0.00393	0.00687
31	0.82186	0.01227	0.00932	0.00834	0.01227	0.01423	0.00687	0.01865	0.01080	0.02846	0.00883	0.01031	0.00687	0.00589	0.00393	0.00196	0.00491	0.00344	0.00393	0.00687
32	0.01639	0.01439	0.02427	0.10130	0.61784	0.01453	0.01849	0.02009	0.01458	0.07797	0.01292	0.01628	0.01036	0.00589	0.00629	0.00191	0.00745	0.00571	0.00349	0.00984
33	0.01696	0.78087	0.03324	0.01085	0.01628	0.02510	0.01085	0.01900	0.01289	0.01493	0.00882	0.01018	0.00814	0.00543	0.00407	0.00136	0.00678	0.00339	0.00271	0.00814
34	0.82186	0.01227	0.00932	0.00834	0.01227	0.01423	0.00687	0.01865	0.01080	0.02846	0.00883	0.01031	0.00687	0.00589	0.00393	0.00196	0.00491	0.00344	0.00393	0.00687
35	0.00898	0.00640	0.00823	0.00783	0.00928	0.00588	0.00582	0.01135	0.01679	0.02336	0.60117	0.04667	0.13169	0.01404	0.00887	0.06704	0.00322	0.01121	0.00652	0.00566
36	0.02311	0.00978	0.01295	0.01033	0.01430	0.00873	0.00838	0.04789	0.01816	0.52039	0.17242	0.02691	0.02480	0.00888	0.00647	0.00193	0.00478	0.00739	0.06293	0.00946
37	0.01149	0.00949	0.01482	0.21184	0.12800	0.01022	0.01352	0.01488	0.01408	0.01852	0.02456	0.04903	0.02527	0.01285	0.00776	0.00256	0.00678	0.41291	0.00465	0.00678
38	0.00773	0.00552	0.00736	0.00883	0.00920	0.00515	0.00589	0.00883	0.01215	0.01619	0.03497	0.77291	0.04196	0.01987	0.00810	0.00258	0.00368	0.01803	0.00589	0.00515
39	0.01102	0.00551	0.00826	0.00826	0.00826	0.00551	0.00551	0.00826	0.00826	0.01102	0.01102	0.01928	0.01102	0.02204	0.02479	0.81543	0.00551	0.00551	0.00275	0.00275
40	0.01696	0.78087	0.03324	0.01085	0.01628	0.02510	0.01085	0.01900	0.01289	0.01493	0.00882	0.01018	0.00814	0.00543	0.00407	0.00136	0.00678	0.00339	0.00271	0.00814
41	0.00919	0.00669	0.00877	0.00882	0.01036	0.00628	0.00700	0.01205	0.01680	0.02309	0.49742	0.05480	0.10772	0.01441	0.00782	0.00225	0.00376	0.19029	0.00660	0.00590
42	0.04065	0.01818	0.01806	0.02015	0.20491	0.23244	0.01274	0.14210	0.01778	0.02225	0.07129	0.06981	0.01618	0.04082	0.00807	0.00210	0.04338	0.00660	0.00427	0.00822
43	0.01360	0.03188	0.66377	0.01885	0.05704	0.06541	0.02250	0.02042	0.01375	0.01980	0.01130	0.01336	0.00813	0.00605	0.00602	0.00198	0.00944	0.00469	0.00274	0.00927
44	0.66402	0.07354	0.01187	0.00889	0.01305	0.01452	0.00748	0.02012	0.01183	0.11145	0.01074	0.01163	0.00801	0.00608	0.00423	0.00191	0.00512	0.00378	0.00429	0.00743
45	0.01881	0.01870	0.02284	0.03082	0.49212	0.20719	0.01677	0.02192	0.01567	0.07701	0.01242	0.01506	0.01001	0.00606	0.00614	0.00183	0.00839	0.00530	0.00355	0.00940
46	0.01654	0.01538	0.01929	0.01618	0.01744	0.04773	0.01341	0.17192	0.01452	0.02079	0.00992	0.01409	0.00887	0.01015	0.01701	0.00254	0.56730	0.00553	0.00359	0.00781
47	0.00773	0.00552	0.00736	0.00883	0.00920	0.00515	0.00589	0.00883	0.01215	0.01619	0.03497	0.77291	0.04196	0.01987	0.00810	0.00258	0.00368	0.01803	0.00589	0.00515
48	0.01032	0.00865	0.01261	0.01188	0.01272	0.01094	0.00949	0.01236	0.01007	0.01487	0.01473	0.02203	0.01389	0.03804	0.56076	0.00826	0.21269	0.00647	0.00324	0.00600
49	0.01983	0.01457	0.01599	0.01309	0.01694	0.01588	0.01044	0.53134	0.02520	0.03376	0.02039	0.21334	0.01894	0.01082	0.00680	0.00208	0.00612	0.00893	0.00623	0.00931
50	0.00773	0.00552	0.00736	0.00883	0.00920	0.00515	0.00589	0.00883	0.01215	0.01619	0.03497	0.77291	0.04196	0.01987	0.00810	0.00258	0.00368	0.01803	0.00589	0.00515
51	0.01521	0.47114	0.32761	0.01385	0.02091	0.02081	0.01607	0.01945	0.01310	0.01706	0.00988	0.01151	0.00810	0.00568	0.00488	0.00163	0.00786	0.00393	0.00270	0.00865
52	0.02597	0.01221	0.01528	0.01200	0.01673	0.01175	0.00982	0.12877	0.12426	0.53655	0.02375	0.02099	0.01555	0.00793	0.00639	0.00198	0.00557	0.00640	0.00743	0.01068
53	0.42155	0.01844	0.01391	0.01196	0.01597	0.21723	0.00953	0.17957	0.01710	0.02755	0.01056	0.01174	0.00812	0.00646	0.00497	0.00186	0.00717	0.00413	0.00430	0.00790

[dist]
# distance from previous block
# <min> <max>
0	2

[block]
# block no. 7 follows, 35 sequences, length 23
# corresponding to MSA columns:
# 376-398
name=unknown_H
#
# <colnr> <probs for GDERKNQSTAVLIFYWHMCP>
#	G	D	E	R	K	N	Q	S	T	A	V	L	I	F	Y	W	H	M	C	P
0	0.01938	0.01364	0.01523	0.01231	0.01572	0.01534	0.01005	0.40563	0.02215	0.05527	0.01623	0.01778	0.01225	0.00910	0.02847	0.00213	0.09577	0.00580	0.21886	0.00890
1	0.01579	0.01324	0.01446	0.01181	0.01633	0.01352	0.00934	0.10780	0.37948	0.02595	0.01918	0.01877	0.01466	0.00704	0.00579	0.00167	0.00513	0.00573	0.00544	0.30885
2	0.00788	0.00644	0.00696	0.00683	0.00880	0.00552	0.00512	0.00985	0.01537	0.01929	0.23805	0.05751	0.55978	0.01526	0.00749	0.00210	0.00316	0.01289	0.00617	0.00552
3	0.02271	0.02859	0.01812	0.01637	0.01931	0.67782	0.01242	0.02432	0.01715	0.01550	0.00966	0.01169	0.00819	0.00700	0.00724	0.00175	0.08741	0.00423	0.00322	0.00731
4	0.02410	0.01728	0.13232	0.01378	0.01947	0.01462	0.01274	0.32305	0.02240	0.32643	0.01866	0.01756	0.01238	0.00746	0.00631	0.00194	0.00671	0.00582	0.00639	0.01057
5	0.00773	0.00552	0.00736	0.00883	0.00920	0.00515	0.00589	0.00883	0.01215	0.01619	0.03497	0.77291	0.04196	0.01987	0.00810	0.00258	0.00368	0.01803	0.00589	0.00515
6	0.14036	0.00692	0.00645	0.00630	0.00816	0.00723	0.00482	0.01540	0.01291	0.02441	0.01881	0.02153	0.01477	0.00715	0.00435	0.00156	0.00327	0.00552	0.68400	0.00606
7	0.00921	0.00622	0.00725	0.00725	0.00736	0.00633	0.00426	0.00944	0.00932	0.01255	0.01969	0.03984	0.02234	0.70356	0.10479	0.00656	0.00724	0.00898	0.00380	0.00403
8	0.02412	0.01777	0.01904	0.01460	0.01967	0.01967	0.01206	0.71633	0.02983	0.03998	0.01523	0.01523	0.01079	0.00762	0.00635	0.00190	0.00698	0.00571	0.00635	0.01079
