[name]
unknown

[dist]
# distance from previous block
# <min> <max>
0	64

[block]
# block no. 0 follows, 34 sequences, length 7
# corresponding to MSA columns:
# 64-70
name=unknown_A
#
# <colnr> <probs for GDERKNQSTAVLIFYWHMCP>
#	G	D	E	R	K	N	Q	S	T	A	V	L	I	F	Y	W	H	M	C	P
0	0.00981	0.00701	0.00972	0.01121	0.01244	0.00692	0.00937	0.01235	0.01428	0.01866	0.03454	0.23763	0.03850	0.01842	0.00876	0.00289	0.00543	0.53032	0.00596	0.00578
1	0.46208	0.01350	0.01301	0.01065	0.01513	0.01474	0.00878	0.18552	0.01719	0.18288	0.01406	0.01414	0.00986	0.00684	0.00512	0.00199	0.00560	0.00469	0.00544	0.00880
2	0.01310	0.01240	0.02100	0.58746	0.20742	0.01459	0.01839	0.01730	0.01334	0.01760	0.01164	0.01693	0.00900	0.00629	0.00644	0.00210	0.00839	0.00575	0.00295	0.00790
3	0.01220	0.01148	0.01938	0.75739	0.04450	0.01436	0.01794	0.01651	0.01292	0.01651	0.01148	0.01723	0.00861	0.00646	0.00646	0.00215	0.00861	0.00574	0.00287	0.00718
4	0.01340	0.01148	0.01340	0.00957	0.01531	0.00861	0.00766	0.01627	0.01340	0.02105	0.01148	0.01340	0.00957	0.00479	0.00479	0.00096	0.00479	0.00383	0.00383	0.81242
5	0.07947	0.01678	0.18637	0.01310	0.01912	0.01170	0.01287	0.06361	0.01745	0.48207	0.02054	0.01888	0.01326	0.00741	0.00624	0.00201	0.00651	0.00585	0.00639	0.01038
6	0.01256	0.01185	0.02002	0.69044	0.10869	0.01445	0.01812	0.01682	0.01309	0.01694	0.01155	0.01711	0.00876	0.00639	0.00645	0.00213	0.00853	0.00574	0.00290	0.00746

[dist]
# distance from previous block
# <min> <max>
0	5

[block]
# block no. 1 follows, 34 sequences, length 12
# corresponding to MSA columns:
# 76-87
name=unknown_B
#
# <colnr> <probs for GDERKNQSTAVLIFYWHMCP>
#	G	D	E	R	K	N	Q	S	T	A	V	L	I	F	Y	W	H	M	C	P
0	0.01118	0.00610	0.00636	0.00636	0.00737	0.00610	0.00432	0.01320	0.01219	0.02030	0.02084	0.03006	0.01883	0.25865	0.01382	0.00307	0.00408	0.00713	0.54471	0.00533
1	0.01426	0.01059	0.01334	0.01185	0.01433	0.01200	0.00946	0.24105	0.01694	0.02344	0.01672	0.02215	0.01446	0.03510	0.50424	0.00761	0.01396	0.00656	0.00445	0.00748
2	0.01771	0.01132	0.01794	0.51266	0.03531	0.01276	0.01517	0.02142	0.01475	0.25293	0.01608	0.01879	0.01104	0.00696	0.00647	0.00210	0.00759	0.00599	0.00455	0.00843
3	0.00871	0.00680	0.00912	0.00912	0.01062	0.00722	0.00704	0.01079	0.01181	0.01581	0.03310	0.03746	0.25036	0.03793	0.50463	0.00769	0.01270	0.00913	0.00429	0.00567
4	0.01204	0.00602	0.00602	0.00602	0.00753	0.00602	0.00452	0.01506	0.01355	0.02409	0.02108	0.02409	0.01656	0.00753	0.00452	0.00151	0.00301	0.00602	0.80879	0.00602
5	0.01568	0.01504	0.02567	0.09850	0.67620	0.01527	0.01968	0.01956	0.01457	0.02073	0.01210	0.01609	0.01010	0.00581	0.00640	0.00194	0.00775	0.00576	0.00317	0.00998
6	0.17184	0.02226	0.01924	0.02265	0.25238	0.36828	0.01386	0.02255	0.01575	0.02005	0.01051	0.01286	0.00870	0.00624	0.00567	0.00181	0.00909	0.00456	0.00341	0.00830
7	0.01599	0.01535	0.02623	0.03966	0.73262	0.01535	0.01983	0.01983	0.01471	0.02111	0.01215	0.01599	0.01023	0.00576	0.00640	0.00192	0.00768	0.00576	0.00320	0.01023
8	0.27757	0.01182	0.01212	0.00922	0.01439	0.01054	0.00744	0.01716	0.01261	0.02366	0.01067	0.01245	0.00873	0.00518	0.00453	0.00130	0.00486	0.00372	0.00388	0.54816
9	0.00923	0.00692	0.01038	0.01038	0.01154	0.00808	0.00808	0.01154	0.01038	0.01500	0.01731	0.02538	0.01615	0.04846	0.74732	0.01038	0.01731	0.00692	0.00346	0.00577
10	0.01301	0.01148	0.01536	0.25493	0.02489	0.01050	0.01103	0.01635	0.01324	0.01956	0.01148	0.01465	0.00926	0.00533	0.00533	0.00135	0.00604	0.00446	0.00351	0.54822
11	0.01333	0.01216	0.02008	0.02960	0.49532	0.01204	0.01529	0.01628	0.01394	0.01960	0.01985	0.26296	0.02090	0.01051	0.00700	0.00215	0.00639	0.00989	0.00412	0.00860

[dist]
# distance from previous block
# <min> <max>
0	7

[block]
# block no. 2 follows, 34 sequences, length 10
# corresponding to MSA columns:
# 95-104
name=unknown_C
#
# <colnr> <probs for GDERKNQSTAVLIFYWHMCP>
#	G	D	E	R	K	N	Q	S	T	A	V	L	I	F	Y	W	H	M	C	P
0	0.02140	0.01653	0.01761	0.01423	0.01883	0.01856	0.01152	0.45895	0.28765	0.03562	0.01953	0.01871	0.01424	0.00813	0.00651	0.00203	0.00637	0.00637	0.00651	0.01070
1	0.01220	0.01148	0.01938	0.75739	0.04450	0.01436	0.01794	0.01651	0.01292	0.01651	0.01148	0.01723	0.00861	0.00646	0.00646	0.00215	0.00861	0.00574	0.00287	0.00718
2	0.01005	0.00611	0.00800	0.00800	0.00816	0.00626	0.00510	0.00932	0.00916	0.01237	0.01655	0.03160	0.01794	0.39685	0.12519	0.30699	0.00749	0.00766	0.00344	0.00375
3	0.01239	0.01623	0.27926	0.01064	0.01514	0.00937	0.01173	0.01707	0.01358	0.02274	0.01755	0.02020	0.01344	0.00701	0.00512	0.00171	0.00545	0.00556	0.50849	0.00734
4	0.31261	0.01186	0.01570	0.47839	0.03258	0.01441	0.01387	0.01743	0.01220	0.02116	0.01056	0.01472	0.00801	0.00629	0.00554	0.00210	0.00727	0.00491	0.00329	0.00711
5	0.52004	0.29724	0.01857	0.00945	0.01402	0.01862	0.00851	0.01913	0.01179	0.02385	0.00899	0.01045	0.00748	0.00582	0.00405	0.00177	0.00571	0.00348	0.00354	0.00748
6	0.01073	0.00842	0.01041	0.00867	0.01176	0.00703	0.00668	0.01371	0.01647	0.02410	0.46182	0.03528	0.04182	0.01007	0.00656	0.00163	0.00370	0.00876	0.00589	0.30649
7	0.01340	0.01148	0.01340	0.00957	0.01531	0.00861	0.00766	0.01627	0.01340	0.02105	0.01148	0.01340	0.00957	0.00479	0.00479	0.00096	0.00479	0.00383	0.00383	0.81242
8	0.31579	0.49207	0.02478	0.01010	0.01506	0.02144	0.00954	0.01922	0.01233	0.02034	0.00899	0.01041	0.00781	0.00570	0.00409	0.00161	0.00620	0.00347	0.00322	0.00781
9	0.01562	0.00955	0.01201	0.00950	0.01349	0.00789	0.00752	0.01846	0.01646	0.19760	0.28229	0.02849	0.03029	0.00871	0.00626	0.00161	0.00431	0.00741	0.00607	0.31645

[dist]
# distance from previous block
# <min> <max>
0	6

[block]
# block no. 3 follows, 34 sequences, length 39
# corresponding to MSA columns:
# 111-149
name=unknown_D
#
# <colnr> <probs for GDERKNQSTAVLIFYWHMCP>
#	G	D	E	R	K	N	Q	S	T	A	V	L	I	F	Y	W	H	M	C	P
0	0.01693	0.01565	0.02547	0.03693	0.65425	0.01587	0.01900	0.09585	0.01644	0.02327	0.01252	0.01594	0.01032	0.00598	0.00640	0.00192	0.00761	0.00576	0.00356	0.01032
1	0.00830	0.00699	0.00741	0.00715	0.00952	0.00578	0.00533	0.01001	0.01432	0.01774	0.05618	0.13598	0.57376	0.01553	0.00739	0.00210	0.00349	0.01309	0.00576	0.09418
2	0.01279	0.01192	0.01916	0.64412	0.07158	0.01459	0.01718	0.01861	0.09087	0.01787	0.01314	0.01793	0.00991	0.00668	0.00647	0.00215	0.00819	0.00591	0.00329	0.00765
3	0.00857	0.00710	0.00752	0.00716	0.00948	0.00597	0.00535	0.01024	0.01404	0.01743	0.05352	0.05524	0.54787	0.09287	0.00997	0.00250	0.00386	0.04169	0.00554	0.09407
4	0.01095	0.00803	0.01078	0.01028	0.01167	0.00907	0.00779	0.08809	0.01241	0.01739	0.01766	0.02732	0.01690	0.17364	0.53798	0.00872	0.01421	0.00724	0.00387	0.00601
5	0.01672	0.69264	0.03227	0.09314	0.01965	0.02433	0.01181	0.01904	0.01311	0.01535	0.00926	0.01112	0.00833	0.00563	0.00440	0.00147	0.00710	0.00371	0.00278	0.00817
6	0.10168	0.00825	0.01032	0.01005	0.01240	0.00803	0.00830	0.01630	0.01613	0.13431	0.26048	0.04964	0.05957	0.01343	0.00754	0.00238	0.00474	0.26312	0.00644	0.00688
7	0.73124	0.01311	0.01058	0.00920	0.01333	0.01510	0.00758	0.09511	0.01313	0.03028	0.00971	0.01105	0.00744	0.00619	0.00427	0.00199	0.00523	0.00375	0.00427	0.00744
8	0.01477	0.01263	0.01713	0.40576	0.08571	0.08747	0.01440	0.01798	0.01412	0.09604	0.01737	0.15559	0.01581	0.00914	0.00672	0.00215	0.00761	0.00799	0.00408	0.00751
9	0.10387	0.01464	0.02368	0.10996	0.58274	0.01516	0.01822	0.01940	0.01412	0.02150	0.01174	0.01551	0.00971	0.00586	0.00614	0.00195	0.00748	0.00551	0.00325	0.00956
10	0.25383	0.01348	0.01893	0.09330	0.34579	0.01410	0.01428	0.02107	0.01403	0.13349	0.01322	0.01542	0.01002	0.00624	0.00571	0.00198	0.00664	0.00521	0.00414	0.00911
11	0.02899	0.01100	0.01499	0.01150	0.01649	0.00950	0.00950	0.03149	0.01849	0.73709	0.02549	0.02199	0.01599	0.00800	0.00650	0.00200	0.00550	0.00650	0.00800	0.01100
12	0.01665	0.66834	0.13681	0.01213	0.01824	0.02403	0.01293	0.01951	0.01320	0.01597	0.00936	0.01084	0.00828	0.00562	0.00444	0.00148	0.00729	0.00365	0.00276	0.00848
13	0.00957	0.00652	0.00826	0.00782	0.00934	0.00609	0.00587	0.01261	0.01760	0.02564	0.62588	0.04474	0.05449	0.01238	0.00717	0.00196	0.00304	0.01086	0.12409	0.00609
14	0.01864	0.54664	0.07807	0.01285	0.01817	0.17826	0.01226	0.03984	0.01474	0.01639	0.00955	0.01100	0.00837	0.00587	0.00470	0.00150	0.00810	0.00376	0.00298	0.00828
15	0.01664	0.32417	0.31608	0.01422	0.02111	0.01839	0.01601	0.02183	0.05055	0.10275	0.01359	0.01556	0.01057	0.00658	0.00549	0.00181	0.00769	0.02416	0.00365	0.00915
16	0.00924	0.00620	0.00709	0.00725	0.00729	0.00616	0.00413	0.00936	0.00970	0.01294	0.02193	0.11690	0.02547	0.69561	0.03036	0.00589	0.00601	0.01032	0.00413	0.00405
17	0.01494	0.01239	0.01422	0.01030	0.01596	0.01019	0.00829	0.11192	0.01574	0.02376	0.01204	0.01369	0.00977	0.00519	0.00502	0.00109	0.00511	0.00410	0.00419	0.70209
18	0.35149	0.01085	0.01118	0.00967	0.01317	0.01170	0.00784	0.07138	0.01424	0.17940	0.01592	0.01758	0.01197	0.01434	0.13795	0.00344	0.00724	0.00522	0.09761	0.00782
19	0.01484	0.00774	0.01010	0.00883	0.01130	0.00701	0.00686	0.01774	0.01786	0.21931	0.46492	0.03863	0.04416	0.01121	0.00700	0.00197	0.00371	0.00969	0.08970	0.00742
20	0.01128	0.00709	0.00922	0.00841	0.01036	0.00644	0.00641	0.01418	0.01810	0.10505	0.61080	0.04615	0.09584	0.01281	0.00750	0.00204	0.00334	0.01122	0.00715	0.00661
21	0.01414	0.01414	0.01979	0.01696	0.01696	0.01979	0.01414	0.01555	0.00990	0.01555	0.00848	0.01414	0.00848	0.01131	0.02120	0.00283	0.76110	0.00565	0.00283	0.00707
22	0.00780	0.00590	0.00721	0.00826	0.00918	0.00531	0.00567	0.00908	0.01308	0.01678	0.04459	0.55612	0.24952	0.01908	0.00806	0.00249	0.00361	0.01694	0.00600	0.00531
23	0.00866	0.00659	0.00797	0.00762	0.00936	0.00589	0.00572	0.01126	0.01716	0.02322	0.51795	0.05269	0.27391	0.01421	0.00763	0.00208	0.00312	0.01231	0.00676	0.00589
24	0.02456	0.01810	0.01939	0.01487	0.02004	0.02004	0.01228	0.71107	0.03038	0.04072	0.01551	0.01551	0.01099	0.00776	0.00646	0.00194	0.00711	0.00582	0.00646	0.01099
25	0.25233	0.40739	0.02266	0.01050	0.01486	0.05713	0.00953	0.01850	0.01239	0.01926	0.01018	0.01254	0.00899	0.01163	0.10650	0.00282	0.00802	0.00398	0.00325	0.00752
26	0.01296	0.03342	0.73944	0.01842	0.02797	0.01501	0.02387	0.02046	0.01364	0.02046	0.01160	0.01364	0.00818	0.00614	0.00614	0.00205	0.00955	0.00477	0.00273	0.00955
27	0.00927	0.00707	0.01042	0.01049	0.01150	0.00823	0.00807	0.01139	0.01062	0.01522	0.01927	0.12044	0.01923	0.04321	0.62053	0.00906	0.04812	0.00834	0.00376	0.00576
28	0.01319	0.03178	0.66741	0.01932	0.02856	0.01514	0.09426	0.02049	0.01381	0.02049	0.01175	0.01403	0.00835	0.00607	0.00629	0.00206	0.00969	0.00507	0.00278	0.00946
29	0.01525	0.01743	0.03813	0.02723	0.03377	0.01634	0.70915	0.02070	0.01525	0.02070	0.01307	0.01743	0.00980	0.00545	0.00763	0.00218	0.01089	0.00763	0.00327	0.00871
30	0.00764	0.00655	0.00655	0.00655	0.00873	0.00545	0.00491	0.00927	0.01473	0.01745	0.06546	0.06218	0.73000	0.01636	0.00764	0.00218	0.00327	0.01364	0.00600	0.00545
31	0.02456	0.01810	0.01939	0.01487	0.02004	0.02004	0.01228	0.71107	0.03038	0.04072	0.01551	0.01551	0.01099	0.00776	0.00646	0.00194	0.00711	0.00582	0.00646	0.01099
32	0.02454	0.01875	0.01934	0.01496	0.02003	0.05755	0.01229	0.67571	0.02976	0.03944	0.01523	0.01531	0.01085	0.00770	0.00643	0.00192	0.00734	0.00573	0.00630	0.01081
33	0.01296	0.03342	0.73944	0.01842	0.02797	0.01501	0.02387	0.02046	0.01364	0.02046	0.01160	0.01364	0.00818	0.00614	0.00614	0.00205	0.00955	0.00477	0.00273	0.00955
34	0.02899	0.01100	0.01499	0.01150	0.01649	0.00950	0.00950	0.03149	0.01849	0.73709	0.02549	0.02199	0.01599	0.00800	0.00650	0.00200	0.00550	0.00650	0.00800	0.01100
35	0.00787	0.00562	0.00750	0.00900	0.00937	0.00525	0.00600	0.00900	0.01237	0.01649	0.03561	0.76871	0.04274	0.02024	0.00825	0.00262	0.00375	0.01837	0.00600	0.00525
36	0.01296	0.03342	0.73944	0.01842	0.02797	0.01501	0.02387	0.02046	0.01364	0.02046	0.01160	0.01364	0.00818	0.00614	0.00614	0.00205	0.00955	0.00477	0.00273	0.00955
37	0.02899	0.01100	0.01499	0.01150	0.01649	0.00950	0.00950	0.03149	0.01849	0.73709	0.02549	0.02199	0.01599	0.00800	0.00650	0.00200	0.00550	0.00650	0.00800	0.01100
38	0.02899	0.01100	0.01499	0.01150	0.01649	0.00950	0.00950	0.03149	0.01849	0.73709	0.02549	0.02199	0.01599	0.00800	0.00650	0.00200	0.00550	0.00650	0.00800	0.01100

[dist]
# distance from previous block
# <min> <max>
1	32

[block]
# block no. 4 follows, 34 sequences, length 144
# corresponding to MSA columns:
# 182-249,310-385
name=unknown_E
#
# <colnr> <probs for GDERKNQSTAVLIFYWHMCP>
#	G	D	E	R	K	N	Q	S	T	A	V	L	I	F	Y	W	H	M	C	P
0	0.00927	0.00677	0.00961	0.00961	0.01050	0.00766	0.00712	0.01104	0.01016	0.01443	0.01801	0.02929	0.01785	0.21577	0.58232	0.00943	0.01476	0.00749	0.00357	0.00534
1	0.01014	0.00724	0.01010	0.01159	0.01296	0.00720	0.00994	0.01292	0.01461	0.01903	0.03436	0.14679	0.03778	0.01810	0.00885	0.00294	0.00572	0.61788	0.00595	0.00588
2	0.00820	0.00657	0.00733	0.00714	0.00907	0.00569	0.00535	0.01037	0.01606	0.02062	0.31377	0.05698	0.47971	0.01518	0.00763	0.00213	0.00319	0.01291	0.00642	0.00569
3	0.01560	0.01470	0.02358	0.11152	0.54130	0.01537	0.01804	0.02187	0.13116	0.02160	0.01442	0.01746	0.01163	0.00633	0.00643	0.00199	0.00735	0.00601	0.00372	0.00991
4	0.01988	0.02069	0.01679	0.01464	0.01736	0.32978	0.01130	0.17953	0.01823	0.02108	0.01287	0.01760	0.01138	0.09989	0.07362	0.00316	0.11487	0.00559	0.00406	0.00768
5	0.22779	0.00782	0.00723	0.00691	0.00908	0.00830	0.00535	0.01581	0.01337	0.02560	0.09306	0.02302	0.01872	0.00772	0.00471	0.00169	0.00355	0.00595	0.50804	0.00629
6	0.81856	0.01250	0.00950	0.00850	0.01250	0.01449	0.00700	0.01899	0.01100	0.02899	0.00900	0.01050	0.00700	0.00600	0.00400	0.00200	0.00500	0.00350	0.00400	0.00700
7	0.01575	0.01511	0.02580	0.08489	0.68925	0.01529	0.01971	0.01962	0.01460	0.02082	0.01211	0.01607	0.01013	0.00580	0.00640	0.00193	0.00774	0.00576	0.00318	0.01004
8	0.01482	0.42094	0.29130	0.01346	0.02004	0.01961	0.01525	0.01900	0.01387	0.01828	0.08645	0.01560	0.01385	0.00657	0.00525	0.00170	0.00747	0.00482	0.00321	0.00852
9	0.10837	0.02379	0.01712	0.01481	0.01866	0.42752	0.01150	0.18317	0.02004	0.06839	0.01241	0.01358	0.00957	0.00847	0.03321	0.00211	0.00972	0.00472	0.00442	0.00840
10	0.00940	0.00626	0.00705	0.00705	0.00705	0.00626	0.00392	0.00940	0.00940	0.01253	0.02036	0.04228	0.02349	0.77292	0.03289	0.00626	0.00626	0.00940	0.00392	0.00392
11	0.01414	0.01414	0.01979	0.01696	0.01696	0.01979	0.01414	0.01555	0.00990	0.01555	0.00848	0.01414	0.00848	0.01131	0.02120	0.00283	0.76110	0.00565	0.00283	0.00707
12	0.00808	0.00606	0.00755	0.00865	0.00963	0.00554	0.00618	0.00954	0.01327	0.01705	0.04346	0.50553	0.22625	0.01895	0.00816	0.00254	0.00385	0.08835	0.00599	0.00538
13	0.01220	0.01148	0.01938	0.75739	0.04450	0.01436	0.01794	0.01651	0.01292	0.01651	0.01148	0.01723	0.00861	0.00646	0.00646	0.00215	0.00861	0.00574	0.00287	0.00718
14	0.00869	0.00670	0.00800	0.00799	0.00978	0.00601	0.00620	0.01113	0.01632	0.02144	0.35320	0.05755	0.33905	0.01518	0.00781	0.00223	0.00355	0.10689	0.00648	0.00581
15	0.01220	0.01148	0.01938	0.75739	0.04450	0.01436	0.01794	0.01651	0.01292	0.01651	0.01148	0.01723	0.00861	0.00646	0.00646	0.00215	0.00861	0.00574	0.00287	0.00718
16	0.01035	0.00688	0.00898	0.00830	0.01006	0.00629	0.00628	0.01332	0.01820	0.07048	0.66558	0.04701	0.07756	0.01297	0.00755	0.00203	0.00321	0.01141	0.00714	0.00639
17	0.01414	0.01414	0.01979	0.01696	0.01696	0.01979	0.01414	0.01555	0.00990	0.01555	0.00848	0.01414	0.00848	0.01131	0.02120	0.00283	0.76110	0.00565	0.00283	0.00707
18	0.01340	0.01148	0.01340	0.00957	0.01531	0.00861	0.00766	0.01627	0.01340	0.02105	0.01148	0.01340	0.00957	0.00479	0.00479	0.00096	0.00479	0.00383	0.00383	0.81242
19	0.00939	0.00631	0.00726	0.00726	0.00733	0.00638	0.00418	0.00953	0.00946	0.01268	0.02017	0.04122	0.02303	0.72727	0.07791	0.00652	0.00696	0.00924	0.00389	0.00403
20	0.01414	0.01414	0.01979	0.01696	0.01696	0.01979	0.01414	0.01555	0.00990	0.01555	0.00848	0.01414	0.00848	0.01131	0.02120	0.00283	0.76110	0.00565	0.00283	0.00707
21	0.00914	0.00660	0.00864	0.00813	0.00965	0.00610	0.00610	0.01219	0.01829	0.02591	0.72921	0.04827	0.06097	0.01321	0.00762	0.00203	0.00305	0.01169	0.00711	0.00610
22	0.00784	0.00576	0.00736	0.00865	0.00928	0.00528	0.00584	0.00904	0.01271	0.01663	0.03988	0.66756	0.14112	0.01969	0.00816	0.00256	0.00368	0.01769	0.00600	0.00528
23	0.01220	0.01148	0.01938	0.75739	0.04450	0.01436	0.01794	0.01651	0.01292	0.01651	0.01148	0.01723	0.00861	0.00646	0.00646	0.00215	0.00861	0.00574	0.00287	0.00718
24	0.00764	0.00655	0.00655	0.00655	0.00873	0.00545	0.00491	0.00927	0.01473	0.01745	0.06546	0.06218	0.73000	0.01636	0.00764	0.00218	0.00327	0.01364	0.00600	0.00545
25	0.02414	0.03079	0.01831	0.01665	0.01998	0.74698	0.01248	0.02580	0.01831	0.01581	0.00999	0.01165	0.00832	0.00666	0.00583	0.00166	0.01165	0.00416	0.00333	0.00749
26	0.01599	0.01535	0.02623	0.03966	0.73262	0.01535	0.01983	0.01983	0.01471	0.02111	0.01215	0.01599	0.01023	0.00576	0.00640	0.00192	0.00768	0.00576	0.00320	0.01023
27	0.01041	0.00744	0.01041	0.01190	0.01339	0.00744	0.01041	0.01339	0.01487	0.01934	0.03421	0.07288	0.03719	0.01785	0.00892	0.00297	0.00595	0.68913	0.00595	0.00595
28	0.00787	0.00562	0.00750	0.00900	0.00937	0.00525	0.00600	0.00900	0.01237	0.01649	0.03561	0.76871	0.04274	0.02024	0.00825	0.00262	0.00375	0.01837	0.00600	0.00525
29	0.02456	0.01810	0.01939	0.01487	0.02004	0.02004	0.01228	0.71107	0.03038	0.04072	0.01551	0.01551	0.01099	0.00776	0.00646	0.00194	0.00711	0.00582	0.00646	0.01099
30	0.01204	0.00602	0.00602	0.00602	0.00753	0.00602	0.00452	0.01506	0.01355	0.02409	0.02108	0.02409	0.01656	0.00753	0.00452	0.00151	0.00301	0.00602	0.80879	0.00602
31	0.02899	0.01100	0.01499	0.01150	0.01649	0.00950	0.00950	0.03149	0.01849	0.73709	0.02549	0.02199	0.01599	0.00800	0.00650	0.00200	0.00550	0.00650	0.00800	0.01100
32	0.81856	0.01250	0.00950	0.00850	0.01250	0.01449	0.00700	0.01899	0.01100	0.02899	0.00900	0.01050	0.00700	0.00600	0.00400	0.00200	0.00500	0.00350	0.00400	0.00700
33	0.02899	0.01100	0.01499	0.01150	0.01649	0.00950	0.00950	0.03149	0.01849	0.73709	0.02549	0.02199	0.01599	0.00800	0.00650	0.00200	0.00550	0.00650	0.00800	0.01100
34	0.01727	0.77681	0.03386	0.01106	0.01658	0.02557	0.01106	0.01935	0.01313	0.01520	0.00898	0.01036	0.00829	0.00553	0.00415	0.00138	0.00691	0.00345	0.00276	0.00829
35	0.01220	0.01148	0.01938	0.75739	0.04450	0.01436	0.01794	0.01651	0.01292	0.01651	0.01148	0.01723	0.00861	0.00646	0.00646	0.00215	0.00861	0.00574	0.00287	0.00718
36	0.00787	0.00562	0.00750	0.00900	0.00937	0.00525	0.00600	0.00900	0.01237	0.01649	0.03561	0.76871	0.04274	0.02024	0.00825	0.00262	0.00375	0.01837	0.00600	0.00525
37	0.01525	0.01743	0.03813	0.02723	0.03377	0.01634	0.70915	0.02070	0.01525	0.02070	0.01307	0.01743	0.00980	0.00545	0.00763	0.00218	0.01089	0.00763	0.00327	0.00871
38	0.01607	0.01388	0.01461	0.01315	0.01680	0.01607	0.01023	0.03433	0.72094	0.02703	0.02630	0.02411	0.01972	0.00877	0.00657	0.00219	0.00511	0.00731	0.00657	0.01023
39	0.81856	0.01250	0.00950	0.00850	0.01250	0.01449	0.00700	0.01899	0.01100	0.02899	0.00900	0.01050	0.00700	0.00600	0.00400	0.00200	0.00500	0.00350	0.00400	0.00700
40	0.01041	0.00744	0.01041	0.01190	0.01339	0.00744	0.01041	0.01339	0.01487	0.01934	0.03421	0.07288	0.03719	0.01785	0.00892	0.00297	0.00595	0.68913	0.00595	0.00595
41	0.01220	0.01148	0.01938	0.75739	0.04450	0.01436	0.01794	0.01651	0.01292	0.01651	0.01148	0.01723	0.00861	0.00646	0.00646	0.00215	0.00861	0.00574	0.00287	0.00718
42	0.60255	0.01222	0.01214	0.20912	0.02107	0.01446	0.00993	0.01833	0.01151	0.02565	0.00966	0.01230	0.00743	0.00612	0.00466	0.00204	0.00597	0.00410	0.00370	0.00705
43	0.02899	0.01100	0.01499	0.01150	0.01649	0.00950	0.00950	0.03149	0.01849	0.73709	0.02549	0.02199	0.01599	0.00800	0.00650	0.00200	0.00550	0.00650	0.00800	0.01100
44	0.00957	0.00629	0.00767	0.00767	0.00783	0.00645	0.00469	0.00960	0.00943	0.01274	0.01895	0.03747	0.02114	0.59004	0.13381	0.09244	0.00777	0.00864	0.00373	0.00406
45	0.81856	0.01250	0.00950	0.00850	0.01250	0.01449	0.00700	0.01899	0.01100	0.02899	0.00900	0.01050	0.00700	0.00600	0.00400	0.00200	0.00500	0.00350	0.00400	0.00700
46	0.01599	0.01535	0.02623	0.03966	0.73262	0.01535	0.01983	0.01983	0.01471	0.02111	0.01215	0.01599	0.01023	0.00576	0.00640	0.00192	0.00768	0.00576	0.00320	0.01023
47	0.01340	0.01148	0.01340	0.00957	0.01531	0.00861	0.00766	0.01627	0.01340	0.02105	0.01148	0.01340	0.00957	0.00479	0.00479	0.00096	0.00479	0.00383	0.00383	0.81242
48	0.01704	0.01768	0.01462	0.01368	0.01659	0.25861	0.01063	0.02546	0.29042	0.02093	0.04689	0.02743	0.01936	0.01365	0.08536	0.00298	0.00863	0.09682	0.00509	0.00812
49	0.81856	0.01250	0.00950	0.00850	0.01250	0.01449	0.00700	0.01899	0.01100	0.02899	0.00900	0.01050	0.00700	0.00600	0.00400	0.00200	0.00500	0.00350	0.00400	0.00700
50	0.01037	0.00802	0.00968	0.00966	0.01129	0.00822	0.00707	0.01643	0.18705	0.02279	0.30809	0.30224	0.04436	0.01467	0.00759	0.00228	0.00380	0.01303	0.00658	0.00680
51	0.01186	0.00721	0.00951	0.00859	0.01059	0.00656	0.00656	0.01484	0.01832	0.12334	0.63280	0.04467	0.05481	0.01250	0.00747	0.00203	0.00338	0.01097	0.00723	0.00677
52	0.02748	0.01153	0.01509	0.01178	0.01664	0.01053	0.00966	0.05327	0.09348	0.63966	0.02526	0.02201	0.01623	0.00807	0.00650	0.00202	0.00551	0.00656	0.00780	0.01091
53	0.01220	0.01148	0.01938	0.75739	0.04450	0.01436	0.01794	0.01651	0.01292	0.01651	0.01148	0.01723	0.00861	0.00646	0.00646	0.00215	0.00861	0.00574	0.00287	0.00718
54	0.00914	0.00660	0.00864	0.00813	0.00965	0.00610	0.00610	0.01219	0.01829	0.02591	0.72921	0.04827	0.06097	0.01321	0.00762	0.00203	0.00305	0.01169	0.00711	0.00610
55	0.01955	0.26089	0.02452	0.01824	0.12113	0.32337	0.01330	0.02162	0.01510	0.01635	0.00979	0.01219	0.00861	0.00676	0.00732	0.00176	0.10399	0.00436	0.00307	0.00808
56	0.00764	0.00655	0.00655	0.00655	0.00873	0.00545	0.00491	0.00927	0.01473	0.01745	0.06546	0.06218	0.73000	0.01636	0.00764	0.00218	0.00327	0.01364	0.00600	0.00545
57	0.81856	0.01250	0.00950	0.00850	0.01250	0.01449	0.00700	0.01899	0.01100	0.02899	0.00900	0.01050	0.00700	0.00600	0.00400	0.00200	0.00500	0.00350	0.00400	0.00700
58	0.01525	0.01743	0.03813	0.02723	0.03377	0.01634	0.70915	0.02070	0.01525	0.02070	0.01307	0.01743	0.00980	0.00545	0.00763	0.00218	0.01089	0.00763	0.00327	0.00871
59	0.00930	0.00755	0.00851	0.00783	0.01026	0.00668	0.00595	0.01261	0.06033	0.02138	0.28775	0.04977	0.37638	0.01356	0.00726	0.00200	0.00347	0.01152	0.00619	0.09169
60	0.00787	0.00562	0.00750	0.00900	0.00937	0.00525	0.00600	0.00900	0.01237	0.01649	0.03561	0.76871	0.04274	0.02024	0.00825	0.00262	0.00375	0.01837	0.00600	0.00525
61	0.00955	0.00699	0.00931	0.01056	0.01198	0.00676	0.00880	0.01200	0.01444	0.01857	0.03946	0.18609	0.14932	0.01801	0.00861	0.00279	0.00516	0.46990	0.00597	0.00575
62	0.02456	0.01810	0.01939	0.01487	0.02004	0.02004	0.01228	0.71107	0.03038	0.04072	0.01551	0.01551	0.01099	0.00776	0.00646	0.00194	0.00711	0.00582	0.00646	0.01099
63	0.00796	0.00656	0.00699	0.00688	0.00892	0.00559	0.00516	0.00990	0.01549	0.01926	0.20690	0.05922	0.58743	0.01569	0.00763	0.00215	0.00322	0.01322	0.00624	0.00559
64	0.01220	0.01148	0.01938	0.75739	0.04450	0.01436	0.01794	0.01651	0.01292	0.01651	0.01148	0.01723	0.00861	0.00646	0.00646	0.00215	0.00861	0.00574	0.00287	0.00718
65	0.01439	0.01143	0.01214	0.01128	0.01416	0.01291	0.00864	0.02779	0.50419	0.02532	0.02624	0.10319	0.02154	0.00974	0.00634	0.00210	0.00455	0.00822	0.16697	0.00886
66	0.01402	0.01333	0.02266	0.41402	0.37371	0.01483	0.01885	0.01810	0.01378	0.01871	0.01180	0.01664	0.00939	0.00612	0.00643	0.00204	0.00816	0.00575	0.00303	0.00864
67	0.01351	0.12779	0.64988	0.01748	0.02652	0.01635	0.02225	0.02032	0.01358	0.01979	0.01126	0.01323	0.00820	0.00606	0.00589	0.00196	0.00921	0.00461	0.00273	0.00939
68	0.02155	0.20468	0.06736	0.01421	0.01875	0.17536	0.01250	0.16054	0.01826	0.14202	0.01338	0.01425	0.01014	0.00731	0.00739	0.00186	0.09195	0.00492	0.00451	0.00906
69	0.01405	0.01199	0.01541	0.06478	0.18963	0.04621	0.01126	0.11110	0.06954	0.02106	0.02119	0.22241	0.02177	0.13693	0.01127	0.00285	0.00636	0.00979	0.00476	0.00764
70	0.01063	0.00776	0.00939	0.00872	0.01076	0.00750	0.00662	0.01553	0.11404	0.05169	0.51070	0.04597	0.15002	0.01286	0.00744	0.00207	0.00346	0.01117	0.00691	0.00675
71	0.02059	0.01709	0.01936	0.01479	0.01999	0.13425	0.10600	0.19794	0.01955	0.13182	0.01457	0.01548	0.01072	0.00642	0.00603	0.00165	0.00745	0.00531	0.00496	0.24603
72	0.01581	0.01287	0.01850	0.05017	0.30004	0.01352	0.01365	0.02240	0.17866	0.09773	0.05049	0.02557	0.10696	0.00871	0.00759	0.00209	0.05363	0.00742	0.00496	0.00923
73	0.02899	0.01100	0.01499	0.01150	0.01649	0.00950	0.00950	0.03149	0.01849	0.73709	0.02549	0.02199	0.01599	0.00800	0.00650	0.00200	0.00550	0.00650	0.00800	0.01100
74	0.01198	0.00774	0.00932	0.00869	0.01079	0.00741	0.00681	0.06632	0.01758	0.07032	0.34839	0.04465	0.13644	0.01245	0.00709	0.00206	0.00384	0.08220	0.13925	0.00666
75	0.01217	0.01922	0.32598	0.01369	0.01897	0.01129	0.01477	0.01869	0.10040	0.04399	0.12535	0.10616	0.06949	0.01085	0.00702	0.00223	0.00658	0.08019	0.00487	0.00811
76	0.02899	0.01100	0.01499	0.01150	0.01649	0.00950	0.00950	0.03149	0.01849	0.73709	0.02549	0.02199	0.01599	0.00800	0.00650	0.00200	0.00550	0.00650	0.00800	0.01100
77	0.00809	0.00571	0.00743	0.00872	0.00904	0.00539	0.00570	0.00905	0.01194	0.01593	0.03343	0.66471	0.03998	0.12800	0.01177	0.00315	0.00411	0.01708	0.00570	0.00506
78	0.01285	0.01205	0.01981	0.63425	0.11585	0.01457	0.01766	0.01798	0.05773	0.01766	0.01249	0.01753	0.00949	0.00653	0.00646	0.00213	0.00829	0.00584	0.00314	0.00769
79	0.01220	0.01148	0.01938	0.75739	0.04450	0.01436	0.01794	0.01651	0.01292	0.01651	0.01148	0.01723	0.00861	0.00646	0.00646	0.00215	0.00861	0.00574	0.00287	0.00718
80	0.02899	0.01100	0.01499	0.01150	0.01649	0.00950	0.00950	0.03149	0.01849	0.73709	0.02549	0.02199	0.01599	0.00800	0.00650	0.00200	0.00550	0.00650	0.00800	0.01100
81	0.02029	0.01451	0.02257	0.02968	0.47022	0.01432	0.01633	0.09629	0.01736	0.20986	0.01599	0.01751	0.01182	0.00655	0.00643	0.00194	0.00705	0.00596	0.00480	0.01051
82	0.00940	0.00681	0.00952	0.00968	0.01056	0.00754	0.00724	0.01118	0.01060	0.01482	0.01990	0.03484	0.02030	0.23409	0.48262	0.00852	0.01322	0.08003	0.00384	0.00530
83	0.01599	0.01535	0.02623	0.03966	0.73262	0.01535	0.01983	0.01983	0.01471	0.02111	0.01215	0.01599	0.01023	0.00576	0.00640	0.00192	0.00768	0.00576	0.00320	0.01023
84	0.00940	0.00626	0.00705	0.00705	0.00705	0.00626	0.00392	0.00940	0.00940	0.01253	0.02036	0.04228	0.02349	0.77292	0.03289	0.00626	0.00626	0.00940	0.00392	0.00392
85	0.01340	0.01148	0.01340	0.00957	0.01531	0.00861	0.00766	0.01627	0.01340	0.02105	0.01148	0.01340	0.00957	0.00479	0.00479	0.00096	0.00479	0.00383	0.00383	0.81242
86	0.81856	0.01250	0.00950	0.00850	0.01250	0.01449	0.00700	0.01899	0.01100	0.02899	0.00900	0.01050	0.00700	0.00600	0.00400	0.00200	0.00500	0.00350	0.00400	0.00700
87	0.01220	0.01148	0.01938	0.75739	0.04450	0.01436	0.01794	0.01651	0.01292	0.01651	0.01148	0.01723	0.00861	0.00646	0.00646	0.00215	0.00861	0.00574	0.00287	0.00718
88	0.01559	0.01793	0.03738	0.02683	0.03325	0.04392	0.68285	0.02089	0.01537	0.02051	0.01296	0.01721	0.00975	0.00549	0.00756	0.00216	0.01092	0.00749	0.00327	0.00867
89	0.01561	0.01497	0.02554	0.11141	0.66383	0.01525	0.01964	0.01950	0.01453	0.02065	0.01209	0.01612	0.01007	0.00583	0.00640	0.00194	0.00777	0.00576	0.00317	0.00993
90	0.00858	0.00658	0.00785	0.00754	0.00931	0.00586	0.00565	0.01110	0.01696	0.02275	0.48089	0.05347	0.31125	0.01439	0.00763	0.00209	0.00313	0.01242	0.00670	0.00586
91	0.00935	0.00633	0.00737	0.00726	0.00757	0.00623	0.00435	0.00996	0.01118	0.01521	0.16214	0.04348	0.03099	0.62097	0.02783	0.00542	0.00562	0.00985	0.00455	0.00435
92	0.01076	0.00880	0.01060	0.01086	0.05628	0.03563	0.00756	0.01528	0.08924	0.02488	0.54942	0.04315	0.08793	0.01221	0.00737	0.00204	0.00389	0.01069	0.00661	0.00679
93	0.02456	0.01810	0.01939	0.01487	0.02004	0.02004	0.01228	0.71107	0.03038	0.04072	0.01551	0.01551	0.01099	0.00776	0.00646	0.00194	0.00711	0.00582	0.00646	0.01099
94	0.02059	0.17606	0.02261	0.01798	0.09487	0.43179	0.03850	0.02274	0.01616	0.01673	0.01047	0.01267	0.00889	0.00657	0.00638	0.00171	0.04932	0.00447	0.03358	0.00791
95	0.01716	0.01757	0.02509	0.03635	0.63013	0.12057	0.01877	0.02069	0.01523	0.02035	0.01184	0.01537	0.00996	0.00589	0.00631	0.00188	0.00825	0.00553	0.00322	0.00984
96	0.01122	0.00561	0.00842	0.00842	0.00842	0.00561	0.00561	0.00842	0.00842	0.01122	0.01122	0.01964	0.01122	0.02245	0.02525	0.81201	0.00561	0.00561	0.00281	0.00281
97	0.81856	0.01250	0.00950	0.00850	0.01250	0.01449	0.00700	0.01899	0.01100	0.02899	0.00900	0.01050	0.00700	0.00600	0.00400	0.00200	0.00500	0.00350	0.00400	0.00700
98	0.00940	0.00626	0.00705	0.00705	0.00705	0.00626	0.00392	0.00940	0.00940	0.01253	0.02036	0.04228	0.02349	0.77292	0.03289	0.00626	0.00626	0.00940	0.00392	0.00392
99	0.01607	0.01388	0.01461	0.01315	0.01680	0.01607	0.01023	0.03433	0.72094	0.02703	0.02630	0.02411	0.01972	0.00877	0.00657	0.00219	0.00511	0.00731	0.00657	0.01023
100	0.01612	0.01792	0.06803	0.04461	0.28312	0.12129	0.10734	0.01984	0.01485	0.02010	0.01173	0.01475	0.00955	0.00564	0.00604	0.00168	0.00807	0.00520	0.00335	0.22080
101	0.00940	0.00626	0.00705	0.00705	0.00705	0.00626	0.00392	0.00940	0.00940	0.01253	0.02036	0.04228	0.02349	0.77292	0.03289	0.00626	0.00626	0.00940	0.00392	0.00392
102	0.01936	0.01551	0.01646	0.01381	0.01806	0.01761	0.01102	0.29652	0.45340	0.03233	0.02212	0.02078	0.01634	0.00837	0.00653	0.00209	0.00589	0.00673	0.00653	0.01052
103	0.01482	0.01416	0.02411	0.26160	0.51984	0.01504	0.01925	0.01880	0.01416	0.01969	0.01195	0.01637	0.00973	0.00597	0.00642	0.00199	0.00797	0.00575	0.00310	0.00929
104	0.01400	0.22279	0.44111	0.04273	0.02367	0.01701	0.01833	0.03754	0.01437	0.02000	0.07912	0.01626	0.01331	0.00671	0.00578	0.00187	0.00815	0.00515	0.00326	0.00885
105	0.01429	0.21755	0.48627	0.01754	0.02575	0.01779	0.09567	0.02021	0.01369	0.01917	0.01110	0.01324	0.00839	0.00591	0.00580	0.00189	0.00904	0.00476	0.00280	0.00914
106	0.00923	0.00692	0.01038	0.01038	0.01154	0.00808	0.00808	0.01154	0.01038	0.01500	0.01731	0.02538	0.01615	0.04846	0.74732	0.01038	0.01731	0.00692	0.00346	0.00577
107	0.01267	0.01055	0.01803	0.02007	0.20244	0.01007	0.12597	0.01551	0.01447	0.06480	0.09881	0.32479	0.02907	0.01250	0.00749	0.00226	0.00599	0.01185	0.00506	0.00757
108	0.01637	0.01734	0.10204	0.14036	0.46895	0.05565	0.01893	0.02048	0.01477	0.06519	0.01271	0.01605	0.01003	0.00609	0.00635	0.00196	0.00810	0.00561	0.00341	0.00960
109	0.00981	0.00669	0.00986	0.00988	0.01062	0.00754	0.00736	0.01062	0.00996	0.01406	0.01671	0.07088	0.01653	0.05868	0.47235	0.21857	0.03418	0.00733	0.00344	0.00495
110	0.01508	0.01638	0.03373	0.10730	0.17615	0.01593	0.49642	0.02008	0.01489	0.02034	0.01272	0.01712	0.00976	0.00562	0.00725	0.00212	0.01000	0.00705	0.00321	0.00886
111	0.02468	0.05479	0.05691	0.01701	0.13593	0.01324	0.01248	0.13365	0.01917	0.43452	0.02013	0.01894	0.01344	0.00736	0.00633	0.00195	0.00640	0.00602	0.00641	0.01065
112	0.01366	0.04957	0.57645	0.02206	0.14426	0.01539	0.04874	0.02034	0.01387	0.02044	0.01167	0.01409	0.00859	0.00603	0.00618	0.00201	0.00922	0.00501	0.00283	0.00960
113	0.81856	0.01250	0.00950	0.00850	0.01250	0.01449	0.00700	0.01899	0.01100	0.02899	0.00900	0.01050	0.00700	0.00600	0.00400	0.00200	0.00500	0.00350	0.00400	0.00700
114	0.01244	0.01173	0.01981	0.71216	0.08787	0.01442	0.01806	0.01672	0.01303	0.01680	0.01153	0.01715	0.00872	0.00642	0.00646	0.00214	0.00855	0.00574	0.00289	0.00737
115	0.00869	0.00708	0.00779	0.00800	0.00982	0.00657	0.00584	0.01204	0.08933	0.01875	0.09513	0.24653	0.42828	0.01640	0.00769	0.00229	0.00358	0.01411	0.00613	0.00595
116	0.01057	0.01468	0.20571	0.01381	0.09098	0.00933	0.01192	0.01439	0.01531	0.02121	0.26827	0.03829	0.18812	0.05910	0.00869	0.00232	0.00553	0.00949	0.00507	0.00718
117	0.02181	0.02017	0.01832	0.01484	0.01905	0.21319	0.01190	0.35844	0.02264	0.02868	0.01273	0.01404	0.00981	0.00743	0.00763	0.00183	0.08810	0.00508	0.00488	0.11942
118	0.01672	0.49216	0.03227	0.02044	0.21023	0.02185	0.08756	0.01962	0.01378	0.01737	0.01027	0.01262	0.00897	0.00558	0.00512	0.00161	0.00754	0.00451	0.00293	0.00886
119	0.81856	0.01250	0.00950	0.00850	0.01250	0.01449	0.00700	0.01899	0.01100	0.02899	0.00900	0.01050	0.00700	0.00600	0.00400	0.00200	0.00500	0.00350	0.00400	0.00700
120	0.00914	0.00660	0.00864	0.00813	0.00965	0.00610	0.00610	0.01219	0.01829	0.02591	0.72921	0.04827	0.06097	0.01321	0.00762	0.00203	0.00305	0.01169	0.00711	0.00610
121	0.09420	0.03574	0.01679	0.01396	0.01633	0.09814	0.01135	0.12839	0.10142	0.02277	0.01621	0.01837	0.05595	0.00939	0.01160	0.00226	0.28879	0.00597	0.04438	0.00799
122	0.01807	0.00843	0.01057	0.00900	0.01196	0.00778	0.00711	0.02146	0.04346	0.30433	0.21271	0.02974	0.02835	0.00928	0.00620	0.00187	0.00408	0.00777	0.24967	0.00815
123	0.01613	0.09623	0.02704	0.03662	0.65656	0.01644	0.01890	0.01978	0.01454	0.02048	0.01182	0.01539	0.01003	0.00573	0.00616	0.00186	0.00759	0.00551	0.00315	0.01003
124	0.01071	0.00627	0.00915	0.05566	0.01089	0.00661	0.00645	0.00952	0.00913	0.01229	0.01358	0.02402	0.01376	0.14895	0.12425	0.51808	0.00751	0.00642	0.00308	0.00367
125	0.00862	0.00758	0.01023	0.00923	0.01156	0.00664	0.07998	0.01072	0.01479	0.01847	0.11855	0.15455	0.49443	0.01545	0.00772	0.00223	0.00413	0.01347	0.00581	0.00583
126	0.02095	0.01446	0.01742	0.13585	0.02252	0.01500	0.01180	0.34042	0.02202	0.14813	0.01567	0.01643	0.01113	0.00697	0.00612	0.00178	0.00661	0.00551	0.00558	0.17560
127	0.01725	0.01696	0.13652	0.09617	0.12087	0.01501	0.01436	0.19960	0.12989	0.05335	0.01680	0.01822	0.01250	0.00721	0.00615	0.00196	0.00682	0.00592	0.11500	0.00944
128	0.01452	0.01405	0.02267	0.20755	0.35488	0.01641	0.01770	0.01776	0.01286	0.01836	0.01091	0.01575	0.00933	0.00756	0.01077	0.00224	0.22939	0.00572	0.00301	0.00856
129	0.81856	0.01250	0.00950	0.00850	0.01250	0.01449	0.00700	0.01899	0.01100	0.02899	0.00900	0.01050	0.00700	0.00600	0.00400	0.00200	0.00500	0.00350	0.00400	0.00700
130	0.01464	0.01222	0.01406	0.01016	0.01584	0.00988	0.00817	0.09339	0.01528	0.02324	0.01193	0.01363	0.00973	0.00511	0.00497	0.00107	0.00504	0.00405	0.00412	0.72347
131	0.00787	0.00562	0.00750	0.00900	0.00937	0.00525	0.00600	0.00900	0.01237	0.01649	0.03561	0.76871	0.04274	0.02024	0.00825	0.00262	0.00375	0.01837	0.00600	0.00525
132	0.02139	0.12173	0.09661	0.01460	0.03823	0.01793	0.01280	0.31435	0.13602	0.13552	0.01734	0.01698	0.01246	0.00743	0.00613	0.00192	0.00679	0.00572	0.00572	0.01032
133	0.01649	0.15562	0.04422	0.10675	0.42502	0.08806	0.01728	0.01988	0.01444	0.01888	0.01119	0.01457	0.00943	0.00602	0.00630	0.00185	0.02657	0.00515	0.00308	0.00920
134	0.01029	0.00848	0.00928	0.00874	0.01111	0.00842	0.00665	0.01669	0.19993	0.02250	0.25533	0.04806	0.34313	0.01343	0.00735	0.00214	0.00369	0.01140	0.00649	0.00689
135	0.00937	0.00637	0.00760	0.00760	0.00779	0.00656	0.00460	0.00975	0.00956	0.01294	0.01985	0.03949	0.02228	0.65327	0.15088	0.00694	0.00809	0.00899	0.00384	0.00422
136	0.01383	0.01212	0.01552	0.01454	0.13378	0.00973	0.00967	0.01686	0.01362	0.02106	0.01159	0.01383	0.00968	0.00495	0.00505	0.00112	0.00526	0.00415	0.00372	0.67993
137	0.10203	0.16932	0.14238	0.01470	0.01969	0.13390	0.08694	0.06859	0.03268	0.03963	0.01506	0.11856	0.01378	0.00821	0.00596	0.00194	0.00783	0.00666	0.00398	0.00817
138	0.02094	0.00921	0.01190	0.00989	0.01363	0.00795	0.00788	0.02306	0.01682	0.46478	0.03742	0.11270	0.21262	0.01158	0.00699	0.00212	0.00471	0.00970	0.00724	0.00888
139	0.02245	0.14197	0.04089	0.06391	0.11932	0.19296	0.01293	0.04674	0.01694	0.25727	0.01559	0.01601	0.01123	0.00680	0.00592	0.00182	0.00789	0.00521	0.00482	0.00932
140	0.01749	0.27088	0.13606	0.03825	0.02068	0.14424	0.03942	0.05600	0.13169	0.01957	0.01293	0.01433	0.01038	0.00685	0.00653	0.00184	0.05557	0.00490	0.00369	0.00870
141	0.02943	0.00675	0.00744	0.00728	0.00927	0.00596	0.00552	0.01064	0.01586	0.02071	0.29109	0.05634	0.46295	0.01505	0.00757	0.00215	0.00331	0.03063	0.00633	0.00573
142	0.01550	0.01873	0.14008	0.01553	0.01976	0.11103	0.09249	0.10037	0.09994	0.02213	0.05916	0.04519	0.11264	0.00948	0.00868	0.00215	0.10683	0.00752	0.00454	0.00824
143	0.03060	0.00938	0.04957	0.01070	0.03147	0.02814	0.04651	0.01195	0.01452	0.01933	0.16314	0.29475	0.23523	0.01515	0.00758	0.00227	0.00456	0.01336	0.00566	0.00613

[dist]
# distance from previous block
# <min> <max>
0	356

# created by:
# /home/berkeley/.conda/envs/busco_data_prod/bin/msa2prfl.pl pipeline/OGs_align_augustus/5794/68695.fs
