[name]
unknown

[dist]
# distance from previous block
# <min> <max>
0	0

[block]
# block no. 0 follows, 33 sequences, length 105
# corresponding to MSA columns:
# 0-104
name=unknown_A
#
# <colnr> <probs for GDERKNQSTAVLIFYWHMCP>
#	G	D	E	R	K	N	Q	S	T	A	V	L	I	F	Y	W	H	M	C	P
0	0.01061	0.00758	0.01061	0.01212	0.01364	0.00758	0.01061	0.01364	0.01515	0.01970	0.03486	0.07426	0.03789	0.01819	0.00909	0.00303	0.00606	0.68326	0.00606	0.00606
1	0.00948	0.00674	0.00899	0.00899	0.00962	0.00737	0.00625	0.01074	0.01011	0.01411	0.01908	0.03390	0.01995	0.38512	0.41157	0.00862	0.01238	0.00823	0.00374	0.00500
2	0.00956	0.00642	0.00736	0.00736	0.00743	0.00648	0.00422	0.00969	0.00963	0.01290	0.02058	0.04216	0.02353	0.72997	0.07162	0.00661	0.00699	0.00944	0.00396	0.00409
3	0.00910	0.00658	0.00824	0.00804	0.00929	0.00610	0.00573	0.01139	0.01627	0.02251	0.48703	0.11493	0.11316	0.13846	0.01205	0.00285	0.00373	0.01232	0.00651	0.00571
4	0.00880	0.00671	0.00809	0.00774	0.00952	0.00599	0.00581	0.01143	0.01742	0.02353	0.50481	0.05391	0.28320	0.01453	0.00777	0.00212	0.00318	0.01257	0.00687	0.00599
5	0.01400	0.16745	0.60809	0.01741	0.02640	0.01723	0.02196	0.02064	0.01380	0.01988	0.01133	0.01330	0.00836	0.00614	0.00589	0.00196	0.00924	0.00462	0.00279	0.00950
6	0.01226	0.01499	0.11774	0.09853	0.02559	0.01248	0.27236	0.01628	0.01384	0.01892	0.02069	0.27459	0.02116	0.01118	0.00818	0.00238	0.03626	0.01087	0.00416	0.00754
7	0.01170	0.00649	0.00961	0.00935	0.00935	0.00700	0.00649	0.00922	0.00871	0.01183	0.01119	0.01951	0.01119	0.02186	0.02536	0.73673	0.07258	0.00572	0.00286	0.00325
8	0.01482	0.01753	0.12887	0.17765	0.37612	0.01591	0.05655	0.01921	0.01398	0.01985	0.01182	0.01608	0.00958	0.00664	0.00814	0.00213	0.08696	0.00581	0.00309	0.00928
9	0.02147	0.02444	0.01664	0.01496	0.01824	0.48380	0.01132	0.13336	0.01970	0.02045	0.01872	0.09613	0.07452	0.00928	0.00646	0.00189	0.00954	0.00687	0.00443	0.00779
10	0.00853	0.00670	0.00771	0.00746	0.00935	0.00588	0.00559	0.01090	0.01678	0.02200	0.38826	0.05642	0.40070	0.01510	0.00777	0.00215	0.00322	0.01292	0.00667	0.00588
11	0.04235	0.01569	0.01467	0.01225	0.01616	0.15189	0.00971	0.19715	0.02050	0.21527	0.02532	0.05250	0.10851	0.00934	0.00646	0.00196	0.00661	0.00730	0.07736	0.00899
12	0.00841	0.00631	0.00780	0.00824	0.00949	0.00570	0.00587	0.01037	0.01530	0.02039	0.28359	0.34147	0.21872	0.01715	0.00803	0.00235	0.00345	0.01515	0.00651	0.00570
13	0.01571	0.01473	0.02450	0.22947	0.50857	0.01562	0.01929	0.05486	0.01533	0.02129	0.01238	0.01660	0.01003	0.00616	0.00654	0.00202	0.00805	0.00586	0.00334	0.00964
14	0.01365	0.01170	0.01365	0.00975	0.01560	0.00878	0.00780	0.01658	0.01365	0.02145	0.01170	0.01365	0.00975	0.00488	0.00488	0.00098	0.00488	0.00390	0.00390	0.80888
15	0.09408	0.04355	0.01680	0.01276	0.01731	0.05394	0.01048	0.38417	0.02368	0.14539	0.01705	0.01718	0.01217	0.00761	0.00598	0.00190	0.00646	0.00568	0.11394	0.00987
16	0.01509	0.01683	0.03626	0.02632	0.03250	0.01582	0.64020	0.02041	0.01550	0.02096	0.01529	0.02293	0.01254	0.00671	0.00789	0.00229	0.01064	0.06963	0.00358	0.00862
17	0.00809	0.00578	0.00770	0.00912	0.00956	0.00539	0.00612	0.00934	0.01293	0.01732	0.07326	0.72590	0.04454	0.02024	0.00837	0.00264	0.00378	0.01835	0.00617	0.00539
18	0.81514	0.01273	0.00968	0.00866	0.01273	0.01477	0.00713	0.01935	0.01120	0.02954	0.00917	0.01069	0.00713	0.00611	0.00407	0.00204	0.00509	0.00356	0.00407	0.00713
19	0.01346	0.01170	0.01462	0.12758	0.02032	0.00970	0.00946	0.01662	0.01357	0.02072	0.01170	0.01427	0.00960	0.00515	0.00515	0.00117	0.00549	0.00421	0.00375	0.68177
20	0.01664	0.01947	0.09754	0.34634	0.06564	0.17578	0.01695	0.07893	0.01579	0.01937	0.01148	0.01541	0.00894	0.00712	0.00778	0.00211	0.07786	0.00539	0.00334	0.00812
21	0.00942	0.00699	0.01028	0.01028	0.01135	0.00806	0.00785	0.01156	0.01049	0.01506	0.01791	0.02740	0.01712	0.11342	0.67941	0.01021	0.01663	0.00728	0.00357	0.00571
22	0.01560	0.12764	0.11735	0.05860	0.02564	0.09812	0.25539	0.02083	0.06808	0.01934	0.01548	0.09710	0.01370	0.00791	0.00718	0.00210	0.03044	0.00740	0.00372	0.00839
23	0.01668	0.01972	0.15057	0.02453	0.03152	0.01567	0.51666	0.02224	0.01563	0.09830	0.01445	0.01763	0.01040	0.00595	0.00740	0.00218	0.01028	0.00717	0.00376	0.00927
24	0.01590	0.01508	0.01541	0.01369	0.01537	0.15356	0.01085	0.09151	0.01452	0.01944	0.01382	0.01916	0.01233	0.05163	0.18185	0.00433	0.24087	0.00600	0.09755	0.00715
25	0.00833	0.00669	0.00743	0.00724	0.00923	0.00579	0.00543	0.01051	0.01630	0.02085	0.30091	0.05830	0.48877	0.01553	0.00777	0.00217	0.00325	0.01319	0.00652	0.00579
26	0.01549	0.17235	0.53747	0.01671	0.02525	0.01683	0.02054	0.02163	0.01424	0.08317	0.01257	0.01402	0.00907	0.00630	0.00590	0.00195	0.00885	0.00477	0.00326	0.00962
27	0.01839	0.34124	0.17997	0.01380	0.01976	0.08598	0.01393	0.02433	0.12594	0.09648	0.01445	0.01491	0.01113	0.00667	0.00547	0.00178	0.00762	0.00484	0.00406	0.00926
28	0.00997	0.00752	0.00955	0.01055	0.01208	0.00743	0.00847	0.01366	0.07683	0.01931	0.03975	0.25245	0.15068	0.01777	0.00848	0.00273	0.00494	0.33553	0.00614	0.00618
29	0.00802	0.00573	0.00764	0.00917	0.00955	0.00535	0.00611	0.00917	0.01260	0.01681	0.03628	0.76434	0.04354	0.02062	0.00840	0.00267	0.00382	0.01872	0.00611	0.00535
30	0.01243	0.01170	0.01975	0.75282	0.04534	0.01463	0.01828	0.01682	0.01316	0.01682	0.01170	0.01755	0.00878	0.00658	0.00658	0.00219	0.00878	0.00585	0.00293	0.00731
31	0.02009	0.10024	0.02743	0.01948	0.02464	0.19590	0.26017	0.19518	0.01987	0.02429	0.01361	0.04321	0.01103	0.00703	0.00667	0.00196	0.00961	0.00640	0.00422	0.00898
32	0.01707	0.08700	0.11677	0.02308	0.02977	0.01797	0.44447	0.13770	0.01778	0.02404	0.01320	0.01633	0.00986	0.00604	0.00707	0.00209	0.00992	0.00674	0.00377	0.00934
33	0.00911	0.00672	0.00851	0.00806	0.00971	0.00612	0.00605	0.01202	0.01814	0.02522	0.63438	0.05111	0.15256	0.01390	0.00777	0.00209	0.00314	0.01218	0.00709	0.00612
34	0.01320	0.03405	0.73453	0.01876	0.02849	0.01529	0.02432	0.02085	0.01390	0.02085	0.01181	0.01390	0.00834	0.00625	0.00625	0.00208	0.00973	0.00486	0.00278	0.00973
35	0.81514	0.01273	0.00968	0.00866	0.01273	0.01477	0.00713	0.01935	0.01120	0.02954	0.00917	0.01069	0.00713	0.00611	0.00407	0.00204	0.00509	0.00356	0.00407	0.00713
36	0.01526	0.01580	0.02914	0.09416	0.25719	0.01690	0.27048	0.01928	0.01396	0.01970	0.01185	0.01653	0.00973	0.00704	0.01026	0.00227	0.17182	0.00654	0.00317	0.00888
37	0.01225	0.00674	0.00779	0.09019	0.01195	0.00707	0.00620	0.01516	0.01346	0.02300	0.01986	0.02352	0.01568	0.00834	0.00592	0.04348	0.00385	0.00608	0.67338	0.00610
38	0.01617	0.01257	0.01271	0.01152	0.01455	0.07369	0.00882	0.10667	0.20631	0.10330	0.03371	0.18762	0.15979	0.01254	0.00719	0.00223	0.00541	0.01055	0.00633	0.00834
39	0.09331	0.01600	0.05294	0.01509	0.01964	0.04661	0.08674	0.14295	0.05385	0.17467	0.01561	0.01667	0.01141	0.00770	0.00864	0.00206	0.12589	0.00576	0.00513	0.09933
40	0.01819	0.05784	0.02344	0.05574	0.39597	0.09232	0.01624	0.13031	0.01763	0.02364	0.01243	0.01519	0.01010	0.00619	0.00616	0.00180	0.00782	0.00536	0.00384	0.09978
41	0.00918	0.00681	0.00960	0.00971	0.01081	0.00742	0.00729	0.01126	0.01183	0.01659	0.09922	0.10915	0.06292	0.09649	0.49127	0.00805	0.01297	0.00937	0.00438	0.00569
42	0.81514	0.01273	0.00968	0.00866	0.01273	0.01477	0.00713	0.01935	0.01120	0.02954	0.00917	0.01069	0.00713	0.00611	0.00407	0.00204	0.00509	0.00356	0.00407	0.00713
43	0.00940	0.00705	0.01058	0.01058	0.01176	0.00823	0.00823	0.01176	0.01058	0.01528	0.01763	0.02586	0.01646	0.04937	0.74255	0.01058	0.01763	0.00705	0.00353	0.00588
44	0.00876	0.00671	0.00802	0.00769	0.00949	0.00597	0.00577	0.01134	0.01731	0.02326	0.48451	0.05434	0.30366	0.01463	0.00777	0.00213	0.00319	0.01263	0.00683	0.00597
45	0.00869	0.00662	0.00799	0.00783	0.00950	0.00592	0.00581	0.01115	0.01689	0.02269	0.44532	0.11932	0.27798	0.01517	0.00783	0.00218	0.00325	0.01318	0.00677	0.00592
46	0.01344	0.00726	0.00738	0.00696	0.00884	0.00744	0.00533	0.07855	0.01538	0.02610	0.02096	0.02374	0.01635	0.00769	0.00478	0.00157	0.00345	0.00612	0.73206	0.00660
47	0.00932	0.00673	0.00880	0.00828	0.00984	0.00621	0.00621	0.01242	0.01863	0.02640	0.72410	0.04918	0.06212	0.01346	0.00776	0.00207	0.00311	0.01191	0.00725	0.00621
48	0.00820	0.00669	0.00724	0.00710	0.00915	0.00573	0.00533	0.01025	0.01599	0.02011	0.24432	0.05952	0.54582	0.01580	0.00778	0.00218	0.00327	0.01336	0.00642	0.00573
49	0.01287	0.01214	0.02053	0.67274	0.12202	0.01474	0.01850	0.01720	0.01337	0.01735	0.01178	0.01741	0.00896	0.00650	0.00657	0.00217	0.00867	0.00585	0.00296	0.00766
50	0.00812	0.00656	0.00722	0.00731	0.00916	0.00566	0.00538	0.01001	0.01543	0.01939	0.19446	0.14936	0.50584	0.01653	0.00786	0.00225	0.00335	0.01411	0.00634	0.00566
51	0.00842	0.00641	0.00777	0.00822	0.00960	0.00576	0.00598	0.01036	0.01519	0.01990	0.23455	0.29914	0.27866	0.01721	0.00805	0.00237	0.00357	0.04674	0.00642	0.00569
52	0.01355	0.01543	0.08563	0.01914	0.05191	0.01641	0.14777	0.01640	0.01211	0.01772	0.01454	0.13829	0.01469	0.01114	0.01472	0.00261	0.38864	0.00820	0.00351	0.00759
53	0.01850	0.01641	0.01842	0.12245	0.12799	0.15379	0.01396	0.11141	0.01737	0.08672	0.01695	0.02532	0.01479	0.00924	0.00843	0.00221	0.08940	0.11304	0.02512	0.00847
54	0.01371	0.15908	0.44348	0.01754	0.02514	0.01628	0.10664	0.01941	0.01388	0.01949	0.01420	0.09534	0.01239	0.00762	0.00632	0.00205	0.00879	0.00650	0.00322	0.00892
55	0.01609	0.01162	0.01547	0.01564	0.14365	0.01003	0.01042	0.03643	0.01551	0.13432	0.03616	0.02572	0.07557	0.00797	0.00616	0.00165	0.00551	0.06330	0.00497	0.36381
56	0.81514	0.01273	0.00968	0.00866	0.01273	0.01477	0.00713	0.01935	0.01120	0.02954	0.00917	0.01069	0.00713	0.00611	0.00407	0.00204	0.00509	0.00356	0.00407	0.00713
57	0.01243	0.01170	0.01975	0.75282	0.04534	0.01463	0.01828	0.01682	0.01316	0.01682	0.01170	0.01755	0.00878	0.00658	0.00658	0.00219	0.00878	0.00585	0.00293	0.00731
58	0.00901	0.00672	0.00838	0.00796	0.00965	0.00608	0.00597	0.01183	0.01792	0.02469	0.59378	0.05199	0.19350	0.01410	0.00777	0.00210	0.00315	0.01230	0.00702	0.00608
59	0.01554	0.01776	0.03885	0.02775	0.03441	0.01665	0.70366	0.02109	0.01554	0.02109	0.01332	0.01776	0.00999	0.00555	0.00777	0.00222	0.01110	0.00777	0.00333	0.00888
60	0.01736	0.73290	0.07213	0.01167	0.01752	0.02547	0.01197	0.01977	0.01340	0.01578	0.00930	0.01074	0.00844	0.00567	0.00433	0.00144	0.00718	0.00359	0.00281	0.00852
61	0.64049	0.01399	0.01190	0.01009	0.01443	0.01602	0.00832	0.17105	0.01557	0.03218	0.01063	0.01182	0.00803	0.00651	0.00463	0.00202	0.00557	0.00409	0.00463	0.00803
62	0.01714	0.01452	0.01532	0.01355	0.01741	0.01673	0.01061	0.09470	0.65471	0.02878	0.02582	0.02378	0.01930	0.00884	0.00669	0.00221	0.00539	0.00731	0.00669	0.01049
63	0.68111	0.01294	0.01092	0.00940	0.01366	0.01460	0.00775	0.06531	0.01329	0.10424	0.01137	0.01226	0.00836	0.00644	0.00451	0.00203	0.00529	0.00404	0.00467	0.00782
64	0.01115	0.00919	0.01051	0.01175	0.01312	0.07239	0.00957	0.01354	0.01477	0.01859	0.03305	0.25705	0.03681	0.01784	0.00862	0.00281	0.00597	0.44142	0.00584	0.00601
65	0.00833	0.00669	0.00743	0.00725	0.00923	0.00579	0.00544	0.01052	0.01631	0.02088	0.30257	0.05827	0.48710	0.01552	0.00777	0.00217	0.00325	0.01318	0.00652	0.00579
66	0.00859	0.00670	0.00779	0.00752	0.00939	0.00590	0.00564	0.01101	0.01691	0.02230	0.41165	0.05592	0.37712	0.01499	0.00777	0.00214	0.00321	0.01285	0.00671	0.00590
67	0.00932	0.00673	0.00880	0.00828	0.00984	0.00621	0.00621	0.01242	0.01863	0.02640	0.72410	0.04918	0.06212	0.01346	0.00776	0.00207	0.00311	0.01191	0.00725	0.00621
68	0.02106	0.01665	0.01784	0.01682	0.11195	0.15243	0.01184	0.07748	0.01714	0.20001	0.01513	0.01610	0.01125	0.00704	0.00740	0.00176	0.07581	0.00524	0.00490	0.21212
69	0.01371	0.00765	0.00993	0.00882	0.01116	0.00691	0.00680	0.01662	0.01823	0.17650	0.50319	0.04287	0.08429	0.01218	0.00735	0.00204	0.00365	0.01057	0.05027	0.00724
70	0.01568	0.01502	0.02562	0.15338	0.61939	0.01548	0.01990	0.01967	0.01470	0.02076	0.01227	0.01649	0.01017	0.00598	0.00653	0.00199	0.00797	0.00586	0.00321	0.00993
71	0.00966	0.00697	0.01018	0.01018	0.01139	0.00804	0.00791	0.01207	0.01087	0.01611	0.01798	0.02575	0.01650	0.04566	0.67684	0.00977	0.01634	0.00697	0.07491	0.00590
72	0.01554	0.01776	0.03885	0.02775	0.03441	0.01665	0.70366	0.02109	0.01554	0.02109	0.01332	0.01776	0.00999	0.00555	0.00777	0.00222	0.01110	0.00777	0.00333	0.00888
73	0.07177	0.01129	0.01498	0.01155	0.01659	0.00995	0.00954	0.03140	0.01843	0.69436	0.02507	0.02178	0.01580	0.00804	0.00648	0.00204	0.00557	0.00646	0.00793	0.01098
74	0.00792	0.00667	0.00686	0.00681	0.00898	0.00562	0.00511	0.00971	0.01533	0.01855	0.12523	0.06209	0.66588	0.01639	0.00778	0.00221	0.00331	0.01372	0.00621	0.00562
75	0.01395	0.00792	0.01039	0.00918	0.01157	0.00726	0.00709	0.01737	0.03867	0.18095	0.55125	0.04261	0.05088	0.01217	0.00748	0.00207	0.00371	0.01062	0.00743	0.00743
76	0.00940	0.00643	0.00778	0.00792	0.00815	0.00659	0.00488	0.00989	0.01002	0.01355	0.02166	0.10630	0.02450	0.58198	0.14769	0.00673	0.00800	0.01000	0.00411	0.00442
77	0.01559	0.01518	0.02666	0.15632	0.55377	0.01556	0.08075	0.01973	0.01474	0.02070	0.01235	0.01663	0.01012	0.00596	0.00664	0.00202	0.00827	0.00603	0.00321	0.00978
78	0.01365	0.01170	0.01365	0.00975	0.01560	0.00878	0.00780	0.01658	0.01365	0.02145	0.01170	0.01365	0.00975	0.00488	0.00488	0.00098	0.00488	0.00390	0.00390	0.80888
79	0.01022	0.00717	0.00818	0.00795	0.00876	0.00708	0.00519	0.04755	0.01277	0.01696	0.11552	0.04628	0.10760	0.50857	0.02464	0.00496	0.00565	0.04511	0.00489	0.00494
80	0.01631	0.01592	0.02528	0.10358	0.60687	0.04788	0.01933	0.02072	0.04140	0.02107	0.01277	0.01652	0.01055	0.00609	0.00650	0.00198	0.00799	0.00585	0.00336	0.01002
81	0.22079	0.43218	0.16654	0.01208	0.01812	0.02104	0.01279	0.01984	0.01292	0.02014	0.00968	0.01125	0.00809	0.00588	0.00459	0.00170	0.00707	0.00380	0.00313	0.00836
82	0.01320	0.03405	0.73453	0.01876	0.02849	0.01529	0.02432	0.02085	0.01390	0.02085	0.01181	0.01390	0.00834	0.00625	0.00625	0.00208	0.00973	0.00486	0.00278	0.00973
83	0.00932	0.00673	0.00880	0.00828	0.00984	0.00621	0.00621	0.01242	0.01863	0.02640	0.72410	0.04918	0.06212	0.01346	0.00776	0.00207	0.00311	0.01191	0.00725	0.00621
84	0.00850	0.00615	0.00809	0.00912	0.00994	0.00573	0.00647	0.01024	0.01419	0.01907	0.17803	0.52065	0.08218	0.01874	0.00830	0.00256	0.00385	0.07625	0.00634	0.00560
85	0.01760	0.77260	0.03450	0.01126	0.01690	0.02605	0.01126	0.01971	0.01338	0.01549	0.00915	0.01056	0.00845	0.00563	0.00422	0.00141	0.00704	0.00352	0.00282	0.00845
86	0.25817	0.01165	0.01365	0.01082	0.01562	0.01116	0.00893	0.02838	0.01662	0.52766	0.02108	0.01900	0.01363	0.00756	0.00588	0.00204	0.00545	0.00573	0.00696	0.01002
87	0.00928	0.00710	0.00856	0.00812	0.00997	0.00657	0.00611	0.01281	0.05385	0.02419	0.51503	0.05163	0.23424	0.01407	0.00771	0.00212	0.00328	0.01220	0.00692	0.00626
88	0.00877	0.00671	0.00804	0.00771	0.00950	0.00598	0.00578	0.01136	0.01734	0.02333	0.48988	0.05423	0.29825	0.01460	0.00777	0.00212	0.00319	0.01261	0.00684	0.00598
89	0.01523	0.01675	0.13257	0.01382	0.01834	0.01529	0.01233	0.03065	0.53832	0.02634	0.08643	0.02500	0.02191	0.00889	0.00672	0.00219	0.00577	0.00742	0.00610	0.00993
90	0.01919	0.51212	0.02945	0.01280	0.01782	0.02408	0.01187	0.19312	0.01753	0.02211	0.01079	0.01224	0.00916	0.00675	0.00641	0.00169	0.07573	0.00434	0.00378	0.00903
91	0.00932	0.00673	0.00880	0.00828	0.00984	0.00621	0.00621	0.01242	0.01863	0.02640	0.72410	0.04918	0.06212	0.01346	0.00776	0.00207	0.00311	0.01191	0.00725	0.00621
92	0.02459	0.03138	0.01866	0.01696	0.02035	0.74221	0.01272	0.02629	0.01866	0.01611	0.01018	0.01187	0.00848	0.00678	0.00594	0.00170	0.01187	0.00424	0.00339	0.00763
93	0.01722	0.01902	0.14148	0.05915	0.45928	0.01641	0.01942	0.14398	0.01763	0.02483	0.01288	0.01586	0.01016	0.00632	0.00649	0.00199	0.00807	0.00571	0.00377	0.01033
94	0.00823	0.00598	0.00781	0.00920	0.00985	0.00557	0.00641	0.00959	0.01305	0.01715	0.03894	0.63870	0.10543	0.02005	0.00841	0.00266	0.00397	0.07745	0.00611	0.00543
95	0.81514	0.01273	0.00968	0.00866	0.01273	0.01477	0.00713	0.01935	0.01120	0.02954	0.00917	0.01069	0.00713	0.00611	0.00407	0.00204	0.00509	0.00356	0.00407	0.00713
96	0.00892	0.00628	0.00729	0.00766	0.00834	0.00593	0.00493	0.00987	0.01221	0.01622	0.08637	0.23924	0.15815	0.34743	0.01913	0.00413	0.00478	0.01284	0.03539	0.00488
97	0.00928	0.00643	0.00710	0.00710	0.00746	0.00625	0.00416	0.00955	0.01047	0.01359	0.02829	0.04641	0.13909	0.64510	0.02928	0.00570	0.00588	0.01028	0.00434	0.00425
98	0.02545	0.01030	0.01397	0.01102	0.01540	0.00898	0.00898	0.02811	0.01880	0.58959	0.16698	0.02781	0.02555	0.00922	0.00685	0.00204	0.00510	0.00769	0.00797	0.01020
99	0.01733	0.07727	0.03488	0.02456	0.03055	0.14815	0.52677	0.02192	0.01594	0.01977	0.01244	0.01615	0.00960	0.00578	0.00717	0.00206	0.01093	0.00681	0.00330	0.00862
100	0.01832	0.00791	0.00934	0.00809	0.01087	0.00738	0.00638	0.02120	0.01557	0.27233	0.02305	0.02380	0.01667	0.00784	0.00531	0.00171	0.00396	0.00631	0.52608	0.00791
101	0.81514	0.01273	0.00968	0.00866	0.01273	0.01477	0.00713	0.01935	0.01120	0.02954	0.00917	0.01069	0.00713	0.00611	0.00407	0.00204	0.00509	0.00356	0.00407	0.00713
102	0.01365	0.01170	0.01365	0.00975	0.01560	0.00878	0.00780	0.01658	0.01365	0.02145	0.01170	0.01365	0.00975	0.00488	0.00488	0.00098	0.00488	0.00390	0.00390	0.80888
103	0.00814	0.00587	0.00751	0.00876	0.00927	0.00546	0.00582	0.00923	0.01254	0.01652	0.03757	0.63587	0.10242	0.08877	0.01065	0.00297	0.00401	0.01745	0.00592	0.00524
104	0.01594	0.01528	0.02608	0.10564	0.66510	0.01555	0.02003	0.01989	0.01482	0.02108	0.01232	0.01641	0.01028	0.00593	0.00652	0.00198	0.00791	0.00586	0.00323	0.01014

[dist]
# distance from previous block
# <min> <max>
0	1

[block]
# block no. 1 follows, 33 sequences, length 17
# corresponding to MSA columns:
# 106-122
name=unknown_B
#
# <colnr> <probs for GDERKNQSTAVLIFYWHMCP>
#	G	D	E	R	K	N	Q	S	T	A	V	L	I	F	Y	W	H	M	C	P
0	0.01468	0.00799	0.01009	0.00884	0.01158	0.00703	0.00688	0.01725	0.01775	0.22528	0.35383	0.04524	0.22177	0.01278	0.00744	0.00210	0.00388	0.01092	0.00721	0.00746
1	0.00957	0.00638	0.00718	0.00718	0.00718	0.00638	0.00399	0.00957	0.00957	0.01276	0.02074	0.04308	0.02393	0.76864	0.03351	0.00638	0.00638	0.00957	0.00399	0.00399
2	0.00906	0.00672	0.00844	0.00801	0.00967	0.00610	0.00601	0.01192	0.01802	0.02493	0.61182	0.05160	0.17531	0.01401	0.00777	0.00210	0.00314	0.01225	0.00705	0.00610
3	0.02324	0.01755	0.01875	0.01479	0.01973	0.01958	0.01208	0.56691	0.17258	0.03860	0.01808	0.01762	0.01304	0.00812	0.00661	0.00203	0.00682	0.00624	0.00661	0.01104
4	0.01541	0.01304	0.02288	0.46526	0.13472	0.01447	0.11432	0.01968	0.01442	0.10179	0.01369	0.01798	0.01006	0.00652	0.00675	0.00215	0.00860	0.00621	0.00364	0.00842
5	0.02265	0.01721	0.01696	0.01409	0.01850	0.11380	0.01123	0.23889	0.27878	0.16511	0.02104	0.01976	0.01508	0.00818	0.00655	0.00204	0.00680	0.00639	0.00650	0.01043
6	0.02522	0.01597	0.01678	0.01347	0.01801	0.09933	0.01085	0.29903	0.02311	0.30756	0.02098	0.08515	0.01579	0.00901	0.00669	0.00203	0.00683	0.00715	0.00678	0.01026
7	0.00789	0.00625	0.00711	0.00779	0.00919	0.00546	0.00550	0.00932	0.01393	0.01734	0.05302	0.37852	0.41856	0.01845	0.00806	0.00243	0.00355	0.01606	0.00611	0.00546
8	0.01607	0.03327	0.01760	0.01263	0.01792	0.01227	0.06531	0.09836	0.01576	0.05750	0.01267	0.01464	0.01012	0.00604	0.00684	0.00142	0.07128	0.00473	0.00426	0.52130
9	0.10856	0.01763	0.18202	0.01703	0.13989	0.01220	0.01375	0.01924	0.01390	0.05574	0.01222	0.01423	0.00954	0.00566	0.00546	0.00157	0.00656	0.00455	0.00375	0.35650
10	0.05887	0.17517	0.02012	0.01355	0.01765	0.20268	0.01114	0.16544	0.09089	0.05672	0.01453	0.01601	0.01159	0.01261	0.10221	0.00295	0.00935	0.00522	0.00456	0.00875
11	0.00953	0.00672	0.00855	0.00869	0.00931	0.00704	0.00599	0.01064	0.01067	0.01445	0.02328	0.04152	0.05648	0.43527	0.25410	0.00720	0.00976	0.07181	0.00414	0.00485
12	0.01419	0.01504	0.13750	0.05049	0.10110	0.01229	0.01288	0.05400	0.16694	0.05953	0.26861	0.02965	0.03072	0.00952	0.00696	0.00209	0.00583	0.00821	0.00571	0.00874
13	0.01016	0.00818	0.01323	0.01193	0.01352	0.00886	0.08880	0.01243	0.01097	0.01548	0.01773	0.02824	0.01715	0.18331	0.51946	0.00879	0.01469	0.00762	0.00359	0.00586
14	0.01724	0.19917	0.02985	0.02080	0.08945	0.01968	0.24071	0.10730	0.08150	0.02232	0.01325	0.01588	0.01059	0.00691	0.00817	0.00205	0.09603	0.00607	0.00387	0.00916
15	0.01944	0.19709	0.25256	0.01588	0.02220	0.19888	0.01608	0.16219	0.01845	0.02269	0.01162	0.01303	0.00898	0.00658	0.00578	0.00181	0.00914	0.00462	0.00372	0.00922
16	0.33257	0.36636	0.09654	0.01124	0.01659	0.04899	0.01104	0.01995	0.01278	0.02162	0.00947	0.01101	0.00792	0.00593	0.00444	0.00174	0.00674	0.00371	0.00333	0.00803

[dist]
# distance from previous block
# <min> <max>
0	67

[block]
# block no. 2 follows, 33 sequences, length 25
# corresponding to MSA columns:
# 190-214
name=unknown_C
#
# <colnr> <probs for GDERKNQSTAVLIFYWHMCP>
#	G	D	E	R	K	N	Q	S	T	A	V	L	I	F	Y	W	H	M	C	P
0	0.01288	0.00822	0.00872	0.00805	0.01024	0.00825	0.00617	0.12342	0.01708	0.02550	0.08545	0.08231	0.16475	0.01085	0.00606	0.00186	0.00384	0.00896	0.40061	0.00678
1	0.01155	0.16098	0.01407	0.00958	0.01116	0.01081	0.00747	0.01246	0.01111	0.01454	0.01809	0.03313	0.01903	0.25269	0.18255	0.12283	0.00890	0.08992	0.00374	0.00540
2	0.02126	0.01657	0.01763	0.01438	0.01898	0.01865	0.01160	0.41337	0.32935	0.03541	0.02059	0.01962	0.01507	0.00835	0.00663	0.00209	0.00636	0.00659	0.00663	0.01086
3	0.01834	0.50349	0.06652	0.01664	0.12521	0.02306	0.01347	0.12672	0.01639	0.02072	0.01081	0.01241	0.00917	0.00605	0.00504	0.00161	0.00733	0.00432	0.00347	0.00924
4	0.62015	0.01326	0.01122	0.00978	0.01396	0.01510	0.00796	0.06714	0.10756	0.02972	0.01209	0.01303	0.00926	0.00656	0.00463	0.00201	0.00524	0.00426	0.00459	0.04247
5	0.01716	0.05268	0.18477	0.01749	0.02347	0.01688	0.15352	0.19015	0.16953	0.02752	0.06577	0.01974	0.01564	0.00756	0.00675	0.00209	0.00785	0.00669	0.00497	0.00976
6	0.01143	0.00843	0.01070	0.00997	0.01208	0.00841	0.02986	0.03312	0.06943	0.06824	0.10555	0.18154	0.25422	0.01857	0.09108	0.00323	0.03809	0.01189	0.02743	0.00673
7	0.01948	0.01973	0.10959	0.07495	0.02483	0.12888	0.15287	0.14689	0.06623	0.11124	0.03486	0.01823	0.01282	0.00899	0.03851	0.00241	0.00917	0.00630	0.00476	0.00927
8	0.00796	0.00637	0.00713	0.00759	0.00917	0.00553	0.00544	0.00956	0.01448	0.01805	0.10148	0.28908	0.45958	0.01773	0.00798	0.00236	0.00348	0.01532	0.00619	0.00553
9	0.07710	0.01397	0.02283	0.29933	0.42157	0.01520	0.01848	0.01890	0.01403	0.02041	0.01188	0.01632	0.00956	0.00615	0.00635	0.00205	0.00796	0.00568	0.00320	0.00903
10	0.01539	0.01287	0.01863	0.01406	0.01896	0.01178	0.14852	0.10034	0.06479	0.05619	0.15709	0.02298	0.02146	0.00751	0.00644	0.00170	0.00611	0.00688	0.00515	0.30315
11	0.11561	0.22104	0.03104	0.01936	0.02493	0.12917	0.32805	0.02130	0.01490	0.01987	0.01122	0.01407	0.00900	0.00583	0.00609	0.00190	0.00939	0.00558	0.00329	0.00836
12	0.11811	0.01612	0.01823	0.01469	0.01936	0.01796	0.06492	0.32364	0.27689	0.03335	0.01880	0.01852	0.01385	0.00787	0.00641	0.00210	0.00654	0.00633	0.00606	0.01023
13	0.01535	0.17762	0.38717	0.01709	0.02448	0.05459	0.07605	0.02312	0.12352	0.02060	0.01366	0.01511	0.01034	0.00651	0.00603	0.00196	0.00871	0.00521	0.00347	0.00940
14	0.00885	0.00668	0.00818	0.00787	0.00957	0.00600	0.00588	0.01149	0.01743	0.02370	0.51982	0.07914	0.24208	0.01460	0.00779	0.00213	0.00319	0.01270	0.00690	0.00600
15	0.01243	0.01170	0.01975	0.75282	0.04534	0.01463	0.01828	0.01682	0.01316	0.01682	0.01170	0.01755	0.00878	0.00658	0.00658	0.00219	0.00878	0.00585	0.00293	0.00731
16	0.00862	0.00637	0.00817	0.00927	0.01032	0.00592	0.00687	0.01040	0.01401	0.01825	0.08768	0.43463	0.17348	0.01887	0.00839	0.00262	0.00416	0.16017	0.00618	0.00560
17	0.01391	0.01321	0.02242	0.48001	0.30659	0.01502	0.01902	0.01812	0.01386	0.01862	0.01196	0.01707	0.00941	0.00631	0.00656	0.00210	0.00841	0.00586	0.00305	0.00851
18	0.00797	0.00594	0.00742	0.00859	0.00940	0.00540	0.00586	0.00923	0.01315	0.01703	0.04325	0.60385	0.19954	0.01972	0.00826	0.00257	0.00371	0.01761	0.00611	0.00540
19	0.01248	0.01265	0.02491	0.16784	0.02857	0.01259	0.33998	0.01637	0.01411	0.01884	0.02042	0.25914	0.02059	0.01063	0.00773	0.00236	0.00828	0.01092	0.00415	0.00742
20	0.81514	0.01273	0.00968	0.00866	0.01273	0.01477	0.00713	0.01935	0.01120	0.02954	0.00917	0.01069	0.00713	0.00611	0.00407	0.00204	0.00509	0.00356	0.00407	0.00713
21	0.00875	0.00673	0.00815	0.00786	0.00964	0.00613	0.00592	0.01127	0.01666	0.02234	0.42534	0.05262	0.30429	0.01745	0.06500	0.00279	0.00432	0.01226	0.00654	0.00594
22	0.01613	0.01675	0.02110	0.42192	0.19358	0.16164	0.01743	0.03984	0.01521	0.01846	0.01167	0.01607	0.00916	0.00650	0.00644	0.00203	0.00914	0.00553	0.00320	0.00820
23	0.01181	0.01071	0.01177	0.01135	0.01255	0.10764	0.00857	0.01364	0.01147	0.01503	0.01652	0.02595	0.01605	0.15564	0.48226	0.00820	0.06439	0.00699	0.00354	0.00590
24	0.01540	0.40366	0.38420	0.01501	0.02269	0.02067	0.01779	0.02028	0.01364	0.01817	0.01048	0.01223	0.00839	0.00594	0.00524	0.00175	0.00838	0.00419	0.00280	0.00909

[dist]
# distance from previous block
# <min> <max>
0	2

[block]
# block no. 3 follows, 33 sequences, length 16
# corresponding to MSA columns:
# 217-232
name=unknown_D
#
# <colnr> <probs for GDERKNQSTAVLIFYWHMCP>
#	G	D	E	R	K	N	Q	S	T	A	V	L	I	F	Y	W	H	M	C	P
0	0.09452	0.02390	0.01964	0.01666	0.02074	0.39775	0.09163	0.09320	0.13716	0.02235	0.01382	0.01498	0.01077	0.00705	0.00617	0.00191	0.00958	0.00530	0.00432	0.00855
1	0.00928	0.00678	0.00898	0.01029	0.01149	0.00649	0.00820	0.01144	0.01422	0.01839	0.03988	0.32127	0.13714	0.01885	0.00866	0.00279	0.00487	0.34919	0.00609	0.00573
2	0.01279	0.00917	0.01018	0.00921	0.01060	0.00966	0.00624	0.13035	0.07869	0.02033	0.08948	0.03735	0.02517	0.49586	0.02396	0.00483	0.00610	0.00899	0.00500	0.00602
3	0.02954	0.01120	0.01528	0.01171	0.01681	0.00968	0.00968	0.03208	0.01884	0.73213	0.02597	0.02241	0.01630	0.00815	0.00662	0.00204	0.00560	0.00662	0.00815	0.01120
4	0.00855	0.00670	0.00774	0.00748	0.00936	0.00589	0.00561	0.01094	0.01682	0.02210	0.39600	0.05625	0.39290	0.01506	0.00777	0.00215	0.00322	0.01290	0.00668	0.00589
5	0.10664	0.01135	0.01473	0.01141	0.01641	0.01018	0.00943	0.03083	0.01809	0.66318	0.02432	0.02126	0.01540	0.00795	0.00637	0.00204	0.00555	0.00632	0.00775	0.01080
6	0.01576	0.01785	0.13926	0.01562	0.02063	0.01622	0.07621	0.03131	0.53248	0.02581	0.02302	0.02213	0.01718	0.00817	0.00672	0.00221	0.00652	0.00704	0.00573	0.01016
7	0.00966	0.00778	0.00885	0.00903	0.01117	0.00740	0.00721	0.01378	0.09635	0.02024	0.11711	0.06036	0.40010	0.01586	0.00800	0.00242	0.00424	0.18784	0.00628	0.00631
8	0.02290	0.12682	0.02081	0.01686	0.04554	0.57998	0.01267	0.02571	0.05813	0.01689	0.01108	0.01260	0.00922	0.00672	0.00578	0.00170	0.01071	0.00439	0.00350	0.00800
9	0.05189	0.02041	0.16538	0.01578	0.02174	0.11004	0.07695	0.14191	0.01929	0.28472	0.01751	0.01731	0.01187	0.00723	0.00646	0.00201	0.00804	0.00582	0.00557	0.01007
10	0.01768	0.56530	0.12466	0.01290	0.01881	0.02380	0.01324	0.09253	0.01518	0.01897	0.01019	0.01171	0.00873	0.00619	0.00543	0.00162	0.03694	0.00404	0.00321	0.00886
11	0.01001	0.00777	0.01103	0.01070	0.01152	0.00925	0.00813	0.01181	0.01033	0.01487	0.01719	0.02783	0.01699	0.18216	0.52463	0.00890	0.10030	0.00739	0.00354	0.00567
12	0.00802	0.00573	0.00764	0.00917	0.00955	0.00535	0.00611	0.00917	0.01260	0.01681	0.03628	0.76434	0.04354	0.02062	0.00840	0.00267	0.00382	0.01872	0.00611	0.00535
13	0.81514	0.01273	0.00968	0.00866	0.01273	0.01477	0.00713	0.01935	0.01120	0.02954	0.00917	0.01069	0.00713	0.00611	0.00407	0.00204	0.00509	0.00356	0.00407	0.00713
14	0.01682	0.01086	0.01300	0.00969	0.01481	0.00862	0.00777	0.01969	0.01477	0.17191	0.01600	0.01694	0.01207	0.00593	0.00521	0.00127	0.00479	0.00477	0.11043	0.53464
15	0.00958	0.00786	0.00929	0.00826	0.01075	0.00670	0.02711	0.01139	0.01392	0.01826	0.09325	0.08834	0.35240	0.14959	0.01190	0.00275	0.00443	0.01116	0.00531	0.15775

[dist]
# distance from previous block
# <min> <max>
0	199

# created by:
# /home/berkeley/.conda/envs/busco_data_prod/bin/msa2prfl.pl pipeline/OGs_align_augustus/5794/68693.fs
