[name]
unknown

[dist]
# distance from previous block
# <min> <max>
0	169

[block]
# block no. 0 follows, 28 sequences, length 11
# corresponding to MSA columns:
# 202-212
name=unknown_A
#
# <colnr> <probs for GDERKNQSTAVLIFYWHMCP>
#	G	D	E	R	K	N	Q	S	T	A	V	L	I	F	Y	W	H	M	C	P
0	0.04932	0.05027	0.09736	0.01865	0.07504	0.07873	0.08545	0.04598	0.13803	0.11086	0.02379	0.02748	0.05819	0.01223	0.05187	0.00292	0.00891	0.04956	0.00548	0.00990
1	0.04267	0.06810	0.07511	0.06751	0.12150	0.05775	0.07082	0.01914	0.01655	0.05461	0.13465	0.07100	0.07332	0.04029	0.05305	0.00303	0.00832	0.00904	0.00500	0.00855
2	0.01407	0.01341	0.06057	0.13905	0.06679	0.03465	0.01259	0.08279	0.04571	0.02650	0.28324	0.10704	0.05945	0.01232	0.00797	0.00236	0.00630	0.01073	0.00615	0.00830
3	0.01355	0.00678	0.00678	0.00678	0.00847	0.00678	0.00508	0.01694	0.01524	0.02710	0.02371	0.02710	0.01863	0.00847	0.00508	0.00169	0.00339	0.00678	0.78489	0.00678
4	0.01815	0.02399	0.20549	0.06593	0.06502	0.13241	0.08093	0.09811	0.04770	0.02503	0.02011	0.02215	0.06649	0.00835	0.00706	0.00219	0.00923	0.00691	0.08518	0.00957
5	0.73437	0.01456	0.01157	0.01013	0.01474	0.01681	0.00835	0.07370	0.01412	0.03367	0.01071	0.01226	0.00823	0.00691	0.00472	0.00224	0.00581	0.00414	0.00472	0.00823
6	0.01355	0.00678	0.00678	0.00678	0.00847	0.00678	0.00508	0.01694	0.01524	0.02710	0.02371	0.02710	0.01863	0.00847	0.00508	0.00169	0.00339	0.00678	0.78489	0.00678
7	0.42080	0.04777	0.04008	0.01534	0.07531	0.12990	0.01157	0.05012	0.05988	0.06961	0.01339	0.01467	0.01025	0.00725	0.00562	0.00217	0.00748	0.00491	0.00477	0.00911
8	0.01694	0.01844	0.09187	0.09248	0.29021	0.06021	0.05895	0.08067	0.01821	0.02443	0.05456	0.07036	0.07233	0.00929	0.00754	0.00228	0.00845	0.00837	0.00455	0.00986
9	0.01785	0.06965	0.17698	0.03907	0.04767	0.12235	0.03764	0.11342	0.04575	0.02551	0.09853	0.10077	0.02183	0.00994	0.00726	0.00220	0.00845	0.00821	0.00503	0.04190
10	0.01476	0.01254	0.04588	0.01247	0.01569	0.01230	0.00999	0.02554	0.31302	0.06115	0.20595	0.15086	0.06276	0.01340	0.00803	0.00248	0.00508	0.01161	0.00730	0.00919

[dist]
# distance from previous block
# <min> <max>
0	4

[block]
# block no. 1 follows, 28 sequences, length 14
# corresponding to MSA columns:
# 217-230
name=unknown_B
#
# <colnr> <probs for GDERKNQSTAVLIFYWHMCP>
#	G	D	E	R	K	N	Q	S	T	A	V	L	I	F	Y	W	H	M	C	P
0	0.02051	0.01923	0.07719	0.07818	0.15288	0.08425	0.09032	0.08487	0.13087	0.11598	0.01989	0.05956	0.01566	0.00863	0.00744	0.00230	0.00862	0.00764	0.00541	0.01057
1	0.08762	0.01919	0.02094	0.08924	0.13025	0.09734	0.01462	0.27612	0.05986	0.03223	0.01528	0.01704	0.01162	0.00763	0.00675	0.00207	0.00824	0.00595	0.00536	0.09263
2	0.01927	0.07925	0.09471	0.07253	0.21669	0.01698	0.01632	0.08384	0.12034	0.10180	0.01863	0.02227	0.01486	0.07950	0.00991	0.00268	0.00793	0.00691	0.00508	0.01049
3	0.00918	0.00656	0.00881	0.01049	0.01105	0.00618	0.00731	0.01068	0.01424	0.01892	0.03989	0.66538	0.04737	0.02247	0.00936	0.00300	0.00450	0.09189	0.00674	0.00599
4	0.02312	0.01561	0.01821	0.07547	0.05043	0.04007	0.01234	0.30289	0.02397	0.16146	0.02179	0.09657	0.01834	0.09320	0.01082	0.00283	0.00750	0.00852	0.00660	0.01026
5	0.01355	0.00678	0.00678	0.00678	0.00847	0.00678	0.00508	0.01694	0.01524	0.02710	0.02371	0.02710	0.01863	0.00847	0.00508	0.00169	0.00339	0.00678	0.78489	0.00678
6	0.01507	0.01292	0.01507	0.01077	0.01723	0.00969	0.00861	0.01830	0.01507	0.02369	0.01292	0.01507	0.01077	0.00538	0.00538	0.00108	0.00538	0.00431	0.00431	0.78898
7	0.01321	0.01198	0.01780	0.05320	0.07957	0.01195	0.11129	0.02000	0.14437	0.02482	0.19668	0.04315	0.21702	0.01242	0.00817	0.00239	0.00608	0.01118	0.00624	0.00847
8	0.01355	0.00678	0.00678	0.00678	0.00847	0.00678	0.00508	0.01694	0.01524	0.02710	0.02371	0.02710	0.01863	0.00847	0.00508	0.00169	0.00339	0.00678	0.78489	0.00678
9	0.01542	0.01203	0.01842	0.05357	0.27855	0.01182	0.01381	0.03828	0.01759	0.08130	0.15624	0.17936	0.06829	0.01248	0.00799	0.00238	0.00625	0.01130	0.00584	0.00910
10	0.04928	0.05401	0.06182	0.03111	0.35838	0.09738	0.05561	0.08980	0.08510	0.02590	0.01509	0.01772	0.01203	0.00715	0.00700	0.00216	0.00895	0.00630	0.00435	0.01087
11	0.01347	0.01520	0.09397	0.06087	0.16750	0.07311	0.01386	0.01655	0.01554	0.02054	0.05203	0.36741	0.03079	0.01485	0.00817	0.00255	0.00700	0.01330	0.00522	0.00807
12	0.37427	0.12192	0.01992	0.01776	0.12463	0.19201	0.01231	0.02348	0.01541	0.02537	0.01096	0.01308	0.00902	0.00682	0.00546	0.00204	0.00826	0.00451	0.00398	0.00879
13	0.01206	0.03800	0.03977	0.12608	0.08486	0.04010	0.03632	0.01488	0.01570	0.01970	0.04120	0.20770	0.26618	0.01480	0.00813	0.00248	0.00634	0.01290	0.00540	0.00741

[dist]
# distance from previous block
# <min> <max>
0	1

[block]
# block no. 2 follows, 28 sequences, length 22
# corresponding to MSA columns:
# 232-253
name=unknown_C
#
# <colnr> <probs for GDERKNQSTAVLIFYWHMCP>
#	G	D	E	R	K	N	Q	S	T	A	V	L	I	F	Y	W	H	M	C	P
0	0.07672	0.06309	0.01884	0.01627	0.08124	0.06772	0.07257	0.03630	0.05352	0.04382	0.03152	0.03245	0.20489	0.01314	0.04917	0.00272	0.03442	0.00864	0.00509	0.08785
1	0.02515	0.02212	0.08746	0.01932	0.05613	0.07003	0.06587	0.42447	0.04873	0.08208	0.01733	0.01792	0.01239	0.00821	0.00729	0.00220	0.00879	0.00656	0.00629	0.01167
2	0.01095	0.00829	0.01062	0.01014	0.01211	0.00840	0.00770	0.03608	0.01419	0.01912	0.05797	0.04052	0.21047	0.07451	0.33836	0.05900	0.01160	0.00990	0.00497	0.05511
3	0.01057	0.00705	0.00793	0.00793	0.00793	0.00705	0.00440	0.01057	0.01057	0.01409	0.02290	0.04757	0.02643	0.74454	0.03700	0.00705	0.00705	0.01057	0.00440	0.00440
4	0.01355	0.00678	0.00678	0.00678	0.00847	0.00678	0.00508	0.01694	0.01524	0.02710	0.02371	0.02710	0.01863	0.00847	0.00508	0.00169	0.00339	0.00678	0.78489	0.00678
5	0.14839	0.01825	0.01878	0.01513	0.02034	0.02051	0.01233	0.42239	0.18225	0.04012	0.01910	0.01880	0.01393	0.00867	0.00686	0.00226	0.00710	0.00652	0.00686	0.01144
6	0.01716	0.01961	0.04289	0.03064	0.03799	0.01838	0.67279	0.02328	0.01716	0.02328	0.01471	0.01961	0.01103	0.00613	0.00858	0.00245	0.01225	0.00858	0.00368	0.00980
7	0.06393	0.14251	0.37395	0.01678	0.02471	0.01816	0.01912	0.08810	0.03858	0.06474	0.06937	0.01881	0.01517	0.00782	0.00662	0.00217	0.00869	0.00600	0.00445	0.01031
8	0.01355	0.00678	0.00678	0.00678	0.00847	0.00678	0.00508	0.01694	0.01524	0.02710	0.02371	0.02710	0.01863	0.00847	0.00508	0.00169	0.00339	0.00678	0.78489	0.00678
9	0.01056	0.00709	0.00816	0.00816	0.00824	0.00717	0.00470	0.01072	0.01064	0.01427	0.02269	0.04638	0.02591	0.70148	0.07935	0.00734	0.00782	0.01040	0.00437	0.00453
10	0.04541	0.01735	0.02679	0.10160	0.46674	0.04600	0.04741	0.02357	0.07896	0.02368	0.01474	0.01854	0.01203	0.00716	0.00785	0.00226	0.03869	0.00656	0.00394	0.01072
11	0.02051	0.04003	0.11526	0.05649	0.08752	0.10156	0.07953	0.10080	0.07073	0.11966	0.02076	0.02490	0.03999	0.05455	0.00921	0.00257	0.00886	0.03177	0.00528	0.01002
12	0.02515	0.02604	0.02218	0.01832	0.02287	0.34785	0.07501	0.25954	0.02441	0.02811	0.01467	0.01785	0.01187	0.06281	0.00927	0.00242	0.01074	0.00616	0.00506	0.00967
13	0.01242	0.00645	0.00968	0.00968	0.00980	0.00657	0.00657	0.00980	0.00968	0.01302	0.01327	0.02270	0.01315	0.02800	0.09286	0.71567	0.00755	0.00645	0.00323	0.00347
14	0.01978	0.04481	0.02385	0.02935	0.35773	0.11597	0.01674	0.06705	0.05053	0.06280	0.09875	0.02220	0.01904	0.00806	0.00715	0.00210	0.00819	0.00701	0.00489	0.03401
15	0.01631	0.02254	0.22602	0.05740	0.08221	0.06763	0.04383	0.06984	0.13973	0.02474	0.02646	0.05672	0.11539	0.00994	0.00746	0.00234	0.00832	0.00833	0.00499	0.00982
16	0.01590	0.01590	0.02226	0.01908	0.01908	0.02226	0.01590	0.01749	0.01113	0.01749	0.00954	0.01590	0.00954	0.01272	0.02385	0.00318	0.73123	0.00636	0.00318	0.00795
17	0.02009	0.04857	0.02503	0.03040	0.37713	0.05084	0.01740	0.19349	0.02180	0.02965	0.09677	0.02174	0.01844	0.00812	0.00725	0.00214	0.00801	0.00711	0.00508	0.01094
18	0.04387	0.09122	0.12255	0.07145	0.10006	0.01350	0.01379	0.04329	0.01628	0.07080	0.05801	0.23087	0.06981	0.01275	0.00757	0.00240	0.00679	0.01101	0.00532	0.00867
19	0.01386	0.01263	0.01792	0.02229	0.23482	0.04020	0.04010	0.01817	0.05900	0.02359	0.16542	0.13052	0.13272	0.01301	0.00814	0.00241	0.00632	0.04449	0.00577	0.00859
20	0.01515	0.01424	0.01961	0.01698	0.01730	0.01934	0.01402	0.01708	0.01242	0.01951	0.07635	0.02062	0.01603	0.01253	0.02064	0.00296	0.59350	0.00705	0.07694	0.00774
21	0.01788	0.01832	0.12295	0.07593	0.15548	0.01655	0.07389	0.04895	0.04393	0.09537	0.03705	0.02143	0.01448	0.05454	0.01231	0.00272	0.14532	0.00704	0.00451	0.03135

[dist]
# distance from previous block
# <min> <max>
4	63

[block]
# block no. 3 follows, 28 sequences, length 6
# corresponding to MSA columns:
# 317-322
name=unknown_D
#
# <colnr> <probs for GDERKNQSTAVLIFYWHMCP>
#	G	D	E	R	K	N	Q	S	T	A	V	L	I	F	Y	W	H	M	C	P
0	0.01440	0.01388	0.01962	0.05429	0.05187	0.01830	0.01443	0.01633	0.01231	0.01810	0.01863	0.08139	0.07455	0.01544	0.05215	0.00341	0.50089	0.00842	0.00385	0.00773
1	0.00973	0.00779	0.01155	0.01173	0.01316	0.00720	0.06633	0.01164	0.01478	0.01934	0.04284	0.53302	0.14355	0.02046	0.00916	0.00286	0.00500	0.05705	0.00647	0.00634
2	0.01891	0.01880	0.09383	0.24945	0.24387	0.01831	0.01980	0.19785	0.02056	0.02802	0.01439	0.01801	0.01094	0.00738	0.00721	0.00226	0.00901	0.00638	0.00442	0.01058
3	0.01787	0.01729	0.02075	0.16436	0.18852	0.15109	0.04024	0.02133	0.01660	0.04734	0.01709	0.09144	0.01518	0.00863	0.00699	0.00210	0.00856	0.00748	0.06868	0.08846
4	0.01057	0.00705	0.00793	0.00793	0.00793	0.00705	0.00440	0.01057	0.01057	0.01409	0.02290	0.04757	0.02643	0.74454	0.03700	0.00705	0.00705	0.01057	0.00440	0.00440
5	0.01400	0.01302	0.07199	0.19083	0.05068	0.01189	0.01305	0.08302	0.01813	0.05324	0.13198	0.14336	0.14971	0.01296	0.00798	0.00244	0.00654	0.01120	0.00578	0.00819

[dist]
# distance from previous block
# <min> <max>
2	4

[block]
# block no. 4 follows, 28 sequences, length 12
# corresponding to MSA columns:
# 328-339
name=unknown_E
#
# <colnr> <probs for GDERKNQSTAVLIFYWHMCP>
#	G	D	E	R	K	N	Q	S	T	A	V	L	I	F	Y	W	H	M	C	P
0	0.12964	0.07070	0.02220	0.14063	0.17197	0.07877	0.01556	0.10745	0.01785	0.02575	0.05962	0.01866	0.01417	0.00828	0.00852	0.00227	0.08795	0.00622	0.00439	0.00939
1	0.01057	0.00705	0.00793	0.00793	0.00793	0.00705	0.00440	0.01057	0.01057	0.01409	0.02290	0.04757	0.02643	0.74454	0.03700	0.00705	0.00705	0.01057	0.00440	0.00440
2	0.01957	0.01626	0.01730	0.01484	0.01943	0.01826	0.01171	0.15073	0.52060	0.03267	0.02620	0.02451	0.01960	0.00933	0.00723	0.00231	0.00613	0.00763	0.00715	0.06854
3	0.79588	0.01406	0.01068	0.00956	0.01406	0.01631	0.00787	0.02137	0.01237	0.03261	0.01012	0.01181	0.00787	0.00675	0.00450	0.00225	0.00562	0.00394	0.00450	0.00787
4	0.02149	0.10594	0.07817	0.01782	0.04289	0.27379	0.05129	0.07431	0.11334	0.02329	0.01481	0.01622	0.01173	0.00732	0.00651	0.00191	0.00964	0.00551	0.00446	0.11955
5	0.00910	0.00660	0.00864	0.01018	0.01090	0.00615	0.00710	0.01060	0.01441	0.01894	0.04283	0.62133	0.10363	0.02215	0.00929	0.00295	0.00440	0.07808	0.00674	0.00600
6	0.01420	0.01340	0.02265	0.65180	0.12165	0.01627	0.02042	0.01898	0.01476	0.01914	0.01300	0.01923	0.00989	0.00718	0.00726	0.00239	0.00957	0.00646	0.00327	0.00845
7	0.01539	0.01340	0.01666	0.01450	0.09244	0.01053	0.01012	0.01874	0.01524	0.02369	0.01300	0.01539	0.01085	0.00550	0.00558	0.00120	0.00574	0.00455	0.00423	0.70323
8	0.01218	0.00661	0.00991	0.00991	0.01017	0.00687	0.00687	0.01017	0.00991	0.01347	0.01399	0.02338	0.01373	0.03109	0.16551	0.63356	0.00894	0.00661	0.00330	0.00382
9	0.01507	0.01292	0.01507	0.01077	0.01723	0.00969	0.00861	0.01830	0.01507	0.02369	0.01292	0.01507	0.01077	0.00538	0.00538	0.00108	0.00538	0.00431	0.00431	0.78898
10	0.01007	0.00840	0.00950	0.04957	0.01324	0.00798	0.00727	0.01409	0.08496	0.02158	0.12916	0.14456	0.43918	0.01706	0.00848	0.00250	0.00427	0.01453	0.00675	0.00684
11	0.02141	0.01691	0.01908	0.04236	0.05954	0.01885	0.01302	0.32290	0.26361	0.03584	0.04795	0.06541	0.01995	0.01002	0.00748	0.00234	0.00690	0.00822	0.00696	0.01127

[dist]
# distance from previous block
# <min> <max>
0	1

[block]
# block no. 5 follows, 28 sequences, length 17
# corresponding to MSA columns:
# 341-357
name=unknown_F
#
# <colnr> <probs for GDERKNQSTAVLIFYWHMCP>
#	G	D	E	R	K	N	Q	S	T	A	V	L	I	F	Y	W	H	M	C	P
0	0.01581	0.04016	0.10266	0.03817	0.10034	0.01263	0.01285	0.05540	0.01637	0.02465	0.01608	0.01843	0.03282	0.00666	0.00600	0.00158	0.00655	0.00545	0.07631	0.41108
1	0.01330	0.01204	0.02012	0.21182	0.07544	0.01239	0.11533	0.01729	0.01593	0.02102	0.02816	0.07684	0.09051	0.01254	0.00839	0.00263	0.00800	0.19726	0.00493	0.05606
2	0.01722	0.01836	0.02167	0.39043	0.14755	0.18137	0.01794	0.02103	0.01646	0.01932	0.01737	0.02160	0.06334	0.00806	0.00719	0.00225	0.00986	0.00673	0.00369	0.00858
3	0.01974	0.01515	0.02070	0.11555	0.19437	0.01629	0.01521	0.15423	0.13749	0.09729	0.07909	0.02412	0.01936	0.01119	0.04536	0.00278	0.00802	0.00754	0.00589	0.01063
4	0.01020	0.00743	0.00959	0.00905	0.01080	0.00682	0.00679	0.01354	0.02036	0.02863	0.66151	0.05515	0.10276	0.01505	0.00857	0.00230	0.00344	0.01327	0.00793	0.00682
5	0.01605	0.01350	0.01560	0.01123	0.01764	0.01069	0.00902	0.06940	0.01656	0.02541	0.01327	0.01526	0.01089	0.00564	0.00553	0.00116	0.00559	0.00448	0.00454	0.72854
6	0.04606	0.16443	0.11545	0.01735	0.07058	0.09526	0.01477	0.17628	0.02080	0.11074	0.01622	0.04421	0.01280	0.00800	0.00651	0.00201	0.00832	0.00608	0.00516	0.05894
7	0.01748	0.01576	0.02082	0.01765	0.01878	0.02082	0.01462	0.12780	0.01526	0.02276	0.01214	0.01739	0.01094	0.01380	0.05297	0.00333	0.53500	0.00648	0.04764	0.00856
8	0.00897	0.00738	0.00789	0.00776	0.01005	0.00630	0.00582	0.01117	0.01747	0.02177	0.21323	0.06644	0.55532	0.01761	0.00859	0.00242	0.00363	0.01485	0.00703	0.00630
9	0.01922	0.07547	0.06461	0.01709	0.04762	0.06858	0.11364	0.06734	0.01818	0.12819	0.05194	0.12116	0.01975	0.00955	0.00720	0.00209	0.00774	0.00845	0.00541	0.14678
10	0.01592	0.01491	0.02598	0.20518	0.35570	0.01553	0.09958	0.02033	0.01586	0.02244	0.01602	0.05976	0.01371	0.00772	0.00731	0.00226	0.00861	0.00755	0.07592	0.00971
11	0.01507	0.01292	0.01507	0.01077	0.01723	0.00969	0.00861	0.01830	0.01507	0.02369	0.01292	0.01507	0.01077	0.00538	0.00538	0.00108	0.00538	0.00431	0.00431	0.78898
12	0.01943	0.74891	0.03809	0.01244	0.01866	0.02876	0.01244	0.02177	0.01477	0.01710	0.01011	0.01166	0.00933	0.00622	0.00466	0.00155	0.00777	0.00389	0.00311	0.00933
13	0.01038	0.00779	0.01168	0.01168	0.01298	0.00909	0.00909	0.01298	0.01168	0.01687	0.01947	0.02856	0.01817	0.05452	0.71573	0.01168	0.01947	0.00779	0.00389	0.00649
14	0.03136	0.01209	0.01647	0.01272	0.01812	0.01047	0.01047	0.03420	0.02079	0.66618	0.06625	0.02641	0.02084	0.00933	0.00738	0.00225	0.00603	0.00764	0.00894	0.01206
15	0.01593	0.21792	0.14453	0.05764	0.02040	0.05463	0.01353	0.01979	0.03682	0.05765	0.02663	0.11001	0.12534	0.03614	0.00845	0.00237	0.03020	0.00879	0.00467	0.00857
16	0.01970	0.29207	0.02558	0.01451	0.01930	0.05067	0.01244	0.08937	0.30592	0.02554	0.01919	0.01918	0.01517	0.00847	0.00733	0.00212	0.05146	0.00618	0.00537	0.01043

[dist]
# distance from previous block
# <min> <max>
0	2

[block]
# block no. 6 follows, 28 sequences, length 10
# corresponding to MSA columns:
# 360-369
name=unknown_G
#
# <colnr> <probs for GDERKNQSTAVLIFYWHMCP>
#	G	D	E	R	K	N	Q	S	T	A	V	L	I	F	Y	W	H	M	C	P
0	0.48881	0.01384	0.01247	0.01087	0.01502	0.01560	0.00878	0.10874	0.07217	0.03358	0.13521	0.02142	0.02050	0.00872	0.00584	0.00226	0.00556	0.00628	0.00573	0.00859
1	0.01444	0.01906	0.13558	0.08753	0.02072	0.15917	0.01288	0.01808	0.01778	0.02161	0.16606	0.03994	0.23436	0.01221	0.00772	0.00227	0.00750	0.00997	0.00535	0.00778
2	0.15601	0.01392	0.01501	0.01119	0.01723	0.01225	0.00904	0.08924	0.01664	0.02765	0.01291	0.01474	0.01042	0.00599	0.00543	0.00140	0.00571	0.00448	0.00466	0.56608
3	0.01339	0.01352	0.06234	0.09445	0.09075	0.01324	0.08790	0.01759	0.04373	0.02156	0.13942	0.08843	0.02674	0.09163	0.07795	0.00383	0.09111	0.00962	0.00481	0.00800
4	0.11136	0.01815	0.01914	0.01522	0.02031	0.02006	0.01240	0.53074	0.02957	0.04142	0.01906	0.09426	0.01569	0.01001	0.00718	0.00227	0.00733	0.00777	0.00691	0.01117
5	0.01381	0.03221	0.58224	0.01865	0.02778	0.01509	0.02328	0.02136	0.01628	0.02412	0.13503	0.02231	0.01982	0.00833	0.00720	0.00230	0.00944	0.00676	0.00395	0.01005
6	0.01303	0.01272	0.08737	0.05237	0.01750	0.03482	0.06455	0.01635	0.01592	0.04886	0.09468	0.22447	0.09794	0.03755	0.00870	0.00254	0.00610	0.01206	0.14504	0.00743
7	0.01808	0.16193	0.14738	0.18216	0.12881	0.06145	0.01813	0.05847	0.01712	0.06001	0.03385	0.02089	0.01366	0.00793	0.00682	0.00218	0.00895	0.03836	0.00412	0.00970
8	0.01558	0.07305	0.03883	0.06814	0.03860	0.01393	0.01230	0.16018	0.01931	0.02567	0.05085	0.12265	0.05263	0.01933	0.10268	0.00380	0.00866	0.15968	0.00574	0.00839
9	0.01679	0.01687	0.03122	0.19897	0.37630	0.01730	0.19162	0.02170	0.01624	0.02243	0.01377	0.01873	0.01097	0.00657	0.00757	0.00230	0.00982	0.00702	0.00353	0.01027

[dist]
# distance from previous block
# <min> <max>
0	2

[block]
# block no. 7 follows, 28 sequences, length 13
# corresponding to MSA columns:
# 378-390
name=unknown_H
#
# <colnr> <probs for GDERKNQSTAVLIFYWHMCP>
#	G	D	E	R	K	N	Q	S	T	A	V	L	I	F	Y	W	H	M	C	P
0	0.02473	0.08200	0.02333	0.02163	0.17676	0.06632	0.01459	0.23413	0.02311	0.17518	0.01755	0.01814	0.01277	0.00770	0.00684	0.00203	0.00788	0.00615	0.00595	0.07322
1	0.08540	0.01735	0.01828	0.11757	0.02319	0.10462	0.01313	0.24873	0.02189	0.02981	0.07437	0.02138	0.01676	0.01543	0.10766	0.00359	0.05944	0.00682	0.00532	0.00927
2	0.01833	0.10676	0.01928	0.03716	0.07752	0.08868	0.01188	0.02452	0.15210	0.09854	0.06976	0.14194	0.02381	0.01103	0.00789	0.00225	0.03668	0.00910	0.00577	0.05698
3	0.00970	0.00817	0.00872	0.00804	0.01100	0.00672	0.00611	0.01191	0.01677	0.02122	0.13031	0.06040	0.53138	0.01616	0.00813	0.00224	0.00390	0.01352	0.00653	0.11906
4	0.01605	0.07775	0.02060	0.07232	0.14473	0.01642	0.01385	0.11191	0.01777	0.02433	0.10294	0.02786	0.08443	0.01605	0.09868	0.00353	0.12897	0.00807	0.00487	0.00888
5	0.01380	0.01134	0.05864	0.01100	0.01413	0.00968	0.00920	0.06281	0.07208	0.07693	0.44986	0.04632	0.10839	0.01341	0.00819	0.00231	0.00463	0.01157	0.00753	0.00818
6	0.01843	0.01695	0.02023	0.01703	0.02005	0.16027	0.10691	0.02132	0.01612	0.10161	0.07560	0.02376	0.01827	0.02195	0.20567	0.00496	0.13042	0.00743	0.00469	0.00835
7	0.02185	0.13436	0.02140	0.01463	0.01966	0.07169	0.01207	0.25707	0.21330	0.03214	0.01935	0.01939	0.01473	0.00832	0.00658	0.00203	0.00724	0.00632	0.05368	0.06420
8	0.01778	0.01740	0.11070	0.01676	0.06797	0.01291	0.07375	0.07231	0.01751	0.09037	0.01765	0.01922	0.04115	0.00690	0.00648	0.00170	0.00716	0.00593	0.00482	0.39154
9	0.01674	0.25880	0.36633	0.02117	0.10776	0.02078	0.04591	0.02304	0.03672	0.02148	0.01278	0.01504	0.01001	0.00670	0.00631	0.00206	0.00945	0.00525	0.00331	0.01038
10	0.01494	0.02592	0.35496	0.02010	0.02782	0.01590	0.15925	0.02398	0.12265	0.02445	0.06957	0.02487	0.06546	0.00861	0.00758	0.00237	0.00924	0.00779	0.00451	0.01005
11	0.00886	0.00727	0.00780	0.00788	0.01004	0.00622	0.00583	0.01088	0.01689	0.02091	0.16008	0.13122	0.54430	0.01831	0.00865	0.00248	0.00370	0.01553	0.00693	0.00622
12	0.01930	0.05604	0.18592	0.02694	0.19141	0.07969	0.14433	0.11830	0.06010	0.02627	0.01487	0.01747	0.01138	0.00712	0.00725	0.00222	0.00990	0.00647	0.00424	0.01077

[dist]
# distance from previous block
# <min> <max>
0	11

[block]
# block no. 8 follows, 28 sequences, length 92
# corresponding to MSA columns:
# 402-493
name=unknown_I
#
# <colnr> <probs for GDERKNQSTAVLIFYWHMCP>
#	G	D	E	R	K	N	Q	S	T	A	V	L	I	F	Y	W	H	M	C	P
0	0.02975	0.01301	0.01678	0.01330	0.01862	0.01214	0.01085	0.03606	0.15172	0.57162	0.02886	0.02521	0.01882	0.00917	0.00733	0.00229	0.00610	0.00749	0.00868	0.01220
1	0.00886	0.00633	0.00843	0.01012	0.01054	0.00590	0.00675	0.01012	0.01392	0.01856	0.04006	0.73979	0.04808	0.02277	0.00928	0.00295	0.00422	0.02066	0.00675	0.00590
2	0.01943	0.74891	0.03809	0.01244	0.01866	0.02876	0.01244	0.02177	0.01477	0.01710	0.01011	0.01166	0.00933	0.00622	0.00466	0.00155	0.00777	0.00389	0.00311	0.00933
3	0.00977	0.00742	0.01013	0.01076	0.01166	0.00788	0.00782	0.01154	0.01312	0.01785	0.03384	0.36177	0.09679	0.05775	0.26592	0.00621	0.04361	0.01450	0.00547	0.00618
4	0.03160	0.01215	0.01654	0.01276	0.01821	0.01051	0.01051	0.03444	0.02079	0.67357	0.05896	0.02608	0.02029	0.00926	0.00737	0.00225	0.00606	0.00758	0.00895	0.01212
5	0.02194	0.01723	0.02056	0.01733	0.01935	0.10431	0.01422	0.02390	0.01499	0.20857	0.01507	0.01802	0.01187	0.01104	0.01712	0.00276	0.44119	0.00642	0.00487	0.00924
6	0.02680	0.02003	0.02196	0.01795	0.05389	0.02212	0.01412	0.61912	0.05944	0.04417	0.01776	0.01786	0.01272	0.00867	0.00727	0.00219	0.00794	0.00661	0.00711	0.01229
7	0.00990	0.00705	0.00952	0.01113	0.01195	0.00679	0.00832	0.01182	0.01472	0.01943	0.03873	0.48476	0.04495	0.05545	0.01083	0.00328	0.00519	0.23346	0.00662	0.00610
8	0.00997	0.00726	0.00833	0.00818	0.01012	0.00651	0.00609	0.01265	0.01793	0.02456	0.32628	0.09433	0.30779	0.01585	0.00816	0.00231	0.00357	0.01358	0.11002	0.00651
9	0.02135	0.01553	0.02470	0.15179	0.38468	0.01580	0.01865	0.06331	0.01827	0.18798	0.01738	0.01982	0.01281	0.00735	0.00724	0.00223	0.00819	0.00668	0.00505	0.01118
10	0.01487	0.01275	0.01472	0.01078	0.01691	0.00992	0.00859	0.01889	0.04878	0.02380	0.01707	0.01868	0.04880	0.00632	0.00566	0.00122	0.00531	0.00511	0.00459	0.70724
11	0.79588	0.01406	0.01068	0.00956	0.01406	0.01631	0.00787	0.02137	0.01237	0.03261	0.01012	0.01181	0.00787	0.00675	0.00450	0.00225	0.00562	0.00394	0.00450	0.00787
12	0.00992	0.00742	0.00921	0.00876	0.01063	0.00670	0.00657	0.01300	0.01971	0.02708	0.56038	0.05770	0.20485	0.01563	0.00858	0.00232	0.00348	0.01362	0.00773	0.00670
13	0.01808	0.01561	0.01644	0.01479	0.01890	0.01808	0.01151	0.03863	0.68606	0.03041	0.02959	0.02712	0.02219	0.00986	0.00740	0.00247	0.00575	0.00822	0.00740	0.01151
14	0.01981	0.01506	0.01642	0.01435	0.01877	0.01670	0.01125	0.03719	0.56653	0.11709	0.02863	0.02621	0.02108	0.00953	0.00728	0.00237	0.00579	0.00790	0.00745	0.05058
15	0.01767	0.51974	0.21721	0.01451	0.02172	0.02446	0.01605	0.02170	0.01522	0.01930	0.04524	0.01479	0.01227	0.00684	0.00547	0.00179	0.00836	0.00475	0.00334	0.00959
16	0.01647	0.06055	0.50895	0.01963	0.02872	0.01728	0.06203	0.07519	0.03844	0.04626	0.01487	0.01780	0.01107	0.04147	0.00838	0.00250	0.01002	0.00599	0.00383	0.01054
17	0.00860	0.00732	0.00741	0.00749	0.00985	0.00613	0.00558	0.01042	0.01645	0.01959	0.07211	0.10038	0.66681	0.01861	0.00862	0.00248	0.00371	0.01558	0.00675	0.00613
18	0.01943	0.74891	0.03809	0.01244	0.01866	0.02876	0.01244	0.02177	0.01477	0.01710	0.01011	0.01166	0.00933	0.00622	0.00466	0.00155	0.00777	0.00389	0.00311	0.00933
19	0.01930	0.08252	0.23317	0.04533	0.17470	0.03956	0.07312	0.05177	0.08067	0.10519	0.01662	0.01834	0.01229	0.00732	0.00703	0.00222	0.00908	0.00631	0.00455	0.01090
20	0.02309	0.01524	0.02423	0.02995	0.36571	0.01469	0.04317	0.05344	0.01880	0.26253	0.02061	0.02424	0.01562	0.00826	0.00747	0.00227	0.00778	0.04557	0.00583	0.01149
21	0.01022	0.00743	0.00962	0.00907	0.01082	0.00683	0.00681	0.01359	0.02042	0.02877	0.67048	0.05492	0.09370	0.01500	0.00857	0.00229	0.00344	0.01323	0.00795	0.00683
22	0.01590	0.01590	0.02226	0.01908	0.01908	0.02226	0.01590	0.01749	0.01113	0.01749	0.00954	0.01590	0.00954	0.01272	0.02385	0.00318	0.73123	0.00636	0.00318	0.00795
23	0.02150	0.14346	0.19244	0.02107	0.10651	0.16133	0.05346	0.02572	0.01725	0.13184	0.01474	0.01641	0.01109	0.00745	0.00751	0.00212	0.04594	0.00567	0.00428	0.01021
24	0.01055	0.00714	0.00838	0.00838	0.00854	0.00729	0.00497	0.01086	0.01071	0.01443	0.02249	0.04526	0.02542	0.66070	0.11946	0.00761	0.00856	0.01023	0.00434	0.00466
25	0.00859	0.00736	0.00736	0.00736	0.00982	0.00614	0.00552	0.01043	0.01657	0.01964	0.07364	0.06996	0.69624	0.01841	0.00859	0.00245	0.00368	0.01534	0.00675	0.00614
26	0.00957	0.00736	0.00834	0.00809	0.01019	0.00648	0.00607	0.01217	0.01821	0.02409	0.33634	0.06103	0.39295	0.01637	0.00840	0.00234	0.00356	0.01396	0.04800	0.00648
27	0.08481	0.06656	0.16251	0.02222	0.11213	0.05150	0.10591	0.25162	0.02231	0.03134	0.01440	0.01639	0.01076	0.00736	0.00695	0.00219	0.00923	0.00612	0.00484	0.01086
28	0.01989	0.02235	0.02466	0.06143	0.14256	0.24471	0.07047	0.02260	0.01581	0.01922	0.01141	0.01585	0.00996	0.00911	0.01323	0.00248	0.27587	0.00603	0.00348	0.00889
29	0.31509	0.02421	0.01708	0.04339	0.02024	0.34696	0.01205	0.06524	0.01763	0.02512	0.01118	0.01328	0.00901	0.00754	0.00672	0.00212	0.04583	0.00467	0.00420	0.00842
30	0.32595	0.01353	0.01481	0.01188	0.01708	0.01361	0.00980	0.07106	0.01842	0.40358	0.02082	0.01930	0.01374	0.00811	0.00623	0.00224	0.00609	0.00596	0.00716	0.01064
31	0.01038	0.00779	0.01168	0.01168	0.01298	0.00909	0.00909	0.01298	0.01168	0.01687	0.01947	0.02856	0.01817	0.05452	0.71573	0.01168	0.01947	0.00779	0.00389	0.00649
32	0.01507	0.01292	0.01507	0.01077	0.01723	0.00969	0.00861	0.01830	0.01507	0.02369	0.01292	0.01507	0.01077	0.00538	0.00538	0.00108	0.00538	0.00431	0.00431	0.78898
33	0.02763	0.02036	0.02182	0.01672	0.02254	0.02254	0.01382	0.67496	0.03418	0.04581	0.01745	0.01745	0.01236	0.00873	0.00727	0.00218	0.00800	0.00654	0.00727	0.01236
34	0.01540	0.01321	0.01522	0.01120	0.01741	0.01060	0.00893	0.02050	0.08768	0.02441	0.01472	0.01638	0.01200	0.00587	0.00560	0.00123	0.00542	0.00473	0.00464	0.70485
35	0.00886	0.00633	0.00843	0.01012	0.01054	0.00590	0.00675	0.01012	0.01392	0.01856	0.04006	0.73979	0.04808	0.02277	0.00928	0.00295	0.00422	0.02066	0.00675	0.00590
36	0.02715	0.03464	0.02060	0.01873	0.02247	0.71536	0.01404	0.02903	0.02060	0.01779	0.01124	0.01311	0.00936	0.00749	0.00655	0.00187	0.01311	0.00468	0.00375	0.00843
37	0.01038	0.00779	0.01168	0.01168	0.01298	0.00909	0.00909	0.01298	0.01168	0.01687	0.01947	0.02856	0.01817	0.05452	0.71573	0.01168	0.01947	0.00779	0.00389	0.00649
38	0.01225	0.01001	0.01771	0.01507	0.01734	0.01043	0.15112	0.01439	0.01238	0.01728	0.01753	0.02706	0.01634	0.09550	0.38739	0.14548	0.01459	0.00793	0.00376	0.00645
39	0.31385	0.02352	0.14553	0.01887	0.07508	0.15909	0.09204	0.02421	0.04213	0.02597	0.01247	0.01472	0.00964	0.00696	0.00616	0.00221	0.00910	0.00526	0.00403	0.00916
40	0.01056	0.00709	0.00813	0.00813	0.00820	0.00716	0.00466	0.01070	0.01063	0.01425	0.02272	0.04653	0.02598	0.70683	0.07409	0.00730	0.00773	0.01042	0.00438	0.00452
41	0.01507	0.01292	0.01507	0.01077	0.01723	0.00969	0.00861	0.01830	0.01507	0.02369	0.01292	0.01507	0.01077	0.00538	0.00538	0.00108	0.00538	0.00431	0.00431	0.78898
42	0.01799	0.01727	0.02950	0.04462	0.69919	0.01727	0.02231	0.02231	0.01655	0.02375	0.01367	0.01799	0.01151	0.00648	0.00720	0.00216	0.00864	0.00648	0.00360	0.01151
43	0.02763	0.02036	0.02182	0.01672	0.02254	0.02254	0.01382	0.67496	0.03418	0.04581	0.01745	0.01745	0.01236	0.00873	0.00727	0.00218	0.00800	0.00654	0.00727	0.01236
44	0.01230	0.00682	0.00715	0.00732	0.00896	0.00660	0.00540	0.01527	0.01546	0.02533	0.05812	0.11561	0.10222	0.01153	0.00611	0.00195	0.00352	0.00962	0.57409	0.00660
45	0.01355	0.00678	0.00678	0.00678	0.00847	0.00678	0.00508	0.01694	0.01524	0.02710	0.02371	0.02710	0.01863	0.00847	0.00508	0.00169	0.00339	0.00678	0.78489	0.00678
46	0.01754	0.01479	0.01564	0.01393	0.01790	0.01671	0.01087	0.08674	0.53385	0.03051	0.06334	0.03195	0.09254	0.01087	0.00756	0.00243	0.00562	0.00903	0.00735	0.01081
47	0.02763	0.02036	0.02182	0.01672	0.02254	0.02254	0.01382	0.67496	0.03418	0.04581	0.01745	0.01745	0.01236	0.00873	0.00727	0.00218	0.00800	0.00654	0.00727	0.01236
48	0.01029	0.00743	0.00972	0.00914	0.01086	0.00686	0.00686	0.01372	0.02058	0.02915	0.69536	0.05430	0.06859	0.01486	0.00857	0.00229	0.00343	0.01315	0.00800	0.00686
49	0.02715	0.03464	0.02060	0.01873	0.02247	0.71536	0.01404	0.02903	0.02060	0.01779	0.01124	0.01311	0.00936	0.00749	0.00655	0.00187	0.01311	0.00468	0.00375	0.00843
50	0.01458	0.03760	0.70688	0.02072	0.03146	0.01688	0.02686	0.02302	0.01535	0.02302	0.01304	0.01535	0.00921	0.00691	0.00691	0.00230	0.01074	0.00537	0.00307	0.01074
51	0.00989	0.00741	0.00917	0.00873	0.01062	0.00669	0.00655	0.01295	0.01964	0.02694	0.55087	0.05794	0.21446	0.01569	0.00858	0.00233	0.00349	0.01366	0.00771	0.00669
52	0.00955	0.00740	0.00869	0.00837	0.01040	0.00654	0.00627	0.01228	0.01882	0.02499	0.42358	0.06114	0.34296	0.01641	0.00858	0.00236	0.00354	0.01411	0.00745	0.00654
53	0.01355	0.00678	0.00678	0.00678	0.00847	0.00678	0.00508	0.01694	0.01524	0.02710	0.02371	0.02710	0.01863	0.00847	0.00508	0.00169	0.00339	0.00678	0.78489	0.00678
54	0.01590	0.01590	0.02226	0.01908	0.01908	0.02226	0.01590	0.01749	0.01113	0.01749	0.00954	0.01590	0.00954	0.01272	0.02385	0.00318	0.73123	0.00636	0.00318	0.00795
55	0.79588	0.01406	0.01068	0.00956	0.01406	0.01631	0.00787	0.02137	0.01237	0.03261	0.01012	0.01181	0.00787	0.00675	0.00450	0.00225	0.00562	0.00394	0.00450	0.00787
56	0.00859	0.00736	0.00736	0.00736	0.00982	0.00614	0.00552	0.01043	0.01657	0.01964	0.07364	0.06996	0.69624	0.01841	0.00859	0.00245	0.00368	0.01534	0.00675	0.00614
57	0.01507	0.01292	0.01507	0.01077	0.01723	0.00969	0.00861	0.01830	0.01507	0.02369	0.01292	0.01507	0.01077	0.00538	0.00538	0.00108	0.00538	0.00431	0.00431	0.78898
58	0.01943	0.74891	0.03809	0.01244	0.01866	0.02876	0.01244	0.02177	0.01477	0.01710	0.01011	0.01166	0.00933	0.00622	0.00466	0.00155	0.00777	0.00389	0.00311	0.00933
59	0.01271	0.00978	0.01265	0.01361	0.06287	0.01049	0.00896	0.06943	0.05487	0.02044	0.02640	0.25643	0.02867	0.21700	0.11983	0.00518	0.04597	0.01236	0.00537	0.00699
60	0.01373	0.01292	0.02180	0.72707	0.05006	0.01615	0.02019	0.01857	0.01453	0.01857	0.01292	0.01938	0.00969	0.00727	0.00727	0.00242	0.00969	0.00646	0.00323	0.00807
61	0.01505	0.01390	0.04245	0.01116	0.01779	0.00997	0.00934	0.01849	0.01508	0.02366	0.01292	0.01508	0.01070	0.00544	0.00544	0.00113	0.00560	0.00435	0.00426	0.75818
62	0.00886	0.00633	0.00843	0.01012	0.01054	0.00590	0.00675	0.01012	0.01392	0.01856	0.04006	0.73979	0.04808	0.02277	0.00928	0.00295	0.00422	0.02066	0.00675	0.00590
63	0.01666	0.02449	0.23886	0.09382	0.20040	0.04502	0.22965	0.02276	0.01635	0.02267	0.01364	0.01763	0.01041	0.00661	0.00753	0.00231	0.01070	0.00673	0.00343	0.01030
64	0.01954	0.24381	0.31857	0.01845	0.05636	0.12484	0.01914	0.02454	0.01647	0.07633	0.01322	0.01482	0.01009	0.00694	0.00624	0.00201	0.00975	0.00504	0.00369	0.01015
65	0.79588	0.01406	0.01068	0.00956	0.01406	0.01631	0.00787	0.02137	0.01237	0.03261	0.01012	0.01181	0.00787	0.00675	0.00450	0.00225	0.00562	0.00394	0.00450	0.00787
66	0.01943	0.74891	0.03809	0.01244	0.01866	0.02876	0.01244	0.02177	0.01477	0.01710	0.01011	0.01166	0.00933	0.00622	0.00466	0.00155	0.00777	0.00389	0.00311	0.00933
67	0.00868	0.00737	0.00749	0.00746	0.00987	0.00617	0.00559	0.01060	0.01678	0.02013	0.10617	0.06914	0.66341	0.01822	0.00859	0.00245	0.00367	0.01523	0.00682	0.00617
68	0.00949	0.00735	0.00865	0.00843	0.01040	0.00650	0.00628	0.01214	0.01855	0.02457	0.39796	0.09293	0.33708	0.01675	0.00861	0.00239	0.00357	0.01444	0.00741	0.00650
69	0.02715	0.03464	0.02060	0.01873	0.02247	0.71536	0.01404	0.02903	0.02060	0.01779	0.01124	0.01311	0.00936	0.00749	0.00655	0.00187	0.01311	0.00468	0.00375	0.00843
70	0.00961	0.00737	0.00860	0.00831	0.01019	0.00658	0.00611	0.01210	0.01810	0.02398	0.38317	0.06022	0.32468	0.07611	0.01091	0.00275	0.00383	0.01384	0.00719	0.00636
71	0.01943	0.74891	0.03809	0.01244	0.01866	0.02876	0.01244	0.02177	0.01477	0.01710	0.01011	0.01166	0.00933	0.00622	0.00466	0.00155	0.00777	0.00389	0.00311	0.00933
72	0.00870	0.00737	0.00751	0.00747	0.00988	0.00618	0.00561	0.01064	0.01682	0.02023	0.11218	0.06899	0.65734	0.01819	0.00859	0.00244	0.00367	0.01521	0.00683	0.00618
73	0.02275	0.01793	0.01907	0.01574	0.02068	0.02026	0.01263	0.34966	0.36742	0.03794	0.02365	0.02239	0.01739	0.00931	0.00734	0.00233	0.00685	0.00740	0.00734	0.01192
74	0.01029	0.00743	0.00972	0.00914	0.01086	0.00686	0.00686	0.01372	0.02058	0.02915	0.69536	0.05430	0.06859	0.01486	0.00857	0.00229	0.00343	0.01315	0.00800	0.00686
75	0.01043	0.00759	0.01069	0.01069	0.01164	0.00855	0.00785	0.01234	0.01139	0.01614	0.02038	0.03359	0.02036	0.23723	0.53601	0.01045	0.01618	0.00852	0.00403	0.00594
76	0.01024	0.00769	0.01084	0.01116	0.01199	0.00859	0.00821	0.01210	0.01216	0.01706	0.02528	0.23397	0.02728	0.12460	0.39869	0.00821	0.04930	0.01173	0.00474	0.00615
77	0.01984	0.02225	0.05597	0.03638	0.45186	0.17509	0.08725	0.02395	0.01748	0.02233	0.01320	0.01695	0.01089	0.00669	0.00718	0.00213	0.01010	0.00624	0.00362	0.01061
78	0.79588	0.01406	0.01068	0.00956	0.01406	0.01631	0.00787	0.02137	0.01237	0.03261	0.01012	0.01181	0.00787	0.00675	0.00450	0.00225	0.00562	0.00394	0.00450	0.00787
79	0.01336	0.00830	0.01118	0.01091	0.01307	0.00778	0.00882	0.01669	0.01940	0.10619	0.41208	0.05946	0.05429	0.01580	0.00888	0.00261	0.00477	0.21122	0.00771	0.00746
80	0.01590	0.01590	0.02226	0.01908	0.01908	0.02226	0.01590	0.01749	0.01113	0.01749	0.00954	0.01590	0.00954	0.01272	0.02385	0.00318	0.73123	0.00636	0.00318	0.00795
81	0.44440	0.01462	0.01435	0.01174	0.01679	0.01570	0.00969	0.13468	0.01848	0.23115	0.01677	0.01653	0.01158	0.00774	0.00578	0.00224	0.00618	0.00536	0.00628	0.00994
82	0.01943	0.74891	0.03809	0.01244	0.01866	0.02876	0.01244	0.02177	0.01477	0.01710	0.01011	0.01166	0.00933	0.00622	0.00466	0.00155	0.00777	0.00389	0.00311	0.00933
83	0.00886	0.00633	0.00843	0.01012	0.01054	0.00590	0.00675	0.01012	0.01392	0.01856	0.04006	0.73979	0.04808	0.02277	0.00928	0.00295	0.00422	0.02066	0.00675	0.00590
84	0.02718	0.03386	0.02067	0.01862	0.02248	0.67750	0.01403	0.06432	0.02134	0.01932	0.01158	0.01335	0.00953	0.00756	0.00659	0.00189	0.01283	0.00478	0.00394	0.00864
85	0.01591	0.03574	0.65606	0.02014	0.03051	0.01643	0.02567	0.02393	0.01575	0.07319	0.01420	0.01604	0.00986	0.00706	0.00694	0.00230	0.01041	0.00551	0.00351	0.01086
86	0.01808	0.01561	0.01644	0.01479	0.01890	0.01808	0.01151	0.03863	0.68606	0.03041	0.02959	0.02712	0.02219	0.00986	0.00740	0.00247	0.00575	0.00822	0.00740	0.01151
87	0.01045	0.00748	0.01011	0.01007	0.01091	0.00814	0.00715	0.01214	0.01199	0.01684	0.07613	0.03779	0.02540	0.30983	0.40346	0.00918	0.01350	0.00927	0.00442	0.00574
88	0.01476	0.00927	0.01111	0.00966	0.01189	0.00881	0.00688	0.01632	0.01358	0.10883	0.02382	0.03556	0.05562	0.34115	0.04337	0.00450	0.04605	0.00858	0.08668	0.14358
89	0.01051	0.00736	0.00930	0.00882	0.01057	0.00681	0.00661	0.01385	0.01984	0.02843	0.59574	0.05250	0.09800	0.01443	0.00823	0.00224	0.00344	0.01264	0.08387	0.00681
90	0.75519	0.01414	0.01098	0.00983	0.01431	0.01640	0.00806	0.02227	0.04762	0.03250	0.01114	0.01261	0.00862	0.00691	0.00465	0.00226	0.00563	0.00416	0.00465	0.00806
91	0.09456	0.16401	0.26078	0.02188	0.14296	0.01912	0.05459	0.02450	0.07955	0.05137	0.01461	0.01649	0.01120	0.00701	0.00644	0.00215	0.00872	0.00566	0.00400	0.01041

[dist]
# distance from previous block
# <min> <max>
2	25

[block]
# block no. 9 follows, 28 sequences, length 41
# corresponding to MSA columns:
# 519-534,536-560
name=unknown_J
#
# <colnr> <probs for GDERKNQSTAVLIFYWHMCP>
#	G	D	E	R	K	N	Q	S	T	A	V	L	I	F	Y	W	H	M	C	P
0	0.01792	0.13118	0.33630	0.02245	0.14042	0.10524	0.02065	0.02340	0.01635	0.04385	0.01397	0.01780	0.01121	0.00732	0.00667	0.00211	0.00975	0.02959	0.00363	0.04020
1	0.01854	0.40734	0.24930	0.01764	0.06738	0.04703	0.01781	0.06098	0.01641	0.02114	0.01175	0.01364	0.00961	0.00665	0.00576	0.00188	0.00897	0.00471	0.00340	0.01007
2	0.02844	0.01839	0.02142	0.01634	0.02217	0.01950	0.03839	0.49439	0.03027	0.20505	0.02008	0.01931	0.01368	0.00869	0.00733	0.00221	0.00772	0.00681	0.00755	0.01227
3	0.01416	0.01262	0.01998	0.13711	0.30348	0.01305	0.01606	0.01836	0.04119	0.02201	0.04940	0.15177	0.06406	0.01221	0.00806	0.00252	0.00723	0.09283	0.00495	0.00893
4	0.01598	0.01870	0.10594	0.37522	0.22070	0.05792	0.06103	0.02101	0.01569	0.02074	0.01315	0.01817	0.01019	0.00695	0.00724	0.00231	0.00989	0.00636	0.00337	0.00944
5	0.00895	0.00640	0.00852	0.01006	0.01056	0.00597	0.00675	0.01035	0.01434	0.01924	0.08207	0.69585	0.04939	0.02227	0.00923	0.00291	0.00417	0.02018	0.00683	0.00597
6	0.01175	0.00897	0.01112	0.01129	0.01329	0.00906	0.00888	0.01777	0.13475	0.02543	0.27911	0.14537	0.09014	0.01663	0.00885	0.00270	0.00483	0.18531	0.00730	0.00746
7	0.01680	0.02016	0.13065	0.11920	0.35502	0.01735	0.15929	0.02285	0.04406	0.02320	0.01437	0.01849	0.01130	0.00670	0.00746	0.00229	0.00972	0.00683	0.00365	0.01063
8	0.38881	0.01280	0.01190	0.01066	0.01455	0.01425	0.00849	0.02484	0.17450	0.07384	0.08719	0.02396	0.04478	0.00902	0.00597	0.00227	0.00521	0.00675	0.07144	0.00877
9	0.02450	0.01299	0.01535	0.01270	0.01719	0.01316	0.01019	0.08676	0.21682	0.32928	0.02711	0.02525	0.01887	0.00913	0.00693	0.00221	0.00571	0.00742	0.14732	0.01111
10	0.01038	0.00779	0.01168	0.01168	0.01298	0.00909	0.00909	0.01298	0.01168	0.01687	0.01947	0.02856	0.01817	0.05452	0.71573	0.01168	0.01947	0.00779	0.00389	0.00649
11	0.01467	0.08165	0.23481	0.01845	0.06241	0.01456	0.10547	0.01981	0.03881	0.03879	0.04750	0.07736	0.02043	0.14116	0.01280	0.00321	0.00863	0.04635	0.00440	0.00874
12	0.02397	0.01364	0.01534	0.01232	0.01665	0.01410	0.00999	0.28663	0.02425	0.20307	0.02243	0.02263	0.01595	0.00870	0.00652	0.00203	0.00594	0.00682	0.27862	0.01042
13	0.00910	0.00650	0.00871	0.01040	0.01092	0.00611	0.00716	0.01054	0.01415	0.01882	0.03993	0.68456	0.04755	0.02255	0.00934	0.00299	0.00443	0.07353	0.00674	0.00597
14	0.01256	0.05604	0.10816	0.01433	0.01751	0.01073	0.01382	0.01654	0.01643	0.02165	0.03334	0.06875	0.03546	0.01746	0.00930	0.00310	0.00731	0.52411	0.00599	0.00740
15	0.01683	0.06211	0.47607	0.02423	0.13673	0.06207	0.05190	0.02366	0.01611	0.04478	0.01349	0.01596	0.00996	0.00688	0.00692	0.00223	0.01035	0.00564	0.00342	0.01067
16	0.03045	0.01439	0.01794	0.01391	0.01947	0.01387	0.01144	0.17848	0.07210	0.50826	0.02624	0.02329	0.01704	0.00900	0.00731	0.00225	0.00656	0.00720	0.00850	0.01231
17	0.00884	0.00737	0.00770	0.00762	0.00997	0.00624	0.00572	0.01091	0.01715	0.02101	0.16346	0.06769	0.60556	0.01790	0.00859	0.00243	0.00365	0.01502	0.00693	0.00624
18	0.02025	0.06400	0.05202	0.05750	0.47940	0.01689	0.03794	0.02440	0.01706	0.13682	0.01593	0.01871	0.01230	0.00691	0.00708	0.00216	0.00838	0.00647	0.00444	0.01133
19	0.01555	0.01629	0.08190	0.04848	0.14586	0.01428	0.20565	0.01979	0.01650	0.06840	0.03141	0.03314	0.20279	0.01035	0.00904	0.00242	0.05466	0.00952	0.00479	0.00916
20	0.01355	0.00678	0.00678	0.00678	0.00847	0.00678	0.00508	0.01694	0.01524	0.02710	0.02371	0.02710	0.01863	0.00847	0.00508	0.00169	0.00339	0.00678	0.78489	0.00678
21	0.01703	0.01629	0.02777	0.19846	0.55286	0.01702	0.02183	0.02147	0.01610	0.02258	0.01350	0.01830	0.01110	0.00665	0.00721	0.00222	0.00887	0.00647	0.00352	0.01074
22	0.01507	0.01292	0.01507	0.01077	0.01723	0.00969	0.00861	0.01830	0.01507	0.02369	0.01292	0.01507	0.01077	0.00538	0.00538	0.00108	0.00538	0.00431	0.00431	0.78898
23	0.79588	0.01406	0.01068	0.00956	0.01406	0.01631	0.00787	0.02137	0.01237	0.03261	0.01012	0.01181	0.00787	0.00675	0.00450	0.00225	0.00562	0.00394	0.00450	0.00787
24	0.01252	0.00956	0.01202	0.01257	0.01477	0.00987	0.01046	0.01915	0.14821	0.02455	0.14875	0.06587	0.08441	0.01710	0.00919	0.00294	0.00577	0.37760	0.00705	0.00763
25	0.01227	0.00793	0.01109	0.01194	0.01346	0.00792	0.00948	0.01474	0.01510	0.07700	0.03415	0.27716	0.03684	0.02729	0.15871	0.00489	0.00856	0.25829	0.00631	0.00687
26	0.01038	0.00779	0.01168	0.01168	0.01298	0.00909	0.00909	0.01298	0.01168	0.01687	0.01947	0.02856	0.01817	0.05452	0.71573	0.01168	0.01947	0.00779	0.00389	0.00649
27	0.01485	0.01406	0.02382	0.54814	0.22025	0.01644	0.02074	0.01955	0.01506	0.01993	0.01312	0.01902	0.01017	0.00706	0.00725	0.00235	0.00941	0.00646	0.00333	0.00898
28	0.01882	0.22563	0.34893	0.01800	0.02559	0.18156	0.01972	0.02390	0.01628	0.02006	0.01174	0.01387	0.00929	0.00704	0.00676	0.00203	0.03296	0.00485	0.00324	0.00974
29	0.00883	0.00722	0.00779	0.00797	0.01004	0.00619	0.00585	0.01077	0.01665	0.02058	0.14067	0.16472	0.53024	0.01863	0.00869	0.00251	0.00373	0.01585	0.00689	0.00619
30	0.79588	0.01406	0.01068	0.00956	0.01406	0.01631	0.00787	0.02137	0.01237	0.03261	0.01012	0.01181	0.00787	0.00675	0.00450	0.00225	0.00562	0.00394	0.00450	0.00787
31	0.02077	0.02429	0.02056	0.24913	0.03057	0.38463	0.01588	0.02363	0.01726	0.01796	0.01217	0.01637	0.01005	0.01087	0.05368	0.00279	0.07209	0.00560	0.00354	0.00815
32	0.01003	0.00842	0.01021	0.00999	0.01152	0.00859	0.00755	0.01200	0.01594	0.02082	0.16996	0.19923	0.34575	0.01784	0.01098	0.00263	0.11085	0.01473	0.00645	0.00649
