[name]
unknown

[dist]
# distance from previous block
# <min> <max>
0	3

[block]
# block no. 0 follows, 31 sequences, length 22
# corresponding to MSA columns:
# 3-24
name=unknown_A
#
# <colnr> <probs for GDERKNQSTAVLIFYWHMCP>
#	G	D	E	R	K	N	Q	S	T	A	V	L	I	F	Y	W	H	M	C	P
0	0.01102	0.00787	0.01102	0.01260	0.01417	0.00787	0.01102	0.01417	0.01575	0.02047	0.03622	0.07717	0.03937	0.01890	0.00945	0.00315	0.00630	0.67084	0.00630	0.00630
1	0.00834	0.00595	0.00794	0.00953	0.00992	0.00556	0.00635	0.00953	0.01310	0.01746	0.03771	0.75510	0.04525	0.02143	0.00873	0.00278	0.00397	0.01945	0.00635	0.00556
2	0.01684	0.01806	0.03682	0.02639	0.03313	0.01704	0.58592	0.07804	0.01735	0.02372	0.01394	0.01798	0.01047	0.00592	0.00775	0.00219	0.01073	0.00762	0.00379	0.06628
3	0.01497	0.01497	0.02095	0.01796	0.01796	0.02095	0.01497	0.01646	0.01048	0.01646	0.00898	0.01497	0.00898	0.01197	0.02245	0.00299	0.74704	0.00599	0.00299	0.00748
4	0.00834	0.00595	0.00794	0.00953	0.00992	0.00556	0.00635	0.00953	0.01310	0.01746	0.03771	0.75510	0.04525	0.02143	0.00873	0.00278	0.00397	0.01945	0.00635	0.00556
5	0.01642	0.01707	0.01991	0.18910	0.02535	0.13217	0.01513	0.02093	0.09970	0.01827	0.01235	0.01665	0.01048	0.00964	0.01422	0.00254	0.36250	0.00598	0.00359	0.00800
6	0.02594	0.02121	0.02036	0.01603	0.02121	0.12956	0.01304	0.59246	0.03022	0.03910	0.01553	0.01580	0.01120	0.00804	0.00674	0.00201	0.00826	0.00589	0.00634	0.01107
7	0.74261	0.01310	0.01054	0.00926	0.01359	0.01490	0.00763	0.02122	0.01231	0.08873	0.01099	0.01214	0.00821	0.00653	0.00446	0.00212	0.00534	0.00397	0.00459	0.00776
8	0.01188	0.00594	0.00891	0.00891	0.00891	0.00594	0.00594	0.00891	0.00891	0.01188	0.01188	0.02080	0.01188	0.02377	0.02674	0.80095	0.00594	0.00594	0.00297	0.00297
9	0.02523	0.04592	0.02454	0.01754	0.02336	0.01457	0.20899	0.13019	0.02027	0.38541	0.02083	0.02032	0.01388	0.00753	0.00712	0.00214	0.00781	0.00698	0.00653	0.01082
10	0.00968	0.00699	0.00914	0.00861	0.01022	0.00646	0.00646	0.01291	0.01937	0.02743	0.71328	0.05110	0.06455	0.01399	0.00807	0.00215	0.00323	0.01237	0.00753	0.00646
11	0.01829	0.76368	0.03585	0.01171	0.01756	0.02707	0.01171	0.02049	0.01390	0.01610	0.00951	0.01097	0.00878	0.00585	0.00439	0.00146	0.00732	0.00366	0.00293	0.00878
12	0.01619	0.01832	0.03961	0.02962	0.07659	0.01724	0.65181	0.02186	0.01611	0.02194	0.01378	0.01836	0.01041	0.00579	0.00800	0.00229	0.01133	0.00796	0.00346	0.00932
13	0.03070	0.01164	0.01588	0.01217	0.01746	0.01006	0.01006	0.03334	0.01958	0.72163	0.02699	0.02329	0.01694	0.00847	0.00688	0.00212	0.00582	0.00688	0.00847	0.01164
14	0.00809	0.00693	0.00693	0.00693	0.00924	0.00578	0.00520	0.00982	0.01559	0.01848	0.06931	0.06584	0.71411	0.01733	0.00809	0.00231	0.00347	0.01444	0.00635	0.00578
15	0.00878	0.00644	0.00827	0.00905	0.01007	0.00592	0.00640	0.01070	0.01530	0.02056	0.23601	0.44412	0.13322	0.01870	0.00849	0.00255	0.00377	0.03911	0.00669	0.00587
16	0.02063	0.01846	0.01772	0.10580	0.02264	0.16028	0.01262	0.13661	0.32490	0.07689	0.02055	0.02036	0.01524	0.00830	0.00676	0.00215	0.00763	0.00655	0.00587	0.01003
17	0.01372	0.03539	0.72412	0.01950	0.02961	0.01589	0.02528	0.02167	0.01444	0.02167	0.01228	0.01444	0.00867	0.00650	0.00650	0.00217	0.01011	0.00506	0.00289	0.01011
18	0.01428	0.08998	0.61375	0.01968	0.02920	0.01687	0.08024	0.02160	0.01455	0.02126	0.01220	0.01451	0.00882	0.00639	0.00647	0.00212	0.01002	0.00520	0.00294	0.00993
19	0.01417	0.06559	0.62240	0.01857	0.02769	0.04514	0.02319	0.02128	0.01441	0.02087	0.01245	0.01495	0.00918	0.00918	0.04992	0.00265	0.01057	0.00510	0.00296	0.00972
20	0.01313	0.01238	0.02091	0.70577	0.08280	0.01526	0.01911	0.01767	0.01378	0.01774	0.01220	0.01817	0.00921	0.00680	0.00684	0.00227	0.00907	0.00608	0.00306	0.00777
21	0.00850	0.00636	0.00790	0.00876	0.00981	0.00576	0.00609	0.01016	0.01473	0.01936	0.15716	0.47475	0.20729	0.01922	0.00847	0.00256	0.00373	0.01709	0.00655	0.00576

[dist]
# distance from previous block
# <min> <max>
0	14

[block]
# block no. 1 follows, 31 sequences, length 61
# corresponding to MSA columns:
# 39-99
name=unknown_B
#
# <colnr> <probs for GDERKNQSTAVLIFYWHMCP>
#	G	D	E	R	K	N	Q	S	T	A	V	L	I	F	Y	W	H	M	C	P
0	0.00998	0.00752	0.01060	0.00959	0.01143	0.00701	0.03731	0.01329	0.01896	0.02683	0.66049	0.04889	0.06066	0.01477	0.03035	0.00243	0.00407	0.01202	0.00723	0.00657
1	0.01465	0.00706	0.00774	0.00725	0.00929	0.00682	0.00555	0.01778	0.01538	0.10896	0.07821	0.02729	0.02123	0.00851	0.00530	0.00170	0.00351	0.00692	0.63985	0.00701
2	0.00835	0.00694	0.00729	0.00720	0.00940	0.00589	0.00540	0.01032	0.01621	0.01994	0.17439	0.06344	0.60812	0.01678	0.00808	0.00228	0.00343	0.01410	0.00655	0.00589
3	0.01292	0.01216	0.02052	0.74312	0.04712	0.01520	0.01900	0.01748	0.01368	0.01748	0.01216	0.01824	0.00912	0.00684	0.00684	0.00228	0.00912	0.00608	0.00304	0.00760
4	0.00995	0.00663	0.00746	0.00746	0.00746	0.00663	0.00415	0.00995	0.00995	0.01327	0.02156	0.04477	0.02487	0.75957	0.03482	0.00663	0.00663	0.00995	0.00415	0.00415
5	0.80789	0.01323	0.01006	0.00900	0.01323	0.01535	0.00741	0.02011	0.01164	0.03070	0.00953	0.01111	0.00741	0.00635	0.00423	0.00212	0.00529	0.00370	0.00423	0.00741
6	0.01511	0.01539	0.02328	0.01926	0.02009	0.02052	0.09599	0.01712	0.01116	0.01712	0.00956	0.01539	0.00915	0.01123	0.02073	0.00291	0.65903	0.00624	0.00305	0.00769
7	0.01829	0.76368	0.03585	0.01171	0.01756	0.02707	0.01171	0.02049	0.01390	0.01610	0.00951	0.01097	0.00878	0.00585	0.00439	0.00146	0.00732	0.00366	0.00293	0.00878
8	0.01098	0.00864	0.01240	0.01181	0.01256	0.01056	0.00912	0.01254	0.01061	0.01539	0.01633	0.02600	0.01594	0.11813	0.46125	0.07222	0.15884	0.00724	0.00353	0.00591
9	0.01951	0.64127	0.03309	0.01270	0.01816	0.14512	0.01196	0.02163	0.01482	0.01620	0.00969	0.01120	0.00879	0.00605	0.00469	0.00151	0.00816	0.00378	0.00303	0.00864
10	0.01644	0.01186	0.01481	0.06919	0.01870	0.00973	0.00930	0.01951	0.01484	0.12967	0.01473	0.01649	0.01142	0.00781	0.03816	0.00173	0.00610	0.00480	0.00464	0.58008
11	0.01755	0.28644	0.36802	0.01600	0.02386	0.02016	0.01839	0.10224	0.01661	0.05373	0.01247	0.01387	0.00943	0.00657	0.00582	0.00191	0.00863	0.00478	0.00363	0.00990
12	0.01275	0.00638	0.00638	0.00638	0.00797	0.00638	0.00478	0.01594	0.01435	0.02551	0.02232	0.02551	0.01754	0.00797	0.00478	0.00159	0.00319	0.00638	0.79755	0.00638
13	0.01047	0.00770	0.01025	0.01153	0.01325	0.00748	0.00993	0.01336	0.01572	0.02010	0.04244	0.07504	0.16622	0.01860	0.00919	0.00299	0.00577	0.54744	0.00631	0.00620
14	0.01506	0.01411	0.02373	0.13945	0.51291	0.01449	0.01850	0.01876	0.01493	0.02091	0.01650	0.12803	0.01576	0.00851	0.00708	0.00218	0.00765	0.00810	0.00378	0.00957
15	0.01102	0.00787	0.01102	0.01260	0.01417	0.00787	0.01102	0.01417	0.01575	0.02047	0.03622	0.07717	0.03937	0.01890	0.00945	0.00315	0.00630	0.67084	0.00630	0.00630
16	0.01829	0.76368	0.03585	0.01171	0.01756	0.02707	0.01171	0.02049	0.01390	0.01610	0.00951	0.01097	0.00878	0.00585	0.00439	0.00146	0.00732	0.00366	0.00293	0.00878
17	0.01372	0.03539	0.72412	0.01950	0.02961	0.01589	0.02528	0.02167	0.01444	0.02167	0.01228	0.01444	0.00867	0.00650	0.00650	0.00217	0.01011	0.00506	0.00289	0.01011
18	0.01079	0.00909	0.01323	0.01235	0.01439	0.00895	0.09330	0.01565	0.12409	0.02070	0.09117	0.42719	0.09843	0.01655	0.00826	0.00255	0.00505	0.01513	0.00618	0.00695
19	0.00834	0.00595	0.00794	0.00953	0.00992	0.00556	0.00635	0.00953	0.01310	0.01746	0.03771	0.75510	0.04525	0.02143	0.00873	0.00278	0.00397	0.01945	0.00635	0.00556
20	0.00984	0.00705	0.00956	0.00956	0.01029	0.00777	0.00676	0.01130	0.01057	0.01482	0.01964	0.03414	0.02026	0.33886	0.44921	0.00922	0.01358	0.00839	0.00386	0.00531
21	0.01693	0.01626	0.02777	0.04199	0.71689	0.01626	0.02100	0.02100	0.01558	0.02235	0.01287	0.01693	0.01084	0.00610	0.00677	0.00203	0.00813	0.00610	0.00339	0.01084
22	0.01106	0.00731	0.00928	0.00867	0.01063	0.00660	0.00654	0.01391	0.01852	0.08119	0.52754	0.08183	0.16215	0.01439	0.00801	0.00220	0.00351	0.01257	0.00737	0.00672
23	0.03070	0.01164	0.01588	0.01217	0.01746	0.01006	0.01006	0.03334	0.01958	0.72163	0.02699	0.02329	0.01694	0.00847	0.00688	0.00212	0.00582	0.00688	0.00847	0.01164
24	0.01517	0.24877	0.46460	0.01708	0.02512	0.01960	0.02044	0.02090	0.01397	0.01961	0.01120	0.01346	0.00873	0.00675	0.00715	0.00203	0.06830	0.00472	0.00291	0.00951
25	0.01736	0.65317	0.09420	0.01219	0.01815	0.02481	0.01256	0.02012	0.01429	0.01729	0.05348	0.01377	0.01223	0.00641	0.00480	0.00157	0.00731	0.00432	0.00321	0.00875
26	0.00944	0.00698	0.00880	0.00835	0.01007	0.00635	0.00626	0.01243	0.01878	0.02605	0.61341	0.05339	0.16529	0.01450	0.00807	0.00218	0.00326	0.01269	0.00735	0.00635
27	0.01690	0.01635	0.02832	0.04142	0.68725	0.01630	0.05020	0.02104	0.01560	0.02233	0.01291	0.01700	0.01082	0.00608	0.00683	0.00204	0.00828	0.00618	0.00339	0.01077
28	0.02499	0.09063	0.02075	0.01708	0.02087	0.64774	0.01309	0.05294	0.01945	0.01773	0.01072	0.01239	0.00892	0.00700	0.00605	0.00175	0.01175	0.00442	0.00361	0.00814
29	0.00995	0.00663	0.00746	0.00746	0.00746	0.00663	0.00415	0.00995	0.00995	0.01327	0.02156	0.04477	0.02487	0.75957	0.03482	0.00663	0.00663	0.00995	0.00415	0.00415
30	0.01634	0.00743	0.00827	0.00753	0.00987	0.00711	0.00584	0.01942	0.01539	0.16455	0.02325	0.02506	0.01742	0.00807	0.00520	0.00170	0.00371	0.00648	0.63993	0.00743
31	0.01056	0.00720	0.00936	0.00870	0.01051	0.00659	0.00657	0.01371	0.01923	0.05826	0.65718	0.05043	0.08791	0.01387	0.00802	0.00216	0.00335	0.01221	0.00753	0.00666
32	0.00809	0.00693	0.00693	0.00693	0.00924	0.00578	0.00520	0.00982	0.01559	0.01848	0.06931	0.06584	0.71411	0.01733	0.00809	0.00231	0.00347	0.01444	0.00635	0.00578
33	0.00977	0.00733	0.01100	0.01100	0.01222	0.00855	0.00855	0.01222	0.01100	0.01588	0.01833	0.02688	0.01710	0.05131	0.73245	0.01100	0.01833	0.00733	0.00367	0.00611
34	0.00848	0.00607	0.00807	0.00943	0.00996	0.00565	0.00636	0.00989	0.01378	0.01854	0.11090	0.67883	0.04734	0.02063	0.00866	0.00271	0.00389	0.01868	0.00648	0.00565
35	0.00968	0.00699	0.00914	0.00861	0.01022	0.00646	0.00646	0.01291	0.01937	0.02743	0.71328	0.05110	0.06455	0.01399	0.00807	0.00215	0.00323	0.01237	0.00753	0.00646
36	0.01829	0.76368	0.03585	0.01171	0.01756	0.02707	0.01171	0.02049	0.01390	0.01610	0.00951	0.01097	0.00878	0.00585	0.00439	0.00146	0.00732	0.00366	0.00293	0.00878
37	0.01072	0.00906	0.00953	0.00904	0.01170	0.00893	0.00689	0.01745	0.20446	0.02233	0.13503	0.05305	0.44680	0.01473	0.00778	0.00229	0.00397	0.01236	0.00666	0.00724
38	0.01702	0.07457	0.01793	0.10108	0.02143	0.01779	0.01197	0.06144	0.53729	0.02691	0.02400	0.02309	0.01810	0.00867	0.00674	0.00224	0.00610	0.00714	0.00616	0.01031
39	0.01392	0.03403	0.66936	0.02025	0.03010	0.01600	0.07868	0.02169	0.01458	0.02169	0.01240	0.01477	0.00880	0.00644	0.00663	0.00218	0.01022	0.00530	0.00293	0.01004
40	0.00968	0.00699	0.00914	0.00861	0.01022	0.00646	0.00646	0.01291	0.01937	0.02743	0.71328	0.05110	0.06455	0.01399	0.00807	0.00215	0.00323	0.01237	0.00753	0.00646
41	0.01419	0.01216	0.01419	0.01013	0.01621	0.00912	0.00811	0.01723	0.01419	0.02229	0.01216	0.01419	0.01013	0.00507	0.00507	0.00101	0.00507	0.00405	0.00405	0.80139
42	0.01781	0.68695	0.10837	0.01253	0.01883	0.02589	0.01314	0.02061	0.01396	0.01668	0.00980	0.01134	0.00877	0.00592	0.00461	0.00154	0.00761	0.00381	0.00292	0.00892
43	0.00995	0.00663	0.00746	0.00746	0.00746	0.00663	0.00415	0.00995	0.00995	0.01327	0.02156	0.04477	0.02487	0.75957	0.03482	0.00663	0.00663	0.00995	0.00415	0.00415
44	0.02356	0.02841	0.01847	0.01676	0.02036	0.56460	0.01266	0.02944	0.17987	0.01953	0.01462	0.01543	0.01164	0.00757	0.00635	0.00189	0.01072	0.00519	0.00433	0.00861
45	0.16790	0.01412	0.01466	0.01280	0.01699	0.01584	0.01014	0.05207	0.45724	0.12799	0.02395	0.02223	0.01752	0.00858	0.00643	0.00225	0.00551	0.00681	0.00666	0.01033
46	0.01102	0.00787	0.01102	0.01260	0.01417	0.00787	0.01102	0.01417	0.01575	0.02047	0.03622	0.07717	0.03937	0.01890	0.00945	0.00315	0.00630	0.67084	0.00630	0.00630
47	0.00977	0.00733	0.01100	0.01100	0.01222	0.00855	0.00855	0.01222	0.01100	0.01588	0.01833	0.02688	0.01710	0.05131	0.73245	0.01100	0.01833	0.00733	0.00367	0.00611
48	0.01372	0.03539	0.72412	0.01950	0.02961	0.01589	0.02528	0.02167	0.01444	0.02167	0.01228	0.01444	0.00867	0.00650	0.00650	0.00217	0.01011	0.00506	0.00289	0.01011
49	0.00834	0.00595	0.00794	0.00953	0.00992	0.00556	0.00635	0.00953	0.01310	0.01746	0.03771	0.75510	0.04525	0.02143	0.00873	0.00278	0.00397	0.01945	0.00635	0.00556
50	0.00979	0.00725	0.01057	0.01057	0.01165	0.00832	0.00802	0.01195	0.01087	0.01557	0.01871	0.02902	0.01803	0.13606	0.64897	0.01047	0.01693	0.00764	0.00372	0.00587
51	0.01829	0.76368	0.03585	0.01171	0.01756	0.02707	0.01171	0.02049	0.01390	0.01610	0.00951	0.01097	0.00878	0.00585	0.00439	0.00146	0.00732	0.00366	0.00293	0.00878
52	0.01409	0.01216	0.01469	0.06884	0.01869	0.00961	0.00898	0.01725	0.01415	0.02191	0.01216	0.01451	0.01005	0.00521	0.00521	0.00111	0.00539	0.00422	0.00397	0.73782
53	0.01000	0.00692	0.00874	0.00829	0.00992	0.00642	0.00621	0.01317	0.01864	0.02691	0.60951	0.04852	0.08020	0.01338	0.00768	0.00209	0.00323	0.01172	0.10203	0.00642
54	0.02240	0.01846	0.01843	0.01517	0.01985	0.07648	0.01216	0.37929	0.29835	0.03524	0.02050	0.01971	0.01508	0.00854	0.00684	0.00214	0.00707	0.00665	0.00662	0.01102
55	0.00952	0.00687	0.00900	0.00872	0.01019	0.00635	0.00644	0.01251	0.01862	0.02624	0.63244	0.13535	0.06224	0.01488	0.00815	0.00223	0.00332	0.01322	0.00739	0.00635
56	0.01102	0.00787	0.01102	0.01260	0.01417	0.00787	0.01102	0.01417	0.01575	0.02047	0.03622	0.07717	0.03937	0.01890	0.00945	0.00315	0.00630	0.67084	0.00630	0.00630
57	0.00995	0.00663	0.00746	0.00746	0.00746	0.00663	0.00415	0.00995	0.00995	0.01327	0.02156	0.04477	0.02487	0.75957	0.03482	0.00663	0.00663	0.00995	0.00415	0.00415
58	0.00995	0.00663	0.00746	0.00746	0.00746	0.00663	0.00415	0.00995	0.00995	0.01327	0.02156	0.04477	0.02487	0.75957	0.03482	0.00663	0.00663	0.00995	0.00415	0.00415
59	0.00980	0.00723	0.01046	0.01046	0.01150	0.00826	0.00789	0.01188	0.01084	0.01549	0.01881	0.02957	0.01827	0.15772	0.62764	0.01034	0.01657	0.00772	0.00374	0.00581
60	0.01292	0.01216	0.02052	0.74312	0.04712	0.01520	0.01900	0.01748	0.01368	0.01748	0.01216	0.01824	0.00912	0.00684	0.00684	0.00228	0.00912	0.00608	0.00304	0.00760

[dist]
# distance from previous block
# <min> <max>
0	20

[block]
# block no. 2 follows, 31 sequences, length 39
# corresponding to MSA columns:
# 120-158
name=unknown_C
#
# <colnr> <probs for GDERKNQSTAVLIFYWHMCP>
#	G	D	E	R	K	N	Q	S	T	A	V	L	I	F	Y	W	H	M	C	P
0	0.02556	0.03261	0.01939	0.01763	0.02115	0.73210	0.01322	0.02732	0.01939	0.01674	0.01058	0.01234	0.00881	0.00705	0.00617	0.00176	0.01234	0.00441	0.00353	0.00793
1	0.01693	0.01626	0.02777	0.04199	0.71689	0.01626	0.02100	0.02100	0.01558	0.02235	0.01287	0.01693	0.01084	0.00610	0.00677	0.00203	0.00813	0.00610	0.00339	0.01084
2	0.01497	0.01497	0.02095	0.01796	0.01796	0.02095	0.01497	0.01646	0.01048	0.01646	0.00898	0.01497	0.00898	0.01197	0.02245	0.00299	0.74704	0.00599	0.00299	0.00748
3	0.01049	0.00770	0.01028	0.01157	0.01328	0.00749	0.00997	0.01339	0.01572	0.02011	0.04221	0.07512	0.16147	0.01861	0.00920	0.00300	0.00579	0.55206	0.00631	0.00620
4	0.01102	0.00787	0.01102	0.01260	0.01417	0.00787	0.01102	0.01417	0.01575	0.02047	0.03622	0.07717	0.03937	0.01890	0.00945	0.00315	0.00630	0.67084	0.00630	0.00630
5	0.00853	0.00695	0.00755	0.00740	0.00951	0.00596	0.00555	0.01068	0.01664	0.02097	0.24809	0.06175	0.53378	0.01640	0.00808	0.00227	0.00340	0.01387	0.00668	0.00596
6	0.01829	0.76368	0.03585	0.01171	0.01756	0.02707	0.01171	0.02049	0.01390	0.01610	0.00951	0.01097	0.00878	0.00585	0.00439	0.00146	0.00732	0.00366	0.00293	0.00878
7	0.00834	0.00595	0.00794	0.00953	0.00992	0.00556	0.00635	0.00953	0.01310	0.01746	0.03771	0.75510	0.04525	0.02143	0.00873	0.00278	0.00397	0.01945	0.00635	0.00556
8	0.80789	0.01323	0.01006	0.00900	0.01323	0.01535	0.00741	0.02011	0.01164	0.03070	0.00953	0.01111	0.00741	0.00635	0.00423	0.00212	0.00529	0.00370	0.00423	0.00741
9	0.01702	0.01470	0.01547	0.01392	0.01779	0.01702	0.01083	0.03635	0.70453	0.02862	0.02785	0.02553	0.02088	0.00928	0.00696	0.00232	0.00541	0.00773	0.00696	0.01083
10	0.80789	0.01323	0.01006	0.00900	0.01323	0.01535	0.00741	0.02011	0.01164	0.03070	0.00953	0.01111	0.00741	0.00635	0.00423	0.00212	0.00529	0.00370	0.00423	0.00741
11	0.02556	0.03261	0.01939	0.01763	0.02115	0.73210	0.01322	0.02732	0.01939	0.01674	0.01058	0.01234	0.00881	0.00705	0.00617	0.00176	0.01234	0.00441	0.00353	0.00793
12	0.02556	0.03261	0.01939	0.01763	0.02115	0.73210	0.01322	0.02732	0.01939	0.01674	0.01058	0.01234	0.00881	0.00705	0.00617	0.00176	0.01234	0.00441	0.00353	0.00793
13	0.02556	0.03261	0.01939	0.01763	0.02115	0.73210	0.01322	0.02732	0.01939	0.01674	0.01058	0.01234	0.00881	0.00705	0.00617	0.00176	0.01234	0.00441	0.00353	0.00793
14	0.01693	0.01626	0.02777	0.04199	0.71689	0.01626	0.02100	0.02100	0.01558	0.02235	0.01287	0.01693	0.01084	0.00610	0.00677	0.00203	0.00813	0.00610	0.00339	0.01084
15	0.00827	0.00694	0.00718	0.00712	0.00935	0.00585	0.00534	0.01017	0.01602	0.01950	0.14259	0.06416	0.64020	0.01695	0.00808	0.00229	0.00344	0.01420	0.00649	0.00585
16	0.02556	0.03261	0.01939	0.01763	0.02115	0.73210	0.01322	0.02732	0.01939	0.01674	0.01058	0.01234	0.00881	0.00705	0.00617	0.00176	0.01234	0.00441	0.00353	0.00793
17	0.01188	0.00594	0.00891	0.00891	0.00891	0.00594	0.00594	0.00891	0.00891	0.01188	0.01188	0.02080	0.01188	0.02377	0.02674	0.80095	0.00594	0.00594	0.00297	0.00297
18	0.02198	0.01192	0.01498	0.01110	0.01680	0.00956	0.00903	0.02484	0.01673	0.35262	0.01917	0.01848	0.01335	0.00667	0.00592	0.00153	0.00542	0.00539	0.00614	0.42836
19	0.00966	0.00703	0.00937	0.01077	0.01198	0.00674	0.00856	0.01189	0.01471	0.01909	0.04056	0.33654	0.11841	0.01969	0.00902	0.00291	0.00508	0.34569	0.00633	0.00595
20	0.02431	0.02903	0.01888	0.01695	0.02065	0.57775	0.01285	0.07299	0.12285	0.02028	0.01355	0.01458	0.01081	0.00746	0.00633	0.00187	0.01098	0.00502	0.00426	0.00861
21	0.02481	0.10961	0.02119	0.01691	0.02077	0.62447	0.01305	0.05734	0.01939	0.01789	0.01073	0.01238	0.00894	0.00698	0.00601	0.00174	0.01158	0.00441	0.00361	0.00819
22	0.01850	0.01573	0.02642	0.03860	0.63730	0.01555	0.01975	0.02240	0.01603	0.10192	0.01448	0.01766	0.01153	0.00637	0.00679	0.00204	0.00787	0.00618	0.00396	0.01093
23	0.01610	0.01832	0.03962	0.02842	0.03507	0.01744	0.66607	0.02171	0.01593	0.02171	0.01365	0.01832	0.01033	0.00601	0.00863	0.00233	0.03974	0.00799	0.00344	0.00916
24	0.01372	0.03539	0.72412	0.01950	0.02961	0.01589	0.02528	0.02167	0.01444	0.02167	0.01228	0.01444	0.00867	0.00650	0.00650	0.00217	0.01011	0.00506	0.00289	0.01011
25	0.00913	0.00638	0.00815	0.00925	0.00966	0.00615	0.00622	0.01018	0.01245	0.01654	0.03266	0.46333	0.03842	0.24417	0.01670	0.00399	0.00504	0.09070	0.00568	0.00521
26	0.00827	0.00694	0.00718	0.00712	0.00935	0.00585	0.00534	0.01017	0.01602	0.01950	0.14259	0.06416	0.64020	0.01695	0.00808	0.00229	0.00344	0.01420	0.00649	0.00585
27	0.01863	0.72997	0.03509	0.01198	0.01772	0.05958	0.01178	0.02080	0.01415	0.01613	0.00956	0.01104	0.00878	0.00591	0.00447	0.00148	0.00755	0.00369	0.00295	0.00874
28	0.00816	0.00693	0.00703	0.00701	0.00929	0.00581	0.00526	0.00996	0.01577	0.01889	0.09887	0.06516	0.68429	0.01717	0.00808	0.00230	0.00345	0.01434	0.00641	0.00581
29	0.00875	0.00697	0.00775	0.00764	0.00961	0.00609	0.00571	0.01090	0.01648	0.02101	0.26064	0.06078	0.46481	0.05044	0.00935	0.00249	0.00363	0.03443	0.00661	0.00592
30	0.01372	0.03539	0.72412	0.01950	0.02961	0.01589	0.02528	0.02167	0.01444	0.02167	0.01228	0.01444	0.00867	0.00650	0.00650	0.00217	0.01011	0.00506	0.00289	0.01011
31	0.01597	0.01266	0.01324	0.01207	0.01538	0.01441	0.00935	0.03135	0.53531	0.02786	0.02649	0.02552	0.02006	0.00896	0.00643	0.00214	0.00487	0.00740	0.20080	0.00974
32	0.00826	0.00694	0.00718	0.00712	0.00935	0.00585	0.00534	0.01016	0.01601	0.01948	0.14091	0.06420	0.64188	0.01696	0.00808	0.00229	0.00344	0.01421	0.00648	0.00585
33	0.00983	0.00710	0.00985	0.00985	0.01068	0.00793	0.00713	0.01148	0.01066	0.01504	0.01937	0.03265	0.01961	0.27999	0.50720	0.00959	0.01455	0.00818	0.00382	0.00547
34	0.01292	0.01216	0.02052	0.74312	0.04712	0.01520	0.01900	0.01748	0.01368	0.01748	0.01216	0.01824	0.00912	0.00684	0.00684	0.00228	0.00912	0.00608	0.00304	0.00760
35	0.80789	0.01323	0.01006	0.00900	0.01323	0.01535	0.00741	0.02011	0.01164	0.03070	0.00953	0.01111	0.00741	0.00635	0.00423	0.00212	0.00529	0.00370	0.00423	0.00741
36	0.11533	0.01098	0.01400	0.01117	0.01567	0.01001	0.00910	0.02814	0.01864	0.51738	0.14919	0.02693	0.02447	0.00923	0.00679	0.00212	0.00529	0.00751	0.00782	0.01022
37	0.01334	0.01292	0.02257	0.63910	0.04472	0.01566	0.08787	0.01789	0.01380	0.01789	0.01220	0.01812	0.00924	0.00695	0.00763	0.00231	0.04065	0.00628	0.00308	0.00776
38	0.01668	0.01599	0.02731	0.08675	0.67413	0.01619	0.02087	0.02077	0.01546	0.02204	0.01282	0.01702	0.01073	0.00614	0.00678	0.00205	0.00819	0.00609	0.00336	0.01063

[dist]
# distance from previous block
# <min> <max>
0	20

[block]
# block no. 3 follows, 31 sequences, length 15
# corresponding to MSA columns:
# 179-193
name=unknown_D
#
# <colnr> <probs for GDERKNQSTAVLIFYWHMCP>
#	G	D	E	R	K	N	Q	S	T	A	V	L	I	F	Y	W	H	M	C	P
0	0.80789	0.01323	0.01006	0.00900	0.01323	0.01535	0.00741	0.02011	0.01164	0.03070	0.00953	0.01111	0.00741	0.00635	0.00423	0.00212	0.00529	0.00370	0.00423	0.00741
1	0.01520	0.01449	0.02464	0.34481	0.42762	0.01580	0.02013	0.01948	0.01476	0.02025	0.01256	0.01750	0.01010	0.00642	0.00680	0.00214	0.00856	0.00609	0.00324	0.00944
2	0.48378	0.01279	0.01432	0.30830	0.02705	0.01529	0.01213	0.01904	0.01247	0.02531	0.01060	0.01402	0.00811	0.00655	0.00530	0.00218	0.00685	0.00467	0.00375	0.00749
3	0.01053	0.01795	0.29993	0.01359	0.01795	0.00977	0.01407	0.01448	0.01365	0.01918	0.02734	0.45313	0.03033	0.01535	0.00782	0.00253	0.00647	0.01358	0.00494	0.00741
4	0.01100	0.00910	0.01378	0.30807	0.02526	0.01002	0.01157	0.01477	0.01705	0.02338	0.42743	0.03771	0.04195	0.01107	0.00757	0.00220	0.00563	0.00981	0.00570	0.00692
5	0.01063	0.01854	0.29968	0.01232	0.01770	0.01001	0.01358	0.01514	0.01572	0.02119	0.14737	0.04257	0.32430	0.01239	0.00744	0.00223	0.00614	0.01029	0.00513	0.00765
6	0.01990	0.01456	0.01666	0.01446	0.01835	0.01578	0.01220	0.41688	0.02547	0.03389	0.02450	0.04119	0.02294	0.01257	0.00791	0.00250	0.00703	0.27715	0.00662	0.00946
7	0.02092	0.01195	0.01488	0.01096	0.01672	0.00950	0.00890	0.02380	0.01639	0.30742	0.01821	0.01790	0.01291	0.00645	0.00581	0.00146	0.00537	0.00521	0.00585	0.47940
8	0.01398	0.01248	0.02018	0.02838	0.42878	0.01226	0.01507	0.01770	0.01712	0.02442	0.29843	0.03086	0.03274	0.00931	0.00730	0.00208	0.00613	0.00865	0.00508	0.00905
9	0.02335	0.45707	0.02771	0.01190	0.01752	0.02013	0.01103	0.02573	0.01622	0.30375	0.01664	0.01599	0.01210	0.00692	0.00541	0.00173	0.00671	0.00497	0.00519	0.00995
10	0.01269	0.01097	0.01783	0.02363	0.29952	0.01169	0.01363	0.01580	0.01286	0.01852	0.01610	0.02282	0.01455	0.03288	0.43659	0.00734	0.01417	0.00683	0.00355	0.00804
11	0.02067	0.01631	0.02053	0.31230	0.03178	0.01876	0.01545	0.41822	0.02463	0.03266	0.01469	0.01717	0.01061	0.00765	0.00684	0.00215	0.00818	0.00613	0.00529	0.00999
12	0.01666	0.01623	0.02562	0.02000	0.02511	0.01713	0.28856	0.03047	0.42387	0.02589	0.02214	0.02264	0.01660	0.00785	0.00741	0.00231	0.00791	0.00787	0.00553	0.01018
13	0.01545	0.02388	0.31137	0.06278	0.40806	0.01606	0.02266	0.02112	0.01503	0.02186	0.01260	0.01597	0.00988	0.00629	0.00666	0.00210	0.00898	0.00567	0.00317	0.01040
14	0.01348	0.31605	0.02158	0.01160	0.01466	0.01667	0.01013	0.01578	0.01216	0.01600	0.01431	0.01985	0.01334	0.03099	0.40331	0.00674	0.04700	0.00577	0.00333	0.00726

[dist]
# distance from previous block
# <min> <max>
0	2

# created by:
# /home/berkeley/.conda/envs/busco_data_prod/bin/msa2prfl.pl pipeline/OGs_align_augustus/5794/68703.fs
