[name]
unknown

[dist]
# distance from previous block
# <min> <max>
0	43

[block]
# block no. 0 follows, 28 sequences, length 30
# corresponding to MSA columns:
# 43-72
name=unknown_A
#
# <colnr> <probs for GDERKNQSTAVLIFYWHMCP>
#	G	D	E	R	K	N	Q	S	T	A	V	L	I	F	Y	W	H	M	C	P
0	0.01171	0.00837	0.01171	0.01339	0.01506	0.00837	0.01171	0.01506	0.01673	0.02175	0.03849	0.08199	0.04183	0.02008	0.01004	0.00335	0.00669	0.65027	0.00669	0.00669
1	0.01373	0.01292	0.02180	0.72707	0.05006	0.01615	0.02019	0.01857	0.01453	0.01857	0.01292	0.01938	0.00969	0.00727	0.00727	0.00242	0.00969	0.00646	0.00323	0.00807
2	0.01503	0.01345	0.01855	0.01359	0.01962	0.01099	0.10260	0.01939	0.04299	0.02443	0.07973	0.01999	0.01685	0.00658	0.00622	0.00144	0.00618	0.00592	0.00470	0.57175
3	0.00886	0.00633	0.00843	0.01012	0.01054	0.00590	0.00675	0.01012	0.01392	0.01856	0.04006	0.73979	0.04808	0.02277	0.00928	0.00295	0.00422	0.02066	0.00675	0.00590
4	0.02227	0.02102	0.01986	0.01898	0.08621	0.17066	0.01364	0.18347	0.32459	0.03062	0.02123	0.02094	0.01608	0.00875	0.00716	0.00224	0.00815	0.00689	0.00621	0.01104
5	0.01564	0.19227	0.56146	0.01892	0.02868	0.01946	0.02372	0.02275	0.01522	0.02173	0.01241	0.01455	0.00923	0.00676	0.00642	0.00214	0.01010	0.00505	0.00308	0.01044
6	0.01970	0.31044	0.24589	0.01754	0.02500	0.08927	0.08318	0.02434	0.01634	0.08599	0.01340	0.01502	0.01030	0.00682	0.00620	0.00198	0.00953	0.00523	0.00378	0.01003
7	0.01458	0.03760	0.70688	0.02072	0.03146	0.01688	0.02686	0.02302	0.01535	0.02302	0.01304	0.01535	0.00921	0.00691	0.00691	0.00230	0.01074	0.00537	0.00307	0.01074
8	0.01755	0.01235	0.01397	0.01240	0.01603	0.01307	0.00966	0.02938	0.35768	0.13486	0.17955	0.03771	0.11104	0.01182	0.00778	0.00239	0.00507	0.00999	0.00770	0.01000
9	0.01653	0.01513	0.02663	0.11900	0.28606	0.01561	0.14408	0.02084	0.01630	0.05029	0.01906	0.03130	0.01734	0.00968	0.00904	0.00255	0.05228	0.13431	0.00438	0.00962
10	0.00977	0.00774	0.01030	0.01283	0.07700	0.00716	0.00811	0.01157	0.01499	0.01947	0.04650	0.46486	0.21887	0.01992	0.00892	0.00276	0.00459	0.04165	0.00644	0.00654
11	0.01007	0.00726	0.00952	0.00929	0.01081	0.00671	0.00684	0.01317	0.01956	0.02753	0.59520	0.15908	0.06545	0.01607	0.00868	0.00239	0.00355	0.01430	0.00781	0.00671
12	0.01024	0.00691	0.00803	0.00835	0.00844	0.00683	0.00486	0.01048	0.01122	0.01496	0.02623	0.18178	0.03062	0.60460	0.03162	0.00625	0.00650	0.01253	0.00486	0.00470
13	0.01610	0.02829	0.38989	0.03048	0.27585	0.01718	0.09306	0.02279	0.01598	0.02331	0.01345	0.01676	0.01024	0.00667	0.00719	0.00227	0.01013	0.00611	0.00333	0.01093
14	0.01799	0.01727	0.02950	0.04462	0.69919	0.01727	0.02231	0.02231	0.01655	0.02375	0.01367	0.01799	0.01151	0.00648	0.00720	0.00216	0.00864	0.00648	0.00360	0.01151
15	0.00886	0.00633	0.00843	0.01012	0.01054	0.00590	0.00675	0.01012	0.01392	0.01856	0.04006	0.73979	0.04808	0.02277	0.00928	0.00295	0.00422	0.02066	0.00675	0.00590
16	0.02957	0.01725	0.01989	0.01525	0.02099	0.01792	0.01260	0.42564	0.02896	0.30249	0.02183	0.02029	0.01456	0.00883	0.00729	0.00221	0.00729	0.00684	0.00794	0.01237
17	0.02060	0.01810	0.02414	0.03170	0.40890	0.09577	0.01760	0.07401	0.05214	0.09793	0.02083	0.02269	0.06675	0.00815	0.00726	0.00218	0.00830	0.00715	0.00491	0.01089
18	0.01047	0.00745	0.00997	0.00997	0.01068	0.00816	0.00695	0.01188	0.01118	0.01561	0.02104	0.03723	0.02194	0.36930	0.40609	0.00957	0.01380	0.00906	0.00413	0.00554
19	0.00963	0.00725	0.00897	0.00930	0.01091	0.00659	0.00694	0.01212	0.01757	0.02339	0.31078	0.22021	0.23205	0.01817	0.00888	0.00259	0.00400	0.07700	0.00724	0.00642
20	0.79588	0.01406	0.01068	0.00956	0.01406	0.01631	0.00787	0.02137	0.01237	0.03261	0.01012	0.01181	0.00787	0.00675	0.00450	0.00225	0.00562	0.00394	0.00450	0.00787
21	0.09883	0.26652	0.05920	0.01525	0.02043	0.25733	0.01324	0.07173	0.09318	0.02266	0.01333	0.01449	0.01084	0.00732	0.00589	0.00191	0.00930	0.00491	0.00423	0.00941
22	0.02413	0.02891	0.02354	0.02727	0.24574	0.48504	0.01677	0.02681	0.01926	0.01976	0.01204	0.01472	0.01007	0.00716	0.00677	0.00197	0.01163	0.00527	0.00370	0.00945
23	0.00919	0.00658	0.00873	0.00989	0.01062	0.00613	0.00677	0.01096	0.01547	0.02103	0.19300	0.57981	0.05286	0.02093	0.00911	0.00280	0.00403	0.01891	0.00704	0.00613
24	0.01009	0.00729	0.00956	0.01057	0.01166	0.00682	0.00768	0.01193	0.01470	0.01981	0.07990	0.44580	0.04380	0.09032	0.01183	0.00327	0.00503	0.15057	0.00645	0.05291
25	0.02216	0.06751	0.02840	0.06288	0.02753	0.02146	0.18496	0.34614	0.02459	0.03311	0.01505	0.01756	0.01132	0.00827	0.00939	0.00234	0.09439	0.00687	0.00534	0.01072
26	0.00995	0.00733	0.00955	0.01092	0.01222	0.00693	0.00851	0.01215	0.01553	0.02003	0.04554	0.35494	0.16353	0.02090	0.00946	0.00302	0.00511	0.27138	0.00673	0.00626
27	0.00952	0.00702	0.00894	0.00952	0.01082	0.00645	0.00690	0.01181	0.01700	0.02289	0.29094	0.33846	0.15687	0.01896	0.00895	0.00265	0.00399	0.05474	0.00722	0.00635
28	0.01958	0.26635	0.30733	0.01709	0.02492	0.06820	0.01872	0.15203	0.01923	0.02525	0.01284	0.01441	0.00988	0.00708	0.00622	0.00201	0.00939	0.00507	0.00396	0.01045
29	0.06698	0.07002	0.01987	0.19302	0.02691	0.30724	0.01415	0.02327	0.01681	0.05285	0.01368	0.01751	0.01117	0.01479	0.11823	0.00358	0.01211	0.00565	0.00390	0.00826

[dist]
# distance from previous block
# <min> <max>
0	5

[block]
# block no. 1 follows, 28 sequences, length 14
# corresponding to MSA columns:
# 78-91
name=unknown_B
#
# <colnr> <probs for GDERKNQSTAVLIFYWHMCP>
#	G	D	E	R	K	N	Q	S	T	A	V	L	I	F	Y	W	H	M	C	P
0	0.01680	0.02186	0.18158	0.11240	0.11808	0.07003	0.07871	0.04240	0.03567	0.02327	0.01370	0.01677	0.01066	0.00659	0.00673	0.00194	0.00895	0.00573	0.00387	0.22429
1	0.01314	0.01180	0.01679	0.01521	0.01581	0.01556	0.01228	0.01513	0.01136	0.01707	0.01467	0.02305	0.01422	0.06238	0.34324	0.00726	0.37315	0.00719	0.00356	0.00713
2	0.01066	0.00730	0.00937	0.00908	0.01061	0.00701	0.00673	0.01375	0.01827	0.02655	0.47934	0.08787	0.05445	0.04585	0.07516	0.00330	0.00510	0.01214	0.11081	0.00666
3	0.00991	0.00677	0.00812	0.00877	0.00893	0.00661	0.00531	0.01040	0.01186	0.01581	0.02950	0.31371	0.03475	0.46704	0.02634	0.00547	0.00596	0.01445	0.00531	0.00498
4	0.01373	0.01292	0.02180	0.72707	0.05006	0.01615	0.02019	0.01857	0.01453	0.01857	0.01292	0.01938	0.00969	0.00727	0.00727	0.00242	0.00969	0.00646	0.00323	0.00807
5	0.00922	0.00659	0.00886	0.01054	0.01112	0.00622	0.00739	0.01076	0.01428	0.01897	0.03986	0.65527	0.04727	0.02243	0.00938	0.00300	0.00454	0.10156	0.00674	0.00601
6	0.01516	0.01478	0.02059	0.01776	0.01799	0.02021	0.01470	0.01699	0.01239	0.01905	0.10082	0.02101	0.01740	0.01301	0.02182	0.00306	0.63437	0.00726	0.00382	0.00781
7	0.01800	0.01895	0.02413	0.30945	0.25580	0.15834	0.01934	0.02184	0.01618	0.02004	0.01259	0.01741	0.01021	0.00744	0.00827	0.00228	0.06092	0.00610	0.00345	0.00927
8	0.10223	0.15975	0.19122	0.01641	0.02245	0.01802	0.10220	0.09375	0.01636	0.02391	0.01467	0.02027	0.01262	0.10551	0.06791	0.00353	0.00974	0.00635	0.00403	0.00906
9	0.02015	0.02128	0.02244	0.32982	0.12454	0.24040	0.01779	0.09644	0.01896	0.02208	0.01299	0.01697	0.01013	0.00740	0.00703	0.00218	0.01045	0.00590	0.00390	0.00913
10	0.01007	0.00742	0.00941	0.00892	0.01073	0.00677	0.00669	0.01330	0.02006	0.02793	0.61547	0.05631	0.14924	0.01532	0.00858	0.00231	0.00346	0.01343	0.00784	0.00677
11	0.01090	0.00819	0.01124	0.01098	0.01172	0.00945	0.00801	0.01251	0.01125	0.01596	0.01986	0.03414	0.02034	0.29102	0.42357	0.00938	0.07295	0.00864	0.00401	0.00588
12	0.01015	0.00740	0.01013	0.01035	0.01127	0.00803	0.00746	0.01190	0.01193	0.01654	0.02556	0.12663	0.05661	0.21909	0.42341	0.00897	0.01368	0.01049	0.00452	0.00588
13	0.01092	0.00753	0.00968	0.01021	0.01182	0.00719	0.00811	0.01397	0.01760	0.02464	0.27587	0.13530	0.09430	0.01683	0.00867	0.00264	0.00460	0.22274	0.11075	0.00664

[dist]
# distance from previous block
# <min> <max>
9	18

[block]
# block no. 2 follows, 28 sequences, length 45
# corresponding to MSA columns:
# 145-189
name=unknown_C
#
# <colnr> <probs for GDERKNQSTAVLIFYWHMCP>
#	G	D	E	R	K	N	Q	S	T	A	V	L	I	F	Y	W	H	M	C	P
0	0.01526	0.00997	0.01051	0.00959	0.01222	0.01028	0.00738	0.14602	0.05422	0.02886	0.03271	0.10484	0.13272	0.01169	0.00664	0.00208	0.00455	0.00964	0.38286	0.00793
1	0.00901	0.00738	0.00794	0.00780	0.01007	0.00631	0.00585	0.01124	0.01755	0.02197	0.22635	0.06611	0.54207	0.01754	0.00859	0.00241	0.00362	0.01480	0.00706	0.00631
2	0.06091	0.02026	0.01719	0.01370	0.01918	0.22300	0.01074	0.08903	0.01855	0.02466	0.01273	0.01456	0.01036	0.00643	0.00588	0.00149	0.00798	0.00463	0.00445	0.43428
3	0.01822	0.01779	0.02563	0.22067	0.37269	0.07993	0.01998	0.06789	0.01727	0.02299	0.01325	0.01775	0.01077	0.00735	0.00827	0.00227	0.05710	0.00631	0.00375	0.01015
4	0.02009	0.02124	0.02747	0.03870	0.54449	0.17685	0.02042	0.02384	0.01748	0.02239	0.01312	0.01687	0.01102	0.00671	0.00705	0.00209	0.00966	0.00607	0.00363	0.01081
5	0.02673	0.02663	0.02181	0.01961	0.07051	0.33666	0.01452	0.33546	0.02676	0.03153	0.01436	0.01552	0.01094	0.00801	0.00694	0.00204	0.01036	0.00569	0.00541	0.01052
6	0.00902	0.00645	0.00858	0.01001	0.01058	0.00601	0.00676	0.01053	0.01467	0.01976	0.11443	0.66200	0.05040	0.02188	0.00920	0.00288	0.00413	0.01981	0.00689	0.00601
7	0.00956	0.00741	0.00983	0.00987	0.01145	0.00672	0.03030	0.01185	0.01686	0.02247	0.26270	0.32817	0.20875	0.01853	0.00886	0.00260	0.00412	0.01648	0.00705	0.00641
8	0.02540	0.01736	0.01926	0.01531	0.02030	0.01872	0.01241	0.50336	0.02964	0.11647	0.02209	0.12587	0.01832	0.01085	0.00757	0.00230	0.00723	0.00873	0.00739	0.01140
9	0.02039	0.00958	0.01306	0.01209	0.01521	0.00867	0.00965	0.02290	0.01793	0.33260	0.05852	0.24250	0.03371	0.01560	0.00852	0.00269	0.00564	0.15387	0.00781	0.00907
10	0.79588	0.01406	0.01068	0.00956	0.01406	0.01631	0.00787	0.02137	0.01237	0.03261	0.01012	0.01181	0.00787	0.00675	0.00450	0.00225	0.00562	0.00394	0.00450	0.00787
11	0.01220	0.01038	0.01439	0.01236	0.01534	0.01017	0.08589	0.01883	0.14409	0.02670	0.36014	0.04840	0.18459	0.01364	0.00836	0.00237	0.00496	0.01214	0.00712	0.00793
12	0.01302	0.00672	0.00696	0.00715	0.00870	0.00668	0.00527	0.01616	0.01509	0.02613	0.02557	0.10798	0.02197	0.01009	0.00556	0.00184	0.00348	0.00835	0.69659	0.00668
13	0.00877	0.00667	0.00808	0.00920	0.01030	0.00598	0.00634	0.01022	0.01480	0.01892	0.05125	0.51665	0.26400	0.02132	0.00905	0.00279	0.00404	0.01889	0.00675	0.00598
14	0.79588	0.01406	0.01068	0.00956	0.01406	0.01631	0.00787	0.02137	0.01237	0.03261	0.01012	0.01181	0.00787	0.00675	0.00450	0.00225	0.00562	0.00394	0.00450	0.00787
15	0.01850	0.01824	0.02901	0.04317	0.66137	0.05629	0.02185	0.02268	0.01678	0.02341	0.01354	0.01772	0.01139	0.00653	0.00716	0.00214	0.00889	0.00638	0.00361	0.01134
16	0.01011	0.00704	0.00788	0.00802	0.00845	0.00681	0.00478	0.01051	0.01181	0.01536	0.03247	0.10903	0.13566	0.56775	0.03012	0.00597	0.00627	0.01218	0.00498	0.00481
17	0.01934	0.01624	0.01714	0.01505	0.01938	0.01867	0.01181	0.12235	0.60029	0.03243	0.02799	0.02585	0.02090	0.00971	0.00738	0.00243	0.00605	0.00800	0.00738	0.01162
18	0.01799	0.01727	0.02950	0.04462	0.69919	0.01727	0.02231	0.02231	0.01655	0.02375	0.01367	0.01799	0.01151	0.00648	0.00720	0.00216	0.00864	0.00648	0.00360	0.01151
19	0.18477	0.01739	0.01814	0.01525	0.04441	0.06119	0.01195	0.27032	0.04568	0.23155	0.01909	0.01849	0.01319	0.00828	0.00667	0.00220	0.00726	0.00617	0.00686	0.01114
20	0.01964	0.10443	0.02481	0.25564	0.16506	0.24391	0.01758	0.02301	0.01679	0.01914	0.01208	0.01607	0.00990	0.00727	0.00734	0.00212	0.03715	0.00559	0.00345	0.00901
21	0.02126	0.02417	0.02796	0.03176	0.31685	0.28208	0.11977	0.02484	0.01799	0.02120	0.01277	0.01632	0.01056	0.00702	0.00774	0.00213	0.03586	0.00612	0.00365	0.00996
22	0.01057	0.00705	0.00793	0.00793	0.00793	0.00705	0.00440	0.01057	0.01057	0.01409	0.02290	0.04757	0.02643	0.74454	0.03700	0.00705	0.00705	0.01057	0.00440	0.00440
23	0.01321	0.01187	0.01908	0.50099	0.07346	0.01429	0.01666	0.01687	0.01380	0.01803	0.01608	0.06432	0.01482	0.13562	0.01312	0.00326	0.03540	0.00796	0.00365	0.00750
24	0.00883	0.00643	0.00832	0.00984	0.01047	0.00593	0.00662	0.01015	0.01419	0.01867	0.04350	0.67120	0.11445	0.02233	0.00921	0.00290	0.00416	0.02012	0.00675	0.00593
25	0.23653	0.01531	0.02221	0.02288	0.17525	0.01715	0.11194	0.02115	0.04906	0.02467	0.01360	0.01780	0.01138	0.01322	0.08995	0.00350	0.13505	0.00629	0.00402	0.00904
26	0.01157	0.00794	0.00879	0.00826	0.01096	0.00676	0.00631	0.01376	0.01765	0.09874	0.16114	0.06249	0.52579	0.01681	0.00844	0.00241	0.00393	0.01410	0.00719	0.00695
27	0.01808	0.01561	0.01644	0.01479	0.01890	0.01808	0.01151	0.03863	0.68606	0.03041	0.02959	0.02712	0.02219	0.00986	0.00740	0.00247	0.00575	0.00822	0.00740	0.01151
28	0.03082	0.01525	0.01865	0.01430	0.01999	0.01495	0.01181	0.26577	0.02562	0.46708	0.02463	0.02212	0.01597	0.00890	0.00730	0.00222	0.00684	0.00703	0.00838	0.01237
29	0.00989	0.00743	0.00929	0.01051	0.01145	0.00730	0.00722	0.01337	0.09033	0.01996	0.04063	0.62381	0.07911	0.02108	0.00903	0.00287	0.00436	0.01897	0.00682	0.00655
30	0.01899	0.21121	0.07898	0.01909	0.02445	0.02209	0.15775	0.13386	0.01790	0.02428	0.01262	0.01578	0.01034	0.00807	0.01040	0.00224	0.16856	0.00604	0.00403	0.05333
31	0.00997	0.00756	0.01021	0.01075	0.01150	0.00807	0.00771	0.01160	0.01317	0.01802	0.05651	0.36452	0.07211	0.10398	0.20289	0.00568	0.05950	0.01460	0.00554	0.00610
32	0.00906	0.00692	0.00838	0.00944	0.01075	0.00625	0.00681	0.01075	0.01519	0.01929	0.05234	0.42259	0.28763	0.02087	0.00910	0.00281	0.00428	0.08470	0.00674	0.00607
33	0.03012	0.01710	0.01806	0.01437	0.01959	0.12414	0.01162	0.14334	0.02306	0.45930	0.04704	0.02267	0.01741	0.00891	0.00723	0.00218	0.00750	0.00696	0.00784	0.01155
34	0.01496	0.05946	0.14327	0.28146	0.07804	0.01776	0.09365	0.01973	0.01438	0.01984	0.01298	0.01830	0.01043	0.01117	0.06003	0.00311	0.12279	0.00645	0.00331	0.00889
35	0.01098	0.00862	0.01207	0.01187	0.01261	0.01016	0.00890	0.01276	0.01178	0.01676	0.02199	0.14724	0.02325	0.16226	0.37960	0.00818	0.12018	0.01018	0.00435	0.00625
36	0.11079	0.01396	0.01505	0.01247	0.01683	0.01490	0.01005	0.19431	0.15013	0.17451	0.02273	0.02240	0.01635	0.00872	0.00649	0.00215	0.00586	0.00678	0.18511	0.01041
37	0.01499	0.01365	0.01949	0.04577	0.29358	0.01287	0.01407	0.01988	0.07352	0.02321	0.02853	0.02997	0.16872	0.00925	0.00708	0.00199	0.00648	0.00811	0.00481	0.20404
38	0.01953	0.02056	0.02016	0.01764	0.01951	0.22010	0.01414	0.08784	0.01632	0.02040	0.01232	0.01714	0.01107	0.01703	0.12022	0.00397	0.34377	0.00611	0.00387	0.00833
39	0.01748	0.01675	0.02859	0.12560	0.62216	0.01714	0.02206	0.02187	0.01631	0.02313	0.01358	0.01816	0.01130	0.00657	0.00720	0.00219	0.00876	0.00647	0.00355	0.01111
40	0.00965	0.00741	0.00883	0.00847	0.01047	0.00659	0.00635	0.01248	0.01906	0.02556	0.46063	0.06021	0.30556	0.01620	0.00858	0.00235	0.00352	0.01397	0.00753	0.00659
41	0.01263	0.00631	0.00947	0.00947	0.00947	0.00631	0.00631	0.00947	0.00947	0.01263	0.01263	0.02210	0.01263	0.02525	0.02841	0.78851	0.00631	0.00631	0.00316	0.00316
42	0.00913	0.00654	0.00868	0.00993	0.01060	0.00609	0.00677	0.01082	0.01521	0.02061	0.16686	0.60716	0.05205	0.02124	0.00914	0.00282	0.00406	0.01921	0.00699	0.00609
43	0.01833	0.01834	0.02783	0.11973	0.56458	0.08002	0.02132	0.02249	0.01669	0.02262	0.01337	0.01771	0.01111	0.00666	0.00715	0.00216	0.00916	0.00631	0.00357	0.01085
44	0.01719	0.01999	0.17708	0.01642	0.02344	0.01412	0.08918	0.10218	0.03927	0.04897	0.01658	0.02139	0.01344	0.00753	0.00679	0.00189	0.00784	0.05136	0.00474	0.32060

[dist]
# distance from previous block
# <min> <max>
0	2

[block]
# block no. 3 follows, 28 sequences, length 31
# corresponding to MSA columns:
# 192-213,219-227
name=unknown_D
#
# <colnr> <probs for GDERKNQSTAVLIFYWHMCP>
#	G	D	E	R	K	N	Q	S	T	A	V	L	I	F	Y	W	H	M	C	P
0	0.01564	0.19344	0.56035	0.01890	0.02866	0.01948	0.02370	0.02275	0.01522	0.02172	0.01240	0.01454	0.00923	0.00676	0.00641	0.00214	0.01009	0.00505	0.00308	0.01043
1	0.01736	0.01904	0.03962	0.03405	0.19955	0.01811	0.51385	0.02305	0.01701	0.02340	0.01445	0.01921	0.01115	0.00621	0.00824	0.00238	0.01137	0.00806	0.00366	0.01022
2	0.02716	0.02183	0.02006	0.01603	0.02136	0.18866	0.01286	0.34940	0.02685	0.14603	0.01737	0.01738	0.01241	0.00815	0.00693	0.00201	0.00870	0.00601	0.00642	0.08439
3	0.01053	0.00723	0.00883	0.00883	0.00914	0.00754	0.00553	0.01115	0.01084	0.01476	0.02208	0.04300	0.02444	0.57863	0.20019	0.00816	0.01003	0.00990	0.00428	0.00491
4	0.00923	0.00690	0.00858	0.00919	0.01047	0.00625	0.00650	0.01130	0.01657	0.02206	0.24889	0.37511	0.20370	0.01934	0.00890	0.00263	0.00385	0.01713	0.00713	0.00625
5	0.01043	0.00761	0.01076	0.01076	0.01175	0.00859	0.00794	0.01239	0.01141	0.01620	0.02031	0.03320	0.02019	0.22312	0.54989	0.01055	0.01643	0.00847	0.00402	0.00598
6	0.79588	0.01406	0.01068	0.00956	0.01406	0.01631	0.00787	0.02137	0.01237	0.03261	0.01012	0.01181	0.00787	0.00675	0.00450	0.00225	0.00562	0.00394	0.00450	0.00787
7	0.09940	0.03271	0.01967	0.01787	0.02168	0.64966	0.01346	0.02831	0.01983	0.01918	0.01113	0.01299	0.00922	0.00742	0.00636	0.00191	0.01241	0.00461	0.00382	0.00837
8	0.02122	0.02377	0.02156	0.01879	0.02068	0.30227	0.01502	0.06516	0.01646	0.01947	0.01074	0.01488	0.00965	0.01035	0.01578	0.00259	0.39383	0.00569	0.00368	0.00843
9	0.00998	0.00742	0.00929	0.00882	0.01067	0.00673	0.00662	0.01312	0.01985	0.02742	0.58248	0.05714	0.18255	0.01550	0.00858	0.00232	0.00348	0.01354	0.00777	0.00673
10	0.01080	0.00769	0.00902	0.00904	0.01120	0.00663	0.00658	0.01269	0.01607	0.06508	0.09511	0.29860	0.33770	0.01825	0.00854	0.00252	0.00413	0.01583	0.00682	0.05772
11	0.01799	0.01727	0.02950	0.04462	0.69919	0.01727	0.02231	0.02231	0.01655	0.02375	0.01367	0.01799	0.01151	0.00648	0.00720	0.00216	0.00864	0.00648	0.00360	0.01151
12	0.01831	0.01535	0.02331	0.39975	0.18923	0.01743	0.01897	0.15077	0.01918	0.05627	0.01471	0.01893	0.01101	0.00746	0.00725	0.00231	0.00896	0.00652	0.00438	0.00990
13	0.01664	0.01713	0.02216	0.01906	0.01931	0.06760	0.01578	0.01825	0.01175	0.01751	0.00965	0.01572	0.00953	0.01238	0.02272	0.00310	0.68426	0.00625	0.00322	0.00798
14	0.00902	0.00710	0.00814	0.00847	0.01023	0.00623	0.00613	0.01104	0.01671	0.02135	0.19543	0.24328	0.39345	0.01881	0.00877	0.00255	0.00377	0.01628	0.00701	0.00623
15	0.42893	0.08307	0.01410	0.01106	0.01475	0.06470	0.00883	0.05951	0.01490	0.02749	0.01797	0.19012	0.01822	0.01079	0.00600	0.00232	0.00616	0.00823	0.00504	0.00784
16	0.01554	0.01549	0.02843	0.40359	0.20596	0.01693	0.16756	0.02055	0.01562	0.02090	0.01351	0.01909	0.01044	0.00682	0.00755	0.00236	0.01001	0.00694	0.00342	0.00930
17	0.01024	0.00754	0.00930	0.00992	0.01170	0.00700	0.00788	0.01289	0.01700	0.02245	0.17384	0.14608	0.25112	0.01818	0.00892	0.00272	0.00464	0.21868	0.05343	0.00646
18	0.02313	0.01813	0.01928	0.01582	0.02083	0.02044	0.01273	0.37530	0.34116	0.03856	0.02317	0.02200	0.01699	0.00926	0.00733	0.00232	0.00694	0.00733	0.00733	0.01196
19	0.02170	0.32164	0.22578	0.01521	0.02257	0.02059	0.01627	0.06442	0.01755	0.18629	0.01588	0.01623	0.01156	0.00724	0.00611	0.00198	0.00826	0.00530	0.00477	0.01065
20	0.27366	0.29253	0.02396	0.01330	0.01833	0.19212	0.01143	0.06241	0.01657	0.02402	0.01083	0.01241	0.00905	0.00685	0.00523	0.00190	0.00839	0.00426	0.00396	0.00882
21	0.01017	0.00801	0.00941	0.01003	0.01201	0.00751	0.00787	0.01360	0.05964	0.02108	0.07778	0.18045	0.34262	0.01891	0.00903	0.00278	0.00473	0.19094	0.00682	0.00663
22	0.01862	0.01772	0.08423	0.07120	0.13857	0.04078	0.01452	0.10422	0.01832	0.06988	0.01459	0.01677	0.01129	0.00659	0.00638	0.00172	0.00744	0.00543	0.00465	0.34709
23	0.02157	0.02196	0.03154	0.02824	0.16333	0.16480	0.28873	0.10072	0.01996	0.06549	0.01492	0.01798	0.01135	0.00696	0.00765	0.00223	0.01086	0.00703	0.00441	0.01030
24	0.30428	0.02722	0.01702	0.01542	0.01944	0.46335	0.01182	0.02627	0.01763	0.02313	0.01083	0.01264	0.00883	0.00722	0.00581	0.00201	0.01041	0.00441	0.00402	0.00823
25	0.12479	0.19304	0.02237	0.01347	0.01866	0.01689	0.05348	0.06505	0.04404	0.25337	0.08324	0.02383	0.01946	0.00877	0.00659	0.00214	0.00674	0.02765	0.00629	0.01013
26	0.79588	0.01406	0.01068	0.00956	0.01406	0.01631	0.00787	0.02137	0.01237	0.03261	0.01012	0.01181	0.00787	0.00675	0.00450	0.00225	0.00562	0.00394	0.00450	0.00787
27	0.01007	0.00742	0.00942	0.00892	0.01073	0.00677	0.00669	0.01330	0.02007	0.02795	0.61724	0.05627	0.14745	0.01531	0.00858	0.00231	0.00346	0.01342	0.00784	0.00677
28	0.01088	0.00729	0.00877	0.00872	0.01047	0.00682	0.00664	0.01396	0.01807	0.02615	0.35661	0.08350	0.14547	0.01464	0.00789	0.00229	0.00377	0.06633	0.19506	0.00668
29	0.00985	0.00741	0.00912	0.00869	0.01059	0.00667	0.00652	0.01288	0.01955	0.02672	0.53643	0.05830	0.22904	0.01577	0.00858	0.00233	0.00349	0.01371	0.00768	0.00667
30	0.01047	0.00709	0.00931	0.01040	0.01135	0.00708	0.00772	0.01254	0.01414	0.01979	0.03339	0.34457	0.03703	0.09074	0.09959	0.00434	0.00683	0.15796	0.10953	0.00613

[dist]
# distance from previous block
# <min> <max>
2	4

[block]
# block no. 4 follows, 28 sequences, length 31
# corresponding to MSA columns:
# 232-262
name=unknown_E
#
# <colnr> <probs for GDERKNQSTAVLIFYWHMCP>
#	G	D	E	R	K	N	Q	S	T	A	V	L	I	F	Y	W	H	M	C	P
0	0.02070	0.46507	0.12998	0.01523	0.02147	0.20141	0.01492	0.02379	0.01633	0.01813	0.01082	0.01256	0.00932	0.00664	0.00547	0.00174	0.00956	0.00430	0.00327	0.00930
1	0.01314	0.01171	0.01118	0.01133	0.01319	0.10045	0.00817	0.08177	0.01747	0.02152	0.04123	0.42424	0.18004	0.01837	0.00856	0.00262	0.00566	0.01595	0.00641	0.00696
2	0.01507	0.01292	0.01507	0.01077	0.01723	0.00969	0.00861	0.01830	0.01507	0.02369	0.01292	0.01507	0.01077	0.00538	0.00538	0.00108	0.00538	0.00431	0.00431	0.78898
3	0.00888	0.00662	0.00826	0.00944	0.01040	0.00601	0.00648	0.01039	0.01489	0.01939	0.08395	0.54944	0.19672	0.02134	0.00908	0.00280	0.00405	0.01904	0.00682	0.00601
4	0.79588	0.01406	0.01068	0.00956	0.01406	0.01631	0.00787	0.02137	0.01237	0.03261	0.01012	0.01181	0.00787	0.00675	0.00450	0.00225	0.00562	0.00394	0.00450	0.00787
5	0.01057	0.00705	0.00793	0.00793	0.00793	0.00705	0.00440	0.01057	0.01057	0.01409	0.02290	0.04757	0.02643	0.74454	0.03700	0.00705	0.00705	0.01057	0.00440	0.00440
6	0.79588	0.01406	0.01068	0.00956	0.01406	0.01631	0.00787	0.02137	0.01237	0.03261	0.01012	0.01181	0.00787	0.00675	0.00450	0.00225	0.00562	0.00394	0.00450	0.00787
7	0.01061	0.00849	0.00965	0.00928	0.01162	0.00804	0.00709	0.01554	0.10353	0.02492	0.31593	0.05873	0.33056	0.01597	0.00849	0.00243	0.00397	0.04069	0.00733	0.00713
8	0.02192	0.01520	0.01700	0.01439	0.01866	0.01646	0.01137	0.26351	0.23506	0.12878	0.02695	0.15177	0.02271	0.01166	0.00768	0.00242	0.00635	0.00973	0.00746	0.01093
9	0.02624	0.01368	0.01640	0.01300	0.01802	0.01329	0.01060	0.19353	0.06024	0.37694	0.03394	0.03113	0.13847	0.01066	0.00753	0.00228	0.00617	0.00861	0.00807	0.01120
10	0.01659	0.01585	0.02698	0.26809	0.48663	0.01690	0.02161	0.02109	0.01589	0.02205	0.01343	0.01845	0.01092	0.00674	0.00722	0.00225	0.00898	0.00647	0.00348	0.01039
11	0.06119	0.02134	0.02031	0.01616	0.02151	0.14462	0.01309	0.42631	0.02862	0.14815	0.01786	0.01763	0.01256	0.00846	0.00703	0.00214	0.00852	0.00622	0.00680	0.01147
12	0.02026	0.01670	0.01767	0.01523	0.01973	0.01910	0.01203	0.18401	0.53713	0.03393	0.02681	0.02491	0.01994	0.00960	0.00737	0.00240	0.00627	0.00784	0.00737	0.01170
13	0.02114	0.02177	0.20189	0.02164	0.02908	0.01568	0.26351	0.06291	0.01879	0.21397	0.04300	0.02109	0.01466	0.00759	0.00773	0.00234	0.00962	0.00746	0.00536	0.01079
14	0.02069	0.40423	0.18491	0.01542	0.02226	0.11905	0.01587	0.05545	0.01705	0.06672	0.01255	0.01386	0.01004	0.00686	0.00574	0.00185	0.00908	0.00469	0.00379	0.00988
15	0.00931	0.00720	0.00857	0.00929	0.01093	0.00647	0.00696	0.01135	0.01616	0.02053	0.11747	0.27742	0.33725	0.01967	0.00902	0.00273	0.00428	0.11232	0.00686	0.00622
16	0.01641	0.01701	0.05866	0.17335	0.35446	0.01837	0.02038	0.02030	0.01464	0.02100	0.01238	0.01758	0.01051	0.00833	0.01167	0.00249	0.20286	0.00639	0.00339	0.00983
17	0.06982	0.01810	0.01605	0.01529	0.05033	0.19644	0.01115	0.04770	0.14514	0.13986	0.02820	0.11897	0.08984	0.01128	0.00734	0.00230	0.00754	0.00910	0.00619	0.00936
18	0.02573	0.01305	0.01619	0.01327	0.01772	0.01268	0.01058	0.19780	0.02271	0.37001	0.02840	0.19065	0.02357	0.01216	0.00776	0.00240	0.00620	0.01024	0.00801	0.01085
19	0.01774	0.25245	0.02200	0.01321	0.01704	0.17582	0.01079	0.04290	0.01642	0.01927	0.01944	0.20893	0.02047	0.01364	0.04582	0.00254	0.00847	0.00892	0.00453	0.07960
20	0.01640	0.01279	0.01453	0.01183	0.01651	0.01208	0.00932	0.06457	0.19764	0.06573	0.13183	0.02939	0.07526	0.00949	0.00690	0.00188	0.00525	0.00791	0.00636	0.30433
21	0.01640	0.17880	0.40721	0.01762	0.02588	0.01961	0.02029	0.02643	0.17265	0.02354	0.01632	0.01735	0.01228	0.00746	0.00656	0.00219	0.00896	0.00573	0.00409	0.01063
22	0.02459	0.37383	0.02741	0.01318	0.01886	0.05981	0.01180	0.02867	0.07624	0.27069	0.01870	0.01790	0.01364	0.00763	0.00598	0.00191	0.00731	0.00557	0.00568	0.01059
23	0.00995	0.00835	0.00877	0.00850	0.01104	0.00765	0.00642	0.01423	0.09615	0.02227	0.15761	0.06266	0.52668	0.01689	0.00845	0.00243	0.00389	0.01419	0.00701	0.00687
24	0.02346	0.01176	0.01482	0.01204	0.01630	0.01107	0.00968	0.10920	0.04632	0.35658	0.22809	0.03523	0.07063	0.01127	0.00776	0.00227	0.00544	0.00943	0.00830	0.01035
25	0.00992	0.00712	0.00909	0.00915	0.01037	0.00663	0.00647	0.01234	0.01758	0.02437	0.43129	0.21495	0.08317	0.10987	0.01236	0.00306	0.00409	0.01467	0.00720	0.00629
26	0.00963	0.00752	0.00937	0.00937	0.01102	0.00757	0.00699	0.01159	0.01368	0.01775	0.04344	0.04878	0.31414	0.11905	0.32915	0.00713	0.01116	0.01140	0.00520	0.00609
27	0.01701	0.01774	0.02210	0.01905	0.01942	0.09031	0.01572	0.01863	0.01206	0.01752	0.00971	0.01563	0.00952	0.01221	0.02216	0.00305	0.66073	0.00620	0.00324	0.00800
28	0.01603	0.01742	0.03559	0.02614	0.03176	0.01725	0.49524	0.02120	0.01687	0.02337	0.10994	0.02402	0.01895	0.00820	0.01053	0.00252	0.10266	0.00894	0.00422	0.00915
29	0.10782	0.01369	0.01632	0.01309	0.01815	0.01356	0.01066	0.10873	0.12251	0.41385	0.06549	0.02467	0.01994	0.00921	0.00710	0.00228	0.00611	0.00736	0.00802	0.01144
30	0.01878	0.70450	0.03625	0.01213	0.01813	0.02741	0.01202	0.02109	0.01488	0.01725	0.01391	0.01515	0.05047	0.00695	0.00490	0.00161	0.00753	0.00457	0.00333	0.00914

[dist]
# distance from previous block
# <min> <max>
0	1

[block]
# block no. 5 follows, 28 sequences, length 6
# corresponding to MSA columns:
# 264-269
name=unknown_F
#
# <colnr> <probs for GDERKNQSTAVLIFYWHMCP>
#	G	D	E	R	K	N	Q	S	T	A	V	L	I	F	Y	W	H	M	C	P
0	0.01004	0.00813	0.00901	0.00866	0.01100	0.00747	0.00653	0.01413	0.07840	0.02394	0.28756	0.06060	0.41543	0.01639	0.00848	0.00240	0.00378	0.01393	0.00725	0.00687
1	0.55183	0.01606	0.01422	0.01184	0.01675	0.01829	0.00976	0.22900	0.01930	0.03681	0.01245	0.01360	0.00930	0.00738	0.00538	0.00223	0.00638	0.00476	0.00538	0.00930
2	0.01577	0.02947	0.43901	0.02818	0.24263	0.01742	0.02457	0.02237	0.01541	0.02283	0.01297	0.01623	0.00997	0.00722	0.00830	0.00232	0.06551	0.00580	0.00325	0.01077
3	0.01280	0.01080	0.01734	0.02215	0.23098	0.01169	0.01329	0.01594	0.01323	0.01906	0.01763	0.02520	0.01606	0.03926	0.49064	0.00866	0.01603	0.00737	0.00380	0.00809
4	0.00886	0.00633	0.00843	0.01012	0.01054	0.00590	0.00675	0.01012	0.01392	0.01856	0.04006	0.73979	0.04808	0.02277	0.00928	0.00295	0.00422	0.02066	0.00675	0.00590
5	0.01367	0.01097	0.01703	0.49824	0.03685	0.01317	0.01539	0.01805	0.01476	0.02128	0.01635	0.02183	0.01253	0.00765	0.00657	0.00219	0.00769	0.00656	0.25155	0.00766

[dist]
# distance from previous block
# <min> <max>
0	6

# created by:
# /home/berkeley/.conda/envs/busco_data_prod/bin/msa2prfl.pl pipeline/OGs_align_augustus/5794/68713.fs
