[name]
unknown

[dist]
# distance from previous block
# <min> <max>
0	297

[block]
# block no. 0 follows, 29 sequences, length 108
# corresponding to MSA columns:
# 339-431,433-447
name=unknown_A
#
# <colnr> <probs for GDERKNQSTAVLIFYWHMCP>
#	G	D	E	R	K	N	Q	S	T	A	V	L	I	F	Y	W	H	M	C	P
0	0.33954	0.01377	0.01486	0.01467	0.07957	0.01494	0.01071	0.10667	0.07466	0.11870	0.01807	0.02323	0.01469	0.00971	0.00746	0.04676	0.00630	0.07098	0.00563	0.00910
1	0.01831	0.16568	0.02301	0.05191	0.13780	0.01782	0.01313	0.15326	0.07710	0.02710	0.08370	0.02011	0.01729	0.00767	0.00637	0.00185	0.00685	0.00624	0.00501	0.15978
2	0.18860	0.01351	0.01566	0.19671	0.05363	0.06146	0.01250	0.05708	0.01677	0.08821	0.08856	0.05102	0.05039	0.01006	0.00697	0.00234	0.00708	0.06591	0.00527	0.00827
3	0.02166	0.01785	0.09097	0.01746	0.02259	0.03637	0.10901	0.19406	0.02139	0.17480	0.04675	0.02832	0.01845	0.01007	0.00901	0.00243	0.06842	0.09413	0.00609	0.01017
4	0.01436	0.01225	0.01787	0.21509	0.18094	0.03469	0.01436	0.03786	0.01567	0.05271	0.02644	0.14848	0.10762	0.01523	0.07198	0.00319	0.00834	0.00992	0.00474	0.00827
5	0.01669	0.01905	0.13597	0.21890	0.19718	0.04666	0.01862	0.10905	0.04357	0.02414	0.01668	0.09071	0.01443	0.00869	0.00722	0.00229	0.00865	0.00756	0.00428	0.00966
6	0.01493	0.01325	0.01620	0.01221	0.01725	0.01200	0.00989	0.01777	0.01398	0.02197	0.01198	0.01493	0.01030	0.00674	0.00896	0.00147	0.15439	0.00463	0.00399	0.63315
7	0.01959	0.02012	0.13337	0.12435	0.11857	0.01845	0.04596	0.26980	0.05980	0.03021	0.01577	0.01906	0.01215	0.04274	0.00911	0.00248	0.03648	0.00656	0.00498	0.01045
8	0.01098	0.00760	0.00853	0.00825	0.01066	0.00652	0.00620	0.01302	0.01688	0.08851	0.14488	0.13016	0.48790	0.01711	0.00836	0.00241	0.00387	0.01450	0.00699	0.00668
9	0.01467	0.15314	0.41172	0.01930	0.09304	0.01692	0.02014	0.02062	0.01573	0.02221	0.09850	0.02166	0.04688	0.00805	0.00669	0.00212	0.00864	0.00647	0.00381	0.00970
10	0.01119	0.00772	0.00872	0.00819	0.01073	0.00663	0.00624	0.01348	0.01762	0.09096	0.22355	0.06028	0.47638	0.01625	0.00829	0.00234	0.00379	0.01371	0.00714	0.00680
11	0.01569	0.01385	0.01887	0.02077	0.17791	0.01474	0.05015	0.02704	0.32527	0.02756	0.19593	0.03085	0.03026	0.00993	0.00756	0.00230	0.00607	0.00890	0.00632	0.01002
12	0.01928	0.10158	0.27716	0.02328	0.15736	0.01951	0.05098	0.21499	0.02068	0.02863	0.01394	0.01596	0.01046	0.00710	0.00677	0.00212	0.00911	0.00580	0.00434	0.01095
13	0.00908	0.00664	0.00845	0.00924	0.01022	0.00610	0.00640	0.01091	0.01556	0.02090	0.21873	0.45036	0.13311	0.04754	0.00986	0.00281	0.00397	0.01726	0.00685	0.00600
14	0.02169	0.01721	0.01934	0.10886	0.02422	0.01958	0.01347	0.34727	0.28484	0.03559	0.02110	0.02099	0.01548	0.00879	0.00717	0.00227	0.00720	0.00703	0.00666	0.01124
15	0.01706	0.04710	0.02308	0.02255	0.20139	0.01490	0.09468	0.10270	0.04777	0.02585	0.04813	0.05960	0.01612	0.00768	0.00677	0.00187	0.00722	0.00702	0.00471	0.24381
16	0.02168	0.25545	0.09540	0.01627	0.02166	0.26444	0.03492	0.10749	0.04549	0.02181	0.01277	0.01456	0.01044	0.00912	0.03757	0.00228	0.01031	0.00503	0.00399	0.00932
17	0.01688	0.01786	0.13211	0.17868	0.20430	0.01556	0.01790	0.10934	0.04980	0.05470	0.04392	0.09257	0.01714	0.00906	0.00730	0.00230	0.00807	0.00794	0.00472	0.00985
18	0.01092	0.00845	0.01029	0.01071	0.01283	0.00822	0.00875	0.01545	0.08492	0.02281	0.16522	0.06649	0.24654	0.01726	0.00888	0.00274	0.00499	0.28079	0.00687	0.00689
19	0.01690	0.11468	0.13258	0.11881	0.19966	0.01780	0.03721	0.09110	0.08010	0.02463	0.05690	0.02148	0.04186	0.00795	0.00689	0.00215	0.00810	0.00679	0.00443	0.01000
20	0.01036	0.00690	0.00777	0.00777	0.00777	0.00690	0.00431	0.01036	0.01036	0.01381	0.02244	0.04660	0.02589	0.74975	0.03624	0.00690	0.00690	0.01036	0.00431	0.00431
21	0.01221	0.00987	0.01064	0.00993	0.01268	0.00982	0.00757	0.08305	0.14066	0.02486	0.13888	0.11473	0.36699	0.01549	0.00813	0.00240	0.00441	0.01309	0.00694	0.00765
22	0.00896	0.00640	0.00859	0.01024	0.01077	0.00603	0.00710	0.01040	0.01391	0.01849	0.03909	0.67833	0.04648	0.02204	0.00916	0.00293	0.00437	0.08424	0.00660	0.00586
23	0.01538	0.01550	0.12968	0.01408	0.01736	0.01333	0.01255	0.13044	0.01671	0.06164	0.02232	0.20665	0.02246	0.09177	0.09237	0.00401	0.11006	0.01030	0.00520	0.00821
24	0.02665	0.03253	0.02030	0.01815	0.02202	0.65094	0.01374	0.09404	0.02151	0.02018	0.01162	0.01327	0.00947	0.00746	0.00649	0.00186	0.01234	0.00477	0.00402	0.00864
25	0.02189	0.01479	0.01623	0.01338	0.01770	0.01602	0.01074	0.27786	0.20772	0.11980	0.06120	0.02416	0.01953	0.00918	0.00688	0.00215	0.00602	0.00735	0.13673	0.01067
26	0.02058	0.60723	0.03382	0.01344	0.01904	0.16945	0.01250	0.02277	0.01563	0.01689	0.01013	0.01171	0.00914	0.00635	0.00495	0.00159	0.00868	0.00397	0.00317	0.00896
27	0.01103	0.00843	0.01036	0.00998	0.01189	0.00841	0.00746	0.01667	0.12663	0.02632	0.43991	0.14138	0.09077	0.01669	0.03920	0.00276	0.00452	0.01298	0.00734	0.00727
28	0.13222	0.01782	0.01898	0.01483	0.02025	0.01946	0.01222	0.47326	0.05980	0.13329	0.01818	0.01777	0.01272	0.00837	0.00677	0.00217	0.00717	0.00624	0.00699	0.01147
29	0.01180	0.00921	0.01097	0.01122	0.01329	0.00943	0.00882	0.01824	0.16895	0.02308	0.13086	0.13722	0.14941	0.05779	0.01022	0.00296	0.00517	0.20725	0.00678	0.00734
30	0.03195	0.01212	0.01652	0.01267	0.01818	0.01047	0.01047	0.03470	0.02038	0.71026	0.02809	0.02424	0.01763	0.00881	0.00716	0.00220	0.00606	0.00716	0.00881	0.01212
31	0.02660	0.03394	0.02018	0.01834	0.02201	0.72116	0.01376	0.02843	0.02018	0.01743	0.01101	0.01284	0.00917	0.00734	0.00642	0.00183	0.01284	0.00459	0.00367	0.00825
32	0.07623	0.01295	0.01629	0.01286	0.01811	0.01223	0.01053	0.05972	0.11044	0.55199	0.02668	0.02350	0.01736	0.00878	0.00700	0.00223	0.00604	0.00705	0.00827	0.01174
33	0.00877	0.00659	0.00816	0.00936	0.01039	0.00599	0.00656	0.01028	0.01450	0.01865	0.04816	0.52117	0.22623	0.02098	0.00895	0.00278	0.00413	0.05584	0.00661	0.00589
34	0.01345	0.01266	0.02136	0.73264	0.04904	0.01582	0.01978	0.01819	0.01424	0.01819	0.01266	0.01898	0.00949	0.00712	0.00712	0.00237	0.00949	0.00633	0.00316	0.00791
35	0.01345	0.01266	0.02136	0.73264	0.04904	0.01582	0.01978	0.01819	0.01424	0.01819	0.01266	0.01898	0.00949	0.00712	0.00712	0.00237	0.00949	0.00633	0.00316	0.00791
36	0.00870	0.00722	0.00761	0.00752	0.00979	0.00613	0.00564	0.01078	0.01691	0.02085	0.18132	0.06587	0.59225	0.01743	0.00841	0.00238	0.00356	0.01466	0.00683	0.00613
37	0.01053	0.00789	0.01016	0.01130	0.01317	0.00752	0.00961	0.01336	0.01634	0.02067	0.04829	0.07670	0.24432	0.01917	0.00940	0.00301	0.00565	0.45993	0.00657	0.00639
38	0.00860	0.00651	0.00794	0.00908	0.01011	0.00585	0.00624	0.01001	0.01444	0.01850	0.04941	0.53597	0.24967	0.02099	0.00888	0.00274	0.00397	0.01863	0.00661	0.00585
39	0.02919	0.01655	0.01927	0.01477	0.02039	0.01704	0.01220	0.40094	0.02780	0.33355	0.02187	0.02019	0.01450	0.00866	0.00714	0.00217	0.00706	0.00674	0.00786	0.01211
40	0.01428	0.03683	0.71286	0.02030	0.03082	0.01654	0.02631	0.02255	0.01503	0.02255	0.01278	0.01503	0.00902	0.00677	0.00677	0.00226	0.01052	0.00526	0.00301	0.01052
41	0.00914	0.00724	0.00821	0.00797	0.01006	0.00632	0.00598	0.01161	0.01793	0.02328	0.34496	0.06188	0.42709	0.01653	0.00841	0.00233	0.00350	0.01410	0.00714	0.00632
42	0.01477	0.01266	0.01477	0.01055	0.01687	0.00949	0.00844	0.01793	0.01477	0.02320	0.01266	0.01477	0.01055	0.00527	0.00527	0.00105	0.00527	0.00422	0.00422	0.79328
43	0.02044	0.01580	0.01690	0.01446	0.01885	0.01782	0.01146	0.18622	0.47136	0.06973	0.02590	0.02424	0.01912	0.00929	0.00711	0.00230	0.00606	0.00756	0.04410	0.01129
44	0.00868	0.00620	0.00826	0.00991	0.01033	0.00578	0.00661	0.00991	0.01363	0.01818	0.03925	0.74510	0.04710	0.02231	0.00909	0.00289	0.00413	0.02024	0.00661	0.00578
45	0.03195	0.01212	0.01652	0.01267	0.01818	0.01047	0.01047	0.03470	0.02038	0.71026	0.02809	0.02424	0.01763	0.00881	0.00716	0.00220	0.00606	0.00716	0.00881	0.01212
46	0.00853	0.00722	0.00737	0.00733	0.00969	0.00606	0.00550	0.01044	0.01650	0.01987	0.11501	0.06748	0.65917	0.01780	0.00841	0.00239	0.00359	0.01488	0.00670	0.00606
47	0.01760	0.53751	0.24126	0.01463	0.02206	0.02466	0.01645	0.02169	0.01464	0.01850	0.01077	0.01251	0.00910	0.00630	0.00523	0.00174	0.00849	0.00425	0.00303	0.00956
48	0.00897	0.00677	0.00829	0.00889	0.01020	0.00609	0.00629	0.01092	0.01609	0.02119	0.22175	0.36910	0.24149	0.01905	0.00871	0.00258	0.00378	0.01681	0.00693	0.00609
49	0.01008	0.00728	0.00952	0.00896	0.01064	0.00672	0.00672	0.01344	0.02016	0.02855	0.70158	0.05319	0.06719	0.01456	0.00840	0.00224	0.00336	0.01288	0.00784	0.00672
50	0.01952	0.01910	0.01693	0.01528	0.01923	0.16112	0.01178	0.03592	0.55541	0.02727	0.02532	0.02377	0.01918	0.00919	0.00708	0.00230	0.00710	0.00734	0.00652	0.01066
51	0.00978	0.00725	0.00918	0.00916	0.01083	0.00665	0.00695	0.01265	0.01844	0.02517	0.45941	0.12805	0.17373	0.01645	0.00861	0.00244	0.00380	0.07759	0.00737	0.00649
52	0.00995	0.01006	0.08038	0.01127	0.01335	0.00828	0.00945	0.01266	0.01358	0.01878	0.07996	0.24903	0.09695	0.03298	0.31183	0.00637	0.01102	0.01232	0.00515	0.00660
53	0.01535	0.15858	0.52913	0.01987	0.02930	0.01869	0.08949	0.02236	0.01511	0.02158	0.01245	0.01483	0.00922	0.00657	0.00655	0.00214	0.01017	0.00533	0.00307	0.01019
54	0.02660	0.03394	0.02018	0.01834	0.02201	0.72116	0.01376	0.02843	0.02018	0.01743	0.01101	0.01284	0.00917	0.00734	0.00642	0.00183	0.01284	0.00459	0.00367	0.00825
55	0.01913	0.05073	0.01786	0.01466	0.01902	0.01884	0.01164	0.13009	0.56534	0.03135	0.02637	0.02449	0.01975	0.00933	0.00710	0.00233	0.00605	0.00761	0.00703	0.01129
56	0.02663	0.01973	0.02112	0.01629	0.02191	0.02188	0.01343	0.65130	0.06449	0.04417	0.01766	0.01754	0.01256	0.00860	0.00713	0.00215	0.00773	0.00649	0.00713	0.01207
57	0.01334	0.00935	0.01162	0.00967	0.01316	0.00786	0.00750	0.01650	0.01829	0.08595	0.39512	0.03969	0.08112	0.01139	0.00733	0.00188	0.00420	0.00983	0.00674	0.24945
58	0.00911	0.00638	0.00813	0.00936	0.00966	0.00607	0.00601	0.01003	0.01278	0.01704	0.03487	0.56343	0.04158	0.21151	0.01615	0.00394	0.00485	0.01767	0.00601	0.00540
59	0.01558	0.01558	0.02181	0.01869	0.01869	0.02181	0.01558	0.01714	0.01091	0.01714	0.00935	0.01558	0.00935	0.01246	0.02337	0.00312	0.73672	0.00623	0.00312	0.00779
60	0.01904	0.75404	0.03731	0.01218	0.01828	0.02818	0.01218	0.02132	0.01447	0.01675	0.00990	0.01142	0.00914	0.00609	0.00457	0.00152	0.00761	0.00381	0.00305	0.00914
61	0.01428	0.03683	0.71286	0.02030	0.03082	0.01654	0.02631	0.02255	0.01503	0.02255	0.01278	0.01503	0.00902	0.00677	0.00677	0.00226	0.01052	0.00526	0.00301	0.01052
62	0.01027	0.00725	0.00953	0.00953	0.01014	0.00786	0.00651	0.01149	0.01088	0.01511	0.02082	0.03767	0.02201	0.41592	0.36477	0.00908	0.01274	0.00905	0.00407	0.00529
63	0.00849	0.00693	0.00751	0.00798	0.00982	0.00595	0.00575	0.01013	0.01550	0.01894	0.06286	0.25929	0.51766	0.01924	0.00861	0.00254	0.00375	0.01650	0.00661	0.00595
64	0.02524	0.01280	0.01577	0.01251	0.01708	0.01241	0.01017	0.19201	0.02332	0.36657	0.16137	0.02843	0.02631	0.00988	0.00728	0.00216	0.00581	0.00810	0.05207	0.01072
65	0.01558	0.01558	0.02181	0.01869	0.01869	0.02181	0.01558	0.01714	0.01091	0.01714	0.00935	0.01558	0.00935	0.01246	0.02337	0.00312	0.73672	0.00623	0.00312	0.00779
66	0.01345	0.01266	0.02136	0.73264	0.04904	0.01582	0.01978	0.01819	0.01424	0.01819	0.01266	0.01898	0.00949	0.00712	0.00712	0.00237	0.00949	0.00633	0.00316	0.00791
67	0.00976	0.00667	0.00880	0.01014	0.01099	0.00620	0.00714	0.01129	0.01432	0.04299	0.04094	0.60797	0.09010	0.02128	0.00905	0.00287	0.00440	0.08230	0.00668	0.00610
68	0.80005	0.01377	0.01047	0.00936	0.01377	0.01597	0.00771	0.02093	0.01212	0.03195	0.00991	0.01157	0.00771	0.00661	0.00441	0.00220	0.00551	0.00386	0.00441	0.00771
69	0.00868	0.00620	0.00826	0.00991	0.01033	0.00578	0.00661	0.00991	0.01363	0.01818	0.03925	0.74510	0.04710	0.02231	0.00909	0.00289	0.00413	0.02024	0.00661	0.00578
70	0.00858	0.00656	0.00789	0.00895	0.01007	0.00587	0.00618	0.01002	0.01456	0.01856	0.05105	0.50237	0.28221	0.02077	0.00885	0.00272	0.00394	0.01837	0.00661	0.00587
71	0.01477	0.01266	0.01477	0.01055	0.01687	0.00949	0.00844	0.01793	0.01477	0.02320	0.01266	0.01477	0.01055	0.00527	0.00527	0.00105	0.00527	0.00422	0.00422	0.79328
72	0.00844	0.00711	0.00732	0.00748	0.00969	0.00599	0.00553	0.01019	0.01597	0.01913	0.06889	0.13529	0.63778	0.01846	0.00848	0.00245	0.00366	0.01554	0.00661	0.00599
73	0.01885	0.72585	0.06386	0.01250	0.01877	0.02772	0.01274	0.02137	0.01449	0.01698	0.01001	0.01156	0.00913	0.00612	0.00466	0.00155	0.00773	0.00386	0.00304	0.00919
74	0.02707	0.01995	0.02137	0.01638	0.02208	0.02208	0.01353	0.68159	0.03348	0.04488	0.01710	0.01710	0.01211	0.00855	0.00712	0.00214	0.00784	0.00641	0.00712	0.01211
75	0.01593	0.01426	0.01977	0.37748	0.07813	0.01688	0.01632	0.05224	0.28215	0.02413	0.01931	0.02181	0.01453	0.00813	0.00716	0.00236	0.00784	0.00701	0.00495	0.00961
76	0.02048	0.14862	0.02272	0.13689	0.02510	0.33673	0.03916	0.04867	0.01782	0.01891	0.01510	0.09189	0.01417	0.00896	0.00669	0.00205	0.01009	0.02372	0.00399	0.00825
77	0.01503	0.00849	0.01044	0.00925	0.01218	0.00741	0.00718	0.01765	0.01874	0.19879	0.29404	0.05156	0.29264	0.01440	0.00809	0.00229	0.00414	0.01223	0.00763	0.00783
78	0.02073	0.01951	0.09165	0.21522	0.16904	0.08748	0.01785	0.15807	0.02000	0.10898	0.01543	0.01794	0.01130	0.00745	0.00701	0.00219	0.00897	0.00617	0.00477	0.01026
79	0.02074	0.15500	0.29892	0.01737	0.02472	0.13274	0.01829	0.17213	0.02015	0.05606	0.01364	0.01493	0.01014	0.00723	0.00643	0.00203	0.00959	0.00525	0.00430	0.01035
80	0.01030	0.00713	0.00891	0.00891	0.00931	0.00753	0.00575	0.01109	0.01069	0.01466	0.02139	0.04078	0.02336	0.53237	0.25017	0.00832	0.01070	0.00950	0.00416	0.00495
81	0.01674	0.02928	0.36963	0.02033	0.09322	0.17592	0.01976	0.02232	0.01717	0.02244	0.12632	0.02110	0.01890	0.00814	0.00699	0.00214	0.00966	0.00648	0.00401	0.00945
82	0.01300	0.01154	0.01066	0.01035	0.01125	0.12545	0.00692	0.01388	0.01223	0.01503	0.01978	0.03677	0.02128	0.46824	0.18756	0.00710	0.01066	0.00878	0.00409	0.00543
83	0.01417	0.01339	0.02266	0.61399	0.16207	0.01601	0.02013	0.01882	0.01458	0.01907	0.01278	0.01875	0.00980	0.00699	0.00711	0.00233	0.00931	0.00633	0.00323	0.00849
84	0.01697	0.44153	0.33166	0.01572	0.02374	0.02310	0.01834	0.02186	0.01471	0.01928	0.01115	0.01300	0.00909	0.00639	0.00553	0.00184	0.00888	0.00444	0.00303	0.00974
85	0.01598	0.13843	0.06696	0.23587	0.26461	0.01806	0.08529	0.02031	0.01523	0.02040	0.01379	0.04852	0.01178	0.00721	0.00687	0.00216	0.00891	0.00667	0.00345	0.00949
86	0.01327	0.00664	0.00664	0.00664	0.00830	0.00664	0.00498	0.01659	0.01493	0.02655	0.02323	0.02655	0.01825	0.00830	0.00498	0.00166	0.00332	0.00664	0.78928	0.00664
87	0.04814	0.16895	0.13473	0.02273	0.16295	0.07890	0.10279	0.05378	0.04319	0.02289	0.01311	0.01558	0.01050	0.00654	0.00636	0.00194	0.00887	0.00555	0.00379	0.08871
88	0.01327	0.00664	0.00664	0.00664	0.00830	0.00664	0.00498	0.01659	0.01493	0.02655	0.02323	0.02655	0.01825	0.00830	0.00498	0.00166	0.00332	0.00664	0.78928	0.00664
89	0.02215	0.01658	0.02423	0.05315	0.13413	0.01713	0.12897	0.22229	0.09219	0.14358	0.02005	0.02334	0.01517	0.00848	0.00750	0.00229	0.00813	0.04363	0.00603	0.01097
90	0.01756	0.36860	0.28832	0.01561	0.02306	0.02210	0.01745	0.08762	0.01642	0.02175	0.01222	0.01428	0.00988	0.00925	0.04596	0.00242	0.00938	0.00483	0.00348	0.00980
91	0.01633	0.01563	0.02385	0.14898	0.23222	0.01825	0.05464	0.02328	0.15236	0.02207	0.01543	0.01923	0.01256	0.00876	0.01151	0.00250	0.20182	0.00678	0.00412	0.00968
92	0.01327	0.00664	0.00664	0.00664	0.00830	0.00664	0.00498	0.01659	0.01493	0.02655	0.02323	0.02655	0.01825	0.00830	0.00498	0.00166	0.00332	0.00664	0.78928	0.00664
93	0.02381	0.05096	0.01958	0.01551	0.04354	0.11359	0.01212	0.31076	0.02498	0.12152	0.08548	0.02056	0.01761	0.00845	0.00683	0.00196	0.00755	0.00653	0.00630	0.10237
94	0.01603	0.01530	0.02603	0.30600	0.45547	0.01650	0.02106	0.02046	0.01546	0.02133	0.01311	0.01814	0.01060	0.00664	0.00708	0.00221	0.00885	0.00634	0.00339	0.01000
95	0.01327	0.00664	0.00664	0.00664	0.00830	0.00664	0.00498	0.01659	0.01493	0.02655	0.02323	0.02655	0.01825	0.00830	0.00498	0.00166	0.00332	0.00664	0.78928	0.00664
96	0.02062	0.01638	0.01735	0.01469	0.01915	0.01856	0.01168	0.25395	0.43193	0.03470	0.02465	0.02337	0.01829	0.00921	0.00708	0.00228	0.00625	0.00742	0.05117	0.01129
97	0.00964	0.00726	0.00891	0.00850	0.01037	0.00653	0.00638	0.01259	0.01913	0.02611	0.53651	0.05721	0.23378	0.01547	0.00840	0.00228	0.00342	0.01344	0.00752	0.00653
98	0.01665	0.22307	0.21252	0.02167	0.02880	0.02072	0.27122	0.02184	0.01520	0.02060	0.01232	0.01570	0.00976	0.00679	0.00825	0.00219	0.07375	0.00615	0.00325	0.00956
99	0.01020	0.00752	0.01087	0.01087	0.01194	0.00859	0.00818	0.01235	0.01127	0.01610	0.01960	0.03089	0.01907	0.16250	0.61417	0.01073	0.01717	0.00806	0.00389	0.00604
100	0.01979	0.01364	0.01488	0.01301	0.01671	0.04647	0.01022	0.15503	0.17194	0.15954	0.03198	0.14239	0.09880	0.01397	0.03289	0.00271	0.00654	0.03277	0.00704	0.00968
101	0.00863	0.00636	0.00809	0.00948	0.01021	0.00582	0.00642	0.00996	0.01405	0.01835	0.04453	0.63648	0.15231	0.02162	0.00898	0.00281	0.00405	0.01941	0.00661	0.00582
102	0.01820	0.57162	0.11325	0.01557	0.02232	0.02546	0.10683	0.02167	0.01486	0.01824	0.01085	0.01291	0.00936	0.00615	0.00535	0.00173	0.00855	0.00461	0.00312	0.00936
103	0.00980	0.00723	0.00916	0.00876	0.01049	0.00659	0.00654	0.01287	0.01937	0.02689	0.59080	0.08174	0.15265	0.01533	0.00843	0.00229	0.00342	0.01345	0.00763	0.00659
104	0.01697	0.01456	0.02050	0.02381	0.24031	0.01526	0.04320	0.10943	0.17959	0.02828	0.13384	0.03192	0.02607	0.01010	0.00767	0.00234	0.00683	0.07333	0.00590	0.01008
105	0.01388	0.00722	0.00729	0.00707	0.00890	0.00732	0.00535	0.04589	0.01575	0.02735	0.02296	0.02613	0.01798	0.00831	0.00507	0.00168	0.00352	0.00663	0.75482	0.00688
106	0.01884	0.15135	0.18672	0.02030	0.07197	0.18641	0.09589	0.02485	0.08636	0.02097	0.01466	0.01834	0.01202	0.00763	0.00715	0.00212	0.02979	0.03125	0.00386	0.00954
107	0.27292	0.14606	0.05315	0.03602	0.02024	0.20491	0.04131	0.04385	0.05405	0.02423	0.01200	0.01373	0.00961	0.00689	0.00561	0.00198	0.00852	0.00471	0.00408	0.03613

[dist]
# distance from previous block
# <min> <max>
1	2

[block]
# block no. 1 follows, 29 sequences, length 14
# corresponding to MSA columns:
# 450-463
name=unknown_B
#
# <colnr> <probs for GDERKNQSTAVLIFYWHMCP>
#	G	D	E	R	K	N	Q	S	T	A	V	L	I	F	Y	W	H	M	C	P
0	0.02001	0.01884	0.07203	0.02272	0.19933	0.05258	0.01541	0.22876	0.15932	0.03085	0.05858	0.02219	0.01732	0.04007	0.00839	0.00239	0.00769	0.00710	0.00565	0.01076
1	0.01118	0.00975	0.01474	0.33190	0.05336	0.01078	0.01280	0.01436	0.01500	0.01935	0.08202	0.20792	0.16231	0.01353	0.00795	0.00249	0.00651	0.01194	0.00505	0.00705
2	0.01589	0.19385	0.06133	0.01283	0.01672	0.11565	0.01105	0.02062	0.09536	0.02154	0.14789	0.11361	0.06051	0.01104	0.00740	0.00209	0.03146	0.00884	0.00518	0.04711
3	0.00993	0.00727	0.00932	0.00881	0.01055	0.00666	0.00661	0.01316	0.01982	0.02775	0.64730	0.05451	0.12197	0.01486	0.00840	0.00225	0.00338	0.01306	0.00773	0.00666
4	0.01854	0.01571	0.01657	0.01466	0.01883	0.01810	0.01147	0.09506	0.63390	0.03113	0.02793	0.02573	0.02088	0.00956	0.00723	0.00239	0.00583	0.00790	0.00723	0.01135
5	0.01558	0.01558	0.02181	0.01869	0.01869	0.02181	0.01558	0.01714	0.01091	0.01714	0.00935	0.01558	0.00935	0.01246	0.02337	0.00312	0.73672	0.00623	0.00312	0.00779
6	0.01065	0.00827	0.01199	0.10700	0.01664	0.00941	0.00956	0.01283	0.01224	0.01684	0.02287	0.15805	0.02402	0.15618	0.32251	0.00723	0.04084	0.04225	0.00441	0.00618
7	0.01904	0.75404	0.03731	0.01218	0.01828	0.02818	0.01218	0.02132	0.01447	0.01675	0.00990	0.01142	0.00914	0.00609	0.00457	0.00152	0.00761	0.00381	0.00305	0.00914
8	0.00842	0.00721	0.00721	0.00721	0.00962	0.00601	0.00541	0.01022	0.01623	0.01924	0.07213	0.06853	0.70244	0.01803	0.00842	0.00240	0.00361	0.01503	0.00661	0.00601
9	0.01389	0.01931	0.20150	0.01974	0.09133	0.03568	0.12624	0.01978	0.05821	0.02286	0.12981	0.04988	0.07720	0.01446	0.08515	0.00329	0.00938	0.00874	0.00469	0.00886
10	0.01974	0.01263	0.01507	0.01173	0.01666	0.01127	0.00928	0.13403	0.01914	0.18116	0.05389	0.08161	0.01918	0.05342	0.00836	0.00206	0.00580	0.00738	0.00614	0.33144
11	0.01458	0.36848	0.02304	0.01086	0.01469	0.01757	0.00954	0.01804	0.05604	0.02103	0.20459	0.12119	0.07220	0.01138	0.00657	0.00200	0.00566	0.00928	0.00526	0.00799
12	0.06742	0.15100	0.15502	0.05072	0.02218	0.09578	0.01487	0.11016	0.01822	0.11145	0.03602	0.05986	0.01449	0.00872	0.00753	0.00215	0.05355	0.00646	0.00483	0.00958
13	0.02088	0.01583	0.01714	0.01445	0.01765	0.10764	0.01147	0.08681	0.08259	0.15961	0.01711	0.01942	0.01333	0.01308	0.04344	0.10736	0.15451	0.00625	0.00525	0.08620

[dist]
# distance from previous block
# <min> <max>
0	16

[block]
# block no. 2 follows, 29 sequences, length 9
# corresponding to MSA columns:
# 488-496
name=unknown_C
#
# <colnr> <probs for GDERKNQSTAVLIFYWHMCP>
#	G	D	E	R	K	N	Q	S	T	A	V	L	I	F	Y	W	H	M	C	P
0	0.11181	0.15573	0.02190	0.08029	0.04503	0.25891	0.01302	0.09225	0.04873	0.06124	0.01429	0.04077	0.01177	0.00781	0.00618	0.00199	0.00908	0.00562	0.00449	0.00908
1	0.01297	0.00860	0.00983	0.00927	0.01177	0.00816	0.00702	0.01765	0.10330	0.09460	0.18512	0.11721	0.26763	0.01457	0.00780	0.00231	0.00408	0.01241	0.09818	0.00751
2	0.01477	0.01266	0.01477	0.01055	0.01687	0.00949	0.00844	0.01793	0.01477	0.02320	0.01266	0.01477	0.01055	0.00527	0.00527	0.00105	0.00527	0.00422	0.00422	0.79328
3	0.01086	0.00776	0.01077	0.01241	0.01378	0.00767	0.01041	0.01369	0.01579	0.02062	0.03804	0.22576	0.04232	0.02025	0.00967	0.00319	0.00603	0.51801	0.00657	0.00639
4	0.01477	0.01266	0.01477	0.01055	0.01687	0.00949	0.00844	0.01793	0.01477	0.02320	0.01266	0.01477	0.01055	0.00527	0.00527	0.00105	0.00527	0.00422	0.00422	0.79328
5	0.00969	0.00725	0.00904	0.00900	0.01074	0.00660	0.00683	0.01249	0.01833	0.02480	0.43567	0.11808	0.21443	0.01650	0.00859	0.00243	0.00377	0.07198	0.00733	0.00646
6	0.01464	0.01266	0.01541	0.08060	0.02000	0.01011	0.00954	0.01796	0.01471	0.02272	0.01266	0.01517	0.01044	0.00545	0.00545	0.00118	0.00568	0.00442	0.00412	0.71709
7	0.01481	0.01360	0.02081	0.27453	0.08990	0.05824	0.10255	0.01821	0.01486	0.04974	0.01948	0.16587	0.01894	0.06759	0.01049	0.00279	0.03572	0.00962	0.00431	0.00793
8	0.08808	0.06156	0.07182	0.04825	0.13484	0.01375	0.01306	0.07637	0.01685	0.11496	0.02040	0.17048	0.01894	0.01016	0.00686	0.00215	0.00665	0.00865	0.00526	0.11092

[dist]
# distance from previous block
# <min> <max>
0	72

[block]
# block no. 3 follows, 29 sequences, length 33
# corresponding to MSA columns:
# 569-593,600-607
name=unknown_D
#
# <colnr> <probs for GDERKNQSTAVLIFYWHMCP>
#	G	D	E	R	K	N	Q	S	T	A	V	L	I	F	Y	W	H	M	C	P
0	0.05911	0.10478	0.05862	0.01452	0.01905	0.14538	0.01234	0.09029	0.15500	0.12503	0.02175	0.06998	0.01831	0.00995	0.00694	0.00223	0.00772	0.06346	0.00584	0.00970
1	0.11495	0.27168	0.05717	0.01662	0.02208	0.20400	0.10787	0.04709	0.05823	0.02164	0.01237	0.01420	0.01008	0.00680	0.00592	0.00192	0.00936	0.00508	0.00385	0.00909
2	0.59166	0.01372	0.01351	0.01122	0.01601	0.01490	0.04544	0.02399	0.01415	0.17723	0.01407	0.01471	0.01001	0.00705	0.00522	0.00221	0.00599	0.00482	0.00531	0.00876
3	0.00842	0.00721	0.00721	0.00721	0.00962	0.00601	0.00541	0.01022	0.01623	0.01924	0.07213	0.06853	0.70244	0.01803	0.00842	0.00240	0.00361	0.01503	0.00661	0.00601
4	0.01334	0.01127	0.01392	0.07357	0.01834	0.00930	0.00921	0.01632	0.01472	0.02179	0.02039	0.12209	0.04829	0.00916	0.00636	0.00161	0.00548	0.04322	0.00469	0.53693
5	0.00842	0.00721	0.00721	0.00721	0.00962	0.00601	0.00541	0.01022	0.01623	0.01924	0.07213	0.06853	0.70244	0.01803	0.00842	0.00240	0.00361	0.01503	0.00661	0.00601
6	0.01436	0.00811	0.01055	0.00943	0.01181	0.00740	0.00725	0.01761	0.01974	0.15322	0.51895	0.04556	0.05383	0.01296	0.00787	0.00218	0.00385	0.01129	0.07633	0.00770
7	0.01818	0.01684	0.02645	0.03754	0.55792	0.01734	0.01971	0.06216	0.12381	0.02553	0.01606	0.01900	0.01298	0.00699	0.00708	0.00216	0.00798	0.00662	0.00432	0.01133
8	0.00865	0.00630	0.00815	0.00963	0.01025	0.00581	0.00648	0.00995	0.01391	0.01829	0.04273	0.67354	0.11642	0.02186	0.00902	0.00284	0.00408	0.01969	0.00661	0.00581
9	0.16179	0.01509	0.02105	0.26670	0.20740	0.01681	0.01659	0.12518	0.01775	0.06588	0.01393	0.01727	0.01051	0.00715	0.00661	0.00223	0.00804	0.00594	0.00443	0.00965
10	0.01556	0.01456	0.02353	0.29192	0.33702	0.01515	0.01863	0.01978	0.01522	0.02138	0.01299	0.01760	0.01049	0.00643	0.00675	0.00202	0.00826	0.00595	0.00352	0.15324
11	0.43639	0.09797	0.01680	0.01294	0.01725	0.27489	0.01039	0.02371	0.01531	0.02507	0.01031	0.01202	0.00839	0.00682	0.00516	0.00200	0.00841	0.00412	0.00400	0.00806
12	0.01670	0.01889	0.04022	0.02901	0.03557	0.01834	0.62052	0.02231	0.01628	0.02231	0.01396	0.01889	0.01067	0.00658	0.00973	0.00246	0.07636	0.00821	0.00356	0.00944
13	0.02120	0.01531	0.01930	0.17995	0.06408	0.01695	0.01428	0.25304	0.12883	0.11423	0.02048	0.02386	0.01552	0.00894	0.00723	0.00229	0.00746	0.04403	0.03255	0.01047
14	0.00882	0.00679	0.00806	0.00866	0.01010	0.00604	0.00615	0.01065	0.01582	0.02042	0.16830	0.35237	0.31380	0.01924	0.00870	0.00258	0.00379	0.01686	0.00683	0.00604
15	0.02297	0.02085	0.02175	0.02224	0.15730	0.20460	0.01515	0.12110	0.04802	0.12047	0.01519	0.01717	0.01178	0.00868	0.01028	0.00228	0.15921	0.00605	0.00490	0.01000
16	0.01215	0.00798	0.01083	0.01189	0.01360	0.00783	0.01004	0.01525	0.01654	0.05145	0.09540	0.12545	0.04084	0.01797	0.00911	0.00297	0.00577	0.46299	0.07519	0.00675
17	0.01624	0.01536	0.02527	0.27096	0.42638	0.01662	0.02024	0.02203	0.07467	0.02214	0.01451	0.01886	0.01160	0.00689	0.00709	0.00223	0.00856	0.00649	0.00373	0.01015
18	0.01010	0.00722	0.00990	0.01154	0.01258	0.00701	0.00909	0.01238	0.01504	0.01977	0.03846	0.40636	0.04398	0.02096	0.00947	0.00309	0.00537	0.34491	0.00658	0.00618
19	0.01670	0.01426	0.01497	0.01346	0.01731	0.01611	0.01047	0.06253	0.55895	0.02884	0.03508	0.03259	0.12589	0.01090	0.00742	0.00240	0.00542	0.00905	0.00714	0.01050
20	0.03195	0.01212	0.01652	0.01267	0.01818	0.01047	0.01047	0.03470	0.02038	0.71026	0.02809	0.02424	0.01763	0.00881	0.00716	0.00220	0.00606	0.00716	0.00881	0.01212
21	0.01659	0.01313	0.01394	0.01243	0.01595	0.01458	0.00969	0.10207	0.40093	0.02991	0.08971	0.03179	0.08841	0.01056	0.00712	0.00226	0.00517	0.00875	0.11718	0.00982
22	0.01762	0.01692	0.02890	0.04371	0.70533	0.01692	0.02185	0.02185	0.01621	0.02326	0.01339	0.01762	0.01128	0.00634	0.00705	0.00211	0.00846	0.00634	0.00352	0.01128
23	0.80005	0.01377	0.01047	0.00936	0.01377	0.01597	0.00771	0.02093	0.01212	0.03195	0.00991	0.01157	0.00771	0.00661	0.00441	0.00220	0.00551	0.00386	0.00441	0.00771
24	0.00882	0.00715	0.00790	0.00838	0.01035	0.00623	0.00633	0.01070	0.01580	0.01930	0.06238	0.18715	0.51091	0.01897	0.00870	0.00259	0.00405	0.09166	0.00661	0.00604
25	0.80005	0.01377	0.01047	0.00936	0.01377	0.01597	0.00771	0.02093	0.01212	0.03195	0.00991	0.01157	0.00771	0.00661	0.00441	0.00220	0.00551	0.00386	0.00441	0.00771
26	0.01762	0.01692	0.02890	0.04371	0.70533	0.01692	0.02185	0.02185	0.01621	0.02326	0.01339	0.01762	0.01128	0.00634	0.00705	0.00211	0.00846	0.00634	0.00352	0.01128
27	0.01017	0.00709	0.00884	0.00945	0.01015	0.00691	0.00661	0.01155	0.01359	0.01810	0.10631	0.19238	0.06098	0.34330	0.02119	0.00466	0.00578	0.15180	0.00572	0.00541
28	0.01558	0.01558	0.02181	0.01869	0.01869	0.02181	0.01558	0.01714	0.01091	0.01714	0.00935	0.01558	0.00935	0.01246	0.02337	0.00312	0.73672	0.00623	0.00312	0.00779
29	0.03195	0.01212	0.01652	0.01267	0.01818	0.01047	0.01047	0.03470	0.02038	0.71026	0.02809	0.02424	0.01763	0.00881	0.00716	0.00220	0.00606	0.00716	0.00881	0.01212
30	0.01762	0.01692	0.02890	0.04371	0.70533	0.01692	0.02185	0.02185	0.01621	0.02326	0.01339	0.01762	0.01128	0.00634	0.00705	0.00211	0.00846	0.00634	0.00352	0.01128
31	0.01237	0.00618	0.00928	0.00928	0.00928	0.00618	0.00618	0.00928	0.00928	0.01237	0.01237	0.02165	0.01237	0.02474	0.02783	0.79283	0.00618	0.00618	0.00309	0.00309
32	0.01167	0.00925	0.00997	0.00939	0.01216	0.00873	0.00743	0.11192	0.01904	0.02380	0.09023	0.06147	0.48794	0.01664	0.00839	0.00246	0.00459	0.09116	0.00674	0.00703

[dist]
# distance from previous block
# <min> <max>
0	1

[block]
# block no. 4 follows, 29 sequences, length 44
# corresponding to MSA columns:
# 609-618,637-651,666-684
name=unknown_E
#
# <colnr> <probs for GDERKNQSTAVLIFYWHMCP>
#	G	D	E	R	K	N	Q	S	T	A	V	L	I	F	Y	W	H	M	C	P
0	0.01308	0.00897	0.01137	0.00966	0.01277	0.00770	0.00745	0.01634	0.01890	0.08613	0.48007	0.04158	0.04948	0.01186	0.00755	0.00196	0.00405	0.01033	0.00706	0.19371
1	0.07126	0.01354	0.01682	0.01315	0.01850	0.01296	0.01080	0.12210	0.07973	0.52477	0.02570	0.02279	0.01670	0.00873	0.00702	0.00221	0.00623	0.00696	0.00821	0.01181
2	0.02119	0.02399	0.01728	0.01547	0.01918	0.39325	0.01174	0.02776	0.18166	0.02241	0.10927	0.02179	0.02020	0.00870	0.00679	0.00196	0.00916	0.00652	0.00514	0.07653
3	0.02020	0.00952	0.01276	0.01068	0.01413	0.00845	0.00845	0.02328	0.02026	0.34420	0.38974	0.03978	0.04424	0.01190	0.00783	0.00222	0.00461	0.01023	0.00829	0.00922
4	0.02364	0.01775	0.01770	0.01457	0.01907	0.10881	0.01163	0.27383	0.14302	0.14835	0.12284	0.02481	0.02260	0.00953	0.00725	0.00217	0.00714	0.00755	0.00708	0.01065
5	0.01020	0.00750	0.01080	0.01080	0.01185	0.00855	0.00810	0.01230	0.01125	0.01605	0.01966	0.03124	0.01922	0.17544	0.60143	0.01065	0.01694	0.00811	0.00390	0.00600
6	0.01578	0.01509	0.02467	0.20063	0.28761	0.01604	0.09873	0.02294	0.13433	0.02280	0.02086	0.02386	0.06894	0.00802	0.00738	0.00229	0.00825	0.00760	0.00435	0.00983
7	0.01301	0.01220	0.01218	0.01204	0.01376	0.10772	0.00951	0.01499	0.01536	0.01861	0.03861	0.05487	0.22644	0.11724	0.01425	0.00330	0.09653	0.20745	0.00544	0.00647
8	0.01541	0.20691	0.55266	0.01837	0.02784	0.01930	0.02296	0.02226	0.01490	0.02118	0.01210	0.01418	0.00905	0.00661	0.00624	0.00208	0.00983	0.00492	0.00302	0.01019
9	0.01789	0.01325	0.01716	0.05877	0.01958	0.01299	0.01121	0.02070	0.01480	0.14186	0.01458	0.01689	0.01144	0.00772	0.01001	0.00183	0.17914	0.00535	0.00470	0.42016
10	0.01455	0.14478	0.09341	0.17676	0.18734	0.01628	0.01635	0.01834	0.01511	0.02027	0.06312	0.11021	0.04891	0.00974	0.00759	0.00223	0.03386	0.00830	0.00409	0.00876
11	0.00919	0.00711	0.00793	0.00790	0.00955	0.00633	0.00559	0.01099	0.01588	0.02034	0.20926	0.10376	0.38206	0.15665	0.01375	0.00325	0.00421	0.01396	0.00646	0.00584
12	0.01852	0.01389	0.01836	0.18724	0.06554	0.01561	0.01378	0.14457	0.11768	0.10814	0.07767	0.04734	0.05696	0.01004	0.00878	0.00237	0.06994	0.00812	0.00585	0.00960
13	0.00894	0.00713	0.00736	0.00736	0.00912	0.00625	0.00512	0.01026	0.01465	0.01777	0.05876	0.06263	0.52037	0.21495	0.01590	0.00362	0.00449	0.01377	0.00599	0.00555
14	0.02224	0.02832	0.07451	0.02257	0.12918	0.45302	0.05699	0.02526	0.01821	0.01898	0.01242	0.01545	0.01034	0.01103	0.06839	0.00277	0.01247	0.00541	0.00360	0.00882
15	0.01710	0.01833	0.11707	0.04611	0.13270	0.01745	0.04265	0.14472	0.01729	0.02471	0.01379	0.01801	0.01143	0.01461	0.10788	0.00360	0.18274	0.00630	0.00411	0.05938
16	0.02054	0.10259	0.08580	0.01910	0.02484	0.05879	0.16293	0.20817	0.07904	0.04645	0.01542	0.01730	0.01173	0.00780	0.00845	0.00219	0.07444	0.00642	0.00491	0.04306
17	0.01120	0.01272	0.12140	0.07466	0.01831	0.00955	0.02927	0.04009	0.01571	0.02130	0.09794	0.37669	0.07231	0.01644	0.00840	0.00264	0.00599	0.05238	0.00581	0.00721
18	0.01639	0.01255	0.05756	0.01255	0.01603	0.01127	0.01076	0.16408	0.02044	0.10200	0.09016	0.14358	0.13591	0.01488	0.00830	0.00257	0.00598	0.15968	0.00682	0.00847
19	0.06743	0.14757	0.22722	0.01597	0.02274	0.08934	0.01619	0.13512	0.06834	0.12067	0.01596	0.01645	0.01160	0.00749	0.00637	0.00207	0.00856	0.00552	0.00495	0.01044
20	0.04830	0.01987	0.02484	0.16584	0.19712	0.15965	0.10386	0.09015	0.07666	0.02408	0.01449	0.01763	0.01129	0.00717	0.00704	0.00218	0.00960	0.00632	0.00421	0.00974
21	0.01279	0.00785	0.01025	0.01082	0.01240	0.00746	0.00795	0.01569	0.05522	0.11508	0.06403	0.47863	0.06131	0.01896	0.00875	0.00277	0.00472	0.09120	0.00699	0.00711
22	0.02128	0.01724	0.01817	0.01436	0.01974	0.04165	0.01156	0.31230	0.19623	0.03412	0.01870	0.01873	0.01404	0.00789	0.00662	0.00190	0.00674	0.00616	0.00624	0.22631
23	0.01807	0.01295	0.01994	0.10287	0.07864	0.01305	0.10887	0.12125	0.01921	0.14226	0.09043	0.19144	0.02604	0.01166	0.00789	0.00240	0.00708	0.01066	0.00609	0.00918
24	0.01662	0.04939	0.42183	0.02598	0.19108	0.06324	0.06208	0.04646	0.01640	0.02305	0.01298	0.01573	0.00979	0.00670	0.00686	0.00218	0.01009	0.00566	0.00336	0.01052
25	0.01497	0.18328	0.12076	0.01666	0.02090	0.01855	0.10437	0.01849	0.01481	0.02033	0.11149	0.02482	0.07725	0.01013	0.01145	0.00236	0.20934	0.00752	0.00410	0.00842
26	0.01665	0.01592	0.02714	0.20504	0.55164	0.01666	0.02137	0.02100	0.01575	0.02208	0.01322	0.01794	0.01086	0.00653	0.00707	0.00218	0.00870	0.00634	0.00344	0.01049
27	0.01665	0.01181	0.01721	0.14484	0.15016	0.01232	0.01342	0.03984	0.09048	0.13356	0.02607	0.22257	0.02483	0.01251	0.00784	0.00249	0.00662	0.05186	0.00586	0.00904
28	0.09661	0.01598	0.11517	0.01614	0.02122	0.01287	0.14725	0.04188	0.05639	0.15194	0.02689	0.16837	0.07582	0.01123	0.00757	0.00242	0.00727	0.01010	0.00574	0.00913
29	0.00845	0.00707	0.00736	0.00758	0.00972	0.00598	0.00557	0.01018	0.01587	0.01909	0.06762	0.16137	0.61252	0.01862	0.00851	0.00247	0.00368	0.01574	0.00661	0.00598
30	0.02102	0.00974	0.01281	0.01064	0.01436	0.00854	0.00847	0.02388	0.01979	0.37501	0.28054	0.04032	0.12026	0.01206	0.00777	0.00224	0.00477	0.01023	0.00818	0.00938
31	0.02664	0.08669	0.02240	0.01760	0.04611	0.31366	0.05637	0.08722	0.02057	0.22923	0.01691	0.01712	0.01216	0.00766	0.00670	0.00199	0.00969	0.00577	0.00546	0.01004
32	0.02428	0.01763	0.01769	0.01414	0.01877	0.07488	0.01146	0.43951	0.02744	0.08088	0.01866	0.01930	0.01359	0.00841	0.00659	0.00201	0.00713	0.00636	0.18069	0.01058
33	0.01189	0.00650	0.00713	0.00762	0.00891	0.00638	0.00547	0.01458	0.01454	0.02403	0.02805	0.24264	0.02693	0.01251	0.00621	0.00203	0.00356	0.01073	0.55390	0.00638
34	0.01677	0.01602	0.01568	0.01205	0.01778	0.11467	0.00947	0.02127	0.07682	0.02295	0.01389	0.01555	0.01136	0.00597	0.00562	0.00129	0.00642	0.00462	0.00441	0.60739
35	0.01552	0.01501	0.02242	0.39850	0.22377	0.05420	0.01837	0.01973	0.01519	0.02028	0.01277	0.01766	0.01012	0.00665	0.00679	0.00208	0.00878	0.00593	0.00344	0.12280
36	0.10786	0.21503	0.10236	0.08090	0.10298	0.21915	0.03600	0.02327	0.01614	0.02036	0.01132	0.01385	0.00930	0.00669	0.00594	0.00194	0.00958	0.00485	0.00345	0.00904
37	0.01122	0.00763	0.00912	0.00866	0.01052	0.00736	0.00652	0.01555	0.06144	0.02761	0.46084	0.04608	0.09013	0.01297	0.00751	0.00212	0.00351	0.01122	0.19304	0.00695
38	0.01010	0.00701	0.00880	0.00900	0.00938	0.00729	0.00580	0.01092	0.01104	0.01506	0.02361	0.12727	0.02636	0.47718	0.21344	0.00761	0.00977	0.01085	0.00446	0.00503
39	0.07631	0.01571	0.07859	0.02201	0.22673	0.01410	0.01447	0.09545	0.05628	0.11487	0.13064	0.02804	0.07753	0.00941	0.00719	0.00221	0.00668	0.00802	0.00577	0.00999
40	0.01018	0.00733	0.00922	0.00994	0.01079	0.00726	0.00680	0.04987	0.01417	0.01891	0.03490	0.47493	0.07474	0.14656	0.08560	0.00436	0.00630	0.01620	0.00597	0.00598
41	0.12354	0.01779	0.10473	0.08215	0.14742	0.01642	0.05188	0.12067	0.12475	0.02749	0.02062	0.02292	0.06490	0.03496	0.00793	0.00243	0.00763	0.00707	0.00494	0.00979
42	0.20091	0.16671	0.12222	0.01608	0.05819	0.11450	0.01408	0.13404	0.03915	0.05400	0.01317	0.01444	0.01014	0.00712	0.00585	0.00202	0.00822	0.00497	0.00450	0.00969
43	0.04757	0.22644	0.06042	0.01345	0.01851	0.10743	0.01202	0.09265	0.01870	0.11369	0.08584	0.02420	0.01910	0.00882	0.00641	0.00196	0.00749	0.05892	0.00522	0.07116

[dist]
# distance from previous block
# <min> <max>
1	31

[block]
# block no. 5 follows, 29 sequences, length 29
# corresponding to MSA columns:
# 716-744
name=unknown_F
#
# <colnr> <probs for GDERKNQSTAVLIFYWHMCP>
#	G	D	E	R	K	N	Q	S	T	A	V	L	I	F	Y	W	H	M	C	P
0	0.23318	0.14918	0.10035	0.13356	0.06148	0.07273	0.01426	0.02256	0.07602	0.02344	0.01310	0.01566	0.01043	0.00893	0.03628	0.00250	0.00844	0.00515	0.00393	0.00883
1	0.05037	0.24466	0.04415	0.01588	0.10124	0.08299	0.01187	0.02056	0.05150	0.05838	0.05279	0.10790	0.10977	0.01043	0.00659	0.00207	0.00691	0.00842	0.00484	0.00868
2	0.38540	0.01262	0.01218	0.01022	0.01454	0.01310	0.00824	0.07936	0.01656	0.07630	0.12971	0.02341	0.05729	0.00867	0.00585	0.00204	0.00526	0.00647	0.00561	0.12716
3	0.11673	0.15464	0.17216	0.08393	0.02277	0.01776	0.01472	0.08262	0.10677	0.02535	0.05513	0.02344	0.05791	0.00872	0.00648	0.00218	0.00742	0.02724	0.00474	0.00929
4	0.00864	0.00634	0.00812	0.00954	0.01023	0.00582	0.00644	0.00996	0.01399	0.01832	0.04381	0.65117	0.13809	0.02171	0.00900	0.00282	0.00406	0.01952	0.00661	0.00582
5	0.01460	0.01904	0.19045	0.19985	0.08943	0.01477	0.12874	0.01993	0.01623	0.04473	0.14319	0.02444	0.02088	0.00842	0.00805	0.00232	0.03394	0.00768	0.00429	0.00902
6	0.00966	0.00704	0.00909	0.00906	0.01050	0.00647	0.00661	0.01245	0.01847	0.02567	0.51518	0.20642	0.10381	0.01649	0.00855	0.00239	0.00355	0.01464	0.00749	0.00647
7	0.02005	0.08745	0.14111	0.01413	0.01927	0.11756	0.01313	0.07211	0.04792	0.16728	0.13077	0.05282	0.06634	0.00999	0.00709	0.00214	0.00745	0.00800	0.00593	0.00948
8	0.02199	0.05773	0.24070	0.04451	0.02567	0.38638	0.01788	0.08356	0.01931	0.02148	0.01213	0.01409	0.00939	0.00721	0.00655	0.00200	0.01136	0.00500	0.00372	0.00933
9	0.02354	0.02269	0.02219	0.02417	0.20879	0.26677	0.01552	0.15278	0.02097	0.08710	0.01518	0.03910	0.01228	0.00818	0.00781	0.00211	0.04966	0.00624	0.00483	0.01008
10	0.01195	0.01155	0.07627	0.01612	0.09445	0.00975	0.01221	0.03863	0.01557	0.02105	0.03164	0.25500	0.05430	0.02057	0.07810	0.00366	0.00759	0.22854	0.00566	0.00740
11	0.02530	0.17946	0.05328	0.01575	0.02114	0.22072	0.01347	0.24649	0.02323	0.11338	0.01503	0.01549	0.01120	0.00764	0.00637	0.00193	0.00911	0.00538	0.00531	0.01031
12	0.01391	0.00807	0.00870	0.00810	0.01015	0.00816	0.00619	0.08058	0.01789	0.02877	0.17188	0.03149	0.02842	0.00970	0.00594	0.00183	0.00377	0.00799	0.54126	0.00719
13	0.01060	0.00847	0.00910	0.00849	0.01105	0.00773	0.00649	0.07623	0.01877	0.02378	0.20527	0.06015	0.49552	0.01635	0.00829	0.00234	0.00396	0.01372	0.00693	0.00676
14	0.01065	0.00757	0.01024	0.01076	0.01172	0.00802	0.00820	0.01258	0.01265	0.01715	0.02610	0.05075	0.02783	0.27316	0.26892	0.00735	0.01107	0.21470	0.00485	0.00574
15	0.01710	0.00787	0.00892	0.00807	0.01042	0.00751	0.00612	0.01997	0.01569	0.17574	0.02422	0.02799	0.01886	0.08053	0.00850	0.00229	0.00427	0.00711	0.54121	0.00762
16	0.08953	0.34938	0.20968	0.01597	0.02277	0.12845	0.05248	0.02277	0.01540	0.02008	0.01107	0.01303	0.00907	0.00650	0.00562	0.00187	0.00922	0.00456	0.00328	0.00926
17	0.01758	0.02771	0.36451	0.01970	0.02749	0.05577	0.11673	0.15881	0.01990	0.02752	0.08082	0.01966	0.01559	0.00781	0.00722	0.00223	0.00961	0.00666	0.00445	0.01022
18	0.01297	0.00673	0.00710	0.00710	0.00873	0.00686	0.00536	0.01621	0.01459	0.02557	0.02282	0.02669	0.01821	0.01268	0.07468	0.00261	0.00485	0.00673	0.71288	0.00661
19	0.01125	0.01416	0.14374	0.06763	0.09353	0.01005	0.01273	0.01493	0.01603	0.02133	0.12313	0.13126	0.26137	0.01398	0.00799	0.00241	0.00601	0.03530	0.00549	0.00766
20	0.02082	0.12297	0.14683	0.01647	0.02140	0.39911	0.01473	0.02394	0.01804	0.01899	0.05206	0.04497	0.05347	0.00861	0.00656	0.00196	0.01040	0.00621	0.00396	0.00848
21	0.01364	0.01227	0.01943	0.02172	0.18480	0.01266	0.09458	0.01928	0.11782	0.02190	0.04718	0.25389	0.02667	0.01691	0.07739	0.00338	0.03102	0.01164	0.00524	0.00858
22	0.01791	0.00915	0.01108	0.01003	0.01289	0.00864	0.00769	0.04217	0.05530	0.22746	0.05500	0.18860	0.09255	0.01277	0.00717	0.00224	0.00461	0.01088	0.21540	0.00845
23	0.01721	0.01794	0.02485	0.27440	0.19001	0.12048	0.09104	0.02239	0.06526	0.02051	0.01367	0.01804	0.01089	0.00752	0.00862	0.00231	0.07559	0.00642	0.00366	0.00916
24	0.01659	0.10593	0.47686	0.01841	0.02676	0.12406	0.02142	0.02360	0.04666	0.02179	0.04414	0.01659	0.01226	0.00727	0.00659	0.00212	0.01004	0.00548	0.00352	0.00990
25	0.01083	0.00795	0.01011	0.01081	0.01214	0.00794	0.00798	0.07168	0.01577	0.02089	0.03792	0.44863	0.10354	0.02391	0.09110	0.00381	0.00644	0.09566	0.00633	0.00654
26	0.80005	0.01377	0.01047	0.00936	0.01377	0.01597	0.00771	0.02093	0.01212	0.03195	0.00991	0.01157	0.00771	0.00661	0.00441	0.00220	0.00551	0.00386	0.00441	0.00771
