[name]
unknown

[dist]
# distance from previous block
# <min> <max>
3	523

[block]
# block no. 0 follows, 31 sequences, length 9
# corresponding to MSA columns:
# 523-531
name=unknown_A
#
# <colnr> <probs for GDERKNQSTAVLIFYWHMCP>
#	G	D	E	R	K	N	Q	S	T	A	V	L	I	F	Y	W	H	M	C	P
0	0.01190	0.00948	0.01141	0.01252	0.08194	0.00919	0.00824	0.11664	0.01721	0.02215	0.04470	0.23686	0.32252	0.05204	0.00924	0.00258	0.00485	0.01345	0.00602	0.00705
1	0.01052	0.00830	0.00984	0.00957	0.01141	0.00859	0.00710	0.01547	0.13422	0.02025	0.13711	0.08114	0.21081	0.11450	0.18516	0.00493	0.00775	0.01098	0.00572	0.00662
2	0.01214	0.00720	0.00943	0.00969	0.01129	0.00654	0.00706	0.01405	0.01555	0.12829	0.15654	0.42312	0.10513	0.01763	0.00831	0.00254	0.00419	0.04769	0.00688	0.00671
3	0.01308	0.01172	0.01952	0.35558	0.03205	0.01287	0.10820	0.01709	0.01426	0.01967	0.01749	0.06161	0.01568	0.00899	0.00754	0.00225	0.03108	0.08807	0.08319	0.08006
4	0.48375	0.12883	0.01556	0.01024	0.01500	0.01578	0.00876	0.02361	0.01406	0.20809	0.01406	0.01426	0.01010	0.00682	0.00495	0.00202	0.00574	0.00452	0.00513	0.00872
5	0.01587	0.01431	0.01887	0.01627	0.01729	0.01862	0.01329	0.13342	0.01466	0.02126	0.01472	0.12964	0.01505	0.01278	0.01761	0.00280	0.50336	0.00810	0.00418	0.00791
6	0.03951	0.06523	0.23856	0.06469	0.11004	0.19889	0.01787	0.05616	0.01673	0.07222	0.01280	0.01495	0.00974	0.00709	0.00717	0.00205	0.04792	0.00521	0.00377	0.00940
7	0.01602	0.01207	0.01971	0.61580	0.04195	0.01430	0.01744	0.02024	0.01471	0.14013	0.01474	0.01912	0.01048	0.00712	0.00685	0.00225	0.00855	0.00622	0.00399	0.00830
8	0.08982	0.01289	0.01644	0.01589	0.13818	0.01108	0.01059	0.02064	0.01503	0.13118	0.01434	0.01579	0.01106	0.00589	0.00557	0.00146	0.00574	0.00481	0.00464	0.46897

[dist]
# distance from previous block
# <min> <max>
0	1

[block]
# block no. 1 follows, 31 sequences, length 17
# corresponding to MSA columns:
# 533-549
name=unknown_B
#
# <colnr> <probs for GDERKNQSTAVLIFYWHMCP>
#	G	D	E	R	K	N	Q	S	T	A	V	L	I	F	Y	W	H	M	C	P
0	0.00835	0.00644	0.00763	0.00840	0.00967	0.00572	0.00589	0.00993	0.01464	0.01871	0.10707	0.41653	0.31824	0.01914	0.00841	0.00254	0.00370	0.01682	0.00645	0.00572
1	0.01622	0.01335	0.01476	0.01373	0.01716	0.01509	0.01104	0.07983	0.48553	0.02770	0.02905	0.03752	0.02473	0.01156	0.00756	0.00250	0.00579	0.17031	0.00679	0.00978
2	0.01619	0.01098	0.01262	0.01092	0.01294	0.01227	0.00836	0.20593	0.01746	0.02554	0.01749	0.02413	0.01524	0.13128	0.01536	0.11556	0.09261	0.00678	0.24118	0.00716
3	0.01369	0.00998	0.01194	0.01036	0.01292	0.01008	0.00806	0.18003	0.02251	0.03128	0.54231	0.04260	0.05157	0.01257	0.00777	0.00213	0.00428	0.01085	0.00736	0.00773
4	0.01666	0.01652	0.02164	0.20099	0.19879	0.09988	0.06130	0.02502	0.21260	0.02245	0.04311	0.02056	0.01504	0.00758	0.00691	0.00217	0.00813	0.00673	0.00450	0.00943
5	0.01211	0.01007	0.01308	0.19000	0.02065	0.01142	0.01023	0.01847	0.17807	0.01905	0.02619	0.03341	0.10465	0.18919	0.12984	0.00469	0.00843	0.00861	0.00475	0.00711
6	0.02170	0.02532	0.01696	0.01527	0.01847	0.50120	0.01154	0.07337	0.02033	0.02133	0.18341	0.02215	0.02270	0.00884	0.00669	0.00188	0.00974	0.00649	0.00475	0.00784
7	0.01596	0.01383	0.04148	0.23750	0.08920	0.01466	0.04878	0.18248	0.01776	0.02410	0.01575	0.02278	0.01342	0.13122	0.06698	0.00354	0.00886	0.00690	0.03646	0.00833
8	0.01691	0.47393	0.08103	0.01425	0.01856	0.02432	0.01372	0.01930	0.01286	0.01662	0.00954	0.01249	0.00884	0.00784	0.01026	0.00200	0.24163	0.00450	0.00295	0.00847
9	0.61173	0.01145	0.00954	0.00913	0.01242	0.01295	0.00715	0.01751	0.01200	0.02745	0.01644	0.19365	0.01669	0.01005	0.00534	0.00228	0.00497	0.00757	0.00475	0.00695
10	0.01717	0.58500	0.20471	0.01362	0.02052	0.02433	0.01504	0.02078	0.01403	0.01746	0.01019	0.01183	0.00875	0.00601	0.00491	0.00164	0.00800	0.00400	0.00292	0.00911
11	0.01024	0.00906	0.01585	0.01415	0.01623	0.00845	0.17453	0.01258	0.01395	0.01860	0.03321	0.54465	0.06553	0.01741	0.00854	0.00264	0.00580	0.01644	0.00564	0.00647
12	0.01295	0.00949	0.01126	0.01099	0.01295	0.00965	0.00822	0.17810	0.01868	0.02489	0.09284	0.41644	0.08801	0.01707	0.00821	0.00254	0.00490	0.05904	0.00657	0.00719
13	0.00983	0.00658	0.00750	0.00761	0.00764	0.00656	0.00430	0.00992	0.01017	0.01356	0.02270	0.09510	0.02632	0.70726	0.03297	0.00636	0.00644	0.01062	0.00430	0.00425
14	0.01911	0.19934	0.02147	0.01374	0.01841	0.02031	0.01147	0.16268	0.40197	0.02842	0.02109	0.02015	0.01608	0.00823	0.00631	0.00206	0.00630	0.00642	0.00595	0.01049
15	0.01956	0.01213	0.01313	0.01097	0.01451	0.01291	0.00877	0.24336	0.10173	0.10717	0.02153	0.02228	0.01592	0.00826	0.00594	0.00189	0.00516	0.00652	0.35905	0.00920
16	0.55879	0.01348	0.01180	0.01043	0.01465	0.01538	0.00844	0.02503	0.18220	0.07914	0.01526	0.01551	0.01139	0.00722	0.00509	0.00217	0.00536	0.00492	0.00520	0.00855

[dist]
# distance from previous block
# <min> <max>
0	6

[block]
# block no. 2 follows, 31 sequences, length 9
# corresponding to MSA columns:
# 556-564
name=unknown_C
#
# <colnr> <probs for GDERKNQSTAVLIFYWHMCP>
#	G	D	E	R	K	N	Q	S	T	A	V	L	I	F	Y	W	H	M	C	P
0	0.01695	0.01603	0.02632	0.12369	0.36438	0.01675	0.12274	0.07056	0.12667	0.02412	0.01557	0.01867	0.01221	0.00680	0.00702	0.00215	0.00831	0.00667	0.00417	0.01023
1	0.01776	0.64405	0.03347	0.01271	0.01762	0.02609	0.01223	0.01984	0.01335	0.01615	0.00943	0.01161	0.00881	0.00683	0.00728	0.00171	0.12551	0.00403	0.00294	0.00857
2	0.26990	0.06573	0.01717	0.04221	0.10711	0.01389	0.01108	0.02613	0.01597	0.34026	0.01794	0.01762	0.01231	0.00726	0.00586	0.00207	0.00618	0.00553	0.00590	0.00987
3	0.01426	0.01216	0.01662	0.08839	0.14386	0.04036	0.03771	0.10184	0.01694	0.02280	0.06439	0.08271	0.09142	0.01749	0.12323	0.00365	0.00863	0.06232	0.04324	0.00797
4	0.00883	0.00642	0.00794	0.00860	0.00947	0.00595	0.00583	0.01031	0.01420	0.01889	0.17298	0.39172	0.14953	0.14166	0.01282	0.00322	0.00419	0.01570	0.00622	0.00553
5	0.02108	0.01371	0.01916	0.03697	0.02048	0.01357	0.11616	0.21547	0.02141	0.22198	0.02929	0.05784	0.13177	0.01035	0.00744	0.00224	0.00686	0.03799	0.00653	0.00970
6	0.01400	0.00874	0.01238	0.01455	0.12386	0.00824	0.00909	0.01652	0.01587	0.13053	0.16098	0.29489	0.03559	0.01382	0.00750	0.00229	0.00468	0.01234	0.10651	0.00762
7	0.01280	0.00772	0.01000	0.00965	0.01041	0.00792	0.00662	0.09583	0.01268	0.01694	0.01809	0.14129	0.01920	0.13567	0.02260	0.44904	0.00593	0.00875	0.00418	0.00466
8	0.01648	0.01254	0.01775	0.29060	0.13513	0.05524	0.01404	0.01928	0.01431	0.12966	0.01634	0.02346	0.01371	0.13943	0.03374	0.04107	0.00832	0.00681	0.00420	0.00791

[dist]
# distance from previous block
# <min> <max>
0	2

[block]
# block no. 3 follows, 31 sequences, length 13
# corresponding to MSA columns:
# 567-579
name=unknown_D
#
# <colnr> <probs for GDERKNQSTAVLIFYWHMCP>
#	G	D	E	R	K	N	Q	S	T	A	V	L	I	F	Y	W	H	M	C	P
0	0.01615	0.01700	0.13528	0.01406	0.01854	0.01487	0.01261	0.15400	0.28716	0.02830	0.08233	0.14320	0.02468	0.01098	0.00724	0.00230	0.00620	0.00928	0.00619	0.00963
1	0.02189	0.25172	0.15103	0.01505	0.02117	0.12157	0.01451	0.19795	0.02015	0.10316	0.01391	0.01458	0.01042	0.00704	0.00594	0.00186	0.00842	0.00503	0.00464	0.00996
2	0.01945	0.28223	0.02517	0.17680	0.02538	0.19614	0.01374	0.08286	0.07962	0.02011	0.01265	0.01474	0.01022	0.00689	0.00583	0.00185	0.00880	0.00498	0.00381	0.00875
3	0.67315	0.01412	0.01521	0.01237	0.01706	0.01568	0.12392	0.02042	0.01241	0.02920	0.01026	0.01236	0.00791	0.00625	0.00489	0.00215	0.00635	0.00445	0.00410	0.00772
4	0.01758	0.07924	0.17417	0.04128	0.11042	0.09519	0.12082	0.02198	0.01578	0.08297	0.01513	0.01721	0.03067	0.00660	0.00642	0.00188	0.00866	0.00576	0.00391	0.14431
5	0.01546	0.01654	0.02378	0.23570	0.03101	0.13588	0.21480	0.01947	0.01609	0.02018	0.10064	0.06004	0.01828	0.00811	0.00724	0.00214	0.00915	0.00776	0.00404	0.05371
6	0.01302	0.00841	0.01115	0.13386	0.01735	0.00810	0.00874	0.01530	0.01546	0.14261	0.06449	0.22572	0.27953	0.01492	0.00783	0.00239	0.00497	0.01289	0.00620	0.00709
7	0.57930	0.01276	0.01177	0.00993	0.01448	0.01379	0.00819	0.02400	0.01398	0.23392	0.01466	0.01469	0.01021	0.00697	0.00501	0.00212	0.00545	0.00464	0.00548	0.00865
8	0.01378	0.01189	0.01630	0.07315	0.11733	0.01279	0.05147	0.02221	0.25656	0.02221	0.06356	0.13120	0.02456	0.13810	0.01205	0.00306	0.00633	0.00969	0.00541	0.00835
9	0.01246	0.01163	0.01242	0.01212	0.01374	0.13168	0.00935	0.01479	0.01242	0.01603	0.01701	0.02440	0.01569	0.04378	0.60886	0.00942	0.01731	0.00683	0.00364	0.00642
10	0.01753	0.16747	0.18778	0.01663	0.02120	0.17179	0.01602	0.02081	0.01416	0.01798	0.01036	0.01348	0.00889	0.00810	0.01085	0.00214	0.23645	0.00488	0.00313	0.05035
11	0.01523	0.00916	0.01010	0.00930	0.01192	0.00938	0.00715	0.02213	0.18660	0.11166	0.06924	0.06565	0.08433	0.01019	0.00626	0.00199	0.00413	0.00847	0.34906	0.00805
12	0.40742	0.01409	0.01495	0.07717	0.01920	0.01601	0.04923	0.09830	0.15307	0.02983	0.04853	0.01758	0.01366	0.00752	0.00571	0.00218	0.00617	0.00567	0.00508	0.00864

[dist]
# distance from previous block
# <min> <max>
0	20

[block]
# block no. 4 follows, 31 sequences, length 15
# corresponding to MSA columns:
# 600-614
name=unknown_E
#
# <colnr> <probs for GDERKNQSTAVLIFYWHMCP>
#	G	D	E	R	K	N	Q	S	T	A	V	L	I	F	Y	W	H	M	C	P
0	0.44668	0.01262	0.01311	0.10032	0.01869	0.01344	0.00950	0.02237	0.01394	0.18060	0.01401	0.01503	0.01004	0.00673	0.00524	0.00201	0.00585	0.00474	0.00500	0.10007
1	0.02189	0.01068	0.01377	0.01118	0.01505	0.00993	0.00898	0.10162	0.02095	0.37022	0.29571	0.03344	0.03505	0.01061	0.00734	0.00212	0.00500	0.00896	0.00791	0.00960
2	0.00950	0.00699	0.00889	0.00842	0.01011	0.00638	0.00631	0.01256	0.01894	0.02642	0.64013	0.05278	0.13834	0.01437	0.00807	0.00217	0.00325	0.01261	0.00740	0.00638
3	0.01504	0.00984	0.01233	0.01118	0.01292	0.01070	0.00832	0.15175	0.09428	0.02074	0.01558	0.02134	0.01363	0.02292	0.12262	0.43201	0.00800	0.00639	0.00432	0.00609
4	0.11878	0.02252	0.02018	0.01687	0.02070	0.32908	0.09052	0.06754	0.01766	0.09765	0.01313	0.01506	0.01016	0.00768	0.00824	0.00207	0.10067	0.00538	0.02755	0.00856
5	0.01505	0.00855	0.00956	0.00895	0.01111	0.00862	0.00677	0.11401	0.01705	0.08174	0.02551	0.19822	0.02325	0.01126	0.00619	0.00199	0.00421	0.00951	0.43109	0.00736
6	0.01793	0.70551	0.09083	0.01233	0.01852	0.02618	0.01279	0.02058	0.01394	0.01654	0.00973	0.01125	0.00877	0.00590	0.00456	0.00152	0.00754	0.00377	0.00292	0.00889
7	0.01074	0.00754	0.00901	0.00818	0.01045	0.00672	0.00620	0.01378	0.01728	0.02546	0.41433	0.04252	0.11385	0.01192	0.00700	0.00190	0.00348	0.01026	0.16882	0.11055
8	0.01997	0.01785	0.01702	0.01476	0.01893	0.10605	0.01158	0.17397	0.47825	0.03021	0.02331	0.02198	0.01745	0.00878	0.00684	0.00220	0.00671	0.00699	0.00651	0.01064
9	0.00978	0.00756	0.01075	0.10035	0.01509	0.00826	0.00851	0.01165	0.01262	0.01721	0.06921	0.34772	0.03194	0.11239	0.16677	0.00490	0.04132	0.01304	0.00503	0.00590
10	0.01886	0.59720	0.03318	0.01604	0.10413	0.09744	0.01301	0.02124	0.01467	0.01693	0.01003	0.01185	0.00904	0.00600	0.00486	0.00156	0.00793	0.00403	0.00304	0.00895
11	0.11030	0.01852	0.01940	0.01501	0.02036	0.02058	0.01240	0.62142	0.02995	0.04178	0.01568	0.01585	0.01118	0.00801	0.00656	0.00206	0.00729	0.00589	0.00656	0.01118
12	0.01783	0.01533	0.02375	0.15123	0.42171	0.01619	0.01811	0.07618	0.10174	0.06667	0.01574	0.01856	0.01223	0.00692	0.00682	0.00212	0.00777	0.00635	0.00435	0.01041
13	0.01275	0.01417	0.10304	0.29580	0.04335	0.03356	0.01511	0.01809	0.07588	0.01927	0.02190	0.08290	0.04739	0.04625	0.04520	0.00304	0.00833	0.10201	0.00431	0.00764
14	0.00845	0.00618	0.00796	0.00913	0.00988	0.00568	0.00623	0.00993	0.01407	0.01867	0.11512	0.59970	0.12351	0.02015	0.00859	0.00266	0.00383	0.01811	0.00648	0.00568

[dist]
# distance from previous block
# <min> <max>
0	1

[block]
# block no. 5 follows, 31 sequences, length 38
# corresponding to MSA columns:
# 616-653
name=unknown_F
#
# <colnr> <probs for GDERKNQSTAVLIFYWHMCP>
#	G	D	E	R	K	N	Q	S	T	A	V	L	I	F	Y	W	H	M	C	P
0	0.02065	0.00919	0.01196	0.01038	0.01374	0.00837	0.00848	0.02358	0.01766	0.35630	0.10910	0.03567	0.02631	0.01065	0.00691	0.00216	0.00494	0.11235	0.20272	0.00888
1	0.02475	0.01335	0.01595	0.01255	0.01725	0.01318	0.01025	0.25985	0.02356	0.34676	0.09425	0.02785	0.08944	0.00980	0.00710	0.00212	0.00593	0.00792	0.00760	0.01055
2	0.02362	0.01737	0.01854	0.01461	0.01951	0.01926	0.01194	0.54757	0.11281	0.03963	0.01840	0.01842	0.01334	0.00832	0.00666	0.00204	0.00685	0.00637	0.08372	0.01102
3	0.28883	0.01199	0.01405	0.08206	0.01862	0.01215	0.00989	0.02639	0.01608	0.39261	0.02013	0.04857	0.01413	0.00813	0.00606	0.00216	0.00589	0.00625	0.00643	0.00958
4	0.01935	0.57688	0.03008	0.01136	0.01656	0.02252	0.01072	0.02140	0.01437	0.12203	0.01331	0.01611	0.01157	0.07952	0.00772	0.00206	0.00702	0.00475	0.00388	0.00876
5	0.02042	0.09064	0.02716	0.01921	0.02436	0.10149	0.24432	0.14891	0.01904	0.10967	0.01542	0.01795	0.01171	0.01148	0.08004	0.00298	0.03458	0.00656	0.00467	0.00941
6	0.01710	0.01563	0.02450	0.16713	0.45469	0.01663	0.01884	0.08916	0.08386	0.02413	0.01455	0.01796	0.01157	0.00676	0.00681	0.00211	0.00799	0.00626	0.00402	0.01031
7	0.01171	0.00734	0.00861	0.00803	0.01025	0.00657	0.00611	0.01436	0.01728	0.09344	0.31109	0.04941	0.27865	0.01365	0.00744	0.00212	0.00356	0.01160	0.13207	0.00672
8	0.00940	0.00679	0.00928	0.00982	0.01083	0.00683	0.00724	0.01154	0.01423	0.01964	0.20413	0.28253	0.04126	0.07372	0.19162	0.00496	0.00777	0.07668	0.00583	0.00591
9	0.01080	0.00832	0.00911	0.00849	0.01088	0.00778	0.00647	0.09174	0.01832	0.02385	0.21954	0.08727	0.41052	0.01524	0.00783	0.00223	0.00390	0.01286	0.03818	0.00665
10	0.00991	0.00675	0.00807	0.00826	0.00851	0.00684	0.00516	0.01043	0.01061	0.01424	0.02312	0.08458	0.02622	0.60011	0.09949	0.00661	0.00760	0.05456	0.00437	0.00456
11	0.01815	0.71628	0.03614	0.01280	0.01872	0.02645	0.05498	0.02058	0.01404	0.01647	0.00979	0.01145	0.00888	0.00585	0.00462	0.00152	0.00758	0.00394	0.00296	0.00881
12	0.01258	0.00852	0.01041	0.00960	0.01192	0.00823	0.00730	0.01781	0.11956	0.09485	0.42495	0.09109	0.12898	0.01361	0.00783	0.00223	0.00388	0.01184	0.00733	0.00748
13	0.01276	0.01855	0.26187	0.01384	0.01867	0.03471	0.05663	0.01762	0.03255	0.02072	0.02069	0.06832	0.04981	0.07839	0.09434	0.00351	0.00865	0.00759	0.17305	0.00774
14	0.01925	0.01679	0.01896	0.10745	0.10068	0.06322	0.01366	0.19328	0.33374	0.02935	0.02034	0.02059	0.01527	0.00822	0.00685	0.00218	0.00713	0.00675	0.00583	0.01045
15	0.72186	0.01305	0.01070	0.00935	0.01370	0.01476	0.00770	0.02158	0.01252	0.10718	0.01146	0.01246	0.00846	0.00659	0.00453	0.00212	0.00535	0.00406	0.00470	0.00788
16	0.01797	0.07146	0.30939	0.13324	0.02755	0.03568	0.01818	0.05666	0.10318	0.13593	0.01658	0.01770	0.01177	0.00728	0.00655	0.00213	0.00842	0.00580	0.00454	0.00997
17	0.01063	0.00835	0.00992	0.01022	0.01211	0.00829	0.00774	0.01589	0.14345	0.02147	0.11783	0.27840	0.17337	0.01669	0.00822	0.00254	0.00445	0.11633	0.00653	0.02759
18	0.00844	0.00651	0.00814	0.03864	0.01123	0.00602	0.00651	0.00994	0.01390	0.01778	0.04652	0.51015	0.25230	0.01956	0.00845	0.00261	0.00402	0.01734	0.00622	0.00571
19	0.02273	0.01706	0.01813	0.01667	0.07235	0.13208	0.01231	0.16649	0.07025	0.20578	0.02000	0.09142	0.01618	0.00976	0.00877	0.00222	0.09456	0.00747	0.00596	0.00982
20	0.01488	0.11308	0.28713	0.01754	0.09075	0.01573	0.01663	0.06221	0.10097	0.02444	0.16482	0.02362	0.02258	0.00843	0.00668	0.00208	0.00736	0.00696	0.00468	0.00941
21	0.00876	0.00685	0.00819	0.00851	0.01011	0.00637	0.00631	0.01066	0.01460	0.01870	0.11663	0.18685	0.35968	0.04756	0.12363	0.00394	0.00612	0.04473	0.00597	0.00583
22	0.01690	0.07869	0.14629	0.02143	0.13166	0.11396	0.14391	0.02112	0.01559	0.03825	0.01389	0.05380	0.01175	0.00688	0.00649	0.00187	0.00878	0.00620	0.00371	0.15882
23	0.01392	0.11939	0.49809	0.01711	0.02506	0.01600	0.02058	0.02089	0.04715	0.02101	0.01636	0.05170	0.01415	0.00853	0.00668	0.00222	0.00887	0.07929	0.00361	0.00937
24	0.15101	0.02351	0.23735	0.01626	0.02272	0.06965	0.04740	0.20939	0.08848	0.04839	0.01487	0.01582	0.01081	0.00729	0.00632	0.00212	0.00824	0.00555	0.00484	0.00999
25	0.73188	0.01381	0.01107	0.00965	0.01401	0.01592	0.00795	0.08563	0.01364	0.03190	0.01020	0.01163	0.00782	0.00653	0.00449	0.00211	0.00551	0.00394	0.00449	0.00782
26	0.01960	0.01320	0.01646	0.01463	0.08515	0.01192	0.01053	0.05987	0.12570	0.19744	0.01860	0.01861	0.01366	0.00684	0.00607	0.00165	0.00573	0.00564	0.00569	0.36302
27	0.09215	0.00782	0.00810	0.00763	0.00968	0.00800	0.00585	0.04772	0.01616	0.02734	0.19194	0.02998	0.02789	0.00931	0.00564	0.00181	0.00361	0.00758	0.48503	0.00675
28	0.01479	0.01601	0.09155	0.25322	0.37311	0.01506	0.01980	0.01929	0.01490	0.02059	0.01493	0.02312	0.01295	0.00765	0.00703	0.00223	0.00844	0.07248	0.00352	0.00931
29	0.01177	0.00808	0.00980	0.00932	0.01041	0.00868	0.00650	0.07969	0.01293	0.01828	0.02008	0.03433	0.02035	0.38446	0.25259	0.00708	0.01013	0.00838	0.08139	0.00574
30	0.08952	0.00762	0.00924	0.00865	0.01052	0.00734	0.00655	0.01363	0.01859	0.02776	0.64289	0.04710	0.05884	0.01322	0.00769	0.00215	0.00343	0.01151	0.00720	0.00655
31	0.01372	0.03539	0.72412	0.01950	0.02961	0.01589	0.02528	0.02167	0.01444	0.02167	0.01228	0.01444	0.00867	0.00650	0.00650	0.00217	0.01011	0.00506	0.00289	0.01011
32	0.01129	0.00615	0.00846	0.00846	0.00846	0.00615	0.00539	0.00923	0.00923	0.01231	0.01487	0.02819	0.01589	0.25082	0.02923	0.55584	0.00615	0.00718	0.00333	0.00333
33	0.02261	0.02664	0.01748	0.01706	0.06293	0.55038	0.01213	0.02478	0.01820	0.01874	0.01292	0.01510	0.01058	0.00716	0.00595	0.00175	0.01035	0.00488	0.15252	0.00782
34	0.01413	0.01357	0.02315	0.50766	0.18199	0.01581	0.06185	0.01896	0.03281	0.01903	0.01272	0.01806	0.00987	0.00687	0.00748	0.00226	0.03585	0.00625	0.00324	0.00845
35	0.01914	0.07897	0.02276	0.05740	0.19338	0.26825	0.01560	0.02164	0.01552	0.01823	0.01197	0.01729	0.01080	0.00840	0.01012	0.00218	0.17998	0.03643	0.00343	0.00852
36	0.01349	0.01140	0.01368	0.01027	0.01558	0.00903	0.00818	0.01643	0.01368	0.02128	0.01313	0.01619	0.01123	0.01238	0.12003	0.00259	0.00716	0.00457	0.00399	0.67570
37	0.11489	0.17712	0.02051	0.03649	0.04321	0.03305	0.08184	0.05048	0.04730	0.05787	0.02107	0.24552	0.02134	0.01123	0.00668	0.00220	0.00652	0.00971	0.00491	0.00805

[dist]
# distance from previous block
# <min> <max>
0	1

[block]
# block no. 6 follows, 31 sequences, length 14
# corresponding to MSA columns:
# 655-668
name=unknown_G
#
# <colnr> <probs for GDERKNQSTAVLIFYWHMCP>
#	G	D	E	R	K	N	Q	S	T	A	V	L	I	F	Y	W	H	M	C	P
0	0.01615	0.01845	0.04037	0.02884	0.03576	0.01730	0.69204	0.02191	0.01615	0.02191	0.01384	0.01845	0.01038	0.00577	0.00807	0.00231	0.01153	0.00807	0.00346	0.00923
1	0.02321	0.22915	0.02399	0.01532	0.02000	0.32046	0.01262	0.19405	0.05812	0.02386	0.01269	0.01371	0.01017	0.00713	0.00589	0.00178	0.00937	0.00482	0.00438	0.00925
2	0.01478	0.01371	0.02298	0.25931	0.40047	0.01467	0.01888	0.01887	0.01500	0.02053	0.01612	0.02632	0.01454	0.00824	0.00719	0.00228	0.00817	0.10508	0.00371	0.00914
3	0.00942	0.00655	0.00767	0.00796	0.00838	0.00632	0.00491	0.01012	0.01195	0.01588	0.09165	0.19783	0.09108	0.47269	0.02460	0.00504	0.00549	0.01256	0.00511	0.00479
4	0.01096	0.00729	0.00931	0.00905	0.01092	0.00664	0.00691	0.01366	0.01771	0.07653	0.41662	0.13482	0.16480	0.01542	0.00818	0.00234	0.00382	0.07125	0.00716	0.00662
5	0.01222	0.00756	0.01010	0.00974	0.01165	0.00700	0.00757	0.01515	0.01816	0.10711	0.45631	0.12767	0.05302	0.01489	0.00821	0.00237	0.00408	0.11294	0.00733	0.00695
6	0.11305	0.01076	0.01295	0.01059	0.01467	0.01011	0.00856	0.06569	0.01874	0.37526	0.14316	0.03117	0.10537	0.01015	0.00683	0.00212	0.00506	0.00825	0.03812	0.00940
7	0.01237	0.01128	0.01431	0.01276	0.01414	0.01368	0.01025	0.01640	0.09680	0.02054	0.16069	0.03667	0.20940	0.01346	0.01403	0.00257	0.31851	0.00966	0.00523	0.00723
8	0.01759	0.57217	0.07080	0.01617	0.09877	0.02468	0.01380	0.02025	0.01382	0.01715	0.01000	0.01220	0.00903	0.00646	0.00637	0.00170	0.07286	0.00422	0.00298	0.00897
9	0.01941	0.18036	0.02473	0.16980	0.06896	0.07158	0.08201	0.05045	0.01638	0.14152	0.01442	0.01646	0.01083	0.00662	0.00617	0.00186	0.00805	0.00553	0.00433	0.10052
10	0.00973	0.00663	0.00797	0.00849	0.00875	0.00655	0.00540	0.01035	0.01128	0.01498	0.02665	0.19804	0.03083	0.51890	0.02641	0.00542	0.00603	0.08805	0.00486	0.00469
11	0.37909	0.01316	0.01507	0.01710	0.16211	0.01429	0.01119	0.07441	0.01489	0.07004	0.01521	0.02146	0.01309	0.03284	0.05886	0.00295	0.00717	0.06394	0.00467	0.00845
12	0.11027	0.11307	0.14789	0.01452	0.02058	0.01498	0.08282	0.06700	0.01692	0.17913	0.07457	0.01920	0.01562	0.00736	0.00623	0.00195	0.00713	0.00603	0.00511	0.08960
13	0.06772	0.09205	0.25954	0.01770	0.02447	0.10099	0.11059	0.10228	0.03434	0.08545	0.01427	0.01628	0.01064	0.02573	0.00715	0.00217	0.00914	0.00567	0.00422	0.00963

[dist]
# distance from previous block
# <min> <max>
3	5

[block]
# block no. 7 follows, 31 sequences, length 6
# corresponding to MSA columns:
# 674-679
name=unknown_H
#
# <colnr> <probs for GDERKNQSTAVLIFYWHMCP>
#	G	D	E	R	K	N	Q	S	T	A	V	L	I	F	Y	W	H	M	C	P
0	0.00889	0.00712	0.00787	0.00814	0.00986	0.00647	0.00584	0.01151	0.05500	0.01909	0.09913	0.23541	0.41753	0.06451	0.00987	0.00269	0.00389	0.01489	0.00633	0.00596
1	0.01509	0.01602	0.08384	0.03415	0.52908	0.01427	0.01869	0.01896	0.01503	0.02140	0.01735	0.15130	0.01692	0.00893	0.00711	0.00218	0.00754	0.00844	0.00388	0.00981
2	0.01096	0.00724	0.00915	0.00871	0.01060	0.00652	0.00651	0.01361	0.01791	0.08187	0.45438	0.13989	0.17663	0.01507	0.00806	0.00226	0.00358	0.01318	0.00725	0.00665
3	0.01237	0.08169	0.01599	0.01625	0.14047	0.01116	0.01054	0.01388	0.01165	0.01619	0.01504	0.02217	0.01399	0.03251	0.37191	0.18522	0.01263	0.00644	0.00339	0.00653
4	0.09271	0.18758	0.14012	0.08513	0.26725	0.01855	0.07548	0.02069	0.01453	0.02120	0.01172	0.01486	0.00951	0.00616	0.00606	0.00198	0.00836	0.00532	0.00326	0.00952
5	0.01102	0.00742	0.00948	0.00905	0.01095	0.00678	0.00670	0.01324	0.01562	0.05538	0.27232	0.18897	0.10110	0.01807	0.07077	0.04701	0.00515	0.01180	0.05616	0.08299

[dist]
# distance from previous block
# <min> <max>
1	13

[block]
# block no. 8 follows, 31 sequences, length 8
# corresponding to MSA columns:
# 693-700
name=unknown_I
#
# <colnr> <probs for GDERKNQSTAVLIFYWHMCP>
#	G	D	E	R	K	N	Q	S	T	A	V	L	I	F	Y	W	H	M	C	P
0	0.05403	0.09792	0.08298	0.01797	0.07078	0.07434	0.09711	0.13205	0.04843	0.02448	0.01519	0.01725	0.03747	0.00752	0.00789	0.00198	0.08163	0.00586	0.00425	0.12088
1	0.01603	0.12059	0.01861	0.01458	0.06391	0.10187	0.01093	0.06413	0.01458	0.01923	0.01300	0.01738	0.01155	0.01839	0.16985	0.08340	0.07298	0.00540	0.00369	0.15991
2	0.01467	0.08878	0.05360	0.18700	0.05569	0.04709	0.03952	0.06468	0.09724	0.02195	0.06809	0.06339	0.08690	0.01032	0.00714	0.00225	0.00721	0.07135	0.00486	0.00825
3	0.01220	0.01512	0.14374	0.10005	0.10592	0.03248	0.01326	0.01602	0.01556	0.02119	0.14472	0.09515	0.15678	0.01100	0.00718	0.00211	0.00634	0.00947	0.00486	0.08684
4	0.15655	0.00993	0.00983	0.00973	0.01195	0.04194	0.00723	0.01626	0.10000	0.02328	0.16275	0.24636	0.15025	0.01443	0.00734	0.00236	0.00454	0.01226	0.00613	0.00686
5	0.01101	0.00609	0.00848	0.00876	0.00916	0.00595	0.00596	0.01012	0.01133	0.01590	0.08541	0.17876	0.02451	0.02077	0.01897	0.47689	0.00499	0.00944	0.08329	0.00419
6	0.01462	0.01897	0.22317	0.15096	0.11117	0.01390	0.01678	0.06782	0.06892	0.04927	0.07474	0.02686	0.11576	0.00903	0.00701	0.00219	0.00752	0.00761	0.00462	0.00907
7	0.01296	0.01351	0.02606	0.02117	0.07176	0.01253	0.36749	0.01691	0.01558	0.02043	0.03238	0.12259	0.21347	0.01099	0.00807	0.00235	0.00809	0.01114	0.00463	0.00791

[dist]
# distance from previous block
# <min> <max>
0	1

[block]
# block no. 9 follows, 31 sequences, length 28
# corresponding to MSA columns:
# 702-729
name=unknown_J
#
# <colnr> <probs for GDERKNQSTAVLIFYWHMCP>
#	G	D	E	R	K	N	Q	S	T	A	V	L	I	F	Y	W	H	M	C	P
0	0.35700	0.14852	0.13508	0.01413	0.04414	0.16051	0.01275	0.02190	0.01418	0.02363	0.01031	0.01210	0.00826	0.00642	0.00511	0.00194	0.00794	0.00415	0.00362	0.00832
1	0.01045	0.00835	0.01115	0.01065	0.01150	0.00971	0.00799	0.01199	0.01127	0.01564	0.02465	0.03500	0.11371	0.22728	0.33100	0.00732	0.13374	0.00878	0.00405	0.00577
2	0.01998	0.11625	0.16526	0.19757	0.02791	0.08620	0.01607	0.04827	0.04193	0.19182	0.01605	0.01738	0.01139	0.00720	0.00640	0.00205	0.00841	0.00565	0.00465	0.00955
3	0.14699	0.01945	0.01849	0.01472	0.01975	0.10728	0.01199	0.46797	0.02666	0.07884	0.01528	0.01551	0.01095	0.00780	0.00636	0.00203	0.00767	0.00561	0.00613	0.01053
4	0.01267	0.01161	0.01929	0.64873	0.04286	0.01425	0.01797	0.01705	0.01395	0.01787	0.01527	0.02585	0.01303	0.00840	0.00718	0.00239	0.00876	0.09198	0.00346	0.00743
5	0.01383	0.00776	0.00860	0.00767	0.01031	0.00702	0.00591	0.01675	0.01539	0.09256	0.07959	0.03129	0.11587	0.00938	0.00573	0.00171	0.00373	0.00768	0.44968	0.10954
6	0.01330	0.01224	0.01321	0.01189	0.01494	0.06179	0.04741	0.02196	0.27314	0.02326	0.11534	0.08435	0.25385	0.01282	0.00757	0.00229	0.00528	0.01094	0.00634	0.00807
7	0.01430	0.01540	0.03110	0.20395	0.03516	0.01529	0.43562	0.01925	0.01546	0.02037	0.02059	0.02452	0.10100	0.00753	0.00777	0.00230	0.00989	0.00840	0.00373	0.00838
8	0.01408	0.00733	0.00871	0.00800	0.01011	0.00691	0.00613	0.01721	0.01694	0.12200	0.28020	0.03473	0.03496	0.01028	0.00629	0.00187	0.00357	0.00868	0.39487	0.00713
9	0.11850	0.01397	0.01905	0.19006	0.02442	0.01805	0.01452	0.04257	0.01285	0.07222	0.01142	0.01593	0.00950	0.00962	0.01464	0.00261	0.39261	0.00579	0.00371	0.00796
10	0.01188	0.00594	0.00891	0.00891	0.00891	0.00594	0.00594	0.00891	0.00891	0.01188	0.01188	0.02080	0.01188	0.02377	0.02674	0.80095	0.00594	0.00594	0.00297	0.00297
11	0.67636	0.01210	0.00945	0.00856	0.01236	0.01386	0.00697	0.01942	0.01209	0.02984	0.01164	0.01349	0.00908	0.00662	0.00432	0.00203	0.00494	0.00415	0.13546	0.00724
12	0.01391	0.01059	0.01259	0.00994	0.01437	0.00851	0.00775	0.01639	0.01401	0.06150	0.01913	0.02802	0.04215	0.13192	0.01065	0.00227	0.00543	0.07246	0.00464	0.51377
13	0.00945	0.00661	0.00844	0.00890	0.00930	0.00678	0.00583	0.01037	0.01110	0.01509	0.02541	0.24376	0.02885	0.37905	0.19412	0.00657	0.00867	0.01204	0.00466	0.00502
14	0.01829	0.76368	0.03585	0.01171	0.01756	0.02707	0.01171	0.02049	0.01390	0.01610	0.00951	0.01097	0.00878	0.00585	0.00439	0.00146	0.00732	0.00366	0.00293	0.00878
15	0.01585	0.02003	0.16607	0.07951	0.41202	0.01645	0.11903	0.02086	0.01511	0.02161	0.01269	0.01667	0.01016	0.00641	0.00753	0.00215	0.03828	0.00617	0.00326	0.01012
16	0.01554	0.05513	0.07156	0.01289	0.01611	0.08377	0.01066	0.04899	0.21327	0.04712	0.02402	0.12049	0.04523	0.11063	0.06536	0.00348	0.03340	0.00884	0.00528	0.00824
17	0.00865	0.00695	0.00771	0.00752	0.00959	0.00601	0.00564	0.01091	0.01692	0.02163	0.29568	0.06066	0.48578	0.01615	0.00808	0.00225	0.00338	0.01371	0.00677	0.00601
18	0.00841	0.00682	0.00747	0.00758	0.00951	0.00587	0.00558	0.01035	0.01597	0.02001	0.18451	0.15258	0.50694	0.01724	0.00817	0.00234	0.00349	0.01471	0.00657	0.00587
19	0.12447	0.01712	0.01773	0.01435	0.01920	0.01926	0.01166	0.41878	0.22191	0.03736	0.01880	0.01834	0.01374	0.00828	0.00654	0.00214	0.00663	0.00629	0.00654	0.01086
20	0.30673	0.01138	0.01158	0.00984	0.01376	0.01189	0.00796	0.04791	0.05715	0.23527	0.01920	0.01931	0.01368	0.00762	0.00541	0.00200	0.00502	0.00563	0.19988	0.00877
21	0.01523	0.01493	0.02025	0.01744	0.01794	0.02045	0.01443	0.01903	0.10016	0.01804	0.01142	0.01633	0.01052	0.01163	0.02045	0.00291	0.65121	0.00621	0.00351	0.00792
22	0.01475	0.19890	0.56959	0.01775	0.02690	0.01840	0.02223	0.02140	0.01432	0.02042	0.01166	0.01367	0.00869	0.00635	0.00603	0.00201	0.00948	0.00474	0.00290	0.00981
23	0.02244	0.35047	0.02673	0.01479	0.01959	0.33202	0.01253	0.11049	0.01864	0.01987	0.01087	0.01227	0.00916	0.00668	0.00548	0.00167	0.00952	0.00431	0.00369	0.00878
24	0.80789	0.01323	0.01006	0.00900	0.01323	0.01535	0.00741	0.02011	0.01164	0.03070	0.00953	0.01111	0.00741	0.00635	0.00423	0.00212	0.00529	0.00370	0.00423	0.00741
25	0.09334	0.14492	0.13678	0.01707	0.10861	0.04262	0.03294	0.04781	0.10730	0.02278	0.05960	0.04293	0.04089	0.06432	0.00839	0.00239	0.00722	0.00683	0.00443	0.00882
26	0.00814	0.00673	0.00714	0.00746	0.00938	0.00573	0.00543	0.00976	0.01508	0.01827	0.06286	0.20644	0.57767	0.01816	0.00822	0.00241	0.00357	0.01546	0.00635	0.00573
27	0.01375	0.01359	0.01573	0.06856	0.01883	0.14544	0.07735	0.01673	0.01541	0.01906	0.09432	0.03800	0.06740	0.02252	0.20117	0.00468	0.01087	0.14498	0.00468	0.00692

[dist]
# distance from previous block
# <min> <max>
5	20

[block]
# block no. 10 follows, 31 sequences, length 28
# corresponding to MSA columns:
# 751-778
name=unknown_K
#
# <colnr> <probs for GDERKNQSTAVLIFYWHMCP>
#	G	D	E	R	K	N	Q	S	T	A	V	L	I	F	Y	W	H	M	C	P
0	0.60969	0.01265	0.01063	0.00957	0.01337	0.01438	0.00770	0.08102	0.01382	0.03009	0.01398	0.09895	0.01263	0.00835	0.00502	0.00217	0.00526	0.00588	0.03732	0.00754
1	0.01723	0.02271	0.30041	0.01821	0.06856	0.01596	0.01773	0.10350	0.09267	0.09139	0.05610	0.02094	0.01543	0.00864	0.00878	0.00229	0.09854	0.02625	0.00475	0.00992
2	0.01524	0.01439	0.04311	0.01576	0.01898	0.06987	0.11323	0.01817	0.01394	0.06502	0.01706	0.02676	0.01571	0.06231	0.13259	0.00402	0.15213	0.08393	0.00417	0.11360
3	0.00882	0.00667	0.00822	0.00884	0.01014	0.00616	0.00643	0.01068	0.01479	0.01928	0.14840	0.31069	0.25218	0.04907	0.05145	0.00319	0.00482	0.06808	0.00629	0.00580
4	0.01695	0.09433	0.09369	0.22194	0.22448	0.11066	0.01816	0.04509	0.01548	0.01989	0.01180	0.01567	0.00957	0.00698	0.00769	0.00210	0.06764	0.00552	0.00331	0.00906
5	0.01308	0.01918	0.25908	0.08466	0.10776	0.01281	0.01647	0.01967	0.08486	0.02289	0.14015	0.03055	0.07040	0.00966	0.00712	0.00223	0.00718	0.05148	0.03203	0.00874
6	0.00935	0.00724	0.00894	0.01021	0.05586	0.00669	0.00643	0.01088	0.01410	0.01832	0.12173	0.22730	0.26572	0.18948	0.01436	0.00339	0.00461	0.01385	0.00578	0.00576
7	0.01690	0.06439	0.16798	0.18447	0.08427	0.01773	0.17157	0.14062	0.04166	0.02456	0.01376	0.01692	0.01028	0.00674	0.00691	0.00216	0.00928	0.00626	0.00394	0.00962
8	0.13363	0.01185	0.01511	0.01175	0.01690	0.01076	0.00970	0.03159	0.01853	0.63011	0.02468	0.02167	0.01567	0.00819	0.00653	0.00212	0.00575	0.00646	0.00791	0.01108
9	0.01497	0.01497	0.02095	0.01796	0.01796	0.02095	0.01497	0.01646	0.01048	0.01646	0.00898	0.01497	0.00898	0.01197	0.02245	0.00299	0.74704	0.00599	0.00299	0.00748
10	0.01960	0.10395	0.02465	0.02651	0.32618	0.01901	0.01600	0.20858	0.13613	0.02839	0.01598	0.01755	0.01251	0.00719	0.00655	0.00202	0.00741	0.00611	0.00489	0.01081
11	0.11784	0.01659	0.06854	0.02829	0.30637	0.01540	0.17635	0.04525	0.01576	0.04864	0.01557	0.06064	0.01345	0.00760	0.00696	0.00221	0.00828	0.03265	0.00407	0.00956
12	0.01701	0.01880	0.20777	0.01391	0.01870	0.05629	0.01332	0.09973	0.07247	0.12094	0.04067	0.14759	0.02102	0.10790	0.01072	0.00282	0.00728	0.00890	0.00538	0.00878
13	0.00885	0.00683	0.00808	0.00804	0.00978	0.00606	0.00593	0.01119	0.01698	0.02243	0.35885	0.15117	0.32847	0.01635	0.00816	0.00230	0.00342	0.01417	0.00689	0.00606
14	0.01733	0.01480	0.01651	0.09911	0.02151	0.01718	0.01197	0.09225	0.56458	0.02860	0.02501	0.02387	0.01870	0.00890	0.00694	0.00229	0.00603	0.00740	0.00649	0.01052
15	0.06541	0.01346	0.01202	0.01045	0.01349	0.09986	0.00820	0.20119	0.01963	0.02951	0.01852	0.02057	0.01426	0.00783	0.00548	0.00177	0.00561	0.00592	0.43877	0.00805
16	0.01056	0.00689	0.00832	0.00891	0.01047	0.00630	0.00663	0.01252	0.01472	0.06221	0.04395	0.32682	0.23254	0.01733	0.00800	0.00249	0.00413	0.09887	0.11214	0.00620
17	0.02722	0.01722	0.01933	0.01482	0.02025	0.01833	0.01224	0.52309	0.02891	0.21871	0.01916	0.01820	0.01301	0.00828	0.00685	0.00207	0.00709	0.00635	0.00726	0.01164
18	0.00985	0.00659	0.00749	0.00759	0.00761	0.00657	0.00428	0.00992	0.01014	0.01352	0.02254	0.08814	0.02612	0.71450	0.03323	0.00640	0.00647	0.01053	0.00428	0.00423
19	0.05186	0.30537	0.02478	0.01374	0.01862	0.17720	0.01179	0.21362	0.02049	0.02501	0.03845	0.01647	0.04045	0.00756	0.00575	0.00178	0.00810	0.00528	0.00453	0.00915
20	0.01479	0.13446	0.13972	0.10593	0.20447	0.01525	0.01612	0.01917	0.03906	0.04485	0.01873	0.16077	0.01808	0.00978	0.00683	0.00219	0.00741	0.02936	0.00416	0.00888
21	0.01696	0.40442	0.04741	0.01367	0.04402	0.08750	0.01181	0.05726	0.01484	0.01809	0.01307	0.03683	0.01200	0.01711	0.17373	0.00382	0.01037	0.00531	0.00349	0.00827
22	0.09970	0.01383	0.01937	0.55296	0.03952	0.04141	0.01685	0.09819	0.01585	0.02190	0.01233	0.01706	0.00922	0.00696	0.00654	0.00222	0.00864	0.00578	0.00363	0.00807
23	0.01366	0.00980	0.01185	0.01190	0.01407	0.01026	0.00921	0.06398	0.18833	0.06563	0.03284	0.32372	0.03386	0.01615	0.00822	0.00266	0.00521	0.16418	0.00665	0.00782
24	0.00845	0.00624	0.00766	0.00873	0.00951	0.00572	0.00586	0.00964	0.01332	0.01724	0.04303	0.52559	0.19229	0.09923	0.01137	0.00309	0.00414	0.01732	0.00612	0.00546
25	0.01237	0.00806	0.01114	0.01223	0.01397	0.00795	0.01050	0.01528	0.01564	0.07062	0.03459	0.07114	0.03680	0.06708	0.01094	0.00331	0.00629	0.57924	0.00631	0.00654
26	0.00858	0.00614	0.00816	0.00936	0.00998	0.00572	0.00637	0.01014	0.01424	0.01929	0.16111	0.62650	0.04878	0.02007	0.00861	0.00266	0.00383	0.01816	0.00657	0.00572
27	0.02249	0.01742	0.01855	0.01503	0.01988	0.01958	0.01215	0.43706	0.29490	0.03745	0.02089	0.01998	0.01525	0.00863	0.00689	0.00216	0.00670	0.00678	0.00689	0.01132

[dist]
# distance from previous block
# <min> <max>
0	7

[block]
# block no. 11 follows, 31 sequences, length 13
# corresponding to MSA columns:
# 786-798
name=unknown_L
#
# <colnr> <probs for GDERKNQSTAVLIFYWHMCP>
#	G	D	E	R	K	N	Q	S	T	A	V	L	I	F	Y	W	H	M	C	P
0	0.01629	0.01106	0.01198	0.01036	0.01331	0.01180	0.00815	0.20459	0.10606	0.03114	0.16498	0.02833	0.02610	0.00945	0.00630	0.00193	0.00467	0.00773	0.31740	0.00839
1	0.18664	0.01614	0.01637	0.01303	0.01770	0.01792	0.01069	0.45898	0.02540	0.03807	0.01582	0.01659	0.01158	0.00779	0.00601	0.00200	0.00646	0.00568	0.11711	0.01002
2	0.01945	0.01517	0.01707	0.01415	0.01815	0.01684	0.01133	0.27100	0.22550	0.05448	0.02097	0.08871	0.01730	0.00986	0.00851	0.00219	0.08372	0.00767	0.00620	0.09172
3	0.01744	0.60750	0.03135	0.01138	0.01728	0.02334	0.01096	0.01981	0.01396	0.01738	0.01006	0.01164	0.00906	0.00569	0.00453	0.00137	0.00685	0.00374	0.00316	0.17350
4	0.37087	0.01309	0.01766	0.23408	0.02679	0.01480	0.10925	0.01895	0.01333	0.02437	0.01374	0.02124	0.01170	0.00773	0.00612	0.00230	0.00745	0.07493	0.00398	0.00761
5	0.02023	0.01627	0.01839	0.01726	0.09071	0.01816	0.01246	0.29010	0.34363	0.03301	0.02160	0.02186	0.01640	0.03862	0.00801	0.00236	0.00657	0.00704	0.00643	0.01088
6	0.02700	0.01175	0.01684	0.16408	0.02363	0.01112	0.01191	0.03004	0.01835	0.57529	0.02391	0.02224	0.01531	0.00813	0.00687	0.00215	0.00651	0.00671	0.00734	0.01080
7	0.01528	0.01343	0.02074	0.02752	0.38219	0.01400	0.01536	0.01992	0.06946	0.04852	0.16259	0.02723	0.05875	0.00925	0.00874	0.00220	0.08267	0.00797	0.00482	0.00935
8	0.00994	0.00864	0.01458	0.01329	0.01523	0.00802	0.14874	0.01213	0.01397	0.01849	0.03573	0.53694	0.10114	0.01779	0.00853	0.00264	0.00549	0.01661	0.00575	0.00634
9	0.01165	0.00711	0.01053	0.12982	0.01492	0.00761	0.00772	0.01054	0.00992	0.01309	0.01394	0.02536	0.01413	0.17388	0.02513	0.50403	0.00661	0.00680	0.00323	0.00398
10	0.02109	0.31655	0.13102	0.01489	0.02101	0.08984	0.01434	0.26548	0.02112	0.02678	0.01253	0.01359	0.00980	0.00692	0.00576	0.00181	0.00828	0.00484	0.00440	0.00993
11	0.02022	0.01197	0.01423	0.01252	0.01632	0.01235	0.00992	0.03006	0.31972	0.27084	0.03056	0.10490	0.04680	0.01120	0.00733	0.00235	0.00541	0.05586	0.00736	0.01008
12	0.01264	0.00924	0.01183	0.03917	0.05001	0.00873	0.00851	0.01708	0.08207	0.07591	0.30407	0.08325	0.14019	0.01263	0.00754	0.00214	0.00448	0.03476	0.00652	0.08923

[dist]
# distance from previous block
# <min> <max>
0	24

[block]
# block no. 12 follows, 31 sequences, length 27
# corresponding to MSA columns:
# 823-849
name=unknown_M
#
# <colnr> <probs for GDERKNQSTAVLIFYWHMCP>
#	G	D	E	R	K	N	Q	S	T	A	V	L	I	F	Y	W	H	M	C	P
0	0.06576	0.34229	0.02544	0.03011	0.01931	0.30005	0.01213	0.02420	0.07148	0.01831	0.01205	0.01430	0.01037	0.00693	0.00545	0.00174	0.00902	0.01898	0.00364	0.00845
1	0.01065	0.00655	0.00864	0.00873	0.00920	0.00633	0.00569	0.00993	0.01044	0.01415	0.02026	0.17696	0.02263	0.24452	0.04623	0.32962	0.00608	0.00983	0.00409	0.04946
2	0.01690	0.09564	0.27672	0.02218	0.17069	0.03985	0.01879	0.08481	0.12106	0.02384	0.01464	0.01647	0.01129	0.00726	0.00736	0.00212	0.05055	0.00568	0.00400	0.01017
3	0.01338	0.01329	0.09762	0.01259	0.07031	0.05887	0.00992	0.01815	0.06690	0.02381	0.12467	0.03125	0.10915	0.00970	0.00629	0.00193	0.00527	0.00802	0.31132	0.00757
4	0.00975	0.00687	0.00819	0.00844	0.01013	0.00606	0.00611	0.01161	0.01562	0.05982	0.17154	0.30324	0.32230	0.01767	0.00824	0.00244	0.00373	0.01540	0.00668	0.00616
5	0.01773	0.01860	0.02570	0.16077	0.43426	0.14518	0.05749	0.02157	0.01596	0.02045	0.01239	0.01642	0.01014	0.00638	0.00675	0.00204	0.00926	0.00590	0.00335	0.00965
6	0.02137	0.02025	0.09858	0.04426	0.08055	0.15150	0.01411	0.07934	0.23203	0.15704	0.01993	0.01966	0.01448	0.00795	0.00671	0.00211	0.00786	0.00632	0.00567	0.01029
7	0.01274	0.00955	0.01253	0.01162	0.01372	0.01077	0.00917	0.14127	0.01531	0.02122	0.02135	0.02748	0.06236	0.04089	0.54683	0.00872	0.01529	0.00758	0.00445	0.00713
8	0.01615	0.01439	0.04191	0.02292	0.24315	0.01433	0.07470	0.07742	0.16747	0.02562	0.01995	0.06949	0.01655	0.00832	0.00668	0.00209	0.00664	0.00755	0.15514	0.00954
9	0.01933	0.01353	0.01652	0.15171	0.02327	0.01510	0.01220	0.03210	0.41889	0.18305	0.02468	0.02364	0.01776	0.00864	0.00692	0.00227	0.00621	0.00723	0.00656	0.01040
10	0.01813	0.53107	0.02826	0.01142	0.01618	0.10907	0.01058	0.02046	0.01465	0.01796	0.01207	0.01389	0.01044	0.00640	0.00468	0.00152	0.00715	0.00426	0.15358	0.00822
11	0.01231	0.01118	0.01836	0.60393	0.04013	0.01354	0.01662	0.01661	0.01476	0.01937	0.14503	0.02447	0.01962	0.00819	0.00707	0.00226	0.00800	0.00727	0.00389	0.00738
12	0.01660	0.01131	0.01375	0.01045	0.01568	0.00886	0.00826	0.01934	0.01508	0.15423	0.01808	0.10621	0.01570	0.00771	0.00586	0.00144	0.00508	0.00647	0.00517	0.55474
13	0.01257	0.00703	0.00944	0.01003	0.01135	0.00641	0.00705	0.01404	0.01433	0.15091	0.03568	0.61642	0.03988	0.01898	0.00838	0.00265	0.00432	0.01707	0.00675	0.00671
14	0.02583	0.02746	0.01883	0.01661	0.02024	0.54803	0.01274	0.02774	0.01883	0.15030	0.01358	0.01459	0.01036	0.00765	0.00739	0.00191	0.05990	0.00498	0.00443	0.00860
15	0.18679	0.01263	0.01484	0.01188	0.01680	0.01239	0.00973	0.05849	0.09648	0.47416	0.02310	0.02078	0.01523	0.00812	0.00635	0.00214	0.00574	0.00630	0.00737	0.01069
16	0.01761	0.00780	0.00895	0.00795	0.01054	0.00737	0.00621	0.02065	0.01576	0.21397	0.02358	0.02491	0.01737	0.00811	0.00535	0.00174	0.00390	0.00651	0.58391	0.00780
17	0.07963	0.23525	0.02172	0.01230	0.01724	0.01800	0.01067	0.20398	0.02069	0.18899	0.10776	0.02056	0.01865	0.00820	0.00610	0.00191	0.00634	0.00622	0.00596	0.00981
18	0.01253	0.00772	0.00891	0.00834	0.01095	0.00662	0.00635	0.01450	0.01639	0.15235	0.11018	0.13104	0.45697	0.01582	0.00793	0.00231	0.00395	0.01338	0.00685	0.00692
19	0.02687	0.01863	0.01957	0.01519	0.02050	0.06632	0.01246	0.52458	0.02893	0.16995	0.01804	0.01745	0.01245	0.00818	0.00681	0.00205	0.00752	0.00618	0.00693	0.01139
20	0.01732	0.01206	0.01451	0.01052	0.01645	0.00930	0.00848	0.02028	0.01521	0.15482	0.01497	0.01591	0.01142	0.00571	0.00541	0.00122	0.00521	0.00459	0.00489	0.65173
21	0.01239	0.01041	0.01209	0.07820	0.05782	0.07005	0.00923	0.05158	0.01640	0.02203	0.18001	0.32019	0.03689	0.01442	0.00763	0.00232	0.00536	0.01272	0.07338	0.00687
22	0.16095	0.00784	0.00821	0.00820	0.00912	0.00826	0.00528	0.01195	0.01071	0.01723	0.02108	0.12466	0.02364	0.48703	0.06436	0.00554	0.00670	0.00979	0.00441	0.00505
23	0.01767	0.09213	0.02085	0.06464	0.14762	0.24048	0.03449	0.02090	0.04477	0.01871	0.02281	0.02450	0.14342	0.00915	0.00793	0.00206	0.06856	0.00703	0.00404	0.00824
24	0.01838	0.01715	0.12143	0.01850	0.14019	0.07395	0.01393	0.06142	0.01734	0.15548	0.08999	0.07951	0.02064	0.00942	0.00755	0.00211	0.03782	0.02629	0.03444	0.05446
25	0.03931	0.12469	0.25789	0.01616	0.04324	0.04174	0.03012	0.05688	0.01697	0.22019	0.01813	0.02166	0.01374	0.00805	0.00655	0.00211	0.00801	0.05955	0.00503	0.00998
26	0.15087	0.25446	0.02305	0.03490	0.05637	0.10970	0.01175	0.10523	0.01760	0.15591	0.01405	0.01469	0.01057	0.00691	0.00556	0.00186	0.00746	0.00487	0.00477	0.00942

[dist]
# distance from previous block
# <min> <max>
0	21

[block]
