[name]
unknown

[dist]
# distance from previous block
# <min> <max>
0	606

[block]
# block no. 0 follows, 29 sequences, length 26
# corresponding to MSA columns:
# 634-659
name=unknown_A
#
# <colnr> <probs for GDERKNQSTAVLIFYWHMCP>
#	G	D	E	R	K	N	Q	S	T	A	V	L	I	F	Y	W	H	M	C	P
0	0.01225	0.00982	0.01189	0.05193	0.01514	0.03136	0.00937	0.08537	0.01653	0.02155	0.03596	0.40081	0.10433	0.01814	0.00952	0.00276	0.04647	0.10371	0.00618	0.00691
1	0.01427	0.06495	0.34153	0.01592	0.02221	0.03630	0.03214	0.02074	0.05749	0.02302	0.10488	0.02353	0.03301	0.01121	0.04759	0.00271	0.04751	0.00691	0.08505	0.00904
2	0.01269	0.08105	0.01382	0.01109	0.01292	0.01134	0.00846	0.08536	0.01424	0.01933	0.02162	0.13461	0.02229	0.17968	0.33123	0.00729	0.01209	0.00953	0.00461	0.00676
3	0.01469	0.12803	0.20674	0.08145	0.05305	0.01640	0.01578	0.05492	0.06960	0.02179	0.02618	0.02765	0.15346	0.01186	0.04131	0.00267	0.05342	0.00766	0.00439	0.00896
4	0.47833	0.06144	0.01689	0.01259	0.01763	0.01805	0.04723	0.18325	0.01818	0.06933	0.01288	0.01400	0.00957	0.00713	0.00545	0.00216	0.00660	0.00491	0.00517	0.00921
5	0.09593	0.01339	0.01699	0.16138	0.02345	0.01500	0.03385	0.17392	0.06092	0.06381	0.06534	0.11647	0.02097	0.05990	0.00998	0.00269	0.04280	0.00882	0.00562	0.00876
6	0.06542	0.17279	0.05616	0.06293	0.02203	0.20886	0.01335	0.10235	0.01939	0.16402	0.01601	0.01804	0.01222	0.00785	0.00634	0.00200	0.00886	0.02664	0.00507	0.00968
7	0.05992	0.00789	0.00990	0.00971	0.01063	0.00876	0.00693	0.01273	0.01128	0.01726	0.01924	0.03240	0.01934	0.28590	0.29259	0.06028	0.04071	0.00810	0.08084	0.00559
8	0.00928	0.00645	0.00809	0.00915	0.00941	0.00618	0.00579	0.01007	0.01246	0.01662	0.03324	0.49545	0.03952	0.28231	0.01879	0.00433	0.00512	0.01671	0.00579	0.00526
9	0.01368	0.01289	0.02178	0.69413	0.08573	0.01588	0.01989	0.01840	0.01435	0.01848	0.01270	0.01891	0.00959	0.00708	0.00712	0.00236	0.00943	0.00633	0.00318	0.00810
10	0.01341	0.01552	0.08259	0.02024	0.02528	0.01299	0.34093	0.01774	0.01577	0.02093	0.02986	0.10198	0.15078	0.06326	0.01039	0.00281	0.00880	0.05398	0.00466	0.00805
11	0.01569	0.01336	0.01952	0.47857	0.03780	0.01574	0.01652	0.15385	0.01891	0.02484	0.08990	0.02425	0.04395	0.00865	0.00731	0.00231	0.00826	0.00740	0.00462	0.00857
12	0.01357	0.00773	0.00994	0.00988	0.01185	0.00691	0.00721	0.01551	0.01638	0.16063	0.13699	0.38445	0.15574	0.01773	0.00848	0.00258	0.00432	0.01564	0.00723	0.00724
13	0.01671	0.00854	0.01122	0.01000	0.01267	0.00771	0.00769	0.01961	0.01895	0.23139	0.35814	0.13222	0.04572	0.01333	0.00784	0.00227	0.00427	0.01161	0.07192	0.00821
14	0.00883	0.00626	0.00822	0.00971	0.01009	0.00589	0.00640	0.00996	0.01333	0.01777	0.03768	0.68008	0.04512	0.09003	0.01162	0.00327	0.00439	0.01932	0.00640	0.00565
15	0.11688	0.01881	0.01985	0.01537	0.02091	0.02076	0.01270	0.57059	0.03031	0.07882	0.01685	0.01684	0.01189	0.00834	0.00681	0.00215	0.00747	0.00615	0.00690	0.01160
16	0.01341	0.00983	0.01103	0.01054	0.01270	0.01020	0.00759	0.02063	0.22908	0.06444	0.06917	0.16161	0.13987	0.19027	0.01473	0.00355	0.00527	0.01199	0.00646	0.00765
17	0.00909	0.00717	0.00826	0.00886	0.01043	0.00653	0.00631	0.01165	0.04834	0.01991	0.09779	0.36089	0.34056	0.01926	0.00865	0.00261	0.00392	0.01682	0.00672	0.00622
18	0.02246	0.01765	0.01877	0.01545	0.02032	0.01993	0.01242	0.36428	0.35830	0.03744	0.02295	0.02176	0.01685	0.00910	0.00718	0.00227	0.00675	0.00722	0.00718	0.01170
19	0.30092	0.01785	0.01803	0.01508	0.01874	0.15394	0.09299	0.02229	0.01481	0.06113	0.01295	0.01566	0.01028	0.00792	0.00859	0.00225	0.12662	0.00541	0.08634	0.00819
20	0.01722	0.01617	0.02587	0.13557	0.32830	0.01707	0.10162	0.06139	0.15441	0.02489	0.01827	0.02110	0.03054	0.00751	0.00731	0.00226	0.00833	0.00717	0.00452	0.01048
21	0.01773	0.05342	0.10211	0.05022	0.05973	0.01452	0.01324	0.11790	0.03384	0.05780	0.01422	0.01610	0.01107	0.00665	0.00666	0.00166	0.03288	0.00517	0.00460	0.38048
22	0.00921	0.00703	0.00848	0.00872	0.01035	0.00630	0.00640	0.01151	0.01709	0.02255	0.29896	0.22320	0.28590	0.01780	0.00862	0.00249	0.00374	0.03834	0.00707	0.00624
23	0.01803	0.01745	0.05373	0.09598	0.06201	0.07485	0.07586	0.13967	0.19712	0.02694	0.04746	0.02551	0.07531	0.00996	0.00837	0.04110	0.00781	0.00777	0.00549	0.00959
24	0.00886	0.00709	0.00780	0.00814	0.00998	0.00620	0.00597	0.01062	0.01562	0.01929	0.09223	0.17721	0.47820	0.06763	0.01047	0.00283	0.00408	0.05532	0.00651	0.00593
25	0.01837	0.01696	0.02378	0.23434	0.16555	0.05717	0.08080	0.14088	0.10198	0.02605	0.01568	0.01876	0.01198	0.00734	0.00711	0.00219	0.00873	0.00655	0.00457	0.05123

[dist]
# distance from previous block
# <min> <max>
0	24

[block]
# block no. 1 follows, 29 sequences, length 29
# corresponding to MSA columns:
# 684-712
name=unknown_B
#
# <colnr> <probs for GDERKNQSTAVLIFYWHMCP>
#	G	D	E	R	K	N	Q	S	T	A	V	L	I	F	Y	W	H	M	C	P
0	0.01696	0.12713	0.17560	0.01368	0.01875	0.01444	0.01329	0.11126	0.01786	0.10970	0.02657	0.23277	0.06792	0.01246	0.00733	0.00232	0.00683	0.01047	0.00561	0.00905
1	0.01833	0.07434	0.15515	0.01677	0.04687	0.18021	0.01475	0.12026	0.01916	0.02397	0.07675	0.12435	0.02137	0.01075	0.00786	0.00225	0.03800	0.03507	0.00488	0.00889
2	0.01505	0.06098	0.16614	0.12305	0.10577	0.01386	0.01568	0.01960	0.01490	0.02196	0.01261	0.01559	0.01007	0.00603	0.00603	0.00165	0.00751	0.00498	0.00366	0.37487
3	0.49312	0.01352	0.01229	0.01017	0.01495	0.01421	0.00827	0.07059	0.01498	0.03057	0.05978	0.01570	0.01293	0.00699	0.00511	0.00192	0.00548	0.00478	0.00481	0.19984
4	0.00880	0.00650	0.00804	0.00914	0.00998	0.00595	0.00617	0.01012	0.01411	0.01836	0.06542	0.52385	0.18358	0.08117	0.01117	0.00310	0.00423	0.01810	0.00646	0.00574
5	0.01542	0.01584	0.02310	0.25240	0.05193	0.10631	0.16430	0.02016	0.04591	0.02007	0.01913	0.09550	0.01772	0.01168	0.03665	0.00282	0.00984	0.07881	0.00425	0.00817
6	0.01665	0.06412	0.13965	0.01431	0.02067	0.01330	0.06280	0.06012	0.04272	0.07825	0.01891	0.06971	0.04042	0.00797	0.00645	0.00178	0.00693	0.00674	0.00480	0.32369
7	0.01539	0.01226	0.01677	0.01455	0.01645	0.01465	0.03674	0.12393	0.01531	0.04581	0.01667	0.02433	0.01518	0.10143	0.30037	0.00661	0.20401	0.00735	0.00439	0.00780
8	0.01439	0.03508	0.65585	0.02016	0.02982	0.01697	0.02542	0.02210	0.01469	0.02210	0.01250	0.01508	0.00905	0.00724	0.00813	0.00233	0.07043	0.00534	0.00302	0.01030
9	0.02244	0.01630	0.10438	0.01390	0.01918	0.01384	0.01245	0.12565	0.16242	0.27301	0.10552	0.02777	0.05129	0.00975	0.00732	0.00226	0.00638	0.00800	0.00729	0.01085
10	0.02282	0.01940	0.02473	0.02297	0.15078	0.07114	0.11268	0.36788	0.02556	0.03432	0.01598	0.01783	0.01196	0.00766	0.00710	0.00212	0.00863	0.00657	0.05896	0.01093
11	0.00916	0.00677	0.00845	0.00944	0.01049	0.00625	0.00671	0.01082	0.01477	0.01924	0.09755	0.41812	0.18883	0.07542	0.01102	0.00308	0.00443	0.08704	0.00653	0.00588
12	0.00866	0.00627	0.00818	0.00971	0.01027	0.00580	0.00652	0.00994	0.01383	0.01826	0.04173	0.69400	0.09659	0.02199	0.00904	0.00286	0.00409	0.01985	0.00661	0.00580
13	0.01615	0.01934	0.15317	0.18474	0.21238	0.01769	0.01979	0.07430	0.01574	0.02230	0.01284	0.01739	0.01039	0.00981	0.03791	0.00276	0.15400	0.00617	0.00357	0.00957
14	0.00876	0.00649	0.00821	0.00954	0.01040	0.00595	0.00661	0.01021	0.01427	0.01854	0.04559	0.58079	0.17468	0.02135	0.00899	0.00282	0.00415	0.05017	0.00661	0.00587
15	0.00872	0.00651	0.00812	0.00923	0.01019	0.00591	0.00635	0.01026	0.01472	0.01922	0.09770	0.53845	0.19721	0.02074	0.00888	0.00273	0.00395	0.01849	0.00671	0.00591
16	0.02002	0.28035	0.06997	0.01252	0.01766	0.01867	0.01155	0.07966	0.12669	0.12558	0.01887	0.01922	0.01432	0.00772	0.00582	0.00189	0.00650	0.00581	0.14737	0.00981
17	0.05225	0.01550	0.02455	0.17222	0.36930	0.01645	0.05046	0.05652	0.07233	0.04445	0.01539	0.01903	0.01213	0.00802	0.02252	0.00241	0.00849	0.00653	0.02123	0.01023
18	0.00980	0.00710	0.00862	0.00847	0.01018	0.00645	0.00627	0.01257	0.01814	0.02514	0.43177	0.12869	0.20752	0.01569	0.00820	0.00230	0.00350	0.01367	0.06948	0.00645
19	0.01969	0.01559	0.01647	0.01415	0.01836	0.01767	0.01119	0.20414	0.44736	0.03339	0.02525	0.02408	0.01884	0.00922	0.00697	0.00226	0.00596	0.00747	0.09094	0.01099
20	0.01855	0.32458	0.12249	0.01602	0.02210	0.04275	0.11173	0.07605	0.01744	0.06216	0.08318	0.01959	0.01649	0.02935	0.00717	0.00208	0.00830	0.00623	0.00434	0.00940
21	0.66374	0.09440	0.01400	0.01028	0.01481	0.06532	0.00860	0.02148	0.01292	0.02933	0.00999	0.01164	0.00796	0.00660	0.00456	0.00211	0.00623	0.00390	0.00421	0.00790
22	0.25854	0.01503	0.01492	0.01291	0.01717	0.01702	0.01039	0.17542	0.26102	0.03342	0.06665	0.02392	0.01918	0.00923	0.00654	0.00231	0.00598	0.03412	0.00636	0.00986
23	0.01679	0.01785	0.12921	0.27542	0.20984	0.01594	0.01919	0.06011	0.06171	0.06969	0.01766	0.02077	0.03938	0.00767	0.00711	0.00227	0.00856	0.00669	0.00426	0.00987
24	0.01123	0.00915	0.01009	0.00961	0.01204	0.00909	0.00722	0.01786	0.18217	0.02419	0.23480	0.08176	0.30665	0.04107	0.00914	0.00254	0.00417	0.01278	0.00703	0.00742
25	0.01577	0.09657	0.18149	0.04680	0.22070	0.01752	0.01822	0.02219	0.09596	0.02212	0.04538	0.01965	0.01451	0.01140	0.06250	0.00295	0.08606	0.00641	0.00396	0.00983
26	0.00901	0.00711	0.00813	0.00815	0.01005	0.00622	0.00601	0.01127	0.01723	0.02227	0.28166	0.14926	0.40352	0.01740	0.00850	0.00241	0.00359	0.01496	0.00703	0.00622
27	0.02054	0.36529	0.07723	0.06407	0.02249	0.16536	0.01443	0.10012	0.01762	0.02074	0.01132	0.01346	0.00953	0.00723	0.00699	0.00189	0.06410	0.00473	0.00366	0.00922
28	0.02025	0.08954	0.12018	0.06199	0.12348	0.06472	0.01552	0.13064	0.06421	0.11182	0.01769	0.05946	0.01414	0.00822	0.00676	0.00207	0.00795	0.00670	0.00512	0.06955

[dist]
# distance from previous block
# <min> <max>
0	4

[block]
# block no. 2 follows, 29 sequences, length 14
# corresponding to MSA columns:
# 717-730
name=unknown_C
#
# <colnr> <probs for GDERKNQSTAVLIFYWHMCP>
#	G	D	E	R	K	N	Q	S	T	A	V	L	I	F	Y	W	H	M	C	P
0	0.10128	0.09955	0.02035	0.01544	0.01970	0.12200	0.05393	0.03096	0.37359	0.02574	0.02042	0.02034	0.01577	0.00850	0.00734	0.00224	0.04078	0.00657	0.00554	0.00995
1	0.01779	0.05919	0.11400	0.04424	0.08754	0.01672	0.04970	0.18751	0.12455	0.02946	0.11325	0.05256	0.02295	0.00979	0.00738	0.00228	0.00738	0.03799	0.00574	0.01001
2	0.00896	0.00668	0.00834	0.00909	0.01025	0.00606	0.00638	0.01085	0.01581	0.02097	0.20967	0.42732	0.19465	0.01947	0.00877	0.00263	0.00383	0.01729	0.00691	0.00606
3	0.01728	0.01702	0.06322	0.08669	0.17107	0.06841	0.01497	0.10960	0.15718	0.02503	0.01930	0.06212	0.01646	0.04530	0.09138	0.00352	0.00927	0.00760	0.00495	0.00963
4	0.00963	0.00712	0.00903	0.00922	0.01033	0.00713	0.00653	0.01132	0.01345	0.01803	0.11038	0.15307	0.16482	0.20233	0.22891	0.00624	0.00908	0.01226	0.00537	0.00576
5	0.01574	0.13163	0.06019	0.09977	0.08584	0.01700	0.04194	0.02514	0.24248	0.02387	0.08667	0.02725	0.02154	0.01126	0.04014	0.00268	0.00765	0.04450	0.00524	0.00949
6	0.01477	0.01266	0.01477	0.01055	0.01687	0.00949	0.00844	0.01793	0.01477	0.02320	0.01266	0.01477	0.01055	0.00527	0.00527	0.00105	0.00527	0.00422	0.00422	0.79328
7	0.80005	0.01377	0.01047	0.00936	0.01377	0.01597	0.00771	0.02093	0.01212	0.03195	0.00991	0.01157	0.00771	0.00661	0.00441	0.00220	0.00551	0.00386	0.00441	0.00771
8	0.01255	0.01157	0.01930	0.24851	0.05923	0.01197	0.12187	0.01603	0.01489	0.01977	0.06109	0.12847	0.10264	0.07935	0.01040	0.00277	0.00759	0.01020	0.00456	0.05723
9	0.00868	0.00661	0.00785	0.00881	0.00992	0.00593	0.00604	0.01005	0.01439	0.01831	0.05024	0.45917	0.28413	0.06239	0.01040	0.00294	0.00410	0.01778	0.00648	0.00578
10	0.01121	0.00844	0.01057	0.01140	0.05529	0.00788	0.00789	0.01478	0.05747	0.05079	0.25291	0.14901	0.26944	0.01601	0.00837	0.00244	0.00428	0.04776	0.00692	0.00712
11	0.80005	0.01377	0.01047	0.00936	0.01377	0.01597	0.00771	0.02093	0.01212	0.03195	0.00991	0.01157	0.00771	0.00661	0.00441	0.00220	0.00551	0.00386	0.00441	0.00771
12	0.47311	0.01612	0.01363	0.05177	0.01756	0.09809	0.00979	0.09773	0.01671	0.05796	0.07514	0.01709	0.01434	0.00776	0.00558	0.00217	0.00668	0.00533	0.00506	0.00838
13	0.11231	0.20402	0.11991	0.04266	0.05170	0.09450	0.01348	0.02334	0.06275	0.07677	0.07821	0.01941	0.01646	0.00780	0.00604	0.00199	0.00758	0.00587	0.04606	0.00914

[dist]
# distance from previous block
# <min> <max>
0	23

[block]
# block no. 3 follows, 29 sequences, length 30
# corresponding to MSA columns:
# 754-783
name=unknown_D
#
# <colnr> <probs for GDERKNQSTAVLIFYWHMCP>
#	G	D	E	R	K	N	Q	S	T	A	V	L	I	F	Y	W	H	M	C	P
0	0.01059	0.00855	0.00927	0.00977	0.01068	0.05245	0.00669	0.01190	0.01367	0.01758	0.07428	0.30078	0.10273	0.22833	0.08461	0.00470	0.00688	0.03527	0.00558	0.00569
1	0.01630	0.01277	0.01532	0.06218	0.07437	0.01353	0.01102	0.13086	0.19610	0.05992	0.10476	0.07201	0.17703	0.01202	0.00767	0.00234	0.00574	0.01017	0.00661	0.00930
2	0.01245	0.01043	0.01353	0.01224	0.01233	0.01292	0.00899	0.01326	0.01110	0.01594	0.05353	0.03442	0.02142	0.41252	0.02955	0.00512	0.30155	0.00882	0.00402	0.00585
3	0.01880	0.04871	0.19357	0.02390	0.13958	0.16114	0.12193	0.02421	0.04861	0.05316	0.04073	0.01804	0.01299	0.00757	0.00810	0.00220	0.05667	0.00633	0.00398	0.00978
4	0.01283	0.00659	0.00679	0.00695	0.00849	0.00656	0.00513	0.01595	0.01481	0.02575	0.02476	0.09526	0.02101	0.00964	0.00537	0.00178	0.00340	0.00794	0.71444	0.00656
5	0.18092	0.11159	0.02035	0.01432	0.01788	0.01963	0.01211	0.12422	0.01579	0.02548	0.01126	0.01432	0.00960	0.00872	0.01169	0.00226	0.26471	0.00515	0.00418	0.12582
6	0.02103	0.01780	0.04231	0.01737	0.08575	0.10783	0.05307	0.08406	0.05255	0.14612	0.01657	0.01754	0.01235	0.00689	0.00644	0.00175	0.00756	0.00567	0.00523	0.29212
7	0.10759	0.09476	0.08763	0.01519	0.02061	0.01851	0.05094	0.30681	0.02258	0.05417	0.01817	0.04484	0.03616	0.01287	0.07502	0.00304	0.00879	0.00678	0.00550	0.01003
8	0.01374	0.01179	0.01907	0.45813	0.10146	0.01359	0.01691	0.01795	0.01552	0.04336	0.08026	0.03187	0.04269	0.00980	0.00763	0.00245	0.00814	0.09325	0.00437	0.00802
9	0.23686	0.01664	0.08147	0.01239	0.01811	0.01485	0.01103	0.17889	0.01875	0.05551	0.01417	0.01552	0.01071	0.00689	0.00567	0.00183	0.00636	0.00500	0.05309	0.23627
10	0.00933	0.00718	0.00877	0.00942	0.01099	0.00632	0.00671	0.01101	0.01457	0.01910	0.04532	0.46305	0.21645	0.01942	0.00858	0.00261	0.00422	0.04940	0.00638	0.08118
11	0.02257	0.01703	0.01831	0.01476	0.01934	0.01888	0.01181	0.44463	0.17078	0.03782	0.05680	0.02387	0.01843	0.07998	0.01000	0.00266	0.00704	0.00748	0.00692	0.01090
12	0.01017	0.00763	0.01144	0.01144	0.01272	0.00890	0.00890	0.01272	0.01144	0.01653	0.01907	0.02797	0.01780	0.05340	0.72153	0.01144	0.01907	0.00763	0.00381	0.00636
13	0.01022	0.00745	0.01056	0.01056	0.01152	0.00842	0.00779	0.01215	0.01118	0.01587	0.01988	0.03247	0.01975	0.22138	0.55622	0.01035	0.01614	0.00829	0.00394	0.00586
14	0.00863	0.00639	0.00806	0.00939	0.01019	0.00583	0.00638	0.00997	0.01414	0.01838	0.04561	0.61424	0.17385	0.02148	0.00896	0.00280	0.00403	0.01923	0.00661	0.00583
15	0.01447	0.06474	0.68657	0.01998	0.03033	0.01699	0.02576	0.02250	0.01501	0.02232	0.01267	0.01489	0.00902	0.00674	0.00668	0.00223	0.01041	0.00521	0.00301	0.01047
16	0.01360	0.01000	0.01177	0.00965	0.01303	0.00853	0.00701	0.01601	0.03094	0.05484	0.07406	0.03218	0.02227	0.28391	0.01732	0.00348	0.00581	0.02404	0.00492	0.35666
17	0.00868	0.00620	0.00826	0.00991	0.01033	0.00578	0.00661	0.00991	0.01363	0.01818	0.03925	0.74510	0.04710	0.02231	0.00909	0.00289	0.00413	0.02024	0.00661	0.00578
18	0.00906	0.00673	0.00845	0.00910	0.01029	0.00612	0.00641	0.01107	0.01616	0.02160	0.25106	0.40037	0.17931	0.01908	0.00875	0.00260	0.00379	0.01696	0.00699	0.00612
19	0.01015	0.00727	0.01001	0.01118	0.01217	0.00738	0.00862	0.01227	0.01392	0.01860	0.03320	0.29615	0.03720	0.09686	0.14852	0.00506	0.00815	0.25141	0.00584	0.00604
20	0.00897	0.00655	0.00821	0.00918	0.01002	0.00604	0.00623	0.01045	0.01455	0.01924	0.12611	0.48919	0.14820	0.08837	0.01143	0.00311	0.00421	0.01760	0.00655	0.00580
21	0.06274	0.01150	0.01413	0.01161	0.01570	0.01091	0.00930	0.10626	0.02007	0.36465	0.09618	0.05390	0.06990	0.06027	0.00924	0.00256	0.00573	0.02993	0.03556	0.00985
22	0.01389	0.01193	0.01525	0.01143	0.01684	0.00939	0.04688	0.01711	0.01547	0.02350	0.09946	0.06947	0.02003	0.00762	0.00610	0.00140	0.00535	0.00662	0.00479	0.59746
23	0.00999	0.00686	0.00777	0.00794	0.00821	0.00670	0.00466	0.01030	0.01126	0.01478	0.02894	0.12150	0.09279	0.60396	0.03075	0.00606	0.00630	0.01183	0.00477	0.00463
24	0.14613	0.01334	0.01389	0.01164	0.01537	0.01441	0.00932	0.27233	0.02156	0.07610	0.01974	0.02518	0.01612	0.08027	0.00912	0.00256	0.00609	0.04135	0.19644	0.00902
25	0.02073	0.01755	0.02506	0.11960	0.36013	0.01877	0.01839	0.27524	0.02261	0.03094	0.01473	0.01759	0.01137	0.00729	0.00709	0.00216	0.00835	0.00637	0.00486	0.01118
26	0.09416	0.16179	0.13338	0.01815	0.06453	0.22852	0.03727	0.02266	0.01564	0.01989	0.01165	0.01504	0.00996	0.02972	0.03203	0.00250	0.08574	0.00515	0.00347	0.00874
27	0.06334	0.01318	0.01543	0.05500	0.01894	0.01144	0.00961	0.04218	0.03800	0.02420	0.01308	0.01534	0.01070	0.00599	0.00611	0.00136	0.03179	0.00460	0.00433	0.61537
28	0.01220	0.00845	0.01018	0.01032	0.01169	0.00856	0.00725	0.01663	0.12650	0.05714	0.09602	0.28449	0.03694	0.22233	0.01626	0.00386	0.00533	0.05277	0.00631	0.00676
29	0.01986	0.01929	0.05494	0.06171	0.15289	0.12084	0.01494	0.17419	0.11008	0.02765	0.01846	0.02030	0.03553	0.00847	0.00792	0.00217	0.05621	0.00658	0.07801	0.00996

[dist]
# distance from previous block
# <min> <max>
0	1

[block]
# block no. 4 follows, 29 sequences, length 6
# corresponding to MSA columns:
# 785-790
name=unknown_E
#
# <colnr> <probs for GDERKNQSTAVLIFYWHMCP>
#	G	D	E	R	K	N	Q	S	T	A	V	L	I	F	Y	W	H	M	C	P
0	0.01186	0.00775	0.00915	0.00865	0.01105	0.00676	0.00654	0.01420	0.01770	0.10773	0.25313	0.11755	0.36907	0.01622	0.00831	0.00237	0.00388	0.01386	0.00725	0.00696
1	0.01649	0.01580	0.04683	0.14171	0.18205	0.04413	0.01530	0.06920	0.22333	0.02485	0.02199	0.12791	0.01935	0.01006	0.00739	0.00236	0.00735	0.00881	0.00529	0.00980
2	0.00884	0.00627	0.00821	0.00971	0.01008	0.00589	0.00639	0.00996	0.01332	0.01775	0.03762	0.67741	0.04504	0.09281	0.01172	0.00328	0.00440	0.01928	0.00639	0.00564
3	0.01694	0.01770	0.09199	0.06712	0.23094	0.04654	0.01632	0.09006	0.15684	0.02549	0.02313	0.07088	0.05541	0.00985	0.00742	0.00233	0.00763	0.04827	0.00513	0.01002
4	0.55229	0.01320	0.01232	0.06899	0.01681	0.01545	0.00924	0.04944	0.01321	0.02855	0.01318	0.06807	0.01192	0.04390	0.00789	0.00255	0.05500	0.00584	0.00450	0.00763
5	0.01338	0.01080	0.01478	0.01222	0.01568	0.01019	0.09276	0.07676	0.05021	0.02589	0.18057	0.09316	0.15968	0.01206	0.00748	0.00213	0.00531	0.01065	0.10345	0.10286

[dist]
# distance from previous block
# <min> <max>
4	26

[block]
# block no. 5 follows, 29 sequences, length 22
# corresponding to MSA columns:
# 817-838
name=unknown_F
#
# <colnr> <probs for GDERKNQSTAVLIFYWHMCP>
#	G	D	E	R	K	N	Q	S	T	A	V	L	I	F	Y	W	H	M	C	P
0	0.01692	0.01382	0.04404	0.01340	0.01670	0.05262	0.03614	0.10370	0.07089	0.10130	0.10453	0.05482	0.09670	0.03790	0.12697	0.00394	0.06043	0.00898	0.02763	0.00856
1	0.01756	0.49747	0.02884	0.01193	0.01661	0.02249	0.01091	0.07985	0.01532	0.01896	0.01330	0.01845	0.01261	0.10484	0.10083	0.00352	0.00902	0.00535	0.00368	0.00846
2	0.01859	0.08232	0.01931	0.10557	0.02158	0.01648	0.01230	0.18601	0.01921	0.07718	0.01959	0.09031	0.04348	0.01002	0.00919	0.00218	0.11339	0.00761	0.03106	0.11463
3	0.02062	0.01595	0.01750	0.01401	0.01896	0.01664	0.01121	0.34720	0.13658	0.03440	0.02060	0.10138	0.01736	0.00956	0.00695	0.00202	0.00646	0.00777	0.00643	0.18842
4	0.01080	0.00794	0.00965	0.00963	0.01125	0.00760	0.00708	0.06011	0.01765	0.02369	0.27068	0.22932	0.15750	0.08494	0.01116	0.00293	0.00447	0.06021	0.00686	0.00652
5	0.01587	0.40829	0.20218	0.01384	0.02003	0.02079	0.01483	0.01980	0.01475	0.01928	0.07570	0.01831	0.01558	0.01310	0.09720	0.00304	0.00942	0.00550	0.00358	0.00891
6	0.01704	0.01138	0.01306	0.01180	0.01471	0.01194	0.00904	0.13897	0.15237	0.10197	0.05179	0.17797	0.05620	0.06541	0.03311	0.00299	0.00593	0.03043	0.08514	0.00876
7	0.01291	0.00924	0.01027	0.00962	0.01137	0.00964	0.00682	0.07705	0.10319	0.02233	0.07433	0.06726	0.10440	0.28425	0.06353	0.00452	0.00642	0.01013	0.10593	0.00678
8	0.01500	0.01254	0.01910	0.37421	0.14051	0.01429	0.01600	0.08411	0.01653	0.02294	0.01729	0.08681	0.01485	0.00872	0.00696	0.00225	0.00772	0.00767	0.12401	0.00847
9	0.01937	0.01467	0.01559	0.01345	0.01732	0.04386	0.01087	0.30406	0.07191	0.06154	0.03340	0.09123	0.15223	0.01306	0.00790	0.00242	0.00653	0.10431	0.00684	0.00944
10	0.06992	0.01077	0.01394	0.01181	0.01489	0.01079	0.05804	0.09327	0.06370	0.05603	0.42253	0.04153	0.07948	0.01231	0.00785	0.00226	0.00493	0.01074	0.00714	0.00808
11	0.01953	0.01316	0.01660	0.01395	0.01788	0.01392	0.05982	0.11640	0.23319	0.15019	0.02519	0.07552	0.01987	0.01385	0.07312	0.00311	0.00732	0.00834	0.10909	0.00996
12	0.01474	0.01728	0.10230	0.01315	0.01684	0.12728	0.01127	0.02213	0.18779	0.02309	0.12073	0.13573	0.15312	0.01288	0.00768	0.00234	0.00656	0.01077	0.00599	0.00834
13	0.01577	0.01338	0.01533	0.01426	0.07936	0.06541	0.01002	0.01857	0.01606	0.07102	0.08044	0.07308	0.08746	0.00936	0.00741	0.00176	0.04246	0.00765	0.00509	0.36613
14	0.01039	0.00793	0.00936	0.00960	0.01097	0.00792	0.00673	0.01428	0.10223	0.02011	0.11502	0.26338	0.16031	0.16082	0.06450	0.00404	0.00574	0.01407	0.00619	0.00640
15	0.00992	0.00731	0.00904	0.00978	0.01068	0.00729	0.00673	0.01249	0.06131	0.01811	0.03594	0.38126	0.09927	0.18557	0.08078	0.00451	0.00629	0.04188	0.00588	0.00595
16	0.01647	0.01729	0.03365	0.14084	0.24208	0.01757	0.33832	0.02148	0.01588	0.02191	0.01353	0.01847	0.01066	0.00666	0.00868	0.00235	0.05359	0.00733	0.00348	0.00975
17	0.01590	0.01491	0.02166	0.17265	0.25388	0.05042	0.04185	0.04500	0.09476	0.02247	0.01989	0.12350	0.01855	0.01010	0.00797	0.00240	0.02730	0.04290	0.00460	0.00929
18	0.00947	0.00698	0.00822	0.00868	0.01016	0.00636	0.00632	0.01147	0.01569	0.02073	0.15902	0.23586	0.27834	0.07500	0.01065	0.00288	0.00418	0.06726	0.05672	0.00602
19	0.37157	0.01036	0.00973	0.00967	0.01234	0.01118	0.00729	0.04413	0.01407	0.02575	0.02824	0.30833	0.09491	0.01409	0.00679	0.00249	0.00487	0.01161	0.00562	0.00696
20	0.05069	0.01294	0.01470	0.01416	0.07598	0.06581	0.03360	0.07137	0.01738	0.07751	0.04295	0.10628	0.08213	0.01009	0.00663	0.00197	0.00594	0.00848	0.16218	0.13922
21	0.01360	0.01548	0.12491	0.01500	0.01959	0.01194	0.10566	0.05682	0.08727	0.02463	0.14045	0.18351	0.05916	0.01207	0.00775	0.00229	0.00658	0.01090	0.00566	0.09672

[dist]
# distance from previous block
# <min> <max>
0	38

[block]
# block no. 6 follows, 29 sequences, length 7
# corresponding to MSA columns:
# 877-883
name=unknown_G
#
# <colnr> <probs for GDERKNQSTAVLIFYWHMCP>
#	G	D	E	R	K	N	Q	S	T	A	V	L	I	F	Y	W	H	M	C	P
0	0.08198	0.01130	0.01693	0.44769	0.03441	0.01322	0.01479	0.01822	0.01554	0.05602	0.14656	0.02568	0.02142	0.00867	0.00699	0.00228	0.00739	0.00744	0.05568	0.00779
1	0.37182	0.04514	0.04871	0.01329	0.01831	0.06358	0.03563	0.21443	0.01975	0.03291	0.04228	0.01721	0.03394	0.00788	0.00589	0.00215	0.00707	0.00560	0.00522	0.00919
2	0.01173	0.00782	0.00942	0.00915	0.01044	0.00759	0.00626	0.01455	0.06108	0.06213	0.23188	0.14440	0.07735	0.29313	0.01887	0.00411	0.00514	0.01240	0.00629	0.00628
3	0.01835	0.01531	0.02249	0.09072	0.31421	0.01549	0.01629	0.11022	0.01796	0.06653	0.01545	0.04820	0.01289	0.00765	0.00768	0.00203	0.04612	0.00657	0.00454	0.16128
4	0.11098	0.05099	0.01655	0.01359	0.04520	0.01231	0.05203	0.05429	0.01495	0.08213	0.01793	0.07067	0.01619	0.07365	0.17501	0.00449	0.00945	0.00722	0.00474	0.16762
5	0.07104	0.13319	0.09537	0.02421	0.23973	0.10905	0.01650	0.06598	0.07619	0.08074	0.01506	0.01669	0.01170	0.00712	0.00642	0.00204	0.00843	0.00568	0.00446	0.01037
6	0.15449	0.02141	0.23180	0.01820	0.08178	0.01535	0.05890	0.09813	0.01715	0.11051	0.01552	0.01861	0.01185	0.06192	0.00867	0.00250	0.00815	0.00600	0.00468	0.05440

[dist]
# distance from previous block
# <min> <max>
0	1

[block]
# block no. 7 follows, 29 sequences, length 11
# corresponding to MSA columns:
# 885-895
name=unknown_H
#
# <colnr> <probs for GDERKNQSTAVLIFYWHMCP>
#	G	D	E	R	K	N	Q	S	T	A	V	L	I	F	Y	W	H	M	C	P
0	0.18419	0.01654	0.01453	0.01194	0.01656	0.13345	0.00925	0.06134	0.05761	0.02482	0.01409	0.01795	0.01210	0.08419	0.00876	0.00219	0.00697	0.00522	0.00454	0.31378
1	0.53777	0.01166	0.01044	0.00970	0.01295	0.01343	0.00767	0.01798	0.01179	0.02657	0.01328	0.01880	0.01184	0.08870	0.17705	0.00484	0.00885	0.00537	0.00426	0.00707
2	0.01632	0.02680	0.38582	0.01946	0.02735	0.01624	0.12763	0.13005	0.01890	0.02707	0.08619	0.02053	0.01629	0.00781	0.00719	0.00223	0.00926	0.00682	0.03796	0.01007
3	0.01094	0.00753	0.00963	0.00909	0.01104	0.00687	0.00694	0.01407	0.01949	0.05849	0.56004	0.05504	0.14501	0.01497	0.00841	0.00231	0.00366	0.04193	0.00767	0.00687
4	0.01495	0.01204	0.01564	0.01346	0.01651	0.01275	0.06342	0.15465	0.10696	0.02759	0.16663	0.13834	0.09702	0.01738	0.08183	0.00334	0.03156	0.01108	0.00640	0.00845
5	0.00997	0.00680	0.00806	0.00835	0.00862	0.00665	0.00506	0.01061	0.01213	0.01636	0.10154	0.19326	0.03492	0.51595	0.02747	0.00555	0.00593	0.01270	0.00519	0.00489
6	0.01836	0.02009	0.08716	0.09343	0.09514	0.13047	0.03537	0.08679	0.17703	0.02391	0.01744	0.02137	0.01427	0.07685	0.01104	0.00272	0.06760	0.00679	0.00472	0.00947
7	0.09754	0.01115	0.01014	0.00955	0.01225	0.07734	0.00750	0.04288	0.01660	0.07335	0.03129	0.03600	0.14655	0.01095	0.00639	0.00208	0.00518	0.06794	0.32796	0.00737
8	0.10717	0.01679	0.01805	0.01409	0.01943	0.08006	0.05760	0.19065	0.05254	0.07157	0.01931	0.02002	0.05951	0.00781	0.00641	0.00186	0.00708	0.00618	0.00548	0.23839
9	0.12020	0.01633	0.05596	0.01358	0.04290	0.07841	0.01088	0.06700	0.06566	0.02554	0.06658	0.02278	0.07626	0.00843	0.00702	0.00186	0.03996	0.00643	0.00493	0.26928
10	0.01009	0.00770	0.01034	0.01166	0.05889	0.00717	0.00786	0.01272	0.01737	0.02371	0.35119	0.24224	0.13926	0.01686	0.00858	0.00249	0.00415	0.05407	0.00697	0.00668

[dist]
# distance from previous block
# <min> <max>
0	2

[block]
# block no. 8 follows, 29 sequences, length 9
# corresponding to MSA columns:
# 898-906
name=unknown_I
#
# <colnr> <probs for GDERKNQSTAVLIFYWHMCP>
#	G	D	E	R	K	N	Q	S	T	A	V	L	I	F	Y	W	H	M	C	P
0	0.17185	0.01472	0.05420	0.08534	0.31859	0.01444	0.01576	0.01940	0.01537	0.02478	0.11595	0.02256	0.01919	0.01154	0.06486	0.00294	0.00816	0.00687	0.00431	0.00916
1	0.01811	0.04778	0.02480	0.02875	0.34442	0.01495	0.07601	0.02276	0.04817	0.09657	0.01819	0.02508	0.01545	0.00804	0.00716	0.00213	0.00773	0.07730	0.00467	0.11194
2	0.00915	0.00730	0.00817	0.00826	0.01025	0.00634	0.00607	0.01106	0.01590	0.02011	0.13534	0.17001	0.42854	0.06054	0.01008	0.00271	0.00404	0.04252	0.00653	0.03707
3	0.01980	0.02394	0.21024	0.01988	0.02660	0.12503	0.18293	0.02472	0.01719	0.13945	0.03893	0.01862	0.01309	0.00738	0.00776	0.00215	0.03761	0.00648	0.00452	0.07368
4	0.01611	0.01345	0.01549	0.01118	0.01744	0.01086	0.00899	0.09030	0.01681	0.02557	0.01314	0.01502	0.01072	0.00563	0.00548	0.00117	0.00555	0.00446	0.00454	0.70810
5	0.00964	0.00698	0.00806	0.00834	0.00927	0.00656	0.00555	0.01078	0.01363	0.01768	0.10448	0.15908	0.20802	0.34299	0.02093	0.00450	0.00528	0.04718	0.00571	0.00532
6	0.02044	0.23620	0.04747	0.01499	0.04723	0.11555	0.01235	0.10412	0.12486	0.08469	0.02264	0.04164	0.08094	0.00900	0.00646	0.00201	0.00756	0.00689	0.00526	0.00972
7	0.01174	0.00742	0.00995	0.01074	0.01199	0.00713	0.00809	0.01343	0.01441	0.07462	0.03544	0.33373	0.06842	0.08768	0.05403	0.04297	0.00614	0.18954	0.00623	0.00629
8	0.01750	0.06010	0.01660	0.01322	0.01626	0.03242	0.01051	0.17624	0.11252	0.05803	0.12960	0.13335	0.05556	0.01297	0.01012	0.03446	0.08556	0.00983	0.00629	0.00885

[dist]
# distance from previous block
# <min> <max>
0	3

[block]
# block no. 9 follows, 29 sequences, length 15
# corresponding to MSA columns:
# 913-927
name=unknown_J
#
# <colnr> <probs for GDERKNQSTAVLIFYWHMCP>
#	G	D	E	R	K	N	Q	S	T	A	V	L	I	F	Y	W	H	M	C	P
0	0.01877	0.21093	0.11541	0.04733	0.11848	0.01890	0.01515	0.08559	0.10526	0.07673	0.01616	0.01774	0.01260	0.00981	0.04714	0.00250	0.00833	0.00576	0.00461	0.06280
1	0.06332	0.01306	0.07010	0.01181	0.01597	0.01101	0.01011	0.08578	0.05007	0.19515	0.14727	0.05828	0.08804	0.01223	0.00925	0.07827	0.00572	0.00875	0.00654	0.05925
2	0.43748	0.01523	0.01617	0.01282	0.01803	0.01622	0.06596	0.15271	0.01750	0.06262	0.01291	0.01432	0.00968	0.00686	0.00553	0.00205	0.00651	0.00495	0.00505	0.11741
3	0.01386	0.01226	0.01916	0.32335	0.17883	0.01307	0.01567	0.01766	0.01471	0.02060	0.01732	0.12219	0.01599	0.00892	0.00697	0.00215	0.00746	0.00802	0.05660	0.12520
4	0.00995	0.00758	0.00898	0.00859	0.01044	0.00701	0.00633	0.01331	0.04771	0.02463	0.43015	0.05596	0.24779	0.07760	0.01071	0.00269	0.00383	0.01308	0.00715	0.00651
5	0.01900	0.01699	0.02857	0.03928	0.57858	0.01695	0.06355	0.06504	0.01760	0.06390	0.01454	0.01807	0.01166	0.00660	0.00715	0.00214	0.00851	0.00653	0.00406	0.01127
6	0.01428	0.01351	0.02287	0.59493	0.18023	0.01604	0.02019	0.01892	0.01463	0.01921	0.01280	0.01871	0.00985	0.00696	0.00711	0.00232	0.00929	0.00633	0.00324	0.00858
7	0.00910	0.00724	0.00817	0.00794	0.01004	0.00630	0.00595	0.01155	0.01786	0.02310	0.33288	0.06217	0.43929	0.01659	0.00841	0.00234	0.00350	0.01414	0.00712	0.00630
8	0.01406	0.01303	0.02061	0.63015	0.04469	0.01609	0.01856	0.02100	0.11103	0.01985	0.01499	0.02007	0.01124	0.00748	0.00714	0.00238	0.00894	0.00657	0.00375	0.00839
9	0.80005	0.01377	0.01047	0.00936	0.01377	0.01597	0.00771	0.02093	0.01212	0.03195	0.00991	0.01157	0.00771	0.00661	0.00441	0.00220	0.00551	0.00386	0.00441	0.00771
10	0.01679	0.01297	0.01430	0.01238	0.01585	0.01385	0.00970	0.22802	0.17550	0.03176	0.18914	0.09657	0.12782	0.01271	0.00780	0.00233	0.00538	0.01068	0.00720	0.00926
11	0.01828	0.00953	0.01205	0.01024	0.01361	0.00856	0.00808	0.04846	0.01998	0.27156	0.30125	0.04447	0.17859	0.01297	0.00790	0.00226	0.00457	0.01100	0.00790	0.00873
12	0.01225	0.00904	0.01265	0.01285	0.05666	0.00914	0.03741	0.03905	0.04846	0.02063	0.17206	0.08450	0.03201	0.20105	0.07843	0.12003	0.00714	0.03498	0.00528	0.00634
13	0.01672	0.01019	0.01233	0.01086	0.01383	0.01034	0.00851	0.07287	0.11472	0.14713	0.24026	0.03538	0.05602	0.01603	0.08849	0.00322	0.00629	0.00927	0.11889	0.00865
14	0.01700	0.01806	0.09155	0.27395	0.03017	0.11541	0.01562	0.04973	0.11579	0.05268	0.02105	0.02487	0.05786	0.00886	0.00707	0.00227	0.00845	0.03126	0.04952	0.00884

[dist]
# distance from previous block
# <min> <max>
0	1

[block]
# block no. 10 follows, 29 sequences, length 34
# corresponding to MSA columns:
# 929-962
name=unknown_K
#
# <colnr> <probs for GDERKNQSTAVLIFYWHMCP>
#	G	D	E	R	K	N	Q	S	T	A	V	L	I	F	Y	W	H	M	C	P
0	0.12950	0.02094	0.01929	0.04324	0.02123	0.24281	0.06887	0.13869	0.01979	0.07956	0.01485	0.01673	0.01130	0.00784	0.00732	0.00209	0.05015	0.00571	0.09104	0.00905
1	0.01321	0.00822	0.01037	0.01027	0.01246	0.00761	0.00792	0.01635	0.04625	0.12522	0.17224	0.22226	0.18483	0.01690	0.00856	0.00260	0.00461	0.11561	0.00720	0.00732
2	0.02428	0.02169	0.02668	0.02027	0.02608	0.11777	0.19008	0.41656	0.02722	0.03523	0.01554	0.01707	0.01136	0.00771	0.00737	0.00217	0.00963	0.00669	0.00571	0.01091
3	0.01801	0.01280	0.01472	0.01161	0.01679	0.04041	0.00930	0.04042	0.01663	0.14818	0.01979	0.08025	0.01733	0.00869	0.00642	0.00167	0.00584	0.06191	0.00551	0.46372
4	0.01986	0.01463	0.01962	0.01554	0.02000	0.05664	0.13572	0.15544	0.02102	0.16647	0.08459	0.09417	0.14171	0.01140	0.00783	0.00230	0.00714	0.01006	0.00651	0.00935
5	0.00929	0.00670	0.00784	0.00848	0.00916	0.00628	0.00544	0.01016	0.01290	0.01667	0.03972	0.32119	0.18101	0.30983	0.01971	0.00438	0.00512	0.01519	0.00570	0.00525
6	0.27367	0.01383	0.01704	0.07460	0.02099	0.01419	0.06368	0.05146	0.06618	0.25002	0.01829	0.01848	0.01274	0.00751	0.00623	0.00216	0.00662	0.00594	0.00596	0.07040
7	0.01723	0.01771	0.01973	0.20476	0.13281	0.15890	0.01543	0.02374	0.14589	0.02120	0.02128	0.02545	0.06996	0.00932	0.00830	0.00232	0.05735	0.03516	0.00453	0.00893
8	0.01753	0.01781	0.02338	0.25654	0.30999	0.13485	0.01851	0.04379	0.01668	0.02106	0.01461	0.06594	0.01278	0.00790	0.00710	0.00220	0.00922	0.00698	0.00376	0.00935
9	0.01603	0.00939	0.01143	0.01071	0.01345	0.00919	0.00846	0.02147	0.11906	0.16082	0.15263	0.09970	0.09146	0.01337	0.00771	0.00239	0.00479	0.10762	0.13202	0.00830
10	0.01069	0.00769	0.00881	0.00868	0.01107	0.00673	0.00681	0.01301	0.01717	0.06730	0.16676	0.06471	0.46116	0.01708	0.00853	0.00249	0.00414	0.10361	0.00695	0.00661
11	0.02044	0.09372	0.05762	0.01442	0.01874	0.26099	0.01197	0.10338	0.09776	0.04681	0.02621	0.02619	0.13974	0.00967	0.00677	0.00204	0.00842	0.00727	0.03891	0.00893
12	0.20265	0.01325	0.01674	0.08098	0.17078	0.01409	0.01230	0.09718	0.01678	0.09988	0.01780	0.06873	0.01521	0.06745	0.00874	0.00256	0.00667	0.00713	0.07207	0.00901
13	0.02386	0.01097	0.01374	0.01127	0.01557	0.01009	0.00906	0.02861	0.09828	0.42542	0.06348	0.03243	0.11927	0.01044	0.00717	0.00220	0.00524	0.00859	0.09402	0.01030
14	0.01552	0.01478	0.02511	0.39018	0.37528	0.01637	0.02081	0.02001	0.01522	0.02071	0.01302	0.01831	0.01038	0.00673	0.00708	0.00224	0.00898	0.00634	0.00334	0.00958
15	0.16317	0.01664	0.02194	0.10238	0.20218	0.05716	0.05682	0.07414	0.06176	0.06891	0.01439	0.01723	0.01122	0.00778	0.00855	0.00231	0.09322	0.00607	0.00448	0.00968
16	0.01115	0.00955	0.01025	0.00986	0.01172	0.06790	0.00741	0.01390	0.01791	0.02377	0.40396	0.07849	0.16523	0.02058	0.11281	0.00361	0.00655	0.01209	0.00663	0.00663
17	0.00929	0.00652	0.00842	0.00970	0.01012	0.00624	0.00650	0.01042	0.01312	0.01745	0.03531	0.53123	0.04178	0.18665	0.01529	0.00383	0.00496	0.07154	0.00609	0.00552
18	0.02330	0.11407	0.02283	0.01731	0.02083	0.35001	0.01394	0.14689	0.01989	0.02240	0.01164	0.01408	0.00976	0.00856	0.01014	0.00214	0.17392	0.00520	0.00411	0.00898
19	0.02018	0.04520	0.09706	0.13717	0.06249	0.15803	0.09305	0.02459	0.03754	0.14842	0.02059	0.02391	0.05563	0.00852	0.00721	0.00222	0.00922	0.03476	0.00485	0.00938
20	0.00984	0.00682	0.00836	0.00864	0.00919	0.00656	0.00555	0.01106	0.01381	0.01885	0.20683	0.23020	0.04236	0.36549	0.02179	0.00462	0.00524	0.01360	0.00585	0.00533
21	0.01184	0.00824	0.00914	0.00925	0.01111	0.00817	0.00676	0.05911	0.07389	0.02342	0.04020	0.28899	0.18559	0.01561	0.00756	0.00236	0.00417	0.01347	0.21416	0.00695
22	0.01739	0.25898	0.02246	0.01152	0.01754	0.01640	0.01002	0.02159	0.06897	0.06046	0.01391	0.01513	0.01137	0.00609	0.00530	0.00138	0.00612	0.00455	0.00433	0.42645
23	0.02008	0.39174	0.02735	0.01411	0.01860	0.25507	0.01216	0.02226	0.01587	0.01694	0.01178	0.01463	0.01058	0.01432	0.12354	0.00326	0.01124	0.00470	0.00338	0.00839
24	0.01130	0.00852	0.01026	0.00946	0.01164	0.00820	0.00719	0.05560	0.05992	0.02810	0.51603	0.05192	0.16575	0.01447	0.00825	0.00227	0.00381	0.01255	0.00756	0.00720
25	0.01457	0.01031	0.01203	0.01128	0.01220	0.06572	0.00813	0.06912	0.01261	0.01636	0.01385	0.02245	0.01335	0.06919	0.10084	0.48321	0.04965	0.00650	0.00364	0.00497
26	0.00890	0.00720	0.00772	0.00760	0.00967	0.00622	0.00558	0.01087	0.01654	0.02066	0.19331	0.06373	0.52226	0.07563	0.01063	0.00273	0.00382	0.01423	0.00667	0.00602
27	0.01385	0.09486	0.13042	0.01293	0.01669	0.01228	0.01214	0.01739	0.01379	0.08318	0.06356	0.02536	0.01869	0.03374	0.41027	0.00736	0.01413	0.00713	0.00433	0.00791
28	0.01166	0.01019	0.01196	0.01156	0.01331	0.06574	0.04748	0.01480	0.05431	0.02128	0.18820	0.31165	0.09536	0.07416	0.01067	0.00289	0.00547	0.03632	0.00633	0.00667
29	0.01802	0.34426	0.23345	0.01489	0.02164	0.06216	0.01592	0.06247	0.01698	0.04552	0.08790	0.01797	0.01596	0.00754	0.00600	0.00190	0.00828	0.00556	0.00405	0.00952
30	0.01757	0.07158	0.02137	0.02150	0.20458	0.01587	0.04210	0.14125	0.09935	0.02862	0.14357	0.02518	0.02324	0.00869	0.00696	0.00205	0.00663	0.00756	0.05802	0.05429
31	0.04030	0.01541	0.07740	0.01596	0.07916	0.01224	0.04965	0.02072	0.01530	0.09666	0.01458	0.01671	0.01138	0.00655	0.00711	0.00164	0.05537	0.00526	0.03431	0.42428
32	0.01791	0.01650	0.02445	0.03291	0.46367	0.03598	0.01777	0.08136	0.04051	0.02505	0.01519	0.04858	0.01308	0.00721	0.00686	0.00199	0.00775	0.00663	0.00422	0.13239
33	0.27127	0.01583	0.01881	0.09443	0.24139	0.07149	0.01418	0.04120	0.01593	0.06885	0.04176	0.01938	0.04221	0.00763	0.00627	0.00217	0.00739	0.00608	0.00452	0.00922

[dist]
# distance from previous block
# <min> <max>
0	43

[block]
# block no. 11 follows, 29 sequences, length 13
# corresponding to MSA columns:
# 1016-1028
name=unknown_L
#
# <colnr> <probs for GDERKNQSTAVLIFYWHMCP>
#	G	D	E	R	K	N	Q	S	T	A	V	L	I	F	Y	W	H	M	C	P
0	0.05271	0.02179	0.24598	0.02265	0.16632	0.01518	0.07713	0.06289	0.03533	0.04173	0.01522	0.01996	0.01244	0.07714	0.04212	0.00299	0.00923	0.00640	0.00401	0.06879
1	0.07323	0.04079	0.04756	0.09213	0.11783	0.20122	0.08695	0.05936	0.01789	0.02279	0.08297	0.02243	0.04997	0.01049	0.04207	0.00258	0.00970	0.00695	0.00436	0.00872
2	0.01736	0.01480	0.01682	0.08545	0.02058	0.07654	0.01152	0.02216	0.09272	0.08911	0.05148	0.02138	0.04161	0.00860	0.00916	0.00197	0.12413	0.00635	0.00495	0.28331
3	0.32229	0.01180	0.01170	0.01051	0.01354	0.01317	0.00804	0.07612	0.07244	0.05950	0.01741	0.02470	0.01560	0.18920	0.12182	0.00473	0.00814	0.00670	0.00499	0.00761
4	0.00981	0.00713	0.00881	0.00930	0.01043	0.00678	0.00672	0.01158	0.01476	0.01948	0.15217	0.19102	0.16278	0.20437	0.04335	0.00410	0.00558	0.11995	0.00612	0.00576
5	0.44486	0.01504	0.01380	0.01172	0.01620	0.01698	0.00952	0.20742	0.07880	0.03426	0.01766	0.04676	0.04349	0.00858	0.00580	0.00224	0.00603	0.00612	0.00561	0.00911
6	0.00957	0.00709	0.00882	0.00948	0.01081	0.00658	0.00704	0.01164	0.01578	0.02071	0.17867	0.25640	0.20499	0.08539	0.01140	0.00308	0.00455	0.13532	0.00664	0.00604
7	0.02305	0.01570	0.01737	0.01406	0.01869	0.01697	0.01136	0.34094	0.17397	0.12851	0.08841	0.02433	0.02078	0.00940	0.00713	0.00218	0.00636	0.00752	0.06228	0.01102
8	0.00881	0.00640	0.00834	0.00985	0.01051	0.00594	0.00677	0.01021	0.01402	0.01845	0.04215	0.64702	0.10636	0.02177	0.00907	0.00287	0.00422	0.05481	0.00661	0.00585
9	0.00966	0.00725	0.00855	0.00844	0.01006	0.00661	0.00617	0.01187	0.01678	0.02220	0.31715	0.05915	0.27526	0.14873	0.01353	0.00321	0.00431	0.05834	0.00669	0.00603
10	0.03153	0.01279	0.01694	0.01299	0.01851	0.01146	0.01073	0.09017	0.02150	0.65321	0.02715	0.02362	0.01715	0.00879	0.00716	0.00220	0.00621	0.00710	0.00867	0.01212
11	0.01463	0.03332	0.59000	0.02102	0.03029	0.01715	0.08376	0.02208	0.01482	0.02208	0.01261	0.01546	0.00921	0.00722	0.00842	0.00235	0.07670	0.00563	0.00307	0.01019
12	0.23532	0.05305	0.01641	0.01351	0.01783	0.09124	0.01077	0.08122	0.35086	0.02963	0.02000	0.01953	0.01520	0.00832	0.00624	0.00223	0.00662	0.00620	0.00588	0.00994

[dist]
# distance from previous block
# <min> <max>
0	1

[block]
# block no. 12 follows, 29 sequences, length 15
# corresponding to MSA columns:
# 1030-1044
name=unknown_M
#
# <colnr> <probs for GDERKNQSTAVLIFYWHMCP>
#	G	D	E	R	K	N	Q	S	T	A	V	L	I	F	Y	W	H	M	C	P
0	0.01807	0.01713	0.02279	0.06945	0.34512	0.06702	0.01671	0.04918	0.18804	0.02497	0.01718	0.01929	0.01362	0.00726	0.00687	0.00207	0.00775	0.00642	0.00466	0.09641
1	0.43132	0.01857	0.01511	0.04419	0.06575	0.17191	0.01091	0.08094	0.01632	0.02842	0.01186	0.01387	0.00931	0.00704	0.00542	0.00209	0.00759	0.00467	0.04629	0.00842
2	0.16969	0.01780	0.01501	0.01455	0.05799	0.19986	0.01049	0.10948	0.01935	0.02657	0.14590	0.07852	0.08568	0.01067	0.00690	0.00217	0.00728	0.00839	0.00551	0.00819
3	0.01235	0.00829	0.00920	0.00860	0.01062	0.00817	0.00640	0.06259	0.04718	0.02602	0.23712	0.04328	0.15155	0.08954	0.01013	0.00258	0.00418	0.01041	0.24488	0.00691
4	0.01317	0.01189	0.01781	0.10409	0.24551	0.01247	0.01379	0.01727	0.05146	0.02109	0.06984	0.03513	0.19904	0.01685	0.10554	0.00356	0.03902	0.00928	0.00477	0.00841
5	0.33447	0.01173	0.01163	0.01058	0.01374	0.01312	0.00814	0.02193	0.13378	0.08192	0.01847	0.02410	0.01584	0.14838	0.12008	0.00450	0.00789	0.00662	0.00517	0.00789
6	0.09815	0.01422	0.01620	0.01315	0.01783	0.01477	0.01064	0.19647	0.14403	0.26434	0.11158	0.02541	0.02248	0.00944	0.00707	0.00223	0.00603	0.00756	0.00755	0.01084
7	0.05790	0.24311	0.02190	0.01249	0.01683	0.04938	0.01046	0.14998	0.08277	0.08846	0.05384	0.02323	0.01748	0.13013	0.01105	0.00276	0.00711	0.00662	0.00532	0.00916
8	0.04153	0.19062	0.02131	0.03969	0.01876	0.14448	0.01138	0.10976	0.04689	0.11949	0.06559	0.02129	0.01694	0.05891	0.00876	0.00231	0.02737	0.00631	0.03947	0.00914
