[name]
unknown

[dist]
# distance from previous block
# <min> <max>
0	101

[block]
# block no. 0 follows, 34 sequences, length 130
# corresponding to MSA columns:
# 111-240
name=unknown_A
#
# <colnr> <probs for GDERKNQSTAVLIFYWHMCP>
#	G	D	E	R	K	N	Q	S	T	A	V	L	I	F	Y	W	H	M	C	P
0	0.01041	0.00744	0.01041	0.01190	0.01339	0.00744	0.01041	0.01339	0.01487	0.01934	0.03421	0.07288	0.03719	0.01785	0.00892	0.00297	0.00595	0.68913	0.00595	0.00595
1	0.01083	0.00698	0.00918	0.00842	0.01024	0.00639	0.00639	0.01384	0.01831	0.08642	0.66933	0.04603	0.05714	0.01277	0.00753	0.00203	0.00326	0.01124	0.00719	0.00651
2	0.01220	0.01148	0.01938	0.75739	0.04450	0.01436	0.01794	0.01651	0.01292	0.01651	0.01148	0.01723	0.00861	0.00646	0.00646	0.00215	0.00861	0.00574	0.00287	0.00718
3	0.01063	0.00788	0.01036	0.01117	0.01289	0.00796	0.00944	0.01504	0.08344	0.02114	0.15419	0.06354	0.06624	0.01612	0.00842	0.00271	0.00527	0.48098	0.00621	0.00637
4	0.02361	0.01980	0.01925	0.01533	0.01977	0.13687	0.01247	0.54174	0.02670	0.03458	0.01403	0.01478	0.01035	0.00788	0.00762	0.00197	0.07199	0.00554	0.00565	0.01009
5	0.00914	0.00660	0.00864	0.00813	0.00965	0.00610	0.00610	0.01219	0.01829	0.02591	0.72921	0.04827	0.06097	0.01321	0.00762	0.00203	0.00305	0.01169	0.00711	0.00610
6	0.00787	0.00562	0.00750	0.00900	0.00937	0.00525	0.00600	0.00900	0.01237	0.01649	0.03561	0.76871	0.04274	0.02024	0.00825	0.00262	0.00375	0.01837	0.00600	0.00525
7	0.02835	0.01203	0.01563	0.01199	0.01701	0.01103	0.00990	0.13026	0.02022	0.63589	0.02404	0.02105	0.01527	0.00796	0.00649	0.00199	0.00573	0.00640	0.00777	0.01100
8	0.01727	0.77681	0.03386	0.01106	0.01658	0.02557	0.01106	0.01935	0.01313	0.01520	0.00898	0.01036	0.00829	0.00553	0.00415	0.00138	0.00691	0.00345	0.00276	0.00829
9	0.01349	0.00645	0.00679	0.00649	0.00829	0.00632	0.00494	0.01645	0.01397	0.08476	0.02145	0.02391	0.01651	0.00757	0.00469	0.00155	0.00322	0.00606	0.74066	0.00645
10	0.00787	0.00562	0.00750	0.00900	0.00937	0.00525	0.00600	0.00900	0.01237	0.01649	0.03561	0.76871	0.04274	0.02024	0.00825	0.00262	0.00375	0.01837	0.00600	0.00525
11	0.01599	0.01535	0.02623	0.03966	0.73262	0.01535	0.01983	0.01983	0.01471	0.02111	0.01215	0.01599	0.01023	0.00576	0.00640	0.00192	0.00768	0.00576	0.00320	0.01023
12	0.02061	0.01364	0.01532	0.01292	0.01713	0.01480	0.01029	0.11874	0.44515	0.21968	0.02472	0.02246	0.01762	0.00843	0.00654	0.00211	0.00547	0.00690	0.00694	0.01053
13	0.00767	0.00643	0.00666	0.00685	0.00881	0.00543	0.00504	0.00924	0.01444	0.01734	0.06181	0.14858	0.64595	0.01684	0.00771	0.00224	0.00333	0.01422	0.00600	0.00543
14	0.01142	0.01028	0.00994	0.00955	0.01119	0.12348	0.00705	0.01396	0.01731	0.02289	0.49545	0.14652	0.04878	0.01304	0.00734	0.00205	0.00451	0.01131	0.02773	0.00619
15	0.02414	0.03079	0.01831	0.01665	0.01998	0.74698	0.01248	0.02580	0.01831	0.01581	0.00999	0.01165	0.00832	0.00666	0.00583	0.00166	0.01165	0.00416	0.00333	0.00749
16	0.02899	0.01100	0.01499	0.01150	0.01649	0.00950	0.00950	0.03149	0.01849	0.73709	0.02549	0.02199	0.01599	0.00800	0.00650	0.00200	0.00550	0.00650	0.00800	0.01100
17	0.01296	0.03342	0.73944	0.01842	0.02797	0.01501	0.02387	0.02046	0.01364	0.02046	0.01160	0.01364	0.00818	0.00614	0.00614	0.00205	0.00955	0.00477	0.00273	0.00955
18	0.01530	0.01465	0.02498	0.16984	0.60781	0.01517	0.01949	0.01923	0.01439	0.02027	0.01203	0.01622	0.00994	0.00588	0.00641	0.00196	0.00785	0.00575	0.00314	0.00968
19	0.01387	0.01136	0.01860	0.49172	0.12758	0.01307	0.01638	0.01776	0.01391	0.07883	0.01607	0.02556	0.01361	0.00815	0.00681	0.00223	0.00784	0.10513	0.00380	0.00772
20	0.75097	0.01405	0.01025	0.00919	0.01313	0.07682	0.00746	0.01957	0.01162	0.02787	0.00908	0.01059	0.00711	0.00605	0.00415	0.00197	0.00556	0.00356	0.00394	0.00704
21	0.01266	0.01195	0.02020	0.67157	0.12678	0.01447	0.01817	0.01691	0.01313	0.01706	0.01156	0.01708	0.00881	0.00638	0.00645	0.00213	0.00850	0.00574	0.00291	0.00754
22	0.01252	0.01181	0.01996	0.69632	0.10305	0.01444	0.01810	0.01679	0.01307	0.01690	0.01154	0.01712	0.00875	0.00640	0.00645	0.00213	0.00853	0.00574	0.00290	0.00744
23	0.01505	0.01700	0.03657	0.06813	0.03391	0.01632	0.65112	0.02032	0.01497	0.02032	0.01286	0.01733	0.00970	0.00566	0.00793	0.00219	0.03133	0.00747	0.00323	0.00858
24	0.00909	0.00660	0.00856	0.00807	0.00962	0.00607	0.00605	0.01208	0.01815	0.02559	0.70368	0.04880	0.08670	0.01333	0.00762	0.00204	0.00306	0.01176	0.00707	0.00607
25	0.00787	0.00562	0.00750	0.00900	0.00937	0.00525	0.00600	0.00900	0.01237	0.01649	0.03561	0.76871	0.04274	0.02024	0.00825	0.00262	0.00375	0.01837	0.00600	0.00525
26	0.00783	0.00655	0.00681	0.00675	0.00884	0.00554	0.00506	0.00964	0.01518	0.01852	0.14926	0.06043	0.64552	0.01597	0.00763	0.00216	0.00324	0.01339	0.00614	0.00554
27	0.01250	0.01206	0.02118	0.68709	0.04347	0.01455	0.08450	0.01691	0.01314	0.01691	0.01164	0.01725	0.00873	0.00636	0.00657	0.00216	0.00883	0.00592	0.00291	0.00733
28	0.01340	0.01148	0.01340	0.00957	0.01531	0.00861	0.00766	0.01627	0.01340	0.02105	0.01148	0.01340	0.00957	0.00479	0.00479	0.00096	0.00479	0.00383	0.00383	0.81242
29	0.02308	0.01699	0.01836	0.01422	0.01904	0.01870	0.01169	0.64378	0.02922	0.03930	0.08423	0.01867	0.01580	0.00828	0.00658	0.00195	0.00672	0.00638	0.00653	0.01052
30	0.02456	0.01810	0.01939	0.01487	0.02004	0.02004	0.01228	0.71107	0.03038	0.04072	0.01551	0.01551	0.01099	0.00776	0.00646	0.00194	0.00711	0.00582	0.00646	0.01099
31	0.01557	0.01493	0.02547	0.11866	0.65688	0.01524	0.01962	0.01946	0.01452	0.02060	0.01208	0.01613	0.01006	0.00583	0.00640	0.00194	0.00778	0.00576	0.00316	0.00990
32	0.00914	0.00660	0.00864	0.00813	0.00965	0.00610	0.00610	0.01219	0.01829	0.02591	0.72921	0.04827	0.06097	0.01321	0.00762	0.00203	0.00305	0.01169	0.00711	0.00610
33	0.00839	0.00658	0.00759	0.00734	0.00919	0.00577	0.00550	0.01073	0.01650	0.02167	0.39651	0.05524	0.39631	0.01479	0.00763	0.00211	0.00316	0.01266	0.00656	0.00577
34	0.00859	0.00658	0.00786	0.00754	0.00931	0.00586	0.00566	0.01111	0.01697	0.02278	0.48349	0.05342	0.30864	0.01438	0.00763	0.00209	0.00313	0.01241	0.00670	0.00586
35	0.01560	0.01505	0.02596	0.10835	0.64303	0.01529	0.04266	0.01954	0.01456	0.02065	0.01212	0.01616	0.01006	0.00581	0.00644	0.00195	0.00787	0.00582	0.00317	0.00989
36	0.00940	0.00626	0.00705	0.00705	0.00705	0.00626	0.00392	0.00940	0.00940	0.01253	0.02036	0.04228	0.02349	0.77292	0.03289	0.00626	0.00626	0.00940	0.00392	0.00392
37	0.00787	0.00562	0.00750	0.00900	0.00937	0.00525	0.00600	0.00900	0.01237	0.01649	0.03561	0.76871	0.04274	0.02024	0.00825	0.00262	0.00375	0.01837	0.00600	0.00525
38	0.01428	0.01528	0.03110	0.08800	0.09863	0.01484	0.47940	0.01949	0.04182	0.02016	0.01585	0.10053	0.01376	0.00732	0.00744	0.00220	0.00938	0.00846	0.00366	0.00841
39	0.01106	0.00627	0.00720	0.00710	0.00856	0.00636	0.00537	0.01397	0.01392	0.02298	0.15126	0.02876	0.02470	0.01507	0.12290	0.00301	0.00529	0.00721	0.53300	0.00600
40	0.01041	0.00744	0.01041	0.01190	0.01339	0.00744	0.01041	0.01339	0.01487	0.01934	0.03421	0.07288	0.03719	0.01785	0.00892	0.00297	0.00595	0.68913	0.00595	0.00595
41	0.01525	0.01743	0.03813	0.02723	0.03377	0.01634	0.70915	0.02070	0.01525	0.02070	0.01307	0.01743	0.00980	0.00545	0.00763	0.00218	0.01089	0.00763	0.00327	0.00871
42	0.01453	0.01386	0.02359	0.31615	0.46754	0.01497	0.01910	0.01855	0.01402	0.01934	0.01190	0.01647	0.00961	0.00603	0.00642	0.00201	0.00804	0.00575	0.00307	0.00906
43	0.01393	0.01373	0.02073	0.37768	0.16293	0.04432	0.01696	0.01720	0.01257	0.01705	0.01067	0.01587	0.00886	0.00777	0.01077	0.00229	0.23035	0.00566	0.00294	0.00772
44	0.81856	0.01250	0.00950	0.00850	0.01250	0.01449	0.00700	0.01899	0.01100	0.02899	0.00900	0.01050	0.00700	0.00600	0.00400	0.00200	0.00500	0.00350	0.00400	0.00700
45	0.00923	0.00692	0.01038	0.01038	0.01154	0.00808	0.00808	0.01154	0.01038	0.01500	0.01731	0.02538	0.01615	0.04846	0.74732	0.01038	0.01731	0.00692	0.00346	0.00577
46	0.00764	0.00655	0.00655	0.00655	0.00873	0.00545	0.00491	0.00927	0.01473	0.01745	0.06546	0.06218	0.73000	0.01636	0.00764	0.00218	0.00327	0.01364	0.00600	0.00545
47	0.81856	0.01250	0.00950	0.00850	0.01250	0.01449	0.00700	0.01899	0.01100	0.02899	0.00900	0.01050	0.00700	0.00600	0.00400	0.00200	0.00500	0.00350	0.00400	0.00700
48	0.01706	0.16797	0.37702	0.01631	0.02318	0.20612	0.01775	0.04030	0.04240	0.01908	0.01137	0.01298	0.00876	0.00630	0.00572	0.00183	0.00937	0.00450	0.00314	0.00885
49	0.00925	0.00629	0.00700	0.00700	0.00719	0.00620	0.00400	0.00939	0.00985	0.01295	0.02420	0.04398	0.08361	0.70855	0.03074	0.00592	0.00601	0.00976	0.00409	0.00405
50	0.01360	0.12537	0.59033	0.01737	0.02561	0.01674	0.02144	0.01991	0.01326	0.01939	0.01101	0.01327	0.00822	0.00650	0.00715	0.00203	0.07220	0.00468	0.00274	0.00918
51	0.00808	0.00656	0.00716	0.00701	0.00900	0.00564	0.00526	0.01012	0.01577	0.01992	0.25901	0.05812	0.53490	0.01544	0.00763	0.00214	0.00321	0.01307	0.00632	0.00564
52	0.01046	0.00693	0.00871	0.00812	0.01003	0.00622	0.00614	0.01312	0.01739	0.08349	0.51337	0.07291	0.19136	0.01364	0.00755	0.00208	0.00332	0.01187	0.00693	0.00635
53	0.01727	0.77681	0.03386	0.01106	0.01658	0.02557	0.01106	0.01935	0.01313	0.01520	0.00898	0.01036	0.00829	0.00553	0.00415	0.00138	0.00691	0.00345	0.00276	0.00829
54	0.01727	0.77681	0.03386	0.01106	0.01658	0.02557	0.01106	0.01935	0.01313	0.01520	0.00898	0.01036	0.00829	0.00553	0.00415	0.00138	0.00691	0.00345	0.00276	0.00829
55	0.01388	0.01367	0.02025	0.17728	0.08375	0.01825	0.01544	0.01612	0.01095	0.01623	0.00944	0.01496	0.00866	0.00980	0.01679	0.00261	0.53602	0.00568	0.00287	0.00736
56	0.01220	0.01148	0.01938	0.75739	0.04450	0.01436	0.01794	0.01651	0.01292	0.01651	0.01148	0.01723	0.00861	0.00646	0.00646	0.00215	0.00861	0.00574	0.00287	0.00718
57	0.02623	0.01543	0.01774	0.01360	0.01871	0.01608	0.01124	0.45582	0.02592	0.30228	0.01926	0.01795	0.01287	0.00785	0.00648	0.00196	0.00650	0.00607	0.00704	0.01099
58	0.72417	0.01283	0.01146	0.01216	0.09719	0.01460	0.00851	0.01909	0.01143	0.02806	0.00937	0.01114	0.00738	0.00597	0.00428	0.00199	0.00531	0.00376	0.00390	0.00738
59	0.01599	0.01535	0.02623	0.03966	0.73262	0.01535	0.01983	0.01983	0.01471	0.02111	0.01215	0.01599	0.01023	0.00576	0.00640	0.00192	0.00768	0.00576	0.00320	0.01023
60	0.00764	0.00655	0.00655	0.00655	0.00873	0.00545	0.00491	0.00927	0.01473	0.01745	0.06546	0.06218	0.73000	0.01636	0.00764	0.00218	0.00327	0.01364	0.00600	0.00545
61	0.00957	0.00652	0.00826	0.00782	0.00934	0.00609	0.00587	0.01261	0.01760	0.02565	0.62629	0.04475	0.05451	0.01238	0.00717	0.00196	0.00304	0.01086	0.12362	0.00609
62	0.00839	0.00658	0.00759	0.00734	0.00919	0.00577	0.00550	0.01073	0.01650	0.02167	0.39651	0.05524	0.39631	0.01479	0.00763	0.00211	0.00316	0.01266	0.00656	0.00577
63	0.01727	0.11996	0.41129	0.01695	0.02391	0.26511	0.01849	0.02215	0.01517	0.01826	0.01074	0.01258	0.00824	0.00624	0.00580	0.00184	0.00995	0.00441	0.00294	0.00870
64	0.00787	0.00562	0.00750	0.00900	0.00937	0.00525	0.00600	0.00900	0.01237	0.01649	0.03561	0.76871	0.04274	0.02024	0.00825	0.00262	0.00375	0.01837	0.00600	0.00525
65	0.01005	0.00856	0.00910	0.01005	0.01099	0.06940	0.00696	0.01287	0.08110	0.01745	0.03254	0.63259	0.03759	0.01798	0.00788	0.00250	0.00455	0.01609	0.00583	0.00592
66	0.81856	0.01250	0.00950	0.00850	0.01250	0.01449	0.00700	0.01899	0.01100	0.02899	0.00900	0.01050	0.00700	0.00600	0.00400	0.00200	0.00500	0.00350	0.00400	0.00700
67	0.01220	0.01148	0.01938	0.75739	0.04450	0.01436	0.01794	0.01651	0.01292	0.01651	0.01148	0.01723	0.00861	0.00646	0.00646	0.00215	0.00861	0.00574	0.00287	0.00718
68	0.00767	0.00641	0.00668	0.00690	0.00882	0.00542	0.00507	0.00923	0.01439	0.01732	0.06112	0.16486	0.63011	0.01693	0.00773	0.00225	0.00334	0.01432	0.00600	0.00542
69	0.02414	0.03079	0.01831	0.01665	0.01998	0.74698	0.01248	0.02580	0.01831	0.01581	0.00999	0.01165	0.00832	0.00666	0.00583	0.00166	0.01165	0.00416	0.00333	0.00749
70	0.01599	0.01535	0.02623	0.03966	0.73262	0.01535	0.01983	0.01983	0.01471	0.02111	0.01215	0.01599	0.01023	0.00576	0.00640	0.00192	0.00768	0.00576	0.00320	0.01023
71	0.01204	0.00602	0.00602	0.00602	0.00753	0.00602	0.00452	0.01506	0.01355	0.02409	0.02108	0.02409	0.01656	0.00753	0.00452	0.00151	0.00301	0.00602	0.80879	0.00602
72	0.49824	0.01176	0.01133	0.00954	0.01365	0.01255	0.00781	0.04583	0.01441	0.23009	0.07518	0.01715	0.01428	0.00724	0.00510	0.00200	0.00505	0.00513	0.00548	0.00819
73	0.00939	0.00656	0.00841	0.00795	0.00947	0.00609	0.00596	0.01244	0.01789	0.02576	0.66896	0.04621	0.05719	0.01273	0.00736	0.00199	0.00305	0.01120	0.07533	0.00609
74	0.00795	0.00656	0.00698	0.00688	0.00892	0.00559	0.00516	0.00989	0.01547	0.01923	0.20462	0.05926	0.58972	0.01570	0.00763	0.00215	0.00323	0.01323	0.00623	0.00559
75	0.02332	0.01802	0.01801	0.01417	0.01883	0.08054	0.01155	0.58575	0.02773	0.03700	0.01558	0.01601	0.01130	0.00764	0.00622	0.00187	0.00710	0.00570	0.08345	0.01021
76	0.01340	0.01148	0.01340	0.00957	0.01531	0.00861	0.00766	0.01627	0.01340	0.02105	0.01148	0.01340	0.00957	0.00479	0.00479	0.00096	0.00479	0.00383	0.00383	0.81242
77	0.01220	0.01148	0.01938	0.75739	0.04450	0.01436	0.01794	0.01651	0.01292	0.01651	0.01148	0.01723	0.00861	0.00646	0.00646	0.00215	0.00861	0.00574	0.00287	0.00718
78	0.00927	0.00678	0.00965	0.00965	0.01056	0.00768	0.00717	0.01107	0.01017	0.01446	0.01797	0.02908	0.01776	0.20681	0.59116	0.00948	0.01489	0.00746	0.00356	0.00536
79	0.01766	0.73474	0.03298	0.01137	0.01677	0.06625	0.01114	0.01971	0.01342	0.01524	0.00904	0.01044	0.00829	0.00559	0.00424	0.00140	0.00718	0.00349	0.00280	0.00825
80	0.00855	0.00646	0.00789	0.00778	0.00935	0.00580	0.00574	0.01095	0.01652	0.02229	0.45049	0.14295	0.25162	0.01500	0.00770	0.00215	0.00320	0.01309	0.00665	0.00580
81	0.01861	0.01401	0.01985	0.02039	0.21035	0.01349	0.06402	0.11102	0.10124	0.14520	0.01643	0.01739	0.01224	0.00649	0.00615	0.00175	0.00647	0.00575	0.00499	0.20417
82	0.00831	0.00606	0.00783	0.00847	0.00942	0.00557	0.00594	0.01018	0.01472	0.01999	0.28982	0.44718	0.10783	0.01736	0.00797	0.00237	0.00345	0.01554	0.00640	0.00557
83	0.01960	0.35744	0.10455	0.01323	0.01873	0.08242	0.01258	0.13922	0.08519	0.08940	0.01368	0.01413	0.01056	0.00661	0.00536	0.00171	0.00733	0.00472	0.00429	0.00926
84	0.01657	0.36224	0.13712	0.10866	0.11031	0.10585	0.03917	0.02003	0.01406	0.01715	0.01034	0.01279	0.00861	0.00589	0.00533	0.00170	0.00831	0.00445	0.00291	0.00850
85	0.00792	0.00644	0.00706	0.00748	0.00925	0.00558	0.00559	0.00957	0.01428	0.01743	0.05695	0.20149	0.53642	0.01725	0.00787	0.00234	0.00359	0.07204	0.00600	0.00546
86	0.01296	0.03342	0.73944	0.01842	0.02797	0.01501	0.02387	0.02046	0.01364	0.02046	0.01160	0.01364	0.00818	0.00614	0.00614	0.00205	0.00955	0.00477	0.00273	0.00955
87	0.01552	0.01668	0.03383	0.03172	0.28626	0.01598	0.46010	0.02038	0.01506	0.02085	0.01274	0.01691	0.00996	0.00556	0.00718	0.00208	0.00973	0.00695	0.00324	0.00926
88	0.00896	0.00621	0.00764	0.00782	0.00885	0.00588	0.00547	0.00931	0.01171	0.01490	0.03715	0.13174	0.29680	0.11464	0.10216	0.20464	0.00593	0.01092	0.00465	0.00462
89	0.01647	0.01138	0.01194	0.01009	0.01328	0.01214	0.00803	0.28142	0.08035	0.02963	0.02644	0.02686	0.12786	0.00912	0.00593	0.00184	0.00480	0.00726	0.30699	0.00819
90	0.02175	0.01670	0.01781	0.01430	0.01897	0.01873	0.01160	0.48734	0.25868	0.03619	0.01908	0.01835	0.01388	0.00809	0.00650	0.00202	0.00645	0.00631	0.00650	0.01074
91	0.02197	0.18380	0.02326	0.01633	0.02045	0.51026	0.07146	0.04766	0.01739	0.01696	0.01023	0.01201	0.00853	0.00636	0.00565	0.00166	0.01045	0.00437	0.00331	0.00788
92	0.00782	0.00602	0.00716	0.00799	0.00912	0.00536	0.00557	0.00922	0.01351	0.01720	0.07144	0.46202	0.31752	0.01845	0.00798	0.00243	0.00353	0.01625	0.00604	0.00536
93	0.00787	0.00562	0.00750	0.00900	0.00937	0.00525	0.00600	0.00900	0.01237	0.01649	0.03561	0.76871	0.04274	0.02024	0.00825	0.00262	0.00375	0.01837	0.00600	0.00525
94	0.01340	0.01148	0.01340	0.00957	0.01531	0.00861	0.00766	0.01627	0.01340	0.02105	0.01148	0.01340	0.00957	0.00479	0.00479	0.00096	0.00479	0.00383	0.00383	0.81242
95	0.02456	0.01810	0.01939	0.01487	0.02004	0.02004	0.01228	0.71107	0.03038	0.04072	0.01551	0.01551	0.01099	0.00776	0.00646	0.00194	0.00711	0.00582	0.00646	0.01099
96	0.01220	0.01148	0.01938	0.75739	0.04450	0.01436	0.01794	0.01651	0.01292	0.01651	0.01148	0.01723	0.00861	0.00646	0.00646	0.00215	0.00861	0.00574	0.00287	0.00718
97	0.01408	0.01556	0.03327	0.02434	0.02990	0.01458	0.59763	0.01884	0.01479	0.02003	0.01665	0.13659	0.01503	0.00779	0.00772	0.00225	0.00976	0.00933	0.00370	0.00816
98	0.00940	0.00626	0.00705	0.00705	0.00705	0.00626	0.00392	0.00940	0.00940	0.01253	0.02036	0.04228	0.02349	0.77292	0.03289	0.00626	0.00626	0.00940	0.00392	0.00392
99	0.81856	0.01250	0.00950	0.00850	0.01250	0.01449	0.00700	0.01899	0.01100	0.02899	0.00900	0.01050	0.00700	0.00600	0.00400	0.00200	0.00500	0.00350	0.00400	0.00700
100	0.01301	0.01247	0.01762	0.01545	0.01571	0.01709	0.01274	0.01463	0.01001	0.01542	0.01052	0.01673	0.01025	0.01987	0.18852	0.00457	0.58971	0.00595	0.00297	0.00677
101	0.00811	0.00596	0.00761	0.00847	0.00934	0.00546	0.00587	0.00972	0.01397	0.01865	0.18875	0.51478	0.14316	0.01819	0.00803	0.00243	0.00353	0.01627	0.00624	0.00546
102	0.00891	0.00660	0.00831	0.00788	0.00951	0.00599	0.00591	0.01173	0.01772	0.02457	0.62393	0.05047	0.16708	0.01371	0.00762	0.00206	0.00308	0.01199	0.00694	0.00599
103	0.00787	0.00562	0.00750	0.00900	0.00937	0.00525	0.00600	0.00900	0.01237	0.01649	0.03561	0.76871	0.04274	0.02024	0.00825	0.00262	0.00375	0.01837	0.00600	0.00525
104	0.01731	0.01449	0.01531	0.01340	0.01727	0.01665	0.01053	0.13269	0.62058	0.02902	0.02473	0.02286	0.01845	0.00862	0.00656	0.00215	0.00540	0.00709	0.00656	0.01034
105	0.01607	0.01388	0.01461	0.01315	0.01680	0.01607	0.01023	0.03433	0.72094	0.02703	0.02630	0.02411	0.01972	0.00877	0.00657	0.00219	0.00511	0.00731	0.00657	0.01023
106	0.02457	0.01350	0.01616	0.01236	0.01748	0.01305	0.01014	0.25121	0.04859	0.36870	0.02004	0.01859	0.01348	0.00744	0.00622	0.00182	0.00590	0.00588	0.00678	0.13807
107	0.01039	0.00865	0.01440	0.01450	0.07503	0.00949	0.07658	0.01313	0.01122	0.01607	0.01646	0.02382	0.01504	0.04068	0.61305	0.00887	0.01587	0.00689	0.00342	0.00643
108	0.81856	0.01250	0.00950	0.00850	0.01250	0.01449	0.00700	0.01899	0.01100	0.02899	0.00900	0.01050	0.00700	0.00600	0.00400	0.00200	0.00500	0.00350	0.00400	0.00700
109	0.00764	0.00655	0.00655	0.00655	0.00873	0.00545	0.00491	0.00927	0.01473	0.01745	0.06546	0.06218	0.73000	0.01636	0.00764	0.00218	0.00327	0.01364	0.00600	0.00545
110	0.01031	0.00740	0.01026	0.01169	0.01321	0.00736	0.01020	0.01323	0.01487	0.01926	0.03541	0.07247	0.06383	0.01779	0.00888	0.00294	0.00585	0.66315	0.00595	0.00593
111	0.01727	0.77681	0.03386	0.01106	0.01658	0.02557	0.01106	0.01935	0.01313	0.01520	0.00898	0.01036	0.00829	0.00553	0.00415	0.00138	0.00691	0.00345	0.00276	0.00829
112	0.01441	0.01493	0.02422	0.01944	0.02102	0.01896	0.18207	0.01679	0.01119	0.01679	0.00959	0.01493	0.00880	0.00989	0.01792	0.00267	0.57983	0.00613	0.00293	0.00747
113	0.01338	0.10500	0.67151	0.01771	0.02687	0.01602	0.02264	0.02036	0.01359	0.01996	0.01134	0.01333	0.00820	0.00608	0.00595	0.00198	0.00930	0.00465	0.00273	0.00943
114	0.01357	0.10364	0.61183	0.01846	0.02736	0.01614	0.08095	0.02038	0.01373	0.01998	0.01147	0.01365	0.00833	0.00602	0.00607	0.00199	0.00941	0.00489	0.00278	0.00936
115	0.02899	0.01100	0.01499	0.01150	0.01649	0.00950	0.00950	0.03149	0.01849	0.73709	0.02549	0.02199	0.01599	0.00800	0.00650	0.00200	0.00550	0.00650	0.00800	0.01100
116	0.01257	0.01186	0.02004	0.68828	0.11076	0.01445	0.01813	0.01683	0.01309	0.01695	0.01155	0.01711	0.00877	0.00639	0.00645	0.00213	0.00852	0.00574	0.00290	0.00747
117	0.01269	0.01199	0.02027	0.66433	0.13373	0.01448	0.01819	0.01694	0.01315	0.01711	0.01157	0.01707	0.00882	0.00637	0.00645	0.00212	0.00849	0.00574	0.00291	0.00757
118	0.01636	0.01521	0.02499	0.10666	0.60573	0.01565	0.01901	0.07833	0.01587	0.02233	0.01238	0.01607	0.01014	0.00599	0.00641	0.00194	0.00772	0.00576	0.00344	0.01000
119	0.01414	0.01414	0.01979	0.01696	0.01696	0.01979	0.01414	0.01555	0.00990	0.01555	0.00848	0.01414	0.00848	0.01131	0.02120	0.00283	0.76110	0.00565	0.00283	0.00707
120	0.01521	0.01339	0.01593	0.01395	0.01753	0.01505	0.06929	0.03073	0.59267	0.02548	0.02607	0.09523	0.02110	0.00959	0.00683	0.00223	0.00547	0.00840	0.00624	0.00962
121	0.81856	0.01250	0.00950	0.00850	0.01250	0.01449	0.00700	0.01899	0.01100	0.02899	0.00900	0.01050	0.00700	0.00600	0.00400	0.00200	0.00500	0.00350	0.00400	0.00700
122	0.81856	0.01250	0.00950	0.00850	0.01250	0.01449	0.00700	0.01899	0.01100	0.02899	0.00900	0.01050	0.00700	0.00600	0.00400	0.00200	0.00500	0.00350	0.00400	0.00700
123	0.01599	0.01535	0.02623	0.03966	0.73262	0.01535	0.01983	0.01983	0.01471	0.02111	0.01215	0.01599	0.01023	0.00576	0.00640	0.00192	0.00768	0.00576	0.00320	0.01023
124	0.00802	0.00656	0.00708	0.00695	0.00896	0.00562	0.00521	0.01002	0.01564	0.01961	0.23464	0.05864	0.55946	0.01556	0.00763	0.00214	0.00322	0.01314	0.00628	0.00562
125	0.00785	0.00571	0.00741	0.00876	0.00931	0.00527	0.00589	0.00902	0.01260	0.01659	0.03849	0.70068	0.10891	0.01987	0.00819	0.00258	0.00370	0.01791	0.00600	0.00527
126	0.81856	0.01250	0.00950	0.00850	0.01250	0.01449	0.00700	0.01899	0.01100	0.02899	0.00900	0.01050	0.00700	0.00600	0.00400	0.00200	0.00500	0.00350	0.00400	0.00700
127	0.00936	0.00642	0.00783	0.00783	0.00810	0.00669	0.00489	0.00990	0.00963	0.01311	0.01964	0.03833	0.02177	0.60337	0.20009	0.00723	0.00885	0.00882	0.00381	0.00435
128	0.00940	0.00626	0.00705	0.00705	0.00705	0.00626	0.00392	0.00940	0.00940	0.01253	0.02036	0.04228	0.02349	0.77292	0.03289	0.00626	0.00626	0.00940	0.00392	0.00392
129	0.00940	0.00626	0.00705	0.00705	0.00705	0.00626	0.00392	0.00940	0.00940	0.01253	0.02036	0.04228	0.02349	0.77292	0.03289	0.00626	0.00626	0.00940	0.00392	0.00392

[dist]
# distance from previous block
# <min> <max>
0	0

# created by:
# /home/berkeley/.conda/envs/busco_data_prod/bin/msa2prfl.pl pipeline/OGs_align_augustus/5794/68724.fs
