[name]
unknown

[dist]
# distance from previous block
# <min> <max>
0	82

[block]
# block no. 0 follows, 31 sequences, length 34
# corresponding to MSA columns:
# 82-115
name=unknown_A
#
# <colnr> <probs for GDERKNQSTAVLIFYWHMCP>
#	G	D	E	R	K	N	Q	S	T	A	V	L	I	F	Y	W	H	M	C	P
0	0.01522	0.01219	0.01422	0.08513	0.01884	0.04990	0.01120	0.09107	0.12578	0.04971	0.09452	0.07136	0.02855	0.01258	0.00774	0.00242	0.00637	0.22622	0.00602	0.07097
1	0.01280	0.00785	0.01132	0.01086	0.01256	0.00849	0.00837	0.01505	0.01231	0.12005	0.02085	0.06624	0.01908	0.08970	0.54117	0.00896	0.01495	0.00808	0.00455	0.00677
2	0.01776	0.01943	0.09056	0.01784	0.05423	0.13557	0.10649	0.05394	0.25509	0.04560	0.02154	0.04571	0.04040	0.03152	0.03127	0.00260	0.00846	0.00745	0.00514	0.00942
3	0.21327	0.01855	0.08224	0.01403	0.01925	0.04308	0.01226	0.29185	0.15298	0.06197	0.01677	0.01682	0.01221	0.00777	0.00618	0.00212	0.00692	0.00573	0.00581	0.01018
4	0.01145	0.00622	0.00934	0.00934	0.00958	0.00647	0.00647	0.00958	0.00934	0.01270	0.01319	0.02203	0.01294	0.02936	0.17013	0.64045	0.00846	0.00622	0.00311	0.00361
5	0.25150	0.01469	0.01528	0.01231	0.01685	0.01583	0.00998	0.30054	0.02161	0.16971	0.01748	0.03932	0.01337	0.06241	0.00817	0.00244	0.00638	0.00624	0.00620	0.00970
6	0.01752	0.31681	0.27893	0.01649	0.02376	0.04388	0.06826	0.09484	0.04075	0.02192	0.01226	0.01393	0.00960	0.00649	0.00584	0.00188	0.00875	0.00493	0.00354	0.00964
7	0.01006	0.00698	0.00839	0.00846	0.01023	0.00618	0.00618	0.01210	0.01616	0.06656	0.23023	0.25393	0.30536	0.01701	0.00819	0.00239	0.00370	0.01481	0.00681	0.00628
8	0.00887	0.00675	0.00742	0.00752	0.00883	0.00610	0.00509	0.01014	0.01391	0.01759	0.11510	0.12367	0.36234	0.25731	0.01679	0.00374	0.00451	0.01326	0.00576	0.00530
9	0.04190	0.01335	0.01836	0.21176	0.09219	0.03646	0.04938	0.15356	0.01837	0.05777	0.06600	0.16951	0.02123	0.01050	0.00726	0.00228	0.00721	0.00925	0.00515	0.00851
10	0.08748	0.20801	0.08765	0.05285	0.02097	0.05324	0.03490	0.20146	0.06393	0.02629	0.01496	0.05052	0.01245	0.01007	0.04466	0.00245	0.00823	0.00598	0.00460	0.00930
11	0.00883	0.00725	0.00785	0.00795	0.01007	0.00643	0.00603	0.01150	0.04382	0.01990	0.13056	0.10973	0.52726	0.01703	0.00817	0.00238	0.00375	0.05891	0.00650	0.00607
12	0.12300	0.01645	0.01662	0.01293	0.01804	0.06958	0.01048	0.25527	0.02034	0.02995	0.01302	0.01447	0.01014	0.00685	0.00659	0.00168	0.04597	0.00487	0.00496	0.31877
13	0.01419	0.01216	0.01419	0.01013	0.01621	0.00912	0.00811	0.01723	0.01419	0.02229	0.01216	0.01419	0.01013	0.00507	0.00507	0.00101	0.00507	0.00405	0.00405	0.80139
14	0.01498	0.01096	0.01362	0.01235	0.01439	0.01214	0.00973	0.16934	0.01792	0.05277	0.10565	0.13465	0.02815	0.10169	0.08586	0.00385	0.10248	0.09619	0.00573	0.00754
15	0.01690	0.01495	0.01492	0.01323	0.01511	0.17751	0.04150	0.01835	0.01396	0.10026	0.01858	0.08199	0.01836	0.25442	0.06550	0.00425	0.11068	0.00821	0.00446	0.00686
16	0.01336	0.00665	0.00931	0.00894	0.00947	0.00649	0.00598	0.01155	0.01018	0.08257	0.01535	0.02591	0.01502	0.17175	0.02641	0.56032	0.00607	0.00685	0.00375	0.00407
17	0.34002	0.01167	0.01266	0.01043	0.01482	0.01171	0.00852	0.02536	0.01637	0.35343	0.10971	0.02204	0.01934	0.00834	0.00597	0.00212	0.00527	0.00632	0.00665	0.00926
18	0.01646	0.00955	0.01289	0.01160	0.01392	0.01011	0.00906	0.06902	0.01490	0.19476	0.02210	0.08205	0.01968	0.10338	0.31504	0.00641	0.05041	0.02553	0.00539	0.00775
19	0.00887	0.00646	0.00855	0.00952	0.01032	0.00630	0.00672	0.01046	0.01328	0.01779	0.07713	0.45823	0.09442	0.07353	0.12561	0.00428	0.00647	0.05056	0.00585	0.00566
20	0.80789	0.01323	0.01006	0.00900	0.01323	0.01535	0.00741	0.02011	0.01164	0.03070	0.00953	0.01111	0.00741	0.00635	0.00423	0.00212	0.00529	0.00370	0.00423	0.00741
21	0.00986	0.00782	0.00898	0.00873	0.01076	0.00742	0.00652	0.01432	0.10172	0.02328	0.32361	0.12324	0.29758	0.01538	0.00800	0.00229	0.00366	0.01327	0.00691	0.00665
22	0.02202	0.00996	0.01288	0.01056	0.01393	0.00910	0.00809	0.05156	0.01748	0.40721	0.11966	0.03262	0.02541	0.21141	0.01456	0.00333	0.00575	0.00843	0.00711	0.00891
23	0.00995	0.00722	0.00892	0.00975	0.01062	0.00718	0.00692	0.01259	0.06524	0.01776	0.03365	0.33762	0.06826	0.22639	0.01601	0.00387	0.00525	0.14130	0.00577	0.00571
24	0.02511	0.01369	0.01588	0.01247	0.01709	0.01394	0.01021	0.30375	0.02374	0.29887	0.02166	0.02089	0.01486	0.00826	0.00644	0.00198	0.00599	0.00648	0.16812	0.01057
25	0.00829	0.00614	0.00775	0.00903	0.00979	0.00560	0.00613	0.00958	0.01357	0.01766	0.04374	0.62346	0.17299	0.02065	0.00861	0.00269	0.00387	0.01849	0.00635	0.00560
26	0.48705	0.01113	0.01005	0.00897	0.01240	0.01209	0.00707	0.01875	0.01359	0.09718	0.11338	0.02482	0.06420	0.08422	0.00836	0.00259	0.00508	0.00655	0.00524	0.00727
27	0.00877	0.00616	0.00789	0.00901	0.00937	0.00585	0.00585	0.00978	0.01268	0.01698	0.06603	0.55950	0.04151	0.18967	0.01466	0.00363	0.00454	0.01694	0.00590	0.00528
28	0.02623	0.01881	0.02031	0.01557	0.02104	0.02069	0.01286	0.66277	0.03157	0.07526	0.01693	0.01675	0.01189	0.00822	0.00685	0.00206	0.00745	0.00619	0.00692	0.01164
29	0.06517	0.00901	0.01057	0.00956	0.01219	0.00883	0.00737	0.01862	0.11277	0.10969	0.39957	0.04372	0.14093	0.01265	0.00753	0.00219	0.00401	0.01080	0.00718	0.00765
30	0.00938	0.00700	0.00816	0.00844	0.00957	0.00665	0.00574	0.01167	0.05063	0.01877	0.14802	0.25019	0.20176	0.21500	0.01532	0.00357	0.00452	0.01397	0.00598	0.00566
31	0.80789	0.01323	0.01006	0.00900	0.01323	0.01535	0.00741	0.02011	0.01164	0.03070	0.00953	0.01111	0.00741	0.00635	0.00423	0.00212	0.00529	0.00370	0.00423	0.00741
32	0.03070	0.01164	0.01588	0.01217	0.01746	0.01006	0.01006	0.03334	0.01958	0.72163	0.02699	0.02329	0.01694	0.00847	0.00688	0.00212	0.00582	0.00688	0.00847	0.01164
33	0.22543	0.01204	0.01442	0.01138	0.01640	0.01138	0.00939	0.03003	0.01759	0.54851	0.02261	0.02024	0.01455	0.00794	0.00622	0.00212	0.00569	0.00608	0.00741	0.01058

[dist]
# distance from previous block
# <min> <max>
0	8

[block]
# block no. 1 follows, 31 sequences, length 54
# corresponding to MSA columns:
# 124-177
name=unknown_B
#
# <colnr> <probs for GDERKNQSTAVLIFYWHMCP>
#	G	D	E	R	K	N	Q	S	T	A	V	L	I	F	Y	W	H	M	C	P
0	0.01296	0.00738	0.01005	0.00971	0.01033	0.00770	0.00673	0.03696	0.08540	0.01485	0.01379	0.02115	0.01285	0.02162	0.02386	0.68489	0.00594	0.00614	0.00355	0.00414
1	0.80789	0.01323	0.01006	0.00900	0.01323	0.01535	0.00741	0.02011	0.01164	0.03070	0.00953	0.01111	0.00741	0.00635	0.00423	0.00212	0.00529	0.00370	0.00423	0.00741
2	0.00822	0.00690	0.00717	0.00735	0.00949	0.00585	0.00552	0.00997	0.01542	0.01849	0.06563	0.11699	0.63740	0.01769	0.00819	0.00238	0.00362	0.04158	0.00635	0.00578
3	0.01119	0.00771	0.00892	0.00885	0.00950	0.00783	0.00573	0.06936	0.01275	0.01697	0.02449	0.14585	0.02770	0.53501	0.02682	0.00543	0.00631	0.05958	0.00485	0.00515
4	0.00960	0.00774	0.00869	0.00898	0.01081	0.00741	0.00652	0.01384	0.11700	0.02020	0.09312	0.29997	0.33617	0.01736	0.00814	0.00247	0.00392	0.01507	0.00652	0.00649
5	0.01612	0.00973	0.01044	0.00953	0.01228	0.01033	0.00737	0.02465	0.24567	0.10181	0.02467	0.02527	0.01859	0.00846	0.00574	0.00189	0.00422	0.00689	0.44791	0.00843
6	0.80789	0.01323	0.01006	0.00900	0.01323	0.01535	0.00741	0.02011	0.01164	0.03070	0.00953	0.01111	0.00741	0.00635	0.00423	0.00212	0.00529	0.00370	0.00423	0.00741
7	0.02173	0.01839	0.01809	0.01442	0.01949	0.10074	0.01157	0.34742	0.15342	0.03285	0.01698	0.01718	0.01273	0.00760	0.00641	0.00185	0.00716	0.00580	0.00588	0.18030
8	0.02601	0.01916	0.02053	0.01574	0.02122	0.02122	0.01300	0.69408	0.03217	0.04312	0.01643	0.01643	0.01163	0.00821	0.00684	0.00205	0.00753	0.00616	0.00684	0.01163
9	0.00817	0.00660	0.00727	0.00780	0.00947	0.00570	0.00558	0.00972	0.01476	0.01814	0.05874	0.29629	0.49048	0.01870	0.00830	0.00247	0.00363	0.01611	0.00635	0.00570
10	0.01012	0.00703	0.00909	0.00956	0.01103	0.00669	0.00752	0.01294	0.01663	0.02322	0.30422	0.15915	0.08676	0.01604	0.00821	0.00248	0.00424	0.20508	0.09375	0.00623
11	0.80789	0.01323	0.01006	0.00900	0.01323	0.01535	0.00741	0.02011	0.01164	0.03070	0.00953	0.01111	0.00741	0.00635	0.00423	0.00212	0.00529	0.00370	0.00423	0.00741
12	0.22560	0.01248	0.01468	0.01158	0.01662	0.01203	0.00956	0.06820	0.01831	0.50890	0.02199	0.01983	0.01424	0.00792	0.00621	0.00211	0.00579	0.00604	0.00731	0.01058
13	0.02824	0.01558	0.01831	0.01404	0.01943	0.01590	0.01160	0.37928	0.02617	0.36638	0.02146	0.01969	0.01416	0.00833	0.00686	0.00208	0.00672	0.00650	0.00762	0.01164
14	0.00916	0.00686	0.00849	0.00833	0.00996	0.00619	0.00615	0.01180	0.01776	0.02420	0.48558	0.13661	0.21251	0.01563	0.00815	0.00226	0.00337	0.01368	0.00712	0.00619
15	0.01618	0.01576	0.02552	0.22851	0.51223	0.04233	0.02018	0.02029	0.01521	0.02084	0.01259	0.01711	0.01030	0.00633	0.00677	0.00209	0.00855	0.00603	0.00330	0.00986
16	0.02665	0.01789	0.06760	0.01487	0.02060	0.01730	0.01291	0.43754	0.02694	0.25743	0.01950	0.01847	0.01312	0.00818	0.00683	0.00208	0.00716	0.00631	0.00709	0.01153
17	0.01419	0.01216	0.01419	0.01013	0.01621	0.00912	0.00811	0.01723	0.01419	0.02229	0.01216	0.01419	0.01013	0.00507	0.00507	0.00101	0.00507	0.00405	0.00405	0.80139
18	0.01292	0.01216	0.02052	0.74312	0.04712	0.01520	0.01900	0.01748	0.01368	0.01748	0.01216	0.01824	0.00912	0.00684	0.00684	0.00228	0.00912	0.00608	0.00304	0.00760
19	0.00809	0.00693	0.00693	0.00693	0.00924	0.00578	0.00520	0.00982	0.01559	0.01848	0.06931	0.06584	0.71411	0.01733	0.00809	0.00231	0.00347	0.01444	0.00635	0.00578
20	0.01345	0.01215	0.01690	0.40636	0.03232	0.01433	0.01439	0.02215	0.22739	0.02107	0.02566	0.02770	0.11953	0.00918	0.00707	0.00230	0.00712	0.00786	0.00475	0.00832
21	0.02218	0.01567	0.01740	0.01374	0.01824	0.01686	0.01119	0.48483	0.02822	0.07839	0.19204	0.02553	0.02523	0.00968	0.00715	0.00208	0.00635	0.00776	0.00711	0.01033
22	0.01693	0.01626	0.02777	0.04199	0.71689	0.01626	0.02100	0.02100	0.01558	0.02235	0.01287	0.01693	0.01084	0.00610	0.00677	0.00203	0.00813	0.00610	0.00339	0.01084
23	0.02558	0.03201	0.01944	0.01754	0.02115	0.70051	0.01321	0.05695	0.01996	0.01792	0.01083	0.01252	0.00894	0.00710	0.00620	0.00178	0.01212	0.00448	0.00367	0.00810
24	0.00834	0.00595	0.00794	0.00953	0.00992	0.00556	0.00635	0.00953	0.01310	0.01746	0.03771	0.75510	0.04525	0.02143	0.00873	0.00278	0.00397	0.01945	0.00635	0.00556
25	0.00915	0.00697	0.00841	0.00805	0.00990	0.00623	0.00604	0.01189	0.01812	0.02447	0.49995	0.05599	0.27973	0.01509	0.00807	0.00220	0.00331	0.01306	0.00714	0.00623
26	0.02601	0.01916	0.02053	0.01574	0.02122	0.02122	0.01300	0.69408	0.03217	0.04312	0.01643	0.01643	0.01163	0.00821	0.00684	0.00205	0.00753	0.00616	0.00684	0.01163
27	0.00918	0.00697	0.00845	0.00808	0.00991	0.00624	0.00606	0.01194	0.01818	0.02463	0.51157	0.05572	0.26801	0.01503	0.00807	0.00220	0.00330	0.01302	0.00716	0.00624
28	0.00809	0.00693	0.00693	0.00693	0.00924	0.00578	0.00520	0.00982	0.01559	0.01848	0.06931	0.06584	0.71411	0.01733	0.00809	0.00231	0.00347	0.01444	0.00635	0.00578
29	0.00995	0.00663	0.00746	0.00746	0.00746	0.00663	0.00415	0.00995	0.00995	0.01327	0.02156	0.04477	0.02487	0.75957	0.03482	0.00663	0.00663	0.00995	0.00415	0.00415
30	0.01275	0.00638	0.00638	0.00638	0.00797	0.00638	0.00478	0.01594	0.01435	0.02551	0.02232	0.02551	0.01754	0.00797	0.00478	0.00159	0.00319	0.00638	0.79755	0.00638
31	0.01372	0.03539	0.72412	0.01950	0.02961	0.01589	0.02528	0.02167	0.01444	0.02167	0.01228	0.01444	0.00867	0.00650	0.00650	0.00217	0.01011	0.00506	0.00289	0.01011
32	0.03070	0.01164	0.01588	0.01217	0.01746	0.01006	0.01006	0.03334	0.01958	0.72163	0.02699	0.02329	0.01694	0.00847	0.00688	0.00212	0.00582	0.00688	0.00847	0.01164
33	0.01136	0.00906	0.01046	0.01009	0.01225	0.00930	0.00754	0.01874	0.21883	0.02470	0.29774	0.17157	0.14267	0.01442	0.00786	0.00234	0.00404	0.01258	0.00698	0.00748
34	0.38850	0.01237	0.01320	0.01071	0.01552	0.01249	0.00884	0.02725	0.01593	0.40354	0.01895	0.01768	0.01255	0.00749	0.00566	0.00212	0.00558	0.00542	0.00652	0.00969
35	0.00840	0.00703	0.00737	0.00754	0.00977	0.00600	0.00582	0.01028	0.01561	0.01869	0.06577	0.06705	0.64190	0.01749	0.00823	0.00240	0.00377	0.08469	0.00635	0.00583
36	0.00977	0.00733	0.01100	0.01100	0.01222	0.00855	0.00855	0.01222	0.01100	0.01588	0.01833	0.02688	0.01710	0.05131	0.73245	0.01100	0.01833	0.00733	0.00367	0.00611
37	0.80789	0.01323	0.01006	0.00900	0.01323	0.01535	0.00741	0.02011	0.01164	0.03070	0.00953	0.01111	0.00741	0.00635	0.00423	0.00212	0.00529	0.00370	0.00423	0.00741
38	0.00922	0.00664	0.00873	0.00892	0.01012	0.00615	0.00642	0.01176	0.01723	0.02404	0.48316	0.29090	0.05798	0.01652	0.00829	0.00237	0.00348	0.01478	0.00713	0.00615
39	0.00809	0.00693	0.00693	0.00693	0.00924	0.00578	0.00520	0.00982	0.01559	0.01848	0.06931	0.06584	0.71411	0.01733	0.00809	0.00231	0.00347	0.01444	0.00635	0.00578
40	0.01292	0.00851	0.00991	0.00912	0.01183	0.00787	0.00708	0.01712	0.09090	0.12611	0.22403	0.05187	0.34091	0.01435	0.00784	0.00228	0.00408	0.03884	0.00703	0.00738
41	0.07721	0.01372	0.01639	0.01295	0.01801	0.01369	0.01060	0.16714	0.12308	0.43719	0.02386	0.02145	0.01584	0.00840	0.00672	0.00213	0.00607	0.00666	0.00765	0.01125
42	0.00902	0.00686	0.00796	0.00783	0.00941	0.00616	0.00561	0.01107	0.01613	0.02125	0.31967	0.09662	0.31187	0.12615	0.01208	0.00291	0.00387	0.01323	0.00650	0.00580
43	0.00847	0.00616	0.00774	0.00894	0.00956	0.00570	0.00595	0.00961	0.01311	0.01716	0.04045	0.58148	0.13778	0.09985	0.01143	0.00312	0.00418	0.01772	0.00612	0.00544
44	0.00832	0.00621	0.00774	0.00891	0.00978	0.00563	0.00609	0.00969	0.01384	0.01798	0.06433	0.57868	0.19732	0.02029	0.00857	0.00265	0.00383	0.01811	0.00639	0.00563
45	0.01775	0.01264	0.01648	0.01384	0.01735	0.04117	0.08276	0.13599	0.01918	0.14813	0.07781	0.06582	0.12852	0.03600	0.00932	0.00252	0.03943	0.12060	0.00624	0.00844
46	0.13358	0.02003	0.01756	0.01461	0.01891	0.23660	0.05412	0.19848	0.02087	0.07717	0.02225	0.02252	0.11686	0.00883	0.00653	0.00203	0.00821	0.00670	0.00528	0.00885
47	0.01835	0.01440	0.02354	0.05102	0.35940	0.01407	0.09011	0.06046	0.01735	0.14163	0.04642	0.02478	0.09115	0.00812	0.00713	0.00212	0.00742	0.00759	0.00492	0.01003
48	0.01556	0.01131	0.01177	0.01113	0.01349	0.08405	0.00838	0.08791	0.01760	0.12346	0.09436	0.28315	0.11239	0.04312	0.00888	0.00256	0.00560	0.05141	0.00644	0.00743
49	0.06397	0.20570	0.02194	0.07961	0.06093	0.01846	0.01203	0.21677	0.05000	0.02681	0.03825	0.09445	0.01594	0.00868	0.00619	0.00195	0.00676	0.00691	0.00495	0.05970
50	0.33278	0.01618	0.01546	0.11876	0.02092	0.09523	0.01141	0.14196	0.05650	0.02783	0.01344	0.04468	0.01100	0.00801	0.00689	0.00219	0.05816	0.00560	0.00461	0.00838
51	0.01136	0.00703	0.00874	0.00883	0.01009	0.00648	0.00607	0.01278	0.01426	0.09538	0.13485	0.30410	0.12696	0.20376	0.01490	0.00352	0.00467	0.01400	0.00620	0.00603
52	0.01613	0.01392	0.01726	0.01683	0.13718	0.01293	0.01126	0.07128	0.16481	0.02519	0.01598	0.01727	0.01268	0.00638	0.00590	0.00155	0.00585	0.00535	0.00477	0.43749
53	0.17954	0.20285	0.02128	0.01393	0.06569	0.01647	0.04066	0.02301	0.06256	0.13466	0.01454	0.01537	0.01113	0.00646	0.00540	0.00175	0.00633	0.00491	0.00464	0.16881

[dist]
# distance from previous block
# <min> <max>
7	13

[block]
# block no. 2 follows, 31 sequences, length 30
# corresponding to MSA columns:
# 191-220
name=unknown_C
#
# <colnr> <probs for GDERKNQSTAVLIFYWHMCP>
#	G	D	E	R	K	N	Q	S	T	A	V	L	I	F	Y	W	H	M	C	P
0	0.01693	0.17648	0.11241	0.05373	0.02092	0.06926	0.01352	0.02828	0.34697	0.02320	0.02030	0.02235	0.01620	0.00840	0.00642	0.00212	0.00717	0.04057	0.00509	0.00969
1	0.15688	0.07583	0.04262	0.01835	0.18898	0.01331	0.01206	0.02081	0.01537	0.14756	0.06477	0.06734	0.05314	0.00852	0.00624	0.00199	0.00609	0.00705	0.00506	0.08802
2	0.01167	0.01103	0.08841	0.01525	0.09239	0.00876	0.05474	0.01268	0.01220	0.01672	0.02130	0.27933	0.02313	0.01796	0.01477	0.29241	0.00630	0.01078	0.00424	0.00593
3	0.01198	0.01451	0.13391	0.01517	0.01959	0.01106	0.15657	0.01601	0.01386	0.01960	0.02474	0.02862	0.13013	0.02272	0.24284	0.00498	0.01120	0.00803	0.05594	0.05853
4	0.06085	0.01182	0.01302	0.01143	0.01455	0.06989	0.00896	0.05794	0.01696	0.26788	0.06425	0.03530	0.04618	0.14478	0.05816	0.00358	0.00720	0.09269	0.00628	0.00827
5	0.01803	0.12104	0.14323	0.01940	0.05945	0.24159	0.14631	0.02186	0.01662	0.01966	0.06787	0.06364	0.01582	0.00795	0.00670	0.00201	0.00970	0.00678	0.00381	0.00855
6	0.02209	0.15404	0.11861	0.01300	0.01866	0.01510	0.01230	0.08983	0.06763	0.30106	0.02544	0.02399	0.09121	0.00872	0.00650	0.00203	0.00657	0.00686	0.00616	0.01019
7	0.01009	0.00716	0.00833	0.00807	0.01016	0.00625	0.00603	0.01231	0.01684	0.06652	0.27403	0.12618	0.39102	0.01607	0.00807	0.00229	0.00359	0.01377	0.00687	0.00635
8	0.01421	0.01043	0.01574	0.07756	0.09440	0.01131	0.03732	0.01665	0.01424	0.09613	0.13490	0.03170	0.02441	0.11565	0.10788	0.03845	0.10301	0.04384	0.00484	0.00734
9	0.12346	0.01322	0.01751	0.21348	0.06171	0.01407	0.01309	0.09996	0.05510	0.29199	0.01885	0.01938	0.01289	0.00764	0.00652	0.00216	0.00694	0.00618	0.00592	0.00991
10	0.69113	0.01412	0.01162	0.01000	0.01442	0.01622	0.00824	0.12076	0.01471	0.03255	0.01056	0.01191	0.00804	0.00663	0.00462	0.00211	0.00563	0.00407	0.00462	0.00804
11	0.01138	0.00627	0.00941	0.00941	0.00970	0.00657	0.00657	0.00970	0.00941	0.01284	0.01342	0.02225	0.01313	0.03035	0.19552	0.61202	0.00890	0.00627	0.00314	0.00372
12	0.15812	0.01181	0.01312	0.01083	0.01497	0.01182	0.00876	0.11871	0.05600	0.27432	0.07166	0.02858	0.12190	0.00975	0.00654	0.00212	0.00526	0.00771	0.05871	0.00932
13	0.00897	0.00654	0.00841	0.00966	0.01056	0.00615	0.00702	0.01057	0.01381	0.01797	0.04090	0.46642	0.13931	0.06863	0.01050	0.00304	0.00456	0.15511	0.00620	0.00565
14	0.00934	0.00638	0.00764	0.00824	0.00839	0.00623	0.00497	0.00979	0.01113	0.01484	0.02763	0.31176	0.03253	0.48212	0.02502	0.00518	0.00563	0.01352	0.00497	0.00468
15	0.06617	0.01034	0.01259	0.01029	0.01427	0.00972	0.00831	0.04492	0.04428	0.41375	0.02428	0.02325	0.01663	0.00822	0.00606	0.00195	0.00497	0.00656	0.26375	0.00968
16	0.01779	0.01231	0.01375	0.01171	0.01528	0.01300	0.00926	0.18089	0.20115	0.10492	0.17655	0.03257	0.09458	0.01063	0.00709	0.00214	0.00511	0.00881	0.07317	0.00930
17	0.80789	0.01323	0.01006	0.00900	0.01323	0.01535	0.00741	0.02011	0.01164	0.03070	0.00953	0.01111	0.00741	0.00635	0.00423	0.00212	0.00529	0.00370	0.00423	0.00741
18	0.00832	0.00602	0.00787	0.00936	0.00988	0.00557	0.00628	0.00954	0.01326	0.01753	0.03974	0.71078	0.08826	0.02117	0.00869	0.00275	0.00394	0.01913	0.00635	0.00557
19	0.01468	0.01266	0.01323	0.01209	0.01555	0.01407	0.00935	0.02940	0.52391	0.02596	0.03872	0.03609	0.20263	0.01139	0.00726	0.00232	0.00490	0.00949	0.00680	0.00950
20	0.01316	0.00834	0.01039	0.00926	0.01169	0.00774	0.00714	0.05787	0.01963	0.11604	0.48537	0.04756	0.15213	0.01342	0.00784	0.00216	0.00387	0.01159	0.00743	0.00734
21	0.80789	0.01323	0.01006	0.00900	0.01323	0.01535	0.00741	0.02011	0.01164	0.03070	0.00953	0.01111	0.00741	0.00635	0.00423	0.00212	0.00529	0.00370	0.00423	0.00741
22	0.05999	0.00653	0.00800	0.00918	0.00976	0.00635	0.00608	0.01027	0.01252	0.01768	0.03343	0.59896	0.03971	0.13300	0.01242	0.00332	0.00446	0.01699	0.00588	0.00546
23	0.02517	0.01836	0.01964	0.01515	0.02038	0.02028	0.01249	0.65146	0.03105	0.04201	0.01680	0.01700	0.01201	0.00820	0.00671	0.00202	0.00726	0.00617	0.05653	0.01130
24	0.02556	0.03261	0.01939	0.01763	0.02115	0.73210	0.01322	0.02732	0.01939	0.01674	0.01058	0.01234	0.00881	0.00705	0.00617	0.00176	0.01234	0.00441	0.00353	0.00793
25	0.00858	0.00612	0.00808	0.00932	0.00986	0.00572	0.00627	0.00999	0.01378	0.01858	0.12501	0.63281	0.04689	0.05224	0.00977	0.00286	0.00399	0.01812	0.00641	0.00561
26	0.01452	0.00854	0.01015	0.00908	0.01061	0.00839	0.00617	0.07277	0.01476	0.12830	0.12530	0.03994	0.02843	0.46666	0.02407	0.00487	0.00607	0.00951	0.00556	0.00630
27	0.01816	0.01159	0.01215	0.01019	0.01337	0.01243	0.00813	0.29245	0.02161	0.03269	0.01992	0.02180	0.01513	0.00807	0.00562	0.00178	0.00496	0.00629	0.47514	0.00852
28	0.80789	0.01323	0.01006	0.00900	0.01323	0.01535	0.00741	0.02011	0.01164	0.03070	0.00953	0.01111	0.00741	0.00635	0.00423	0.00212	0.00529	0.00370	0.00423	0.00741
29	0.00928	0.00738	0.00827	0.00825	0.01027	0.00654	0.00606	0.03715	0.01604	0.02045	0.13693	0.23004	0.41407	0.01709	0.00808	0.00235	0.00378	0.01469	0.00643	0.03687

[dist]
# distance from previous block
# <min> <max>
0	8

[block]
# block no. 3 follows, 31 sequences, length 15
# corresponding to MSA columns:
# 229-243
name=unknown_D
#
# <colnr> <probs for GDERKNQSTAVLIFYWHMCP>
#	G	D	E	R	K	N	Q	S	T	A	V	L	I	F	Y	W	H	M	C	P
0	0.01606	0.00855	0.01015	0.00957	0.01196	0.00840	0.00721	0.02076	0.10869	0.17792	0.02844	0.23069	0.02567	0.01205	0.00666	0.00214	0.00429	0.01036	0.29251	0.00792
1	0.02539	0.01004	0.01391	0.01125	0.01505	0.00890	0.00890	0.02645	0.01657	0.52155	0.02273	0.02258	0.01551	0.01278	0.01248	0.22730	0.00586	0.00662	0.00692	0.00920
2	0.01331	0.00972	0.01144	0.01116	0.01308	0.00998	0.00817	0.20251	0.01859	0.02474	0.03312	0.51602	0.06572	0.01752	0.00817	0.00255	0.00495	0.01548	0.00649	0.00728
3	0.30169	0.01282	0.01464	0.01231	0.01551	0.01478	0.01017	0.02279	0.01386	0.23352	0.01541	0.01675	0.01134	0.00867	0.01020	0.00233	0.21442	0.00547	0.05469	0.00864
4	0.01735	0.55262	0.03165	0.01347	0.01767	0.02535	0.01263	0.01935	0.01294	0.01620	0.00936	0.01210	0.00884	0.00758	0.00948	0.00189	0.21584	0.00431	0.00295	0.00841
5	0.02539	0.01004	0.01391	0.01125	0.01505	0.00890	0.00890	0.02645	0.01657	0.52155	0.02273	0.02258	0.01551	0.01278	0.01248	0.22730	0.00586	0.00662	0.00692	0.00920
6	0.01854	0.01785	0.03170	0.02336	0.02898	0.01837	0.40794	0.21047	0.01991	0.02712	0.01431	0.01792	0.01089	0.00899	0.04005	0.00267	0.07963	0.00731	0.00438	0.00961
7	0.01556	0.01498	0.02193	0.44758	0.21167	0.06864	0.01837	0.06116	0.01572	0.02026	0.01316	0.03687	0.01064	0.00714	0.00682	0.00218	0.00887	0.00632	0.00349	0.00864
8	0.09252	0.01547	0.01686	0.01276	0.01834	0.01535	0.01043	0.33216	0.02263	0.07637	0.01482	0.01551	0.01101	0.00685	0.00593	0.00166	0.00627	0.00517	0.00564	0.31425
9	0.01524	0.14911	0.29642	0.01931	0.02533	0.01943	0.13116	0.02004	0.01352	0.01931	0.01114	0.01468	0.00906	0.00781	0.01090	0.00230	0.21762	0.00559	0.00302	0.00900
10	0.01051	0.00958	0.01698	0.01470	0.01714	0.00889	0.19953	0.01305	0.01421	0.01882	0.03421	0.47703	0.10375	0.01660	0.00848	0.00260	0.00605	0.01573	0.00554	0.00661
11	0.01136	0.00898	0.01127	0.01042	0.01042	0.01067	0.00720	0.01179	0.01010	0.01417	0.01801	0.03637	0.02039	0.54882	0.03133	0.00561	0.21535	0.00883	0.00382	0.00509
12	0.01597	0.01184	0.01360	0.01128	0.01465	0.01209	0.00894	0.26670	0.02364	0.03255	0.38100	0.03655	0.07070	0.01143	0.00743	0.00205	0.00495	0.00963	0.00701	0.05799
13	0.01990	0.01403	0.02278	0.19224	0.36817	0.01427	0.01746	0.02368	0.01628	0.21837	0.01669	0.01902	0.01217	0.00693	0.00682	0.00211	0.00770	0.00631	0.00474	0.01033
14	0.00978	0.00709	0.00951	0.01078	0.01204	0.00682	0.00863	0.01217	0.01516	0.01987	0.09332	0.29575	0.10214	0.01920	0.00899	0.00288	0.00505	0.34837	0.00642	0.00602

[dist]
# distance from previous block
# <min> <max>
0	2

[block]
# block no. 4 follows, 31 sequences, length 8
# corresponding to MSA columns:
# 246-253
name=unknown_E
#
# <colnr> <probs for GDERKNQSTAVLIFYWHMCP>
#	G	D	E	R	K	N	Q	S	T	A	V	L	I	F	Y	W	H	M	C	P
0	0.01482	0.01080	0.01256	0.01181	0.01407	0.01131	0.00879	0.26081	0.02010	0.02688	0.02990	0.48395	0.03291	0.01658	0.00804	0.00251	0.00528	0.01457	0.00653	0.00779
1	0.00924	0.00684	0.00878	0.00972	0.01101	0.00638	0.00743	0.01139	0.01530	0.02003	0.14663	0.31976	0.18194	0.01876	0.00870	0.00269	0.00440	0.19854	0.00652	0.00594
2	0.00939	0.00698	0.00874	0.00830	0.01004	0.00633	0.00622	0.01234	0.01867	0.02579	0.59477	0.05382	0.18409	0.01460	0.00807	0.00218	0.00327	0.01275	0.00731	0.00633
3	0.01493	0.02779	0.46399	0.01745	0.02527	0.01630	0.01997	0.02706	0.26776	0.02422	0.01799	0.01851	0.01315	0.00752	0.00667	0.00222	0.00839	0.00604	0.00438	0.01037
4	0.01133	0.01035	0.01458	0.01980	0.26901	0.00962	0.01100	0.01392	0.01559	0.01990	0.04859	0.04789	0.45595	0.01320	0.00760	0.00221	0.00518	0.01138	0.00526	0.00763
5	0.01217	0.00966	0.01227	0.01117	0.01138	0.01186	0.00820	0.01315	0.01073	0.01609	0.01704	0.03124	0.01805	0.38409	0.02624	0.00462	0.27796	0.00801	0.11039	0.00567
6	0.02417	0.01183	0.01758	0.28049	0.02835	0.01194	0.01334	0.02752	0.01742	0.46315	0.02155	0.02143	0.01407	0.00787	0.00687	0.00218	0.00703	0.00659	0.00648	0.01016
7	0.10269	0.02450	0.27772	0.01642	0.02347	0.01865	0.01693	0.37726	0.02353	0.03395	0.01419	0.01515	0.01011	0.00739	0.00645	0.00210	0.00824	0.00550	0.00512	0.01064

[dist]
# distance from previous block
# <min> <max>
0	142

# created by:
# /home/berkeley/.conda/envs/busco_data_prod/bin/msa2prfl.pl pipeline/OGs_align_augustus/5794/68739.fs
