[name]
unknown

[dist]
# distance from previous block
# <min> <max>
0	11

[block]
# block no. 0 follows, 27 sequences, length 16
# corresponding to MSA columns:
# 11-26
name=unknown_A
#
# <colnr> <probs for GDERKNQSTAVLIFYWHMCP>
#	G	D	E	R	K	N	Q	S	T	A	V	L	I	F	Y	W	H	M	C	P
0	0.04539	0.04631	0.11247	0.01584	0.04314	0.06228	0.03569	0.07079	0.05978	0.11003	0.05543	0.06385	0.02298	0.03798	0.00869	0.00258	0.00759	0.10814	0.05585	0.03520
1	0.16459	0.11176	0.19005	0.11390	0.09567	0.01863	0.03970	0.07069	0.04596	0.02647	0.04616	0.01811	0.01328	0.00758	0.00657	0.00225	0.00849	0.00600	0.00427	0.00988
2	0.01974	0.12321	0.33937	0.02069	0.06977	0.19696	0.02062	0.05139	0.04985	0.02272	0.01351	0.01545	0.01038	0.00731	0.00673	0.00214	0.01071	0.00537	0.00374	0.01034
3	0.05942	0.02168	0.12796	0.06680	0.12844	0.10398	0.03951	0.09525	0.07891	0.15147	0.04135	0.02050	0.01510	0.00819	0.00724	0.00228	0.00881	0.00671	0.00555	0.01086
4	0.01873	0.15240	0.24197	0.01972	0.09529	0.12738	0.01798	0.08177	0.01844	0.02349	0.01970	0.02118	0.08386	0.00836	0.00679	0.00209	0.00934	0.00640	0.00416	0.04097
5	0.01467	0.01195	0.01405	0.01265	0.01538	0.04490	0.01010	0.05855	0.01612	0.02325	0.04766	0.07761	0.02234	0.02105	0.15662	0.00428	0.09087	0.08764	0.10374	0.16658
6	0.79154	0.01436	0.01091	0.00976	0.01436	0.01665	0.00804	0.02182	0.01263	0.03331	0.01034	0.01206	0.00804	0.00689	0.00459	0.00230	0.00574	0.00402	0.00459	0.00804
7	0.01409	0.01377	0.05797	0.01228	0.01616	0.01311	0.01018	0.02602	0.34780	0.02617	0.07356	0.04527	0.28662	0.01352	0.00805	0.00250	0.00528	0.01127	0.00703	0.00935
8	0.00923	0.00754	0.00815	0.00799	0.01030	0.00646	0.00600	0.01153	0.01799	0.02259	0.23525	0.06727	0.52815	0.01786	0.00877	0.00246	0.00369	0.01508	0.00723	0.00646
9	0.01149	0.05583	0.01395	0.01210	0.01360	0.01109	0.00953	0.01390	0.01203	0.01710	0.01901	0.02868	0.01810	0.09453	0.58783	0.01054	0.05223	0.00781	0.00392	0.00675
10	0.01766	0.01712	0.02983	0.14664	0.55368	0.01754	0.06400	0.02227	0.01663	0.02342	0.01392	0.01869	0.01145	0.00671	0.00745	0.00226	0.00922	0.00675	0.00362	0.01112
11	0.01051	0.00759	0.00992	0.00934	0.01109	0.00700	0.00700	0.01401	0.02101	0.02977	0.68888	0.05545	0.07005	0.01518	0.00876	0.00233	0.00350	0.01343	0.00817	0.00700
12	0.02999	0.01795	0.02052	0.01573	0.02160	0.01881	0.01300	0.44806	0.03015	0.27348	0.02181	0.02042	0.01463	0.00901	0.00744	0.00225	0.00752	0.00696	0.00804	0.01263
13	0.79154	0.01436	0.01091	0.00976	0.01436	0.01665	0.00804	0.02182	0.01263	0.03331	0.01034	0.01206	0.00804	0.00689	0.00459	0.00230	0.00574	0.00402	0.00459	0.00804
14	0.01802	0.01475	0.01680	0.01224	0.01870	0.01258	0.00988	0.15164	0.01939	0.02882	0.01414	0.01589	0.01133	0.00620	0.00589	0.00133	0.00604	0.00487	0.00502	0.62646
15	0.00938	0.00649	0.00850	0.01010	0.01062	0.00609	0.00677	0.01082	0.01431	0.01956	0.03975	0.68480	0.04699	0.02224	0.00918	0.00292	0.00425	0.02011	0.06103	0.00609

[dist]
# distance from previous block
# <min> <max>
0	21

[block]
# block no. 1 follows, 27 sequences, length 33
# corresponding to MSA columns:
# 48-80
name=unknown_B
#
# <colnr> <probs for GDERKNQSTAVLIFYWHMCP>
#	G	D	E	R	K	N	Q	S	T	A	V	L	I	F	Y	W	H	M	C	P
0	0.01033	0.00758	0.00968	0.00915	0.01098	0.00693	0.00686	0.01366	0.02059	0.02877	0.62555	0.05710	0.13400	0.01555	0.00876	0.00235	0.00353	0.01366	0.00804	0.00693
1	0.00949	0.00748	0.00857	0.00844	0.01051	0.00655	0.00628	0.01199	0.01840	0.02392	0.32197	0.10823	0.39649	0.01762	0.00881	0.00247	0.00369	0.01511	0.00741	0.00655
2	0.03331	0.01263	0.01723	0.01321	0.01895	0.01091	0.01091	0.03618	0.02125	0.69794	0.02929	0.02527	0.01838	0.00919	0.00747	0.00230	0.00632	0.00747	0.00919	0.01263
3	0.01749	0.03518	0.51641	0.02311	0.09536	0.10700	0.02468	0.05329	0.01735	0.02394	0.01335	0.01574	0.00980	0.00717	0.00705	0.00227	0.01095	0.00556	0.00347	0.01082
4	0.02402	0.10289	0.08347	0.05111	0.02650	0.46938	0.09402	0.02721	0.01930	0.01926	0.01202	0.01452	0.00977	0.00729	0.00681	0.00201	0.01238	0.00532	0.00367	0.00905
5	0.01196	0.00854	0.01196	0.01367	0.01538	0.00854	0.01196	0.01538	0.01709	0.02222	0.03931	0.08374	0.04272	0.02051	0.01025	0.00342	0.00684	0.64283	0.00684	0.00684
6	0.08026	0.01724	0.01864	0.01407	0.02018	0.01724	0.01151	0.35713	0.02535	0.03664	0.01539	0.01641	0.01162	0.00738	0.00643	0.00178	0.00691	0.00556	0.00599	0.32426
7	0.79154	0.01436	0.01091	0.00976	0.01436	0.01665	0.00804	0.02182	0.01263	0.03331	0.01034	0.01206	0.00804	0.00689	0.00459	0.00230	0.00574	0.00402	0.00459	0.00804
8	0.01919	0.01505	0.01635	0.01446	0.01859	0.01692	0.01130	0.06431	0.53367	0.08161	0.09757	0.02994	0.02679	0.01048	0.00767	0.00247	0.00576	0.00877	0.00773	0.01137
9	0.01753	0.01677	0.02860	0.17692	0.56806	0.01742	0.02236	0.02204	0.01650	0.02323	0.01381	0.01865	0.01140	0.00677	0.00736	0.00226	0.00903	0.00661	0.00360	0.01108
10	0.01196	0.00854	0.01196	0.01367	0.01538	0.00854	0.01196	0.01538	0.01709	0.02222	0.03931	0.08374	0.04272	0.02051	0.01025	0.00342	0.00684	0.64283	0.00684	0.00684
11	0.01067	0.00770	0.01067	0.01067	0.01156	0.00859	0.00770	0.01245	0.01156	0.01630	0.02104	0.03556	0.02134	0.28097	0.48819	0.01037	0.01570	0.00889	0.00415	0.00593
12	0.01489	0.03840	0.70064	0.02116	0.03213	0.01724	0.02743	0.02351	0.01567	0.02351	0.01332	0.01567	0.00940	0.00705	0.00705	0.00235	0.01097	0.00549	0.00313	0.01097
13	0.00904	0.00646	0.00861	0.01034	0.01077	0.00603	0.00689	0.01034	0.01421	0.01895	0.04092	0.73426	0.04910	0.02326	0.00948	0.00301	0.00431	0.02110	0.00689	0.00603
14	0.01470	0.00852	0.01127	0.01005	0.01253	0.00772	0.00772	0.01808	0.02106	0.15251	0.56771	0.04991	0.06055	0.01408	0.00852	0.00233	0.00402	0.01233	0.00836	0.00804
15	0.01685	0.01551	0.02413	0.37572	0.18821	0.01849	0.01969	0.08662	0.01679	0.02285	0.01326	0.01866	0.01057	0.00834	0.01030	0.00252	0.13161	0.00659	0.00380	0.00947
16	0.01051	0.00759	0.00992	0.00934	0.01109	0.00700	0.00700	0.01401	0.02101	0.02977	0.68888	0.05545	0.07005	0.01518	0.00876	0.00233	0.00350	0.01343	0.00817	0.00700
17	0.79154	0.01436	0.01091	0.00976	0.01436	0.01665	0.00804	0.02182	0.01263	0.03331	0.01034	0.01206	0.00804	0.00689	0.00459	0.00230	0.00574	0.00402	0.00459	0.00804
18	0.01391	0.00977	0.01366	0.01336	0.04138	0.01107	0.00936	0.03762	0.01184	0.01663	0.01463	0.02480	0.01458	0.11587	0.09692	0.36947	0.14044	0.00711	0.00369	0.03389
19	0.01955	0.09409	0.07916	0.05242	0.08126	0.20504	0.20079	0.02378	0.01748	0.02157	0.01447	0.01815	0.01160	0.00922	0.03817	0.00255	0.01117	0.00648	0.08379	0.00925
20	0.01975	0.02335	0.08415	0.11528	0.31558	0.19689	0.02007	0.02365	0.01705	0.02132	0.01274	0.01680	0.01055	0.00768	0.00892	0.00228	0.08427	0.00603	0.00358	0.01008
21	0.00911	0.00694	0.00841	0.00953	0.01076	0.00625	0.00673	0.01072	0.01532	0.01951	0.05284	0.46702	0.27321	0.02155	0.00927	0.00286	0.00425	0.05269	0.00689	0.00616
22	0.01073	0.00760	0.00934	0.00917	0.01105	0.00702	0.00705	0.01392	0.01922	0.02696	0.43117	0.05807	0.17536	0.01563	0.00850	0.00241	0.00389	0.07803	0.09806	0.00684
23	0.79154	0.01436	0.01091	0.00976	0.01436	0.01665	0.00804	0.02182	0.01263	0.03331	0.01034	0.01206	0.00804	0.00689	0.00459	0.00230	0.00574	0.00402	0.00459	0.00804
24	0.01489	0.03840	0.70064	0.02116	0.03213	0.01724	0.02743	0.02351	0.01567	0.02351	0.01332	0.01567	0.00940	0.00705	0.00705	0.00235	0.01097	0.00549	0.00313	0.01097
25	0.00977	0.00839	0.00848	0.00830	0.01098	0.00753	0.00627	0.01363	0.08528	0.02119	0.07056	0.06693	0.62094	0.01790	0.00865	0.00251	0.00398	0.01492	0.00696	0.00683
26	0.00877	0.00752	0.00752	0.00752	0.01003	0.00627	0.00564	0.01065	0.01692	0.02005	0.07520	0.07144	0.68978	0.01880	0.00877	0.00251	0.00376	0.01567	0.00689	0.00627
27	0.01466	0.01445	0.02623	0.59424	0.04886	0.01691	0.13940	0.01985	0.01534	0.01985	0.01353	0.01984	0.01015	0.00721	0.00767	0.00248	0.01038	0.00700	0.00338	0.00857
28	0.00892	0.00694	0.00812	0.00907	0.01044	0.00614	0.00633	0.01048	0.01543	0.01945	0.05629	0.43711	0.33633	0.02126	0.00916	0.00279	0.00406	0.01867	0.00689	0.00614
29	0.01689	0.32284	0.43372	0.01775	0.02686	0.02214	0.02149	0.02299	0.01544	0.02107	0.01211	0.01415	0.00945	0.00677	0.00613	0.00204	0.00975	0.00487	0.00315	0.01039
30	0.59366	0.01619	0.04217	0.03446	0.01643	0.06760	0.00950	0.02192	0.01378	0.03068	0.01208	0.01419	0.00941	0.00715	0.00502	0.00222	0.00645	0.00453	0.08448	0.00810
31	0.02381	0.38753	0.02992	0.01593	0.02101	0.37120	0.01353	0.02596	0.01808	0.01782	0.01090	0.01265	0.00954	0.00700	0.00573	0.00175	0.01068	0.00438	0.00350	0.00906
32	0.05520	0.01809	0.01841	0.01700	0.06275	0.10737	0.01248	0.24563	0.10693	0.03023	0.01863	0.02313	0.01554	0.09121	0.11709	0.00424	0.03346	0.00714	0.00564	0.00984

[dist]
# distance from previous block
# <min> <max>
0	19

[block]
# block no. 2 follows, 27 sequences, length 57
# corresponding to MSA columns:
# 100-156
name=unknown_C
#
# <colnr> <probs for GDERKNQSTAVLIFYWHMCP>
#	G	D	E	R	K	N	Q	S	T	A	V	L	I	F	Y	W	H	M	C	P
0	0.02131	0.02231	0.02669	0.07633	0.42892	0.20154	0.01979	0.07087	0.01918	0.02395	0.01354	0.01709	0.01113	0.00710	0.00719	0.00214	0.01005	0.00613	0.00396	0.01078
1	0.01937	0.01640	0.01730	0.01529	0.01965	0.01889	0.01197	0.09787	0.61948	0.03252	0.02906	0.02678	0.02173	0.00996	0.00754	0.00249	0.00609	0.00823	0.00754	0.01183
2	0.79154	0.01436	0.01091	0.00976	0.01436	0.01665	0.00804	0.02182	0.01263	0.03331	0.01034	0.01206	0.00804	0.00689	0.00459	0.00230	0.00574	0.00402	0.00459	0.00804
3	0.01856	0.01961	0.02688	0.03074	0.29510	0.15127	0.13360	0.02238	0.01748	0.02216	0.01847	0.07693	0.01752	0.00979	0.00849	0.00243	0.03178	0.08276	0.00431	0.00972
4	0.01813	0.01311	0.01567	0.01133	0.01780	0.01005	0.00912	0.02136	0.01629	0.12701	0.01565	0.01690	0.01212	0.00606	0.00580	0.00128	0.00562	0.00487	0.00513	0.66669
5	0.00904	0.00646	0.00861	0.01034	0.01077	0.00603	0.00689	0.01034	0.01421	0.01895	0.04092	0.73426	0.04910	0.02326	0.00948	0.00301	0.00431	0.02110	0.00689	0.00603
6	0.02718	0.01979	0.02117	0.01635	0.02199	0.02186	0.01347	0.62115	0.03351	0.04541	0.01828	0.01853	0.01309	0.00889	0.00727	0.00219	0.00783	0.00670	0.06312	0.01221
7	0.01043	0.00759	0.00982	0.00926	0.01105	0.00697	0.00695	0.01387	0.02084	0.02935	0.66259	0.05614	0.09660	0.01533	0.00876	0.00234	0.00351	0.01352	0.00812	0.00697
8	0.01504	0.03732	0.66192	0.02176	0.03252	0.01733	0.06506	0.02353	0.01578	0.02353	0.01342	0.01593	0.00951	0.00701	0.00715	0.00236	0.01106	0.00568	0.00317	0.01091
9	0.00904	0.00646	0.00861	0.01034	0.01077	0.00603	0.00689	0.01034	0.01421	0.01895	0.04092	0.73426	0.04910	0.02326	0.00948	0.00301	0.00431	0.02110	0.00689	0.00603
10	0.79154	0.01436	0.01091	0.00976	0.01436	0.01665	0.00804	0.02182	0.01263	0.03331	0.01034	0.01206	0.00804	0.00689	0.00459	0.00230	0.00574	0.00402	0.00459	0.00804
11	0.01539	0.01319	0.01539	0.01100	0.01759	0.00990	0.00880	0.01869	0.01539	0.02419	0.01319	0.01539	0.01100	0.00550	0.00550	0.00110	0.00550	0.00440	0.00440	0.78449
12	0.79154	0.01436	0.01091	0.00976	0.01436	0.01665	0.00804	0.02182	0.01263	0.03331	0.01034	0.01206	0.00804	0.00689	0.00459	0.00230	0.00574	0.00402	0.00459	0.00804
13	0.00903	0.00718	0.00811	0.00862	0.01037	0.00626	0.00618	0.01088	0.01643	0.02064	0.12375	0.28672	0.41983	0.01991	0.00900	0.00266	0.00391	0.01723	0.00702	0.00626
14	0.00932	0.00665	0.00893	0.01065	0.01120	0.00626	0.00736	0.01081	0.01448	0.01925	0.04077	0.67379	0.04851	0.02300	0.00955	0.00305	0.00454	0.07889	0.00689	0.00610
15	0.07715	0.47583	0.06834	0.01455	0.02040	0.19767	0.01358	0.02412	0.01643	0.01911	0.01077	0.01249	0.00942	0.00675	0.00536	0.00176	0.00931	0.00426	0.00344	0.00927
16	0.07132	0.02689	0.01969	0.01719	0.02159	0.38584	0.01329	0.14386	0.14830	0.05592	0.01686	0.01733	0.01289	0.00836	0.00690	0.00212	0.01028	0.00588	0.00545	0.01005
17	0.00936	0.00754	0.00833	0.00813	0.01039	0.00652	0.00610	0.01179	0.01830	0.02333	0.28230	0.06605	0.48064	0.01758	0.00877	0.00245	0.00367	0.01491	0.00733	0.00652
18	0.01076	0.00735	0.00885	0.00885	0.00911	0.00760	0.00543	0.01128	0.01102	0.01495	0.02271	0.04479	0.02534	0.60553	0.16911	0.00812	0.00968	0.01024	0.00440	0.00491
19	0.01985	0.74357	0.03890	0.01270	0.01905	0.02937	0.01270	0.02223	0.01508	0.01747	0.01032	0.01191	0.00953	0.00635	0.00476	0.00159	0.00794	0.00397	0.00318	0.00953
20	0.79154	0.01436	0.01091	0.00976	0.01436	0.01665	0.00804	0.02182	0.01263	0.03331	0.01034	0.01206	0.00804	0.00689	0.00459	0.00230	0.00574	0.00402	0.00459	0.00804
21	0.01135	0.00976	0.00998	0.00953	0.01249	0.00950	0.00726	0.01830	0.19275	0.02297	0.06326	0.05983	0.51272	0.01648	0.00845	0.00251	0.00432	0.01374	0.00707	0.00772
22	0.01752	0.02003	0.04380	0.03129	0.03880	0.01877	0.66583	0.02378	0.01752	0.02378	0.01502	0.02003	0.01126	0.00626	0.00876	0.00250	0.01252	0.00876	0.00375	0.01001
23	0.01402	0.01319	0.02227	0.72126	0.05113	0.01649	0.02062	0.01897	0.01484	0.01897	0.01319	0.01979	0.00990	0.00742	0.00742	0.00247	0.00990	0.00660	0.00330	0.00825
24	0.01539	0.01319	0.01539	0.01100	0.01759	0.00990	0.00880	0.01869	0.01539	0.02419	0.01319	0.01539	0.01100	0.00550	0.00550	0.00110	0.00550	0.00440	0.00440	0.78449
25	0.00904	0.00646	0.00861	0.01034	0.01077	0.00603	0.00689	0.01034	0.01421	0.01895	0.04092	0.73426	0.04910	0.02326	0.00948	0.00301	0.00431	0.02110	0.00689	0.00603
26	0.01594	0.11799	0.22898	0.10191	0.08902	0.07227	0.04221	0.02078	0.01593	0.02087	0.02068	0.02539	0.08263	0.01165	0.04597	0.00284	0.03740	0.03435	0.00389	0.00930
27	0.07016	0.01315	0.02105	0.36970	0.11188	0.01505	0.06078	0.01849	0.01508	0.02137	0.07707	0.02563	0.01765	0.09351	0.01159	0.00300	0.03490	0.00768	0.00406	0.00820
28	0.00877	0.00752	0.00752	0.00752	0.01003	0.00627	0.00564	0.01065	0.01692	0.02005	0.07520	0.07144	0.68978	0.01880	0.00877	0.00251	0.00376	0.01567	0.00689	0.00627
29	0.02626	0.01352	0.01883	0.08986	0.07064	0.01358	0.01316	0.09709	0.02019	0.39972	0.02333	0.02348	0.01605	0.01444	0.09104	0.00348	0.03974	0.00725	0.00712	0.01121
30	0.01880	0.28796	0.16183	0.01735	0.02345	0.15973	0.08549	0.02258	0.01655	0.01967	0.01566	0.10845	0.01488	0.00896	0.00665	0.00209	0.00965	0.00719	0.00385	0.00922
31	0.01620	0.01545	0.11578	0.01637	0.09053	0.01223	0.01289	0.07709	0.07187	0.09436	0.22019	0.07850	0.10082	0.03354	0.00891	0.00252	0.00624	0.01054	0.00662	0.00933
32	0.01921	0.01201	0.01377	0.01203	0.01527	0.01278	0.00927	0.10667	0.18124	0.13942	0.02510	0.02929	0.02012	0.12235	0.09437	0.00409	0.00761	0.00804	0.15797	0.00939
33	0.31197	0.01846	0.02670	0.02537	0.17150	0.06748	0.22873	0.02324	0.01579	0.02709	0.01276	0.01616	0.01003	0.00668	0.00672	0.00232	0.00920	0.00621	0.00406	0.00955
34	0.02197	0.24752	0.08088	0.02296	0.17013	0.04829	0.04468	0.22547	0.02207	0.02891	0.01394	0.01587	0.01106	0.00731	0.00658	0.00203	0.00883	0.00575	0.00466	0.01108
35	0.01087	0.00819	0.01106	0.01089	0.01252	0.00837	0.00857	0.01398	0.01768	0.02461	0.36713	0.05340	0.09647	0.02516	0.16542	0.00469	0.03886	0.10852	0.00673	0.00689
36	0.01250	0.00797	0.01056	0.01024	0.01130	0.00844	0.00718	0.01393	0.01214	0.07018	0.02227	0.03792	0.02248	0.37118	0.33987	0.00895	0.01288	0.00924	0.00464	0.00611
37	0.00968	0.00756	0.00878	0.00848	0.01059	0.00665	0.00636	0.01242	0.01907	0.02515	0.39738	0.06305	0.36443	0.01690	0.00876	0.00242	0.00362	0.01449	0.00756	0.00665
38	0.01450	0.01202	0.01397	0.01043	0.01574	0.00937	0.00796	0.01715	0.01450	0.02228	0.01519	0.02188	0.01412	0.14888	0.01181	0.00229	0.00583	0.00565	0.00442	0.63204
39	0.01487	0.01368	0.02233	0.22474	0.33238	0.01440	0.01788	0.01898	0.01683	0.02305	0.11915	0.05587	0.07532	0.00971	0.00777	0.00235	0.00776	0.00889	0.00461	0.00942
40	0.79154	0.01436	0.01091	0.00976	0.01436	0.01665	0.00804	0.02182	0.01263	0.03331	0.01034	0.01206	0.00804	0.00689	0.00459	0.00230	0.00574	0.00402	0.00459	0.00804
41	0.00998	0.00757	0.00919	0.00879	0.01077	0.00678	0.00659	0.01299	0.01977	0.02682	0.50229	0.06032	0.25848	0.01628	0.00876	0.00239	0.00358	0.01411	0.00778	0.00678
42	0.02250	0.41467	0.03208	0.01608	0.02171	0.20773	0.06017	0.05578	0.04856	0.04003	0.01279	0.01428	0.01067	0.00706	0.00590	0.00183	0.00958	0.00496	0.00397	0.00966
43	0.01142	0.00849	0.01061	0.01097	0.01295	0.00813	0.00879	0.04881	0.01871	0.02466	0.21584	0.14426	0.19386	0.01842	0.00929	0.00282	0.00506	0.23269	0.00724	0.00697
44	0.01979	0.01709	0.01879	0.01794	0.10185	0.07941	0.01264	0.10749	0.16905	0.05698	0.01980	0.02312	0.01599	0.00834	0.00691	0.00196	0.00718	0.04366	0.00570	0.26630
45	0.02523	0.01578	0.01808	0.01381	0.01950	0.01554	0.01130	0.30207	0.02525	0.20188	0.02014	0.01995	0.01422	0.00815	0.00679	0.00194	0.00667	0.00636	0.07364	0.19369
46	0.00904	0.00646	0.00861	0.01034	0.01077	0.00603	0.00689	0.01034	0.01421	0.01895	0.04092	0.73426	0.04910	0.02326	0.00948	0.00301	0.00431	0.02110	0.00689	0.00603
47	0.01985	0.74357	0.03890	0.01270	0.01905	0.02937	0.01270	0.02223	0.01508	0.01747	0.01032	0.01191	0.00953	0.00635	0.00476	0.00159	0.00794	0.00397	0.00318	0.00953
48	0.01545	0.01527	0.02380	0.29510	0.03302	0.02006	0.05625	0.01865	0.01309	0.01865	0.01141	0.01786	0.00989	0.01041	0.01681	0.00290	0.40315	0.00667	0.00330	0.00828
49	0.02007	0.14312	0.15854	0.02348	0.17772	0.06645	0.01805	0.12447	0.14528	0.02730	0.01675	0.01813	0.01299	0.00773	0.00687	0.00217	0.00874	0.00618	0.00480	0.01116
50	0.01656	0.01548	0.02603	0.17910	0.47278	0.01612	0.02063	0.02095	0.01674	0.02335	0.05542	0.02556	0.01705	0.00829	0.00766	0.00235	0.00858	0.05285	0.00409	0.01041
51	0.01262	0.01242	0.05918	0.08196	0.04991	0.01107	0.10954	0.05034	0.01645	0.02213	0.05534	0.39675	0.05905	0.01628	0.00877	0.00273	0.00682	0.01505	0.00579	0.00779
52	0.01277	0.00653	0.00979	0.00979	0.00987	0.00660	0.00660	0.00987	0.00979	0.01313	0.01327	0.02292	0.01320	0.02741	0.06595	0.74211	0.00718	0.00653	0.00326	0.00341
53	0.01751	0.18178	0.33537	0.02206	0.09720	0.02023	0.08003	0.06636	0.01701	0.02377	0.01310	0.01570	0.01014	0.00701	0.00720	0.00215	0.03002	0.00564	0.00360	0.04410
54	0.01066	0.00742	0.00994	0.01010	0.01073	0.00797	0.00695	0.01179	0.01156	0.01600	0.02289	0.10226	0.02453	0.32963	0.33377	0.05107	0.01254	0.01025	0.00442	0.00552
55	0.01736	0.08473	0.04462	0.01946	0.11802	0.12089	0.03679	0.02481	0.17214	0.02313	0.06872	0.02587	0.04396	0.01821	0.14452	0.00411	0.01054	0.00763	0.00504	0.00944
56	0.05243	0.01341	0.01626	0.01219	0.01791	0.01159	0.00989	0.02237	0.01611	0.16338	0.01608	0.01737	0.01228	0.00702	0.00762	0.00160	0.07260	0.00521	0.00529	0.51938

[dist]
# distance from previous block
# <min> <max>
0	1

[block]
# block no. 3 follows, 27 sequences, length 60
# corresponding to MSA columns:
# 158-217
name=unknown_D
#
# <colnr> <probs for GDERKNQSTAVLIFYWHMCP>
#	G	D	E	R	K	N	Q	S	T	A	V	L	I	F	Y	W	H	M	C	P
0	0.02194	0.01433	0.01887	0.01837	0.13617	0.01295	0.01237	0.07996	0.05515	0.21567	0.02030	0.04875	0.01552	0.00799	0.00681	0.00188	0.00651	0.00674	0.00615	0.29358
1	0.02462	0.02889	0.09433	0.02418	0.15801	0.34536	0.01735	0.16994	0.02274	0.02633	0.01358	0.01561	0.01067	0.00766	0.00703	0.00209	0.01106	0.00565	0.00453	0.01038
2	0.00969	0.00714	0.00882	0.00921	0.01047	0.00654	0.00645	0.01176	0.01681	0.02256	0.27726	0.29530	0.17665	0.09239	0.01197	0.00310	0.00421	0.01627	0.00711	0.00627
3	0.01772	0.01690	0.02820	0.18505	0.34874	0.01787	0.10783	0.05048	0.10466	0.02485	0.01624	0.02011	0.01276	0.00729	0.00759	0.00235	0.00914	0.00714	0.00427	0.01079
4	0.00996	0.00741	0.00927	0.00913	0.01084	0.00672	0.00673	0.01284	0.01925	0.02634	0.47757	0.15622	0.18625	0.01704	0.00886	0.00247	0.00367	0.01496	0.00774	0.00672
5	0.65780	0.01752	0.01343	0.01180	0.01638	0.11472	0.03075	0.02299	0.01398	0.03085	0.01065	0.01251	0.00836	0.00698	0.00503	0.00225	0.00705	0.00428	0.00446	0.00819
6	0.02095	0.64823	0.03671	0.01328	0.01958	0.02854	0.01289	0.10742	0.01770	0.02133	0.01131	0.01269	0.00994	0.00669	0.00511	0.00167	0.00797	0.00433	0.00374	0.00994
7	0.00964	0.00757	0.00886	0.00964	0.01153	0.00680	0.00749	0.01179	0.01643	0.02038	0.05933	0.20569	0.39912	0.02012	0.00929	0.00284	0.00465	0.17561	0.00688	0.00636
8	0.00962	0.00735	0.00884	0.00891	0.01066	0.00656	0.00651	0.01213	0.01827	0.02430	0.35052	0.19322	0.28018	0.01800	0.00890	0.00253	0.00375	0.01570	0.00748	0.00656
9	0.01990	0.01666	0.01760	0.01540	0.01985	0.01914	0.01210	0.13201	0.58448	0.03337	0.02839	0.02624	0.02118	0.00990	0.00754	0.00248	0.00621	0.00814	0.00754	0.01188
10	0.74571	0.01578	0.05161	0.01044	0.01541	0.01669	0.00918	0.02192	0.01281	0.03273	0.01051	0.01227	0.00812	0.00690	0.00474	0.00230	0.00605	0.00411	0.00451	0.00821
11	0.79154	0.01436	0.01091	0.00976	0.01436	0.01665	0.00804	0.02182	0.01263	0.03331	0.01034	0.01206	0.00804	0.00689	0.00459	0.00230	0.00574	0.00402	0.00459	0.00804
12	0.01985	0.74357	0.03890	0.01270	0.01905	0.02937	0.01270	0.02223	0.01508	0.01747	0.01032	0.01191	0.00953	0.00635	0.00476	0.00159	0.00794	0.00397	0.00318	0.00953
13	0.00922	0.00754	0.00814	0.00799	0.01030	0.00646	0.00599	0.01152	0.01798	0.02256	0.23326	0.06733	0.53016	0.01787	0.00877	0.00246	0.00369	0.01509	0.00722	0.00646
14	0.01049	0.00733	0.00846	0.00842	0.00898	0.00724	0.00521	0.01117	0.01229	0.01625	0.06645	0.05035	0.11861	0.54145	0.09155	0.00671	0.00765	0.01135	0.00498	0.00506
15	0.72463	0.01420	0.01147	0.01007	0.01476	0.01615	0.00829	0.02309	0.01339	0.09196	0.01201	0.01323	0.00895	0.00709	0.00485	0.00230	0.00579	0.00432	0.00500	0.00845
16	0.01752	0.01435	0.01654	0.01561	0.04977	0.01614	0.01163	0.11732	0.36829	0.03033	0.10077	0.02931	0.02544	0.01829	0.13029	0.00409	0.00851	0.00857	0.00680	0.01044
17	0.01066	0.00756	0.00978	0.00922	0.01097	0.00700	0.00692	0.01417	0.02076	0.02967	0.65735	0.05414	0.06763	0.01487	0.00859	0.00231	0.00350	0.01312	0.04480	0.00700
18	0.01342	0.13891	0.04678	0.04219	0.01641	0.01474	0.01109	0.01566	0.01267	0.01729	0.01802	0.03051	0.01813	0.19226	0.24688	0.00665	0.10930	0.03805	0.00393	0.00711
19	0.01489	0.03840	0.70064	0.02116	0.03213	0.01724	0.02743	0.02351	0.01567	0.02351	0.01332	0.01567	0.00940	0.00705	0.00705	0.00235	0.01097	0.00549	0.00313	0.01097
20	0.02681	0.03286	0.02065	0.01864	0.02258	0.61356	0.01407	0.05428	0.08857	0.02054	0.01362	0.01501	0.01101	0.00794	0.00681	0.00199	0.01243	0.00522	0.00434	0.00908
21	0.02190	0.12037	0.11943	0.02369	0.17943	0.17470	0.01733	0.16369	0.02099	0.02624	0.01419	0.01756	0.01166	0.04736	0.00850	0.00236	0.00980	0.00594	0.00443	0.01044
22	0.00897	0.00675	0.00832	0.00957	0.01057	0.00609	0.00655	0.01042	0.01495	0.01925	0.05020	0.55481	0.22256	0.02205	0.00929	0.00288	0.00416	0.01963	0.00689	0.00609
23	0.01068	0.00722	0.00806	0.00806	0.00821	0.00714	0.00457	0.01079	0.01116	0.01473	0.02645	0.04993	0.06610	0.69660	0.03607	0.00692	0.00699	0.01108	0.00464	0.00460
24	0.01671	0.01506	0.02315	0.05837	0.39259	0.01485	0.01736	0.04774	0.04522	0.02459	0.02094	0.07049	0.04537	0.00939	0.00753	0.00224	0.00760	0.05817	0.00467	0.11796
25	0.01988	0.03185	0.35544	0.02318	0.11567	0.16221	0.02174	0.10789	0.04693	0.02579	0.01430	0.01633	0.01071	0.00748	0.00709	0.00223	0.01062	0.00576	0.00408	0.01083
26	0.01624	0.01624	0.02274	0.01949	0.01949	0.02274	0.01624	0.01787	0.01137	0.01787	0.00975	0.01624	0.00975	0.01299	0.02436	0.00325	0.72552	0.00650	0.00325	0.00812
27	0.01748	0.01664	0.02505	0.31443	0.18005	0.04432	0.05038	0.08543	0.01702	0.02291	0.01321	0.01840	0.01060	0.00838	0.01059	0.00252	0.14262	0.00663	0.00383	0.00952
28	0.00889	0.00743	0.00775	0.00787	0.01015	0.00629	0.00583	0.01081	0.01691	0.02049	0.10568	0.12906	0.59941	0.01900	0.00883	0.00254	0.00379	0.01602	0.00696	0.00629
29	0.01196	0.00854	0.01196	0.01367	0.01538	0.00854	0.01196	0.01538	0.01709	0.02222	0.03931	0.08374	0.04272	0.02051	0.01025	0.00342	0.00684	0.64283	0.00684	0.00684
30	0.01380	0.00811	0.01047	0.01008	0.01222	0.00729	0.00747	0.01629	0.01840	0.14181	0.29081	0.26166	0.13845	0.01711	0.00875	0.00256	0.00428	0.01506	0.00778	0.00759
31	0.01539	0.01319	0.01539	0.01100	0.01759	0.00990	0.00880	0.01869	0.01539	0.02419	0.01319	0.01539	0.01100	0.00550	0.00550	0.00110	0.00550	0.00440	0.00440	0.78449
32	0.01539	0.01319	0.01539	0.01100	0.01759	0.00990	0.00880	0.01869	0.01539	0.02419	0.01319	0.01539	0.01100	0.00550	0.00550	0.00110	0.00550	0.00440	0.00440	0.78449
33	0.02413	0.02855	0.02454	0.02931	0.28090	0.44295	0.01759	0.02700	0.01945	0.02051	0.01243	0.01531	0.01041	0.00725	0.00695	0.00203	0.01163	0.00549	0.00377	0.00982
34	0.01575	0.00913	0.01152	0.01061	0.01338	0.00841	0.00823	0.04324	0.01897	0.17394	0.21009	0.14519	0.19146	0.01824	0.04997	0.00308	0.00563	0.04746	0.00758	0.00814
35	0.02068	0.01991	0.03235	0.02943	0.18562	0.04749	0.28142	0.17344	0.07993	0.02960	0.01661	0.01954	0.01263	0.00735	0.00793	0.00235	0.01010	0.00759	0.00492	0.01112
36	0.79154	0.01436	0.01091	0.00976	0.01436	0.01665	0.00804	0.02182	0.01263	0.03331	0.01034	0.01206	0.00804	0.00689	0.00459	0.00230	0.00574	0.00402	0.00459	0.00804
37	0.01560	0.01481	0.02513	0.47548	0.28454	0.01691	0.02140	0.02036	0.01559	0.02089	0.01347	0.01928	0.01057	0.00713	0.00740	0.00238	0.00950	0.00660	0.00344	0.00952
38	0.01003	0.00747	0.00933	0.00908	0.01085	0.00677	0.00673	0.01301	0.01957	0.02685	0.50805	0.12363	0.18791	0.01665	0.00883	0.00243	0.00363	0.01460	0.00780	0.00677
39	0.01906	0.01497	0.01701	0.01586	0.05789	0.01641	0.01171	0.14709	0.35232	0.06089	0.14588	0.03189	0.05451	0.01087	0.00778	0.00240	0.00598	0.00912	0.00745	0.01089
40	0.01306	0.00927	0.01276	0.10349	0.01703	0.01034	0.00941	0.06934	0.01358	0.01846	0.01840	0.03069	0.01800	0.21527	0.25506	0.15564	0.01175	0.00811	0.00418	0.00616
41	0.01254	0.00801	0.00976	0.01000	0.01218	0.00712	0.00760	0.01458	0.01667	0.10943	0.05345	0.27410	0.31126	0.01916	0.00903	0.00276	0.00470	0.10335	0.00719	0.00711
42	0.03027	0.01273	0.01692	0.01283	0.01872	0.01074	0.01055	0.03321	0.02026	0.58372	0.02656	0.02359	0.01713	0.00856	0.00713	0.00209	0.00618	0.00695	0.00838	0.14348
43	0.01752	0.01467	0.01597	0.01199	0.01806	0.04438	0.00956	0.06535	0.05684	0.05401	0.01769	0.01894	0.04019	0.00681	0.00603	0.00141	0.00604	0.00541	0.00507	0.58407
44	0.06710	0.14296	0.05152	0.01601	0.06008	0.01652	0.03965	0.09212	0.01963	0.29003	0.01944	0.01910	0.01363	0.00768	0.00660	0.00201	0.00724	0.00609	0.00626	0.11634
45	0.79154	0.01436	0.01091	0.00976	0.01436	0.01665	0.00804	0.02182	0.01263	0.03331	0.01034	0.01206	0.00804	0.00689	0.00459	0.00230	0.00574	0.00402	0.00459	0.00804
46	0.02252	0.05794	0.17409	0.02181	0.09684	0.20034	0.04500	0.20413	0.02269	0.02837	0.01534	0.01921	0.01226	0.00826	0.00722	0.00221	0.01033	0.03606	0.00477	0.01060
47	0.01061	0.00795	0.01193	0.01193	0.01326	0.00928	0.00928	0.01326	0.01193	0.01723	0.01988	0.02916	0.01856	0.05568	0.70968	0.01193	0.01988	0.00795	0.00398	0.00663
48	0.02057	0.01939	0.01782	0.01588	0.02013	0.13041	0.01232	0.07729	0.53255	0.02996	0.02641	0.02477	0.01991	0.00961	0.00741	0.00240	0.00723	0.00770	0.00694	0.01130
49	0.00941	0.00736	0.00853	0.00863	0.01052	0.00648	0.00632	0.01174	0.01784	0.02316	0.27764	0.18177	0.36740	0.01835	0.00889	0.00254	0.00377	0.01586	0.00733	0.00648
50	0.01817	0.19066	0.27150	0.02610	0.23292	0.01990	0.02098	0.02446	0.05242	0.05476	0.01452	0.01676	0.01131	0.00702	0.00667	0.00214	0.00911	0.00574	0.00384	0.01101
51	0.01707	0.34879	0.40937	0.01744	0.02637	0.02258	0.02095	0.02295	0.01541	0.02085	0.01200	0.01402	0.00946	0.00674	0.00605	0.00202	0.00964	0.00482	0.00315	0.01034
52	0.04081	0.05973	0.04922	0.05533	0.27105	0.04507	0.01608	0.02471	0.14299	0.02540	0.07603	0.02219	0.01837	0.00796	0.00699	0.00210	0.00751	0.00690	0.00488	0.11670
53	0.00929	0.00695	0.00863	0.00946	0.01066	0.00629	0.00662	0.01118	0.01628	0.02147	0.18451	0.43521	0.20537	0.02051	0.00916	0.00275	0.00401	0.01821	0.00716	0.00629
54	0.01026	0.00703	0.00841	0.00929	0.01031	0.00664	0.00649	0.01194	0.01454	0.01989	0.04113	0.34022	0.14896	0.14518	0.01376	0.00351	0.00484	0.07466	0.11694	0.00601
55	0.01608	0.06159	0.48363	0.02351	0.12513	0.01797	0.02402	0.02552	0.10596	0.02439	0.01558	0.01754	0.01155	0.00737	0.00707	0.00232	0.00984	0.00598	0.00381	0.01113
56	0.00922	0.00692	0.00856	0.00945	0.01063	0.00626	0.00659	0.01104	0.01606	0.02107	0.15960	0.44939	0.21673	0.02075	0.00917	0.00277	0.00403	0.01841	0.00711	0.00626
57	0.01621	0.13401	0.57754	0.01981	0.02990	0.01918	0.02477	0.05429	0.01652	0.02380	0.01313	0.01526	0.00958	0.00705	0.00676	0.00224	0.01042	0.00534	0.00335	0.01085
58	0.01168	0.00884	0.01268	0.07415	0.01621	0.01017	0.00974	0.04106	0.01298	0.01819	0.01975	0.03088	0.01886	0.15581	0.51345	0.00995	0.01653	0.00822	0.00414	0.00669
59	0.01521	0.13798	0.02959	0.06374	0.02676	0.01619	0.27845	0.01913	0.01586	0.02114	0.02096	0.21160	0.02110	0.01088	0.00791	0.00236	0.00873	0.01077	0.00453	0.07709

[dist]
# distance from previous block
# <min> <max>
0	1

[block]
# block no. 4 follows, 27 sequences, length 360
# corresponding to MSA columns:
# 219-269,271-579
name=unknown_E
#
# <colnr> <probs for GDERKNQSTAVLIFYWHMCP>
#	G	D	E	R	K	N	Q	S	T	A	V	L	I	F	Y	W	H	M	C	P
0	0.65651	0.14195	0.01581	0.01028	0.01518	0.01888	0.00886	0.02189	0.01306	0.03054	0.01033	0.01203	0.00830	0.00680	0.00462	0.00217	0.00613	0.00401	0.00435	0.00830
1	0.04739	0.02038	0.17509	0.03012	0.32371	0.01552	0.07207	0.02199	0.01738	0.05114	0.13031	0.02429	0.02132	0.00826	0.00753	0.00229	0.00846	0.00764	0.00458	0.01051
2	0.01646	0.01680	0.08161	0.02797	0.28449	0.01483	0.10046	0.02275	0.08583	0.05237	0.13959	0.03015	0.07477	0.00950	0.00789	0.00234	0.00776	0.00890	0.00529	0.01025
3	0.01327	0.01409	0.07027	0.02088	0.19181	0.03674	0.03913	0.01652	0.01557	0.02059	0.03456	0.07178	0.21176	0.06028	0.14514	0.00449	0.00967	0.01035	0.00483	0.00826
4	0.01771	0.01716	0.07908	0.01654	0.04524	0.01559	0.06347	0.13436	0.20571	0.03045	0.11515	0.02758	0.05027	0.00948	0.00744	0.00218	0.00686	0.00813	0.00623	0.14136
5	0.01131	0.00741	0.00926	0.00938	0.01096	0.00771	0.00710	0.01405	0.01436	0.02173	0.05274	0.09056	0.12005	0.03051	0.29130	0.00609	0.01022	0.00992	0.26867	0.00664
6	0.17083	0.01862	0.02092	0.04252	0.10568	0.10108	0.05523	0.11685	0.08132	0.08298	0.01594	0.01769	0.01216	0.00807	0.00807	0.00226	0.06407	0.00611	0.00522	0.06438
7	0.01128	0.00806	0.01118	0.01289	0.01431	0.00796	0.01078	0.01421	0.01642	0.02146	0.03968	0.23527	0.04421	0.02115	0.01007	0.00332	0.00625	0.49801	0.00685	0.00665
8	0.02105	0.01310	0.01600	0.01351	0.01724	0.01406	0.01089	0.19939	0.05693	0.17270	0.02422	0.02642	0.04563	0.02420	0.22749	0.00530	0.03497	0.00774	0.05927	0.00989
9	0.01657	0.01721	0.02812	0.02251	0.02443	0.02172	0.18228	0.01938	0.01294	0.01938	0.01109	0.01721	0.01013	0.01127	0.02037	0.00306	0.54327	0.00708	0.00338	0.00860
10	0.01402	0.10484	0.01599	0.01300	0.05074	0.01291	0.00948	0.08243	0.06389	0.02368	0.11502	0.14914	0.13648	0.07864	0.09297	0.00390	0.00741	0.01152	0.00596	0.00797
11	0.01289	0.00645	0.00967	0.00967	0.00967	0.00645	0.00645	0.00967	0.00967	0.01289	0.01289	0.02257	0.01289	0.02579	0.02901	0.78401	0.00645	0.00645	0.00322	0.00322
12	0.01539	0.01319	0.01539	0.01100	0.01759	0.00990	0.00880	0.01869	0.01539	0.02419	0.01319	0.01539	0.01100	0.00550	0.00550	0.00110	0.00550	0.00440	0.00440	0.78449
13	0.01051	0.00759	0.00992	0.00934	0.01109	0.00700	0.00700	0.01401	0.02101	0.02977	0.68888	0.05545	0.07005	0.01518	0.00876	0.00233	0.00350	0.01343	0.00817	0.00700
14	0.01402	0.01319	0.02227	0.72126	0.05113	0.01649	0.02062	0.01897	0.01484	0.01897	0.01319	0.01979	0.00990	0.00742	0.00742	0.00247	0.00990	0.00660	0.00330	0.00825
15	0.01585	0.16401	0.26659	0.02039	0.02789	0.01826	0.20341	0.02171	0.01701	0.02350	0.12930	0.02302	0.02038	0.00809	0.00739	0.00224	0.00954	0.00749	0.00419	0.00974
16	0.01670	0.01347	0.01575	0.01134	0.01787	0.01046	0.00910	0.04534	0.01643	0.05481	0.01409	0.01593	0.01139	0.00580	0.00566	0.00120	0.00564	0.00462	0.00473	0.71968
17	0.01402	0.01319	0.02227	0.72126	0.05113	0.01649	0.02062	0.01897	0.01484	0.01897	0.01319	0.01979	0.00990	0.00742	0.00742	0.00247	0.00990	0.00660	0.00330	0.00825
18	0.01539	0.01319	0.01539	0.01100	0.01759	0.00990	0.00880	0.01869	0.01539	0.02419	0.01319	0.01539	0.01100	0.00550	0.00550	0.00110	0.00550	0.00440	0.00440	0.78449
19	0.01116	0.00735	0.00828	0.00814	0.00999	0.00695	0.00606	0.01396	0.01682	0.02460	0.20373	0.04826	0.22574	0.04909	0.06342	0.00314	0.00500	0.01131	0.27038	0.00662
20	0.00973	0.00727	0.00956	0.01038	0.01123	0.00709	0.00730	0.01161	0.01587	0.02158	0.19859	0.49869	0.08709	0.02056	0.00998	0.00283	0.03898	0.01824	0.00703	0.00638
21	0.01681	0.05946	0.44606	0.02757	0.21981	0.01815	0.02479	0.05827	0.01705	0.02475	0.01363	0.01641	0.01026	0.00700	0.00707	0.00227	0.01008	0.00581	0.00352	0.01123
22	0.01837	0.01764	0.03013	0.04557	0.69279	0.01764	0.02278	0.02278	0.01690	0.02425	0.01396	0.01837	0.01176	0.00661	0.00735	0.00220	0.00882	0.00661	0.00367	0.01176
23	0.00949	0.00710	0.00885	0.00960	0.01092	0.00646	0.00689	0.01157	0.01665	0.02198	0.20427	0.37703	0.20775	0.02010	0.00918	0.00275	0.00412	0.05174	0.00720	0.00636
24	0.01956	0.01710	0.02920	0.02172	0.02798	0.01648	0.31508	0.06823	0.14656	0.10308	0.02192	0.02343	0.04136	0.00790	0.00789	0.00229	0.00903	0.00814	0.00555	0.10751
25	0.69609	0.01516	0.01233	0.01068	0.01544	0.01745	0.00880	0.10263	0.01542	0.03499	0.01127	0.01278	0.00861	0.00714	0.00495	0.00229	0.00605	0.00435	0.00495	0.00861
26	0.02223	0.16482	0.05029	0.04668	0.02235	0.29523	0.01398	0.05427	0.16194	0.02255	0.01611	0.01736	0.01287	0.00816	0.00712	0.00207	0.03383	0.00572	0.03279	0.00963
27	0.01835	0.02000	0.12852	0.01998	0.10576	0.01839	0.01576	0.06522	0.45879	0.02975	0.02487	0.02412	0.01868	0.00910	0.00744	0.00244	0.00717	0.00762	0.00635	0.01167
28	0.01374	0.01108	0.01310	0.01052	0.01525	0.00873	0.00806	0.01657	0.01512	0.02320	0.02075	0.18994	0.02082	0.01003	0.00643	0.00161	0.00505	0.00863	0.06544	0.53594
29	0.00904	0.00646	0.00861	0.01034	0.01077	0.00603	0.00689	0.01034	0.01421	0.01895	0.04092	0.73426	0.04910	0.02326	0.00948	0.00301	0.00431	0.02110	0.00689	0.00603
30	0.00904	0.00646	0.00861	0.01034	0.01077	0.00603	0.00689	0.01034	0.01421	0.01895	0.04092	0.73426	0.04910	0.02326	0.00948	0.00301	0.00431	0.02110	0.00689	0.00603
31	0.01846	0.01595	0.01679	0.01511	0.01930	0.01846	0.01175	0.03945	0.67938	0.03105	0.03022	0.02770	0.02266	0.01007	0.00755	0.00252	0.00588	0.00839	0.00755	0.01175
32	0.79154	0.01436	0.01091	0.00976	0.01436	0.01665	0.00804	0.02182	0.01263	0.03331	0.01034	0.01206	0.00804	0.00689	0.00459	0.00230	0.00574	0.00402	0.00459	0.00804
33	0.01752	0.02003	0.04380	0.03129	0.03880	0.01877	0.66583	0.02378	0.01752	0.02378	0.01502	0.02003	0.01126	0.00626	0.00876	0.00250	0.01252	0.00876	0.00375	0.01001
34	0.01402	0.01319	0.02227	0.72126	0.05113	0.01649	0.02062	0.01897	0.01484	0.01897	0.01319	0.01979	0.00990	0.00742	0.00742	0.00247	0.00990	0.00660	0.00330	0.00825
35	0.01033	0.00758	0.00968	0.00915	0.01098	0.00693	0.00687	0.01367	0.02060	0.02878	0.62635	0.05708	0.13319	0.01555	0.00876	0.00235	0.00353	0.01365	0.00804	0.00693
36	0.00904	0.00646	0.00861	0.01034	0.01077	0.00603	0.00689	0.01034	0.01421	0.01895	0.04092	0.73426	0.04910	0.02326	0.00948	0.00301	0.00431	0.02110	0.00689	0.00603
37	0.01985	0.74357	0.03890	0.01270	0.01905	0.02937	0.01270	0.02223	0.01508	0.01747	0.01032	0.01191	0.00953	0.00635	0.00476	0.00159	0.00794	0.00397	0.00318	0.00953
38	0.02760	0.01565	0.01797	0.01405	0.01922	0.01614	0.01152	0.34045	0.02695	0.26980	0.02287	0.02205	0.01569	0.00896	0.00707	0.00217	0.00674	0.00699	0.13644	0.01168
39	0.00919	0.00652	0.00857	0.01015	0.01054	0.00613	0.00669	0.01038	0.01392	0.01856	0.03943	0.67610	0.04722	0.08398	0.01188	0.00337	0.00455	0.02023	0.00669	0.00590
40	0.01080	0.00720	0.00810	0.00810	0.00810	0.00720	0.00450	0.01080	0.01080	0.01439	0.02339	0.04858	0.02699	0.73910	0.03779	0.00720	0.00720	0.01080	0.00450	0.00450
41	0.01539	0.01319	0.01539	0.01100	0.01759	0.00990	0.00880	0.01869	0.01539	0.02419	0.01319	0.01539	0.01100	0.00550	0.00550	0.00110	0.00550	0.00440	0.00440	0.78449
42	0.02518	0.01795	0.01958	0.01585	0.02111	0.01979	0.01282	0.35240	0.27580	0.12229	0.02392	0.02247	0.01712	0.00938	0.00748	0.00235	0.00707	0.00742	0.00769	0.01230
43	0.01041	0.00758	0.00979	0.00924	0.01103	0.00696	0.00693	0.01383	0.02079	0.02924	0.65553	0.05632	0.10372	0.01537	0.00876	0.00234	0.00352	0.01355	0.00810	0.00696
44	0.01620	0.01679	0.03354	0.03016	0.17374	0.01604	0.38318	0.02124	0.01702	0.02323	0.02029	0.09560	0.01890	0.00973	0.00871	0.00260	0.01023	0.08876	0.00442	0.00961
45	0.79154	0.01436	0.01091	0.00976	0.01436	0.01665	0.00804	0.02182	0.01263	0.03331	0.01034	0.01206	0.00804	0.00689	0.00459	0.00230	0.00574	0.00402	0.00459	0.00804
46	0.79154	0.01436	0.01091	0.00976	0.01436	0.01665	0.00804	0.02182	0.01263	0.03331	0.01034	0.01206	0.00804	0.00689	0.00459	0.00230	0.00574	0.00402	0.00459	0.00804
47	0.01846	0.01595	0.01679	0.01511	0.01930	0.01846	0.01175	0.03945	0.67938	0.03105	0.03022	0.02770	0.02266	0.01007	0.00755	0.00252	0.00588	0.00839	0.00755	0.01175
48	0.01384	0.00692	0.00692	0.00692	0.00865	0.00692	0.00519	0.01730	0.01557	0.02768	0.02422	0.02768	0.01903	0.00865	0.00519	0.00173	0.00346	0.00692	0.78031	0.00692
49	0.03331	0.01263	0.01723	0.01321	0.01895	0.01091	0.01091	0.03618	0.02125	0.69794	0.02929	0.02527	0.01838	0.00919	0.00747	0.00230	0.00632	0.00747	0.00919	0.01263
50	0.00906	0.00753	0.00792	0.00782	0.01020	0.00639	0.00587	0.01121	0.01760	0.02166	0.17640	0.06881	0.58759	0.01820	0.00877	0.00248	0.00372	0.01530	0.00710	0.00639
51	0.01539	0.01319	0.01539	0.01100	0.01759	0.00990	0.00880	0.01869	0.01539	0.02419	0.01319	0.01539	0.01100	0.00550	0.00550	0.00110	0.00550	0.00440	0.00440	0.78449
52	0.79154	0.01436	0.01091	0.00976	0.01436	0.01665	0.00804	0.02182	0.01263	0.03331	0.01034	0.01206	0.00804	0.00689	0.00459	0.00230	0.00574	0.00402	0.00459	0.00804
53	0.03331	0.01263	0.01723	0.01321	0.01895	0.01091	0.01091	0.03618	0.02125	0.69794	0.02929	0.02527	0.01838	0.00919	0.00747	0.00230	0.00632	0.00747	0.00919	0.01263
54	0.01080	0.00720	0.00810	0.00810	0.00810	0.00720	0.00450	0.01080	0.01080	0.01439	0.02339	0.04858	0.02699	0.73910	0.03779	0.00720	0.00720	0.01080	0.00450	0.00450
55	0.79154	0.01436	0.01091	0.00976	0.01436	0.01665	0.00804	0.02182	0.01263	0.03331	0.01034	0.01206	0.00804	0.00689	0.00459	0.00230	0.00574	0.00402	0.00459	0.00804
56	0.01478	0.00720	0.00742	0.00722	0.00915	0.00711	0.00547	0.01821	0.01584	0.06011	0.02446	0.02756	0.01900	0.00868	0.00530	0.00176	0.00360	0.00695	0.74300	0.00720
57	0.79154	0.01436	0.01091	0.00976	0.01436	0.01665	0.00804	0.02182	0.01263	0.03331	0.01034	0.01206	0.00804	0.00689	0.00459	0.00230	0.00574	0.00402	0.00459	0.00804
58	0.01837	0.01764	0.03013	0.04557	0.69279	0.01764	0.02278	0.02278	0.01690	0.02425	0.01396	0.01837	0.01176	0.00661	0.00735	0.00220	0.00882	0.00661	0.00367	0.01176
59	0.01846	0.01595	0.01679	0.01511	0.01930	0.01846	0.01175	0.03945	0.67938	0.03105	0.03022	0.02770	0.02266	0.01007	0.00755	0.00252	0.00588	0.00839	0.00755	0.01175
60	0.01364	0.00694	0.00694	0.00694	0.00870	0.00689	0.00521	0.01703	0.01562	0.02737	0.02625	0.02942	0.04576	0.00905	0.00533	0.00176	0.00347	0.00727	0.74949	0.00689
61	0.00911	0.00753	0.00798	0.00787	0.01023	0.00641	0.00590	0.01130	0.01771	0.02193	0.19369	0.06836	0.57012	0.01810	0.00877	0.00247	0.00371	0.01523	0.00714	0.00641
62	0.02822	0.02079	0.02228	0.01708	0.02302	0.02302	0.01411	0.66804	0.03490	0.04679	0.01782	0.01782	0.01262	0.00891	0.00743	0.00223	0.00817	0.00668	0.00743	0.01262
63	0.01716	0.01894	0.03779	0.02792	0.03328	0.01991	0.48030	0.02209	0.01576	0.02209	0.01351	0.01894	0.01083	0.00818	0.01322	0.00272	0.21615	0.00811	0.00361	0.00947
64	0.03331	0.01263	0.01723	0.01321	0.01895	0.01091	0.01091	0.03618	0.02125	0.69794	0.02929	0.02527	0.01838	0.00919	0.00747	0.00230	0.00632	0.00747	0.00919	0.01263
65	0.00904	0.00646	0.00861	0.01034	0.01077	0.00603	0.00689	0.01034	0.01421	0.01895	0.04092	0.73426	0.04910	0.02326	0.00948	0.00301	0.00431	0.02110	0.00689	0.00603
66	0.02967	0.01846	0.02084	0.01597	0.02186	0.01956	0.01320	0.48758	0.03100	0.23276	0.02110	0.01995	0.01427	0.00899	0.00744	0.00225	0.00764	0.00691	0.00793	0.01263
67	0.01837	0.01764	0.03013	0.04557	0.69279	0.01764	0.02278	0.02278	0.01690	0.02425	0.01396	0.01837	0.01176	0.00661	0.00735	0.00220	0.00882	0.00661	0.00367	0.01176
68	0.01061	0.00795	0.01193	0.01193	0.01326	0.00928	0.00928	0.01326	0.01193	0.01723	0.01988	0.02916	0.01856	0.05568	0.70968	0.01193	0.01988	0.00795	0.00398	0.00663
69	0.09022	0.01991	0.02114	0.01632	0.02214	0.02197	0.01348	0.58787	0.03250	0.07442	0.01772	0.01769	0.01251	0.00876	0.00720	0.00224	0.00789	0.00650	0.00727	0.01225
70	0.02730	0.07386	0.02201	0.01878	0.02274	0.67235	0.01425	0.02924	0.02071	0.01813	0.01141	0.01331	0.00956	0.00758	0.00659	0.00189	0.01309	0.00474	0.00379	0.00866
