[name]
unknown

[dist]
# distance from previous block
# <min> <max>
0	694

[block]
# block no. 0 follows, 31 sequences, length 106
# corresponding to MSA columns:
# 694-782,793-809
name=unknown_A
#
# <colnr> <probs for GDERKNQSTAVLIFYWHMCP>
#	G	D	E	R	K	N	Q	S	T	A	V	L	I	F	Y	W	H	M	C	P
0	0.06097	0.01220	0.03694	0.01615	0.11740	0.01075	0.01162	0.02646	0.01811	0.42255	0.10596	0.02962	0.02300	0.00955	0.00710	0.00220	0.00599	0.06619	0.00706	0.01019
1	0.01838	0.01643	0.02659	0.03812	0.61716	0.01661	0.01976	0.09652	0.01756	0.04673	0.01371	0.01708	0.01112	0.00641	0.00678	0.00204	0.00799	0.00613	0.00393	0.01095
2	0.08355	0.01684	0.02535	0.03603	0.57132	0.04151	0.01888	0.08222	0.01689	0.02473	0.01283	0.01625	0.01056	0.00634	0.00655	0.00203	0.00798	0.00584	0.00378	0.01052
3	0.11016	0.01637	0.01888	0.01697	0.08584	0.01782	0.03080	0.34686	0.14248	0.08148	0.05009	0.01957	0.01545	0.00820	0.00666	0.00212	0.00677	0.00654	0.00629	0.01064
4	0.04150	0.01666	0.02660	0.03682	0.57430	0.01698	0.04061	0.11813	0.01787	0.02558	0.01331	0.01674	0.01084	0.00640	0.00675	0.00205	0.00807	0.00610	0.00391	0.01080
5	0.01973	0.01770	0.02543	0.03418	0.50925	0.05817	0.01855	0.16702	0.01948	0.04407	0.01386	0.01672	0.01105	0.00667	0.00676	0.00202	0.00818	0.00603	0.00427	0.01086
6	0.18537	0.01657	0.02003	0.02092	0.18724	0.05785	0.05313	0.15594	0.11091	0.10210	0.01628	0.01726	0.01212	0.00727	0.00634	0.00210	0.00726	0.00593	0.00526	0.01010
7	0.24593	0.01473	0.01569	0.01691	0.13726	0.07303	0.01121	0.06625	0.10846	0.10400	0.05383	0.08952	0.01783	0.00895	0.00629	0.00216	0.00635	0.00719	0.00540	0.00902
8	0.20844	0.01308	0.01431	0.01272	0.03639	0.01394	0.00995	0.19632	0.06239	0.12921	0.12620	0.05377	0.02346	0.01002	0.00669	0.00222	0.00575	0.05962	0.00640	0.00911
9	0.01584	0.37324	0.40483	0.01588	0.02402	0.02108	0.01898	0.02112	0.01419	0.01908	0.01099	0.01283	0.00872	0.00620	0.00552	0.00184	0.00881	0.00441	0.00291	0.00949
10	0.27244	0.02259	0.01589	0.01392	0.01790	0.33785	0.01086	0.14246	0.01891	0.02633	0.01195	0.01343	0.00937	0.00709	0.00560	0.00192	0.00873	0.00461	0.04982	0.00833
11	0.00957	0.00732	0.00900	0.00951	0.01139	0.00674	0.00775	0.01218	0.01644	0.02113	0.19017	0.06724	0.31354	0.01725	0.00862	0.00261	0.00453	0.27232	0.00658	0.00612
12	0.02472	0.02842	0.01855	0.01667	0.02038	0.57360	0.01263	0.02908	0.11827	0.07245	0.01432	0.01508	0.01118	0.00748	0.00634	0.00187	0.01084	0.00508	0.00440	0.00863
13	0.02284	0.01761	0.02315	0.01778	0.02253	0.01950	0.11858	0.40534	0.04344	0.09301	0.01603	0.01734	0.01171	0.00849	0.00957	0.00226	0.12789	0.00653	0.00584	0.01057
14	0.01477	0.01385	0.02336	0.33285	0.37897	0.01512	0.01934	0.01896	0.01480	0.02016	0.01449	0.02243	0.01246	0.00746	0.00702	0.00223	0.00839	0.06073	0.00348	0.00911
15	0.00832	0.00601	0.00788	0.00938	0.00988	0.00557	0.00628	0.00954	0.01324	0.01752	0.03952	0.71562	0.08356	0.02120	0.00870	0.00275	0.00394	0.01916	0.00635	0.00557
16	0.01615	0.01845	0.04037	0.02884	0.03576	0.01730	0.69204	0.02191	0.01615	0.02191	0.01384	0.01845	0.01038	0.00577	0.00807	0.00231	0.01153	0.00807	0.00346	0.00923
17	0.00834	0.00595	0.00794	0.00953	0.00992	0.00556	0.00635	0.00953	0.01310	0.01746	0.03771	0.75510	0.04525	0.02143	0.00873	0.00278	0.00397	0.01945	0.00635	0.00556
18	0.00968	0.00699	0.00914	0.00861	0.01022	0.00646	0.00646	0.01291	0.01937	0.02743	0.71328	0.05110	0.06455	0.01399	0.00807	0.00215	0.00323	0.01237	0.00753	0.00646
19	0.01102	0.00787	0.01102	0.01260	0.01417	0.00787	0.01102	0.01417	0.01575	0.02047	0.03622	0.07717	0.03937	0.01890	0.00945	0.00315	0.00630	0.67084	0.00630	0.00630
20	0.01663	0.01594	0.02721	0.09570	0.66558	0.01617	0.02084	0.02073	0.01543	0.02198	0.01281	0.01703	0.01071	0.00615	0.00678	0.00205	0.00820	0.00609	0.00336	0.01059
21	0.02601	0.01916	0.02053	0.01574	0.02122	0.02122	0.01300	0.69408	0.03217	0.04312	0.01643	0.01643	0.01163	0.00821	0.00684	0.00205	0.00753	0.00616	0.00684	0.01163
22	0.80789	0.01323	0.01006	0.00900	0.01323	0.01535	0.00741	0.02011	0.01164	0.03070	0.00953	0.01111	0.00741	0.00635	0.00423	0.00212	0.00529	0.00370	0.00423	0.00741
23	0.01693	0.01626	0.02777	0.04199	0.71689	0.01626	0.02100	0.02100	0.01558	0.02235	0.01287	0.01693	0.01084	0.00610	0.00677	0.00203	0.00813	0.00610	0.00339	0.01084
24	0.01128	0.00730	0.00966	0.00905	0.01084	0.00702	0.00690	0.01434	0.01764	0.06984	0.50352	0.04343	0.05019	0.01924	0.12543	0.00354	0.00584	0.01074	0.06748	0.00672
25	0.01513	0.01191	0.01475	0.01221	0.01518	0.07477	0.11818	0.07664	0.01745	0.02598	0.12909	0.02645	0.02254	0.00851	0.00614	0.00185	0.00575	0.00741	0.40262	0.00745
26	0.00867	0.00612	0.00793	0.00914	0.00954	0.00578	0.00600	0.00979	0.01295	0.01735	0.07378	0.59937	0.04304	0.14093	0.01293	0.00337	0.00436	0.01750	0.00606	0.00538
27	0.80789	0.01323	0.01006	0.00900	0.01323	0.01535	0.00741	0.02011	0.01164	0.03070	0.00953	0.01111	0.00741	0.00635	0.00423	0.00212	0.00529	0.00370	0.00423	0.00741
28	0.01120	0.00787	0.01100	0.12835	0.01606	0.00876	0.00848	0.01331	0.01180	0.03576	0.01959	0.05353	0.01906	0.24836	0.28139	0.00671	0.01083	0.00817	0.09384	0.00593
29	0.01646	0.01577	0.02692	0.12441	0.63816	0.01613	0.02076	0.02058	0.01535	0.02178	0.01279	0.01709	0.01063	0.00618	0.00678	0.00206	0.00824	0.00609	0.00335	0.01046
30	0.02206	0.01783	0.02281	0.06406	0.02459	0.01949	0.12084	0.43084	0.14416	0.03561	0.01771	0.01843	0.01287	0.00792	0.00706	0.00215	0.00790	0.00673	0.00608	0.01086
31	0.01972	0.01220	0.01363	0.01177	0.01551	0.01301	0.00929	0.06832	0.33544	0.19231	0.02564	0.02447	0.01860	0.00871	0.00640	0.00208	0.00509	0.00711	0.20073	0.00998
32	0.01083	0.00903	0.01341	0.07402	0.16800	0.00887	0.01045	0.01339	0.01524	0.02068	0.17106	0.31391	0.11453	0.01494	0.00795	0.00239	0.00508	0.01346	0.00568	0.00708
33	0.02082	0.01640	0.02163	0.13897	0.23749	0.09285	0.01600	0.07644	0.01728	0.18006	0.01551	0.01780	0.01156	0.00773	0.00865	0.00218	0.09798	0.00608	0.00472	0.00985
34	0.02687	0.06226	0.01841	0.01336	0.01856	0.01514	0.01108	0.21774	0.10884	0.39955	0.02302	0.02086	0.01543	0.00833	0.00672	0.00208	0.00634	0.00658	0.00747	0.01136
35	0.00839	0.00616	0.00787	0.00909	0.00984	0.00565	0.00619	0.00978	0.01386	0.01825	0.08550	0.61059	0.14300	0.02036	0.00860	0.00267	0.00385	0.01827	0.00643	0.00565
36	0.01367	0.01256	0.02052	0.70146	0.04564	0.01554	0.01866	0.05623	0.01474	0.01895	0.01240	0.01814	0.00926	0.00692	0.00684	0.00227	0.00903	0.00608	0.00326	0.00783
37	0.02095	0.02335	0.07573	0.01595	0.02037	0.27739	0.01320	0.12373	0.28501	0.02554	0.01891	0.01996	0.01470	0.00836	0.00669	0.00209	0.00864	0.02440	0.00534	0.00970
38	0.74699	0.01315	0.01086	0.06523	0.01583	0.01534	0.00830	0.01991	0.01180	0.02968	0.00973	0.01166	0.00754	0.00639	0.00443	0.00213	0.00559	0.00389	0.00414	0.00742
39	0.01740	0.01711	0.02484	0.08081	0.51596	0.07514	0.01876	0.02351	0.11519	0.02248	0.01480	0.01788	0.01201	0.00668	0.00675	0.00207	0.00815	0.00619	0.00389	0.01039
40	0.15696	0.01190	0.01493	0.01166	0.01678	0.01092	0.00963	0.03119	0.01829	0.60937	0.02415	0.02131	0.01539	0.00812	0.00645	0.00212	0.00574	0.00636	0.00778	0.01096
41	0.01480	0.01389	0.02297	0.13601	0.45046	0.01474	0.01786	0.01827	0.01450	0.02039	0.01649	0.13669	0.01602	0.00915	0.00834	0.00226	0.06586	0.00825	0.00379	0.00925
42	0.00855	0.00611	0.00818	0.00977	0.01026	0.00574	0.00672	0.00989	0.01331	0.01770	0.03759	0.70164	0.04479	0.02123	0.00879	0.00281	0.00415	0.07082	0.00635	0.00562
43	0.00941	0.00698	0.00876	0.00832	0.01005	0.00634	0.00624	0.01238	0.01872	0.02589	0.60245	0.05364	0.17635	0.01456	0.00807	0.00218	0.00327	0.01273	0.00733	0.00634
44	0.00826	0.00686	0.00723	0.00730	0.00939	0.00582	0.00541	0.01009	0.01575	0.01926	0.12844	0.12108	0.59687	0.01734	0.00814	0.00233	0.00348	0.01465	0.00647	0.00582
45	0.00881	0.00684	0.00785	0.00801	0.00968	0.00609	0.00587	0.01076	0.01572	0.02017	0.21348	0.15078	0.37947	0.07815	0.01044	0.00273	0.00388	0.04901	0.00645	0.00580
46	0.02637	0.01859	0.02018	0.01547	0.02093	0.02036	0.01278	0.64346	0.03120	0.09509	0.01723	0.01695	0.01204	0.00823	0.00685	0.00206	0.00740	0.00621	0.00697	0.01164
47	0.02571	0.02810	0.01977	0.01699	0.02117	0.49366	0.01315	0.25095	0.02367	0.02559	0.01254	0.01371	0.00976	0.00744	0.00640	0.00186	0.01072	0.00499	0.00464	0.00917
48	0.02556	0.03261	0.01939	0.01763	0.02115	0.73210	0.01322	0.02732	0.01939	0.01674	0.01058	0.01234	0.00881	0.00705	0.00617	0.00176	0.01234	0.00441	0.00353	0.00793
49	0.01259	0.00639	0.00644	0.00644	0.00794	0.00639	0.00475	0.01560	0.01410	0.02480	0.02227	0.02661	0.01796	0.05102	0.00650	0.00188	0.00339	0.00658	0.75210	0.00625
50	0.01509	0.01270	0.01467	0.01056	0.01660	0.01005	0.00848	0.06908	0.01556	0.02389	0.01249	0.01436	0.01025	0.00531	0.00520	0.00109	0.00526	0.00421	0.00427	0.74089
51	0.02029	0.01265	0.01528	0.01127	0.01705	0.01052	0.00915	0.08441	0.01748	0.23654	0.01706	0.01716	0.01234	0.00639	0.00578	0.00144	0.00552	0.00511	0.00565	0.48893
52	0.00827	0.00623	0.00766	0.00881	0.00973	0.00562	0.00603	0.00961	0.01379	0.01775	0.04649	0.56362	0.23107	0.02029	0.00855	0.00265	0.00383	0.01806	0.00635	0.00562
53	0.01341	0.01307	0.02313	0.62673	0.04471	0.01566	0.10678	0.01803	0.01390	0.01803	0.01228	0.01816	0.00928	0.00686	0.00750	0.00231	0.03294	0.00634	0.00309	0.00781
54	0.01387	0.01313	0.02223	0.57758	0.20526	0.01545	0.01947	0.01831	0.01413	0.01863	0.01233	0.01793	0.00953	0.00666	0.00682	0.00222	0.00889	0.00608	0.00312	0.00836
55	0.02674	0.01799	0.01981	0.01519	0.02063	0.01948	0.01255	0.59136	0.03021	0.14860	0.01807	0.01749	0.01246	0.00825	0.00685	0.00206	0.00726	0.00627	0.00710	0.01164
56	0.01307	0.03077	0.60796	0.01773	0.02646	0.01436	0.02222	0.02024	0.01524	0.02260	0.12617	0.02040	0.01775	0.00772	0.00675	0.00216	0.00899	0.00624	0.00364	0.00952
57	0.00830	0.00688	0.00731	0.00759	0.00963	0.00589	0.00570	0.01006	0.01532	0.01849	0.06362	0.14452	0.59529	0.01789	0.00825	0.00242	0.00370	0.05701	0.00635	0.00578
58	0.01372	0.03539	0.72412	0.01950	0.02961	0.01589	0.02528	0.02167	0.01444	0.02167	0.01228	0.01444	0.00867	0.00650	0.00650	0.00217	0.01011	0.00506	0.00289	0.01011
59	0.01037	0.00821	0.01214	0.01180	0.01288	0.00998	0.00929	0.01271	0.01094	0.01595	0.01725	0.02550	0.01617	0.04677	0.65056	0.01007	0.10238	0.00718	0.00359	0.00627
60	0.01078	0.00895	0.01153	0.01142	0.01279	0.05486	0.00885	0.01318	0.01153	0.01594	0.01783	0.02595	0.01657	0.04848	0.68597	0.01040	0.01794	0.00714	0.00366	0.00623
61	0.02995	0.01284	0.01662	0.01274	0.01806	0.01183	0.01052	0.13826	0.02158	0.61388	0.02531	0.02220	0.01609	0.00843	0.00687	0.00211	0.00609	0.00677	0.00821	0.01164
62	0.01070	0.00765	0.01063	0.01204	0.01352	0.00758	0.01029	0.01370	0.01581	0.02076	0.08821	0.13090	0.04178	0.01873	0.00928	0.00304	0.00587	0.56686	0.00640	0.00625
63	0.00832	0.00603	0.00786	0.00933	0.00987	0.00557	0.00626	0.00955	0.01329	0.01754	0.04013	0.70230	0.09649	0.02112	0.00868	0.00274	0.00393	0.01907	0.00635	0.00557
64	0.02873	0.01480	0.01783	0.01367	0.01904	0.01474	0.01129	0.31087	0.02487	0.43663	0.02255	0.02040	0.01471	0.00836	0.00686	0.00209	0.00654	0.00658	0.00779	0.01164
65	0.01663	0.01594	0.02721	0.09570	0.66558	0.01617	0.02084	0.02073	0.01543	0.02198	0.01281	0.01703	0.01071	0.00615	0.00678	0.00205	0.00820	0.00609	0.00336	0.01059
66	0.01214	0.00678	0.00698	0.00688	0.00864	0.00669	0.00518	0.01573	0.03888	0.02500	0.08445	0.03203	0.09783	0.00954	0.00549	0.00174	0.00330	0.00780	0.61846	0.00647
67	0.71765	0.01547	0.01113	0.00999	0.01414	0.09802	0.00808	0.02094	0.01254	0.02909	0.00965	0.01125	0.00757	0.00643	0.00446	0.00208	0.00610	0.00379	0.00415	0.00747
68	0.00956	0.00699	0.00897	0.00847	0.01014	0.00640	0.00636	0.01267	0.01907	0.02673	0.66250	0.05227	0.11577	0.01425	0.00807	0.00216	0.00325	0.01254	0.00744	0.00640
69	0.01497	0.01497	0.02095	0.01796	0.01796	0.02095	0.01497	0.01646	0.01048	0.01646	0.00898	0.01497	0.00898	0.01197	0.02245	0.00299	0.74704	0.00599	0.00299	0.00748
70	0.07573	0.13543	0.02084	0.01500	0.01695	0.01904	0.01284	0.01720	0.01204	0.01844	0.01251	0.02113	0.01243	0.01078	0.01519	0.00253	0.42361	0.08196	0.00355	0.07281
71	0.00982	0.00715	0.01008	0.01008	0.01098	0.00805	0.00741	0.01163	0.01072	0.01520	0.01916	0.03152	0.01912	0.23521	0.55132	0.00986	0.01529	0.00801	0.00379	0.00560
72	0.01874	0.01440	0.02140	0.01876	0.07743	0.01579	0.11063	0.06178	0.10234	0.15655	0.01828	0.06596	0.01490	0.00957	0.01136	0.00238	0.21110	0.00745	0.00514	0.05606
73	0.80789	0.01323	0.01006	0.00900	0.01323	0.01535	0.00741	0.02011	0.01164	0.03070	0.00953	0.01111	0.00741	0.00635	0.00423	0.00212	0.00529	0.00370	0.00423	0.00741
74	0.13320	0.55751	0.02992	0.01211	0.01742	0.11977	0.01129	0.02135	0.01431	0.01829	0.00966	0.01118	0.00859	0.00609	0.00461	0.00160	0.00770	0.00377	0.00320	0.00847
75	0.02501	0.03146	0.01914	0.01739	0.02094	0.68634	0.01307	0.02790	0.06324	0.01750	0.01168	0.01318	0.00959	0.00719	0.00622	0.00180	0.01189	0.00462	0.00374	0.00812
76	0.02341	0.02933	0.01851	0.06324	0.02190	0.63058	0.01297	0.02535	0.01873	0.01692	0.01518	0.01681	0.06286	0.00782	0.00636	0.00184	0.01145	0.00528	0.00371	0.00774
77	0.01604	0.40471	0.37509	0.01555	0.02350	0.02156	0.01840	0.02107	0.01417	0.01884	0.01087	0.01268	0.00872	0.00617	0.00543	0.00181	0.00869	0.00435	0.00291	0.00944
78	0.00856	0.00611	0.00819	0.00978	0.01027	0.00575	0.00673	0.00991	0.01332	0.01771	0.03759	0.69938	0.04477	0.02123	0.00879	0.00281	0.00416	0.07299	0.00635	0.00562
79	0.80789	0.01323	0.01006	0.00900	0.01323	0.01535	0.00741	0.02011	0.01164	0.03070	0.00953	0.01111	0.00741	0.00635	0.00423	0.00212	0.00529	0.00370	0.00423	0.00741
80	0.01854	0.01489	0.01591	0.01397	0.01805	0.01696	0.01096	0.09024	0.61003	0.06951	0.02686	0.02465	0.01990	0.00915	0.00695	0.00229	0.00561	0.00756	0.00704	0.01094
81	0.02759	0.01219	0.01577	0.01228	0.01717	0.01125	0.01007	0.12633	0.02137	0.54365	0.10463	0.02550	0.02166	0.00907	0.00701	0.00211	0.00577	0.00741	0.00813	0.01104
82	0.01275	0.00638	0.00638	0.00638	0.00797	0.00638	0.00478	0.01594	0.01435	0.02551	0.02232	0.02551	0.01754	0.00797	0.00478	0.00159	0.00319	0.00638	0.79755	0.00638
83	0.80789	0.01323	0.01006	0.00900	0.01323	0.01535	0.00741	0.02011	0.01164	0.03070	0.00953	0.01111	0.00741	0.00635	0.00423	0.00212	0.00529	0.00370	0.00423	0.00741
84	0.01693	0.01626	0.02777	0.04199	0.71689	0.01626	0.02100	0.02100	0.01558	0.02235	0.01287	0.01693	0.01084	0.00610	0.00677	0.00203	0.00813	0.00610	0.00339	0.01084
85	0.00965	0.00738	0.01017	0.01093	0.01164	0.00789	0.00816	0.01144	0.01330	0.01818	0.07513	0.44255	0.03810	0.02386	0.11181	0.00396	0.08100	0.10315	0.00570	0.00599
86	0.00993	0.00671	0.00788	0.00788	0.00802	0.00686	0.00466	0.01022	0.01007	0.01357	0.02118	0.04267	0.02396	0.67631	0.11683	0.00715	0.00801	0.00964	0.00409	0.00438
87	0.01292	0.01216	0.02052	0.74312	0.04712	0.01520	0.01900	0.01748	0.01368	0.01748	0.01216	0.01824	0.00912	0.00684	0.00684	0.00228	0.00912	0.00608	0.00304	0.00760
88	0.00933	0.00698	0.00866	0.00824	0.01001	0.00631	0.00618	0.01223	0.01854	0.02547	0.57177	0.05434	0.20729	0.01472	0.00807	0.00219	0.00328	0.01283	0.00727	0.00631
89	0.31916	0.01694	0.01660	0.01321	0.01822	0.01902	0.01091	0.44139	0.02447	0.03846	0.01384	0.01443	0.01005	0.00751	0.00587	0.00208	0.00669	0.00524	0.00587	0.01005
90	0.01356	0.00748	0.00759	0.00730	0.00921	0.00773	0.00555	0.04225	0.06787	0.02639	0.02253	0.02518	0.01758	0.00808	0.00502	0.00167	0.00352	0.00647	0.70813	0.00691
91	0.00992	0.00708	0.00976	0.01134	0.01243	0.00692	0.00910	0.01226	0.01466	0.01924	0.03683	0.35592	0.04179	0.01994	0.00915	0.00300	0.00534	0.40300	0.00632	0.00599
92	0.02528	0.01194	0.01511	0.01207	0.01665	0.01128	0.00980	0.09339	0.09567	0.46781	0.11706	0.02786	0.04529	0.00954	0.00708	0.00214	0.00553	0.00786	0.00796	0.01069
93	0.00899	0.00697	0.00819	0.00788	0.00980	0.00616	0.00591	0.01158	0.01774	0.02358	0.43571	0.05746	0.34453	0.01543	0.00808	0.00222	0.00333	0.01326	0.00702	0.00616
94	0.01416	0.01188	0.01295	0.01228	0.01514	0.01324	0.00927	0.02755	0.47459	0.02531	0.05642	0.20459	0.06798	0.01284	0.00749	0.00242	0.00488	0.01110	0.00680	0.00912
95	0.01876	0.71689	0.03480	0.01208	0.01779	0.07219	0.01180	0.02092	0.01425	0.01614	0.00958	0.01106	0.00878	0.00593	0.00450	0.00148	0.00764	0.00371	0.00296	0.00873
96	0.01872	0.01137	0.01399	0.01082	0.01575	0.00962	0.00866	0.02301	0.07342	0.23698	0.13188	0.02389	0.02193	0.00790	0.00626	0.00164	0.00503	0.00657	0.00620	0.36635
97	0.80789	0.01323	0.01006	0.00900	0.01323	0.01535	0.00741	0.02011	0.01164	0.03070	0.00953	0.01111	0.00741	0.00635	0.00423	0.00212	0.00529	0.00370	0.00423	0.00741
98	0.01829	0.76368	0.03585	0.01171	0.01756	0.02707	0.01171	0.02049	0.01390	0.01610	0.00951	0.01097	0.00878	0.00585	0.00439	0.00146	0.00732	0.00366	0.00293	0.00878
99	0.02601	0.01916	0.02053	0.01574	0.02122	0.02122	0.01300	0.69408	0.03217	0.04312	0.01643	0.01643	0.01163	0.00821	0.00684	0.00205	0.00753	0.00616	0.00684	0.01163
100	0.01829	0.76368	0.03585	0.01171	0.01756	0.02707	0.01171	0.02049	0.01390	0.01610	0.00951	0.01097	0.00878	0.00585	0.00439	0.00146	0.00732	0.00366	0.00293	0.00878
101	0.00809	0.00693	0.00693	0.00693	0.00924	0.00578	0.00520	0.00982	0.01559	0.01848	0.06931	0.06584	0.71411	0.01733	0.00809	0.00231	0.00347	0.01444	0.00635	0.00578
102	0.00845	0.00683	0.00751	0.00758	0.00952	0.00589	0.00559	0.01043	0.01609	0.02023	0.19954	0.14228	0.50192	0.01711	0.00816	0.00233	0.00347	0.01459	0.00660	0.00589
103	0.01439	0.01366	0.02317	0.48655	0.29221	0.01559	0.01973	0.01877	0.01437	0.01926	0.01242	0.01776	0.00975	0.00657	0.00682	0.00219	0.00876	0.00609	0.00317	0.00878
104	0.05229	0.04822	0.04767	0.01519	0.02055	0.02034	0.01288	0.50956	0.13924	0.03840	0.01759	0.01742	0.01275	0.00816	0.00666	0.00208	0.00720	0.00618	0.00646	0.01118
105	0.01389	0.01208	0.01226	0.05784	0.01503	0.12597	0.00881	0.04241	0.01621	0.04822	0.22584	0.08890	0.03239	0.12326	0.14233	0.00436	0.00862	0.00951	0.00534	0.00672

[dist]
# distance from previous block
# <min> <max>
0	1

# created by:
# /home/berkeley/.conda/envs/busco_data_prod/bin/msa2prfl.pl pipeline/OGs_align_augustus/5794/68747.fs
