[name]
unknown

[dist]
# distance from previous block
# <min> <max>
0	21

[block]
# block no. 0 follows, 36 sequences, length 141
# corresponding to MSA columns:
# 21-161
name=unknown_A
#
# <colnr> <probs for GDERKNQSTAVLIFYWHMCP>
#	G	D	E	R	K	N	Q	S	T	A	V	L	I	F	Y	W	H	M	C	P
0	0.02402	0.01358	0.01607	0.01271	0.01726	0.01390	0.01056	0.36508	0.02305	0.32667	0.02077	0.02325	0.01519	0.00858	0.00649	0.00200	0.00610	0.07784	0.00679	0.01010
1	0.01300	0.01173	0.01869	0.68819	0.04047	0.01441	0.01674	0.08900	0.01420	0.01834	0.01148	0.01644	0.00854	0.00636	0.00623	0.00206	0.00816	0.00554	0.00313	0.00730
2	0.01177	0.01107	0.01869	0.76606	0.04291	0.01384	0.01730	0.01592	0.01246	0.01592	0.01107	0.01661	0.00831	0.00623	0.00623	0.00208	0.00831	0.00554	0.00277	0.00692
3	0.00890	0.00668	0.01001	0.01001	0.01113	0.00779	0.00779	0.01113	0.01001	0.01446	0.01669	0.02448	0.01558	0.04673	0.75634	0.01001	0.01669	0.00668	0.00334	0.00556
4	0.01666	0.78478	0.03265	0.01066	0.01599	0.02465	0.01066	0.01866	0.01266	0.01466	0.00866	0.00999	0.00800	0.00533	0.00400	0.00133	0.00666	0.00333	0.00267	0.00800
5	0.02258	0.01691	0.01808	0.01411	0.01890	0.01881	0.01158	0.62886	0.12361	0.03749	0.01636	0.01607	0.01173	0.00761	0.00625	0.00190	0.00660	0.00580	0.00625	0.01050
6	0.01220	0.01152	0.01947	0.67962	0.12596	0.01396	0.01752	0.01630	0.01266	0.01645	0.01115	0.01647	0.00849	0.00615	0.00622	0.00205	0.00820	0.00554	0.00281	0.00727
7	0.01550	0.01338	0.01409	0.01268	0.01620	0.01550	0.00986	0.03311	0.73091	0.02606	0.02536	0.02325	0.01902	0.00845	0.00634	0.00211	0.00493	0.00704	0.00634	0.00986
8	0.01550	0.01338	0.01409	0.01268	0.01620	0.01550	0.00986	0.03311	0.73091	0.02606	0.02536	0.02325	0.01902	0.00845	0.00634	0.00211	0.00493	0.00704	0.00634	0.00986
9	0.01550	0.01338	0.01409	0.01268	0.01620	0.01550	0.00986	0.03311	0.73091	0.02606	0.02536	0.02325	0.01902	0.00845	0.00634	0.00211	0.00493	0.00704	0.00634	0.00986
10	0.00906	0.00604	0.00680	0.00680	0.00680	0.00604	0.00378	0.00906	0.00906	0.01208	0.01963	0.04077	0.02265	0.78103	0.03171	0.00604	0.00604	0.00906	0.00378	0.00378
11	0.02368	0.01745	0.01870	0.01434	0.01932	0.01932	0.01184	0.72139	0.02929	0.03927	0.01496	0.01496	0.01060	0.00748	0.00623	0.00187	0.00686	0.00561	0.00623	0.01060
12	0.01323	0.01208	0.01709	0.01221	0.01788	0.00961	0.13202	0.01644	0.01323	0.02024	0.01134	0.01360	0.00927	0.00473	0.00509	0.00113	0.00565	0.00433	0.00360	0.67724
13	0.01261	0.05340	0.72860	0.01756	0.02666	0.01476	0.02267	0.01970	0.01314	0.01959	0.01111	0.01307	0.00790	0.00590	0.00587	0.00196	0.00914	0.00457	0.00263	0.00917
14	0.82504	0.01205	0.00916	0.00819	0.01205	0.01398	0.00675	0.01832	0.01060	0.02795	0.00868	0.01012	0.00675	0.00578	0.00386	0.00193	0.00482	0.00337	0.00386	0.00675
15	0.01177	0.01107	0.01869	0.76606	0.04291	0.01384	0.01730	0.01592	0.01246	0.01592	0.01107	0.01661	0.00831	0.00623	0.00623	0.00208	0.00831	0.00554	0.00277	0.00692
16	0.00771	0.00551	0.00736	0.00881	0.00922	0.00516	0.00599	0.00888	0.01204	0.01603	0.03428	0.74351	0.04096	0.01941	0.00798	0.00255	0.00372	0.05003	0.00578	0.00509
17	0.00891	0.00664	0.00983	0.00983	0.01088	0.00769	0.00756	0.01101	0.00996	0.01433	0.01685	0.02539	0.01597	0.08803	0.71558	0.00979	0.01609	0.00681	0.00336	0.00546
18	0.01471	0.01681	0.03676	0.02626	0.03256	0.01576	0.71954	0.01996	0.01471	0.01996	0.01261	0.01681	0.00945	0.00525	0.00735	0.00210	0.01050	0.00735	0.00315	0.00840
19	0.00882	0.00637	0.00833	0.00784	0.00931	0.00588	0.00588	0.01176	0.01764	0.02499	0.73888	0.04654	0.05879	0.01274	0.00735	0.00196	0.00294	0.01127	0.00686	0.00588
20	0.01250	0.03223	0.74875	0.01776	0.02697	0.01447	0.02302	0.01973	0.01315	0.01973	0.01118	0.01315	0.00789	0.00592	0.00592	0.00197	0.00921	0.00460	0.00263	0.00921
21	0.00890	0.00668	0.01001	0.01001	0.01113	0.00779	0.00779	0.01113	0.01001	0.01446	0.01669	0.02448	0.01558	0.04673	0.75634	0.01001	0.01669	0.00668	0.00334	0.00556
22	0.02795	0.01060	0.01446	0.01109	0.01591	0.00916	0.00916	0.03036	0.01783	0.74648	0.02458	0.02121	0.01542	0.00771	0.00627	0.00193	0.00530	0.00627	0.00771	0.01060
23	0.00781	0.00558	0.00748	0.00892	0.00938	0.00525	0.00616	0.00905	0.01214	0.01615	0.03422	0.71412	0.04073	0.01931	0.00801	0.00256	0.00380	0.07841	0.00578	0.00512
24	0.01250	0.03223	0.74875	0.01776	0.02697	0.01447	0.02302	0.01973	0.01315	0.01973	0.01118	0.01315	0.00789	0.00592	0.00592	0.00197	0.00921	0.00460	0.00263	0.00921
25	0.02795	0.01060	0.01446	0.01109	0.01591	0.00916	0.00916	0.03036	0.01783	0.74648	0.02458	0.02121	0.01542	0.00771	0.00627	0.00193	0.00530	0.00627	0.00771	0.01060
26	0.00736	0.00631	0.00631	0.00631	0.00842	0.00526	0.00473	0.00894	0.01420	0.01683	0.06312	0.05996	0.73964	0.01578	0.00736	0.00210	0.00316	0.01315	0.00579	0.00526
27	0.02327	0.02970	0.01766	0.01605	0.01926	0.75602	0.01204	0.02488	0.01766	0.01525	0.00963	0.01124	0.00803	0.00642	0.00562	0.00161	0.01124	0.00401	0.00321	0.00722
28	0.02243	0.02820	0.01880	0.01800	0.07329	0.67879	0.03382	0.02430	0.01731	0.01577	0.00988	0.01171	0.00821	0.00632	0.00571	0.00164	0.01093	0.00423	0.00320	0.00745
29	0.02795	0.01060	0.01446	0.01109	0.01591	0.00916	0.00916	0.03036	0.01783	0.74648	0.02458	0.02121	0.01542	0.00771	0.00627	0.00193	0.00530	0.00627	0.00771	0.01060
30	0.02418	0.01803	0.01803	0.01412	0.01888	0.10552	0.01152	0.55029	0.02645	0.12686	0.01556	0.01532	0.01091	0.00738	0.00616	0.00185	0.00718	0.00550	0.00606	0.01020
31	0.01548	0.01081	0.01233	0.01049	0.01375	0.01069	0.00817	0.25231	0.01881	0.08948	0.02860	0.23867	0.13744	0.01189	0.00670	0.00198	0.00491	0.01007	0.00584	0.11157
32	0.01550	0.01338	0.01409	0.01268	0.01620	0.01550	0.00986	0.03311	0.73091	0.02606	0.02536	0.02325	0.01902	0.00845	0.00634	0.00211	0.00493	0.00704	0.00634	0.00986
33	0.00798	0.00619	0.00730	0.00755	0.00906	0.00550	0.00559	0.00992	0.01471	0.01909	0.25018	0.21109	0.35321	0.01579	0.00756	0.00220	0.00334	0.05224	0.00609	0.00542
34	0.82504	0.01205	0.00916	0.00819	0.01205	0.01398	0.00675	0.01832	0.01060	0.02795	0.00868	0.01012	0.00675	0.00578	0.00386	0.00193	0.00482	0.00337	0.00386	0.00675
35	0.00765	0.00620	0.00679	0.00690	0.00866	0.00534	0.00508	0.00941	0.01451	0.01816	0.17928	0.15425	0.52452	0.01574	0.00744	0.00214	0.00318	0.01343	0.00598	0.00534
36	0.00855	0.00674	0.00931	0.04573	0.07571	0.00643	0.00734	0.01024	0.01300	0.01722	0.09547	0.49652	0.15135	0.01649	0.00757	0.00233	0.00404	0.01479	0.00550	0.00568
37	0.08940	0.01004	0.01094	0.00948	0.01265	0.01052	0.00751	0.05696	0.20427	0.19549	0.02137	0.02120	0.01557	0.00756	0.00537	0.00180	0.00436	0.00602	0.30117	0.00832
38	0.01774	0.12823	0.02406	0.02688	0.39532	0.20050	0.03096	0.03856	0.04510	0.01898	0.01143	0.01395	0.00953	0.00590	0.00576	0.00173	0.00820	0.00496	0.00327	0.00893
39	0.01516	0.35595	0.26476	0.03434	0.02133	0.01914	0.05748	0.06882	0.03045	0.01873	0.01143	0.03700	0.00957	0.00635	0.00562	0.00174	0.02571	0.00481	0.00312	0.00849
40	0.75271	0.01149	0.00886	0.00798	0.01162	0.01325	0.00653	0.01798	0.01082	0.02753	0.00971	0.01129	0.00757	0.00591	0.00390	0.00189	0.00465	0.00359	0.07604	0.00666
41	0.00860	0.00628	0.00808	0.00780	0.00922	0.00576	0.00579	0.01127	0.01687	0.02357	0.62599	0.11249	0.10784	0.01357	0.00740	0.00202	0.00302	0.01198	0.00668	0.00576
42	0.00840	0.00635	0.00774	0.00740	0.00905	0.00570	0.00555	0.01094	0.01664	0.02262	0.54316	0.05043	0.25598	0.01362	0.00735	0.00200	0.00300	0.01181	0.00655	0.00570
43	0.00770	0.00551	0.00733	0.00860	0.00906	0.00513	0.00579	0.00895	0.01244	0.01671	0.09699	0.71201	0.04277	0.01892	0.00790	0.00248	0.00355	0.01714	0.00588	0.00513
44	0.23208	0.01003	0.01169	0.00960	0.01341	0.00968	0.00779	0.02303	0.01590	0.39627	0.18113	0.02401	0.02291	0.00834	0.00588	0.00194	0.00464	0.00663	0.00651	0.00853
45	0.02795	0.01060	0.01446	0.01109	0.01591	0.00916	0.00916	0.03036	0.01783	0.74648	0.02458	0.02121	0.01542	0.00771	0.00627	0.00193	0.00530	0.00627	0.00771	0.01060
46	0.01666	0.78478	0.03265	0.01066	0.01599	0.02465	0.01066	0.01866	0.01266	0.01466	0.00866	0.00999	0.00800	0.00533	0.00400	0.00133	0.00666	0.00333	0.00267	0.00800
47	0.01522	0.01459	0.02492	0.07918	0.70283	0.01475	0.01902	0.01894	0.01409	0.02011	0.01168	0.01549	0.00978	0.00559	0.00617	0.00186	0.00745	0.00555	0.00307	0.00970
48	0.01307	0.00884	0.01124	0.00984	0.01318	0.00752	0.00802	0.01575	0.01466	0.11322	0.13799	0.07854	0.02733	0.01071	0.00658	0.00186	0.00469	0.20215	0.00541	0.30939
49	0.01009	0.00662	0.00801	0.00759	0.00923	0.00598	0.00551	0.01202	0.01498	0.08428	0.33181	0.09093	0.23430	0.13779	0.01123	0.00269	0.00375	0.01137	0.00608	0.00574
50	0.01673	0.01223	0.01342	0.01135	0.01491	0.01312	0.00901	0.21880	0.26406	0.09219	0.11974	0.02966	0.13797	0.00985	0.00660	0.00201	0.00496	0.00810	0.00641	0.00888
51	0.02129	0.01617	0.01738	0.01359	0.01837	0.01767	0.01110	0.53818	0.15063	0.03527	0.01643	0.01623	0.01195	0.00740	0.00611	0.00183	0.00632	0.00569	0.00603	0.08237
52	0.01528	0.01479	0.02536	0.03506	0.62295	0.01471	0.07898	0.01975	0.04812	0.02059	0.01242	0.01583	0.01025	0.00563	0.00623	0.00185	0.00746	0.00572	0.00326	0.03575
53	0.00759	0.00542	0.00723	0.00868	0.00904	0.00506	0.00578	0.00868	0.01193	0.01591	0.03434	0.77697	0.04121	0.01952	0.00795	0.00253	0.00361	0.01771	0.00578	0.00506
54	0.00755	0.00557	0.00708	0.00829	0.00894	0.00509	0.00561	0.00872	0.01230	0.01605	0.03899	0.66101	0.15417	0.01892	0.00786	0.00246	0.00354	0.01697	0.00578	0.00509
55	0.05528	0.70801	0.03074	0.01083	0.01598	0.06307	0.01055	0.01897	0.01283	0.01532	0.00871	0.01007	0.00794	0.00541	0.00408	0.00138	0.00682	0.00337	0.00275	0.00790
56	0.01416	0.05013	0.02249	0.03978	0.11769	0.01375	0.19196	0.01886	0.07702	0.01980	0.01241	0.01520	0.01005	0.00597	0.00731	0.00169	0.08486	0.00539	0.00353	0.28795
57	0.56873	0.01342	0.04702	0.00983	0.01411	0.01405	0.00846	0.07536	0.07698	0.10273	0.01242	0.01296	0.00909	0.00636	0.00461	0.00194	0.00525	0.00423	0.00460	0.00784
58	0.01492	0.01557	0.01946	0.30665	0.25093	0.16757	0.01567	0.01814	0.01393	0.01708	0.01255	0.05827	0.01093	0.00872	0.04169	0.00231	0.00877	0.00596	0.00315	0.00773
59	0.01849	0.01502	0.01404	0.01193	0.01560	0.13299	0.00941	0.19909	0.17808	0.11778	0.02902	0.02763	0.18494	0.00952	0.00643	0.00194	0.00606	0.00754	0.00585	0.00863
60	0.01495	0.01531	0.01741	0.02281	0.32405	0.18689	0.01275	0.01714	0.01385	0.01711	0.01643	0.13199	0.01684	0.13356	0.01050	0.00260	0.00748	0.02719	0.00370	0.00743
61	0.01250	0.03223	0.74875	0.01776	0.02697	0.01447	0.02302	0.01973	0.01315	0.01973	0.01118	0.01315	0.00789	0.00592	0.00592	0.00197	0.00921	0.00460	0.00263	0.00921
62	0.01542	0.01480	0.02529	0.03824	0.74217	0.01480	0.01912	0.01912	0.01419	0.02036	0.01172	0.01542	0.00987	0.00555	0.00617	0.00185	0.00740	0.00555	0.00308	0.00987
63	0.00759	0.00593	0.00689	0.00747	0.00877	0.00523	0.00529	0.00908	0.01352	0.01715	0.11071	0.37036	0.37557	0.01713	0.00762	0.00228	0.00334	0.01497	0.00588	0.00523
64	0.00891	0.00662	0.00973	0.00973	0.01074	0.00763	0.00743	0.01094	0.00993	0.01425	0.01695	0.02593	0.01621	0.11203	0.69190	0.00966	0.01574	0.00689	0.00338	0.00540
65	0.01506	0.01415	0.02290	0.03326	0.60810	0.01439	0.01719	0.02050	0.10604	0.02135	0.05437	0.01817	0.01379	0.00633	0.00626	0.00189	0.00683	0.00606	0.00371	0.00964
66	0.00784	0.00612	0.00712	0.00732	0.00882	0.00539	0.00532	0.00970	0.01467	0.01899	0.25348	0.22547	0.37596	0.01578	0.00750	0.00216	0.00320	0.01368	0.00610	0.00539
67	0.01666	0.78478	0.03265	0.01066	0.01599	0.02465	0.01066	0.01866	0.01266	0.01466	0.00866	0.00999	0.00800	0.00533	0.00400	0.00133	0.00666	0.00333	0.00267	0.00800
68	0.01894	0.21895	0.06358	0.09142	0.09946	0.19568	0.01341	0.14459	0.03808	0.04313	0.01170	0.01333	0.00924	0.00628	0.00548	0.00170	0.00809	0.00463	0.00374	0.00857
69	0.01363	0.01363	0.01908	0.01636	0.01636	0.01908	0.01363	0.01499	0.00954	0.01499	0.00818	0.01363	0.00818	0.01091	0.02045	0.00273	0.76963	0.00545	0.00273	0.00682
70	0.00802	0.00643	0.00723	0.00728	0.00916	0.00563	0.00563	0.01008	0.01503	0.01897	0.21869	0.05803	0.49571	0.01523	0.00751	0.00216	0.00341	0.09431	0.00603	0.00546
71	0.01005	0.00660	0.00809	0.00826	0.00928	0.00632	0.00596	0.01137	0.01235	0.05687	0.09326	0.08349	0.12112	0.35639	0.01846	0.00403	0.00517	0.17280	0.00508	0.00506
72	0.01247	0.00620	0.00667	0.00639	0.00804	0.00606	0.00481	0.01525	0.01367	0.07474	0.08135	0.02558	0.01975	0.03100	0.00557	0.00167	0.00317	0.00640	0.66512	0.00610
73	0.17941	0.01088	0.01345	0.01054	0.01517	0.01007	0.00870	0.02807	0.01646	0.60995	0.02156	0.01910	0.01377	0.00735	0.00581	0.00193	0.00521	0.00572	0.00698	0.00987
74	0.01045	0.00674	0.00878	0.00805	0.00985	0.00614	0.00612	0.01328	0.01749	0.08876	0.64337	0.04492	0.08717	0.01243	0.00725	0.00196	0.00316	0.01091	0.00688	0.00627
75	0.02795	0.01060	0.01446	0.01109	0.01591	0.00916	0.00916	0.03036	0.01783	0.74648	0.02458	0.02121	0.01542	0.00771	0.00627	0.00193	0.00530	0.00627	0.00771	0.01060
76	0.82504	0.01205	0.00916	0.00819	0.01205	0.01398	0.00675	0.01832	0.01060	0.02795	0.00868	0.01012	0.00675	0.00578	0.00386	0.00193	0.00482	0.00337	0.00386	0.00675
77	0.00806	0.00542	0.00736	0.00859	0.00890	0.00511	0.00573	0.00859	0.01138	0.01517	0.03093	0.66692	0.03680	0.01983	0.01033	0.12102	0.00388	0.01593	0.00534	0.00472
78	0.01713	0.01621	0.01488	0.01330	0.01684	0.13544	0.01031	0.06347	0.58325	0.02492	0.02234	0.02092	0.01685	0.00808	0.00622	0.00202	0.00604	0.00649	0.00583	0.00947
79	0.02784	0.01079	0.01458	0.01118	0.01600	0.00944	0.00923	0.04964	0.01815	0.72676	0.02431	0.02103	0.01529	0.00771	0.00626	0.00193	0.00535	0.00625	0.00767	0.01060
80	0.01666	0.78478	0.03265	0.01066	0.01599	0.02465	0.01066	0.01866	0.01266	0.01466	0.00866	0.00999	0.00800	0.00533	0.00400	0.00133	0.00666	0.00333	0.00267	0.00800
81	0.02795	0.01060	0.01446	0.01109	0.01591	0.00916	0.00916	0.03036	0.01783	0.74648	0.02458	0.02121	0.01542	0.00771	0.00627	0.00193	0.00530	0.00627	0.00771	0.01060
82	0.02089	0.06335	0.08287	0.01547	0.01936	0.54997	0.01264	0.02530	0.11862	0.01716	0.01196	0.01306	0.00958	0.00661	0.00567	0.00170	0.00994	0.00446	0.00358	0.00781
83	0.00819	0.00658	0.00735	0.00727	0.00910	0.00591	0.00540	0.01089	0.04894	0.01957	0.25646	0.11806	0.44423	0.01488	0.00736	0.00210	0.00322	0.01272	0.00613	0.00564
84	0.00759	0.00542	0.00723	0.00868	0.00904	0.00506	0.00578	0.00868	0.01193	0.01591	0.03434	0.77697	0.04121	0.01952	0.00795	0.00253	0.00361	0.01771	0.00578	0.00506
85	0.00738	0.00624	0.00639	0.00651	0.00847	0.00524	0.00482	0.00892	0.01401	0.01675	0.06069	0.12040	0.68077	0.01609	0.00741	0.00214	0.00319	0.01353	0.00579	0.00524
86	0.02283	0.02658	0.08247	0.01551	0.01962	0.52915	0.01270	0.10667	0.01864	0.09141	0.01189	0.01284	0.00905	0.00663	0.00578	0.00170	0.00995	0.00448	0.00396	0.00813
87	0.01343	0.05719	0.02803	0.02042	0.02502	0.01406	0.44546	0.01804	0.03736	0.01955	0.06021	0.06196	0.01789	0.00847	0.00794	0.00221	0.04360	0.10757	0.00393	0.00766
88	0.02188	0.01013	0.01229	0.00987	0.01361	0.00970	0.00801	0.13690	0.01812	0.39365	0.02162	0.02086	0.01482	0.00752	0.00563	0.00176	0.00476	0.00601	0.27384	0.00902
89	0.01263	0.01196	0.02025	0.59407	0.20815	0.01407	0.01773	0.01668	0.01287	0.01697	0.01123	0.01633	0.00868	0.00607	0.00621	0.00202	0.00809	0.00554	0.00284	0.00762
90	0.00785	0.00578	0.00735	0.00813	0.00901	0.00528	0.00565	0.00945	0.01362	0.01820	0.20595	0.49725	0.14885	0.01735	0.00772	0.00233	0.00339	0.01551	0.00604	0.00528
91	0.01266	0.08894	0.03452	0.01117	0.01373	0.10271	0.00911	0.01779	0.14667	0.01755	0.05304	0.02439	0.06773	0.02559	0.34016	0.00548	0.01102	0.00670	0.00413	0.00691
92	0.11639	0.01167	0.01426	0.01121	0.01583	0.01121	0.00921	0.09816	0.07411	0.53842	0.02189	0.01949	0.01425	0.00753	0.00600	0.00194	0.00537	0.00594	0.00702	0.01011
93	0.01471	0.01681	0.03676	0.02626	0.03256	0.01576	0.71954	0.01996	0.01471	0.01996	0.01261	0.01681	0.00945	0.00525	0.00735	0.00210	0.01050	0.00735	0.00315	0.00840
94	0.01190	0.01134	0.01952	0.73199	0.04244	0.01393	0.04964	0.01611	0.01256	0.01611	0.01114	0.01662	0.00836	0.00618	0.00628	0.00208	0.00841	0.00562	0.00279	0.00699
95	0.01053	0.00896	0.01270	0.01177	0.01237	0.01141	0.00928	0.01219	0.00974	0.01435	0.01416	0.02279	0.01393	0.12473	0.41723	0.00705	0.27130	0.00655	0.00318	0.00577
96	0.01143	0.00987	0.01562	0.23307	0.02308	0.01060	0.10109	0.07645	0.03431	0.01922	0.05614	0.33394	0.02501	0.01211	0.00715	0.00225	0.00616	0.01115	0.00467	0.00670
97	0.00891	0.00662	0.00973	0.00973	0.01074	0.00763	0.00743	0.01094	0.00993	0.01425	0.01695	0.02593	0.01621	0.11203	0.69190	0.00966	0.01574	0.00689	0.00338	0.00540
98	0.01913	0.01520	0.01812	0.13663	0.02264	0.11171	0.08383	0.10713	0.18129	0.17159	0.01776	0.01886	0.01301	0.03049	0.00736	0.00210	0.02301	0.00613	0.00514	0.00888
99	0.00895	0.00650	0.00912	0.00912	0.00992	0.00730	0.00667	0.01055	0.00975	0.01380	0.01751	0.02903	0.01755	0.25171	0.55406	0.00890	0.01372	0.00734	0.00346	0.00506
100	0.48749	0.14703	0.01526	0.01058	0.01452	0.20178	0.00874	0.02002	0.01272	0.02252	0.00891	0.01038	0.00728	0.00587	0.00432	0.00175	0.00674	0.00353	0.00349	0.00708
101	0.01324	0.15346	0.61092	0.01687	0.02536	0.01616	0.04256	0.01956	0.01312	0.01892	0.01082	0.01276	0.00796	0.00580	0.00565	0.00187	0.00884	0.00448	0.00265	0.00899
102	0.01273	0.01214	0.08556	0.03122	0.01569	0.00858	0.00900	0.01592	0.01391	0.05906	0.13058	0.05411	0.01888	0.00695	0.00547	0.00135	0.00490	0.00584	0.00438	0.50373
103	0.01413	0.01793	0.11431	0.02428	0.03063	0.01506	0.60197	0.01947	0.01470	0.02022	0.05330	0.01807	0.01206	0.00575	0.00719	0.00208	0.00993	0.00727	0.00330	0.00835
104	0.01514	0.05598	0.01485	0.01043	0.01542	0.05573	0.00845	0.12209	0.01551	0.02233	0.01195	0.01378	0.00977	0.00726	0.04047	0.00157	0.00599	0.00418	0.02550	0.54360
105	0.00811	0.00615	0.00747	0.00755	0.00898	0.00551	0.00551	0.01023	0.01536	0.02053	0.38006	0.20676	0.26487	0.01512	0.00748	0.00213	0.00315	0.01322	0.00630	0.00551
106	0.01457	0.02669	0.53197	0.01844	0.08832	0.01431	0.01993	0.09587	0.01519	0.06041	0.01342	0.04915	0.01030	0.00678	0.00609	0.00197	0.00833	0.00549	0.00348	0.00930
107	0.01543	0.01893	0.09850	0.02298	0.02901	0.08118	0.51948	0.05932	0.01562	0.02046	0.01467	0.01786	0.04287	0.00603	0.00700	0.00203	0.00991	0.00697	0.00340	0.00835
108	0.00937	0.00780	0.01067	0.01093	0.01122	0.00910	0.00813	0.01059	0.01132	0.01572	0.02688	0.54074	0.03169	0.01701	0.01151	0.00260	0.22095	0.03327	0.00492	0.00558
109	0.00865	0.00636	0.00809	0.00766	0.00920	0.00581	0.00574	0.01143	0.01723	0.02403	0.65945	0.04812	0.13881	0.01310	0.00735	0.00198	0.00296	0.01149	0.00673	0.00581
110	0.01046	0.00835	0.01058	0.00960	0.01175	0.00828	0.03945	0.04826	0.12813	0.02326	0.37143	0.12453	0.15588	0.01273	0.00721	0.00207	0.00389	0.01119	0.00628	0.00665
111	0.01446	0.01741	0.07775	0.02474	0.03057	0.01602	0.60546	0.01944	0.01408	0.01944	0.01207	0.01626	0.00923	0.00587	0.00861	0.00216	0.08808	0.00699	0.00308	0.00829
112	0.00753	0.00619	0.00665	0.00697	0.00873	0.00531	0.00517	0.00908	0.01380	0.01675	0.05658	0.18882	0.58217	0.01652	0.00753	0.00222	0.00336	0.04561	0.00578	0.00525
113	0.01161	0.00581	0.00581	0.00581	0.00726	0.00581	0.00436	0.01452	0.01307	0.02323	0.02033	0.02323	0.01597	0.00726	0.00436	0.00145	0.00290	0.00581	0.81562	0.00581
114	0.01687	0.76052	0.03217	0.01083	0.01610	0.04815	0.01071	0.01886	0.01282	0.01468	0.00869	0.01003	0.00800	0.00537	0.00405	0.00134	0.00681	0.00335	0.00268	0.00797
115	0.00880	0.00731	0.00933	0.10514	0.01384	0.00747	0.00744	0.01139	0.04631	0.01744	0.10008	0.28259	0.29340	0.01495	0.00798	0.00226	0.04031	0.01285	0.00537	0.00575
116	0.01542	0.01480	0.02529	0.03824	0.74217	0.01480	0.01912	0.01912	0.01419	0.02036	0.01172	0.01542	0.00987	0.00555	0.00617	0.00185	0.00740	0.00555	0.00308	0.00987
117	0.01471	0.01681	0.03676	0.02626	0.03256	0.01576	0.71954	0.01996	0.01471	0.01996	0.01261	0.01681	0.00945	0.00525	0.00735	0.00210	0.01050	0.00735	0.00315	0.00840
118	0.02368	0.01745	0.01870	0.01434	0.01932	0.01932	0.01184	0.72139	0.02929	0.03927	0.01496	0.01496	0.01060	0.00748	0.00623	0.00187	0.00686	0.00561	0.00623	0.01060
119	0.00890	0.00668	0.01001	0.01001	0.01113	0.00779	0.00779	0.01113	0.01001	0.01446	0.01669	0.02448	0.01558	0.04673	0.75634	0.01001	0.01669	0.00668	0.00334	0.00556
120	0.01550	0.01338	0.01409	0.01268	0.01620	0.01550	0.00986	0.03311	0.73091	0.02606	0.02536	0.02325	0.01902	0.00845	0.00634	0.00211	0.00493	0.00704	0.00634	0.00986
121	0.01471	0.01681	0.03676	0.02626	0.03256	0.01576	0.71954	0.01996	0.01471	0.01996	0.01261	0.01681	0.00945	0.00525	0.00735	0.00210	0.01050	0.00735	0.00315	0.00840
122	0.00902	0.00621	0.00766	0.00766	0.00796	0.00651	0.00486	0.00962	0.00932	0.01272	0.01884	0.03639	0.02075	0.58337	0.22677	0.00711	0.00891	0.00842	0.00366	0.00426
123	0.82504	0.01205	0.00916	0.00819	0.01205	0.01398	0.00675	0.01832	0.01060	0.02795	0.00868	0.01012	0.00675	0.00578	0.00386	0.00193	0.00482	0.00337	0.00386	0.00675
124	0.82504	0.01205	0.00916	0.00819	0.01205	0.01398	0.00675	0.01832	0.01060	0.02795	0.00868	0.01012	0.00675	0.00578	0.00386	0.00193	0.00482	0.00337	0.00386	0.00675
125	0.00759	0.00542	0.00723	0.00868	0.00904	0.00506	0.00578	0.00868	0.01193	0.01591	0.03434	0.77697	0.04121	0.01952	0.00795	0.00253	0.00361	0.01771	0.00578	0.00506
126	0.01177	0.01107	0.01869	0.76606	0.04291	0.01384	0.01730	0.01592	0.01246	0.01592	0.01107	0.01661	0.00831	0.00623	0.00623	0.00208	0.00831	0.00554	0.00277	0.00692
127	0.01292	0.01107	0.01292	0.00923	0.01477	0.00831	0.00738	0.01569	0.01292	0.02030	0.01107	0.01292	0.00923	0.00461	0.00461	0.00092	0.00461	0.00369	0.00369	0.81912
128	0.00903	0.00614	0.00732	0.00732	0.00750	0.00632	0.00442	0.00939	0.00921	0.01247	0.01916	0.03814	0.02151	0.66227	0.14891	0.00668	0.00776	0.00867	0.00370	0.00406
129	0.82504	0.01205	0.00916	0.00819	0.01205	0.01398	0.00675	0.01832	0.01060	0.02795	0.00868	0.01012	0.00675	0.00578	0.00386	0.00193	0.00482	0.00337	0.00386	0.00675
130	0.00882	0.00637	0.00833	0.00784	0.00931	0.00588	0.00588	0.01176	0.01764	0.02499	0.73888	0.04654	0.05879	0.01274	0.00735	0.00196	0.00294	0.01127	0.00686	0.00588
131	0.02368	0.01745	0.01870	0.01434	0.01932	0.01932	0.01184	0.72139	0.02929	0.03927	0.01496	0.01496	0.01060	0.00748	0.00623	0.00187	0.00686	0.00561	0.00623	0.01060
132	0.00906	0.00604	0.00680	0.00680	0.00680	0.00604	0.00378	0.00906	0.00906	0.01208	0.01963	0.04077	0.02265	0.78103	0.03171	0.00604	0.00604	0.00906	0.00378	0.00378
133	0.00759	0.00542	0.00723	0.00868	0.00904	0.00506	0.00578	0.00868	0.01193	0.01591	0.03434	0.77697	0.04121	0.01952	0.00795	0.00253	0.00361	0.01771	0.00578	0.00506
134	0.00878	0.00610	0.00679	0.00677	0.00717	0.00591	0.00403	0.00917	0.01029	0.01344	0.05979	0.04414	0.14027	0.62189	0.02665	0.00522	0.00543	0.00982	0.00424	0.00411
135	0.06678	0.01067	0.01420	0.01094	0.01572	0.00939	0.00904	0.02978	0.01748	0.71148	0.02381	0.02067	0.01500	0.00762	0.00615	0.00193	0.00528	0.00612	0.00752	0.01042
136	0.82504	0.01205	0.00916	0.00819	0.01205	0.01398	0.00675	0.01832	0.01060	0.02795	0.00868	0.01012	0.00675	0.00578	0.00386	0.00193	0.00482	0.00337	0.00386	0.00675
137	0.01032	0.00664	0.00984	0.00959	0.01003	0.00756	0.00707	0.00991	0.00899	0.01262	0.01289	0.02064	0.01245	0.03052	0.31088	0.42921	0.07779	0.00591	0.00296	0.00419
138	0.01659	0.74139	0.03161	0.01077	0.01600	0.02414	0.01062	0.01947	0.05306	0.01530	0.00960	0.01074	0.00862	0.00551	0.00413	0.00138	0.00657	0.00354	0.00287	0.00810
139	0.01541	0.01451	0.05528	0.10478	0.30108	0.01459	0.01507	0.13948	0.05456	0.02334	0.07011	0.01909	0.01444	0.00728	0.00729	0.00194	0.06268	0.02044	0.00410	0.05454
140	0.01607	0.01740	0.05243	0.05460	0.13590	0.15628	0.01406	0.05892	0.07742	0.01849	0.01169	0.01512	0.00993	0.01034	0.05317	0.00261	0.27886	0.00538	0.00343	0.00792

[dist]
# distance from previous block
# <min> <max>
0	17

[block]
# block no. 1 follows, 36 sequences, length 65
# corresponding to MSA columns:
# 179-243
name=unknown_B
#
# <colnr> <probs for GDERKNQSTAVLIFYWHMCP>
#	G	D	E	R	K	N	Q	S	T	A	V	L	I	F	Y	W	H	M	C	P
0	0.01221	0.01196	0.11366	0.01155	0.01402	0.01047	0.01020	0.08602	0.01335	0.04635	0.01937	0.16455	0.01910	0.07179	0.18591	0.00430	0.09816	0.03021	0.07009	0.00673
1	0.77009	0.01198	0.00941	0.00826	0.01223	0.01359	0.00679	0.01814	0.01076	0.02744	0.00884	0.01031	0.00692	0.00570	0.00391	0.00186	0.00481	0.00340	0.00384	0.06172
2	0.00902	0.00621	0.00765	0.00765	0.00794	0.00650	0.00483	0.00961	0.00931	0.01271	0.01885	0.03647	0.02078	0.58715	0.22304	0.00709	0.00885	0.00843	0.00366	0.00425
3	0.01471	0.01681	0.03676	0.02626	0.03256	0.01576	0.71954	0.01996	0.01471	0.01996	0.01261	0.01681	0.00945	0.00525	0.00735	0.00210	0.01050	0.00735	0.00315	0.00840
4	0.00759	0.00542	0.00723	0.00868	0.00904	0.00506	0.00578	0.00868	0.01193	0.01591	0.03434	0.77697	0.04121	0.01952	0.00795	0.00253	0.00361	0.01771	0.00578	0.00506
5	0.00881	0.00660	0.00950	0.00950	0.01059	0.00748	0.00726	0.01081	0.01022	0.01443	0.02007	0.02820	0.06515	0.10420	0.64687	0.00916	0.01491	0.00731	0.00354	0.00540
6	0.01372	0.01408	0.02044	0.01707	0.01800	0.04550	0.10138	0.01556	0.01066	0.01569	0.01056	0.06559	0.01057	0.01061	0.01740	0.00259	0.59420	0.00647	0.00300	0.00691
7	0.01652	0.01389	0.01467	0.01289	0.01659	0.01598	0.01011	0.11924	0.64311	0.02772	0.02406	0.02221	0.01797	0.00833	0.00633	0.00208	0.00517	0.00686	0.00633	0.00995
8	0.01666	0.78478	0.03265	0.01066	0.01599	0.02465	0.01066	0.01866	0.01266	0.01466	0.00866	0.00999	0.00800	0.00533	0.00400	0.00133	0.00666	0.00333	0.00267	0.00800
9	0.01292	0.01107	0.01292	0.00923	0.01477	0.00831	0.00738	0.01569	0.01292	0.02030	0.01107	0.01292	0.00923	0.00461	0.00461	0.00092	0.00461	0.00369	0.00369	0.81912
10	0.02441	0.01629	0.01798	0.01378	0.01874	0.01759	0.01139	0.60381	0.02734	0.15960	0.01660	0.01602	0.01142	0.00752	0.00624	0.00188	0.00659	0.00572	0.00648	0.01060
11	0.82504	0.01205	0.00916	0.00819	0.01205	0.01398	0.00675	0.01832	0.01060	0.02795	0.00868	0.01012	0.00675	0.00578	0.00386	0.00193	0.00482	0.00337	0.00386	0.00675
12	0.02327	0.02970	0.01766	0.01605	0.01926	0.75602	0.01204	0.02488	0.01766	0.01525	0.00963	0.01124	0.00803	0.00642	0.00562	0.00161	0.01124	0.00401	0.00321	0.00722
13	0.00896	0.00643	0.00878	0.00878	0.00946	0.00712	0.00625	0.01033	0.00965	0.01355	0.01782	0.03073	0.01829	0.32854	0.47825	0.00849	0.01260	0.00759	0.00351	0.00488
14	0.02344	0.01608	0.01763	0.01371	0.01853	0.01751	0.01126	0.55443	0.09960	0.13659	0.01737	0.01668	0.01213	0.00761	0.00625	0.00190	0.00644	0.00585	0.00645	0.01052
15	0.82504	0.01205	0.00916	0.00819	0.01205	0.01398	0.00675	0.01832	0.01060	0.02795	0.00868	0.01012	0.00675	0.00578	0.00386	0.00193	0.00482	0.00337	0.00386	0.00675
16	0.01082	0.00541	0.00812	0.00812	0.00812	0.00541	0.00541	0.00812	0.00812	0.01082	0.01082	0.01894	0.01082	0.02165	0.02435	0.81872	0.00541	0.00541	0.00271	0.00271
17	0.01501	0.01456	0.02164	0.03126	0.55925	0.07348	0.01614	0.01800	0.01376	0.01874	0.01329	0.02027	0.01228	0.11368	0.00975	0.00244	0.00747	0.02700	0.00327	0.00868
18	0.02795	0.01060	0.01446	0.01109	0.01591	0.00916	0.00916	0.03036	0.01783	0.74648	0.02458	0.02121	0.01542	0.00771	0.00627	0.00193	0.00530	0.00627	0.00771	0.01060
19	0.01505	0.01288	0.01376	0.01258	0.01593	0.01482	0.00988	0.03147	0.67278	0.02546	0.02598	0.02706	0.02039	0.00916	0.00652	0.00217	0.00500	0.06328	0.00629	0.00953
20	0.02795	0.01060	0.01446	0.01109	0.01591	0.00916	0.00916	0.03036	0.01783	0.74648	0.02458	0.02121	0.01542	0.00771	0.00627	0.00193	0.00530	0.00627	0.00771	0.01060
21	0.00773	0.00633	0.00682	0.00670	0.00864	0.00542	0.00502	0.00965	0.01506	0.01888	0.23292	0.05659	0.56856	0.01502	0.00736	0.00207	0.00310	0.01268	0.00606	0.00542
22	0.82504	0.01205	0.00916	0.00819	0.01205	0.01398	0.00675	0.01832	0.01060	0.02795	0.00868	0.01012	0.00675	0.00578	0.00386	0.00193	0.00482	0.00337	0.00386	0.00675
23	0.01230	0.01129	0.01908	0.05943	0.02021	0.01158	0.21908	0.03492	0.09675	0.02146	0.18924	0.05717	0.02807	0.01050	0.00806	0.00225	0.04472	0.14163	0.00500	0.00725
24	0.02327	0.02970	0.01766	0.01605	0.01926	0.75602	0.01204	0.02488	0.01766	0.01525	0.00963	0.01124	0.00803	0.00642	0.00562	0.00161	0.01124	0.00401	0.00321	0.00722
25	0.08846	0.02410	0.01732	0.01483	0.01870	0.44555	0.01154	0.26097	0.02104	0.02444	0.01136	0.01241	0.00880	0.00673	0.00568	0.00172	0.00923	0.00450	0.00429	0.00833
26	0.01318	0.01411	0.02849	0.02131	0.02566	0.01403	0.48218	0.01720	0.01386	0.01910	0.06421	0.12399	0.01704	0.00846	0.00910	0.00223	0.10575	0.00881	0.00371	0.00757
27	0.01980	0.01541	0.01654	0.01323	0.01779	0.01686	0.01070	0.41656	0.26025	0.03283	0.01799	0.01749	0.01324	0.00749	0.00609	0.00185	0.00597	0.00588	0.00599	0.09802
28	0.02795	0.01060	0.01446	0.01109	0.01591	0.00916	0.00916	0.03036	0.01783	0.74648	0.02458	0.02121	0.01542	0.00771	0.00627	0.00193	0.00530	0.00627	0.00771	0.01060
29	0.01605	0.01647	0.03142	0.02290	0.02868	0.01622	0.53243	0.11902	0.10636	0.02340	0.01453	0.01736	0.01081	0.00596	0.00707	0.00207	0.00930	0.00707	0.00398	0.00889
30	0.10390	0.01595	0.01665	0.01332	0.01785	0.01788	0.01086	0.48873	0.19110	0.03503	0.01674	0.01640	0.01217	0.00753	0.00601	0.00193	0.00620	0.00572	0.00601	0.01003
31	0.00797	0.00634	0.00724	0.00761	0.00931	0.00561	0.00584	0.00984	0.01428	0.01784	0.12381	0.15224	0.46660	0.01618	0.00764	0.00227	0.00361	0.12451	0.00589	0.00537
32	0.00759	0.00542	0.00723	0.00868	0.00904	0.00506	0.00578	0.00868	0.01193	0.01591	0.03434	0.77697	0.04121	0.01952	0.00795	0.00253	0.00361	0.01771	0.00578	0.00506
33	0.01502	0.01440	0.02457	0.11716	0.66634	0.01470	0.01892	0.01877	0.01400	0.01987	0.01165	0.01555	0.00970	0.00562	0.00617	0.00187	0.00750	0.00555	0.00305	0.00955
34	0.01453	0.01806	0.09452	0.02557	0.03211	0.01565	0.66303	0.01994	0.01458	0.01994	0.01249	0.01651	0.00933	0.00531	0.00724	0.00209	0.01040	0.00713	0.00311	0.00847
35	0.01316	0.10794	0.61667	0.01869	0.08386	0.01554	0.02144	0.01957	0.01319	0.01926	0.01097	0.01301	0.00806	0.00583	0.00574	0.00190	0.00880	0.00455	0.00267	0.00914
36	0.01038	0.00541	0.00799	0.00819	0.00824	0.00536	0.00546	0.00819	0.00864	0.01152	0.01405	0.12310	0.01500	0.02135	0.02210	0.70657	0.00516	0.00710	0.00313	0.00303
37	0.01548	0.01598	0.02076	0.18020	0.38724	0.15356	0.01605	0.01880	0.01484	0.01896	0.08572	0.01806	0.01421	0.00659	0.00620	0.00186	0.00785	0.00584	0.00343	0.00836
38	0.01464	0.22985	0.41512	0.01862	0.12293	0.06050	0.01855	0.01966	0.01343	0.01821	0.01050	0.01252	0.00820	0.00574	0.00543	0.00176	0.00840	0.00436	0.00274	0.00886
39	0.10424	0.58901	0.05608	0.01305	0.07498	0.04280	0.01143	0.01887	0.01272	0.01677	0.00903	0.01060	0.00801	0.00545	0.00428	0.00147	0.00675	0.00358	0.00284	0.00804
40	0.00850	0.00610	0.00826	0.00965	0.01047	0.00586	0.00735	0.01027	0.01290	0.01696	0.03469	0.49078	0.05994	0.01854	0.00818	0.00264	0.00440	0.27342	0.00577	0.00532
41	0.01675	0.20857	0.01927	0.01218	0.01647	0.06439	0.01012	0.08826	0.36914	0.02309	0.01777	0.01736	0.01380	0.00706	0.00552	0.00174	0.00591	0.00545	0.00494	0.09223
42	0.00844	0.00634	0.00881	0.08621	0.01278	0.00628	0.00721	0.01040	0.01352	0.01824	0.19983	0.47112	0.05570	0.01634	0.00766	0.00236	0.00405	0.05351	0.00573	0.00549
43	0.01696	0.29210	0.11230	0.01575	0.02156	0.07816	0.17720	0.07681	0.01519	0.04974	0.01135	0.01319	0.00896	0.00568	0.00547	0.00164	0.00800	0.00481	0.00341	0.08172
44	0.05827	0.15886	0.30007	0.01751	0.05069	0.01601	0.15575	0.04165	0.01435	0.11117	0.01270	0.01431	0.00926	0.00593	0.00581	0.00187	0.00815	0.00513	0.00357	0.00895
45	0.29039	0.01065	0.01207	0.00979	0.01395	0.01042	0.00802	0.02446	0.01541	0.43420	0.09251	0.02013	0.01699	0.00759	0.00558	0.00193	0.00490	0.00582	0.00635	0.00884
46	0.00795	0.00582	0.00750	0.00854	0.00923	0.00547	0.00585	0.00976	0.03291	0.01738	0.12345	0.62098	0.08569	0.01814	0.00780	0.00242	0.00354	0.01633	0.00593	0.00531
47	0.01401	0.08185	0.13894	0.03097	0.08113	0.03385	0.01213	0.01683	0.01303	0.11903	0.01960	0.23214	0.01928	0.01387	0.07092	0.00280	0.07895	0.00879	0.00437	0.00754
48	0.00759	0.00542	0.00723	0.00868	0.00904	0.00506	0.00578	0.00868	0.01193	0.01591	0.03434	0.77697	0.04121	0.01952	0.00795	0.00253	0.00361	0.01771	0.00578	0.00506
49	0.02576	0.01090	0.01426	0.01109	0.01565	0.00987	0.00910	0.08496	0.03641	0.61478	0.05888	0.02313	0.03916	0.00819	0.00635	0.00193	0.00524	0.00668	0.00746	0.01020
50	0.01709	0.00815	0.01054	0.00913	0.01210	0.00713	0.00712	0.01922	0.01614	0.35218	0.16317	0.14679	0.18099	0.01210	0.00695	0.00206	0.00417	0.01034	0.00686	0.00779
51	0.01497	0.01440	0.02424	0.09709	0.62504	0.01507	0.01852	0.01852	0.01367	0.01955	0.01138	0.01537	0.00960	0.00604	0.00733	0.00194	0.06931	0.00554	0.00303	0.00938
52	0.01161	0.00777	0.00962	0.00874	0.01088	0.00751	0.00669	0.01644	0.11649	0.09852	0.52085	0.04162	0.09490	0.01183	0.00710	0.00199	0.00347	0.01030	0.00680	0.00687
53	0.00759	0.00542	0.00723	0.00868	0.00904	0.00506	0.00578	0.00868	0.01193	0.01591	0.03434	0.77697	0.04121	0.01952	0.00795	0.00253	0.00361	0.01771	0.00578	0.00506
54	0.01921	0.01605	0.01465	0.01278	0.01629	0.18177	0.01002	0.09824	0.27526	0.14257	0.09875	0.02365	0.02004	0.00857	0.00635	0.00195	0.00643	0.03268	0.00588	0.00887
55	0.01537	0.01494	0.02607	0.03743	0.69415	0.01487	0.06652	0.01918	0.01422	0.02033	0.01178	0.01551	0.00984	0.00553	0.00625	0.00187	0.00761	0.00567	0.00309	0.00977
56	0.01962	0.01298	0.01453	0.01216	0.01619	0.01394	0.00971	0.16081	0.37100	0.20864	0.02575	0.02365	0.06529	0.00858	0.00637	0.00202	0.00527	0.00699	0.00663	0.00988
57	0.01083	0.00830	0.01040	0.01093	0.01286	0.00860	0.00915	0.01664	0.16268	0.02068	0.10620	0.05730	0.09182	0.01483	0.00791	0.00256	0.00507	0.43070	0.00598	0.00657
58	0.01655	0.76480	0.05166	0.01085	0.01628	0.02438	0.01099	0.01869	0.01267	0.01479	0.00873	0.01008	0.00799	0.00535	0.00405	0.00135	0.00673	0.00337	0.00266	0.00803
59	0.02026	0.01390	0.01544	0.01275	0.01682	0.01510	0.01020	0.30651	0.27005	0.15311	0.02179	0.08072	0.01683	0.00883	0.00642	0.00202	0.00566	0.00720	0.00649	0.00989
60	0.08800	0.01543	0.11614	0.01264	0.01726	0.01371	0.01131	0.18530	0.18516	0.17819	0.02033	0.09563	0.01601	0.00863	0.00619	0.00203	0.00590	0.00699	0.00582	0.00934
61	0.01838	0.01277	0.01527	0.09106	0.07695	0.06231	0.01086	0.15507	0.07829	0.18941	0.16075	0.04318	0.02283	0.00884	0.00652	0.00196	0.00595	0.02506	0.00586	0.00868
62	0.01310	0.01249	0.04311	0.01138	0.01696	0.00958	0.07545	0.01622	0.01299	0.02008	0.01113	0.01332	0.00917	0.00492	0.00542	0.00113	0.02952	0.00413	0.00357	0.68632
63	0.10019	0.01547	0.02094	0.03905	0.25735	0.04379	0.09221	0.16143	0.16014	0.02569	0.01478	0.01637	0.01137	0.00655	0.00609	0.00194	0.00704	0.00578	0.00444	0.00936
64	0.02415	0.01096	0.01393	0.01115	0.01539	0.01032	0.00903	0.09282	0.09136	0.52425	0.02423	0.07207	0.01711	0.00854	0.00630	0.00196	0.00518	0.00704	0.04425	0.00993

[dist]
# distance from previous block
# <min> <max>
0	2

[block]
# block no. 2 follows, 36 sequences, length 10
# corresponding to MSA columns:
# 246-255
name=unknown_C
#
# <colnr> <probs for GDERKNQSTAVLIFYWHMCP>
#	G	D	E	R	K	N	Q	S	T	A	V	L	I	F	Y	W	H	M	C	P
0	0.00824	0.00641	0.00723	0.00766	0.00890	0.00598	0.00530	0.01046	0.05979	0.01637	0.04345	0.31493	0.32766	0.13502	0.01128	0.00287	0.00389	0.01377	0.00551	0.00526
1	0.01250	0.03223	0.74875	0.01776	0.02697	0.01447	0.02302	0.01973	0.01315	0.01973	0.01118	0.01315	0.00789	0.00592	0.00592	0.00197	0.00921	0.00460	0.00263	0.00921
2	0.00819	0.00607	0.00706	0.00725	0.00828	0.00557	0.00492	0.00952	0.01303	0.01704	0.18797	0.19874	0.25318	0.22873	0.01425	0.00326	0.00401	0.01255	0.00545	0.00494
3	0.24984	0.01193	0.01312	0.01049	0.01482	0.01215	0.00863	0.15410	0.01758	0.36012	0.01801	0.01708	0.01213	0.00709	0.00544	0.00188	0.00528	0.00530	0.06584	0.00917
4	0.00875	0.00691	0.00820	0.00800	0.00982	0.00661	0.00612	0.01205	0.06462	0.02001	0.28329	0.04847	0.32944	0.01849	0.10880	0.00316	0.00515	0.04043	0.00586	0.00585
5	0.00768	0.00561	0.00724	0.00835	0.00900	0.00516	0.00568	0.00900	0.01272	0.01687	0.10491	0.63140	0.11649	0.01848	0.00783	0.00243	0.00350	0.01661	0.00589	0.00516
6	0.01610	0.01330	0.01776	0.08771	0.06849	0.01467	0.08217	0.19123	0.24931	0.02491	0.01719	0.01907	0.01330	0.01140	0.05770	0.08870	0.00727	0.00629	0.00485	0.00857
7	0.01354	0.01493	0.07108	0.06992	0.21800	0.11271	0.03202	0.01633	0.01287	0.01679	0.01617	0.02176	0.05960	0.09187	0.14392	0.00381	0.06769	0.00637	0.00331	0.00731
8	0.16434	0.28215	0.02372	0.03890	0.11376	0.14390	0.06087	0.07151	0.01470	0.02014	0.01004	0.01198	0.00832	0.00581	0.00500	0.00167	0.00753	0.00426	0.00333	0.00807
9	0.07506	0.21812	0.10054	0.01330	0.07104	0.04893	0.01132	0.06683	0.01415	0.02041	0.01053	0.01222	0.00866	0.00538	0.00481	0.00139	0.00634	0.00396	0.00343	0.30358

[dist]
# distance from previous block
# <min> <max>
1	8

[block]
# block no. 3 follows, 36 sequences, length 17
# corresponding to MSA columns:
# 264-280
name=unknown_D
#
# <colnr> <probs for GDERKNQSTAVLIFYWHMCP>
#	G	D	E	R	K	N	Q	S	T	A	V	L	I	F	Y	W	H	M	C	P
0	0.01363	0.01908	0.25380	0.21679	0.24897	0.01419	0.01872	0.05817	0.01447	0.02035	0.05340	0.01677	0.01169	0.00637	0.00618	0.00196	0.00793	0.00558	0.00325	0.00871
1	0.01041	0.00759	0.00960	0.00986	0.01136	0.00775	0.00786	0.07306	0.01411	0.01855	0.04584	0.08931	0.12103	0.14418	0.11722	0.00417	0.00692	0.29030	0.00516	0.00572
2	0.00794	0.00567	0.00752	0.00867	0.00923	0.00532	0.00598	0.00933	0.01269	0.01708	0.12210	0.61870	0.04247	0.04415	0.00872	0.00260	0.00374	0.05710	0.00585	0.00516
3	0.02058	0.01659	0.01812	0.01420	0.01895	0.06409	0.05253	0.41664	0.15188	0.05017	0.01617	0.01626	0.01185	0.00715	0.00610	0.00181	0.00672	0.00567	0.00564	0.09887
4	0.07517	0.09353	0.29678	0.01519	0.02113	0.13302	0.03716	0.06230	0.08639	0.07110	0.01301	0.01414	0.00969	0.00658	0.00627	0.00189	0.03931	0.00484	0.00376	0.00872
5	0.01507	0.18926	0.25247	0.03840	0.21455	0.03919	0.01673	0.04548	0.03246	0.03562	0.01286	0.05754	0.01093	0.00666	0.00571	0.00182	0.00760	0.00547	0.00331	0.00886
6	0.01282	0.02624	0.52622	0.13712	0.09250	0.01446	0.02100	0.01986	0.05532	0.01956	0.01205	0.01449	0.00879	0.00608	0.00602	0.00199	0.00865	0.00498	0.00291	0.00895
7	0.00812	0.00634	0.00735	0.00710	0.00888	0.00558	0.00533	0.01040	0.01598	0.02104	0.41231	0.05303	0.38782	0.01421	0.00736	0.00203	0.00304	0.01218	0.00634	0.00558
8	0.08236	0.11084	0.12354	0.01439	0.05097	0.01543	0.04119	0.12811	0.15281	0.19289	0.01713	0.01684	0.01223	0.00692	0.00580	0.00189	0.00646	0.00551	0.00519	0.00952
9	0.08502	0.01737	0.23373	0.01423	0.04105	0.01185	0.05389	0.03799	0.06140	0.23850	0.12268	0.02116	0.01842	0.00759	0.00618	0.00196	0.00645	0.00634	0.00523	0.00898
10	0.00788	0.00760	0.06032	0.00866	0.01015	0.00579	0.00673	0.00955	0.01266	0.01644	0.04081	0.51929	0.23628	0.01748	0.00764	0.00237	0.00389	0.01548	0.00556	0.00542
11	0.00797	0.00595	0.00749	0.00845	0.00946	0.00547	0.00615	0.00955	0.01320	0.01711	0.08674	0.45359	0.21085	0.01784	0.00787	0.00244	0.00377	0.11498	0.00585	0.00526
12	0.01710	0.09158	0.09767	0.02821	0.43170	0.06393	0.03209	0.10028	0.01602	0.04557	0.01205	0.01457	0.00963	0.00591	0.00594	0.00181	0.00770	0.00521	0.00352	0.00953
13	0.01448	0.01488	0.06017	0.15793	0.28001	0.07492	0.01468	0.08131	0.03868	0.02076	0.06121	0.02343	0.11527	0.00789	0.00637	0.00193	0.00700	0.00682	0.00400	0.00826
14	0.01484	0.00816	0.01041	0.00928	0.01187	0.00766	0.00721	0.05820	0.01581	0.23245	0.14873	0.13886	0.17397	0.01731	0.11253	0.00319	0.00594	0.01011	0.00621	0.00726
15	0.01794	0.06868	0.02296	0.05976	0.02269	0.01384	0.24716	0.02450	0.16630	0.21349	0.01940	0.06393	0.01477	0.00749	0.00658	0.00203	0.00713	0.00722	0.00514	0.00898
16	0.01496	0.05153	0.36186	0.02083	0.11522	0.01475	0.16751	0.06009	0.01500	0.06743	0.04231	0.01608	0.01119	0.00619	0.00628	0.00195	0.00852	0.00569	0.00350	0.00911

[dist]
# distance from previous block
# <min> <max>
0	213

# created by:
# /home/berkeley/.conda/envs/busco_data_prod/bin/msa2prfl.pl pipeline/OGs_align_augustus/5794/68742.fs
