[name]
unknown

[dist]
# distance from previous block
# <min> <max>
0	74

[block]
# block no. 0 follows, 33 sequences, length 14
# corresponding to MSA columns:
# 74-87
name=unknown_A
#
# <colnr> <probs for GDERKNQSTAVLIFYWHMCP>
#	G	D	E	R	K	N	Q	S	T	A	V	L	I	F	Y	W	H	M	C	P
0	0.01119	0.00911	0.01403	0.01299	0.01533	0.00894	0.10544	0.04999	0.01563	0.02068	0.09372	0.14424	0.11291	0.01820	0.06934	0.00327	0.00693	0.27591	0.00561	0.00657
1	0.01521	0.01434	0.02299	0.03342	0.56544	0.01442	0.01729	0.02028	0.08407	0.02163	0.02076	0.02314	0.10293	0.00755	0.00670	0.00202	0.00699	0.00705	0.00396	0.00980
2	0.01750	0.02125	0.27744	0.01445	0.02018	0.07957	0.01479	0.11692	0.01750	0.14436	0.02299	0.12592	0.07887	0.00982	0.00677	0.00212	0.00746	0.00802	0.00506	0.00900
3	0.01566	0.08898	0.01927	0.07396	0.22826	0.11220	0.01330	0.03921	0.01530	0.05011	0.02000	0.19997	0.02033	0.01074	0.00689	0.00215	0.00714	0.06399	0.00444	0.00811
4	0.01345	0.02700	0.47688	0.02013	0.02824	0.01476	0.20426	0.02008	0.01480	0.02146	0.08244	0.01841	0.01408	0.00678	0.00681	0.00212	0.00944	0.00634	0.00337	0.00916
5	0.01763	0.01411	0.05739	0.04704	0.17928	0.05074	0.01270	0.08711	0.01772	0.16010	0.13754	0.02730	0.09039	0.00920	0.00740	0.00205	0.03748	0.00766	0.02825	0.00891
6	0.01841	0.28124	0.22045	0.01514	0.02114	0.20624	0.01521	0.05288	0.07577	0.01929	0.01195	0.01324	0.00954	0.00648	0.00554	0.00176	0.00887	0.00452	0.00345	0.00888
7	0.01320	0.03405	0.73453	0.01876	0.02849	0.01529	0.02432	0.02085	0.01390	0.02085	0.01181	0.01390	0.00834	0.00625	0.00625	0.00208	0.00973	0.00486	0.00278	0.00973
8	0.01323	0.00996	0.01327	0.01353	0.11197	0.00872	0.00865	0.01509	0.01296	0.05632	0.04470	0.07598	0.01745	0.13186	0.04373	0.08221	0.00604	0.00693	0.00423	0.32318
9	0.00826	0.00629	0.00765	0.00851	0.00971	0.00568	0.00614	0.00989	0.01408	0.01808	0.09514	0.41262	0.27742	0.01855	0.00821	0.00251	0.00380	0.07574	0.00619	0.00554
10	0.00802	0.00573	0.00764	0.00917	0.00955	0.00535	0.00611	0.00917	0.01260	0.01681	0.03628	0.76434	0.04354	0.02062	0.00840	0.00267	0.00382	0.01872	0.00611	0.00535
11	0.01859	0.01711	0.01785	0.06543	0.14507	0.15592	0.01279	0.19871	0.08196	0.02637	0.08873	0.02324	0.03482	0.00849	0.00660	0.00199	0.00738	0.03254	0.04747	0.00895
12	0.03871	0.01763	0.14741	0.03224	0.09982	0.08117	0.01343	0.04644	0.01478	0.06498	0.01577	0.05928	0.03017	0.01131	0.07241	0.00260	0.04707	0.00608	0.00403	0.19464
13	0.06461	0.21270	0.10391	0.08734	0.02225	0.27095	0.01368	0.08274	0.01671	0.01981	0.01077	0.01269	0.00870	0.00639	0.00551	0.00173	0.00901	0.00439	0.00348	0.04260

[dist]
# distance from previous block
# <min> <max>
1	5

[block]
# block no. 1 follows, 33 sequences, length 106
# corresponding to MSA columns:
# 93-198
name=unknown_B
#
# <colnr> <probs for GDERKNQSTAVLIFYWHMCP>
#	G	D	E	R	K	N	Q	S	T	A	V	L	I	F	Y	W	H	M	C	P
0	0.08504	0.06260	0.01650	0.01283	0.01658	0.08599	0.03590	0.18019	0.17970	0.02852	0.19948	0.02535	0.02554	0.00908	0.00654	0.00201	0.00611	0.00737	0.00590	0.00878
1	0.03786	0.00984	0.07989	0.01078	0.01256	0.00821	0.00888	0.01252	0.03953	0.01857	0.05372	0.46472	0.08479	0.01701	0.00880	0.00257	0.05194	0.06603	0.00556	0.00624
2	0.01062	0.00804	0.01081	0.01136	0.03656	0.00870	0.00814	0.05500	0.01290	0.01763	0.02523	0.20738	0.05176	0.14802	0.25303	0.00581	0.04587	0.07244	0.00469	0.00601
3	0.01386	0.01314	0.04191	0.06191	0.06890	0.01036	0.05368	0.01728	0.01384	0.02111	0.01185	0.01436	0.00970	0.00515	0.00533	0.00124	0.00590	0.00444	0.00372	0.62231
4	0.01061	0.01184	0.08103	0.00926	0.01242	0.05945	0.00800	0.05553	0.01603	0.01941	0.05247	0.08771	0.52304	0.01459	0.00745	0.00218	0.00485	0.01206	0.00562	0.00646
5	0.01242	0.01248	0.04737	0.12204	0.16569	0.01193	0.15494	0.01591	0.01428	0.01953	0.08007	0.19078	0.04029	0.03740	0.00871	0.00243	0.02537	0.02639	0.00434	0.00763
6	0.01005	0.00846	0.01170	0.04876	0.01364	0.00995	0.00894	0.01212	0.01163	0.01597	0.02730	0.03269	0.18017	0.05370	0.38777	0.00674	0.14191	0.00844	0.00400	0.00605
7	0.05336	0.06256	0.06803	0.01481	0.08373	0.03694	0.01158	0.05507	0.01495	0.07428	0.04884	0.01620	0.01258	0.00688	0.00747	0.00166	0.09688	0.00507	0.00419	0.32492
8	0.01779	0.35907	0.19326	0.01553	0.04260	0.01910	0.08516	0.02169	0.01478	0.12432	0.03970	0.01546	0.01183	0.00644	0.00562	0.00178	0.00774	0.00511	0.00383	0.00917
9	0.01063	0.00706	0.00826	0.00786	0.00965	0.00635	0.00573	0.01244	0.01511	0.08326	0.22230	0.05199	0.31081	0.17886	0.01332	0.00310	0.00425	0.03697	0.00613	0.00591
10	0.01130	0.00578	0.00859	0.00856	0.00866	0.00575	0.00575	0.00882	0.00921	0.01238	0.05624	0.02185	0.01462	0.02228	0.02460	0.75776	0.00555	0.00611	0.00313	0.00307
11	0.01793	0.12208	0.40848	0.01659	0.02412	0.08972	0.01860	0.13863	0.01752	0.06794	0.01289	0.01414	0.00935	0.00663	0.00605	0.00194	0.00892	0.00493	0.00383	0.00970
12	0.01058	0.00693	0.00948	0.01036	0.01124	0.00693	0.00821	0.01172	0.01260	0.01651	0.02692	0.05618	0.02932	0.17004	0.01762	0.17907	0.00605	0.40034	0.00495	0.00495
13	0.00940	0.00703	0.01047	0.01044	0.01163	0.00810	0.00810	0.01180	0.01109	0.01598	0.06205	0.02733	0.01933	0.04712	0.69635	0.01005	0.01672	0.00736	0.00376	0.00590
14	0.01629	0.01564	0.02672	0.04041	0.72757	0.01564	0.02020	0.02020	0.01499	0.02151	0.01238	0.01629	0.01043	0.00587	0.00652	0.00196	0.00782	0.00587	0.00326	0.01043
15	0.01623	0.01583	0.02781	0.03927	0.66521	0.01573	0.08169	0.02028	0.01504	0.02147	0.01247	0.01643	0.01039	0.00584	0.00663	0.00198	0.00812	0.00604	0.00327	0.01029
16	0.02454	0.01419	0.06693	0.01562	0.02085	0.01227	0.13863	0.02787	0.01712	0.49062	0.02116	0.02028	0.01393	0.00785	0.00816	0.00215	0.07444	0.00664	0.00644	0.01032
17	0.01398	0.02865	0.50367	0.02174	0.03046	0.01574	0.24975	0.02093	0.01444	0.02093	0.01231	0.01518	0.00889	0.00602	0.00676	0.00213	0.01018	0.00583	0.00296	0.00945
18	0.02954	0.01120	0.01528	0.01171	0.01681	0.00968	0.00968	0.03208	0.01884	0.73213	0.02597	0.02241	0.01630	0.00815	0.00662	0.00204	0.00560	0.00662	0.00815	0.01120
19	0.02367	0.01713	0.01831	0.01419	0.01906	0.01890	0.01167	0.63220	0.02913	0.03969	0.01641	0.01674	0.01180	0.00788	0.00637	0.00193	0.00680	0.00595	0.09153	0.01066
20	0.00956	0.00644	0.00749	0.00749	0.00759	0.00655	0.00437	0.00977	0.00966	0.01299	0.02046	0.04153	0.02326	0.70393	0.09730	0.00676	0.00739	0.00935	0.00395	0.00416
21	0.01144	0.00572	0.00858	0.00858	0.00858	0.00572	0.00572	0.00858	0.00858	0.01144	0.01144	0.02001	0.01144	0.02287	0.02573	0.80846	0.00572	0.00572	0.00286	0.00286
22	0.01499	0.01269	0.01370	0.01240	0.01569	0.01439	0.00960	0.03057	0.57932	0.02732	0.16321	0.02938	0.02832	0.00982	0.00691	0.00220	0.00480	0.00832	0.00681	0.00960
23	0.02663	0.01157	0.01502	0.01186	0.01659	0.01069	0.00968	0.05024	0.11168	0.58318	0.06157	0.02388	0.01901	0.00852	0.00669	0.00206	0.00547	0.00698	0.00787	0.01084
24	0.01320	0.03405	0.73453	0.01876	0.02849	0.01529	0.02432	0.02085	0.01390	0.02085	0.01181	0.01390	0.00834	0.00625	0.00625	0.00208	0.00973	0.00486	0.00278	0.00973
25	0.01320	0.03405	0.73453	0.01876	0.02849	0.01529	0.02432	0.02085	0.01390	0.02085	0.01181	0.01390	0.00834	0.00625	0.00625	0.00208	0.00973	0.00486	0.00278	0.00973
26	0.00789	0.00656	0.00689	0.00705	0.00902	0.00557	0.00519	0.00957	0.01491	0.01811	0.09679	0.14531	0.61058	0.01697	0.00785	0.00227	0.00338	0.01436	0.00617	0.00557
27	0.01760	0.77260	0.03450	0.01126	0.01690	0.02605	0.01126	0.01971	0.01338	0.01549	0.00915	0.01056	0.00845	0.00563	0.00422	0.00141	0.00704	0.00352	0.00282	0.00845
28	0.00854	0.00605	0.00798	0.00934	0.00983	0.00576	0.00647	0.00981	0.01260	0.01674	0.03435	0.59186	0.04059	0.10412	0.01131	0.00314	0.00440	0.10596	0.00587	0.00529
29	0.11983	0.01504	0.01792	0.01404	0.01864	0.01619	0.04750	0.34286	0.02239	0.20056	0.01700	0.01742	0.01204	0.01043	0.05348	0.00260	0.04999	0.00596	0.00608	0.01002
30	0.01858	0.01565	0.02690	0.03977	0.02623	0.01558	0.33793	0.17763	0.05510	0.10464	0.01839	0.04439	0.01474	0.00806	0.00741	0.00222	0.00862	0.06370	0.00507	0.00937
31	0.01760	0.77260	0.03450	0.01126	0.01690	0.02605	0.01126	0.01971	0.01338	0.01549	0.00915	0.01056	0.00845	0.00563	0.00422	0.00141	0.00704	0.00352	0.00282	0.00845
32	0.01083	0.00795	0.01012	0.01081	0.01221	0.00809	0.00829	0.07095	0.06046	0.02070	0.05714	0.40656	0.03747	0.01876	0.03158	0.00292	0.00525	0.20736	0.00613	0.00642
33	0.01662	0.01429	0.01983	0.18625	0.26835	0.05732	0.01528	0.02331	0.15837	0.08692	0.07187	0.02113	0.01649	0.00751	0.00664	0.00207	0.00717	0.00663	0.00465	0.00931
34	0.01686	0.59592	0.03116	0.01267	0.01699	0.02468	0.01200	0.01881	0.01261	0.01557	0.00903	0.01146	0.00849	0.00700	0.00827	0.00175	0.18170	0.00404	0.00283	0.00816
35	0.01115	0.00584	0.00848	0.00848	0.00852	0.00588	0.00560	0.00880	0.00876	0.01172	0.01273	0.02290	0.01306	0.11094	0.05017	0.68849	0.00619	0.00621	0.00301	0.00309
36	0.05755	0.05027	0.53717	0.01712	0.02499	0.07346	0.02042	0.02076	0.01408	0.04193	0.01305	0.05219	0.01034	0.00723	0.00666	0.00209	0.03282	0.00550	0.00324	0.00913
37	0.10964	0.01587	0.02228	0.08857	0.25956	0.01702	0.07700	0.22437	0.07287	0.02837	0.01416	0.01639	0.01084	0.00677	0.00639	0.00204	0.00752	0.00591	0.00458	0.00987
38	0.00802	0.00573	0.00764	0.00917	0.00955	0.00535	0.00611	0.00917	0.01260	0.01681	0.03628	0.76434	0.04354	0.02062	0.00840	0.00267	0.00382	0.01872	0.00611	0.00535
39	0.05781	0.06254	0.04017	0.02297	0.24783	0.22005	0.01455	0.04424	0.18241	0.02201	0.01493	0.01634	0.01187	0.00692	0.00614	0.00193	0.00820	0.00552	0.00421	0.00937
40	0.01612	0.29845	0.24765	0.01776	0.11569	0.04281	0.01627	0.05589	0.03445	0.02036	0.04609	0.01503	0.01179	0.00646	0.00560	0.00177	0.00785	0.00493	0.00343	0.03158
41	0.14400	0.23979	0.02151	0.01412	0.05774	0.23482	0.01105	0.02102	0.01467	0.01925	0.01007	0.01192	0.00859	0.00608	0.00539	0.00159	0.02653	0.00400	0.00340	0.14446
42	0.01320	0.03405	0.73453	0.01876	0.02849	0.01529	0.02432	0.02085	0.01390	0.02085	0.01181	0.01390	0.00834	0.00625	0.00625	0.00208	0.00973	0.00486	0.00278	0.00973
43	0.01415	0.01368	0.02348	0.33475	0.25149	0.01530	0.09426	0.01862	0.03351	0.01912	0.01343	0.01995	0.01118	0.00728	0.00802	0.00222	0.06791	0.03984	0.00333	0.00847
44	0.01440	0.01440	0.02016	0.01728	0.01728	0.02016	0.01440	0.01584	0.01008	0.01584	0.00864	0.01440	0.00864	0.01152	0.02160	0.00288	0.75659	0.00576	0.00288	0.00720
45	0.00957	0.00638	0.00718	0.00718	0.00718	0.00638	0.00399	0.00957	0.00957	0.01276	0.02074	0.04308	0.02393	0.76864	0.03351	0.00638	0.00638	0.00957	0.00399	0.00399
46	0.00778	0.00667	0.00667	0.00667	0.00889	0.00556	0.00500	0.00945	0.01501	0.01778	0.06669	0.06336	0.72490	0.01667	0.00778	0.00222	0.00333	0.01389	0.00611	0.00556
47	0.01755	0.01600	0.02535	0.03593	0.60376	0.01635	0.01879	0.11886	0.03948	0.02456	0.01333	0.01649	0.01084	0.00625	0.00653	0.00197	0.00766	0.00592	0.00384	0.01054
48	0.01437	0.01468	0.01532	0.01419	0.01551	0.17169	0.01134	0.01636	0.01260	0.01603	0.01477	0.02361	0.01422	0.02554	0.29230	0.00558	0.24482	0.06687	0.00352	0.00669
49	0.00932	0.00673	0.00880	0.00828	0.00984	0.00621	0.00621	0.01242	0.01863	0.02640	0.72410	0.04918	0.06212	0.01346	0.00776	0.00207	0.00311	0.01191	0.00725	0.00621
50	0.00802	0.00573	0.00764	0.00917	0.00955	0.00535	0.00611	0.00917	0.01260	0.01681	0.03628	0.76434	0.04354	0.02062	0.00840	0.00267	0.00382	0.01872	0.00611	0.00535
51	0.02954	0.01120	0.01528	0.01171	0.01681	0.00968	0.00968	0.03208	0.01884	0.73213	0.02597	0.02241	0.01630	0.00815	0.00662	0.00204	0.00560	0.00662	0.00815	0.01120
52	0.00957	0.00638	0.00718	0.00718	0.00718	0.00638	0.00399	0.00957	0.00957	0.01276	0.02074	0.04308	0.02393	0.76864	0.03351	0.00638	0.00638	0.00957	0.00399	0.00399
53	0.00957	0.00638	0.00718	0.00718	0.00718	0.00638	0.00399	0.00957	0.00957	0.01276	0.02074	0.04308	0.02393	0.76864	0.03351	0.00638	0.00638	0.00957	0.00399	0.00399
54	0.02933	0.01154	0.01549	0.01187	0.01697	0.01017	0.00981	0.06338	0.01941	0.70004	0.02550	0.02210	0.01606	0.00814	0.00662	0.00203	0.00568	0.00659	0.00808	0.01120
55	0.02939	0.01144	0.01542	0.01183	0.01692	0.01003	0.00977	0.05419	0.01924	0.70946	0.02564	0.02219	0.01613	0.00814	0.00662	0.00204	0.00566	0.00660	0.00810	0.01120
56	0.02503	0.01844	0.01976	0.01515	0.02042	0.02042	0.01251	0.70562	0.03095	0.04149	0.01581	0.01581	0.01120	0.00790	0.00659	0.00198	0.00724	0.00593	0.00659	0.01120
57	0.01760	0.77260	0.03450	0.01126	0.01690	0.02605	0.01126	0.01971	0.01338	0.01549	0.00915	0.01056	0.00845	0.00563	0.00422	0.00141	0.00704	0.00352	0.00282	0.00845
58	0.81514	0.01273	0.00968	0.00866	0.01273	0.01477	0.00713	0.01935	0.01120	0.02954	0.00917	0.01069	0.00713	0.00611	0.00407	0.00204	0.00509	0.00356	0.00407	0.00713
59	0.00778	0.00667	0.00667	0.00667	0.00889	0.00556	0.00500	0.00945	0.01501	0.01778	0.06669	0.06336	0.72490	0.01667	0.00778	0.00222	0.00333	0.01389	0.00611	0.00556
60	0.00932	0.00673	0.00880	0.00828	0.00984	0.00621	0.00621	0.01242	0.01863	0.02640	0.72410	0.04918	0.06212	0.01346	0.00776	0.00207	0.00311	0.01191	0.00725	0.00621
61	0.00898	0.00641	0.00874	0.01026	0.01106	0.00617	0.00777	0.01082	0.01355	0.01788	0.03576	0.50908	0.04145	0.01972	0.00866	0.00281	0.00465	0.26453	0.00609	0.00561
62	0.01320	0.03405	0.73453	0.01876	0.02849	0.01529	0.02432	0.02085	0.01390	0.02085	0.01181	0.01390	0.00834	0.00625	0.00625	0.00208	0.00973	0.00486	0.00278	0.00973
63	0.02459	0.03138	0.01866	0.01696	0.02035	0.74221	0.01272	0.02629	0.01866	0.01611	0.01018	0.01187	0.00848	0.00678	0.00594	0.00170	0.01187	0.00424	0.00339	0.00763
64	0.00802	0.00573	0.00764	0.00917	0.00955	0.00535	0.00611	0.00917	0.01260	0.01681	0.03628	0.76434	0.04354	0.02062	0.00840	0.00267	0.00382	0.01872	0.00611	0.00535
65	0.02913	0.01185	0.01568	0.01202	0.01713	0.01064	0.00993	0.09268	0.01993	0.67000	0.02506	0.02181	0.01584	0.00813	0.00662	0.00203	0.00575	0.00656	0.00801	0.01120
66	0.06623	0.01590	0.17875	0.01262	0.01712	0.01166	0.01203	0.13977	0.01798	0.12555	0.14104	0.18464	0.02672	0.01116	0.00695	0.00218	0.00600	0.00943	0.00578	0.00848
67	0.08850	0.01696	0.02187	0.23168	0.35304	0.13908	0.01722	0.02022	0.01477	0.02001	0.01153	0.01539	0.00934	0.00624	0.00622	0.00198	0.00853	0.00538	0.00326	0.00879
68	0.00957	0.00638	0.00718	0.00718	0.00718	0.00638	0.00399	0.00957	0.00957	0.01276	0.02074	0.04308	0.02393	0.76864	0.03351	0.00638	0.00638	0.00957	0.00399	0.00399
69	0.00837	0.00598	0.00804	0.00956	0.01010	0.00565	0.00671	0.00977	0.01295	0.01719	0.03609	0.67200	0.04278	0.02030	0.00850	0.00272	0.00412	0.10764	0.00610	0.00544
70	0.01780	0.01441	0.01971	0.36619	0.12252	0.05252	0.01576	0.13004	0.07003	0.10381	0.01513	0.01790	0.01107	0.00707	0.00655	0.00209	0.00794	0.00599	0.00445	0.00902
71	0.01483	0.26537	0.44334	0.01731	0.02543	0.01882	0.08892	0.02051	0.01390	0.01918	0.01113	0.01324	0.00854	0.00599	0.00577	0.00189	0.00902	0.00473	0.00285	0.00924
72	0.00881	0.00671	0.00809	0.00775	0.00952	0.00599	0.00581	0.01143	0.01743	0.02353	0.50546	0.05389	0.28255	0.01453	0.00777	0.00212	0.00318	0.01257	0.00687	0.00599
73	0.01579	0.01665	0.03253	0.03246	0.32735	0.01644	0.37043	0.02038	0.01496	0.02094	0.01263	0.01693	0.01009	0.00606	0.00811	0.00215	0.05658	0.00684	0.00327	0.00943
74	0.00805	0.00645	0.00719	0.00748	0.00918	0.00560	0.00543	0.00979	0.01494	0.01875	0.15068	0.22741	0.47160	0.01716	0.00793	0.00231	0.00342	0.01476	0.00627	0.00560
75	0.01305	0.01199	0.03999	0.01006	0.01533	0.00910	0.00829	0.01703	0.06169	0.02131	0.01847	0.05691	0.07037	0.00697	0.00547	0.00129	0.00490	0.00575	0.00434	0.61767
76	0.01320	0.03405	0.73453	0.01876	0.02849	0.01529	0.02432	0.02085	0.01390	0.02085	0.01181	0.01390	0.00834	0.00625	0.00625	0.00208	0.00973	0.00486	0.00278	0.00973
77	0.02647	0.01049	0.01414	0.01109	0.01550	0.00916	0.00895	0.02882	0.01800	0.62304	0.06939	0.02595	0.01986	0.07690	0.00911	0.00243	0.00552	0.00722	0.00772	0.01024
78	0.01380	0.01357	0.02442	0.47584	0.19542	0.01518	0.13063	0.01827	0.01396	0.01856	0.01212	0.01731	0.00934	0.00625	0.00676	0.00215	0.00894	0.00617	0.00307	0.00826
79	0.01836	0.01210	0.01538	0.01584	0.12140	0.01243	0.01087	0.21374	0.01918	0.13132	0.02133	0.03188	0.01890	0.12873	0.01105	0.00281	0.00637	0.12202	0.07767	0.00862
80	0.00953	0.00656	0.00807	0.00807	0.00837	0.00686	0.00509	0.01014	0.00984	0.01342	0.01993	0.03860	0.02199	0.58138	0.21811	0.00748	0.00931	0.00892	0.00387	0.00448
81	0.00940	0.00705	0.01058	0.01058	0.01176	0.00823	0.00823	0.01176	0.01058	0.01528	0.01763	0.02586	0.01646	0.04937	0.74255	0.01058	0.01763	0.00705	0.00353	0.00588
82	0.17233	0.01327	0.01481	0.01175	0.01633	0.01366	0.00964	0.24153	0.02097	0.30648	0.05513	0.01962	0.01535	0.00794	0.00608	0.00199	0.00576	0.00608	0.05138	0.00990
83	0.00957	0.00638	0.00718	0.00718	0.00718	0.00638	0.00399	0.00957	0.00957	0.01276	0.02074	0.04308	0.02393	0.76864	0.03351	0.00638	0.00638	0.00957	0.00399	0.00399
84	0.01554	0.01776	0.03885	0.02775	0.03441	0.01665	0.70366	0.02109	0.01554	0.02109	0.01332	0.01776	0.00999	0.00555	0.00777	0.00222	0.01110	0.00777	0.00333	0.00888
85	0.00968	0.00896	0.00832	0.00845	0.01059	0.07209	0.00650	0.01150	0.01523	0.01784	0.05582	0.09624	0.53419	0.01619	0.00782	0.00231	0.00449	0.10213	0.00586	0.00580
86	0.02539	0.01141	0.01467	0.01186	0.01632	0.01068	0.00956	0.05217	0.12801	0.53498	0.02670	0.08928	0.01918	0.00939	0.00679	0.00212	0.00543	0.00782	0.00769	0.01055
87	0.00955	0.00701	0.00913	0.00937	0.01100	0.00659	0.00754	0.01244	0.01697	0.02299	0.40319	0.05956	0.14189	0.01549	0.00822	0.00242	0.00414	0.23974	0.00669	0.00607
88	0.01320	0.03405	0.73453	0.01876	0.02849	0.01529	0.02432	0.02085	0.01390	0.02085	0.01181	0.01390	0.00834	0.00625	0.00625	0.00208	0.00973	0.00486	0.00278	0.00973
89	0.02305	0.02906	0.02210	0.01880	0.02275	0.61859	0.13045	0.02540	0.01812	0.01696	0.01071	0.01287	0.00874	0.00657	0.00625	0.00179	0.01174	0.00484	0.00338	0.00784
90	0.00793	0.00667	0.00687	0.00682	0.00898	0.00562	0.00512	0.00973	0.01535	0.01861	0.12960	0.06200	0.66147	0.01637	0.00778	0.00221	0.00331	0.01370	0.00622	0.00562
91	0.01440	0.01440	0.02016	0.01728	0.01728	0.02016	0.01440	0.01584	0.01008	0.01584	0.00864	0.01440	0.00864	0.01152	0.02160	0.00288	0.75659	0.00576	0.00288	0.00720
92	0.02498	0.01974	0.01965	0.01533	0.02041	0.09299	0.01253	0.63732	0.02972	0.03894	0.01524	0.01541	0.01092	0.00779	0.00652	0.00195	0.00771	0.00576	0.00626	0.01084
93	0.01320	0.03405	0.73453	0.01876	0.02849	0.01529	0.02432	0.02085	0.01390	0.02085	0.01181	0.01390	0.00834	0.00625	0.00625	0.00208	0.00973	0.00486	0.00278	0.00973
94	0.01608	0.01381	0.01467	0.01333	0.01694	0.01592	0.01043	0.03389	0.67979	0.02714	0.02721	0.02711	0.02101	0.00941	0.00682	0.00227	0.00525	0.04207	0.00667	0.01020
95	0.00940	0.00705	0.01058	0.01058	0.01176	0.00823	0.00823	0.01176	0.01058	0.01528	0.01763	0.02586	0.01646	0.04937	0.74255	0.01058	0.01763	0.00705	0.00353	0.00588
96	0.02503	0.01844	0.01976	0.01515	0.02042	0.02042	0.01251	0.70562	0.03095	0.04149	0.01581	0.01581	0.01120	0.00790	0.00659	0.00198	0.00724	0.00593	0.00659	0.01120
97	0.00802	0.00573	0.00764	0.00917	0.00955	0.00535	0.00611	0.00917	0.01260	0.01681	0.03628	0.76434	0.04354	0.02062	0.00840	0.00267	0.00382	0.01872	0.00611	0.00535
98	0.00802	0.00573	0.00764	0.00917	0.00955	0.00535	0.00611	0.00917	0.01260	0.01681	0.03628	0.76434	0.04354	0.02062	0.00840	0.00267	0.00382	0.01872	0.00611	0.00535
99	0.00778	0.00667	0.00667	0.00667	0.00889	0.00556	0.00500	0.00945	0.01501	0.01778	0.06669	0.06336	0.72490	0.01667	0.00778	0.00222	0.00333	0.01389	0.00611	0.00556
100	0.01664	0.61179	0.18692	0.01290	0.01942	0.02371	0.01411	0.01996	0.01349	0.01666	0.00973	0.01129	0.00842	0.00577	0.00467	0.00156	0.00763	0.00381	0.00281	0.00873
101	0.01814	0.02308	0.09018	0.06961	0.06334	0.28514	0.26242	0.02213	0.01656	0.01930	0.05655	0.01711	0.01250	0.00665	0.00681	0.00199	0.01044	0.00623	0.00352	0.00830
102	0.00940	0.00705	0.01058	0.01058	0.01176	0.00823	0.00823	0.01176	0.01058	0.01528	0.01763	0.02586	0.01646	0.04937	0.74255	0.01058	0.01763	0.00705	0.00353	0.00588
103	0.00798	0.00662	0.00699	0.00702	0.00905	0.00562	0.00522	0.00979	0.01530	0.01877	0.14475	0.10570	0.60143	0.01653	0.00782	0.00223	0.00334	0.01396	0.00625	0.00562
104	0.01557	0.01446	0.02331	0.27624	0.34049	0.01576	0.05305	0.06859	0.08583	0.02191	0.01389	0.01759	0.01087	0.00654	0.00663	0.00208	0.00801	0.00612	0.00373	0.00935
105	0.06852	0.54271	0.08939	0.01254	0.01817	0.09829	0.01233	0.05972	0.01484	0.01838	0.00986	0.01129	0.00852	0.00596	0.00470	0.00157	0.00766	0.00385	0.00317	0.00855

[dist]
# distance from previous block
# <min> <max>
0	1

[block]
# block no. 2 follows, 33 sequences, length 94
# corresponding to MSA columns:
# 200-237,252-307
name=unknown_C
#
# <colnr> <probs for GDERKNQSTAVLIFYWHMCP>
#	G	D	E	R	K	N	Q	S	T	A	V	L	I	F	Y	W	H	M	C	P
0	0.06443	0.07032	0.50543	0.01572	0.02339	0.03888	0.01899	0.01914	0.01419	0.02080	0.04790	0.02090	0.09722	0.00779	0.00624	0.00205	0.00830	0.00607	0.00348	0.00877
1	0.01954	0.01643	0.10590	0.02524	0.33213	0.03615	0.01598	0.05287	0.01705	0.21607	0.08097	0.02051	0.01646	0.00734	0.00661	0.00200	0.00712	0.00645	0.00505	0.01012
2	0.01339	0.06498	0.70521	0.01845	0.02801	0.01574	0.02378	0.02080	0.01388	0.02062	0.01170	0.01376	0.00834	0.00623	0.00617	0.00206	0.00962	0.00481	0.00278	0.00968
3	0.01487	0.01419	0.02415	0.30342	0.47571	0.01527	0.01949	0.01895	0.01432	0.01978	0.01213	0.01676	0.00982	0.00613	0.00654	0.00204	0.00817	0.00586	0.00314	0.00928
4	0.01479	0.23146	0.04359	0.06071	0.02045	0.05646	0.12397	0.04931	0.03712	0.01913	0.01962	0.15039	0.01978	0.01048	0.00676	0.00215	0.00741	0.11440	0.00430	0.00773
5	0.01416	0.01495	0.04008	0.26545	0.02777	0.11811	0.06854	0.01747	0.01398	0.01754	0.01661	0.04949	0.01578	0.01131	0.03253	0.00267	0.12326	0.13935	0.00374	0.00719
6	0.00802	0.00573	0.00764	0.00917	0.00955	0.00535	0.00611	0.00917	0.01260	0.01681	0.03628	0.76434	0.04354	0.02062	0.00840	0.00267	0.00382	0.01872	0.00611	0.00535
7	0.00957	0.00638	0.00718	0.00718	0.00718	0.00638	0.00399	0.00957	0.00957	0.01276	0.02074	0.04308	0.02393	0.76864	0.03351	0.00638	0.00638	0.00957	0.00399	0.00399
8	0.01537	0.12392	0.16147	0.20146	0.02667	0.12945	0.01632	0.01904	0.01382	0.01739	0.01255	0.01922	0.01103	0.00826	0.00893	0.00218	0.13969	0.06216	0.00321	0.00787
9	0.02954	0.01120	0.01528	0.01171	0.01681	0.00968	0.00968	0.03208	0.01884	0.73213	0.02597	0.02241	0.01630	0.00815	0.00662	0.00204	0.00560	0.00662	0.00815	0.01120
10	0.00798	0.00668	0.00694	0.00687	0.00901	0.00564	0.00516	0.00983	0.01547	0.01888	0.15026	0.06155	0.64065	0.01626	0.00778	0.00220	0.00331	0.01364	0.00626	0.00564
11	0.01609	0.11628	0.32470	0.01744	0.02367	0.01848	0.06669	0.12665	0.04096	0.02269	0.01214	0.01454	0.00939	0.00750	0.00915	0.00215	0.15329	0.00534	0.00357	0.00928
12	0.01994	0.02087	0.01762	0.01550	0.01866	0.28003	0.01212	0.09946	0.27635	0.02297	0.01667	0.01739	0.01309	0.00847	0.00884	0.00212	0.13020	0.00585	0.00487	0.00897
13	0.00832	0.00665	0.00745	0.00733	0.00925	0.00577	0.00547	0.01046	0.01616	0.02072	0.29257	0.08781	0.46736	0.01573	0.00780	0.00219	0.00328	0.01341	0.00650	0.00577
14	0.04093	0.16503	0.09928	0.01628	0.11592	0.01519	0.03433	0.03898	0.03421	0.02105	0.01173	0.01387	0.00966	0.00579	0.00583	0.00152	0.03061	0.00453	0.00359	0.33167
15	0.02954	0.01120	0.01528	0.01171	0.01681	0.00968	0.00968	0.03208	0.01884	0.73213	0.02597	0.02241	0.01630	0.00815	0.00662	0.00204	0.00560	0.00662	0.00815	0.01120
16	0.00916	0.00672	0.00858	0.00812	0.00974	0.00614	0.00609	0.01212	0.01826	0.02551	0.65651	0.05063	0.13026	0.01379	0.00777	0.00209	0.00313	0.01211	0.00713	0.00614
17	0.01884	0.01529	0.06879	0.12349	0.39591	0.01405	0.04072	0.02277	0.01565	0.19615	0.01564	0.01786	0.01151	0.00654	0.00658	0.00202	0.00763	0.00605	0.00439	0.01012
18	0.01589	0.16753	0.01964	0.05027	0.13353	0.14157	0.01159	0.01973	0.06898	0.03944	0.16888	0.07174	0.04655	0.00923	0.00640	0.00191	0.00675	0.00763	0.00470	0.00803
19	0.01629	0.01564	0.02672	0.04041	0.72757	0.01564	0.02020	0.02020	0.01499	0.02151	0.01238	0.01629	0.01043	0.00587	0.00652	0.00196	0.00782	0.00587	0.00326	0.01043
20	0.02954	0.01120	0.01528	0.01171	0.01681	0.00968	0.00968	0.03208	0.01884	0.73213	0.02597	0.02241	0.01630	0.00815	0.00662	0.00204	0.00560	0.00662	0.00815	0.01120
21	0.01705	0.01843	0.21463	0.06093	0.02017	0.09517	0.01360	0.02075	0.01565	0.19490	0.06236	0.17595	0.04120	0.01051	0.00691	0.00216	0.00711	0.00884	0.00523	0.00846
22	0.01144	0.00572	0.00858	0.00858	0.00858	0.00572	0.00572	0.00858	0.00858	0.01144	0.01144	0.02001	0.01144	0.02287	0.02573	0.80846	0.00572	0.00572	0.00286	0.00286
23	0.02954	0.01120	0.01528	0.01171	0.01681	0.00968	0.00968	0.03208	0.01884	0.73213	0.02597	0.02241	0.01630	0.00815	0.00662	0.00204	0.00560	0.00662	0.00815	0.01120
24	0.02423	0.01165	0.01550	0.01399	0.07601	0.01092	0.01030	0.04884	0.10728	0.48071	0.08165	0.02557	0.04512	0.00878	0.00675	0.00206	0.00551	0.00732	0.00736	0.01044
25	0.01534	0.01436	0.02420	0.06757	0.59965	0.01449	0.01880	0.01915	0.01493	0.02105	0.01544	0.02432	0.01413	0.00759	0.00687	0.00211	0.00762	0.09903	0.00363	0.00969
26	0.01144	0.00572	0.00858	0.00858	0.00858	0.00572	0.00572	0.00858	0.00858	0.01144	0.01144	0.02001	0.01144	0.02287	0.02573	0.80846	0.00572	0.00572	0.00286	0.00286
27	0.00887	0.00702	0.00819	0.00877	0.01072	0.00634	0.00716	0.01106	0.01506	0.01852	0.05442	0.06756	0.46017	0.01726	0.00829	0.00253	0.00439	0.27182	0.00609	0.00575
28	0.02295	0.02793	0.01790	0.01625	0.01971	0.59717	0.01226	0.02803	0.15794	0.01840	0.01350	0.01441	0.01080	0.00721	0.00609	0.00180	0.01054	0.00488	0.00405	0.00819
29	0.01937	0.30475	0.04834	0.01854	0.14135	0.22955	0.01366	0.05988	0.01604	0.01862	0.01080	0.01292	0.00921	0.00648	0.00612	0.00171	0.04288	0.00449	0.02667	0.00863
30	0.01699	0.12893	0.17766	0.11787	0.05666	0.14038	0.01558	0.04773	0.19201	0.02115	0.01508	0.01645	0.01159	0.00701	0.00609	0.00197	0.00827	0.00544	0.00405	0.00912
31	0.02124	0.02558	0.02016	0.14066	0.14094	0.50401	0.01486	0.02374	0.01716	0.01712	0.01079	0.01353	0.00885	0.00660	0.00614	0.00182	0.01070	0.00477	0.00329	0.00804
32	0.02337	0.01679	0.01807	0.01405	0.01894	0.01836	0.01153	0.57568	0.05999	0.06062	0.01698	0.01708	0.01220	0.00785	0.00638	0.00192	0.00668	0.00598	0.07326	0.03428
33	0.00957	0.00638	0.00718	0.00718	0.00718	0.00638	0.00399	0.00957	0.00957	0.01276	0.02074	0.04308	0.02393	0.76864	0.03351	0.00638	0.00638	0.00957	0.00399	0.00399
34	0.02954	0.01120	0.01528	0.01171	0.01681	0.00968	0.00968	0.03208	0.01884	0.73213	0.02597	0.02241	0.01630	0.00815	0.00662	0.00204	0.00560	0.00662	0.00815	0.01120
35	0.01320	0.03405	0.73453	0.01876	0.02849	0.01529	0.02432	0.02085	0.01390	0.02085	0.01181	0.01390	0.00834	0.00625	0.00625	0.00208	0.00973	0.00486	0.00278	0.00973
36	0.01243	0.01170	0.01975	0.75282	0.04534	0.01463	0.01828	0.01682	0.01316	0.01682	0.01170	0.01755	0.00878	0.00658	0.00658	0.00219	0.00878	0.00585	0.00293	0.00731
37	0.00804	0.00630	0.00728	0.00784	0.00925	0.00554	0.00557	0.00965	0.01443	0.01831	0.12425	0.34113	0.38320	0.01791	0.00803	0.00239	0.00350	0.01560	0.00623	0.00554
38	0.00906	0.00668	0.00848	0.00812	0.00970	0.00609	0.00605	0.01190	0.01790	0.02487	0.60904	0.08373	0.14550	0.01420	0.00780	0.00212	0.00317	0.01247	0.00705	0.00609
39	0.27845	0.01169	0.01350	0.01074	0.01551	0.01129	0.00887	0.02805	0.01642	0.50952	0.02065	0.01870	0.01339	0.00750	0.00581	0.00204	0.00544	0.00565	0.00686	0.00991
40	0.01215	0.01093	0.01011	0.00981	0.01073	0.13550	0.00667	0.01309	0.01143	0.01403	0.01805	0.03294	0.01920	0.43987	0.22151	0.00670	0.01040	0.00796	0.00376	0.00514
41	0.02250	0.01018	0.01251	0.01026	0.01408	0.00966	0.00825	0.05120	0.09273	0.40805	0.02428	0.02308	0.01671	0.00807	0.00599	0.00190	0.00482	0.00653	0.25968	0.00952
42	0.02226	0.00907	0.01142	0.00936	0.01295	0.00818	0.00754	0.02503	0.01672	0.43389	0.02408	0.02331	0.01654	0.00795	0.00577	0.00182	0.00453	0.00642	0.34409	0.00907
43	0.00932	0.00673	0.00880	0.00828	0.00984	0.00621	0.00621	0.01242	0.01863	0.02640	0.72410	0.04918	0.06212	0.01346	0.00776	0.00207	0.00311	0.01191	0.00725	0.00621
44	0.01320	0.03405	0.73453	0.01876	0.02849	0.01529	0.02432	0.02085	0.01390	0.02085	0.01181	0.01390	0.00834	0.00625	0.00625	0.00208	0.00973	0.00486	0.00278	0.00973
45	0.81514	0.01273	0.00968	0.00866	0.01273	0.01477	0.00713	0.01935	0.01120	0.02954	0.00917	0.01069	0.00713	0.00611	0.00407	0.00204	0.00509	0.00356	0.00407	0.00713
46	0.00778	0.00667	0.00667	0.00667	0.00889	0.00556	0.00500	0.00945	0.01501	0.01778	0.06669	0.06336	0.72490	0.01667	0.00778	0.00222	0.00333	0.01389	0.00611	0.00556
47	0.00820	0.00580	0.00759	0.00894	0.00928	0.00546	0.00587	0.00921	0.01226	0.01635	0.03454	0.68316	0.04133	0.10482	0.01123	0.00309	0.00411	0.01769	0.00587	0.00519
48	0.00957	0.00638	0.00718	0.00718	0.00718	0.00638	0.00399	0.00957	0.00957	0.01276	0.02074	0.04308	0.02393	0.76864	0.03351	0.00638	0.00638	0.00957	0.00399	0.00399
49	0.02503	0.01844	0.01976	0.01515	0.02042	0.02042	0.01251	0.70562	0.03095	0.04149	0.01581	0.01581	0.01120	0.00790	0.00659	0.00198	0.00724	0.00593	0.00659	0.01120
50	0.81514	0.01273	0.00968	0.00866	0.01273	0.01477	0.00713	0.01935	0.01120	0.02954	0.00917	0.01069	0.00713	0.00611	0.00407	0.00204	0.00509	0.00356	0.00407	0.00713
51	0.02503	0.01844	0.01976	0.01515	0.02042	0.02042	0.01251	0.70562	0.03095	0.04149	0.01581	0.01581	0.01120	0.00790	0.00659	0.00198	0.00724	0.00593	0.00659	0.01120
52	0.00957	0.00638	0.00718	0.00718	0.00718	0.00638	0.00399	0.00957	0.00957	0.01276	0.02074	0.04308	0.02393	0.76864	0.03351	0.00638	0.00638	0.00957	0.00399	0.00399
53	0.01227	0.00614	0.00614	0.00614	0.00767	0.00614	0.00460	0.01534	0.01381	0.02454	0.02148	0.02454	0.01687	0.00767	0.00460	0.00153	0.00307	0.00614	0.80518	0.00614
54	0.02927	0.01163	0.01554	0.01192	0.01702	0.01031	0.00984	0.07199	0.01956	0.69121	0.02537	0.02202	0.01599	0.00813	0.00662	0.00203	0.00570	0.00658	0.00806	0.01120
55	0.00781	0.00656	0.00678	0.00696	0.00897	0.00553	0.00513	0.00942	0.01473	0.01767	0.06317	0.14453	0.64600	0.01713	0.00785	0.00228	0.00339	0.01445	0.00611	0.00553
56	0.00956	0.00642	0.00739	0.00739	0.00746	0.00650	0.00425	0.00971	0.00964	0.01292	0.02055	0.04201	0.02347	0.72401	0.07751	0.00664	0.00708	0.00942	0.00396	0.00411
57	0.01144	0.00572	0.00858	0.00858	0.00858	0.00572	0.00572	0.00858	0.00858	0.01144	0.01144	0.02001	0.01144	0.02287	0.02573	0.80846	0.00572	0.00572	0.00286	0.00286
58	0.00836	0.00587	0.00754	0.00873	0.00903	0.00558	0.00564	0.00926	0.01194	0.01591	0.03286	0.60524	0.03922	0.18563	0.01394	0.00349	0.00438	0.01670	0.00564	0.00505
59	0.01629	0.01564	0.02672	0.04041	0.72757	0.01564	0.02020	0.02020	0.01499	0.02151	0.01238	0.01629	0.01043	0.00587	0.00652	0.00196	0.00782	0.00587	0.00326	0.01043
60	0.01629	0.01564	0.02672	0.04041	0.72757	0.01564	0.02020	0.02020	0.01499	0.02151	0.01238	0.01629	0.01043	0.00587	0.00652	0.00196	0.00782	0.00587	0.00326	0.01043
61	0.01298	0.01276	0.02308	0.62608	0.04343	0.01498	0.13808	0.01757	0.01358	0.01757	0.01198	0.01759	0.00899	0.00640	0.00679	0.00220	0.00918	0.00619	0.00300	0.00759
62	0.67696	0.01599	0.01125	0.01011	0.01406	0.14192	0.00811	0.02056	0.01251	0.02719	0.00934	0.01090	0.00737	0.00623	0.00440	0.00198	0.00628	0.00368	0.00395	0.00722
63	0.00947	0.00746	0.01097	0.01463	0.13505	0.00715	0.00857	0.01110	0.01302	0.01763	0.03211	0.63359	0.03775	0.01805	0.00807	0.00255	0.00452	0.01647	0.00561	0.00624
64	0.01004	0.00717	0.00995	0.01147	0.01274	0.00709	0.00962	0.01265	0.01459	0.01906	0.03517	0.22649	0.03913	0.01872	0.00894	0.00295	0.00557	0.53667	0.00607	0.00590
65	0.01378	0.01217	0.01479	0.01107	0.01590	0.01077	0.00895	0.01645	0.01303	0.02047	0.01117	0.01378	0.00956	0.00604	0.00780	0.00131	0.13627	0.00423	0.00372	0.66876
66	0.81514	0.01273	0.00968	0.00866	0.01273	0.01477	0.00713	0.01935	0.01120	0.02954	0.00917	0.01069	0.00713	0.00611	0.00407	0.00204	0.00509	0.00356	0.00407	0.00713
67	0.00802	0.00573	0.00764	0.00917	0.00955	0.00535	0.00611	0.00917	0.01260	0.01681	0.03628	0.76434	0.04354	0.02062	0.00840	0.00267	0.00382	0.01872	0.00611	0.00535
68	0.01637	0.01414	0.01489	0.01340	0.01712	0.01637	0.01042	0.03498	0.71568	0.02754	0.02679	0.02456	0.02010	0.00893	0.00670	0.00223	0.00521	0.00744	0.00670	0.01042
69	0.00957	0.00638	0.00718	0.00718	0.00718	0.00638	0.00399	0.00957	0.00957	0.01276	0.02074	0.04308	0.02393	0.76864	0.03351	0.00638	0.00638	0.00957	0.00399	0.00399
70	0.02503	0.01844	0.01976	0.01515	0.02042	0.02042	0.01251	0.70562	0.03095	0.04149	0.01581	0.01581	0.01120	0.00790	0.00659	0.00198	0.00724	0.00593	0.00659	0.01120
71	0.02459	0.03138	0.01866	0.01696	0.02035	0.74221	0.01272	0.02629	0.01866	0.01611	0.01018	0.01187	0.00848	0.00678	0.00594	0.00170	0.01187	0.00424	0.00339	0.00763
72	0.01320	0.03405	0.73453	0.01876	0.02849	0.01529	0.02432	0.02085	0.01390	0.02085	0.01181	0.01390	0.00834	0.00625	0.00625	0.00208	0.00973	0.00486	0.00278	0.00973
73	0.00810	0.00579	0.00773	0.00926	0.00968	0.00542	0.00625	0.00931	0.01269	0.01690	0.03624	0.74229	0.04336	0.02055	0.00842	0.00269	0.00389	0.03995	0.00611	0.00537
74	0.00778	0.00667	0.00667	0.00667	0.00889	0.00556	0.00500	0.00945	0.01501	0.01778	0.06669	0.06336	0.72490	0.01667	0.00778	0.00222	0.00333	0.01389	0.00611	0.00556
75	0.02567	0.01741	0.01912	0.01466	0.01990	0.01889	0.01211	0.60974	0.02923	0.13980	0.01725	0.01675	0.01192	0.00794	0.00659	0.00198	0.00701	0.00603	0.00681	0.01120
76	0.01243	0.01170	0.01975	0.75282	0.04534	0.01463	0.01828	0.01682	0.01316	0.01682	0.01170	0.01755	0.00878	0.00658	0.00658	0.00219	0.00878	0.00585	0.00293	0.00731
77	0.01760	0.77260	0.03450	0.01126	0.01690	0.02605	0.01126	0.01971	0.01338	0.01549	0.00915	0.01056	0.00845	0.00563	0.00422	0.00141	0.00704	0.00352	0.00282	0.00845
78	0.01320	0.03405	0.73453	0.01876	0.02849	0.01529	0.02432	0.02085	0.01390	0.02085	0.01181	0.01390	0.00834	0.00625	0.00625	0.00208	0.00973	0.00486	0.00278	0.00973
79	0.81514	0.01273	0.00968	0.00866	0.01273	0.01477	0.00713	0.01935	0.01120	0.02954	0.00917	0.01069	0.00713	0.00611	0.00407	0.00204	0.00509	0.00356	0.00407	0.00713
80	0.00800	0.00583	0.00754	0.00890	0.00948	0.00537	0.00599	0.00920	0.01286	0.01691	0.03951	0.69005	0.11576	0.02021	0.00834	0.00263	0.00377	0.01820	0.00611	0.00537
81	0.01440	0.01440	0.02016	0.01728	0.01728	0.02016	0.01440	0.01584	0.01008	0.01584	0.00864	0.01440	0.00864	0.01152	0.02160	0.00288	0.75659	0.00576	0.00288	0.00720
82	0.02579	0.01204	0.01517	0.01219	0.01689	0.01158	0.00989	0.03291	0.21723	0.53153	0.02621	0.02302	0.01738	0.00837	0.00664	0.00209	0.00549	0.00685	0.00774	0.01098
83	0.01741	0.74041	0.06501	0.01159	0.01740	0.02558	0.01183	0.01976	0.01340	0.01572	0.00927	0.01071	0.00844	0.00566	0.00431	0.00144	0.00716	0.00358	0.00281	0.00850
84	0.00957	0.00638	0.00718	0.00718	0.00718	0.00638	0.00399	0.00957	0.00957	0.01276	0.02074	0.04308	0.02393	0.76864	0.03351	0.00638	0.00638	0.00957	0.00399	0.00399
85	0.45322	0.01556	0.01284	0.01098	0.01522	0.14047	0.00883	0.02419	0.01468	0.22729	0.01413	0.01424	0.00998	0.00681	0.00512	0.00198	0.00642	0.00455	0.00512	0.00838
86	0.01306	0.00637	0.00655	0.00639	0.00809	0.00630	0.00483	0.01611	0.01404	0.05695	0.02168	0.02445	0.01685	0.00769	0.00469	0.00156	0.00318	0.00616	0.76868	0.00637
87	0.00843	0.00597	0.00785	0.00896	0.00936	0.00581	0.00596	0.00949	0.01188	0.01596	0.03175	0.56648	0.03747	0.15260	0.08567	0.00410	0.00563	0.01598	0.00549	0.00517
88	0.00806	0.00633	0.00731	0.00798	0.00940	0.00558	0.00574	0.00962	0.01416	0.01778	0.07644	0.34870	0.39387	0.01823	0.00809	0.00244	0.00364	0.04496	0.00615	0.00552
89	0.00940	0.00705	0.01058	0.01058	0.01176	0.00823	0.00823	0.01176	0.01058	0.01528	0.01763	0.02586	0.01646	0.04937	0.74255	0.01058	0.01763	0.00705	0.00353	0.00588
90	0.07175	0.01728	0.02200	0.05336	0.17128	0.04409	0.07433	0.35246	0.05452	0.03137	0.01436	0.01605	0.01080	0.00721	0.00692	0.00203	0.02908	0.00592	0.00506	0.01012
91	0.01652	0.01549	0.01947	0.01695	0.03989	0.15732	0.16762	0.04436	0.04541	0.08038	0.02177	0.15624	0.02097	0.01350	0.05459	0.00282	0.00873	0.10526	0.00490	0.00781
92	0.00802	0.00573	0.00764	0.00917	0.00955	0.00535	0.00611	0.00917	0.01260	0.01681	0.03628	0.76434	0.04354	0.02062	0.00840	0.00267	0.00382	0.01872	0.00611	0.00535
93	0.05211	0.02149	0.23203	0.06190	0.38651	0.04595	0.06534	0.02052	0.01461	0.02123	0.01201	0.01531	0.00949	0.00604	0.00639	0.00201	0.00868	0.00553	0.00315	0.00972

[dist]
# distance from previous block
# <min> <max>
0	1

[block]
# block no. 3 follows, 33 sequences, length 37
# corresponding to MSA columns:
# 309-345
name=unknown_D
#
# <colnr> <probs for GDERKNQSTAVLIFYWHMCP>
#	G	D	E	R	K	N	Q	S	T	A	V	L	I	F	Y	W	H	M	C	P
0	0.01814	0.02084	0.01997	0.03833	0.02006	0.31913	0.07587	0.02012	0.01424	0.01626	0.01098	0.01597	0.00999	0.05226	0.05594	0.00294	0.27283	0.00560	0.00323	0.00729
1	0.01536	0.01476	0.02526	0.18097	0.52606	0.01516	0.05035	0.01940	0.01459	0.02055	0.01226	0.01649	0.01005	0.00595	0.00651	0.00197	0.00802	0.00586	0.00323	0.04721
2	0.00802	0.00573	0.00764	0.00917	0.00955	0.00535	0.00611	0.00917	0.01260	0.01681	0.03628	0.76434	0.04354	0.02062	0.00840	0.00267	0.00382	0.01872	0.00611	0.00535
3	0.01605	0.01316	0.01493	0.01099	0.01663	0.01143	0.00886	0.15603	0.04607	0.02574	0.01315	0.01453	0.01047	0.00565	0.00529	0.00123	0.00537	0.00445	0.00456	0.61540
4	0.01548	0.15272	0.25332	0.01677	0.04724	0.03415	0.11485	0.02109	0.06168	0.06543	0.01855	0.01981	0.07286	0.00723	0.00619	0.00192	0.00788	0.00614	0.02976	0.04694
5	0.01669	0.12259	0.33138	0.01903	0.11284	0.01740	0.01804	0.16851	0.04193	0.02482	0.01365	0.03708	0.01074	0.00696	0.00613	0.00195	0.00813	0.00552	0.00394	0.03268
6	0.01313	0.00883	0.01236	0.21700	0.02046	0.00939	0.00987	0.01726	0.04900	0.09645	0.29701	0.03210	0.03257	0.00976	0.00671	0.00202	0.00504	0.00845	0.14538	0.00722
7	0.01097	0.00699	0.00922	0.00873	0.01043	0.00640	0.00651	0.01373	0.01774	0.08944	0.55636	0.15481	0.05512	0.01406	0.00776	0.00216	0.00344	0.01245	0.00716	0.00654
8	0.01617	0.01838	0.03282	0.05792	0.03065	0.09375	0.48785	0.02059	0.01488	0.01952	0.01216	0.01658	0.00956	0.00669	0.00976	0.00227	0.13183	0.00698	0.00325	0.00840
9	0.01705	0.13328	0.09029	0.10567	0.05277	0.15105	0.26060	0.03722	0.01564	0.01948	0.01221	0.01546	0.00957	0.00614	0.00641	0.00194	0.00966	0.00582	0.04129	0.00846
10	0.00814	0.00678	0.00717	0.00736	0.00950	0.00581	0.00572	0.00998	0.01502	0.01803	0.06264	0.06474	0.63750	0.01687	0.00795	0.00233	0.00368	0.09905	0.00611	0.00562
11	0.00839	0.00669	0.00751	0.00731	0.00926	0.00582	0.00548	0.01062	0.01644	0.02119	0.32639	0.05775	0.46308	0.01540	0.00777	0.00216	0.00324	0.01311	0.00656	0.00582
12	0.01659	0.08331	0.02245	0.28568	0.23388	0.01646	0.01647	0.12778	0.03530	0.04547	0.01419	0.01910	0.01142	0.00712	0.00646	0.00205	0.00778	0.03540	0.00400	0.00909
13	0.01374	0.03393	0.70093	0.01868	0.02811	0.04941	0.02378	0.02110	0.01412	0.02063	0.01174	0.01380	0.00835	0.00628	0.00624	0.00207	0.00983	0.00484	0.00281	0.00963
14	0.02954	0.01120	0.01528	0.01171	0.01681	0.00968	0.00968	0.03208	0.01884	0.73213	0.02597	0.02241	0.01630	0.00815	0.00662	0.00204	0.00560	0.00662	0.00815	0.01120
15	0.00920	0.00664	0.00869	0.00836	0.00981	0.00613	0.00620	0.01213	0.01808	0.02552	0.66125	0.11453	0.06042	0.01411	0.00782	0.00213	0.00317	0.01253	0.00714	0.00613
16	0.01629	0.15225	0.25423	0.01610	0.02244	0.03637	0.11048	0.02287	0.10436	0.09586	0.07185	0.02006	0.03337	0.00743	0.00635	0.00199	0.00782	0.00631	0.00438	0.00919
17	0.01157	0.00723	0.00952	0.00866	0.01061	0.00660	0.00660	0.01461	0.01866	0.10489	0.64646	0.04620	0.05702	0.01287	0.00764	0.00207	0.00338	0.01132	0.00735	0.00677
18	0.01320	0.03405	0.73453	0.01876	0.02849	0.01529	0.02432	0.02085	0.01390	0.02085	0.01181	0.01390	0.00834	0.00625	0.00625	0.00208	0.00973	0.00486	0.00278	0.00973
19	0.01337	0.01266	0.02144	0.58005	0.21079	0.01487	0.01875	0.01764	0.01361	0.01796	0.01187	0.01725	0.00918	0.00641	0.00657	0.00214	0.00854	0.00585	0.00301	0.00807
20	0.02202	0.01355	0.01534	0.01313	0.03759	0.07216	0.01017	0.17439	0.04309	0.29079	0.14060	0.02486	0.02232	0.01261	0.07400	0.00279	0.00721	0.00722	0.00664	0.00952
21	0.00956	0.00643	0.00745	0.00745	0.00754	0.00653	0.00432	0.00974	0.00965	0.01296	0.02050	0.04174	0.02335	0.71256	0.08879	0.00671	0.00726	0.00938	0.00395	0.00414
22	0.00798	0.00657	0.00701	0.00713	0.00907	0.00560	0.00526	0.00974	0.01512	0.01861	0.13476	0.14230	0.57452	0.01678	0.00785	0.00226	0.00337	0.01423	0.00624	0.00560
23	0.01188	0.00610	0.00627	0.00641	0.00784	0.00606	0.00474	0.01478	0.01370	0.02384	0.02283	0.09215	0.01931	0.00885	0.00495	0.00164	0.00314	0.00729	0.73216	0.00606
24	0.05411	0.47454	0.21667	0.01461	0.02133	0.02184	0.07775	0.02012	0.01361	0.01807	0.01023	0.01210	0.00850	0.00581	0.00507	0.00169	0.00802	0.00426	0.00291	0.00876
