[name]
unknown

[dist]
# distance from previous block
# <min> <max>
0	9

[block]
# block no. 0 follows, 30 sequences, length 41
# corresponding to MSA columns:
# 9-49
name=unknown_A
#
# <colnr> <probs for GDERKNQSTAVLIFYWHMCP>
#	G	D	E	R	K	N	Q	S	T	A	V	L	I	F	Y	W	H	M	C	P
0	0.01010	0.00773	0.00883	0.00907	0.01053	0.00750	0.00647	0.01342	0.08537	0.01918	0.08585	0.18268	0.24292	0.20148	0.01518	0.00361	0.00489	0.07306	0.00605	0.00607
1	0.01080	0.00734	0.00888	0.00893	0.01028	0.00691	0.00621	0.01318	0.04364	0.05901	0.19532	0.24588	0.15207	0.18264	0.01443	0.00343	0.00457	0.01392	0.00640	0.00617
2	0.24091	0.06161	0.01756	0.11879	0.02209	0.08453	0.01181	0.15273	0.10439	0.05706	0.01482	0.01610	0.01116	0.00735	0.00593	0.00206	0.00724	0.00536	0.00503	0.05345
3	0.02068	0.02189	0.01947	0.01660	0.01969	0.27172	0.01318	0.11144	0.07029	0.02219	0.01263	0.01524	0.01054	0.00883	0.01146	0.00218	0.23673	0.00545	0.00421	0.10559
4	0.00856	0.00692	0.00761	0.00779	0.00970	0.00597	0.00571	0.01048	0.01612	0.02018	0.17016	0.17704	0.49375	0.01780	0.00835	0.00241	0.00358	0.01522	0.00668	0.00597
5	0.01447	0.01240	0.01447	0.01034	0.01654	0.00930	0.00827	0.01757	0.01447	0.02274	0.01240	0.01447	0.01034	0.00517	0.00517	0.00103	0.00517	0.00413	0.00413	0.79742
6	0.01211	0.00958	0.01159	0.00977	0.01325	0.00802	0.00728	0.01442	0.01366	0.02040	0.05184	0.16072	0.02249	0.10550	0.08045	0.00315	0.00632	0.00864	0.03211	0.40869
7	0.00987	0.00738	0.00933	0.00956	0.01137	0.00684	0.00764	0.01276	0.01769	0.02358	0.34822	0.06380	0.22002	0.01661	0.00865	0.00254	0.00428	0.20649	0.00701	0.00636
8	0.01736	0.01499	0.01578	0.01420	0.01815	0.01736	0.01105	0.03708	0.69862	0.02919	0.02840	0.02604	0.02130	0.00947	0.00710	0.00237	0.00552	0.00789	0.00710	0.01105
9	0.01399	0.01323	0.02239	0.60087	0.17887	0.01572	0.01978	0.01854	0.01434	0.01881	0.01255	0.01834	0.00965	0.00683	0.00696	0.00228	0.00910	0.00620	0.00317	0.00840
10	0.01189	0.00840	0.00927	0.00914	0.01082	0.04017	0.00669	0.01409	0.01622	0.06371	0.23247	0.15708	0.15119	0.10621	0.01127	0.00286	0.00464	0.04895	0.08851	0.00641
11	0.01020	0.00721	0.01029	0.01046	0.01167	0.00812	0.00800	0.01266	0.01187	0.01761	0.02127	0.10252	0.02049	0.04358	0.56103	0.00913	0.01522	0.00864	0.10383	0.00621
12	0.00861	0.00631	0.00787	0.00906	0.00976	0.00581	0.00606	0.00981	0.01350	0.01759	0.04251	0.56464	0.15937	0.09058	0.01131	0.00312	0.00422	0.01803	0.00627	0.00557
13	0.01567	0.01066	0.01206	0.01063	0.01364	0.01071	0.00821	0.12163	0.11252	0.10830	0.13679	0.04420	0.21889	0.10442	0.01116	0.00285	0.00521	0.03750	0.00680	0.00815
14	0.01539	0.01078	0.01218	0.01116	0.01408	0.01119	0.00864	0.09811	0.19249	0.08396	0.10565	0.14326	0.13549	0.01321	0.00756	0.00234	0.00488	0.04138	0.07974	0.00852
15	0.02626	0.01854	0.02006	0.01544	0.02085	0.02033	0.01274	0.62061	0.03128	0.08396	0.01765	0.01756	0.01244	0.00838	0.00690	0.00208	0.00739	0.00634	0.03954	0.01165
16	0.01668	0.01356	0.01478	0.01318	0.01666	0.01515	0.01022	0.12676	0.42633	0.03014	0.13943	0.09468	0.02950	0.01122	0.00743	0.00234	0.00534	0.00952	0.00712	0.00994
17	0.09707	0.00848	0.00972	0.00903	0.01145	0.00805	0.00672	0.01729	0.01544	0.16835	0.10299	0.15778	0.13624	0.10418	0.01059	0.00280	0.00466	0.01095	0.11096	0.00724
18	0.00857	0.00618	0.00812	0.00954	0.01011	0.00573	0.00643	0.00994	0.01387	0.01848	0.08050	0.67611	0.07818	0.02121	0.00884	0.00277	0.00398	0.01916	0.00655	0.00573
19	0.01124	0.00803	0.01124	0.01285	0.01446	0.00803	0.01124	0.01446	0.01606	0.02088	0.03695	0.07871	0.04016	0.01928	0.00964	0.00321	0.00643	0.66426	0.00643	0.00643
20	0.01242	0.00770	0.00949	0.00889	0.01118	0.00680	0.00671	0.01488	0.01776	0.12785	0.31657	0.13870	0.26360	0.01545	0.00814	0.00232	0.00386	0.01334	0.00729	0.00705
21	0.00866	0.00618	0.00827	0.00989	0.01036	0.00580	0.00674	0.00998	0.01351	0.01799	0.03838	0.71257	0.04582	0.02172	0.00895	0.00286	0.00418	0.05596	0.00647	0.00571
22	0.01346	0.00739	0.00747	0.00731	0.00917	0.00763	0.00552	0.01843	0.08587	0.02635	0.02335	0.02602	0.01824	0.00827	0.00511	0.00170	0.00349	0.00665	0.71159	0.00698
23	0.02312	0.01785	0.01902	0.01537	0.02034	0.02005	0.01244	0.44593	0.28039	0.03848	0.02109	0.02021	0.01538	0.00878	0.00703	0.00220	0.00688	0.00688	0.00703	0.01156
24	0.00850	0.00607	0.00810	0.00972	0.01012	0.00567	0.00648	0.00972	0.01336	0.01781	0.03846	0.75020	0.04615	0.02186	0.00891	0.00283	0.00405	0.01984	0.00648	0.00567
25	0.01701	0.50325	0.27783	0.01475	0.02226	0.02358	0.01684	0.02132	0.01438	0.01843	0.01070	0.01245	0.00891	0.00620	0.00524	0.00175	0.00847	0.00424	0.00297	0.00944
26	0.00841	0.00697	0.00737	0.00749	0.00958	0.00593	0.00553	0.01025	0.01596	0.01951	0.12081	0.13704	0.58547	0.01782	0.00831	0.00239	0.00357	0.01508	0.00658	0.00593
27	0.00865	0.00702	0.00767	0.00764	0.00971	0.00604	0.00568	0.01075	0.01667	0.02097	0.22061	0.10496	0.51504	0.01711	0.00828	0.00235	0.00351	0.01453	0.00677	0.00604
28	0.02653	0.01955	0.02094	0.01606	0.02164	0.02164	0.01326	0.68796	0.03281	0.04398	0.01675	0.01675	0.01187	0.00838	0.00698	0.00209	0.00768	0.00628	0.00698	0.01187
29	0.01447	0.01240	0.01447	0.01034	0.01654	0.00930	0.00827	0.01757	0.01447	0.02274	0.01240	0.01447	0.01034	0.00517	0.00517	0.00103	0.00517	0.00413	0.00413	0.79742
30	0.00939	0.00656	0.00837	0.00909	0.00946	0.00657	0.00591	0.01030	0.01174	0.01584	0.02881	0.35598	0.03341	0.32323	0.12792	0.00569	0.00736	0.01405	0.00515	0.00517
31	0.02634	0.02518	0.02046	0.01685	0.02161	0.31128	0.01335	0.41681	0.02746	0.03293	0.01430	0.01504	0.01068	0.00789	0.00670	0.00197	0.00969	0.00555	0.00559	0.01032
32	0.00850	0.00607	0.00810	0.00972	0.01012	0.00567	0.00648	0.00972	0.01336	0.01781	0.03846	0.75020	0.04615	0.02186	0.00891	0.00283	0.00405	0.01984	0.00648	0.00567
33	0.00997	0.00748	0.01121	0.01121	0.01246	0.00872	0.00872	0.01246	0.01121	0.01620	0.01869	0.02741	0.01745	0.05234	0.72710	0.01121	0.01869	0.00748	0.00374	0.00623
34	0.00980	0.00710	0.00925	0.01050	0.01161	0.00681	0.00812	0.01180	0.01448	0.01879	0.04008	0.30857	0.12305	0.09658	0.01191	0.00334	0.00527	0.29084	0.00622	0.00587
35	0.02543	0.10477	0.02187	0.01678	0.02121	0.44472	0.01326	0.22299	0.02306	0.02499	0.01244	0.01368	0.00984	0.00742	0.00631	0.00185	0.01060	0.00495	0.00454	0.00930
36	0.01210	0.00690	0.00991	0.00948	0.01028	0.00673	0.00662	0.01039	0.00991	0.01373	0.01296	0.02127	0.01259	0.02572	0.11120	0.61725	0.00752	0.00603	0.00323	0.08616
37	0.01791	0.01908	0.02225	0.01984	0.06793	0.18994	0.16719	0.02613	0.22276	0.02245	0.02133	0.13298	0.01899	0.00979	0.00743	0.00228	0.00865	0.00888	0.00508	0.00911
38	0.01115	0.00687	0.00925	0.01030	0.01135	0.00638	0.00734	0.01271	0.01431	0.09084	0.03717	0.60877	0.04256	0.02023	0.00878	0.00280	0.00448	0.08163	0.00670	0.00639
39	0.00932	0.00711	0.00855	0.00819	0.01008	0.00635	0.00614	0.01208	0.01843	0.02484	0.48850	0.05730	0.28685	0.01544	0.00824	0.00225	0.00338	0.01334	0.00727	0.00635
40	0.01002	0.00716	0.00858	0.00895	0.00979	0.00718	0.00599	0.01226	0.05400	0.01759	0.05415	0.25381	0.09619	0.28913	0.09299	0.00498	0.00654	0.01297	0.04209	0.00562

[dist]
# distance from previous block
# <min> <max>
1	2

[block]
# block no. 1 follows, 30 sequences, length 36
# corresponding to MSA columns:
# 52-87
name=unknown_B
#
# <colnr> <probs for GDERKNQSTAVLIFYWHMCP>
#	G	D	E	R	K	N	Q	S	T	A	V	L	I	F	Y	W	H	M	C	P
0	0.40522	0.01308	0.01475	0.01594	0.12293	0.01511	0.01077	0.01888	0.01235	0.04371	0.01249	0.01745	0.01097	0.07087	0.07998	0.00352	0.11464	0.00545	0.00405	0.00784
1	0.01538	0.02643	0.33948	0.02522	0.03371	0.01701	0.39521	0.02224	0.01571	0.02224	0.01342	0.01702	0.00982	0.00621	0.00753	0.00229	0.01113	0.00688	0.00327	0.00981
2	0.00936	0.00704	0.00887	0.00878	0.01035	0.00664	0.00649	0.01183	0.01654	0.02245	0.35700	0.12736	0.20934	0.04847	0.11410	0.00378	0.00580	0.01307	0.00656	0.00618
3	0.01212	0.00606	0.00909	0.00909	0.00909	0.00606	0.00606	0.00909	0.00909	0.01212	0.01212	0.02121	0.01212	0.02424	0.02727	0.79697	0.00606	0.00606	0.00303	0.00303
4	0.01318	0.01240	0.02093	0.73798	0.04806	0.01550	0.01938	0.01783	0.01395	0.01783	0.01240	0.01860	0.00930	0.00698	0.00698	0.00233	0.00930	0.00620	0.00310	0.00775
5	0.00851	0.00625	0.00799	0.00931	0.01003	0.00573	0.00631	0.00988	0.01394	0.01832	0.06643	0.62897	0.14071	0.02100	0.00879	0.00274	0.00395	0.01886	0.00652	0.00573
6	0.01104	0.00741	0.00865	0.00829	0.01030	0.00656	0.00606	0.01304	0.01640	0.08423	0.22740	0.11242	0.33832	0.10497	0.01147	0.00286	0.00412	0.01333	0.00673	0.00640
7	0.01845	0.01553	0.01639	0.01442	0.01856	0.01787	0.01131	0.11439	0.61953	0.03095	0.02702	0.02493	0.02018	0.00934	0.00709	0.00233	0.00578	0.00770	0.00709	0.01114
8	0.01512	0.00854	0.00876	0.00800	0.01024	0.00887	0.00619	0.12136	0.01748	0.02883	0.02182	0.02457	0.01694	0.00817	0.00521	0.00170	0.00394	0.00647	0.67043	0.00734
9	0.01011	0.00682	0.00788	0.00779	0.00805	0.00674	0.00460	0.01062	0.01165	0.01579	0.12926	0.04668	0.03170	0.63889	0.03125	0.00605	0.00622	0.01053	0.00477	0.00460
10	0.00899	0.00641	0.00825	0.00917	0.00984	0.00600	0.00617	0.01049	0.01435	0.01939	0.17483	0.49380	0.06985	0.11384	0.01215	0.00319	0.00422	0.01695	0.00644	0.00568
11	0.01004	0.00718	0.00972	0.00972	0.01045	0.00791	0.00686	0.01150	0.01077	0.01509	0.02006	0.03497	0.02073	0.34306	0.44087	0.00937	0.01376	0.00858	0.00394	0.00540
12	0.01015	0.00677	0.00761	0.00761	0.00761	0.00677	0.00423	0.01015	0.01015	0.01353	0.02199	0.04567	0.02537	0.75476	0.03552	0.00677	0.00677	0.01015	0.00423	0.00423
13	0.80405	0.01350	0.01026	0.00918	0.01350	0.01565	0.00756	0.02051	0.01188	0.03131	0.00972	0.01134	0.00756	0.00648	0.00432	0.00216	0.00540	0.00378	0.00432	0.00756
14	0.02251	0.01801	0.01866	0.01517	0.02009	0.04519	0.01221	0.38818	0.28279	0.03646	0.02074	0.02000	0.01525	0.00860	0.00692	0.00214	0.00693	0.00673	0.00677	0.04664
15	0.00989	0.00666	0.00769	0.00794	0.00800	0.00659	0.00458	0.01008	0.01065	0.01420	0.02457	0.15591	0.02862	0.64008	0.03135	0.00615	0.00634	0.01166	0.00458	0.00445
16	0.54794	0.01549	0.01378	0.01144	0.01618	0.01763	0.00944	0.24036	0.01877	0.03548	0.01203	0.01312	0.00898	0.00710	0.00520	0.00214	0.00615	0.00460	0.00520	0.00898
17	0.00918	0.00674	0.00874	0.01001	0.01106	0.00631	0.00744	0.01105	0.01469	0.01917	0.07314	0.45152	0.14923	0.02025	0.00895	0.00282	0.00450	0.17275	0.00652	0.00593
18	0.01653	0.01650	0.02188	0.01804	0.02027	0.09514	0.11824	0.01954	0.03983	0.05202	0.02013	0.02343	0.10571	0.01114	0.01543	0.00264	0.38382	0.00755	0.00408	0.00806
19	0.01015	0.00677	0.00761	0.00761	0.00761	0.00677	0.00423	0.01015	0.01015	0.01353	0.02199	0.04567	0.02537	0.75476	0.03552	0.00677	0.00677	0.01015	0.00423	0.00423
20	0.00989	0.00666	0.00769	0.00794	0.00800	0.00659	0.00458	0.01008	0.01065	0.01420	0.02457	0.15591	0.02862	0.64008	0.03135	0.00615	0.00634	0.01166	0.00458	0.00445
21	0.01212	0.00606	0.00909	0.00909	0.00909	0.00606	0.00606	0.00909	0.00909	0.01212	0.01212	0.02121	0.01212	0.02424	0.02727	0.79697	0.00606	0.00606	0.00303	0.00303
22	0.02362	0.13619	0.02160	0.01651	0.02050	0.51383	0.01288	0.02829	0.12518	0.01888	0.01338	0.01449	0.01091	0.00737	0.00615	0.00184	0.01073	0.00491	0.00405	0.00868
23	0.01711	0.01057	0.01244	0.01058	0.01393	0.01018	0.00835	0.15438	0.02121	0.16678	0.23637	0.06962	0.21364	0.01312	0.00776	0.00223	0.00481	0.01103	0.00737	0.00851
24	0.00997	0.00748	0.01121	0.01121	0.01246	0.00872	0.00872	0.01246	0.01121	0.01620	0.01869	0.02741	0.01745	0.05234	0.72710	0.01121	0.01869	0.00748	0.00374	0.00623
25	0.00962	0.00712	0.00897	0.00851	0.01027	0.00648	0.00638	0.01268	0.01915	0.02655	0.60789	0.05448	0.16639	0.01480	0.00823	0.00222	0.00333	0.01295	0.00749	0.00648
26	0.00872	0.00624	0.00829	0.00957	0.01017	0.00581	0.00649	0.01026	0.01436	0.01941	0.14316	0.64097	0.04923	0.02067	0.00880	0.00273	0.00393	0.01871	0.00667	0.00581
27	0.00842	0.00683	0.00748	0.00784	0.00967	0.00588	0.00568	0.01016	0.01554	0.01922	0.10650	0.23539	0.50010	0.01848	0.00841	0.00246	0.00365	0.01585	0.00656	0.00588
28	0.01130	0.00924	0.01245	0.01184	0.01219	0.01120	0.00878	0.01252	0.01106	0.01576	0.02014	0.14295	0.02214	0.26274	0.19175	0.00615	0.21788	0.00988	0.00413	0.00589
29	0.01022	0.00785	0.01170	0.01156	0.01274	0.00933	0.00904	0.01267	0.01119	0.01623	0.01823	0.02683	0.01705	0.05041	0.69329	0.01082	0.05342	0.00741	0.00371	0.00630
30	0.01301	0.00650	0.00650	0.00650	0.00813	0.00650	0.00488	0.01626	0.01463	0.02602	0.02276	0.02602	0.01789	0.00813	0.00488	0.00163	0.00325	0.00650	0.79350	0.00650
31	0.14919	0.01699	0.01827	0.01421	0.01956	0.01831	0.01174	0.44611	0.02684	0.18321	0.01792	0.01738	0.01233	0.00813	0.00657	0.00212	0.00696	0.00605	0.00691	0.01119
32	0.02290	0.01800	0.02087	0.01980	0.12871	0.01983	0.01401	0.42872	0.18866	0.03714	0.01896	0.01904	0.01399	0.00830	0.00700	0.00216	0.00726	0.00666	0.00646	0.01154
33	0.00850	0.00607	0.00810	0.00972	0.01012	0.00567	0.00648	0.00972	0.01336	0.01781	0.03846	0.75020	0.04615	0.02186	0.00891	0.00283	0.00405	0.01984	0.00648	0.00567
34	0.01400	0.03610	0.71860	0.01989	0.03020	0.01621	0.02578	0.02210	0.01473	0.02210	0.01252	0.01473	0.00884	0.00663	0.00663	0.00221	0.01031	0.00516	0.00295	0.01031
35	0.02016	0.22107	0.22968	0.04845	0.02434	0.02136	0.01686	0.28494	0.02170	0.02905	0.01344	0.01476	0.01009	0.00716	0.00621	0.00198	0.00847	0.00527	0.00456	0.01045

[dist]
# distance from previous block
# <min> <max>
0	3

[block]
# block no. 2 follows, 30 sequences, length 27
# corresponding to MSA columns:
# 91-117
name=unknown_C
#
# <colnr> <probs for GDERKNQSTAVLIFYWHMCP>
#	G	D	E	R	K	N	Q	S	T	A	V	L	I	F	Y	W	H	M	C	P
0	0.01528	0.01986	0.15647	0.13178	0.02592	0.05558	0.03517	0.01869	0.01260	0.01814	0.01053	0.01564	0.00915	0.00989	0.01603	0.00269	0.42936	0.00591	0.00308	0.00824
1	0.17316	0.02323	0.02089	0.13355	0.02615	0.33249	0.09761	0.07405	0.01788	0.02265	0.01171	0.01441	0.00918	0.00694	0.00632	0.00204	0.01019	0.00524	0.00390	0.00838
2	0.01727	0.16097	0.02560	0.31257	0.20234	0.12967	0.01752	0.02088	0.01539	0.01867	0.01181	0.01590	0.00962	0.00663	0.00637	0.00202	0.00921	0.00546	0.00324	0.00886
3	0.02015	0.01626	0.01991	0.01905	0.15295	0.01597	0.01294	0.30411	0.02256	0.03181	0.01440	0.01599	0.01113	0.00674	0.00628	0.00169	0.00684	0.00545	0.00522	0.31057
4	0.06301	0.01083	0.01435	0.01174	0.01613	0.00962	0.00940	0.02868	0.01832	0.54914	0.02881	0.16355	0.02240	0.01109	0.00726	0.00229	0.00555	0.00934	0.00802	0.01047
5	0.01852	0.44854	0.03032	0.01836	0.15193	0.02297	0.01355	0.02453	0.14763	0.04116	0.01453	0.01563	0.01201	0.00678	0.00553	0.00179	0.00720	0.00512	0.00405	0.00985
6	0.01015	0.00677	0.00761	0.00761	0.00761	0.00677	0.00423	0.01015	0.01015	0.01353	0.02199	0.04567	0.02537	0.75476	0.03552	0.00677	0.00677	0.01015	0.00423	0.00423
7	0.16228	0.00758	0.00845	0.00942	0.01065	0.00765	0.00655	0.01183	0.01307	0.02031	0.03372	0.55201	0.06695	0.04523	0.00895	0.00282	0.00439	0.01616	0.00598	0.00599
8	0.01212	0.00606	0.00909	0.00909	0.00909	0.00606	0.00606	0.00909	0.00909	0.01212	0.01212	0.02121	0.01212	0.02424	0.02727	0.79697	0.00606	0.00606	0.00303	0.00303
9	0.01149	0.00879	0.01297	0.15283	0.02075	0.00937	0.01259	0.01489	0.01553	0.02015	0.03228	0.09847	0.03448	0.01702	0.00909	0.00302	0.00687	0.50698	0.00579	0.00665
10	0.00846	0.00623	0.00794	0.00930	0.01001	0.00570	0.00629	0.00976	0.01376	0.01798	0.04352	0.64306	0.15003	0.02121	0.00880	0.00276	0.00397	0.01904	0.00648	0.00570
11	0.00840	0.00679	0.00737	0.00780	0.00953	0.00587	0.00557	0.00994	0.01497	0.01834	0.05990	0.24970	0.50058	0.05108	0.00962	0.00268	0.00381	0.01590	0.00638	0.00576
12	0.01260	0.00861	0.00957	0.00941	0.01131	0.00902	0.00694	0.01938	0.18250	0.02505	0.13456	0.17079	0.03199	0.03987	0.00787	0.00232	0.00410	0.01051	0.29621	0.00738
13	0.01925	0.01539	0.01493	0.01274	0.01662	0.08132	0.01006	0.22366	0.19213	0.05995	0.03072	0.02983	0.14951	0.01032	0.00694	0.00213	0.00619	0.00821	0.10060	0.00951
14	0.30368	0.01162	0.01176	0.01005	0.01376	0.01227	0.00808	0.10040	0.01769	0.14652	0.15045	0.02426	0.02259	0.00883	0.00593	0.00207	0.00502	0.00676	0.12980	0.00845
15	0.07765	0.00964	0.01136	0.01060	0.01315	0.00967	0.00811	0.06366	0.07209	0.14315	0.08360	0.19180	0.06418	0.05279	0.00992	0.04147	0.00513	0.06222	0.06208	0.00774
16	0.16383	0.00865	0.01035	0.01144	0.01330	0.00897	0.00946	0.01456	0.01465	0.02221	0.03203	0.21631	0.03520	0.01738	0.00845	0.00292	0.00569	0.39208	0.00603	0.00647
17	0.00890	0.00638	0.00845	0.00945	0.01021	0.00593	0.00651	0.01071	0.01520	0.02074	0.23117	0.54915	0.05182	0.01967	0.00871	0.00265	0.00383	0.01776	0.00682	0.00593
18	0.00920	0.00607	0.00829	0.00960	0.00992	0.00574	0.00640	0.00960	0.01254	0.01671	0.03337	0.60933	0.03958	0.02232	0.01246	0.15629	0.00444	0.01718	0.00581	0.00516
19	0.17799	0.01138	0.01261	0.01128	0.01477	0.01182	0.00885	0.02505	0.17311	0.20726	0.06198	0.11525	0.04422	0.04939	0.00841	0.00259	0.00537	0.04303	0.00670	0.00894
20	0.00984	0.00643	0.00791	0.00863	0.00941	0.00614	0.00585	0.01159	0.01413	0.02035	0.13790	0.39493	0.04066	0.12811	0.01202	0.00309	0.00418	0.01467	0.15841	0.00576
21	0.17722	0.01766	0.01843	0.01439	0.01971	0.01942	0.01188	0.49768	0.02756	0.10453	0.01640	0.01636	0.01154	0.00803	0.00647	0.00211	0.00707	0.00587	0.00662	0.01104
22	0.01306	0.01184	0.01872	0.01581	0.01869	0.01311	0.14443	0.01944	0.14529	0.02012	0.02151	0.02643	0.05159	0.02957	0.34739	0.00658	0.07611	0.00796	0.00443	0.00790
23	0.00892	0.00669	0.00764	0.00810	0.00920	0.00610	0.00543	0.01012	0.01379	0.01757	0.08032	0.26521	0.29297	0.21766	0.01580	0.00368	0.00455	0.01492	0.00593	0.00541
24	0.01015	0.00677	0.00761	0.00761	0.00761	0.00677	0.00423	0.01015	0.01015	0.01353	0.02199	0.04567	0.02537	0.75476	0.03552	0.00677	0.00677	0.01015	0.00423	0.00423
25	0.55963	0.01353	0.01233	0.04164	0.01606	0.01485	0.00870	0.04454	0.01320	0.02901	0.01059	0.01260	0.00839	0.00652	0.00537	0.00198	0.03226	0.00413	0.00428	0.16036
26	0.15384	0.01160	0.01498	0.01286	0.01547	0.01313	0.03913	0.05255	0.01553	0.10688	0.17054	0.02644	0.02436	0.01852	0.14908	0.00409	0.15010	0.00763	0.00533	0.00791

[dist]
# distance from previous block
# <min> <max>
0	1

[block]
# block no. 3 follows, 30 sequences, length 41
# corresponding to MSA columns:
# 119-159
name=unknown_D
#
# <colnr> <probs for GDERKNQSTAVLIFYWHMCP>
#	G	D	E	R	K	N	Q	S	T	A	V	L	I	F	Y	W	H	M	C	P
0	0.11294	0.01743	0.01715	0.01384	0.01839	0.07250	0.01120	0.42472	0.02652	0.03663	0.11142	0.02386	0.06431	0.00947	0.00687	0.00211	0.00694	0.00726	0.00647	0.00998
1	0.00984	0.00729	0.01042	0.01094	0.01216	0.00787	0.00850	0.01222	0.01290	0.01780	0.05321	0.16397	0.05966	0.03869	0.42669	0.00772	0.01290	0.11613	0.00492	0.00616
2	0.01000	0.00670	0.00766	0.00781	0.00784	0.00666	0.00444	0.01011	0.01045	0.01393	0.02351	0.11097	0.02730	0.68683	0.03305	0.00640	0.00651	0.01105	0.00444	0.00436
3	0.00984	0.00699	0.00928	0.00950	0.01011	0.00749	0.00653	0.01112	0.01106	0.01530	0.02278	0.13393	0.02469	0.34233	0.33923	0.00821	0.01169	0.01029	0.00432	0.00532
4	0.21679	0.01807	0.01833	0.01437	0.01965	0.02018	0.01187	0.52463	0.02769	0.04088	0.01503	0.01543	0.01081	0.00791	0.00633	0.00211	0.00712	0.00567	0.00633	0.01081
5	0.49975	0.01586	0.01444	0.01187	0.01668	0.01800	0.00979	0.28174	0.02007	0.03627	0.01247	0.01346	0.00924	0.00722	0.00536	0.00213	0.00629	0.00476	0.00536	0.00924
6	0.02057	0.01284	0.01456	0.01244	0.01625	0.01357	0.01013	0.22041	0.13147	0.14875	0.02465	0.03011	0.01961	0.01003	0.00687	0.00219	0.00582	0.09673	0.19328	0.00972
7	0.01030	0.00756	0.00964	0.01047	0.01203	0.00725	0.00853	0.01276	0.01556	0.02008	0.10457	0.06916	0.18928	0.11907	0.01274	0.00341	0.00554	0.36978	0.00625	0.00602
8	0.00828	0.00693	0.00721	0.00743	0.00952	0.00586	0.00546	0.00997	0.01556	0.01871	0.06628	0.16060	0.61780	0.01825	0.00834	0.00242	0.00360	0.01543	0.00648	0.00586
9	0.02613	0.03138	0.01993	0.01771	0.02158	0.63029	0.01345	0.11816	0.02156	0.02076	0.01160	0.01315	0.00938	0.00735	0.00639	0.00184	0.01191	0.00474	0.00406	0.00861
10	0.01055	0.00819	0.00973	0.00916	0.01127	0.00791	0.00692	0.01577	0.11180	0.02620	0.47885	0.05176	0.19676	0.01434	0.00808	0.00225	0.00365	0.01242	0.00735	0.00705
11	0.00956	0.00707	0.00916	0.01039	0.01168	0.00666	0.00811	0.01173	0.01511	0.01951	0.06319	0.33183	0.17662	0.01980	0.00904	0.00287	0.00485	0.27030	0.00649	0.00603
12	0.01652	0.01404	0.01516	0.01402	0.01764	0.01608	0.01107	0.03399	0.60525	0.02805	0.02957	0.03324	0.02388	0.01081	0.00745	0.00248	0.00565	0.09768	0.00701	0.01041
13	0.00997	0.00748	0.01121	0.01121	0.01246	0.00872	0.00872	0.01246	0.01121	0.01620	0.01869	0.02741	0.01745	0.05234	0.72710	0.01121	0.01869	0.00748	0.00374	0.00623
14	0.00895	0.00710	0.00804	0.00780	0.00985	0.00619	0.00585	0.01137	0.01755	0.02276	0.34342	0.06072	0.43323	0.01621	0.00824	0.00229	0.00343	0.01383	0.00699	0.00619
15	0.01212	0.00606	0.00909	0.00909	0.00909	0.00606	0.00606	0.00909	0.00909	0.01212	0.01212	0.02121	0.01212	0.02424	0.02727	0.79697	0.00606	0.00606	0.00303	0.00303
16	0.54241	0.01553	0.01385	0.01149	0.01624	0.01767	0.00948	0.24511	0.01892	0.03557	0.01208	0.01316	0.00901	0.00712	0.00521	0.00214	0.00617	0.00462	0.00521	0.00901
17	0.01400	0.01324	0.02241	0.59916	0.18050	0.01572	0.01979	0.01855	0.01434	0.01882	0.01255	0.01834	0.00965	0.00683	0.00696	0.00228	0.00910	0.00620	0.00317	0.00841
18	0.01746	0.01832	0.02379	0.30336	0.32022	0.15799	0.01905	0.02133	0.01593	0.01976	0.01238	0.01684	0.00997	0.00670	0.00681	0.00211	0.00953	0.00587	0.00335	0.00920
19	0.02607	0.03326	0.01978	0.01798	0.02157	0.72674	0.01348	0.02787	0.01978	0.01708	0.01079	0.01258	0.00899	0.00719	0.00629	0.00180	0.01258	0.00449	0.00360	0.00809
20	0.01688	0.01383	0.01576	0.01148	0.01756	0.01177	0.00927	0.15145	0.01813	0.02698	0.01327	0.01493	0.01064	0.00581	0.00553	0.00125	0.00567	0.00456	0.00470	0.64054
21	0.02073	0.11889	0.02020	0.01435	0.01854	0.10098	0.01183	0.32958	0.02266	0.02925	0.01564	0.01851	0.01270	0.02029	0.20933	0.00455	0.01132	0.00606	0.00513	0.00944
22	0.02132	0.01529	0.01647	0.01380	0.01808	0.04238	0.01098	0.20362	0.29589	0.14370	0.11745	0.02630	0.02381	0.00962	0.00718	0.00222	0.00611	0.00785	0.00727	0.01067
23	0.01245	0.01167	0.01930	0.58435	0.04092	0.01390	0.04154	0.01662	0.01429	0.01814	0.02143	0.05291	0.10638	0.00896	0.00727	0.00235	0.00841	0.00796	0.00371	0.00748
24	0.00978	0.00701	0.00948	0.01057	0.01169	0.00671	0.00814	0.01219	0.01586	0.02136	0.20167	0.34830	0.04891	0.01911	0.00899	0.00281	0.00468	0.23984	0.00675	0.00615
25	0.21505	0.01950	0.01690	0.01424	0.01880	0.15405	0.01136	0.24402	0.15768	0.05755	0.01661	0.01674	0.01234	0.00791	0.00622	0.00211	0.00757	0.00568	0.00577	0.00992
26	0.00886	0.00709	0.00791	0.00771	0.00980	0.00615	0.00578	0.01119	0.01734	0.02226	0.30864	0.06154	0.46832	0.01640	0.00824	0.00230	0.00344	0.01394	0.00693	0.00615
27	0.00950	0.00668	0.00774	0.00807	0.00858	0.00639	0.00501	0.01021	0.01222	0.01607	0.07281	0.20378	0.12783	0.44710	0.02425	0.00502	0.00551	0.01306	0.00524	0.00492
28	0.00975	0.00670	0.00763	0.00785	0.00812	0.00653	0.00464	0.01008	0.01112	0.01461	0.02876	0.14404	0.09152	0.58618	0.02935	0.00582	0.00609	0.01190	0.00474	0.00458
29	0.00970	0.00681	0.00809	0.00863	0.00920	0.00658	0.00569	0.01056	0.01225	0.01598	0.03323	0.20252	0.11441	0.41962	0.02339	0.00496	0.00575	0.09237	0.00525	0.00500
30	0.02125	0.01921	0.01785	0.01494	0.01959	0.14121	0.01179	0.22646	0.29932	0.03069	0.01993	0.01953	0.01502	0.00822	0.00669	0.00202	0.00735	0.00636	0.00609	0.10647
31	0.00955	0.00712	0.00888	0.00844	0.01023	0.00645	0.00633	0.01254	0.01898	0.02616	0.58036	0.05513	0.19417	0.01495	0.00823	0.00223	0.00334	0.01304	0.00744	0.00645
32	0.01635	0.01548	0.02571	0.15666	0.15638	0.01506	0.18836	0.07974	0.01680	0.02365	0.01337	0.01708	0.01048	0.00617	0.00678	0.00190	0.00844	0.00616	0.00392	0.23151
33	0.03131	0.01188	0.01619	0.01242	0.01781	0.01026	0.01026	0.03401	0.01997	0.71606	0.02753	0.02375	0.01727	0.00864	0.00702	0.00216	0.00594	0.00702	0.00864	0.01188
34	0.01667	0.01359	0.01553	0.01141	0.01728	0.01164	0.00919	0.15125	0.01838	0.02722	0.04522	0.01666	0.01319	0.00623	0.00567	0.00130	0.00558	0.00495	0.00487	0.60419
35	0.01026	0.00728	0.01092	0.01092	0.01200	0.00836	0.00836	0.01200	0.01092	0.01564	0.01779	0.02657	0.01672	0.04849	0.63137	0.11870	0.01696	0.00728	0.00364	0.00579
36	0.00849	0.00613	0.00804	0.00957	0.01008	0.00568	0.00641	0.00973	0.01350	0.01787	0.04023	0.71272	0.08249	0.02163	0.00887	0.00281	0.00402	0.01956	0.00648	0.00568
37	0.01678	0.01377	0.01571	0.01143	0.01752	0.01167	0.00923	0.14606	0.01799	0.02681	0.01324	0.01491	0.01063	0.00578	0.00552	0.00124	0.00565	0.00455	0.00468	0.64685
38	0.01170	0.00621	0.00878	0.00878	0.00878	0.00621	0.00567	0.00931	0.00931	0.01242	0.01421	0.02638	0.01492	0.17871	0.02902	0.62988	0.00621	0.00692	0.00328	0.00328
39	0.01128	0.00789	0.00968	0.00912	0.01115	0.00733	0.00685	0.05011	0.01894	0.05743	0.43072	0.13681	0.18563	0.01528	0.00819	0.00230	0.00379	0.01331	0.00730	0.00687
40	0.05284	0.00697	0.00901	0.01048	0.01140	0.00681	0.00774	0.01150	0.01396	0.01933	0.03650	0.54070	0.04253	0.02037	0.00884	0.00289	0.00472	0.18110	0.00635	0.00596

[dist]
# distance from previous block
# <min> <max>
0	27

[block]
# block no. 4 follows, 30 sequences, length 48
# corresponding to MSA columns:
# 187-234
name=unknown_E
#
# <colnr> <probs for GDERKNQSTAVLIFYWHMCP>
#	G	D	E	R	K	N	Q	S	T	A	V	L	I	F	Y	W	H	M	C	P
0	0.01883	0.01081	0.01343	0.01240	0.01562	0.01087	0.00981	0.02613	0.21098	0.24633	0.03182	0.19587	0.02876	0.01364	0.00791	0.00255	0.00548	0.12210	0.00734	0.00933
1	0.19819	0.00905	0.00982	0.00951	0.01213	0.00886	0.00715	0.01663	0.01474	0.14563	0.03669	0.30238	0.17345	0.01502	0.00736	0.00245	0.00459	0.01271	0.00636	0.00726
2	0.00982	0.00705	0.00914	0.01038	0.01117	0.00693	0.00753	0.01215	0.04309	0.01842	0.03514	0.44304	0.04041	0.13232	0.01307	0.00351	0.00512	0.17967	0.00615	0.00587
3	0.09189	0.01862	0.02196	0.01672	0.02234	0.02022	0.08337	0.53295	0.02876	0.06960	0.01634	0.01681	0.01160	0.00796	0.00689	0.00213	0.00784	0.00631	0.00646	0.01124
4	0.00978	0.00747	0.01045	0.01078	0.01165	0.00814	0.00799	0.01181	0.01341	0.01879	0.13639	0.32161	0.03612	0.03081	0.26735	0.00575	0.06693	0.01317	0.00542	0.00617
5	0.00923	0.00667	0.00822	0.00901	0.00985	0.00627	0.00622	0.01061	0.01381	0.01812	0.09658	0.34947	0.14909	0.19420	0.01513	0.00367	0.00477	0.07751	0.00604	0.00551
6	0.01533	0.00909	0.01141	0.01005	0.01285	0.00848	0.00790	0.06982	0.02015	0.16574	0.40375	0.04685	0.13308	0.01335	0.00796	0.00225	0.00435	0.04202	0.00761	0.00796
7	0.50545	0.26259	0.05244	0.01060	0.01575	0.01966	0.00988	0.02072	0.01278	0.02592	0.00984	0.01145	0.00808	0.00632	0.00448	0.00194	0.00632	0.00383	0.00381	0.00815
8	0.01248	0.00833	0.01195	0.08696	0.01531	0.00927	0.00889	0.06442	0.01228	0.01676	0.01541	0.02412	0.01443	0.06989	0.27717	0.32524	0.01113	0.00682	0.00367	0.00544
9	0.10168	0.01976	0.01795	0.14207	0.02388	0.26353	0.04795	0.09797	0.01823	0.02265	0.04396	0.13453	0.01755	0.00979	0.00688	0.00217	0.00890	0.00791	0.00460	0.00803
10	0.01255	0.00931	0.01154	0.01105	0.01340	0.00901	0.00858	0.10276	0.01741	0.02380	0.12842	0.24989	0.06126	0.01768	0.04259	0.02491	0.00574	0.13565	0.00618	0.10829
11	0.06283	0.01691	0.01455	0.01288	0.01604	0.21118	0.00972	0.02553	0.12546	0.17756	0.01926	0.02242	0.01531	0.08867	0.01218	0.10450	0.00768	0.00646	0.04261	0.00826
12	0.01730	0.54797	0.23563	0.01426	0.02150	0.02428	0.01598	0.02125	0.01434	0.01808	0.01053	0.01223	0.00892	0.00616	0.00511	0.00170	0.00829	0.00415	0.00297	0.00935
13	0.02206	0.02658	0.02037	0.01810	0.02036	0.46472	0.01415	0.02375	0.01640	0.01697	0.01018	0.01358	0.00905	0.00906	0.01246	0.00226	0.28353	0.00509	0.00339	0.00792
14	0.00976	0.00660	0.00838	0.00916	0.00999	0.00614	0.00618	0.01112	0.01403	0.04458	0.11513	0.47534	0.09582	0.13831	0.01300	0.00333	0.00443	0.01656	0.00634	0.00579
15	0.00972	0.00707	0.00893	0.00956	0.01078	0.00668	0.00717	0.01179	0.01532	0.02029	0.18664	0.20763	0.14843	0.13705	0.01313	0.00335	0.00484	0.17941	0.00637	0.00586
16	0.80405	0.01350	0.01026	0.00918	0.01350	0.01565	0.00756	0.02051	0.01188	0.03131	0.00972	0.01134	0.00756	0.00648	0.00432	0.00216	0.00540	0.00378	0.00432	0.00756
17	0.00825	0.00707	0.00707	0.00707	0.00943	0.00589	0.00530	0.01001	0.01591	0.01885	0.07069	0.06716	0.70839	0.01767	0.00825	0.00236	0.00353	0.01473	0.00648	0.00589
18	0.01292	0.00746	0.00929	0.00925	0.01081	0.00679	0.00645	0.01427	0.01440	0.14150	0.05478	0.32946	0.14806	0.18449	0.01447	0.00351	0.00489	0.01433	0.00638	0.00651
19	0.00973	0.00702	0.00920	0.00888	0.01039	0.00649	0.00657	0.01281	0.01908	0.02691	0.63720	0.12552	0.06377	0.01506	0.00830	0.00226	0.00337	0.01338	0.00756	0.00649
20	0.80405	0.01350	0.01026	0.00918	0.01350	0.01565	0.00756	0.02051	0.01188	0.03131	0.00972	0.01134	0.00756	0.00648	0.00432	0.00216	0.00540	0.00378	0.00432	0.00756
21	0.01527	0.01527	0.02137	0.01832	0.01832	0.02137	0.01527	0.01679	0.01069	0.01679	0.00916	0.01527	0.00916	0.01221	0.02290	0.00305	0.74198	0.00611	0.00305	0.00763
22	0.01135	0.00921	0.01013	0.00979	0.01203	0.00936	0.00722	0.01831	0.21256	0.02272	0.15502	0.13794	0.25764	0.08239	0.01048	0.00280	0.00443	0.01264	0.00665	0.00731
23	0.00996	0.00744	0.01102	0.01096	0.01225	0.00850	0.00850	0.01254	0.01211	0.01744	0.09112	0.03001	0.02253	0.04833	0.65152	0.01027	0.01707	0.00802	0.00415	0.00627
24	0.01000	0.00734	0.01054	0.01054	0.01155	0.00835	0.00787	0.01202	0.01101	0.01570	0.01931	0.03086	0.01894	0.18485	0.59663	0.01038	0.01644	0.00798	0.00383	0.00585
25	0.01013	0.00682	0.00789	0.00789	0.00799	0.00692	0.00458	0.01033	0.01023	0.01374	0.02173	0.04424	0.02475	0.69978	0.08965	0.00711	0.00770	0.00994	0.00419	0.00439
26	0.00997	0.00669	0.00766	0.00783	0.00787	0.00665	0.00446	0.01010	0.01049	0.01398	0.02372	0.11974	0.02756	0.67770	0.03272	0.00635	0.00648	0.01117	0.00446	0.00438
27	0.01708	0.10185	0.30142	0.01777	0.05967	0.01783	0.01767	0.05581	0.26069	0.05258	0.01872	0.01899	0.01390	0.00771	0.00662	0.00218	0.00791	0.00616	0.00486	0.01060
28	0.01951	0.58463	0.08731	0.01343	0.01947	0.10056	0.01326	0.05850	0.01584	0.01845	0.01043	0.01192	0.00911	0.00628	0.00498	0.00161	0.00824	0.00406	0.00327	0.00913
29	0.00931	0.00711	0.00855	0.00819	0.01008	0.00634	0.00614	0.01208	0.01842	0.02482	0.48681	0.05734	0.28855	0.01545	0.00824	0.00225	0.00338	0.01335	0.00727	0.00634
30	0.01006	0.00713	0.00947	0.00947	0.01012	0.00778	0.00655	0.01134	0.01070	0.01491	0.02028	0.03623	0.02127	0.39172	0.39295	0.00907	0.01293	0.00877	0.00398	0.00526
31	0.01447	0.01240	0.01447	0.01034	0.01654	0.00930	0.00827	0.01757	0.01447	0.02274	0.01240	0.01447	0.01034	0.00517	0.00517	0.00103	0.00517	0.00413	0.00413	0.79742
32	0.01273	0.01038	0.01391	0.04669	0.12480	0.01085	0.01049	0.05274	0.14036	0.02189	0.02965	0.40136	0.03178	0.04737	0.00922	0.00274	0.00552	0.01378	0.00590	0.00786
33	0.01062	0.00759	0.01053	0.01214	0.01348	0.00750	0.01016	0.01338	0.01545	0.02019	0.03729	0.23087	0.04152	0.01986	0.00947	0.00313	0.00589	0.51824	0.00644	0.00625
34	0.01447	0.01240	0.01447	0.01034	0.01654	0.00930	0.00827	0.01757	0.01447	0.02274	0.01240	0.01447	0.01034	0.00517	0.00517	0.00103	0.00517	0.00413	0.00413	0.79742
35	0.01393	0.01017	0.01127	0.01026	0.01333	0.01022	0.00792	0.02193	0.23994	0.09713	0.16360	0.04654	0.29912	0.01345	0.00774	0.00231	0.00439	0.01132	0.00712	0.00832
36	0.02658	0.01795	0.01977	0.01532	0.02075	0.01947	0.01261	0.53159	0.08285	0.15117	0.01940	0.01861	0.01348	0.00850	0.00700	0.00213	0.00723	0.00653	0.00726	0.01180
37	0.11221	0.01780	0.02233	0.05835	0.35049	0.10549	0.01648	0.09141	0.01712	0.02481	0.01298	0.01629	0.01060	0.00720	0.00768	0.00211	0.06562	0.00573	0.04559	0.00971
38	0.67863	0.01668	0.01179	0.01060	0.01480	0.13029	0.00851	0.02170	0.01315	0.02901	0.00989	0.01154	0.00779	0.00659	0.00464	0.00210	0.00656	0.00389	0.00420	0.00764
39	0.01236	0.01024	0.01378	0.16185	0.09204	0.01107	0.01060	0.01735	0.12365	0.01932	0.02766	0.10645	0.10401	0.22053	0.01531	0.00359	0.00649	0.00998	0.02653	0.00717
40	0.01548	0.01714	0.08479	0.33971	0.14027	0.01664	0.20647	0.05534	0.01600	0.02156	0.01323	0.01805	0.01002	0.00660	0.00729	0.00227	0.00984	0.00669	0.00347	0.00913
41	0.00951	0.00784	0.00864	0.00820	0.01080	0.00651	0.00603	0.01135	0.01494	0.01916	0.05197	0.18812	0.42730	0.04385	0.00883	0.00237	0.00405	0.01360	0.00596	0.15096
42	0.00978	0.00661	0.00772	0.00809	0.00818	0.00652	0.00474	0.01005	0.01088	0.01450	0.02572	0.20526	0.03008	0.58874	0.02949	0.00587	0.00615	0.01234	0.00474	0.00455
43	0.05245	0.19023	0.02556	0.18555	0.22541	0.01814	0.01598	0.05389	0.01632	0.13139	0.01446	0.01689	0.01104	0.00683	0.00626	0.00201	0.00780	0.00565	0.00429	0.00983
44	0.01820	0.01446	0.01568	0.01365	0.01795	0.01593	0.01069	0.03478	0.57115	0.08472	0.02665	0.02463	0.01982	0.00895	0.00689	0.00221	0.00552	0.00742	0.00691	0.09379
45	0.01447	0.01240	0.01447	0.01034	0.01654	0.00930	0.00827	0.01757	0.01447	0.02274	0.01240	0.01447	0.01034	0.00517	0.00517	0.00103	0.00517	0.00413	0.00413	0.79742
46	0.07568	0.01535	0.10274	0.25373	0.11129	0.01423	0.06859	0.05307	0.01499	0.02158	0.01695	0.12406	0.01557	0.01271	0.06678	0.00307	0.00912	0.00813	0.00400	0.00835
47	0.00981	0.00688	0.00798	0.00812	0.00931	0.00635	0.00557	0.01074	0.01334	0.01750	0.07161	0.14197	0.24975	0.22354	0.01774	0.08715	0.00489	0.03680	0.04702	0.02393

[dist]
# distance from previous block
# <min> <max>
0	17

# created by:
# /home/berkeley/.conda/envs/busco_data_prod/bin/msa2prfl.pl pipeline/OGs_align_augustus/5794/68758.fs
