[name]
unknown

[dist]
# distance from previous block
# <min> <max>
0	48

[block]
# block no. 0 follows, 27 sequences, length 91
# corresponding to MSA columns:
# 48-138
name=unknown_A
#
# <colnr> <probs for GDERKNQSTAVLIFYWHMCP>
#	G	D	E	R	K	N	Q	S	T	A	V	L	I	F	Y	W	H	M	C	P
0	0.01196	0.00854	0.01196	0.01367	0.01538	0.00854	0.01196	0.01538	0.01709	0.02222	0.03931	0.08374	0.04272	0.02051	0.01025	0.00342	0.00684	0.64283	0.00684	0.00684
1	0.79154	0.01436	0.01091	0.00976	0.01436	0.01665	0.00804	0.02182	0.01263	0.03331	0.01034	0.01206	0.00804	0.00689	0.00459	0.00230	0.00574	0.00402	0.00459	0.00804
2	0.79154	0.01436	0.01091	0.00976	0.01436	0.01665	0.00804	0.02182	0.01263	0.03331	0.01034	0.01206	0.00804	0.00689	0.00459	0.00230	0.00574	0.00402	0.00459	0.00804
3	0.01985	0.74357	0.03890	0.01270	0.01905	0.02937	0.01270	0.02223	0.01508	0.01747	0.01032	0.01191	0.00953	0.00635	0.00476	0.00159	0.00794	0.00397	0.00318	0.00953
4	0.79154	0.01436	0.01091	0.00976	0.01436	0.01665	0.00804	0.02182	0.01263	0.03331	0.01034	0.01206	0.00804	0.00689	0.00459	0.00230	0.00574	0.00402	0.00459	0.00804
5	0.79154	0.01436	0.01091	0.00976	0.01436	0.01665	0.00804	0.02182	0.01263	0.03331	0.01034	0.01206	0.00804	0.00689	0.00459	0.00230	0.00574	0.00402	0.00459	0.00804
6	0.02822	0.02079	0.02228	0.01708	0.02302	0.02302	0.01411	0.66804	0.03490	0.04679	0.01782	0.01782	0.01262	0.00891	0.00743	0.00223	0.00817	0.00668	0.00743	0.01262
7	0.00935	0.00724	0.00811	0.00843	0.00998	0.00645	0.00587	0.01095	0.01572	0.01987	0.12232	0.21256	0.37361	0.13952	0.01376	0.00338	0.00443	0.01583	0.00663	0.00600
8	0.01753	0.01446	0.01654	0.01201	0.01850	0.01208	0.00968	0.12697	0.01865	0.02796	0.01397	0.01580	0.01127	0.00607	0.00582	0.00129	0.00594	0.00478	0.00490	0.65578
9	0.21208	0.01723	0.02501	0.05825	0.13948	0.01875	0.15846	0.10403	0.08603	0.02913	0.01507	0.01795	0.01170	0.00781	0.00839	0.00243	0.06677	0.00662	0.00473	0.01008
10	0.01402	0.01319	0.02227	0.72126	0.05113	0.01649	0.02062	0.01897	0.01484	0.01897	0.01319	0.01979	0.00990	0.00742	0.00742	0.00247	0.00990	0.00660	0.00330	0.00825
11	0.02019	0.01131	0.01376	0.01158	0.01541	0.01079	0.00918	0.09219	0.07534	0.24846	0.24114	0.04213	0.15155	0.01277	0.00810	0.00236	0.00516	0.01074	0.00815	0.00970
12	0.01902	0.62598	0.14925	0.01411	0.02123	0.02735	0.01516	0.02244	0.01518	0.01847	0.01082	0.01254	0.00951	0.00647	0.00515	0.00172	0.00844	0.00422	0.00317	0.00977
13	0.00990	0.00732	0.00944	0.01080	0.01205	0.00686	0.00822	0.01197	0.01566	0.02019	0.04737	0.39712	0.17707	0.02150	0.00958	0.00304	0.00498	0.21372	0.00687	0.00633
14	0.01051	0.00759	0.00992	0.00934	0.01109	0.00700	0.00700	0.01401	0.02101	0.02977	0.68888	0.05545	0.07005	0.01518	0.00876	0.00233	0.00350	0.01343	0.00817	0.00700
15	0.01525	0.01445	0.02449	0.53065	0.23214	0.01682	0.02123	0.02004	0.01543	0.02046	0.01341	0.01939	0.01042	0.00719	0.00740	0.00240	0.00959	0.00660	0.00340	0.00924
16	0.01638	0.01365	0.01513	0.01418	0.01764	0.01536	0.01123	0.03219	0.48460	0.02934	0.10909	0.04090	0.03178	0.01252	0.00817	0.00266	0.00577	0.12159	0.00750	0.01032
17	0.02189	0.01903	0.02677	0.03488	0.44427	0.05308	0.01937	0.18316	0.04358	0.05777	0.01596	0.01858	0.01250	0.00745	0.00735	0.00221	0.00868	0.00663	0.00496	0.01185
18	0.62153	0.01718	0.01331	0.01187	0.01593	0.10425	0.00962	0.02243	0.01357	0.02993	0.01042	0.01263	0.00839	0.00757	0.00675	0.00234	0.07546	0.00435	0.00437	0.00812
19	0.01235	0.00997	0.01532	0.01873	0.16268	0.01078	0.01147	0.01495	0.01284	0.01831	0.01916	0.03002	0.01846	0.15879	0.44232	0.00899	0.01532	0.00813	0.00400	0.00741
20	0.06763	0.01717	0.07389	0.20124	0.32548	0.01670	0.01968	0.02384	0.07625	0.06025	0.01656	0.02132	0.01318	0.00774	0.00728	0.00236	0.00858	0.02600	0.00435	0.01050
21	0.01039	0.00712	0.00865	0.00903	0.00928	0.00718	0.00557	0.01098	0.01168	0.01573	0.02687	0.19800	0.03092	0.50271	0.10830	0.00681	0.00801	0.01275	0.00497	0.00508
22	0.01657	0.01428	0.01770	0.12246	0.14370	0.07912	0.01347	0.07394	0.04481	0.05744	0.08628	0.21760	0.05569	0.01307	0.00808	0.00248	0.00721	0.01146	0.00579	0.00885
23	0.01421	0.01877	0.17229	0.56643	0.04693	0.01666	0.02212	0.01997	0.01503	0.01997	0.01322	0.01888	0.00979	0.00734	0.00734	0.00245	0.01013	0.00635	0.00326	0.00885
24	0.02780	0.03335	0.02121	0.01884	0.02296	0.61379	0.01431	0.11849	0.02297	0.02215	0.01236	0.01400	0.00999	0.00783	0.00680	0.00196	0.01266	0.00505	0.00433	0.00917
25	0.01112	0.00860	0.01038	0.01128	0.01263	0.00879	0.00792	0.01679	0.16142	0.02167	0.03992	0.55155	0.06882	0.02016	0.00902	0.00288	0.00463	0.01808	0.00704	0.00730
26	0.79154	0.01436	0.01091	0.00976	0.01436	0.01665	0.00804	0.02182	0.01263	0.03331	0.01034	0.01206	0.00804	0.00689	0.00459	0.00230	0.00574	0.00402	0.00459	0.00804
27	0.62273	0.01578	0.01343	0.01138	0.01627	0.01806	0.00938	0.16473	0.01756	0.03629	0.01199	0.01333	0.00905	0.00734	0.00522	0.00228	0.00628	0.00461	0.00522	0.00905
28	0.01132	0.00808	0.01122	0.01293	0.01436	0.00799	0.01084	0.01427	0.01645	0.02149	0.03966	0.22760	0.04413	0.02112	0.01008	0.00333	0.00628	0.50533	0.00685	0.00666
29	0.79154	0.01436	0.01091	0.00976	0.01436	0.01665	0.00804	0.02182	0.01263	0.03331	0.01034	0.01206	0.00804	0.00689	0.00459	0.00230	0.00574	0.00402	0.00459	0.00804
30	0.01061	0.00795	0.01193	0.01193	0.01326	0.00928	0.00928	0.01326	0.01193	0.01723	0.01988	0.02916	0.01856	0.05568	0.70968	0.01193	0.01988	0.00795	0.00398	0.00663
31	0.09031	0.06975	0.10197	0.01387	0.01823	0.01541	0.01237	0.11296	0.15670	0.02854	0.09358	0.16201	0.02840	0.01264	0.00765	0.00250	0.00650	0.05096	0.00627	0.00937
32	0.01605	0.01418	0.01865	0.01864	0.16691	0.01161	0.01189	0.01960	0.01573	0.02420	0.01336	0.01605	0.01116	0.00574	0.00591	0.00134	0.00623	0.00489	0.00424	0.61360
33	0.02773	0.03538	0.02104	0.01913	0.02295	0.70930	0.01434	0.02964	0.02104	0.01817	0.01148	0.01339	0.00956	0.00765	0.00669	0.00191	0.01339	0.00478	0.00383	0.00861
34	0.01862	0.01491	0.01612	0.01451	0.01852	0.01688	0.01126	0.03673	0.57639	0.07350	0.05810	0.06381	0.02567	0.01088	0.00769	0.00252	0.00573	0.00917	0.00765	0.01133
35	0.01530	0.01592	0.03193	0.02431	0.02962	0.01518	0.42972	0.02120	0.05949	0.02307	0.02352	0.18317	0.02268	0.01131	0.00895	0.00268	0.00985	0.05817	0.00492	0.00901
36	0.01247	0.00842	0.00994	0.00934	0.01177	0.00773	0.00722	0.04076	0.01949	0.06965	0.31523	0.05682	0.26942	0.01555	0.00842	0.00240	0.00416	0.05113	0.07278	0.00732
37	0.01567	0.01450	0.02256	0.34560	0.17205	0.01649	0.04495	0.02384	0.16229	0.02292	0.01923	0.07388	0.01605	0.00896	0.00764	0.00247	0.00848	0.00816	0.00460	0.00965
38	0.01731	0.01428	0.10678	0.01634	0.09991	0.01082	0.01264	0.02168	0.03872	0.17562	0.19111	0.08325	0.10444	0.01234	0.00797	0.00239	0.00605	0.02996	0.03903	0.00938
39	0.21648	0.01928	0.06685	0.01443	0.01951	0.10127	0.01233	0.15606	0.08958	0.13361	0.03852	0.01973	0.01493	0.01149	0.05200	0.00289	0.00850	0.00628	0.00604	0.01021
40	0.01973	0.40190	0.03222	0.06821	0.02360	0.14333	0.07596	0.02247	0.01598	0.01841	0.01265	0.04977	0.01171	0.00803	0.00752	0.00200	0.06811	0.00582	0.00354	0.00903
41	0.14814	0.06899	0.46570	0.01856	0.02732	0.10469	0.02177	0.02393	0.01580	0.02420	0.01244	0.01459	0.00920	0.00707	0.00648	0.00225	0.01024	0.00507	0.00347	0.01011
42	0.01702	0.01639	0.06686	0.30912	0.15118	0.01780	0.01921	0.02228	0.05789	0.07074	0.01488	0.01943	0.01161	0.00875	0.01103	0.00257	0.16292	0.00669	0.00405	0.00956
43	0.01282	0.01012	0.01059	0.01056	0.01174	0.05372	0.00714	0.07474	0.01536	0.01976	0.03121	0.27581	0.07439	0.30373	0.05076	0.00487	0.00704	0.01369	0.00568	0.00626
44	0.23210	0.02052	0.01783	0.01482	0.01983	0.14167	0.01186	0.25635	0.10924	0.03456	0.01599	0.01661	0.01205	0.00807	0.00642	0.00216	0.00797	0.00570	0.00584	0.06040
45	0.01912	0.01870	0.06764	0.14973	0.26743	0.04031	0.01841	0.14023	0.06250	0.02761	0.01536	0.01842	0.01198	0.00732	0.00712	0.00214	0.00858	0.00633	0.00460	0.10646
46	0.02442	0.02609	0.02486	0.06076	0.18747	0.34937	0.06445	0.08774	0.02079	0.06400	0.01410	0.01654	0.01106	0.00750	0.00716	0.00211	0.01112	0.00595	0.00442	0.01008
47	0.01558	0.06493	0.43819	0.02241	0.05682	0.01747	0.13580	0.02364	0.05878	0.02349	0.01637	0.06358	0.01325	0.00810	0.00744	0.00239	0.01025	0.00723	0.00379	0.01050
48	0.01715	0.01355	0.01639	0.01563	0.06053	0.05464	0.05260	0.15262	0.02049	0.07569	0.03708	0.24129	0.16438	0.01510	0.00842	0.00255	0.00659	0.02996	0.00657	0.00875
49	0.01637	0.01509	0.02481	0.36468	0.30939	0.01677	0.02062	0.05255	0.01683	0.02272	0.01543	0.02325	0.01291	0.00801	0.00758	0.00241	0.00917	0.04773	0.00389	0.00981
50	0.07495	0.28547	0.21345	0.01885	0.05347	0.05123	0.06972	0.02244	0.01511	0.02116	0.01165	0.01450	0.00965	0.00750	0.00842	0.00218	0.10194	0.00524	0.00337	0.00973
51	0.01027	0.00980	0.05494	0.01170	0.01319	0.00879	0.00923	0.01232	0.01414	0.01909	0.03851	0.43416	0.13221	0.02465	0.09860	0.00404	0.07551	0.01626	0.00593	0.00666
52	0.01533	0.01299	0.02234	0.39741	0.08054	0.01480	0.08413	0.01972	0.01508	0.06943	0.01610	0.02220	0.01270	0.01805	0.16286	0.00454	0.01204	0.00719	0.00395	0.00862
53	0.01309	0.00848	0.01086	0.01094	0.01193	0.00881	0.00777	0.03488	0.10307	0.01856	0.02420	0.15810	0.02524	0.11179	0.02129	0.34341	0.00618	0.07065	0.00510	0.00567
54	0.02386	0.01890	0.02230	0.04342	0.13446	0.02086	0.01521	0.39366	0.18169	0.03849	0.01993	0.02028	0.01474	0.00875	0.00744	0.00230	0.00780	0.00707	0.00670	0.01214
55	0.01987	0.01515	0.02077	0.09957	0.06705	0.01731	0.04659	0.06851	0.17936	0.13816	0.04449	0.02489	0.04388	0.01029	0.01137	0.00259	0.16607	0.00786	0.00593	0.01029
56	0.01384	0.00692	0.00692	0.00692	0.00865	0.00692	0.00519	0.01730	0.01557	0.02768	0.02422	0.02768	0.01903	0.00865	0.00519	0.00173	0.00346	0.00692	0.78031	0.00692
57	0.02747	0.01284	0.01710	0.06539	0.02069	0.01231	0.01152	0.08896	0.04879	0.46245	0.08057	0.02702	0.02166	0.01257	0.05295	0.00294	0.00738	0.00789	0.00811	0.01142
58	0.00931	0.00697	0.00859	0.00946	0.01055	0.00645	0.00654	0.01091	0.01503	0.01959	0.09503	0.41500	0.21545	0.07696	0.05494	0.00370	0.00529	0.01752	0.00663	0.00609
59	0.02696	0.02017	0.02157	0.01683	0.02254	0.02243	0.01381	0.58683	0.11817	0.04475	0.01942	0.01910	0.01392	0.00906	0.00744	0.00227	0.00787	0.00690	0.00744	0.01251
60	0.01805	0.02046	0.05882	0.02828	0.03514	0.06228	0.54162	0.02367	0.01760	0.04422	0.01686	0.06575	0.01376	0.00756	0.00858	0.00249	0.01180	0.00916	0.00411	0.00978
61	0.01571	0.03522	0.56796	0.02048	0.02992	0.07966	0.04383	0.02311	0.01611	0.02269	0.01524	0.06852	0.01240	0.00828	0.00725	0.00236	0.01075	0.00667	0.00349	0.01036
62	0.01656	0.01400	0.01784	0.01760	0.13011	0.01243	0.01177	0.08146	0.04648	0.02613	0.01808	0.07899	0.01649	0.00841	0.00664	0.00173	0.00629	0.03825	0.00503	0.44572
63	0.00904	0.00646	0.00861	0.01034	0.01077	0.00603	0.00689	0.01034	0.01421	0.01895	0.04092	0.73426	0.04910	0.02326	0.00948	0.00301	0.00431	0.02110	0.00689	0.00603
64	0.02069	0.01936	0.02570	0.14842	0.18636	0.09790	0.08601	0.14557	0.07448	0.04503	0.01582	0.01892	0.01222	0.00809	0.00872	0.00236	0.06227	0.00680	0.00477	0.01052
65	0.01505	0.01880	0.16897	0.08709	0.02499	0.01281	0.05645	0.03928	0.01661	0.02442	0.06572	0.02147	0.04203	0.00744	0.00668	0.00179	0.00748	0.00633	0.00443	0.37217
66	0.01539	0.01319	0.01539	0.01100	0.01759	0.00990	0.00880	0.01869	0.01539	0.02419	0.01319	0.01539	0.01100	0.00550	0.00550	0.00110	0.00550	0.00440	0.00440	0.78449
67	0.00938	0.00728	0.00799	0.00824	0.00979	0.00648	0.00568	0.01085	0.01538	0.01925	0.09769	0.17588	0.39632	0.17860	0.01531	0.00362	0.00459	0.01535	0.00645	0.00588
68	0.01046	0.00741	0.00946	0.00946	0.01064	0.00701	0.00674	0.01288	0.01759	0.02443	0.41362	0.14859	0.05600	0.17670	0.01536	0.00357	0.00463	0.05204	0.00710	0.00631
69	0.02146	0.01078	0.01313	0.01116	0.01483	0.01026	0.00881	0.07898	0.05375	0.27975	0.11733	0.08444	0.07066	0.01153	0.00736	0.00225	0.00514	0.00964	0.17904	0.00969
70	0.01428	0.06117	0.00927	0.00735	0.00942	0.00857	0.00574	0.01766	0.01553	0.02692	0.02319	0.02652	0.01833	0.00848	0.00516	0.00172	0.00379	0.00670	0.72308	0.00711
71	0.01563	0.01537	0.02349	0.56384	0.15571	0.06146	0.02057	0.02029	0.01559	0.01979	0.01321	0.01914	0.01018	0.00730	0.00736	0.00239	0.00994	0.00648	0.00340	0.00885
72	0.01117	0.00854	0.01097	0.01253	0.05566	0.00818	0.00825	0.06003	0.01709	0.02269	0.11262	0.45191	0.15314	0.01952	0.00899	0.00275	0.00471	0.01738	0.00686	0.00703
73	0.79154	0.01436	0.01091	0.00976	0.01436	0.01665	0.00804	0.02182	0.01263	0.03331	0.01034	0.01206	0.00804	0.00689	0.00459	0.00230	0.00574	0.00402	0.00459	0.00804
74	0.01294	0.01187	0.01453	0.20343	0.02350	0.08458	0.01190	0.01562	0.01430	0.01810	0.02400	0.19282	0.04306	0.07301	0.21686	0.00564	0.01154	0.01075	0.00458	0.00699
75	0.00951	0.00696	0.00911	0.01039	0.01127	0.00631	0.00703	0.01095	0.01430	0.01934	0.03887	0.68131	0.04629	0.02195	0.00918	0.00287	0.00439	0.01987	0.00671	0.06336
76	0.01061	0.00795	0.01193	0.01193	0.01326	0.00928	0.00928	0.01326	0.01193	0.01723	0.01988	0.02916	0.01856	0.05568	0.70968	0.01193	0.01988	0.00795	0.00398	0.00663
77	0.02776	0.03462	0.02110	0.01902	0.02295	0.67334	0.01433	0.06310	0.02176	0.01967	0.01181	0.01362	0.00972	0.00772	0.00673	0.00193	0.01311	0.00488	0.00401	0.00882
78	0.01838	0.01748	0.02886	0.04266	0.62846	0.01772	0.02173	0.02438	0.08018	0.02490	0.01552	0.01926	0.01280	0.00694	0.00737	0.00223	0.00854	0.00678	0.00405	0.01176
79	0.01503	0.03757	0.67388	0.02213	0.05849	0.01726	0.02724	0.02348	0.01572	0.02354	0.01335	0.01578	0.00950	0.00704	0.00706	0.00235	0.01089	0.00553	0.00316	0.01100
80	0.02585	0.02043	0.12093	0.01742	0.04209	0.07323	0.01529	0.13332	0.04851	0.29411	0.02046	0.02030	0.01417	0.00919	0.00969	0.00240	0.10804	0.00670	0.00651	0.01136
81	0.01000	0.00742	0.00932	0.00915	0.01086	0.00674	0.00675	0.01291	0.01935	0.02655	0.49039	0.15212	0.17715	0.01694	0.00886	0.00246	0.00366	0.01488	0.00777	0.00674
82	0.00908	0.00696	0.00812	0.00899	0.01024	0.00622	0.00618	0.01050	0.01505	0.01903	0.05359	0.40530	0.31093	0.08011	0.01151	0.00315	0.00432	0.01802	0.00670	0.00600
83	0.01977	0.02229	0.12311	0.07368	0.30510	0.08044	0.04825	0.11360	0.09098	0.02708	0.01593	0.01863	0.01238	0.00749	0.00735	0.00227	0.00936	0.00658	0.00452	0.01119
84	0.01597	0.01095	0.01689	0.14490	0.13438	0.01148	0.01320	0.01899	0.01532	0.13253	0.02400	0.18147	0.02281	0.04219	0.17553	0.00489	0.01018	0.01039	0.00533	0.00859
85	0.00924	0.00709	0.00853	0.00958	0.01095	0.00638	0.00693	0.01098	0.01557	0.01972	0.05420	0.40697	0.29973	0.02123	0.00928	0.00286	0.00435	0.08331	0.00689	0.00621
86	0.00918	0.00665	0.00868	0.01005	0.01075	0.00615	0.00682	0.01074	0.01509	0.02014	0.11000	0.62140	0.09263	0.02214	0.00936	0.00291	0.00419	0.01996	0.00702	0.00615
87	0.02308	0.04321	0.17672	0.01798	0.06574	0.01640	0.03244	0.20002	0.02179	0.19837	0.01982	0.02298	0.01495	0.09999	0.01111	0.00288	0.00837	0.00709	0.00605	0.01101
88	0.06788	0.01700	0.02814	0.10780	0.58770	0.01747	0.02162	0.02236	0.01643	0.02433	0.01366	0.01810	0.01134	0.00671	0.00718	0.00224	0.00872	0.00645	0.00370	0.01118
89	0.02345	0.01788	0.02699	0.02827	0.25224	0.04603	0.12067	0.11592	0.04091	0.18796	0.01852	0.02018	0.01353	0.00796	0.00844	0.00233	0.04444	0.00714	0.00563	0.01150
90	0.05123	0.10180	0.02034	0.01829	0.12363	0.03616	0.06477	0.01755	0.01538	0.02161	0.02335	0.28600	0.02511	0.01266	0.00746	0.00225	0.00672	0.01133	0.00501	0.14934

[dist]
# distance from previous block
# <min> <max>
0	15

[block]
# block no. 1 follows, 27 sequences, length 15
# corresponding to MSA columns:
# 154-168
name=unknown_B
#
# <colnr> <probs for GDERKNQSTAVLIFYWHMCP>
#	G	D	E	R	K	N	Q	S	T	A	V	L	I	F	Y	W	H	M	C	P
0	0.06119	0.01746	0.02476	0.02447	0.16875	0.01974	0.07816	0.15834	0.07161	0.08018	0.01601	0.01878	0.01253	0.00926	0.01197	0.00256	0.20156	0.00687	0.00513	0.01067
1	0.01605	0.00979	0.01231	0.01198	0.01405	0.00976	0.00941	0.07800	0.01714	0.11590	0.03033	0.05711	0.03100	0.26918	0.01923	0.00447	0.00702	0.27351	0.00640	0.00737
2	0.01902	0.02040	0.13684	0.07168	0.16240	0.04579	0.11870	0.09108	0.01875	0.08449	0.01809	0.08564	0.01519	0.00868	0.00757	0.00228	0.00905	0.00795	0.00482	0.07159
3	0.08909	0.01606	0.02163	0.01858	0.01901	0.02217	0.01547	0.01824	0.01149	0.01932	0.00980	0.01585	0.00958	0.01242	0.02251	0.00316	0.65789	0.00626	0.00337	0.00811
4	0.00953	0.00795	0.00837	0.00838	0.01075	0.00706	0.00623	0.01266	0.05830	0.02134	0.11346	0.12833	0.54477	0.01840	0.00876	0.00254	0.00392	0.01555	0.00703	0.00664
5	0.04531	0.05695	0.02765	0.07280	0.48553	0.04288	0.01994	0.05214	0.07846	0.02530	0.01518	0.01854	0.01238	0.00711	0.00712	0.00221	0.00859	0.00649	0.00418	0.01125
6	0.18976	0.01974	0.02008	0.01773	0.07379	0.06613	0.01335	0.39911	0.04696	0.05952	0.01623	0.01687	0.01186	0.00826	0.00677	0.00223	0.00792	0.00606	0.00635	0.01129
7	0.00939	0.00680	0.00894	0.01042	0.01119	0.00635	0.00732	0.01106	0.01505	0.01992	0.07692	0.58689	0.09477	0.02225	0.00947	0.00298	0.00448	0.08267	0.00695	0.00618
8	0.07330	0.01723	0.02740	0.10597	0.53016	0.01788	0.02085	0.07326	0.01782	0.02616	0.01394	0.01802	0.01139	0.00689	0.00717	0.00224	0.00865	0.00644	0.00400	0.01123
9	0.01985	0.74357	0.03890	0.01270	0.01905	0.02937	0.01270	0.02223	0.01508	0.01747	0.01032	0.01191	0.00953	0.00635	0.00476	0.00159	0.00794	0.00397	0.00318	0.00953
10	0.00993	0.00743	0.00908	0.00968	0.01117	0.00685	0.00721	0.01208	0.01651	0.02150	0.17369	0.22533	0.24090	0.08824	0.01197	0.00320	0.00471	0.12731	0.00690	0.00628
11	0.01637	0.01457	0.02341	0.03031	0.37464	0.01450	0.05544	0.06516	0.01880	0.02647	0.19065	0.03047	0.02816	0.06678	0.01021	0.00265	0.00749	0.00885	0.00518	0.00990
12	0.01599	0.21086	0.23730	0.01833	0.02512	0.01890	0.12787	0.02253	0.07796	0.02194	0.01901	0.13602	0.01760	0.00971	0.00720	0.00230	0.00886	0.00852	0.00429	0.00968
13	0.01124	0.00724	0.00832	0.00843	0.01016	0.00678	0.00629	0.01413	0.01729	0.02549	0.22622	0.13209	0.16956	0.01478	0.00764	0.00228	0.00378	0.03970	0.28187	0.00670
14	0.01852	0.06183	0.07398	0.07886	0.40102	0.09983	0.06675	0.02291	0.01737	0.02305	0.05418	0.01968	0.01458	0.00729	0.00730	0.00219	0.00947	0.00673	0.00388	0.01057

[dist]
# distance from previous block
# <min> <max>
2	37

[block]
# block no. 2 follows, 27 sequences, length 38
# corresponding to MSA columns:
# 206-243
name=unknown_C
#
# <colnr> <probs for GDERKNQSTAVLIFYWHMCP>
#	G	D	E	R	K	N	Q	S	T	A	V	L	I	F	Y	W	H	M	C	P
0	0.02151	0.19223	0.02253	0.01528	0.01941	0.33852	0.01214	0.04808	0.01848	0.01977	0.01685	0.14202	0.01685	0.00999	0.00667	0.00198	0.00961	0.00755	0.00441	0.07613
1	0.02237	0.02299	0.08250	0.02174	0.15468	0.21850	0.01525	0.08373	0.01942	0.10028	0.01600	0.01966	0.01296	0.07115	0.00957	0.00244	0.00946	0.00617	0.00480	0.10631
2	0.04629	0.08902	0.18592	0.01795	0.07217	0.05131	0.01608	0.06632	0.11174	0.18404	0.03950	0.05211	0.01717	0.00896	0.00711	0.00228	0.00800	0.00720	0.00587	0.01095
3	0.01892	0.06385	0.07239	0.01615	0.02077	0.10468	0.03886	0.07138	0.36129	0.02733	0.02519	0.10442	0.02115	0.01060	0.00750	0.00241	0.00757	0.00881	0.00624	0.01049
4	0.34188	0.02112	0.01851	0.06353	0.06806	0.22449	0.05196	0.04945	0.01700	0.02660	0.01315	0.01770	0.01099	0.00786	0.00625	0.00225	0.00908	0.03700	0.00439	0.00872
5	0.01488	0.01178	0.01644	0.17301	0.14158	0.01284	0.01254	0.05121	0.07301	0.02235	0.01991	0.03015	0.01814	0.23059	0.01631	0.00374	0.00742	0.00809	0.12796	0.00805
6	0.01059	0.00791	0.00955	0.00961	0.01116	0.00703	0.00647	0.01193	0.01372	0.01871	0.03427	0.36905	0.09029	0.21365	0.01640	0.00377	0.00525	0.01498	0.00581	0.13986
7	0.01044	0.00858	0.01201	0.01087	0.01326	0.00774	0.06411	0.01343	0.01856	0.02470	0.34060	0.12142	0.27215	0.01655	0.00888	0.00251	0.00456	0.03551	0.00719	0.00692
8	0.01384	0.00692	0.00692	0.00692	0.00865	0.00692	0.00519	0.01730	0.01557	0.02768	0.02422	0.02768	0.01903	0.00865	0.00519	0.00173	0.00346	0.00692	0.78031	0.00692
9	0.01660	0.01364	0.01776	0.01324	0.01919	0.01129	0.06634	0.06753	0.01715	0.05245	0.01722	0.09090	0.01539	0.00781	0.00642	0.00155	0.00622	0.00680	0.00502	0.54749
10	0.00909	0.00736	0.00807	0.00827	0.01031	0.00634	0.00606	0.01112	0.01711	0.02138	0.16492	0.17840	0.48768	0.01897	0.00889	0.00256	0.00381	0.01622	0.00709	0.00634
11	0.02034	0.01629	0.01749	0.01514	0.01941	0.01835	0.01189	0.23107	0.39765	0.03445	0.02768	0.11132	0.02279	0.01133	0.00775	0.00249	0.00640	0.00942	0.00743	0.01132
12	0.08598	0.01994	0.01986	0.19067	0.08540	0.24116	0.04862	0.02178	0.01692	0.02097	0.01758	0.13694	0.01675	0.01002	0.00727	0.00232	0.00956	0.00834	0.03163	0.00832
13	0.01925	0.01818	0.13937	0.01833	0.09754	0.01478	0.01484	0.11109	0.14095	0.12817	0.14156	0.07464	0.02727	0.01064	0.00775	0.00238	0.00697	0.00905	0.00661	0.01063
14	0.01683	0.27457	0.17375	0.01407	0.02025	0.09804	0.01425	0.02058	0.01655	0.02054	0.05695	0.02602	0.13404	0.00924	0.00647	0.00195	0.00805	0.00700	0.00426	0.07657
15	0.00969	0.00691	0.00808	0.00890	0.00993	0.00637	0.00600	0.01111	0.01448	0.01923	0.04572	0.37769	0.21530	0.14236	0.01372	0.00348	0.00458	0.01665	0.07389	0.00591
16	0.02292	0.13795	0.05055	0.07989	0.02352	0.20345	0.01398	0.21311	0.04594	0.02828	0.01551	0.01728	0.01203	0.00797	0.00654	0.00202	0.00917	0.00578	0.09421	0.00991
17	0.20384	0.01638	0.01664	0.01356	0.01844	0.04706	0.01102	0.26407	0.02264	0.11076	0.01945	0.02055	0.04157	0.01397	0.08750	0.00328	0.00858	0.00642	0.00616	0.06813
18	0.25555	0.01567	0.01514	0.01298	0.01702	0.05110	0.01028	0.19295	0.09726	0.05244	0.03943	0.02242	0.01621	0.07729	0.09007	0.00382	0.00848	0.00672	0.00582	0.00935
19	0.01951	0.01802	0.01702	0.01676	0.07646	0.16709	0.01193	0.11173	0.13064	0.05618	0.14296	0.03528	0.11630	0.01153	0.00781	0.00231	0.00746	0.03513	0.00643	0.00945
20	0.15491	0.01654	0.02114	0.42421	0.12609	0.09644	0.01794	0.02121	0.01543	0.02213	0.01259	0.01749	0.00977	0.00725	0.00682	0.00234	0.00941	0.00593	0.00364	0.00872
21	0.29952	0.01277	0.01420	0.01154	0.01638	0.01262	0.00934	0.02889	0.01729	0.40330	0.02207	0.02263	0.01547	0.07198	0.00909	0.00272	0.00619	0.00654	0.00715	0.01030
22	0.01568	0.01139	0.01356	0.01300	0.04420	0.01170	0.00966	0.18523	0.02214	0.03070	0.20975	0.10258	0.10475	0.01554	0.03695	0.00278	0.00597	0.05834	0.09758	0.00848
23	0.01057	0.00721	0.00844	0.00891	0.01029	0.00693	0.00642	0.01260	0.01468	0.02055	0.04158	0.20463	0.20462	0.11239	0.09256	0.00417	0.00626	0.04491	0.17609	0.00620
24	0.01295	0.01294	0.01098	0.01092	0.01308	0.14864	0.00801	0.01493	0.01739	0.02043	0.12334	0.20747	0.30422	0.01877	0.03935	0.00290	0.00651	0.01411	0.00629	0.00679
25	0.01319	0.00813	0.01223	0.04090	0.08963	0.00826	0.00853	0.01174	0.01090	0.01470	0.01490	0.02662	0.01516	0.15015	0.02725	0.52533	0.00699	0.00725	0.00351	0.00463
26	0.01939	0.01607	0.01923	0.01954	0.15345	0.03734	0.01288	0.16477	0.09950	0.03019	0.01761	0.01934	0.01378	0.00745	0.00654	0.00184	0.00681	0.00612	0.09461	0.25353
27	0.01384	0.00692	0.00692	0.00692	0.00865	0.00692	0.00519	0.01730	0.01557	0.02768	0.02422	0.02768	0.01903	0.00865	0.00519	0.00173	0.00346	0.00692	0.78031	0.00692
28	0.70243	0.01501	0.01470	0.01224	0.01717	0.01690	0.08377	0.02205	0.01320	0.03221	0.01088	0.01298	0.00841	0.00682	0.00507	0.00232	0.00652	0.00457	0.00450	0.00827
29	0.01513	0.01061	0.00934	0.00899	0.01066	0.08846	0.00660	0.01788	0.01540	0.02443	0.02206	0.02833	0.01862	0.10523	0.01044	0.00253	0.03419	0.00717	0.55709	0.00684
30	0.01029	0.00740	0.00794	0.00780	0.00997	0.00658	0.00585	0.01289	0.01756	0.02395	0.20402	0.05814	0.40033	0.01573	0.00798	0.00230	0.00364	0.01323	0.17784	0.00658
31	0.00975	0.00746	0.00842	0.00854	0.01018	0.00674	0.00611	0.01155	0.01608	0.02050	0.16292	0.10456	0.35280	0.18132	0.01547	0.00363	0.00473	0.05664	0.00656	0.00602
32	0.02967	0.01846	0.02084	0.01597	0.02186	0.01956	0.01320	0.48746	0.03100	0.23288	0.02110	0.01995	0.01427	0.00899	0.00744	0.00225	0.00764	0.00691	0.00793	0.01263
33	0.02104	0.02905	0.29653	0.02439	0.14646	0.13680	0.04758	0.09981	0.01961	0.08674	0.01516	0.01706	0.01111	0.00745	0.00719	0.00224	0.01032	0.00602	0.00442	0.01101
34	0.01884	0.01768	0.02687	0.20926	0.42654	0.04841	0.02087	0.09642	0.01865	0.02526	0.01411	0.01844	0.01130	0.00713	0.00735	0.00226	0.00921	0.00654	0.00402	0.01085
35	0.02865	0.01267	0.01651	0.01296	0.01802	0.01161	0.01058	0.10497	0.02278	0.50375	0.14566	0.02980	0.02693	0.01022	0.00769	0.00230	0.00603	0.00844	0.00880	0.01163
36	0.01064	0.00819	0.01177	0.01124	0.01238	0.00800	0.06354	0.01205	0.01308	0.01744	0.03180	0.26788	0.08113	0.31085	0.10127	0.00563	0.00793	0.01400	0.00533	0.00585
37	0.01845	0.05188	0.14135	0.12174	0.20453	0.13396	0.03535	0.07036	0.01809	0.02316	0.01660	0.09942	0.01498	0.00904	0.00738	0.00230	0.00960	0.00773	0.00419	0.00988

[dist]
# distance from previous block
# <min> <max>
4	48

[block]
# block no. 3 follows, 27 sequences, length 13
# corresponding to MSA columns:
# 292-304
name=unknown_D
#
# <colnr> <probs for GDERKNQSTAVLIFYWHMCP>
#	G	D	E	R	K	N	Q	S	T	A	V	L	I	F	Y	W	H	M	C	P
0	0.02101	0.01714	0.05730	0.10526	0.09981	0.01667	0.08667	0.18773	0.07036	0.11601	0.06411	0.02372	0.01780	0.04029	0.00889	0.00250	0.00820	0.00760	0.00592	0.04302
1	0.28834	0.05861	0.05004	0.01931	0.13173	0.07036	0.01381	0.08595	0.11104	0.02916	0.01465	0.01645	0.01156	0.00797	0.00749	0.00231	0.06086	0.00563	0.00483	0.00989
2	0.01795	0.07981	0.24948	0.09511	0.06695	0.05188	0.11885	0.10702	0.04275	0.02612	0.06041	0.01994	0.01490	0.00782	0.00736	0.00229	0.00981	0.00682	0.00437	0.01033
3	0.06544	0.01741	0.01917	0.13896	0.07412	0.15651	0.04866	0.02469	0.04889	0.15345	0.01876	0.02487	0.01547	0.14704	0.01297	0.00320	0.00903	0.00725	0.00513	0.00898
4	0.04968	0.01234	0.01682	0.04630	0.05531	0.04905	0.08436	0.03677	0.04105	0.07030	0.23503	0.20514	0.03968	0.01379	0.00833	0.00249	0.00633	0.01244	0.00653	0.00825
5	0.01384	0.00692	0.00692	0.00692	0.00865	0.00692	0.00519	0.01730	0.01557	0.02768	0.02422	0.02768	0.01903	0.00865	0.00519	0.00173	0.00346	0.00692	0.78031	0.00692
6	0.01334	0.01103	0.01299	0.01084	0.01522	0.00917	0.00840	0.01736	0.06014	0.02367	0.07646	0.15205	0.08841	0.01161	0.00711	0.00187	0.00507	0.04182	0.00568	0.42777
7	0.02122	0.02089	0.01624	0.01500	0.01830	0.31105	0.01174	0.05458	0.02065	0.09065	0.12613	0.03911	0.07966	0.01233	0.00796	0.00236	0.00893	0.12874	0.00601	0.00844
8	0.01384	0.00692	0.00692	0.00692	0.00865	0.00692	0.00519	0.01730	0.01557	0.02768	0.02422	0.02768	0.01903	0.00865	0.00519	0.00173	0.00346	0.00692	0.78031	0.00692
9	0.23515	0.06514	0.01900	0.01552	0.02003	0.35198	0.01221	0.08741	0.04201	0.06831	0.01345	0.01459	0.01043	0.00767	0.00616	0.00207	0.00982	0.00500	0.00480	0.00924
10	0.02070	0.01703	0.04611	0.10078	0.22580	0.01726	0.03875	0.15449	0.08380	0.10684	0.02240	0.02393	0.06370	0.00894	0.00818	0.00236	0.03467	0.00760	0.00561	0.01103
11	0.01854	0.02111	0.16408	0.02046	0.13030	0.03848	0.01643	0.11481	0.06032	0.04973	0.01815	0.01987	0.04222	0.00795	0.00774	0.00203	0.04450	0.00629	0.00484	0.21216
12	0.01400	0.01167	0.01366	0.01255	0.01355	0.05029	0.00925	0.06261	0.01356	0.01842	0.01880	0.03307	0.01945	0.32540	0.20952	0.00704	0.14768	0.00859	0.00430	0.00658

[dist]
# distance from previous block
# <min> <max>
1	19

[block]
# block no. 4 follows, 27 sequences, length 11
# corresponding to MSA columns:
# 324-334
name=unknown_E
#
# <colnr> <probs for GDERKNQSTAVLIFYWHMCP>
#	G	D	E	R	K	N	Q	S	T	A	V	L	I	F	Y	W	H	M	C	P
0	0.02055	0.59355	0.03609	0.01673	0.08793	0.10139	0.01390	0.02308	0.01591	0.01823	0.01082	0.01272	0.00976	0.00652	0.00523	0.00169	0.00862	0.00433	0.00330	0.00965
1	0.01130	0.07161	0.08624	0.01127	0.01417	0.00976	0.00990	0.01451	0.01742	0.02352	0.26562	0.21536	0.13319	0.01646	0.00855	0.00256	0.00520	0.06944	0.00662	0.00729
2	0.00925	0.00743	0.00826	0.00828	0.01038	0.00644	0.00612	0.01150	0.01772	0.02248	0.23221	0.13461	0.46260	0.01831	0.00884	0.00251	0.00375	0.01563	0.00723	0.00644
3	0.01364	0.01737	0.17292	0.01650	0.09115	0.01132	0.01390	0.01784	0.01599	0.02312	0.08896	0.08021	0.07801	0.05974	0.00935	0.00241	0.00688	0.03973	0.00491	0.23605
4	0.00960	0.00720	0.00901	0.01013	0.01144	0.00662	0.00749	0.01157	0.01588	0.02049	0.08832	0.39495	0.22230	0.02107	0.00939	0.00291	0.00458	0.13380	0.00696	0.00630
5	0.12266	0.01009	0.01125	0.01018	0.01300	0.00994	0.00771	0.06994	0.01841	0.11504	0.19722	0.11931	0.15729	0.09223	0.01111	0.00295	0.00510	0.01176	0.00698	0.00783
6	0.01722	0.01527	0.01593	0.01252	0.01802	0.07561	0.00994	0.08879	0.01804	0.02555	0.01727	0.07352	0.01591	0.00835	0.00642	0.00159	0.00651	0.04665	0.00501	0.52188
7	0.01952	0.55503	0.03286	0.01313	0.01866	0.08264	0.01223	0.02355	0.07262	0.01982	0.07486	0.01740	0.01624	0.00759	0.00553	0.00176	0.00780	0.00529	0.00406	0.00941
8	0.06626	0.17076	0.14762	0.01462	0.01969	0.01721	0.03891	0.07312	0.05601	0.02370	0.02595	0.16567	0.09169	0.01200	0.00806	0.00239	0.04257	0.00975	0.00504	0.00899
9	0.01777	0.05601	0.20808	0.01688	0.02307	0.05167	0.09164	0.05481	0.05929	0.10797	0.07033	0.07126	0.11773	0.01070	0.00773	0.00237	0.00818	0.00917	0.00558	0.00976
10	0.01546	0.08299	0.43173	0.01830	0.02726	0.01616	0.06234	0.02210	0.01569	0.02347	0.01388	0.01638	0.01046	0.00675	0.00657	0.00202	0.00930	0.00546	0.05300	0.16068

[dist]
# distance from previous block
# <min> <max>
0	153

# created by:
# /home/berkeley/.conda/envs/busco_data_prod/bin/msa2prfl.pl pipeline/OGs_align_augustus/5794/68778.fs
