[name]
unknown

[dist]
# distance from previous block
# <min> <max>
0	0

[block]
# block no. 0 follows, 31 sequences, length 24
# corresponding to MSA columns:
# 0-23
name=unknown_A
#
# <colnr> <probs for GDERKNQSTAVLIFYWHMCP>
#	G	D	E	R	K	N	Q	S	T	A	V	L	I	F	Y	W	H	M	C	P
0	0.01102	0.00787	0.01102	0.01260	0.01417	0.00787	0.01102	0.01417	0.01575	0.02047	0.03622	0.07717	0.03937	0.01890	0.00945	0.00315	0.00630	0.67084	0.00630	0.00630
1	0.00846	0.00687	0.00704	0.00704	0.00888	0.00595	0.00499	0.00984	0.01446	0.01744	0.05975	0.06162	0.57611	0.16594	0.01344	0.00318	0.00410	0.01354	0.00591	0.00545
2	0.01661	0.01964	0.09668	0.08780	0.23115	0.10010	0.09944	0.02033	0.01437	0.01951	0.01151	0.01589	0.00966	0.00793	0.01126	0.00234	0.21755	0.00600	0.00322	0.00902
3	0.01205	0.00720	0.00862	0.00824	0.00888	0.00714	0.00512	0.01252	0.01102	0.08560	0.02184	0.04108	0.02341	0.62349	0.09069	0.00654	0.00753	0.00942	0.00455	0.00507
4	0.00930	0.00650	0.00777	0.00818	0.00866	0.00623	0.00516	0.01017	0.01244	0.01661	0.11383	0.25808	0.08563	0.39601	0.02189	0.00463	0.00520	0.01339	0.00537	0.00496
5	0.00870	0.00629	0.00813	0.00945	0.01012	0.00589	0.00656	0.01006	0.01337	0.01756	0.03927	0.57136	0.10424	0.07423	0.01064	0.00305	0.00435	0.08499	0.00619	0.00555
6	0.01519	0.00858	0.01108	0.01082	0.01289	0.00815	0.00804	0.07776	0.01663	0.17987	0.05295	0.46675	0.03603	0.01694	0.00816	0.00256	0.00481	0.04833	0.00691	0.00756
7	0.00863	0.00679	0.00779	0.00788	0.00966	0.00595	0.00578	0.01074	0.01637	0.02113	0.26680	0.17402	0.40020	0.01695	0.00819	0.00234	0.00347	0.01461	0.00672	0.00595
8	0.02593	0.02136	0.02034	0.01605	0.02121	0.13757	0.01304	0.58494	0.03007	0.03880	0.01547	0.01576	0.01117	0.00802	0.00673	0.00201	0.00832	0.00587	0.00630	0.01103
9	0.01292	0.01216	0.02052	0.74312	0.04712	0.01520	0.01900	0.01748	0.01368	0.01748	0.01216	0.01824	0.00912	0.00684	0.00684	0.00228	0.00912	0.00608	0.00304	0.00760
10	0.01598	0.01813	0.03936	0.06519	0.03633	0.01719	0.65779	0.02169	0.01602	0.02169	0.01376	0.01844	0.01032	0.00582	0.00801	0.00231	0.01141	0.00797	0.00344	0.00914
11	0.61405	0.01272	0.01045	0.00921	0.01315	0.01450	0.00752	0.08100	0.01393	0.03103	0.01213	0.01382	0.00935	0.00677	0.00456	0.00203	0.00517	0.00434	0.12665	0.00764
12	0.01693	0.01626	0.02777	0.04199	0.71689	0.01626	0.02100	0.02100	0.01558	0.02235	0.01287	0.01693	0.01084	0.00610	0.00677	0.00203	0.00813	0.00610	0.00339	0.01084
13	0.01211	0.00972	0.01129	0.01021	0.01295	0.00971	0.00780	0.01982	0.21716	0.02629	0.37504	0.06326	0.09275	0.01219	0.00746	0.00212	0.00409	0.01055	0.00689	0.08858
14	0.01292	0.01216	0.02052	0.74312	0.04712	0.01520	0.01900	0.01748	0.01368	0.01748	0.01216	0.01824	0.00912	0.00684	0.00684	0.00228	0.00912	0.00608	0.00304	0.00760
15	0.00861	0.00612	0.00802	0.00926	0.00975	0.00574	0.00618	0.00991	0.01347	0.01813	0.10513	0.62365	0.04550	0.08279	0.01086	0.00304	0.00412	0.01793	0.00629	0.00553
16	0.01802	0.01362	0.09191	0.01182	0.01601	0.01138	0.01047	0.12454	0.07776	0.18088	0.21230	0.03225	0.07895	0.01037	0.00706	0.00211	0.00542	0.00863	0.07741	0.00910
17	0.01497	0.01425	0.02422	0.38567	0.38859	0.01574	0.02002	0.01927	0.01465	0.01996	0.01252	0.01757	0.01000	0.00646	0.00681	0.00215	0.00861	0.00609	0.00322	0.00925
18	0.01138	0.00612	0.00854	0.00854	0.00854	0.00612	0.00548	0.00918	0.00918	0.01224	0.01438	0.02699	0.01524	0.21386	0.02883	0.59574	0.00612	0.00698	0.00327	0.00327
19	0.01012	0.00686	0.00863	0.00863	0.00920	0.00729	0.00577	0.01126	0.01069	0.01523	0.02047	0.03677	0.02149	0.44396	0.28086	0.00776	0.01051	0.00872	0.07074	0.00503
20	0.08623	0.07679	0.01447	0.01143	0.01461	0.10490	0.00910	0.12329	0.05342	0.02461	0.11851	0.08471	0.15979	0.03289	0.00782	0.00230	0.00612	0.05561	0.00571	0.00769
21	0.08348	0.08190	0.01682	0.01140	0.01700	0.08585	0.00929	0.07459	0.01596	0.02360	0.01189	0.01364	0.00977	0.00571	0.00519	0.00131	0.00623	0.00420	0.00414	0.51802
22	0.01397	0.01005	0.01172	0.01028	0.01312	0.00992	0.00793	0.15783	0.01900	0.04571	0.18253	0.12330	0.13111	0.03739	0.07118	0.00299	0.00592	0.01041	0.05216	0.08348
23	0.04056	0.17331	0.08510	0.01439	0.01991	0.01795	0.06946	0.20330	0.08256	0.04469	0.04003	0.02197	0.08441	0.00827	0.00637	0.00194	0.00704	0.00666	0.00513	0.06693

[dist]
# distance from previous block
# <min> <max>
0	28

[block]
# block no. 1 follows, 31 sequences, length 30
# corresponding to MSA columns:
# 52-81
name=unknown_B
#
# <colnr> <probs for GDERKNQSTAVLIFYWHMCP>
#	G	D	E	R	K	N	Q	S	T	A	V	L	I	F	Y	W	H	M	C	P
0	0.01667	0.01395	0.02158	0.01722	0.02108	0.03344	0.20446	0.14023	0.01892	0.06944	0.10874	0.11352	0.02502	0.01112	0.00882	0.00238	0.05744	0.07850	0.02897	0.00850
1	0.01718	0.01617	0.02460	0.03062	0.40458	0.03953	0.06066	0.09104	0.01666	0.02335	0.01429	0.06244	0.01271	0.00790	0.00866	0.00213	0.09326	0.00686	0.00395	0.06341
2	0.01472	0.08234	0.53475	0.10265	0.03060	0.01644	0.05437	0.02156	0.01460	0.04793	0.01271	0.01517	0.00913	0.00654	0.00648	0.00213	0.00970	0.00529	0.00315	0.00974
3	0.01422	0.01349	0.02287	0.51579	0.26429	0.01554	0.01965	0.01862	0.01430	0.01906	0.01239	0.01782	0.00968	0.00660	0.00682	0.00220	0.00880	0.00609	0.00315	0.00865
4	0.02162	0.11261	0.02413	0.04858	0.09022	0.12763	0.11272	0.12433	0.03841	0.15598	0.06313	0.01941	0.01530	0.00758	0.00669	0.00200	0.00829	0.00644	0.00520	0.00973
5	0.01739	0.05479	0.18812	0.09965	0.19620	0.01670	0.01816	0.07887	0.03563	0.08849	0.01480	0.03857	0.01176	0.00795	0.00867	0.00223	0.10188	0.00624	0.00412	0.00979
6	0.00919	0.00726	0.00829	0.00853	0.01021	0.00678	0.00620	0.01211	0.06145	0.01957	0.12762	0.21697	0.34927	0.06698	0.03958	0.00306	0.00457	0.03003	0.00627	0.00607
7	0.00868	0.00709	0.00779	0.00794	0.01006	0.00610	0.00604	0.01063	0.01554	0.01925	0.10169	0.13639	0.51722	0.01731	0.00819	0.00239	0.00382	0.07650	0.00635	0.03102
8	0.01525	0.01518	0.02771	0.30347	0.31996	0.01608	0.16258	0.01987	0.01498	0.02042	0.01281	0.01775	0.01009	0.00631	0.00707	0.00218	0.00922	0.00651	0.00327	0.00928
9	0.01461	0.16108	0.47429	0.10229	0.02990	0.01789	0.06718	0.02099	0.01437	0.02021	0.01188	0.01454	0.00885	0.00637	0.00627	0.00206	0.00960	0.00513	0.00295	0.00952
10	0.01400	0.00844	0.01050	0.01001	0.01229	0.00799	0.00747	0.01809	0.09559	0.15984	0.18816	0.28039	0.12925	0.01529	0.00793	0.00240	0.00427	0.01340	0.00710	0.00759
11	0.02290	0.01568	0.01735	0.01422	0.01894	0.01713	0.01145	0.26907	0.33106	0.17032	0.02363	0.02186	0.01683	0.00874	0.00690	0.00219	0.00624	0.00701	0.00722	0.01128
12	0.01984	0.01692	0.02455	0.01901	0.02338	0.01884	0.18436	0.25961	0.10006	0.05595	0.01601	0.01829	0.01222	0.00991	0.03403	0.00264	0.16248	0.00685	0.00516	0.00989
13	0.01107	0.01183	0.09430	0.12834	0.04656	0.00989	0.01194	0.01542	0.05935	0.02041	0.09764	0.20760	0.13141	0.01433	0.00794	0.00250	0.00595	0.11088	0.00546	0.00718
14	0.01031	0.00787	0.00957	0.00899	0.01096	0.00758	0.00679	0.01518	0.09762	0.02634	0.54591	0.05019	0.14887	0.01390	0.00794	0.00219	0.00351	0.01212	0.00730	0.00686
15	0.00972	0.00746	0.00898	0.00942	0.01088	0.00723	0.00681	0.01358	0.09474	0.02105	0.18278	0.34787	0.17399	0.03481	0.00890	0.00261	0.00404	0.04211	0.00661	0.00639
16	0.02227	0.02819	0.11304	0.01979	0.02511	0.39588	0.14848	0.12361	0.02000	0.02227	0.01229	0.01441	0.00952	0.00690	0.00669	0.00196	0.01119	0.00547	0.00392	0.00901
17	0.01292	0.01216	0.02052	0.74312	0.04712	0.01520	0.01900	0.01748	0.01368	0.01748	0.01216	0.01824	0.00912	0.00684	0.00684	0.00228	0.00912	0.00608	0.00304	0.00760
18	0.02019	0.02049	0.02085	0.01661	0.02148	0.21834	0.10570	0.14651	0.09844	0.02497	0.01440	0.01600	0.01126	0.00705	0.00701	0.00182	0.03734	0.00559	0.00462	0.20131
19	0.12981	0.01154	0.01355	0.01110	0.01545	0.01074	0.00881	0.08568	0.01721	0.27074	0.02255	0.16593	0.01934	0.01003	0.00649	0.00201	0.00538	0.00829	0.00636	0.17897
20	0.10724	0.01486	0.02323	0.08093	0.45368	0.01615	0.01769	0.01949	0.01404	0.02180	0.01231	0.01677	0.01051	0.00998	0.05750	0.00279	0.10224	0.00589	0.00343	0.00948
21	0.10490	0.01276	0.02332	0.01819	0.02227	0.01234	0.33041	0.01742	0.01453	0.02212	0.02122	0.22848	0.02088	0.01058	0.00740	0.00233	0.00760	0.01060	0.10506	0.00761
22	0.01329	0.00743	0.00753	0.00733	0.00922	0.00773	0.00555	0.01853	0.10186	0.02590	0.02302	0.02551	0.01796	0.00814	0.00506	0.00169	0.00347	0.00655	0.69731	0.00694
23	0.02357	0.02953	0.01807	0.01669	0.01985	0.64822	0.01243	0.02526	0.01866	0.01683	0.01371	0.09809	0.01302	0.00871	0.00646	0.00188	0.01137	0.00614	0.00385	0.00766
24	0.01069	0.00778	0.00898	0.00862	0.00970	0.00786	0.00576	0.01422	0.10118	0.01984	0.24037	0.04513	0.06355	0.40260	0.02189	0.00452	0.00529	0.01060	0.00565	0.00578
25	0.00883	0.00685	0.00804	0.00798	0.00976	0.00606	0.00589	0.01117	0.01700	0.02238	0.35448	0.13757	0.34682	0.01630	0.00815	0.00229	0.00342	0.01408	0.00688	0.00606
26	0.01495	0.20371	0.51778	0.01832	0.02722	0.01859	0.06716	0.02141	0.01443	0.02039	0.01174	0.01391	0.00881	0.00630	0.00612	0.00201	0.00956	0.00493	0.00294	0.00974
27	0.01379	0.00678	0.00998	0.00955	0.01032	0.00675	0.00675	0.01215	0.01041	0.09433	0.01444	0.02185	0.01313	0.02549	0.11392	0.60856	0.00750	0.00623	0.00369	0.00437
28	0.01442	0.01505	0.06967	0.38264	0.25918	0.01489	0.01881	0.01887	0.01440	0.01990	0.01240	0.01709	0.00976	0.00637	0.00659	0.00205	0.00840	0.00578	0.00326	0.10046
29	0.10021	0.34782	0.24206	0.01681	0.04288	0.02089	0.10189	0.02100	0.01416	0.02025	0.01100	0.01316	0.00886	0.00610	0.00555	0.00187	0.00851	0.00472	0.00313	0.00915

[dist]
# distance from previous block
# <min> <max>
0	1

[block]
# block no. 2 follows, 31 sequences, length 56
# corresponding to MSA columns:
# 83-138
name=unknown_C
#
# <colnr> <probs for GDERKNQSTAVLIFYWHMCP>
#	G	D	E	R	K	N	Q	S	T	A	V	L	I	F	Y	W	H	M	C	P
0	0.06372	0.11451	0.01545	0.01156	0.01391	0.01356	0.00927	0.01846	0.14820	0.01892	0.01750	0.02306	0.01554	0.06246	0.30777	0.07777	0.05038	0.00660	0.00417	0.00719
1	0.01694	0.01608	0.02636	0.03877	0.63674	0.01634	0.01983	0.02276	0.09457	0.02307	0.01459	0.01792	0.01199	0.00646	0.00679	0.00206	0.00782	0.00628	0.00380	0.01084
2	0.00850	0.00619	0.00801	0.00916	0.00990	0.00570	0.00626	0.01002	0.01419	0.01892	0.13318	0.59569	0.10896	0.02004	0.00858	0.00265	0.00382	0.01802	0.00651	0.00570
3	0.00945	0.00698	0.00882	0.00836	0.01007	0.00635	0.00627	0.01245	0.01880	0.02610	0.61743	0.05330	0.16123	0.01448	0.00807	0.00218	0.00326	0.01268	0.00736	0.00635
4	0.01047	0.00702	0.00882	0.00867	0.00935	0.00726	0.00576	0.01148	0.01122	0.03685	0.05892	0.03991	0.04565	0.46900	0.23366	0.00739	0.00971	0.00936	0.00439	0.00512
5	0.01586	0.01516	0.02584	0.22892	0.53832	0.01597	0.02046	0.02006	0.01507	0.02105	0.01268	0.01728	0.01038	0.00629	0.00679	0.00210	0.00839	0.00609	0.00329	0.00997
6	0.01292	0.01216	0.02052	0.74312	0.04712	0.01520	0.01900	0.01748	0.01368	0.01748	0.01216	0.01824	0.00912	0.00684	0.00684	0.00228	0.00912	0.00608	0.00304	0.00760
7	0.00979	0.00728	0.01074	0.01074	0.01187	0.00841	0.00823	0.01205	0.01092	0.01569	0.01856	0.02819	0.01767	0.10324	0.68131	0.01068	0.01747	0.00752	0.00370	0.00596
8	0.03070	0.01164	0.01588	0.01217	0.01746	0.01006	0.01006	0.03334	0.01958	0.72163	0.02699	0.02329	0.01694	0.00847	0.00688	0.00212	0.00582	0.00688	0.00847	0.01164
9	0.02601	0.01916	0.02053	0.01574	0.02122	0.02122	0.01300	0.69408	0.03217	0.04312	0.01643	0.01643	0.01163	0.00821	0.00684	0.00205	0.00753	0.00616	0.00684	0.01163
10	0.00834	0.00595	0.00794	0.00953	0.00992	0.00556	0.00635	0.00953	0.01310	0.01746	0.03771	0.75510	0.04525	0.02143	0.00873	0.00278	0.00397	0.01945	0.00635	0.00556
11	0.00985	0.00704	0.00953	0.00953	0.01025	0.00776	0.00673	0.01128	0.01056	0.01480	0.01966	0.03427	0.02031	0.34399	0.44416	0.00919	0.01349	0.00841	0.00386	0.00530
12	0.00994	0.00665	0.00754	0.00752	0.00759	0.00662	0.00426	0.01009	0.01040	0.01395	0.05492	0.04508	0.02679	0.72360	0.03353	0.00642	0.00647	0.01007	0.00431	0.00426
13	0.00984	0.00722	0.00828	0.00799	0.01018	0.00630	0.00610	0.01218	0.01706	0.05549	0.28160	0.05934	0.43379	0.01585	0.00808	0.00228	0.00362	0.04165	0.00685	0.00631
14	0.02120	0.01000	0.01293	0.01092	0.01445	0.00922	0.00861	0.06340	0.03573	0.36995	0.16500	0.14453	0.03076	0.01160	0.00728	0.00220	0.00493	0.00992	0.05810	0.00929
15	0.06303	0.00678	0.00675	0.00683	0.00848	0.00687	0.00509	0.01563	0.01406	0.02511	0.02289	0.09017	0.01938	0.00908	0.00510	0.00173	0.00339	0.00738	0.67587	0.00637
16	0.01227	0.00766	0.00940	0.00857	0.01097	0.00676	0.00657	0.01491	0.01813	0.12774	0.39399	0.05193	0.27649	0.01429	0.00790	0.00220	0.00369	0.01225	0.00727	0.00700
17	0.01724	0.57590	0.14837	0.01356	0.01959	0.02467	0.01424	0.02032	0.01368	0.01705	0.00992	0.01191	0.00878	0.00651	0.00636	0.00172	0.07427	0.00410	0.00293	0.00888
18	0.01810	0.01672	0.06880	0.09580	0.28222	0.01548	0.08918	0.10064	0.04714	0.08094	0.01498	0.01755	0.01142	0.00661	0.00672	0.00199	0.00797	0.00613	0.00438	0.10725
19	0.10690	0.30796	0.11046	0.03463	0.04166	0.19774	0.01364	0.05448	0.01617	0.02044	0.03240	0.01363	0.01056	0.00668	0.00544	0.00178	0.00864	0.00455	0.00356	0.00868
20	0.01934	0.40166	0.21111	0.01392	0.02070	0.02056	0.01491	0.02386	0.04484	0.14893	0.01427	0.01479	0.01078	0.00665	0.00551	0.00181	0.00769	0.00480	0.00412	0.00975
21	0.02556	0.03261	0.01939	0.01763	0.02115	0.73210	0.01322	0.02732	0.01939	0.01674	0.01058	0.01234	0.00881	0.00705	0.00617	0.00176	0.01234	0.00441	0.00353	0.00793
22	0.01847	0.07525	0.47747	0.01722	0.02569	0.01592	0.02031	0.08434	0.01702	0.16154	0.01538	0.01615	0.01057	0.00700	0.00647	0.00210	0.00885	0.00543	0.00435	0.01047
23	0.00834	0.00595	0.00794	0.00953	0.00992	0.00556	0.00635	0.00953	0.01310	0.01746	0.03771	0.75510	0.04525	0.02143	0.00873	0.00278	0.00397	0.01945	0.00635	0.00556
24	0.00879	0.00641	0.00786	0.00893	0.01000	0.00587	0.00637	0.01043	0.01406	0.01851	0.04474	0.47001	0.21536	0.01929	0.00838	0.00262	0.00400	0.07587	0.05677	0.00573
25	0.01688	0.01082	0.01348	0.01205	0.01494	0.01139	0.00968	0.02382	0.19076	0.18283	0.21025	0.03901	0.05916	0.01213	0.00899	0.00240	0.07163	0.09403	0.00699	0.00878
26	0.00834	0.00595	0.00794	0.00953	0.00992	0.00556	0.00635	0.00953	0.01310	0.01746	0.03771	0.75510	0.04525	0.02143	0.00873	0.00278	0.00397	0.01945	0.00635	0.00556
27	0.01372	0.03539	0.72412	0.01950	0.02961	0.01589	0.02528	0.02167	0.01444	0.02167	0.01228	0.01444	0.00867	0.00650	0.00650	0.00217	0.01011	0.00506	0.00289	0.01011
28	0.00921	0.00720	0.00852	0.00896	0.01089	0.00650	0.00717	0.01157	0.01612	0.02036	0.15239	0.08686	0.39681	0.01743	0.00851	0.00255	0.00430	0.21210	0.00651	0.00603
29	0.00839	0.00699	0.00736	0.00740	0.00961	0.00596	0.00565	0.01033	0.01592	0.01934	0.12066	0.06529	0.62057	0.01714	0.00816	0.00235	0.00361	0.05296	0.00645	0.00586
30	0.01521	0.01567	0.02487	0.02016	0.02155	0.02022	0.15157	0.01756	0.01162	0.01756	0.00996	0.01567	0.00926	0.01072	0.01955	0.00286	0.59866	0.00641	0.00309	0.00784
31	0.01555	0.01605	0.02173	0.07162	0.02114	0.06568	0.04689	0.01749	0.01155	0.01681	0.00954	0.01520	0.00905	0.01099	0.01960	0.00283	0.61164	0.00599	0.00305	0.00760
32	0.00971	0.00714	0.01028	0.01038	0.01137	0.00808	0.00776	0.01171	0.01097	0.01560	0.02004	0.07593	0.02005	0.15407	0.58324	0.00983	0.01568	0.00849	0.00391	0.00578
33	0.00968	0.00699	0.00914	0.00861	0.01022	0.00646	0.00646	0.01291	0.01937	0.02743	0.71328	0.05110	0.06455	0.01399	0.00807	0.00215	0.00323	0.01237	0.00753	0.00646
34	0.01372	0.03539	0.72412	0.01950	0.02961	0.01589	0.02528	0.02167	0.01444	0.02167	0.01228	0.01444	0.00867	0.00650	0.00650	0.00217	0.01011	0.00506	0.00289	0.01011
35	0.00869	0.00665	0.00797	0.00828	0.00977	0.00593	0.00597	0.01074	0.01605	0.02109	0.27009	0.27443	0.29463	0.01751	0.00828	0.00240	0.00354	0.01531	0.00674	0.00593
36	0.00834	0.00595	0.00794	0.00953	0.00992	0.00556	0.00635	0.00953	0.01310	0.01746	0.03771	0.75510	0.04525	0.02143	0.00873	0.00278	0.00397	0.01945	0.00635	0.00556
37	0.01829	0.76368	0.03585	0.01171	0.01756	0.02707	0.01171	0.02049	0.01390	0.01610	0.00951	0.01097	0.00878	0.00585	0.00439	0.00146	0.00732	0.00366	0.00293	0.00878
38	0.01646	0.01538	0.02304	0.37617	0.28008	0.04988	0.01874	0.09793	0.01677	0.02215	0.01283	0.01729	0.01001	0.00675	0.00679	0.00214	0.00873	0.00602	0.00363	0.00923
39	0.00977	0.00733	0.01100	0.01100	0.01222	0.00855	0.00855	0.01222	0.01100	0.01588	0.01833	0.02688	0.01710	0.05131	0.73245	0.01100	0.01833	0.00733	0.00367	0.00611
40	0.00995	0.00663	0.00746	0.00746	0.00746	0.00663	0.00415	0.00995	0.00995	0.01327	0.02156	0.04477	0.02487	0.75957	0.03482	0.00663	0.00663	0.00995	0.00415	0.00415
41	0.52760	0.01327	0.01182	0.04142	0.01535	0.01512	0.00852	0.13654	0.01567	0.03157	0.01261	0.01434	0.00962	0.00692	0.00488	0.00204	0.00555	0.00460	0.11457	0.00801
42	0.02514	0.03129	0.02043	0.01806	0.02184	0.66430	0.04503	0.05923	0.01985	0.01826	0.01101	0.01282	0.00902	0.00705	0.00629	0.00180	0.01207	0.00466	0.00368	0.00817
43	0.00968	0.00699	0.00914	0.00861	0.01022	0.00646	0.00646	0.01291	0.01937	0.02743	0.71328	0.05110	0.06455	0.01399	0.00807	0.00215	0.00323	0.01237	0.00753	0.00646
44	0.01275	0.00638	0.00638	0.00638	0.00797	0.00638	0.00478	0.01594	0.01435	0.02551	0.02232	0.02551	0.01754	0.00797	0.00478	0.00159	0.00319	0.00638	0.79755	0.00638
45	0.01372	0.03539	0.72412	0.01950	0.02961	0.01589	0.02528	0.02167	0.01444	0.02167	0.01228	0.01444	0.00867	0.00650	0.00650	0.00217	0.01011	0.00506	0.00289	0.01011
46	0.00834	0.00595	0.00794	0.00953	0.00992	0.00556	0.00635	0.00953	0.01310	0.01746	0.03771	0.75510	0.04525	0.02143	0.00873	0.00278	0.00397	0.01945	0.00635	0.00556
47	0.01829	0.76368	0.03585	0.01171	0.01756	0.02707	0.01171	0.02049	0.01390	0.01610	0.00951	0.01097	0.00878	0.00585	0.00439	0.00146	0.00732	0.00366	0.00293	0.00878
48	0.00850	0.00614	0.00808	0.00957	0.01016	0.00572	0.00659	0.00985	0.01342	0.01772	0.03947	0.67023	0.08430	0.02103	0.00874	0.00278	0.00409	0.06166	0.00635	0.00562
49	0.00855	0.00695	0.00758	0.00742	0.00953	0.00597	0.00556	0.01072	0.01669	0.02109	0.25714	0.06154	0.52464	0.01635	0.00808	0.00226	0.00340	0.01384	0.00670	0.00597
50	0.00994	0.00667	0.00767	0.00767	0.00774	0.00675	0.00441	0.01008	0.01001	0.01342	0.02137	0.04372	0.02441	0.71781	0.07595	0.00689	0.00732	0.00979	0.00412	0.00426
51	0.02488	0.03148	0.01949	0.01765	0.02095	0.68678	0.01333	0.02663	0.01882	0.01673	0.01047	0.01251	0.00882	0.00736	0.00721	0.00184	0.05916	0.00451	0.00349	0.00790
52	0.01177	0.00717	0.00864	0.00824	0.00900	0.00703	0.00523	0.01257	0.01209	0.07891	0.11069	0.04260	0.02880	0.55455	0.07000	0.00591	0.00681	0.00983	0.00494	0.00523
53	0.01642	0.05193	0.02207	0.01785	0.01928	0.08867	0.05412	0.02012	0.08542	0.01808	0.01145	0.01585	0.01030	0.01056	0.01756	0.00269	0.52005	0.00603	0.00349	0.00804
54	0.01693	0.01626	0.02777	0.04199	0.71689	0.01626	0.02100	0.02100	0.01558	0.02235	0.01287	0.01693	0.01084	0.00610	0.00677	0.00203	0.00813	0.00610	0.00339	0.01084
55	0.02747	0.01093	0.01484	0.01162	0.01635	0.00950	0.00950	0.03020	0.01955	0.61499	0.13241	0.02756	0.02425	0.00932	0.00706	0.00212	0.00542	0.00772	0.00832	0.01085

[dist]
# distance from previous block
# <min> <max>
0	10

[block]
# block no. 3 follows, 31 sequences, length 37
# corresponding to MSA columns:
# 149-185
name=unknown_D
#
# <colnr> <probs for GDERKNQSTAVLIFYWHMCP>
#	G	D	E	R	K	N	Q	S	T	A	V	L	I	F	Y	W	H	M	C	P
0	0.01042	0.00835	0.01222	0.01191	0.01288	0.01015	0.00932	0.01262	0.01110	0.01611	0.01863	0.08898	0.01836	0.04280	0.56271	0.00908	0.12612	0.00819	0.00380	0.00627
1	0.01097	0.00873	0.01203	0.01152	0.01216	0.01050	0.00877	0.01257	0.01091	0.01556	0.01853	0.03294	0.01916	0.24438	0.33798	0.00757	0.16374	0.05230	0.00384	0.00584
2	0.00835	0.00638	0.00769	0.00871	0.00984	0.00572	0.00611	0.00981	0.01410	0.01795	0.04907	0.48021	0.28673	0.01985	0.00853	0.00262	0.00388	0.04244	0.00635	0.00566
3	0.00883	0.00634	0.00833	0.00947	0.01021	0.00595	0.00664	0.01047	0.01423	0.01907	0.13917	0.53285	0.07220	0.05234	0.00982	0.00287	0.00416	0.07493	0.00643	0.00570
4	0.01829	0.76368	0.03585	0.01171	0.01756	0.02707	0.01171	0.02049	0.01390	0.01610	0.00951	0.01097	0.00878	0.00585	0.00439	0.00146	0.00732	0.00366	0.00293	0.00878
5	0.01372	0.03539	0.72412	0.01950	0.02961	0.01589	0.02528	0.02167	0.01444	0.02167	0.01228	0.01444	0.00867	0.00650	0.00650	0.00217	0.01011	0.00506	0.00289	0.01011
6	0.00879	0.00682	0.00803	0.00817	0.00988	0.00605	0.00604	0.01100	0.01649	0.02151	0.28808	0.18075	0.34666	0.01693	0.00824	0.00237	0.00357	0.03787	0.00676	0.00599
7	0.00851	0.00632	0.00765	0.00856	0.00944	0.00578	0.00577	0.00976	0.01354	0.01749	0.06392	0.46500	0.21732	0.11351	0.01184	0.00313	0.00415	0.01673	0.00611	0.00546
8	0.01000	0.00673	0.00769	0.00806	0.00969	0.00624	0.00610	0.01241	0.01532	0.02167	0.12679	0.16624	0.24665	0.01509	0.00740	0.00226	0.00377	0.08925	0.23258	0.00606
9	0.27657	0.27819	0.02133	0.01137	0.01642	0.01912	0.01005	0.07132	0.07109	0.14537	0.01449	0.01470	0.01092	0.00691	0.00515	0.00190	0.00626	0.00473	0.00491	0.00920
10	0.80789	0.01323	0.01006	0.00900	0.01323	0.01535	0.00741	0.02011	0.01164	0.03070	0.00953	0.01111	0.00741	0.00635	0.00423	0.00212	0.00529	0.00370	0.00423	0.00741
11	0.01560	0.21952	0.46113	0.01695	0.02519	0.04425	0.02012	0.02285	0.07502	0.02068	0.01288	0.01446	0.00977	0.00660	0.00599	0.00199	0.00906	0.00491	0.00328	0.00976
12	0.00858	0.00638	0.00770	0.00850	0.00945	0.00582	0.00577	0.00991	0.01384	0.01796	0.09544	0.42751	0.22295	0.11313	0.01181	0.00309	0.00412	0.01637	0.00616	0.00551
13	0.01332	0.01538	0.10621	0.01930	0.02388	0.01322	0.28734	0.01783	0.01411	0.02007	0.01729	0.02588	0.01507	0.02040	0.21527	0.00482	0.04030	0.06546	0.05693	0.00793
14	0.01403	0.08374	0.67843	0.01898	0.02881	0.01663	0.02438	0.02159	0.01441	0.02130	0.01209	0.01421	0.00867	0.00646	0.00636	0.00212	0.00993	0.00496	0.00289	0.01002
15	0.02230	0.01674	0.01782	0.01437	0.01904	0.01868	0.01164	0.44982	0.21569	0.03749	0.02012	0.01978	0.01473	0.00848	0.00668	0.00208	0.00654	0.00661	0.08045	0.01092
16	0.02593	0.02145	0.02034	0.01606	0.02120	0.14192	0.01304	0.58087	0.03000	0.03864	0.01543	0.01573	0.01116	0.00802	0.00673	0.00200	0.00834	0.00586	0.00628	0.01101
17	0.01689	0.01639	0.02852	0.04121	0.67635	0.01632	0.06093	0.02105	0.01561	0.02232	0.01293	0.01702	0.01081	0.00608	0.00685	0.00205	0.00833	0.00621	0.00339	0.01074
18	0.01841	0.01667	0.02597	0.06885	0.58832	0.05830	0.01954	0.02224	0.01605	0.07956	0.01387	0.01724	0.01114	0.00638	0.00675	0.00203	0.00823	0.00606	0.00380	0.01059
19	0.07580	0.01270	0.01443	0.01186	0.01608	0.05188	0.00951	0.06731	0.08938	0.37626	0.15617	0.02797	0.04119	0.00957	0.00692	0.00212	0.00567	0.00780	0.00743	0.00994
20	0.01350	0.00788	0.00939	0.00847	0.01113	0.00689	0.00654	0.01597	0.01746	0.16541	0.25075	0.05001	0.32994	0.01389	0.00761	0.00218	0.00386	0.01173	0.06019	0.00722
21	0.00841	0.00605	0.00798	0.00939	0.00992	0.00562	0.00632	0.00974	0.01355	0.01809	0.07895	0.69058	0.06835	0.02086	0.00867	0.00273	0.00391	0.01886	0.00642	0.00562
22	0.01396	0.01385	0.02043	0.68320	0.04497	0.07441	0.01852	0.01829	0.01415	0.01742	0.01203	0.01775	0.00909	0.00686	0.00678	0.00224	0.00939	0.00594	0.00308	0.00763
23	0.01583	0.01462	0.01379	0.01224	0.01481	0.14533	0.00947	0.14282	0.02012	0.02565	0.26504	0.08352	0.12258	0.01238	0.00872	0.00219	0.06725	0.00994	0.00605	0.00764
24	0.01062	0.00744	0.00901	0.00889	0.01086	0.00693	0.00697	0.01388	0.03763	0.04537	0.32475	0.05554	0.22885	0.01486	0.00794	0.00232	0.00394	0.12133	0.07633	0.00653
25	0.04518	0.01748	0.01991	0.01559	0.02075	0.08941	0.07130	0.27463	0.08926	0.25518	0.01992	0.01913	0.01372	0.00802	0.00684	0.00209	0.00756	0.00647	0.00668	0.01087
26	0.02910	0.01200	0.01583	0.01238	0.01750	0.01087	0.01015	0.03369	0.09954	0.64073	0.02709	0.02355	0.01740	0.00856	0.00689	0.00214	0.00577	0.00698	0.00829	0.01155
27	0.01605	0.01913	0.06755	0.02846	0.03551	0.01724	0.66553	0.02190	0.01608	0.02190	0.01378	0.01830	0.01031	0.00580	0.00801	0.00230	0.01148	0.00795	0.00344	0.00926
28	0.01791	0.70353	0.09270	0.01235	0.01855	0.02615	0.01283	0.02058	0.01395	0.01656	0.00974	0.01126	0.00877	0.00591	0.00456	0.00152	0.00755	0.00377	0.00292	0.00889
29	0.02539	0.01247	0.01568	0.01265	0.01723	0.01203	0.01039	0.14947	0.06768	0.43124	0.08836	0.02918	0.02243	0.00984	0.00720	0.00221	0.00591	0.06215	0.00781	0.01067
30	0.00943	0.00659	0.00887	0.01021	0.01105	0.00630	0.00763	0.01088	0.01369	0.01794	0.03712	0.44266	0.08542	0.02061	0.01048	0.07288	0.00480	0.21183	0.00604	0.00557
31	0.01418	0.00992	0.01204	0.01202	0.01451	0.01030	0.01011	0.10269	0.09250	0.04652	0.03314	0.05549	0.07589	0.01481	0.00814	0.00265	0.00579	0.37349	0.09820	0.00760
32	0.01486	0.21723	0.55227	0.01755	0.02660	0.01868	0.02189	0.02137	0.01431	0.02028	0.01159	0.01358	0.00869	0.00634	0.00597	0.00199	0.00941	0.00471	0.00290	0.00978
33	0.01552	0.18214	0.31597	0.02312	0.22149	0.01753	0.01937	0.02072	0.01464	0.02101	0.01274	0.01539	0.01009	0.00638	0.00598	0.00193	0.00834	0.00517	0.07275	0.00971
34	0.13248	0.01955	0.07911	0.01471	0.01960	0.10404	0.01264	0.22834	0.17517	0.09307	0.01763	0.01762	0.01290	0.00806	0.00696	0.00214	0.03418	0.00592	0.00576	0.01013
35	0.04174	0.01675	0.02138	0.11401	0.33135	0.10601	0.01600	0.04829	0.07315	0.02239	0.01749	0.02005	0.05822	0.00732	0.00658	0.00198	0.00786	0.00632	0.00408	0.07901
36	0.19988	0.10233	0.01840	0.04672	0.07904	0.05629	0.01151	0.08719	0.09972	0.04319	0.08144	0.01887	0.01608	0.00807	0.00726	0.00207	0.06764	0.00590	0.00481	0.04360

[dist]
# distance from previous block
# <min> <max>
1	35

# created by:
# /home/berkeley/.conda/envs/busco_data_prod/bin/msa2prfl.pl pipeline/OGs_align_augustus/5794/68787.fs
