[name]
unknown

[dist]
# distance from previous block
# <min> <max>
0	46

[block]
# block no. 0 follows, 32 sequences, length 66
# corresponding to MSA columns:
# 46-111
name=unknown_A
#
# <colnr> <probs for GDERKNQSTAVLIFYWHMCP>
#	G	D	E	R	K	N	Q	S	T	A	V	L	I	F	Y	W	H	M	C	P
0	0.01666	0.01707	0.07089	0.03673	0.58638	0.01594	0.04743	0.06157	0.01614	0.02295	0.01358	0.03926	0.01156	0.00658	0.00674	0.00204	0.00807	0.00640	0.00359	0.01041
1	0.06409	0.01228	0.01593	0.03562	0.08926	0.01037	0.03888	0.01734	0.01435	0.02261	0.06525	0.01703	0.01385	0.00589	0.00549	0.00134	0.00554	0.00500	0.00412	0.55575
2	0.01503	0.11213	0.32368	0.02314	0.18046	0.01634	0.10216	0.02048	0.01452	0.02086	0.01202	0.01476	0.00936	0.00596	0.00621	0.00190	0.00875	0.00527	0.00315	0.10382
3	0.56149	0.01259	0.01235	0.03487	0.06766	0.01466	0.00926	0.01825	0.01181	0.02631	0.01254	0.09105	0.01165	0.00835	0.00669	0.00223	0.08102	0.00574	0.00415	0.00734
4	0.02021	0.02411	0.01947	0.28537	0.02999	0.45090	0.01510	0.02294	0.01670	0.01668	0.01090	0.01430	0.00876	0.00698	0.00677	0.00195	0.03300	0.00497	0.00327	0.00765
5	0.00917	0.00668	0.00879	0.00911	0.00992	0.00697	0.00640	0.01057	0.01141	0.01546	0.02807	0.18736	0.09885	0.23694	0.31594	0.00704	0.01036	0.01110	0.00455	0.00532
6	0.00835	0.00675	0.00742	0.00738	0.00935	0.00582	0.00549	0.01040	0.01610	0.02034	0.23489	0.10457	0.50684	0.01640	0.00797	0.00225	0.00337	0.01394	0.00653	0.00582
7	0.00927	0.00636	0.00747	0.00785	0.00809	0.00620	0.00473	0.00974	0.01106	0.01470	0.04877	0.22825	0.05894	0.52026	0.02572	0.00523	0.00561	0.01240	0.00481	0.00456
8	0.00857	0.00657	0.00778	0.00853	0.00988	0.00594	0.00625	0.01019	0.01418	0.01791	0.06316	0.30938	0.32956	0.06557	0.00999	0.00281	0.00415	0.10787	0.00611	0.00557
9	0.81159	0.01298	0.00986	0.00882	0.01298	0.01505	0.00727	0.01972	0.01142	0.03010	0.00934	0.01090	0.00727	0.00623	0.00415	0.00208	0.00519	0.00363	0.00415	0.00727
10	0.02647	0.01189	0.01545	0.01169	0.01705	0.01021	0.00960	0.06261	0.01871	0.54449	0.02289	0.02062	0.01495	0.00759	0.00637	0.00185	0.00564	0.00613	0.00731	0.17847
11	0.01391	0.01193	0.01391	0.00994	0.01590	0.00894	0.00795	0.01690	0.01391	0.02186	0.01193	0.01391	0.00994	0.00497	0.00497	0.00099	0.00497	0.00398	0.00398	0.80521
12	0.81159	0.01298	0.00986	0.00882	0.01298	0.01505	0.00727	0.01972	0.01142	0.03010	0.00934	0.01090	0.00727	0.00623	0.00415	0.00208	0.00519	0.00363	0.00415	0.00727
13	0.02526	0.01709	0.01869	0.01442	0.01953	0.01853	0.01189	0.57376	0.02891	0.12652	0.01776	0.01751	0.01242	0.00807	0.00659	0.00199	0.00691	0.00614	0.05691	0.01109
14	0.81159	0.01298	0.00986	0.00882	0.01298	0.01505	0.00727	0.01972	0.01142	0.03010	0.00934	0.01090	0.00727	0.00623	0.00415	0.00208	0.00519	0.00363	0.00415	0.00727
15	0.01661	0.01594	0.02724	0.04119	0.72233	0.01594	0.02059	0.02059	0.01528	0.02192	0.01262	0.01661	0.01063	0.00598	0.00664	0.00199	0.00797	0.00598	0.00332	0.01063
16	0.71364	0.01370	0.01114	0.00965	0.01395	0.01577	0.00795	0.10448	0.01393	0.03162	0.01019	0.01155	0.00778	0.00646	0.00447	0.00207	0.00546	0.00393	0.00447	0.00778
17	0.01669	0.01441	0.01517	0.01365	0.01745	0.01669	0.01062	0.03565	0.71021	0.02807	0.02731	0.02503	0.02048	0.00910	0.00683	0.00228	0.00531	0.00759	0.00683	0.01062
18	0.01568	0.01763	0.03696	0.02680	0.03265	0.01746	0.60340	0.02075	0.01507	0.02075	0.01292	0.01763	0.00999	0.00650	0.00987	0.00236	0.11380	0.00764	0.00333	0.00881
19	0.02409	0.01524	0.01687	0.01319	0.01786	0.01624	0.01081	0.45712	0.02621	0.16580	0.01903	0.01891	0.01338	0.00806	0.00637	0.00195	0.00633	0.00621	0.14583	0.01051
20	0.01597	0.02073	0.23902	0.01544	0.02037	0.10274	0.04864	0.07289	0.01637	0.08192	0.04688	0.19956	0.02099	0.01105	0.00783	0.00227	0.04169	0.02241	0.00479	0.00844
21	0.01477	0.01355	0.03711	0.01397	0.08536	0.12810	0.00938	0.06638	0.01450	0.03624	0.02204	0.07788	0.08424	0.20723	0.04780	0.11466	0.00766	0.00835	0.00433	0.00645
22	0.00817	0.00606	0.00757	0.00876	0.00953	0.00552	0.00594	0.00941	0.01327	0.01723	0.04299	0.59647	0.18390	0.04005	0.00912	0.00273	0.00386	0.01781	0.00617	0.00546
23	0.01536	0.01480	0.02560	0.25903	0.48203	0.01567	0.05091	0.01957	0.01473	0.02043	0.01245	0.01707	0.01009	0.00619	0.00672	0.00208	0.00842	0.00606	0.00322	0.00958
24	0.01795	0.11711	0.09579	0.06814	0.32418	0.11030	0.03356	0.02168	0.01543	0.06442	0.01301	0.01583	0.01040	0.00649	0.00653	0.00193	0.02468	0.00545	0.03762	0.00950
25	0.02131	0.05320	0.15886	0.04472	0.04918	0.01930	0.01539	0.43385	0.08065	0.03419	0.01564	0.01631	0.01133	0.00758	0.00655	0.00204	0.00778	0.00584	0.00553	0.01076
26	0.01299	0.01207	0.01686	0.01508	0.01538	0.01613	0.01229	0.01458	0.01075	0.01611	0.01406	0.05440	0.01463	0.07541	0.13381	0.00444	0.50164	0.04917	0.00347	0.00673
27	0.13670	0.00974	0.01127	0.00970	0.01236	0.03855	0.08737	0.01741	0.01407	0.02504	0.01850	0.02150	0.01449	0.00728	0.00504	0.00173	0.00478	0.00597	0.55171	0.00680
28	0.00899	0.00668	0.00935	0.00988	0.01084	0.00712	0.00726	0.01083	0.01179	0.01621	0.02831	0.27911	0.07946	0.06192	0.41104	0.00726	0.01170	0.01184	0.00470	0.00572
29	0.01691	0.00755	0.00858	0.00768	0.01015	0.00716	0.00598	0.01990	0.01536	0.20061	0.02304	0.02447	0.01705	0.00794	0.00521	0.00169	0.00377	0.00638	0.60303	0.00755
30	0.01468	0.01468	0.02055	0.01762	0.01762	0.02055	0.01468	0.01615	0.01028	0.01615	0.00881	0.01468	0.00881	0.01174	0.02202	0.00294	0.75191	0.00587	0.00294	0.00734
31	0.00825	0.00621	0.00779	0.00878	0.00974	0.00575	0.00611	0.00969	0.01346	0.01750	0.05985	0.51006	0.21498	0.02203	0.06341	0.00320	0.00481	0.01676	0.00606	0.00557
32	0.02551	0.01879	0.02014	0.01544	0.02081	0.02081	0.01275	0.69996	0.03155	0.04229	0.01611	0.01611	0.01141	0.00805	0.00671	0.00201	0.00738	0.00604	0.00671	0.01141
33	0.01634	0.01410	0.01502	0.01319	0.01726	0.01572	0.01029	0.03332	0.62345	0.02730	0.02539	0.02365	0.01917	0.00859	0.00660	0.00212	0.00527	0.00714	0.00647	0.10963
34	0.71214	0.01568	0.09952	0.01011	0.01498	0.01512	0.00945	0.01991	0.01176	0.02900	0.00968	0.01131	0.00742	0.00625	0.00443	0.00208	0.00578	0.00380	0.00399	0.00760
35	0.01883	0.67649	0.03315	0.01220	0.01766	0.11511	0.01167	0.02093	0.01430	0.01587	0.00946	0.01093	0.00861	0.00589	0.00452	0.00147	0.00779	0.00368	0.00294	0.00851
36	0.01061	0.00720	0.00932	0.01019	0.01179	0.00673	0.00812	0.01279	0.01490	0.06326	0.04284	0.26616	0.19558	0.01825	0.00860	0.00273	0.00485	0.29355	0.00634	0.00618
37	0.00849	0.00611	0.00807	0.00923	0.00976	0.00593	0.00625	0.00972	0.01239	0.01658	0.03435	0.57214	0.06624	0.09538	0.10182	0.00407	0.00588	0.01651	0.00569	0.00539
38	0.01427	0.01278	0.02013	0.65677	0.04305	0.01564	0.01790	0.10223	0.01568	0.02028	0.01245	0.01767	0.00925	0.00688	0.00671	0.00221	0.00875	0.00597	0.00345	0.00795
39	0.01674	0.09276	0.46662	0.01769	0.02539	0.10698	0.02027	0.07576	0.01601	0.03995	0.01212	0.01403	0.00899	0.00688	0.00711	0.00205	0.05277	0.00495	0.00337	0.00955
40	0.02504	0.01407	0.11327	0.01229	0.01777	0.01013	0.01133	0.02824	0.01802	0.54099	0.02965	0.02684	0.10308	0.00912	0.00684	0.00211	0.00600	0.00742	0.00729	0.01049
41	0.01221	0.00850	0.01119	0.01230	0.09925	0.00769	0.00805	0.01484	0.01714	0.10528	0.29977	0.04828	0.30293	0.01337	0.00762	0.00215	0.00415	0.01151	0.00654	0.00721
42	0.02099	0.06028	0.10489	0.10955	0.21300	0.10463	0.01612	0.04217	0.01685	0.22264	0.01606	0.01736	0.01155	0.00694	0.00645	0.00200	0.00812	0.00574	0.00473	0.00994
43	0.01944	0.01620	0.01941	0.01961	0.14406	0.10935	0.06431	0.16610	0.07705	0.10292	0.02089	0.13096	0.01869	0.01003	0.00715	0.00219	0.00746	0.04931	0.00551	0.00935
44	0.46124	0.01607	0.04687	0.01860	0.15747	0.04482	0.09368	0.04952	0.01399	0.02706	0.01094	0.01330	0.00856	0.00622	0.00537	0.00207	0.00704	0.00479	0.00392	0.00845
45	0.01850	0.09629	0.01902	0.10560	0.02185	0.10284	0.01227	0.12054	0.37676	0.02597	0.01999	0.01991	0.01517	0.00805	0.00644	0.00208	0.00704	0.00637	0.00552	0.00979
46	0.01607	0.08960	0.29147	0.02016	0.13942	0.01599	0.04515	0.10474	0.01649	0.02363	0.01244	0.01462	0.00958	0.00615	0.00606	0.00181	0.00810	0.00506	0.00365	0.16981
47	0.01091	0.00835	0.00978	0.00965	0.01153	0.00832	0.00715	0.09723	0.04853	0.02167	0.09495	0.30155	0.23231	0.02011	0.08258	0.00326	0.00563	0.01374	0.00614	0.00662
48	0.71269	0.10708	0.01301	0.00915	0.01351	0.01649	0.00779	0.01977	0.01170	0.02832	0.00934	0.01088	0.00743	0.00617	0.00417	0.00200	0.00544	0.00363	0.00399	0.00743
49	0.01261	0.03405	0.01616	0.01770	0.14648	0.07364	0.06924	0.01479	0.01396	0.01804	0.02515	0.32051	0.02793	0.10758	0.01105	0.00292	0.00664	0.06979	0.00482	0.00692
50	0.01573	0.01995	0.16471	0.05041	0.41292	0.01609	0.17965	0.02085	0.01515	0.02158	0.01272	0.01652	0.01008	0.00600	0.00689	0.00209	0.00915	0.00624	0.00324	0.01005
51	0.02369	0.01132	0.01423	0.01138	0.01572	0.01055	0.00923	0.11063	0.04810	0.43872	0.12047	0.03056	0.10492	0.01003	0.00704	0.00210	0.00530	0.00827	0.00768	0.01004
52	0.01591	0.01674	0.07111	0.12241	0.56980	0.01584	0.04957	0.02027	0.01501	0.02130	0.01254	0.01667	0.01028	0.00608	0.00669	0.00204	0.00835	0.00600	0.00325	0.01014
53	0.26720	0.01936	0.17654	0.01475	0.05415	0.04663	0.01345	0.12748	0.03546	0.13644	0.03824	0.01632	0.01209	0.00721	0.00585	0.00206	0.00705	0.00532	0.00500	0.00939
54	0.00952	0.00780	0.00999	0.01163	0.08244	0.00755	0.00738	0.01115	0.01339	0.01725	0.04253	0.19050	0.31970	0.13141	0.07904	0.00377	0.03100	0.01273	0.00526	0.00598
55	0.00893	0.00672	0.00843	0.00944	0.01077	0.00622	0.00725	0.01090	0.01458	0.01868	0.07317	0.32513	0.24274	0.01881	0.00856	0.00267	0.00439	0.21059	0.00626	0.00576
56	0.02109	0.38468	0.08348	0.01332	0.01883	0.12384	0.01247	0.05206	0.06004	0.15027	0.01429	0.01459	0.01095	0.00674	0.00543	0.00173	0.00772	0.00474	0.00437	0.00936
57	0.01965	0.01870	0.15796	0.09773	0.14016	0.01611	0.03465	0.15164	0.01812	0.16173	0.01535	0.01719	0.01111	0.00769	0.00858	0.00219	0.10068	0.00598	0.00476	0.01001
58	0.81159	0.01298	0.00986	0.00882	0.01298	0.01505	0.00727	0.01972	0.01142	0.03010	0.00934	0.01090	0.00727	0.00623	0.00415	0.00208	0.00519	0.00363	0.00415	0.00727
59	0.01635	0.02102	0.19175	0.02194	0.17548	0.10957	0.06253	0.10410	0.01718	0.02267	0.01784	0.13924	0.01687	0.00954	0.00704	0.00219	0.00838	0.04304	0.00427	0.00900
60	0.00925	0.00751	0.01163	0.01131	0.01261	0.00700	0.09213	0.01092	0.01313	0.01738	0.03512	0.54575	0.09290	0.08668	0.01077	0.00298	0.00502	0.01644	0.00568	0.00579
61	0.01149	0.00835	0.01036	0.00931	0.01137	0.00814	0.00713	0.09830	0.02056	0.02882	0.63124	0.04588	0.05684	0.01301	0.00776	0.00210	0.00369	0.01138	0.00730	0.00696
62	0.12271	0.20745	0.02043	0.01186	0.01666	0.01700	0.01024	0.08905	0.01526	0.07598	0.01205	0.01370	0.00976	0.00675	0.00713	0.00168	0.09894	0.00449	0.00419	0.25468
63	0.01791	0.62240	0.12048	0.01286	0.01895	0.07772	0.01325	0.02073	0.01410	0.01651	0.00974	0.01129	0.00860	0.00591	0.00469	0.00154	0.00788	0.00381	0.00291	0.00871
64	0.01630	0.30702	0.29608	0.01779	0.02523	0.03925	0.14530	0.04389	0.01499	0.01982	0.01140	0.01363	0.00896	0.00607	0.00589	0.00188	0.00912	0.00502	0.00310	0.00926
65	0.00899	0.00725	0.00817	0.00844	0.01022	0.00678	0.00615	0.01227	0.07911	0.01927	0.09884	0.25764	0.38699	0.01853	0.03741	0.00273	0.00429	0.01454	0.00626	0.00612

[dist]
# distance from previous block
# <min> <max>
0	1

[block]
# block no. 1 follows, 32 sequences, length 31
# corresponding to MSA columns:
# 113-143
name=unknown_B
#
# <colnr> <probs for GDERKNQSTAVLIFYWHMCP>
#	G	D	E	R	K	N	Q	S	T	A	V	L	I	F	Y	W	H	M	C	P
0	0.00901	0.00675	0.00828	0.00911	0.01020	0.00636	0.00635	0.03188	0.03536	0.01906	0.08545	0.53401	0.17527	0.01901	0.00829	0.00256	0.00390	0.01692	0.00634	0.00589
1	0.29015	0.18667	0.06497	0.01579	0.09645	0.01897	0.03796	0.14428	0.04403	0.02722	0.01197	0.01348	0.00941	0.00652	0.00531	0.00193	0.00687	0.00472	0.00423	0.00906
2	0.01089	0.00999	0.00962	0.01050	0.01169	0.11311	0.00754	0.01240	0.01432	0.01745	0.03680	0.49411	0.12288	0.01820	0.00819	0.00256	0.00527	0.08280	0.00582	0.00589
3	0.00867	0.00660	0.00798	0.00812	0.00964	0.00590	0.00590	0.01089	0.01633	0.02172	0.34482	0.22311	0.27292	0.01652	0.00807	0.00231	0.00341	0.01444	0.00673	0.00590
4	0.01791	0.17871	0.31226	0.01978	0.11750	0.01786	0.05032	0.08951	0.01655	0.09861	0.01359	0.01511	0.01005	0.00653	0.00613	0.00196	0.00845	0.00525	0.00391	0.01001
5	0.16706	0.15168	0.32155	0.01681	0.02402	0.01763	0.11697	0.02183	0.06354	0.02253	0.01238	0.01432	0.00939	0.00633	0.00586	0.00203	0.00842	0.00509	0.00346	0.00911
6	0.01499	0.01454	0.02220	0.19974	0.41554	0.06005	0.01754	0.01853	0.01473	0.01975	0.01589	0.12570	0.01506	0.00842	0.00690	0.00214	0.00786	0.00779	0.00368	0.00895
7	0.00877	0.00661	0.00789	0.00867	0.00988	0.00607	0.00632	0.01030	0.01375	0.01743	0.04569	0.28851	0.28421	0.12343	0.01205	0.00315	0.00448	0.13140	0.00592	0.00546
8	0.02168	0.12605	0.02750	0.04980	0.23892	0.18672	0.11608	0.02439	0.01740	0.09888	0.01502	0.01805	0.01207	0.00759	0.00711	0.00223	0.00963	0.00617	0.00445	0.01024
9	0.02026	0.01512	0.01728	0.07239	0.02064	0.01673	0.01221	0.39630	0.12326	0.05090	0.02161	0.06656	0.01841	0.01034	0.00720	0.00227	0.00680	0.10548	0.00637	0.00990
10	0.12771	0.01409	0.01406	0.01079	0.01596	0.06861	0.00855	0.08625	0.01554	0.02421	0.01230	0.01500	0.01030	0.04196	0.00651	0.00157	0.00588	0.00444	0.00424	0.51203
11	0.01430	0.04208	0.25406	0.07476	0.08078	0.01414	0.18074	0.01957	0.01518	0.04547	0.07069	0.02172	0.05888	0.00737	0.00685	0.00205	0.00848	0.00690	0.00386	0.07209
12	0.01409	0.00739	0.00858	0.00943	0.06512	0.00728	0.00632	0.01725	0.01453	0.07493	0.02148	0.02419	0.01664	0.00771	0.00499	0.00163	0.00370	0.00627	0.68149	0.00697
13	0.01793	0.01347	0.04667	0.35604	0.11340	0.01382	0.03939	0.06350	0.01637	0.18562	0.03663	0.03873	0.01358	0.00760	0.00682	0.00216	0.00780	0.00670	0.00471	0.00906
14	0.01532	0.01665	0.04685	0.46886	0.10183	0.14031	0.01722	0.01928	0.01463	0.01799	0.01172	0.01631	0.00911	0.00653	0.00644	0.00202	0.00912	0.00548	0.00317	0.07114
15	0.81159	0.01298	0.00986	0.00882	0.01298	0.01505	0.00727	0.01972	0.01142	0.03010	0.00934	0.01090	0.00727	0.00623	0.00415	0.00208	0.00519	0.00363	0.00415	0.00727
16	0.00994	0.00654	0.00752	0.00752	0.00772	0.00664	0.00445	0.01035	0.01015	0.01407	0.02094	0.04117	0.02328	0.65355	0.08781	0.00649	0.00717	0.00930	0.06101	0.00437
17	0.00816	0.00661	0.00725	0.00750	0.00931	0.00570	0.00547	0.00992	0.01522	0.01893	0.13624	0.20343	0.50799	0.01743	0.00806	0.00234	0.00347	0.01492	0.00636	0.00570
18	0.00822	0.00604	0.00773	0.00906	0.00976	0.00555	0.00620	0.00952	0.01328	0.01736	0.04149	0.63753	0.14331	0.02036	0.00849	0.00267	0.00389	0.03783	0.00623	0.00550
19	0.01794	0.76823	0.03516	0.01148	0.01722	0.02655	0.01148	0.02009	0.01363	0.01579	0.00933	0.01076	0.00861	0.00574	0.00431	0.00144	0.00718	0.00359	0.00287	0.00861
20	0.81159	0.01298	0.00986	0.00882	0.01298	0.01505	0.00727	0.01972	0.01142	0.03010	0.00934	0.01090	0.00727	0.00623	0.00415	0.00208	0.00519	0.00363	0.00415	0.00727
21	0.00946	0.00667	0.00873	0.00896	0.00948	0.00708	0.00605	0.01056	0.01061	0.01461	0.02224	0.14219	0.02438	0.37909	0.30240	0.00760	0.01056	0.01013	0.00420	0.00501
22	0.01327	0.01118	0.01319	0.00972	0.01504	0.00856	0.00771	0.01627	0.01466	0.02260	0.11567	0.01923	0.01777	0.00625	0.00540	0.00116	0.00470	0.00517	0.00448	0.68796
23	0.01449	0.01487	0.01996	0.64081	0.04248	0.12092	0.01780	0.01856	0.01424	0.01704	0.01170	0.01704	0.00890	0.00674	0.00661	0.00216	0.00941	0.00572	0.00305	0.00750
24	0.02109	0.02087	0.01737	0.01516	0.01916	0.24723	0.01179	0.16322	0.35663	0.02715	0.01971	0.01916	0.01493	0.00820	0.00656	0.00205	0.00788	0.00624	0.00573	0.00987
25	0.01179	0.01745	0.24551	0.06644	0.02113	0.01100	0.07556	0.01662	0.03128	0.03873	0.13675	0.09164	0.18611	0.01121	0.00733	0.00223	0.00673	0.00977	0.00489	0.00782
26	0.05880	0.01989	0.11852	0.01730	0.08592	0.12078	0.03346	0.12376	0.10339	0.14658	0.01670	0.01713	0.01214	0.00716	0.00631	0.00193	0.00771	0.00567	0.00516	0.09170
27	0.01492	0.01650	0.03536	0.02571	0.03168	0.01571	0.59676	0.02010	0.01510	0.02062	0.01422	0.01931	0.01115	0.01221	0.11501	0.00351	0.01229	0.00781	0.00342	0.00860
28	0.02689	0.01060	0.01443	0.01156	0.01604	0.00921	0.00933	0.02927	0.01827	0.62280	0.02801	0.13100	0.02069	0.01017	0.00701	0.00217	0.00544	0.00856	0.00800	0.01054
29	0.01798	0.10696	0.29644	0.07680	0.07607	0.10243	0.03948	0.12176	0.03347	0.04798	0.01309	0.01499	0.00976	0.00672	0.00628	0.00199	0.00908	0.00526	0.00383	0.00964
30	0.29455	0.17281	0.01954	0.16690	0.04353	0.01764	0.01179	0.09554	0.01535	0.08841	0.01228	0.01417	0.00931	0.00661	0.00531	0.00197	0.00677	0.00473	0.00427	0.00852

[dist]
# distance from previous block
# <min> <max>
0	19

[block]
# block no. 2 follows, 32 sequences, length 62
# corresponding to MSA columns:
# 163-224
name=unknown_C
#
# <colnr> <probs for GDERKNQSTAVLIFYWHMCP>
#	G	D	E	R	K	N	Q	S	T	A	V	L	I	F	Y	W	H	M	C	P
0	0.00838	0.00597	0.00786	0.00915	0.00962	0.00559	0.00611	0.00966	0.01321	0.01776	0.09661	0.65556	0.04491	0.06318	0.00998	0.00289	0.00398	0.01792	0.00621	0.00545
1	0.04231	0.25410	0.06359	0.03504	0.06073	0.18293	0.01244	0.06322	0.01695	0.08205	0.07620	0.05192	0.01611	0.00789	0.00591	0.00183	0.00787	0.00596	0.00434	0.00861
2	0.05821	0.05338	0.04793	0.11769	0.34964	0.10793	0.01706	0.07745	0.03870	0.05003	0.01320	0.01602	0.01044	0.00656	0.00635	0.00199	0.00829	0.00559	0.00388	0.00968
3	0.00848	0.00640	0.00790	0.00889	0.01003	0.00582	0.00643	0.01013	0.01419	0.01826	0.08020	0.43685	0.24623	0.01916	0.00842	0.00260	0.00398	0.09410	0.00628	0.00564
4	0.00837	0.00598	0.00801	0.00957	0.01005	0.00562	0.00657	0.00969	0.01304	0.01735	0.03687	0.70843	0.04395	0.02083	0.00862	0.00275	0.00406	0.06850	0.00622	0.00550
5	0.02071	0.05380	0.11843	0.02302	0.21833	0.03801	0.04691	0.20634	0.06014	0.12416	0.01606	0.01715	0.01177	0.00709	0.00658	0.00202	0.00785	0.00598	0.00504	0.01060
6	0.01958	0.02234	0.18138	0.02170	0.13412	0.09381	0.10064	0.17931	0.08867	0.06926	0.01547	0.01687	0.01141	0.00706	0.00672	0.00207	0.00872	0.00603	0.00466	0.01020
7	0.01576	0.01460	0.01680	0.05101	0.09261	0.13351	0.06680	0.09325	0.01774	0.04666	0.08478	0.15187	0.10368	0.01195	0.00746	0.00225	0.00709	0.06908	0.00529	0.00781
8	0.45261	0.01657	0.01781	0.01923	0.18096	0.10799	0.07473	0.02099	0.01370	0.02565	0.01063	0.01304	0.00849	0.00621	0.00532	0.00203	0.00729	0.00466	0.00380	0.00828
9	0.01485	0.11546	0.02636	0.04920	0.20553	0.01534	0.20096	0.04466	0.01562	0.02074	0.02143	0.08067	0.07829	0.00924	0.00719	0.00218	0.00791	0.07164	0.00414	0.00860
10	0.01730	0.01847	0.09636	0.11995	0.45148	0.05030	0.01946	0.10377	0.01711	0.02351	0.01280	0.01624	0.01021	0.00641	0.00660	0.00203	0.00841	0.00580	0.00365	0.01014
11	0.00814	0.00598	0.00764	0.00897	0.00963	0.00548	0.00606	0.00938	0.01320	0.01727	0.04150	0.65836	0.14291	0.02043	0.00847	0.00266	0.00382	0.01836	0.00623	0.00548
12	0.02111	0.24970	0.02326	0.01492	0.01900	0.37347	0.01217	0.02594	0.13706	0.01824	0.01294	0.01403	0.01069	0.00711	0.00622	0.00178	0.03528	0.00472	0.00385	0.00851
13	0.55107	0.01313	0.01180	0.01005	0.01426	0.01468	0.00824	0.11797	0.01522	0.10463	0.01301	0.01411	0.00964	0.00832	0.03042	0.00235	0.00591	0.00455	0.04243	0.00821
14	0.00972	0.00681	0.00877	0.00828	0.00986	0.00633	0.00621	0.01289	0.01862	0.02677	0.66645	0.04824	0.05985	0.01327	0.00767	0.00207	0.00316	0.01169	0.06702	0.00633
15	0.00857	0.00643	0.00741	0.00787	0.00894	0.00585	0.00531	0.00982	0.01349	0.01729	0.09972	0.28047	0.28407	0.19707	0.01442	0.00342	0.00428	0.01451	0.00581	0.00527
16	0.01154	0.00963	0.01087	0.01081	0.01209	0.07286	0.00795	0.05006	0.01297	0.01710	0.02189	0.19092	0.02299	0.13724	0.37150	0.00710	0.01212	0.00989	0.00441	0.00606
17	0.00960	0.00644	0.00737	0.00753	0.00757	0.00640	0.00429	0.00972	0.01007	0.01343	0.02277	0.11730	0.02644	0.68800	0.03153	0.00612	0.00624	0.01071	0.00429	0.00421
18	0.01692	0.23543	0.29247	0.01888	0.10860	0.14314	0.01764	0.02140	0.01522	0.01924	0.04430	0.01485	0.01139	0.00659	0.00585	0.00185	0.00897	0.00493	0.00323	0.00910
19	0.01196	0.00775	0.00923	0.00884	0.01096	0.00744	0.00690	0.01610	0.07315	0.07181	0.28928	0.04668	0.15601	0.01292	0.00727	0.00215	0.00389	0.08715	0.16363	0.00688
20	0.01661	0.18197	0.01963	0.01114	0.01696	0.01472	0.00948	0.12343	0.01658	0.02367	0.01199	0.01355	0.00987	0.00562	0.00509	0.00125	0.00584	0.00421	0.00415	0.50425
21	0.01718	0.64337	0.15334	0.01278	0.01923	0.02468	0.01375	0.02029	0.01372	0.01672	0.00979	0.01134	0.00859	0.00585	0.00466	0.00155	0.00764	0.00382	0.00286	0.00883
22	0.01802	0.22768	0.29358	0.01708	0.02421	0.08809	0.07781	0.13658	0.01758	0.02291	0.01198	0.01373	0.00919	0.00648	0.00598	0.00189	0.00908	0.00498	0.00361	0.00954
23	0.01225	0.01680	0.21552	0.01359	0.01816	0.01156	0.04703	0.01992	0.16354	0.02382	0.23262	0.11172	0.06303	0.01120	0.00732	0.00223	0.00603	0.00978	0.00560	0.00827
24	0.01008	0.00669	0.00818	0.00868	0.01017	0.00594	0.00617	0.01162	0.01443	0.08080	0.06768	0.43735	0.27075	0.01830	0.00817	0.00249	0.00386	0.01610	0.00645	0.00608
25	0.01114	0.01779	0.27529	0.01393	0.04528	0.01032	0.03527	0.01575	0.01601	0.02239	0.26440	0.03719	0.16504	0.03142	0.00801	0.00226	0.00623	0.00945	0.00511	0.00771
26	0.01454	0.04277	0.27578	0.15213	0.27222	0.01563	0.05996	0.01985	0.01433	0.02032	0.01259	0.01695	0.01004	0.03573	0.00764	0.00226	0.00894	0.00581	0.00311	0.00943
27	0.01267	0.01193	0.02013	0.74806	0.04621	0.01491	0.01863	0.01714	0.01342	0.01714	0.01193	0.01789	0.00894	0.00671	0.00671	0.00224	0.00894	0.00596	0.00298	0.00745
28	0.00843	0.00673	0.00754	0.00752	0.00941	0.00585	0.00557	0.01052	0.01620	0.02070	0.26255	0.12192	0.46067	0.01636	0.00798	0.00226	0.00337	0.01398	0.00658	0.00585
29	0.01832	0.01320	0.01370	0.01152	0.01509	0.03325	0.00917	0.27513	0.13449	0.05091	0.06267	0.02616	0.08021	0.00924	0.00635	0.00196	0.00542	0.00738	0.21681	0.00903
30	0.74175	0.01466	0.01067	0.00958	0.01367	0.07918	0.00777	0.02035	0.01209	0.02889	0.00943	0.01101	0.00739	0.00629	0.00432	0.00205	0.00580	0.00369	0.00409	0.00731
31	0.01267	0.01193	0.02013	0.74806	0.04621	0.01491	0.01863	0.01714	0.01342	0.01714	0.01193	0.01789	0.00894	0.00671	0.00671	0.00224	0.00894	0.00596	0.00298	0.00745
32	0.01045	0.00842	0.01281	0.31171	0.02459	0.00950	0.01125	0.01318	0.01312	0.01777	0.02473	0.36593	0.02652	0.01502	0.03292	0.00270	0.00639	0.01217	0.07447	0.00636
33	0.00926	0.00724	0.00822	0.00790	0.00993	0.00661	0.00594	0.01264	0.05647	0.02278	0.35182	0.05472	0.36826	0.01482	0.00776	0.00218	0.00340	0.01265	0.03115	0.00626
34	0.01468	0.01468	0.02055	0.01762	0.01762	0.02055	0.01468	0.01615	0.01028	0.01615	0.00881	0.01468	0.00881	0.01174	0.02202	0.00294	0.75191	0.00587	0.00294	0.00734
35	0.01349	0.01537	0.12712	0.01706	0.12878	0.01110	0.03660	0.01781	0.04024	0.02125	0.01720	0.12520	0.01629	0.00836	0.00631	0.00175	0.00633	0.03222	0.00419	0.35333
36	0.15604	0.01347	0.05021	0.07640	0.01922	0.01161	0.01023	0.05290	0.01533	0.16450	0.01458	0.01564	0.01071	0.00622	0.00549	0.00161	0.00587	0.00479	0.00485	0.36031
37	0.02551	0.01879	0.02014	0.01544	0.02081	0.02081	0.01275	0.69996	0.03155	0.04229	0.01611	0.01611	0.01141	0.00805	0.00671	0.00201	0.00738	0.00604	0.00671	0.01141
38	0.70250	0.01561	0.01113	0.01000	0.01405	0.11522	0.00806	0.02070	0.01247	0.02821	0.00949	0.01107	0.00746	0.00632	0.00442	0.00203	0.00615	0.00373	0.00406	0.00734
39	0.01267	0.01193	0.02013	0.74806	0.04621	0.01491	0.01863	0.01714	0.01342	0.01714	0.01193	0.01789	0.00894	0.00671	0.00671	0.00224	0.00894	0.00596	0.00298	0.00745
40	0.01015	0.00806	0.00927	0.00875	0.01091	0.00778	0.00662	0.01539	0.12912	0.02426	0.39738	0.05075	0.26823	0.01403	0.00774	0.00219	0.00359	0.01206	0.00692	0.00681
41	0.00959	0.00719	0.01078	0.01078	0.01198	0.00839	0.00839	0.01198	0.01078	0.01558	0.01797	0.02636	0.01677	0.05032	0.73760	0.01078	0.01797	0.00719	0.00359	0.00599
42	0.01560	0.01622	0.02042	0.01759	0.01789	0.08419	0.01453	0.01709	0.01105	0.01617	0.00895	0.01445	0.00879	0.01132	0.02060	0.00283	0.68622	0.00573	0.00298	0.00738
43	0.01332	0.01162	0.01695	0.02222	0.29690	0.01159	0.01263	0.03950	0.08570	0.02358	0.19662	0.06096	0.13788	0.01089	0.00733	0.00215	0.00560	0.03063	0.00542	0.00850
44	0.01373	0.04986	0.01586	0.01629	0.13396	0.02920	0.01081	0.03578	0.19843	0.02283	0.12934	0.07532	0.16193	0.01143	0.00826	0.00222	0.06136	0.00948	0.00559	0.00834
45	0.01289	0.01078	0.01112	0.01049	0.01179	0.07810	0.00740	0.06026	0.07465	0.01745	0.02004	0.06578	0.02053	0.36540	0.17800	0.00603	0.03024	0.00857	0.00440	0.00606
46	0.01955	0.02127	0.02062	0.07130	0.18900	0.29880	0.01520	0.07260	0.01716	0.02001	0.01346	0.01987	0.01203	0.00846	0.00878	0.00214	0.11253	0.06491	0.00381	0.00851
47	0.01391	0.01193	0.01391	0.00994	0.01590	0.00894	0.00795	0.01690	0.01391	0.02186	0.01193	0.01391	0.00994	0.00497	0.00497	0.00099	0.00497	0.00398	0.00398	0.80521
48	0.01391	0.01193	0.01391	0.00994	0.01590	0.00894	0.00795	0.01690	0.01391	0.02186	0.01193	0.01391	0.00994	0.00497	0.00497	0.00099	0.00497	0.00398	0.00398	0.80521
49	0.01736	0.01737	0.02651	0.03906	0.66004	0.07999	0.01992	0.02114	0.01561	0.02143	0.01242	0.01621	0.01045	0.00606	0.00659	0.00197	0.00834	0.00583	0.00333	0.01038
50	0.01213	0.07834	0.05525	0.01389	0.06800	0.01120	0.06979	0.01711	0.08057	0.02443	0.40665	0.03777	0.07580	0.01106	0.00732	0.00208	0.00517	0.00984	0.00597	0.00765
51	0.01717	0.05340	0.17831	0.01439	0.05490	0.01279	0.01323	0.08083	0.01625	0.11079	0.01404	0.01526	0.01054	0.00606	0.00572	0.00155	0.00665	0.00481	0.00441	0.37890
52	0.59430	0.01287	0.01029	0.00962	0.01303	0.05597	0.00774	0.01852	0.01221	0.02651	0.01368	0.02189	0.01274	0.07692	0.00763	0.00258	0.00584	0.08645	0.00435	0.00687
53	0.01328	0.01196	0.01879	0.14618	0.33052	0.01241	0.01472	0.01721	0.04919	0.01996	0.04410	0.11306	0.08335	0.06653	0.00918	0.00253	0.00680	0.02766	0.00431	0.00829
54	0.01794	0.76823	0.03516	0.01148	0.01722	0.02655	0.01148	0.02009	0.01363	0.01579	0.00933	0.01076	0.00861	0.00574	0.00431	0.00144	0.00718	0.00359	0.00287	0.00861
55	0.01794	0.76823	0.03516	0.01148	0.01722	0.02655	0.01148	0.02009	0.01363	0.01579	0.00933	0.01076	0.00861	0.00574	0.00431	0.00144	0.00718	0.00359	0.00287	0.00861
56	0.00867	0.00678	0.00788	0.00790	0.00972	0.00599	0.00593	0.01093	0.01645	0.02137	0.30317	0.11945	0.38609	0.01621	0.00805	0.00229	0.00349	0.04704	0.00665	0.00592
57	0.01669	0.01441	0.01517	0.01365	0.01745	0.01669	0.01062	0.03565	0.71021	0.02807	0.02731	0.02503	0.02048	0.00910	0.00683	0.00228	0.00531	0.00759	0.00683	0.01062
58	0.55649	0.01914	0.01283	0.01157	0.01550	0.24928	0.00911	0.02202	0.01388	0.02567	0.00968	0.01129	0.00771	0.00645	0.00477	0.00196	0.00743	0.00386	0.00393	0.00743
59	0.01346	0.03471	0.72942	0.01912	0.02904	0.01558	0.02479	0.02125	0.01417	0.02125	0.01204	0.01417	0.00850	0.00637	0.00637	0.00212	0.00992	0.00496	0.00283	0.00992
60	0.01568	0.16012	0.02043	0.01197	0.01792	0.01314	0.07000	0.01872	0.01429	0.05595	0.01229	0.01412	0.01003	0.00535	0.00519	0.00125	0.00600	0.00439	0.00392	0.53923
61	0.00818	0.00584	0.00779	0.00934	0.00973	0.00545	0.00623	0.00934	0.01285	0.01713	0.03698	0.75981	0.04438	0.02102	0.00856	0.00273	0.00389	0.01908	0.00623	0.00545

[dist]
# distance from previous block
# <min> <max>
0	42

[block]
# block no. 3 follows, 32 sequences, length 57
# corresponding to MSA columns:
# 267-323
name=unknown_D
#
# <colnr> <probs for GDERKNQSTAVLIFYWHMCP>
#	G	D	E	R	K	N	Q	S	T	A	V	L	I	F	Y	W	H	M	C	P
0	0.01179	0.01007	0.01133	0.01057	0.01298	0.01084	0.00826	0.01939	0.24208	0.02258	0.14313	0.04553	0.29388	0.01354	0.00894	0.00235	0.07317	0.04572	0.00629	0.00756
1	0.01558	0.01563	0.02817	0.02137	0.02567	0.01658	0.36182	0.05543	0.10035	0.02142	0.01640	0.02014	0.03892	0.00920	0.01194	0.06261	0.15892	0.00745	0.00397	0.00843
2	0.01377	0.01252	0.02013	0.68514	0.04403	0.01541	0.01813	0.07579	0.01497	0.01930	0.01229	0.01774	0.00916	0.00682	0.00671	0.00222	0.00881	0.00597	0.00330	0.00779
3	0.01712	0.06846	0.10991	0.02995	0.43533	0.01548	0.01796	0.02202	0.05094	0.08244	0.03549	0.01775	0.01280	0.00655	0.00642	0.00194	0.00752	0.00592	0.00400	0.05201
4	0.01855	0.70500	0.03377	0.01198	0.01752	0.08759	0.01161	0.02067	0.01410	0.01584	0.00942	0.01088	0.00861	0.00584	0.00446	0.00146	0.00760	0.00365	0.00292	0.00854
5	0.01794	0.76823	0.03516	0.01148	0.01722	0.02655	0.01148	0.02009	0.01363	0.01579	0.00933	0.01076	0.00861	0.00574	0.00431	0.00144	0.00718	0.00359	0.00287	0.00861
6	0.02210	0.02544	0.01850	0.10025	0.02305	0.46827	0.01316	0.07497	0.14923	0.02052	0.01414	0.01548	0.01110	0.00738	0.00632	0.00191	0.01013	0.00525	0.00427	0.00853
7	0.01393	0.02167	0.33772	0.01401	0.02126	0.01168	0.01546	0.01898	0.01450	0.05545	0.04292	0.03888	0.03870	0.00700	0.00602	0.00170	0.00709	0.00567	0.00395	0.32340
8	0.01746	0.06089	0.43985	0.01747	0.02540	0.03739	0.05513	0.08159	0.04371	0.11845	0.03013	0.01670	0.01159	0.00699	0.00648	0.00208	0.00882	0.00562	0.00421	0.01003
9	0.01514	0.01107	0.01225	0.01075	0.01381	0.01154	0.00829	0.12320	0.21239	0.07893	0.16244	0.03864	0.18334	0.07635	0.00960	0.00255	0.00493	0.00979	0.00665	0.00833
10	0.00852	0.00647	0.00791	0.00865	0.00993	0.00585	0.00628	0.01033	0.01477	0.01915	0.14703	0.36952	0.26560	0.01842	0.00833	0.00252	0.00383	0.07479	0.00639	0.00571
11	0.01642	0.01403	0.02342	0.21853	0.44873	0.01463	0.01839	0.02036	0.01534	0.08344	0.05070	0.01925	0.01349	0.00678	0.00674	0.00207	0.00777	0.00637	0.00389	0.00966
12	0.01553	0.01607	0.08247	0.04904	0.40386	0.01486	0.01694	0.04820	0.13129	0.02365	0.06863	0.02324	0.06089	0.00788	0.00683	0.00208	0.00707	0.00712	0.00446	0.00989
13	0.01267	0.01193	0.02013	0.74806	0.04621	0.01491	0.01863	0.01714	0.01342	0.01714	0.01193	0.01789	0.00894	0.00671	0.00671	0.00224	0.00894	0.00596	0.00298	0.00745
14	0.00831	0.00594	0.00794	0.00950	0.00995	0.00557	0.00646	0.00958	0.01298	0.01728	0.03691	0.72483	0.04408	0.02089	0.00860	0.00274	0.00401	0.05272	0.00623	0.00549
15	0.07288	0.16404	0.18956	0.02184	0.20154	0.05189	0.03266	0.02227	0.04019	0.08209	0.01308	0.01509	0.01019	0.00671	0.00682	0.00199	0.04867	0.00521	0.00373	0.00956
16	0.01522	0.00916	0.01247	0.01065	0.01358	0.00857	0.04282	0.01963	0.08006	0.19258	0.39028	0.05751	0.09555	0.01203	0.00756	0.00215	0.00441	0.01055	0.00724	0.00799
17	0.00970	0.00672	0.00842	0.00842	0.00880	0.00710	0.00544	0.01046	0.01008	0.01383	0.02014	0.03834	0.02197	0.53744	0.25759	0.00786	0.01015	0.00894	0.00392	0.00468
18	0.01530	0.01540	0.02113	0.14935	0.21094	0.08409	0.01614	0.01808	0.01303	0.01783	0.01145	0.01670	0.01011	0.01281	0.08662	0.00325	0.28057	0.00591	0.00316	0.00814
19	0.08501	0.02092	0.18624	0.05678	0.33771	0.04784	0.07210	0.07363	0.01609	0.02359	0.01243	0.01549	0.00973	0.00630	0.00645	0.00205	0.00861	0.00563	0.00354	0.00987
20	0.01528	0.04562	0.34984	0.02155	0.02928	0.01635	0.27693	0.08085	0.01626	0.02285	0.01418	0.05386	0.01123	0.00698	0.00704	0.00218	0.00984	0.00686	0.00356	0.00946
21	0.01608	0.01379	0.01480	0.01341	0.01698	0.01598	0.01043	0.03362	0.65014	0.02700	0.02651	0.02515	0.02016	0.01264	0.06959	0.00301	0.00640	0.00755	0.00655	0.01022
22	0.02114	0.01412	0.07255	0.01352	0.01815	0.01253	0.04606	0.11696	0.13502	0.29204	0.08831	0.09649	0.02263	0.00987	0.00707	0.00218	0.00607	0.00842	0.00687	0.00999
23	0.08242	0.01202	0.01357	0.00984	0.01565	0.00947	0.00789	0.01714	0.01370	0.02257	0.01170	0.01365	0.00971	0.00508	0.00490	0.00109	0.00499	0.00395	0.00399	0.73668
24	0.00830	0.00604	0.00783	0.00902	0.00971	0.00557	0.00614	0.00974	0.01375	0.01832	0.11664	0.61996	0.10451	0.01985	0.00844	0.00262	0.00377	0.01787	0.00636	0.00557
25	0.00931	0.00751	0.00954	0.01078	0.07272	0.00679	0.00707	0.01169	0.01635	0.02159	0.30010	0.14396	0.32731	0.01532	0.00789	0.00224	0.00378	0.01331	0.00640	0.00632
26	0.01807	0.15232	0.25047	0.02196	0.15656	0.13111	0.07109	0.05577	0.01623	0.04818	0.01231	0.01446	0.00953	0.00638	0.00617	0.00192	0.00925	0.00517	0.00348	0.00956
27	0.07926	0.00880	0.01215	0.06842	0.01490	0.01060	0.00936	0.01325	0.01095	0.01683	0.01651	0.04432	0.01585	0.10011	0.45611	0.00790	0.09767	0.00718	0.00363	0.00618
28	0.00959	0.00719	0.01078	0.01078	0.01198	0.00839	0.00839	0.01198	0.01078	0.01558	0.01797	0.02636	0.01677	0.05032	0.73760	0.01078	0.01797	0.00719	0.00359	0.00599
29	0.06154	0.15221	0.16809	0.01986	0.14129	0.10774	0.04088	0.10752	0.01752	0.10260	0.01351	0.01493	0.01018	0.00666	0.00604	0.00192	0.00839	0.00519	0.00419	0.00973
30	0.01831	0.12328	0.16071	0.02593	0.28885	0.18640	0.01800	0.03876	0.01595	0.01999	0.01150	0.01423	0.00944	0.00650	0.00669	0.00192	0.03574	0.00507	0.00327	0.00946
31	0.01200	0.01258	0.07107	0.07207	0.13706	0.01099	0.13170	0.01548	0.01451	0.01952	0.02767	0.23567	0.08475	0.01302	0.00789	0.00246	0.00697	0.11231	0.00476	0.00754
32	0.47509	0.03802	0.01459	0.01316	0.04099	0.22089	0.01007	0.02148	0.01368	0.02443	0.00971	0.01175	0.00794	0.00685	0.00623	0.00203	0.06764	0.00409	0.00379	0.00757
33	0.00894	0.00701	0.00936	0.01165	0.07285	0.00649	0.00736	0.01053	0.01371	0.01787	0.04210	0.51112	0.20060	0.01867	0.00826	0.00256	0.00420	0.03477	0.00597	0.00598
34	0.00847	0.00624	0.00836	0.00972	0.01009	0.00613	0.00661	0.00965	0.01273	0.01708	0.03571	0.72625	0.04278	0.02060	0.00917	0.00273	0.03759	0.01848	0.00608	0.00554
35	0.01407	0.01353	0.02046	0.08837	0.27019	0.05132	0.06747	0.01712	0.01404	0.01908	0.05415	0.02500	0.06400	0.08003	0.09342	0.00354	0.08498	0.00739	0.00378	0.00807
36	0.01646	0.01684	0.05565	0.22978	0.10648	0.10658	0.04147	0.10137	0.11355	0.02334	0.07920	0.02218	0.04190	0.00808	0.00682	0.00211	0.00797	0.00686	0.00457	0.00878
37	0.00916	0.00680	0.00847	0.00858	0.01008	0.00625	0.00644	0.01159	0.01656	0.02231	0.38069	0.14206	0.19889	0.05521	0.00953	0.00256	0.00382	0.08839	0.00668	0.00594
38	0.02092	0.47155	0.02870	0.01420	0.04405	0.21967	0.01208	0.02307	0.01566	0.07922	0.01125	0.01241	0.00940	0.00630	0.00509	0.00159	0.00843	0.00416	0.00353	0.00871
39	0.11356	0.01235	0.01535	0.01197	0.01702	0.01164	0.00987	0.09054	0.04412	0.56614	0.02373	0.02103	0.01528	0.00809	0.00647	0.00208	0.00579	0.00638	0.00766	0.01094
40	0.09211	0.11288	0.01988	0.01597	0.07122	0.17869	0.01200	0.14648	0.16298	0.09867	0.01652	0.01667	0.01244	0.00744	0.00606	0.00194	0.00766	0.00553	0.00521	0.00966
41	0.01497	0.05003	0.11037	0.10512	0.21278	0.06662	0.06199	0.01858	0.01476	0.05543	0.01905	0.20287	0.01868	0.01004	0.00704	0.00220	0.00769	0.00908	0.00420	0.00851
42	0.01766	0.09316	0.09236	0.05267	0.08373	0.03650	0.04687	0.18340	0.01851	0.02572	0.01278	0.01474	0.01000	0.00620	0.00587	0.00163	0.00725	0.00501	0.00426	0.28167
43	0.02023	0.01736	0.16788	0.01326	0.01932	0.01249	0.01276	0.14368	0.01902	0.23075	0.06933	0.01989	0.01594	0.00750	0.00631	0.00183	0.00650	0.00601	0.02450	0.18545
44	0.01930	0.01937	0.16917	0.01964	0.14873	0.04914	0.01549	0.10855	0.14293	0.14554	0.03972	0.02101	0.01533	0.00788	0.00669	0.00208	0.00737	0.02528	0.00534	0.03142
45	0.01898	0.14840	0.17996	0.01603	0.04110	0.05359	0.07296	0.14256	0.03449	0.10602	0.01616	0.04307	0.01252	0.00746	0.00619	0.00194	0.00776	0.00605	0.07525	0.00950
46	0.00901	0.00671	0.00838	0.00824	0.00980	0.00608	0.00607	0.01161	0.01743	0.02385	0.49778	0.14961	0.18998	0.01536	0.00801	0.00222	0.00331	0.01348	0.00700	0.00608
47	0.01647	0.02039	0.16689	0.11076	0.09651	0.08265	0.05100	0.04491	0.29060	0.02363	0.01816	0.01924	0.01369	0.00751	0.00668	0.00215	0.00798	0.00635	0.00467	0.00976
48	0.01806	0.10541	0.11461	0.06741	0.39656	0.05991	0.01838	0.04089	0.01587	0.08110	0.01327	0.01594	0.01045	0.00635	0.00632	0.00195	0.00821	0.00554	0.00372	0.01006
49	0.01683	0.15989	0.16274	0.01939	0.07780	0.04847	0.17096	0.07871	0.01660	0.05791	0.04699	0.08284	0.01539	0.00796	0.00666	0.00204	0.00840	0.00719	0.00415	0.00908
50	0.00934	0.00763	0.00958	0.01112	0.07314	0.00692	0.00754	0.01159	0.01560	0.01995	0.15485	0.13918	0.38974	0.01618	0.00806	0.00238	0.00419	0.10061	0.00614	0.00625
51	0.01535	0.05417	0.11030	0.03627	0.06913	0.09621	0.07304	0.10016	0.01552	0.02033	0.01518	0.02184	0.01351	0.11953	0.20488	0.00493	0.01137	0.00655	0.00383	0.00787
52	0.01897	0.15600	0.02402	0.03635	0.14895	0.05149	0.09620	0.09581	0.01739	0.13180	0.01855	0.08240	0.01632	0.00889	0.00675	0.00209	0.00754	0.06637	0.00488	0.00924
53	0.04554	0.00783	0.00915	0.00894	0.01018	0.00811	0.00651	0.01124	0.01352	0.01840	0.12670	0.16611	0.27273	0.15865	0.01458	0.00320	0.09508	0.01240	0.00547	0.00568
54	0.01008	0.00886	0.00878	0.00875	0.01045	0.07072	0.00635	0.01207	0.01610	0.02037	0.26345	0.18425	0.28889	0.04946	0.00906	0.00245	0.00433	0.01336	0.00626	0.00595
55	0.14750	0.06770	0.18945	0.01691	0.05835	0.10059	0.06783	0.10612	0.01725	0.12292	0.01463	0.03652	0.01109	0.00720	0.00614	0.00203	0.00818	0.00566	0.00453	0.00939
56	0.08813	0.01626	0.08102	0.07195	0.31453	0.06493	0.03301	0.01894	0.01448	0.03968	0.01780	0.08540	0.05077	0.04244	0.00833	0.00233	0.02999	0.00739	0.00391	0.00872

[dist]
# distance from previous block
# <min> <max>
0	194

# created by:
# /home/berkeley/.conda/envs/busco_data_prod/bin/msa2prfl.pl pipeline/OGs_align_augustus/5794/68784.fs
