[name]
unknown

[dist]
# distance from previous block
# <min> <max>
0	24

[block]
# block no. 0 follows, 28 sequences, length 69
# corresponding to MSA columns:
# 24-92
name=unknown_A
#
# <colnr> <probs for GDERKNQSTAVLIFYWHMCP>
#	G	D	E	R	K	N	Q	S	T	A	V	L	I	F	Y	W	H	M	C	P
0	0.01002	0.00760	0.00944	0.01018	0.01197	0.00703	0.00813	0.01258	0.01690	0.02174	0.15306	0.16000	0.27668	0.01904	0.00920	0.00282	0.00480	0.24546	0.00692	0.00642
1	0.01373	0.01292	0.02180	0.72707	0.05006	0.01615	0.02019	0.01857	0.01453	0.01857	0.01292	0.01938	0.00969	0.00727	0.00727	0.00242	0.00969	0.00646	0.00323	0.00807
2	0.01277	0.00798	0.01051	0.00957	0.01172	0.00728	0.00728	0.01613	0.02060	0.10428	0.62117	0.05101	0.06296	0.01421	0.00843	0.00228	0.00374	0.01250	0.00811	0.00747
3	0.01943	0.74891	0.03809	0.01244	0.01866	0.02876	0.01244	0.02177	0.01477	0.01710	0.01011	0.01166	0.00933	0.00622	0.00466	0.00155	0.00777	0.00389	0.00311	0.00933
4	0.01057	0.00739	0.00929	0.00946	0.01007	0.00769	0.00644	0.01167	0.01173	0.01583	0.02554	0.04701	0.05105	0.46031	0.21141	0.00771	0.01015	0.07683	0.00460	0.00526
5	0.02715	0.03464	0.02060	0.01873	0.02247	0.71536	0.01404	0.02903	0.02060	0.01779	0.01124	0.01311	0.00936	0.00749	0.00655	0.00187	0.01311	0.00468	0.00375	0.00843
6	0.01029	0.00743	0.00972	0.00914	0.01086	0.00686	0.00686	0.01372	0.02058	0.02915	0.69536	0.05430	0.06859	0.01486	0.00857	0.00229	0.00343	0.01315	0.00800	0.00686
7	0.01507	0.01292	0.01507	0.01077	0.01723	0.00969	0.00861	0.01830	0.01507	0.02369	0.01292	0.01507	0.01077	0.00538	0.00538	0.00108	0.00538	0.00431	0.00431	0.78898
8	0.00945	0.00734	0.00871	0.00936	0.01113	0.00660	0.00716	0.01162	0.01643	0.02081	0.12409	0.22033	0.35600	0.01935	0.00903	0.00273	0.00437	0.14235	0.00687	0.00627
9	0.01714	0.01901	0.13184	0.08668	0.45856	0.01591	0.02102	0.02189	0.01645	0.05541	0.04105	0.05200	0.01513	0.00777	0.00731	0.00225	0.00853	0.00724	0.00405	0.01075
10	0.02226	0.26823	0.12010	0.01767	0.02350	0.32234	0.06064	0.04922	0.01824	0.01968	0.01158	0.01354	0.00956	0.00695	0.00615	0.00188	0.01079	0.00485	0.00357	0.00927
11	0.79588	0.01406	0.01068	0.00956	0.01406	0.01631	0.00787	0.02137	0.01237	0.03261	0.01012	0.01181	0.00787	0.00675	0.00450	0.00225	0.00562	0.00394	0.00450	0.00787
12	0.01484	0.01594	0.10223	0.04441	0.14850	0.01335	0.10773	0.07835	0.01959	0.02734	0.27853	0.03410	0.06280	0.01045	0.00796	0.00229	0.00716	0.00960	0.00570	0.00912
13	0.00996	0.00742	0.00926	0.00880	0.01066	0.00672	0.00660	0.01308	0.01980	0.02730	0.57462	0.05734	0.19048	0.01555	0.00858	0.00232	0.00348	0.01357	0.00776	0.00672
14	0.05138	0.01631	0.02298	0.08825	0.18060	0.01743	0.07915	0.10787	0.22829	0.10071	0.02060	0.02154	0.01529	0.00813	0.00731	0.00232	0.00772	0.00722	0.00582	0.01108
15	0.01943	0.74891	0.03809	0.01244	0.01866	0.02876	0.01244	0.02177	0.01477	0.01710	0.01011	0.01166	0.00933	0.00622	0.00466	0.00155	0.00777	0.00389	0.00311	0.00933
16	0.02100	0.04038	0.01768	0.06602	0.09659	0.06695	0.01212	0.09978	0.07660	0.18065	0.02366	0.12495	0.01984	0.01033	0.00714	0.00224	0.00681	0.00868	0.10878	0.00982
17	0.01884	0.01721	0.01679	0.01512	0.01920	0.07665	0.01172	0.03782	0.63016	0.02935	0.02804	0.02594	0.02111	0.00966	0.00733	0.00242	0.00637	0.00792	0.00709	0.01125
18	0.01373	0.01292	0.02180	0.72707	0.05006	0.01615	0.02019	0.01857	0.01453	0.01857	0.01292	0.01938	0.00969	0.00727	0.00727	0.00242	0.00969	0.00646	0.00323	0.00807
19	0.00906	0.00738	0.00801	0.00785	0.01011	0.00634	0.00589	0.01134	0.01767	0.02226	0.24497	0.06564	0.52328	0.01743	0.00859	0.00241	0.00361	0.01474	0.00710	0.00634
20	0.01581	0.01386	0.01993	0.02639	0.33056	0.03934	0.01471	0.02090	0.07434	0.04975	0.22952	0.03375	0.07975	0.01033	0.00772	0.00224	0.00651	0.00928	0.00570	0.00961
21	0.03261	0.01237	0.01687	0.01293	0.01856	0.01068	0.01068	0.03543	0.02081	0.70423	0.02868	0.02474	0.01799	0.00900	0.00731	0.00225	0.00619	0.00731	0.00900	0.01237
22	0.01983	0.01649	0.01742	0.01515	0.01957	0.01890	0.01193	0.15537	0.56646	0.03323	0.02736	0.02535	0.02039	0.00965	0.00737	0.00241	0.00616	0.00791	0.00737	0.01166
23	0.00878	0.00700	0.00788	0.00844	0.01013	0.00610	0.00603	0.01052	0.01587	0.01981	0.09829	0.30422	0.43189	0.01973	0.00883	0.00262	0.00386	0.01708	0.00682	0.00610
24	0.01507	0.01292	0.01507	0.01077	0.01723	0.00969	0.00861	0.01830	0.01507	0.02369	0.01292	0.01507	0.01077	0.00538	0.00538	0.00108	0.00538	0.00431	0.00431	0.78898
25	0.01910	0.01612	0.01701	0.01500	0.01929	0.01856	0.01175	0.10641	0.61662	0.03205	0.02829	0.02609	0.02114	0.00974	0.00738	0.00244	0.00599	0.00804	0.00738	0.01160
26	0.00865	0.00715	0.00759	0.00794	0.00997	0.00609	0.00578	0.01037	0.01602	0.01941	0.06667	0.20894	0.56175	0.01931	0.00873	0.00256	0.00379	0.01645	0.00675	0.00609
27	0.01799	0.02345	0.16487	0.03216	0.32297	0.09628	0.11079	0.02280	0.01624	0.02217	0.01295	0.01690	0.01052	0.00733	0.00912	0.00231	0.09095	0.00633	0.00347	0.01038
28	0.01126	0.00868	0.01160	0.01117	0.01168	0.01014	0.00806	0.01255	0.01121	0.01585	0.02017	0.06145	0.02148	0.34135	0.29202	0.00806	0.12413	0.00924	0.00411	0.00580
29	0.01878	0.00891	0.01202	0.01120	0.01388	0.00796	0.00838	0.02087	0.01731	0.30257	0.08915	0.38825	0.03734	0.01643	0.00841	0.00261	0.00497	0.01453	0.00778	0.00865
30	0.01036	0.00820	0.01173	0.01535	0.11760	0.00778	0.00924	0.01223	0.01468	0.01958	0.03901	0.54099	0.10213	0.01974	0.00892	0.00280	0.00495	0.04164	0.00626	0.00683
31	0.02000	0.11889	0.25390	0.02407	0.17873	0.09493	0.01994	0.15726	0.01998	0.02656	0.01353	0.01567	0.01041	0.00716	0.00673	0.00210	0.00958	0.00560	0.00413	0.01082
32	0.01896	0.02345	0.12942	0.02494	0.18675	0.16775	0.01830	0.04620	0.01612	0.02132	0.01225	0.01618	0.01036	0.00888	0.01220	0.00243	0.23774	0.00590	0.03137	0.00947
33	0.49497	0.07049	0.01783	0.01568	0.08521	0.08993	0.04213	0.06572	0.01548	0.02951	0.01129	0.01329	0.00894	0.00686	0.00537	0.00216	0.00732	0.00466	0.00438	0.00879
34	0.02278	0.01090	0.01433	0.01139	0.01592	0.00932	0.00915	0.02586	0.01981	0.38290	0.23582	0.03249	0.03275	0.01026	0.00740	0.00207	0.00519	0.00866	0.00793	0.13504
35	0.05235	0.01624	0.02480	0.16623	0.34652	0.01798	0.01894	0.09456	0.01742	0.05553	0.01392	0.01795	0.01113	0.00785	0.00935	0.00236	0.10597	0.00639	0.00417	0.01035
36	0.02441	0.01686	0.02007	0.01906	0.12495	0.01794	0.01340	0.40030	0.02699	0.10928	0.01906	0.01986	0.01383	0.00836	0.00691	0.00211	0.00717	0.00665	0.13145	0.01134
37	0.00941	0.00730	0.00856	0.00846	0.01037	0.00645	0.00626	0.01194	0.01819	0.02399	0.36132	0.12550	0.34179	0.01716	0.00865	0.00242	0.00361	0.01481	0.00734	0.00645
38	0.00957	0.00740	0.00872	0.00839	0.01042	0.00655	0.00629	0.01233	0.01888	0.02513	0.43257	0.06092	0.33388	0.01636	0.00858	0.00236	0.00354	0.01407	0.00747	0.00655
39	0.00897	0.00641	0.00857	0.01025	0.01072	0.00600	0.00695	0.01032	0.01403	0.01868	0.04000	0.71349	0.04783	0.02267	0.00931	0.00297	0.00432	0.04584	0.00675	0.00594
40	0.01438	0.00845	0.01120	0.01159	0.01380	0.00785	0.00937	0.01689	0.01677	0.14586	0.04244	0.22964	0.13890	0.01845	0.00913	0.00291	0.00554	0.28224	0.00714	0.00746
41	0.02763	0.02036	0.02182	0.01672	0.02254	0.02254	0.01382	0.67496	0.03418	0.04581	0.01745	0.01745	0.01236	0.00873	0.00727	0.00218	0.00800	0.00654	0.00727	0.01236
42	0.01590	0.01590	0.02226	0.01908	0.01908	0.02226	0.01590	0.01749	0.01113	0.01749	0.00954	0.01590	0.00954	0.01272	0.02385	0.00318	0.73123	0.00636	0.00318	0.00795
43	0.01513	0.00753	0.00891	0.00882	0.01074	0.00713	0.00650	0.01775	0.01572	0.13288	0.02966	0.25123	0.02781	0.01306	0.00676	0.00218	0.00410	0.01124	0.41547	0.00740
44	0.79588	0.01406	0.01068	0.00956	0.01406	0.01631	0.00787	0.02137	0.01237	0.03261	0.01012	0.01181	0.00787	0.00675	0.00450	0.00225	0.00562	0.00394	0.00450	0.00787
45	0.01373	0.01292	0.02180	0.72707	0.05006	0.01615	0.02019	0.01857	0.01453	0.01857	0.01292	0.01938	0.00969	0.00727	0.00727	0.00242	0.00969	0.00646	0.00323	0.00807
46	0.01507	0.01292	0.01507	0.01077	0.01723	0.00969	0.00861	0.01830	0.01507	0.02369	0.01292	0.01507	0.01077	0.00538	0.00538	0.00108	0.00538	0.00431	0.00431	0.78898
47	0.02115	0.59004	0.03420	0.01384	0.01951	0.18147	0.01280	0.02338	0.01607	0.01726	0.01036	0.01198	0.00934	0.00650	0.00508	0.00163	0.00896	0.00406	0.00325	0.00913
48	0.79588	0.01406	0.01068	0.00956	0.01406	0.01631	0.00787	0.02137	0.01237	0.03261	0.01012	0.01181	0.00787	0.00675	0.00450	0.00225	0.00562	0.00394	0.00450	0.00787
49	0.01588	0.01787	0.11328	0.29535	0.06824	0.01639	0.15607	0.09348	0.01795	0.02428	0.06861	0.04720	0.01631	0.00826	0.00767	0.00238	0.00943	0.00781	0.00428	0.00925
50	0.01373	0.01216	0.01899	0.31232	0.16086	0.01348	0.01566	0.01910	0.06318	0.02383	0.23618	0.03100	0.03006	0.00976	0.00769	0.00233	0.00718	0.00876	0.00514	0.00858
51	0.01689	0.05233	0.02672	0.02399	0.14777	0.12343	0.21855	0.02103	0.01850	0.02400	0.21957	0.02842	0.02818	0.00905	0.00782	0.00222	0.00884	0.00875	0.00495	0.00899
52	0.01475	0.07177	0.22562	0.01469	0.02046	0.01300	0.01509	0.04832	0.01635	0.04601	0.02296	0.14163	0.02268	0.01190	0.00751	0.00233	0.00742	0.13990	0.00501	0.15261
53	0.01795	0.01979	0.12490	0.06607	0.55127	0.01690	0.02239	0.02281	0.01648	0.05164	0.01418	0.01795	0.01139	0.00667	0.00716	0.00219	0.00887	0.00635	0.00373	0.01131
54	0.01055	0.00801	0.01181	0.01175	0.01292	0.00939	0.00907	0.01295	0.01170	0.01684	0.01999	0.05505	0.01928	0.08033	0.63508	0.01084	0.04568	0.00832	0.00399	0.00644
55	0.02451	0.01881	0.02006	0.01609	0.02135	0.02108	0.01306	0.46714	0.24708	0.04078	0.02141	0.02061	0.01557	0.00910	0.00731	0.00227	0.00727	0.00709	0.00731	0.01208
56	0.00886	0.00633	0.00843	0.01012	0.01054	0.00590	0.00675	0.01012	0.01392	0.01856	0.04006	0.73979	0.04808	0.02277	0.00928	0.00295	0.00422	0.02066	0.00675	0.00590
57	0.07079	0.01499	0.02378	0.20504	0.38634	0.01594	0.01884	0.02208	0.03977	0.05557	0.01574	0.02106	0.01280	0.00747	0.00706	0.00227	0.00820	0.02814	0.03402	0.01011
58	0.01415	0.01211	0.01497	0.01117	0.01677	0.00942	0.03269	0.01737	0.01573	0.02388	0.08766	0.05143	0.04413	0.00761	0.00612	0.00138	0.00532	0.00648	0.00486	0.61673
59	0.01000	0.00734	0.00937	0.00904	0.01073	0.00671	0.00671	0.01309	0.01963	0.02732	0.57864	0.11011	0.13252	0.01586	0.00863	0.00236	0.00352	0.01397	0.00777	0.00671
60	0.02155	0.01162	0.04506	0.01174	0.01584	0.00974	0.00982	0.05160	0.02101	0.34257	0.32731	0.03731	0.04011	0.01153	0.00786	0.00227	0.00523	0.00981	0.00821	0.00982
61	0.10597	0.01753	0.12224	0.01527	0.06259	0.01339	0.01303	0.05407	0.06656	0.15532	0.01711	0.01777	0.01254	0.00701	0.00623	0.00184	0.00673	0.00553	0.00535	0.29392
62	0.01403	0.01422	0.12203	0.01287	0.04568	0.00994	0.01115	0.01847	0.04479	0.09033	0.20203	0.04110	0.20871	0.01204	0.00762	0.00216	0.00552	0.01017	0.00624	0.12090
63	0.00886	0.00633	0.00843	0.01012	0.01054	0.00590	0.00675	0.01012	0.01392	0.01856	0.04006	0.73979	0.04808	0.02277	0.00928	0.00295	0.00422	0.02066	0.00675	0.00590
64	0.02010	0.02422	0.22376	0.02389	0.13040	0.01906	0.10320	0.25835	0.02249	0.03119	0.01573	0.01942	0.01209	0.00805	0.00795	0.00232	0.03271	0.02909	0.00488	0.01109
65	0.01818	0.05465	0.37136	0.02459	0.16440	0.04943	0.04355	0.09059	0.04524	0.04857	0.01469	0.01680	0.01090	0.00717	0.00699	0.00222	0.00973	0.00592	0.00403	0.01096
66	0.01094	0.00834	0.03263	0.01153	0.03744	0.00719	0.00802	0.01268	0.01449	0.05961	0.03962	0.49863	0.11708	0.06703	0.03591	0.00337	0.00538	0.01711	0.00639	0.00661
67	0.00884	0.00638	0.00838	0.00999	0.01051	0.00592	0.00669	0.01014	0.01404	0.01861	0.04165	0.70811	0.07874	0.02257	0.00925	0.00293	0.00419	0.02041	0.00675	0.00592
68	0.41023	0.03909	0.01741	0.04167	0.10254	0.08637	0.04104	0.02176	0.01452	0.02719	0.01143	0.01384	0.00919	0.00654	0.00547	0.00201	0.00722	0.00468	0.00416	0.13364

[dist]
# distance from previous block
# <min> <max>
1	6

[block]
# block no. 1 follows, 28 sequences, length 15
# corresponding to MSA columns:
# 99-113
name=unknown_B
#
# <colnr> <probs for GDERKNQSTAVLIFYWHMCP>
#	G	D	E	R	K	N	Q	S	T	A	V	L	I	F	Y	W	H	M	C	P
0	0.01847	0.08567	0.15027	0.02817	0.28984	0.01829	0.05760	0.11063	0.04984	0.02628	0.01449	0.01712	0.01142	0.00687	0.00684	0.00206	0.00861	0.00605	0.00421	0.08730
1	0.01019	0.00743	0.00958	0.00904	0.01080	0.00682	0.00678	0.01353	0.02034	0.02860	0.65942	0.05520	0.10487	0.01507	0.00857	0.00230	0.00344	0.01327	0.00793	0.00682
2	0.01451	0.08786	0.03774	0.01812	0.13820	0.03540	0.03420	0.04380	0.09991	0.02315	0.08767	0.18991	0.13397	0.01320	0.00778	0.00238	0.00629	0.01153	0.00572	0.00866
3	0.01057	0.00705	0.00793	0.00793	0.00793	0.00705	0.00440	0.01057	0.01057	0.01409	0.02290	0.04757	0.02643	0.74454	0.03700	0.00705	0.00705	0.01057	0.00440	0.00440
4	0.01333	0.00774	0.01010	0.01012	0.01195	0.00698	0.00734	0.01541	0.01690	0.14144	0.19026	0.39293	0.11091	0.01813	0.00871	0.00263	0.00433	0.01609	0.00743	0.00728
5	0.02027	0.20101	0.21319	0.02236	0.14680	0.19499	0.01864	0.06235	0.01785	0.02178	0.01227	0.01451	0.00988	0.00692	0.00636	0.00198	0.01009	0.00512	0.00359	0.01006
6	0.02019	0.67899	0.03638	0.01305	0.01903	0.09597	0.01260	0.02248	0.01534	0.01717	0.01022	0.01180	0.00933	0.00634	0.00485	0.00159	0.00830	0.00396	0.00317	0.00924
7	0.01355	0.00678	0.00678	0.00678	0.00847	0.00678	0.00508	0.01694	0.01524	0.02710	0.02371	0.02710	0.01863	0.00847	0.00508	0.00169	0.00339	0.00678	0.78489	0.00678
8	0.01018	0.00743	0.00956	0.00903	0.01079	0.00681	0.00677	0.01350	0.02031	0.02852	0.65417	0.05534	0.11017	0.01510	0.00857	0.00230	0.00345	0.01329	0.00792	0.00681
9	0.79588	0.01406	0.01068	0.00956	0.01406	0.01631	0.00787	0.02137	0.01237	0.03261	0.01012	0.01181	0.00787	0.00675	0.00450	0.00225	0.00562	0.00394	0.00450	0.00787
10	0.05454	0.14947	0.16237	0.01796	0.11199	0.01619	0.01510	0.02290	0.04112	0.09545	0.01558	0.03920	0.01254	0.00716	0.00617	0.00185	0.00742	0.00571	0.00445	0.21282
11	0.01945	0.05052	0.26708	0.02023	0.09073	0.05360	0.04298	0.05475	0.16184	0.11703	0.03726	0.02046	0.01523	0.00805	0.00712	0.00227	0.00861	0.00664	0.00522	0.01096
12	0.01713	0.00985	0.01227	0.01071	0.01389	0.00931	0.00836	0.02251	0.10971	0.20930	0.35493	0.04453	0.12148	0.01303	0.00808	0.00232	0.00451	0.01117	0.00804	0.00888
13	0.01345	0.03115	0.56020	0.01829	0.02705	0.01464	0.02258	0.02054	0.01558	0.02277	0.05944	0.09146	0.05275	0.00954	0.00733	0.00237	0.00930	0.00786	0.00392	0.00980
14	0.01777	0.02361	0.22624	0.02929	0.25017	0.04527	0.14964	0.02418	0.04828	0.06305	0.04101	0.01953	0.01370	0.00720	0.00743	0.00227	0.00967	0.00688	0.00412	0.01070

[dist]
# distance from previous block
# <min> <max>
0	3

[block]
# block no. 2 follows, 28 sequences, length 23
# corresponding to MSA columns:
# 117-139
name=unknown_C
#
# <colnr> <probs for GDERKNQSTAVLIFYWHMCP>
#	G	D	E	R	K	N	Q	S	T	A	V	L	I	F	Y	W	H	M	C	P
0	0.02230	0.12971	0.12658	0.01914	0.02515	0.24604	0.12972	0.02776	0.07936	0.10260	0.01571	0.01703	0.01183	0.00738	0.00686	0.00209	0.01035	0.00599	0.00451	0.00989
1	0.02451	0.01189	0.01539	0.01195	0.01727	0.00985	0.00960	0.02729	0.01825	0.41527	0.02493	0.09889	0.01896	0.00934	0.00691	0.00195	0.00572	0.00780	0.00727	0.25694
2	0.01985	0.01833	0.06702	0.02828	0.33282	0.06075	0.01709	0.04798	0.06992	0.10211	0.01642	0.01843	0.01269	0.00700	0.00684	0.00199	0.00794	0.00613	0.00475	0.15368
3	0.01824	0.26245	0.13271	0.01738	0.07401	0.11727	0.03199	0.02332	0.07663	0.02059	0.01490	0.04591	0.01311	0.03743	0.00740	0.00210	0.00858	0.00594	0.00395	0.08609
4	0.70604	0.01561	0.01309	0.01129	0.01590	0.05841	0.04553	0.02194	0.01313	0.03120	0.01045	0.01232	0.00814	0.00676	0.00485	0.00224	0.00644	0.00424	0.00441	0.00801
5	0.02213	0.02196	0.17028	0.01661	0.02266	0.01893	0.01562	0.33463	0.12231	0.07412	0.01899	0.02074	0.01425	0.05650	0.00973	0.00261	0.03376	0.00683	0.00614	0.01121
6	0.00921	0.00734	0.00825	0.00812	0.01022	0.00638	0.00605	0.01159	0.01788	0.02298	0.29363	0.09337	0.44463	0.01733	0.00861	0.00242	0.00362	0.01479	0.00720	0.00638
7	0.04206	0.00757	0.00845	0.00856	0.01035	0.00689	0.00608	0.01220	0.01558	0.04798	0.12193	0.20801	0.33666	0.11995	0.01251	0.00317	0.00442	0.01481	0.00656	0.00624
8	0.00903	0.00646	0.00859	0.01000	0.01058	0.00602	0.00676	0.01055	0.01471	0.01982	0.11838	0.65787	0.05053	0.02183	0.00919	0.00287	0.00412	0.01977	0.00690	0.00602
9	0.00942	0.00673	0.00908	0.01076	0.01143	0.00639	0.00772	0.01109	0.01447	0.01918	0.03976	0.61107	0.04686	0.02225	0.00943	0.00303	0.00470	0.14387	0.00674	0.00606
10	0.01458	0.03760	0.70688	0.02072	0.03146	0.01688	0.02686	0.02302	0.01535	0.02302	0.01304	0.01535	0.00921	0.00691	0.00691	0.00230	0.01074	0.00537	0.00307	0.01074
11	0.02715	0.03464	0.02060	0.01873	0.02247	0.71536	0.01404	0.02903	0.02060	0.01779	0.01124	0.01311	0.00936	0.00749	0.00655	0.00187	0.01311	0.00468	0.00375	0.00843
12	0.00923	0.00661	0.00877	0.00987	0.01063	0.00615	0.00678	0.01106	0.01565	0.02132	0.21091	0.56107	0.05342	0.02071	0.00909	0.00278	0.00401	0.01870	0.00707	0.00615
13	0.01373	0.01292	0.02180	0.72707	0.05006	0.01615	0.02019	0.01857	0.01453	0.01857	0.01292	0.01938	0.00969	0.00727	0.00727	0.00242	0.00969	0.00646	0.00323	0.00807
14	0.01056	0.00709	0.00815	0.00815	0.00822	0.00717	0.00468	0.01071	0.01064	0.01426	0.02270	0.04645	0.02594	0.70405	0.07682	0.00732	0.00778	0.01041	0.00437	0.00453
15	0.01590	0.01590	0.02226	0.01908	0.01908	0.02226	0.01590	0.01749	0.01113	0.01749	0.00954	0.01590	0.00954	0.01272	0.02385	0.00318	0.73123	0.00636	0.00318	0.00795
16	0.07389	0.00947	0.01096	0.00965	0.01307	0.00835	0.00747	0.01786	0.01721	0.16693	0.13041	0.12152	0.26605	0.01402	0.00771	0.00227	0.00458	0.01179	0.00693	0.09986
17	0.01867	0.03187	0.55021	0.01895	0.02853	0.01547	0.02318	0.02584	0.01659	0.17769	0.01659	0.01748	0.01120	0.00738	0.00700	0.00229	0.00971	0.00581	0.00442	0.01111
18	0.01458	0.03760	0.70688	0.02072	0.03146	0.01688	0.02686	0.02302	0.01535	0.02302	0.01304	0.01535	0.00921	0.00691	0.00691	0.00230	0.01074	0.00537	0.00307	0.01074
19	0.01458	0.03760	0.70688	0.02072	0.03146	0.01688	0.02686	0.02302	0.01535	0.02302	0.01304	0.01535	0.00921	0.00691	0.00691	0.00230	0.01074	0.00537	0.00307	0.01074
20	0.64493	0.01462	0.01237	0.01066	0.01534	0.01661	0.00876	0.08709	0.03742	0.07751	0.01269	0.01371	0.00945	0.00719	0.00505	0.00225	0.00590	0.00455	0.00516	0.00873
21	0.01623	0.01706	0.07889	0.03452	0.46524	0.01538	0.04849	0.02133	0.04278	0.02453	0.11501	0.04999	0.02142	0.00845	0.00752	0.00224	0.00793	0.00805	0.00447	0.01049
22	0.48130	0.04368	0.01649	0.01795	0.16631	0.01661	0.01155	0.06321	0.01493	0.02979	0.01373	0.07045	0.01217	0.00805	0.00566	0.00225	0.00642	0.00597	0.00460	0.00887

[dist]
# distance from previous block
# <min> <max>
0	13

[block]
# block no. 3 follows, 28 sequences, length 272
# corresponding to MSA columns:
# 153-424
name=unknown_D
#
# <colnr> <probs for GDERKNQSTAVLIFYWHMCP>
#	G	D	E	R	K	N	Q	S	T	A	V	L	I	F	Y	W	H	M	C	P
0	0.06592	0.10686	0.15618	0.06807	0.07027	0.01553	0.03974	0.05440	0.01764	0.18993	0.04485	0.05155	0.04422	0.00925	0.00706	0.00227	0.00772	0.03303	0.00548	0.01004
1	0.00935	0.00741	0.00853	0.00831	0.01041	0.00659	0.00625	0.01185	0.01783	0.02314	0.31035	0.06147	0.41396	0.01917	0.05039	0.00294	0.00452	0.01405	0.00706	0.00644
2	0.01713	0.11473	0.40671	0.01917	0.02762	0.01752	0.09445	0.02474	0.06582	0.08448	0.04753	0.01893	0.01397	0.00752	0.00698	0.00224	0.00944	0.00631	0.00423	0.01049
3	0.02161	0.09094	0.09079	0.05477	0.34133	0.04256	0.01847	0.05590	0.01809	0.17121	0.01658	0.01843	0.01238	0.00721	0.00693	0.00213	0.00839	0.00623	0.00483	0.01121
4	0.01057	0.00705	0.00793	0.00793	0.00793	0.00705	0.00440	0.01057	0.01057	0.01409	0.02290	0.04757	0.02643	0.74454	0.03700	0.00705	0.00705	0.01057	0.00440	0.00440
5	0.01482	0.01457	0.02625	0.52734	0.12825	0.01666	0.12861	0.01981	0.01522	0.01999	0.01331	0.01925	0.01014	0.00698	0.00748	0.00239	0.00998	0.00681	0.00335	0.00879
6	0.02432	0.04772	0.07893	0.09813	0.15374	0.17775	0.01625	0.05811	0.01923	0.22909	0.01758	0.01858	0.01255	0.00769	0.00698	0.00214	0.00916	0.00613	0.00534	0.01058
7	0.05206	0.10994	0.08877	0.01785	0.04332	0.04202	0.05373	0.40473	0.02673	0.06771	0.01596	0.01671	0.01161	0.00794	0.00688	0.00213	0.00848	0.00612	0.00593	0.01139
8	0.00886	0.00633	0.00843	0.01012	0.01054	0.00590	0.00675	0.01012	0.01392	0.01856	0.04006	0.73979	0.04808	0.02277	0.00928	0.00295	0.00422	0.02066	0.00675	0.00590
9	0.02104	0.01709	0.01811	0.01539	0.02003	0.01946	0.01222	0.23611	0.48375	0.03519	0.02582	0.02412	0.01914	0.00951	0.00736	0.00238	0.00645	0.00770	0.00736	0.01177
10	0.01706	0.01674	0.05149	0.07093	0.54264	0.01617	0.02057	0.04122	0.01681	0.02374	0.01674	0.06436	0.01531	0.00836	0.00748	0.00229	0.00837	0.04494	0.00404	0.01074
11	0.00886	0.00633	0.00843	0.01012	0.01054	0.00590	0.00675	0.01012	0.01392	0.01856	0.04006	0.73979	0.04808	0.02277	0.00928	0.00295	0.00422	0.02066	0.00675	0.00590
12	0.79588	0.01406	0.01068	0.00956	0.01406	0.01631	0.00787	0.02137	0.01237	0.03261	0.01012	0.01181	0.00787	0.00675	0.00450	0.00225	0.00562	0.00394	0.00450	0.00787
13	0.01943	0.74891	0.03809	0.01244	0.01866	0.02876	0.01244	0.02177	0.01477	0.01710	0.01011	0.01166	0.00933	0.00622	0.00466	0.00155	0.00777	0.00389	0.00311	0.00933
14	0.00904	0.00738	0.00799	0.00784	0.01009	0.00633	0.00588	0.01130	0.01763	0.02216	0.23877	0.06580	0.52953	0.01747	0.00859	0.00241	0.00361	0.01476	0.00708	0.00633
15	0.01044	0.00755	0.01048	0.01048	0.01137	0.00843	0.00759	0.01221	0.01133	0.01599	0.02057	0.03463	0.02081	0.27494	0.49892	0.01020	0.01550	0.00868	0.00406	0.00582
16	0.00963	0.00740	0.00880	0.00845	0.01045	0.00658	0.00634	0.01244	0.01902	0.02544	0.45322	0.06040	0.31304	0.01624	0.00858	0.00235	0.00353	0.01400	0.00751	0.00658
17	0.02715	0.03464	0.02060	0.01873	0.02247	0.71536	0.01404	0.02903	0.02060	0.01779	0.01124	0.01311	0.00936	0.00749	0.00655	0.00187	0.01311	0.00468	0.00375	0.00843
18	0.01943	0.74891	0.03809	0.01244	0.01866	0.02876	0.01244	0.02177	0.01477	0.01710	0.01011	0.01166	0.00933	0.00622	0.00466	0.00155	0.00777	0.00389	0.00311	0.00933
19	0.03261	0.01237	0.01687	0.01293	0.01856	0.01068	0.01068	0.03543	0.02081	0.70423	0.02868	0.02474	0.01799	0.00900	0.00731	0.00225	0.00619	0.00731	0.00900	0.01237
20	0.01057	0.00705	0.00793	0.00793	0.00793	0.00705	0.00440	0.01057	0.01057	0.01409	0.02290	0.04757	0.02643	0.74454	0.03700	0.00705	0.00705	0.01057	0.00440	0.00440
21	0.79588	0.01406	0.01068	0.00956	0.01406	0.01631	0.00787	0.02137	0.01237	0.03261	0.01012	0.01181	0.00787	0.00675	0.00450	0.00225	0.00562	0.00394	0.00450	0.00787
22	0.01864	0.01590	0.01675	0.01491	0.01912	0.01834	0.01164	0.07624	0.64753	0.03132	0.02887	0.02655	0.02161	0.00979	0.00739	0.00245	0.00589	0.00812	0.00739	0.01156
23	0.03232	0.01284	0.01716	0.01316	0.01879	0.01138	0.01087	0.07323	0.02160	0.66531	0.02801	0.02431	0.01766	0.00898	0.00731	0.00225	0.00629	0.00726	0.00889	0.01237
24	0.01590	0.01590	0.02226	0.01908	0.01908	0.02226	0.01590	0.01749	0.01113	0.01749	0.00954	0.01590	0.00954	0.01272	0.02385	0.00318	0.73123	0.00636	0.00318	0.00795
25	0.01373	0.01292	0.02180	0.72707	0.05006	0.01615	0.02019	0.01857	0.01453	0.01857	0.01292	0.01938	0.00969	0.00727	0.00727	0.00242	0.00969	0.00646	0.00323	0.00807
26	0.03158	0.01240	0.01676	0.01280	0.01848	0.01063	0.01056	0.03441	0.02047	0.66400	0.02775	0.02417	0.01757	0.00878	0.00720	0.00218	0.00614	0.00713	0.00872	0.05828
27	0.01590	0.01590	0.02226	0.01908	0.01908	0.02226	0.01590	0.01749	0.01113	0.01749	0.00954	0.01590	0.00954	0.01272	0.02385	0.00318	0.73123	0.00636	0.00318	0.00795
28	0.02874	0.01859	0.02072	0.01588	0.02166	0.01991	0.01312	0.53321	0.03121	0.19174	0.01994	0.01907	0.01361	0.00879	0.00728	0.00220	0.00760	0.00671	0.00765	0.01236
29	0.02763	0.02036	0.02182	0.01672	0.02254	0.02254	0.01382	0.67496	0.03418	0.04581	0.01745	0.01745	0.01236	0.00873	0.00727	0.00218	0.00800	0.00654	0.00727	0.01236
30	0.01137	0.00823	0.01123	0.01263	0.01438	0.00809	0.01091	0.01460	0.01695	0.02201	0.08024	0.07936	0.09787	0.01963	0.00983	0.00321	0.00625	0.55978	0.00678	0.00666
31	0.01029	0.00743	0.00972	0.00914	0.01086	0.00686	0.00686	0.01372	0.02058	0.02915	0.69536	0.05430	0.06859	0.01486	0.00857	0.00229	0.00343	0.01315	0.00800	0.00686
32	0.79588	0.01406	0.01068	0.00956	0.01406	0.01631	0.00787	0.02137	0.01237	0.03261	0.01012	0.01181	0.00787	0.00675	0.00450	0.00225	0.00562	0.00394	0.00450	0.00787
33	0.00966	0.00741	0.00885	0.00849	0.01048	0.00659	0.00637	0.01250	0.01910	0.02564	0.46589	0.06008	0.30025	0.01617	0.00858	0.00235	0.00352	0.01396	0.00754	0.00659
34	0.02080	0.29798	0.09149	0.02117	0.10570	0.22546	0.09791	0.02425	0.01704	0.01940	0.01170	0.01417	0.00981	0.00667	0.00621	0.00190	0.01026	0.00515	0.00342	0.00951
35	0.01085	0.00756	0.00981	0.01053	0.01178	0.00727	0.00760	0.01409	0.05874	0.04602	0.20092	0.44868	0.04997	0.01931	0.00898	0.00276	0.00438	0.06679	0.00717	0.00678
36	0.01676	0.05955	0.04977	0.01533	0.07229	0.05640	0.03097	0.04425	0.03722	0.02407	0.03315	0.01672	0.01267	0.00627	0.00594	0.00145	0.00675	0.00511	0.00438	0.50094
37	0.01100	0.00862	0.01068	0.01043	0.01239	0.00822	0.00763	0.01466	0.06837	0.02309	0.21798	0.32752	0.09343	0.01670	0.00894	0.00247	0.03128	0.01464	0.00670	0.10527
38	0.01566	0.01489	0.02529	0.41821	0.34384	0.01666	0.02115	0.02026	0.01545	0.02091	0.01326	0.01875	0.01052	0.00691	0.00724	0.00230	0.00921	0.00647	0.00340	0.00963
39	0.01998	0.00958	0.01282	0.01079	0.01420	0.00852	0.00852	0.02314	0.02068	0.32223	0.40592	0.04147	0.04662	0.01231	0.00802	0.00227	0.00463	0.01061	0.00843	0.00925
40	0.03216	0.01310	0.01732	0.01328	0.01892	0.01177	0.01097	0.09399	0.02203	0.64393	0.02765	0.02407	0.01748	0.00897	0.00731	0.00224	0.00635	0.00724	0.00884	0.01237
41	0.79588	0.01406	0.01068	0.00956	0.01406	0.01631	0.00787	0.02137	0.01237	0.03261	0.01012	0.01181	0.00787	0.00675	0.00450	0.00225	0.00562	0.00394	0.00450	0.00787
42	0.00965	0.00697	0.00895	0.00995	0.01023	0.00698	0.00654	0.01059	0.01288	0.01729	0.03397	0.51770	0.04038	0.21845	0.01750	0.00408	0.03910	0.01725	0.00594	0.00559
43	0.00886	0.00633	0.00843	0.01012	0.01054	0.00590	0.00675	0.01012	0.01392	0.01856	0.04006	0.73979	0.04808	0.02277	0.00928	0.00295	0.00422	0.02066	0.00675	0.00590
44	0.01116	0.00798	0.01106	0.01260	0.01408	0.00788	0.01062	0.01418	0.01650	0.02167	0.07757	0.18764	0.04443	0.02021	0.00983	0.00322	0.00610	0.50992	0.00678	0.00657
45	0.01781	0.01827	0.06026	0.04303	0.64476	0.01730	0.04672	0.02238	0.01652	0.02370	0.01368	0.01793	0.01139	0.00648	0.00723	0.00218	0.00886	0.00651	0.00358	0.01142
46	0.01701	0.01627	0.02773	0.20228	0.54923	0.01701	0.02182	0.02145	0.01609	0.02255	0.01350	0.01831	0.01109	0.00666	0.00721	0.00222	0.00888	0.00647	0.00351	0.01072
47	0.01458	0.03760	0.70688	0.02072	0.03146	0.01688	0.02686	0.02302	0.01535	0.02302	0.01304	0.01535	0.00921	0.00691	0.00691	0.00230	0.01074	0.00537	0.00307	0.01074
48	0.00886	0.00633	0.00843	0.01012	0.01054	0.00590	0.00675	0.01012	0.01392	0.01856	0.04006	0.73979	0.04808	0.02277	0.00928	0.00295	0.00422	0.02066	0.00675	0.00590
49	0.01732	0.38520	0.30777	0.01913	0.09447	0.02276	0.01930	0.02233	0.01519	0.02019	0.01167	0.01381	0.00951	0.00652	0.00583	0.00192	0.00906	0.00476	0.00314	0.01013
50	0.01038	0.00779	0.01168	0.01168	0.01298	0.00909	0.00909	0.01298	0.01168	0.01687	0.01947	0.02856	0.01817	0.05452	0.71573	0.01168	0.01947	0.00779	0.00389	0.00649
51	0.01057	0.00705	0.00793	0.00793	0.00793	0.00705	0.00440	0.01057	0.01057	0.01409	0.02290	0.04757	0.02643	0.74454	0.03700	0.00705	0.00705	0.01057	0.00440	0.00440
52	0.20156	0.01623	0.01763	0.01383	0.01928	0.01711	0.01142	0.31059	0.02473	0.26712	0.01963	0.01867	0.01327	0.00837	0.00666	0.00222	0.00685	0.00622	0.00724	0.01136
53	0.05255	0.01698	0.02824	0.06548	0.57381	0.01729	0.05137	0.02314	0.05590	0.02433	0.01448	0.01838	0.01189	0.00670	0.00715	0.00220	0.00854	0.00656	0.00385	0.01115
54	0.02511	0.01073	0.01433	0.01155	0.01594	0.00937	0.00932	0.02801	0.02042	0.48064	0.20090	0.03570	0.08301	0.01121	0.00773	0.00227	0.00529	0.00941	0.00857	0.01050
55	0.00921	0.00658	0.00884	0.01053	0.01111	0.00621	0.00737	0.01074	0.01427	0.01896	0.03987	0.65758	0.04730	0.02244	0.00937	0.00300	0.00453	0.09936	0.00674	0.00600
56	0.01458	0.03760	0.70688	0.02072	0.03146	0.01688	0.02686	0.02302	0.01535	0.02302	0.01304	0.01535	0.00921	0.00691	0.00691	0.00230	0.01074	0.00537	0.00307	0.01074
57	0.02436	0.02501	0.04959	0.01644	0.02097	0.31463	0.01326	0.19606	0.12057	0.05236	0.01734	0.01805	0.01314	0.00827	0.00677	0.00206	0.00949	0.00599	0.07564	0.00999
58	0.01507	0.01292	0.01507	0.01077	0.01723	0.00969	0.00861	0.01830	0.01507	0.02369	0.01292	0.01507	0.01077	0.00538	0.00538	0.00108	0.00538	0.00431	0.00431	0.78898
59	0.01787	0.02353	0.18676	0.10749	0.11441	0.08447	0.22212	0.02493	0.07667	0.04763	0.01550	0.01863	0.01160	0.00705	0.00753	0.00232	0.01045	0.00688	0.00401	0.01014
60	0.01503	0.01425	0.02415	0.51918	0.24780	0.01649	0.02083	0.01971	0.01515	0.02015	0.01315	0.01896	0.01025	0.00703	0.00725	0.00234	0.00937	0.00647	0.00334	0.00912
61	0.01507	0.01292	0.01507	0.01077	0.01723	0.00969	0.00861	0.01830	0.01507	0.02369	0.01292	0.01507	0.01077	0.00538	0.00538	0.00108	0.00538	0.00431	0.00431	0.78898
62	0.01049	0.00709	0.00824	0.00824	0.00846	0.00707	0.00487	0.01093	0.01162	0.01569	0.08376	0.06906	0.03059	0.63112	0.05850	0.00666	0.00709	0.01101	0.00478	0.00475
63	0.00904	0.00646	0.00863	0.01021	0.01074	0.00605	0.00695	0.01049	0.01434	0.01918	0.07075	0.68113	0.04879	0.02229	0.00928	0.00294	0.00428	0.04567	0.00680	0.00598
64	0.03114	0.01474	0.01834	0.01406	0.01974	0.01420	0.01161	0.22520	0.02477	0.50885	0.02535	0.02258	0.01632	0.00892	0.00730	0.00223	0.00672	0.00708	0.00848	0.01237
65	0.00859	0.00736	0.00736	0.00736	0.00982	0.00614	0.00552	0.01043	0.01657	0.01964	0.07364	0.06996	0.69624	0.01841	0.00859	0.00245	0.00368	0.01534	0.00675	0.00614
66	0.00922	0.00658	0.00885	0.01053	0.01111	0.00621	0.00737	0.01074	0.01427	0.01896	0.03987	0.65699	0.04729	0.02243	0.00937	0.00300	0.00453	0.09992	0.00674	0.00600
67	0.79588	0.01406	0.01068	0.00956	0.01406	0.01631	0.00787	0.02137	0.01237	0.03261	0.01012	0.01181	0.00787	0.00675	0.00450	0.00225	0.00562	0.00394	0.00450	0.00787
68	0.79588	0.01406	0.01068	0.00956	0.01406	0.01631	0.00787	0.02137	0.01237	0.03261	0.01012	0.01181	0.00787	0.00675	0.00450	0.00225	0.00562	0.00394	0.00450	0.00787
69	0.03261	0.01237	0.01687	0.01293	0.01856	0.01068	0.01068	0.03543	0.02081	0.70423	0.02868	0.02474	0.01799	0.00900	0.00731	0.00225	0.00619	0.00731	0.00900	0.01237
70	0.01799	0.01727	0.02950	0.04462	0.69919	0.01727	0.02231	0.02231	0.01655	0.02375	0.01367	0.01799	0.01151	0.00648	0.00720	0.00216	0.00864	0.00648	0.00360	0.01151
71	0.01015	0.00742	0.00953	0.00900	0.01078	0.00680	0.00675	0.01346	0.02026	0.02839	0.64597	0.05554	0.11845	0.01514	0.00857	0.00230	0.00345	0.01332	0.00790	0.00680
72	0.02121	0.01668	0.02539	0.15756	0.31090	0.01749	0.04895	0.17168	0.02076	0.11346	0.01633	0.01905	0.01217	0.00743	0.00731	0.00224	0.00854	0.00669	0.00505	0.01111
73	0.01943	0.74891	0.03809	0.01244	0.01866	0.02876	0.01244	0.02177	0.01477	0.01710	0.01011	0.01166	0.00933	0.00622	0.00466	0.00155	0.00777	0.00389	0.00311	0.00933
74	0.01799	0.01727	0.02950	0.04462	0.69919	0.01727	0.02231	0.02231	0.01655	0.02375	0.01367	0.01799	0.01151	0.00648	0.00720	0.00216	0.00864	0.00648	0.00360	0.01151
75	0.00895	0.00738	0.00786	0.00774	0.01004	0.00629	0.00580	0.01112	0.01741	0.02163	0.20409	0.06667	0.56455	0.01766	0.00859	0.00242	0.00363	0.01488	0.00701	0.00629
76	0.01741	0.01890	0.03883	0.03488	0.23868	0.01805	0.47536	0.02299	0.01697	0.02343	0.01439	0.01912	0.01118	0.00623	0.00816	0.00236	0.01116	0.00794	0.00365	0.01032
77	0.00886	0.00633	0.00843	0.01012	0.01054	0.00590	0.00675	0.01012	0.01392	0.01856	0.04006	0.73979	0.04808	0.02277	0.00928	0.00295	0.00422	0.02066	0.00675	0.00590
78	0.00859	0.00736	0.00736	0.00736	0.00982	0.00614	0.00552	0.01043	0.01657	0.01964	0.07364	0.06996	0.69624	0.01841	0.00859	0.00245	0.00368	0.01534	0.00675	0.00614
79	0.01492	0.01972	0.20375	0.02719	0.28815	0.01425	0.01921	0.02032	0.04017	0.02260	0.02100	0.08312	0.02022	0.04492	0.00919	0.00271	0.00834	0.12609	0.00443	0.00968
80	0.02791	0.02878	0.02043	0.01759	0.02202	0.47585	0.01359	0.17463	0.02367	0.10605	0.01471	0.01547	0.01107	0.00795	0.00681	0.00199	0.01114	0.00541	0.00516	0.00978
81	0.00933	0.00671	0.00894	0.01056	0.01127	0.00633	0.00753	0.01096	0.01450	0.01914	0.04115	0.60217	0.07313	0.02214	0.00938	0.00300	0.00461	0.12635	0.00674	0.00605
82	0.00896	0.00646	0.00852	0.01012	0.01069	0.00601	0.00689	0.01033	0.01415	0.01874	0.04158	0.68187	0.07824	0.02246	0.00928	0.00294	0.00429	0.04577	0.00675	0.00595
83	0.01883	0.36045	0.21232	0.04480	0.02443	0.04762	0.04090	0.10616	0.01769	0.02274	0.01309	0.03659	0.01097	0.00732	0.00606	0.00196	0.00892	0.00545	0.00380	0.00993
84	0.01714	0.01640	0.02797	0.18082	0.56964	0.01705	0.02189	0.02156	0.01615	0.02271	0.01352	0.01827	0.01115	0.00663	0.00721	0.00221	0.00885	0.00647	0.00352	0.01083
85	0.01017	0.00743	0.00955	0.00902	0.01078	0.00681	0.00676	0.01348	0.02029	0.02846	0.65029	0.05543	0.11409	0.01512	0.00857	0.00230	0.00345	0.01330	0.00791	0.00681
86	0.01973	0.53653	0.06077	0.01618	0.02247	0.09945	0.11403	0.02281	0.01577	0.01833	0.01103	0.01316	0.00959	0.00636	0.00554	0.00175	0.00913	0.00474	0.00326	0.00936
87	0.01402	0.01291	0.08661	0.12634	0.08366	0.01088	0.01377	0.01800	0.01731	0.08095	0.17529	0.07103	0.08511	0.01336	0.00833	0.00258	0.00668	0.15897	0.00598	0.00822
88	0.01053	0.00768	0.01026	0.01172	0.01315	0.00740	0.00956	0.01311	0.01594	0.02060	0.04342	0.26109	0.12741	0.02061	0.00965	0.00312	0.00563	0.39600	0.00672	0.00641
89	0.00888	0.00732	0.00745	0.00745	0.00954	0.00627	0.00536	0.01045	0.01569	0.01883	0.06623	0.06669	0.59844	0.12444	0.01274	0.00313	0.00417	0.01464	0.00641	0.00588
90	0.00882	0.00737	0.00769	0.00761	0.00996	0.00624	0.00571	0.01088	0.01712	0.02094	0.15866	0.06781	0.61041	0.01792	0.00859	0.00243	0.00365	0.01504	0.00692	0.00624
91	0.59485	0.01361	0.01231	0.01045	0.01524	0.01483	0.00861	0.02507	0.01459	0.20951	0.01501	0.01521	0.01054	0.00734	0.00524	0.00225	0.00577	0.00482	0.00568	0.00906
92	0.79588	0.01406	0.01068	0.00956	0.01406	0.01631	0.00787	0.02137	0.01237	0.03261	0.01012	0.01181	0.00787	0.00675	0.00450	0.00225	0.00562	0.00394	0.00450	0.00787
93	0.73619	0.01393	0.01117	0.00982	0.01441	0.01587	0.00809	0.02247	0.01303	0.08514	0.01157	0.01282	0.00866	0.00692	0.00472	0.00225	0.00567	0.00420	0.00485	0.00822
94	0.01171	0.00837	0.01171	0.01339	0.01506	0.00837	0.01171	0.01506	0.01673	0.02175	0.03849	0.08199	0.04183	0.02008	0.01004	0.00335	0.00669	0.65027	0.00669	0.00669
95	0.03261	0.01237	0.01687	0.01293	0.01856	0.01068	0.01068	0.03543	0.02081	0.70423	0.02868	0.02474	0.01799	0.00900	0.00731	0.00225	0.00619	0.00731	0.00900	0.01237
96	0.01046	0.00747	0.01006	0.01006	0.01080	0.00821	0.00707	0.01194	0.01120	0.01567	0.02095	0.03676	0.02173	0.35226	0.42286	0.00968	0.01411	0.00899	0.00411	0.00559
97	0.01808	0.01561	0.01644	0.01479	0.01890	0.01808	0.01151	0.03863	0.68606	0.03041	0.02959	0.02712	0.02219	0.00986	0.00740	0.00247	0.00575	0.00822	0.00740	0.01151
98	0.01057	0.00705	0.00793	0.00793	0.00793	0.00705	0.00440	0.01057	0.01057	0.01409	0.02290	0.04757	0.02643	0.74454	0.03700	0.00705	0.00705	0.01057	0.00440	0.00440
99	0.01704	0.01614	0.02732	0.04104	0.62772	0.01609	0.02069	0.02104	0.01628	0.02321	0.01641	0.09291	0.01531	0.00817	0.00741	0.00224	0.00818	0.00795	0.00393	0.01093
100	0.01830	0.01803	0.02726	0.03747	0.51712	0.07189	0.03886	0.04119	0.01673	0.02305	0.01379	0.01827	0.01171	0.01041	0.05870	0.00289	0.05344	0.00649	0.00372	0.01067
101	0.01076	0.00907	0.04110	0.00986	0.01207	0.00771	0.00792	0.01502	0.04402	0.02892	0.64119	0.05159	0.06428	0.01433	0.00846	0.00229	0.00384	0.01262	0.00776	0.00720
102	0.00951	0.00714	0.00975	0.01204	0.05135	0.00670	0.00774	0.01113	0.01455	0.01937	0.06123	0.60802	0.09222	0.02117	0.00911	0.00286	0.00449	0.03871	0.00660	0.00631
103	0.04894	0.28106	0.12253	0.01792	0.06866	0.17187	0.01563	0.07524	0.01752	0.02161	0.01264	0.01637	0.01091	0.00780	0.00729	0.00203	0.05924	0.02946	0.00380	0.00948
104	0.29546	0.05068	0.04269	0.01496	0.01916	0.38722	0.01196	0.02498	0.01700	0.02320	0.01222	0.04667	0.01064	0.00788	0.00591	0.00206	0.00979	0.00517	0.00410	0.00823
105	0.01161	0.00829	0.01159	0.01327	0.01490	0.00828	0.01153	0.01488	0.01663	0.02164	0.03854	0.10594	0.04206	0.02018	0.01001	0.00333	0.00660	0.62735	0.00670	0.00666
106	0.01864	0.01792	0.06678	0.04755	0.15967	0.03842	0.07765	0.11737	0.04334	0.04664	0.01493	0.01728	0.01162	0.00667	0.00667	0.00183	0.00787	0.00587	0.00465	0.28864
107	0.00872	0.00737	0.00755	0.00750	0.00990	0.00619	0.00563	0.01069	0.01688	0.02038	0.12227	0.06873	0.64715	0.01813	0.00859	0.00244	0.00366	0.01517	0.00685	0.00619
108	0.79588	0.01406	0.01068	0.00956	0.01406	0.01631	0.00787	0.02137	0.01237	0.03261	0.01012	0.01181	0.00787	0.00675	0.00450	0.00225	0.00562	0.00394	0.00450	0.00787
109	0.02115	0.13332	0.08426	0.02586	0.23366	0.18688	0.04365	0.06428	0.07252	0.04570	0.01455	0.01664	0.01158	0.00719	0.00672	0.00205	0.00955	0.00582	0.00422	0.01039
110	0.02763	0.02036	0.02182	0.01672	0.02254	0.02254	0.01382	0.67496	0.03418	0.04581	0.01745	0.01745	0.01236	0.00873	0.00727	0.00218	0.00800	0.00654	0.00727	0.01236
111	0.00884	0.00639	0.00837	0.00996	0.01050	0.00592	0.00668	0.01014	0.01407	0.01862	0.04205	0.70020	0.08639	0.02252	0.00924	0.00292	0.00419	0.02035	0.00675	0.00592
112	0.01050	0.00734	0.00943	0.00943	0.00995	0.00786	0.00628	0.01154	0.01102	0.01521	0.02153	0.03996	0.02312	0.46827	0.30875	0.00890	0.01202	0.00946	0.00420	0.00524
113	0.01943	0.74891	0.03809	0.01244	0.01866	0.02876	0.01244	0.02177	0.01477	0.01710	0.01011	0.01166	0.00933	0.00622	0.00466	0.00155	0.00777	0.00389	0.00311	0.00933
114	0.01843	0.05150	0.47010	0.01943	0.05452	0.01634	0.02190	0.07172	0.01751	0.12256	0.01554	0.01683	0.01089	0.00721	0.00685	0.00219	0.00940	0.00567	0.00432	0.05709
115	0.01768	0.16210	0.45406	0.01758	0.02659	0.01779	0.02102	0.02397	0.01588	0.10446	0.01439	0.01580	0.01040	0.00693	0.00644	0.00208	0.00928	0.00526	0.00388	0.06441
116	0.64405	0.01530	0.01288	0.01098	0.01573	0.01754	0.00905	0.15054	0.01668	0.03522	0.01157	0.01292	0.00876	0.00714	0.00505	0.00224	0.00609	0.00445	0.00505	0.00876
117	0.02653	0.01328	0.01651	0.01313	0.01798	0.01287	0.01067	0.15526	0.07538	0.40390	0.14560	0.02880	0.02627	0.01006	0.00753	0.00226	0.00601	0.00828	0.00836	0.01132
118	0.04716	0.04429	0.06000	0.03511	0.45412	0.01782	0.05855	0.02270	0.01599	0.07003	0.01401	0.01773	0.01139	0.00737	0.00899	0.00229	0.09132	0.00641	0.00392	0.01082
119	0.00863	0.00721	0.00753	0.00778	0.00993	0.00610	0.00571	0.01039	0.01617	0.01947	0.06858	0.17090	0.59856	0.01907	0.00869	0.00253	0.00376	0.01614	0.00675	0.00610
120	0.01021	0.00743	0.00961	0.00906	0.01081	0.00682	0.00680	0.01356	0.02039	0.02870	0.66618	0.05503	0.09804	0.01503	0.00857	0.00229	0.00344	0.01325	0.00794	0.00682
121	0.05471	0.01945	0.06542	0.05580	0.21216	0.12440	0.01517	0.04102	0.01679	0.02357	0.01288	0.01572	0.01052	0.00637	0.00628	0.00174	0.00815	0.00519	0.00398	0.30068
122	0.01847	0.35002	0.25142	0.02018	0.12554	0.02229	0.01859	0.05326	0.01633	0.04440	0.01256	0.01452	0.01005	0.00669	0.00598	0.00194	0.00882	0.00500	0.00356	0.01036
123	0.00859	0.00736	0.00736	0.00736	0.00982	0.00614	0.00552	0.01043	0.01657	0.01964	0.07364	0.06996	0.69624	0.01841	0.00859	0.00245	0.00368	0.01534	0.00675	0.00614
124	0.01184	0.00842	0.01119	0.01211	0.01390	0.00833	0.01018	0.03834	0.01778	0.02381	0.14894	0.11124	0.06906	0.01842	0.00940	0.00300	0.00580	0.43321	0.03815	0.00686
125	0.02024	0.13947	0.32540	0.01993	0.09634	0.01794	0.01953	0.06656	0.04227	0.15963	0.01665	0.01749	0.01189	0.00739	0.00671	0.00216	0.00879	0.00582	0.00473	0.01106
126	0.01666	0.01889	0.12439	0.03337	0.43005	0.01624	0.02016	0.02348	0.10098	0.02401	0.01781	0.02426	0.01521	0.01028	0.04054	0.00276	0.00893	0.05695	0.00426	0.01079
127	0.03172	0.01211	0.01640	0.01264	0.01808	0.01050	0.01042	0.03456	0.02054	0.67245	0.02844	0.02485	0.01802	0.00897	0.00721	0.00222	0.00605	0.00728	0.04541	0.01211
128	0.01856	0.01638	0.02727	0.05895	0.54200	0.01644	0.04198	0.02377	0.05655	0.07214	0.04302	0.02056	0.01482	0.00720	0.00732	0.00221	0.00824	0.00698	0.00437	0.01123
129	0.02061	0.02646	0.33438	0.01905	0.02690	0.05779	0.09568	0.06487	0.04308	0.18443	0.04306	0.01992	0.01436	0.00785	0.00728	0.00228	0.00938	0.00662	0.00516	0.01085
130	0.01628	0.01534	0.02585	0.20013	0.48814	0.01607	0.02035	0.02040	0.01570	0.02188	0.01499	0.04877	0.01326	0.04195	0.00870	0.00248	0.00863	0.00724	0.00368	0.01016
131	0.35727	0.02432	0.01708	0.01696	0.07579	0.35572	0.01208	0.02516	0.01672	0.02467	0.01096	0.01296	0.00890	0.00709	0.00572	0.00206	0.00951	0.00451	0.00406	0.00845
