[name]
unknown

[dist]
# distance from previous block
# <min> <max>
15	90

[block]
# block no. 0 follows, 28 sequences, length 35
# corresponding to MSA columns:
# 103-137
name=unknown_A
#
# <colnr> <probs for GDERKNQSTAVLIFYWHMCP>
#	G	D	E	R	K	N	Q	S	T	A	V	L	I	F	Y	W	H	M	C	P
0	0.01637	0.05523	0.34031	0.01655	0.02327	0.03711	0.04501	0.05891	0.01614	0.07901	0.01915	0.02478	0.04309	0.13427	0.05665	0.00364	0.00984	0.00710	0.00429	0.00927
1	0.05158	0.14170	0.02574	0.01972	0.08184	0.12136	0.13467	0.10401	0.04677	0.02452	0.04126	0.11494	0.01894	0.00986	0.00725	0.00224	0.00867	0.03078	0.00488	0.00926
2	0.02101	0.01475	0.02343	0.24435	0.28925	0.01538	0.01819	0.05206	0.01781	0.20544	0.01762	0.02020	0.01273	0.00749	0.00725	0.00226	0.00828	0.00670	0.00509	0.01072
3	0.05176	0.14667	0.16880	0.02139	0.12222	0.13530	0.08823	0.02354	0.01689	0.07189	0.01863	0.02032	0.06796	0.00785	0.00676	0.00211	0.00936	0.00643	0.00414	0.00974
4	0.01817	0.07357	0.14351	0.23807	0.23116	0.01756	0.02012	0.07075	0.01727	0.08024	0.01461	0.01801	0.01101	0.00715	0.00699	0.00223	0.00900	0.00616	0.00408	0.01032
5	0.00940	0.00740	0.00849	0.00822	0.01032	0.00648	0.00616	0.01200	0.01849	0.02419	0.37104	0.06247	0.39601	0.01671	0.00858	0.00237	0.00356	0.01429	0.00735	0.00648
6	0.01128	0.00954	0.01474	0.25843	0.08176	0.01037	0.01261	0.01405	0.01446	0.01904	0.02991	0.40562	0.05796	0.01592	0.00839	0.00268	0.00644	0.01440	0.00528	0.00713
7	0.07056	0.01971	0.12159	0.07712	0.18721	0.01751	0.09369	0.11921	0.11070	0.08490	0.01740	0.01924	0.01289	0.00757	0.00719	0.00229	0.00854	0.00671	0.00506	0.01091
8	0.01610	0.01518	0.02561	0.24023	0.45262	0.01607	0.02040	0.02050	0.01630	0.02269	0.07059	0.02144	0.01577	0.00741	0.00733	0.00225	0.00851	0.00703	0.00386	0.01012
9	0.01018	0.00737	0.00901	0.00860	0.01046	0.00670	0.00645	0.01327	0.01934	0.02701	0.51574	0.05555	0.19595	0.01513	0.00832	0.00228	0.00348	0.01313	0.06533	0.00670
10	0.01677	0.01764	0.02221	0.52798	0.09894	0.15631	0.01913	0.02098	0.01592	0.01885	0.01265	0.01801	0.00978	0.00725	0.00712	0.00229	0.01029	0.00611	0.00336	0.00843
11	0.01866	0.15950	0.20566	0.04831	0.15809	0.04998	0.12984	0.10142	0.01825	0.02448	0.01335	0.01618	0.01038	0.00682	0.00687	0.00213	0.00978	0.00600	0.00382	0.01048
12	0.00986	0.00719	0.00928	0.01047	0.01154	0.00689	0.00782	0.01172	0.01466	0.01908	0.04190	0.35411	0.13819	0.09769	0.04252	0.00379	0.00578	0.19512	0.00637	0.00603
13	0.01177	0.00661	0.00740	0.00804	0.00925	0.00645	0.00571	0.01436	0.01474	0.02387	0.02990	0.29690	0.02978	0.01388	0.00667	0.00217	0.00370	0.01203	0.49032	0.00645
14	0.57436	0.01446	0.01513	0.09953	0.13263	0.01645	0.01173	0.02120	0.01332	0.02949	0.01104	0.01373	0.00869	0.00676	0.00527	0.00225	0.00660	0.00466	0.00420	0.00850
15	0.01263	0.00631	0.00947	0.00947	0.00947	0.00631	0.00631	0.00947	0.00947	0.01263	0.01263	0.02210	0.01263	0.02525	0.02841	0.78851	0.00631	0.00631	0.00316	0.00316
16	0.05264	0.02034	0.05200	0.09901	0.28064	0.14622	0.01776	0.07931	0.01795	0.04626	0.01366	0.01714	0.01102	0.00902	0.03090	0.00250	0.06179	0.00600	0.00410	0.03175
17	0.01600	0.01556	0.02482	0.43425	0.04051	0.04644	0.12534	0.06819	0.01644	0.02136	0.01423	0.02131	0.01143	0.00825	0.00913	0.00250	0.07813	0.03372	0.00376	0.00862
18	0.01866	0.26257	0.08859	0.09734	0.11411	0.04860	0.05597	0.02246	0.01592	0.07105	0.01330	0.01573	0.01062	0.00655	0.00611	0.00184	0.00837	0.00529	0.00387	0.13306
19	0.24355	0.01739	0.01732	0.01421	0.01923	0.01967	0.01155	0.33160	0.18948	0.03825	0.01838	0.01824	0.01352	0.00845	0.00651	0.00227	0.00677	0.00622	0.00651	0.01087
20	0.01057	0.00705	0.00793	0.00793	0.00793	0.00705	0.00440	0.01057	0.01057	0.01409	0.02290	0.04757	0.02643	0.74454	0.03700	0.00705	0.00705	0.01057	0.00440	0.00440
21	0.01507	0.01292	0.01507	0.01077	0.01723	0.00969	0.00861	0.01830	0.01507	0.02369	0.01292	0.01507	0.01077	0.00538	0.00538	0.00108	0.00538	0.00431	0.00431	0.78898
22	0.79588	0.01406	0.01068	0.00956	0.01406	0.01631	0.00787	0.02137	0.01237	0.03261	0.01012	0.01181	0.00787	0.00675	0.00450	0.00225	0.00562	0.00394	0.00450	0.00787
23	0.22860	0.01796	0.01844	0.01450	0.01995	0.01980	0.01197	0.44399	0.02722	0.10454	0.01660	0.01667	0.01172	0.00824	0.00655	0.00221	0.00721	0.00594	0.00671	0.01119
24	0.01916	0.02262	0.03843	0.02825	0.03488	0.15800	0.54083	0.02443	0.01785	0.02218	0.01401	0.01831	0.01070	0.00640	0.00817	0.00234	0.01243	0.00780	0.00369	0.00953
25	0.01507	0.01292	0.01507	0.01077	0.01723	0.00969	0.00861	0.01830	0.01507	0.02369	0.01292	0.01507	0.01077	0.00538	0.00538	0.00108	0.00538	0.00431	0.00431	0.78898
26	0.01119	0.00838	0.01050	0.00980	0.01179	0.00816	0.00740	0.01661	0.09780	0.02930	0.61810	0.05114	0.06320	0.01428	0.00844	0.00231	0.00370	0.01257	0.00793	0.00740
27	0.02763	0.02036	0.02182	0.01672	0.02254	0.02254	0.01382	0.67496	0.03418	0.04581	0.01745	0.01745	0.01236	0.00873	0.00727	0.00218	0.00800	0.00654	0.00727	0.01236
28	0.00886	0.00633	0.00843	0.01012	0.01054	0.00590	0.00675	0.01012	0.01392	0.01856	0.04006	0.73979	0.04808	0.02277	0.00928	0.00295	0.00422	0.02066	0.00675	0.00590
29	0.02252	0.01915	0.01766	0.01491	0.01924	0.13195	0.01179	0.27800	0.22111	0.03374	0.02100	0.02111	0.01576	0.00882	0.00685	0.00214	0.00744	0.00677	0.12945	0.01058
30	0.01482	0.01402	0.02381	0.35574	0.28345	0.01538	0.04717	0.01910	0.01542	0.02072	0.01810	0.08138	0.04249	0.00870	0.00752	0.00237	0.00870	0.00812	0.00383	0.00915
31	0.07769	0.05403	0.10599	0.02063	0.02586	0.15800	0.17804	0.09796	0.04622	0.02449	0.01337	0.01637	0.01055	0.00809	0.00986	0.00236	0.13055	0.00628	0.00414	0.00953
32	0.02429	0.09644	0.02332	0.02168	0.13209	0.42646	0.01481	0.10131	0.02054	0.02179	0.01274	0.01572	0.01077	0.03827	0.00784	0.00214	0.01103	0.00536	0.00410	0.00930
33	0.00889	0.00676	0.00819	0.00914	0.01033	0.00606	0.00636	0.01052	0.01534	0.01980	0.10589	0.46469	0.26041	0.02069	0.00900	0.00273	0.00398	0.01830	0.00685	0.00606
34	0.01765	0.02141	0.18376	0.12158	0.09436	0.04558	0.03892	0.07363	0.14961	0.04487	0.01709	0.01894	0.01285	0.00747	0.00694	0.00214	0.00843	0.00626	0.00471	0.12383

[dist]
# distance from previous block
# <min> <max>
0	1

[block]
# block no. 1 follows, 28 sequences, length 40
# corresponding to MSA columns:
# 139-162,177-192
name=unknown_B
#
# <colnr> <probs for GDERKNQSTAVLIFYWHMCP>
#	G	D	E	R	K	N	Q	S	T	A	V	L	I	F	Y	W	H	M	C	P
0	0.01621	0.09213	0.14920	0.01451	0.01873	0.16259	0.04432	0.01962	0.01593	0.02061	0.02086	0.18088	0.02055	0.04703	0.00838	0.00242	0.00810	0.00916	0.14081	0.00797
1	0.00909	0.00671	0.00857	0.00996	0.01086	0.00619	0.00702	0.01066	0.01466	0.01906	0.04578	0.55803	0.16077	0.02175	0.00923	0.00290	0.00437	0.08163	0.00674	0.00602
2	0.15096	0.00904	0.00993	0.00927	0.01096	0.00923	0.00630	0.01619	0.01264	0.11875	0.02240	0.07974	0.02288	0.42945	0.05864	0.00548	0.00711	0.00942	0.00521	0.00637
3	0.01676	0.01611	0.02119	0.42372	0.11133	0.09943	0.01771	0.08715	0.01745	0.02186	0.01594	0.08910	0.01390	0.00888	0.00737	0.00236	0.00927	0.00765	0.00409	0.00872
4	0.02325	0.06086	0.02381	0.02366	0.16633	0.31194	0.01596	0.13660	0.02040	0.02380	0.01252	0.01524	0.01036	0.00819	0.00925	0.00216	0.11612	0.00559	0.00421	0.00974
5	0.01690	0.31624	0.07657	0.01237	0.01809	0.01788	0.01152	0.02047	0.03848	0.05315	0.01691	0.11600	0.01602	0.00861	0.00591	0.00173	0.00666	0.00679	0.00440	0.23531
6	0.01038	0.00779	0.01168	0.01168	0.01298	0.00909	0.00909	0.01298	0.01168	0.01687	0.01947	0.02856	0.01817	0.05452	0.71573	0.01168	0.01947	0.00779	0.00389	0.00649
7	0.00998	0.00719	0.00944	0.00935	0.01079	0.00665	0.00683	0.01295	0.01915	0.02689	0.55540	0.20070	0.06421	0.01655	0.00872	0.00243	0.00360	0.01475	0.00773	0.00665
8	0.02138	0.00995	0.01288	0.01071	0.01458	0.00867	0.00854	0.02415	0.01984	0.37337	0.22063	0.04248	0.17669	0.01261	0.00793	0.00230	0.00490	0.01062	0.00824	0.00953
9	0.01355	0.00678	0.00678	0.00678	0.00847	0.00678	0.00508	0.01694	0.01524	0.02710	0.02371	0.02710	0.01863	0.00847	0.00508	0.00169	0.00339	0.00678	0.78489	0.00678
10	0.01458	0.03760	0.70688	0.02072	0.03146	0.01688	0.02686	0.02302	0.01535	0.02302	0.01304	0.01535	0.00921	0.00691	0.00691	0.00230	0.01074	0.00537	0.00307	0.01074
11	0.01799	0.01727	0.02950	0.04462	0.69919	0.01727	0.02231	0.02231	0.01655	0.02375	0.01367	0.01799	0.01151	0.00648	0.00720	0.00216	0.00864	0.00648	0.00360	0.01151
12	0.01977	0.01645	0.01739	0.01513	0.01955	0.01887	0.01191	0.15119	0.57075	0.03313	0.02744	0.02541	0.02045	0.00966	0.00737	0.00242	0.00615	0.00792	0.00737	0.01166
13	0.01943	0.74891	0.03809	0.01244	0.01866	0.02876	0.01244	0.02177	0.01477	0.01710	0.01011	0.01166	0.00933	0.00622	0.00466	0.00155	0.00777	0.00389	0.00311	0.00933
14	0.79588	0.01406	0.01068	0.00956	0.01406	0.01631	0.00787	0.02137	0.01237	0.03261	0.01012	0.01181	0.00787	0.00675	0.00450	0.00225	0.00562	0.00394	0.00450	0.00787
15	0.00940	0.00740	0.00849	0.00822	0.01032	0.00648	0.00616	0.01200	0.01848	0.02418	0.37084	0.06247	0.39621	0.01671	0.00858	0.00237	0.00356	0.01429	0.00735	0.00648
16	0.01373	0.01292	0.02180	0.72707	0.05006	0.01615	0.02019	0.01857	0.01453	0.01857	0.01292	0.01938	0.00969	0.00727	0.00727	0.00242	0.00969	0.00646	0.00323	0.00807
17	0.01607	0.00887	0.01163	0.01080	0.01276	0.00882	0.00787	0.04183	0.01475	0.17975	0.02616	0.15709	0.02553	0.23664	0.20161	0.00623	0.00963	0.01069	0.00587	0.00739
18	0.00930	0.00655	0.00851	0.00990	0.01031	0.00622	0.00658	0.01044	0.01347	0.01793	0.03699	0.58659	0.04399	0.14865	0.01416	0.00369	0.00483	0.04986	0.00634	0.00568
19	0.00886	0.00633	0.00843	0.01012	0.01054	0.00590	0.00675	0.01012	0.01392	0.01856	0.04006	0.73979	0.04808	0.02277	0.00928	0.00295	0.00422	0.02066	0.00675	0.00590
20	0.00957	0.00698	0.00918	0.00992	0.01072	0.00704	0.00689	0.01106	0.01295	0.01740	0.03443	0.34792	0.09939	0.15752	0.21784	0.00614	0.00906	0.01466	0.00552	0.00583
21	0.07699	0.01244	0.01516	0.01208	0.01694	0.01162	0.00985	0.11097	0.02121	0.43024	0.05987	0.03201	0.13700	0.01069	0.00739	0.00228	0.00584	0.00862	0.00805	0.01077
22	0.02765	0.01187	0.01571	0.01240	0.01722	0.01067	0.01010	0.07287	0.02163	0.52089	0.16634	0.03040	0.02813	0.01020	0.00757	0.00225	0.00573	0.00847	0.00868	0.01123
23	0.02760	0.02130	0.02174	0.01686	0.02254	0.06799	0.01383	0.63258	0.03329	0.04397	0.01704	0.01717	0.01217	0.00864	0.00722	0.00216	0.00833	0.00642	0.00704	0.01210
24	0.40624	0.01829	0.01630	0.19239	0.05107	0.16561	0.01282	0.02234	0.01483	0.02560	0.01120	0.01422	0.00878	0.00703	0.00573	0.00221	0.00835	0.00482	0.00399	0.00818
25	0.01873	0.01283	0.01641	0.18463	0.02471	0.01414	0.01275	0.10818	0.16166	0.12594	0.02453	0.06332	0.02004	0.01042	0.00740	0.00240	0.00677	0.07099	0.10457	0.00958
26	0.01116	0.00915	0.01006	0.00952	0.01209	0.00892	0.00723	0.01751	0.16084	0.02499	0.26391	0.05578	0.35070	0.01544	0.00833	0.00240	0.00404	0.01311	0.00729	0.00752
27	0.01054	0.00717	0.00854	0.00854	0.00875	0.00738	0.00516	0.01096	0.01075	0.01455	0.02235	0.04448	0.02509	0.63259	0.14712	0.00780	0.00906	0.01012	0.00432	0.00474
28	0.00886	0.00633	0.00843	0.01012	0.01054	0.00590	0.00675	0.01012	0.01392	0.01856	0.04006	0.73979	0.04808	0.02277	0.00928	0.00295	0.00422	0.02066	0.00675	0.00590
29	0.00881	0.00737	0.00766	0.00759	0.00995	0.00623	0.00569	0.01085	0.01707	0.02084	0.15202	0.06798	0.61711	0.01796	0.00859	0.00243	0.00365	0.01506	0.00691	0.00623
30	0.38068	0.40702	0.02534	0.01110	0.01652	0.02297	0.01031	0.02158	0.01365	0.02432	0.01011	0.01173	0.00865	0.00646	0.00459	0.00188	0.00677	0.00391	0.00376	0.00865
31	0.01373	0.01292	0.02180	0.72707	0.05006	0.01615	0.02019	0.01857	0.01453	0.01857	0.01292	0.01938	0.00969	0.00727	0.00727	0.00242	0.00969	0.00646	0.00323	0.00807
32	0.02068	0.05245	0.02269	0.07218	0.24028	0.32700	0.01611	0.02348	0.01781	0.01983	0.01577	0.10784	0.01502	0.00905	0.00708	0.00213	0.01010	0.00739	0.00402	0.00911
33	0.01445	0.07475	0.39845	0.01998	0.02782	0.01626	0.13503	0.02084	0.01484	0.02137	0.01451	0.01867	0.01145	0.01689	0.15844	0.00428	0.01268	0.00635	0.00335	0.00958
34	0.04721	0.15648	0.41220	0.02127	0.07590	0.01917	0.08969	0.02346	0.04763	0.02280	0.01343	0.01576	0.01015	0.00681	0.00664	0.00218	0.00979	0.00560	0.00344	0.01038
35	0.00953	0.00730	0.00874	0.00859	0.01045	0.00650	0.00636	0.01217	0.01847	0.02465	0.40505	0.12738	0.29461	0.01693	0.00865	0.00241	0.00360	0.01468	0.00742	0.00650
36	0.01627	0.01696	0.02157	0.15392	0.02595	0.13799	0.11000	0.01900	0.01427	0.01796	0.01436	0.02315	0.01338	0.14086	0.07223	0.00404	0.17961	0.00726	0.00363	0.00760
37	0.01339	0.01538	0.12538	0.05627	0.16539	0.01249	0.04041	0.01752	0.01581	0.02201	0.07952	0.13416	0.02798	0.01557	0.04918	0.00318	0.03706	0.15582	0.00500	0.00848
38	0.01325	0.01314	0.01120	0.01070	0.01299	0.15788	0.00796	0.01568	0.01882	0.02294	0.30470	0.10151	0.25200	0.01499	0.00820	0.00230	0.00563	0.01259	0.00661	0.00690
39	0.01979	0.18181	0.02423	0.08851	0.12691	0.12867	0.01403	0.04732	0.01722	0.06619	0.01432	0.01815	0.01195	0.00719	0.00625	0.00182	0.00828	0.02981	0.00425	0.18328

[dist]
# distance from previous block
# <min> <max>
7	53

[block]
# block no. 2 follows, 28 sequences, length 20
# corresponding to MSA columns:
# 247-266
name=unknown_C
#
# <colnr> <probs for GDERKNQSTAVLIFYWHMCP>
#	G	D	E	R	K	N	Q	S	T	A	V	L	I	F	Y	W	H	M	C	P
0	0.07724	0.17945	0.02336	0.07493	0.02195	0.28271	0.01366	0.02289	0.01645	0.01945	0.05388	0.01635	0.01304	0.00860	0.00947	0.00215	0.14681	0.00546	0.00378	0.00836
1	0.01259	0.01039	0.06115	0.01112	0.01380	0.00813	0.00887	0.01573	0.04424	0.08492	0.07813	0.41460	0.09584	0.01714	0.00834	0.00254	0.00496	0.01518	0.00655	0.08574
2	0.06787	0.06100	0.05989	0.08338	0.05354	0.07472	0.10868	0.13188	0.08427	0.02601	0.01667	0.07023	0.01423	0.00933	0.00941	0.00241	0.10469	0.00747	0.00475	0.00957
3	0.01664	0.09292	0.28923	0.01615	0.02275	0.01450	0.06052	0.02165	0.01596	0.12577	0.05680	0.02574	0.06575	0.04579	0.09482	0.00359	0.00986	0.00739	0.00471	0.00946
4	0.01760	0.01286	0.01689	0.06233	0.14230	0.01271	0.01159	0.08952	0.06390	0.08935	0.01926	0.02614	0.01662	0.17452	0.01350	0.00308	0.00686	0.00724	0.06203	0.15167
5	0.01699	0.01910	0.04009	0.02907	0.03542	0.01891	0.58346	0.02250	0.01634	0.02250	0.01400	0.01910	0.01083	0.00702	0.01066	0.00255	0.11003	0.00828	0.00361	0.00955
6	0.01700	0.02072	0.08376	0.03003	0.03759	0.01829	0.63304	0.02327	0.01705	0.02327	0.01460	0.01935	0.01092	0.00618	0.00848	0.00244	0.01216	0.00838	0.00364	0.00986
7	0.01371	0.01218	0.01166	0.01206	0.01355	0.12425	0.00869	0.06198	0.01641	0.02018	0.03266	0.44350	0.06079	0.01910	0.01024	0.06576	0.00626	0.05439	0.00600	0.00663
8	0.01808	0.01561	0.01644	0.01479	0.01890	0.01808	0.01151	0.03863	0.68606	0.03041	0.02959	0.02712	0.02219	0.00986	0.00740	0.00247	0.00575	0.00822	0.00740	0.01151
9	0.00883	0.00641	0.00835	0.00990	0.01049	0.00592	0.00665	0.01015	0.01413	0.01864	0.04276	0.68605	0.10009	0.02242	0.00922	0.00291	0.00417	0.02024	0.00675	0.00592
10	0.00886	0.00633	0.00843	0.01012	0.01054	0.00590	0.00675	0.01012	0.01392	0.01856	0.04006	0.73979	0.04808	0.02277	0.00928	0.00295	0.00422	0.02066	0.00675	0.00590
11	0.01915	0.70793	0.07663	0.01291	0.01939	0.02808	0.01327	0.02184	0.01480	0.01744	0.01028	0.01187	0.00932	0.00626	0.00479	0.00160	0.00794	0.00397	0.00311	0.00941
12	0.79588	0.01406	0.01068	0.00956	0.01406	0.01631	0.00787	0.02137	0.01237	0.03261	0.01012	0.01181	0.00787	0.00675	0.00450	0.00225	0.00562	0.00394	0.00450	0.00787
13	0.01458	0.03760	0.70688	0.02072	0.03146	0.01688	0.02686	0.02302	0.01535	0.02302	0.01304	0.01535	0.00921	0.00691	0.00691	0.00230	0.01074	0.00537	0.00307	0.01074
14	0.00901	0.00658	0.00848	0.00970	0.01051	0.00605	0.00663	0.01062	0.01506	0.02004	0.12818	0.57871	0.12109	0.02128	0.00911	0.00281	0.00406	0.01912	0.00691	0.00605
15	0.01029	0.00743	0.00972	0.00914	0.01086	0.00686	0.00686	0.01372	0.02058	0.02915	0.69536	0.05430	0.06859	0.01486	0.00857	0.00229	0.00343	0.01315	0.00800	0.00686
16	0.04842	0.01665	0.07197	0.02318	0.20018	0.07510	0.04774	0.02155	0.08670	0.02351	0.04830	0.08850	0.02485	0.01204	0.00805	0.00257	0.00792	0.17846	0.00522	0.00909
17	0.01943	0.74891	0.03809	0.01244	0.01866	0.02876	0.01244	0.02177	0.01477	0.01710	0.01011	0.01166	0.00933	0.00622	0.00466	0.00155	0.00777	0.00389	0.00311	0.00933
18	0.01583	0.01504	0.04448	0.16221	0.17981	0.01580	0.01553	0.02652	0.28038	0.02524	0.06270	0.05697	0.04876	0.00967	0.00751	0.00239	0.00709	0.00848	0.00553	0.01007
19	0.03511	0.01091	0.01353	0.05606	0.01653	0.05660	0.05081	0.01531	0.01599	0.04236	0.11831	0.14689	0.18792	0.04022	0.08785	0.00369	0.03228	0.05681	0.00579	0.00703

[dist]
# distance from previous block
# <min> <max>
3	9

[block]
# block no. 3 follows, 28 sequences, length 16
# corresponding to MSA columns:
# 283-298
name=unknown_D
#
# <colnr> <probs for GDERKNQSTAVLIFYWHMCP>
#	G	D	E	R	K	N	Q	S	T	A	V	L	I	F	Y	W	H	M	C	P
0	0.03688	0.01608	0.01984	0.01766	0.05780	0.10411	0.12337	0.06369	0.14255	0.02413	0.07538	0.02975	0.06880	0.08242	0.10136	0.00394	0.00966	0.00856	0.00527	0.00874
1	0.01456	0.01265	0.01958	0.21587	0.13221	0.01393	0.04834	0.05215	0.01693	0.04059	0.12925	0.09471	0.08463	0.01135	0.00946	0.00247	0.07806	0.00974	0.00506	0.00846
2	0.01321	0.00873	0.01121	0.05285	0.01443	0.00807	0.00796	0.01532	0.01551	0.08186	0.12675	0.13089	0.13103	0.04105	0.06529	0.07487	0.00611	0.01068	0.06081	0.12338
3	0.01379	0.01229	0.01965	0.56199	0.04173	0.01479	0.01763	0.04793	0.01640	0.02148	0.11264	0.02686	0.01961	0.00895	0.00757	0.00243	0.00859	0.03341	0.00424	0.00804
4	0.01043	0.00759	0.01068	0.01068	0.01163	0.00854	0.00784	0.01234	0.01139	0.01613	0.02039	0.03363	0.02037	0.23860	0.53466	0.01045	0.01616	0.00853	0.00403	0.00593
5	0.00928	0.00663	0.00892	0.01061	0.01122	0.00627	0.00749	0.01086	0.01434	0.01903	0.03983	0.64169	0.04715	0.02237	0.00939	0.00301	0.00459	0.11456	0.00674	0.00602
6	0.01009	0.00720	0.00730	0.00727	0.00948	0.00635	0.00546	0.01244	0.01637	0.02220	0.08696	0.05697	0.47394	0.01540	0.00758	0.00223	0.00359	0.01279	0.23004	0.00635
7	0.01040	0.00774	0.01142	0.01142	0.01262	0.00894	0.00876	0.01281	0.01160	0.01668	0.01971	0.02990	0.01875	0.10318	0.66786	0.01136	0.01859	0.00798	0.00393	0.00634
8	0.01943	0.74891	0.03809	0.01244	0.01866	0.02876	0.01244	0.02177	0.01477	0.01710	0.01011	0.01166	0.00933	0.00622	0.00466	0.00155	0.00777	0.00389	0.00311	0.00933
9	0.34225	0.01180	0.01205	0.01016	0.01443	0.01212	0.00826	0.02548	0.01608	0.27541	0.01993	0.01995	0.01397	0.00795	0.00565	0.00212	0.00532	0.00580	0.18198	0.00926
10	0.00937	0.00728	0.00858	0.00889	0.01070	0.00649	0.00667	0.01166	0.01715	0.02213	0.22783	0.19063	0.35162	0.01843	0.00885	0.00258	0.00399	0.07373	0.00707	0.00633
11	0.01544	0.01014	0.01130	0.01025	0.01255	0.01095	0.00777	0.13810	0.06543	0.02695	0.02209	0.02871	0.01884	0.12926	0.13931	0.00447	0.00788	0.00760	0.32524	0.00773
12	0.00887	0.00728	0.00781	0.00788	0.01004	0.00622	0.00583	0.01089	0.01692	0.02096	0.16329	0.12880	0.54344	0.01828	0.00865	0.00247	0.00369	0.01550	0.00694	0.00622
13	0.01717	0.02666	0.26153	0.02323	0.02965	0.10074	0.22618	0.02255	0.01558	0.02123	0.01256	0.01655	0.00988	0.00805	0.01124	0.00250	0.17526	0.00652	0.00337	0.00954
14	0.08542	0.01329	0.02125	0.62043	0.08588	0.01623	0.01919	0.01905	0.01446	0.02017	0.01271	0.01860	0.00963	0.00717	0.00701	0.00239	0.00925	0.00623	0.00337	0.00826
15	0.01828	0.35265	0.03229	0.16528	0.16895	0.06444	0.06274	0.02178	0.01561	0.01927	0.01181	0.01519	0.00998	0.00655	0.00611	0.00194	0.00898	0.00533	0.00331	0.00951

[dist]
# distance from previous block
# <min> <max>
0	1

[block]
# block no. 4 follows, 28 sequences, length 28
# corresponding to MSA columns:
# 300-327
name=unknown_E
#
# <colnr> <probs for GDERKNQSTAVLIFYWHMCP>
#	G	D	E	R	K	N	Q	S	T	A	V	L	I	F	Y	W	H	M	C	P
0	0.02235	0.13834	0.07255	0.01546	0.02138	0.02123	0.01366	0.33436	0.17151	0.03451	0.01828	0.01831	0.01368	0.00820	0.00671	0.00207	0.00748	0.00623	0.00610	0.06758
1	0.00897	0.00701	0.00814	0.00863	0.01025	0.00618	0.00618	0.01088	0.01632	0.02088	0.16754	0.30085	0.36364	0.01933	0.00883	0.00260	0.00383	0.01682	0.00696	0.00618
2	0.12311	0.01785	0.02372	0.13652	0.27873	0.08895	0.06468	0.02502	0.12486	0.02458	0.01549	0.01847	0.01222	0.00726	0.00691	0.00225	0.00865	0.00638	0.00430	0.01005
3	0.01868	0.04080	0.17163	0.07570	0.18587	0.07788	0.01889	0.07868	0.04720	0.05754	0.01533	0.04376	0.01257	0.00868	0.00953	0.00237	0.11380	0.00664	0.00426	0.01017
4	0.01010	0.00774	0.01166	0.01230	0.01350	0.00744	0.05390	0.01220	0.01462	0.01947	0.03698	0.51793	0.04276	0.02260	0.04365	0.00342	0.00603	0.15094	0.00639	0.00637
5	0.02422	0.02807	0.01934	0.01660	0.02119	0.48209	0.01269	0.08192	0.02041	0.02165	0.01218	0.01397	0.00997	0.00708	0.00633	0.00170	0.01077	0.00475	0.00419	0.20089
6	0.00939	0.00668	0.00888	0.01001	0.01051	0.00661	0.00674	0.01066	0.01300	0.01754	0.03388	0.50969	0.03964	0.14743	0.12859	0.00505	0.00716	0.01690	0.00590	0.00575
7	0.01003	0.00730	0.00944	0.01079	0.01162	0.00717	0.00767	0.01280	0.05833	0.01953	0.03794	0.54254	0.04391	0.07135	0.01119	0.00326	0.00490	0.11733	0.00662	0.00629
8	0.07236	0.07915	0.51841	0.07084	0.03061	0.01745	0.04863	0.02284	0.01525	0.04137	0.01312	0.01556	0.00946	0.00690	0.00669	0.00226	0.01004	0.00543	0.00337	0.01025
9	0.01373	0.01292	0.02180	0.72707	0.05006	0.01615	0.02019	0.01857	0.01453	0.01857	0.01292	0.01938	0.00969	0.00727	0.00727	0.00242	0.00969	0.00646	0.00323	0.00807
10	0.00884	0.00638	0.00838	0.00998	0.01051	0.00592	0.00668	0.01014	0.01405	0.01861	0.04180	0.70510	0.08165	0.02255	0.00924	0.00293	0.00419	0.02039	0.00675	0.00592
11	0.02254	0.01644	0.02362	0.02591	0.25541	0.01682	0.06329	0.16509	0.10963	0.15827	0.01998	0.02092	0.01464	0.00795	0.00726	0.00222	0.00766	0.00705	0.04380	0.01150
12	0.01985	0.01495	0.01577	0.01385	0.01715	0.14975	0.05547	0.02219	0.01745	0.19943	0.03065	0.10672	0.10155	0.08978	0.04259	0.00331	0.00823	0.07678	0.00616	0.00836
13	0.05131	0.00903	0.01165	0.01017	0.01304	0.00829	0.00792	0.01980	0.02027	0.20784	0.48842	0.04458	0.05249	0.01295	0.00806	0.00227	0.00426	0.01119	0.00811	0.00836
14	0.01362	0.00895	0.01340	0.01412	0.06335	0.00966	0.01009	0.01627	0.01333	0.10358	0.02162	0.07643	0.01973	0.04313	0.52676	0.00921	0.01597	0.00852	0.00471	0.00755
15	0.01732	0.02047	0.10403	0.06574	0.10393	0.15961	0.01481	0.02556	0.20148	0.02290	0.02419	0.14005	0.04721	0.01089	0.00749	0.00236	0.00817	0.00914	0.00523	0.00941
16	0.01626	0.20161	0.02765	0.11016	0.14628	0.01874	0.10323	0.03654	0.01486	0.01972	0.01425	0.02114	0.01295	0.10154	0.07248	0.00357	0.05992	0.00671	0.00363	0.00877
17	0.01019	0.00743	0.00958	0.00904	0.01080	0.00682	0.00678	0.01353	0.02035	0.02862	0.66045	0.05518	0.10383	0.01506	0.00857	0.00230	0.00344	0.01327	0.00793	0.00682
18	0.00976	0.00799	0.00872	0.00867	0.01098	0.00725	0.00659	0.01331	0.06580	0.02217	0.17649	0.09176	0.47400	0.01743	0.00861	0.00250	0.00398	0.05030	0.00701	0.00668
19	0.01645	0.01367	0.06729	0.06465	0.04545	0.01214	0.07791	0.06668	0.07601	0.12051	0.14764	0.16486	0.07036	0.01259	0.00808	0.00245	0.00654	0.01125	0.00645	0.00903
20	0.01507	0.01292	0.01507	0.01077	0.01723	0.00969	0.00861	0.01830	0.01507	0.02369	0.01292	0.01507	0.01077	0.00538	0.00538	0.00108	0.00538	0.00431	0.00431	0.78898
21	0.01134	0.00936	0.01442	0.11319	0.14037	0.00971	0.01164	0.01379	0.01421	0.01930	0.02923	0.42920	0.03281	0.02146	0.09134	0.00376	0.00754	0.01468	0.00537	0.00728
22	0.01616	0.01203	0.01882	0.15414	0.15949	0.01230	0.05641	0.02059	0.04674	0.10797	0.10773	0.10943	0.04952	0.01061	0.00757	0.00232	0.00678	0.00960	0.08281	0.00897
23	0.01645	0.06707	0.09256	0.14335	0.28724	0.01564	0.04044	0.02078	0.01608	0.05996	0.01899	0.07413	0.01742	0.00955	0.00755	0.00239	0.00840	0.08790	0.00435	0.00974
24	0.01542	0.01034	0.01325	0.01235	0.01467	0.01101	0.00960	0.15070	0.01804	0.07155	0.05741	0.17125	0.02659	0.02939	0.25215	0.05739	0.01063	0.05458	0.00585	0.00781
25	0.06971	0.18791	0.20266	0.12613	0.14481	0.01825	0.01803	0.02034	0.01507	0.02133	0.01716	0.06544	0.04774	0.00835	0.00657	0.00217	0.00839	0.00680	0.00373	0.00940
26	0.01595	0.02375	0.25097	0.10118	0.10561	0.08572	0.05734	0.02323	0.09530	0.02303	0.05833	0.02572	0.06329	0.00894	0.00742	0.00233	0.00908	0.02874	0.00441	0.00966
27	0.01851	0.01733	0.08876	0.04028	0.08975	0.08581	0.07783	0.05538	0.01755	0.12789	0.06989	0.07173	0.04437	0.01572	0.09329	0.02432	0.03878	0.00841	0.00523	0.00916

[dist]
# distance from previous block
# <min> <max>
1	166

[block]
# block no. 5 follows, 28 sequences, length 73
# corresponding to MSA columns:
# 513-585
name=unknown_F
#
# <colnr> <probs for GDERKNQSTAVLIFYWHMCP>
#	G	D	E	R	K	N	Q	S	T	A	V	L	I	F	Y	W	H	M	C	P
0	0.01987	0.08537	0.19308	0.02039	0.12969	0.04136	0.03777	0.02564	0.06535	0.16695	0.02060	0.02280	0.04013	0.00823	0.00698	0.00215	0.00813	0.02955	0.00513	0.07083
1	0.11533	0.07036	0.19692	0.07866	0.10558	0.01566	0.01666	0.04705	0.01709	0.17350	0.04686	0.01919	0.01415	0.00762	0.00663	0.00216	0.00789	0.00608	0.00505	0.04754
2	0.01907	0.05522	0.10750	0.04235	0.16253	0.15768	0.07915	0.07933	0.04803	0.02357	0.01679	0.01951	0.03921	0.01047	0.05133	0.00267	0.01020	0.00643	0.00422	0.06473
3	0.01675	0.16377	0.06963	0.01351	0.01809	0.12022	0.01165	0.02004	0.03929	0.02005	0.01701	0.12495	0.01679	0.04256	0.00889	0.00213	0.05766	0.00738	0.00430	0.22536
4	0.01558	0.01358	0.01665	0.01562	0.10001	0.03547	0.01077	0.05308	0.01588	0.02343	0.01504	0.03874	0.01317	0.01417	0.12007	0.00305	0.00842	0.00574	0.00436	0.47717
5	0.00953	0.00664	0.00836	0.00947	0.00979	0.00637	0.00610	0.01043	0.01286	0.01713	0.03414	0.48268	0.04048	0.26970	0.01879	0.00437	0.00526	0.03656	0.00594	0.00542
6	0.01689	0.03182	0.52138	0.01962	0.02906	0.01662	0.05206	0.07112	0.04189	0.06633	0.01499	0.01668	0.01062	0.00715	0.00696	0.00223	0.00985	0.00576	0.00399	0.05498
7	0.00862	0.00725	0.00748	0.00768	0.00990	0.00611	0.00566	0.01040	0.01627	0.01951	0.06984	0.14574	0.62291	0.01890	0.00867	0.00251	0.00374	0.01594	0.00675	0.00611
8	0.01040	0.00773	0.01136	0.01136	0.01255	0.00891	0.00869	0.01278	0.01159	0.01664	0.01976	0.03017	0.01887	0.11311	0.65810	0.01129	0.01842	0.00802	0.00394	0.00631
9	0.00885	0.00637	0.00839	0.01002	0.01052	0.00591	0.00670	0.01013	0.01402	0.01860	0.04135	0.71405	0.07298	0.02261	0.00925	0.00293	0.00420	0.02046	0.00675	0.00591
10	0.01799	0.01727	0.02950	0.04462	0.69919	0.01727	0.02231	0.02231	0.01655	0.02375	0.01367	0.01799	0.01151	0.00648	0.00720	0.00216	0.00864	0.00648	0.00360	0.01151
11	0.01943	0.74891	0.03809	0.01244	0.01866	0.02876	0.01244	0.02177	0.01477	0.01710	0.01011	0.01166	0.00933	0.00622	0.00466	0.00155	0.00777	0.00389	0.00311	0.00933
12	0.01057	0.00705	0.00793	0.00793	0.00793	0.00705	0.00440	0.01057	0.01057	0.01409	0.02290	0.04757	0.02643	0.74454	0.03700	0.00705	0.00705	0.01057	0.00440	0.00440
13	0.01052	0.00725	0.00898	0.00898	0.00934	0.00762	0.00571	0.01124	0.01088	0.01487	0.02195	0.04227	0.02412	0.55205	0.22634	0.00834	0.01051	0.00979	0.00426	0.00499
14	0.01804	0.23927	0.36039	0.01703	0.02541	0.02071	0.01943	0.12329	0.01808	0.02488	0.01287	0.01459	0.00984	0.00689	0.00621	0.00198	0.00910	0.00505	0.00382	0.06313
15	0.00893	0.00733	0.00786	0.00783	0.01005	0.00626	0.00583	0.01105	0.01722	0.02141	0.19150	0.09713	0.54653	0.01792	0.00862	0.00244	0.00366	0.01516	0.00699	0.00626
16	0.01934	0.12710	0.01913	0.01320	0.01696	0.01777	0.01052	0.22821	0.17735	0.02821	0.01950	0.02454	0.01663	0.13582	0.01462	0.10201	0.00706	0.00719	0.00566	0.00918
17	0.01742	0.26597	0.14157	0.02208	0.02897	0.02194	0.29887	0.02226	0.01559	0.02070	0.01249	0.01599	0.01006	0.00682	0.00827	0.00219	0.06950	0.00634	0.00335	0.00964
18	0.00909	0.00716	0.00821	0.00842	0.01025	0.00628	0.00614	0.01122	0.01705	0.02189	0.22891	0.20996	0.39276	0.01842	0.00873	0.00252	0.00373	0.01591	0.00708	0.00628
19	0.01801	0.01420	0.04020	0.04001	0.16311	0.01275	0.01299	0.06901	0.06549	0.11327	0.02115	0.13810	0.01890	0.00963	0.00705	0.00203	0.00650	0.00841	0.00554	0.23367
20	0.02149	0.02051	0.17245	0.01724	0.02182	0.04846	0.01637	0.06155	0.01666	0.22179	0.01680	0.01877	0.01240	0.01132	0.03741	0.00289	0.26043	0.00640	0.00514	0.01009
21	0.00866	0.00709	0.00765	0.00810	0.01001	0.00607	0.00585	0.01035	0.01586	0.01935	0.06466	0.24909	0.52290	0.01958	0.00877	0.00259	0.00383	0.01676	0.00675	0.00607
22	0.01401	0.06682	0.08733	0.08010	0.05288	0.06787	0.10396	0.01733	0.01546	0.01981	0.02894	0.21558	0.12313	0.01313	0.00905	0.00250	0.05793	0.01141	0.00478	0.00797
23	0.02125	0.08201	0.02683	0.14501	0.15550	0.29200	0.10268	0.05078	0.01845	0.02083	0.01259	0.01600	0.01016	0.00703	0.00694	0.00208	0.01095	0.00584	0.00371	0.00936
24	0.01341	0.00875	0.01035	0.01010	0.01194	0.00854	0.00742	0.01687	0.08219	0.09225	0.06202	0.07908	0.15896	0.27602	0.01874	0.00424	0.00588	0.12016	0.00625	0.00683
25	0.02465	0.01589	0.01789	0.01429	0.01927	0.01660	0.01177	0.39512	0.02750	0.17645	0.02973	0.03150	0.11839	0.01106	0.00768	0.00232	0.00688	0.05446	0.00751	0.01102
26	0.01607	0.01608	0.02397	0.08541	0.29191	0.08697	0.10542	0.01980	0.01690	0.02237	0.09438	0.14464	0.02369	0.01031	0.00783	0.00234	0.00834	0.00973	0.00462	0.00921
27	0.01605	0.01493	0.02482	0.37390	0.28587	0.01657	0.04410	0.05958	0.01654	0.02231	0.01476	0.05122	0.01230	0.00772	0.00738	0.00234	0.00905	0.00719	0.00379	0.00957
28	0.00884	0.00638	0.00838	0.00998	0.01051	0.00592	0.00669	0.01014	0.01405	0.01861	0.04174	0.70643	0.08037	0.02256	0.00924	0.00293	0.00419	0.02040	0.00675	0.00592
29	0.01507	0.01292	0.01507	0.01077	0.01723	0.00969	0.00861	0.01830	0.01507	0.02369	0.01292	0.01507	0.01077	0.00538	0.00538	0.00108	0.00538	0.00431	0.00431	0.78898
30	0.01590	0.01590	0.02226	0.01908	0.01908	0.02226	0.01590	0.01749	0.01113	0.01749	0.00954	0.01590	0.00954	0.01272	0.02385	0.00318	0.73123	0.00636	0.00318	0.00795
31	0.01385	0.01418	0.10816	0.01202	0.01668	0.01032	0.01069	0.01935	0.09474	0.05771	0.11718	0.14748	0.10305	0.01187	0.00735	0.00209	0.00557	0.01016	0.00590	0.23167
32	0.02682	0.01996	0.02136	0.01656	0.02223	0.02216	0.01362	0.62109	0.08936	0.04451	0.01848	0.01827	0.01319	0.00882	0.00728	0.00221	0.00781	0.00669	0.00728	0.01229
33	0.01943	0.74891	0.03809	0.01244	0.01866	0.02876	0.01244	0.02177	0.01477	0.01710	0.01011	0.01166	0.00933	0.00622	0.00466	0.00155	0.00777	0.00389	0.00311	0.00933
34	0.79588	0.01406	0.01068	0.00956	0.01406	0.01631	0.00787	0.02137	0.01237	0.03261	0.01012	0.01181	0.00787	0.00675	0.00450	0.00225	0.00562	0.00394	0.00450	0.00787
35	0.00867	0.00706	0.00767	0.00816	0.01003	0.00607	0.00588	0.01034	0.01580	0.01932	0.06391	0.26395	0.50852	0.01967	0.00879	0.00260	0.00384	0.01688	0.00675	0.00607
36	0.00859	0.00736	0.00736	0.00736	0.00982	0.00614	0.00552	0.01043	0.01657	0.01964	0.07364	0.06996	0.69624	0.01841	0.00859	0.00245	0.00368	0.01534	0.00675	0.00614
37	0.01057	0.00705	0.00793	0.00793	0.00793	0.00705	0.00440	0.01057	0.01057	0.01409	0.02290	0.04757	0.02643	0.74454	0.03700	0.00705	0.00705	0.01057	0.00440	0.00440
38	0.01808	0.01561	0.01644	0.01479	0.01890	0.01808	0.01151	0.03863	0.68606	0.03041	0.02959	0.02712	0.02219	0.00986	0.00740	0.00247	0.00575	0.00822	0.00740	0.01151
39	0.01507	0.01292	0.01507	0.01077	0.01723	0.00969	0.00861	0.01830	0.01507	0.02369	0.01292	0.01507	0.01077	0.00538	0.00538	0.00108	0.00538	0.00431	0.00431	0.78898
40	0.00991	0.00714	0.00938	0.00940	0.01078	0.00661	0.00683	0.01278	0.01884	0.02639	0.52446	0.23307	0.06324	0.01692	0.00876	0.00246	0.00363	0.01511	0.00767	0.00661
41	0.02236	0.02419	0.02105	0.11434	0.09353	0.35318	0.01535	0.04553	0.04527	0.05863	0.01385	0.01686	0.01118	0.01048	0.04399	0.00266	0.08858	0.00578	0.00416	0.00901
42	0.01164	0.00880	0.01184	0.01162	0.01335	0.00900	0.03777	0.04748	0.07076	0.02240	0.09315	0.35794	0.05648	0.02389	0.13052	0.00419	0.00738	0.01436	0.06028	0.00712
43	0.01576	0.01366	0.01706	0.01224	0.01872	0.01079	0.04916	0.04781	0.01605	0.02465	0.01323	0.01545	0.01085	0.00558	0.00566	0.00121	0.00592	0.00467	0.00440	0.70714
44	0.01038	0.00779	0.01168	0.01168	0.01298	0.00909	0.00909	0.01298	0.01168	0.01687	0.01947	0.02856	0.01817	0.05452	0.71573	0.01168	0.01947	0.00779	0.00389	0.00649
45	0.01453	0.01093	0.01335	0.08332	0.01789	0.01153	0.00999	0.06309	0.17556	0.06440	0.21986	0.11052	0.11996	0.01365	0.00815	0.00247	0.00530	0.03991	0.00705	0.00854
46	0.01725	0.01395	0.01571	0.01247	0.01796	0.01304	0.00987	0.02725	0.27872	0.06483	0.02035	0.02035	0.01566	0.00735	0.00628	0.00169	0.00557	0.00601	0.00578	0.43993
47	0.79588	0.01406	0.01068	0.00956	0.01406	0.01631	0.00787	0.02137	0.01237	0.03261	0.01012	0.01181	0.00787	0.00675	0.00450	0.00225	0.00562	0.00394	0.00450	0.00787
48	0.02010	0.01985	0.01736	0.01567	0.01970	0.17313	0.01207	0.03649	0.53808	0.02760	0.02551	0.02400	0.01934	0.00933	0.00721	0.00233	0.00739	0.00743	0.00658	0.01082
49	0.01304	0.00682	0.00697	0.00697	0.00838	0.00682	0.00496	0.01584	0.01444	0.02486	0.02357	0.03063	0.01998	0.13548	0.01059	0.00262	0.00402	0.00743	0.65021	0.00637
50	0.01482	0.01345	0.01875	0.20665	0.15562	0.03893	0.01425	0.01894	0.04169	0.02061	0.01548	0.02209	0.01351	0.08657	0.09616	0.00362	0.00933	0.00652	0.00395	0.19908
51	0.01816	0.05668	0.10157	0.02949	0.19968	0.01853	0.29295	0.09627	0.04162	0.02569	0.01568	0.04145	0.01261	0.00725	0.00770	0.00230	0.01001	0.00764	0.00420	0.01053
52	0.00886	0.00633	0.00843	0.01012	0.01054	0.00590	0.00675	0.01012	0.01392	0.01856	0.04006	0.73979	0.04808	0.02277	0.00928	0.00295	0.00422	0.02066	0.00675	0.00590
53	0.00902	0.00644	0.00862	0.01031	0.01080	0.00604	0.00703	0.01040	0.01408	0.01874	0.03997	0.70257	0.04772	0.02262	0.00932	0.00297	0.00436	0.05629	0.00674	0.00595
54	0.01799	0.01727	0.02950	0.04462	0.69919	0.01727	0.02231	0.02231	0.01655	0.02375	0.01367	0.01799	0.01151	0.00648	0.00720	0.00216	0.00864	0.00648	0.00360	0.01151
55	0.01263	0.00631	0.00947	0.00947	0.00947	0.00631	0.00631	0.00947	0.00947	0.01263	0.01263	0.02210	0.01263	0.02525	0.02841	0.78851	0.00631	0.00631	0.00316	0.00316
56	0.01799	0.01727	0.02950	0.04462	0.69919	0.01727	0.02231	0.02231	0.01655	0.02375	0.01367	0.01799	0.01151	0.00648	0.00720	0.00216	0.00864	0.00648	0.00360	0.01151
57	0.01507	0.01292	0.01507	0.01077	0.01723	0.00969	0.00861	0.01830	0.01507	0.02369	0.01292	0.01507	0.01077	0.00538	0.00538	0.00108	0.00538	0.00431	0.00431	0.78898
58	0.01369	0.01145	0.01360	0.01062	0.01574	0.00885	0.00820	0.01648	0.01482	0.02255	0.01896	0.17623	0.01906	0.00925	0.00625	0.00149	0.00512	0.00794	0.00485	0.61484
59	0.01818	0.02109	0.06060	0.06820	0.02269	0.17566	0.01641	0.02045	0.01371	0.01795	0.01035	0.01549	0.00949	0.01085	0.01790	0.00279	0.48073	0.00594	0.00330	0.00822
60	0.00886	0.00633	0.00843	0.01012	0.01054	0.00590	0.00675	0.01012	0.01392	0.01856	0.04006	0.73979	0.04808	0.02277	0.00928	0.00295	0.00422	0.02066	0.00675	0.00590
61	0.02715	0.03464	0.02060	0.01873	0.02247	0.71536	0.01404	0.02903	0.02060	0.01779	0.01124	0.01311	0.00936	0.00749	0.00655	0.00187	0.01311	0.00468	0.00375	0.00843
62	0.01808	0.01561	0.01644	0.01479	0.01890	0.01808	0.01151	0.03863	0.68606	0.03041	0.02959	0.02712	0.02219	0.00986	0.00740	0.00247	0.00575	0.00822	0.00740	0.01151
63	0.01449	0.00832	0.01102	0.00993	0.01232	0.00754	0.00759	0.01768	0.02024	0.15817	0.53027	0.08741	0.05771	0.01418	0.00837	0.00232	0.00400	0.01245	0.00812	0.00786
64	0.01916	0.71378	0.03731	0.04655	0.02016	0.02816	0.01281	0.02161	0.01476	0.01717	0.01024	0.01203	0.00935	0.00627	0.00479	0.00160	0.00787	0.00401	0.00312	0.00927
65	0.01057	0.00705	0.00793	0.00793	0.00793	0.00705	0.00440	0.01057	0.01057	0.01409	0.02290	0.04757	0.02643	0.74454	0.03700	0.00705	0.00705	0.01057	0.00440	0.00440
66	0.22190	0.01725	0.01825	0.01601	0.06634	0.05072	0.01214	0.27507	0.02348	0.20329	0.01784	0.01767	0.01243	0.00808	0.00654	0.00220	0.00724	0.00598	0.00658	0.01099
67	0.02015	0.01197	0.01343	0.01129	0.01512	0.04370	0.00895	0.10393	0.02120	0.25074	0.17590	0.04250	0.22510	0.01284	0.00790	0.00229	0.00545	0.01062	0.00767	0.00924
68	0.01722	0.29968	0.23834	0.01485	0.02149	0.01962	0.01603	0.06615	0.01663	0.04914	0.01961	0.02528	0.06053	0.04394	0.00791	0.00233	0.00824	0.05936	0.00423	0.00943
69	0.01541	0.01036	0.01201	0.01086	0.01360	0.01041	0.00807	0.02241	0.19742	0.11793	0.16432	0.08091	0.10978	0.15335	0.01348	0.00326	0.00527	0.01091	0.00695	0.03331
70	0.00991	0.00773	0.01007	0.01035	0.01148	0.00790	0.00759	0.01195	0.01545	0.02095	0.19405	0.32654	0.15824	0.02272	0.08589	0.00367	0.06731	0.01540	0.00643	0.00640
71	0.01484	0.01067	0.01483	0.01479	0.06217	0.01190	0.01077	0.09699	0.01578	0.06864	0.05134	0.02745	0.01925	0.06248	0.43870	0.00817	0.05065	0.00779	0.00482	0.00798
72	0.01796	0.48448	0.16274	0.04822	0.02227	0.02394	0.01526	0.05801	0.01591	0.02003	0.01330	0.06357	0.01218	0.00769	0.00569	0.00187	0.00820	0.00561	0.00360	0.00947

[dist]
# distance from previous block
# <min> <max>
0	4

[block]
# block no. 6 follows, 28 sequences, length 7
# corresponding to MSA columns:
# 596-602
name=unknown_G
#
# <colnr> <probs for GDERKNQSTAVLIFYWHMCP>
#	G	D	E	R	K	N	Q	S	T	A	V	L	I	F	Y	W	H	M	C	P
0	0.07677	0.08918	0.20588	0.01763	0.02437	0.05137	0.07911	0.21881	0.02138	0.06959	0.01677	0.06658	0.01347	0.00856	0.00697	0.00223	0.00882	0.00694	0.00513	0.01046
1	0.03566	0.06201	0.06826	0.07607	0.07525	0.14956	0.05504	0.02278	0.06312	0.05194	0.01780	0.02099	0.03470	0.01333	0.08391	0.00322	0.07269	0.00658	0.07826	0.00884
2	0.20046	0.14091	0.08758	0.05650	0.10677	0.16958	0.01505	0.05236	0.01634	0.02364	0.01152	0.01413	0.00943	0.00735	0.00720	0.00212	0.06108	0.00497	0.00382	0.00918
3	0.01581	0.01205	0.01412	0.08468	0.01825	0.01266	0.00994	0.18755	0.06612	0.02851	0.12992	0.09449	0.11477	0.08220	0.01044	0.00272	0.00597	0.01025	0.04765	0.05191
4	0.01517	0.01333	0.01736	0.11217	0.08641	0.01129	0.01150	0.01872	0.01514	0.02299	0.01299	0.01594	0.01069	0.00575	0.00581	0.00136	0.00628	0.00481	0.00409	0.60819
5	0.01319	0.01494	0.08356	0.28905	0.03035	0.05562	0.06035	0.01741	0.01669	0.02142	0.14990	0.03536	0.16120	0.01084	0.00779	0.00236	0.00781	0.00943	0.00487	0.00785
6	0.01275	0.00931	0.01339	0.05927	0.11921	0.00933	0.01008	0.01489	0.01428	0.06793	0.03147	0.23330	0.10523	0.14000	0.12170	0.00470	0.00812	0.01241	0.00539	0.00724

[dist]
# distance from previous block
# <min> <max>
0	1

[block]
# block no. 7 follows, 28 sequences, length 33
# corresponding to MSA columns:
# 604-607,623-632,638-656
name=unknown_H
#
# <colnr> <probs for GDERKNQSTAVLIFYWHMCP>
#	G	D	E	R	K	N	Q	S	T	A	V	L	I	F	Y	W	H	M	C	P
0	0.01409	0.00797	0.01015	0.00961	0.01120	0.00742	0.00670	0.01584	0.01598	0.14257	0.22406	0.18107	0.04150	0.25834	0.01795	0.00400	0.00528	0.01272	0.00674	0.00684
1	0.01550	0.02692	0.34968	0.02635	0.12192	0.01673	0.23948	0.02219	0.01619	0.02299	0.01763	0.02068	0.05488	0.00734	0.00761	0.00234	0.01050	0.00723	0.00358	0.01023
2	0.00886	0.00633	0.00843	0.01012	0.01054	0.00590	0.00675	0.01012	0.01392	0.01856	0.04006	0.73979	0.04808	0.02277	0.00928	0.00295	0.00422	0.02066	0.00675	0.00590
3	0.00998	0.00688	0.00891	0.00964	0.01023	0.00699	0.00651	0.01133	0.01257	0.01749	0.02959	0.34059	0.03341	0.23038	0.17527	0.00597	0.00838	0.01405	0.05615	0.00567
4	0.01222	0.00795	0.00979	0.00902	0.01139	0.00706	0.00687	0.01510	0.01939	0.10007	0.43452	0.05580	0.25282	0.01529	0.00844	0.00233	0.00381	0.01317	0.00773	0.00724
5	0.36767	0.01515	0.01511	0.01259	0.01743	0.01655	0.01042	0.20751	0.03965	0.15025	0.01806	0.02136	0.01385	0.00879	0.00626	0.00232	0.00647	0.05434	0.00630	0.00992
6	0.01425	0.14835	0.01714	0.01259	0.04898	0.01361	0.00980	0.10335	0.01857	0.02374	0.09869	0.06689	0.25497	0.01656	0.05384	0.00293	0.00660	0.07526	0.00590	0.00798
7	0.01671	0.05247	0.02288	0.38021	0.14663	0.05036	0.01787	0.09089	0.01688	0.02197	0.01385	0.01977	0.01132	0.04548	0.02966	0.00281	0.04096	0.00650	0.00383	0.00896
8	0.79588	0.01406	0.01068	0.00956	0.01406	0.01631	0.00787	0.02137	0.01237	0.03261	0.01012	0.01181	0.00787	0.00675	0.00450	0.00225	0.00562	0.00394	0.00450	0.00787
9	0.01276	0.00914	0.01088	0.01007	0.01226	0.00909	0.00747	0.01873	0.14198	0.06078	0.39603	0.04818	0.10435	0.11196	0.01211	0.00297	0.00451	0.01178	0.00735	0.00761
10	0.01386	0.01292	0.02112	0.65462	0.04674	0.01550	0.01902	0.01855	0.01459	0.01909	0.01292	0.01894	0.00980	0.00708	0.00708	0.00229	0.00925	0.00624	0.00334	0.08706
11	0.01890	0.01222	0.01606	0.10883	0.02074	0.01323	0.01161	0.05763	0.12850	0.19179	0.22881	0.03222	0.03195	0.01107	0.00938	0.00241	0.07917	0.00900	0.00698	0.00951
12	0.02069	0.11247	0.01833	0.01249	0.01618	0.01641	0.00981	0.27534	0.02143	0.09675	0.01963	0.02862	0.01776	0.28217	0.01798	0.00391	0.00743	0.00776	0.00582	0.00899
