[name]
unknown

[dist]
# distance from previous block
# <min> <max>
0	93

[block]
# block no. 0 follows, 34 sequences, length 36
# corresponding to MSA columns:
# 109-144
name=unknown_A
#
# <colnr> <probs for GDERKNQSTAVLIFYWHMCP>
#	G	D	E	R	K	N	Q	S	T	A	V	L	I	F	Y	W	H	M	C	P
0	0.04493	0.01064	0.01249	0.00974	0.01454	0.00849	0.00785	0.01562	0.01365	0.02121	0.04406	0.04634	0.01604	0.00729	0.00549	0.00135	0.00483	0.08955	0.00430	0.62158
1	0.01572	0.23278	0.35452	0.01498	0.02223	0.01662	0.04468	0.02056	0.01391	0.08854	0.01246	0.01405	0.00942	0.00734	0.02906	0.00203	0.00828	0.00467	0.00340	0.08474
2	0.56370	0.13040	0.08221	0.01009	0.01477	0.01615	0.00938	0.04659	0.01239	0.02617	0.01034	0.03502	0.00860	0.00646	0.00446	0.00193	0.00576	0.00418	0.00385	0.00754
3	0.00990	0.00743	0.00929	0.00882	0.01052	0.00727	0.00660	0.01469	0.10521	0.02529	0.58589	0.10331	0.05437	0.01322	0.00754	0.00210	0.00336	0.01168	0.00696	0.00654
4	0.01660	0.01821	0.12014	0.01898	0.10851	0.04512	0.09064	0.08794	0.36976	0.02544	0.01947	0.01967	0.01464	0.00749	0.00657	0.00209	0.00712	0.00654	0.00512	0.00993
5	0.00898	0.00660	0.00841	0.00796	0.00955	0.00603	0.00597	0.01188	0.01791	0.02501	0.65819	0.04975	0.13255	0.01355	0.00762	0.00205	0.00307	0.01189	0.00699	0.00603
6	0.02192	0.11273	0.07490	0.01644	0.09352	0.01751	0.01307	0.30868	0.08740	0.16402	0.01693	0.01680	0.01212	0.00729	0.00616	0.00191	0.00684	0.00570	0.00568	0.01039
7	0.00921	0.00671	0.00815	0.00772	0.00955	0.00599	0.00581	0.01179	0.01716	0.04255	0.49942	0.05197	0.27208	0.01407	0.00760	0.00208	0.00319	0.01216	0.00678	0.00603
8	0.01808	0.01712	0.02253	0.14040	0.38813	0.12518	0.01697	0.09269	0.01662	0.05542	0.01258	0.01570	0.00999	0.00651	0.00685	0.00195	0.03464	0.00555	0.00372	0.00936
9	0.02485	0.01889	0.01895	0.01480	0.01977	0.09504	0.01209	0.58895	0.02823	0.09006	0.01568	0.01559	0.01108	0.00766	0.00640	0.00191	0.00746	0.00570	0.00625	0.01062
10	0.01220	0.01148	0.01938	0.75739	0.04450	0.01436	0.01794	0.01651	0.01292	0.01651	0.01148	0.01723	0.00861	0.00646	0.00646	0.00215	0.00861	0.00574	0.00287	0.00718
11	0.01413	0.01646	0.12996	0.06286	0.32213	0.03900	0.01604	0.02002	0.10291	0.02173	0.11331	0.02467	0.05750	0.00811	0.00665	0.00203	0.00693	0.02234	0.00427	0.00896
12	0.00903	0.00660	0.00848	0.00801	0.00958	0.00605	0.00601	0.01197	0.01802	0.02527	0.67920	0.04931	0.11137	0.01345	0.00762	0.00204	0.00307	0.01183	0.00703	0.00605
13	0.01607	0.01399	0.01549	0.01515	0.07073	0.01602	0.01095	0.03324	0.66774	0.02658	0.02523	0.02350	0.01901	0.00854	0.00656	0.00217	0.00531	0.00719	0.00632	0.01023
14	0.00914	0.00660	0.00864	0.00813	0.00965	0.00610	0.00610	0.01219	0.01829	0.02591	0.72921	0.04827	0.06097	0.01321	0.00762	0.00203	0.00305	0.01169	0.00711	0.00610
15	0.07707	0.01503	0.02195	0.02852	0.42652	0.01583	0.03748	0.07309	0.19196	0.02458	0.01572	0.01762	0.01240	0.00666	0.00630	0.00200	0.00689	0.00604	0.00434	0.01000
16	0.81856	0.01250	0.00950	0.00850	0.01250	0.01449	0.00700	0.01899	0.01100	0.02899	0.00900	0.01050	0.00700	0.00600	0.00400	0.00200	0.00500	0.00350	0.00400	0.00700
17	0.01559	0.01476	0.02426	0.03504	0.62240	0.01432	0.01796	0.01928	0.01451	0.02110	0.01205	0.01559	0.01013	0.00561	0.00615	0.00177	0.00723	0.00546	0.00330	0.13350
18	0.01050	0.00861	0.01242	0.10767	0.01573	0.01051	0.00946	0.01239	0.01040	0.01473	0.01572	0.02621	0.01551	0.20095	0.36345	0.00707	0.14241	0.00711	0.00338	0.00576
19	0.81856	0.01250	0.00950	0.00850	0.01250	0.01449	0.00700	0.01899	0.01100	0.02899	0.00900	0.01050	0.00700	0.00600	0.00400	0.00200	0.00500	0.00350	0.00400	0.00700
20	0.01490	0.08264	0.35816	0.01681	0.02369	0.01646	0.08122	0.04716	0.24728	0.02289	0.01650	0.01724	0.01223	0.00695	0.00628	0.00205	0.00793	0.00580	0.00417	0.00964
21	0.00843	0.00593	0.00733	0.00819	0.00911	0.00547	0.00568	0.01007	0.01360	0.01861	0.12510	0.48941	0.15128	0.01743	0.00768	0.00236	0.00351	0.01550	0.08983	0.00547
22	0.01612	0.01410	0.01815	0.05019	0.23161	0.01539	0.01321	0.09618	0.35843	0.02551	0.02334	0.02340	0.06907	0.00825	0.00659	0.00208	0.00608	0.00711	0.00536	0.00983
23	0.01247	0.01176	0.01986	0.70687	0.09294	0.01443	0.01808	0.01674	0.01305	0.01683	0.01153	0.01714	0.00873	0.00641	0.00646	0.00214	0.00855	0.00574	0.00289	0.00739
24	0.02172	0.09977	0.10816	0.01443	0.01985	0.06502	0.01303	0.34924	0.11357	0.10653	0.01644	0.01629	0.01185	0.00741	0.00616	0.00191	0.00725	0.00560	0.00559	0.01020
25	0.00940	0.00626	0.00705	0.00705	0.00705	0.00626	0.00392	0.00940	0.00940	0.01253	0.02036	0.04228	0.02349	0.77292	0.03289	0.00626	0.00626	0.00940	0.00392	0.00392
26	0.01611	0.01575	0.01990	0.40532	0.14059	0.12105	0.01624	0.09323	0.07067	0.02048	0.01294	0.01659	0.00993	0.00670	0.00637	0.00203	0.00848	0.00565	0.00365	0.00833
27	0.01414	0.01414	0.01979	0.01696	0.01696	0.01979	0.01414	0.01555	0.00990	0.01555	0.00848	0.01414	0.00848	0.01131	0.02120	0.00283	0.76110	0.00565	0.00283	0.00707
28	0.00809	0.00587	0.00763	0.00865	0.00937	0.00542	0.00593	0.00960	0.01362	0.01828	0.16393	0.58453	0.09782	0.01867	0.00809	0.00248	0.00359	0.01680	0.00620	0.00542
29	0.01282	0.01087	0.01278	0.00951	0.01469	0.00826	0.00748	0.01551	0.01329	0.02058	0.01400	0.09214	0.01303	0.00640	0.00515	0.00113	0.00468	0.00534	0.00405	0.72827
30	0.00875	0.00630	0.00754	0.00770	0.00912	0.00572	0.00559	0.01096	0.01546	0.02126	0.31597	0.21953	0.22908	0.01511	0.00745	0.00216	0.00327	0.01319	0.09013	0.00572
31	0.01482	0.45015	0.22770	0.01267	0.01871	0.01962	0.01389	0.01856	0.01407	0.01832	0.12038	0.01711	0.01636	0.00688	0.00524	0.00167	0.00706	0.00509	0.00342	0.00831
32	0.00905	0.00649	0.00774	0.00821	0.00976	0.00577	0.00604	0.01074	0.01428	0.05192	0.09259	0.31936	0.34579	0.01731	0.00791	0.00239	0.00375	0.06899	0.00616	0.00572
33	0.01481	0.01342	0.02220	0.23276	0.11629	0.01514	0.14119	0.05678	0.04755	0.04969	0.01366	0.01875	0.01113	0.04770	0.05060	0.00287	0.12728	0.00643	0.00365	0.00810
34	0.01045	0.00835	0.01130	0.01323	0.08825	0.00857	0.00874	0.01456	0.10511	0.02001	0.13602	0.39034	0.03733	0.01561	0.00826	0.00244	0.03097	0.07796	0.00583	0.00668
35	0.01831	0.04707	0.08586	0.01308	0.01727	0.09546	0.01126	0.18829	0.20249	0.06540	0.01982	0.07510	0.01595	0.00858	0.00619	0.00196	0.00647	0.00684	0.10548	0.00911

[dist]
# distance from previous block
# <min> <max>
0	2

[block]
# block no. 1 follows, 34 sequences, length 77
# corresponding to MSA columns:
# 147-223
name=unknown_B
#
# <colnr> <probs for GDERKNQSTAVLIFYWHMCP>
#	G	D	E	R	K	N	Q	S	T	A	V	L	I	F	Y	W	H	M	C	P
0	0.29448	0.05786	0.07240	0.05451	0.17505	0.09525	0.03345	0.02147	0.01404	0.10802	0.01220	0.01396	0.00925	0.00625	0.00542	0.00193	0.00717	0.00475	0.00399	0.00856
1	0.16299	0.01649	0.02208	0.05145	0.50067	0.09887	0.01660	0.02027	0.01440	0.02181	0.01131	0.01453	0.00938	0.00592	0.00590	0.00191	0.00767	0.00516	0.00335	0.00925
2	0.01498	0.01442	0.05583	0.15726	0.09116	0.05301	0.01331	0.11787	0.10822	0.02254	0.08654	0.02171	0.01701	0.03417	0.09121	0.00316	0.07834	0.00664	0.00443	0.00819
3	0.00848	0.00636	0.00787	0.00796	0.00936	0.00574	0.00579	0.01074	0.01603	0.02165	0.40569	0.22279	0.21660	0.01563	0.00777	0.00221	0.00327	0.01374	0.00658	0.00574
4	0.01252	0.01134	0.01806	0.15390	0.33632	0.01157	0.01412	0.01596	0.01529	0.02102	0.19809	0.03030	0.11659	0.00913	0.00688	0.00202	0.00611	0.00826	0.00448	0.00804
5	0.00927	0.00667	0.00822	0.00787	0.00960	0.00599	0.00588	0.01184	0.01706	0.04420	0.49965	0.08973	0.23162	0.01425	0.00763	0.00210	0.00322	0.01240	0.00679	0.00603
6	0.01786	0.01873	0.19153	0.06079	0.07982	0.09076	0.01455	0.08701	0.01745	0.16179	0.11297	0.02523	0.01969	0.00862	0.00668	0.00206	0.00737	0.06311	0.00508	0.00890
7	0.01084	0.00861	0.01241	0.01222	0.01423	0.00862	0.06706	0.01551	0.09913	0.02069	0.12169	0.17350	0.05469	0.01550	0.00822	0.00262	0.00546	0.33646	0.00596	0.00658
8	0.01122	0.00561	0.00842	0.00842	0.00842	0.00561	0.00561	0.00842	0.00842	0.01122	0.01122	0.01964	0.01122	0.02245	0.02525	0.81201	0.00561	0.00561	0.00281	0.00281
9	0.01126	0.00980	0.01151	0.01049	0.01161	0.08260	0.07101	0.01232	0.01128	0.01433	0.01991	0.11252	0.02189	0.46044	0.10689	0.00550	0.00824	0.00937	0.00397	0.00508
10	0.61632	0.01245	0.01111	0.00943	0.01369	0.01372	0.00777	0.05475	0.01348	0.17681	0.01274	0.01313	0.00906	0.00650	0.00464	0.00200	0.00520	0.00423	0.00495	0.00802
11	0.01665	0.07115	0.01721	0.05127	0.06780	0.01606	0.01118	0.15715	0.35733	0.02766	0.11579	0.02378	0.02154	0.00860	0.00649	0.00204	0.00570	0.00714	0.00592	0.00952
12	0.01533	0.01424	0.01900	0.15931	0.22427	0.06813	0.03200	0.05221	0.04847	0.02125	0.01317	0.01618	0.01053	0.00606	0.00585	0.00168	0.00700	0.00527	0.06008	0.21998
13	0.01793	0.11737	0.02100	0.18564	0.10051	0.01779	0.01366	0.24206	0.13443	0.02650	0.01493	0.01656	0.01136	0.00697	0.00608	0.00191	0.00705	0.00562	0.00469	0.04794
14	0.05253	0.19133	0.02406	0.13797	0.14040	0.01696	0.08828	0.01767	0.01334	0.01833	0.01428	0.02355	0.01337	0.00842	0.00820	0.00215	0.10423	0.11358	0.00348	0.00789
15	0.01159	0.00881	0.01326	0.01295	0.06748	0.00797	0.09717	0.01382	0.01450	0.09473	0.04159	0.25840	0.30313	0.01442	0.00760	0.00227	0.00496	0.01291	0.00565	0.00676
16	0.02792	0.01272	0.01606	0.01231	0.01735	0.01205	0.01017	0.19640	0.02138	0.56811	0.02307	0.02042	0.01478	0.00794	0.00649	0.00198	0.00589	0.00633	0.00763	0.01099
17	0.01879	0.00990	0.01129	0.00952	0.01264	0.00998	0.00751	0.12853	0.07611	0.21973	0.02181	0.02306	0.01614	0.04408	0.00687	0.00199	0.00465	0.00639	0.36262	0.00839
18	0.00781	0.00633	0.00693	0.00724	0.00895	0.00545	0.00526	0.00943	0.01444	0.01786	0.10839	0.22813	0.51716	0.01704	0.00778	0.00228	0.00337	0.01461	0.00608	0.00545
19	0.01501	0.01602	0.01913	0.58326	0.03874	0.18658	0.01666	0.01869	0.01419	0.01635	0.01113	0.01592	0.00855	0.00651	0.00631	0.00204	0.00933	0.00537	0.00298	0.00725
20	0.01698	0.01433	0.01512	0.01333	0.01715	0.01649	0.01045	0.10662	0.64718	0.02849	0.02515	0.02319	0.01879	0.00866	0.00656	0.00216	0.00533	0.00715	0.00656	0.01031
21	0.00936	0.00638	0.00791	0.00777	0.00908	0.00597	0.00564	0.01189	0.01610	0.02316	0.46378	0.12744	0.08143	0.07057	0.00915	0.00235	0.00338	0.01156	0.12129	0.00579
22	0.01167	0.00628	0.00718	0.00751	0.00890	0.00611	0.00561	0.01418	0.01360	0.05560	0.02601	0.21402	0.02479	0.01158	0.00591	0.00193	0.00356	0.06592	0.50357	0.00606
23	0.02138	0.01652	0.01760	0.01422	0.01882	0.01855	0.01151	0.45713	0.28951	0.03558	0.01956	0.01874	0.01427	0.00814	0.00651	0.00203	0.00636	0.00638	0.00651	0.01070
24	0.01604	0.01373	0.01918	0.01626	0.01690	0.01847	0.01354	0.01759	0.01100	0.10810	0.01066	0.01514	0.00945	0.01088	0.01932	0.00272	0.66418	0.00576	0.00349	0.00757
25	0.00780	0.00636	0.00690	0.00717	0.00893	0.00546	0.00522	0.00944	0.01451	0.01790	0.10935	0.20551	0.53916	0.01692	0.00776	0.00226	0.00335	0.01446	0.00608	0.00546
26	0.01938	0.02055	0.08187	0.02688	0.34872	0.19773	0.01665	0.08014	0.01689	0.07505	0.01268	0.01504	0.01000	0.00661	0.00695	0.00192	0.04433	0.00533	0.00381	0.00946
27	0.02414	0.03079	0.01831	0.01665	0.01998	0.74698	0.01248	0.02580	0.01831	0.01581	0.00999	0.01165	0.00832	0.00666	0.00583	0.00166	0.01165	0.00416	0.00333	0.00749
28	0.01041	0.00744	0.01041	0.01190	0.01339	0.00744	0.01041	0.01339	0.01487	0.01934	0.03421	0.07288	0.03719	0.01785	0.00892	0.00297	0.00595	0.68913	0.00595	0.00595
29	0.00957	0.00665	0.00781	0.00824	0.00935	0.00639	0.00612	0.01114	0.01268	0.01690	0.03495	0.05393	0.19047	0.29442	0.01698	0.00385	0.00513	0.20937	0.09097	0.00509
30	0.01480	0.01278	0.01492	0.01547	0.10337	0.01421	0.01064	0.02857	0.51038	0.02587	0.12978	0.02776	0.04458	0.00927	0.00674	0.00213	0.00507	0.00794	0.00622	0.00948
31	0.81856	0.01250	0.00950	0.00850	0.01250	0.01449	0.00700	0.01899	0.01100	0.02899	0.00900	0.01050	0.00700	0.00600	0.00400	0.00200	0.00500	0.00350	0.00400	0.00700
32	0.00914	0.00660	0.00864	0.00813	0.00965	0.00610	0.00610	0.01219	0.01829	0.02591	0.72921	0.04827	0.06097	0.01321	0.00762	0.00203	0.00305	0.01169	0.00711	0.00610
33	0.01601	0.01365	0.01697	0.01464	0.01841	0.01509	0.08516	0.10855	0.44418	0.02664	0.02497	0.03071	0.02062	0.00984	0.00707	0.00229	0.00611	0.12354	0.00610	0.00942
34	0.01552	0.01487	0.05740	0.07732	0.54652	0.01422	0.01816	0.01933	0.01427	0.05445	0.01328	0.01725	0.01095	0.01049	0.08554	0.00285	0.00875	0.00587	0.00341	0.00958
35	0.01514	0.01485	0.02697	0.03343	0.48600	0.01460	0.17451	0.01923	0.01485	0.02080	0.01508	0.02333	0.01346	0.00718	0.00699	0.00211	0.00819	0.09038	0.00355	0.00936
36	0.00934	0.00648	0.00812	0.00812	0.00849	0.00685	0.00525	0.01008	0.00971	0.01332	0.01938	0.03685	0.02113	0.54008	0.26251	0.00759	0.00981	0.00860	0.00377	0.00451
37	0.01354	0.01951	0.20670	0.05757	0.02956	0.01442	0.41181	0.01886	0.01435	0.01987	0.01566	0.11756	0.01378	0.00766	0.00729	0.00220	0.00949	0.00827	0.00348	0.00838
38	0.00956	0.00726	0.01059	0.01052	0.01179	0.00846	0.00818	0.01263	0.04442	0.01558	0.01774	0.02532	0.01632	0.04656	0.71183	0.00999	0.01672	0.00694	0.00361	0.00598
39	0.01599	0.01535	0.02623	0.03966	0.73262	0.01535	0.01983	0.01983	0.01471	0.02111	0.01215	0.01599	0.01023	0.00576	0.00640	0.00192	0.00768	0.00576	0.00320	0.01023
40	0.01041	0.00744	0.01041	0.01190	0.01339	0.00744	0.01041	0.01339	0.01487	0.01934	0.03421	0.07288	0.03719	0.01785	0.00892	0.00297	0.00595	0.68913	0.00595	0.00595
41	0.01220	0.01148	0.01938	0.75739	0.04450	0.01436	0.01794	0.01651	0.01292	0.01651	0.01148	0.01723	0.00861	0.00646	0.00646	0.00215	0.00861	0.00574	0.00287	0.00718
42	0.00834	0.00582	0.00736	0.00839	0.00865	0.00556	0.00535	0.00912	0.01145	0.01527	0.03090	0.54416	0.03679	0.25290	0.01586	0.00375	0.00453	0.01560	0.00535	0.00484
43	0.00914	0.00660	0.00864	0.00813	0.00965	0.00610	0.00610	0.01219	0.01829	0.02591	0.72921	0.04827	0.06097	0.01321	0.00762	0.00203	0.00305	0.01169	0.00711	0.00610
44	0.01123	0.00987	0.01422	0.01307	0.01375	0.01286	0.01055	0.01318	0.01018	0.01522	0.01371	0.02079	0.01302	0.03330	0.45103	0.00730	0.32080	0.00641	0.00320	0.00630
45	0.02610	0.01449	0.01576	0.01247	0.01707	0.09062	0.01013	0.19785	0.02104	0.43398	0.02103	0.01944	0.01398	0.00776	0.00627	0.00191	0.00637	0.00604	0.06743	0.01025
46	0.01414	0.01414	0.01979	0.01696	0.01696	0.01979	0.01414	0.01555	0.00990	0.01555	0.00848	0.01414	0.00848	0.01131	0.02120	0.00283	0.76110	0.00565	0.00283	0.00707
47	0.00938	0.00631	0.00730	0.00730	0.00739	0.00640	0.00423	0.00956	0.00947	0.01271	0.02013	0.04101	0.02294	0.71836	0.08669	0.00657	0.00710	0.00921	0.00388	0.00405
48	0.01340	0.01148	0.01340	0.00957	0.01531	0.00861	0.00766	0.01627	0.01340	0.02105	0.01148	0.01340	0.00957	0.00479	0.00479	0.00096	0.00479	0.00383	0.00383	0.81242
49	0.00764	0.00655	0.00655	0.00655	0.00873	0.00545	0.00491	0.00927	0.01473	0.01745	0.06546	0.06218	0.73000	0.01636	0.00764	0.00218	0.00327	0.01364	0.00600	0.00545
50	0.02418	0.02944	0.01843	0.01646	0.01998	0.66933	0.01246	0.09900	0.01960	0.01847	0.01058	0.01206	0.00861	0.00678	0.00589	0.00169	0.01117	0.00434	0.00366	0.00786
51	0.01815	0.01320	0.01450	0.01207	0.01568	0.01419	0.00960	0.37012	0.09830	0.05138	0.10501	0.11411	0.07598	0.01062	0.00682	0.00206	0.00550	0.00876	0.04494	0.00901
52	0.02416	0.03019	0.01836	0.01656	0.01998	0.71252	0.01247	0.05829	0.01888	0.01699	0.01025	0.01184	0.00845	0.00671	0.00586	0.00168	0.01144	0.00424	0.00348	0.00766
53	0.00785	0.00655	0.00684	0.00677	0.00886	0.00555	0.00508	0.00969	0.01524	0.01866	0.16034	0.06019	0.63436	0.01591	0.00763	0.00216	0.00324	0.01336	0.00616	0.00555
54	0.01659	0.01246	0.01380	0.01175	0.01501	0.04685	0.02478	0.21442	0.11408	0.08480	0.19634	0.10476	0.09444	0.01117	0.00704	0.00208	0.00534	0.00943	0.00645	0.00840
55	0.05529	0.48945	0.10033	0.01288	0.01827	0.17697	0.01243	0.02111	0.01431	0.03401	0.00986	0.01126	0.00842	0.00591	0.00475	0.00155	0.00806	0.00381	0.00306	0.00826
56	0.11580	0.36316	0.02423	0.01317	0.01756	0.33611	0.01119	0.02210	0.01511	0.01711	0.00942	0.01094	0.00815	0.00607	0.00485	0.00158	0.00873	0.00377	0.00316	0.00779
57	0.71168	0.01496	0.01068	0.00959	0.01350	0.11305	0.00774	0.01991	0.01198	0.02722	0.00913	0.01065	0.00718	0.00609	0.00424	0.00195	0.00589	0.00359	0.00391	0.00706
58	0.03944	0.01640	0.02245	0.02911	0.42899	0.07144	0.01645	0.08845	0.09935	0.02293	0.01351	0.01623	0.01101	0.00697	0.00790	0.00203	0.08802	0.00575	0.00391	0.00967
59	0.01133	0.00855	0.01013	0.00948	0.01151	0.00859	0.00714	0.09784	0.09189	0.02514	0.36870	0.18428	0.11249	0.01377	0.00750	0.00217	0.00391	0.01202	0.00665	0.00689
60	0.00839	0.00658	0.00759	0.00734	0.00919	0.00578	0.00550	0.01073	0.01651	0.02168	0.39722	0.05523	0.39560	0.01479	0.00763	0.00211	0.00316	0.01266	0.00656	0.00578
61	0.01296	0.03342	0.73944	0.01842	0.02797	0.01501	0.02387	0.02046	0.01364	0.02046	0.01160	0.01364	0.00818	0.00614	0.00614	0.00205	0.00955	0.00477	0.00273	0.00955
62	0.00772	0.00655	0.00666	0.00664	0.00878	0.00549	0.00498	0.00944	0.01493	0.01794	0.10329	0.06139	0.69186	0.01618	0.00764	0.00217	0.00326	0.01353	0.00606	0.00549
63	0.01220	0.01148	0.01938	0.75739	0.04450	0.01436	0.01794	0.01651	0.01292	0.01651	0.01148	0.01723	0.00861	0.00646	0.00646	0.00215	0.00861	0.00574	0.00287	0.00718
64	0.02414	0.03079	0.01831	0.01665	0.01998	0.74698	0.01248	0.02580	0.01831	0.01581	0.00999	0.01165	0.00832	0.00666	0.00583	0.00166	0.01165	0.00416	0.00333	0.00749
65	0.00937	0.00635	0.00750	0.00750	0.00765	0.00651	0.00448	0.00968	0.00953	0.01286	0.01995	0.04001	0.02250	0.67545	0.12901	0.00682	0.00775	0.00906	0.00385	0.00416
66	0.00814	0.00582	0.00781	0.00931	0.00980	0.00548	0.00647	0.00947	0.01264	0.01680	0.03546	0.69438	0.04214	0.01999	0.00832	0.00266	0.00398	0.09002	0.00599	0.00532
67	0.81856	0.01250	0.00950	0.00850	0.01250	0.01449	0.00700	0.01899	0.01100	0.02899	0.00900	0.01050	0.00700	0.00600	0.00400	0.00200	0.00500	0.00350	0.00400	0.00700
68	0.01313	0.03222	0.68662	0.01908	0.02840	0.01511	0.07549	0.02048	0.01376	0.02048	0.01171	0.01393	0.00831	0.00609	0.00625	0.00206	0.00965	0.00499	0.00277	0.00949
69	0.01658	0.01671	0.02487	0.09126	0.60467	0.09343	0.01890	0.02022	0.01496	0.02020	0.01187	0.01562	0.00991	0.00591	0.00634	0.00191	0.00817	0.00559	0.00319	0.00971
70	0.01265	0.01194	0.02018	0.67334	0.12509	0.01447	0.01817	0.01690	0.01313	0.01705	0.01156	0.01708	0.00880	0.00638	0.00645	0.00213	0.00850	0.00574	0.00291	0.00754
71	0.01037	0.00790	0.00969	0.00907	0.01095	0.00789	0.00685	0.01612	0.14608	0.02581	0.57889	0.06702	0.05287	0.01263	0.00745	0.00208	0.00345	0.01110	0.00698	0.00682
72	0.01220	0.01148	0.01938	0.75739	0.04450	0.01436	0.01794	0.01651	0.01292	0.01651	0.01148	0.01723	0.00861	0.00646	0.00646	0.00215	0.00861	0.00574	0.00287	0.00718
73	0.01028	0.00777	0.00882	0.00836	0.01019	0.00772	0.00615	0.01527	0.13883	0.02233	0.31361	0.04443	0.19049	0.11490	0.01061	0.00262	0.00389	0.01061	0.06673	0.00638
74	0.00898	0.00660	0.00841	0.00796	0.00955	0.00603	0.00597	0.01188	0.01791	0.02501	0.65831	0.04975	0.13243	0.01355	0.00762	0.00205	0.00307	0.01189	0.00699	0.00603
75	0.01611	0.01450	0.02391	0.07824	0.58033	0.01429	0.01792	0.01981	0.01465	0.05513	0.01268	0.01608	0.01034	0.00580	0.00623	0.00183	0.00732	0.00559	0.00348	0.09577
76	0.01180	0.00714	0.00966	0.00994	0.01157	0.00669	0.00778	0.01417	0.01554	0.11685	0.22354	0.26902	0.04251	0.01598	0.00804	0.00248	0.00443	0.20985	0.00656	0.00646

[dist]
# distance from previous block
# <min> <max>
0	1

[block]
# block no. 2 follows, 34 sequences, length 60
# corresponding to MSA columns:
# 225-284
name=unknown_C
#
# <colnr> <probs for GDERKNQSTAVLIFYWHMCP>
#	G	D	E	R	K	N	Q	S	T	A	V	L	I	F	Y	W	H	M	C	P
0	0.01340	0.01425	0.09975	0.01115	0.01736	0.00960	0.03071	0.01690	0.01348	0.02097	0.01155	0.01355	0.00941	0.00496	0.00503	0.00112	0.00553	0.00405	0.00368	0.69353
1	0.81856	0.01250	0.00950	0.00850	0.01250	0.01449	0.00700	0.01899	0.01100	0.02899	0.00900	0.01050	0.00700	0.00600	0.00400	0.00200	0.00500	0.00350	0.00400	0.00700
2	0.01010	0.09741	0.01161	0.00847	0.01047	0.00839	0.00668	0.01304	0.01768	0.02465	0.64429	0.04380	0.05476	0.01230	0.00721	0.00196	0.00350	0.01071	0.00660	0.00636
3	0.01463	0.01137	0.01569	0.01917	0.23116	0.03221	0.01145	0.01910	0.09493	0.10587	0.16019	0.13357	0.07977	0.01082	0.00743	0.00212	0.02725	0.00948	0.00549	0.00830
4	0.00937	0.00641	0.00704	0.00688	0.00867	0.00581	0.00516	0.01183	0.01548	0.02195	0.25597	0.04697	0.31996	0.01286	0.00673	0.00194	0.00313	0.01085	0.23717	0.00581
5	0.01214	0.02573	0.51205	0.03817	0.05110	0.01303	0.01917	0.01859	0.03469	0.02074	0.08881	0.02326	0.09889	0.00811	0.00649	0.00206	0.00794	0.00664	0.00368	0.00870
6	0.01600	0.01518	0.02486	0.03653	0.64822	0.01544	0.01870	0.02154	0.09798	0.02181	0.01382	0.01695	0.01135	0.00611	0.00642	0.00195	0.00737	0.00594	0.00360	0.01023
7	0.02408	0.01692	0.01967	0.01739	0.10363	0.01822	0.01284	0.54824	0.02711	0.12175	0.01631	0.01634	0.01150	0.00755	0.00646	0.00194	0.00698	0.00589	0.00626	0.01090
8	0.01617	0.08533	0.11317	0.01439	0.04335	0.08983	0.01228	0.02700	0.35892	0.02284	0.01837	0.01830	0.01412	0.00720	0.00594	0.00185	0.00656	0.00572	0.00485	0.13382
9	0.02326	0.02028	0.01684	0.01425	0.01827	0.29313	0.01117	0.18478	0.11346	0.16731	0.05897	0.01840	0.01507	0.00784	0.00631	0.00189	0.00801	0.00587	0.00563	0.00927
10	0.00989	0.00740	0.00927	0.00877	0.01048	0.00722	0.00658	0.01461	0.10079	0.02549	0.60536	0.08797	0.05503	0.01310	0.00753	0.00209	0.00333	0.01156	0.00698	0.00653
11	0.01599	0.01535	0.02623	0.03966	0.73262	0.01535	0.01983	0.01983	0.01471	0.02111	0.01215	0.01599	0.01023	0.00576	0.00640	0.00192	0.00768	0.00576	0.00320	0.01023
12	0.01727	0.77681	0.03386	0.01106	0.01658	0.02557	0.01106	0.01935	0.01313	0.01520	0.00898	0.01036	0.00829	0.00553	0.00415	0.00138	0.00691	0.00345	0.00276	0.00829
13	0.01296	0.03342	0.73944	0.01842	0.02797	0.01501	0.02387	0.02046	0.01364	0.02046	0.01160	0.01364	0.00818	0.00614	0.00614	0.00205	0.00955	0.00477	0.00273	0.00955
14	0.00772	0.00622	0.00688	0.00740	0.00895	0.00538	0.00529	0.00918	0.01391	0.01712	0.05506	0.30832	0.49057	0.01772	0.00785	0.00234	0.00344	0.01529	0.00600	0.00538
15	0.01581	0.00821	0.01057	0.00922	0.01212	0.00743	0.00727	0.01814	0.01610	0.27610	0.17281	0.03941	0.23404	0.01772	0.12168	0.00336	0.00620	0.00966	0.00654	0.00761
16	0.00807	0.00605	0.00750	0.00823	0.00927	0.00547	0.00575	0.00971	0.01414	0.01863	0.18331	0.45146	0.21310	0.01788	0.00797	0.00240	0.00349	0.01587	0.00622	0.00547
17	0.01864	0.01512	0.01740	0.01685	0.10366	0.01684	0.01210	0.26379	0.35725	0.03057	0.02136	0.02306	0.01662	0.00859	0.00665	0.00212	0.00616	0.04688	0.00609	0.01024
18	0.81856	0.01250	0.00950	0.00850	0.01250	0.01449	0.00700	0.01899	0.01100	0.02899	0.00900	0.01050	0.00700	0.00600	0.00400	0.00200	0.00500	0.00350	0.00400	0.00700
19	0.01501	0.01066	0.01165	0.01039	0.01345	0.03243	0.00807	0.02308	0.27039	0.14074	0.18997	0.03729	0.18753	0.01127	0.00701	0.00211	0.00450	0.00947	0.00670	0.00828
20	0.01727	0.77681	0.03386	0.01106	0.01658	0.02557	0.01106	0.01935	0.01313	0.01520	0.00898	0.01036	0.00829	0.00553	0.00415	0.00138	0.00691	0.00345	0.00276	0.00829
21	0.00856	0.00655	0.00842	0.05231	0.01141	0.00616	0.00649	0.01073	0.01520	0.02031	0.30616	0.28800	0.20418	0.01586	0.00776	0.00227	0.00366	0.01399	0.00624	0.00573
22	0.01428	0.03311	0.65442	0.01821	0.02702	0.10131	0.02253	0.02109	0.01419	0.01991	0.01141	0.01341	0.00820	0.00620	0.00610	0.00200	0.00980	0.00470	0.00280	0.00931
23	0.05697	0.01533	0.01417	0.03377	0.01636	0.16905	0.00980	0.19555	0.01892	0.10810	0.02183	0.26821	0.02141	0.01162	0.00681	0.00213	0.00671	0.00965	0.00560	0.00801
24	0.00906	0.00660	0.00851	0.00804	0.00960	0.00606	0.00603	0.01202	0.01808	0.02541	0.69000	0.04909	0.10049	0.01340	0.00762	0.00204	0.00306	0.01180	0.00705	0.00606
25	0.08424	0.01684	0.01814	0.01399	0.01906	0.01838	0.01156	0.57939	0.02753	0.12195	0.01620	0.01590	0.01128	0.00765	0.00628	0.00195	0.00676	0.00572	0.00646	0.01069
26	0.01205	0.01113	0.01836	0.53112	0.11924	0.01325	0.01619	0.01570	0.01294	0.01702	0.01519	0.13325	0.01408	0.00868	0.00724	0.00222	0.03402	0.00769	0.00339	0.00724
27	0.02325	0.01745	0.01865	0.01460	0.01954	0.01942	0.01196	0.60636	0.13723	0.03860	0.01718	0.01684	0.01234	0.00791	0.00648	0.00198	0.00680	0.00605	0.00648	0.01087
28	0.02618	0.01017	0.01351	0.01059	0.01501	0.00892	0.00867	0.02877	0.01767	0.61896	0.02476	0.02234	0.01609	0.00792	0.00617	0.00192	0.00509	0.00642	0.14068	0.01017
29	0.02899	0.01100	0.01499	0.01150	0.01649	0.00950	0.00950	0.03149	0.01849	0.73709	0.02549	0.02199	0.01599	0.00800	0.00650	0.00200	0.00550	0.00650	0.00800	0.01100
30	0.01036	0.00626	0.00838	0.00929	0.01021	0.00575	0.00641	0.01165	0.01309	0.10146	0.03442	0.68067	0.03958	0.01880	0.00804	0.00255	0.00395	0.01697	0.00623	0.00593
31	0.00764	0.00655	0.00655	0.00655	0.00873	0.00545	0.00491	0.00927	0.01473	0.01745	0.06546	0.06218	0.73000	0.01636	0.00764	0.00218	0.00327	0.01364	0.00600	0.00545
32	0.01404	0.01401	0.01977	0.05234	0.01828	0.01953	0.01432	0.01560	0.01004	0.01560	0.00863	0.01428	0.00849	0.01108	0.02050	0.00280	0.72514	0.00566	0.00283	0.00707
33	0.01525	0.01743	0.03813	0.02723	0.03377	0.01634	0.70915	0.02070	0.01525	0.02070	0.01307	0.01743	0.00980	0.00545	0.00763	0.00218	0.01089	0.00763	0.00327	0.00871
34	0.02287	0.01573	0.01646	0.01299	0.01741	0.05104	0.01059	0.47418	0.02541	0.12022	0.01743	0.01762	0.01244	0.00769	0.00609	0.00186	0.00641	0.00586	0.14777	0.00995
35	0.01911	0.01170	0.01347	0.01136	0.01500	0.01222	0.00903	0.12719	0.24572	0.21226	0.13266	0.02603	0.02349	0.00896	0.00646	0.00200	0.00494	0.00740	0.10159	0.00940
36	0.00786	0.00566	0.00746	0.00890	0.00935	0.00526	0.00596	0.00901	0.01246	0.01653	0.03676	0.74159	0.06911	0.02009	0.00822	0.00261	0.00373	0.01819	0.00600	0.00526
37	0.01207	0.00706	0.00902	0.00822	0.01018	0.00651	0.00628	0.01504	0.01758	0.11426	0.53194	0.04125	0.04849	0.01168	0.00700	0.00195	0.00335	0.01016	0.13127	0.00670
38	0.01220	0.01148	0.01938	0.75739	0.04450	0.01436	0.01794	0.01651	0.01292	0.01651	0.01148	0.01723	0.00861	0.00646	0.00646	0.00215	0.00861	0.00574	0.00287	0.00718
39	0.02008	0.02390	0.01973	0.19762	0.13042	0.46399	0.01487	0.02270	0.01649	0.01676	0.01066	0.01363	0.00867	0.00648	0.00606	0.00182	0.01034	0.00477	0.00320	0.00782
40	0.01599	0.01535	0.02623	0.03966	0.73262	0.01535	0.01983	0.01983	0.01471	0.02111	0.01215	0.01599	0.01023	0.00576	0.00640	0.00192	0.00768	0.00576	0.00320	0.01023
41	0.01727	0.77681	0.03386	0.01106	0.01658	0.02557	0.01106	0.01935	0.01313	0.01520	0.00898	0.01036	0.00829	0.00553	0.00415	0.00138	0.00691	0.00345	0.00276	0.00829
42	0.00764	0.00655	0.00655	0.00655	0.00873	0.00545	0.00491	0.00927	0.01473	0.01745	0.06546	0.06218	0.73000	0.01636	0.00764	0.00218	0.00327	0.01364	0.00600	0.00545
43	0.01220	0.01148	0.01938	0.75739	0.04450	0.01436	0.01794	0.01651	0.01292	0.01651	0.01148	0.01723	0.00861	0.00646	0.00646	0.00215	0.00861	0.00574	0.00287	0.00718
44	0.01493	0.01484	0.02727	0.03320	0.47634	0.01453	0.19491	0.01889	0.01460	0.02051	0.01490	0.09679	0.01360	0.00723	0.00691	0.00206	0.00808	0.00758	0.00352	0.00931
45	0.00940	0.00626	0.00705	0.00705	0.00705	0.00626	0.00392	0.00940	0.00940	0.01253	0.02036	0.04228	0.02349	0.77292	0.03289	0.00626	0.00626	0.00940	0.00392	0.00392
46	0.00787	0.00562	0.00750	0.00900	0.00937	0.00525	0.00600	0.00900	0.01237	0.01649	0.03561	0.76871	0.04274	0.02024	0.00825	0.00262	0.00375	0.01837	0.00600	0.00525
47	0.01727	0.77681	0.03386	0.01106	0.01658	0.02557	0.01106	0.01935	0.01313	0.01520	0.00898	0.01036	0.00829	0.00553	0.00415	0.00138	0.00691	0.00345	0.00276	0.00829
48	0.81856	0.01250	0.00950	0.00850	0.01250	0.01449	0.00700	0.01899	0.01100	0.02899	0.00900	0.01050	0.00700	0.00600	0.00400	0.00200	0.00500	0.00350	0.00400	0.00700
49	0.00764	0.00655	0.00655	0.00655	0.00873	0.00545	0.00491	0.00927	0.01473	0.01745	0.06546	0.06218	0.73000	0.01636	0.00764	0.00218	0.00327	0.01364	0.00600	0.00545
50	0.00923	0.00692	0.01038	0.01038	0.01154	0.00808	0.00808	0.01154	0.01038	0.01500	0.01731	0.02538	0.01615	0.04846	0.74732	0.01038	0.01731	0.00692	0.00346	0.00577
51	0.00914	0.00660	0.00864	0.00813	0.00965	0.00610	0.00610	0.01219	0.01829	0.02591	0.72921	0.04827	0.06097	0.01321	0.00762	0.00203	0.00305	0.01169	0.00711	0.00610
52	0.02456	0.01810	0.01939	0.01487	0.02004	0.02004	0.01228	0.71107	0.03038	0.04072	0.01551	0.01551	0.01099	0.00776	0.00646	0.00194	0.00711	0.00582	0.00646	0.01099
53	0.01296	0.03342	0.73944	0.01842	0.02797	0.01501	0.02387	0.02046	0.01364	0.02046	0.01160	0.01364	0.00818	0.00614	0.00614	0.00205	0.00955	0.00477	0.00273	0.00955
54	0.01502	0.01280	0.02003	0.11347	0.38640	0.01322	0.01524	0.02041	0.09993	0.06448	0.15054	0.02358	0.02114	0.00775	0.00666	0.00201	0.00647	0.00711	0.00459	0.00913
55	0.55196	0.01346	0.01177	0.01025	0.01432	0.01550	0.00832	0.10511	0.16511	0.02997	0.01348	0.01401	0.01020	0.00680	0.00484	0.00203	0.00528	0.00459	0.00484	0.00817
56	0.01544	0.01421	0.01368	0.01264	0.01573	0.09325	0.00964	0.02875	0.51105	0.02421	0.05376	0.11582	0.04316	0.01033	0.00677	0.00218	0.00552	0.00867	0.00616	0.00903
57	0.01017	0.00673	0.00882	0.00840	0.00994	0.00620	0.00622	0.01285	0.01730	0.06635	0.57992	0.13647	0.05492	0.03643	0.00839	0.00223	0.00338	0.01214	0.00693	0.00622
58	0.01402	0.32413	0.30748	0.01445	0.04484	0.01763	0.01552	0.01833	0.01389	0.01863	0.08137	0.05323	0.03647	0.00753	0.00564	0.00181	0.00735	0.00585	0.00343	0.00842
59	0.01582	0.04696	0.21744	0.02837	0.30975	0.01551	0.18678	0.02088	0.01473	0.06292	0.01291	0.01588	0.00986	0.00591	0.00655	0.00200	0.00879	0.00591	0.00336	0.00966

[dist]
# distance from previous block
# <min> <max>
0	4

# created by:
# /home/berkeley/.conda/envs/busco_data_prod/bin/msa2prfl.pl pipeline/OGs_align_augustus/5794/68804.fs
