[name]
unknown

[dist]
# distance from previous block
# <min> <max>
0	261

[block]
# block no. 0 follows, 30 sequences, length 22
# corresponding to MSA columns:
# 261-282
name=unknown_A
#
# <colnr> <probs for GDERKNQSTAVLIFYWHMCP>
#	G	D	E	R	K	N	Q	S	T	A	V	L	I	F	Y	W	H	M	C	P
0	0.01293	0.01185	0.01971	0.64669	0.04383	0.01456	0.01836	0.01740	0.01422	0.01821	0.01549	0.02617	0.01319	0.00853	0.00731	0.00244	0.00894	0.08905	0.00352	0.00758
1	0.01673	0.01893	0.08903	0.03642	0.42743	0.01691	0.24649	0.02179	0.01599	0.02259	0.01341	0.01759	0.01072	0.00614	0.00733	0.00218	0.00963	0.00681	0.00344	0.01044
2	0.00850	0.00607	0.00810	0.00972	0.01012	0.00567	0.00648	0.00972	0.01336	0.01781	0.03846	0.75020	0.04615	0.02186	0.00891	0.00283	0.00405	0.01984	0.00648	0.00567
3	0.01838	0.01868	0.02725	0.03970	0.62440	0.10599	0.02042	0.02223	0.01638	0.02208	0.01283	0.01668	0.01079	0.00634	0.00683	0.00204	0.00883	0.00600	0.00347	0.01068
4	0.01064	0.00790	0.01131	0.01105	0.01188	0.00924	0.00832	0.01216	0.01081	0.01546	0.01783	0.02875	0.01754	0.15867	0.49493	0.07958	0.07682	0.00766	0.00370	0.00575
5	0.01459	0.01424	0.01986	0.01712	0.01733	0.01951	0.01417	0.01634	0.01183	0.01820	0.09708	0.01991	0.01630	0.01247	0.02105	0.00295	0.64899	0.00693	0.00364	0.00750
6	0.01400	0.03610	0.71860	0.01989	0.03020	0.01621	0.02578	0.02210	0.01473	0.02210	0.01252	0.01473	0.00884	0.00663	0.00663	0.00221	0.01031	0.00516	0.00295	0.01031
7	0.01644	0.01816	0.03817	0.06557	0.14382	0.01738	0.54871	0.02199	0.01626	0.02221	0.01388	0.01857	0.01060	0.00599	0.00796	0.00231	0.01110	0.00782	0.00350	0.00959
8	0.01605	0.01533	0.02611	0.25072	0.51290	0.01626	0.02081	0.02034	0.01531	0.02131	0.01291	0.01767	0.01053	0.00644	0.00693	0.00215	0.00859	0.00621	0.00335	0.01007
9	0.00850	0.00607	0.00810	0.00972	0.01012	0.00567	0.00648	0.00972	0.01336	0.01781	0.03846	0.75020	0.04615	0.02186	0.00891	0.00283	0.00405	0.01984	0.00648	0.00567
10	0.00850	0.00607	0.00810	0.00972	0.01012	0.00567	0.00648	0.00972	0.01336	0.01781	0.03846	0.75020	0.04615	0.02186	0.00891	0.00283	0.00405	0.01984	0.00648	0.00567
11	0.01692	0.01622	0.02769	0.10235	0.65445	0.01649	0.02124	0.02111	0.01572	0.02237	0.01306	0.01739	0.01090	0.00628	0.00691	0.00209	0.00838	0.00622	0.00342	0.01077
12	0.01718	0.01652	0.02803	0.04178	0.68140	0.01679	0.02115	0.02122	0.01567	0.02254	0.01296	0.01718	0.01097	0.00648	0.00760	0.00211	0.03987	0.00621	0.00344	0.01091
13	0.01178	0.00913	0.01097	0.01016	0.01239	0.00932	0.00772	0.01925	0.19234	0.02829	0.53489	0.04549	0.05452	0.01305	0.00794	0.00224	0.00386	0.01142	0.00753	0.00772
14	0.02424	0.21255	0.02392	0.01649	0.02067	0.55402	0.01310	0.02614	0.01839	0.01692	0.01052	0.01224	0.00898	0.00689	0.00584	0.00172	0.01132	0.00431	0.00344	0.00830
15	0.00948	0.00655	0.00774	0.00829	0.00856	0.00634	0.00505	0.00999	0.01157	0.01528	0.03036	0.28501	0.07171	0.46463	0.02495	0.00518	0.00566	0.01369	0.00512	0.00481
16	0.01004	0.00721	0.00987	0.00987	0.01065	0.00799	0.00704	0.01160	0.01082	0.01520	0.01993	0.03425	0.02041	0.31532	0.46818	0.00955	0.01423	0.00848	0.00392	0.00548
17	0.02144	0.43217	0.06417	0.01442	0.01999	0.18809	0.01321	0.13306	0.01859	0.02142	0.01126	0.01261	0.00944	0.00668	0.00542	0.00170	0.00883	0.00440	0.00379	0.00930
18	0.01185	0.00624	0.00936	0.00936	0.00952	0.00640	0.00640	0.00952	0.00936	0.01263	0.01295	0.02199	0.01279	0.02778	0.11538	0.69805	0.00765	0.00624	0.00312	0.00343
19	0.01809	0.01684	0.02767	0.04045	0.65000	0.01703	0.02069	0.08060	0.01739	0.02468	0.01345	0.01723	0.01113	0.00641	0.00691	0.00207	0.00824	0.00622	0.00377	0.01113
20	0.01675	0.10907	0.02409	0.40869	0.15300	0.05891	0.01779	0.09161	0.01668	0.02127	0.01256	0.01690	0.00982	0.00688	0.00661	0.00212	0.00891	0.00580	0.00359	0.00893
21	0.01735	0.17679	0.22606	0.01489	0.02079	0.10628	0.01510	0.02408	0.11891	0.06374	0.12805	0.02204	0.02053	0.00835	0.00649	0.00203	0.00788	0.00651	0.00477	0.00935

[dist]
# distance from previous block
# <min> <max>
0	1

[block]
# block no. 1 follows, 30 sequences, length 110
# corresponding to MSA columns:
# 284-393
name=unknown_B
#
# <colnr> <probs for GDERKNQSTAVLIFYWHMCP>
#	G	D	E	R	K	N	Q	S	T	A	V	L	I	F	Y	W	H	M	C	P
0	0.05315	0.05282	0.01872	0.01605	0.01997	0.43671	0.01234	0.03023	0.20518	0.06310	0.01654	0.01684	0.01281	0.00783	0.00642	0.00198	0.00979	0.00552	0.00486	0.00914
1	0.01400	0.01540	0.13556	0.03492	0.04040	0.01304	0.01307	0.01971	0.09473	0.05784	0.27801	0.03093	0.03250	0.01090	0.01024	0.00232	0.14028	0.00858	0.00559	0.04197
2	0.01490	0.01518	0.02078	0.64202	0.04453	0.11030	0.01859	0.01917	0.01473	0.01773	0.01219	0.01780	0.00926	0.00701	0.00689	0.00226	0.00974	0.00597	0.00317	0.00780
3	0.01363	0.03236	0.62432	0.01895	0.02810	0.01512	0.02385	0.02108	0.01491	0.02194	0.01578	0.02326	0.01301	0.00832	0.00703	0.00234	0.00979	0.09300	0.00341	0.00979
4	0.01685	0.01684	0.01442	0.01317	0.01621	0.19548	0.01003	0.02600	0.27940	0.02540	0.25146	0.03241	0.05182	0.01071	0.00730	0.00216	0.00654	0.00878	0.00638	0.00866
5	0.01800	0.01515	0.02555	0.13011	0.49165	0.01532	0.04063	0.02206	0.01628	0.10199	0.04423	0.01972	0.01385	0.00693	0.00703	0.00213	0.00805	0.00664	0.00418	0.01047
6	0.00900	0.00706	0.00792	0.00773	0.00962	0.00622	0.00566	0.01115	0.01675	0.02161	0.29258	0.05986	0.41782	0.08362	0.01073	0.00270	0.00374	0.01356	0.00670	0.00599
7	0.00984	0.00666	0.00791	0.00864	0.00998	0.00601	0.00608	0.01151	0.01455	0.04650	0.04617	0.42769	0.24613	0.01847	0.00817	0.00252	0.00387	0.01623	0.09699	0.00608
8	0.01563	0.01444	0.02087	0.60434	0.04316	0.05329	0.01826	0.10767	0.01677	0.02128	0.01290	0.01805	0.00963	0.00717	0.00694	0.00227	0.00926	0.00612	0.00364	0.00832
9	0.01463	0.01389	0.02356	0.49085	0.28382	0.01589	0.02010	0.01910	0.01464	0.01960	0.01266	0.01813	0.00992	0.00671	0.00695	0.00224	0.00894	0.00621	0.00323	0.00893
10	0.00999	0.00738	0.01073	0.01073	0.01181	0.00846	0.00812	0.01215	0.01107	0.01584	0.01913	0.02985	0.01850	0.14596	0.63493	0.01062	0.01710	0.00783	0.00380	0.00596
11	0.11839	0.00888	0.01149	0.05154	0.01492	0.00936	0.00914	0.01624	0.01448	0.10096	0.09619	0.15535	0.02908	0.02437	0.19931	0.00486	0.00894	0.11372	0.00564	0.00712
12	0.00828	0.00694	0.00721	0.00742	0.00952	0.00586	0.00546	0.00997	0.01557	0.01871	0.06640	0.15820	0.62013	0.01823	0.00834	0.00242	0.00360	0.01541	0.00648	0.00586
13	0.01696	0.02088	0.08507	0.12185	0.03585	0.09873	0.47199	0.02236	0.01639	0.02113	0.01339	0.01778	0.01011	0.00623	0.00773	0.00228	0.01143	0.00731	0.00344	0.00910
14	0.02080	0.47980	0.04750	0.01532	0.05537	0.14611	0.01321	0.11106	0.01773	0.02067	0.01107	0.01257	0.00946	0.00653	0.00530	0.00167	0.00848	0.00437	0.00365	0.00934
15	0.01565	0.01403	0.01953	0.46512	0.03704	0.03792	0.01603	0.10742	0.01676	0.02233	0.01293	0.01729	0.00985	0.00679	0.00657	0.00201	0.00832	0.00572	0.00385	0.17484
16	0.01443	0.03349	0.62660	0.02295	0.12097	0.01626	0.02520	0.02201	0.01489	0.02219	0.01260	0.01507	0.00913	0.00657	0.00667	0.00219	0.01004	0.00530	0.00301	0.01041
17	0.01727	0.54368	0.23968	0.01431	0.02157	0.02422	0.01606	0.02125	0.01434	0.01811	0.01054	0.01225	0.00892	0.00617	0.00512	0.00171	0.00831	0.00416	0.00297	0.00936
18	0.00997	0.00748	0.01121	0.01121	0.01246	0.00872	0.00872	0.01246	0.01121	0.01620	0.01869	0.02741	0.01745	0.05234	0.72710	0.01121	0.01869	0.00748	0.00374	0.00623
19	0.01580	0.01463	0.02063	0.11343	0.02307	0.01851	0.05671	0.02241	0.17420	0.04045	0.04239	0.02016	0.01459	0.01045	0.01510	0.00269	0.37480	0.00696	0.00438	0.00864
20	0.01679	0.01650	0.02936	0.10438	0.56087	0.01662	0.10979	0.02121	0.01579	0.02229	0.01319	0.01760	0.01083	0.00624	0.00709	0.00213	0.00885	0.00649	0.00343	0.01053
21	0.00997	0.00748	0.01121	0.01121	0.01246	0.00872	0.00872	0.01246	0.01121	0.01620	0.01869	0.02741	0.01745	0.05234	0.72710	0.01121	0.01869	0.00748	0.00374	0.00623
22	0.02607	0.03326	0.01978	0.01798	0.02157	0.72674	0.01348	0.02787	0.01978	0.01708	0.01079	0.01258	0.00899	0.00719	0.00629	0.00180	0.01258	0.00449	0.00360	0.00809
23	0.01711	0.01642	0.02803	0.07014	0.68518	0.01654	0.02134	0.02128	0.01581	0.02260	0.01310	0.01732	0.01098	0.00625	0.00691	0.00208	0.00833	0.00622	0.00344	0.01092
24	0.00864	0.00639	0.00808	0.00912	0.01004	0.00583	0.00628	0.01023	0.01466	0.01935	0.13333	0.53660	0.16567	0.02011	0.00870	0.00266	0.00386	0.01797	0.00664	0.00583
25	0.01519	0.00748	0.00864	0.00793	0.01015	0.00711	0.00610	0.01836	0.01660	0.13458	0.17395	0.03140	0.02833	0.00956	0.00595	0.00183	0.00368	0.00793	0.49788	0.00736
26	0.69801	0.01251	0.00997	0.00925	0.01305	0.01432	0.00741	0.01907	0.01207	0.02951	0.01355	0.10982	0.01270	0.00853	0.00493	0.00225	0.00522	0.00592	0.00461	0.00731
27	0.01334	0.01631	0.13670	0.03819	0.14562	0.06573	0.03891	0.01714	0.01503	0.02048	0.09802	0.13707	0.02427	0.01979	0.15945	0.00418	0.01004	0.02720	0.00446	0.00807
28	0.00842	0.00708	0.00731	0.00725	0.00953	0.00597	0.00544	0.01035	0.01632	0.01983	0.13892	0.06555	0.63956	0.01731	0.00825	0.00234	0.00351	0.01450	0.00661	0.00597
29	0.01676	0.01520	0.01976	0.09939	0.02403	0.01718	0.10195	0.03291	0.52904	0.02697	0.02466	0.02422	0.01850	0.00870	0.00724	0.00236	0.00679	0.00774	0.00617	0.01045
30	0.01736	0.01684	0.02949	0.06551	0.57090	0.01687	0.10960	0.04662	0.01654	0.02336	0.01337	0.01751	0.01096	0.00628	0.00709	0.00212	0.00877	0.00649	0.00358	0.01074
31	0.00850	0.00607	0.00810	0.00972	0.01012	0.00567	0.00648	0.00972	0.01336	0.01781	0.03846	0.75020	0.04615	0.02186	0.00891	0.00283	0.00405	0.01984	0.00648	0.00567
32	0.01166	0.00919	0.01076	0.01001	0.01234	0.00934	0.00761	0.01909	0.19775	0.02725	0.45586	0.04700	0.12796	0.01340	0.00794	0.00226	0.00391	0.01162	0.00739	0.00768
33	0.02748	0.01901	0.01988	0.01545	0.02085	0.07283	0.01266	0.50333	0.02918	0.18018	0.01852	0.01788	0.01276	0.00834	0.00694	0.00209	0.00769	0.00630	0.00706	0.01158
34	0.16325	0.04986	0.20914	0.05020	0.23059	0.01531	0.03559	0.01978	0.01470	0.02323	0.01986	0.02196	0.10258	0.00791	0.00646	0.00216	0.00776	0.00656	0.00385	0.00925
35	0.00854	0.00617	0.00808	0.00953	0.01009	0.00571	0.00641	0.00986	0.01374	0.01825	0.06486	0.68502	0.08526	0.02134	0.00884	0.00278	0.00399	0.01928	0.00652	0.00571
36	0.01318	0.01240	0.02093	0.73798	0.04806	0.01550	0.01938	0.01783	0.01395	0.01783	0.01240	0.01860	0.00930	0.00698	0.00698	0.00233	0.00930	0.00620	0.00310	0.00775
37	0.01573	0.01434	0.02172	0.07741	0.34958	0.01559	0.01640	0.04914	0.10646	0.02270	0.01896	0.13827	0.01786	0.01004	0.00911	0.00237	0.09157	0.00866	0.00451	0.00959
38	0.00850	0.00607	0.00810	0.00972	0.01012	0.00567	0.00648	0.00972	0.01336	0.01781	0.03846	0.75020	0.04615	0.02186	0.00891	0.00283	0.00405	0.01984	0.00648	0.00567
39	0.01535	0.04170	0.01541	0.01049	0.01665	0.01006	0.00850	0.01840	0.01469	0.05195	0.01294	0.01474	0.01058	0.00535	0.00522	0.00110	0.00529	0.00424	0.00428	0.73306
40	0.01638	0.08142	0.28291	0.01489	0.02238	0.01527	0.01589	0.13020	0.01764	0.02537	0.01516	0.01668	0.03632	0.00679	0.00608	0.00174	0.00765	0.00524	0.00415	0.27783
41	0.01830	0.38004	0.27382	0.01569	0.02287	0.11530	0.01707	0.04844	0.01584	0.01959	0.01111	0.01284	0.00903	0.00646	0.00557	0.00181	0.00915	0.00443	0.00321	0.00943
42	0.01971	0.66040	0.03448	0.01249	0.01841	0.02682	0.01212	0.10980	0.01666	0.02009	0.01064	0.01194	0.00934	0.00629	0.00481	0.00157	0.00749	0.00407	0.00352	0.00934
43	0.03701	0.02532	0.38461	0.01639	0.02415	0.01474	0.01836	0.08598	0.05780	0.15524	0.05038	0.01900	0.01427	0.00761	0.00669	0.00212	0.00818	0.00604	0.00497	0.06115
44	0.00992	0.00673	0.00790	0.00801	0.00827	0.00662	0.00480	0.01050	0.01180	0.01595	0.11525	0.12747	0.03315	0.57186	0.02882	0.00570	0.00599	0.01159	0.00495	0.00471
45	0.01318	0.01240	0.02093	0.73798	0.04806	0.01550	0.01938	0.01783	0.01395	0.01783	0.01240	0.01860	0.00930	0.00698	0.00698	0.00233	0.00930	0.00620	0.00310	0.00775
46	0.01079	0.00976	0.01472	0.04069	0.08192	0.00901	0.09839	0.01382	0.01686	0.02192	0.21342	0.05043	0.36363	0.01377	0.00807	0.00229	0.00524	0.01221	0.00597	0.00709
47	0.04758	0.01675	0.02559	0.06969	0.50802	0.01743	0.01902	0.14184	0.03947	0.02688	0.01408	0.01729	0.01130	0.00675	0.00684	0.00210	0.00804	0.00619	0.00422	0.01091
48	0.01118	0.00803	0.01014	0.01078	0.01285	0.00763	0.00902	0.01443	0.03718	0.04829	0.09308	0.06950	0.24998	0.01771	0.00893	0.00281	0.00526	0.36994	0.00664	0.00662
49	0.12438	0.01587	0.01627	0.01397	0.01835	0.01815	0.01111	0.18919	0.44923	0.03298	0.02315	0.02188	0.01723	0.00881	0.00670	0.00227	0.00602	0.00696	0.00670	0.01078
50	0.01911	0.30475	0.20317	0.01925	0.11429	0.10287	0.01702	0.10334	0.01746	0.02213	0.01185	0.01373	0.00956	0.00660	0.00586	0.00186	0.00890	0.00482	0.00359	0.00983
51	0.01608	0.10834	0.13615	0.01313	0.01749	0.03192	0.01231	0.10720	0.01815	0.08790	0.10377	0.17881	0.05368	0.01260	0.00743	0.00232	0.00654	0.07188	0.00576	0.00852
52	0.00850	0.00607	0.00810	0.00972	0.01012	0.00567	0.00648	0.00972	0.01336	0.01781	0.03846	0.75020	0.04615	0.02186	0.00891	0.00283	0.00405	0.01984	0.00648	0.00567
53	0.00857	0.00612	0.00818	0.00980	0.01023	0.00573	0.00660	0.00984	0.01343	0.01789	0.03842	0.73267	0.04600	0.02179	0.00893	0.00284	0.00411	0.03666	0.00648	0.00569
54	0.01711	0.37000	0.17659	0.10236	0.13827	0.04946	0.01734	0.02116	0.01477	0.01885	0.01121	0.01385	0.00932	0.00631	0.00569	0.00185	0.00861	0.00476	0.00309	0.00941
55	0.01727	0.01658	0.02832	0.04283	0.71123	0.01658	0.02142	0.02142	0.01589	0.02280	0.01313	0.01727	0.01105	0.00622	0.00691	0.00207	0.00829	0.00622	0.00345	0.01105
56	0.00863	0.00616	0.00824	0.00986	0.01032	0.00577	0.00669	0.00993	0.01348	0.01795	0.03839	0.71998	0.04588	0.02175	0.00894	0.00285	0.00416	0.04884	0.00648	0.00570
57	0.01081	0.00852	0.01318	0.01485	0.09275	0.00963	0.01018	0.01349	0.01175	0.01696	0.01805	0.02625	0.01671	0.04704	0.64436	0.01016	0.01750	0.00733	0.00371	0.00678
58	0.10697	0.08346	0.07811	0.18037	0.02942	0.08131	0.15681	0.02166	0.05766	0.02105	0.01266	0.01636	0.01002	0.00745	0.00877	0.00228	0.10745	0.00600	0.00360	0.00860
59	0.01088	0.00777	0.01083	0.01243	0.01388	0.00772	0.01061	0.01383	0.01570	0.02047	0.03715	0.16821	0.04096	0.01962	0.00954	0.00316	0.00611	0.57837	0.00643	0.00632
60	0.80405	0.01350	0.01026	0.00918	0.01350	0.01565	0.00756	0.02051	0.01188	0.03131	0.00972	0.01134	0.00756	0.00648	0.00432	0.00216	0.00540	0.00378	0.00432	0.00756
61	0.00914	0.00683	0.00849	0.00864	0.01012	0.00618	0.00627	0.01153	0.01717	0.02319	0.38405	0.24268	0.20597	0.01707	0.00842	0.00240	0.00355	0.01503	0.00709	0.00618
62	0.00843	0.00708	0.00733	0.00727	0.00954	0.00597	0.00545	0.01038	0.01635	0.01990	0.14386	0.06543	0.63457	0.01728	0.00825	0.00234	0.00351	0.01449	0.00662	0.00597
63	0.02361	0.02181	0.02055	0.01882	0.10012	0.20600	0.01354	0.34057	0.02479	0.03138	0.01413	0.01538	0.01079	0.00736	0.00653	0.00186	0.00869	0.00549	0.00527	0.12329
64	0.01851	0.11300	0.02001	0.04886	0.15304	0.03488	0.01252	0.07554	0.14526	0.10477	0.08469	0.04050	0.02007	0.00863	0.00659	0.00205	0.00640	0.00721	0.08780	0.00968
65	0.01611	0.01274	0.02065	0.16988	0.31274	0.01327	0.01607	0.01986	0.01587	0.10127	0.10793	0.02427	0.01957	0.01383	0.10250	0.00336	0.00893	0.00733	0.00458	0.00925
66	0.19423	0.01671	0.04800	0.09976	0.08781	0.01755	0.01365	0.27396	0.06340	0.06610	0.01621	0.01908	0.01237	0.00803	0.00648	0.00220	0.00727	0.03165	0.00551	0.01004
67	0.05907	0.05857	0.02096	0.01603	0.02110	0.19309	0.01301	0.46670	0.02785	0.03556	0.01466	0.01524	0.01084	0.00789	0.00658	0.00200	0.00876	0.00562	0.00585	0.01062
68	0.00850	0.00607	0.00810	0.00972	0.01012	0.00567	0.00648	0.00972	0.01336	0.01781	0.03846	0.75020	0.04615	0.02186	0.00891	0.00283	0.00405	0.01984	0.00648	0.00567
69	0.02145	0.05337	0.37594	0.01663	0.02458	0.01526	0.01859	0.10258	0.01856	0.25825	0.01796	0.01787	0.01203	0.00748	0.00672	0.00215	0.00843	0.00586	0.00533	0.01097
70	0.01590	0.09940	0.11038	0.01367	0.01815	0.01206	0.08803	0.01955	0.01711	0.15127	0.21238	0.12275	0.06737	0.01144	0.00745	0.00222	0.00626	0.01010	0.00601	0.00850
71	0.01315	0.00721	0.00831	0.00787	0.00987	0.00678	0.00596	0.01614	0.01665	0.08844	0.22350	0.06464	0.09970	0.01137	0.00651	0.00195	0.00357	0.00960	0.39186	0.00693
72	0.01529	0.03421	0.62644	0.02045	0.05515	0.03818	0.02444	0.06500	0.01609	0.02338	0.01276	0.01489	0.00912	0.00674	0.00665	0.00218	0.01014	0.00525	0.00324	0.01037
73	0.17847	0.02133	0.16704	0.17567	0.16322	0.11092	0.01775	0.02128	0.01472	0.02234	0.01168	0.01510	0.00914	0.00689	0.00688	0.00218	0.03773	0.00526	0.00345	0.00894
74	0.00863	0.00652	0.00766	0.00849	0.00954	0.00589	0.00576	0.00988	0.01384	0.01761	0.04779	0.41198	0.28026	0.11805	0.01222	0.00319	0.00423	0.01672	0.00618	0.00556
75	0.12824	0.01660	0.01779	0.01367	0.01919	0.01733	0.01123	0.40467	0.02519	0.10233	0.01599	0.01625	0.01151	0.00752	0.00627	0.00190	0.00671	0.00560	0.00622	0.16579
76	0.02518	0.01072	0.01436	0.01151	0.01587	0.00951	0.00931	0.02859	0.04177	0.51174	0.20762	0.03134	0.03026	0.01015	0.00734	0.00218	0.00522	0.00853	0.00833	0.01045
77	0.02666	0.01934	0.02081	0.01596	0.02154	0.02133	0.01318	0.67004	0.03246	0.06239	0.01705	0.01695	0.01202	0.00838	0.00698	0.00210	0.00763	0.00630	0.00703	0.01187
78	0.02040	0.01204	0.01551	0.09559	0.01973	0.01251	0.01092	0.16801	0.03696	0.22815	0.14925	0.02755	0.02439	0.01527	0.10314	0.00337	0.00781	0.00788	0.03205	0.00947
79	0.00993	0.00667	0.00768	0.00789	0.00795	0.00662	0.00453	0.01009	0.01058	0.01410	0.02418	0.13957	0.02814	0.65707	0.03197	0.00624	0.00640	0.01144	0.00453	0.00442
80	0.01246	0.00657	0.00657	0.00657	0.00828	0.00643	0.00493	0.01554	0.01478	0.02519	0.02827	0.03074	0.09722	0.00923	0.00527	0.00171	0.00328	0.00745	0.70307	0.00643
81	0.01327	0.01513	0.10109	0.65548	0.04601	0.01558	0.02012	0.01832	0.01404	0.01832	0.01242	0.01816	0.00925	0.00694	0.00694	0.00231	0.00942	0.00608	0.00308	0.00805
82	0.01318	0.01240	0.02093	0.73798	0.04806	0.01550	0.01938	0.01783	0.01395	0.01783	0.01240	0.01860	0.00930	0.00698	0.00698	0.00233	0.00930	0.00620	0.00310	0.00775
83	0.01318	0.01240	0.02093	0.73798	0.04806	0.01550	0.01938	0.01783	0.01395	0.01783	0.01240	0.01860	0.00930	0.00698	0.00698	0.00233	0.00930	0.00620	0.00310	0.00775
84	0.00847	0.00621	0.00796	0.00936	0.01003	0.00570	0.00632	0.00976	0.01370	0.01795	0.04276	0.65916	0.13442	0.02130	0.00882	0.00277	0.00398	0.01916	0.00648	0.00570
85	0.05692	0.01537	0.01658	0.01332	0.01833	0.09448	0.01074	0.07836	0.11073	0.43736	0.02356	0.02136	0.01577	0.00831	0.00675	0.00209	0.00671	0.00653	0.00735	0.04935
86	0.01088	0.00773	0.00991	0.00933	0.01098	0.00753	0.00694	0.01489	0.08257	0.02598	0.55059	0.04554	0.05447	0.01514	0.01066	0.10814	0.00387	0.01130	0.00701	0.00653
87	0.00948	0.00704	0.00885	0.00876	0.01040	0.00642	0.00656	0.01224	0.01811	0.02474	0.47771	0.13647	0.18353	0.01603	0.00838	0.00235	0.00358	0.04574	0.00726	0.00634
88	0.00855	0.00624	0.00806	0.00950	0.01016	0.00576	0.00647	0.00988	0.01373	0.01802	0.04212	0.65346	0.12208	0.02131	0.00885	0.00279	0.00405	0.03678	0.00648	0.00571
89	0.01061	0.00813	0.01142	0.01339	0.10347	0.00775	0.00829	0.01323	0.01689	0.02365	0.40362	0.19059	0.05014	0.09419	0.01112	0.00280	0.00449	0.01299	0.00650	0.00674
90	0.01628	0.01667	0.03136	0.08923	0.23036	0.01666	0.32633	0.02303	0.09528	0.02283	0.01646	0.02212	0.01331	0.00714	0.00768	0.00231	0.00957	0.03955	0.00403	0.00980
91	0.01305	0.01315	0.01594	0.16630	0.02257	0.12251	0.08078	0.01564	0.01516	0.01831	0.03038	0.31275	0.11710	0.01419	0.00793	0.00245	0.00723	0.01266	0.00501	0.00691
92	0.01700	0.01634	0.02767	0.07118	0.64936	0.01677	0.02103	0.02104	0.01555	0.02229	0.01290	0.01723	0.01089	0.00654	0.00769	0.00213	0.04400	0.00621	0.00342	0.01075
93	0.01052	0.00720	0.00884	0.00939	0.00993	0.00720	0.00661	0.01161	0.01216	0.01603	0.02706	0.05688	0.03039	0.50522	0.02674	0.00556	0.00665	0.23208	0.00497	0.00497
94	0.01634	0.00786	0.00937	0.00839	0.01087	0.00737	0.00651	0.01948	0.01709	0.18134	0.19257	0.03194	0.02957	0.00976	0.00618	0.00189	0.00386	0.00813	0.42375	0.00773
95	0.01718	0.02167	0.18998	0.02108	0.02836	0.01649	0.27708	0.12695	0.05146	0.02610	0.01456	0.01715	0.01086	0.00650	0.00708	0.00205	0.00935	0.00649	0.00421	0.14541
96	0.01967	0.02229	0.02029	0.01785	0.01958	0.29725	0.01422	0.02280	0.07104	0.01793	0.01139	0.01511	0.01010	0.01002	0.01509	0.00251	0.39557	0.00562	0.00360	0.00809
97	0.01070	0.00862	0.01130	0.01372	0.09159	0.00853	0.00860	0.01476	0.10524	0.01994	0.03806	0.46308	0.12541	0.03510	0.00898	0.00271	0.00473	0.01578	0.00616	0.00700
98	0.01684	0.06250	0.09224	0.03251	0.35323	0.01757	0.21046	0.02316	0.07888	0.02282	0.01457	0.01794	0.01155	0.00644	0.00714	0.00216	0.00916	0.00671	0.00374	0.01039
99	0.01550	0.14336	0.03112	0.02107	0.02531	0.01871	0.31437	0.01906	0.01423	0.01936	0.01533	0.11281	0.01463	0.00957	0.01132	0.00244	0.19124	0.00846	0.00371	0.00840
100	0.03074	0.01278	0.01676	0.01285	0.01827	0.01160	0.01061	0.11145	0.02149	0.63647	0.02625	0.02292	0.01663	0.00861	0.00701	0.00215	0.00614	0.00693	0.00844	0.01187
101	0.01242	0.01145	0.01081	0.01014	0.01266	0.09091	0.00767	0.01779	0.13405	0.02363	0.28128	0.04858	0.28426	0.01387	0.00782	0.00224	0.00483	0.01164	0.00668	0.00727
102	0.01951	0.11713	0.05233	0.01913	0.11203	0.06083	0.04643	0.12792	0.30105	0.04215	0.01973	0.01984	0.01503	0.00796	0.00669	0.00213	0.00740	0.00656	0.00553	0.01062
103	0.00966	0.00700	0.00972	0.01010	0.01089	0.00759	0.00725	0.01133	0.01150	0.01602	0.02404	0.20134	0.02587	0.19311	0.41244	0.00831	0.01273	0.01095	0.00449	0.00568
104	0.00858	0.00708	0.00753	0.00742	0.00963	0.00603	0.00556	0.01066	0.01669	0.02071	0.20038	0.06410	0.57754	0.01698	0.00824	0.00232	0.00349	0.01430	0.00672	0.00603
105	0.01432	0.03053	0.52311	0.02166	0.03072	0.01604	0.18167	0.02156	0.01508	0.02195	0.01416	0.05146	0.01107	0.00719	0.00712	0.00227	0.01035	0.00660	0.00326	0.00987
106	0.01740	0.01824	0.03512	0.02579	0.03134	0.01881	0.48210	0.09778	0.01726	0.02379	0.01349	0.01791	0.01047	0.00736	0.01086	0.00246	0.14904	0.00761	0.00384	0.00936
107	0.80405	0.01350	0.01026	0.00918	0.01350	0.01565	0.00756	0.02051	0.01188	0.03131	0.00972	0.01134	0.00756	0.00648	0.00432	0.00216	0.00540	0.00378	0.00432	0.00756
108	0.01683	0.01804	0.02344	0.01955	0.02083	0.11371	0.09208	0.01889	0.01255	0.01747	0.00994	0.01532	0.00930	0.01083	0.01903	0.00281	0.56216	0.00614	0.00318	0.00790
109	0.00899	0.00707	0.00812	0.00792	0.00990	0.00620	0.00592	0.01144	0.01758	0.02297	0.35916	0.07956	0.39778	0.01624	0.00826	0.00230	0.00344	0.01391	0.00703	0.00620

[dist]
# distance from previous block
# <min> <max>
0	6

[block]
# block no. 2 follows, 30 sequences, length 49
# corresponding to MSA columns:
# 400-448
name=unknown_C
#
# <colnr> <probs for GDERKNQSTAVLIFYWHMCP>
#	G	D	E	R	K	N	Q	S	T	A	V	L	I	F	Y	W	H	M	C	P
0	0.01433	0.01359	0.02284	0.53648	0.18524	0.01588	0.03936	0.01964	0.04720	0.01955	0.01337	0.01869	0.01028	0.00690	0.00701	0.00228	0.00898	0.00635	0.00338	0.00865
1	0.00922	0.00710	0.00847	0.00852	0.01035	0.00635	0.00647	0.01171	0.01732	0.02277	0.33148	0.11898	0.32441	0.01674	0.00842	0.00241	0.00373	0.07236	0.00698	0.00621
2	0.80405	0.01350	0.01026	0.00918	0.01350	0.01565	0.00756	0.02051	0.01188	0.03131	0.00972	0.01134	0.00756	0.00648	0.00432	0.00216	0.00540	0.00378	0.00432	0.00756
3	0.01877	0.01823	0.01578	0.01366	0.01759	0.21573	0.01069	0.15013	0.01991	0.02467	0.04994	0.09841	0.04508	0.01041	0.00694	0.00197	0.00766	0.07779	0.00526	0.19138
4	0.01813	0.22333	0.34586	0.01783	0.02529	0.18424	0.05090	0.02314	0.01584	0.01946	0.01146	0.01351	0.00899	0.00655	0.00607	0.00193	0.01017	0.00478	0.00314	0.00940
5	0.01065	0.00780	0.00989	0.03476	0.01219	0.00742	0.00718	0.01455	0.05347	0.04359	0.52403	0.07034	0.14903	0.01430	0.00812	0.00225	0.00374	0.01250	0.00731	0.00687
6	0.00981	0.00702	0.00820	0.00791	0.00978	0.00635	0.00593	0.01261	0.01780	0.02480	0.40682	0.05315	0.26306	0.01447	0.00775	0.00216	0.00336	0.01241	0.12025	0.00635
7	0.01941	0.02091	0.01689	0.01657	0.05431	0.29874	0.01200	0.02800	0.27046	0.02206	0.02164	0.09920	0.01907	0.01152	0.03137	0.00250	0.00881	0.03228	0.00531	0.00896
8	0.02389	0.09255	0.01979	0.01623	0.01983	0.58855	0.01243	0.02585	0.01877	0.01781	0.01320	0.01496	0.02729	0.00743	0.00607	0.00177	0.01114	0.00485	0.06962	0.00798
9	0.01447	0.01240	0.01447	0.01034	0.01654	0.00930	0.00827	0.01757	0.01447	0.02274	0.01240	0.01447	0.01034	0.00517	0.00517	0.00103	0.00517	0.00413	0.00413	0.79742
10	0.03088	0.01256	0.01662	0.01274	0.01816	0.01127	0.01053	0.09249	0.02112	0.65596	0.02657	0.02313	0.01679	0.00861	0.00701	0.00215	0.00609	0.00695	0.00849	0.01188
11	0.01024	0.00757	0.00990	0.01036	0.01135	0.00807	0.00745	0.01336	0.07135	0.01754	0.02740	0.26253	0.02963	0.17748	0.26210	0.00649	0.00990	0.04606	0.00513	0.00608
12	0.01433	0.01400	0.01954	0.01713	0.01719	0.01920	0.01405	0.01581	0.01106	0.01693	0.01321	0.11694	0.01428	0.01355	0.02096	0.00302	0.63990	0.00801	0.00353	0.00736
13	0.00916	0.00710	0.00833	0.00803	0.00999	0.00628	0.00602	0.01178	0.01806	0.02397	0.42740	0.05874	0.34849	0.01576	0.00824	0.00227	0.00340	0.01355	0.00715	0.00628
14	0.02113	0.01880	0.01778	0.01524	0.01960	0.11705	0.01200	0.21795	0.41804	0.03165	0.02270	0.02157	0.01695	0.00885	0.00695	0.00221	0.00711	0.00697	0.00658	0.01087
15	0.01354	0.01263	0.02049	0.67543	0.04548	0.01566	0.01866	0.01949	0.07313	0.01881	0.01379	0.01925	0.01034	0.00719	0.00699	0.00233	0.00898	0.00635	0.00345	0.00804
16	0.01846	0.18180	0.33296	0.01775	0.02513	0.15001	0.05329	0.04849	0.04919	0.04193	0.01307	0.01470	0.00994	0.00682	0.00625	0.00199	0.00976	0.00513	0.00362	0.00971
17	0.07928	0.07647	0.01663	0.01379	0.01638	0.07541	0.08148	0.01614	0.01494	0.02008	0.02808	0.24473	0.05194	0.01498	0.00854	0.00261	0.03431	0.19190	0.00528	0.00702
18	0.01400	0.03610	0.71860	0.01989	0.03020	0.01621	0.02578	0.02210	0.01473	0.02210	0.01252	0.01473	0.00884	0.00663	0.00663	0.00221	0.01031	0.00516	0.00295	0.01031
19	0.01866	0.75896	0.03657	0.01194	0.01791	0.02761	0.01194	0.02090	0.01418	0.01642	0.00970	0.01119	0.00896	0.00597	0.00448	0.00149	0.00746	0.00373	0.00299	0.00896
20	0.01346	0.01160	0.01654	0.01488	0.01559	0.01446	0.03608	0.01512	0.01255	0.05111	0.04651	0.26162	0.02452	0.04016	0.01684	0.00301	0.38301	0.01116	0.00469	0.00710
21	0.00825	0.00707	0.00707	0.00707	0.00943	0.00589	0.00530	0.01001	0.01591	0.01885	0.07069	0.06716	0.70839	0.01767	0.00825	0.00236	0.00353	0.01473	0.00648	0.00589
22	0.13164	0.01810	0.07994	0.01729	0.08988	0.04358	0.01330	0.11696	0.35660	0.02971	0.02056	0.02030	0.01547	0.00823	0.00659	0.00224	0.00676	0.00655	0.00581	0.01048
23	0.01212	0.00606	0.00909	0.00909	0.00909	0.00606	0.00606	0.00909	0.00909	0.01212	0.01212	0.02121	0.01212	0.02424	0.02727	0.79697	0.00606	0.00606	0.00303	0.00303
24	0.02823	0.01423	0.01734	0.01358	0.01883	0.01409	0.01112	0.19968	0.11434	0.45399	0.02492	0.02229	0.01645	0.00868	0.00702	0.00217	0.00632	0.00695	0.00801	0.01176
25	0.01633	0.16356	0.18286	0.02375	0.03109	0.01935	0.39898	0.02186	0.01550	0.02101	0.01280	0.01640	0.00987	0.00624	0.00759	0.00218	0.03119	0.00667	0.00329	0.00947
26	0.80405	0.01350	0.01026	0.00918	0.01350	0.01565	0.00756	0.02051	0.01188	0.03131	0.00972	0.01134	0.00756	0.00648	0.00432	0.00216	0.00540	0.00378	0.00432	0.00756
27	0.02653	0.01955	0.02094	0.01606	0.02164	0.02164	0.01326	0.68796	0.03281	0.04398	0.01675	0.01675	0.01187	0.00838	0.00698	0.00209	0.00768	0.00628	0.00698	0.01187
28	0.02082	0.01626	0.02508	0.05174	0.47514	0.01644	0.01833	0.13400	0.01927	0.13054	0.01588	0.01819	0.01208	0.00696	0.00694	0.00210	0.00786	0.00635	0.00481	0.01123
29	0.01164	0.00925	0.00988	0.00899	0.01178	0.00882	0.00697	0.12769	0.01892	0.02385	0.11370	0.05508	0.49649	0.01757	0.04535	0.00276	0.00502	0.01271	0.00653	0.00700
30	0.01600	0.01604	0.02483	0.14529	0.31840	0.07413	0.11315	0.01989	0.01577	0.02110	0.04919	0.05824	0.01559	0.03507	0.00820	0.00230	0.00864	0.00744	0.00385	0.04691
31	0.01731	0.02007	0.17061	0.21364	0.19467	0.01727	0.01929	0.15223	0.07949	0.02605	0.01488	0.01777	0.01120	0.00722	0.00690	0.00220	0.00862	0.00615	0.00427	0.01018
32	0.01700	0.01352	0.01893	0.01976	0.14455	0.01566	0.01362	0.07435	0.01559	0.10467	0.02302	0.09009	0.09306	0.01203	0.01345	0.00259	0.28752	0.02697	0.00491	0.00872
33	0.01194	0.00846	0.01048	0.01043	0.03668	0.00746	0.00783	0.01459	0.01708	0.08016	0.20957	0.05527	0.29810	0.01482	0.00804	0.00231	0.00446	0.11807	0.00663	0.07761
34	0.02130	0.03970	0.02484	0.02141	0.12165	0.01475	0.18147	0.05905	0.01786	0.25429	0.05608	0.05555	0.01738	0.00872	0.00875	0.00228	0.07127	0.00788	0.00570	0.01010
35	0.01913	0.09495	0.18425	0.07870	0.17057	0.03271	0.12797	0.04367	0.01670	0.14199	0.01530	0.01745	0.01119	0.00679	0.00683	0.00212	0.00898	0.00616	0.00428	0.01026
36	0.01081	0.00801	0.00982	0.00930	0.00958	0.00876	0.00617	0.01159	0.01188	0.01648	0.13880	0.04256	0.03012	0.52356	0.02905	0.00546	0.10825	0.01001	0.00466	0.00511
37	0.15589	0.02012	0.02108	0.01916	0.08060	0.19749	0.10603	0.07664	0.10880	0.02479	0.01436	0.01652	0.01135	0.00773	0.00804	0.00218	0.08196	0.00587	0.03235	0.00903
38	0.21884	0.05916	0.02124	0.01704	0.04540	0.22559	0.10837	0.08068	0.01802	0.12281	0.01390	0.01519	0.01035	0.00703	0.00617	0.00204	0.00890	0.00538	0.00473	0.00915
39	0.01906	0.01883	0.09457	0.01434	0.01915	0.11042	0.01237	0.11712	0.23241	0.07739	0.11933	0.02427	0.02214	0.00895	0.00691	0.00208	0.00698	0.00719	0.00608	0.08042
40	0.01549	0.01170	0.01660	0.15974	0.11926	0.01263	0.01281	0.07551	0.09355	0.08513	0.08143	0.15331	0.02417	0.01576	0.08794	0.00333	0.00789	0.00959	0.00549	0.00866
41	0.02085	0.62971	0.03304	0.01202	0.01789	0.02461	0.01165	0.02316	0.01518	0.13745	0.01279	0.01337	0.01039	0.00643	0.00492	0.00161	0.00720	0.00430	0.00396	0.00946
42	0.01853	0.62993	0.03283	0.01200	0.01755	0.02523	0.01157	0.07595	0.01623	0.01976	0.07270	0.01532	0.01429	0.00691	0.00502	0.00161	0.00711	0.00474	0.00374	0.00899
43	0.01237	0.00783	0.00962	0.00894	0.01017	0.00765	0.00594	0.01333	0.01159	0.07762	0.02107	0.03769	0.02191	0.49425	0.15955	0.00671	0.00878	0.00887	0.00452	0.07157
44	0.01556	0.22326	0.41059	0.01715	0.02549	0.01877	0.05148	0.02219	0.05015	0.02103	0.01267	0.01456	0.00973	0.00644	0.00604	0.00194	0.00895	0.00498	0.00330	0.07572
45	0.01263	0.00715	0.00944	0.00995	0.01117	0.00658	0.00688	0.01397	0.01415	0.13813	0.03473	0.54577	0.03883	0.10150	0.01155	0.00316	0.00468	0.01654	0.00660	0.00658
46	0.01268	0.00725	0.00977	0.01045	0.01183	0.00667	0.00754	0.01433	0.01474	0.13887	0.03644	0.56649	0.04064	0.01935	0.00864	0.00275	0.00458	0.07332	0.00685	0.00681
47	0.41254	0.07926	0.01509	0.01113	0.01578	0.08578	0.00920	0.02432	0.01522	0.19922	0.03496	0.01587	0.01207	0.00723	0.00535	0.00202	0.00636	0.00493	0.00530	0.03836
48	0.01904	0.02069	0.01503	0.01405	0.01685	0.36521	0.01067	0.04588	0.01901	0.04113	0.14166	0.10340	0.07928	0.01182	0.00737	0.00216	0.00852	0.06538	0.00533	0.00753

[dist]
# distance from previous block
# <min> <max>
0	138

# created by:
# /home/berkeley/.conda/envs/busco_data_prod/bin/msa2prfl.pl pipeline/OGs_align_augustus/5794/68801.fs
