[name]
unknown

[dist]
# distance from previous block
# <min> <max>
0	377

[block]
# block no. 0 follows, 30 sequences, length 24
# corresponding to MSA columns:
# 439-462
name=unknown_A
#
# <colnr> <probs for GDERKNQSTAVLIFYWHMCP>
#	G	D	E	R	K	N	Q	S	T	A	V	L	I	F	Y	W	H	M	C	P
0	0.01922	0.01677	0.01626	0.01487	0.01836	0.13448	0.01219	0.21983	0.12804	0.02838	0.02523	0.04101	0.02359	0.01248	0.00789	0.00251	0.00769	0.25592	0.00622	0.00904
1	0.01884	0.01193	0.01435	0.01083	0.01593	0.00995	0.00851	0.06235	0.01639	0.19671	0.01781	0.02131	0.01428	0.11112	0.00999	0.00218	0.00574	0.00583	0.00545	0.44049
2	0.03131	0.01188	0.01619	0.01242	0.01781	0.01026	0.01026	0.03401	0.01997	0.71606	0.02753	0.02375	0.01727	0.00864	0.00702	0.00216	0.00594	0.00702	0.00864	0.01188
3	0.01874	0.06703	0.08721	0.01287	0.01932	0.01192	0.04625	0.02233	0.01586	0.18365	0.01584	0.01666	0.01172	0.00621	0.00586	0.00151	0.00636	0.00509	0.00495	0.44061
4	0.00929	0.00711	0.00851	0.00816	0.01007	0.00633	0.00612	0.01203	0.01837	0.02470	0.47835	0.05754	0.29709	0.01549	0.00824	0.00225	0.00338	0.01338	0.00725	0.00633
5	0.01647	0.01882	0.04118	0.02941	0.03647	0.01765	0.68588	0.02235	0.01647	0.02235	0.01412	0.01882	0.01059	0.00588	0.00824	0.00235	0.01176	0.00824	0.00353	0.00941
6	0.00832	0.00707	0.00718	0.00715	0.00947	0.00592	0.00536	0.01016	0.01609	0.01928	0.10067	0.06645	0.67815	0.01751	0.00825	0.00235	0.00352	0.01463	0.00654	0.00592
7	0.01822	0.01542	0.01626	0.01437	0.01847	0.01776	0.01125	0.09805	0.63625	0.03058	0.02731	0.02517	0.02042	0.00937	0.00709	0.00234	0.00572	0.00774	0.00709	0.01112
8	0.02550	0.01063	0.01444	0.01171	0.01607	0.00935	0.00959	0.02835	0.01964	0.52565	0.16567	0.03355	0.02878	0.01056	0.00746	0.00224	0.00544	0.05668	0.00828	0.01040
9	0.01400	0.03610	0.71860	0.01989	0.03020	0.01621	0.02578	0.02210	0.01473	0.02210	0.01252	0.01473	0.00884	0.00663	0.00663	0.00221	0.01031	0.00516	0.00295	0.01031
10	0.01636	0.01849	0.03932	0.02837	0.03477	0.01800	0.62306	0.02183	0.01593	0.02183	0.01365	0.01849	0.01045	0.00648	0.00961	0.00242	0.08017	0.00804	0.00348	0.00925
11	0.00837	0.00660	0.00756	0.00832	0.00976	0.00579	0.00586	0.00987	0.01470	0.01836	0.05541	0.39109	0.39433	0.01966	0.00856	0.00258	0.00378	0.01715	0.00648	0.00579
12	0.00845	0.00627	0.00789	0.00919	0.00998	0.00571	0.00624	0.00978	0.01387	0.01802	0.04486	0.61466	0.17756	0.02103	0.00878	0.00274	0.00395	0.01882	0.00648	0.00571
13	0.01595	0.01622	0.02279	0.45634	0.22495	0.10732	0.01917	0.02010	0.01523	0.01908	0.01239	0.01747	0.00974	0.00680	0.00687	0.00219	0.00945	0.00599	0.00326	0.00869
14	0.01516	0.21666	0.54823	0.01790	0.02713	0.01906	0.02232	0.02180	0.01459	0.02068	0.01182	0.01385	0.00887	0.00647	0.00609	0.00203	0.00960	0.00480	0.00296	0.00997
15	0.02897	0.01349	0.01693	0.01321	0.01848	0.01292	0.01084	0.14235	0.09730	0.52895	0.02585	0.02285	0.01683	0.00869	0.00702	0.00217	0.00618	0.00699	0.00819	0.01178
16	0.01153	0.00729	0.00994	0.00998	0.01146	0.00705	0.00734	0.01384	0.01571	0.09036	0.25578	0.29977	0.04402	0.02418	0.15366	0.00425	0.00694	0.01366	0.00654	0.00670
17	0.01817	0.24507	0.28529	0.01579	0.02288	0.02021	0.01705	0.19033	0.01907	0.02566	0.01467	0.06850	0.01240	0.00800	0.00625	0.00201	0.00833	0.00610	0.00425	0.00996
18	0.17186	0.00971	0.01259	0.17260	0.01945	0.01122	0.00997	0.01411	0.01170	0.01875	0.01694	0.15194	0.01744	0.06643	0.01503	0.20124	0.06068	0.00841	0.00402	0.00590
19	0.01825	0.02174	0.16835	0.02283	0.02979	0.01787	0.33372	0.19888	0.02015	0.02768	0.01479	0.01800	0.01101	0.00958	0.05229	0.00281	0.01082	0.00706	0.00435	0.01005
20	0.09279	0.01807	0.15684	0.01673	0.05703	0.01444	0.06348	0.08849	0.12639	0.16242	0.02167	0.11400	0.01774	0.00953	0.00703	0.00229	0.00716	0.00812	0.00577	0.01000
21	0.01550	0.11673	0.18104	0.12060	0.09827	0.11474	0.01618	0.01979	0.01619	0.02099	0.15020	0.02288	0.02094	0.01054	0.04449	0.00253	0.00895	0.00674	0.00410	0.00859
22	0.01701	0.17961	0.38574	0.01675	0.02442	0.09538	0.01894	0.08392	0.01695	0.02220	0.01645	0.01784	0.06082	0.00754	0.00631	0.00202	0.00923	0.00561	0.00366	0.00961
23	0.01525	0.06897	0.05612	0.01828	0.12972	0.04550	0.07826	0.03460	0.03408	0.07080	0.19271	0.09221	0.09393	0.01106	0.00785	0.00221	0.02470	0.00972	0.00551	0.00851

[dist]
# distance from previous block
# <min> <max>
0	9

[block]
# block no. 1 follows, 30 sequences, length 119
# corresponding to MSA columns:
# 472-523,532-598
name=unknown_B
#
# <colnr> <probs for GDERKNQSTAVLIFYWHMCP>
#	G	D	E	R	K	N	Q	S	T	A	V	L	I	F	Y	W	H	M	C	P
0	0.01643	0.01648	0.02021	0.15142	0.16781	0.12435	0.03109	0.02205	0.11217	0.02088	0.04706	0.02048	0.01488	0.01288	0.08704	0.00317	0.07761	0.00657	0.00415	0.04327
1	0.06185	0.01899	0.22239	0.01450	0.02050	0.01271	0.05878	0.02094	0.10574	0.02512	0.17717	0.02498	0.02418	0.00842	0.00672	0.00198	0.00675	0.00717	0.00498	0.17614
2	0.02058	0.02352	0.09331	0.06899	0.08598	0.23145	0.11169	0.15718	0.01995	0.02439	0.01362	0.01719	0.01091	0.04659	0.00834	0.00227	0.01002	0.00601	0.00422	0.04379
3	0.01511	0.01239	0.02054	0.08304	0.02217	0.01337	0.16688	0.01934	0.05995	0.08944	0.05978	0.02667	0.01835	0.12173	0.14164	0.00461	0.10448	0.00803	0.00457	0.00792
4	0.01711	0.08894	0.09917	0.19922	0.02708	0.17713	0.01502	0.02414	0.16050	0.02042	0.01781	0.09126	0.01540	0.00892	0.00677	0.00218	0.00866	0.00720	0.00437	0.00872
5	0.00912	0.00657	0.00773	0.00834	0.00902	0.00616	0.00537	0.01003	0.01281	0.01663	0.05559	0.32023	0.17532	0.30318	0.01901	0.00423	0.00497	0.01487	0.00564	0.00518
6	0.01442	0.01032	0.01474	0.15227	0.02096	0.01047	0.05117	0.01943	0.08604	0.12183	0.25225	0.03962	0.15453	0.01167	0.00770	0.00227	0.00562	0.01021	0.00640	0.00806
7	0.09221	0.61687	0.03244	0.01229	0.01787	0.09681	0.01169	0.02156	0.01453	0.01786	0.00981	0.01135	0.00883	0.00614	0.00465	0.00159	0.00779	0.00381	0.00317	0.00874
8	0.01590	0.05913	0.42449	0.06216	0.02796	0.01565	0.08186	0.05691	0.01631	0.07823	0.01936	0.02088	0.07472	0.00783	0.00690	0.00220	0.00914	0.00654	0.00401	0.00981
9	0.01856	0.45383	0.22121	0.01493	0.02207	0.02231	0.04500	0.02261	0.01501	0.08859	0.01246	0.01376	0.00983	0.00641	0.00549	0.00179	0.00828	0.00465	0.00357	0.00964
10	0.01400	0.03610	0.71860	0.01989	0.03020	0.01621	0.02578	0.02210	0.01473	0.02210	0.01252	0.01473	0.00884	0.00663	0.00663	0.00221	0.01031	0.00516	0.00295	0.01031
11	0.00858	0.00632	0.00807	0.00943	0.01020	0.00581	0.00650	0.00997	0.01389	0.01812	0.04360	0.61058	0.15281	0.02107	0.00883	0.00277	0.00407	0.04717	0.00648	0.00574
12	0.01898	0.10755	0.12420	0.01905	0.02424	0.19727	0.16525	0.05117	0.01734	0.04339	0.07655	0.01858	0.01497	0.00793	0.00847	0.00213	0.08356	0.00641	0.00405	0.00890
13	0.01448	0.17327	0.32421	0.01778	0.02473	0.01706	0.12294	0.01975	0.01410	0.01962	0.01366	0.01817	0.01132	0.04751	0.12826	0.00380	0.01121	0.00596	0.00324	0.00894
14	0.01020	0.00782	0.01166	0.01153	0.01272	0.00928	0.00901	0.01265	0.01119	0.01623	0.01828	0.02688	0.01708	0.05058	0.69633	0.01086	0.05030	0.00742	0.00371	0.00629
15	0.01514	0.01431	0.02418	0.33584	0.39287	0.01559	0.01977	0.01946	0.01527	0.02097	0.04959	0.01968	0.01321	0.00697	0.00701	0.00219	0.00845	0.00655	0.00353	0.00942
16	0.01418	0.00861	0.01020	0.00920	0.01207	0.00776	0.00710	0.01772	0.06345	0.16970	0.22189	0.07196	0.33015	0.01446	0.00793	0.00229	0.00413	0.01225	0.00729	0.00768
17	0.01838	0.01633	0.02621	0.24614	0.17400	0.03826	0.15917	0.11762	0.04194	0.07074	0.01506	0.01853	0.01124	0.00699	0.00722	0.00222	0.00913	0.00671	0.00435	0.00977
18	0.01630	0.01559	0.02656	0.20833	0.55335	0.01632	0.02093	0.02056	0.01543	0.02162	0.01295	0.01759	0.01064	0.00640	0.00692	0.00213	0.00853	0.00621	0.00337	0.01027
19	0.01318	0.01240	0.02093	0.73798	0.04806	0.01550	0.01938	0.01783	0.01395	0.01783	0.01240	0.01860	0.00930	0.00698	0.00698	0.00233	0.00930	0.00620	0.00310	0.00775
20	0.01727	0.01658	0.02832	0.04283	0.71123	0.01658	0.02142	0.02142	0.01589	0.02280	0.01313	0.01727	0.01105	0.00622	0.00691	0.00207	0.00829	0.00622	0.00345	0.01105
21	0.01478	0.15700	0.60452	0.01856	0.02815	0.01811	0.02347	0.02190	0.01464	0.02115	0.01205	0.01414	0.00886	0.00652	0.00627	0.00209	0.00984	0.00492	0.00295	0.01009
22	0.01013	0.00683	0.00792	0.00792	0.00802	0.00693	0.00461	0.01034	0.01024	0.01376	0.02171	0.04412	0.02470	0.69536	0.09400	0.00714	0.00777	0.00992	0.00419	0.00440
23	0.01400	0.03610	0.71860	0.01989	0.03020	0.01621	0.02578	0.02210	0.01473	0.02210	0.01252	0.01473	0.00884	0.00663	0.00663	0.00221	0.01031	0.00516	0.00295	0.01031
24	0.01819	0.68626	0.10515	0.01274	0.01915	0.02646	0.01333	0.02102	0.01423	0.01699	0.00999	0.01155	0.00894	0.00604	0.00469	0.00156	0.00775	0.00387	0.00298	0.00909
25	0.01897	0.01537	0.01879	0.13911	0.11382	0.04087	0.01393	0.17916	0.19434	0.07015	0.02391	0.02628	0.06751	0.00929	0.00719	0.00226	0.00718	0.03604	0.00582	0.01004
26	0.00857	0.00664	0.00782	0.00845	0.00986	0.00589	0.00598	0.01030	0.01531	0.01961	0.14110	0.36195	0.33548	0.01904	0.00853	0.00254	0.00373	0.01667	0.00664	0.00589
27	0.01271	0.01177	0.01964	0.66475	0.04425	0.01451	0.01808	0.01701	0.01389	0.01783	0.01502	0.09217	0.01301	0.00847	0.00717	0.00238	0.00877	0.00757	0.00344	0.00754
28	0.01534	0.01379	0.02199	0.45620	0.19634	0.01587	0.01869	0.08582	0.01644	0.02181	0.01465	0.02214	0.01203	0.00777	0.00714	0.00230	0.00871	0.05033	0.00380	0.00884
29	0.01609	0.01664	0.03168	0.15959	0.27717	0.01714	0.28607	0.02084	0.01543	0.02133	0.01313	0.01799	0.01043	0.00662	0.00852	0.00230	0.05905	0.00701	0.00339	0.00958
30	0.01356	0.01266	0.02073	0.62248	0.08528	0.01495	0.01839	0.01802	0.01412	0.01863	0.01245	0.01811	0.00951	0.00675	0.00679	0.00218	0.00882	0.00599	0.00323	0.08736
31	0.01352	0.01153	0.01643	0.01470	0.01492	0.01522	0.01176	0.01406	0.01037	0.01550	0.01161	0.01895	0.01139	0.02242	0.14938	0.20689	0.42562	0.00634	0.00317	0.00621
32	0.01614	0.01376	0.02104	0.02163	0.15235	0.01630	0.05523	0.01850	0.01346	0.08880	0.01730	0.14757	0.01702	0.01202	0.01482	0.00269	0.34978	0.00879	0.00433	0.00848
33	0.08847	0.00771	0.00770	0.00780	0.01018	0.00698	0.00596	0.01131	0.01534	0.02015	0.06042	0.10801	0.55428	0.01692	0.00798	0.00242	0.00393	0.05211	0.00626	0.00608
34	0.43522	0.01644	0.01524	0.08514	0.02000	0.05929	0.01088	0.22978	0.01911	0.03309	0.01225	0.01384	0.00917	0.00716	0.00554	0.00213	0.00693	0.00485	0.00499	0.00896
35	0.01377	0.01135	0.01242	0.01193	0.01446	0.01254	0.00882	0.02558	0.40892	0.02402	0.03296	0.21956	0.07004	0.08815	0.01050	0.00293	0.00514	0.01165	0.00661	0.00864
36	0.01119	0.00667	0.01001	0.01001	0.01055	0.00721	0.00721	0.01055	0.01001	0.01389	0.01497	0.02390	0.01443	0.03641	0.33026	0.45678	0.01153	0.00667	0.00334	0.00442
37	0.00831	0.00682	0.00733	0.00774	0.00960	0.00583	0.00560	0.00994	0.01526	0.01859	0.06248	0.24127	0.53958	0.01874	0.00842	0.00248	0.00367	0.01603	0.00648	0.00583
38	0.01922	0.02028	0.09665	0.03292	0.42172	0.06084	0.06434	0.15126	0.01933	0.02646	0.01369	0.01673	0.01083	0.00671	0.00695	0.00209	0.00887	0.00615	0.00410	0.01085
39	0.00997	0.00748	0.01121	0.01121	0.01246	0.00872	0.00872	0.01246	0.01121	0.01620	0.01869	0.02741	0.01745	0.05234	0.72710	0.01121	0.01869	0.00748	0.00374	0.00623
40	0.10902	0.01204	0.01560	0.01209	0.01738	0.01080	0.00998	0.03265	0.01916	0.64720	0.02574	0.02250	0.01630	0.00842	0.00675	0.00216	0.00588	0.00669	0.00820	0.01144
41	0.01292	0.06476	0.12031	0.05517	0.16283	0.01268	0.08161	0.01664	0.01515	0.02076	0.08403	0.24349	0.05636	0.01220	0.00762	0.00235	0.00700	0.01115	0.00476	0.00824
42	0.01212	0.00606	0.00909	0.00909	0.00909	0.00606	0.00606	0.00909	0.00909	0.01212	0.01212	0.02121	0.01212	0.02424	0.02727	0.79697	0.00606	0.00606	0.00303	0.00303
43	0.01400	0.03610	0.71860	0.01989	0.03020	0.01621	0.02578	0.02210	0.01473	0.02210	0.01252	0.01473	0.00884	0.00663	0.00663	0.00221	0.01031	0.00516	0.00295	0.01031
44	0.02526	0.01181	0.01487	0.01180	0.01643	0.01088	0.00961	0.12079	0.02114	0.45545	0.09017	0.03186	0.12730	0.01047	0.00730	0.00218	0.00559	0.00858	0.00799	0.01050
45	0.07215	0.01671	0.01955	0.01919	0.11822	0.16329	0.10272	0.02225	0.01680	0.15082	0.02366	0.16254	0.06076	0.01058	0.00727	0.00224	0.00792	0.00927	0.00529	0.00876
46	0.09567	0.01829	0.03807	0.02738	0.03416	0.01745	0.61767	0.02217	0.01601	0.02325	0.01368	0.01807	0.01028	0.00594	0.00784	0.00233	0.01112	0.00779	0.00361	0.00923
47	0.01687	0.01908	0.06850	0.08350	0.29359	0.11600	0.13822	0.02084	0.01580	0.02067	0.01522	0.09043	0.01384	0.00827	0.00810	0.00224	0.04815	0.00764	0.00371	0.00932
48	0.01818	0.40146	0.23703	0.01550	0.02213	0.12574	0.01646	0.02207	0.01499	0.01823	0.01068	0.01265	0.00894	0.00665	0.00628	0.00183	0.04458	0.00438	0.00307	0.00917
49	0.00954	0.00687	0.00769	0.00775	0.00851	0.00660	0.00489	0.01024	0.01196	0.01535	0.03621	0.07513	0.21984	0.47693	0.06895	0.00565	0.00648	0.01162	0.00492	0.00487
50	0.01642	0.01506	0.02133	0.44093	0.10569	0.09560	0.05161	0.02036	0.01540	0.07648	0.01538	0.06727	0.01264	0.00800	0.00709	0.00226	0.00907	0.00710	0.00390	0.00841
51	0.01568	0.01645	0.02071	0.59829	0.04292	0.15350	0.01824	0.01978	0.01508	0.01768	0.01209	0.01744	0.00924	0.00702	0.00684	0.00222	0.00994	0.00587	0.00320	0.00782
52	0.02867	0.01286	0.01621	0.01257	0.01765	0.01211	0.01034	0.15923	0.02196	0.52116	0.02499	0.02261	0.01628	0.00854	0.00681	0.00210	0.00602	0.00683	0.08168	0.01137
53	0.01318	0.01240	0.02093	0.73798	0.04806	0.01550	0.01938	0.01783	0.01395	0.01783	0.01240	0.01860	0.00930	0.00698	0.00698	0.00233	0.00930	0.00620	0.00310	0.00775
54	0.02653	0.01955	0.02094	0.01606	0.02164	0.02164	0.01326	0.68796	0.03281	0.04398	0.01675	0.01675	0.01187	0.00838	0.00698	0.00209	0.00768	0.00628	0.00698	0.01187
55	0.00903	0.00710	0.00815	0.00789	0.00990	0.00622	0.00592	0.01152	0.01775	0.02322	0.37549	0.05996	0.40087	0.01604	0.00824	0.00228	0.00342	0.01372	0.00706	0.00622
56	0.00998	0.00670	0.00766	0.00782	0.00786	0.00666	0.00445	0.01010	0.01047	0.01396	0.02363	0.11601	0.02745	0.68158	0.03286	0.00637	0.00649	0.01112	0.00445	0.00437
57	0.01400	0.03610	0.71860	0.01989	0.03020	0.01621	0.02578	0.02210	0.01473	0.02210	0.01252	0.01473	0.00884	0.00663	0.00663	0.00221	0.01031	0.00516	0.00295	0.01031
58	0.01318	0.01240	0.02093	0.73798	0.04806	0.01550	0.01938	0.01783	0.01395	0.01783	0.01240	0.01860	0.00930	0.00698	0.00698	0.00233	0.00930	0.00620	0.00310	0.00775
59	0.18065	0.01219	0.01505	0.01179	0.01698	0.01130	0.00973	0.03140	0.01841	0.58372	0.02409	0.02135	0.01540	0.00822	0.00650	0.00216	0.00583	0.00639	0.00780	0.01104
60	0.00847	0.00621	0.00795	0.00934	0.01002	0.00570	0.00631	0.00976	0.01372	0.01796	0.04301	0.65385	0.13957	0.02127	0.00881	0.00277	0.00398	0.01912	0.00648	0.00570
61	0.03815	0.02101	0.02022	0.01947	0.08964	0.31898	0.11500	0.02092	0.01694	0.01908	0.02112	0.19566	0.05225	0.01094	0.00733	0.00220	0.00934	0.00944	0.00443	0.00788
62	0.01164	0.00759	0.00948	0.00874	0.01093	0.00679	0.00665	0.01452	0.01886	0.09501	0.48792	0.05284	0.21355	0.01451	0.00811	0.00223	0.00362	0.01256	0.00749	0.00695
63	0.02084	0.54518	0.03162	0.01372	0.01899	0.23356	0.01239	0.02295	0.01583	0.01661	0.01002	0.01160	0.00897	0.00633	0.00501	0.00158	0.00897	0.00396	0.00316	0.00870
64	0.01172	0.00842	0.01158	0.01072	0.01285	0.00867	0.00822	0.01405	0.01204	0.04926	0.01842	0.02712	0.01714	0.12047	0.49734	0.00861	0.01454	0.00720	0.00408	0.13754
65	0.01807	0.02551	0.20424	0.02244	0.05794	0.16754	0.22586	0.02604	0.13815	0.02241	0.01550	0.01767	0.01173	0.00700	0.00715	0.00219	0.01031	0.00651	0.00403	0.00972
66	0.02550	0.03231	0.01986	0.01800	0.02140	0.68939	0.01358	0.02728	0.01929	0.01706	0.01070	0.01273	0.00900	0.00746	0.00717	0.00186	0.05121	0.00458	0.00357	0.00807
67	0.01523	0.01202	0.01568	0.01513	0.08081	0.01216	0.04269	0.02419	0.24819	0.07386	0.25351	0.03363	0.05351	0.01040	0.00737	0.00215	0.00528	0.00914	0.00661	0.07844
68	0.01849	0.02099	0.08812	0.15551	0.02540	0.20742	0.01432	0.10228	0.12596	0.02377	0.06124	0.02270	0.06170	0.00866	0.00688	0.00210	0.00862	0.00681	0.00484	0.03417
69	0.00853	0.00651	0.00784	0.00871	0.00990	0.00582	0.00607	0.01011	0.01478	0.01902	0.10535	0.45259	0.28011	0.01976	0.00862	0.00261	0.00381	0.01745	0.00658	0.00582
70	0.01212	0.00606	0.00909	0.00909	0.00909	0.00606	0.00606	0.00909	0.00909	0.01212	0.01212	0.02121	0.01212	0.02424	0.02727	0.79697	0.00606	0.00606	0.00303	0.00303
71	0.01292	0.01226	0.01662	0.19858	0.02423	0.08252	0.08592	0.03670	0.01512	0.01908	0.02565	0.38508	0.02799	0.01439	0.00802	0.00252	0.00722	0.01310	0.00502	0.00706
72	0.01545	0.05618	0.12432	0.25643	0.32203	0.01708	0.02049	0.02004	0.01467	0.02039	0.01237	0.01688	0.00995	0.00691	0.00784	0.00221	0.05804	0.00593	0.00322	0.00957
73	0.00997	0.00748	0.01121	0.01121	0.01246	0.00872	0.00872	0.01246	0.01121	0.01620	0.01869	0.02741	0.01745	0.05234	0.72710	0.01121	0.01869	0.00748	0.00374	0.00623
74	0.00835	0.00701	0.00725	0.00733	0.00952	0.00591	0.00545	0.01016	0.01593	0.01925	0.10132	0.11218	0.63091	0.01778	0.00829	0.00238	0.00356	0.01496	0.00654	0.00591
75	0.01612	0.17817	0.40378	0.02132	0.12260	0.05651	0.02107	0.02174	0.01480	0.02046	0.01174	0.01429	0.00920	0.00681	0.00721	0.00207	0.05413	0.00504	0.00307	0.00986
76	0.01253	0.00977	0.01188	0.01211	0.01428	0.01036	0.00968	0.02063	0.22971	0.02431	0.15388	0.15223	0.03968	0.01568	0.00849	0.00271	0.00525	0.25216	0.00687	0.00779
77	0.01400	0.03610	0.71860	0.01989	0.03020	0.01621	0.02578	0.02210	0.01473	0.02210	0.01252	0.01473	0.00884	0.00663	0.00663	0.00221	0.01031	0.00516	0.00295	0.01031
78	0.01241	0.00909	0.01077	0.01077	0.01295	0.00900	0.00838	0.09050	0.06321	0.04400	0.07212	0.24945	0.20813	0.01715	0.00847	0.00263	0.00496	0.15214	0.00668	0.00718
79	0.01598	0.01443	0.02160	0.02939	0.40968	0.01484	0.01604	0.04569	0.15309	0.02477	0.08211	0.06663	0.05690	0.00915	0.00725	0.00220	0.00678	0.00835	0.00501	0.01010
80	0.02346	0.02907	0.01828	0.01674	0.01998	0.61068	0.01258	0.02542	0.01891	0.01765	0.05401	0.01648	0.01330	0.01216	0.07889	0.00277	0.01263	0.00529	0.00386	0.00781
81	0.21750	0.01776	0.09313	0.03195	0.46488	0.01631	0.01832	0.02125	0.01475	0.02490	0.01220	0.01550	0.00994	0.00633	0.00622	0.00211	0.00776	0.00549	0.00362	0.01009
82	0.02042	0.02385	0.01546	0.01430	0.01662	0.47114	0.01020	0.02158	0.01636	0.01582	0.01476	0.02433	0.01480	0.27259	0.01667	0.00356	0.01052	0.00650	0.00382	0.00672
83	0.00888	0.00709	0.00797	0.00796	0.00999	0.00619	0.00601	0.01113	0.01692	0.02155	0.25237	0.09320	0.46077	0.01695	0.00834	0.00237	0.00363	0.04575	0.00683	0.00611
84	0.02562	0.03250	0.01952	0.01782	0.02136	0.70503	0.01342	0.02746	0.01966	0.01719	0.01158	0.01458	0.00993	0.00756	0.00639	0.00184	0.01240	0.02443	0.00368	0.00804
85	0.07423	0.02113	0.01963	0.01567	0.02078	0.15703	0.01268	0.45893	0.02782	0.09998	0.01616	0.01626	0.01155	0.00806	0.00669	0.00205	0.00833	0.00585	0.00631	0.01087
86	0.02868	0.01110	0.01480	0.01157	0.01642	0.00972	0.00948	0.03146	0.01921	0.61689	0.02685	0.02408	0.01736	0.00856	0.00671	0.00208	0.00555	0.00694	0.12144	0.01110
87	0.01318	0.01240	0.02093	0.73798	0.04806	0.01550	0.01938	0.01783	0.01395	0.01783	0.01240	0.01860	0.00930	0.00698	0.00698	0.00233	0.00930	0.00620	0.00310	0.00775
88	0.02607	0.03326	0.01978	0.01798	0.02157	0.72674	0.01348	0.02787	0.01978	0.01708	0.01079	0.01258	0.00899	0.00719	0.00629	0.00180	0.01258	0.00449	0.00360	0.00809
89	0.00850	0.00607	0.00810	0.00972	0.01012	0.00567	0.00648	0.00972	0.01336	0.01781	0.03846	0.75020	0.04615	0.02186	0.00891	0.00283	0.00405	0.01984	0.00648	0.00567
90	0.00994	0.00690	0.00867	0.00883	0.00921	0.00722	0.00571	0.01076	0.01075	0.01468	0.02260	0.10637	0.02508	0.48798	0.22824	0.00765	0.00988	0.01030	0.00430	0.00493
91	0.01650	0.42416	0.35246	0.01562	0.02360	0.02233	0.01835	0.02145	0.01444	0.01905	0.01101	0.01283	0.00890	0.00628	0.00547	0.00182	0.00878	0.00439	0.00297	0.00958
92	0.01318	0.01240	0.02093	0.73798	0.04806	0.01550	0.01938	0.01783	0.01395	0.01783	0.01240	0.01860	0.00930	0.00698	0.00698	0.00233	0.00930	0.00620	0.00310	0.00775
93	0.01291	0.00780	0.01030	0.00929	0.01147	0.00710	0.00710	0.01612	0.01978	0.12544	0.61123	0.04811	0.05896	0.01347	0.00806	0.00219	0.00367	0.01183	0.00782	0.00733
94	0.01304	0.00972	0.01085	0.01009	0.01256	0.01026	0.00770	0.02193	0.25350	0.02750	0.29437	0.03839	0.07434	0.01149	0.00713	0.00214	0.00407	0.00980	0.17304	0.00808
95	0.04837	0.01179	0.01770	0.05659	0.12953	0.01279	0.07707	0.05373	0.01495	0.02225	0.02157	0.23196	0.02184	0.01206	0.00945	0.00241	0.10999	0.01031	0.12779	0.00785
96	0.00864	0.00625	0.00838	0.00978	0.01033	0.00598	0.00667	0.01000	0.01323	0.01768	0.03750	0.65567	0.06445	0.02479	0.08111	0.00366	0.00550	0.01843	0.00620	0.00573
97	0.00850	0.00607	0.00810	0.00972	0.01012	0.00567	0.00648	0.00972	0.01336	0.01781	0.03846	0.75020	0.04615	0.02186	0.00891	0.00283	0.00405	0.01984	0.00648	0.00567
98	0.01447	0.01240	0.01447	0.01034	0.01654	0.00930	0.00827	0.01757	0.01447	0.02274	0.01240	0.01447	0.01034	0.00517	0.00517	0.00103	0.00517	0.00413	0.00413	0.79742
99	0.01257	0.01128	0.01851	0.57030	0.04005	0.01364	0.01722	0.01677	0.01428	0.01835	0.01816	0.07194	0.01678	0.00997	0.00755	0.00251	0.00850	0.12034	0.00387	0.00740
100	0.01239	0.01606	0.14122	0.01449	0.01895	0.05831	0.12857	0.01646	0.01721	0.02266	0.23716	0.04124	0.22286	0.01193	0.00782	0.00224	0.00671	0.01057	0.00550	0.00765
101	0.01908	0.49091	0.16458	0.01454	0.02092	0.14989	0.01487	0.02237	0.01528	0.01763	0.01044	0.01212	0.00894	0.00631	0.00521	0.00168	0.00892	0.00414	0.00309	0.00906
102	0.01412	0.02117	0.22660	0.02110	0.02724	0.01568	0.27859	0.01928	0.01504	0.02085	0.02302	0.02574	0.13411	0.00911	0.00989	0.00241	0.11522	0.00820	0.00382	0.00879
103	0.01015	0.00677	0.00761	0.00761	0.00761	0.00677	0.00423	0.01015	0.01015	0.01353	0.02199	0.04567	0.02537	0.75476	0.03552	0.00677	0.00677	0.01015	0.00423	0.00423
104	0.01212	0.00606	0.00909	0.00909	0.00909	0.00606	0.00606	0.00909	0.00909	0.01212	0.01212	0.02121	0.01212	0.02424	0.02727	0.79697	0.00606	0.00606	0.00303	0.00303
105	0.01134	0.00897	0.01200	0.01467	0.13435	0.00899	0.00841	0.01368	0.04786	0.01741	0.02905	0.11194	0.12137	0.34393	0.08190	0.00506	0.00727	0.01073	0.00474	0.00635
106	0.01661	0.01591	0.02713	0.15507	0.60416	0.01641	0.02109	0.02084	0.01558	0.02200	0.01301	0.01749	0.01077	0.00634	0.00692	0.00211	0.00845	0.00622	0.00340	0.01052
107	0.00997	0.00748	0.01121	0.01121	0.01246	0.00872	0.00872	0.01246	0.01121	0.01620	0.01869	0.02741	0.01745	0.05234	0.72710	0.01121	0.01869	0.00748	0.00374	0.00623
108	0.02567	0.01082	0.01416	0.01135	0.01581	0.00957	0.00919	0.04934	0.01935	0.51770	0.06744	0.06432	0.08518	0.01037	0.00716	0.00218	0.00538	0.00859	0.05602	0.01041
109	0.01489	0.01525	0.02509	0.02028	0.02212	0.01884	0.18533	0.01750	0.01243	0.01831	0.01337	0.09008	0.01324	0.01157	0.01776	0.00285	0.48164	0.00803	0.00352	0.00789
110	0.01041	0.00729	0.00955	0.01066	0.01155	0.00722	0.00820	0.01227	0.01373	0.01804	0.03254	0.18793	0.03660	0.24965	0.01760	0.00426	0.00611	0.34506	0.00575	0.00560
111	0.01400	0.03610	0.71860	0.01989	0.03020	0.01621	0.02578	0.02210	0.01473	0.02210	0.01252	0.01473	0.00884	0.00663	0.00663	0.00221	0.01031	0.00516	0.00295	0.01031
112	0.01344	0.03098	0.58248	0.01885	0.02757	0.01485	0.05790	0.02039	0.01447	0.02129	0.01542	0.08242	0.01313	0.04648	0.00841	0.00251	0.00965	0.00689	0.00336	0.00954
113	0.00937	0.00737	0.00858	0.00920	0.01070	0.00697	0.00653	0.01275	0.08348	0.01984	0.08308	0.40460	0.27429	0.01877	0.00846	0.00259	0.00398	0.01649	0.00660	0.00633
114	0.00864	0.00618	0.00822	0.00962	0.01015	0.00576	0.00649	0.01006	0.01400	0.01884	0.10574	0.68000	0.04813	0.02110	0.00884	0.00277	0.00397	0.01911	0.00660	0.00576
115	0.46472	0.01719	0.01523	0.01711	0.14998	0.14187	0.01114	0.02174	0.01423	0.02680	0.01136	0.01360	0.00912	0.00665	0.00521	0.00205	0.00711	0.00455	0.05208	0.00827
116	0.02607	0.03326	0.01978	0.01798	0.02157	0.72674	0.01348	0.02787	0.01978	0.01708	0.01079	0.01258	0.00899	0.00719	0.00629	0.00180	0.01258	0.00449	0.00360	0.00809
117	0.00999	0.00737	0.01070	0.01070	0.01177	0.00844	0.00808	0.01213	0.01106	0.01582	0.01916	0.03003	0.01858	0.15300	0.62799	0.01058	0.01698	0.00786	0.00381	0.00594
118	0.01869	0.01019	0.01470	0.01187	0.01574	0.00899	0.07603	0.02161	0.01853	0.29995	0.20384	0.04127	0.20468	0.01204	0.00775	0.00224	0.00526	0.01048	0.00734	0.00881

[dist]
# distance from previous block
# <min> <max>
0	18

[block]
# block no. 2 follows, 30 sequences, length 7
# corresponding to MSA columns:
# 629-635
name=unknown_C
#
# <colnr> <probs for GDERKNQSTAVLIFYWHMCP>
#	G	D	E	R	K	N	Q	S	T	A	V	L	I	F	Y	W	H	M	C	P
0	0.37845	0.02207	0.01509	0.01341	0.01752	0.32963	0.01046	0.02519	0.01622	0.09720	0.01207	0.01320	0.00921	0.00702	0.00548	0.00200	0.00863	0.00444	0.00445	0.00825
1	0.02406	0.01144	0.01441	0.01170	0.01595	0.01085	0.00943	0.07505	0.09423	0.41154	0.14506	0.02866	0.02586	0.00965	0.00704	0.00214	0.00531	0.00799	0.07926	0.01038
2	0.01318	0.01240	0.02093	0.73798	0.04806	0.01550	0.01938	0.01783	0.01395	0.01783	0.01240	0.01860	0.00930	0.00698	0.00698	0.00233	0.00930	0.00620	0.00310	0.00775
3	0.02080	0.02062	0.02152	0.02009	0.09363	0.21456	0.06202	0.13186	0.08550	0.04952	0.01489	0.01750	0.01196	0.01168	0.06289	0.00290	0.13803	0.00616	0.00457	0.00932
4	0.00891	0.00710	0.00799	0.00777	0.00983	0.00617	0.00582	0.01130	0.01747	0.02257	0.33023	0.06103	0.44653	0.01628	0.00824	0.00229	0.00344	0.01387	0.00697	0.00617
5	0.01005	0.00716	0.00960	0.00960	0.01029	0.00785	0.00671	0.01143	0.01074	0.01501	0.02016	0.03557	0.02099	0.36614	0.41814	0.00923	0.01336	0.00867	0.00396	0.00534
6	0.07443	0.10743	0.42318	0.05828	0.08416	0.09533	0.02092	0.02220	0.01507	0.02146	0.01187	0.01429	0.00898	0.00659	0.00624	0.00208	0.00968	0.00498	0.00317	0.00965

[dist]
# distance from previous block
# <min> <max>
0	8

[block]
# block no. 3 follows, 30 sequences, length 33
# corresponding to MSA columns:
# 644-676
name=unknown_D
#
# <colnr> <probs for GDERKNQSTAVLIFYWHMCP>
#	G	D	E	R	K	N	Q	S	T	A	V	L	I	F	Y	W	H	M	C	P
0	0.01541	0.01566	0.02183	0.54731	0.13865	0.10670	0.01891	0.01962	0.01497	0.01844	0.01230	0.01765	0.00951	0.00690	0.00688	0.00222	0.00958	0.00599	0.00321	0.00826
1	0.01212	0.00606	0.00909	0.00909	0.00909	0.00606	0.00606	0.00909	0.00909	0.01212	0.01212	0.02121	0.01212	0.02424	0.02727	0.79697	0.00606	0.00606	0.00303	0.00303
2	0.01019	0.00761	0.00977	0.01055	0.01236	0.00719	0.00879	0.01302	0.01670	0.02163	0.16862	0.07074	0.22509	0.01793	0.00901	0.00280	0.00507	0.36996	0.00667	0.00631
3	0.01620	0.08127	0.35883	0.02487	0.20393	0.01640	0.07003	0.02209	0.01570	0.06416	0.05055	0.01796	0.01310	0.00695	0.00677	0.00213	0.00904	0.00606	0.00372	0.01023
4	0.01212	0.00606	0.00909	0.00909	0.00909	0.00606	0.00606	0.00909	0.00909	0.01212	0.01212	0.02121	0.01212	0.02424	0.02727	0.79697	0.00606	0.00606	0.00303	0.00303
5	0.02089	0.02219	0.02248	0.02800	0.33238	0.28592	0.01625	0.07224	0.01849	0.02248	0.01341	0.01627	0.01097	0.00693	0.00649	0.00193	0.00940	0.00559	0.07813	0.00956
6	0.01333	0.01143	0.01312	0.00974	0.01524	0.00868	0.00773	0.01619	0.01473	0.02203	0.02306	0.02410	0.13793	0.00745	0.00573	0.00128	0.00487	0.00607	0.00456	0.65274
7	0.02066	0.39698	0.09325	0.01360	0.01943	0.06519	0.01305	0.16564	0.01893	0.06089	0.01339	0.01448	0.01062	0.00691	0.00549	0.00175	0.00772	0.00482	0.05755	0.00965
8	0.08999	0.29806	0.18109	0.01493	0.06622	0.01857	0.01419	0.01982	0.01438	0.02075	0.01548	0.01705	0.06043	0.00691	0.00550	0.00174	0.00730	0.00510	0.00358	0.13891
9	0.01894	0.01858	0.02473	0.09106	0.30298	0.10816	0.08002	0.09435	0.14283	0.02497	0.01603	0.01848	0.01255	0.00720	0.00700	0.00214	0.00869	0.00650	0.00448	0.01031
10	0.22198	0.01175	0.01318	0.01082	0.01517	0.01154	0.00879	0.07415	0.01837	0.33120	0.10471	0.02845	0.10176	0.00978	0.00661	0.00218	0.00535	0.00769	0.00705	0.00947
11	0.01118	0.00657	0.00939	0.00939	0.00973	0.00691	0.00644	0.01019	0.00986	0.01348	0.01570	0.02735	0.01598	0.16535	0.21753	0.44060	0.00960	0.00719	0.00344	0.00411
12	0.00971	0.00721	0.00914	0.01022	0.01161	0.00680	0.00805	0.01184	0.01495	0.01910	0.04505	0.24063	0.21362	0.06916	0.01084	0.00314	0.00511	0.29158	0.00630	0.00595
13	0.01355	0.01088	0.01734	0.01477	0.01770	0.01069	0.16531	0.08968	0.01699	0.02394	0.04650	0.26292	0.02874	0.01361	0.00787	0.00245	0.00637	0.09345	0.14973	0.00750
14	0.01000	0.00737	0.01066	0.01066	0.01171	0.00842	0.00803	0.01210	0.01105	0.01579	0.01920	0.03024	0.01867	0.16094	0.62017	0.01053	0.01685	0.00789	0.00381	0.00592
15	0.01189	0.00910	0.00975	0.00884	0.01154	0.00866	0.00683	0.12271	0.01935	0.02524	0.18152	0.05318	0.42301	0.01484	0.00781	0.00223	0.00415	0.01237	0.05992	0.00705
16	0.01936	0.02097	0.02475	0.03171	0.40036	0.21406	0.01816	0.02240	0.01607	0.02018	0.01179	0.01563	0.01015	0.00752	0.00951	0.00217	0.13643	0.00572	0.00342	0.00964
17	0.01015	0.00677	0.00761	0.00761	0.00761	0.00677	0.00423	0.01015	0.01015	0.01353	0.02199	0.04567	0.02537	0.75476	0.03552	0.00677	0.00677	0.01015	0.00423	0.00423
18	0.01400	0.03610	0.71860	0.01989	0.03020	0.01621	0.02578	0.02210	0.01473	0.02210	0.01252	0.01473	0.00884	0.00663	0.00663	0.00221	0.01031	0.00516	0.00295	0.01031
19	0.01400	0.03610	0.71860	0.01989	0.03020	0.01621	0.02578	0.02210	0.01473	0.02210	0.01252	0.01473	0.00884	0.00663	0.00663	0.00221	0.01031	0.00516	0.00295	0.01031
20	0.01337	0.01790	0.18294	0.57123	0.04391	0.01567	0.02087	0.01882	0.01413	0.01882	0.01243	0.01771	0.00919	0.00690	0.00690	0.00230	0.00954	0.00596	0.00306	0.00835
21	0.01333	0.00713	0.00718	0.00707	0.00886	0.00730	0.00533	0.01779	0.06477	0.02625	0.02318	0.02602	0.01814	0.00823	0.00504	0.00168	0.00342	0.00661	0.73586	0.00684
22	0.51839	0.01423	0.01612	0.08565	0.20518	0.01589	0.01239	0.02051	0.01315	0.02776	0.01089	0.01361	0.00866	0.00645	0.00526	0.00215	0.00654	0.00466	0.00397	0.00852
23	0.01400	0.03610	0.71860	0.01989	0.03020	0.01621	0.02578	0.02210	0.01473	0.02210	0.01252	0.01473	0.00884	0.00663	0.00663	0.00221	0.01031	0.00516	0.00295	0.01031
24	0.00846	0.00674	0.00758	0.00809	0.00973	0.00587	0.00579	0.01015	0.01534	0.01919	0.10783	0.29538	0.43764	0.01882	0.00847	0.00250	0.00369	0.01628	0.00657	0.00587
25	0.01709	0.26757	0.25821	0.02207	0.13828	0.06350	0.09855	0.02197	0.01526	0.02008	0.01178	0.01435	0.00946	0.00629	0.00614	0.00194	0.00936	0.00519	0.00315	0.00975
26	0.01561	0.01375	0.01860	0.29200	0.13442	0.06584	0.01504	0.09221	0.01681	0.04290	0.01992	0.20260	0.01938	0.01084	0.00741	0.00235	0.00778	0.00956	0.00465	0.00834
27	0.02361	0.00962	0.01212	0.00993	0.01374	0.00868	0.00799	0.02654	0.01773	0.42586	0.02553	0.02470	0.01753	0.00842	0.00612	0.00193	0.00481	0.00680	0.33871	0.00962
28	0.01318	0.01240	0.02093	0.73798	0.04806	0.01550	0.01938	0.01783	0.01395	0.01783	0.01240	0.01860	0.00930	0.00698	0.00698	0.00233	0.00930	0.00620	0.00310	0.00775
29	0.05813	0.04489	0.26330	0.07003	0.10646	0.13045	0.12649	0.05639	0.01681	0.04387	0.01302	0.01571	0.00978	0.00670	0.00674	0.00213	0.01002	0.00574	0.00366	0.00968
30	0.01105	0.00755	0.00880	0.00823	0.01060	0.00657	0.00626	0.01349	0.01778	0.08801	0.31320	0.05725	0.39456	0.01550	0.00813	0.00228	0.00367	0.01319	0.00715	0.00672
31	0.01020	0.00700	0.00862	0.00926	0.00974	0.00694	0.00636	0.01120	0.01213	0.01604	0.02818	0.15342	0.03212	0.46119	0.02507	0.00529	0.00629	0.18082	0.00511	0.00500
32	0.01629	0.02910	0.39646	0.07610	0.15897	0.13067	0.02173	0.02214	0.01575	0.02099	0.01453	0.01712	0.03555	0.00708	0.00671	0.00213	0.00997	0.00569	0.00329	0.00974

[dist]
# distance from previous block
# <min> <max>
4	11

[block]
# block no. 4 follows, 30 sequences, length 11
# corresponding to MSA columns:
# 688-698
name=unknown_E
#
# <colnr> <probs for GDERKNQSTAVLIFYWHMCP>
#	G	D	E	R	K	N	Q	S	T	A	V	L	I	F	Y	W	H	M	C	P
0	0.01595	0.04083	0.30004	0.01695	0.06491	0.04706	0.01657	0.07097	0.01604	0.05864	0.07196	0.02247	0.01639	0.01160	0.01108	0.16354	0.00817	0.03419	0.00418	0.00847
1	0.02345	0.01523	0.01756	0.16045	0.02410	0.07200	0.01254	0.21659	0.02175	0.23434	0.01938	0.02008	0.01351	0.00804	0.00666	0.00208	0.00731	0.00637	0.10854	0.01003
2	0.01141	0.00929	0.01483	0.01245	0.01402	0.00920	0.14312	0.01289	0.01155	0.01562	0.02002	0.03815	0.02147	0.52313	0.10835	0.00637	0.00913	0.00946	0.00403	0.00551
3	0.00925	0.00684	0.00896	0.00969	0.01088	0.00655	0.00716	0.01135	0.01505	0.02017	0.17622	0.33959	0.14168	0.02338	0.10201	0.00377	0.00599	0.08905	0.00636	0.00605
4	0.01625	0.01728	0.11326	0.17837	0.40383	0.01525	0.01997	0.02074	0.01542	0.06080	0.01534	0.06455	0.01301	0.00757	0.00702	0.00220	0.00835	0.00700	0.00381	0.00998
5	0.01230	0.00736	0.00919	0.00898	0.00983	0.00731	0.00589	0.01314	0.01185	0.09411	0.02431	0.13429	0.02603	0.46684	0.13285	0.00639	0.00810	0.01068	0.00495	0.00559
6	0.06654	0.00849	0.00973	0.00864	0.01151	0.00788	0.00675	0.01894	0.01696	0.19206	0.15934	0.03800	0.17136	0.01129	0.00669	0.00205	0.00411	0.00931	0.24260	0.00776
7	0.01969	0.01519	0.02509	0.10910	0.50135	0.01518	0.01894	0.02360	0.01652	0.16302	0.01597	0.01873	0.01213	0.00679	0.00694	0.00212	0.00792	0.00638	0.00447	0.01088
8	0.00999	0.00675	0.00767	0.00767	0.00815	0.00651	0.00465	0.01000	0.01120	0.01445	0.03076	0.04726	0.16253	0.52234	0.02905	0.09542	0.00603	0.01061	0.00455	0.00443
9	0.01383	0.03129	0.57696	0.16567	0.03383	0.01606	0.02448	0.02123	0.01457	0.02123	0.01250	0.01552	0.00893	0.00670	0.00670	0.00223	0.01011	0.00537	0.00298	0.00979
10	0.01409	0.02135	0.26255	0.06688	0.07153	0.01380	0.15275	0.01941	0.01489	0.02153	0.01599	0.10488	0.01418	0.00802	0.00697	0.00207	0.00861	0.00748	0.00378	0.16924

[dist]
# distance from previous block
# <min> <max>
0	9

[block]
# block no. 5 follows, 30 sequences, length 13
# corresponding to MSA columns:
# 708-720
name=unknown_F
#
# <colnr> <probs for GDERKNQSTAVLIFYWHMCP>
#	G	D	E	R	K	N	Q	S	T	A	V	L	I	F	Y	W	H	M	C	P
0	0.02109	0.01616	0.09283	0.02010	0.10293	0.01358	0.15186	0.07655	0.01854	0.25950	0.07472	0.02310	0.01782	0.01149	0.06456	0.00291	0.00879	0.00742	0.00582	0.01024
1	0.08402	0.00967	0.01097	0.00952	0.01275	0.00918	0.00747	0.07200	0.01755	0.19361	0.08904	0.03936	0.26006	0.01319	0.00873	0.06536	0.00477	0.00966	0.07521	0.00786
2	0.01136	0.00743	0.00910	0.00879	0.01009	0.00734	0.00611	0.01263	0.01255	0.07193	0.03289	0.04421	0.18113	0.34384	0.20407	0.00651	0.00900	0.01027	0.00498	0.00574
3	0.01837	0.11059	0.22263	0.01648	0.02234	0.18027	0.06522	0.03628	0.01756	0.07742	0.12910	0.03720	0.02003	0.00843	0.00677	0.00205	0.00891	0.00680	0.00455	0.00901
4	0.01403	0.01311	0.02218	0.02843	0.36193	0.01275	0.09335	0.01752	0.01559	0.02126	0.02712	0.14354	0.11096	0.01142	0.00782	0.00237	0.00723	0.07588	0.00463	0.00889
5	0.01786	0.00928	0.01330	0.01171	0.01469	0.00858	0.06246	0.02067	0.01635	0.24277	0.02888	0.19884	0.02626	0.01259	0.00732	0.00232	0.00535	0.08650	0.20605	0.00824
6	0.01053	0.00832	0.00931	0.00887	0.01115	0.00785	0.00669	0.05487	0.06524	0.02381	0.25533	0.11669	0.36382	0.01586	0.00814	0.00233	0.00390	0.01354	0.00692	0.00681
7	0.07680	0.10369	0.51130	0.01723	0.02557	0.01644	0.02095	0.02073	0.01404	0.02157	0.01273	0.01558	0.00975	0.01187	0.09013	0.00318	0.01061	0.00517	0.00315	0.00948
8	0.01230	0.00954	0.01105	0.01078	0.01271	0.01007	0.00786	0.06398	0.18092	0.02282	0.09711	0.26180	0.09385	0.10445	0.06464	0.00365	0.00594	0.01282	0.00631	0.00738
9	0.00899	0.00648	0.00851	0.00944	0.01015	0.00626	0.00647	0.01051	0.01368	0.01848	0.11728	0.47895	0.07354	0.09802	0.09511	0.00411	0.00591	0.01631	0.00608	0.00571
10	0.06085	0.07483	0.07154	0.01674	0.09954	0.08484	0.06535	0.01921	0.01536	0.02159	0.01976	0.02146	0.10163	0.00744	0.00614	0.00170	0.00716	0.00615	0.00409	0.29461
11	0.02056	0.11883	0.12194	0.01549	0.04034	0.14088	0.01368	0.14812	0.03914	0.08033	0.04276	0.01687	0.01315	0.00724	0.00620	0.00180	0.00807	0.00544	0.00482	0.15434
12	0.01697	0.14258	0.15130	0.01439	0.01986	0.06958	0.03787	0.13275	0.11194	0.02466	0.02836	0.02818	0.17342	0.00978	0.00681	0.00210	0.00740	0.00777	0.00508	0.00922

[dist]
# distance from previous block
# <min> <max>
1	6

[block]
# block no. 6 follows, 30 sequences, length 34
# corresponding to MSA columns:
# 727-760
name=unknown_G
#
# <colnr> <probs for GDERKNQSTAVLIFYWHMCP>
#	G	D	E	R	K	N	Q	S	T	A	V	L	I	F	Y	W	H	M	C	P
0	0.00885	0.00651	0.00809	0.00888	0.00984	0.00597	0.00609	0.01044	0.01474	0.01952	0.16632	0.43652	0.17018	0.08113	0.01089	0.00296	0.00404	0.01675	0.00651	0.00576
1	0.12077	0.33644	0.02432	0.01287	0.01771	0.07690	0.01117	0.02724	0.26186	0.02302	0.01655	0.01669	0.01324	0.00740	0.00555	0.00192	0.00689	0.00530	0.00469	0.00946
2	0.01602	0.06641	0.44039	0.01831	0.02606	0.01656	0.05047	0.02194	0.01463	0.07929	0.01322	0.01554	0.00979	0.00740	0.00880	0.00220	0.11260	0.00543	0.00356	0.07137
3	0.01627	0.08658	0.14328	0.06015	0.13464	0.04980	0.06528	0.06520	0.01562	0.03360	0.01598	0.11817	0.01499	0.00976	0.00982	0.00235	0.13774	0.00777	0.00400	0.00902
4	0.01057	0.00735	0.00829	0.00830	0.00864	0.00750	0.00495	0.01221	0.06414	0.01511	0.02387	0.10320	0.02679	0.63516	0.03107	0.00609	0.00644	0.01078	0.00464	0.00488
5	0.01008	0.00700	0.00878	0.00874	0.00923	0.00731	0.00571	0.01105	0.01120	0.01543	0.07453	0.04092	0.02625	0.49489	0.23236	0.00769	0.00993	0.00957	0.00436	0.00499
6	0.01121	0.00857	0.00973	0.00949	0.01160	0.00821	0.00710	0.10500	0.01789	0.02310	0.12573	0.24690	0.31319	0.03264	0.00888	0.00256	0.00441	0.04043	0.00664	0.00673
7	0.01727	0.01422	0.02109	0.02650	0.33190	0.01518	0.01516	0.11190	0.01657	0.05856	0.01589	0.02282	0.01417	0.13251	0.07695	0.00375	0.08493	0.00700	0.00432	0.00932
8	0.01005	0.00681	0.00797	0.00792	0.00837	0.00670	0.00488	0.01043	0.01157	0.01538	0.08598	0.04600	0.10030	0.52941	0.06152	0.06036	0.00662	0.01045	0.00466	0.00462
9	0.02846	0.01320	0.01642	0.01273	0.01782	0.01262	0.01047	0.18810	0.02253	0.49143	0.02452	0.02230	0.01604	0.00853	0.00681	0.00209	0.00610	0.00679	0.08167	0.01137
10	0.02098	0.22215	0.09042	0.06803	0.05593	0.14820	0.12830	0.02461	0.01671	0.13984	0.01433	0.01602	0.01079	0.00678	0.00636	0.00196	0.00928	0.00561	0.00419	0.00951
11	0.01169	0.00730	0.00851	0.00811	0.00912	0.00693	0.00521	0.01260	0.01306	0.07728	0.11960	0.04754	0.12308	0.49167	0.02572	0.00516	0.00579	0.01083	0.00537	0.00543
12	0.01281	0.02807	0.52566	0.01674	0.02429	0.01355	0.02013	0.01882	0.01377	0.02015	0.01652	0.08442	0.01513	0.14594	0.01216	0.00310	0.00911	0.00735	0.00349	0.00879
13	0.01323	0.02039	0.27643	0.01634	0.02211	0.01306	0.09865	0.02093	0.11936	0.02444	0.20594	0.08875	0.02954	0.01031	0.00753	0.00230	0.00734	0.00921	0.00523	0.00891
14	0.01639	0.02404	0.25214	0.23794	0.05571	0.13072	0.03852	0.06799	0.01659	0.02127	0.01435	0.06641	0.01191	0.00796	0.00692	0.00221	0.00973	0.00658	0.00366	0.00897
15	0.01673	0.02575	0.25391	0.05629	0.03113	0.11554	0.28316	0.02228	0.01568	0.02079	0.01258	0.01628	0.00960	0.00698	0.00883	0.00230	0.08319	0.00642	0.00328	0.00927
16	0.17723	0.01916	0.01973	0.17944	0.15875	0.20492	0.01511	0.02239	0.01549	0.05295	0.01202	0.01527	0.00956	0.00725	0.00743	0.00215	0.06345	0.00529	0.00379	0.00862
17	0.01841	0.07723	0.20993	0.02296	0.15116	0.23595	0.07603	0.02266	0.01650	0.01995	0.01422	0.07631	0.01258	0.00789	0.00676	0.00207	0.01005	0.00655	0.00359	0.00920
18	0.01035	0.00811	0.01046	0.01009	0.01158	0.00824	0.03352	0.01347	0.07355	0.01767	0.03444	0.14561	0.17373	0.22965	0.18243	0.00570	0.00852	0.01165	0.00516	0.00607
19	0.07123	0.15326	0.39932	0.01645	0.02438	0.01789	0.01893	0.04358	0.08760	0.08225	0.01492	0.01591	0.01089	0.00703	0.00620	0.00209	0.00853	0.00530	0.00409	0.01015
20	0.18234	0.02219	0.24057	0.24752	0.07838	0.07546	0.01855	0.02084	0.01438	0.02232	0.01179	0.01524	0.00888	0.00673	0.00624	0.00219	0.00900	0.00521	0.00338	0.00878
21	0.02782	0.01135	0.01483	0.01172	0.01650	0.01022	0.00957	0.03176	0.06583	0.57344	0.02693	0.02422	0.01764	0.00862	0.00673	0.00210	0.00554	0.00701	0.11710	0.01108
22	0.01447	0.01561	0.08734	0.09420	0.16541	0.04137	0.03687	0.07815	0.06415	0.02291	0.03476	0.03530	0.25907	0.01085	0.00740	0.00223	0.00695	0.00925	0.00502	0.00870
23	0.01990	0.08102	0.08416	0.05236	0.25917	0.10386	0.03940	0.04974	0.01759	0.13291	0.05228	0.02075	0.04084	0.00769	0.00679	0.00205	0.00825	0.00655	0.00467	0.01000
24	0.00859	0.00689	0.00767	0.00789	0.00974	0.00597	0.00576	0.01052	0.01610	0.02027	0.17761	0.19659	0.46616	0.01788	0.00837	0.00242	0.00359	0.01534	0.00669	0.00597
25	0.01044	0.00715	0.00992	0.01006	0.01126	0.00797	0.00764	0.01289	0.01202	0.01814	0.02125	0.08836	0.02021	0.06524	0.50358	0.00851	0.01407	0.00842	0.15672	0.00617
26	0.01782	0.02583	0.22919	0.06791	0.02637	0.20602	0.11061	0.07964	0.01801	0.02195	0.02069	0.02242	0.10619	0.00838	0.00704	0.00214	0.00989	0.00690	0.00405	0.00894
