[name]
unknown

[dist]
# distance from previous block
# <min> <max>
0	26

[block]
# block no. 0 follows, 28 sequences, length 17
# corresponding to MSA columns:
# 28-44
name=unknown_A
#
# <colnr> <probs for GDERKNQSTAVLIFYWHMCP>
#	G	D	E	R	K	N	Q	S	T	A	V	L	I	F	Y	W	H	M	C	P
0	0.01821	0.01556	0.01980	0.11422	0.06630	0.08559	0.06516	0.07888	0.08859	0.07596	0.02389	0.03864	0.02184	0.01187	0.00902	0.00264	0.04613	0.20300	0.00562	0.00909
1	0.01968	0.13554	0.02177	0.07008	0.06826	0.09314	0.01264	0.10876	0.08906	0.05398	0.04514	0.01853	0.01459	0.00744	0.00634	0.00181	0.00749	0.00581	0.00499	0.21494
2	0.10261	0.02215	0.02236	0.09703	0.07374	0.26425	0.10487	0.02566	0.06368	0.05481	0.01423	0.01663	0.01107	0.00714	0.00671	0.00205	0.00987	0.00579	0.00431	0.09104
3	0.01488	0.01498	0.04730	0.25816	0.02752	0.08755	0.01418	0.04480	0.01440	0.01851	0.01557	0.02534	0.01447	0.17226	0.11195	0.00469	0.09498	0.00728	0.00378	0.00739
4	0.00961	0.00706	0.00917	0.00950	0.01080	0.00662	0.00685	0.01205	0.01713	0.02348	0.34774	0.29547	0.12337	0.02104	0.06275	0.00325	0.00496	0.01562	0.00712	0.00642
5	0.01356	0.01438	0.09313	0.12072	0.22997	0.01253	0.01532	0.01721	0.01524	0.02133	0.11751	0.07883	0.02491	0.14157	0.04995	0.00365	0.00823	0.00910	0.00451	0.00837
6	0.01114	0.00671	0.00804	0.00900	0.01009	0.00651	0.00651	0.01352	0.01476	0.02252	0.03291	0.37142	0.03486	0.01639	0.00755	0.00245	0.00410	0.07497	0.34021	0.00635
7	0.24142	0.09336	0.15983	0.01626	0.06526	0.01805	0.01458	0.09419	0.10839	0.09904	0.01629	0.01694	0.01200	0.00757	0.00616	0.00221	0.00741	0.00560	0.00516	0.01028
8	0.02132	0.01731	0.11135	0.03868	0.02215	0.01405	0.05407	0.13333	0.07081	0.20450	0.02314	0.07259	0.03926	0.00920	0.00720	0.00215	0.00721	0.00777	0.00627	0.13764
9	0.01962	0.03148	0.42553	0.01905	0.02746	0.09120	0.02130	0.16627	0.05216	0.05530	0.01523	0.01651	0.01088	0.00759	0.00699	0.00224	0.00997	0.00577	0.00450	0.01095
10	0.79588	0.01406	0.01068	0.00956	0.01406	0.01631	0.00787	0.02137	0.01237	0.03261	0.01012	0.01181	0.00787	0.00675	0.00450	0.00225	0.00562	0.00394	0.00450	0.00787
11	0.01277	0.01066	0.01241	0.00975	0.01441	0.00839	0.00763	0.01577	0.01653	0.02402	0.16821	0.03428	0.16004	0.00998	0.00669	0.00161	0.00463	0.00837	0.00557	0.46829
12	0.01658	0.01667	0.02428	0.42214	0.26651	0.08989	0.02026	0.02093	0.01585	0.02024	0.01300	0.01825	0.01027	0.00702	0.00717	0.00228	0.00969	0.00628	0.00341	0.00927
13	0.01996	0.10295	0.02039	0.01469	0.01932	0.22424	0.01184	0.07160	0.01756	0.02188	0.01244	0.01508	0.01057	0.00970	0.04498	0.00223	0.08395	0.00494	0.00409	0.28761
14	0.01560	0.01015	0.01193	0.01077	0.01363	0.01017	0.00829	0.05569	0.14730	0.11473	0.26932	0.09446	0.10486	0.01314	0.00782	0.00232	0.00455	0.01126	0.08541	0.00859
15	0.12175	0.01608	0.09125	0.01280	0.01646	0.07289	0.01086	0.05345	0.10028	0.02265	0.01726	0.02390	0.01533	0.12894	0.12141	0.08682	0.00936	0.00672	0.00452	0.06727
16	0.12688	0.11162	0.16593	0.01561	0.02176	0.09213	0.01492	0.12325	0.15412	0.07985	0.01728	0.01759	0.01281	0.00789	0.00645	0.00217	0.00817	0.00582	0.00528	0.01045

[dist]
# distance from previous block
# <min> <max>
5	24

[block]
# block no. 1 follows, 28 sequences, length 83
# corresponding to MSA columns:
# 69-151
name=unknown_B
#
# <colnr> <probs for GDERKNQSTAVLIFYWHMCP>
#	G	D	E	R	K	N	Q	S	T	A	V	L	I	F	Y	W	H	M	C	P
0	0.01662	0.14323	0.16773	0.01701	0.08039	0.12028	0.01463	0.05149	0.01692	0.02162	0.02350	0.14293	0.08107	0.01079	0.00696	0.00218	0.00802	0.00878	0.05706	0.00879
1	0.06930	0.07013	0.32927	0.02381	0.18547	0.04542	0.02059	0.02254	0.01552	0.05569	0.01412	0.01716	0.01097	0.01149	0.07530	0.00311	0.01044	0.00575	0.00369	0.01022
2	0.01151	0.01309	0.12443	0.01377	0.08075	0.00943	0.01034	0.01393	0.01382	0.01872	0.07517	0.08600	0.13773	0.33678	0.02079	0.00445	0.00683	0.01090	0.00488	0.00669
3	0.01250	0.01452	0.13634	0.01597	0.11441	0.01041	0.01238	0.03645	0.01770	0.02472	0.20696	0.07087	0.20477	0.01271	0.00776	0.00229	0.00573	0.01090	0.07445	0.00817
4	0.01627	0.09716	0.29676	0.05254	0.31341	0.01771	0.02231	0.02200	0.01603	0.02289	0.04609	0.01812	0.01309	0.00705	0.00690	0.00217	0.00916	0.00611	0.00354	0.01065
5	0.04711	0.04738	0.02053	0.12387	0.04641	0.37261	0.01441	0.10105	0.08256	0.02296	0.01511	0.04590	0.01257	0.00836	0.00683	0.00210	0.01042	0.00616	0.00454	0.00912
6	0.01124	0.00865	0.01001	0.01021	0.01198	0.00855	0.00743	0.04643	0.09594	0.02211	0.09264	0.29046	0.20857	0.08856	0.01146	0.00310	0.00481	0.05421	0.00671	0.00692
7	0.02021	0.14201	0.12998	0.04962	0.21990	0.01946	0.06004	0.15295	0.01967	0.07228	0.01506	0.01791	0.01176	0.02884	0.00772	0.00226	0.00874	0.00620	0.00455	0.01082
8	0.00937	0.00747	0.00839	0.00875	0.01077	0.00661	0.00673	0.01147	0.01642	0.02032	0.10489	0.10920	0.46680	0.05392	0.01027	0.00285	0.00440	0.12847	0.00671	0.00619
9	0.01805	0.06355	0.06281	0.06985	0.57326	0.04206	0.02155	0.02238	0.01644	0.02288	0.01331	0.01736	0.01111	0.00655	0.00701	0.00213	0.00889	0.00620	0.00353	0.01109
10	0.01028	0.00739	0.00873	0.00888	0.00997	0.00703	0.00623	0.01183	0.01466	0.01928	0.16371	0.05878	0.17565	0.34386	0.02156	0.00462	0.00561	0.11041	0.00593	0.00558
11	0.01368	0.01347	0.01308	0.05614	0.01638	0.12730	0.00980	0.01730	0.08050	0.01973	0.03770	0.28065	0.18628	0.01607	0.00970	0.00260	0.07326	0.01335	0.00577	0.00724
12	0.01899	0.02131	0.14172	0.03511	0.43421	0.01816	0.06153	0.13183	0.01934	0.02729	0.01426	0.01756	0.01124	0.00690	0.00725	0.00220	0.00910	0.00643	0.00413	0.01142
13	0.01862	0.01917	0.01875	0.06755	0.12896	0.25184	0.04490	0.02150	0.01775	0.04241	0.07866	0.14085	0.02263	0.01058	0.00731	0.00219	0.00863	0.00897	0.08034	0.00837
14	0.06663	0.09291	0.19032	0.01975	0.10737	0.01936	0.01688	0.13667	0.22205	0.02919	0.01842	0.01903	0.01390	0.00798	0.00679	0.00224	0.00790	0.00634	0.00524	0.01103
15	0.01747	0.02245	0.22916	0.10293	0.05540	0.03828	0.01711	0.15044	0.01883	0.02643	0.01451	0.01840	0.01152	0.05665	0.00870	0.00231	0.00857	0.00586	0.00435	0.19062
16	0.01898	0.19778	0.25758	0.01653	0.02305	0.16530	0.01705	0.07684	0.01745	0.02181	0.01347	0.01671	0.01108	0.04153	0.04947	0.00277	0.01045	0.00539	0.02734	0.00942
17	0.01280	0.01489	0.11650	0.14348	0.02322	0.01429	0.01476	0.01598	0.01291	0.01836	0.01861	0.14964	0.01891	0.06663	0.13174	0.00454	0.20190	0.00929	0.00401	0.00754
18	0.01585	0.01041	0.01225	0.01107	0.01392	0.01018	0.00846	0.15289	0.02075	0.10912	0.15937	0.23496	0.17992	0.01581	0.00835	0.00248	0.00499	0.01360	0.00736	0.00826
19	0.01219	0.01176	0.01038	0.01018	0.01232	0.12428	0.00750	0.01438	0.01792	0.02177	0.22870	0.16211	0.30711	0.01631	0.00836	0.00239	0.00527	0.01381	0.00659	0.00668
20	0.01275	0.00764	0.00931	0.00906	0.01022	0.00719	0.00600	0.01393	0.01422	0.10065	0.12537	0.17068	0.08037	0.37481	0.02253	0.00475	0.00570	0.01266	0.00604	0.00610
21	0.01639	0.30288	0.45745	0.01763	0.02669	0.02131	0.02148	0.02255	0.01513	0.02081	0.01195	0.01397	0.00925	0.00665	0.00607	0.00202	0.00964	0.00482	0.00308	0.01022
22	0.00916	0.00717	0.00825	0.00883	0.01051	0.00637	0.00649	0.01101	0.01586	0.01991	0.09820	0.25010	0.38950	0.05068	0.01013	0.00286	0.00425	0.07790	0.00672	0.00610
23	0.01890	0.02062	0.15910	0.02828	0.31097	0.01685	0.01901	0.16649	0.02069	0.05010	0.07278	0.02266	0.04434	0.00831	0.00733	0.00222	0.00821	0.00721	0.00497	0.01098
24	0.65884	0.01773	0.01245	0.01119	0.01556	0.14093	0.00897	0.02273	0.01384	0.02997	0.01032	0.01204	0.00814	0.00688	0.00486	0.00218	0.00696	0.00407	0.00436	0.00797
25	0.00921	0.00675	0.00865	0.00951	0.01054	0.00619	0.00662	0.01113	0.01605	0.02155	0.22127	0.47085	0.13470	0.02009	0.00900	0.00271	0.00394	0.01797	0.00709	0.00619
26	0.02184	0.47028	0.06453	0.01499	0.02058	0.26288	0.01369	0.02431	0.01679	0.01762	0.01063	0.01233	0.00933	0.00669	0.00542	0.00170	0.00974	0.00423	0.00332	0.00909
27	0.01802	0.01034	0.01303	0.01112	0.01434	0.00989	0.00873	0.08446	0.05421	0.20253	0.42789	0.04190	0.04803	0.01253	0.00807	0.00228	0.00469	0.01078	0.00815	0.00902
28	0.02872	0.01743	0.01986	0.01535	0.02100	0.01834	0.01264	0.42525	0.06816	0.26338	0.02189	0.02044	0.01481	0.00888	0.00729	0.00222	0.00726	0.00690	0.00785	0.01231
29	0.00937	0.00732	0.00797	0.00808	0.00980	0.00653	0.00578	0.01098	0.01540	0.01915	0.10407	0.08641	0.43489	0.18549	0.01524	0.00357	0.00464	0.05319	0.00630	0.00582
30	0.02902	0.01210	0.01617	0.01242	0.01788	0.01031	0.01018	0.03192	0.02011	0.57773	0.07171	0.02558	0.02054	0.00896	0.00717	0.00211	0.00590	0.00735	0.00837	0.10446
31	0.02715	0.03464	0.02060	0.01873	0.02247	0.71536	0.01404	0.02903	0.02060	0.01779	0.01124	0.01311	0.00936	0.00749	0.00655	0.00187	0.01311	0.00468	0.00375	0.00843
32	0.10650	0.01253	0.01627	0.01261	0.01812	0.01123	0.01041	0.03406	0.01999	0.63921	0.02688	0.02349	0.01701	0.00878	0.00704	0.00225	0.00613	0.00698	0.00856	0.01194
33	0.00896	0.00662	0.00815	0.00930	0.01013	0.00607	0.00625	0.01023	0.01418	0.01836	0.04578	0.52562	0.18839	0.09168	0.01181	0.00324	0.00437	0.01852	0.00652	0.00581
34	0.01373	0.01292	0.02180	0.72707	0.05006	0.01615	0.02019	0.01857	0.01453	0.01857	0.01292	0.01938	0.00969	0.00727	0.00727	0.00242	0.00969	0.00646	0.00323	0.00807
35	0.01373	0.01292	0.02180	0.72707	0.05006	0.01615	0.02019	0.01857	0.01453	0.01857	0.01292	0.01938	0.00969	0.00727	0.00727	0.00242	0.00969	0.00646	0.00323	0.00807
36	0.00870	0.00737	0.00751	0.00747	0.00988	0.00618	0.00560	0.01063	0.01681	0.02022	0.11176	0.06900	0.65776	0.01819	0.00859	0.00244	0.00367	0.01521	0.00683	0.00618
37	0.00954	0.00681	0.00922	0.01090	0.01163	0.00649	0.00794	0.01130	0.01459	0.01932	0.03969	0.58219	0.04658	0.02213	0.00946	0.00305	0.00481	0.17151	0.00673	0.00609
38	0.00872	0.00687	0.00788	0.00869	0.01017	0.00603	0.00611	0.01028	0.01530	0.01912	0.05754	0.39119	0.38540	0.02050	0.00892	0.00269	0.00394	0.01789	0.00675	0.00603
39	0.02715	0.01436	0.01742	0.01364	0.01868	0.01422	0.01115	0.25705	0.02548	0.36005	0.13563	0.02709	0.02443	0.00988	0.00751	0.00223	0.00637	0.00801	0.00822	0.01145
40	0.01458	0.03760	0.70688	0.02072	0.03146	0.01688	0.02686	0.02302	0.01535	0.02302	0.01304	0.01535	0.00921	0.00691	0.00691	0.00230	0.01074	0.00537	0.00307	0.01074
41	0.01003	0.00742	0.00935	0.00887	0.01070	0.00675	0.00665	0.01321	0.01996	0.02768	0.59903	0.05672	0.16583	0.01541	0.00858	0.00231	0.00347	0.01349	0.00781	0.00675
42	0.01507	0.01292	0.01507	0.01077	0.01723	0.00969	0.00861	0.01830	0.01507	0.02369	0.01292	0.01507	0.01077	0.00538	0.00538	0.00108	0.00538	0.00431	0.00431	0.78898
43	0.01965	0.01639	0.01732	0.01511	0.01950	0.01881	0.01188	0.14309	0.57904	0.03294	0.02759	0.02553	0.02058	0.00968	0.00738	0.00242	0.00612	0.00794	0.00738	0.01165
44	0.00974	0.00720	0.00919	0.00982	0.01123	0.00665	0.00735	0.01216	0.01705	0.02278	0.26399	0.28750	0.17010	0.01893	0.00904	0.00270	0.00425	0.11676	0.00716	0.00639
45	0.03261	0.01237	0.01687	0.01293	0.01856	0.01068	0.01068	0.03543	0.02081	0.70423	0.02868	0.02474	0.01799	0.00900	0.00731	0.00225	0.00619	0.00731	0.00900	0.01237
46	0.00876	0.00737	0.00760	0.00754	0.00992	0.00621	0.00565	0.01076	0.01696	0.02058	0.13507	0.06841	0.63423	0.01806	0.00859	0.00244	0.00366	0.01512	0.00687	0.00621
47	0.01458	0.03760	0.70688	0.02072	0.03146	0.01688	0.02686	0.02302	0.01535	0.02302	0.01304	0.01535	0.00921	0.00691	0.00691	0.00230	0.01074	0.00537	0.00307	0.01074
48	0.01892	0.01633	0.01925	0.02028	0.14051	0.01833	0.01364	0.09259	0.50844	0.03060	0.02566	0.02463	0.01941	0.00916	0.00735	0.00239	0.00647	0.00776	0.00671	0.01158
49	0.01029	0.00743	0.00972	0.00914	0.01086	0.00686	0.00686	0.01372	0.02058	0.02915	0.69536	0.05430	0.06859	0.01486	0.00857	0.00229	0.00343	0.01315	0.00800	0.00686
50	0.01811	0.02127	0.05955	0.02371	0.02813	0.14298	0.29999	0.02213	0.01598	0.02058	0.01418	0.02144	0.01231	0.00918	0.01250	0.00261	0.21239	0.05035	0.00373	0.00887
51	0.00902	0.00740	0.00801	0.00824	0.01044	0.00639	0.00629	0.01108	0.01669	0.02042	0.11006	0.11114	0.55087	0.01860	0.00877	0.00256	0.00399	0.07698	0.00683	0.00622
52	0.01108	0.00755	0.01103	0.04129	0.01299	0.00843	0.00821	0.01203	0.01112	0.01553	0.01810	0.02949	0.01774	0.14899	0.42220	0.19307	0.01410	0.00780	0.00377	0.00546
53	0.01716	0.01961	0.04289	0.03064	0.03799	0.01838	0.67279	0.02328	0.01716	0.02328	0.01471	0.01961	0.01103	0.00613	0.00858	0.00245	0.01225	0.00858	0.00368	0.00980
54	0.02715	0.03464	0.02060	0.01873	0.02247	0.71536	0.01404	0.02903	0.02060	0.01779	0.01124	0.01311	0.00936	0.00749	0.00655	0.00187	0.01311	0.00468	0.00375	0.00843
55	0.01932	0.01759	0.01705	0.01524	0.01939	0.08338	0.01184	0.06399	0.59702	0.02986	0.02737	0.02541	0.02059	0.00959	0.00731	0.00240	0.00653	0.00782	0.00705	0.01125
56	0.79588	0.01406	0.01068	0.00956	0.01406	0.01631	0.00787	0.02137	0.01237	0.03261	0.01012	0.01181	0.00787	0.00675	0.00450	0.00225	0.00562	0.00394	0.00450	0.00787
57	0.00999	0.00735	0.00935	0.00900	0.01071	0.00671	0.00669	0.01308	0.01964	0.02729	0.57605	0.10237	0.14309	0.01582	0.00862	0.00235	0.00351	0.01392	0.00777	0.00671
58	0.00894	0.00728	0.00792	0.00796	0.01009	0.00625	0.00589	0.01104	0.01710	0.02138	0.19071	0.12894	0.51491	0.01813	0.00865	0.00247	0.00368	0.01541	0.00699	0.00625
59	0.01983	0.01807	0.03686	0.02670	0.03325	0.01727	0.51050	0.02506	0.01740	0.14429	0.01685	0.02027	0.01217	0.00708	0.00938	0.00246	0.05961	0.00820	0.00459	0.01014
60	0.01943	0.74891	0.03809	0.01244	0.01866	0.02876	0.01244	0.02177	0.01477	0.01710	0.01011	0.01166	0.00933	0.00622	0.00466	0.00155	0.00777	0.00389	0.00311	0.00933
61	0.01491	0.08552	0.66182	0.02016	0.03060	0.01768	0.02589	0.02294	0.01531	0.02262	0.01285	0.01510	0.00922	0.00686	0.00676	0.00225	0.01054	0.00527	0.00307	0.01065
62	0.00978	0.00726	0.00912	0.00897	0.01063	0.00659	0.00660	0.01262	0.01892	0.02595	0.49166	0.15423	0.17758	0.01661	0.00868	0.00241	0.00359	0.01460	0.00760	0.00659
63	0.00886	0.00633	0.00843	0.01012	0.01054	0.00590	0.00675	0.01012	0.01392	0.01856	0.04006	0.73979	0.04808	0.02277	0.00928	0.00295	0.00422	0.02066	0.00675	0.00590
64	0.02805	0.01103	0.01445	0.01146	0.01614	0.00975	0.00934	0.03100	0.01947	0.54199	0.02749	0.02531	0.01815	0.00887	0.00678	0.00212	0.00552	0.00718	0.19489	0.01103
65	0.01590	0.01590	0.02226	0.01908	0.01908	0.02226	0.01590	0.01749	0.01113	0.01749	0.00954	0.01590	0.00954	0.01272	0.02385	0.00318	0.73123	0.00636	0.00318	0.00795
66	0.01373	0.01292	0.02180	0.72707	0.05006	0.01615	0.02019	0.01857	0.01453	0.01857	0.01292	0.01938	0.00969	0.00727	0.00727	0.00242	0.00969	0.00646	0.00323	0.00807
67	0.00882	0.00646	0.00830	0.00977	0.01045	0.00593	0.00659	0.01016	0.01426	0.01869	0.04436	0.65401	0.13109	0.02221	0.00919	0.00289	0.00415	0.01998	0.00675	0.00593
68	0.74447	0.01394	0.01110	0.00979	0.01436	0.01593	0.00806	0.02231	0.01294	0.07786	0.01137	0.01268	0.00855	0.00690	0.00469	0.00225	0.00566	0.00416	0.00480	0.00818
69	0.00886	0.00633	0.00843	0.01012	0.01054	0.00590	0.00675	0.01012	0.01392	0.01856	0.04006	0.73979	0.04808	0.02277	0.00928	0.00295	0.00422	0.02066	0.00675	0.00590
70	0.00925	0.00739	0.00828	0.00806	0.01022	0.00642	0.00604	0.01171	0.01813	0.02334	0.31550	0.06386	0.45207	0.01703	0.00858	0.00239	0.00358	0.01449	0.00724	0.00642
71	0.01507	0.01292	0.01507	0.01077	0.01723	0.00969	0.00861	0.01830	0.01507	0.02369	0.01292	0.01507	0.01077	0.00538	0.00538	0.00108	0.00538	0.00431	0.00431	0.78898
72	0.01052	0.00724	0.00835	0.00856	0.00900	0.00712	0.00543	0.01112	0.01192	0.01559	0.02976	0.05404	0.09320	0.58362	0.03088	0.00614	0.00668	0.09105	0.00492	0.00486
73	0.01781	0.08270	0.02007	0.02065	0.17977	0.16629	0.01314	0.04079	0.01830	0.04493	0.14812	0.09471	0.07783	0.01104	0.00792	0.00220	0.03057	0.00914	0.00523	0.00878
74	0.01015	0.00717	0.00836	0.00831	0.00983	0.00660	0.00592	0.01244	0.01675	0.02316	0.28911	0.12042	0.21684	0.12509	0.01248	0.00304	0.00411	0.01329	0.10074	0.00620
75	0.02030	0.59753	0.07646	0.01389	0.02002	0.13163	0.01356	0.02294	0.01568	0.01757	0.01046	0.01210	0.00933	0.00645	0.00509	0.00165	0.00876	0.00410	0.00320	0.00928
76	0.01744	0.01257	0.01507	0.01106	0.01715	0.00968	0.00885	0.02053	0.01588	0.12543	0.01640	0.04642	0.01339	0.00664	0.00583	0.00133	0.00546	0.00543	0.00511	0.64032
77	0.01846	0.36951	0.24579	0.01593	0.02310	0.08785	0.01705	0.02485	0.09542	0.02063	0.01346	0.01480	0.01082	0.00699	0.00588	0.00193	0.00897	0.00495	0.00367	0.00995
78	0.01613	0.04455	0.06204	0.01590	0.08220	0.01245	0.01171	0.05338	0.14148	0.10456	0.02995	0.31632	0.02992	0.01460	0.00806	0.00257	0.00602	0.03263	0.00645	0.00907
79	0.00922	0.00714	0.00794	0.00823	0.00968	0.00650	0.00568	0.01057	0.01439	0.01796	0.05259	0.17430	0.38631	0.19455	0.05884	0.00420	0.00554	0.01463	0.00602	0.00571
80	0.02215	0.08128	0.15201	0.01877	0.06445	0.31647	0.01596	0.05400	0.04188	0.05473	0.01360	0.01520	0.01062	0.00718	0.00648	0.00190	0.01025	0.00515	0.00416	0.10375
81	0.01089	0.01029	0.07702	0.01060	0.01213	0.00878	0.00836	0.01269	0.01146	0.01602	0.02064	0.03720	0.02161	0.41006	0.29285	0.00835	0.01214	0.00901	0.00408	0.00581
82	0.01509	0.01431	0.02427	0.50869	0.25778	0.01651	0.02087	0.01977	0.01518	0.02023	0.01316	0.01894	0.01027	0.00701	0.00724	0.00234	0.00935	0.00647	0.00335	0.00918

[dist]
# distance from previous block
# <min> <max>
0	10

[block]
# block no. 2 follows, 28 sequences, length 21
# corresponding to MSA columns:
# 162-178,185-188
name=unknown_C
#
# <colnr> <probs for GDERKNQSTAVLIFYWHMCP>
#	G	D	E	R	K	N	Q	S	T	A	V	L	I	F	Y	W	H	M	C	P
0	0.07241	0.07185	0.25500	0.01667	0.02364	0.17326	0.01683	0.07139	0.06172	0.02438	0.01365	0.01526	0.01050	0.00706	0.00633	0.00196	0.00932	0.00512	0.00411	0.13954
1	0.01858	0.20116	0.02195	0.01450	0.01762	0.22174	0.01196	0.02075	0.01555	0.01829	0.01684	0.02024	0.05484	0.01589	0.11573	0.00351	0.13125	0.00607	0.06552	0.00800
2	0.01529	0.06359	0.54686	0.02235	0.03223	0.01767	0.15488	0.02302	0.01568	0.02283	0.01325	0.01604	0.00958	0.00672	0.00715	0.00230	0.01092	0.00595	0.00319	0.01050
3	0.01873	0.23394	0.29523	0.02141	0.12677	0.06871	0.01982	0.09275	0.01774	0.02354	0.01265	0.01477	0.00994	0.00688	0.00633	0.00203	0.00945	0.00520	0.00366	0.01047
4	0.00938	0.00687	0.00900	0.00986	0.01074	0.00671	0.00688	0.01104	0.01405	0.01886	0.09278	0.41701	0.11250	0.08779	0.14618	0.00485	0.00724	0.01617	0.00611	0.00600
5	0.07639	0.02554	0.01916	0.01672	0.02104	0.34990	0.01296	0.16711	0.18766	0.02781	0.01702	0.01741	0.01307	0.00829	0.00678	0.00211	0.00971	0.00590	0.00544	0.00998
6	0.06833	0.33061	0.21735	0.01572	0.02235	0.06815	0.01651	0.04914	0.01593	0.05503	0.01216	0.01403	0.00978	0.00732	0.00726	0.00202	0.07004	0.00484	0.00369	0.00972
7	0.01599	0.02031	0.19237	0.05318	0.33421	0.01538	0.01972	0.06471	0.01675	0.02373	0.01809	0.12718	0.01704	0.03888	0.00864	0.00252	0.00842	0.00851	0.00421	0.01013
8	0.02715	0.03464	0.02060	0.01873	0.02247	0.71536	0.01404	0.02903	0.02060	0.01779	0.01124	0.01311	0.00936	0.00749	0.00655	0.00187	0.01311	0.00468	0.00375	0.00843
9	0.02492	0.01521	0.01688	0.01336	0.01806	0.01605	0.01090	0.37545	0.02655	0.17124	0.02132	0.02143	0.01512	0.00871	0.00670	0.00207	0.00643	0.00676	0.21194	0.01090
10	0.01034	0.00753	0.00943	0.00975	0.01087	0.00732	0.00678	0.01364	0.06443	0.02286	0.29166	0.31757	0.05093	0.12740	0.01304	0.00327	0.00445	0.01532	0.00693	0.00645
11	0.01358	0.00780	0.00927	0.12657	0.01539	0.00833	0.00759	0.01721	0.01513	0.02568	0.02192	0.02582	0.01714	0.00827	0.00544	0.00181	0.00444	0.00672	0.65489	0.00699
12	0.01052	0.00711	0.00823	0.00813	0.00842	0.00702	0.00481	0.01109	0.01223	0.01660	0.13475	0.04869	0.03344	0.62318	0.03227	0.00626	0.00645	0.01100	0.00500	0.00481
13	0.01851	0.02014	0.12230	0.05439	0.35642	0.01827	0.04732	0.13004	0.01856	0.02622	0.01412	0.01837	0.01153	0.03089	0.00979	0.00246	0.07924	0.00654	0.00411	0.01079
14	0.00886	0.00633	0.00843	0.01012	0.01054	0.00590	0.00675	0.01012	0.01392	0.01856	0.04006	0.73979	0.04808	0.02277	0.00928	0.00295	0.00422	0.02066	0.00675	0.00590
15	0.01888	0.01893	0.02410	0.02763	0.26321	0.11374	0.01745	0.06471	0.01603	0.02198	0.01225	0.01674	0.01071	0.00937	0.01382	0.00252	0.30286	0.00620	0.02932	0.00955
16	0.01170	0.00776	0.01008	0.00931	0.01132	0.00708	0.00705	0.01501	0.02039	0.07380	0.61996	0.05310	0.09634	0.01464	0.00849	0.00229	0.00363	0.01286	0.00801	0.00719
17	0.01872	0.01752	0.07224	0.05839	0.48141	0.01608	0.04227	0.02381	0.04232	0.09396	0.04959	0.02075	0.01518	0.00732	0.00731	0.00221	0.00831	0.00696	0.00447	0.01115
18	0.01308	0.00754	0.00852	0.00830	0.00969	0.00813	0.00624	0.01596	0.01414	0.02412	0.02217	0.02824	0.01862	0.07663	0.09387	0.00344	0.05542	0.00719	0.57207	0.00662
19	0.01964	0.08938	0.01940	0.01608	0.04231	0.15099	0.01221	0.05422	0.40518	0.02623	0.02397	0.06997	0.01955	0.00977	0.00709	0.00228	0.00742	0.00785	0.00611	0.01037
20	0.01761	0.01963	0.15869	0.18982	0.24262	0.01591	0.01970	0.06493	0.01712	0.07042	0.01456	0.01786	0.01104	0.00693	0.00695	0.00212	0.00869	0.00605	0.00411	0.10526

[dist]
# distance from previous block
# <min> <max>
3	8

[block]
# block no. 3 follows, 28 sequences, length 25
# corresponding to MSA columns:
# 197-221
name=unknown_D
#
# <colnr> <probs for GDERKNQSTAVLIFYWHMCP>
#	G	D	E	R	K	N	Q	S	T	A	V	L	I	F	Y	W	H	M	C	P
0	0.04818	0.01885	0.16887	0.15050	0.06419	0.01502	0.10843	0.07393	0.04974	0.02406	0.04726	0.02661	0.10541	0.01008	0.00877	0.05019	0.00847	0.00794	0.00451	0.00898
1	0.02025	0.05591	0.04553	0.01983	0.10665	0.21317	0.01430	0.03017	0.28328	0.02401	0.01884	0.01959	0.01481	0.00843	0.00789	0.00218	0.05257	0.00639	0.00512	0.05107
2	0.02074	0.01698	0.01706	0.01451	0.01829	0.10221	0.01156	0.30597	0.06513	0.03138	0.01859	0.02159	0.01484	0.02183	0.21138	0.00486	0.01138	0.00680	0.07526	0.00963
3	0.01288	0.01190	0.02145	0.02174	0.13598	0.01137	0.18591	0.01614	0.01548	0.02099	0.02870	0.36538	0.03146	0.01534	0.00881	0.00272	0.00733	0.07307	0.00539	0.00797
4	0.02106	0.01490	0.01797	0.01349	0.01922	0.01396	0.04348	0.22494	0.02184	0.11310	0.01738	0.01839	0.01292	0.00720	0.00633	0.00169	0.00644	0.00582	0.08243	0.33741
5	0.00947	0.00733	0.00863	0.00844	0.01039	0.00649	0.00628	0.01208	0.01844	0.02441	0.38777	0.10392	0.33642	0.01688	0.00863	0.00240	0.00359	0.01456	0.00739	0.00649
6	0.01040	0.00773	0.01137	0.01137	0.01256	0.00892	0.00870	0.01278	0.01159	0.01664	0.01976	0.03014	0.01886	0.11210	0.65909	0.01130	0.01843	0.00802	0.00394	0.00632
7	0.02859	0.01734	0.01976	0.01531	0.02094	0.01825	0.01260	0.41422	0.07787	0.26471	0.02210	0.02060	0.01497	0.00890	0.00729	0.00223	0.00723	0.00692	0.00786	0.01230
8	0.04935	0.01784	0.02519	0.21020	0.37379	0.07528	0.01954	0.09771	0.01826	0.02486	0.01358	0.01763	0.01083	0.00703	0.00706	0.00221	0.00908	0.00623	0.00398	0.01035
9	0.01847	0.58977	0.06903	0.01435	0.02028	0.02615	0.06178	0.02124	0.01460	0.01774	0.01110	0.01417	0.01018	0.03782	0.00745	0.00198	0.04681	0.00472	0.00321	0.00915
10	0.00902	0.00660	0.00838	0.00972	0.01047	0.00610	0.00663	0.01039	0.01425	0.01861	0.04413	0.57671	0.14393	0.06033	0.01068	0.00311	0.00438	0.04406	0.00662	0.00589
11	0.01502	0.01490	0.05404	0.03136	0.43701	0.01366	0.01715	0.01901	0.01730	0.02424	0.15821	0.03217	0.11556	0.00979	0.00765	0.00223	0.00702	0.00896	0.00488	0.00982
12	0.01263	0.00631	0.00947	0.00947	0.00947	0.00631	0.00631	0.00947	0.00947	0.01263	0.01263	0.02210	0.01263	0.02525	0.02841	0.78851	0.00631	0.00631	0.00316	0.00316
13	0.01158	0.01136	0.07951	0.01049	0.01332	0.00931	0.00912	0.01604	0.05820	0.02523	0.29402	0.04640	0.20528	0.01361	0.00880	0.00231	0.04991	0.01129	0.11681	0.00741
14	0.01507	0.01292	0.01507	0.01077	0.01723	0.00969	0.00861	0.01830	0.01507	0.02369	0.01292	0.01507	0.01077	0.00538	0.00538	0.00108	0.00538	0.00431	0.00431	0.78898
15	0.00950	0.00687	0.00895	0.01037	0.01120	0.00648	0.00747	0.01115	0.01451	0.01901	0.04178	0.50511	0.10526	0.06702	0.01110	0.00324	0.00483	0.14358	0.00659	0.00599
16	0.08390	0.05844	0.02154	0.01639	0.02171	0.16380	0.01336	0.46288	0.02885	0.03771	0.01528	0.01587	0.01127	0.00821	0.00679	0.00209	0.00886	0.00584	0.00614	0.01108
17	0.01799	0.20626	0.25931	0.01793	0.06459	0.07692	0.01755	0.07098	0.05218	0.02312	0.01447	0.04436	0.01203	0.00753	0.00634	0.00198	0.00881	0.00576	0.00398	0.08791
18	0.02184	0.02809	0.26727	0.01973	0.02686	0.14757	0.09018	0.16215	0.02088	0.09676	0.01530	0.01683	0.01101	0.00774	0.00775	0.00224	0.03634	0.00607	0.00476	0.01062
19	0.01716	0.01961	0.04289	0.03064	0.03799	0.01838	0.67279	0.02328	0.01716	0.02328	0.01471	0.01961	0.01103	0.00613	0.00858	0.00245	0.01225	0.00858	0.00368	0.00980
20	0.01892	0.01881	0.11154	0.08218	0.43768	0.01670	0.02083	0.02340	0.01639	0.10657	0.01508	0.01843	0.01175	0.00736	0.00841	0.00228	0.06206	0.00643	0.00414	0.01103
21	0.01632	0.02034	0.23701	0.04777	0.16371	0.01344	0.05067	0.02126	0.01666	0.11157	0.06764	0.10370	0.07777	0.01029	0.00763	0.00236	0.00796	0.00908	0.00502	0.00980
22	0.01719	0.01362	0.02185	0.17097	0.23403	0.01433	0.05120	0.02162	0.04455	0.11109	0.02266	0.09291	0.04305	0.01045	0.00860	0.00249	0.04319	0.06161	0.00503	0.00954
23	0.01051	0.00704	0.00842	0.00854	0.00871	0.00714	0.00514	0.01074	0.01089	0.01465	0.02340	0.09572	0.02662	0.59094	0.10471	0.03873	0.00809	0.01086	0.00447	0.00468
24	0.17123	0.01836	0.11516	0.04647	0.21154	0.01547	0.09429	0.02450	0.01632	0.15468	0.01581	0.01780	0.01157	0.00699	0.00672	0.00220	0.00816	0.00613	0.00477	0.05183

[dist]
# distance from previous block
# <min> <max>
0	1

[block]
# block no. 4 follows, 28 sequences, length 19
# corresponding to MSA columns:
# 223-241
name=unknown_E
#
# <colnr> <probs for GDERKNQSTAVLIFYWHMCP>
#	G	D	E	R	K	N	Q	S	T	A	V	L	I	F	Y	W	H	M	C	P
0	0.02383	0.12779	0.05883	0.01806	0.04962	0.40930	0.01429	0.06260	0.01937	0.05576	0.01465	0.01643	0.03113	0.00953	0.03163	0.00230	0.03621	0.00541	0.00417	0.00908
1	0.01491	0.01310	0.01653	0.01190	0.01823	0.01009	0.05177	0.01826	0.01528	0.02347	0.01588	0.01794	0.04284	0.00604	0.00574	0.00123	0.00575	0.00510	0.00438	0.70156
2	0.01507	0.01292	0.01507	0.01077	0.01723	0.00969	0.00861	0.01830	0.01507	0.02369	0.01292	0.01507	0.01077	0.00538	0.00538	0.00108	0.00538	0.00431	0.00431	0.78898
3	0.01582	0.01464	0.02420	0.40029	0.29374	0.01643	0.02028	0.04719	0.01624	0.02184	0.01475	0.02209	0.01220	0.00771	0.00739	0.00236	0.00906	0.04058	0.00372	0.00949
4	0.01463	0.01018	0.01265	0.01021	0.01426	0.00841	0.00798	0.01791	0.01838	0.09997	0.34823	0.03529	0.03981	0.01041	0.00715	0.00179	0.00451	0.00895	0.00662	0.32264
5	0.01195	0.00781	0.00983	0.00920	0.01135	0.00701	0.00694	0.01486	0.01935	0.09016	0.46285	0.09940	0.19062	0.01555	0.00850	0.00236	0.00379	0.01353	0.00776	0.00717
6	0.01553	0.11785	0.08795	0.01502	0.01800	0.03849	0.01336	0.05336	0.05346	0.02113	0.07939	0.02527	0.01918	0.06505	0.11928	0.00417	0.21622	0.02462	0.00437	0.00828
7	0.11404	0.34413	0.12778	0.01415	0.04610	0.02035	0.01346	0.02108	0.01470	0.02177	0.01137	0.01330	0.00957	0.00619	0.00525	0.00166	0.00740	0.00432	0.00359	0.19981
8	0.02124	0.52122	0.06922	0.01444	0.02035	0.17350	0.01362	0.05758	0.01705	0.01907	0.01089	0.01247	0.00949	0.00666	0.00532	0.00169	0.00908	0.00427	0.00346	0.00937
9	0.00871	0.00729	0.00769	0.00785	0.01005	0.00627	0.00583	0.01054	0.01606	0.01939	0.06761	0.13092	0.59934	0.02073	0.04599	0.00299	0.00457	0.01544	0.00660	0.00613
10	0.00886	0.00633	0.00843	0.01012	0.01054	0.00590	0.00675	0.01012	0.01392	0.01856	0.04006	0.73979	0.04808	0.02277	0.00928	0.00295	0.00422	0.02066	0.00675	0.00590
11	0.00866	0.00708	0.00765	0.00811	0.01001	0.00607	0.00585	0.01035	0.01585	0.01935	0.06459	0.25038	0.52166	0.01958	0.00878	0.00259	0.00383	0.01678	0.00675	0.00607
12	0.01808	0.01561	0.01644	0.01479	0.01890	0.01808	0.01151	0.03863	0.68606	0.03041	0.02959	0.02712	0.02219	0.00986	0.00740	0.00247	0.00575	0.00822	0.00740	0.01151
13	0.01799	0.01727	0.02950	0.04462	0.69919	0.01727	0.02231	0.02231	0.01655	0.02375	0.01367	0.01799	0.01151	0.00648	0.00720	0.00216	0.00864	0.00648	0.00360	0.01151
14	0.00886	0.00633	0.00843	0.01012	0.01054	0.00590	0.00675	0.01012	0.01392	0.01856	0.04006	0.73979	0.04808	0.02277	0.00928	0.00295	0.00422	0.02066	0.00675	0.00590
15	0.16405	0.01485	0.01897	0.30730	0.03167	0.01685	0.01484	0.18153	0.01993	0.13810	0.01604	0.01838	0.01134	0.00780	0.00677	0.00230	0.00797	0.00615	0.00537	0.00977
16	0.05182	0.01517	0.01570	0.01189	0.01768	0.06924	0.00949	0.08806	0.01770	0.06211	0.01453	0.01616	0.01149	0.00631	0.00572	0.00140	0.00624	0.00484	0.04571	0.52874
17	0.79588	0.01406	0.01068	0.00956	0.01406	0.01631	0.00787	0.02137	0.01237	0.03261	0.01012	0.01181	0.00787	0.00675	0.00450	0.00225	0.00562	0.00394	0.00450	0.00787
18	0.01716	0.01961	0.04289	0.03064	0.03799	0.01838	0.67279	0.02328	0.01716	0.02328	0.01471	0.01961	0.01103	0.00613	0.00858	0.00245	0.01225	0.00858	0.00368	0.00980

[dist]
# distance from previous block
# <min> <max>
0	6

[block]
# block no. 5 follows, 28 sequences, length 34
# corresponding to MSA columns:
# 248-281
name=unknown_F
#
# <colnr> <probs for GDERKNQSTAVLIFYWHMCP>
#	G	D	E	R	K	N	Q	S	T	A	V	L	I	F	Y	W	H	M	C	P
0	0.01654	0.03272	0.53520	0.02033	0.02978	0.01745	0.06602	0.12014	0.01848	0.02667	0.03949	0.01740	0.01203	0.00743	0.00713	0.00229	0.01016	0.00605	0.00392	0.01078
1	0.00860	0.00732	0.00741	0.00749	0.00985	0.00613	0.00558	0.01042	0.01645	0.01959	0.07212	0.10027	0.66692	0.01861	0.00862	0.00248	0.00371	0.01558	0.00675	0.00613
2	0.01651	0.32104	0.44038	0.01742	0.02636	0.02162	0.02111	0.02252	0.01512	0.02066	0.01187	0.01388	0.00926	0.00663	0.00601	0.00200	0.00956	0.00478	0.00309	0.01018
3	0.01718	0.00844	0.01139	0.01111	0.01335	0.00758	0.00813	0.01898	0.01633	0.25872	0.03608	0.48934	0.03754	0.01795	0.00859	0.00271	0.00491	0.01599	0.00754	0.00817
4	0.01582	0.01571	0.01937	0.02542	0.30673	0.10010	0.01434	0.02043	0.07591	0.02253	0.06426	0.03624	0.23120	0.01105	0.00764	0.00225	0.00714	0.00951	0.00514	0.00922
5	0.01868	0.00882	0.01133	0.01044	0.01310	0.00809	0.00799	0.02113	0.01696	0.26366	0.06434	0.20211	0.03016	0.06350	0.00959	0.00271	0.00507	0.05826	0.17567	0.00839
6	0.01044	0.00757	0.01059	0.01059	0.01152	0.00850	0.00773	0.01228	0.01136	0.01607	0.02047	0.03406	0.02056	0.25444	0.51908	0.01034	0.01587	0.00859	0.00404	0.00589
7	0.00990	0.00654	0.00828	0.00938	0.01019	0.00618	0.00645	0.01182	0.01495	0.02141	0.11455	0.52532	0.04499	0.01916	0.00841	0.00264	0.00397	0.01718	0.15250	0.00618
8	0.01458	0.03760	0.70688	0.02072	0.03146	0.01688	0.02686	0.02302	0.01535	0.02302	0.01304	0.01535	0.00921	0.00691	0.00691	0.00230	0.01074	0.00537	0.00307	0.01074
9	0.01799	0.01727	0.02950	0.04462	0.69919	0.01727	0.02231	0.02231	0.01655	0.02375	0.01367	0.01799	0.01151	0.00648	0.00720	0.00216	0.00864	0.00648	0.00360	0.01151
10	0.68097	0.01713	0.01217	0.01093	0.01532	0.12080	0.00879	0.02251	0.01360	0.03040	0.01029	0.01200	0.00810	0.00686	0.00481	0.00219	0.00674	0.00405	0.00439	0.00796
11	0.00944	0.00780	0.00834	0.00813	0.01051	0.00690	0.00612	0.01258	0.05130	0.02226	0.20721	0.06437	0.52506	0.01720	0.00853	0.00242	0.00373	0.01450	0.00706	0.00657
12	0.79588	0.01406	0.01068	0.00956	0.01406	0.01631	0.00787	0.02137	0.01237	0.03261	0.01012	0.01181	0.00787	0.00675	0.00450	0.00225	0.00562	0.00394	0.00450	0.00787
13	0.01657	0.01582	0.02694	0.27162	0.48327	0.01690	0.02160	0.02107	0.01588	0.02203	0.01342	0.01845	0.01091	0.00674	0.00722	0.00225	0.00899	0.00647	0.00348	0.01037
14	0.01595	0.01337	0.01460	0.01325	0.01670	0.01501	0.01023	0.03181	0.50389	0.03006	0.21183	0.03456	0.03489	0.01123	0.00772	0.00242	0.00512	0.00957	0.00756	0.01023
15	0.01590	0.01590	0.02226	0.01908	0.01908	0.02226	0.01590	0.01749	0.01113	0.01749	0.00954	0.01590	0.00954	0.01272	0.02385	0.00318	0.73123	0.00636	0.00318	0.00795
16	0.03153	0.01343	0.01744	0.01345	0.01904	0.01235	0.01108	0.11160	0.04503	0.60299	0.02737	0.02396	0.01747	0.00899	0.00731	0.00225	0.00639	0.00725	0.00874	0.01234
17	0.01799	0.01727	0.02950	0.04462	0.69919	0.01727	0.02231	0.02231	0.01655	0.02375	0.01367	0.01799	0.01151	0.00648	0.00720	0.00216	0.00864	0.00648	0.00360	0.01151
18	0.01263	0.00631	0.00947	0.00947	0.00947	0.00631	0.00631	0.00947	0.00947	0.01263	0.01263	0.02210	0.01263	0.02525	0.02841	0.78851	0.00631	0.00631	0.00316	0.00316
19	0.02650	0.01980	0.02118	0.01650	0.02211	0.02201	0.01354	0.59965	0.11132	0.04399	0.01889	0.01860	0.01352	0.00886	0.00729	0.00222	0.00773	0.00674	0.00729	0.01226
20	0.01465	0.01256	0.01457	0.01055	0.01675	0.00946	0.00841	0.01779	0.01517	0.02342	0.01686	0.01863	0.05519	0.00623	0.00559	0.00117	0.00527	0.00502	0.00447	0.73824
21	0.01029	0.00743	0.00972	0.00914	0.01086	0.00686	0.00686	0.01372	0.02058	0.02915	0.69536	0.05430	0.06859	0.01486	0.00857	0.00229	0.00343	0.01315	0.00800	0.00686
22	0.01964	0.01113	0.01206	0.01021	0.01349	0.01153	0.00812	0.19808	0.02105	0.11232	0.02260	0.02420	0.01685	0.00860	0.00594	0.00189	0.00497	0.00678	0.48160	0.00896
23	0.01856	0.01580	0.01672	0.01474	0.01906	0.01799	0.01153	0.07896	0.61375	0.03110	0.02805	0.02595	0.02104	0.00959	0.00730	0.00238	0.00588	0.00793	0.00725	0.04639
24	0.03162	0.01259	0.01684	0.01306	0.01858	0.01119	0.01074	0.03564	0.06624	0.65821	0.02874	0.02490	0.01828	0.00906	0.00732	0.00226	0.00616	0.00737	0.00889	0.01231
25	0.01408	0.01010	0.01177	0.01051	0.01300	0.01035	0.00804	0.11533	0.08965	0.03077	0.41233	0.04245	0.04739	0.04957	0.00928	0.00246	0.00453	0.01077	0.09959	0.00802
26	0.01038	0.00779	0.01168	0.01168	0.01298	0.00909	0.00909	0.01298	0.01168	0.01687	0.01947	0.02856	0.01817	0.05452	0.71573	0.01168	0.01947	0.00779	0.00389	0.00649
27	0.01499	0.01421	0.02408	0.52530	0.24198	0.01648	0.02081	0.01968	0.01513	0.02010	0.01314	0.01897	0.01023	0.00703	0.00725	0.00234	0.00938	0.00646	0.00334	0.00909
28	0.00994	0.00692	0.00882	0.00992	0.01042	0.00672	0.00679	0.01112	0.01325	0.01757	0.03387	0.38827	0.03954	0.27128	0.01897	0.00443	0.00562	0.12509	0.00593	0.00552
29	0.01190	0.01215	0.08320	0.01751	0.12120	0.01044	0.01249	0.01479	0.01410	0.01960	0.02702	0.27374	0.02941	0.06645	0.13591	0.00461	0.04130	0.09164	0.00508	0.00747
30	0.01507	0.01292	0.01507	0.01077	0.01723	0.00969	0.00861	0.01830	0.01507	0.02369	0.01292	0.01507	0.01077	0.00538	0.00538	0.00108	0.00538	0.00431	0.00431	0.78898
31	0.01782	0.04256	0.27446	0.01955	0.10282	0.01553	0.01789	0.09360	0.01809	0.10469	0.06599	0.04541	0.05122	0.04052	0.00961	0.00253	0.05507	0.00759	0.00499	0.01007
32	0.00954	0.00718	0.00767	0.00772	0.00894	0.00656	0.00503	0.01049	0.01362	0.01696	0.04833	0.08160	0.35525	0.36481	0.02216	0.00466	0.00530	0.01324	0.00563	0.00530
33	0.07476	0.06473	0.04624	0.01803	0.09949	0.05863	0.04079	0.17687	0.12542	0.03020	0.11366	0.02710	0.07398	0.00967	0.00719	0.00222	0.00717	0.00795	0.00592	0.00997

[dist]
# distance from previous block
# <min> <max>
3	13

[block]
# block no. 6 follows, 28 sequences, length 11
# corresponding to MSA columns:
# 295-305
name=unknown_G
#
# <colnr> <probs for GDERKNQSTAVLIFYWHMCP>
#	G	D	E	R	K	N	Q	S	T	A	V	L	I	F	Y	W	H	M	C	P
0	0.01690	0.01557	0.02053	0.02089	0.18055	0.05540	0.05415	0.06173	0.01718	0.02459	0.04856	0.01892	0.01438	0.00957	0.05053	0.00226	0.00800	0.00592	0.00442	0.36996
1	0.00901	0.00684	0.00794	0.00871	0.00987	0.00616	0.00592	0.01031	0.01446	0.01832	0.05072	0.37411	0.29964	0.12783	0.01311	0.00336	0.00443	0.01708	0.00640	0.00577
2	0.04908	0.04383	0.02219	0.05483	0.06635	0.01926	0.08562	0.17249	0.34385	0.03156	0.02200	0.02207	0.01650	0.00861	0.00727	0.00234	0.00741	0.00737	0.00624	0.01112
3	0.36665	0.05538	0.01739	0.06028	0.09368	0.08191	0.01174	0.04479	0.01606	0.14024	0.01421	0.01553	0.01054	0.00718	0.00576	0.00213	0.00719	0.00510	0.00500	0.03924
4	0.02100	0.11796	0.22184	0.01873	0.06590	0.13261	0.01736	0.13636	0.07445	0.06434	0.01539	0.01652	0.01156	0.00748	0.00663	0.00206	0.00922	0.00563	0.00468	0.05029
5	0.01636	0.29799	0.46206	0.01769	0.02677	0.02123	0.02158	0.02256	0.01514	0.02085	0.01197	0.01400	0.00925	0.00665	0.00609	0.00203	0.00966	0.00483	0.00308	0.01023
6	0.02464	0.01381	0.02033	0.02294	0.23822	0.01306	0.01414	0.06847	0.02024	0.35404	0.11051	0.02597	0.02217	0.00893	0.00744	0.00222	0.00673	0.00776	0.00701	0.01137
7	0.01654	0.02039	0.16736	0.06527	0.24511	0.01663	0.09745	0.07783	0.03740	0.02446	0.01938	0.06881	0.05262	0.00897	0.00845	0.00237	0.04851	0.00800	0.00428	0.01016
8	0.01733	0.31868	0.30751	0.01939	0.09242	0.05445	0.01935	0.02238	0.01555	0.02042	0.01298	0.01701	0.01095	0.00720	0.00616	0.00201	0.00927	0.03364	0.00333	0.00996
9	0.00906	0.00641	0.00837	0.00986	0.01023	0.00604	0.00647	0.01017	0.01352	0.01802	0.03802	0.65732	0.04550	0.10877	0.01258	0.00344	0.00455	0.01946	0.00647	0.00573
10	0.01347	0.00960	0.01327	0.08483	0.08107	0.00924	0.00979	0.01707	0.01833	0.06281	0.36737	0.03825	0.04206	0.01120	0.00745	0.00209	0.00488	0.00980	0.11769	0.07974

[dist]
# distance from previous block
# <min> <max>
0	1

[block]
# block no. 7 follows, 28 sequences, length 11
# corresponding to MSA columns:
# 307-317
name=unknown_H
#
# <colnr> <probs for GDERKNQSTAVLIFYWHMCP>
#	G	D	E	R	K	N	Q	S	T	A	V	L	I	F	Y	W	H	M	C	P
0	0.02336	0.02370	0.08489	0.02247	0.10822	0.17610	0.10630	0.20833	0.07433	0.07608	0.01653	0.01790	0.01227	0.00776	0.00726	0.00218	0.00976	0.00647	0.00529	0.01081
1	0.01139	0.00896	0.00996	0.00970	0.01201	0.00861	0.00722	0.07810	0.06450	0.02383	0.13142	0.22668	0.34548	0.01752	0.00855	0.00253	0.00435	0.01504	0.00700	0.00715
2	0.01355	0.00678	0.00678	0.00678	0.00847	0.00678	0.00508	0.01694	0.01524	0.02710	0.02371	0.02710	0.01863	0.00847	0.00508	0.00169	0.00339	0.00678	0.78489	0.00678
3	0.01507	0.01292	0.01507	0.01077	0.01723	0.00969	0.00861	0.01830	0.01507	0.02369	0.01292	0.01507	0.01077	0.00538	0.00538	0.00108	0.00538	0.00431	0.00431	0.78898
4	0.01295	0.01012	0.01523	0.01955	0.15009	0.01012	0.01380	0.01649	0.01670	0.02215	0.03359	0.06936	0.03585	0.01740	0.00948	0.00311	0.00708	0.52320	0.00608	0.00764
5	0.23198	0.09720	0.02198	0.02199	0.18622	0.25047	0.01433	0.02400	0.01632	0.02319	0.01134	0.01394	0.00949	0.00716	0.00679	0.00207	0.04368	0.00492	0.00382	0.00911
6	0.01029	0.00743	0.00972	0.00914	0.01086	0.00686	0.00686	0.01372	0.02058	0.02915	0.69536	0.05430	0.06859	0.01486	0.00857	0.00229	0.00343	0.01315	0.00800	0.00686
7	0.01057	0.00705	0.00793	0.00793	0.00793	0.00705	0.00440	0.01057	0.01057	0.01409	0.02290	0.04757	0.02643	0.74454	0.03700	0.00705	0.00705	0.01057	0.00440	0.00440
8	0.07782	0.37204	0.02913	0.01646	0.08621	0.02328	0.01321	0.17658	0.02000	0.10184	0.01424	0.01510	0.01111	0.00718	0.00581	0.00189	0.00758	0.00515	0.00489	0.01049
9	0.01262	0.00830	0.00999	0.00974	0.01194	0.00766	0.00732	0.04157	0.01716	0.09613	0.12482	0.20296	0.28025	0.05334	0.04312	0.00321	0.00529	0.05060	0.00692	0.00708
10	0.01659	0.10793	0.43379	0.09142	0.09961	0.01866	0.02296	0.08352	0.01709	0.02416	0.01319	0.01582	0.00980	0.00699	0.00676	0.00221	0.00985	0.00554	0.00354	0.01056

[dist]
# distance from previous block
# <min> <max>
1	3

[block]
# block no. 8 follows, 28 sequences, length 26
# corresponding to MSA columns:
# 321-346
name=unknown_I
#
# <colnr> <probs for GDERKNQSTAVLIFYWHMCP>
#	G	D	E	R	K	N	Q	S	T	A	V	L	I	F	Y	W	H	M	C	P
0	0.62965	0.13365	0.01571	0.01040	0.01525	0.01865	0.00892	0.05565	0.01390	0.03079	0.01050	0.01208	0.00834	0.00677	0.00467	0.00213	0.00610	0.00406	0.00442	0.00834
1	0.01649	0.05496	0.22152	0.07399	0.05507	0.14890	0.01672	0.02229	0.06216	0.02331	0.18371	0.02571	0.02507	0.00935	0.00772	0.00222	0.02952	0.00747	0.00476	0.00906
2	0.01508	0.00834	0.01026	0.00947	0.01168	0.00752	0.00684	0.01685	0.01631	0.18228	0.13794	0.14357	0.18555	0.19729	0.01546	0.00359	0.00515	0.01265	0.00688	0.00726
3	0.01514	0.01352	0.01220	0.01133	0.01382	0.13476	0.00860	0.05295	0.07147	0.02453	0.18569	0.03721	0.12399	0.03564	0.09550	0.00343	0.00768	0.00942	0.13556	0.00757
4	0.01855	0.19535	0.04863	0.01150	0.01606	0.01416	0.01017	0.02224	0.04284	0.18953	0.21713	0.03343	0.09402	0.01064	0.00703	0.00206	0.00570	0.00869	0.00650	0.04577
5	0.02006	0.02060	0.15815	0.08051	0.18362	0.01725	0.01791	0.20781	0.05286	0.08106	0.02122	0.02250	0.06665	0.00856	0.00729	0.00226	0.00824	0.00713	0.00534	0.01096
6	0.02155	0.14404	0.02411	0.07767	0.13586	0.35744	0.01513	0.02421	0.01756	0.01864	0.01245	0.01579	0.01066	0.01200	0.08030	0.00293	0.01188	0.00532	0.00359	0.00886
7	0.11409	0.01246	0.01404	0.01074	0.01620	0.01060	0.00857	0.02017	0.04452	0.07270	0.09863	0.02069	0.01853	0.00717	0.00588	0.00151	0.00524	0.00573	0.00524	0.50728
8	0.01139	0.00957	0.01459	0.30937	0.02756	0.01093	0.01273	0.01504	0.04145	0.01891	0.02668	0.35368	0.02863	0.01831	0.06461	0.00341	0.00778	0.01321	0.00508	0.00708
9	0.02230	0.05703	0.02096	0.01885	0.07410	0.34881	0.04013	0.09904	0.10465	0.02340	0.02223	0.02296	0.09636	0.00908	0.00704	0.00209	0.00982	0.00692	0.00493	0.00931
