[name]
unknown

[dist]
# distance from previous block
# <min> <max>
0	32

[block]
# block no. 0 follows, 30 sequences, length 7
# corresponding to MSA columns:
# 32-38
name=unknown_A
#
# <colnr> <probs for GDERKNQSTAVLIFYWHMCP>
#	G	D	E	R	K	N	Q	S	T	A	V	L	I	F	Y	W	H	M	C	P
0	0.01098	0.00718	0.00849	0.00887	0.01064	0.00684	0.00712	0.01392	0.01620	0.02339	0.15507	0.05435	0.17392	0.01440	0.00754	0.00234	0.00424	0.20156	0.26658	0.00637
1	0.08413	0.01415	0.02026	0.06050	0.16633	0.01599	0.01456	0.02368	0.01506	0.24467	0.01615	0.01829	0.01206	0.00904	0.01202	0.00245	0.24966	0.00624	0.00504	0.00973
2	0.00871	0.00655	0.00810	0.00909	0.01021	0.00594	0.00644	0.01037	0.01476	0.01916	0.10529	0.46536	0.22766	0.01991	0.00871	0.00267	0.00398	0.05465	0.00658	0.00585
3	0.00954	0.00715	0.01014	0.01041	0.01162	0.00775	0.00786	0.01179	0.01265	0.01762	0.07901	0.17060	0.08213	0.04083	0.47747	0.00822	0.01351	0.01081	0.00478	0.00612
4	0.09525	0.01584	0.01805	0.01395	0.01935	0.01640	0.01152	0.35895	0.02568	0.32215	0.02063	0.01920	0.01374	0.00832	0.00677	0.00213	0.00676	0.00637	0.00744	0.01150
5	0.01066	0.00714	0.00868	0.00883	0.01060	0.00632	0.00641	0.01261	0.01609	0.08085	0.17950	0.30815	0.28282	0.01774	0.00838	0.00248	0.00388	0.01550	0.00690	0.00647
6	0.00883	0.00652	0.00826	0.00904	0.01009	0.00595	0.00632	0.01069	0.01549	0.02071	0.22352	0.45326	0.15737	0.01915	0.00862	0.00259	0.00376	0.01708	0.00680	0.00595

[dist]
# distance from previous block
# <min> <max>
0	1

[block]
# block no. 1 follows, 30 sequences, length 6
# corresponding to MSA columns:
# 40-45
name=unknown_B
#
# <colnr> <probs for GDERKNQSTAVLIFYWHMCP>
#	G	D	E	R	K	N	Q	S	T	A	V	L	I	F	Y	W	H	M	C	P
0	0.00955	0.00717	0.00903	0.00982	0.01138	0.00665	0.00770	0.01191	0.01602	0.02078	0.15749	0.22078	0.23796	0.01857	0.00884	0.00271	0.00455	0.22630	0.00666	0.00613
1	0.01106	0.00889	0.01345	0.24614	0.02277	0.01042	0.01103	0.01361	0.01183	0.01605	0.01749	0.02922	0.01683	0.21710	0.31670	0.00719	0.01260	0.00775	0.00366	0.00621
2	0.01644	0.01604	0.02544	0.03265	0.42349	0.01857	0.01886	0.01950	0.01373	0.02030	0.01148	0.01644	0.01027	0.00871	0.01355	0.00248	0.31296	0.00617	0.00329	0.00963
3	0.01148	0.00748	0.01063	0.01028	0.01073	0.00832	0.00741	0.01114	0.01084	0.01515	0.07770	0.02790	0.01959	0.11850	0.19105	0.36505	0.08079	0.00750	0.00377	0.00470
4	0.02253	0.20787	0.02298	0.01599	0.08080	0.09818	0.01226	0.08487	0.01867	0.21809	0.08869	0.02047	0.01772	0.00835	0.00735	0.00199	0.05156	0.00627	0.00555	0.00981
5	0.01934	0.05757	0.15751	0.01720	0.05764	0.01553	0.07973	0.18081	0.02024	0.11338	0.06263	0.02128	0.04452	0.00793	0.00680	0.00199	0.00760	0.00669	0.00531	0.11631

[dist]
# distance from previous block
# <min> <max>
0	4

[block]
# block no. 2 follows, 30 sequences, length 64
# corresponding to MSA columns:
# 50-113
name=unknown_C
#
# <colnr> <probs for GDERKNQSTAVLIFYWHMCP>
#	G	D	E	R	K	N	Q	S	T	A	V	L	I	F	Y	W	H	M	C	P
0	0.01985	0.08014	0.18752	0.02201	0.16070	0.17443	0.01740	0.12842	0.05825	0.02459	0.01362	0.01546	0.01060	0.00698	0.00645	0.00197	0.00923	0.00540	0.00413	0.05285
1	0.01723	0.02308	0.24693	0.04822	0.17902	0.01798	0.07464	0.12751	0.05454	0.02530	0.01388	0.01676	0.01069	0.00765	0.00904	0.00230	0.10487	0.00613	0.00399	0.01026
2	0.02206	0.01280	0.01569	0.01163	0.01747	0.01072	0.00947	0.08060	0.01817	0.29510	0.01867	0.01829	0.01317	0.00679	0.00604	0.00156	0.00568	0.00544	0.00613	0.42452
3	0.01025	0.00684	0.00735	0.00730	0.00909	0.00626	0.00537	0.01268	0.01577	0.02258	0.16542	0.07188	0.30203	0.05397	0.00861	0.00234	0.00359	0.01150	0.27103	0.00612
4	0.01162	0.01037	0.01768	0.25728	0.02673	0.01108	0.12023	0.01455	0.01356	0.01788	0.02318	0.27547	0.02476	0.12947	0.01233	0.00320	0.00749	0.01186	0.00451	0.00675
5	0.00850	0.00607	0.00810	0.00972	0.01012	0.00567	0.00648	0.00972	0.01336	0.01781	0.03846	0.75020	0.04615	0.02186	0.00891	0.00283	0.00405	0.01984	0.00648	0.00567
6	0.02534	0.01702	0.01884	0.01493	0.02010	0.01846	0.01217	0.41228	0.18346	0.17006	0.02151	0.02024	0.01508	0.00868	0.00702	0.00217	0.00685	0.00679	0.00733	0.01168
7	0.02733	0.01332	0.01701	0.01438	0.05548	0.01265	0.01106	0.16107	0.03757	0.47048	0.02828	0.02573	0.07432	0.00924	0.00711	0.00216	0.00620	0.00750	0.00781	0.01131
8	0.02015	0.02353	0.25247	0.01594	0.02202	0.10782	0.01603	0.09353	0.07585	0.15674	0.02055	0.02087	0.05253	0.00851	0.00764	0.00218	0.04809	0.00643	0.03915	0.00998
9	0.01177	0.00766	0.01073	0.01049	0.01201	0.00804	0.00800	0.01414	0.01386	0.07762	0.15279	0.07585	0.03032	0.11089	0.37753	0.00736	0.01195	0.04719	0.00526	0.00655
10	0.01994	0.63288	0.03365	0.01299	0.01855	0.14907	0.01221	0.02211	0.01515	0.01653	0.00989	0.01144	0.00896	0.00618	0.00479	0.00155	0.00835	0.00386	0.00309	0.00880
11	0.00910	0.00634	0.00797	0.00898	0.00929	0.00607	0.00573	0.00997	0.01249	0.01671	0.05489	0.49055	0.03982	0.26788	0.01783	0.00413	0.00494	0.01635	0.00576	0.00521
12	0.05820	0.01835	0.02089	0.01612	0.02142	0.02006	0.05410	0.57148	0.02976	0.04062	0.03910	0.04493	0.01459	0.00883	0.00705	0.00214	0.00756	0.00700	0.00666	0.01113
13	0.01915	0.14666	0.08100	0.01437	0.02034	0.01790	0.04878	0.25464	0.04658	0.02899	0.01848	0.01930	0.06265	0.00768	0.00628	0.00180	0.00713	0.00605	0.00509	0.18713
14	0.00957	0.00663	0.00825	0.00879	0.00909	0.00665	0.00557	0.01031	0.01137	0.01532	0.02709	0.28002	0.03132	0.41672	0.11693	0.00603	0.00741	0.01306	0.00492	0.00497
15	0.01809	0.01892	0.01613	0.01272	0.01811	0.23344	0.00990	0.02079	0.01613	0.02097	0.01190	0.01388	0.00992	0.00580	0.00552	0.00127	0.00748	0.00425	0.00397	0.55082
16	0.04167	0.00820	0.00940	0.00922	0.01016	0.00840	0.00631	0.06165	0.01344	0.01854	0.06563	0.04799	0.02858	0.50602	0.02634	0.00539	0.00651	0.11613	0.00500	0.00542
17	0.01009	0.00700	0.00882	0.00882	0.00924	0.00742	0.00574	0.01093	0.01051	0.01443	0.02088	0.03953	0.02271	0.51873	0.26790	0.00826	0.01077	0.00925	0.00406	0.00490
18	0.01325	0.01233	0.01909	0.01627	0.01855	0.01401	0.12824	0.01758	0.07219	0.02081	0.09663	0.06388	0.08861	0.01537	0.05409	0.00320	0.22353	0.10979	0.00497	0.00762
19	0.01897	0.01271	0.01964	0.49441	0.03814	0.01446	0.01650	0.06465	0.01679	0.20992	0.01680	0.01989	0.01164	0.00752	0.00699	0.00227	0.00828	0.00643	0.00486	0.00914
20	0.02238	0.01938	0.02401	0.02871	0.34674	0.10492	0.01696	0.25503	0.02249	0.06940	0.01493	0.01689	0.01144	0.00723	0.00686	0.00205	0.00847	0.00608	0.00500	0.01102
21	0.01728	0.01359	0.01589	0.01348	0.01747	0.01441	0.04892	0.18460	0.23983	0.05864	0.03644	0.03795	0.19960	0.01184	0.00762	0.00235	0.00597	0.05790	0.00672	0.00949
22	0.01542	0.01071	0.01242	0.01137	0.01432	0.01073	0.00908	0.19030	0.02048	0.07782	0.07891	0.15931	0.21346	0.01532	0.00818	0.00249	0.00539	0.12946	0.00683	0.00800
23	0.01648	0.01515	0.02641	0.27752	0.27534	0.01611	0.13478	0.02218	0.06612	0.05907	0.01496	0.01900	0.01146	0.00679	0.00718	0.00224	0.00891	0.00673	0.00390	0.00967
24	0.01400	0.03610	0.71860	0.01989	0.03020	0.01621	0.02578	0.02210	0.01473	0.02210	0.01252	0.01473	0.00884	0.00663	0.00663	0.00221	0.01031	0.00516	0.00295	0.01031
25	0.01335	0.01246	0.01724	0.01518	0.01565	0.01634	0.01234	0.01532	0.01326	0.01980	0.19426	0.07937	0.02675	0.01347	0.01802	0.00281	0.49383	0.00883	0.00452	0.00721
26	0.01149	0.00974	0.01025	0.00966	0.01247	0.00982	0.00738	0.01946	0.24574	0.02335	0.12770	0.05166	0.40567	0.01453	0.00786	0.00234	0.00418	0.01219	0.00682	0.00770
27	0.01533	0.26025	0.01892	0.01023	0.01359	0.01409	0.00858	0.01742	0.01536	0.10978	0.13424	0.10467	0.10695	0.08918	0.04968	0.00300	0.00635	0.00934	0.00540	0.00764
28	0.00972	0.00658	0.00774	0.00816	0.00827	0.00648	0.00482	0.01003	0.01099	0.01465	0.02630	0.23020	0.03081	0.56279	0.02855	0.00574	0.00605	0.01269	0.00482	0.00461
29	0.05888	0.01243	0.01669	0.01459	0.01539	0.01608	0.01191	0.01579	0.01380	0.02139	0.24386	0.02743	0.02811	0.01257	0.01690	0.00271	0.45135	0.00816	0.00468	0.00728
30	0.02688	0.01898	0.02059	0.01579	0.02136	0.02080	0.01304	0.63951	0.03186	0.09377	0.01755	0.01727	0.01227	0.00840	0.00698	0.00210	0.00755	0.00634	0.00710	0.01187
31	0.01341	0.01264	0.02136	0.69795	0.08625	0.01557	0.01950	0.01804	0.01406	0.01812	0.01244	0.01853	0.00940	0.00693	0.00697	0.00231	0.00924	0.00620	0.00312	0.00794
32	0.01148	0.00907	0.01068	0.01122	0.01282	0.00960	0.00801	0.01891	0.24362	0.02164	0.03508	0.50687	0.03780	0.01770	0.00830	0.00268	0.00454	0.01582	0.00669	0.00747
33	0.01058	0.00756	0.00833	0.00837	0.01026	0.00725	0.00618	0.01463	0.08358	0.02283	0.14965	0.16964	0.26066	0.01479	0.00745	0.00224	0.00372	0.01266	0.19301	0.00662
34	0.02154	0.00914	0.01140	0.00954	0.01298	0.00831	0.00761	0.02453	0.01763	0.35786	0.08288	0.02713	0.02164	0.00889	0.00619	0.00193	0.00455	0.00727	0.34988	0.00909
35	0.08939	0.01601	0.02313	0.01740	0.02298	0.01609	0.18762	0.24444	0.02232	0.20248	0.02214	0.02231	0.06412	0.00832	0.00719	0.00220	0.00782	0.00739	0.00623	0.01042
36	0.01345	0.02036	0.25536	0.49669	0.04206	0.01574	0.02153	0.01926	0.01422	0.01926	0.01244	0.01730	0.00915	0.00686	0.00686	0.00229	0.00964	0.00585	0.00305	0.00861
37	0.02075	0.01258	0.01480	0.01266	0.01669	0.01310	0.01001	0.03189	0.35264	0.25978	0.14610	0.02980	0.02769	0.01002	0.00727	0.00227	0.00527	0.00842	0.00772	0.01055
38	0.01415	0.01387	0.04961	0.01670	0.07047	0.01205	0.13278	0.01794	0.03987	0.02065	0.01595	0.04919	0.01486	0.14659	0.01282	0.00271	0.04952	0.00704	0.00408	0.30917
39	0.01383	0.01300	0.06472	0.03862	0.10525	0.01038	0.05284	0.01731	0.01566	0.05237	0.12850	0.14952	0.02567	0.01000	0.00695	0.00191	0.00599	0.00899	0.00506	0.27342
40	0.53989	0.20888	0.01797	0.01058	0.01501	0.01921	0.00928	0.02034	0.01239	0.02633	0.00967	0.01159	0.00804	0.00677	0.00574	0.00205	0.06051	0.00394	0.00388	0.00793
41	0.06531	0.02312	0.05306	0.11991	0.03032	0.25217	0.25175	0.07965	0.01827	0.02232	0.01269	0.01597	0.00975	0.00674	0.00703	0.00213	0.01093	0.00618	0.00381	0.00888
42	0.01642	0.01419	0.02023	0.49515	0.03871	0.01699	0.01702	0.15485	0.11047	0.02461	0.01544	0.01924	0.01144	0.00759	0.00699	0.00228	0.00846	0.00645	0.00442	0.00902
43	0.01521	0.01875	0.13780	0.02884	0.25769	0.01514	0.24084	0.02040	0.01657	0.02344	0.13400	0.02344	0.02007	0.00757	0.00754	0.00221	0.00890	0.00784	0.00413	0.00961
44	0.20218	0.01102	0.01160	0.01029	0.01350	0.01172	0.00809	0.05773	0.13605	0.08776	0.26148	0.03103	0.03252	0.01018	0.00661	0.00215	0.00464	0.00828	0.08488	0.00832
45	0.00953	0.00712	0.00885	0.00842	0.01021	0.00644	0.00631	0.01250	0.01894	0.02605	0.57290	0.05530	0.20169	0.01499	0.00823	0.00223	0.00334	0.01307	0.00743	0.00644
46	0.01816	0.17020	0.26842	0.01813	0.08552	0.01826	0.01729	0.10843	0.08177	0.07628	0.05913	0.01861	0.01485	0.00758	0.00645	0.00205	0.00801	0.00598	0.00463	0.01026
47	0.01035	0.00719	0.00922	0.01015	0.01088	0.00713	0.00753	0.01189	0.01314	0.01730	0.03087	0.17030	0.03486	0.33032	0.02045	0.00465	0.00620	0.28670	0.00551	0.00538
48	0.01468	0.12474	0.50875	0.01721	0.02625	0.01647	0.02096	0.02116	0.01462	0.02148	0.01214	0.01423	0.00911	0.00629	0.00610	0.00191	0.00905	0.00480	0.00316	0.14688
49	0.02138	0.02572	0.08731	0.02229	0.02812	0.27970	0.27641	0.12898	0.02011	0.02379	0.01317	0.01585	0.01005	0.00682	0.00719	0.00210	0.01130	0.00629	0.00405	0.00939
50	0.14509	0.24695	0.02439	0.01762	0.10007	0.29761	0.01301	0.04529	0.01681	0.02066	0.01076	0.01265	0.00909	0.00663	0.00553	0.00180	0.00924	0.00441	0.00362	0.00874
51	0.00929	0.00727	0.00860	0.00935	0.01121	0.00658	0.00745	0.01147	0.01563	0.01940	0.05524	0.15815	0.39940	0.01875	0.00880	0.00271	0.00457	0.23363	0.00646	0.00604
52	0.80405	0.01350	0.01026	0.00918	0.01350	0.01565	0.00756	0.02051	0.01188	0.03131	0.00972	0.01134	0.00756	0.00648	0.00432	0.00216	0.00540	0.00378	0.00432	0.00756
53	0.01532	0.01435	0.01848	0.07846	0.06004	0.04332	0.01408	0.02187	0.17527	0.02078	0.01884	0.02823	0.01717	0.01292	0.03614	0.00300	0.30110	0.10759	0.00460	0.00844
54	0.01141	0.00658	0.00721	0.00746	0.00838	0.00652	0.00504	0.01330	0.01300	0.02061	0.02493	0.12845	0.02468	0.26110	0.01583	0.00355	0.00462	0.02710	0.40458	0.00563
55	0.01304	0.01199	0.01710	0.01533	0.01586	0.01605	0.01252	0.01497	0.01091	0.01654	0.01317	0.02037	0.01264	0.02908	0.31899	0.00649	0.43786	0.00668	0.00334	0.00704
56	0.01205	0.00819	0.00979	0.00892	0.01133	0.00748	0.00683	0.05049	0.01921	0.08395	0.40254	0.05277	0.27080	0.01460	0.00807	0.00224	0.00383	0.01250	0.00733	0.00709
57	0.01214	0.01015	0.01604	0.07297	0.19762	0.01108	0.01237	0.01496	0.01253	0.01777	0.01711	0.02600	0.01599	0.10993	0.41320	0.00770	0.01403	0.00733	0.00367	0.00740
58	0.01814	0.00993	0.01226	0.01056	0.01392	0.00942	0.00830	0.02362	0.12586	0.25812	0.26662	0.03960	0.12490	0.01186	0.00754	0.00221	0.00456	0.01007	0.03355	0.00897
59	0.01923	0.01855	0.01895	0.01641	0.01920	0.13075	0.01312	0.11391	0.27580	0.02509	0.01770	0.01912	0.01409	0.00988	0.01222	0.00247	0.25221	0.00655	0.00519	0.00955
60	0.07930	0.05307	0.02147	0.01975	0.12905	0.22481	0.04963	0.14431	0.01950	0.02531	0.01262	0.01464	0.01008	0.00668	0.00618	0.00179	0.00877	0.00514	0.00432	0.16357
61	0.02082	0.14936	0.07782	0.01417	0.01881	0.14906	0.01247	0.21105	0.02102	0.04953	0.05737	0.01851	0.01482	0.00807	0.00677	0.00192	0.03569	0.00585	0.11760	0.00928
62	0.41539	0.01433	0.01493	0.01310	0.04297	0.03660	0.05906	0.02205	0.09975	0.02751	0.01413	0.04211	0.01165	0.00715	0.00545	0.00200	0.00613	0.00541	0.00460	0.15569
63	0.01294	0.04959	0.01303	0.01088	0.01397	0.08470	0.00816	0.01498	0.01446	0.01929	0.02564	0.33055	0.05155	0.01504	0.03806	0.00239	0.00612	0.01139	0.00509	0.27217

[dist]
# distance from previous block
# <min> <max>
0	1

[block]
# block no. 3 follows, 30 sequences, length 7
# corresponding to MSA columns:
# 115-121
name=unknown_D
#
# <colnr> <probs for GDERKNQSTAVLIFYWHMCP>
#	G	D	E	R	K	N	Q	S	T	A	V	L	I	F	Y	W	H	M	C	P
0	0.19704	0.01763	0.01816	0.01469	0.01925	0.14336	0.07416	0.11831	0.01888	0.20649	0.01673	0.01733	0.01194	0.00772	0.00694	0.00211	0.03893	0.00579	0.05504	0.00949
1	0.05701	0.01253	0.02150	0.01652	0.02109	0.01155	0.23983	0.02099	0.01731	0.18961	0.13211	0.07376	0.13364	0.01062	0.00778	0.00230	0.00702	0.01007	0.00606	0.00871
2	0.01352	0.00891	0.01038	0.01042	0.01238	0.00920	0.00762	0.02002	0.18997	0.07777	0.03176	0.35675	0.03163	0.01479	0.00746	0.00241	0.00441	0.01299	0.16990	0.00771
3	0.01283	0.00751	0.00948	0.00870	0.01075	0.00696	0.00663	0.01605	0.01872	0.10169	0.49239	0.04366	0.05067	0.01239	0.00741	0.00207	0.00357	0.01075	0.17063	0.00714
4	0.00897	0.00670	0.00794	0.00849	0.00950	0.00630	0.00575	0.01018	0.01318	0.01693	0.04284	0.28849	0.25046	0.20524	0.08293	0.00445	0.00594	0.01463	0.00566	0.00544
5	0.01746	0.01380	0.01476	0.01256	0.01643	0.01493	0.00996	0.24418	0.24438	0.03156	0.10854	0.03539	0.18321	0.01154	0.00745	0.00226	0.00553	0.00947	0.00698	0.00963
6	0.01886	0.11052	0.01810	0.01268	0.01689	0.01653	0.01042	0.24499	0.15461	0.06280	0.16336	0.03005	0.09007	0.01035	0.00705	0.00212	0.00588	0.00837	0.00666	0.00970

[dist]
# distance from previous block
# <min> <max>
0	3

[block]
# block no. 4 follows, 30 sequences, length 22
# corresponding to MSA columns:
# 126-147
name=unknown_E
#
# <colnr> <probs for GDERKNQSTAVLIFYWHMCP>
#	G	D	E	R	K	N	Q	S	T	A	V	L	I	F	Y	W	H	M	C	P
0	0.01920	0.01731	0.02041	0.02468	0.29238	0.14450	0.01444	0.03929	0.01711	0.08834	0.03290	0.04521	0.01426	0.00740	0.00649	0.00185	0.00770	0.00630	0.05344	0.14679
1	0.01958	0.13749	0.19199	0.01426	0.01995	0.01652	0.01417	0.11226	0.07628	0.15277	0.01812	0.02037	0.01386	0.06782	0.00931	0.00244	0.03716	0.00619	0.05966	0.00980
2	0.01103	0.00714	0.00957	0.00957	0.01095	0.00795	0.00738	0.01379	0.01241	0.01963	0.02012	0.02693	0.01760	0.03687	0.47439	0.00786	0.01329	0.00714	0.28008	0.00633
3	0.01548	0.01331	0.01493	0.01169	0.01710	0.01212	0.00924	0.02440	0.25386	0.02500	0.01800	0.01852	0.01417	0.00667	0.00584	0.00150	0.00529	0.00545	0.00517	0.52226
4	0.01221	0.01012	0.01533	0.14879	0.13630	0.01035	0.01285	0.01557	0.01577	0.02147	0.13399	0.14179	0.03272	0.01353	0.00809	0.00251	0.00636	0.20040	0.00539	0.05647
5	0.01206	0.01068	0.01753	0.48368	0.03561	0.01313	0.01565	0.01595	0.01300	0.01726	0.01460	0.02169	0.01215	0.02285	0.25895	0.00544	0.01259	0.00665	0.00332	0.00722
6	0.01240	0.01111	0.01963	0.01534	0.01900	0.01032	0.24378	0.01633	0.01712	0.02412	0.24551	0.03892	0.15018	0.01095	0.00770	0.00219	0.00629	0.01048	0.13120	0.00744
7	0.03131	0.01188	0.01619	0.01242	0.01781	0.01026	0.01026	0.03401	0.01997	0.71606	0.02753	0.02375	0.01727	0.00864	0.00702	0.00216	0.00594	0.00702	0.00864	0.01188
8	0.00969	0.00657	0.00775	0.00820	0.00832	0.00646	0.00486	0.01003	0.01105	0.01473	0.02661	0.24348	0.03121	0.54898	0.02805	0.00566	0.00600	0.01287	0.00486	0.00463
9	0.31030	0.01692	0.02238	0.01877	0.06976	0.05786	0.20016	0.12738	0.01772	0.02919	0.05569	0.01732	0.01304	0.00712	0.00638	0.00218	0.00803	0.00619	0.00463	0.00898
10	0.00912	0.00643	0.00796	0.00893	0.00937	0.00612	0.00580	0.01003	0.01255	0.01656	0.03516	0.44764	0.08484	0.26527	0.01774	0.00412	0.00499	0.03641	0.00573	0.00523
11	0.00847	0.00651	0.00776	0.00864	0.00987	0.00580	0.00603	0.01001	0.01468	0.01874	0.08567	0.44893	0.30417	0.01984	0.00862	0.00262	0.00381	0.01748	0.00654	0.00580
12	0.02065	0.14911	0.02513	0.01745	0.02171	0.17280	0.09436	0.14373	0.12281	0.02422	0.01450	0.01632	0.01160	0.00818	0.00911	0.00215	0.12627	0.00591	0.00454	0.00945
13	0.01715	0.05161	0.35139	0.06487	0.02955	0.05620	0.15647	0.02451	0.07309	0.08539	0.01535	0.01734	0.01105	0.00693	0.00696	0.00221	0.00978	0.00616	0.00398	0.01000
14	0.02500	0.01114	0.01473	0.01202	0.01641	0.01038	0.00974	0.02921	0.08227	0.49163	0.02919	0.02755	0.06546	0.01630	0.12182	0.00363	0.00776	0.00771	0.00756	0.01048
15	0.01043	0.00863	0.01280	0.01259	0.01415	0.00868	0.06899	0.01268	0.01448	0.01906	0.03830	0.35170	0.13796	0.01834	0.01010	0.00283	0.06710	0.17887	0.00591	0.00639
16	0.01619	0.01622	0.02966	0.23956	0.17879	0.01734	0.25447	0.06169	0.01616	0.02201	0.01317	0.01802	0.01027	0.00694	0.00869	0.00233	0.06873	0.00692	0.00356	0.00928
17	0.11034	0.05416	0.01263	0.01060	0.01353	0.04775	0.00819	0.01972	0.10148	0.11521	0.10938	0.20351	0.13975	0.01348	0.00730	0.00232	0.00512	0.01133	0.00637	0.00785
18	0.01006	0.00710	0.00931	0.00931	0.00990	0.00769	0.00635	0.01124	0.01065	0.01479	0.02043	0.03705	0.02163	0.42323	0.36193	0.00887	0.01239	0.00889	0.00400	0.00517
19	0.01506	0.01504	0.02493	0.07596	0.23915	0.05100	0.18556	0.01887	0.01577	0.02109	0.06274	0.05160	0.06336	0.05235	0.00981	0.00257	0.03302	0.04919	0.00423	0.00867
20	0.01561	0.17536	0.14054	0.01583	0.02206	0.04261	0.12945	0.02078	0.05794	0.02167	0.07032	0.02041	0.04420	0.00729	0.00633	0.00181	0.00773	0.00629	0.00413	0.18963
21	0.01892	0.01746	0.04421	0.02296	0.22219	0.08637	0.04177	0.16527	0.04153	0.05069	0.06241	0.02571	0.06407	0.00885	0.00711	0.00209	0.00768	0.04114	0.00518	0.06436

[dist]
# distance from previous block
# <min> <max>
11	38

[block]
# block no. 5 follows, 30 sequences, length 15
# corresponding to MSA columns:
# 187-201
name=unknown_F
#
# <colnr> <probs for GDERKNQSTAVLIFYWHMCP>
#	G	D	E	R	K	N	Q	S	T	A	V	L	I	F	Y	W	H	M	C	P
0	0.01087	0.01249	0.12096	0.01205	0.01441	0.04037	0.01054	0.01358	0.01446	0.01924	0.06852	0.38226	0.03693	0.07629	0.01065	0.00304	0.00603	0.13502	0.00567	0.00658
1	0.01684	0.05493	0.06591	0.05547	0.13216	0.01354	0.01226	0.09591	0.06514	0.09314	0.01978	0.03000	0.01809	0.24914	0.01615	0.00366	0.00735	0.03712	0.00496	0.00848
2	0.01635	0.01313	0.01361	0.01225	0.01460	0.09302	0.00951	0.08828	0.05934	0.07375	0.02811	0.09237	0.13439	0.01618	0.06799	0.05823	0.10535	0.00894	0.08697	0.00764
3	0.01728	0.01464	0.01871	0.01716	0.11643	0.03038	0.04850	0.06421	0.11047	0.06048	0.01581	0.01727	0.01238	0.00638	0.00609	0.00158	0.00640	0.00546	0.00481	0.42556
4	0.03943	0.06451	0.45402	0.06796	0.02804	0.01553	0.04941	0.02325	0.01562	0.12954	0.03797	0.01755	0.01213	0.00715	0.00666	0.00218	0.00911	0.00579	0.00406	0.01007
5	0.28370	0.00892	0.00879	0.00894	0.01113	0.00944	0.00664	0.01569	0.01336	0.04912	0.02486	0.31643	0.02585	0.01318	0.00641	0.00232	0.00441	0.01103	0.17306	0.00672
6	0.06167	0.07915	0.07185	0.21198	0.06309	0.06068	0.03190	0.13240	0.03526	0.07021	0.01716	0.05803	0.01450	0.00880	0.00687	0.00223	0.00817	0.05225	0.00472	0.00911
7	0.01745	0.18153	0.41080	0.01693	0.02507	0.01876	0.01955	0.08124	0.07581	0.06791	0.01464	0.01573	0.01075	0.00702	0.00628	0.00206	0.00880	0.00531	0.00403	0.01033
8	0.00872	0.00642	0.00822	0.00949	0.01034	0.00592	0.00665	0.01027	0.01425	0.01866	0.07331	0.56145	0.15153	0.02067	0.00883	0.00276	0.00411	0.06609	0.00653	0.00580
9	0.00966	0.00680	0.00892	0.01019	0.01086	0.00660	0.00740	0.01120	0.01347	0.01781	0.03452	0.40312	0.03998	0.17685	0.01478	0.00378	0.00532	0.20718	0.00598	0.00558
10	0.01900	0.04235	0.02452	0.04577	0.30894	0.06944	0.09253	0.04494	0.04118	0.11337	0.01873	0.06189	0.01613	0.00865	0.00728	0.00222	0.00821	0.06010	0.00477	0.00996
11	0.01633	0.01785	0.07330	0.05931	0.38358	0.07178	0.08727	0.02117	0.05090	0.02171	0.01715	0.11542	0.01584	0.00858	0.00726	0.00222	0.00846	0.00812	0.00402	0.00975
12	0.00998	0.00742	0.01093	0.01093	0.01207	0.00857	0.00836	0.01228	0.01113	0.01599	0.01895	0.02887	0.01808	0.10830	0.67201	0.01086	0.01774	0.00769	0.00378	0.00607
13	0.01674	0.01806	0.03681	0.03398	0.26596	0.01728	0.45990	0.02203	0.01627	0.02250	0.01378	0.01830	0.01075	0.00600	0.00778	0.00226	0.01058	0.00755	0.00350	0.00997
14	0.23392	0.29037	0.02327	0.01341	0.01806	0.28146	0.01132	0.02335	0.01561	0.02069	0.01010	0.01174	0.00859	0.00656	0.00510	0.00179	0.00879	0.00402	0.00357	0.00826

[dist]
# distance from previous block
# <min> <max>
0	2

[block]
# block no. 6 follows, 30 sequences, length 52
# corresponding to MSA columns:
# 204-255
name=unknown_G
#
# <colnr> <probs for GDERKNQSTAVLIFYWHMCP>
#	G	D	E	R	K	N	Q	S	T	A	V	L	I	F	Y	W	H	M	C	P
0	0.01819	0.02550	0.24957	0.02892	0.29833	0.11239	0.05904	0.08276	0.01760	0.02369	0.01300	0.01587	0.01011	0.00666	0.00682	0.00210	0.00966	0.00577	0.00363	0.01040
1	0.02464	0.01548	0.01934	0.18254	0.11581	0.10854	0.01423	0.02785	0.01804	0.37240	0.01995	0.02023	0.01353	0.00775	0.00690	0.00214	0.00791	0.00639	0.00602	0.01032
2	0.01866	0.75896	0.03657	0.01194	0.01791	0.02761	0.01194	0.02090	0.01418	0.01642	0.00970	0.01119	0.00896	0.00597	0.00448	0.00149	0.00746	0.00373	0.00299	0.00896
3	0.01486	0.08366	0.02282	0.08223	0.38424	0.01453	0.01590	0.01861	0.01675	0.02338	0.22205	0.02730	0.02724	0.00868	0.00708	0.00207	0.00678	0.00791	0.00466	0.00926
4	0.00846	0.00625	0.00791	0.00924	0.01000	0.00571	0.00627	0.00977	0.01382	0.01800	0.04425	0.62756	0.16506	0.02111	0.00879	0.00275	0.00396	0.01892	0.00648	0.00571
5	0.01465	0.01060	0.01228	0.01136	0.01351	0.01103	0.00836	0.22737	0.01986	0.02673	0.10275	0.34400	0.03454	0.11518	0.01179	0.00306	0.00549	0.01340	0.00647	0.00756
6	0.01665	0.24058	0.06877	0.17677	0.32538	0.01966	0.01839	0.02055	0.01491	0.01980	0.01191	0.01557	0.00993	0.00632	0.00617	0.00196	0.00837	0.00540	0.00321	0.00969
7	0.01741	0.00883	0.01158	0.00992	0.01298	0.00784	0.00778	0.02034	0.01947	0.27387	0.40342	0.04337	0.10923	0.01257	0.00780	0.00220	0.00426	0.01081	0.00791	0.00842
8	0.01647	0.01882	0.04118	0.02941	0.03647	0.01765	0.68588	0.02235	0.01647	0.02235	0.01412	0.01882	0.01059	0.00588	0.00824	0.00235	0.01176	0.00824	0.00353	0.00941
9	0.01781	0.01847	0.08960	0.19431	0.29608	0.04423	0.01904	0.13261	0.04424	0.02489	0.01384	0.01733	0.01081	0.00721	0.00757	0.00219	0.03951	0.00612	0.00404	0.01010
10	0.01802	0.47063	0.05447	0.02326	0.26692	0.02331	0.01576	0.02112	0.01481	0.01888	0.01102	0.01348	0.00970	0.00608	0.00542	0.00172	0.00785	0.00467	0.00315	0.00975
11	0.00850	0.00607	0.00810	0.00972	0.01012	0.00567	0.00648	0.00972	0.01336	0.01781	0.03846	0.75020	0.04615	0.02186	0.00891	0.00283	0.00405	0.01984	0.00648	0.00567
12	0.01853	0.68871	0.03579	0.01486	0.08351	0.02657	0.01284	0.02094	0.01434	0.01702	0.01003	0.01177	0.00915	0.00599	0.00471	0.00155	0.00754	0.00397	0.00303	0.00915
13	0.01400	0.03610	0.71860	0.01989	0.03020	0.01621	0.02578	0.02210	0.01473	0.02210	0.01252	0.01473	0.00884	0.00663	0.00663	0.00221	0.01031	0.00516	0.00295	0.01031
14	0.01256	0.00995	0.01164	0.01072	0.01319	0.01045	0.00818	0.02174	0.26320	0.02842	0.46399	0.04277	0.04987	0.01255	0.00783	0.00226	0.00409	0.01092	0.00747	0.00818
15	0.01586	0.01521	0.02546	0.24771	0.44800	0.01671	0.02023	0.01991	0.01482	0.02075	0.01254	0.01748	0.01035	0.00701	0.00844	0.00224	0.07802	0.00620	0.00331	0.00975
16	0.01715	0.35751	0.09250	0.01632	0.02181	0.08732	0.12575	0.02067	0.01550	0.01884	0.01602	0.02586	0.01520	0.00868	0.00646	0.00206	0.00872	0.13125	0.00379	0.00859
17	0.00929	0.00711	0.00852	0.00817	0.01007	0.00634	0.00612	0.01204	0.01837	0.02471	0.47916	0.05752	0.29627	0.01549	0.00824	0.00225	0.00338	0.01338	0.00725	0.00634
18	0.01075	0.00771	0.01056	0.01139	0.01301	0.00751	0.00957	0.01400	0.01739	0.02343	0.27743	0.06918	0.04937	0.01748	0.00913	0.00285	0.00530	0.43057	0.00688	0.00648
19	0.00944	0.00682	0.00910	0.01042	0.01142	0.00648	0.00786	0.01149	0.01493	0.01976	0.10316	0.44268	0.08410	0.02012	0.00903	0.00286	0.00466	0.21309	0.00658	0.00600
20	0.01707	0.28191	0.02948	0.02853	0.39628	0.01959	0.01661	0.02045	0.01564	0.02100	0.07761	0.01839	0.01549	0.00689	0.00616	0.00188	0.00752	0.00593	0.00369	0.00988
21	0.02212	0.02498	0.01796	0.01627	0.02002	0.40522	0.01238	0.03204	0.32745	0.02257	0.01877	0.01868	0.01457	0.00822	0.00666	0.00206	0.00938	0.00603	0.00518	0.00943
22	0.00861	0.00684	0.00779	0.00847	0.01013	0.00602	0.00624	0.01034	0.01510	0.01871	0.05716	0.28737	0.43272	0.01917	0.00859	0.00259	0.00397	0.07783	0.00647	0.00587
23	0.01739	0.56251	0.22192	0.01410	0.02125	0.02451	0.01570	0.02122	0.01433	0.01796	0.01047	0.01216	0.00892	0.00615	0.00506	0.00169	0.00824	0.00412	0.00297	0.00932
24	0.21345	0.36694	0.08002	0.01817	0.15946	0.02152	0.01384	0.02100	0.01400	0.02186	0.01062	0.01274	0.00903	0.00620	0.00510	0.00183	0.00733	0.00436	0.00341	0.00914
25	0.00850	0.00607	0.00810	0.00972	0.01012	0.00567	0.00648	0.00972	0.01336	0.01781	0.03846	0.75020	0.04615	0.02186	0.00891	0.00283	0.00405	0.01984	0.00648	0.00567
26	0.00854	0.00647	0.00790	0.00901	0.01008	0.00584	0.00631	0.01001	0.01428	0.01827	0.04860	0.50574	0.25555	0.02043	0.00873	0.00270	0.00399	0.04531	0.00648	0.00577
27	0.01854	0.01983	0.02777	0.02175	0.02586	0.17878	0.29323	0.02198	0.01594	0.05928	0.01529	0.08300	0.01352	0.00910	0.01083	0.00240	0.16243	0.00792	0.00400	0.00854
28	0.01318	0.01240	0.02093	0.73798	0.04806	0.01550	0.01938	0.01783	0.01395	0.01783	0.01240	0.01860	0.00930	0.00698	0.00698	0.00233	0.00930	0.00620	0.00310	0.00775
29	0.52161	0.01541	0.02134	0.01643	0.02173	0.01637	0.25081	0.02117	0.01352	0.02810	0.01129	0.01402	0.00864	0.00626	0.00572	0.00223	0.00768	0.00538	0.00404	0.00822
30	0.26411	0.02894	0.49436	0.01650	0.02491	0.01603	0.02001	0.02160	0.01383	0.02501	0.01163	0.01366	0.00843	0.00658	0.00590	0.00219	0.00876	0.00472	0.00338	0.00944
31	0.02142	0.06626	0.02466	0.02505	0.21330	0.31759	0.07605	0.05601	0.09197	0.02162	0.01385	0.01601	0.01116	0.00703	0.00665	0.00198	0.01004	0.00571	0.00405	0.00957
32	0.00875	0.00625	0.00838	0.01000	0.01051	0.00588	0.00691	0.01014	0.01360	0.01809	0.03832	0.68956	0.04561	0.02163	0.00897	0.00287	0.00426	0.07804	0.00647	0.00574
33	0.01824	0.69367	0.09817	0.01266	0.01902	0.02658	0.01319	0.02100	0.01423	0.01693	0.00996	0.01151	0.00894	0.00603	0.00467	0.00156	0.00772	0.00386	0.00298	0.00908
34	0.01810	0.22669	0.23305	0.01460	0.02117	0.01842	0.01531	0.08399	0.10875	0.09422	0.02130	0.02134	0.07788	0.00824	0.00632	0.00203	0.00755	0.00633	0.00480	0.00992
35	0.00850	0.00607	0.00810	0.00972	0.01012	0.00567	0.00648	0.00972	0.01336	0.01781	0.03846	0.75020	0.04615	0.02186	0.00891	0.00283	0.00405	0.01984	0.00648	0.00567
36	0.01017	0.00769	0.00975	0.01078	0.01265	0.00726	0.00911	0.01286	0.01601	0.02015	0.04905	0.07457	0.27980	0.01870	0.00914	0.00291	0.00539	0.43133	0.00645	0.00623
37	0.02198	0.01567	0.02808	0.02369	0.11936	0.01482	0.28982	0.02780	0.08219	0.27183	0.02015	0.02106	0.01406	0.00725	0.00751	0.00225	0.00861	0.00749	0.00569	0.01067
38	0.01609	0.01538	0.02619	0.24306	0.52021	0.01627	0.02083	0.02038	0.01533	0.02137	0.01292	0.01766	0.01055	0.00644	0.00693	0.00215	0.00858	0.00621	0.00335	0.01010
39	0.02483	0.01870	0.01999	0.01571	0.02099	0.02085	0.01285	0.56758	0.15594	0.04124	0.01891	0.01847	0.01361	0.00858	0.00700	0.00214	0.00728	0.00658	0.00700	0.01172
40	0.01813	0.02256	0.15767	0.02171	0.02751	0.08249	0.24734	0.11279	0.08232	0.02455	0.01448	0.01737	0.01109	0.00776	0.00968	0.00235	0.11965	0.00671	0.00416	0.00968
41	0.01899	0.72616	0.03581	0.01221	0.01808	0.05921	0.01201	0.02121	0.01443	0.01645	0.00975	0.01126	0.00896	0.00603	0.00456	0.00151	0.00769	0.00377	0.00301	0.00892
42	0.00949	0.00678	0.00923	0.01084	0.01168	0.00652	0.00819	0.01142	0.01433	0.01891	0.03792	0.50940	0.04400	0.02094	0.00917	0.00297	0.00490	0.25094	0.00646	0.00594
43	0.02376	0.01817	0.01939	0.01550	0.02059	0.02035	0.01259	0.49178	0.23348	0.03952	0.02026	0.01955	0.01471	0.00871	0.00702	0.00218	0.00703	0.00677	0.00702	0.01162
44	0.02382	0.02112	0.02566	0.01991	0.02503	0.21305	0.21548	0.11643	0.02007	0.18235	0.01634	0.01774	0.01177	0.00758	0.00809	0.00216	0.05188	0.00653	0.00516	0.00984
45	0.02676	0.01645	0.01870	0.01463	0.01992	0.01740	0.01199	0.38702	0.12296	0.25648	0.02184	0.02030	0.01493	0.00861	0.00701	0.00215	0.00682	0.00674	0.00753	0.01175
46	0.02345	0.01757	0.01888	0.01523	0.02021	0.01959	0.01233	0.42499	0.27100	0.06905	0.02142	0.02040	0.01550	0.00878	0.00703	0.00219	0.00683	0.00689	0.00710	0.01157
47	0.01800	0.01176	0.07994	0.01247	0.01606	0.00998	0.01089	0.02110	0.01469	0.26774	0.02128	0.02490	0.01657	0.03234	0.40070	0.00712	0.01333	0.00709	0.00542	0.00864
48	0.01576	0.01628	0.03097	0.23049	0.15331	0.01683	0.32320	0.02225	0.07727	0.02177	0.01475	0.01915	0.01127	0.00657	0.00755	0.00230	0.00991	0.00729	0.00372	0.00937
49	0.00948	0.00649	0.00781	0.00846	0.00862	0.00632	0.00514	0.00997	0.01145	0.01526	0.02864	0.33017	0.03376	0.45880	0.02477	0.00518	0.00567	0.01406	0.00514	0.00481
50	0.01043	0.00768	0.01123	0.01180	0.01318	0.00848	0.00963	0.01318	0.01295	0.01788	0.02524	0.04581	0.02559	0.04048	0.46981	0.00835	0.01429	0.24301	0.00470	0.00630
51	0.01318	0.01240	0.02093	0.73798	0.04806	0.01550	0.01938	0.01783	0.01395	0.01783	0.01240	0.01860	0.00930	0.00698	0.00698	0.00233	0.00930	0.00620	0.00310	0.00775

[dist]
# distance from previous block
# <min> <max>
0	19

[block]
# block no. 7 follows, 30 sequences, length 12
# corresponding to MSA columns:
# 275-286
name=unknown_H
#
# <colnr> <probs for GDERKNQSTAVLIFYWHMCP>
#	G	D	E	R	K	N	Q	S	T	A	V	L	I	F	Y	W	H	M	C	P
0	0.01530	0.19394	0.02883	0.01844	0.02320	0.01694	0.27330	0.04714	0.05278	0.02096	0.02057	0.21655	0.02052	0.01056	0.00740	0.00227	0.00811	0.01021	0.00454	0.00847
1	0.07395	0.01040	0.01361	0.01148	0.01544	0.00935	0.00906	0.02654	0.01766	0.48253	0.02938	0.22089	0.02453	0.01210	0.00736	0.00234	0.00539	0.01031	0.00778	0.00991
2	0.01417	0.01333	0.02137	0.14254	0.41560	0.01350	0.01671	0.01775	0.01559	0.02094	0.02870	0.03107	0.20077	0.00946	0.00728	0.00219	0.00715	0.00853	0.00422	0.00913
3	0.01924	0.01594	0.02382	0.24543	0.26584	0.01734	0.03756	0.20260	0.02014	0.06257	0.01466	0.01791	0.01105	0.00715	0.00699	0.00217	0.00841	0.00633	0.00458	0.01026
4	0.01994	0.02014	0.01961	0.19088	0.02737	0.24059	0.04837	0.02857	0.24092	0.06570	0.01819	0.01948	0.01371	0.00791	0.00687	0.00216	0.00901	0.00637	0.00494	0.00928
5	0.02345	0.02933	0.02561	0.02109	0.02563	0.53355	0.19668	0.02636	0.01887	0.01852	0.01169	0.01428	0.00942	0.00683	0.00682	0.00195	0.01236	0.00551	0.00358	0.00845
6	0.01722	0.01584	0.02587	0.01936	0.02470	0.01563	0.30059	0.21677	0.02117	0.02782	0.03031	0.03138	0.20109	0.00984	0.00787	0.00228	0.00831	0.00942	0.00536	0.00918
7	0.01223	0.00658	0.00681	0.00681	0.00799	0.00658	0.00470	0.01459	0.01341	0.02261	0.02255	0.03137	0.01993	0.21155	0.01323	0.00303	0.00421	0.00750	0.57846	0.00588
8	0.01171	0.00666	0.00666	0.00666	0.00848	0.00634	0.00499	0.01456	0.01498	0.02406	0.03582	0.03723	0.20602	0.01073	0.00580	0.00183	0.00333	0.00874	0.57907	0.00634
9	0.01904	0.01779	0.02677	0.05766	0.35860	0.07759	0.12720	0.08024	0.05479	0.06264	0.01583	0.04193	0.01285	0.00728	0.00716	0.00215	0.00879	0.00699	0.00435	0.01035
10	0.01328	0.00815	0.01002	0.00979	0.01190	0.00754	0.00740	0.05131	0.01598	0.11689	0.04329	0.23296	0.25610	0.01789	0.01049	0.09348	0.00480	0.07558	0.00641	0.00673
11	0.01449	0.01454	0.01316	0.01314	0.01513	0.20386	0.01032	0.01686	0.01509	0.01780	0.02486	0.07811	0.05962	0.02848	0.27858	0.00577	0.01243	0.16638	0.00465	0.00673

[dist]
# distance from previous block
# <min> <max>
0	26

# created by:
# /home/berkeley/.conda/envs/busco_data_prod/bin/msa2prfl.pl pipeline/OGs_align_augustus/5794/68819.fs
