[name]
unknown

[dist]
# distance from previous block
# <min> <max>
0	325

[block]
# block no. 0 follows, 34 sequences, length 120
# corresponding to MSA columns:
# 325-444
name=unknown_A
#
# <colnr> <probs for GDERKNQSTAVLIFYWHMCP>
#	G	D	E	R	K	N	Q	S	T	A	V	L	I	F	Y	W	H	M	C	P
0	0.01150	0.00849	0.01124	0.01175	0.01397	0.00821	0.01015	0.04837	0.01545	0.02062	0.03035	0.06235	0.03232	0.01566	0.00827	0.00266	0.00586	0.56664	0.00570	0.11045
1	0.02600	0.01070	0.01426	0.01099	0.01581	0.00912	0.00901	0.02850	0.01785	0.61827	0.04596	0.02396	0.05211	0.00827	0.00643	0.00192	0.00526	0.00676	0.00751	0.08132
2	0.11884	0.01365	0.01965	0.02527	0.39259	0.01292	0.01398	0.01850	0.01378	0.02211	0.01152	0.01439	0.00959	0.00545	0.00553	0.00160	0.00633	0.00480	0.00352	0.28598
3	0.01521	0.01444	0.02453	0.13405	0.60512	0.01483	0.01911	0.01907	0.01448	0.02041	0.01316	0.01898	0.01136	0.00645	0.00653	0.00200	0.00772	0.03966	0.00329	0.00961
4	0.01328	0.00874	0.01046	0.00868	0.01148	0.00747	0.00619	0.01484	0.01259	0.11011	0.05372	0.06404	0.02029	0.32431	0.01694	0.00342	0.00535	0.00756	0.00467	0.29585
5	0.01702	0.73857	0.03248	0.01081	0.01613	0.02460	0.01073	0.01913	0.01315	0.01564	0.00958	0.01105	0.00870	0.00563	0.00416	0.00139	0.00672	0.00358	0.04275	0.00818
6	0.01353	0.01168	0.01403	0.01106	0.05090	0.00895	0.00826	0.01645	0.01346	0.02106	0.01152	0.01353	0.00960	0.00483	0.00487	0.00100	0.00493	0.00392	0.00380	0.77263
7	0.02396	0.05920	0.01926	0.01593	0.01985	0.52145	0.01237	0.20914	0.02132	0.02246	0.01143	0.01263	0.00904	0.00690	0.00593	0.00173	0.01023	0.00458	0.00414	0.00846
8	0.01675	0.02471	0.44018	0.01738	0.02510	0.01342	0.11094	0.02252	0.01504	0.18791	0.01771	0.01851	0.04604	0.00699	0.00650	0.00206	0.00847	0.00600	0.00419	0.00957
9	0.00881	0.00696	0.00838	0.00795	0.00966	0.00653	0.00603	0.01122	0.01649	0.02210	0.43498	0.05199	0.31889	0.01434	0.00830	0.00213	0.04074	0.01215	0.00647	0.00589
10	0.01476	0.01308	0.01979	0.10469	0.29167	0.01372	0.04865	0.08090	0.11954	0.02426	0.17676	0.02464	0.02296	0.00812	0.00677	0.00202	0.00647	0.00742	0.00483	0.00895
11	0.00966	0.00773	0.01198	0.01132	0.01274	0.00886	0.04296	0.01206	0.01081	0.01542	0.01901	0.02626	0.04938	0.04322	0.64457	0.00927	0.04803	0.00722	0.00355	0.00596
12	0.00865	0.00645	0.00793	0.00783	0.00928	0.00585	0.00571	0.01098	0.01627	0.02211	0.45334	0.14426	0.20900	0.05253	0.00896	0.00235	0.00335	0.01288	0.00656	0.00573
13	0.01058	0.00791	0.01118	0.01078	0.01229	0.00913	0.00845	0.07328	0.01215	0.01727	0.01715	0.02451	0.01570	0.04487	0.68193	0.00964	0.01641	0.00683	0.00373	0.00623
14	0.00779	0.00593	0.00718	0.00819	0.00916	0.00532	0.00564	0.00909	0.01315	0.01681	0.04546	0.53565	0.26943	0.01896	0.00805	0.00248	0.00359	0.01681	0.00600	0.00532
15	0.01220	0.01148	0.01938	0.75739	0.04450	0.01436	0.01794	0.01651	0.01292	0.01651	0.01148	0.01723	0.00861	0.00646	0.00646	0.00215	0.00861	0.00574	0.00287	0.00718
16	0.01497	0.01642	0.03529	0.02536	0.03145	0.01543	0.64696	0.02020	0.01510	0.02100	0.01378	0.01802	0.01040	0.00563	0.00735	0.00212	0.01020	0.00748	0.07436	0.00848
17	0.00952	0.00716	0.00928	0.00967	0.01090	0.00735	0.00711	0.01343	0.09655	0.01988	0.20019	0.33425	0.03927	0.02233	0.14567	0.00389	0.00637	0.04514	0.00586	0.00617
18	0.81856	0.01250	0.00950	0.00850	0.01250	0.01449	0.00700	0.01899	0.01100	0.02899	0.00900	0.01050	0.00700	0.00600	0.00400	0.00200	0.00500	0.00350	0.00400	0.00700
19	0.81856	0.01250	0.00950	0.00850	0.01250	0.01449	0.00700	0.01899	0.01100	0.02899	0.00900	0.01050	0.00700	0.00600	0.00400	0.00200	0.00500	0.00350	0.00400	0.00700
20	0.01296	0.03342	0.73944	0.01842	0.02797	0.01501	0.02387	0.02046	0.01364	0.02046	0.01160	0.01364	0.00818	0.00614	0.00614	0.00205	0.00955	0.00477	0.00273	0.00955
21	0.00927	0.00677	0.00879	0.00823	0.00988	0.00616	0.00616	0.01222	0.01780	0.02526	0.66570	0.08097	0.05791	0.01318	0.00753	0.00201	0.00316	0.01167	0.00692	0.04043
22	0.60070	0.01208	0.01101	0.00932	0.01360	0.01312	0.00769	0.02244	0.01306	0.22437	0.01355	0.01367	0.00948	0.00655	0.00469	0.00200	0.00514	0.00433	0.00510	0.00810
23	0.02354	0.01185	0.01491	0.01121	0.01646	0.01025	0.00918	0.09327	0.01802	0.43853	0.02001	0.01859	0.01344	0.00694	0.00594	0.00166	0.00543	0.00557	0.00651	0.26869
24	0.02386	0.01693	0.01839	0.01435	0.01931	0.01859	0.01177	0.56362	0.11859	0.10041	0.01779	0.01720	0.01256	0.00791	0.00648	0.00198	0.00671	0.00607	0.00661	0.01089
25	0.02539	0.01677	0.01857	0.01424	0.01938	0.01807	0.01176	0.58442	0.02816	0.17050	0.01737	0.01672	0.01192	0.00780	0.00647	0.00195	0.00681	0.00594	0.00675	0.01099
26	0.00914	0.00660	0.00864	0.00813	0.00965	0.00610	0.00610	0.01219	0.01829	0.02591	0.72921	0.04827	0.06097	0.01321	0.00762	0.00203	0.00305	0.01169	0.00711	0.00610
27	0.00787	0.00562	0.00750	0.00900	0.00937	0.00525	0.00600	0.00900	0.01237	0.01649	0.03561	0.76871	0.04274	0.02024	0.00825	0.00262	0.00375	0.01837	0.00600	0.00525
28	0.06587	0.01201	0.01532	0.01180	0.01678	0.01114	0.00975	0.12157	0.01972	0.61058	0.02338	0.02058	0.01490	0.00787	0.00637	0.00199	0.00569	0.00626	0.00760	0.01081
29	0.01340	0.01148	0.01340	0.00957	0.01531	0.00861	0.00766	0.01627	0.01340	0.02105	0.01148	0.01340	0.00957	0.00479	0.00479	0.00096	0.00479	0.00383	0.00383	0.81242
30	0.01592	0.01556	0.02739	0.03844	0.66405	0.01545	0.08746	0.01991	0.01477	0.02107	0.01224	0.01613	0.01019	0.00573	0.00652	0.00194	0.00799	0.00594	0.00321	0.01009
31	0.00800	0.00572	0.00761	0.00891	0.00940	0.00533	0.00601	0.00931	0.01295	0.01742	0.10366	0.69802	0.04452	0.01955	0.00819	0.00257	0.00368	0.01771	0.00611	0.00533
32	0.81856	0.01250	0.00950	0.00850	0.01250	0.01449	0.00700	0.01899	0.01100	0.02899	0.00900	0.01050	0.00700	0.00600	0.00400	0.00200	0.00500	0.00350	0.00400	0.00700
33	0.01365	0.01186	0.01466	0.01252	0.08569	0.00927	0.00885	0.01662	0.01353	0.02106	0.01155	0.01365	0.00964	0.00488	0.00494	0.00105	0.00507	0.00402	0.00377	0.73372
34	0.00787	0.00562	0.00750	0.00900	0.00937	0.00525	0.00600	0.00900	0.01237	0.01649	0.03561	0.76871	0.04274	0.02024	0.00825	0.00262	0.00375	0.01837	0.00600	0.00525
35	0.78034	0.01349	0.04413	0.00897	0.01323	0.01452	0.00780	0.01906	0.01112	0.02859	0.00912	0.01065	0.00705	0.00600	0.00410	0.00200	0.00521	0.00356	0.00394	0.00712
36	0.00958	0.00694	0.00940	0.01075	0.01205	0.00676	0.00890	0.01201	0.01428	0.01851	0.03729	0.23305	0.09962	0.01827	0.00865	0.00282	0.00520	0.47420	0.00597	0.00574
37	0.02503	0.01852	0.01878	0.01465	0.01962	0.09014	0.01198	0.56515	0.02782	0.11891	0.01613	0.01588	0.01131	0.00768	0.00641	0.00192	0.00737	0.00573	0.00633	0.01065
38	0.01567	0.01141	0.01363	0.00985	0.01548	0.00874	0.00792	0.01848	0.01414	0.12528	0.01352	0.01465	0.01051	0.00525	0.00503	0.00111	0.00489	0.00422	0.00443	0.69576
39	0.01599	0.01535	0.02623	0.03966	0.73262	0.01535	0.01983	0.01983	0.01471	0.02111	0.01215	0.01599	0.01023	0.00576	0.00640	0.00192	0.00768	0.00576	0.00320	0.01023
40	0.01599	0.01535	0.02623	0.03966	0.73262	0.01535	0.01983	0.01983	0.01471	0.02111	0.01215	0.01599	0.01023	0.00576	0.00640	0.00192	0.00768	0.00576	0.00320	0.01023
41	0.01048	0.00698	0.00862	0.00799	0.01000	0.00622	0.00607	0.01310	0.01733	0.08636	0.48512	0.04976	0.24042	0.01361	0.00753	0.00207	0.00333	0.01176	0.00689	0.00635
42	0.81856	0.01250	0.00950	0.00850	0.01250	0.01449	0.00700	0.01899	0.01100	0.02899	0.00900	0.01050	0.00700	0.00600	0.00400	0.00200	0.00500	0.00350	0.00400	0.00700
43	0.01727	0.77681	0.03386	0.01106	0.01658	0.02557	0.01106	0.01935	0.01313	0.01520	0.00898	0.01036	0.00829	0.00553	0.00415	0.00138	0.00691	0.00345	0.00276	0.00829
44	0.01831	0.70922	0.03219	0.01109	0.01658	0.02415	0.01092	0.02042	0.01360	0.07891	0.01044	0.01139	0.00897	0.00575	0.00435	0.00144	0.00679	0.00372	0.00323	0.00853
45	0.00764	0.00655	0.00655	0.00655	0.00873	0.00545	0.00491	0.00927	0.01473	0.01745	0.06546	0.06218	0.73000	0.01636	0.00764	0.00218	0.00327	0.01364	0.00600	0.00545
46	0.02639	0.01042	0.01416	0.01106	0.01560	0.00905	0.00905	0.02896	0.01847	0.64401	0.11760	0.02543	0.02188	0.00868	0.00664	0.00200	0.00518	0.00718	0.00788	0.01035
47	0.01599	0.01535	0.02623	0.03966	0.73262	0.01535	0.01983	0.01983	0.01471	0.02111	0.01215	0.01599	0.01023	0.00576	0.00640	0.00192	0.00768	0.00576	0.00320	0.01023
48	0.12210	0.02193	0.31459	0.01653	0.02350	0.01432	0.11715	0.08377	0.01612	0.18647	0.01498	0.01585	0.01029	0.00659	0.00619	0.00204	0.00802	0.00551	0.00450	0.00955
49	0.01607	0.01388	0.01461	0.01315	0.01680	0.01607	0.01023	0.03433	0.72094	0.02703	0.02630	0.02411	0.01972	0.00877	0.00657	0.00219	0.00511	0.00731	0.00657	0.01023
50	0.02036	0.01181	0.01896	0.01501	0.01936	0.01100	0.16465	0.06910	0.01772	0.33362	0.06962	0.04987	0.02183	0.00990	0.00732	0.00224	0.00668	0.13551	0.00636	0.00909
51	0.02456	0.01780	0.11496	0.01402	0.01930	0.07977	0.01265	0.20459	0.02050	0.36191	0.01885	0.01789	0.01261	0.00771	0.00705	0.00200	0.04146	0.00584	0.00623	0.01030
52	0.01122	0.00561	0.00842	0.00842	0.00842	0.00561	0.00561	0.00842	0.00842	0.01122	0.01122	0.01964	0.01122	0.02245	0.02525	0.81201	0.00561	0.00561	0.00281	0.00281
53	0.01599	0.01535	0.02623	0.03966	0.73262	0.01535	0.01983	0.01983	0.01471	0.02111	0.01215	0.01599	0.01023	0.00576	0.00640	0.00192	0.00768	0.00576	0.00320	0.01023
54	0.81856	0.01250	0.00950	0.00850	0.01250	0.01449	0.00700	0.01899	0.01100	0.02899	0.00900	0.01050	0.00700	0.00600	0.00400	0.00200	0.00500	0.00350	0.00400	0.00700
55	0.00829	0.00634	0.00770	0.00846	0.00979	0.00574	0.00629	0.01007	0.01417	0.01813	0.10777	0.33176	0.30053	0.01780	0.00807	0.00246	0.00385	0.12118	0.00609	0.00551
56	0.01599	0.01535	0.02623	0.03966	0.73262	0.01535	0.01983	0.01983	0.01471	0.02111	0.01215	0.01599	0.01023	0.00576	0.00640	0.00192	0.00768	0.00576	0.00320	0.01023
57	0.00872	0.00659	0.00805	0.00769	0.00939	0.00592	0.00577	0.01138	0.01730	0.02355	0.54403	0.05215	0.24762	0.01409	0.00763	0.00207	0.00311	0.01223	0.00680	0.00592
58	0.01628	0.01201	0.01481	0.01255	0.01608	0.01297	0.07728	0.04405	0.38719	0.08864	0.02330	0.02305	0.01738	0.00802	0.00613	0.00199	0.00521	0.00689	0.21711	0.00906
59	0.00903	0.00652	0.00854	0.00821	0.00963	0.00602	0.00609	0.01191	0.01777	0.02508	0.66799	0.11185	0.05936	0.01383	0.00768	0.00208	0.00311	0.01228	0.00701	0.00602
60	0.01482	0.01564	0.09296	0.09601	0.48732	0.01433	0.01802	0.01886	0.01411	0.02075	0.01293	0.01674	0.01056	0.00630	0.00679	0.00194	0.03952	0.00569	0.09746	0.00927
61	0.00787	0.00562	0.00750	0.00900	0.00937	0.00525	0.00600	0.00900	0.01237	0.01649	0.03561	0.76871	0.04274	0.02024	0.00825	0.00262	0.00375	0.01837	0.00600	0.00525
62	0.01678	0.01335	0.01723	0.08408	0.17293	0.01459	0.01267	0.02826	0.39876	0.10284	0.02353	0.02314	0.04657	0.00815	0.00656	0.00211	0.00594	0.00701	0.00565	0.00984
63	0.00860	0.00655	0.00756	0.00731	0.00913	0.00580	0.00548	0.01100	0.01644	0.02198	0.39361	0.05345	0.36325	0.01438	0.00748	0.00208	0.00315	0.01230	0.04465	0.00580
64	0.01525	0.01743	0.03813	0.02723	0.03377	0.01634	0.70915	0.02070	0.01525	0.02070	0.01307	0.01743	0.00980	0.00545	0.00763	0.00218	0.01089	0.00763	0.00327	0.00871
65	0.02414	0.03079	0.01831	0.01665	0.01998	0.74698	0.01248	0.02580	0.01831	0.01581	0.00999	0.01165	0.00832	0.00666	0.00583	0.00166	0.01165	0.00416	0.00333	0.00749
66	0.01220	0.01148	0.01938	0.75739	0.04450	0.01436	0.01794	0.01651	0.01292	0.01651	0.01148	0.01723	0.00861	0.00646	0.00646	0.00215	0.00861	0.00574	0.00287	0.00718
67	0.01603	0.01861	0.03638	0.02630	0.03255	0.08083	0.64766	0.02115	0.01552	0.02027	0.01280	0.01692	0.00967	0.00555	0.00747	0.00213	0.01096	0.00732	0.00327	0.00861
68	0.02724	0.01061	0.01443	0.01120	0.01589	0.00920	0.00920	0.02979	0.01848	0.67432	0.08760	0.02431	0.01996	0.00846	0.00660	0.00200	0.00528	0.00696	0.00792	0.01056
69	0.01601	0.01480	0.02172	0.02837	0.41847	0.01568	0.03346	0.02586	0.30706	0.02355	0.01803	0.01939	0.01415	0.00699	0.00650	0.00204	0.00670	0.00645	0.00460	0.01019
70	0.00866	0.00652	0.00738	0.00717	0.00901	0.00578	0.00538	0.01102	0.01613	0.02162	0.34254	0.05293	0.38379	0.01425	0.00735	0.00206	0.00315	0.01214	0.07732	0.00578
71	0.09276	0.16274	0.54314	0.01614	0.02444	0.01682	0.01995	0.02012	0.01329	0.02037	0.01088	0.01275	0.00809	0.00602	0.00558	0.00192	0.00864	0.00442	0.00286	0.00908
72	0.00879	0.00659	0.00815	0.00776	0.00944	0.00595	0.00582	0.01151	0.01746	0.02394	0.57422	0.05151	0.21718	0.01395	0.00762	0.00207	0.00310	0.01214	0.00685	0.00595
73	0.01117	0.00920	0.01368	0.01752	0.20988	0.00889	0.01073	0.01428	0.01619	0.02229	0.31097	0.04623	0.10729	0.01250	0.00758	0.00223	0.00500	0.16158	0.00566	0.00714
74	0.01340	0.01148	0.01340	0.00957	0.01531	0.00861	0.00766	0.01627	0.01340	0.02105	0.01148	0.01340	0.00957	0.00479	0.00479	0.00096	0.00479	0.00383	0.00383	0.81242
75	0.02015	0.01591	0.01691	0.01397	0.01836	0.01798	0.01121	0.35970	0.38893	0.03361	0.02111	0.01998	0.01552	0.00828	0.00652	0.00207	0.00607	0.00659	0.00652	0.01059
76	0.02621	0.01303	0.01596	0.01250	0.01736	0.01283	0.01024	0.18922	0.11658	0.47949	0.02329	0.02078	0.01534	0.00805	0.00650	0.00201	0.00582	0.00645	0.00745	0.01089
77	0.01973	0.01446	0.01575	0.01332	0.01750	0.01610	0.01060	0.18796	0.47007	0.12489	0.02374	0.02187	0.01724	0.00843	0.00654	0.00211	0.00562	0.00686	0.00674	0.01050
78	0.02526	0.01370	0.01612	0.01256	0.01730	0.01391	0.01031	0.31203	0.05638	0.36074	0.02106	0.01957	0.01414	0.00790	0.00634	0.00195	0.00596	0.00622	0.06800	0.01058
79	0.00873	0.00683	0.01050	0.01083	0.01185	0.00648	0.06840	0.01039	0.01267	0.01695	0.03268	0.62879	0.03826	0.02014	0.04330	0.00297	0.00514	0.05383	0.00563	0.00562
80	0.00822	0.00619	0.00761	0.00805	0.00929	0.00558	0.00574	0.01011	0.01493	0.01981	0.26878	0.34394	0.23439	0.01691	0.00788	0.00231	0.00339	0.01492	0.00636	0.00558
81	0.00770	0.00629	0.00681	0.00723	0.00891	0.00540	0.00521	0.00920	0.01407	0.01719	0.05713	0.25930	0.53826	0.01745	0.00781	0.00231	0.00341	0.01496	0.00600	0.00540
82	0.01546	0.01481	0.02527	0.14044	0.63600	0.01521	0.01957	0.01936	0.01446	0.02046	0.01206	0.01617	0.01001	0.00586	0.00641	0.00195	0.00781	0.00575	0.00315	0.00981
83	0.01595	0.02924	0.60443	0.01713	0.02583	0.01398	0.02119	0.02252	0.01455	0.15402	0.01419	0.01520	0.00964	0.00649	0.00621	0.00204	0.00879	0.00510	0.00371	0.00982
84	0.00787	0.00562	0.00750	0.00900	0.00937	0.00525	0.00600	0.00900	0.01237	0.01649	0.03561	0.76871	0.04274	0.02024	0.00825	0.00262	0.00375	0.01837	0.00600	0.00525
85	0.01835	0.01859	0.02399	0.03336	0.54411	0.17729	0.01776	0.02165	0.01567	0.05046	0.01224	0.01529	0.01006	0.00605	0.00627	0.00187	0.00846	0.00543	0.00343	0.00966
86	0.01296	0.03342	0.73944	0.01842	0.02797	0.01501	0.02387	0.02046	0.01364	0.02046	0.01160	0.01364	0.00818	0.00614	0.00614	0.00205	0.00955	0.00477	0.00273	0.00955
87	0.01548	0.01142	0.01361	0.00983	0.01547	0.00873	0.00790	0.01830	0.01408	0.11659	0.01335	0.01455	0.01043	0.00521	0.00501	0.00110	0.00488	0.00418	0.00438	0.70549
88	0.01156	0.00958	0.01136	0.00908	0.01319	0.00753	0.00700	0.01407	0.01387	0.02056	0.09942	0.14738	0.07584	0.00919	0.00590	0.00145	0.00430	0.00788	0.00472	0.52613
89	0.01220	0.01148	0.01938	0.75739	0.04450	0.01436	0.01794	0.01651	0.01292	0.01651	0.01148	0.01723	0.00861	0.00646	0.00646	0.00215	0.00861	0.00574	0.00287	0.00718
90	0.01727	0.77681	0.03386	0.01106	0.01658	0.02557	0.01106	0.01935	0.01313	0.01520	0.00898	0.01036	0.00829	0.00553	0.00415	0.00138	0.00691	0.00345	0.00276	0.00829
91	0.01220	0.01148	0.01938	0.75739	0.04450	0.01436	0.01794	0.01651	0.01292	0.01651	0.01148	0.01723	0.00861	0.00646	0.00646	0.00215	0.00861	0.00574	0.00287	0.00718
92	0.01599	0.01535	0.02623	0.03966	0.73262	0.01535	0.01983	0.01983	0.01471	0.02111	0.01215	0.01599	0.01023	0.00576	0.00640	0.00192	0.00768	0.00576	0.00320	0.01023
93	0.01599	0.01535	0.02623	0.03966	0.73262	0.01535	0.01983	0.01983	0.01471	0.02111	0.01215	0.01599	0.01023	0.00576	0.00640	0.00192	0.00768	0.00576	0.00320	0.01023
94	0.00934	0.00680	0.00880	0.00827	0.00985	0.00637	0.00621	0.01280	0.03763	0.02594	0.70986	0.04760	0.05983	0.01309	0.00759	0.00204	0.00311	0.01156	0.00710	0.00621
95	0.01599	0.01535	0.02623	0.03966	0.73262	0.01535	0.01983	0.01983	0.01471	0.02111	0.01215	0.01599	0.01023	0.00576	0.00640	0.00192	0.00768	0.00576	0.00320	0.01023
96	0.02304	0.03105	0.08906	0.01682	0.02076	0.67517	0.01360	0.02528	0.01785	0.01627	0.01015	0.01185	0.00831	0.00661	0.00586	0.00170	0.01145	0.00422	0.00327	0.00769
97	0.00764	0.00655	0.00655	0.00655	0.00873	0.00545	0.00491	0.00927	0.01473	0.01745	0.06546	0.06218	0.73000	0.01636	0.00764	0.00218	0.00327	0.01364	0.00600	0.00545
98	0.01599	0.01535	0.02623	0.03966	0.73262	0.01535	0.01983	0.01983	0.01471	0.02111	0.01215	0.01599	0.01023	0.00576	0.00640	0.00192	0.00768	0.00576	0.00320	0.01023
99	0.01414	0.01414	0.01979	0.01696	0.01696	0.01979	0.01414	0.01555	0.00990	0.01555	0.00848	0.01414	0.00848	0.01131	0.02120	0.00283	0.76110	0.00565	0.00283	0.00707
100	0.02441	0.02277	0.01899	0.01552	0.02001	0.28726	0.01236	0.45917	0.02594	0.03157	0.01348	0.01409	0.01001	0.00735	0.00623	0.00184	0.00878	0.00521	0.00531	0.00970
101	0.81856	0.01250	0.00950	0.00850	0.01250	0.01449	0.00700	0.01899	0.01100	0.02899	0.00900	0.01050	0.00700	0.00600	0.00400	0.00200	0.00500	0.00350	0.00400	0.00700
102	0.02414	0.03079	0.01831	0.01665	0.01998	0.74698	0.01248	0.02580	0.01831	0.01581	0.00999	0.01165	0.00832	0.00666	0.00583	0.00166	0.01165	0.00416	0.00333	0.00749
103	0.00785	0.00571	0.00740	0.00876	0.00931	0.00527	0.00589	0.00902	0.01260	0.01659	0.03854	0.69939	0.11016	0.01986	0.00819	0.00258	0.00370	0.01790	0.00600	0.00527
104	0.01948	0.01578	0.01809	0.01738	0.11361	0.01757	0.01234	0.30509	0.34845	0.03176	0.02007	0.01956	0.01494	0.00796	0.00651	0.00205	0.00626	0.00650	0.00608	0.01053
105	0.00919	0.00613	0.00815	0.00903	0.00976	0.00584	0.00655	0.00979	0.01214	0.01579	0.03297	0.33000	0.12516	0.05185	0.01332	0.19161	0.00467	0.14809	0.00516	0.00479
106	0.01614	0.33791	0.29326	0.01623	0.02314	0.09362	0.09769	0.02057	0.01409	0.01785	0.01053	0.01253	0.00843	0.00586	0.00546	0.00175	0.00883	0.00450	0.00287	0.00872
107	0.01619	0.01843	0.03411	0.02495	0.03092	0.08800	0.57911	0.02240	0.07783	0.02078	0.01394	0.01745	0.01053	0.00586	0.00736	0.00213	0.01046	0.00726	0.00357	0.00873
108	0.00865	0.00643	0.00806	0.00798	0.00944	0.00584	0.00586	0.01112	0.01665	0.02278	0.49125	0.17090	0.18126	0.01496	0.00773	0.00216	0.00321	0.01316	0.00672	0.00584
109	0.00902	0.00664	0.00884	0.00944	0.01050	0.00679	0.00715	0.01082	0.01216	0.01619	0.03144	0.18481	0.12597	0.13249	0.25082	0.00565	0.00887	0.15212	0.00488	0.00541
110	0.11316	0.08539	0.09129	0.01524	0.02053	0.04891	0.09386	0.24674	0.15029	0.04868	0.01555	0.01612	0.01151	0.00707	0.00607	0.00197	0.00731	0.00567	0.00504	0.00959
111	0.00825	0.00657	0.00739	0.00719	0.00910	0.00571	0.00539	0.01046	0.01617	0.02088	0.33440	0.05654	0.45891	0.01509	0.00763	0.00212	0.00318	0.01285	0.00645	0.00571
112	0.02850	0.01178	0.01548	0.01187	0.01689	0.01066	0.00980	0.10655	0.01981	0.66018	0.02439	0.02128	0.01544	0.00797	0.00649	0.00199	0.00568	0.00642	0.00783	0.01100
113	0.01257	0.01186	0.02005	0.68698	0.11201	0.01445	0.01813	0.01683	0.01310	0.01696	0.01155	0.01711	0.00877	0.00639	0.00645	0.00213	0.00852	0.00574	0.00290	0.00748
114	0.01794	0.01297	0.01425	0.01250	0.01632	0.01433	0.00981	0.03249	0.55763	0.15365	0.02824	0.02575	0.05682	0.00903	0.00662	0.00216	0.00508	0.00750	0.00680	0.01011
115	0.01041	0.00744	0.01041	0.01190	0.01339	0.00744	0.01041	0.01339	0.01487	0.01934	0.03421	0.07288	0.03719	0.01785	0.00892	0.00297	0.00595	0.68913	0.00595	0.00595
116	0.01316	0.01262	0.02185	0.56815	0.18583	0.01467	0.05733	0.01743	0.01342	0.01769	0.01171	0.01698	0.00901	0.00626	0.00651	0.00211	0.00855	0.00585	0.00296	0.00789
117	0.03898	0.15067	0.10228	0.01197	0.01668	0.07892	0.01077	0.08079	0.06280	0.05147	0.01425	0.01824	0.01220	0.10731	0.04411	0.00260	0.00738	0.00529	0.00407	0.17922
118	0.01832	0.01535	0.02148	0.02747	0.40180	0.04828	0.01559	0.10790	0.09955	0.08708	0.01555	0.01751	0.01207	0.00691	0.00695	0.00197	0.03920	0.00595	0.04113	0.00994
119	0.10182	0.08451	0.01970	0.01391	0.01899	0.01998	0.01165	0.58212	0.02696	0.03732	0.01430	0.01457	0.01036	0.00739	0.00602	0.00190	0.00689	0.00538	0.00590	0.01036

[dist]
# distance from previous block
# <min> <max>
0	3

[block]
# block no. 1 follows, 34 sequences, length 44
# corresponding to MSA columns:
# 448-491
name=unknown_B
#
# <colnr> <probs for GDERKNQSTAVLIFYWHMCP>
#	G	D	E	R	K	N	Q	S	T	A	V	L	I	F	Y	W	H	M	C	P
0	0.01160	0.01013	0.01635	0.18676	0.02315	0.01014	0.10679	0.01494	0.01388	0.01873	0.02262	0.14256	0.02319	0.01177	0.00742	0.00230	0.00675	0.23182	0.00454	0.13456
1	0.02829	0.01212	0.01569	0.01203	0.01706	0.01117	0.00994	0.13939	0.02038	0.62653	0.02391	0.02096	0.01520	0.00796	0.00649	0.00199	0.00575	0.00639	0.00775	0.01099
2	0.01425	0.01330	0.02157	0.21957	0.34446	0.01523	0.01696	0.01733	0.01287	0.01831	0.01142	0.01635	0.00968	0.00804	0.01045	0.04524	0.16492	0.00573	0.02605	0.00826
3	0.01556	0.07183	0.42139	0.01583	0.02302	0.01561	0.01788	0.06149	0.18139	0.07028	0.03281	0.01736	0.01281	0.00709	0.00619	0.00203	0.00779	0.00562	0.00429	0.00972
4	0.00921	0.00626	0.00749	0.00793	0.00816	0.00619	0.00500	0.00974	0.01055	0.01401	0.02475	0.18523	0.02863	0.54863	0.02562	0.00522	0.00575	0.08270	0.00453	0.00439
5	0.02154	0.01557	0.01952	0.07560	0.15546	0.01668	0.01345	0.40802	0.02401	0.11225	0.05979	0.01848	0.01431	0.00764	0.00653	0.00196	0.00690	0.00624	0.00578	0.01025
6	0.81856	0.01250	0.00950	0.00850	0.01250	0.01449	0.00700	0.01899	0.01100	0.02899	0.00900	0.01050	0.00700	0.00600	0.00400	0.00200	0.00500	0.00350	0.00400	0.00700
7	0.01607	0.01388	0.01461	0.01315	0.01680	0.01607	0.01023	0.03433	0.72094	0.02703	0.02630	0.02411	0.01972	0.00877	0.00657	0.00219	0.00511	0.00731	0.00657	0.01023
8	0.00914	0.00660	0.00864	0.00813	0.00965	0.00610	0.00610	0.01219	0.01829	0.02591	0.72921	0.04827	0.06097	0.01321	0.00762	0.00203	0.00305	0.01169	0.00711	0.00610
9	0.01470	0.01381	0.02325	0.03479	0.61778	0.01375	0.01763	0.01811	0.01434	0.02038	0.01588	0.13550	0.01540	0.00806	0.00669	0.00203	0.00705	0.00776	0.00364	0.00944
10	0.01296	0.03342	0.73944	0.01842	0.02797	0.01501	0.02387	0.02046	0.01364	0.02046	0.01160	0.01364	0.00818	0.00614	0.00614	0.00205	0.00955	0.00477	0.00273	0.00955
11	0.00798	0.00656	0.00702	0.00691	0.00894	0.00560	0.00518	0.00994	0.01554	0.01939	0.21729	0.05900	0.57695	0.01564	0.00763	0.00215	0.00322	0.01319	0.00625	0.00560
12	0.00794	0.00567	0.00756	0.00895	0.00939	0.00529	0.00600	0.00917	0.01268	0.01699	0.07231	0.73059	0.04370	0.01987	0.00821	0.00259	0.00371	0.01801	0.00606	0.00529
13	0.81856	0.01250	0.00950	0.00850	0.01250	0.01449	0.00700	0.01899	0.01100	0.02899	0.00900	0.01050	0.00700	0.00600	0.00400	0.00200	0.00500	0.00350	0.00400	0.00700
14	0.01607	0.01388	0.01461	0.01315	0.01680	0.01607	0.01023	0.03433	0.72094	0.02703	0.02630	0.02411	0.01972	0.00877	0.00657	0.00219	0.00511	0.00731	0.00657	0.01023
15	0.01307	0.00632	0.00656	0.00635	0.00807	0.00623	0.00482	0.01605	0.01385	0.06721	0.02134	0.02396	0.01653	0.00756	0.00464	0.00154	0.00316	0.00605	0.76037	0.00632
16	0.02066	0.02097	0.01638	0.06039	0.01912	0.38033	0.01158	0.08503	0.01748	0.09073	0.01542	0.02242	0.01363	0.08029	0.00965	0.00238	0.04901	0.07255	0.00434	0.00763
17	0.02725	0.01379	0.01673	0.01282	0.01789	0.01365	0.01059	0.29911	0.02317	0.46286	0.02156	0.01944	0.01402	0.00790	0.00648	0.00198	0.00613	0.00623	0.00739	0.01099
18	0.00818	0.00657	0.00729	0.00711	0.00906	0.00568	0.00533	0.01032	0.01600	0.02048	0.30277	0.05721	0.49080	0.01524	0.00763	0.00213	0.00319	0.01294	0.00640	0.00568
19	0.81856	0.01250	0.00950	0.00850	0.01250	0.01449	0.00700	0.01899	0.01100	0.02899	0.00900	0.01050	0.00700	0.00600	0.00400	0.00200	0.00500	0.00350	0.00400	0.00700
20	0.01204	0.00602	0.00602	0.00602	0.00753	0.00602	0.00452	0.01506	0.01355	0.02409	0.02108	0.02409	0.01656	0.00753	0.00452	0.00151	0.00301	0.00602	0.80879	0.00602
21	0.01624	0.01435	0.01706	0.01458	0.01857	0.01621	0.07899	0.05296	0.63119	0.02681	0.02468	0.02320	0.01849	0.00841	0.00667	0.00218	0.00574	0.00729	0.00625	0.01010
22	0.00892	0.00660	0.00832	0.00789	0.00951	0.00600	0.00592	0.01175	0.01775	0.02463	0.62883	0.05037	0.16215	0.01369	0.00762	0.00205	0.00308	0.01198	0.00694	0.00600
23	0.01753	0.70100	0.06109	0.01170	0.01725	0.06973	0.01166	0.01979	0.01347	0.01545	0.00915	0.01058	0.00829	0.00562	0.00433	0.00143	0.00731	0.00355	0.00280	0.00829
24	0.53245	0.01825	0.01389	0.01208	0.01604	0.23264	0.05202	0.02112	0.01344	0.02456	0.00954	0.01127	0.00757	0.00616	0.00477	0.00191	0.00734	0.00395	0.00375	0.00725
25	0.01620	0.01969	0.16577	0.02945	0.33065	0.01608	0.20191	0.09947	0.01645	0.02313	0.01267	0.01586	0.00981	0.00598	0.00668	0.00201	0.00882	0.00607	0.00350	0.00979
26	0.02003	0.01481	0.02202	0.05661	0.38318	0.01531	0.01590	0.15918	0.01825	0.16696	0.01525	0.01704	0.01137	0.00692	0.00722	0.00200	0.04703	0.00591	0.00477	0.01025
27	0.01340	0.01148	0.01340	0.00957	0.01531	0.00861	0.00766	0.01627	0.01340	0.02105	0.01148	0.01340	0.00957	0.00479	0.00479	0.00096	0.00479	0.00383	0.00383	0.81242
28	0.01490	0.01342	0.02073	0.20913	0.12402	0.01455	0.12503	0.05887	0.20224	0.03950	0.06578	0.02277	0.04454	0.00776	0.00679	0.00211	0.00719	0.00719	0.00467	0.00880
29	0.01552	0.30400	0.17291	0.01479	0.02054	0.01815	0.10859	0.04111	0.08779	0.04065	0.08099	0.03817	0.01585	0.00724	0.00586	0.00184	0.00733	0.00603	0.00398	0.00867
30	0.00841	0.00625	0.00786	0.00834	0.00955	0.00571	0.00604	0.01042	0.01508	0.02017	0.28681	0.33265	0.18953	0.01684	0.00794	0.00234	0.00352	0.05053	0.00639	0.00563
31	0.01525	0.01743	0.03813	0.02723	0.03377	0.01634	0.70915	0.02070	0.01525	0.02070	0.01307	0.01743	0.00980	0.00545	0.00763	0.00218	0.01089	0.00763	0.00327	0.00871
32	0.03921	0.02224	0.31674	0.10152	0.09234	0.01477	0.18526	0.02145	0.03440	0.08994	0.01367	0.01616	0.00985	0.00622	0.00654	0.00208	0.00895	0.00585	0.00357	0.00924
33	0.01266	0.01335	0.09097	0.13359	0.21402	0.01185	0.05757	0.01663	0.01437	0.01950	0.02133	0.05885	0.02120	0.01101	0.00749	0.00242	0.00742	0.27371	0.00426	0.00780
34	0.00768	0.00637	0.00673	0.00702	0.00885	0.00541	0.00512	0.00922	0.01427	0.01727	0.05964	0.19986	0.59607	0.01712	0.00776	0.00227	0.00337	0.01456	0.00600	0.00541
35	0.01677	0.61007	0.07685	0.01542	0.09563	0.02334	0.04810	0.01954	0.01344	0.01644	0.00969	0.01153	0.00857	0.00559	0.00469	0.00152	0.00736	0.00400	0.00283	0.00860
36	0.02417	0.14139	0.02044	0.01415	0.01874	0.25652	0.01158	0.23811	0.02126	0.17084	0.01471	0.01476	0.01071	0.00709	0.00589	0.00177	0.00823	0.00504	0.00516	0.00942
37	0.76998	0.01279	0.01123	0.00963	0.01378	0.01461	0.04946	0.01910	0.01125	0.02849	0.00924	0.01092	0.00717	0.00596	0.00422	0.00201	0.00535	0.00375	0.00395	0.00710
38	0.01350	0.13209	0.59414	0.01792	0.05402	0.01616	0.02142	0.01996	0.01365	0.01969	0.01286	0.01473	0.02967	0.00634	0.00592	0.00196	0.00893	0.00490	0.00285	0.00929
39	0.00780	0.00641	0.00687	0.00705	0.00890	0.00548	0.00517	0.00948	0.01467	0.01802	0.11648	0.16863	0.56931	0.01669	0.00773	0.00224	0.00333	0.01419	0.00609	0.00548
40	0.01457	0.31126	0.47573	0.01567	0.02371	0.01895	0.01908	0.02005	0.01345	0.01850	0.01062	0.01242	0.00822	0.00591	0.00539	0.00180	0.00856	0.00428	0.00274	0.00908
41	0.00917	0.00647	0.00736	0.00714	0.00890	0.00585	0.00535	0.01170	0.01606	0.02248	0.34783	0.04851	0.29468	0.01322	0.00701	0.00198	0.00312	0.01127	0.16605	0.00585
42	0.01336	0.01364	0.08477	0.01044	0.01656	0.00924	0.00925	0.01668	0.01342	0.02100	0.01150	0.01342	0.00943	0.00492	0.00492	0.00106	0.00525	0.00392	0.00372	0.73350
43	0.02144	0.11867	0.14312	0.01409	0.01954	0.11456	0.01311	0.13201	0.12411	0.20928	0.01745	0.01697	0.01241	0.00725	0.00605	0.00190	0.00740	0.00551	0.00533	0.00981

[dist]
# distance from previous block
# <min> <max>
0	1

# created by:
# /home/berkeley/.conda/envs/busco_data_prod/bin/msa2prfl.pl pipeline/OGs_align_augustus/5794/68818.fs
