[name]
unknown

[dist]
# distance from previous block
# <min> <max>
0	10

[block]
# block no. 0 follows, 32 sequences, length 160
# corresponding to MSA columns:
# 10-34,38-172
name=unknown_A
#
# <colnr> <probs for GDERKNQSTAVLIFYWHMCP>
#	G	D	E	R	K	N	Q	S	T	A	V	L	I	F	Y	W	H	M	C	P
0	0.01815	0.07010	0.01857	0.05236	0.12435	0.05377	0.01261	0.20715	0.05508	0.06479	0.04290	0.03217	0.08749	0.01031	0.00708	0.00219	0.00688	0.11942	0.00554	0.00908
1	0.01441	0.01387	0.07045	0.02177	0.24767	0.01249	0.03304	0.11269	0.01794	0.02467	0.14272	0.09767	0.08775	0.01094	0.00738	0.00221	0.00639	0.06208	0.00521	0.00865
2	0.01871	0.01340	0.04499	0.05382	0.05430	0.06449	0.01102	0.03780	0.01605	0.23548	0.04632	0.12318	0.05819	0.03089	0.00895	0.00224	0.07305	0.00837	0.00564	0.09309
3	0.01784	0.50187	0.03015	0.07718	0.12777	0.02187	0.01314	0.02054	0.01450	0.06983	0.04105	0.01480	0.01183	0.00638	0.00520	0.00166	0.00717	0.00474	0.00354	0.00894
4	0.01565	0.01455	0.01869	0.04675	0.21451	0.06418	0.03062	0.04687	0.01513	0.02151	0.01291	0.01710	0.01114	0.06167	0.00788	0.00185	0.00685	0.00525	0.00382	0.38307
5	0.02273	0.07303	0.02000	0.01470	0.01970	0.02019	0.01212	0.48233	0.20127	0.03675	0.01843	0.01796	0.01349	0.00815	0.00656	0.00204	0.00685	0.00625	0.00646	0.01100
6	0.00907	0.06226	0.01001	0.00970	0.01056	0.00716	0.00692	0.01044	0.01308	0.01722	0.03484	0.65957	0.04136	0.01973	0.00830	0.00265	0.00429	0.06115	0.00598	0.00573
7	0.05426	0.01643	0.03012	0.07240	0.13579	0.01651	0.36872	0.11811	0.01728	0.02425	0.01381	0.01784	0.01070	0.00944	0.06118	0.00280	0.01029	0.00697	0.00389	0.00922
8	0.01359	0.01320	0.02437	0.01933	0.02352	0.01285	0.33354	0.01931	0.09076	0.02099	0.02493	0.04014	0.05771	0.06643	0.01013	0.00282	0.00838	0.20538	0.00478	0.00783
9	0.01960	0.02137	0.02336	0.07477	0.29745	0.28253	0.06646	0.02280	0.01659	0.03879	0.01214	0.01511	0.00986	0.00634	0.00640	0.00186	0.00954	0.00538	0.00354	0.06610
10	0.00817	0.00633	0.00745	0.00818	0.00947	0.00561	0.00575	0.00973	0.01439	0.01833	0.10432	0.40432	0.33655	0.01871	0.00824	0.00248	0.00362	0.01641	0.00632	0.00561
11	0.04975	0.01579	0.01756	0.01854	0.13879	0.11568	0.01246	0.05368	0.15423	0.02220	0.08538	0.02266	0.01828	0.06702	0.03075	0.00278	0.15450	0.00688	0.00463	0.00844
12	0.01481	0.01741	0.08059	0.02343	0.02914	0.01570	0.46304	0.01958	0.01471	0.02060	0.01452	0.07185	0.01242	0.00745	0.00915	0.00225	0.09184	0.00796	0.00357	0.08001
13	0.00963	0.00700	0.00984	0.00984	0.01071	0.00787	0.00721	0.01138	0.01050	0.01488	0.01884	0.03114	0.01885	0.24486	0.54590	0.00962	0.01485	0.00789	0.00372	0.00547
14	0.01359	0.01471	0.07357	0.01797	0.02046	0.01563	0.14520	0.01681	0.01339	0.01916	0.06270	0.03158	0.01945	0.01186	0.01431	0.00273	0.33515	0.16016	0.00405	0.00753
15	0.00906	0.00684	0.00837	0.00799	0.00976	0.00615	0.00599	0.01182	0.01797	0.02447	0.53838	0.05413	0.24524	0.01463	0.00792	0.00215	0.00323	0.01270	0.00707	0.00615
16	0.01103	0.00831	0.01003	0.00919	0.01130	0.00814	0.00701	0.05954	0.08137	0.02709	0.54170	0.04717	0.12562	0.01328	0.00774	0.00214	0.00366	0.01154	0.00717	0.00698
17	0.81159	0.01298	0.00986	0.00882	0.01298	0.01505	0.00727	0.01972	0.01142	0.03010	0.00934	0.01090	0.00727	0.00623	0.00415	0.00208	0.00519	0.00363	0.00415	0.00727
18	0.01267	0.01193	0.02013	0.74806	0.04621	0.01491	0.01863	0.01714	0.01342	0.01714	0.01193	0.01789	0.00894	0.00671	0.00671	0.00224	0.00894	0.00596	0.00298	0.00745
19	0.13563	0.01178	0.01563	0.01484	0.10100	0.01100	0.01053	0.02777	0.01719	0.49430	0.02317	0.07314	0.01658	0.00865	0.00650	0.00211	0.00578	0.00710	0.00698	0.01032
20	0.01721	0.01134	0.01704	0.01653	0.11455	0.01065	0.09275	0.02158	0.07830	0.21831	0.09483	0.08152	0.17426	0.01094	0.00736	0.00219	0.00581	0.00976	0.00622	0.00885
21	0.01391	0.01193	0.01391	0.00994	0.01590	0.00894	0.00795	0.01690	0.01391	0.02186	0.01193	0.01391	0.00994	0.00497	0.00497	0.00099	0.00497	0.00398	0.00398	0.80521
22	0.01788	0.01500	0.01584	0.01390	0.01790	0.01725	0.01091	0.12530	0.61863	0.02999	0.02580	0.02383	0.01926	0.00896	0.00681	0.00224	0.00559	0.00738	0.00681	0.01073
23	0.01641	0.06515	0.41862	0.02408	0.22042	0.01562	0.02128	0.02227	0.01500	0.09907	0.01365	0.01563	0.00999	0.00644	0.00638	0.00205	0.00877	0.00537	0.00358	0.01021
24	0.01761	0.01356	0.02110	0.07566	0.39146	0.01370	0.01577	0.04664	0.06734	0.13175	0.01933	0.12166	0.01690	0.00879	0.00695	0.00215	0.00690	0.00804	0.00486	0.00985
25	0.01996	0.14795	0.15346	0.01684	0.04407	0.38561	0.01475	0.02306	0.01682	0.01817	0.06285	0.01532	0.01272	0.00727	0.00655	0.00183	0.03597	0.00501	0.00351	0.00828
26	0.01506	0.01287	0.01582	0.01374	0.09309	0.01058	0.00968	0.06774	0.01536	0.02338	0.01231	0.01437	0.01012	0.00531	0.00528	0.00118	0.00547	0.00435	0.00411	0.66018
27	0.02200	0.07879	0.06710	0.01772	0.06855	0.31810	0.01389	0.06731	0.05043	0.10773	0.01351	0.01501	0.01052	0.00775	0.00837	0.00201	0.11281	0.00520	0.00426	0.00893
28	0.01391	0.01193	0.01391	0.00994	0.01590	0.00894	0.00795	0.01690	0.01391	0.02186	0.01193	0.01391	0.00994	0.00497	0.00497	0.00099	0.00497	0.00398	0.00398	0.80521
29	0.01892	0.01830	0.01949	0.02158	0.20783	0.20529	0.03594	0.06977	0.05954	0.06789	0.01739	0.11840	0.01571	0.00868	0.00665	0.00196	0.00797	0.00736	0.00460	0.08672
30	0.01087	0.00776	0.00918	0.00877	0.01088	0.00727	0.00658	0.01487	0.08570	0.06778	0.31830	0.13597	0.26102	0.01483	0.00782	0.00225	0.00370	0.01282	0.00689	0.00677
31	0.00949	0.00689	0.00965	0.00980	0.01063	0.00764	0.00713	0.01119	0.01074	0.01511	0.02060	0.10216	0.02131	0.22049	0.49599	0.00896	0.01382	0.00897	0.00397	0.00547
32	0.01296	0.01222	0.02065	0.69586	0.09614	0.01498	0.01878	0.01740	0.01355	0.01750	0.01198	0.01779	0.00907	0.00665	0.00670	0.00222	0.00887	0.00596	0.00301	0.00769
33	0.01059	0.00757	0.01052	0.01184	0.01335	0.00750	0.01019	0.01362	0.01574	0.02071	0.10799	0.09565	0.04142	0.01811	0.00910	0.00297	0.00578	0.58488	0.00631	0.00617
34	0.01604	0.01355	0.01557	0.22072	0.07519	0.09262	0.01218	0.10545	0.06266	0.02409	0.04596	0.02089	0.01486	0.00763	0.00608	0.00193	0.00680	0.00625	0.24352	0.00803
35	0.00810	0.00658	0.00719	0.00752	0.00929	0.00566	0.00545	0.00979	0.01500	0.01855	0.10930	0.22614	0.51267	0.01769	0.00808	0.00236	0.00350	0.01516	0.00632	0.00566
36	0.00976	0.00651	0.00732	0.00732	0.00732	0.00651	0.00407	0.00976	0.00976	0.01301	0.02114	0.04391	0.02439	0.76419	0.03415	0.00651	0.00651	0.00976	0.00407	0.00407
37	0.03010	0.01142	0.01557	0.01194	0.01713	0.00986	0.00986	0.03270	0.01920	0.72698	0.02647	0.02284	0.01661	0.00830	0.00675	0.00208	0.00571	0.00675	0.00830	0.01142
38	0.01489	0.01389	0.02233	0.22963	0.38690	0.01436	0.01742	0.01936	0.03901	0.02099	0.03867	0.01811	0.01234	0.00643	0.00648	0.00194	0.00755	0.00598	0.00359	0.12014
39	0.02428	0.11348	0.02080	0.01664	0.02035	0.65858	0.01280	0.02605	0.01842	0.01635	0.01026	0.01195	0.00864	0.00678	0.00586	0.00170	0.01156	0.00424	0.00339	0.00787
40	0.01985	0.13972	0.12245	0.02182	0.20724	0.01842	0.01600	0.19041	0.05035	0.09624	0.01476	0.01612	0.01117	0.00712	0.00691	0.00199	0.03880	0.00561	0.00466	0.01034
41	0.01065	0.00807	0.00997	0.00928	0.01122	0.00800	0.00702	0.01636	0.13021	0.02709	0.60754	0.04608	0.05642	0.01298	0.00774	0.00214	0.00351	0.01140	0.00730	0.00702
42	0.01148	0.01048	0.01016	0.01058	0.01190	0.12362	0.00768	0.01346	0.01584	0.02011	0.23333	0.38005	0.04378	0.01642	0.00802	0.00241	0.00517	0.06325	0.00612	0.00614
43	0.03010	0.01142	0.01557	0.01194	0.01713	0.00986	0.00986	0.03270	0.01920	0.72698	0.02647	0.02284	0.01661	0.00830	0.00675	0.00208	0.00571	0.00675	0.00830	0.01142
44	0.01523	0.01589	0.07473	0.08786	0.53698	0.01468	0.01903	0.01943	0.01551	0.02212	0.09762	0.02057	0.01670	0.00699	0.00678	0.00203	0.00760	0.00665	0.00375	0.00983
45	0.11226	0.01815	0.01900	0.01471	0.01994	0.02017	0.01215	0.62488	0.02933	0.04094	0.01536	0.01553	0.01095	0.00785	0.00643	0.00202	0.00714	0.00578	0.00643	0.01095
46	0.01358	0.01285	0.02177	0.58480	0.20237	0.01515	0.01909	0.01794	0.01385	0.01825	0.01209	0.01759	0.00933	0.00654	0.00669	0.00218	0.00872	0.00597	0.00306	0.00819
47	0.00973	0.00660	0.00780	0.00780	0.00797	0.00677	0.00467	0.01007	0.00990	0.01337	0.02070	0.04146	0.02333	0.66459	0.13230	0.00710	0.00811	0.00940	0.00400	0.00433
48	0.01139	0.00592	0.00854	0.00854	0.00854	0.00592	0.00558	0.00888	0.00888	0.01184	0.01297	0.02367	0.01343	0.12638	0.02733	0.69372	0.00592	0.00637	0.00307	0.00307
49	0.01095	0.00832	0.01183	0.01138	0.01284	0.00975	0.00894	0.06294	0.01230	0.01757	0.01750	0.02518	0.01609	0.04579	0.65746	0.00985	0.04403	0.00706	0.00380	0.00644
50	0.00945	0.00638	0.00741	0.00771	0.00778	0.00630	0.00448	0.00968	0.01035	0.01380	0.02418	0.18138	0.02823	0.62148	0.02924	0.00578	0.00600	0.01155	0.00448	0.00433
51	0.01023	0.00750	0.01062	0.05987	0.01492	0.00759	0.01011	0.01290	0.01462	0.01910	0.03436	0.25378	0.03820	0.01842	0.00891	0.00294	0.00575	0.45812	0.00598	0.00607
52	0.01814	0.01649	0.02409	0.16328	0.42055	0.04702	0.01825	0.16490	0.01856	0.02516	0.01314	0.01655	0.01041	0.00659	0.00664	0.00203	0.00820	0.00592	0.00399	0.01010
53	0.01615	0.01614	0.02431	0.25679	0.45118	0.08027	0.01931	0.02009	0.01504	0.01996	0.01221	0.01660	0.00993	0.00629	0.00661	0.00204	0.00864	0.00583	0.00323	0.00940
54	0.00871	0.00642	0.00834	0.00958	0.01053	0.00605	0.00703	0.01039	0.01366	0.01780	0.04089	0.48426	0.15074	0.02112	0.03915	0.00306	0.00485	0.14568	0.00611	0.00565
55	0.02029	0.02386	0.02314	0.07545	0.16013	0.38147	0.09066	0.02306	0.01651	0.01807	0.01109	0.01436	0.00924	0.00715	0.00830	0.00202	0.09815	0.00534	0.00333	0.00840
56	0.06882	0.01575	0.02609	0.03906	0.67575	0.01588	0.01972	0.02054	0.01502	0.02246	0.01241	0.01623	0.01041	0.00599	0.00648	0.00200	0.00779	0.00582	0.00338	0.01041
57	0.01544	0.00855	0.01089	0.00974	0.01241	0.00790	0.00749	0.01921	0.06893	0.22003	0.31958	0.13042	0.11575	0.01313	0.00759	0.00221	0.00415	0.01138	0.00733	0.00788
58	0.01661	0.01594	0.02724	0.04119	0.72233	0.01594	0.02059	0.02059	0.01528	0.02192	0.01262	0.01661	0.01063	0.00598	0.00664	0.00199	0.00797	0.00598	0.00332	0.01063
59	0.01501	0.01512	0.05027	0.30682	0.44209	0.01554	0.02001	0.01932	0.01454	0.02010	0.01234	0.01700	0.00992	0.00627	0.00666	0.00209	0.00841	0.00594	0.00318	0.00941
60	0.02550	0.01796	0.01881	0.01478	0.01985	0.06555	0.01206	0.47777	0.08935	0.16085	0.01858	0.01784	0.01296	0.00812	0.00669	0.00203	0.00721	0.00619	0.00679	0.01110
61	0.24024	0.01925	0.01750	0.09861	0.12126	0.23238	0.01299	0.02296	0.08164	0.02220	0.01210	0.01448	0.00973	0.00712	0.00690	0.00206	0.06150	0.00497	0.00387	0.00825
62	0.81159	0.01298	0.00986	0.00882	0.01298	0.01505	0.00727	0.01972	0.01142	0.03010	0.00934	0.01090	0.00727	0.00623	0.00415	0.00208	0.00519	0.00363	0.00415	0.00727
63	0.01346	0.03471	0.72942	0.01912	0.02904	0.01558	0.02479	0.02125	0.01417	0.02125	0.01204	0.01417	0.00850	0.00637	0.00637	0.00212	0.00992	0.00496	0.00283	0.00992
64	0.00819	0.00669	0.00723	0.00735	0.00928	0.00573	0.00542	0.01003	0.01552	0.01926	0.15758	0.14890	0.54145	0.01702	0.00801	0.00230	0.00343	0.01448	0.00640	0.00573
65	0.00818	0.00584	0.00779	0.00934	0.00973	0.00545	0.00623	0.00934	0.01285	0.01713	0.03698	0.75981	0.04438	0.02102	0.00856	0.00273	0.00389	0.01908	0.00623	0.00545
66	0.08449	0.06616	0.06868	0.01334	0.01871	0.07903	0.01168	0.15710	0.02025	0.38379	0.01963	0.01829	0.01311	0.00767	0.00630	0.00199	0.00696	0.00583	0.00651	0.01049
67	0.01085	0.00656	0.00749	0.00726	0.00888	0.00625	0.00545	0.01389	0.01634	0.02536	0.33337	0.03895	0.08783	0.01108	0.00635	0.00186	0.00316	0.00942	0.39342	0.00625
68	0.02028	0.02651	0.17908	0.01654	0.02176	0.30463	0.01500	0.10220	0.20157	0.02344	0.01585	0.01642	0.01204	0.00750	0.00640	0.00199	0.00929	0.00552	0.00456	0.00941
69	0.01289	0.01842	0.22739	0.16764	0.05655	0.01335	0.09952	0.01925	0.07729	0.02153	0.12186	0.07700	0.04030	0.00902	0.00711	0.00222	0.00778	0.00814	0.00432	0.00843
70	0.00873	0.00712	0.00865	0.00998	0.05620	0.00634	0.00658	0.01057	0.01494	0.01896	0.12065	0.26701	0.40587	0.01714	0.00803	0.00237	0.00382	0.01488	0.00616	0.00599
71	0.01506	0.01514	0.01742	0.22630	0.15451	0.15468	0.01340	0.01767	0.01409	0.01732	0.01508	0.06227	0.01449	0.16859	0.01240	0.00295	0.00833	0.00704	0.00361	0.05967
72	0.01346	0.03471	0.72942	0.01912	0.02904	0.01558	0.02479	0.02125	0.01417	0.02125	0.01204	0.01417	0.00850	0.00637	0.00637	0.00212	0.00992	0.00496	0.00283	0.00992
73	0.01622	0.01591	0.06899	0.11031	0.34412	0.01482	0.04182	0.05683	0.07818	0.04226	0.03426	0.01814	0.01277	0.00662	0.00652	0.00194	0.00748	0.00606	0.00408	0.11267
74	0.01627	0.01756	0.06803	0.29523	0.19657	0.11750	0.04209	0.06965	0.01586	0.02016	0.01291	0.01827	0.01061	0.06124	0.00860	0.00239	0.00902	0.00602	0.00349	0.00852
75	0.04504	0.01282	0.01577	0.01458	0.10552	0.01132	0.01008	0.02154	0.12251	0.07494	0.01538	0.01653	0.01206	0.00603	0.00557	0.00144	0.00546	0.00498	0.00466	0.49377
76	0.14856	0.06171	0.01432	0.01197	0.01480	0.01481	0.00937	0.02404	0.32021	0.02382	0.02313	0.16705	0.02131	0.03865	0.00892	0.00249	0.07208	0.00886	0.00555	0.00837
77	0.01455	0.01134	0.01770	0.22505	0.04465	0.01252	0.08278	0.02010	0.11365	0.09490	0.01820	0.02393	0.01493	0.09024	0.18119	0.00464	0.01018	0.00714	0.00441	0.00792
78	0.01285	0.00761	0.00998	0.00896	0.01117	0.00689	0.00687	0.01587	0.01889	0.14259	0.58024	0.04613	0.07961	0.01294	0.00772	0.00211	0.00360	0.01132	0.00750	0.00715
79	0.01661	0.01594	0.02724	0.04119	0.72233	0.01594	0.02059	0.02059	0.01528	0.02192	0.01262	0.01661	0.01063	0.00598	0.00664	0.00199	0.00797	0.00598	0.00332	0.01063
80	0.02401	0.02977	0.01853	0.01683	0.02033	0.64647	0.01267	0.02791	0.10610	0.01789	0.01251	0.01373	0.01013	0.00719	0.00615	0.00180	0.01124	0.00473	0.00388	0.00814
81	0.00959	0.00684	0.00894	0.00891	0.00963	0.00731	0.00617	0.01089	0.01088	0.01503	0.05320	0.03717	0.05370	0.37392	0.35025	0.00806	0.01141	0.00890	0.00410	0.00511
82	0.70287	0.01276	0.01066	0.00926	0.01355	0.01433	0.00763	0.02153	0.01250	0.12705	0.01173	0.01256	0.00857	0.00652	0.00451	0.00208	0.00526	0.00407	0.00473	0.00784
83	0.01030	0.00714	0.00847	0.00800	0.01012	0.00628	0.00605	0.01272	0.01723	0.07449	0.36388	0.07194	0.34883	0.01494	0.00785	0.00219	0.00347	0.01280	0.00692	0.00639
84	0.00949	0.00593	0.00834	0.00924	0.00955	0.00580	0.00625	0.00933	0.01127	0.01511	0.02678	0.44884	0.03097	0.02398	0.06853	0.28189	0.00560	0.01360	0.00488	0.00461
85	0.00840	0.00605	0.00802	0.00951	0.01008	0.00566	0.00659	0.00976	0.01318	0.01743	0.03815	0.66936	0.07216	0.02063	0.00860	0.00274	0.00408	0.07785	0.00622	0.00552
86	0.01311	0.01278	0.02283	0.64793	0.04466	0.01519	0.11314	0.01775	0.01375	0.01775	0.01216	0.01792	0.00912	0.00656	0.00688	0.00224	0.00927	0.00624	0.00304	0.00768
87	0.00959	0.00719	0.01078	0.01078	0.01198	0.00839	0.00839	0.01198	0.01078	0.01558	0.01797	0.02636	0.01677	0.05032	0.73760	0.01078	0.01797	0.00719	0.00359	0.00599
88	0.01714	0.42539	0.10826	0.11789	0.05749	0.05927	0.06519	0.04518	0.01484	0.01829	0.01076	0.01321	0.00896	0.00610	0.00542	0.00175	0.00833	0.00463	0.00311	0.00878
89	0.02407	0.01741	0.01860	0.01442	0.01937	0.01920	0.01186	0.62443	0.02962	0.04038	0.01675	0.01709	0.01205	0.00803	0.00649	0.00196	0.00691	0.00606	0.09442	0.01084
90	0.01267	0.01193	0.02013	0.74806	0.04621	0.01491	0.01863	0.01714	0.01342	0.01714	0.01193	0.01789	0.00894	0.00671	0.00671	0.00224	0.00894	0.00596	0.00298	0.00745
91	0.01789	0.01415	0.01521	0.01350	0.01742	0.01608	0.01055	0.03539	0.64828	0.09070	0.02723	0.02484	0.02014	0.00903	0.00682	0.00226	0.00535	0.00751	0.00696	0.01069
92	0.57925	0.01535	0.01185	0.01038	0.01442	0.09628	0.00838	0.09943	0.01479	0.02965	0.01107	0.01257	0.00856	0.00662	0.00470	0.00200	0.00609	0.00416	0.05673	0.00774
93	0.01561	0.01301	0.01400	0.01250	0.01595	0.01459	0.00973	0.07929	0.50186	0.02837	0.14907	0.03090	0.06541	0.01026	0.00707	0.00223	0.00499	0.00862	0.00688	0.00966
94	0.01352	0.01307	0.01804	0.01563	0.01600	0.01760	0.01289	0.01523	0.01182	0.01777	0.11147	0.02289	0.06307	0.01236	0.01913	0.00278	0.59859	0.00729	0.00377	0.00709
95	0.02294	0.02756	0.01795	0.01625	0.01953	0.58295	0.01231	0.07444	0.01880	0.01821	0.01185	0.01438	0.00998	0.01304	0.10787	0.00301	0.01257	0.00485	0.00372	0.00780
96	0.01081	0.00772	0.01081	0.01236	0.01390	0.00772	0.01081	0.01390	0.01545	0.02008	0.03553	0.07569	0.03862	0.01854	0.00927	0.00309	0.00618	0.67717	0.00618	0.00618
97	0.00959	0.00719	0.01078	0.01078	0.01198	0.00839	0.00839	0.01198	0.01078	0.01558	0.01797	0.02636	0.01677	0.05032	0.73760	0.01078	0.01797	0.00719	0.00359	0.00599
98	0.01625	0.01558	0.02660	0.10453	0.66174	0.01585	0.02042	0.02028	0.01511	0.02149	0.01256	0.01672	0.01048	0.00604	0.00665	0.00201	0.00806	0.00598	0.00329	0.01034
99	0.01346	0.03471	0.72942	0.01912	0.02904	0.01558	0.02479	0.02125	0.01417	0.02125	0.01204	0.01417	0.00850	0.00637	0.00637	0.00212	0.00992	0.00496	0.00283	0.00992
100	0.00951	0.00697	0.00952	0.00945	0.01049	0.00753	0.00694	0.01143	0.01191	0.01665	0.11472	0.03575	0.06631	0.20523	0.43810	0.00816	0.01254	0.00884	0.00436	0.00558
101	0.01267	0.01193	0.02013	0.74806	0.04621	0.01491	0.01863	0.01714	0.01342	0.01714	0.01193	0.01789	0.00894	0.00671	0.00671	0.00224	0.00894	0.00596	0.00298	0.00745
102	0.01794	0.76823	0.03516	0.01148	0.01722	0.02655	0.01148	0.02009	0.01363	0.01579	0.00933	0.01076	0.00861	0.00574	0.00431	0.00144	0.00718	0.00359	0.00287	0.00861
103	0.01078	0.00884	0.00979	0.00965	0.01184	0.00898	0.00716	0.01767	0.22259	0.02185	0.12226	0.22119	0.27108	0.01525	0.00775	0.00236	0.00406	0.01317	0.00654	0.00717
104	0.02103	0.01570	0.01692	0.01403	0.01849	0.01753	0.01125	0.29540	0.37496	0.08517	0.02272	0.02137	0.01655	0.00860	0.00672	0.00214	0.00610	0.00688	0.02757	0.01088
105	0.01392	0.01356	0.02379	0.06295	0.36319	0.01325	0.14645	0.01757	0.01503	0.02046	0.02451	0.10682	0.13008	0.00941	0.00731	0.00218	0.00746	0.00913	0.00412	0.00879
106	0.01921	0.02002	0.13043	0.01444	0.01926	0.13614	0.01286	0.10618	0.26848	0.08898	0.02160	0.02119	0.03810	0.00827	0.00649	0.00206	0.00725	0.00648	0.06285	0.00972
107	0.81159	0.01298	0.00986	0.00882	0.01298	0.01505	0.00727	0.01972	0.01142	0.03010	0.00934	0.01090	0.00727	0.00623	0.00415	0.00208	0.00519	0.00363	0.00415	0.00727
108	0.03010	0.01142	0.01557	0.01194	0.01713	0.00986	0.00986	0.03270	0.01920	0.72698	0.02647	0.02284	0.01661	0.00830	0.00675	0.00208	0.00571	0.00675	0.00830	0.01142
109	0.00881	0.00677	0.00806	0.00787	0.00964	0.00602	0.00585	0.01128	0.01717	0.02289	0.42365	0.10229	0.31454	0.01546	0.00796	0.00221	0.00330	0.01337	0.00687	0.00602
110	0.09669	0.01709	0.01848	0.01428	0.01951	0.01853	0.01180	0.53164	0.02776	0.15136	0.01717	0.01673	0.01188	0.00793	0.00649	0.00203	0.00692	0.00594	0.00674	0.01104
111	0.01584	0.01810	0.03959	0.02828	0.03507	0.01697	0.69796	0.02149	0.01584	0.02149	0.01357	0.01810	0.01018	0.00566	0.00792	0.00226	0.01131	0.00792	0.00339	0.00905
112	0.00968	0.00695	0.00948	0.01098	0.01210	0.00676	0.00881	0.01197	0.01443	0.01886	0.03728	0.34223	0.06576	0.01945	0.00894	0.00292	0.00519	0.39614	0.00620	0.00588
113	0.00954	0.00714	0.01068	0.01073	0.01190	0.00828	0.00831	0.01189	0.01086	0.01563	0.01864	0.05200	0.01774	0.04930	0.71211	0.01050	0.01748	0.00760	0.00369	0.00597
114	0.20963	0.01722	0.11466	0.01344	0.01877	0.01544	0.01240	0.25477	0.02055	0.16596	0.01767	0.02124	0.01346	0.00838	0.00629	0.00215	0.00679	0.06560	0.00582	0.00975
115	0.01443	0.19327	0.57935	0.01747	0.02649	0.01795	0.02191	0.02100	0.01405	0.02007	0.01145	0.01343	0.00852	0.00624	0.00593	0.00198	0.00932	0.00466	0.00284	0.00963
116	0.01045	0.00746	0.01039	0.01194	0.01332	0.00741	0.01017	0.01327	0.01508	0.01967	0.03573	0.17086	0.03942	0.01888	0.00917	0.00304	0.00586	0.58562	0.00619	0.00608
117	0.02974	0.01201	0.01593	0.01222	0.01742	0.01073	0.01009	0.08579	0.02019	0.67251	0.02565	0.02230	0.01620	0.00828	0.00674	0.00207	0.00584	0.00669	0.00818	0.01142
118	0.74114	0.01350	0.01078	0.00942	0.01368	0.01557	0.00776	0.08069	0.01322	0.03120	0.00995	0.01137	0.00764	0.00639	0.00438	0.00207	0.00539	0.00385	0.00438	0.00764
119	0.03627	0.01291	0.01985	0.62596	0.04177	0.01573	0.01751	0.11221	0.01588	0.02100	0.01244	0.01745	0.00924	0.00688	0.00664	0.00220	0.00862	0.00591	0.00353	0.00800
120	0.01504	0.09785	0.02216	0.01694	0.01757	0.02121	0.01433	0.01658	0.01065	0.01611	0.00887	0.01425	0.00879	0.01108	0.02006	0.00277	0.66971	0.00562	0.00293	0.00748
121	0.01305	0.01233	0.02072	0.66938	0.10094	0.01515	0.01868	0.01740	0.01348	0.01751	0.01190	0.01769	0.00908	0.00679	0.00714	0.00224	0.02984	0.00596	0.00301	0.00771
122	0.03010	0.01142	0.01557	0.01194	0.01713	0.00986	0.00986	0.03270	0.01920	0.72698	0.02647	0.02284	0.01661	0.00830	0.00675	0.00208	0.00571	0.00675	0.00830	0.01142
123	0.01153	0.01066	0.01856	0.38118	0.03163	0.01184	0.11264	0.01500	0.01356	0.01777	0.02107	0.28166	0.02172	0.01164	0.00754	0.00241	0.00749	0.01091	0.00420	0.00697
124	0.07397	0.01243	0.01579	0.11390	0.02090	0.01167	0.01064	0.08787	0.01755	0.31792	0.01822	0.01820	0.01255	0.00698	0.00606	0.00179	0.00607	0.00558	0.00591	0.23600
125	0.02376	0.01952	0.02177	0.06488	0.02375	0.08737	0.07457	0.53108	0.02777	0.03634	0.01507	0.01603	0.01088	0.00764	0.00676	0.00202	0.00828	0.00604	0.00586	0.01060
126	0.02099	0.01566	0.01451	0.01208	0.01574	0.12471	0.00960	0.29513	0.02227	0.08251	0.01812	0.01927	0.01350	0.00781	0.00587	0.00181	0.00642	0.00591	0.29914	0.00895
127	0.00799	0.00680	0.00688	0.00686	0.00910	0.00569	0.00514	0.00974	0.01543	0.01845	0.09181	0.06405	0.69557	0.01687	0.00793	0.00226	0.00339	0.01409	0.00627	0.00569
128	0.01741	0.01780	0.03386	0.02469	0.03074	0.01772	0.50832	0.13148	0.06941	0.02510	0.01480	0.01815	0.01108	0.00655	0.00823	0.00225	0.04128	0.00751	0.00416	0.00947
129	0.00819	0.00681	0.00716	0.00707	0.00922	0.00578	0.00530	0.01013	0.01591	0.01959	0.17635	0.06217	0.61032	0.01645	0.00793	0.00224	0.00336	0.01382	0.00642	0.00578
130	0.00833	0.00685	0.00752	0.00776	0.00976	0.00604	0.00593	0.01017	0.01481	0.01805	0.05934	0.10841	0.56233	0.01986	0.06197	0.00300	0.00476	0.07339	0.00603	0.00572
131	0.01356	0.01263	0.02096	0.64059	0.12494	0.01522	0.01867	0.04018	0.01424	0.01854	0.01215	0.01768	0.00922	0.00667	0.00670	0.00220	0.00878	0.00597	0.00315	0.00796
132	0.01177	0.00801	0.00935	0.00861	0.01108	0.00737	0.00659	0.01568	0.07943	0.10064	0.31107	0.05084	0.32593	0.01406	0.00769	0.00219	0.00374	0.01197	0.00696	0.00700
133	0.06264	0.01422	0.02008	0.09813	0.08793	0.01463	0.09169	0.20396	0.02051	0.20911	0.06780	0.02077	0.01595	0.00780	0.00674	0.00208	0.00708	0.00674	0.03226	0.00988
134	0.01373	0.02784	0.48334	0.02058	0.02892	0.01512	0.20028	0.02054	0.01504	0.02182	0.07578	0.01842	0.01385	0.00684	0.00692	0.00216	0.00968	0.00638	0.00339	0.00937
135	0.00805	0.00665	0.00707	0.00729	0.00922	0.00566	0.00535	0.00974	0.01509	0.01842	0.09681	0.17632	0.57622	0.01747	0.00803	0.00233	0.00347	0.01485	0.00629	0.00566
136	0.01963	0.09656	0.07642	0.02286	0.24341	0.01650	0.04014	0.13946	0.06389	0.12216	0.01567	0.01694	0.01178	0.00676	0.00631	0.00190	0.00730	0.00576	0.00480	0.08176
137	0.10304	0.22163	0.08658	0.01327	0.04346	0.08915	0.01166	0.02280	0.01544	0.17997	0.01704	0.01734	0.04757	0.00706	0.00556	0.00175	0.00697	0.00519	0.00461	0.09991
138	0.01984	0.03898	0.08904	0.02561	0.25652	0.01781	0.09373	0.24411	0.02049	0.06736	0.01431	0.01648	0.01083	0.00708	0.00753	0.00208	0.04697	0.00610	0.00464	0.01046
139	0.01340	0.22777	0.15791	0.01535	0.04818	0.01568	0.07881	0.01665	0.01350	0.01801	0.01932	0.24800	0.02042	0.02935	0.00813	0.00228	0.04592	0.00949	0.00402	0.00782
140	0.01513	0.00739	0.00871	0.00788	0.01015	0.00696	0.00609	0.01816	0.01628	0.15974	0.19579	0.03083	0.02853	0.00938	0.00588	0.00180	0.00363	0.00781	0.45260	0.00726
141	0.01404	0.01325	0.02238	0.44653	0.30346	0.01494	0.01887	0.01828	0.01436	0.01938	0.04182	0.01875	0.01187	0.00672	0.00673	0.00214	0.00833	0.00623	0.00330	0.00862
142	0.01338	0.01265	0.02141	0.62005	0.16866	0.01510	0.01899	0.01777	0.01375	0.01801	0.01205	0.01766	0.00925	0.00658	0.00670	0.00219	0.00877	0.00597	0.00304	0.00803
143	0.01538	0.01261	0.01634	0.01215	0.01760	0.01069	0.07021	0.06410	0.05462	0.05684	0.05314	0.03776	0.01481	0.00654	0.00580	0.00141	0.00562	0.00565	0.00472	0.53402
144	0.01519	0.01503	0.02402	0.10694	0.26118	0.01813	0.06200	0.01812	0.01269	0.01857	0.01076	0.01591	0.00953	0.00883	0.01418	0.00249	0.36870	0.00605	0.00310	0.00858
145	0.01115	0.00887	0.01032	0.01001	0.01229	0.00899	0.00785	0.01791	0.19003	0.02410	0.28785	0.05129	0.19731	0.01409	0.00787	0.00235	0.00424	0.11947	0.00679	0.00723
146	0.01493	0.01324	0.01895	0.01908	0.13157	0.01390	0.10868	0.07319	0.25846	0.02431	0.02609	0.17613	0.05147	0.01107	0.00741	0.00232	0.00639	0.02813	0.00560	0.00907
147	0.01574	0.01880	0.06850	0.02790	0.03482	0.01691	0.66975	0.02148	0.01577	0.02148	0.01351	0.01793	0.01011	0.00569	0.00785	0.00226	0.01125	0.00779	0.00337	0.00909
148	0.00888	0.00627	0.00822	0.00951	0.01003	0.00601	0.00664	0.01018	0.01277	0.01694	0.03410	0.52577	0.04008	0.14428	0.01294	0.00342	0.00471	0.12806	0.00586	0.00534
149	0.01007	0.00808	0.01070	0.01084	0.01105	0.00927	0.00774	0.01105	0.01154	0.01596	0.02672	0.42114	0.03143	0.18714	0.01755	0.00363	0.18170	0.01384	0.00496	0.00558
150	0.16922	0.15838	0.02220	0.02075	0.21240	0.22245	0.01340	0.02186	0.01522	0.02077	0.01071	0.01299	0.00901	0.00618	0.00546	0.00176	0.00828	0.00449	0.00348	0.06100
151	0.07917	0.01633	0.02235	0.02324	0.23270	0.01696	0.07555	0.26554	0.05897	0.07642	0.01539	0.01686	0.01151	0.00698	0.00652	0.00200	0.00739	0.00603	0.00516	0.05492
152	0.01625	0.13272	0.04462	0.12388	0.51199	0.01745	0.01904	0.02010	0.01476	0.02036	0.01201	0.01580	0.01005	0.00604	0.00628	0.00194	0.00802	0.00558	0.00320	0.00990
153	0.00829	0.00593	0.00789	0.00926	0.00976	0.00553	0.00624	0.00964	0.01340	0.01800	0.09809	0.69621	0.04608	0.02037	0.00851	0.00267	0.00383	0.01845	0.00633	0.00553
154	0.01567	0.01499	0.02554	0.20926	0.56157	0.01570	0.02013	0.01977	0.01484	0.02079	0.01246	0.01691	0.01023	0.00615	0.00666	0.00205	0.00820	0.00597	0.00324	0.00987
155	0.00978	0.00646	0.00773	0.00803	0.00819	0.00642	0.00494	0.00993	0.01046	0.01391	0.02338	0.13071	0.02688	0.56660	0.02870	0.06475	0.00612	0.05833	0.00439	0.00430
156	0.01391	0.01193	0.01391	0.00994	0.01590	0.00894	0.00795	0.01690	0.01391	0.02186	0.01193	0.01391	0.00994	0.00497	0.00497	0.00099	0.00497	0.00398	0.00398	0.80521
157	0.02229	0.01149	0.01520	0.01397	0.07872	0.01092	0.01022	0.07434	0.01825	0.39861	0.03314	0.03114	0.18173	0.01036	0.00802	0.00217	0.05450	0.00833	0.00690	0.00972
158	0.00996	0.00891	0.00872	0.00904	0.01069	0.07152	0.00651	0.01210	0.03409	0.01882	0.12024	0.31482	0.31602	0.01701	0.00796	0.00237	0.00439	0.01470	0.00612	0.00598
159	0.01365	0.01304	0.02139	0.51193	0.15506	0.01599	0.01833	0.01756	0.01322	0.01779	0.01154	0.01716	0.00921	0.00740	0.00916	0.00231	0.12832	0.00595	0.00303	0.00797

[dist]
# distance from previous block
# <min> <max>
0	1

[block]
# block no. 1 follows, 32 sequences, length 16
# corresponding to MSA columns:
# 174-189
name=unknown_B
#
# <colnr> <probs for GDERKNQSTAVLIFYWHMCP>
#	G	D	E	R	K	N	Q	S	T	A	V	L	I	F	Y	W	H	M	C	P
0	0.01108	0.00979	0.01525	0.10277	0.01936	0.00988	0.11750	0.01550	0.08512	0.01947	0.03456	0.26981	0.15095	0.01462	0.00803	0.00251	0.00602	0.09542	0.00544	0.00692
1	0.01513	0.10412	0.01622	0.01049	0.01542	0.01219	0.00854	0.10430	0.01578	0.02257	0.01587	0.02075	0.03795	0.09203	0.00864	0.00191	0.00570	0.02400	0.00435	0.46404
2	0.01512	0.01127	0.01448	0.01392	0.06286	0.01191	0.01012	0.02016	0.13522	0.10628	0.02348	0.10132	0.05278	0.07548	0.04098	0.00293	0.12369	0.04593	0.00524	0.12682
3	0.01248	0.00792	0.00981	0.00953	0.01148	0.00760	0.00705	0.01657	0.09454	0.11153	0.24137	0.27674	0.10188	0.01493	0.00771	0.00232	0.00399	0.01313	0.04231	0.00711
4	0.01798	0.07387	0.05922	0.01570	0.06686	0.18479	0.04716	0.04034	0.03939	0.04054	0.01255	0.01435	0.01010	0.00599	0.00568	0.00150	0.00773	0.00468	0.00393	0.34766
5	0.01530	0.01461	0.02487	0.27621	0.49753	0.01560	0.01994	0.01945	0.01466	0.02033	0.01239	0.01703	0.01007	0.00622	0.00666	0.00207	0.00829	0.00597	0.00321	0.00957
6	0.01972	0.10598	0.21207	0.08517	0.11437	0.06834	0.01672	0.07891	0.04206	0.16975	0.01558	0.01665	0.01120	0.00696	0.00630	0.00200	0.00817	0.00554	0.00456	0.00994
7	0.01440	0.12800	0.05613	0.13947	0.14500	0.09565	0.01317	0.01708	0.01366	0.01720	0.01642	0.11400	0.01642	0.12279	0.05994	0.00328	0.00853	0.00767	0.00368	0.00750
8	0.01566	0.01275	0.02113	0.50286	0.19135	0.01452	0.01800	0.01980	0.01453	0.10475	0.01385	0.01821	0.01025	0.00674	0.00670	0.00216	0.00834	0.00606	0.00371	0.00864
9	0.01831	0.01586	0.06662	0.12669	0.13436	0.01588	0.04225	0.21037	0.05085	0.08063	0.10105	0.02136	0.01763	0.00833	0.00793	0.00215	0.05810	0.00688	0.00519	0.00958
10	0.01292	0.01377	0.10165	0.01747	0.15040	0.01180	0.01237	0.02050	0.19549	0.02358	0.17888	0.15881	0.05128	0.01154	0.00732	0.00225	0.00560	0.01019	0.00567	0.00853
11	0.00997	0.00648	0.00780	0.00780	0.00791	0.00659	0.00467	0.00983	0.00973	0.01307	0.01970	0.03947	0.02216	0.61008	0.09602	0.10423	0.00745	0.00905	0.00388	0.00410
12	0.01903	0.01086	0.01383	0.01153	0.01505	0.01074	0.03934	0.12115	0.07115	0.22151	0.15649	0.03107	0.02640	0.00985	0.00679	0.00206	0.00520	0.05344	0.16561	0.00889
13	0.05531	0.06146	0.01636	0.04986	0.01805	0.01247	0.01016	0.04430	0.12721	0.40230	0.07022	0.02286	0.01862	0.00827	0.00647	0.00201	0.00571	0.00670	0.00693	0.05469
14	0.01696	0.01478	0.02122	0.14007	0.29576	0.01631	0.01593	0.13540	0.11983	0.02489	0.01566	0.01918	0.01258	0.03618	0.00868	0.00229	0.05616	0.00637	0.03211	0.00964
15	0.01463	0.01279	0.02069	0.50114	0.11603	0.01558	0.01762	0.01844	0.01352	0.06596	0.01250	0.01757	0.00964	0.00754	0.00915	0.00231	0.12747	0.00600	0.00338	0.00806

[dist]
# distance from previous block
# <min> <max>
0	6

# created by:
# /home/berkeley/.conda/envs/busco_data_prod/bin/msa2prfl.pl pipeline/OGs_align_augustus/5794/68812.fs
