[name]
unknown

[dist]
# distance from previous block
# <min> <max>
0	164

[block]
# block no. 0 follows, 30 sequences, length 15
# corresponding to MSA columns:
# 168-182
name=unknown_A
#
# <colnr> <probs for GDERKNQSTAVLIFYWHMCP>
#	G	D	E	R	K	N	Q	S	T	A	V	L	I	F	Y	W	H	M	C	P
0	0.01666	0.01491	0.02104	0.01697	0.02083	0.09914	0.20007	0.04423	0.01766	0.09695	0.11594	0.09678	0.10580	0.01155	0.00862	0.00237	0.04003	0.05670	0.00555	0.00820
1	0.01928	0.01709	0.02104	0.07213	0.14412	0.14492	0.09675	0.06630	0.01790	0.09991	0.05140	0.02226	0.04527	0.00823	0.00760	0.00209	0.04272	0.00695	0.10499	0.00903
2	0.07086	0.07959	0.06209	0.05651	0.08306	0.01507	0.13322	0.01817	0.01467	0.04628	0.05630	0.02721	0.12737	0.01329	0.07085	0.00306	0.10193	0.00795	0.00430	0.00823
3	0.00944	0.00697	0.00896	0.00888	0.01039	0.00649	0.00655	0.01212	0.01757	0.02424	0.46237	0.16860	0.14441	0.01870	0.05970	0.00297	0.00455	0.01373	0.00704	0.00631
4	0.01521	0.01449	0.02464	0.26234	0.34190	0.01510	0.07117	0.01952	0.01541	0.02144	0.05276	0.01958	0.01353	0.00681	0.00696	0.00209	0.00833	0.00656	0.00365	0.07851
5	0.01840	0.11893	0.21560	0.02018	0.05589	0.01872	0.15333	0.13842	0.01836	0.06485	0.03777	0.01742	0.01231	0.00753	0.00821	0.00219	0.07131	0.00628	0.00430	0.00999
6	0.01608	0.05204	0.01297	0.01085	0.01365	0.00962	0.00854	0.02021	0.08344	0.19264	0.19255	0.19967	0.07386	0.01427	0.00788	0.00240	0.00485	0.06911	0.00715	0.00819
7	0.00964	0.00677	0.00755	0.00769	0.00818	0.00650	0.00463	0.01008	0.01155	0.01494	0.03293	0.11032	0.16073	0.54773	0.02790	0.00557	0.00590	0.01187	0.00486	0.00468
8	0.04925	0.01746	0.02268	0.29136	0.05975	0.13213	0.11122	0.09115	0.01738	0.05569	0.01460	0.05167	0.01182	0.00793	0.00762	0.00225	0.03640	0.00680	0.00414	0.00870
9	0.04361	0.01918	0.09138	0.09209	0.10604	0.11125	0.06432	0.09701	0.03832	0.14037	0.06526	0.02010	0.01546	0.00815	0.00799	0.00220	0.05593	0.00659	0.00506	0.00971
10	0.03008	0.01385	0.01742	0.01335	0.01880	0.01319	0.01103	0.20270	0.02328	0.54269	0.02475	0.02195	0.01588	0.00857	0.00701	0.00214	0.00639	0.00683	0.00821	0.01187
11	0.00920	0.00749	0.00823	0.00852	0.01043	0.00687	0.00620	0.01246	0.07521	0.01991	0.08889	0.25391	0.43172	0.01796	0.00833	0.00248	0.00384	0.01546	0.00659	0.00631
12	0.04819	0.01586	0.02235	0.02168	0.16433	0.03774	0.10917	0.18845	0.03957	0.14566	0.09617	0.04200	0.01948	0.00857	0.00723	0.00217	0.00752	0.00765	0.00591	0.01030
13	0.02185	0.01922	0.10288	0.02512	0.23340	0.03755	0.07546	0.17930	0.05273	0.15651	0.01731	0.01848	0.01253	0.00737	0.00702	0.00214	0.00824	0.00647	0.00536	0.01108
14	0.01783	0.00922	0.01238	0.01054	0.01361	0.00864	0.05553	0.02144	0.04006	0.22089	0.06613	0.09607	0.04657	0.01014	0.00649	0.00203	0.00479	0.00871	0.34063	0.00830

[dist]
# distance from previous block
# <min> <max>
4	16

[block]
# block no. 1 follows, 30 sequences, length 12
# corresponding to MSA columns:
# 200-211
name=unknown_B
#
# <colnr> <probs for GDERKNQSTAVLIFYWHMCP>
#	G	D	E	R	K	N	Q	S	T	A	V	L	I	F	Y	W	H	M	C	P
0	0.01439	0.01040	0.01279	0.05111	0.03613	0.01079	0.00922	0.13758	0.03606	0.05862	0.16113	0.03789	0.17837	0.01942	0.13804	0.00382	0.00760	0.00966	0.05912	0.00789
1	0.18499	0.01468	0.01639	0.01296	0.01811	0.01518	0.01066	0.22684	0.06356	0.33519	0.02077	0.01929	0.01394	0.00817	0.00647	0.00215	0.00632	0.00620	0.00718	0.01095
2	0.01974	0.02191	0.02036	0.02103	0.13861	0.30297	0.04566	0.02562	0.14642	0.02127	0.05891	0.02075	0.03410	0.00990	0.03128	0.00241	0.05896	0.00658	0.00453	0.00898
3	0.02020	0.01457	0.01765	0.01333	0.01902	0.01352	0.03943	0.22693	0.02100	0.11561	0.01710	0.02017	0.01338	0.00743	0.00635	0.00168	0.00640	0.04284	0.00568	0.37771
4	0.01955	0.01948	0.06374	0.07976	0.38802	0.07533	0.05063	0.17003	0.01980	0.02665	0.01371	0.01680	0.01081	0.00683	0.00693	0.00209	0.00885	0.00613	0.00420	0.01065
5	0.01010	0.00685	0.00803	0.00795	0.00825	0.00683	0.00478	0.01069	0.01158	0.01574	0.12065	0.04572	0.03082	0.61416	0.06492	0.00632	0.00684	0.01038	0.00470	0.00466
6	0.80405	0.01350	0.01026	0.00918	0.01350	0.01565	0.00756	0.02051	0.01188	0.03131	0.00972	0.01134	0.00756	0.00648	0.00432	0.00216	0.00540	0.00378	0.00432	0.00756
7	0.01804	0.62399	0.03381	0.01310	0.01798	0.02648	0.01254	0.02015	0.01355	0.01649	0.00960	0.01193	0.00899	0.00710	0.00782	0.00178	0.14076	0.00416	0.00300	0.00872
8	0.01053	0.00779	0.01062	0.11398	0.01491	0.00862	0.00777	0.01195	0.01102	0.01496	0.01961	0.03625	0.02066	0.43484	0.24025	0.00747	0.01073	0.00877	0.00392	0.00534
9	0.01532	0.01699	0.03641	0.02657	0.03267	0.01592	0.58795	0.02053	0.01602	0.02170	0.01763	0.12425	0.01572	0.00819	0.00833	0.00242	0.01065	0.00991	0.00395	0.00887
10	0.01376	0.00814	0.01010	0.11314	0.01500	0.00873	0.00778	0.06019	0.01459	0.02312	0.01862	0.02331	0.01503	0.01137	0.01004	0.16924	0.00501	0.00635	0.46017	0.00631
11	0.02566	0.03106	0.02033	0.01906	0.05672	0.62144	0.01387	0.09224	0.02085	0.02001	0.01149	0.01323	0.00938	0.00726	0.00639	0.00184	0.01188	0.00476	0.00392	0.00861

[dist]
# distance from previous block
# <min> <max>
0	11

[block]
# block no. 2 follows, 30 sequences, length 9
# corresponding to MSA columns:
# 223-231
name=unknown_C
#
# <colnr> <probs for GDERKNQSTAVLIFYWHMCP>
#	G	D	E	R	K	N	Q	S	T	A	V	L	I	F	Y	W	H	M	C	P
0	0.06773	0.17405	0.02126	0.01387	0.01836	0.16041	0.01150	0.25690	0.02275	0.02925	0.13734	0.02077	0.02009	0.00858	0.00639	0.00193	0.00769	0.00638	0.00544	0.00931
1	0.07821	0.01134	0.01415	0.01101	0.01596	0.00994	0.00898	0.02771	0.01771	0.45071	0.02296	0.02156	0.01546	0.00780	0.00621	0.00188	0.00539	0.00621	0.11534	0.15147
2	0.01036	0.00770	0.00962	0.01022	0.01188	0.00720	0.00806	0.01249	0.01459	0.01896	0.03977	0.13496	0.17487	0.14991	0.01360	0.00348	0.00556	0.30132	0.00589	0.05954
3	0.06738	0.06148	0.01897	0.14385	0.02399	0.13824	0.01288	0.17157	0.09310	0.12075	0.01832	0.06744	0.01457	0.00874	0.00671	0.00214	0.00795	0.00686	0.00552	0.00955
4	0.00840	0.00648	0.00768	0.00864	0.00984	0.00576	0.00600	0.00984	0.01439	0.01823	0.05152	0.47336	0.31457	0.02016	0.00864	0.00264	0.00384	0.01777	0.00648	0.00576
5	0.01392	0.00776	0.00955	0.00887	0.00997	0.00761	0.00580	0.01467	0.01202	0.13959	0.02262	0.03973	0.02304	0.54357	0.10684	0.00643	0.00794	0.00929	0.00496	0.00582
6	0.01858	0.02068	0.15038	0.03323	0.44781	0.01755	0.02052	0.15831	0.01915	0.02702	0.01376	0.01671	0.01082	0.00673	0.00687	0.00210	0.00853	0.00604	0.00409	0.01109
7	0.01728	0.01439	0.02335	0.02199	0.13782	0.03578	0.19869	0.04708	0.08403	0.11263	0.04613	0.18491	0.02244	0.01065	0.00779	0.00236	0.00767	0.01027	0.00546	0.00928
8	0.01376	0.01030	0.01300	0.01273	0.05100	0.02895	0.00917	0.01587	0.01498	0.08838	0.15117	0.06705	0.14924	0.10125	0.04749	0.00332	0.15315	0.00999	0.05207	0.00714

[dist]
# distance from previous block
# <min> <max>
1	7

[block]
# block no. 3 follows, 30 sequences, length 9
# corresponding to MSA columns:
# 239-247
name=unknown_D
#
# <colnr> <probs for GDERKNQSTAVLIFYWHMCP>
#	G	D	E	R	K	N	Q	S	T	A	V	L	I	F	Y	W	H	M	C	P
0	0.11553	0.02570	0.30450	0.02370	0.18228	0.09181	0.06387	0.02321	0.01566	0.07124	0.01328	0.01556	0.00991	0.00667	0.00650	0.00213	0.00927	0.00549	0.00374	0.00995
1	0.02589	0.02238	0.02038	0.01638	0.02142	0.18069	0.01318	0.50112	0.06844	0.03704	0.01608	0.01635	0.01176	0.00817	0.00683	0.00204	0.00866	0.00597	0.00622	0.01097
2	0.01909	0.01217	0.01480	0.01106	0.01658	0.01000	0.00891	0.06009	0.01746	0.20432	0.08305	0.02061	0.01753	0.00712	0.00605	0.00150	0.00533	0.00582	0.00581	0.47270
3	0.01775	0.01652	0.02663	0.14282	0.29892	0.01810	0.10799	0.13047	0.01769	0.02456	0.01316	0.01731	0.01057	0.00754	0.00949	0.00230	0.11785	0.00648	0.00393	0.00994
4	0.01547	0.14924	0.29293	0.02446	0.20367	0.01751	0.08377	0.02081	0.01522	0.02113	0.01631	0.02058	0.04568	0.00744	0.00670	0.00212	0.00894	0.03476	0.00347	0.00980
5	0.01119	0.00745	0.00925	0.00922	0.01102	0.00683	0.00675	0.01399	0.04065	0.08240	0.26409	0.28382	0.19317	0.01687	0.00831	0.00245	0.00390	0.01482	0.00708	0.00675
6	0.30486	0.01474	0.01526	0.01237	0.01730	0.01582	0.01015	0.19912	0.08530	0.23135	0.01845	0.01772	0.01278	0.00788	0.00605	0.00216	0.00616	0.00575	0.00652	0.01025
7	0.01358	0.09181	0.32799	0.01913	0.07178	0.01462	0.09217	0.01879	0.01478	0.02066	0.01981	0.17210	0.01943	0.01062	0.00734	0.00236	0.00846	0.06164	0.00406	0.00887
8	0.01458	0.01241	0.01855	0.10911	0.25491	0.01300	0.01461	0.08063	0.05381	0.02300	0.02395	0.21607	0.02445	0.01248	0.00782	0.00247	0.00685	0.09743	0.00512	0.00872

[dist]
# distance from previous block
# <min> <max>
0	10

[block]
# block no. 4 follows, 30 sequences, length 7
# corresponding to MSA columns:
# 258-264
name=unknown_E
#
# <colnr> <probs for GDERKNQSTAVLIFYWHMCP>
#	G	D	E	R	K	N	Q	S	T	A	V	L	I	F	Y	W	H	M	C	P
0	0.00871	0.00709	0.00771	0.00755	0.00971	0.00609	0.00567	0.01091	0.01700	0.02144	0.25141	0.06289	0.52606	0.01671	0.00824	0.00231	0.00347	0.01413	0.00682	0.00609
1	0.01963	0.01325	0.01982	0.02495	0.31770	0.01277	0.01431	0.06835	0.01789	0.20847	0.02696	0.10317	0.10171	0.01008	0.00732	0.00221	0.00659	0.00893	0.00578	0.01012
2	0.02094	0.04956	0.21576	0.01877	0.07138	0.04187	0.06547	0.11131	0.12769	0.17840	0.01889	0.01904	0.01336	0.00766	0.00688	0.00217	0.00819	0.00637	0.00547	0.01082
3	0.01860	0.02109	0.09464	0.01745	0.02087	0.20440	0.07739	0.02231	0.05057	0.06971	0.01447	0.01921	0.01229	0.06682	0.07064	0.00339	0.19748	0.00634	0.00399	0.00834
4	0.00942	0.00758	0.00851	0.00886	0.01067	0.00709	0.00641	0.01303	0.08808	0.02027	0.10201	0.29423	0.36247	0.01797	0.00835	0.00251	0.00390	0.01558	0.00663	0.00642
5	0.01800	0.13273	0.13004	0.01821	0.10495	0.06652	0.01492	0.15849	0.05690	0.02641	0.10879	0.02511	0.02040	0.00916	0.00735	0.00214	0.03067	0.05466	0.00501	0.00953
6	0.12158	0.07612	0.10077	0.08621	0.08812	0.01683	0.01391	0.13486	0.11948	0.06277	0.01653	0.01937	0.01301	0.06205	0.00842	0.00243	0.00731	0.00609	0.00493	0.03920

[dist]
# distance from previous block
# <min> <max>
0	5

[block]
# block no. 5 follows, 30 sequences, length 8
# corresponding to MSA columns:
# 270-277
name=unknown_F
#
# <colnr> <probs for GDERKNQSTAVLIFYWHMCP>
#	G	D	E	R	K	N	Q	S	T	A	V	L	I	F	Y	W	H	M	C	P
0	0.02222	0.12645	0.02059	0.04218	0.05348	0.14402	0.01192	0.14172	0.05184	0.15081	0.01829	0.01951	0.03507	0.03683	0.00745	0.00206	0.00775	0.00598	0.00534	0.09647
1	0.01520	0.01194	0.01424	0.01442	0.06120	0.05010	0.01031	0.08380	0.05600	0.07074	0.05404	0.20506	0.06218	0.07899	0.03902	0.00324	0.09143	0.06461	0.00571	0.00776
2	0.01013	0.00685	0.00803	0.00803	0.00817	0.00699	0.00475	0.01041	0.01027	0.01384	0.02161	0.04356	0.02446	0.67372	0.11531	0.00728	0.00814	0.00984	0.00417	0.00446
3	0.07209	0.07521	0.18646	0.02243	0.14770	0.01883	0.09464	0.21294	0.05357	0.02907	0.01441	0.01631	0.01084	0.00705	0.00668	0.00212	0.00860	0.00596	0.00456	0.01054
4	0.02222	0.07425	0.15632	0.04656	0.05992	0.10036	0.06100	0.21876	0.04390	0.12517	0.01612	0.01702	0.01159	0.00748	0.00675	0.00208	0.00879	0.00596	0.00521	0.01053
5	0.00908	0.00710	0.00822	0.00794	0.00993	0.00624	0.00595	0.01162	0.01786	0.02349	0.39430	0.05952	0.38189	0.01594	0.00824	0.00227	0.00341	0.01366	0.00709	0.00624
6	0.01984	0.05349	0.14978	0.02020	0.08264	0.19470	0.09363	0.13329	0.09199	0.02486	0.01795	0.01930	0.05143	0.00785	0.00687	0.00209	0.00943	0.00641	0.00453	0.00974
7	0.01729	0.01092	0.01318	0.01108	0.01453	0.01067	0.00874	0.12242	0.08278	0.15784	0.35041	0.03747	0.06517	0.01149	0.00754	0.00213	0.00477	0.00977	0.00745	0.05435

[dist]
# distance from previous block
# <min> <max>
2	15

[block]
# block no. 6 follows, 30 sequences, length 24
# corresponding to MSA columns:
# 293-316
name=unknown_G
#
# <colnr> <probs for GDERKNQSTAVLIFYWHMCP>
#	G	D	E	R	K	N	Q	S	T	A	V	L	I	F	Y	W	H	M	C	P
0	0.80405	0.01350	0.01026	0.00918	0.01350	0.01565	0.00756	0.02051	0.01188	0.03131	0.00972	0.01134	0.00756	0.00648	0.00432	0.00216	0.00540	0.00378	0.00432	0.00756
1	0.01015	0.00677	0.00761	0.00761	0.00761	0.00677	0.00423	0.01015	0.01015	0.01353	0.02199	0.04567	0.02537	0.75476	0.03552	0.00677	0.00677	0.01015	0.00423	0.00423
2	0.00906	0.00704	0.00829	0.00845	0.01025	0.00626	0.00636	0.01137	0.01685	0.02189	0.27344	0.15319	0.35549	0.01723	0.00844	0.00244	0.00376	0.06719	0.00687	0.00613
3	0.01799	0.01632	0.01607	0.01448	0.01840	0.06892	0.01122	0.03641	0.64927	0.02831	0.02712	0.02506	0.02041	0.00930	0.00704	0.00233	0.00604	0.00764	0.00685	0.01083
4	0.00977	0.00712	0.00896	0.00861	0.01015	0.00658	0.00635	0.01253	0.01812	0.02509	0.53506	0.05410	0.13269	0.09664	0.01130	0.00276	0.00382	0.03699	0.00712	0.00624
5	0.01649	0.14906	0.02493	0.13428	0.30755	0.04901	0.01635	0.02176	0.08564	0.02187	0.09057	0.02092	0.01742	0.00755	0.00662	0.00204	0.00765	0.00657	0.00416	0.00955
6	0.00869	0.00641	0.00788	0.00887	0.00971	0.00588	0.00598	0.00998	0.01383	0.01801	0.07291	0.49442	0.18753	0.10166	0.01168	0.00314	0.00421	0.01735	0.00628	0.00560
7	0.08553	0.07076	0.01923	0.01385	0.01890	0.01898	0.01153	0.45831	0.02673	0.09407	0.01725	0.01754	0.01244	0.00805	0.00636	0.00201	0.00685	0.00599	0.09491	0.01072
8	0.09942	0.12841	0.07675	0.05078	0.16320	0.07477	0.01450	0.10318	0.04226	0.05125	0.01345	0.01534	0.01058	0.00667	0.00598	0.00186	0.00770	0.00517	0.00429	0.12444
9	0.05617	0.11758	0.34990	0.07101	0.07006	0.05870	0.01939	0.06386	0.03707	0.07321	0.01380	0.01557	0.01015	0.00691	0.00634	0.00209	0.00903	0.00531	0.00388	0.00997
10	0.01100	0.00653	0.00904	0.00911	0.00937	0.00676	0.00608	0.01007	0.00998	0.01355	0.01728	0.06018	0.01831	0.23458	0.16410	0.38963	0.00861	0.00807	0.00365	0.00410
11	0.00869	0.00685	0.00785	0.00811	0.00983	0.00600	0.00589	0.01069	0.01621	0.02077	0.21401	0.22647	0.39813	0.01786	0.00840	0.00243	0.00360	0.01545	0.00676	0.00600
12	0.01935	0.02137	0.26319	0.01706	0.05155	0.01463	0.05253	0.12919	0.01855	0.15446	0.01769	0.01898	0.01262	0.00770	0.00721	0.00212	0.03700	0.00616	0.13859	0.01008
13	0.04114	0.08575	0.14512	0.15267	0.21646	0.03866	0.15110	0.04773	0.01598	0.02210	0.01276	0.01650	0.00996	0.00645	0.00682	0.00214	0.00943	0.00609	0.00345	0.00968
14	0.01919	0.12849	0.24897	0.07918	0.13239	0.09314	0.01866	0.10119	0.01784	0.07728	0.01370	0.01566	0.01027	0.00692	0.00643	0.00204	0.00911	0.00541	0.00403	0.01010
15	0.00854	0.00641	0.00792	0.00896	0.00996	0.00579	0.00618	0.01005	0.01449	0.01882	0.09549	0.52226	0.21935	0.02022	0.00869	0.00266	0.00386	0.01799	0.00657	0.00579
16	0.01572	0.01470	0.02324	0.23973	0.17722	0.04095	0.11481	0.09316	0.01679	0.02233	0.01675	0.10446	0.01506	0.01186	0.05973	0.00294	0.00945	0.00815	0.00413	0.00882
17	0.01803	0.04746	0.09342	0.07347	0.15192	0.08620	0.04486	0.12846	0.09342	0.02504	0.01677	0.07481	0.01430	0.00843	0.00734	0.00211	0.03102	0.00703	0.00462	0.07128
18	0.00971	0.00874	0.06006	0.01018	0.01188	0.00690	0.00819	0.01212	0.01492	0.02051	0.12383	0.41166	0.10589	0.01803	0.00836	0.00261	0.00456	0.08777	0.06781	0.00629
19	0.01346	0.00961	0.01480	0.01371	0.04011	0.00966	0.08407	0.01610	0.01514	0.09741	0.12962	0.21895	0.05672	0.03690	0.09885	0.00363	0.06061	0.01163	0.06167	0.00735
20	0.01503	0.01733	0.13559	0.14101	0.23363	0.01460	0.06787	0.07461	0.01615	0.02228	0.01847	0.10261	0.03610	0.06307	0.00932	0.00259	0.00827	0.00826	0.00410	0.00909
21	0.01929	0.01986	0.01986	0.04316	0.02145	0.26791	0.10646	0.07371	0.01895	0.05303	0.11716	0.02854	0.02204	0.01217	0.04738	0.00271	0.03272	0.08044	0.00496	0.00821
22	0.24581	0.15818	0.02086	0.01654	0.11468	0.10126	0.01191	0.09510	0.01689	0.07608	0.01261	0.01405	0.00989	0.00668	0.00550	0.00188	0.00731	0.00473	0.00445	0.07559
23	0.12394	0.04316	0.08646	0.04540	0.09783	0.01218	0.01140	0.01817	0.06499	0.02408	0.18577	0.05827	0.05769	0.06798	0.00899	0.00246	0.00594	0.00839	0.00515	0.07174

[dist]
# distance from previous block
# <min> <max>
4	16

[block]
# block no. 7 follows, 30 sequences, length 73
# corresponding to MSA columns:
# 333-405
name=unknown_H
#
# <colnr> <probs for GDERKNQSTAVLIFYWHMCP>
#	G	D	E	R	K	N	Q	S	T	A	V	L	I	F	Y	W	H	M	C	P
0	0.07156	0.09450	0.12656	0.04932	0.39498	0.04057	0.01923	0.04043	0.01553	0.02259	0.01224	0.01564	0.01008	0.00673	0.00736	0.00210	0.05138	0.00559	0.00347	0.01014
1	0.22782	0.01535	0.06423	0.04032	0.12929	0.03506	0.01237	0.09659	0.06483	0.04448	0.03550	0.05292	0.01548	0.06326	0.07099	0.00329	0.00795	0.00676	0.00477	0.00873
2	0.06724	0.04714	0.10304	0.04028	0.05719	0.03111	0.01106	0.01644	0.03280	0.02089	0.04347	0.22781	0.02372	0.05916	0.04033	0.00283	0.00672	0.00990	0.04538	0.11350
3	0.01639	0.01585	0.02305	0.33637	0.28744	0.06512	0.01869	0.04076	0.08646	0.02153	0.01434	0.01842	0.01124	0.00701	0.00692	0.00219	0.00872	0.00627	0.00379	0.00945
4	0.00955	0.00712	0.00887	0.00843	0.01022	0.00644	0.00632	0.01253	0.01897	0.02613	0.57808	0.05518	0.19646	0.01496	0.00823	0.00223	0.00334	0.01305	0.00744	0.00644
5	0.06661	0.00778	0.00975	0.00993	0.01172	0.00737	0.00745	0.01461	0.01607	0.10067	0.20770	0.32976	0.08121	0.01686	0.00825	0.00256	0.00439	0.08363	0.00687	0.00683
6	0.00957	0.00712	0.00891	0.00846	0.01024	0.00646	0.00635	0.01258	0.01904	0.02628	0.58874	0.05493	0.18571	0.01490	0.00823	0.00222	0.00334	0.01301	0.00746	0.00646
7	0.01866	0.75896	0.03657	0.01194	0.01791	0.02761	0.01194	0.02090	0.01418	0.01642	0.00970	0.01119	0.00896	0.00597	0.00448	0.00149	0.00746	0.00373	0.00299	0.00896
8	0.01015	0.00677	0.00761	0.00761	0.00761	0.00677	0.00423	0.01015	0.01015	0.01353	0.02199	0.04567	0.02537	0.75476	0.03552	0.00677	0.00677	0.01015	0.00423	0.00423
9	0.02653	0.01955	0.02094	0.01606	0.02164	0.02164	0.01326	0.68796	0.03281	0.04398	0.01675	0.01675	0.01187	0.00838	0.00698	0.00209	0.00768	0.00628	0.00698	0.01187
10	0.02653	0.01955	0.02094	0.01606	0.02164	0.02164	0.01326	0.68796	0.03281	0.04398	0.01675	0.01675	0.01187	0.00838	0.00698	0.00209	0.00768	0.00628	0.00698	0.01187
11	0.01447	0.01240	0.01447	0.01034	0.01654	0.00930	0.00827	0.01757	0.01447	0.02274	0.01240	0.01447	0.01034	0.00517	0.00517	0.00103	0.00517	0.00413	0.00413	0.79742
12	0.02607	0.03326	0.01978	0.01798	0.02157	0.72674	0.01348	0.02787	0.01978	0.01708	0.01079	0.01258	0.00899	0.00719	0.00629	0.00180	0.01258	0.00449	0.00360	0.00809
13	0.00855	0.00697	0.00757	0.00766	0.00967	0.00598	0.00565	0.01052	0.01627	0.02028	0.17498	0.14265	0.52379	0.01757	0.00832	0.00238	0.00355	0.01495	0.00668	0.00598
14	0.03131	0.01188	0.01619	0.01242	0.01781	0.01026	0.01026	0.03401	0.01997	0.71606	0.02753	0.02375	0.01727	0.00864	0.00702	0.00216	0.00594	0.00702	0.00864	0.01188
15	0.01727	0.01658	0.02832	0.04283	0.71123	0.01658	0.02142	0.02142	0.01589	0.02280	0.01313	0.01727	0.01105	0.00622	0.00691	0.00207	0.00829	0.00622	0.00345	0.01105
16	0.01426	0.06523	0.60811	0.01845	0.02810	0.01592	0.02317	0.02153	0.01468	0.02192	0.01239	0.01455	0.00902	0.00643	0.00637	0.00204	0.00960	0.00498	0.00308	0.10019
17	0.01093	0.00781	0.01089	0.01249	0.01396	0.00776	0.01070	0.01392	0.01576	0.02053	0.03712	0.15544	0.04085	0.01957	0.00955	0.00317	0.00615	0.59063	0.00643	0.00634
18	0.01527	0.01527	0.02137	0.01832	0.01832	0.02137	0.01527	0.01679	0.01069	0.01679	0.00916	0.01527	0.00916	0.01221	0.02290	0.00305	0.74198	0.00611	0.00305	0.00763
19	0.00988	0.00713	0.00933	0.00878	0.01043	0.00658	0.00658	0.01317	0.01975	0.02798	0.70754	0.05213	0.06584	0.01427	0.00823	0.00219	0.00329	0.01262	0.00768	0.00658
20	0.80405	0.01350	0.01026	0.00918	0.01350	0.01565	0.00756	0.02051	0.01188	0.03131	0.00972	0.01134	0.00756	0.00648	0.00432	0.00216	0.00540	0.00378	0.00432	0.00756
21	0.01527	0.01527	0.02137	0.01832	0.01832	0.02137	0.01527	0.01679	0.01069	0.01679	0.00916	0.01527	0.00916	0.01221	0.02290	0.00305	0.74198	0.00611	0.00305	0.00763
22	0.00882	0.00630	0.00846	0.01007	0.01062	0.00594	0.00702	0.01026	0.01367	0.01816	0.03829	0.67348	0.04547	0.02157	0.00899	0.00288	0.00432	0.09347	0.00647	0.00575
23	0.01318	0.01240	0.02093	0.73798	0.04806	0.01550	0.01938	0.01783	0.01395	0.01783	0.01240	0.01860	0.00930	0.00698	0.00698	0.00233	0.00930	0.00620	0.00310	0.00775
24	0.02653	0.01955	0.02094	0.01606	0.02164	0.02164	0.01326	0.68796	0.03281	0.04398	0.01675	0.01675	0.01187	0.00838	0.00698	0.00209	0.00768	0.00628	0.00698	0.01187
25	0.01632	0.01409	0.01478	0.01339	0.01715	0.01605	0.01039	0.03399	0.62061	0.02801	0.03323	0.03073	0.09981	0.01041	0.00723	0.00237	0.00530	0.00867	0.00703	0.01046
26	0.00842	0.00696	0.00738	0.00752	0.00959	0.00593	0.00555	0.01025	0.01595	0.01952	0.12181	0.14391	0.57744	0.01786	0.00832	0.00240	0.00357	0.01513	0.00658	0.00593
27	0.00859	0.00706	0.00792	0.00832	0.00997	0.00640	0.00604	0.01017	0.01491	0.01845	0.05829	0.27955	0.47460	0.01878	0.00900	0.00253	0.03115	0.01601	0.00635	0.00589
28	0.80405	0.01350	0.01026	0.00918	0.01350	0.01565	0.00756	0.02051	0.01188	0.03131	0.00972	0.01134	0.00756	0.00648	0.00432	0.00216	0.00540	0.00378	0.00432	0.00756
29	0.01664	0.44607	0.33179	0.01538	0.02323	0.02267	0.01793	0.02142	0.01442	0.01888	0.01092	0.01273	0.00891	0.00626	0.00541	0.00180	0.00870	0.00435	0.00297	0.00954
30	0.02465	0.01792	0.01937	0.01536	0.02054	0.01983	0.01252	0.48650	0.19183	0.08681	0.02030	0.01947	0.01451	0.00866	0.00701	0.00216	0.00704	0.00672	0.00712	0.01167
31	0.00936	0.00753	0.00846	0.00895	0.01068	0.00706	0.00642	0.01288	0.09014	0.01956	0.05269	0.34529	0.35856	0.01850	0.00839	0.00256	0.00397	0.01609	0.00655	0.00637
32	0.01923	0.01107	0.01200	0.01008	0.01334	0.01152	0.00804	0.22146	0.02075	0.11181	0.02150	0.02295	0.01599	0.00826	0.00576	0.00183	0.00490	0.00650	0.46425	0.00875
33	0.01398	0.01322	0.02238	0.60135	0.17841	0.01572	0.01978	0.01853	0.01433	0.01881	0.01255	0.01834	0.00965	0.00683	0.00696	0.00228	0.00910	0.00620	0.00317	0.00840
34	0.01002	0.00789	0.00862	0.00842	0.01061	0.00739	0.00631	0.01426	0.09457	0.02262	0.21078	0.09930	0.38871	0.01554	0.00792	0.00230	0.00372	0.01320	0.06115	0.00667
35	0.00894	0.00626	0.00797	0.00915	0.00945	0.00596	0.00587	0.00983	0.01250	0.01666	0.03403	0.56083	0.04057	0.21886	0.01606	0.00389	0.00478	0.01723	0.00587	0.00528
36	0.01584	0.03352	0.64397	0.01910	0.02889	0.01557	0.02413	0.02336	0.01529	0.09583	0.01412	0.01569	0.00974	0.00684	0.00667	0.00220	0.00985	0.00535	0.00355	0.01048
37	0.01004	0.00693	0.00856	0.00862	0.00896	0.00723	0.00548	0.01073	0.01054	0.01438	0.02172	0.06623	0.02406	0.54615	0.21404	0.00778	0.00976	0.00980	0.00418	0.00480
38	0.06540	0.00899	0.01163	0.01137	0.01224	0.01031	0.00854	0.01297	0.01373	0.02036	0.17153	0.30394	0.03664	0.06154	0.05199	0.00338	0.17065	0.01286	0.00554	0.00638
39	0.64690	0.01557	0.01314	0.01377	0.09350	0.07766	0.00965	0.02126	0.01302	0.02910	0.01020	0.01212	0.00808	0.00651	0.00478	0.00212	0.00635	0.00412	0.00416	0.00800
40	0.01207	0.01050	0.01364	0.01260	0.01352	0.03837	0.00983	0.01415	0.01298	0.01847	0.15432	0.03039	0.02537	0.10909	0.27990	0.00625	0.21933	0.00830	0.00438	0.00655
41	0.01538	0.13290	0.33955	0.05207	0.11205	0.04818	0.01890	0.02157	0.06166	0.02046	0.01428	0.01893	0.01191	0.09220	0.00969	0.00261	0.00896	0.00586	0.00349	0.00935
42	0.01138	0.00871	0.01062	0.00987	0.01197	0.00875	0.00748	0.01797	0.15601	0.02823	0.57123	0.04689	0.05690	0.01330	0.00800	0.00223	0.00374	0.01167	0.00757	0.00748
43	0.01318	0.05786	0.01686	0.07571	0.01841	0.01217	0.08137	0.09081	0.01597	0.02160	0.04644	0.35804	0.02927	0.03826	0.00981	0.00265	0.05667	0.01290	0.03470	0.00731
44	0.01318	0.01240	0.02093	0.73798	0.04806	0.01550	0.01938	0.01783	0.01395	0.01783	0.01240	0.01860	0.00930	0.00698	0.00698	0.00233	0.00930	0.00620	0.00310	0.00775
45	0.00933	0.00747	0.00905	0.05829	0.01255	0.00687	0.00686	0.01199	0.01752	0.02293	0.35613	0.05697	0.36810	0.01539	0.00815	0.00228	0.00382	0.01318	0.00679	0.00633
46	0.02612	0.03169	0.01991	0.01776	0.02158	0.64618	0.01346	0.10329	0.02126	0.02015	0.01147	0.01306	0.00932	0.00733	0.00637	0.00183	0.01202	0.00470	0.00398	0.00852
47	0.01527	0.01527	0.02137	0.01832	0.01832	0.02137	0.01527	0.01679	0.01069	0.01679	0.00916	0.01527	0.00916	0.01221	0.02290	0.00305	0.74198	0.00611	0.00305	0.00763
48	0.00897	0.00676	0.00830	0.00863	0.01005	0.00609	0.00620	0.01115	0.01655	0.02207	0.30874	0.29156	0.23399	0.01775	0.00846	0.00245	0.00361	0.01563	0.00695	0.00609
49	0.80405	0.01350	0.01026	0.00918	0.01350	0.01565	0.00756	0.02051	0.01188	0.03131	0.00972	0.01134	0.00756	0.00648	0.00432	0.00216	0.00540	0.00378	0.00432	0.00756
50	0.01866	0.75896	0.03657	0.01194	0.01791	0.02761	0.01194	0.02090	0.01418	0.01642	0.00970	0.01119	0.00896	0.00597	0.00448	0.00149	0.00746	0.00373	0.00299	0.00896
51	0.01236	0.00646	0.00939	0.00932	0.00950	0.00657	0.00628	0.01035	0.04010	0.01289	0.01285	0.02143	0.01253	0.02358	0.02637	0.76123	0.00604	0.00614	0.00321	0.00339
52	0.80405	0.01350	0.01026	0.00918	0.01350	0.01565	0.00756	0.02051	0.01188	0.03131	0.00972	0.01134	0.00756	0.00648	0.00432	0.00216	0.00540	0.00378	0.00432	0.00756
53	0.01635	0.01397	0.01490	0.01369	0.01723	0.01602	0.01052	0.03395	0.62032	0.02789	0.02955	0.10878	0.02414	0.01088	0.00731	0.00242	0.00535	0.00925	0.00703	0.01043
54	0.01653	0.01832	0.03494	0.02547	0.03148	0.04835	0.50302	0.02142	0.01573	0.02154	0.01321	0.01765	0.01033	0.00657	0.00946	0.00226	0.09361	0.00736	0.00355	0.09919
55	0.01015	0.00677	0.00761	0.00761	0.00761	0.00677	0.00423	0.01015	0.01015	0.01353	0.02199	0.04567	0.02537	0.75476	0.03552	0.00677	0.00677	0.01015	0.00423	0.00423
56	0.80405	0.01350	0.01026	0.00918	0.01350	0.01565	0.00756	0.02051	0.01188	0.03131	0.00972	0.01134	0.00756	0.00648	0.00432	0.00216	0.00540	0.00378	0.00432	0.00756
57	0.01115	0.00796	0.01113	0.01274	0.01430	0.00795	0.01107	0.01429	0.01597	0.02077	0.03700	0.10283	0.04038	0.01937	0.00961	0.00320	0.00634	0.64112	0.00643	0.00640
58	0.00852	0.00633	0.00803	0.00925	0.01008	0.00585	0.00634	0.00990	0.01378	0.01795	0.04406	0.58127	0.17781	0.02236	0.04041	0.00311	0.00459	0.01827	0.00636	0.00574
59	0.00846	0.00696	0.00744	0.00757	0.00962	0.00594	0.00558	0.01034	0.01605	0.01977	0.13901	0.14350	0.56008	0.01777	0.00832	0.00239	0.00357	0.01507	0.00662	0.00594
60	0.01855	0.03167	0.45521	0.01925	0.02745	0.15823	0.06332	0.02463	0.01645	0.10040	0.01399	0.01559	0.00994	0.00692	0.00671	0.00213	0.01036	0.00543	0.00376	0.00999
61	0.00977	0.00743	0.01074	0.01074	0.01211	0.00840	0.00833	0.01218	0.01175	0.01650	0.02463	0.03196	0.09639	0.04838	0.64497	0.01020	0.01696	0.00831	0.00405	0.00619
62	0.00923	0.00683	0.00876	0.00991	0.01108	0.00636	0.00744	0.01119	0.01497	0.01948	0.09033	0.40204	0.17537	0.01988	0.00891	0.00279	0.00449	0.17843	0.00655	0.00596
63	0.01307	0.01162	0.01722	0.06919	0.16609	0.01335	0.01299	0.01554	0.01385	0.01958	0.10687	0.09371	0.04573	0.09866	0.03790	0.00334	0.20204	0.04725	0.00449	0.00751
64	0.01790	0.02672	0.39697	0.04980	0.02704	0.01652	0.04141	0.15224	0.06568	0.08013	0.01673	0.01978	0.01242	0.00788	0.00696	0.00225	0.00896	0.03549	0.00463	0.01047
65	0.01821	0.02344	0.17518	0.02764	0.26246	0.12752	0.08839	0.07027	0.04124	0.02332	0.03334	0.01734	0.01212	0.00719	0.00766	0.00215	0.04247	0.00617	0.00386	0.01004
66	0.10225	0.01034	0.01366	0.01266	0.01376	0.01297	0.01001	0.01439	0.01102	0.01781	0.01526	0.02400	0.01476	0.11012	0.36723	0.00735	0.22524	0.00694	0.00366	0.00658
67	0.01376	0.01179	0.01362	0.00996	0.01572	0.00891	0.00793	0.01671	0.01463	0.02229	0.01906	0.02049	0.09010	0.00660	0.00552	0.00118	0.00498	0.00534	0.00440	0.70698
68	0.02096	0.40971	0.02798	0.01429	0.01917	0.26104	0.01233	0.02553	0.11306	0.01845	0.01272	0.01376	0.01072	0.00688	0.00546	0.00172	0.00891	0.00458	0.00377	0.00896
69	0.01125	0.09291	0.01196	0.00915	0.01032	0.00974	0.00654	0.01248	0.01122	0.01547	0.01961	0.03485	0.02057	0.40503	0.24360	0.00721	0.01031	0.00836	0.05389	0.00553
70	0.01621	0.01118	0.01651	0.05221	0.19810	0.01101	0.01269	0.02033	0.05845	0.14548	0.10325	0.13096	0.05898	0.01252	0.00787	0.00244	0.00612	0.12077	0.00608	0.00884
71	0.02014	0.04420	0.25014	0.01688	0.02355	0.05838	0.04144	0.14143	0.18710	0.11755	0.01899	0.01896	0.01360	0.00787	0.00684	0.00218	0.00822	0.00630	0.00546	0.01076
72	0.02200	0.02795	0.09371	0.01926	0.07371	0.44470	0.01499	0.04571	0.01797	0.01949	0.01198	0.01453	0.00986	0.00773	0.00820	0.00200	0.09456	0.00508	0.05808	0.00851

[dist]
# distance from previous block
# <min> <max>
0	2

[block]
# block no. 8 follows, 30 sequences, length 67
# corresponding to MSA columns:
# 408-474
name=unknown_I
#
# <colnr> <probs for GDERKNQSTAVLIFYWHMCP>
#	G	D	E	R	K	N	Q	S	T	A	V	L	I	F	Y	W	H	M	C	P
0	0.01353	0.00911	0.01166	0.01138	0.01397	0.00859	0.00923	0.01751	0.06681	0.09056	0.10516	0.12269	0.05744	0.05118	0.00960	0.00276	0.00549	0.27723	0.00643	0.10965
1	0.01388	0.01178	0.01384	0.01027	0.01590	0.00894	0.00809	0.01679	0.01436	0.02225	0.01498	0.08726	0.01388	0.00682	0.00554	0.00121	0.00506	0.00569	0.00437	0.71908
2	0.02125	0.11818	0.29288	0.01667	0.02402	0.05218	0.01759	0.23455	0.02127	0.11349	0.01527	0.01594	0.01086	0.00737	0.00650	0.00206	0.00869	0.00553	0.00496	0.01072
3	0.00836	0.00664	0.00751	0.00821	0.00973	0.00579	0.00581	0.00989	0.01481	0.01840	0.05677	0.36223	0.42231	0.01948	0.00853	0.00256	0.00376	0.01694	0.00648	0.00579
4	0.11770	0.12873	0.02078	0.01417	0.01927	0.02080	0.01185	0.35396	0.18371	0.03483	0.01757	0.01744	0.01312	0.00804	0.00631	0.00208	0.00686	0.00597	0.00609	0.01071
5	0.01988	0.55104	0.06105	0.01422	0.01993	0.16897	0.04097	0.02242	0.01544	0.01703	0.01022	0.01194	0.00903	0.00624	0.00509	0.00162	0.00880	0.00413	0.00313	0.00885
6	0.00872	0.00617	0.00803	0.00943	0.00978	0.00582	0.00617	0.00977	0.01293	0.01724	0.03624	0.65528	0.04335	0.12060	0.01249	0.00336	0.00441	0.01853	0.00617	0.00547
7	0.01772	0.01977	0.09037	0.01781	0.02279	0.11726	0.15175	0.02953	0.33718	0.02509	0.02091	0.02151	0.01582	0.00801	0.00699	0.00221	0.00810	0.00709	0.07025	0.00984
8	0.08461	0.05651	0.14715	0.01997	0.12388	0.01549	0.08754	0.11277	0.01837	0.16012	0.04287	0.06716	0.01584	0.00835	0.00688	0.00218	0.00775	0.00722	0.00525	0.01010
9	0.00969	0.00657	0.00775	0.00820	0.00831	0.00646	0.00485	0.01003	0.01104	0.01472	0.02656	0.24136	0.03114	0.55118	0.02813	0.00567	0.00601	0.01284	0.00485	0.00463
10	0.00997	0.00748	0.01121	0.01121	0.01246	0.00872	0.00872	0.01246	0.01121	0.01620	0.01869	0.02741	0.01745	0.05234	0.72710	0.01121	0.01869	0.00748	0.00374	0.00623
11	0.01659	0.01681	0.03142	0.11350	0.43590	0.01679	0.22212	0.02131	0.01586	0.02213	0.01335	0.01788	0.01072	0.00620	0.00732	0.00218	0.00945	0.00683	0.00344	0.01020
12	0.01861	0.09949	0.28283	0.05612	0.12570	0.12396	0.07445	0.04554	0.01670	0.07301	0.01345	0.01568	0.01008	0.00675	0.00660	0.00207	0.00974	0.00555	0.00373	0.00992
13	0.03004	0.01391	0.01745	0.01338	0.01883	0.01327	0.01105	0.20733	0.02338	0.53794	0.02467	0.02190	0.01584	0.00857	0.00701	0.00214	0.00640	0.00682	0.00820	0.01187
14	0.01799	0.01667	0.02723	0.07407	0.61067	0.01703	0.02051	0.08719	0.01747	0.02465	0.01345	0.01728	0.01105	0.00647	0.00692	0.00209	0.00828	0.00622	0.00379	0.01097
15	0.01761	0.01407	0.04604	0.02375	0.25085	0.01310	0.07232	0.02322	0.10097	0.14696	0.08383	0.10513	0.05110	0.00994	0.00745	0.00226	0.00680	0.00912	0.00565	0.00983
16	0.01398	0.01082	0.01675	0.35755	0.07916	0.01215	0.01451	0.03470	0.01517	0.06783	0.02179	0.16002	0.02078	0.01124	0.00748	0.00244	0.00727	0.08165	0.05693	0.00777
17	0.01061	0.00764	0.01006	0.03002	0.01193	0.00817	0.00767	0.01273	0.03143	0.01645	0.02406	0.04581	0.02553	0.34574	0.23760	0.00712	0.01033	0.14691	0.00459	0.00559
18	0.01852	0.68550	0.03575	0.01500	0.08651	0.02652	0.01288	0.02095	0.01435	0.01705	0.01004	0.01180	0.00916	0.00599	0.00472	0.00155	0.00754	0.00398	0.00303	0.00916
19	0.02212	0.02001	0.17797	0.04184	0.02262	0.06143	0.03697	0.08910	0.12432	0.25869	0.05732	0.02182	0.01700	0.00833	0.00699	0.00219	0.00765	0.00680	0.00619	0.01063
20	0.01866	0.75896	0.03657	0.01194	0.01791	0.02761	0.01194	0.02090	0.01418	0.01642	0.00970	0.01119	0.00896	0.00597	0.00448	0.00149	0.00746	0.00373	0.00299	0.00896
21	0.01808	0.04161	0.28321	0.02108	0.16332	0.01428	0.01807	0.02369	0.03676	0.14700	0.01573	0.01707	0.01146	0.00671	0.00645	0.00194	0.00795	0.00556	0.00442	0.15561
22	0.06642	0.13603	0.33997	0.01677	0.02387	0.04072	0.06349	0.02259	0.07077	0.05461	0.01654	0.08831	0.01401	0.00832	0.00654	0.00217	0.00853	0.00681	0.00406	0.00947
23	0.01015	0.00677	0.00761	0.00761	0.00761	0.00677	0.00423	0.01015	0.01015	0.01353	0.02199	0.04567	0.02537	0.75476	0.03552	0.00677	0.00677	0.01015	0.00423	0.00423
24	0.01620	0.02014	0.16803	0.10694	0.50706	0.01640	0.02210	0.02120	0.01546	0.02216	0.01293	0.01689	0.01043	0.00638	0.00686	0.00213	0.00880	0.00600	0.00332	0.01058
25	0.01721	0.01425	0.05282	0.09989	0.24091	0.03127	0.04051	0.02146	0.04668	0.13947	0.02452	0.12210	0.06451	0.01038	0.00746	0.00232	0.00724	0.04245	0.00520	0.00938
26	0.01827	0.01673	0.02164	0.31489	0.22454	0.13420	0.01735	0.02204	0.01610	0.08858	0.01434	0.01809	0.01095	0.00702	0.00674	0.00212	0.00894	0.00602	0.04236	0.00908
27	0.02860	0.01623	0.01889	0.01448	0.01998	0.01671	0.01196	0.40481	0.02725	0.33497	0.02142	0.01978	0.01421	0.00849	0.00700	0.00212	0.00693	0.00660	0.00770	0.01187
28	0.01512	0.01504	0.02751	0.37569	0.24610	0.01629	0.16305	0.01988	0.01508	0.02030	0.01299	0.01825	0.01011	0.00651	0.00723	0.00225	0.00952	0.00664	0.00330	0.00911
29	0.01773	0.02290	0.22504	0.14784	0.14374	0.05901	0.12596	0.09568	0.01761	0.05746	0.01395	0.01700	0.01031	0.00683	0.00703	0.00219	0.00967	0.00617	0.00391	0.00997
30	0.01631	0.01690	0.08757	0.17312	0.02603	0.11816	0.06962	0.04185	0.01586	0.07124	0.01852	0.02894	0.01644	0.05397	0.11844	0.00393	0.01068	0.10002	0.00436	0.00803
31	0.01317	0.00802	0.01085	0.04674	0.01345	0.00751	0.00779	0.01624	0.01886	0.13123	0.50223	0.11516	0.05361	0.01379	0.00805	0.00226	0.00408	0.01215	0.00747	0.00736
32	0.00973	0.00713	0.00891	0.00861	0.01020	0.00657	0.00639	0.01246	0.01803	0.02480	0.50843	0.05514	0.15837	0.08831	0.01100	0.00272	0.00383	0.04604	0.00709	0.00624
33	0.01752	0.01536	0.02387	0.05082	0.43500	0.01626	0.01796	0.07610	0.04905	0.04903	0.01687	0.04286	0.01491	0.00873	0.00879	0.00231	0.08038	0.05962	0.00438	0.01020
34	0.00850	0.00607	0.00810	0.00972	0.01012	0.00567	0.00648	0.00972	0.01336	0.01781	0.03846	0.75020	0.04615	0.02186	0.00891	0.00283	0.00405	0.01984	0.00648	0.00567
35	0.01647	0.01882	0.04118	0.02941	0.03647	0.01765	0.68588	0.02235	0.01647	0.02235	0.01412	0.01882	0.01059	0.00588	0.00824	0.00235	0.01176	0.00824	0.00353	0.00941
36	0.17837	0.02138	0.09841	0.01505	0.02064	0.11548	0.01331	0.32490	0.02356	0.10178	0.01513	0.01558	0.01081	0.00767	0.00633	0.00209	0.00803	0.00549	0.00569	0.01032
37	0.52989	0.01546	0.01311	0.04655	0.01685	0.09195	0.00951	0.04174	0.01418	0.09626	0.01220	0.01387	0.00926	0.00853	0.02911	0.00245	0.03176	0.00457	0.00463	0.00814
38	0.01862	0.57997	0.08676	0.01469	0.02093	0.07565	0.07976	0.02163	0.01485	0.01748	0.01043	0.01231	0.00911	0.00610	0.00514	0.00165	0.00847	0.00434	0.00308	0.00904
39	0.01607	0.02476	0.35983	0.02002	0.10102	0.01410	0.06479	0.02187	0.01534	0.07953	0.01390	0.01597	0.01028	0.00633	0.00643	0.00190	0.00852	0.00538	0.00381	0.21012
40	0.01742	0.26335	0.11002	0.01267	0.01751	0.01732	0.01191	0.08672	0.06440	0.08827	0.09039	0.08810	0.02153	0.07078	0.00877	0.00240	0.00676	0.00767	0.00511	0.00890
41	0.02541	0.01368	0.01595	0.01260	0.01725	0.01387	0.01029	0.26946	0.04433	0.30907	0.02265	0.02173	0.01555	0.00846	0.00657	0.00203	0.00601	0.00667	0.16766	0.01075
42	0.01112	0.00925	0.01322	0.16454	0.07875	0.00976	0.01075	0.01514	0.07120	0.02059	0.11967	0.32925	0.08932	0.01507	0.00804	0.00250	0.00549	0.01349	0.00572	0.00714
43	0.01590	0.03304	0.12630	0.04536	0.10911	0.03260	0.05548	0.08460	0.01677	0.07810	0.05311	0.08839	0.05392	0.09530	0.05812	0.00335	0.00835	0.02866	0.00492	0.00860
44	0.01768	0.00969	0.01201	0.01032	0.01356	0.00895	0.00809	0.08281	0.01980	0.24061	0.25145	0.09490	0.17489	0.01322	0.00779	0.00225	0.00464	0.01124	0.00758	0.00852
45	0.01212	0.00606	0.00909	0.00909	0.00909	0.00606	0.00606	0.00909	0.00909	0.01212	0.01212	0.02121	0.01212	0.02424	0.02727	0.79697	0.00606	0.00606	0.00303	0.00303
46	0.01592	0.01816	0.11831	0.19307	0.42605	0.01634	0.02086	0.02174	0.06050	0.02202	0.01390	0.01781	0.01104	0.00666	0.00690	0.00217	0.00860	0.00618	0.00355	0.01022
47	0.01550	0.01186	0.05185	0.02004	0.21217	0.01033	0.01255	0.01851	0.01625	0.14175	0.10296	0.23655	0.06342	0.01318	0.00782	0.00239	0.00591	0.04238	0.00594	0.00866
48	0.00865	0.00671	0.00769	0.00820	0.00962	0.00595	0.00575	0.01023	0.01493	0.01896	0.11857	0.29960	0.36002	0.07951	0.01072	0.00287	0.00395	0.01591	0.00641	0.00575
49	0.01353	0.00790	0.00732	0.00720	0.00893	0.04336	0.00540	0.01671	0.01514	0.02565	0.05449	0.02656	0.01970	0.00837	0.00511	0.00166	0.00373	0.00669	0.71597	0.00659
50	0.01714	0.22169	0.29702	0.05290	0.08196	0.05552	0.03697	0.02376	0.08281	0.04725	0.01391	0.01565	0.01068	0.00680	0.00619	0.00201	0.00886	0.00531	0.00368	0.00989
51	0.01313	0.00860	0.01026	0.00941	0.01190	0.00797	0.00717	0.07225	0.01886	0.10592	0.28017	0.14095	0.25617	0.01516	0.00807	0.00232	0.00415	0.01302	0.00720	0.00732
52	0.02653	0.01955	0.02094	0.01606	0.02164	0.02164	0.01326	0.68796	0.03281	0.04398	0.01675	0.01675	0.01187	0.00838	0.00698	0.00209	0.00768	0.00628	0.00698	0.01187
53	0.01385	0.01624	0.12566	0.31267	0.23375	0.01445	0.01906	0.01839	0.01463	0.02002	0.01668	0.11192	0.01535	0.00896	0.00723	0.00233	0.00841	0.02792	0.00371	0.00880
54	0.01731	0.03563	0.08840	0.18837	0.20767	0.01489	0.04854	0.02197	0.03852	0.13022	0.05015	0.02271	0.05139	0.00818	0.00785	0.00223	0.04474	0.00706	0.00459	0.00957
55	0.01636	0.16512	0.51822	0.01792	0.02692	0.01852	0.02181	0.07494	0.01622	0.04405	0.01281	0.01453	0.00936	0.00671	0.00628	0.00207	0.00945	0.00504	0.00345	0.01024
56	0.00987	0.00681	0.00753	0.00753	0.00788	0.00664	0.00439	0.01013	0.01100	0.01432	0.02918	0.04884	0.12625	0.64590	0.03149	0.00611	0.00629	0.01082	0.00456	0.00447
57	0.06233	0.16829	0.18076	0.02123	0.06037	0.10209	0.22658	0.02312	0.01593	0.05717	0.01292	0.01547	0.00990	0.00641	0.00658	0.00205	0.00988	0.00584	0.00361	0.00947
58	0.01656	0.01907	0.11842	0.07574	0.53212	0.01656	0.07662	0.02139	0.01568	0.02241	0.01309	0.01714	0.01064	0.00628	0.00699	0.00213	0.00889	0.00625	0.00338	0.01065
59	0.00869	0.00696	0.00777	0.00784	0.00977	0.00604	0.00578	0.01076	0.01654	0.02100	0.22550	0.15227	0.46182	0.01737	0.00833	0.00238	0.00354	0.01487	0.00678	0.00604
60	0.00997	0.00748	0.01121	0.01121	0.01246	0.00872	0.00872	0.01246	0.01121	0.01620	0.01869	0.02741	0.01745	0.05234	0.72710	0.01121	0.01869	0.00748	0.00374	0.00623
61	0.01891	0.21297	0.04702	0.02770	0.35244	0.03985	0.01686	0.06502	0.08428	0.04922	0.01443	0.01655	0.01168	0.00674	0.00627	0.00195	0.00785	0.00568	0.00410	0.01048
62	0.01126	0.00996	0.01512	0.40329	0.03094	0.01130	0.01367	0.01469	0.01462	0.01842	0.03233	0.10973	0.19259	0.01248	0.00778	0.00248	0.00702	0.08077	0.00465	0.00693
63	0.00850	0.00607	0.00810	0.00972	0.01012	0.00567	0.00648	0.00972	0.01336	0.01781	0.03846	0.75020	0.04615	0.02186	0.00891	0.00283	0.00405	0.01984	0.00648	0.00567
64	0.18291	0.48129	0.03004	0.01331	0.01883	0.08326	0.06668	0.02152	0.01436	0.02007	0.01016	0.01197	0.00880	0.00617	0.00491	0.00173	0.00782	0.00418	0.00336	0.00863
65	0.00892	0.00710	0.00800	0.00778	0.00984	0.00618	0.00583	0.01132	0.01750	0.02263	0.33396	0.06094	0.44278	0.01626	0.00824	0.00229	0.00343	0.01386	0.00698	0.00618
66	0.01792	0.01740	0.02265	0.16218	0.17222	0.09705	0.07109	0.08645	0.15760	0.02418	0.03723	0.01981	0.01417	0.00799	0.00819	0.00225	0.06068	0.00672	0.00459	0.00964

[dist]
# distance from previous block
# <min> <max>
0	1

[block]
# block no. 9 follows, 30 sequences, length 22
# corresponding to MSA columns:
# 476-497
name=unknown_J
#
# <colnr> <probs for GDERKNQSTAVLIFYWHMCP>
#	G	D	E	R	K	N	Q	S	T	A	V	L	I	F	Y	W	H	M	C	P
0	0.00861	0.00629	0.00789	0.00911	0.00979	0.00580	0.00609	0.00980	0.01349	0.01760	0.04219	0.57892	0.15056	0.08540	0.01113	0.00310	0.00420	0.01817	0.00628	0.00558
1	0.01392	0.11659	0.48499	0.07270	0.02751	0.01634	0.02113	0.02033	0.01464	0.02099	0.05487	0.01787	0.01303	0.01063	0.06306	0.00284	0.01013	0.00570	0.00331	0.00941
2	0.01602	0.05332	0.29205	0.01535	0.02128	0.11103	0.01608	0.02064	0.01529	0.08015	0.03941	0.02200	0.05318	0.01777	0.16585	0.00408	0.01121	0.00642	0.00409	0.03475
3	0.01205	0.00962	0.01446	0.16883	0.11502	0.01043	0.01176	0.01500	0.01398	0.01944	0.08983	0.03657	0.02419	0.15315	0.13337	0.00465	0.00888	0.09348	0.05836	0.00693
4	0.80405	0.01350	0.01026	0.00918	0.01350	0.01565	0.00756	0.02051	0.01188	0.03131	0.00972	0.01134	0.00756	0.00648	0.00432	0.00216	0.00540	0.00378	0.00432	0.00756
5	0.01400	0.03610	0.71860	0.01989	0.03020	0.01621	0.02578	0.02210	0.01473	0.02210	0.01252	0.01473	0.00884	0.00663	0.00663	0.00221	0.01031	0.00516	0.00295	0.01031
