[name]
unknown

[dist]
# distance from previous block
# <min> <max>
0	579

[block]
# block no. 0 follows, 33 sequences, length 39
# corresponding to MSA columns:
# 579-617
name=unknown_A
#
# <colnr> <probs for GDERKNQSTAVLIFYWHMCP>
#	G	D	E	R	K	N	Q	S	T	A	V	L	I	F	Y	W	H	M	C	P
0	0.05623	0.00811	0.01053	0.01057	0.01190	0.00854	0.00808	0.01369	0.01396	0.08547	0.12017	0.35868	0.05790	0.01615	0.00965	0.00256	0.09931	0.09615	0.00592	0.00643
1	0.01915	0.43866	0.02637	0.01248	0.01728	0.11274	0.01117	0.08586	0.08167	0.05957	0.04159	0.01695	0.01339	0.00719	0.00534	0.00169	0.00723	0.02871	0.00419	0.00876
2	0.01549	0.01205	0.01409	0.01059	0.01563	0.01030	0.00842	0.10103	0.01572	0.06268	0.01450	0.05196	0.01253	0.04083	0.00712	0.00154	0.02671	0.00532	0.00455	0.56893
3	0.01749	0.08840	0.03959	0.21803	0.02624	0.18993	0.04458	0.11315	0.05852	0.02179	0.08679	0.01996	0.03237	0.00775	0.00641	0.00196	0.00836	0.00622	0.00427	0.00818
4	0.01699	0.05872	0.11077	0.01522	0.02080	0.01444	0.13338	0.17870	0.04157	0.07180	0.02212	0.04520	0.10429	0.00827	0.00658	0.00192	0.00708	0.00720	0.00495	0.13000
5	0.04937	0.09394	0.03886	0.03636	0.05622	0.11738	0.06436	0.19126	0.01896	0.06649	0.01544	0.08432	0.01321	0.00786	0.00617	0.00184	0.00748	0.00641	0.00472	0.11932
6	0.01192	0.00927	0.01101	0.00996	0.01214	0.00972	0.00770	0.10114	0.08444	0.02443	0.29916	0.04078	0.16939	0.04686	0.09540	0.00331	0.04002	0.01017	0.00613	0.00703
7	0.01149	0.00994	0.01559	0.50614	0.03272	0.01190	0.01355	0.01442	0.01198	0.01548	0.01469	0.02600	0.01379	0.25869	0.01549	0.00358	0.00798	0.00708	0.00328	0.00621
8	0.01793	0.04493	0.11357	0.05914	0.11085	0.01453	0.07525	0.14617	0.06668	0.12538	0.10155	0.02390	0.03558	0.00831	0.00680	0.00207	0.00708	0.02551	0.00531	0.00947
9	0.01760	0.02690	0.35792	0.01978	0.02716	0.12589	0.18060	0.06103	0.01640	0.08459	0.01340	0.01536	0.00962	0.00643	0.00661	0.00205	0.00987	0.00567	0.00369	0.00942
10	0.02915	0.01182	0.01566	0.01200	0.01711	0.01059	0.00992	0.08933	0.01987	0.67343	0.02511	0.02185	0.01586	0.00813	0.00662	0.00203	0.00574	0.00656	0.00802	0.01120
11	0.01398	0.02866	0.50438	0.02174	0.03045	0.01574	0.24907	0.02093	0.01444	0.02093	0.01231	0.01518	0.00889	0.00602	0.00676	0.00213	0.01018	0.00583	0.00296	0.00945
12	0.01676	0.01600	0.02766	0.18793	0.16054	0.04875	0.27815	0.07786	0.01645	0.06116	0.01421	0.03861	0.01114	0.00667	0.00705	0.00212	0.00918	0.00693	0.00385	0.00898
13	0.01592	0.04532	0.03138	0.02814	0.21481	0.03671	0.38066	0.02190	0.08042	0.02138	0.01506	0.02014	0.01221	0.00656	0.00721	0.00214	0.00932	0.03774	0.00373	0.00925
14	0.00802	0.00573	0.00764	0.00917	0.00955	0.00535	0.00611	0.00917	0.01260	0.01681	0.03628	0.76434	0.04354	0.02062	0.00840	0.00267	0.00382	0.01872	0.00611	0.00535
15	0.11812	0.01506	0.08041	0.01918	0.11189	0.01411	0.16134	0.02019	0.05549	0.08394	0.10922	0.02289	0.04957	0.00841	0.00854	0.00220	0.09916	0.00719	0.00457	0.00851
16	0.12092	0.01707	0.14440	0.01686	0.02143	0.01492	0.14769	0.03725	0.03650	0.11350	0.01628	0.04181	0.01366	0.00898	0.00970	0.00236	0.15662	0.06718	0.00437	0.00852
17	0.02427	0.01004	0.01358	0.01123	0.01517	0.00890	0.00911	0.02658	0.01722	0.54121	0.02710	0.06478	0.02102	0.08065	0.00952	0.00260	0.00565	0.09437	0.00740	0.00961
18	0.01542	0.01650	0.09082	0.28733	0.26147	0.01586	0.10546	0.08824	0.01592	0.02174	0.01255	0.01665	0.00967	0.00632	0.00668	0.00209	0.00869	0.00601	0.00344	0.00914
19	0.01540	0.19269	0.40754	0.06073	0.07406	0.01743	0.06208	0.02096	0.01419	0.05908	0.01214	0.01424	0.00908	0.00617	0.00596	0.00194	0.00881	0.00497	0.00316	0.00938
20	0.08045	0.01347	0.01924	0.09875	0.02241	0.01441	0.12532	0.07766	0.16965	0.16872	0.07865	0.02193	0.01756	0.00819	0.00762	0.00218	0.05194	0.00701	0.00561	0.00923
21	0.02172	0.20695	0.02438	0.01661	0.02073	0.47768	0.07679	0.02386	0.01680	0.01642	0.01017	0.01220	0.00862	0.00656	0.00625	0.00172	0.03695	0.00445	0.00323	0.00793
22	0.00862	0.00618	0.00769	0.00839	0.00897	0.00597	0.00554	0.00965	0.01194	0.01581	0.05129	0.37927	0.11467	0.24724	0.08404	0.00445	0.00580	0.01415	0.00526	0.00504
23	0.24539	0.01232	0.01291	0.01019	0.01484	0.01196	0.00824	0.12093	0.01655	0.07762	0.10484	0.01835	0.01646	0.00702	0.00540	0.00165	0.00511	0.00534	0.00508	0.29979
24	0.01316	0.09851	0.40809	0.01802	0.02513	0.01485	0.14666	0.01873	0.01393	0.01966	0.01614	0.14630	0.01485	0.00859	0.00672	0.00215	0.00868	0.00771	0.00347	0.00867
25	0.00950	0.00668	0.00868	0.00868	0.00920	0.00720	0.00586	0.01054	0.01002	0.01388	0.01937	0.03547	0.02063	0.45062	0.34701	0.00824	0.01136	0.00846	0.00378	0.00482
26	0.00843	0.00641	0.00735	0.00763	0.00920	0.00568	0.00553	0.01035	0.01511	0.01978	0.19928	0.23835	0.36622	0.01649	0.00776	0.00227	0.00339	0.01427	0.05084	0.00568
27	0.01613	0.01505	0.01702	0.14417	0.07816	0.12742	0.04318	0.12556	0.08533	0.02352	0.09788	0.10945	0.03846	0.00965	0.00684	0.00209	0.00714	0.00825	0.03656	0.00814
28	0.02146	0.01661	0.11786	0.01535	0.02079	0.01388	0.10188	0.21863	0.02048	0.25430	0.02169	0.09146	0.03678	0.00894	0.00692	0.00212	0.00711	0.00771	0.00608	0.00996
29	0.01035	0.00647	0.00872	0.00978	0.01074	0.00603	0.00701	0.01186	0.01351	0.08362	0.03515	0.60797	0.04029	0.01916	0.00832	0.00266	0.00427	0.10181	0.00629	0.00598
30	0.02511	0.01328	0.01569	0.01230	0.01694	0.01338	0.01008	0.27172	0.05397	0.36165	0.02178	0.02041	0.01471	0.00803	0.00635	0.00196	0.00585	0.00635	0.10992	0.01051
31	0.05401	0.20355	0.12923	0.18022	0.02657	0.11174	0.06035	0.05944	0.01560	0.08284	0.01239	0.01461	0.00940	0.00645	0.00584	0.00189	0.00851	0.00503	0.00368	0.00864
32	0.01069	0.01681	0.26845	0.01272	0.01734	0.00972	0.04006	0.01520	0.01595	0.02256	0.31986	0.10027	0.10080	0.01151	0.00728	0.00215	0.00587	0.01002	0.00529	0.00743
33	0.00810	0.00629	0.00709	0.00766	0.00891	0.00559	0.00528	0.00936	0.01342	0.01677	0.04952	0.31942	0.38269	0.11550	0.01134	0.00293	0.00391	0.01511	0.00584	0.00528
34	0.09150	0.10869	0.01351	0.00933	0.01236	0.01092	0.00755	0.01968	0.01484	0.21256	0.09952	0.05309	0.02127	0.08196	0.00884	0.00231	0.02739	0.00713	0.18985	0.00770
35	0.02136	0.05739	0.03832	0.03379	0.09564	0.38716	0.01288	0.08665	0.01839	0.07510	0.03306	0.08153	0.01406	0.00823	0.00632	0.00188	0.00923	0.00626	0.00433	0.00839
36	0.03512	0.05336	0.21268	0.03296	0.02180	0.01460	0.06273	0.05891	0.12287	0.07908	0.01518	0.01642	0.01137	0.00679	0.00682	0.00187	0.04571	0.00542	0.00435	0.19197
37	0.07466	0.01763	0.08345	0.01702	0.04197	0.10612	0.12613	0.08999	0.08098	0.02262	0.03592	0.12370	0.01656	0.00950	0.00868	0.00221	0.10397	0.00781	0.00445	0.02665
38	0.04075	0.01434	0.01512	0.01501	0.10493	0.13785	0.01030	0.05511	0.01792	0.18725	0.19169	0.02511	0.02447	0.00855	0.00643	0.00185	0.00622	0.00703	0.05028	0.07979

[dist]
# distance from previous block
# <min> <max>
2	15

[block]
# block no. 1 follows, 33 sequences, length 17
# corresponding to MSA columns:
# 633-649
name=unknown_B
#
# <colnr> <probs for GDERKNQSTAVLIFYWHMCP>
#	G	D	E	R	K	N	Q	S	T	A	V	L	I	F	Y	W	H	M	C	P
0	0.20048	0.09292	0.07569	0.01078	0.01400	0.05657	0.00930	0.01631	0.04462	0.02031	0.02260	0.19855	0.07560	0.01691	0.11419	0.00338	0.00752	0.00886	0.00448	0.00694
1	0.08872	0.01110	0.01274	0.01064	0.01444	0.01078	0.00846	0.15900	0.01868	0.24412	0.03157	0.13683	0.16302	0.01133	0.00680	0.00210	0.00513	0.00934	0.00655	0.04865
2	0.01321	0.01250	0.02116	0.60863	0.18342	0.01483	0.01867	0.01751	0.01353	0.01777	0.01184	0.01730	0.00911	0.00644	0.00657	0.00215	0.00858	0.00585	0.00299	0.00794
3	0.01501	0.01658	0.03384	0.02488	0.02998	0.01690	0.53647	0.01961	0.01424	0.01979	0.01264	0.01752	0.01005	0.00888	0.04710	0.00276	0.15471	0.00735	0.00325	0.00841
4	0.00839	0.00658	0.00817	0.04836	0.01157	0.00612	0.00672	0.01008	0.01380	0.01744	0.04683	0.38758	0.30994	0.01810	0.00812	0.00250	0.00409	0.07407	0.00594	0.00560
5	0.02954	0.01120	0.01528	0.01171	0.01681	0.00968	0.00968	0.03208	0.01884	0.73213	0.02597	0.02241	0.01630	0.00815	0.00662	0.00204	0.00560	0.00662	0.00815	0.01120
6	0.55202	0.01222	0.01155	0.00968	0.01410	0.01306	0.00798	0.02362	0.01376	0.26486	0.01480	0.01462	0.01020	0.00679	0.00493	0.00204	0.00526	0.00459	0.00544	0.00849
7	0.00835	0.00631	0.00772	0.00818	0.00945	0.00567	0.00582	0.01025	0.01515	0.02004	0.25675	0.34268	0.24513	0.01728	0.00803	0.00236	0.00346	0.01523	0.00646	0.00567
8	0.01198	0.00819	0.01020	0.01056	0.01223	0.00828	0.00785	0.01712	0.15608	0.08222	0.07021	0.42650	0.03672	0.01649	0.00795	0.00254	0.00449	0.09690	0.00646	0.00702
9	0.00845	0.00614	0.00756	0.00851	0.00920	0.00573	0.00576	0.00957	0.01257	0.01634	0.03836	0.45379	0.15821	0.17117	0.01342	0.00337	0.00439	0.05663	0.00568	0.00515
10	0.01629	0.01564	0.02672	0.04041	0.72757	0.01564	0.02020	0.02020	0.01499	0.02151	0.01238	0.01629	0.01043	0.00587	0.00652	0.00196	0.00782	0.00587	0.00326	0.01043
11	0.02459	0.03138	0.01866	0.01696	0.02035	0.74221	0.01272	0.02629	0.01866	0.01611	0.01018	0.01187	0.00848	0.00678	0.00594	0.00170	0.01187	0.00424	0.00339	0.00763
12	0.02154	0.01111	0.01291	0.01051	0.01427	0.01112	0.00848	0.17940	0.05134	0.28179	0.02204	0.02179	0.01552	0.00795	0.00587	0.00185	0.00502	0.00632	0.30187	0.00930
13	0.00891	0.00651	0.00738	0.00734	0.00834	0.00605	0.00484	0.01010	0.01319	0.01724	0.17897	0.08142	0.24386	0.35556	0.01942	0.00409	0.00468	0.01174	0.00539	0.00497
14	0.02041	0.04730	0.20090	0.03778	0.02263	0.01747	0.03536	0.36775	0.04232	0.08101	0.05055	0.01761	0.01340	0.00762	0.00652	0.00201	0.00765	0.00601	0.00543	0.01028
15	0.16572	0.01159	0.01373	0.10947	0.01838	0.01216	0.00961	0.12466	0.01679	0.25127	0.01840	0.02193	0.01406	0.12393	0.01014	0.00268	0.00614	0.00628	0.05454	0.00853
16	0.01575	0.11607	0.02382	0.09192	0.40786	0.06024	0.01616	0.01995	0.05270	0.02045	0.06409	0.02035	0.04853	0.00716	0.00634	0.00192	0.00737	0.00634	0.00378	0.00920

[dist]
# distance from previous block
# <min> <max>
3	6

[block]
# block no. 2 follows, 33 sequences, length 6
# corresponding to MSA columns:
# 656-661
name=unknown_C
#
# <colnr> <probs for GDERKNQSTAVLIFYWHMCP>
#	G	D	E	R	K	N	Q	S	T	A	V	L	I	F	Y	W	H	M	C	P
0	0.01704	0.09389	0.23393	0.01458	0.02069	0.01292	0.07797	0.02133	0.01541	0.18844	0.07317	0.07924	0.01762	0.00815	0.00642	0.00194	0.00707	0.00698	0.00485	0.09836
1	0.01949	0.01611	0.02155	0.11719	0.34055	0.09572	0.01599	0.10080	0.01752	0.13459	0.01559	0.04826	0.01241	0.00727	0.00656	0.00200	0.00781	0.00635	0.00451	0.00973
2	0.05880	0.01290	0.01587	0.20823	0.02398	0.06931	0.01212	0.06913	0.01722	0.30067	0.02239	0.02644	0.05075	0.00893	0.00673	0.00215	0.00695	0.07273	0.00578	0.00891
3	0.07955	0.09052	0.05590	0.13638	0.07920	0.28882	0.05528	0.02347	0.07227	0.04068	0.01251	0.01471	0.00983	0.00664	0.00600	0.00190	0.00923	0.00508	0.00368	0.00834
4	0.01285	0.00954	0.01373	0.07130	0.15183	0.00965	0.01037	0.01620	0.04741	0.07271	0.18160	0.03819	0.05533	0.15829	0.04865	0.00342	0.00639	0.08014	0.00522	0.00719
5	0.01008	0.00607	0.00873	0.00908	0.00944	0.00625	0.00627	0.00950	0.01001	0.01362	0.01907	0.19152	0.02065	0.07546	0.18654	0.39242	0.00806	0.00921	0.00382	0.00419

[dist]
# distance from previous block
# <min> <max>
0	1

[block]
# block no. 3 follows, 33 sequences, length 8
# corresponding to MSA columns:
# 663-670
name=unknown_D
#
# <colnr> <probs for GDERKNQSTAVLIFYWHMCP>
#	G	D	E	R	K	N	Q	S	T	A	V	L	I	F	Y	W	H	M	C	P
0	0.04965	0.02022	0.02151	0.01719	0.02149	0.23872	0.13072	0.14899	0.01923	0.16471	0.01469	0.01593	0.01076	0.00753	0.00811	0.00204	0.08871	0.00577	0.00488	0.00914
1	0.01145	0.00852	0.01023	0.01003	0.01177	0.00866	0.00752	0.08737	0.08739	0.02313	0.21911	0.23679	0.07432	0.08374	0.01020	0.00275	0.00460	0.08941	0.00633	0.00669
2	0.01662	0.01214	0.01419	0.01143	0.01605	0.01119	0.00923	0.12763	0.09464	0.09496	0.01958	0.06883	0.01705	0.00861	0.00622	0.00172	0.00543	0.08359	0.00543	0.37546
3	0.01722	0.12293	0.23651	0.04683	0.02550	0.01706	0.16172	0.09626	0.05086	0.08618	0.01409	0.01591	0.01038	0.00666	0.00692	0.00201	0.03585	0.00574	0.00404	0.03735
4	0.10840	0.23176	0.24405	0.01465	0.02093	0.10745	0.03759	0.02095	0.01411	0.04462	0.01100	0.01278	0.00869	0.00626	0.00591	0.00179	0.03475	0.00439	0.00330	0.06661
5	0.01511	0.01103	0.01232	0.01066	0.01415	0.01122	0.00833	0.05647	0.27790	0.09521	0.13786	0.03265	0.13671	0.01020	0.00670	0.00199	0.00457	0.00853	0.04804	0.10034
6	0.01327	0.09836	0.01855	0.11840	0.20469	0.01350	0.01275	0.01858	0.13011	0.01967	0.02203	0.25858	0.02227	0.01121	0.00690	0.00220	0.00614	0.01000	0.00465	0.00814
7	0.01894	0.01640	0.02083	0.07245	0.10286	0.11743	0.10512	0.10662	0.07203	0.11403	0.01585	0.01909	0.01247	0.04809	0.05492	0.00285	0.08018	0.00637	0.00459	0.00889

[dist]
# distance from previous block
# <min> <max>
0	1

[block]
# block no. 4 follows, 33 sequences, length 12
# corresponding to MSA columns:
# 672-683
name=unknown_E
#
# <colnr> <probs for GDERKNQSTAVLIFYWHMCP>
#	G	D	E	R	K	N	Q	S	T	A	V	L	I	F	Y	W	H	M	C	P
0	0.01721	0.05498	0.18297	0.01845	0.13317	0.05599	0.03336	0.02114	0.01480	0.17088	0.01714	0.02153	0.01365	0.01621	0.16048	0.00383	0.01004	0.04083	0.00438	0.00895
1	0.00978	0.00687	0.00819	0.00854	0.01033	0.00611	0.00649	0.01166	0.01488	0.06512	0.09062	0.23944	0.36462	0.01715	0.00806	0.00244	0.00400	0.11342	0.00631	0.00599
2	0.01589	0.01538	0.02669	0.10757	0.62620	0.01560	0.05594	0.01993	0.01484	0.02104	0.01237	0.01649	0.01025	0.00592	0.00659	0.00199	0.00808	0.00596	0.00323	0.01005
3	0.01706	0.01538	0.04204	0.12363	0.06600	0.09809	0.05765	0.15797	0.01876	0.07101	0.11868	0.09368	0.04490	0.00968	0.00749	0.00212	0.03418	0.00818	0.00513	0.00837
4	0.01759	0.01694	0.02386	0.06438	0.04991	0.11979	0.24518	0.15704	0.01846	0.04495	0.01797	0.15825	0.01651	0.00921	0.00723	0.00216	0.00863	0.00875	0.00464	0.00852
5	0.00896	0.00659	0.00856	0.00949	0.01070	0.00618	0.00728	0.01108	0.01476	0.01943	0.15668	0.32796	0.15399	0.01806	0.00840	0.00261	0.00428	0.21295	0.00629	0.00574
6	0.00823	0.00598	0.00762	0.00867	0.00935	0.00553	0.00586	0.00956	0.01329	0.01764	0.10952	0.56546	0.11994	0.06844	0.00991	0.00280	0.00386	0.01688	0.00609	0.00537
7	0.02107	0.05869	0.13848	0.01509	0.01961	0.29286	0.01345	0.02473	0.04732	0.16825	0.04895	0.04228	0.01433	0.00812	0.00729	0.00197	0.05823	0.00590	0.00465	0.00872
8	0.09251	0.00970	0.01161	0.01016	0.01316	0.00943	0.00791	0.09880	0.01804	0.22055	0.21031	0.17854	0.06783	0.01225	0.00709	0.00218	0.00462	0.01043	0.00683	0.00805
9	0.00882	0.00664	0.00834	0.00930	0.01064	0.00615	0.00719	0.01082	0.01443	0.01850	0.08044	0.30170	0.24711	0.01831	0.00840	0.00262	0.00434	0.22443	0.00616	0.00568
10	0.05411	0.05216	0.02144	0.06757	0.28183	0.05328	0.05726	0.11758	0.04983	0.02336	0.01718	0.14211	0.01610	0.00886	0.00668	0.00209	0.00725	0.00792	0.00439	0.00900
11	0.01861	0.01532	0.01898	0.01527	0.01956	0.05184	0.11378	0.19907	0.25166	0.07402	0.12783	0.02432	0.02194	0.00870	0.00695	0.00210	0.00664	0.00758	0.00618	0.00965

[dist]
# distance from previous block
# <min> <max>
6	9

[block]
# block no. 5 follows, 33 sequences, length 16
# corresponding to MSA columns:
# 693-708
name=unknown_F
#
# <colnr> <probs for GDERKNQSTAVLIFYWHMCP>
#	G	D	E	R	K	N	Q	S	T	A	V	L	I	F	Y	W	H	M	C	P
0	0.23768	0.01570	0.01304	0.06113	0.01675	0.19224	0.00972	0.08098	0.01560	0.02262	0.01871	0.20522	0.01913	0.01092	0.00635	0.00218	0.00696	0.05324	0.00470	0.00712
1	0.02600	0.01199	0.01517	0.01216	0.01689	0.01147	0.00988	0.03286	0.20583	0.54306	0.02619	0.02299	0.01732	0.00836	0.00664	0.00209	0.00550	0.00684	0.00776	0.01099
2	0.02483	0.01197	0.01507	0.01183	0.01631	0.01139	0.00966	0.17599	0.02146	0.45110	0.15211	0.02588	0.02360	0.00907	0.00682	0.00203	0.00550	0.00744	0.00764	0.01028
3	0.01227	0.00614	0.00614	0.00614	0.00767	0.00614	0.00460	0.01534	0.01381	0.02454	0.02148	0.02454	0.01687	0.00767	0.00460	0.00153	0.00307	0.00614	0.80518	0.00614
4	0.01680	0.01576	0.03103	0.02280	0.02848	0.01521	0.48329	0.04607	0.07300	0.09585	0.01624	0.01952	0.01214	0.01044	0.07906	0.00301	0.01055	0.00749	0.00424	0.00903
5	0.01339	0.00768	0.00979	0.00871	0.01116	0.00683	0.00673	0.01610	0.01798	0.17708	0.44730	0.04612	0.17937	0.01293	0.00752	0.00209	0.00369	0.01115	0.00722	0.00716
6	0.01240	0.00740	0.00894	0.00842	0.01075	0.00645	0.00635	0.01441	0.01599	0.16004	0.17517	0.18154	0.33682	0.01512	0.00766	0.00224	0.00383	0.01298	0.00672	0.00675
7	0.02693	0.01538	0.01786	0.01370	0.01889	0.01588	0.01131	0.42096	0.02583	0.33338	0.02010	0.01860	0.01335	0.00801	0.00660	0.00200	0.00655	0.00622	0.00725	0.01120
8	0.01292	0.01176	0.01912	0.25750	0.29737	0.01256	0.01588	0.01645	0.01425	0.01908	0.02184	0.08643	0.08032	0.00982	0.00713	0.00225	0.00718	0.09610	0.00400	0.00804
9	0.00802	0.00652	0.00714	0.00758	0.00935	0.00565	0.00562	0.00967	0.01449	0.01770	0.05790	0.21773	0.52973	0.01764	0.00800	0.00238	0.00362	0.05960	0.00611	0.00555
10	0.26231	0.01287	0.01416	0.01140	0.01609	0.01320	0.00935	0.11656	0.08082	0.36874	0.01970	0.01824	0.01323	0.00758	0.00586	0.00205	0.00563	0.00569	0.00660	0.00992
11	0.01265	0.01515	0.13142	0.33656	0.14952	0.01333	0.05647	0.01709	0.01413	0.01929	0.07516	0.09730	0.01722	0.00840	0.00688	0.00218	0.00790	0.00767	0.00368	0.00800
12	0.00844	0.00664	0.00769	0.00806	0.00978	0.00589	0.00612	0.01044	0.01523	0.01930	0.16600	0.17729	0.41415	0.01699	0.00805	0.00238	0.00373	0.10183	0.00629	0.00570
13	0.01378	0.13057	0.64305	0.01778	0.02698	0.01670	0.02262	0.02070	0.01383	0.02015	0.01147	0.01346	0.00835	0.00617	0.00599	0.00200	0.00938	0.00469	0.00278	0.00956
14	0.00811	0.00580	0.00772	0.00911	0.00957	0.00540	0.00612	0.00938	0.01300	0.01744	0.08200	0.71680	0.04478	0.02015	0.00836	0.00263	0.00377	0.01826	0.00619	0.00540
15	0.01868	0.01587	0.09183	0.14811	0.02389	0.01394	0.01302	0.21435	0.01917	0.11910	0.01474	0.01614	0.01069	0.00662	0.00604	0.00174	0.00686	0.00529	0.00492	0.24900

[dist]
# distance from previous block
# <min> <max>
0	2

[block]
# block no. 6 follows, 33 sequences, length 19
# corresponding to MSA columns:
# 711-729
name=unknown_G
#
# <colnr> <probs for GDERKNQSTAVLIFYWHMCP>
#	G	D	E	R	K	N	Q	S	T	A	V	L	I	F	Y	W	H	M	C	P
0	0.06544	0.01281	0.01539	0.17550	0.02188	0.04149	0.01166	0.11024	0.12546	0.07747	0.01791	0.06065	0.01453	0.01087	0.04660	0.00260	0.08213	0.00677	0.09233	0.00828
1	0.04717	0.08298	0.02269	0.02106	0.14779	0.32650	0.10844	0.02152	0.01597	0.01826	0.01373	0.09652	0.01287	0.00799	0.00678	0.00194	0.02948	0.00658	0.00362	0.00809
2	0.26621	0.01603	0.09558	0.12750	0.13002	0.01562	0.01373	0.06452	0.16328	0.02575	0.01448	0.01619	0.01102	0.00687	0.00578	0.00209	0.00673	0.00537	0.00435	0.00890
3	0.01309	0.00781	0.00997	0.00926	0.01007	0.00812	0.00636	0.11535	0.01222	0.01633	0.01422	0.02461	0.01424	0.19001	0.02457	0.50297	0.00610	0.00663	0.00369	0.00439
4	0.01534	0.01520	0.09421	0.01157	0.01776	0.01127	0.01035	0.12237	0.01632	0.02445	0.01234	0.01401	0.00982	0.00549	0.00529	0.00125	0.00577	0.00432	0.00419	0.59868
5	0.01426	0.21155	0.56629	0.01696	0.02571	0.01787	0.02118	0.02058	0.01377	0.01956	0.01117	0.01310	0.00837	0.00610	0.00577	0.00192	0.00908	0.00454	0.00279	0.00942
6	0.00867	0.00600	0.00745	0.00834	0.00856	0.00578	0.00522	0.00934	0.01134	0.01512	0.02978	0.46262	0.03534	0.33354	0.01890	0.00423	0.00489	0.01489	0.00522	0.00478
7	0.00859	0.00606	0.00738	0.00819	0.00859	0.00576	0.00521	0.00935	0.01168	0.01537	0.03322	0.42710	0.09909	0.30285	0.01783	0.00403	0.00474	0.01482	0.00531	0.00485
8	0.01603	0.19542	0.06948	0.01318	0.01774	0.01743	0.01189	0.09552	0.01469	0.02089	0.01082	0.01336	0.00924	0.00712	0.00911	0.00173	0.19034	0.00456	0.00362	0.27783
9	0.01406	0.01072	0.01305	0.01429	0.12144	0.03934	0.00927	0.08974	0.01637	0.08709	0.06621	0.07156	0.24675	0.07763	0.08967	0.00338	0.00682	0.00977	0.00540	0.00745
10	0.00816	0.00614	0.00759	0.00860	0.00961	0.00557	0.00606	0.00964	0.01367	0.01764	0.07263	0.49957	0.23446	0.01909	0.00824	0.00254	0.00378	0.05537	0.00615	0.00548
11	0.01053	0.00976	0.01210	0.01133	0.01321	0.07485	0.08358	0.01262	0.01487	0.01887	0.14224	0.36997	0.16878	0.01584	0.00789	0.00236	0.00517	0.01421	0.00573	0.00612
12	0.10097	0.13650	0.09376	0.09430	0.02136	0.12760	0.01290	0.07260	0.13284	0.04914	0.01546	0.01873	0.01247	0.00751	0.00591	0.00195	0.00756	0.04286	0.00439	0.04119
13	0.01265	0.01154	0.01225	0.08070	0.01686	0.12050	0.01061	0.01605	0.05396	0.01867	0.02882	0.21265	0.03099	0.01541	0.00809	0.00262	0.00665	0.32906	0.00541	0.00650
14	0.01068	0.00706	0.00882	0.00845	0.01038	0.00634	0.00642	0.01319	0.01701	0.08605	0.39836	0.11768	0.22216	0.01469	0.00779	0.00221	0.00360	0.04581	0.00688	0.00641
15	0.01601	0.14259	0.07350	0.01727	0.02246	0.08003	0.22735	0.06114	0.12626	0.02140	0.02267	0.02372	0.12042	0.00809	0.00669	0.00202	0.00807	0.00734	0.00436	0.00862
16	0.01944	0.04995	0.20813	0.01850	0.02507	0.08002	0.15560	0.28859	0.02127	0.02838	0.01344	0.01513	0.00984	0.00674	0.00655	0.00198	0.00899	0.00574	0.00446	0.03216
17	0.02132	0.01948	0.05086	0.02025	0.12969	0.20216	0.12352	0.05652	0.01746	0.18239	0.01511	0.01635	0.01106	0.00657	0.00640	0.00184	0.00861	0.00566	0.00463	0.10013
18	0.01861	0.21916	0.02234	0.01560	0.07537	0.12871	0.03760	0.08263	0.16365	0.06217	0.09390	0.01980	0.01771	0.00771	0.00605	0.00186	0.00712	0.00611	0.00488	0.00905

[dist]
# distance from previous block
# <min> <max>
0	16

[block]
# block no. 7 follows, 33 sequences, length 24
# corresponding to MSA columns:
# 746-769
name=unknown_H
#
# <colnr> <probs for GDERKNQSTAVLIFYWHMCP>
#	G	D	E	R	K	N	Q	S	T	A	V	L	I	F	Y	W	H	M	C	P
0	0.01639	0.01055	0.01481	0.01643	0.16880	0.00994	0.01025	0.01931	0.03363	0.19644	0.12646	0.05973	0.09061	0.09292	0.01017	0.00248	0.02709	0.00848	0.00565	0.07987
1	0.01565	0.04246	0.12647	0.01297	0.01680	0.11382	0.01171	0.04442	0.10074	0.07998	0.13469	0.02714	0.05725	0.01453	0.10018	0.00313	0.03748	0.02436	0.02811	0.00809
2	0.01836	0.01374	0.03863	0.01449	0.01848	0.01395	0.11026	0.18627	0.10677	0.12519	0.01897	0.02170	0.01464	0.05752	0.09250	0.00328	0.03791	0.00681	0.09153	0.00899
3	0.15790	0.01228	0.01690	0.17493	0.23823	0.01351	0.01335	0.02001	0.09050	0.02321	0.01501	0.01806	0.01180	0.00675	0.00574	0.00197	0.00632	0.00568	0.15949	0.00835
4	0.01272	0.01154	0.01841	0.45256	0.14976	0.01317	0.01575	0.04018	0.01491	0.01970	0.10306	0.02520	0.07956	0.00824	0.00682	0.00213	0.00739	0.00731	0.00392	0.00767
5	0.09291	0.01885	0.01714	0.01419	0.01804	0.18226	0.01136	0.32253	0.02270	0.05770	0.09944	0.01863	0.01636	0.00847	0.00759	0.00201	0.06919	0.00607	0.00547	0.00909
6	0.02712	0.01509	0.01768	0.01356	0.01874	0.01544	0.01120	0.39353	0.02534	0.36151	0.02052	0.01886	0.01356	0.00802	0.00660	0.00200	0.00648	0.00625	0.00731	0.01120
7	0.00920	0.00691	0.00882	0.00983	0.01070	0.00700	0.00684	0.01266	0.10123	0.01803	0.03342	0.60494	0.03816	0.02172	0.07377	0.00332	0.00523	0.01625	0.00595	0.00604
8	0.01426	0.01201	0.01481	0.01673	0.14881	0.01295	0.01093	0.02489	0.35567	0.02452	0.07327	0.03198	0.09471	0.00996	0.00682	0.00216	0.00524	0.05400	0.07731	0.00897
9	0.01397	0.00689	0.00788	0.00745	0.00939	0.00657	0.00565	0.01680	0.01499	0.12396	0.10845	0.09331	0.02465	0.00960	0.00561	0.00177	0.00350	0.00803	0.52475	0.00679
10	0.00827	0.00592	0.00786	0.00900	0.00960	0.00551	0.00613	0.00978	0.01374	0.01862	0.16610	0.62936	0.04705	0.01927	0.00828	0.00256	0.00368	0.01743	0.00633	0.00551
11	0.23620	0.01646	0.10332	0.03490	0.01972	0.01489	0.05856	0.19249	0.01863	0.19259	0.01579	0.01620	0.01097	0.00707	0.00589	0.00203	0.00675	0.00545	0.03261	0.00948
12	0.00940	0.00705	0.01058	0.01058	0.01176	0.00823	0.00823	0.01176	0.01058	0.01528	0.01763	0.02586	0.01646	0.04937	0.74255	0.01058	0.01763	0.00705	0.00353	0.00588
13	0.00923	0.00683	0.00846	0.00942	0.01016	0.00681	0.00636	0.01234	0.09728	0.01759	0.03315	0.58263	0.03820	0.11483	0.01141	0.00309	0.00432	0.01618	0.00591	0.00579
14	0.01148	0.00799	0.00838	0.00816	0.01006	0.00818	0.00598	0.01707	0.16484	0.02164	0.03420	0.08631	0.18718	0.10302	0.00956	0.00251	0.00404	0.00952	0.29325	0.00661
15	0.01320	0.03405	0.73453	0.01876	0.02849	0.01529	0.02432	0.02085	0.01390	0.02085	0.01181	0.01390	0.00834	0.00625	0.00625	0.00208	0.00973	0.00486	0.00278	0.00973
16	0.01611	0.52198	0.27204	0.01381	0.02083	0.02240	0.01570	0.02010	0.01355	0.01731	0.01006	0.01169	0.00841	0.00584	0.00491	0.00164	0.00795	0.00398	0.00280	0.00888
17	0.01323	0.01175	0.01197	0.01128	0.01310	0.09824	0.00850	0.11078	0.01699	0.02184	0.14621	0.28699	0.12051	0.01458	0.00894	0.00232	0.07810	0.01216	0.00573	0.00680
18	0.02362	0.01447	0.02114	0.04984	0.17837	0.01431	0.07501	0.18369	0.02027	0.32234	0.01890	0.01891	0.01295	0.00729	0.00669	0.00203	0.00709	0.00636	0.00606	0.01067
19	0.09052	0.25027	0.05024	0.01359	0.01816	0.18571	0.03884	0.10724	0.04134	0.04550	0.01524	0.07046	0.03121	0.00786	0.00570	0.00183	0.00782	0.00587	0.00420	0.00841
20	0.00820	0.00632	0.00750	0.00798	0.00935	0.00561	0.00569	0.00996	0.01483	0.01921	0.19311	0.33375	0.31977	0.01754	0.00802	0.00237	0.00348	0.01536	0.00635	0.00561
21	0.01051	0.01046	0.11087	0.00980	0.01212	0.00802	0.00864	0.01350	0.01312	0.01974	0.14547	0.05952	0.02577	0.13454	0.21280	0.00497	0.00855	0.00825	0.17712	0.00623
22	0.01657	0.02507	0.30195	0.01599	0.02154	0.20791	0.01639	0.05320	0.01587	0.04438	0.01561	0.02261	0.01342	0.01362	0.10271	0.00320	0.01063	0.08718	0.00381	0.00834
23	0.01759	0.05713	0.40750	0.01840	0.02559	0.24781	0.06597	0.04845	0.01615	0.01995	0.01145	0.01347	0.00861	0.00642	0.00620	0.00194	0.01032	0.00486	0.00316	0.00901

[dist]
# distance from previous block
# <min> <max>
1	4

[block]
# block no. 8 follows, 33 sequences, length 26
# corresponding to MSA columns:
# 774-799
name=unknown_I
#
# <colnr> <probs for GDERKNQSTAVLIFYWHMCP>
#	G	D	E	R	K	N	Q	S	T	A	V	L	I	F	Y	W	H	M	C	P
0	0.22906	0.01983	0.01536	0.01303	0.01732	0.26288	0.01024	0.12424	0.06441	0.04770	0.01259	0.01360	0.00975	0.00667	0.00546	0.00176	0.00772	0.00455	0.00449	0.12935
1	0.01804	0.01197	0.01598	0.08879	0.11218	0.01231	0.01159	0.13480	0.07972	0.17549	0.16957	0.03036	0.05359	0.00973	0.00703	0.00212	0.00586	0.04557	0.00621	0.00909
2	0.01820	0.13773	0.11936	0.01308	0.01744	0.11911	0.01201	0.04508	0.01583	0.16851	0.04111	0.08340	0.01765	0.01453	0.10362	0.00313	0.00878	0.04819	0.00485	0.00837
3	0.01092	0.00687	0.00873	0.00868	0.01018	0.00632	0.00623	0.01278	0.01497	0.09744	0.23212	0.27337	0.14479	0.09314	0.04001	0.00306	0.00455	0.01335	0.00634	0.00615
4	0.00845	0.00611	0.00776	0.00891	0.00957	0.00573	0.00615	0.00970	0.01273	0.01667	0.03757	0.52041	0.11840	0.11872	0.01172	0.00315	0.00432	0.08284	0.00583	0.00526
5	0.10779	0.06244	0.01775	0.01355	0.01814	0.01865	0.01107	0.34021	0.28126	0.03342	0.01874	0.01817	0.01388	0.00795	0.00621	0.00204	0.00624	0.00608	0.00612	0.01030
6	0.01547	0.14128	0.28772	0.05064	0.12167	0.01718	0.12455	0.02242	0.09650	0.04035	0.01385	0.01593	0.01051	0.00637	0.00628	0.00200	0.00858	0.00563	0.00355	0.00952
7	0.10507	0.12266	0.17353	0.01296	0.01875	0.01440	0.02817	0.05610	0.05854	0.15371	0.05699	0.03724	0.01483	0.00735	0.00584	0.00185	0.00654	0.00578	0.00485	0.11486
8	0.01437	0.14506	0.15148	0.07065	0.02289	0.08754	0.13690	0.01804	0.01430	0.01825	0.03575	0.10154	0.07892	0.00920	0.00777	0.00210	0.06591	0.00774	0.00374	0.00784
9	0.01399	0.01048	0.01261	0.01305	0.08326	0.01112	0.00899	0.13053	0.09375	0.02528	0.08968	0.12622	0.10570	0.01115	0.00738	0.00207	0.04327	0.00928	0.19444	0.00776
10	0.09907	0.22623	0.06600	0.09521	0.02190	0.35400	0.01309	0.02247	0.01561	0.01764	0.01007	0.01215	0.00836	0.00635	0.00538	0.00173	0.00943	0.00419	0.00322	0.00789
11	0.10122	0.01369	0.01743	0.22303	0.06117	0.11288	0.09116	0.01698	0.01435	0.01955	0.06974	0.19098	0.02076	0.01016	0.00686	0.00220	0.00745	0.00902	0.00423	0.00714
12	0.00809	0.00638	0.00730	0.00771	0.00924	0.00559	0.00554	0.00981	0.01478	0.01877	0.15579	0.28597	0.40680	0.01746	0.00798	0.00234	0.00346	0.01514	0.00628	0.00559
13	0.00802	0.00573	0.00764	0.00917	0.00955	0.00535	0.00611	0.00917	0.01260	0.01681	0.03628	0.76434	0.04354	0.02062	0.00840	0.00267	0.00382	0.01872	0.00611	0.00535
14	0.01697	0.01481	0.01791	0.01492	0.01924	0.01634	0.08629	0.09882	0.52820	0.02784	0.02331	0.02228	0.01747	0.00821	0.00669	0.00213	0.00604	0.00711	0.00615	0.05925
15	0.02479	0.01351	0.01613	0.01283	0.01740	0.01363	0.01040	0.28596	0.05853	0.35500	0.02327	0.10116	0.01753	0.00946	0.00681	0.00209	0.00601	0.00772	0.00726	0.01052
16	0.00858	0.00661	0.00784	0.00773	0.00943	0.00587	0.00572	0.01091	0.01659	0.02201	0.39386	0.12573	0.32447	0.01545	0.00783	0.00219	0.00327	0.01337	0.00668	0.00587
17	0.01047	0.00792	0.00933	0.00867	0.01079	0.00749	0.00669	0.08031	0.01857	0.02493	0.41855	0.05147	0.25742	0.01413	0.00772	0.00216	0.00374	0.04637	0.00678	0.00650
18	0.01713	0.01707	0.02536	0.09820	0.22809	0.11100	0.18272	0.02083	0.01513	0.05947	0.01266	0.01610	0.01002	0.00642	0.00769	0.00197	0.06412	0.00593	0.00358	0.09651
19	0.55117	0.01372	0.01439	0.01168	0.01617	0.01513	0.08408	0.11075	0.01480	0.06923	0.01187	0.01328	0.00883	0.00645	0.00497	0.00203	0.00599	0.00460	0.03279	0.00805
20	0.01212	0.00802	0.01029	0.01067	0.01261	0.00784	0.00859	0.01607	0.08258	0.09197	0.09520	0.20307	0.11236	0.01622	0.00822	0.00261	0.00492	0.28338	0.00645	0.00681
21	0.01579	0.01152	0.01444	0.05321	0.12269	0.04905	0.01055	0.06252	0.08442	0.09916	0.01871	0.02277	0.01521	0.05645	0.18555	0.00423	0.00898	0.00655	0.15016	0.00805
22	0.01504	0.33010	0.11697	0.01253	0.01690	0.01748	0.01230	0.01786	0.01376	0.06100	0.02064	0.06761	0.07901	0.01004	0.00775	0.00206	0.08865	0.09834	0.00407	0.00789
23	0.01700	0.05807	0.16878	0.01473	0.05907	0.05078	0.01319	0.09642	0.04998	0.07417	0.01375	0.01499	0.01048	0.00612	0.00568	0.00157	0.00687	0.00480	0.00428	0.32926
24	0.07106	0.50086	0.09660	0.01243	0.01807	0.09361	0.01223	0.02171	0.01437	0.09019	0.01123	0.01223	0.00916	0.00609	0.00482	0.00161	0.00750	0.00404	0.00350	0.00869
25	0.03455	0.05142	0.10926	0.09238	0.01916	0.01156	0.01122	0.07381	0.03361	0.06188	0.09053	0.09809	0.09609	0.00952	0.00642	0.00189	0.00586	0.00795	0.00491	0.17988

[dist]
# distance from previous block
# <min> <max>
0	2

[block]
# block no. 9 follows, 33 sequences, length 39
# corresponding to MSA columns:
# 802-825,860-874
name=unknown_J
#
# <colnr> <probs for GDERKNQSTAVLIFYWHMCP>
#	G	D	E	R	K	N	Q	S	T	A	V	L	I	F	Y	W	H	M	C	P
0	0.01690	0.08489	0.11271	0.08426	0.02863	0.01585	0.33593	0.06286	0.01608	0.10338	0.01571	0.06457	0.01249	0.00713	0.00701	0.00212	0.00904	0.00733	0.00412	0.00899
1	0.01466	0.01046	0.01209	0.01064	0.01351	0.01063	0.00823	0.16790	0.10175	0.07210	0.23557	0.15627	0.10630	0.01259	0.00731	0.00214	0.00462	0.01079	0.00667	0.03576
2	0.01572	0.01264	0.01968	0.25191	0.24414	0.01418	0.01558	0.03951	0.01447	0.08262	0.01426	0.01812	0.01112	0.00730	0.00814	0.00209	0.09931	0.00595	0.11471	0.00856
3	0.01117	0.00893	0.01329	0.05702	0.20072	0.00882	0.01026	0.01381	0.01454	0.02064	0.14271	0.27913	0.06932	0.01297	0.00720	0.00219	0.00491	0.01169	0.10363	0.00705
4	0.12916	0.01160	0.01396	0.01162	0.01587	0.01140	0.00949	0.07079	0.09869	0.41453	0.02450	0.06580	0.01850	0.00948	0.00659	0.00217	0.00553	0.06345	0.00705	0.00982
5	0.02649	0.01259	0.01513	0.01195	0.01654	0.05620	0.00971	0.08862	0.01987	0.54474	0.10498	0.02427	0.02067	0.00866	0.00671	0.00201	0.00585	0.00702	0.00761	0.01040
6	0.11780	0.00889	0.01015	0.01039	0.01223	0.00938	0.00799	0.05226	0.09678	0.02202	0.07251	0.26268	0.03230	0.08222	0.00989	0.00288	0.00505	0.17215	0.00581	0.00660
7	0.01614	0.01470	0.02311	0.14191	0.42238	0.01535	0.04103	0.11025	0.04071	0.02333	0.01770	0.02060	0.06904	0.00722	0.00669	0.00204	0.00755	0.00665	0.00400	0.00960
8	0.09151	0.01065	0.01236	0.01016	0.01380	0.01054	0.00819	0.13599	0.01896	0.27748	0.13179	0.02499	0.02199	0.00865	0.00609	0.00191	0.00484	0.00695	0.19426	0.00886
9	0.00866	0.00607	0.00779	0.00892	0.00930	0.00582	0.00597	0.00968	0.01205	0.01602	0.03211	0.51404	0.03792	0.21512	0.01500	0.00367	0.00469	0.07657	0.00555	0.00506
10	0.06205	0.00996	0.01732	0.01464	0.01729	0.01040	0.18477	0.01427	0.01215	0.01787	0.01847	0.12078	0.01781	0.03166	0.41129	0.00686	0.01334	0.00856	0.00385	0.00665
11	0.01632	0.01792	0.02033	0.01719	0.01911	0.20622	0.10403	0.01841	0.01308	0.01637	0.01146	0.01720	0.01060	0.05537	0.10784	0.00365	0.32850	0.00600	0.00322	0.00719
12	0.08925	0.01025	0.01215	0.01080	0.01403	0.01006	0.00856	0.11070	0.03705	0.24317	0.03109	0.20348	0.10535	0.01278	0.00717	0.00230	0.00513	0.07173	0.00663	0.00833
13	0.00857	0.00627	0.00804	0.00896	0.00992	0.00583	0.00645	0.01029	0.01412	0.01870	0.15017	0.43976	0.14241	0.04457	0.00917	0.00269	0.00400	0.09833	0.00621	0.00556
14	0.01177	0.00886	0.01054	0.00988	0.01214	0.00877	0.00766	0.09720	0.01534	0.02093	0.03179	0.14357	0.16443	0.07741	0.09663	0.00351	0.02464	0.09938	0.05620	0.09936
15	0.01021	0.00745	0.00890	0.00852	0.00852	0.00821	0.00537	0.01041	0.00964	0.01317	0.01914	0.03928	0.02191	0.66822	0.03193	0.00592	0.10588	0.00907	0.00384	0.00442
16	0.01686	0.00913	0.01112	0.00964	0.01279	0.00832	0.00754	0.07954	0.01782	0.26160	0.12050	0.13664	0.25518	0.01317	0.00736	0.00218	0.00449	0.01114	0.00697	0.00801
17	0.08589	0.15208	0.10334	0.17066	0.14243	0.05802	0.01576	0.11038	0.01588	0.02209	0.01142	0.01435	0.00910	0.00672	0.00682	0.00198	0.05565	0.00505	0.00355	0.00881
18	0.01990	0.11886	0.06140	0.08459	0.10611	0.07600	0.07026	0.26459	0.03958	0.04401	0.01355	0.01541	0.01032	0.00707	0.00693	0.00197	0.03966	0.00561	0.00454	0.00966
19	0.02106	0.02575	0.01617	0.01506	0.01775	0.57895	0.01107	0.02253	0.01704	0.01591	0.01458	0.11445	0.01451	0.07647	0.00872	0.00224	0.01032	0.00663	0.00381	0.00700
20	0.00958	0.00675	0.00840	0.00876	0.00965	0.00654	0.00634	0.01121	0.01351	0.01809	0.18401	0.09238	0.08160	0.32232	0.01861	0.00411	0.00524	0.18222	0.00549	0.00518
21	0.01997	0.03636	0.21006	0.02108	0.13180	0.07148	0.10793	0.14403	0.01854	0.15197	0.01517	0.01642	0.01082	0.00676	0.00656	0.00201	0.00855	0.00583	0.00461	0.01006
22	0.01588	0.11676	0.01732	0.05055	0.07479	0.21020	0.01077	0.02020	0.10222	0.01981	0.13667	0.09168	0.08692	0.01003	0.00657	0.00197	0.00700	0.00817	0.00481	0.00767
23	0.01479	0.12723	0.30790	0.02067	0.09932	0.01638	0.16387	0.02067	0.03861	0.02053	0.01233	0.01485	0.00949	0.00591	0.00618	0.00188	0.00873	0.00538	0.00322	0.10206
24	0.09291	0.03761	0.05360	0.01334	0.01752	0.09524	0.01129	0.23113	0.08310	0.10502	0.10434	0.02392	0.01952	0.00903	0.00697	0.00208	0.02919	0.04923	0.00582	0.00915
25	0.01326	0.09512	0.53145	0.01713	0.02501	0.01515	0.06369	0.01927	0.01338	0.01931	0.01286	0.01772	0.01052	0.10727	0.00978	0.00260	0.00913	0.00555	0.00298	0.00880
26	0.01264	0.01191	0.02012	0.71456	0.08198	0.01468	0.01839	0.01700	0.01326	0.01707	0.01174	0.01748	0.00886	0.00654	0.00658	0.00218	0.00872	0.00585	0.00294	0.00748
27	0.01773	0.42237	0.09486	0.01350	0.01828	0.16523	0.01274	0.02065	0.02959	0.01711	0.05544	0.01424	0.01213	0.00701	0.00658	0.00172	0.07472	0.00461	0.00330	0.00820
28	0.01442	0.00902	0.01305	0.01128	0.01399	0.00862	0.06937	0.01776	0.05336	0.17745	0.15150	0.12073	0.11472	0.05909	0.13097	0.00382	0.00719	0.01024	0.00600	0.00743
29	0.00804	0.00655	0.00682	0.00696	0.00872	0.00565	0.00497	0.00944	0.01407	0.01703	0.05789	0.12309	0.57125	0.11676	0.01125	0.00281	0.00378	0.01375	0.00583	0.00533
30	0.00916	0.00668	0.00810	0.00817	0.00940	0.00625	0.00592	0.01105	0.01480	0.01976	0.28580	0.08851	0.18633	0.21164	0.01466	0.00337	0.00440	0.09459	0.00596	0.00544
31	0.01693	0.06877	0.16298	0.04682	0.11235	0.11156	0.21459	0.02146	0.01588	0.07504	0.07645	0.01875	0.01451	0.00683	0.00673	0.00201	0.00906	0.00645	0.00390	0.00893
32	0.01874	0.01088	0.01462	0.01479	0.10884	0.01057	0.01009	0.05917	0.10404	0.26731	0.20654	0.09456	0.03008	0.01042	0.00707	0.00211	0.00513	0.00904	0.00682	0.00918
33	0.11539	0.00733	0.00791	0.00787	0.00981	0.00695	0.00586	0.01166	0.01524	0.02190	0.26208	0.17193	0.30309	0.01493	0.00739	0.00223	0.00358	0.01272	0.00620	0.00594
34	0.08224	0.00730	0.00740	0.00732	0.00927	0.00724	0.00550	0.01447	0.05183	0.02287	0.08753	0.10117	0.20300	0.01150	0.00606	0.00194	0.00350	0.00953	0.35409	0.00624
35	0.01435	0.11047	0.20006	0.09575	0.02139	0.03577	0.01405	0.06225	0.06104	0.05461	0.01859	0.15629	0.01725	0.01428	0.09181	0.00310	0.00851	0.00795	0.00429	0.00819
36	0.11806	0.11831	0.01795	0.11532	0.02056	0.24887	0.01133	0.02220	0.01560	0.13664	0.01582	0.10255	0.01377	0.00837	0.00597	0.00194	0.00798	0.00638	0.00444	0.00796
37	0.07486	0.00869	0.00910	0.00869	0.01080	0.00919	0.00657	0.09601	0.07799	0.02544	0.02363	0.18647	0.02167	0.01056	0.00582	0.00194	0.00407	0.00882	0.40268	0.00701
38	0.19739	0.01452	0.01708	0.02020	0.24342	0.07794	0.01227	0.05480	0.01596	0.15477	0.02135	0.02200	0.10540	0.00796	0.00611	0.00200	0.00654	0.00641	0.00490	0.00898

[dist]
# distance from previous block
# <min> <max>
4	7

[block]
# block no. 10 follows, 33 sequences, length 37
# corresponding to MSA columns:
# 882-918
name=unknown_K
#
# <colnr> <probs for GDERKNQSTAVLIFYWHMCP>
#	G	D	E	R	K	N	Q	S	T	A	V	L	I	F	Y	W	H	M	C	P
0	0.01613	0.17800	0.27540	0.01455	0.02078	0.03617	0.03384	0.02220	0.09592	0.09809	0.01715	0.09519	0.01446	0.00810	0.00612	0.00196	0.00743	0.00657	0.00427	0.04767
1	0.00893	0.00652	0.00839	0.00832	0.00970	0.00598	0.00609	0.01152	0.01712	0.02374	0.53001	0.19387	0.11494	0.01517	0.00789	0.00220	0.00327	0.01344	0.00692	0.00598
2	0.01702	0.01498	0.02771	0.21925	0.03281	0.01530	0.34098	0.09371	0.01680	0.09643	0.01484	0.01829	0.01076	0.00645	0.00706	0.00214	0.00912	0.00686	0.04066	0.00882
3	0.01432	0.01287	0.09010	0.01465	0.08947	0.01103	0.01132	0.02148	0.18475	0.10061	0.19521	0.06898	0.07294	0.01119	0.00725	0.00222	0.00540	0.07163	0.00609	0.00849
4	0.02484	0.01235	0.01517	0.04574	0.01767	0.04923	0.01007	0.08721	0.03529	0.48119	0.09762	0.02409	0.02007	0.01022	0.03618	0.00237	0.00643	0.00700	0.00721	0.01007
5	0.11288	0.01187	0.01499	0.01163	0.01662	0.01096	0.00960	0.07749	0.01887	0.60936	0.02348	0.02070	0.01497	0.00791	0.00635	0.00203	0.00566	0.00625	0.00761	0.01077
6	0.01154	0.00920	0.00995	0.00976	0.01055	0.08680	0.00683	0.01196	0.01071	0.01376	0.01651	0.02863	0.01693	0.26955	0.28437	0.17645	0.01089	0.00727	0.00352	0.00483
7	0.01615	0.23378	0.46632	0.01596	0.02407	0.01764	0.01919	0.02173	0.01428	0.09512	0.01259	0.01389	0.00922	0.00629	0.00574	0.00189	0.00855	0.00468	0.00336	0.00954
8	0.01251	0.00687	0.00725	0.00693	0.00866	0.00690	0.00526	0.05133	0.01543	0.02571	0.12547	0.02774	0.02329	0.00854	0.00518	0.00164	0.00329	0.00698	0.64459	0.00641
9	0.00800	0.00580	0.00757	0.00899	0.00950	0.00536	0.00603	0.00919	0.01277	0.01687	0.03843	0.71495	0.09155	0.02035	0.00836	0.00264	0.00379	0.01838	0.00611	0.00536
10	0.00917	0.00669	0.00838	0.00798	0.00945	0.00615	0.00584	0.01178	0.01727	0.02398	0.57434	0.05019	0.13516	0.09259	0.01045	0.00254	0.00347	0.01189	0.00678	0.00590
11	0.01798	0.01880	0.03011	0.02480	0.10871	0.10131	0.38239	0.11091	0.09237	0.02386	0.01460	0.01738	0.01110	0.00639	0.00715	0.00210	0.00969	0.00687	0.00411	0.00937
12	0.00870	0.00666	0.00772	0.00823	0.00956	0.00614	0.00592	0.01060	0.03121	0.01760	0.07752	0.24883	0.31584	0.13082	0.01193	0.00305	0.00425	0.08410	0.00585	0.00547
13	0.02024	0.01004	0.01283	0.01050	0.01413	0.00929	0.00841	0.09515	0.01983	0.35356	0.28710	0.03410	0.07487	0.01060	0.00711	0.00205	0.00471	0.00895	0.00753	0.00901
14	0.01898	0.09977	0.17941	0.01596	0.02188	0.05010	0.06309	0.21642	0.19113	0.05236	0.01685	0.01718	0.01243	0.00735	0.00635	0.00201	0.00769	0.00589	0.00506	0.01007
15	0.09688	0.10887	0.49879	0.01594	0.02364	0.01558	0.01924	0.01951	0.01318	0.02053	0.01193	0.01459	0.00917	0.01118	0.09138	0.00299	0.00987	0.00484	0.00301	0.00887
16	0.00992	0.00766	0.01096	0.01068	0.01155	0.00909	0.00814	0.01180	0.01037	0.01493	0.01727	0.02754	0.01691	0.16212	0.55792	0.00915	0.08743	0.00734	0.00354	0.00570
17	0.00940	0.00705	0.01058	0.01058	0.01176	0.00823	0.00823	0.01176	0.01058	0.01528	0.01763	0.02586	0.01646	0.04937	0.74255	0.01058	0.01763	0.00705	0.00353	0.00588
18	0.01973	0.12237	0.15668	0.01487	0.02053	0.01754	0.04132	0.31109	0.04050	0.08392	0.01726	0.09363	0.01424	0.00856	0.00644	0.00201	0.00730	0.00690	0.00529	0.00982
19	0.01166	0.00774	0.01084	0.04382	0.01303	0.00835	0.00814	0.01357	0.01232	0.09223	0.04383	0.17899	0.04755	0.11485	0.30128	0.00611	0.04972	0.02494	0.00478	0.00626
20	0.00811	0.00606	0.00756	0.00864	0.00954	0.00551	0.00600	0.00953	0.01352	0.01756	0.07379	0.54387	0.20528	0.01929	0.00825	0.00255	0.00375	0.03957	0.00616	0.00546
21	0.21496	0.18444	0.15160	0.04216	0.01915	0.01712	0.01272	0.12397	0.01608	0.06480	0.01568	0.01871	0.04297	0.00755	0.00557	0.00197	0.00686	0.04076	0.00432	0.00863
