[name]
unknown

[dist]
# distance from previous block
# <min> <max>
1	344

[block]
# block no. 0 follows, 33 sequences, length 19
# corresponding to MSA columns:
# 402-420
name=unknown_A
#
# <colnr> <probs for GDERKNQSTAVLIFYWHMCP>
#	G	D	E	R	K	N	Q	S	T	A	V	L	I	F	Y	W	H	M	C	P
0	0.08180	0.01034	0.01321	0.04713	0.09993	0.01037	0.00959	0.03647	0.01449	0.06497	0.06357	0.09455	0.17346	0.04823	0.00918	0.00231	0.06231	0.04017	0.00500	0.11289
1	0.01490	0.01353	0.05510	0.12425	0.10696	0.04213	0.04000	0.09807	0.01536	0.05265	0.01926	0.08133	0.05503	0.13315	0.01225	0.02717	0.03740	0.00778	0.00432	0.05935
2	0.04044	0.01275	0.01609	0.15660	0.08595	0.04314	0.01206	0.15000	0.01689	0.07613	0.01942	0.06248	0.04463	0.09079	0.04974	0.00305	0.04058	0.04541	0.00475	0.02911
3	0.01347	0.07879	0.01518	0.12852	0.04078	0.06137	0.01022	0.03437	0.03250	0.04770	0.04356	0.20131	0.06633	0.06937	0.00953	0.00246	0.03919	0.02990	0.00470	0.07075
4	0.14698	0.01378	0.03826	0.14016	0.10284	0.07507	0.01169	0.03587	0.01485	0.05061	0.04155	0.02610	0.13031	0.00865	0.00621	0.00196	0.00652	0.03454	0.00440	0.10965
5	0.05147	0.01644	0.05674	0.20402	0.04683	0.14213	0.01270	0.08589	0.01572	0.03961	0.01421	0.05197	0.01246	0.08814	0.00902	0.00234	0.00786	0.00611	0.00397	0.13235
6	0.01444	0.04583	0.06618	0.10471	0.19629	0.03434	0.01354	0.01771	0.01433	0.07051	0.05639	0.07678	0.05636	0.01225	0.07306	0.00273	0.03209	0.00731	0.00420	0.10096
7	0.02511	0.01109	0.01445	0.01148	0.01592	0.01019	0.00933	0.05895	0.07893	0.53305	0.13286	0.02641	0.02344	0.00902	0.00680	0.00206	0.00526	0.00747	0.00782	0.01037
8	0.01681	0.06128	0.18579	0.13575	0.02534	0.09518	0.03367	0.15836	0.01719	0.02264	0.01325	0.01783	0.01079	0.01029	0.05164	0.00264	0.09565	0.03340	0.00385	0.00865
9	0.01227	0.00614	0.00614	0.00614	0.00767	0.00614	0.00460	0.01534	0.01381	0.02454	0.02148	0.02454	0.01687	0.00767	0.00460	0.00153	0.00307	0.00614	0.80518	0.00614
10	0.01227	0.00614	0.00614	0.00614	0.00767	0.00614	0.00460	0.01534	0.01381	0.02454	0.02148	0.02454	0.01687	0.00767	0.00460	0.00153	0.00307	0.00614	0.80518	0.00614
11	0.81514	0.01273	0.00968	0.00866	0.01273	0.01477	0.00713	0.01935	0.01120	0.02954	0.00917	0.01069	0.00713	0.00611	0.00407	0.00204	0.00509	0.00356	0.00407	0.00713
12	0.00795	0.00668	0.00690	0.00684	0.00899	0.00563	0.00513	0.00977	0.01540	0.01871	0.13730	0.06183	0.65372	0.01633	0.00778	0.00221	0.00331	0.01368	0.00624	0.00563
13	0.00928	0.00684	0.00875	0.00859	0.01023	0.00631	0.00665	0.01218	0.01765	0.02428	0.53783	0.05460	0.15078	0.01456	0.00795	0.00222	0.00355	0.10473	0.00693	0.00610
14	0.52440	0.01217	0.01175	0.00979	0.01424	0.01288	0.00807	0.02406	0.01403	0.28956	0.01539	0.01503	0.01052	0.00686	0.00502	0.00204	0.00528	0.00470	0.00558	0.00864
15	0.01050	0.00719	0.01037	0.01013	0.01144	0.00797	0.00774	0.01270	0.01158	0.05459	0.07548	0.02920	0.02085	0.11258	0.57613	0.00903	0.01474	0.00766	0.00412	0.00601
16	0.00957	0.00701	0.00842	0.00862	0.01012	0.00658	0.00632	0.04819	0.01597	0.02151	0.22861	0.29544	0.20655	0.01626	0.00781	0.00232	0.00375	0.04156	0.04938	0.00602
17	0.75165	0.01261	0.01013	0.00890	0.01306	0.01436	0.00734	0.02038	0.01182	0.08632	0.01052	0.01164	0.00787	0.00628	0.00428	0.00204	0.00513	0.00381	0.00440	0.00746
18	0.01986	0.19340	0.02093	0.01334	0.01776	0.10273	0.01108	0.26206	0.13906	0.02673	0.01570	0.01750	0.01264	0.05031	0.04218	0.00247	0.00776	0.00562	0.00499	0.03388

[dist]
# distance from previous block
# <min> <max>
0	4

[block]
# block no. 1 follows, 33 sequences, length 28
# corresponding to MSA columns:
# 425-452
name=unknown_B
#
# <colnr> <probs for GDERKNQSTAVLIFYWHMCP>
#	G	D	E	R	K	N	Q	S	T	A	V	L	I	F	Y	W	H	M	C	P
0	0.23804	0.06128	0.20094	0.07032	0.15577	0.01502	0.05054	0.01973	0.01348	0.05130	0.01314	0.05909	0.01095	0.00703	0.00583	0.00206	0.00741	0.00573	0.00369	0.00865
1	0.01719	0.44374	0.24898	0.01436	0.02095	0.11965	0.01550	0.02095	0.01425	0.01723	0.01011	0.01177	0.00842	0.00598	0.00508	0.00166	0.00853	0.00403	0.00288	0.00873
2	0.02117	0.01020	0.01268	0.01056	0.01426	0.00975	0.00843	0.02678	0.14300	0.37881	0.13346	0.02729	0.02417	0.00903	0.00648	0.00199	0.00472	0.00751	0.14025	0.00945
3	0.01653	0.02164	0.19281	0.18582	0.05783	0.11714	0.13047	0.11717	0.01718	0.02211	0.01511	0.01789	0.04464	0.00702	0.00667	0.00206	0.00929	0.00612	0.00371	0.00878
4	0.01494	0.17233	0.12159	0.06210	0.15639	0.01543	0.01408	0.03775	0.01452	0.02055	0.05155	0.01588	0.01232	0.00628	0.00605	0.00163	0.02875	0.00502	0.00357	0.23928
5	0.00885	0.00668	0.00817	0.00792	0.00953	0.00612	0.00586	0.01128	0.01649	0.02231	0.43779	0.07517	0.24764	0.05397	0.05052	0.00283	0.00418	0.01231	0.00651	0.00587
6	0.00802	0.00573	0.00764	0.00917	0.00955	0.00535	0.00611	0.00917	0.01260	0.01681	0.03628	0.76434	0.04354	0.02062	0.00840	0.00267	0.00382	0.01872	0.00611	0.00535
7	0.00912	0.00660	0.00879	0.00982	0.01084	0.00638	0.00749	0.01113	0.01398	0.01856	0.11145	0.33944	0.08972	0.05704	0.05116	0.00332	0.00533	0.22820	0.00597	0.00565
8	0.01594	0.26382	0.23300	0.01729	0.02308	0.06925	0.11631	0.01999	0.01361	0.01795	0.01050	0.01335	0.00868	0.00693	0.00856	0.00200	0.14322	0.00498	0.00293	0.00860
9	0.68255	0.13906	0.01380	0.00909	0.01342	0.01664	0.00782	0.01941	0.01156	0.02720	0.00916	0.01067	0.00735	0.00603	0.00410	0.00193	0.00542	0.00356	0.00386	0.00735
10	0.00781	0.00654	0.00680	0.00702	0.00898	0.00553	0.00516	0.00941	0.01467	0.01765	0.06243	0.16152	0.62948	0.01723	0.00787	0.00229	0.00340	0.01457	0.00611	0.00553
11	0.01546	0.02925	0.45518	0.02060	0.05558	0.11710	0.13479	0.02232	0.04957	0.02058	0.01260	0.01488	0.00930	0.00633	0.00649	0.00206	0.00996	0.00543	0.00317	0.00936
12	0.01519	0.00966	0.01132	0.00998	0.01299	0.00937	0.00789	0.13122	0.03701	0.15032	0.11541	0.08423	0.27503	0.01528	0.04890	0.00267	0.00539	0.04385	0.00655	0.00774
13	0.00860	0.00633	0.00819	0.00946	0.01042	0.00592	0.00700	0.01028	0.01361	0.01766	0.04100	0.48258	0.15546	0.01938	0.00846	0.00268	0.00428	0.17702	0.00610	0.00555
14	0.01580	0.01703	0.03465	0.03212	0.27401	0.01630	0.46741	0.02078	0.01535	0.02123	0.01300	0.01725	0.01014	0.00566	0.00734	0.00213	0.00997	0.00711	0.00331	0.00941
15	0.02198	0.02511	0.01921	0.01679	0.01956	0.45191	0.01313	0.11842	0.01812	0.01959	0.01056	0.01309	0.00890	0.00818	0.01014	0.00205	0.20667	0.00487	0.00370	0.00802
16	0.01243	0.01170	0.01975	0.75282	0.04534	0.01463	0.01828	0.01682	0.01316	0.01682	0.01170	0.01755	0.00878	0.00658	0.00658	0.00219	0.00878	0.00585	0.00293	0.00731
17	0.81514	0.01273	0.00968	0.00866	0.01273	0.01477	0.00713	0.01935	0.01120	0.02954	0.00917	0.01069	0.00713	0.00611	0.00407	0.00204	0.00509	0.00356	0.00407	0.00713
18	0.00940	0.00705	0.01058	0.01058	0.01176	0.00823	0.00823	0.01176	0.01058	0.01528	0.01763	0.02586	0.01646	0.04937	0.74255	0.01058	0.01763	0.00705	0.00353	0.00588
19	0.01760	0.77260	0.03450	0.01126	0.01690	0.02605	0.01126	0.01971	0.01338	0.01549	0.00915	0.01056	0.00845	0.00563	0.00422	0.00141	0.00704	0.00352	0.00282	0.00845
20	0.02503	0.01844	0.01976	0.01515	0.02042	0.02042	0.01251	0.70562	0.03095	0.04149	0.01581	0.01581	0.01120	0.00790	0.00659	0.00198	0.00724	0.00593	0.00659	0.01120
21	0.01227	0.00614	0.00614	0.00614	0.00767	0.00614	0.00460	0.01534	0.01381	0.02454	0.02148	0.02454	0.01687	0.00767	0.00460	0.00153	0.00307	0.00614	0.80518	0.00614
22	0.81514	0.01273	0.00968	0.00866	0.01273	0.01477	0.00713	0.01935	0.01120	0.02954	0.00917	0.01069	0.00713	0.00611	0.00407	0.00204	0.00509	0.00356	0.00407	0.00713
23	0.00880	0.00696	0.00809	0.00853	0.01048	0.00625	0.00688	0.01101	0.01533	0.01905	0.10659	0.06576	0.45514	0.01691	0.00820	0.00247	0.00419	0.22740	0.00618	0.00577
24	0.15259	0.01343	0.01397	0.01164	0.01566	0.01472	0.00938	0.23181	0.18394	0.11360	0.01948	0.01935	0.01422	0.00783	0.00584	0.00197	0.00547	0.00601	0.14966	0.00943
25	0.01759	0.01474	0.01557	0.01364	0.01758	0.01694	0.01071	0.12890	0.61979	0.02949	0.02526	0.02334	0.01885	0.00879	0.00668	0.00220	0.00549	0.00723	0.00668	0.01053
26	0.00851	0.00689	0.00863	0.08689	0.01324	0.00654	0.00712	0.01033	0.01390	0.01741	0.04760	0.32751	0.35314	0.01720	0.00796	0.00243	0.00424	0.04901	0.00577	0.00569
27	0.03868	0.24614	0.06655	0.05302	0.06011	0.07416	0.01327	0.17147	0.06929	0.06927	0.01349	0.01477	0.01051	0.00718	0.00689	0.00189	0.06454	0.00509	0.00437	0.00931

[dist]
# distance from previous block
# <min> <max>
1	11

[block]
# block no. 2 follows, 33 sequences, length 12
# corresponding to MSA columns:
# 464-475
name=unknown_C
#
# <colnr> <probs for GDERKNQSTAVLIFYWHMCP>
#	G	D	E	R	K	N	Q	S	T	A	V	L	I	F	Y	W	H	M	C	P
0	0.60286	0.01475	0.01159	0.01011	0.01426	0.10165	0.00818	0.02208	0.01324	0.13258	0.01179	0.01258	0.00866	0.00650	0.00468	0.00200	0.00599	0.00410	0.00460	0.00780
1	0.14108	0.01695	0.08734	0.03543	0.10254	0.01615	0.10131	0.22089	0.08965	0.02908	0.05453	0.01969	0.04121	0.00764	0.00643	0.00207	0.00716	0.00647	0.00498	0.00939
2	0.00816	0.00604	0.00767	0.00891	0.00972	0.00555	0.00623	0.00954	0.01324	0.01720	0.04185	0.58388	0.17016	0.01971	0.00834	0.00262	0.00389	0.06575	0.00611	0.00544
3	0.01251	0.01442	0.12015	0.01665	0.14300	0.04959	0.01224	0.01754	0.08637	0.02186	0.20014	0.07428	0.11407	0.03502	0.00804	0.00230	0.00597	0.05282	0.00523	0.00779
4	0.01257	0.01029	0.01153	0.01059	0.01325	0.01104	0.00812	0.02301	0.35393	0.02614	0.32663	0.03865	0.10409	0.01158	0.00725	0.00216	0.00414	0.00994	0.00688	0.00818
5	0.01744	0.01467	0.01549	0.01361	0.01752	0.01687	0.01068	0.11750	0.63142	0.02926	0.02544	0.02348	0.01900	0.00880	0.00668	0.00220	0.00546	0.00726	0.00668	0.01052
6	0.01593	0.01527	0.02607	0.10693	0.66387	0.01555	0.02002	0.01989	0.01482	0.02107	0.01232	0.01641	0.01027	0.00593	0.00652	0.00198	0.00791	0.00586	0.00323	0.01014
7	0.01069	0.00642	0.00745	0.00745	0.00835	0.00666	0.00514	0.01249	0.01159	0.01832	0.02041	0.03156	0.01936	0.29323	0.16950	0.00519	0.00732	0.00758	0.34600	0.00530
8	0.02549	0.01344	0.01594	0.01247	0.01720	0.01352	0.01022	0.27134	0.05992	0.37656	0.02193	0.02038	0.01473	0.00805	0.00641	0.00198	0.00591	0.00637	0.08749	0.01065
9	0.09919	0.01790	0.01881	0.01454	0.01969	0.01989	0.01201	0.64121	0.02910	0.04037	0.01518	0.01533	0.01081	0.00773	0.00635	0.00198	0.00704	0.00571	0.00635	0.01081
10	0.01468	0.01328	0.01680	0.22079	0.11762	0.08124	0.01317	0.08802	0.05943	0.02204	0.12375	0.02342	0.01951	0.01420	0.11539	0.00330	0.00882	0.00693	0.02969	0.00792
11	0.26325	0.06926	0.10683	0.01620	0.12182	0.01593	0.01246	0.17348	0.01669	0.02715	0.01381	0.05920	0.01199	0.05658	0.00744	0.00229	0.00671	0.00587	0.00438	0.00865

[dist]
# distance from previous block
# <min> <max>
0	8

[block]
# block no. 3 follows, 33 sequences, length 13
# corresponding to MSA columns:
# 484-496
name=unknown_D
#
# <colnr> <probs for GDERKNQSTAVLIFYWHMCP>
#	G	D	E	R	K	N	Q	S	T	A	V	L	I	F	Y	W	H	M	C	P
0	0.01709	0.01440	0.01513	0.07533	0.01905	0.07982	0.01026	0.06239	0.25039	0.07144	0.01826	0.01870	0.01387	0.00707	0.00593	0.00172	0.00606	0.00568	0.04331	0.26411
1	0.17464	0.01186	0.01271	0.01057	0.01443	0.01234	0.00853	0.16447	0.07165	0.19258	0.08327	0.02502	0.07945	0.00890	0.00609	0.00200	0.00511	0.00697	0.10059	0.00884
2	0.01845	0.57749	0.09268	0.01292	0.01852	0.15146	0.01266	0.02097	0.01435	0.01607	0.00956	0.01108	0.00844	0.00589	0.00470	0.00152	0.00813	0.00376	0.00291	0.00842
3	0.02016	0.01089	0.01227	0.01008	0.01355	0.01108	0.00811	0.21650	0.01994	0.20335	0.02096	0.02152	0.01511	0.00785	0.00566	0.00178	0.00488	0.00620	0.38126	0.00883
4	0.00860	0.00657	0.00760	0.00760	0.00904	0.00600	0.00540	0.01032	0.01451	0.01885	0.21967	0.11521	0.33514	0.15130	0.05214	0.00341	0.00463	0.01267	0.00588	0.00544
5	0.01642	0.11107	0.37362	0.02102	0.11699	0.08729	0.07827	0.08084	0.01607	0.02170	0.01191	0.01414	0.00903	0.00627	0.00619	0.00196	0.00929	0.00513	0.00328	0.00953
6	0.01223	0.01113	0.01609	0.23711	0.13233	0.01254	0.01301	0.01718	0.10470	0.01904	0.02782	0.11481	0.16378	0.01098	0.00843	0.00229	0.07520	0.00923	0.00450	0.00759
7	0.00800	0.00582	0.00755	0.00894	0.00949	0.00537	0.00601	0.00919	0.01282	0.01690	0.03908	0.69990	0.10618	0.02026	0.00835	0.00263	0.00377	0.01827	0.00611	0.00537
8	0.01621	0.01395	0.02301	0.26233	0.41927	0.01484	0.01826	0.02080	0.04590	0.08096	0.01397	0.01758	0.01084	0.00642	0.00655	0.00205	0.00782	0.00600	0.00372	0.00951
9	0.08922	0.23797	0.08349	0.11716	0.11984	0.12105	0.01417	0.03832	0.05290	0.02006	0.04012	0.01522	0.01150	0.00660	0.00560	0.00183	0.00787	0.00499	0.00357	0.00853
10	0.01576	0.09847	0.16507	0.11764	0.12277	0.18855	0.01545	0.01933	0.01503	0.01808	0.01839	0.08382	0.07768	0.00852	0.00638	0.00198	0.00847	0.00689	0.00361	0.00810
11	0.07340	0.01010	0.01212	0.01052	0.01363	0.01009	0.00828	0.13060	0.01789	0.21247	0.11181	0.13806	0.07914	0.01580	0.09061	0.00309	0.00636	0.00933	0.03848	0.00819
12	0.07724	0.01609	0.13087	0.01897	0.16284	0.01319	0.03561	0.11070	0.03722	0.05484	0.04124	0.09525	0.01822	0.00930	0.00670	0.00211	0.00678	0.07947	0.00476	0.07860

[dist]
# distance from previous block
# <min> <max>
0	2

[block]
# block no. 4 follows, 33 sequences, length 52
# corresponding to MSA columns:
# 499-550
name=unknown_E
#
# <colnr> <probs for GDERKNQSTAVLIFYWHMCP>
#	G	D	E	R	K	N	Q	S	T	A	V	L	I	F	Y	W	H	M	C	P
0	0.01988	0.13981	0.01942	0.03847	0.07182	0.10247	0.01133	0.10982	0.05324	0.16734	0.01838	0.10220	0.01579	0.03792	0.00799	0.00214	0.04051	0.00707	0.00515	0.02926
1	0.01622	0.01420	0.01748	0.12834	0.04438	0.05245	0.04183	0.17436	0.10519	0.02484	0.05315	0.09963	0.03544	0.00955	0.00823	0.00212	0.08083	0.00776	0.00499	0.07901
2	0.01522	0.01471	0.02013	0.01712	0.01752	0.02018	0.01426	0.06861	0.01168	0.01781	0.00919	0.01451	0.00884	0.01125	0.02046	0.00281	0.69926	0.00577	0.00316	0.00751
3	0.16134	0.01294	0.03562	0.06514	0.13163	0.01280	0.01147	0.10514	0.04469	0.11955	0.01883	0.15117	0.01686	0.00923	0.00630	0.00206	0.00600	0.00775	0.00515	0.07632
4	0.33629	0.01807	0.01482	0.01370	0.05292	0.21650	0.01023	0.02049	0.01376	0.02261	0.00998	0.01219	0.00827	0.00664	0.00669	0.00185	0.08567	0.00416	0.00369	0.14147
5	0.02098	0.12382	0.02180	0.01541	0.01904	0.10287	0.01289	0.34078	0.02129	0.02784	0.01224	0.01424	0.00979	0.00847	0.01037	0.00212	0.21674	0.00535	0.00467	0.00930
6	0.01651	0.01565	0.02008	0.14129	0.18045	0.08733	0.01511	0.03973	0.12191	0.04293	0.01398	0.01720	0.01133	0.00829	0.01066	0.00226	0.21655	0.00595	0.02410	0.00868
7	0.00941	0.00720	0.00795	0.00768	0.00986	0.00641	0.00578	0.01229	0.05224	0.04750	0.20923	0.08775	0.48221	0.01540	0.00770	0.00220	0.00349	0.01305	0.00648	0.00616
8	0.81514	0.01273	0.00968	0.00866	0.01273	0.01477	0.00713	0.01935	0.01120	0.02954	0.00917	0.01069	0.00713	0.00611	0.00407	0.00204	0.00509	0.00356	0.00407	0.00713
9	0.00778	0.00667	0.00667	0.00667	0.00889	0.00556	0.00500	0.00945	0.01501	0.01778	0.06669	0.06336	0.72490	0.01667	0.00778	0.00222	0.00333	0.01389	0.00611	0.00556
10	0.32670	0.01178	0.01316	0.01056	0.01526	0.01160	0.00871	0.02727	0.01595	0.46637	0.01962	0.01798	0.01283	0.00738	0.00566	0.00204	0.00541	0.00546	0.00661	0.00966
11	0.01440	0.01440	0.02016	0.01728	0.01728	0.02016	0.01440	0.01584	0.01008	0.01584	0.00864	0.01440	0.00864	0.01152	0.02160	0.00288	0.75659	0.00576	0.00288	0.00720
12	0.01637	0.01414	0.01489	0.01340	0.01712	0.01637	0.01042	0.03498	0.71568	0.02754	0.02679	0.02456	0.02010	0.00893	0.00670	0.00223	0.00521	0.00744	0.00670	0.01042
13	0.01243	0.01170	0.01975	0.75282	0.04534	0.01463	0.01828	0.01682	0.01316	0.01682	0.01170	0.01755	0.00878	0.00658	0.00658	0.00219	0.00878	0.00585	0.00293	0.00731
14	0.01144	0.00572	0.00858	0.00858	0.00858	0.00572	0.00572	0.00858	0.00858	0.01144	0.01144	0.02001	0.01144	0.02287	0.02573	0.80846	0.00572	0.00572	0.00286	0.00286
15	0.02954	0.01120	0.01528	0.01171	0.01681	0.00968	0.00968	0.03208	0.01884	0.73213	0.02597	0.02241	0.01630	0.00815	0.00662	0.00204	0.00560	0.00662	0.00815	0.01120
16	0.01637	0.01414	0.01489	0.01340	0.01712	0.01637	0.01042	0.03498	0.71568	0.02754	0.02679	0.02456	0.02010	0.00893	0.00670	0.00223	0.00521	0.00744	0.00670	0.01042
17	0.01263	0.01154	0.01601	0.01440	0.01501	0.01493	0.01194	0.01471	0.01285	0.01885	0.17244	0.03228	0.02550	0.01308	0.01640	0.00273	0.46167	0.12186	0.00439	0.00679
18	0.81514	0.01273	0.00968	0.00866	0.01273	0.01477	0.00713	0.01935	0.01120	0.02954	0.00917	0.01069	0.00713	0.00611	0.00407	0.00204	0.00509	0.00356	0.00407	0.00713
19	0.32708	0.01296	0.01425	0.01484	0.13323	0.01354	0.00995	0.11462	0.01564	0.05906	0.01534	0.01680	0.04175	0.00686	0.00526	0.00184	0.00559	0.00514	0.07492	0.11134
20	0.01449	0.01328	0.02078	0.02831	0.44761	0.01248	0.01511	0.01777	0.01432	0.02085	0.01547	0.11763	0.01477	0.00763	0.00635	0.00180	0.00652	0.00712	0.00381	0.21390
21	0.01824	0.01553	0.01577	0.01367	0.01758	0.05434	0.01075	0.17517	0.49550	0.02983	0.06273	0.02343	0.01997	0.00886	0.00669	0.00214	0.00587	0.00721	0.00653	0.01020
22	0.01819	0.71000	0.03316	0.01175	0.01719	0.08653	0.01139	0.02027	0.01382	0.01554	0.00924	0.01067	0.00845	0.00573	0.00437	0.00143	0.00745	0.00358	0.00286	0.00838
23	0.01469	0.05072	0.32035	0.02057	0.17624	0.01445	0.01760	0.05087	0.07528	0.04408	0.01729	0.04119	0.03872	0.07906	0.00898	0.00246	0.00786	0.00652	0.00389	0.00919
24	0.02459	0.03138	0.01866	0.01696	0.02035	0.74221	0.01272	0.02629	0.01866	0.01611	0.01018	0.01187	0.00848	0.00678	0.00594	0.00170	0.01187	0.00424	0.00339	0.00763
25	0.02864	0.01264	0.01617	0.01240	0.01752	0.01181	0.01024	0.16606	0.02125	0.59475	0.02395	0.02109	0.01528	0.00810	0.00661	0.00202	0.00593	0.00648	0.00784	0.01120
26	0.01440	0.01440	0.02016	0.01728	0.01728	0.02016	0.01440	0.01584	0.01008	0.01584	0.00864	0.01440	0.00864	0.01152	0.02160	0.00288	0.75659	0.00576	0.00288	0.00720
27	0.01365	0.01170	0.01365	0.00975	0.01560	0.00878	0.00780	0.01658	0.01365	0.02145	0.01170	0.01365	0.00975	0.00488	0.00488	0.00098	0.00488	0.00390	0.00390	0.80888
28	0.01440	0.01440	0.02016	0.01728	0.01728	0.02016	0.01440	0.01584	0.01008	0.01584	0.00864	0.01440	0.00864	0.01152	0.02160	0.00288	0.75659	0.00576	0.00288	0.00720
29	0.01240	0.00982	0.01433	0.01252	0.01457	0.01051	0.09330	0.05044	0.01525	0.02211	0.14664	0.06089	0.05739	0.04547	0.01055	0.00248	0.11912	0.12618	0.16926	0.00675
30	0.01760	0.77260	0.03450	0.01126	0.01690	0.02605	0.01126	0.01971	0.01338	0.01549	0.00915	0.01056	0.00845	0.00563	0.00422	0.00141	0.00704	0.00352	0.00282	0.00845
31	0.01149	0.00764	0.01063	0.01019	0.01136	0.00813	0.00755	0.01239	0.01111	0.05885	0.01919	0.14765	0.01954	0.09033	0.26821	0.16646	0.06695	0.00861	0.00412	0.05958
32	0.01872	0.01617	0.02350	0.06003	0.49776	0.07862	0.01752	0.04986	0.01639	0.11141	0.01474	0.01857	0.01185	0.00674	0.00657	0.00199	0.00785	0.02757	0.00410	0.01005
33	0.04098	0.08887	0.12353	0.16321	0.21760	0.11762	0.08724	0.02034	0.01475	0.01954	0.01190	0.01533	0.00946	0.00620	0.00618	0.00195	0.00884	0.00541	0.03230	0.00875
34	0.01446	0.01499	0.01956	0.62981	0.04116	0.13625	0.01735	0.01840	0.01408	0.01670	0.01145	0.01660	0.00873	0.00662	0.00647	0.00211	0.00929	0.00558	0.00300	0.00737
35	0.00817	0.00649	0.00734	0.00754	0.00924	0.00566	0.00550	0.01006	0.01532	0.01951	0.20738	0.20420	0.43678	0.01677	0.00790	0.00228	0.00338	0.01444	0.00637	0.00566
36	0.02694	0.01537	0.01786	0.01369	0.01888	0.01586	0.01131	0.41995	0.02582	0.33441	0.02012	0.01861	0.01336	0.00801	0.00660	0.00200	0.00655	0.00622	0.00725	0.01120
37	0.00797	0.00593	0.00743	0.00863	0.00941	0.00539	0.00587	0.00923	0.01312	0.01701	0.04279	0.61431	0.18937	0.01978	0.00827	0.00258	0.00372	0.01768	0.00611	0.00539
38	0.01191	0.00730	0.00963	0.00872	0.01073	0.00666	0.00666	0.01495	0.01866	0.11703	0.63444	0.04574	0.05623	0.01278	0.00762	0.00207	0.00343	0.01123	0.00736	0.00685
39	0.01440	0.01440	0.02016	0.01728	0.01728	0.02016	0.01440	0.01584	0.01008	0.01584	0.00864	0.01440	0.00864	0.01152	0.02160	0.00288	0.75659	0.00576	0.00288	0.00720
40	0.02459	0.03138	0.01866	0.01696	0.02035	0.74221	0.01272	0.02629	0.01866	0.01611	0.01018	0.01187	0.00848	0.00678	0.00594	0.00170	0.01187	0.00424	0.00339	0.00763
41	0.81514	0.01273	0.00968	0.00866	0.01273	0.01477	0.00713	0.01935	0.01120	0.02954	0.00917	0.01069	0.00713	0.00611	0.00407	0.00204	0.00509	0.00356	0.00407	0.00713
42	0.01478	0.01258	0.01348	0.01235	0.01566	0.01419	0.00963	0.02992	0.56477	0.02619	0.08406	0.03241	0.08615	0.01043	0.00700	0.00226	0.00493	0.04311	0.00666	0.00945
43	0.00805	0.00668	0.00704	0.00695	0.00906	0.00567	0.00521	0.00996	0.01563	0.01927	0.18042	0.06090	0.61025	0.01612	0.00778	0.00220	0.00329	0.01355	0.00631	0.00567
44	0.01723	0.29361	0.14294	0.01353	0.01895	0.01952	0.01322	0.16598	0.10711	0.02341	0.01436	0.01599	0.01154	0.01226	0.10020	0.00293	0.00866	0.00521	0.00420	0.00917
45	0.02459	0.03138	0.01866	0.01696	0.02035	0.74221	0.01272	0.02629	0.01866	0.01611	0.01018	0.01187	0.00848	0.00678	0.00594	0.00170	0.01187	0.00424	0.00339	0.00763
46	0.01119	0.00865	0.01033	0.00984	0.01156	0.00938	0.00727	0.05089	0.13411	0.01858	0.02807	0.03551	0.13703	0.20721	0.28422	0.00629	0.00986	0.00881	0.00478	0.00643
47	0.01759	0.04552	0.12935	0.09290	0.04252	0.01237	0.01269	0.07811	0.01672	0.20261	0.08586	0.07252	0.05045	0.00932	0.00737	0.00209	0.04523	0.00759	0.06041	0.00876
48	0.01510	0.13033	0.25735	0.01571	0.02182	0.01534	0.10504	0.08674	0.04149	0.03907	0.07794	0.03860	0.03806	0.00851	0.00741	0.04384	0.00768	0.00655	0.00413	0.03929
49	0.00806	0.00585	0.00761	0.00892	0.00951	0.00540	0.00602	0.00933	0.01306	0.01729	0.06763	0.67640	0.10065	0.02000	0.00832	0.00261	0.00375	0.01803	0.00616	0.00540
50	0.01334	0.01182	0.01909	0.08245	0.39370	0.01224	0.01441	0.01614	0.01289	0.01814	0.01509	0.02401	0.01435	0.18475	0.13563	0.00441	0.00921	0.00690	0.00344	0.00798
51	0.01838	0.01911	0.11111	0.05204	0.28071	0.08315	0.03878	0.10573	0.06630	0.07487	0.01422	0.01649	0.01097	0.00712	0.00778	0.00207	0.07139	0.00582	0.00417	0.00980

[dist]
# distance from previous block
# <min> <max>
0	4

[block]
# block no. 5 follows, 33 sequences, length 6
# corresponding to MSA columns:
# 555-560
name=unknown_F
#
# <colnr> <probs for GDERKNQSTAVLIFYWHMCP>
#	G	D	E	R	K	N	Q	S	T	A	V	L	I	F	Y	W	H	M	C	P
0	0.01508	0.10371	0.19596	0.01673	0.08270	0.01470	0.04806	0.01935	0.04266	0.07518	0.01529	0.02189	0.01340	0.11135	0.01173	0.00264	0.09646	0.03766	0.00386	0.07159
1	0.00972	0.00699	0.00901	0.01005	0.01097	0.00685	0.00724	0.06477	0.01441	0.01916	0.03447	0.60959	0.04020	0.01928	0.00835	0.00267	0.00440	0.10982	0.00614	0.00591
2	0.01044	0.01151	0.09697	0.10410	0.10159	0.00922	0.01149	0.01360	0.01466	0.01937	0.10716	0.15406	0.23416	0.01335	0.00752	0.00230	0.00558	0.07089	0.00511	0.00692
3	0.05342	0.08055	0.20654	0.05935	0.05435	0.05115	0.08901	0.11340	0.01669	0.07525	0.01420	0.01627	0.01058	0.00684	0.00650	0.00196	0.03024	0.00553	0.09913	0.00901
4	0.01812	0.01672	0.02554	0.12190	0.36098	0.07041	0.11901	0.10243	0.01723	0.06382	0.01346	0.01663	0.01044	0.00635	0.00668	0.00201	0.00853	0.00607	0.00391	0.00973
5	0.44818	0.01419	0.01429	0.01613	0.16445	0.06684	0.01032	0.01914	0.01292	0.02519	0.01174	0.05464	0.01028	0.00678	0.00506	0.00190	0.00607	0.00499	0.00395	0.10295

[dist]
# distance from previous block
# <min> <max>
0	38

[block]
# block no. 6 follows, 33 sequences, length 23
# corresponding to MSA columns:
# 599-621
name=unknown_G
#
# <colnr> <probs for GDERKNQSTAVLIFYWHMCP>
#	G	D	E	R	K	N	Q	S	T	A	V	L	I	F	Y	W	H	M	C	P
0	0.01468	0.07803	0.06878	0.01416	0.12170	0.04801	0.01020	0.01766	0.01529	0.09918	0.06259	0.03140	0.19597	0.00968	0.00623	0.00189	0.00544	0.00797	0.18338	0.00775
1	0.01228	0.01022	0.03217	0.01069	0.02958	0.00920	0.00803	0.01654	0.10804	0.03556	0.05993	0.07254	0.05937	0.20865	0.01394	0.00307	0.02106	0.06655	0.00492	0.21767
2	0.01212	0.01171	0.05788	0.07622	0.15133	0.01100	0.08259	0.01430	0.01178	0.01622	0.01660	0.03035	0.01712	0.40563	0.02145	0.00437	0.04134	0.00794	0.00358	0.00646
3	0.01140	0.00933	0.01486	0.13130	0.10561	0.00967	0.07140	0.01426	0.01370	0.01945	0.04560	0.29407	0.02623	0.01262	0.00752	0.00229	0.02248	0.04677	0.13461	0.00682
4	0.01907	0.01500	0.01653	0.01259	0.01794	0.01486	0.01021	0.32832	0.10047	0.03114	0.01525	0.01585	0.01156	0.00669	0.00585	0.00157	0.00598	0.00521	0.00542	0.36048
5	0.01718	0.34517	0.26607	0.01588	0.02263	0.12322	0.06612	0.03996	0.01494	0.01849	0.01067	0.01253	0.00860	0.00606	0.00547	0.00175	0.00892	0.00445	0.00303	0.00887
6	0.02050	0.01619	0.01721	0.01423	0.01869	0.01830	0.01142	0.35441	0.38954	0.03418	0.02156	0.02039	0.01586	0.00844	0.00664	0.00211	0.00618	0.00672	0.00664	0.01079
7	0.01760	0.77260	0.03450	0.01126	0.01690	0.02605	0.01126	0.01971	0.01338	0.01549	0.00915	0.01056	0.00845	0.00563	0.00422	0.00141	0.00704	0.00352	0.00282	0.00845
8	0.02155	0.01671	0.01780	0.01444	0.01909	0.01879	0.01167	0.43600	0.30624	0.03588	0.02022	0.01933	0.01477	0.00832	0.00663	0.00208	0.00643	0.00654	0.00663	0.01088
9	0.01641	0.02965	0.57659	0.01751	0.02623	0.01498	0.02134	0.08160	0.01604	0.11766	0.01405	0.01520	0.00965	0.00665	0.00633	0.00207	0.00896	0.00519	0.00383	0.01005
10	0.01799	0.01040	0.01284	0.01065	0.01392	0.01014	0.00846	0.16484	0.02131	0.21585	0.38942	0.03502	0.03921	0.01088	0.00721	0.00204	0.00464	0.00924	0.00734	0.00859
11	0.00827	0.00659	0.00741	0.00741	0.00924	0.00573	0.00548	0.01032	0.01587	0.02030	0.26291	0.12906	0.45597	0.01609	0.00784	0.00222	0.00331	0.01377	0.00646	0.00573
12	0.02954	0.01120	0.01528	0.01171	0.01681	0.00968	0.00968	0.03208	0.01884	0.73213	0.02597	0.02241	0.01630	0.00815	0.00662	0.00204	0.00560	0.00662	0.00815	0.01120
13	0.01836	0.02186	0.01496	0.01388	0.01649	0.44809	0.01046	0.02006	0.01641	0.01641	0.02377	0.06727	0.15724	0.01353	0.07101	0.00269	0.04915	0.00737	0.00409	0.00690
14	0.00841	0.00597	0.00745	0.00846	0.00888	0.00563	0.00547	0.00929	0.01199	0.01582	0.03452	0.52250	0.08999	0.21610	0.01493	0.00361	0.00445	0.01596	0.00556	0.00501
15	0.00809	0.00668	0.00710	0.00700	0.00908	0.00569	0.00525	0.01005	0.01575	0.01954	0.20069	0.06047	0.58981	0.01602	0.00778	0.00219	0.00329	0.01349	0.00634	0.00569
16	0.81514	0.01273	0.00968	0.00866	0.01273	0.01477	0.00713	0.01935	0.01120	0.02954	0.00917	0.01069	0.00713	0.00611	0.00407	0.00204	0.00509	0.00356	0.00407	0.00713
17	0.01086	0.00793	0.01069	0.01116	0.02860	0.00843	0.00803	0.06948	0.01382	0.01890	0.07419	0.34073	0.03066	0.02345	0.14232	0.09288	0.04933	0.04739	0.00516	0.00599
18	0.01316	0.01972	0.25747	0.01625	0.05673	0.07578	0.03627	0.01711	0.01271	0.01778	0.01408	0.02034	0.01245	0.09393	0.20472	0.00478	0.08950	0.00612	0.02346	0.00762
19	0.00858	0.00622	0.00863	0.00976	0.01044	0.00627	0.00701	0.01018	0.01227	0.01663	0.03129	0.51875	0.03602	0.02796	0.20060	0.00477	0.00760	0.06604	0.00543	0.00554
20	0.01670	0.62206	0.17718	0.01279	0.01926	0.02386	0.01393	0.01994	0.01348	0.01658	0.00969	0.01124	0.00843	0.00576	0.00464	0.00155	0.00759	0.00379	0.00281	0.00871
21	0.01426	0.05306	0.13667	0.08044	0.14410	0.05217	0.14607	0.05366	0.01514	0.02026	0.01820	0.19979	0.01787	0.00970	0.00705	0.00218	0.00799	0.00903	0.00403	0.00832
22	0.45276	0.01192	0.01163	0.01160	0.06999	0.01294	0.00832	0.01973	0.08601	0.02729	0.09744	0.01824	0.01610	0.00724	0.00509	0.00193	0.00495	0.00533	0.05103	0.08047

[dist]
# distance from previous block
# <min> <max>
0	104

[block]
# block no. 7 follows, 33 sequences, length 29
# corresponding to MSA columns:
# 726-754
name=unknown_H
#
# <colnr> <probs for GDERKNQSTAVLIFYWHMCP>
#	G	D	E	R	K	N	Q	S	T	A	V	L	I	F	Y	W	H	M	C	P
0	0.11406	0.01591	0.12260	0.02987	0.04245	0.08690	0.08694	0.01803	0.01410	0.08081	0.02136	0.18372	0.05220	0.01457	0.08409	0.00308	0.00831	0.00888	0.00452	0.00762
1	0.04661	0.29950	0.11159	0.01477	0.05313	0.09749	0.01320	0.14703	0.04011	0.06756	0.01289	0.01389	0.01006	0.00656	0.00544	0.00173	0.00762	0.00470	0.02050	0.02561
2	0.01111	0.00714	0.00857	0.00844	0.00939	0.00686	0.00548	0.01258	0.03914	0.06908	0.05258	0.22505	0.02909	0.42451	0.02165	0.00452	0.00542	0.01145	0.00507	0.04287
3	0.01263	0.01810	0.23782	0.01719	0.04295	0.01224	0.16535	0.03991	0.01416	0.01990	0.06155	0.07308	0.01885	0.13400	0.07347	0.00359	0.00908	0.03450	0.00392	0.00772
4	0.01634	0.20608	0.14743	0.01430	0.01962	0.07407	0.05743	0.10326	0.07664	0.02203	0.03858	0.07129	0.03668	0.00837	0.00615	0.00190	0.00740	0.02899	0.00432	0.05910
5	0.02954	0.01120	0.01528	0.01171	0.01681	0.00968	0.00968	0.03208	0.01884	0.73213	0.02597	0.02241	0.01630	0.00815	0.00662	0.00204	0.00560	0.00662	0.00815	0.01120
6	0.00946	0.00680	0.00868	0.00861	0.00995	0.00641	0.00647	0.01195	0.01635	0.02251	0.45351	0.05317	0.09718	0.13804	0.01219	0.00294	0.00413	0.11943	0.00645	0.00578
7	0.01674	0.01649	0.04778	0.06158	0.28902	0.09279	0.12876	0.02030	0.01533	0.07694	0.04782	0.07745	0.01537	0.00802	0.00782	0.00211	0.05535	0.00732	0.00403	0.00896
8	0.01968	0.02009	0.07587	0.11438	0.07247	0.17013	0.01422	0.24908	0.09468	0.02675	0.01728	0.01968	0.04020	0.00799	0.00655	0.00202	0.00826	0.02652	0.00487	0.00930
9	0.02148	0.01193	0.01424	0.01172	0.01573	0.01206	0.00940	0.12956	0.18188	0.30733	0.13642	0.02635	0.02380	0.00912	0.00669	0.00205	0.00520	0.00753	0.05763	0.00990
10	0.00847	0.00651	0.00776	0.00784	0.00942	0.00579	0.00573	0.01064	0.01606	0.02122	0.33724	0.19525	0.31211	0.01610	0.00790	0.00225	0.00333	0.01401	0.00659	0.00579
11	0.09377	0.01764	0.06687	0.06412	0.23662	0.01762	0.04863	0.31980	0.02148	0.03067	0.01355	0.01555	0.01021	0.00683	0.00637	0.00201	0.00765	0.00571	0.00474	0.01017
12	0.01439	0.06499	0.09259	0.31846	0.20188	0.01608	0.15981	0.01906	0.01417	0.01910	0.01204	0.01651	0.00936	0.00611	0.00663	0.00208	0.00900	0.00601	0.00307	0.00867
13	0.00802	0.00573	0.00764	0.00917	0.00955	0.00535	0.00611	0.00917	0.01260	0.01681	0.03628	0.76434	0.04354	0.02062	0.00840	0.00267	0.00382	0.01872	0.00611	0.00535
14	0.01456	0.07521	0.32317	0.08354	0.12204	0.01643	0.23058	0.02043	0.01445	0.02031	0.01216	0.01546	0.00916	0.00597	0.00664	0.00207	0.00964	0.00587	0.00303	0.00928
15	0.81514	0.01273	0.00968	0.00866	0.01273	0.01477	0.00713	0.01935	0.01120	0.02954	0.00917	0.01069	0.00713	0.00611	0.00407	0.00204	0.00509	0.00356	0.00407	0.00713
16	0.01776	0.01483	0.01567	0.01368	0.01765	0.01702	0.01076	0.14264	0.60576	0.02978	0.02503	0.02316	0.01867	0.00877	0.00668	0.00219	0.00554	0.00720	0.00668	0.01054
17	0.01144	0.00572	0.00858	0.00858	0.00858	0.00572	0.00572	0.00858	0.00858	0.01144	0.01144	0.02001	0.01144	0.02287	0.02573	0.80846	0.00572	0.00572	0.00286	0.00286
18	0.40757	0.01285	0.01314	0.01067	0.01530	0.01348	0.00881	0.11060	0.01668	0.30673	0.01660	0.01593	0.01124	0.00714	0.00539	0.00203	0.00556	0.00506	0.00599	0.00924
19	0.00825	0.00613	0.00726	0.00805	0.00890	0.00561	0.00537	0.00933	0.01272	0.01631	0.04222	0.41827	0.24020	0.16449	0.01309	0.00326	0.00417	0.01552	0.00570	0.00515
20	0.01526	0.00715	0.00819	0.00752	0.00970	0.00680	0.00578	0.01814	0.01507	0.16346	0.07099	0.06136	0.02113	0.00878	0.00540	0.00172	0.00360	0.00723	0.55561	0.00710
21	0.00867	0.00668	0.00800	0.00837	0.01001	0.00602	0.00640	0.01083	0.01555	0.02009	0.22077	0.17412	0.33756	0.01675	0.00809	0.00239	0.00380	0.12373	0.00639	0.00577
22	0.01011	0.00695	0.00858	0.00895	0.01069	0.00629	0.00690	0.01218	0.01520	0.06780	0.13674	0.22776	0.28518	0.01692	0.00812	0.00246	0.00414	0.15255	0.00639	0.00608
23	0.01812	0.01561	0.01936	0.01588	0.01825	0.01934	0.01314	0.25518	0.05053	0.02562	0.01216	0.01531	0.01013	0.00972	0.01464	0.00241	0.41402	0.00578	0.00441	0.06039
24	0.01778	0.01417	0.02199	0.06587	0.34291	0.01459	0.05936	0.02427	0.15072	0.13613	0.01938	0.02082	0.04114	0.00746	0.00722	0.00209	0.03260	0.00672	0.00479	0.00998
25	0.01960	0.42846	0.02705	0.01313	0.01772	0.11016	0.01173	0.09041	0.06106	0.06785	0.01217	0.01335	0.01003	0.00699	0.00678	0.00175	0.08453	0.00454	0.00388	0.00881
26	0.06519	0.04967	0.01418	0.01236	0.01403	0.14633	0.00964	0.01560	0.01224	0.01639	0.01543	0.07132	0.01516	0.07559	0.31923	0.00598	0.12469	0.00690	0.00361	0.00645
27	0.01389	0.01353	0.06141	0.01339	0.08753	0.00988	0.01010	0.01721	0.01380	0.02142	0.01178	0.01393	0.00973	0.00506	0.00513	0.00114	0.00548	0.00416	0.00376	0.67765
28	0.01863	0.27982	0.04725	0.01620	0.06392	0.26094	0.01304	0.02080	0.01453	0.01630	0.01028	0.01313	0.00916	0.00998	0.05815	0.00242	0.12983	0.00455	0.00309	0.00797

[dist]
# distance from previous block
# <min> <max>
0	1

[block]
# block no. 8 follows, 33 sequences, length 15
# corresponding to MSA columns:
# 756-770
name=unknown_I
#
# <colnr> <probs for GDERKNQSTAVLIFYWHMCP>
#	G	D	E	R	K	N	Q	S	T	A	V	L	I	F	Y	W	H	M	C	P
0	0.00867	0.00636	0.00806	0.00916	0.01010	0.00596	0.00669	0.01022	0.01334	0.01726	0.04031	0.42055	0.16831	0.08501	0.01064	0.00299	0.00444	0.16059	0.00591	0.00542
1	0.00901	0.00678	0.00830	0.00829	0.00973	0.00647	0.00616	0.01102	0.01442	0.01910	0.23004	0.05118	0.25439	0.14659	0.12649	0.00425	0.00624	0.07031	0.00566	0.00557
2	0.01144	0.00681	0.00887	0.00885	0.01035	0.00627	0.00644	0.01370	0.01584	0.10555	0.30677	0.32816	0.04536	0.01517	0.00761	0.00226	0.00368	0.01348	0.07694	0.00645
3	0.02920	0.01174	0.01561	0.01197	0.01707	0.01047	0.00989	0.08215	0.01974	0.68079	0.02522	0.02192	0.01592	0.00813	0.00662	0.00203	0.00572	0.00657	0.00803	0.01120
4	0.01683	0.01069	0.01644	0.44347	0.03202	0.01201	0.01390	0.02053	0.01473	0.20298	0.01693	0.01991	0.01200	0.00716	0.00628	0.00205	0.00706	0.00609	0.13078	0.00813
5	0.02050	0.02174	0.02000	0.01846	0.07186	0.29463	0.01382	0.15496	0.01779	0.02138	0.01090	0.01385	0.00921	0.00859	0.01159	0.00218	0.27109	0.00522	0.00383	0.00839
6	0.62160	0.01788	0.18462	0.01110	0.01654	0.01489	0.01128	0.01971	0.01185	0.02744	0.00981	0.01147	0.00742	0.00615	0.00460	0.00205	0.00621	0.00388	0.00376	0.00776
7	0.02379	0.01532	0.01689	0.01317	0.01783	0.01640	0.01081	0.48575	0.02626	0.15420	0.01839	0.01827	0.01293	0.00791	0.00628	0.00192	0.00632	0.00608	0.13108	0.01041
8	0.01365	0.01170	0.01365	0.00975	0.01560	0.00878	0.00780	0.01658	0.01365	0.02145	0.01170	0.01365	0.00975	0.00488	0.00488	0.00098	0.00488	0.00390	0.00390	0.80888
9	0.00833	0.00595	0.00799	0.00951	0.01003	0.00561	0.00664	0.00969	0.01290	0.01715	0.03612	0.68305	0.04288	0.02034	0.00848	0.00272	0.00408	0.09699	0.00611	0.00543
10	0.00899	0.00707	0.00934	0.00991	0.01054	0.00741	0.00712	0.01045	0.01319	0.01790	0.11634	0.52001	0.10095	0.01824	0.01001	0.00259	0.10262	0.01579	0.00582	0.00571
11	0.00883	0.00643	0.00782	0.00793	0.00901	0.00595	0.00548	0.01058	0.01471	0.01983	0.30711	0.19832	0.16802	0.18445	0.01366	0.00319	0.00403	0.01315	0.00608	0.00542
12	0.55922	0.01217	0.01108	0.00980	0.01382	0.01347	0.00808	0.02221	0.06643	0.14594	0.01536	0.01875	0.01209	0.00763	0.00510	0.00213	0.00526	0.05836	0.00511	0.00798
13	0.01481	0.01196	0.01677	0.14142	0.18292	0.01270	0.01262	0.10199	0.09278	0.05232	0.16277	0.04849	0.06080	0.04888	0.00834	0.00232	0.00617	0.00826	0.00525	0.00845
14	0.01885	0.07652	0.02319	0.11856	0.11734	0.07213	0.11188	0.18405	0.08067	0.06612	0.05372	0.01863	0.01403	0.00726	0.00658	0.00200	0.00791	0.00635	0.00479	0.00941

[dist]
# distance from previous block
# <min> <max>
1	28

[block]
# block no. 9 follows, 33 sequences, length 40
# corresponding to MSA columns:
# 799-838
name=unknown_J
#
# <colnr> <probs for GDERKNQSTAVLIFYWHMCP>
#	G	D	E	R	K	N	Q	S	T	A	V	L	I	F	Y	W	H	M	C	P
0	0.22138	0.10627	0.02007	0.11710	0.09055	0.18097	0.07072	0.02029	0.01476	0.02135	0.06834	0.01614	0.01284	0.00680	0.00571	0.00192	0.00798	0.00528	0.00373	0.00782
1	0.22306	0.02023	0.16096	0.01774	0.02330	0.06104	0.19149	0.11129	0.01581	0.02512	0.01164	0.01424	0.00887	0.00680	0.00759	0.00215	0.08075	0.00547	0.00381	0.00866
2	0.00868	0.00670	0.00795	0.00789	0.00966	0.00597	0.00597	0.01107	0.01657	0.02185	0.36861	0.09670	0.33677	0.01549	0.00789	0.00223	0.00342	0.05407	0.00664	0.00588
3	0.00971	0.00745	0.01000	0.00982	0.01058	0.00844	0.00719	0.01116	0.01074	0.01491	0.02303	0.07807	0.08045	0.24992	0.35931	0.00742	0.08347	0.00896	0.00398	0.00540
4	0.01063	0.00708	0.00888	0.00822	0.01020	0.00635	0.00624	0.01339	0.01789	0.08177	0.52900	0.04999	0.19806	0.01371	0.00768	0.00210	0.00336	0.01190	0.00708	0.00648
5	0.13360	0.01185	0.01481	0.01152	0.01648	0.01101	0.00951	0.07151	0.01857	0.59665	0.02312	0.02045	0.01477	0.00786	0.00628	0.00203	0.00563	0.00617	0.00751	0.01066
6	0.02503	0.01844	0.01976	0.01515	0.02042	0.02042	0.01251	0.70562	0.03095	0.04149	0.01581	0.01581	0.01120	0.00790	0.00659	0.00198	0.00724	0.00593	0.00659	0.01120
7	0.01320	0.03405	0.73453	0.01876	0.02849	0.01529	0.02432	0.02085	0.01390	0.02085	0.01181	0.01390	0.00834	0.00625	0.00625	0.00208	0.00973	0.00486	0.00278	0.00973
8	0.01432	0.01191	0.01426	0.01141	0.01545	0.01156	0.00911	0.02007	0.14932	0.04836	0.10386	0.02063	0.01838	0.00779	0.00802	0.00166	0.11096	0.00595	0.00487	0.41212
9	0.02067	0.01386	0.01488	0.01230	0.01623	0.06014	0.00981	0.24099	0.09678	0.19695	0.11854	0.06629	0.08304	0.01017	0.00692	0.00207	0.00587	0.00830	0.00678	0.00943
10	0.02442	0.01007	0.01364	0.01084	0.01504	0.00880	0.00880	0.02711	0.01879	0.55358	0.20260	0.02918	0.02789	0.00949	0.00691	0.00205	0.00497	0.00796	0.00792	0.00994
11	0.00863	0.00598	0.00746	0.00839	0.00862	0.00575	0.00528	0.00933	0.01142	0.01523	0.03021	0.48252	0.03588	0.31290	0.01821	0.00412	0.00482	0.01514	0.00528	0.00482
12	0.08738	0.01028	0.01242	0.01102	0.01420	0.01013	0.00896	0.10247	0.01712	0.25423	0.02741	0.03980	0.06497	0.11859	0.01092	0.00292	0.00585	0.18684	0.00634	0.00812
13	0.01744	0.01586	0.01903	0.17554	0.11799	0.12916	0.03099	0.11459	0.01692	0.06462	0.01654	0.08127	0.01491	0.00939	0.00852	0.00223	0.09116	0.06114	0.00439	0.00832
14	0.08044	0.03950	0.01389	0.06486	0.01512	0.01252	0.00984	0.01375	0.01067	0.01640	0.01445	0.02308	0.01399	0.13352	0.32602	0.00646	0.18925	0.00658	0.00341	0.00624
15	0.01742	0.01183	0.01356	0.01187	0.01537	0.01266	0.00929	0.02916	0.41229	0.17074	0.18819	0.02983	0.02906	0.00982	0.00693	0.00216	0.00480	0.00831	0.00712	0.00960
16	0.02097	0.24968	0.02417	0.04355	0.08874	0.34631	0.01310	0.07666	0.04477	0.01890	0.01123	0.01291	0.00934	0.00651	0.00558	0.00170	0.00930	0.00450	0.00357	0.00852
17	0.01573	0.12167	0.22056	0.02195	0.08710	0.01766	0.24682	0.07557	0.01550	0.02144	0.01235	0.01557	0.00963	0.00793	0.03432	0.00238	0.05535	0.00596	0.00335	0.00916
18	0.00993	0.00675	0.00909	0.00909	0.01007	0.00747	0.00670	0.01191	0.01092	0.01634	0.01896	0.02932	0.01813	0.19598	0.46405	0.00813	0.01272	0.00743	0.14149	0.00552
19	0.00896	0.00708	0.00815	0.00824	0.00997	0.00657	0.00603	0.01228	0.07224	0.02075	0.23977	0.21705	0.32671	0.01606	0.00783	0.00228	0.00353	0.01392	0.00648	0.00609
20	0.01807	0.01096	0.01351	0.01133	0.01508	0.01042	0.00927	0.15268	0.01973	0.19621	0.19317	0.03549	0.02929	0.01068	0.00707	0.00205	0.00529	0.12668	0.00663	0.12638
21	0.00802	0.00573	0.00764	0.00917	0.00955	0.00535	0.00611	0.00917	0.01260	0.01681	0.03628	0.76434	0.04354	0.02062	0.00840	0.00267	0.00382	0.01872	0.00611	0.00535
22	0.01811	0.02462	0.20467	0.04257	0.20323	0.19549	0.11281	0.08085	0.01702	0.02156	0.01210	0.01479	0.00938	0.00634	0.00649	0.00197	0.00973	0.00548	0.00346	0.00934
23	0.01859	0.66786	0.03226	0.01207	0.01738	0.12724	0.01147	0.02064	0.01412	0.01558	0.00930	0.01075	0.00845	0.00579	0.00447	0.00145	0.00772	0.00362	0.00290	0.00833
24	0.69846	0.06073	0.01196	0.00953	0.01364	0.07802	0.00786	0.01997	0.01198	0.02752	0.00925	0.01079	0.00733	0.00614	0.00424	0.00197	0.00579	0.00362	0.00394	0.00725
25	0.01491	0.27265	0.44486	0.01586	0.02374	0.01888	0.01888	0.02169	0.07408	0.01968	0.01224	0.01373	0.00939	0.00628	0.00563	0.00188	0.00847	0.00465	0.00313	0.00937
26	0.00961	0.00793	0.00858	0.00820	0.01051	0.00753	0.00621	0.01447	0.13296	0.02160	0.22707	0.05327	0.43877	0.01456	0.00760	0.00219	0.00359	0.01231	0.00650	0.00654
27	0.01643	0.00825	0.01099	0.01040	0.01279	0.00764	0.00826	0.01870	0.01563	0.25720	0.08572	0.14898	0.03085	0.09478	0.01044	0.00285	0.00522	0.19839	0.04903	0.00747
28	0.01276	0.01689	0.23235	0.01485	0.07829	0.01105	0.01350	0.07293	0.01669	0.04539	0.20407	0.06659	0.12445	0.01268	0.04608	0.00256	0.00679	0.00892	0.00511	0.00806
29	0.00827	0.00615	0.00771	0.00846	0.00948	0.00559	0.00591	0.00997	0.01447	0.01920	0.20021	0.45845	0.18568	0.01818	0.00813	0.00244	0.00356	0.01618	0.00637	0.00559
30	0.02309	0.08600	0.01946	0.01479	0.01922	0.24540	0.01187	0.26102	0.14534	0.08481	0.01623	0.01620	0.01209	0.00756	0.00620	0.00189	0.00818	0.00552	0.00541	0.00971
31	0.01507	0.07695	0.01761	0.08377	0.11817	0.01300	0.01150	0.07046	0.01466	0.07277	0.01689	0.11693	0.01580	0.03966	0.08005	0.00291	0.06343	0.00730	0.00433	0.15875
32	0.01842	0.20741	0.12685	0.05040	0.09061	0.15018	0.06544	0.02275	0.05247	0.08013	0.01302	0.01466	0.01015	0.00633	0.00580	0.00177	0.00839	0.00499	0.00374	0.06649
