[name]
unknown

[dist]
# distance from previous block
# <min> <max>
0	13

[block]
# block no. 0 follows, 30 sequences, length 14
# corresponding to MSA columns:
# 19-32
name=unknown_A
#
# <colnr> <probs for GDERKNQSTAVLIFYWHMCP>
#	G	D	E	R	K	N	Q	S	T	A	V	L	I	F	Y	W	H	M	C	P
0	0.01692	0.07994	0.07823	0.01648	0.01931	0.19666	0.04424	0.01951	0.01511	0.01866	0.06295	0.09521	0.01875	0.01125	0.01191	0.00244	0.23139	0.04914	0.00408	0.00781
1	0.01518	0.01039	0.01574	0.09445	0.17889	0.01029	0.01206	0.01783	0.01522	0.14332	0.02878	0.27528	0.07357	0.01610	0.05732	0.00303	0.00690	0.01174	0.00561	0.00830
2	0.01288	0.01200	0.02012	0.69175	0.04565	0.01488	0.01856	0.01731	0.01392	0.01783	0.01406	0.06505	0.01164	0.00792	0.00710	0.00236	0.00897	0.00707	0.00332	0.00762
3	0.00887	0.00633	0.00851	0.01013	0.01070	0.00598	0.00711	0.01035	0.01372	0.01822	0.03826	0.66120	0.04536	0.02152	0.00900	0.00288	0.00436	0.10526	0.00647	0.00577
4	0.01476	0.01633	0.12978	0.07015	0.11165	0.01327	0.14406	0.02069	0.09052	0.06576	0.02290	0.22483	0.02190	0.01118	0.00772	0.00242	0.00770	0.01051	0.00495	0.00893
5	0.01432	0.01330	0.02223	0.27938	0.35807	0.01431	0.01811	0.01813	0.01477	0.02020	0.01728	0.14528	0.01655	0.00920	0.00728	0.00229	0.00790	0.00858	0.00386	0.00897
6	0.01400	0.03610	0.71860	0.01989	0.03020	0.01621	0.02578	0.02210	0.01473	0.02210	0.01252	0.01473	0.00884	0.00663	0.00663	0.00221	0.01031	0.00516	0.00295	0.01031
7	0.00848	0.00616	0.00801	0.00950	0.01006	0.00569	0.00638	0.00974	0.01357	0.01790	0.04114	0.69344	0.10119	0.02151	0.00885	0.00279	0.00401	0.01941	0.00648	0.00569
8	0.01757	0.01554	0.02693	0.18485	0.25663	0.03727	0.18051	0.02183	0.01605	0.10238	0.01637	0.06322	0.01336	0.00757	0.00736	0.00224	0.00896	0.00758	0.00419	0.00961
9	0.17214	0.50619	0.02871	0.01183	0.01728	0.06860	0.01105	0.02236	0.01457	0.07749	0.01126	0.01235	0.00938	0.00637	0.00477	0.00170	0.00726	0.00406	0.00375	0.00887
10	0.00908	0.00743	0.00811	0.00846	0.01043	0.00673	0.00626	0.01202	0.06234	0.01942	0.05857	0.22537	0.47310	0.01817	0.00839	0.00251	0.00393	0.04693	0.00652	0.00622
11	0.01579	0.02391	0.25402	0.02573	0.06233	0.01712	0.39238	0.02342	0.07115	0.02285	0.01472	0.01804	0.01092	0.00643	0.00758	0.00230	0.01065	0.00714	0.00363	0.00990
12	0.01698	0.02029	0.15500	0.02152	0.12982	0.09996	0.11299	0.05378	0.03904	0.04550	0.06482	0.02631	0.01812	0.00891	0.00776	0.00225	0.03308	0.07587	0.05885	0.00916
13	0.01682	0.17176	0.20341	0.01443	0.01968	0.07873	0.03626	0.02036	0.01517	0.10536	0.01998	0.17642	0.01920	0.06154	0.00874	0.00247	0.00784	0.00866	0.00459	0.00858

[dist]
# distance from previous block
# <min> <max>
0	16

[block]
# block no. 1 follows, 30 sequences, length 123
# corresponding to MSA columns:
# 49-171
name=unknown_B
#
# <colnr> <probs for GDERKNQSTAVLIFYWHMCP>
#	G	D	E	R	K	N	Q	S	T	A	V	L	I	F	Y	W	H	M	C	P
0	0.04472	0.11392	0.14870	0.01475	0.02036	0.16455	0.01374	0.07938	0.05281	0.05965	0.01644	0.04334	0.03471	0.00790	0.00665	0.00189	0.02902	0.00584	0.00443	0.13720
1	0.01637	0.33078	0.17924	0.01431	0.02013	0.01996	0.03618	0.07779	0.01674	0.02216	0.12089	0.02108	0.04094	0.00832	0.00698	0.00195	0.04673	0.00628	0.00419	0.00899
2	0.15341	0.10520	0.02480	0.01914	0.08869	0.01817	0.14171	0.11335	0.01712	0.09504	0.01373	0.01599	0.01058	0.00738	0.00832	0.00214	0.09839	0.00584	0.00455	0.05643
3	0.10093	0.09229	0.19220	0.01730	0.02368	0.04089	0.11387	0.15451	0.05562	0.02706	0.01597	0.02117	0.01305	0.00801	0.00671	0.00217	0.00850	0.06325	0.00458	0.03824
4	0.00940	0.00711	0.00867	0.00828	0.01013	0.00638	0.00621	0.01225	0.01863	0.02531	0.52116	0.05653	0.25390	0.01526	0.00824	0.00224	0.00336	0.01324	0.00733	0.00638
5	0.13301	0.18149	0.09250	0.01281	0.01726	0.07622	0.01149	0.11221	0.05674	0.02334	0.01492	0.02028	0.01325	0.13084	0.07292	0.00351	0.00866	0.00590	0.00429	0.00835
6	0.02593	0.01071	0.01430	0.01136	0.01592	0.00929	0.00924	0.02862	0.01954	0.54743	0.13130	0.03213	0.09167	0.01034	0.00731	0.00218	0.00532	0.00859	0.00829	0.01052
7	0.01490	0.01860	0.13592	0.08297	0.09251	0.04020	0.12752	0.01887	0.01344	0.01916	0.01254	0.01783	0.01067	0.01460	0.11122	0.00373	0.24707	0.00646	0.00327	0.00852
8	0.01154	0.00949	0.01147	0.01225	0.06338	0.00950	0.00845	0.01796	0.17133	0.02398	0.23069	0.12767	0.22766	0.01454	0.00800	0.00237	0.00441	0.03095	0.00673	0.00762
9	0.01092	0.00847	0.01191	0.01387	0.11848	0.00797	0.00867	0.01361	0.01764	0.02446	0.44163	0.07124	0.13731	0.01447	0.00945	0.06052	0.00433	0.01168	0.00649	0.00689
10	0.09248	0.46122	0.08982	0.01365	0.01920	0.10322	0.01318	0.05738	0.01543	0.01988	0.01042	0.01221	0.00899	0.00671	0.00608	0.00178	0.05179	0.00422	0.00339	0.00892
11	0.37292	0.04145	0.01603	0.03390	0.01850	0.25209	0.01084	0.11048	0.04200	0.02738	0.01173	0.01319	0.00917	0.00707	0.00550	0.00202	0.00825	0.00456	0.00445	0.00846
12	0.02024	0.43507	0.02967	0.08594	0.05624	0.23250	0.01359	0.02268	0.01590	0.01707	0.01045	0.01263	0.00910	0.00644	0.00538	0.00169	0.00920	0.00432	0.00320	0.00869
13	0.01023	0.00939	0.00872	0.00899	0.01085	0.07612	0.00652	0.01182	0.01537	0.01822	0.05339	0.22990	0.42146	0.05485	0.00964	0.00267	0.00480	0.03499	0.00608	0.00598
14	0.01529	0.08528	0.01714	0.05600	0.01679	0.05032	0.01068	0.11349	0.01488	0.01986	0.01578	0.02534	0.01533	0.20792	0.16148	0.00524	0.15070	0.00713	0.00409	0.00726
15	0.01685	0.02089	0.12957	0.13480	0.14552	0.12208	0.01800	0.02184	0.06940	0.01986	0.01266	0.01653	0.01041	0.00853	0.01141	0.00240	0.22083	0.00590	0.00352	0.00900
16	0.01174	0.00618	0.00885	0.00885	0.00896	0.00612	0.00584	0.00924	0.00953	0.01259	0.01598	0.02587	0.04787	0.09504	0.02713	0.68071	0.00600	0.00689	0.00332	0.00329
17	0.01247	0.01200	0.04237	0.26827	0.18227	0.01207	0.01484	0.01617	0.01553	0.02082	0.13079	0.10145	0.12108	0.01088	0.00751	0.00230	0.00685	0.00970	0.00469	0.00794
18	0.73651	0.01335	0.01078	0.00946	0.01387	0.01518	0.00779	0.02169	0.01258	0.09116	0.01127	0.01242	0.00841	0.00667	0.00455	0.00216	0.00545	0.00406	0.00470	0.00793
19	0.01127	0.00920	0.01364	0.11434	0.01757	0.01056	0.03737	0.01330	0.01205	0.01661	0.04996	0.03189	0.05611	0.20310	0.26030	0.03623	0.08801	0.00838	0.00398	0.00612
20	0.00826	0.00703	0.00711	0.00716	0.00945	0.00588	0.00534	0.01000	0.01582	0.01881	0.06955	0.09141	0.68488	0.01782	0.00827	0.00237	0.00355	0.01491	0.00648	0.00588
21	0.01654	0.04129	0.04348	0.15830	0.36164	0.01540	0.04549	0.02035	0.01529	0.07480	0.01649	0.09445	0.01466	0.00845	0.00784	0.00224	0.04191	0.00766	0.00406	0.00964
22	0.80405	0.01350	0.01026	0.00918	0.01350	0.01565	0.00756	0.02051	0.01188	0.03131	0.00972	0.01134	0.00756	0.00648	0.00432	0.00216	0.00540	0.00378	0.00432	0.00756
23	0.01447	0.01240	0.01447	0.01034	0.01654	0.00930	0.00827	0.01757	0.01447	0.02274	0.01240	0.01447	0.01034	0.00517	0.00517	0.00103	0.00517	0.00413	0.00413	0.79742
24	0.01306	0.05035	0.07200	0.01244	0.01599	0.01146	0.04343	0.08747	0.01695	0.02296	0.10116	0.16381	0.15135	0.01494	0.03795	0.00265	0.04028	0.04598	0.00553	0.09027
25	0.62920	0.06900	0.01614	0.01197	0.01677	0.01696	0.08723	0.04250	0.01326	0.02958	0.01046	0.01238	0.00815	0.00643	0.00487	0.00213	0.00637	0.00438	0.00422	0.00802
26	0.01736	0.01499	0.01578	0.01420	0.01815	0.01736	0.01105	0.03708	0.69862	0.02919	0.02840	0.02604	0.02130	0.00947	0.00710	0.00237	0.00552	0.00789	0.00710	0.01105
27	0.01392	0.01177	0.01385	0.01015	0.01580	0.00898	0.00807	0.01704	0.01510	0.02337	0.09592	0.01899	0.01700	0.00626	0.00554	0.00117	0.00494	0.00515	0.00456	0.70240
28	0.00997	0.00748	0.01121	0.01121	0.01246	0.00872	0.00872	0.01246	0.01121	0.01620	0.01869	0.02741	0.01745	0.05234	0.72710	0.01121	0.01869	0.00748	0.00374	0.00623
29	0.01400	0.03610	0.71860	0.01989	0.03020	0.01621	0.02578	0.02210	0.01473	0.02210	0.01252	0.01473	0.00884	0.00663	0.00663	0.00221	0.01031	0.00516	0.00295	0.01031
30	0.60395	0.08860	0.03765	0.01188	0.04553	0.03933	0.00966	0.05390	0.01365	0.02936	0.01034	0.01200	0.00815	0.00654	0.00472	0.00208	0.00622	0.00407	0.00421	0.00817
31	0.80405	0.01350	0.01026	0.00918	0.01350	0.01565	0.00756	0.02051	0.01188	0.03131	0.00972	0.01134	0.00756	0.00648	0.00432	0.00216	0.00540	0.00378	0.00432	0.00756
32	0.01248	0.01163	0.01599	0.05143	0.04096	0.01451	0.01183	0.01452	0.01307	0.01835	0.07701	0.05809	0.17926	0.01704	0.07835	0.00346	0.36132	0.00923	0.00440	0.00708
33	0.01014	0.00681	0.00783	0.00783	0.00790	0.00688	0.00450	0.01029	0.01021	0.01369	0.02179	0.04458	0.02490	0.71298	0.07665	0.00703	0.00747	0.00999	0.00420	0.00435
34	0.01448	0.07960	0.05249	0.01466	0.04197	0.07255	0.07613	0.02103	0.15939	0.02204	0.10735	0.03613	0.14261	0.05679	0.03599	0.00284	0.00724	0.04312	0.00539	0.00819
35	0.00850	0.00607	0.00810	0.00972	0.01012	0.00567	0.00648	0.00972	0.01336	0.01781	0.03846	0.75020	0.04615	0.02186	0.00891	0.00283	0.00405	0.01984	0.00648	0.00567
36	0.02035	0.59915	0.06705	0.01261	0.01864	0.05013	0.01246	0.02292	0.01517	0.10823	0.01221	0.01306	0.01004	0.00640	0.00498	0.00163	0.00759	0.00426	0.00374	0.00937
37	0.00833	0.00707	0.00718	0.00716	0.00948	0.00593	0.00537	0.01017	0.01610	0.01931	0.10300	0.06640	0.67580	0.01750	0.00825	0.00235	0.00352	0.01462	0.00654	0.00593
38	0.01761	0.04034	0.01626	0.01512	0.07199	0.03945	0.01099	0.09342	0.21030	0.10262	0.12438	0.08666	0.06387	0.01141	0.00794	0.00231	0.02996	0.03945	0.00653	0.00939
39	0.00848	0.00708	0.00739	0.00731	0.00957	0.00599	0.00548	0.01046	0.01645	0.02014	0.16061	0.06504	0.61767	0.01719	0.00825	0.00233	0.00350	0.01443	0.00665	0.00599
40	0.01447	0.01240	0.01447	0.01034	0.01654	0.00930	0.00827	0.01757	0.01447	0.02274	0.01240	0.01447	0.01034	0.00517	0.00517	0.00103	0.00517	0.00413	0.00413	0.79742
41	0.04828	0.07028	0.22338	0.04252	0.06235	0.12659	0.08575	0.10840	0.01803	0.04328	0.01311	0.01522	0.00993	0.00670	0.00644	0.00196	0.00927	0.00540	0.00400	0.09909
42	0.01742	0.57194	0.17649	0.05041	0.02198	0.02464	0.01517	0.02099	0.01428	0.01766	0.01042	0.01230	0.00895	0.00616	0.00505	0.00168	0.00814	0.00415	0.00298	0.00917
43	0.00997	0.00748	0.01121	0.01121	0.01246	0.00872	0.00872	0.01246	0.01121	0.01620	0.01869	0.02741	0.01745	0.05234	0.72710	0.01121	0.01869	0.00748	0.00374	0.00623
44	0.01447	0.01240	0.01447	0.01034	0.01654	0.00930	0.00827	0.01757	0.01447	0.02274	0.01240	0.01447	0.01034	0.00517	0.00517	0.00103	0.00517	0.00413	0.00413	0.79742
45	0.00997	0.00748	0.01121	0.01121	0.01246	0.00872	0.00872	0.01246	0.01121	0.01620	0.01869	0.02741	0.01745	0.05234	0.72710	0.01121	0.01869	0.00748	0.00374	0.00623
46	0.02214	0.02734	0.12366	0.01816	0.02332	0.34807	0.07348	0.15114	0.05565	0.02463	0.05480	0.01727	0.01366	0.00776	0.00680	0.00202	0.01034	0.00591	0.00456	0.00931
47	0.01447	0.01240	0.01447	0.01034	0.01654	0.00930	0.00827	0.01757	0.01447	0.02274	0.01240	0.01447	0.01034	0.00517	0.00517	0.00103	0.00517	0.00413	0.00413	0.79742
48	0.01447	0.01240	0.01447	0.01034	0.01654	0.00930	0.00827	0.01757	0.01447	0.02274	0.01240	0.01447	0.01034	0.00517	0.00517	0.00103	0.00517	0.00413	0.00413	0.79742
49	0.01708	0.01520	0.02550	0.09924	0.55757	0.01536	0.01955	0.02112	0.01614	0.05933	0.05050	0.02153	0.01501	0.00725	0.00708	0.00214	0.00793	0.02802	0.00401	0.01043
50	0.00928	0.00733	0.00851	0.00886	0.01091	0.00656	0.00707	0.01166	0.01651	0.02073	0.15524	0.06802	0.43644	0.01760	0.00861	0.00256	0.00427	0.18705	0.00664	0.00613
51	0.01735	0.01702	0.02767	0.09740	0.48906	0.04266	0.07823	0.04601	0.01613	0.02244	0.01288	0.01717	0.01067	0.00685	0.00830	0.00219	0.06783	0.00632	0.00354	0.01028
52	0.01015	0.00677	0.00761	0.00761	0.00761	0.00677	0.00423	0.01015	0.01015	0.01353	0.02199	0.04567	0.02537	0.75476	0.03552	0.00677	0.00677	0.01015	0.00423	0.00423
53	0.01394	0.15082	0.17252	0.01295	0.01766	0.06982	0.02902	0.01751	0.01609	0.03968	0.14012	0.11890	0.15058	0.01170	0.00710	0.00215	0.00675	0.00972	0.00502	0.00793
54	0.01736	0.01499	0.01578	0.01420	0.01815	0.01736	0.01105	0.03708	0.69862	0.02919	0.02840	0.02604	0.02130	0.00947	0.00710	0.00237	0.00552	0.00789	0.00710	0.01105
55	0.01643	0.01572	0.02680	0.18626	0.57440	0.01636	0.02100	0.02068	0.01549	0.02177	0.01298	0.01755	0.01069	0.00637	0.00692	0.00212	0.00850	0.00621	0.00338	0.01037
56	0.00906	0.00748	0.00800	0.00780	0.01008	0.00661	0.00587	0.01205	0.05054	0.02137	0.20886	0.06181	0.53288	0.01652	0.00819	0.00232	0.00358	0.01392	0.00678	0.00630
57	0.01212	0.00606	0.00909	0.00909	0.00909	0.00606	0.00606	0.00909	0.00909	0.01212	0.01212	0.02121	0.01212	0.02424	0.02727	0.79697	0.00606	0.00606	0.00303	0.00303
58	0.01527	0.01527	0.02137	0.01832	0.01832	0.02137	0.01527	0.01679	0.01069	0.01679	0.00916	0.01527	0.00916	0.01221	0.02290	0.00305	0.74198	0.00611	0.00305	0.00763
59	0.01447	0.01240	0.01447	0.01034	0.01654	0.00930	0.00827	0.01757	0.01447	0.02274	0.01240	0.01447	0.01034	0.00517	0.00517	0.00103	0.00517	0.00413	0.00413	0.79742
60	0.02607	0.03326	0.01978	0.01798	0.02157	0.72674	0.01348	0.02787	0.01978	0.01708	0.01079	0.01258	0.00899	0.00719	0.00629	0.00180	0.01258	0.00449	0.00360	0.00809
61	0.00854	0.00708	0.00747	0.00738	0.00960	0.00602	0.00553	0.01058	0.01659	0.02049	0.18471	0.06447	0.59335	0.01706	0.00824	0.00233	0.00349	0.01435	0.00670	0.00602
62	0.02653	0.01955	0.02094	0.01606	0.02164	0.02164	0.01326	0.68796	0.03281	0.04398	0.01675	0.01675	0.01187	0.00838	0.00698	0.00209	0.00768	0.00628	0.00698	0.01187
63	0.02653	0.01955	0.02094	0.01606	0.02164	0.02164	0.01326	0.68796	0.03281	0.04398	0.01675	0.01675	0.01187	0.00838	0.00698	0.00209	0.00768	0.00628	0.00698	0.01187
64	0.01576	0.02378	0.23542	0.02668	0.03467	0.01723	0.49660	0.02228	0.01597	0.02228	0.01366	0.01765	0.01009	0.00610	0.00777	0.00231	0.01135	0.00735	0.00336	0.00967
65	0.01736	0.01499	0.01578	0.01420	0.01815	0.01736	0.01105	0.03708	0.69862	0.02919	0.02840	0.02604	0.02130	0.00947	0.00710	0.00237	0.00552	0.00789	0.00710	0.01105
66	0.80405	0.01350	0.01026	0.00918	0.01350	0.01565	0.00756	0.02051	0.01188	0.03131	0.00972	0.01134	0.00756	0.00648	0.00432	0.00216	0.00540	0.00378	0.00432	0.00756
67	0.02956	0.01154	0.01576	0.01245	0.01752	0.01006	0.01034	0.03230	0.01963	0.65530	0.02835	0.02856	0.01927	0.00957	0.00725	0.00225	0.00598	0.06446	0.00844	0.01140
68	0.00825	0.00707	0.00707	0.00707	0.00943	0.00589	0.00530	0.01001	0.01591	0.01885	0.07069	0.06716	0.70839	0.01767	0.00825	0.00236	0.00353	0.01473	0.00648	0.00589
69	0.01301	0.00650	0.00650	0.00650	0.00813	0.00650	0.00488	0.01626	0.01463	0.02602	0.02276	0.02602	0.01789	0.00813	0.00488	0.00163	0.00325	0.00650	0.79350	0.00650
70	0.00850	0.00607	0.00810	0.00972	0.01012	0.00567	0.00648	0.00972	0.01336	0.01781	0.03846	0.75020	0.04615	0.02186	0.00891	0.00283	0.00405	0.01984	0.00648	0.00567
71	0.01889	0.73635	0.03604	0.01213	0.01802	0.04939	0.01199	0.02111	0.01435	0.01644	0.00974	0.01124	0.00896	0.00601	0.00453	0.00150	0.00762	0.00376	0.00300	0.00893
72	0.00850	0.00708	0.00742	0.00733	0.00958	0.00600	0.00550	0.01050	0.01650	0.02026	0.16911	0.06483	0.60910	0.01715	0.00824	0.00233	0.00350	0.01440	0.00667	0.00600
73	0.00850	0.00607	0.00810	0.00972	0.01012	0.00567	0.00648	0.00972	0.01336	0.01781	0.03846	0.75020	0.04615	0.02186	0.00891	0.00283	0.00405	0.01984	0.00648	0.00567
74	0.01723	0.01669	0.02898	0.04215	0.67700	0.01663	0.05512	0.02146	0.01592	0.02278	0.01318	0.01735	0.01103	0.00620	0.00698	0.00209	0.00847	0.00632	0.00346	0.01097
75	0.02381	0.13248	0.02213	0.01622	0.01994	0.33879	0.01311	0.08209	0.01847	0.11578	0.01316	0.01476	0.01040	0.00821	0.00915	0.00205	0.14088	0.00517	0.00439	0.00898
76	0.01654	0.03254	0.61546	0.01879	0.02838	0.01533	0.02350	0.02385	0.01550	0.12400	0.01473	0.01606	0.01008	0.00692	0.00669	0.00220	0.00967	0.00543	0.00378	0.01054
77	0.01212	0.00606	0.00909	0.00909	0.00909	0.00606	0.00606	0.00909	0.00909	0.01212	0.01212	0.02121	0.01212	0.02424	0.02727	0.79697	0.00606	0.00606	0.00303	0.00303
78	0.02653	0.01955	0.02094	0.01606	0.02164	0.02164	0.01326	0.68796	0.03281	0.04398	0.01675	0.01675	0.01187	0.00838	0.00698	0.00209	0.00768	0.00628	0.00698	0.01187
79	0.01447	0.01240	0.01447	0.01034	0.01654	0.00930	0.00827	0.01757	0.01447	0.02274	0.01240	0.01447	0.01034	0.00517	0.00517	0.00103	0.00517	0.00413	0.00413	0.79742
80	0.03131	0.01188	0.01619	0.01242	0.01781	0.01026	0.01026	0.03401	0.01997	0.71606	0.02753	0.02375	0.01727	0.00864	0.00702	0.00216	0.00594	0.00702	0.00864	0.01188
81	0.00849	0.00612	0.00805	0.00958	0.01009	0.00568	0.00642	0.00973	0.01349	0.01787	0.04010	0.71555	0.07975	0.02165	0.00887	0.00281	0.00402	0.01958	0.00648	0.00568
82	0.01803	0.01532	0.01616	0.01434	0.01840	0.01767	0.01121	0.08483	0.64978	0.03028	0.02755	0.02535	0.02061	0.00939	0.00709	0.00235	0.00568	0.00777	0.00709	0.01111
83	0.00829	0.00689	0.00726	0.00755	0.00955	0.00585	0.00552	0.00996	0.01544	0.01866	0.06479	0.19223	0.58713	0.01844	0.00837	0.00244	0.00363	0.01566	0.00648	0.00585
84	0.01318	0.01240	0.02093	0.73798	0.04806	0.01550	0.01938	0.01783	0.01395	0.01783	0.01240	0.01860	0.00930	0.00698	0.00698	0.00233	0.00930	0.00620	0.00310	0.00775
85	0.01736	0.01499	0.01578	0.01420	0.01815	0.01736	0.01105	0.03708	0.69862	0.02919	0.02840	0.02604	0.02130	0.00947	0.00710	0.00237	0.00552	0.00789	0.00710	0.01105
86	0.02624	0.01130	0.01492	0.01192	0.01652	0.01022	0.00967	0.03053	0.07925	0.53246	0.14973	0.02905	0.02635	0.00972	0.00724	0.00218	0.00543	0.00810	0.00833	0.01085
87	0.00865	0.00618	0.00827	0.00989	0.01035	0.00580	0.00673	0.00997	0.01351	0.01798	0.03838	0.71408	0.04583	0.02172	0.00895	0.00285	0.00418	0.05450	0.00647	0.00571
88	0.00847	0.00619	0.00797	0.00940	0.01004	0.00569	0.00634	0.00975	0.01366	0.01794	0.04232	0.66852	0.12535	0.02136	0.00883	0.00278	0.00399	0.01923	0.00648	0.00569
89	0.02653	0.01955	0.02094	0.01606	0.02164	0.02164	0.01326	0.68796	0.03281	0.04398	0.01675	0.01675	0.01187	0.00838	0.00698	0.00209	0.00768	0.00628	0.00698	0.01187
90	0.00834	0.00707	0.00720	0.00717	0.00949	0.00593	0.00538	0.01020	0.01613	0.01939	0.10857	0.06626	0.67018	0.01747	0.00825	0.00235	0.00352	0.01460	0.00655	0.00593
91	0.01632	0.01985	0.08147	0.02885	0.03610	0.01756	0.64662	0.02234	0.01637	0.02234	0.01402	0.01858	0.01048	0.00593	0.00814	0.00234	0.01168	0.00805	0.00349	0.00947
92	0.03131	0.01188	0.01619	0.01242	0.01781	0.01026	0.01026	0.03401	0.01997	0.71606	0.02753	0.02375	0.01727	0.00864	0.00702	0.00216	0.00594	0.00702	0.00864	0.01188
93	0.00909	0.00649	0.00877	0.01039	0.01105	0.00617	0.00750	0.01073	0.01394	0.01847	0.03814	0.60632	0.04487	0.02131	0.00906	0.00292	0.00456	0.15792	0.00647	0.00583
94	0.00868	0.00620	0.00830	0.00991	0.01040	0.00582	0.00678	0.01002	0.01353	0.01801	0.03837	0.70775	0.04577	0.02170	0.00895	0.00286	0.00420	0.06057	0.00647	0.00572
95	0.02808	0.01706	0.01940	0.01487	0.02040	0.01795	0.01229	0.47577	0.02864	0.26205	0.02025	0.01902	0.01362	0.00846	0.00699	0.00212	0.00711	0.00652	0.00752	0.01187
96	0.02428	0.28746	0.02310	0.01198	0.01722	0.01720	0.01060	0.06291	0.04267	0.33666	0.01999	0.01902	0.01411	0.00763	0.00589	0.00187	0.00634	0.00575	0.07501	0.01030
97	0.01447	0.01240	0.01447	0.01034	0.01654	0.00930	0.00827	0.01757	0.01447	0.02274	0.01240	0.01447	0.01034	0.00517	0.00517	0.00103	0.00517	0.00413	0.00413	0.79742
98	0.01342	0.02776	0.48304	0.01868	0.02674	0.01432	0.10312	0.02022	0.01602	0.02339	0.16164	0.02325	0.02127	0.00817	0.00717	0.00222	0.00899	0.00714	0.00403	0.00940
99	0.01447	0.01240	0.01447	0.01034	0.01654	0.00930	0.00827	0.01757	0.01447	0.02274	0.01240	0.01447	0.01034	0.00517	0.00517	0.00103	0.00517	0.00413	0.00413	0.79742
100	0.01930	0.56039	0.03123	0.01268	0.01815	0.06276	0.01180	0.02462	0.13572	0.04491	0.01373	0.01436	0.01145	0.00675	0.00513	0.00169	0.00734	0.00463	0.00396	0.00939
101	0.01884	0.68805	0.06729	0.01252	0.01867	0.02678	0.01265	0.05479	0.01515	0.01808	0.01019	0.01164	0.00910	0.00612	0.00470	0.00156	0.00761	0.00393	0.00319	0.00917
102	0.01447	0.01240	0.01447	0.01034	0.01654	0.00930	0.00827	0.01757	0.01447	0.02274	0.01240	0.01447	0.01034	0.00517	0.00517	0.00103	0.00517	0.00413	0.00413	0.79742
103	0.01647	0.01882	0.04118	0.02941	0.03647	0.01765	0.68588	0.02235	0.01647	0.02235	0.01412	0.01882	0.01059	0.00588	0.00824	0.00235	0.01176	0.00824	0.00353	0.00941
104	0.01866	0.75896	0.03657	0.01194	0.01791	0.02761	0.01194	0.02090	0.01418	0.01642	0.00970	0.01119	0.00896	0.00597	0.00448	0.00149	0.00746	0.00373	0.00299	0.00896
105	0.03131	0.01188	0.01619	0.01242	0.01781	0.01026	0.01026	0.03401	0.01997	0.71606	0.02753	0.02375	0.01727	0.00864	0.00702	0.00216	0.00594	0.00702	0.00864	0.01188
106	0.01401	0.02996	0.52283	0.02070	0.02946	0.01549	0.14276	0.02109	0.01504	0.02185	0.01544	0.05826	0.01274	0.00795	0.00719	0.00232	0.01004	0.03975	0.00342	0.00970
107	0.00988	0.00713	0.00933	0.00878	0.01043	0.00658	0.00658	0.01317	0.01975	0.02798	0.70754	0.05213	0.06584	0.01427	0.00823	0.00219	0.00329	0.01262	0.00768	0.00658
108	0.03131	0.01188	0.01619	0.01242	0.01781	0.01026	0.01026	0.03401	0.01997	0.71606	0.02753	0.02375	0.01727	0.00864	0.00702	0.00216	0.00594	0.00702	0.00864	0.01188
109	0.04723	0.01858	0.02357	0.02913	0.36758	0.09796	0.01686	0.17528	0.04516	0.08806	0.01539	0.01731	0.01181	0.00716	0.00679	0.00207	0.00824	0.00609	0.00489	0.01086
110	0.01068	0.00763	0.01060	0.01220	0.01356	0.00754	0.01026	0.01348	0.01551	0.02025	0.03726	0.21726	0.04140	0.01981	0.00949	0.00313	0.00594	0.53130	0.00644	0.00627
111	0.01023	0.00736	0.01054	0.01089	0.01209	0.00818	0.00848	0.01266	0.01221	0.01744	0.02311	0.08842	0.02314	0.07527	0.49841	0.00870	0.01442	0.10100	0.05131	0.00614
112	0.01452	0.01364	0.02259	0.15063	0.40243	0.01392	0.04159	0.01829	0.01552	0.02106	0.02413	0.05295	0.12031	0.00940	0.00741	0.00226	0.00761	0.04841	0.00414	0.00919
113	0.01733	0.02525	0.27807	0.26138	0.03370	0.12113	0.01998	0.11928	0.01787	0.02313	0.01285	0.01602	0.00946	0.00709	0.00675	0.00217	0.00992	0.00558	0.00369	0.00935
114	0.02317	0.16094	0.02310	0.01684	0.02044	0.46114	0.01346	0.05847	0.01809	0.01828	0.01065	0.01294	0.00915	0.00777	0.00844	0.00194	0.11855	0.00468	0.00358	0.00837
115	0.01208	0.01035	0.01456	0.01470	0.07470	0.01157	0.01052	0.01443	0.01229	0.01785	0.02005	0.02671	0.07242	0.06624	0.33934	0.00654	0.15247	0.00740	0.00389	0.11189
116	0.06166	0.12662	0.12018	0.01836	0.06402	0.08447	0.10318	0.18283	0.01961	0.02678	0.01306	0.01499	0.01011	0.00667	0.00628	0.00188	0.00857	0.00542	0.00434	0.12098
117	0.01178	0.02052	0.32410	0.01681	0.05108	0.01150	0.05605	0.01644	0.01426	0.02019	0.02448	0.35061	0.02606	0.01352	0.00778	0.00250	0.00745	0.01208	0.00461	0.00817
118	0.01043	0.00738	0.00896	0.00878	0.00896	0.00792	0.00554	0.01088	0.01034	0.01412	0.02074	0.04118	0.02324	0.60745	0.13632	0.00720	0.05225	0.00952	0.00409	0.00472
119	0.01477	0.08104	0.15511	0.01311	0.01746	0.04799	0.03613	0.01820	0.01614	0.10327	0.12134	0.14675	0.14800	0.01243	0.00800	0.00228	0.03397	0.01040	0.00551	0.00811
120	0.01857	0.01973	0.09177	0.14921	0.24099	0.11292	0.07634	0.08026	0.01775	0.06394	0.01680	0.01962	0.04603	0.00741	0.00701	0.00214	0.00912	0.00654	0.00414	0.00973
121	0.01735	0.01508	0.01653	0.01590	0.05937	0.01731	0.01166	0.03615	0.65801	0.02881	0.02749	0.02551	0.02069	0.00927	0.00709	0.00235	0.00569	0.00779	0.00688	0.01105
122	0.03131	0.01188	0.01619	0.01242	0.01781	0.01026	0.01026	0.03401	0.01997	0.71606	0.02753	0.02375	0.01727	0.00864	0.00702	0.00216	0.00594	0.00702	0.00864	0.01188

[dist]
# distance from previous block
# <min> <max>
0	11

[block]
# block no. 2 follows, 30 sequences, length 10
# corresponding to MSA columns:
# 183-192
name=unknown_C
#
# <colnr> <probs for GDERKNQSTAVLIFYWHMCP>
#	G	D	E	R	K	N	Q	S	T	A	V	L	I	F	Y	W	H	M	C	P
0	0.01776	0.01574	0.02425	0.27760	0.34057	0.01725	0.01904	0.15690	0.01869	0.02543	0.01362	0.01763	0.01062	0.00692	0.00695	0.00216	0.00851	0.00623	0.00406	0.01008
1	0.01413	0.01323	0.04861	0.01440	0.01719	0.04546	0.08131	0.11194	0.04695	0.02385	0.09568	0.30923	0.03220	0.01477	0.00912	0.00255	0.05343	0.05231	0.00587	0.00778
2	0.01212	0.00606	0.00909	0.00909	0.00909	0.00606	0.00606	0.00909	0.00909	0.01212	0.01212	0.02121	0.01212	0.02424	0.02727	0.79697	0.00606	0.00606	0.00303	0.00303
3	0.01650	0.01428	0.01596	0.09014	0.02086	0.01656	0.01167	0.03371	0.58834	0.02793	0.06489	0.02672	0.02254	0.00947	0.00715	0.00235	0.00580	0.00798	0.00671	0.01045
4	0.01888	0.09762	0.13490	0.02225	0.17293	0.04723	0.08504	0.09081	0.06417	0.09929	0.05139	0.02144	0.04728	0.00789	0.00688	0.00210	0.00810	0.00683	0.00485	0.01013
5	0.01804	0.01604	0.01592	0.01451	0.01821	0.08221	0.01149	0.08939	0.47520	0.02810	0.02704	0.03189	0.02217	0.01063	0.00740	0.00242	0.00650	0.10602	0.00666	0.01015
6	0.01012	0.00688	0.00819	0.00819	0.00840	0.00708	0.00496	0.01052	0.01032	0.01396	0.02145	0.04271	0.02409	0.64115	0.14738	0.00749	0.00869	0.00972	0.00415	0.00455
7	0.03131	0.01188	0.01619	0.01242	0.01781	0.01026	0.01026	0.03401	0.01997	0.71606	0.02753	0.02375	0.01727	0.00864	0.00702	0.00216	0.00594	0.00702	0.00864	0.01188
8	0.01830	0.01569	0.02316	0.15334	0.17843	0.04969	0.10151	0.05583	0.12749	0.09624	0.01852	0.02341	0.01471	0.00835	0.00801	0.00232	0.04149	0.04885	0.00488	0.00978
9	0.07991	0.14539	0.06297	0.04141	0.08931	0.14592	0.03647	0.09215	0.01746	0.05920	0.01312	0.01524	0.01046	0.00876	0.03958	0.00224	0.00883	0.00511	0.00418	0.12228

[dist]
# distance from previous block
# <min> <max>
3	25

[block]
# block no. 3 follows, 30 sequences, length 30
# corresponding to MSA columns:
# 218-247
name=unknown_D
#
# <colnr> <probs for GDERKNQSTAVLIFYWHMCP>
#	G	D	E	R	K	N	Q	S	T	A	V	L	I	F	Y	W	H	M	C	P
0	0.01535	0.01452	0.02390	0.06608	0.54613	0.01445	0.01823	0.01904	0.01574	0.02179	0.02342	0.04522	0.12884	0.00859	0.00719	0.00215	0.00742	0.00801	0.00403	0.00990
1	0.00898	0.00704	0.00812	0.00796	0.00990	0.00618	0.00593	0.01138	0.01746	0.02280	0.34849	0.09709	0.39095	0.01640	0.00828	0.00231	0.00346	0.01408	0.00701	0.00618
2	0.01817	0.05721	0.02679	0.17690	0.35033	0.09479	0.07493	0.07662	0.01728	0.02254	0.01293	0.01680	0.01039	0.00662	0.00684	0.00209	0.00916	0.00607	0.00367	0.00988
3	0.01574	0.01493	0.02189	0.14489	0.36606	0.05240	0.01707	0.02139	0.10137	0.02178	0.01890	0.11711	0.01749	0.00927	0.00726	0.00227	0.00771	0.02859	0.00436	0.00951
4	0.00860	0.00639	0.00779	0.00885	0.00970	0.00583	0.00596	0.00983	0.01368	0.01765	0.04492	0.51035	0.20991	0.09244	0.01134	0.00310	0.00419	0.01761	0.00626	0.00558
5	0.01317	0.01033	0.01178	0.01156	0.01388	0.01106	0.00855	0.02283	0.31768	0.04351	0.09192	0.31290	0.07202	0.01513	0.00796	0.00253	0.00466	0.01330	0.00692	0.00831
6	0.01551	0.27029	0.49764	0.01731	0.02622	0.01990	0.02130	0.02171	0.01455	0.02026	0.01161	0.01359	0.00888	0.00642	0.00593	0.00198	0.00939	0.00469	0.00296	0.00987
7	0.01071	0.00786	0.01050	0.01183	0.01356	0.00765	0.01019	0.01367	0.01604	0.02052	0.04294	0.07666	0.15874	0.01899	0.00939	0.00306	0.00591	0.54900	0.00644	0.00633
8	0.80405	0.01350	0.01026	0.00918	0.01350	0.01565	0.00756	0.02051	0.01188	0.03131	0.00972	0.01134	0.00756	0.00648	0.00432	0.00216	0.00540	0.00378	0.00432	0.00756
9	0.00956	0.00686	0.00744	0.00744	0.00817	0.00649	0.00456	0.01011	0.01194	0.01518	0.03712	0.05234	0.23754	0.52580	0.02705	0.00540	0.00576	0.01157	0.00493	0.00474
10	0.03495	0.25465	0.07625	0.01381	0.01911	0.05023	0.01255	0.06656	0.17066	0.11408	0.01711	0.01731	0.01309	0.00765	0.00684	0.00195	0.04703	0.00556	0.00503	0.06558
11	0.01521	0.02403	0.34989	0.24128	0.11438	0.01556	0.02164	0.03755	0.01532	0.05805	0.01418	0.03716	0.01080	0.00726	0.00686	0.00224	0.00930	0.00613	0.00355	0.00961
12	0.05998	0.38484	0.28943	0.01482	0.02228	0.02123	0.01676	0.02243	0.01475	0.07828	0.01226	0.01359	0.00954	0.00647	0.00549	0.00185	0.00829	0.00455	0.00352	0.00964
13	0.01840	0.01679	0.02807	0.06171	0.10195	0.04170	0.29476	0.08496	0.10924	0.08298	0.01992	0.05373	0.03590	0.00804	0.00762	0.00228	0.00899	0.00817	0.00495	0.00983
14	0.02590	0.01071	0.01429	0.01136	0.01591	0.00929	0.00923	0.02859	0.01954	0.54654	0.13194	0.03217	0.09198	0.01035	0.00732	0.00218	0.00531	0.00860	0.00829	0.01051
15	0.01263	0.01250	0.05606	0.21614	0.15847	0.01217	0.01425	0.01741	0.05904	0.02149	0.13776	0.06393	0.12634	0.01288	0.04661	0.00276	0.00735	0.00925	0.00486	0.00810
16	0.01686	0.03763	0.15862	0.05671	0.18406	0.05677	0.05231	0.05874	0.08348	0.06132	0.14056	0.02394	0.02159	0.00838	0.00710	0.00215	0.00783	0.00732	0.00492	0.00972
17	0.02734	0.01225	0.01833	0.07979	0.02171	0.01119	0.07110	0.03053	0.01882	0.55291	0.02469	0.02297	0.01598	0.00821	0.00701	0.00216	0.00662	0.00702	0.05037	0.01099
18	0.00983	0.00759	0.01048	0.01273	0.07329	0.00697	0.00797	0.01148	0.01369	0.01871	0.03382	0.61767	0.03975	0.01894	0.00839	0.00260	0.00453	0.01719	0.00599	0.07837
19	0.01547	0.02045	0.21523	0.07880	0.16337	0.01501	0.13327	0.05815	0.03339	0.04226	0.02195	0.02639	0.09203	0.00863	0.00738	0.00228	0.00871	0.04345	0.00424	0.00954
20	0.01808	0.07895	0.08974	0.12114	0.36310	0.08314	0.01881	0.05736	0.01691	0.04390	0.03496	0.01755	0.01222	0.00687	0.00669	0.00205	0.00868	0.00599	0.00382	0.01005
21	0.02258	0.02198	0.02271	0.02040	0.08497	0.27864	0.10915	0.08090	0.01865	0.11425	0.01464	0.01680	0.01125	0.00789	0.00880	0.00212	0.10234	0.00598	0.04671	0.00923
22	0.18100	0.11372	0.01935	0.05364	0.04432	0.30590	0.01219	0.02214	0.01566	0.02020	0.01299	0.08015	0.01219	0.00861	0.00736	0.00207	0.07081	0.00594	0.00385	0.00792
23	0.15152	0.00830	0.01101	0.01212	0.07254	0.00868	0.00769	0.01220	0.01019	0.01644	0.01179	0.01913	0.01123	0.01952	0.02143	0.58657	0.00614	0.00567	0.00329	0.00454
24	0.01911	0.54893	0.03446	0.01695	0.08319	0.09917	0.07312	0.02181	0.01513	0.01760	0.01052	0.01258	0.00930	0.00611	0.00523	0.00165	0.00846	0.00444	0.00314	0.00910
25	0.01507	0.02409	0.31397	0.01645	0.02225	0.07860	0.01719	0.02341	0.15514	0.02274	0.08943	0.02201	0.01825	0.01271	0.07395	0.00310	0.07119	0.00674	0.00444	0.00927
26	0.01772	0.01891	0.07596	0.01720	0.08058	0.12312	0.01296	0.03058	0.41498	0.02477	0.02246	0.02406	0.01785	0.07658	0.00951	0.00264	0.00735	0.00720	0.00564	0.00992
27	0.01385	0.01116	0.01242	0.01154	0.01371	0.07295	0.03234	0.05254	0.07480	0.05981	0.22087	0.22348	0.06048	0.08204	0.01053	0.00278	0.00557	0.02541	0.00644	0.00728
28	0.02783	0.01369	0.07982	0.01299	0.01847	0.01066	0.01154	0.03100	0.01871	0.59029	0.02537	0.02326	0.01652	0.01235	0.07126	0.00297	0.00748	0.00689	0.00768	0.01123
29	0.01115	0.00864	0.01192	0.01127	0.01344	0.00811	0.06871	0.01469	0.07592	0.05653	0.04435	0.37730	0.23606	0.01735	0.00839	0.00257	0.00483	0.01551	0.00638	0.00688

[dist]
# distance from previous block
# <min> <max>
5	158

# created by:
# /home/berkeley/.conda/envs/busco_data_prod/bin/msa2prfl.pl pipeline/OGs_align_augustus/5794/68846.fs
